condition,phase,family,metric_horizon,alpha,c_upd,seed,update,update_u,update_counter,opt_step,energy_E_pre,energy_E_raw,energy_E_post,funding_z,funding_g,funding_income,support_s,debt_charge,debt_level_pre,debt_level_post,episode_return_end_mean,episode_len_end_mean,terminal_min_dists_end_mean,terminal_dbar_end,terminal_occupied_end_mean,terminal_CSR_train,terminal_done_count_end,vartd_VarTD,actor_loss,critic_loss,entropy,total_loss,ratio0,eval_return_end_mean_cp,eval_csr_cp,eval_dbar_end_cp,eval_checkpoint_flag
edge_full__support__t1m__a0p10__c1p00,extension_full,support,full,0.1,1.0,45,0,1.0,1,16,1.0,0.028803214,0.028803214,1.0246428,0.094483756,0.028803214,0.019354839,0.0,0.0,0.0,-27.700073,26.0,2.2542593,0.7514198,0.17999999,0.01,100,0.15631418,-0.0008295818,54.401306,1.6092937,27.183731,1.0,,,,0
edge_full__support__t1m__a0p10__c1p00,extension_full,support,full,0.1,1.0,45,1,0.0,1,16,0.028803214,0.0593044,0.0593044,0.9528673,0.111463495,0.030501189,0.019354839,0.0,0.0,0.0,-25.899277,26.000002,2.09635,0.69878334,0.14400001,0.0,125,0.1316319,,,,,,,,,0
edge_full__support__t1m__a0p10__c1p00,extension_full,support,full,0.1,1.0,45,2,0.0,1,16,0.0593044,0.08683602,0.08683602,1.0874178,0.08176777,0.027531616,0.019354839,0.0,0.0,0.0,-27.948994,26.000002,2.3923671,0.7974557,0.128,0.0,125,0.16858323,,,,,,,,,0
edge_full__support__t1m__a0p10__c1p00,extension_full,support,full,0.1,1.0,45,3,0.0,1,16,0.08683602,0.11528487,0.11528487,1.0412444,0.090940125,0.028448852,0.019354839,0.0,0.0,0.0,-27.273092,26.000002,2.2907834,0.7635945,0.14400001,0.0,125,0.14253101,,,,,,,,,0
edge_full__support__t1m__a0p10__c1p00,extension_full,support,full,0.1,1.0,45,4,0.0,1,16,0.11528487,0.14389677,0.14389677,1.0335265,0.09257067,0.028611906,0.019354839,0.0,0.0,0.0,-27.671612,26.000002,2.2738037,0.7579346,0.120000005,0.0,125,0.13831678,,,,,,,,,0
edge_full__support__t1m__a0p10__c1p00,extension_full,support,full,0.1,1.0,45,5,0.0,1,16,0.14389677,0.17186464,0.17186464,1.0648443,0.086130254,0.027967865,0.019354839,0.0,0.0,0.0,-27.563852,26.000002,2.342704,0.7809014,0.16800001,0.0,125,0.14569679,,,,,,,,,0
edge_full__support__t1m__a0p10__c1p00,extension_full,support,full,0.1,1.0,45,6,0.0,1,16,0.17186464,0.20098424,0.20098424,1.0103387,0.09764754,0.029119592,0.019354839,0.0,0.0,0.0,-27.10991,26.000002,2.2227895,0.74092984,0.18400002,0.0,125,0.13615064,,,,,,,,,0
edge_full__support__t1m__a0p10__c1p00,extension_full,support,full,0.1,1.0,45,7,0.0,1,16,0.20098424,0.22938068,0.22938068,1.0437547,0.09041599,0.028396439,0.019354839,0.0,0.0,0.0,-26.76342,26.000002,2.2963061,0.7654354,0.128,0.0,125,0.12846215,,,,,,,,,0
edge_full__support__t1m__a0p10__c1p00,extension_full,support,full,0.1,1.0,45,8,0.0,1,16,0.22938068,0.25879052,0.25879052,0.9976178,0.10055003,0.029409843,0.019354839,0.0,0.0,0.0,-26.06033,26.000002,2.194803,0.731601,0.15200001,0.0,125,0.13928099,,,,,,,,,0
edge_full__support__t1m__a0p10__c1p00,extension_full,support,full,0.1,1.0,45,9,0.0,1,16,0.25879052,0.28852838,0.28852838,0.98367625,0.10383022,0.02973786,0.019354839,0.0,0.0,0.0,-26.827393,26.000002,2.164131,0.721377,0.192,0.0,125,0.14175478,,,,,,,,,0
edge_full__support__t1m__a0p10__c1p00,extension_full,support,full,0.1,1.0,45,10,0.0,1,16,0.28852838,0.31852755,0.31852755,0.97288185,0.10644325,0.029999163,0.019354839,0.0,0.0,0.0,-25.938858,26.000002,2.1403828,0.7134609,0.16800001,0.0,125,0.13378157,,,,,,,,,0
edge_full__support__t1m__a0p10__c1p00,extension_full,support,full,0.1,1.0,45,11,0.0,1,16,0.31852755,0.34730583,0.34730583,1.02579,0.09423452,0.028778292,0.019354839,0.0,0.0,0.0,-27.885075,26.000002,2.256783,0.75226104,0.17600001,0.0,125,0.16882539,,,,,,,,,0
edge_full__support__t1m__a0p10__c1p00,extension_full,support,full,0.1,1.0,45,12,0.0,1,16,0.34730583,0.37587148,0.37587148,1.0357018,0.0921082,0.02856566,0.019354839,0.0,0.0,0.0,-27.144966,26.000002,2.2785892,0.75952977,0.17600001,0.0,125,0.13760926,,,,,,,,,0
edge_full__support__t1m__a0p10__c1p00,extension_full,support,full,0.1,1.0,45,13,0.0,1,16,0.37587148,0.40476885,0.40476885,1.0203357,0.095425464,0.028897386,0.019354839,0.0,0.0,0.0,-27.148764,26.0,2.2447834,0.74826115,0.099999994,0.0,100,0.13621025,,,,,,,,,0
edge_full__support__t1m__a0p10__c1p00,extension_full,support,full,0.1,1.0,45,14,0.0,1,16,0.40476885,0.43280843,0.43280843,1.0612438,0.08684727,0.028039567,0.019354839,0.0,0.0,0.0,-27.02675,26.000002,2.3347828,0.77826095,0.128,0.0,125,0.13397509,,,,,,,,,0
edge_full__support__t1m__a0p10__c1p00,extension_full,support,full,0.1,1.0,45,15,0.0,1,16,0.43280843,0.46160865,0.46160865,1.0247799,0.09445394,0.028800234,0.019354839,0.0,0.0,0.0,-26.793821,26.000002,2.254561,0.75152034,0.16800001,0.0,125,0.16938666,,,,,,,,,0
edge_full__support__t1m__a0p10__c1p00,extension_full,support,full,0.1,1.0,45,16,0.0,1,16,0.46160865,0.4906798,0.4906798,1.0124992,0.09716298,0.029071137,0.019354839,0.0,0.0,0.0,-26.98844,26.000002,2.2275429,0.7425143,0.136,0.0,125,0.14687498,,,,,,,,,0
edge_full__support__t1m__a0p10__c1p00,extension_full,support,full,0.1,1.0,45,17,0.0,1,16,0.4906798,0.5200039,0.5200039,1.001337,0.099692605,0.0293241,0.019354839,0.0,0.0,0.0,-26.973665,26.000002,2.2029855,0.7343285,0.224,0.008,125,0.15774994,,,,,,,,,0
edge_full__support__t1m__a0p10__c1p00,extension_full,support,full,0.1,1.0,45,18,0.0,1,16,0.5200039,0.5490958,0.5490958,1.0115726,0.097370505,0.02909189,0.019354839,0.0,0.0,0.0,-26.600735,26.000002,2.2255042,0.74183476,0.15200001,0.0,125,0.14146627,,,,,,,,,0
edge_full__support__t1m__a0p10__c1p00,extension_full,support,full,0.1,1.0,45,19,0.0,1,16,0.5490958,0.5774294,0.5774294,1.0467823,0.089787886,0.028333627,0.019354839,0.0,0.0,0.0,-27.802729,26.000002,2.3029668,0.7676556,0.15200001,0.0,125,0.16811776,,,,,,-26.317577,0.0,0.6919446,1
edge_full__support__t1m__a0p10__c1p00,extension_full,support,full,0.1,1.0,45,20,0.0,1,16,0.5774294,0.6068343,0.6068343,0.99783355,0.10050009,0.029404849,0.019354839,0.0,0.0,0.0,-26.753601,26.000002,2.1952777,0.73175925,0.2,0.0,125,0.14633754,,,,,,,,,0
edge_full__support__t1m__a0p10__c1p00,extension_full,support,full,0.1,1.0,45,21,0.0,1,16,0.6068343,0.6354676,0.6354676,1.0325229,0.092784844,0.028633323,0.019354839,0.0,0.0,0.0,-27.317963,26.000002,2.2715957,0.7571986,0.208,0.0,125,0.15623361,,,,,,,,,0
edge_full__support__t1m__a0p10__c1p00,extension_full,support,full,0.1,1.0,45,22,0.0,1,16,0.6354676,0.66279304,0.66279304,1.0985085,0.0797061,0.02732545,0.019354839,0.0,0.0,0.0,-29.295837,26.000002,2.416767,0.80558896,0.136,0.0,125,0.18075542,,,,,,,,,0
edge_full__support__t1m__a0p10__c1p00,extension_full,support,full,0.1,1.0,45,23,0.0,1,16,0.66279304,0.6928985,0.6928985,0.968566,0.107506305,0.03010547,0.019354839,0.0,0.0,0.0,-26.242252,26.000002,2.1308877,0.7102959,0.224,0.0,125,0.14534453,,,,,,,,,0
edge_full__support__t1m__a0p10__c1p00,extension_full,support,full,0.1,1.0,45,24,0.0,1,16,0.6928985,0.7212092,0.7212092,1.0478926,0.08955863,0.028310701,0.019354839,0.0,0.0,0.0,-27.01434,26.000002,2.3054097,0.7684699,0.104,0.0,125,0.14136168,,,,,,,,,0
edge_full__support__t1m__a0p10__c1p00,extension_full,support,full,0.1,1.0,45,25,0.0,1,16,0.7212092,0.7502036,0.7502036,1.0159438,0.09639537,0.028994378,0.019354839,0.0,0.0,0.0,-26.726439,26.000002,2.235121,0.74504036,0.16000001,0.0,125,0.14046064,,,,,,,,,0
edge_full__support__t1m__a0p10__c1p00,extension_full,support,full,0.1,1.0,45,26,0.0,1,16,0.7502036,0.7787533,0.7787533,1.0364565,0.09194826,0.028549666,0.019354839,0.0,0.0,0.0,-26.966911,26.0,2.2802498,0.7600833,0.16,0.0,100,0.14963512,,,,,,,,,0
edge_full__support__t1m__a0p10__c1p00,extension_full,support,full,0.1,1.0,45,27,0.0,1,16,0.7787533,0.8070321,0.8070321,1.0494409,0.08923991,0.028278831,0.019354839,0.0,0.0,0.0,-27.53774,26.000002,2.308816,0.76960534,0.16000001,0.0,125,0.16293809,,,,,,,,,0
edge_full__support__t1m__a0p10__c1p00,extension_full,support,full,0.1,1.0,45,28,0.0,1,16,0.8070321,0.83538765,0.83538765,1.0457236,0.090007044,0.028355543,0.019354839,0.0,0.0,0.0,-28.405752,26.000002,2.3006377,0.76687926,0.15200001,0.0,125,0.16448842,,,,,,,,,0
edge_full__support__t1m__a0p10__c1p00,extension_full,support,full,0.1,1.0,45,29,0.0,1,16,0.83538765,0.8648263,0.8648263,0.9963749,0.10083819,0.02943866,0.019354839,0.0,0.0,0.0,-26.776878,26.000002,2.1920686,0.7306895,0.17600001,0.0,125,0.13604192,,,,,,,,,0
edge_full__support__t1m__a0p10__c1p00,extension_full,support,full,0.1,1.0,45,30,0.0,1,16,0.8648263,0.8937243,0.8937243,1.0203068,0.09543181,0.02889802,0.019354839,0.0,0.0,0.0,-27.75767,26.000002,2.2447197,0.74823993,0.15200001,0.0,125,0.15625076,,,,,,,,,0
edge_full__support__t1m__a0p10__c1p00,extension_full,support,full,0.1,1.0,45,31,0.0,1,16,0.8937243,0.9036887,0.9036887,1.0015485,0.09964408,0.009964408,0.0,0.0,0.0,0.0,-27.313208,26.000002,2.2034507,0.7344836,0.16000001,0.0,125,0.13283527,,,,,,,,,0
edge_full__support__t1m__a0p10__c1p00,extension_full,support,full,0.1,1.0,45,32,0.0,1,16,0.9036887,0.9130996,0.9130996,1.0263695,0.09410887,0.009410887,0.0,0.0,0.0,0.0,-27.280764,26.000002,2.2580578,0.75268596,0.15200001,0.0,125,0.1381614,,,,,,,,,0
edge_full__support__t1m__a0p10__c1p00,extension_full,support,full,0.1,1.0,45,33,0.0,1,16,0.9130996,0.9228204,0.9228204,1.0122976,0.09720809,0.009720809,0.0,0.0,0.0,0.0,-26.679762,26.000002,2.2270992,0.74236643,0.136,0.0,125,0.12474528,,,,,,,,,0
edge_full__support__t1m__a0p10__c1p00,extension_full,support,full,0.1,1.0,45,34,0.0,1,16,0.9228204,0.93192476,0.93192476,1.0407501,0.091043696,0.00910437,0.0,0.0,0.0,0.0,-27.963299,26.000002,2.289696,0.763232,0.2,0.0,125,0.16510196,,,,,,,,,0
edge_full__support__t1m__a0p10__c1p00,extension_full,support,full,0.1,1.0,45,35,0.0,1,16,0.93192476,0.9410486,0.9410486,1.039821,0.09123867,0.009123867,0.0,0.0,0.0,0.0,-27.902271,26.000002,2.287652,0.7625507,0.128,0.0,125,0.15890165,,,,,,,,,0
edge_full__support__t1m__a0p10__c1p00,extension_full,support,full,0.1,1.0,45,36,0.0,1,16,0.9410486,0.95110327,0.95110327,0.9976327,0.100546576,0.010054658,0.0,0.0,0.0,0.0,-27.076363,26.000002,2.1948357,0.7316119,0.192,0.0,125,0.11983803,,,,,,,,,0
edge_full__support__t1m__a0p10__c1p00,extension_full,support,full,0.1,1.0,45,37,0.0,1,16,0.95110327,0.9605015,0.9605015,1.0269552,0.09398201,0.0093982015,0.0,0.0,0.0,0.0,-28.1222,26.000002,2.2593467,0.7531156,0.192,0.0,125,0.1807528,,,,,,,,,0
edge_full__support__t1m__a0p10__c1p00,extension_full,support,full,0.1,1.0,45,38,0.0,1,16,0.9605015,0.97114855,0.97114855,0.9727697,0.106470734,0.010647073,0.0,0.0,0.0,0.0,-25.445421,26.000002,2.140136,0.71337867,0.16800001,0.0,125,0.100904025,,,,,,,,,0
edge_full__support__t1m__a0p10__c1p00,extension_full,support,full,0.1,1.0,45,39,0.0,1,16,0.97114855,0.9790733,0.9790733,1.1010143,0.07924753,0.007924753,0.0,0.0,0.0,0.0,-28.627836,26.0,2.4222798,0.80742663,0.13,0.0,100,0.15986356,,,,,,-26.317577,0.0,0.6919446,1
edge_full__support__t1m__a0p10__c1p00,extension_full,support,full,0.1,1.0,45,40,0.0,1,16,0.9790733,0.9876545,0.9876545,1.0664521,0.08581196,0.008581196,0.0,0.0,0.0,0.0,-27.80532,26.000002,2.3462415,0.78208053,0.16000001,0.0,125,0.14291838,,,,,,,,,0
edge_full__support__t1m__a0p10__c1p00,extension_full,support,full,0.1,1.0,45,41,0.0,1,16,0.9876545,0.99711955,0.99711955,1.0238775,0.094650395,0.00946504,0.0,0.0,0.0,0.0,-26.851501,26.000002,2.2525754,0.7508585,0.17600001,0.0,125,0.16176397,,,,,,,,,0
edge_full__support__t1m__a0p10__c1p00,extension_full,support,full,0.1,1.0,45,42,0.0,1,16,0.99711955,1.0065556,1.0,1.0252091,0.09436064,0.009436064,0.0,0.0,0.0,0.0,-27.51292,26.000002,2.255505,0.75183505,0.112,0.0,125,0.16731514,,,,,,,,,0
edge_full__support__t1m__a0p10__c1p00,extension_full,support,full,0.1,1.0,45,43,1.0,2,32,1.0,0.009482342,0.009482342,1.0230844,0.09482341,0.009482342,0.0,0.0,0.0,0.0,-26.979647,26.000002,2.2508307,0.7502769,0.16800001,0.0,125,0.14363512,-0.0009590132,47.629433,1.6084759,23.797672,1.0,,,,0
edge_full__support__t1m__a0p10__c1p00,extension_full,support,full,0.1,1.0,45,44,0.0,2,32,0.009482342,0.019438146,0.019438146,1.0019237,0.09955804,0.009955804,0.0,0.0,0.0,0.0,-27.090021,26.000002,2.204276,0.73475873,0.14400001,0.0,125,0.13603425,,,,,,,,,0
edge_full__support__t1m__a0p10__c1p00,extension_full,support,full,0.1,1.0,45,45,0.0,2,32,0.019438146,0.029899437,0.029899437,0.9804146,0.10461292,0.010461292,0.0,0.0,0.0,0.0,-26.85356,26.000002,2.1569552,0.7189851,0.2,0.008,125,0.13219139,,,,,,,,,0
edge_full__support__t1m__a0p10__c1p00,extension_full,support,full,0.1,1.0,45,46,0.0,2,32,0.029899437,0.039480273,0.039480273,1.0185966,0.09580834,0.009580835,0.0,0.0,0.0,0.0,-26.978947,26.000002,2.2409575,0.74698585,0.16800001,0.0,125,0.14568876,,,,,,,,,0
edge_full__support__t1m__a0p10__c1p00,extension_full,support,full,0.1,1.0,45,47,0.0,2,32,0.039480273,0.04921223,0.04921223,1.0117998,0.097319566,0.009731957,0.0,0.0,0.0,0.0,-26.265968,26.000002,2.2260041,0.7420014,0.18400002,0.0,125,0.13829339,,,,,,,,,0
edge_full__support__t1m__a0p10__c1p00,extension_full,support,full,0.1,1.0,45,48,0.0,2,32,0.04921223,0.059411205,0.059411205,0.99144346,0.10198975,0.010198976,0.0,0.0,0.0,0.0,-26.381676,26.000002,2.181219,0.7270731,0.14400001,0.0,125,0.14628656,,,,,,,,,0
edge_full__support__t1m__a0p10__c1p00,extension_full,support,full,0.1,1.0,45,49,0.0,2,32,0.059411205,0.06876932,0.06876932,1.0288117,0.09358113,0.009358114,0.0,0.0,0.0,0.0,-26.613602,26.000002,2.2634308,0.75447696,0.128,0.0,125,0.1391294,,,,,,,,,0
edge_full__support__t1m__a0p10__c1p00,extension_full,support,full,0.1,1.0,45,50,0.0,2,32,0.06876932,0.07959569,0.07959569,0.9655172,0.10826369,0.010826369,0.0,0.0,0.0,0.0,-26.693907,26.000002,2.1241803,0.70806015,0.2,0.0,125,0.14200182,,,,,,,,,0
edge_full__support__t1m__a0p10__c1p00,extension_full,support,full,0.1,1.0,45,51,0.0,2,32,0.07959569,0.089578874,0.089578874,1.0007311,0.09983179,0.009983179,0.0,0.0,0.0,0.0,-26.195251,26.000002,2.2016523,0.7338841,0.16800001,0.0,125,0.14522174,,,,,,,,,0
edge_full__support__t1m__a0p10__c1p00,extension_full,support,full,0.1,1.0,45,52,0.0,2,32,0.089578874,0.09867394,0.09867394,1.0411941,0.09095066,0.009095066,0.0,0.0,0.0,0.0,-27.403202,26.0,2.2906728,0.7635576,0.14999999,0.0,100,0.18800098,,,,,,,,,0
edge_full__support__t1m__a0p10__c1p00,extension_full,support,full,0.1,1.0,45,53,0.0,2,32,0.09867394,0.108675785,0.108675785,0.9999197,0.10001848,0.010001848,0.0,0.0,0.0,0.0,-26.645212,26.000002,2.1998672,0.7332891,0.2,0.008,125,0.15952848,,,,,,,,,0
edge_full__support__t1m__a0p10__c1p00,extension_full,support,full,0.1,1.0,45,54,0.0,2,32,0.108675785,0.11901668,0.11901668,0.9854419,0.10340893,0.010340894,0.0,0.0,0.0,0.0,-26.578068,26.000002,2.1680155,0.72267187,0.18400002,0.0,125,0.14675936,,,,,,,,,0
edge_full__support__t1m__a0p10__c1p00,extension_full,support,full,0.1,1.0,45,55,0.0,2,32,0.11901668,0.1294577,0.1294577,0.9812571,0.10441019,0.010441019,0.0,0.0,0.0,0.0,-26.567741,26.000002,2.1588087,0.71960294,0.18400002,0.0,125,0.15674701,,,,,,,,,0
edge_full__support__t1m__a0p10__c1p00,extension_full,support,full,0.1,1.0,45,56,0.0,2,32,0.1294577,0.13936605,0.13936605,1.0039986,0.0990835,0.00990835,0.0,0.0,0.0,0.0,-28.17498,26.000002,2.208841,0.7362804,0.16800001,0.0,125,0.15725082,,,,,,,,,0
edge_full__support__t1m__a0p10__c1p00,extension_full,support,full,0.1,1.0,45,57,0.0,2,32,0.13936605,0.14935766,0.14935766,1.0003643,0.09991616,0.009991616,0.0,0.0,0.0,0.0,-26.708735,26.000002,2.2008455,0.73361516,0.16000001,0.0,125,0.14644629,,,,,,,,,0
edge_full__support__t1m__a0p10__c1p00,extension_full,support,full,0.1,1.0,45,58,0.0,2,32,0.14935766,0.16087063,0.16087063,0.93881273,0.11512967,0.011512968,0.0,0.0,0.0,0.0,-25.952833,26.000002,2.0654292,0.68847644,0.192,0.0,125,0.13777861,,,,,,,,,0
edge_full__support__t1m__a0p10__c1p00,extension_full,support,full,0.1,1.0,45,59,0.0,2,32,0.16087063,0.17098483,0.17098483,0.99506783,0.10114215,0.010114215,0.0,0.0,0.0,0.0,-27.110352,26.000002,2.189193,0.729731,0.120000005,0.008,125,0.13841432,,,,,,-24.84341,0.0,0.63605905,1
edge_full__support__t1m__a0p10__c1p00,extension_full,support,full,0.1,1.0,45,60,0.0,2,32,0.17098483,0.18150112,0.18150112,0.97813755,0.105162874,0.010516288,0.0,0.0,0.0,0.0,-25.837408,26.000002,2.1519456,0.7173152,0.2,0.0,125,0.14068419,,,,,,,,,0
edge_full__support__t1m__a0p10__c1p00,extension_full,support,full,0.1,1.0,45,61,0.0,2,32,0.18150112,0.19132382,0.19132382,1.0077693,0.09822695,0.0098226955,0.0,0.0,0.0,0.0,-26.738289,26.000002,2.2171369,0.7390456,0.16800001,0.008,125,0.13610409,,,,,,,,,0
edge_full__support__t1m__a0p10__c1p00,extension_full,support,full,0.1,1.0,45,62,0.0,2,32,0.19132382,0.202012,0.202012,0.9710958,0.106881894,0.010688189,0.0,0.0,0.0,0.0,-25.85998,26.000002,2.1364534,0.71215117,0.128,0.0,125,0.12999274,,,,,,,,,0
edge_full__support__t1m__a0p10__c1p00,extension_full,support,full,0.1,1.0,45,63,0.0,2,32,0.202012,0.21087822,0.21087822,1.0522618,0.08866213,0.008866213,0.0,0.0,0.0,0.0,-27.789118,26.000002,2.3150222,0.7716741,0.18400002,0.0,125,0.13760825,,,,,,,,,0
edge_full__support__t1m__a0p10__c1p00,extension_full,support,full,0.1,1.0,45,64,0.0,2,32,0.21087822,0.22181304,0.22181304,0.9611885,0.10934818,0.010934818,0.0,0.0,0.0,0.0,-26.028633,26.000002,2.114657,0.70488566,0.192,0.0,125,0.12842672,,,,,,,,,0
edge_full__support__t1m__a0p10__c1p00,extension_full,support,full,0.1,1.0,45,65,0.0,2,32,0.22181304,0.23204903,0.23204903,0.9898698,0.10235998,0.010235998,0.0,0.0,0.0,0.0,-27.047272,26.0,2.177757,0.725919,0.25,0.0,100,0.15735509,,,,,,,,,0
edge_full__support__t1m__a0p10__c1p00,extension_full,support,full,0.1,1.0,45,66,0.0,2,32,0.23204903,0.24182813,0.24182813,1.0097011,0.097790994,0.009779099,0.0,0.0,0.0,0.0,-27.668139,26.000002,2.221387,0.7404623,0.16800001,0.0,125,0.13084386,,,,,,,,,0
edge_full__support__t1m__a0p10__c1p00,extension_full,support,full,0.1,1.0,45,67,0.0,2,32,0.24182813,0.25223958,0.25223958,0.98248816,0.104114644,0.010411465,0.0,0.0,0.0,0.0,-25.997995,26.000002,2.1615171,0.7205057,0.16800001,0.0,125,0.12683888,,,,,,,,,0
edge_full__support__t1m__a0p10__c1p00,extension_full,support,full,0.1,1.0,45,68,0.0,2,32,0.25223958,0.26151255,0.26151255,1.0327817,0.09272958,0.009272958,0.0,0.0,0.0,0.0,-28.166958,26.000002,2.272165,0.75738835,0.16800001,0.0,125,0.15131885,,,,,,,,,0
edge_full__support__t1m__a0p10__c1p00,extension_full,support,full,0.1,1.0,45,69,0.0,2,32,0.26151255,0.27218577,0.27218577,0.97170436,0.10673224,0.010673224,0.0,0.0,0.0,0.0,-26.929705,26.000002,2.1377923,0.7125975,0.208,0.0,125,0.15217823,,,,,,,,,0
edge_full__support__t1m__a0p10__c1p00,extension_full,support,full,0.1,1.0,45,70,0.0,2,32,0.27218577,0.2831584,0.2831584,0.95969015,0.10972607,0.010972607,0.0,0.0,0.0,0.0,-25.756645,26.000002,2.1113605,0.70378685,0.128,0.0,125,0.12517484,,,,,,,,,0
edge_full__support__t1m__a0p10__c1p00,extension_full,support,full,0.1,1.0,45,71,0.0,2,32,0.2831584,0.29443464,0.29443464,0.94783497,0.11276258,0.011276258,0.0,0.0,0.0,0.0,-26.530859,26.000002,2.0852785,0.69509286,0.16800001,0.0,125,0.13097458,,,,,,,,,0
edge_full__support__t1m__a0p10__c1p00,extension_full,support,full,0.1,1.0,45,72,0.0,2,32,0.29443464,0.30518353,0.30518353,0.9686357,0.10748908,0.010748908,0.0,0.0,0.0,0.0,-26.574377,26.000002,2.131041,0.71034706,0.16800001,0.0,125,0.14089252,,,,,,,,,0
edge_full__support__t1m__a0p10__c1p00,extension_full,support,full,0.1,1.0,45,73,0.0,2,32,0.30518353,0.31561106,0.31561106,0.9818183,0.10427535,0.0104275355,0.0,0.0,0.0,0.0,-26.398846,26.000002,2.1600435,0.7200145,0.2,0.0,125,0.15308142,,,,,,,,,0
edge_full__support__t1m__a0p10__c1p00,extension_full,support,full,0.1,1.0,45,74,0.0,2,32,0.31561106,0.32523,0.32523,1.0168725,0.09618946,0.009618946,0.0,0.0,0.0,0.0,-26.9433,26.000002,2.2371643,0.74572146,0.15200001,0.0,125,0.15261634,,,,,,,,,0
edge_full__support__t1m__a0p10__c1p00,extension_full,support,full,0.1,1.0,45,75,0.0,2,32,0.32523,0.33474335,0.33474335,1.0216671,0.09513337,0.009513337,0.0,0.0,0.0,0.0,-27.031693,26.000002,2.2477126,0.74923754,0.072000004,0.0,125,0.16345708,,,,,,,,,0
edge_full__support__t1m__a0p10__c1p00,extension_full,support,full,0.1,1.0,45,76,0.0,2,32,0.33474335,0.34422293,0.34422293,1.023211,0.09479577,0.009479578,0.0,0.0,0.0,0.0,-27.820704,26.000002,2.2511091,0.7503697,0.14400001,0.0,125,0.13371272,,,,,,,,,0
edge_full__support__t1m__a0p10__c1p00,extension_full,support,full,0.1,1.0,45,77,0.0,2,32,0.34422293,0.35338253,0.35338253,1.0381235,0.091596,0.0091596,0.0,0.0,0.0,0.0,-27.65453,26.000002,2.2839172,0.76130575,0.112,0.0,125,0.13933389,,,,,,,,,0
edge_full__support__t1m__a0p10__c1p00,extension_full,support,full,0.1,1.0,45,78,0.0,2,32,0.35338253,0.36341387,0.36341387,0.99864084,0.10031343,0.010031343,0.0,0.0,0.0,0.0,-28.109877,26.0,2.1970537,0.73235124,0.19,0.0,100,0.1812966,,,,,,,,,0
edge_full__support__t1m__a0p10__c1p00,extension_full,support,full,0.1,1.0,45,79,0.0,2,32,0.36341387,0.3732269,0.3732269,1.0081964,0.09813042,0.009813042,0.0,0.0,0.0,0.0,-27.768538,26.000002,2.2180762,0.7393588,0.17600001,0.0,125,0.16567254,,,,,,-24.84341,0.0,0.63605905,1
edge_full__support__t1m__a0p10__c1p00,extension_full,support,full,0.1,1.0,45,80,0.0,2,32,0.3732269,0.383826,0.383826,0.97473204,0.10599073,0.010599073,0.0,0.0,0.0,0.0,-27.33195,26.000002,2.1444533,0.71481776,0.14400001,0.0,125,0.1513421,,,,,,,,,0
edge_full__support__t1m__a0p10__c1p00,extension_full,support,full,0.1,1.0,45,81,0.0,2,32,0.383826,0.39505675,0.39505675,0.9495903,0.112307735,0.011230773,0.0,0.0,0.0,0.0,-26.201246,26.000002,2.0891404,0.69638014,0.16000001,0.0,125,0.12313144,,,,,,,,,0
edge_full__support__t1m__a0p10__c1p00,extension_full,support,full,0.1,1.0,45,82,0.0,2,32,0.39505675,0.40449497,0.40449497,1.0251099,0.0943822,0.0094382195,0.0,0.0,0.0,0.0,-27.493319,26.000002,2.2552867,0.7517623,0.2,0.0,125,0.1326933,,,,,,,,,0
edge_full__support__t1m__a0p10__c1p00,extension_full,support,full,0.1,1.0,45,83,0.0,2,32,0.40449497,0.41387463,0.41387463,1.0278131,0.093796544,0.009379654,0.0,0.0,0.0,0.0,-27.472006,26.000002,2.261234,0.7537447,0.136,0.0,125,0.1458498,,,,,,,,,0
edge_full__support__t1m__a0p10__c1p00,extension_full,support,full,0.1,1.0,45,84,0.0,2,32,0.41387463,0.42340034,0.42340034,1.0211022,0.095257185,0.009525719,0.0,0.0,0.0,0.0,-27.407166,26.000002,2.2464697,0.7488233,0.120000005,0.0,125,0.16291267,,,,,,,,,0
edge_full__support__t1m__a0p10__c1p00,extension_full,support,full,0.1,1.0,45,85,0.0,2,32,0.42340034,0.4341944,0.4341944,0.9668153,0.107940555,0.010794056,0.0,0.0,0.0,0.0,-26.062613,26.000002,2.127036,0.70901203,0.18400002,0.0,125,0.12940879,,,,,,,,,0
edge_full__support__t1m__a0p10__c1p00,extension_full,support,full,0.1,1.0,45,86,0.0,2,32,0.4341944,0.4447724,0.4447724,0.9755966,0.10577996,0.010577996,0.0,0.0,0.0,0.0,-26.646599,26.000002,2.1463554,0.71545184,0.208,0.0,125,0.14208016,,,,,,,,,0
edge_full__support__t1m__a0p10__c1p00,extension_full,support,full,0.1,1.0,45,87,0.0,2,32,0.4447724,0.4557982,0.4557982,0.9575893,0.110258125,0.0110258125,0.0,0.0,0.0,0.0,-26.872059,26.000002,2.1067386,0.7022462,0.2,0.0,125,0.15252884,,,,,,,,,0
edge_full__support__t1m__a0p10__c1p00,extension_full,support,full,0.1,1.0,45,88,0.0,2,32,0.4557982,0.46516246,0.46516246,1.0285267,0.09364257,0.009364258,0.0,0.0,0.0,0.0,-27.595453,26.000002,2.2628038,0.75426793,0.16000001,0.008,125,0.15606056,,,,,,,,,0
edge_full__support__t1m__a0p10__c1p00,extension_full,support,full,0.1,1.0,45,89,0.0,2,32,0.46516246,0.47501734,0.47501734,1.006348,0.098548956,0.009854896,0.0,0.0,0.0,0.0,-27.312986,26.000002,2.2140098,0.73800325,0.136,0.0,125,0.14671263,,,,,,,,,0
edge_full__support__t1m__a0p10__c1p00,extension_full,support,full,0.1,1.0,45,90,0.0,2,32,0.47501734,0.4845934,0.4845934,1.0188135,0.09576052,0.0095760515,0.0,0.0,0.0,0.0,-26.738056,26.000002,2.2414343,0.7471448,0.2,0.0,125,0.13510646,,,,,,,,,0
edge_full__support__t1m__a0p10__c1p00,extension_full,support,full,0.1,1.0,45,91,0.0,2,32,0.4845934,0.49328625,0.49328625,1.0608369,0.08692867,0.008692867,0.0,0.0,0.0,0.0,-27.869545,26.0,2.3338878,0.7779626,0.17,0.0,100,0.16364744,,,,,,,,,0
edge_full__support__t1m__a0p10__c1p00,extension_full,support,full,0.1,1.0,45,92,0.0,2,32,0.49328625,0.5039757,0.5039757,0.9710444,0.10689456,0.010689456,0.0,0.0,0.0,0.0,-27.018353,26.000002,2.1363404,0.7121135,0.224,0.0,125,0.121812694,,,,,,,,,0
edge_full__support__t1m__a0p10__c1p00,extension_full,support,full,0.1,1.0,45,93,0.0,2,32,0.5039757,0.51321006,0.51321006,1.0345923,0.0923438,0.00923438,0.0,0.0,0.0,0.0,-27.405209,26.000002,2.2761486,0.7587162,0.16000001,0.0,125,0.15751499,,,,,,,,,0
edge_full__support__t1m__a0p10__c1p00,extension_full,support,full,0.1,1.0,45,94,0.0,2,32,0.51321006,0.5237599,0.5237599,0.97675335,0.10549858,0.010549858,0.0,0.0,0.0,0.0,-26.679808,26.000002,2.1489003,0.71630013,0.15200001,0.0,125,0.17051335,,,,,,,,,0
edge_full__support__t1m__a0p10__c1p00,extension_full,support,full,0.1,1.0,45,95,0.0,2,32,0.5237599,0.5331596,0.5331596,1.0268847,0.09399729,0.00939973,0.0,0.0,0.0,0.0,-27.712255,26.000002,2.2591915,0.75306386,0.136,0.0,125,0.16049513,,,,,,,,,0
edge_full__support__t1m__a0p10__c1p00,extension_full,support,full,0.1,1.0,45,96,0.0,2,32,0.5331596,0.541957,0.541957,1.0556455,0.08797403,0.0087974025,0.0,0.0,0.0,0.0,-28.76756,26.000002,2.3224664,0.7741555,0.128,0.0,125,0.16884188,,,,,,,,,0
edge_full__support__t1m__a0p10__c1p00,extension_full,support,full,0.1,1.0,45,97,0.0,2,32,0.541957,0.5517342,0.5517342,1.0097864,0.0977718,0.00977718,0.0,0.0,0.0,0.0,-26.554173,26.000002,2.2215743,0.74052477,0.112,0.0,125,0.13078253,,,,,,,,,0
edge_full__support__t1m__a0p10__c1p00,extension_full,support,full,0.1,1.0,45,98,0.0,2,32,0.5517342,0.56174153,0.56174153,0.9996815,0.10007336,0.010007336,0.0,0.0,0.0,0.0,-26.719038,26.000002,2.1993432,0.7331144,0.14400001,0.0,125,0.13790041,,,,,,,,,0
edge_full__support__t1m__a0p10__c1p00,extension_full,support,full,0.1,1.0,45,99,0.0,2,32,0.56174153,0.57194567,0.57194567,0.99122244,0.102041654,0.010204165,0.0,0.0,0.0,0.0,-26.939001,26.000002,2.180733,0.726911,0.15200001,0.0,125,0.14475772,,,,,,-24.84341,0.0,0.63605905,1
edge_full__support__t1m__a0p10__c1p00,extension_full,support,full,0.1,1.0,45,100,0.0,2,32,0.57194567,0.5826624,0.5826624,0.9699384,0.10716712,0.010716712,0.0,0.0,0.0,0.0,-26.61677,26.000002,2.133907,0.7113024,0.136,0.0,125,0.1334029,,,,,,,,,0
edge_full__support__t1m__a0p10__c1p00,extension_full,support,full,0.1,1.0,45,101,0.0,2,32,0.5826624,0.5921991,0.5921991,1.0206028,0.09536678,0.009536679,0.0,0.0,0.0,0.0,-27.788906,26.000002,2.245371,0.7484571,0.128,0.0,125,0.15072127,,,,,,,,,0
edge_full__support__t1m__a0p10__c1p00,extension_full,support,full,0.1,1.0,45,102,0.0,2,32,0.5921991,0.60265285,0.60265285,0.9807283,0.10453739,0.010453739,0.0,0.0,0.0,0.0,-26.79902,26.000002,2.1576455,0.71921515,0.17600001,0.0,125,0.13910799,,,,,,,,,0
edge_full__support__t1m__a0p10__c1p00,extension_full,support,full,0.1,1.0,45,103,0.0,2,32,0.60265285,0.6129323,0.6129323,0.9880301,0.102794506,0.010279451,0.0,0.0,0.0,0.0,-26.54678,26.000002,2.1737096,0.7245699,0.216,0.0,125,0.1488679,,,,,,,,,0
edge_full__support__t1m__a0p10__c1p00,extension_full,support,full,0.1,1.0,45,104,0.0,2,32,0.6129323,0.6237533,0.6237533,0.9657329,0.10820993,0.010820993,0.0,0.0,0.0,0.0,-26.288324,26.0,2.1246548,0.7082183,0.17,0.0,100,0.14603662,,,,,,,,,0
edge_full__support__t1m__a0p10__c1p00,extension_full,support,full,0.1,1.0,45,105,0.0,2,32,0.6237533,0.6331745,0.6331745,1.0258955,0.09421163,0.009421163,0.0,0.0,0.0,0.0,-27.138617,26.000002,2.257015,0.75233835,0.16000001,0.0,125,0.14526848,,,,,,,,,0
edge_full__support__t1m__a0p10__c1p00,extension_full,support,full,0.1,1.0,45,106,0.0,2,32,0.6331745,0.64302295,0.64302295,1.0066322,0.09848449,0.009848448,0.0,0.0,0.0,0.0,-26.77177,26.000002,2.2146351,0.73821175,0.2,0.0,125,0.14574501,,,,,,,,,0
edge_full__support__t1m__a0p10__c1p00,extension_full,support,full,0.1,1.0,45,107,0.0,2,32,0.64302295,0.6535908,0.6535908,0.97601384,0.10567837,0.010567837,0.0,0.0,0.0,0.0,-26.609642,26.000002,2.1472733,0.7157578,0.2,0.0,125,0.14766972,,,,,,,,,0
edge_full__support__t1m__a0p10__c1p00,extension_full,support,full,0.1,1.0,45,108,0.0,2,32,0.6535908,0.66315633,0.66315633,1.0192921,0.095655054,0.009565505,0.0,0.0,0.0,0.0,-27.135178,26.000002,2.2424874,0.74749583,0.16800001,0.0,125,0.14901763,,,,,,,,,0
edge_full__support__t1m__a0p10__c1p00,extension_full,support,full,0.1,1.0,45,109,0.0,2,32,0.66315633,0.6728018,0.6728018,1.0156758,0.09645487,0.009645487,0.0,0.0,0.0,0.0,-27.322163,26.000002,2.2345314,0.74484384,0.18400002,0.0,125,0.14056242,,,,,,,,,0
edge_full__support__t1m__a0p10__c1p00,extension_full,support,full,0.1,1.0,45,110,0.0,2,32,0.6728018,0.6846296,0.6846296,0.9270942,0.11827848,0.011827848,0.0,0.0,0.0,0.0,-25.110403,26.000002,2.039648,0.6798827,0.17600001,0.0,125,0.11623739,,,,,,,,,0
edge_full__support__t1m__a0p10__c1p00,extension_full,support,full,0.1,1.0,45,111,0.0,2,32,0.6846296,0.69454306,0.69454306,1.0037763,0.09913424,0.009913424,0.0,0.0,0.0,0.0,-26.836147,26.000002,2.208352,0.73611736,0.192,0.008,125,0.13608699,,,,,,,,,0
edge_full__support__t1m__a0p10__c1p00,extension_full,support,full,0.1,1.0,45,112,0.0,2,32,0.69454306,0.7046071,0.7046071,0.9972258,0.10064081,0.010064081,0.0,0.0,0.0,0.0,-27.052193,26.000002,2.1939406,0.7313136,0.192,0.0,125,0.14757188,,,,,,,,,0
edge_full__support__t1m__a0p10__c1p00,extension_full,support,full,0.1,1.0,45,113,0.0,2,32,0.7046071,0.71433026,0.71433026,1.0121949,0.09723108,0.009723108,0.0,0.0,0.0,0.0,-26.753912,26.000002,2.2268732,0.7422911,0.120000005,0.0,125,0.14117846,,,,,,,,,0
edge_full__support__t1m__a0p10__c1p00,extension_full,support,full,0.1,1.0,45,114,0.0,2,32,0.71433026,0.72407895,0.72407895,1.0110524,0.0974872,0.00974872,0.0,0.0,0.0,0.0,-26.37895,26.000002,2.2243595,0.7414532,0.136,0.0,125,0.13517049,,,,,,,,,0
edge_full__support__t1m__a0p10__c1p00,extension_full,support,full,0.1,1.0,45,115,0.0,2,32,0.72407895,0.73444104,0.73444104,0.98455286,0.103620835,0.010362084,0.0,0.0,0.0,0.0,-26.959047,26.000002,2.1660595,0.72201985,0.16000001,0.0,125,0.13479476,,,,,,,,,0
edge_full__support__t1m__a0p10__c1p00,extension_full,support,full,0.1,1.0,45,116,0.0,2,32,0.73444104,0.7453536,0.7453536,0.9620745,0.109125316,0.010912532,0.0,0.0,0.0,0.0,-26.1365,26.000002,2.1166062,0.7055354,0.18400002,0.0,125,0.139581,,,,,,,,,0
edge_full__support__t1m__a0p10__c1p00,extension_full,support,full,0.1,1.0,45,117,0.0,2,32,0.7453536,0.7559052,0.7559052,0.9766792,0.1055166,0.01055166,0.0,0.0,0.0,0.0,-27.85792,26.0,2.1487372,0.7162458,0.14,0.0,100,0.13754399,,,,,,,,,0
edge_full__support__t1m__a0p10__c1p00,extension_full,support,full,0.1,1.0,45,118,0.0,2,32,0.7559052,0.76535183,0.76535183,1.0247246,0.09446596,0.009446597,0.0,0.0,0.0,0.0,-26.893885,26.000002,2.254439,0.75147974,0.14400001,0.0,125,0.16245459,,,,,,,,,0
edge_full__support__t1m__a0p10__c1p00,extension_full,support,full,0.1,1.0,45,119,0.0,2,32,0.76535183,0.7752732,0.7752732,1.0034277,0.099213846,0.009921385,0.0,0.0,0.0,0.0,-27.041586,26.000002,2.207585,0.7358617,0.216,0.0,125,0.13566238,,,,,,-24.84341,0.0,0.63605905,1
edge_full__support__t1m__a0p10__c1p00,extension_full,support,full,0.1,1.0,45,120,0.0,2,32,0.7752732,0.78553224,0.78553224,0.98889285,0.102590494,0.01025905,0.0,0.0,0.0,0.0,-26.63483,26.000002,2.1756077,0.72520256,0.16800001,0.0,125,0.14612877,,,,,,,,,0
edge_full__support__t1m__a0p10__c1p00,extension_full,support,full,0.1,1.0,45,121,0.0,2,32,0.78553224,0.79522985,0.79522985,1.0133356,0.09697602,0.009697602,0.0,0.0,0.0,0.0,-26.580332,26.000002,2.2293828,0.7431276,0.136,0.0,125,0.13743426,,,,,,,,,0
edge_full__support__t1m__a0p10__c1p00,extension_full,support,full,0.1,1.0,45,122,0.0,2,32,0.79522985,0.8038625,0.8038625,1.0638564,0.0863264,0.00863264,0.0,0.0,0.0,0.0,-28.450792,26.000002,2.3405306,0.7801769,0.14400001,0.0,125,0.18094653,,,,,,,,,0
edge_full__support__t1m__a0p10__c1p00,extension_full,support,full,0.1,1.0,45,123,0.0,2,32,0.8038625,0.8133077,0.8133077,1.0247891,0.094451934,0.009445193,0.0,0.0,0.0,0.0,-27.611856,26.000002,2.254581,0.751527,0.128,0.0,125,0.13896628,,,,,,,,,0
edge_full__support__t1m__a0p10__c1p00,extension_full,support,full,0.1,1.0,45,124,0.0,2,32,0.8133077,0.8239857,0.8239857,0.9715107,0.106779836,0.010677984,0.0,0.0,0.0,0.0,-26.299139,26.000002,2.1373663,0.71245545,0.16800001,0.0,125,0.1534188,,,,,,,,,0
edge_full__support__t1m__a0p10__c1p00,extension_full,support,full,0.1,1.0,45,125,0.0,2,32,0.8239857,0.8341559,0.8341559,0.99267083,0.101701915,0.0101701915,0.0,0.0,0.0,0.0,-25.986267,26.000002,2.1839194,0.72797316,0.16800001,0.0,125,0.12826303,,,,,,,,,0
edge_full__support__t1m__a0p10__c1p00,extension_full,support,full,0.1,1.0,45,126,0.0,2,32,0.8341559,0.8455753,0.8455753,0.9423589,0.114193425,0.011419343,0.0,0.0,0.0,0.0,-25.781645,26.000002,2.073231,0.691077,0.120000005,0.0,125,0.14077678,,,,,,,,,0
edge_full__support__t1m__a0p10__c1p00,extension_full,support,full,0.1,1.0,45,127,0.0,2,32,0.8455753,0.85660905,0.85660905,0.95727515,0.11033794,0.011033795,0.0,0.0,0.0,0.0,-25.776537,26.000002,2.1060474,0.7020158,0.2,0.0,125,0.11733292,,,,,,,,,0
edge_full__support__t1m__a0p10__c1p00,extension_full,support,full,0.1,1.0,45,128,0.0,2,32,0.85660905,0.8687859,0.8687859,0.91446364,0.121768884,0.012176889,0.0,0.0,0.0,0.0,-25.776617,26.000002,2.0118601,0.6706201,0.24000001,0.0,125,0.12894158,,,,,,,,,0
edge_full__support__t1m__a0p10__c1p00,extension_full,support,full,0.1,1.0,45,129,0.0,2,32,0.8687859,0.8780978,0.8780978,1.0309651,0.093118265,0.009311827,0.0,0.0,0.0,0.0,-27.216696,26.000002,2.2681684,0.7560562,0.16800001,0.0,125,0.1817238,,,,,,,,,0
edge_full__support__t1m__a0p10__c1p00,extension_full,support,full,0.1,1.0,45,130,0.0,2,32,0.8780978,0.8886573,0.8886573,0.9763555,0.10559528,0.010559528,0.0,0.0,0.0,0.0,-26.46257,26.0,2.148025,0.71600837,0.19,0.0,100,0.13694298,,,,,,,,,0
edge_full__support__t1m__a0p10__c1p00,extension_full,support,full,0.1,1.0,45,131,0.0,2,32,0.8886573,0.89934266,0.89934266,0.9712088,0.106854096,0.010685409,0.0,0.0,0.0,0.0,-26.948969,26.000002,2.136702,0.712234,0.16000001,0.0,125,0.15066545,,,,,,,,,0
edge_full__support__t1m__a0p10__c1p00,extension_full,support,full,0.1,1.0,45,132,0.0,2,32,0.89934266,0.90997267,0.90997267,0.9734656,0.10630026,0.0106300255,0.0,0.0,0.0,0.0,-26.342262,26.000002,2.1416671,0.71388906,0.16800001,0.0,125,0.14532694,,,,,,,,,0
edge_full__support__t1m__a0p10__c1p00,extension_full,support,full,0.1,1.0,45,133,0.0,2,32,0.90997267,0.92004377,0.92004377,0.9969237,0.100710854,0.010071086,0.0,0.0,0.0,0.0,-26.962463,26.000002,2.193276,0.731092,0.16800001,0.008,125,0.14943033,,,,,,,,,0
edge_full__support__t1m__a0p10__c1p00,extension_full,support,full,0.1,1.0,45,134,0.0,2,32,0.92004377,0.9294486,0.9294486,1.0266479,0.09404854,0.009404854,0.0,0.0,0.0,0.0,-27.375895,26.000002,2.2586706,0.7528902,0.18400002,0.0,125,0.13442636,,,,,,,,,0
edge_full__support__t1m__a0p10__c1p00,extension_full,support,full,0.1,1.0,45,135,0.0,2,32,0.9294486,0.939813,0.939813,0.9844562,0.10364392,0.010364392,0.0,0.0,0.0,0.0,-26.516228,26.000002,2.1658468,0.721949,0.17600001,0.0,125,0.13646288,,,,,,,,,0
edge_full__support__t1m__a0p10__c1p00,extension_full,support,full,0.1,1.0,45,136,0.0,2,32,0.939813,0.94907373,0.94907373,1.0333556,0.09260712,0.009260712,0.0,0.0,0.0,0.0,-27.629892,26.000002,2.2734277,0.7578093,0.15200001,0.0,125,0.17070282,,,,,,,,,0
edge_full__support__t1m__a0p10__c1p00,extension_full,support,full,0.1,1.0,45,137,0.0,2,32,0.94907373,0.9591015,0.9591015,0.99879664,0.100277476,0.010027748,0.0,0.0,0.0,0.0,-25.852232,26.000002,2.1973965,0.7324655,0.216,0.0,125,0.15466504,,,,,,,,,0
edge_full__support__t1m__a0p10__c1p00,extension_full,support,full,0.1,1.0,45,138,0.0,2,32,0.9591015,0.9690058,0.9690058,1.0041745,0.09904339,0.009904339,0.0,0.0,0.0,0.0,-27.001923,26.000002,2.209228,0.73640937,0.2,0.0,125,0.16628946,,,,,,,,,0
edge_full__support__t1m__a0p10__c1p00,extension_full,support,full,0.1,1.0,45,139,0.0,2,32,0.9690058,0.9798956,0.9798956,0.962982,0.10889751,0.010889751,0.0,0.0,0.0,0.0,-26.462431,26.000002,2.1186028,0.70620096,0.128,0.0,125,0.13078505,,,,,,-24.84341,0.0,0.63605905,1
edge_full__support__t1m__a0p10__c1p00,extension_full,support,full,0.1,1.0,45,140,0.0,2,32,0.9798956,0.9897052,0.9897052,1.0083483,0.09809608,0.009809609,0.0,0.0,0.0,0.0,-27.564436,26.000002,2.2184107,0.73947024,0.16800001,0.0,125,0.18928283,,,,,,,,,0
edge_full__support__t1m__a0p10__c1p00,extension_full,support,full,0.1,1.0,45,141,0.0,2,32,0.9897052,1.000944,1.0,0.94928116,0.112387724,0.011238772,0.0,0.0,0.0,0.0,-25.66528,26.000002,2.0884602,0.6961534,0.208,0.0,125,0.13478613,,,,,,,,,0
edge_full__support__t1m__a0p10__c1p00,extension_full,support,full,0.1,1.0,45,142,1.0,3,48,1.0,0.0104175955,0.0104175955,0.9822325,0.104175955,0.0104175955,0.0,0.0,0.0,0.0,-26.750803,26.000002,2.1609547,0.72031826,0.15200001,0.0,125,0.13759464,-0.00040674713,50.830425,1.6069953,25.398735,1.0,,,,0
edge_full__support__t1m__a0p10__c1p00,extension_full,support,full,0.1,1.0,45,143,0.0,3,48,0.0104175955,0.01874986,0.01874986,1.079237,0.083322644,0.008332265,0.0,0.0,0.0,0.0,-28.571716,26.0,2.374369,0.79145634,0.19,0.0,100,0.13901484,,,,,,,,,0
edge_full__support__t1m__a0p10__c1p00,extension_full,support,full,0.1,1.0,45,144,0.0,3,48,0.01874986,0.030852746,0.030852746,0.9171111,0.121028855,0.012102886,0.0,0.0,0.0,0.0,-25.70032,26.000002,2.0176847,0.6725616,0.208,0.0,125,0.14040694,,,,,,,,,0
edge_full__support__t1m__a0p10__c1p00,extension_full,support,full,0.1,1.0,45,145,0.0,3,48,0.030852746,0.042140935,0.042140935,0.9473758,0.11288187,0.0112881875,0.0,0.0,0.0,0.0,-25.804298,26.000002,2.0842683,0.69475615,0.16000001,0.0,125,0.12509982,,,,,,,,,0
edge_full__support__t1m__a0p10__c1p00,extension_full,support,full,0.1,1.0,45,146,0.0,3,48,0.042140935,0.053991325,0.053991325,0.9262674,0.1185039,0.01185039,0.0,0.0,0.0,0.0,-25.347595,26.000002,2.037829,0.67927635,0.2,0.0,125,0.15646233,,,,,,,,,0
edge_full__support__t1m__a0p10__c1p00,extension_full,support,full,0.1,1.0,45,147,0.0,3,48,0.053991325,0.06454335,0.06454335,0.97666425,0.10552024,0.0105520245,0.0,0.0,0.0,0.0,-26.260607,26.000002,2.1487043,0.7162348,0.16800001,0.0,125,0.15344952,,,,,,,,,0
edge_full__support__t1m__a0p10__c1p00,extension_full,support,full,0.1,1.0,45,148,0.0,3,48,0.06454335,0.076912045,0.076912045,0.90767616,0.12368694,0.012368694,0.0,0.0,0.0,0.0,-25.978233,26.000002,1.9969274,0.6656425,0.18400002,0.0,125,0.123980485,,,,,,,,,0
edge_full__support__t1m__a0p10__c1p00,extension_full,support,full,0.1,1.0,45,149,0.0,3,48,0.076912045,0.08811133,0.08811133,0.9508096,0.111992866,0.011199287,0.0,0.0,0.0,0.0,-26.52528,26.000002,2.0918229,0.6972743,0.216,0.0,125,0.13199128,,,,,,,,,0
edge_full__support__t1m__a0p10__c1p00,extension_full,support,full,0.1,1.0,45,150,0.0,3,48,0.08811133,0.098510675,0.098510675,0.982994,0.10399343,0.010399343,0.0,0.0,0.0,0.0,-26.798311,26.000002,2.16263,0.7208767,0.17600001,0.0,125,0.15785313,,,,,,,,,0
edge_full__support__t1m__a0p10__c1p00,extension_full,support,full,0.1,1.0,45,151,0.0,3,48,0.098510675,0.109418035,0.109418035,0.96228033,0.10907361,0.010907361,0.0,0.0,0.0,0.0,-26.206572,26.000002,2.117059,0.70568633,0.104,0.0,125,0.13925315,,,,,,,,,0
edge_full__support__t1m__a0p10__c1p00,extension_full,support,full,0.1,1.0,45,152,0.0,3,48,0.109418035,0.12072044,0.12072044,0.9468291,0.113024056,0.011302406,0.0,0.0,0.0,0.0,-26.098257,26.000002,2.0830655,0.6943552,0.16800001,0.0,125,0.12254246,,,,,,,,,0
edge_full__support__t1m__a0p10__c1p00,extension_full,support,full,0.1,1.0,45,153,0.0,3,48,0.12072044,0.13091798,0.13091798,0.99150425,0.10197548,0.010197548,0.0,0.0,0.0,0.0,-27.253613,26.000002,2.1813529,0.72711766,0.14400001,0.0,125,0.1621727,,,,,,,,,0
edge_full__support__t1m__a0p10__c1p00,extension_full,support,full,0.1,1.0,45,154,0.0,3,48,0.13091798,0.14176881,0.14176881,0.9645367,0.10850837,0.010850837,0.0,0.0,0.0,0.0,-26.999178,26.000002,2.122023,0.7073411,0.136,0.0,125,0.13439158,,,,,,,,,0
edge_full__support__t1m__a0p10__c1p00,extension_full,support,full,0.1,1.0,45,155,0.0,3,48,0.14176881,0.1519619,0.1519619,0.99169433,0.10193085,0.010193085,0.0,0.0,0.0,0.0,-26.993967,26.000002,2.181771,0.727257,0.17600001,0.0,125,0.14296575,,,,,,,,,0
edge_full__support__t1m__a0p10__c1p00,extension_full,support,full,0.1,1.0,45,156,0.0,3,48,0.1519619,0.16213056,0.16213056,0.99273574,0.101686716,0.010168672,0.0,0.0,0.0,0.0,-26.960884,26.0,2.1840622,0.7280208,0.19999999,0.0,100,0.14373995,,,,,,,,,0
edge_full__support__t1m__a0p10__c1p00,extension_full,support,full,0.1,1.0,45,157,0.0,3,48,0.16213056,0.1722945,0.1722945,0.99293816,0.10163933,0.010163933,0.0,0.0,0.0,0.0,-27.101833,26.000002,2.1845076,0.7281692,0.16000001,0.0,125,0.15381418,,,,,,,,,0
edge_full__support__t1m__a0p10__c1p00,extension_full,support,full,0.1,1.0,45,158,0.0,3,48,0.1722945,0.18321814,0.18321814,0.9616326,0.1092364,0.01092364,0.0,0.0,0.0,0.0,-26.331665,26.000002,2.115634,0.70521134,0.18400002,0.0,125,0.14895894,,,,,,,,,0
edge_full__support__t1m__a0p10__c1p00,extension_full,support,full,0.1,1.0,45,159,0.0,3,48,0.18321814,0.19310859,0.19310859,1.0047835,0.098904595,0.0098904595,0.0,0.0,0.0,0.0,-27.030693,26.000002,2.210568,0.736856,0.15200001,0.0,125,0.15062225,,,,,,-24.327192,0.0,0.5981289,1
edge_full__support__t1m__a0p10__c1p00,extension_full,support,full,0.1,1.0,45,160,0.0,3,48,0.19310859,0.20443779,0.20443779,0.9458004,0.1132921,0.01132921,0.0,0.0,0.0,0.0,-25.988863,26.000002,2.0808024,0.69360083,0.18400002,0.0,125,0.1371921,,,,,,,,,0
edge_full__support__t1m__a0p10__c1p00,extension_full,support,full,0.1,1.0,45,161,0.0,3,48,0.20443779,0.21532825,0.21532825,0.9629543,0.10890447,0.010890448,0.0,0.0,0.0,0.0,-26.257305,26.000002,2.1185417,0.7061806,0.208,0.0,125,0.15919389,,,,,,,,,0
edge_full__support__t1m__a0p10__c1p00,extension_full,support,full,0.1,1.0,45,162,0.0,3,48,0.21532825,0.22752167,0.22752167,0.9138744,0.12193421,0.012193422,0.0,0.0,0.0,0.0,-25.448692,26.000002,2.0105639,0.67018795,0.16800001,0.0,125,0.13074201,,,,,,,,,0
edge_full__support__t1m__a0p10__c1p00,extension_full,support,full,0.1,1.0,45,163,0.0,3,48,0.22752167,0.24022269,0.24022269,0.8961614,0.12701021,0.0127010215,0.0,0.0,0.0,0.0,-25.129614,26.000002,1.9715943,0.65719813,0.24800001,0.008,125,0.1344342,,,,,,,,,0
edge_full__support__t1m__a0p10__c1p00,extension_full,support,full,0.1,1.0,45,164,0.0,3,48,0.24022269,0.2503,0.2503,0.9966556,0.10077307,0.010077307,0.0,0.0,0.0,0.0,-27.415668,26.000002,2.192686,0.7308954,0.16000001,0.0,125,0.1365264,,,,,,,,,0
edge_full__support__t1m__a0p10__c1p00,extension_full,support,full,0.1,1.0,45,165,0.0,3,48,0.2503,0.26050538,0.26050538,0.9911699,0.102054015,0.010205402,0.0,0.0,0.0,0.0,-26.783022,26.000002,2.1806173,0.72687244,0.208,0.0,125,0.1393129,,,,,,,,,0
edge_full__support__t1m__a0p10__c1p00,extension_full,support,full,0.1,1.0,45,166,0.0,3,48,0.26050538,0.27056655,0.27056655,0.99735135,0.10061173,0.010061174,0.0,0.0,0.0,0.0,-26.943146,26.000002,2.1942167,0.7314056,0.15200001,0.0,125,0.15289469,,,,,,,,,0
edge_full__support__t1m__a0p10__c1p00,extension_full,support,full,0.1,1.0,45,167,0.0,3,48,0.27056655,0.2821917,0.2821917,0.9346019,0.11625137,0.011625137,0.0,0.0,0.0,0.0,-25.972315,26.000002,2.0561652,0.68538845,0.224,0.0,125,0.1460286,,,,,,,,,0
edge_full__support__t1m__a0p10__c1p00,extension_full,support,full,0.1,1.0,45,168,0.0,3,48,0.2821917,0.293156,0.293156,0.9600193,0.10964294,0.010964294,0.0,0.0,0.0,0.0,-26.623539,26.000002,2.1120846,0.70402825,0.16000001,0.0,125,0.14269611,,,,,,,,,0
edge_full__support__t1m__a0p10__c1p00,extension_full,support,full,0.1,1.0,45,169,0.0,3,48,0.293156,0.30234203,0.30234203,1.0368721,0.09186029,0.0091860285,0.0,0.0,0.0,0.0,-27.372168,26.0,2.2811642,0.7603881,0.11,0.0,100,0.17670356,,,,,,,,,0
edge_full__support__t1m__a0p10__c1p00,extension_full,support,full,0.1,1.0,45,170,0.0,3,48,0.30234203,0.31311396,0.31311396,0.9677064,0.10771931,0.010771931,0.0,0.0,0.0,0.0,-26.7792,26.000002,2.1289966,0.70966554,0.15200001,0.0,125,0.13371997,,,,,,,,,0
edge_full__support__t1m__a0p10__c1p00,extension_full,support,full,0.1,1.0,45,171,0.0,3,48,0.31311396,0.3244466,0.3244466,0.9456694,0.113326274,0.011332627,0.0,0.0,0.0,0.0,-25.593412,26.000002,2.0805142,0.69350475,0.18400002,0.0,125,0.12530914,,,,,,,,,0
edge_full__support__t1m__a0p10__c1p00,extension_full,support,full,0.1,1.0,45,172,0.0,3,48,0.3244466,0.33533272,0.33533272,0.9631258,0.10886146,0.010886147,0.0,0.0,0.0,0.0,-26.451271,26.000002,2.1189191,0.7063064,0.17600001,0.0,125,0.13411428,,,,,,,,,0
edge_full__support__t1m__a0p10__c1p00,extension_full,support,full,0.1,1.0,45,173,0.0,3,48,0.33533272,0.34663484,0.34663484,0.94684035,0.11302113,0.011302113,0.0,0.0,0.0,0.0,-25.760714,26.000002,2.0830903,0.6943635,0.136,0.0,125,0.13930327,,,,,,,,,0
edge_full__support__t1m__a0p10__c1p00,extension_full,support,full,0.1,1.0,45,174,0.0,3,48,0.34663484,0.35732517,0.35732517,0.97100854,0.10690338,0.010690338,0.0,0.0,0.0,0.0,-26.607113,26.000002,2.1362615,0.71208715,0.15200001,0.0,125,0.12335676,,,,,,,,,0
edge_full__support__t1m__a0p10__c1p00,extension_full,support,full,0.1,1.0,45,175,0.0,3,48,0.35732517,0.3685669,0.3685669,0.94916636,0.112417415,0.0112417415,0.0,0.0,0.0,0.0,-26.12641,26.000002,2.0882077,0.69606924,0.16800001,0.0,125,0.1448466,,,,,,,,,0
edge_full__support__t1m__a0p10__c1p00,extension_full,support,full,0.1,1.0,45,176,0.0,3,48,0.3685669,0.37990993,0.37990993,0.9452709,0.113430314,0.011343031,0.0,0.0,0.0,0.0,-25.960356,26.000002,2.0796375,0.6932125,0.24000001,0.0,125,0.14196907,,,,,,,,,0
edge_full__support__t1m__a0p10__c1p00,extension_full,support,full,0.1,1.0,45,177,0.0,3,48,0.37990993,0.39058098,0.39058098,0.97179335,0.10671038,0.010671038,0.0,0.0,0.0,0.0,-26.442692,26.000002,2.137988,0.7126627,0.16000001,0.0,125,0.13578054,,,,,,,,,0
edge_full__support__t1m__a0p10__c1p00,extension_full,support,full,0.1,1.0,45,178,0.0,3,48,0.39058098,0.40250325,0.40250325,0.92364126,0.11922263,0.011922264,0.0,0.0,0.0,0.0,-26.140581,26.000002,2.0320513,0.67735046,0.2,0.0,125,0.1250523,,,,,,,,,0
edge_full__support__t1m__a0p10__c1p00,extension_full,support,full,0.1,1.0,45,179,0.0,3,48,0.40250325,0.41249472,0.41249472,1.0003712,0.099914566,0.009991457,0.0,0.0,0.0,0.0,-26.458607,26.000002,2.2008605,0.73362017,0.224,0.0,125,0.17707472,,,,,,-24.327192,0.0,0.5981289,1
edge_full__support__t1m__a0p10__c1p00,extension_full,support,full,0.1,1.0,45,180,0.0,3,48,0.41249472,0.42279866,0.42279866,0.98699677,0.103039384,0.010303939,0.0,0.0,0.0,0.0,-27.87511,26.000002,2.1714363,0.7238121,0.15200001,0.0,125,0.15495682,,,,,,,,,0
edge_full__support__t1m__a0p10__c1p00,extension_full,support,full,0.1,1.0,45,181,0.0,3,48,0.42279866,0.43368682,0.43368682,0.963045,0.10888173,0.010888173,0.0,0.0,0.0,0.0,-26.825012,26.000002,2.1187413,0.7062471,0.216,0.0,125,0.15373363,,,,,,,,,0
edge_full__support__t1m__a0p10__c1p00,extension_full,support,full,0.1,1.0,45,182,0.0,3,48,0.43368682,0.4450248,0.4450248,0.9454647,0.113379695,0.011337969,0.0,0.0,0.0,0.0,-26.665546,26.0,2.0800638,0.6933546,0.16,0.0,100,0.14401768,,,,,,,,,0
edge_full__support__t1m__a0p10__c1p00,extension_full,support,full,0.1,1.0,45,183,0.0,3,48,0.4450248,0.45626792,0.45626792,0.94911253,0.11243136,0.011243137,0.0,0.0,0.0,0.0,-26.130318,26.000002,2.0880892,0.6960298,0.208,0.0,125,0.13158306,,,,,,,,,0
edge_full__support__t1m__a0p10__c1p00,extension_full,support,full,0.1,1.0,45,184,0.0,3,48,0.45626792,0.4671485,0.4671485,0.963348,0.10880579,0.010880579,0.0,0.0,0.0,0.0,-26.05341,26.000002,2.119408,0.7064693,0.16000001,0.0,125,0.13211405,,,,,,,,,0
edge_full__support__t1m__a0p10__c1p00,extension_full,support,full,0.1,1.0,45,185,0.0,3,48,0.4671485,0.47798356,0.47798356,0.9651695,0.108350396,0.010835039,0.0,0.0,0.0,0.0,-26.104689,26.000002,2.1234152,0.7078051,0.18400002,0.0,125,0.15585066,,,,,,,,,0
edge_full__support__t1m__a0p10__c1p00,extension_full,support,full,0.1,1.0,45,186,0.0,3,48,0.47798356,0.48838958,0.48838958,0.98271596,0.10406005,0.010406005,0.0,0.0,0.0,0.0,-26.08301,26.000002,2.1620183,0.7206728,0.192,0.0,125,0.15918455,,,,,,,,,0
edge_full__support__t1m__a0p10__c1p00,extension_full,support,full,0.1,1.0,45,187,0.0,3,48,0.48838958,0.49893865,0.49893865,0.9767854,0.10549078,0.010549079,0.0,0.0,0.0,0.0,-26.748083,26.000002,2.1489708,0.7163236,0.16800001,0.0,125,0.16209246,,,,,,,,,0
edge_full__support__t1m__a0p10__c1p00,extension_full,support,full,0.1,1.0,45,188,0.0,3,48,0.49893865,0.5094238,0.5094238,0.9794257,0.10485141,0.010485142,0.0,0.0,0.0,0.0,-26.848799,26.000002,2.1547797,0.71825993,0.16800001,0.0,125,0.13084543,,,,,,,,,0
edge_full__support__t1m__a0p10__c1p00,extension_full,support,full,0.1,1.0,45,189,0.0,3,48,0.5094238,0.5190893,0.5190893,1.0147766,0.0966548,0.009665481,0.0,0.0,0.0,0.0,-27.123838,26.000002,2.232553,0.7441844,0.192,0.0,125,0.14936864,,,,,,,,,0
edge_full__support__t1m__a0p10__c1p00,extension_full,support,full,0.1,1.0,45,190,0.0,3,48,0.5190893,0.53000534,0.53000534,0.96193516,0.10916032,0.010916032,0.0,0.0,0.0,0.0,-26.919865,26.000002,2.1162996,0.70543325,0.2,0.0,125,0.14985351,,,,,,,,,0
edge_full__support__t1m__a0p10__c1p00,extension_full,support,full,0.1,1.0,45,191,0.0,3,48,0.53000534,0.5410125,0.5410125,0.9583243,0.1100717,0.01100717,0.0,0.0,0.0,0.0,-26.149164,26.000002,2.1083555,0.7027852,0.224,0.0,125,0.13334967,,,,,,,,,0
edge_full__support__t1m__a0p10__c1p00,extension_full,support,full,0.1,1.0,45,192,0.0,3,48,0.5410125,0.55146956,0.55146956,0.98059016,0.10457064,0.010457064,0.0,0.0,0.0,0.0,-26.720154,26.000002,2.1573415,0.7191138,0.192,0.0,125,0.17503288,,,,,,,,,0
edge_full__support__t1m__a0p10__c1p00,extension_full,support,full,0.1,1.0,45,193,0.0,3,48,0.55146956,0.56140304,0.56140304,1.0028995,0.099334575,0.009933458,0.0,0.0,0.0,0.0,-26.560873,26.000002,2.206423,0.73547435,0.136,0.0,125,0.14363919,,,,,,,,,0
edge_full__support__t1m__a0p10__c1p00,extension_full,support,full,0.1,1.0,45,194,0.0,3,48,0.56140304,0.57228523,0.57228523,0.96328425,0.10882175,0.0108821755,0.0,0.0,0.0,0.0,-26.589094,26.000002,2.1192677,0.70642257,0.16000001,0.0,125,0.1433932,,,,,,,,,0
edge_full__support__t1m__a0p10__c1p00,extension_full,support,full,0.1,1.0,45,195,0.0,3,48,0.57228523,0.5829693,0.5829693,0.9712628,0.1068408,0.0106840795,0.0,0.0,0.0,0.0,-26.337954,26.0,2.1368208,0.7122736,0.14999999,0.0,100,0.12513003,,,,,,,,,0
edge_full__support__t1m__a0p10__c1p00,extension_full,support,full,0.1,1.0,45,196,0.0,3,48,0.5829693,0.59448075,0.59448075,0.9388692,0.11511472,0.011511472,0.0,0.0,0.0,0.0,-25.794947,26.000002,2.0655534,0.6885178,0.18400002,0.0,125,0.13115221,,,,,,,,,0
edge_full__support__t1m__a0p10__c1p00,extension_full,support,full,0.1,1.0,45,197,0.0,3,48,0.59448075,0.6059807,0.6059807,0.9393047,0.11499931,0.011499931,0.0,0.0,0.0,0.0,-25.674332,26.000002,2.0665116,0.68883723,0.16000001,0.008,125,0.15884902,,,,,,,,,0
edge_full__support__t1m__a0p10__c1p00,extension_full,support,full,0.1,1.0,45,198,0.0,3,48,0.6059807,0.6157533,0.6157533,1.0099894,0.09772611,0.009772611,0.0,0.0,0.0,0.0,-27.015104,26.000002,2.222021,0.7406737,0.14400001,0.0,125,0.14649317,,,,,,,,,0
edge_full__support__t1m__a0p10__c1p00,extension_full,support,full,0.1,1.0,45,199,0.0,3,48,0.6157533,0.62616,0.62616,0.98268616,0.10406719,0.0104067195,0.0,0.0,0.0,0.0,-27.168951,26.000002,2.1619527,0.7206509,0.17600001,0.0,125,0.15419412,,,,,,-24.327192,0.0,0.5981289,1
edge_full__support__t1m__a0p10__c1p00,extension_full,support,full,0.1,1.0,45,200,0.0,3,48,0.62616,0.63621956,0.63621956,0.9974229,0.10059516,0.010059516,0.0,0.0,0.0,0.0,-27.448215,26.000002,2.194374,0.73145807,0.16000001,0.0,125,0.17474423,,,,,,,,,0
edge_full__support__t1m__a0p10__c1p00,extension_full,support,full,0.1,1.0,45,201,0.0,3,48,0.63621956,0.64802146,0.64802146,0.9280491,0.11801871,0.0118018715,0.0,0.0,0.0,0.0,-25.875423,26.000002,2.0417488,0.68058294,0.14400001,0.0,125,0.13519348,,,,,,,,,0
edge_full__support__t1m__a0p10__c1p00,extension_full,support,full,0.1,1.0,45,202,0.0,3,48,0.64802146,0.6581439,0.6581439,0.9947163,0.10122405,0.010122405,0.0,0.0,0.0,0.0,-26.583015,26.000002,2.1884196,0.72947323,0.2,0.0,125,0.12813397,,,,,,,,,0
edge_full__support__t1m__a0p10__c1p00,extension_full,support,full,0.1,1.0,45,203,0.0,3,48,0.6581439,0.66944593,0.66944593,0.94684356,0.113020286,0.011302029,0.0,0.0,0.0,0.0,-25.695942,26.000002,2.0830975,0.69436586,0.224,0.0,125,0.13632494,,,,,,,,,0
edge_full__support__t1m__a0p10__c1p00,extension_full,support,full,0.1,1.0,45,204,0.0,3,48,0.66944593,0.6794772,0.6794772,0.9986427,0.10031303,0.010031303,0.0,0.0,0.0,0.0,-27.241522,26.000002,2.1970577,0.7323526,0.192,0.0,125,0.16402954,,,,,,,,,0
edge_full__support__t1m__a0p10__c1p00,extension_full,support,full,0.1,1.0,45,205,0.0,3,48,0.6794772,0.6880759,0.6880759,1.0655682,0.08598679,0.00859868,0.0,0.0,0.0,0.0,-28.996098,26.000002,2.344297,0.78143233,0.14400001,0.0,125,0.17101343,,,,,,,,,0
edge_full__support__t1m__a0p10__c1p00,extension_full,support,full,0.1,1.0,45,206,0.0,3,48,0.6880759,0.6987847,0.6987847,0.97025764,0.10708838,0.010708838,0.0,0.0,0.0,0.0,-26.616306,26.000002,2.1346095,0.7115365,0.2,0.0,125,0.13540754,,,,,,,,,0
edge_full__support__t1m__a0p10__c1p00,extension_full,support,full,0.1,1.0,45,207,0.0,3,48,0.6987847,0.70956504,0.70956504,0.9673679,0.10780332,0.010780333,0.0,0.0,0.0,0.0,-26.523335,26.000002,2.1282518,0.7094173,0.136,0.0,125,0.14375299,,,,,,,,,0
edge_full__support__t1m__a0p10__c1p00,extension_full,support,full,0.1,1.0,45,208,0.0,3,48,0.70956504,0.72051036,0.72051036,0.96077245,0.109452985,0.010945299,0.0,0.0,0.0,0.0,-25.633406,26.0,2.1137416,0.70458055,0.14,0.0,100,0.15720128,,,,,,,,,0
edge_full__support__t1m__a0p10__c1p00,extension_full,support,full,0.1,1.0,45,209,0.0,3,48,0.72051036,0.7304505,0.7304505,1.0026063,0.09940167,0.009940167,0.0,0.0,0.0,0.0,-27.715141,26.000002,2.205778,0.7352593,0.15200001,0.0,125,0.14869986,,,,,,,,,0
edge_full__support__t1m__a0p10__c1p00,extension_full,support,full,0.1,1.0,45,210,0.0,3,48,0.7304505,0.7420421,0.7420421,0.9358551,0.1159164,0.01159164,0.0,0.0,0.0,0.0,-26.343924,26.000002,2.0589223,0.68630743,0.24000001,0.008,125,0.15287712,,,,,,,,,0
edge_full__support__t1m__a0p10__c1p00,extension_full,support,full,0.1,1.0,45,211,0.0,3,48,0.7420421,0.7533648,0.7533648,0.94605076,0.1132268,0.01132268,0.0,0.0,0.0,0.0,-26.539158,26.000002,2.0813532,0.6937844,0.14400001,0.0,125,0.15273364,,,,,,,,,0
edge_full__support__t1m__a0p10__c1p00,extension_full,support,full,0.1,1.0,45,212,0.0,3,48,0.7533648,0.7634684,0.7634684,0.9955244,0.10103587,0.010103587,0.0,0.0,0.0,0.0,-27.060284,26.000002,2.1901975,0.7300658,0.15200001,0.0,125,0.15179892,,,,,,,,,0
edge_full__support__t1m__a0p10__c1p00,extension_full,support,full,0.1,1.0,45,213,0.0,3,48,0.7634684,0.7735589,0.7735589,0.99608684,0.1009051,0.01009051,0.0,0.0,0.0,0.0,-27.586302,26.000002,2.1914349,0.7304783,0.16000001,0.0,125,0.14594927,,,,,,,,,0
edge_full__support__t1m__a0p10__c1p00,extension_full,support,full,0.1,1.0,45,214,0.0,3,48,0.7735589,0.7852082,0.7852082,0.9337004,0.11649294,0.011649295,0.0,0.0,0.0,0.0,-26.681414,26.000002,2.0541818,0.6847273,0.18400002,0.0,125,0.15060872,,,,,,,,,0
edge_full__support__t1m__a0p10__c1p00,extension_full,support,full,0.1,1.0,45,215,0.0,3,48,0.7852082,0.7947483,0.7947483,1.0204469,0.095401034,0.009540103,0.0,0.0,0.0,0.0,-26.81338,26.000002,2.245028,0.7483427,0.16000001,0.0,125,0.1713297,,,,,,,,,0
edge_full__support__t1m__a0p10__c1p00,extension_full,support,full,0.1,1.0,45,216,0.0,3,48,0.7947483,0.80522346,0.80522346,0.9798386,0.10475178,0.010475178,0.0,0.0,0.0,0.0,-27.27769,26.000002,2.155688,0.7185627,0.128,0.0,125,0.15766044,,,,,,,,,0
edge_full__support__t1m__a0p10__c1p00,extension_full,support,full,0.1,1.0,45,217,0.0,3,48,0.80522346,0.81642526,0.81642526,0.9507128,0.11201784,0.011201784,0.0,0.0,0.0,0.0,-26.90038,26.000002,2.09161,0.69720334,0.2,0.0,125,0.13706124,,,,,,,,,0
edge_full__support__t1m__a0p10__c1p00,extension_full,support,full,0.1,1.0,45,218,0.0,3,48,0.81642526,0.82592213,0.82592213,1.0224185,0.094968915,0.009496892,0.0,0.0,0.0,0.0,-27.616205,26.000002,2.2493656,0.7497885,0.16000001,0.0,125,0.15775669,,,,,,,,,0
edge_full__support__t1m__a0p10__c1p00,extension_full,support,full,0.1,1.0,45,219,0.0,3,48,0.82592213,0.8371549,0.8371549,0.9495114,0.11232815,0.011232815,0.0,0.0,0.0,0.0,-26.185966,26.000002,2.0889668,0.6963223,0.18400002,0.0,125,0.14617804,,,,,,-24.327192,0.0,0.5981289,1
edge_full__support__t1m__a0p10__c1p00,extension_full,support,full,0.1,1.0,45,220,0.0,3,48,0.8371549,0.84754395,0.84754395,0.983425,0.10389029,0.010389029,0.0,0.0,0.0,0.0,-26.608513,26.000002,2.1635783,0.7211928,0.18400002,0.0,125,0.13566092,,,,,,,,,0
edge_full__support__t1m__a0p10__c1p00,extension_full,support,full,0.1,1.0,45,221,0.0,3,48,0.84754395,0.8578987,0.8578987,0.9848603,0.10354751,0.010354752,0.0,0.0,0.0,0.0,-26.575214,26.0,2.166736,0.72224534,0.17999999,0.0,100,0.14173442,,,,,,,,,0
edge_full__support__t1m__a0p10__c1p00,extension_full,support,full,0.1,1.0,45,222,0.0,3,48,0.8578987,0.86905193,0.86905193,0.9526007,0.11153195,0.011153195,0.0,0.0,0.0,0.0,-26.473658,26.000002,2.0957634,0.69858783,0.17600001,0.0,125,0.16294497,,,,,,,,,0
edge_full__support__t1m__a0p10__c1p00,extension_full,support,full,0.1,1.0,45,223,0.0,3,48,0.86905193,0.87981975,0.87981975,0.9678722,0.1076782,0.01076782,0.0,0.0,0.0,0.0,-26.318249,26.000002,2.1293614,0.70978713,0.14400001,0.0,125,0.14668494,,,,,,,,,0
edge_full__support__t1m__a0p10__c1p00,extension_full,support,full,0.1,1.0,45,224,0.0,3,48,0.87981975,0.89024746,0.89024746,0.9818106,0.104277186,0.010427719,0.0,0.0,0.0,0.0,-26.957052,26.000002,2.1600266,0.72000885,0.14400001,0.0,125,0.12649682,,,,,,,,,0
edge_full__support__t1m__a0p10__c1p00,extension_full,support,full,0.1,1.0,45,225,0.0,3,48,0.89024746,0.90136725,0.90136725,0.95390266,0.11119809,0.011119809,0.0,0.0,0.0,0.0,-26.211014,26.000002,2.0986278,0.69954264,0.224,0.0,125,0.15345106,,,,,,,,,0
edge_full__support__t1m__a0p10__c1p00,extension_full,support,full,0.1,1.0,45,226,0.0,3,48,0.90136725,0.9129889,0.9129889,0.9347317,0.11621662,0.011621662,0.0,0.0,0.0,0.0,-25.90865,26.000002,2.0564508,0.68548363,0.2,0.0,125,0.14249599,,,,,,,,,0
edge_full__support__t1m__a0p10__c1p00,extension_full,support,full,0.1,1.0,45,227,0.0,3,48,0.9129889,0.9245574,0.9245574,0.93672454,0.11568458,0.011568458,0.0,0.0,0.0,0.0,-26.314184,26.000002,2.0608351,0.6869451,0.16000001,0.0,125,0.16112475,,,,,,,,,0
edge_full__support__t1m__a0p10__c1p00,extension_full,support,full,0.1,1.0,45,228,0.0,3,48,0.9245574,0.9334211,0.9334211,1.0523864,0.08863671,0.008863672,0.0,0.0,0.0,0.0,-27.642044,26.000002,2.3152964,0.7717655,0.15200001,0.0,125,0.1525895,,,,,,,,,0
edge_full__support__t1m__a0p10__c1p00,extension_full,support,full,0.1,1.0,45,229,0.0,3,48,0.9334211,0.9435414,0.9435414,0.99480397,0.10120361,0.010120361,0.0,0.0,0.0,0.0,-27.091686,26.000002,2.1886125,0.7295375,0.16800001,0.0,125,0.14082731,,,,,,,,,0
edge_full__support__t1m__a0p10__c1p00,extension_full,support,full,0.1,1.0,45,230,0.0,3,48,0.9435414,0.95466465,0.95466465,0.95376915,0.11123229,0.011123229,0.0,0.0,0.0,0.0,-26.23135,26.000002,2.098334,0.6994447,0.192,0.0,125,0.14783804,,,,,,,,,0
edge_full__support__t1m__a0p10__c1p00,extension_full,support,full,0.1,1.0,45,231,0.0,3,48,0.95466465,0.96418023,0.96418023,1.0215658,0.09515556,0.0095155565,0.0,0.0,0.0,0.0,-27.624325,26.000002,2.2474897,0.74916327,0.18400002,0.0,125,0.14815694,,,,,,,,,0
edge_full__support__t1m__a0p10__c1p00,extension_full,support,full,0.1,1.0,45,232,0.0,3,48,0.96418023,0.9744926,0.9744926,0.986641,0.10312382,0.010312382,0.0,0.0,0.0,0.0,-26.99761,26.000002,2.1706536,0.7235512,0.16800001,0.0,125,0.15295242,,,,,,,,,0
edge_full__support__t1m__a0p10__c1p00,extension_full,support,full,0.1,1.0,45,233,0.0,3,48,0.9744926,0.9842893,0.9842893,1.0089209,0.09796683,0.009796683,0.0,0.0,0.0,0.0,-28.001743,26.000002,2.2196703,0.7398901,0.14400001,0.0,125,0.16087574,,,,,,,,,0
edge_full__support__t1m__a0p10__c1p00,extension_full,support,full,0.1,1.0,45,234,0.0,3,48,0.9842893,0.99485445,0.99485445,0.97612405,0.10565157,0.010565157,0.0,0.0,0.0,0.0,-26.66682,26.0,2.1475158,0.7158386,0.16,0.0,100,0.15135372,,,,,,,,,0
edge_full__support__t1m__a0p10__c1p00,extension_full,support,full,0.1,1.0,45,235,0.0,3,48,0.99485445,1.0052626,1.0,0.9826268,0.104081415,0.010408142,0.0,0.0,0.0,0.0,-26.378992,26.000002,2.161822,0.7206074,0.208,0.0,125,0.14405029,,,,,,,,,0
edge_full__support__t1m__a0p10__c1p00,extension_full,support,full,0.1,1.0,45,236,1.0,4,64,1.0,0.009661826,0.009661826,1.0149407,0.09661826,0.009661826,0.0,0.0,0.0,0.0,-27.791697,26.000002,2.2329142,0.7443048,0.14400001,0.0,125,0.1810028,-0.00038503564,53.00326,1.6054971,26.48519,1.0,,,,0
edge_full__support__t1m__a0p10__c1p00,extension_full,support,full,0.1,1.0,45,237,0.0,4,64,0.009661826,0.019884394,0.019884394,0.99044,0.102225676,0.010222568,0.0,0.0,0.0,0.0,-27.070763,26.000002,2.1790116,0.7263372,0.192,0.0,125,0.1323106,,,,,,,,,0
edge_full__support__t1m__a0p10__c1p00,extension_full,support,full,0.1,1.0,45,238,0.0,4,64,0.019884394,0.031248763,0.031248763,0.94445467,0.113643676,0.011364368,0.0,0.0,0.0,0.0,-26.248795,26.000002,2.0778418,0.69261396,0.256,0.0,125,0.12716359,,,,,,,,,0
edge_full__support__t1m__a0p10__c1p00,extension_full,support,full,0.1,1.0,45,239,0.0,4,64,0.031248763,0.042373016,0.042373016,0.9537291,0.11124253,0.011124253,0.0,0.0,0.0,0.0,-26.878162,26.000002,2.0982459,0.6994153,0.216,0.0,125,0.15771654,,,,,,-23.65185,0.0,0.5566051,1
edge_full__support__t1m__a0p10__c1p00,extension_full,support,full,0.1,1.0,45,240,0.0,4,64,0.042373016,0.0541782,0.0541782,0.92792726,0.118051834,0.011805183,0.0,0.0,0.0,0.0,-26.049232,26.000002,2.0414808,0.6804936,0.14400001,0.0,125,0.11874437,,,,,,,,,0
edge_full__support__t1m__a0p10__c1p00,extension_full,support,full,0.1,1.0,45,241,0.0,4,64,0.0541782,0.0653253,0.0653253,0.9528383,0.11147097,0.011147097,0.0,0.0,0.0,0.0,-26.058575,26.000002,2.096286,0.69876206,0.128,0.0,125,0.12688212,,,,,,,,,0
edge_full__support__t1m__a0p10__c1p00,extension_full,support,full,0.1,1.0,45,242,0.0,4,64,0.0653253,0.07565042,0.07565042,0.9861049,0.10325119,0.010325119,0.0,0.0,0.0,0.0,-25.906107,26.000002,2.1694741,0.72315806,0.17600001,0.0,125,0.16790266,,,,,,,,,0
edge_full__support__t1m__a0p10__c1p00,extension_full,support,full,0.1,1.0,45,243,0.0,4,64,0.07565042,0.08571158,0.08571158,0.99735177,0.100611635,0.010061163,0.0,0.0,0.0,0.0,-26.46085,26.000002,2.1942177,0.7314059,0.136,0.0,125,0.14458369,,,,,,,,,0
edge_full__support__t1m__a0p10__c1p00,extension_full,support,full,0.1,1.0,45,244,0.0,4,64,0.08571158,0.097554505,0.097554505,0.9265412,0.11842919,0.0118429195,0.0,0.0,0.0,0.0,-26.22123,26.000002,2.0384314,0.67947716,0.18400002,0.0,125,0.1442844,,,,,,,,,0
edge_full__support__t1m__a0p10__c1p00,extension_full,support,full,0.1,1.0,45,245,0.0,4,64,0.097554505,0.10907044,0.10907044,0.9387007,0.11515937,0.011515937,0.0,0.0,0.0,0.0,-26.201544,26.000002,2.0651827,0.68839425,0.18400002,0.0,125,0.14925864,,,,,,,,,0
edge_full__support__t1m__a0p10__c1p00,extension_full,support,full,0.1,1.0,45,246,0.0,4,64,0.10907044,0.120500036,0.120500036,0.9419692,0.11429592,0.011429592,0.0,0.0,0.0,0.0,-26.71741,26.000002,2.0723736,0.69079125,0.192,0.0,125,0.12579006,,,,,,,,,0
edge_full__support__t1m__a0p10__c1p00,extension_full,support,full,0.1,1.0,45,247,0.0,4,64,0.120500036,0.13138044,0.13138044,0.96335524,0.10880398,0.010880399,0.0,0.0,0.0,0.0,-26.34111,26.0,2.1194239,0.70647466,0.089999996,0.0,100,0.13915637,,,,,,,,,0
edge_full__support__t1m__a0p10__c1p00,extension_full,support,full,0.1,1.0,45,248,0.0,4,64,0.13138044,0.14190403,0.14190403,0.97783595,0.105235934,0.010523594,0.0,0.0,0.0,0.0,-26.4265,26.000002,2.151282,0.71709406,0.128,0.0,125,0.17299923,,,,,,,,,0
edge_full__support__t1m__a0p10__c1p00,extension_full,support,full,0.1,1.0,45,249,0.0,4,64,0.14190403,0.1540742,0.1540742,0.91470313,0.121701755,0.012170176,0.0,0.0,0.0,0.0,-26.182467,26.000002,2.012387,0.6707957,0.17600001,0.0,125,0.13635483,,,,,,,,,0
edge_full__support__t1m__a0p10__c1p00,extension_full,support,full,0.1,1.0,45,250,0.0,4,64,0.1540742,0.1651056,0.1651056,0.95736986,0.11031387,0.011031387,0.0,0.0,0.0,0.0,-26.216644,26.000002,2.1062558,0.70208526,0.14400001,0.0,125,0.14361033,,,,,,,,,0
edge_full__support__t1m__a0p10__c1p00,extension_full,support,full,0.1,1.0,45,251,0.0,4,64,0.1651056,0.17545168,0.17545168,0.98522395,0.10346084,0.010346084,0.0,0.0,0.0,0.0,-26.64041,26.000002,2.167536,0.722512,0.2,0.0,125,0.13252702,,,,,,,,,0
edge_full__support__t1m__a0p10__c1p00,extension_full,support,full,0.1,1.0,45,252,0.0,4,64,0.17545168,0.18744959,0.18744959,0.9208946,0.119979024,0.011997903,0.0,0.0,0.0,0.0,-26.653324,26.000002,2.0260086,0.67533624,0.15200001,0.0,125,0.14518762,,,,,,,,,0
edge_full__support__t1m__a0p10__c1p00,extension_full,support,full,0.1,1.0,45,253,0.0,4,64,0.18744959,0.19950879,0.19950879,0.9186818,0.12059191,0.012059191,0.0,0.0,0.0,0.0,-25.315962,26.000002,2.0211403,0.67371345,0.2,0.0,125,0.12547569,,,,,,,,,0
edge_full__support__t1m__a0p10__c1p00,extension_full,support,full,0.1,1.0,45,254,0.0,4,64,0.19950879,0.21051799,0.21051799,0.9582443,0.110091984,0.011009199,0.0,0.0,0.0,0.0,-26.755512,26.000002,2.1081796,0.70272654,0.18400002,0.0,125,0.16863382,,,,,,,,,0
edge_full__support__t1m__a0p10__c1p00,extension_full,support,full,0.1,1.0,45,255,0.0,4,64,0.21051799,0.22265038,0.22265038,0.9160537,0.12132389,0.0121323895,0.0,0.0,0.0,0.0,-25.946434,26.000002,2.0153584,0.6717862,0.24800001,0.0,125,0.14352807,,,,,,,,,0
edge_full__support__t1m__a0p10__c1p00,extension_full,support,full,0.1,1.0,45,256,0.0,4,64,0.22265038,0.23271336,0.23271336,0.9972736,0.100629754,0.010062976,0.0,0.0,0.0,0.0,-27.39819,26.000002,2.1940458,0.73134863,0.16800001,0.0,125,0.1392245,,,,,,,,,0
edge_full__support__t1m__a0p10__c1p00,extension_full,support,full,0.1,1.0,45,257,0.0,4,64,0.23271336,0.24301814,0.24301814,0.9869615,0.10304776,0.010304776,0.0,0.0,0.0,0.0,-27.203259,26.000002,2.1713586,0.72378623,0.17600001,0.0,125,0.16380364,,,,,,,,,0
edge_full__support__t1m__a0p10__c1p00,extension_full,support,full,0.1,1.0,45,258,0.0,4,64,0.24301814,0.25547108,0.25547108,0.9047277,0.124529496,0.01245295,0.0,0.0,0.0,0.0,-25.821766,26.000002,1.9904407,0.6634803,0.24800001,0.0,125,0.14503303,,,,,,,,,0
edge_full__support__t1m__a0p10__c1p00,extension_full,support,full,0.1,1.0,45,259,0.0,4,64,0.25547108,0.26635936,0.26635936,0.96304053,0.108882844,0.010888285,0.0,0.0,0.0,0.0,-26.99534,26.000002,2.1187315,0.7062439,0.16800001,0.0,125,0.15114875,,,,,,-23.65185,0.0,0.5566051,1
edge_full__support__t1m__a0p10__c1p00,extension_full,support,full,0.1,1.0,45,260,0.0,4,64,0.26635936,0.27903593,0.27903593,0.8969986,0.1267656,0.012676559,0.0,0.0,0.0,0.0,-25.687243,26.0,1.9734362,0.6578121,0.24,0.0,100,0.1553712,,,,,,,,,0
edge_full__support__t1m__a0p10__c1p00,extension_full,support,full,0.1,1.0,45,261,0.0,4,64,0.27903593,0.28859943,0.28859943,1.0193832,0.09563498,0.009563498,0.0,0.0,0.0,0.0,-28.078926,26.000002,2.2426877,0.7475626,0.136,0.0,125,0.1811479,,,,,,,,,0
edge_full__support__t1m__a0p10__c1p00,extension_full,support,full,0.1,1.0,45,262,0.0,4,64,0.28859943,0.29962477,0.29962477,0.95760775,0.11025345,0.011025346,0.0,0.0,0.0,0.0,-26.920254,26.000002,2.106779,0.7022597,0.208,0.0,125,0.15108691,,,,,,,,,0
edge_full__support__t1m__a0p10__c1p00,extension_full,support,full,0.1,1.0,45,263,0.0,4,64,0.29962477,0.3094944,0.3094944,1.0056983,0.09869648,0.009869648,0.0,0.0,0.0,0.0,-27.30872,26.000002,2.2125804,0.73752683,0.14400001,0.0,125,0.14970247,,,,,,,,,0
edge_full__support__t1m__a0p10__c1p00,extension_full,support,full,0.1,1.0,45,264,0.0,4,64,0.3094944,0.32187727,0.32187727,0.90717846,0.12382875,0.012382875,0.0,0.0,0.0,0.0,-25.541346,26.000002,1.9958324,0.6652775,0.18400002,0.0,125,0.13480228,,,,,,,,,0
edge_full__support__t1m__a0p10__c1p00,extension_full,support,full,0.1,1.0,45,265,0.0,4,64,0.32187727,0.3329059,0.3329059,0.9574793,0.11028608,0.011028608,0.0,0.0,0.0,0.0,-26.580793,26.000002,2.1064966,0.70216554,0.18400002,0.0,125,0.12287555,,,,,,,,,0
edge_full__support__t1m__a0p10__c1p00,extension_full,support,full,0.1,1.0,45,266,0.0,4,64,0.3329059,0.3434201,0.3434201,0.9782243,0.10514187,0.010514188,0.0,0.0,0.0,0.0,-26.668697,26.000002,2.1521363,0.7173788,0.120000005,0.0,125,0.12875974,,,,,,,,,0
edge_full__support__t1m__a0p10__c1p00,extension_full,support,full,0.1,1.0,45,267,0.0,4,64,0.3434201,0.35622266,0.35622266,0.89270234,0.12802584,0.012802585,0.0,0.0,0.0,0.0,-25.192993,26.000002,1.9639844,0.6546615,0.23200001,0.0,125,0.13380845,,,,,,,,,0
edge_full__support__t1m__a0p10__c1p00,extension_full,support,full,0.1,1.0,45,268,0.0,4,64,0.35622266,0.36558202,0.36558202,1.0287535,0.093593664,0.009359366,0.0,0.0,0.0,0.0,-27.642094,26.000002,2.263303,0.75443435,0.18400002,0.0,125,0.16456854,,,,,,,,,0
edge_full__support__t1m__a0p10__c1p00,extension_full,support,full,0.1,1.0,45,269,0.0,4,64,0.36558202,0.37636262,0.37636262,0.96735734,0.107805915,0.0107805915,0.0,0.0,0.0,0.0,-26.393,26.000002,2.1282287,0.7094096,0.208,0.0,125,0.13028008,,,,,,,,,0
edge_full__support__t1m__a0p10__c1p00,extension_full,support,full,0.1,1.0,45,270,0.0,4,64,0.37636262,0.3874641,0.3874641,0.954619,0.111014836,0.011101483,0.0,0.0,0.0,0.0,-26.140285,26.000002,2.1002038,0.70006794,0.15200001,0.0,125,0.15947485,,,,,,,,,0
edge_full__support__t1m__a0p10__c1p00,extension_full,support,full,0.1,1.0,45,271,0.0,4,64,0.3874641,0.39733914,0.39733914,1.0054615,0.09875034,0.009875034,0.0,0.0,0.0,0.0,-27.131853,26.000002,2.2120593,0.7373531,0.15200001,0.0,125,0.16970909,,,,,,,,,0
edge_full__support__t1m__a0p10__c1p00,extension_full,support,full,0.1,1.0,45,272,0.0,4,64,0.39733914,0.4094079,0.4094079,0.918337,0.120687686,0.012068769,0.0,0.0,0.0,0.0,-25.895391,26.000002,2.0203817,0.6734606,0.16000001,0.0,125,0.13244636,,,,,,,,,0
edge_full__support__t1m__a0p10__c1p00,extension_full,support,full,0.1,1.0,45,273,0.0,4,64,0.4094079,0.42082393,0.42082393,0.9424856,0.11416013,0.011416013,0.0,0.0,0.0,0.0,-26.724785,26.0,2.0735097,0.6911699,0.17999999,0.0,100,0.15959847,,,,,,,,,0
edge_full__support__t1m__a0p10__c1p00,extension_full,support,full,0.1,1.0,45,274,0.0,4,64,0.42082393,0.431436,0.431436,0.9741994,0.10612081,0.010612081,0.0,0.0,0.0,0.0,-26.762583,26.000002,2.1432815,0.7144272,0.192,0.0,125,0.16850287,,,,,,,,,0
edge_full__support__t1m__a0p10__c1p00,extension_full,support,full,0.1,1.0,45,275,0.0,4,64,0.431436,0.4425039,0.4425039,0.9559348,0.11067898,0.011067898,0.0,0.0,0.0,0.0,-26.76083,26.000002,2.1030986,0.7010329,0.23200001,0.0,125,0.13843217,,,,,,,,,0
edge_full__support__t1m__a0p10__c1p00,extension_full,support,full,0.1,1.0,45,276,0.0,4,64,0.4425039,0.45358503,0.45358503,0.9554157,0.110811345,0.011081135,0.0,0.0,0.0,0.0,-26.047033,26.000002,2.1019566,0.70065224,0.216,0.0,125,0.15501821,,,,,,,,,0
edge_full__support__t1m__a0p10__c1p00,extension_full,support,full,0.1,1.0,45,277,0.0,4,64,0.45358503,0.4639951,0.4639951,0.9825468,0.10410057,0.010410057,0.0,0.0,0.0,0.0,-27.745068,26.000002,2.1616461,0.72054875,0.120000005,0.0,125,0.1472539,,,,,,,,,0
edge_full__support__t1m__a0p10__c1p00,extension_full,support,full,0.1,1.0,45,278,0.0,4,64,0.4639951,0.47533122,0.47533122,0.94553536,0.11336123,0.011336124,0.0,0.0,0.0,0.0,-26.41525,26.000002,2.0802193,0.69340646,0.192,0.0,125,0.14386079,,,,,,,,,0
edge_full__support__t1m__a0p10__c1p00,extension_full,support,full,0.1,1.0,45,279,0.0,4,64,0.47533122,0.4870497,0.4870497,0.93112886,0.117184766,0.011718477,0.0,0.0,0.0,0.0,-27.238338,26.000002,2.0485244,0.6828415,0.2,0.0,125,0.16438138,,,,,,-23.65185,0.0,0.5566051,1
edge_full__support__t1m__a0p10__c1p00,extension_full,support,full,0.1,1.0,45,280,0.0,4,64,0.4870497,0.4970004,0.4970004,1.0021464,0.099507,0.0099507,0.0,0.0,0.0,0.0,-26.977152,26.000002,2.204766,0.73492205,0.16800001,0.0,125,0.15034576,,,,,,,,,0
edge_full__support__t1m__a0p10__c1p00,extension_full,support,full,0.1,1.0,45,281,0.0,4,64,0.4970004,0.5077947,0.5077947,0.9668063,0.1079428,0.01079428,0.0,0.0,0.0,0.0,-26.020601,26.000002,2.1270163,0.7090055,0.096,0.0,125,0.12732972,,,,,,,,,0
edge_full__support__t1m__a0p10__c1p00,extension_full,support,full,0.1,1.0,45,282,0.0,4,64,0.5077947,0.5189659,0.5189659,0.9519004,0.11171193,0.011171193,0.0,0.0,0.0,0.0,-25.801224,26.000002,2.0942228,0.6980743,0.2,0.0,125,0.13128424,,,,,,,,,0
edge_full__support__t1m__a0p10__c1p00,extension_full,support,full,0.1,1.0,45,283,0.0,4,64,0.5189659,0.5298735,0.5298735,0.96227014,0.10907615,0.010907616,0.0,0.0,0.0,0.0,-27.013424,26.000002,2.1170366,0.7056789,0.120000005,0.0,125,0.13010861,,,,,,,,,0
edge_full__support__t1m__a0p10__c1p00,extension_full,support,full,0.1,1.0,45,284,0.0,4,64,0.5298735,0.541032,0.541032,0.95239276,0.11158536,0.011158536,0.0,0.0,0.0,0.0,-25.960491,26.000002,2.095306,0.6984353,0.256,0.0,125,0.13127151,,,,,,,,,0
edge_full__support__t1m__a0p10__c1p00,extension_full,support,full,0.1,1.0,45,285,0.0,4,64,0.541032,0.55257183,0.55257183,0.9378001,0.11539841,0.011539841,0.0,0.0,0.0,0.0,-26.052662,26.000002,2.0632014,0.6877338,0.192,0.0,125,0.15370479,,,,,,,,,0
edge_full__support__t1m__a0p10__c1p00,extension_full,support,full,0.1,1.0,45,286,0.0,4,64,0.55257183,0.56522113,0.56522113,0.89793307,0.12649311,0.012649312,0.0,0.0,0.0,0.0,-25.346846,26.0,1.9754922,0.65849745,0.21,0.0,100,0.13291256,,,,,,,,,0
edge_full__support__t1m__a0p10__c1p00,extension_full,support,full,0.1,1.0,45,287,0.0,4,64,0.56522113,0.5761844,0.5761844,0.9600594,0.10963281,0.010963282,0.0,0.0,0.0,0.0,-26.035397,26.000002,2.1121728,0.70405763,0.15200001,0.0,125,0.16895218,,,,,,,,,0
edge_full__support__t1m__a0p10__c1p00,extension_full,support,full,0.1,1.0,45,288,0.0,4,64,0.5761844,0.5854868,0.5854868,1.0314022,0.09302458,0.009302459,0.0,0.0,0.0,0.0,-27.909443,26.000002,2.2691302,0.75637674,0.15200001,0.0,125,0.14498548,,,,,,,,,0
edge_full__support__t1m__a0p10__c1p00,extension_full,support,full,0.1,1.0,45,289,0.0,4,64,0.5854868,0.5956612,0.5956612,0.9924918,0.10174385,0.010174385,0.0,0.0,0.0,0.0,-26.679167,26.000002,2.1835256,0.72784185,0.16800001,0.0,125,0.13692154,,,,,,,,,0
edge_full__support__t1m__a0p10__c1p00,extension_full,support,full,0.1,1.0,45,290,0.0,4,64,0.5956612,0.6070443,0.6070443,0.943741,0.113830596,0.011383059,0.0,0.0,0.0,0.0,-25.88414,26.000002,2.0762718,0.69209063,0.264,0.0,125,0.15394293,,,,,,,,,0
edge_full__support__t1m__a0p10__c1p00,extension_full,support,full,0.1,1.0,45,291,0.0,4,64,0.6070443,0.6179007,0.6179007,0.9643125,0.10856442,0.010856442,0.0,0.0,0.0,0.0,-26.356415,26.000002,2.1215298,0.7071766,0.2,0.0,125,0.16446696,,,,,,,,,0
edge_full__support__t1m__a0p10__c1p00,extension_full,support,full,0.1,1.0,45,292,0.0,4,64,0.6179007,0.6293474,0.6293474,0.9413218,0.11446644,0.011446645,0.0,0.0,0.0,0.0,-26.222376,26.000002,2.0709493,0.69031644,0.216,0.0,125,0.13529386,,,,,,,,,0
edge_full__support__t1m__a0p10__c1p00,extension_full,support,full,0.1,1.0,45,293,0.0,4,64,0.6293474,0.64106315,0.64106315,0.9312292,0.1171577,0.01171577,0.0,0.0,0.0,0.0,-25.909136,26.000002,2.0487452,0.6829151,0.16800001,0.0,125,0.12780409,,,,,,,,,0
edge_full__support__t1m__a0p10__c1p00,extension_full,support,full,0.1,1.0,45,294,0.0,4,64,0.64106315,0.6523696,0.6523696,0.94667363,0.11306451,0.011306452,0.0,0.0,0.0,0.0,-26.247381,26.000002,2.0827236,0.6942412,0.18400002,0.0,125,0.134458,,,,,,,,,0
edge_full__support__t1m__a0p10__c1p00,extension_full,support,full,0.1,1.0,45,295,0.0,4,64,0.6523696,0.663371,0.663371,0.9585509,0.1100143,0.0110014295,0.0,0.0,0.0,0.0,-25.97348,26.000002,2.108854,0.7029514,0.080000006,0.0,125,0.12450351,,,,,,,,,0
edge_full__support__t1m__a0p10__c1p00,extension_full,support,full,0.1,1.0,45,296,0.0,4,64,0.663371,0.6744779,0.6744779,0.9544092,0.111068465,0.011106847,0.0,0.0,0.0,0.0,-26.814108,26.000002,2.0997422,0.6999141,0.120000005,0.0,125,0.16675474,,,,,,,,,0
edge_full__support__t1m__a0p10__c1p00,extension_full,support,full,0.1,1.0,45,297,0.0,4,64,0.6744779,0.685361,0.685361,0.9632462,0.10883127,0.010883127,0.0,0.0,0.0,0.0,-26.920614,26.000002,2.119184,0.7063947,0.112,0.0,125,0.14430916,,,,,,,,,0
edge_full__support__t1m__a0p10__c1p00,extension_full,support,full,0.1,1.0,45,298,0.0,4,64,0.685361,0.69646806,0.69646806,0.9544032,0.11107001,0.0111070005,0.0,0.0,0.0,0.0,-26.028723,26.000002,2.099729,0.6999097,0.16000001,0.0,125,0.12438558,,,,,,,,,0
edge_full__support__t1m__a0p10__c1p00,extension_full,support,full,0.1,1.0,45,299,0.0,4,64,0.69646806,0.7070843,0.7070843,0.9740303,0.10616215,0.010616216,0.0,0.0,0.0,0.0,-26.387585,26.0,2.1429095,0.7143032,0.21,0.0,100,0.16334496,,,,,,-23.65185,0.0,0.5566051,1
edge_full__support__t1m__a0p10__c1p00,extension_full,support,full,0.1,1.0,45,300,0.0,4,64,0.7070843,0.7178372,0.7178372,0.9684737,0.10752917,0.010752917,0.0,0.0,0.0,0.0,-27.45614,26.000002,2.1306846,0.7102282,0.2,0.0,125,0.13597476,,,,,,,,,0
edge_full__support__t1m__a0p10__c1p00,extension_full,support,full,0.1,1.0,45,301,0.0,4,64,0.7178372,0.72861636,0.72861636,0.9674164,0.107791275,0.0107791275,0.0,0.0,0.0,0.0,-26.307657,26.000002,2.1283586,0.70945287,0.192,0.0,125,0.1505637,,,,,,,,,0
edge_full__support__t1m__a0p10__c1p00,extension_full,support,full,0.1,1.0,45,302,0.0,4,64,0.72861636,0.74063545,0.74063545,0.92012715,0.12019124,0.012019124,0.0,0.0,0.0,0.0,-25.32993,26.000002,2.0243201,0.6747734,0.17600001,0.0,125,0.13634051,,,,,,,,,0
edge_full__support__t1m__a0p10__c1p00,extension_full,support,full,0.1,1.0,45,303,0.0,4,64,0.74063545,0.75093937,0.75093937,0.98699754,0.10303918,0.010303918,0.0,0.0,0.0,0.0,-26.914225,26.000002,2.171438,0.7238127,0.120000005,0.0,125,0.152561,,,,,,,,,0
edge_full__support__t1m__a0p10__c1p00,extension_full,support,full,0.1,1.0,45,304,0.0,4,64,0.75093937,0.76243335,0.76243335,0.93953025,0.1149396,0.01149396,0.0,0.0,0.0,0.0,-25.957886,26.000002,2.0670078,0.68900263,0.15200001,0.0,125,0.13394932,,,,,,,,,0
edge_full__support__t1m__a0p10__c1p00,extension_full,support,full,0.1,1.0,45,305,0.0,4,64,0.76243335,0.77362126,0.77362126,0.95125,0.11187937,0.011187937,0.0,0.0,0.0,0.0,-26.343027,26.000002,2.0927918,0.69759727,0.18400002,0.0,125,0.14715384,,,,,,,,,0
edge_full__support__t1m__a0p10__c1p00,extension_full,support,full,0.1,1.0,45,306,0.0,4,64,0.77362126,0.7869963,0.7869963,0.8737044,0.13375057,0.013375058,0.0,0.0,0.0,0.0,-24.992315,26.000002,1.922188,0.64072937,0.18400002,0.0,125,0.13792303,,,,,,,,,0
edge_full__support__t1m__a0p10__c1p00,extension_full,support,full,0.1,1.0,45,307,0.0,4,64,0.7869963,0.7983607,0.7983607,0.9444535,0.113644004,0.0113644,0.0,0.0,0.0,0.0,-26.47336,26.000002,2.0778391,0.69261307,0.18400002,0.0,125,0.1347159,,,,,,,,,0
edge_full__support__t1m__a0p10__c1p00,extension_full,support,full,0.1,1.0,45,308,0.0,4,64,0.7983607,0.8092954,0.8092954,0.96119297,0.10934703,0.010934703,0.0,0.0,0.0,0.0,-26.548103,26.000002,2.1146667,0.70488894,0.224,0.0,125,0.1362998,,,,,,,,,0
edge_full__support__t1m__a0p10__c1p00,extension_full,support,full,0.1,1.0,45,309,0.0,4,64,0.8092954,0.81961375,0.81961375,0.98639005,0.10318341,0.010318342,0.0,0.0,0.0,0.0,-27.201511,26.000002,2.1701014,0.72336715,0.136,0.0,125,0.15601432,,,,,,,,,0
edge_full__support__t1m__a0p10__c1p00,extension_full,support,full,0.1,1.0,45,310,0.0,4,64,0.81961375,0.8308964,0.8308964,0.94758874,0.11282652,0.011282652,0.0,0.0,0.0,0.0,-25.806664,26.000002,2.0847368,0.6949123,0.192,0.0,125,0.13697225,,,,,,,,,0
edge_full__support__t1m__a0p10__c1p00,extension_full,support,full,0.1,1.0,45,311,0.0,4,64,0.8308964,0.8430157,0.8430157,0.9165232,0.121192776,0.012119277,0.0,0.0,0.0,0.0,-25.914356,26.000002,2.0163913,0.67213047,0.2,0.0,125,0.12976229,,,,,,,,,0
