update,update_u_mean,update_u_q25,update_u_q75,update_u_std,update_counter_mean,update_counter_q25,update_counter_q75,update_counter_std,energy_E_pre_mean,energy_E_pre_q25,energy_E_pre_q75,energy_E_pre_std,energy_E_post_mean,energy_E_post_q25,energy_E_post_q75,energy_E_post_std,funding_z_mean,funding_z_q25,funding_z_q75,funding_z_std,funding_g_mean,funding_g_q25,funding_g_q75,funding_g_std,funding_g_raw_mean,funding_g_raw_q25,funding_g_raw_q75,funding_g_raw_std,funding_cut_active_mean,funding_cut_active_q25,funding_cut_active_q75,funding_cut_active_std,funding_income_mean,funding_income_q25,funding_income_q75,funding_income_std,funding_alpha_eff_mean,funding_alpha_eff_q25,funding_alpha_eff_q75,funding_alpha_eff_std,episode_return_end_mean_mean,episode_return_end_mean_q25,episode_return_end_mean_q75,episode_return_end_mean_std,terminal_min_dists_end_mean_mean,terminal_min_dists_end_mean_q25,terminal_min_dists_end_mean_q75,terminal_min_dists_end_mean_std,terminal_dbar_end_mean,terminal_dbar_end_q25,terminal_dbar_end_q75,terminal_dbar_end_std,terminal_occupied_end_mean_mean,terminal_occupied_end_mean_q25,terminal_occupied_end_mean_q75,terminal_occupied_end_mean_std,terminal_CSR_train_mean,terminal_CSR_train_q25,terminal_CSR_train_q75,terminal_CSR_train_std,vartd_VarTD_mean,vartd_VarTD_q25,vartd_VarTD_q75,vartd_VarTD_std,depr_F_mean,depr_F_q25,depr_F_q75,depr_F_std,depr_F_post_mean,depr_F_post_q25,depr_F_post_q75,depr_F_post_std,env_steps_mean,env_steps_q25,env_steps_q75,env_steps_std
0,1.0,1.0,1.0,0.0,1.0,1.0,1.0,0.0,1.0,1.0,1.0,0.0,0.42177165,0.42168571799993515,0.4218383654952049,0.00010841975,1.0533929,1.0366127490997314,1.0742522776126862,0.026218692,0.0885807,0.08428455144166946,0.09191753156483173,0.005421039,0.0885807,0.08428455144166946,0.09191753156483173,0.005421039,1.0,1.0,1.0,0.0,0.001771614,0.001685690978774801,0.0018383505812380463,0.0001084208,0.02,0.019999999552965164,0.019999999552965164,0.0,-27.56038,-27.963791847229004,-27.32027244567871,0.64814734,2.3175106,2.280593514442444,2.3634021878242493,0.057682253,0.7725036,0.7601978480815887,0.7878007590770721,0.019227425,0.14833333,0.1249999962747097,0.17249999940395355,0.043658454,0.0,0.0,0.0,0.0,0.15948011,0.14002614468336105,0.16236314550042152,0.026216622,0.0,0.0,0.0,0.0,0.0,0.0,0.0,0.0,3200.0,3200.0,3200.0,0.0
1,0.0,0.0,0.0,0.0,1.0,1.0,1.0,0.0,0.42177165,0.42168571799993515,0.4218383654952049,0.00010841975,0.42365733,0.4235258921980858,0.4237828478217125,0.00016778967,1.0263995,1.0094584822654724,1.0397501289844513,0.028258143,0.09428588,0.09125498682260513,0.09785563312470913,0.0061753346,0.09428588,0.09125498682260513,0.09785563312470913,0.0061753346,1.0,1.0,1.0,0.0,0.0018857177,0.0018250997236464173,0.001957112632226199,0.00012350669,0.02,0.019999999552965164,0.019999999552965164,0.0,-27.208511,-27.759219646453857,-26.655034065246582,0.81955147,2.2581236,2.2208529710769653,2.2874959111213684,0.06216915,0.75270796,0.7402843236923218,0.7624986469745636,0.020723049,0.16400002,0.13600000739097595,0.17800001427531242,0.032807983,0.0,0.0,0.0,0.0,0.15070619,0.14210711792111397,0.15778414905071259,0.014236025,0.0,0.0,0.0,0.0,0.02,0.019999999552965164,0.019999999552965164,0.0,6400.0,6400.0,6400.0,0.0
2,0.0,0.0,0.0,0.0,1.0,1.0,1.0,0.0,0.42365733,0.4235258921980858,0.4237828478217125,0.00016778967,0.42536077,0.42539232224226,0.425631582736969,0.00060319656,1.0313622,1.0106301605701447,1.0415782928466797,0.0350767,0.086890616,0.09089690633118153,0.09758306667208672,0.027834885,0.09330434,0.09089690633118153,0.09758306667208672,0.007245694,0.9166667,1.0,1.0,0.28867513,0.0017034012,0.001781940518412739,0.0019130158179905266,0.0005456743,0.019603973,0.019603973254561424,0.019603973254561424,0.0,-27.20481,-27.86267614364624,-26.715025424957275,0.76144654,2.2690423,2.223430812358856,2.2915180921554565,0.077170275,0.7563474,0.7411436289548874,0.76383937895298,0.02572342,0.15466668,0.1340000070631504,0.17600001394748688,0.029607536,0.0,0.0,0.0,0.0,0.15834306,0.1396571584045887,0.17205850780010223,0.023473708,0.02,0.019999999552965164,0.019999999552965164,0.0,0.04,0.03999999910593033,0.03999999910593033,0.0,9600.0,9600.0,9600.0,0.0
3,0.0,0.0,0.0,0.0,1.0,1.0,1.0,0.0,0.42536077,0.42539232224226,0.425631582736969,0.00060319656,0.42712185,0.4270520433783531,0.4274534434080124,0.0006181491,1.0387949,1.01738640666008,1.0625931918621063,0.029683435,0.09164827,0.08658700250089169,0.09607794880867004,0.0061564627,0.09164827,0.08658700250089169,0.09607794880867004,0.0061564627,1.0,1.0,1.0,0.0,0.0017610939,0.00166383758187294,0.001846213563112542,0.00011830127,0.019215789,0.019215788692235947,0.019215788692235947,0.0,-27.687738,-27.92843723297119,-27.402888298034668,0.5403161,2.2853944,2.238294839859009,2.3377516865730286,0.06530483,0.76179814,0.7460982799530029,0.7792505770921707,0.021768283,0.136,0.1080000028014183,0.15600001066923141,0.037211925,0.0,0.0,0.0,0.0,0.15644775,0.13702184334397316,0.1670125238597393,0.019217066,0.04,0.03999999910593033,0.03999999910593033,0.0,0.06,0.05999999865889549,0.05999999865889549,0.0,12800.0,12800.0,12800.0,0.0
4,0.0,0.0,0.0,0.0,1.0,1.0,1.0,0.0,0.42712185,0.4270520433783531,0.4274534434080124,0.0006181491,0.4286029,0.42879633605480194,0.42914898693561554,0.0011587882,1.0410565,1.0096108615398407,1.0742417573928833,0.04802367,0.07863173,0.08432632125914097,0.09781982377171516,0.037447687,0.091484405,0.08432632125914097,0.09781982377171516,0.009933451,0.8333333,1.0,1.0,0.38924947,0.0014810516,0.00158831084263511,0.0018424648442305624,0.0007053381,0.018835291,0.018835291266441345,0.018835291266441345,0.0,-27.289642,-28.13055658340454,-26.65029811859131,0.99446326,2.2903702,2.221188247203827,2.363379120826721,0.10565418,0.76345676,0.7403960824012756,0.7877930402755737,0.03521806,0.14266668,0.11800000444054604,0.16200001165270805,0.034926765,0.0,0.0,0.0,0.0,0.15497878,0.14226104319095612,0.16352161392569542,0.015645947,0.06,0.05999999865889549,0.05999999865889549,0.0,0.08,0.07999999821186066,0.07999999821186066,0.0,16000.0,16000.0,16000.0,0.0
5,0.0,0.0,0.0,0.0,1.0,1.0,1.0,0.0,0.4286029,0.42879633605480194,0.42914898693561554,0.0011587882,0.43000332,0.42894985526800156,0.4308086261153221,0.0012788767,1.0524902,1.0377328991889954,1.0637443661689758,0.03310421,0.07585263,0.08639872819185257,0.0916786938905716,0.03568656,0.088848494,0.08639872819185257,0.0916786938905716,0.0066338307,0.8333333,1.0,1.0,0.38924947,0.0014004161,0.0015951214882079512,0.0016926019743550569,0.00065885694,0.018462326,0.018462326377630234,0.018462326377630234,0.0,-27.659746,-28.03201723098755,-27.41155481338501,0.67632407,2.3155248,2.283057987689972,2.34028422832489,0.07283071,0.7718416,0.7610193490982056,0.7800947576761246,0.024276901,0.13866667,0.11800000444054604,0.16200001165270805,0.03187856,0.0,0.0,0.0,0.0,0.16539504,0.15484772250056267,0.17798113822937012,0.020246735,0.08,0.07999999821186066,0.07999999821186066,0.0,0.099999994,0.09999999403953552,0.09999999403953552,0.0,19200.0,19200.0,19200.0,0.0
6,0.0,0.0,0.0,0.0,1.0,1.0,1.0,0.0,0.43000332,0.42894985526800156,0.4308086261153221,0.0012788767,0.43165818,0.43065132945775986,0.43244145810604095,0.0013123776,1.039581,1.0224510729312897,1.0570680797100067,0.026553541,0.091445416,0.08770711161196232,0.09496243111789227,0.005578256,0.091445416,0.08770711161196232,0.09496243111789227,0.005578256,1.0,1.0,1.0,0.0,0.0016548646,0.0015872135991230607,0.0017185112519655377,0.00010094832,0.018096749,0.018096748739480972,0.018096748739480972,0.0,-27.45101,-27.636024951934814,-27.3078351020813,0.27717528,2.2871237,2.2494372725486755,2.3255961537361145,0.05841894,0.76237464,0.7498124241828918,0.7751987278461456,0.019472983,0.15666668,0.1340000070631504,0.17000001296401024,0.03851171,0.0006666667,0.0,0.0,0.0023094013,0.15553202,0.14520493149757385,0.16290764138102531,0.017338246,0.099999994,0.09999999403953552,0.09999999403953552,0.0,0.11999998,0.11999998986721039,0.11999998986721039,0.0,22400.0,22400.0,22400.0,0.0
7,0.0,0.0,0.0,0.0,1.0,1.0,1.0,0.0,0.43165818,0.43065132945775986,0.43244145810604095,0.0013123776,0.4332668,0.43226515501737595,0.4341859668493271,0.0013582167,1.0434597,1.026367723941803,1.0668469071388245,0.030592125,0.0906845,0.08573493361473083,0.09411056898534298,0.0064403764,0.0906845,0.08573493361473083,0.09411056898534298,0.0064403764,1.0,1.0,1.0,0.0,0.0016085989,0.0015208013355731964,0.0016693717916496098,0.00011424203,0.01773841,0.017738409340381622,0.017738409340381622,0.0,-27.423677,-27.87770366668701,-26.941593647003174,0.5126925,2.2956572,2.25805401802063,2.3471100330352783,0.06730403,0.76521903,0.7526846826076508,0.7823700308799744,0.022434676,0.158,0.1420000083744526,0.17800001427531242,0.024628146,0.0006666667,0.0,0.0,0.0023094013,0.1614059,0.15352784097194672,0.16995405033230782,0.01416451,0.11999998,0.11999998986721039,0.11999998986721039,0.0,0.13999999,0.13999998569488525,0.13999998569488525,0.0,25600.0,25600.0,25600.0,0.0
8,0.0,0.0,0.0,0.0,1.0,1.0,1.0,0.0,0.4332668,0.43226515501737595,0.4341859668493271,0.0013582167,0.43489155,0.43402940034866333,0.43571610748767853,0.0013386091,1.0304494,1.0279705822467804,1.045930176973343,0.030593386,0.09344695,0.08996422402560711,0.09376929700374603,0.0068553826,0.09344695,0.08996422402560711,0.09376929700374603,0.0068553826,1.0,1.0,1.0,0.0,0.0016247776,0.0015642227954231203,0.001630382233997807,0.00011919568,0.017387165,0.017387164756655693,0.017387164756655693,0.0,-27.353561,-27.773791313171387,-27.120267391204834,0.69742835,2.267034,2.261580526828766,2.301092267036438,0.06730679,0.755678,0.7538601905107498,0.7670307755470276,0.02243561,0.15533334,0.12800000607967377,0.19200000166893005,0.0335026,0.0,0.0,0.0,0.0,0.15946017,0.15034237131476402,0.17149269580841064,0.016851602,0.13999999,0.13999998569488525,0.13999998569488525,0.0,0.15999998,0.15999998152256012,0.15999998152256012,0.0,28800.0,28800.0,28800.0,0.0
9,0.0,0.0,0.0,0.0,1.0,1.0,1.0,0.0,0.43489155,0.43402940034866333,0.43571610748767853,0.0013386091,0.43646193,0.43555786460638046,0.4373590722680092,0.0014064545,1.0369924,1.0054122507572174,1.062318503856659,0.037186313,0.09214201,0.08663266152143478,0.09876341558992863,0.007815019,0.09214201,0.08663266152143478,0.09876341558992863,0.007815019,1.0,1.0,1.0,0.0,0.0015703646,0.0014764696243219078,0.001683212525676936,0.00013319038,0.017042875,0.017042875289916992,0.017042875289916992,0.0,-27.336561,-27.776227951049805,-26.929415225982666,0.97855055,2.2814288,2.2119510769844055,2.337147355079651,0.08181152,0.7604763,0.7373170405626297,0.7790491282939911,0.027270505,0.14933334,0.12600000575184822,0.16200001165270805,0.03113996,0.0,0.0,0.0,0.0,0.16822569,0.1543445698916912,0.17862389981746674,0.018822648,0.15999998,0.15999998152256012,0.15999998152256012,0.0,0.17999999,0.17999997735023499,0.17999997735023499,0.0,32000.0,32000.0,32000.0,0.0
10,0.0,0.0,0.0,0.0,1.0,1.0,1.0,0.0,0.43646193,0.43555786460638046,0.4373590722680092,0.0014064545,0.43806872,0.43714070320129395,0.4389278441667557,0.0013556484,1.0179048,1.0110722482204437,1.0326321423053741,0.03051073,0.096184246,0.09276295639574528,0.09749261662364006,0.007035944,0.096184246,0.09276295639574528,0.09749261662364006,0.007035944,1.0,1.0,1.0,0.0,0.0016067968,0.0015496427658945322,0.0016286536701954901,0.0001175383,0.016705405,0.016705404967069626,0.016705404967069626,0.0,-27.191702,-27.6382474899292,-26.639164447784424,0.76755583,2.2394352,2.2244033813476562,2.271836042404175,0.06712495,0.7464784,0.7414678186178207,0.757278710603714,0.022374982,0.16266668,0.13600000739097595,0.19200000166893005,0.03260043,0.0,0.0,0.0,0.0,0.1535796,0.1325712651014328,0.16489383950829506,0.026694996,0.17999999,0.17999997735023499,0.17999997735023499,0.0,0.19999997,0.19999997317790985,0.19999997317790985,0.0,35200.0,35200.0,35200.0,0.0
11,0.0,0.0,0.0,0.0,1.0,1.0,1.0,0.0,0.43806872,0.43714070320129395,0.4389278441667557,0.0013556484,0.43960944,0.43883269280195236,0.4405665397644043,0.0013558494,1.0270354,1.0237763822078705,1.0412180423736572,0.023332091,0.09409237,0.09094568155705929,0.09467741474509239,0.005258492,0.09409237,0.09094568155705929,0.09467741474509239,0.005258492,1.0,1.0,1.0,0.0,0.0015407264,0.0014892005710862577,0.0015503062750212848,8.6105785e-05,0.016374616,0.01637461595237255,0.01637461595237255,0.0,-27.263414,-27.84261989593506,-26.912063121795654,0.7054238,2.259523,2.2523529529571533,2.290725350379944,0.051331628,0.7531743,0.7507843524217606,0.7635751217603683,0.017110543,0.15200001,0.13200000673532486,0.17000001296401024,0.037211925,0.0,0.0,0.0,0.0,0.16089629,0.14147623628377914,0.17900696769356728,0.028823743,0.19999997,0.19999997317790985,0.19999997317790985,0.0,0.21999997,0.21999996900558472,0.21999996900558472,0.0,38400.0,38400.0,38400.0,0.0
12,0.0,0.0,0.0,0.0,1.0,1.0,1.0,0.0,0.43960944,0.43883269280195236,0.4405665397644043,0.0013558494,0.44111475,0.44019903242588043,0.4420214742422104,0.0013479943,1.0290482,1.0104987025260925,1.0453202724456787,0.033698704,0.093785144,0.09009433910250664,0.09761176817119122,0.007135251,0.093785144,0.09009433910250664,0.09761176817119122,0.007135251,1.0,1.0,1.0,0.0,0.0015052869,0.001446048030629754,0.0015667056140955538,0.00011452348,0.016050376,0.016050375998020172,0.016050375998020172,0.0,-27.454176,-27.79021453857422,-27.171198844909668,0.5875837,2.2639513,2.2231414914131165,2.299750506877899,0.07413864,0.7546504,0.7410471886396408,0.7665835320949554,0.024712887,0.156,0.13600000739097595,0.17400000989437103,0.033683013,0.0,0.0,0.0,0.0,0.160805,0.14681752771139145,0.17335789278149605,0.018185254,0.21999997,0.21999996900558472,0.21999996900558472,0.0,0.23999996,0.23999996483325958,0.23999996483325958,0.0,41600.0,41600.0,41600.0,0.0
13,0.0,0.0,0.0,0.0,1.0,1.0,1.0,0.0,0.44111475,0.44019903242588043,0.4420214742422104,0.0013479943,0.4424862,0.44158506393432617,0.44352537393569946,0.001607652,1.0318228,0.9974622130393982,1.0581736266613007,0.050018016,0.08717483,0.08746412768959999,0.10062111914157867,0.029027533,0.093506284,0.08746412768959999,0.10062111914157867,0.01092727,0.9166667,1.0,1.0,0.28867513,0.001371483,0.0013760343426838517,0.0015830274496693164,0.0004566773,0.015732557,0.015732556581497192,0.015732556581497192,0.0,-27.367212,-27.870713710784912,-27.175972938537598,0.88516146,2.2700555,2.1944607496261597,2.3280285000801086,0.11004183,0.7566851,0.7314869314432144,0.7760095000267029,0.036680598,0.14916666,0.12999999523162842,0.17000000178813934,0.032321773,0.0,0.0,0.0,0.0,0.16540055,0.1533426232635975,0.17437059804797173,0.026219696,0.23999996,0.23999996483325958,0.23999996483325958,0.0,0.25999996,0.25999996066093445,0.25999996066093445,0.0,44800.0,44800.0,44800.0,0.0
14,0.0,0.0,0.0,0.0,1.0,1.0,1.0,0.0,0.4424862,0.44158506393432617,0.44352537393569946,0.001607652,0.44391498,0.44307413697242737,0.4449606388807297,0.0015532185,1.0341808,1.005809485912323,1.059187114238739,0.031295653,0.09265005,0.08726991340517998,0.09867125190794468,0.0066065895,0.09265005,0.08726991340517998,0.09867125190794468,0.0066065895,1.0,1.0,1.0,0.0,0.0014287592,0.0013457920285873115,0.0015216124302241951,0.00010188042,0.01542103,0.015421031042933464,0.015421031042933464,0.0,-27.267073,-27.808990478515625,-26.69717788696289,0.80664647,2.275243,2.212825059890747,2.3302581906318665,0.0688518,0.7584143,0.7376083880662918,0.7767527550458908,0.0229506,0.14400001,0.11000000312924385,0.1860000118613243,0.039634697,0.0,0.0,0.0,0.0,0.1498358,0.13369730859994888,0.16358670219779015,0.02067422,0.25999996,0.25999996066093445,0.25999996066093445,0.0,0.27999997,0.2799999713897705,0.2799999713897705,0.0,48000.0,48000.0,48000.0,0.0
15,0.0,0.0,0.0,0.0,1.0,1.0,1.0,0.0,0.44391498,0.44307413697242737,0.4449606388807297,0.0015532185,0.44530848,0.4444347694516182,0.4465067684650421,0.0016119444,1.0375977,1.0186038315296173,1.0694155097007751,0.045913525,0.09218946,0.08522849902510643,0.09585719183087349,0.010109325,0.09218946,0.08522849902510643,0.09585719183087349,0.010109325,1.0,1.0,1.0,0.0,0.0013935058,0.0012882862647529691,0.0014489461609628052,0.00015280927,0.015115675,0.015115674585103989,0.015115674585103989,0.0,-27.40257,-28.038084983825684,-26.59941530227661,0.91238576,2.2827604,2.240973114967346,2.352761149406433,0.10101179,0.7609201,0.7469910532236099,0.784253716468811,0.033670597,0.14800002,0.12800000607967377,0.17000001296401024,0.031171085,0.0,0.0,0.0,0.0,0.15457766,0.1430060975253582,0.16315748170018196,0.017780678,0.27999997,0.2799999713897705,0.2799999713897705,0.0,0.29999998,0.29999998211860657,0.29999998211860657,0.0,51200.0,51200.0,51200.0,0.0
16,0.0,0.0,0.0,0.0,1.0,1.0,1.0,0.0,0.44530848,0.4444347694516182,0.4465067684650421,0.0016119444,0.44667938,0.4457907900214195,0.4478239640593529,0.0016535402,1.0347798,1.0068355202674866,1.0515596866607666,0.03144198,0.09252605,0.08881033957004547,0.09844042547047138,0.0067058797,0.09252605,0.08881033957004547,0.09844042547047138,0.0067058797,1.0,1.0,1.0,0.0,0.0013708995,0.001315846253419295,0.0014585290919058025,9.9356745e-05,0.014816363,0.014816363342106342,0.014816363342106342,0.0,-27.441734,-27.86472988128662,-27.032034397125244,0.8566272,2.276561,2.215082347393036,2.313477396965027,0.06917374,0.7588537,0.7383607923984528,0.7711591720581055,0.023057915,0.16133334,0.1420000083744526,0.17000001296401024,0.03509295,0.0,0.0,0.0,0.0,0.16017236,0.14972415193915367,0.16877711564302444,0.016749786,0.29999998,0.29999998211860657,0.29999998211860657,0.0,0.32,0.3199999928474426,0.3199999928474426,0.0,54400.0,54400.0,54400.0,0.0
17,0.0,0.0,0.0,0.0,1.0,1.0,1.0,0.0,0.44667938,0.4457907900214195,0.4478239640593529,0.0016535402,0.4480149,0.4471376910805702,0.44919588416814804,0.0016876591,1.0374583,1.0230022966861725,1.0571432709693909,0.03166292,0.09196019,0.08768558502197266,0.09484265744686127,0.006711811,0.09196019,0.08768558502197266,0.09484265744686127,0.006711811,1.0,1.0,1.0,0.0,0.0013355361,0.001273456058697775,0.0013773981481790543,9.747551e-05,0.014522981,0.014522980898618698,0.014522980898618698,0.0,-27.325834,-27.723024368286133,-26.826346397399902,0.74961853,2.2824538,2.2506499886512756,2.3257616758346558,0.06965981,0.760818,0.7502166628837585,0.7752539217472076,0.023219928,0.13200001,0.10400000214576721,0.14600000903010368,0.028025966,0.0,0.0,0.0,0.0,0.15712215,0.1417314074933529,0.1678699292242527,0.01861308,0.32,0.3199999928474426,0.3199999928474426,0.0,0.34,0.3400000035762787,0.3400000035762787,0.0,57600.0,57600.0,57600.0,0.0
18,0.0,0.0,0.0,0.0,1.0,1.0,1.0,0.0,0.4480149,0.4471376910805702,0.44919588416814804,0.0016876591,0.449284,0.4483390673995018,0.4504833221435547,0.001698688,1.0504616,1.0295996367931366,1.0698846578598022,0.023481125,0.08914924,0.08514084480702877,0.0934115331619978,0.0047887457,0.08914924,0.08514084480702877,0.0934115331619978,0.0047887457,1.0,1.0,1.0,0.0,0.0012690757,0.0012120145838707685,0.0013297511904966086,6.8169735e-05,0.014235407,0.01423540711402893,0.01423540711402893,0.0,-27.6396,-27.870750904083252,-27.53882122039795,0.68955255,2.3110619,2.2651644945144653,2.3537932634353638,0.051659502,0.770354,0.7550548315048218,0.7845977544784546,0.017219832,0.15333335,0.11000000312924385,0.17600001394748688,0.03871888,0.0,0.0,0.0,0.0,0.16502377,0.15091175213456154,0.18187197670340538,0.01766867,0.34,0.3400000035762787,0.3400000035762787,0.0,0.36,0.36000001430511475,0.36000001430511475,0.0,60800.0,60800.0,60800.0,0.0
19,0.0,0.0,0.0,0.0,1.0,1.0,1.0,0.0,0.449284,0.4483390673995018,0.4504833221435547,0.001698688,0.45059717,0.4496513903141022,0.45175424218177795,0.0016914874,1.0268034,1.0151993036270142,1.0389416217803955,0.020525921,0.094111025,0.09142387472093105,0.0965607687830925,0.0044389963,0.094111025,0.09142387472093105,0.0965607687830925,0.0044389963,1.0,1.0,1.0,0.0,0.0013131805,0.0012756853830069304,0.0013473631697706878,6.1939645e-05,0.013953526,0.013953525573015213,0.013953525573015213,0.0,-27.079786,-27.526865005493164,-26.582059383392334,0.6354238,2.2590127,2.2334830164909363,2.285717189311981,0.04515794,0.75300425,0.7444943785667419,0.7619057297706604,0.015052644,0.14466667,0.12800000607967377,0.15200001001358032,0.026742319,0.0,0.0,0.0,0.0,0.1585372,0.141074076294899,0.1685294285416603,0.020454735,0.36,0.36000001430511475,0.36000001430511475,0.0,0.38000003,0.3800000250339508,0.3800000250339508,0.0,64000.0,64000.0,64000.0,0.0
20,0.0,0.0,0.0,0.0,1.0,1.0,1.0,0.0,0.45059717,0.4496513903141022,0.45175424218177795,0.0016914874,0.45192802,0.45102395862340927,0.4530642181634903,0.0017364845,1.0128372,0.9886300265789032,1.0294504165649414,0.030406363,0.09730507,0.09345360472798347,0.10265263356268406,0.006783645,0.09730507,0.09345360472798347,0.10265263356268406,0.006783645,1.0,1.0,1.0,0.0,0.0013308636,0.0012781861587427557,0.0014040033565834165,9.278145e-05,0.013677227,0.013677227310836315,0.013677227310836315,0.0,-26.875372,-27.30919075012207,-26.509560585021973,0.73132396,2.2282863,2.175029456615448,2.2648361325263977,0.06689534,0.7427621,0.7250098288059235,0.7549453973770142,0.022298448,0.158,0.12800000607967377,0.1860000118613243,0.03738741,0.0,0.0,0.0,0.0,0.15420564,0.13848413154482841,0.16705089062452316,0.017555812,0.38000003,0.3800000250339508,0.3800000250339508,0.0,0.4,0.40000003576278687,0.40000003576278687,0.0,67200.0,67200.0,67200.0,0.0
21,0.0,0.0,0.0,0.0,1.0,1.0,1.0,0.0,0.45192802,0.45102395862340927,0.4530642181634903,0.0017364845,0.45319775,0.45236022770404816,0.45432010293006897,0.001769225,1.0252248,0.9999333322048187,1.0562355518341064,0.039055552,0.09470991,0.08786495216190815,0.10002319514751434,0.008605177,0.09470991,0.08786495216190815,0.10002319514751434,0.008605177,1.0,1.0,1.0,0.0,0.001269719,0.001177952712168917,0.0013409510138444602,0.00011536446,0.013406401,0.013406400568783283,0.013406400568783283,0.0,-27.114462,-27.64584493637085,-26.25816059112549,0.9285687,2.2555397,2.1998971700668335,2.3237645626068115,0.08592392,0.75184655,0.7332990765571594,0.7745881974697113,0.028641313,0.16200002,0.14400000870227814,0.18000001087784767,0.036917597,0.0006666667,0.0,0.0,0.0023094013,0.1538013,0.1375504732131958,0.17102019861340523,0.021613158,0.4,0.40000003576278687,0.40000003576278687,0.0,0.42000005,0.4200000464916229,0.4200000464916229,0.0,70400.0,70400.0,70400.0,0.0
22,0.0,0.0,0.0,0.0,1.0,1.0,1.0,0.0,0.45319775,0.45236022770404816,0.45432010293006897,0.001769225,0.4544406,0.4535513296723366,0.4556363895535469,0.0017905828,1.0247366,1.0088704526424408,1.0381675958633423,0.0224334,0.094578505,0.09159289114177227,0.09798091650009155,0.0048584216,0.094578505,0.09159289114177227,0.09798091650009155,0.0048584216,1.0,1.0,1.0,0.0,0.0012428501,0.001203616295242682,0.0012875608808826655,6.384419e-05,0.013140935,0.013140935450792313,0.013140935450792313,0.0,-27.086119,-27.397459030151367,-26.778062343597412,0.6151164,2.2544656,2.21955943107605,2.284014403820038,0.049354438,0.7514885,0.7398531585931778,0.7613381445407867,0.016451485,0.16133334,0.15000000968575478,0.1640000119805336,0.024794916,0.0,0.0,0.0,0.0,0.15359326,0.1329818032681942,0.1746530868113041,0.024937304,0.42000005,0.4200000464916229,0.4200000464916229,0.0,0.44000006,0.440000057220459,0.440000057220459,0.0,73600.0,73600.0,73600.0,0.0
23,0.0,0.0,0.0,0.0,1.0,1.0,1.0,0.0,0.4544406,0.4535513296723366,0.4556363895535469,0.0017905828,0.45561996,0.4547795504331589,0.4568117558956146,0.0018053753,1.0401071,1.0155564546585083,1.0748902559280396,0.04086056,0.09156159,0.08416221477091312,0.09648195281624794,0.009059601,0.09156159,0.08416221477091312,0.09648195281624794,0.009059601,1.0,1.0,1.0,0.0,0.00117938,0.001084070565411821,0.0012427578039932996,0.00011669427,0.012880728,0.012880727648735046,0.012880727648735046,0.0,-27.655466,-28.08909797668457,-27.214860439300537,0.9244053,2.2882812,2.2342687845230103,2.36480575799942,0.08989504,0.76276046,0.744756281375885,0.7882686257362366,0.029965013,0.16200002,0.15000000968575478,0.17600001394748688,0.018090684,0.0,0.0,0.0,0.0,0.174181,0.1470499187707901,0.19837848469614983,0.028936401,0.44000006,0.440000057220459,0.440000057220459,0.0,0.46000007,0.46000006794929504,0.46000006794929504,0.0,76800.0,76800.0,76800.0,0.0
24,0.0,0.0,0.0,0.0,1.0,1.0,1.0,0.0,0.45561996,0.4547795504331589,0.4568117558956146,0.0018053753,0.45670852,0.45586971193552017,0.45803091675043106,0.0020177339,1.0354459,0.9884805381298065,1.0637759566307068,0.045530006,0.08621579,0.08634547330439091,0.10268802754580975,0.028423294,0.09262893,0.08634547330439091,0.10268802754580975,0.009750193,0.9166667,1.0,1.0,0.28867513,0.0010885322,0.0010901695059146732,0.0012965052737854421,0.00035886318,0.012625671,0.012625670991837978,0.012625670991837978,0.0,-27.391592,-27.59315013885498,-26.98255491256714,0.8025098,2.2780266,2.174700617790222,2.3403539061546326,0.10016803,0.7593422,0.7249002158641815,0.780118003487587,0.03338934,0.15666668,0.1340000070631504,0.18400001525878906,0.04198124,0.0006666667,0.0,0.0,0.0023094013,0.15359686,0.13933131471276283,0.1605297140777111,0.01838817,0.46000007,0.46000006794929504,0.46000006794929504,0.0,0.4800001,0.4800000786781311,0.4800000786781311,0.0,80000.0,80000.0,80000.0,0.0
25,0.0,0.0,0.0,0.0,1.0,1.0,1.0,0.0,0.45670852,0.45586971193552017,0.45803091675043106,0.0020177339,0.45777896,0.45704733580350876,0.4591303989291191,0.001917241,1.033058,1.0128446817398071,1.0610628426074982,0.042236477,0.08649724,0.0868870411068201,0.0970890261232853,0.028404292,0.093077175,0.0868870411068201,0.0970890261232853,0.009196568,0.9166667,1.0,1.0,0.28867513,0.001070461,0.0010752850794233382,0.0012015413958579302,0.00035152203,0.012375667,0.0123756667599082,0.0123756667599082,0.0,-27.424713,-28.12565803527832,-27.02088165283203,0.932394,2.272773,2.228302776813507,2.3343849182128906,0.09292212,0.757591,0.7427676171064377,0.7781283408403397,0.030974045,0.15933333,0.12000000476837158,0.1860000118613243,0.039111342,0.0,0.0,0.0,0.0,0.16262813,0.145863588899374,0.18116991594433784,0.024078641,0.4800001,0.4800000786781311,0.4800000786781311,0.0,0.50000006,0.5000000596046448,0.5000000596046448,0.0,83200.0,83200.0,83200.0,0.0
26,0.0,0.0,0.0,0.0,1.0,1.0,1.0,0.0,0.45777896,0.45704733580350876,0.4591303989291191,0.001917241,0.45881167,0.4576909840106964,0.460248239338398,0.001994959,1.0406673,1.0140637159347534,1.0567563772201538,0.04098638,0.08513254,0.08774936385452747,0.09682484716176987,0.02772517,0.091433614,0.08774936385452747,0.09682484716176987,0.008645371,0.9166667,1.0,1.0,0.28867513,0.0010327097,0.0010644534195307642,0.0011745446536224335,0.00033632325,0.012130612,0.012130611576139927,0.012130611576139927,0.0,-27.600477,-27.952311992645264,-27.212663173675537,0.82538515,2.2895138,2.230984687805176,2.3249104022979736,0.090171814,0.76317126,0.7436615824699402,0.7749701738357544,0.030057276,0.1575,0.13499999977648258,0.19249999523162842,0.03720337,0.0,0.0,0.0,0.0,0.16609085,0.14197491854429245,0.18976019695401192,0.025371738,0.50000006,0.5000000596046448,0.5000000596046448,0.0,0.52000004,0.5200000405311584,0.5200000405311584,0.0,86400.0,86400.0,86400.0,0.0
27,0.0,0.0,0.0,0.0,1.0,1.0,1.0,0.0,0.45881167,0.4576909840106964,0.460248239338398,0.001994959,0.45992187,0.4588465914130211,0.46133120357990265,0.0020317363,1.0309671,1.0089682042598724,1.0505852103233337,0.03338194,0.09336904,0.08901445381343365,0.09796970151364803,0.0071238326,0.09336904,0.08901445381343365,0.09796970151364803,0.0071238326,1.0,1.0,1.0,0.0,0.001110196,0.0010584182746242732,0.0011648998188320547,8.470527e-05,0.011890409,0.011890409514307976,0.011890409514307976,0.0,-27.294441,-27.64011859893799,-27.012123107910156,0.60991365,2.268173,2.219774305820465,2.31133371591568,0.07344174,0.75605756,0.7399247735738754,0.7704446017742157,0.02448058,0.142,0.11800000444054604,0.15600001066923141,0.03413343,0.0,0.0,0.0,0.0,0.15526655,0.14976823329925537,0.16359912604093552,0.013083282,0.52000004,0.5200000405311584,0.5200000405311584,0.0,0.54,0.5400000214576721,0.5400000214576721,0.0,89600.0,89600.0,89600.0,0.0
28,0.0,0.0,0.0,0.0,1.0,1.0,1.0,0.0,0.45992187,0.4588465914130211,0.46133120357990265,0.0020317363,0.46098456,0.4598953053355217,0.46241483092308044,0.002024772,1.0406879,1.0341802537441254,1.0577349066734314,0.023389217,0.09117935,0.08755338005721569,0.09243346564471722,0.005004191,0.09117935,0.08755338005721569,0.09243346564471722,0.005004191,1.0,1.0,1.0,0.0,0.0010626921,0.0010204315185546875,0.0010773087851703167,5.8323665e-05,0.011654965,0.01165496464818716,0.01165496464818716,0.0,-27.748428,-27.968732357025146,-27.516108512878418,0.39454564,2.2895591,2.27524197101593,2.3270633220672607,0.051457334,0.76318645,0.758414015173912,0.7756878137588501,0.017152451,0.15133335,0.12800000607967377,0.17600001394748688,0.030976044,0.0,0.0,0.0,0.0,0.1617598,0.14548319205641747,0.17897095903754234,0.023151273,0.54,0.5400000214576721,0.5400000214576721,0.0,0.56,0.5600000023841858,0.5600000023841858,0.0,92800.0,92800.0,92800.0,0.0
29,0.0,0.0,0.0,0.0,1.0,1.0,1.0,0.0,0.46098456,0.4598953053355217,0.46241483092308044,0.002024772,0.4620438,0.4609108790755272,0.4635308235883713,0.0020664437,1.0340117,1.0199587941169739,1.0489581823349,0.03324239,0.09271824,0.08934878744184971,0.09550912491977215,0.0071994876,0.09271824,0.08934878744184971,0.09550912491977215,0.0071994876,1.0,1.0,1.0,0.0,0.0010592301,0.0010207367013208568,0.0010911135177593678,8.224825e-05,0.011424181,0.011424181051552296,0.011424181051552296,0.0,-27.41924,-27.929885387420654,-26.98826503753662,0.61338156,2.274871,2.243954122066498,2.3077539801597595,0.07313472,0.75829035,0.7479847222566605,0.7692513316869736,0.024378246,0.13933334,0.11400000378489494,0.17000001296401024,0.042668562,0.0,0.0,0.0,0.0,0.16105218,0.1504412516951561,0.17145556584000587,0.016257754,0.56,0.5600000023841858,0.5600000023841858,0.0,0.58,0.5799999833106995,0.5799999833106995,0.0,96000.0,96000.0,96000.0,0.0
30,0.0,0.0,0.0,0.0,1.0,1.0,1.0,0.0,0.4620438,0.4609108790755272,0.4635308235883713,0.0020664437,0.46309328,0.46193110942840576,0.46462109684944153,0.0020463802,1.0297107,1.0100995898246765,1.05657160282135,0.038052127,0.093722306,0.08779594860970974,0.09770538099110126,0.008421965,0.093722306,0.08779594860970974,0.09770538099110126,0.008421965,1.0,1.0,1.0,0.0,0.0010494993,0.0009831361967371777,0.0010941016662400216,9.4308896e-05,0.0111979665,0.011197967454791069,0.011197967454791069,0.0,-27.364655,-27.79259967803955,-27.135096549987793,0.77601266,2.2654085,2.222263514995575,2.3245038986206055,0.08371636,0.7551362,0.7407545447349548,0.7748346626758575,0.027905453,0.17133336,0.15800001099705696,0.18400001525878906,0.020024227,0.0013333334,0.0,0.0,0.003113996,0.16627179,0.16095708683133125,0.17426232248544693,0.020274943,0.58,0.5799999833106995,0.5799999833106995,0.0,0.59999996,0.5999999642372131,0.5999999642372131,0.0,99200.0,99200.0,99200.0,0.0
31,0.0,0.0,0.0,0.0,1.0,1.0,1.0,0.0,0.46309328,0.46193110942840576,0.46462109684944153,0.0020463802,0.46412125,0.4629371464252472,0.4656010940670967,0.0020872923,1.0303918,1.011791706085205,1.053676187992096,0.042434804,0.09365579,0.08838430605828762,0.09733127988874912,0.009354149,0.09365579,0.08838430605828762,0.09733127988874912,0.009354149,1.0,1.0,1.0,0.0,0.0010279876,0.0009701266390038654,0.0010683306900318712,0.00010267329,0.010976232,0.010976231656968594,0.010976231656968594,0.0,-27.248571,-27.902517318725586,-26.749497413635254,0.84240437,2.266907,2.2259862422943115,2.3181338906288147,0.09335842,0.75563574,0.7419954240322113,0.772711306810379,0.031119477,0.15133335,0.12600000575184822,0.17400000989437103,0.037439242,0.0013333334,0.0,0.0,0.003113996,0.15293114,0.14205652847886086,0.16223471984267235,0.021517813,0.59999996,0.5999999642372131,0.5999999642372131,0.0,0.61999995,0.6199999451637268,0.6199999451637268,0.0,102400.0,102400.0,102400.0,0.0
32,0.0,0.0,0.0,0.0,1.0,1.0,1.0,0.0,0.46412125,0.4629371464252472,0.4656010940670967,0.0020872923,0.4650654,0.46344638615846634,0.46664444357156754,0.002184019,1.0280228,1.0013209730386734,1.0541836619377136,0.043286044,0.087753005,0.08828554674983025,0.09972630999982357,0.028636446,0.09417438,0.08828554674983025,0.09972630999982357,0.009241836,0.9166667,1.0,1.0,0.28867513,0.0009441248,0.000949854395003058,0.001072944316547364,0.00030809635,0.010758889,0.01075888890773058,0.01075888890773058,0.0,-27.411959,-27.77433729171753,-27.129123210906982,0.77076924,2.2616951,2.2029500603675842,2.3192503452301025,0.09523123,0.75389844,0.7343167215585709,0.7730834633111954,0.031743743,0.17000002,0.14600000903010368,0.1940000131726265,0.042895224,0.0,0.0,0.0,0.0,0.15966748,0.1523376926779747,0.1650979481637478,0.014662412,0.61999995,0.6199999451637268,0.6199999451637268,0.0,0.6399999,0.6399999260902405,0.6399999260902405,0.0,105600.0,105600.0,105600.0,0.0
33,0.0,0.0,0.0,0.0,1.0,1.0,1.0,0.0,0.4650654,0.46344638615846634,0.46664444357156754,0.002184019,0.46604228,0.4644587114453316,0.4676209017634392,0.0022097544,1.0345706,1.0177607536315918,1.0515353977680206,0.03501164,0.092629515,0.08883022516965866,0.09599294140934944,0.007710239,0.092629515,0.08883022516965866,0.09599294140934944,0.007710239,1.0,1.0,1.0,0.0,0.0009768567,0.000936790049308911,0.0010123269748874009,8.1310995e-05,0.010545847,0.010545847937464714,0.010545847937464714,0.0,-27.495989,-27.804770946502686,-27.14956569671631,0.79814357,2.2761009,2.239118278026581,2.3134241104125977,0.07702715,0.7587003,0.746372789144516,0.7711414098739624,0.025675716,0.15666668,0.12600000575184822,0.18800001218914986,0.03970192,0.0,0.0,0.0,0.0,0.16469222,0.14735670015215874,0.18919719755649567,0.026124764,0.6399999,0.6399999260902405,0.6399999260902405,0.0,0.6599999,0.6599999070167542,0.6599999070167542,0.0,108800.0,108800.0,108800.0,0.0
34,0.0,0.0,0.0,0.0,1.0,1.0,1.0,0.0,0.46604228,0.4644587114453316,0.4676209017634392,0.0022097544,0.46689472,0.46536459028720856,0.4685143753886223,0.0021787705,1.0549561,1.0364766418933868,1.0745807588100433,0.04296789,0.08246467,0.08422103151679039,0.09199785813689232,0.026969545,0.08851191,0.08422103151679039,0.09199785813689232,0.008840187,0.9166667,1.0,1.0,0.28867513,0.00085243955,0.0008705950604053214,0.0009509843221167102,0.00027878492,0.010337027,0.010337026789784431,0.010337026789784431,0.0,-27.65616,-27.955621242523193,-27.118680953979492,0.70968145,2.3209498,2.280294120311737,2.3641249537467957,0.09453121,0.77364993,0.7600980401039124,0.7880416661500931,0.031510405,0.14733334,0.12600000575184822,0.15800001099705696,0.04184242,0.0,0.0,0.0,0.0,0.1575519,0.14901522547006607,0.16671152412891388,0.0147241475,0.6599999,0.6599999070167542,0.6599999070167542,0.0,0.6799999,0.6799998879432678,0.6799998879432678,0.0,112000.0,112000.0,112000.0,0.0
35,0.0,0.0,0.0,0.0,1.0,1.0,1.0,0.0,0.46689472,0.46536459028720856,0.4685143753886223,0.0021787705,0.46783113,0.46634285151958466,0.4694819897413254,0.002169927,1.0348492,1.0187285244464874,1.0471255779266357,0.024337275,0.09242022,0.08971737138926983,0.0957794226706028,0.005069373,0.09242022,0.08971737138926983,0.0957794226706028,0.005069373,1.0,1.0,1.0,0.0,0.00093643315,0.0009090469684451818,0.0009704697295092046,5.1364612e-05,0.010132341,0.010132340714335442,0.010132340714335442,0.0,-27.480011,-27.967498302459717,-27.02973461151123,0.521767,2.2767136,2.2412474751472473,2.3037222027778625,0.053543128,0.7589045,0.7470825016498566,0.767907440662384,0.017847706,0.142,0.12000000476837158,0.16200001165270805,0.02688697,0.0,0.0,0.0,0.0,0.15701932,0.14504806324839592,0.16298849508166313,0.020255169,0.6799999,0.6799998879432678,0.6799998879432678,0.0,0.69999987,0.6999998688697815,0.6999998688697815,0.0,115200.0,115200.0,115200.0,0.0
36,0.0,0.0,0.0,0.0,1.0,1.0,1.0,0.0,0.46783113,0.46634285151958466,0.4694819897413254,0.002169927,0.4684973,0.46709753572940826,0.4701974466443062,0.0022539853,1.066206,1.0403173565864563,1.085841566324234,0.038138896,0.067077585,0.06255005300045013,0.09113473258912563,0.040707417,0.08616338,0.08209679648280144,0.09113473258912563,0.0075242333,0.75,0.75,1.0,0.45226702,0.0006661949,0.0006212287698872387,0.0009051234374055639,0.00040429411,0.009931707,0.009931706823408604,0.009931706823408604,0.0,-28.144783,-28.290456295013428,-27.664535522460938,0.8957944,2.3457,2.2887439727783203,2.3888991475105286,0.083907254,0.7819,0.7629146873950958,0.7962997555732727,0.027969081,0.15400001,0.14800000935792923,0.16200001165270805,0.015303003,0.0,0.0,0.0,0.0,0.17749827,0.16650239750742912,0.1961689107120037,0.023822473,0.69999987,0.6999998688697815,0.6999998688697815,0.0,0.71999985,0.7199998497962952,0.7199998497962952,0.0,118400.0,118400.0,118400.0,0.0
37,0.0,0.0,0.0,0.0,1.0,1.0,1.0,0.0,0.4684973,0.46709753572940826,0.4701974466443062,0.0022539853,0.4693676,0.4679247662425041,0.47103211283683777,0.0022629532,1.049311,1.0404977202415466,1.06682950258255,0.02383976,0.08939266,0.08573752455413342,0.091108787804842,0.0050710794,0.08939266,0.08573752455413342,0.091108787804842,0.0050710794,1.0,1.0,1.0,0.0,0.0008702417,0.0008346587273990735,0.000886948240804486,4.9367194e-05,0.009735046,0.009735045954585075,0.009735045954585075,0.0,-27.53347,-27.922007083892822,-27.039555072784424,0.6402505,2.3085303,2.28914076089859,2.3470717072486877,0.05244849,0.7695101,0.7630469352006912,0.78235724568367,0.017482832,0.15266667,0.14000000804662704,0.17000001296401024,0.027598862,0.0,0.0,0.0,0.0,0.15667179,0.14131472259759903,0.17880725488066673,0.023503039,0.71999985,0.7199998497962952,0.7199998497962952,0.0,0.73999983,0.7399998307228088,0.7399998307228088,0.0,121600.0,121600.0,121600.0,0.0
38,0.0,0.0,0.0,0.0,1.0,1.0,1.0,0.0,0.4693676,0.4679247662425041,0.47103211283683777,0.0022629532,0.470046,0.46855711191892624,0.471687451004982,0.0022501408,1.0478082,1.0101861953735352,1.0738291442394257,0.050162528,0.07109702,0.06468533724546432,0.0976867787539959,0.043202993,0.090114675,0.08442726358771324,0.0976867787539959,0.010112782,0.75,0.75,1.0,0.45226702,0.0006784277,0.0006172455759951845,0.0009321545803686604,0.00041225506,0.00954228,0.009542279876768589,0.009542279876768589,0.0,-27.80754,-28.3132061958313,-27.056679248809814,0.9494744,2.305224,2.222454071044922,2.362471282482147,0.11035977,0.768408,0.7408180236816406,0.7874904572963715,0.036786586,0.15533334,0.13200000673532486,0.17600001022219658,0.0341902,0.0,0.0,0.0,0.0,0.17090212,0.15191344171762466,0.18842781707644463,0.025089717,0.73999983,0.7399998307228088,0.7399998307228088,0.0,0.7599998,0.7599998116493225,0.7599998116493225,0.0,124800.0,124800.0,124800.0,0.0
39,0.0,0.0,0.0,0.0,1.0,1.0,1.0,0.0,0.470046,0.46855711191892624,0.471687451004982,0.0022501408,0.47085026,0.4693882539868355,0.47258952260017395,0.0024423006,1.0355978,1.005605161190033,1.055923879146576,0.042146243,0.08598875,0.08794003911316395,0.09873500280082226,0.028171383,0.0925274,0.08794003911316395,0.09873500280082226,0.008941268,0.9166667,1.0,1.0,0.28867513,0.00080428115,0.0008225322380894795,0.0009235010948032141,0.00026349624,0.00935333,0.009353330358862877,0.009353330358862877,0.0,-27.23506,-27.72449493408203,-26.892423629760742,0.6494756,2.2783606,2.212375521659851,2.3230788707733154,0.09272361,0.7594536,0.7374585419893265,0.7743596434593201,0.03090787,0.16583332,0.14999999105930328,0.1824999935925007,0.031176426,0.0,0.0,0.0,0.0,0.15503402,0.13403888046741486,0.1726273074746132,0.023353795,0.7599998,0.7599998116493225,0.7599998116493225,0.0,0.7799998,0.7799997925758362,0.7799997925758362,0.0,128000.0,128000.0,128000.0,0.0
40,0.0,0.0,0.0,0.0,1.0,1.0,1.0,0.0,0.47085026,0.4693882539868355,0.47258952260017395,0.0024423006,0.4716917,0.4702490419149399,0.47344207018613815,0.0024356646,1.03752,1.0299374759197235,1.05143141746521,0.0151467165,0.09177483,0.08883184753358364,0.09333905205130577,0.0032327387,0.09177483,0.08883184753358364,0.09333905205130577,0.0032327387,1.0,1.0,1.0,0.0,0.00084140286,0.0008144212188199162,0.0008557438268326223,2.9638146e-05,0.009168122,0.009168121963739395,0.009168121963739395,0.0,-27.338552,-27.50852918624878,-27.1630916595459,0.47809967,2.2825897,2.2659077048301697,2.313195288181305,0.033323437,0.7608633,0.7553025782108307,0.7710651159286499,0.01110781,0.15933333,0.1420000083744526,0.17400000989437103,0.03536134,0.0,0.0,0.0,0.0,0.15331763,0.1451040618121624,0.1542598195374012,0.015678836,0.7799998,0.7799997925758362,0.7799997925758362,0.0,0.7999998,0.7999997735023499,0.7999997735023499,0.0,131200.0,131200.0,131200.0,0.0
41,0.0,0.0,0.0,0.0,1.0,1.0,1.0,0.0,0.4716917,0.4702490419149399,0.47344207018613815,0.0024356646,0.47247353,0.4711395874619484,0.47408314049243927,0.002402739,1.0299915,1.0161863267421722,1.045034021139145,0.034628358,0.08700412,0.09015266969799995,0.09634178690612316,0.028018322,0.0935983,0.09015266969799995,0.09634178690612316,0.0074209357,0.9166667,1.0,1.0,0.28867513,0.0007818695,0.0008101642597466707,0.0008657832659082487,0.0002517889,0.008986581,0.00898658111691475,0.00898658111691475,0.0,-26.833197,-27.36375665664673,-26.14169454574585,0.78121316,2.2660263,2.2356544733047485,2.2991206645965576,0.076183945,0.7553422,0.7452181726694107,0.7663735747337341,0.025394645,0.15133335,0.14000000804662704,0.17600001394748688,0.04170314,0.0006666667,0.0,0.0,0.0023094013,0.1570947,0.1420912705361843,0.1680721715092659,0.023386339,0.7999998,0.7999997735023499,0.7999997735023499,0.0,0.81999975,0.8199997544288635,0.8199997544288635,0.0,134400.0,134400.0,134400.0,0.0
42,0.0,0.0,0.0,0.0,1.0,1.0,1.0,0.0,0.47247353,0.4711395874619484,0.47408314049243927,0.002402739,0.47323623,0.4718983843922615,0.4749855250120163,0.0023821448,1.0362898,1.0070481300354004,1.0571479201316833,0.05124976,0.086586125,0.08767021261155605,0.09839042089879513,0.028559666,0.09256432,0.08767021261155605,0.09839042089879513,0.010730726,0.9166667,1.0,1.0,0.28867513,0.0007627055,0.0007722548180026934,0.0008666852081660181,0.00025157165,0.008808634,0.008808634243905544,0.008808634243905544,0.0,-27.245447,-27.782165050506592,-26.831034183502197,0.97750753,2.2798831,2.2155500650405884,2.325771927833557,0.11275172,0.75996107,0.7385166883468628,0.775257334113121,0.03758391,0.16600001,0.13600000739097595,0.18200001120567322,0.038157567,0.0,0.0,0.0,0.0,0.16331477,0.14670074731111526,0.18568255379796028,0.021791436,0.81999975,0.8199997544288635,0.8199997544288635,0.0,0.83999974,0.8399997353553772,0.8399997353553772,0.0,137600.0,137600.0,137600.0,0.0
43,0.0,0.0,0.0,0.0,1.0,1.0,1.0,0.0,0.47323623,0.4718983843922615,0.4749855250120163,0.0023821448,0.47393987,0.4726750925183296,0.4753427132964134,0.002336913,1.055954,1.0390981435775757,1.0693684816360474,0.026399033,0.08148843,0.08525017835199833,0.0914063360542059,0.026047979,0.08805999,0.08525017835199833,0.0914063360542059,0.0053239986,0.9166667,1.0,1.0,0.28867513,0.00070358836,0.0007360681338468567,0.0007892217108746991,0.00022490378,0.008634212,0.008634212426841259,0.008634212426841259,0.0,-27.52945,-28.129201889038086,-27.013568878173828,0.6769009,2.3231452,2.286061644554138,2.3526576161384583,0.05807899,0.7743818,0.7620205879211426,0.7842192202806473,0.019359652,0.13133334,0.1120000034570694,0.15200001001358032,0.022227477,0.0006666667,0.0,0.0,0.0023094013,0.16360256,0.1463048979640007,0.178453017026186,0.021200396,0.83999974,0.8399997353553772,0.8399997353553772,0.0,0.8599997,0.8599997162818909,0.8599997162818909,0.0,140800.0,140800.0,140800.0,0.0
44,0.0,0.0,0.0,0.0,1.0,1.0,1.0,0.0,0.47393987,0.4726750925183296,0.4753427132964134,0.002336913,0.4746733,0.47346850484609604,0.4761428013443947,0.002501948,1.032308,1.0073507130146027,1.0588195323944092,0.041730274,0.08666399,0.08734452165663242,0.09833969175815582,0.02836589,0.09322474,0.08734452165663242,0.09833969175815582,0.008978034,0.9166667,1.0,1.0,0.28867513,0.0007334585,0.000739217983209528,0.0008322728099301457,0.00024006744,0.008463244,0.008463243953883648,0.008463243953883648,0.0,-27.382355,-27.818152904510498,-26.859477519989014,0.8890711,2.271123,2.21621572971344,2.329449415206909,0.091808446,0.757041,0.7387385815382004,0.7764831781387329,0.030602818,0.15933333,0.12400000542402267,0.18800001218914986,0.04334499,0.0,0.0,0.0,0.0,0.15696274,0.14189433678984642,0.17245161160826683,0.01665095,0.8599997,0.8599997162818909,0.8599997162818909,0.0,0.8799997,0.8799996972084045,0.8799996972084045,0.0,144000.0,144000.0,144000.0,0.0
45,0.0,0.0,0.0,0.0,1.0,1.0,1.0,0.0,0.4746733,0.47346850484609604,0.4761428013443947,0.002501948,0.4754517,0.4741972014307976,0.4768490120768547,0.0025008535,1.0284339,1.0025219768285751,1.0513060092926025,0.027289681,0.09383143,0.08885751478374004,0.09942228347063065,0.0058547375,0.09383143,0.08885751478374004,0.09942228347063065,0.0058547375,1.0,1.0,1.0,0.0,0.00077839365,0.0007371317915385589,0.0008247735386248678,4.856892e-05,0.008295661,0.008295660838484764,0.008295660838484764,0.0,-27.45054,-28.041260242462158,-26.93250274658203,0.54828465,2.2625997,2.2055923342704773,2.312919497489929,0.060038522,0.7541999,0.7351974844932556,0.7709732055664062,0.020012837,0.16266668,0.13600000739097595,0.18000001087784767,0.035340767,0.0006666667,0.0,0.0,0.0023094013,0.1645481,0.15588370710611343,0.1723584681749344,0.021066003,0.8799997,0.8799996972084045,0.8799996972084045,0.0,0.8999997,0.8999996781349182,0.8999996781349182,0.0,147200.0,147200.0,147200.0,0.0
46,0.0,0.0,0.0,0.0,1.0,1.0,1.0,0.0,0.4754517,0.4741972014307976,0.4768490120768547,0.0025008535,0.47620663,0.4749400466680527,0.4775964841246605,0.0024888038,1.0329446,1.0313545167446136,1.0488119721412659,0.024922404,0.092839204,0.08936966583132744,0.09303993545472622,0.005580209,0.092839204,0.08936966583132744,0.09303993545472622,0.005580209,1.0,1.0,1.0,0.0,0.0007549123,0.0007267001492436975,0.000756544541218318,4.537489e-05,0.008131396,0.008131396025419235,0.008131396025419235,0.0,-27.294012,-27.582841396331787,-27.123676300048828,0.58779454,2.2725232,2.269025206565857,2.307432472705841,0.05483042,0.7575078,0.756341740489006,0.7691441774368286,0.018276809,0.16066667,0.13200000673532486,0.1860000118613243,0.03805578,0.0,0.0,0.0,0.0,0.15637703,0.1412949562072754,0.1681399643421173,0.023536643,0.8999997,0.8999996781349182,0.8999996781349182,0.0,0.91999966,0.9199996590614319,0.9199996590614319,0.0,150400.0,150400.0,150400.0,0.0
47,0.0,0.0,0.0,0.0,1.0,1.0,1.0,0.0,0.47620663,0.4749400466680527,0.4775964841246605,0.0024888038,0.47688147,0.47566690295934677,0.4783536344766617,0.0024732742,1.0428516,1.0277415812015533,1.0514024794101715,0.03832932,0.084669165,0.08884777314960957,0.09381343238055706,0.02733564,0.090922624,0.08884777314960957,0.09381343238055706,0.007828642,0.9166667,1.0,1.0,0.28867513,0.00067484565,0.0007081508374540135,0.0007477290346287191,0.00021787552,0.007970383,0.007970383390784264,0.007970383390784264,0.0,-27.639425,-27.997663021087646,-27.212405681610107,0.88215864,2.2943192,2.261076509952545,2.313131630420685,0.084326155,0.76477313,0.7536922097206116,0.7710438966751099,0.028108722,0.14733334,0.12400000542402267,0.17600001394748688,0.040571675,0.0,0.0,0.0,0.0,0.16446806,0.14954238012433052,0.18105202913284302,0.021613188,0.91999966,0.9199996590614319,0.9199996590614319,0.0,0.93999964,0.9399996399879456,0.9399996399879456,0.0,153600.0,153600.0,153600.0,0.0
48,0.0,0.0,0.0,0.0,1.0,1.0,1.0,0.0,0.47688147,0.47566690295934677,0.4783536344766617,0.0024732742,0.47756544,0.47637849301099777,0.47907091677188873,0.0025369057,1.0295774,1.015408992767334,1.035375028848648,0.03592855,0.087549575,0.09217767603695393,0.09651492349803448,0.027788755,0.09369484,0.09217767603695393,0.09651492349803448,0.007178766,0.9166667,1.0,1.0,0.28867513,0.0006839862,0.0007201435073511675,0.0007540285005234182,0.00021710127,0.007812559,0.0078125586733222,0.0078125586733222,0.0,-27.302551,-27.70830202102661,-27.01479721069336,0.7787563,2.2651155,2.233944296836853,2.2778706550598145,0.079044364,0.7550385,0.7446481138467789,0.7592902481555939,0.026348121,0.13866667,0.12600000575184822,0.15400001034140587,0.028198434,0.0,0.0,0.0,0.0,0.14962058,0.14168310910463333,0.15704866126179695,0.017246058,0.93999964,0.9399996399879456,0.9399996399879456,0.0,0.9599996,0.9599996209144592,0.9599996209144592,0.0,156800.0,156800.0,156800.0,0.0
49,0.0,0.0,0.0,0.0,1.0,1.0,1.0,0.0,0.47756544,0.47637849301099777,0.47907091677188873,0.0025369057,0.47829354,0.47709032893180847,0.4797831103205681,0.0025339785,1.0224494,1.008313536643982,1.031518667936325,0.022432238,0.09507647,0.09300168976187706,0.09810725785791874,0.0047934805,0.09507647,0.09300168976187706,0.09810725785791874,0.0047934805,1.0,1.0,1.0,0.0,0.0007280823,0.0007121939561329782,0.0007512916781706735,3.6707814e-05,0.007657861,0.007657860405743122,0.007657860405743122,0.0,-27.46846,-27.85261583328247,-27.015368938446045,0.6038505,2.2494335,2.2183340787887573,2.2693864703178406,0.049351912,0.7498112,0.7394447028636932,0.7564621567726135,0.016450634,0.16200002,0.14800000935792923,0.18200001120567322,0.03184051,0.0,0.0,0.0,0.0,0.16798152,0.15154585242271423,0.1821279153227806,0.032199685,0.9599996,0.9599996209144592,0.9599996209144592,0.0,0.9799996,0.9799996018409729,0.9799996018409729,0.0,160000.0,160000.0,160000.0,0.0
50,0.0,0.0,0.0,0.0,1.0,1.0,1.0,0.0,0.47829354,0.47709032893180847,0.4797831103205681,0.0025339785,0.4789195,0.4778435751795769,0.48045357316732407,0.0026580084,1.047005,1.028981626033783,1.0714601278305054,0.030798275,0.08339404,0.0848281942307949,0.09354521334171295,0.026785092,0.0899483,0.0848281942307949,0.09354521334171295,0.0063552754,0.9166667,1.0,1.0,0.28867513,0.00062597444,0.0006367395108100027,0.0007021713827271014,0.00020105492,0.007506225,0.007506224792450666,0.007506224792450666,0.0,-27.596098,-28.075305938720703,-27.182762622833252,0.6013266,2.3034573,2.263804852962494,2.3572592735290527,0.06775754,0.7678191,0.7546016424894333,0.7857531011104584,0.022585848,0.14733334,0.11800000444054604,0.18000001087784767,0.036013465,0.0,0.0,0.0,0.0,0.16025628,0.14700371026992798,0.16769607737660408,0.01892734,0.9799996,0.9799996018409729,0.9799996018409729,0.0,0.9999996,0.9999995827674866,0.9999995827674866,0.0,163200.0,163200.0,163200.0,0.0
51,0.0,0.0,0.0,0.0,1.0,1.0,1.0,0.0,0.4789195,0.4778435751795769,0.48045357316732407,0.0026580084,0.4795537,0.4783221259713173,0.4810722693800926,0.0026749547,1.0339726,1.0023549497127533,1.0593372583389282,0.03815724,0.086199075,0.08724543265998363,0.09946486167609692,0.02798731,0.09280037,0.08724543265998363,0.09946486167609692,0.008043899,0.9166667,1.0,1.0,0.28867513,0.0006342176,0.0006419163255486637,0.0007318218849832192,0.00020591922,0.007357592,0.007357592228800058,0.007357592228800058,0.0,-27.304634,-27.79473114013672,-26.664629459381104,0.85621613,2.2747853,2.2052249908447266,2.3305885195732117,0.0839476,0.75826174,0.7350750267505646,0.7768628597259521,0.027982535,0.15,0.13200000673532486,0.18800001218914986,0.04475387,0.0,0.0,0.0,0.0,0.1572163,0.1392361745238304,0.1850038878619671,0.02711414,0.9999996,0.9999995827674866,0.9999995827674866,0.0,1.0199996,1.019999623298645,1.019999623298645,0.0,166400.0,166400.0,166400.0,0.0
52,0.0,0.0,0.0,0.0,1.0,1.0,1.0,0.0,0.4795537,0.4783221259713173,0.4810722693800926,0.0026749547,0.48022008,0.4790176972746849,0.48179900646209717,0.002669951,1.0362623,1.0002390146255493,1.060816615819931,0.042616438,0.0923957,0.08693280816078186,0.0999520979821682,0.009049646,0.0923957,0.08693280816078186,0.0999520979821682,0.009049646,1.0,1.0,1.0,0.0,0.00066634873,0.0006269508157856762,0.0007208446477307007,6.526515e-05,0.0072119012,0.007211901247501373,0.007211901247501373,0.0,-27.217676,-27.675827980041504,-26.724486827850342,0.765134,2.2798226,2.200569808483124,2.333843231201172,0.09375804,0.75994086,0.7335232794284821,0.7779477685689926,0.031252682,0.1625,0.14000000059604645,0.17249999940395355,0.03333712,0.0008333333,0.0,0.0,0.0028867512,0.15254866,0.1325908601284027,0.1611788645386696,0.028487034,1.0199996,1.019999623298645,1.019999623298645,0.0,1.0399996,1.0399996042251587,1.0399996042251587,0.0,169600.0,169600.0,169600.0,0.0
53,0.0,0.0,0.0,0.0,1.0,1.0,1.0,0.0,0.48022008,0.4790176972746849,0.48179900646209717,0.002669951,0.4808785,0.4797416999936104,0.48239946365356445,0.002674657,1.0320879,1.0013774782419205,1.056209236383438,0.034562413,0.093146734,0.08786352723836899,0.09968592040240765,0.007369099,0.093146734,0.08786352723836899,0.09968592040240765,0.007369099,1.0,1.0,1.0,0.0,0.0006584632,0.00062111574516166,0.0007046893588267267,5.209287e-05,0.0070690964,0.007069096434861422,0.007069096434861422,0.0,-27.516655,-28.072478771209717,-27.136919021606445,0.76078695,2.270639,2.2030744552612305,2.3237067461013794,0.076038845,0.7568796,0.7343581765890121,0.7745689153671265,0.025346274,0.18066667,0.15800001099705696,0.1980000026524067,0.037283514,0.0,0.0,0.0,0.0,0.16383053,0.15486790612339973,0.17690538242459297,0.015834248,1.0399996,1.0399996042251587,1.0399996042251587,0.0,1.0599996,1.0599995851516724,1.0599995851516724,0.0,172800.0,172800.0,172800.0,0.0
54,0.0,0.0,0.0,0.0,1.0,1.0,1.0,0.0,0.4808785,0.4797416999936104,0.48239946365356445,0.002674657,0.48152205,0.48037513345479965,0.4830124229192734,0.00267801,1.0333313,1.0107553154230118,1.057002454996109,0.033627078,0.09287051,0.08770066127181053,0.09758053533732891,0.007332531,0.09287051,0.08770066127181053,0.09758053533732891,0.007332531,1.0,1.0,1.0,0.0,0.0006435108,0.0006076882855268195,0.0006761471304344013,5.080798e-05,0.0069291187,0.006929118651896715,0.006929118651896715,0.0,-27.23635,-27.708285331726074,-26.687696933746338,0.69640106,2.2733738,2.2237061262130737,2.3254517316818237,0.07398106,0.75779134,0.7412354052066803,0.7751506119966507,0.024660353,0.12866667,0.11800000444054604,0.14000000804662704,0.02923676,0.0,0.0,0.0,0.0,0.15182653,0.14474521204829216,0.16008376330137253,0.012999954,1.0599996,1.0599995851516724,1.0599995851516724,0.0,1.0799996,1.079999566078186,1.079999566078186,0.0,176000.0,176000.0,176000.0,0.0
55,0.0,0.0,0.0,0.0,1.0,1.0,1.0,0.0,0.48152205,0.48037513345479965,0.4830124229192734,0.00267801,0.48215428,0.4810063987970352,0.4836665019392967,0.002687105,1.0317603,1.0229899883270264,1.0409176349639893,0.0246887,0.09308664,0.09101675264537334,0.09484681859612465,0.0053516165,0.09308664,0.09101675264537334,0.09484681859612465,0.0053516165,1.0,1.0,1.0,0.0,0.0006322364,0.0006181778735481203,0.0006441913137678057,3.6347705e-05,0.0067919134,0.006791912950575352,0.006791912950575352,0.0,-27.245878,-27.775522232055664,-26.76740550994873,0.63918424,2.2699182,2.2506229281425476,2.2900646328926086,0.05431624,0.7566394,0.7502076625823975,0.7633548825979233,0.018105412,0.15733334,0.13600000739097595,0.1640000119805336,0.033480886,0.0,0.0,0.0,0.0,0.1597368,0.14398029819130898,0.16854330152273178,0.022074504,1.0799996,1.079999566078186,1.079999566078186,0.0,1.0999995,1.0999995470046997,1.0999995470046997,0.0,179200.0,179200.0,179200.0,0.0
56,0.0,0.0,0.0,0.0,1.0,1.0,1.0,0.0,0.48215428,0.4810063987970352,0.4836665019392967,0.002687105,0.48277017,0.4816734865307808,0.48428408056497574,0.0026965912,1.0348206,1.0162447690963745,1.048454225063324,0.031359598,0.0925127,0.08945553004741669,0.09633396379649639,0.006530662,0.0925127,0.08945553004741669,0.09633396379649639,0.006530662,1.0,1.0,1.0,0.0,0.0006158963,0.0005955434317002073,0.0006413360824808478,4.3477383e-05,0.006657424,0.006657424382865429,0.006657424382865429,0.0,-27.504196,-27.849061489105225,-27.08132314682007,0.5607234,2.2766507,2.2357831597328186,2.306645393371582,0.068992525,0.75888354,0.7452610731124878,0.7688818126916885,0.022997502,0.15,0.12600000575184822,0.17000001296401024,0.028768672,0.0,0.0,0.0,0.0,0.16212314,0.15080716833472252,0.17810231819748878,0.02052592,1.0999995,1.0999995470046997,1.0999995470046997,0.0,1.1199995,1.1199995279312134,1.1199995279312134,0.0,182400.0,182400.0,182400.0,0.0
57,0.0,0.0,0.0,0.0,1.0,1.0,1.0,0.0,0.48277017,0.4816734865307808,0.48428408056497574,0.0026965912,0.48334393,0.4822580888867378,0.4848499521613121,0.0027193227,1.0283892,0.9897983372211456,1.0549286901950836,0.046344522,0.08792349,0.08812096528708935,0.10237784869968891,0.02872544,0.094153345,0.08812096528708935,0.10237784869968891,0.009787318,0.9166667,1.0,1.0,0.28867513,0.00057375344,0.0005750421405537054,0.0006680768128717318,0.00018745071,0.0065256,0.006525599397718906,0.006525599397718906,0.0,-27.070938,-27.33862018585205,-26.63213586807251,0.8070573,2.2625015,2.177599847316742,2.3208895325660706,0.10195999,0.75416714,0.7258666455745697,0.7736298441886902,0.033986665,0.16333334,0.1340000070631504,0.19200000166893005,0.044667117,0.0,0.0,0.0,0.0,0.15357019,0.1412537768483162,0.16646629571914673,0.017010577,1.1199995,1.1199995279312134,1.1199995279312134,0.0,1.1399995,1.139999508857727,1.139999508857727,0.0,185600.0,185600.0,185600.0,0.0
58,0.0,0.0,0.0,0.0,1.0,1.0,1.0,0.0,0.48334393,0.4822580888867378,0.4848499521613121,0.0027193227,0.48392156,0.4828449487686157,0.48538433760404587,0.0027231262,1.0447516,1.0374058187007904,1.0498490035533905,0.021024644,0.09030465,0.08915696293115616,0.09174748882651329,0.004307991,0.09030465,0.08915696293115616,0.09174748882651329,0.004307991,1.0,1.0,1.0,0.0,0.0005776232,0.0005702821072191,0.0005868521111551672,2.7555569e-05,0.0063963835,0.006396383512765169,0.006396383512765169,0.0,-27.573599,-27.977336883544922,-27.259908199310303,0.61710113,2.2984993,2.2823383808135986,2.309713840484619,0.046255115,0.7661665,0.7607795000076294,0.7699046283960342,0.015418361,0.14466667,0.12800000607967377,0.15400001034140587,0.02517334,0.0,0.0,0.0,0.0,0.15900864,0.14890161529183388,0.1705719530582428,0.01451112,1.1399995,1.139999508857727,1.139999508857727,0.0,1.1599995,1.1599994897842407,1.1599994897842407,0.0,188800.0,188800.0,188800.0,0.0
59,0.0,0.0,0.0,0.0,1.0,1.0,1.0,0.0,0.48392156,0.4828449487686157,0.48538433760404587,0.0027231262,0.48445892,0.4834493100643158,0.48596949130296707,0.0027126663,1.0366752,1.0159744918346405,1.0570373237133026,0.035869434,0.08570802,0.08769749104976654,0.09639018960297108,0.027634608,0.092186004,0.08769749104976654,0.09639018960297108,0.0074742357,0.9166667,1.0,1.0,0.28867513,0.00053736585,0.0005498392856679857,0.0006043401372153312,0.00017326143,0.0062697264,0.006269726436585188,0.006269726436585188,0.0,-27.369204,-27.8973708152771,-26.926340103149414,0.701172,2.280731,2.2351884841918945,2.325528621673584,0.07891432,0.7602437,0.7450628280639648,0.7751762270927429,0.026304776,0.158,0.1420000083744526,0.17600001394748688,0.019031078,0.0006666667,0.0,0.0,0.0023094013,0.15636481,0.13904370367527008,0.17859920486807823,0.027890014,1.1599995,1.1599994897842407,1.1599994897842407,0.0,1.1799995,1.1799994707107544,1.1799994707107544,0.0,192000.0,192000.0,192000.0,0.0
60,0.0,0.0,0.0,0.0,1.0,1.0,1.0,0.0,0.48445892,0.4834493100643158,0.48596949130296707,0.0027126663,0.48500955,0.4839993789792061,0.48650913685560226,0.0027200938,1.0483389,1.0313290059566498,1.0672515034675598,0.024617018,0.08959826,0.08566426113247871,0.09304632991552353,0.0050668926,0.08959826,0.08566426113247871,0.09304632991552353,0.0050668926,1.0,1.0,1.0,0.0,0.00055063306,0.0005264563806122169,0.0005718234606320038,3.1138992e-05,0.006145578,0.0061455778777599335,0.0061455778777599335,0.0,-27.647863,-28.119734287261963,-27.442718029022217,0.5562157,2.3063917,2.2689691185951233,2.348000228404999,0.054158524,0.7687972,0.7563230693340302,0.7826667428016663,0.018052835,0.14133334,0.12000000476837158,0.1680000126361847,0.025603034,0.0,0.0,0.0,0.0,0.1592305,0.14757101982831955,0.1676870584487915,0.021132492,1.1799995,1.1799994707107544,1.1799994707107544,0.0,1.1999995,1.199999451637268,1.199999451637268,0.0,195200.0,195200.0,195200.0,0.0
61,0.0,0.0,0.0,0.0,1.0,1.0,1.0,0.0,0.48500955,0.4839993789792061,0.48650913685560226,0.0027200938,0.48558486,0.48454370349645615,0.4870980232954025,0.0027428705,1.0212704,1.0011673420667648,1.0582782328128815,0.035014495,0.09550553,0.08744234032928944,0.09973381087183952,0.00775082,0.09550553,0.08744234032928944,0.09973381087183952,0.00775082,1.0,1.0,1.0,0.0,0.00057531445,0.0005267427768558264,0.000600785220740363,4.669007e-05,0.006023887,0.006023887079209089,0.006023887079209089,0.0,-27.261337,-27.92501401901245,-26.679047107696533,0.97854155,2.2468398,2.202612042427063,2.328258693218231,0.077033415,0.7489466,0.7342040538787842,0.7760862708091736,0.025677819,0.17066668,0.14800000935792923,0.1940000019967556,0.03879394,0.0006666667,0.0,0.0,0.0023094013,0.1594225,0.14491086825728416,0.1753789186477661,0.021279382,1.1999995,1.199999451637268,1.199999451637268,0.0,1.2199994,1.2199994325637817,1.2199994325637817,0.0,198400.0,198400.0,198400.0,0.0
62,0.0,0.0,0.0,0.0,1.0,1.0,1.0,0.0,0.48558486,0.48454370349645615,0.4870980232954025,0.0027428705,0.48612598,0.4850773960351944,0.4876484200358391,0.002757756,1.0385326,1.0354710817337036,1.0461872816085815,0.024420269,0.09164337,0.08991105481982231,0.09216207824647427,0.005213491,0.09164337,0.08991105481982231,0.09216207824647427,0.005213491,1.0,1.0,1.0,0.0,0.00054111803,0.0005308894178597257,0.0005441808170871809,3.0783613e-05,0.005904606,0.00590460654348135,0.00590460654348135,0.0,-27.544107,-27.901874542236328,-27.091679096221924,0.66270983,2.2848172,2.2780818939208984,2.3016579151153564,0.053725645,0.76160574,0.759360671043396,0.7672193348407745,0.017908543,0.15866667,0.14000000804662704,0.17000001296401024,0.033567663,0.0006666667,0.0,0.0,0.0023094013,0.15820672,0.14450562372803688,0.16924306005239487,0.019231211,1.2199994,1.2199994325637817,1.2199994325637817,0.0,1.2399994,1.2399994134902954,1.2399994134902954,0.0,201600.0,201600.0,201600.0,0.0
63,0.0,0.0,0.0,0.0,1.0,1.0,1.0,0.0,0.48612598,0.4850773960351944,0.4876484200358391,0.002757756,0.48657486,0.48530344665050507,0.48813966661691666,0.0028380177,1.0451143,1.012164294719696,1.0929482281208038,0.04334018,0.07755758,0.0807335115969181,0.09723997488617897,0.036800224,0.0905379,0.0807335115969181,0.09723997488617897,0.008775593,0.8333333,1.0,1.0,0.38924947,0.0004488791,0.00046726037544431165,0.0005627946375170723,0.0002129882,0.005787688,0.0057876878418028355,0.0057876878418028355,0.0,-27.423693,-27.97818660736084,-26.842190742492676,0.9910944,2.2992973,2.2268059253692627,2.404534101486206,0.0953503,0.76643246,0.7422686815261841,0.8015113770961761,0.031783428,0.14400001,0.11600000411272049,0.17000001296401024,0.04064928,0.0,0.0,0.0,0.0,0.1593364,0.14833726733922958,0.1694621667265892,0.019546185,1.2399994,1.2399994134902954,1.2399994134902954,0.0,1.2599994,1.259999394416809,1.259999394416809,0.0,204800.0,204800.0,204800.0,0.0
64,0.0,0.0,0.0,0.0,1.0,1.0,1.0,0.0,0.48657486,0.48530344665050507,0.48813966661691666,0.0028380177,0.4870923,0.48585494607686996,0.48867587745189667,0.0028425676,1.0408491,1.0200676023960114,1.0592005848884583,0.028733768,0.091205694,0.08725737035274506,0.09548519551753998,0.0060335738,0.091205694,0.08725737035274506,0.09548519551753998,0.0060335738,1.0,1.0,1.0,0.0,0.0005174175,0.0004950183356413618,0.0005416955100372434,3.4228968e-05,0.005673083,0.0056730834767222404,0.0056730834767222404,0.0,-27.645111,-28.0981183052063,-26.790863037109375,0.75094444,2.2899137,2.2441935539245605,2.3302878737449646,0.06321555,0.76330453,0.7480645179748535,0.7767626643180847,0.021071853,0.15933333,0.13600000739097595,0.18400001153349876,0.043210547,0.0006666667,0.0,0.0,0.0023094013,0.16453958,0.14823495969176292,0.17775125429034233,0.023718936,1.2599994,1.259999394416809,1.259999394416809,0.0,1.2799994,1.2799993753433228,1.2799993753433228,0.0,208000.0,208000.0,208000.0,0.0
65,0.0,0.0,0.0,0.0,1.0,1.0,1.0,0.0,0.4870923,0.48585494607686996,0.48867587745189667,0.0028425676,0.48762086,0.486379936337471,0.489247664809227,0.002845992,1.0231704,1.0065879225730896,1.0394252240657806,0.032975934,0.095056176,0.09132192842662334,0.09849525056779385,0.007254731,0.095056176,0.09132192842662334,0.09849525056779385,0.007254731,1.0,1.0,1.0,0.0,0.0005285836,0.0005078184040030465,0.0005477074300870299,4.034174e-05,0.0055607497,0.005560749676078558,0.005560749676078558,0.0,-27.224192,-27.4700608253479,-26.923333168029785,0.5224703,2.2510197,2.214537739753723,2.2867811918258667,0.0725485,0.7503399,0.7381792515516281,0.7622604370117188,0.024182832,0.1475,0.12999999523162842,0.1549999937415123,0.035707142,0.0008333333,0.0,0.0,0.0028867512,0.1532715,0.14710325002670288,0.1591932475566864,0.013945553,1.2799994,1.2799993753433228,1.2799993753433228,0.0,1.2999994,1.2999993562698364,1.2999993562698364,0.0,211200.0,211200.0,211200.0,0.0
66,0.0,0.0,0.0,0.0,1.0,1.0,1.0,0.0,0.48762086,0.486379936337471,0.489247664809227,0.002845992,0.48808205,0.4869077578186989,0.48976290971040726,0.0027897202,1.0434576,1.024447351694107,1.0543017387390137,0.035420876,0.08461218,0.08825019933283329,0.09452975913882256,0.027037557,0.090745844,0.08825019933283329,0.09452975913882256,0.0070827696,0.9166667,1.0,1.0,0.28867513,0.00046119047,0.0004810199679923244,0.0005152475787326694,0.00014737196,0.0054506385,0.005450638942420483,0.005450638942420483,0.0,-27.799385,-28.172024726867676,-27.186625957489014,0.8363281,2.2956526,2.2538291215896606,2.319510042667389,0.077927455,0.76521754,0.7512763738632202,0.7731700539588928,0.025975816,0.13466667,0.10400000214576721,0.16200001165270805,0.029112117,0.0,0.0,0.0,0.0,0.1638069,0.14626814797520638,0.17469460144639015,0.03361428,1.2999994,1.2999993562698364,1.2999993562698364,0.0,1.3199993,1.31999933719635,1.31999933719635,0.0,214400.0,214400.0,214400.0,0.0
67,0.0,0.0,0.0,0.0,1.0,1.0,1.0,0.0,0.48808205,0.4869077578186989,0.48976290971040726,0.0027897202,0.4885335,0.4874049350619316,0.4902418702840805,0.0027923924,1.0421629,1.0295698046684265,1.0614212155342102,0.034421008,0.08449456,0.08681190013885498,0.0934179313480854,0.027295174,0.09101147,0.08681190013885498,0.0934179313480854,0.0072982293,0.9166667,1.0,1.0,0.28867513,0.0004514299,0.0004638107493519783,0.0004991048626834527,0.00014583018,0.0053427094,0.005342709366232157,0.005342709366232157,0.0,-27.559301,-27.759794235229492,-27.26605224609375,0.58077985,2.2928042,2.265098750591278,2.335173189640045,0.075727716,0.7642681,0.755032941699028,0.7783910632133484,0.02524256,0.15066667,0.1120000034570694,0.18200001120567322,0.042719666,0.0,0.0,0.0,0.0,0.1565613,0.13987109810113907,0.16775697469711304,0.020323634,1.3199993,1.31999933719635,1.31999933719635,0.0,1.3399993,1.3399993181228638,1.3399993181228638,0.0,217600.0,217600.0,217600.0,0.0
68,0.0,0.0,0.0,0.0,1.0,1.0,1.0,0.0,0.4885335,0.4874049350619316,0.4902418702840805,0.0027923924,0.48899564,0.48788440227508545,0.4907003566622734,0.0027827306,1.0547113,1.04767245054245,1.061830312013626,0.019583374,0.08824515,0.08673577755689621,0.08960561826825142,0.0039433786,0.08824515,0.08673577755689621,0.08960561826825142,0.0039433786,1.0,1.0,1.0,0.0,0.00046213254,0.0004542280803434551,0.000469257211079821,2.0651149e-05,0.0052369176,0.005236917175352573,0.005236917175352573,0.0,-27.578058,-28.05767297744751,-27.052249908447266,0.6871593,2.3204112,2.3049254417419434,2.336073338985443,0.043084264,0.7734704,0.7683085054159164,0.7786911427974701,0.014361417,0.13933334,0.12600000575184822,0.15400001034140587,0.026742317,0.0006666667,0.0,0.0,0.0023094013,0.1629632,0.14651568606495857,0.17601652070879936,0.032855615,1.3399993,1.3399993181228638,1.3399993181228638,0.0,1.3599993,1.3599992990493774,1.3599992990493774,0.0,220800.0,220800.0,220800.0,0.0
69,0.0,0.0,0.0,0.0,1.0,1.0,1.0,0.0,0.48899564,0.48788440227508545,0.4907003566622734,0.0027827306,0.48947296,0.4884050264954567,0.49117840826511383,0.0027775154,1.0321683,1.0255981385707855,1.0505074560642242,0.023868747,0.09299085,0.08902117051184177,0.09427906386554241,0.0052067228,0.09299085,0.08902117051184177,0.09427906386554241,0.0052067228,1.0,1.0,1.0,0.0,0.00047734243,0.0004569651573547162,0.0004839550965698436,2.6727253e-05,0.005133219,0.005133219063282013,0.005133219063282013,0.0,-27.472366,-27.935123443603516,-27.15704107284546,0.65056235,2.2708156,2.256360948085785,2.3111624717712402,0.05251232,0.7569385,0.752120316028595,0.7703875005245209,0.017504105,0.158,0.14400000870227814,0.1680000126361847,0.018722858,0.0,0.0,0.0,0.0,0.15741324,0.1446419209241867,0.166799146682024,0.020482382,1.3599993,1.3599992990493774,1.3599992990493774,0.0,1.3799993,1.3799992799758911,1.3799992799758911,0.0,224000.0,224000.0,224000.0,0.0
70,0.0,0.0,0.0,0.0,1.0,1.0,1.0,0.0,0.48947296,0.4884050264954567,0.49117840826511383,0.0027775154,0.48993048,0.48885782808065414,0.4916180744767189,0.0027839856,1.0421606,1.0228995084762573,1.0611547529697418,0.028919304,0.090932064,0.08686566911637783,0.0948638878762722,0.00600821,0.090932064,0.08686566911637783,0.0948638878762722,0.00600821,1.0,1.0,1.0,0.0,0.00045753145,0.0004370711249066517,0.00047731476661283523,3.023076e-05,0.005031575,0.005031574983149767,0.005031574983149767,0.0,-27.461502,-27.908520221710205,-27.048566818237305,0.65687984,2.2927992,2.2504239082336426,2.3345870971679688,0.06362375,0.76426643,0.7501413077116013,0.778195708990097,0.02120792,0.14866668,0.13200000673532486,0.17000001296401024,0.030407337,0.0,0.0,0.0,0.0,0.16367938,0.15198055282235146,0.17398972064256668,0.018660419,1.3799993,1.3799992799758911,1.3799992799758911,0.0,1.3999993,1.3999992609024048,1.3999992609024048,0.0,227200.0,227200.0,227200.0,0.0
71,0.0,0.0,0.0,0.0,1.0,1.0,1.0,0.0,0.48993048,0.48885782808065414,0.4916180744767189,0.0027839856,0.4903926,0.48933565616607666,0.49205296486616135,0.0027943174,1.0289135,1.0107766389846802,1.0407101511955261,0.025347073,0.09370313,0.09105268307030201,0.09755049459636211,0.0053458554,0.09370313,0.09105268307030201,0.09755049459636211,0.0053458554,1.0,1.0,1.0,0.0,0.00046213847,0.0004490666033234447,0.0004811134349438362,2.636545e-05,0.0049319426,0.00493194255977869,0.00493194255977869,0.0,-27.319086,-27.601234436035156,-26.920581817626953,0.44332668,2.263655,2.223753035068512,2.289608120918274,0.05576465,0.75455165,0.7412510365247726,0.7632027119398117,0.018588211,0.13933334,0.12600000575184822,0.15200001001358032,0.018514534,0.0,0.0,0.0,0.0,0.15640944,0.14088014513254166,0.17020852863788605,0.019617526,1.3999993,1.3999992609024048,1.3999992609024048,0.0,1.4199992,1.4199992418289185,1.4199992418289185,0.0,230400.0,230400.0,230400.0,0.0
72,0.0,0.0,0.0,0.0,1.0,1.0,1.0,0.0,0.4903926,0.48933565616607666,0.49205296486616135,0.0027943174,0.49085197,0.4898035228252411,0.4925161451101303,0.0028061203,1.0232273,1.007503017783165,1.0449180901050568,0.031105885,0.09501774,0.09017453156411648,0.098293736577034,0.0069207083,0.09501774,0.09017453156411648,0.098293736577034,0.0069207083,1.0,1.0,1.0,0.0,0.00045934276,0.00043592929432634264,0.00047517985512968153,3.3456676e-05,0.004834284,0.004834284074604511,0.004834284074604511,0.0,-27.141432,-27.799710273742676,-26.528037548065186,0.8881254,2.2511451,2.216550827026367,2.298865795135498,0.06843431,0.7503817,0.7388502955436707,0.766288623213768,0.022811435,0.15933333,0.1340000070631504,0.18000001087784767,0.037902586,0.0006666667,0.0,0.0,0.0023094013,0.1592477,0.144653107970953,0.16918089613318443,0.02593527,1.4199992,1.4199992418289185,1.4199992418289185,0.0,1.4399992,1.4399992227554321,1.4399992227554321,0.0,233600.0,233600.0,233600.0,0.0
73,0.0,0.0,0.0,0.0,1.0,1.0,1.0,0.0,0.49085197,0.4898035228252411,0.4925161451101303,0.0028061203,0.491302,0.49025561660528183,0.4929516315460205,0.0028026493,1.0236645,1.0101445317268372,1.0443308055400848,0.034447182,0.09497722,0.09029854834079742,0.09769120626151562,0.007834029,0.09497722,0.09029854834079742,0.09769120626151562,0.007834029,1.0,1.0,1.0,0.0,0.00045005514,0.00042788500286405906,0.00046291554463095963,3.712201e-05,0.004738559,0.004738559015095234,0.004738559015095234,0.0,-27.325472,-27.809398651123047,-26.795423984527588,0.93505174,2.2521067,2.2223622798919678,2.297573745250702,0.07578535,0.7507023,0.7407874464988708,0.7658579498529434,0.02526179,0.176,0.1600000113248825,0.1940000019967556,0.032181304,0.0,0.0,0.0,0.0,0.16045596,0.14610470831394196,0.1724238060414791,0.020047871,1.4399992,1.4399992227554321,1.4399992227554321,0.0,1.4599992,1.4599992036819458,1.4599992036819458,0.0,236800.0,236800.0,236800.0,0.0
74,0.0,0.0,0.0,0.0,1.0,1.0,1.0,0.0,0.491302,0.49025561660528183,0.4929516315460205,0.0028026493,0.49175802,0.49071309715509415,0.4934180825948715,0.002802112,1.008563,0.9933724850416183,1.0216623544692993,0.023635278,0.098179996,0.09514512866735458,0.10153792798519135,0.0052978275,0.098179996,0.09514512866735458,0.10153792798519135,0.0052978275,1.0,1.0,1.0,0.0,0.0004560195,0.0004419233519001864,0.00047161617840174586,2.4606978e-05,0.004644729,0.004644729197025299,0.004644729197025299,0.0,-26.928637,-27.292377948760986,-26.6283860206604,0.6115107,2.218883,2.185463070869446,2.2477020621299744,0.051998645,0.73962766,0.7284877002239227,0.7492340207099915,0.017332874,0.17333335,0.1600000113248825,0.18800001218914986,0.026715107,0.0006666667,0.0,0.0,0.0023094013,0.14934647,0.1346004530787468,0.16610094159841537,0.017460728,1.4599992,1.4599992036819458,1.4599992036819458,0.0,1.4799992,1.4799991846084595,1.4799991846084595,0.0,240000.0,240000.0,240000.0,0.0
75,0.0,0.0,0.0,0.0,1.0,1.0,1.0,0.0,0.49175802,0.49071309715509415,0.4934180825948715,0.002802112,0.49218503,0.4911510571837425,0.493832103908062,0.0027881733,1.0288748,1.004513442516327,1.0602407157421112,0.031185474,0.093787104,0.08704827353358269,0.0989662203937769,0.006651793,0.093787104,0.08704827353358269,0.0989662203937769,0.006651793,1.0,1.0,1.0,0.0,0.0004269899,0.0003963096605730243,0.0004505691977101378,3.0284004e-05,0.0045527574,0.004552757367491722,0.004552757367491722,0.0,-27.250498,-27.57430934906006,-26.78553533554077,0.53897065,2.2635698,2.2099737524986267,2.3325762152671814,0.06860943,0.7545233,0.7366579473018646,0.7775254398584366,0.022869809,0.16866668,0.15200001001358032,0.18400001525878906,0.037439246,0.0006666667,0.0,0.0,0.0023094013,0.16747624,0.15436042100191116,0.17786366119980812,0.023714991,1.4799992,1.4799991846084595,1.4799991846084595,0.0,1.4999992,1.4999991655349731,1.4999991655349731,0.0,243200.0,243200.0,243200.0,0.0
76,0.0,0.0,0.0,0.0,1.0,1.0,1.0,0.0,0.49218503,0.4911510571837425,0.493832103908062,0.0027881733,0.4925678,0.491606242954731,0.49420540034770966,0.00273234,1.0368121,1.0169829726219177,1.043045461177826,0.037630484,0.08577767,0.09056438133120537,0.09617347829043865,0.027693983,0.09218386,0.09056438133120537,0.09617347829043865,0.007778271,0.9166667,1.0,1.0,0.28867513,0.000382792,0.0004041532229166478,0.00042918440885841846,0.00012358736,0.0044626067,0.004462606739252806,0.004462606739252806,0.0,-27.377802,-27.747875690460205,-27.002609252929688,0.9281516,2.281032,2.237407147884369,2.2947458028793335,0.08278873,0.760344,0.7458023875951767,0.7649153023958206,0.027596243,0.142,0.12200000509619713,0.16200001165270805,0.03238406,0.0006666667,0.0,0.0,0.0023094013,0.15116905,0.13945503532886505,0.15722313150763512,0.016481102,1.4999992,1.4999991655349731,1.4999991655349731,0.0,1.5199991,1.5199991464614868,1.5199991464614868,0.0,246400.0,246400.0,246400.0,0.0
77,0.0,0.0,0.0,0.0,1.0,1.0,1.0,0.0,0.4925678,0.491606242954731,0.49420540034770966,0.00273234,0.49297544,0.491985984146595,0.49458009004592896,0.0027516983,1.0326651,1.003232181072235,1.0709328353404999,0.043329414,0.0931839,0.08493153750896454,0.09925857186317444,0.009474645,0.0931839,0.08493153750896454,0.09925857186317444,0.009474645,1.0,1.0,1.0,0.0,0.00040760892,0.0003715110942721367,0.0004341810126788914,4.1444397e-05,0.004374242,0.0043742419220507145,0.0043742419220507145,0.0,-27.131124,-27.77833890914917,-26.563427448272705,0.8729136,2.2719088,2.207154870033264,2.3560993671417236,0.09532662,0.75730294,0.7357183247804642,0.785366490483284,0.031775545,0.14933334,0.13200000673532486,0.17200001329183578,0.030952556,0.0,0.0,0.0,0.0,0.15879141,0.1420130915939808,0.1753871962428093,0.022818152,1.5199991,1.5199991464614868,1.5199991464614868,0.0,1.5399991,1.5399991273880005,1.5399991273880005,0.0,249600.0,249600.0,249600.0,0.0
78,0.0,0.0,0.0,0.0,1.0,1.0,1.0,0.0,0.49297544,0.491985984146595,0.49458009004592896,0.0027516983,0.49333802,0.4923524409532547,0.4949732944369316,0.002746231,1.0428377,1.0340279042720795,1.0582935214042664,0.041403882,0.08456382,0.08746125362813473,0.09246818721294403,0.027813608,0.09099748,0.08746125362813473,0.09246818721294403,0.009125342,0.9166667,1.0,1.0,0.28867513,0.00036257808,0.00037500115286093205,0.00039646902587264776,0.00011925436,0.004287626,0.004287626128643751,0.004287626128643751,0.0,-27.59987,-27.991715908050537,-27.253253936767578,0.79249406,2.2942889,2.2749067544937134,2.3282922506332397,0.09109035,0.76476306,0.7583022564649582,0.776097446680069,0.03036345,0.1375,0.11749999783933163,0.1524999924004078,0.027344603,0.0,0.0,0.0,0.0,0.14923957,0.1433427929878235,0.1566319540143013,0.0116302,1.5399991,1.5399991273880005,1.5399991273880005,0.0,1.5599991,1.5599991083145142,1.5599991083145142,0.0,252800.0,252800.0,252800.0,0.0
79,0.0,0.0,0.0,0.0,1.0,1.0,1.0,0.0,0.49333802,0.4923524409532547,0.4949732944369316,0.002746231,0.4936886,0.4927436634898186,0.49535417556762695,0.0027942546,1.0483698,1.0195469558238983,1.0703937709331512,0.03758157,0.0834265,0.08504634350538254,0.09559955075383186,0.027059533,0.08976785,0.08504634350538254,0.09559955075383186,0.007778755,0.9166667,1.0,1.0,0.28867513,0.00035061862,0.0003574263901100494,0.00040177861228585243,0.00011372377,0.004202725,0.004202724900096655,0.004202724900096655,0.0,-27.777884,-28.409719467163086,-27.470796585083008,0.8418028,2.3064594,2.2430481910705566,2.354913353919983,0.08268107,0.7688198,0.7476827502250671,0.78497114777565,0.027560357,0.17066668,0.15400001034140587,0.19200000166893005,0.036950417,0.0006666667,0.0,0.0,0.0023094013,0.16518845,0.14583590254187584,0.17767038941383362,0.023801422,1.5599991,1.5599991083145142,1.5599991083145142,0.0,1.5799991,1.5799990892410278,1.5799990892410278,0.0,256000.0,256000.0,256000.0,0.0
80,0.0,0.0,0.0,0.0,1.0,1.0,1.0,0.0,0.4936886,0.4927436634898186,0.49535417556762695,0.0027942546,0.4940777,0.49315765500068665,0.4957454353570938,0.0028025745,1.0255347,1.0091218650341034,1.0445497035980225,0.026707888,0.09445294,0.09025556407868862,0.09792228788137436,0.0057812915,0.09445294,0.09025556407868862,0.09792228788137436,0.0057812915,1.0,1.0,1.0,0.0,0.00038909944,0.00037180830258876085,0.00040339140832656994,2.3816065e-05,0.0041195056,0.004119505640119314,0.004119505640119314,0.0,-27.156174,-27.614410877227783,-26.426652431488037,0.75672114,2.2562215,2.220112442970276,2.2980551719665527,0.058758534,0.7520738,0.7400374859571457,0.76601842045784,0.01958619,0.16400002,0.13600000739097595,0.18400001525878906,0.03316077,0.0,0.0,0.0,0.0,0.15326555,0.13328507170081139,0.1683034710586071,0.025456274,1.5799991,1.5799990892410278,1.5799990892410278,0.0,1.5999991,1.5999990701675415,1.5999990701675415,0.0,259200.0,259200.0,259200.0,0.0
81,0.0,0.0,0.0,0.0,1.0,1.0,1.0,0.0,0.4940777,0.49315765500068665,0.4957454353570938,0.0028025745,0.49444273,0.493491567671299,0.49610551446676254,0.0028161283,1.0446687,1.0331991016864777,1.0598924458026886,0.02745496,0.090393394,0.08711816184222698,0.09266514703631401,0.005824359,0.090393394,0.08711816184222698,0.09266514703631401,0.005824359,1.0,1.0,1.0,0.0,0.00036500258,0.00035177741665393114,0.0003741757755051367,2.3518382e-05,0.0040379344,0.004037934355437756,0.004037934355437756,0.0,-27.55153,-27.918753147125244,-27.202035903930664,0.59188634,2.298317,2.273083508014679,2.331809937953949,0.0604021,0.7661057,0.7576945275068283,0.7772699892520905,0.020134035,0.14733334,0.12600000575184822,0.1640000119805336,0.028836006,0.0,0.0,0.0,0.0,0.15571375,0.14619339630007744,0.15373659133911133,0.019454602,1.5999991,1.5999990701675415,1.5999990701675415,0.0,1.619999,1.6199990510940552,1.6199990510940552,0.0,262400.0,262400.0,262400.0,0.0
82,0.0,0.0,0.0,0.0,1.0,1.0,1.0,0.0,0.49444273,0.493491567671299,0.49610551446676254,0.0028161283,0.49478984,0.49378930032253265,0.49647799134254456,0.0028497207,1.0275801,0.9937622100114822,1.0508918762207031,0.04450082,0.087702066,0.08905059844255447,0.10144992172718048,0.028778138,0.09429125,0.08905059844255447,0.10144992172718048,0.009399428,0.9166667,1.0,1.0,0.28867513,0.00034712287,0.0003524603016558103,0.0004015365557279438,0.00011390323,0.003957978,0.00395797798410058,0.00395797798410058,0.0,-27.363104,-27.871389389038086,-26.650444507598877,0.8986869,2.2607214,2.18632048368454,2.312008321285248,0.09790375,0.75357383,0.7287735044956207,0.770669475197792,0.03263459,0.14933334,0.11800000444054604,0.1860000118613243,0.0396836,0.0,0.0,0.0,0.0,0.16040868,0.15175504982471466,0.17421304062008858,0.0158467,1.619999,1.6199990510940552,1.6199990510940552,0.0,1.639999,1.6399990320205688,1.6399990320205688,0.0,265600.0,265600.0,265600.0,0.0
83,0.0,0.0,0.0,0.0,1.0,1.0,1.0,0.0,0.49478984,0.49378930032253265,0.49647799134254456,0.0028497207,0.49515986,0.49414101988077164,0.4968656450510025,0.0028575747,1.0215566,1.007042020559311,1.0533586144447327,0.03098688,0.09537965,0.0884384959936142,0.09839196689426899,0.006797701,0.09537965,0.0884384959936142,0.09839196689426899,0.006797701,1.0,1.0,1.0,0.0,0.00037003533,0.00034310640330659226,0.0003817219258053228,2.637239e-05,0.0038796046,0.0038796046283096075,0.0038796046283096075,0.0,-26.93941,-27.337120532989502,-26.74650526046753,0.50405943,2.2474692,2.2155367136001587,2.3174352049827576,0.06817249,0.7491565,0.738512247800827,0.7724784165620804,0.022724157,0.17466669,0.13200000673532486,0.20000000298023224,0.0473696,0.0,0.0,0.0,0.0,0.14708638,0.1407836563885212,0.1505911834537983,0.011637574,1.639999,1.6399990320205688,1.6399990320205688,0.0,1.659999,1.6599990129470825,1.6599990129470825,0.0,268800.0,268800.0,268800.0,0.0
84,0.0,0.0,0.0,0.0,1.0,1.0,1.0,0.0,0.49515986,0.49414101988077164,0.4968656450510025,0.0028575747,0.49553,0.49457935988903046,0.4971850886940956,0.0028510054,1.014013,0.9861157834529877,1.049123227596283,0.04587045,0.09732545,0.08932600356638432,0.10324876010417938,0.010425546,0.09732545,0.08932600356638432,0.10324876010417938,0.010425546,1.0,1.0,1.0,0.0,0.0003701076,0.00033968741627177224,0.0003926326462533325,3.9646093e-05,0.003802783,0.003802783088758588,0.003802783088758588,0.0,-26.868135,-27.460169315338135,-26.415847778320312,0.9144742,2.2308733,2.169498026371002,2.308117151260376,0.10091698,0.74362445,0.7231660336256027,0.7693723887205124,0.03363899,0.16066667,0.1420000083744526,0.19200000166893005,0.029236754,0.0,0.0,0.0,0.0,0.15259267,0.13567721471190453,0.16391020268201828,0.023152027,1.659999,1.6599990129470825,1.6599990129470825,0.0,1.679999,1.6799989938735962,1.6799989938735962,0.0,272000.0,272000.0,272000.0,0.0
85,0.0,0.0,0.0,0.0,1.0,1.0,1.0,0.0,0.49553,0.49457935988903046,0.4971850886940956,0.0028510054,0.49587667,0.49493052065372467,0.49752961099147797,0.002862477,1.032662,1.0159953832626343,1.0575186014175415,0.03272243,0.093002535,0.08759541809558868,0.09638394974172115,0.007257753,0.093002535,0.08759541809558868,0.09638394974172115,0.007257753,1.0,1.0,1.0,0.0,0.0003466654,0.0003265104387537576,0.00035926955024478957,2.7053153e-05,0.0037274833,0.003727483097463846,0.003727483097463846,0.0,-27.495558,-27.964622974395752,-27.26973295211792,0.76471037,2.2719016,2.235234498977661,2.3265873193740845,0.07199079,0.75730056,0.7450781762599945,0.7755291312932968,0.023996927,0.14333333,0.12000000476837158,0.15600001066923141,0.036494914,0.0006666667,0.0,0.0,0.0023094013,0.15597016,0.1439785398542881,0.1628236137330532,0.015028437,1.679999,1.6799989938735962,1.6799989938735962,0.0,1.699999,1.6999989748001099,1.6999989748001099,0.0,275200.0,275200.0,275200.0,0.0
86,0.0,0.0,0.0,0.0,1.0,1.0,1.0,0.0,0.49587667,0.49493052065372467,0.49752961099147797,0.002862477,0.49621677,0.49527716636657715,0.49788646399974823,0.0028579454,1.0322233,1.00920969247818,1.0467340052127838,0.03306765,0.093091555,0.08980666473507881,0.09790198504924774,0.006903582,0.093091555,0.08980666473507881,0.09790198504924774,0.006903582,1.0,1.0,1.0,0.0,0.00034012622,0.0003281243043602444,0.0003577019742806442,2.5223439e-05,0.0036536744,0.0036536743864417076,0.0036536743864417076,0.0,-27.613564,-28.09972095489502,-27.094210147857666,0.625012,2.2709365,2.220305621623993,2.3028608560562134,0.072750285,0.7569788,0.7401018738746643,0.7676203101873398,0.024250096,0.14866668,0.1340000070631504,0.1680000126361847,0.024470147,0.0,0.0,0.0,0.0,0.15684612,0.14432625472545624,0.16228467226028442,0.015685901,1.699999,1.6999989748001099,1.6999989748001099,0.0,1.719999,1.7199989557266235,1.7199989557266235,0.0,278400.0,278400.0,278400.0,0.0
87,0.0,0.0,0.0,0.0,1.0,1.0,1.0,0.0,0.49621677,0.49527716636657715,0.49788646399974823,0.0028579454,0.49653378,0.495646208524704,0.498210608959198,0.0028659324,1.0243231,1.0000650882720947,1.0365371704101562,0.038510427,0.08852131,0.0919326189905405,0.09998534061014652,0.02844686,0.094886445,0.0919326189905405,0.09998534061014652,0.00812758,0.9166667,1.0,1.0,0.28867513,0.00031702375,0.0003292407709523104,0.0003580802003853023,0.00010187751,0.0035813272,0.0035813269205391407,0.0035813269205391407,0.0,-27.025185,-27.421706199645996,-26.6675124168396,0.69562435,2.253556,2.2001872062683105,2.2804272770881653,0.08472463,0.75118536,0.7333957552909851,0.7601424306631088,0.028241547,0.14600001,0.12800000607967377,0.14800000935792923,0.026006991,0.0,0.0,0.0,0.0,0.16162863,0.146846704185009,0.17829879373311996,0.019872913,1.719999,1.7199989557266235,1.7199989557266235,0.0,1.7399989,1.7399989366531372,1.7399989366531372,0.0,281600.0,281600.0,281600.0,0.0
88,0.0,0.0,0.0,0.0,1.0,1.0,1.0,0.0,0.49653378,0.495646208524704,0.498210608959198,0.0028659324,0.4968597,0.4959641769528389,0.49851639568805695,0.002874061,1.0339129,1.0010648667812347,1.0696754157543182,0.039451648,0.0928376,0.08518262766301632,0.09975511394441128,0.0083886,0.0928376,0.08518262766301632,0.09975511394441128,0.0083886,1.0,1.0,1.0,0.0,0.0003258982,0.00029902608366683125,0.00035018150083487853,2.9447441e-05,0.0035104116,0.0035104115959256887,0.0035104115959256887,0.0,-27.31102,-27.56699514389038,-26.894729137420654,0.695611,2.274654,2.2023866176605225,2.3533328771591187,0.086795375,0.758218,0.7341289073228836,0.7844443172216415,0.028931795,0.14666668,0.1340000070631504,0.1640000119805336,0.050404426,0.0,0.0,0.0,0.0,0.16233666,0.1520821787416935,0.17015554010868073,0.015590934,1.7399989,1.7399989366531372,1.7399989366531372,0.0,1.7599989,1.7599989175796509,1.7599989175796509,0.0,284800.0,284800.0,284800.0,0.0
89,0.0,0.0,0.0,0.0,1.0,1.0,1.0,0.0,0.4968597,0.4959641769528389,0.49851639568805695,0.002874061,0.497153,0.49629124999046326,0.4988163933157921,0.002915456,1.0380958,1.0084180533885956,1.063981682062149,0.034162406,0.08524629,0.08631190657615662,0.09808039478957653,0.027485922,0.091858745,0.08631190657615662,0.09808039478957653,0.0070927893,0.9166667,1.0,1.0,0.28867513,0.00029332403,0.0002969907145597972,0.0003374849184183404,9.457633e-05,0.003440901,0.0034409009385854006,0.0034409009385854006,0.0,-27.344482,-27.80643606185913,-26.978055000305176,0.66151196,2.2838566,2.218564033508301,2.340806484222412,0.07515877,0.76128554,0.7395213842391968,0.7802688628435135,0.025052922,0.15533334,0.1420000083744526,0.17200001329183578,0.026959006,0.0,0.0,0.0,0.0,0.1692668,0.14953599125146866,0.18279777094721794,0.020620786,1.7599989,1.7599989175796509,1.7599989175796509,0.0,1.7799989,1.7799988985061646,1.7799988985061646,0.0,288000.0,288000.0,288000.0,0.0
90,0.0,0.0,0.0,0.0,1.0,1.0,1.0,0.0,0.497153,0.49629124999046326,0.4988163933157921,0.002915456,0.49747705,0.49661629647016525,0.4991179332137108,0.0029018873,1.0183183,0.9990068823099136,1.0437672138214111,0.029150566,0.09606842,0.09041342325508595,0.10022901557385921,0.006472522,0.09606842,0.09041342325508595,0.10022901557385921,0.006472522,1.0,1.0,1.0,0.0,0.00032401635,0.0003049433580599725,0.0003380490743438713,2.1830308e-05,0.0033727668,0.0033727665431797504,0.0033727665431797504,0.0,-27.146471,-27.68902015686035,-26.85134220123291,0.66697645,2.2403448,2.197858989238739,2.2963337898254395,0.064132564,0.74678165,0.7326196879148483,0.7654446214437485,0.021377522,0.172,0.15000000968575478,0.19200001284480095,0.03697665,0.0006666667,0.0,0.0,0.0023094013,0.15360254,0.14011210575699806,0.157255157828331,0.022540813,1.7799989,1.7799988985061646,1.7799988985061646,0.0,1.7999989,1.7999988794326782,1.7999988794326782,0.0,291200.0,291200.0,291200.0,0.0
91,0.0,0.0,0.0,0.0,1.0,1.0,1.0,0.0,0.49747705,0.49661629647016525,0.4991179332137108,0.0029018873,0.49778542,0.49694500118494034,0.49940275400877,0.0029041884,1.0311503,1.0092411041259766,1.0497786402702332,0.029530242,0.09327499,0.08917058445513248,0.09789793938398361,0.0062956708,0.09327499,0.08917058445513248,0.09789793938398361,0.0062956708,1.0,1.0,1.0,0.0,0.00030836542,0.00029479631484718993,0.00032364879734814167,2.081337e-05,0.0033059816,0.003305981634184718,0.003305981634184718,0.0,-27.044172,-27.419620037078857,-26.714728355407715,0.5202641,2.2685761,2.2203747630119324,2.3095592260360718,0.06496781,0.756192,0.7401249408721924,0.7698530852794647,0.021655938,0.14666666,0.11749999783933163,0.16999999433755875,0.038217872,0.0,0.0,0.0,0.0,0.15608831,0.14430522546172142,0.16365516185760498,0.018897079,1.7999989,1.7999988794326782,1.7999988794326782,0.0,1.8199989,1.819998860359192,1.819998860359192,0.0,294400.0,294400.0,294400.0,0.0
92,0.0,0.0,0.0,0.0,1.0,1.0,1.0,0.0,0.49778542,0.49694500118494034,0.49940275400877,0.0029041884,0.49809042,0.4972580000758171,0.4997103586792946,0.0029161037,1.0275633,1.005847692489624,1.051766723394394,0.034939338,0.09412905,0.08877115696668625,0.09866504557430744,0.007566251,0.09412905,0.08877115696668625,0.09866504557430744,0.007566251,1.0,1.0,1.0,0.0,0.00030502692,0.0002876646103686653,0.0003197259284206666,2.4518578e-05,0.003240519,0.0032405187375843525,0.0032405187375843525,0.0,-26.979525,-27.271916389465332,-26.836185455322266,0.65746146,2.2606845,2.212909162044525,2.313932955265045,0.07686806,0.7535615,0.7376364171504974,0.7713110148906708,0.025622685,0.15733334,0.14400000870227814,0.17800001427531242,0.028198432,0.0,0.0,0.0,0.0,0.14826287,0.1386052817106247,0.1581757329404354,0.017969986,1.8199989,1.819998860359192,1.819998860359192,0.0,1.8399988,1.8399988412857056,1.8399988412857056,0.0,297600.0,297600.0,297600.0,0.0
93,0.0,0.0,0.0,0.0,1.0,1.0,1.0,0.0,0.49809042,0.4972580000758171,0.4997103586792946,0.0029161037,0.4983792,0.49755309522151947,0.4999983087182045,0.0029180055,1.0419568,1.0247957706451416,1.0576521456241608,0.023101784,0.09090734,0.08756851591169834,0.09445062838494778,0.004741479,0.09090734,0.08756851591169834,0.09445062838494778,0.004741479,1.0,1.0,1.0,0.0,0.00028875374,0.0002781484217848629,0.00030000845436006784,1.506061e-05,0.003176352,0.003176352009177208,0.003176352009177208,0.0,-27.469683,-27.79599094390869,-27.35803985595703,0.56891394,2.2923505,2.2545957565307617,2.3268811106681824,0.05082489,0.76411694,0.7515319585800171,0.775627076625824,0.01694163,0.136,0.12400000542402267,0.15400001034140587,0.029344354,0.0,0.0,0.0,0.0,0.14862742,0.13846492394804955,0.1607281044125557,0.0195957,1.8399988,1.8399988412857056,1.8399988412857056,0.0,1.8599988,1.8599988222122192,1.8599988222122192,0.0,300800.0,300800.0,300800.0,0.0
94,0.0,0.0,0.0,0.0,1.0,1.0,1.0,0.0,0.4983792,0.49755309522151947,0.4999983087182045,0.0029180055,0.49867454,0.4978354647755623,0.5002903714776039,0.0029309532,1.0243793,1.0125174075365067,1.0306760966777802,0.038060665,0.09487126,0.09318317659199238,0.0971911083906889,0.008204355,0.09487126,0.09318317659199238,0.0971911083906889,0.008204355,1.0,1.0,1.0,0.0,0.00029537748,0.0002901217303588055,0.00030260024504968897,2.55439e-05,0.003113456,0.0031134560704231262,0.0031134560704231262,0.0,-27.126556,-27.85547637939453,-26.55384588241577,0.8886819,2.2536795,2.2275827527046204,2.267532706260681,0.08373515,0.7512265,0.7425276190042496,0.755844235420227,0.027911711,0.16200002,0.13600000739097595,0.1860000118613243,0.02876867,0.0006666667,0.0,0.0,0.0023094013,0.15635173,0.1447226107120514,0.17151113972067833,0.016206866,1.8599988,1.8599988222122192,1.8599988222122192,0.0,1.8799988,1.879998803138733,1.879998803138733,0.0,304000.0,304000.0,304000.0,0.0
95,0.0,0.0,0.0,0.0,1.0,1.0,1.0,0.0,0.49867454,0.4978354647755623,0.5002903714776039,0.0029309532,0.49896073,0.4981261044740677,0.5005813091993332,0.0029227685,1.0293136,0.9988925755023956,1.0643653571605682,0.03618662,0.093768924,0.08622808009386063,0.10025835037231445,0.007733821,0.093768924,0.08622808009386063,0.10025835037231445,0.007733821,1.0,1.0,1.0,0.0,0.00028616455,0.00026315135619370267,0.0003059690061490983,2.3602117e-05,0.0030518055,0.0030518057756125927,0.0030518057756125927,0.0,-27.076792,-27.729139804840088,-26.3256893157959,0.8287385,2.264535,2.197607636451721,2.3416505455970764,0.07961216,0.75484496,0.7325358986854553,0.7805501967668533,0.026537381,0.16266668,0.14400000870227814,0.17600001394748688,0.022455344,0.0,0.0,0.0,0.0,0.15394597,0.1459757275879383,0.1614832617342472,0.012549571,1.8799988,1.879998803138733,1.879998803138733,0.0,1.8999988,1.8999987840652466,1.8999987840652466,0.0,307200.0,307200.0,307200.0,0.0
96,0.0,0.0,0.0,0.0,1.0,1.0,1.0,0.0,0.49896073,0.4981261044740677,0.5005813091993332,0.0029227685,0.49923918,0.4984147623181343,0.5008659362792969,0.0029247452,1.0317993,1.0189260244369507,1.0514971017837524,0.024360616,0.09307444,0.08881914801895618,0.09575173817574978,0.005265697,0.09307444,0.08881914801895618,0.09575173817574978,0.005265697,1.0,1.0,1.0,0.0,0.00027842063,0.0002656914439285174,0.0002864294219762087,1.5751679e-05,0.0029913757,0.002991375746205449,0.002991375746205449,0.0,-27.23229,-27.8370680809021,-26.787015914916992,0.65757775,2.2700038,2.2416821122169495,2.3133397698402405,0.053594414,0.7566679,0.7472273856401443,0.7711132913827896,0.017864805,0.13866667,0.11800000444054604,0.15400001034140587,0.03038341,0.0,0.0,0.0,0.0,0.14953423,0.13078270852565765,0.1643938235938549,0.019922908,1.8999988,1.8999987840652466,1.8999987840652466,0.0,1.9199988,1.9199987649917603,1.9199987649917603,0.0,310400.0,310400.0,310400.0,0.0
97,0.0,0.0,0.0,0.0,1.0,1.0,1.0,0.0,0.49923918,0.4984147623181343,0.5008659362792969,0.0029247452,0.4995049,0.49866610765457153,0.5011394321918488,0.0029241173,1.0434426,1.0291821658611298,1.0522032380104065,0.026149888,0.090630405,0.08868969976902008,0.09350140206515789,0.005401543,0.090630405,0.08868969976902008,0.09350140206515789,0.005401543,1.0,1.0,1.0,0.0,0.00026574126,0.00026005084509961307,0.00027415944350650534,1.5838094e-05,0.0029321425,0.0029321424663066864,0.0029321424663066864,0.0,-27.48453,-27.964245319366455,-27.112953662872314,0.71273696,2.2956192,2.264245927333832,2.314893424510956,0.057530902,0.7652065,0.7547486573457718,0.7716311514377594,0.019176973,0.13866667,0.11800000444054604,0.15400001034140587,0.028608117,0.0,0.0,0.0,0.0,0.16205323,0.15081802755594254,0.16816841810941696,0.014485619,1.9199988,1.9199987649917603,1.9199987649917603,0.0,1.9399987,1.939998745918274,1.939998745918274,0.0,313600.0,313600.0,313600.0,0.0
98,0.0,0.0,0.0,0.0,1.0,1.0,1.0,0.0,0.4995049,0.49866610765457153,0.5011394321918488,0.0029241173,0.49977624,0.4989374130964279,0.5013997107744217,0.0029211733,1.0254322,1.0163812041282654,1.0344197452068329,0.021096062,0.094413795,0.09238081239163876,0.09630007110536098,0.004560471,0.094413795,0.09238081239163876,0.09630007110536098,0.004560471,1.0,1.0,1.0,0.0,0.00027135308,0.0002655101125128567,0.0002767743790172972,1.310717e-05,0.002874083,0.002874082885682583,0.002874082885682583,0.0,-27.231264,-27.531606197357178,-26.70707368850708,0.6754388,2.255996,2.236083209514618,2.2757688760757446,0.04641227,0.75199866,0.7453610748052597,0.7585896402597427,0.015470754,0.15866667,0.13200000673532486,0.1860000118613243,0.037652317,0.0,0.0,0.0,0.0,0.15802403,0.1460723802447319,0.17092454060912132,0.019618504,1.9399987,1.939998745918274,1.939998745918274,0.0,1.9599987,1.9599987268447876,1.9599987268447876,0.0,316800.0,316800.0,316800.0,0.0
99,0.0,0.0,0.0,0.0,1.0,1.0,1.0,0.0,0.49977624,0.4989374130964279,0.5013997107744217,0.0029211733,0.49999318,0.49920542538166046,0.5016455054283142,0.0029010673,1.0478699,1.0261202156543732,1.0721494853496552,0.04369857,0.07700799,0.08470183797180653,0.09418985806405544,0.036691103,0.08998403,0.08470183797180653,0.09418985806405544,0.009203443,0.8333333,1.0,1.0,0.38924947,0.00021694477,0.00023861965019023046,0.00026534903736319393,0.00010336515,0.0028171719,0.0028171720914542675,0.0028171720914542675,0.0,-27.403778,-28.195133209228516,-26.685791492462158,0.93236804,2.3053598,2.2575096487998962,2.3587759137153625,0.09613875,0.7684533,0.7525032311677933,0.7862586677074432,0.03204626,0.15266667,0.14000000804662704,0.17800001427531242,0.03208323,0.0,0.0,0.0,0.0,0.15913515,0.1450018174946308,0.16729123145341873,0.018670253,1.9599987,1.9599987268447876,1.9599987268447876,0.0,1.9799987,1.9799987077713013,1.9799987077713013,0.0,320000.0,320000.0,320000.0,0.0
100,0.0,0.0,0.0,0.0,1.0,1.0,1.0,0.0,0.49999318,0.49920542538166046,0.5016455054283142,0.0029010673,0.5002567,0.4994807094335556,0.501920536160469,0.0029102096,1.0213302,1.0009242296218872,1.0329217910766602,0.031111797,0.09542829,0.09270074032247066,0.09979097917675972,0.0066979886,0.09542829,0.09270074032247066,0.09979097917675972,0.0066979886,1.0,1.0,1.0,0.0,0.00026351455,0.0002559827480581589,0.00027556164423003793,1.8495746e-05,0.0027613884,0.0027613884303718805,0.0027613884303718805,0.0,-27.015928,-27.30471706390381,-26.469656467437744,0.8340004,2.2469714,2.2020772099494934,2.2724732756614685,0.0684473,0.7489905,0.7340257465839386,0.7574910968542099,0.022815762,0.16066667,0.1340000070631504,0.18000001087784767,0.030215388,0.0,0.0,0.0,0.0,0.15461138,0.13869008421897888,0.1624465398490429,0.02545409,1.9799987,1.9799987077713013,1.9799987077713013,0.0,1.9999987,1.999998688697815,1.999998688697815,0.0,323200.0,323200.0,323200.0,0.0
101,0.0,0.0,0.0,0.0,1.0,1.0,1.0,0.0,0.5002567,0.4994807094335556,0.501920536160469,0.0029102096,0.5005091,0.4997592717409134,0.5021719932556152,0.0029209466,1.0318079,0.9991377145051956,1.050553947687149,0.03748695,0.093255244,0.08904759027063847,0.10021543875336647,0.008036917,0.093255244,0.08904759027063847,0.10021543875336647,0.008036917,1.0,1.0,1.0,0.0,0.00025241481,0.00024102591851260513,0.0002712540444917977,2.17536e-05,0.002706709,0.002706709085032344,0.002706709085032344,0.0,-27.403856,-27.942200183868408,-27.003272533416748,0.6991273,2.2700226,2.198146879673004,2.3112648129463196,0.08247293,0.75667423,0.7327156364917755,0.770421639084816,0.02749097,0.16466667,0.13600000739097595,0.18400001525878906,0.027387235,0.0,0.0,0.0,0.0,0.16625156,0.14540951326489449,0.17995788529515266,0.021506492,1.9999987,1.999998688697815,1.999998688697815,0.0,2.0199988,2.019998788833618,2.019998788833618,0.0,326400.0,326400.0,326400.0,0.0
102,0.0,0.0,0.0,0.0,1.0,1.0,1.0,0.0,0.5005091,0.4997592717409134,0.5021719932556152,0.0029209466,0.50076145,0.49998949468135834,0.5024366527795792,0.0029222579,1.0226288,1.0005538612604141,1.0451563894748688,0.029043043,0.095115334,0.09012521058320999,0.0998736247420311,0.0062455437,0.095115334,0.09012521058320999,0.0998736247420311,0.0062455437,1.0,1.0,1.0,0.0,0.00025235172,0.00023911233438411728,0.0002649759771884419,1.6570131e-05,0.0026531126,0.0026531126350164413,0.0026531126350164413,0.0,-27.252157,-27.557631969451904,-26.806546211242676,0.86582446,2.249828,2.2012625336647034,2.299389898777008,0.063895956,0.7499428,0.7337542176246643,0.7664633095264435,0.021298647,0.17000002,0.15000000968575478,0.19600000232458115,0.032918632,0.0006666667,0.0,0.0,0.0023094013,0.15912414,0.14969954267144203,0.16670477017760277,0.014871412,2.0199988,2.019998788833618,2.019998788833618,0.0,2.0399988,2.039998769760132,2.039998769760132,0.0,329600.0,329600.0,329600.0,0.0
103,0.0,0.0,0.0,0.0,1.0,1.0,1.0,0.0,0.50076145,0.49998949468135834,0.5024366527795792,0.0029222579,0.5009979,0.5002231523394585,0.5026711821556091,0.0029206276,1.0419565,1.0298870205879211,1.0518642365932465,0.024300538,0.09092281,0.08874369598925114,0.0933502409607172,0.0051688165,0.09092281,0.08874369598925114,0.0933502409607172,0.0051688165,1.0,1.0,1.0,0.0,0.00023645181,0.00023078485173755325,0.0002427645267744083,1.3441908e-05,0.0026005774,0.002600577427074313,0.002600577427074313,0.0,-27.364973,-27.57733964920044,-26.957709312438965,0.6404177,2.29235,2.2657967805862427,2.314147412776947,0.053462226,0.76411676,0.7552655935287476,0.7713825106620789,0.017820738,0.14133334,0.12400000542402267,0.15400001034140587,0.032955438,0.0006666667,0.0,0.0,0.0023094013,0.15680324,0.14613333344459534,0.16280271112918854,0.016886044,2.0399988,2.039998769760132,2.039998769760132,0.0,2.0599988,2.0599987506866455,2.0599987506866455,0.0,332800.0,332800.0,332800.0,0.0
104,0.0,0.0,0.0,0.0,1.0,1.0,1.0,0.0,0.5009979,0.5002231523394585,0.5026711821556091,0.0029206276,0.50121254,0.5004633069038391,0.5029154121875763,0.0029698878,1.0446243,1.022770881652832,1.0737797617912292,0.039553985,0.08419302,0.08437741547822952,0.09492382034659386,0.027428027,0.09057951,0.08437741547822952,0.09492382034659386,0.0082816,0.9166667,1.0,1.0,0.28867513,0.00021461496,0.00021508499776246026,0.00024196865342673846,6.991631e-05,0.0025490825,0.0025490825064480305,0.0025490825064480305,0.0,-27.215736,-27.79141139984131,-26.578730583190918,0.7990436,2.2982194,2.250140964984894,2.3623626232147217,0.0870205,0.76607317,0.7500470280647278,0.7874542474746704,0.029006843,0.14916666,0.12999999523162842,0.17999999225139618,0.036296338,0.0,0.0,0.0,0.0,0.1613936,0.14648783951997757,0.17182424291968346,0.025621943,2.0599988,2.0599987506866455,2.0599987506866455,0.0,2.0799987,2.079998731613159,2.079998731613159,0.0,336000.0,336000.0,336000.0,0.0
105,0.0,0.0,0.0,0.0,1.0,1.0,1.0,0.0,0.50121254,0.5004633069038391,0.5029154121875763,0.0029698878,0.5014472,0.5006830543279648,0.503136619925499,0.0029709237,1.0288705,1.0091841369867325,1.0558605790138245,0.038797025,0.09391927,0.0879307184368372,0.09798229672014713,0.008681622,0.09391927,0.0879307184368372,0.09798229672014713,0.008681622,1.0,1.0,1.0,0.0,0.00023466739,0.00021970434681861661,0.00024481929358444177,2.1691965e-05,0.0024986074,0.0024986073840409517,0.0024986073840409517,0.0,-27.213354,-27.586295127868652,-26.986599445343018,0.7480249,2.26356,2.2202494740486145,2.322939693927765,0.08535516,0.7545201,0.7400831580162048,0.7743132412433624,0.028451722,0.16266668,0.12800000607967377,0.1860000118613243,0.039092742,0.0,0.0,0.0,0.0,0.15409626,0.14607205614447594,0.16107359156012535,0.019613212,2.0799987,2.079998731613159,2.079998731613159,0.0,2.0999987,2.099998712539673,2.099998712539673,0.0,339200.0,339200.0,339200.0,0.0
106,0.0,0.0,0.0,0.0,1.0,1.0,1.0,0.0,0.5014472,0.5006830543279648,0.503136619925499,0.0029709237,0.5016807,0.5009139180183411,0.5033903568983078,0.0029739868,1.0213784,1.007566899061203,1.0391875207424164,0.024663774,0.09533795,0.09137457050383091,0.09827341139316559,0.005444205,0.09533795,0.09137457050383091,0.09827341139316559,0.005444205,1.0,1.0,1.0,0.0,0.0002334952,0.00022378837093128823,0.00024068454149528407,1.3333572e-05,0.0024491318,0.002449131803587079,0.002449131803587079,0.0,-27.157913,-27.42508363723755,-26.87752342224121,0.5141912,2.2470772,2.216691493988037,2.2862582206726074,0.05426134,0.7490258,0.7388972043991089,0.7620861083269119,0.018087111,0.168,0.15000000968575478,0.18400001525878906,0.02387848,0.0,0.0,0.0,0.0,0.158448,0.1448814831674099,0.16779246181249619,0.019841244,2.0999987,2.099998712539673,2.099998712539673,0.0,2.1199987,2.1199986934661865,2.1199986934661865,0.0,342400.0,342400.0,342400.0,0.0
107,0.0,0.0,0.0,0.0,1.0,1.0,1.0,0.0,0.5016807,0.5009139180183411,0.5033903568983078,0.0029739868,0.50190324,0.5011680126190186,0.5035862028598785,0.002971315,1.0345489,1.0127831548452377,1.0658880472183228,0.040104177,0.09271407,0.0859577115625143,0.09713293425738811,0.008545072,0.09271407,0.0859577115625143,0.09713293425738811,0.008545072,1.0,1.0,1.0,0.0,0.00022257271,0.0002063531574094668,0.0002331807954760734,2.0513602e-05,0.0024006357,0.002400635741651058,0.002400635741651058,0.0,-27.32405,-28.00528621673584,-26.708364486694336,0.86271167,2.276053,2.228167474269867,2.3450005054473877,0.088230945,0.75868434,0.7427225112915039,0.7816668450832367,0.02941031,0.164,0.15000000968575478,0.18000001087784767,0.03022341,0.0,0.0,0.0,0.0,0.15969454,0.14466334134340286,0.1752752624452114,0.02328717,2.1199987,2.1199986934661865,2.1199986934661865,0.0,2.1399987,2.1399986743927,2.1399986743927,0.0,345600.0,345600.0,345600.0,0.0
108,0.0,0.0,0.0,0.0,1.0,1.0,1.0,0.0,0.50190324,0.5011680126190186,0.5035862028598785,0.002971315,0.5020996,0.5013609230518341,0.5038125663995743,0.002977917,1.0470448,1.0286876857280731,1.0691284537315369,0.036795024,0.08342675,0.08528478629887104,0.09367307834327221,0.027173765,0.09003175,0.08528478629887104,0.09367307834327221,0.007724664,0.9166667,1.0,1.0,0.28867513,0.00019631149,0.00020068362209713086,0.0002204221127612982,6.3942585e-05,0.0023530999,0.002353099873289466,0.002353099873289466,0.0,-27.46654,-27.84468364715576,-27.104535579681396,0.6820974,2.3035443,2.263158142566681,2.352129638195038,0.08095068,0.7678482,0.7543860524892807,0.7840432375669479,0.026983565,0.14266668,0.12600000575184822,0.15400001034140587,0.026823781,0.0,0.0,0.0,0.0,0.15417679,0.14370375871658325,0.1673431098461151,0.018499255,2.1399987,2.1399986743927,2.1399986743927,0.0,2.1599987,2.159998655319214,2.159998655319214,0.0,348800.0,348800.0,348800.0,0.0
109,0.0,0.0,0.0,0.0,1.0,1.0,1.0,0.0,0.5020996,0.5013609230518341,0.5038125663995743,0.002977917,0.50231075,0.5015851706266403,0.5040271878242493,0.002975931,1.0393575,1.0166490375995636,1.0640019476413727,0.031721074,0.09156055,0.08630019053816795,0.09624343365430832,0.006726737,0.09156055,0.08630019053816795,0.09624343365430832,0.006726737,1.0,1.0,1.0,0.0,0.0002111849,0.00019905185035895556,0.00022198599981493317,1.5515257e-05,0.0023065053,0.002306505339220166,0.002306505339220166,0.0,-27.229673,-27.678422927856445,-26.843244075775146,0.74735963,2.2866323,2.236672520637512,2.340851068496704,0.06978772,0.76221085,0.7455575168132782,0.7802836894989014,0.023262575,0.15666668,0.1340000070631504,0.17800001427531242,0.037902586,0.0,0.0,0.0,0.0,0.16078462,0.14486578106880188,0.17393720895051956,0.019983472,2.1599987,2.159998655319214,2.159998655319214,0.0,2.1799986,2.1799986362457275,2.1799986362457275,0.0,352000.0,352000.0,352000.0,0.0
110,0.0,0.0,0.0,0.0,1.0,1.0,1.0,0.0,0.50231075,0.5015851706266403,0.5040271878242493,0.002975931,0.5025249,0.5018022656440735,0.5042477399110794,0.0029718024,1.0244114,1.011914849281311,1.0388703346252441,0.028405529,0.09471881,0.09143863059580326,0.09729460440576077,0.006158928,0.09471881,0.09143863059580326,0.09729460440576077,0.006158928,1.0,1.0,1.0,0.0,0.00021414348,0.00020672754544648342,0.00021996692885295488,1.3924313e-05,0.0022608337,0.0022608337458223104,0.0022608337458223104,0.0,-27.21758,-27.74915075302124,-26.541873931884766,0.8932255,2.25375,2.226257085800171,2.285560369491577,0.062493414,0.7512501,0.742085725069046,0.7618534862995148,0.02083113,0.15533334,0.12800000607967377,0.17000001296401024,0.030022215,0.0,0.0,0.0,0.0,0.15682559,0.14149312674999237,0.16657575592398643,0.022547435,2.1799986,2.1799986362457275,2.1799986362457275,0.0,2.1999986,2.199998617172241,2.199998617172241,0.0,355200.0,355200.0,355200.0,0.0
111,0.0,0.0,0.0,0.0,1.0,1.0,1.0,0.0,0.5025249,0.5018022656440735,0.5042477399110794,0.0029718024,0.50273,0.5020047128200531,0.5044520199298859,0.0029712077,1.0346569,1.0209328830242157,1.0554943084716797,0.031179741,0.09255156,0.08800515905022621,0.09530546329915524,0.0067896224,0.09255156,0.08800515905022621,0.09530546329915524,0.0067896224,1.0,1.0,1.0,0.0,0.00020510035,0.00019502523718983866,0.00021120319433975965,1.5046252e-05,0.002216066,0.002216066000983119,0.002216066000983119,0.0,-27.211187,-27.65433645248413,-26.894429683685303,0.61694616,2.2762904,2.2460970878601074,2.322133719921112,0.0685968,0.75876355,0.7486990541219711,0.7740446031093597,0.022865608,0.14466667,0.09600000083446503,0.18400001525878906,0.050418854,0.0,0.0,0.0,0.0,0.15286694,0.1455027312040329,0.1557343639433384,0.014408592,2.1999986,2.199998617172241,2.199998617172241,0.0,2.2199986,2.219998598098755,2.219998598098755,0.0,358400.0,358400.0,358400.0,0.0
112,0.0,0.0,0.0,0.0,1.0,1.0,1.0,0.0,0.50273,0.5020047128200531,0.5044520199298859,0.0029712077,0.50291353,0.5020552277565002,0.5046457797288895,0.0029681162,1.0418001,1.0146095156669617,1.065321147441864,0.033846337,0.084471166,0.0860403273254633,0.09669258072972298,0.02727897,0.09107685,0.0860403273254633,0.09669258072972298,0.0070944033,0.9166667,1.0,1.0,0.28867513,0.00018348703,0.000186895536899101,0.00021003420988563448,5.9254977e-05,0.0021721853,0.002172185340896249,0.002172185340896249,0.0,-27.672731,-28.364136219024658,-27.12541151046753,1.068904,2.2920058,2.232185482978821,2.343753397464752,0.074463405,0.764002,0.7440618276596069,0.7812511473894119,0.02482114,0.14466667,0.11400000378489494,0.1680000126361847,0.04198124,0.0,0.0,0.0,0.0,0.16185094,0.15454862266778946,0.1664857603609562,0.016070772,2.2199986,2.219998598098755,2.219998598098755,0.0,2.2399986,2.2399985790252686,2.2399985790252686,0.0,361600.0,361600.0,361600.0,0.0
113,0.0,0.0,0.0,0.0,1.0,1.0,1.0,0.0,0.50291353,0.5020552277565002,0.5046457797288895,0.0029681162,0.50310546,0.5022573471069336,0.5048494189977646,0.0029721027,1.0464398,1.0224713683128357,1.0780459940433502,0.036512617,0.09015274,0.08355154097080231,0.09495916962623596,0.007675116,0.09015274,0.08355154097080231,0.09495916962623596,0.007675116,1.0,1.0,1.0,0.0,0.0001919508,0.0001778956975613255,0.00020218451754772104,1.634165e-05,0.0021291731,0.0021291731391102076,0.0021291731391102076,0.0,-27.465166,-27.931896686553955,-27.150620460510254,0.713241,2.3022134,2.249481976032257,2.3717485666275024,0.08032936,0.7674045,0.7498273551464081,0.7905828654766083,0.026776453,0.15466668,0.13200000673532486,0.1940000019967556,0.03818932,0.0,0.0,0.0,0.0,0.15865767,0.1440923698246479,0.16736210510134697,0.015406951,2.2399986,2.2399985790252686,2.2399985790252686,0.0,2.2599986,2.2599985599517822,2.2599985599517822,0.0,364800.0,364800.0,364800.0,0.0
114,0.0,0.0,0.0,0.0,1.0,1.0,1.0,0.0,0.50310546,0.5022573471069336,0.5048494189977646,0.0029721027,0.5033043,0.5024583786725998,0.5050733089447021,0.002974687,1.0219016,1.0093832612037659,1.0463586449623108,0.0298755,0.09529328,0.08987562172114849,0.09786314889788628,0.00679051,0.09529328,0.08987562172114849,0.09786314889788628,0.00679051,1.0,1.0,1.0,0.0,0.00019887829,0.00018757156067295,0.00020424162721610628,1.4171878e-05,0.0020870126,0.002087012631818652,0.002087012631818652,0.0,-27.015373,-27.440068244934082,-26.65406370162964,0.61036336,2.2482285,2.2206875681877136,2.302034914493561,0.06572742,0.7494095,0.7402292191982269,0.7673449814319611,0.021909138,0.16466667,0.15000000968575478,0.17800001427531242,0.038962297,0.0,0.0,0.0,0.0,0.15234675,0.14404043182730675,0.15568364039063454,0.01602832,2.2599986,2.2599985599517822,2.2599985599517822,0.0,2.2799985,2.279998540878296,2.279998540878296,0.0,368000.0,368000.0,368000.0,0.0
115,0.0,0.0,0.0,0.0,1.0,1.0,1.0,0.0,0.5033043,0.5024583786725998,0.5050733089447021,0.002974687,0.5034912,0.5026481300592422,0.5052624344825745,0.0029754555,1.0395381,1.0292515456676483,1.0480096936225891,0.016651645,0.0913598,0.08954033441841602,0.09349051862955093,0.0035161504,0.0913598,0.08954033441841602,0.09349051862955093,0.0035161504,1.0,1.0,1.0,0.0,0.00018689358,0.00018317150534130633,0.00019125234030070715,7.192944e-06,0.002045687,0.0020456870552152395,0.0020456870552152395,0.0,-27.760262,-28.2178692817688,-27.47201156616211,0.4520718,2.2870295,2.2643985748291016,2.3056673407554626,0.036634337,0.7623432,0.7547995448112488,0.7685558050870895,0.012211449,0.14866668,0.13600000739097595,0.17000001296401024,0.03367582,0.0006666667,0.0,0.0,0.0023094013,0.15746754,0.1497448980808258,0.1687554307281971,0.016648173,2.2799985,2.279998540878296,2.279998540878296,0.0,2.2999985,2.2999985218048096,2.2999985218048096,0.0,371200.0,371200.0,371200.0,0.0
116,0.0,0.0,0.0,0.0,1.0,1.0,1.0,0.0,0.5034912,0.5026481300592422,0.5052624344825745,0.0029754555,0.5036804,0.502849817276001,0.5054567903280258,0.0029730157,1.0259761,1.0113984048366547,1.0378819108009338,0.026610872,0.09435307,0.09165280684828758,0.09741502813994884,0.005609798,0.09435307,0.09165280684828758,0.09741502813994884,0.005609798,1.0,1.0,1.0,0.0,0.00018919488,0.0001837803647504188,0.00019533465456333943,1.1248654e-05,0.0020051799,0.0020051798783242702,0.0020051798783242702,0.0,-27.137024,-27.415944576263428,-26.77319622039795,0.5675065,2.2571926,2.2251208424568176,2.2833858132362366,0.0585451,0.75239754,0.7417069673538208,0.76112861931324,0.019515034,0.17266667,0.1600000113248825,0.1860000118613243,0.023746131,0.0,0.0,0.0,0.0,0.15817969,0.14943109825253487,0.16969521343708038,0.017431252,2.2999985,2.2999985218048096,2.2999985218048096,0.0,2.3199985,2.3199985027313232,2.3199985027313232,0.0,374400.0,374400.0,374400.0,0.0
117,0.0,0.0,0.0,0.0,1.0,1.0,1.0,0.0,0.5036804,0.502849817276001,0.5054567903280258,0.0029730157,0.50386256,0.5030448883771896,0.5056284517049789,0.0029742406,1.0335912,1.010895997285843,1.0540452003479004,0.024908824,0.09269654,0.08830281533300877,0.09752456098794937,0.0053155264,0.09269654,0.08830281533300877,0.09752456098794937,0.0053155264,1.0,1.0,1.0,0.0,0.0001821927,0.00017355693853460252,0.0001916820474434644,1.0447532e-05,0.0019654746,0.001965474570170045,0.001965474570170045,0.0,-27.515825,-27.908397674560547,-27.077269554138184,0.6302271,2.273946,2.2240156531333923,2.3189457058906555,0.054800518,0.757982,0.7413385808467865,0.7729819267988205,0.018266838,0.15249999,0.11999999731779099,0.16499999538064003,0.048453353,0.0,0.0,0.0,0.0,0.1617032,0.1520255245268345,0.168305404484272,0.016151061,2.3199985,2.3199985027313232,2.3199985027313232,0.0,2.3399985,2.339998483657837,2.339998483657837,0.0,377600.0,377600.0,377600.0,0.0
118,0.0,0.0,0.0,0.0,1.0,1.0,1.0,0.0,0.50386256,0.5030448883771896,0.5056284517049789,0.0029742406,0.50404185,0.5032110661268234,0.5058193355798721,0.0029789887,1.032716,1.0071533918380737,1.0499790012836456,0.037290998,0.09305259,0.08915041200816631,0.0983683168888092,0.0078050112,0.09305259,0.08915041200816631,0.0983683168888092,0.0078050112,1.0,1.0,1.0,0.0,0.000179271,0.00017175324319396168,0.0001895120476547163,1.5036789e-05,0.0019265558,0.0019265557639300823,0.0019265557639300823,0.0,-27.31766,-28.093480110168457,-26.5790376663208,0.91774654,2.2720206,2.215781807899475,2.309999942779541,0.082041845,0.75734025,0.7385939657688141,0.7699999958276749,0.027347276,0.15333335,0.12400000542402267,0.18400001525878906,0.03749748,0.0006666667,0.0,0.0,0.0023094013,0.15400726,0.14663787186145782,0.16209837794303894,0.012412301,2.3399985,2.339998483657837,2.339998483657837,0.0,2.3599985,2.3599984645843506,2.3599984645843506,0.0,380800.0,380800.0,380800.0,0.0
119,0.0,0.0,0.0,0.0,1.0,1.0,1.0,0.0,0.50404185,0.5032110661268234,0.5058193355798721,0.0029789887,0.50421715,0.5033939778804779,0.5059989541769028,0.0029815335,1.0327001,1.016679435968399,1.0438136458396912,0.01844022,0.09282317,0.09040439501404762,0.09623233787715435,0.0039027384,0.09282317,0.09040439501404762,0.09623233787715435,0.0039027384,1.0,1.0,1.0,0.0,0.00017528796,0.00017072032642317936,0.00018172585623688065,7.3699566e-06,0.0018884074,0.0018884073942899704,0.0018884073942899704,0.0,-27.377203,-27.602951049804688,-27.025243282318115,0.50574225,2.2719855,2.23673939704895,2.29643577337265,0.0405693,0.7573285,0.7455798238515854,0.7654785960912704,0.013523104,0.15733334,0.1420000083744526,0.1680000126361847,0.028810775,0.0,0.0,0.0,0.0,0.15149184,0.14039165526628494,0.16636424511671066,0.016432954,2.3599985,2.3599984645843506,2.3599984645843506,0.0,2.3799984,2.3799984455108643,2.3799984455108643,0.0,384000.0,384000.0,384000.0,0.0
120,0.0,0.0,0.0,0.0,1.0,1.0,1.0,0.0,0.50421715,0.5033939778804779,0.5059989541769028,0.0029815335,0.5043892,0.5035717040300369,0.5061653703451157,0.002978522,1.0326507,1.013232260942459,1.0476661920547485,0.028836591,0.09294525,0.08961554430425167,0.09700025245547295,0.0061782673,0.09294525,0.08961554430425167,0.09700025245547295,0.0061782673,1.0,1.0,1.0,0.0,0.00017204299,0.00016587966092629358,0.0001795488606148865,1.1436061e-05,0.0018510143,0.0018510143272578716,0.0018510143272578716,0.0,-27.225302,-27.66628122329712,-26.809080600738525,0.5182336,2.271877,2.229155480861664,2.3049116134643555,0.063441746,0.75729233,0.7430518567562103,0.7683039009571075,0.021147251,0.154,0.13200000673532486,0.17800001427531242,0.031287525,0.0,0.0,0.0,0.0,0.1532775,0.14279011264443398,0.16527238488197327,0.017171439,2.3799984,2.3799984455108643,2.3799984455108643,0.0,2.3999984,2.399998426437378,2.399998426437378,0.0,387200.0,387200.0,387200.0,0.0
121,0.0,0.0,0.0,0.0,1.0,1.0,1.0,0.0,0.5043892,0.5035717040300369,0.5061653703451157,0.002978522,0.5045463,0.5037436187267303,0.5063286423683167,0.0029790392,1.0326079,1.0090236961841583,1.0469040274620056,0.03382543,0.0865773,0.08976429514586926,0.09794420003890991,0.027720615,0.09301979,0.08976429514586926,0.09794420003890991,0.007038496,0.9166667,1.0,1.0,0.28867513,0.00015708256,0.00016286491882055998,0.00017770622434909455,5.0295228e-05,0.001814362,0.0018143618945032358,0.0018143618945032358,0.0,-27.387857,-27.730487823486328,-27.019110679626465,0.5222648,2.2717829,2.2198964953422546,2.303234875202179,0.07441745,0.757261,0.7399655133485794,0.7677449733018875,0.024805823,0.15266667,0.12800000607967377,0.1600000113248825,0.043075692,0.0006666667,0.0,0.0,0.0023094013,0.15701927,0.14326656982302666,0.16972719505429268,0.018134046,2.3999984,2.399998426437378,2.399998426437378,0.0,2.4199984,2.4199984073638916,2.4199984073638916,0.0,390400.0,390400.0,390400.0,0.0
122,0.0,0.0,0.0,0.0,1.0,1.0,1.0,0.0,0.5045463,0.5037436187267303,0.5063286423683167,0.0029790392,0.5047124,0.5039023458957672,0.5064998269081116,0.002980562,1.0312833,0.9974289238452911,1.0535273551940918,0.03836288,0.093384534,0.08840819261968136,0.10059576109051704,0.008295269,0.093384534,0.08840819261968136,0.10059576109051704,0.008295269,1.0,1.0,1.0,0.0,0.00016607833,0.00015722822718089446,0.00017890302842715755,1.4752596e-05,0.0017784351,0.0017784350784495473,0.0017784350784495473,0.0,-27.392393,-27.921295642852783,-26.99068546295166,0.8701154,2.2688687,2.194387435913086,2.317806363105774,0.084400035,0.75628954,0.7314625084400177,0.7726021409034729,0.028133344,0.14266668,0.11000000312924385,0.1680000126361847,0.035586856,0.0,0.0,0.0,0.0,0.16233559,0.15239321067929268,0.17676639556884766,0.022764318,2.4199984,2.4199984073638916,2.4199984073638916,0.0,2.4399984,2.4399983882904053,2.4399983882904053,0.0,393600.0,393600.0,393600.0,0.0
123,0.0,0.0,0.0,0.0,1.0,1.0,1.0,0.0,0.5047124,0.5039023458957672,0.5064998269081116,0.002980562,0.5048701,0.5040736645460129,0.5066666007041931,0.002982375,1.0446124,1.0224003195762634,1.0712234377861023,0.033701718,0.09048692,0.08487545698881149,0.09497522935271263,0.007020632,0.09048692,0.08487545698881149,0.09497522935271263,0.007020632,1.0,1.0,1.0,0.0,0.0001577386,0.00014795657625654712,0.00016556270566070452,1.2238506e-05,0.0017432198,0.001743219792842865,0.001743219792842865,0.0,-27.65042,-27.92483901977539,-27.487472534179688,0.8184978,2.2981932,2.249325692653656,2.356738567352295,0.074145235,0.7660644,0.7497752457857132,0.7855795323848724,0.024715085,0.13533334,0.11800000444054604,0.15200001001358032,0.022744967,0.0,0.0,0.0,0.0,0.15879989,0.14166072383522987,0.16957952827215195,0.022778261,2.4399984,2.4399983882904053,2.4399983882904053,0.0,2.4599984,2.459998369216919,2.459998369216919,0.0,396800.0,396800.0,396800.0,0.0
124,0.0,0.0,0.0,0.0,1.0,1.0,1.0,0.0,0.5048701,0.5040736645460129,0.5066666007041931,0.002982375,0.5050277,0.5042217671871185,0.5068359375,0.002990281,1.0363178,1.0097525119781494,1.0699220597743988,0.03390154,0.09223648,0.08512934483587742,0.09778137877583504,0.00726763,0.09223648,0.08512934483587742,0.09778137877583504,0.00726763,1.0,1.0,1.0,0.0,0.00015760462,0.0001454606572224293,0.00016707921531633474,1.2418212e-05,0.0017087017,0.0017087017185986042,0.0017087017185986042,0.0,-27.523043,-27.91101312637329,-27.137183666229248,0.77532315,2.2799447,2.221499800682068,2.353875458240509,0.07458487,0.7599816,0.7404999732971191,0.7846251875162125,0.024861617,0.16066667,0.12800000607967377,0.18200001120567322,0.040714826,0.0,0.0,0.0,0.0,0.15653391,0.1457977592945099,0.16465914621949196,0.0165564,2.4599984,2.459998369216919,2.459998369216919,0.0,2.4799984,2.4799983501434326,2.4799983501434326,0.0,400000.0,400000.0,400000.0,0.0
125,0.0,0.0,0.0,0.0,1.0,1.0,1.0,0.0,0.5050277,0.5042217671871185,0.5068359375,0.002990281,0.50518996,0.5043865740299225,0.5070020407438278,0.0029930235,1.0151812,0.9989593625068665,1.039059966802597,0.0348351,0.096856765,0.09139913879334927,0.10024274326860905,0.008055486,0.096856765,0.09139913879334927,0.10024274326860905,0.008055486,1.0,1.0,1.0,0.0,0.0001622222,0.00015308141882997006,0.00016789328219601884,1.3491868e-05,0.0016748672,0.0016748672351241112,0.0016748672351241112,0.0,-26.946238,-27.305952072143555,-26.476523399353027,0.61965144,2.233443,2.197754442691803,2.28597754240036,0.076638766,0.7444811,0.7325848340988159,0.7619925439357758,0.025546247,0.15266667,0.11800000444054604,0.17800001427531242,0.040999632,0.002,0.0,0.0020000000949949026,0.0036181363,0.16185871,0.14874498546123505,0.17219940572977066,0.01756578,2.4799984,2.4799983501434326,2.4799983501434326,0.0,2.4999983,2.4999983310699463,2.4999983310699463,0.0,403200.0,403200.0,403200.0,0.0
126,0.0,0.0,0.0,0.0,1.0,1.0,1.0,0.0,0.50518996,0.5043865740299225,0.5070020407438278,0.0029930235,0.50534374,0.5045366436243057,0.5071570873260498,0.0029956105,1.0289115,1.016472578048706,1.0459166467189789,0.024865784,0.09370188,0.08997394889593124,0.09627839177846909,0.0054591107,0.09370188,0.08997394889593124,0.09627839177846909,0.0054591107,1.0,1.0,1.0,0.0,0.00015383062,0.00014771046335226856,0.00015806048759259284,8.962236e-06,0.0016417025,0.0016417026054114103,0.0016417026054114103,0.0,-27.20157,-27.34181261062622,-26.989151000976562,0.362617,2.2636507,2.236284375190735,2.30106258392334,0.05470584,0.7545502,0.745428130030632,0.7670208811759949,0.018235283,0.14933334,0.12000000476837158,0.16200001165270805,0.043595944,0.0006666667,0.0,0.0,0.0023094013,0.15800582,0.14871368929743767,0.17154088988900185,0.015504528,2.4999983,2.4999983310699463,2.4999983310699463,0.0,2.5199983,2.51999831199646,2.51999831199646,0.0,406400.0,406400.0,406400.0,0.0
127,0.0,0.0,0.0,0.0,1.0,1.0,1.0,0.0,0.50534374,0.5045366436243057,0.5071570873260498,0.0029956105,0.50549203,0.5046917796134949,0.5073042213916779,0.002989768,1.0364408,1.0104854106903076,1.0604739487171173,0.029744253,0.09214742,0.08700154908001423,0.09761460311710835,0.0062142606,0.09214742,0.08700154908001423,0.09761460311710835,0.0062142606,1.0,1.0,1.0,0.0,0.00014828314,0.00014000243390910327,0.0001570809145050589,9.999955e-06,0.0016091947,0.001609194790944457,0.001609194790944457,0.0,-27.288551,-27.52646493911743,-27.118010997772217,0.56544054,2.2802155,2.2231122255325317,2.333089292049408,0.065438665,0.7600718,0.7410374134778976,0.7776964455842972,0.021812893,0.14866668,0.12000000476837158,0.17600001394748688,0.032264065,0.0,0.0,0.0,0.0,0.15683718,0.14479994028806686,0.16648894920945168,0.022989532,2.5199983,2.51999831199646,2.51999831199646,0.0,2.5399983,2.5399982929229736,2.5399982929229736,0.0,409600.0,409600.0,409600.0,0.0
128,0.0,0.0,0.0,0.0,1.0,1.0,1.0,0.0,0.50549203,0.5046917796134949,0.5073042213916779,0.002989768,0.50562775,0.5048345327377319,0.5074564218521118,0.002985979,1.0341058,1.0127017199993134,1.049984484910965,0.028695246,0.08603594,0.08913101814687252,0.0971205085515976,0.027404318,0.09262829,0.08913101814687252,0.0971205085515976,0.0059180986,0.9166667,1.0,1.0,0.28867513,0.00013570713,0.00014058908345759846,0.00015319115118472837,4.322567e-05,0.0015773306,0.001577330636791885,0.001577330636791885,0.0,-27.286074,-27.499382495880127,-27.036099910736084,0.4904885,2.275078,2.2279882431030273,2.3100120425224304,0.06313078,0.7583594,0.7426627725362778,0.7700040340423584,0.02104359,0.15200001,0.14800000935792923,0.1600000113248825,0.026642416,0.0013333334,0.0,0.0,0.003113996,0.1547756,0.1420198194682598,0.16328685358166695,0.0148995025,2.5399983,2.5399982929229736,2.5399982929229736,0.0,2.5599983,2.5599982738494873,2.5599982738494873,0.0,412800.0,412800.0,412800.0,0.0
129,0.0,0.0,0.0,0.0,1.0,1.0,1.0,0.0,0.50562775,0.5048345327377319,0.5074564218521118,0.002985979,0.5057616,0.5049828141927719,0.5075900554656982,0.0029641432,1.0323976,1.0117497444152832,1.0437204241752625,0.03357519,0.086581826,0.0904327742755413,0.09733309410512447,0.027713716,0.0930596,0.0904327742755413,0.09733309410512447,0.006920963,0.9166667,1.0,1.0,0.28867513,0.00013386394,0.0001398178756062407,0.00015048644127091393,4.2848103e-05,0.0015460973,0.001546097337268293,0.001546097337268293,0.0,-27.281563,-27.685609817504883,-26.725892543792725,0.84132975,2.27132,2.225893795490265,2.296230733394623,0.07386689,0.7571067,0.7419646233320236,0.7654102593660355,0.024622286,0.15666668,0.1420000083744526,0.17600001394748688,0.028017312,0.0013333334,0.0,0.0,0.003113996,0.15529528,0.14202044531702995,0.16443998739123344,0.022943068,2.5599983,2.5599982738494873,2.5599982738494873,0.0,2.5799983,2.579998254776001,2.579998254776001,0.0,416000.0,416000.0,416000.0,0.0
130,0.0,0.0,0.0,0.0,1.0,1.0,1.0,0.0,0.5057616,0.5049828141927719,0.5075900554656982,0.0029641432,0.50590235,0.5051104426383972,0.5077280849218369,0.002965924,1.0330406,1.020029217004776,1.0468778312206268,0.028706703,0.09285901,0.08976826816797256,0.09551487304270267,0.0060906266,0.09285901,0.08976826816797256,0.09551487304270267,0.0060906266,1.0,1.0,1.0,0.0,0.00014072623,0.0001360422647849191,0.0001447511494916398,9.230241e-06,0.0015154829,0.001515482785180211,0.001515482785180211,0.0,-27.245552,-27.512094497680664,-26.941009044647217,0.52079356,2.2727349,2.244109094142914,2.303177297115326,0.063156,0.7575783,0.7480363845825195,0.767725795507431,0.021052007,0.15333332,0.12749999575316906,0.17000000178813934,0.034200832,0.0,0.0,0.0,0.0,0.163289,0.14921903237700462,0.17609558254480362,0.018528638,2.5799983,2.579998254776001,2.579998254776001,0.0,2.5999982,2.5999982357025146,2.5999982357025146,0.0,419200.0,419200.0,419200.0,0.0
131,0.0,0.0,0.0,0.0,1.0,1.0,1.0,0.0,0.50590235,0.5051104426383972,0.5077280849218369,0.002965924,0.50603867,0.5052469223737717,0.5078732669353485,0.0029700825,1.0383142,1.020205795764923,1.0584877133369446,0.029998032,0.091755025,0.08740019239485264,0.09545447118580341,0.0062859845,0.091755025,0.08740019239485264,0.09545447118580341,0.0062859845,1.0,1.0,1.0,0.0,0.00013629971,0.0001298307252000086,0.00014179515346768312,9.337667e-06,0.0014854741,0.0014854741748422384,0.0014854741748422384,0.0,-27.307463,-27.787611961364746,-26.68821144104004,0.7521775,2.2843368,2.244497537612915,2.328719437122345,0.06599699,0.7614456,0.7481658458709717,0.7762398272752762,0.021999,0.14133334,0.12600000575184822,0.16200001165270805,0.027572498,0.0006666667,0.0,0.0,0.0023094013,0.16048819,0.14502861350774765,0.1766112744808197,0.015738511,2.5999982,2.5999982357025146,2.5999982357025146,0.0,2.6199982,2.6199982166290283,2.6199982166290283,0.0,422400.0,422400.0,422400.0,0.0
132,0.0,0.0,0.0,0.0,1.0,1.0,1.0,0.0,0.50603867,0.5052469223737717,0.5078732669353485,0.0029700825,0.50617415,0.5053786933422089,0.5080117136240005,0.00296489,1.0318621,1.0146333873271942,1.0439819693565369,0.026062654,0.0930815,0.09036903828382492,0.09668678417801857,0.0056917123,0.0930815,0.09036903828382492,0.09668678417801857,0.0056917123,1.0,1.0,1.0,0.0,0.00013553225,0.0001315827357757371,0.00014078175809117965,8.287475e-06,0.00145606,0.0014560599811375141,0.0014560599811375141,0.0,-27.187693,-27.55020761489868,-26.995397567749023,0.53061813,2.270142,2.2322381138801575,2.2968060970306396,0.05733895,0.7567141,0.7440793961286545,0.7656020671129227,0.019112993,0.15200001,0.14400000870227814,0.17000001296401024,0.034112114,0.0006666667,0.0,0.0,0.0023094013,0.15741096,0.14737238362431526,0.16145898401737213,0.0191846,2.6199982,2.6199982166290283,2.6199982166290283,0.0,2.6399982,2.639998197555542,2.639998197555542,0.0,425600.0,425600.0,425600.0,0.0
133,0.0,0.0,0.0,0.0,1.0,1.0,1.0,0.0,0.50617415,0.5053786933422089,0.5080117136240005,0.00296489,0.5063043,0.5055101364850998,0.5081449002027512,0.002966169,1.0407753,1.0193885564804077,1.0653016567230225,0.026409127,0.09119382,0.08603965863585472,0.09563384391367435,0.005598568,0.09119382,0.08603965863585472,0.09563384391367435,0.005598568,1.0,1.0,1.0,0.0,0.00013015435,0.00012279821021365933,0.00013649129323312081,7.990432e-06,0.001427228,0.0014272279804572463,0.0014272279804572463,0.0,-27.655268,-27.90060043334961,-27.269312858581543,0.5215732,2.2897513,2.2426995038986206,2.343710422515869,0.058101255,0.7632504,0.7475665211677551,0.7812368422746658,0.01936709,0.156,0.12800000607967377,0.19200000166893005,0.043216158,0.0,0.0,0.0,0.0,0.16064681,0.1489233374595642,0.16863064095377922,0.020105273,2.6399982,2.639998197555542,2.639998197555542,0.0,2.6599982,2.6599981784820557,2.6599981784820557,0.0,428800.0,428800.0,428800.0,0.0
134,0.0,0.0,0.0,0.0,1.0,1.0,1.0,0.0,0.5063043,0.5055101364850998,0.5081449002027512,0.002966169,0.50642204,0.5056461244821548,0.5082710683345795,0.0029710496,1.0458626,1.0279253125190735,1.0841717720031738,0.044719342,0.08413928,0.082381222397089,0.09377301298081875,0.027700115,0.090417765,0.082381222397089,0.09377301298081875,0.009367283,0.9166667,1.0,1.0,0.28867513,0.00011770806,0.00011524860019562766,0.00013118534116074443,3.8751543e-05,0.001398967,0.0013989668805152178,0.0013989668805152178,0.0,-27.519964,-28.11288595199585,-26.87427806854248,0.9622544,2.3009436,2.261480748653412,2.385225474834442,0.09838453,0.7669812,0.7538269311189651,0.7950751632452011,0.03279484,0.15066667,0.14000000804662704,0.1600000113248825,0.027254134,0.0006666667,0.0,0.0,0.0023094013,0.15375292,0.14317293465137482,0.16415560618042946,0.018092984,2.6599982,2.6599981784820557,2.6599981784820557,0.0,2.6799982,2.6799981594085693,2.6799981594085693,0.0,432000.0,432000.0,432000.0,0.0
135,0.0,0.0,0.0,0.0,1.0,1.0,1.0,0.0,0.50642204,0.5056461244821548,0.5082710683345795,0.0029710496,0.506551,0.5057718753814697,0.5083964765071869,0.0029686696,1.0278577,1.0142837762832642,1.040701299905777,0.033398498,0.09404036,0.09105480648577213,0.09676453284919262,0.0071957665,0.09404036,0.09105480648577213,0.09676453284919262,0.0071957665,1.0,1.0,1.0,0.0,0.00012895429,0.00012486032210290432,0.00013268986731418408,9.867305e-06,0.0013712655,0.0013712655054405332,0.0013712655054405332,0.0,-27.198774,-27.419194221496582,-26.92103862762451,0.48066992,2.261332,2.231468915939331,2.289588451385498,0.07347814,0.7537773,0.7438229918479919,0.7631961554288864,0.024492716,0.13800001,0.12200000509619713,0.16200001165270805,0.026886974,0.0006666667,0.0,0.0,0.0023094013,0.15789515,0.14987992867827415,0.16773461550474167,0.018385056,2.6799982,2.6799981594085693,2.6799981594085693,0.0,2.6999981,2.699998140335083,2.699998140335083,0.0,435200.0,435200.0,435200.0,0.0
136,0.0,0.0,0.0,0.0,1.0,1.0,1.0,0.0,0.506551,0.5057718753814697,0.5083964765071869,0.0029686696,0.506678,0.5059019029140472,0.5085280984640121,0.0029711977,1.0253142,1.00911945104599,1.033780187368393,0.023072224,0.09445909,0.09253426268696785,0.09792519547045231,0.0049674246,0.09445909,0.09253426268696785,0.09792519547045231,0.0049674246,1.0,1.0,1.0,0.0,0.00012696366,0.00012437647637852933,0.0001316224988840986,6.67678e-06,0.0013441127,0.001344112679362297,0.001344112679362297,0.0,-27.239645,-27.707195281982422,-26.850234985351562,0.5595104,2.255736,2.2201070189476013,2.2743618488311768,0.050759926,0.75191206,0.7400356829166412,0.7581206262111664,0.01691998,0.15733334,0.11800000444054604,0.19600000232458115,0.04864217,0.0,0.0,0.0,0.0,0.15417062,0.14194246008992195,0.1598965860903263,0.02196536,2.6999981,2.699998140335083,2.699998140335083,0.0,2.7199981,2.7199981212615967,2.7199981212615967,0.0,438400.0,438400.0,438400.0,0.0
137,0.0,0.0,0.0,0.0,1.0,1.0,1.0,0.0,0.506678,0.5059019029140472,0.5085280984640121,0.0029711977,0.5068024,0.5060182213783264,0.5086634010076523,0.0029751523,1.0257646,1.0035999417304993,1.0487898290157318,0.028161777,0.09442195,0.08937686495482922,0.09919029660522938,0.006130385,0.09442195,0.08937686495482922,0.09919029660522938,0.006130385,1.0,1.0,1.0,0.0,0.0001244007,0.00011775380153267179,0.00013068297630525194,8.076769e-06,0.0013174977,0.0013174975756555796,0.0013174975756555796,0.0,-27.052351,-27.512908935546875,-26.571317195892334,0.7934191,2.2567272,2.2079639434814453,2.307383716106415,0.06195712,0.7522424,0.7359879910945892,0.7691279053688049,0.020652369,0.15200001,0.13200000673532486,0.17200001329183578,0.035614096,0.0013333334,0.0,0.0,0.003113996,0.15654704,0.13811234384775162,0.17049382627010345,0.024187295,2.7199981,2.7199981212615967,2.7199981212615967,0.0,2.739998,2.7399981021881104,2.7399981021881104,0.0,441600.0,441600.0,441600.0,0.0
138,0.0,0.0,0.0,0.0,1.0,1.0,1.0,0.0,0.5068024,0.5060182213783264,0.5086634010076523,0.0029751523,0.5069099,0.5061333626508713,0.5087780952453613,0.002973093,1.0486897,1.025574266910553,1.0615986287593842,0.031997915,0.08325943,0.08681528083980083,0.0942814014852047,0.02665506,0.0896121,0.08681528083980083,0.0942814014852047,0.006384584,0.9166667,1.0,1.0,0.28867513,0.000107522006,0.00011211406854272354,0.00012175588562968187,3.4422595e-05,0.0012914094,0.0012914093676954508,0.0012914093676954508,0.0,-27.441696,-27.804363250732422,-26.743202686309814,0.84974974,2.3071635,2.256308376789093,2.335563540458679,0.07039684,0.7690545,0.7521028220653534,0.7785212099552155,0.023465613,0.14,0.12600000575184822,0.15200001001358032,0.03744572,0.0006666667,0.0,0.0,0.0023094013,0.16583972,0.1520082727074623,0.18013941124081612,0.01782078,2.739998,2.7399981021881104,2.7399981021881104,0.0,2.759998,2.759998083114624,2.759998083114624,0.0,444800.0,444800.0,444800.0,0.0
139,0.0,0.0,0.0,0.0,1.0,1.0,1.0,0.0,0.5069099,0.5061333626508713,0.5087780952453613,0.002973093,0.507026,0.5062388628721237,0.5089022368192673,0.0029770907,1.0386323,1.0084352791309357,1.0649461150169373,0.03190027,0.0917153,0.0861185435205698,0.09807800315320492,0.0067375684,0.0917153,0.0861185435205698,0.09807800315320492,0.0067375684,1.0,1.0,1.0,0.0,0.000116096686,0.0001090120968001429,0.00012415083619998768,8.528667e-06,0.0012658377,0.001265837694518268,0.001265837694518268,0.0,-27.453379,-27.82635736465454,-26.99497890472412,0.7069462,2.2850366,2.218601942062378,2.3429282307624817,0.070181996,0.7616789,0.7395340204238892,0.7809761017560959,0.023394004,0.15733334,0.14400000870227814,0.17000001296401024,0.017834257,0.0,0.0,0.0,0.0,0.16614833,0.15079788491129875,0.1866348385810852,0.023840265,2.759998,2.759998083114624,2.759998083114624,0.0,2.779998,2.7799980640411377,2.7799980640411377,0.0,448000.0,448000.0,448000.0,0.0
140,0.0,0.0,0.0,0.0,1.0,1.0,1.0,0.0,0.507026,0.5062388628721237,0.5089022368192673,0.0029770907,0.507139,0.5063497126102448,0.5090196281671524,0.00297225,1.0415488,1.0124751329421997,1.0654473304748535,0.03089292,0.0910858,0.08601153828203678,0.09716890007257462,0.0064064143,0.0910858,0.08601153828203678,0.09716890007257462,0.0064064143,1.0,1.0,1.0,0.0,0.00011301676,0.00010672075586626306,0.00012056450214004144,7.948903e-06,0.0012407725,0.0012407725444063544,0.0012407725444063544,0.0,-27.54165,-27.842355251312256,-27.061851501464844,0.58511716,2.2914531,2.227489709854126,2.3440309166908264,0.06796578,0.7638178,0.7424966096878052,0.7813436537981033,0.022655254,0.16000001,0.1340000070631504,0.17800001427531242,0.03736795,0.0,0.0,0.0,0.0,0.16888027,0.1604139544069767,0.17479225620627403,0.01834555,2.779998,2.7799980640411377,2.7799980640411377,0.0,2.799998,2.7999980449676514,2.7999980449676514,0.0,451200.0,451200.0,451200.0,0.0
141,0.0,0.0,0.0,0.0,1.0,1.0,1.0,0.0,0.507139,0.5063497126102448,0.5090196281671524,0.00297225,0.507245,0.5064692944288254,0.5091470330953598,0.0029732706,1.0328733,1.0152129530906677,1.0595113933086395,0.047834445,0.08711851,0.0872138999402523,0.0965733528137207,0.028488457,0.093215205,0.0872138999402523,0.0965733528137207,0.009939227,0.9166667,1.0,1.0,0.28867513,0.000105953855,0.00010606986506900284,0.00011745286610675976,3.464777e-05,0.0012162037,0.001216203672811389,0.001216203672811389,0.0,-27.52595,-27.894063472747803,-26.848524570465088,1.0443923,2.2723665,2.233513057231903,2.330971658229828,0.10523786,0.7574555,0.744504377245903,0.7769905626773834,0.03507928,0.158,0.1420000083744526,0.17000001296401024,0.023908917,0.0,0.0,0.0,0.0,0.16262977,0.14686447009444237,0.17962323874235153,0.021157445,2.799998,2.7999980449676514,2.7999980449676514,0.0,2.819998,2.819998025894165,2.819998025894165,0.0,454400.0,454400.0,454400.0,0.0
142,0.0,0.0,0.0,0.0,1.0,1.0,1.0,0.0,0.507245,0.5064692944288254,0.5091470330953598,0.0029732706,0.5073566,0.5065722316503525,0.509263351559639,0.0029681753,1.0302901,0.9888297468423843,1.0654334127902985,0.03879155,0.093604065,0.0860136579722166,0.10260541178286076,0.008334028,0.093604065,0.0860136579722166,0.10260541178286076,0.008334028,1.0,1.0,1.0,0.0,0.0001115874,0.00010253870277665555,0.0001223180843226146,9.935172e-06,0.0011921212,0.0011921211844310164,0.0011921211844310164,0.0,-27.153017,-27.568644046783447,-26.51691722869873,0.7954589,2.2666836,2.175468921661377,2.344000220298767,0.085343085,0.7555612,0.7251563370227814,0.7813334465026855,0.028447703,0.168,0.14000000804662704,0.1980000026524067,0.049315315,0.0,0.0,0.0,0.0,0.15873887,0.1444048285484314,0.1669519618153572,0.026461862,2.819998,2.819998025894165,2.819998025894165,0.0,2.839998,2.8399980068206787,2.8399980068206787,0.0,457600.0,457600.0,457600.0,0.0
143,0.0,0.0,0.0,0.0,1.0,1.0,1.0,0.0,0.5073566,0.5065722316503525,0.509263351559639,0.0029681753,0.5074568,0.506689190864563,0.5093699991703033,0.0029687735,1.0366642,1.002210408449173,1.0738855004310608,0.04601237,0.08577273,0.08435937948524952,0.09949344210326672,0.02844395,0.09237933,0.08435937948524952,0.09949344210326672,0.009821506,0.9166667,1.0,1.0,0.28867513,0.00010022678,9.857525583356619e-05,0.00011625964361883234,3.32372e-05,0.0011685156,0.0011685156496241689,0.0011685156496241689,0.0,-27.54213,-28.333739280700684,-26.751442909240723,1.0937319,2.280707,2.20490700006485,2.3625952005386353,0.10122922,0.7602356,0.7349690198898315,0.7875317335128784,0.033743072,0.15499999,0.14000000059604645,0.1599999964237213,0.037537858,0.0008333333,0.0,0.0,0.0028867512,0.15132542,0.14190080761909485,0.1609668955206871,0.015458063,2.839998,2.8399980068206787,2.8399980068206787,0.0,2.859998,2.8599979877471924,2.8599979877471924,0.0,460800.0,460800.0,460800.0,0.0
144,0.0,0.0,0.0,0.0,1.0,1.0,1.0,0.0,0.5074568,0.506689190864563,0.5093699991703033,0.0029687735,0.5075668,0.5067910552024841,0.5094871819019318,0.002971072,1.0185443,0.9964936226606369,1.0457039177417755,0.03096158,0.09604444,0.09001115523278713,0.10082105360925198,0.0068964623,0.09604444,0.09001115523278713,0.10082105360925198,0.0068964623,1.0,1.0,1.0,0.0,0.00011000713,0.00010309674325981177,0.00011547815847734455,7.899052e-06,0.0011453774,0.0011453774059191346,0.0011453774059191346,0.0,-27.063803,-27.29468822479248,-26.86909818649292,0.504471,2.2408423,2.1923298239707947,2.3005945682525635,0.06811682,0.74694747,0.7307766228914261,0.7668648809194565,0.022705615,0.16333334,0.1340000070631504,0.1940000019967556,0.030598078,0.0,0.0,0.0,0.0,0.14953442,0.14049212634563446,0.1606774851679802,0.014878708,2.859998,2.8599979877471924,2.8599979877471924,0.0,2.879998,2.879997968673706,2.879997968673706,0.0,464000.0,464000.0,464000.0,0.0
145,0.0,0.0,0.0,0.0,1.0,1.0,1.0,0.0,0.5075668,0.5067910552024841,0.5094871819019318,0.002971072,0.5076725,0.5069065988063812,0.5095883011817932,0.0029746762,1.0273815,1.0161323249340057,1.0489392578601837,0.03354206,0.09414957,0.08934494853019714,0.09636000357568264,0.007394813,0.09414957,0.08934494853019714,0.09636000357568264,0.007394813,1.0,1.0,1.0,0.0,0.00010570148,0.00010030735211330466,0.00010818313421623316,8.302139e-06,0.0011226975,0.001122697489336133,0.001122697489336133,0.0,-27.150276,-27.56096315383911,-26.96194553375244,0.65054023,2.2602847,2.2355358600616455,2.307712495326996,0.073794015,0.7534282,0.7451786249876022,0.7692375332117081,0.024598004,0.14733334,0.1340000070631504,0.1600000113248825,0.022999343,0.0,0.0,0.0,0.0,0.15728189,0.14531738683581352,0.16216645762324333,0.023976369,2.879998,2.879997968673706,2.879997968673706,0.0,2.899998,2.8999979496002197,2.8999979496002197,0.0,467200.0,467200.0,467200.0,0.0
146,0.0,0.0,0.0,0.0,1.0,1.0,1.0,0.0,0.5076725,0.5069065988063812,0.5095883011817932,0.0029746762,0.5077764,0.5070097893476486,0.5096968412399292,0.0029773784,1.0260416,1.0122831165790558,1.0537709593772888,0.030402955,0.09439371,0.0883563980460167,0.09723464213311672,0.006703661,0.09439371,0.0883563980460167,0.09723464213311672,0.006703661,1.0,1.0,1.0,0.0,0.00010387713,9.723326365929097e-05,0.00010700347229430918,7.377154e-06,0.0011004666,0.0011004665866494179,0.0011004665866494179,0.0,-27.191713,-27.482137203216553,-26.876136779785156,0.695162,2.2573366,2.2270673513412476,2.318342387676239,0.06688785,0.75244564,0.7423558235168457,0.7727808356285095,0.022295952,0.14933334,0.1420000083744526,0.16200001165270805,0.02799134,0.0006666667,0.0,0.0,0.0023094013,0.15382178,0.14525051414966583,0.16025374457240105,0.018287126,2.899998,2.8999979496002197,2.8999979496002197,0.0,2.919998,2.9199979305267334,2.9199979305267334,0.0,470400.0,470400.0,470400.0,0.0
147,0.0,0.0,0.0,0.0,1.0,1.0,1.0,0.0,0.5077764,0.5070097893476486,0.5096968412399292,0.0029773784,0.5078752,0.5071063935756683,0.509789377450943,0.0029768539,1.0397364,1.0335474014282227,1.0628450810909271,0.03865589,0.09159935,0.08652766048908234,0.09257122315466404,0.008561294,0.09159935,0.08652766048908234,0.09257122315466404,0.008561294,1.0,1.0,1.0,0.0,9.880604e-05,9.33353203436127e-05,9.985436190618202e-05,9.234863e-06,0.0010786761,0.001078676083125174,0.001078676083125174,0.0,-27.730682,-28.15453052520752,-27.60845375061035,0.71649134,2.2874658,2.273849666118622,2.338305950164795,0.08504469,0.7624886,0.7579498887062073,0.7794353514909744,0.028348235,0.16133334,0.13600000739097595,0.17800001427531242,0.035749976,0.0,0.0,0.0,0.0,0.1607113,0.14643868058919907,0.1780141405761242,0.021651842,2.919998,2.9199979305267334,2.9199979305267334,0.0,2.939998,2.939997911453247,2.939997911453247,0.0,473600.0,473600.0,473600.0,0.0
148,0.0,0.0,0.0,0.0,1.0,1.0,1.0,0.0,0.5078752,0.5071063935756683,0.509789377450943,0.0029768539,0.5079741,0.5072068572044373,0.5098933279514313,0.0029790401,1.0294759,1.0214905738830566,1.031065046787262,0.019645693,0.093524545,0.09310325235128403,0.09517224505543709,0.004142308,0.093524545,0.09310325235128403,0.09517224505543709,0.004142308,1.0,1.0,1.0,0.0,9.8885066e-05,9.8439628345659e-05,0.00010062721048598178,4.3797327e-06,0.0010573168,0.0010573167819529772,0.0010573167819529772,0.0,-27.189249,-27.410422325134277,-27.063743591308594,0.33670577,2.2648923,2.247324049472809,2.2683884501457214,0.04322137,0.7549641,0.7491080462932587,0.7561295032501221,0.014407123,0.16866668,0.15000000968575478,0.1940000019967556,0.034190197,0.0,0.0,0.0,0.0,0.15997751,0.14929067716002464,0.16395677253603935,0.016247036,2.939998,2.939997911453247,2.939997911453247,0.0,2.959998,2.9599978923797607,2.9599978923797607,0.0,476800.0,476800.0,476800.0,0.0
149,0.0,0.0,0.0,0.0,1.0,1.0,1.0,0.0,0.5079741,0.5072068572044373,0.5098933279514313,0.0029790401,0.5080707,0.5073051303625107,0.5099925994873047,0.0029791445,1.0307288,1.0180819928646088,1.0391862988471985,0.02017566,0.093259364,0.09137233160436153,0.0959219504147768,0.004209097,0.093259364,0.09137233160436153,0.0959219504147768,0.004209097,1.0,1.0,1.0,0.0,9.665219e-05,9.469650831306353e-05,9.94116398942424e-05,4.3622267e-06,0.0010363805,0.0010363805340602994,0.0010363805340602994,0.0,-27.09118,-27.500226974487305,-26.718608856201172,0.64818877,2.2676485,2.239825189113617,2.2862555384635925,0.044387348,0.7558829,0.7466084361076355,0.7620851844549179,0.01479578,0.16466667,0.14800000935792923,0.1860000118613243,0.0340196,0.0,0.0,0.0,0.0,0.16506864,0.15592246130108833,0.17899468913674355,0.019004418,2.959998,2.9599978923797607,2.9599978923797607,0.0,2.9799979,2.9799978733062744,2.9799978733062744,0.0,480000.0,480000.0,480000.0,0.0
150,0.0,0.0,0.0,0.0,1.0,1.0,1.0,0.0,0.5080707,0.5073051303625107,0.5099925994873047,0.0029791445,0.5081653,0.5073952525854111,0.5100978761911392,0.0029815848,1.0319314,1.0140122473239899,1.0544632971286774,0.029523963,0.093109764,0.08821391128003597,0.09683806076645851,0.006401067,0.093109764,0.08821391128003597,0.09683806076645851,0.006401067,1.0,1.0,1.0,0.0,9.458638e-05,8.961287858255673e-05,9.837380275712349e-05,6.502581e-06,0.0010158588,0.0010158588411286473,0.0010158588411286473,0.0,-27.23393,-27.598171710968018,-26.76861047744751,0.4507804,2.2702944,2.2308714985847473,2.319865584373474,0.06495401,0.7567648,0.7436238378286362,0.7732885479927063,0.021651333,0.15466668,0.14800000935792923,0.16200001165270805,0.035993267,0.0,0.0,0.0,0.0,0.1552746,0.14076115563511848,0.1673351190984249,0.018660681,2.9799979,2.9799978733062744,2.9799978733062744,0.0,2.9999979,2.999997854232788,2.999997854232788,0.0,483200.0,483200.0,483200.0,0.0
151,0.0,0.0,0.0,0.0,1.0,1.0,1.0,0.0,0.5081653,0.5073952525854111,0.5100978761911392,0.0029815848,0.5082558,0.5074833184480667,0.5101895183324814,0.0029816646,1.0421132,1.0286125540733337,1.058275192975998,0.023966286,0.09088826,0.08744383044540882,0.09362411499023438,0.0052032317,0.09088826,0.08744383044540882,0.09362411499023438,0.0052032317,1.0,1.0,1.0,0.0,9.0501395e-05,8.707161941856612e-05,9.322559890279081e-05,5.1810844e-06,0.0009957434,0.0009957434376701713,0.0009957434376701713,0.0,-27.455023,-27.79608917236328,-27.128961086273193,0.68852764,2.2926948,2.262992739677429,2.3282519578933716,0.052726887,0.7642316,0.7543309479951859,0.7760839909315109,0.017575629,0.16333334,0.1420000083744526,0.19200000166893005,0.03836033,0.0,0.0,0.0,0.0,0.161577,0.1532033570110798,0.16919536888599396,0.013655818,2.9999979,2.999997854232788,2.999997854232788,0.0,3.0199978,3.0199978351593018,3.0199978351593018,0.0,486400.0,486400.0,486400.0,0.0
152,0.0,0.0,0.0,0.0,1.0,1.0,1.0,0.0,0.5082558,0.5074833184480667,0.5101895183324814,0.0029816646,0.5083407,0.5075780004262924,0.510259747505188,0.002975893,1.0307044,1.0160885453224182,1.0473170280456543,0.039619513,0.08700269,0.08967878110706806,0.09636626578867435,0.028294466,0.09352985,0.08967878110706806,0.09636626578867435,0.008532919,0.9166667,1.0,1.0,0.28867513,8.4916916e-05,8.752885696594603e-05,9.405601849721279e-05,2.7616148e-05,0.00097602635,0.000976026407442987,0.000976026407442987,0.0,-27.587677,-28.230896472930908,-27.288077354431152,0.98987263,2.2675948,2.2354394793510437,2.304143488407135,0.08716469,0.75586504,0.7451465129852295,0.7680478692054749,0.029054893,0.14733334,0.13200000673532486,0.17000001296401024,0.027598863,0.0006666667,0.0,0.0,0.0023094013,0.16080298,0.14547979086637497,0.1768055073916912,0.020136852,3.0199978,3.0199978351593018,3.0199978351593018,0.0,3.0399978,3.0399978160858154,3.0399978160858154,0.0,489600.0,489600.0,489600.0,0.0
153,0.0,0.0,0.0,0.0,1.0,1.0,1.0,0.0,0.5083407,0.5075780004262924,0.510259747505188,0.002975893,0.5084289,0.5076642036437988,0.5103509277105331,0.0029776173,1.0362129,1.0255480110645294,1.0550553798675537,0.022657666,0.09211562,0.08809462562203407,0.09429428167641163,0.004865183,0.09211562,0.08809462562203407,0.09429428167641163,0.004865183,1.0,1.0,1.0,0.0,8.812701e-05,8.428012006334029e-05,9.021133155329153e-05,4.6545197e-06,0.0009566999,0.0009566998924128711,0.0009566998924128711,0.0,-27.318937,-27.436474323272705,-27.05043363571167,0.49174416,2.2797139,2.2562506794929504,2.3211681246757507,0.049847875,0.7599046,0.7520835995674133,0.7737227231264114,0.01661596,0.172,0.13600000739097595,0.20400000363588333,0.038668755,0.0,0.0,0.0,0.0,0.15671726,0.14998329058289528,0.15850135311484337,0.017895423,3.0399978,3.0399978160858154,3.0399978160858154,0.0,3.0599978,3.059997797012329,3.059997797012329,0.0,492800.0,492800.0,492800.0,0.0
154,0.0,0.0,0.0,0.0,1.0,1.0,1.0,0.0,0.5084289,0.5076642036437988,0.5103509277105331,0.0029776173,0.5085085,0.5077540576457977,0.5104432702064514,0.0029944393,1.0409031,1.0194882154464722,1.0587092339992523,0.03848797,0.08495196,0.08739154227077961,0.09561202675104141,0.02750522,0.091334336,0.08739154227077961,0.09561202675104141,0.007898232,0.9166667,1.0,1.0,0.28867513,7.9664205e-05,8.195194459403865e-05,8.966075074567925e-05,2.5793184e-05,0.000937756,0.0009377559763379395,0.0009377559763379395,0.0,-27.650047,-28.24066162109375,-27.099578380584717,0.68903565,2.2900326,2.2429187893867493,2.3292067646980286,0.08467525,0.7633442,0.7476396262645721,0.7764022648334503,0.028225085,0.16333334,0.14400000870227814,0.18400001525878906,0.03262273,0.0006666667,0.0,0.0,0.0023094013,0.16729993,0.15638351812958717,0.17094585672020912,0.016270997,3.0599978,3.059997797012329,3.059997797012329,0.0,3.0799978,3.0799977779388428,3.0799977779388428,0.0,496000.0,496000.0,496000.0,0.0
155,0.0,0.0,0.0,0.0,1.0,1.0,1.0,0.0,0.5085085,0.5077540576457977,0.5104432702064514,0.0029944393,0.5085935,0.5078350007534027,0.5105254203081131,0.0029949525,1.0351336,1.0166572332382202,1.0551066100597382,0.029468613,0.09242497,0.08808330819010735,0.09626607038080692,0.0063385773,0.09242497,0.08808330819010735,0.09626607038080692,0.0063385773,1.0,1.0,1.0,0.0,8.495585e-05,8.096505189314485e-05,8.84865385160083e-05,5.826339e-06,0.0009191872,0.0009191872086375952,0.0009191872086375952,0.0,-27.344915,-27.777519702911377,-26.503796100616455,0.956111,2.2773395,2.236690640449524,2.3212809562683105,0.06483224,0.75911313,0.7455635517835617,0.7737603336572647,0.02161075,0.148,0.11800000444054604,0.15400001034140587,0.045447275,0.0,0.0,0.0,0.0,0.15700322,0.15035055205225945,0.1629018560051918,0.014701467,3.0799978,3.0799977779388428,3.0799977779388428,0.0,3.0999978,3.0999977588653564,3.0999977588653564,0.0,499200.0,499200.0,499200.0,0.0
156,0.0,0.0,0.0,0.0,1.0,1.0,1.0,0.0,0.5085935,0.5078350007534027,0.5105254203081131,0.0029949525,0.5086784,0.5079184323549271,0.5106063038110733,0.0029938768,1.0271246,1.0062297582626343,1.0468628704547882,0.03455458,0.09421701,0.0897719506174326,0.09859078750014305,0.0074476413,0.09421701,0.0897719506174326,0.09859078750014305,0.0074476413,1.0,1.0,1.0,0.0,8.488821e-05,8.088327558652963e-05,8.882892507244833e-05,6.7102214e-06,0.0009009861,0.0009009860805235803,0.0009009860805235803,0.0,-27.111794,-27.72905683517456,-26.632805824279785,0.86475664,2.2597194,2.2137497663497925,2.3031442761421204,0.07602158,0.7532398,0.7379166036844254,0.7677147835493088,0.025340525,0.17083333,0.14749999344348907,0.17999999225139618,0.046799056,0.0,0.0,0.0,0.0,0.14870363,0.13958728313446045,0.16090724989771843,0.01153927,3.0999978,3.0999977588653564,3.0999977588653564,0.0,3.1199977,3.11999773979187,3.11999773979187,0.0,502400.0,502400.0,502400.0,0.0
157,0.0,0.0,0.0,0.0,1.0,1.0,1.0,0.0,0.5086784,0.5079184323549271,0.5106063038110733,0.0029938768,0.5087602,0.5079970359802246,0.5106888711452484,0.0029932952,1.0339411,1.011517345905304,1.0549146831035614,0.028623376,0.09266653,0.0881263930350542,0.09738346748054028,0.0061028274,0.09266653,0.0881263930350542,0.09738346748054028,0.0061028274,1.0,1.0,1.0,0.0,8.1838e-05,7.782841203152202e-05,8.600375258538406e-05,5.389684e-06,0.0008831453,0.0008831453160382807,0.0008831453160382807,0.0,-27.441101,-27.939666748046875,-27.14065456390381,0.66625273,2.274716,2.2253825664520264,2.3208587169647217,0.06297272,0.7582386,0.741794228553772,0.77361960709095,0.020990899,0.15933333,0.14400000870227814,0.1860000118613243,0.032083225,0.0006666667,0.0,0.0,0.0023094013,0.16177924,0.15305202081799507,0.17428093031048775,0.014284128,3.1199977,3.11999773979187,3.11999773979187,0.0,3.1399977,3.139997720718384,3.139997720718384,0.0,505600.0,505600.0,505600.0,0.0
158,0.0,0.0,0.0,0.0,1.0,1.0,1.0,0.0,0.5087602,0.5079970359802246,0.5106888711452484,0.0029932952,0.5088435,0.50808285176754,0.5107663571834564,0.0029906188,1.0183802,1.0001190602779388,1.0373289287090302,0.038551416,0.09620842,0.09176751598715782,0.10000352375209332,0.008750253,0.09620842,0.09176751598715782,0.10000352375209332,0.008750253,1.0,1.0,1.0,0.0,8.328358e-05,7.943927812448237e-05,8.656884529045783e-05,7.5747253e-06,0.000865658,0.0008656579302623868,0.0008656579302623868,0.0,-27.056929,-27.778533935546875,-26.485445499420166,0.87767595,2.2404811,2.2003058195114136,2.282169222831726,0.084814794,0.74682707,0.7334353029727936,0.7607230842113495,0.028271604,0.16733335,0.1600000113248825,0.17600001394748688,0.019434428,0.0006666667,0.0,0.0,0.0023094013,0.14869274,0.13562652468681335,0.1583593375980854,0.018971238,3.1399977,3.139997720718384,3.139997720718384,0.0,3.1599977,3.1599977016448975,3.1599977016448975,0.0,508800.0,508800.0,508800.0,0.0
159,0.0,0.0,0.0,0.0,1.0,1.0,1.0,0.0,0.5088435,0.50808285176754,0.5107663571834564,0.0029906188,0.5089161,0.5081602782011032,0.5108444392681122,0.0029931106,1.039437,1.006807029247284,1.0604195892810822,0.043052565,0.08552083,0.08701943792402744,0.098458182066679,0.027844412,0.091725916,0.08701943792402744,0.098458182066679,0.008918281,0.9166667,1.0,1.0,0.28867513,7.2565854e-05,7.383744559774641e-05,8.354341480298899e-05,2.362645e-05,0.00084851665,0.0008485167054459453,0.0008485167054459453,0.0,-27.453756,-27.911974906921387,-26.59516716003418,1.0383235,2.286807,2.215019643306732,2.3329696655273438,0.09471753,0.7622691,0.7383398860692978,0.7776565551757812,0.031572506,0.16733335,0.15800001099705696,0.1860000118613243,0.027808871,0.0,0.0,0.0,0.0,0.16439633,0.14412926882505417,0.18834182247519493,0.026077956,3.1599977,3.1599977016448975,3.1599977016448975,0.0,3.1799977,3.179997682571411,3.179997682571411,0.0,512000.0,512000.0,512000.0,0.0
160,0.0,0.0,0.0,0.0,1.0,1.0,1.0,0.0,0.5089161,0.5081602782011032,0.5108444392681122,0.0029931106,0.50898236,0.5081806182861328,0.5109251737594604,0.0029937,1.0368477,1.0116329491138458,1.050503671169281,0.04573913,0.07972282,0.08902603574097157,0.09735729917883873,0.037529085,0.09231641,0.08902603574097157,0.09735729917883873,0.009199603,0.8333333,1.0,1.0,0.38924947,6.630667e-05,7.404428833979182e-05,8.097352474578656e-05,3.12135e-05,0.000831715,0.000831715005915612,0.000831715005915612,0.0,-27.441381,-28.01028537750244,-27.06644868850708,1.0010861,2.2811103,2.2256370186805725,2.3111541271209717,0.10062809,0.7603701,0.7418790459632874,0.7703847140073776,0.03354269,0.15066667,0.14600000903010368,0.17000001296401024,0.030094802,0.0,0.0,0.0,0.0,0.16348721,0.13988182693719864,0.17539627477526665,0.027981728,3.1799977,3.179997682571411,3.179997682571411,0.0,3.1999977,3.199997663497925,3.199997663497925,0.0,515200.0,515200.0,515200.0,0.0
161,0.0,0.0,0.0,0.0,1.0,1.0,1.0,0.0,0.50898236,0.5081806182861328,0.5109251737594604,0.0029937,0.509054,0.5082568824291229,0.5109925717115402,0.00298985,1.057,1.033429503440857,1.0861288905143738,0.031022817,0.087905414,0.08201105147600174,0.09259159304201603,0.006280413,0.087905414,0.08201105147600174,0.09259159304201603,0.006280413,1.0,1.0,1.0,0.0,7.166454e-05,6.68591856083367e-05,7.548492794740014e-05,5.1200814e-06,0.000815246,0.0008152460213750601,0.0008152460213750601,0.0,-27.76159,-28.047621726989746,-27.426045894622803,0.7102359,2.3254466,2.273590385913849,2.3895313143730164,0.06825158,0.77514887,0.757863461971283,0.7965104579925537,0.022750523,0.13933334,0.10000000335276127,0.1680000089108944,0.053116225,0.0,0.0,0.0,0.0,0.16410165,0.1462710276246071,0.1757982298731804,0.017993394,3.1999977,3.199997663497925,3.199997663497925,0.0,3.2199976,3.2199976444244385,3.2199976444244385,0.0,518400.0,518400.0,518400.0,0.0
162,0.0,0.0,0.0,0.0,1.0,1.0,1.0,0.0,0.509054,0.5082568824291229,0.5109925717115402,0.00298985,0.5091282,0.5083365142345428,0.5110722929239273,0.0029932193,1.0339164,1.0089716762304306,1.0581022500991821,0.04023035,0.092856646,0.08749096281826496,0.09798716008663177,0.00876863,0.092856646,0.08749096281826496,0.09798716008663177,0.00876863,1.0,1.0,1.0,0.0,7.420203e-05,6.99142947269138e-05,7.83018385845935e-05,7.00704e-06,0.000799103,0.0007991030579432845,0.0007991030579432845,0.0,-27.305285,-28.061878204345703,-26.780911445617676,0.9264896,2.2746615,2.219781994819641,2.3278715014457703,0.08850852,0.7582205,0.7399273663759232,0.7759571671485901,0.029502831,0.17000002,0.14400000870227814,0.18800001218914986,0.038461316,0.0,0.0,0.0,0.0,0.15591563,0.14169761165976524,0.17430837079882622,0.021572435,3.2199976,3.2199976444244385,3.2199976444244385,0.0,3.2399976,3.239997625350952,3.239997625350952,0.0,521600.0,521600.0,521600.0,0.0
163,0.0,0.0,0.0,0.0,1.0,1.0,1.0,0.0,0.5091282,0.5083365142345428,0.5110722929239273,0.0029932193,0.50920147,0.5084102600812912,0.5111500769853592,0.0029962729,1.0303024,1.014248549938202,1.0573302209377289,0.0313502,0.09348443,0.0876347366720438,0.09681391343474388,0.006794279,0.09348443,0.0876347366720438,0.09681391343474388,0.006794279,1.0,1.0,1.0,0.0,7.3224466e-05,6.864251736260485e-05,7.583238220831845e-05,5.321821e-06,0.0007832798,0.0007832797709852457,0.0007832797709852457,0.0,-27.238441,-27.50434112548828,-26.802837371826172,0.71234536,2.2667105,2.231391429901123,2.3261730074882507,0.068971805,0.75557023,0.743797168135643,0.7753910422325134,0.022990603,0.17,0.1420000083744526,0.1940000019967556,0.034808565,0.0006666667,0.0,0.0,0.0023094013,0.15683533,0.14195743203163147,0.1706884577870369,0.019763466,3.2399976,3.239997625350952,3.239997625350952,0.0,3.2599976,3.259997606277466,3.259997606277466,0.0,524800.0,524800.0,524800.0,0.0
164,0.0,0.0,0.0,0.0,1.0,1.0,1.0,0.0,0.50920147,0.5084102600812912,0.5111500769853592,0.0029962729,0.50927395,0.5084791034460068,0.5112234801054001,0.0029980524,1.0255696,1.010534018278122,1.0433137714862823,0.027013326,0.09444788,0.09051784686744213,0.09760664962232113,0.0057806144,0.09444788,0.09051784686744213,0.09760664962232113,0.0057806144,1.0,1.0,1.0,0.0,7.2514216e-05,6.949686030566227e-05,7.493942757719196e-05,4.43818e-06,0.0007677697,0.0007677696994505823,0.0007677696994505823,0.0,-27.118967,-27.809444427490234,-26.370486736297607,0.89295936,2.2562978,2.2232192754745483,2.295336067676544,0.059430476,0.75209934,0.7410731166601181,0.7651120275259018,0.019810157,0.16466667,0.14400000870227814,0.17200001329183578,0.035030723,0.0,0.0,0.0,0.0,0.16464545,0.1386938989162445,0.18162446469068527,0.028226389,3.2599976,3.259997606277466,3.259997606277466,0.0,3.2799976,3.2799975872039795,3.2799975872039795,0.0,528000.0,528000.0,528000.0,0.0
165,0.0,0.0,0.0,0.0,1.0,1.0,1.0,0.0,0.50927395,0.5084791034460068,0.5112234801054001,0.0029980524,0.50934386,0.5085513889789581,0.5112991631031036,0.0030008447,1.0330645,1.0151371657848358,1.043519288301468,0.031051118,0.092882775,0.09049007669091225,0.09657524712383747,0.0064707124,0.092882775,0.09049007669091225,0.09657524712383747,0.0064707124,1.0,1.0,1.0,0.0,6.9900496e-05,6.809983824496157e-05,7.267933324328624e-05,4.869644e-06,0.0007525669,0.000752566906157881,0.000752566906157881,0.0,-27.306702,-27.69029188156128,-26.8027606010437,0.7274334,2.272787,2.2333462834358215,2.2957883477211,0.068313815,0.7575957,0.7444487661123276,0.7652627974748611,0.022771273,0.14933334,0.11800000444054604,0.18400001525878906,0.041123614,0.0006666667,0.0,0.0,0.0023094013,0.1625022,0.14532732218503952,0.1800404153764248,0.02566104,3.2799976,3.2799975872039795,3.2799975872039795,0.0,3.2999976,3.299997568130493,3.299997568130493,0.0,531200.0,531200.0,531200.0,0.0
166,0.0,0.0,0.0,0.0,1.0,1.0,1.0,0.0,0.50934386,0.5085513889789581,0.5112991631031036,0.0030008447,0.5094118,0.5086156874895096,0.5113712251186371,0.0030004445,1.036895,1.0222079753875732,1.0476216077804565,0.03131325,0.092072465,0.08961585909128189,0.09501496329903603,0.0065488615,0.092072465,0.08961585909128189,0.09501496329903603,0.0065488615,1.0,1.0,1.0,0.0,6.791864e-05,6.610649143112823e-05,7.00892251188634e-05,4.830867e-06,0.00073766505,0.0007376651046797633,0.0007376651046797633,0.0,-27.527838,-27.574978828430176,-27.183430194854736,0.7427285,2.2812145,2.2489024996757507,2.3048136830329895,0.06889053,0.7604049,0.7496341913938522,0.7682712525129318,0.022963513,0.15,0.13600000739097595,0.17000001296401024,0.032022722,0.0013333334,0.0,0.0,0.003113996,0.1586568,0.14058780670166016,0.17929354310035706,0.02850587,3.2999976,3.299997568130493,3.299997568130493,0.0,3.3199975,3.319997549057007,3.319997549057007,0.0,534400.0,534400.0,534400.0,0.0
167,0.0,0.0,0.0,0.0,1.0,1.0,1.0,0.0,0.5094118,0.5086156874895096,0.5113712251186371,0.0030004445,0.50947714,0.5086770206689835,0.5114307403564453,0.0030026876,1.0458364,1.0181554555892944,1.088164359331131,0.042326804,0.09037992,0.08162745460867882,0.09591121226549149,0.008934627,0.09037992,0.08162745460867882,0.09591121226549149,0.008934627,1.0,1.0,1.0,0.0,6.534997e-05,5.902141856495291e-05,6.934941120562144e-05,6.460257e-06,0.0007230584,0.0007230584160424769,0.0007230584160424769,0.0,-27.665522,-28.26877498626709,-27.35131025314331,0.63519275,2.3008862,2.2399867177009583,2.3940093517303467,0.09312081,0.76696205,0.7466622442007065,0.798003152012825,0.031040281,0.15,0.13600000739097595,0.1600000113248825,0.027948005,0.0006666667,0.0,0.0,0.0023094013,0.15551214,0.14289594441652298,0.1640961840748787,0.019114545,3.3199975,3.319997549057007,3.319997549057007,0.0,3.3399975,3.3399975299835205,3.3399975299835205,0.0,537600.0,537600.0,537600.0,0.0
168,0.0,0.0,0.0,0.0,1.0,1.0,1.0,0.0,0.50947714,0.5086770206689835,0.5114307403564453,0.0030026876,0.50954306,0.5087433606386185,0.5115044265985489,0.003002567,1.0335389,1.0044701993465424,1.0649744272232056,0.042711742,0.09298665,0.08610443957149982,0.09897791780531406,0.009393093,0.09298665,0.08610443957149982,0.09897791780531406,0.009393093,1.0,1.0,1.0,0.0,6.5903434e-05,6.102573297539493e-05,7.014969560259487e-05,6.6572693e-06,0.00070874084,0.0007087408448569477,0.0007087408448569477,0.0,-27.547983,-28.14963388442993,-27.26177978515625,0.7868982,2.2738311,2.2098785042762756,2.342990458011627,0.09396772,0.7579437,0.7366261780261993,0.7809968292713165,0.03132257,0.14400001,0.12600000575184822,0.16600001230835915,0.027921975,0.0006666667,0.0,0.0,0.0023094013,0.1618488,0.14582598954439163,0.18209632113575935,0.02259808,3.3399975,3.3399975299835205,3.3399975299835205,0.0,3.3599975,3.359997510910034,3.359997510910034,0.0,540800.0,540800.0,540800.0,0.0
169,0.0,0.0,0.0,0.0,1.0,1.0,1.0,0.0,0.50954306,0.5087433606386185,0.5115044265985489,0.003002567,0.50960207,0.5087936073541641,0.5115716904401779,0.0030058993,1.0398082,1.0156052708625793,1.0585225820541382,0.034973264,0.08497634,0.08739420585334301,0.09647052735090256,0.027442321,0.091512136,0.08739420585334301,0.09647052735090256,0.00734335,0.9166667,1.0,1.0,0.28867513,5.9033646e-05,6.0713354287145194e-05,6.701873826386873e-05,1.906437e-05,0.00069470686,0.0006947068613953888,0.0006947068613953888,0.0,-27.36782,-27.76646661758423,-27.03464365005493,0.7978022,2.2876234,2.2343761324882507,2.328796088695526,0.07694268,0.76254123,0.7447920739650726,0.7762653827667236,0.025647566,0.1625,0.12749999575316906,0.19249999523162842,0.04245318,0.0,0.0,0.0,0.0,0.15594387,0.1403217799961567,0.1716148965060711,0.017439438,3.3599975,3.359997510910034,3.359997510910034,0.0,3.3799975,3.379997491836548,3.379997491836548,0.0,544000.0,544000.0,544000.0,0.0
170,0.0,0.0,0.0,0.0,1.0,1.0,1.0,0.0,0.50960207,0.5087936073541641,0.5115716904401779,0.0030058993,0.5096657,0.5088565349578857,0.5116348266601562,0.0030061046,1.0295776,1.0246834754943848,1.0352872908115387,0.018981986,0.093497455,0.09219631738960743,0.09447505697607994,0.0040418417,0.093497455,0.09219631738960743,0.09447505697607994,0.0040418417,1.0,1.0,1.0,0.0,6.366716e-05,6.278115142777096e-05,6.43328621663386e-05,2.7522954e-06,0.00068095076,0.0006809507613070309,0.0006809507613070309,0.0,-27.222452,-27.401407718658447,-26.965243339538574,0.40823537,2.2651157,2.254348635673523,2.2776774168014526,0.041761164,0.7550387,0.7514495700597763,0.7592258453369141,0.013920391,0.15866667,0.14800000935792923,0.17400000989437103,0.03734199,0.0,0.0,0.0,0.0,0.15693606,0.14362605288624763,0.1664777733385563,0.017443065,3.3799975,3.379997491836548,3.379997491836548,0.0,3.3999975,3.3999974727630615,3.3999974727630615,0.0,547200.0,547200.0,547200.0,0.0
171,0.0,0.0,0.0,0.0,1.0,1.0,1.0,0.0,0.5096657,0.5088565349578857,0.5116348266601562,0.0030061046,0.5097146,0.5089165568351746,0.5116970241069794,0.0029994065,1.0657128,1.0333719849586487,1.0893366634845734,0.032704283,0.073203616,0.08141295798122883,0.09260449931025505,0.034585096,0.08618217,0.08141295798122883,0.09260449931025505,0.0065033557,0.8333333,1.0,1.0,0.38924947,4.8860995e-05,5.434046488517197e-05,6.181044773256872e-05,2.3084413e-05,0.000667467,0.0006674670148640871,0.0006674670148640871,0.0,-27.911009,-28.561927795410156,-27.030113220214844,1.0332987,2.344615,2.2734638452529907,2.396588623523712,0.071950875,0.7815383,0.7578213065862656,0.798862874507904,0.023983622,0.14466667,0.11400000378489494,0.18000001087784767,0.04466712,0.0,0.0,0.0,0.0,0.16633084,0.14615191146731377,0.178748220205307,0.019791262,3.3999975,3.3999974727630615,3.3999974727630615,0.0,3.4199975,3.419997453689575,3.419997453689575,0.0,550400.0,550400.0,550400.0,0.0
172,0.0,0.0,0.0,0.0,1.0,1.0,1.0,0.0,0.5097146,0.5089165568351746,0.5116970241069794,0.0029994065,0.5097764,0.508981928229332,0.511761024594307,0.0029993986,1.0264416,0.9973694831132889,1.0614915788173676,0.03836874,0.09443157,0.08680188097059727,0.10061408393085003,0.008385369,0.09443157,0.08680188097059727,0.10061408393085003,0.008385369,1.0,1.0,1.0,0.0,6.178189e-05,5.6790162489051e-05,6.582680362043902e-05,5.4861302e-06,0.0006542504,0.0006542503833770752,0.0006542503833770752,0.0,-27.149431,-28.049869537353516,-26.415790557861328,0.8969982,2.2582166,2.1942566633224487,2.3353280425071716,0.08441291,0.7527389,0.7314188927412033,0.7784427106380463,0.028137637,0.15333335,0.1380000077188015,0.17600001394748688,0.02830141,0.0,0.0,0.0,0.0,0.15595073,0.1438649520277977,0.16330672428011894,0.020334804,3.4199975,3.419997453689575,3.419997453689575,0.0,3.4399974,3.439997434616089,3.439997434616089,0.0,553600.0,553600.0,553600.0,0.0
173,0.0,0.0,0.0,0.0,1.0,1.0,1.0,0.0,0.5097764,0.508981928229332,0.511761024594307,0.0029993986,0.5098335,0.5090374052524567,0.5118188261985779,0.0030011379,1.0519038,1.0440482199192047,1.0797182023525238,0.041109364,0.08911201,0.08323357068002224,0.09035830572247505,0.008847675,0.08911201,0.08323357068002224,0.09035830572247505,0.008847675,1.0,1.0,1.0,0.0,5.714713e-05,5.337730544852093e-05,5.794636490463745e-05,5.6739723e-06,0.0006412954,0.0006412953953258693,0.0006412953953258693,0.0,-27.653702,-27.986631393432617,-27.178781032562256,0.5882781,2.3142347,2.2969518899917603,2.3754274249076843,0.09044243,0.7714116,0.7656506299972534,0.791809156537056,0.030147476,0.14733334,0.12400000542402267,0.1640000119805336,0.038360335,0.0,0.0,0.0,0.0,0.16477378,0.1475382335484028,0.17263463139533997,0.022501834,3.4399974,3.439997434616089,3.439997434616089,0.0,3.4599974,3.4599974155426025,3.4599974155426025,0.0,556800.0,556800.0,556800.0,0.0
174,0.0,0.0,0.0,0.0,1.0,1.0,1.0,0.0,0.5098335,0.5090374052524567,0.5118188261985779,0.0030011379,0.50988644,0.5090512633323669,0.5118744671344757,0.0030029444,1.0445887,1.0274071395397186,1.0567700564861298,0.038339734,0.0842267,0.08775004372000694,0.09388613700866699,0.027332446,0.09056572,0.08775004372000694,0.09388613700866699,0.0080222,0.9166667,1.0,1.0,0.28867513,5.294464e-05,5.515940756595228e-05,5.9016537306888495e-05,1.7181092e-05,0.0006285969,0.0006285969284363091,0.0006285969284363091,0.0,-27.530304,-27.894612789154053,-27.231167793273926,0.68288946,2.2981412,2.2603408098220825,2.324940502643585,0.08434907,0.76604706,0.7534469664096832,0.7749801725149155,0.028116351,0.156,0.13600000739097595,0.18400001525878906,0.038968522,0.0,0.0,0.0,0.0,0.161444,0.14768483489751816,0.17745038494467735,0.01910239,3.4599974,3.4599974155426025,3.4599974155426025,0.0,3.4799974,3.479997396469116,3.479997396469116,0.0,560000.0,560000.0,560000.0,0.0
175,0.0,0.0,0.0,0.0,1.0,1.0,1.0,0.0,0.50988644,0.5090512633323669,0.5118744671344757,0.0030029444,0.5099441,0.509111762046814,0.5119278132915497,0.003003512,1.0296795,1.0159194767475128,1.0375602841377258,0.020426517,0.09348833,0.09171673282980919,0.09640536643564701,0.0043478133,0.09348833,0.09171673282980919,0.09640536643564701,0.0043478133,1.0,1.0,1.0,0.0,5.7602814e-05,5.651124592986889e-05,5.940014852967579e-05,2.6789048e-06,0.0006161498,0.0006161498022265732,0.0006161498022265732,0.0,-27.259691,-27.560790061950684,-27.002895832061768,0.58340174,2.26534,2.2350674867630005,2.2826783061027527,0.044939224,0.7551134,0.7450225055217743,0.7608928084373474,0.014979744,0.15933333,0.13600000739097595,0.19200000166893005,0.032083225,0.0,0.0,0.0,0.0,0.15893154,0.1466180421411991,0.17106346413493156,0.018841224,3.4799974,3.479997396469116,3.479997396469116,0.0,3.4999974,3.49999737739563,3.49999737739563,0.0,563200.0,563200.0,563200.0,0.0
176,0.0,0.0,0.0,0.0,1.0,1.0,1.0,0.0,0.5099441,0.509111762046814,0.5119278132915497,0.003003512,0.51000047,0.5091711729764938,0.5119850039482117,0.0030056995,1.0305465,1.0231030881404877,1.046943038702011,0.028383791,0.09339255,0.0897580087184906,0.09481948427855968,0.0061999094,0.09339255,0.0897580087184906,0.09481948427855968,0.0061999094,1.0,1.0,1.0,0.0,5.6404362e-05,5.420928209787235e-05,5.726615563617088e-05,3.7444304e-06,0.00060394924,0.0006039492436684668,0.0006039492436684668,0.0,-27.24508,-27.501790046691895,-26.92221736907959,0.7097154,2.2672474,2.25087171792984,2.3033206462860107,0.062445574,0.75574917,0.7502905875444412,0.7677735537290573,0.020815192,0.16333334,0.14000000804662704,0.19200000166893005,0.043745823,0.0,0.0,0.0,0.0,0.15492,0.13339496031403542,0.17574796080589294,0.022672694,3.4999974,3.49999737739563,3.49999737739563,0.0,3.5199974,3.5199973583221436,3.5199973583221436,0.0,566400.0,566400.0,566400.0,0.0
177,0.0,0.0,0.0,0.0,1.0,1.0,1.0,0.0,0.51000047,0.5091711729764938,0.5119850039482117,0.0030056995,0.5100544,0.5092228949069977,0.5120383054018021,0.003005482,1.0410279,1.0275322198867798,1.058560848236084,0.0219716,0.09109253,0.0873861201107502,0.09386036358773708,0.00462604,0.09109253,0.0873861201107502,0.09386036358773708,0.00462604,1.0,1.0,1.0,0.0,5.392589e-05,5.173173121875152e-05,5.5564421018061694e-05,2.7385702e-06,0.00059199025,0.0005919902469031513,0.0005919902469031513,0.0,-27.529465,-27.822712898254395,-27.227683544158936,0.44036692,2.2903073,2.2606160640716553,2.3288804292678833,0.048338495,0.7634358,0.7535386979579926,0.7762935012578964,0.016112838,0.16666667,0.1420000083744526,0.18200001120567322,0.048582327,0.0,0.0,0.0,0.0,0.15920945,0.15361477807164192,0.16376927867531776,0.010016489,3.5199974,3.5199973583221436,3.5199973583221436,0.0,3.5399973,3.5399973392486572,3.5399973392486572,0.0,569600.0,569600.0,569600.0,0.0
178,0.0,0.0,0.0,0.0,1.0,1.0,1.0,0.0,0.5100544,0.5092228949069977,0.5120383054018021,0.003005482,0.5101088,0.5092784315347672,0.5120962411165237,0.0030061563,1.0288578,1.0107921659946442,1.0400099456310272,0.031355087,0.09379076,0.09120873920619488,0.09754754416644573,0.006584059,0.09379076,0.09120873920619488,0.09754754416644573,0.006584059,1.0,1.0,1.0,0.0,5.4423785e-05,5.292552123137284e-05,5.660372789861867e-05,3.82052e-06,0.0005802681,0.0005802680971100926,0.0005802680971100926,0.0,-27.516047,-27.91465425491333,-26.785186290740967,0.8216675,2.2635324,2.223787248134613,2.2880675196647644,0.06898257,0.7545108,0.7412624359130859,0.7626892030239105,0.02299418,0.16666667,0.14600000903010368,0.1940000019967556,0.045998685,0.0,0.0,0.0,0.0,0.15521961,0.14093897864222527,0.1649751216173172,0.025169188,3.5399973,3.5399973392486572,3.5399973392486572,0.0,3.5599973,3.559997320175171,3.559997320175171,0.0,572800.0,572800.0,572800.0,0.0
179,0.0,0.0,0.0,0.0,1.0,1.0,1.0,0.0,0.5101088,0.5092784315347672,0.5120962411165237,0.0030061563,0.5101606,0.5093254894018173,0.5121494382619858,0.0030061342,1.0417172,1.0156779289245605,1.0655993223190308,0.03189983,0.09106492,0.08598905242979527,0.09645450487732887,0.006637809,0.09106492,0.08598905242979527,0.09645450487732887,0.006637809,1.0,1.0,1.0,0.0,5.1795723e-05,4.89086842208053e-05,5.486120335262967e-05,3.7754398e-06,0.000568778,0.000568778021261096,0.000568778021261096,0.0,-27.292082,-28.186705589294434,-26.486514568328857,1.0355487,2.2918236,2.234536111354828,2.344365358352661,0.07018099,0.7639413,0.744845375418663,0.7814551442861557,0.023393672,0.15266667,0.1340000070631504,0.16200001165270805,0.02248771,0.0,0.0,0.0,0.0,0.15901352,0.13343928009271622,0.17531675845384598,0.024573013,3.5599973,3.559997320175171,3.559997320175171,0.0,3.5799973,3.5799973011016846,3.5799973011016846,0.0,576000.0,576000.0,576000.0,0.0
180,0.0,0.0,0.0,0.0,1.0,1.0,1.0,0.0,0.5101606,0.5093254894018173,0.5121494382619858,0.0030061342,0.51021343,0.5093746483325958,0.512207105755806,0.0030083018,1.0254157,0.9993817508220673,1.0501139163970947,0.039329473,0.09466711,0.08913927711546421,0.10014301724731922,0.00843988,0.09466711,0.08913927711546421,0.10014301724731922,0.00843988,1.0,1.0,1.0,0.0,5.277838e-05,4.9696526730258483e-05,5.58312813154771e-05,4.7053636e-06,0.0005575155,0.0005575154791586101,0.0005575154791586101,0.0,-27.266129,-27.732598781585693,-26.89049243927002,0.77860177,2.2559595,2.198683798313141,2.310296654701233,0.08652654,0.7519865,0.7328945994377136,0.7700989246368408,0.028842187,0.14733334,0.1340000070631504,0.15400001034140587,0.03134945,0.0,0.0,0.0,0.0,0.15787853,0.1471322812139988,0.16858277842402458,0.01652749,3.5799973,3.5799973011016846,3.5799973011016846,0.0,3.5999973,3.5999972820281982,3.5999972820281982,0.0,579200.0,579200.0,579200.0,0.0
181,0.0,0.0,0.0,0.0,1.0,1.0,1.0,0.0,0.51021343,0.5093746483325958,0.512207105755806,0.0030083018,0.5102636,0.5094249099493027,0.5122601538896561,0.0030097922,1.0375534,1.0209482908248901,1.058867871761322,0.027184129,0.09188213,0.0873237568885088,0.09529096633195877,0.00580473,0.09188213,0.0873237568885088,0.09529096633195877,0.00580473,1.0,1.0,1.0,0.0,5.0211373e-05,4.7720330258016475e-05,5.207421963859815e-05,3.1721454e-06,0.00054647593,0.0005464759306050837,0.0005464759306050837,0.0,-27.304398,-27.411159992218018,-27.11449909210205,0.48204595,2.282663,2.246131122112274,2.329555869102478,0.059806284,0.7608877,0.7487104088068008,0.7765186429023743,0.019935431,0.14800002,0.14400000870227814,0.1600000113248825,0.01821089,0.0,0.0,0.0,0.0,0.15774609,0.14351825416088104,0.1744479089975357,0.017399011,3.5999973,3.5999972820281982,3.5999972820281982,0.0,3.6199973,3.619997262954712,3.619997262954712,0.0,582400.0,582400.0,582400.0,0.0
182,0.0,0.0,0.0,0.0,1.0,1.0,1.0,0.0,0.5102636,0.5094249099493027,0.5122601538896561,0.0030097922,0.51031417,0.5094825625419617,0.5123172849416733,0.0030106623,1.0270905,1.0168339312076569,1.0450953245162964,0.039772846,0.09432477,0.09013783745467663,0.09620515257120132,0.009010651,0.09432477,0.09013783745467663,0.09620515257120132,0.009010651,1.0,1.0,1.0,0.0,5.0525534e-05,4.8282783609465696e-05,5.153277288627578e-05,4.8266e-06,0.000535655,0.0005356550100259483,0.0005356550100259483,0.0,-27.123795,-27.70222759246826,-26.66137933731079,0.88430333,2.2596443,2.2370792627334595,2.2992555499076843,0.08750201,0.7532148,0.7456930875778198,0.7664185464382172,0.02916733,0.15333334,0.11749999783933163,0.17000000178813934,0.04163332,0.0,0.0,0.0,0.0,0.15194793,0.13982633873820305,0.16732392460107803,0.01700746,3.6199973,3.619997262954712,3.619997262954712,0.0,3.6399972,3.6399972438812256,3.6399972438812256,0.0,585600.0,585600.0,585600.0,0.0
183,0.0,0.0,0.0,0.0,1.0,1.0,1.0,0.0,0.51031417,0.5094825625419617,0.5123172849416733,0.0030106623,0.5103596,0.5095331072807312,0.5123704671859741,0.0030153817,1.0338681,1.0039881020784378,1.0613844096660614,0.043083522,0.08648791,0.08681917376816273,0.09910976141691208,0.028315319,0.092915244,0.08681917376816273,0.09910976141691208,0.009200054,0.9166667,1.0,1.0,0.28867513,4.5410332e-05,4.5584265535580926e-05,5.203741602599621e-05,1.4866911e-05,0.00052504835,0.0005250483518466353,0.0005250483518466353,0.0,-27.4186,-27.73757553100586,-27.081157207489014,0.6516164,2.2745552,2.208817958831787,2.335092306137085,0.09478561,0.7581851,0.7362726628780365,0.7783641368150711,0.0315952,0.14733334,0.12600000575184822,0.17000001296401024,0.036970094,0.0,0.0,0.0,0.0,0.15549536,0.14546024054288864,0.16320941597223282,0.015942125,3.6399972,3.6399972438812256,3.6399972438812256,0.0,3.6599972,3.6599972248077393,3.6599972248077393,0.0,588800.0,588800.0,588800.0,0.0
184,0.0,0.0,0.0,0.0,1.0,1.0,1.0,0.0,0.5103596,0.5095331072807312,0.5123704671859741,0.0030153817,0.51040775,0.5095788389444351,0.512417271733284,0.0030159603,1.029749,1.0020630955696106,1.0453249216079712,0.03155272,0.09360186,0.09010131284594536,0.09952696599066257,0.0066402373,0.09360186,0.09010131284594536,0.09952696599066257,0.0066402373,1.0,1.0,1.0,0.0,4.8172355e-05,4.637079018721124e-05,5.122171660332242e-05,3.417409e-06,0.00051465165,0.0005146516487002373,0.0005146516487002373,0.0,-27.298758,-27.867650032043457,-26.550076484680176,0.8315537,2.2654932,2.2045827507972717,2.299760639667511,0.06941738,0.7551644,0.7348609417676926,0.7665868848562241,0.023139127,0.14533333,0.12000000476837158,0.1640000119805336,0.031233242,0.0,0.0,0.0,0.0,0.16073807,0.14745385572314262,0.17264555767178535,0.019407278,3.6599972,3.6599972248077393,3.6599972248077393,0.0,3.6799972,3.679997205734253,3.679997205734253,0.0,592000.0,592000.0,592000.0,0.0
185,0.0,0.0,0.0,0.0,1.0,1.0,1.0,0.0,0.51040775,0.5095788389444351,0.512417271733284,0.0030159603,0.51045686,0.5096297264099121,0.5124625712633133,0.0030160567,1.0127131,0.9978639036417007,1.025157392024994,0.028074473,0.09730074,0.09440679475665092,0.10050033964216709,0.0062640593,0.09730074,0.09440679475665092,0.10050033964216709,0.0062640593,1.0,1.0,1.0,0.0,4.9084414e-05,4.7624535000068136e-05,5.0698488848865964e-05,3.1599727e-06,0.0005044609,0.0005044608842581511,0.0005044608842581511,0.0,-27.001707,-27.38758659362793,-26.485830783843994,0.7448075,2.2280133,2.1953444480895996,2.255391299724579,0.06176505,0.7426712,0.7317815124988556,0.7517971098423004,0.02058835,0.158,0.14000000804662704,0.1860000118613243,0.038157567,0.0,0.0,0.0,0.0,0.15687786,0.1447850465774536,0.1677500680088997,0.016424995,3.6799972,3.679997205734253,3.679997205734253,0.0,3.6999972,3.6999971866607666,3.6999971866607666,0.0,595200.0,595200.0,595200.0,0.0
186,0.0,0.0,0.0,0.0,1.0,1.0,1.0,0.0,0.51045686,0.5096297264099121,0.5124625712633133,0.0030160567,0.51049805,0.5096404850482941,0.51250821352005,0.0030173294,1.0470682,1.0377340912818909,1.0534316301345825,0.026790852,0.08333992,0.08842702955007553,0.09168412536382675,0.026572919,0.089884184,0.08842702955007553,0.09168412536382675,0.0054852967,0.9166667,1.0,1.0,0.28867513,4.120925e-05,4.372468356450554e-05,4.533522587735206e-05,1.3139562e-05,0.0004944719,0.0004944719257764518,0.0004944719257764518,0.0,-27.572226,-27.93311643600464,-27.171193599700928,0.7600495,2.3035963,2.2830605506896973,2.3175958395004272,0.058941048,0.7678654,0.7610201984643936,0.7725319713354111,0.019647015,0.15266667,0.13200000673532486,0.1680000126361847,0.038962297,0.0006666667,0.0,0.0,0.0023094013,0.16376533,0.14850546419620514,0.178767379373312,0.02294272,3.6999972,3.6999971866607666,3.6999971866607666,0.0,3.7199972,3.7199971675872803,3.7199971675872803,0.0,598400.0,598400.0,598400.0,0.0
187,0.0,0.0,0.0,0.0,1.0,1.0,1.0,0.0,0.51049805,0.5096404850482941,0.51250821352005,0.0030173294,0.5105447,0.5096887499094009,0.5125521868467331,0.0030176921,1.0178663,0.9937422424554825,1.0446560978889465,0.040150408,0.0963491,0.0902326088398695,0.10146446712315083,0.009014348,0.0963491,0.0902326088398695,0.10146446712315083,0.009014348,1.0,1.0,1.0,0.0,4.669855e-05,4.373400497570401e-05,4.9177868277183734e-05,4.36908e-06,0.00048468067,0.00048468069871887565,0.00048468069871887565,0.0,-27.24633,-27.650234699249268,-26.781667709350586,0.77253014,2.2393506,2.1862765550613403,2.2982893586158752,0.0883327,0.74645025,0.7287588566541672,0.7660964727401733,0.029444234,0.15933335,0.1600000113248825,0.17000001296401024,0.030787643,0.0,0.0,0.0,0.0,0.15057778,0.13132096454501152,0.1634792611002922,0.022590721,3.7199972,3.7199971675872803,3.7199971675872803,0.0,3.7399971,3.739997148513794,3.739997148513794,0.0,601600.0,601600.0,601600.0,0.0
188,0.0,0.0,0.0,0.0,1.0,1.0,1.0,0.0,0.5105447,0.5096887499094009,0.5125521868467331,0.0030176921,0.51058865,0.5097341239452362,0.512592226266861,0.003018634,1.0350986,1.0155946612358093,1.05441153049469,0.030448845,0.092444,0.08822442591190338,0.09647694602608681,0.0064747124,0.092444,0.08822442591190338,0.09647694602608681,0.0064747124,1.0,1.0,1.0,0.0,4.3918615e-05,4.19139623772935e-05,4.583459758578101e-05,3.0760284e-06,0.0004750834,0.00047508341958746314,0.00047508341958746314,0.0,-27.538393,-27.970194816589355,-26.995993614196777,0.5547854,2.2772624,2.2343528866767883,2.3197516202926636,0.06698878,0.7590875,0.7447843253612518,0.773250550031662,0.022329591,0.17066668,0.12800000607967377,0.2160000056028366,0.053321213,0.0006666667,0.0,0.0,0.0023094013,0.15738653,0.14870542287826538,0.16472451761364937,0.01735981,3.7399971,3.739997148513794,3.739997148513794,0.0,3.7599971,3.7599971294403076,3.7599971294403076,0.0,604800.0,604800.0,604800.0,0.0
189,0.0,0.0,0.0,0.0,1.0,1.0,1.0,0.0,0.51058865,0.5097341239452362,0.512592226266861,0.003018634,0.5106326,0.50978222489357,0.5126378983259201,0.0030194104,1.0265477,1.0145620703697205,1.0360075235366821,0.02698716,0.094236016,0.09204406291246414,0.0967036746442318,0.005814911,0.094236016,0.09204406291246414,0.0967036746442318,0.005814911,1.0,1.0,1.0,0.0,4.3883465e-05,4.286272178433137e-05,4.503259242483182e-05,2.707865e-06,0.0004656761,0.0004656761302612722,0.0004656761302612722,0.0,-27.306017,-27.461630821228027,-27.206953525543213,0.4228729,2.25845,2.2320810556411743,2.279262125492096,0.05937296,0.7528167,0.7440270185470581,0.7597540766000748,0.019790981,0.15733334,0.13200000673532486,0.1860000118613243,0.035505015,0.0006666667,0.0,0.0,0.0023094013,0.16151667,0.15070908516645432,0.17326830327510834,0.019778933,3.7599971,3.7599971294403076,3.7599971294403076,0.0,3.779997,3.7799971103668213,3.7799971103668213,0.0,608000.0,608000.0,608000.0,0.0
190,0.0,0.0,0.0,0.0,1.0,1.0,1.0,0.0,0.5106326,0.50978222489357,0.5126378983259201,0.0030194104,0.5106738,0.5098289251327515,0.5126774311065674,0.0030191785,1.0449566,1.0162293016910553,1.0690187513828278,0.03631709,0.090457045,0.08532406575977802,0.09633214399218559,0.0076257107,0.090457045,0.08532406575977802,0.09633214399218559,0.0076257107,1.0,1.0,1.0,0.0,4.1289586e-05,3.894661131198518e-05,4.3971305785817094e-05,3.480795e-06,0.00045645516,0.00045645516365766525,0.00045645516365766525,0.0,-27.620333,-28.162869930267334,-27.320189952850342,0.6698003,2.2989504,2.235749065876007,2.3518882989883423,0.07989922,0.76631683,0.7452496886253357,0.7839628010988235,0.026633075,0.13733335,0.1080000028014183,0.1420000083744526,0.051714838,0.0006666667,0.0,0.0,0.0023094013,0.15841706,0.142153549939394,0.170924860984087,0.020448906,3.779997,3.7799971103668213,3.7799971103668213,0.0,3.799997,3.799997091293335,3.799997091293335,0.0,611200.0,611200.0,611200.0,0.0
191,0.0,0.0,0.0,0.0,1.0,1.0,1.0,0.0,0.5106738,0.5098289251327515,0.5126774311065674,0.0030191785,0.5107152,0.5098714977502823,0.512717142701149,0.0030191499,1.0346838,1.0179612934589386,1.0512611865997314,0.02828562,0.09250531,0.0888666994869709,0.09595372527837753,0.0060934923,0.09250531,0.0888666994869709,0.09595372527837753,0.0060934923,1.0,1.0,1.0,0.0,4.1388426e-05,3.976044808950974e-05,4.2931301322823856e-05,2.7263306e-06,0.00044741677,0.00044741673627868295,0.00044741673627868295,0.0,-27.077929,-27.34581756591797,-26.83377170562744,0.4054171,2.27635,2.239559590816498,2.3128207325935364,0.062229615,0.75878334,0.7465198636054993,0.7709402590990067,0.020743208,0.16733335,0.15000000968575478,0.18400001525878906,0.028429605,0.0,0.0,0.0,0.0,0.16348094,0.1494704633951187,0.17812666669487953,0.01612698,3.799997,3.799997091293335,3.799997091293335,0.0,3.819997,3.8199970722198486,3.8199970722198486,0.0,614400.0,614400.0,614400.0,0.0
192,0.0,0.0,0.0,0.0,1.0,1.0,1.0,0.0,0.5107152,0.5098714977502823,0.512717142701149,0.0030191499,0.5107563,0.5099139660596848,0.5127570927143097,0.003019683,1.0293875,1.0185931622982025,1.0443995594978333,0.028328568,0.09364211,0.0902828797698021,0.09582237713038921,0.0062387595,0.09364211,0.0902828797698021,0.09582237713038921,0.0062387595,1.0,1.0,1.0,0.0,4.1067426e-05,3.959421701438259e-05,4.202360287308693e-05,2.7360536e-06,0.00043855733,0.00043855729745700955,0.00043855729745700955,0.0,-27.49225,-27.89702558517456,-27.07773780822754,0.6240819,2.2646978,2.2409497499465942,2.297724962234497,0.062324103,0.75489926,0.7469832897186279,0.765908345580101,0.0207747,0.156,0.1420000083744526,0.1680000126361847,0.026312806,0.0,0.0,0.0,0.0,0.15896676,0.14927515760064125,0.167068999260664,0.011831921,3.819997,3.8199970722198486,3.8199970722198486,0.0,3.839997,3.8399970531463623,3.8399970531463623,0.0,617600.0,617600.0,617600.0,0.0
193,0.0,0.0,0.0,0.0,1.0,1.0,1.0,0.0,0.5107563,0.5099139660596848,0.5127570927143097,0.003019683,0.5107955,0.5099543631076813,0.5127930641174316,0.003019386,1.0408682,1.0274132192134857,1.0543251037597656,0.023941882,0.091145195,0.08824825286865234,0.09389537945389748,0.0049899486,0.091145195,0.08824825286865234,0.09389537945389748,0.0049899486,1.0,1.0,1.0,0.0,3.9180886e-05,3.793556425080169e-05,4.036311474919785e-05,2.1450458e-06,0.00042987327,0.0004298732674214989,0.0004298732674214989,0.0,-27.555054,-27.954939365386963,-27.132301807403564,0.52563584,2.2899559,2.260354161262512,2.31956148147583,0.05267318,0.7633186,0.753451406955719,0.7731871753931046,0.017557729,0.16000001,0.14600000903010368,0.17600001394748688,0.027502067,0.0,0.0,0.0,0.0,0.15787777,0.14906392246484756,0.16551843285560608,0.02040249,3.839997,3.8399970531463623,3.8399970531463623,0.0,3.859997,3.859997034072876,3.859997034072876,0.0,620800.0,620800.0,620800.0,0.0
194,0.0,0.0,0.0,0.0,1.0,1.0,1.0,0.0,0.5107955,0.5099543631076813,0.5127930641174316,0.003019386,0.51083386,0.5099961459636688,0.5128376483917236,0.0030206833,1.0421594,1.0139813721179962,1.07286736369133,0.042886976,0.09116467,0.08455543592572212,0.09683232381939888,0.009327189,0.09116467,0.08455543592572212,0.09683232381939888,0.009327189,1.0,1.0,1.0,0.0,3.841326e-05,3.5628382647701073e-05,4.08013875130564e-05,3.9301162e-06,0.0004213612,0.00042136124102398753,0.00042136124102398753,0.0,-27.423246,-28.124459743499756,-26.910198211669922,1.0059909,2.2927966,2.2308035492897034,2.360355317592621,0.094353236,0.7642656,0.7436012178659439,0.7867851406335831,0.031451084,0.14400001,0.12600000575184822,0.1600000113248825,0.026859907,0.0,0.0,0.0,0.0,0.15717478,0.14862658455967903,0.1629420816898346,0.019163068,3.859997,3.859997034072876,3.859997034072876,0.0,3.879997,3.8799970149993896,3.8799970149993896,0.0,624000.0,624000.0,624000.0,0.0
195,0.0,0.0,0.0,0.0,1.0,1.0,1.0,0.0,0.51083386,0.5099961459636688,0.5128376483917236,0.0030206833,0.51086617,0.5100397318601608,0.5128772556781769,0.0030271858,1.0438347,1.0151512026786804,1.065997302532196,0.047352906,0.07823233,0.08590316586196423,0.09657461009919643,0.03719792,0.09089125,0.08590316586196423,0.09657461009919643,0.009871716,0.8333333,1.0,1.0,0.38924947,3.2311338e-05,3.5479528378346004e-05,3.988702337665018e-05,1.53634e-05,0.0004130177,0.0004130176967009902,0.0004130176967009902,0.0,-27.612474,-28.01985454559326,-27.14755392074585,1.0713141,2.2964823,2.2333772778511047,2.345240831375122,0.1041785,0.7654941,0.7444591075181961,0.781746968626976,0.034726165,0.13583334,0.11749999783933163,0.1524999924004078,0.02712206,0.0,0.0,0.0,0.0,0.16228972,0.14441746100783348,0.17367300391197205,0.029283212,3.879997,3.8799970149993896,3.8799970149993896,0.0,3.899997,3.8999969959259033,3.8999969959259033,0.0,627200.0,627200.0,627200.0,0.0
196,0.0,0.0,0.0,0.0,1.0,1.0,1.0,0.0,0.51086617,0.5100397318601608,0.5128772556781769,0.0030271858,0.5109045,0.5100769102573395,0.5129134505987167,0.003026122,1.0246434,1.0121124386787415,1.046140193939209,0.025599245,0.09463558,0.08992085047066212,0.09724953956902027,0.0056583723,0.09463558,0.08992085047066212,0.09724953956902027,0.0056583723,1.0,1.0,1.0,0.0,3.831222e-05,3.640350860223407e-05,3.9370451304421294e-05,2.2907323e-06,0.0004048395,0.0004048394621349871,0.0004048394621349871,0.0,-27.257196,-27.671741008758545,-26.706961154937744,0.6864049,2.2542605,2.2266919016838074,2.3015544414520264,0.056319445,0.7514202,0.7422306686639786,0.7671848386526108,0.018773152,0.15066667,0.1340000070631504,0.1640000119805336,0.028301409,0.0006666667,0.0,0.0,0.0023094013,0.15434901,0.14015035703778267,0.16945569589734077,0.017721364,3.899997,3.8999969959259033,3.8999969959259033,0.0,3.919997,3.919996976852417,3.919996976852417,0.0,630400.0,630400.0,630400.0,0.0
197,0.0,0.0,0.0,0.0,1.0,1.0,1.0,0.0,0.5109045,0.5100769102573395,0.5129134505987167,0.003026122,0.5109415,0.5101119726896286,0.512951135635376,0.0030257492,1.0305945,1.0136748850345612,1.0445539057254791,0.019026734,0.09327956,0.09025169722735882,0.09690036438405514,0.004070783,0.09327956,0.09025169722735882,0.09690036438405514,0.004070783,1.0,1.0,1.0,0.0,3.7015485e-05,3.581395958462963e-05,3.8452302760561e-05,1.6153799e-06,0.00039682313,0.0003968231030739844,0.0003968231030739844,0.0,-27.342936,-27.68446636199951,-26.95208168029785,0.5738564,2.2673533,2.2301292419433594,2.2980645895004272,0.04185969,0.75578445,0.7433764487504959,0.7660215497016907,0.013953237,0.15,0.12600000575184822,0.17600001394748688,0.029369125,0.0006666667,0.0,0.0,0.0023094013,0.15906505,0.13721105083823204,0.17594772949814796,0.026228247,3.919997,3.919996976852417,3.919996976852417,0.0,3.939997,3.9399969577789307,3.9399969577789307,0.0,633600.0,633600.0,633600.0,0.0
198,0.0,0.0,0.0,0.0,1.0,1.0,1.0,0.0,0.5109415,0.5101119726896286,0.512951135635376,0.0030257492,0.51097804,0.5101499259471893,0.5129865854978561,0.0030249264,1.027547,1.0137014389038086,1.0523079931735992,0.0279153,0.09403326,0.0886527132242918,0.09689872153103352,0.006116419,0.09403326,0.0886527132242918,0.09689872153103352,0.006116419,1.0,1.0,1.0,0.0,3.657569e-05,3.4482841329008806e-05,3.769025352085009e-05,2.379076e-06,0.00038896545,0.0003889654472004622,0.0003889654472004622,0.0,-27.086052,-27.752795219421387,-26.31942653656006,0.7638938,2.2606487,2.2301875948905945,2.3151238560676575,0.061414897,0.7535496,0.7433958649635315,0.7717079520225525,0.020471632,0.15933333,0.12000000476837158,0.20000000298023224,0.04347901,0.0006666667,0.0,0.0,0.0023094013,0.15013772,0.136218823492527,0.1557934433221817,0.023742562,3.939997,3.9399969577789307,3.9399969577789307,0.0,3.959997,3.9599969387054443,3.9599969387054443,0.0,636800.0,636800.0,636800.0,0.0
199,0.0,0.0,0.0,0.0,1.0,1.0,1.0,0.0,0.51097804,0.5101499259471893,0.5129865854978561,0.0030249264,0.51101476,0.5101843625307083,0.5130291134119034,0.0030254987,1.0176395,0.9921554327011108,1.0476637184619904,0.035979126,0.09632901,0.08960585668683052,0.10182329453527927,0.008252189,0.09632901,0.08960585668683052,0.10182329453527927,0.008252189,1.0,1.0,1.0,0.0,3.672673e-05,3.416343588469317e-05,3.882149849232519e-05,3.1462575e-06,0.00038126344,0.00038126343861222267,0.00038126343861222267,0.0,-27.268417,-27.58846378326416,-27.03819704055786,0.66155994,2.2388518,2.1827855110168457,2.304906129837036,0.07915566,0.74628395,0.727595180273056,0.7683020532131195,0.026385227,0.18400002,0.15800001099705696,0.22600000724196434,0.038743913,0.0006666667,0.0,0.0,0.0023094013,0.1547318,0.14323651045560837,0.16718658059835434,0.025025105,3.959997,3.9599969387054443,3.9599969387054443,0.0,3.979997,3.979996919631958,3.979996919631958,0.0,640000.0,640000.0,640000.0,0.0
200,0.0,0.0,0.0,0.0,1.0,1.0,1.0,0.0,0.51101476,0.5101843625307083,0.5130291134119034,0.0030254987,0.5110509,0.5102231502532959,0.5130654573440552,0.0030262559,1.0168465,0.9860478490591049,1.042641133069992,0.03376682,0.09645894,0.09065064415335655,0.10326496697962284,0.0073674,0.09645894,0.09065064415335655,0.10326496697962284,0.0073674,1.0,1.0,1.0,0.0,3.604805e-05,3.3877408895932604e-05,3.859155640384415e-05,2.7533e-06,0.00037371393,0.0003737139340955764,0.0003737139340955764,0.0,-26.99562,-27.30759572982788,-26.648690223693848,0.6970985,2.237107,2.1693485379219055,2.293856382369995,0.074288495,0.74570245,0.7231162041425705,0.7646187990903854,0.024762824,0.15266667,0.12000000476837158,0.18400001525878906,0.040714826,0.0,0.0,0.0,0.0,0.15276326,0.13593024760484695,0.15777181088924408,0.021386743,3.979997,3.979996919631958,3.979996919631958,0.0,3.999997,3.9999969005584717,3.9999969005584717,0.0,643200.0,643200.0,643200.0,0.0
201,0.0,0.0,0.0,0.0,1.0,1.0,1.0,0.0,0.5110509,0.5102231502532959,0.5130654573440552,0.0030262559,0.5110828,0.5102599412202835,0.5130988657474518,0.0030319788,1.0288848,1.008938729763031,1.0424094498157501,0.032367457,0.087247066,0.09069658257067204,0.09796289540827274,0.027903795,0.09379979,0.09069658257067204,0.09796289540827274,0.006820677,0.9166667,1.0,1.0,0.28867513,3.1959815e-05,3.322342035971815e-05,3.588516938179964e-05,1.0221548e-05,0.00036631394,0.0003663139068521559,0.0003663139068521559,0.0,-27.290497,-27.537720203399658,-26.801215171813965,0.7190448,2.2635915,2.2197094559669495,2.293346583843231,0.07120985,0.7545305,0.7399031519889832,0.764448881149292,0.023736615,0.15733334,0.14000000804662704,0.17800001427531242,0.023959564,0.0,0.0,0.0,0.0,0.15652612,0.14356794580817223,0.1688157133758068,0.016187306,3.999997,3.9999969005584717,3.9999969005584717,0.0,4.019997,4.0199971199035645,4.0199971199035645,0.0,646400.0,646400.0,646400.0,0.0
202,0.0,0.0,0.0,0.0,1.0,1.0,1.0,0.0,0.5110828,0.5102599412202835,0.5130988657474518,0.0030319788,0.5111169,0.5102923810482025,0.5131335556507111,0.003031934,1.0228896,1.0129297077655792,1.0323914885520935,0.024501698,0.09500388,0.09281354211270809,0.09706922061741352,0.005332062,0.09500388,0.09281354211270809,0.09706922061741352,0.005332062,1.0,1.0,1.0,0.0,3.411213e-05,3.332566484459676e-05,3.485371053102426e-05,1.9145316e-06,0.00035906036,0.0003590603591874242,0.0003590603591874242,0.0,-27.239197,-27.48536491394043,-26.87302303314209,0.47081274,2.250402,2.2284897565841675,2.2713067531585693,0.05390483,0.750134,0.7428299337625504,0.7571022808551788,0.017968273,0.15533334,0.14000000804662704,0.1680000126361847,0.029435087,0.0,0.0,0.0,0.0,0.15716244,0.1416640430688858,0.16618813574314117,0.019369546,4.019997,4.0199971199035645,4.0199971199035645,0.0,4.039997,4.039997100830078,4.039997100830078,0.0,649600.0,649600.0,649600.0,0.0
203,0.0,0.0,0.0,0.0,1.0,1.0,1.0,0.0,0.5111169,0.5102923810482025,0.5131335556507111,0.003031934,0.51114947,0.5103246420621872,0.5131694376468658,0.0030334669,1.0355,1.0113072097301483,1.0560437738895416,0.03178449,0.09237671,0.08791412971913815,0.09743046015501022,0.006728505,0.09237671,0.08791412971913815,0.09743046015501022,0.006728505,1.0,1.0,1.0,0.0,3.2512024e-05,3.094141993642552e-05,3.429069693083875e-05,2.3681005e-06,0.00035195044,0.0003519504680298269,0.0003519504680298269,0.0,-26.979202,-27.602778434753418,-26.53591775894165,0.83822006,2.2781456,2.224920332431793,2.323342740535736,0.06992729,0.75938195,0.7416401505470276,0.7744475901126862,0.023309104,0.15133335,0.13200000673532486,0.1680000126361847,0.034528863,0.0,0.0,0.0,0.0,0.15773048,0.14610381424427032,0.1711849309504032,0.015050283,4.039997,4.039997100830078,4.039997100830078,0.0,4.059997,4.059997081756592,4.059997081756592,0.0,652800.0,652800.0,652800.0,0.0
204,0.0,0.0,0.0,0.0,1.0,1.0,1.0,0.0,0.51114947,0.5103246420621872,0.5131694376468658,0.0030334669,0.51118094,0.5103546231985092,0.5131998509168625,0.0030336692,1.0411679,1.0271833539009094,1.0607410073280334,0.032044724,0.09118826,0.08694788999855518,0.09393377974629402,0.00694739,0.09118826,0.08694788999855518,0.09393377974629402,0.00694739,1.0,1.0,1.0,0.0,3.1458254e-05,2.9995402655913495e-05,3.2405405363533646e-05,2.3967202e-06,0.00034498135,0.00034498138120397925,0.00034498138120397925,0.0,-27.54754,-28.213975429534912,-26.6304931640625,0.9335136,2.2906153,2.259848475456238,2.333676815032959,0.07049981,0.7635384,0.7532828450202942,0.7778922766447067,0.023499934,0.13333334,0.12000000476837158,0.14400000870227814,0.01750498,0.0,0.0,0.0,0.0,0.154629,0.14823707193136215,0.1604047641158104,0.011708448,4.059997,4.059997081756592,4.059997081756592,0.0,4.079997,4.0799970626831055,4.0799970626831055,0.0,656000.0,656000.0,656000.0,0.0
205,0.0,0.0,0.0,0.0,1.0,1.0,1.0,0.0,0.51118094,0.5103546231985092,0.5131998509168625,0.0030336692,0.5112123,0.510387048125267,0.5132304131984711,0.0030332725,1.0341493,1.018216222524643,1.0559128820896149,0.03350447,0.092689686,0.08794494159519672,0.09589899145066738,0.0071181743,0.092689686,0.08794494159519672,0.09589899145066738,0.0071181743,1.0,1.0,1.0,0.0,3.1343046e-05,2.9738609555352014e-05,3.242827187932562e-05,2.4070123e-06,0.0003381503,0.00033815030474215746,0.00033815030474215746,0.0,-27.406954,-27.795250415802002,-26.96577215194702,0.73115593,2.275174,2.2401204705238342,2.3230547308921814,0.07371129,0.7583913,0.7467068284749985,0.7743515968322754,0.024570435,0.158,0.11600000411272049,0.20200000330805779,0.047893822,0.0006666667,0.0,0.0,0.0023094013,0.15158848,0.1380038820207119,0.16140644252300262,0.017661927,4.079997,4.0799970626831055,4.0799970626831055,0.0,4.099997,4.099997043609619,4.099997043609619,0.0,659200.0,659200.0,659200.0,0.0
206,0.0,0.0,0.0,0.0,1.0,1.0,1.0,0.0,0.5112123,0.510387048125267,0.5132304131984711,0.0030332725,0.5112438,0.5104162395000458,0.5132618546485901,0.0030337784,1.0224121,1.0030236840248108,1.0386781692504883,0.033109706,0.0952239,0.09147961623966694,0.09931253083050251,0.00727551,0.0952239,0.09147961623966694,0.09931253083050251,0.00727551,1.0,1.0,1.0,0.0,3.156239e-05,3.0321330996230245e-05,3.291758639534237e-05,2.4115009e-06,0.00033145453,0.00033145450288429856,0.00033145450288429856,0.0,-27.215849,-27.55496311187744,-26.848833560943604,0.59262323,2.2493513,2.2066961526870728,2.2851375341415405,0.07284277,0.7497838,0.7355654239654541,0.761712521314621,0.024280917,0.14133334,0.11800000444054604,0.15400001034140587,0.032241516,0.0006666667,0.0,0.0,0.0023094013,0.15994945,0.14580821618437767,0.1700352057814598,0.020119855,4.099997,4.099997043609619,4.099997043609619,0.0,4.119997,4.119997024536133,4.119997024536133,0.0,662400.0,662400.0,662400.0,0.0
207,0.0,0.0,0.0,0.0,1.0,1.0,1.0,0.0,0.5112438,0.5104162395000458,0.5132618546485901,0.0030337784,0.51127464,0.510446310043335,0.5132936537265778,0.0030350606,1.0242039,1.004373848438263,1.039636343717575,0.02594172,0.09473356,0.09127830900251865,0.09899797290563583,0.0056300694,0.09473356,0.09127830900251865,0.09899797290563583,0.0056300694,1.0,1.0,1.0,0.0,3.0778105e-05,2.9655525395355653e-05,3.216357708879514e-05,1.82916e-06,0.00032489127,0.0003248912689741701,0.0003248912689741701,0.0,-27.349342,-27.790462493896484,-26.698925018310547,0.79123175,2.2532933,2.209666669368744,2.2872456312179565,0.05707291,0.75109786,0.7365555614233017,0.7624152153730392,0.019024309,0.15333334,0.12000000476837158,0.19200000166893005,0.037497476,0.0,0.0,0.0,0.0,0.15754718,0.14810976013541222,0.1656280905008316,0.01460744,4.119997,4.119997024536133,4.119997024536133,0.0,4.139997,4.1399970054626465,4.1399970054626465,0.0,665600.0,665600.0,665600.0,0.0
208,0.0,0.0,0.0,0.0,1.0,1.0,1.0,0.0,0.51127464,0.510446310043335,0.5132936537265778,0.0030350606,0.51130396,0.5104773640632629,0.5133219212293625,0.003033855,1.0357566,1.0112102031707764,1.0562770366668701,0.030578772,0.09230542,0.08785194344818592,0.09745718911290169,0.0064704916,0.09230542,0.08785194344818592,0.09745718911290169,0.0064704916,1.0,1.0,1.0,0.0,2.93954e-05,2.7977155696135014e-05,3.1036023756314535e-05,2.06058e-06,0.000318458,0.0003184580127708614,0.0003184580127708614,0.0,-27.462828,-27.735753059387207,-27.065041065216064,0.7752343,2.2787101,2.2247068881988525,2.323855996131897,0.06727466,0.75957006,0.741568997502327,0.7746186703443527,0.022424888,0.16083333,0.13250000029802322,0.1824999935925007,0.04187825,0.0,0.0,0.0,0.0,0.15483354,0.14028791338205338,0.16484877467155457,0.01990309,4.139997,4.1399970054626465,4.1399970054626465,0.0,4.159997,4.15999698638916,4.15999698638916,0.0,668800.0,668800.0,668800.0,0.0
209,0.0,0.0,0.0,0.0,1.0,1.0,1.0,0.0,0.51130396,0.5104773640632629,0.5133219212293625,0.003033855,0.5113329,0.5105060935020447,0.5133498013019562,0.0030340683,1.0341809,1.0242626070976257,1.0483896136283875,0.025302876,0.092576146,0.08946243673563004,0.09456724673509598,0.005448057,0.092576146,0.08946243673563004,0.09456724673509598,0.005448057,1.0,1.0,1.0,0.0,2.8897839e-05,2.7925886570301373e-05,2.9519363579311175e-05,1.7006221e-06,0.0003121521,0.0003121520858258009,0.0003121520858258009,0.0,-27.56605,-28.051358222961426,-27.124666213989258,0.70003086,2.2752433,2.2534226775169373,2.3065032362937927,0.055667445,0.75841445,0.7511409223079681,0.7688344269990921,0.018555818,0.17266667,0.15800001099705696,0.20000000298023224,0.029632086,0.0006666667,0.0,0.0,0.0023094013,0.1681624,0.1417243294417858,0.19548537209630013,0.030394085,4.159997,4.15999698638916,4.15999698638916,0.0,4.179997,4.179996967315674,4.179996967315674,0.0,672000.0,672000.0,672000.0,0.0
210,0.0,0.0,0.0,0.0,1.0,1.0,1.0,0.0,0.5113329,0.5105060935020447,0.5133498013019562,0.0030340683,0.5113579,0.5105332732200623,0.5133768022060394,0.003030207,1.0562698,1.0474887192249298,1.0764654874801636,0.033099737,0.08174599,0.08385656028985977,0.08964233659207821,0.026344677,0.08808277,0.08385656028985977,0.08964233659207821,0.006760449,0.9166667,1.0,1.0,0.28867513,2.501191e-05,2.5657681817392586e-05,2.742796186794294e-05,8.06071e-06,0.00030597107,0.0003059710725210607,0.0003059710725210607,0.0,-28.045645,-28.451566219329834,-27.71137809753418,0.68508595,2.3238397,2.3045212626457214,2.3682713508605957,0.07282092,0.7746132,0.7681737542152405,0.7894238084554672,0.024273643,0.14533333,0.12600000575184822,0.15400001034140587,0.026386406,0.0006666667,0.0,0.0,0.0023094013,0.16573426,0.157803263515234,0.16987194493412971,0.015080127,4.179997,4.179996967315674,4.179996967315674,0.0,4.199997,4.1999969482421875,4.1999969482421875,0.0,675200.0,675200.0,675200.0,0.0
211,0.0,0.0,0.0,0.0,1.0,1.0,1.0,0.0,0.5113579,0.5105332732200623,0.5133768022060394,0.003030207,0.5113856,0.5105618387460709,0.5134065598249435,0.0030301057,1.0354592,1.007771611213684,1.056324690580368,0.03487121,0.092432685,0.08783699385821819,0.09822909906506538,0.0074365335,0.092432685,0.08783699385821819,0.09822909906506538,0.0074365335,1.0,1.0,1.0,0.0,2.7721717e-05,2.6343409899709513e-05,2.946013137261616e-05,2.230309e-06,0.00029991247,0.00029991246992722154,0.00029991246992722154,0.0,-27.289747,-27.87583827972412,-26.540866374969482,0.82733727,2.278056,2.217141807079315,2.323960781097412,0.076718196,0.75935197,0.7390472739934921,0.7746536284685135,0.025572728,0.14333333,0.12000000476837158,0.15800001099705696,0.027808873,0.0,0.0,0.0,0.0,0.15829912,0.1435648836195469,0.16623985022306442,0.018392062,4.199997,4.1999969482421875,4.1999969482421875,0.0,4.219997,4.219996929168701,4.219996929168701,0.0,678400.0,678400.0,678400.0,0.0
212,0.0,0.0,0.0,0.0,1.0,1.0,1.0,0.0,0.5113856,0.5105618387460709,0.5134065598249435,0.0030301057,0.51141346,0.5105887651443481,0.5134351849555969,0.0030293653,1.0249062,1.0031739473342896,1.0380581319332123,0.026797332,0.09458911,0.09161348827183247,0.09927445463836193,0.0057168487,0.09458911,0.09161348827183247,0.09927445463836193,0.0057168487,1.0,1.0,1.0,0.0,2.7806718e-05,2.6931965294352267e-05,2.9184088361944305e-05,1.6806034e-06,0.0002939738,0.00029397380421869457,0.00029397380421869457,0.0,-27.097296,-27.284316062927246,-26.895037174224854,0.34135216,2.2548385,2.207026720046997,2.2837734818458557,0.0589553,0.75161284,0.7356756031513214,0.7612578570842743,0.01965176,0.14800002,0.12400000542402267,0.18400001525878906,0.03453589,0.0,0.0,0.0,0.0,0.15151156,0.13496867939829826,0.16517052426934242,0.021521783,4.219997,4.219996929168701,4.219996929168701,0.0,4.239997,4.239996910095215,4.239996910095215,0.0,681600.0,681600.0,681600.0,0.0
213,0.0,0.0,0.0,0.0,1.0,1.0,1.0,0.0,0.51141346,0.5105887651443481,0.5134351849555969,0.0030293653,0.5114332,0.5106071829795837,0.5134638398885727,0.0030308422,1.0588585,1.035901665687561,1.0993999242782593,0.044665564,0.06859211,0.060179851949214935,0.09206625632941723,0.04181,0.08775109,0.07955168560147285,0.09206625632941723,0.009070394,0.75,0.75,1.0,0.45226702,1.9765002e-05,1.7340988506475696e-05,2.6529142360232072e-05,1.2047665e-05,0.00028815272,0.0002881527179852128,0.0002881527179852128,0.0,-27.974052,-28.304314613342285,-27.344130992889404,0.97132754,2.3295352,2.279029130935669,2.4187281131744385,0.09826622,0.7765117,0.7596763968467712,0.8062427043914795,0.0327554,0.13666667,0.12800000607967377,0.15200001001358032,0.022487711,0.0006666667,0.0,0.0,0.0023094013,0.16988416,0.1545446813106537,0.18655387684702873,0.021825898,4.239997,4.239996910095215,4.239996910095215,0.0,4.259997,4.2599968910217285,4.2599968910217285,0.0,684800.0,684800.0,684800.0,0.0
214,0.0,0.0,0.0,0.0,1.0,1.0,1.0,0.0,0.5114332,0.5106071829795837,0.5134638398885727,0.0030308422,0.5114594,0.5106346309185028,0.5134910345077515,0.00303077,1.0325929,1.0136208534240723,1.0497952997684479,0.02217743,0.092880465,0.0891671646386385,0.09691260196268559,0.0047198213,0.092880465,0.0891671646386385,0.09691260196268559,0.0047198213,1.0,1.0,1.0,0.0,2.62338e-05,2.5184991045534844e-05,2.7372665044822497e-05,1.3330988e-06,0.0002824469,0.00028244691202417016,0.00028244691202417016,0.0,-27.562378,-27.774298191070557,-27.459293365478516,0.36930606,2.2717497,2.2300103306770325,2.309595823287964,0.04879131,0.75725,0.7433367818593979,0.7698653042316437,0.016263783,0.154,0.1420000083744526,0.1680000126361847,0.022659536,0.0,0.0,0.0,0.0,0.15905455,0.13959695771336555,0.167997844517231,0.025545198,4.259997,4.2599968910217285,4.2599968910217285,0.0,4.279997,4.279996871948242,4.279996871948242,0.0,688000.0,688000.0,688000.0,0.0
215,0.0,0.0,0.0,0.0,1.0,1.0,1.0,0.0,0.5114594,0.5106346309185028,0.5134910345077515,0.00303077,0.5114859,0.51065993309021,0.5135177820920944,0.0030314997,1.0204009,0.9981714487075806,1.0441981256008148,0.030577932,0.09562585,0.09033953957259655,0.10042916424572468,0.006625142,0.09562585,0.09033953957259655,0.10042916424572468,0.006625142,1.0,1.0,1.0,0.0,2.6474409e-05,2.5010873287101276e-05,2.7804227102024015e-05,1.8341979e-06,0.00027685412,0.000276854116236791,0.000276854116236791,0.0,-27.19473,-27.46696662902832,-26.739373207092285,0.59042746,2.2449267,2.19602108001709,2.297281801700592,0.06727279,0.7483089,0.7320070266723633,0.765760600566864,0.02242426,0.16866668,0.14800000935792923,0.20000000298023224,0.03617466,0.0,0.0,0.0,0.0,0.1522995,0.13826560229063034,0.1652584783732891,0.018128918,4.279997,4.279996871948242,4.279996871948242,0.0,4.299997,4.299996852874756,4.299996852874756,0.0,691200.0,691200.0,691200.0,0.0
216,0.0,0.0,0.0,0.0,1.0,1.0,1.0,0.0,0.5114859,0.51065993309021,0.5135177820920944,0.0030314997,0.5115116,0.5106848627328873,0.5135460495948792,0.003031316,1.0243678,0.9886084049940109,1.0536792576313019,0.037304167,0.09486122,0.08837404474616051,0.10266052186489105,0.008050937,0.09486122,0.08837404474616051,0.10266052186489105,0.008050937,1.0,1.0,1.0,0.0,2.5742682e-05,2.3982243874343112e-05,2.7859195142809767e-05,2.1847993e-06,0.00027137203,0.0002713720314204693,0.0002713720314204693,0.0,-27.072008,-27.54818296432495,-26.63318967819214,0.5933542,2.253654,2.174981951713562,2.3181405663490295,0.08207081,0.751218,0.7249939888715744,0.7727135419845581,0.027356934,0.15066667,0.12800000607967377,0.1600000113248825,0.036871605,0.0,0.0,0.0,0.0,0.15162732,0.1422974094748497,0.15665749832987785,0.022932857,4.299997,4.299996852874756,4.299996852874756,0.0,4.319997,4.3199968338012695,4.3199968338012695,0.0,694400.0,694400.0,694400.0,0.0
217,0.0,0.0,0.0,0.0,1.0,1.0,1.0,0.0,0.5115116,0.5106848627328873,0.5135460495948792,0.003031316,0.5115369,0.510711744427681,0.5135699361562729,0.003030587,1.0235006,0.9969877004623413,1.0443676114082336,0.027452443,0.094905,0.09028862230479717,0.10069614090025425,0.00593614,0.094905,0.09028862230479717,0.10069614090025425,0.00593614,1.0,1.0,1.0,0.0,2.524459e-05,2.401663914497476e-05,2.6785023237607675e-05,1.5790042e-06,0.0002659985,0.00026599850389175117,0.00026599850389175117,0.0,-27.178045,-27.571433544158936,-26.73185682296753,0.62988275,2.2517464,2.1934167742729187,2.297654688358307,0.060396597,0.75058216,0.7311389446258545,0.7658849358558655,0.020132203,0.15666668,0.12000000476837158,0.1860000118613243,0.04595123,0.0,0.0,0.0,0.0,0.14654209,0.13698320090770721,0.158227376639843,0.020682199,4.319997,4.3199968338012695,4.3199968338012695,0.0,4.339997,4.339996814727783,4.339996814727783,0.0,697600.0,697600.0,697600.0,0.0
218,0.0,0.0,0.0,0.0,1.0,1.0,1.0,0.0,0.5115369,0.510711744427681,0.5135699361562729,0.003030587,0.5115612,0.5107358545064926,0.5135962665081024,0.0030308038,1.0311946,1.0152307748794556,1.0559711456298828,0.03380813,0.09332799,0.08790809661149979,0.09656227566301823,0.0072736624,0.09332799,0.08790809661149979,0.09656227566301823,0.0072736624,1.0,1.0,1.0,0.0,2.4333538e-05,2.2920402443560306e-05,2.517681787139736e-05,1.8964721e-06,0.0002607314,0.00026073140907101333,0.00026073140907101333,0.0,-27.374846,-27.63284683227539,-26.862465381622314,0.7895199,2.2686734,2.2335522174835205,2.3231829404830933,0.07437937,0.75622445,0.74451744556427,0.7743943482637405,0.024793128,0.15733334,0.14400000870227814,0.17600001394748688,0.019396972,0.0,0.0,0.0,0.0,0.15491332,0.13617165386676788,0.17522568628191948,0.026371665,4.339997,4.339996814727783,4.339996814727783,0.0,4.359997,4.359996795654297,4.359996795654297,0.0,700800.0,700800.0,700800.0,0.0
219,0.0,0.0,0.0,0.0,1.0,1.0,1.0,0.0,0.5115612,0.5107358545064926,0.5135962665081024,0.0030308038,0.5115847,0.5107620656490326,0.5136198997497559,0.003030887,1.0373319,1.0231444835662842,1.0547080039978027,0.027657056,0.09193629,0.08816511556506157,0.09481360204517841,0.0059851133,0.09193629,0.08816511556506157,0.09481360204517841,0.0059851133,1.0,1.0,1.0,0.0,2.3496024e-05,2.2532232378580375e-05,2.423137584628421e-05,1.5296068e-06,0.00025556856,0.0002555685641709715,0.0002555685641709715,0.0,-27.444025,-28.106531143188477,-27.21873664855957,0.77607983,2.282176,2.250962734222412,2.3204038739204407,0.06084673,0.7607253,0.7503209263086319,0.7734679579734802,0.02028224,0.15200001,0.1340000070631504,0.17000001296401024,0.025067184,0.0,0.0,0.0,0.0,0.16450211,0.15422514453530312,0.18026220798492432,0.015578273,4.359997,4.359996795654297,4.359996795654297,0.0,4.379997,4.3799967765808105,4.3799967765808105,0.0,704000.0,704000.0,704000.0,0.0
220,0.0,0.0,0.0,0.0,1.0,1.0,1.0,0.0,0.5115847,0.5107620656490326,0.5136198997497559,0.003030887,0.51160806,0.510783240199089,0.513643741607666,0.0030302817,1.033096,1.0134625285863876,1.0580207109451294,0.04050412,0.09303867,0.08749941363930702,0.09696508012712002,0.0089025125,0.09303867,0.08749941363930702,0.09696508012712002,0.0089025125,1.0,1.0,1.0,0.0,2.330693e-05,2.1919302525930107e-05,2.4290528017445467e-05,2.2301506e-06,0.000250508,0.00025050799013115466,0.00025050799013115466,0.0,-27.39302,-28.1178240776062,-26.899536609649658,0.8251791,2.2728565,2.2296621203422546,2.327691972255707,0.089110866,0.75761884,0.743220716714859,0.7758973240852356,0.029703613,0.16400002,0.1340000070631504,0.17600001394748688,0.031908963,0.0,0.0,0.0,0.0,0.16399284,0.14223628863692284,0.17950761690735817,0.023719179,4.379997,4.3799967765808105,4.3799967765808105,0.0,4.3999968,4.399996757507324,4.399996757507324,0.0,707200.0,707200.0,707200.0,0.0
221,0.0,0.0,0.0,0.0,1.0,1.0,1.0,0.0,0.51160806,0.510783240199089,0.513643741607666,0.0030302817,0.5116269,0.5108045637607574,0.5136676132678986,0.0030328666,1.0509654,1.0194247961044312,1.089688092470169,0.04814912,0.076702006,0.08134560286998749,0.09562586061656475,0.03666596,0.08942901,0.08134560286998749,0.09562586061656475,0.00990298,0.8333333,1.0,1.0,0.38924947,1.8833993e-05,1.9974217138951644e-05,2.3480699383071624e-05,9.003238e-06,0.0002455476,0.0002455475914757699,0.0002455475914757699,0.0,-27.67428,-28.166639804840088,-26.566153526306152,1.0705172,2.31217,2.242779314517975,2.3973615765571594,0.10593019,0.77072334,0.7475931346416473,0.7991205602884293,0.035310064,0.1325,0.11499999649822712,0.1524999924004078,0.025980763,0.0,0.0,0.0,0.0,0.15439767,0.13389063253998756,0.17279408127069473,0.025630808,4.3999968,4.399996757507324,4.399996757507324,0.0,4.4199967,4.419996738433838,4.419996738433838,0.0,710400.0,710400.0,710400.0,0.0
222,0.0,0.0,0.0,0.0,1.0,1.0,1.0,0.0,0.5116269,0.5108045637607574,0.5136676132678986,0.0030328666,0.5116491,0.5108262300491333,0.5136907547712326,0.0030324599,1.0359627,1.0076062381267548,1.065333366394043,0.033502627,0.09230385,0.08603489398956299,0.09826738387346268,0.007101797,0.09230385,0.08603489398956299,0.09826738387346268,0.007101797,1.0,1.0,1.0,0.0,2.2216193e-05,2.0707345811388223e-05,2.365152795391623e-05,1.7092992e-06,0.00024068543,0.0002406854328000918,0.0002406854328000918,0.0,-27.436058,-27.68821620941162,-27.04753828048706,0.65713966,2.2791634,2.2167779207229614,2.343780219554901,0.073707245,0.7597211,0.7389259785413742,0.7812601029872894,0.024569081,0.16266668,0.1340000070631504,0.20000000298023224,0.043328203,0.0,0.0,0.0,0.0,0.1557898,0.15010139346122742,0.17013807222247124,0.015136318,4.4199967,4.419996738433838,4.419996738433838,0.0,4.4399967,4.439996719360352,4.439996719360352,0.0,713600.0,713600.0,713600.0,0.0
223,0.0,0.0,0.0,0.0,1.0,1.0,1.0,0.0,0.5116491,0.5108262300491333,0.5136907547712326,0.0030324599,0.511671,0.5108492374420166,0.5137138068675995,0.0030331986,1.0338594,1.0076414346694946,1.0561776161193848,0.030744633,0.092713356,0.08787656761705875,0.09825976938009262,0.006604042,0.092713356,0.08787656761705875,0.09825976938009262,0.006604042,1.0,1.0,1.0,0.0,2.1872895e-05,2.0731799850182142e-05,2.3181400592875434e-05,1.5580225e-06,0.00023591955,0.0002359195495955646,0.0002359195495955646,0.0,-27.399824,-27.9119291305542,-27.21773099899292,0.6423126,2.2745361,2.216855466365814,2.323637068271637,0.06763954,0.7581787,0.7389518469572067,0.7745456993579865,0.022546504,0.14733334,0.12000000476837158,0.18000001087784767,0.038812682,0.0006666667,0.0,0.0,0.0023094013,0.16319439,0.15580559521913528,0.17485801503062248,0.015922137,4.4399967,4.439996719360352,4.439996719360352,0.0,4.4599967,4.459996700286865,4.459996700286865,0.0,716800.0,716800.0,716800.0,0.0
224,0.0,0.0,0.0,0.0,1.0,1.0,1.0,0.0,0.511671,0.5108492374420166,0.5137138068675995,0.0030331986,0.5116907,0.5108690857887268,0.5137186944484711,0.0030320813,1.0400485,1.0177094340324402,1.066313773393631,0.040534444,0.08510455,0.08584277145564556,0.09601387195289135,0.027802859,0.09155785,0.08584277145564556,0.09601387195289135,0.008629824,0.9166667,1.0,1.0,0.28867513,1.9680256e-05,1.9850971511914395e-05,2.220301803390612e-05,6.429356e-06,0.00023124802,0.00023124802100937814,0.00023124802100937814,0.0,-27.273954,-27.616156101226807,-26.592138290405273,0.9488472,2.2881522,2.239005446434021,2.345937192440033,0.089177564,0.7627175,0.7463351786136627,0.7819790989160538,0.029725851,0.14733334,0.1340000070631504,0.1600000113248825,0.017211698,0.0,0.0,0.0,0.0,0.16306823,0.147611316293478,0.17918604984879494,0.020220531,4.4599967,4.459996700286865,4.459996700286865,0.0,4.4799967,4.479996681213379,4.479996681213379,0.0,720000.0,720000.0,720000.0,0.0
225,0.0,0.0,0.0,0.0,1.0,1.0,1.0,0.0,0.5116907,0.5108690857887268,0.5137186944484711,0.0030320813,0.5117104,0.5108896344900131,0.5137427300214767,0.0030322818,1.0299591,1.0068068355321884,1.0729635655879974,0.046061467,0.08722258,0.08453512005507946,0.09847073443233967,0.028841553,0.09381602,0.08453512005507946,0.09847073443233967,0.009937793,0.9166667,1.0,1.0,0.28867513,1.9770656e-05,1.9161492673447356e-05,2.2320263724395772e-05,6.537486e-06,0.00022666901,0.00022666901350021362,0.00022666901350021362,0.0,-27.296715,-27.700663089752197,-26.73754358291626,0.95688325,2.2659552,2.2150192260742188,2.3605669736862183,0.101337224,0.7553184,0.738339751958847,0.7868556827306747,0.033779066,0.15666668,0.13600000739097595,0.15600001066923141,0.046077672,0.0006666667,0.0,0.0,0.0023094013,0.15717229,0.1478860042989254,0.17062699422240257,0.01565089,4.4799967,4.479996681213379,4.479996681213379,0.0,4.4999967,4.499996662139893,4.499996662139893,0.0,723200.0,723200.0,723200.0,0.0
226,0.0,0.0,0.0,0.0,1.0,1.0,1.0,0.0,0.5117104,0.5108896344900131,0.5137427300214767,0.0030322818,0.5117313,0.5109091550111771,0.5137636363506317,0.0030320392,1.0269774,1.0047628581523895,1.040012925863266,0.028088095,0.09415602,0.09120019897818565,0.09891078807413578,0.006014359,0.09415602,0.09120019897818565,0.09891078807413578,0.006014359,1.0,1.0,1.0,0.0,2.0919646e-05,2.026292122536688e-05,2.1976064999762457e-05,1.3362742e-06,0.00022218066,0.00022218066442292184,0.00022218066442292184,0.0,-27.459482,-27.97451162338257,-26.91993284225464,0.59546924,2.2593956,2.210522472858429,2.288074016571045,0.06179503,0.75313187,0.7368408292531967,0.7626913487911224,0.02059835,0.16266668,0.1420000083744526,0.17600001394748688,0.026275925,0.0,0.0,0.0,0.0,0.15755747,0.1473168097436428,0.1737731620669365,0.020101396,4.4999967,4.499996662139893,4.499996662139893,0.0,4.5199966,4.519996643066406,4.519996643066406,0.0,726400.0,726400.0,726400.0,0.0
227,0.0,0.0,0.0,0.0,1.0,1.0,1.0,0.0,0.5117313,0.5109091550111771,0.5137636363506317,0.0030320392,0.51174957,0.5109280496835709,0.5137839764356613,0.003032611,1.0464858,1.024415910243988,1.0679357051849365,0.03568824,0.083785735,0.08553656749427319,0.09453326277434826,0.026984537,0.0901221,0.08553656749427319,0.09453326277434826,0.0071860002,0.9166667,1.0,1.0,0.28867513,1.8246958e-05,1.862825638454524e-05,2.058756672340678e-05,5.876725e-06,0.00021778121,0.00021778119844384491,0.00021778119844384491,0.0,-27.59088,-27.83460760116577,-27.10766887664795,0.8327015,2.3023145,2.253760039806366,2.3495055437088013,0.07851571,0.7674382,0.7512533813714981,0.7831685394048691,0.026171898,0.15133335,0.12600000575184822,0.18400001525878906,0.035525493,0.0,0.0,0.0,0.0,0.16301064,0.15412120893597603,0.16086650267243385,0.025494602,4.5199966,4.519996643066406,4.519996643066406,0.0,4.5399966,4.53999662399292,4.53999662399292,0.0,729600.0,729600.0,729600.0,0.0
228,0.0,0.0,0.0,0.0,1.0,1.0,1.0,0.0,0.51174957,0.5109280496835709,0.5137839764356613,0.003032611,0.5117683,0.5109489858150482,0.5138047933578491,0.0030335728,1.0282452,1.004511833190918,1.0526580512523651,0.03615794,0.08739021,0.08858522213995457,0.09896793216466904,0.0281896,0.09399716,0.08858522213995457,0.09896793216466904,0.0076635834,0.9166667,1.0,1.0,0.28867513,1.8655088e-05,1.891018564492697e-05,2.1126571482454892e-05,6.017601e-06,0.00021346885,0.00021346885478124022,0.00021346885478124022,0.0,-27.156511,-27.414835929870605,-26.645708560943604,0.6676159,2.2621846,2.2099701166152954,2.3158939480781555,0.07954908,0.7540615,0.7366567403078079,0.7719646841287613,0.02651636,0.14266668,0.1300000064074993,0.15800001099705696,0.042855643,0.0,0.0,0.0,0.0,0.1569633,0.14163457974791527,0.16756504401564598,0.024307137,4.5399966,4.53999662399292,4.53999662399292,0.0,4.5599966,4.559996604919434,4.559996604919434,0.0,732800.0,732800.0,732800.0,0.0
229,0.0,0.0,0.0,0.0,1.0,1.0,1.0,0.0,0.5117683,0.5109489858150482,0.5138047933578491,0.0030335728,0.5117873,0.5109687149524689,0.5138228088617325,0.0030335195,1.041884,1.0198445916175842,1.0667621493339539,0.035556603,0.09108842,0.08575255237519741,0.09554597735404968,0.007570896,0.09108842,0.08575255237519741,0.09554597735404968,0.007570896,1.0,1.0,1.0,0.0,1.9059513e-05,1.794302534108283e-05,1.9992219222331187e-05,1.5841484e-06,0.00020924187,0.00020924187265336514,0.00020924187265336514,0.0,-27.706327,-27.99115562438965,-27.571537017822266,0.73596025,2.2921903,2.2437028884887695,2.346923589706421,0.0782261,0.76406354,0.747900977730751,0.782307893037796,0.026075365,0.14533333,0.12600000575184822,0.15600001066923141,0.023592502,0.0006666667,0.0,0.0,0.0023094013,0.15697251,0.1467718370258808,0.1683223731815815,0.013745244,4.5599966,4.559996604919434,4.559996604919434,0.0,4.5799966,4.579996585845947,4.579996585845947,0.0,736000.0,736000.0,736000.0,0.0
230,0.0,0.0,0.0,0.0,1.0,1.0,1.0,0.0,0.5117873,0.5109687149524689,0.5138228088617325,0.0030335195,0.51180583,0.5109874904155731,0.5138412117958069,0.0030341332,1.0439917,1.0295659303665161,1.0541498959064484,0.026546853,0.09052237,0.08829004876315594,0.093418899923563,0.00558032,0.09052237,0.08829004876315594,0.093418899923563,0.00558032,1.0,1.0,1.0,0.0,1.8566012e-05,1.8108165477315197e-05,1.9160085685143713e-05,1.1445159e-06,0.00020509861,0.00020509860769379884,0.00020509860769379884,0.0,-27.490623,-27.994170665740967,-27.129996299743652,0.69692695,2.2968276,2.26509028673172,2.3191760778427124,0.058404237,0.7656092,0.7550301104784012,0.7730586975812912,0.019468091,0.156,0.14000000804662704,0.18400001525878906,0.036181364,0.0,0.0,0.0,0.0,0.16554339,0.1496930718421936,0.1734071485698223,0.027038598,4.5799966,4.579996585845947,4.579996585845947,0.0,4.5999966,4.599996566772461,4.599996566772461,0.0,739200.0,739200.0,739200.0,0.0
231,0.0,0.0,0.0,0.0,1.0,1.0,1.0,0.0,0.51180583,0.5109874904155731,0.5138412117958069,0.0030341332,0.51182425,0.511005088686943,0.5138594508171082,0.0030338727,1.0394782,1.023208349943161,1.0516546666622162,0.023397554,0.091430776,0.08878682367503643,0.09479670040309429,0.0048374734,0.091430776,0.08878682367503643,0.09479670040309429,0.0048374734,1.0,1.0,1.0,0.0,1.8381006e-05,1.7849473351816414e-05,1.9057683857681695e-05,9.725131e-07,0.00020103743,0.00020103741553612053,0.00020103741553612053,0.0,-27.548027,-27.944512844085693,-27.11806631088257,0.61512285,2.286898,2.2511032819747925,2.3136865496635437,0.051475678,0.7622993,0.7503677904605865,0.7712288498878479,0.017158557,0.13200001,0.11000000312924385,0.15200001001358032,0.02781759,0.0,0.0,0.0,0.0,0.15316084,0.14290819689631462,0.16003990173339844,0.017412439,4.5999966,4.599996566772461,4.599996566772461,0.0,4.6199965,4.619996547698975,4.619996547698975,0.0,742400.0,742400.0,742400.0,0.0
232,0.0,0.0,0.0,0.0,1.0,1.0,1.0,0.0,0.51182425,0.511005088686943,0.5138594508171082,0.0030338727,0.5118426,0.511023536324501,0.5138775259256363,0.0030333942,1.0317048,1.0201409459114075,1.049016296863556,0.026520198,0.09311968,0.08932753093540668,0.09547025710344315,0.005735029,0.09311968,0.08932753093540668,0.09547025710344315,0.005735029,1.0,1.0,1.0,0.0,1.8349849e-05,1.7602580555831082e-05,1.881304569906206e-05,1.1301253e-06,0.00019705661,0.00019705660815816373,0.00019705660815816373,0.0,-27.13291,-27.559910774230957,-26.52307415008545,0.77023953,2.2697957,2.2443549633026123,2.3078819513320923,0.058345582,0.75659853,0.7481183260679245,0.7692939937114716,0.019448537,0.14666668,0.12000000476837158,0.15400001034140587,0.038036667,0.0006666667,0.0,0.0,0.0023094013,0.1528493,0.1372133530676365,0.15759191289544106,0.02754639,4.6199965,4.619996547698975,4.619996547698975,0.0,4.6399965,4.639996528625488,4.639996528625488,0.0,745600.0,745600.0,745600.0,0.0
233,0.0,0.0,0.0,0.0,1.0,1.0,1.0,0.0,0.5118426,0.511023536324501,0.5138775259256363,0.0030333942,0.51186013,0.5110421031713486,0.5138939768075943,0.0030332939,1.043465,1.0236212015151978,1.066695362329483,0.03913193,0.09082102,0.08577092736959457,0.09470882825553417,0.008466139,0.09082102,0.08577092736959457,0.09470882825553417,0.008466139,1.0,1.0,1.0,0.0,1.75425e-05,1.656705171626527e-05,1.829344819270773e-05,1.6352742e-06,0.00019315463,0.00019315462850499898,0.00019315462850499898,0.0,-27.518156,-27.977505207061768,-27.00754165649414,0.7082885,2.2956688,2.252011716365814,2.3467767238616943,0.08609196,0.76522297,0.7506705820560455,0.7822589129209518,0.028697323,0.15266667,0.13600000739097595,0.17600001394748688,0.035361342,0.0006666667,0.0,0.0,0.0023094013,0.1645902,0.14499016851186752,0.18405792862176895,0.030485664,4.6399965,4.639996528625488,4.639996528625488,0.0,4.6599965,4.659996509552002,4.659996509552002,0.0,748800.0,748800.0,748800.0,0.0
234,0.0,0.0,0.0,0.0,1.0,1.0,1.0,0.0,0.51186013,0.5110421031713486,0.5138939768075943,0.0030332939,0.51187783,0.5110596120357513,0.5139107704162598,0.00303345,1.0312798,1.0104210376739502,1.05548757314682,0.03208629,0.09328719,0.08800618350505829,0.09763681702315807,0.007041486,0.09328719,0.08800618350505829,0.09763681702315807,0.007041486,1.0,1.0,1.0,0.0,1.7662054e-05,1.6662203051964752e-05,1.848556894401554e-05,1.3331642e-06,0.0001893299,0.00018932990496978164,0.00018932990496978164,0.0,-27.1825,-27.92598247528076,-26.76479434967041,1.0024152,2.2688608,2.2229706048965454,2.3221189379692078,0.070591226,0.7562869,0.7409902364015579,0.7740396708250046,0.02353041,0.135,0.10999999940395355,0.16499999538064003,0.04295875,0.0,0.0,0.0,0.0,0.15051423,0.1275780200958252,0.16768867149949074,0.024480008,4.6599965,4.659996509552002,4.659996509552002,0.0,4.6799965,4.679996490478516,4.679996490478516,0.0,752000.0,752000.0,752000.0,0.0
235,0.0,0.0,0.0,0.0,1.0,1.0,1.0,0.0,0.51187783,0.5110596120357513,0.5139107704162598,0.00303345,0.5118955,0.5110776573419571,0.5139271765947342,0.0030330657,1.0210027,1.0016246736049652,1.030983954668045,0.024930352,0.095421664,0.0931504238396883,0.09962664172053337,0.0054003582,0.095421664,0.0931504238396883,0.09962664172053337,0.0054003582,1.0,1.0,1.0,0.0,1.770844e-05,1.728694178382284e-05,1.8488804471417097e-05,1.0022036e-06,0.00018558092,0.00018558092415332794,0.00018558092415332794,0.0,-27.257696,-27.60447597503662,-26.854283809661865,0.4782021,2.2462506,2.203618288040161,2.2682100534439087,0.054847848,0.7487502,0.7345394492149353,0.7560700327157974,0.018282618,0.15533334,0.12600000575184822,0.1860000118613243,0.038812682,0.0006666667,0.0,0.0,0.0023094013,0.15533607,0.145588967949152,0.1664298139512539,0.013301326,4.6799965,4.679996490478516,4.679996490478516,0.0,4.6999965,4.699996471405029,4.699996471405029,0.0,755200.0,755200.0,755200.0,0.0
236,0.0,0.0,0.0,0.0,1.0,1.0,1.0,0.0,0.5118955,0.5110776573419571,0.5139271765947342,0.0030330657,0.5119125,0.5110942870378494,0.5139453560113907,0.003033875,1.0299648,1.002075046300888,1.0593993961811066,0.034117173,0.093596525,0.08721759729087353,0.09952349402010441,0.0073207663,0.093596525,0.08721759729087353,0.09952349402010441,0.0073207663,1.0,1.0,1.0,0.0,1.7025788e-05,1.586542066434049e-05,1.8103939055436058e-05,1.3316927e-06,0.0001819062,0.00018190618720836937,0.00018190618720836937,0.0,-27.345192,-27.81842041015625,-26.719419956207275,0.8601925,2.265968,2.2046090960502625,2.330725312232971,0.07505932,0.7553227,0.7348697036504745,0.7769084423780441,0.025019778,0.16600001,0.15800001099705696,0.17800001427531242,0.022659536,0.0,0.0,0.0,0.0,0.16511801,0.1521555483341217,0.17611749842762947,0.019169888,4.6999965,4.699996471405029,4.699996471405029,0.0,4.7199965,4.719996452331543,4.719996452331543,0.0,758400.0,758400.0,758400.0,0.0
237,0.0,0.0,0.0,0.0,1.0,1.0,1.0,0.0,0.5119125,0.5110942870378494,0.5139453560113907,0.003033875,0.5119291,0.5111102163791656,0.5139632076025009,0.0030344313,1.0342704,1.0185698866844177,1.048949271440506,0.028651793,0.09259513,0.08934222906827927,0.09581579081714153,0.0060310224,0.09259513,0.08934222906827927,0.09581579081714153,0.0060310224,1.0,1.0,1.0,0.0,1.65101e-05,1.5930094832583563e-05,1.7084357750718482e-05,1.0753564e-06,0.0001783042,0.0001783041952876374,0.0001783041952876374,0.0,-27.33519,-27.915408611297607,-26.544342041015625,0.7887176,2.2754405,2.2408984899520874,2.3077345490455627,0.06303521,0.75848013,0.7469661831855774,0.7692448496818542,0.021011733,0.15533334,0.14000000804662704,0.17600001394748688,0.02169765,0.0006666667,0.0,0.0,0.0023094013,0.16224681,0.1482531726360321,0.17180433869361877,0.01971047,4.7199965,4.719996452331543,4.719996452331543,0.0,4.7399964,4.739996433258057,4.739996433258057,0.0,761600.0,761600.0,761600.0,0.0
238,0.0,0.0,0.0,0.0,1.0,1.0,1.0,0.0,0.5119291,0.5111102163791656,0.5139632076025009,0.0030344313,0.51194495,0.5111250728368759,0.5139791518449783,0.0030344732,1.0427955,1.0106732249259949,1.0783082842826843,0.03658841,0.090909995,0.08350353129208088,0.09757300093770027,0.0076138107,0.090909995,0.08350353129208088,0.09757300093770027,0.0076138107,1.0,1.0,1.0,0.0,1.5888661e-05,1.459420786886767e-05,1.7053178908099653e-05,1.3306928e-06,0.00017477355,0.0001747735368553549,0.0001747735368553549,0.0,-27.700258,-28.351967811584473,-27.305622100830078,0.663205,2.294196,2.2235254645347595,2.3723255395889282,0.08049612,0.76473194,0.7411751598119736,0.7907751947641373,0.026832042,0.154,0.13600000739097595,0.17600001394748688,0.031472933,0.0006666667,0.0,0.0,0.0023094013,0.16540378,0.15565424412488937,0.1699313223361969,0.014540203,4.7399964,4.739996433258057,4.739996433258057,0.0,4.7599964,4.75999641418457,4.75999641418457,0.0,764800.0,764800.0,764800.0,0.0
239,0.0,0.0,0.0,0.0,1.0,1.0,1.0,0.0,0.51194495,0.5111250728368759,0.5139791518449783,0.0030344732,0.51195806,0.511139452457428,0.5139944702386856,0.0030391235,1.0506729,1.026430070400238,1.0742578208446503,0.042342566,0.07653654,0.0843104925006628,0.09409954957664013,0.03634991,0.089376174,0.0843104925006628,0.09409954957664013,0.008743956,0.8333333,1.0,1.0,0.38924947,1.311169e-05,1.4443466398006422e-05,1.6120457075885497e-05,6.227205e-06,0.00017131279,0.0001713128003757447,0.0001713128003757447,0.0,-27.635918,-28.131927967071533,-27.05415916442871,0.62162924,2.3115265,2.258191168308258,2.3634143471717834,0.093155526,0.7705088,0.7527304142713547,0.7878048121929169,0.031051837,0.15066667,0.13200000673532486,0.16200001165270805,0.036074,0.0006666667,0.0,0.0,0.0023094013,0.16977227,0.1614237017929554,0.17766114696860313,0.019217731,4.7599964,4.75999641418457,4.75999641418457,0.0,4.7799964,4.779996395111084,4.779996395111084,0.0,768000.0,768000.0,768000.0,0.0
240,0.0,0.0,0.0,0.0,1.0,1.0,1.0,0.0,0.51195806,0.511139452457428,0.5139944702386856,0.0030391235,0.5119743,0.511154443025589,0.5140119045972824,0.0030397617,1.0166658,0.9952234476804733,1.0296839475631714,0.034874555,0.09651503,0.09343620389699936,0.10111797973513603,0.007549243,0.09651503,0.09343620389699936,0.10111797973513603,0.007549243,1.0,1.0,1.0,0.0,1.620686e-05,1.5689862266299315e-05,1.6979791325866245e-05,1.2676733e-06,0.00016792059,0.00016792058886494488,0.00016792058886494488,0.0,-27.014872,-27.39807415008545,-26.593496322631836,0.53109443,2.2367094,2.1895353198051453,2.265349805355072,0.076725565,0.74556977,0.7298451066017151,0.7551166117191315,0.025575189,0.164,0.13600000739097595,0.20200000330805779,0.039117537,0.0,0.0,0.0,0.0,0.15460877,0.14215926080942154,0.16482985392212868,0.0149657745,4.7799964,4.779996395111084,4.779996395111084,0.0,4.7999964,4.799996376037598,4.799996376037598,0.0,771200.0,771200.0,771200.0,0.0
241,0.0,0.0,0.0,0.0,1.0,1.0,1.0,0.0,0.5119743,0.511154443025589,0.5140119045972824,0.0030397617,0.5119894,0.5111705660820007,0.5140290260314941,0.0030402744,1.0395675,1.0185409784317017,1.0633286535739899,0.041680023,0.09168822,0.0864336546510458,0.09585782513022423,0.009155541,0.09168822,0.0864336546510458,0.09585782513022423,0.009155541,1.0,1.0,1.0,0.0,1.5091472e-05,1.4226593293642509e-05,1.5777769931446528e-05,1.5069612e-06,0.00016459553,0.00016459553444292396,0.00016459553444292396,0.0,-27.455496,-28.061631202697754,-27.07497549057007,0.89831996,2.287094,2.240834951400757,2.339369833469391,0.09169788,0.7623647,0.7469450235366821,0.7797899842262268,0.030565958,0.14866668,0.12600000575184822,0.1640000119805336,0.03820836,0.0006666667,0.0,0.0,0.0023094013,0.16585247,0.15603099390864372,0.1811254844069481,0.029919008,4.7999964,4.799996376037598,4.799996376037598,0.0,4.8199964,4.819996356964111,4.819996356964111,0.0,774400.0,774400.0,774400.0,0.0
242,0.0,0.0,0.0,0.0,1.0,1.0,1.0,0.0,0.5119894,0.5111705660820007,0.5140290260314941,0.0030402744,0.5120046,0.5111871510744095,0.5140441805124283,0.003039906,1.0252032,1.0140562653541565,1.0426411628723145,0.02786906,0.094542764,0.09064813889563084,0.09681660309433937,0.006202944,0.094542764,0.09064813889563084,0.09681660309433937,0.006202944,1.0,1.0,1.0,0.0,1.5253183e-05,1.4624837831433979e-05,1.5620035810570698e-05,1.0007602e-06,0.00016133633,0.0001613363274373114,0.0001613363274373114,0.0,-27.134438,-27.5001163482666,-26.76704740524292,0.72223485,2.2554922,2.230968415737152,2.2938563227653503,0.061313137,0.75183076,0.7436561435461044,0.7646188139915466,0.020437716,0.13066667,0.10400000214576721,0.14600000903010368,0.036154553,0.0,0.0,0.0,0.0,0.1490435,0.13897060230374336,0.15737362578511238,0.016304864,4.8199964,4.819996356964111,4.819996356964111,0.0,4.8399963,4.839996337890625,4.839996337890625,0.0,777600.0,777600.0,777600.0,0.0
243,0.0,0.0,0.0,0.0,1.0,1.0,1.0,0.0,0.5120046,0.5111871510744095,0.5140441805124283,0.003039906,0.51201874,0.511201411485672,0.5140581429004669,0.0030397514,1.0499073,1.036386400461197,1.0729933381080627,0.03296493,0.089382924,0.08452918939292431,0.09196765720844269,0.006923015,0.089382924,0.08452918939292431,0.09196765720844269,0.006923015,1.0,1.0,1.0,0.0,1.4135166e-05,1.3367586234380724e-05,1.4543917814080487e-05,1.094817e-06,0.00015814166,0.00015814165817573667,0.00015814165817573667,0.0,-27.55217,-27.98186206817627,-27.0839900970459,0.8496229,2.3098423,2.2800955772399902,2.3606324791908264,0.0725243,0.76994747,0.7600318640470505,0.7868775129318237,0.024174767,0.15066667,0.1420000083744526,0.1680000126361847,0.025489155,0.0,0.0,0.0,0.0,0.1619576,0.15362047404050827,0.17540372535586357,0.016100144,4.8399963,4.839996337890625,4.839996337890625,0.0,4.8599963,4.859996318817139,4.859996318817139,0.0,780800.0,780800.0,780800.0,0.0
244,0.0,0.0,0.0,0.0,1.0,1.0,1.0,0.0,0.51201874,0.511201411485672,0.5140581429004669,0.0030397514,0.5120316,0.5112130790948868,0.5140724182128906,0.0030400814,1.0495228,1.0232980847358704,1.0751288533210754,0.035313968,0.0829548,0.0841151624917984,0.09478278830647469,0.026911732,0.08949524,0.0841151624917984,0.09478278830647469,0.007334872,0.9166667,1.0,1.0,0.28867513,1.28588445e-05,1.3038712268098607e-05,1.4692303238916793e-05,4.171594e-06,0.00015501025,0.00015501024608965963,0.00015501024608965963,0.0,-27.625227,-27.883316040039062,-27.068983554840088,0.8620926,2.3089962,2.251300811767578,2.3653306365013123,0.07769228,0.7696654,0.750433623790741,0.7884435504674911,0.025897427,0.13733335,0.10200000181794167,0.1680000126361847,0.043662623,0.0,0.0,0.0,0.0,0.16335191,0.1545373983681202,0.1734783761203289,0.01681227,4.8599963,4.859996318817139,4.859996318817139,0.0,4.8799963,4.879996299743652,4.879996299743652,0.0,784000.0,784000.0,784000.0,0.0
245,0.0,0.0,0.0,0.0,1.0,1.0,1.0,0.0,0.5120316,0.5112130790948868,0.5140724182128906,0.0030400814,0.51204306,0.5112277716398239,0.5140848606824875,0.003042549,1.0576056,1.0213093757629395,1.0896117091178894,0.043316852,0.07517018,0.08135615475475788,0.09521736018359661,0.035782993,0.08797593,0.08135615475475788,0.09521736018359661,0.008702912,0.8333333,1.0,1.0,0.38924947,1.1421419e-05,1.2361321296339156e-05,1.4467404298557085e-05,5.436897e-06,0.00015194083,0.00015194082516245544,0.00015194082516245544,0.0,-27.56666,-27.925387382507324,-27.176149368286133,0.79184806,2.3267787,2.2469255328178406,2.3971935510635376,0.09529896,0.775593,0.7489752024412155,0.7990645468235016,0.031766325,0.13533334,0.1120000034570694,0.1600000113248825,0.03435995,0.0,0.0,0.0,0.0,0.16102366,0.14434757083654404,0.1662423238158226,0.024632867,4.8799963,4.879996299743652,4.879996299743652,0.0,4.8999963,4.899996280670166,4.899996280670166,0.0,787200.0,787200.0,787200.0,0.0
246,0.0,0.0,0.0,0.0,1.0,1.0,1.0,0.0,0.51204306,0.5112277716398239,0.5140848606824875,0.003042549,0.5120565,0.5112416297197342,0.5140974521636963,0.003042639,1.0438167,1.037394791841507,1.0544629096984863,0.024848025,0.09054092,0.0882223378866911,0.09176209196448326,0.0053038104,0.09054092,0.0882223378866911,0.09176209196448326,0.0053038104,1.0,1.0,1.0,0.0,1.3484462e-05,1.3139148222762742e-05,1.3666332051798236e-05,7.8990803e-07,0.00014893222,0.0001489322166889906,0.0001489322166889906,0.0,-27.562727,-27.790189743041992,-27.18033742904663,0.45940274,2.2964425,2.28231418132782,2.319864809513092,0.05466676,0.7654808,0.7607714086771011,0.7732882797718048,0.018222252,0.14466667,0.12000000476837158,0.16200001165270805,0.031718463,0.0006666667,0.0,0.0,0.0023094013,0.15789016,0.14243987947702408,0.1651979461312294,0.01800715,4.8999963,4.899996280670166,4.899996280670166,0.0,4.9199963,4.91999626159668,4.91999626159668,0.0,790400.0,790400.0,790400.0,0.0
247,0.0,0.0,0.0,0.0,1.0,1.0,1.0,0.0,0.5120565,0.5112416297197342,0.5140974521636963,0.003042639,0.51206857,0.5112539380788803,0.5141106843948364,0.0030441857,1.0530285,1.0374907553195953,1.0693842470645905,0.03655471,0.082610875,0.08523515611886978,0.09172955714166164,0.026694903,0.088794835,0.08523515611886978,0.09172955714166164,0.007543568,0.9166667,1.0,1.0,0.28867513,1.2059795e-05,1.244289683199895e-05,1.3390970252658008e-05,3.897006e-06,0.00014598315,0.00014598315465264022,0.00014598315465264022,0.0,-27.786222,-28.231329441070557,-27.37765884399414,0.6932668,2.3167088,2.2825252413749695,2.3526923060417175,0.080421954,0.77223635,0.7608417868614197,0.7842307835817337,0.026807321,0.13916667,0.10749999806284904,0.16499999538064003,0.038247596,0.0,0.0,0.0,0.0,0.15423213,0.144881259649992,0.16507349535822868,0.016179409,4.9199963,4.91999626159668,4.91999626159668,0.0,4.9399962,4.939996242523193,4.939996242523193,0.0,793600.0,793600.0,793600.0,0.0
248,0.0,0.0,0.0,0.0,1.0,1.0,1.0,0.0,0.51206857,0.5112539380788803,0.5141106843948364,0.0030441857,0.51208156,0.5112664103507996,0.5141228884458542,0.003044494,1.0441746,1.0327819883823395,1.06387397646904,0.028404314,0.090509675,0.08632364682853222,0.09273486956954002,0.00611269,0.090509675,0.08632364682853222,0.09273486956954002,0.00611269,1.0,1.0,1.0,0.0,1.2951255e-05,1.2352265684967279e-05,1.3269663213577587e-05,8.7468004e-07,0.00014309249,0.0001430924894521013,0.0001430924894521013,0.0,-27.606682,-28.11460304260254,-27.325852394104004,0.6441693,2.29723,2.272165834903717,2.3405694365501404,0.062490765,0.76574343,0.7573886513710022,0.7801898419857025,0.020830253,0.14266668,0.12200000509619713,0.15200001001358032,0.04312631,0.0,0.0,0.0,0.0,0.16100529,0.14379655197262764,0.18027089536190033,0.02370744,4.9399962,4.939996242523193,4.939996242523193,0.0,4.959996,4.959996223449707,4.959996223449707,0.0,796800.0,796800.0,796800.0,0.0
249,0.0,0.0,0.0,0.0,1.0,1.0,1.0,0.0,0.51208156,0.5112664103507996,0.5141228884458542,0.003044494,0.51209384,0.5112791657447815,0.5141366869211197,0.0030449335,1.0267543,1.007594347000122,1.0358188450336456,0.03425816,0.08786481,0.09209376387298107,0.0982674565166235,0.028055578,0.09428641,0.09209376387298107,0.0982674565166235,0.0071348255,0.9166667,1.0,1.0,0.28867513,1.2323838e-05,1.291698686145537e-05,1.378290403408755e-05,3.93505e-06,0.00014025909,0.00014025908603798598,0.00014025908603798598,0.0,-27.30818,-27.694334506988525,-26.708375453948975,0.8566708,2.2589045,2.21675181388855,2.2788469195365906,0.075369425,0.75296813,0.7389173060655594,0.7596156746149063,0.02512314,0.14866668,0.12800000607967377,0.1680000126361847,0.029236758,0.0,0.0,0.0,0.0,0.15207292,0.14266374707221985,0.15888164937496185,0.019977657,4.959996,4.959996223449707,4.959996223449707,0.0,4.979996,4.979996204376221,4.979996204376221,0.0,800000.0,800000.0,800000.0,0.0
250,0.0,0.0,0.0,0.0,1.0,1.0,1.0,0.0,0.51209384,0.5112791657447815,0.5141366869211197,0.0030449335,0.51210624,0.5112918466329575,0.5141486525535583,0.00304528,1.0452821,1.0336273312568665,1.0600900650024414,0.027845474,0.0902687,0.08707914128899574,0.09256701916456223,0.005803485,0.0902687,0.08707914128899574,0.09256701916456223,0.005803485,1.0,1.0,1.0,0.0,1.24103e-05,1.1971793810516829e-05,1.272627764592471e-05,7.9787327e-07,0.00013748177,0.0001374817657051608,0.0001374817657051608,0.0,-27.764374,-28.22087335586548,-27.221821784973145,0.7145495,2.2996666,2.274025619029999,2.3322447538375854,0.061261255,0.76655555,0.7580085694789886,0.777414932847023,0.020420415,0.14,0.11600000411272049,0.1600000113248825,0.036341816,0.0,0.0,0.0,0.0,0.16752207,0.1526767984032631,0.18878421559929848,0.021950744,4.979996,4.979996204376221,4.979996204376221,0.0,4.999996,4.999996185302734,4.999996185302734,0.0,803200.0,803200.0,803200.0,0.0
251,0.0,0.0,0.0,0.0,1.0,1.0,1.0,0.0,0.51210624,0.5112918466329575,0.5141486525535583,0.00304528,0.51211745,0.511305570602417,0.5141619890928268,0.0030469454,1.0238847,0.9924460053443909,1.0368024408817291,0.054520708,0.08270976,0.09191565588116646,0.10180282965302467,0.03919327,0.09531198,0.09191565588116646,0.10180282965302467,0.011389804,0.8333333,1.0,1.0,0.38924947,1.1145922e-05,1.238650315826817e-05,1.3718893342229421e-05,5.2816636e-06,0.00013475945,0.00013475945161189884,0.00013475945161189884,0.0,-27.229937,-27.491530895233154,-26.327678203582764,1.2000172,2.2525914,2.1834247708320618,2.2810110449790955,0.11994799,0.7508638,0.727808266878128,0.7603370547294617,0.039982665,0.16333334,0.1420000083744526,0.17000001296401024,0.030215388,0.0,0.0,0.0,0.0,0.15883791,0.14363571256399155,0.17305247113108635,0.024322707,4.999996,4.999996185302734,4.999996185302734,0.0,5.019996,5.019996166229248,5.019996166229248,0.0,806400.0,806400.0,806400.0,0.0
252,0.0,0.0,0.0,0.0,1.0,1.0,1.0,0.0,0.51211745,0.511305570602417,0.5141619890928268,0.0030469454,0.5121294,0.5113174319267273,0.5141730904579163,0.0030470383,1.041427,1.0182185769081116,1.0620911121368408,0.029749928,0.091098346,0.08667799644172192,0.09590396471321583,0.006277838,0.091098346,0.08667799644172192,0.09590396471321583,0.006277838,1.0,1.0,1.0,0.0,1.2033276e-05,1.1449386875028722e-05,1.2668054523601313e-05,8.292461e-07,0.00013209104,0.00013209103781264275,0.00013209103781264275,0.0,-27.511683,-27.762133598327637,-27.313290119171143,0.63021815,2.2911854,2.240125596523285,2.3366470336914062,0.065451145,0.76372844,0.746708557009697,0.7788823843002319,0.021817053,0.15066667,0.13600000739097595,0.16200001165270805,0.019246412,0.0,0.0,0.0,0.0,0.16221893,0.1412869542837143,0.187262125313282,0.024350166,5.019996,5.019996166229248,5.019996166229248,0.0,5.039996,5.039996147155762,5.039996147155762,0.0,809600.0,809600.0,809600.0,0.0
253,0.0,0.0,0.0,0.0,1.0,1.0,1.0,0.0,0.5121294,0.5113174319267273,0.5141730904579163,0.0030470383,0.5121412,0.5113302618265152,0.5141844749450684,0.0030469773,1.0424314,1.0193360447883606,1.062078058719635,0.028878357,0.09087685,0.08668366074562073,0.09566208906471729,0.006089909,0.09087685,0.08668366074562073,0.09566208906471729,0.006089909,1.0,1.0,1.0,0.0,1.1766322e-05,1.1223407227589632e-05,1.238589288732328e-05,7.884937e-07,0.00012947546,0.00012947546201758087,0.00012947546201758087,0.0,-27.484312,-28.075828075408936,-26.901910305023193,0.67396814,2.2933948,2.2425840497016907,2.336618483066559,0.06353365,0.7644649,0.7475280463695526,0.7788728624582291,0.02117788,0.14533333,0.11800000444054604,0.16200000792741776,0.045489926,0.0,0.0,0.0,0.0,0.16593002,0.14922647178173065,0.17774207517504692,0.02459419,5.039996,5.039996147155762,5.039996147155762,0.0,5.059996,5.059996128082275,5.059996128082275,0.0,812800.0,812800.0,812800.0,0.0
254,0.0,0.0,0.0,0.0,1.0,1.0,1.0,0.0,0.5121412,0.5113302618265152,0.5141844749450684,0.0030469773,0.51215297,0.511342316865921,0.5141959488391876,0.003047301,1.0343374,1.0191177129745483,1.048292100429535,0.024038566,0.09252799,0.0894763134419918,0.09569554403424263,0.005133815,0.09252799,0.0894763134419918,0.09569554403424263,0.005133815,1.0,1.0,1.0,0.0,1.1742883e-05,1.1355588867445476e-05,1.2144881566200638e-05,6.515409e-07,0.00012691168,0.00012691167648881674,0.00012691167648881674,0.0,-27.548521,-27.98206853866577,-27.229615688323975,0.6846617,2.2755878,2.242103695869446,2.306288778781891,0.0528859,0.75852937,0.7473679333925247,0.768762931227684,0.017628623,0.168,0.15800001099705696,0.18000001087784767,0.016711451,0.0,0.0,0.0,0.0,0.16177042,0.1424492783844471,0.17820796370506287,0.021292532,5.059996,5.059996128082275,5.059996128082275,0.0,5.079996,5.079996109008789,5.079996109008789,0.0,816000.0,816000.0,816000.0,0.0
255,0.0,0.0,0.0,0.0,1.0,1.0,1.0,0.0,0.51215297,0.511342316865921,0.5141959488391876,0.003047301,0.5121648,0.511352926492691,0.514209195971489,0.003047396,1.0248783,1.0002366602420807,1.0461958050727844,0.032475233,0.09467579,0.08991292677819729,0.09994830563664436,0.007123712,0.09467579,0.08991292677819729,0.09994830563664436,0.007123712,1.0,1.0,1.0,0.0,1.1777542e-05,1.1185048151673982e-05,1.2433435585990082e-05,8.8618015e-07,0.00012439866,0.00012439866259228438,0.00012439866259228438,0.0,-27.264383,-27.783571243286133,-26.763667583465576,0.69689816,2.2547772,2.2005646228790283,2.3016768097877502,0.07144692,0.7515924,0.7335215508937836,0.7672256231307983,0.02381563,0.14600001,0.13200000673532486,0.15400001034140587,0.029566567,0.0,0.0,0.0,0.0,0.16529308,0.15012269094586372,0.181962039321661,0.025706539,5.079996,5.079996109008789,5.079996109008789,0.0,5.099996,5.099996089935303,5.099996089935303,0.0,819200.0,819200.0,819200.0,0.0
256,0.0,0.0,0.0,0.0,1.0,1.0,1.0,0.0,0.5121648,0.511352926492691,0.514209195971489,0.003047396,0.51217574,0.5113635510206223,0.5142211019992828,0.0030476828,1.0450326,1.023769348859787,1.068596512079239,0.03613476,0.0904412,0.08539089560508728,0.09467545337975025,0.007704385,0.0904412,0.08539089560508728,0.09467545337975025,0.007704385,1.0,1.0,1.0,0.0,1.1027984e-05,1.0412174106022576e-05,1.1544289918674622e-05,9.394373e-07,0.00012193541,0.00012193540896987543,0.00012193540896987543,0.0,-27.67425,-28.00464391708374,-27.228270530700684,0.7360396,2.2991178,2.2523374557495117,2.3509592413902283,0.07949805,0.7663726,0.7507791519165039,0.7836530804634094,0.02649935,0.13200001,0.11800000444054604,0.15200001001358032,0.030223412,0.0006666667,0.0,0.0,0.0023094013,0.1605178,0.14935295283794403,0.17273301631212234,0.021568354,5.099996,5.099996089935303,5.099996089935303,0.0,5.119996,5.119996070861816,5.119996070861816,0.0,822400.0,822400.0,822400.0,0.0
257,0.0,0.0,0.0,0.0,1.0,1.0,1.0,0.0,0.51217574,0.5113635510206223,0.5142211019992828,0.0030476828,0.51218665,0.5113737136125565,0.5142315924167633,0.0030475964,1.0420308,1.0237194001674652,1.0692046284675598,0.026886707,0.09093469,0.0852698776870966,0.09468509815633297,0.005602475,0.09093469,0.0852698776870966,0.09468509815633297,0.005602475,1.0,1.0,1.0,0.0,1.0868597e-05,1.0191534784098621e-05,1.1316850532239187e-05,6.6961286e-07,0.000119520926,0.00011952092609135434,0.00011952092609135434,0.0,-27.56196,-27.987691402435303,-27.088993549346924,0.5457426,2.2925136,2.2522277235984802,2.352297067642212,0.0591519,0.7641712,0.7507425844669342,0.7840990275144577,0.019717298,0.15133335,0.13200000673532486,0.17200001329183578,0.034864243,0.0006666667,0.0,0.0,0.0023094013,0.15827905,0.14830879122018814,0.16950273886322975,0.019212594,5.119996,5.119996070861816,5.119996070861816,0.0,5.139996,5.13999605178833,5.13999605178833,0.0,825600.0,825600.0,825600.0,0.0
258,0.0,0.0,0.0,0.0,1.0,1.0,1.0,0.0,0.51218665,0.5113737136125565,0.5142315924167633,0.0030475964,0.5121964,0.5113837718963623,0.5142432749271393,0.003047661,1.0459816,1.0272311568260193,1.0774166882038116,0.035840556,0.08365306,0.08367261476814747,0.09392899833619595,0.027167885,0.090236574,0.08367261476814747,0.09392899833619595,0.007524014,0.9166667,1.0,1.0,0.28867513,9.800311e-06,9.802602107811254e-06,1.1004180805684882e-05,3.182833e-06,0.000117154246,0.00011715424625435844,0.00011715424625435844,0.0,-27.604048,-28.031988620758057,-27.11731767654419,0.7124118,2.3012056,2.259953737258911,2.3703640699386597,0.07885081,0.76706856,0.7533179223537445,0.790121391415596,0.026283607,0.14933334,0.1340000070631504,0.17000001296401024,0.026053563,0.0,0.0,0.0,0.0,0.15681873,0.14768411219120026,0.16115090250968933,0.016324095,5.139996,5.13999605178833,5.13999605178833,0.0,5.159996,5.159996032714844,5.159996032714844,0.0,828800.0,828800.0,828800.0,0.0
259,0.0,0.0,0.0,0.0,1.0,1.0,1.0,0.0,0.5121964,0.5113837718963623,0.5142432749271393,0.003047661,0.512207,0.5113943219184875,0.5142532587051392,0.0030478677,1.0389774,1.0131041705608368,1.0628765523433685,0.033905745,0.09167122,0.0865225363522768,0.09703786671161652,0.0071340413,0.09167122,0.0865225363522768,0.09703786671161652,0.0071340413,1.0,1.0,1.0,0.0,1.0527015e-05,9.93576759356074e-06,1.1143289839310455e-05,8.192337e-07,0.00011483444,0.00011483444541227072,0.00011483444541227072,0.0,-27.449318,-28.029995441436768,-26.98368263244629,0.72400075,2.285796,2.2288737893104553,2.3383750319480896,0.07459408,0.76193196,0.7429579347372055,0.7794583737850189,0.024864683,0.14733334,0.14400000870227814,0.15400001034140587,0.01787499,0.0,0.0,0.0,0.0,0.16014804,0.14682865142822266,0.170036930590868,0.020268252,5.159996,5.159996032714844,5.159996032714844,0.0,5.179996,5.179996013641357,5.179996013641357,0.0,832000.0,832000.0,832000.0,0.0
260,0.0,0.0,0.0,0.0,1.0,1.0,1.0,0.0,0.512207,0.5113943219184875,0.5142532587051392,0.0030478677,0.5122153,0.5114041119813919,0.5142557919025421,0.0030485285,1.0591432,1.041182816028595,1.0757685601711273,0.031254094,0.074577264,0.08400926180183887,0.09096134454011917,0.035043985,0.08747206,0.08400926180183887,0.09096134454011917,0.0061302297,0.8333333,1.0,1.0,0.38924947,8.394461e-06,9.456131238039234e-06,1.0238661616313038e-05,3.9445713e-06,0.00011256058,0.00011256057769060135,0.00011256057769060135,0.0,-27.581652,-28.002450466156006,-26.952791690826416,0.7720678,2.3301616,2.2906479239463806,2.366738200187683,0.06876038,0.7767205,0.7635493129491806,0.788912758231163,0.022920132,0.14333333,0.12999999523162842,0.1599999964237213,0.023868324,0.0008333333,0.0,0.0,0.0028867512,0.1667584,0.15667367354035378,0.17722732201218605,0.01571877,5.179996,5.179996013641357,5.179996013641357,0.0,5.199996,5.199995994567871,5.199995994567871,0.0,835200.0,835200.0,835200.0,0.0
261,0.0,0.0,0.0,0.0,1.0,1.0,1.0,0.0,0.5122153,0.5114041119813919,0.5142557919025421,0.0030485285,0.5122248,0.511406734585762,0.5142672061920166,0.003048781,1.0361627,1.016087368130684,1.061417430639267,0.037068415,0.08572394,0.0868160780519247,0.09638957120478153,0.027817506,0.092318304,0.0868160780519247,0.09638957120478153,0.007891174,0.9166667,1.0,1.0,0.28867513,9.458071e-06,9.578568551660283e-06,1.0634828186084633e-05,3.0691535e-06,0.000110331726,0.00011033173359464854,0.00011033173359464854,0.0,-27.346718,-28.048941135406494,-26.614616870880127,0.9726656,2.2796037,2.2354368567466736,2.3351650834083557,0.08155213,0.7598679,0.745145633816719,0.7783883810043335,0.02718404,0.14666668,0.1340000070631504,0.16200001165270805,0.024440408,0.0006666667,0.0,0.0,0.0023094013,0.15837742,0.14191314950585365,0.17144454270601273,0.017113527,5.199996,5.199995994567871,5.199995994567871,0.0,5.219996,5.219995975494385,5.219995975494385,0.0,838400.0,838400.0,838400.0,0.0
262,0.0,0.0,0.0,0.0,1.0,1.0,1.0,0.0,0.5122248,0.511406734585762,0.5142672061920166,0.003048781,0.5122339,0.5114169716835022,0.5142768323421478,0.0030494041,1.0435171,1.0119587182998657,1.0712151229381561,0.0404977,0.084578745,0.08488431014120579,0.0972839780151844,0.027431378,0.09082047,0.08488431014120579,0.0972839780151844,0.008256537,0.9166667,1.0,1.0,0.28867513,9.146938e-06,9.179984772345051e-06,1.0520972409722162e-05,2.9666219e-06,0.00010814702,0.00010814701818162575,0.00010814701818162575,0.0,-27.431198,-27.930580139160156,-26.966053009033203,0.68431646,2.2957835,2.226353645324707,2.356720209121704,0.08909671,0.7652612,0.7421178817749023,0.785573422908783,0.029698905,0.13733335,0.12000000476837158,0.15400001034140587,0.02970563,0.0,0.0,0.0,0.0,0.15647325,0.14539288356900215,0.16655778512358665,0.016298937,5.219996,5.219995975494385,5.219995975494385,0.0,5.239996,5.239995956420898,5.239995956420898,0.0,841600.0,841600.0,841600.0,0.0
263,0.0,0.0,0.0,0.0,1.0,1.0,1.0,0.0,0.5122339,0.5114169716835022,0.5142768323421478,0.0030494041,0.51224405,0.5114274024963379,0.5142865777015686,0.0030497313,1.0213655,1.0071717947721481,1.04600790143013,0.031806443,0.09543607,0.08995475620031357,0.09838930517435074,0.007095459,0.09543607,0.08995475620031357,0.09838930517435074,0.007095459,1.0,1.0,1.0,0.0,1.0116754e-05,9.535705203234102e-06,1.0429813983137137e-05,7.521581e-07,0.00010600556,0.0001060055656125769,0.0001060055656125769,0.0,-27.259878,-27.63513469696045,-26.76939105987549,0.6415488,2.2470489,2.2158222794532776,2.301263391971588,0.06997559,0.7490163,0.7386074662208557,0.7670878320932388,0.023325192,0.15266667,0.14800000935792923,0.1600000113248825,0.023250937,0.0006666667,0.0,0.0,0.0023094013,0.1589825,0.14087891206145287,0.17908880859613419,0.024713894,5.239996,5.239995956420898,5.239995956420898,0.0,5.259996,5.259995937347412,5.259995937347412,0.0,844800.0,844800.0,844800.0,0.0
264,0.0,0.0,0.0,0.0,1.0,1.0,1.0,0.0,0.51224405,0.5114274024963379,0.5142865777015686,0.0030497313,0.51225376,0.5114374160766602,0.5142958462238312,0.0030497022,1.0306262,1.002520591020584,1.066353976726532,0.0383017,0.093521155,0.08583468571305275,0.09942158311605453,0.008149223,0.093521155,0.08583468571305275,0.09942158311605453,0.008149223,1.0,1.0,1.0,0.0,9.717457e-06,8.91878266884305e-06,1.0330549685022561e-05,8.467574e-07,0.00010390652,0.0001039065100485459,0.0001039065100485459,0.0,-27.204748,-27.994436264038086,-26.414902687072754,0.8334362,2.267423,2.2055894136428833,2.34602552652359,0.08426542,0.75580764,0.7351964712142944,0.7820085138082504,0.028088477,0.15533334,0.14400000870227814,0.1640000119805336,0.020597147,0.0,0.0,0.0,0.0,0.15590732,0.14733438193798065,0.16072965785861015,0.0147734545,5.259996,5.259995937347412,5.259995937347412,0.0,5.279996,5.279995918273926,5.279995918273926,0.0,848000.0,848000.0,848000.0,0.0
265,0.0,0.0,0.0,0.0,1.0,1.0,1.0,0.0,0.51225376,0.5114374160766602,0.5142958462238312,0.0030497022,0.5122635,0.5114473253488541,0.5143060833215714,0.0030494109,1.0238056,0.9942128658294678,1.0395029783248901,0.040315084,0.09503392,0.09141654707491398,0.101346705108881,0.008586891,0.09503392,0.09141654707491398,0.101346705108881,0.008586891,1.0,1.0,1.0,0.0,9.679112e-06,9.310685982200084e-06,1.0322062735212967e-05,8.745666e-07,0.00010184902,0.00010184902203036472,0.00010184902203036472,0.0,-27.043219,-27.56760311126709,-26.662111282348633,0.7557813,2.2524173,2.1873119473457336,2.286952257156372,0.08869497,0.7508058,0.7291039824485779,0.7623174339532852,0.02956499,0.15066667,0.12800000607967377,0.17800001427531242,0.02638641,0.0,0.0,0.0,0.0,0.15010159,0.13978809490799904,0.15420187637209892,0.017935472,5.279996,5.279995918273926,5.279995918273926,0.0,5.299996,5.2999958992004395,5.2999958992004395,0.0,851200.0,851200.0,851200.0,0.0
266,0.0,0.0,0.0,0.0,1.0,1.0,1.0,0.0,0.5122635,0.5114473253488541,0.5143060833215714,0.0030494109,0.51227313,0.5114565193653107,0.5143162459135056,0.0030494817,1.0129263,0.9883154183626175,1.0374633967876434,0.030017857,0.09727917,0.09173758886754513,0.1027272492647171,0.00667496,0.09727917,0.09173758886754513,0.1027272492647171,0.00667496,1.0,1.0,1.0,0.0,9.711603e-06,9.15837404136255e-06,1.0255497045363882e-05,6.663765e-07,9.983229e-05,9.98322939267382e-05,9.98322939267382e-05,0.0,-27.276163,-27.63163137435913,-26.838172435760498,0.5807514,2.2284825,2.174337327480316,2.282465159893036,0.06604061,0.7428276,0.7247791439294815,0.7608217597007751,0.022013543,0.14933334,0.12800000607967377,0.16600001230835915,0.029997982,0.0,0.0,0.0,0.0,0.1528245,0.14452829211950302,0.15890676900744438,0.0163115,5.299996,5.2999958992004395,5.2999958992004395,0.0,5.319996,5.319995880126953,5.319995880126953,0.0,854400.0,854400.0,854400.0,0.0
267,0.0,0.0,0.0,0.0,1.0,1.0,1.0,0.0,0.51227313,0.5114565193653107,0.5143162459135056,0.0030494817,0.5122823,0.5114656984806061,0.5143249332904816,0.003049156,1.0310558,1.0030624568462372,1.062635600566864,0.04136941,0.09348761,0.0865717213600874,0.09929739311337471,0.008941195,0.09348761,0.0865717213600874,0.09929739311337471,0.008941195,1.0,1.0,1.0,0.0,9.148274e-06,8.47151682137337e-06,9.716793783809408e-06,8.7494493e-07,9.785548e-05,9.785547445062548e-05,9.785547445062548e-05,0.0,-27.524744,-28.066877841949463,-27.230629920959473,0.7672193,2.268368,2.2067814469337463,2.337845027446747,0.09101452,0.75612265,0.7355938255786896,0.7792816907167435,0.030338172,0.15266667,0.13600000739097595,0.1640000119805336,0.028017312,0.0,0.0,0.0,0.0,0.15586776,0.14346608147025108,0.16318338736891747,0.018498281,5.319996,5.319995880126953,5.319995880126953,0.0,5.339996,5.339995861053467,5.339995861053467,0.0,857600.0,857600.0,857600.0,0.0
268,0.0,0.0,0.0,0.0,1.0,1.0,1.0,0.0,0.5122823,0.5114656984806061,0.5143249332904816,0.003049156,0.5122914,0.5114753246307373,0.5143334716558456,0.003049211,1.025807,1.0058101415634155,1.0381888151168823,0.025827684,0.0943814,0.09158861823379993,0.09867144748568535,0.005487586,0.0943814,0.09158861823379993,0.09867144748568535,0.005487586,1.0,1.0,1.0,0.0,9.052857e-06,8.784979854681296e-06,9.46434965953813e-06,5.263571e-07,9.5917814e-05,9.591781417839229e-05,9.591781417839229e-05,0.0,-27.211016,-27.554232120513916,-26.701551914215088,0.6356232,2.2568204,2.212826430797577,2.284061014652252,0.05682203,0.7522735,0.7376088201999664,0.7613537013530731,0.018940676,0.15266667,0.13600000739097595,0.16200001165270805,0.02563142,0.0,0.0,0.0,0.0,0.15528543,0.14318282902240753,0.16287610679864883,0.017727409,5.339996,5.339995861053467,5.339995861053467,0.0,5.3599954,5.3599958419799805,5.3599958419799805,0.0,860800.0,860800.0,860800.0,0.0
269,0.0,0.0,0.0,0.0,1.0,1.0,1.0,0.0,0.5122914,0.5114753246307373,0.5143334716558456,0.003049211,0.51230043,0.5114847421646118,0.5143423974514008,0.0030493648,1.0173078,0.9886341392993927,1.041246086359024,0.03085361,0.09631405,0.0909518413245678,0.1026516854763031,0.006768618,0.09631405,0.0909518413245678,0.1026516854763031,0.006768618,1.0,1.0,1.0,0.0,9.055303e-06,8.551156497560441e-06,9.651158734413912e-06,6.363755e-07,9.4018505e-05,9.401851275470108e-05,9.401851275470108e-05,0.0,-27.053185,-27.71065664291382,-26.67740535736084,0.6285769,2.2381217,2.175038516521454,2.290787160396576,0.06787931,0.74604064,0.725012868642807,0.7635957300662994,0.022626435,0.14866666,0.12400000542402267,0.1680000089108944,0.047690924,0.0,0.0,0.0,0.0,0.15595269,0.13994638994336128,0.17419971898198128,0.02309137,5.3599954,5.3599958419799805,5.3599958419799805,0.0,5.379996,5.379995822906494,5.379995822906494,0.0,864000.0,864000.0,864000.0,0.0
270,0.0,0.0,0.0,0.0,1.0,1.0,1.0,0.0,0.51230043,0.5114847421646118,0.5143423974514008,0.0030493648,0.512309,0.5114941447973251,0.5143509060144424,0.003049471,1.032532,1.0070364475250244,1.0565032064914703,0.03813068,0.09310856,0.08780197240412235,0.09839677438139915,0.008077013,0.09310856,0.08780197240412235,0.09839677438139915,0.008077013,1.0,1.0,1.0,0.0,8.580589e-06,8.091551080724457e-06,9.067935025086626e-06,7.44352e-07,9.2156835e-05,9.215682803187519e-05,9.215682803187519e-05,0.0,-27.427351,-27.61557149887085,-26.994507312774658,0.68593836,2.2716157,2.2155244946479797,2.3243534564971924,0.08388915,0.75720525,0.7385081797838211,0.774784505367279,0.027963055,0.15733334,0.14000000804662704,0.18400001525878906,0.030191312,0.0006666667,0.0,0.0,0.0023094013,0.16010787,0.14993849769234657,0.16591906920075417,0.019085092,5.379996,5.379995822906494,5.379995822906494,0.0,5.399996,5.399995803833008,5.399995803833008,0.0,867200.0,867200.0,867200.0,0.0
271,0.0,0.0,0.0,0.0,1.0,1.0,1.0,0.0,0.512309,0.5114941447973251,0.5143509060144424,0.003049471,0.5123174,0.5115033984184265,0.5143593400716782,0.003049469,1.0303695,1.017820030450821,1.0526948869228363,0.029408513,0.093444616,0.08857603371143341,0.0959798339754343,0.0064484677,0.093444616,0.08857603371143341,0.0959798339754343,0.0064484677,1.0,1.0,1.0,0.0,8.441038e-06,8.001249398148502e-06,8.670049282955006e-06,5.82503e-07,9.033198e-05,9.033198875840753e-05,9.033198875840753e-05,0.0,-27.148666,-27.872140884399414,-26.79278802871704,0.7411517,2.266858,2.2392486929893494,2.3159749507904053,0.0647,0.75561947,0.7464162409305573,0.7719916552305222,0.021566669,0.14066668,0.11000000312924385,0.1680000126361847,0.031718463,0.0,0.0,0.0,0.0,0.14867404,0.13524888828396797,0.16093908995389938,0.021077655,5.399996,5.399995803833008,5.399995803833008,0.0,5.419996,5.4199957847595215,5.4199957847595215,0.0,870400.0,870400.0,870400.0,0.0
272,0.0,0.0,0.0,0.0,1.0,1.0,1.0,0.0,0.5123174,0.5115033984184265,0.5143593400716782,0.003049469,0.5123256,0.5115111172199249,0.5143670737743378,0.003049466,1.0358909,1.00436332821846,1.0627858936786652,0.034561064,0.0923359,0.0865405984222889,0.09900057502090931,0.0073566125,0.0923359,0.0865405984222889,0.09900057502090931,0.0073566125,1.0,1.0,1.0,0.0,8.175726e-06,7.662590292056848e-06,8.765838401814108e-06,6.513789e-07,8.8543304e-05,8.854330371832475e-05,8.854330371832475e-05,0.0,-27.37499,-27.61341619491577,-26.624155044555664,0.82200813,2.2790055,2.2096433639526367,2.338175594806671,0.07603586,0.7596685,0.7365478128194809,0.7793918699026108,0.025345277,0.15066667,0.12800000607967377,0.16200001165270805,0.040910844,0.0006666667,0.0,0.0,0.0023094013,0.16006134,0.14853229001164436,0.16473157703876495,0.019066058,5.419996,5.4199957847595215,5.4199957847595215,0.0,5.4399962,5.439995765686035,5.439995765686035,0.0,873600.0,873600.0,873600.0,0.0
273,0.0,0.0,0.0,0.0,1.0,1.0,1.0,0.0,0.5123256,0.5115111172199249,0.5143670737743378,0.003049466,0.5123333,0.5115192234516144,0.5143757611513138,0.0030504323,1.0245367,1.0006355792284012,1.0396649837493896,0.037893154,0.088291734,0.09132261388003826,0.09985442087054253,0.028476836,0.09483028,0.09132261388003826,0.09985442087054253,0.008024873,0.9166667,1.0,1.0,0.28867513,7.662843e-06,7.925892759885755e-06,8.666368330523255e-06,2.4715055e-06,8.679003e-05,8.67900307639502e-05,8.67900307639502e-05,0.0,-27.049158,-27.5036301612854,-26.586371421813965,0.7674578,2.254026,2.201442301273346,2.2873085737228394,0.0833666,0.751342,0.7338141351938248,0.7624362111091614,0.027788863,0.1325,0.10499999858438969,0.1574999913573265,0.04474676,0.0,0.0,0.0,0.0,0.16499402,0.15045517310500145,0.17108547687530518,0.02566437,5.4399962,5.439995765686035,5.439995765686035,0.0,5.4599957,5.459995746612549,5.459995746612549,0.0,876800.0,876800.0,876800.0,0.0
274,0.0,0.0,0.0,0.0,1.0,1.0,1.0,0.0,0.5123333,0.5115192234516144,0.5143757611513138,0.0030504323,0.5123411,0.5115270912647247,0.5143836587667465,0.0030506323,1.0390708,1.0154979825019836,1.072424203157425,0.039189342,0.09174392,0.08464177697896957,0.09649711847305298,0.008493024,0.09174392,0.08464177697896957,0.09649711847305298,0.008493024,1.0,1.0,1.0,0.0,7.8047915e-06,7.200600521173328e-06,8.209152156268829e-06,7.225142e-07,8.5071464e-05,8.507147140335292e-05,8.507147140335292e-05,0.0,-27.573874,-28.25058603286743,-26.713499546051025,0.9748027,2.2860014,2.2341402173042297,2.3593804240226746,0.08621827,0.76200056,0.7447134107351303,0.7864601463079453,0.028739432,0.14800002,0.12600000575184822,0.17000001296401024,0.03911754,0.0,0.0,0.0,0.0,0.15577178,0.1536932922899723,0.16405565664172173,0.011810412,5.4599957,5.459995746612549,5.459995746612549,0.0,5.4799957,5.4799957275390625,5.4799957275390625,0.0,880000.0,880000.0,880000.0,0.0
275,0.0,0.0,0.0,0.0,1.0,1.0,1.0,0.0,0.5123411,0.5115270912647247,0.5143836587667465,0.0030506323,0.51234883,0.5115347802639008,0.514391228556633,0.0030507725,1.0333458,1.0117924511432648,1.0499178767204285,0.028232453,0.092787266,0.08915338292717934,0.09732996672391891,0.005958548,0.092787266,0.08915338292717934,0.09732996672391891,0.005958548,1.0,1.0,1.0,0.0,7.737246e-06,7.434227882185951e-06,8.116048320516711e-06,4.968651e-07,8.3386934e-05,8.338694169651717e-05,8.338694169651717e-05,0.0,-27.365286,-27.88549566268921,-26.864277839660645,0.67624706,2.2734063,2.2259878516197205,2.309865415096283,0.062112622,0.75780207,0.7419959604740143,0.7699551731348038,0.020704204,0.14533333,0.12800000607967377,0.1600000113248825,0.03542299,0.0,0.0,0.0,0.0,0.15712431,0.15418461337685585,0.16762355715036392,0.017228454,5.4799957,5.4799957275390625,5.4799957275390625,0.0,5.4999957,5.499995708465576,5.499995708465576,0.0,883200.0,883200.0,883200.0,0.0
276,0.0,0.0,0.0,0.0,1.0,1.0,1.0,0.0,0.51234883,0.5115347802639008,0.514391228556633,0.0030507725,0.51235586,0.5115421563386917,0.5143928825855255,0.003050271,1.0361301,1.0116921663284302,1.0578204691410065,0.03831145,0.08575233,0.08755442127585411,0.0973458830267191,0.02787709,0.092344105,0.08755442127585411,0.0973458830267191,0.008078082,0.9166667,1.0,1.0,0.28867513,7.0090323e-06,7.156328251767263e-06,7.956640956763295e-06,2.2785555e-06,8.173577e-05,8.173577225534245e-05,8.173577225534245e-05,0.0,-27.437624,-27.729492664337158,-26.927159786224365,0.7078905,2.2795317,2.2257672548294067,2.327251434326172,0.08428684,0.759844,0.7419224232435226,0.7757504880428314,0.028095607,0.13800001,0.11800000444054604,0.15200001001358032,0.029369125,0.0013333334,0.0,0.0,0.003113996,0.1677118,0.1572912335395813,0.1774386204779148,0.014326252,5.4999957,5.499995708465576,5.499995708465576,0.0,5.519995,5.51999568939209,5.51999568939209,0.0,886400.0,886400.0,886400.0,0.0
277,0.0,0.0,0.0,0.0,1.0,1.0,1.0,0.0,0.51235586,0.5115421563386917,0.5143928825855255,0.003050271,0.5123624,0.5115500539541245,0.5143982917070389,0.0030498314,1.054358,1.0311250984668732,1.0845983922481537,0.036377706,0.08200159,0.08230054378509521,0.09311183914542198,0.026693562,0.08852142,0.08230054378509521,0.09311183914542198,0.007494332,0.9166667,1.0,1.0,0.28867513,6.569746e-06,6.5936974351643585e-06,7.459869152626197e-06,2.138616e-06,8.01173e-05,8.011730096768588e-05,8.011730096768588e-05,0.0,-27.586472,-28.2392635345459,-27.151580333709717,0.64715385,2.3196337,2.2685205936431885,2.38616406917572,0.08003253,0.7732113,0.7561735510826111,0.7953880578279495,0.026677521,0.15466668,0.13600000739097595,0.17200001329183578,0.03695042,0.0,0.0,0.0,0.0,0.16203555,0.14952420070767403,0.1741749383509159,0.01708823,5.519995,5.51999568939209,5.51999568939209,0.0,5.5399957,5.5399956703186035,5.5399956703186035,0.0,889600.0,889600.0,889600.0,0.0
278,0.0,0.0,0.0,0.0,1.0,1.0,1.0,0.0,0.5123624,0.5115500539541245,0.5143982917070389,0.0030498314,0.5123696,0.5115566849708557,0.5144051760435104,0.003049894,1.0401224,1.0307684242725372,1.0511315762996674,0.02547376,0.091318406,0.08889479748904705,0.09317479282617569,0.0053128526,0.091318406,0.08889479748904705,0.09317479282617569,0.0053128526,1.0,1.0,1.0,0.0,7.171315e-06,6.980986881899298e-06,7.317098493331287e-06,4.1722308e-07,7.853088e-05,7.853088027331978e-05,7.853088027331978e-05,0.0,-27.250124,-27.445213794708252,-26.805034160614014,0.62220436,2.288315,2.267735719680786,2.312535583972931,0.056043386,0.76277167,0.7559119164943695,0.7708452194929123,0.018681133,0.14866668,0.11800000444054604,0.17000001296401024,0.047076985,0.0,0.0,0.0,0.0,0.15836594,0.14302722364664078,0.17050649970769882,0.017966557,5.5399957,5.5399956703186035,5.5399956703186035,0.0,5.5599957,5.559995651245117,5.559995651245117,0.0,892800.0,892800.0,892800.0,0.0
279,0.0,0.0,0.0,0.0,1.0,1.0,1.0,0.0,0.5123696,0.5115566849708557,0.5144051760435104,0.003049894,0.51237565,0.5115584880113602,0.5144109427928925,0.0030498437,1.0408176,1.0098965167999268,1.0618566572666168,0.043206397,0.07854929,0.08674874342978,0.09775076247751713,0.037166446,0.091437064,0.08674874342978,0.09775076247751713,0.008896706,0.8333333,1.0,1.0,0.38924947,6.046399e-06,6.677559326817573e-06,7.524449188167637e-06,2.8609193e-06,7.697586e-05,7.69758626120165e-05,7.69758626120165e-05,0.0,-27.282671,-27.955472946166992,-26.783560752868652,0.77641416,2.2898445,2.221816658973694,2.33613121509552,0.09505594,0.7632815,0.7406055629253387,0.7787104249000549,0.031685308,0.14600001,0.12800000607967377,0.15600001066923141,0.03034349,0.0006666667,0.0,0.0,0.0023094013,0.16282244,0.15534944832324982,0.17472407594323158,0.01569692,5.5599957,5.559995651245117,5.559995651245117,0.0,5.5799956,5.579995632171631,5.579995632171631,0.0,896000.0,896000.0,896000.0,0.0
280,0.0,0.0,0.0,0.0,1.0,1.0,1.0,0.0,0.51237565,0.5115584880113602,0.5144109427928925,0.0030498437,0.5123828,0.5115657299757004,0.5144186019897461,0.003049834,1.0226626,1.0046301037073135,1.0448583960533142,0.026973808,0.09508241,0.09018651023507118,0.09894168563187122,0.0058477754,0.09508241,0.09018651023507118,0.09894168563187122,0.0058477754,1.0,1.0,1.0,0.0,7.1741238e-06,6.804720442232792e-06,7.465312933163659e-06,4.4122427e-07,7.5451644e-05,7.545164407929406e-05,7.545164407929406e-05,0.0,-27.120844,-27.62104368209839,-26.834741592407227,0.7529214,2.2499027,2.2102304100990295,2.298734426498413,0.05934356,0.7499676,0.7367434948682785,0.7662448287010193,0.01978119,0.16733335,0.1420000083744526,0.1940000019967556,0.041842416,0.0,0.0,0.0,0.0,0.15995663,0.1535038761794567,0.16797664016485214,0.01263885,5.5799956,5.579995632171631,5.579995632171631,0.0,5.599996,5.5999956130981445,5.5999956130981445,0.0,899200.0,899200.0,899200.0,0.0
281,0.0,0.0,0.0,0.0,1.0,1.0,1.0,0.0,0.5123828,0.5115657299757004,0.5144186019897461,0.003049834,0.51238984,0.5115730613470078,0.5144254267215729,0.0030498586,1.0239681,1.005320519208908,1.038051277399063,0.023776934,0.094760396,0.09161143191158772,0.09878251515328884,0.005168681,0.094760396,0.09161143191158772,0.09878251515328884,0.005168681,1.0,1.0,1.0,0.0,7.008251e-06,6.775360930078023e-06,7.3057169629464624e-06,3.822632e-07,7.395759e-05,7.395759166684002e-05,7.395759166684002e-05,0.0,-27.026299,-27.648375988006592,-26.3677716255188,0.63713324,2.252775,2.211749315261841,2.2837584018707275,0.052310284,0.750925,0.7372497767210007,0.761252835392952,0.017436767,0.16066667,0.1420000083744526,0.17000001296401024,0.03171846,0.0,0.0,0.0,0.0,0.15196188,0.14332503080368042,0.1581813208758831,0.0119885355,5.599996,5.5999956130981445,5.5999956130981445,0.0,5.6199956,5.619995594024658,5.619995594024658,0.0,902400.0,902400.0,902400.0,0.0
282,0.0,0.0,0.0,0.0,1.0,1.0,1.0,0.0,0.51238984,0.5115730613470078,0.5144254267215729,0.0030498586,0.5123966,0.511580765247345,0.5144322216510773,0.003049883,1.0305243,1.0089298486709595,1.062846451997757,0.043531895,0.09364865,0.08652879670262337,0.09797830693423748,0.009578319,0.09364865,0.08652879670262337,0.09797830693423748,0.009578319,1.0,1.0,1.0,0.0,6.7888845e-06,6.2727439171794686e-06,7.1027550347935176e-06,6.943625e-07,7.249314e-05,7.249313784996048e-05,7.249313784996048e-05,0.0,-27.561827,-28.033669471740723,-27.008440494537354,0.9471753,2.2671986,2.219689965248108,2.338308811187744,0.09577207,0.75573283,0.7398966550827026,0.7794362753629684,0.03192403,0.16333334,0.13600000739097595,0.17400000989437103,0.04294041,0.0006666667,0.0,0.0,0.0023094013,0.15723802,0.1414361298084259,0.16581184417009354,0.025807958,5.6199956,5.619995594024658,5.619995594024658,0.0,5.6399956,5.639995574951172,5.639995574951172,0.0,905600.0,905600.0,905600.0,0.0
283,0.0,0.0,0.0,0.0,1.0,1.0,1.0,0.0,0.5123966,0.511580765247345,0.5144322216510773,0.003049883,0.5124032,0.5115868598222733,0.5144387483596802,0.0030500425,1.033026,1.0138849318027496,1.0633636713027954,0.03298165,0.09292382,0.08642446994781494,0.09685746766626835,0.007106221,0.09292382,0.08642446994781494,0.09685746766626835,0.007106221,1.0,1.0,1.0,0.0,6.60295e-06,6.141122412373079e-06,6.882466891511285e-06,5.049516e-07,7.105768e-05,7.105767872417346e-05,7.105767872417346e-05,0.0,-27.248985,-27.853347301483154,-26.799461841583252,0.6315319,2.2727025,2.2305914163589478,2.3394469022750854,0.07256112,0.7575676,0.7435305118560791,0.7798156589269638,0.024187041,0.13733335,0.11000000312924385,0.15200001001358032,0.037029065,0.0,0.0,0.0,0.0,0.15736802,0.1369495503604412,0.1779172159731388,0.02572703,5.6399956,5.639995574951172,5.639995574951172,0.0,5.6599956,5.6599955558776855,5.6599955558776855,0.0,908800.0,908800.0,908800.0,0.0
284,0.0,0.0,0.0,0.0,1.0,1.0,1.0,0.0,0.5124032,0.5115868598222733,0.5144387483596802,0.0030500425,0.5124098,0.5115938782691956,0.5144450515508652,0.0030499375,1.0225329,1.002518504858017,1.0404650568962097,0.025174139,0.09509017,0.09110471047461033,0.09942258335649967,0.0055107065,0.09509017,0.09110471047461033,0.09942258335649967,0.0055107065,1.0,1.0,1.0,0.0,6.623092e-06,6.345502583826601e-06,6.924848094058689e-06,3.8382427e-07,6.9650654e-05,6.965065404074267e-05,6.965065404074267e-05,0.0,-27.265615,-27.851410388946533,-26.794439792633057,0.8019886,2.2496173,2.2055846452713013,2.2890687584877014,0.055384193,0.74987245,0.7351948916912079,0.7630229592323303,0.018461397,0.15666668,0.1420000083744526,0.17800001427531242,0.023746137,0.0,0.0,0.0,0.0,0.15578483,0.14452965930104256,0.16008330509066582,0.023316955,5.6599956,5.6599955558776855,5.6599955558776855,0.0,5.679995,5.679995536804199,5.679995536804199,0.0,912000.0,912000.0,912000.0,0.0
285,0.0,0.0,0.0,0.0,1.0,1.0,1.0,0.0,0.5124098,0.5115938782691956,0.5144450515508652,0.0030499375,0.5124161,0.5116000771522522,0.5144510865211487,0.0030499035,1.0362935,1.0178236663341522,1.0593312680721283,0.025357133,0.09212721,0.08723057806491852,0.09597909264266491,0.0054139607,0.09212721,0.08723057806491852,0.09597909264266491,0.0054139607,1.0,1.0,1.0,0.0,6.289661e-06,5.955360279585875e-06,6.552634204126662e-06,3.6961904e-07,6.8271474e-05,6.827147444710135e-05,6.827147444710135e-05,0.0,-27.486078,-27.79432201385498,-27.136837005615234,0.64721733,2.2798913,2.239256739616394,2.330575406551361,0.055786792,0.75996375,0.7464189231395721,0.7768584787845612,0.018595606,0.14800002,0.1340000070631504,0.15400001034140587,0.026967997,0.0006666667,0.0,0.0,0.0023094013,0.15560842,0.1442868486046791,0.16470449045300484,0.016391601,5.679995,5.679995536804199,5.679995536804199,0.0,5.6999955,5.699995517730713,5.699995517730713,0.0,915200.0,915200.0,915200.0,0.0
286,0.0,0.0,0.0,0.0,1.0,1.0,1.0,0.0,0.5124161,0.5116000771522522,0.5144510865211487,0.0030499035,0.51242226,0.5116056948900223,0.5144578516483307,0.0030498474,1.0378416,1.0101745128631592,1.0680650174617767,0.032623954,0.09189248,0.08549386076629162,0.09768804162740707,0.0068872003,0.09189248,0.08549386076629162,0.09768804162740707,0.0068872003,1.0,1.0,1.0,0.0,6.149409e-06,5.721215757148457e-06,6.537245667459501e-06,4.608888e-07,6.691961e-05,6.691960879834369e-05,6.691960879834369e-05,0.0,-27.095602,-27.79988384246826,-26.22467803955078,1.1805857,2.283297,2.2224283814430237,2.3497899174690247,0.071774125,0.76109904,0.7408094853162766,0.783263310790062,0.023924705,0.14166667,0.12749999575316906,0.16499999538064003,0.04281744,0.0,0.0,0.0,0.0,0.15514606,0.14324382320046425,0.16697262972593307,0.014706051,5.6999955,5.699995517730713,5.699995517730713,0.0,5.7199955,5.719995498657227,5.719995498657227,0.0,918400.0,918400.0,918400.0,0.0
287,0.0,0.0,0.0,0.0,1.0,1.0,1.0,0.0,0.51242226,0.5116056948900223,0.5144578516483307,0.0030498474,0.51242846,0.5116121023893356,0.5144639313220978,0.0030498642,1.0233814,0.9830631762742996,1.061565339565277,0.043762907,0.09520376,0.08678323775529861,0.10397708602249622,0.009698329,0.09520376,0.08678323775529861,0.10397708602249622,0.009698329,1.0,1.0,1.0,0.0,6.244844e-06,5.692504032595025e-06,6.820326007073163e-06,6.3615715e-07,6.559451e-05,6.55945113976486e-05,6.55945113976486e-05,0.0,-27.018526,-27.64869260787964,-26.378520488739014,0.85965097,2.251484,2.16278213262558,2.335490345954895,0.096280314,0.75049466,0.7209274023771286,0.7784968018531799,0.032093436,0.176,0.16600001230835915,0.19200000166893005,0.03428225,0.0,0.0,0.0,0.0,0.15729801,0.14549100399017334,0.16355761513113976,0.02124338,5.7199955,5.719995498657227,5.719995498657227,0.0,5.7399955,5.73999547958374,5.73999547958374,0.0,921600.0,921600.0,921600.0,0.0
288,0.0,0.0,0.0,0.0,1.0,1.0,1.0,0.0,0.51242846,0.5116121023893356,0.5144639313220978,0.0030498642,0.51243436,0.5116179138422012,0.5144702792167664,0.003050003,1.0425268,1.0219575762748718,1.083080232143402,0.04555542,0.09113532,0.08259434998035431,0.09517278335988522,0.009718487,0.09113532,0.08259434998035431,0.09517278335988522,0.009718487,1.0,1.0,1.0,0.0,5.859605e-06,5.310457595442131e-06,6.119195973042224e-06,6.248564e-07,6.429565e-05,6.429565110011026e-05,6.429565110011026e-05,0.0,-27.448652,-27.761932373046875,-27.21592140197754,0.7362416,2.2936049,2.2483514547348022,2.3828240036964417,0.100223936,0.76453495,0.7494504898786545,0.7942746877670288,0.033407986,0.15933333,0.13600000739097595,0.17800001427531242,0.030787641,0.0,0.0,0.0,0.0,0.15679611,0.13867156952619553,0.1747152954339981,0.024113812,5.7399955,5.73999547958374,5.73999547958374,0.0,5.759996,5.759995460510254,5.759995460510254,0.0,924800.0,924800.0,924800.0,0.0
289,0.0,0.0,0.0,0.0,1.0,1.0,1.0,0.0,0.51243436,0.5116179138422012,0.5144702792167664,0.003050003,0.5124398,0.511623352766037,0.514476478099823,0.0030512426,1.0350717,1.0132775604724884,1.0522424578666687,0.03390992,0.08596317,0.08868354186415672,0.09698900952935219,0.027628088,0.09249652,0.08868354186415672,0.09698900952935219,0.007082229,0.9166667,1.0,1.0,0.28867513,5.4176144e-06,5.5890595831442624e-06,6.112490950727079e-06,1.7411915e-06,6.302251e-05,6.302251131273806e-05,6.302251131273806e-05,0.0,-27.3482,-27.542538166046143,-26.86660146713257,0.6170237,2.277203,2.2292550802230835,2.3149795532226562,0.074603304,0.7590677,0.743085041642189,0.7716598808765411,0.02486777,0.15733334,0.1340000070631504,0.1640000119805336,0.03615455,0.0013333334,0.0,0.0,0.003113996,0.16346154,0.15092599391937256,0.17213404551148415,0.021890746,5.759996,5.759995460510254,5.759995460510254,0.0,5.7799954,5.779995441436768,5.779995441436768,0.0,928000.0,928000.0,928000.0,0.0
290,0.0,0.0,0.0,0.0,1.0,1.0,1.0,0.0,0.5124398,0.511623352766037,0.514476478099823,0.0030512426,0.51244545,0.5116294324398041,0.5144824683666229,0.0030512214,1.0380745,1.019299864768982,1.0611319839954376,0.026920205,0.09176884,0.08686986565589905,0.09565972723066807,0.005744544,0.09176884,0.08686986565589905,0.09565972723066807,0.005744544,1.0,1.0,1.0,0.0,5.6689823e-06,5.366350251279073e-06,5.909340529797191e-06,3.548669e-07,6.177459e-05,6.177458999445662e-05,6.177458999445662e-05,0.0,-27.26393,-28.0564923286438,-26.34680938720703,0.96111226,2.2838094,2.2425044775009155,2.3345369696617126,0.059225637,0.76126987,0.7475014925003052,0.7781790196895599,0.01974188,0.14266668,0.1340000070631504,0.14600000903010368,0.021257441,0.0006666667,0.0,0.0,0.0023094013,0.15402052,0.14215094968676567,0.16138802096247673,0.019013802,5.7799954,5.779995441436768,5.779995441436768,0.0,5.7999954,5.799995422363281,5.799995422363281,0.0,931200.0,931200.0,931200.0,0.0
291,0.0,0.0,0.0,0.0,1.0,1.0,1.0,0.0,0.51244545,0.5116294324398041,0.5144824683666229,0.0030512214,0.5124507,0.5116350650787354,0.5144871175289154,0.0030506542,1.0346485,1.0169057250022888,1.0512192249298096,0.03648684,0.08625099,0.0888779517263174,0.0962175764143467,0.027742425,0.09262588,0.0888779517263174,0.0962175764143467,0.0075934725,0.9166667,1.0,1.0,0.28867513,5.2226155e-06,5.381681944527372e-06,5.8261061894882005e-06,1.679842e-06,6.0551374e-05,6.055137055227533e-05,6.055137055227533e-05,0.0,-27.459116,-28.025731086730957,-26.81977128982544,0.799117,2.2762723,2.2372372150421143,2.312728464603424,0.080272675,0.7587574,0.7457457631826401,0.7709095180034637,0.026757553,0.16933334,0.15400001034140587,0.17800001427531242,0.0300948,0.0013333334,0.0,0.0,0.003113996,0.16160475,0.14243324100971222,0.18051179125905037,0.020544488,5.7999954,5.799995422363281,5.799995422363281,0.0,5.8199954,5.819995403289795,5.819995403289795,0.0,934400.0,934400.0,934400.0,0.0
292,0.0,0.0,0.0,0.0,1.0,1.0,1.0,0.0,0.5124507,0.5116350650787354,0.5144871175289154,0.0030506542,0.51245636,0.5116401612758636,0.514493390917778,0.0030508742,1.0237104,1.007411539554596,1.0503095984458923,0.03876044,0.095033735,0.08907633274793625,0.0983124952763319,0.008510141,0.095033735,0.08907633274793625,0.0983124952763319,0.008510141,1.0,1.0,1.0,0.0,5.6404774e-06,5.2868920192850055e-06,5.835080173710594e-06,5.050971e-07,5.9352376e-05,5.9352376410970464e-05,5.9352376410970464e-05,0.0,-27.169281,-27.53824281692505,-26.928624629974365,0.6668716,2.252208,2.216349720954895,2.3107272386550903,0.08527466,0.750736,0.7387832701206207,0.7702424377202988,0.028424885,0.154,0.13600000739097595,0.1600000113248825,0.023908917,0.0006666667,0.0,0.0,0.0023094013,0.1551094,0.14525937288999557,0.1615222431719303,0.014926185,5.8199954,5.819995403289795,5.819995403289795,0.0,5.839995,5.839995384216309,5.839995384216309,0.0,937600.0,937600.0,937600.0,0.0
293,0.0,0.0,0.0,0.0,1.0,1.0,1.0,0.0,0.51245636,0.5116401612758636,0.514493390917778,0.0030508742,0.51246184,0.5116457492113113,0.5144985020160675,0.0030509152,1.0272038,0.9997856318950653,1.0527530014514923,0.03480875,0.09421027,0.08856277167797089,0.10009017214179039,0.007756549,0.09421027,0.08856277167797089,0.10009017214179039,0.007756549,1.0,1.0,1.0,0.0,5.480882e-06,5.152327048563166e-06,5.822958087264851e-06,4.5125373e-07,5.817712e-05,5.817712008138187e-05,5.817712008138187e-05,0.0,-27.235779,-27.710593700408936,-26.795724868774414,0.6492748,2.2598934,2.1995723843574524,2.3161028623580933,0.07658079,0.7532978,0.7331908047199249,0.772034302353859,0.025526926,0.17266667,0.12600000575184822,0.20200000330805779,0.047323518,0.0,0.0,0.0,0.0,0.16095757,0.14725632965564728,0.1698835864663124,0.01824947,5.839995,5.839995384216309,5.839995384216309,0.0,5.8599954,5.859995365142822,5.859995365142822,0.0,940800.0,940800.0,940800.0,0.0
294,0.0,0.0,0.0,0.0,1.0,1.0,1.0,0.0,0.51246184,0.5116457492113113,0.5144985020160675,0.0030509152,0.5124671,0.5116512626409531,0.5145033597946167,0.003050782,1.0347459,1.018296718597412,1.0531781911849976,0.024982294,0.09244984,0.08847533352673054,0.09587454237043858,0.005241475,0.09244984,0.08847533352673054,0.09587454237043858,0.005241475,1.0,1.0,1.0,0.0,5.2719643e-06,5.045317948315642e-06,5.467258688440779e-06,2.9889588e-07,5.7025132e-05,5.7025135902222246e-05,5.7025135902222246e-05,0.0,-27.3042,-27.53515911102295,-27.03901720046997,0.56563175,2.2764866,2.240297496318817,2.3170382976531982,0.05496212,0.7588289,0.7467658519744873,0.7723461091518402,0.01832071,0.16866668,0.14400000870227814,0.19200000166893005,0.030407336,0.0006666667,0.0,0.0,0.0023094013,0.15638916,0.14084021002054214,0.16673152893781662,0.024674837,5.8599954,5.859995365142822,5.859995365142822,0.0,5.8799953,5.879995346069336,5.879995346069336,0.0,944000.0,944000.0,944000.0,0.0
295,0.0,0.0,0.0,0.0,1.0,1.0,1.0,0.0,0.5124671,0.5116512626409531,0.5145033597946167,0.003050782,0.5124722,0.511656329035759,0.5145087838172913,0.003050759,1.0406367,1.01945298910141,1.0606102347373962,0.031405825,0.09128756,0.08698516711592674,0.09561963193118572,0.0066751936,0.09128756,0.08698516711592674,0.09561963193118572,0.0066751936,1.0,1.0,1.0,0.0,5.102606e-06,4.862119681092736e-06,5.344751343727694e-06,3.731163e-07,5.5895962e-05,5.5895961850183085e-05,5.5895961850183085e-05,0.0,-27.544561,-28.048147201538086,-27.17555856704712,0.77088195,2.2894466,2.2428413033485413,2.333389103412628,0.06909419,0.76314884,0.7476137727499008,0.7777963876724243,0.023031395,0.14666668,0.13600000739097595,0.15400001034140587,0.024677312,0.0006666667,0.0,0.0,0.0023094013,0.15826744,0.1469910405576229,0.16925660893321037,0.019711578,5.8799953,5.879995346069336,5.879995346069336,0.0,5.8999953,5.89999532699585,5.89999532699585,0.0,947200.0,947200.0,947200.0,0.0
296,0.0,0.0,0.0,0.0,1.0,1.0,1.0,0.0,0.5124722,0.511656329035759,0.5145087838172913,0.003050759,0.5124774,0.5116612613201141,0.514514222741127,0.0030508675,1.02223,1.0046082586050034,1.0401153564453125,0.025063455,0.09515361,0.0911777913570404,0.09894909895956516,0.005398085,0.09515361,0.0911777913570404,0.09894909895956516,0.005398085,1.0,1.0,1.0,0.0,5.2133855e-06,4.995553467779246e-06,5.421336823019374e-06,2.9575645e-07,5.4789143e-05,5.478914681589231e-05,5.478914681589231e-05,0.0,-27.041235,-27.24377155303955,-26.705947399139404,0.4842053,2.248951,2.210182249546051,2.2882995009422302,0.055140723,0.7496503,0.7367274463176727,0.7627665400505066,0.018380247,0.15333335,0.13600000739097595,0.17000001296401024,0.03871888,0.0006666667,0.0,0.0,0.0023094013,0.15360232,0.14052391052246094,0.16275468841195107,0.018435996,5.8999953,5.89999532699585,5.89999532699585,0.0,5.919996,5.919995307922363,5.919995307922363,0.0,950400.0,950400.0,950400.0,0.0
297,0.0,0.0,0.0,0.0,1.0,1.0,1.0,0.0,0.5124774,0.5116612613201141,0.514514222741127,0.0030508675,0.51248187,0.5116667002439499,0.5145187824964523,0.0030508507,1.0519694,1.0398430228233337,1.0669613480567932,0.03757004,0.08267357,0.0857352502644062,0.09124444611370564,0.026911296,0.08903154,0.0857352502644062,0.09124444611370564,0.007903229,0.9166667,1.0,1.0,0.28867513,4.4399226e-06,4.604347736858472e-06,4.900214776171197e-06,1.4452511e-06,5.3704254e-05,5.370425424189307e-05,5.370425424189307e-05,0.0,-27.488928,-27.942069053649902,-27.18182373046875,0.8600852,2.314379,2.287700355052948,2.3473618030548096,0.08265574,0.77145964,0.7625668048858643,0.7824539542198181,0.027551921,0.148,0.12600000575184822,0.1640000119805336,0.051902007,0.0,0.0,0.0,0.0,0.16250704,0.14877007901668549,0.17409123852849007,0.022436537,5.919996,5.919995307922363,5.919995307922363,0.0,5.9399953,5.939995288848877,5.939995288848877,0.0,953600.0,953600.0,953600.0,0.0
298,0.0,0.0,0.0,0.0,1.0,1.0,1.0,0.0,0.51248187,0.5116667002439499,0.5145187824964523,0.0030508507,0.5124866,0.5116721093654633,0.5145234912633896,0.0030507494,1.0443283,1.0353472530841827,1.0535178780555725,0.031325854,0.09051358,0.08841249160468578,0.0921852346509695,0.0065970984,0.09051358,0.08841249160468578,0.0921852346509695,0.0065970984,1.0,1.0,1.0,0.0,4.764711e-06,4.6541078972950345e-06,4.85270822991879e-06,3.4727668e-07,5.264084e-05,5.2640840294770896e-05,5.2640840294770896e-05,0.0,-27.496431,-27.669830799102783,-27.213916301727295,0.61746436,2.297568,2.277809500694275,2.3177855610847473,0.06891831,0.765856,0.7592698484659195,0.772595226764679,0.022972763,0.15666668,0.1420000083744526,0.1640000119805336,0.024470143,0.0006666667,0.0,0.0,0.0023094013,0.15713893,0.14448902383446693,0.16427845507860184,0.022823503,5.9399953,5.939995288848877,5.939995288848877,0.0,5.9599953,5.959995269775391,5.959995269775391,0.0,956800.0,956800.0,956800.0,0.0
299,0.0,0.0,0.0,0.0,1.0,1.0,1.0,0.0,0.5124866,0.5116721093654633,0.5145234912633896,0.0030507494,0.51249135,0.5116770267486572,0.5145286023616791,0.003050848,1.0341752,1.021247535943985,1.046303242444992,0.022979641,0.09255036,0.08988886885344982,0.0952266026288271,0.0048460667,0.09255036,0.08988886885344982,0.0952266026288271,0.0048460667,1.0,1.0,1.0,0.0,4.775458e-06,4.638129439626937e-06,4.913548309559701e-06,2.5004974e-07,5.1598483e-05,5.159848296898417e-05,5.159848296898417e-05,0.0,-27.439848,-27.92948865890503,-26.91502571105957,0.6522804,2.2752306,2.2467893958091736,2.301913022994995,0.050556198,0.7584103,0.748929813504219,0.7673043459653854,0.016852062,0.1425,0.12999999523162842,0.1599999964237213,0.027344601,0.0,0.0,0.0,0.0,0.15837725,0.15204379335045815,0.16224928572773933,0.016300205,5.9599953,5.959995269775391,5.959995269775391,0.0,5.9799953,5.979995250701904,5.979995250701904,0.0,960000.0,960000.0,960000.0,0.0
300,0.0,0.0,0.0,0.0,1.0,1.0,1.0,0.0,0.51249135,0.5116770267486572,0.5145286023616791,0.003050848,0.51249605,0.5116812884807587,0.5145334750413895,0.003050947,1.0381175,1.004437893629074,1.0660121440887451,0.04053355,0.09196178,0.08592916093766689,0.0989869087934494,0.008516594,0.09196178,0.08592916093766689,0.0989869087934494,0.008516594,1.0,1.0,1.0,0.0,4.6511295e-06,4.346019181866723e-06,5.0064377319358755e-06,4.3074175e-07,5.0576768e-05,5.0576767534948885e-05,5.0576767534948885e-05,0.0,-27.48079,-28.2197904586792,-26.90614652633667,0.80790174,2.283904,2.209807574748993,2.3452736139297485,0.089175604,0.76130134,0.7366025298833847,0.7817578762769699,0.029725198,0.13800001,0.11800000444054604,0.14600000903010368,0.022401303,0.0,0.0,0.0,0.0,0.1577226,0.14142544195055962,0.16793669015169144,0.022163806,5.9799953,5.979995250701904,5.979995250701904,0.0,5.9999948,5.999995231628418,5.999995231628418,0.0,963200.0,963200.0,963200.0,0.0
301,0.0,0.0,0.0,0.0,1.0,1.0,1.0,0.0,0.51249605,0.5116812884807587,0.5145334750413895,0.003050947,0.5125008,0.5116860121488571,0.5145383775234222,0.0030509382,1.0155308,1.0057622790336609,1.0264197289943695,0.022256305,0.09660399,0.09410339221358299,0.09868479892611504,0.004998295,0.09660399,0.09410339221358299,0.09868479892611504,0.004998295,1.0,1.0,1.0,0.0,4.7891695e-06,4.665201686293585e-06,4.892326273875369e-06,2.4779192e-07,4.9575276e-05,4.957527562510222e-05,4.957527562510222e-05,0.0,-27.066046,-27.396401405334473,-26.95630693435669,0.76000684,2.2342124,2.212721288204193,2.2581685185432434,0.048964817,0.74473745,0.7375737875699997,0.7527228742837906,0.016321605,0.14333335,0.12600000575184822,0.16200001165270805,0.02674232,0.0,0.0,0.0,0.0,0.15255202,0.142551027238369,0.16191187873482704,0.0181301,5.9999948,5.999995231628418,5.999995231628418,0.0,6.019995,6.019995212554932,6.019995212554932,0.0,966400.0,966400.0,966400.0,0.0
302,0.0,0.0,0.0,0.0,1.0,1.0,1.0,0.0,0.5125008,0.5116860121488571,0.5145383775234222,0.0030509382,0.51250535,0.5116904973983765,0.5145429521799088,0.0030510295,1.0317279,1.002390295267105,1.0633350610733032,0.04740493,0.093467034,0.08647710643708706,0.09945154562592506,0.010316913,0.093467034,0.08647710643708706,0.09945154562592506,0.010316913,1.0,1.0,1.0,0.0,4.541902e-06,4.202236141281901e-06,4.832711169910908e-06,5.0133616e-07,4.859363e-05,4.859362525166944e-05,4.859362525166944e-05,0.0,-27.281382,-27.709472179412842,-26.92574119567871,0.73312455,2.2698467,2.2053027153015137,2.3393837809562683,0.104292914,0.75661564,0.7351009249687195,0.7797946184873581,0.034764305,0.16200002,0.1420000083744526,0.17000001296401024,0.046413165,0.0,0.0,0.0,0.0,0.15913092,0.13974528387188911,0.1738177239894867,0.027187869,6.019995,6.019995212554932,6.019995212554932,0.0,6.039995,6.039995193481445,6.039995193481445,0.0,969600.0,969600.0,969600.0,0.0
303,0.0,0.0,0.0,0.0,1.0,1.0,1.0,0.0,0.51250535,0.5116904973983765,0.5145429521799088,0.0030510295,0.5125097,0.511694923043251,0.5145474672317505,0.0030510346,1.0397859,1.0133660435676575,1.0656482875347137,0.033015467,0.0914874,0.08597223460674286,0.09697107039391994,0.006926414,0.0914874,0.08597223460674286,0.09697107039391994,0.006926414,1.0,1.0,1.0,0.0,4.3576733e-06,4.0949781805466046e-06,4.61886816083279e-06,3.2991485e-07,4.7631405e-05,4.763140532304533e-05,4.763140532304533e-05,0.0,-27.703644,-28.123900890350342,-27.240039825439453,0.72483945,2.2875745,2.2294498085975647,2.3444730043411255,0.072635464,0.76252484,0.7431499511003494,0.7814910113811493,0.024211822,0.17133336,0.15000000968575478,0.1900000125169754,0.032800592,0.0,0.0,0.0,0.0,0.16721863,0.1508282907307148,0.17789531499147415,0.0203469,6.039995,6.039995193481445,6.039995193481445,0.0,6.059995,6.059995174407959,6.059995174407959,0.0,972800.0,972800.0,972800.0,0.0
304,0.0,0.0,0.0,0.0,1.0,1.0,1.0,0.0,0.5125097,0.511694923043251,0.5145474672317505,0.0030510346,0.51251405,0.5116998702287674,0.5145516246557236,0.003051002,1.0284113,1.0136314928531647,1.0555119812488556,0.03273925,0.09391191,0.08800108544528484,0.09691258892416954,0.0070918077,0.09391191,0.08800108544528484,0.09691258892416954,0.0070918077,1.0,1.0,1.0,0.0,4.3845816e-06,4.108615939912852e-06,4.524678274719918e-06,3.3110396e-07,4.6688237e-05,4.6688241127412766e-05,4.6688241127412766e-05,0.0,-27.235373,-27.740424156188965,-26.47550916671753,0.81857836,2.2625499,2.230033755302429,2.322172701358795,0.07202778,0.7541833,0.7433446198701859,0.7740575671195984,0.02400926,0.15333335,0.12600000575184822,0.16600001230835915,0.04217137,0.0,0.0,0.0,0.0,0.15605353,0.1411382555961609,0.15855996683239937,0.028078686,6.059995,6.059995174407959,6.059995174407959,0.0,6.0799956,6.079995155334473,6.079995155334473,0.0,976000.0,976000.0,976000.0,0.0
305,0.0,0.0,0.0,0.0,1.0,1.0,1.0,0.0,0.51251405,0.5116998702287674,0.5145516246557236,0.003051002,0.51251763,0.5117031782865524,0.5145560204982758,0.0030516998,1.0526849,1.0248085856437683,1.0726065039634705,0.043434877,0.07662616,0.0846143327653408,0.09444769471883774,0.03611503,0.08897082,0.0846143327653408,0.09444769471883774,0.008513323,0.8333333,1.0,1.0,0.38924947,3.5067003e-06,3.872269189741928e-06,4.322280574342585e-06,1.6527594e-06,4.576375e-05,4.5763750676997006e-05,4.5763750676997006e-05,0.0,-27.595282,-28.09752130508423,-26.966906547546387,0.9472715,2.315953,2.2546239495277405,2.359781503677368,0.09555866,0.77198434,0.751541331410408,0.7865938544273376,0.031852894,0.16066667,0.15000000968575478,0.17800001427531242,0.029037073,0.0006666667,0.0,0.0,0.0023094013,0.16022326,0.1486751101911068,0.17290345206856728,0.016812876,6.0799956,6.079995155334473,6.079995155334473,0.0,6.099995,6.099995136260986,6.099995136260986,0.0,979200.0,979200.0,979200.0,0.0
306,0.0,0.0,0.0,0.0,1.0,1.0,1.0,0.0,0.51251763,0.5117031782865524,0.5145560204982758,0.0030516998,0.51252174,0.5117076337337494,0.5145597010850906,0.0030516693,1.0376374,1.0105214416980743,1.0696347951889038,0.045166604,0.09216285,0.08518546633422375,0.09760833531618118,0.009862433,0.09216285,0.08518546633422375,0.09760833531618118,0.009862433,1.0,1.0,1.0,0.0,4.1342014e-06,3.821213340415852e-06,4.378473249744275e-06,4.424048e-07,4.4857574e-05,4.4857573811896145e-05,4.4857573811896145e-05,0.0,-27.40991,-27.891239643096924,-26.79976749420166,0.90970755,2.2828476,2.2231916189193726,2.3532435297966003,0.09936853,0.7609492,0.7410639077425003,0.784414529800415,0.033122845,0.13800001,0.12400000542402267,0.15200001001358032,0.032203898,0.0,0.0,0.0,0.0,0.15192848,0.14534105360507965,0.156285610049963,0.017640974,6.099995,6.099995136260986,6.099995136260986,0.0,6.119995,6.1199951171875,6.1199951171875,0.0,982400.0,982400.0,982400.0,0.0
307,0.0,0.0,0.0,0.0,1.0,1.0,1.0,0.0,0.51252174,0.5117076337337494,0.5145597010850906,0.0030516693,0.51252556,0.5117118060588837,0.5145637094974518,0.0030516975,1.0310037,1.0135240852832794,1.0433509647846222,0.032689963,0.086755335,0.09050010330975056,0.09694168530404568,0.027838552,0.09335053,0.09050010330975056,0.09694168530404568,0.006969709,0.9166667,1.0,1.0,0.28867513,3.8145743e-06,3.979228836215043e-06,4.2624607203833875e-06,1.2240425e-06,4.396933e-05,4.396932854433544e-05,4.396932854433544e-05,0.0,-27.257563,-27.629488945007324,-26.880765914916992,0.63646096,2.2682536,2.2297974824905396,2.2954180240631104,0.071919374,0.7560845,0.743265837430954,0.7651393562555313,0.02397312,0.14466667,0.11800000444054604,0.17000001296401024,0.03134945,0.0006666667,0.0,0.0,0.0023094013,0.15219212,0.1381245143711567,0.16109730303287506,0.018215679,6.119995,6.1199951171875,6.1199951171875,0.0,6.139995,6.139995098114014,6.139995098114014,0.0,985600.0,985600.0,985600.0,0.0
308,0.0,0.0,0.0,0.0,1.0,1.0,1.0,0.0,0.51252556,0.5117118060588837,0.5145637094974518,0.0030516975,0.51252955,0.5117155760526657,0.514567568898201,0.0030516998,1.0349451,1.021155297756195,1.0607663989067078,0.044103276,0.09271782,0.08695890568196774,0.09524592012166977,0.009816104,0.09271782,0.08695890568196774,0.09524592012166977,0.009816104,1.0,1.0,1.0,0.0,3.996016e-06,3.7478143326552527e-06,4.104973868379602e-06,4.230611e-07,4.3098684e-05,4.3098683818243444e-05,4.3098683818243444e-05,0.0,-27.207407,-27.90150547027588,-26.635494232177734,0.815832,2.2769248,2.246586561203003,2.3337327241897583,0.09702914,0.758975,0.7488622069358826,0.7779109179973602,0.03234305,0.15733334,0.1340000070631504,0.17000001296401024,0.042651515,0.0,0.0,0.0,0.0,0.15795065,0.14532949402928352,0.1648160070180893,0.019831618,6.139995,6.139995098114014,6.139995098114014,0.0,6.1599946,6.159995079040527,6.159995079040527,0.0,988800.0,988800.0,988800.0,0.0
309,0.0,0.0,0.0,0.0,1.0,1.0,1.0,0.0,0.51252955,0.5117155760526657,0.514567568898201,0.0030516998,0.5125334,0.511719673871994,0.5145718306303024,0.0030517578,1.0386031,1.0313025414943695,1.0544406473636627,0.02691567,0.09165752,0.08821945823729038,0.09304730035364628,0.005757683,0.09165752,0.08821945823729038,0.09304730035364628,0.005757683,1.0,1.0,1.0,0.0,3.872097e-06,3.72685531146999e-06,3.93080892990838e-06,2.432349e-07,4.2245276e-05,4.224527583573945e-05,4.224527583573945e-05,0.0,-27.344444,-27.824922561645508,-26.802382469177246,0.69529885,2.2849724,2.2689109444618225,2.3198158144950867,0.059215616,0.7616575,0.756303682923317,0.7732719630002975,0.019738542,0.14600001,0.12800000607967377,0.17800001427531242,0.036281727,0.0,0.0,0.0,0.0,0.15235937,0.13594603165984154,0.1613580845296383,0.020356663,6.1599946,6.159995079040527,6.159995079040527,0.0,6.179995,6.179995059967041,6.179995059967041,0.0,992000.0,992000.0,992000.0,0.0
310,0.0,0.0,0.0,0.0,1.0,1.0,1.0,0.0,0.5125334,0.511719673871994,0.5145718306303024,0.0030517578,0.5125372,0.5117236375808716,0.5145754218101501,0.003051714,1.047242,1.025794893503189,1.061359167098999,0.025459964,0.08983327,0.08684743382036686,0.09423361718654633,0.005211414,0.08983327,0.08684743382036686,0.09423361718654633,0.005211414,1.0,1.0,1.0,0.0,3.7198845e-06,3.5962448237114586e-06,3.902097432728624e-06,2.157982e-07,4.1408766e-05,4.140876262681559e-05,4.140876262681559e-05,0.0,-27.690123,-28.01675844192505,-27.156652450561523,0.6649239,2.3039784,2.2567938566207886,2.3350366950035095,0.056013003,0.7679928,0.7522646337747574,0.7783455699682236,0.01867101,0.13066667,0.10400000214576721,0.14600000903010368,0.03433878,0.0,0.0,0.0,0.0,0.1576234,0.1442606933414936,0.1623590886592865,0.023784343,6.179995,6.179995059967041,6.179995059967041,0.0,6.199995,6.199995040893555,6.199995040893555,0.0,995200.0,995200.0,995200.0,0.0
311,0.0,0.0,0.0,0.0,1.0,1.0,1.0,0.0,0.5125372,0.5117236375808716,0.5145754218101501,0.003051714,0.512541,0.5117276012897491,0.5145792365074158,0.0030516293,1.0262133,0.99472875893116,1.0496560633182526,0.035457116,0.09443325,0.08920542895793915,0.10122532583773136,0.007809643,0.09443325,0.08920542895793915,0.10122532583773136,0.007809643,1.0,1.0,1.0,0.0,3.832934e-06,3.6207428024681576e-06,4.108616167286527e-06,3.169842e-07,4.0588817e-05,4.058881677337922e-05,4.058881677337922e-05,0.0,-27.429781,-27.792518138885498,-27.28690528869629,0.5073121,2.2577143,2.1884469389915466,2.309289515018463,0.07800722,0.7525714,0.7294823229312897,0.769763171672821,0.026002403,0.15933333,0.12800000607967377,0.18400001525878906,0.035525493,0.0,0.0,0.0,0.0,0.15812631,0.15261919423937798,0.16535451263189316,0.016669499,6.199995,6.199995040893555,6.199995040893555,0.0,6.219995,6.219995021820068,6.219995021820068,0.0,998400.0,998400.0,998400.0,0.0
312,0.0,0.0,0.0,0.0,1.0,1.0,1.0,0.0,0.512541,0.5117276012897491,0.5145792365074158,0.0030516293,0.5125447,0.5117312520742416,0.5145829617977142,0.0030516826,1.0342613,1.0204811990261078,1.0426160097122192,0.023317426,0.09253473,0.09066583216190338,0.09539442509412766,0.00487017,0.09253473,0.09066583216190338,0.09539442509412766,0.00487017,1.0,1.0,1.0,0.0,3.6815043e-06,3.6071495514988783e-06,3.795277109475137e-06,1.9376021e-07,3.9785104e-05,3.97851035813801e-05,3.97851035813801e-05,0.0,-27.457521,-27.86539363861084,-27.249646186828613,0.70983905,2.2754204,2.245103359222412,2.293801009654999,0.051299386,0.75847346,0.7483677864074707,0.7646003514528275,0.017099801,0.14083333,0.11749999783933163,0.17249999940395355,0.036545943,0.0,0.0,0.0,0.0,0.15876912,0.14104651659727097,0.17538290470838547,0.019817386,6.219995,6.219995021820068,6.219995021820068,0.0,6.2399955,6.239995002746582,6.239995002746582,0.0,1001600.0,1001600.0,1001600.0,0.0
313,0.0,0.0,0.0,0.0,1.0,1.0,1.0,0.0,0.5125447,0.5117312520742416,0.5145829617977142,0.0030516826,0.51254797,0.511733889579773,0.5145867168903351,0.0030517813,1.042533,1.0185827314853668,1.0672311186790466,0.040209725,0.084694326,0.08566060662269592,0.09581225551664829,0.027551105,0.09102586,0.08566060662269592,0.09581225551664829,0.008374606,0.9166667,1.0,1.0,0.28867513,3.3028502e-06,3.34053288497671e-06,3.736419898814347e-06,1.0744188e-06,3.8997307e-05,3.8997306546662e-05,3.8997306546662e-05,0.0,-27.479494,-28.04335355758667,-27.10228967666626,0.8238458,2.2936184,2.2409268021583557,2.3479554057121277,0.088463165,0.7645395,0.7469756007194519,0.7826518416404724,0.029487731,0.16733335,0.15200001001358032,0.18800001218914986,0.035030723,0.0,0.0,0.0,0.0,0.15900795,0.1492912769317627,0.16475951299071312,0.01901071,6.2399955,6.239995002746582,6.239995002746582,0.0,6.259995,6.259994983673096,6.259994983673096,0.0,1004800.0,1004800.0,1004800.0,0.0
314,0.0,0.0,0.0,0.0,1.0,1.0,1.0,0.0,0.51254797,0.511733889579773,0.5145867168903351,0.0030517813,0.5125511,0.5117377489805222,0.5145905613899231,0.003051857,1.0466357,1.0297516882419586,1.0712214410305023,0.03935976,0.08359737,0.08488963916897774,0.09343848936259747,0.027362918,0.090159826,0.08488963916897774,0.09343848936259747,0.008280401,0.9166667,1.0,1.0,0.28867513,3.1955187e-06,3.244915717459662e-06,3.5716965385290678e-06,1.0459506e-06,3.822511e-05,3.8225109165068716e-05,3.8225109165068716e-05,0.0,-27.799166,-28.943725109100342,-26.85486888885498,1.1706467,2.3026445,2.2654990553855896,2.3567341566085815,0.086593196,0.76754814,0.7551663666963577,0.7855780720710754,0.028864402,0.14600001,0.1120000034570694,0.1680000126361847,0.05038037,0.0,0.0,0.0,0.0,0.16112137,0.15734069049358368,0.17492682114243507,0.024156407,6.259995,6.259994983673096,6.259994983673096,0.0,6.279995,6.279994964599609,6.279994964599609,0.0,1008000.0,1008000.0,1008000.0,0.0
315,0.0,0.0,0.0,0.0,1.0,1.0,1.0,0.0,0.5125511,0.5117377489805222,0.5145905613899231,0.003051857,0.512554,0.511738583445549,0.5145938247442245,0.0030519844,1.0563247,1.0402068495750427,1.0647604167461395,0.03666811,0.07557353,0.08615177497267723,0.09116258844733238,0.03550099,0.088116705,0.08615177497267723,0.09116258844733238,0.007166226,0.8333333,1.0,1.0,0.38924947,2.8316042e-06,3.227952049655869e-06,3.415698358821828e-06,1.3301582e-06,3.7468202e-05,3.7468202208401635e-05,3.7468202208401635e-05,0.0,-27.850172,-28.29758644104004,-27.436046600341797,0.61459994,2.3239608,2.288500726222992,2.342519700527191,0.08067145,0.7746536,0.7628336101770401,0.7808399200439453,0.026890479,0.15533334,0.13600000739097595,0.17800001427531242,0.035030723,0.0,0.0,0.0,0.0,0.16794492,0.15672744065523148,0.17964176461100578,0.019676022,6.279995,6.279994964599609,6.279994964599609,0.0,6.299995,6.299994945526123,6.299994945526123,0.0,1011200.0,1011200.0,1011200.0,0.0
316,0.0,0.0,0.0,0.0,1.0,1.0,1.0,0.0,0.512554,0.511738583445549,0.5145938247442245,0.0030519844,0.5125574,0.5117419511079788,0.5145971179008484,0.003052007,1.0340203,1.008408099412918,1.0614031553268433,0.027484585,0.09263542,0.08681615255773067,0.09808258712291718,0.0058635264,0.09263542,0.08681615255773067,0.09808258712291718,0.0058635264,1.0,1.0,1.0,0.0,3.4021543e-06,3.1884343343335786e-06,3.602208607844659e-06,2.1534551e-07,3.672628e-05,3.6726280086440966e-05,3.6726280086440966e-05,0.0,-27.413162,-27.582059860229492,-27.194900035858154,0.76579887,2.27489,2.218542218208313,2.335133671760559,0.060467277,0.75829667,0.739514097571373,0.778377890586853,0.020155752,0.17000002,0.1420000083744526,0.1860000118613243,0.03413343,0.0,0.0,0.0,0.0,0.16504642,0.1565769799053669,0.17154274135828018,0.013937599,6.299995,6.299994945526123,6.299994945526123,0.0,6.3199944,6.319994926452637,6.319994926452637,0.0,1014400.0,1014400.0,1014400.0,0.0
317,0.0,0.0,0.0,0.0,1.0,1.0,1.0,0.0,0.5125574,0.5117419511079788,0.5145971179008484,0.003052007,0.5125608,0.5117455720901489,0.5146004557609558,0.0030519653,1.0283798,0.9950766861438751,1.0529188513755798,0.03184553,0.09390526,0.0885310024023056,0.1011400856077671,0.006879252,0.09390526,0.0885310024023056,0.1011400856077671,0.006879252,1.0,1.0,1.0,0.0,3.3805002e-06,3.18703212087712e-06,3.6409471135812055e-06,2.4764654e-07,3.599905e-05,3.599905176088214e-05,3.599905176088214e-05,0.0,-27.388163,-27.834380626678467,-27.10841464996338,0.64844656,2.2624805,2.189212441444397,2.3164677023887634,0.07006155,0.7541602,0.7297374904155731,0.7721559405326843,0.023353864,0.16666667,0.12800000607967377,0.19600000232458115,0.044715937,0.0,0.0,0.0,0.0,0.15118088,0.13937925919890404,0.15631231665611267,0.023581568,6.3199944,6.319994926452637,6.319994926452637,0.0,6.339995,6.33999490737915,6.33999490737915,0.0,1017600.0,1017600.0,1017600.0,0.0
318,0.0,0.0,0.0,0.0,1.0,1.0,1.0,0.0,0.5125608,0.5117455720901489,0.5146004557609558,0.0030519653,0.5125639,0.5117488354444504,0.514603853225708,0.0030526044,1.0267729,1.0133678317070007,1.0347836315631866,0.040046133,0.08782024,0.09230620786547661,0.09696885757148266,0.02850874,0.09438222,0.09230620786547661,0.09696885757148266,0.00849334,0.9166667,1.0,1.0,0.28867513,3.0988447e-06,3.25713733673183e-06,3.4216646440654586e-06,1.0059657e-06,3.5286223e-05,3.528622255544178e-05,3.528622255544178e-05,0.0,-27.24441,-27.4534969329834,-26.899244785308838,0.7702274,2.2589452,2.2294538021087646,2.276569426059723,0.088103265,0.75298184,0.7431513071060181,0.758856475353241,0.029367756,0.15733334,0.13600000739097595,0.17600001394748688,0.029211871,0.0,0.0,0.0,0.0,0.16831051,0.1502540372312069,0.18076728284358978,0.025905777,6.339995,6.33999490737915,6.33999490737915,0.0,6.359995,6.359994888305664,6.359994888305664,0.0,1020800.0,1020800.0,1020800.0,0.0
319,0.0,0.0,0.0,0.0,1.0,1.0,1.0,0.0,0.5125639,0.5117488354444504,0.514603853225708,0.0030526044,0.5125671,0.5117520540952682,0.5146069675683975,0.0030526216,1.0331017,1.0232422351837158,1.053115963935852,0.023590043,0.09278742,0.08848943747580051,0.09479213878512383,0.0050879037,0.09278742,0.08848943747580051,0.09479213878512383,0.0050879037,1.0,1.0,1.0,0.0,3.2092864e-06,3.0606294671997603e-06,3.2786242059046344e-06,1.7597792e-07,3.4587512e-05,3.458751234575175e-05,3.458751234575175e-05,0.0,-27.268496,-27.661180019378662,-26.98456859588623,0.6960917,2.2728693,2.2511778473854065,2.316901385784149,0.05189912,0.75762314,0.7503926306962967,0.7723004817962646,0.017299706,0.16733335,0.14000000804662704,0.19200000166893005,0.034528863,0.0,0.0,0.0,0.0,0.16322817,0.1549186073243618,0.17695193365216255,0.016664332,6.359995,6.359994888305664,6.359994888305664,0.0,6.379995,6.379994869232178,6.379994869232178,0.0,1024000.0,1024000.0,1024000.0,0.0
320,0.0,0.0,0.0,0.0,1.0,1.0,1.0,0.0,0.5125671,0.5117520540952682,0.5146069675683975,0.0030526216,0.5125702,0.5117549449205399,0.5146101415157318,0.0030527988,1.0368615,0.9958962649106979,1.0607842206954956,0.036895916,0.09216576,0.08695882186293602,0.10094941221177578,0.007786327,0.09216576,0.08695882186293602,0.10094941221177578,0.007786327,1.0,1.0,1.0,0.0,3.1246618e-06,2.948133101199346e-06,3.4224509022351413e-06,2.6397697e-07,3.3902634e-05,3.3902633731486276e-05,3.3902633731486276e-05,0.0,-27.398169,-27.520530700683594,-26.950927257537842,0.6896292,2.281141,2.1910155415534973,2.3337718844413757,0.081172615,0.7603803,0.7303385138511658,0.7779240012168884,0.02705754,0.16666667,0.14000000804662704,0.20400000363588333,0.040768377,0.0,0.0,0.0,0.0,0.15498376,0.14176642149686813,0.16528350487351418,0.015387923,6.379995,6.379994869232178,6.379994869232178,0.0,6.3999953,6.399994850158691,6.399994850158691,0.0,1027200.0,1027200.0,1027200.0,0.0
321,0.0,0.0,0.0,0.0,1.0,1.0,1.0,0.0,0.5125702,0.5117549449205399,0.5146101415157318,0.0030527988,0.5125733,0.5117579847574234,0.5146132558584213,0.0030527164,1.0295724,1.0195211470127106,1.0457408130168915,0.033524014,0.09367532,0.09000345878303051,0.09560618177056313,0.0073536723,0.09367532,0.09000345878303051,0.09560618177056313,0.0073536723,1.0,1.0,1.0,0.0,3.1129546e-06,2.990933523960848e-06,3.1771193675922405e-06,2.4437222e-07,3.3231318e-05,3.323131750221364e-05,3.323131750221364e-05,0.0,-27.146765,-27.56853485107422,-26.900346755981445,0.90818036,2.2651043,2.2429913878440857,2.300675630569458,0.073754266,0.75503486,0.7476638108491898,0.7668918967247009,0.02458476,0.15133335,0.12000000476837158,0.16200001165270805,0.04948707,0.0,0.0,0.0,0.0,0.15314089,0.1416948065161705,0.16319835931062698,0.021757966,6.3999953,6.399994850158691,6.399994850158691,0.0,6.419995,6.419994831085205,6.419994831085205,0.0,1030400.0,1030400.0,1030400.0,0.0
322,0.0,0.0,0.0,0.0,1.0,1.0,1.0,0.0,0.5125733,0.5117579847574234,0.5146132558584213,0.0030527164,0.51257604,0.5117601752281189,0.5146162360906601,0.00305286,1.0491492,1.0350915491580963,1.059485286474228,0.026310768,0.082831085,0.08721791207790375,0.09224103763699532,0.026435532,0.08944851,0.08721791207790375,0.09224103763699532,0.0053295735,0.9166667,1.0,1.0,0.28867513,2.6980813e-06,2.840974730133894e-06,3.0045945322854095e-06,8.6109236e-07,3.2573294e-05,3.257329444750212e-05,3.257329444750212e-05,0.0,-27.748003,-28.20357894897461,-27.083678245544434,0.6279425,2.3081744,2.2772469520568848,2.3309141397476196,0.05788488,0.7693915,0.7590823471546173,0.7769713997840881,0.019294959,0.13200001,0.11000000312924385,0.14400000870227814,0.03003029,0.0,0.0,0.0,0.0,0.16102445,0.1495225541293621,0.1662718914449215,0.022421055,6.419995,6.419994831085205,6.419994831085205,0.0,6.439995,6.439994812011719,6.439994812011719,0.0,1033600.0,1033600.0,1033600.0,0.0
323,0.0,0.0,0.0,0.0,1.0,1.0,1.0,0.0,0.51257604,0.5117601752281189,0.5146162360906601,0.00305286,0.512579,0.5117634236812592,0.5146193951368332,0.0030528728,1.0306672,1.0097529888153076,1.0501206517219543,0.031580362,0.0934079,0.08911408856511116,0.09778912179172039,0.00677851,0.0934079,0.08911408856511116,0.09778912179172039,0.00677851,1.0,1.0,1.0,0.0,2.9823552e-06,2.8452612923501874e-06,3.1222403436004242e-06,2.1642627e-07,3.19283e-05,3.1928298994898796e-05,3.1928298994898796e-05,0.0,-27.41456,-27.78496551513672,-26.8936767578125,0.63405126,2.267513,2.221500873565674,2.3103115558624268,0.06947817,0.7558377,0.7405003160238266,0.7701038718223572,0.02315939,0.15666668,0.13600000739097595,0.1640000119805336,0.037283517,0.0,0.0,0.0,0.0,0.15537708,0.14205538108944893,0.1700965166091919,0.01750638,6.439995,6.439994812011719,6.439994812011719,0.0,6.459995,6.459994792938232,6.459994792938232,0.0,1036800.0,1036800.0,1036800.0,0.0
324,0.0,0.0,0.0,0.0,1.0,1.0,1.0,0.0,0.512579,0.5117634236812592,0.5146193951368332,0.0030528728,0.51258194,0.5117662698030472,0.514622300863266,0.003052992,1.027898,0.9932649582624435,1.0516107678413391,0.04365542,0.09421453,0.08883593417704105,0.10157215222716331,0.009509502,0.09421453,0.08883593417704105,0.10157215222716331,0.009509502,1.0,1.0,1.0,0.0,2.9485452e-06,2.780216163955629e-06,3.178809834025742e-06,2.9761011e-07,3.1296076e-05,3.129607648588717e-05,3.129607648588717e-05,0.0,-27.310114,-27.83311939239502,-26.774200439453125,0.81304604,2.2614207,2.1852265000343323,2.3135899901390076,0.09604387,0.7538069,0.7284088581800461,0.7711966782808304,0.032014623,0.16466667,0.14400000870227814,0.18400001525878906,0.03866249,0.0006666667,0.0,0.0,0.0023094013,0.15740885,0.14208843931555748,0.16627531871199608,0.025023596,6.459995,6.459994792938232,6.459994792938232,0.0,6.4799943,6.479994773864746,6.479994773864746,0.0,1040000.0,1040000.0,1040000.0,0.0
325,0.0,0.0,0.0,0.0,1.0,1.0,1.0,0.0,0.51258194,0.5117662698030472,0.514622300863266,0.003052992,0.5125844,0.5117689967155457,0.5146253257989883,0.0030533366,1.0438329,1.0106180012226105,1.065822273492813,0.05524173,0.07890643,0.08600638248026371,0.09758554399013519,0.03756971,0.09105662,0.08600638248026371,0.09758554399013519,0.011190527,0.8333333,1.0,1.0,0.38924947,2.4205635e-06,2.6383641511529277e-06,2.993570831222314e-06,1.1525025e-06,3.0676376e-05,3.067637589992955e-05,3.067637589992955e-05,0.0,-27.565575,-28.093220233917236,-27.152957916259766,0.8848885,2.2964783,2.2234039306640625,2.344855844974518,0.121534266,0.76549274,0.7411346435546875,0.7816186398267746,0.04051143,0.145,0.11999999731779099,0.17249999940395355,0.029695423,0.0,0.0,0.0,0.0,0.15761296,0.1449667625129223,0.17230157181620598,0.017259642,6.4799943,6.479994773864746,6.479994773864746,0.0,6.4999948,6.49999475479126,6.49999475479126,0.0,1043200.0,1043200.0,1043200.0,0.0
326,0.0,0.0,0.0,0.0,1.0,1.0,1.0,0.0,0.5125844,0.5117689967155457,0.5146253257989883,0.0030533366,0.5125869,0.5117717236280441,0.5146282613277435,0.003053311,1.0403003,1.0237973928451538,1.0505166351795197,0.030515278,0.084991485,0.08901968039572239,0.09466786123812199,0.027050816,0.09133917,0.08901968039572239,0.09466786123812199,0.006178577,0.9166667,1.0,1.0,0.28867513,2.555604e-06,2.676727717698668e-06,2.846562551894749e-06,8.133894e-07,3.0068943e-05,3.006894257850945e-05,3.006894257850945e-05,0.0,-27.510626,-27.96981716156006,-27.091474533081055,0.6240334,2.288706,2.252399206161499,2.3111827969551086,0.06713497,0.762902,0.750799760222435,0.7703942954540253,0.022378318,0.14733334,0.12400000542402267,0.17000001296401024,0.03171846,0.0,0.0,0.0,0.0,0.15973806,0.15020715445280075,0.16284624487161636,0.017333267,6.4999948,6.49999475479126,6.49999475479126,0.0,6.5199947,6.519994735717773,6.519994735717773,0.0,1046400.0,1046400.0,1046400.0,0.0
327,0.0,0.0,0.0,0.0,1.0,1.0,1.0,0.0,0.5125869,0.5117717236280441,0.5146282613277435,0.003053311,0.51258963,0.5117744207382202,0.5146313309669495,0.0030533853,1.0359707,1.028620719909668,1.0591619312763214,0.035005007,0.09233434,0.08726625703275204,0.09363819286227226,0.0077971807,0.09233434,0.08726625703275204,0.09363819286227226,0.0077971807,1.0,1.0,1.0,0.0,2.7214194e-06,2.572045275428536e-06,2.7598487122304505e-06,2.298105e-07,2.9473536e-05,2.9473536415025592e-05,2.9473536415025592e-05,0.0,-27.037437,-27.743028163909912,-26.407005786895752,0.8132923,2.279181,2.2630106806755066,2.3302027583122253,0.07701256,0.759727,0.7543369084596634,0.7767342627048492,0.02567085,0.13933334,0.12600000575184822,0.15200001001358032,0.023250937,0.0,0.0,0.0,0.0,0.14786194,0.13846411183476448,0.15567316487431526,0.014745196,6.5199947,6.519994735717773,6.519994735717773,0.0,6.5399947,6.539994716644287,6.539994716644287,0.0,1049600.0,1049600.0,1049600.0,0.0
328,0.0,0.0,0.0,0.0,1.0,1.0,1.0,0.0,0.51258963,0.5117744207382202,0.5146313309669495,0.0030533853,0.5125923,0.5117769688367844,0.5146341025829315,0.003053451,1.0343032,1.0173786282539368,1.0561871230602264,0.030743446,0.092615426,0.08786638639867306,0.09608545154333115,0.006452592,0.092615426,0.08786638639867306,0.09608545154333115,0.006452592,1.0,1.0,1.0,0.0,2.6756522e-06,2.5384528612448776e-06,2.7759010663430672e-06,1.8641488e-07,2.8889923e-05,2.8889920940855518e-05,2.8889920940855518e-05,0.0,-27.278814,-28.01125431060791,-26.567074298858643,0.75828356,2.2755125,2.2382776141166687,2.3236581087112427,0.06763692,0.75850415,0.7460925430059433,0.7745527178049088,0.022545634,0.14,0.11800000444054604,0.15600001066923141,0.024000004,0.0,0.0,0.0,0.0,0.15884565,0.14233563840389252,0.16702695563435555,0.022054397,6.5399947,6.539994716644287,6.539994716644287,0.0,6.559995,6.559994697570801,6.559994697570801,0.0,1052800.0,1052800.0,1052800.0,0.0
329,0.0,0.0,0.0,0.0,1.0,1.0,1.0,0.0,0.5125923,0.5117769688367844,0.5146341025829315,0.003053451,0.51259464,0.5117800235748291,0.5146368443965912,0.0030534302,1.0276346,0.99482861161232,1.0451507568359375,0.05225632,0.08175609,0.09018129669129848,0.10119980201125145,0.038735323,0.094439715,0.09018129669129848,0.10119980201125145,0.010835416,0.8333333,1.0,1.0,0.38924947,2.3151579e-06,2.553741637711937e-06,2.865762212422851e-06,1.0969015e-06,2.8317862e-05,2.8317863325355574e-05,2.8317863325355574e-05,0.0,-27.217903,-27.410171508789062,-26.927820682525635,0.91626954,2.2608414,2.1886667013168335,2.2993776202201843,0.11496619,0.75361377,0.7295555919408798,0.7664592266082764,0.038322072,0.16600001,0.13600000739097595,0.20200000330805779,0.0452709,0.0006666667,0.0,0.0,0.0023094013,0.1558704,0.1467447504401207,0.16173814609646797,0.014125363,6.559995,6.559994697570801,6.559994697570801,0.0,6.5799947,6.5799946784973145,6.5799946784973145,0.0,1056000.0,1056000.0,1056000.0,0.0
330,0.0,0.0,0.0,0.0,1.0,1.0,1.0,0.0,0.51259464,0.5117800235748291,0.5146368443965912,0.0030534302,0.5125972,0.511782705783844,0.5146394520998001,0.0030534954,1.0341572,1.0162276923656464,1.047970175743103,0.022654284,0.09255087,0.08955245837569237,0.09633285738527775,0.0047749276,0.09255087,0.08955245837569237,0.09633285738527775,0.0047749276,1.0,1.0,1.0,0.0,2.5689467e-06,2.4857194489413814e-06,2.6739239160633588e-06,1.325383e-07,2.7757133e-05,2.775713255687151e-05,2.775713255687151e-05,0.0,-27.348719,-27.67162275314331,-27.004323959350586,0.50669855,2.275191,2.2357455492019653,2.305580496788025,0.049840454,0.7583971,0.745248556137085,0.7685268670320511,0.016613487,0.16200002,0.1420000083744526,0.17600001394748688,0.026669696,0.0,0.0,0.0,0.0,0.16169573,0.14846505224704742,0.17249572277069092,0.017155387,6.5799947,6.5799946784973145,6.5799946784973145,0.0,6.5999947,6.599994659423828,6.599994659423828,0.0,1059200.0,1059200.0,1059200.0,0.0
331,0.0,0.0,0.0,0.0,1.0,1.0,1.0,0.0,0.5125972,0.511782705783844,0.5146394520998001,0.0030534954,0.5125994,0.5117833912372589,0.5146420001983643,0.00305322,1.0340976,1.0021042227745056,1.0452943444252014,0.04393709,0.08014757,0.09010479226708412,0.09951674938201904,0.037697934,0.09286895,0.09010479226708412,0.09951674938201904,0.008926036,0.8333333,1.0,1.0,0.38924947,2.1806152e-06,2.4515264840374584e-06,2.7076023343397537e-06,1.0256666e-06,2.7207503e-05,2.7207503080717288e-05,2.7207503080717288e-05,0.0,-27.31428,-27.53117275238037,-26.95774793624878,0.7763334,2.27506,2.2046733498573303,2.299693465232849,0.096663535,0.7583533,0.7348911464214325,0.7665644884109497,0.032221183,0.14466667,0.12000000476837158,0.16200001165270805,0.035030726,0.0006666667,0.0,0.0,0.0023094013,0.15541273,0.14136142283678055,0.16583916544914246,0.017429054,6.5999947,6.599994659423828,6.599994659423828,0.0,6.6199946,6.619994640350342,6.619994640350342,0.0,1062400.0,1062400.0,1062400.0,0.0
332,0.0,0.0,0.0,0.0,1.0,1.0,1.0,0.0,0.5125994,0.5117833912372589,0.5146420001983643,0.00305322,0.51260173,0.5117857605218887,0.5146446973085403,0.0030532803,1.0270126,1.0018399357795715,1.0565148293972015,0.040151037,0.08774668,0.08779810555279255,0.0995789673179388,0.02854526,0.094335444,0.08779810555279255,0.0995789673179388,0.008623944,0.9166667,1.0,1.0,0.28867513,2.3400955e-06,2.3414668817167694e-06,2.655647961091745e-06,7.612668e-07,2.6668764e-05,2.6668763894122094e-05,2.6668763894122094e-05,0.0,-27.169847,-27.57674741744995,-26.674088954925537,0.7374005,2.2594726,2.204091787338257,2.3243789672851562,0.08833404,0.7531576,0.7346972674131393,0.7747929990291595,0.029444678,0.16933334,0.15200001001358032,0.18200001120567322,0.03442339,0.0,0.0,0.0,0.0,0.15673055,0.1459985487163067,0.16686627641320229,0.020384025,6.6199946,6.619994640350342,6.619994640350342,0.0,6.639994,6.6399946212768555,6.6399946212768555,0.0,1065600.0,1065600.0,1065600.0,0.0
333,0.0,0.0,0.0,0.0,1.0,1.0,1.0,0.0,0.51260173,0.5117857605218887,0.5146446973085403,0.0030532803,0.512604,0.5117883831262589,0.514647051692009,0.0030535394,1.0307957,1.0129907727241516,1.0445086061954498,0.03340212,0.08682901,0.09026201441884041,0.09705395624041557,0.027872415,0.09340463,0.09026201441884041,0.09705395624041557,0.007072314,0.9166667,1.0,1.0,0.28867513,2.2697698e-06,2.35951097238285e-06,2.5370569574079127e-06,7.2860405e-07,2.6140688e-05,2.6140685804421082e-05,2.6140685804421082e-05,0.0,-27.485807,-27.479976654052734,-27.099135875701904,0.71758527,2.2677958,2.228624165058136,2.297964930534363,0.07348614,0.7559319,0.7428747266530991,0.7659883350133896,0.02449538,0.15533334,0.12400000542402267,0.19200000166893005,0.040857475,0.0,0.0,0.0,0.0,0.16370478,0.1444448120892048,0.1733936294913292,0.025277596,6.639994,6.6399946212768555,6.6399946212768555,0.0,6.6599946,6.659994602203369,6.659994602203369,0.0,1068800.0,1068800.0,1068800.0,0.0
334,0.0,0.0,0.0,0.0,1.0,1.0,1.0,0.0,0.512604,0.5117883831262589,0.514647051692009,0.0030535394,0.51260644,0.5117907375097275,0.5146492570638657,0.0030535378,1.0224859,1.0044307559728622,1.0359110534191132,0.028607147,0.095142476,0.09207085892558098,0.09899750351905823,0.006234745,0.095142476,0.09207085892558098,0.09899750351905823,0.006234745,1.0,1.0,1.0,0.0,2.4378417e-06,2.3591376248077722e-06,2.53661949045636e-06,1.5975326e-07,2.5623065e-05,2.5623065084801055e-05,2.5623065084801055e-05,0.0,-27.111193,-27.412643432617188,-26.8144474029541,0.7380765,2.2495139,2.2097917199134827,2.279049813747406,0.06293698,0.74983805,0.7365972399711609,0.7596833109855652,0.020978998,0.15066667,0.1120000034570694,0.17400000989437103,0.03671347,0.0,0.0,0.0,0.0,0.15286298,0.13554371520876884,0.15769391134381294,0.02013899,6.6599946,6.659994602203369,6.659994602203369,0.0,6.6799946,6.679994583129883,6.679994583129883,0.0,1072000.0,1072000.0,1072000.0,0.0
335,0.0,0.0,0.0,0.0,1.0,1.0,1.0,0.0,0.51260644,0.5117907375097275,0.5146492570638657,0.0030535378,0.5126088,0.5117928236722946,0.5146516859531403,0.0030536056,1.030189,1.0143208503723145,1.0596629977226257,0.04356905,0.09372544,0.0871645137667656,0.09675653465092182,0.0097194975,0.09372544,0.0871645137667656,0.09675653465092182,0.0097194975,1.0,1.0,1.0,0.0,2.3539797e-06,2.1891973460697045e-06,2.430107485906774e-06,2.441119e-07,2.5115694e-05,2.511569437047001e-05,2.511569437047001e-05,0.0,-27.319122,-27.67128038406372,-26.957242488861084,0.638587,2.2664611,2.231550455093384,2.3313050866127014,0.09585381,0.75548714,0.7438501715660095,0.7771017253398895,0.031951275,0.17933334,0.1420000083744526,0.20400000363588333,0.03681238,0.0013333334,0.0,0.0,0.003113996,0.16350463,0.15051109716296196,0.17160242050886154,0.01993461,6.6799946,6.679994583129883,6.679994583129883,0.0,6.6999946,6.6999945640563965,6.6999945640563965,0.0,1075200.0,1075200.0,1075200.0,0.0
336,0.0,0.0,0.0,0.0,1.0,1.0,1.0,0.0,0.5126088,0.5117928236722946,0.5146516859531403,0.0030536056,0.5126111,0.5117949545383453,0.514653891324997,0.0030536065,1.0390998,1.033895581960678,1.0518352389335632,0.02439443,0.09152484,0.08875021152198315,0.09249857813119888,0.005275473,0.09152484,0.08875021152198315,0.09249857813119888,0.005275473,1.0,1.0,1.0,0.0,2.2531922e-06,2.1848855453754368e-06,2.277164185215952e-06,1.2987354e-07,2.461837e-05,2.4618369934614748e-05,2.4618369934614748e-05,0.0,-27.390215,-27.672661781311035,-27.250368118286133,0.43179885,2.2860653,2.27461576461792,2.314083755016327,0.053668812,0.7620218,0.7582052648067474,0.7713612765073776,0.017889613,0.14,0.11800000444054604,0.1680000126361847,0.03298485,0.0,0.0,0.0,0.0,0.15498643,0.1442854106426239,0.1637902557849884,0.020381544,6.6999946,6.6999945640563965,6.6999945640563965,0.0,6.719995,6.71999454498291,6.71999454498291,0.0,1078400.0,1078400.0,1078400.0,0.0
337,0.0,0.0,0.0,0.0,1.0,1.0,1.0,0.0,0.5126111,0.5117949545383453,0.514653891324997,0.0030536065,0.5126133,0.5117969661951065,0.5146562904119492,0.0030536952,1.0342797,1.0064549446105957,1.065479427576065,0.037606265,0.09272584,0.08602037280797958,0.09852858632802963,0.007932981,0.09272584,0.08602037280797958,0.09852858632802963,0.007932981,1.0,1.0,1.0,0.0,2.2375575e-06,2.0757486254296964e-06,2.377583086854429e-06,1.9142993e-07,2.4130895e-05,2.4130895326379687e-05,2.4130895326379687e-05,0.0,-27.44227,-27.953649044036865,-26.90878438949585,0.8480404,2.275461,2.214245021343231,2.3441015481948853,0.082735464,0.758487,0.7380816787481308,0.7813671976327896,0.02757849,0.14600001,0.11000000312924385,0.17800001427531242,0.045270905,0.0,0.0,0.0,0.0,0.15927458,0.15191466361284256,0.16371773555874825,0.01722816,6.719995,6.71999454498291,6.71999454498291,0.0,6.7399945,6.739994525909424,6.739994525909424,0.0,1081600.0,1081600.0,1081600.0,0.0
338,0.0,0.0,0.0,0.0,1.0,1.0,1.0,0.0,0.5126133,0.5117969661951065,0.5146562904119492,0.0030536952,0.5126153,0.5117992907762527,0.5146584063768387,0.0030536656,1.0393103,1.0166850537061691,1.0569623410701752,0.044388644,0.085462,0.08771880529820919,0.09626016393303871,0.028032433,0.09178183,0.08771880529820919,0.09626016393303871,0.009310666,0.9166667,1.0,1.0,0.28867513,2.021439e-06,2.07481934921816e-06,2.276848874771531e-06,6.6305324e-07,2.3653074e-05,2.3653074094909243e-05,2.3653074094909243e-05,0.0,-27.545374,-28.31889295578003,-26.645936012268066,1.0888293,2.2865283,2.2367517352104187,2.3253636360168457,0.09765697,0.7621762,0.7455839365720749,0.7751212269067764,0.032552313,0.17666666,0.12999999523162842,0.20249998942017555,0.054827552,0.0,0.0,0.0,0.0,0.15337323,0.13881750032305717,0.17041362449526787,0.02277353,6.7399945,6.739994525909424,6.739994525909424,0.0,6.7599945,6.7599945068359375,6.7599945068359375,0.0,1084800.0,1084800.0,1084800.0,0.0
339,0.0,0.0,0.0,0.0,1.0,1.0,1.0,0.0,0.5126153,0.5117992907762527,0.5146584063768387,0.0030536656,0.5126175,0.5118016451597214,0.5146605968475342,0.0030537525,1.0191014,0.9829568117856979,1.0395881533622742,0.039406873,0.096052945,0.09133330732584,0.10400250181555748,0.008507346,0.096052945,0.09133330732584,0.10400250181555748,0.008507346,1.0,1.0,1.0,0.0,2.2269599e-06,2.117536382684193e-06,2.411267985280574e-06,1.9724034e-07,2.3184713e-05,2.318471160833724e-05,2.318471160833724e-05,0.0,-27.180756,-27.655638694763184,-26.82130479812622,0.85570985,2.2420678,2.1625481843948364,2.2871395349502563,0.08669685,0.74735594,0.7208493947982788,0.7623798549175262,0.02889895,0.16000001,0.1340000070631504,0.18400001525878906,0.036897894,0.0006666667,0.0,0.0,0.0023094013,0.15732227,0.14285704493522644,0.1730431281030178,0.02152525,6.7599945,6.7599945068359375,6.7599945068359375,0.0,6.7799945,6.779994487762451,6.779994487762451,0.0,1088000.0,1088000.0,1088000.0,0.0
340,0.0,0.0,0.0,0.0,1.0,1.0,1.0,0.0,0.5126175,0.5118016451597214,0.5146605968475342,0.0030537525,0.5126195,0.5118037760257721,0.514662116765976,0.0030535364,1.0390401,1.0238750874996185,1.0501557886600494,0.026205653,0.0850193,0.08909314312040806,0.0946509838104248,0.026983686,0.0915519,0.08909314312040806,0.0946509838104248,0.005333119,0.9166667,1.0,1.0,0.28867513,1.9321167e-06,2.0246972098902916e-06,2.1510025476345618e-06,6.13221e-07,2.2725622e-05,2.272562232974451e-05,2.272562232974451e-05,0.0,-27.390348,-27.93344020843506,-26.9953031539917,0.6222256,2.285934,2.252570152282715,2.3103888034820557,0.057653565,0.761978,0.7508567273616791,0.7701296210289001,0.019217854,0.14533333,0.1380000077188015,0.16200001165270805,0.021797974,0.0,0.0,0.0,0.0,0.15421318,0.13883230090141296,0.1642535701394081,0.02274992,6.7799945,6.779994487762451,6.779994487762451,0.0,6.799994,6.799994468688965,6.799994468688965,0.0,1091200.0,1091200.0,1091200.0,0.0
341,0.0,0.0,0.0,0.0,1.0,1.0,1.0,0.0,0.5126195,0.5118037760257721,0.514662116765976,0.0030535364,0.5126215,0.5118058919906616,0.5146644711494446,0.0030536428,1.0404196,1.008612036705017,1.0737474262714386,0.041455314,0.091495536,0.08439411967992783,0.0980421844869852,0.008776901,0.091495536,0.08439411967992783,0.0980421844869852,0.008776901,1.0,1.0,1.0,0.0,2.0381203e-06,1.8799318581841362e-06,2.1839509827259462e-06,1.9551096e-07,2.2275626e-05,2.2275626179180108e-05,2.2275626179180108e-05,0.0,-27.639763,-28.167630195617676,-27.05520009994507,0.73539793,2.2889688,2.2189908027648926,2.3622915148735046,0.0912035,0.7629896,0.739663615822792,0.7874305248260498,0.03040117,0.17466669,0.15000000968575478,0.20000000298023224,0.031603605,0.0,0.0,0.0,0.0,0.1674776,0.16284632310271263,0.1850615292787552,0.020688476,6.799994,6.799994468688965,6.799994468688965,0.0,6.8199944,6.8199944496154785,6.8199944496154785,0.0,1094400.0,1094400.0,1094400.0,0.0
342,0.0,0.0,0.0,0.0,1.0,1.0,1.0,0.0,0.5126215,0.5118058919906616,0.5146644711494446,0.0030536428,0.51262355,0.5118077844381332,0.5146664977073669,0.0030536375,1.0272688,1.017260104417801,1.034784346818924,0.0254587,0.09405901,0.09230315685272217,0.0961193647235632,0.005340819,0.09405901,0.09230315685272217,0.0961193647235632,0.005340819,1.0,1.0,1.0,0.0,2.0537352e-06,2.0153966602265427e-06,2.098721950005711e-06,1.1661433e-07,2.1834538e-05,2.183453761972487e-05,2.183453761972487e-05,0.0,-27.161245,-27.356540203094482,-26.99735927581787,0.4230937,2.2600362,2.238016903400421,2.2765710949897766,0.056010243,0.7533455,0.7460056692361832,0.7588570713996887,0.018670078,0.16466667,0.15400001034140587,0.17600001394748688,0.027387235,0.0,0.0,0.0,0.0,0.15649183,0.15295739471912384,0.161851417273283,0.016573373,6.8199944,6.8199944496154785,6.8199944496154785,0.0,6.8399944,6.839994430541992,6.839994430541992,0.0,1097600.0,1097600.0,1097600.0,0.0
343,0.0,0.0,0.0,0.0,1.0,1.0,1.0,0.0,0.51262355,0.5118077844381332,0.5146664977073669,0.0030536375,0.51262563,0.5118096619844437,0.5146685987710953,0.0030536721,1.0243661,1.0027646124362946,1.0410606265068054,0.031139905,0.09476653,0.09098229557275772,0.09936547093093395,0.006776645,0.09476653,0.09098229557275772,0.09936547093093395,0.006776645,1.0,1.0,1.0,0.0,2.0282107e-06,1.9472200278869423e-06,2.1266382645990234e-06,1.4503499e-07,2.1402186e-05,2.1402185666374862e-05,2.1402185666374862e-05,0.0,-27.193525,-27.744017601013184,-26.500256538391113,0.77561766,2.2536504,2.206126093864441,2.290379047393799,0.06850916,0.7512169,0.7353753745555878,0.7634596824645996,0.022836389,0.15933333,0.12600000575184822,0.19200000166893005,0.035525493,0.0006666667,0.0,0.0,0.0023094013,0.154669,0.14199677854776382,0.16026084125041962,0.022231031,6.8399944,6.839994430541992,6.839994430541992,0.0,6.8599944,6.859994411468506,6.859994411468506,0.0,1100800.0,1100800.0,1100800.0,0.0
344,0.0,0.0,0.0,0.0,1.0,1.0,1.0,0.0,0.51262563,0.5118096619844437,0.5146685987710953,0.0030536721,0.51262754,0.5118115246295929,0.5146707147359848,0.0030536666,1.0387634,1.0112462937831879,1.059389442205429,0.02981912,0.09166029,0.0872191321104765,0.09744556434452534,0.0063566966,0.09166029,0.0872191321104765,0.09744556434452534,0.0063566966,1.0,1.0,1.0,0.0,1.9228855e-06,1.8297172914572002e-06,2.0442514028218284e-06,1.3335328e-07,2.0978396e-05,2.097839387715794e-05,2.097839387715794e-05,0.0,-27.374846,-27.734843254089355,-26.840164184570312,0.66749144,2.285325,2.2247862815856934,2.330703318119049,0.06560338,0.7617751,0.741595447063446,0.776901125907898,0.021867795,0.15933333,0.1340000070631504,0.1860000118613243,0.034696955,0.0,0.0,0.0,0.0,0.15835203,0.14286573231220245,0.16892658174037933,0.01786342,6.8599944,6.859994411468506,6.859994411468506,0.0,6.879995,6.8799943923950195,6.8799943923950195,0.0,1104000.0,1104000.0,1104000.0,0.0
345,0.0,0.0,0.0,0.0,1.0,1.0,1.0,0.0,0.51262754,0.5118115246295929,0.5146707147359848,0.0030536666,0.51262945,0.5118133872747421,0.5146728754043579,0.0030537352,1.0243906,0.9964507073163986,1.0545956790447235,0.035709176,0.09483511,0.088187450543046,0.10082203522324562,0.00792275,0.09483511,0.088187450543046,0.10082203522324562,0.00792275,1.0,1.0,1.0,0.0,1.9500942e-06,1.8133982848667074e-06,2.0732031771331094e-06,1.6291551e-07,2.0562997e-05,2.0562996724038385e-05,2.0562996724038385e-05,0.0,-27.128265,-27.456998825073242,-26.653393268585205,0.69724166,2.2537043,2.1922353506088257,2.3201568126678467,0.07856176,0.7512348,0.7307451516389847,0.7733856290578842,0.026187256,0.15666668,0.14400000870227814,0.17800001427531242,0.033848148,0.0,0.0,0.0,0.0,0.155866,0.14514867216348648,0.1708298660814762,0.019203551,6.879995,6.8799943923950195,6.8799943923950195,0.0,6.8999944,6.899994373321533,6.899994373321533,0.0,1107200.0,1107200.0,1107200.0,0.0
346,0.0,0.0,0.0,0.0,1.0,1.0,1.0,0.0,0.51262945,0.5118133872747421,0.5146728754043579,0.0030537352,0.5126313,0.5118152648210526,0.5146746635437012,0.0030537234,1.0436997,1.0248253643512726,1.0572587549686432,0.027985634,0.09059741,0.08767501078546047,0.0944484993815422,0.005722772,0.09059741,0.08767501078546047,0.0944484993815422,0.005722772,1.0,1.0,1.0,0.0,1.8260654e-06,1.7671619900738733e-06,1.9036872345168376e-06,1.1534718e-07,2.0155823e-05,2.015582322201226e-05,2.015582322201226e-05,0.0,-27.455023,-27.82597827911377,-27.033663749694824,0.50992143,2.2961853,2.254660904407501,2.3260156512260437,0.061569642,0.76539516,0.7515536397695541,0.7753385752439499,0.020523217,0.15533334,0.1420000083744526,0.17000001296401024,0.025631422,0.0006666667,0.0,0.0,0.0023094013,0.1550119,0.13376693427562714,0.1691054217517376,0.02616129,6.8999944,6.899994373321533,6.899994373321533,0.0,6.9199944,6.919994354248047,6.919994354248047,0.0,1110400.0,1110400.0,1110400.0,0.0
347,0.0,0.0,0.0,0.0,1.0,1.0,1.0,0.0,0.5126313,0.5118152648210526,0.5146746635437012,0.0030537234,0.51263314,0.511817067861557,0.5146764367818832,0.0030536237,1.0366493,1.028668373823166,1.0522712171077728,0.02914689,0.09210244,0.08866533264517784,0.09361663646996021,0.00643828,0.09210244,0.08866533264517784,0.09361663646996021,0.00643828,1.0,1.0,1.0,0.0,1.8196412e-06,1.7517352262075292e-06,1.8495566962428711e-06,1.2719926e-07,1.975671e-05,1.9756709662033245e-05,1.9756709662033245e-05,0.0,-27.262526,-27.748155117034912,-26.665138721466064,0.70376605,2.2806742,2.2631155848503113,2.3150429129600525,0.06412445,0.76022476,0.7543718665838242,0.7716809809207916,0.021374816,0.14400001,0.12600000575184822,0.1640000119805336,0.030700907,0.0,0.0,0.0,0.0,0.1574877,0.1426471471786499,0.16797290369868279,0.018775232,6.9199944,6.919994354248047,6.919994354248047,0.0,6.9399943,6.9399943351745605,6.9399943351745605,0.0,1113600.0,1113600.0,1113600.0,0.0
348,0.0,0.0,0.0,0.0,1.0,1.0,1.0,0.0,0.51263314,0.511817067861557,0.5146764367818832,0.0030536237,0.5126348,0.5118187367916107,0.5146780610084534,0.0030536433,1.0460577,1.030844360589981,1.064104586839676,0.025416655,0.09008091,0.08627709560096264,0.09314871206879616,0.0053742416,0.09008091,0.08627709560096264,0.09314871206879616,0.0053742416,1.0,1.0,1.0,0.0,1.7444621e-06,1.670799207431628e-06,1.8038714699741831e-06,1.040749e-07,1.9365501e-05,1.936550143000204e-05,1.936550143000204e-05,0.0,-27.492937,-28.02713441848755,-27.251838207244873,0.6337258,2.301373,2.267902970314026,2.341076910495758,0.05591775,0.76712435,0.7559676915407181,0.7803589701652527,0.01863925,0.148,0.11800000444054604,0.1680000089108944,0.037290018,0.0,0.0,0.0,0.0,0.16236518,0.14650904387235641,0.17331179976463318,0.023067921,6.9399943,6.9399943351745605,6.9399943351745605,0.0,6.959994,6.959994316101074,6.959994316101074,0.0,1116800.0,1116800.0,1116800.0,0.0
349,0.0,0.0,0.0,0.0,1.0,1.0,1.0,0.0,0.5126348,0.5118187367916107,0.5146780610084534,0.0030536433,0.51263666,0.5118204802274704,0.5146798342466354,0.0030535955,1.0217105,1.0029777586460114,1.042742908000946,0.02245359,0.095239915,0.09062768332660198,0.09931668266654015,0.004889606,0.095239915,0.09062768332660198,0.09931668266654015,0.004889606,1.0,1.0,1.0,0.0,1.8078478e-06,1.7202981723585253e-06,1.8852330754270952e-06,9.281469e-08,1.8982038e-05,1.8982038454851136e-05,1.8982038454851136e-05,0.0,-27.072374,-27.457102298736572,-26.661287307739258,0.41973677,2.247808,2.2065951228141785,2.2940801978111267,0.049398888,0.7492693,0.7355317175388336,0.7646934390068054,0.0164663,0.15200001,0.13200000673532486,0.17200001329183578,0.034620017,0.0013333334,0.0,0.0,0.003113996,0.15470749,0.13926273956894875,0.1672750897705555,0.022412578,6.959994,6.959994316101074,6.959994316101074,0.0,6.9799943,6.979994297027588,6.979994297027588,0.0,1120000.0,1120000.0,1120000.0,0.0
350,0.0,0.0,0.0,0.0,1.0,1.0,1.0,0.0,0.51263666,0.5118204802274704,0.5146798342466354,0.0030535955,0.5126383,0.5118223577737808,0.5146815925836563,0.0030533352,1.0376688,1.0043176710605621,1.0643604397773743,0.040374387,0.08544928,0.0862399060279131,0.0990152396261692,0.027942242,0.092055134,0.0862399060279131,0.0990152396261692,0.00853554,0.9166667,1.0,1.0,0.28867513,1.5898837e-06,1.6045943596054713e-06,1.8422943810492143e-06,5.198981e-07,1.860617e-05,1.8606169760460034e-05,1.8606169760460034e-05,0.0,-27.407324,-27.839176177978516,-26.932969093322754,0.83608437,2.2829168,2.20954293012619,2.3416396379470825,0.08882546,0.7609723,0.7365143448114395,0.7805465757846832,0.029608488,0.14800002,0.1340000070631504,0.16200001165270805,0.020324642,0.0,0.0,0.0,0.0,0.16010074,0.14794905856251717,0.16260123625397682,0.025563253,6.9799943,6.979994297027588,6.979994297027588,0.0,6.9999943,6.999994277954102,6.999994277954102,0.0,1123200.0,1123200.0,1123200.0,0.0
351,0.0,0.0,0.0,0.0,1.0,1.0,1.0,0.0,0.5126383,0.5118223577737808,0.5146815925836563,0.0030533352,0.51263994,0.51182422041893,0.514683187007904,0.003053304,1.0346606,1.012804001569748,1.0575831830501556,0.032689713,0.09256801,0.08758461847901344,0.0971036572009325,0.006914218,0.09256801,0.08758461847901344,0.0971036572009325,0.006914218,1.0,1.0,1.0,0.0,1.6882318e-06,1.5973459142060165e-06,1.7709516839659045e-06,1.2609974e-07,1.8237744e-05,1.8237744370708242e-05,1.8237744370708242e-05,0.0,-27.404854,-27.755396842956543,-26.89665126800537,0.62297595,2.2762988,2.228213310241699,2.326729416847229,0.07191881,0.75876623,0.7427377700805664,0.7755764871835709,0.023972936,0.155,0.13749999925494194,0.17249999940395355,0.039427724,0.0,0.0,0.0,0.0,0.14865813,0.1449003778398037,0.15173044800758362,0.02283173,6.9999943,6.999994277954102,6.999994277954102,0.0,7.0199943,7.019994258880615,7.019994258880615,0.0,1126400.0,1126400.0,1126400.0,0.0
352,0.0,0.0,0.0,0.0,1.0,1.0,1.0,0.0,0.51263994,0.51182422041893,0.514683187007904,0.003053304,0.5126416,0.5118259787559509,0.5146849453449249,0.0030533294,1.022528,1.0079792737960815,1.0313927233219147,0.019846857,0.095035136,0.09303362667560577,0.09817969985306263,0.0042911745,0.095035136,0.09303362667560577,0.09817969985306263,0.0042911745,1.0,1.0,1.0,0.0,1.6989061e-06,1.6631259995847358e-06,1.7551203086441092e-06,7.671166e-08,1.7876611e-05,1.7876611309475265e-05,1.7876611309475265e-05,0.0,-27.244812,-27.80901575088501,-26.708824157714844,0.64226437,2.2496068,2.2175986766815186,2.2691092491149902,0.043663952,0.7498689,0.7391995936632156,0.7563697844743729,0.01455465,0.15466668,0.1340000070631504,0.17000001296401024,0.028608115,0.0006666667,0.0,0.0,0.0023094013,0.15615745,0.1420309990644455,0.163802832365036,0.020313032,7.0199943,7.019994258880615,7.019994258880615,0.0,7.0399947,7.039994239807129,7.039994239807129,0.0,1129600.0,1129600.0,1129600.0,0.0
353,0.0,0.0,0.0,0.0,1.0,1.0,1.0,0.0,0.5126416,0.5118259787559509,0.5146849453449249,0.0030533294,0.5126433,0.5118275880813599,0.514686644077301,0.0030533588,1.0346411,1.0236003398895264,1.049574762582779,0.027950251,0.09250882,0.08922686986625195,0.09471260756254196,0.005954314,0.09250882,0.08922686986625195,0.09471260756254196,0.005954314,1.0,1.0,1.0,0.0,1.6209979e-06,1.5634894907634589e-06,1.659614014215549e-06,1.0433525e-07,1.752263e-05,1.752263051457703e-05,1.752263051457703e-05,0.0,-27.41381,-27.66741943359375,-27.181541442871094,0.54186803,2.2762558,2.2519657015800476,2.309110701084137,0.061491806,0.7587519,0.7506552636623383,0.7697035819292068,0.020497264,0.14600001,0.1300000064074993,0.1680000126361847,0.038004786,0.0,0.0,0.0,0.0,0.15062067,0.1415630392730236,0.16482137143611908,0.020422256,7.0399947,7.039994239807129,7.039994239807129,0.0,7.059994,7.059994220733643,7.059994220733643,0.0,1132800.0,1132800.0,1132800.0,0.0
354,0.0,0.0,0.0,0.0,1.0,1.0,1.0,0.0,0.5126433,0.5118275880813599,0.514686644077301,0.0030533588,0.5126448,0.511829137802124,0.5146882385015488,0.0030533778,1.0428609,1.0283948481082916,1.0523809790611267,0.03051007,0.09080887,0.08863982185721397,0.09367146901786327,0.0064536147,0.09080887,0.08863982185721397,0.09367146901786327,0.0064536147,1.0,1.0,1.0,0.0,1.5597024e-06,1.5224475760078349e-06,1.6088694678728643e-06,1.1084511e-07,1.7175662e-05,1.7175661923829466e-05,1.7175661923829466e-05,0.0,-27.553398,-27.760571002960205,-27.422558784484863,0.39314893,2.29434,2.2625139355659485,2.3152843713760376,0.06712346,0.76478,0.7541713267564774,0.7717614769935608,0.022374481,0.16466667,0.1420000083744526,0.17800001427531242,0.033153456,0.0006666667,0.0,0.0,0.0023094013,0.166707,0.14508291706442833,0.17890188097953796,0.018481428,7.059994,7.059994220733643,7.059994220733643,0.0,7.079994,7.079994201660156,7.079994201660156,0.0,1136000.0,1136000.0,1136000.0,0.0
355,0.0,0.0,0.0,0.0,1.0,1.0,1.0,0.0,0.5126448,0.511829137802124,0.5146882385015488,0.0030533778,0.51264626,0.5118295103311539,0.5146899074316025,0.0030533744,1.0305225,1.008376732468605,1.0481718182563782,0.038191427,0.08704641,0.08950122445821762,0.09811119362711906,0.028168729,0.09354145,0.08950122445821762,0.09811119362711906,0.00813446,0.9166667,1.0,1.0,0.28867513,1.4654751e-06,1.5068032723775104e-06,1.6517568894869328e-06,4.7423632e-07,1.683556e-05,1.6835560018080287e-05,1.6835560018080287e-05,0.0,-27.462725,-27.794711112976074,-27.144529342651367,0.4779508,2.2671947,2.2184731364250183,2.306023955345154,0.084022835,0.7557316,0.7394910752773285,0.768674686551094,0.028007617,0.15133335,0.12000000476837158,0.1680000089108944,0.03805578,0.0006666667,0.0,0.0,0.0023094013,0.15363082,0.14101237058639526,0.16453198343515396,0.013759196,7.079994,7.079994201660156,7.079994201660156,0.0,7.099994,7.09999418258667,7.09999418258667,0.0,1139200.0,1139200.0,1139200.0,0.0
356,0.0,0.0,0.0,0.0,1.0,1.0,1.0,0.0,0.51264626,0.5118295103311539,0.5146899074316025,0.0030533744,0.51264775,0.5118310898542404,0.5146914273500443,0.0030533622,1.0453026,1.0328325629234314,1.0573671758174896,0.027970057,0.09026673,0.08762667700648308,0.09275229461491108,0.005866555,0.09026673,0.08762667700648308,0.09275229461491108,0.005866555,1.0,1.0,1.0,0.0,1.489599e-06,1.4460323711773526e-06,1.530616373202065e-06,9.681104e-08,1.6502194e-05,1.6502193830092438e-05,1.6502193830092438e-05,0.0,-27.477423,-27.91414785385132,-27.18440532684326,0.70186013,2.2997115,2.2722769379615784,2.3262542486190796,0.06153534,0.76657057,0.7574256509542465,0.7754181176424026,0.020511778,0.14600001,0.1340000070631504,0.1600000113248825,0.023908919,0.0,0.0,0.0,0.0,0.15623397,0.14517758041620255,0.16779835522174835,0.018615,7.099994,7.09999418258667,7.09999418258667,0.0,7.1199937,7.119994163513184,7.119994163513184,0.0,1142400.0,1142400.0,1142400.0,0.0
357,0.0,0.0,0.0,0.0,1.0,1.0,1.0,0.0,0.51264775,0.5118310898542404,0.5146914273500443,0.0030533622,0.51264924,0.5118325799703598,0.5146927982568741,0.0030533646,1.0390838,1.0132162868976593,1.0588752627372742,0.032554287,0.091629066,0.08732426725327969,0.09700695239007473,0.0068586715,0.091629066,0.08732426725327969,0.09700695239007473,0.0068586715,1.0,1.0,1.0,0.0,1.4821394e-06,1.4125075153970101e-06,1.569129011613768e-06,1.1094196e-07,1.6175429e-05,1.6175428754650056e-05,1.6175428754650056e-05,0.0,-27.512543,-27.949223518371582,-27.08273983001709,0.8930531,2.2860303,2.229120433330536,2.3295721411705017,0.071620874,0.7620101,0.7430401742458344,0.7765240669250488,0.023873627,0.14266668,0.12800000607967377,0.15400001034140587,0.0189417,0.0,0.0,0.0,0.0,0.1553389,0.13505546003580093,0.16381124779582024,0.025541425,7.1199937,7.119994163513184,7.119994163513184,0.0,7.139994,7.139994144439697,7.139994144439697,0.0,1145600.0,1145600.0,1145600.0,0.0
358,0.0,0.0,0.0,0.0,1.0,1.0,1.0,0.0,0.51264924,0.5118325799703598,0.5146927982568741,0.0030533646,0.5126507,0.5118339657783508,0.5146942883729935,0.0030534014,1.0301659,1.0208850800991058,1.048567533493042,0.026885923,0.093455404,0.08941956423223019,0.095323346555233,0.005873993,0.093455404,0.08941956423223019,0.095323346555233,0.005873993,1.0,1.0,1.0,0.0,1.4817479e-06,1.4177591083353036e-06,1.5113644451503205e-06,9.3132954e-08,1.5855134e-05,1.5855133824516088e-05,1.5855133824516088e-05,0.0,-27.500296,-27.993330478668213,-27.120707511901855,0.55072457,2.26641,2.245992124080658,2.3068946599960327,0.059150204,0.7554701,0.7486640810966492,0.7689649015665054,0.019716736,0.15466668,0.12000000476837158,0.1860000118613243,0.04852241,0.0006666667,0.0,0.0,0.0023094013,0.16470526,0.15110553428530693,0.17781008034944534,0.017117511,7.139994,7.139994144439697,7.139994144439697,0.0,7.159994,7.159994125366211,7.159994125366211,0.0,1148800.0,1148800.0,1148800.0,0.0
359,0.0,0.0,0.0,0.0,1.0,1.0,1.0,0.0,0.5126507,0.5118339657783508,0.5146942883729935,0.0030534014,0.51265204,0.5118353217840195,0.5146958380937576,0.0030534533,1.039405,1.006714105606079,1.0697286128997803,0.04241225,0.085291214,0.08518614806234837,0.0984693095088005,0.027901337,0.09172238,0.08518614806234837,0.0984693095088005,0.008833364,0.9166667,1.0,1.0,0.28867513,1.3255263e-06,1.3238934002401948e-06,1.530329456045365e-06,4.3361976e-07,1.5541182e-05,1.5541181710432284e-05,1.5541181710432284e-05,0.0,-27.500902,-28.07976007461548,-27.04461097717285,0.74842644,2.2867365,2.2148152589797974,2.3534498810768127,0.09330879,0.7622456,0.7382717877626419,0.7844833135604858,0.031102933,0.14866668,0.11800000444054604,0.17200001329183578,0.04334499,0.0,0.0,0.0,0.0,0.16768877,0.15644356980919838,0.1764196753501892,0.016959254,7.159994,7.159994125366211,7.159994125366211,0.0,7.179994,7.179994106292725,7.179994106292725,0.0,1152000.0,1152000.0,1152000.0,0.0
360,0.0,0.0,0.0,0.0,1.0,1.0,1.0,0.0,0.51265204,0.5118353217840195,0.5146958380937576,0.0030534533,0.51265347,0.5118367373943329,0.5146972388029099,0.0030534447,1.0209328,1.0140366554260254,1.031947672367096,0.0180067,0.095369585,0.09291132725775242,0.09682218171656132,0.003964986,0.095369585,0.09291132725775242,0.09682218171656132,0.003964986,1.0,1.0,1.0,0.0,1.4528077e-06,1.4153598328903172e-06,1.474935629630636e-06,6.0400396e-08,1.5233448e-05,1.5233447811624501e-05,1.5233447811624501e-05,0.0,-26.911575,-27.04947280883789,-26.69272470474243,0.43115538,2.246097,2.230925142765045,2.270330250263214,0.039615557,0.748699,0.7436417490243912,0.7567767798900604,0.013205186,0.16866668,0.12000000476837158,0.20200000330805779,0.054734625,0.0013333334,0.0,0.0,0.003113996,0.15565126,0.14846456423401833,0.16365252435207367,0.015492898,7.179994,7.179994106292725,7.179994106292725,0.0,7.1999946,7.199994087219238,7.199994087219238,0.0,1155200.0,1155200.0,1155200.0,0.0
361,0.0,0.0,0.0,0.0,1.0,1.0,1.0,0.0,0.51265347,0.5118367373943329,0.5146972388029099,0.0030534447,0.51265484,0.5118381381034851,0.5146987587213516,0.0030534903,1.0328912,1.0119587779045105,1.0598652064800262,0.028176391,0.09288609,0.08712353371083736,0.09728415682911873,0.006070121,0.09288609,0.08712353371083736,0.09728415682911873,0.006070121,1.0,1.0,1.0,0.0,1.386957e-06,1.3009115491513512e-06,1.4526280267546099e-06,9.0637855e-08,1.4931805e-05,1.4931804798834492e-05,1.4931804798834492e-05,0.0,-27.257774,-28.02710199356079,-26.872275352478027,0.8356444,2.2724059,2.226353704929352,2.3317500948905945,0.061989322,0.75746864,0.7421179115772247,0.7772500514984131,0.020663105,0.16466667,0.1420000083744526,0.17800001427531242,0.03226406,0.0,0.0,0.0,0.0,0.1528332,0.13771284371614456,0.16328232362866402,0.022348097,7.1999946,7.199994087219238,7.199994087219238,0.0,7.219994,7.219994068145752,7.219994068145752,0.0,1158400.0,1158400.0,1158400.0,0.0
362,0.0,0.0,0.0,0.0,1.0,1.0,1.0,0.0,0.51265484,0.5118381381034851,0.5146987587213516,0.0030534903,0.5126563,0.5118395537137985,0.5147002935409546,0.003053441,1.0269915,1.0096693933010101,1.0411542057991028,0.031694353,0.094205014,0.09096186049282551,0.09779814258217812,0.006936116,0.094205014,0.09096186049282551,0.09779814258217812,0.006936116,1.0,1.0,1.0,0.0,1.3787973e-06,1.3313300826212071e-06,1.431386834838122e-06,1.0151793e-07,1.4636135e-05,1.4636135347245727e-05,1.4636135347245727e-05,0.0,-27.380356,-27.793285369873047,-26.87034273147583,0.77569014,2.2594264,2.2213170528411865,2.290584921836853,0.069729,0.7531421,0.7404390275478363,0.7635283172130585,0.023243004,0.15,0.12800000607967377,0.17200001329183578,0.031101009,0.0,0.0,0.0,0.0,0.15390415,0.13521724939346313,0.1651371754705906,0.024009297,7.219994,7.219994068145752,7.219994068145752,0.0,7.239994,7.239994049072266,7.239994049072266,0.0,1161600.0,1161600.0,1161600.0,0.0
363,0.0,0.0,0.0,0.0,1.0,1.0,1.0,0.0,0.5126563,0.5118395537137985,0.5147002935409546,0.003053441,0.5126576,0.5118407607078552,0.5147016495466232,0.003053483,1.0415647,1.0178824961185455,1.0699694156646729,0.030832244,0.091084,0.08512026444077492,0.09596703387796879,0.006501746,0.091084,0.08512026444077492,0.09596703387796879,0.006501746,1.0,1.0,1.0,0.0,1.3067203e-06,1.2211626767566486e-06,1.3767738664682838e-06,9.327613e-08,1.4346321e-05,1.4346321222546976e-05,1.4346321222546976e-05,0.0,-27.563757,-27.903095245361328,-27.123844146728516,0.5405845,2.2914882,2.239386200904846,2.353979766368866,0.067832306,0.7638294,0.7464620918035507,0.7846599519252777,0.022610772,0.16200002,0.1420000083744526,0.18400001525878906,0.027102502,0.0,0.0,0.0,0.0,0.16357398,0.15025443211197853,0.17960359156131744,0.019263634,7.239994,7.239994049072266,7.239994049072266,0.0,7.259994,7.259994029998779,7.259994029998779,0.0,1164800.0,1164800.0,1164800.0,0.0
364,0.0,0.0,0.0,0.0,1.0,1.0,1.0,0.0,0.5126576,0.5118407607078552,0.5147016495466232,0.003053483,0.5126588,0.5118421167135239,0.5147028565406799,0.0030533967,1.0268611,1.008432149887085,1.0457238852977753,0.039754327,0.08781916,0.09000884555280209,0.09807722829282284,0.028575867,0.09436643,0.09000884555280209,0.09807722829282284,0.008745772,0.9166667,1.0,1.0,0.28867513,1.2349345e-06,1.2657264392146317e-06,1.3791860453693516e-06,4.0184085e-07,1.4062246e-05,1.406224509992171e-05,1.406224509992171e-05,0.0,-27.328913,-27.629729747772217,-27.159543991088867,0.78869164,2.2591395,2.218595027923584,2.300638496875763,0.08746128,0.7530465,0.7395317107439041,0.7668794989585876,0.02915376,0.17,0.14749999344348907,0.1899999976158142,0.035675306,0.0,0.0,0.0,0.0,0.1546493,0.14141128957271576,0.1555001400411129,0.019767342,7.259994,7.259994029998779,7.259994029998779,0.0,7.2799935,7.279994010925293,7.279994010925293,0.0,1168000.0,1168000.0,1168000.0,0.0
365,0.0,0.0,0.0,0.0,1.0,1.0,1.0,0.0,0.5126588,0.5118421167135239,0.5147028565406799,0.0030533967,0.5126601,0.5118433386087418,0.5147041082382202,0.0030533858,1.0316913,1.0112163424491882,1.0487616956233978,0.024234373,0.09309617,0.08938190527260303,0.0974518172442913,0.0052373754,0.09309617,0.08938190527260303,0.0974518172442913,0.0052373754,1.0,1.0,1.0,0.0,1.2832185e-06,1.232021816122142e-06,1.3432558318982046e-06,7.219089e-08,1.3783795e-05,1.3783794202026911e-05,1.3783794202026911e-05,0.0,-27.216295,-27.689696788787842,-26.667627811431885,0.74720335,2.269766,2.2247203588485718,2.3073217272758484,0.05331669,0.75658876,0.7415734529495239,0.7691072672605515,0.01777224,0.15133335,0.13600000739097595,0.17000001296401024,0.02630359,0.0,0.0,0.0,0.0,0.15724804,0.14779861643910408,0.16757399961352348,0.015842458,7.2799935,7.279994010925293,7.279994010925293,0.0,7.299994,7.299993991851807,7.299993991851807,0.0,1171200.0,1171200.0,1171200.0,0.0
366,0.0,0.0,0.0,0.0,1.0,1.0,1.0,0.0,0.5126601,0.5118433386087418,0.5147041082382202,0.0030533858,0.5126612,0.5118445754051208,0.51470547914505,0.0030533657,1.0369029,1.0083939135074615,1.0612184405326843,0.04035518,0.085825615,0.0868566706776619,0.0980881080031395,0.027895026,0.0922147,0.0868566706776619,0.0980881080031395,0.008460696,0.9166667,1.0,1.0,0.28867513,1.1595774e-06,1.1735079681329807e-06,1.3252543169528508e-06,3.7688568e-07,1.3510856e-05,1.3510855751519557e-05,1.3510855751519557e-05,0.0,-27.427282,-27.865688800811768,-26.895703315734863,0.8448872,2.2812319,2.2185108065605164,2.334727168083191,0.088783205,0.7604106,0.7395036071538925,0.7782424092292786,0.029594406,0.15,0.12000000476837158,0.1860000118613243,0.03769736,0.0006666667,0.0,0.0,0.0023094013,0.15365334,0.1473219133913517,0.15444903448224068,0.011059661,7.299994,7.299993991851807,7.299993991851807,0.0,7.319994,7.31999397277832,7.31999397277832,0.0,1174400.0,1174400.0,1174400.0,0.0
367,0.0,0.0,0.0,0.0,1.0,1.0,1.0,0.0,0.5126612,0.5118445754051208,0.51470547914505,0.0030533657,0.5126625,0.5118458420038223,0.5147067606449127,0.003053389,1.0284494,1.0155780911445618,1.0474294126033783,0.025276024,0.09380561,0.08965649083256721,0.09647663868963718,0.005511021,0.09380561,0.08965649083256721,0.09647663868963718,0.005511021,1.0,1.0,1.0,0.0,1.2422981e-06,1.1873498522163572e-06,1.2776713163020759e-06,7.298423e-08,1.3243323e-05,1.3243323337519541e-05,1.3243323337519541e-05,0.0,-27.249094,-27.459433555603027,-26.964974403381348,0.39576063,2.2626338,2.234316349029541,2.3043907284736633,0.05560838,0.75421125,0.7447721213102341,0.7681302726268768,0.018536123,0.15466668,0.1380000077188015,0.17400000989437103,0.033480886,0.0006666667,0.0,0.0,0.0023094013,0.15604381,0.1445479653775692,0.15964871272444725,0.019132517,7.319994,7.31999397277832,7.31999397277832,0.0,7.339994,7.339993953704834,7.339993953704834,0.0,1177600.0,1177600.0,1177600.0,0.0
368,0.0,0.0,0.0,0.0,1.0,1.0,1.0,0.0,0.5126625,0.5118458420038223,0.5147067606449127,0.003053389,0.51266366,0.5118469893932343,0.5147080719470978,0.003053387,1.0279627,1.0159961581230164,1.0458297729492188,0.029110126,0.093960516,0.08998885191977024,0.09638398513197899,0.0064465306,0.093960516,0.08998885191977024,0.09638398513197899,0.0064465306,1.0,1.0,1.0,0.0,1.2197098e-06,1.1681533180762926e-06,1.251169123861473e-06,8.3682984e-08,1.298109e-05,1.2981089639652055e-05,1.2981089639652055e-05,0.0,-27.291025,-27.730353832244873,-26.88796901702881,0.593807,2.261563,2.2352362275123596,2.3008713722229004,0.06404355,0.75385445,0.7450787723064423,0.7669571340084076,0.021347856,0.14266668,0.12800000607967377,0.16200001165270805,0.033043593,0.0,0.0,0.0,0.0,0.15319517,0.13633090257644653,0.16725745797157288,0.022127248,7.339994,7.339993953704834,7.339993953704834,0.0,7.3599944,7.359993934631348,7.359993934631348,0.0,1180800.0,1180800.0,1180800.0,0.0
369,0.0,0.0,0.0,0.0,1.0,1.0,1.0,0.0,0.51266366,0.5118469893932343,0.5147080719470978,0.003053387,0.5126649,0.5118482708930969,0.5147093087434769,0.003053392,1.0169549,1.008674368262291,1.026819109916687,0.014507129,0.09622059,0.09401188977062702,0.09802992828190327,0.003233317,0.09622059,0.09401188977062702,0.09802992828190327,0.003233317,1.0,1.0,1.0,0.0,1.2243153e-06,1.196211655951629e-06,1.2473373942611943e-06,4.114086e-08,1.2724046e-05,1.2724046428047586e-05,1.2724046428047586e-05,0.0,-26.965485,-27.129552364349365,-26.69563388824463,0.4420803,2.2373455,2.2191279530525208,2.259047269821167,0.031916328,0.7457819,0.739709347486496,0.7530157715082169,0.010638781,0.15733334,0.1340000070631504,0.17600001394748688,0.028810773,0.0006666667,0.0,0.0,0.0023094013,0.15544838,0.14365620911121368,0.1689787283539772,0.01675668,7.3599944,7.359993934631348,7.359993934631348,0.0,7.379994,7.379993915557861,7.379993915557861,0.0,1184000.0,1184000.0,1184000.0,0.0
370,0.0,0.0,0.0,0.0,1.0,1.0,1.0,0.0,0.5126649,0.5118482708930969,0.5147093087434769,0.003053392,0.5126661,0.5118494778871536,0.514710545539856,0.0030533683,1.0249498,1.0058482885360718,1.0348441898822784,0.029504996,0.09461237,0.09229030832648277,0.09866286627948284,0.006216461,0.09461237,0.09229030832648277,0.09866286627948284,0.006216461,1.0,1.0,1.0,0.0,1.1800144e-06,1.1510533397540712e-06,1.2305325185479887e-06,7.753226e-08,1.2472094e-05,1.247209365828894e-05,1.247209365828894e-05,0.0,-27.116005,-27.51398468017578,-26.79231548309326,0.67706376,2.2549345,2.2129103541374207,2.276702642440796,0.064912304,0.75164485,0.7376368194818497,0.7589008808135986,0.02163744,0.16933334,0.15200001001358032,0.1860000118613243,0.023837835,0.0,0.0,0.0,0.0,0.15819015,0.1402968056499958,0.17602472007274628,0.024353642,7.379994,7.379993915557861,7.379993915557861,0.0,7.399994,7.399993896484375,7.399993896484375,0.0,1187200.0,1187200.0,1187200.0,0.0
371,0.0,0.0,0.0,0.0,1.0,1.0,1.0,0.0,0.5126661,0.5118494778871536,0.514710545539856,0.0030533683,0.5126672,0.5118506401777267,0.5147118121385574,0.0030532328,1.0293479,0.9961303323507309,1.0481315553188324,0.04140633,0.087269455,0.08952636644244194,0.10089676827192307,0.028481832,0.09385198,0.08952636644244194,0.10089676827192307,0.008821431,0.9166667,1.0,1.0,0.28867513,1.0668805e-06,1.0944714858851512e-06,1.233476183415405e-06,3.481941e-07,1.222513e-05,1.2225130376464222e-05,1.2225130376464222e-05,0.0,-27.36181,-27.975163459777832,-26.609801769256592,0.6859529,2.2646105,2.191530466079712,2.3059353828430176,0.091095716,0.75487024,0.7305101752281189,0.768645167350769,0.030365242,0.16533335,0.15400001034140587,0.18800001218914986,0.04126485,0.0,0.0,0.0,0.0,0.17100829,0.14525796100497246,0.19223781302571297,0.024868555,7.399994,7.399993896484375,7.399993896484375,0.0,7.419994,7.419993877410889,7.419993877410889,0.0,1190400.0,1190400.0,1190400.0,0.0
372,0.0,0.0,0.0,0.0,1.0,1.0,1.0,0.0,0.5126672,0.5118506401777267,0.5147118121385574,0.0030532328,0.5126683,0.5118517279624939,0.5147128999233246,0.00305325,1.0354944,1.031572848558426,1.0404210090637207,0.010451746,0.0921767,0.09111399948596954,0.09298817627131939,0.0022254754,0.0921767,0.09111399948596954,0.09298817627131939,0.0022254754,1.0,1.0,1.0,0.0,1.1045585e-06,1.0918241457602562e-06,1.1142824973831011e-06,2.6667989e-08,1.1983056e-05,1.1983055628661532e-05,1.1983055628661532e-05,0.0,-27.465935,-27.732951164245605,-27.04825258255005,0.54245746,2.2781332,2.269505560398102,2.2889719009399414,0.022994323,0.7593777,0.7565018832683563,0.7629906386137009,0.007664777,0.15066667,0.12000000476837158,0.17600001394748688,0.03160361,0.0,0.0,0.0,0.0,0.16010736,0.14522073417901993,0.1666077822446823,0.023890786,7.419994,7.419993877410889,7.419993877410889,0.0,7.4399934,7.439993858337402,7.439993858337402,0.0,1193600.0,1193600.0,1193600.0,0.0
373,0.0,0.0,0.0,0.0,1.0,1.0,1.0,0.0,0.5126683,0.5118517279624939,0.5147128999233246,0.00305325,0.5126694,0.511852815747261,0.5147140026092529,0.0030532568,1.026555,1.0112946331501007,1.035049855709076,0.026292084,0.094224714,0.09224697016179562,0.09743555821478367,0.0055931653,0.094224714,0.09224697016179562,0.09743555821478367,0.0055931653,1.0,1.0,1.0,0.0,1.1067424e-06,1.0835122168373346e-06,1.144456234669633e-06,6.569607e-08,1.1745776e-05,1.174577573692659e-05,1.174577573692659e-05,0.0,-27.24791,-27.46344566345215,-26.73714542388916,0.77098966,2.258466,2.224892556667328,2.2771551609039307,0.057843745,0.752822,0.741630882024765,0.7590517401695251,0.019281253,0.15533334,0.12800000607967377,0.16200001165270805,0.041563388,0.0,0.0,0.0,0.0,0.16149785,0.15216851979494095,0.17038855329155922,0.015815573,7.4399934,7.439993858337402,7.439993858337402,0.0,7.459994,7.459993839263916,7.459993839263916,0.0,1196800.0,1196800.0,1196800.0,0.0
374,0.0,0.0,0.0,0.0,1.0,1.0,1.0,0.0,0.5126694,0.511852815747261,0.5147140026092529,0.0030532568,0.51267046,0.5118537694215775,0.5147151350975037,0.003053277,1.0382968,1.008948177099228,1.0686764419078827,0.034610387,0.09182578,0.08537359721958637,0.09796068631112576,0.007293651,0.09182578,0.08537359721958637,0.09796068631112576,0.007293651,1.0,1.0,1.0,0.0,1.0572081e-06,9.829227565205656e-07,1.1278403633241396e-06,8.397322e-08,1.1513194e-05,1.1513193385326304e-05,1.1513193385326304e-05,0.0,-27.469698,-27.695229053497314,-27.350934505462646,0.7138608,2.2842987,2.2197303771972656,2.3511351346969604,0.07614439,0.7614329,0.7399101406335831,0.7837117314338684,0.02538147,0.142,0.12400000542402267,0.1600000113248825,0.03034349,0.0,0.0,0.0,0.0,0.15252058,0.14604529738426208,0.16182830557227135,0.014735508,7.459994,7.459993839263916,7.459993839263916,0.0,7.479994,7.47999382019043,7.47999382019043,0.0,1200000.0,1200000.0,1200000.0,0.0
375,0.0,0.0,0.0,0.0,1.0,1.0,1.0,0.0,0.51267046,0.5118537694215775,0.5147151350975037,0.003053277,0.51267153,0.5118548572063446,0.514716163277626,0.0030532894,1.0279424,1.0076384246349335,1.0479294657707214,0.025674812,0.0939183,0.08955202624201775,0.09825717844069004,0.0055162013,0.0939183,0.08955202624201775,0.09825717844069004,0.0055162013,1.0,1.0,1.0,0.0,1.0598885e-06,1.0106141701271554e-06,1.1088537235082185e-06,6.2251544e-08,1.12852185e-05,1.12852185338852e-05,1.12852185338852e-05,0.0,-27.16861,-27.57181167602539,-26.82460355758667,0.49991578,2.2615185,2.2168487906455994,2.3054909110069275,0.056485716,0.7538395,0.7389496117830276,0.7684970051050186,0.018828576,0.15133335,0.14000000804662704,0.1680000126361847,0.030976042,0.0,0.0,0.0,0.0,0.15262665,0.13949725776910782,0.15505458787083626,0.017937388,7.479994,7.47999382019043,7.47999382019043,0.0,7.499994,7.499993801116943,7.499993801116943,0.0,1203200.0,1203200.0,1203200.0,0.0
376,0.0,0.0,0.0,0.0,1.0,1.0,1.0,0.0,0.51267153,0.5118548572063446,0.514716163277626,0.0030532894,0.5126726,0.511855959892273,0.5147171914577484,0.0030532896,1.0223746,0.9901567846536636,1.0400692522525787,0.033990383,0.095243104,0.09118691273033619,0.10229259729385376,0.0073571363,0.095243104,0.09118691273033619,0.10229259729385376,0.0073571363,1.0,1.0,1.0,0.0,1.0535559e-06,1.00868737717974e-06,1.1315357255625713e-06,8.138283e-08,1.1061756e-05,1.1061755685659591e-05,1.1061755685659591e-05,0.0,-27.321394,-27.44764232635498,-27.086007118225098,0.6588329,2.2492692,2.1783884167671204,2.2881981134414673,0.07478033,0.7497564,0.726129487156868,0.762732744216919,0.02492678,0.172,0.16600001230835915,0.1860000118613243,0.019743813,0.0,0.0,0.0,0.0,0.16175844,0.1419113203883171,0.1780138686299324,0.023248857,7.499994,7.499993801116943,7.499993801116943,0.0,7.5199943,7.519993782043457,7.519993782043457,0.0,1206400.0,1206400.0,1206400.0,0.0
377,0.0,0.0,0.0,0.0,1.0,1.0,1.0,0.0,0.5126726,0.511855959892273,0.5147171914577484,0.0030532896,0.51267356,0.5118570029735565,0.5147181749343872,0.003053282,1.0503421,1.0327651500701904,1.0771071910858154,0.030143157,0.08925287,0.08373257145285606,0.09273417666554451,0.0062512388,0.08925287,0.08373257145285606,0.09273417666554451,0.0062512388,1.0,1.0,1.0,0.0,9.677436e-07,9.078886193947255e-07,1.0054905033030082e-06,6.778042e-08,1.0842717e-05,1.0842717529158108e-05,1.0842717529158108e-05,0.0,-27.528397,-28.006437301635742,-26.875247955322266,0.7404442,2.3107986,2.2721287608146667,2.369683086872101,0.06631627,0.77026623,0.7573762685060501,0.7898943722248077,0.02210542,0.15166666,0.12749999575316906,0.17999999225139618,0.029797293,0.0,0.0,0.0,0.0,0.15992641,0.1422363668680191,0.1770503930747509,0.023872215,7.5199943,7.519993782043457,7.519993782043457,0.0,7.539994,7.539993762969971,7.539993762969971,0.0,1209600.0,1209600.0,1209600.0,0.0
378,0.0,0.0,0.0,0.0,1.0,1.0,1.0,0.0,0.51267356,0.5118570029735565,0.5147181749343872,0.003053282,0.51267445,0.5118580311536789,0.514719158411026,0.0030534854,1.0300125,1.0038373470306396,1.0427462756633759,0.03222002,0.08703942,0.09063465893268585,0.09912037290632725,0.027788885,0.093552075,0.09063465893268585,0.09912037290632725,0.006664661,0.9166667,1.0,1.0,0.28867513,9.250566e-07,9.63266856501832e-07,1.053453132726645e-06,2.9534078e-07,1.0628018e-05,1.0628018571878783e-05,1.0628018571878783e-05,0.0,-27.122238,-27.35880994796753,-26.862655639648438,0.6100948,2.2660725,2.2084861993789673,2.294087588787079,0.070885494,0.75535756,0.7361620962619781,0.7646958827972412,0.0236285,0.16266668,0.15200001001358032,0.17000001296401024,0.014605935,0.0006666667,0.0,0.0,0.0023094013,0.1529252,0.14132213592529297,0.17323460802435875,0.019068554,7.539994,7.539993762969971,7.539993762969971,0.0,7.5599937,7.559993743896484,7.559993743896484,0.0,1212800.0,1212800.0,1212800.0,0.0
379,0.0,0.0,0.0,0.0,1.0,1.0,1.0,0.0,0.51267445,0.5118580311536789,0.514719158411026,0.0030534854,0.51267534,0.5118590146303177,0.5147202610969543,0.0030534936,1.0339746,1.01746267080307,1.0579619109630585,0.038519945,0.086431324,0.08750887028872967,0.0960590336471796,0.02792614,0.09280493,0.08750887028872967,0.0960590336471796,0.008088602,0.9166667,1.0,1.0,0.28867513,9.004043e-07,9.116296695310666e-07,1.0007015873725322e-06,2.909225e-07,1.0417568e-05,1.0417568773846142e-05,1.0417568773846142e-05,0.0,-27.297844,-27.720360279083252,-27.01274299621582,0.80194813,2.2747896,2.238462507724762,2.327562689781189,0.08474555,0.7582633,0.7461542040109634,0.7758542597293854,0.02824851,0.14933334,0.1340000070631504,0.1680000089108944,0.038943626,0.0,0.0,0.0,0.0,0.15430504,0.13833555951714516,0.1693677194416523,0.022010868,7.5599937,7.559993743896484,7.559993743896484,0.0,7.5799937,7.579993724822998,7.579993724822998,0.0,1216000.0,1216000.0,1216000.0,0.0
380,0.0,0.0,0.0,0.0,1.0,1.0,1.0,0.0,0.51267534,0.5118590146303177,0.5147202610969543,0.0030534936,0.51267624,0.5118599385023117,0.5147211700677872,0.0030536202,1.0375744,1.0171055793762207,1.0568002760410309,0.033688173,0.08540827,0.08774164132773876,0.09615566208958626,0.027466992,0.091961235,0.08774164132773876,0.09615566208958626,0.006972624,0.9166667,1.0,1.0,0.28867513,8.721284e-07,8.959551536236177e-07,9.818731712130102e-07,2.8047336e-07,1.0211287e-05,1.0211288099526428e-05,1.0211288099526428e-05,0.0,-27.494263,-27.800172328948975,-27.1990385055542,0.54723763,2.2827094,2.2376769185066223,2.3250070810317993,0.07411548,0.7609031,0.7458923161029816,0.7750023603439331,0.024705157,0.17000002,0.1420000083744526,0.1940000019967556,0.03238406,0.0,0.0,0.0,0.0,0.15887333,0.14701838046312332,0.1712522804737091,0.020073907,7.5799937,7.579993724822998,7.579993724822998,0.0,7.599993,7.599993705749512,7.599993705749512,0.0,1219200.0,1219200.0,1219200.0,0.0
381,0.0,0.0,0.0,0.0,1.0,1.0,1.0,0.0,0.51267624,0.5118599385023117,0.5147211700677872,0.0030536202,0.51267713,0.5118609219789505,0.5147221088409424,0.0030536074,1.0386785,1.0184625089168549,1.0591293573379517,0.032205135,0.091712385,0.08728459663689137,0.0958381537348032,0.006915953,0.091712385,0.08728459663689137,0.0958381537348032,0.006915953,1.0,1.0,1.0,0.0,9.179577e-07,8.736395500363869e-07,9.592528726898308e-07,6.92224e-08,1.0009092e-05,1.0009091965912376e-05,1.0009091965912376e-05,0.0,-27.582962,-28.109283447265625,-27.14858865737915,0.67222226,2.2851384,2.2406622767448425,2.33013117313385,0.07085273,0.7617128,0.7468874305486679,0.7767104059457779,0.02361757,0.15266667,0.12800000607967377,0.16600001230835915,0.032977495,0.0006666667,0.0,0.0,0.0023094013,0.15777922,0.14377113431692123,0.16820316016674042,0.016096689,7.599993,7.599993705749512,7.599993705749512,0.0,7.6199937,7.619993686676025,7.619993686676025,0.0,1222400.0,1222400.0,1222400.0,0.0
382,0.0,0.0,0.0,0.0,1.0,1.0,1.0,0.0,0.51267713,0.5118609219789505,0.5147221088409424,0.0030536074,0.512678,0.5118618607521057,0.514722928404808,0.0030535944,1.044005,1.0210273563861847,1.0662051439285278,0.028832562,0.09054508,0.08586295507848263,0.0952748954296112,0.005935366,0.09054508,0.08586295507848263,0.0952748954296112,0.005935366,1.0,1.0,1.0,0.0,8.8832854e-07,8.423927511103102e-07,9.347323270958441e-07,5.8231272e-08,9.8108985e-06,9.810898518480826e-06,9.810898518480826e-06,0.0,-27.516619,-27.746150016784668,-27.151514530181885,0.564757,2.2968569,2.2463051080703735,2.3456981778144836,0.06343288,0.765619,0.7487684041261673,0.7818994224071503,0.021144291,0.15133335,0.12800000607967377,0.17200001329183578,0.030022217,0.0006666667,0.0,0.0,0.0023094013,0.15538155,0.13977842777967453,0.16520587354898453,0.018573312,7.6199937,7.619993686676025,7.619993686676025,0.0,7.6399937,7.639993667602539,7.639993667602539,0.0,1225600.0,1225600.0,1225600.0,0.0
383,0.0,0.0,0.0,0.0,1.0,1.0,1.0,0.0,0.512678,0.5118618607521057,0.514722928404808,0.0030535944,0.5126789,0.511862725019455,0.5147238224744797,0.0030535862,1.0169948,1.001255214214325,1.0431270897388458,0.02788233,0.0963468,0.09054691717028618,0.09971261583268642,0.006322277,0.0963468,0.09054691717028618,0.09971261583268642,0.006322277,1.0,1.0,1.0,0.0,9.265315e-07,8.707561534038177e-07,9.588992782028072e-07,6.079899e-08,9.6166295e-06,9.616629540687427e-06,9.616629540687427e-06,0.0,-27.306166,-27.778212070465088,-26.99726676940918,0.64554125,2.2374332,2.202805459499359,2.2949253916740417,0.061342362,0.74581105,0.7342685163021088,0.7649751454591751,0.02044745,0.17066668,0.15800001099705696,0.20200000330805779,0.040553745,0.0,0.0,0.0,0.0,0.15975945,0.1405213512480259,0.16999688744544983,0.022039238,7.6399937,7.639993667602539,7.639993667602539,0.0,7.6599936,7.659993648529053,7.659993648529053,0.0,1228800.0,1228800.0,1228800.0,0.0
384,0.0,0.0,0.0,0.0,1.0,1.0,1.0,0.0,0.5126789,0.511862725019455,0.5147238224744797,0.0030535862,0.5126798,0.511863574385643,0.5147247165441513,0.003053573,1.0361698,1.0128861665725708,1.0471906960010529,0.03372839,0.09225925,0.08970484882593155,0.09708409011363983,0.006983285,0.09225925,0.08970484882593155,0.09708409011363983,0.006983285,1.0,1.0,1.0,0.0,8.6965497e-07,8.455766362658323e-07,9.151348905334089e-07,6.582591e-08,9.426209e-06,9.426208634977229e-06,9.426208634977229e-06,0.0,-27.285128,-27.695563316345215,-26.8780837059021,0.7049309,2.279619,2.228394091129303,2.3038655519485474,0.07420394,0.759873,0.7427980303764343,0.7679552137851715,0.024734644,0.14466667,0.1340000070631504,0.1600000113248825,0.030787641,0.0,0.0,0.0,0.0,0.15598701,0.14117537811398506,0.16671540588140488,0.015570693,7.6599936,7.659993648529053,7.659993648529053,0.0,7.679994,7.679993629455566,7.679993629455566,0.0,1232000.0,1232000.0,1232000.0,0.0
385,0.0,0.0,0.0,0.0,1.0,1.0,1.0,0.0,0.5126798,0.511863574385643,0.5147247165441513,0.003053573,0.51268065,0.5118644535541534,0.5147253423929214,0.0030535217,1.0291357,1.0051811337471008,1.05990269780159,0.04238105,0.08732655,0.08713390305638313,0.09882688522338867,0.028595872,0.09391881,0.08713390305638313,0.09882688522338867,0.009120909,0.9166667,1.0,1.0,0.28867513,8.068586e-07,8.050786419744327e-07,9.131166081033371e-07,2.6421318e-07,9.239557e-06,9.239556675311178e-06,9.239556675311178e-06,0.0,-27.352982,-27.704342365264893,-27.015044689178467,0.819217,2.2641437,2.211442708969116,2.3318324089050293,0.09324015,0.75471455,0.7371475994586945,0.7772774994373322,0.031080056,0.15466668,0.12600000575184822,0.18400001525878906,0.034843374,0.0,0.0,0.0,0.0,0.16318919,0.1455683559179306,0.17558322474360466,0.021068797,7.679994,7.679993629455566,7.679993629455566,0.0,7.6999936,7.69999361038208,7.69999361038208,0.0,1235200.0,1235200.0,1235200.0,0.0
386,0.0,0.0,0.0,0.0,1.0,1.0,1.0,0.0,0.51268065,0.5118644535541534,0.5147253423929214,0.0030535217,0.5126814,0.5118653029203415,0.5147262066602707,0.0030536188,1.0276363,1.0042668879032135,1.0409224033355713,0.034315016,0.08757639,0.09100767225027084,0.09902526810765266,0.028059203,0.09409734,0.09100767225027084,0.09902526810765266,0.0071831117,0.9166667,1.0,1.0,0.28867513,7.931444e-07,8.2422015168504e-07,8.968323186309135e-07,2.54121e-07,9.056601e-06,9.056600902113132e-06,9.056600902113132e-06,0.0,-27.162989,-27.46522045135498,-26.59351348876953,0.9853946,2.260845,2.209431231021881,2.2900750041007996,0.07549452,0.7536151,0.7364771068096161,0.7633583545684814,0.02516485,0.15,0.13200000673532486,0.1680000126361847,0.043300223,0.0,0.0,0.0,0.0,0.16461192,0.1444278359413147,0.17430247366428375,0.029554822,7.6999936,7.69999361038208,7.69999361038208,0.0,7.7199936,7.719993591308594,7.719993591308594,0.0,1238400.0,1238400.0,1238400.0,0.0
387,0.0,0.0,0.0,0.0,1.0,1.0,1.0,0.0,0.5126814,0.5118653029203415,0.5147262066602707,0.0030536188,0.51268226,0.511866107583046,0.5147269517183304,0.0030536132,1.0367099,1.007838487625122,1.07600936293602,0.038440693,0.09222283,0.08394465036690235,0.09821540676057339,0.008076913,0.09222283,0.08394465036690235,0.09821540676057339,0.008076913,1.0,1.0,1.0,0.0,8.1868683e-07,7.451991876905595e-07,8.718845236899142e-07,7.1700924e-08,8.877269e-06,8.87726855580695e-06,8.87726855580695e-06,0.0,-27.491707,-27.890846252441406,-27.023560523986816,0.6610858,2.2808073,2.217288911342621,2.367267906665802,0.08457122,0.7602691,0.7390963286161423,0.7890893071889877,0.028190399,0.14666668,0.12600000575184822,0.15600001066923141,0.03313151,0.0,0.0,0.0,0.0,0.15550102,0.1444130763411522,0.16343598067760468,0.019413536,7.7199936,7.719993591308594,7.719993591308594,0.0,7.7399936,7.739993572235107,7.739993572235107,0.0,1241600.0,1241600.0,1241600.0,0.0
388,0.0,0.0,0.0,0.0,1.0,1.0,1.0,0.0,0.51268226,0.511866107583046,0.5147269517183304,0.0030536132,0.51268303,0.5118669420480728,0.5147278159856796,0.00305363,1.0412986,1.0291180312633514,1.0589914321899414,0.031697437,0.09115532,0.0872991643846035,0.0935151893645525,0.006856797,0.09115532,0.0872991643846035,0.0935151893645525,0.006856797,1.0,1.0,1.0,0.0,7.9318687e-07,7.59632612812311e-07,8.137212859082865e-07,5.966433e-08,8.701488e-06,8.70148778631119e-06,8.70148778631119e-06,0.0,-27.379267,-28.028676986694336,-27.038788318634033,0.866171,2.2909029,2.264104962348938,2.329827666282654,0.069735736,0.76363426,0.7547016590833664,0.7766092270612717,0.023245247,0.14666668,0.12200000509619713,0.17600001394748688,0.031326246,0.0006666667,0.0,0.0,0.0023094013,0.16096152,0.14161309227347374,0.17963671311736107,0.02499932,7.7399936,7.739993572235107,7.739993572235107,0.0,7.759993,7.759993553161621,7.759993553161621,0.0,1244800.0,1244800.0,1244800.0,0.0
389,0.0,0.0,0.0,0.0,1.0,1.0,1.0,0.0,0.51268303,0.5118669420480728,0.5147278159856796,0.00305363,0.51268387,0.5118677616119385,0.5147286802530289,0.0030536319,1.0290797,1.0175873339176178,1.0425575077533722,0.029761855,0.093722194,0.0906676109880209,0.09603127278387547,0.0063010245,0.093722194,0.0906676109880209,0.09603127278387547,0.0063010245,1.0,1.0,1.0,0.0,7.9937416e-07,7.733210054539086e-07,8.190686457965057e-07,5.37426e-08,8.529187e-06,8.529186743544415e-06,8.529186743544415e-06,0.0,-27.257172,-27.93005609512329,-26.839128494262695,0.8048861,2.2640204,2.238736927509308,2.293672263622284,0.06547737,0.7546735,0.7462456673383713,0.764557421207428,0.0218258,0.17333335,0.14800000935792923,0.20200000330805779,0.03879394,0.0,0.0,0.0,0.0,0.15582769,0.1412334032356739,0.17011559754610062,0.01898492,7.759993,7.759993553161621,7.759993553161621,0.0,7.7799935,7.779993534088135,7.779993534088135,0.0,1248000.0,1248000.0,1248000.0,0.0
390,0.0,0.0,0.0,0.0,1.0,1.0,1.0,0.0,0.51268387,0.5118677616119385,0.5147286802530289,0.0030536319,0.5126845,0.5118684768676758,0.5147294998168945,0.0030535609,1.045006,1.0210845470428467,1.0692914128303528,0.03226785,0.08385136,0.08525807969272137,0.09526549465954304,0.026959803,0.09038207,0.08525807969272137,0.09526549465954304,0.006621927,0.9166667,1.0,1.0,0.28867513,7.010223e-07,7.127828638431311e-07,7.964478498934113e-07,2.2539196e-07,8.360297e-06,8.360297215403989e-06,8.360297215403989e-06,0.0,-27.564203,-28.041895866394043,-26.849678993225098,0.81498194,2.2990592,2.246430814266205,2.3524879813194275,0.07099069,0.7663531,0.7488102912902832,0.7841626703739166,0.023663567,0.1375,0.1249999962747097,0.16499999538064003,0.042238496,0.0,0.0,0.0,0.0,0.15992194,0.14620812609791756,0.1641721874475479,0.026441444,7.7799935,7.779993534088135,7.779993534088135,0.0,7.7999935,7.799993515014648,7.799993515014648,0.0,1251200.0,1251200.0,1251200.0,0.0
391,0.0,0.0,0.0,0.0,1.0,1.0,1.0,0.0,0.5126845,0.5118684768676758,0.5147294998168945,0.0030535609,0.51268536,0.5118692964315414,0.5147302895784378,0.0030535695,1.011107,0.9976150393486023,1.0221473574638367,0.030041484,0.0976863,0.0950311403721571,0.10055217891931534,0.0066397833,0.0976863,0.0950311403721571,0.10055217891931534,0.0066397833,1.0,1.0,1.0,0.0,8.00515e-07,7.787566431716186e-07,8.24000153443194e-07,5.4411377e-08,8.194752e-06,8.194751899281982e-06,8.194751899281982e-06,0.0,-27.023865,-27.37407875061035,-26.459404945373535,0.86532,2.2244797,2.194796919822693,2.248769164085388,0.0660926,0.7414932,0.7315989881753922,0.749589741230011,0.022030873,0.16066667,0.1340000070631504,0.17800001427531242,0.041981235,0.0,0.0,0.0,0.0,0.14739852,0.12590494938194752,0.15996305271983147,0.019427555,7.7999935,7.799993515014648,7.799993515014648,0.0,7.8199935,7.819993495941162,7.819993495941162,0.0,1254400.0,1254400.0,1254400.0,0.0
392,0.0,0.0,0.0,0.0,1.0,1.0,1.0,0.0,0.51268536,0.5118692964315414,0.5147302895784378,0.0030535695,0.5126861,0.5118700712919235,0.5147311091423035,0.0030535876,1.0226336,1.001496285200119,1.0404963791370392,0.032347694,0.09515983,0.09113442711532116,0.09965608641505241,0.0069255265,0.09515983,0.09113442711532116,0.09965608641505241,0.0069255265,1.0,1.0,1.0,0.0,7.6437004e-07,7.32036014028381e-07,8.004861342669756e-07,5.5629197e-08,8.032486e-06,8.032486221054569e-06,8.032486221054569e-06,0.0,-27.332838,-27.392813205718994,-26.83194589614868,0.8672294,2.2498388,2.20333594083786,2.289137840270996,0.07116635,0.7499463,0.7344453483819962,0.7630459666252136,0.023722118,0.14400001,0.11600000411272049,0.17000001296401024,0.03359654,0.0,0.0,0.0,0.0,0.15690264,0.14777782559394836,0.16376200690865517,0.016562514,7.8199935,7.819993495941162,7.819993495941162,0.0,7.839994,7.839993476867676,7.839993476867676,0.0,1257600.0,1257600.0,1257600.0,0.0
393,0.0,0.0,0.0,0.0,1.0,1.0,1.0,0.0,0.5126861,0.5118700712919235,0.5147311091423035,0.0030535876,0.5126868,0.511870801448822,0.5147318243980408,0.003053681,1.0410156,1.0042200982570648,1.0731172561645508,0.04301016,0.084928125,0.08452133461833,0.09903302043676376,0.027882712,0.09139621,0.08452133461833,0.09903302043676376,0.008997643,0.9166667,1.0,1.0,0.28867513,6.686758e-07,6.654729816091276e-07,7.797297314482421e-07,2.1953264e-07,7.873432e-06,7.873431968619116e-06,7.873431968619116e-06,0.0,-27.340277,-28.110153198242188,-26.72141170501709,0.8367283,2.29028,2.2093284130096436,2.360905110836029,0.09462424,0.7634268,0.7364428341388702,0.7869684100151062,0.031541426,0.14733334,0.11800000444054604,0.17800001427531242,0.03999394,0.0,0.0,0.0,0.0,0.16150744,0.14817295968532562,0.17280226573348045,0.022558019,7.839994,7.839993476867676,7.839993476867676,0.0,7.8599935,7.8599934577941895,7.8599934577941895,0.0,1260800.0,1260800.0,1260800.0,0.0
394,0.0,0.0,0.0,0.0,1.0,1.0,1.0,0.0,0.5126868,0.511870801448822,0.5147318243980408,0.003053681,0.5126874,0.5118713825941086,0.5147325247526169,0.0030537152,1.0536897,1.0348686277866364,1.0827936828136444,0.045731276,0.08240017,0.08264329843223095,0.09229322709143162,0.02752638,0.08883765,0.08264329843223095,0.09229322709143162,0.009881852,0.9166667,1.0,1.0,0.28867513,6.359256e-07,6.378019037356353e-07,7.122755079080889e-07,2.1243558e-07,7.717527e-06,7.717527296335902e-06,7.717527296335902e-06,0.0,-27.761078,-27.967339992523193,-27.41963243484497,0.8389064,2.3181636,2.2767564058303833,2.382193684577942,0.100610815,0.77272123,0.7589188367128372,0.7940645813941956,0.033536937,0.14066668,0.12400000542402267,0.1600000113248825,0.027598862,0.0,0.0,0.0,0.0,0.1667953,0.15410913154482841,0.1777798794209957,0.02050808,7.8599935,7.8599934577941895,7.8599934577941895,0.0,7.8799934,7.879993438720703,7.879993438720703,0.0,1264000.0,1264000.0,1264000.0,0.0
395,0.0,0.0,0.0,0.0,1.0,1.0,1.0,0.0,0.5126874,0.5118713825941086,0.5147325247526169,0.0030537152,0.5126881,0.5118720382452011,0.5147332698106766,0.0030537155,1.0275849,1.0050220489501953,1.0526058673858643,0.029045012,0.09403867,0.08859515376389027,0.09885087236762047,0.00630189,0.09403867,0.08859515376389027,0.09885087236762047,0.00630189,1.0,1.0,1.0,0.0,7.113754e-07,6.701966981381702e-07,7.477782162368385e-07,4.7671968e-08,7.56471e-06,7.5647103585652076e-06,7.5647103585652076e-06,0.0,-27.358057,-27.951704502105713,-27.015124320983887,0.79578316,2.260732,2.211092710494995,2.315779149532318,0.06390026,0.7535773,0.7370309084653854,0.7719263881444931,0.021300081,0.15200001,0.12800000607967377,0.17800001427531242,0.030510806,0.0,0.0,0.0,0.0,0.1560407,0.1399107202887535,0.16739078983664513,0.02290449,7.8799934,7.879993438720703,7.879993438720703,0.0,7.8999934,7.899993419647217,7.899993419647217,0.0,1267200.0,1267200.0,1267200.0,0.0
396,0.0,0.0,0.0,0.0,1.0,1.0,1.0,0.0,0.5126881,0.5118720382452011,0.5147332698106766,0.0030537155,0.5126888,0.511872723698616,0.5147339701652527,0.003053729,1.028025,1.0203663408756256,1.0424302816390991,0.028125754,0.09393496,0.09069245494902134,0.09543578326702118,0.0062763332,0.09393496,0.09069245494902134,0.09543578326702118,0.0062763332,1.0,1.0,1.0,0.0,6.9652015e-07,6.724772134703016e-07,7.076485957213663e-07,4.6538503e-08,7.414919e-06,7.414918854919961e-06,7.414918854919961e-06,0.0,-27.13635,-27.528761863708496,-26.67018747329712,0.50430846,2.2617002,2.244850814342499,2.2933924198150635,0.06187789,0.75390005,0.7482836097478867,0.7644641399383545,0.020625954,0.17866667,0.16600001230835915,0.19600000232458115,0.02840401,0.0,0.0,0.0,0.0,0.14959931,0.1357116959989071,0.16875459998846054,0.019141776,7.8999934,7.899993419647217,7.899993419647217,0.0,7.919993,7.9199934005737305,7.9199934005737305,0.0,1270400.0,1270400.0,1270400.0,0.0
397,0.0,0.0,0.0,0.0,1.0,1.0,1.0,0.0,0.5126888,0.511872723698616,0.5147339701652527,0.003053729,0.5126894,0.511873334646225,0.5147346705198288,0.0030538633,1.0443839,1.014455795288086,1.0588729977607727,0.03377515,0.08396033,0.08735672943294048,0.09672621823847294,0.027085366,0.09053299,0.08735672943294048,0.09672621823847294,0.0069278423,0.9166667,1.0,1.0,0.28867513,6.1023167e-07,6.349169439090474e-07,7.030152602283124e-07,1.9685898e-07,7.268094e-06,7.268094122991897e-06,7.268094122991897e-06,0.0,-27.46509,-27.85435199737549,-26.824053287506104,0.6548744,2.2976904,2.23184734582901,2.3295671343803406,0.074306786,0.7658968,0.7439491450786591,0.7765223830938339,0.024768917,0.13666667,0.12000000476837158,0.15200001001358032,0.023499843,0.0,0.0,0.0,0.0,0.1584536,0.1474602036178112,0.16642646491527557,0.022224039,7.919993,7.9199934005737305,7.9199934005737305,0.0,7.9399934,7.939993381500244,7.939993381500244,0.0,1273600.0,1273600.0,1273600.0,0.0
398,0.0,0.0,0.0,0.0,1.0,1.0,1.0,0.0,0.5126894,0.511873334646225,0.5147346705198288,0.0030538633,0.51269,0.5118740051984787,0.5147353708744049,0.0030539439,1.0406362,1.018053561449051,1.0585261285305023,0.03023757,0.08467627,0.08739364519715309,0.09592972882091999,0.027128417,0.09126861,0.08739364519715309,0.09592972882091999,0.0062877173,0.9166667,1.0,1.0,0.28867513,6.032488e-07,6.226077857718337e-07,6.834203958305807e-07,1.9326764e-07,7.124177e-06,7.124177045625402e-06,7.124177045625402e-06,0.0,-27.292877,-27.51134967803955,-26.91570520401001,0.5476051,2.2894454,2.2397624850273132,2.3288039565086365,0.066524014,0.7631485,0.7465875148773193,0.7762680053710938,0.02217467,0.17000002,0.15800001099705696,0.18000001087784767,0.032203894,0.0,0.0,0.0,0.0,0.1558813,0.15117613226175308,0.1615736521780491,0.011610253,7.9399934,7.939993381500244,7.939993381500244,0.0,7.9599934,7.959993362426758,7.959993362426758,0.0,1276800.0,1276800.0,1276800.0,0.0
399,0.0,0.0,0.0,0.0,1.0,1.0,1.0,0.0,0.51269,0.5118740051984787,0.5147353708744049,0.0030539439,0.51269066,0.5118746161460876,0.5147360116243362,0.0030539378,1.0336096,1.018882542848587,1.0552544593811035,0.029953005,0.09275492,0.08806397207081318,0.095748296007514,0.0063979654,0.09275492,0.08806397207081318,0.095748296007514,0.0063979654,1.0,1.0,1.0,0.0,6.4771774e-07,6.149602995719761e-07,6.686207996153826e-07,4.4677698e-08,6.983109e-06,6.98310896041221e-06,6.98310896041221e-06,0.0,-27.459143,-27.804099559783936,-27.13431692123413,0.61040115,2.2739866,2.24158638715744,2.321606159210205,0.06589796,0.7579956,0.7471954673528671,0.7738687545061111,0.021965982,0.156,0.14000000804662704,0.18400001525878906,0.038366653,0.0,0.0,0.0,0.0,0.16246583,0.14901882410049438,0.1703091785311699,0.021529622,7.9599934,7.959993362426758,7.959993362426758,0.0,7.9799933,7.9799933433532715,7.9799933433532715,0.0,1280000.0,1280000.0,1280000.0,0.0
400,0.0,0.0,0.0,0.0,1.0,1.0,1.0,0.0,0.51269066,0.5118746161460876,0.5147360116243362,0.0030539378,0.5126913,0.5118752717971802,0.5147365927696228,0.0030539352,1.029475,1.0130185037851334,1.0441740453243256,0.03732327,0.09375501,0.09033383429050446,0.09707176126539707,0.008060884,0.09375501,0.09033383429050446,0.09707176126539707,0.008060884,1.0,1.0,1.0,0.0,6.417374e-07,6.183200724763083e-07,6.644400514232984e-07,5.5175406e-08,6.8448335e-06,6.844833478680812e-06,6.844833478680812e-06,0.0,-27.438719,-27.740925312042236,-27.028743267059326,0.57939994,2.2648902,2.228685200214386,2.297228753566742,0.08211282,0.7549634,0.7428950667381287,0.7657429575920105,0.02737094,0.14800002,0.1300000064074993,0.17200001329183578,0.032451365,0.0,0.0,0.0,0.0,0.15925662,0.15226289629936218,0.16583271697163582,0.014750624,7.9799933,7.9799933433532715,7.9799933433532715,0.0,7.999994,7.999993324279785,7.999993324279785,0.0,1283200.0,1283200.0,1283200.0,0.0
401,0.0,0.0,0.0,0.0,1.0,1.0,1.0,0.0,0.5126913,0.5118752717971802,0.5147365927696228,0.0030539352,0.5126918,0.5118759125471115,0.5147372037172318,0.0030541099,1.0513915,1.0073987543582916,1.0774320662021637,0.04462026,0.069987215,0.06409076973795891,0.09831134788691998,0.042535394,0.08926723,0.08372478745877743,0.09831134788691998,0.009059706,0.75,0.75,1.0,0.45226702,4.6956498e-07,4.3000402172310714e-07,6.596000190484119e-07,2.8538258e-07,6.709297e-06,6.709296940243803e-06,6.709296940243803e-06,0.0,-27.58979,-27.976184368133545,-27.11296033859253,0.6968043,2.3131073,2.216321587562561,2.3703978657722473,0.098166525,0.77103573,0.7387738972902298,0.7901326268911362,0.032722175,0.15200001,0.1340000070631504,0.1640000119805336,0.026859907,0.0,0.0,0.0,0.0,0.16649988,0.1492050737142563,0.1876891851425171,0.026273975,7.999994,7.999993324279785,7.999993324279785,0.0,8.019994,8.019993782043457,8.019993782043457,0.0,1286400.0,1286400.0,1286400.0,0.0
402,0.0,0.0,0.0,0.0,1.0,1.0,1.0,0.0,0.5126918,0.5118759125471115,0.5147372037172318,0.0030541099,0.5126924,0.5118765085935593,0.5147378444671631,0.0030541043,1.0259367,1.0139943063259125,1.042028158903122,0.02039327,0.09429813,0.09077626466751099,0.0968372281640768,0.004443064,0.09429813,0.09077626466751099,0.0968372281640768,0.004443064,1.0,1.0,1.0,0.0,6.201462e-07,5.96984790490751e-07,6.368443621340703e-07,2.921956e-08,6.5764416e-06,6.576441592187621e-06,6.576441592187621e-06,0.0,-27.063234,-27.297595024108887,-26.814141273498535,0.4051624,2.2571058,2.2308319807052612,2.2925077080726624,0.0448661,0.7523686,0.7436106950044632,0.7641692757606506,0.014955368,0.15933335,0.13600000739097595,0.17800001427531242,0.03585155,0.0013333334,0.0,0.0,0.003113996,0.15833063,0.13699008524417877,0.17470425367355347,0.025623314,8.019994,8.019993782043457,8.019993782043457,0.0,8.039994,8.039994239807129,8.039994239807129,0.0,1289600.0,1289600.0,1289600.0,0.0
403,0.0,0.0,0.0,0.0,1.0,1.0,1.0,0.0,0.5126924,0.5118765085935593,0.5147378444671631,0.0030541043,0.512693,0.5118770599365234,0.5147384852170944,0.0030541026,1.0158073,0.9985540807247162,1.0234975516796112,0.03027409,0.09663978,0.09473325870931149,0.10033503547310829,0.006704554,0.09663978,0.09473325870931149,0.10033503547310829,0.006704554,1.0,1.0,1.0,0.0,6.229609e-07,6.106710372932866e-07,6.467813022936753e-07,4.3219014e-08,6.446216e-06,6.446216048061615e-06,6.446216048061615e-06,0.0,-27.113157,-27.23615312576294,-26.688819885253906,0.70158315,2.2348206,2.1968628764152527,2.2517396211624146,0.06660432,0.7449403,0.7322876453399658,0.7505798935890198,0.022201436,0.16,0.13499999977648258,0.17999999225139618,0.048053,0.0008333333,0.0,0.0,0.0028867512,0.15445204,0.14505062997341156,0.16182620450854301,0.0240437,8.039994,8.039994239807129,8.039994239807129,0.0,8.059995,8.0599946975708,8.0599946975708,0.0,1292800.0,1292800.0,1292800.0,0.0
404,0.0,0.0,0.0,0.0,1.0,1.0,1.0,0.0,0.512693,0.5118770599365234,0.5147384852170944,0.0030541026,0.5126936,0.5118776559829712,0.5147386193275452,0.003054066,1.0369824,1.008713811635971,1.0684137642383575,0.037641764,0.08558155,0.08544663712382317,0.09801381453871727,0.02773075,0.092147835,0.08544663712382317,0.09801381453871727,0.0077658617,0.9166667,1.0,1.0,0.28867513,5.40753e-07,5.399005118533751e-07,6.193070873905526e-07,1.7521866e-07,6.3185694e-06,6.318569376162486e-06,6.318569376162486e-06,0.0,-27.358307,-27.876848220825195,-26.74961519241333,0.8136874,2.2814069,2.219214618206024,2.3505572080612183,0.08281354,0.760469,0.7397382259368896,0.7835190743207932,0.027604502,0.15533334,0.12600000575184822,0.17200001329183578,0.036970098,0.0006666667,0.0,0.0,0.0023094013,0.16179769,0.1485796570777893,0.17196358740329742,0.01849737,8.059995,8.0599946975708,8.0599946975708,0.0,8.079995,8.079995155334473,8.079995155334473,0.0,1296000.0,1296000.0,1296000.0,0.0
405,0.0,0.0,0.0,0.0,1.0,1.0,1.0,0.0,0.5126936,0.5118776559829712,0.5147386193275452,0.003054066,0.5126941,0.511878252029419,0.5147392004728317,0.003054084,1.0444088,1.0272092819213867,1.0652013421058655,0.025925914,0.09042636,0.08605960197746754,0.0939355380833149,0.00533617,0.09042636,0.08605960197746754,0.0939355380833149,0.00533617,1.0,1.0,1.0,0.0,5.6005126e-07,5.330059451580382e-07,5.817851445044653e-07,3.3049304e-08,6.193451e-06,6.193451099534286e-06,6.193451099534286e-06,0.0,-27.653,-28.053768634796143,-27.213268756866455,0.6646696,2.297745,2.2599055767059326,2.3434898257255554,0.057038173,0.7659151,0.7533018589019775,0.7811633050441742,0.019012734,0.13666667,0.12600000575184822,0.14400000870227814,0.025631424,0.0006666667,0.0,0.0,0.0023094013,0.16121386,0.14835810661315918,0.16860667243599892,0.017027762,8.079995,8.079995155334473,8.079995155334473,0.0,8.099996,8.099995613098145,8.099995613098145,0.0,1299200.0,1299200.0,1299200.0,0.0
406,0.0,0.0,0.0,0.0,1.0,1.0,1.0,0.0,0.5126941,0.511878252029419,0.5147392004728317,0.003054084,0.51269466,0.5118787735700607,0.5147397518157959,0.0030540912,1.0346489,1.0198687016963959,1.0529659986495972,0.035760928,0.09261947,0.08853409253060818,0.09554655477404594,0.0076465746,0.09261947,0.08853409253060818,0.09554655477404594,0.0076465746,1.0,1.0,1.0,0.0,5.6227515e-07,5.374735962959676e-07,5.800449258686058e-07,4.642089e-08,6.0708094e-06,6.070809376979014e-06,6.070809376979014e-06,0.0,-27.364342,-27.704967498779297,-26.865349292755127,0.8224191,2.276273,2.243755877017975,2.3165714144706726,0.07867562,0.75875765,0.7479186654090881,0.7721904963254929,0.02622521,0.156,0.12400000542402267,0.1860000118613243,0.035858307,0.0,0.0,0.0,0.0,0.15492289,0.1440957710146904,0.16337661817669868,0.02034165,8.099996,8.099995613098145,8.099995613098145,0.0,8.119996,8.119996070861816,8.119996070861816,0.0,1302400.0,1302400.0,1302400.0,0.0
407,0.0,0.0,0.0,0.0,1.0,1.0,1.0,0.0,0.51269466,0.5118787735700607,0.5147397518157959,0.0030540912,0.51269525,0.5118792504072189,0.5147402882575989,0.0030540929,1.041741,1.0345150232315063,1.0558908879756927,0.03672643,0.09114591,0.08792622946202755,0.09236072935163975,0.008174227,0.09114591,0.08792622946202755,0.09236072935163975,0.008174227,1.0,1.0,1.0,0.0,5.4237256e-07,5.232135578125963e-07,5.496014665595794e-07,4.8641535e-08,5.950597e-06,5.950596914772177e-06,5.950596914772177e-06,0.0,-27.575361,-27.920806407928467,-27.185211181640625,0.8312442,2.291876,2.2759785652160645,2.323006272315979,0.08079978,0.7639587,0.7586595267057419,0.7743354439735413,0.026933255,0.15666668,0.12600000575184822,0.1940000019967556,0.039993938,0.0006666667,0.0,0.0,0.0023094013,0.16413034,0.15190205350518227,0.17508440092206,0.022227356,8.119996,8.119996070861816,8.119996070861816,0.0,8.139997,8.139996528625488,8.139996528625488,0.0,1305600.0,1305600.0,1305600.0,0.0
408,0.0,0.0,0.0,0.0,1.0,1.0,1.0,0.0,0.51269525,0.5118792504072189,0.5147402882575989,0.0030540929,0.5126958,0.5118797421455383,0.514740839600563,0.0030540985,1.0329145,1.0002605020999908,1.0609234869480133,0.034485746,0.092966594,0.08691411279141903,0.0999403577297926,0.007263307,0.092966594,0.08691411279141903,0.0999403577297926,0.007263307,1.0,1.0,1.0,0.0,5.422522e-07,5.069495330189966e-07,5.829285356639957e-07,4.2365162e-08,5.832764e-06,5.832764145452529e-06,5.832764145452529e-06,0.0,-27.218271,-27.913270473480225,-26.484846591949463,0.9968725,2.2724574,2.200617015361786,2.334078371524811,0.07587018,0.7574858,0.7335390150547028,0.7780261635780334,0.025290074,0.154,0.1420000083744526,0.17000001296401024,0.029369125,0.0006666667,0.0,0.0,0.0023094013,0.16081259,0.14566093683242798,0.17557914555072784,0.022382358,8.139997,8.139996528625488,8.139996528625488,0.0,8.159997,8.15999698638916,8.15999698638916,0.0,1308800.0,1308800.0,1308800.0,0.0
409,0.0,0.0,0.0,0.0,1.0,1.0,1.0,0.0,0.5126958,0.5118797421455383,0.514740839600563,0.0030540985,0.51269627,0.5118802189826965,0.5147413611412048,0.003054108,1.0640731,1.0518067181110382,1.0792711079120636,0.021968536,0.08638477,0.08331669867038727,0.08875629678368568,0.0043824795,0.08638477,0.08331669867038727,0.08875629678368568,0.0043824795,1.0,1.0,1.0,0.0,4.9388456e-07,4.7634361521886603e-07,5.074432607443669e-07,2.5055792e-08,5.7172642e-06,5.71726468479028e-06,5.71726468479028e-06,0.0,-27.73342,-27.842731952667236,-27.401377201080322,0.42983896,2.3410075,2.3140209913253784,2.374443769454956,0.048331708,0.78033584,0.7713403552770615,0.7914812564849854,0.016110566,0.15466668,0.13600000739097595,0.17800001427531242,0.032060552,0.0,0.0,0.0,0.0,0.16859691,0.15321026369929314,0.186755932867527,0.020755963,8.159997,8.15999698638916,8.15999698638916,0.0,8.179997,8.179997444152832,8.179997444152832,0.0,1312000.0,1312000.0,1312000.0,0.0
410,0.0,0.0,0.0,0.0,1.0,1.0,1.0,0.0,0.51269627,0.5118802189826965,0.5147413611412048,0.003054108,0.5126968,0.5118807852268219,0.5147418528795242,0.0030540978,1.0202754,1.0033378303050995,1.0483404994010925,0.032470353,0.095684,0.08946634083986282,0.09923437424004078,0.0071768765,0.095684,0.08946634083986282,0.09923437424004078,0.0071768765,1.0,1.0,1.0,0.0,5.3621824e-07,5.01374159966872e-07,5.561147702337621e-07,4.0219597e-08,5.6040535e-06,5.604053512797691e-06,5.604053512797691e-06,0.0,-27.08564,-27.72406005859375,-26.71900510787964,0.7407204,2.2446506,2.2073872089385986,2.3063950538635254,0.071436174,0.74821687,0.7357957512140274,0.7687983512878418,0.023812063,0.16466667,0.1420000083744526,0.1860000118613243,0.032977495,0.0,0.0,0.0,0.0,0.1525248,0.13484656810760498,0.1655987612903118,0.025060674,8.179997,8.179997444152832,8.179997444152832,0.0,8.199998,8.199997901916504,8.199997901916504,0.0,1315200.0,1315200.0,1315200.0,0.0
411,0.0,0.0,0.0,0.0,1.0,1.0,1.0,0.0,0.5126968,0.5118807852268219,0.5147418528795242,0.0030540978,0.5126973,0.5118812620639801,0.5147423893213272,0.0030541045,1.036631,1.0209376215934753,1.0532221794128418,0.025027359,0.09205269,0.0884782075881958,0.0952933318912983,0.005385837,0.09205269,0.0884782075881958,0.0952933318912983,0.005385837,1.0,1.0,1.0,0.0,5.056531e-07,4.86018116419018e-07,5.234541902154888e-07,2.9584857e-08,5.493083e-06,5.49308288100292e-06,5.49308288100292e-06,0.0,-27.496637,-27.937767028808594,-27.039302349090576,0.5993665,2.280634,2.2461076974868774,2.317134976387024,0.05506127,0.7602113,0.7487026005983353,0.7723783254623413,0.018353753,0.14400001,0.12400000542402267,0.17000001296401024,0.040217593,0.0,0.0,0.0,0.0,0.15844171,0.14751417562365532,0.16928264126181602,0.023836805,8.199998,8.199997901916504,8.199997901916504,0.0,8.219998,8.219998359680176,8.219998359680176,0.0,1318400.0,1318400.0,1318400.0,0.0
412,0.0,0.0,0.0,0.0,1.0,1.0,1.0,0.0,0.5126973,0.5118812620639801,0.5147423893213272,0.0030541045,0.51269776,0.5118817538022995,0.514742910861969,0.0030541231,1.0349306,1.0133807361125946,1.0643984079360962,0.0384854,0.08600649,0.08622178621590137,0.0969699714332819,0.02795986,0.09260238,0.08622178621590137,0.0969699714332819,0.008130244,0.9166667,1.0,1.0,0.28867513,4.630856e-07,4.642447848368647e-07,5.221163377200355e-07,1.5054454e-07,5.384309e-06,5.384309588407632e-06,5.384309588407632e-06,0.0,-27.548319,-28.217430591583252,-27.1911358833313,0.8700338,2.276893,2.229482054710388,2.341723322868347,0.084669575,0.7589643,0.7431607097387314,0.7805744707584381,0.028223194,0.12466667,0.08800000697374344,0.15400001034140587,0.03866249,0.0,0.0,0.0,0.0,0.15272395,0.14166023582220078,0.16256120800971985,0.019193953,8.219998,8.219998359680176,8.219998359680176,0.0,8.239999,8.239998817443848,8.239998817443848,0.0,1321600.0,1321600.0,1321600.0,0.0
413,0.0,0.0,0.0,0.0,1.0,1.0,1.0,0.0,0.51269776,0.5118817538022995,0.514742910861969,0.0030541231,0.51269823,0.5118822306394577,0.5147434324026108,0.003054133,1.0329283,1.0081612467765808,1.0579479038715363,0.030666696,0.092908464,0.08750921860337257,0.09814330376684666,0.006475512,0.092908464,0.08750921860337257,0.09814330376684666,0.006475512,1.0,1.0,1.0,0.0,4.903422e-07,4.6184663915482815e-07,5.179700792723452e-07,3.417576e-08,5.277691e-06,5.277691343508195e-06,5.277691343508195e-06,0.0,-27.455618,-27.945024490356445,-27.152875423431396,0.5919867,2.2724879,2.217999041080475,2.32753187417984,0.06746807,0.75749594,0.7393330335617065,0.7758439779281616,0.022489356,0.16400002,0.15000000968575478,0.17000001296401024,0.019145377,0.0,0.0,0.0,0.0,0.15623738,0.14676521718502045,0.1739223711192608,0.017438984,8.239999,8.239998817443848,8.239998817443848,0.0,8.259999,8.25999927520752,8.25999927520752,0.0,1324800.0,1324800.0,1324800.0,0.0
414,0.0,0.0,0.0,0.0,1.0,1.0,1.0,0.0,0.51269823,0.5118822306394577,0.5147434324026108,0.003054133,0.5126987,0.5118827372789383,0.5147439688444138,0.003054149,1.0198876,1.0060201585292816,1.03929403424263,0.036687355,0.09584681,0.091349633410573,0.09864314459264278,0.008491311,0.09584681,0.091349633410573,0.09864314459264278,0.008491311,1.0,1.0,1.0,0.0,4.9583315e-07,4.725684235040717e-07,5.102991025296433e-07,4.392711e-08,5.1731836e-06,5.173183581064222e-06,5.173183581064222e-06,0.0,-27.176668,-27.56006097793579,-26.743927001953125,0.66127414,2.2437973,2.2132884860038757,2.2864925265312195,0.08071379,0.74793243,0.7377628684043884,0.7621641755104065,0.026904598,0.15133335,0.12800000607967377,0.17200001329183578,0.02982779,0.0006666667,0.0,0.0,0.0023094013,0.15749738,0.1501184143126011,0.16501344367861748,0.01579786,8.259999,8.25999927520752,8.25999927520752,0.0,8.28,8.279999732971191,8.279999732971191,0.0,1328000.0,1328000.0,1328000.0,0.0
415,0.0,0.0,0.0,0.0,1.0,1.0,1.0,0.0,0.5126987,0.5118827372789383,0.5147439688444138,0.003054149,0.5126992,0.5118832290172577,0.514744445681572,0.0030541562,1.0434071,1.023935467004776,1.0636123716831207,0.04164361,0.0843967,0.08637928031384945,0.09464392438530922,0.027719157,0.090875156,0.08637928031384945,0.09464392438530922,0.008891833,0.9166667,1.0,1.0,0.28867513,4.2795412e-07,4.380072908816146e-07,4.799152009127283e-07,1.4055678e-07,5.070745e-06,5.070744919066783e-06,5.070744919066783e-06,0.0,-27.627497,-28.425573348999023,-26.952088832855225,0.86060745,2.2955415,2.252703070640564,2.3399940133094788,0.09161777,0.7651805,0.7509010285139084,0.7799980193376541,0.030539254,0.13533334,0.12400000542402267,0.15200001001358032,0.029827792,0.0,0.0,0.0,0.0,0.15448667,0.14287177845835686,0.16562656685709953,0.019059546,8.28,8.279999732971191,8.279999732971191,0.0,8.3,8.300000190734863,8.300000190734863,0.0,1331200.0,1331200.0,1331200.0,0.0
416,0.0,0.0,0.0,0.0,1.0,1.0,1.0,0.0,0.5126992,0.5118832290172577,0.514744445681572,0.0030541562,0.5126996,0.5118836909532547,0.5147448778152466,0.0030541157,1.0461727,1.014326125383377,1.071613371372223,0.036054652,0.083608955,0.08479821681976318,0.09675510041415691,0.027142268,0.090197824,0.08479821681976318,0.09675510041415691,0.007464763,0.9166667,1.0,1.0,0.28867513,4.1556459e-07,4.214755762177447e-07,4.809053137933006e-07,1.3490617e-07,4.9703353e-06,4.970335339748999e-06,4.970335339748999e-06,0.0,-27.39828,-27.686065673828125,-27.007312297821045,0.5962648,2.301626,2.2315621376037598,2.357596516609192,0.0793218,0.76720876,0.7438540458679199,0.785865530371666,0.02644061,0.14999999,0.11999999731779099,0.16499999538064003,0.04221159,0.0,0.0,0.0,0.0,0.15811476,0.13735006377100945,0.16838330775499344,0.02981978,8.3,8.300000190734863,8.300000190734863,0.0,8.320001,8.320000648498535,8.320000648498535,0.0,1334400.0,1334400.0,1334400.0,0.0
417,0.0,0.0,0.0,0.0,1.0,1.0,1.0,0.0,0.5126996,0.5118836909532547,0.5147448778152466,0.0030541157,0.5127,0.5118841826915741,0.514745369553566,0.0030541054,1.0211883,0.9954784512519836,1.045057862997055,0.043291267,0.095668934,0.09019171632826328,0.1010552179068327,0.009410381,0.095668934,0.09019171632826328,0.1010552179068327,0.009410381,1.0,1.0,1.0,0.0,4.660908e-07,4.3940627847405267e-07,4.923323331240681e-07,4.584657e-08,4.871914e-06,4.871913915849291e-06,4.871913915849291e-06,0.0,-27.180899,-27.873241901397705,-26.494550704956055,0.91647446,2.246659,2.1900963187217712,2.2991732954978943,0.0952427,0.7488864,0.7300321310758591,0.7663911134004593,0.03174756,0.15466668,0.12200000509619713,0.17000001296401024,0.047430974,0.0,0.0,0.0,0.0,0.15814805,0.13881712034344673,0.1709233969449997,0.023660436,8.320001,8.320000648498535,8.320000648498535,0.0,8.340001,8.340001106262207,8.340001106262207,0.0,1337600.0,1337600.0,1337600.0,0.0
418,0.0,0.0,0.0,0.0,1.0,1.0,1.0,0.0,0.5127,0.5118841826915741,0.514745369553566,0.0030541054,0.5127005,0.5118846446275711,0.514745682477951,0.0030540836,1.0377802,1.0218707025051117,1.0414146184921265,0.027684199,0.085297205,0.09092525765299797,0.09508880786597729,0.02711958,0.091834836,0.09092525765299797,0.09508880786597729,0.0056290687,0.9166667,1.0,1.0,0.28867513,4.0733184e-07,4.342082604580355e-07,4.540910438777246e-07,1.2950797e-07,4.7754415e-06,4.775441539095482e-06,4.775441539095482e-06,0.0,-27.239214,-27.650691986083984,-26.784502506256104,0.5814285,2.283162,2.248160421848297,2.291157901287079,0.060906433,0.76105404,0.7493868321180344,0.7637193202972412,0.020302141,0.14733334,0.1340000070631504,0.1600000113248825,0.02349984,0.0,0.0,0.0,0.0,0.15819943,0.1378985084593296,0.17747018858790398,0.02645221,8.340001,8.340001106262207,8.340001106262207,0.0,8.360002,8.360001564025879,8.360001564025879,0.0,1340800.0,1340800.0,1340800.0,0.0
419,0.0,0.0,0.0,0.0,1.0,1.0,1.0,0.0,0.5127005,0.5118846446275711,0.514745682477951,0.0030540836,0.5127009,0.5118851214647293,0.5147460997104645,0.0030540877,1.031094,1.0185891687870026,1.039917916059494,0.022700004,0.09320676,0.09121843613684177,0.09581360779702663,0.0048401817,0.09320676,0.09121843613684177,0.09581360779702663,0.0048401817,1.0,1.0,1.0,0.0,4.3628958e-07,4.269824742664241e-07,4.4849191027651614e-07,2.2656307e-08,4.680879e-06,4.680879101215396e-06,4.680879101215396e-06,0.0,-27.26694,-27.592397212982178,-26.87782335281372,0.68765557,2.268452,2.2409409880638123,2.2878649830818176,0.049941026,0.75615066,0.7469803541898727,0.7626216858625412,0.016647002,0.14600001,0.13600000739097595,0.1680000126361847,0.021608083,0.0,0.0,0.0,0.0,0.15237951,0.14120065793395042,0.16410167515277863,0.014789937,8.360002,8.360001564025879,8.360001564025879,0.0,8.380002,8.38000202178955,8.38000202178955,0.0,1344000.0,1344000.0,1344000.0,0.0
420,0.0,0.0,0.0,0.0,1.0,1.0,1.0,0.0,0.5127009,0.5118851214647293,0.5147460997104645,0.0030540877,0.51270133,0.5118855535984039,0.5147465169429779,0.003054105,1.0289388,1.0062226951122284,1.0447523593902588,0.032410137,0.09379407,0.09020854346454144,0.09857795760035515,0.0070598423,0.09379407,0.09020854346454144,0.09857795760035515,0.0070598423,1.0,1.0,1.0,0.0,4.30345e-07,4.138939146969278e-07,4.522943655160816e-07,3.23919e-08,4.5881898e-06,4.588189767673612e-06,4.588189767673612e-06,0.0,-27.106781,-27.453060626983643,-26.598639965057373,0.7174355,2.2637105,2.2137340903282166,2.298501133918762,0.07130377,0.7545702,0.7379113733768463,0.7661670446395874,0.023767916,0.17066668,0.1340000070631504,0.1980000026524067,0.04041002,0.0006666667,0.0,0.0,0.0023094013,0.15739547,0.14471060037612915,0.1746349185705185,0.023085753,8.380002,8.38000202178955,8.38000202178955,0.0,8.4000025,8.400002479553223,8.400002479553223,0.0,1347200.0,1347200.0,1347200.0,0.0
421,0.0,0.0,0.0,0.0,1.0,1.0,1.0,0.0,0.51270133,0.5118855535984039,0.5147465169429779,0.003054105,0.51270175,0.5118859261274338,0.5147469341754913,0.0030541255,1.0429121,1.024129331111908,1.0700328946113586,0.04169729,0.090985216,0.08511983789503574,0.09459621831774712,0.009101109,0.090985216,0.08511983789503574,0.09459621831774712,0.009101109,1.0,1.0,1.0,0.0,4.0919102e-07,3.828124164328983e-07,4.254308763051995e-07,4.093073e-08,4.497335e-06,4.497334884945303e-06,4.497334884945303e-06,0.0,-27.467325,-28.10549831390381,-27.123103618621826,0.710126,2.2944524,2.2531294226646423,2.3541194200515747,0.0917359,0.7648175,0.7510431408882141,0.7847065031528473,0.030578624,0.16133334,0.1340000070631504,0.1860000118613243,0.043395296,0.0013333334,0.0,0.0,0.003113996,0.1671537,0.15349430963397026,0.17468592151999474,0.016428437,8.4000025,8.400002479553223,8.400002479553223,0.0,8.420003,8.420002937316895,8.420002937316895,0.0,1350400.0,1350400.0,1350400.0,0.0
422,0.0,0.0,0.0,0.0,1.0,1.0,1.0,0.0,0.51270175,0.5118859261274338,0.5147469341754913,0.0030541255,0.5127021,0.5118863880634308,0.5147473514080048,0.003054139,1.0411828,1.0145971775054932,1.0639443397521973,0.036943063,0.08474556,0.08630963042378426,0.09669585898518562,0.027484179,0.09125501,0.08630963042378426,0.09669585898518562,0.007762864,0.9166667,1.0,1.0,0.28867513,3.735822e-07,3.80477004569002e-07,4.262624102580048e-07,1.2115795e-07,4.40828e-06,4.408279892231803e-06,4.408279892231803e-06,0.0,-27.515383,-27.86901330947876,-27.11720323562622,0.6776113,2.2906477,2.232158362865448,2.340724289417267,0.081276365,0.76354927,0.7440528124570847,0.7802414447069168,0.027092116,0.15466668,0.12000000476837158,0.18800001218914986,0.045040052,0.0,0.0,0.0,0.0,0.15366009,0.1416613683104515,0.1656636781990528,0.017634824,8.420003,8.420002937316895,8.420002937316895,0.0,8.440003,8.440003395080566,8.440003395080566,0.0,1353600.0,1353600.0,1353600.0,0.0
423,0.0,0.0,0.0,0.0,1.0,1.0,1.0,0.0,0.5127021,0.5118863880634308,0.5147473514080048,0.003054139,0.51270247,0.5118867605924606,0.5147477686405182,0.0030541888,1.0304614,1.002579689025879,1.0573570728302002,0.04035584,0.08719159,0.08763366378843784,0.09940801188349724,0.028229984,0.09358821,0.08763366378843784,0.09940801188349724,0.008429961,0.9166667,1.0,1.0,0.28867513,3.7675386e-07,3.7866404767328277e-07,4.295408615462293e-07,1.2198143e-07,4.3209884e-06,4.320988409745041e-06,4.320988409745041e-06,0.0,-27.255095,-27.464534282684326,-26.92151975631714,0.7146919,2.2670603,2.2057193517684937,2.326232075691223,0.088784605,0.75568676,0.735239788889885,0.7754107266664505,0.029594867,0.15,0.11800000444054604,0.17800001427531242,0.036759663,0.0,0.0,0.0,0.0,0.15801577,0.14681869000196457,0.15967704728245735,0.023111338,8.440003,8.440003395080566,8.440003395080566,0.0,8.460004,8.460003852844238,8.460003852844238,0.0,1356800.0,1356800.0,1356800.0,0.0
424,0.0,0.0,0.0,0.0,1.0,1.0,1.0,0.0,0.51270247,0.5118867605924606,0.5147477686405182,0.0030541888,0.5127028,0.5118868499994278,0.5147481262683868,0.0030541841,1.0549586,1.043080598115921,1.069022536277771,0.030027477,0.08175927,0.0853058248758316,0.0905591119080782,0.026319439,0.08830956,0.0853058248758316,0.0905591119080782,0.006254773,0.9166667,1.0,1.0,0.28867513,3.4628525e-07,3.613064265550747e-07,3.8355631915010235e-07,1.1147401e-07,4.235425e-06,4.235424967191648e-06,4.235424967191648e-06,0.0,-27.688217,-28.017463207244873,-27.46794319152832,0.6087726,2.3209553,2.294823169708252,2.3518965244293213,0.06606177,0.7736518,0.7649410963058472,0.783965528011322,0.022020588,0.13333334,0.11600000411272049,0.14600000903010368,0.027147187,0.0,0.0,0.0,0.0,0.16714068,0.15646884962916374,0.1707075797021389,0.02126819,8.460004,8.460003852844238,8.460003852844238,0.0,8.480004,8.48000431060791,8.48000431060791,0.0,1360000.0,1360000.0,1360000.0,0.0
425,0.0,0.0,0.0,0.0,1.0,1.0,1.0,0.0,0.5127028,0.5118868499994278,0.5147481262683868,0.0030541841,0.51270324,0.5118872672319412,0.5147485285997391,0.003054185,1.0307106,1.0118224918842316,1.0540785193443298,0.03068482,0.09338478,0.08829684369266033,0.0973153356462717,0.0065312926,0.09338478,0.08829684369266033,0.0973153356462717,0.0065312926,1.0,1.0,1.0,0.0,3.8769215e-07,3.6656932422829414e-07,4.040101018176756e-07,2.7115032e-08,4.1515564e-06,4.151556368015008e-06,4.151556368015008e-06,0.0,-27.087313,-27.602986812591553,-26.528120040893555,0.7382854,2.2676086,2.226054012775421,2.319019079208374,0.067507945,0.75586957,0.7420180290937424,0.7730063945055008,0.022502651,0.15266667,0.14800000935792923,0.1680000126361847,0.02963209,0.0,0.0,0.0,0.0,0.15470387,0.1447361223399639,0.16024654358625412,0.021660767,8.480004,8.48000431060791,8.48000431060791,0.0,8.500005,8.500004768371582,8.500004768371582,0.0,1363200.0,1363200.0,1363200.0,0.0
426,0.0,0.0,0.0,0.0,1.0,1.0,1.0,0.0,0.51270324,0.5118872672319412,0.5147485285997391,0.003054185,0.5127036,0.5118876844644547,0.5147489011287689,0.0030541748,1.0322953,1.0035104602575302,1.0576644539833069,0.033827756,0.09309093,0.08757556974887848,0.09920570999383926,0.0072072484,0.09309093,0.08757556974887848,0.09920570999383926,0.0072072484,1.0,1.0,1.0,0.0,3.788194e-07,3.563754802371477e-07,4.037025718162113e-07,2.9328804e-08,4.069348e-06,4.069348051416455e-06,4.069348051416455e-06,0.0,-27.420534,-27.592697143554688,-26.982704639434814,0.63202775,2.271095,2.207767128944397,2.326908230781555,0.07442256,0.75703174,0.7359223812818527,0.7756360918283463,0.024807518,0.15333334,0.12800000607967377,0.1860000118613243,0.03509295,0.0,0.0,0.0,0.0,0.15795143,0.14960628747940063,0.16282249987125397,0.016955396,8.500005,8.500004768371582,8.500004768371582,0.0,8.520005,8.520005226135254,8.520005226135254,0.0,1366400.0,1366400.0,1366400.0,0.0
427,0.0,0.0,0.0,0.0,1.0,1.0,1.0,0.0,0.5127036,0.5118876844644547,0.5147489011287689,0.0030541748,0.5127039,0.5118877738714218,0.5147493034601212,0.00305421,1.045694,1.02047199010849,1.0697790086269379,0.04629287,0.077731274,0.08518861420452595,0.09539983607828617,0.03697734,0.090480626,0.08518861420452595,0.09539983607828617,0.009576984,0.8333333,1.0,1.0,0.38924947,3.1005197e-07,3.397975589791713e-07,3.8052773021490793e-07,1.47494e-07,3.9887673e-06,3.988767275586724e-06,3.988767275586724e-06,0.0,-27.4813,-28.252964973449707,-26.910326957702637,1.1770586,2.3005726,2.2450833320617676,2.3535608053207397,0.101846315,0.76685756,0.7483611404895782,0.7845202833414078,0.033948775,0.156,0.12400000542402267,0.18200001120567322,0.053448364,0.0,0.0,0.0,0.0,0.15196964,0.14710654690861702,0.15962191298604012,0.01363603,8.520005,8.520005226135254,8.520005226135254,0.0,8.540006,8.540005683898926,8.540005683898926,0.0,1369600.0,1369600.0,1369600.0,0.0
428,0.0,0.0,0.0,0.0,1.0,1.0,1.0,0.0,0.5127039,0.5118877738714218,0.5147493034601212,0.00305421,0.5127042,0.5118881314992905,0.5147496610879898,0.003054253,1.0498986,1.0264714360237122,1.059500366449356,0.034504898,0.083193116,0.08720248565077782,0.09408910572528839,0.02667402,0.089398414,0.08720248565077782,0.09408910572528839,0.006872733,0.9166667,1.0,1.0,0.28867513,3.25267e-07,3.409427620226779e-07,3.678679618701608e-07,1.0428961e-07,3.9097827e-06,3.909782662958605e-06,3.909782662958605e-06,0.0,-27.719824,-28.07917022705078,-27.223934650421143,0.67661595,2.309823,2.2582823038101196,2.3309473395347595,0.07591227,0.76994103,0.7527607828378677,0.7769824862480164,0.025304085,0.14400001,0.1340000070631504,0.15400001034140587,0.027712818,0.0,0.0,0.0,0.0,0.16025867,0.1408117525279522,0.1750948168337345,0.021597605,8.540006,8.540005683898926,8.540005683898926,0.0,8.560006,8.560006141662598,8.560006141662598,0.0,1372800.0,1372800.0,1372800.0,0.0
429,0.0,0.0,0.0,0.0,1.0,1.0,1.0,0.0,0.5127042,0.5118881314992905,0.5147496610879898,0.003054253,0.5127046,0.5118885040283203,0.5147500187158585,0.0030542451,1.0284233,1.0063555240631104,1.059035211801529,0.030902315,0.093883224,0.08729011937975883,0.09855369664728642,0.0067162425,0.093883224,0.08729011937975883,0.09855369664728642,0.0067162425,1.0,1.0,1.0,0.0,3.5979448e-07,3.345273356103462e-07,3.776934249799524e-07,2.5739068e-08,3.832362e-06,3.832361926470185e-06,3.832361926470185e-06,0.0,-27.12526,-27.65408420562744,-26.5933198928833,0.82113886,2.2625766,2.214026391506195,2.3299240469932556,0.06798648,0.7541922,0.7380087971687317,0.776641383767128,0.022662157,0.16916667,0.14749999344348907,0.1849999912083149,0.034761086,0.0,0.0,0.0,0.0,0.15764843,0.141812052577734,0.17333198338747025,0.021079835,8.560006,8.560006141662598,8.560006141662598,0.0,8.580007,8.58000659942627,8.58000659942627,0.0,1376000.0,1376000.0,1376000.0,0.0
430,0.0,0.0,0.0,0.0,1.0,1.0,1.0,0.0,0.5127046,0.5118885040283203,0.5147500187158585,0.0030542451,0.5127049,0.5118888467550278,0.5147503763437271,0.0030542393,1.0265402,1.0061532258987427,1.0430417656898499,0.028999932,0.094263434,0.09059159271419048,0.09859675727784634,0.0062528625,0.094263434,0.09059159271419048,0.09859675727784634,0.0062528625,1.0,1.0,1.0,0.0,3.5409823e-07,3.403050570227606e-07,3.703762558870949e-07,2.3488726e-08,3.756475e-06,3.7564750527963042e-06,3.7564750527963042e-06,0.0,-27.387716,-27.712684154510498,-26.95130205154419,0.6142254,2.2584333,2.2135812044143677,2.294737696647644,0.06380115,0.7528112,0.7378604114055634,0.7649126052856445,0.021267055,0.15733334,0.14400000870227814,0.17600001394748688,0.031139959,0.0,0.0,0.0,0.0,0.15922213,0.15055879950523376,0.17363617941737175,0.02410689,8.580007,8.58000659942627,8.58000659942627,0.0,8.600007,8.600007057189941,8.600007057189941,0.0,1379200.0,1379200.0,1379200.0,0.0
431,0.0,0.0,0.0,0.0,1.0,1.0,1.0,0.0,0.5127049,0.5118888467550278,0.5147503763437271,0.0030542393,0.51270527,0.5118891894817352,0.5147507190704346,0.0030542698,1.0484068,1.0202549993991852,1.0756762027740479,0.04075331,0.08362343,0.08401105366647243,0.09544328227639198,0.027169304,0.08981013,0.08401105366647243,0.09544328227639198,0.008288779,0.9166667,1.0,1.0,0.28867513,3.0790898e-07,3.0933625083662264e-07,3.514307280738649e-07,1.0003981e-07,3.68209e-06,3.682089754875051e-06,3.682089754875051e-06,0.0,-27.748337,-28.73677921295166,-26.93089771270752,0.9710922,2.3065412,2.244605779647827,2.3665348887443542,0.08965908,0.76884705,0.7482019662857056,0.7888450026512146,0.029886357,0.14400001,0.12000000476837158,0.1640000119805336,0.039043102,0.0,0.0,0.0,0.0,0.16143847,0.14037782326340675,0.18307100981473923,0.025421726,8.600007,8.600007057189941,8.600007057189941,0.0,8.6200075,8.620007514953613,8.620007514953613,0.0,1382400.0,1382400.0,1382400.0,0.0
432,0.0,0.0,0.0,0.0,1.0,1.0,1.0,0.0,0.51270527,0.5118891894817352,0.5147507190704346,0.0030542698,0.5127056,0.5118895471096039,0.5147511214017868,0.0030542866,1.0121692,1.0006479322910309,1.0234569609165192,0.036841683,0.09755692,0.09474234096705914,0.09985093027353287,0.008245915,0.09755692,0.09474234096705914,0.09985093027353287,0.008245915,1.0,1.0,1.0,0.0,3.5210027e-07,3.4194193432313114e-07,3.6037974382452376e-07,2.9760969e-08,3.6091776e-06,3.609177610996994e-06,3.609177610996994e-06,0.0,-26.946356,-27.376546382904053,-26.53806161880493,0.6827649,2.2268167,2.2014694213867188,2.251650333404541,0.0810533,0.7422722,0.7338231801986694,0.7505501359701157,0.027017761,0.16466667,0.1420000083744526,0.18800001218914986,0.030215388,0.0006666667,0.0,0.0,0.0023094013,0.1544937,0.1381027288734913,0.16092220321297646,0.021127377,8.6200075,8.620007514953613,8.620007514953613,0.0,8.640008,8.640007972717285,8.640007972717285,0.0,1385600.0,1385600.0,1385600.0,0.0
433,0.0,0.0,0.0,0.0,1.0,1.0,1.0,0.0,0.5127056,0.5118895471096039,0.5147511214017868,0.0030542866,0.5127059,0.5118898451328278,0.5147514194250107,0.0030542817,1.0547054,1.041466474533081,1.0847980976104736,0.03488611,0.088431634,0.08226349949836731,0.09091584011912346,0.0073476583,0.088431634,0.08226349949836731,0.09091584011912346,0.0073476583,1.0,1.0,1.0,0.0,3.1284551e-07,2.9102440635142557e-07,3.216338839706623e-07,2.5993884e-08,3.53771e-06,3.5377099720790284e-06,3.5377099720790284e-06,0.0,-27.903109,-28.207717895507812,-27.391010761260986,0.47712386,2.320398,2.291271984577179,2.3866034746170044,0.076750964,0.7734661,0.7637573629617691,0.7955345213413239,0.025583653,0.15200001,0.1300000064074993,0.1680000126361847,0.04093454,0.0,0.0,0.0,0.0,0.16224529,0.15697122737765312,0.1702333800494671,0.017141735,8.640008,8.640007972717285,8.640007972717285,0.0,8.660008,8.660008430480957,8.660008430480957,0.0,1388800.0,1388800.0,1388800.0,0.0
434,0.0,0.0,0.0,0.0,1.0,1.0,1.0,0.0,0.5127059,0.5118898451328278,0.5147514194250107,0.0030542817,0.5127062,0.5118901878595352,0.5147517621517181,0.0030542756,1.0396898,1.0105973780155182,1.0693433582782745,0.037413146,0.09158069,0.0852439608424902,0.09759645909070969,0.008022706,0.09158069,0.0852439608424902,0.09759645909070969,0.008022706,1.0,1.0,1.0,0.0,3.1757037e-07,2.955967843831786e-07,3.384310076626207e-07,2.7819988e-08,3.4676566e-06,3.4676565974223195e-06,3.4676565974223195e-06,0.0,-27.616028,-28.067936897277832,-27.182382583618164,0.74170804,2.287363,2.223358690738678,2.3526023626327515,0.08231057,0.76245445,0.7411195933818817,0.7842008173465729,0.027436858,0.15200001,0.12200000509619713,0.1860000118613243,0.04191767,0.0006666667,0.0,0.0,0.0023094013,0.16077705,0.15291592478752136,0.16428589820861816,0.016825197,8.660008,8.660008430480957,8.660008430480957,0.0,8.680009,8.680008888244629,8.680008888244629,0.0,1392000.0,1392000.0,1392000.0,0.0
435,0.0,0.0,0.0,0.0,1.0,1.0,1.0,0.0,0.5127062,0.5118901878595352,0.5147517621517181,0.0030542756,0.5127066,0.5118904858827591,0.514752060174942,0.003054282,1.0514648,1.0374342203140259,1.0668714046478271,0.025176449,0.088962086,0.08572953753173351,0.0917417835444212,0.005169447,0.088962086,0.08572953753173351,0.0917417835444212,0.005169447,1.0,1.0,1.0,0.0,3.0238135e-07,2.913939454174397e-07,3.118295026638407e-07,1.7570901e-08,3.398991e-06,3.398991111680516e-06,3.398991111680516e-06,0.0,-27.906906,-28.271453380584717,-27.601022243499756,0.5608117,2.3132687,2.282400906085968,2.3471639156341553,0.055389274,0.77108955,0.760800302028656,0.7823879718780518,0.018463086,0.13866667,0.12600000575184822,0.16200001165270805,0.026275929,0.0,0.0,0.0,0.0,0.1611311,0.14789649471640587,0.1702650561928749,0.01674709,8.680009,8.680008888244629,8.680008888244629,0.0,8.700009,8.7000093460083,8.7000093460083,0.0,1395200.0,1395200.0,1395200.0,0.0
436,0.0,0.0,0.0,0.0,1.0,1.0,1.0,0.0,0.5127066,0.5118904858827591,0.514752060174942,0.003054282,0.5127068,0.5118907988071442,0.5147523581981659,0.0030542805,1.049045,1.0226114392280579,1.0766905844211578,0.030282306,0.089522034,0.08381313271820545,0.09492897056043148,0.0063115405,0.089522034,0.08381313271820545,0.09492897056043148,0.0063115405,1.0,1.0,1.0,0.0,2.982592e-07,2.7923897505388595e-07,3.162734429906777e-07,2.1028065e-08,3.3316853e-06,3.3316850931441877e-06,3.3316850931441877e-06,0.0,-27.372004,-27.693050861358643,-27.26733684539795,0.44774842,2.3079453,2.2497900128364563,2.3687666058540344,0.06662242,0.76931506,0.7499300390481949,0.7895888835191727,0.02220747,0.14666668,0.12400000542402267,0.1640000119805336,0.033826657,0.0,0.0,0.0,0.0,0.16080537,0.15039169415831566,0.1727726012468338,0.01410776,8.700009,8.7000093460083,8.7000093460083,0.0,8.72001,8.720009803771973,8.720009803771973,0.0,1398400.0,1398400.0,1398400.0,0.0
437,0.0,0.0,0.0,0.0,1.0,1.0,1.0,0.0,0.5127068,0.5118907988071442,0.5147523581981659,0.0030542805,0.5127071,0.5118908733129501,0.514752671122551,0.0030543043,1.0395244,1.0193166136741638,1.0742553174495697,0.05239571,0.078842014,0.08428539708256721,0.09564975276589394,0.038083516,0.09192807,0.08428539708256721,0.09564975276589394,0.011548518,0.8333333,1.0,1.0,0.38924947,2.574753e-07,2.7525181423015965e-07,3.1236452002758597e-07,1.2436978e-07,3.2657117e-06,3.265711711719632e-06,3.265711711719632e-06,0.0,-27.24409,-27.94728660583496,-26.97599744796753,0.969082,2.2869995,2.2425414323806763,2.363408863544464,0.11527287,0.76233315,0.7475138455629349,0.7878029942512512,0.038424302,0.17133333,0.12800000607967377,0.19200000166893005,0.051106542,0.0,0.0,0.0,0.0,0.15928192,0.14263496920466423,0.17454007640480995,0.020607648,8.72001,8.720009803771973,8.720009803771973,0.0,8.74001,8.740010261535645,8.740010261535645,0.0,1401600.0,1401600.0,1401600.0,0.0
438,0.0,0.0,0.0,0.0,1.0,1.0,1.0,0.0,0.5127071,0.5118908733129501,0.514752671122551,0.0030543043,0.5127074,0.511891171336174,0.5147529691457748,0.0030543115,1.0070145,0.9940858334302902,1.0197321772575378,0.0236409,0.09853193,0.09555895440280437,0.10137196257710457,0.0053911973,0.09853193,0.09555895440280437,0.10137196257710457,0.0053911973,1.0,1.0,1.0,0.0,3.1540515e-07,3.0588852695245805e-07,3.244962130111162e-07,1.725746e-08,3.201045e-06,3.201045046807849e-06,3.201045046807849e-06,0.0,-26.90465,-27.214620113372803,-26.729190349578857,0.75655943,2.2154763,2.1870325207710266,2.2434555888175964,0.052011,0.7384921,0.7290108501911163,0.7478185296058655,0.017337004,0.15866667,0.12600000575184822,0.1860000118613243,0.03871888,0.0,0.0,0.0,0.0,0.15350473,0.14195671305060387,0.15784097462892532,0.01399672,8.74001,8.740010261535645,8.740010261535645,0.0,8.760011,8.760010719299316,8.760010719299316,0.0,1404800.0,1404800.0,1404800.0,0.0
439,0.0,0.0,0.0,0.0,1.0,1.0,1.0,0.0,0.5127074,0.511891171336174,0.5147529691457748,0.0030543115,0.5127077,0.5118914693593979,0.5147532671689987,0.0030543115,1.0265992,1.0128668546676636,1.0381194949150085,0.021067496,0.09416134,0.09159701876342297,0.09708908013999462,0.0046185916,0.09416134,0.09159701876342297,0.09708908013999462,0.0046185916,1.0,1.0,1.0,0.0,2.954461e-07,2.87400141019134e-07,3.046323513444804e-07,1.4491562e-08,3.1376583e-06,3.1376582683151355e-06,3.1376582683151355e-06,0.0,-27.295647,-27.645134449005127,-27.08154582977295,0.4219443,2.2585633,2.2283514738082886,2.283908486366272,0.046349436,0.7528544,0.7427838295698166,0.7613028585910797,0.015449811,0.17000002,0.15200001001358032,0.1860000118613243,0.033094905,0.0006666667,0.0,0.0,0.0023094013,0.15386507,0.14075012505054474,0.1717374287545681,0.017094567,8.760011,8.760010719299316,8.760010719299316,0.0,8.780011,8.780011177062988,8.780011177062988,0.0,1408000.0,1408000.0,1408000.0,0.0
440,0.0,0.0,0.0,0.0,1.0,1.0,1.0,0.0,0.5127077,0.5118914693593979,0.5147532671689987,0.0030543115,0.512708,0.5118917673826218,0.5147535651922226,0.0030543122,1.0422301,1.0204587876796722,1.0649745464324951,0.035166614,0.09100672,0.0861324593424797,0.09540165401995182,0.007359127,0.09100672,0.0861324593424797,0.09540165401995182,0.007359127,1.0,1.0,1.0,0.0,2.7989367e-07,2.6490275217838644e-07,2.93410408858108e-07,2.2633195e-08,3.0755275e-06,3.0755275020055706e-06,3.0755275020055706e-06,0.0,-27.463125,-27.954430103302002,-27.059765815734863,0.75589454,2.2929518,2.2450541257858276,2.342990815639496,0.07736813,0.76431733,0.7483513951301575,0.7809969782829285,0.025789388,0.14066668,0.12600000575184822,0.14800000935792923,0.023746133,0.0006666667,0.0,0.0,0.0023094013,0.16477571,0.15411604195833206,0.18141264095902443,0.021094553,8.780011,8.780011177062988,8.780011177062988,0.0,8.800012,8.80001163482666,8.80001163482666,0.0,1411200.0,1411200.0,1411200.0,0.0
441,0.0,0.0,0.0,0.0,1.0,1.0,1.0,0.0,0.512708,0.5118917673826218,0.5147535651922226,0.0030543122,0.51270825,0.5118920654058456,0.5147538632154465,0.003054369,1.037599,1.0188945829868317,1.0452230870723724,0.032581765,0.08537126,0.09011285379529,0.09574596025049686,0.027395492,0.091938764,0.09011285379529,0.09574596025049686,0.0066936654,0.9166667,1.0,1.0,0.28867513,2.5736247e-07,2.716565603577692e-07,2.8863828305247807e-07,8.2587164e-08,3.0146264e-06,3.014626145159127e-06,3.014626145159127e-06,0.0,-27.164732,-27.85288095474243,-26.37912607192993,0.79078686,2.2827635,2.2416127920150757,2.299536645412445,0.071681276,0.7609212,0.7472042739391327,0.7665122151374817,0.023893762,0.148,0.12800000607967377,0.17600001022219658,0.04028986,0.0013333334,0.0,0.0,0.003113996,0.15565388,0.14267439022660255,0.1659122183918953,0.020359753,8.800012,8.80001163482666,8.80001163482666,0.0,8.820012,8.820012092590332,8.820012092590332,0.0,1414400.0,1414400.0,1414400.0,0.0
442,0.0,0.0,0.0,0.0,1.0,1.0,1.0,0.0,0.51270825,0.5118920654058456,0.5147538632154465,0.003054369,0.5127085,0.5118923634290695,0.5147540867328644,0.0030543432,1.0454665,1.026670753955841,1.0639772415161133,0.032488346,0.08388895,0.08631808124482632,0.09404452331364155,0.026895713,0.0902879,0.08631808124482632,0.09404452331364155,0.0065981294,0.9166667,1.0,1.0,0.28867513,2.478861e-07,2.550639877085814e-07,2.7789511136688816e-07,7.947499e-08,2.9549312e-06,2.9549312330345856e-06,2.9549312330345856e-06,0.0,-27.513876,-28.1578049659729,-27.115134716033936,0.74783903,2.3000722,2.258720815181732,2.3407967686653137,0.071475804,0.76669073,0.7529069781303406,0.7802656292915344,0.023825262,0.13583334,0.11499999649822712,0.17000000178813934,0.031176431,0.0,0.0,0.0,0.0,0.16048945,0.15174809470772743,0.16852079704403877,0.012267505,8.820012,8.820012092590332,8.820012092590332,0.0,8.840013,8.840012550354004,8.840012550354004,0.0,1417600.0,1417600.0,1417600.0,0.0
443,0.0,0.0,0.0,0.0,1.0,1.0,1.0,0.0,0.5127085,0.5118923634290695,0.5147540867328644,0.0030543432,0.5127088,0.5118926465511322,0.5147543698549271,0.0030543453,1.0274047,0.9972870200872421,1.0567222833633423,0.03768987,0.09421047,0.0877608172595501,0.10063193924725056,0.008214369,0.09421047,0.0877608172595501,0.10063193924725056,0.008214369,1.0,1.0,1.0,0.0,2.7287297e-07,2.541920807175302e-07,2.9147222591063837e-07,2.3792248e-08,2.8964187e-06,2.896418664022349e-06,2.896418664022349e-06,0.0,-27.140907,-27.563586235046387,-26.7556095123291,0.69924426,2.2603354,2.1940752267837524,2.3248355388641357,0.08291938,0.75344515,0.7313584238290787,0.7749451845884323,0.0276398,0.16200002,0.1380000077188015,0.20000000298023224,0.04825689,0.0,0.0,0.0,0.0,0.15330693,0.13487627729773521,0.16752754524350166,0.023370793,8.840013,8.840012550354004,8.840012550354004,0.0,8.860013,8.860013008117676,8.860013008117676,0.0,1420800.0,1420800.0,1420800.0,0.0
444,0.0,0.0,0.0,0.0,1.0,1.0,1.0,0.0,0.5127088,0.5118926465511322,0.5147543698549271,0.0030543453,0.5127091,0.5118928998708725,0.5147546082735062,0.0030543504,1.0358201,1.005149483680725,1.066588968038559,0.03802313,0.092404045,0.08578570187091827,0.09882338717579842,0.007976165,0.092404045,0.08578570187091827,0.09882338717579842,0.007976165,1.0,1.0,1.0,0.0,2.6234105e-07,2.4355112060447937e-07,2.805659562454821e-07,2.2644848e-08,2.8390643e-06,2.83906433651282e-06,2.83906433651282e-06,0.0,-27.454016,-27.60181427001953,-27.01091766357422,0.70181763,2.2788498,2.211373031139374,2.3465426564216614,0.08365257,0.7596167,0.7371243685483932,0.7821808904409409,0.02788419,0.15666668,0.12600000575184822,0.1720000095665455,0.041141294,0.0,0.0,0.0,0.0,0.15239224,0.14974752068519592,0.15732572227716446,0.012309078,8.860013,8.860013008117676,8.860013008117676,0.0,8.880013,8.880013465881348,8.880013465881348,0.0,1424000.0,1424000.0,1424000.0,0.0
445,0.0,0.0,0.0,0.0,1.0,1.0,1.0,0.0,0.5127091,0.5118928998708725,0.5147546082735062,0.0030543504,0.5127093,0.5118931978940964,0.5147548615932465,0.0030543464,1.0180713,1.006685420870781,1.028703212738037,0.025521707,0.09607581,0.0936383306980133,0.09847923554480076,0.0056240866,0.09607581,0.0936383306980133,0.09847923554480076,0.0056240866,1.0,1.0,1.0,0.0,2.673642e-07,2.6058105362380957e-07,2.7405254598988904e-07,1.5650972e-08,2.7828457e-06,2.7828459678858053e-06,2.7828459678858053e-06,0.0,-27.024345,-27.52186870574951,-26.65328073501587,0.65710664,2.2398016,2.214752197265625,2.263192296028137,0.056148898,0.74660057,0.738250732421875,0.7543974667787552,0.018716302,0.14066668,0.12000000476837158,0.15800001099705696,0.033848148,0.0006666667,0.0,0.0,0.0023094013,0.1501533,0.13192054256796837,0.15978646650910378,0.01896909,8.880013,8.880013465881348,8.880013465881348,0.0,8.900014,8.90001392364502,8.90001392364502,0.0,1427200.0,1427200.0,1427200.0,0.0
446,0.0,0.0,0.0,0.0,1.0,1.0,1.0,0.0,0.5127093,0.5118931978940964,0.5147548615932465,0.0030543464,0.51270956,0.5118934810161591,0.5147551000118256,0.0030543534,1.0222675,1.0031248480081558,1.0418763160705566,0.030409496,0.0952155,0.09081209637224674,0.09930774010717869,0.0066618924,0.0952155,0.09081209637224674,0.09930774010717869,0.0066618924,1.0,1.0,1.0,0.0,2.5972318e-07,2.47711810175133e-07,2.708857351763072e-07,1.8171916e-08,2.7277404e-06,2.72774036602641e-06,2.72774036602641e-06,0.0,-26.974115,-27.459376335144043,-26.499887943267822,0.57864374,2.2490335,2.2069188356399536,2.292173683643341,0.06690224,0.74967784,0.7356396168470383,0.7640579044818878,0.022300744,0.15866667,0.1420000083744526,0.18800001218914986,0.03639514,0.0,0.0,0.0,0.0,0.14902613,0.13255879655480385,0.16750991344451904,0.020521248,8.900014,8.90001392364502,8.90001392364502,0.0,8.920014,8.920014381408691,8.920014381408691,0.0,1430400.0,1430400.0,1430400.0,0.0
447,0.0,0.0,0.0,0.0,1.0,1.0,1.0,0.0,0.51270956,0.5118934810161591,0.5147551000118256,0.0030543534,0.5127098,0.5118937194347382,0.5147553831338882,0.0030543993,1.029421,1.0139548927545547,1.0463679730892181,0.035331313,0.08727967,0.08987575210630894,0.09687879495322704,0.02800334,0.093728624,0.08987575210630894,0.09687879495322704,0.0074290805,0.9166667,1.0,1.0,0.28867513,2.3336196e-07,2.4030318002132844e-07,2.5902738087779653e-07,7.487327e-08,2.6737264e-06,2.6737263851828175e-06,2.6737263851828175e-06,0.0,-27.23401,-27.634535789489746,-26.616652965545654,0.8344986,2.2647715,2.230745315551758,2.302055597305298,0.07773043,0.7549238,0.7435818016529083,0.767351895570755,0.025910148,0.156,0.1340000070631504,0.17800001427531242,0.035858307,0.0,0.0,0.0,0.0,0.15573354,0.1387030929327011,0.16441382095217705,0.023042211,8.920014,8.920014381408691,8.920014381408691,0.0,8.940015,8.940014839172363,8.940014839172363,0.0,1433600.0,1433600.0,1433600.0,0.0
448,0.0,0.0,0.0,0.0,1.0,1.0,1.0,0.0,0.5127098,0.5118937194347382,0.5147553831338882,0.0030543993,0.51271003,0.5118940025568008,0.5147556215524673,0.0030544016,1.0362719,1.0170367360115051,1.0382969081401825,0.03736345,0.08611449,0.09155992232263088,0.09615596942603588,0.027544342,0.092287816,0.09155992232263088,0.09615596942603588,0.007491842,0.9166667,1.0,1.0,0.28867513,2.2568729e-07,2.3995857389991215e-07,2.5200380093792774e-07,7.218771e-08,2.6207817e-06,2.6207817427348346e-06,2.6207817427348346e-06,0.0,-27.28805,-27.73195505142212,-26.73923110961914,0.65960073,2.2798436,2.237525522708893,2.284298896789551,0.08220123,0.75994796,0.7458418756723404,0.7614330053329468,0.027400408,0.15133335,0.12000000476837158,0.17800001427531242,0.03649492,0.0,0.0,0.0,0.0,0.15564616,0.14193587377667427,0.17564104869961739,0.018980972,8.940015,8.940014839172363,8.940014839172363,0.0,8.960015,8.960015296936035,8.960015296936035,0.0,1436800.0,1436800.0,1436800.0,0.0
449,0.0,0.0,0.0,0.0,1.0,1.0,1.0,0.0,0.51271003,0.5118940025568008,0.5147556215524673,0.0030544016,0.5127103,0.5118942409753799,0.5147556811571121,0.0030544,1.0513424,1.0224888026714325,1.0792146027088165,0.040530212,0.08303621,0.08332694135606289,0.09497771970927715,0.026983142,0.08920165,0.08332694135606289,0.09497771970927715,0.008200579,0.9166667,1.0,1.0,0.28867513,2.133105e-07,2.1405737271606995e-07,2.439868822534663e-07,6.9316606e-08,2.5688853e-06,2.5688855203043204e-06,2.5688855203043204e-06,0.0,-27.595201,-28.02507781982422,-27.117003440856934,0.9771372,2.3129995,2.2495203018188477,2.374319553375244,0.089168265,0.77099985,0.7498401403427124,0.7914398610591888,0.029722756,0.16466667,0.14400000870227814,0.18000001087784767,0.048537396,0.0,0.0,0.0,0.0,0.16471949,0.15460343658924103,0.17721544206142426,0.027083501,8.960015,8.960015296936035,8.960015296936035,0.0,8.980016,8.980015754699707,8.980015754699707,0.0,1440000.0,1440000.0,1440000.0,0.0
450,0.0,0.0,0.0,0.0,1.0,1.0,1.0,0.0,0.5127103,0.5118942409753799,0.5147556811571121,0.0030544,0.5127105,0.511894479393959,0.5147559195756912,0.003054399,1.0420918,1.0161648988723755,1.069010853767395,0.033391777,0.09100891,0.08530788496136665,0.09635208733379841,0.006990786,0.09100891,0.08530788496136665,0.09635208733379841,0.006990786,1.0,1.0,1.0,0.0,2.2916198e-07,2.1480671108520255e-07,2.426162097890483e-07,1.760292e-08,2.518017e-06,2.5180170268868096e-06,2.5180170268868096e-06,0.0,-27.658903,-28.21961498260498,-27.280648231506348,0.6907504,2.2926478,2.235607385635376,2.351870894432068,0.073463365,0.76421595,0.7452024817466736,0.783956989645958,0.024487784,0.15866669,0.13600000739097595,0.17200001329183578,0.02502847,0.0006666667,0.0,0.0,0.0023094013,0.15931769,0.14708473160862923,0.16981488093733788,0.015799183,8.980016,8.980015754699707,8.980015754699707,0.0,9.000016,9.000016212463379,9.000016212463379,0.0,1443200.0,1443200.0,1443200.0,0.0
451,0.0,0.0,0.0,0.0,1.0,1.0,1.0,0.0,0.5127105,0.511894479393959,0.5147559195756912,0.003054399,0.51271075,0.5118947178125381,0.5147561579942703,0.003054399,1.0332619,1.0191884338855743,1.0635100603103638,0.031019598,0.09284582,0.0863952673971653,0.09568675421178341,0.006720533,0.09284582,0.0863952673971653,0.09568675421178341,0.006720533,1.0,1.0,1.0,0.0,2.2915798e-07,2.132370013896434e-07,2.3616983213514686e-07,1.6587325e-08,2.468156e-06,2.468156026225188e-06,2.468156026225188e-06,0.0,-27.537992,-27.971837997436523,-27.19890832901001,0.8582866,2.2732217,2.2422593235969543,2.339768946170807,0.06824449,0.75774056,0.7474198043346405,0.7799230068922043,0.022748161,0.164,0.14800000935792923,0.1860000118613243,0.032984845,0.0,0.0,0.0,0.0,0.1589711,0.1439872570335865,0.17110054939985275,0.022782227,9.000016,9.000016212463379,9.000016212463379,0.0,9.020017,9.02001667022705,9.02001667022705,0.0,1446400.0,1446400.0,1446400.0,0.0
452,0.0,0.0,0.0,0.0,1.0,1.0,1.0,0.0,0.51271075,0.5118947178125381,0.5147561579942703,0.003054399,0.5127109,0.5118949562311172,0.5147563964128494,0.0030543958,1.0486894,1.0250888764858246,1.0761497914791107,0.034276243,0.08316851,0.08391704596579075,0.094388198107481,0.026882386,0.08965086,0.08391704596579075,0.094388198107481,0.007115822,0.9166667,1.0,1.0,0.28867513,2.0120808e-07,2.0301900960362218e-07,2.283516771228733e-07,6.503607e-08,2.419282e-06,2.419282054688665e-06,2.419282054688665e-06,0.0,-27.653555,-28.144539833068848,-27.193318843841553,0.83111227,2.3071625,2.2552406191825867,2.367576777935028,0.07540922,0.7690542,0.7517468929290771,0.7891922742128372,0.025136402,0.15200001,0.12800000607967377,0.17000001296401024,0.037523326,0.0006666667,0.0,0.0,0.0023094013,0.16658087,0.160274438560009,0.17442749813199043,0.019921482,9.020017,9.02001667022705,9.02001667022705,0.0,9.040017,9.040017127990723,9.040017127990723,0.0,1449600.0,1449600.0,1449600.0,0.0
453,0.0,0.0,0.0,0.0,1.0,1.0,1.0,0.0,0.5127109,0.5118949562311172,0.5147563964128494,0.0030543958,0.5127111,0.5118951499462128,0.514756590127945,0.0030543925,1.0467432,1.021436721086502,1.0641729533672333,0.026486538,0.08994761,0.08626528270542622,0.09518387913703918,0.005402631,0.08994761,0.08626528270542622,0.09518387913703918,0.005402631,1.0,1.0,1.0,0.0,2.132996e-07,2.045674243333906e-07,2.2571676794314044e-07,1.2811669e-08,2.371376e-06,2.371376012888504e-06,2.371376012888504e-06,0.0,-27.475538,-27.866000175476074,-27.181498527526855,0.54878145,2.302881,2.2472055554389954,2.341227173805237,0.058271576,0.767627,0.749068558216095,0.7804090827703476,0.019423854,0.14733334,0.12400000542402267,0.1680000126361847,0.032622732,0.0,0.0,0.0,0.0,0.15826547,0.14328791201114655,0.16724758595228195,0.023289068,9.040017,9.040017127990723,9.040017127990723,0.0,9.060018,9.060017585754395,9.060017585754395,0.0,1452800.0,1452800.0,1452800.0,0.0
454,0.0,0.0,0.0,0.0,1.0,1.0,1.0,0.0,0.5127111,0.5118951499462128,0.514756590127945,0.0030543925,0.51271135,0.5118953734636307,0.5147568136453629,0.0030543962,1.0286016,1.009340077638626,1.0464811325073242,0.027032664,0.093794465,0.08985703624784946,0.09787239879369736,0.0059275683,0.093794465,0.08985703624784946,0.09787239879369736,0.0059275683,1.0,1.0,1.0,0.0,2.1801759e-07,2.0886535878616996e-07,2.2749641814812094e-07,1.3778149e-08,2.3244186e-06,2.3244185740622925e-06,2.3244185740622925e-06,0.0,-27.172438,-27.42395782470703,-26.92479372024536,0.5945626,2.2629688,2.220592498779297,2.3023045659065247,0.05947306,0.75432295,0.7401975244283676,0.7674348801374435,0.019824363,0.16333334,0.15200001001358032,0.17600001394748688,0.025173338,0.0,0.0,0.0,0.0,0.15913211,0.14475136250257492,0.17589238658547401,0.02744055,9.060018,9.060017585754395,9.060017585754395,0.0,9.080018,9.080018043518066,9.080018043518066,0.0,1456000.0,1456000.0,1456000.0,0.0
455,0.0,0.0,0.0,0.0,1.0,1.0,1.0,0.0,0.51271135,0.5118953734636307,0.5147568136453629,0.0030543962,0.5127116,0.5118956118822098,0.5147569924592972,0.003054396,1.0343715,1.0157641172409058,1.046132355928421,0.031254526,0.09260633,0.0899419579654932,0.09643776156008244,0.006485966,0.09260633,0.0899419579654932,0.09643776156008244,0.006485966,1.0,1.0,1.0,0.0,2.109934e-07,2.0492295149665551e-07,2.1972293140493093e-07,1.4777565e-08,2.278391e-06,2.2783910935686436e-06,2.2783910935686436e-06,0.0,-27.400034,-27.779083728790283,-26.99767827987671,0.52212787,2.2756627,2.234725773334503,2.3015372157096863,0.06876132,0.7585543,0.7449086308479309,0.76717908680439,0.02292043,0.1675,0.1424999926239252,0.17999999225139618,0.04025487,0.0,0.0,0.0,0.0,0.15803535,0.14474982023239136,0.17350472882390022,0.018149102,9.080018,9.080018043518066,9.080018043518066,0.0,9.1000185,9.100018501281738,9.100018501281738,0.0,1459200.0,1459200.0,1459200.0,0.0
456,0.0,0.0,0.0,0.0,1.0,1.0,1.0,0.0,0.5127116,0.5118956118822098,0.5147569924592972,0.003054396,0.51271176,0.5118958353996277,0.5147572159767151,0.0030543972,1.0451353,1.0303380191326141,1.0617882013320923,0.01979114,0.0902144,0.0867387242615223,0.09325295872986317,0.004077516,0.0902144,0.0867387242615223,0.09325295872986317,0.004077516,1.0,1.0,1.0,0.0,2.0147355e-07,1.9371141846136197e-07,2.0825949675895572e-07,9.1062144e-09,2.233275e-06,2.233274926766171e-06,2.233274926766171e-06,0.0,-27.729311,-28.201533794403076,-27.07039976119995,0.77828664,2.2993433,2.2667888402938843,2.3359805941581726,0.04354139,0.7664478,0.7555962800979614,0.7786602079868317,0.014513801,0.13933334,0.11800000444054604,0.1600000113248825,0.025403416,0.0,0.0,0.0,0.0,0.15175569,0.1384040005505085,0.15932781621813774,0.017175727,9.1000185,9.100018501281738,9.100018501281738,0.0,9.120019,9.12001895904541,9.12001895904541,0.0,1462400.0,1462400.0,1462400.0,0.0
457,0.0,0.0,0.0,0.0,1.0,1.0,1.0,0.0,0.51271176,0.5118958353996277,0.5147572159767151,0.0030543972,0.51271194,0.511896014213562,0.514757439494133,0.0030544095,1.034423,1.0112116634845734,1.0592360496520996,0.037980344,0.086091764,0.08725976385176182,0.09745215997099876,0.02797894,0.09270359,0.08725976385176182,0.09745215997099876,0.008091564,0.9166667,1.0,1.0,0.28867513,1.8845935e-07,1.910161486762263e-07,2.133278336202693e-07,6.124735e-08,2.1890519e-06,2.1890518837608397e-06,2.1890518837608397e-06,0.0,-27.318703,-27.75232458114624,-26.975581169128418,0.7419739,2.2757761,2.2247101068496704,2.3303658962249756,0.083558425,0.75859207,0.7415700405836105,0.776788666844368,0.027852817,0.16600001,0.1420000083744526,0.19600000232458115,0.043030646,0.0,0.0,0.0,0.0,0.15951417,0.14824077859520912,0.17041706666350365,0.016052356,9.120019,9.12001895904541,9.12001895904541,0.0,9.140019,9.140019416809082,9.140019416809082,0.0,1465600.0,1465600.0,1465600.0,0.0
458,0.0,0.0,0.0,0.0,1.0,1.0,1.0,0.0,0.51271194,0.511896014213562,0.514757439494133,0.0030544095,0.5127122,0.5118961930274963,0.5147576332092285,0.0030544226,1.0318,1.0110223889350891,1.054663598537445,0.029565541,0.093135506,0.088175468146801,0.09750489518046379,0.0062689255,0.093135506,0.088175468146801,0.09750489518046379,0.0062689255,1.0,1.0,1.0,0.0,1.9984132e-07,1.8919853417287413e-07,2.092167292744307e-07,1.3451264e-08,2.145705e-06,2.145704911526991e-06,2.145704911526991e-06,0.0,-27.420113,-27.967793941497803,-27.012796878814697,0.67118657,2.2700055,2.2242937684059143,2.3203063011169434,0.06504549,0.7566685,0.7414312809705734,0.7734354734420776,0.021681832,0.142,0.12200000509619713,0.16200001165270805,0.039506044,0.0,0.0,0.0,0.0,0.15652247,0.15019802376627922,0.16477054730057716,0.020720875,9.140019,9.140019416809082,9.140019416809082,0.0,9.16002,9.160019874572754,9.160019874572754,0.0,1468800.0,1468800.0,1468800.0,0.0
459,0.0,0.0,0.0,0.0,1.0,1.0,1.0,0.0,0.5127122,0.5118961930274963,0.5147576332092285,0.0030544226,0.5127123,0.5118963718414307,0.514757826924324,0.0030544284,1.0314728,1.010919600725174,1.0596770346164703,0.033232838,0.09325541,0.08716190047562122,0.09751784801483154,0.0069675245,0.09325541,0.08716190047562122,0.09751784801483154,0.0069675245,1.0,1.0,1.0,0.0,1.9613627e-07,1.8332031004320015e-07,2.0510109877136529e-07,1.4654208e-08,2.103216e-06,2.103216047544265e-06,2.103216047544265e-06,0.0,-27.410334,-27.75432014465332,-27.006767749786377,0.63000846,2.2692854,2.2240676283836365,2.33133602142334,0.073113725,0.75642854,0.7413559108972549,0.7771120220422745,0.024371233,0.16666667,0.14600000903010368,0.19200000166893005,0.03591235,0.0,0.0,0.0,0.0,0.15597574,0.14193971455097198,0.1654343269765377,0.020977959,9.16002,9.160019874572754,9.160019874572754,0.0,9.18002,9.180020332336426,9.180020332336426,0.0,1472000.0,1472000.0,1472000.0,0.0
460,0.0,0.0,0.0,0.0,1.0,1.0,1.0,0.0,0.5127123,0.5118963718414307,0.514757826924324,0.0030544284,0.51271254,0.511896550655365,0.5147580504417419,0.0030544314,1.0368367,1.014369785785675,1.060766190290451,0.033671174,0.092120014,0.08694314956665039,0.09675764665007591,0.0070943274,0.092120014,0.08694314956665039,0.09675764665007591,0.0070943274,1.0,1.0,1.0,0.0,1.8991172e-07,1.7923927231322523e-07,1.9947253093732797e-07,1.4625444e-08,2.0615687e-06,2.0615686935343547e-06,2.0615686935343547e-06,0.0,-27.385336,-28.061995029449463,-26.975772857666016,0.7443732,2.2810864,2.2316580414772034,2.3337321877479553,0.07407809,0.76036215,0.7438860535621643,0.7779107391834259,0.024692703,0.16200002,0.14400000870227814,0.17000001296401024,0.02078461,0.0006666667,0.0,0.0,0.0023094013,0.15845387,0.13972720876336098,0.17166545614600182,0.019221898,9.18002,9.180020332336426,9.180020332336426,0.0,9.200021,9.200020790100098,9.200020790100098,0.0,1475200.0,1475200.0,1475200.0,0.0
461,0.0,0.0,0.0,0.0,1.0,1.0,1.0,0.0,0.51271254,0.511896550655365,0.5147580504417419,0.0030544314,0.5127127,0.5118967443704605,0.5147582441568375,0.003054435,1.0271257,1.0038695931434631,1.0530585050582886,0.030796582,0.09416417,0.08849977143108845,0.09911416657269001,0.006783241,0.09416417,0.08849977143108845,0.09911416657269001,0.006783241,1.0,1.0,1.0,0.0,1.9028188e-07,1.788355632470484e-07,2.002845604920367e-07,1.3707205e-08,2.020746e-06,2.020746023845277e-06,2.020746023845277e-06,0.0,-26.924652,-27.438695430755615,-26.435540676116943,0.70951027,2.2597218,2.2085572481155396,2.316774904727936,0.06775382,0.7532406,0.736185759305954,0.7722583264112473,0.022584606,0.14733334,0.13200000673532486,0.1680000126361847,0.027173966,0.0,0.0,0.0,0.0,0.16399498,0.1522260382771492,0.17218928039073944,0.021868668,9.200021,9.200020790100098,9.200020790100098,0.0,9.220021,9.22002124786377,9.22002124786377,0.0,1478400.0,1478400.0,1478400.0,0.0
462,0.0,0.0,0.0,0.0,1.0,1.0,1.0,0.0,0.5127127,0.5118967443704605,0.5147582441568375,0.003054435,0.5127129,0.5118969231843948,0.5147584676742554,0.0030544382,1.0258862,0.9988828152418137,1.0503269731998444,0.037659302,0.09453306,0.08906263299286366,0.10025777667760849,0.007982278,0.09453306,0.08906263299286366,0.10025777667760849,0.007982278,1.0,1.0,1.0,0.0,1.8724462e-07,1.7640917704397907e-07,1.985837556617298e-07,1.581075e-08,1.9807317e-06,1.9807316675723996e-06,1.9807316675723996e-06,0.0,-27.288582,-27.930267333984375,-26.623006343841553,0.7509365,2.2569945,2.1975861191749573,2.3107654452323914,0.08285212,0.75233155,0.7325287312269211,0.7702551782131195,0.027617374,0.14733334,0.12600000575184822,0.19200000166893005,0.040428013,0.0,0.0,0.0,0.0,0.15883179,0.14341823756694794,0.17099003493785858,0.017529977,9.220021,9.22002124786377,9.22002124786377,0.0,9.240022,9.240021705627441,9.240021705627441,0.0,1481600.0,1481600.0,1481600.0,0.0
463,0.0,0.0,0.0,0.0,1.0,1.0,1.0,0.0,0.5127129,0.5118969231843948,0.5147584676742554,0.0030544382,0.5127131,0.5118971019983292,0.5147586613893509,0.003054443,1.0291319,1.0138618648052216,1.051967829465866,0.034373797,0.09378425,0.08873041532933712,0.096867635846138,0.007559687,0.09378425,0.08873041532933712,0.096867635846138,0.007559687,1.0,1.0,1.0,0.0,1.8208304e-07,1.722709690454849e-07,1.8806946044946926e-07,1.4677205e-08,1.9415097e-06,1.941509708558442e-06,1.941509708558442e-06,0.0,-27.347588,-27.987952709197998,-26.45298719406128,0.8065825,2.2641354,2.2305405735969543,2.3143754601478577,0.07562389,0.7547118,0.7435135245323181,0.7714585065841675,0.025207967,0.16866668,0.15000000968575478,0.1860000118613243,0.024231208,0.0006666667,0.0,0.0,0.0023094013,0.16095173,0.14672036468982697,0.17280147969722748,0.018889999,9.240022,9.240021705627441,9.240021705627441,0.0,9.260022,9.260022163391113,9.260022163391113,0.0,1484800.0,1484800.0,1484800.0,0.0
464,0.0,0.0,0.0,0.0,1.0,1.0,1.0,0.0,0.5127131,0.5118971019983292,0.5147586613893509,0.003054443,0.51271325,0.5118972808122635,0.5147588402032852,0.003054443,1.0328628,1.0203289687633514,1.0506141185760498,0.021524008,0.092818014,0.08899932354688644,0.0954354852437973,0.0046869507,0.092818014,0.08899932354688644,0.0954354852437973,0.0046869507,1.0,1.0,1.0,0.0,1.7663864e-07,1.6937142532924554e-07,1.8161986048426115e-07,8.919569e-09,1.9030643e-06,1.9030642306461232e-06,1.9030642306461232e-06,0.0,-27.423296,-27.913580894470215,-27.058002471923828,0.7105142,2.2723434,2.2447685599327087,2.311397135257721,0.04735373,0.7574478,0.7482562214136124,0.7704657465219498,0.015784582,0.16333334,0.1340000070631504,0.20400000363588333,0.04294041,0.0006666667,0.0,0.0,0.0023094013,0.1539342,0.13842907175421715,0.16900888457894325,0.019500606,9.260022,9.260022163391113,9.260022163391113,0.0,9.280023,9.280022621154785,9.280022621154785,0.0,1488000.0,1488000.0,1488000.0,0.0
465,0.0,0.0,0.0,0.0,1.0,1.0,1.0,0.0,0.51271325,0.5118972808122635,0.5147588402032852,0.003054443,0.51271343,0.5118974596261978,0.5147590190172195,0.003054443,1.0183424,1.0046314299106598,1.0386818647384644,0.030859584,0.096086234,0.09147858247160912,0.09894002228975296,0.0068198037,0.096086234,0.09147858247160912,0.09894002228975296,0.0068198037,1.0,1.0,1.0,0.0,1.7923738e-07,1.7064234825170388e-07,1.8456076844586278e-07,1.2721525e-08,1.8653803e-06,1.8653803408597014e-06,1.8653803408597014e-06,0.0,-27.05697,-27.32361936569214,-26.799657344818115,0.6542067,2.240398,2.2102333307266235,2.2851457595825195,0.067892425,0.7467994,0.7367444634437561,0.761715292930603,0.022630814,0.13400002,0.10400000214576721,0.15600001066923141,0.03644174,0.0,0.0,0.0,0.0,0.14499696,0.13931849598884583,0.15120505541563034,0.010239535,9.280023,9.280022621154785,9.280022621154785,0.0,9.300023,9.300023078918457,9.300023078918457,0.0,1491200.0,1491200.0,1491200.0,0.0
466,0.0,0.0,0.0,0.0,1.0,1.0,1.0,0.0,0.51271343,0.5118974596261978,0.5147590190172195,0.003054443,0.5127136,0.5118976384401321,0.5147591978311539,0.003054443,1.0210159,1.0018306970596313,1.0385483503341675,0.024338514,0.09541368,0.09150746837258339,0.09957963973283768,0.005365972,0.09541368,0.09150746837258339,0.09957963973283768,0.005365972,1.0,1.0,1.0,0.0,1.7445842e-07,1.6731614138620898e-07,1.8207564167482815e-07,9.81137e-09,1.8284424e-06,1.8284424641024088e-06,1.8284424641024088e-06,0.0,-26.970457,-27.33566904067993,-26.460519790649414,0.55538553,2.2462797,2.204071521759033,2.284851908683777,0.05354578,0.7487599,0.7346905469894409,0.7616173326969147,0.017848583,0.17333335,0.15000000968575478,0.19200000166893005,0.02921187,0.0,0.0,0.0,0.0,0.15508617,0.14435799792408943,0.16100900620222092,0.015330171,9.300023,9.300023078918457,9.300023078918457,0.0,9.320024,9.320023536682129,9.320023536682129,0.0,1494400.0,1494400.0,1494400.0,0.0
467,0.0,0.0,0.0,0.0,1.0,1.0,1.0,0.0,0.5127136,0.5118976384401321,0.5147591978311539,0.003054443,0.5127138,0.5118978172540665,0.5147593766450882,0.00305444,1.0300688,1.0097623467445374,1.0518885850906372,0.037838794,0.08714623,0.08873837068676949,0.09777794778347015,0.028160416,0.09363232,0.08873837068676949,0.09777794778347015,0.008037044,0.9166667,1.0,1.0,0.28867513,1.561866e-07,1.590400984241569e-07,1.7524115136779983e-07,5.047011e-08,1.792236e-06,1.7922359347721795e-06,1.7922359347721795e-06,0.0,-27.353407,-27.89695692062378,-26.860751628875732,0.93755895,2.2661965,2.221521496772766,2.3142011761665344,0.08324702,0.7553988,0.7405072003602982,0.7714003920555115,0.027748995,0.156,0.12600000575184822,0.1940000019967556,0.04608293,0.0006666667,0.0,0.0,0.0023094013,0.16554038,0.15532999858260155,0.18402287364006042,0.023135858,9.320024,9.320023536682129,9.320023536682129,0.0,9.340024,9.3400239944458,9.3400239944458,0.0,1497600.0,1497600.0,1497600.0,0.0
468,0.0,0.0,0.0,0.0,1.0,1.0,1.0,0.0,0.5127138,0.5118978172540665,0.5147593766450882,0.00305444,0.51271397,0.5118979960680008,0.5147595107555389,0.003054436,1.0307795,0.9998105466365814,1.0599848926067352,0.037916537,0.093485765,0.0871033389121294,0.10004467517137527,0.008226585,0.093485765,0.0871033389121294,0.10004467517137527,0.008226585,1.0,1.0,1.0,0.0,1.642308e-07,1.5301850453397492e-07,1.757531435941928e-07,1.4452023e-08,1.7567467e-06,1.7567466557011358e-06,1.7567466557011358e-06,0.0,-27.1763,-27.740327835083008,-26.32692241668701,0.9429672,2.26776,2.1996270418167114,2.3320133090019226,0.083418064,0.7559201,0.7332090139389038,0.7773377746343613,0.027806018,0.13833334,0.11749999783933163,0.1599999964237213,0.032427073,0.0,0.0,0.0,0.0,0.15085916,0.1429651454091072,0.15940280631184578,0.014547282,9.340024,9.3400239944458,9.3400239944458,0.0,9.360024,9.360024452209473,9.360024452209473,0.0,1500800.0,1500800.0,1500800.0,0.0
469,0.0,0.0,0.0,0.0,1.0,1.0,1.0,0.0,0.51271397,0.5118979960680008,0.5147595107555389,0.003054436,0.5127141,0.5118981152772903,0.5147596895694733,0.0030544398,1.0374395,1.0146973431110382,1.0664888322353363,0.04210899,0.09213728,0.08585181273519993,0.09667296707630157,0.008964683,0.09213728,0.08585181273519993,0.09667296707630157,0.008964683,1.0,1.0,1.0,0.0,1.586567e-07,1.4783337576318445e-07,1.664669682099884e-07,1.5436823e-08,1.7219598e-06,1.721959847600374e-06,1.721959847600374e-06,0.0,-27.325243,-27.790151119232178,-26.90870475769043,0.86376894,2.2824123,2.2323787808418274,2.3463222980499268,0.092641614,0.7608042,0.7441262900829315,0.7821074724197388,0.030880546,0.14600001,0.12600000575184822,0.16200001165270805,0.028768672,0.0,0.0,0.0,0.0,0.15952669,0.14951209351420403,0.16461244598031044,0.01591573,9.360024,9.360024452209473,9.360024452209473,0.0,9.380025,9.380024909973145,9.380024909973145,0.0,1504000.0,1504000.0,1504000.0,0.0
470,0.0,0.0,0.0,0.0,1.0,1.0,1.0,0.0,0.5127141,0.5118981152772903,0.5147596895694733,0.0030544398,0.51271427,0.5118982940912247,0.5147598683834076,0.0030544507,1.0450329,1.041625291109085,1.054186463356018,0.026414504,0.09030644,0.088270403444767,0.09087454713881016,0.0056688087,0.09030644,0.088270403444767,0.09087454713881016,0.0056688087,1.0,1.0,1.0,0.0,1.5242482e-07,1.4898826350417949e-07,1.5338370573658722e-07,9.568169e-09,1.6878621e-06,1.6878620954230428e-06,1.6878620954230428e-06,0.0,-27.407766,-27.76788902282715,-27.20982789993286,0.5335369,2.299118,2.2916213870048523,2.319256544113159,0.058113087,0.7663727,0.7638738304376602,0.7730855196714401,0.01937103,0.15333335,0.12000000476837158,0.17800001427531242,0.041194294,0.0,0.0,0.0,0.0,0.15670568,0.1387476623058319,0.17017490044236183,0.024252776,9.380025,9.380024909973145,9.380024909973145,0.0,9.400025,9.400025367736816,9.400025367736816,0.0,1507200.0,1507200.0,1507200.0,0.0
471,0.0,0.0,0.0,0.0,1.0,1.0,1.0,0.0,0.51271427,0.5118982940912247,0.5147598683834076,0.0030544507,0.51271445,0.511898472905159,0.5147600471973419,0.0030544628,1.030934,1.0047563761472702,1.0472432971000671,0.03751901,0.09343952,0.089694295078516,0.09891423769295216,0.007906869,0.09343952,0.089694295078516,0.09891423769295216,0.007906869,1.0,1.0,1.0,0.0,1.5459003e-07,1.4839378081887844e-07,1.6364761989962062e-07,1.3081437e-08,1.6544394e-06,1.6544394156881026e-06,1.6544394156881026e-06,0.0,-27.467583,-27.684789657592773,-26.87971830368042,0.73165333,2.2681,2.2105082273483276,2.303981304168701,0.08254346,0.75603336,0.7368360757827759,0.7679937928915024,0.027514491,0.136,0.12000000476837158,0.1680000126361847,0.033422913,0.0,0.0,0.0,0.0,0.15299334,0.14141280204057693,0.15773865208029747,0.019165223,9.400025,9.400025367736816,9.400025367736816,0.0,9.420026,9.420025825500488,9.420025825500488,0.0,1510400.0,1510400.0,1510400.0,0.0
472,0.0,0.0,0.0,0.0,1.0,1.0,1.0,0.0,0.51271445,0.511898472905159,0.5147600471973419,0.0030544628,0.51271456,0.5118985921144485,0.5147601813077927,0.0030544705,1.0311284,1.0037387907505035,1.0443507432937622,0.02730722,0.09325128,0.090293999761343,0.09914287738502026,0.005823726,0.09325128,0.090293999761343,0.09914287738502026,0.005823726,1.0,1.0,1.0,0.0,1.5122357e-07,1.4642782275586796e-07,1.6077786213486434e-07,9.44421e-09,1.6216785e-06,1.6216783933487022e-06,1.6216783933487022e-06,0.0,-27.096344,-27.71691131591797,-26.77749013900757,0.6140778,2.2685277,2.208269476890564,2.297617554664612,0.060077038,0.75617594,0.7360898405313492,0.7658725529909134,0.020025682,0.15,0.11600000411272049,0.1680000089108944,0.0452709,0.0006666667,0.0,0.0,0.0023094013,0.15680467,0.1490694023668766,0.15904725715517998,0.020084042,9.420026,9.420025825500488,9.420025825500488,0.0,9.440026,9.44002628326416,9.44002628326416,0.0,1513600.0,1513600.0,1513600.0,0.0
473,0.0,0.0,0.0,0.0,1.0,1.0,1.0,0.0,0.51271456,0.5118985921144485,0.5147601813077927,0.0030544705,0.51271474,0.5118987262248993,0.5147603005170822,0.0030544654,1.0377862,1.0233662724494934,1.0483490228652954,0.024171462,0.09179637,0.08946466259658337,0.09476485289633274,0.0050515938,0.09179637,0.08946466259658337,0.09476485289633274,0.0050515938,1.0,1.0,1.0,0.0,1.4591642e-07,1.4221001265468658e-07,1.5063501379586341e-07,8.029844e-09,1.5895663e-06,1.5895662954790168e-06,1.5895662954790168e-06,0.0,-27.478172,-27.94721794128418,-26.977323055267334,0.8073109,2.2831752,2.2514506578445435,2.306413948535919,0.0531783,0.7610584,0.7504835575819016,0.768804669380188,0.017726105,0.16133334,0.13600000739097595,0.1860000118613243,0.03442339,0.0006666667,0.0,0.0,0.0023094013,0.1641357,0.15355637669563293,0.16141671687364578,0.026821801,9.440026,9.44002628326416,9.44002628326416,0.0,9.460027,9.460026741027832,9.460026741027832,0.0,1516800.0,1516800.0,1516800.0,0.0
474,0.0,0.0,0.0,0.0,1.0,1.0,1.0,0.0,0.51271474,0.5118987262248993,0.5147603005170822,0.0030544654,0.51271486,0.5118988901376724,0.5147604197263718,0.0030544722,1.0375892,1.020032674074173,1.05737966299057,0.024866393,0.091846116,0.08762507513165474,0.09549221396446228,0.005228675,0.091846116,0.08762507513165474,0.09549221396446228,0.005228675,1.0,1.0,1.0,0.0,1.4310453e-07,1.3652776686967627e-07,1.487854817128209e-07,8.146748e-09,1.5580903e-06,1.5580901617795462e-06,1.5580901617795462e-06,0.0,-27.480196,-27.797349452972412,-27.00089168548584,0.7105248,2.2827418,2.2441166639328003,2.3262816667556763,0.054707166,0.760914,0.7480389028787613,0.7754272520542145,0.01823573,0.13666667,0.11000000312924385,0.1600000113248825,0.032264065,0.0,0.0,0.0,0.0,0.15623277,0.1416175700724125,0.1628735549747944,0.017282737,9.460027,9.460026741027832,9.460026741027832,0.0,9.480027,9.480027198791504,9.480027198791504,0.0,1520000.0,1520000.0,1520000.0,0.0
475,0.0,0.0,0.0,0.0,1.0,1.0,1.0,0.0,0.51271486,0.5118988901376724,0.5147604197263718,0.0030544722,0.512715,0.5118990242481232,0.5147605389356613,0.0030544568,1.0416946,1.0235911011695862,1.0580972135066986,0.033002373,0.0845189,0.0874930489808321,0.09471357055008411,0.027212983,0.091085136,0.0874930489808321,0.09471357055008411,0.0068619284,0.9166667,1.0,1.0,0.28867513,1.2908042e-07,1.3362264894567488e-07,1.4465009812170138e-07,4.1560682e-08,1.5272373e-06,1.5272372593244654e-06,1.5272372593244654e-06,0.0,-27.375063,-27.698179244995117,-26.970358848571777,0.6708312,2.291774,2.2519453167915344,2.3278603553771973,0.07260667,0.76392466,0.7506484389305115,0.775953471660614,0.024202216,0.142,0.12800000607967377,0.15400001034140587,0.02731633,0.0013333334,0.0,0.0,0.003113996,0.15549801,0.13978932052850723,0.1695222333073616,0.020397836,9.480027,9.480027198791504,9.480027198791504,0.0,9.500028,9.500027656555176,9.500027656555176,0.0,1523200.0,1523200.0,1523200.0,0.0
476,0.0,0.0,0.0,0.0,1.0,1.0,1.0,0.0,0.512715,0.5118990242481232,0.5147605389356613,0.0030544568,0.5127151,0.5118991434574127,0.5147607028484344,0.00305446,1.0374295,1.016538918018341,1.052141159772873,0.027926583,0.09191621,0.08869156986474991,0.09626336954534054,0.005896694,0.09191621,0.08869156986474991,0.09626336954534054,0.005896694,1.0,1.0,1.0,0.0,1.3759814e-07,1.3277085031404567e-07,1.4410580462254075e-07,8.827323e-09,1.4969952e-06,1.4969951962484629e-06,1.4969951962484629e-06,0.0,-27.386755,-27.882731437683105,-26.905906200408936,0.7720175,2.2823904,2.2364302277565002,2.3147568106651306,0.06143972,0.7607968,0.7454767525196075,0.7715856432914734,0.02047991,0.14066668,0.11600000411272049,0.1600000113248825,0.0341902,0.0,0.0,0.0,0.0,0.15646479,0.1425444260239601,0.16880084574222565,0.021792894,9.500028,9.500027656555176,9.500027656555176,0.0,9.520028,9.520028114318848,9.520028114318848,0.0,1526400.0,1526400.0,1526400.0,0.0
477,0.0,0.0,0.0,0.0,1.0,1.0,1.0,0.0,0.5127151,0.5118991434574127,0.5147607028484344,0.00305446,0.5127152,0.5118992626667023,0.514760822057724,0.00305446,1.0337955,1.0211687982082367,1.0393581092357635,0.023824608,0.092638575,0.09134754352271557,0.0952506959438324,0.004936352,0.092638575,0.09134754352271557,0.0952506959438324,0.004936352,1.0,1.0,1.0,0.0,1.3593338e-07,1.340389914616935e-07,1.3976629631429205e-07,7.243364e-09,1.4673519e-06,1.4673519217467401e-06,1.4673519217467401e-06,0.0,-27.590563,-28.003117561340332,-27.284611225128174,0.47956508,2.2743957,2.246616244316101,2.2866334915161133,0.0524152,0.7581319,0.7488721013069153,0.7622112035751343,0.017471733,0.15733334,0.12600000575184822,0.17200001329183578,0.04098189,0.0,0.0,0.0,0.0,0.16521253,0.1557643786072731,0.1721912994980812,0.019930718,9.520028,9.520028114318848,9.520028114318848,0.0,9.540029,9.54002857208252,9.54002857208252,0.0,1529600.0,1529600.0,1529600.0,0.0
478,0.0,0.0,0.0,0.0,1.0,1.0,1.0,0.0,0.5127152,0.5118992626667023,0.514760822057724,0.00305446,0.51271534,0.5118993818759918,0.5147609412670135,0.00305446,1.0446358,1.0184757113456726,1.0743498504161835,0.035222597,0.09050382,0.08427930623292923,0.09583503566682339,0.0072861565,0.09050382,0.08427930623292923,0.09583503566682339,0.0072861565,1.0,1.0,1.0,0.0,1.3017127e-07,1.2121858006253206e-07,1.3783913743736775e-07,1.0479648e-08,1.4382958e-06,1.4382958397618495e-06,1.4382958397618495e-06,0.0,-27.604332,-28.156025886535645,-27.093542098999023,0.87711006,2.2982445,2.240691304206848,2.3636168241500854,0.07749125,0.7660816,0.7468971163034439,0.787872314453125,0.025830425,0.15133335,0.12200000509619713,0.17600001394748688,0.04361262,0.0,0.0,0.0,0.0,0.1614769,0.1509629674255848,0.16481416672468185,0.017704299,9.540029,9.54002857208252,9.54002857208252,0.0,9.560029,9.560029029846191,9.560029029846191,0.0,1532800.0,1532800.0,1532800.0,0.0
479,0.0,0.0,0.0,0.0,1.0,1.0,1.0,0.0,0.51271534,0.5118993818759918,0.5147609412670135,0.00305446,0.51271546,0.5118995010852814,0.5147610604763031,0.00305446,1.0398357,1.011153519153595,1.0677259266376495,0.032927334,0.09147751,0.08556156232953072,0.09746635146439075,0.006990419,0.09147751,0.08556156232953072,0.09746635146439075,0.006990419,1.0,1.0,1.0,0.0,1.2896638e-07,1.2062597321005342e-07,1.374095255357588e-07,9.855196e-09,1.409815e-06,1.4098150131758302e-06,1.4098150131758302e-06,0.0,-27.644806,-28.231324672698975,-27.092042922973633,0.76347464,2.2876842,2.2245821952819824,2.3490439653396606,0.072441585,0.7625614,0.7415274083614349,0.7830146700143814,0.02414719,0.15266667,0.12600000575184822,0.17600001394748688,0.034019604,0.0,0.0,0.0,0.0,0.1646696,0.14254029467701912,0.18411341682076454,0.029354885,9.560029,9.560029029846191,9.560029029846191,0.0,9.5800295,9.580029487609863,9.580029487609863,0.0,1536000.0,1536000.0,1536000.0,0.0
480,0.0,0.0,0.0,0.0,1.0,1.0,1.0,0.0,0.51271546,0.5118995010852814,0.5147610604763031,0.00305446,0.5127156,0.5118996202945709,0.5147611796855927,0.0030544614,1.0577751,1.0373821556568146,1.0708949863910675,0.026456503,0.08116337,0.08493882603943348,0.09175666980445385,0.02593589,0.08769181,0.08493882603943348,0.09175666980445385,0.005294934,0.9166667,1.0,1.0,0.28867513,1.1215951e-07,1.1737681049339699e-07,1.2679837979590047e-07,3.584076e-08,1.3818982e-06,1.381898186991748e-06,1.381898186991748e-06,0.0,-27.80774,-28.22569179534912,-27.547895431518555,0.6814248,2.3271518,2.282286286354065,2.356015920639038,0.058205504,0.7757173,0.7607621252536774,0.7853386551141739,0.019401835,0.14333333,0.12000000476837158,0.15200001001358032,0.034019604,0.0,0.0,0.0,0.0,0.16388328,0.15615267679095268,0.1697312854230404,0.016363297,9.5800295,9.580029487609863,9.580029487609863,0.0,9.60003,9.600029945373535,9.600029945373535,0.0,1539200.0,1539200.0,1539200.0,0.0
481,0.0,0.0,0.0,0.0,1.0,1.0,1.0,0.0,0.5127156,0.5118996202945709,0.5147611796855927,0.0030544614,0.5127157,0.5118997395038605,0.5147612988948822,0.0030544596,1.0347189,1.0025030970573425,1.0528899133205414,0.03693023,0.08625708,0.0885367151349783,0.0994252972304821,0.027751366,0.09261733,0.0885367151349783,0.0994252972304821,0.007654392,0.9166667,1.0,1.0,0.28867513,1.1683816e-07,1.199259980211309e-07,1.346749591846219e-07,3.7590173e-08,1.3545341e-06,1.3545341062126681e-06,1.3545341062126681e-06,0.0,-27.293055,-27.564292430877686,-27.166749954223633,0.5058129,2.2764268,2.205550730228424,2.316404104232788,0.08124815,0.7588089,0.735183596611023,0.7721347063779831,0.02708272,0.14833333,0.12749999575316906,0.17999999225139618,0.034597248,0.0,0.0,0.0,0.0,0.15032709,0.13653047755360603,0.1631072796881199,0.017709458,9.60003,9.600029945373535,9.600029945373535,0.0,9.62003,9.620030403137207,9.620030403137207,0.0,1542400.0,1542400.0,1542400.0,0.0
482,0.0,0.0,0.0,0.0,1.0,1.0,1.0,0.0,0.5127157,0.5118997395038605,0.5147612988948822,0.0030544596,0.5127158,0.51189985871315,0.5147614181041718,0.0030544596,1.0431443,1.0186958014965057,1.0603384971618652,0.027060354,0.090703666,0.08703356236219406,0.09578759595751762,0.0056133834,0.090703666,0.08703356236219406,0.09578759595751762,0.0056133834,1.0,1.0,1.0,0.0,1.2042833e-07,1.1555549406239152e-07,1.2717832831299347e-07,7.452956e-09,1.3277119e-06,1.3277118569021695e-06,1.3277118569021695e-06,0.0,-27.40413,-27.705190658569336,-26.956425666809082,0.6811938,2.2949636,2.241175413131714,2.3327913880348206,0.05953399,0.7649879,0.7470584958791733,0.7775971293449402,0.019844662,0.15133335,0.1340000070631504,0.17000001296401024,0.026959006,0.0,0.0,0.0,0.0,0.15798225,0.14190087094902992,0.17051145061850548,0.021902898,9.62003,9.620030403137207,9.620030403137207,0.0,9.640031,9.640030860900879,9.640030860900879,0.0,1545600.0,1545600.0,1545600.0,0.0
483,0.0,0.0,0.0,0.0,1.0,1.0,1.0,0.0,0.5127158,0.51189985871315,0.5147614181041718,0.0030544596,0.51271594,0.5118999779224396,0.5147615373134613,0.0030544596,1.0351981,1.0185634791851044,1.0518449544906616,0.02239007,0.09232673,0.08874824270606041,0.09581569582223892,0.004712759,0.09232673,0.08874824270606041,0.09581569582223892,0.004712759,1.0,1.0,1.0,0.0,1.2015595e-07,1.1549882295014413e-07,1.2469655175095795e-07,6.1332823e-09,1.301421e-06,1.3014209798711818e-06,1.3014209798711818e-06,0.0,-27.489195,-28.09755277633667,-26.812028884887695,0.8290002,2.2774813,2.2408843636512756,2.3141050934791565,0.04925914,0.75916046,0.7469614595174789,0.7713683992624283,0.016419716,0.13933334,0.11800000444054604,0.15400001034140587,0.031534493,0.0,0.0,0.0,0.0,0.15656464,0.14432774856686592,0.1636584773659706,0.017404772,9.640031,9.640030860900879,9.640030860900879,0.0,9.660031,9.66003131866455,9.66003131866455,0.0,1548800.0,1548800.0,1548800.0,0.0
484,0.0,0.0,0.0,0.0,1.0,1.0,1.0,0.0,0.51271594,0.5118999779224396,0.5147615373134613,0.0030544596,0.51271605,0.5119000971317291,0.5147616565227509,0.0030544596,1.0327327,1.0221127569675446,1.0374377369880676,0.013079936,0.092778265,0.0917425137013197,0.09503580257296562,0.0027579467,0.092778265,0.0917425137013197,0.09503580257296562,0.0027579467,1.0,1.0,1.0,0.0,1.1835264e-07,1.1703139080054825e-07,1.2123247472572984e-07,3.5181766e-09,1.2756506e-06,1.2756505611832836e-06,1.2756505611832836e-06,0.0,-27.124537,-27.53517723083496,-26.841036319732666,0.6749487,2.2720573,2.2486929893493652,2.282408595085144,0.028776404,0.7573524,0.7495643347501755,0.7608028650283813,0.009592135,0.15,0.13600000739097595,0.17600001394748688,0.03110101,0.0,0.0,0.0,0.0,0.1564117,0.146554633975029,0.16626400500535965,0.015259321,9.660031,9.66003131866455,9.66003131866455,0.0,9.680032,9.680031776428223,9.680031776428223,0.0,1552000.0,1552000.0,1552000.0,0.0
485,0.0,0.0,0.0,0.0,1.0,1.0,1.0,0.0,0.51271605,0.5119000971317291,0.5147616565227509,0.0030544596,0.5127162,0.5119002163410187,0.5147617757320404,0.0030544596,1.0263525,1.0023833513259888,1.0465609729290009,0.030717675,0.0943264,0.0898341853171587,0.09945272654294968,0.0065718754,0.0943264,0.0898341853171587,0.09945272654294968,0.0065718754,1.0,1.0,1.0,0.0,1.1794481e-07,1.1232779861813924e-07,1.2435472740435216e-07,8.21741e-09,1.2503904e-06,1.25039036902308e-06,1.25039036902308e-06,0.0,-27.13137,-27.466244220733643,-26.634855270385742,0.72203696,2.2580206,2.205287456512451,2.3024802207946777,0.067580216,0.75267357,0.7350958436727524,0.7674934267997742,0.022526737,0.16333334,0.14000000804662704,0.1860000118613243,0.033328485,0.0,0.0,0.0,0.0,0.16056432,0.14979373663663864,0.16598870605230331,0.016911414,9.680032,9.680031776428223,9.680031776428223,0.0,9.700032,9.700032234191895,9.700032234191895,0.0,1555200.0,1555200.0,1555200.0,0.0
486,0.0,0.0,0.0,0.0,1.0,1.0,1.0,0.0,0.5127162,0.5119002163410187,0.5147617757320404,0.0030544596,0.5127163,0.5119003355503082,0.51476189494133,0.0030544596,1.0345962,1.0162493884563446,1.0410473346710205,0.032767534,0.0925787,0.09108547680079937,0.09632822126150131,0.0067470274,0.0925787,0.09108547680079937,0.09632822126150131,0.0067470274,1.0,1.0,1.0,0.0,1.1346727e-07,1.1163712798634151e-07,1.1806279687220922e-07,8.269363e-09,1.2256304e-06,1.2256303989488515e-06,1.2256303989488515e-06,0.0,-27.483355,-27.884914875030518,-27.10989475250244,0.73593843,2.2761571,2.235793352127075,2.2903499603271484,0.07209,0.758719,0.7452644854784012,0.7634500116109848,0.024029993,0.15066667,0.12600000575184822,0.1860000118613243,0.038868856,0.0,0.0,0.0,0.0,0.15684648,0.147873654961586,0.1686234027147293,0.014681,9.700032,9.700032234191895,9.700032234191895,0.0,9.720033,9.720032691955566,9.720032691955566,0.0,1558400.0,1558400.0,1558400.0,0.0
487,0.0,0.0,0.0,0.0,1.0,1.0,1.0,0.0,0.5127163,0.5119003355503082,0.51476189494133,0.0030544596,0.5127164,0.5119004547595978,0.5147620141506195,0.0030544596,1.042889,1.0272137522697449,1.0544866621494293,0.022185238,0.09070463,0.08821018412709236,0.0939261931926012,0.004622515,0.09070463,0.08821018412709236,0.0939261931926012,0.004622515,1.0,1.0,1.0,0.0,1.0896897e-07,1.059722443130795e-07,1.1283923306848465e-07,5.5533085e-09,1.2013606e-06,1.2013606465188786e-06,1.2013606465188786e-06,0.0,-27.510773,-27.800247192382812,-27.118974208831787,0.6238366,2.2944016,2.259915351867676,2.31991708278656,0.04880847,0.76480055,0.7533051371574402,0.7733056992292404,0.01626949,0.14,0.11600000411272049,0.1680000126361847,0.032451365,0.0,0.0,0.0,0.0,0.1558518,0.13209391757845879,0.17365068569779396,0.025765914,9.720033,9.720032691955566,9.720032691955566,0.0,9.740033,9.740033149719238,9.740033149719238,0.0,1561600.0,1561600.0,1561600.0,0.0
488,0.0,0.0,0.0,0.0,1.0,1.0,1.0,0.0,0.5127164,0.5119004547595978,0.5147620141506195,0.0030544596,0.51271653,0.5119005739688873,0.5147621333599091,0.0030544614,1.0333222,1.0148250758647919,1.0400679111480713,0.031237723,0.0862358,0.09119661897420883,0.09664404578506947,0.027578639,0.092829175,0.09119661897420883,0.09664404578506947,0.0064578224,0.9166667,1.0,1.0,0.28867513,1.01548835e-07,1.0739055333885972e-07,1.1380529052473776e-07,3.2475825e-08,1.1775717e-06,1.1775716757256305e-06,1.1775716757256305e-06,0.0,-27.55397,-27.766655445098877,-27.176140308380127,0.7943248,2.2733543,2.232659637928009,2.2881951332092285,0.06872437,0.7577848,0.7442198842763901,0.7627317160367966,0.022908125,0.15866669,0.13600000739097595,0.17600001394748688,0.028095078,0.0006666667,0.0,0.0,0.0023094013,0.15549786,0.14256539568305016,0.16657979786396027,0.01760582,9.740033,9.740033149719238,9.740033149719238,0.0,9.760034,9.76003360748291,9.76003360748291,0.0,1564800.0,1564800.0,1564800.0,0.0
489,0.0,0.0,0.0,0.0,1.0,1.0,1.0,0.0,0.51271653,0.5119005739688873,0.5147621333599091,0.0030544614,0.5127166,0.5119006931781769,0.5147622525691986,0.0030544614,1.0337762,1.0143471956253052,1.0505561530590057,0.03040216,0.0927251,0.08901384472846985,0.09675228223204613,0.006473646,0.0927251,0.08901384472846985,0.09675228223204613,0.006473646,1.0,1.0,1.0,0.0,1.0702828e-07,1.0274454886882722e-07,1.1167666791322972e-07,7.47223e-09,1.1542536e-06,1.1542535958142253e-06,1.1542535958142253e-06,0.0,-27.225853,-27.899572372436523,-26.687405586242676,0.7050062,2.2743528,2.2316083908081055,2.311269700527191,0.06688609,0.7581176,0.7438694685697556,0.7704232335090637,0.02229535,0.15133335,0.12600000575184822,0.1860000118613243,0.039111342,0.0006666667,0.0,0.0,0.0023094013,0.15309404,0.14352253079414368,0.15700315311551094,0.0173175,9.760034,9.76003360748291,9.76003360748291,0.0,9.780034,9.780034065246582,9.780034065246582,0.0,1568000.0,1568000.0,1568000.0,0.0
490,0.0,0.0,0.0,0.0,1.0,1.0,1.0,0.0,0.5127166,0.5119006931781769,0.5147622525691986,0.0030544614,0.51271677,0.5119008123874664,0.5147623717784882,0.0030544614,1.0374103,1.013011395931244,1.0693795382976532,0.03631757,0.09203968,0.08523798547685146,0.09705159068107605,0.0076443655,0.09203968,0.08523798547685146,0.09705159068107605,0.0076443655,1.0,1.0,1.0,0.0,1.04133456e-07,9.643803799974648e-08,1.0980391884629626e-07,8.648815e-09,1.1313974e-06,1.131397425524483e-06,1.131397425524483e-06,0.0,-27.544668,-27.863170623779297,-26.9693021774292,0.71310145,2.282348,2.2286696434020996,2.3526819348335266,0.07990024,0.7607827,0.7428898811340332,0.7842273414134979,0.026633414,0.16000001,0.12800000607967377,0.20200000330805779,0.051281754,0.0,0.0,0.0,0.0,0.15817179,0.14975643903017044,0.17016830295324326,0.014101677,9.780034,9.780034065246582,9.780034065246582,0.0,9.8000345,9.800034523010254,9.800034523010254,0.0,1571200.0,1571200.0,1571200.0,0.0
491,0.0,0.0,0.0,0.0,1.0,1.0,1.0,0.0,0.51271677,0.5119008123874664,0.5147623717784882,0.0030544614,0.5127168,0.511900931596756,0.5147624909877777,0.0030544614,1.0388619,1.0147930979728699,1.0580404698848724,0.025089707,0.091580115,0.08749066479504108,0.09665128774940968,0.005275316,0.091580115,0.08749066479504108,0.09665128774940968,0.005275316,1.0,1.0,1.0,0.0,1.0156177e-07,9.702660008770181e-08,1.0718567367007381e-07,5.8502923e-09,1.1089937e-06,1.1089937288488727e-06,1.1089937288488727e-06,0.0,-27.346052,-27.85645866394043,-26.899826049804688,0.5965128,2.2855418,2.232589364051819,2.327735483646393,0.055198457,0.76184726,0.7441964894533157,0.7759118527173996,0.018399488,0.14533333,0.1340000070631504,0.15400001034140587,0.020132896,0.0,0.0,0.0,0.0,0.15294845,0.14001436904072762,0.15519550442695618,0.022909421,9.8000345,9.800034523010254,9.800034523010254,0.0,9.820035,9.820034980773926,9.820034980773926,0.0,1574400.0,1574400.0,1574400.0,0.0
492,0.0,0.0,0.0,0.0,1.0,1.0,1.0,0.0,0.5127168,0.511900931596756,0.5147624909877777,0.0030544614,0.51271695,0.5119009464979172,0.5147626101970673,0.0030544659,1.0470718,1.0190077126026154,1.0758054852485657,0.0375934,0.0834577,0.0839838795363903,0.09571842476725578,0.027195012,0.0900371,0.0839838795363903,0.09571842476725578,0.0078096706,0.9166667,1.0,1.0,0.28867513,9.072133e-08,9.129330358348398e-08,1.0404914796424691e-07,2.9561892e-08,1.0870336e-06,1.0870336382140522e-06,1.0870336382140522e-06,0.0,-27.570803,-28.018512725830078,-27.05885601043701,0.67411613,2.3036041,2.2418617010116577,2.3668192625045776,0.08270714,0.76786804,0.7472872585058212,0.7889397889375687,0.027569039,0.156,0.1340000070631504,0.17000001296401024,0.033509836,0.0013333334,0.0,0.0,0.003113996,0.1607806,0.14017529040575027,0.17421041801571846,0.025497142,9.820035,9.820034980773926,9.820034980773926,0.0,9.840035,9.840035438537598,9.840035438537598,0.0,1577600.0,1577600.0,1577600.0,0.0
493,0.0,0.0,0.0,0.0,1.0,1.0,1.0,0.0,0.51271695,0.5119009464979172,0.5147626101970673,0.0030544659,0.51271707,0.5119010657072067,0.5147627294063568,0.003054477,1.0348058,1.0185332298278809,1.0605074167251587,0.031951964,0.092529565,0.08699770458042622,0.09582234919071198,0.0068963217,0.092529565,0.08699770458042622,0.09582234919071198,0.0068963217,1.0,1.0,1.0,0.0,9.859104e-08,9.269679246415308e-08,1.0209952883144524e-07,7.34809e-09,1.0655085e-06,1.0655085134203546e-06,1.0655085134203546e-06,0.0,-27.453133,-27.616058349609375,-27.104809761047363,0.48871398,2.2766182,2.240817904472351,2.333162844181061,0.07029573,0.75887275,0.7469393014907837,0.7777209877967834,0.023431918,0.15333335,0.1340000070631504,0.17600001394748688,0.030858427,0.0,0.0,0.0,0.0,0.16551267,0.15456707403063774,0.17103176936507225,0.019194147,9.840035,9.840035438537598,9.840035438537598,0.0,9.860036,9.86003589630127,9.86003589630127,0.0,1580800.0,1580800.0,1580800.0,0.0
494,0.0,0.0,0.0,0.0,1.0,1.0,1.0,0.0,0.51271707,0.5119010657072067,0.5147627294063568,0.003054477,0.5127172,0.5119011849164963,0.5147628486156464,0.003054476,1.034206,1.0136176943778992,1.0537708401679993,0.02808973,0.092604935,0.08835658058524132,0.09692360647022724,0.006071379,0.092604935,0.08835658058524132,0.09692360647022724,0.006071379,1.0,1.0,1.0,0.0,9.671748e-08,9.228044817177761e-08,1.012279362555546e-07,6.3410055e-09,1.0444095e-06,1.0444094868944376e-06,1.0444094868944376e-06,0.0,-27.444754,-27.886262893676758,-26.98798704147339,0.79089606,2.2752988,2.2300034761428833,2.31834214925766,0.061798643,0.7584329,0.7433345168828964,0.77278071641922,0.020599548,0.1725,0.14000000059604645,0.19999998807907104,0.03165869,0.0,0.0,0.0,0.0,0.15493228,0.137943547219038,0.17572643235325813,0.019927144,9.860036,9.86003589630127,9.86003589630127,0.0,9.880036,9.880036354064941,9.880036354064941,0.0,1584000.0,1584000.0,1584000.0,0.0
495,0.0,0.0,0.0,0.0,1.0,1.0,1.0,0.0,0.5127172,0.5119011849164963,0.5147628486156464,0.003054476,0.5127173,0.5119013041257858,0.5147629678249359,0.0030544773,1.0393478,1.0130962431430817,1.0721721053123474,0.03406938,0.09159761,0.08469136245548725,0.09705078974366188,0.007248425,0.09159761,0.08469136245548725,0.09705078974366188,0.007248425,1.0,1.0,1.0,0.0,9.377107e-08,8.670094864271505e-08,9.935364886359821e-08,7.4204185e-09,1.0237284e-06,1.0237283731839852e-06,1.0237283731839852e-06,0.0,-27.444809,-28.016956329345703,-26.705321788787842,0.76229566,2.2866108,2.2288562655448914,2.3588257431983948,0.07495416,0.7622037,0.7429521083831787,0.7862752676010132,0.024984727,0.15733334,0.14000000804662704,0.17600001394748688,0.032060552,0.0,0.0,0.0,0.0,0.16013947,0.14206388592720032,0.17116573080420494,0.024007425,9.880036,9.880036354064941,9.880036354064941,0.0,9.900037,9.900036811828613,9.900036811828613,0.0,1587200.0,1587200.0,1587200.0,0.0
496,0.0,0.0,0.0,0.0,1.0,1.0,1.0,0.0,0.5127173,0.5119013041257858,0.5147629678249359,0.0030544773,0.5127174,0.5119013786315918,0.5147630870342255,0.0030544787,1.0162808,0.9990244358778,1.030855804681778,0.024002798,0.09645492,0.09314269199967384,0.10022495128214359,0.0052954108,0.09645492,0.09314269199967384,0.10022495128214359,0.0052954108,1.0,1.0,1.0,0.0,9.6788334e-08,9.346465112969327e-08,1.0057139121499858e-07,5.313715e-09,1.0034566e-06,1.0034566457761684e-06,1.0034566457761684e-06,0.0,-27.296654,-27.832568645477295,-26.81766939163208,0.5427474,2.2358625,2.1978976726531982,2.2679280042648315,0.05280723,0.7452874,0.7326325625181198,0.7559760063886642,0.017602408,0.15,0.12000000476837158,0.18000001087784767,0.03891249,0.0,0.0,0.0,0.0,0.1533905,0.14251403883099556,0.1659340038895607,0.015568415,9.900037,9.900036811828613,9.900036811828613,0.0,9.920037,9.920037269592285,9.920037269592285,0.0,1590400.0,1590400.0,1590400.0,0.0
497,0.0,0.0,0.0,0.0,1.0,1.0,1.0,0.0,0.5127174,0.5119013786315918,0.5147630870342255,0.0030544787,0.5127175,0.5119014531373978,0.5147631913423538,0.003054486,1.0339768,1.0120524764060974,1.0545876622200012,0.028445093,0.09265875,0.08818880654871464,0.09726297296583652,0.0061687385,0.09265875,0.08818880654871464,0.09726297296583652,0.0061687385,1.0,1.0,1.0,0.0,9.1137885e-08,8.674131279917674e-08,9.56665413553992e-08,6.067488e-09,9.835865e-07,9.835864602791844e-07,9.835864602791844e-07,0.0,-27.523994,-27.734838485717773,-27.28652572631836,0.40726385,2.2747943,2.2265599966049194,2.320139169692993,0.062580414,0.75826484,0.7421866655349731,0.7733797580003738,0.020860137,0.17333335,0.15200001001358032,0.1940000019967556,0.023959558,0.0,0.0,0.0,0.0,0.15789936,0.1493883691728115,0.16550399363040924,0.011413394,9.920037,9.920037269592285,9.920037269592285,0.0,9.940038,9.940037727355957,9.940037727355957,0.0,1593600.0,1593600.0,1593600.0,0.0
498,0.0,0.0,0.0,0.0,1.0,1.0,1.0,0.0,0.5127175,0.5119014531373978,0.5147631913423538,0.003054486,0.51271755,0.511901468038559,0.5147632956504822,0.0030544924,1.0492812,1.0176520943641663,1.0841464400291443,0.03702704,0.08296465,0.08238603174686432,0.09602152742445469,0.027024817,0.08957052,0.08238603174686432,0.09602152742445469,0.007631336,0.9166667,1.0,1.0,0.28867513,7.9987025e-08,7.942917434888841e-08,9.25752896563381e-08,2.605489e-08,9.641097e-07,9.641097449275549e-07,9.641097449275549e-07,0.0,-27.472647,-28.206026077270508,-26.88445472717285,0.818993,2.3084648,2.2388793230056763,2.385169804096222,0.081461124,0.76948833,0.7462931275367737,0.7950566411018372,0.027153715,0.154,0.12000000476837158,0.17200001329183578,0.043834403,0.0006666667,0.0,0.0,0.0023094013,0.1594161,0.14896267652511597,0.17587201669812202,0.018206464,9.940038,9.940037727355957,9.940037727355957,0.0,9.960038,9.960038185119629,9.960038185119629,0.0,1596800.0,1596800.0,1596800.0,0.0
499,0.0,0.0,0.0,0.0,1.0,1.0,1.0,0.0,0.51271755,0.511901468038559,0.5147632956504822,0.0030544924,0.51271766,0.5119015425443649,0.514763355255127,0.0030544982,1.0332843,1.015871912240982,1.0435252785682678,0.02383494,0.092749245,0.09046863205730915,0.09641372412443161,0.0050304458,0.092749245,0.09046863205730915,0.09641372412443161,0.0050304458,1.0,1.0,1.0,0.0,8.764977e-08,8.549454122430689e-08,9.111276000339785e-08,4.753864e-09,9.450186e-07,9.450185984860582e-07,9.450185984860582e-07,0.0,-27.271027,-27.873079776763916,-26.713423252105713,0.6408935,2.2732708,2.23496276140213,2.2958014607429504,0.052437928,0.757757,0.7449875921010971,0.7652671933174133,0.017479317,0.15266667,0.13600000739097595,0.17000001296401024,0.033502605,0.0006666667,0.0,0.0,0.0023094013,0.16370757,0.14779097214341164,0.1723528914153576,0.02233863,9.960038,9.960038185119629,9.960038185119629,0.0,9.980039,9.9800386428833,9.9800386428833,0.0,1600000.0,1600000.0,1600000.0,0.0
500,0.0,0.0,0.0,0.0,1.0,1.0,1.0,0.0,0.51271766,0.5119015425443649,0.514763355255127,0.0030544982,0.5127178,0.5119016468524933,0.5147634744644165,0.0030545,1.0301566,0.9995145946741104,1.0634719729423523,0.035135243,0.09356969,0.0864071175456047,0.10011253505945206,0.0074747247,0.09356969,0.0864071175456047,0.10011253505945206,0.0074747247,1.0,1.0,1.0,0.0,8.667413e-08,8.003939733214338e-08,9.273480650051624e-08,6.9238797e-09,9.2630563e-07,9.263056313102425e-07,9.263056313102425e-07,0.0,-27.421646,-27.792191982269287,-26.992703437805176,0.9041101,2.2663898,2.19897598028183,2.339685082435608,0.07729911,0.75546336,0.732992023229599,0.7798950374126434,0.025766365,0.14933334,0.12000000476837158,0.17800001427531242,0.040265787,0.0006666667,0.0,0.0,0.0023094013,0.1575295,0.14307190105319023,0.15858948230743408,0.021007739,9.980039,9.9800386428833,9.9800386428833,0.0,10.000039,10.000039100646973,10.000039100646973,0.0,1603200.0,1603200.0,1603200.0,0.0
501,0.0,0.0,0.0,0.0,1.0,1.0,1.0,0.0,0.5127178,0.5119016468524933,0.5147634744644165,0.0030545,0.5127178,0.5119016617536545,0.5147635340690613,0.0030545015,1.0477827,1.0258882343769073,1.0485863089561462,0.042095575,0.0775353,0.08949503488838673,0.09421474486589432,0.03643974,0.08995446,0.08949503488838673,0.09421474486589432,0.00827397,0.8333333,1.0,1.0,0.38924947,7.039919e-08,8.125818951043584e-08,8.554351538236915e-08,3.308594e-08,9.079631e-07,9.079631126951426e-07,9.079631126951426e-07,0.0,-27.91022,-28.318408012390137,-27.430747032165527,0.6881929,2.305168,2.25699919462204,2.306935966014862,0.092612125,0.7683893,0.7523331046104431,0.7689786553382874,0.030870704,0.15866667,0.12600000575184822,0.1860000118613243,0.038417168,0.0,0.0,0.0,0.0,0.16550864,0.15934301912784576,0.17153820767998695,0.01356416,10.000039,10.000039100646973,10.000039100646973,0.0,10.02004,10.020039558410645,10.020039558410645,0.0,1606400.0,1606400.0,1606400.0,0.0
502,0.0,0.0,0.0,0.0,1.0,1.0,1.0,0.0,0.5127178,0.5119016617536545,0.5147635340690613,0.0030545015,0.5127179,0.5119016766548157,0.514763593673706,0.0030545094,1.0437839,1.0103028267621994,1.0624930560588837,0.042981233,0.08481154,0.08660498261451721,0.09766560234129429,0.027449714,0.09080698,0.08660498261451721,0.09766560234129429,0.008684128,0.9166667,1.0,1.0,0.28867513,7.548089e-08,7.707702742720812e-08,8.69208029996571e-08,2.44298e-08,8.8998377e-07,8.899837666831445e-07,8.899837666831445e-07,0.0,-27.715952,-28.123706817626953,-27.2647123336792,1.0426073,2.2963705,2.222710609436035,2.3375314474105835,0.09456064,0.76545686,0.7409035712480545,0.779177188873291,0.03152021,0.15266667,0.12200000509619713,0.16600001230835915,0.046454933,0.0,0.0,0.0,0.0,0.15836783,0.15078167989850044,0.16761759668588638,0.012010537,10.02004,10.020039558410645,10.020039558410645,0.0,10.04004,10.040040016174316,10.040040016174316,0.0,1609600.0,1609600.0,1609600.0,0.0
503,0.0,0.0,0.0,0.0,1.0,1.0,1.0,0.0,0.5127179,0.5119016766548157,0.514763593673706,0.0030545094,0.5127179,0.5119017362594604,0.5147636532783508,0.0030545015,1.0439297,1.01641184091568,1.0681611895561218,0.04214148,0.08422983,0.08547522313892841,0.09629316627979279,0.027769808,0.090777785,0.08547522313892841,0.09629316627979279,0.009073346,0.9166667,1.0,1.0,0.28867513,7.347878e-08,7.456521444737518e-08,8.400236417571705e-08,2.4225287e-08,8.7236066e-07,8.723606015337282e-07,8.723606015337282e-07,0.0,-27.411242,-28.074466705322266,-27.010501861572266,1.0304198,2.2966912,2.2361507415771484,2.350001633167267,0.09271314,0.7655637,0.745383620262146,0.7833338975906372,0.030904368,0.13733335,0.11000000312924385,0.1680000126361847,0.04230911,0.0,0.0,0.0,0.0,0.16075353,0.14913496375083923,0.17208439856767654,0.019221501,10.04004,10.040040016174316,10.040040016174316,0.0,10.06004,10.060040473937988,10.060040473937988,0.0,1612800.0,1612800.0,1612800.0,0.0
504,0.0,0.0,0.0,0.0,1.0,1.0,1.0,0.0,0.5127179,0.5119017362594604,0.5147636532783508,0.0030545015,0.512718,0.5119017958641052,0.5147637128829956,0.0030545015,1.0203952,1.0049638152122498,1.0425235033035278,0.02470968,0.095552176,0.09067386016249657,0.0988637488335371,0.005328905,0.095552176,0.09067386016249657,0.0988637488335371,0.005328905,1.0,1.0,1.0,0.0,8.1705345e-08,7.75339668024344e-08,8.453702982080813e-08,4.556673e-09,8.550862e-07,8.550862276024418e-07,8.550862276024418e-07,0.0,-27.348417,-27.772804260253906,-27.004626274108887,0.6871387,2.2449143,2.210964620113373,2.2935975193977356,0.054362375,0.7483048,0.7369882464408875,0.7645325064659119,0.01812079,0.16200002,0.12600000575184822,0.19200000166893005,0.048856005,0.0006666667,0.0,0.0,0.0023094013,0.15772942,0.14889825507998466,0.17010929062962532,0.014711196,10.06004,10.060040473937988,10.060040473937988,0.0,10.080041,10.08004093170166,10.08004093170166,0.0,1616000.0,1616000.0,1616000.0,0.0
505,0.0,0.0,0.0,0.0,1.0,1.0,1.0,0.0,0.512718,0.5119017958641052,0.5147637128829956,0.0030545015,0.512718,0.51190185546875,0.5147637724876404,0.0030545015,1.0228987,1.0092017948627472,1.0376891791820526,0.021855244,0.09497494,0.0916877593845129,0.09792390279471874,0.004832208,0.09497494,0.0916877593845129,0.09792390279471874,0.004832208,1.0,1.0,1.0,0.0,7.960364e-08,7.684846359268249e-08,8.207531010384628e-08,4.0501336e-09,8.38154e-07,8.381539942092786e-07,8.381539942092786e-07,0.0,-27.375856,-27.798243522644043,-26.964509963989258,0.6014034,2.250422,2.2202882170677185,2.2829617261886597,0.048082486,0.75014067,0.7400960922241211,0.7609872668981552,0.016027499,0.15466668,0.12600000575184822,0.19200000166893005,0.037107542,0.0006666667,0.0,0.0,0.0023094013,0.16048175,0.15020251274108887,0.17228472605347633,0.014821019,10.080041,10.08004093170166,10.08004093170166,0.0,10.100041,10.100041389465332,10.100041389465332,0.0,1619200.0,1619200.0,1619200.0,0.0
506,0.0,0.0,0.0,0.0,1.0,1.0,1.0,0.0,0.512718,0.51190185546875,0.5147637724876404,0.0030545015,0.51271814,0.5119019150733948,0.5147638320922852,0.0030545127,1.0269381,1.0016079246997833,1.0482324957847595,0.03857731,0.08789002,0.0894885491579771,0.09964503347873688,0.02834348,0.09431981,0.0894885491579771,0.09964503347873688,0.008153676,0.9166667,1.0,1.0,0.28867513,7.220667e-08,7.35199527923669e-08,8.186407995935951e-08,2.3285786e-08,8.215571e-07,8.215570801439753e-07,8.215570801439753e-07,0.0,-27.28174,-27.72492742538452,-26.622487545013428,0.85365635,2.2593088,2.20358145236969,2.3061575293540955,0.084871784,0.75310296,0.7345271557569504,0.7687192112207413,0.0282906,0.14866668,0.12800000607967377,0.1680000126361847,0.031534493,0.0,0.0,0.0,0.0,0.15573357,0.1489005982875824,0.16284427419304848,0.018662294,10.100041,10.100041389465332,10.100041389465332,0.0,10.120042,10.120041847229004,10.120041847229004,0.0,1622400.0,1622400.0,1622400.0,0.0
507,0.0,0.0,0.0,0.0,1.0,1.0,1.0,0.0,0.51271814,0.5119019150733948,0.5147638320922852,0.0030545127,0.51271814,0.5119019746780396,0.5147638767957687,0.0030545078,1.032105,1.0105713903903961,1.040541410446167,0.038103234,0.08675241,0.09108899720013142,0.0975952297449112,0.028005218,0.093195565,0.09108899720013142,0.0975952297449112,0.00793194,0.9166667,1.0,1.0,0.28867513,6.986074e-08,7.335294682775384e-08,7.859234152363115e-08,2.2552287e-08,8.052887e-07,8.052887778831064e-07,8.052887778831064e-07,0.0,-27.461418,-27.992977619171143,-26.768661975860596,0.8136842,2.2706764,2.2233015298843384,2.2892367243766785,0.08382876,0.75689214,0.7411005347967148,0.7630789130926132,0.027942916,0.1425,0.11749999783933163,0.16499999538064003,0.032787193,0.0,0.0,0.0,0.0,0.15854399,0.1459730602800846,0.16683955490589142,0.01907879,10.120042,10.120041847229004,10.120041847229004,0.0,10.140042,10.140042304992676,10.140042304992676,0.0,1625600.0,1625600.0,1625600.0,0.0
508,0.0,0.0,0.0,0.0,1.0,1.0,1.0,0.0,0.51271814,0.5119019746780396,0.5147638767957687,0.0030545078,0.5127182,0.5119020342826843,0.5147639214992523,0.003054503,1.034187,1.0229031443595886,1.0416145622730255,0.027343705,0.08599789,0.09086269699037075,0.094864372164011,0.027353749,0.092595674,0.09086269699037075,0.094864372164011,0.0057133785,0.9166667,1.0,1.0,0.28867513,6.78818e-08,7.172180183090404e-08,7.48804982464435e-08,2.159148e-08,7.8934266e-07,7.893426641203405e-07,7.893426641203405e-07,0.0,-27.55182,-27.627209663391113,-27.30667495727539,0.65019935,2.2752566,2.2504318356513977,2.291597902774811,0.060157355,0.75841886,0.750143975019455,0.7638659924268723,0.02005246,0.13866667,0.12600000575184822,0.15400001034140587,0.025603034,0.0,0.0,0.0,0.0,0.16480598,0.14597846195101738,0.17968103289604187,0.024894908,10.140042,10.140042304992676,10.140042304992676,0.0,10.160043,10.160042762756348,10.160042762756348,0.0,1628800.0,1628800.0,1628800.0,0.0
509,0.0,0.0,0.0,0.0,1.0,1.0,1.0,0.0,0.5127182,0.5119020342826843,0.5147639214992523,0.003054503,0.51271826,0.5119020938873291,0.5147639811038971,0.003054503,1.0288919,1.0198867321014404,1.0462501645088196,0.027909724,0.09374749,0.08989850617945194,0.09552831575274467,0.0063559297,0.09374749,0.08989850617945194,0.09552831575274467,0.0063559297,1.0,1.0,1.0,0.0,7.253359e-08,6.95555826268901e-08,7.391143164170444e-08,4.9176614e-09,7.737123e-07,7.737123155493464e-07,7.737123155493464e-07,0.0,-27.442337,-27.859034538269043,-27.04645586013794,0.8566717,2.2636075,2.2437955737113953,2.301796317100525,0.061402623,0.75453585,0.7479318976402283,0.7672654539346695,0.020467535,0.156,0.12400000542402267,0.18200001120567322,0.043884147,0.0,0.0,0.0,0.0,0.15089774,0.14472323283553123,0.15920796990394592,0.015026739,10.160043,10.160042762756348,10.160042762756348,0.0,10.180043,10.18004322052002,10.18004322052002,0.0,1632000.0,1632000.0,1632000.0,0.0
510,0.0,0.0,0.0,0.0,1.0,1.0,1.0,0.0,0.51271826,0.5119020938873291,0.5147639811038971,0.003054503,0.5127183,0.5119021534919739,0.5147640407085419,0.003054503,1.0385782,1.0165806114673615,1.0501597821712494,0.033494584,0.091745056,0.08912311308085918,0.09625511430203915,0.0068706204,0.091745056,0.08912311308085918,0.09625511430203915,0.0068706204,1.0,1.0,1.0,0.0,6.9578654e-08,6.759019655078191e-08,7.299905036006749e-08,5.2106195e-09,7.583914e-07,7.583913657072117e-07,7.583913657072117e-07,0.0,-27.461138,-28.183874130249023,-26.889450550079346,0.8655389,2.2849176,2.2365219593048096,2.3103976249694824,0.073689565,0.7616392,0.7455073595046997,0.7701325416564941,0.024563177,0.14933334,0.1340000070631504,0.1680000089108944,0.045553833,0.0,0.0,0.0,0.0,0.15599273,0.14036264270544052,0.16341567784547806,0.024138935,10.180043,10.18004322052002,10.18004322052002,0.0,10.200044,10.200043678283691,10.200043678283691,0.0,1635200.0,1635200.0,1635200.0,0.0
511,0.0,0.0,0.0,0.0,1.0,1.0,1.0,0.0,0.5127183,0.5119021534919739,0.5147640407085419,0.003054503,0.5127184,0.5119022130966187,0.5147641003131866,0.003054503,1.0406917,1.0158532559871674,1.0603517591953278,0.033499915,0.0913038,0.08702772110700607,0.09641551040112972,0.007011874,0.0913038,0.08702772110700607,0.09641551040112972,0.007011874,1.0,1.0,1.0,0.0,6.787287e-08,6.469413449394779e-08,7.167277615849343e-08,5.2124447e-09,7.433739e-07,7.433739028783748e-07,7.433739028783748e-07,0.0,-27.523447,-27.933302402496338,-27.12841558456421,0.68077266,2.2895677,2.2349218130111694,2.3328203558921814,0.073701255,0.76318926,0.7449739426374435,0.7776068150997162,0.02456709,0.16400002,0.15600001066923141,0.17800001427531242,0.033683017,0.0013333334,0.0,0.0,0.003113996,0.15778355,0.14522280916571617,0.16849272698163986,0.018715847,10.200044,10.200043678283691,10.200043678283691,0.0,10.220044,10.220044136047363,10.220044136047363,0.0,1638400.0,1638400.0,1638400.0,0.0
512,0.0,0.0,0.0,0.0,1.0,1.0,1.0,0.0,0.5127184,0.5119022130966187,0.5147641003131866,0.003054503,0.51271844,0.5119022727012634,0.5147641599178314,0.003054503,1.0399662,1.014424055814743,1.057300478219986,0.026074972,0.09135753,0.0876417700201273,0.09673347696661949,0.0054056416,0.09135753,0.0876417700201273,0.09673347696661949,0.0054056416,1.0,1.0,1.0,0.0,6.6568e-08,6.386050444007196e-08,7.048520878072395e-08,3.9388413e-09,7.2865373e-07,7.2865373113018e-07,7.2865373113018e-07,0.0,-27.377205,-27.922330379486084,-26.903838634490967,0.5964336,2.2879713,2.2317774295806885,2.3261075615882874,0.05736607,0.7626571,0.7439258396625519,0.7753692269325256,0.019122027,0.14333333,0.12600000575184822,0.15200001001358032,0.033153456,0.0006666667,0.0,0.0,0.0023094013,0.15369217,0.13425001502037048,0.17008310183882713,0.023615805,10.220044,10.220044136047363,10.220044136047363,0.0,10.240045,10.240044593811035,10.240044593811035,0.0,1641600.0,1641600.0,1641600.0,0.0
513,0.0,0.0,0.0,0.0,1.0,1.0,1.0,0.0,0.51271844,0.5119022727012634,0.5147641599178314,0.003054503,0.5127185,0.5119023323059082,0.5147642195224762,0.003054503,1.032645,1.0186152458190918,1.0480391383171082,0.034582697,0.09302997,0.08952870965003967,0.09581576101481915,0.0074692974,0.09302997,0.08952870965003967,0.09581576101481915,0.0074692974,1.0,1.0,1.0,0.0,6.644434e-08,6.394365925643797e-08,6.843402822198641e-08,5.334761e-09,7.142251e-07,7.14225166120741e-07,7.14225166120741e-07,0.0,-27.23919,-27.870704650878906,-26.864447593688965,0.72479033,2.2718642,2.2409982085227966,2.305732250213623,0.07608344,0.75728816,0.7469994127750397,0.768577441573143,0.025361143,0.15,0.1300000064074993,0.17000001296401024,0.032203898,0.0,0.0,0.0,0.0,0.15644771,0.14620234817266464,0.16751470416784286,0.01413267,10.240045,10.240044593811035,10.240044593811035,0.0,10.260045,10.260045051574707,10.260045051574707,0.0,1644800.0,1644800.0,1644800.0,0.0
514,0.0,0.0,0.0,0.0,1.0,1.0,1.0,0.0,0.5127185,0.5119023323059082,0.5147642195224762,0.003054503,0.51271856,0.511902391910553,0.514764279127121,0.003054503,1.0420257,1.0261237621307373,1.054622858762741,0.01850695,0.090852566,0.08818172849714756,0.09416278824210167,0.0038963393,0.090852566,0.08818172849714756,0.09416278824210167,0.0038963393,1.0,1.0,1.0,0.0,6.360427e-08,6.173446287505158e-08,6.592169476959953e-08,2.7277571e-09,7.0008224e-07,7.000822392910777e-07,7.000822392910777e-07,0.0,-27.507484,-27.877191066741943,-27.27144193649292,0.47232643,2.2925024,2.257517397403717,2.320216715335846,0.040716108,0.7641675,0.752505823969841,0.7734056115150452,0.013572036,0.154,0.1420000083744526,0.1600000113248825,0.02415104,0.0006666667,0.0,0.0,0.0023094013,0.16375177,0.15435872599482536,0.1713487207889557,0.014158033,10.260045,10.260045051574707,10.260045051574707,0.0,10.2800455,10.280045509338379,10.280045509338379,0.0,1648000.0,1648000.0,1648000.0,0.0
515,0.0,0.0,0.0,0.0,1.0,1.0,1.0,0.0,0.51271856,0.511902391910553,0.514764279127121,0.003054503,0.5127186,0.5119024068117142,0.5147643387317657,0.0030545113,1.0559174,1.0349668860435486,1.0661826133728027,0.03537992,0.07534031,0.0858929380774498,0.09226513840258121,0.035515014,0.08818474,0.0858929380774498,0.09226513840258121,0.0071094073,0.8333333,1.0,1.0,0.38924947,5.169998e-08,5.894139309958746e-08,6.331412372162504e-08,2.437109e-08,6.862194e-07,6.862193231427227e-07,6.862193231427227e-07,0.0,-27.855314,-28.15818214416504,-27.48414707183838,0.66611874,2.3230646,2.276972532272339,2.3456486463546753,0.077837415,0.7743549,0.7589908540248871,0.7818828970193863,0.025945796,0.13866667,0.10400000214576721,0.17200001329183578,0.037107546,0.0006666667,0.0,0.0,0.0023094013,0.16576076,0.150868471711874,0.17720282077789307,0.019661717,10.2800455,10.280045509338379,10.280045509338379,0.0,10.300046,10.30004596710205,10.30004596710205,0.0,1651200.0,1651200.0,1651200.0,0.0
516,0.0,0.0,0.0,0.0,1.0,1.0,1.0,0.0,0.5127186,0.5119024068117142,0.5147643387317657,0.0030545113,0.5127187,0.511902466416359,0.5147643983364105,0.0030545122,1.0488405,1.0372486412525177,1.0528968274593353,0.033589285,0.083557464,0.0885391179472208,0.0917826984077692,0.026578972,0.08959954,0.0885391179472208,0.0917826984077692,0.006558046,0.9166667,1.0,1.0,0.28867513,5.6203337e-08,5.955415183223067e-08,6.173588573687994e-08,1.787784e-08,6.7263096e-07,6.726309607074654e-07,6.726309607074654e-07,0.0,-27.671013,-27.697466373443604,-27.271628856658936,1.0729954,2.3074954,2.2819926738739014,2.3164193630218506,0.07389789,0.7691651,0.7606642246246338,0.7721398174762726,0.024632627,0.14800002,0.1340000070631504,0.1600000113248825,0.020324642,0.0,0.0,0.0,0.0,0.15762152,0.14281517267227173,0.16600723564624786,0.017162928,10.300046,10.30004596710205,10.30004596710205,0.0,10.320046,10.320046424865723,10.320046424865723,0.0,1654400.0,1654400.0,1654400.0,0.0
517,0.0,0.0,0.0,0.0,1.0,1.0,1.0,0.0,0.5127187,0.511902466416359,0.5147643983364105,0.0030545122,0.51271874,0.5119025260210037,0.5147644579410553,0.0030545122,1.0371265,1.0212569832801819,1.0541957020759583,0.032630116,0.0920451,0.08827147260308266,0.09522484801709652,0.006956199,0.0920451,0.08827147260308266,0.09522484801709652,0.006956199,1.0,1.0,1.0,0.0,6.068641e-08,5.819841497611833e-08,6.278285624716773e-08,4.5863033e-09,6.5931164e-07,6.593116950170952e-07,6.593116950170952e-07,0.0,-27.44161,-27.705907821655273,-27.249462127685547,0.67148656,2.281724,2.2468101382255554,2.319276750087738,0.071787655,0.76057464,0.748936727643013,0.7730922847986221,0.02392922,0.15200001,0.14400000870227814,0.1600000113248825,0.026423132,0.0,0.0,0.0,0.0,0.15408106,0.14247218891978264,0.1625390388071537,0.015787613,10.320046,10.320046424865723,10.320046424865723,0.0,10.340047,10.340046882629395,10.340046882629395,0.0,1657600.0,1657600.0,1657600.0,0.0
518,0.0,0.0,0.0,0.0,1.0,1.0,1.0,0.0,0.51271874,0.5119025260210037,0.5147644579410553,0.0030545122,0.5127188,0.5119025707244873,0.5147645175457001,0.0030545248,1.0396664,1.0089358985424042,1.0622969269752502,0.04504326,0.07875801,0.08664880320429802,0.09798605740070343,0.0374223,0.09172038,0.08664880320429802,0.09798605740070343,0.009462304,0.8333333,1.0,1.0,0.38924947,5.089785e-08,5.599732144645486e-08,6.332408730713723e-08,2.4184391e-08,6.462562e-07,6.462561259468202e-07,6.462561259468202e-07,0.0,-27.442543,-28.149287223815918,-26.80763816833496,0.9278712,2.2873118,2.219703197479248,2.3370999693870544,0.09909718,0.76243734,0.7399010807275772,0.7790333479642868,0.033032387,0.15533334,0.1340000070631504,0.17000001296401024,0.037283517,0.0,0.0,0.0,0.0,0.15860929,0.14292344823479652,0.17569660767912865,0.021314152,10.340047,10.340046882629395,10.340046882629395,0.0,10.360047,10.360047340393066,10.360047340393066,0.0,1660800.0,1660800.0,1660800.0,0.0
519,0.0,0.0,0.0,0.0,1.0,1.0,1.0,0.0,0.5127188,0.5119025707244873,0.5147645175457001,0.0030545248,0.51271886,0.5119026303291321,0.5147645771503448,0.0030545362,1.0447009,1.0330232381820679,1.057369977235794,0.0344164,0.08389112,0.087625402957201,0.09272964484989643,0.027152674,0.09048051,0.087625402957201,0.09272964484989643,0.0072262413,0.9166667,1.0,1.0,0.28867513,5.31416e-08,5.550711268398345e-08,5.8740441843951885e-08,1.720011e-08,6.3345914e-07,6.334591375889431e-07,6.334591375889431e-07,0.0,-27.653608,-28.175838947296143,-27.17451286315918,0.7154378,2.2983878,2.2726964950561523,2.326260507106781,0.0757176,0.76612926,0.7575654983520508,0.7754202038049698,0.025239203,0.15066667,0.12600000575184822,0.17000001296401024,0.030287514,0.0,0.0,0.0,0.0,0.16325797,0.15012511983513832,0.17495041340589523,0.019741455,10.360047,10.360047340393066,10.360047340393066,0.0,10.380048,10.380047798156738,10.380047798156738,0.0,1664000.0,1664000.0,1664000.0,0.0
520,0.0,0.0,0.0,0.0,1.0,1.0,1.0,0.0,0.51271886,0.5119026303291321,0.5147645771503448,0.0030545362,0.5127189,0.5119026899337769,0.5147646367549896,0.0030545432,1.0492367,1.028299629688263,1.0501461625099182,0.034255583,0.08340352,0.08909518830478191,0.09369205310940742,0.026628477,0.08952763,0.08909518830478191,0.09369205310940742,0.006687322,0.9166667,1.0,1.0,0.28867513,5.178654e-08,5.532058455770539e-08,5.8174847161751586e-08,1.6534035e-08,6.209155e-07,6.209155003489286e-07,6.209155003489286e-07,0.0,-27.697165,-28.0002384185791,-27.10762071609497,0.9109275,2.3083665,2.262304425239563,2.3103675842285156,0.07536378,0.7694556,0.7541014850139618,0.7701225578784943,0.025121259,0.15083332,0.12749999575316906,0.17249999940395355,0.040554862,0.0,0.0,0.0,0.0,0.16161333,0.15142351388931274,0.1656462512910366,0.017629275,10.380048,10.380047798156738,10.380047798156738,0.0,10.400048,10.40004825592041,10.40004825592041,0.0,1667200.0,1667200.0,1667200.0,0.0
521,0.0,0.0,0.0,0.0,1.0,1.0,1.0,0.0,0.5127189,0.5119026899337769,0.5147646367549896,0.0030545432,0.512719,0.5119027495384216,0.5147646963596344,0.0030545543,1.0302855,1.0082733482122421,1.0561433136463165,0.044098817,0.087585144,0.08787471428513527,0.09812283888459206,0.02832391,0.09369228,0.08787471428513527,0.09812283888459206,0.009097624,0.9166667,1.0,1.0,0.28867513,5.3306096e-08,5.3482333228771495e-08,5.971954841754723e-08,1.7238506e-08,6.0862027e-07,6.086202688493358e-07,6.086202688493358e-07,0.0,-27.448318,-28.09435224533081,-26.581894397735596,0.97043014,2.2666733,2.218245565891266,2.323561668395996,0.09701932,0.75555784,0.7394151985645294,0.7745205760002136,0.03233977,0.15933333,0.1340000070631504,0.19200000166893005,0.035196416,0.0,0.0,0.0,0.0,0.1546057,0.14463310688734055,0.1612408198416233,0.025218168,10.400048,10.40004825592041,10.40004825592041,0.0,10.420049,10.420048713684082,10.420048713684082,0.0,1670400.0,1670400.0,1670400.0,0.0
522,0.0,0.0,0.0,0.0,1.0,1.0,1.0,0.0,0.512719,0.5119027495384216,0.5147646963596344,0.0030545543,0.512719,0.5119028091430664,0.5147647559642792,0.0030545543,1.0270352,0.993287518620491,1.0540050864219666,0.036776524,0.09427741,0.08830697275698185,0.1015712320804596,0.008114482,0.09427741,0.08830697275698185,0.1015712320804596,0.008114482,1.0,1.0,1.0,0.0,5.6242936e-08,5.2681157214351515e-08,6.059419632720164e-08,4.8408437e-09,5.965685e-07,5.965684977127239e-07,5.965684977127239e-07,0.0,-27.174555,-27.925532817840576,-26.620126247406006,0.87143165,2.2595227,2.18527615070343,2.3188575506210327,0.08090999,0.75317425,0.7284253984689713,0.7729525566101074,0.02697,0.15200001,0.12400000542402267,0.18400001525878906,0.038442403,0.0,0.0,0.0,0.0,0.15711647,0.1494581326842308,0.16350997611880302,0.016976995,10.420049,10.420048713684082,10.420048713684082,0.0,10.440049,10.440049171447754,10.440049171447754,0.0,1673600.0,1673600.0,1673600.0,0.0
523,0.0,0.0,0.0,0.0,1.0,1.0,1.0,0.0,0.512719,0.5119028091430664,0.5147647559642792,0.0030545543,0.5127191,0.5119028687477112,0.514764815568924,0.0030545613,1.0400467,1.0146776139736176,1.061317890882492,0.039065186,0.085026,0.08684781938791275,0.09667848236858845,0.02766237,0.09152743,0.08684781938791275,0.09667848236858845,0.008145015,0.9166667,1.0,1.0,0.28867513,4.9719414e-08,5.07847319752841e-08,5.653326695664873e-08,1.617572e-08,5.847554e-07,5.847554120919085e-07,5.847554120919085e-07,0.0,-27.292496,-27.774317741394043,-26.653657913208008,0.77141744,2.2881482,2.232335329055786,2.334946036338806,0.08594508,0.7627161,0.7441117912530899,0.7783153653144836,0.028648362,0.13466667,0.11600000411272049,0.16200001165270805,0.037806526,0.0,0.0,0.0,0.0,0.16135998,0.15725377574563026,0.1712491549551487,0.01537538,10.440049,10.440049171447754,10.440049171447754,0.0,10.46005,10.460049629211426,10.460049629211426,0.0,1676800.0,1676800.0,1676800.0,0.0
524,0.0,0.0,0.0,0.0,1.0,1.0,1.0,0.0,0.5127191,0.5119028687477112,0.514764815568924,0.0030545613,0.5127191,0.511902928352356,0.5147648751735687,0.0030545613,1.0339085,1.0108718872070312,1.0548270642757416,0.030279705,0.092693835,0.0881650261580944,0.09752821736037731,0.006380012,0.092693835,0.0881650261580944,0.09752821736037731,0.006380012,1.0,1.0,1.0,0.0,5.31299e-08,5.0534092466136826e-08,5.590085194739913e-08,3.6568706e-09,5.731762e-07,5.731761802962865e-07,5.731761802962865e-07,0.0,-27.481157,-27.701294422149658,-27.23180103302002,0.38960743,2.274644,2.2239625453948975,2.3206658363342285,0.0666167,0.7582147,0.7413208782672882,0.7735552787780762,0.022205567,0.17266667,0.14800000935792923,0.18400001153349876,0.036174662,0.0,0.0,0.0,0.0,0.15741737,0.15204070135951042,0.16789566352963448,0.017095517,10.46005,10.460049629211426,10.460049629211426,0.0,10.48005,10.480050086975098,10.480050086975098,0.0,1680000.0,1680000.0,1680000.0,0.0
525,0.0,0.0,0.0,0.0,1.0,1.0,1.0,0.0,0.5127191,0.511902928352356,0.5147648751735687,0.0030545613,0.5127192,0.5119029879570007,0.5147649347782135,0.0030545613,1.0188823,1.001453921198845,1.0376862585544586,0.023254842,0.09587103,0.09168840385973454,0.09966819919645786,0.0051197475,0.09587103,0.09168840385973454,0.09966819919645786,0.0051197475,1.0,1.0,1.0,0.0,5.3862866e-08,5.151295834338043e-08,5.5996216552500755e-08,2.876409e-09,5.618263e-07,5.618263116957678e-07,5.618263116957678e-07,0.0,-26.950195,-27.285775184631348,-26.87128210067749,0.5631939,2.2415857,2.203242540359497,2.282955288887024,0.051161684,0.74719524,0.734414204955101,0.7609851211309433,0.017053891,0.15933333,0.14000000804662704,0.1860000118613243,0.033848148,0.0,0.0,0.0,0.0,0.14926039,0.1397165209054947,0.157756257802248,0.01615197,10.48005,10.480050086975098,10.480050086975098,0.0,10.500051,10.50005054473877,10.50005054473877,0.0,1683200.0,1683200.0,1683200.0,0.0
526,0.0,0.0,0.0,0.0,1.0,1.0,1.0,0.0,0.5127192,0.5119029879570007,0.5147649347782135,0.0030545613,0.5127192,0.5119030475616455,0.5147649943828583,0.0030545613,1.0387487,1.0263789594173431,1.0544063746929169,0.019033555,0.09154452,0.08822551555931568,0.09410984814167023,0.0039938083,0.09154452,0.08822551555931568,0.09410984814167023,0.0039938083,1.0,1.0,1.0,0.0,5.041367e-08,4.8585891754271415e-08,5.1826401836763125e-08,2.199395e-09,5.5070115e-07,5.507011451300059e-07,5.507011451300059e-07,0.0,-27.709684,-28.017011165618896,-27.302760124206543,0.52197427,2.2852929,2.2580787539482117,2.319740355014801,0.04187466,0.7617643,0.7526929378509521,0.7732467949390411,0.01395822,0.158,0.1420000083744526,0.17800001427531242,0.033270247,0.0,0.0,0.0,0.0,0.16150723,0.15133176371455193,0.1718771532177925,0.016642816,10.500051,10.50005054473877,10.50005054473877,0.0,10.520051,10.520051002502441,10.520051002502441,0.0,1686400.0,1686400.0,1686400.0,0.0
527,0.0,0.0,0.0,0.0,1.0,1.0,1.0,0.0,0.5127192,0.5119030475616455,0.5147649943828583,0.0030545613,0.51271933,0.5119031071662903,0.514765053987503,0.003054554,1.0380557,1.022808700799942,1.0625786781311035,0.043754194,0.085712366,0.08658135309815407,0.09492149017751217,0.028123386,0.09204027,0.08658135309815407,0.09492149017751217,0.00938401,0.9166667,1.0,1.0,0.28867513,4.6267214e-08,4.6736290393312174e-08,5.1238263409914e-08,1.5180898e-08,5.3979625e-07,5.397962468123296e-07,5.397962468123296e-07,0.0,-27.59501,-27.862632274627686,-26.92995023727417,0.92038876,2.283768,2.2502241730690002,2.337719678878784,0.09626116,0.76125604,0.7500747293233871,0.7792398929595947,0.032087054,0.17333335,0.15600001066923141,0.1900000125169754,0.03615455,0.0006666667,0.0,0.0,0.0023094013,0.1538028,0.1378021165728569,0.16516007110476494,0.02320221,10.520051,10.520051002502441,10.520051002502441,0.0,10.540051,10.540051460266113,10.540051460266113,0.0,1689600.0,1689600.0,1689600.0,0.0
528,0.0,0.0,0.0,0.0,1.0,1.0,1.0,0.0,0.51271933,0.5119031071662903,0.514765053987503,0.003054554,0.51271933,0.5119031667709351,0.5147651135921478,0.003054554,1.0417173,1.019695520401001,1.0731020867824554,0.03621077,0.09113312,0.08450803346931934,0.095613868907094,0.0076820045,0.09113312,0.08450803346931934,0.095613868907094,0.0076820045,1.0,1.0,1.0,0.0,4.8219203e-08,4.471382109016986e-08,5.059000240947853e-08,4.0646047e-09,5.2910735e-07,5.291073534863244e-07,5.291073534863244e-07,0.0,-27.580513,-28.029846668243408,-27.250260829925537,0.6632544,2.2918239,2.2433749437332153,2.3608717918395996,0.079665326,0.7639413,0.747791662812233,0.7869572937488556,0.026555112,0.15266667,0.12600000575184822,0.17600001394748688,0.03469696,0.0,0.0,0.0,0.0,0.16224627,0.15048614144325256,0.17268075793981552,0.025176687,10.540051,10.540051460266113,10.540051460266113,0.0,10.560052,10.560051918029785,10.560051918029785,0.0,1692800.0,1692800.0,1692800.0,0.0
529,0.0,0.0,0.0,0.0,1.0,1.0,1.0,0.0,0.51271933,0.5119031667709351,0.5147651135921478,0.003054554,0.5127194,0.5119032263755798,0.5147651731967926,0.0030545532,1.0296875,1.013271003961563,1.0441919565200806,0.03696635,0.08733346,0.09032612480223179,0.09699742123484612,0.028035365,0.09369588,0.09032612480223179,0.09699742123484612,0.0077080904,0.9166667,1.0,1.0,0.28867513,4.529376e-08,4.6845845425025345e-08,5.030577998610397e-08,1.4539984e-08,5.186301e-07,5.18630088208738e-07,5.18630088208738e-07,0.0,-27.177534,-27.584567546844482,-26.965086936950684,0.93104017,2.2653577,2.2292407751083374,2.2972681522369385,0.08132761,0.75511926,0.743080273270607,0.7657560706138611,0.027109204,0.16266668,0.1340000070631504,0.1860000118613243,0.02999798,0.0,0.0,0.0,0.0,0.14872089,0.13904637843370438,0.15840351581573486,0.018984003,10.560052,10.560051918029785,10.560051918029785,0.0,10.580052,10.580052375793457,10.580052375793457,0.0,1696000.0,1696000.0,1696000.0,0.0
530,0.0,0.0,0.0,0.0,1.0,1.0,1.0,0.0,0.5127194,0.5119032263755798,0.5147651731967926,0.0030545532,0.51271945,0.5119032859802246,0.5147652328014374,0.0030545532,1.0266817,1.0052542388439178,1.0416576564311981,0.033198602,0.094290495,0.0908598992973566,0.09881427511572838,0.0070866332,0.094290495,0.0908598992973566,0.09881427511572838,0.0070866332,1.0,1.0,1.0,0.0,4.7933543e-08,4.6189566837995244e-08,5.023325488906494e-08,3.6025631e-09,5.083603e-07,5.083603014099936e-07,5.083603014099936e-07,0.0,-27.23604,-27.697859287261963,-26.632065296173096,0.72566205,2.2587447,2.21160352230072,2.2916926741600037,0.07303839,0.7529149,0.7372012138366699,0.7638975977897644,0.024346137,0.13133334,0.11000000312924385,0.15400001034140587,0.03469696,0.0006666667,0.0,0.0,0.0023094013,0.15062948,0.1355460025370121,0.16047611832618713,0.01737381,10.580052,10.580052375793457,10.580052375793457,0.0,10.600053,10.600052833557129,10.600052833557129,0.0,1699200.0,1699200.0,1699200.0,0.0
531,0.0,0.0,0.0,0.0,1.0,1.0,1.0,0.0,0.51271945,0.5119032859802246,0.5147652328014374,0.0030545532,0.5127196,0.5119033455848694,0.5147652924060822,0.0030545532,1.0391215,1.0271872282028198,1.051228642463684,0.02139965,0.091487855,0.08887332864105701,0.0939405057579279,0.004532848,0.091487855,0.08887332864105701,0.0939405057579279,0.004532848,1.0,1.0,1.0,0.0,4.558784e-08,4.428503874720491e-08,4.6809980780437854e-08,2.2586908e-09,4.982939e-07,4.982939003639331e-07,4.982939003639331e-07,0.0,-27.466352,-27.57107973098755,-27.2717924118042,0.4943686,2.286113,2.2598571181297302,2.312749207019806,0.04708015,0.7620377,0.7532857060432434,0.7709164172410965,0.015693383,0.154,0.1420000083744526,0.1680000126361847,0.028155414,0.0,0.0,0.0,0.0,0.16366066,0.14844998344779015,0.17541568726301193,0.021234147,10.600053,10.600052833557129,10.600052833557129,0.0,10.620053,10.6200532913208,10.6200532913208,0.0,1702400.0,1702400.0,1702400.0,0.0
532,0.0,0.0,0.0,0.0,1.0,1.0,1.0,0.0,0.5127196,0.5119033455848694,0.5147652924060822,0.0030545532,0.5127196,0.5119034051895142,0.5147653520107269,0.0030545532,1.0234293,1.0059799551963806,1.0536454617977142,0.030335784,0.09496171,0.08838044665753841,0.09863563254475594,0.006703999,0.09496171,0.08838044665753841,0.09863563254475594,0.006703999,1.0,1.0,1.0,0.0,4.6381842e-08,4.316737811649318e-08,4.817628695974463e-08,3.2744132e-09,4.884268e-07,4.884267923443986e-07,4.884267923443986e-07,0.0,-27.290443,-27.64237642288208,-26.825029850006104,0.6802818,2.251589,2.213200032711029,2.318066418170929,0.06674008,0.75052977,0.7377333492040634,0.7726888209581375,0.022246694,0.15466668,0.12000000476837158,0.17600001394748688,0.036474984,0.0,0.0,0.0,0.0,0.15989964,0.15455413982272148,0.1685243509709835,0.013516713,10.620053,10.6200532913208,10.6200532913208,0.0,10.640054,10.640053749084473,10.640053749084473,0.0,1705600.0,1705600.0,1705600.0,0.0
533,0.0,0.0,0.0,0.0,1.0,1.0,1.0,0.0,0.5127196,0.5119034051895142,0.5147653520107269,0.0030545532,0.51271963,0.5119034647941589,0.5147654116153717,0.0030545532,1.0334736,1.0044606178998947,1.066520094871521,0.047624033,0.0931034,0.08579863607883453,0.09899309463799,0.010508268,0.0931034,0.08579863607883453,0.09899309463799,0.010508268,1.0,1.0,1.0,0.0,4.457372e-08,4.107653062135341e-08,4.73934447242641e-08,5.0308864e-09,4.7875506e-07,4.787550551554887e-07,4.787550551554887e-07,0.0,-27.363802,-28.193543434143066,-26.70004177093506,1.0263592,2.2736874,2.209857404232025,2.346390962600708,0.104774944,0.75789577,0.736619159579277,0.7821303606033325,0.034924977,0.15666667,0.10999999940395355,0.17999999225139618,0.050871197,0.0,0.0,0.0,0.0,0.15295635,0.13909394666552544,0.1696009561419487,0.018837688,10.640054,10.640053749084473,10.640053749084473,0.0,10.660054,10.660054206848145,10.660054206848145,0.0,1708800.0,1708800.0,1708800.0,0.0
534,0.0,0.0,0.0,0.0,1.0,1.0,1.0,0.0,0.51271963,0.5119034647941589,0.5147654116153717,0.0030545532,0.5127197,0.5119035243988037,0.5147654712200165,0.0030545532,1.0446323,1.0253344476222992,1.0633931457996368,0.026539398,0.09038678,0.08642115630209446,0.09433366917073727,0.005456876,0.09038678,0.08642115630209446,0.09433366917073727,0.005456876,1.0,1.0,1.0,0.0,4.2416243e-08,4.0555275582221384e-08,4.426841826443706e-08,2.560775e-09,4.6927485e-07,4.6927485186643025e-07,4.6927485186643025e-07,0.0,-27.469038,-27.850307941436768,-27.07102632522583,0.6160408,2.2982368,2.255780875682831,2.3395115733146667,0.058387827,0.76607895,0.7519269734621048,0.7798371911048889,0.019462602,0.15066667,0.1340000070631504,0.17600001394748688,0.03251107,0.0,0.0,0.0,0.0,0.1594048,0.15189901739358902,0.1621273085474968,0.014008734,10.660054,10.660054206848145,10.660054206848145,0.0,10.680055,10.680054664611816,10.680054664611816,0.0,1712000.0,1712000.0,1712000.0,0.0
535,0.0,0.0,0.0,0.0,1.0,1.0,1.0,0.0,0.5127197,0.5119035243988037,0.5147654712200165,0.0030545532,0.51271975,0.5119035840034485,0.5147655308246613,0.0030545644,1.044778,1.0124041736125946,1.06667098402977,0.039275832,0.08435429,0.08576923422515392,0.09718705154955387,0.027244555,0.090535074,0.08576923422515392,0.09718705154955387,0.007946315,0.9166667,1.0,1.0,0.28867513,3.880149e-08,3.945233917335145e-08,4.47043326801122e-08,1.2532016e-08,4.599824e-07,4.599824023898691e-07,4.599824023898691e-07,0.0,-27.657042,-28.118224143981934,-27.090676307678223,0.7448299,2.2985575,2.2273336052894592,2.3467231392860413,0.08640859,0.7661858,0.7424445599317551,0.7822410613298416,0.028802857,0.15200001,0.13200000673532486,0.17600001394748688,0.037832167,0.0,0.0,0.0,0.0,0.14898369,0.14270278066396713,0.16011586785316467,0.01605828,10.680055,10.680054664611816,10.680054664611816,0.0,10.700055,10.700055122375488,10.700055122375488,0.0,1715200.0,1715200.0,1715200.0,0.0
536,0.0,0.0,0.0,0.0,1.0,1.0,1.0,0.0,0.51271975,0.5119035840034485,0.5147655308246613,0.0030545644,0.5127198,0.5119036436080933,0.514765590429306,0.0030545644,1.0224789,1.0005554854869843,1.037701427936554,0.030861763,0.09517331,0.09168560057878494,0.09987600147724152,0.0066545857,0.09517331,0.09168560057878494,0.09987600147724152,0.0066545857,1.0,1.0,1.0,0.0,4.2911164e-08,4.1338644507504796e-08,4.503148165468929e-08,3.0003793e-09,4.508739e-07,4.508738982167415e-07,4.508738982167415e-07,0.0,-26.770742,-27.272246837615967,-26.458123207092285,0.61395746,2.2494986,2.20126610994339,2.2829887866973877,0.06789723,0.74983287,0.7337553799152374,0.7609962821006775,0.022632414,0.15,0.12800000607967377,0.17600001394748688,0.026886972,0.0,0.0,0.0,0.0,0.16093156,0.1435217335820198,0.17311323061585426,0.020459136,10.700055,10.700055122375488,10.700055122375488,0.0,10.720056,10.72005558013916,10.72005558013916,0.0,1718400.0,1718400.0,1718400.0,0.0
537,0.0,0.0,0.0,0.0,1.0,1.0,1.0,0.0,0.5127198,0.5119036436080933,0.514765590429306,0.0030545644,0.51271987,0.511903703212738,0.5147656053304672,0.003054561,1.0307866,0.9900767058134079,1.0656386017799377,0.046036623,0.087073386,0.08599307015538216,0.1023115161806345,0.028742054,0.09363377,0.08599307015538216,0.1023115161806345,0.009810142,0.9166667,1.0,1.0,0.28867513,3.848172e-08,3.8004277946868115e-08,4.521614638264282e-08,1.2702431e-08,4.4194584e-07,4.4194581505507813e-07,4.4194581505507813e-07,0.0,-27.4229,-27.94370746612549,-26.7772159576416,0.9186944,2.2677758,2.1782122254371643,2.3444517254829407,0.10128259,0.75592536,0.7260707467794418,0.7814839482307434,0.033760868,0.16266666,0.12000000476837158,0.20400000363588333,0.052882947,0.0,0.0,0.0,0.0,0.15478362,0.1415034905076027,0.1659310944378376,0.02182443,10.720056,10.72005558013916,10.72005558013916,0.0,10.740056,10.740056037902832,10.740056037902832,0.0,1721600.0,1721600.0,1721600.0,0.0
538,0.0,0.0,0.0,0.0,1.0,1.0,1.0,0.0,0.51271987,0.511903703212738,0.5147656053304672,0.003054561,0.5127199,0.5119037181138992,0.514765664935112,0.0030545695,1.0425812,1.0020577907562256,1.0880615413188934,0.053815164,0.07853689,0.08165244571864605,0.09953308291733265,0.037726164,0.09129598,0.08165244571864605,0.09953308291733265,0.011183935,0.8333333,1.0,1.0,0.38924947,3.402175e-08,3.5371390261218494e-08,4.311718271310383e-08,1.6342767e-08,4.331945e-07,4.3319448650436243e-07,4.3319448650436243e-07,0.0,-27.446838,-28.310607433319092,-26.89435911178589,1.0171939,2.2937245,2.2045711278915405,2.393783211708069,0.11839574,0.7645748,0.7348570674657822,0.797927737236023,0.039465237,0.158,0.1420000083744526,0.17000001296401024,0.036121007,0.0006666667,0.0,0.0,0.0023094013,0.15963742,0.15541523694992065,0.16843988373875618,0.011588315,10.740056,10.740056037902832,10.740056037902832,0.0,10.7600565,10.760056495666504,10.760056495666504,0.0,1724800.0,1724800.0,1724800.0,0.0
539,0.0,0.0,0.0,0.0,1.0,1.0,1.0,0.0,0.5127199,0.5119037181138992,0.514765664935112,0.0030545695,0.51272,0.511903777718544,0.5147657245397568,0.0030545695,1.0399817,1.028424322605133,1.0530018508434296,0.036015887,0.091495804,0.08851933665573597,0.09366682730615139,0.007714131,0.091495804,0.08851933665573597,0.09366682730615139,0.007714131,1.0,1.0,1.0,0.0,3.8850622e-08,3.758676569987074e-08,3.977247509112658e-08,3.2755467e-09,4.2461645e-07,4.246164451160439e-07,4.246164451160439e-07,0.0,-27.426422,-27.766688346862793,-27.038910388946533,0.6340095,2.2880056,2.2625786662101746,2.3166502714157104,0.07923655,0.76266855,0.754192903637886,0.7722167819738388,0.026412195,0.14933334,0.12800000607967377,0.17000001296401024,0.040839672,0.0,0.0,0.0,0.0,0.15867312,0.15078311786055565,0.1611797772347927,0.01569388,10.7600565,10.760056495666504,10.760056495666504,0.0,10.780057,10.780056953430176,10.780056953430176,0.0,1728000.0,1728000.0,1728000.0,0.0
540,0.0,0.0,0.0,0.0,1.0,1.0,1.0,0.0,0.51272,0.511903777718544,0.5147657245397568,0.0030545695,0.51272005,0.5119038373231888,0.5147657841444016,0.0030545695,1.0292,1.0086433738470078,1.0571377575397491,0.033445075,0.0937529,0.08768039382994175,0.09803597070276737,0.0072611794,0.0937529,0.08768039382994175,0.09803597070276737,0.0072611794,1.0,1.0,1.0,0.0,3.9020737e-08,3.649330793109584e-08,4.0803386447407775e-08,3.0221636e-09,4.162083e-07,4.1620830870670034e-07,4.1620830870670034e-07,0.0,-27.359327,-27.785334587097168,-27.010737895965576,0.750647,2.264285,2.2190598249435425,2.3257495164871216,0.07358063,0.7547617,0.7396866381168365,0.7752498686313629,0.02452688,0.15133335,0.12800000607967377,0.1680000126361847,0.024706766,0.0006666667,0.0,0.0,0.0023094013,0.1585263,0.1487799771130085,0.16512677818536758,0.01773829,10.780057,10.780056953430176,10.780056953430176,0.0,10.800057,10.800057411193848,10.800057411193848,0.0,1731200.0,1731200.0,1731200.0,0.0
541,0.0,0.0,0.0,0.0,1.0,1.0,1.0,0.0,0.51272005,0.5119038373231888,0.5147657841444016,0.0030545695,0.5127201,0.5119038969278336,0.5147658437490463,0.0030545695,1.0342854,1.016843855381012,1.0648336112499237,0.040778942,0.09278978,0.08613237738609314,0.09621209464967251,0.008946879,0.09278978,0.08613237738609314,0.09621209464967251,0.008946879,1.0,1.0,1.0,0.0,3.7855134e-08,3.513913693353743e-08,3.9251323968869656e-08,3.650028e-09,4.0796667e-07,4.0796663824949064e-07,4.0796663824949064e-07,0.0,-27.435556,-28.184383869171143,-27.026651859283447,1.126994,2.2754734,2.237101137638092,2.3426806330680847,0.08971542,0.7584911,0.745700404047966,0.7808935791254044,0.029905137,0.156,0.1340000070631504,0.18400001525878906,0.031542182,0.0013333334,0.0,0.0,0.003113996,0.1617945,0.150694340467453,0.1679149903357029,0.021755774,10.800057,10.800057411193848,10.800057411193848,0.0,10.820058,10.82005786895752,10.82005786895752,0.0,1734400.0,1734400.0,1734400.0,0.0
542,0.0,0.0,0.0,0.0,1.0,1.0,1.0,0.0,0.5127201,0.5119038969278336,0.5147658437490463,0.0030545695,0.51272017,0.5119039565324783,0.5147658884525299,0.0030545646,1.055407,1.0383881330490112,1.0717057287693024,0.02913363,0.08177738,0.084784597158432,0.09154465422034264,0.026170418,0.08820208,0.084784597158432,0.09154465422034264,0.0058219745,0.9166667,1.0,1.0,0.28867513,3.2701806e-08,3.390435576733353e-08,3.6607620934603347e-08,1.0465239e-08,3.9988814e-07,3.998881368261209e-07,3.998881368261209e-07,0.0,-27.577028,-27.919886112213135,-27.147599697113037,0.6837522,2.3219419,2.2844995260238647,2.357799708843231,0.06409528,0.7739806,0.7614998668432236,0.7859332710504532,0.021365087,0.14533333,0.11800000444054604,0.17800001427531242,0.034592,0.0,0.0,0.0,0.0,0.1633358,0.15080414339900017,0.17543776705861092,0.019670157,10.820058,10.82005786895752,10.82005786895752,0.0,10.840058,10.840058326721191,10.840058326721191,0.0,1737600.0,1737600.0,1737600.0,0.0
543,0.0,0.0,0.0,0.0,1.0,1.0,1.0,0.0,0.51272017,0.5119039565324783,0.5147658884525299,0.0030545646,0.5127202,0.5119040161371231,0.5147659480571747,0.0030545646,1.0414308,1.0108724683523178,1.0727095305919647,0.03884196,0.09123742,0.08458798192441463,0.0975413266569376,0.008249582,0.09123742,0.08458798192441463,0.0975413266569376,0.008249582,1.0,1.0,1.0,0.0,3.5762298e-08,3.315592067565376e-08,3.823324057350419e-08,3.2335856e-09,3.9196962e-07,3.9196964962684433e-07,3.9196964962684433e-07,0.0,-27.333826,-27.997357845306396,-26.681415557861328,0.9260056,2.2911935,2.2239637970924377,2.360008120536804,0.08545401,0.7637312,0.7413212954998016,0.7866693884134293,0.028484676,0.15066667,0.13600000739097595,0.1680000126361847,0.02616498,0.0,0.0,0.0,0.0,0.15667456,0.14316891878843307,0.16305231302976608,0.021530058,10.840058,10.840058326721191,10.840058326721191,0.0,10.860059,10.860058784484863,10.860058784484863,0.0,1740800.0,1740800.0,1740800.0,0.0
544,0.0,0.0,0.0,0.0,1.0,1.0,1.0,0.0,0.5127202,0.5119040161371231,0.5147659480571747,0.0030545646,0.5127203,0.5119040757417679,0.5147660076618195,0.0030545574,1.0327845,1.0049806982278824,1.0510302484035492,0.04484028,0.08668081,0.08905594795942307,0.09886840172111988,0.028451229,0.093174376,0.08905594795942307,0.09886840172111988,0.0093485005,0.9166667,1.0,1.0,0.28867513,3.330346e-08,3.4216006916665265e-08,3.7986030321235376e-08,1.0931189e-08,3.84208e-07,3.8420799342020473e-07,3.8420799342020473e-07,0.0,-27.272743,-27.542512893676758,-26.64333152770996,0.7506578,2.2721713,2.2110016345977783,2.3123127222061157,0.098650604,0.75739044,0.737000584602356,0.770770937204361,0.032883536,0.14800002,0.12600000575184822,0.16200001165270805,0.031171083,0.0,0.0,0.0,0.0,0.16142192,0.1457931324839592,0.17841123417019844,0.024659727,10.860059,10.860058784484863,10.860058784484863,0.0,10.880059,10.880059242248535,10.880059242248535,0.0,1744000.0,1744000.0,1744000.0,0.0
545,0.0,0.0,0.0,0.0,1.0,1.0,1.0,0.0,0.5127203,0.5119040757417679,0.5147660076618195,0.0030545574,0.51272035,0.5119041353464127,0.5147660672664642,0.0030545574,1.049007,1.0361545979976654,1.0622919201850891,0.025858788,0.08947455,0.08664754405617714,0.09201784804463387,0.00534041,0.08947455,0.08664754405617714,0.09201784804463387,0.00534041,1.0,1.0,1.0,0.0,3.369611e-08,3.2631460200605034e-08,3.4653917069249474e-08,2.0111983e-09,3.7659996e-07,3.7659995655303646e-07,3.7659995655303646e-07,0.0,-27.55409,-27.77130937576294,-27.233487606048584,0.42764136,2.3078616,2.279585540294647,2.3370887637138367,0.056890473,0.76928717,0.7598618716001511,0.7790296226739883,0.018963493,0.14133334,0.11800000444054604,0.15400001034140587,0.035993267,0.0,0.0,0.0,0.0,0.15693717,0.14156176522374153,0.16906271502375603,0.019941967,10.880059,10.880059242248535,10.880059242248535,0.0,10.90006,10.900059700012207,10.900059700012207,0.0,1747200.0,1747200.0,1747200.0,0.0
546,0.0,0.0,0.0,0.0,1.0,1.0,1.0,0.0,0.51272035,0.5119041353464127,0.5147660672664642,0.0030545574,0.5127204,0.5119041949510574,0.514766126871109,0.0030545574,1.0408659,1.0189097821712494,1.0743950307369232,0.03557187,0.09130293,0.08425755612552166,0.09575487300753593,0.0076092985,0.09130293,0.08425755612552166,0.09575487300753593,0.0076092985,1.0,1.0,1.0,0.0,3.3703802e-08,3.110305524245405e-08,3.53472069392069e-08,2.8089169e-09,3.6914264e-07,3.6914264001097763e-07,3.6914264001097763e-07,0.0,-27.176071,-27.393775939941406,-26.84895086288452,0.7851218,2.2899506,2.2416463494300842,2.363716185092926,0.078259654,0.7633169,0.7472154498100281,0.7879054099321365,0.026086556,0.12833333,0.10999999940395355,0.13499999418854713,0.03186144,0.0,0.0,0.0,0.0,0.14783433,0.13460025563836098,0.16044484451413155,0.021475002,10.90006,10.900059700012207,10.900059700012207,0.0,10.92006,10.920060157775879,10.920060157775879,0.0,1750400.0,1750400.0,1750400.0,0.0
547,0.0,0.0,0.0,0.0,1.0,1.0,1.0,0.0,0.5127204,0.5119041949510574,0.514766126871109,0.0030545574,0.51272047,0.5119042545557022,0.5147661864757538,0.0030545574,1.0233877,1.005611851811409,1.0438904166221619,0.042005796,0.095169686,0.0903935581445694,0.09873591177165508,0.009393961,0.095169686,0.0903935581445694,0.09873591177165508,0.009393961,1.0,1.0,1.0,0.0,3.443553e-08,3.2707371033779964e-08,3.572590845379864e-08,3.3990453e-09,3.61833e-07,3.6183297424940974e-07,3.6183297424940974e-07,0.0,-27.293207,-27.564478397369385,-26.951119422912598,0.7716005,2.251498,2.2123903036117554,2.2966047525405884,0.0924146,0.7504993,0.7374634742736816,0.7655349522829056,0.030804873,0.16266668,0.12800000607967377,0.1940000019967556,0.04098189,0.0006666667,0.0,0.0,0.0023094013,0.15294544,0.14443368837237358,0.15836366266012192,0.015900059,10.92006,10.920060157775879,10.920060157775879,0.0,10.940061,10.94006061553955,10.94006061553955,0.0,1753600.0,1753600.0,1753600.0,0.0
548,0.0,0.0,0.0,0.0,1.0,1.0,1.0,0.0,0.51272047,0.5119042545557022,0.5147661864757538,0.0030545574,0.5127205,0.511904314160347,0.5147662460803986,0.0030545574,1.0329155,1.015529751777649,1.0566563606262207,0.032201543,0.09293834,0.08777032606303692,0.09648888930678368,0.0070467363,0.09293834,0.08777032606303692,0.09648888930678368,0.0070467363,1.0,1.0,1.0,0.0,3.296226e-08,3.112932578375194e-08,3.42215225046516e-08,2.4992517e-09,3.54668e-07,3.5466800341055205e-07,3.5466800341055205e-07,0.0,-27.237848,-27.682320594787598,-26.90069818496704,0.5871225,2.2724595,2.234209954738617,2.324690341949463,0.07084482,0.7574865,0.7447366565465927,0.7748968154191971,0.023614945,0.16200002,0.12800000607967377,0.1860000118613243,0.04396693,0.0006666667,0.0,0.0,0.0023094013,0.15440755,0.1355346366763115,0.17108911648392677,0.019976206,10.940061,10.94006061553955,10.94006061553955,0.0,10.960061,10.960061073303223,10.960061073303223,0.0,1756800.0,1756800.0,1756800.0,0.0
549,0.0,0.0,0.0,0.0,1.0,1.0,1.0,0.0,0.5127205,0.511904314160347,0.5147662460803986,0.0030545574,0.5127206,0.5119043737649918,0.5147663056850433,0.0030545574,1.0312053,1.0176699459552765,1.0469307899475098,0.022486323,0.09318165,0.0897580198943615,0.09601324237883091,0.0048545045,0.09318165,0.0897580198943615,0.09601324237883091,0.0048545045,1.0,1.0,1.0,0.0,3.239413e-08,3.120392122468729e-08,3.3378517727555845e-08,1.687644e-09,3.4764494e-07,3.4764494216688036e-07,3.4764494216688036e-07,0.0,-27.164291,-27.45325469970703,-26.814024925231934,0.5015535,2.268697,2.238918662071228,2.3032937049865723,0.0494709,0.7562323,0.7463062405586243,0.7677645981311798,0.016490307,0.14533333,0.11000000312924385,0.17600001394748688,0.035258356,0.0006666667,0.0,0.0,0.0023094013,0.16032673,0.1485901139676571,0.16939199715852737,0.020410778,10.960061,10.960061073303223,10.960061073303223,0.0,10.980062,10.980061531066895,10.980061531066895,0.0,1760000.0,1760000.0,1760000.0,0.0
550,0.0,0.0,0.0,0.0,1.0,1.0,1.0,0.0,0.5127206,0.5119043737649918,0.5147663056850433,0.0030545574,0.51272064,0.5119044184684753,0.5147663503885269,0.0030545536,1.0453427,1.0185673236846924,1.0653253197669983,0.0403451,0.08413068,0.08604216016829014,0.09581500478088856,0.027373217,0.090439826,0.08604216016829014,0.09581500478088856,0.00829842,0.9166667,1.0,1.0,0.28867513,2.8668453e-08,2.9319808803052183e-08,3.265001247143573e-08,9.3277235e-09,3.4076095e-07,3.4076094834745163e-07,3.4076094834745163e-07,0.0,-27.79264,-28.526052474975586,-26.738321781158447,1.0241991,2.2998,2.2408928871154785,2.343762516975403,0.088761,0.76659995,0.746964305639267,0.7812541872262955,0.029586999,0.16133334,0.1420000083744526,0.17600001394748688,0.0300948,0.0,0.0,0.0,0.0,0.15996139,0.14582112431526184,0.1693650223314762,0.025707934,10.980062,10.980061531066895,10.980061531066895,0.0,11.000062,11.000061988830566,11.000061988830566,0.0,1763200.0,1763200.0,1763200.0,0.0
551,0.0,0.0,0.0,0.0,1.0,1.0,1.0,0.0,0.51272064,0.5119044184684753,0.5147663503885269,0.0030545536,0.51272064,0.5119044631719589,0.5147664099931717,0.003054557,1.0339317,1.0111971199512482,1.050279289484024,0.0389143,0.09282305,0.08910754323005676,0.09746055118739605,0.008241253,0.09282305,0.08910754323005676,0.09746055118739605,0.008241253,1.0,1.0,1.0,0.0,3.100413e-08,2.9763104425484244e-08,3.2553118423095384e-08,2.7526879e-09,3.340133e-07,3.3401329346816055e-07,3.3401329346816055e-07,0.0,-27.544783,-28.378422260284424,-26.94986391067505,0.825835,2.2746952,2.2246780395507812,2.3106606006622314,0.08561316,0.7582318,0.7415593564510345,0.7702202200889587,0.028537719,0.15133335,0.12800000607967377,0.17200001329183578,0.04414302,0.0,0.0,0.0,0.0,0.16040038,0.1477140076458454,0.1743483692407608,0.02127179,11.000062,11.000061988830566,11.000061988830566,0.0,11.020062,11.020062446594238,11.020062446594238,0.0,1766400.0,1766400.0,1766400.0,0.0
552,0.0,0.0,0.0,0.0,1.0,1.0,1.0,0.0,0.51272064,0.5119044631719589,0.5147664099931717,0.003054557,0.51272064,0.5119044631719589,0.5147664695978165,0.0030545562,1.043085,1.0076017081737518,1.074933260679245,0.039398875,0.09089991,0.08415774628520012,0.09826493076980114,0.008327683,0.09089991,0.08415774628520012,0.09826493076980114,0.008327683,1.0,1.0,1.0,0.0,2.9760562e-08,2.7553183290507377e-08,3.2171864283725427e-08,2.726477e-09,3.2739925e-07,3.273992490449018e-07,3.273992490449018e-07,0.0,-27.667274,-28.19340467453003,-26.984924793243408,0.8294328,2.2948327,2.216767966747284,2.3649003505706787,0.08667926,0.76494426,0.7389226853847504,0.7883001267910004,0.02889308,0.15866669,0.13600000739097595,0.17600001394748688,0.029705629,0.0,0.0,0.0,0.0,0.1633753,0.15386532619595528,0.17507381737232208,0.017275782,11.020062,11.020062446594238,11.020062446594238,0.0,11.040063,11.04006290435791,11.04006290435791,0.0,1769600.0,1769600.0,1769600.0,0.0
553,0.0,0.0,0.0,0.0,1.0,1.0,1.0,0.0,0.51272064,0.5119044631719589,0.5147664695978165,0.0030545562,0.5127207,0.5119044780731201,0.5147665292024612,0.0030545695,1.0253421,0.9996678680181503,1.0589622855186462,0.03729783,0.09465296,0.08730498887598515,0.10007747448980808,0.008200114,0.09465296,0.08730498887598515,0.10007747448980808,0.008200114,1.0,1.0,1.0,0.0,3.0375663e-08,2.8017579811745463e-08,3.211647658929451e-08,2.6315488e-09,3.2091614e-07,3.2091614343698893e-07,3.2091614343698893e-07,0.0,-27.09072,-27.51443576812744,-26.748985290527344,0.8390615,2.2557976,2.1993132829666138,2.3297635316848755,0.08205687,0.75193256,0.7331044524908066,0.7765878587961197,0.027352287,0.14133334,0.11600000411272049,0.1680000126361847,0.032955438,0.0,0.0,0.0,0.0,0.15212415,0.14279042929410934,0.16378069296479225,0.015614661,11.040063,11.04006290435791,11.04006290435791,0.0,11.060063,11.060063362121582,11.060063362121582,0.0,1772800.0,1772800.0,1772800.0,0.0
554,0.0,0.0,0.0,0.0,1.0,1.0,1.0,0.0,0.5127207,0.5119044780731201,0.5147665292024612,0.0030545695,0.51272076,0.5119044780731201,0.5147665292024612,0.0030545762,1.058103,1.0302846133708954,1.085717648267746,0.04056628,0.08161583,0.08209414221346378,0.09326710365712643,0.026673561,0.08782965,0.08209414221346378,0.09326710365712643,0.008265414,0.9166667,1.0,1.0,0.28867513,2.5673193e-08,2.5823654326018186e-08,2.933823806117175e-08,8.390475e-09,3.1456148e-07,3.1456147553399205e-07,3.1456147553399205e-07,0.0,-28.047972,-28.79999542236328,-27.527211666107178,0.7918299,2.327873,2.2666714191436768,2.3886265754699707,0.089247644,0.77595764,0.7555571496486664,0.7962088733911514,0.029749203,0.134,0.11800000444054604,0.15200001001358032,0.022659538,0.0,0.0,0.0,0.0,0.1746844,0.1592005379498005,0.19185390695929527,0.02041482,11.060063,11.060063362121582,11.060063362121582,0.0,11.080064,11.080063819885254,11.080063819885254,0.0,1776000.0,1776000.0,1776000.0,0.0
555,0.0,0.0,0.0,0.0,1.0,1.0,1.0,0.0,0.51272076,0.5119044780731201,0.5147665292024612,0.0030545762,0.51272076,0.5119044780731201,0.5147665292024612,0.0030545837,1.0328974,1.014751523733139,1.0533393919467926,0.02252604,0.09281904,0.08844475448131561,0.09666037559509277,0.0047997986,0.09281904,0.08844475448131561,0.09666037559509277,0.0047997986,1.0,1.0,1.0,0.0,2.8619139e-08,2.7270401048440363e-08,2.980354540937924e-08,1.479935e-09,3.083326e-07,3.0833260211693414e-07,3.0833260211693414e-07,0.0,-27.26169,-27.628256797790527,-26.945114612579346,0.5878565,2.2724195,2.2324979305267334,2.317392885684967,0.049558286,0.7574732,0.7441660165786743,0.7724643051624298,0.01651943,0.15733334,0.1380000077188015,0.18400001525878906,0.03757498,0.0,0.0,0.0,0.0,0.15254234,0.13633932173252106,0.16602129489183426,0.022083497,11.080064,11.080063819885254,11.080063819885254,0.0,11.100064,11.100064277648926,11.100064277648926,0.0,1779200.0,1779200.0,1779200.0,0.0
556,0.0,0.0,0.0,0.0,1.0,1.0,1.0,0.0,0.51272076,0.5119044780731201,0.5147665292024612,0.0030545837,0.51272076,0.5119044929742813,0.5147665441036224,0.0030545932,1.01993,0.9969905018806458,1.0452652275562286,0.02987519,0.09572219,0.0901035275310278,0.10069657675921917,0.006594839,0.09572219,0.0901035275310278,0.10069657675921917,0.006594839,1.0,1.0,1.0,0.0,2.8929835e-08,2.723172354279768e-08,3.043322926998826e-08,1.9931392e-09,3.0222705e-07,3.0222705049709475e-07,3.0222705049709475e-07,0.0,-27.263702,-27.66748857498169,-26.867512702941895,0.49087682,2.243891,2.193422853946686,2.299629330635071,0.06572672,0.74796367,0.7311409711837769,0.7665431350469589,0.021908905,0.16866668,0.15600001066923141,0.19200000166893005,0.029632088,0.0,0.0,0.0,0.0,0.1610481,0.1520259976387024,0.16910000517964363,0.014708217,11.100064,11.100064277648926,11.100064277648926,0.0,11.120065,11.120064735412598,11.120064735412598,0.0,1782400.0,1782400.0,1782400.0,0.0
557,0.0,0.0,0.0,0.0,1.0,1.0,1.0,0.0,0.51272076,0.5119044929742813,0.5147665441036224,0.0030545932,0.51272076,0.5119045376777649,0.5147665441036224,0.003054588,1.0250782,0.9992221891880035,1.0476294457912445,0.034471165,0.094661884,0.08962244540452957,0.1001995149999857,0.0075100297,0.094661884,0.08962244540452957,0.1001995149999857,0.0075100297,1.0,1.0,1.0,0.0,2.8042864e-08,2.654996800188769e-08,2.9683344671127543e-08,2.2247895e-09,2.962424e-07,2.962424048291723e-07,2.962424048291723e-07,0.0,-27.256844,-27.467778205871582,-27.02143430709839,0.68431824,2.2552168,2.1983327865600586,2.3048307299613953,0.07583807,0.751739,0.7327776104211807,0.7682769298553467,0.02527935,0.16466667,0.15200001001358032,0.17800001427531242,0.022487706,0.0,0.0,0.0,0.0,0.15947382,0.14056307822465897,0.17565994709730148,0.022368368,11.120065,11.120064735412598,11.120064735412598,0.0,11.140065,11.14006519317627,11.14006519317627,0.0,1785600.0,1785600.0,1785600.0,0.0
558,0.0,0.0,0.0,0.0,1.0,1.0,1.0,0.0,0.51272076,0.5119045376777649,0.5147665441036224,0.003054588,0.51272076,0.5119045525789261,0.5147665441036224,0.0030545865,1.0326712,1.005634918808937,1.0534192025661469,0.034017704,0.08639624,0.08842702023684978,0.09871490485966206,0.027799396,0.09301079,0.08842702023684978,0.09871490485966206,0.0071403785,0.9166667,1.0,1.0,0.28867513,2.5087418e-08,2.5677108883570554e-08,2.8664466356076446e-08,8.072285e-09,2.9037628e-07,2.9037627768957464e-07,2.9037627768957464e-07,0.0,-27.39416,-27.562682628631592,-27.03447198867798,0.60356754,2.2719219,2.2124410271644592,2.3175684809684753,0.074840456,0.75730735,0.7374803572893143,0.7725228369235992,0.024946816,0.15733334,0.14000000804662704,0.17400000989437103,0.032241512,0.0,0.0,0.0,0.0,0.15910943,0.14379048720002174,0.16129814088344574,0.0288714,11.140065,11.14006519317627,11.14006519317627,0.0,11.160066,11.160065650939941,11.160065650939941,0.0,1788800.0,1788800.0,1788800.0,0.0
559,0.0,0.0,0.0,0.0,1.0,1.0,1.0,0.0,0.51272076,0.5119045525789261,0.5147665441036224,0.0030545865,0.51272076,0.5119045525789261,0.5147665441036224,0.0030545865,1.0339903,1.0038679242134094,1.0560269355773926,0.029437944,0.092666425,0.08789744786918163,0.0991133563220501,0.0062619303,0.092666425,0.08789744786918163,0.0991133563220501,0.0062619303,1.0,1.0,1.0,0.0,2.6375304e-08,2.5017926397197243e-08,2.8210269231720986e-08,1.78231e-09,2.846263e-07,2.8462631007641903e-07,2.8462631007641903e-07,0.0,-27.42685,-27.815208435058594,-26.8760986328125,0.81273186,2.274824,2.2085534930229187,2.3233055472373962,0.06476475,0.7582746,0.7361845076084137,0.7744351923465729,0.021588247,0.15083332,0.12999999523162842,0.17249999940395355,0.031466674,0.0,0.0,0.0,0.0,0.15939991,0.13914396986365318,0.1797729730606079,0.02647394,11.160066,11.160065650939941,11.160065650939941,0.0,11.180066,11.180066108703613,11.180066108703613,0.0,1792000.0,1792000.0,1792000.0,0.0
560,0.0,0.0,0.0,0.0,1.0,1.0,1.0,0.0,0.51272076,0.5119045525789261,0.5147665441036224,0.0030545865,0.51272076,0.5119045525789261,0.5147665441036224,0.0030545865,1.039802,1.0264225900173187,1.0481264293193817,0.025070025,0.09138226,0.08951779082417488,0.09409883059561253,0.005286114,0.09138226,0.08951779082417488,0.09409883059561253,0.005286114,1.0,1.0,1.0,0.0,2.5494755e-08,2.4974586398940346e-08,2.6252651608160704e-08,1.474774e-09,2.789902e-07,2.789901998312416e-07,2.789901998312416e-07,0.0,-27.665169,-28.008216381072998,-27.356740951538086,0.5437359,2.28761,2.258174777030945,2.3059242367744446,0.05515518,0.7625367,0.7527249604463577,0.7686414420604706,0.018385066,0.14933334,0.12800000607967377,0.16200001165270805,0.028608117,0.0006666667,0.0,0.0,0.0023094013,0.16071583,0.14372285455465317,0.17421982809901237,0.024763105,11.180066,11.180066108703613,11.180066108703613,0.0,11.200067,11.200066566467285,11.200066566467285,0.0,1795200.0,1795200.0,1795200.0,0.0
561,0.0,0.0,0.0,0.0,1.0,1.0,1.0,0.0,0.51272076,0.5119045525789261,0.5147665441036224,0.0030545865,0.51272076,0.5119045525789261,0.5147665441036224,0.0030545865,1.0374929,1.0253877937793732,1.0489758253097534,0.016063178,0.091786586,0.08933554962277412,0.09432202018797398,0.0033914808,0.091786586,0.08933554962277412,0.09432202018797398,0.0033914808,1.0,1.0,1.0,0.0,2.5100482e-08,2.4430208078740634e-08,2.5793836844201223e-08,9.274536e-10,2.734657e-07,2.734657016389974e-07,2.734657016389974e-07,0.0,-27.485434,-27.80238962173462,-27.169146060943604,0.4255748,2.28253,2.2558982372283936,2.307792901992798,0.035339694,0.76084334,0.7519660890102386,0.7692643404006958,0.011779892,0.14933334,0.12000000476837158,0.17000001296401024,0.026275929,0.0,0.0,0.0,0.0,0.15797563,0.1459120325744152,0.16475773230195045,0.016741127,11.200067,11.200066566467285,11.200066566467285,0.0,11.220067,11.220067024230957,11.220067024230957,0.0,1798400.0,1798400.0,1798400.0,0.0
562,0.0,0.0,0.0,0.0,1.0,1.0,1.0,0.0,0.51272076,0.5119045525789261,0.5147665441036224,0.0030545865,0.51272076,0.5119045525789261,0.5147665441036224,0.0030545865,1.0406941,1.0214000940322876,1.0723389387130737,0.03758422,0.091371715,0.08465847745537758,0.09524987451732159,0.008031072,0.091371715,0.08465847745537758,0.09524987451732159,0.008031072,1.0,1.0,1.0,0.0,2.4492243e-08,2.269275523048009e-08,2.553178557462843e-08,2.1527335e-09,2.680506e-07,2.6805059860635083e-07,2.6805059860635083e-07,0.0,-27.510473,-28.058270931243896,-27.136539936065674,0.84375775,2.289573,2.2471251487731934,2.359192728996277,0.08268694,0.763191,0.7490417510271072,0.7863975912332535,0.027562318,0.13266668,0.11000000312924385,0.15600001066923141,0.03134945,0.0006666667,0.0,0.0,0.0023094013,0.16256328,0.1560019887983799,0.16644959896802902,0.01589823,11.220067,11.220067024230957,11.220067024230957,0.0,11.2400675,11.240067481994629,11.240067481994629,0.0,1801600.0,1801600.0,1801600.0,0.0
563,0.0,0.0,0.0,0.0,1.0,1.0,1.0,0.0,0.51272076,0.5119045525789261,0.5147665441036224,0.0030545865,0.51272076,0.5119045525789261,0.5147665441036224,0.0030545865,1.0574063,1.0274276733398438,1.0906139016151428,0.046639677,0.068918236,0.06153145059943199,0.09391829743981361,0.0420366,0.08808177,0.08118208684027195,0.09391829743981361,0.009447312,0.75,0.75,1.0,0.45226702,1.8107766e-08,1.6166941119166722e-08,2.467634940828134e-08,1.1044811e-08,2.6274273e-07,2.6274273068338516e-07,2.6274273068338516e-07,0.0,-27.783052,-28.683713912963867,-27.245820999145508,1.0276732,2.3263402,2.2603859901428223,2.3993985056877136,0.10260934,0.7754467,0.7534620016813278,0.7997995018959045,0.03420311,0.16533335,0.13600000739097595,0.1860000118613243,0.034507796,0.0,0.0,0.0,0.0,0.166447,0.15700999647378922,0.1785576418042183,0.02100923,11.2400675,11.240067481994629,11.240067481994629,0.0,11.260068,11.2600679397583,11.2600679397583,0.0,1804800.0,1804800.0,1804800.0,0.0
564,0.0,0.0,0.0,0.0,1.0,1.0,1.0,0.0,0.51272076,0.5119045525789261,0.5147665441036224,0.0030545865,0.51272076,0.5119045525789261,0.5147665441036224,0.0030545865,1.0367628,1.0060462951660156,1.066704422235489,0.045727916,0.09235384,0.08579710125923157,0.09863026440143585,0.0098011475,0.09235384,0.08579710125923157,0.09863026440143585,0.0098011475,1.0,1.0,1.0,0.0,2.3784805e-08,2.20961831054467e-08,2.5401234893251967e-08,2.5241875e-09,2.5753997e-07,2.575399662418931e-07,2.575399662418931e-07,0.0,-27.354088,-27.90759563446045,-26.99215316772461,0.7086659,2.2809236,2.213345944881439,2.3467965722084045,0.10060343,0.76030785,0.7377819865942001,0.7822655588388443,0.03353448,0.15400001,0.13200000673532486,0.17600001394748688,0.026229758,0.0,0.0,0.0,0.0,0.16751754,0.1482054702937603,0.18156833574175835,0.021381613,11.260068,11.2600679397583,11.2600679397583,0.0,11.280068,11.280068397521973,11.280068397521973,0.0,1808000.0,1808000.0,1808000.0,0.0
565,0.0,0.0,0.0,0.0,1.0,1.0,1.0,0.0,0.51272076,0.5119045525789261,0.5147665441036224,0.0030545865,0.51272076,0.5119045525789261,0.5147665441036224,0.0030545865,1.0475955,1.0282209515571594,1.0744096040725708,0.030694176,0.08982709,0.08425463922321796,0.09373248368501663,0.0064312397,0.08982709,0.08425463922321796,0.09373248368501663,0.0064312397,1.0,1.0,1.0,0.0,2.267597e-08,2.1269257466371982e-08,2.3661847148304105e-08,1.6235034e-09,2.524402e-07,2.524402020753769e-07,2.524402020753769e-07,0.0,-27.519318,-28.060328006744385,-27.06682014465332,0.68992364,2.304756,2.2621312737464905,2.3637483716011047,0.06752854,0.76825196,0.754043772816658,0.7879161238670349,0.02250951,0.12733334,0.10600000433623791,0.15400001034140587,0.035361342,0.0006666667,0.0,0.0,0.0023094013,0.15855391,0.14388126879930496,0.16500737518072128,0.027666904,11.280068,11.280068397521973,11.280068397521973,0.0,11.300069,11.300068855285645,11.300068855285645,0.0,1811200.0,1811200.0,1811200.0,0.0
566,0.0,0.0,0.0,0.0,1.0,1.0,1.0,0.0,0.51272076,0.5119045525789261,0.5147665441036224,0.0030545865,0.51272076,0.5119045525789261,0.5147665441036224,0.0030545865,1.0302428,0.9994809031486511,1.056320697069168,0.0331038,0.09352264,0.08784170262515545,0.10012172348797321,0.007156434,0.09352264,0.08784170262515545,0.10012172348797321,0.007156434,1.0,1.0,1.0,0.0,2.3141377e-08,2.1735678146228565e-08,2.477426486180434e-08,1.7707984e-09,2.4744145e-07,2.474414486641763e-07,2.474414486641763e-07,0.0,-27.207474,-27.723963260650635,-26.749602794647217,0.7880243,2.2665794,2.198901951313019,2.32395201921463,0.07282982,0.7555265,0.7329673171043396,0.7746506780385971,0.024276609,0.13200001,0.10200000181794167,0.1600000113248825,0.038518004,0.0,0.0,0.0,0.0,0.15514329,0.1525556780397892,0.16258927062153816,0.018580593,11.300069,11.300068855285645,11.300068855285645,0.0,11.320069,11.320069313049316,11.320069313049316,0.0,1814400.0,1814400.0,1814400.0,0.0
567,0.0,0.0,0.0,0.0,1.0,1.0,1.0,0.0,0.51272076,0.5119045525789261,0.5147665441036224,0.0030545865,0.51272076,0.5119045525789261,0.5147665441036224,0.0030545865,1.0302762,1.0094404518604279,1.038711130619049,0.030477265,0.09347213,0.09147319197654724,0.09785240143537521,0.0063443608,0.09347213,0.09147319197654724,0.09785240143537521,0.0063443608,1.0,1.0,1.0,0.0,2.2670887e-08,2.2186059656092993e-08,2.3733283782689796e-08,1.5387718e-09,2.4254166e-07,2.4254165964521235e-07,2.4254165964521235e-07,0.0,-27.435846,-27.539499759674072,-27.143898963928223,0.6511294,2.2666528,2.220813274383545,2.285210072994232,0.067051336,0.75555104,0.740271121263504,0.7617366909980774,0.022350445,0.15533334,0.1420000083744526,0.1680000126361847,0.023250937,0.0006666667,0.0,0.0,0.0023094013,0.1552512,0.14749421551823616,0.1670226827263832,0.017664941,11.320069,11.320069313049316,11.320069313049316,0.0,11.34007,11.340069770812988,11.340069770812988,0.0,1817600.0,1817600.0,1817600.0,0.0
568,0.0,0.0,0.0,0.0,1.0,1.0,1.0,0.0,0.51272076,0.5119045525789261,0.5147665441036224,0.0030545865,0.51272076,0.5119045525789261,0.5147665441036224,0.0030545865,1.0253161,1.0008774399757385,1.0463910400867462,0.037858855,0.094670646,0.08986887894570827,0.09980139322578907,0.008416907,0.094670646,0.08986887894570827,0.09980139322578907,0.008416907,1.0,1.0,1.0,0.0,2.2506896e-08,2.1365329061495686e-08,2.3726673958890387e-08,2.0010265e-09,2.377389e-07,2.3773890234224382e-07,2.3773890234224382e-07,0.0,-27.305792,-28.04359531402588,-26.519007205963135,0.9028165,2.2557404,2.2019742727279663,2.302106261253357,0.08329115,0.7519135,0.7339914292097092,0.7673687785863876,0.027763713,0.16666667,0.14400000870227814,0.18800001218914986,0.034253955,0.0,0.0,0.0,0.0,0.15912822,0.13871320709586143,0.17132164165377617,0.021670016,11.34007,11.340069770812988,11.340069770812988,0.0,11.36007,11.36007022857666,11.36007022857666,0.0,1820800.0,1820800.0,1820800.0,0.0
569,0.0,0.0,0.0,0.0,1.0,1.0,1.0,0.0,0.51272076,0.5119045525789261,0.5147665441036224,0.0030545865,0.51272076,0.5119045525789261,0.5147665441036224,0.0030545865,1.0345074,1.0281070470809937,1.0564473867416382,0.034288637,0.0926327,0.0878119170665741,0.09373363293707371,0.007593988,0.0926327,0.0878119170665741,0.09373363293707371,0.007593988,1.0,1.0,1.0,0.0,2.1586315e-08,2.0462922023511965e-08,2.1842866626542445e-08,1.7696364e-09,2.3303126e-07,2.3303125828988414e-07,2.3303125828988414e-07,0.0,-27.37124,-27.968760013580322,-26.918481826782227,0.60003906,2.2759616,2.2618806958198547,2.3242306113243103,0.07543651,0.7586539,0.7539602518081665,0.7747435718774796,0.025145512,0.15666668,0.1340000070631504,0.1860000118613243,0.03633514,0.0,0.0,0.0,0.0,0.15858452,0.142323836684227,0.16963881254196167,0.018796561,11.36007,11.36007022857666,11.36007022857666,0.0,11.380071,11.380070686340332,11.380070686340332,0.0,1824000.0,1824000.0,1824000.0,0.0
570,0.0,0.0,0.0,0.0,1.0,1.0,1.0,0.0,0.51272076,0.5119045525789261,0.5147665441036224,0.0030545865,0.51272076,0.5119045525789261,0.5147665441036224,0.0030545865,1.0359942,1.01579949259758,1.0511102378368378,0.024860589,0.0921858,0.08889763988554478,0.09642934240400791,0.0053500663,0.0921858,0.08889763988554478,0.09642934240400791,0.0053500663,1.0,1.0,1.0,0.0,2.1056787e-08,2.0305715775492672e-08,2.2026082291404236e-08,1.222045e-09,2.2841681e-07,2.2841680902274675e-07,2.2841680902274675e-07,0.0,-27.19094,-27.91416025161743,-26.636191844940186,0.856563,2.2792327,2.2348034381866455,2.3124887347221375,0.054694407,0.7597442,0.7449344992637634,0.7708296030759811,0.018231472,0.15466668,0.1420000083744526,0.17000001296401024,0.026275927,0.0,0.0,0.0,0.0,0.15392956,0.14546074718236923,0.16496481746435165,0.015598467,11.380071,11.380070686340332,11.380070686340332,0.0,11.400071,11.400071144104004,11.400071144104004,0.0,1827200.0,1827200.0,1827200.0,0.0
571,0.0,0.0,0.0,0.0,1.0,1.0,1.0,0.0,0.51272076,0.5119045525789261,0.5147665441036224,0.0030545865,0.51272076,0.5119045525789261,0.5147665441036224,0.0030545865,1.032538,1.0220133662223816,1.0446646511554718,0.034757774,0.08655997,0.09022677130997181,0.09505976922810078,0.027866429,0.09305492,0.09022677130997181,0.09505976922810078,0.0074917646,0.9166667,1.0,1.0,0.28867513,1.938024e-08,2.0201213146719965e-08,2.1283290685403244e-08,6.2391203e-09,2.2389378e-07,2.2389377818399225e-07,2.2389377818399225e-07,0.0,-27.48162,-28.091054916381836,-27.218045234680176,0.7747693,2.271629,2.2484742403030396,2.2983081936836243,0.07646862,0.7572098,0.749491423368454,0.7661027610301971,0.025489533,0.15666668,0.12600000575184822,0.17800001427531242,0.040283844,0.0,0.0,0.0,0.0,0.15703104,0.14788882434368134,0.16569218784570694,0.012834729,11.400071,11.400071144104004,11.400071144104004,0.0,11.420072,11.420071601867676,11.420071601867676,0.0,1830400.0,1830400.0,1830400.0,0.0
572,0.0,0.0,0.0,0.0,1.0,1.0,1.0,0.0,0.51272076,0.5119045525789261,0.5147665441036224,0.0030545865,0.51272076,0.5119045525789261,0.5147665441036224,0.0030545865,1.0246214,1.0132360756397247,1.0355349481105804,0.033705305,0.08820978,0.09214465692639351,0.09700923413038254,0.02823009,0.09474537,0.09214465692639351,0.09700923413038254,0.0071889283,0.9166667,1.0,1.0,0.28867513,1.9358543e-08,2.0222092445010276e-08,2.128967446779484e-08,6.1953838e-09,2.1946029e-07,2.1946028994079825e-07,2.1946028994079825e-07,0.0,-27.376144,-27.828039169311523,-26.972476482391357,0.81042093,2.2542117,2.229163885116577,2.2782223224639893,0.07415316,0.751404,0.7430546283721924,0.7594074457883835,0.02471772,0.16166666,0.11999999731779099,0.17749999836087227,0.052714206,0.0,0.0,0.0,0.0,0.15962811,0.1432676538825035,0.17784814536571503,0.023600819,11.420072,11.420071601867676,11.420071601867676,0.0,11.440072,11.440072059631348,11.440072059631348,0.0,1833600.0,1833600.0,1833600.0,0.0
573,0.0,0.0,0.0,0.0,1.0,1.0,1.0,0.0,0.51272076,0.5119045525789261,0.5147665441036224,0.0030545865,0.51272076,0.5119045525789261,0.5147665441036224,0.0030545865,1.0355406,1.014743685722351,1.0510939061641693,0.039267585,0.08589298,0.08892273902893066,0.09666620939970016,0.027968377,0.09248536,0.08892273902893066,0.09666620939970016,0.00826516,0.9166667,1.0,1.0,0.28867513,1.847683e-08,1.912857472419205e-08,2.079430894141865e-08,6.0164047e-09,2.1511455e-07,2.1511455372547061e-07,2.1511455372547061e-07,0.0,-27.44419,-27.865861415863037,-27.094582080841064,0.600642,2.2782347,2.2324807047843933,2.312452793121338,0.086390406,0.75941163,0.7441602647304535,0.7708176225423813,0.028796809,0.16133334,0.14400000870227814,0.17800001427531242,0.026605992,0.0006666667,0.0,0.0,0.0023094013,0.1552682,0.14936158806085587,0.16713961586356163,0.016618403,11.440072,11.440072059631348,11.440072059631348,0.0,11.4600725,11.46007251739502,11.46007251739502,0.0,1836800.0,1836800.0,1836800.0,0.0
574,0.0,0.0,0.0,0.0,1.0,1.0,1.0,0.0,0.51272076,0.5119045525789261,0.5147665441036224,0.0030545865,0.51272076,0.5119045525789261,0.5147665441036224,0.0030545865,1.0342833,1.0145666599273682,1.0568828582763672,0.0234876,0.09253281,0.08772641606628895,0.09670186415314674,0.004962624,0.09253281,0.08772641606628895,0.09670186415314674,0.004962624,1.0,1.0,1.0,0.0,1.9510999e-08,1.8497546605544812e-08,2.0390063859565544e-08,1.0463939e-09,2.1085492e-07,2.108549210788624e-07,2.108549210788624e-07,0.0,-27.359152,-27.66670274734497,-26.866802215576172,0.6597847,2.2754686,2.232091188430786,2.325188636779785,0.05167373,0.75848955,0.7440304309129715,0.7750629186630249,0.017224584,0.15200001,0.1380000077188015,0.17000001296401024,0.043817807,0.0006666667,0.0,0.0,0.0023094013,0.15965162,0.13932183384895325,0.17601671442389488,0.026533369,11.4600725,11.46007251739502,11.46007251739502,0.0,11.480073,11.480072975158691,11.480072975158691,0.0,1840000.0,1840000.0,1840000.0,0.0
575,0.0,0.0,0.0,0.0,1.0,1.0,1.0,0.0,0.51272076,0.5119045525789261,0.5147665441036224,0.0030545865,0.51272076,0.5119045525789261,0.5147665441036224,0.0030545865,1.0320908,1.010551244020462,1.0556443929672241,0.024363212,0.09301117,0.08797437511384487,0.09760254621505737,0.0052113337,0.09301117,0.08797437511384487,0.09760254621505737,0.0052113337,1.0,1.0,1.0,0.0,1.9223513e-08,1.8182510164166388e-08,2.0172456594025334e-08,1.0770767e-09,2.0667962e-07,2.0667961564413417e-07,2.0667961564413417e-07,0.0,-27.181623,-27.340502738952637,-26.931684494018555,0.45014074,2.2706451,2.2232571244239807,2.3224639892578125,0.053600155,0.7568817,0.7410857081413269,0.7741546779870987,0.017866718,0.14133334,0.09400000236928463,0.1680000126361847,0.047061533,0.0,0.0,0.0,0.0,0.15058596,0.13778863474726677,0.16330167651176453,0.018925494,11.480073,11.480072975158691,11.480072975158691,0.0,11.500073,11.500073432922363,11.500073432922363,0.0,1843200.0,1843200.0,1843200.0,0.0
576,0.0,0.0,0.0,0.0,1.0,1.0,1.0,0.0,0.51272076,0.5119045525789261,0.5147665441036224,0.0030545865,0.51272076,0.5119045525789261,0.5147665441036224,0.0030545865,1.029315,1.0054513812065125,1.0418973863124847,0.03898074,0.08740596,0.09080383367836475,0.09875427559018135,0.028163329,0.09380705,0.09080383367836475,0.09875427559018135,0.008009225,0.9166667,1.0,1.0,0.28867513,1.770731e-08,1.8395675649429677e-08,2.0006331702404623e-08,5.705524e-09,2.0258699e-07,2.02586988962139e-07,2.02586988962139e-07,0.0,-27.154577,-27.282415866851807,-26.583259105682373,0.85295224,2.2645383,2.212037146091461,2.2922199964523315,0.08575935,0.7548461,0.7373457252979279,0.764073371887207,0.028586447,0.15533334,0.12600000575184822,0.19200000166893005,0.041423168,0.0,0.0,0.0,0.0,0.15754725,0.14733989164233208,0.16563387215137482,0.014399964,11.500073,11.500073432922363,11.500073432922363,0.0,11.520074,11.520073890686035,11.520073890686035,0.0,1846400.0,1846400.0,1846400.0,0.0
577,0.0,0.0,0.0,0.0,1.0,1.0,1.0,0.0,0.51272076,0.5119045525789261,0.5147665441036224,0.0030545865,0.51272076,0.5119045525789261,0.5147665441036224,0.0030545865,1.0399565,1.0145100951194763,1.0604377388954163,0.030350108,0.09141699,0.08700862526893616,0.09671531990170479,0.006501082,0.09141699,0.08700862526893616,0.09671531990170479,0.006501082,1.0,1.0,1.0,0.0,1.8153166e-08,1.7277772546009373e-08,1.920528402976629e-08,1.2909549e-09,1.9857539e-07,1.9857540678458463e-07,1.9857540678458463e-07,0.0,-27.619057,-28.208881855010986,-26.87986707687378,0.78065,2.2879498,2.231966733932495,2.3330095410346985,0.0667716,0.76265,0.7439889162778854,0.7776698470115662,0.022257192,0.16266668,0.13600000739097595,0.18000001087784767,0.03517575,0.0,0.0,0.0,0.0,0.16048633,0.15057525038719177,0.16837091371417046,0.018296042,11.520074,11.520073890686035,11.520073890686035,0.0,11.540074,11.540074348449707,11.540074348449707,0.0,1849600.0,1849600.0,1849600.0,0.0
578,0.0,0.0,0.0,0.0,1.0,1.0,1.0,0.0,0.51272076,0.5119045525789261,0.5147665441036224,0.0030545865,0.51272076,0.5119045525789261,0.5147665441036224,0.0030545865,1.0240167,1.0088333785533905,1.0455023348331451,0.036423367,0.09492982,0.09006719291210175,0.09799561090767384,0.008134692,0.09492982,0.09006719291210175,0.09799561090767384,0.008134692,1.0,1.0,1.0,0.0,1.847745e-08,1.7530972673540646e-08,1.9074185342304872e-08,1.583363e-09,1.9464328e-07,1.9464326328488823e-07,1.9464326328488823e-07,0.0,-27.236452,-27.83143186569214,-26.829490184783936,0.7896929,2.252882,2.219477653503418,2.30015105009079,0.08013302,0.75096065,0.7398259192705154,0.7667170315980911,0.026710996,0.16266668,0.14000000804662704,0.18200001120567322,0.029803395,0.0,0.0,0.0,0.0,0.15564312,0.1378493532538414,0.16630150377750397,0.024090739,11.540074,11.540074348449707,11.540074348449707,0.0,11.560075,11.560074806213379,11.560074806213379,0.0,1852800.0,1852800.0,1852800.0,0.0
579,0.0,0.0,0.0,0.0,1.0,1.0,1.0,0.0,0.51272076,0.5119045525789261,0.5147665441036224,0.0030545865,0.51272076,0.5119045525789261,0.5147665441036224,0.0030545865,1.0220882,0.9995609223842621,1.044735163450241,0.027150882,0.09520883,0.09021259285509586,0.10010170936584473,0.005809535,0.09520883,0.09021259285509586,0.10010170936584473,0.005809535,1.0,1.0,1.0,0.0,1.81648e-08,1.7211569947050975e-08,1.909830471547025e-08,1.1083954e-09,1.9078898e-07,1.9078899526903115e-07,1.9078899526903115e-07,0.0,-27.073534,-27.246238231658936,-26.93155860900879,0.4361173,2.2486389,2.199077844619751,2.29846328496933,0.05973316,0.7495463,0.7330259680747986,0.7661544382572174,0.01991105,0.15733334,0.15000000968575478,0.1640000119805336,0.023219636,0.0,0.0,0.0,0.0,0.16074654,0.14462650939822197,0.1677265204489231,0.021872927,11.560075,11.560074806213379,11.560074806213379,0.0,11.580075,11.58007526397705,11.58007526397705,0.0,1856000.0,1856000.0,1856000.0,0.0
580,0.0,0.0,0.0,0.0,1.0,1.0,1.0,0.0,0.51272076,0.5119045525789261,0.5147665441036224,0.0030545865,0.51272076,0.5119045525789261,0.5147665441036224,0.0030545865,1.0457948,1.0264358520507812,1.0590486824512482,0.023516515,0.09011204,0.08729846589267254,0.09409578889608383,0.0048062103,0.09011204,0.08729846589267254,0.09409578889608383,0.0048062103,1.0,1.0,1.0,0.0,1.6851944e-08,1.6325775398229325e-08,1.759694967518044e-08,8.9881425e-10,1.8701103e-07,1.8701102533213998e-07,1.8701102533213998e-07,0.0,-27.403486,-27.540854454040527,-27.13267755508423,0.55975205,2.3007946,2.258203864097595,2.3299535512924194,0.051737368,0.76693153,0.7527346462011337,0.7766511887311935,0.017245796,0.15066667,0.1340000070631504,0.1680000126361847,0.028095078,0.0,0.0,0.0,0.0,0.15939398,0.15066426247358322,0.16598308086395264,0.011018861,11.580075,11.58007526397705,11.58007526397705,0.0,11.600076,11.600075721740723,11.600075721740723,0.0,1859200.0,1859200.0,1859200.0,0.0
581,0.0,0.0,0.0,0.0,1.0,1.0,1.0,0.0,0.51272076,0.5119045525789261,0.5147665441036224,0.0030545865,0.51272076,0.5119045525789261,0.5147665441036224,0.0030545865,1.041798,1.0261304676532745,1.0707476437091827,0.03353686,0.09107581,0.0849676001816988,0.09418064914643764,0.0071607092,0.09107581,0.0849676001816988,0.09418064914643764,0.0071607092,1.0,1.0,1.0,0.0,1.6694914e-08,1.557523043871356e-08,1.7264054630317105e-08,1.3126142e-09,1.8330788e-07,1.8330787554532435e-07,1.8330787554532435e-07,0.0,-27.415293,-28.186455249786377,-26.793616771697998,0.8639073,2.2920015,2.2575321793556213,2.3556918501853943,0.07378255,0.7640004,0.752510741353035,0.7852306216955185,0.024594178,0.15200001,0.13200000673532486,0.17000001296401024,0.037523326,0.0,0.0,0.0,0.0,0.16502307,0.14735089242458344,0.18057207018136978,0.024840215,11.600076,11.600075721740723,11.600075721740723,0.0,11.620076,11.620076179504395,11.620076179504395,0.0,1862400.0,1862400.0,1862400.0,0.0
582,0.0,0.0,0.0,0.0,1.0,1.0,1.0,0.0,0.51272076,0.5119045525789261,0.5147665441036224,0.0030545865,0.51272076,0.5119045525789261,0.5147665441036224,0.0030545865,1.0336171,1.0069341957569122,1.0666707754135132,0.039162666,0.092899,0.08576879650354385,0.09841610118746758,0.008458931,0.092899,0.08576879650354385,0.09841610118746758,0.008458931,1.0,1.0,1.0,0.0,1.6691912e-08,1.5410770881629787e-08,1.7683212671926185e-08,1.5198841e-09,1.7967805e-07,1.7967805376883916e-07,1.7967805376883916e-07,0.0,-27.243414,-27.657169818878174,-26.85252094268799,0.7001676,2.2740033,2.2152995467185974,2.3467226028442383,0.08615959,0.7580011,0.7384332120418549,0.7822408825159073,0.028719869,0.14400001,0.12600000575184822,0.1600000113248825,0.032896534,0.0,0.0,0.0,0.0,0.16466103,0.14984552562236786,0.16983524709939957,0.021066016,11.620076,11.620076179504395,11.620076179504395,0.0,11.640077,11.640076637268066,11.640076637268066,0.0,1865600.0,1865600.0,1865600.0,0.0
583,0.0,0.0,0.0,0.0,1.0,1.0,1.0,0.0,0.51272076,0.5119045525789261,0.5147665441036224,0.0030545865,0.51272076,0.5119045525789261,0.5147665441036224,0.0030545865,1.0131367,0.9977967143058777,1.0310667157173157,0.02563501,0.09717532,0.09310720302164555,0.10050869546830654,0.005727985,0.09717532,0.09310720302164555,0.10050869546830654,0.005727985,1.0,1.0,1.0,0.0,1.7114528e-08,1.6398049584864793e-08,1.7701601073838447e-08,1.0088135e-09,1.7612008e-07,1.7612009628464875e-07,1.7612009628464875e-07,0.0,-26.903152,-27.274799346923828,-26.45975637435913,0.48738918,2.2289455,2.195196568965912,2.2683920860290527,0.056398176,0.74298185,0.7317322045564651,0.7561306953430176,0.018799381,0.16933334,0.1600000113248825,0.1860000118613243,0.027254136,0.0006666667,0.0,0.0,0.0023094013,0.15439008,0.13696052134037018,0.1656104251742363,0.023655588,11.640077,11.640076637268066,11.640076637268066,0.0,11.660077,11.660077095031738,11.660077095031738,0.0,1868800.0,1868800.0,1868800.0,0.0
584,0.0,0.0,0.0,0.0,1.0,1.0,1.0,0.0,0.51272076,0.5119045525789261,0.5147665441036224,0.0030545865,0.51272076,0.5119045525789261,0.5147665441036224,0.0030545865,1.0303568,1.0136455595493317,1.0410013794898987,0.029386478,0.086936,0.0909910686314106,0.09691096656024456,0.027616573,0.09343895,0.0909910686314106,0.09691096656024456,0.0060551898,0.9166667,1.0,1.0,0.28867513,1.500799e-08,1.5708027323313445e-08,1.672999427881905e-08,4.7675215e-09,1.7263262e-07,1.7263262463984574e-07,1.7263262463984574e-07,0.0,-27.177526,-27.56997776031494,-26.574848175048828,0.7033572,2.2668302,2.230064809322357,2.290248692035675,0.06465151,0.75561005,0.7433549612760544,0.7634162604808807,0.021550493,0.14800002,0.14200001023709774,0.17000001296401024,0.038968522,0.0,0.0,0.0,0.0,0.15814517,0.14481430873274803,0.17013759538531303,0.017417217,11.660077,11.660077095031738,11.660077095031738,0.0,11.680078,11.68007755279541,11.68007755279541,0.0,1872000.0,1872000.0,1872000.0,0.0
585,0.0,0.0,0.0,0.0,1.0,1.0,1.0,0.0,0.51272076,0.5119045525789261,0.5147665441036224,0.0030545865,0.51272076,0.5119045525789261,0.5147665441036224,0.0030545865,1.035884,1.0230046510696411,1.0626200139522552,0.037607454,0.09239238,0.08657380566000938,0.09484198689460754,0.0082385,0.09239238,0.08657380566000938,0.09484198689460754,0.0082385,1.0,1.0,1.0,0.0,1.56341e-08,1.4649515378550859e-08,1.6048608664220865e-08,1.3940709e-09,1.6921418e-07,1.6921417511639447e-07,1.6921417511639447e-07,0.0,-27.64789,-28.036629676818848,-27.332807540893555,0.7116884,2.2789905,2.250655174255371,2.337810695171356,0.08273801,0.7596635,0.7502184063196182,0.7792702615261078,0.027579328,0.15166666,0.09999999403953552,0.1849999912083149,0.05096047,0.0,0.0,0.0,0.0,0.1583697,0.13597726076841354,0.16743328422307968,0.027829342,11.680078,11.68007755279541,11.68007755279541,0.0,11.700078,11.700078010559082,11.700078010559082,0.0,1875200.0,1875200.0,1875200.0,0.0
586,0.0,0.0,0.0,0.0,1.0,1.0,1.0,0.0,0.51272076,0.5119045525789261,0.5147665441036224,0.0030545865,0.51272076,0.5119045525789261,0.5147665441036224,0.0030545865,1.0523719,1.037263661623001,1.0688276290893555,0.021326417,0.08873725,0.08534440770745277,0.09177816286683083,0.0043292213,0.08873725,0.08534440770745277,0.09177816286683083,0.0043292213,1.0,1.0,1.0,0.0,1.4718265e-08,1.4155516980807192e-08,1.5222642257839425e-08,7.1805956e-10,1.6586345e-07,1.6586344031566114e-07,1.6586344031566114e-07,0.0,-27.628931,-28.070438861846924,-27.184545040130615,0.61311734,2.3152645,2.2820255756378174,2.3514676690101624,0.046919033,0.7717548,0.7606751918792725,0.7838225960731506,0.015639681,0.14066668,0.12000000476837158,0.1600000113248825,0.02759886,0.0006666667,0.0,0.0,0.0023094013,0.1593411,0.15091636404395103,0.1677437610924244,0.012499007,11.700078,11.700078010559082,11.700078010559082,0.0,11.720078,11.720078468322754,11.720078468322754,0.0,1878400.0,1878400.0,1878400.0,0.0
587,0.0,0.0,0.0,0.0,1.0,1.0,1.0,0.0,0.51272076,0.5119045525789261,0.5147665441036224,0.0030545865,0.51272076,0.5119045525789261,0.5147665441036224,0.0030545865,1.0288078,1.0093871802091599,1.0498253107070923,0.02529563,0.09372864,0.08916218765079975,0.09787327982485294,0.00551754,0.09372864,0.08916218765079975,0.09787327982485294,0.00551754,1.0,1.0,1.0,0.0,1.5238314e-08,1.4495904476774513e-08,1.591214626728288e-08,8.970366e-10,1.6257906e-07,1.6257905599559308e-07,1.6257905599559308e-07,0.0,-27.184464,-27.77850103378296,-26.634633541107178,0.6027885,2.2634223,2.220696210861206,2.309661865234375,0.05565148,0.7544741,0.7402320802211761,0.769887313246727,0.018550491,0.15733334,0.1340000070631504,0.17600001394748688,0.032241516,0.0006666667,0.0,0.0,0.0023094013,0.16209243,0.1470850110054016,0.17981737107038498,0.022895932,11.720078,11.720078468322754,11.720078468322754,0.0,11.740079,11.740078926086426,11.740078926086426,0.0,1881600.0,1881600.0,1881600.0,0.0
588,0.0,0.0,0.0,0.0,1.0,1.0,1.0,0.0,0.51272076,0.5119045525789261,0.5147665441036224,0.0030545865,0.51272076,0.5119045525789261,0.5147665441036224,0.0030545865,1.0267828,0.9896151721477509,1.05434450507164,0.03879434,0.09436392,0.0882430225610733,0.10242314636707306,0.008434755,0.09436392,0.0882430225610733,0.10242314636707306,0.008434755,1.0,1.0,1.0,0.0,1.5037806e-08,1.4062381481494413e-08,1.632212143221068e-08,1.34416e-09,1.5935969e-07,1.593597005467018e-07,1.593597005467018e-07,0.0,-27.212202,-27.899299144744873,-26.410892009735107,0.97671,2.2589672,2.1771968007087708,2.3196041584014893,0.085349254,0.75298905,0.7257322669029236,0.7732013911008835,0.028449753,0.14400001,0.12000000476837158,0.16200001165270805,0.040649276,0.0,0.0,0.0,0.0,0.15733099,0.14808612689375877,0.1672472432255745,0.016951654,11.740079,11.740078926086426,11.740078926086426,0.0,11.760079,11.760079383850098,11.760079383850098,0.0,1884800.0,1884800.0,1884800.0,0.0
589,0.0,0.0,0.0,0.0,1.0,1.0,1.0,0.0,0.51272076,0.5119045525789261,0.5147665441036224,0.0030545865,0.51272076,0.5119045525789261,0.5147665441036224,0.0030545865,1.0435342,1.0248264074325562,1.0561091899871826,0.025269542,0.09060111,0.08790841139853,0.09444438852369785,0.0051988554,0.09060111,0.08790841139853,0.09444438852369785,0.0051988554,1.0,1.0,1.0,0.0,1.4152263e-08,1.3731653591975146e-08,1.475260025252112e-08,8.120825e-10,1.562041e-07,1.562040949920629e-07,1.562040949920629e-07,0.0,-27.421469,-27.88567304611206,-27.024399757385254,0.7556992,2.295821,2.254663109779358,2.323486566543579,0.05559411,0.76527363,0.7515543848276138,0.774495542049408,0.018531373,0.14400001,0.11800000444054604,0.16200001165270805,0.043551434,0.0006666667,0.0,0.0,0.0023094013,0.15823083,0.13731713965535164,0.17384757101535797,0.0249618,11.760079,11.760079383850098,11.760079383850098,0.0,11.78008,11.78007984161377,11.78007984161377,0.0,1888000.0,1888000.0,1888000.0,0.0
590,0.0,0.0,0.0,0.0,1.0,1.0,1.0,0.0,0.51272076,0.5119045525789261,0.5147665441036224,0.0030545865,0.51272076,0.5119045525789261,0.5147665441036224,0.0030545865,1.049866,1.0386289656162262,1.0619882941246033,0.0194898,0.0892347,0.08670089580118656,0.09149130620062351,0.003988138,0.0892347,0.08670089580118656,0.09149130620062351,0.003988138,1.0,1.0,1.0,0.0,1.3662812e-08,1.3274858767786668e-08,1.4008323390157784e-08,6.1062766e-10,1.5311097e-07,1.5311097456560674e-07,1.5311097456560674e-07,0.0,-27.998611,-28.624301433563232,-27.600151538848877,0.68168277,2.3097513,2.2850294709205627,2.3364208340644836,0.042878374,0.7699171,0.7616765052080154,0.7788069546222687,0.014292796,0.15133335,0.12800000607967377,0.16600001230835915,0.033153456,0.0006666667,0.0,0.0,0.0023094013,0.16584046,0.1472104862332344,0.17540030181407928,0.020967776,11.78008,11.78007984161377,11.78007984161377,0.0,11.80008,11.800080299377441,11.800080299377441,0.0,1891200.0,1891200.0,1891200.0,0.0
591,0.0,0.0,0.0,0.0,1.0,1.0,1.0,0.0,0.51272076,0.5119045525789261,0.5147665441036224,0.0030545865,0.51272076,0.5119045525789261,0.5147665441036224,0.0030545865,1.0519179,1.0389946699142456,1.077894777059555,0.03311328,0.08251324,0.08358056284487247,0.09141834452748299,0.026630415,0.08897064,0.08358056284487247,0.09141834452748299,0.0068583163,0.9166667,1.0,1.0,0.28867513,1.2383513e-08,1.2543695859790205e-08,1.3719983149584891e-08,3.9966688e-09,1.500791e-07,1.500791029229731e-07,1.500791029229731e-07,0.0,-27.60047,-28.01762866973877,-27.170859813690186,0.57810897,2.3142655,2.285834014415741,2.3714157938957214,0.07285065,0.7714219,0.7619447112083435,0.7904719710350037,0.02428355,0.142,0.1120000034570694,0.17400000989437103,0.037387405,0.0,0.0,0.0,0.0,0.16018677,0.1490384005010128,0.17303410917520523,0.016831804,11.80008,11.800080299377441,11.800080299377441,0.0,11.820081,11.820080757141113,11.820080757141113,0.0,1894400.0,1894400.0,1894400.0,0.0
592,0.0,0.0,0.0,0.0,1.0,1.0,1.0,0.0,0.51272076,0.5119045525789261,0.5147665441036224,0.0030545865,0.51272076,0.5119045525789261,0.5147665441036224,0.0030545865,1.0426478,1.0240308940410614,1.058772325515747,0.023829304,0.09077015,0.08734291791915894,0.09461700543761253,0.0048790206,0.09077015,0.08734291791915894,0.09461700543761253,0.0048790206,1.0,1.0,1.0,0.0,1.3352949e-08,1.2848778263574445e-08,1.3918849628424823e-08,7.1773937e-10,1.4710727e-07,1.471072721415112e-07,1.471072721415112e-07,0.0,-27.485216,-27.812045574188232,-27.16433620452881,0.41680118,2.2938712,2.2529128789901733,2.329345703125,0.052425493,0.7646237,0.7509709894657135,0.776448592543602,0.017475173,0.14466667,0.12600000575184822,0.1600000113248825,0.021427825,0.0,0.0,0.0,0.0,0.16433656,0.1493116207420826,0.17366385087370872,0.0182472,11.820081,11.820080757141113,11.820080757141113,0.0,11.840081,11.840081214904785,11.840081214904785,0.0,1897600.0,1897600.0,1897600.0,0.0
593,0.0,0.0,0.0,0.0,1.0,1.0,1.0,0.0,0.51272076,0.5119045525789261,0.5147665441036224,0.0030545865,0.51272076,0.5119045525789261,0.5147665441036224,0.0030545865,1.026799,1.0090625584125519,1.0498548448085785,0.03308262,0.0942679,0.08915945701301098,0.09793496318161488,0.0072602397,0.0942679,0.08915945701301098,0.09793496318161488,0.0072602397,1.0,1.0,1.0,0.0,1.35928895e-08,1.2856283149176306e-08,1.4121661173760458e-08,1.046885e-09,1.4419427e-07,1.4419427429857024e-07,1.4419427429857024e-07,0.0,-27.250305,-27.65479040145874,-27.127540588378906,0.60955757,2.2590027,2.219981849193573,2.3097267746925354,0.07278323,0.753001,0.7399939596652985,0.7699089646339417,0.024261083,0.158,0.14800000935792923,0.1680000126361847,0.018722862,0.0,0.0,0.0,0.0,0.1466196,0.13185516744852066,0.15506550669670105,0.016148845,11.840081,11.840081214904785,11.840081214904785,0.0,11.860082,11.860081672668457,11.860081672668457,0.0,1900800.0,1900800.0,1900800.0,0.0
594,0.0,0.0,0.0,0.0,1.0,1.0,1.0,0.0,0.51272076,0.5119045525789261,0.5147665441036224,0.0030545865,0.51272076,0.5119045525789261,0.5147665441036224,0.0030545865,1.0248992,1.0041988343000412,1.0448857545852661,0.03182574,0.09466145,0.09018156118690968,0.09904462285339832,0.006976322,0.09466145,0.09018156118690968,0.09904462285339832,0.006976322,1.0,1.0,1.0,0.0,1.3379354e-08,1.2746170341415564e-08,1.3998866288389422e-08,9.860263e-10,1.4133899e-07,1.413389867366277e-07,1.413389867366277e-07,0.0,-27.372152,-27.936291217803955,-27.087688446044922,0.6363959,2.2548234,2.209281623363495,2.2987945079803467,0.07001801,0.75160784,0.7364272326231003,0.7662648558616638,0.023339333,0.16333334,0.11400000378489494,0.20600000396370888,0.059911046,0.0006666667,0.0,0.0,0.0023094013,0.1646233,0.1561311110854149,0.17538775503635406,0.01646051,11.860082,11.860081672668457,11.860081672668457,0.0,11.880082,11.880082130432129,11.880082130432129,0.0,1904000.0,1904000.0,1904000.0,0.0
595,0.0,0.0,0.0,0.0,1.0,1.0,1.0,0.0,0.51272076,0.5119045525789261,0.5147665441036224,0.0030545865,0.51272076,0.5119045525789261,0.5147665441036224,0.0030545865,1.0306715,1.0076975524425507,1.0475483238697052,0.033463836,0.08699656,0.08963769115507603,0.0982436053454876,0.02777789,0.0934273,0.08963769115507603,0.0982436053454876,0.006873221,0.9166667,1.0,1.0,0.28867513,1.2052524e-08,1.241842628729728e-08,1.3610691462773161e-08,3.848355e-09,1.3854023e-07,1.3854022995474224e-07,1.3854022995474224e-07,0.0,-27.216833,-27.47925329208374,-26.83219814300537,0.7074435,2.2675226,2.216978907585144,2.3046523332595825,0.07362187,0.75584084,0.7389929741621017,0.7682174444198608,0.024540626,0.16133334,0.15800001099705696,0.17600001394748688,0.02616498,0.0,0.0,0.0,0.0,0.15362987,0.14351020380854607,0.15956556051969528,0.023074558,11.880082,11.880082130432129,11.880082130432129,0.0,11.900083,11.9000825881958,11.9000825881958,0.0,1907200.0,1907200.0,1907200.0,0.0
596,0.0,0.0,0.0,0.0,1.0,1.0,1.0,0.0,0.51272076,0.5119045525789261,0.5147665441036224,0.0030545865,0.51272076,0.5119045525789261,0.5147665441036224,0.0030545865,1.0400953,1.0240817964076996,1.0674293041229248,0.0315857,0.09140115,0.08561947010457516,0.09460589662194252,0.0065954356,0.09140115,0.08561947010457516,0.09460589662194252,0.0065954356,1.0,1.0,1.0,0.0,1.24119905e-08,1.1626857032709381e-08,1.2847185315578713e-08,8.956395e-10,1.3579688e-07,1.3579688129539136e-07,1.3579688129539136e-07,0.0,-27.402311,-27.853886127471924,-26.914391040802002,0.675006,2.2882555,2.253024935722351,2.34839129447937,0.06948992,0.7627518,0.7510083317756653,0.78279709815979,0.023163302,0.14333333,0.12600000575184822,0.1680000126361847,0.029236758,0.0,0.0,0.0,0.0,0.15433706,0.1468040682375431,0.1680983453989029,0.019706393,11.900083,11.9000825881958,11.9000825881958,0.0,11.920083,11.920083045959473,11.920083045959473,0.0,1910400.0,1910400.0,1910400.0,0.0
597,0.0,0.0,0.0,0.0,1.0,1.0,1.0,0.0,0.51272076,0.5119045525789261,0.5147665441036224,0.0030545865,0.51272076,0.5119045525789261,0.5147665441036224,0.0030545865,1.0361966,1.0149817764759064,1.0537976920604706,0.03345696,0.08573687,0.0883544273674488,0.09660924971103668,0.027513692,0.09224912,0.0883544273674488,0.09660924971103668,0.006907967,0.9166667,1.0,1.0,0.28867513,1.1412251e-08,1.1760669105242982e-08,1.2859450393420957e-08,3.6622887e-09,1.3310786e-07,1.331078607336167e-07,1.331078607336167e-07,0.0,-27.348076,-27.976866245269775,-26.961238861083984,0.6918073,2.2796779,2.2330045104026794,2.318401277065277,0.07360679,0.75989264,0.7443348467350006,0.7728004604578018,0.024535598,0.14400001,0.12400000542402267,0.1680000126361847,0.038290754,0.0,0.0,0.0,0.0,0.1600452,0.13912013545632362,0.1813846118748188,0.02842585,11.920083,11.920083045959473,11.920083045959473,0.0,11.9400835,11.940083503723145,11.940083503723145,0.0,1913600.0,1913600.0,1913600.0,0.0
598,0.0,0.0,0.0,0.0,1.0,1.0,1.0,0.0,0.51272076,0.5119045525789261,0.5147665441036224,0.0030545865,0.51272076,0.5119045525789261,0.5147665441036224,0.0030545865,1.0132118,1.0027729123830795,1.0350145101547241,0.028525807,0.09719799,0.09225610084831715,0.09937940910458565,0.006501519,0.09719799,0.09225610084831715,0.09937940910458565,0.006501519,1.0,1.0,1.0,0.0,1.2681624e-08,1.2036844410090453e-08,1.2966237639133738e-08,8.4826673e-10,1.3047207e-07,1.3047207403360517e-07,1.3047207403360517e-07,0.0,-27.093748,-27.290173053741455,-26.810884952545166,0.60481864,2.2291105,2.2061444520950317,2.2770774364471436,0.06275802,0.7430368,0.7353814989328384,0.7590258419513702,0.020919345,0.17,0.14000000059604645,0.20999999344348907,0.043275017,0.0016666666,0.0,0.0,0.0038924946,0.14287905,0.13457075133919716,0.1485031172633171,0.021311741,11.9400835,11.940083503723145,11.940083503723145,0.0,11.960084,11.960083961486816,11.960083961486816,0.0,1916800.0,1916800.0,1916800.0,0.0
599,0.0,0.0,0.0,0.0,1.0,1.0,1.0,0.0,0.51272076,0.5119045525789261,0.5147665441036224,0.0030545865,0.51272076,0.5119045525789261,0.5147665441036224,0.0030545865,1.0338143,1.0157893002033234,1.037350594997406,0.024244005,0.08602754,0.09175916388630867,0.09643019549548626,0.027217664,0.09263759,0.09175916388630867,0.09643019549548626,0.0049428195,0.9166667,1.0,1.0,0.28867513,1.1001934e-08,1.1734943017316368e-08,1.2332314058838278e-08,3.4808265e-09,1.2788851e-07,1.27888512224672e-07,1.27888512224672e-07,0.0,-27.440279,-27.757243156433105,-26.86835241317749,0.6967527,2.274437,2.2347810864448547,2.2822169065475464,0.053337887,0.75814563,0.7449270486831665,0.7607389986515045,0.017779293,0.156,0.11800000444054604,0.19200000166893005,0.045702595,0.0,0.0,0.0,0.0,0.15812948,0.14104285091161728,0.17323094233870506,0.023728587,11.960084,11.960083961486816,11.960083961486816,0.0,11.980084,11.980084419250488,11.980084419250488,0.0,1920000.0,1920000.0,1920000.0,0.0
600,0.0,0.0,0.0,0.0,1.0,1.0,1.0,0.0,0.51272076,0.5119045525789261,0.5147665441036224,0.0030545865,0.51272076,0.5119045525789261,0.5147665441036224,0.0030545865,1.0424095,1.0346181094646454,1.0605956017971039,0.028088799,0.09087328,0.08697701059281826,0.09234165400266647,0.006019331,0.09087328,0.08697701059281826,0.09234165400266647,0.006019331,1.0,1.0,1.0,0.0,1.139152e-08,1.0903098646153353e-08,1.1575589375922846e-08,7.5455975e-10,1.253561e-07,1.2535609528185887e-07,1.2535609528185887e-07,0.0,-27.378738,-27.8697829246521,-27.140742778778076,0.7601356,2.2933466,2.27620530128479,2.3333569169044495,0.061796565,0.76444894,0.7587351053953171,0.7777856439352036,0.020598847,0.15200001,0.12800000607967377,0.17800001427531242,0.03126427,0.0,0.0,0.0,0.0,0.16266115,0.1536930836737156,0.17629695683717728,0.02106456,11.980084,11.980084419250488,11.980084419250488,0.0,12.000085,12.00008487701416,12.00008487701416,0.0,1923200.0,1923200.0,1923200.0,0.0
601,0.0,0.0,0.0,0.0,1.0,1.0,1.0,0.0,0.51272076,0.5119045525789261,0.5147665441036224,0.0030545865,0.51272076,0.5119045525789261,0.5147665441036224,0.0030545865,1.0405167,1.0247298181056976,1.0567374229431152,0.031039646,0.09130865,0.08775312453508377,0.0944686233997345,0.006644992,0.09130865,0.08775312453508377,0.0944686233997345,0.006644992,1.0,1.0,1.0,0.0,1.1219444e-08,1.0782562398503615e-08,1.1607721228656942e-08,8.1649554e-10,1.2287383e-07,1.2287382844533568e-07,1.2287382844533568e-07,0.0,-27.302107,-27.748409271240234,-26.485548496246338,0.973257,2.2891824,2.2544506192207336,2.3248687982559204,0.068288565,0.76306087,0.7514835745096207,0.7749562710523605,0.022762854,0.16266668,0.15000000968575478,0.18000001087784767,0.029803397,0.0,0.0,0.0,0.0,0.15814194,0.1466125175356865,0.1726715788245201,0.018465232,12.000085,12.00008487701416,12.00008487701416,0.0,12.020085,12.020085334777832,12.020085334777832,0.0,1926400.0,1926400.0,1926400.0,0.0
602,0.0,0.0,0.0,0.0,1.0,1.0,1.0,0.0,0.51272076,0.5119045525789261,0.5147665441036224,0.0030545865,0.51272076,0.5119045525789261,0.5147665441036224,0.0030545865,1.0222837,0.9879399687051773,1.0560020804405212,0.037015036,0.09531507,0.08790289424359798,0.10281595028936863,0.008116407,0.09531507,0.08790289424359798,0.10281595028936863,0.008116407,1.0,1.0,1.0,0.0,1.14798135e-08,1.0587086318736283e-08,1.238322533403391e-08,9.775459e-10,1.204407e-07,1.2044070274441765e-07,1.2044070274441765e-07,0.0,-27.1797,-27.769195079803467,-26.72495174407959,0.7390325,2.249069,2.173511326313019,2.323250889778137,0.081434704,0.74968976,0.7245038002729416,0.774416983127594,0.027144892,0.14666668,0.12600000575184822,0.16200001165270805,0.02671511,0.0,0.0,0.0,0.0,0.15135057,0.13972696661949158,0.1613658219575882,0.013109265,12.020085,12.020085334777832,12.020085334777832,0.0,12.040086,12.040085792541504,12.040085792541504,0.0,1929600.0,1929600.0,1929600.0,0.0
603,0.0,0.0,0.0,0.0,1.0,1.0,1.0,0.0,0.51272076,0.5119045525789261,0.5147665441036224,0.0030545865,0.51272076,0.5119045525789261,0.5147665441036224,0.0030545865,1.0196985,0.9967616200447083,1.0350899994373322,0.029258424,0.09576251,0.09225278720259666,0.10074853152036667,0.0063531636,0.09576251,0.09225278720259666,0.10074853152036667,0.0063531636,1.0,1.0,1.0,0.0,1.1305315e-08,1.0890971235966163e-08,1.189394316369885e-08,7.5002754e-10,1.18055745e-07,1.180557447355568e-07,1.180557447355568e-07,0.0,-27.088348,-27.555737018585205,-26.741628170013428,0.58883494,2.2433815,2.192919373512268,2.277243435382843,0.06436984,0.74779385,0.7309731394052505,0.7590811848640442,0.021456616,0.17000002,0.14400000870227814,0.20800000429153442,0.034641016,0.0,0.0,0.0,0.0,0.15831465,0.14609230309724808,0.1665458083152771,0.014578933,12.040086,12.040085792541504,12.040085792541504,0.0,12.060086,12.060086250305176,12.060086250305176,0.0,1932800.0,1932800.0,1932800.0,0.0
604,0.0,0.0,0.0,0.0,1.0,1.0,1.0,0.0,0.51272076,0.5119045525789261,0.5147665441036224,0.0030545865,0.51272076,0.5119045525789261,0.5147665441036224,0.0030545865,1.0250746,1.0034852921962738,1.05063596367836,0.03417261,0.09465912,0.08899634517729282,0.09920093975961208,0.007499377,0.09465912,0.08899634517729282,0.09920093975961208,0.007499377,1.0,1.0,1.0,0.0,1.0953769e-08,1.0298482733261949e-08,1.1479338812847573e-08,8.6781327e-10,1.15718045e-07,1.1571804492405136e-07,1.1571804492405136e-07,0.0,-27.214441,-27.866276741027832,-26.921688556671143,0.6729481,2.2552092,2.2077117562294006,2.3114453554153442,0.07518125,0.75173646,0.7359039336442947,0.7704818099737167,0.025060423,0.16333334,0.1420000083744526,0.17600001394748688,0.03171846,0.0,0.0,0.0,0.0,0.16055936,0.14562110230326653,0.17718860507011414,0.02135131,12.060086,12.060086250305176,12.060086250305176,0.0,12.080087,12.080086708068848,12.080086708068848,0.0,1936000.0,1936000.0,1936000.0,0.0
605,0.0,0.0,0.0,0.0,1.0,1.0,1.0,0.0,0.51272076,0.5119045525789261,0.5147665441036224,0.0030545865,0.51272076,0.5119045525789261,0.5147665441036224,0.0030545865,1.0356487,1.0115729123353958,1.0472663640975952,0.034020405,0.085815094,0.08971339836716652,0.09738337621092796,0.027599858,0.092374675,0.08971339836716652,0.09738337621092796,0.0070653977,0.9166667,1.0,1.0,0.28867513,9.733715e-09,1.017588746599074e-08,1.1045867331915815e-08,3.1305587e-09,1.1342663e-07,1.1342662276092597e-07,1.1342662276092597e-07,0.0,-27.380617,-27.676944732666016,-27.021779537200928,0.73171705,2.2784727,2.225504755973816,2.304032027721405,0.07484639,0.75949097,0.7418349534273148,0.7680106908082962,0.024948794,0.164,0.14400000870227814,0.1940000019967556,0.038214706,0.0,0.0,0.0,0.0,0.15860288,0.14974872395396233,0.16828804463148117,0.014155338,12.080087,12.080086708068848,12.080086708068848,0.0,12.100087,12.10008716583252,12.10008716583252,0.0,1939200.0,1939200.0,1939200.0,0.0
606,0.0,0.0,0.0,0.0,1.0,1.0,1.0,0.0,0.51272076,0.5119045525789261,0.5147665441036224,0.0030545865,0.51272076,0.5119045525789261,0.5147665441036224,0.0030545865,1.041258,1.02450492978096,1.074957937002182,0.048998605,0.08493217,0.0841673742979765,0.09451421536505222,0.02851213,0.09148107,0.0841673742979765,0.09451421536505222,0.010679161,0.9166667,1.0,1.0,0.28867513,9.442807e-09,9.357776997731548e-09,1.0508144798748731e-08,3.169995e-09,1.11180576e-07,1.1118057585690622e-07,1.1118057585690622e-07,0.0,-27.69787,-28.244282722473145,-27.285025596618652,0.80553275,2.2908134,2.2539557814598083,2.364954650402069,0.1077991,0.76360446,0.7513186186552048,0.7883182466030121,0.035933025,0.14800002,0.12800000607967377,0.17600001394748688,0.029443324,0.0,0.0,0.0,0.0,0.1686871,0.15746160969138145,0.17669488862156868,0.01708276,12.100087,12.10008716583252,12.10008716583252,0.0,12.120088,12.120087623596191,12.120087623596191,0.0,1942400.0,1942400.0,1942400.0,0.0
607,0.0,0.0,0.0,0.0,1.0,1.0,1.0,0.0,0.51272076,0.5119045525789261,0.5147665441036224,0.0030545865,0.51272076,0.5119045525789261,0.5147665441036224,0.0030545865,1.0521945,1.030901938676834,1.0707440376281738,0.027531216,0.08884127,0.08496841602027416,0.09313218668103218,0.0057329037,0.08884127,0.08496841602027416,0.09313218668103218,0.0057329037,1.0,1.0,1.0,0.0,9.681833e-09,9.259773392500392e-09,1.014945283372981e-08,6.247661e-10,1.08979e-07,1.0897900182271769e-07,1.0897900182271769e-07,0.0,-27.530313,-28.15425682067871,-27.05238151550293,0.7869949,2.3148742,2.2680294513702393,2.355683982372284,0.06056991,0.77162474,0.7560098469257355,0.7852280139923096,0.020189967,0.14133334,0.12000000476837158,0.1600000113248825,0.029211871,0.0006666667,0.0,0.0,0.0023094013,0.15821943,0.14801638200879097,0.17107006907463074,0.019628676,12.120088,12.120087623596191,12.120087623596191,0.0,12.140088,12.140088081359863,12.140088081359863,0.0,1945600.0,1945600.0,1945600.0,0.0
608,0.0,0.0,0.0,0.0,1.0,1.0,1.0,0.0,0.51272076,0.5119045525789261,0.5147665441036224,0.0030545865,0.51272076,0.5119045525789261,0.5147665441036224,0.0030545865,1.0290167,1.0143751204013824,1.0417096018791199,0.026849892,0.09369794,0.09086737781763077,0.09674417227506638,0.0056354557,0.09369794,0.09086737781763077,0.09674417227506638,0.0056354557,1.0,1.0,1.0,0.0,1.000891e-08,9.706545567311764e-09,1.0334310740489627e-08,6.019851e-10,1.0682101e-07,1.0682101247994069e-07,1.0682101247994069e-07,0.0,-27.297457,-27.742586135864258,-26.99293851852417,0.7494629,2.263882,2.2316699028015137,2.2918068170547485,0.059070952,0.7546274,0.7438899725675583,0.7639356255531311,0.019690318,0.17800002,0.15800001099705696,0.21000000461935997,0.037542704,0.0,0.0,0.0,0.0,0.15850352,0.15208249166607857,0.16643239930272102,0.011011054,12.140088,12.140088081359863,12.140088081359863,0.0,12.160089,12.160088539123535,12.160088539123535,0.0,1948800.0,1948800.0,1948800.0,0.0
609,0.0,0.0,0.0,0.0,1.0,1.0,1.0,0.0,0.51272076,0.5119045525789261,0.5147665441036224,0.0030545865,0.51272076,0.5119045525789261,0.5147665441036224,0.0030545865,1.0574082,1.0354909896850586,1.0703217089176178,0.022266624,0.08772295,0.08506020344793797,0.09215329959988594,0.0044752904,0.08772295,0.08506020344793797,0.09215329959988594,0.0044752904,1.0,1.0,1.0,0.0,9.1851e-09,8.906294590715902e-09,9.648982723930999e-09,4.685887e-10,1.0470578e-07,1.0470577649357438e-07,1.0470577649357438e-07,0.0,-27.879095,-28.363176345825195,-27.422956943511963,0.6396995,2.3263447,2.2781256437301636,2.354754865169525,0.048987538,0.77544826,0.7593752145767212,0.7849183082580566,0.01632918,0.16266668,0.1420000083744526,0.17600001394748688,0.028404012,0.0,0.0,0.0,0.0,0.16423286,0.14636986330151558,0.1698586530983448,0.028107062,12.160089,12.160088539123535,12.160088539123535,0.0,12.180089,12.180088996887207,12.180088996887207,0.0,1952000.0,1952000.0,1952000.0,0.0
610,0.0,0.0,0.0,0.0,1.0,1.0,1.0,0.0,0.51272076,0.5119045525789261,0.5147665441036224,0.0030545865,0.51272076,0.5119045525789261,0.5147665441036224,0.0030545865,1.0280678,1.007662683725357,1.04728165268898,0.028673636,0.0939311,0.08968674018979073,0.09825599379837513,0.00630549,0.0939311,0.08968674018979073,0.09825599379837513,0.00630549,1.0,1.0,1.0,0.0,9.640376e-09,9.204767170700734e-09,1.008425010162739e-08,6.4714767e-10,1.0263242e-07,1.0263241989605376e-07,1.0263241989605376e-07,0.0,-27.276896,-27.942105770111084,-27.02980089187622,0.7519202,2.2617943,2.2169021368026733,2.304065704345703,0.063083276,0.7539315,0.7389674037694931,0.7680219113826752,0.02102776,0.16200002,0.1420000083744526,0.17400000989437103,0.037231464,0.0006666667,0.0,0.0,0.0023094013,0.14825724,0.1409905031323433,0.15444450452923775,0.010455633,12.180089,12.180088996887207,12.180088996887207,0.0,12.200089,12.200089454650879,12.200089454650879,0.0,1955200.0,1955200.0,1955200.0,0.0
611,0.0,0.0,0.0,0.0,1.0,1.0,1.0,0.0,0.51272076,0.5119045525789261,0.5147665441036224,0.0030545865,0.51272076,0.5119045525789261,0.5147665441036224,0.0030545865,1.0514026,1.0382537841796875,1.0707304775714874,0.023651142,0.08895848,0.08497079461812973,0.09156868048012257,0.004841649,0.08895848,0.08497079461812973,0.09156868048012257,0.004841649,1.0,1.0,1.0,0.0,8.9492325e-09,8.548070695724164e-09,9.211819085308548e-09,4.870704e-10,1.006001e-07,1.0060010424695065e-07,1.0060010424695065e-07,0.0,-27.539045,-27.69264841079712,-27.259790897369385,0.53065777,2.3131318,2.2842040061950684,2.3556541800498962,0.052033555,0.771044,0.7614013701677322,0.7852180749177933,0.017344506,0.15249999,0.1249999962747097,0.17000000178813934,0.0422385,0.0,0.0,0.0,0.0,0.15578867,0.1395919807255268,0.17056936398148537,0.01900172,12.200089,12.200089454650879,12.200089454650879,0.0,12.22009,12.22008991241455,12.22008991241455,0.0,1958400.0,1958400.0,1958400.0,0.0
612,0.0,0.0,0.0,0.0,1.0,1.0,1.0,0.0,0.51272076,0.5119045525789261,0.5147665441036224,0.0030545865,0.51272076,0.5119045525789261,0.5147665441036224,0.0030545865,1.0244747,0.9985432475805283,1.044645071029663,0.031092763,0.094740875,0.09023849107325077,0.10033983178436756,0.0067043193,0.094740875,0.09023849107325077,0.10033983178436756,0.0067043193,1.0,1.0,1.0,0.0,9.342213e-09,8.898241699029086e-09,9.894315144975963e-09,6.610997e-10,9.860805e-08,9.86080479492557e-08,9.86080479492557e-08,0.0,-27.144201,-27.535160541534424,-26.61606502532959,0.69068575,2.2538896,2.1968389749526978,2.298265039920807,0.06840545,0.7512965,0.7322796881198883,0.7660883814096451,0.022801813,0.14333333,0.12600000575184822,0.17600001394748688,0.03866249,0.0,0.0,0.0,0.0,0.1523038,0.13869232311844826,0.16611872613430023,0.020471942,12.22009,12.22008991241455,12.22008991241455,0.0,12.24009,12.240090370178223,12.240090370178223,0.0,1961600.0,1961600.0,1961600.0,0.0
613,0.0,0.0,0.0,0.0,1.0,1.0,1.0,0.0,0.51272076,0.5119045525789261,0.5147665441036224,0.0030545865,0.51272076,0.5119045525789261,0.5147665441036224,0.0030545865,1.0408444,1.0181062519550323,1.0620553493499756,0.04257032,0.08491767,0.0866855401545763,0.09591659158468246,0.027997179,0.0914345,0.0866855401545763,0.09591659158468246,0.009277177,0.9166667,1.0,1.0,0.28867513,8.207755e-09,8.378629345884292e-09,9.270860301668904e-09,2.7060798e-09,9.665544e-08,9.665544098425016e-08,9.665544098425016e-08,0.0,-27.403055,-27.933200359344482,-27.208269119262695,0.7648453,2.2899034,2.239878475666046,2.336568534374237,0.093656585,0.7633012,0.7466261833906174,0.7788561880588531,0.031218868,0.14266668,0.12400000542402267,0.15400001034140587,0.03215116,0.0,0.0,0.0,0.0,0.16487199,0.15298470109701157,0.17591512203216553,0.014390822,12.24009,12.240090370178223,12.240090370178223,0.0,12.260091,12.260090827941895,12.260090827941895,0.0,1964800.0,1964800.0,1964800.0,0.0
614,0.0,0.0,0.0,0.0,1.0,1.0,1.0,0.0,0.51272076,0.5119045525789261,0.5147665441036224,0.0030545865,0.51272076,0.5119045525789261,0.5147665441036224,0.0030545865,1.0289571,1.014199584722519,1.0462577641010284,0.029038398,0.09374363,0.08990699611604214,0.0967839676886797,0.0063668885,0.09374363,0.08990699611604214,0.0967839676886797,0.0063668885,1.0,1.0,1.0,0.0,8.881412e-09,8.517923255624282e-09,9.169458081714765e-09,6.032085e-10,9.4741495e-08,9.474149464949733e-08,9.474149464949733e-08,0.0,-27.1741,-27.80660581588745,-26.593689918518066,0.7577387,2.2637508,2.231283664703369,2.3018131256103516,0.063885756,0.75458366,0.7437612265348434,0.7672710418701172,0.021295253,0.154,0.1340000070631504,0.18800001218914986,0.03675966,0.0,0.0,0.0,0.0,0.15909381,0.14924894273281097,0.17579079419374466,0.016691525,12.260091,12.260090827941895,12.260090827941895,0.0,12.280091,12.280091285705566,12.280091285705566,0.0,1968000.0,1968000.0,1968000.0,0.0
615,0.0,0.0,0.0,0.0,1.0,1.0,1.0,0.0,0.51272076,0.5119045525789261,0.5147665441036224,0.0030545865,0.51272076,0.5119045525789261,0.5147665441036224,0.0030545865,1.0429888,1.0372198224067688,1.0491011142730713,0.025041234,0.09071333,0.08931159414350986,0.09178817458450794,0.0052122385,0.09071333,0.08931159414350986,0.09178817458450794,0.0052122385,1.0,1.0,1.0,0.0,8.4241325e-09,8.293959963268094e-09,8.523948435978923e-09,4.8403687e-10,9.2865434e-08,9.286543445341522e-08,9.286543445341522e-08,0.0,-27.36235,-27.55255699157715,-27.06026792526245,0.63120776,2.2946212,2.2819292545318604,2.308068633079529,0.05509182,0.76487374,0.7606431096792221,0.7693562209606171,0.018363945,0.15133335,0.1340000070631504,0.17000001296401024,0.024941145,0.0,0.0,0.0,0.0,0.15571047,0.14175884425640106,0.1653992496430874,0.01637326,12.280091,12.280091285705566,12.280091285705566,0.0,12.300092,12.300091743469238,12.300091743469238,0.0,1971200.0,1971200.0,1971200.0,0.0
616,0.0,0.0,0.0,0.0,1.0,1.0,1.0,0.0,0.51272076,0.5119045525789261,0.5147665441036224,0.0030545865,0.51272076,0.5119045525789261,0.5147665441036224,0.0030545865,1.0312048,0.975243866443634,1.0799618661403656,0.059017126,0.08757278,0.08318440616130829,0.10586973838508129,0.029834552,0.093858756,0.08318440616130829,0.10586973838508129,0.012775529,0.9166667,1.0,1.0,0.28867513,7.971447e-09,7.571987481469478e-09,9.63695456768221e-09,2.7157356e-09,9.102653e-08,9.102652853698601e-08,9.102652853698601e-08,0.0,-27.416647,-27.99970531463623,-26.380509853363037,1.1556274,2.2686958,2.1455793976783752,2.3759636282920837,0.12984028,0.75623196,0.7151931375265121,0.791987881064415,0.043280106,0.17733334,0.14400000870227814,0.2160000056028366,0.042171367,0.0013333334,0.0,0.0,0.003113996,0.16010346,0.14512266591191292,0.1785377562046051,0.021081328,12.300092,12.300091743469238,12.300091743469238,0.0,12.320092,12.32009220123291,12.32009220123291,0.0,1974400.0,1974400.0,1974400.0,0.0
617,0.0,0.0,0.0,0.0,1.0,1.0,1.0,0.0,0.51272076,0.5119045525789261,0.5147665441036224,0.0030545865,0.51272076,0.5119045525789261,0.5147665441036224,0.0030545865,1.0470028,1.018058031797409,1.0650532841682434,0.04470714,0.07758854,0.08608909510076046,0.09593813866376877,0.036696594,0.09017124,0.08608909510076046,0.09593813866376877,0.009044535,0.8333333,1.0,1.0,0.38924947,6.922764e-09,7.681217217836434e-09,8.559988939893515e-09,3.2742187e-09,8.9224045e-08,8.922404504119186e-08,8.922404504119186e-08,0.0,-27.588852,-27.863982677459717,-27.242943286895752,0.89858806,2.3034523,2.239772379398346,2.343164026737213,0.09835765,0.76781744,0.7465908080339432,0.781054675579071,0.032785885,0.14933334,0.12200000509619713,0.17600001394748688,0.033826657,0.0,0.0,0.0,0.0,0.16195115,0.1373572014272213,0.174153883010149,0.032771677,12.320092,12.32009220123291,12.32009220123291,0.0,12.340093,12.340092658996582,12.340092658996582,0.0,1977600.0,1977600.0,1977600.0,0.0
618,0.0,0.0,0.0,0.0,1.0,1.0,1.0,0.0,0.51272076,0.5119045525789261,0.5147665441036224,0.0030545865,0.51272076,0.5119045525789261,0.5147665441036224,0.0030545865,1.0311694,1.0094231218099594,1.0561912059783936,0.034223724,0.093337946,0.08786452375352383,0.09786285646259785,0.007283626,0.093337946,0.08786452375352383,0.09786285646259785,0.007283626,1.0,1.0,1.0,0.0,8.16308e-09,7.684390013196207e-09,8.55881654437951e-09,6.370059e-10,8.745726e-08,8.745725210701494e-08,8.745725210701494e-08,0.0,-27.144865,-27.559365272521973,-26.913039207458496,0.83857465,2.2686179,2.2207751870155334,2.323666989803314,0.075293675,0.756206,0.7402583956718445,0.7745556980371475,0.025097903,0.15400001,0.15000000968575478,0.17000001296401024,0.02341717,0.0006666667,0.0,0.0,0.0023094013,0.16223505,0.13981493189930916,0.17806703969836235,0.02427961,12.340093,12.340092658996582,12.340092658996582,0.0,12.360093,12.360093116760254,12.360093116760254,0.0,1980800.0,1980800.0,1980800.0,0.0
619,0.0,0.0,0.0,0.0,1.0,1.0,1.0,0.0,0.51272076,0.5119045525789261,0.5147665441036224,0.0030545865,0.51272076,0.5119045525789261,0.5147665441036224,0.0030545865,1.0295173,1.0110150575637817,1.0342686176300049,0.03512318,0.08717681,0.09242408163845539,0.097497733309865,0.027983276,0.09370196,0.09242408163845539,0.097497733309865,0.00727224,0.9166667,1.0,1.0,0.28867513,7.473271e-09,7.923095513007183e-09,8.358036929223545e-09,2.3988789e-09,8.5725446e-08,8.572544629714685e-08,8.572544629714685e-08,0.0,-27.266771,-27.552902698516846,-26.762247562408447,0.78682435,2.2649834,2.2242775559425354,2.2754364609718323,0.07727255,0.75499445,0.7414258569478989,0.7584788501262665,0.025757516,0.16133334,0.13600000739097595,0.18000001087784767,0.030094799,0.0,0.0,0.0,0.0,0.15729798,0.14578475058078766,0.16452684998512268,0.020255279,12.360093,12.360093116760254,12.360093116760254,0.0,12.380094,12.380093574523926,12.380093574523926,0.0,1984000.0,1984000.0,1984000.0,0.0
620,0.0,0.0,0.0,0.0,1.0,1.0,1.0,0.0,0.51272076,0.5119045525789261,0.5147665441036224,0.0030545865,0.51272076,0.5119045525789261,0.5147665441036224,0.0030545865,1.0130683,0.991675078868866,1.0398277640342712,0.03124436,0.09726935,0.09123774245381355,0.10193550959229469,0.007146675,0.09726935,0.09123774245381355,0.10193550959229469,0.007146675,1.0,1.0,1.0,0.0,8.173342e-09,7.666518531124211e-09,8.565430142937203e-09,6.0052024e-10,8.402793e-08,8.402793127970654e-08,8.402793127970654e-08,0.0,-26.948591,-27.465850353240967,-26.371899127960205,0.7882762,2.2287948,2.181728780269623,2.2876667976379395,0.068738975,0.7429316,0.7272429317235947,0.7625556290149689,0.022913,0.17000002,0.15200001001358032,0.19200000166893005,0.027528495,0.0006666667,0.0,0.0,0.0023094013,0.14715567,0.13038617372512817,0.16338838264346123,0.022843026,12.380094,12.380093574523926,12.380093574523926,0.0,12.400094,12.400094032287598,12.400094032287598,0.0,1987200.0,1987200.0,1987200.0,0.0
621,0.0,0.0,0.0,0.0,1.0,1.0,1.0,0.0,0.51272076,0.5119045525789261,0.5147665441036224,0.0030545865,0.51272076,0.5119045525789261,0.5147665441036224,0.0030545865,1.0316707,1.0168274343013763,1.0429924726486206,0.03311711,0.08674469,0.09058130159974098,0.09620198234915733,0.02774698,0.093210466,0.09058130159974098,0.09620198234915733,0.0069173467,0.9166667,1.0,1.0,0.28867513,7.144642e-09,7.460641104906074e-09,7.923583122959599e-09,2.285353e-09,8.236403e-08,8.236403203909504e-08,8.236403203909504e-08,0.0,-27.223127,-27.660216331481934,-26.918587684631348,0.8652089,2.2697208,2.237065076828003,2.294629216194153,0.07285912,0.7565736,0.7456883788108826,0.7648764103651047,0.024286376,0.148,0.1340000070631504,0.15400001034140587,0.029640267,0.0006666667,0.0,0.0,0.0023094013,0.14999162,0.13974973559379578,0.1615786887705326,0.018129209,12.400094,12.400094032287598,12.400094032287598,0.0,12.4200945,12.42009449005127,12.42009449005127,0.0,1990400.0,1990400.0,1990400.0,0.0
622,0.0,0.0,0.0,0.0,1.0,1.0,1.0,0.0,0.51272076,0.5119045525789261,0.5147665441036224,0.0030545865,0.51272076,0.5119045525789261,0.5147665441036224,0.0030545865,1.0467424,1.035716325044632,1.054922491312027,0.014363161,0.08984083,0.08812086097896099,0.0921051912009716,0.00294066,0.08984083,0.08812086097896099,0.0921051912009716,0.00294066,1.0,1.0,1.0,0.0,7.2531274e-09,7.114268618657604e-09,7.435935978072905e-09,2.3740857e-10,8.073308e-08,8.073308066514073e-08,8.073308066514073e-08,0.0,-27.627365,-27.896830558776855,-27.394659996032715,0.460964,2.3028793,2.2786213755607605,2.320875883102417,0.031599622,0.76762646,0.7595404982566833,0.7736253142356873,0.010533207,0.136,0.11800000444054604,0.14800000935792923,0.026423134,0.0,0.0,0.0,0.0,0.16266114,0.14203239977359772,0.1825798861682415,0.024565285,12.4200945,12.42009449005127,12.42009449005127,0.0,12.440095,12.440094947814941,12.440094947814941,0.0,1993600.0,1993600.0,1993600.0,0.0
623,0.0,0.0,0.0,0.0,1.0,1.0,1.0,0.0,0.51272076,0.5119045525789261,0.5147665441036224,0.0030545865,0.51272076,0.5119045525789261,0.5147665441036224,0.0030545865,1.0283554,1.0115842521190643,1.0533651411533356,0.026837334,0.09384411,0.08843776024878025,0.09737147949635983,0.005825975,0.09384411,0.08843776024878025,0.09737147949635983,0.005825975,1.0,1.0,1.0,0.0,7.4262982e-09,6.998470580832361e-09,7.705435400851002e-09,4.6103513e-10,7.9134416e-08,7.913441635309937e-08,7.913441635309937e-08,0.0,-27.352251,-27.972209453582764,-26.585876941680908,0.8258184,2.262427,2.2255297899246216,2.3174495100975037,0.05904331,0.75414234,0.7418432980775833,0.7724831998348236,0.019681092,0.13666667,0.1340000070631504,0.15200001001358032,0.026303591,0.0,0.0,0.0,0.0,0.15187189,0.14479554444551468,0.15883472561836243,0.021503573,12.440095,12.440094947814941,12.440094947814941,0.0,12.460095,12.460095405578613,12.460095405578613,0.0,1996800.0,1996800.0,1996800.0,0.0
624,0.0,0.0,0.0,0.0,1.0,1.0,1.0,0.0,0.51272076,0.5119045525789261,0.5147665441036224,0.0030545865,0.51272076,0.5119045525789261,0.5147665441036224,0.0030545865,1.0531907,1.0340591371059418,1.0681463181972504,0.029464213,0.08213326,0.08547976613044739,0.0924578458070755,0.026347434,0.08865881,0.08547976613044739,0.0924578458070755,0.005983591,0.9166667,1.0,1.0,0.28867513,6.3708643e-09,6.6304438606223925e-09,7.171715443732296e-09,2.043702e-09,7.756741e-08,7.756740671993612e-08,7.756740671993612e-08,0.0,-27.936972,-28.367717742919922,-27.490917682647705,0.72536135,2.317066,2.2749754786491394,2.3499687910079956,0.06482256,0.7723553,0.7583251893520355,0.7833229601383209,0.021607528,0.1625,0.13250000029802322,0.20999999344348907,0.051190373,0.0008333333,0.0,0.0,0.0028867512,0.16802318,0.15774894878268242,0.17429190129041672,0.015522813,12.460095,12.460095405578613,12.460095405578613,0.0,12.480096,12.480095863342285,12.480095863342285,0.0,2000000.0,2000000.0,2000000.0,0.0
625,0.0,0.0,0.0,0.0,1.0,1.0,1.0,0.0,0.51272076,0.5119045525789261,0.5147665441036224,0.0030545865,0.51272076,0.5119045525789261,0.5147665441036224,0.0030545865,1.0187389,1.0003019273281097,1.0388236045837402,0.029711856,0.09598207,0.09145068190991879,0.09993053041398525,0.0065405136,0.09598207,0.09145068190991879,0.09993053041398525,0.0065405136,1.0,1.0,1.0,0.0,7.2976545e-09,6.953126963082923e-09,7.597862339281392e-09,4.972846e-10,7.603144e-08,7.603144069889822e-08,7.603144069889822e-08,0.0,-27.168142,-27.611170291900635,-26.778133869171143,0.62194365,2.24127,2.2007080912590027,2.285457491874695,0.06536737,0.74709004,0.7335693687200546,0.7618191987276077,0.021789126,0.16533335,0.15600001066923141,0.17800001427531242,0.028608115,0.0006666667,0.0,0.0,0.0023094013,0.15559107,0.1479785479605198,0.1572483442723751,0.016876876,12.480096,12.480095863342285,12.480095863342285,0.0,12.500096,12.500096321105957,12.500096321105957,0.0,2003200.0,2003200.0,2003200.0,0.0
626,0.0,0.0,0.0,0.0,1.0,1.0,1.0,0.0,0.51272076,0.5119045525789261,0.5147665441036224,0.0030545865,0.51272076,0.5119045525789261,0.5147665441036224,0.0030545865,1.0523793,1.038325011730194,1.0723050832748413,0.026578015,0.082240276,0.08466325514018536,0.09155472926795483,0.026256962,0.08878947,0.08466325514018536,0.09155472926795483,0.00538401,0.9166667,1.0,1.0,0.28867513,6.1290297e-09,6.309604283494252e-09,6.823197451488738e-09,1.9568234e-09,7.4525886e-08,7.452588590695086e-08,7.452588590695086e-08,0.0,-27.563814,-27.930622100830078,-27.015387058258057,0.641266,2.3152804,2.284360706806183,2.359118342399597,0.05847281,0.77176017,0.7614535689353943,0.7863728106021881,0.019490942,0.14666668,0.1340000070631504,0.1600000113248825,0.021931022,0.0,0.0,0.0,0.0,0.16331552,0.1490984745323658,0.17784884572029114,0.020749727,12.500096,12.500096321105957,12.500096321105957,0.0,12.520097,12.520096778869629,12.520096778869629,0.0,2006400.0,2006400.0,2006400.0,0.0
627,0.0,0.0,0.0,0.0,1.0,1.0,1.0,0.0,0.51272076,0.5119045525789261,0.5147665441036224,0.0030545865,0.51272076,0.5119045525789261,0.5147665441036224,0.0030545865,1.0467043,1.036178082227707,1.062874048948288,0.029089464,0.083456375,0.0865243673324585,0.09201378002762794,0.026700689,0.08998743,0.0865243673324585,0.09201378002762794,0.005963644,0.9166667,1.0,1.0,0.28867513,6.0964993e-09,6.320617029764719e-09,6.721619372207499e-09,1.9504889e-09,7.305014e-08,7.305013838276864e-08,7.305013838276864e-08,0.0,-27.52662,-27.843225955963135,-27.009270668029785,0.6778246,2.3027954,2.279637336730957,2.338369607925415,0.06399815,0.76759845,0.7598791271448135,0.7794565558433533,0.021332724,0.15200001,0.11600000411272049,0.18400001525878906,0.04121783,0.0,0.0,0.0,0.0,0.1627668,0.1497982256114483,0.18115754425525665,0.019732505,12.520097,12.520096778869629,12.520096778869629,0.0,12.540097,12.5400972366333,12.5400972366333,0.0,2009600.0,2009600.0,2009600.0,0.0
628,0.0,0.0,0.0,0.0,1.0,1.0,1.0,0.0,0.51272076,0.5119045525789261,0.5147665441036224,0.0030545865,0.51272076,0.5119045525789261,0.5147665441036224,0.0030545865,1.0438528,1.0210989117622375,1.0745835900306702,0.04155968,0.08420912,0.0842222310602665,0.09526191838085651,0.027755093,0.09078459,0.0842222310602665,0.09526191838085651,0.0090045715,0.9166667,1.0,1.0,0.28867513,6.0296776e-09,6.030616228613894e-09,6.821097797704567e-09,1.987365e-09,7.1603615e-08,7.160361548130822e-08,7.160361548130822e-08,0.0,-27.68467,-28.144056797027588,-26.97361660003662,0.8086959,2.2965221,2.246462404727936,2.3641311526298523,0.09143314,0.7655074,0.7488208413124084,0.7880437225103378,0.030477721,0.15666668,0.14600000903010368,0.17800001427531242,0.03367582,0.0006666667,0.0,0.0,0.0023094013,0.16875298,0.14811761304736137,0.19294210150837898,0.03256055,12.540097,12.5400972366333,12.5400972366333,0.0,12.560098,12.560097694396973,12.560097694396973,0.0,2012800.0,2012800.0,2012800.0,0.0
629,0.0,0.0,0.0,0.0,1.0,1.0,1.0,0.0,0.51272076,0.5119045525789261,0.5147665441036224,0.0030545865,0.51272076,0.5119045525789261,0.5147665441036224,0.0030545865,1.0347143,1.0150150656700134,1.0530399978160858,0.023785062,0.092443645,0.08850757777690887,0.09660172276198864,0.0049918382,0.092443645,0.08850757777690887,0.09660172276198864,0.0049918382,1.0,1.0,1.0,0.0,6.488225e-09,6.211969272307272e-09,6.780062844491397e-09,3.5035586e-10,7.0185735e-08,7.01857345575263e-08,7.01857345575263e-08,0.0,-27.41886,-27.978600025177002,-26.679152011871338,0.74177986,2.276417,2.2330777645111084,2.316734194755554,0.05232818,0.7588057,0.7443592548370361,0.7722447365522385,0.017442722,0.154,0.14000000804662704,0.16200001165270805,0.027528498,0.0,0.0,0.0,0.0,0.15835375,0.14515149220824242,0.1674686037003994,0.02082168,12.560098,12.560097694396973,12.560097694396973,0.0,12.580098,12.580098152160645,12.580098152160645,0.0,2016000.0,2016000.0,2016000.0,0.0
630,0.0,0.0,0.0,0.0,1.0,1.0,1.0,0.0,0.51272076,0.5119045525789261,0.5147665441036224,0.0030545865,0.51272076,0.5119045525789261,0.5147665441036224,0.0030545865,1.0372576,1.0089137256145477,1.0582062304019928,0.03960588,0.0921356,0.08746062219142914,0.09796871617436409,0.008638434,0.0921356,0.08746062219142914,0.09796871617436409,0.008638434,1.0,1.0,1.0,0.0,6.3385546e-09,6.016935061303741e-09,6.739849345294147e-09,5.942892e-10,6.8795934e-08,6.879593428266162e-08,6.879593428266162e-08,0.0,-27.328909,-27.788456916809082,-27.029097080230713,0.5037301,2.2820122,2.219654619693756,2.328100264072418,0.087134674,0.7606707,0.7398848831653595,0.7760334610939026,0.029044893,0.13733335,0.11000000312924385,0.15600001066923141,0.034423392,0.0,0.0,0.0,0.0,0.15489553,0.1448020599782467,0.16110605001449585,0.015961673,12.580098,12.580098152160645,12.580098152160645,0.0,12.600099,12.600098609924316,12.600098609924316,0.0,2019200.0,2019200.0,2019200.0,0.0
631,0.0,0.0,0.0,0.0,1.0,1.0,1.0,0.0,0.51272076,0.5119045525789261,0.5147665441036224,0.0030545865,0.51272076,0.5119045525789261,0.5147665441036224,0.0030545865,1.0461797,1.0180183947086334,1.0735874474048615,0.039661,0.0838491,0.08442201092839241,0.0959413480013609,0.02731274,0.09025436,0.08442201092839241,0.0959413480013609,0.00815558,0.9166667,1.0,1.0,0.28867513,5.6542517e-09,5.692884719188385e-09,6.4696757950954975e-09,1.8417979e-09,6.743365e-08,6.743365332795292e-08,6.743365332795292e-08,0.0,-27.72164,-28.20143413543701,-27.50875759124756,0.63474303,2.3016412,2.2396852374076843,2.3619396686553955,0.08725595,0.76721376,0.7465617507696152,0.7873132526874542,0.02908531,0.14600001,0.13200000673532486,0.1680000126361847,0.026886974,0.0,0.0,0.0,0.0,0.16343288,0.15197769552469254,0.16782673075795174,0.022783453,12.600099,12.600098609924316,12.600098609924316,0.0,12.620099,12.620099067687988,12.620099067687988,0.0,2022400.0,2022400.0,2022400.0,0.0
632,0.0,0.0,0.0,0.0,1.0,1.0,1.0,0.0,0.51272076,0.5119045525789261,0.5147665441036224,0.0030545865,0.51272076,0.5119045525789261,0.5147665441036224,0.0030545865,1.0251777,1.011154055595398,1.0450280904769897,0.02522128,0.094514586,0.09015198238193989,0.09747106768190861,0.005555232,0.094514586,0.09015198238193989,0.09747106768190861,0.005555232,1.0,1.0,1.0,0.0,6.2472587e-09,5.958897486557646e-09,6.4426770585157556e-09,3.6719164e-10,6.609835e-08,6.609835168092104e-08,6.609835168092104e-08,0.0,-27.292273,-27.688968181610107,-27.004018306732178,0.5788057,2.2554362,2.2245834469795227,2.299107789993286,0.0554879,0.75181204,0.7415278553962708,0.7663692981004715,0.01849597,0.16200002,0.14000000804662704,0.18800001218914986,0.0369176,0.0,0.0,0.0,0.0,0.15181786,0.1409187838435173,0.1537352353334427,0.019578528,12.620099,12.620099067687988,12.620099067687988,0.0,12.6401,12.64009952545166,12.64009952545166,0.0,2025600.0,2025600.0,2025600.0,0.0
633,0.0,0.0,0.0,0.0,1.0,1.0,1.0,0.0,0.51272076,0.5119045525789261,0.5147665441036224,0.0030545865,0.51272076,0.5119045525789261,0.5147665441036224,0.0030545865,1.021999,1.0080774277448654,1.0454395711421967,0.03330512,0.09531939,0.09006785973906517,0.09818916767835617,0.007404353,0.09531939,0.09006785973906517,0.09818916767835617,0.007404353,1.0,1.0,1.0,0.0,6.175694e-09,5.835450123115038e-09,6.3616253376252985e-09,4.797241e-10,6.478948e-08,6.478948222365943e-08,6.478948222365943e-08,0.0,-27.042198,-27.68940019607544,-26.282419681549072,0.8414862,2.2484426,2.217814564704895,2.3000128865242004,0.073272705,0.7494809,0.7392715215682983,0.7666709721088409,0.024424238,0.15933333,0.14000000804662704,0.17600001394748688,0.026742317,0.0,0.0,0.0,0.0,0.14934908,0.1382884867489338,0.15689222887158394,0.01445243,12.6401,12.64009952545166,12.64009952545166,0.0,12.6601,12.660099983215332,12.660099983215332,0.0,2028800.0,2028800.0,2028800.0,0.0
634,0.0,0.0,0.0,0.0,1.0,1.0,1.0,0.0,0.51272076,0.5119045525789261,0.5147665441036224,0.0030545865,0.51272076,0.5119045525789261,0.5147665441036224,0.0030545865,1.0214943,1.0031890869140625,1.0490671694278717,0.02888435,0.09536528,0.08931794576346874,0.099269213154912,0.006387791,0.09536528,0.08931794576346874,0.099269213154912,0.006387791,1.0,1.0,1.0,0.0,6.056318e-09,5.672273206691614e-09,6.304243460597547e-09,4.0566647e-10,6.350653e-08,6.350653336539835e-08,6.350653336539835e-08,0.0,-27.063269,-27.45821237564087,-26.774528980255127,0.5576022,2.2473323,2.2070600390434265,2.3079938888549805,0.063546844,0.74911076,0.7356867045164108,0.7693313360214233,0.021182293,0.156,0.13600000739097595,0.17000001296401024,0.026312804,0.0,0.0,0.0,0.0,0.14780541,0.13715683296322823,0.15801043808460236,0.01533247,12.6601,12.660099983215332,12.660099983215332,0.0,12.6801,12.680100440979004,12.680100440979004,0.0,2032000.0,2032000.0,2032000.0,0.0
635,0.0,0.0,0.0,0.0,1.0,1.0,1.0,0.0,0.51272076,0.5119045525789261,0.5147665441036224,0.0030545865,0.51272076,0.5119045525789261,0.5147665441036224,0.0030545865,1.0271305,1.000298410654068,1.05178964138031,0.030673599,0.09415916,0.08876065909862518,0.09993158094584942,0.0066538705,0.09415916,0.08876065909862518,0.09993158094584942,0.0066538705,1.0,1.0,1.0,0.0,5.861313e-09,5.525261581595942e-09,6.2206404471965016e-09,4.141967e-10,6.224899e-08,6.224899351536806e-08,6.224899351536806e-08,0.0,-27.435167,-27.75178337097168,-27.065497398376465,0.6669242,2.2597325,2.2007004618644714,2.3139835000038147,0.06748324,0.75324416,0.7335668355226517,0.7713278383016586,0.022494411,0.15,0.13600000739097595,0.17600001394748688,0.029170347,0.0,0.0,0.0,0.0,0.1611671,0.15212006866931915,0.1651778407394886,0.015627457,12.6801,12.680100440979004,12.680100440979004,0.0,12.700101,12.700100898742676,12.700100898742676,0.0,2035200.0,2035200.0,2035200.0,0.0
636,0.0,0.0,0.0,0.0,1.0,1.0,1.0,0.0,0.51272076,0.5119045525789261,0.5147665441036224,0.0030545865,0.51272076,0.5119045525789261,0.5147665441036224,0.0030545865,1.0263137,1.0083184838294983,1.0433063805103302,0.024796167,0.09426115,0.09051671624183655,0.09810760244727135,0.005351766,0.09426115,0.09051671624183655,0.09810760244727135,0.005351766,1.0,1.0,1.0,0.0,5.7514717e-09,5.523000168317083e-09,5.9861687828899335e-09,3.2654532e-10,6.101636e-08,6.101635818822615e-08,6.101635818822615e-08,0.0,-27.33757,-27.7114200592041,-27.18808603286743,0.5113627,2.2579353,2.218345046043396,2.2953197956085205,0.054552644,0.7526451,0.7394483685493469,0.7651066035032272,0.018184215,0.15533334,0.13600000739097595,0.18000001087784767,0.030976042,0.0006666667,0.0,0.0,0.0023094013,0.15610678,0.1454680860042572,0.16743716970086098,0.017125517,12.700101,12.700100898742676,12.700100898742676,0.0,12.720101,12.720101356506348,12.720101356506348,0.0,2038400.0,2038400.0,2038400.0,0.0
637,0.0,0.0,0.0,0.0,1.0,1.0,1.0,0.0,0.51272076,0.5119045525789261,0.5147665441036224,0.0030545865,0.51272076,0.5119045525789261,0.5147665441036224,0.0030545865,1.0241625,1.0051717907190323,1.0447478294372559,0.029710824,0.09479227,0.09021876007318497,0.09883280657231808,0.0065268804,0.09479227,0.09021876007318497,0.09883280657231808,0.0065268804,1.0,1.0,1.0,0.0,5.6693477e-09,5.395814683950562e-09,5.911004685721366e-09,3.9036044e-10,5.980812e-08,5.980812289863024e-08,5.980812289863024e-08,0.0,-27.26116,-27.62730646133423,-26.918041229248047,0.522135,2.2532027,2.211422026157379,2.29849112033844,0.06536514,0.7510676,0.7371407151222229,0.76616370677948,0.021788374,0.1575,0.13749999180436134,0.19249999523162842,0.04494947,0.0,0.0,0.0,0.0,0.15243375,0.14620186761021614,0.15833507478237152,0.0116266925,12.720101,12.720101356506348,12.720101356506348,0.0,12.740102,12.74010181427002,12.74010181427002,0.0,2041600.0,2041600.0,2041600.0,0.0
638,0.0,0.0,0.0,0.0,1.0,1.0,1.0,0.0,0.51272076,0.5119045525789261,0.5147665441036224,0.0030545865,0.51272076,0.5119045525789261,0.5147665441036224,0.0030545865,1.0367445,1.0189340114593506,1.0637157261371613,0.026268689,0.09204125,0.08635442145168781,0.09573526307940483,0.0055536497,0.09204125,0.08635442145168781,0.09573526307940483,0.0055536497,1.0,1.0,1.0,0.0,5.3958082e-09,5.062425145752059e-09,5.612365905349748e-09,3.2557615e-10,5.862381e-08,5.862381158294738e-08,5.862381158294738e-08,0.0,-27.492022,-27.867167949676514,-27.11333656311035,0.6410404,2.2808836,2.2416996359825134,2.3402212858200073,0.057792235,0.7602945,0.7472332119941711,0.7800737619400024,0.019264078,0.15866667,0.1340000070631504,0.19200000166893005,0.039018255,0.0,0.0,0.0,0.0,0.16368042,0.15692931413650513,0.17360832914710045,0.0142699415,12.740102,12.74010181427002,12.74010181427002,0.0,12.760102,12.760102272033691,12.760102272033691,0.0,2044800.0,2044800.0,2044800.0,0.0
639,0.0,0.0,0.0,0.0,1.0,1.0,1.0,0.0,0.51272076,0.5119045525789261,0.5147665441036224,0.0030545865,0.51272076,0.5119045525789261,0.5147665441036224,0.0030545865,1.0273572,1.002728059887886,1.0407907664775848,0.040876985,0.08792549,0.09110192954540253,0.09937529265880585,0.028393159,0.09426606,0.09110192954540253,0.09937529265880585,0.0084998235,0.9166667,1.0,1.0,0.28867513,5.05246e-09,5.234986666380337e-09,5.710398820468754e-09,1.631555e-09,5.7462966e-08,5.746296238839932e-08,5.746296238839932e-08,0.0,-27.18696,-27.62601137161255,-26.744898319244385,0.76406515,2.260231,2.2060457468032837,2.2897855043411255,0.08993117,0.75341034,0.7353485971689224,0.7632618546485901,0.029977048,0.15533334,0.13200000673532486,0.17800001427531242,0.029236758,0.0,0.0,0.0,0.0,0.15075487,0.13714919239282608,0.15837660804390907,0.015312492,12.760102,12.760102272033691,12.760102272033691,0.0,12.780103,12.780102729797363,12.780102729797363,0.0,2048000.0,2048000.0,2048000.0,0.0
640,0.0,0.0,0.0,0.0,1.0,1.0,1.0,0.0,0.51272076,0.5119045525789261,0.5147665441036224,0.0030545865,0.51272076,0.5119045525789261,0.5147665441036224,0.0030545865,1.0415927,1.005467563867569,1.082312434911728,0.050854526,0.078336455,0.08273513801395893,0.0987680871039629,0.03769557,0.091445245,0.08273513801395893,0.0987680871039629,0.0108542405,0.8333333,1.0,1.0,0.38924947,4.4123074e-09,4.660063779304835e-09,5.563121185936382e-09,2.1232063e-09,5.632509e-08,5.632508859321206e-08,5.632508859321206e-08,0.0,-27.202904,-27.85831880569458,-26.421149253845215,0.9685498,2.2915497,2.212072789669037,2.381134867668152,0.111882195,0.7638499,0.7373576164245605,0.7937116622924805,0.037294067,0.14266668,0.11600000411272049,0.17800001427531242,0.04161585,0.0006666667,0.0,0.0,0.0023094013,0.15951474,0.1474660187959671,0.16971443593502045,0.024295568,12.780103,12.780102729797363,12.780102729797363,0.0,12.800103,12.800103187561035,12.800103187561035,0.0,2051200.0,2051200.0,2051200.0,0.0
641,0.0,0.0,0.0,0.0,1.0,1.0,1.0,0.0,0.51272076,0.5119045525789261,0.5147665441036224,0.0030545865,0.51272076,0.5119045525789261,0.5147665441036224,0.0030545865,1.0389421,1.0210677087306976,1.058905303478241,0.030454392,0.08505976,0.08731625601649284,0.09526478499174118,0.027232718,0.091628075,0.08731625601649284,0.09526478499174118,0.006352468,0.9166667,1.0,1.0,0.28867513,4.696129e-09,4.820709165187509e-09,5.25954546581886e-09,1.5035118e-09,5.5209757e-08,5.5209756766316787e-08,5.5209756766316787e-08,0.0,-27.546824,-27.948091983795166,-26.991075038909912,0.69700223,2.2857182,2.2463937401771545,2.329638123512268,0.06700101,0.76190615,0.7487979531288147,0.776546061038971,0.022333672,0.14866666,0.12000000476837158,0.17200001329183578,0.032083225,0.0,0.0,0.0,0.0,0.16425335,0.15559087321162224,0.17523246258497238,0.01221895,12.800103,12.800103187561035,12.800103187561035,0.0,12.820104,12.820103645324707,12.820103645324707,0.0,2054400.0,2054400.0,2054400.0,0.0
642,0.0,0.0,0.0,0.0,1.0,1.0,1.0,0.0,0.51272076,0.5119045525789261,0.5147665441036224,0.0030545865,0.51272076,0.5119045525789261,0.5147665441036224,0.0030545865,1.0435345,1.0316239595413208,1.0620253682136536,0.026603037,0.090619214,0.08669210784137249,0.09298160672187805,0.0056432593,0.090619214,0.08669210784137249,0.09298160672187805,0.0056432593,1.0,1.0,1.0,0.0,4.903995e-09,4.691473431961413e-09,5.031839389602055e-09,3.0539352e-10,5.41165e-08,5.411650150222158e-08,5.411650150222158e-08,0.0,-27.225815,-27.352709770202637,-26.867085933685303,0.58121914,2.295822,2.2696179151535034,2.336502492427826,0.058527853,0.765274,0.7565393298864365,0.7788341790437698,0.019509284,0.15666668,0.13600000739097595,0.18400001525878906,0.039701924,0.0006666667,0.0,0.0,0.0023094013,0.16309078,0.15779371559619904,0.16871913149952888,0.020337392,12.820104,12.820103645324707,12.820103645324707,0.0,12.840104,12.840104103088379,12.840104103088379,0.0,2057600.0,2057600.0,2057600.0,0.0
643,0.0,0.0,0.0,0.0,1.0,1.0,1.0,0.0,0.51272076,0.5119045525789261,0.5147665441036224,0.0030545865,0.51272076,0.5119045525789261,0.5147665441036224,0.0030545865,1.0352441,1.0084083378314972,1.0648342669010162,0.03296942,0.092449926,0.0861332081258297,0.09808346070349216,0.0070509366,0.092449926,0.0861332081258297,0.09808346070349216,0.0070509366,1.0,1.0,1.0,0.0,4.9039963e-09,4.568927236547893e-09,5.202826947048322e-09,3.7401618e-10,5.3044896e-08,5.3044896475284986e-08,5.3044896475284986e-08,0.0,-27.21264,-27.487690925598145,-26.938281536102295,0.6191071,2.2775824,2.2185425758361816,2.342682182788849,0.07253419,0.7591942,0.7395142018795013,0.780894085764885,0.024178058,0.14866668,0.12000000476837158,0.17000001296401024,0.03208323,0.0,0.0,0.0,0.0,0.1572268,0.14381015673279762,0.17312154173851013,0.017180275,12.840104,12.840104103088379,12.840104103088379,0.0,12.860105,12.86010456085205,12.86010456085205,0.0,2060800.0,2060800.0,2060800.0,0.0
644,0.0,0.0,0.0,0.0,1.0,1.0,1.0,0.0,0.51272076,0.5119045525789261,0.5147665441036224,0.0030545865,0.51272076,0.5119045525789261,0.5147665441036224,0.0030545865,1.0213255,1.015523537993431,1.040808230638504,0.0428921,0.0956477,0.09103798307478428,0.09651557728648186,0.009901644,0.0956477,0.09103798307478428,0.09651557728648186,0.009901644,1.0,1.0,1.0,0.0,4.973156e-09,4.733476277607451e-09,5.0182810129584254e-09,5.148312e-10,5.199452e-08,5.1994518912579224e-08,5.1994518912579224e-08,0.0,-27.250841,-27.62364912033081,-27.025836944580078,0.91147214,2.2469609,2.2341963052749634,2.2898237109184265,0.09436451,0.748987,0.7447321265935898,0.7632745951414108,0.031454835,0.16266668,0.1420000083744526,0.1900000125169754,0.033826653,0.0,0.0,0.0,0.0,0.15458992,0.1417420618236065,0.16393418237566948,0.019114839,12.860105,12.86010456085205,12.86010456085205,0.0,12.880105,12.880105018615723,12.880105018615723,0.0,2064000.0,2064000.0,2064000.0,0.0
645,0.0,0.0,0.0,0.0,1.0,1.0,1.0,0.0,0.51272076,0.5119045525789261,0.5147665441036224,0.0030545865,0.51272076,0.5119045525789261,0.5147665441036224,0.0030545865,1.0466955,1.0295628011226654,1.064858227968216,0.029225571,0.08999314,0.08612747676670551,0.09343336522579193,0.0060940883,0.08999314,0.08612747676670551,0.09343336522579193,0.0060940883,1.0,1.0,1.0,0.0,4.5864943e-09,4.389481000899309e-09,4.76182515640744e-09,3.1058478e-10,5.0964932e-08,5.09649318303218e-08,5.09649318303218e-08,0.0,-27.70156,-28.089364528656006,-27.39400005340576,0.635463,2.302776,2.265083372592926,2.3427348136901855,0.064297505,0.767592,0.7550278306007385,0.7809116244316101,0.021432508,0.15666668,0.13200000673532486,0.17200001329183578,0.036812384,0.0,0.0,0.0,0.0,0.16596986,0.1442929469048977,0.18216824531555176,0.023260286,12.880105,12.880105018615723,12.880105018615723,0.0,12.900105,12.900105476379395,12.900105476379395,0.0,2067200.0,2067200.0,2067200.0,0.0
646,0.0,0.0,0.0,0.0,1.0,1.0,1.0,0.0,0.51272076,0.5119045525789261,0.5147665441036224,0.0030545865,0.51272076,0.5119045525789261,0.5147665441036224,0.0030545865,1.0391251,1.0207894444465637,1.074884682893753,0.03598611,0.09167266,0.08416188508272171,0.09532728418707848,0.007586321,0.09167266,0.08416188508272171,0.09532728418707848,0.007586321,1.0,1.0,1.0,0.0,4.579575e-09,4.204368742044551e-09,4.762144234504717e-09,3.7898015e-10,4.9955734e-08,4.995573377186702e-08,4.995573377186702e-08,0.0,-27.450712,-27.95637559890747,-27.124324798583984,0.6379389,2.2861211,2.245781660079956,2.3647934794425964,0.07917103,0.7620404,0.7485939264297485,0.7882645279169083,0.026390342,0.15866669,0.1420000083744526,0.18400001525878906,0.034253955,0.0006666667,0.0,0.0,0.0023094013,0.16055916,0.14931940659880638,0.17098376154899597,0.017308244,12.900105,12.900105476379395,12.900105476379395,0.0,12.920106,12.920105934143066,12.920105934143066,0.0,2070400.0,2070400.0,2070400.0,0.0
647,0.0,0.0,0.0,0.0,1.0,1.0,1.0,0.0,0.51272076,0.5119045525789261,0.5147665441036224,0.0030545865,0.51272076,0.5119045525789261,0.5147665441036224,0.0030545865,1.0379597,1.0219092071056366,1.0412245690822601,0.029812016,0.08548558,0.0909478459507227,0.09508044831454754,0.027124338,0.09182161,0.0909478459507227,0.09508044831454754,0.0059761647,0.9166667,1.0,1.0,0.28867513,4.1859316e-09,4.453399982118356e-09,4.655759333616061e-09,1.3281846e-09,4.8966527e-08,4.896652683328284e-08,4.896652683328284e-08,0.0,-27.46638,-27.753315925598145,-26.99276828765869,0.93492717,2.2835567,2.2482452392578125,2.2907397150993347,0.06558772,0.76118565,0.7494151145219803,0.7635799050331116,0.02186258,0.15533334,0.12000000476837158,0.18000001087784767,0.035525493,0.0006666667,0.0,0.0,0.0023094013,0.1587802,0.14373715221881866,0.17068148776888847,0.02147441,12.920106,12.920105934143066,12.920105934143066,0.0,12.940106,12.940106391906738,12.940106391906738,0.0,2073600.0,2073600.0,2073600.0,0.0
648,0.0,0.0,0.0,0.0,1.0,1.0,1.0,0.0,0.51272076,0.5119045525789261,0.5147665441036224,0.0030545865,0.51272076,0.5119045525789261,0.5147665441036224,0.0030545865,1.044742,1.0207990407943726,1.0769985616207123,0.0409518,0.08405278,0.0837534386664629,0.09532634541392326,0.027601851,0.09058385,0.0837534386664629,0.09532634541392326,0.008717888,0.9166667,1.0,1.0,0.28867513,4.034273e-09,4.019905408547686e-09,4.575369083603675e-09,1.3248033e-09,4.7996895e-08,4.7996898899782536e-08,4.7996898899782536e-08,0.0,-27.508436,-28.258440494537354,-26.941306114196777,0.99578595,2.2984781,2.2458027005195618,2.369444191455841,0.090095796,0.76615936,0.7486009299755096,0.7898147702217102,0.030031934,0.142,0.11000000312924385,0.1680000126361847,0.038912494,0.0006666667,0.0,0.0,0.0023094013,0.15399109,0.13830316066741943,0.16377250105142593,0.031232802,12.940106,12.940106391906738,12.940106391906738,0.0,12.960107,12.96010684967041,12.96010684967041,0.0,2076800.0,2076800.0,2076800.0,0.0
649,0.0,0.0,0.0,0.0,1.0,1.0,1.0,0.0,0.51272076,0.5119045525789261,0.5147665441036224,0.0030545865,0.51272076,0.5119045525789261,0.5147665441036224,0.0030545865,1.0331894,1.0062450468540192,1.052409142255783,0.039817784,0.08667498,0.08865384757518768,0.09857273660600185,0.027990129,0.09299157,0.08865384757518768,0.09857273660600185,0.008228878,0.9166667,1.0,1.0,0.28867513,4.0777524e-09,4.170851108931117e-09,4.637500050641563e-09,1.316837e-09,4.7046473e-08,4.7046476936429826e-08,4.7046476936429826e-08,0.0,-27.316599,-27.632351875305176,-27.00088930130005,0.61073506,2.273062,2.2137832641601562,2.3153463006019592,0.08760089,0.7576874,0.7379277795553207,0.7717821151018143,0.029200302,0.14600001,0.12600000575184822,0.16200001165270805,0.03238406,0.0013333334,0.0,0.0,0.003113996,0.16262981,0.1529400870203972,0.1699279509484768,0.018739223,12.960107,12.96010684967041,12.96010684967041,0.0,12.980107,12.980107307434082,12.980107307434082,0.0,2080000.0,2080000.0,2080000.0,0.0
650,0.0,0.0,0.0,0.0,1.0,1.0,1.0,0.0,0.51272076,0.5119045525789261,0.5147665441036224,0.0030545865,0.51272076,0.5119045525789261,0.5147665441036224,0.0030545865,1.0418192,1.0270554423332214,1.054996281862259,0.028545057,0.08441478,0.08811063133180141,0.09396089799702168,0.02697439,0.09099872,0.08811063133180141,0.09396089799702168,0.0059314347,0.9166667,1.0,1.0,0.28867513,3.892777e-09,4.06321054580161e-09,4.332994962830128e-09,1.2439205e-09,4.6114874e-08,4.611487369743372e-08,4.611487369743372e-08,0.0,-27.604576,-27.855172157287598,-27.375192165374756,0.7746579,2.2920477,2.259567081928253,2.321038246154785,0.06280041,0.764016,0.7531890571117401,0.7736794203519821,0.020933462,0.1675,0.14000000059604645,0.1849999912083149,0.034673803,0.0,0.0,0.0,0.0,0.1564158,0.1406494751572609,0.17602421343326569,0.021951532,12.980107,12.980107307434082,12.980107307434082,0.0,13.000108,13.000107765197754,13.000107765197754,0.0,2083200.0,2083200.0,2083200.0,0.0
651,0.0,0.0,0.0,0.0,1.0,1.0,1.0,0.0,0.51272076,0.5119045525789261,0.5147665441036224,0.0030545865,0.51272076,0.5119045525789261,0.5147665441036224,0.0030545865,1.0267168,0.9993625581264496,1.0529722571372986,0.03304129,0.09428377,0.08851747773587704,0.10014878399670124,0.0071906103,0.09428377,0.08851747773587704,0.10014878399670124,0.0071906103,1.0,1.0,1.0,0.0,4.261788e-09,4.001141418186194e-09,4.526896413281634e-09,3.2502792e-10,4.5201713e-08,4.520171259514427e-08,4.520171259514427e-08,0.0,-26.860678,-27.301985263824463,-26.552164554595947,0.783297,2.2588222,2.19864159822464,2.3165853023529053,0.07269233,0.7529407,0.732880562543869,0.772195115685463,0.024230767,0.14400001,0.12800000607967377,0.16200001165270805,0.03271919,0.0,0.0,0.0,0.0,0.15474378,0.13961447775363922,0.1664181686937809,0.021848127,13.000108,13.000107765197754,13.000107765197754,0.0,13.020108,13.020108222961426,13.020108222961426,0.0,2086400.0,2086400.0,2086400.0,0.0
652,0.0,0.0,0.0,0.0,1.0,1.0,1.0,0.0,0.51272076,0.5119045525789261,0.5147665441036224,0.0030545865,0.51272076,0.5119045525789261,0.5147665441036224,0.0030545865,1.033265,1.0168088376522064,1.0685881674289703,0.040033866,0.092995726,0.08539098501205444,0.09620731510221958,0.008855452,0.092995726,0.08539098501205444,0.09620731510221958,0.008855452,1.0,1.0,1.0,0.0,4.120328e-09,3.783387936273641e-09,4.2626230323250525e-09,3.9235534e-10,4.4306642e-08,4.4306641910907274e-08,4.4306641910907274e-08,0.0,-27.361534,-27.78524351119995,-26.774224281311035,0.8307885,2.2732284,2.2370240688323975,2.3509408235549927,0.08807625,0.7577428,0.7456747144460678,0.7836469560861588,0.02935874,0.14600001,0.11800000444054604,0.15400001034140587,0.028361307,0.0,0.0,0.0,0.0,0.15319449,0.13158760219812393,0.17228136956691742,0.023590077,13.020108,13.020108222961426,13.020108222961426,0.0,13.040109,13.040108680725098,13.040108680725098,0.0,2089600.0,2089600.0,2089600.0,0.0
653,0.0,0.0,0.0,0.0,1.0,1.0,1.0,0.0,0.51272076,0.5119045525789261,0.5147665441036224,0.0030545865,0.51272076,0.5119045525789261,0.5147665441036224,0.0030545865,1.0407102,1.022213637828827,1.0539844632148743,0.04419867,0.0854978,0.08831728436052799,0.09502926841378212,0.027703626,0.091475196,0.08831728436052799,0.09502926841378212,0.009011904,0.9166667,1.0,1.0,0.28867513,3.7131083e-09,3.835556761089265e-09,4.127053698788075e-09,1.2031488e-09,4.3429292e-08,4.3429288609786454e-08,4.3429288609786454e-08,0.0,-27.247238,-27.441514492034912,-26.77927255630493,0.8215827,2.2896082,2.248914897441864,2.318812072277069,0.09723901,0.7632027,0.7496383190155029,0.7729373723268509,0.032413002,0.14333335,0.11800000444054604,0.1640000119805336,0.030215394,0.0,0.0,0.0,0.0,0.15371953,0.14297429472208023,0.16807028278708458,0.01674526,13.040109,13.040108680725098,13.040108680725098,0.0,13.060109,13.06010913848877,13.06010913848877,0.0,2092800.0,2092800.0,2092800.0,0.0
654,0.0,0.0,0.0,0.0,1.0,1.0,1.0,0.0,0.51272076,0.5119045525789261,0.5147665441036224,0.0030545865,0.51272076,0.5119045525789261,0.5147665441036224,0.0030545865,1.0254022,1.011779248714447,1.04019096493721,0.026736472,0.094480604,0.09116101264953613,0.09732594713568687,0.005712009,0.094480604,0.09116101264953613,0.09732594713568687,0.005712009,1.0,1.0,1.0,0.0,4.0219743e-09,3.880661569866106e-09,4.1430984198953524e-09,2.4315625e-10,4.256931e-08,4.256931163126865e-08,4.256931163126865e-08,0.0,-27.279854,-27.4881010055542,-26.933334827423096,0.61179346,2.2559297,2.22595876455307,2.2884657979011536,0.05882141,0.75197667,0.7419862598180771,0.7628219574689865,0.019607132,0.15,0.14000000804662704,0.1680000126361847,0.03091337,0.0006666667,0.0,0.0,0.0023094013,0.14942808,0.13362084329128265,0.1625443734228611,0.017532598,13.060109,13.06010913848877,13.06010913848877,0.0,13.08011,13.080109596252441,13.080109596252441,0.0,2096000.0,2096000.0,2096000.0,0.0
655,0.0,0.0,0.0,0.0,1.0,1.0,1.0,0.0,0.51272076,0.5119045525789261,0.5147665441036224,0.0030545865,0.51272076,0.5119045525789261,0.5147665441036224,0.0030545865,1.0467707,1.0208114981651306,1.0600271224975586,0.03132217,0.09000262,0.0871046856045723,0.0953244548290968,0.006404215,0.09000262,0.0871046856045723,0.0953244548290968,0.006404215,1.0,1.0,1.0,0.0,3.755482e-09,3.634562040222278e-09,3.977542961663971e-09,2.672246e-10,4.1726366e-08,4.172636636212701e-08,4.172636636212701e-08,0.0,-27.699701,-28.087116241455078,-27.27623224258423,0.99029,2.3029416,2.2458301186561584,2.3321062326431274,0.068910144,0.7676472,0.7486100494861603,0.7773687839508057,0.022970056,0.15266667,0.1380000077188015,0.1680000126361847,0.021964163,0.0,0.0,0.0,0.0,0.15914911,0.14526231214404106,0.16314365714788437,0.023253184,13.08011,13.080109596252441,13.080109596252441,0.0,13.10011,13.100110054016113,13.100110054016113,0.0,2099200.0,2099200.0,2099200.0,0.0
656,0.0,0.0,0.0,0.0,1.0,1.0,1.0,0.0,0.51272076,0.5119045525789261,0.5147665441036224,0.0030545865,0.51272076,0.5119045525789261,0.5147665441036224,0.0030545865,1.0293733,1.0151264667510986,1.0464657843112946,0.027880674,0.09363625,0.08985360525548458,0.09657838568091393,0.0059828013,0.09363625,0.08985360525548458,0.09657838568091393,0.0059828013,1.0,1.0,1.0,0.0,3.8297325e-09,3.6750221754644485e-09,3.950066385094431e-09,2.4469723e-10,4.0900108e-08,4.09001081891347e-08,4.09001081891347e-08,0.0,-27.27546,-27.637417316436768,-26.905705451965332,0.69691306,2.2646663,2.233322858810425,2.302270770072937,0.0613387,0.75488883,0.7444409728050232,0.7674235999584198,0.020446228,0.15,0.14000000804662704,0.17000001296401024,0.030151136,0.0,0.0,0.0,0.0,0.1617521,0.1476907879114151,0.17042427882552147,0.017253164,13.10011,13.100110054016113,13.100110054016113,0.0,13.1201105,13.120110511779785,13.120110511779785,0.0,2102400.0,2102400.0,2102400.0,0.0
657,0.0,0.0,0.0,0.0,1.0,1.0,1.0,0.0,0.51272076,0.5119045525789261,0.5147665441036224,0.0030545865,0.51272076,0.5119045525789261,0.5147665441036224,0.0030545865,1.045412,1.0266136825084686,1.0574857890605927,0.02321948,0.090189874,0.08760295622050762,0.09406166523694992,0.0048318068,0.090189874,0.08760295622050762,0.09406166523694992,0.0048318068,1.0,1.0,1.0,0.0,3.6157317e-09,3.512021617968486e-09,3.770952439197117e-09,1.9370815e-10,4.0090217e-08,4.009021736806062e-08,4.009021736806062e-08,0.0,-27.451826,-27.849210262298584,-27.14406967163086,0.79479736,2.299952,2.2585951685905457,2.3265151381492615,0.051083867,0.7666507,0.7528650909662247,0.7755050808191299,0.017027952,0.13866667,0.11000000312924385,0.15600001066923141,0.035505015,0.0,0.0,0.0,0.0,0.16141817,0.1456403285264969,0.17046264186501503,0.024248827,13.1201105,13.120110511779785,13.120110511779785,0.0,13.140111,13.140110969543457,13.140110969543457,0.0,2105600.0,2105600.0,2105600.0,0.0
658,0.0,0.0,0.0,0.0,1.0,1.0,1.0,0.0,0.51272076,0.5119045525789261,0.5147665441036224,0.0030545865,0.51272076,0.5119045525789261,0.5147665441036224,0.0030545865,1.0519792,1.0386181771755219,1.06356081366539,0.030790124,0.08232399,0.08638552762567997,0.09149175882339478,0.026532436,0.08892667,0.08638552762567997,0.09149175882339478,0.0064162132,0.9166667,1.0,1.0,0.28867513,3.2350334e-09,3.3946368493964485e-09,3.5952930632632274e-09,1.0426281e-09,3.929636e-08,3.929635994381897e-08,3.929635994381897e-08,0.0,-27.60315,-28.19270420074463,-27.11917543411255,0.74052197,2.3144004,2.2850056886672974,2.339880585670471,0.067739606,0.7714669,0.7616685777902603,0.7799602001905441,0.022579867,0.120000005,0.10400000214576721,0.1300000064074993,0.028945092,0.0,0.0,0.0,0.0,0.16594367,0.15294841676950455,0.17773040011525154,0.015926583,13.140111,13.140110969543457,13.140110969543457,0.0,13.160111,13.160111427307129,13.160111427307129,0.0,2108800.0,2108800.0,2108800.0,0.0
659,0.0,0.0,0.0,0.0,1.0,1.0,1.0,0.0,0.51272076,0.5119045525789261,0.5147665441036224,0.0030545865,0.51272076,0.5119045525789261,0.5147665441036224,0.0030545865,1.0424479,1.0209225714206696,1.0631877779960632,0.031789932,0.090909965,0.0864629503339529,0.09530458971858025,0.00658954,0.090909965,0.0864629503339529,0.09530458971858025,0.00658954,1.0,1.0,1.0,0.0,3.5016903e-09,3.3303989566135783e-09,3.6709631445752677e-09,2.538173e-10,3.851822e-08,3.851821972489233e-08,3.851821972489233e-08,0.0,-27.560911,-28.13091802597046,-27.098641872406006,0.80234,2.293431,2.2460745573043823,2.339059829711914,0.06993924,0.7644771,0.7486915588378906,0.7796866446733475,0.023313079,0.136,0.11800000444054604,0.14600000903010368,0.03324838,0.0006666667,0.0,0.0,0.0023094013,0.1507123,0.1442871429026127,0.15708115696907043,0.010463356,13.160111,13.160111427307129,13.160111427307129,0.0,13.180112,13.1801118850708,13.1801118850708,0.0,2112000.0,2112000.0,2112000.0,0.0
660,0.0,0.0,0.0,0.0,1.0,1.0,1.0,0.0,0.51272076,0.5119045525789261,0.5147665441036224,0.0030545865,0.51272076,0.5119045525789261,0.5147665441036224,0.0030545865,1.0233601,1.0105524063110352,1.0450292825698853,0.024697771,0.094904505,0.09015193581581116,0.09760196879506111,0.0054393318,0.094904505,0.09015193581581116,0.09760196879506111,0.0054393318,1.0,1.0,1.0,0.0,3.583166e-09,3.4037305751688507e-09,3.6850102413943375e-09,2.0536466e-10,3.775549e-08,3.775549117790433e-08,3.775549117790433e-08,0.0,-27.154024,-27.4241943359375,-27.01315212249756,0.59969705,2.2514374,2.2232595682144165,2.2991102933883667,0.054336175,0.75047916,0.7410865277051926,0.7663701176643372,0.018112056,0.15,0.12600000575184822,0.17800001427531242,0.032741413,0.0,0.0,0.0,0.0,0.1568708,0.14284872636198997,0.17064232006669044,0.01804972,13.180112,13.1801118850708,13.1801118850708,0.0,13.200112,13.200112342834473,13.200112342834473,0.0,2115200.0,2115200.0,2115200.0,0.0
661,0.0,0.0,0.0,0.0,1.0,1.0,1.0,0.0,0.51272076,0.5119045525789261,0.5147665441036224,0.0030545865,0.51272076,0.5119045525789261,0.5147665441036224,0.0030545865,1.0280267,1.0132012367248535,1.043990433216095,0.030380204,0.093958765,0.09036697819828987,0.09700916893780231,0.006480085,0.093958765,0.09036697819828987,0.09700916893780231,0.006480085,1.0,1.0,1.0,0.0,3.4772132e-09,3.3442889568746637e-09,3.590102326533895e-09,2.398141e-10,3.7007865e-08,3.700786521676491e-08,3.700786521676491e-08,0.0,-27.210852,-27.466315746307373,-26.834174633026123,0.6939506,2.261704,2.2290872931480408,2.2968247532844543,0.06683775,0.7539013,0.7430291175842285,0.7656082808971405,0.022279251,0.15466668,0.11800000444054604,0.1940000019967556,0.043058805,0.0006666667,0.0,0.0,0.0023094013,0.1493797,0.13690117746591568,0.1520550474524498,0.019390775,13.200112,13.200112342834473,13.200112342834473,0.0,13.220113,13.220112800598145,13.220112800598145,0.0,2118400.0,2118400.0,2118400.0,0.0
662,0.0,0.0,0.0,0.0,1.0,1.0,1.0,0.0,0.51272076,0.5119045525789261,0.5147665441036224,0.0030545865,0.51272076,0.5119045525789261,0.5147665441036224,0.0030545865,1.0442915,1.0277960002422333,1.0606427192687988,0.03214875,0.08391767,0.08697043359279633,0.093806441873312,0.027050482,0.09053255,0.08697043359279633,0.093806441873312,0.00675791,0.9166667,1.0,1.0,0.28867513,3.0441172e-09,3.1548562096084254e-09,3.4028328488311388e-09,9.812574e-10,3.6275043e-08,3.6275043413525054e-08,3.6275043413525054e-08,0.0,-27.429594,-27.99181032180786,-27.073012828826904,0.62965757,2.2974873,2.2611964344978333,2.333460569381714,0.07072868,0.7658291,0.7537321597337723,0.7778202295303345,0.023576234,0.14133334,0.12600000575184822,0.15400001034140587,0.023715489,0.0,0.0,0.0,0.0,0.15989469,0.14863033220171928,0.16459649428725243,0.017629784,13.220113,13.220112800598145,13.220112800598145,0.0,13.240113,13.240113258361816,13.240113258361816,0.0,2121600.0,2121600.0,2121600.0,0.0
663,0.0,0.0,0.0,0.0,1.0,1.0,1.0,0.0,0.51272076,0.5119045525789261,0.5147665441036224,0.0030545865,0.51272076,0.5119045525789261,0.5147665441036224,0.0030545865,1.0169878,0.9942828565835953,1.038511723279953,0.03213389,0.09640413,0.09154642559587955,0.10132527723908424,0.007073009,0.09640413,0.09154642559587955,0.10132527723908424,0.007073009,1.0,1.0,1.0,0.0,3.4278156e-09,3.2550919737417416e-09,3.602795950463644e-09,2.5149308e-10,3.5556734e-08,3.5556734445663096e-08,3.5556734445663096e-08,0.0,-27.065025,-27.772396564483643,-26.59031915664673,0.6642433,2.237418,2.187466025352478,2.2847713828086853,0.07069596,0.745806,0.7291553765535355,0.7615904808044434,0.023565313,0.1775,0.14749999344348907,0.19499999657273293,0.049198117,0.0,0.0,0.0,0.0,0.15434542,0.14216013625264168,0.15522374585270882,0.020334154,13.240113,13.240113258361816,13.240113258361816,0.0,13.260114,13.260113716125488,13.260113716125488,0.0,2124800.0,2124800.0,2124800.0,0.0
664,0.0,0.0,0.0,0.0,1.0,1.0,1.0,0.0,0.51272076,0.5119045525789261,0.5147665441036224,0.0030545865,0.51272076,0.5119045525789261,0.5147665441036224,0.0030545865,1.0263406,1.0126092433929443,1.043900728225708,0.030251693,0.09432718,0.09039472229778767,0.09714281372725964,0.0066935727,0.09432718,0.09039472229778767,0.09714281372725964,0.0066935727,1.0,1.0,1.0,0.0,3.2875518e-09,3.1504953645900002e-09,3.385684177459325e-09,2.3328867e-10,3.4852647e-08,3.4852646990657377e-08,3.4852646990657377e-08,0.0,-27.09817,-27.311613082885742,-26.807087421417236,0.50298,2.2579944,2.227784812450409,2.296627461910248,0.06655504,0.75266486,0.7425949424505234,0.7655425071716309,0.022185013,0.16000001,0.1380000077188015,0.1860000118613243,0.050250284,0.0,0.0,0.0,0.0,0.15558346,0.14032059535384178,0.17134928330779076,0.024928086,13.260114,13.260113716125488,13.260113716125488,0.0,13.280114,13.28011417388916,13.28011417388916,0.0,2128000.0,2128000.0,2128000.0,0.0
665,0.0,0.0,0.0,0.0,1.0,1.0,1.0,0.0,0.51272076,0.5119045525789261,0.5147665441036224,0.0030545865,0.51272076,0.5119045525789261,0.5147665441036224,0.0030545865,1.048536,1.0179473757743835,1.0771291255950928,0.036769066,0.07660308,0.08374349400401115,0.09595813415944576,0.03618625,0.08971691,0.08374349400401115,0.09595813415944576,0.007464498,0.8333333,1.0,1.0,0.38924947,2.6169529e-09,2.8608875268787415e-09,3.278170235265776e-09,1.2362129e-09,3.4162504e-08,3.416250393684095e-08,3.416250393684095e-08,0.0,-27.265955,-27.97618293762207,-26.81347370147705,0.9147464,2.3068252,2.2395288944244385,2.369731366634369,0.08089354,0.7689417,0.7465096414089203,0.7899104654788971,0.02696451,0.15533334,0.1340000070631504,0.17800001427531242,0.036335144,0.0,0.0,0.0,0.0,0.16271399,0.15157878771424294,0.1643039770424366,0.018897071,13.280114,13.28011417388916,13.28011417388916,0.0,13.300115,13.300114631652832,13.300114631652832,0.0,2131200.0,2131200.0,2131200.0,0.0
666,0.0,0.0,0.0,0.0,1.0,1.0,1.0,0.0,0.51272076,0.5119045525789261,0.5147665441036224,0.0030545865,0.51272076,0.5119045525789261,0.5147665441036224,0.0030545865,1.0396434,1.023165613412857,1.051199048757553,0.02748401,0.09144095,0.08891111239790916,0.09480710700154305,0.00564546,0.09144095,0.08891111239790916,0.09480710700154305,0.00564546,1.0,1.0,1.0,0.0,3.061994e-09,2.977279756066764e-09,3.1747130480042074e-09,1.89044e-10,3.3486025e-08,3.348602461983319e-08,3.348602461983319e-08,0.0,-27.515335,-27.950645923614502,-27.041613578796387,0.67412037,2.287261,2.2510093450546265,2.3126839995384216,0.060465984,0.76242036,0.7503364682197571,0.7708946913480759,0.020155322,0.154,0.12000000476837158,0.17200001329183578,0.036759663,0.0013333334,0.0,0.0,0.003113996,0.15618168,0.14812588691711426,0.15992768481373787,0.014286032,13.300115,13.300114631652832,13.300114631652832,0.0,13.320115,13.320115089416504,13.320115089416504,0.0,2134400.0,2134400.0,2134400.0,0.0
667,0.0,0.0,0.0,0.0,1.0,1.0,1.0,0.0,0.51272076,0.5119045525789261,0.5147665441036224,0.0030545865,0.51272076,0.5119045525789261,0.5147665441036224,0.0030545865,1.0167474,0.9882151037454605,1.043678104877472,0.038225688,0.09655761,0.0904482752084732,0.10276013985276222,0.008431824,0.09655761,0.0904482752084732,0.10276013985276222,0.008431824,1.0,1.0,1.0,0.0,3.1693048e-09,2.968778445300302e-09,3.3728902448793008e-09,2.7675726e-10,3.2822943e-08,3.2822942586108184e-08,3.2822942586108184e-08,0.0,-27.054914,-27.598422050476074,-26.75657558441162,0.6917573,2.2368886,2.1741166710853577,2.2961376309394836,0.08409818,0.74562955,0.7247055917978287,0.7653792351484299,0.028032733,0.15133335,0.13200000673532486,0.17800001427531242,0.036970098,0.0,0.0,0.0,0.0,0.15587582,0.14076285436749458,0.16749068722128868,0.018174602,13.320115,13.320115089416504,13.320115089416504,0.0,13.340116,13.340115547180176,13.340115547180176,0.0,2137600.0,2137600.0,2137600.0,0.0
668,0.0,0.0,0.0,0.0,1.0,1.0,1.0,0.0,0.51272076,0.5119045525789261,0.5147665441036224,0.0030545865,0.51272076,0.5119045525789261,0.5147665441036224,0.0030545865,1.0316197,1.0253645181655884,1.0479961335659027,0.030745097,0.093197435,0.08953815512359142,0.09433327987790108,0.006865686,0.093197435,0.08953815512359142,0.09433327987790108,0.006865686,1.0,1.0,1.0,0.0,2.9984397e-09,2.8807100593830626e-09,3.034983431238203e-09,2.2088961e-10,3.2172988e-08,3.217298782942635e-08,3.217298782942635e-08,0.0,-27.29252,-27.783817768096924,-26.893183708190918,0.5980547,2.2696085,2.2558470368385315,2.30563747882843,0.06764057,0.75653625,0.7519490122795105,0.7685458660125732,0.022546863,0.15933333,0.1420000083744526,0.17000001296401024,0.022744963,0.0,0.0,0.0,0.0,0.16037138,0.1513645090162754,0.17384111508727074,0.018650739,13.340116,13.340115547180176,13.340115547180176,0.0,13.360116,13.360116004943848,13.360116004943848,0.0,2140800.0,2140800.0,2140800.0,0.0
669,0.0,0.0,0.0,0.0,1.0,1.0,1.0,0.0,0.51272076,0.5119045525789261,0.5147665441036224,0.0030545865,0.51272076,0.5119045525789261,0.5147665441036224,0.0030545865,1.0384129,1.0142296850681305,1.0599446594715118,0.03046625,0.091743,0.08711099438369274,0.09677751176059246,0.0065002255,0.091743,0.08711099438369274,0.09677751176059246,0.0065002255,1.0,1.0,1.0,0.0,2.8931988e-09,2.7471243058130312e-09,3.051966734890499e-09,2.0499051e-10,3.1535908e-08,3.1535908107116484e-08,3.1535908107116484e-08,0.0,-27.616241,-28.02672290802002,-27.02823305130005,0.7453456,2.284554,2.2313498854637146,2.331924855709076,0.067027085,0.761518,0.7437833249568939,0.7773083001375198,0.022342367,0.158,0.1420000083744526,0.17800001427531242,0.030724585,0.0006666667,0.0,0.0,0.0023094013,0.15740079,0.1467663235962391,0.17006082087755203,0.016591337,13.360116,13.360116004943848,13.360116004943848,0.0,13.380116,13.38011646270752,13.38011646270752,0.0,2144000.0,2144000.0,2144000.0,0.0
670,0.0,0.0,0.0,0.0,1.0,1.0,1.0,0.0,0.51272076,0.5119045525789261,0.5147665441036224,0.0030545865,0.51272076,0.5119045525789261,0.5147665441036224,0.0030545865,1.0379989,1.015375703573227,1.061066061258316,0.039839648,0.078911744,0.08688328415155411,0.09652296639978886,0.037234996,0.091971196,0.08688328415155411,0.09652296639978886,0.008261681,0.8333333,1.0,1.0,0.38924947,2.439276e-09,2.6856875612324416e-09,2.9836639825475686e-09,1.1509874e-09,3.091144e-08,3.091144051836636e-08,3.091144051836636e-08,0.0,-27.56778,-28.03740692138672,-27.03803777694702,0.696378,2.2836432,2.233871102333069,2.3343918919563293,0.08764895,0.76121444,0.7446237057447433,0.7781306654214859,0.029216312,0.15266667,0.1420000083744526,0.17000001296401024,0.04225751,0.0006666667,0.0,0.0,0.0023094013,0.16009234,0.1507527232170105,0.1695922389626503,0.020425307,13.380116,13.38011646270752,13.38011646270752,0.0,13.400117,13.400116920471191,13.400116920471191,0.0,2147200.0,2147200.0,2147200.0,0.0
671,0.0,0.0,0.0,0.0,1.0,1.0,1.0,0.0,0.51272076,0.5119045525789261,0.5147665441036224,0.0030545865,0.51272076,0.5119045525789261,0.5147665441036224,0.0030545865,1.0396936,1.0201993882656097,1.0566284656524658,0.033394378,0.08490181,0.08777523599565029,0.09547792933881283,0.027389778,0.09151379,0.08777523599565029,0.09547792933881283,0.0070720483,0.9166667,1.0,1.0,0.28867513,2.5724687e-09,2.6595317614841463e-09,2.8929182382952945e-09,8.298922e-10,3.029934e-08,3.0299339925932145e-08,3.0299339925932145e-08,0.0,-27.639452,-27.95396614074707,-27.169702529907227,0.9385095,2.2873716,2.2444834113121033,2.324629068374634,0.07346912,0.7624572,0.7481611669063568,0.7748763859272003,0.024489699,0.15466668,0.11000000312924385,0.18000001087784767,0.043058805,0.0,0.0,0.0,0.0,0.1612807,0.14647262915968895,0.17797117680311203,0.02242859,13.400117,13.400116920471191,13.400116920471191,0.0,13.420117,13.420117378234863,13.420117378234863,0.0,2150400.0,2150400.0,2150400.0,0.0
672,0.0,0.0,0.0,0.0,1.0,1.0,1.0,0.0,0.51272076,0.5119045525789261,0.5147665441036224,0.0030545865,0.51272076,0.5119045525789261,0.5147665441036224,0.0030545865,1.0355088,1.029206097126007,1.0562268495559692,0.034922227,0.092432685,0.08785648457705975,0.09349872544407845,0.007848848,0.092432685,0.08785648457705975,0.09349872544407845,0.007848848,1.0,1.0,1.0,0.0,2.7451916e-09,2.6092814020550748e-09,2.7768521926319067e-09,2.3310573e-10,2.969936e-08,2.9699359416213156e-08,2.9699359416213156e-08,0.0,-27.209047,-27.41671848297119,-27.103967666625977,0.48474637,2.2781646,2.2642986178398132,2.3237454891204834,0.07683044,0.75938827,0.7547662407159805,0.7745818495750427,0.025610154,0.14,0.11000000312924385,0.15400001034140587,0.036501557,0.0,0.0,0.0,0.0,0.1638144,0.1543654389679432,0.17206379398703575,0.019608047,13.420117,13.420117378234863,13.420117378234863,0.0,13.440118,13.440117835998535,13.440117835998535,0.0,2153600.0,2153600.0,2153600.0,0.0
673,0.0,0.0,0.0,0.0,1.0,1.0,1.0,0.0,0.51272076,0.5119045525789261,0.5147665441036224,0.0030545865,0.51272076,0.5119045525789261,0.5147665441036224,0.0030545865,1.0422994,1.0290025770664215,1.0689106285572052,0.03572397,0.09100527,0.08532796800136566,0.0935453474521637,0.0076526823,0.09100527,0.08532796800136566,0.0935453474521637,0.0076526823,1.0,1.0,1.0,0.0,2.6492781e-09,2.4840044465790356e-09,2.723222702893935e-09,2.2277918e-10,2.9111257e-08,2.9111257404679236e-08,2.9111257404679236e-08,0.0,-27.686941,-28.124505043029785,-27.384572982788086,0.5147197,2.2931046,2.2638509273529053,2.3516504168510437,0.07859433,0.76436824,0.7546170055866241,0.7838835120201111,0.026198119,0.13466667,0.10400000214576721,0.1600000113248825,0.03160361,0.0,0.0,0.0,0.0,0.1596033,0.14352773874998093,0.1699850596487522,0.019426834,13.440118,13.440117835998535,13.440117835998535,0.0,13.460118,13.460118293762207,13.460118293762207,0.0,2156800.0,2156800.0,2156800.0,0.0
674,0.0,0.0,0.0,0.0,1.0,1.0,1.0,0.0,0.51272076,0.5119045525789261,0.5147665441036224,0.0030545865,0.51272076,0.5119045525789261,0.5147665441036224,0.0030545865,1.0483007,1.0314059853553772,1.0722922384738922,0.031677395,0.08325132,0.08466599881649017,0.09303310513496399,0.026715795,0.08969089,0.08466599881649017,0.09303310513496399,0.006455383,0.9166667,1.0,1.0,0.28867513,2.3755602e-09,2.4159277911550703e-09,2.654681419134164e-09,7.6233e-10,2.8534805e-08,2.8534804741298103e-08,2.8534804741298103e-08,0.0,-27.650892,-28.109748363494873,-27.234535694122314,0.6826817,2.3063076,2.269138514995575,2.3590900897979736,0.06969164,0.76876926,0.7563795149326324,0.7863633930683136,0.02323055,0.13933334,0.13200000673532486,0.15200001001358032,0.023989901,0.0006666667,0.0,0.0,0.0023094013,0.16017121,0.1478813923895359,0.18006699159741402,0.022038365,13.460118,13.460118293762207,13.460118293762207,0.0,13.480119,13.480118751525879,13.480118751525879,0.0,2160000.0,2160000.0,2160000.0,0.0
675,0.0,0.0,0.0,0.0,1.0,1.0,1.0,0.0,0.51272076,0.5119045525789261,0.5147665441036224,0.0030545865,0.51272076,0.5119045525789261,0.5147665441036224,0.0030545865,1.029457,1.0150091648101807,1.0445297062397003,0.030819304,0.09365686,0.09029496274888515,0.09660309739410877,0.0065915324,0.09365686,0.09029496274888515,0.09660309739410877,0.0065915324,1.0,1.0,1.0,0.0,2.6195603e-09,2.525528841612612e-09,2.701965984286403e-09,1.843636e-10,2.7969767e-08,2.7969765170610117e-08,2.7969765170610117e-08,0.0,-27.22828,-27.604068279266357,-26.539428234100342,0.799537,2.2648504,2.233064830303192,2.2980112433433533,0.0678038,0.7549502,0.7443549782037735,0.7660037577152252,0.022601275,0.15666668,0.12000000476837158,0.1860000118613243,0.03536134,0.0,0.0,0.0,0.0,0.15170814,0.1408546268939972,0.15615208074450493,0.021604743,13.480119,13.480118751525879,13.480118751525879,0.0,13.500119,13.50011920928955,13.50011920928955,0.0,2163200.0,2163200.0,2163200.0,0.0
676,0.0,0.0,0.0,0.0,1.0,1.0,1.0,0.0,0.51272076,0.5119045525789261,0.5147665441036224,0.0030545865,0.51272076,0.5119045525789261,0.5147665441036224,0.0030545865,1.0419637,1.0256761312484741,1.0528030693531036,0.031199593,0.08463144,0.08855286985635757,0.09428715147078037,0.027014812,0.091000676,0.08855286985635757,0.09428715147078037,0.0063658655,0.9166667,1.0,1.0,0.28867513,2.3202484e-09,2.4277579391274173e-09,2.584968517016506e-09,7.4063583e-10,2.7415915e-08,2.7415914871653513e-08,2.7415914871653513e-08,0.0,-27.343775,-27.675890922546387,-26.63823652267456,0.854142,2.2923658,2.256532609462738,2.3162129521369934,0.06864047,0.764122,0.7521775364875793,0.7720710039138794,0.022880157,0.16,0.13749999925494194,0.17999999225139618,0.031622775,0.0,0.0,0.0,0.0,0.16010515,0.14378280565142632,0.18071230873465538,0.024837062,13.500119,13.50011920928955,13.50011920928955,0.0,13.52012,13.520119667053223,13.520119667053223,0.0,2166400.0,2166400.0,2166400.0,0.0
677,0.0,0.0,0.0,0.0,1.0,1.0,1.0,0.0,0.51272076,0.5119045525789261,0.5147665441036224,0.0030545865,0.51272076,0.5119045525789261,0.5147665441036224,0.0030545865,1.0422549,1.0179574638605118,1.071408450603485,0.037051205,0.09103245,0.08483957313001156,0.09598295576870441,0.0077889683,0.09103245,0.08483957313001156,0.09598295576870441,0.0077889683,1.0,1.0,1.0,0.0,2.446318e-09,2.279896327284092e-09,2.5793528424244982e-09,2.093132e-10,2.687303e-08,2.6873030023466526e-08,2.6873030023466526e-08,0.0,-27.560251,-28.020880699157715,-26.805847644805908,0.7676779,2.2930067,2.239551067352295,2.3571457266807556,0.08151427,0.7643356,0.7465170621871948,0.7857152670621872,0.02717143,0.16333334,0.14800000935792923,0.17800001427531242,0.037439246,0.0006666667,0.0,0.0,0.0023094013,0.15973847,0.14535058289766312,0.1738850362598896,0.019937355,13.52012,13.520119667053223,13.520119667053223,0.0,13.54012,13.540120124816895,13.540120124816895,0.0,2169600.0,2169600.0,2169600.0,0.0
678,0.0,0.0,0.0,0.0,1.0,1.0,1.0,0.0,0.51272076,0.5119045525789261,0.5147665441036224,0.0030545865,0.51272076,0.5119045525789261,0.5147665441036224,0.0030545865,1.0304782,1.0116175413131714,1.046633005142212,0.037522413,0.087221734,0.08981959708034992,0.0973738245666027,0.027998574,0.0935343,0.08981959708034992,0.0973738245666027,0.0077979565,0.9166667,1.0,1.0,0.28867513,2.2974984e-09,2.365928564174169e-09,2.5649137813665845e-09,7.375075e-10,2.6340894e-08,2.634089568687159e-08,2.634089568687159e-08,0.0,-27.31157,-27.94929075241089,-26.659889698028564,0.81060666,2.2670975,2.2256031036376953,2.302638590335846,0.08255093,0.75569916,0.74186772108078,0.7675462067127228,0.02751698,0.15933333,0.15200001001358032,0.18000001087784767,0.037594326,0.0,0.0,0.0,0.0,0.15939379,0.15086792409420013,0.1715216152369976,0.015941702,13.54012,13.540120124816895,13.540120124816895,0.0,13.560121,13.560120582580566,13.560120582580566,0.0,2172800.0,2172800.0,2172800.0,0.0
679,0.0,0.0,0.0,0.0,1.0,1.0,1.0,0.0,0.51272076,0.5119045525789261,0.5147665441036224,0.0030545865,0.51272076,0.5119045525789261,0.5147665441036224,0.0030545865,1.0414473,1.0163486301898956,1.0609046816825867,0.038403213,0.08490208,0.08693629130721092,0.09630558267235756,0.027438175,0.091217875,0.08693629130721092,0.09630558267235756,0.007847368,0.9166667,1.0,1.0,0.28867513,2.192112e-09,2.244633867665158e-09,2.48654247192448e-09,7.084344e-10,2.5819297e-08,2.5819296922691137e-08,2.5819296922691137e-08,0.0,-27.324806,-27.936885356903076,-26.72850751876831,0.9930871,2.29123,2.2360117435455322,2.3340368270874023,0.0844887,0.76374334,0.7453372776508331,0.778012290596962,0.0281629,0.16933334,0.16600001230835915,0.17600001394748688,0.013995671,0.0,0.0,0.0,0.0,0.16293976,0.14462308585643768,0.17809579148888588,0.028155303,13.560121,13.560120582580566,13.560120582580566,0.0,13.580121,13.580121040344238,13.580121040344238,0.0,2176000.0,2176000.0,2176000.0,0.0
680,0.0,0.0,0.0,0.0,1.0,1.0,1.0,0.0,0.51272076,0.5119045525789261,0.5147665441036224,0.0030545865,0.51272076,0.5119045525789261,0.5147665441036224,0.0030545865,1.0245663,1.0168585777282715,1.0365667939186096,0.02095107,0.09460145,0.09193331375718117,0.09619302302598953,0.0045785126,0.09460145,0.09193331375718117,0.09619302302598953,0.0045785126,1.0,1.0,1.0,0.0,2.3941766e-09,2.326651260542434e-09,2.4344560256572834e-09,1.1587313e-10,2.5308031e-08,2.5308031226245475e-08,2.5308031226245475e-08,0.0,-27.135363,-27.527565002441406,-26.58421516418457,0.5629974,2.2540908,2.23713356256485,2.280492424964905,0.04609329,0.7513636,0.7457111924886703,0.7601641565561295,0.015364435,0.15733334,0.1340000070631504,0.17400000989437103,0.035340767,0.0,0.0,0.0,0.0,0.14815591,0.13541854545474052,0.15243734046816826,0.021640263,13.580121,13.580121040344238,13.580121040344238,0.0,13.6001215,13.60012149810791,13.60012149810791,0.0,2179200.0,2179200.0,2179200.0,0.0
681,0.0,0.0,0.0,0.0,1.0,1.0,1.0,0.0,0.51272076,0.5119045525789261,0.5147665441036224,0.0030545865,0.51272076,0.5119045525789261,0.5147665441036224,0.0030545865,1.0367134,1.008719116449356,1.0593876242637634,0.034789067,0.08556355,0.08721940405666828,0.09801417589187622,0.027594691,0.092160545,0.08721940405666828,0.09801417589187622,0.00722199,0.9166667,1.0,1.0,0.28867513,2.1225652e-09,2.1636416547288206e-09,2.431426393556535e-09,6.845383e-10,2.4806885e-08,2.4806885434713877e-08,2.4806885434713877e-08,0.0,-27.233995,-27.393601417541504,-26.859620571136475,0.6275149,2.280815,2.2192264199256897,2.330699384212494,0.07653746,0.7602716,0.739742174744606,0.7768998146057129,0.025512494,0.158,0.13600000739097595,0.17800001427531242,0.025782306,0.0,0.0,0.0,0.0,0.15548015,0.14013168588280678,0.1703157089650631,0.021461664,13.6001215,13.60012149810791,13.60012149810791,0.0,13.620122,13.620121955871582,13.620121955871582,0.0,2182400.0,2182400.0,2182400.0,0.0
682,0.0,0.0,0.0,0.0,1.0,1.0,1.0,0.0,0.51272076,0.5119045525789261,0.5147665441036224,0.0030545865,0.51272076,0.5119045525789261,0.5147665441036224,0.0030545865,1.0309237,1.0105997323989868,1.0448347628116608,0.025563179,0.093275934,0.09019196406006813,0.09758979268372059,0.0055356272,0.093275934,0.09019196406006813,0.09758979268372059,0.0055356272,1.0,1.0,1.0,0.0,2.2680666e-09,2.193077885959127e-09,2.3729608833455984e-09,1.346025e-10,2.4315668e-08,2.4315667701557686e-08,2.4315667701557686e-08,0.0,-27.43313,-27.93315839767456,-26.868335723876953,0.67791474,2.2680774,2.2233638763427734,2.298682391643524,0.056240134,0.7560258,0.7411213219165802,0.7662274837493896,0.018746717,0.16533335,0.13600000739097595,0.1940000019967556,0.035668507,0.0006666667,0.0,0.0,0.0023094013,0.16212223,0.1559244655072689,0.16416480764746666,0.016021559,13.620122,13.620121955871582,13.620121955871582,0.0,13.640122,13.640122413635254,13.640122413635254,0.0,2185600.0,2185600.0,2185600.0,0.0
683,0.0,0.0,0.0,0.0,1.0,1.0,1.0,0.0,0.51272076,0.5119045525789261,0.5147665441036224,0.0030545865,0.51272076,0.5119045525789261,0.5147665441036224,0.0030545865,1.026286,1.0055166482925415,1.0471593737602234,0.021076709,0.0942288,0.08971000835299492,0.09873783402144909,0.004583582,0.0942288,0.08971000835299492,0.09873783402144909,0.004583582,1.0,1.0,1.0,0.0,2.2458653e-09,2.1381637571593615e-09,2.35333458276088e-09,1.09245876e-10,2.383417e-08,2.3834171969383533e-08,2.3834171969383533e-08,0.0,-27.386015,-27.677887439727783,-27.103818893432617,0.46457532,2.2578743,2.2121808528900146,2.303796648979187,0.04636967,0.75262475,0.7373936474323273,0.7679322361946106,0.015456554,0.13533334,0.11800000444054604,0.15400001034140587,0.030598082,0.0006666667,0.0,0.0,0.0023094013,0.15913968,0.14314350113272667,0.17421118170022964,0.019462865,13.640122,13.640122413635254,13.640122413635254,0.0,13.660123,13.660122871398926,13.660122871398926,0.0,2188800.0,2188800.0,2188800.0,0.0
684,0.0,0.0,0.0,0.0,1.0,1.0,1.0,0.0,0.51272076,0.5119045525789261,0.5147665441036224,0.0030545865,0.51272076,0.5119045525789261,0.5147665441036224,0.0030545865,1.0233734,0.9962782561779022,1.039823830127716,0.034756303,0.09503453,0.09127668291330338,0.10086620412766933,0.0074307793,0.09503453,0.09127668291330338,0.10086620412766933,0.0074307793,1.0,1.0,1.0,0.0,2.2202171e-09,2.132425513945435e-09,2.3564579176849065e-09,1.7359948e-10,2.3362213e-08,2.336221527343696e-08,2.336221527343696e-08,0.0,-27.32728,-27.629427909851074,-26.726086139678955,0.9665166,2.2514663,2.1918559074401855,2.287658154964447,0.07646541,0.75048876,0.7306186407804489,0.7625527530908585,0.025488477,0.18400002,0.16600001230835915,0.20200000330805779,0.02664241,0.0013333334,0.0,0.0,0.003113996,0.15361649,0.14472448453307152,0.15808270126581192,0.019399596,13.660123,13.660122871398926,13.660122871398926,0.0,13.680123,13.680123329162598,13.680123329162598,0.0,2192000.0,2192000.0,2192000.0,0.0
685,0.0,0.0,0.0,0.0,1.0,1.0,1.0,0.0,0.51272076,0.5119045525789261,0.5147665441036224,0.0030545865,0.51272076,0.5119045525789261,0.5147665441036224,0.0030545865,1.0332295,1.0084221363067627,1.0650592148303986,0.04041359,0.08650453,0.08608810417354107,0.09808286838233471,0.028187225,0.09300188,0.08608810417354107,0.09808286838233471,0.008649553,0.9166667,1.0,1.0,0.28867513,1.9809192e-09,1.971383278842609e-09,2.246058561361508e-09,6.4547623e-10,2.28996e-08,2.289960043810879e-08,2.289960043810879e-08,0.0,-27.444357,-27.998726844787598,-26.955889225006104,0.84457487,2.2731502,2.218572974205017,2.343177080154419,0.0889117,0.75771683,0.7395243346691132,0.781059056520462,0.029637229,0.15933333,0.14000000804662704,0.18000001087784767,0.037594326,0.0006666667,0.0,0.0,0.0023094013,0.16417766,0.14846257120370865,0.1818835772573948,0.024618825,13.680123,13.680123329162598,13.680123329162598,0.0,13.700124,13.70012378692627,13.70012378692627,0.0,2195200.0,2195200.0,2195200.0,0.0
686,0.0,0.0,0.0,0.0,1.0,1.0,1.0,0.0,0.51272076,0.5119045525789261,0.5147665441036224,0.0030545865,0.51272076,0.5119045525789261,0.5147665441036224,0.0030545865,1.0391165,1.0159542262554169,1.0597372353076935,0.02649185,0.09154118,0.08714907057583332,0.09639324434101582,0.005498636,0.09154118,0.08714907057583332,0.09639324434101582,0.005498636,1.0,1.0,1.0,0.0,2.0547468e-09,1.9561610664631246e-09,2.1636571978511654e-09,1.2342323e-10,2.244615e-08,2.244614982771509e-08,2.244614982771509e-08,0.0,-27.563154,-27.92296314239502,-27.191012859344482,0.5382846,2.286102,2.2351439595222473,2.3314685225486755,0.058283255,0.762034,0.7450480163097382,0.777156189084053,0.019427748,0.16000001,0.1340000070631504,0.18000001087784767,0.03271919,0.0,0.0,0.0,0.0,0.16505498,0.14458853378891945,0.1843847893178463,0.026376732,13.700124,13.70012378692627,13.70012378692627,0.0,13.720124,13.720124244689941,13.720124244689941,0.0,2198400.0,2198400.0,2198400.0,0.0
687,0.0,0.0,0.0,0.0,1.0,1.0,1.0,0.0,0.51272076,0.5119045525789261,0.5147665441036224,0.0030545865,0.51272076,0.5119045525789261,0.5147665441036224,0.0030545865,1.0380281,1.0092585980892181,1.0643090605735779,0.04455592,0.0920657,0.0862374659627676,0.09790970757603645,0.009660634,0.0920657,0.0862374659627676,0.09790970757603645,0.009660634,1.0,1.0,1.0,0.0,2.0255995e-09,1.8973687621048896e-09,2.1541776140665547e-09,2.1255014e-10,2.2001677e-08,2.2001675148430877e-08,2.2001675148430877e-08,0.0,-27.280588,-27.712604522705078,-27.050938606262207,0.7604316,2.2837076,2.2204132676124573,2.341526746749878,0.09802498,0.7612359,0.7401377558708191,0.7805089205503464,0.032675,0.14933334,0.1340000070631504,0.16600001230835915,0.029607536,0.0,0.0,0.0,0.0,0.15255655,0.14047358185052872,0.1568572334945202,0.02208665,13.720124,13.720124244689941,13.720124244689941,0.0,13.740125,13.740124702453613,13.740124702453613,0.0,2201600.0,2201600.0,2201600.0,0.0
688,0.0,0.0,0.0,0.0,1.0,1.0,1.0,0.0,0.51272076,0.5119045525789261,0.5147665441036224,0.0030545865,0.51272076,0.5119045525789261,0.5147665441036224,0.0030545865,1.0225496,1.0018898993730545,1.034624069929123,0.034863926,0.095215775,0.09234275296330452,0.09956841543316841,0.0074330405,0.095215775,0.09234275296330452,0.09956841543316841,0.0074330405,1.0,1.0,1.0,0.0,2.0534237e-09,1.9914639382001553e-09,2.147292621490493e-09,1.6030097e-10,2.1566002e-08,2.1566002317285893e-08,2.1566002317285893e-08,0.0,-27.112574,-27.516446113586426,-26.84957504272461,0.8259919,2.249654,2.2042016983032227,2.276218354701996,0.07670219,0.74988467,0.7347339242696762,0.7587394714355469,0.025567394,0.158,0.1340000070631504,0.18400001525878906,0.041376326,0.0,0.0,0.0,0.0,0.14766784,0.12997963652014732,0.1609136424958706,0.02004058,13.740125,13.740124702453613,13.740124702453613,0.0,13.760125,13.760125160217285,13.760125160217285,0.0,2204800.0,2204800.0,2204800.0,0.0
689,0.0,0.0,0.0,0.0,1.0,1.0,1.0,0.0,0.51272076,0.5119045525789261,0.5147665441036224,0.0030545865,0.51272076,0.5119045525789261,0.5147665441036224,0.0030545865,1.0374861,1.023443877696991,1.052145004272461,0.03422006,0.09199738,0.08869796432554722,0.09474807605147362,0.0074863033,0.09199738,0.08869796432554722,0.09474807605147362,0.0074863033,1.0,1.0,1.0,0.0,1.9447286e-09,1.8749824748365285e-09,2.00287558760337e-09,1.5825265e-10,2.1138957e-08,2.1138957251309876e-08,2.1138957251309876e-08,0.0,-27.380537,-27.73084783554077,-27.156774520874023,0.61445355,2.2825148,2.2516214847564697,2.314765155315399,0.07528561,0.7608383,0.7505404949188232,0.7715884000062943,0.025095202,0.13916667,0.11499999649822712,0.1574999913573265,0.038484547,0.0,0.0,0.0,0.0,0.16622508,0.15648278221488,0.17725490406155586,0.019667046,13.760125,13.760125160217285,13.760125160217285,0.0,13.780126,13.780125617980957,13.780125617980957,0.0,2208000.0,2208000.0,2208000.0,0.0
690,0.0,0.0,0.0,0.0,1.0,1.0,1.0,0.0,0.51272076,0.5119045525789261,0.5147665441036224,0.0030545865,0.51272076,0.5119045525789261,0.5147665441036224,0.0030545865,1.0203248,0.9977567195892334,1.0440163016319275,0.038753428,0.09577429,0.09036348387598991,0.10051899589598179,0.008466699,0.09577429,0.09036348387598991,0.10051899589598179,0.008466699,1.0,1.0,1.0,0.0,1.9844786e-09,1.872364735477916e-09,2.082790717672367e-09,1.7543314e-10,2.072037e-08,2.0720369420246243e-08,2.0720369420246243e-08,0.0,-27.053642,-27.659663677215576,-26.572529315948486,0.93357843,2.2447596,2.1951085925102234,2.2968817949295044,0.08525925,0.74825317,0.7317028939723969,0.7656272649765015,0.028419755,0.15200001,0.12400000542402267,0.17600001394748688,0.037055243,0.0,0.0,0.0,0.0,0.15416905,0.14687233790755272,0.16511091962456703,0.016437411,13.780126,13.780125617980957,13.780125617980957,0.0,13.800126,13.800126075744629,13.800126075744629,0.0,2211200.0,2211200.0,2211200.0,0.0
691,0.0,0.0,0.0,0.0,1.0,1.0,1.0,0.0,0.51272076,0.5119045525789261,0.5147665441036224,0.0030545865,0.51272076,0.5119045525789261,0.5147665441036224,0.0030545865,1.0363197,1.0162745714187622,1.0663011968135834,0.029564805,0.09217236,0.0858424250036478,0.09632198140025139,0.0062539186,0.09217236,0.0858424250036478,0.09632198140025139,0.0062539186,1.0,1.0,1.0,0.0,1.8720272e-09,1.7434655386061593e-09,1.956305950567838e-09,1.270175e-10,2.0310068e-08,2.0310068293838413e-08,2.0310068293838413e-08,0.0,-27.226854,-27.78727436065674,-26.635737895965576,0.80630255,2.279949,2.2358486652374268,2.3459094762802124,0.06504387,0.759983,0.7452828884124756,0.7819698601961136,0.021681298,0.14533333,0.1340000070631504,0.1640000119805336,0.023094015,0.0,0.0,0.0,0.0,0.15401508,0.147409126162529,0.16235755756497383,0.015767422,13.800126,13.800126075744629,13.800126075744629,0.0,13.820127,13.8201265335083,13.8201265335083,0.0,2214400.0,2214400.0,2214400.0,0.0
692,0.0,0.0,0.0,0.0,1.0,1.0,1.0,0.0,0.51272076,0.5119045525789261,0.5147665441036224,0.0030545865,0.51272076,0.5119045525789261,0.5147665441036224,0.0030545865,1.057774,1.0359724164009094,1.0760038197040558,0.03373844,0.081299044,0.08398558758199215,0.0920538417994976,0.026311273,0.08778644,0.08398558758199215,0.0920538417994976,0.0068254024,0.9166667,1.0,1.0,0.28867513,1.6184929e-09,1.6719763351602523e-09,1.8325982953371067e-09,5.2380206e-10,1.9907896e-08,1.9907895776327678e-08,1.9907895776327678e-08,0.0,-27.874674,-28.057449340820312,-27.50257635116577,0.59099853,2.3271492,2.279184877872467,2.3672556281089783,0.074226074,0.7757165,0.7597282975912094,0.7890852391719818,0.024742024,0.15466668,0.1340000070631504,0.17800001427531242,0.031139959,0.0,0.0,0.0,0.0,0.16436434,0.13990038260817528,0.18087168037891388,0.026327541,13.820127,13.8201265335083,13.8201265335083,0.0,13.840127,13.840126991271973,13.840126991271973,0.0,2217600.0,2217600.0,2217600.0,0.0
693,0.0,0.0,0.0,0.0,1.0,1.0,1.0,0.0,0.51272076,0.5119045525789261,0.5147665441036224,0.0030545865,0.51272076,0.5119045525789261,0.5147665441036224,0.0030545865,1.0448117,1.033231794834137,1.0714602768421173,0.036455512,0.09049249,0.08482827618718147,0.09268546290695667,0.0077759963,0.09049249,0.08482827618718147,0.09268546290695667,0.0077759963,1.0,1.0,1.0,0.0,1.7658414e-09,1.6553119708273556e-09,1.8086345754397826e-09,1.517383e-10,1.9513681e-08,1.9513681337457456e-08,1.9513681337457456e-08,0.0,-27.406725,-27.895555019378662,-26.982909679412842,0.61012715,2.2986317,2.273155450820923,2.357259750366211,0.08020372,0.76621056,0.7577185183763504,0.7857532799243927,0.02673458,0.15733334,0.14400000870227814,0.17800001427531242,0.029211871,0.0,0.0,0.0,0.0,0.16239628,0.15113185718655586,0.171240396797657,0.0244736,13.840127,13.840126991271973,13.840126991271973,0.0,13.860127,13.860127449035645,13.860127449035645,0.0,2220800.0,2220800.0,2220800.0,0.0
694,0.0,0.0,0.0,0.0,1.0,1.0,1.0,0.0,0.51272076,0.5119045525789261,0.5147665441036224,0.0030545865,0.51272076,0.5119045525789261,0.5147665441036224,0.0030545865,1.0346113,1.0229022800922394,1.036868840456009,0.031894706,0.08619749,0.09186221286654472,0.09486341290175915,0.027449809,0.09256192,0.09186221286654472,0.09486341290175915,0.006528593,0.9166667,1.0,1.0,0.28867513,1.648723e-09,1.7570738752858972e-09,1.814478678419107e-09,5.2504007e-10,1.9127276e-08,1.9127275763253238e-08,1.9127275763253238e-08,0.0,-27.490309,-27.71331787109375,-27.346975803375244,0.6427564,2.2761903,2.25042986869812,2.2811570167541504,0.070169784,0.7587301,0.75014328956604,0.7603856921195984,0.02338993,0.156,0.1340000070631504,0.17000001296401024,0.033509836,0.0,0.0,0.0,0.0,0.15647644,0.14689649641513824,0.16563890874385834,0.019770348,13.860127,13.860127449035645,13.860127449035645,0.0,13.880128,13.880127906799316,13.880127906799316,0.0,2224000.0,2224000.0,2224000.0,0.0
695,0.0,0.0,0.0,0.0,1.0,1.0,1.0,0.0,0.51272076,0.5119045525789261,0.5147665441036224,0.0030545865,0.51272076,0.5119045525789261,0.5147665441036224,0.0030545865,1.0365137,1.0159246325492859,1.062432438135147,0.036064982,0.09223404,0.08661238104104996,0.09642646461725235,0.007934009,0.09223404,0.08661238104104996,0.09642646461725235,0.007934009,1.0,1.0,1.0,0.0,1.7292517e-09,1.6238540512247823e-09,1.80785358905311e-09,1.4875093e-10,1.8748521e-08,1.8748520957956316e-08,1.8748520957956316e-08,0.0,-27.427485,-27.871259689331055,-26.92096710205078,0.6541403,2.2803757,2.235078811645508,2.337398111820221,0.079344586,0.7601252,0.7450262904167175,0.7791327387094498,0.0264482,0.164,0.13600000739097595,0.18800001218914986,0.035695683,0.0,0.0,0.0,0.0,0.15790482,0.14148779585957527,0.17197353392839432,0.022663664,13.880128,13.880127906799316,13.880127906799316,0.0,13.900128,13.900128364562988,13.900128364562988,0.0,2227200.0,2227200.0,2227200.0,0.0
696,0.0,0.0,0.0,0.0,1.0,1.0,1.0,0.0,0.51272076,0.5119045525789261,0.5147665441036224,0.0030545865,0.51272076,0.5119045525789261,0.5147665441036224,0.0030545865,1.0537556,1.0413779318332672,1.0655093789100647,0.027558742,0.08198976,0.08599860221147537,0.09095185250043869,0.026238924,0.0885216,0.08599860221147537,0.09095185250043869,0.005656919,0.9166667,1.0,1.0,0.28867513,1.506748e-09,1.5804194897217627e-09,1.6714467310219305e-09,4.821998e-10,1.837727e-08,1.837726948394902e-08,1.837726948394902e-08,0.0,-27.875895,-28.439827919006348,-27.443578243255615,0.8285048,2.3183086,2.2910772562026978,2.344167411327362,0.060630456,0.77276963,0.7636924386024475,0.7813891768455505,0.020210158,0.14333335,0.12000000476837158,0.1640000119805336,0.030022217,0.0006666667,0.0,0.0,0.0023094013,0.16484134,0.14754071459174156,0.17793168127536774,0.02628587,13.900128,13.900128364562988,13.900128364562988,0.0,13.920129,13.92012882232666,13.92012882232666,0.0,2230400.0,2230400.0,2230400.0,0.0
697,0.0,0.0,0.0,0.0,1.0,1.0,1.0,0.0,0.51272076,0.5119045525789261,0.5147665441036224,0.0030545865,0.51272076,0.5119045525789261,0.5147665441036224,0.0030545865,1.0399493,1.0254991352558136,1.0532536804676056,0.029866355,0.09140856,0.08846012316644192,0.09429768100380898,0.0062389434,0.09140856,0.08846012316644192,0.09429768100380898,0.0062389434,1.0,1.0,1.0,0.0,1.6465759e-09,1.5934646657722595e-09,1.6986187179046652e-09,1.1238438e-10,1.8013367e-08,1.8013366798186325e-08,1.8013366798186325e-08,0.0,-27.284393,-27.71998691558838,-26.78108787536621,0.621908,2.287934,2.256143093109131,2.3172044157981873,0.065707296,0.76264477,0.7520477175712585,0.7724015116691589,0.021902433,0.14066668,0.1120000034570694,0.15800001099705696,0.030787643,0.0,0.0,0.0,0.0,0.16321276,0.1573689952492714,0.17483589425683022,0.018302808,13.920129,13.92012882232666,13.92012882232666,0.0,13.940129,13.940129280090332,13.940129280090332,0.0,2233600.0,2233600.0,2233600.0,0.0
698,0.0,0.0,0.0,0.0,1.0,1.0,1.0,0.0,0.51272076,0.5119045525789261,0.5147665441036224,0.0030545865,0.51272076,0.5119045525789261,0.5147665441036224,0.0030545865,1.02789,1.0145688652992249,1.0479056239128113,0.031842973,0.094017714,0.08955618552863598,0.09670125134289265,0.007188228,0.094017714,0.08955618552863598,0.09670125134289265,0.007188228,1.0,1.0,1.0,0.0,1.6600397e-09,1.5812639531098682e-09,1.7074220093338255e-09,1.2692015e-10,1.7656669e-08,1.7656669015764237e-08,1.7656669015764237e-08,0.0,-27.15509,-27.15520477294922,-26.813781261444092,0.6479689,2.261403,2.2320960760116577,2.3054383397102356,0.07005592,0.75380105,0.7440320402383804,0.7684794813394547,0.023351982,0.16133334,0.11800000444054604,0.18200001120567322,0.056241903,0.0,0.0,0.0,0.0,0.152219,0.14005069434642792,0.15880859270691872,0.018736102,13.940129,13.940129280090332,13.940129280090332,0.0,13.96013,13.960129737854004,13.960129737854004,0.0,2236800.0,2236800.0,2236800.0,0.0
699,0.0,0.0,0.0,0.0,1.0,1.0,1.0,0.0,0.51272076,0.5119045525789261,0.5147665441036224,0.0030545865,0.51272076,0.5119045525789261,0.5147665441036224,0.0030545865,1.029575,1.007294237613678,1.053851991891861,0.043138057,0.093849726,0.08834580890834332,0.09833850339055061,0.009655801,0.093849726,0.08834580890834332,0.09833850339055061,0.009655801,1.0,1.0,1.0,0.0,1.6242604e-09,1.529003951228347e-09,1.7019478604218818e-09,1.6711328e-10,1.7307034e-08,1.7307034028135604e-08,1.7307034028135604e-08,0.0,-27.449835,-28.086788654327393,-26.99987506866455,0.79497445,2.2651103,2.2160916328430176,2.318520724773407,0.09490561,0.7550368,0.7386972159147263,0.7728402465581894,0.0316352,0.14800002,0.1340000070631504,0.1600000113248825,0.024716578,0.0,0.0,0.0,0.0,0.14949936,0.13687125593423843,0.15714546293020248,0.016223796,13.96013,13.960129737854004,13.960129737854004,0.0,13.98013,13.980130195617676,13.980130195617676,0.0,2240000.0,2240000.0,2240000.0,0.0
700,0.0,0.0,0.0,0.0,1.0,1.0,1.0,0.0,0.51272076,0.5119045525789261,0.5147665441036224,0.0030545865,0.51272076,0.5119045525789261,0.5147665441036224,0.0030545865,1.0284996,0.998035192489624,1.04747074842453,0.032032765,0.09388134,0.08964570984244347,0.10045547969639301,0.006887989,0.09388134,0.08964570984244347,0.10045547969639301,0.006887989,1.0,1.0,1.0,0.0,1.5926336e-09,1.5207790027282897e-09,1.7041594246869352e-09,1.1685009e-10,1.6964325e-08,1.6964325055823792e-08,1.6964325055823792e-08,0.0,-27.160799,-27.575037479400635,-26.78602123260498,0.7108285,2.2627442,2.1957212686538696,2.304481565952301,0.070473455,0.75424814,0.7319070994853973,0.7681605219841003,0.023491146,0.15933333,0.1340000070631504,0.17600001394748688,0.03059808,0.0,0.0,0.0,0.0,0.1635883,0.15939567983150482,0.16757088527083397,0.013729874,13.98013,13.980130195617676,13.980130195617676,0.0,14.000131,14.000130653381348,14.000130653381348,0.0,2243200.0,2243200.0,2243200.0,0.0
701,0.0,0.0,0.0,0.0,1.0,1.0,1.0,0.0,0.51272076,0.5119045525789261,0.5147665441036224,0.0030545865,0.51272076,0.5119045525789261,0.5147665441036224,0.0030545865,1.0279008,1.0001536905765533,1.0521254539489746,0.04087359,0.08779025,0.08871797285974026,0.09996574558317661,0.028364157,0.094147764,0.08871797285974026,0.09996574558317661,0.00847397,0.9166667,1.0,1.0,0.28867513,1.4598117e-09,1.4752380705918e-09,1.66227057118995e-09,4.716506e-10,1.6628402e-08,1.662840176663849e-08,1.662840176663849e-08,0.0,-27.283936,-27.808415412902832,-26.68816041946411,0.7686699,2.2614272,2.2003820538520813,2.314722180366516,0.089923725,0.75380903,0.7334607094526291,0.7715740948915482,0.029974569,0.15133335,0.12600000575184822,0.18400001525878906,0.03486424,0.0,0.0,0.0,0.0,0.15739271,0.14840148389339447,0.16875561326742172,0.016578924,14.000131,14.000130653381348,14.000130653381348,0.0,14.020131,14.02013111114502,14.02013111114502,0.0,2246400.0,2246400.0,2246400.0,0.0
702,0.0,0.0,0.0,0.0,1.0,1.0,1.0,0.0,0.51272076,0.5119045525789261,0.5147665441036224,0.0030545865,0.51272076,0.5119045525789261,0.5147665441036224,0.0030545865,1.0238829,1.0141425430774689,1.0337392091751099,0.028802909,0.094840676,0.09254687651991844,0.0967969298362732,0.0063155373,0.094840676,0.09254687651991844,0.0967969298362732,0.0063155373,1.0,1.0,1.0,0.0,1.5458202e-09,1.508433322694458e-09,1.5777054940269153e-09,1.02937735e-10,1.6299127e-08,1.6299127381103062e-08,1.6299127381103062e-08,0.0,-27.143919,-27.767172813415527,-26.703744888305664,0.7765334,2.2525873,2.231158196926117,2.2742716670036316,0.06336763,0.7508624,0.7437193989753723,0.7580905556678772,0.021122549,0.14916666,0.13499999977648258,0.16249999776482582,0.030289011,0.0,0.0,0.0,0.0,0.15112425,0.143279530107975,0.16429368779063225,0.016965076,14.020131,14.02013111114502,14.02013111114502,0.0,14.040132,14.040131568908691,14.040131568908691,0.0,2249600.0,2249600.0,2249600.0,0.0
703,0.0,0.0,0.0,0.0,1.0,1.0,1.0,0.0,0.51272076,0.5119045525789261,0.5147665441036224,0.0030545865,0.51272076,0.5119045525789261,0.5147665441036224,0.0030545865,1.0335654,1.0292347073554993,1.0452068150043488,0.031727474,0.09279228,0.09012303687632084,0.09353391639888287,0.006927587,0.09279228,0.09012303687632084,0.09353391639888287,0.006927587,1.0,1.0,1.0,0.0,1.4824845e-09,1.439839691919076e-09,1.4943331294592355e-09,1.10677766e-10,1.5976378e-08,1.5976377554238752e-08,1.5976377554238752e-08,0.0,-27.50705,-27.914093017578125,-26.982794284820557,0.605987,2.2738893,2.264361619949341,2.299500823020935,0.06980182,0.7579631,0.7547872364521027,0.7665003091096878,0.023267275,0.15533334,0.12600000575184822,0.17400000989437103,0.03665399,0.0,0.0,0.0,0.0,0.1619202,0.15075989067554474,0.1752038709819317,0.015684944,14.040132,14.040131568908691,14.040131568908691,0.0,14.060132,14.060132026672363,14.060132026672363,0.0,2252800.0,2252800.0,2252800.0,0.0
704,0.0,0.0,0.0,0.0,1.0,1.0,1.0,0.0,0.51272076,0.5119045525789261,0.5147665441036224,0.0030545865,0.51272076,0.5119045525789261,0.5147665441036224,0.0030545865,1.0355176,1.0112890601158142,1.0507169365882874,0.025015866,0.092287116,0.08899378404021263,0.09743526577949524,0.005293971,0.092287116,0.08899378404021263,0.09743526577949524,0.005293971,1.0,1.0,1.0,0.0,1.4452177e-09,1.3936441722872672e-09,1.5258379282290235e-09,8.290368e-11,1.5660017e-08,1.5660017282925764e-08,1.5660017282925764e-08,0.0,-27.430208,-27.88005018234253,-26.926055431365967,0.80214596,2.2781842,2.224880337715149,2.311623513698578,0.055035993,0.7593947,0.7416267991065979,0.7705411911010742,0.018345337,0.156,0.1340000070631504,0.17600001394748688,0.03316077,0.0013333334,0.0,0.0,0.0046188026,0.15436046,0.13968128710985184,0.16444772481918335,0.023137389,14.060132,14.060132026672363,14.060132026672363,0.0,14.0801325,14.080132484436035,14.080132484436035,0.0,2256000.0,2256000.0,2256000.0,0.0
705,0.0,0.0,0.0,0.0,1.0,1.0,1.0,0.0,0.51272076,0.5119045525789261,0.5147665441036224,0.0030545865,0.51272076,0.5119045525789261,0.5147665441036224,0.0030545865,1.0458742,1.0191579163074493,1.055276095867157,0.033241626,0.083848946,0.088048892095685,0.0956846084445715,0.026879456,0.09021179,0.088048892095685,0.0956846084445715,0.006655493,0.9166667,1.0,1.0,0.28867513,1.2870748e-09,1.3515436270150616e-09,1.4687512595035201e-09,4.1259754e-10,1.5349922e-08,1.534992222218534e-08,1.534992222218534e-08,0.0,-27.473234,-27.816208839416504,-27.13851261138916,0.6428648,2.3009691,2.2421920895576477,2.321653723716736,0.07313303,0.7669897,0.7473973631858826,0.7738845944404602,0.024377683,0.13800001,0.11000000312924385,0.1640000119805336,0.03644174,0.0006666667,0.0,0.0,0.0023094013,0.1616889,0.14444397017359734,0.169970091432333,0.022021135,14.0801325,14.080132484436035,14.080132484436035,0.0,14.100133,14.100132942199707,14.100132942199707,0.0,2259200.0,2259200.0,2259200.0,0.0
706,0.0,0.0,0.0,0.0,1.0,1.0,1.0,0.0,0.51272076,0.5119045525789261,0.5147665441036224,0.0030545865,0.51272076,0.5119045525789261,0.5147665441036224,0.0030545865,1.0457301,1.0045197159051895,1.0792063176631927,0.049648907,0.07759281,0.08334263041615486,0.09898017719388008,0.037236646,0.09054913,0.08334263041615486,0.09898017719388008,0.010430046,0.8333333,1.0,1.0,0.38924947,1.1674587e-09,1.2539702609615233e-09,1.4892522492981897e-09,5.602612e-10,1.5045964e-08,1.5045964474325046e-08,1.5045964474325046e-08,0.0,-27.799112,-28.5744686126709,-27.01472043991089,0.9949877,2.3006523,2.209987461566925,2.3743013739585876,0.10922981,0.7668841,0.7366624921560287,0.7914338111877441,0.036409937,0.14,0.11800000444054604,0.16200001165270805,0.037133664,0.0,0.0,0.0,0.0,0.16429946,0.15218707919120789,0.18140454590320587,0.023811832,14.100133,14.100132942199707,14.100132942199707,0.0,14.120133,14.120133399963379,14.120133399963379,0.0,2262400.0,2262400.0,2262400.0,0.0
707,0.0,0.0,0.0,0.0,1.0,1.0,1.0,0.0,0.51272076,0.5119045525789261,0.5147665441036224,0.0030545865,0.51272076,0.5119045525789261,0.5147665441036224,0.0030545865,1.0192198,1.0042033195495605,1.0396033227443695,0.030174142,0.095886685,0.09128891117870808,0.09903742372989655,0.0068481257,0.095886685,0.09128891117870808,0.09903742372989655,0.0068481257,1.0,1.0,1.0,0.0,1.4141396e-09,1.346331379714627e-09,1.46060666339487e-09,1.0099636e-10,1.4748028e-08,1.4748027687971899e-08,1.4748027687971899e-08,0.0,-26.787561,-27.4324369430542,-26.44756269454956,0.58166134,2.2423284,2.209291458129883,2.2871729731559753,0.06638442,0.7474428,0.7364305257797241,0.7623910009860992,0.022128144,0.16200002,0.15000000968575478,0.1860000118613243,0.041796044,0.0,0.0,0.0,0.0,0.15424599,0.1484687402844429,0.15959156304597855,0.015062527,14.120133,14.120133399963379,14.120133399963379,0.0,14.140134,14.14013385772705,14.14013385772705,0.0,2265600.0,2265600.0,2265600.0,0.0
708,0.0,0.0,0.0,0.0,1.0,1.0,1.0,0.0,0.51272076,0.5119045525789261,0.5147665441036224,0.0030545865,0.51272076,0.5119045525789261,0.5147665441036224,0.0030545865,1.0477822,1.0277655124664307,1.0702242255210876,0.034507185,0.08329066,0.08507047221064568,0.09380707331001759,0.026985297,0.08984366,0.08507047221064568,0.09380707331001759,0.007256968,0.9166667,1.0,1.0,0.28867513,1.2040492e-09,1.2297780294101557e-09,1.3560743084006788e-09,3.9009923e-10,1.4455992e-08,1.4455991959039238e-08,1.4455991959039238e-08,0.0,-27.478071,-28.073081493377686,-26.986626148223877,0.9315341,2.305167,2.2611292600631714,2.3545404076576233,0.07591735,0.768389,0.7537097781896591,0.7848468273878098,0.025305787,0.14666668,0.11600000411272049,0.16600001230835915,0.039829943,0.0,0.0,0.0,0.0,0.1619862,0.15306447073817253,0.17590400204062462,0.021192266,14.140134,14.14013385772705,14.14013385772705,0.0,14.160134,14.160134315490723,14.160134315490723,0.0,2268800.0,2268800.0,2268800.0,0.0
709,0.0,0.0,0.0,0.0,1.0,1.0,1.0,0.0,0.51272076,0.5119045525789261,0.5147665441036224,0.0030545865,0.51272076,0.5119045525789261,0.5147665441036224,0.0030545865,1.0251464,1.0170529782772064,1.0391424894332886,0.029536234,0.094575465,0.09138263016939163,0.09615467675030231,0.0064823353,0.094575465,0.09138263016939163,0.09615467675030231,0.0064823353,1.0,1.0,1.0,0.0,1.3401095e-09,1.2948677685642451e-09,1.3624864014794014e-09,9.1852984e-11,1.41697365e-08,1.4169736495261986e-08,1.4169736495261986e-08,0.0,-27.096098,-27.450313091278076,-26.90296745300293,0.6328191,2.255367,2.2375612258911133,2.2861591577529907,0.06498102,0.7517891,0.7458537667989731,0.762053057551384,0.021660335,0.16066667,0.14000000804662704,0.18400001525878906,0.030022215,0.0,0.0,0.0,0.0,0.14758335,0.13741396367549896,0.15061558410525322,0.016887741,14.160134,14.160134315490723,14.160134315490723,0.0,14.180135,14.180134773254395,14.180134773254395,0.0,2272000.0,2272000.0,2272000.0,0.0
710,0.0,0.0,0.0,0.0,1.0,1.0,1.0,0.0,0.51272076,0.5119045525789261,0.5147665441036224,0.0030545865,0.51272076,0.5119045525789261,0.5147665441036224,0.0030545865,1.0186554,1.004159152507782,1.0370174050331116,0.023541145,0.09592387,0.09183025732636452,0.09904786013066769,0.0051643555,0.09592387,0.09183025732636452,0.09904786013066769,0.0051643555,1.0,1.0,1.0,0.0,1.3323013e-09,1.2754443612372768e-09,1.3756907002449026e-09,7.172849e-11,1.3889152e-08,1.38891511625161e-08,1.38891511625161e-08,0.0,-27.28817,-27.568710803985596,-26.991374015808105,0.5546801,2.2410867,2.209194242954254,2.2814838886260986,0.05179157,0.7470289,0.7363981157541275,0.7604946494102478,0.017263861,0.17266667,0.14400000870227814,0.1860000118613243,0.038511705,0.0,0.0,0.0,0.0,0.1541819,0.1485145129263401,0.16335072740912437,0.015762212,14.180135,14.180134773254395,14.180134773254395,0.0,14.200135,14.200135231018066,14.200135231018066,0.0,2275200.0,2275200.0,2275200.0,0.0
711,0.0,0.0,0.0,0.0,1.0,1.0,1.0,0.0,0.51272076,0.5119045525789261,0.5147665441036224,0.0030545865,0.51272076,0.5119045525789261,0.5147665441036224,0.0030545865,1.034961,1.0135382413864136,1.0569715797901154,0.029223265,0.09245669,0.08770663104951382,0.09693282283842564,0.006203818,0.09245669,0.08770663104951382,0.09693282283842564,0.006203818,1.0,1.0,1.0,0.0,1.2587166e-09,1.1940486932537908e-09,1.3196552461902655e-09,8.445954e-11,1.3614122e-08,1.3614121385785438e-08,1.3614121385785438e-08,0.0,-27.134367,-27.87934923171997,-26.623208045959473,0.8501131,2.2769597,2.2298285365104675,2.3253839015960693,0.06429248,0.75898653,0.7432761788368225,0.7751280069351196,0.021430839,0.13800001,0.13200000673532486,0.16200001165270805,0.038612295,0.0,0.0,0.0,0.0,0.15095371,0.13286897912621498,0.1587381362915039,0.0217991,14.200135,14.200135231018066,14.200135231018066,0.0,14.220136,14.220135688781738,14.220135688781738,0.0,2278400.0,2278400.0,2278400.0,0.0
712,0.0,0.0,0.0,0.0,1.0,1.0,1.0,0.0,0.51272076,0.5119045525789261,0.5147665441036224,0.0030545865,0.51272076,0.5119045525789261,0.5147665441036224,0.0030545865,1.0190717,1.0020190179347992,1.0376007556915283,0.031876363,0.09594225,0.09170669317245483,0.0995411816984415,0.0071395454,0.09594225,0.09170669317245483,0.0995411816984415,0.0071395454,1.0,1.0,1.0,0.0,1.2803051e-09,1.223783463455419e-09,1.3283310562606232e-09,9.527394e-11,1.3344537e-08,1.3344537919124377e-08,1.3344537919124377e-08,0.0,-26.960718,-27.440247535705566,-26.4864182472229,0.6150463,2.2420022,2.204485774040222,2.282767355442047,0.0701294,0.7473342,0.7348286211490631,0.7609224915504456,0.02337647,0.156,0.11800000444054604,0.1940000019967556,0.040145192,0.0006666667,0.0,0.0,0.0023094013,0.15044649,0.13925056904554367,0.1568712368607521,0.015226661,14.220136,14.220135688781738,14.220135688781738,0.0,14.240136,14.24013614654541,14.24013614654541,0.0,2281600.0,2281600.0,2281600.0,0.0
713,0.0,0.0,0.0,0.0,1.0,1.0,1.0,0.0,0.51272076,0.5119045525789261,0.5147665441036224,0.0030545865,0.51272076,0.5119045525789261,0.5147665441036224,0.0030545865,1.046866,1.0379959344863892,1.0671264231204987,0.030161226,0.08997333,0.08567991107702255,0.09165260381996632,0.006445947,0.08997333,0.08567991107702255,0.09165260381996632,0.006445947,1.0,1.0,1.0,0.0,1.1768776e-09,1.12071826818827e-09,1.1988428860743028e-09,8.431488e-11,1.3080292e-08,1.3080292404765714e-08,1.3080292404765714e-08,0.0,-27.527494,-27.8522310256958,-27.100143909454346,0.8239721,2.3031514,2.2836365699768066,2.347725033760071,0.06635604,0.7677171,0.7612121999263763,0.7825750261545181,0.022118682,0.16066667,0.1420000083744526,0.18400001525878906,0.036174662,0.0,0.0,0.0,0.0,0.16222607,0.1468593142926693,0.17248722910881042,0.022185653,14.240136,14.24013614654541,14.24013614654541,0.0,14.260137,14.260136604309082,14.260136604309082,0.0,2284800.0,2284800.0,2284800.0,0.0
714,0.0,0.0,0.0,0.0,1.0,1.0,1.0,0.0,0.51272076,0.5119045525789261,0.5147665441036224,0.0030545865,0.51272076,0.5119045525789261,0.5147665441036224,0.0030545865,1.0380446,1.0294106602668762,1.0573383271694183,0.036026716,0.091914326,0.08763987012207508,0.09345453977584839,0.008127224,0.091914326,0.08763987012207508,0.09345453977584839,0.008127224,1.0,1.0,1.0,0.0,1.1784591e-09,1.123655196666462e-09,1.1982066727700413e-09,1.04201384e-10,1.2821278e-08,1.2821278261299085e-08,1.2821278261299085e-08,0.0,-27.344992,-27.764880657196045,-27.062307357788086,0.64613146,2.2837436,2.2647486329078674,2.3261906504631042,0.079260334,0.76124793,0.7549162209033966,0.7753969132900238,0.02642011,0.14066668,0.10200000181794167,0.17200001329183578,0.048176445,0.0006666667,0.0,0.0,0.0023094013,0.15838052,0.14695217460393906,0.16570068150758743,0.021942476,14.260137,14.260136604309082,14.260136604309082,0.0,14.280137,14.280137062072754,14.280137062072754,0.0,2288000.0,2288000.0,2288000.0,0.0
715,0.0,0.0,0.0,0.0,1.0,1.0,1.0,0.0,0.51272076,0.5119045525789261,0.5147665441036224,0.0030545865,0.51272076,0.5119045525789261,0.5147665441036224,0.0030545865,1.0341265,1.0023363530635834,1.0452894270420074,0.051585007,0.08065218,0.09011570550501347,0.099463552236557,0.03806769,0.093019344,0.09011570550501347,0.099463552236557,0.010430662,0.8333333,1.0,1.0,0.38924947,1.0135878e-09,1.1325196891398548e-09,1.2499977997126877e-09,4.7841175e-10,1.2567395e-08,1.2567395124563063e-08,1.2567395124563063e-08,0.0,-27.532364,-27.97227382659912,-26.86920738220215,1.1035151,2.2751238,2.205184042453766,2.2996826767921448,0.113489285,0.75837463,0.7350613474845886,0.7665609121322632,0.037829757,0.1625,0.14000000059604645,0.1874999925494194,0.03768892,0.0016666666,0.0,0.0,0.0057735024,0.15320243,0.1429309993982315,0.1668042056262493,0.021575414,14.280137,14.280137062072754,14.280137062072754,0.0,14.3001375,14.300137519836426,14.300137519836426,0.0,2291200.0,2291200.0,2291200.0,0.0
716,0.0,0.0,0.0,0.0,1.0,1.0,1.0,0.0,0.51272076,0.5119045525789261,0.5147665441036224,0.0030545865,0.51272076,0.5119045525789261,0.5147665441036224,0.0030545865,1.0292202,1.0113617479801178,1.049718290567398,0.034707528,0.09376716,0.08918310329318047,0.09743295982480049,0.007499511,0.09376716,0.08918310329318047,0.09743295982480049,0.007499511,1.0,1.0,1.0,0.0,1.1550744e-09,1.0986054566064496e-09,1.2002316085446552e-09,9.238302e-11,1.2318538e-08,1.2318538189504125e-08,1.2318538189504125e-08,0.0,-27.227318,-27.72290277481079,-26.799233436584473,0.73955166,2.26433,2.225040316581726,2.3094263076782227,0.07635807,0.75477666,0.7416801154613495,0.7698087841272354,0.025452694,0.15200001,0.12800000607967377,0.1680000126361847,0.040362,0.0,0.0,0.0,0.0,0.15946779,0.14443200454115868,0.17016369476914406,0.023008479,14.3001375,14.300137519836426,14.300137519836426,0.0,14.320138,14.320137977600098,14.320137977600098,0.0,2294400.0,2294400.0,2294400.0,0.0
717,0.0,0.0,0.0,0.0,1.0,1.0,1.0,0.0,0.51272076,0.5119045525789261,0.5147665441036224,0.0030545865,0.51272076,0.5119045525789261,0.5147665441036224,0.0030545865,1.0480449,1.0340456366539001,1.0756917893886566,0.03678524,0.083245166,0.08400605991482735,0.09247023984789848,0.027102746,0.08982387,0.08400605991482735,0.09247023984789848,0.0076842904,0.9166667,1.0,1.0,0.28867513,1.0051528e-09,1.0143403894602443e-09,1.1165420810144155e-09,3.2725508e-10,1.2074611e-08,1.2074609756496102e-08,1.2074609756496102e-08,0.0,-27.50618,-28.22010564804077,-26.886913299560547,0.8819888,2.305745,2.274945855140686,2.3665691614151,0.08092914,0.7685816,0.7583153247833252,0.7888564020395279,0.02697637,0.16200002,0.15000000968575478,0.17800001427531242,0.036601044,0.0006666667,0.0,0.0,0.0023094013,0.1567198,0.1468399278819561,0.16578803583979607,0.015479507,14.320138,14.320137977600098,14.320137977600098,0.0,14.340138,14.34013843536377,14.34013843536377,0.0,2297600.0,2297600.0,2297600.0,0.0
718,0.0,0.0,0.0,0.0,1.0,1.0,1.0,0.0,0.51272076,0.5119045525789261,0.5147665441036224,0.0030545865,0.51272076,0.5119045525789261,0.5147665441036224,0.0030545865,1.0429767,1.0149945318698883,1.0734821259975433,0.033814475,0.09083158,0.08443420194089413,0.09660737030208111,0.0071335263,0.09083158,0.08443420194089413,0.09660737030208111,0.0071335263,1.0,1.0,1.0,0.0,1.0750382e-09,9.9932195851693e-10,1.143397654335132e-09,8.442893e-11,1.1835511e-08,1.1835511237734408e-08,1.1835511237734408e-08,0.0,-27.321974,-28.00608777999878,-26.784780025482178,0.89652497,2.2945948,2.2330325841903687,2.3617078065872192,0.07439331,0.7648649,0.7443442046642303,0.7872359454631805,0.024797767,0.14733334,0.1340000070631504,0.17000001296401024,0.032443892,0.0,0.0,0.0,0.0,0.15442877,0.14311297237873077,0.16321693360805511,0.018314231,14.340138,14.34013843536377,14.34013843536377,0.0,14.360139,14.360138893127441,14.360138893127441,0.0,2300800.0,2300800.0,2300800.0,0.0
719,0.0,0.0,0.0,0.0,1.0,1.0,1.0,0.0,0.51272076,0.5119045525789261,0.5147665441036224,0.0030545865,0.51272076,0.5119045525789261,0.5147665441036224,0.0030545865,1.0433437,1.0328862369060516,1.0729269087314606,0.035097733,0.09077958,0.08454215154051781,0.09270779974758625,0.0076182485,0.09077958,0.08454215154051781,0.09270779974758625,0.0076182485,1.0,1.0,1.0,0.0,1.0531472e-09,9.807858136756664e-10,1.075516675719257e-09,8.838043e-11,1.1601146e-08,1.1601145821771297e-08,1.1601145821771297e-08,0.0,-27.442907,-28.1130633354187,-27.047950267791748,0.7730655,2.2954018,2.272395074367523,2.360486328601837,0.07721655,0.76513404,0.7574650347232819,0.7868288159370422,0.025738852,0.15133335,0.1340000070631504,0.1600000113248825,0.02563142,0.0006666667,0.0,0.0,0.0023094013,0.15910332,0.14413364604115486,0.17195653915405273,0.022991298,14.360139,14.360138893127441,14.360138893127441,0.0,14.380139,14.380139350891113,14.380139350891113,0.0,2304000.0,2304000.0,2304000.0,0.0
720,0.0,0.0,0.0,0.0,1.0,1.0,1.0,0.0,0.51272076,0.5119045525789261,0.5147665441036224,0.0030545865,0.51272076,0.5119045525789261,0.5147665441036224,0.0030545865,1.0223571,1.007167786359787,1.0417613983154297,0.040447034,0.0953621,0.09085474535822868,0.09836416132748127,0.008947496,0.0953621,0.09085474535822868,0.09836416132748127,0.008947496,1.0,1.0,1.0,0.0,1.0844028e-09,1.0331477895419994e-09,1.118540537969892e-09,1.0174579e-10,1.1371424e-08,1.1371423802586378e-08,1.1371423802586378e-08,0.0,-27.247864,-27.79451084136963,-26.87973976135254,0.7904921,2.2492306,2.215813398361206,2.2919209003448486,0.088985264,0.7497435,0.7386045008897781,0.7639736533164978,0.029661754,0.14,0.12600000575184822,0.15200001001358032,0.024000004,0.0006666667,0.0,0.0,0.0023094013,0.14900397,0.1411270573735237,0.1579783633351326,0.010511458,14.380139,14.380139350891113,14.380139350891113,0.0,14.40014,14.400139808654785,14.400139808654785,0.0,2307200.0,2307200.0,2307200.0,0.0
721,0.0,0.0,0.0,0.0,1.0,1.0,1.0,0.0,0.51272076,0.5119045525789261,0.5147665441036224,0.0030545865,0.51272076,0.5119045525789261,0.5147665441036224,0.0030545865,1.0457839,1.0342992544174194,1.0628796219825745,0.03505659,0.08370768,0.08653302676975727,0.09241627342998981,0.027145736,0.090267025,0.08653302676975727,0.09241627342998981,0.0074313963,0.9166667,1.0,1.0,0.28867513,9.330265e-10,9.64518576118678e-10,1.0300947872465827e-09,3.0257313e-10,1.1146248e-08,1.1146248368731904e-08,1.1146248368731904e-08,0.0,-27.452425,-28.106628894805908,-26.91222858428955,0.9273422,2.3007705,2.2755038142204285,2.3383819460868835,0.07712605,0.7669235,0.7585012763738632,0.779460683465004,0.025708685,0.16333334,0.1420000083744526,0.18800001218914986,0.03633514,0.0006666667,0.0,0.0,0.0023094013,0.1633338,0.1492801234126091,0.1780763864517212,0.0213504,14.40014,14.400139808654785,14.400139808654785,0.0,14.42014,14.420140266418457,14.420140266418457,0.0,2310400.0,2310400.0,2310400.0,0.0
722,0.0,0.0,0.0,0.0,1.0,1.0,1.0,0.0,0.51272076,0.5119045525789261,0.5147665441036224,0.0030545865,0.51272076,0.5119045525789261,0.5147665441036224,0.0030545865,1.0397164,1.0186611711978912,1.0552533864974976,0.02890291,0.09144547,0.08806859888136387,0.09580038860440254,0.0060566906,0.09144547,0.08806859888136387,0.09580038860440254,0.0060566906,1.0,1.0,1.0,0.0,9.990905e-10,9.621964058847965e-10,1.046670361493085e-09,6.617257e-11,1.0925533e-08,1.0925533366901163e-08,1.0925533366901163e-08,0.0,-27.48607,-27.658531665802002,-27.091585159301758,0.39862856,2.2874217,2.241099238395691,2.3216038942337036,0.06358767,0.7624739,0.747033104300499,0.7738679945468903,0.021195881,0.15333335,0.13600000739097595,0.17000001296401024,0.028095076,0.0,0.0,0.0,0.0,0.16732037,0.1594075784087181,0.17945143207907677,0.018174797,14.42014,14.420140266418457,14.420140266418457,0.0,14.440141,14.440140724182129,14.440140724182129,0.0,2313600.0,2313600.0,2313600.0,0.0
723,0.0,0.0,0.0,0.0,1.0,1.0,1.0,0.0,0.51272076,0.5119045525789261,0.5147665441036224,0.0030545865,0.51272076,0.5119045525789261,0.5147665441036224,0.0030545865,1.0298548,1.018053650856018,1.0489381551742554,0.029290022,0.09355535,0.08934597857296467,0.09593728370964527,0.0065026055,0.09355535,0.08934597857296467,0.09593728370964527,0.0065026055,1.0,1.0,1.0,0.0,1.0019019e-09,9.568229264456107e-10,1.0274103789953415e-09,6.963761e-11,1.0709189e-08,1.0709188202895348e-08,1.0709188202895348e-08,0.0,-27.265223,-27.588086128234863,-27.21715021133423,0.6851995,2.2657259,2.239762783050537,2.307710111141205,0.064439364,0.75524193,0.7465876340866089,0.7692367285490036,0.021479791,0.15866667,0.1340000070631504,0.17000001296401024,0.043395296,0.0006666667,0.0,0.0,0.0023094013,0.17019516,0.16453267261385918,0.18263576179742813,0.017465489,14.440141,14.440140724182129,14.440140724182129,0.0,14.460141,14.4601411819458,14.4601411819458,0.0,2316800.0,2316800.0,2316800.0,0.0
724,0.0,0.0,0.0,0.0,1.0,1.0,1.0,0.0,0.51272076,0.5119045525789261,0.5147665441036224,0.0030545865,0.51272076,0.5119045525789261,0.5147665441036224,0.0030545865,1.0404099,1.0086432844400406,1.0697366893291473,0.038787823,0.09145161,0.08516696281731129,0.0980369932949543,0.008273259,0.09145161,0.08516696281731129,0.0980369932949543,0.008273259,1.0,1.0,1.0,0.0,9.599791e-10,8.940084644804003e-10,1.0291067997769687e-09,8.684544e-11,1.0497128e-08,1.0497127611586166e-08,1.0497127611586166e-08,0.0,-27.43265,-28.04161834716797,-26.85889768600464,0.7789396,2.2889473,2.2190595269203186,2.353467643260956,0.08533492,0.76298255,0.739686518907547,0.7844892144203186,0.028444966,0.156,0.12400000542402267,0.17800001427531242,0.035532318,0.0,0.0,0.0,0.0,0.15992223,0.14181454107165337,0.17074618116021156,0.024241038,14.460141,14.4601411819458,14.4601411819458,0.0,14.480142,14.480141639709473,14.480141639709473,0.0,2320000.0,2320000.0,2320000.0,0.0
725,0.0,0.0,0.0,0.0,1.0,1.0,1.0,0.0,0.51272076,0.5119045525789261,0.5147665441036224,0.0030545865,0.51272076,0.5119045525789261,0.5147665441036224,0.0030545865,1.0228235,1.0105876922607422,1.043582171201706,0.025241978,0.095028065,0.09045384079217911,0.09759560786187649,0.005561995,0.095028065,0.09045384079217911,0.09759560786187649,0.005561995,1.0,1.0,1.0,0.0,9.77769e-10,9.307035975236744e-10,1.0041871500998667e-09,5.722885e-11,1.0289265e-08,1.0289265439666906e-08,1.0289265439666906e-08,0.0,-27.123865,-27.257798671722412,-26.755720138549805,0.53726417,2.2502568,2.2233373522758484,2.2959266901016235,0.055533495,0.7500856,0.7411124557256699,0.7653089016675949,0.018511169,0.15,0.1340000070631504,0.15400001034140587,0.028565714,0.0,0.0,0.0,0.0,0.149335,0.1317196823656559,0.15335186570882797,0.029085917,14.480142,14.480141639709473,14.480141639709473,0.0,14.500142,14.500142097473145,14.500142097473145,0.0,2323200.0,2323200.0,2323200.0,0.0
726,0.0,0.0,0.0,0.0,1.0,1.0,1.0,0.0,0.51272076,0.5119045525789261,0.5147665441036224,0.0030545865,0.51272076,0.5119045525789261,0.5147665441036224,0.0030545865,1.019588,1.000433325767517,1.0410031378269196,0.031796683,0.095827214,0.09099163301289082,0.09991600923240185,0.007117566,0.095827214,0.09099163301289082,0.09991600923240185,0.007117566,1.0,1.0,1.0,0.0,9.664672e-10,9.17697959290642e-10,1.0077048917533915e-09,7.178435e-11,1.0085519e-08,1.0085519974722956e-08,1.0085519974722956e-08,0.0,-27.049988,-27.374478816986084,-26.598190784454346,0.664843,2.2431383,2.200997233390808,2.2902527451515198,0.069954105,0.7477128,0.7336657494306564,0.7634176015853882,0.023318036,0.16866668,0.13600000739097595,0.18400001153349876,0.047200408,0.0,0.0,0.0,0.0,0.1543241,0.1448509767651558,0.16851426288485527,0.018228315,14.500142,14.500142097473145,14.500142097473145,0.0,14.520143,14.520142555236816,14.520142555236816,0.0,2326400.0,2326400.0,2326400.0,0.0
727,0.0,0.0,0.0,0.0,1.0,1.0,1.0,0.0,0.51272076,0.5119045525789261,0.5147665441036224,0.0030545865,0.51272076,0.5119045525789261,0.5147665441036224,0.0030545865,1.0246638,1.0059196650981903,1.0459485054016113,0.033574056,0.09473774,0.08996056951582432,0.0986507385969162,0.0073032286,0.09473774,0.08996056951582432,0.0986507385969162,0.0073032286,1.0,1.0,1.0,0.0,9.36559e-10,8.893328989900695e-10,9.752422203135325e-10,7.21983e-11,9.885808e-09,9.885807727982865e-09,9.885807727982865e-09,0.0,-27.21301,-27.82723617553711,-26.589919090270996,0.8367968,2.2543056,2.213067352771759,2.3011327385902405,0.073864445,0.7514352,0.7376891374588013,0.7670442759990692,0.02462148,0.15133335,0.13600000739097595,0.15200001001358032,0.024470143,0.0,0.0,0.0,0.0,0.16274796,0.1477641798555851,0.17469922825694084,0.023359137,14.520143,14.520142555236816,14.520142555236816,0.0,14.540143,14.540143013000488,14.540143013000488,0.0,2329600.0,2329600.0,2329600.0,0.0
728,0.0,0.0,0.0,0.0,1.0,1.0,1.0,0.0,0.51272076,0.5119045525789261,0.5147665441036224,0.0030545865,0.51272076,0.5119045525789261,0.5147665441036224,0.0030545865,1.0218115,0.9988253712654114,1.0427030622959137,0.030297289,0.09531492,0.09063520468771458,0.1002738531678915,0.006689729,0.09531492,0.09063520468771458,0.1002738531678915,0.006689729,1.0,1.0,1.0,0.0,9.236065e-10,8.782598676093656e-10,9.716588644792523e-10,6.4823834e-11,9.690052e-09,9.690052316102538e-09,9.690052316102538e-09,0.0,-27.163408,-27.535545349121094,-26.65571165084839,0.795002,2.2480302,2.1974597573280334,2.293992519378662,0.06665536,0.7493434,0.7324866056442261,0.7646642029285431,0.022218456,0.14666666,0.11749999783933163,0.17249999940395355,0.040075686,0.0,0.0,0.0,0.0,0.15354192,0.14089645445346832,0.16621550545096397,0.017499767,14.540143,14.540143013000488,14.540143013000488,0.0,14.560143,14.56014347076416,14.56014347076416,0.0,2332800.0,2332800.0,2332800.0,0.0
729,0.0,0.0,0.0,0.0,1.0,1.0,1.0,0.0,0.51272076,0.5119045525789261,0.5147665441036224,0.0030545865,0.51272076,0.5119045525789261,0.5147665441036224,0.0030545865,1.0468024,1.038134604692459,1.060177505016327,0.034238063,0.083588,0.08706219866871834,0.09160800278186798,0.027009752,0.09004273,0.08706219866871834,0.09160800278186798,0.0072329273,0.9166667,1.0,1.0,0.28867513,7.939331e-10,8.269316759124123e-10,8.701084713846896e-10,2.5654323e-10,9.498171e-09,9.498171138488942e-09,9.498171138488942e-09,0.0,-27.689201,-28.221786499023438,-27.260332107543945,0.8446168,2.3030112,2.2839417457580566,2.3324371576309204,0.07532526,0.7676704,0.7613139301538467,0.7774790525436401,0.02510842,0.14133334,0.12800000607967377,0.15400001034140587,0.024677314,0.0,0.0,0.0,0.0,0.16132988,0.14298418909311295,0.16933757811784744,0.028835915,14.560143,14.56014347076416,14.56014347076416,0.0,14.580144,14.580143928527832,14.580143928527832,0.0,2336000.0,2336000.0,2336000.0,0.0
730,0.0,0.0,0.0,0.0,1.0,1.0,1.0,0.0,0.51272076,0.5119045525789261,0.5147665441036224,0.0030545865,0.51272076,0.5119045525789261,0.5147665441036224,0.0030545865,1.0372447,1.010611355304718,1.053589552640915,0.039298806,0.085829385,0.08839365467429161,0.0975868534296751,0.027686547,0.09211636,0.08839365467429161,0.0975868534296751,0.007970746,0.9166667,1.0,1.0,0.28867513,7.9907947e-10,8.229529974146388e-10,9.085425051180707e-10,2.5776428e-10,9.310091e-09,9.310091364511663e-09,9.310091364511663e-09,0.0,-27.252314,-27.706909656524658,-26.75673246383667,0.93593574,2.2819839,2.2233892679214478,2.317943274974823,0.086459115,0.7606613,0.7411297857761383,0.7726477831602097,0.028819706,0.16466667,0.15000000968575478,0.17800001427531242,0.024706768,0.002,0.0,0.0020000000949949026,0.0036181363,0.1541977,0.14641954004764557,0.16237562522292137,0.011031399,14.580144,14.580143928527832,14.580143928527832,0.0,14.600144,14.600144386291504,14.600144386291504,0.0,2339200.0,2339200.0,2339200.0,0.0
731,0.0,0.0,0.0,0.0,1.0,1.0,1.0,0.0,0.51272076,0.5119045525789261,0.5147665441036224,0.0030545865,0.51272076,0.5119045525789261,0.5147665441036224,0.0030545865,1.0418196,1.0133891999721527,1.0763666331768036,0.0353096,0.09109571,0.08387552388012409,0.09698016010224819,0.007419896,0.09109571,0.08387552388012409,0.09698016010224819,0.007419896,1.0,1.0,1.0,0.0,8.3131524e-10,7.654257921929641e-10,8.850152277695145e-10,6.771201e-11,9.125735e-09,9.125734834469768e-09,9.125734834469768e-09,0.0,-27.614906,-28.242547512054443,-27.161938667297363,0.7464236,2.292049,2.2295007705688477,2.3680538535118103,0.07768269,0.76401633,0.7431669384241104,0.7893512845039368,0.025894236,0.14533333,0.12600000575184822,0.17000001296401024,0.031233242,0.0,0.0,0.0,0.0,0.16135727,0.15038864687085152,0.17486189678311348,0.020913698,14.600144,14.600144386291504,14.600144386291504,0.0,14.620145,14.620144844055176,14.620144844055176,0.0,2342400.0,2342400.0,2342400.0,0.0
732,0.0,0.0,0.0,0.0,1.0,1.0,1.0,0.0,0.51272076,0.5119045525789261,0.5147665441036224,0.0030545865,0.51272076,0.5119045525789261,0.5147665441036224,0.0030545865,1.0345451,1.0119922757148743,1.0564622581005096,0.026775464,0.09251517,0.08780882321298122,0.09728199243545532,0.005721071,0.09251517,0.08780882321298122,0.09728199243545532,0.005721071,1.0,1.0,1.0,0.0,8.2755086e-10,7.854524392003626e-10,8.701901976770898e-10,5.1175137e-11,8.945029e-09,8.945028717732839e-09,8.945028717732839e-09,0.0,-27.427282,-27.88566780090332,-26.988304615020752,0.6757983,2.2760446,2.226427376270294,2.324263334274292,0.0589072,0.7586816,0.7421424835920334,0.7747544497251511,0.01963573,0.15200001,0.12800000607967377,0.17000001296401024,0.042878266,0.0,0.0,0.0,0.0,0.15833372,0.13963257521390915,0.16221033409237862,0.025257336,14.620145,14.620144844055176,14.620144844055176,0.0,14.640145,14.640145301818848,14.640145301818848,0.0,2345600.0,2345600.0,2345600.0,0.0
733,0.0,0.0,0.0,0.0,1.0,1.0,1.0,0.0,0.51272076,0.5119045525789261,0.5147665441036224,0.0030545865,0.51272076,0.5119045525789261,0.5147665441036224,0.0030545865,1.0470889,1.038903683423996,1.064006507396698,0.032277074,0.083423294,0.08629702031612396,0.09143315814435482,0.02689104,0.089954354,0.08629702031612396,0.09143315814435482,0.0067998227,0.9166667,1.0,1.0,0.28867513,7.314473e-10,7.566438031680889e-10,8.016769609264784e-10,2.35778e-10,8.767902e-09,8.767901960027302e-09,8.767901960027302e-09,0.0,-27.571474,-28.074661254882812,-27.158240795135498,0.6222935,2.3036416,2.2856337428092957,2.3408610820770264,0.071011,0.7678805,0.7618779242038727,0.7802870273590088,0.023670329,0.14400001,0.12600000575184822,0.1680000126361847,0.037985645,0.0006666667,0.0,0.0,0.0023094013,0.16411377,0.14591461792588234,0.17452691867947578,0.021047376,14.640145,14.640145301818848,14.640145301818848,0.0,14.660146,14.66014575958252,14.66014575958252,0.0,2348800.0,2348800.0,2348800.0,0.0
734,0.0,0.0,0.0,0.0,1.0,1.0,1.0,0.0,0.51272076,0.5119045525789261,0.5147665441036224,0.0030545865,0.51272076,0.5119045525789261,0.5147665441036224,0.0030545865,1.0347594,0.9952690005302429,1.0677602887153625,0.041593727,0.09269938,0.08555500768125057,0.1010955274105072,0.008954102,0.09269938,0.08555500768125057,0.1010955274105072,0.008954102,1.0,1.0,1.0,0.0,7.9668455e-10,7.352838476970547e-10,8.688434555148561e-10,7.695408e-11,8.594282e-09,8.594281730722741e-09,8.594281730722741e-09,0.0,-27.226019,-27.935677528381348,-26.794440746307373,0.8046985,2.2765162,2.1896355152130127,2.349119544029236,0.09150804,0.7588387,0.7298785448074341,0.7830398678779602,0.030502679,0.16266666,0.1300000064074993,0.19600000232458115,0.047061533,0.0006666667,0.0,0.0,0.0023094013,0.15300484,0.13859938457608223,0.16851412504911423,0.022962514,14.660146,14.66014575958252,14.66014575958252,0.0,14.680146,14.680146217346191,14.680146217346191,0.0,2352000.0,2352000.0,2352000.0,0.0
735,0.0,0.0,0.0,0.0,1.0,1.0,1.0,0.0,0.51272076,0.5119045525789261,0.5147665441036224,0.0030545865,0.51272076,0.5119045525789261,0.5147665441036224,0.0030545865,1.0462717,1.0297512114048004,1.0679566264152527,0.032958407,0.0901363,0.08551536127924919,0.09338791109621525,0.0070707896,0.0901363,0.08551536127924919,0.09338791109621525,0.0070707896,1.0,1.0,1.0,0.0,7.593171e-10,7.20389928265952e-10,7.86709086764148e-10,5.956504e-11,8.4241e-09,8.42409964008084e-09,8.42409964008084e-09,0.0,-27.689293,-28.10804843902588,-27.41245412826538,0.5467755,2.301844,2.265497922897339,2.349551558494568,0.07250996,0.7672813,0.7551660090684891,0.7831838577985764,0.024169995,0.156,0.1340000070631504,0.17600001394748688,0.029245047,0.0006666667,0.0,0.0,0.0023094013,0.1637542,0.1471553072333336,0.17868442833423615,0.01792338,14.680146,14.680146217346191,14.680146217346191,0.0,14.700147,14.700146675109863,14.700146675109863,0.0,2355200.0,2355200.0,2355200.0,0.0
736,0.0,0.0,0.0,0.0,1.0,1.0,1.0,0.0,0.51272076,0.5119045525789261,0.5147665441036224,0.0030545865,0.51272076,0.5119045525789261,0.5147665441036224,0.0030545865,1.0261855,1.0078349709510803,1.0491469204425812,0.026943017,0.09431314,0.08930048905313015,0.09821280650794506,0.0057567507,0.09431314,0.08930048905313015,0.09821280650794506,0.0057567507,1.0,1.0,1.0,0.0,7.7877066e-10,7.373798099896689e-10,8.109713733883694e-10,4.753514e-11,8.257287e-09,8.25728729836328e-09,8.25728729836328e-09,0.0,-27.28655,-27.572433948516846,-26.955057621002197,0.47086936,2.257653,2.2172811627388,2.3081693053245544,0.05927581,0.7525511,0.7390937209129333,0.769389808177948,0.019758612,0.156,0.1340000070631504,0.17200001329183578,0.02760764,0.0,0.0,0.0,0.0,0.15121715,0.13887092098593712,0.15783947706222534,0.017156068,14.700147,14.700146675109863,14.700146675109863,0.0,14.720147,14.720147132873535,14.720147132873535,0.0,2358400.0,2358400.0,2358400.0,0.0
737,0.0,0.0,0.0,0.0,1.0,1.0,1.0,0.0,0.51272076,0.5119045525789261,0.5147665441036224,0.0030545865,0.51272076,0.5119045525789261,0.5147665441036224,0.0030545865,1.0242887,1.0087541043758392,1.0363728404045105,0.024540195,0.09469932,0.0919661745429039,0.09800899773836136,0.005352227,0.09469932,0.0919661745429039,0.09800899773836136,0.005352227,1.0,1.0,1.0,0.0,7.664753e-10,7.443537869411543e-10,7.932630802232055e-10,4.3319744e-11,8.093778e-09,8.093778092188586e-09,8.093778092188586e-09,0.0,-27.25693,-27.617035388946533,-26.850180625915527,0.66483396,2.25348,2.2193033695220947,2.2800658345222473,0.05398952,0.7511601,0.7397678047418594,0.760021984577179,0.01799651,0.15533334,0.1340000070631504,0.17800001427531242,0.02585742,0.0,0.0,0.0,0.0,0.15214723,0.14349573850631714,0.1669428050518036,0.01925636,14.720147,14.720147132873535,14.720147132873535,0.0,14.740148,14.740147590637207,14.740147590637207,0.0,2361600.0,2361600.0,2361600.0,0.0
738,0.0,0.0,0.0,0.0,1.0,1.0,1.0,0.0,0.51272076,0.5119045525789261,0.5147665441036224,0.0030545865,0.51272076,0.5119045525789261,0.5147665441036224,0.0030545865,1.0376287,1.0248171985149384,1.056344211101532,0.028042017,0.09187748,0.08783271908760071,0.0944573488086462,0.006019298,0.09187748,0.08783271908760071,0.0944573488086462,0.006019298,1.0,1.0,1.0,0.0,7.289107e-10,6.968215032765457e-10,7.49378059605732e-10,4.775414e-11,7.933507e-09,7.933507184532118e-09,7.933507184532118e-09,0.0,-27.489393,-27.758543491363525,-27.261760234832764,0.6575828,2.2828286,2.2546427845954895,2.3240036964416504,0.061693653,0.7609429,0.751547634601593,0.7746679186820984,0.020564549,0.15333335,0.1340000070631504,0.1680000126361847,0.03215116,0.0006666667,0.0,0.0,0.0023094013,0.15799384,0.14248433336615562,0.1712711565196514,0.021194112,14.740148,14.740147590637207,14.740147590637207,0.0,14.760148,14.760148048400879,14.760148048400879,0.0,2364800.0,2364800.0,2364800.0,0.0
739,0.0,0.0,0.0,0.0,1.0,1.0,1.0,0.0,0.51272076,0.5119045525789261,0.5147665441036224,0.0030545865,0.51272076,0.5119045525789261,0.5147665441036224,0.0030545865,1.0588446,1.0314269959926605,1.076738178730011,0.039947417,0.075013824,0.08380631357431412,0.09302259795367718,0.03553661,0.087667815,0.08380631357431412,0.09302259795367718,0.008075774,0.8333333,1.0,1.0,0.38924947,5.8333816e-10,6.517121564630912e-10,7.233817711504997e-10,2.7634722e-10,7.776409e-09,7.776408850190819e-09,7.776408850190819e-09,0.0,-27.873217,-28.344947814941406,-27.236565113067627,0.8407508,2.3295045,2.269184648990631,2.368871331214905,0.08788609,0.7765015,0.7563948929309845,0.789623811841011,0.029295363,0.15,0.1120000034570694,0.17800001427531242,0.043300223,0.0006666667,0.0,0.0,0.0023094013,0.17708422,0.16100085526704788,0.1876024678349495,0.021415548,14.760148,14.760148048400879,14.760148048400879,0.0,14.7801485,14.78014850616455,14.78014850616455,0.0,2368000.0,2368000.0,2368000.0,0.0
740,0.0,0.0,0.0,0.0,1.0,1.0,1.0,0.0,0.51272076,0.5119045525789261,0.5147665441036224,0.0030545865,0.51272076,0.5119045525789261,0.5147665441036224,0.0030545865,1.034673,1.011762022972107,1.0326714217662811,0.037542686,0.08635324,0.09276621975004673,0.09732872620224953,0.027682887,0.09263029,0.09276621975004673,0.09732872620224953,0.0075178626,0.9166667,1.0,1.0,0.28867513,6.58221e-10,7.071034313632651e-10,7.418807651538017e-10,2.110107e-10,7.622424e-09,7.622423581210569e-09,7.622423581210569e-09,0.0,-27.339218,-27.731769561767578,-26.781917095184326,0.76383746,2.276326,2.2259209156036377,2.271922469139099,0.082595535,0.7587754,0.7419736683368683,0.7573075294494629,0.027531847,0.16533335,0.12400000542402267,0.19200000166893005,0.045681376,0.0006666667,0.0,0.0,0.0023094013,0.15640897,0.1482672244310379,0.15998391807079315,0.019740066,14.7801485,14.78014850616455,14.78014850616455,0.0,14.800149,14.800148963928223,14.800148963928223,0.0,2371200.0,2371200.0,2371200.0,0.0
741,0.0,0.0,0.0,0.0,1.0,1.0,1.0,0.0,0.51272076,0.5119045525789261,0.5147665441036224,0.0030545865,0.51272076,0.5119045525789261,0.5147665441036224,0.0030545865,1.0501741,1.0250003635883331,1.0726557672023773,0.029088506,0.08927328,0.08459516800940037,0.09440713003277779,0.0060074762,0.08927328,0.08459516800940037,0.09440713003277779,0.0060074762,1.0,1.0,1.0,0.0,6.67004e-10,6.320515083535483e-10,7.05361435926477e-10,4.4884773e-11,7.471485e-09,7.47148476420989e-09,7.47148476420989e-09,0.0,-27.510756,-27.970961093902588,-26.987181186676025,0.63269264,2.3104293,2.2550458312034607,2.3598897457122803,0.06399598,0.7701431,0.7516819536685944,0.7866299152374268,0.021331996,0.1325,0.08999999612569809,0.14999999105930328,0.03957157,0.0,0.0,0.0,0.0,0.14862771,0.13471853360533714,0.15675336867570877,0.018004866,14.800149,14.800148963928223,14.800148963928223,0.0,14.820149,14.820149421691895,14.820149421691895,0.0,2374400.0,2374400.0,2374400.0,0.0
742,0.0,0.0,0.0,0.0,1.0,1.0,1.0,0.0,0.51272076,0.5119045525789261,0.5147665441036224,0.0030545865,0.51272076,0.5119045525789261,0.5147665441036224,0.0030545865,1.0119363,0.986949235200882,1.0323418378829956,0.031396285,0.09752401,0.0928475484251976,0.1030508540570736,0.007130866,0.09752401,0.0928475484251976,0.1030508540570736,0.007130866,1.0,1.0,1.0,0.0,7.142206e-10,6.799723839545635e-10,7.546966801497135e-10,5.2223167e-11,7.323537e-09,7.323536443948342e-09,7.323536443948342e-09,0.0,-27.070587,-27.408339977264404,-26.81996774673462,0.43175036,2.2263043,2.1713316440582275,2.2711973786354065,0.06907325,0.74210143,0.723777249455452,0.7570658326148987,0.023024417,0.156,0.13600000739097595,0.17200001329183578,0.02375634,0.0,0.0,0.0,0.0,0.15085293,0.13987836614251137,0.16135885939002037,0.02078655,14.820149,14.820149421691895,14.820149421691895,0.0,14.84015,14.840149879455566,14.840149879455566,0.0,2377600.0,2377600.0,2377600.0,0.0
743,0.0,0.0,0.0,0.0,1.0,1.0,1.0,0.0,0.51272076,0.5119045525789261,0.5147665441036224,0.0030545865,0.51272076,0.5119045525789261,0.5147665441036224,0.0030545865,1.0364143,1.016022503376007,1.0528742969036102,0.027046869,0.09212021,0.08853902667760849,0.0963805541396141,0.005707466,0.09212021,0.08853902667760849,0.0963805541396141,0.005707466,1.0,1.0,1.0,0.0,6.612866e-10,6.355790199696898e-10,6.918695477642345e-10,4.0971143e-11,7.1785187e-09,7.178518224293384e-09,7.178518224293384e-09,0.0,-27.35552,-27.920517921447754,-26.92327356338501,0.70007384,2.2801569,2.2352941036224365,2.3163697719573975,0.059504326,0.76005226,0.7450980544090271,0.7721232920885086,0.019834766,0.15533334,0.1340000070631504,0.16200001165270805,0.04294041,0.0006666667,0.0,0.0,0.0023094013,0.1471793,0.13296115398406982,0.15813910961151123,0.017068071,14.84015,14.840149879455566,14.840149879455566,0.0,14.86015,14.860150337219238,14.860150337219238,0.0,2380800.0,2380800.0,2380800.0,0.0
744,0.0,0.0,0.0,0.0,1.0,1.0,1.0,0.0,0.51272076,0.5119045525789261,0.5147665441036224,0.0030545865,0.51272076,0.5119045525789261,0.5147665441036224,0.0030545865,1.0390974,1.0231156051158905,1.0516312420368195,0.03542572,0.08511871,0.08879096806049347,0.0948262196034193,0.027512971,0.09166882,0.08879096806049347,0.0948262196034193,0.00744087,0.9166667,1.0,1.0,0.28867513,5.989268e-10,6.24766155477019e-10,6.672324082135361e-10,1.9359146e-10,7.036371e-09,7.0363705972908974e-09,7.0363705972908974e-09,0.0,-27.592047,-28.12459135055542,-27.155344486236572,0.72121996,2.28606,2.2508991956710815,2.3136348724365234,0.077938154,0.76202005,0.7502997666597366,0.7712116539478302,0.025979394,0.17133333,0.1420000083744526,0.20000000298023224,0.045056194,0.0006666667,0.0,0.0,0.0023094013,0.16154288,0.15045971423387527,0.17411016672849655,0.019654874,14.86015,14.860150337219238,14.860150337219238,0.0,14.880151,14.88015079498291,14.88015079498291,0.0,2384000.0,2384000.0,2384000.0,0.0
745,0.0,0.0,0.0,0.0,1.0,1.0,1.0,0.0,0.51272076,0.5119045525789261,0.5147665441036224,0.0030545865,0.51272076,0.5119045525789261,0.5147665441036224,0.0030545865,1.0333577,1.0129005908966064,1.048334002494812,0.034750022,0.08630768,0.08948392607271671,0.09707817062735558,0.027773852,0.09287381,0.08948392607271671,0.09707817062735558,0.0072320686,0.9166667,1.0,1.0,0.28867513,5.9526734e-10,6.171740618565735e-10,6.69551816767644e-10,1.9155731e-10,6.897038e-09,6.89703805178965e-09,6.89703805178965e-09,0.0,-27.335564,-27.68828296661377,-26.746734142303467,0.8051653,2.2734323,2.2284258604049683,2.306380808353424,0.07645159,0.7578108,0.7428086251020432,0.7687936127185822,0.02548386,0.16200002,0.1340000070631504,0.1860000118613243,0.04475387,0.0,0.0,0.0,0.0,0.15334314,0.13995184749364853,0.16026849299669266,0.019422356,14.880151,14.88015079498291,14.88015079498291,0.0,14.900151,14.900151252746582,14.900151252746582,0.0,2387200.0,2387200.0,2387200.0,0.0
746,0.0,0.0,0.0,0.0,1.0,1.0,1.0,0.0,0.51272076,0.5119045525789261,0.5147665441036224,0.0030545865,0.51272076,0.5119045525789261,0.5147665441036224,0.0030545865,1.0342791,1.002836138010025,1.0543409883975983,0.03696892,0.08610228,0.08824296481907368,0.09934908524155617,0.027904386,0.09271574,0.08824296481907368,0.09934908524155617,0.007817126,0.9166667,1.0,1.0,0.28867513,5.820913e-10,5.965633681492832e-10,6.716458778033285e-10,1.886466e-10,6.7604637e-09,6.7604637443707816e-09,6.7604637443707816e-09,0.0,-27.411156,-28.49268388748169,-26.414950847625732,1.026831,2.2754595,2.2062835097312927,2.3195964097976685,0.08133325,0.7584865,0.7354278415441513,0.773198813199997,0.027111087,0.156,0.12600000575184822,0.17200001329183578,0.035037644,0.0,0.0,0.0,0.0,0.15958889,0.14623185247182846,0.17556487023830414,0.020375974,14.900151,14.900151252746582,14.900151252746582,0.0,14.920152,14.920151710510254,14.920151710510254,0.0,2390400.0,2390400.0,2390400.0,0.0
747,0.0,0.0,0.0,0.0,1.0,1.0,1.0,0.0,0.51272076,0.5119045525789261,0.5147665441036224,0.0030545865,0.51272076,0.5119045525789261,0.5147665441036224,0.0030545865,1.0415232,1.0024475306272507,1.0677950382232666,0.045992274,0.08517758,0.08559101819992065,0.09943897277116776,0.027894123,0.09134125,0.08559101819992065,0.09943897277116776,0.009407635,0.9166667,1.0,1.0,0.28867513,5.6443733e-10,5.671769998105702e-10,6.5894180389936e-10,1.8484304e-10,6.626595e-09,6.62659482841832e-09,6.62659482841832e-09,0.0,-27.50534,-28.32845115661621,-26.8649263381958,0.9417062,2.2913969,2.205428659915924,2.3491960167884827,0.10118501,0.76379895,0.7351429015398026,0.7830653637647629,0.033728343,0.156,0.15200001001358032,0.1640000119805336,0.030223412,0.0,0.0,0.0,0.0,0.1589212,0.14713237807154655,0.1659998781979084,0.018502014,14.920152,14.920151710510254,14.920151710510254,0.0,14.940152,14.940152168273926,14.940152168273926,0.0,2393600.0,2393600.0,2393600.0,0.0
748,0.0,0.0,0.0,0.0,1.0,1.0,1.0,0.0,0.51272076,0.5119045525789261,0.5147665441036224,0.0030545865,0.51272076,0.5119045525789261,0.5147665441036224,0.0030545865,1.030897,1.0237882435321808,1.0501402914524078,0.026898563,0.09330082,0.08909714967012405,0.09467122331261635,0.005994852,0.09330082,0.08909714967012405,0.09467122331261635,0.005994852,1.0,1.0,1.0,0.0,6.0602395e-10,5.787195722639638e-10,6.149252773646197e-10,3.893882e-11,6.4953767e-09,6.495376680959453e-09,6.495376680959453e-09,0.0,-27.235357,-27.528284549713135,-26.942402839660645,0.6204576,2.2680185,2.2523791790008545,2.3103548288345337,0.059178036,0.75600624,0.750793069601059,0.7701182961463928,0.019726017,0.13933334,0.13200000673532486,0.14800000935792923,0.026959008,0.0,0.0,0.0,0.0,0.14846131,0.14071787521243095,0.1561521776020527,0.015083277,14.940152,14.940152168273926,14.940152168273926,0.0,14.960153,14.960152626037598,14.960152626037598,0.0,2396800.0,2396800.0,2396800.0,0.0
749,0.0,0.0,0.0,0.0,1.0,1.0,1.0,0.0,0.51272076,0.5119045525789261,0.5147665441036224,0.0030545865,0.51272076,0.5119045525789261,0.5147665441036224,0.0030545865,1.0306079,1.0125349462032318,1.0467529594898224,0.028140962,0.09337384,0.08980529382824898,0.09715598076581955,0.0060254447,0.09337384,0.08980529382824898,0.09715598076581955,0.0060254447,1.0,1.0,1.0,0.0,5.944885e-10,5.717684242734222e-10,6.185684464643515e-10,3.8362535e-11,6.3667565e-09,6.3667564553782086e-09,6.3667564553782086e-09,0.0,-27.09761,-27.44148540496826,-26.661253452301025,0.6868584,2.2673826,2.22762131690979,2.3029024600982666,0.061911322,0.7557942,0.7425404638051987,0.7676341682672501,0.020637104,0.15200001,0.1300000064074993,0.17000001296401024,0.035120573,0.0,0.0,0.0,0.0,0.1587509,0.1439240500330925,0.17440446466207504,0.019378094,14.960153,14.960152626037598,14.960152626037598,0.0,14.980153,14.98015308380127,14.98015308380127,0.0,2400000.0,2400000.0,2400000.0,0.0
750,0.0,0.0,0.0,0.0,1.0,1.0,1.0,0.0,0.51272076,0.5119045525789261,0.5147665441036224,0.0030545865,0.51272076,0.5119045525789261,0.5147665441036224,0.0030545865,1.0131565,0.9789242595434189,1.0298138856887817,0.040398184,0.097397,0.0933664571493864,0.10497398674488068,0.008909209,0.097397,0.0933664571493864,0.10497398674488068,0.008909209,1.0,1.0,1.0,0.0,6.0782385e-10,5.826705090639095e-10,6.551094389184442e-10,5.559955e-11,6.240684e-09,6.2406835255046644e-09,6.2406835255046644e-09,0.0,-27.162699,-27.65094566345215,-26.509171962738037,0.82909626,2.228989,2.1536763310432434,2.265635848045349,0.088877775,0.7429963,0.7178921401500702,0.7552119642496109,0.029625926,0.16933334,0.13600000739097595,0.1860000118613243,0.038265422,0.0,0.0,0.0,0.0,0.15048198,0.1418505571782589,0.16347654908895493,0.015333264,14.980153,14.98015308380127,14.98015308380127,0.0,15.000154,15.000153541564941,15.000153541564941,0.0,2403200.0,2403200.0,2403200.0,0.0
751,0.0,0.0,0.0,0.0,1.0,1.0,1.0,0.0,0.51272076,0.5119045525789261,0.5147665441036224,0.0030545865,0.51272076,0.5119045525789261,0.5147665441036224,0.0030545865,1.0365795,1.0094548761844635,1.0583423972129822,0.030092016,0.092124216,0.0874437652528286,0.09784667007625103,0.00636041,0.092124216,0.0874437652528286,0.09784667007625103,0.00636041,1.0,1.0,1.0,0.0,5.6353366e-10,5.349029136292316e-10,5.985385798101817e-10,3.890731e-11,6.1171073e-09,6.117107265168897e-09,6.117107265168897e-09,0.0,-27.50078,-27.803771018981934,-27.230610847473145,0.49627382,2.2805204,2.220845103263855,2.3283997178077698,0.06620377,0.76017356,0.7402817159891129,0.7761332392692566,0.022067929,0.154,0.13200000673532486,0.1720000095665455,0.049093604,0.0,0.0,0.0,0.0,0.15319383,0.1430598758161068,0.1534350961446762,0.017730776,15.000154,15.000153541564941,15.000153541564941,0.0,15.020154,15.020153999328613,15.020153999328613,0.0,2406400.0,2406400.0,2406400.0,0.0
752,0.0,0.0,0.0,0.0,1.0,1.0,1.0,0.0,0.51272076,0.5119045525789261,0.5147665441036224,0.0030545865,0.51272076,0.5119045525789261,0.5147665441036224,0.0030545865,1.0447264,1.0335023403167725,1.0681785941123962,0.037345726,0.09052961,0.08547176420688629,0.0926061887294054,0.008152238,0.09052961,0.08547176420688629,0.0926061887294054,0.008152238,1.0,1.0,1.0,0.0,5.4281346e-10,5.124867336059324e-10,5.552645704343107e-10,4.8880625e-11,5.995977e-09,5.9959770482009844e-09,5.9959770482009844e-09,0.0,-27.296385,-27.848576068878174,-26.98837947845459,0.73411745,2.298444,2.27375066280365,2.350039839744568,0.082162224,0.76614803,0.7579168975353241,0.783346638083458,0.02738741,0.13933334,0.12600000575184822,0.1680000126361847,0.048417382,0.0,0.0,0.0,0.0,0.1619341,0.1485878899693489,0.17798930406570435,0.023965538,15.020154,15.020153999328613,15.020153999328613,0.0,15.040154,15.040154457092285,15.040154457092285,0.0,2409600.0,2409600.0,2409600.0,0.0
753,0.0,0.0,0.0,0.0,1.0,1.0,1.0,0.0,0.51272076,0.5119045525789261,0.5147665441036224,0.0030545865,0.51272076,0.5119045525789261,0.5147665441036224,0.0030545865,1.0374964,1.0111592710018158,1.0672732293605804,0.033894137,0.09198748,0.08565125986933708,0.09747139923274517,0.0072936714,0.09198748,0.08565125986933708,0.09747139923274517,0.0072936714,1.0,1.0,1.0,0.0,5.406331e-10,5.03393604578406e-10,5.728634511203978e-10,4.2866703e-11,5.8772467e-09,5.877246689323101e-09,5.877246689323101e-09,0.0,-27.493256,-28.103113651275635,-27.15677785873413,0.8334784,2.2825377,2.22459477186203,2.348047912120819,0.0745686,0.7608459,0.7415316104888916,0.7826826572418213,0.024856197,0.15733333,0.12600000575184822,0.1940000019967556,0.047061533,0.0006666667,0.0,0.0,0.0023094013,0.16032468,0.15319346636533737,0.17097806930541992,0.015021405,15.040154,15.040154457092285,15.040154457092285,0.0,15.060155,15.060154914855957,15.060154914855957,0.0,2412800.0,2412800.0,2412800.0,0.0
754,0.0,0.0,0.0,0.0,1.0,1.0,1.0,0.0,0.51272076,0.5119045525789261,0.5147665441036224,0.0030545865,0.51272076,0.5119045525789261,0.5147665441036224,0.0030545865,1.0351673,1.012795776128769,1.0559954643249512,0.04090365,0.086017765,0.0879636537283659,0.09709681011736393,0.028115168,0.092595614,0.0879636537283659,0.09709681011736393,0.008670708,0.9166667,1.0,1.0,0.28867513,4.9553683e-10,5.067468250574692e-10,5.593617236065995e-10,1.6196772e-10,5.760866e-09,5.760866006454535e-09,5.760866006454535e-09,0.0,-27.253342,-27.83369016647339,-26.56321620941162,0.8699589,2.2774136,2.228195309638977,2.323236405849457,0.08998979,0.75913787,0.7427318096160889,0.774412140250206,0.029996594,0.1425,0.12749999575316906,0.1524999924004078,0.03165869,0.0,0.0,0.0,0.0,0.15404856,0.13991239666938782,0.16976207122206688,0.019590057,15.060155,15.060154914855957,15.060154914855957,0.0,15.080155,15.080155372619629,15.080155372619629,0.0,2416000.0,2416000.0,2416000.0,0.0
755,0.0,0.0,0.0,0.0,1.0,1.0,1.0,0.0,0.51272076,0.5119045525789261,0.5147665441036224,0.0030545865,0.51272076,0.5119045525789261,0.5147665441036224,0.0030545865,1.0437593,1.024353802204132,1.0630062520503998,0.02607229,0.09056574,0.08649612218141556,0.09454725682735443,0.0055061034,0.09056574,0.08649612218141556,0.09454725682735443,0.0055061034,1.0,1.0,1.0,0.0,5.1140586e-10,4.884255777604096e-10,5.338886555072975e-10,3.1091813e-11,5.6467915e-09,5.64679147885272e-09,5.64679147885272e-09,0.0,-27.64022,-28.110403060913086,-27.162673473358154,0.56040686,2.2963164,2.2536232471466064,2.3386605381965637,0.05736022,0.7654388,0.7512077540159225,0.7795535326004028,0.019120075,0.14666668,0.1340000070631504,0.15200001001358032,0.025603032,0.0,0.0,0.0,0.0,0.16108568,0.14757445827126503,0.17547215893864632,0.018642616,15.080155,15.080155372619629,15.080155372619629,0.0,15.100156,15.1001558303833,15.1001558303833,0.0,2419200.0,2419200.0,2419200.0,0.0
756,0.0,0.0,0.0,0.0,1.0,1.0,1.0,0.0,0.51272076,0.5119045525789261,0.5147665441036224,0.0030545865,0.51272076,0.5119045525789261,0.5147665441036224,0.0030545865,1.0255954,1.0087262392044067,1.0532613396644592,0.035211805,0.09456387,0.08846724405884743,0.09803030826151371,0.0077779028,0.09456387,0.08846724405884743,0.09803030826151371,0.0077779028,1.0,1.0,1.0,0.0,5.2340865e-10,4.896639621554399e-10,5.425952742665885e-10,4.305049e-11,5.5349747e-09,5.534974700793782e-09,5.534974700793782e-09,0.0,-27.024473,-27.23805332183838,-26.77586030960083,0.49549314,2.256355,2.219242036342621,2.317221164703369,0.07746751,0.75211835,0.7397473603487015,0.7724070847034454,0.025822502,0.16066667,0.13600000739097595,0.18000001087784767,0.027173962,0.0,0.0,0.0,0.0,0.1602615,0.14741234481334686,0.17347391694784164,0.018172516,15.100156,15.1001558303833,15.1001558303833,0.0,15.120156,15.120156288146973,15.120156288146973,0.0,2422400.0,2422400.0,2422400.0,0.0
757,0.0,0.0,0.0,0.0,1.0,1.0,1.0,0.0,0.51272076,0.5119045525789261,0.5147665441036224,0.0030545865,0.51272076,0.5119045525789261,0.5147665441036224,0.0030545865,1.0222803,1.0024069845676422,1.0316661894321442,0.029712897,0.095199354,0.0929949339479208,0.09945084527134895,0.0063344752,0.095199354,0.0929949339479208,0.09945084527134895,0.0063344752,1.0,1.0,1.0,0.0,5.164919e-10,5.045321382901591e-10,5.395578428490921e-10,3.4366884e-11,5.425372e-09,5.425372151535157e-09,5.425372151535157e-09,0.0,-27.133589,-27.36372184753418,-26.6103777885437,0.6738154,2.2490618,2.20533949136734,2.2697110176086426,0.06536965,0.74968725,0.7351131737232208,0.7565703392028809,0.02178989,0.15866667,0.13600000739097595,0.18200001120567322,0.029900845,0.0,0.0,0.0,0.0,0.15284957,0.14608841016888618,0.15702306851744652,0.01753593,15.120156,15.120156288146973,15.120156288146973,0.0,15.140157,15.140156745910645,15.140156745910645,0.0,2425600.0,2425600.0,2425600.0,0.0
758,0.0,0.0,0.0,0.0,1.0,1.0,1.0,0.0,0.51272076,0.5119045525789261,0.5147665441036224,0.0030545865,0.51272076,0.5119045525789261,0.5147665441036224,0.0030545865,1.0456778,1.028717815876007,1.0639078617095947,0.030859826,0.09022594,0.08632051199674606,0.09361182153224945,0.0064555584,0.09022594,0.08632051199674606,0.09361182153224945,0.0064555584,1.0,1.0,1.0,0.0,4.798162e-10,4.590473279275642e-10,4.978220752294149e-10,3.4330275e-11,5.3179403e-09,5.317940310334279e-09,5.317940310334279e-09,0.0,-27.558748,-27.997548580169678,-26.954171657562256,0.7341824,2.300537,2.263224422931671,2.340644121170044,0.06789299,0.7668457,0.7544081658124924,0.7802147418260574,0.022630988,0.156,0.14000000804662704,0.17600001394748688,0.026090752,0.0006666667,0.0,0.0,0.0023094013,0.16174649,0.14380962401628494,0.1745191439986229,0.023833847,15.140157,15.140156745910645,15.140156745910645,0.0,15.160157,15.160157203674316,15.160157203674316,0.0,2428800.0,2428800.0,2428800.0,0.0
759,0.0,0.0,0.0,0.0,1.0,1.0,1.0,0.0,0.51272076,0.5119045525789261,0.5147665441036224,0.0030545865,0.51272076,0.5119045525789261,0.5147665441036224,0.0030545865,1.0295494,1.0107626616954803,1.0424631536006927,0.026739266,0.09358502,0.09068545699119568,0.09755267389118671,0.0057775066,0.09358502,0.09068545699119568,0.09755267389118671,0.0057775066,1.0,1.0,1.0,0.0,4.878246e-10,4.727102320689625e-10,5.085065563070756e-10,3.0116045e-11,5.2126357e-09,5.212635656448583e-09,5.212635656448583e-09,0.0,-27.095404,-27.540918827056885,-26.544013023376465,0.7021592,2.265054,2.223722219467163,2.293464720249176,0.058827553,0.755018,0.7412407398223877,0.7644882500171661,0.019609192,0.15133335,0.11000000312924385,0.17600001394748688,0.040714826,0.0,0.0,0.0,0.0,0.15485816,0.14175932854413986,0.16686566174030304,0.019131063,15.160157,15.160157203674316,15.160157203674316,0.0,15.180158,15.180157661437988,15.180157661437988,0.0,2432000.0,2432000.0,2432000.0,0.0
760,0.0,0.0,0.0,0.0,1.0,1.0,1.0,0.0,0.51272076,0.5119045525789261,0.5147665441036224,0.0030545865,0.51272076,0.5119045525789261,0.5147665441036224,0.0030545865,1.0261933,1.0055364966392517,1.052484393119812,0.03841443,0.09448713,0.088634068146348,0.09873367287218571,0.0084309345,0.09448713,0.088634068146348,0.09873367287218571,0.0084309345,1.0,1.0,1.0,0.0,4.827741e-10,4.528683678062251e-10,5.044714368462877e-10,4.307716e-11,5.1094164e-09,5.109416445492343e-09,5.109416445492343e-09,0.0,-27.305944,-27.907087326049805,-26.869479656219482,0.83348715,2.2576702,2.2122244238853455,2.3155118823051453,0.084513456,0.75255674,0.7374081462621689,0.7718372941017151,0.02817115,0.15866667,0.12000000476837158,0.1860000118613243,0.038417168,0.0006666667,0.0,0.0,0.0023094013,0.15806825,0.1480930708348751,0.1729830577969551,0.015258525,15.180158,15.180157661437988,15.180157661437988,0.0,15.200158,15.20015811920166,15.20015811920166,0.0,2435200.0,2435200.0,2435200.0,0.0
761,0.0,0.0,0.0,0.0,1.0,1.0,1.0,0.0,0.51272076,0.5119045525789261,0.5147665441036224,0.0030545865,0.51272076,0.5119045525789261,0.5147665441036224,0.0030545865,1.0340554,1.0293634831905365,1.0505388975143433,0.022777464,0.09257675,0.08901460096240044,0.09346922114491463,0.0049854666,0.09257675,0.08901460096240044,0.09346922114491463,0.0049854666,1.0,1.0,1.0,0.0,4.636466e-10,4.458065236412345e-10,4.681163442987746e-10,2.4968413e-11,5.0082405e-09,5.008240488990623e-09,5.008240488990623e-09,0.0,-27.555223,-27.95064687728882,-27.267927646636963,0.59856045,2.274967,2.2646448016166687,2.3112317323684692,0.05011143,0.7583224,0.7548816055059433,0.7704105824232101,0.016703803,0.14800002,0.13600000739097595,0.15400001034140587,0.02116601,0.0006666667,0.0,0.0,0.0023094013,0.16017865,0.145051758736372,0.1743127964437008,0.019144483,15.200158,15.20015811920166,15.20015811920166,0.0,15.220159,15.220158576965332,15.220158576965332,0.0,2438400.0,2438400.0,2438400.0,0.0
762,0.0,0.0,0.0,0.0,1.0,1.0,1.0,0.0,0.51272076,0.5119045525789261,0.5147665441036224,0.0030545865,0.51272076,0.5119045525789261,0.5147665441036224,0.0030545865,1.0465274,1.0177404880523682,1.05465430021286,0.04712569,0.07799311,0.08823280036449432,0.09599853493273258,0.036708668,0.090304434,0.08823280036449432,0.09599853493273258,0.009145242,0.8333333,1.0,1.0,0.38924947,3.828735e-10,4.331408773317058e-10,4.71263389423271e-10,1.8020538e-10,4.9090687e-09,4.909068707092956e-09,4.909068707092956e-09,0.0,-27.466042,-27.888980865478516,-26.72725534439087,0.9101986,2.3024063,2.2390738129615784,2.320285737514496,0.10367859,0.76746875,0.7463579624891281,0.7734286040067673,0.034559533,0.15066667,0.13200000673532486,0.17200001329183578,0.037341993,0.0,0.0,0.0,0.0,0.16408114,0.144999910145998,0.1806509792804718,0.026399652,15.220159,15.220158576965332,15.220158576965332,0.0,15.240159,15.240159034729004,15.240159034729004,0.0,2441600.0,2441600.0,2441600.0,0.0
763,0.0,0.0,0.0,0.0,1.0,1.0,1.0,0.0,0.51272076,0.5119045525789261,0.5147665441036224,0.0030545865,0.51272076,0.5119045525789261,0.5147665441036224,0.0030545865,1.0347364,1.0009586960077286,1.0585737526416779,0.036673732,0.092613675,0.08741328865289688,0.09978310763835907,0.0077582146,0.092613675,0.08741328865289688,0.09978310763835907,0.0077582146,1.0,1.0,1.0,0.0,4.456441e-10,4.2062055921610053e-10,4.801424258182863e-10,3.733145e-11,4.8118607e-09,4.8118606876812464e-09,4.8118606876812464e-09,0.0,-27.37249,-27.902301788330078,-26.93677854537964,0.75128454,2.2764657,2.2021531462669373,2.3289088010787964,0.08068381,0.7588219,0.7340510785579681,0.7763029485940933,0.026894601,0.15666668,0.1340000070631504,0.18400001525878906,0.03925982,0.0006666667,0.0,0.0,0.0023094013,0.15936951,0.14813966304063797,0.1768295280635357,0.023254728,15.240159,15.240159034729004,15.240159034729004,0.0,15.2601595,15.260159492492676,15.260159492492676,0.0,2444800.0,2444800.0,2444800.0,0.0
764,0.0,0.0,0.0,0.0,1.0,1.0,1.0,0.0,0.51272076,0.5119045525789261,0.5147665441036224,0.0030545865,0.51272076,0.5119045525789261,0.5147665441036224,0.0030545865,1.0193814,0.9965994507074356,1.04215469956398,0.03786536,0.09596864,0.09075826406478882,0.10078748688101768,0.008354558,0.09596864,0.09075826406478882,0.10078748688101768,0.008354558,1.0,1.0,1.0,0.0,4.5264348e-10,4.280683238433447e-10,4.7537193625935e-10,3.940492e-11,4.716577e-09,4.716576906815817e-09,4.716576906815817e-09,0.0,-27.130854,-27.46202850341797,-26.574038982391357,0.86616313,2.242684,2.1925625801086426,2.292786180973053,0.08330547,0.7475613,0.7308542281389236,0.7642620652914047,0.027768489,0.15333335,0.1340000070631504,0.17000001296401024,0.028506245,0.0006666667,0.0,0.0,0.0023094013,0.15065145,0.13748366758227348,0.1611982248723507,0.020674983,15.2601595,15.260159492492676,15.260159492492676,0.0,15.28016,15.280159950256348,15.280159950256348,0.0,2448000.0,2448000.0,2448000.0,0.0
765,0.0,0.0,0.0,0.0,1.0,1.0,1.0,0.0,0.51272076,0.5119045525789261,0.5147665441036224,0.0030545865,0.51272076,0.5119045525789261,0.5147665441036224,0.0030545865,1.0486896,1.0224314033985138,1.0667512714862823,0.02946539,0.08958256,0.08578091487288475,0.09497164003551006,0.006046368,0.08958256,0.08578091487288475,0.09497164003551006,0.006046368,1.0,1.0,1.0,0.0,4.1415635e-10,3.9658064332481757e-10,4.3907104341212033e-10,2.7953452e-11,4.6231805e-09,4.62318050509225e-09,4.62318050509225e-09,0.0,-27.465433,-27.964415073394775,-27.28632640838623,0.6158961,2.307163,2.2493940591812134,2.346899628639221,0.06482513,0.7690544,0.7497980445623398,0.7822998911142349,0.021608373,0.14466667,0.12000000476837158,0.17800001427531242,0.037594326,0.0,0.0,0.0,0.0,0.1573151,0.14346342906355858,0.1678699217736721,0.01995976,15.28016,15.280159950256348,15.280159950256348,0.0,15.30016,15.30016040802002,15.30016040802002,0.0,2451200.0,2451200.0,2451200.0,0.0
766,0.0,0.0,0.0,0.0,1.0,1.0,1.0,0.0,0.51272076,0.5119045525789261,0.5147665441036224,0.0030545865,0.51272076,0.5119045525789261,0.5147665441036224,0.0030545865,1.0379796,1.0076824128627777,1.0616705119609833,0.03077888,0.09183728,0.08677406795322895,0.09824669919908047,0.0064979885,0.09183728,0.08677406795322895,0.09824669919908047,0.0064979885,1.0,1.0,1.0,0.0,4.1617287e-10,3.932282624519168e-10,4.4521800829366853e-10,2.9446497e-11,4.5316333e-09,4.531633290838499e-09,4.531633290838499e-09,0.0,-27.40883,-27.72846221923828,-27.072872161865234,0.5621185,2.2836008,2.2169456481933594,2.335721731185913,0.06771487,0.76120025,0.7389819175004959,0.7785739302635193,0.022571612,0.14733334,0.11000000312924385,0.1860000118613243,0.04225751,0.0,0.0,0.0,0.0,0.15581128,0.14492914453148842,0.15593187138438225,0.023248786,15.30016,15.30016040802002,15.30016040802002,0.0,15.320161,15.320160865783691,15.320160865783691,0.0,2454400.0,2454400.0,2454400.0,0.0
767,0.0,0.0,0.0,0.0,1.0,1.0,1.0,0.0,0.51272076,0.5119045525789261,0.5147665441036224,0.0030545865,0.51272076,0.5119045525789261,0.5147665441036224,0.0030545865,1.0285771,0.9941281676292419,1.0452713072299957,0.043199386,0.08746192,0.0901036337018013,0.10136150754988194,0.028696172,0.09405602,0.0901036337018013,0.10136150754988194,0.009323646,0.9166667,1.0,1.0,0.28867513,3.8849698e-10,4.002312301021327e-10,4.502375625103916e-10,1.274655e-10,4.441899e-09,4.441898848739356e-09,4.441898848739356e-09,0.0,-27.416166,-28.079004764556885,-26.82683801651001,1.0775226,2.262915,2.1871256232261658,2.29964280128479,0.09504055,0.75430495,0.7290418893098831,0.7665476053953171,0.03168018,0.16833334,0.13749999925494194,0.19249999150633812,0.051844757,0.0008333333,0.0,0.0,0.0028867512,0.15915643,0.1453809253871441,0.1758738048374653,0.0212179,15.320161,15.320160865783691,15.320160865783691,0.0,15.340161,15.340161323547363,15.340161323547363,0.0,2457600.0,2457600.0,2457600.0,0.0
768,0.0,0.0,0.0,0.0,1.0,1.0,1.0,0.0,0.51272076,0.5119045525789261,0.5147665441036224,0.0030545865,0.51272076,0.5119045525789261,0.5147665441036224,0.0030545865,1.0098629,0.9964177906513214,1.0309527218341827,0.02972558,0.09796509,0.09312155097723007,0.1008289959281683,0.006729049,0.09796509,0.09312155097723007,0.1008289959281683,0.006729049,1.0,1.0,1.0,0.0,4.2653428e-10,4.0544579499313116e-10,4.3900356266890483e-10,2.9297887e-11,4.3539417e-09,4.353941651658033e-09,4.353941651658033e-09,0.0,-26.83909,-27.265637397766113,-26.35283327102661,0.64670104,2.2217429,2.1921629309654236,2.268141210079193,0.06539756,0.740581,0.7307209819555283,0.7560470998287201,0.02179919,0.16600001,0.15000000968575478,0.18400001525878906,0.029170346,0.0,0.0,0.0,0.0,0.15577404,0.1449335590004921,0.16472269967198372,0.01631603,15.340161,15.340161323547363,15.340161323547363,0.0,15.360162,15.360161781311035,15.360161781311035,0.0,2460800.0,2460800.0,2460800.0,0.0
769,0.0,0.0,0.0,0.0,1.0,1.0,1.0,0.0,0.51272076,0.5119045525789261,0.5147665441036224,0.0030545865,0.51272076,0.5119045525789261,0.5147665441036224,0.0030545865,1.0144597,1.001641720533371,1.0296954214572906,0.027108299,0.09689786,0.09339150413870811,0.09962334670126438,0.0060328133,0.09689786,0.09339150413870811,0.09962334670126438,0.0060328133,1.0,1.0,1.0,0.0,4.1353346e-10,3.985693233787835e-10,4.2516512532841944e-10,2.5746396e-11,4.2677257e-09,4.267725728368532e-09,4.267725728368532e-09,0.0,-27.274286,-27.701844692230225,-26.637283325195312,0.69954455,2.231856,2.203655779361725,2.2653751373291016,0.059639435,0.74395204,0.7345519363880157,0.7551250457763672,0.01987981,0.14,0.11000000312924385,0.17600001394748688,0.039265994,0.0,0.0,0.0,0.0,0.15924074,0.15005473047494888,0.1700829342007637,0.015197902,15.360162,15.360161781311035,15.360161781311035,0.0,15.380162,15.380162239074707,15.380162239074707,0.0,2464000.0,2464000.0,2464000.0,0.0
770,0.0,0.0,0.0,0.0,1.0,1.0,1.0,0.0,0.51272076,0.5119045525789261,0.5147665441036224,0.0030545865,0.51272076,0.5119045525789261,0.5147665441036224,0.0030545865,1.037421,1.01515394449234,1.0773301124572754,0.034864638,0.092012785,0.08368934690952301,0.0965716727077961,0.007268705,0.092012785,0.08368934690952301,0.0965716727077961,0.007268705,1.0,1.0,1.0,0.0,3.8490944e-10,3.500906856079844e-10,4.0398025896726253e-10,3.040657e-11,4.183217e-09,4.183216884001695e-09,4.183216884001695e-09,0.0,-27.502054,-27.63236665725708,-27.04089069366455,0.7298733,2.2823718,2.2333832383155823,2.3701735138893127,0.076703705,0.7607906,0.7444611042737961,0.7900578677654266,0.025567908,0.13533334,0.1120000034570694,0.16200001165270805,0.031534497,0.0,0.0,0.0,0.0,0.15776534,0.13976724445819855,0.16446514427661896,0.025516411,15.380162,15.380162239074707,15.380162239074707,0.0,15.400163,15.400162696838379,15.400162696838379,0.0,2467200.0,2467200.0,2467200.0,0.0
771,0.0,0.0,0.0,0.0,1.0,1.0,1.0,0.0,0.51272076,0.5119045525789261,0.5147665441036224,0.0030545865,0.51272076,0.5119045525789261,0.5147665441036224,0.0030545865,1.0466748,1.0301108956336975,1.0597117245197296,0.030279446,0.083617054,0.08715612441301346,0.09330331720411777,0.026714023,0.090007596,0.08715612441301346,0.09330331720411777,0.006150995,0.9166667,1.0,1.0,0.28867513,3.4286185e-10,3.573733808881485e-10,3.825792183054233e-10,1.095377e-10,4.100382e-09,4.100381811866782e-09,4.100381811866782e-09,0.0,-27.413263,-27.788448810577393,-27.084696292877197,0.7317861,2.3027306,2.2662892937660217,2.3314123153686523,0.06661609,0.7675769,0.7554298043251038,0.7771374732255936,0.02220536,0.13066667,0.11800000444054604,0.15400001034140587,0.030952558,0.0,0.0,0.0,0.0,0.1575203,0.1448027826845646,0.16438955441117287,0.026250027,15.400163,15.400162696838379,15.400162696838379,0.0,15.420163,15.42016315460205,15.42016315460205,0.0,2470400.0,2470400.0,2470400.0,0.0
772,0.0,0.0,0.0,0.0,1.0,1.0,1.0,0.0,0.51272076,0.5119045525789261,0.5147665441036224,0.0030545865,0.51272076,0.5119045525789261,0.5147665441036224,0.0030545865,1.0236095,1.0017118453979492,1.0377464294433594,0.02373473,0.09483852,0.09167646989226341,0.09960982203483582,0.005180818,0.09483852,0.09167646989226341,0.09960982203483582,0.005180818,1.0,1.0,1.0,0.0,3.8117373e-10,3.684648489099551e-10,4.0035047499387133e-10,2.0822679e-11,4.0191868e-09,4.019186761183846e-09,4.019186761183846e-09,0.0,-27.312157,-27.478248119354248,-26.914772987365723,0.62933874,2.2519858,2.2038100361824036,2.2830877900123596,0.052217454,0.7506619,0.7346033751964569,0.7610292732715607,0.01740582,0.154,0.12800000607967377,0.17800001427531242,0.032022722,0.0006666667,0.0,0.0,0.0023094013,0.16192909,0.15787750110030174,0.16475151106715202,0.013163493,15.420163,15.42016315460205,15.42016315460205,0.0,15.440164,15.440163612365723,15.440163612365723,0.0,2473600.0,2473600.0,2473600.0,0.0
773,0.0,0.0,0.0,0.0,1.0,1.0,1.0,0.0,0.51272076,0.5119045525789261,0.5147665441036224,0.0030545865,0.51272076,0.5119045525789261,0.5147665441036224,0.0030545865,1.0257915,0.9972202479839325,1.054700791835785,0.038632087,0.094572894,0.08817517384886742,0.10064346715807915,0.008279933,0.094572894,0.08817517384886742,0.10064346715807915,0.008279933,1.0,1.0,1.0,0.0,3.7257938e-10,3.473749413118732e-10,3.9649502431293726e-10,3.2619622e-11,3.9396e-09,3.939600201618987e-09,3.939600201618987e-09,0.0,-27.299454,-27.58811902999878,-26.84891939163208,0.5785058,2.2567863,2.193928301334381,2.320388078689575,0.084992304,0.7522621,0.7313094586133957,0.7734626978635788,0.028330766,0.168,0.15200001001358032,0.18800001218914986,0.029738251,0.0006666667,0.0,0.0,0.0023094013,0.16573226,0.1631147563457489,0.1726079061627388,0.016047638,15.440164,15.440163612365723,15.440163612365723,0.0,15.460164,15.460164070129395,15.460164070129395,0.0,2476800.0,2476800.0,2476800.0,0.0
774,0.0,0.0,0.0,0.0,1.0,1.0,1.0,0.0,0.51272076,0.5119045525789261,0.5147665441036224,0.0030545865,0.51272076,0.5119045525789261,0.5147665441036224,0.0030545865,1.0188731,1.0068632364273071,1.033869445323944,0.02884583,0.09594032,0.09249825403094292,0.09843471646308899,0.006336527,0.09594032,0.09249825403094292,0.09843471646308899,0.006336527,1.0,1.0,1.0,0.0,3.7048212e-10,3.571902565391305e-10,3.801144538018164e-10,2.4469069e-11,3.8615893e-09,3.8615892705706756e-09,3.8615892705706756e-09,0.0,-27.220346,-27.567554473876953,-26.912899494171143,0.66356236,2.2415657,2.215143382549286,2.2745582461357117,0.063462086,0.7471886,0.7383811324834824,0.7581861168146133,0.021154037,0.156,0.11800000444054604,0.17800001427531242,0.046082933,0.0,0.0,0.0,0.0,0.15724403,0.14483150839805603,0.16866041347384453,0.018966021,15.460164,15.460164070129395,15.460164070129395,0.0,15.480165,15.480164527893066,15.480164527893066,0.0,2480000.0,2480000.0,2480000.0,0.0
775,0.0,0.0,0.0,0.0,1.0,1.0,1.0,0.0,0.51272076,0.5119045525789261,0.5147665441036224,0.0030545865,0.51272076,0.5119045525789261,0.5147665441036224,0.0030545865,1.0319744,1.0113807022571564,1.0594798624515533,0.038799945,0.09324786,0.08720477484166622,0.09742115065455437,0.008532096,0.09324786,0.08720477484166622,0.09742115065455437,0.008532096,1.0,1.0,1.0,0.0,3.5295464e-10,3.300807821515761e-10,3.6875102277234006e-10,3.2295035e-11,3.785123e-09,3.785122881794223e-09,3.785122881794223e-09,0.0,-27.112719,-27.717541694641113,-26.7063889503479,0.79560345,2.2703888,2.225082039833069,2.3309021592140198,0.08536158,0.75679636,0.7416940331459045,0.7769674062728882,0.028453857,0.15533334,0.13600000739097595,0.17000001296401024,0.03519642,0.0,0.0,0.0,0.0,0.14980589,0.13431280478835106,0.17137771472334862,0.022435028,15.480165,15.480164527893066,15.480164527893066,0.0,15.500165,15.500164985656738,15.500164985656738,0.0,2483200.0,2483200.0,2483200.0,0.0
776,0.0,0.0,0.0,0.0,1.0,1.0,1.0,0.0,0.51272076,0.5119045525789261,0.5147665441036224,0.0030545865,0.51272076,0.5119045525789261,0.5147665441036224,0.0030545865,1.0229712,1.0108155608177185,1.0389128923416138,0.026061095,0.095003836,0.09143649600446224,0.09754453226923943,0.0056494963,0.095003836,0.09143649600446224,0.09754453226923943,0.0056494963,1.0,1.0,1.0,0.0,3.524804e-10,3.392449793304664e-10,3.6190684477022117e-10,2.0960593e-11,3.7101706e-09,3.710170393134149e-09,3.710170393134149e-09,0.0,-26.993195,-27.31943416595459,-26.695645332336426,0.7084374,2.2505815,2.223838746547699,2.285654067993164,0.05733554,0.75019383,0.7412796169519424,0.7618847191333771,0.01911184,0.15933333,0.14000000804662704,0.17000001296401024,0.035525493,0.0,0.0,0.0,0.0,0.1552031,0.14106785506010056,0.16151267662644386,0.02044298,15.500165,15.500164985656738,15.500164985656738,0.0,15.520165,15.52016544342041,15.52016544342041,0.0,2486400.0,2486400.0,2486400.0,0.0
777,0.0,0.0,0.0,0.0,1.0,1.0,1.0,0.0,0.51272076,0.5119045525789261,0.5147665441036224,0.0030545865,0.51272076,0.5119045525789261,0.5147665441036224,0.0030545865,1.0308329,0.9960914254188538,1.0628178119659424,0.033196,0.09339696,0.08653480559587479,0.10090447403490543,0.007162489,0.09339696,0.08653480559587479,0.10090447403490543,0.007162489,1.0,1.0,1.0,0.0,3.3965697e-10,3.147013344362293e-10,3.669595391442293e-10,2.6047837e-11,3.6367023e-09,3.636702272657999e-09,3.636702272657999e-09,0.0,-27.411814,-27.967392921447754,-26.860427379608154,0.7628154,2.2678776,2.1914448738098145,2.3382458090782166,0.07303264,0.7559593,0.7304816395044327,0.7794153094291687,0.024344217,0.15200001,0.14400000870227814,0.1680000126361847,0.025527172,0.0,0.0,0.0,0.0,0.16116567,0.14796249568462372,0.17821907624602318,0.018689634,15.520165,15.52016544342041,15.52016544342041,0.0,15.540166,15.540165901184082,15.540165901184082,0.0,2489600.0,2489600.0,2489600.0,0.0
778,0.0,0.0,0.0,0.0,1.0,1.0,1.0,0.0,0.51272076,0.5119045525789261,0.5147665441036224,0.0030545865,0.51272076,0.5119045525789261,0.5147665441036224,0.0030545865,1.0439838,1.0194080770015717,1.0554263293743134,0.034035243,0.08423739,0.088027847930789,0.09563622437417507,0.027052952,0.09061826,0.088027847930789,0.09563622437417507,0.006906777,0.9166667,1.0,1.0,0.28867513,3.002801e-10,3.137919438178649e-10,3.409134433085548e-10,9.6435374e-11,3.5646892e-09,3.5646894325225276e-09,3.5646894325225276e-09,0.0,-27.516838,-27.798743724822998,-27.120009899139404,0.81348956,2.2968102,2.242742598056793,2.3219842314720154,0.074879035,0.76560336,0.7475809007883072,0.7739947736263275,0.024959674,0.13800001,0.12600000575184822,0.15600001066923141,0.031657256,0.0,0.0,0.0,0.0,0.15743716,0.1512269526720047,0.1628575138747692,0.008847292,15.540166,15.540165901184082,15.540165901184082,0.0,15.560166,15.560166358947754,15.560166358947754,0.0,2492800.0,2492800.0,2492800.0,0.0
779,0.0,0.0,0.0,0.0,1.0,1.0,1.0,0.0,0.51272076,0.5119045525789261,0.5147665441036224,0.0030545865,0.51272076,0.5119045525789261,0.5147665441036224,0.0030545865,1.0346243,1.019296407699585,1.0495269298553467,0.024115121,0.09246712,0.0892222411930561,0.09565968066453934,0.005110051,0.09246712,0.0892222411930561,0.09565968066453934,0.005110051,1.0,1.0,1.0,0.0,3.2308956e-10,3.117516245154661e-10,3.3424470136100837e-10,1.785504e-11,3.4941021e-09,3.494102118750675e-09,3.494102118750675e-09,0.0,-26.978256,-27.34103775024414,-26.61558246612549,0.505394,2.2762191,2.2424968481063843,2.309005379676819,0.053054314,0.7587397,0.7474989593029022,0.769668459892273,0.017684767,0.15133335,0.1340000070631504,0.17000001296401024,0.0239899,0.0013333334,0.0,0.0,0.003113996,0.16019543,0.15133333951234818,0.17163456231355667,0.013918259,15.560166,15.560166358947754,15.560166358947754,0.0,15.580167,15.580166816711426,15.580166816711426,0.0,2496000.0,2496000.0,2496000.0,0.0
780,0.0,0.0,0.0,0.0,1.0,1.0,1.0,0.0,0.51272076,0.5119045525789261,0.5147665441036224,0.0030545865,0.51272076,0.5119045525789261,0.5147665441036224,0.0030545865,1.0245544,1.0185783505439758,1.0325061082839966,0.01716838,0.09457084,0.09278911910951138,0.09581509605050087,0.003748382,0.09457084,0.09278911910951138,0.09581509605050087,0.003748382,1.0,1.0,1.0,0.0,3.2389688e-10,3.177946655830155e-10,3.281583754732864e-10,1.2837888e-11,3.424913e-09,3.424913019856035e-09,3.424913019856035e-09,0.0,-27.398012,-27.78956127166748,-27.202549934387207,0.6195265,2.2540646,2.2409170269966125,2.2715588808059692,0.03777123,0.7513549,0.7469723671674728,0.7571863085031509,0.0125904055,0.17166667,0.1524999961256981,0.19249999523162842,0.033529725,0.0008333333,0.0,0.0,0.0028867512,0.15196224,0.14185740426182747,0.15638547390699387,0.01578272,15.580167,15.580166816711426,15.580166816711426,0.0,15.600167,15.600167274475098,15.600167274475098,0.0,2499200.0,2499200.0,2499200.0,0.0
781,0.0,0.0,0.0,0.0,1.0,1.0,1.0,0.0,0.51272076,0.5119045525789261,0.5147665441036224,0.0030545865,0.51272076,0.5119045525789261,0.5147665441036224,0.0030545865,1.0528988,1.020478516817093,1.0688363909721375,0.033808477,0.08261258,0.08534307405352592,0.09539409168064594,0.026453337,0.088773094,0.08534307405352592,0.09539409168064594,0.006693022,0.9166667,1.0,1.0,0.28867513,2.7733815e-10,2.865046810907046e-10,3.2024689150533803e-10,8.880632e-11,3.3570935e-09,3.357093492084573e-09,3.357093492084573e-09,0.0,-27.63398,-28.037288665771484,-26.999070167541504,0.8305052,2.3164234,2.245097577571869,2.3514870405197144,0.07438011,0.77214116,0.7483658641576767,0.7838290333747864,0.024793373,0.14400001,0.10400000214576721,0.17600001394748688,0.036897898,0.0,0.0,0.0,0.0,0.15470444,0.14857642725110054,0.1636158861219883,0.015684845,15.600167,15.600167274475098,15.600167274475098,0.0,15.620168,15.62016773223877,15.62016773223877,0.0,2502400.0,2502400.0,2502400.0,0.0
782,0.0,0.0,0.0,0.0,1.0,1.0,1.0,0.0,0.51272076,0.5119045525789261,0.5147665441036224,0.0030545865,0.51272076,0.5119045525789261,0.5147665441036224,0.0030545865,1.0280927,1.0130884945392609,1.032137244939804,0.03140045,0.093956985,0.09286796115338802,0.09703125804662704,0.0066180904,0.093956985,0.09286796115338802,0.09703125804662704,0.0066180904,1.0,1.0,1.0,0.0,3.0917646e-10,3.05592884330963e-10,3.192926895101422e-10,2.1777599e-11,3.290617e-09,3.2906168900836974e-09,3.2906168900836974e-09,0.0,-27.261124,-27.55709743499756,-26.877635955810547,0.6943399,2.2618492,2.228839159011841,2.2707473039627075,0.06908234,0.7539498,0.7429464012384415,0.756915807723999,0.023027452,0.14866668,0.12000000476837158,0.17200001329183578,0.03486424,0.0006666667,0.0,0.0,0.0023094013,0.15760855,0.1427568979561329,0.16875681281089783,0.019987388,15.620168,15.62016773223877,15.62016773223877,0.0,15.640168,15.640168190002441,15.640168190002441,0.0,2505600.0,2505600.0,2505600.0,0.0
783,0.0,0.0,0.0,0.0,1.0,1.0,1.0,0.0,0.51272076,0.5119045525789261,0.5147665441036224,0.0030545865,0.51272076,0.5119045525789261,0.5147665441036224,0.0030545865,1.0237527,1.0041952580213547,1.0519462525844574,0.035778366,0.09497491,0.08873444981873035,0.09904083050787449,0.007923772,0.09497491,0.08873444981873035,0.09904083050787449,0.007923772,1.0,1.0,1.0,0.0,3.063375e-10,2.862091605382311e-10,3.194519440641308e-10,2.5557783e-11,3.225457e-09,3.2254570125900273e-09,3.2254570125900273e-09,0.0,-27.32685,-27.84888982772827,-26.844455242156982,0.8517322,2.252301,2.2092737555503845,2.3143280744552612,0.07871397,0.750767,0.736424595117569,0.771442711353302,0.026237989,0.16733335,0.1420000083744526,0.18800001218914986,0.030215388,0.0,0.0,0.0,0.0,0.15934138,0.14613139256834984,0.17111356183886528,0.016056856,15.640168,15.640168190002441,15.640168190002441,0.0,15.660169,15.660168647766113,15.660168647766113,0.0,2508800.0,2508800.0,2508800.0,0.0
784,0.0,0.0,0.0,0.0,1.0,1.0,1.0,0.0,0.51272076,0.5119045525789261,0.5147665441036224,0.0030545865,0.51272076,0.5119045525789261,0.5147665441036224,0.0030545865,1.0371062,1.006841391324997,1.062023252248764,0.03440617,0.09207753,0.08669155463576317,0.09843731857836246,0.0073887967,0.09207753,0.08669155463576317,0.09843731857836246,0.0073887967,1.0,1.0,1.0,0.0,2.9111116e-10,2.740829160852165e-10,3.1121816929102764e-10,2.3360328e-11,3.1615872e-09,3.1615872142509716e-09,3.1615872142509716e-09,0.0,-27.339266,-27.87194061279297,-26.616621017456055,0.82541066,2.2816792,2.215095281600952,2.3364977836608887,0.07569507,0.76055974,0.738365113735199,0.7788326293230057,0.025231693,0.15666668,0.13600000739097595,0.17800001427531242,0.032264065,0.0,0.0,0.0,0.0,0.15977052,0.14165827259421349,0.18010175600647926,0.025780177,15.660169,15.660168647766113,15.660168647766113,0.0,15.680169,15.680169105529785,15.680169105529785,0.0,2512000.0,2512000.0,2512000.0,0.0
785,0.0,0.0,0.0,0.0,1.0,1.0,1.0,0.0,0.51272076,0.5119045525789261,0.5147665441036224,0.0030545865,0.51272076,0.5119045525789261,0.5147665441036224,0.0030545865,1.0361853,1.0279185771942139,1.0538738667964935,0.036481686,0.0923151,0.08833377994596958,0.09377436153590679,0.008219178,0.0923151,0.08833377994596958,0.09377436153590679,0.008219178,1.0,1.0,1.0,0.0,2.8608288e-10,2.7374481847974863e-10,2.906051024820222e-10,2.5471087e-11,3.0989824e-09,3.0989824040261738e-09,3.0989824040261738e-09,0.0,-27.402613,-27.86905574798584,-27.260915279388428,0.87239826,2.2796528,2.2614659667015076,2.318568766117096,0.080261305,0.75988436,0.7538220286369324,0.772856280207634,0.026753763,0.13733335,0.10400000214576721,0.16200001165270805,0.037341993,0.0,0.0,0.0,0.0,0.15681143,0.14106610417366028,0.16273749992251396,0.033609338,15.680169,15.680169105529785,15.680169105529785,0.0,15.70017,15.700169563293457,15.700169563293457,0.0,2515200.0,2515200.0,2515200.0,0.0
786,0.0,0.0,0.0,0.0,1.0,1.0,1.0,0.0,0.51272076,0.5119045525789261,0.5147665441036224,0.0030545865,0.51272076,0.5119045525789261,0.5147665441036224,0.0030545865,1.041647,1.0279272198677063,1.065563827753067,0.03743909,0.09116966,0.08599105104804039,0.09379613772034645,0.008009273,0.09116966,0.08599105104804039,0.09379613772034645,0.008009273,1.0,1.0,1.0,0.0,2.769385e-10,2.612078678354557e-10,2.8491672215968933e-10,2.4329103e-11,3.037617e-09,3.0376168247414626e-09,3.0376168247414626e-09,0.0,-27.53833,-28.00667142868042,-27.188865184783936,0.75457317,2.2916691,2.2614850997924805,2.344287157058716,0.08236763,0.76388973,0.753828376531601,0.7814290821552277,0.027455878,0.154,0.13600000739097595,0.17000001296401024,0.0266697,0.0,0.0,0.0,0.0,0.15801619,0.14974307268857956,0.1672600694000721,0.014768611,15.70017,15.700169563293457,15.700169563293457,0.0,15.72017,15.720170021057129,15.720170021057129,0.0,2518400.0,2518400.0,2518400.0,0.0
787,0.0,0.0,0.0,0.0,1.0,1.0,1.0,0.0,0.51272076,0.5119045525789261,0.5147665441036224,0.0030545865,0.51272076,0.5119045525789261,0.5147665441036224,0.0030545865,1.0286751,1.018518328666687,1.0419486165046692,0.023280432,0.09373498,0.09079318307340145,0.09583638980984688,0.005091103,0.09373498,0.09079318307340145,0.09583638980984688,0.005091103,1.0,1.0,1.0,0.0,2.7909275e-10,2.7033365129769393e-10,2.853496397503541e-10,1.5158588e-11,2.9774665e-09,2.977466495579506e-09,2.977466495579506e-09,0.0,-27.147774,-27.651893138885498,-26.864519596099854,0.5256056,2.2631304,2.2407851815223694,2.2923328280448914,0.05121795,0.7543769,0.7469284236431122,0.7641109824180603,0.017072653,0.15066667,0.12600000575184822,0.18800001218914986,0.04105281,0.0,0.0,0.0,0.0,0.14993392,0.13599324226379395,0.16886946186423302,0.02202327,15.72017,15.720170021057129,15.720170021057129,0.0,15.7401705,15.7401704788208,15.7401704788208,0.0,2521600.0,2521600.0,2521600.0,0.0
788,0.0,0.0,0.0,0.0,1.0,1.0,1.0,0.0,0.51272076,0.5119045525789261,0.5147665441036224,0.0030545865,0.51272076,0.5119045525789261,0.5147665441036224,0.0030545865,1.0329872,1.0168745815753937,1.0570517480373383,0.036206752,0.09298534,0.08769163489341736,0.09619944542646408,0.007916865,0.09298534,0.08769163489341736,0.09619944542646408,0.007916865,1.0,1.0,1.0,0.0,2.7137842e-10,2.5592870878110574e-10,2.8075881203237785e-10,2.310543e-11,2.9185074e-09,2.9185076577675773e-09,2.9185076577675773e-09,0.0,-27.195328,-27.657949924468994,-27.001264095306396,0.5383155,2.2726173,2.2371686697006226,2.3255603909492493,0.07965645,0.7575391,0.7457229048013687,0.7751868218183517,0.026552148,0.154,0.1340000070631504,0.17800001427531242,0.04023567,0.0,0.0,0.0,0.0,0.1560528,0.14560872688889503,0.1597231850028038,0.019236105,15.7401705,15.7401704788208,15.7401704788208,0.0,15.760171,15.760170936584473,15.760170936584473,0.0,2524800.0,2524800.0,2524800.0,0.0
789,0.0,0.0,0.0,0.0,1.0,1.0,1.0,0.0,0.51272076,0.5119045525789261,0.5147665441036224,0.0030545865,0.51272076,0.5119045525789261,0.5147665441036224,0.0030545865,1.0217351,0.9992517679929733,1.042280226945877,0.027223494,0.09528884,0.09072373434901237,0.1001761443912983,0.0059173224,0.09528884,0.09072373434901237,0.1001761443912983,0.0059173224,1.0,1.0,1.0,0.0,2.725943e-10,2.595348103096029e-10,2.8657547168631226e-10,1.6927777e-11,2.8607154e-09,2.8607156643545295e-09,2.8607156643545295e-09,0.0,-27.275194,-27.753777980804443,-26.750463485717773,0.6820693,2.2478619,2.1983978748321533,2.2930623292922974,0.059892908,0.7492873,0.7327993214130402,0.7643541395664215,0.019964304,0.158,0.15000000968575478,0.17800001427531242,0.032203898,0.0013333334,0.0,0.0,0.003113996,0.1593072,0.1409289389848709,0.17678773403167725,0.02456244,15.760171,15.760170936584473,15.760170936584473,0.0,15.780171,15.780171394348145,15.780171394348145,0.0,2528000.0,2528000.0,2528000.0,0.0
790,0.0,0.0,0.0,0.0,1.0,1.0,1.0,0.0,0.51272076,0.5119045525789261,0.5147665441036224,0.0030545865,0.51272076,0.5119045525789261,0.5147665441036224,0.0030545865,1.0344243,1.0153480470180511,1.0557329952716827,0.030433567,0.092588276,0.08795870281755924,0.09652772918343544,0.0065200645,0.092588276,0.08795870281755924,0.09652772918343544,0.0065200645,1.0,1.0,1.0,0.0,2.5962388e-10,2.46642220536053e-10,2.7067036112438103e-10,1.8282712e-11,2.8040688e-09,2.8040685329244752e-09,2.8040685329244752e-09,0.0,-27.583628,-27.732563018798828,-27.257399559020996,0.5356261,2.275779,2.2338103652000427,2.322658956050873,0.06695518,0.758593,0.7446034550666809,0.7742196917533875,0.022318402,0.16466667,0.1420000083744526,0.18400001525878906,0.029632088,0.0,0.0,0.0,0.0,0.16917498,0.15751401335000992,0.18233130127191544,0.015353985,15.780171,15.780171394348145,15.780171394348145,0.0,15.800172,15.800171852111816,15.800171852111816,0.0,2531200.0,2531200.0,2531200.0,0.0
791,0.0,0.0,0.0,0.0,1.0,1.0,1.0,0.0,0.51272076,0.5119045525789261,0.5147665441036224,0.0030545865,0.51272076,0.5119045525789261,0.5147665441036224,0.0030545865,1.0318984,1.003362387418747,1.0541075766086578,0.040543888,0.086923085,0.08830607868731022,0.09923180006444454,0.028118609,0.093280315,0.08830607868731022,0.09923180006444454,0.008365271,0.9166667,1.0,1.0,0.28867513,2.3891186e-10,2.4271306492407163e-10,2.7274289077228175e-10,7.7285206e-11,2.7485434e-09,2.748543170838502e-09,2.748543170838502e-09,0.0,-27.277327,-27.588165283203125,-26.927135467529297,0.8156699,2.2702217,2.2074413895606995,2.319083034992218,0.089198366,0.7567406,0.7358137965202332,0.773027703166008,0.029732801,0.148,0.11800000444054604,0.18000001087784767,0.037908982,0.0,0.0,0.0,0.0,0.15454541,0.14250990748405457,0.1624663509428501,0.02135881,15.800172,15.800171852111816,15.800171852111816,0.0,15.820172,15.820172309875488,15.820172309875488,0.0,2534400.0,2534400.0,2534400.0,0.0
792,0.0,0.0,0.0,0.0,1.0,1.0,1.0,0.0,0.51272076,0.5119045525789261,0.5147665441036224,0.0030545865,0.51272076,0.5119045525789261,0.5147665441036224,0.0030545865,1.0408379,1.0195639431476593,1.052892416715622,0.029325983,0.091212444,0.0885582696646452,0.09559522569179535,0.0060015805,0.091212444,0.0885582696646452,0.09559522569179535,0.0060015805,1.0,1.0,1.0,0.0,2.4573696e-10,2.3858631389983564e-10,2.575446939045989e-10,1.616896e-11,2.6941167e-09,2.694116707502303e-09,2.694116707502303e-09,0.0,-27.347368,-28.045597553253174,-26.8055100440979,0.6694612,2.289889,2.243085503578186,2.316409647464752,0.064518444,0.76329637,0.747695192694664,0.7721365690231323,0.021506138,0.15933335,0.14000000804662704,0.18400001525878906,0.028017314,0.0,0.0,0.0,0.0,0.16038428,0.14064839482307434,0.17260047420859337,0.027179416,15.820172,15.820172309875488,15.820172309875488,0.0,15.840173,15.84017276763916,15.84017276763916,0.0,2537600.0,2537600.0,2537600.0,0.0
793,0.0,0.0,0.0,0.0,1.0,1.0,1.0,0.0,0.51272076,0.5119045525789261,0.5147665441036224,0.0030545865,0.51272076,0.5119045525789261,0.5147665441036224,0.0030545865,1.0447317,1.0224307775497437,1.075147956609726,0.038664833,0.090548,0.08411161229014397,0.0949682667851448,0.00832073,0.090548,0.08411161229014397,0.0949682667851448,0.00832073,1.0,1.0,1.0,0.0,2.391163e-10,2.2211931252624773e-10,2.5078922272214754e-10,2.1973123e-11,2.6407687e-09,2.640768714812225e-09,2.640768714812225e-09,0.0,-27.59511,-28.101235389709473,-26.93869924545288,0.82186615,2.2984557,2.2493926286697388,2.3653727769851685,0.08506433,0.7661519,0.7497975528240204,0.788457602262497,0.02835478,0.14999999,0.13499999977648258,0.17000000178813934,0.029541958,0.0,0.0,0.0,0.0,0.15701592,0.14461418986320496,0.17163046821951866,0.017529028,15.840173,15.84017276763916,15.84017276763916,0.0,15.860173,15.860173225402832,15.860173225402832,0.0,2540800.0,2540800.0,2540800.0,0.0
794,0.0,0.0,0.0,0.0,1.0,1.0,1.0,0.0,0.51272076,0.5119045525789261,0.5147665441036224,0.0030545865,0.51272076,0.5119045525789261,0.5147665441036224,0.0030545865,1.0404266,1.0192652344703674,1.0666951835155487,0.030105956,0.0913123,0.08576945215463638,0.09566118568181992,0.0063238326,0.0913123,0.08576945215463638,0.09566118568181992,0.0063238326,1.0,1.0,1.0,0.0,2.3635977e-10,2.2201223498496958e-10,2.4761676736817506e-10,1.6369099e-11,2.5884768e-09,2.5884767662631702e-09,2.5884767662631702e-09,0.0,-27.282616,-27.931572437286377,-26.593109130859375,0.71041995,2.288984,2.2424283623695374,2.346776306629181,0.06623444,0.7629947,0.7474761307239532,0.7822588086128235,0.02207815,0.15200001,0.13600000739097595,0.17200001329183578,0.034112114,0.0,0.0,0.0,0.0,0.15586771,0.13928070291876793,0.16295696049928665,0.026517404,15.860173,15.860173225402832,15.860173225402832,0.0,15.880174,15.880173683166504,15.880173683166504,0.0,2544000.0,2544000.0,2544000.0,0.0
795,0.0,0.0,0.0,0.0,1.0,1.0,1.0,0.0,0.51272076,0.5119045525789261,0.5147665441036224,0.0030545865,0.51272076,0.5119045525789261,0.5147665441036224,0.0030545865,1.0213166,0.9944754838943481,1.0377070009708405,0.03267931,0.09545291,0.09169058129191399,0.1012802068144083,0.0069867983,0.09545291,0.09169058129191399,0.1012802068144083,0.0069867983,1.0,1.0,1.0,0.0,2.4218508e-10,2.3263920650995473e-10,2.569702020616127e-10,1.7727046e-11,2.5372204e-09,2.537220433751486e-09,2.537220433751486e-09,0.0,-27.162237,-27.66744899749756,-26.801183700561523,0.6373725,2.2469416,2.1878896951675415,2.2830010056495667,0.07189594,0.7489805,0.7292965799570084,0.7610003650188446,0.023965312,0.17533334,0.15400001034140587,0.20200000330805779,0.0335026,0.0,0.0,0.0,0.0,0.15475395,0.1427871212363243,0.16299116611480713,0.018333163,15.880174,15.880173683166504,15.880173683166504,0.0,15.900174,15.900174140930176,15.900174140930176,0.0,2547200.0,2547200.0,2547200.0,0.0
796,0.0,0.0,0.0,0.0,1.0,1.0,1.0,0.0,0.51272076,0.5119045525789261,0.5147665441036224,0.0030545865,0.51272076,0.5119045525789261,0.5147665441036224,0.0030545865,1.0249077,1.0136339366436005,1.044627845287323,0.028922109,0.094621815,0.0902364682406187,0.09691149927675724,0.006479092,0.094621815,0.0902364682406187,0.09691149927675724,0.006479092,1.0,1.0,1.0,0.0,2.3532248e-10,2.2441620783908434e-10,2.410168661870493e-10,1.6113364e-11,2.4869788e-09,2.486979067128914e-09,2.486979067128914e-09,0.0,-27.096634,-27.54648447036743,-26.724709510803223,0.60735214,2.254842,2.2300392389297485,2.2982271313667297,0.0636299,0.75161403,0.7433464527130127,0.7660757154226303,0.021209965,0.16600001,0.14400000870227814,0.19200000166893005,0.037851386,0.0,0.0,0.0,0.0,0.16009165,0.14986184239387512,0.17126282304525375,0.017082758,15.900174,15.900174140930176,15.900174140930176,0.0,15.920175,15.920174598693848,15.920174598693848,0.0,2550400.0,2550400.0,2550400.0,0.0
797,0.0,0.0,0.0,0.0,1.0,1.0,1.0,0.0,0.51272076,0.5119045525789261,0.5147665441036224,0.0030545865,0.51272076,0.5119045525789261,0.5147665441036224,0.0030545865,1.0370494,1.0185253322124481,1.0564788579940796,0.04540933,0.086060055,0.08781254291534424,0.09583259001374245,0.028217908,0.092282414,0.08781254291534424,0.09583259001374245,0.00961807,0.9166667,1.0,1.0,0.28867513,2.0979136e-10,2.140634683400755e-10,2.3361419743128664e-10,6.8787705e-11,2.4377322e-09,2.437732238291801e-09,2.437732238291801e-09,0.0,-27.510345,-27.961840629577637,-27.32003164291382,0.7595042,2.2815542,2.240800440311432,2.324299931526184,0.09990254,0.7605181,0.7469334900379181,0.7747666537761688,0.033300843,0.154,0.1340000070631504,0.16200001165270805,0.041376323,0.0,0.0,0.0,0.0,0.16015522,0.15222937241196632,0.16683589667081833,0.013729572,15.920175,15.920174598693848,15.920174598693848,0.0,15.940175,15.94017505645752,15.94017505645752,0.0,2553600.0,2553600.0,2553600.0,0.0
798,0.0,0.0,0.0,0.0,1.0,1.0,1.0,0.0,0.51272076,0.5119045525789261,0.5147665441036224,0.0030545865,0.51272076,0.5119045525789261,0.5147665441036224,0.0030545865,1.0308021,1.0065097510814667,1.0451140701770782,0.033420805,0.09340314,0.09013359993696213,0.09851233661174774,0.0070527974,0.09340314,0.09013359993696213,0.09851233661174774,0.0070527974,1.0,1.0,1.0,0.0,2.2318315e-10,2.1537072472654906e-10,2.3539138693795536e-10,1.6852382e-11,2.389461e-09,2.3894610734487287e-09,2.3894610734487287e-09,0.0,-27.427307,-27.693195343017578,-26.925299167633057,0.6398642,2.2678099,2.214365601539612,2.2992969155311584,0.07352724,0.7559366,0.7381218671798706,0.7664323300123215,0.024509082,0.14800002,0.13600000739097595,0.15400001034140587,0.015063505,0.0,0.0,0.0,0.0,0.15786263,0.14755826070904732,0.17088587954640388,0.026883092,15.940175,15.94017505645752,15.94017505645752,0.0,15.9601755,15.960175514221191,15.960175514221191,0.0,2556800.0,2556800.0,2556800.0,0.0
799,0.0,0.0,0.0,0.0,1.0,1.0,1.0,0.0,0.51272076,0.5119045525789261,0.5147665441036224,0.0030545865,0.51272076,0.5119045525789261,0.5147665441036224,0.0030545865,1.0487007,1.032809317111969,1.0596175789833069,0.025821045,0.08953712,0.08717627637088299,0.09272396378219128,0.0053298613,0.08953712,0.08717627637088299,0.09272396378219128,0.0053298613,1.0,1.0,1.0,0.0,2.0970893e-10,2.0417949275763903e-10,2.1717298098744564e-10,1.2483311e-11,2.3421451e-09,2.342145144496044e-09,2.342145144496044e-09,0.0,-27.49026,-27.57250165939331,-27.329479217529297,0.48076415,2.3071878,2.272225797176361,2.331205129623413,0.05680744,0.7690626,0.757408618927002,0.7770683765411377,0.018935818,0.14800002,0.12800000607967377,0.17800001427531242,0.032271575,0.0,0.0,0.0,0.0,0.16035092,0.14586472138762474,0.17082562297582626,0.028270613,15.9601755,15.960175514221191,15.960175514221191,0.0,15.980176,15.980175971984863,15.980175971984863,0.0,2560000.0,2560000.0,2560000.0,0.0
800,0.0,0.0,0.0,0.0,1.0,1.0,1.0,0.0,0.51272076,0.5119045525789261,0.5147665441036224,0.0030545865,0.51272076,0.5119045525789261,0.5147665441036224,0.0030545865,1.0293528,1.0025084912776947,1.0466549396514893,0.035307735,0.09374442,0.08982425928115845,0.09942411445081234,0.007476173,0.09374442,0.08982425928115845,0.09942411445081234,0.007476173,1.0,1.0,1.0,0.0,2.152153e-10,2.062155446402869e-10,2.2825457496322699e-10,1.7163547e-11,2.2957667e-09,2.2957666878653527e-09,2.2957666878653527e-09,0.0,-27.177343,-27.501245975494385,-26.784132957458496,0.6500514,2.2646215,2.2055628299713135,2.302686870098114,0.07767857,0.7548738,0.7351876497268677,0.7675622999668121,0.02589286,0.16600001,0.14400000870227814,0.18400001525878906,0.0337908,0.0,0.0,0.0,0.0,0.16570885,0.16002360358834267,0.17640424892306328,0.016082935,15.980176,15.980175971984863,15.980175971984863,0.0,16.000175,16.00017547607422,16.00017547607422,0.0,2563200.0,2563200.0,2563200.0,0.0
801,0.0,0.0,0.0,0.0,1.0,1.0,1.0,0.0,0.51272076,0.5119045525789261,0.5147665441036224,0.0030545865,0.51272076,0.5119045525789261,0.5147665441036224,0.0030545865,1.0423666,1.034886747598648,1.0547916889190674,0.02230599,0.09081524,0.0881536640226841,0.09228233620524406,0.0046699275,0.09081524,0.0881536640226841,0.09228233620524406,0.0046699275,1.0,1.0,1.0,0.0,2.043623e-10,1.9837295001101651e-10,2.0766373343139577e-10,1.0508775e-11,2.2503086e-09,2.2503086061220756e-09,2.2503086061220756e-09,0.0,-27.414244,-27.75400972366333,-27.046435356140137,0.4594837,2.2932522,2.276796340942383,2.320587933063507,0.049074087,0.76441747,0.7589321434497833,0.7735293507575989,0.01635804,0.14933334,0.13200000673532486,0.15200001001358032,0.03834137,0.0006666667,0.0,0.0,0.0023094013,0.15213007,0.14022984355688095,0.16548797860741615,0.016477063,16.000175,16.00017547607422,16.00017547607422,0.0,16.020176,16.02017593383789,16.02017593383789,0.0,2566400.0,2566400.0,2566400.0,0.0
802,0.0,0.0,0.0,0.0,1.0,1.0,1.0,0.0,0.51272076,0.5119045525789261,0.5147665441036224,0.0030545865,0.51272076,0.5119045525789261,0.5147665441036224,0.0030545865,1.0270642,1.0099029242992401,1.0449893474578857,0.028339125,0.09413931,0.09015937708318233,0.09774848259985447,0.0060120877,0.09413931,0.09015937708318233,0.09774848259985447,0.0060120877,1.0,1.0,1.0,0.0,2.0764764e-10,1.9886891092224523e-10,2.1560856919289328e-10,1.3261152e-11,2.2057485e-09,2.2057484727611154e-09,2.2057484727611154e-09,0.0,-27.351212,-27.488469123840332,-27.04939317703247,0.7095886,2.2595863,2.221830904483795,2.2990224957466125,0.062347326,0.75319546,0.7406103312969208,0.7663408368825912,0.02078244,0.158,0.14000000804662704,0.17000001296401024,0.025326954,0.0006666667,0.0,0.0,0.0023094013,0.15552814,0.14269043505191803,0.16197779029607773,0.019165127,16.020176,16.02017593383789,16.02017593383789,0.0,16.040176,16.040176391601562,16.040176391601562,0.0,2569600.0,2569600.0,2569600.0,0.0
803,0.0,0.0,0.0,0.0,1.0,1.0,1.0,0.0,0.51272076,0.5119045525789261,0.5147665441036224,0.0030545865,0.51272076,0.5119045525789261,0.5147665441036224,0.0030545865,1.0428829,1.033392995595932,1.0633241534233093,0.035500284,0.084346704,0.08643240109086037,0.09264534711837769,0.027337497,0.09087876,0.08643240109086037,0.09264534711837769,0.0075672204,0.9166667,1.0,1.0,0.28867513,1.8236353e-10,1.8687296154951127e-10,2.0030578931629073e-10,5.91056e-11,2.1620707e-09,2.1620707446601273e-09,2.1620707446601273e-09,0.0,-27.56755,-28.0412859916687,-27.25130271911621,0.6608512,2.2943883,2.2735100388526917,2.339359939098358,0.078102194,0.7647961,0.7578366845846176,0.7797866463661194,0.026034068,0.14133334,0.12000000476837158,0.15800001099705696,0.031695522,0.0,0.0,0.0,0.0,0.16428323,0.14714989066123962,0.17659401893615723,0.028031833,16.040176,16.040176391601562,16.040176391601562,0.0,16.060177,16.060176849365234,16.060176849365234,0.0,2572800.0,2572800.0,2572800.0,0.0
804,0.0,0.0,0.0,0.0,1.0,1.0,1.0,0.0,0.51272076,0.5119045525789261,0.5147665441036224,0.0030545865,0.51272076,0.5119045525789261,0.5147665441036224,0.0030545865,1.0269144,1.022357851266861,1.0508651733398438,0.034434415,0.0942704,0.08894789218902588,0.09500452876091003,0.007822341,0.0942704,0.08894789218902588,0.09500452876091003,0.007822341,1.0,1.0,1.0,0.0,1.9978329e-10,1.8850352181964958e-10,2.0133909470199107e-10,1.6577557e-11,2.1192579e-09,2.119257880295322e-09,2.119257880295322e-09,0.0,-27.210848,-27.680367946624756,-26.923470973968506,0.63563436,2.2592568,2.249232232570648,2.311949610710144,0.07575723,0.7530856,0.7497441172599792,0.7706498950719833,0.025252402,0.156,0.12000000476837158,0.1860000118613243,0.03209078,0.0,0.0,0.0,0.0,0.1505012,0.14004740491509438,0.15536126494407654,0.018484017,16.060177,16.060176849365234,16.060176849365234,0.0,16.080177,16.080177307128906,16.080177307128906,0.0,2576000.0,2576000.0,2576000.0,0.0
805,0.0,0.0,0.0,0.0,1.0,1.0,1.0,0.0,0.51272076,0.5119045525789261,0.5147665441036224,0.0030545865,0.51272076,0.5119045525789261,0.5147665441036224,0.0030545865,1.0436727,1.0330992341041565,1.0615753829479218,0.026572028,0.090589546,0.08679371140897274,0.09267325326800346,0.0056071077,0.090589546,0.08679371140897274,0.09267325326800346,0.0056071077,1.0,1.0,1.0,0.0,1.8818098e-10,1.8029594484048062e-10,1.925094840482533e-10,1.1647605e-11,2.0772928e-09,2.0772927822321208e-09,2.0772927822321208e-09,0.0,-27.526888,-27.7496395111084,-27.30795669555664,0.4596094,2.2961257,2.272863805294037,2.3355124592781067,0.058459613,0.7653753,0.7576212882995605,0.7785041928291321,0.019486543,0.13933334,0.1120000034570694,0.14800000935792923,0.031163305,0.0,0.0,0.0,0.0,0.16445185,0.14458773285150528,0.18256665021181107,0.02132656,16.080177,16.080177307128906,16.080177307128906,0.0,16.100178,16.100177764892578,16.100177764892578,0.0,2579200.0,2579200.0,2579200.0,0.0
806,0.0,0.0,0.0,0.0,1.0,1.0,1.0,0.0,0.51272076,0.5119045525789261,0.5147665441036224,0.0030545865,0.51272076,0.5119045525789261,0.5147665441036224,0.0030545865,1.0261635,0.9947772920131683,1.056302934885025,0.04154991,0.08809195,0.08784095384180546,0.10121484100818634,0.028634697,0.094545,0.08784095384180546,0.10121484100818634,0.008908887,0.9166667,1.0,1.0,0.28867513,1.793692e-10,1.7885813316520505e-10,2.0608948922418158e-10,5.830479e-11,2.0361588e-09,2.036158797125154e-09,2.036158797125154e-09,0.0,-27.144308,-27.3823881149292,-26.50639295578003,0.76922804,2.2576046,2.188553750514984,2.3239128589630127,0.091411635,0.75253487,0.7295179516077042,0.7746376395225525,0.030470535,0.16583334,0.13749999925494194,0.1899999976158142,0.039876703,0.0,0.0,0.0,0.0,0.156189,0.14524714276194572,0.15846576914191246,0.017745098,16.100178,16.100177764892578,16.100177764892578,0.0,16.120178,16.12017822265625,16.12017822265625,0.0,2582400.0,2582400.0,2582400.0,0.0
807,0.0,0.0,0.0,0.0,1.0,1.0,1.0,0.0,0.51272076,0.5119045525789261,0.5147665441036224,0.0030545865,0.51272076,0.5119045525789261,0.5147665441036224,0.0030545865,1.0440499,1.0150123834609985,1.0559638738632202,0.03457113,0.08438476,0.08791069127619267,0.09660426713526249,0.02701059,0.09061097,0.08791069127619267,0.09660426713526249,0.0069598057,0.9166667,1.0,1.0,0.28867513,1.684184e-10,1.7545561184495462e-10,1.928065936074308e-10,5.3908794e-11,1.9958393e-09,1.995839271629052e-09,1.995839271629052e-09,0.0,-27.295576,-27.529776573181152,-27.05270767211914,0.29707158,2.2969553,2.233071804046631,2.323166847229004,0.076058,0.7656519,0.7443573027849197,0.7743889540433884,0.025352668,0.14266668,0.11800000444054604,0.15600001066923141,0.041194294,0.0006666667,0.0,0.0,0.0023094013,0.15899505,0.14715208113193512,0.1766953505575657,0.020858454,16.120178,16.12017822265625,16.12017822265625,0.0,16.140179,16.140178680419922,16.140178680419922,0.0,2585600.0,2585600.0,2585600.0,0.0
808,0.0,0.0,0.0,0.0,1.0,1.0,1.0,0.0,0.51272076,0.5119045525789261,0.5147665441036224,0.0030545865,0.51272076,0.5119045525789261,0.5147665441036224,0.0030545865,1.0391756,1.009024202823639,1.0664412677288055,0.0411699,0.091757424,0.08581417985260487,0.09795519150793552,0.008905851,0.091757424,0.08581417985260487,0.09795519150793552,0.008905851,1.0,1.0,1.0,0.0,1.795067e-10,1.6787982462518336e-10,1.9163150233314497e-10,1.7422676e-11,1.956318e-09,1.9563179964876554e-09,1.9563179964876554e-09,0.0,-27.651955,-28.11306095123291,-27.14347219467163,0.73754984,2.286232,2.219897508621216,2.346217632293701,0.0905756,0.76207733,0.7399658411741257,0.7820725440979004,0.030191869,0.15533334,0.15000000968575478,0.17000001296401024,0.02608146,0.0,0.0,0.0,0.0,0.15958424,0.1465451717376709,0.17309929057955742,0.017018348,16.140179,16.140178680419922,16.140178680419922,0.0,16.16018,16.160179138183594,16.160179138183594,0.0,2588800.0,2588800.0,2588800.0,0.0
809,0.0,0.0,0.0,0.0,1.0,1.0,1.0,0.0,0.51272076,0.5119045525789261,0.5147665441036224,0.0030545865,0.51272076,0.5119045525789261,0.5147665441036224,0.0030545865,1.0423888,1.0208140015602112,1.0600751340389252,0.03181743,0.09092349,0.08710586838424206,0.09532047435641289,0.0066327034,0.09092349,0.08710586838424206,0.09532047435641289,0.0066327034,1.0,1.0,1.0,0.0,1.7435302e-10,1.670324191460626e-10,1.827845826085639e-10,1.27187375e-11,1.9175794e-09,1.9175794285786196e-09,1.9175794285786196e-09,0.0,-27.639273,-28.154101371765137,-27.014523029327393,0.7981418,2.2933013,2.2458356618881226,2.332211971282959,0.06999975,0.7644338,0.7486118972301483,0.7774039953947067,0.023333246,0.13933334,0.13200000673532486,0.15400001034140587,0.021154558,0.0,0.0,0.0,0.0,0.16784407,0.1572430655360222,0.1742827594280243,0.0148621835,16.16018,16.160179138183594,16.160179138183594,0.0,16.18018,16.180179595947266,16.180179595947266,0.0,2592000.0,2592000.0,2592000.0,0.0
810,0.0,0.0,0.0,0.0,1.0,1.0,1.0,0.0,0.51272076,0.5119045525789261,0.5147665441036224,0.0030545865,0.51272076,0.5119045525789261,0.5147665441036224,0.0030545865,1.0514516,1.032567948102951,1.0705012679100037,0.028960021,0.089009844,0.08502534031867981,0.09277964010834694,0.005981891,0.089009844,0.08502534031867981,0.09277964010834694,0.005981891,1.0,1.0,1.0,0.0,1.673036e-10,1.5981431109035604e-10,1.7438935365210462e-10,1.1243611e-11,1.879608e-09,1.8796080247796e-09,1.8796080247796e-09,0.0,-27.592598,-27.80791139602661,-27.5817551612854,0.6018262,2.3132396,2.2716949582099915,2.355149745941162,0.063713275,0.77107984,0.757231667637825,0.7850499451160431,0.02123776,0.15266667,0.1340000070631504,0.1680000126361847,0.033675816,0.0006666667,0.0,0.0,0.0023094013,0.15609874,0.1478276029229164,0.16361341625452042,0.014321182,16.18018,16.180179595947266,16.180179595947266,0.0,16.20018,16.200180053710938,16.200180053710938,0.0,2595200.0,2595200.0,2595200.0,0.0
811,0.0,0.0,0.0,0.0,1.0,1.0,1.0,0.0,0.51272076,0.5119045525789261,0.5147665441036224,0.0030545865,0.51272076,0.5119045525789261,0.5147665441036224,0.0030545865,1.0409578,1.0177785158157349,1.0704825520515442,0.03289986,0.08477909,0.08501929044723511,0.09599011018872261,0.027186455,0.09123517,0.08501929044723511,0.09599011018872261,0.006713974,0.9166667,1.0,1.0,0.28867513,1.5619601e-10,1.566385528228853e-10,1.7685106504239378e-10,5.0088007e-11,1.8423884e-09,1.8423883529905538e-09,1.8423883529905538e-09,0.0,-27.37044,-27.498817443847656,-26.9875431060791,0.5771891,2.290153,2.239157557487488,2.3551085591316223,0.07238114,0.76338434,0.746385857462883,0.7850362062454224,0.024127048,0.16066667,0.1420000083744526,0.18000001087784767,0.031163303,0.0,0.0,0.0,0.0,0.15822686,0.15043538808822632,0.16950171068310738,0.0176259,16.20018,16.200180053710938,16.200180053710938,0.0,16.22018,16.22018051147461,16.22018051147461,0.0,2598400.0,2598400.0,2598400.0,0.0
812,0.0,0.0,0.0,0.0,1.0,1.0,1.0,0.0,0.51272076,0.5119045525789261,0.5147665441036224,0.0030545865,0.51272076,0.5119045525789261,0.5147665441036224,0.0030545865,1.0317838,1.0136593282222748,1.0503683686256409,0.028236778,0.09312391,0.0890553891658783,0.0969190951436758,0.006095553,0.09312391,0.0890553891658783,0.0969190951436758,0.006095553,1.0,1.0,1.0,0.0,1.6817303e-10,1.6082565140740357e-10,1.7502676738501144e-10,1.1007996e-11,1.805906e-09,1.8059058692898589e-09,1.8059058692898589e-09,0.0,-27.28691,-27.723108291625977,-27.043641090393066,0.54341716,2.2699697,2.2300949692726135,2.310856580734253,0.062122148,0.7566566,0.7433649897575378,0.7702855318784714,0.02070739,0.156,0.1420000083744526,0.17200001329183578,0.030223412,0.0,0.0,0.0,0.0,0.15904072,0.14227692037820816,0.1748768426477909,0.021853084,16.22018,16.22018051147461,16.22018051147461,0.0,16.240181,16.24018096923828,16.24018096923828,0.0,2601600.0,2601600.0,2601600.0,0.0
813,0.0,0.0,0.0,0.0,1.0,1.0,1.0,0.0,0.51272076,0.5119045525789261,0.5147665441036224,0.0030545865,0.51272076,0.5119045525789261,0.5147665441036224,0.0030545865,1.0296395,1.0066377520561218,1.0520973205566406,0.025851145,0.09355581,0.08869579061865807,0.09848595969378948,0.005627837,0.09355581,0.08869579061865807,0.09848595969378948,0.005627837,1.0,1.0,1.0,0.0,1.6560742e-10,1.5700447539290785e-10,1.7433450169579423e-10,9.96209e-12,1.7701457e-09,1.770145696688985e-09,1.770145696688985e-09,0.0,-27.30065,-27.641939640045166,-26.90544605255127,0.76678896,2.265252,2.214647352695465,2.314660370349884,0.05687366,0.75508404,0.7382157891988754,0.7715534865856171,0.018957892,0.164,0.13600000739097595,0.19200000166893005,0.03209078,0.0,0.0,0.0,0.0,0.15310046,0.14505641534924507,0.1641102097928524,0.01667603,16.240181,16.24018096923828,16.24018096923828,0.0,16.260181,16.260181427001953,16.260181427001953,0.0,2604800.0,2604800.0,2604800.0,0.0
814,0.0,0.0,0.0,0.0,1.0,1.0,1.0,0.0,0.51272076,0.5119045525789261,0.5147665441036224,0.0030545865,0.51272076,0.5119045525789261,0.5147665441036224,0.0030545865,1.0156772,0.9913589954376221,1.0400826632976532,0.033393715,0.096716486,0.09118414856493473,0.10201450437307358,0.0074486225,0.096716486,0.09118414856493473,0.10201450437307358,0.0074486225,1.0,1.0,1.0,0.0,1.6781217e-10,1.5821304683028004e-10,1.770047268478958e-10,1.2924057e-11,1.7350937e-09,1.7350937353555196e-09,1.7350937353555196e-09,0.0,-27.104471,-27.4865083694458,-26.866241931915283,0.47966173,2.2345345,2.1810333728790283,2.2882274985313416,0.07346761,0.74484485,0.7270111441612244,0.7627425342798233,0.024489202,0.15933335,0.14400000870227814,0.1680000126361847,0.026081458,0.0006666667,0.0,0.0,0.0023094013,0.1534153,0.14430129900574684,0.1612892858684063,0.017757747,16.260181,16.260181427001953,16.260181427001953,0.0,16.280182,16.280181884765625,16.280181884765625,0.0,2608000.0,2608000.0,2608000.0,0.0
815,0.0,0.0,0.0,0.0,1.0,1.0,1.0,0.0,0.51272076,0.5119045525789261,0.5147665441036224,0.0030545865,0.51272076,0.5119045525789261,0.5147665441036224,0.0030545865,1.0467318,1.0199918150901794,1.0701422989368439,0.041666,0.08392977,0.08509049378335476,0.09550208039581776,0.027355198,0.090174116,0.08509049378335476,0.09550208039581776,0.008529219,0.9166667,1.0,1.0,0.28867513,1.4274236e-10,1.4471644715907672e-10,1.6242380357356367e-10,4.6523965e-11,1.7007359e-09,1.7007357744347473e-09,1.7007357744347473e-09,0.0,-27.666946,-28.113481044769287,-27.1551456451416,0.7914759,2.3028557,2.2440268993377686,2.354360044002533,0.09166704,0.76761866,0.7480089664459229,0.7847866863012314,0.030555677,0.15533334,0.1420000083744526,0.16200001165270805,0.021154555,0.0006666667,0.0,0.0,0.0023094013,0.16697751,0.15340859070420265,0.18053315207362175,0.021442749,16.280182,16.280181884765625,16.280181884765625,0.0,16.300182,16.300182342529297,16.300182342529297,0.0,2611200.0,2611200.0,2611200.0,0.0
816,0.0,0.0,0.0,0.0,1.0,1.0,1.0,0.0,0.51272076,0.5119045525789261,0.5147665441036224,0.0030545865,0.51272076,0.5119045525789261,0.5147665441036224,0.0030545865,1.0276549,1.0149256885051727,1.04257532954216,0.025480516,0.09397983,0.09066264517605305,0.09662400186061859,0.0055695777,0.09397983,0.09066264517605305,0.09662400186061859,0.0055695777,1.0,1.0,1.0,0.0,1.5666983e-10,1.511398922682261e-10,1.6107782122021241e-10,9.284808e-12,1.667058e-09,1.667058047161163e-09,1.667058047161163e-09,0.0,-27.356981,-27.880677700042725,-26.66361713409424,0.7635128,2.260886,2.2328811287879944,2.293711543083191,0.056058247,0.7536287,0.744293749332428,0.7645705491304398,0.018686086,0.14533333,0.1300000064074993,0.16600001230835915,0.037029065,0.0,0.0,0.0,0.0,0.15903363,0.14275266975164413,0.16550744697451591,0.018982181,16.300182,16.300182342529297,16.300182342529297,0.0,16.320183,16.32018280029297,16.32018280029297,0.0,2614400.0,2614400.0,2614400.0,0.0
817,0.0,0.0,0.0,0.0,1.0,1.0,1.0,0.0,0.51272076,0.5119045525789261,0.5147665441036224,0.0030545865,0.51272076,0.5119045525789261,0.5147665441036224,0.0030545865,1.0278531,1.0164237022399902,1.040134459733963,0.02512414,0.09393103,0.0911751501262188,0.09629350528120995,0.0053878506,0.09393103,0.0911751501262188,0.09629350528120995,0.0053878506,1.0,1.0,1.0,0.0,1.5348776e-10,1.4898452263545359e-10,1.5734816227741533e-10,8.8040035e-12,1.6340475e-09,1.6340474529030757e-09,1.6340474529030757e-09,0.0,-27.08281,-27.601802349090576,-26.363979816436768,0.8800326,2.2613218,2.23617684841156,2.288341522216797,0.05527422,0.753774,0.7453922927379608,0.7627805173397064,0.018424736,0.15066667,0.1420000083744526,0.1680000126361847,0.025716403,0.0,0.0,0.0,0.0,0.15453069,0.14009976387023926,0.16706783324480057,0.01907424,16.320183,16.32018280029297,16.32018280029297,0.0,16.340183,16.34018325805664,16.34018325805664,0.0,2617600.0,2617600.0,2617600.0,0.0
818,0.0,0.0,0.0,0.0,1.0,1.0,1.0,0.0,0.51272076,0.5119045525789261,0.5147665441036224,0.0030545865,0.51272076,0.5119045525789261,0.5147665441036224,0.0030545865,1.0432972,1.0189208984375,1.062801718711853,0.025260113,0.09065152,0.08653641119599342,0.09573768638074398,0.0052608103,0.09065152,0.08653641119599342,0.09573768638074398,0.0052608103,1.0,1.0,1.0,0.0,1.4519567e-10,1.3860453756953106e-10,1.5334213065987257e-10,8.4261894e-12,1.6016903e-09,1.601690335917283e-09,1.601690335917283e-09,0.0,-27.417124,-27.682998180389404,-27.03381586074829,0.4781181,2.2952998,2.241670787334442,2.3382104635238647,0.055573367,0.76509994,0.7472236007452011,0.7794035077095032,0.01852446,0.14466667,0.12800000607967377,0.1640000119805336,0.030976044,0.0006666667,0.0,0.0,0.0023094013,0.15443788,0.14727338030934334,0.16511433944106102,0.017182333,16.340183,16.34018325805664,16.34018325805664,0.0,16.360184,16.360183715820312,16.360183715820312,0.0,2620800.0,2620800.0,2620800.0,0.0
819,0.0,0.0,0.0,0.0,1.0,1.0,1.0,0.0,0.51272076,0.5119045525789261,0.5147665441036224,0.0030545865,0.51272076,0.5119045525789261,0.5147665441036224,0.0030545865,1.0275856,0.9864190965890884,1.0622833669185638,0.050122276,0.094416775,0.086696432903409,0.10317655466496944,0.010803224,0.094416775,0.086696432903409,0.10317655466496944,0.010803224,1.0,1.0,1.0,0.0,1.4823189e-10,1.3611113625078275e-10,1.619845022005073e-10,1.696078e-11,1.5699739e-09,1.5699739286390013e-09,1.5699739286390013e-09,0.0,-27.174658,-27.471911430358887,-26.668058395385742,0.9157079,2.2607336,2.1701653003692627,2.337070107460022,0.1102712,0.7535779,0.7233884334564209,0.7790233790874481,0.03675707,0.14166667,0.13250000029802322,0.1599999964237213,0.033799767,0.0,0.0,0.0,0.0,0.15053564,0.14239222183823586,0.16202552244067192,0.0196146,16.360184,16.360183715820312,16.360183715820312,0.0,16.380184,16.380184173583984,16.380184173583984,0.0,2624000.0,2624000.0,2624000.0,0.0
820,0.0,0.0,0.0,0.0,1.0,1.0,1.0,0.0,0.51272076,0.5119045525789261,0.5147665441036224,0.0030545865,0.51272076,0.5119045525789261,0.5147665441036224,0.0030545865,1.0537285,1.0345186591148376,1.068313181400299,0.026963245,0.08202542,0.08544646389782429,0.09236256591975689,0.026179632,0.08851781,0.08544646389782429,0.09236256591975689,0.005411017,0.9166667,1.0,1.0,0.28867513,1.2622776e-10,1.3149236560705546e-10,1.421354561825794e-10,4.0287468e-11,1.5388859e-09,1.5388859075926575e-09,1.5388859075926575e-09,0.0,-27.4936,-27.689647674560547,-27.08131456375122,0.6095711,2.318249,2.275986433029175,2.350335955619812,0.059320334,0.77274966,0.7586621642112732,0.7834453284740448,0.019773442,0.14866668,0.13600000739097595,0.16200001165270805,0.023250937,0.0,0.0,0.0,0.0,0.16446246,0.1458306610584259,0.17826106026768684,0.029059095,16.380184,16.380184173583984,16.380184173583984,0.0,16.400185,16.400184631347656,16.400184631347656,0.0,2627200.0,2627200.0,2627200.0,0.0
821,0.0,0.0,0.0,0.0,1.0,1.0,1.0,0.0,0.51272076,0.5119045525789261,0.5147665441036224,0.0030545865,0.51272076,0.5119045525789261,0.5147665441036224,0.0030545865,1.0387388,1.0188788175582886,1.064505934715271,0.032284614,0.09169691,0.08621246367692947,0.09574842639267445,0.006759302,0.09169691,0.08621246367692947,0.09574842639267445,0.006759302,1.0,1.0,1.0,0.0,1.3831682e-10,1.300440172213868e-10,1.444281846896267e-10,1.0195821e-11,1.5084133e-09,1.508413172146561e-09,1.508413172146561e-09,0.0,-27.431612,-27.884816646575928,-27.019107818603516,0.5658271,2.2852714,2.2415781021118164,2.341959774494171,0.07102756,0.76175714,0.7471927404403687,0.7806532979011536,0.02367585,0.15333335,0.12600000575184822,0.17000001296401024,0.029112116,0.0,0.0,0.0,0.0,0.16344547,0.1570819839835167,0.16910256445407867,0.017915906,16.400185,16.400184631347656,16.400184631347656,0.0,16.420185,16.420185089111328,16.420185089111328,0.0,2630400.0,2630400.0,2630400.0,0.0
822,0.0,0.0,0.0,0.0,1.0,1.0,1.0,0.0,0.51272076,0.5119045525789261,0.5147665441036224,0.0030545865,0.51272076,0.5119045525789261,0.5147665441036224,0.0030545865,1.0372207,1.0169113278388977,1.05455082654953,0.031807486,0.09201273,0.08819605223834515,0.09618535451591015,0.006752507,0.09201273,0.08819605223834515,0.09618535451591015,0.006752507,1.0,1.0,1.0,0.0,1.3604487e-10,1.3040173454936799e-10,1.4221427854788082e-10,9.98388e-12,1.478544e-09,1.4785439539366507e-09,1.4785439539366507e-09,0.0,-27.106775,-27.35418128967285,-26.81627368927002,0.57681173,2.2819312,2.2372495532035828,2.3200581669807434,0.06997787,0.7606437,0.7457498908042908,0.7733527570962906,0.023325952,0.154,0.1340000070631504,0.17600001394748688,0.027739046,0.0,0.0,0.0,0.0,0.15937676,0.1421567127108574,0.175249844789505,0.020560475,16.420185,16.420185089111328,16.420185089111328,0.0,16.440186,16.440185546875,16.440185546875,0.0,2633600.0,2633600.0,2633600.0,0.0
823,0.0,0.0,0.0,0.0,1.0,1.0,1.0,0.0,0.51272076,0.5119045525789261,0.5147665441036224,0.0030545865,0.51272076,0.5119045525789261,0.5147665441036224,0.0030545865,1.0401171,1.017547219991684,1.0626426041126251,0.037607584,0.08513159,0.08657460659742355,0.09604629315435886,0.02746832,0.091483615,0.08657460659742355,0.09604629315435886,0.0076714884,0.9166667,1.0,1.0,0.28867513,1.2337834e-10,1.2546963815140977e-10,1.3919663685579842e-10,3.9808903e-11,1.449266e-09,1.4492660405096558e-09,1.4492660405096558e-09,0.0,-27.414717,-27.902869701385498,-27.107445240020752,0.528222,2.2883031,2.238648533821106,2.337860405445099,0.082738325,0.7627678,0.746216207742691,0.7792868316173553,0.027579442,0.16000001,0.13600000739097595,0.18400001525878906,0.02642313,0.0,0.0,0.0,0.0,0.16711175,0.15943623334169388,0.17607226595282555,0.016692102,16.440186,16.440185546875,16.440185546875,0.0,16.460186,16.460186004638672,16.460186004638672,0.0,2636800.0,2636800.0,2636800.0,0.0
824,0.0,0.0,0.0,0.0,1.0,1.0,1.0,0.0,0.51272076,0.5119045525789261,0.5147665441036224,0.0030545865,0.51272076,0.5119045525789261,0.5147665441036224,0.0030545865,1.0245614,1.0109532475471497,1.048001080751419,0.035405945,0.09479345,0.08953742310404778,0.09754814393818378,0.007880132,0.09479345,0.08953742310404778,0.09754814393818378,0.007880132,1.0,1.0,1.0,0.0,1.3466055e-10,1.271939983893411e-10,1.385737739834081e-10,1.1194264e-11,1.420568e-09,1.4205679965684226e-09,1.4205679965684226e-09,0.0,-27.170639,-27.406736373901367,-26.855345726013184,0.5364228,2.25408,2.224141538143158,2.3056483268737793,0.07789462,0.75136,0.7413805425167084,0.7685494422912598,0.025964875,0.14,0.12400000542402267,0.1640000119805336,0.030606003,0.0,0.0,0.0,0.0,0.1521148,0.14470821991562843,0.15817564725875854,0.01733841,16.460186,16.460186004638672,16.460186004638672,0.0,16.480186,16.480186462402344,16.480186462402344,0.0,2640000.0,2640000.0,2640000.0,0.0
825,0.0,0.0,0.0,0.0,1.0,1.0,1.0,0.0,0.51272076,0.5119045525789261,0.5147665441036224,0.0030545865,0.51272076,0.5119045525789261,0.5147665441036224,0.0030545865,1.0408882,1.0079562962055206,1.0554445683956146,0.03397535,0.091268994,0.08806021697819233,0.09818531572818756,0.00708463,0.091268994,0.08806021697819233,0.09818531572818756,0.00708463,1.0,1.0,1.0,0.0,1.2708644e-10,1.2261840848237782e-10,1.367169780164268e-10,9.864908e-12,1.3924382e-09,1.3924381647711925e-09,1.3924381647711925e-09,0.0,-27.576525,-28.40570831298828,-27.01055097579956,0.7198895,2.29,2.2175482511520386,2.3220244646072388,0.07474725,0.7633333,0.7391827553510666,0.7740081697702408,0.024915745,0.16133334,0.15000000968575478,0.17000001296401024,0.03542299,0.0006666667,0.0,0.0,0.0023094013,0.15851538,0.1400117389857769,0.17222413793206215,0.02713817,16.480186,16.480186462402344,16.480186462402344,0.0,16.500187,16.500186920166016,16.500186920166016,0.0,2643200.0,2643200.0,2643200.0,0.0
826,0.0,0.0,0.0,0.0,1.0,1.0,1.0,0.0,0.51272076,0.5119045525789261,0.5147665441036224,0.0030545865,0.51272076,0.5119045525789261,0.5147665441036224,0.0030545865,1.0212082,0.9869307577610016,1.0554865300655365,0.040685784,0.09561539,0.08800624683499336,0.1030698623508215,0.008878318,0.09561539,0.08800624683499336,0.1030698623508215,0.008878318,1.0,1.0,1.0,0.0,1.3050214e-10,1.2011668742983872e-10,1.406764947586847e-10,1.211771e-11,1.3648654e-09,1.3648654428877194e-09,1.3648654428877194e-09,0.0,-27.059805,-27.605315685272217,-26.336047172546387,0.85174984,2.246703,2.1712910532951355,2.3221166729927063,0.08951046,0.74890095,0.7237637042999268,0.7740388959646225,0.029836822,0.14400001,0.1120000034570694,0.17000001296401024,0.048241816,0.0,0.0,0.0,0.0,0.15619996,0.1470232494175434,0.16009972989559174,0.016173923,16.500187,16.500186920166016,16.500186920166016,0.0,16.520187,16.520187377929688,16.520187377929688,0.0,2646400.0,2646400.0,2646400.0,0.0
827,0.0,0.0,0.0,0.0,1.0,1.0,1.0,0.0,0.51272076,0.5119045525789261,0.5147665441036224,0.0030545865,0.51272076,0.5119045525789261,0.5147665441036224,0.0030545865,1.0313977,1.0145716071128845,1.0499005615711212,0.033842094,0.09328386,0.08916433341801167,0.09670178219676018,0.0072331256,0.09328386,0.08916433341801167,0.09670178219676018,0.0072331256,1.0,1.0,1.0,0.0,1.2479877e-10,1.1928751042500352e-10,1.2937139901025851e-10,9.676757e-12,1.3378388e-09,1.3378388397100593e-09,1.3378388397100593e-09,0.0,-27.269762,-27.545029163360596,-26.905362606048584,0.64144635,2.26912,2.2321020364761353,2.3098273277282715,0.07445408,0.7563734,0.7440340518951416,0.7699424624443054,0.024818024,0.15733334,0.1340000070631504,0.17800001427531242,0.029803399,0.0,0.0,0.0,0.0,0.15283333,0.1388552114367485,0.1635206751525402,0.016828751,16.520187,16.520187377929688,16.520187377929688,0.0,16.540188,16.54018783569336,16.54018783569336,0.0,2649600.0,2649600.0,2649600.0,0.0
828,0.0,0.0,0.0,0.0,1.0,1.0,1.0,0.0,0.51272076,0.5119045525789261,0.5147665441036224,0.0030545865,0.51272076,0.5119045525789261,0.5147665441036224,0.0030545865,1.044424,1.0269661843776703,1.0604772567749023,0.030480845,0.09048099,0.08703412860631943,0.09398322366178036,0.0063621355,0.09048099,0.08703412860631943,0.09398322366178036,0.0063621355,1.0,1.0,1.0,0.0,1.1865199e-10,1.1413195388776387e-10,1.232446332488646e-10,8.342967e-12,1.3113471e-09,1.3113471419856637e-09,1.3113471419856637e-09,0.0,-27.566872,-28.166394233703613,-27.159971714019775,0.6666984,2.2977788,2.2593706846237183,2.333096504211426,0.06705918,0.7659263,0.7531235814094543,0.7776988595724106,0.022353068,0.142,0.12000000476837158,0.15600001066923141,0.029369127,0.0,0.0,0.0,0.0,0.16289483,0.14726830273866653,0.17567400634288788,0.022078345,16.540188,16.54018783569336,16.54018783569336,0.0,16.560188,16.56018829345703,16.56018829345703,0.0,2652800.0,2652800.0,2652800.0,0.0
829,0.0,0.0,0.0,0.0,1.0,1.0,1.0,0.0,0.51272076,0.5119045525789261,0.5147665441036224,0.0030545865,0.51272076,0.5119045525789261,0.5147665441036224,0.0030545865,1.0318639,1.0171677768230438,1.0463730990886688,0.020582624,0.09302059,0.08987333066761494,0.0961240902543068,0.004348656,0.09302059,0.08987333066761494,0.0961240902543068,0.004348656,1.0,1.0,1.0,0.0,1.1956681e-10,1.1552139626835878e-10,1.2355599182667376e-10,5.589674e-12,1.2853801e-09,1.285380135662706e-09,1.285380135662706e-09,0.0,-27.44826,-27.652170181274414,-27.15678310394287,0.45664486,2.2701461,2.2378138303756714,2.302066743373871,0.04528269,0.75671536,0.7459379583597183,0.7673556059598923,0.015094229,0.14333333,0.11800000444054604,0.15800001099705696,0.029236758,0.0006666667,0.0,0.0,0.0023094013,0.15681599,0.13997984305024147,0.16892164200544357,0.021061523,16.560188,16.56018829345703,16.56018829345703,0.0,16.580189,16.580188751220703,16.580188751220703,0.0,2656000.0,2656000.0,2656000.0,0.0
830,0.0,0.0,0.0,0.0,1.0,1.0,1.0,0.0,0.51272076,0.5119045525789261,0.5147665441036224,0.0030545865,0.51272076,0.5119045525789261,0.5147665441036224,0.0030545865,1.0244318,1.0042153894901276,1.039210021495819,0.02627543,0.094688565,0.09136873856186867,0.09903543442487717,0.0057392833,0.094688565,0.09136873856186867,0.09903543442487717,0.0057392833,1.0,1.0,1.0,0.0,1.1930072e-10,1.1511797765040299e-10,1.2477745919836636e-10,7.2310795e-12,1.2599274e-09,1.2599273846447545e-09,1.2599273846447545e-09,0.0,-27.369537,-27.662952423095703,-27.111846923828125,0.5346609,2.253795,2.209317982196808,2.286307632923126,0.05780713,0.75126505,0.7364393472671509,0.7621025741100311,0.019269034,0.15866667,0.12000000476837158,0.1940000019967556,0.04105281,0.0,0.0,0.0,0.0,0.16448699,0.15006181225180626,0.1754290945827961,0.016924938,16.580189,16.580188751220703,16.580188751220703,0.0,16.60019,16.600189208984375,16.600189208984375,0.0,2659200.0,2659200.0,2659200.0,0.0
831,0.0,0.0,0.0,0.0,1.0,1.0,1.0,0.0,0.51272076,0.5119045525789261,0.5147665441036224,0.0030545865,0.51272076,0.5119045525789261,0.5147665441036224,0.0030545865,1.0231909,1.0027251839637756,1.0380159616470337,0.025686078,0.09495259,0.09162409231066704,0.09937551617622375,0.005634192,0.09495259,0.09162409231066704,0.09937551617622375,0.005634192,1.0,1.0,1.0,0.0,1.1726442e-10,1.1315378842247092e-10,1.2272662747170315e-10,6.958105e-12,1.2349786e-09,1.2349785638576805e-09,1.2349785638576805e-09,0.0,-27.17508,-27.541069984436035,-26.92460536956787,0.49706376,2.2510648,2.2060394883155823,2.2836806774139404,0.05651049,0.75035495,0.7353465259075165,0.7612269073724747,0.018836834,0.16066667,0.1420000083744526,0.1860000118613243,0.035525493,0.0,0.0,0.0,0.0,0.15798046,0.14616864547133446,0.16806087270379066,0.021697886,16.60019,16.600189208984375,16.600189208984375,0.0,16.62019,16.620189666748047,16.620189666748047,0.0,2662400.0,2662400.0,2662400.0,0.0
832,0.0,0.0,0.0,0.0,1.0,1.0,1.0,0.0,0.51272076,0.5119045525789261,0.5147665441036224,0.0030545865,0.51272076,0.5119045525789261,0.5147665441036224,0.0030545865,1.0428709,1.0050278007984161,1.0582706928253174,0.042226598,0.07803796,0.08747485093772411,0.0988489929586649,0.03697125,0.09099094,0.08747485093772411,0.0988489929586649,0.0087661855,0.8333333,1.0,1.0,0.38924947,9.44668e-11,1.0589038673680662e-10,1.1965906043798213e-10,4.475458e-11,1.2105238e-09,1.2105237923165646e-09,1.2105237923165646e-09,0.0,-27.595865,-28.30818462371826,-26.79080295562744,0.926174,2.2943618,2.2111052870750427,2.328242063522339,0.09290037,0.76478726,0.7370351254940033,0.7760807275772095,0.030966796,0.15916666,0.13749999925494194,0.1899999976158142,0.045618642,0.0,0.0,0.0,0.0,0.16282128,0.15082207694649696,0.18111634999513626,0.022631643,16.62019,16.620189666748047,16.620189666748047,0.0,16.64019,16.64019012451172,16.64019012451172,0.0,2665600.0,2665600.0,2665600.0,0.0
833,0.0,0.0,0.0,0.0,1.0,1.0,1.0,0.0,0.51272076,0.5119045525789261,0.5147665441036224,0.0030545865,0.51272076,0.5119045525789261,0.5147665441036224,0.0030545865,1.0282265,1.0024731159210205,1.048659771680832,0.028075071,0.09388747,0.08940285816788673,0.09943247213959694,0.006096761,0.09388747,0.08940285816788673,0.09943247213959694,0.006096761,1.0,1.0,1.0,0.0,1.1140248e-10,1.0608125662614487e-10,1.179819332508547e-10,7.2341334e-12,1.1865533e-09,1.1865533000587902e-09,1.1865533000587902e-09,0.0,-27.122011,-27.206398963928223,-26.85853099822998,0.5703741,2.2621436,2.205484926700592,2.307097554206848,0.061766405,0.7540479,0.7351616621017456,0.7690325230360031,0.020588798,0.16266668,0.14000000804662704,0.1860000118613243,0.033654213,0.0,0.0,0.0,0.0,0.15570684,0.14536722749471664,0.1622360646724701,0.020087834,16.64019,16.64019012451172,16.64019012451172,0.0,16.66019,16.66019058227539,16.66019058227539,0.0,2668800.0,2668800.0,2668800.0,0.0
834,0.0,0.0,0.0,0.0,1.0,1.0,1.0,0.0,0.51272076,0.5119045525789261,0.5147665441036224,0.0030545865,0.51272076,0.5119045525789261,0.5147665441036224,0.0030545865,1.0454458,1.0362206101417542,1.0577768981456757,0.020358423,0.09015516,0.08755098283290863,0.09200373105704784,0.004213159,0.09015516,0.08755098283290863,0.09200373105704784,0.004213159,1.0,1.0,1.0,0.0,1.04855645e-10,1.0182682128045961e-10,1.0700562311227735e-10,4.9001454e-12,1.1630574e-09,1.1630574281440431e-09,1.1630574281440431e-09,0.0,-27.706596,-28.064115047454834,-27.527467727661133,0.5445793,2.3000267,2.2797309160232544,2.327155649662018,0.04478942,0.76667565,0.7599103450775146,0.7757185846567154,0.014929806,0.15266667,0.1340000070631504,0.18400001525878906,0.03866249,0.0006666667,0.0,0.0,0.0023094013,0.1671987,0.1544092744588852,0.17460645362734795,0.021201916,16.66019,16.66019058227539,16.66019058227539,0.0,16.680191,16.680191040039062,16.680191040039062,0.0,2672000.0,2672000.0,2672000.0,0.0
835,0.0,0.0,0.0,0.0,1.0,1.0,1.0,0.0,0.51272076,0.5119045525789261,0.5147665441036224,0.0030545865,0.51272076,0.5119045525789261,0.5147665441036224,0.0030545865,1.0348028,1.0208116471767426,1.049274891614914,0.022071794,0.09240806,0.0892763938754797,0.09532149322330952,0.0046783458,0.09240806,0.0892763938754797,0.09532149322330952,0.0046783458,1.0,1.0,1.0,0.0,1.05347654e-10,1.0177747707118545e-10,1.0866905118811498e-10,5.33344e-12,1.1400267e-09,1.140026739676614e-09,1.140026739676614e-09,0.0,-27.356903,-27.87054681777954,-27.186832904815674,0.6635622,2.2766116,2.2458304166793823,2.308450937271118,0.048558958,0.7588706,0.7486101686954498,0.769483670592308,0.016186317,0.14800002,0.13200000673532486,0.1680000126361847,0.029245049,0.0013333334,0.0,0.0,0.0046188026,0.16176479,0.14682089537382126,0.1742192953824997,0.022960989,16.680191,16.680191040039062,16.680191040039062,0.0,16.700191,16.700191497802734,16.700191497802734,0.0,2675200.0,2675200.0,2675200.0,0.0
836,0.0,0.0,0.0,0.0,1.0,1.0,1.0,0.0,0.51272076,0.5119045525789261,0.5147665441036224,0.0030545865,0.51272076,0.5119045525789261,0.5147665441036224,0.0030545865,1.0313929,1.0201344192028046,1.0452771186828613,0.02948426,0.09322425,0.09010341577231884,0.09547107852995396,0.0063801506,0.09322425,0.09010341577231884,0.09547107852995396,0.0063801506,1.0,1.0,1.0,0.0,1.0417365e-10,1.0068627182002743e-10,1.0668438354954901e-10,7.1295157e-12,1.1174524e-09,1.1174523528723057e-09,1.1174523528723057e-09,0.0,-27.36085,-27.940155029296875,-26.633976459503174,0.7853935,2.2691095,2.244340479373932,2.299655556678772,0.06486666,0.7563699,0.7481135278940201,0.7665518522262573,0.021622218,0.15733334,0.12600000575184822,0.18000001087784767,0.03313151,0.0,0.0,0.0,0.0,0.15957299,0.15159989148378372,0.16991374269127846,0.01849301,16.700191,16.700191497802734,16.700191497802734,0.0,16.720192,16.720191955566406,16.720191955566406,0.0,2678400.0,2678400.0,2678400.0,0.0
837,0.0,0.0,0.0,0.0,1.0,1.0,1.0,0.0,0.51272076,0.5119045525789261,0.5147665441036224,0.0030545865,0.51272076,0.5119045525789261,0.5147665441036224,0.0030545865,1.0313631,1.0132240504026413,1.0660487115383148,0.046485588,0.09353299,0.08589277975261211,0.09708990529179573,0.010330254,0.09353299,0.08589277975261211,0.09708990529179573,0.010330254,1.0,1.0,1.0,0.0,1.02448994e-10,9.40804847221477e-11,1.0634497275840982e-10,1.1314981e-11,1.0953247e-09,1.0953247198131066e-09,1.0953247198131066e-09,0.0,-27.129005,-27.735371112823486,-26.376042366027832,0.902754,2.2690444,2.2291374802589417,2.3453539609909058,0.10227031,0.75634813,0.7430458664894104,0.7817846834659576,0.034090098,0.17733334,0.15800001099705696,0.20000000298023224,0.03734199,0.0006666667,0.0,0.0,0.0023094013,0.15663831,0.1397329680621624,0.17223293334245682,0.027927952,16.720192,16.720191955566406,16.720191955566406,0.0,16.740192,16.740192413330078,16.740192413330078,0.0,2681600.0,2681600.0,2681600.0,0.0
838,0.0,0.0,0.0,0.0,1.0,1.0,1.0,0.0,0.51272076,0.5119045525789261,0.5147665441036224,0.0030545865,0.51272076,0.5119045525789261,0.5147665441036224,0.0030545865,1.0485394,1.0305813252925873,1.057663768529892,0.03335482,0.08322156,0.0875664446502924,0.09320357628166676,0.026794339,0.08966515,0.0875664446502924,0.09320357628166676,0.006795917,0.9166667,1.0,1.0,0.28867513,8.934961e-11,9.401442471745902e-11,1.0006664767636675e-10,2.8767348e-11,1.0736353e-09,1.0736352917817271e-09,1.0736352917817271e-09,0.0,-27.709558,-28.215434074401855,-27.131879806518555,0.7560137,2.3068328,2.267324209213257,2.3269068002700806,0.073382095,0.76894426,0.7557747662067413,0.7756356000900269,0.024460696,0.142,0.12600000575184822,0.1600000113248825,0.026669698,0.0006666667,0.0,0.0,0.0023094013,0.16676104,0.15512553229928017,0.16771629825234413,0.026927441,16.740192,16.740192413330078,16.740192413330078,0.0,16.760193,16.76019287109375,16.76019287109375,0.0,2684800.0,2684800.0,2684800.0,0.0
839,0.0,0.0,0.0,0.0,1.0,1.0,1.0,0.0,0.51272076,0.5119045525789261,0.5147665441036224,0.0030545865,0.51272076,0.5119045525789261,0.5147665441036224,0.0030545865,1.0373732,1.019054353237152,1.0548385679721832,0.038177725,0.085536994,0.08813780546188354,0.09572657383978367,0.027769601,0.09207693,0.08813780546188354,0.09572657383978367,0.007992302,0.9166667,1.0,1.0,0.28867513,9.001703e-11,9.27540596412646e-11,1.0074029110906935e-10,2.9224047e-11,1.0523754e-09,1.052375409038575e-09,1.052375409038575e-09,0.0,-27.448206,-27.91922092437744,-27.00775718688965,0.9385875,2.2822664,2.2419644594192505,2.3206911087036133,0.08399264,0.76075554,0.7473214864730835,0.7735637426376343,0.027997548,0.15933335,0.1420000083744526,0.17800001427531242,0.02585742,0.0,0.0,0.0,0.0,0.16233705,0.1459118016064167,0.17890402674674988,0.022082988,16.760193,16.76019287109375,16.76019287109375,0.0,16.780193,16.780193328857422,16.780193328857422,0.0,2688000.0,2688000.0,2688000.0,0.0
840,0.0,0.0,0.0,0.0,1.0,1.0,1.0,0.0,0.51272076,0.5119045525789261,0.5147665441036224,0.0030545865,0.51272076,0.5119045525789261,0.5147665441036224,0.0030545865,1.0457305,1.0200856924057007,1.0562801957130432,0.03890793,0.07772199,0.08784618228673935,0.09548043087124825,0.03643117,0.09032395,0.08784618228673935,0.09548043087124825,0.00761179,0.8333333,1.0,1.0,0.38924947,8.017307e-11,9.061654204778335e-11,9.849154998520238e-11,3.758008e-11,1.0315365e-09,1.0315365228663609e-09,1.0315365228663609e-09,0.0,-27.576164,-27.673858642578125,-27.116581916809082,0.99705833,2.3006527,2.244233250617981,2.323862850666046,0.085599154,0.7668843,0.7480777502059937,0.7746209800243378,0.028533055,0.14600001,0.13200000673532486,0.16600001230835915,0.032203898,0.0,0.0,0.0,0.0,0.15631078,0.14000166207551956,0.16612612828612328,0.016979367,16.780193,16.780193328857422,16.780193328857422,0.0,16.800194,16.800193786621094,16.800193786621094,0.0,2691200.0,2691200.0,2691200.0,0.0
841,0.0,0.0,0.0,0.0,1.0,1.0,1.0,0.0,0.51272076,0.5119045525789261,0.5147665441036224,0.0030545865,0.51272076,0.5119045525789261,0.5147665441036224,0.0030545865,1.0275667,1.005991593003273,1.0544461607933044,0.03350077,0.094104856,0.08823095262050629,0.09863659553229809,0.007208976,0.094104856,0.08823095262050629,0.09863659553229809,0.007208976,1.0,1.0,1.0,0.0,9.515041e-11,8.921123735572412e-11,9.973248789318934e-11,7.28907e-12,1.0111104e-09,1.0111104176147023e-09,1.0111104176147023e-09,0.0,-27.236353,-27.783679962158203,-27.055161476135254,0.6645181,2.260692,2.2132257223129272,2.3198278546333313,0.07370316,0.75356394,0.7377419471740723,0.7732759863138199,0.024567718,0.16333334,0.1420000083744526,0.18400001525878906,0.030022215,0.0,0.0,0.0,0.0,0.1596453,0.15024498105049133,0.16435280442237854,0.018216757,16.800194,16.800193786621094,16.800193786621094,0.0,16.820194,16.820194244384766,16.820194244384766,0.0,2694400.0,2694400.0,2694400.0,0.0
842,0.0,0.0,0.0,0.0,1.0,1.0,1.0,0.0,0.51272076,0.5119045525789261,0.5147665441036224,0.0030545865,0.51272076,0.5119045525789261,0.5147665441036224,0.0030545865,1.0467962,1.0271862149238586,1.059954822063446,0.02986491,0.08343651,0.08710671775043011,0.09393620118498802,0.026739135,0.0899786,0.08710671775043011,0.09393620118498802,0.0061339284,0.9166667,1.0,1.0,0.28867513,8.2692964e-11,8.633047055006671e-11,9.309909440591291e-11,2.650085e-11,9.910885e-10,9.910885445663098e-10,9.910885445663098e-10,0.0,-27.576529,-28.117173194885254,-26.979885578155518,0.8509963,2.3029976,2.259854733943939,2.331947147846222,0.06570413,0.76766586,0.7532849162817001,0.7773157209157944,0.021901375,0.134,0.1120000034570694,0.1420000083744526,0.0369176,0.0,0.0,0.0,0.0,0.1470982,0.1385628953576088,0.15977179259061813,0.013148942,16.820194,16.820194244384766,16.820194244384766,0.0,16.840195,16.840194702148438,16.840194702148438,0.0,2697600.0,2697600.0,2697600.0,0.0
843,0.0,0.0,0.0,0.0,1.0,1.0,1.0,0.0,0.51272076,0.5119045525789261,0.5147665441036224,0.0030545865,0.51272076,0.5119045525789261,0.5147665441036224,0.0030545865,1.0432707,1.0232623517513275,1.0653015077114105,0.026195953,0.09066901,0.08603961579501629,0.09478527866303921,0.0055312086,0.09066901,0.08603961579501629,0.09478527866303921,0.0055312086,1.0,1.0,1.0,0.0,8.8081605e-11,8.358431655142162e-11,9.208040233077419e-11,5.3733654e-12,9.714631e-10,9.71463132160011e-10,9.71463132160011e-10,0.0,-27.47818,-27.85147762298584,-27.060996055603027,0.7891595,2.2952414,2.2512221336364746,2.34371018409729,0.057632238,0.76508045,0.7504073977470398,0.7812367677688599,0.019210745,0.14866666,0.12400000542402267,0.1640000119805336,0.033153456,0.0,0.0,0.0,0.0,0.16012423,0.1502041257917881,0.16796785220503807,0.012714353,16.840195,16.840194702148438,16.840194702148438,0.0,16.860195,16.86019515991211,16.86019515991211,0.0,2700800.0,2700800.0,2700800.0,0.0
844,0.0,0.0,0.0,0.0,1.0,1.0,1.0,0.0,0.51272076,0.5119045525789261,0.5147665441036224,0.0030545865,0.51272076,0.5119045525789261,0.5147665441036224,0.0030545865,1.0403174,1.0299403965473175,1.0549062490463257,0.021334788,0.091236174,0.08812792785465717,0.09333946369588375,0.004540051,0.091236174,0.08812792785465717,0.09333946369588375,0.004540051,1.0,1.0,1.0,0.0,8.687751e-11,8.391775815907998e-11,8.888032150544678e-11,4.323157e-12,9.522266e-10,9.522266308792382e-10,9.522266308792382e-10,0.0,-27.21066,-27.5864896774292,-26.84845781326294,0.48550034,2.288744,2.2659141421318054,2.3208401799201965,0.046937477,0.76291466,0.755304753780365,0.7736133933067322,0.015645819,0.15266667,0.12800000607967377,0.17200001329183578,0.034019604,0.0,0.0,0.0,0.0,0.15718918,0.1484554335474968,0.16390033438801765,0.016374974,16.860195,16.86019515991211,16.86019515991211,0.0,16.880196,16.88019561767578,16.88019561767578,0.0,2704000.0,2704000.0,2704000.0,0.0
845,0.0,0.0,0.0,0.0,1.0,1.0,1.0,0.0,0.51272076,0.5119045525789261,0.5147665441036224,0.0030545865,0.51272076,0.5119045525789261,0.5147665441036224,0.0030545865,1.0459882,1.0115399062633514,1.0687330663204193,0.04599483,0.08422298,0.08540711179375648,0.0973785761743784,0.027689902,0.09041118,0.08540711179375648,0.0973785761743784,0.009440225,0.9166667,1.0,1.0,0.28867513,7.861126e-11,7.971649555738036e-11,9.089030916786811e-11,2.5844944e-11,9.333707e-10,9.33370714051307e-10,9.33370714051307e-10,0.0,-27.563087,-27.893242835998535,-27.08714771270752,0.82060134,2.3012202,2.225432336330414,2.351259768009186,0.10119066,0.7670734,0.7418107837438583,0.783753290772438,0.033730224,0.15333332,0.12999999523162842,0.17000000178813934,0.02708013,0.0,0.0,0.0,0.0,0.15334085,0.1439734660089016,0.16190261021256447,0.016400939,16.880196,16.88019561767578,16.88019561767578,0.0,16.900196,16.900196075439453,16.900196075439453,0.0,2707200.0,2707200.0,2707200.0,0.0
846,0.0,0.0,0.0,0.0,1.0,1.0,1.0,0.0,0.51272076,0.5119045525789261,0.5147665441036224,0.0030545865,0.51272076,0.5119045525789261,0.5147665441036224,0.0030545865,1.0442165,1.0284566581249237,1.052213877439499,0.029830882,0.08413126,0.08867518603801727,0.09365992061793804,0.026821855,0.090511955,0.08867518603801727,0.09365992061793804,0.0060610487,0.9166667,1.0,1.0,0.28867513,7.697071e-11,8.112789606773418e-11,8.56883765332217e-11,2.4539005e-11,9.148884e-10,9.148883872711622e-10,9.148883872711622e-10,0.0,-27.427183,-27.750176906585693,-26.990785121917725,0.60232544,2.2973223,2.2626498341560364,2.314916729927063,0.06562927,0.7657741,0.7542166113853455,0.7716389447450638,0.021876438,0.16400002,0.1420000083744526,0.18400001525878906,0.03650156,0.0,0.0,0.0,0.0,0.16268162,0.1497620791196823,0.17286619544029236,0.017292934,16.900196,16.900196075439453,16.900196075439453,0.0,16.920197,16.920196533203125,16.920196533203125,0.0,2710400.0,2710400.0,2710400.0,0.0
847,0.0,0.0,0.0,0.0,1.0,1.0,1.0,0.0,0.51272076,0.5119045525789261,0.5147665441036224,0.0030545865,0.51272076,0.5119045525789261,0.5147665441036224,0.0030545865,1.0481154,1.0445841252803802,1.058474600315094,0.026435507,0.089667164,0.08740292489528656,0.09024479612708092,0.0055914563,0.089667164,0.08740292489528656,0.09024479612708092,0.0055914563,1.0,1.0,1.0,0.0,8.041099e-11,7.838048959873944e-11,8.092900134759606e-11,5.01426e-12,8.9677193e-10,8.967719344887826e-10,8.967719344887826e-10,0.0,-27.663872,-27.915285110473633,-27.35806655883789,0.55585015,2.3059,2.298130989074707,2.3286907076835632,0.058159277,0.76863337,0.7660436779260635,0.7762302458286285,0.019386422,0.15333335,0.1420000083744526,0.17000001296401024,0.030669302,0.0006666667,0.0,0.0,0.0023094013,0.16180882,0.1419379860162735,0.17371955513954163,0.02231704,16.920197,16.920196533203125,16.920196533203125,0.0,16.940197,16.940196990966797,16.940196990966797,0.0,2713600.0,2713600.0,2713600.0,0.0
848,0.0,0.0,0.0,0.0,1.0,1.0,1.0,0.0,0.51272076,0.5119045525789261,0.5147665441036224,0.0030545865,0.51272076,0.5119045525789261,0.5147665441036224,0.0030545865,1.0480531,1.0218698382377625,1.0610525012016296,0.038671654,0.07706047,0.08688598871231079,0.095095569267869,0.036314584,0.08984629,0.08688598871231079,0.095095569267869,0.007819286,0.8333333,1.0,1.0,0.38924947,6.7737246e-11,7.637402342497435e-11,8.35903620627354e-11,3.1921035e-11,8.7901425e-10,8.790142502768106e-10,8.790142502768106e-10,0.0,-27.626295,-28.022145748138428,-27.121302604675293,0.7349163,2.305763,2.2481584548950195,2.334362208843231,0.08507935,0.76858765,0.7493861615657806,0.7781207412481308,0.028359788,0.15266667,0.1420000083744526,0.17000001296401024,0.022744967,0.0006666667,0.0,0.0,0.0023094013,0.16128317,0.1469886377453804,0.1715341880917549,0.020516979,16.940197,16.940196990966797,16.940196990966797,0.0,16.960197,16.96019744873047,16.96019744873047,0.0,2716800.0,2716800.0,2716800.0,0.0
849,0.0,0.0,0.0,0.0,1.0,1.0,1.0,0.0,0.51272076,0.5119045525789261,0.5147665441036224,0.0030545865,0.51272076,0.5119045525789261,0.5147665441036224,0.0030545865,1.0337778,1.011580377817154,1.0467284619808197,0.029807162,0.09271524,0.08980227634310722,0.09737249463796616,0.006279641,0.09271524,0.08980227634310722,0.09737249463796616,0.006279641,1.0,1.0,1.0,0.0,7.988422e-11,7.737438120769546e-11,8.389694321209173e-11,5.41059e-12,8.616083e-10,8.616082292078886e-10,8.616082292078886e-10,0.0,-27.422203,-27.767066955566406,-26.944804668426514,0.5569796,2.2743566,2.2255212664604187,2.3028485774993896,0.065577105,0.75811887,0.7418404519557953,0.7676162123680115,0.021859033,0.16533335,0.1420000083744526,0.17800001427531242,0.027991341,0.0,0.0,0.0,0.0,0.15854974,0.15070222690701485,0.16080248355865479,0.018443119,16.960197,16.96019744873047,16.96019744873047,0.0,16.980198,16.98019790649414,16.98019790649414,0.0,2720000.0,2720000.0,2720000.0,0.0
850,0.0,0.0,0.0,0.0,1.0,1.0,1.0,0.0,0.51272076,0.5119045525789261,0.5147665441036224,0.0030545865,0.51272076,0.5119045525789261,0.5147665441036224,0.0030545865,1.021977,1.0091042220592499,1.0366192758083344,0.021091128,0.09516812,0.09191382862627506,0.09792698174715042,0.004608441,0.09516812,0.09191382862627506,0.09792698174715042,0.004608441,1.0,1.0,1.0,0.0,8.037394e-11,7.762553100310043e-11,8.270392357068168e-11,3.8920447e-12,8.445468e-10,8.445468213658103e-10,8.445468213658103e-10,0.0,-27.06856,-27.230297565460205,-26.825337409973145,0.5329076,2.248394,2.220073640346527,2.2806079387664795,0.046401404,0.7494647,0.7400245666503906,0.7602026611566544,0.015467135,0.16200002,0.13600000739097595,0.17600001394748688,0.022659536,0.0006666667,0.0,0.0,0.0023094013,0.15728636,0.14459842070937157,0.1670069918036461,0.01717951,16.980198,16.98019790649414,16.98019790649414,0.0,17.000198,17.000198364257812,17.000198364257812,0.0,2723200.0,2723200.0,2723200.0,0.0
851,0.0,0.0,0.0,0.0,1.0,1.0,1.0,0.0,0.51272076,0.5119045525789261,0.5147665441036224,0.0030545865,0.51272076,0.5119045525789261,0.5147665441036224,0.0030545865,1.034302,1.0207792222499847,1.0548404455184937,0.02683296,0.09256816,0.08813898637890816,0.09532926604151726,0.0057643973,0.09256816,0.08813898637890816,0.09532926604151726,0.0057643973,1.0,1.0,1.0,0.0,7.663007e-11,7.296350329477619e-11,7.891578536478594e-11,4.771902e-12,8.278233e-10,8.278232543901254e-10,8.278232543901254e-10,0.0,-27.509497,-27.690121173858643,-27.240440845489502,0.6623623,2.2755098,2.245759069919586,2.3206952810287476,0.05903368,0.75850326,0.7485863864421844,0.7735650986433029,0.019677898,0.17866667,0.15200001001358032,0.1940000019967556,0.026715105,0.0,0.0,0.0,0.0,0.16697328,0.147234208881855,0.18477337807416916,0.02411579,17.000198,17.000198364257812,17.000198364257812,0.0,17.020199,17.020198822021484,17.020198822021484,0.0,2726400.0,2726400.0,2726400.0,0.0
852,0.0,0.0,0.0,0.0,1.0,1.0,1.0,0.0,0.51272076,0.5119045525789261,0.5147665441036224,0.0030545865,0.51272076,0.5119045525789261,0.5147665441036224,0.0030545865,1.041442,1.0262547731399536,1.0561557710170746,0.023249654,0.091017954,0.08787250891327858,0.09414441138505936,0.0048556607,0.091017954,0.08787250891327858,0.09414441138505936,0.0048556607,1.0,1.0,1.0,0.0,7.385478e-11,7.130247434150583e-11,7.63916898488537e-11,3.940034e-12,8.11431e-10,8.114309779649886e-10,8.114309779649886e-10,0.0,-27.28707,-27.631102561950684,-26.865363121032715,0.52607644,2.2912183,2.2578055262565613,2.3235890865325928,0.051150236,0.7637394,0.7526018470525742,0.7745296955108643,0.017050073,0.156,0.13600000739097595,0.1680000126361847,0.024241213,0.0,0.0,0.0,0.0,0.16225295,0.1447179727256298,0.17162709310650826,0.026056884,17.020199,17.020198822021484,17.020198822021484,0.0,17.0402,17.040199279785156,17.040199279785156,0.0,2729600.0,2729600.0,2729600.0,0.0
853,0.0,0.0,0.0,0.0,1.0,1.0,1.0,0.0,0.51272076,0.5119045525789261,0.5147665441036224,0.0030545865,0.51272076,0.5119045525789261,0.5147665441036224,0.0030545865,1.0499665,1.0219191312789917,1.0812832415103912,0.032216504,0.089356475,0.08293205127120018,0.09507844969630241,0.0066037686,0.089356475,0.08293205127120018,0.09507844969630241,0.0066037686,1.0,1.0,1.0,0.0,7.107085e-11,6.596109942968997e-11,7.562189416332465e-11,5.2523927e-12,7.9536316e-10,7.953631642187986e-10,7.953631642187986e-10,0.0,-27.671656,-28.01502513885498,-27.22788381576538,0.6250408,2.3099725,2.2482669949531555,2.378870666027069,0.07087774,0.76999086,0.7494223713874817,0.7929569035768509,0.023625905,0.13866667,0.12400000542402267,0.16200001165270805,0.04069696,0.0,0.0,0.0,0.0,0.16219355,0.14401202276349068,0.17159543186426163,0.02180973,17.0402,17.040199279785156,17.040199279785156,0.0,17.0602,17.060199737548828,17.060199737548828,0.0,2732800.0,2732800.0,2732800.0,0.0
854,0.0,0.0,0.0,0.0,1.0,1.0,1.0,0.0,0.51272076,0.5119045525789261,0.5147665441036224,0.0030545865,0.51272076,0.5119045525789261,0.5147665441036224,0.0030545865,1.0391628,1.0228635668754578,1.0572969019412994,0.037398197,0.078586556,0.08764220215380192,0.09487439505755901,0.037006427,0.09168318,0.08764220215380192,0.09487439505755901,0.0077128927,0.8333333,1.0,1.0,0.38924947,6.126714e-11,6.832704194104089e-11,7.396535814385707e-11,2.885071e-11,7.796135e-10,7.796134848803149e-10,7.796134848803149e-10,0.0,-27.3025,-27.741394996643066,-26.822734355926514,0.68044466,2.2862036,2.250344753265381,2.326099693775177,0.082277685,0.762068,0.7501149326562881,0.7753666043281555,0.027425902,0.15,0.12200000509619713,0.18400001525878906,0.045654833,0.0,0.0,0.0,0.0,0.1530958,0.1471703089773655,0.15639717504382133,0.011303452,17.0602,17.060199737548828,17.060199737548828,0.0,17.0802,17.0802001953125,17.0802001953125,0.0,2736000.0,2736000.0,2736000.0,0.0
855,0.0,0.0,0.0,0.0,1.0,1.0,1.0,0.0,0.51272076,0.5119045525789261,0.5147665441036224,0.0030545865,0.51272076,0.5119045525789261,0.5147665441036224,0.0030545865,1.0536294,1.0339160859584808,1.0761151611804962,0.040440444,0.07573632,0.08393394947052002,0.09248768351972103,0.03601658,0.08873937,0.08393394947052002,0.09248768351972103,0.008413576,0.8333333,1.0,1.0,0.38924947,5.7875867e-11,6.414029550538825e-11,7.06768532587887e-11,2.7523e-11,7.6417583e-10,7.641758337229021e-10,7.641758337229021e-10,0.0,-27.608278,-28.312460899353027,-27.066097736358643,0.8807738,2.318031,2.274660885334015,2.3675005435943604,0.08897074,0.772677,0.7582203298807144,0.7891668528318405,0.02965691,0.142,0.11800000444054604,0.17800001427531242,0.037542704,0.0,0.0,0.0,0.0,0.16845483,0.15773722901940346,0.1866621896624565,0.025021832,17.0802,17.0802001953125,17.0802001953125,0.0,17.1002,17.100200653076172,17.100200653076172,0.0,2739200.0,2739200.0,2739200.0,0.0
856,0.0,0.0,0.0,0.0,1.0,1.0,1.0,0.0,0.51272076,0.5119045525789261,0.5147665441036224,0.0030545865,0.51272076,0.5119045525789261,0.5147665441036224,0.0030545865,1.021421,1.0036785304546356,1.03254434466362,0.022704562,0.09530718,0.09278042800724506,0.09915774129331112,0.005019362,0.09530718,0.09278042800724506,0.09915774129331112,0.005019362,1.0,1.0,1.0,0.0,7.1389256e-11,6.949660291688531e-11,7.427348666655398e-11,3.7597213e-12,7.4904377e-10,7.490437714530174e-10,7.490437714530174e-10,0.0,-27.107155,-27.513717651367188,-26.744330883026123,0.5617578,2.247171,2.2081368565559387,2.271643042564392,0.04995107,0.749057,0.736045628786087,0.757214367389679,0.016650354,0.15,0.12800000607967377,0.15800001099705696,0.030534633,0.0,0.0,0.0,0.0,0.15604116,0.14876502379775047,0.16805119067430496,0.019691993,17.1002,17.100200653076172,17.100200653076172,0.0,17.120201,17.120201110839844,17.120201110839844,0.0,2742400.0,2742400.0,2742400.0,0.0
857,0.0,0.0,0.0,0.0,1.0,1.0,1.0,0.0,0.51272076,0.5119045525789261,0.5147665441036224,0.0030545865,0.51272076,0.5119045525789261,0.5147665441036224,0.0030545865,1.0290817,1.0049096196889877,1.0590554773807526,0.0369446,0.09383509,0.08729604259133339,0.09889823384582996,0.008038126,0.09383509,0.08729604259133339,0.09889823384582996,0.008038126,1.0,1.0,1.0,0.0,6.88948e-11,6.409374940508084e-11,7.261221485199698e-11,5.901684e-12,7.342114e-10,7.342114138886302e-10,7.342114138886302e-10,0.0,-27.20307,-27.636552333831787,-26.878687858581543,0.6820905,2.264025,2.2108453512191772,2.329968512058258,0.081279725,0.754675,0.7369484901428223,0.7766561806201935,0.027093234,0.14466667,0.12600000575184822,0.15600001066923141,0.03134945,0.0,0.0,0.0,0.0,0.15160286,0.14098868519067764,0.16383513063192368,0.016607095,17.120201,17.120201110839844,17.120201110839844,0.0,17.140202,17.140201568603516,17.140201568603516,0.0,2745600.0,2745600.0,2745600.0,0.0
858,0.0,0.0,0.0,0.0,1.0,1.0,1.0,0.0,0.51272076,0.5119045525789261,0.5147665441036224,0.0030545865,0.51272076,0.5119045525789261,0.5147665441036224,0.0030545865,1.0416766,1.0186518728733063,1.0627318918704987,0.042079523,0.084904104,0.0865503866225481,0.09582685120403767,0.027776398,0.09124323,0.0865503866225481,0.09582685120403767,0.008913432,0.9166667,1.0,1.0,0.28867513,6.110317e-11,6.228795083884631e-11,6.896396995137444e-11,1.9989916e-11,7.196727e-10,7.196727103142564e-10,7.196727103142564e-10,0.0,-27.597504,-27.820353984832764,-27.195244789123535,0.816841,2.2917345,2.2410789728164673,2.3380568623542786,0.09257679,0.7639115,0.7470263242721558,0.7793523073196411,0.03085893,0.13,0.09999999403953552,0.14249999821186066,0.03190896,0.0,0.0,0.0,0.0,0.15442939,0.137251116335392,0.16995253041386604,0.01998384,17.140202,17.140201568603516,17.140201568603516,0.0,17.160202,17.160202026367188,17.160202026367188,0.0,2748800.0,2748800.0,2748800.0,0.0
859,0.0,0.0,0.0,0.0,1.0,1.0,1.0,0.0,0.51272076,0.5119045525789261,0.5147665441036224,0.0030545865,0.51272076,0.5119045525789261,0.5147665441036224,0.0030545865,1.0275134,1.0011233985424042,1.0479378700256348,0.034936376,0.094139226,0.0895958486944437,0.09974244795739651,0.0075400867,0.094139226,0.0895958486944437,0.09974244795739651,0.0075400867,1.0,1.0,1.0,0.0,6.640787e-11,6.320287522509904e-11,7.036050561626261e-11,5.3189423e-12,7.054219e-10,7.054218875701679e-10,7.054218875701679e-10,0.0,-27.185965,-27.75923728942871,-26.579143524169922,0.6895574,2.2605746,2.202515423297882,2.305509388446808,0.07686158,0.75352484,0.7341718226671219,0.7685031443834305,0.025620524,0.16733335,0.14400000870227814,0.18400001525878906,0.030787641,0.0,0.0,0.0,0.0,0.16111879,0.1460980549454689,0.17549991235136986,0.019232644,17.160202,17.160202026367188,17.160202026367188,0.0,17.180202,17.18020248413086,17.18020248413086,0.0,2752000.0,2752000.0,2752000.0,0.0
860,0.0,0.0,0.0,0.0,1.0,1.0,1.0,0.0,0.51272076,0.5119045525789261,0.5147665441036224,0.0030545865,0.51272076,0.5119045525789261,0.5147665441036224,0.0030545865,1.0329334,1.014096200466156,1.0539058446884155,0.029875148,0.09289641,0.08832773938775063,0.09680762700736523,0.006296546,0.09289641,0.08832773938775063,0.09680762700736523,0.006296546,1.0,1.0,1.0,0.0,6.4233535e-11,6.107451176740053e-11,6.693795691348203e-11,4.3537673e-12,6.9145334e-10,6.914533390300903e-10,6.914533390300903e-10,0.0,-27.5118,-27.99241542816162,-26.999877452850342,0.59864587,2.2724988,2.231056272983551,2.318639099597931,0.06572659,0.75749964,0.7436854541301727,0.7728797346353531,0.021908866,0.142,0.12600000575184822,0.1600000113248825,0.021608083,0.0,0.0,0.0,0.0,0.15441805,0.13935434445738792,0.1657828390598297,0.017919073,17.180202,17.18020248413086,17.18020248413086,0.0,17.200203,17.20020294189453,17.20020294189453,0.0,2755200.0,2755200.0,2755200.0,0.0
861,0.0,0.0,0.0,0.0,1.0,1.0,1.0,0.0,0.51272076,0.5119045525789261,0.5147665441036224,0.0030545865,0.51272076,0.5119045525789261,0.5147665441036224,0.0030545865,1.0325567,1.0127296149730682,1.054173856973648,0.037551448,0.09310371,0.08827332966029644,0.09711337275803089,0.008354313,0.09310371,0.08827332966029644,0.09711337275803089,0.008354313,1.0,1.0,1.0,0.0,6.3102086e-11,5.982824131944842e-11,6.581967956775792e-11,5.66223e-12,6.7776124e-10,6.777612360231444e-10,6.777612360231444e-10,0.0,-27.319445,-27.774853229522705,-27.17457103729248,0.72898173,2.27167,2.228049576282501,2.319228708744049,0.08261484,0.75722337,0.7426832169294357,0.7730762511491776,0.027538275,0.14733334,0.12000000476837158,0.1600000113248825,0.04170314,0.0,0.0,0.0,0.0,0.15304531,0.140111293643713,0.16565505787730217,0.020822844,17.200203,17.20020294189453,17.20020294189453,0.0,17.220203,17.220203399658203,17.220203399658203,0.0,2758400.0,2758400.0,2758400.0,0.0
862,0.0,0.0,0.0,0.0,1.0,1.0,1.0,0.0,0.51272076,0.5119045525789261,0.5147665441036224,0.0030545865,0.51272076,0.5119045525789261,0.5147665441036224,0.0030545865,1.0377815,1.0206754207611084,1.0465484857559204,0.032681324,0.09190179,0.08985938131809235,0.0953577533364296,0.0067202,0.09190179,0.08985938131809235,0.0953577533364296,0.0067202,1.0,1.0,1.0,0.0,6.105407e-11,5.96972202573931e-11,6.335001100088444e-11,4.464501e-12,6.643404e-10,6.643404160122657e-10,6.643404160122657e-10,0.0,-27.362123,-27.530463218688965,-26.99158763885498,0.68595386,2.2831647,2.245530843734741,2.3024526238441467,0.07190035,0.761055,0.7485102862119675,0.7674842327833176,0.023966786,0.15733334,0.1340000070631504,0.17200001329183578,0.02560303,0.0,0.0,0.0,0.0,0.15521719,0.1482258029282093,0.16237762942910194,0.01861016,17.220203,17.220203399658203,17.220203399658203,0.0,17.240204,17.240203857421875,17.240203857421875,0.0,2761600.0,2761600.0,2761600.0,0.0
863,0.0,0.0,0.0,0.0,1.0,1.0,1.0,0.0,0.51272076,0.5119045525789261,0.5147665441036224,0.0030545865,0.51272076,0.5119045525789261,0.5147665441036224,0.0030545865,1.0383505,1.0125846862792969,1.057709276676178,0.02859343,0.09172833,0.08755851536989212,0.09714390896260738,0.0059466,0.09172833,0.08755851536989212,0.09714390896260738,0.0059466,1.0,1.0,1.0,0.0,5.973214e-11,5.701682008474318e-11,6.325868821821512e-11,3.8723395e-12,6.5118533e-10,6.51185327882331e-10,6.51185327882331e-10,0.0,-27.495567,-28.06581211090088,-26.76604652404785,0.80077,2.2844164,2.2277308106422424,2.3270068168640137,0.06290677,0.7614722,0.7425769418478012,0.7756689786911011,0.020968927,0.15133335,0.12800000607967377,0.18400001525878906,0.0341902,0.0006666667,0.0,0.0,0.0023094013,0.16648546,0.1539491005241871,0.177409365773201,0.014486697,17.240204,17.240203857421875,17.240203857421875,0.0,17.260204,17.260204315185547,17.260204315185547,0.0,2764800.0,2764800.0,2764800.0,0.0
864,0.0,0.0,0.0,0.0,1.0,1.0,1.0,0.0,0.51272076,0.5119045525789261,0.5147665441036224,0.0030545865,0.51272076,0.5119045525789261,0.5147665441036224,0.0030545865,1.0188575,0.9920051991939545,1.0438899099826813,0.037034042,0.096070945,0.09039018861949444,0.10185897164046764,0.008216275,0.096070945,0.09039018861949444,0.10185897164046764,0.008216275,1.0,1.0,1.0,0.0,6.1321184e-11,5.7695212322961265e-11,6.501562656302529e-11,5.244371e-12,6.382906e-10,6.382906425628221e-10,6.382906425628221e-10,0.0,-27.36743,-27.808322429656982,-26.86628007888794,0.75585043,2.2415311,2.182455003261566,2.2966036796569824,0.081476524,0.74717706,0.7274850159883499,0.7655345946550369,0.027158845,0.14600001,0.12800000607967377,0.1680000126361847,0.034641016,0.0,0.0,0.0,0.0,0.15212026,0.13523435592651367,0.16388052329421043,0.016837448,17.260204,17.260204315185547,17.260204315185547,0.0,17.280205,17.28020477294922,17.28020477294922,0.0,2768000.0,2768000.0,2768000.0,0.0
865,0.0,0.0,0.0,0.0,1.0,1.0,1.0,0.0,0.51272076,0.5119045525789261,0.5147665441036224,0.0030545865,0.51272076,0.5119045525789261,0.5147665441036224,0.0030545865,1.0332713,1.0079680681228638,1.0553415417671204,0.026670909,0.0927859,0.08803612738847733,0.09818271175026894,0.005728706,0.0927859,0.08803612738847733,0.09818271175026894,0.005728706,1.0,1.0,1.0,0.0,5.8051633e-11,5.5079927598067346e-11,6.142815076048969e-11,3.5841722e-12,6.2565136e-10,6.256514195612795e-10,6.256514195612795e-10,0.0,-27.18598,-27.811997413635254,-26.601238250732422,0.77366936,2.2732422,2.2175740003585815,2.321797728538513,0.058677204,0.7577475,0.7391913533210754,0.7739325761795044,0.019559069,0.16666667,0.1340000070631504,0.19600000232458115,0.044060566,0.0,0.0,0.0,0.0,0.16118321,0.14880309253931046,0.16906000301241875,0.018029159,17.280205,17.28020477294922,17.28020477294922,0.0,17.300205,17.30020523071289,17.30020523071289,0.0,2771200.0,2771200.0,2771200.0,0.0
866,0.0,0.0,0.0,0.0,1.0,1.0,1.0,0.0,0.51272076,0.5119045525789261,0.5147665441036224,0.0030545865,0.51272076,0.5119045525789261,0.5147665441036224,0.0030545865,1.0223614,1.0038447827100754,1.0421324968338013,0.025158316,0.09512809,0.09075614809989929,0.09912214055657387,0.005539067,0.09512809,0.09075614809989929,0.09912214055657387,0.005539067,1.0,1.0,1.0,0.0,5.833848e-11,5.56573320417697e-11,6.078787993801793e-11,3.3969012e-12,6.132624e-10,6.132623853183361e-10,6.132623853183361e-10,0.0,-26.943085,-27.428007125854492,-26.404921054840088,0.79947865,2.24924,2.2085025906562805,2.292737305164337,0.055349395,0.7497466,0.7361675649881363,0.7642457783222198,0.0184498,0.16333334,0.14600000903010368,0.1900000125169754,0.044926878,0.0006666667,0.0,0.0,0.0023094013,0.1580696,0.14706271514296532,0.16600970923900604,0.015833689,17.300205,17.30020523071289,17.30020523071289,0.0,17.320206,17.320205688476562,17.320205688476562,0.0,2774400.0,2774400.0,2774400.0,0.0
867,0.0,0.0,0.0,0.0,1.0,1.0,1.0,0.0,0.51272076,0.5119045525789261,0.5147665441036224,0.0030545865,0.51272076,0.5119045525789261,0.5147665441036224,0.0030545865,1.0390052,1.0248662531375885,1.062329649925232,0.030594578,0.09162149,0.08663065731525421,0.09444167651236057,0.0066017574,0.09162149,0.08663065731525421,0.09444167651236057,0.0066017574,1.0,1.0,1.0,0.0,5.507539e-11,5.2075309342480836e-11,5.677065848669338e-11,3.968441e-12,6.011187e-10,6.011187103638349e-10,6.011187103638349e-10,0.0,-27.277214,-27.95591402053833,-26.813233852386475,0.8986186,2.2858572,2.2547507882118225,2.337171971797943,0.06730939,0.7619524,0.751583606004715,0.7790573239326477,0.022436466,0.14933334,0.1340000070631504,0.16600001230835915,0.03113996,0.0,0.0,0.0,0.0,0.1608515,0.14296185225248337,0.16755999624729156,0.024768716,17.320206,17.320205688476562,17.320205688476562,0.0,17.340206,17.340206146240234,17.340206146240234,0.0,2777600.0,2777600.0,2777600.0,0.0
868,0.0,0.0,0.0,0.0,1.0,1.0,1.0,0.0,0.51272076,0.5119045525789261,0.5147665441036224,0.0030545865,0.51272076,0.5119045525789261,0.5147665441036224,0.0030545865,1.0363029,1.00849649310112,1.0734337866306305,0.039328787,0.09232828,0.08444350026547909,0.09808284975588322,0.008402474,0.09232828,0.08444350026547909,0.09808284975588322,0.008402474,1.0,1.0,1.0,0.0,5.4401247e-11,4.9755415065799724e-11,5.7791930095640875e-11,4.9508674e-12,5.8921545e-10,5.892154542053163e-10,5.892154542053163e-10,0.0,-27.218359,-27.722294330596924,-26.812108039855957,0.5603566,2.2799118,2.2187365293502808,2.3616015315055847,0.08652506,0.7599706,0.7395788580179214,0.7872005105018616,0.028841674,0.13800001,0.12000000476837158,0.14400000870227814,0.03256323,0.0,0.0,0.0,0.0,0.15323842,0.14036163315176964,0.1691279448568821,0.017258352,17.340206,17.340206146240234,17.340206146240234,0.0,17.360207,17.360206604003906,17.360206604003906,0.0,2780800.0,2780800.0,2780800.0,0.0
869,0.0,0.0,0.0,0.0,1.0,1.0,1.0,0.0,0.51272076,0.5119045525789261,0.5147665441036224,0.0030545865,0.51272076,0.5119045525789261,0.5147665441036224,0.0030545865,1.045389,1.0103219747543335,1.0880574882030487,0.051527932,0.078119874,0.08165586553514004,0.09765197709202766,0.037293997,0.0906521,0.08165586553514004,0.09765197709202766,0.010563177,0.8333333,1.0,1.0,0.38924947,4.5117975e-11,4.716017940747941e-11,5.6398699078974435e-11,2.1539071e-11,5.7754795e-10,5.775479539060768e-10,5.775479539060768e-10,0.0,-27.534475,-28.20809030532837,-26.92220401763916,0.817465,2.2999017,2.222752809524536,2.3937743306159973,0.1133637,0.766634,0.7409176081418991,0.797924816608429,0.0377879,0.14933334,0.12600000575184822,0.17000001296401024,0.035009958,0.0013333334,0.0,0.0,0.003113996,0.16195545,0.13934773206710815,0.17592323943972588,0.03152968,17.360207,17.360206604003906,17.360206604003906,0.0,17.380207,17.380207061767578,17.380207061767578,0.0,2784000.0,2784000.0,2784000.0,0.0
870,0.0,0.0,0.0,0.0,1.0,1.0,1.0,0.0,0.51272076,0.5119045525789261,0.5147665441036224,0.0030545865,0.51272076,0.5119045525789261,0.5147665441036224,0.0030545865,1.0323542,1.0132644176483154,1.054044485092163,0.026051318,0.09297537,0.08829893730580807,0.0970074012875557,0.005645986,0.09297537,0.08829893730580807,0.0970074012875557,0.005645986,1.0,1.0,1.0,0.0,5.2634425e-11,4.998704401792953e-11,5.491700497128882e-11,3.1962577e-12,5.661115e-10,5.661114910182619e-10,5.661114910182619e-10,0.0,-27.309446,-27.599102020263672,-26.899956703186035,0.53917736,2.2712247,2.229226291179657,2.318944275379181,0.05731406,0.7570749,0.7430754452943802,0.7729814350605011,0.019104684,0.16066667,0.14400000870227814,0.18000001087784767,0.03280059,0.0,0.0,0.0,0.0,0.15357728,0.1422206275165081,0.16381768882274628,0.015096746,17.380207,17.380207061767578,17.380207061767578,0.0,17.400208,17.40020751953125,17.40020751953125,0.0,2787200.0,2787200.0,2787200.0,0.0
871,0.0,0.0,0.0,0.0,1.0,1.0,1.0,0.0,0.51272076,0.5119045525789261,0.5147665441036224,0.0030545865,0.51272076,0.5119045525789261,0.5147665441036224,0.0030545865,1.0308064,1.0076326578855515,1.0454612374305725,0.0471202,0.087527804,0.09007792174816132,0.09827493317425251,0.028597482,0.0936475,0.09007792174816132,0.09827493317425251,0.009927101,0.9166667,1.0,1.0,0.28867513,4.8569305e-11,4.998436907432957e-11,5.453290336659977e-11,1.5868784e-11,5.5490146e-10,5.549014581163192e-10,5.549014581163192e-10,0.0,-27.504583,-27.886748790740967,-27.139708042144775,0.77100337,2.2678192,2.216836154460907,2.3000606894493103,0.10366652,0.7559398,0.738945409655571,0.7666869014501572,0.03455551,0.15583333,0.14000000059604645,0.17999999225139618,0.027784342,0.0,0.0,0.0,0.0,0.15560977,0.13834623247385025,0.16413740813732147,0.024328232,17.400208,17.40020751953125,17.40020751953125,0.0,17.420208,17.420207977294922,17.420207977294922,0.0,2790400.0,2790400.0,2790400.0,0.0
872,0.0,0.0,0.0,0.0,1.0,1.0,1.0,0.0,0.51272076,0.5119045525789261,0.5147665441036224,0.0030545865,0.51272076,0.5119045525789261,0.5147665441036224,0.0030545865,1.0307701,1.017050862312317,1.046260505914688,0.022797791,0.09327697,0.08989682793617249,0.09614996798336506,0.0048434455,0.09327697,0.08989682793617249,0.09614996798336506,0.0048434455,1.0,1.0,1.0,0.0,5.0734597e-11,4.889609463848421e-11,5.2297263741785116e-11,2.6344157e-12,5.4391347e-10,5.439134698193016e-10,5.439134698193016e-10,0.0,-27.395956,-27.938591480255127,-26.783213138580322,0.7559312,2.2677395,2.237556576728821,2.301819145679474,0.050156143,0.7559132,0.7458522170782089,0.7672730684280396,0.01671872,0.16000001,0.13600000739097595,0.1940000019967556,0.044476755,0.0,0.0,0.0,0.0,0.15625362,0.14252817258238792,0.16870876401662827,0.016132759,17.420208,17.420207977294922,17.420207977294922,0.0,17.440208,17.440208435058594,17.440208435058594,0.0,2793600.0,2793600.0,2793600.0,0.0
873,0.0,0.0,0.0,0.0,1.0,1.0,1.0,0.0,0.51272076,0.5119045525789261,0.5147665441036224,0.0030545865,0.51272076,0.5119045525789261,0.5147665441036224,0.0030545865,1.042307,1.0203405022621155,1.0615087151527405,0.028307172,0.09089441,0.08679437078535557,0.09543053433299065,0.0059117284,0.09089441,0.08679437078535557,0.09543053433299065,0.0059117284,1.0,1.0,1.0,0.0,4.8459722e-11,4.6273814641173416e-11,5.087812463000496e-11,3.151797e-12,5.3314303e-10,5.331430297239592e-10,5.331430297239592e-10,0.0,-27.432198,-27.968769073486328,-26.771146297454834,0.7284264,2.2931213,2.244794011116028,2.3353658318519592,0.062277015,0.7643738,0.7482647001743317,0.7784553170204163,0.020759007,0.14600001,0.1340000070631504,0.16200001165270805,0.035634506,0.0,0.0,0.0,0.0,0.16681093,0.1524486020207405,0.1796627677977085,0.021011224,17.440208,17.440208435058594,17.440208435058594,0.0,17.460209,17.460208892822266,17.460208892822266,0.0,2796800.0,2796800.0,2796800.0,0.0
874,0.0,0.0,0.0,0.0,1.0,1.0,1.0,0.0,0.51272076,0.5119045525789261,0.5147665441036224,0.0030545865,0.51272076,0.5119045525789261,0.5147665441036224,0.0030545865,1.036101,1.0002201944589615,1.06807279586792,0.04725933,0.086316355,0.08549674041569233,0.09996416047215462,0.028301544,0.09251302,0.08549674041569233,0.09996416047215462,0.009734719,0.9166667,1.0,1.0,0.28867513,4.5107706e-11,4.4679382589507544e-11,5.223985133362419e-11,1.4789985e-11,5.225858e-10,5.225858079604961e-10,5.225858079604961e-10,0.0,-27.443941,-28.198948860168457,-26.729203701019287,0.86343133,2.2794678,2.20052832365036,2.349807024002075,0.103972614,0.7598226,0.7335094511508942,0.7832690328359604,0.034657534,0.14066668,0.11800000444054604,0.1600000113248825,0.035361342,0.0013333334,0.0,0.0,0.003113996,0.15867324,0.14472032710909843,0.16841771826148033,0.020773897,17.460209,17.460208892822266,17.460208892822266,0.0,17.48021,17.480209350585938,17.480209350585938,0.0,2800000.0,2800000.0,2800000.0,0.0
875,0.0,0.0,0.0,0.0,1.0,1.0,1.0,0.0,0.51272076,0.5119045525789261,0.5147665441036224,0.0030545865,0.51272076,0.5119045525789261,0.5147665441036224,0.0030545865,1.0325532,1.0141229331493378,1.0500978529453278,0.020424172,0.09287258,0.08910511992871761,0.09680465050041676,0.004374677,0.09287258,0.08910511992871761,0.09680465050041676,0.004374677,1.0,1.0,1.0,0.0,4.7572835e-11,4.564300066373095e-11,4.9586991630878874e-11,2.2408744e-12,5.122377e-10,5.122376967037212e-10,5.122376967037212e-10,0.0,-27.502508,-27.785045623779297,-27.215309619903564,0.4886507,2.2716622,2.231114983558655,2.310261368751526,0.04493404,0.75722075,0.7437050044536591,0.7700871378183365,0.014978012,0.14933334,0.12400000542402267,0.17800001427531242,0.039829943,0.0,0.0,0.0,0.0,0.16502094,0.15434936806559563,0.17750199511647224,0.01673872,17.48021,17.480209350585938,17.480209350585938,0.0,17.50021,17.50020980834961,17.50020980834961,0.0,2803200.0,2803200.0,2803200.0,0.0
876,0.0,0.0,0.0,0.0,1.0,1.0,1.0,0.0,0.51272076,0.5119045525789261,0.5147665441036224,0.0030545865,0.51272076,0.5119045525789261,0.5147665441036224,0.0030545865,1.0336905,1.0060298144817352,1.0661775171756744,0.046422653,0.086639054,0.08586641773581505,0.0986221395432949,0.02863701,0.09302648,0.08586641773581505,0.0986221395432949,0.01011185,0.9166667,1.0,1.0,0.28867513,4.350099e-11,4.311305392551423e-11,4.9517631314777155e-11,1.43784845e-11,5.020945e-10,5.020944771061409e-10,5.020944771061409e-10,0.0,-27.60906,-28.41353130340576,-27.020506381988525,0.8829418,2.2741644,2.2133097052574158,2.345637321472168,0.10213187,0.7580548,0.7377699017524719,0.7818791419267654,0.034043964,0.15733334,0.12600000575184822,0.1680000126361847,0.042240296,0.0,0.0,0.0,0.0,0.1578168,0.15026476606726646,0.16946936771273613,0.016494371,17.50021,17.50020980834961,17.50020980834961,0.0,17.52021,17.52021026611328,17.52021026611328,0.0,2806400.0,2806400.0,2806400.0,0.0
877,0.0,0.0,0.0,0.0,1.0,1.0,1.0,0.0,0.51272076,0.5119045525789261,0.5147665441036224,0.0030545865,0.51272076,0.5119045525789261,0.5147665441036224,0.0030545865,1.0411714,1.0224831700325012,1.0569572150707245,0.025910467,0.09110218,0.08770879544317722,0.09495496563613415,0.005340514,0.09110218,0.08770879544317722,0.09495496563613415,0.005340514,1.0,1.0,1.0,0.0,4.483613e-11,4.3166067074940084e-11,4.67322864433628e-11,2.6283457e-12,4.921521e-10,4.921520968537152e-10,4.921520968537152e-10,0.0,-27.400017,-27.729309558868408,-26.79851722717285,0.7428632,2.2906227,2.2495079040527344,2.3253523111343384,0.057004143,0.7635409,0.7498359978199005,0.7751174718141556,0.019001378,0.15666668,0.13600000739097595,0.17800001427531242,0.02963209,0.0,0.0,0.0,0.0,0.16306596,0.1527257338166237,0.17730049043893814,0.012751867,17.52021,17.52021026611328,17.52021026611328,0.0,17.54021,17.540210723876953,17.540210723876953,0.0,2809600.0,2809600.0,2809600.0,0.0
878,0.0,0.0,0.0,0.0,1.0,1.0,1.0,0.0,0.51272076,0.5119045525789261,0.5147665441036224,0.0030545865,0.51272076,0.5119045525789261,0.5147665441036224,0.0030545865,1.0322028,1.0126304030418396,1.0411739647388458,0.024439609,0.09298665,0.09095494449138641,0.09713493473827839,0.0051498744,0.09298665,0.09095494449138641,0.09713493473827839,0.0051498744,1.0,1.0,1.0,0.0,4.4857378e-11,4.387726727089758e-11,4.685853441377397e-11,2.484333e-12,4.824066e-10,4.824066146547068e-10,4.824066146547068e-10,0.0,-27.350206,-27.717994213104248,-26.792261600494385,0.7887657,2.270892,2.227831482887268,2.290628433227539,0.053768184,0.75696397,0.7426104992628098,0.7635428458452225,0.017922718,0.15666668,0.14400000870227814,0.17000001296401024,0.020024229,0.0006666667,0.0,0.0,0.0023094013,0.1541483,0.14105603843927383,0.1604953482747078,0.020140106,17.54021,17.540210723876953,17.540210723876953,0.0,17.560211,17.560211181640625,17.560211181640625,0.0,2812800.0,2812800.0,2812800.0,0.0
879,0.0,0.0,0.0,0.0,1.0,1.0,1.0,0.0,0.51272076,0.5119045525789261,0.5147665441036224,0.0030545865,0.51272076,0.5119045525789261,0.5147665441036224,0.0030545865,1.0320812,1.022246241569519,1.04987370967865,0.026837815,0.09304478,0.0891541875898838,0.09502915106713772,0.00590256,0.09304478,0.0891541875898838,0.09502915106713772,0.00590256,1.0,1.0,1.0,0.0,4.39966e-11,4.215692378517488e-11,4.493492210266847e-11,2.7910493e-12,4.728541e-10,4.728540892173783e-10,4.728540892173783e-10,0.0,-27.265432,-27.586825370788574,-26.812071323394775,0.6613923,2.2706242,2.2489867210388184,2.309768259525299,0.059044383,0.75687474,0.7496622502803802,0.7699227780103683,0.019681457,0.15733334,0.13600000739097595,0.18000001087784767,0.028810771,0.0006666667,0.0,0.0,0.0023094013,0.16028233,0.14738940820097923,0.17469492554664612,0.018008675,17.560211,17.560211181640625,17.560211181640625,0.0,17.580212,17.580211639404297,17.580211639404297,0.0,2816000.0,2816000.0,2816000.0,0.0
880,0.0,0.0,0.0,0.0,1.0,1.0,1.0,0.0,0.51272076,0.5119045525789261,0.5147665441036224,0.0030545865,0.51272076,0.5119045525789261,0.5147665441036224,0.0030545865,1.0405031,1.0214076936244965,1.0669466257095337,0.033718787,0.091350876,0.08571561053395271,0.09521336667239666,0.0072377366,0.091350876,0.08571561053395271,0.09521336667239666,0.0072377366,1.0,1.0,1.0,0.0,4.2340288e-11,3.972839505289594e-11,4.413051608170848e-11,3.354625e-12,4.6349077e-10,4.6349077353902146e-10,4.6349077353902146e-10,0.0,-27.579224,-28.12762212753296,-27.140881061553955,0.85985833,2.2891524,2.2471417784690857,2.3473293781280518,0.07418279,0.76305085,0.7490472942590714,0.7824431359767914,0.024727598,0.15133335,0.13200000673532486,0.17000001296401024,0.032800592,0.0,0.0,0.0,0.0,0.16611762,0.1478811874985695,0.18574365228414536,0.024802368,17.580212,17.580211639404297,17.580211639404297,0.0,17.600212,17.60021209716797,17.60021209716797,0.0,2819200.0,2819200.0,2819200.0,0.0
881,0.0,0.0,0.0,0.0,1.0,1.0,1.0,0.0,0.51272076,0.5119045525789261,0.5147665441036224,0.0030545865,0.51272076,0.5119045525789261,0.5147665441036224,0.0030545865,1.0277506,0.991761788725853,1.0528947710990906,0.04836759,0.088097565,0.08853882551193237,0.10191677697002888,0.028903458,0.09433308,0.08853882551193237,0.10191677697002888,0.010170713,0.9166667,1.0,1.0,0.28867513,4.002385e-11,4.0224323004378615e-11,4.630209844008748e-11,1.3131211e-11,4.543128e-10,4.5431280959462583e-10,4.5431280959462583e-10,0.0,-27.223429,-27.611652374267578,-26.603243350982666,1.0016077,2.2610965,2.181919515132904,2.3164146542549133,0.10641082,0.7536988,0.7273065447807312,0.7721382528543472,0.035470273,0.14466667,0.11800000444054604,0.1680000126361847,0.03519642,0.0,0.0,0.0,0.0,0.15188336,0.13898133859038353,0.1588820219039917,0.01859767,17.600212,17.60021209716797,17.60021209716797,0.0,17.620213,17.62021255493164,17.62021255493164,0.0,2822400.0,2822400.0,2822400.0,0.0
882,0.0,0.0,0.0,0.0,1.0,1.0,1.0,0.0,0.51272076,0.5119045525789261,0.5147665441036224,0.0030545865,0.51272076,0.5119045525789261,0.5147665441036224,0.0030545865,1.0233616,1.0029766261577606,1.0536814033985138,0.03272635,0.09501022,0.0883728638291359,0.09933104366064072,0.007176681,0.09501022,0.0883728638291359,0.09933104366064072,0.007176681,1.0,1.0,1.0,0.0,4.2309628e-11,3.935390468362554e-11,4.4233765088275145e-11,3.1958954e-12,4.453166e-10,4.4531661691493696e-10,4.4531661691493696e-10,0.0,-27.090654,-27.414062976837158,-26.705974102020264,0.5885483,2.2514403,2.206592619419098,2.318145453929901,0.07199941,0.7504801,0.7355309128761292,0.772715151309967,0.023999792,0.15866667,0.1380000077188015,0.17800001427531242,0.031787172,0.0006666667,0.0,0.0,0.0023094013,0.14831053,0.14071397855877876,0.15014758706092834,0.017804295,17.620213,17.62021255493164,17.62021255493164,0.0,17.640213,17.640213012695312,17.640213012695312,0.0,2825600.0,2825600.0,2825600.0,0.0
883,0.0,0.0,0.0,0.0,1.0,1.0,1.0,0.0,0.51272076,0.5119045525789261,0.5147665441036224,0.0030545865,0.51272076,0.5119045525789261,0.5147665441036224,0.0030545865,1.0202328,0.9983383566141129,1.044293612241745,0.03065413,0.0956677,0.09030444175004959,0.1003846563398838,0.0068212324,0.0956677,0.09030444175004959,0.1003846563398838,0.0068212324,1.0,1.0,1.0,0.0,4.1758815e-11,3.941776158949972e-11,4.381775931677767e-11,2.9774581e-12,4.364986e-10,4.364985872751248e-10,4.364985872751248e-10,0.0,-27.276772,-27.723124504089355,-26.8599534034729,0.7239918,2.244557,2.1963881850242615,2.2974919080734253,0.06744044,0.74818563,0.7321294099092484,0.7658306658267975,0.02248015,0.15200001,0.12800000607967377,0.1680000126361847,0.02894509,0.0,0.0,0.0,0.0,0.15457126,0.1373879872262478,0.17816746979951859,0.020589337,17.640213,17.640213012695312,17.640213012695312,0.0,17.660213,17.660213470458984,17.660213470458984,0.0,2828800.0,2828800.0,2828800.0,0.0
884,0.0,0.0,0.0,0.0,1.0,1.0,1.0,0.0,0.51272076,0.5119045525789261,0.5147665441036224,0.0030545865,0.51272076,0.5119045525789261,0.5147665441036224,0.0030545865,1.0375389,1.0113710463047028,1.0537755191326141,0.036661386,0.08567526,0.08837246522307396,0.09741871431469917,0.027536672,0.09201131,0.08837246522307396,0.09741871431469917,0.007458581,0.9166667,1.0,1.0,0.28867513,3.6656598e-11,3.781061054530799e-11,4.168109433988487e-11,1.1781705e-11,4.278551e-10,4.2785511245035934e-10,4.2785511245035934e-10,0.0,-27.493324,-27.774996280670166,-27.063538551330566,0.7131723,2.2826312,2.2250607013702393,2.318352520465851,0.08065665,0.7608771,0.7416869252920151,0.7727841883897781,0.026885545,0.15166666,0.13250000029802322,0.17249999940395355,0.031285584,0.0,0.0,0.0,0.0,0.14861539,0.13991279527544975,0.15382040664553642,0.016054295,17.660213,17.660213470458984,17.660213470458984,0.0,17.680214,17.680213928222656,17.680213928222656,0.0,2832000.0,2832000.0,2832000.0,0.0
885,0.0,0.0,0.0,0.0,1.0,1.0,1.0,0.0,0.51272076,0.5119045525789261,0.5147665441036224,0.0030545865,0.51272076,0.5119045525789261,0.5147665441036224,0.0030545865,1.0362058,1.0108841061592102,1.0685325860977173,0.03708692,0.09230983,0.0854027047753334,0.09752742946147919,0.007902051,0.09230983,0.0854027047753334,0.09752742946147919,0.007902051,1.0,1.0,1.0,0.0,3.871316e-11,3.5816430550561495e-11,4.090133180062461e-11,3.3139852e-12,4.1938286e-10,4.193828617715667e-10,4.193828617715667e-10,0.0,-27.521767,-28.284386157989502,-27.082425117492676,0.994328,2.2796981,2.223989486694336,2.350818634033203,0.08159283,0.75989944,0.7413298487663269,0.7836062461137772,0.027197614,0.17466669,0.16600001230835915,0.17800001427531242,0.019246407,0.0006666667,0.0,0.0,0.0023094013,0.16005258,0.14612505957484245,0.17727337777614594,0.018341677,17.680214,17.680213928222656,17.680213928222656,0.0,17.700214,17.700214385986328,17.700214385986328,0.0,2835200.0,2835200.0,2835200.0,0.0
886,0.0,0.0,0.0,0.0,1.0,1.0,1.0,0.0,0.51272076,0.5119045525789261,0.5147665441036224,0.0030545865,0.51272076,0.5119045525789261,0.5147665441036224,0.0030545865,1.0473198,1.0274849832057953,1.0714287161827087,0.0379639,0.08374169,0.08483495190739632,0.09386826492846012,0.027090058,0.08998919,0.08483495190739632,0.09386826492846012,0.007795557,0.9166667,1.0,1.0,0.28867513,3.442439e-11,3.4873809569291314e-11,3.8587207214224595e-11,1.1136135e-11,4.110783e-10,4.110783102806437e-10,4.110783102806437e-10,0.0,-27.329048,-27.723692893981934,-26.98494291305542,0.6078499,2.3041496,2.260512113571167,2.357190191745758,0.083522275,0.7680499,0.7535040378570557,0.7857300639152527,0.027840756,0.14533333,0.12800000607967377,0.16200001165270805,0.03542299,0.0,0.0,0.0,0.0,0.16192494,0.1442999430000782,0.1810431405901909,0.025591154,17.700214,17.700214385986328,17.700214385986328,0.0,17.720215,17.72021484375,17.72021484375,0.0,2838400.0,2838400.0,2838400.0,0.0
887,0.0,0.0,0.0,0.0,1.0,1.0,1.0,0.0,0.51272076,0.5119045525789261,0.5147665441036224,0.0030545865,0.51272076,0.5119045525789261,0.5147665441036224,0.0030545865,1.0362076,1.0187727212905884,1.0546813011169434,0.036237575,0.08572406,0.0881735160946846,0.09584338776767254,0.027758509,0.09229544,0.0881735160946846,0.09584338776767254,0.0077238567,0.9166667,1.0,1.0,0.28867513,3.4541505e-11,3.552848206606063e-11,3.861896653162278e-11,1.1184964e-11,4.0293824e-10,4.029382383308189e-10,4.029382383308189e-10,0.0,-27.38363,-27.913429737091064,-26.964284896850586,1.1329015,2.279702,2.2413447499275208,2.320345163345337,0.07972426,0.75990075,0.7471149563789368,0.7734484076499939,0.02657474,0.16333334,0.12800000607967377,0.18800001218914986,0.035030723,0.0,0.0,0.0,0.0,0.15876906,0.14420946314930916,0.16792015731334686,0.02164313,17.720215,17.72021484375,17.72021484375,0.0,17.740215,17.740215301513672,17.740215301513672,0.0,2841600.0,2841600.0,2841600.0,0.0
888,0.0,0.0,0.0,0.0,1.0,1.0,1.0,0.0,0.51272076,0.5119045525789261,0.5147665441036224,0.0030545865,0.51272076,0.5119045525789261,0.5147665441036224,0.0030545865,1.0451866,1.0311610102653503,1.0497183203697205,0.02415045,0.083660714,0.08918292634189129,0.09307774528861046,0.026555862,0.09024348,0.08918292634189129,0.09307774528861046,0.0048619844,0.9166667,1.0,1.0,0.28867513,3.3042576e-11,3.522362696656289e-11,3.676192249918442e-11,1.0488485e-11,3.9495932e-10,3.949593152530184e-10,3.949593152530184e-10,0.0,-27.604025,-27.94420337677002,-27.16419744491577,0.58251065,2.2994566,2.2685994505882263,2.309426426887512,0.05313203,0.7664855,0.7561998516321182,0.7698088437318802,0.017710676,0.14800002,0.12600000575184822,0.1680000126361847,0.027817592,0.0,0.0,0.0,0.0,0.15967382,0.14845511317253113,0.17067769169807434,0.017293388,17.740215,17.740215301513672,17.740215301513672,0.0,17.760216,17.760215759277344,17.760215759277344,0.0,2844800.0,2844800.0,2844800.0,0.0
889,0.0,0.0,0.0,0.0,1.0,1.0,1.0,0.0,0.51272076,0.5119045525789261,0.5147665441036224,0.0030545865,0.51272076,0.5119045525789261,0.5147665441036224,0.0030545865,1.041082,1.0416295230388641,1.067468285560608,0.04900298,0.08494828,0.08561884425580502,0.09085959754884243,0.028649654,0.09152889,0.08561884425580502,0.09085959754884243,0.010990644,0.9166667,1.0,1.0,0.28867513,3.2886742e-11,3.3146344176337994e-11,3.517524205937095e-11,1.1091382e-11,3.8713843e-10,3.8713843242277335e-10,3.8713843242277335e-10,0.0,-27.501684,-28.001729011535645,-27.199406147003174,0.9338763,2.290426,2.291630744934082,2.348477065563202,0.10780872,0.7634754,0.7638769149780273,0.7828257083892822,0.03593624,0.14666668,0.11800000444054604,0.17000000923871994,0.038943626,0.0006666667,0.0,0.0,0.0023094013,0.15471096,0.14921923354268074,0.16114892438054085,0.010582071,17.760216,17.760215759277344,17.760215759277344,0.0,17.780216,17.780216217041016,17.780216217041016,0.0,2848000.0,2848000.0,2848000.0,0.0
890,0.0,0.0,0.0,0.0,1.0,1.0,1.0,0.0,0.51272076,0.5119045525789261,0.5147665441036224,0.0030545865,0.51272076,0.5119045525789261,0.5147665441036224,0.0030545865,1.0334662,1.008545070886612,1.0458345711231232,0.031788446,0.08632842,0.08998406305909157,0.09805185347795486,0.027561558,0.092805855,0.08998406305909157,0.09805185347795486,0.0065636565,0.9166667,1.0,1.0,0.28867513,3.275925e-11,3.4146466904028117e-11,3.7207971946562335e-11,1.045885e-11,3.7947237e-10,3.7947239794888787e-10,3.7947239794888787e-10,0.0,-27.430578,-27.597143173217773,-27.086112022399902,0.83101034,2.273671,2.218843400478363,2.3008819818496704,0.06993599,0.7578904,0.7396144717931747,0.7669606953859329,0.023312,0.16066667,0.13600000739097595,0.17200001329183578,0.032443892,0.0006666667,0.0,0.0,0.0023094013,0.16542733,0.15487123653292656,0.17671895772218704,0.019794036,17.780216,17.780216217041016,17.780216217041016,0.0,17.800217,17.800216674804688,17.800216674804688,0.0,2851200.0,2851200.0,2851200.0,0.0
891,0.0,0.0,0.0,0.0,1.0,1.0,1.0,0.0,0.51272076,0.5119045525789261,0.5147665441036224,0.0030545865,0.51272076,0.5119045525789261,0.5147665441036224,0.0030545865,1.0177183,0.9955546855926514,1.0380536317825317,0.034187105,0.09627377,0.0916107539087534,0.10104863345623016,0.007517868,0.09627377,0.0916107539087534,0.10104863345623016,0.007517868,1.0,1.0,1.0,0.0,3.5809813e-11,3.4075365792918255e-11,3.758586410856912e-11,2.7963328e-12,3.7195816e-10,3.7195815871804427e-10,3.7195815871804427e-10,0.0,-27.23923,-27.84994649887085,-26.671273708343506,0.8382802,2.2390249,2.190264046192169,2.283763587474823,0.07521314,0.7463417,0.7300880402326584,0.7612545639276505,0.025071045,0.15200001,0.12600000575184822,0.15600001066923141,0.040792156,0.0,0.0,0.0,0.0,0.15598565,0.137977484613657,0.1696588397026062,0.028014952,17.800217,17.800216674804688,17.800216674804688,0.0,17.820217,17.82021713256836,17.82021713256836,0.0,2854400.0,2854400.0,2854400.0,0.0
892,0.0,0.0,0.0,0.0,1.0,1.0,1.0,0.0,0.51272076,0.5119045525789261,0.5147665441036224,0.0030545865,0.51272076,0.5119045525789261,0.5147665441036224,0.0030545865,1.01971,1.0005549788475037,1.0437415838241577,0.03500827,0.095846035,0.09042045846581459,0.09987575002014637,0.007647241,0.095846035,0.09042045846581459,0.09987575002014637,0.007647241,1.0,1.0,1.0,0.0,3.4944766e-11,3.2966639834652867e-11,3.641397253173473e-11,2.7881287e-12,3.6459272e-10,3.6459271712807606e-10,3.6459271712807606e-10,0.0,-27.045248,-27.43944501876831,-26.57547664642334,0.852696,2.2434065,2.2012648582458496,2.2962772846221924,0.07701975,0.7478022,0.733754962682724,0.7654258012771606,0.025673255,0.15666668,0.14800000935792923,0.17000001296401024,0.026959006,0.0,0.0,0.0,0.0,0.15659569,0.13869601115584373,0.17194359749555588,0.024253514,17.820217,17.82021713256836,17.82021713256836,0.0,17.840218,17.84021759033203,17.84021759033203,0.0,2857600.0,2857600.0,2857600.0,0.0
893,0.0,0.0,0.0,0.0,1.0,1.0,1.0,0.0,0.51272076,0.5119045525789261,0.5147665441036224,0.0030545865,0.51272076,0.5119045525789261,0.5147665441036224,0.0030545865,1.0450646,1.0335431098937988,1.0607683956623077,0.031800497,0.08392619,0.08694278076291084,0.09258504025638103,0.026918326,0.09036412,0.08694278076291084,0.09258504025638103,0.006564997,0.9166667,1.0,1.0,0.28867513,2.9992966e-11,3.107101641947052e-11,3.308740868096516e-11,9.6198865e-12,3.5737316e-10,3.573731588435436e-10,3.573731588435436e-10,0.0,-27.290483,-27.597095012664795,-26.89646053314209,0.4574074,2.299188,2.2738401293754578,2.333737075328827,0.069962524,0.76639605,0.7579467445611954,0.7779123932123184,0.023320844,0.14866668,0.12600000575184822,0.17600001394748688,0.038360335,0.0,0.0,0.0,0.0,0.15715812,0.1443440206348896,0.16612444072961807,0.016470337,17.840218,17.84021759033203,17.84021759033203,0.0,17.860218,17.860218048095703,17.860218048095703,0.0,2860800.0,2860800.0,2860800.0,0.0
894,0.0,0.0,0.0,0.0,1.0,1.0,1.0,0.0,0.51272076,0.5119045525789261,0.5147665441036224,0.0030545865,0.51272076,0.5119045525789261,0.5147665441036224,0.0030545865,1.0546613,1.0357192754745483,1.075782597064972,0.023580164,0.08829329,0.08398840390145779,0.09210627526044846,0.0048217797,0.08829329,0.08398840390145779,0.09210627526044846,0.0048217797,1.0,1.0,1.0,0.0,3.092884e-11,2.9420846835159775e-11,3.226450877302778e-11,1.6890533e-12,3.5029654e-10,3.502965417734316e-10,3.502965417734316e-10,0.0,-27.685644,-27.837055206298828,-27.549599647521973,0.45536524,2.3203013,2.2786278128623962,2.366769015789032,0.051877398,0.77343374,0.7595426440238953,0.7889230400323868,0.017292462,0.14600001,0.13200000673532486,0.1680000126361847,0.028768674,0.0,0.0,0.0,0.0,0.15853103,0.14251622557640076,0.17429101467132568,0.019535856,17.860218,17.860218048095703,17.860218048095703,0.0,17.880219,17.880218505859375,17.880218505859375,0.0,2864000.0,2864000.0,2864000.0,0.0
895,0.0,0.0,0.0,0.0,1.0,1.0,1.0,0.0,0.51272076,0.5119045525789261,0.5147665441036224,0.0030545865,0.51272076,0.5119045525789261,0.5147665441036224,0.0030545865,1.0326744,1.0242555141448975,1.0493696630001068,0.027305042,0.092923425,0.08925499953329563,0.09459086135029793,0.0059879296,0.092923425,0.08925499953329563,0.09459086135029793,0.0059879296,1.0,1.0,1.0,0.0,3.190619e-11,3.064660070856151e-11,3.247872370354399e-11,2.0560155e-12,3.433601e-10,3.4336006260460294e-10,3.4336006260460294e-10,0.0,-27.475939,-27.864535808563232,-27.277962684631348,0.8051912,2.271929,2.253407061100006,2.308659315109253,0.0600723,0.75730973,0.7511357218027115,0.7695531249046326,0.0200241,0.154,0.13600000739097595,0.17200001329183578,0.0337908,0.0,0.0,0.0,0.0,0.1564839,0.1440373733639717,0.16473854705691338,0.017214326,17.880219,17.880218505859375,17.880218505859375,0.0,17.900219,17.900218963623047,17.900218963623047,0.0,2867200.0,2867200.0,2867200.0,0.0
896,0.0,0.0,0.0,0.0,1.0,1.0,1.0,0.0,0.51272076,0.5119045525789261,0.5147665441036224,0.0030545865,0.51272076,0.5119045525789261,0.5147665441036224,0.0030545865,1.0338576,1.0066055655479431,1.0502209067344666,0.03348467,0.09274984,0.08910818584263325,0.09849154017865658,0.0070410455,0.09274984,0.08910818584263325,0.09849154017865658,0.0070410455,1.0,1.0,1.0,0.0,3.121597e-11,2.999033096515169e-11,3.314839895629529e-11,2.3697407e-12,3.365609e-10,3.365608902683448e-10,3.365608902683448e-10,0.0,-27.428675,-27.74649477005005,-26.935370922088623,0.8174284,2.274532,2.2145764231681824,2.3105322122573853,0.07366777,0.75817746,0.7381921410560608,0.77017742395401,0.02455593,0.15066667,0.1340000070631504,0.1680000126361847,0.030479006,0.0006666667,0.0,0.0,0.0023094013,0.16070838,0.1479537934064865,0.1750236600637436,0.017840445,17.900219,17.900218963623047,17.900218963623047,0.0,17.92022,17.92021942138672,17.92021942138672,0.0,2870400.0,2870400.0,2870400.0,0.0
897,0.0,0.0,0.0,0.0,1.0,1.0,1.0,0.0,0.51272076,0.5119045525789261,0.5147665441036224,0.0030545865,0.51272076,0.5119045525789261,0.5147665441036224,0.0030545865,1.0348923,1.0120397508144379,1.0520198345184326,0.030442191,0.0859791,0.08871229365468025,0.09726582467556,0.027409103,0.092482544,0.08871229365468025,0.09726582467556,0.006229776,0.9166667,1.0,1.0,0.28867513,2.8364195e-11,2.926586620613514e-11,3.208764504103456e-11,9.042164e-12,3.2989642e-10,3.2989638798497367e-10,3.2989638798497367e-10,0.0,-27.3697,-27.794989585876465,-26.776273250579834,0.73636955,2.2768085,2.2265319228172302,2.314489781856537,0.06697415,0.75893617,0.7421773076057434,0.7714966088533401,0.022324713,0.165,0.13749999925494194,0.1824999935925007,0.04274661,0.0,0.0,0.0,0.0,0.15538895,0.1438142955303192,0.16353270784020424,0.015401335,17.92022,17.92021942138672,17.92021942138672,0.0,17.94022,17.94021987915039,17.94021987915039,0.0,2873600.0,2873600.0,2873600.0,0.0
898,0.0,0.0,0.0,0.0,1.0,1.0,1.0,0.0,0.51272076,0.5119045525789261,0.5147665441036224,0.0030545865,0.51272076,0.5119045525789261,0.5147665441036224,0.0030545865,1.0415335,1.0241809487342834,1.0513046085834503,0.027421908,0.084452815,0.08885790780186653,0.09458683058619499,0.026916109,0.091042854,0.08885790780186653,0.09458683058619499,0.0055977795,0.9166667,1.0,1.0,0.28867513,2.730899e-11,2.8733436636951826e-11,3.0585962582097004e-11,8.7036975e-12,3.2336386e-10,3.2336386346365487e-10,3.2336386346365487e-10,0.0,-27.667427,-27.850690841674805,-27.42857313156128,0.6170328,2.2914193,2.2532430291175842,2.312916338443756,0.06032942,0.7638065,0.7510810196399689,0.7709721475839615,0.020109808,0.168,0.1420000083744526,0.19200000166893005,0.030319508,0.0,0.0,0.0,0.0,0.16921057,0.15338915959000587,0.17551959678530693,0.030466896,17.94022,17.94021987915039,17.94021987915039,0.0,17.96022,17.960220336914062,17.960220336914062,0.0,2876800.0,2876800.0,2876800.0,0.0
899,0.0,0.0,0.0,0.0,1.0,1.0,1.0,0.0,0.51272076,0.5119045525789261,0.5147665441036224,0.0030545865,0.51272076,0.5119045525789261,0.5147665441036224,0.0030545865,1.0431434,1.0209304988384247,1.0722719728946686,0.036086176,0.09083065,0.08467289060354233,0.09532385133206844,0.007562315,0.09083065,0.08467289060354233,0.09532385133206844,0.007562315,1.0,1.0,1.0,0.0,2.8789743e-11,2.6837979321542305e-11,3.021391557084252e-11,2.3969568e-12,3.169607e-10,3.169607076802805e-10,3.169607076802805e-10,0.0,-27.792677,-28.585002422332764,-27.083789348602295,0.9361992,2.2949615,2.246091842651367,2.359045386314392,0.0793912,0.7649872,0.7486973106861115,0.7863484919071198,0.02646373,0.14600001,0.10200000181794167,0.17800001427531242,0.03846132,0.0006666667,0.0,0.0,0.0023094013,0.16838884,0.1503959260880947,0.18806277588009834,0.025982805,17.96022,17.960220336914062,17.960220336914062,0.0,17.98022,17.980220794677734,17.980220794677734,0.0,2880000.0,2880000.0,2880000.0,0.0
900,0.0,0.0,0.0,0.0,1.0,1.0,1.0,0.0,0.51272076,0.5119045525789261,0.5147665441036224,0.0030545865,0.51272076,0.5119045525789261,0.5147665441036224,0.0030545865,1.0316864,1.0067749470472336,1.0691087543964386,0.041596718,0.09336097,0.08529069274663925,0.0984637401998043,0.009134345,0.09336097,0.08529069274663925,0.0984637401998043,0.009134345,1.0,1.0,1.0,0.0,2.900579e-11,2.6498480493186705e-11,3.059113899694932e-11,2.8378977e-12,3.1068428e-10,3.106843116107427e-10,3.106843116107427e-10,0.0,-27.322847,-27.734829902648926,-26.86229372024536,0.704199,2.2697554,2.2149490118026733,2.352086305618286,0.09151463,0.7565851,0.7383163422346115,0.7840287983417511,0.030504886,0.15866669,0.1420000083744526,0.18400001525878906,0.034592,0.0013333334,0.0,0.0,0.003113996,0.15634379,0.1452975496649742,0.15730032697319984,0.020577634,17.98022,17.980220794677734,17.980220794677734,0.0,18.000221,18.000221252441406,18.000221252441406,0.0,2883200.0,2883200.0,2883200.0,0.0
901,0.0,0.0,0.0,0.0,1.0,1.0,1.0,0.0,0.51272076,0.5119045525789261,0.5147665441036224,0.0030545865,0.51272076,0.5119045525789261,0.5147665441036224,0.0030545865,1.0221123,1.0088795125484467,1.0398367643356323,0.03217913,0.095276445,0.09123574011027813,0.09798048995435238,0.0071173743,0.095276445,0.09123574011027813,0.09798048995435238,0.0071173743,1.0,1.0,1.0,0.0,2.9014744e-11,2.778422110438772e-11,2.983821349722415e-11,2.1674698e-12,3.045322e-10,3.0453220500881173e-10,3.0453220500881173e-10,0.0,-27.28218,-28.009482860565186,-26.578592777252197,0.9721706,2.2486918,2.219579339027405,2.28768652677536,0.070795454,0.749564,0.7398598194122314,0.7625621855258942,0.023598483,0.15066667,0.1420000083744526,0.1680000126361847,0.025941662,0.0006666667,0.0,0.0,0.0023094013,0.15023786,0.14269301295280457,0.15969259664416313,0.018438477,18.000221,18.000221252441406,18.000221252441406,0.0,18.020222,18.020221710205078,18.020221710205078,0.0,2886400.0,2886400.0,2886400.0,0.0
902,0.0,0.0,0.0,0.0,1.0,1.0,1.0,0.0,0.51272076,0.5119045525789261,0.5147665441036224,0.0030545865,0.51272076,0.5119045525789261,0.5147665441036224,0.0030545865,1.0347146,1.0132147371768951,1.0492818057537079,0.025298456,0.092461795,0.08927283436059952,0.09700977057218552,0.0054058945,0.092461795,0.08927283436059952,0.09700977057218552,0.0054058945,1.0,1.0,1.0,0.0,2.7600025e-11,2.6648112102373167e-11,2.8957603242368846e-11,1.61367e-12,2.9850192e-10,2.9850191762825773e-10,2.9850191762825773e-10,0.0,-27.643387,-27.9925856590271,-27.229413509368896,0.69897413,2.2764175,2.229116916656494,2.308466076850891,0.05565772,0.7588058,0.7430390119552612,0.7694886922836304,0.018552573,0.158,0.12800000607967377,0.19200000166893005,0.039799497,0.0,0.0,0.0,0.0,0.15630263,0.14679164811968803,0.16837014630436897,0.026267298,18.020222,18.020221710205078,18.020221710205078,0.0,18.040222,18.04022216796875,18.04022216796875,0.0,2889600.0,2889600.0,2889600.0,0.0
903,0.0,0.0,0.0,0.0,1.0,1.0,1.0,0.0,0.51272076,0.5119045525789261,0.5147665441036224,0.0030545865,0.51272076,0.5119045525789261,0.5147665441036224,0.0030545865,1.0322652,1.0131779611110687,1.0537101924419403,0.027009694,0.09300518,0.08836893737316132,0.09701475128531456,0.0058115874,0.09300518,0.08836893737316132,0.09701475128531456,0.0058115874,1.0,1.0,1.0,0.0,2.7212482e-11,2.585595886700487e-11,2.8385646697742795e-11,1.7004185e-12,2.9259103e-10,2.9259103473400216e-10,2.9259103473400216e-10,0.0,-27.344503,-27.553324699401855,-27.068170070648193,0.56876844,2.2710288,2.229035973548889,2.318208634853363,0.059422508,0.75700957,0.743012011051178,0.7727362215518951,0.019807506,0.164,0.14000000804662704,0.19600000232458115,0.03453588,0.0,0.0,0.0,0.0,0.16096847,0.1494707204401493,0.17107055336236954,0.017513633,18.040222,18.04022216796875,18.04022216796875,0.0,18.060223,18.060222625732422,18.060222625732422,0.0,2892800.0,2892800.0,2892800.0,0.0
904,0.0,0.0,0.0,0.0,1.0,1.0,1.0,0.0,0.51272076,0.5119045525789261,0.5147665441036224,0.0030545865,0.51272076,0.5119045525789261,0.5147665441036224,0.0030545865,1.037472,1.0177863836288452,1.0603871643543243,0.033317342,0.08549783,0.08702000416815281,0.09599235095083714,0.027429577,0.091977276,0.08702000416815281,0.09599235095083714,0.0068919994,0.9166667,1.0,1.0,0.28867513,2.4520538e-11,2.4957095418054465e-11,2.7530339553188954e-11,7.866726e-12,2.8679722e-10,2.867972248576933e-10,2.867972248576933e-10,0.0,-27.371462,-27.57308530807495,-27.111599445343018,0.52107817,2.282484,2.239174783229828,2.332898259162903,0.07329958,0.760828,0.746391624212265,0.7776327729225159,0.024433194,0.14600001,0.12800000607967377,0.15400001034140587,0.026229756,0.0006666667,0.0,0.0,0.0023094013,0.15872945,0.14559034258127213,0.16585135832428932,0.01709609,18.060223,18.060222625732422,18.060222625732422,0.0,18.080223,18.080223083496094,18.080223083496094,0.0,2896000.0,2896000.0,2896000.0,0.0
905,0.0,0.0,0.0,0.0,1.0,1.0,1.0,0.0,0.51272076,0.5119045525789261,0.5147665441036224,0.0030545865,0.51272076,0.5119045525789261,0.5147665441036224,0.0030545865,1.0314039,1.0210009217262268,1.0434814989566803,0.022451408,0.09313906,0.09047291241586208,0.09529254399240017,0.004868593,0.09313906,0.09047291241586208,0.09529254399240017,0.004868593,1.0,1.0,1.0,0.0,2.6183082e-11,2.543357842041405e-11,2.678846467568663e-11,1.3686499e-12,2.8111816e-10,2.811181565309795e-10,2.811181565309795e-10,0.0,-27.485563,-27.862170696258545,-27.351099967956543,0.5164817,2.2691338,2.246246874332428,2.2957051396369934,0.04939407,0.756378,0.7487489581108093,0.7652350664138794,0.016464699,0.14600001,0.12800000607967377,0.15400001034140587,0.027739044,0.0,0.0,0.0,0.0,0.15304048,0.13984926417469978,0.16933885216712952,0.01755603,18.080223,18.080223083496094,18.080223083496094,0.0,18.100224,18.100223541259766,18.100223541259766,0.0,2899200.0,2899200.0,2899200.0,0.0
906,0.0,0.0,0.0,0.0,1.0,1.0,1.0,0.0,0.51272076,0.5119045525789261,0.5147665441036224,0.0030545865,0.51272076,0.5119045525789261,0.5147665441036224,0.0030545865,1.0291594,1.0074824094772339,1.04703751206398,0.03283887,0.09374977,0.08973995223641396,0.09830485843122005,0.0070136813,0.09374977,0.08973995223641396,0.09830485843122005,0.0070136813,1.0,1.0,1.0,0.0,2.5832891e-11,2.4727977911837007e-11,2.7088051419987824e-11,1.9326305e-12,2.755515e-10,2.7555149828550896e-10,2.7555149828550896e-10,0.0,-27.02845,-27.429701805114746,-26.635900497436523,0.61198944,2.264196,2.2165056467056274,2.303528606891632,0.07224695,0.7547321,0.7388352155685425,0.7678429037332535,0.02408232,0.15533334,0.12800000607967377,0.1860000118613243,0.038962297,0.0,0.0,0.0,0.0,0.1555012,0.14321566745638847,0.15544264763593674,0.020711005,18.100224,18.100223541259766,18.100223541259766,0.0,18.120224,18.120223999023438,18.120223999023438,0.0,2902400.0,2902400.0,2902400.0,0.0
907,0.0,0.0,0.0,0.0,1.0,1.0,1.0,0.0,0.51272076,0.5119045525789261,0.5147665441036224,0.0030545865,0.51272076,0.5119045525789261,0.5147665441036224,0.0030545865,1.0261235,1.0164690017700195,1.0351291298866272,0.020181492,0.09425487,0.09224408306181431,0.09628218971192837,0.004343236,0.09425487,0.09224408306181431,0.09628218971192837,0.004343236,1.0,1.0,1.0,0.0,2.5457782e-11,2.4914675791215535e-11,2.6005348915947302e-11,1.1730865e-12,2.700951e-10,2.700951129419593e-10,2.700951129419593e-10,0.0,-27.148659,-27.43769931793213,-26.939248085021973,0.4492895,2.2575169,2.236276388168335,2.2773296236991882,0.044400174,0.7525056,0.7454254925251007,0.7591098994016647,0.014800067,0.16466667,0.1420000083744526,0.19200000166893005,0.035688892,0.0,0.0,0.0,0.0,0.15577714,0.14031341299414635,0.16916589811444283,0.017455414,18.120224,18.120223999023438,18.120223999023438,0.0,18.140224,18.14022445678711,18.14022445678711,0.0,2905600.0,2905600.0,2905600.0,0.0
908,0.0,0.0,0.0,0.0,1.0,1.0,1.0,0.0,0.51272076,0.5119045525789261,0.5147665441036224,0.0030545865,0.51272076,0.5119045525789261,0.5147665441036224,0.0030545865,1.0570902,1.0434381067752838,1.0770905017852783,0.032807484,0.07479155,0.08374143205583096,0.09048192761838436,0.03530799,0.08791239,0.08374143205583096,0.09048192761838436,0.006683563,0.8333333,1.0,1.0,0.38924947,1.9800819e-11,2.217027212855771e-11,2.395479604608286e-11,9.347675e-12,2.6474675e-10,2.647467522987057e-10,2.647467522987057e-10,0.0,-28.091433,-28.30568265914917,-27.824193954467773,0.7391602,2.3256447,2.2956095933914185,2.3696464896202087,0.07217795,0.77521497,0.7652032375335693,0.7898821979761124,0.024059316,0.14533333,0.12800000607967377,0.14800000935792923,0.029900847,0.0,0.0,0.0,0.0,0.17165029,0.16024723276495934,0.18655915930867195,0.02141244,18.140224,18.14022445678711,18.14022445678711,0.0,18.160225,18.16022491455078,18.16022491455078,0.0,2908800.0,2908800.0,2908800.0,0.0
909,0.0,0.0,0.0,0.0,1.0,1.0,1.0,0.0,0.51272076,0.5119045525789261,0.5147665441036224,0.0030545865,0.51272076,0.5119045525789261,0.5147665441036224,0.0030545865,1.0289476,1.0122753381729126,1.0377489924430847,0.020098513,0.09364345,0.09167515113949776,0.09721343964338303,0.0043149386,0.09364345,0.09167515113949776,0.09721343964338303,0.0043149386,1.0,1.0,1.0,0.0,2.4300874e-11,2.3790094460379718e-11,2.5227304186609123e-11,1.1197451e-12,2.5950428e-10,2.595042791764257e-10,2.595042791764257e-10,0.0,-27.265871,-27.599331378936768,-27.116361618041992,0.48231444,2.2637298,2.227050244808197,2.283093273639679,0.044217605,0.7545767,0.7423500865697861,0.7610310912132263,0.0147392,0.15066667,0.13200000673532486,0.17200001329183578,0.033567663,0.0006666667,0.0,0.0,0.0023094013,0.16070618,0.15164141356945038,0.16680599004030228,0.015315045,18.160225,18.16022491455078,18.16022491455078,0.0,18.180225,18.180225372314453,18.180225372314453,0.0,2912000.0,2912000.0,2912000.0,0.0
910,0.0,0.0,0.0,0.0,1.0,1.0,1.0,0.0,0.51272076,0.5119045525789261,0.5147665441036224,0.0030545865,0.51272076,0.5119045525789261,0.5147665441036224,0.0030545865,1.033167,1.0247779488563538,1.0460791289806366,0.030661045,0.09286085,0.0899338386952877,0.09446615353226662,0.0066380207,0.09286085,0.0899338386952877,0.09446615353226662,0.0066380207,1.0,1.0,1.0,0.0,2.3620605e-11,2.2876075599781442e-11,2.402894159689306e-11,1.6884842e-12,2.543656e-10,2.543656119069482e-10,2.543656119069482e-10,0.0,-27.122854,-27.615463733673096,-26.54277753829956,0.67472637,2.2730126,2.2545565962791443,2.301420032978058,0.067455664,0.7576709,0.7515188902616501,0.7671400457620621,0.022485225,0.15833333,0.14749999344348907,0.17249999940395355,0.022495791,0.0,0.0,0.0,0.0,0.15293361,0.14075196161866188,0.15994136035442352,0.01603685,18.180225,18.180225372314453,18.180225372314453,0.0,18.200226,18.200225830078125,18.200225830078125,0.0,2915200.0,2915200.0,2915200.0,0.0
911,0.0,0.0,0.0,0.0,1.0,1.0,1.0,0.0,0.51272076,0.5119045525789261,0.5147665441036224,0.0030545865,0.51272076,0.5119045525789261,0.5147665441036224,0.0030545865,1.0287658,1.0219220519065857,1.0435295701026917,0.030900061,0.09381309,0.09046595916152,0.09507844224572182,0.0068960343,0.09381309,0.09046595916152,0.09507844224572182,0.0068960343,1.0,1.0,1.0,0.0,2.3390298e-11,2.2555762379389277e-11,2.3705786032085507e-11,1.7193794e-12,2.4932872e-10,2.4932872433325315e-10,2.4932872433325315e-10,0.0,-27.359978,-27.74208402633667,-27.159555435180664,0.5796101,2.26333,2.2482733726501465,2.2958109378814697,0.067981474,0.75444335,0.74942447245121,0.7652703523635864,0.022660501,0.15733334,0.13600000739097595,0.1860000118613243,0.036950417,0.0,0.0,0.0,0.0,0.15021576,0.13808052986860275,0.1559024527668953,0.01688084,18.200226,18.200225830078125,18.200225830078125,0.0,18.220226,18.220226287841797,18.220226287841797,0.0,2918400.0,2918400.0,2918400.0,0.0
912,0.0,0.0,0.0,0.0,1.0,1.0,1.0,0.0,0.51272076,0.5119045525789261,0.5147665441036224,0.0030545865,0.51272076,0.5119045525789261,0.5147665441036224,0.0030545865,1.0211715,1.0091079473495483,1.0403350591659546,0.024687624,0.09538434,0.09113167971372604,0.09792465530335903,0.0054917512,0.09538434,0.09113167971372604,0.09792465530335903,0.0054917512,1.0,1.0,1.0,0.0,2.331113e-11,2.2271816769309227e-11,2.3931962314649446e-11,1.3421376e-12,2.443916e-10,2.443915902983207e-10,2.443915902983207e-10,0.0,-27.111786,-27.44428062438965,-26.856540203094482,0.3726365,2.2466218,2.2200817465782166,2.288782835006714,0.054313865,0.748874,0.7400272786617279,0.7629276216030121,0.01810463,0.15133335,0.12800000607967377,0.1640000082552433,0.03911134,0.0,0.0,0.0,0.0,0.14962462,0.1276594139635563,0.16324300318956375,0.025990188,18.220226,18.220226287841797,18.220226287841797,0.0,18.240227,18.24022674560547,18.24022674560547,0.0,2921600.0,2921600.0,2921600.0,0.0
913,0.0,0.0,0.0,0.0,1.0,1.0,1.0,0.0,0.51272076,0.5119045525789261,0.5147665441036224,0.0030545865,0.51272076,0.5119045525789261,0.5147665441036224,0.0030545865,1.0488366,1.0264491140842438,1.0767374336719513,0.038975,0.08346837,0.08380362764000893,0.09409589506685734,0.027039483,0.089690655,0.08380362764000893,0.09409589506685734,0.007910625,0.9166667,1.0,1.0,0.28867513,1.9995033e-11,2.0075345032177783e-11,2.2540880186688872e-11,6.477368e-12,2.395522e-10,2.395522114007065e-10,2.395522114007065e-10,0.0,-27.643608,-28.307573318481445,-27.133094310760498,0.752464,2.3074865,2.258233070373535,2.3688695430755615,0.0857467,0.7691622,0.7527443766593933,0.7896232157945633,0.028582234,0.15266667,0.1420000083744526,0.15600001066923141,0.024706766,0.0,0.0,0.0,0.0,0.1619889,0.14183109626173973,0.17233629897236824,0.023134436,18.240227,18.24022674560547,18.24022674560547,0.0,18.260227,18.26022720336914,18.26022720336914,0.0,2924800.0,2924800.0,2924800.0,0.0
914,0.0,0.0,0.0,0.0,1.0,1.0,1.0,0.0,0.51272076,0.5119045525789261,0.5147665441036224,0.0030545865,0.51272076,0.5119045525789261,0.5147665441036224,0.0030545865,1.0401706,1.0003700107336044,1.0821888446807861,0.047405325,0.08507728,0.08275908045470715,0.09992740489542484,0.028359355,0.09166777,0.08275908045470715,0.09992740489542484,0.010105447,0.9166667,1.0,1.0,0.28867513,1.9976881e-11,1.9432547584963267e-11,2.3463818128038882e-11,6.659022e-12,2.3480864e-10,2.348086447501174e-10,2.348086447501174e-10,0.0,-27.464882,-28.240840911865234,-26.80005407333374,0.87940925,2.2884207,2.2008580565452576,2.3808629512786865,0.1042938,0.76280695,0.7336193919181824,0.7936210185289383,0.034764607,0.142,0.11800000444054604,0.15200001001358032,0.040380012,0.0006666667,0.0,0.0,0.0023094013,0.16603647,0.15911730751395226,0.17603832855820656,0.027271569,18.260227,18.26022720336914,18.26022720336914,0.0,18.280228,18.280227661132812,18.280227661132812,0.0,2928000.0,2928000.0,2928000.0,0.0
915,0.0,0.0,0.0,0.0,1.0,1.0,1.0,0.0,0.51272076,0.5119045525789261,0.5147665441036224,0.0030545865,0.51272076,0.5119045525789261,0.5147665441036224,0.0030545865,1.0200192,1.011026918888092,1.0243432819843292,0.020705268,0.09559376,0.09455195628106594,0.0974991675466299,0.0045046406,0.09559376,0.09455195628106594,0.0974991675466299,0.0045046406,1.0,1.0,1.0,0.0,2.2001767e-11,2.1761985876528334e-11,2.244031306261607e-11,1.0367837e-12,2.3015902e-10,2.3015901684519946e-10,2.3015901684519946e-10,0.0,-26.9403,-27.090516090393066,-26.71446657180786,0.57152027,2.244087,2.2243036031723022,2.253600299358368,0.04555253,0.74802905,0.7414345741271973,0.7512001097202301,0.01518418,0.136,0.11800000444054604,0.16200001165270805,0.030510807,0.0006666667,0.0,0.0,0.0023094013,0.15197162,0.1422974355518818,0.15498452633619308,0.020767834,18.280228,18.280227661132812,18.280227661132812,0.0,18.300228,18.300228118896484,18.300228118896484,0.0,2931200.0,2931200.0,2931200.0,0.0
916,0.0,0.0,0.0,0.0,1.0,1.0,1.0,0.0,0.51272076,0.5119045525789261,0.5147665441036224,0.0030545865,0.51272076,0.5119045525789261,0.5147665441036224,0.0030545865,1.0269331,1.0205523073673248,1.0405595302581787,0.020145841,0.094080776,0.0910837110131979,0.09537804313004017,0.0044533447,0.094080776,0.0910837110131979,0.09537804313004017,0.0044533447,1.0,1.0,1.0,0.0,2.122476e-11,2.0548617928745072e-11,2.1517424994565992e-11,1.0046811e-12,2.2560147e-10,2.2560145418459854e-10,2.2560145418459854e-10,0.0,-27.41387,-27.704254150390625,-27.1081485748291,0.6264679,2.259298,2.2452598810195923,2.289276599884033,0.044321734,0.7530994,0.7484199851751328,0.7630922347307205,0.014773909,0.158,0.13600000739097595,0.17600001394748688,0.02509618,0.0006666667,0.0,0.0,0.0023094013,0.15357584,0.14461024850606918,0.15635845065116882,0.012537158,18.300228,18.300228118896484,18.300228118896484,0.0,18.320229,18.320228576660156,18.320228576660156,0.0,2934400.0,2934400.0,2934400.0,0.0
917,0.0,0.0,0.0,0.0,1.0,1.0,1.0,0.0,0.51272076,0.5119045525789261,0.5147665441036224,0.0030545865,0.51272076,0.5119045525789261,0.5147665441036224,0.0030545865,1.0253342,0.998164176940918,1.0530951619148254,0.03807391,0.09466665,0.08849944919347763,0.10042405501008034,0.008318858,0.09466665,0.08849944919347763,0.10042405501008034,0.008318858,1.0,1.0,1.0,0.0,2.093403e-11,1.9570251235528913e-11,2.220719007989258e-11,1.8395836e-12,2.2113417e-10,2.2113416653368745e-10,2.2113416653368745e-10,0.0,-27.114021,-27.95197343826294,-26.550476551055908,1.0325711,2.2557805,2.1960050463676453,2.3168556690216064,0.08376427,0.75192684,0.7320017218589783,0.7722852379083633,0.027921427,0.18333334,0.17200001329183578,0.18800001218914986,0.027808871,0.0,0.0,0.0,0.0,0.15924577,0.13971808925271034,0.17840839177370071,0.022686703,18.320229,18.320228576660156,18.320228576660156,0.0,18.340229,18.340229034423828,18.340229034423828,0.0,2937600.0,2937600.0,2937600.0,0.0
918,0.0,0.0,0.0,0.0,1.0,1.0,1.0,0.0,0.51272076,0.5119045525789261,0.5147665441036224,0.0030545865,0.51272076,0.5119045525789261,0.5147665441036224,0.0030545865,1.0317286,1.0007613897323608,1.0581250488758087,0.0367818,0.09326416,0.08747357688844204,0.09982490912079811,0.008029777,0.09326416,0.08747357688844204,0.09982490912079811,0.008029777,1.0,1.0,1.0,0.0,2.0215503e-11,1.8960362360015415e-11,2.163757844772518e-11,1.7404963e-12,2.1675532e-10,2.1675530814668775e-10,2.1675530814668775e-10,0.0,-27.161932,-27.827264308929443,-26.444416522979736,0.8026454,2.269848,2.201719045639038,2.327921688556671,0.08092156,0.7566161,0.7339063882827759,0.7759739309549332,0.026973853,0.14400001,0.13600000739097595,0.14600000903010368,0.022107176,0.0,0.0,0.0,0.0,0.15073091,0.13800394907593727,0.1609802581369877,0.017677117,18.340229,18.340229034423828,18.340229034423828,0.0,18.36023,18.3602294921875,18.3602294921875,0.0,2940800.0,2940800.0,2940800.0,0.0
919,0.0,0.0,0.0,0.0,1.0,1.0,1.0,0.0,0.51272076,0.5119045525789261,0.5147665441036224,0.0030545865,0.51272076,0.5119045525789261,0.5147665441036224,0.0030545865,1.0248176,1.0186816453933716,1.0465639531612396,0.03213027,0.094689064,0.08983629569411278,0.09579215385019779,0.007286247,0.094689064,0.08983629569411278,0.09579215385019779,0.007286247,1.0,1.0,1.0,0.0,2.0117937e-11,1.908690349869402e-11,2.0352303609777467e-11,1.5480588e-12,2.1246316e-10,2.1246315817791128e-10,2.1246315817791128e-10,0.0,-27.016268,-27.54731273651123,-26.63724136352539,0.83351016,2.2546437,2.241144359111786,2.3024867177009583,0.070688024,0.751548,0.7470481246709824,0.7674955874681473,0.023562672,0.16066667,0.13600000739097595,0.17400000989437103,0.033328485,0.0006666667,0.0,0.0,0.0023094013,0.1523453,0.13867149874567986,0.164580836892128,0.0175918,18.36023,18.3602294921875,18.3602294921875,0.0,18.38023,18.380229949951172,18.380229949951172,0.0,2944000.0,2944000.0,2944000.0,0.0
920,0.0,0.0,0.0,0.0,1.0,1.0,1.0,0.0,0.51272076,0.5119045525789261,0.5147665441036224,0.0030545865,0.51272076,0.5119045525789261,0.5147665441036224,0.0030545865,1.0311426,1.0099760293960571,1.0506522357463837,0.036002513,0.09337318,0.08899188041687012,0.09773680195212364,0.0077223545,0.09337318,0.08899188041687012,0.09773680195212364,0.0077223545,1.0,1.0,1.0,0.0,1.9445527e-11,1.853309389635016e-11,2.0354275990369652e-11,1.6082266e-12,2.0825601e-10,2.0825600965945767e-10,2.0825600965945767e-10,0.0,-27.359972,-27.594141483306885,-26.93235158920288,0.6083261,2.268559,2.2219916582107544,2.3114810585975647,0.079207085,0.7561863,0.7406639009714127,0.7704937011003494,0.026402356,0.15200001,0.1340000070631504,0.17800001427531242,0.03658117,0.0,0.0,0.0,0.0,0.15886916,0.14565622434020042,0.16254746168851852,0.023760702,18.38023,18.380229949951172,18.380229949951172,0.0,18.40023,18.400230407714844,18.400230407714844,0.0,2947200.0,2947200.0,2947200.0,0.0
921,0.0,0.0,0.0,0.0,1.0,1.0,1.0,0.0,0.51272076,0.5119045525789261,0.5147665441036224,0.0030545865,0.51272076,0.5119045525789261,0.5147665441036224,0.0030545865,1.0275522,1.002331018447876,1.04619961977005,0.036888327,0.09415934,0.08995572477579117,0.09947345964610577,0.00783072,0.09415934,0.08995572477579117,0.09947345964610577,0.00783072,1.0,1.0,1.0,0.0,1.922095e-11,1.8362857241716046e-11,2.0305732355979655e-11,1.5985017e-12,2.0413217e-10,2.0413216950121438e-10,2.0413216950121438e-10,0.0,-27.225914,-27.50467300415039,-26.73420524597168,0.86988956,2.2606602,2.2051721811294556,2.3016850352287292,0.08115596,0.7535534,0.7350573986768723,0.7672283500432968,0.027051985,0.16133334,0.14600000903010368,0.18400001153349876,0.038568318,0.0,0.0,0.0,0.0,0.15659367,0.14823469892144203,0.16801489517092705,0.0135701345,18.40023,18.400230407714844,18.400230407714844,0.0,18.42023,18.420230865478516,18.420230865478516,0.0,2950400.0,2950400.0,2950400.0,0.0
922,0.0,0.0,0.0,0.0,1.0,1.0,1.0,0.0,0.51272076,0.5119045525789261,0.5147665441036224,0.0030545865,0.51272076,0.5119045525789261,0.5147665441036224,0.0030545865,1.041152,1.02537003159523,1.0460014045238495,0.036159623,0.08516959,0.0899497102946043,0.09432576410472393,0.0271576,0.09123824,0.0899497102946043,0.09432576410472393,0.0071953572,0.9166667,1.0,1.0,0.28867513,1.7041583e-11,1.7998036654781613e-11,1.887364049768525e-11,5.433963e-12,2.0008999e-10,2.0008998624643226e-10,2.0008998624643226e-10,0.0,-27.394342,-27.722211360931396,-27.060169219970703,0.5654934,2.29058,2.255859136581421,2.301249146461487,0.07955278,0.76352674,0.751953050494194,0.7670830637216568,0.026517602,0.154,0.1340000070631504,0.17600001394748688,0.038912494,0.0006666667,0.0,0.0,0.0023094013,0.1579337,0.14147143065929413,0.16857392713427544,0.025112757,18.42023,18.420230865478516,18.420230865478516,0.0,18.440231,18.440231323242188,18.440231323242188,0.0,2953600.0,2953600.0,2953600.0,0.0
923,0.0,0.0,0.0,0.0,1.0,1.0,1.0,0.0,0.51272076,0.5119045525789261,0.5147665441036224,0.0030545865,0.51272076,0.5119045525789261,0.5147665441036224,0.0030545865,1.0271746,1.0027141571044922,1.046105831861496,0.042513944,0.08784983,0.08994243666529655,0.09938609227538109,0.0286719,0.09434458,0.08994243666529655,0.09938609227538109,0.0091321105,0.9166667,1.0,1.0,0.28867513,1.72298e-11,1.7640216110753615e-11,1.9492379932373183e-11,5.623358e-12,1.9612785e-10,1.9612785007172562e-10,1.9612785007172562e-10,0.0,-27.155052,-27.427114963531494,-26.666863918304443,0.8461514,2.259829,2.2060152888298035,2.3014787435531616,0.09353251,0.75327635,0.7353384345769882,0.7671595811843872,0.031177498,0.16833334,0.13749999925494194,0.1899999938905239,0.041524,0.0,0.0,0.0,0.0,0.15177749,0.14039960876107216,0.15919119864702225,0.024440851,18.440231,18.440231323242188,18.440231323242188,0.0,18.460232,18.46023178100586,18.46023178100586,0.0,2956800.0,2956800.0,2956800.0,0.0
924,0.0,0.0,0.0,0.0,1.0,1.0,1.0,0.0,0.51272076,0.5119045525789261,0.5147665441036224,0.0030545865,0.51272076,0.5119045525789261,0.5147665441036224,0.0030545865,1.0354121,1.0184983015060425,1.0537708699703217,0.020899817,0.092267096,0.08835708349943161,0.09583274833858013,0.004411253,0.092267096,0.08835708349943161,0.09583274833858013,0.004411253,1.0,1.0,1.0,0.0,1.7737811e-11,1.6986133853647e-11,1.8423287201363436e-11,8.4803795e-13,1.9224417e-10,1.9224416503149655e-10,1.9224416503149655e-10,0.0,-27.454247,-27.868322372436523,-27.1145281791687,0.4598919,2.277952,2.240741014480591,2.31834214925766,0.04598054,0.7593174,0.7469137012958527,0.7727807313203812,0.015326848,0.14466667,0.12400000542402267,0.17000001296401024,0.029037077,0.0,0.0,0.0,0.0,0.16441715,0.15231960266828537,0.17888963222503662,0.016795427,18.460232,18.46023178100586,18.46023178100586,0.0,18.480232,18.48023223876953,18.48023223876953,0.0,2960000.0,2960000.0,2960000.0,0.0
925,0.0,0.0,0.0,0.0,1.0,1.0,1.0,0.0,0.51272076,0.5119045525789261,0.5147665441036224,0.0030545865,0.51272076,0.5119045525789261,0.5147665441036224,0.0030545865,1.0279044,1.0025993436574936,1.0467719435691833,0.030869165,0.09399545,0.08979696780443192,0.09941111877560616,0.0067388224,0.09399545,0.08979696780443192,0.09941111877560616,0.0067388224,1.0,1.0,1.0,0.0,1.7712259e-11,1.692110731046914e-11,1.873277357886116e-11,1.2698463e-12,1.8843742e-10,1.884374045690862e-10,1.884374045690862e-10,0.0,-27.28968,-27.596208572387695,-26.929981231689453,0.66153234,2.2614348,2.205762505531311,2.302944302558899,0.067913525,0.7538116,0.735254168510437,0.7676481157541275,0.022637838,0.16933334,0.15000000968575478,0.1940000019967556,0.031046396,0.0006666667,0.0,0.0,0.0023094013,0.15504675,0.13632217422127724,0.1684122048318386,0.021338541,18.480232,18.48023223876953,18.48023223876953,0.0,18.500233,18.500232696533203,18.500232696533203,0.0,2963200.0,2963200.0,2963200.0,0.0
926,0.0,0.0,0.0,0.0,1.0,1.0,1.0,0.0,0.51272076,0.5119045525789261,0.5147665441036224,0.0030545865,0.51272076,0.5119045525789261,0.5147665441036224,0.0030545865,1.0325458,1.00968337059021,1.0507886409759521,0.026593475,0.092937715,0.08896502293646336,0.09779498539865017,0.0055944542,0.092937715,0.08896502293646336,0.09779498539865017,0.0055944542,1.0,1.0,1.0,0.0,1.7166156e-11,1.643237369092221e-11,1.8063320370714786e-11,1.033329e-12,1.8470599e-10,1.8470600049447228e-10,1.8470600049447228e-10,0.0,-27.158653,-27.718582153320312,-26.6953125,0.7182641,2.2716463,2.221347689628601,2.311781108379364,0.058506824,0.75721544,0.7404492497444153,0.7705937325954437,0.019502275,0.14866668,0.12600000575184822,0.1600000113248825,0.02982779,0.0,0.0,0.0,0.0,0.15733835,0.1354382187128067,0.17214347049593925,0.028217161,18.500233,18.500232696533203,18.500232696533203,0.0,18.520233,18.520233154296875,18.520233154296875,0.0,2966400.0,2966400.0,2966400.0,0.0
927,0.0,0.0,0.0,0.0,1.0,1.0,1.0,0.0,0.51272076,0.5119045525789261,0.5147665441036224,0.0030545865,0.51272076,0.5119045525789261,0.5147665441036224,0.0030545865,1.0408895,1.0289873480796814,1.0567443668842316,0.030287111,0.09122091,0.08777284063398838,0.0935457069426775,0.006526227,0.09122091,0.08777284063398838,0.0935457069426775,0.006526227,1.0,1.0,1.0,0.0,1.6515405e-11,1.5891139099055707e-11,1.6936307824927388e-11,1.1815637e-12,1.8104847e-10,1.8104848176214716e-10,1.8104848176214716e-10,0.0,-27.53283,-28.091267585754395,-26.921508312225342,0.85800886,2.2900026,2.263817310333252,2.324883997440338,0.06663298,0.7633343,0.7546057850122452,0.7749613374471664,0.022210987,0.156,0.13200000673532486,0.18800001218914986,0.044148512,0.0,0.0,0.0,0.0,0.15582106,0.13870596140623093,0.17108621820807457,0.022023438,18.520233,18.520233154296875,18.520233154296875,0.0,18.540234,18.540233612060547,18.540233612060547,0.0,2969600.0,2969600.0,2969600.0,0.0
928,0.0,0.0,0.0,0.0,1.0,1.0,1.0,0.0,0.51272076,0.5119045525789261,0.5147665441036224,0.0030545865,0.51272076,0.5119045525789261,0.5147665441036224,0.0030545865,1.0365988,1.0165564715862274,1.0644881129264832,0.033118986,0.092164844,0.08620921708643436,0.09626026451587677,0.007089814,0.092164844,0.08620921708643436,0.09626026451587677,0.007089814,1.0,1.0,1.0,0.0,1.6355889e-11,1.5298983434275382e-11,1.7082677286617276e-11,1.2581829e-12,1.7746343e-10,1.7746343283775445e-10,1.7746343283775445e-10,0.0,-27.415314,-27.954548358917236,-27.08213996887207,0.74933594,2.280563,2.2364689707756042,2.341920495033264,0.07286321,0.7601877,0.7454896867275238,0.7806401997804642,0.024287734,0.14266668,0.10400000214576721,0.1640000119805336,0.047246616,0.0006666667,0.0,0.0,0.0023094013,0.1589723,0.1428653709590435,0.17159216478466988,0.017064914,18.540234,18.540233612060547,18.540233612060547,0.0,18.560234,18.56023406982422,18.56023406982422,0.0,2972800.0,2972800.0,2972800.0,0.0
929,0.0,0.0,0.0,0.0,1.0,1.0,1.0,0.0,0.51272076,0.5119045525789261,0.5147665441036224,0.0030545865,0.51272076,0.5119045525789261,0.5147665441036224,0.0030545865,1.029973,1.0198210179805756,1.0334365963935852,0.023307262,0.09345224,0.09259071201086044,0.09554044343531132,0.0048808795,0.09345224,0.09259071201086044,0.09554044343531132,0.0048808795,1.0,1.0,1.0,0.0,1.6255953e-11,1.610609041968747e-11,1.6619194301986662e-11,8.490258e-13,1.7394931e-10,1.7394931328684748e-10,1.7394931328684748e-10,0.0,-27.25041,-27.54124402999878,-26.888710021972656,0.63629055,2.2659857,2.24365097284317,2.2736058831214905,0.051276986,0.75532866,0.7478836625814438,0.7578686326742172,0.017092336,0.15733334,0.15200001001358032,0.1680000089108944,0.032955434,0.0006666667,0.0,0.0,0.0023094013,0.15390185,0.1422560028731823,0.16209617629647255,0.023948517,18.560234,18.56023406982422,18.56023406982422,0.0,18.580235,18.58023452758789,18.58023452758789,0.0,2976000.0,2976000.0,2976000.0,0.0
930,0.0,0.0,0.0,0.0,1.0,1.0,1.0,0.0,0.51272076,0.5119045525789261,0.5147665441036224,0.0030545865,0.51272076,0.5119045525789261,0.5147665441036224,0.0030545865,1.0472931,1.0275091528892517,1.0674062371253967,0.025164578,0.08981977,0.08562368154525757,0.09386237524449825,0.00516549,0.08981977,0.08562368154525757,0.09386237524449825,0.00516549,1.0,1.0,1.0,0.0,1.5314704e-11,1.4599251928898438e-11,1.6003988065338426e-11,8.807408e-13,1.7050483e-10,1.7050483247516013e-10,1.7050483247516013e-10,0.0,-27.565512,-28.196377754211426,-26.986538887023926,0.8280442,2.3040907,2.260565161705017,2.348340690135956,0.055363208,0.7680302,0.7535217255353928,0.782780259847641,0.018454397,0.14133334,0.12600000575184822,0.1600000113248825,0.032241516,0.0,0.0,0.0,0.0,0.16354345,0.14490706473588943,0.17347218841314316,0.02625791,18.580235,18.58023452758789,18.58023452758789,0.0,18.600235,18.600234985351562,18.600234985351562,0.0,2979200.0,2979200.0,2979200.0,0.0
931,0.0,0.0,0.0,0.0,1.0,1.0,1.0,0.0,0.51272076,0.5119045525789261,0.5147665441036224,0.0030545865,0.51272076,0.5119045525789261,0.5147665441036224,0.0030545865,1.038778,1.0137355327606201,1.0613967180252075,0.028443756,0.0916369,0.086817916482687,0.09688728861510754,0.0059448355,0.0916369,0.086817916482687,0.09688728861510754,0.0059448355,1.0,1.0,1.0,0.0,1.5315143e-11,1.450975060587889e-11,1.6192630136052655e-11,9.935516e-13,1.6712853e-10,1.6712853323497256e-10,1.6712853323497256e-10,0.0,-27.379457,-27.913753986358643,-26.666311264038086,0.7603124,2.285357,2.2302627563476562,2.3351194858551025,0.06257751,0.7617857,0.7434209287166595,0.7783731818199158,0.020859169,0.15266667,0.12800000607967377,0.17600001394748688,0.036970098,0.0,0.0,0.0,0.0,0.16176397,0.1503380611538887,0.17116756364703178,0.01775377,18.600235,18.600234985351562,18.600234985351562,0.0,18.620235,18.620235443115234,18.620235443115234,0.0,2982400.0,2982400.0,2982400.0,0.0
932,0.0,0.0,0.0,0.0,1.0,1.0,1.0,0.0,0.51272076,0.5119045525789261,0.5147665441036224,0.0030545865,0.51272076,0.5119045525789261,0.5147665441036224,0.0030545865,1.0307065,1.0134656727313995,1.0474914610385895,0.03150471,0.093397714,0.0896415188908577,0.0969506986439228,0.0067356797,0.093397714,0.0896415188908577,0.0969506986439228,0.0067356797,1.0,1.0,1.0,0.0,1.5300327e-11,1.4684990203017723e-11,1.5882373541331596e-11,1.1034329e-12,1.6381907e-10,1.6381906942086744e-10,1.6381906942086744e-10,0.0,-27.22235,-27.675994396209717,-26.902581691741943,0.84369224,2.2675993,2.229668974876404,2.304527163505554,0.06931174,0.7558665,0.7432229965925217,0.7681757211685181,0.02310391,0.15333335,0.12800000607967377,0.17000001296401024,0.027677802,0.0,0.0,0.0,0.0,0.15543287,0.14335838332772255,0.16920337453484535,0.023898613,18.620235,18.620235443115234,18.620235443115234,0.0,18.640236,18.640235900878906,18.640235900878906,0.0,2985600.0,2985600.0,2985600.0,0.0
933,0.0,0.0,0.0,0.0,1.0,1.0,1.0,0.0,0.51272076,0.5119045525789261,0.5147665441036224,0.0030545865,0.51272076,0.5119045525789261,0.5147665441036224,0.0030545865,1.0434177,1.0403874814510345,1.0533804297447205,0.02173762,0.09059048,0.08843469992280006,0.09112140536308289,0.0045589516,0.09059048,0.08843469992280006,0.09112140536308289,0.0045589516,1.0,1.0,1.0,0.0,1.4546582e-11,1.420041775140879e-11,1.463183567362858e-11,7.320546e-13,1.6057518e-10,1.6057517815415423e-10,1.6057517815415423e-10,0.0,-27.538736,-27.87743902206421,-27.267244815826416,0.7826679,2.2955647,2.288898229598999,2.3174833059310913,0.0478237,0.7651883,0.7629661113023758,0.7724944651126862,0.01594123,0.14866668,0.12600000575184822,0.17600001394748688,0.035525497,0.0,0.0,0.0,0.0,0.1588846,0.14359969273209572,0.16682586446404457,0.020965766,18.640236,18.640235900878906,18.640235900878906,0.0,18.660236,18.660236358642578,18.660236358642578,0.0,2988800.0,2988800.0,2988800.0,0.0
934,0.0,0.0,0.0,0.0,1.0,1.0,1.0,0.0,0.51272076,0.5119045525789261,0.5147665441036224,0.0030545865,0.51272076,0.5119045525789261,0.5147665441036224,0.0030545865,1.052838,1.0219673812389374,1.079638659954071,0.0358197,0.08255978,0.08324616774916649,0.09506872482597828,0.026634712,0.088818215,0.08324616774916649,0.09506872482597828,0.007217301,0.9166667,1.0,1.0,0.28867513,1.2994539e-11,1.3102572195625162e-11,1.4963389468464205e-11,4.1921835e-12,1.573955e-10,1.5739549941162778e-10,1.5739549941162778e-10,0.0,-27.870749,-28.334735870361328,-27.347195148468018,0.976653,2.31629,2.2483730912208557,2.3752524852752686,0.07880494,0.77209663,0.7494577169418335,0.7917508631944656,0.02626832,0.13733335,0.11600000411272049,0.1600000113248825,0.02725414,0.0,0.0,0.0,0.0,0.16114701,0.13826800137758255,0.17826835438609123,0.023698006,18.660236,18.660236358642578,18.660236358642578,0.0,18.680237,18.68023681640625,18.68023681640625,0.0,2992000.0,2992000.0,2992000.0,0.0
935,0.0,0.0,0.0,0.0,1.0,1.0,1.0,0.0,0.51272076,0.5119045525789261,0.5147665441036224,0.0030545865,0.51272076,0.5119045525789261,0.5147665441036224,0.0030545865,1.0274788,1.0095680058002472,1.0539473593235016,0.04094169,0.08768315,0.08832109346985817,0.097824826836586,0.028613366,0.09425292,0.08832109346985817,0.097824826836586,0.008933821,0.9166667,1.0,1.0,0.28867513,1.3527649e-11,1.3626069456790235e-11,1.5092294167878828e-11,4.414435e-12,1.5427877e-10,1.5427877031459758e-10,1.5427877031459758e-10,0.0,-27.116577,-27.401710510253906,-27.02457094192505,0.7696561,2.2604985,2.2210939526557922,2.3187305331230164,0.090073526,0.7534995,0.7403646558523178,0.7729102075099945,0.030024515,0.15,0.1340000070631504,0.17000000923871994,0.04396693,0.0,0.0,0.0,0.0,0.15444966,0.1448267325758934,0.16475431621074677,0.01821883,18.680237,18.68023681640625,18.68023681640625,0.0,18.700237,18.700237274169922,18.700237274169922,0.0,2995200.0,2995200.0,2995200.0,0.0
936,0.0,0.0,0.0,0.0,1.0,1.0,1.0,0.0,0.51272076,0.5119045525789261,0.5147665441036224,0.0030545865,0.51272076,0.5119045525789261,0.5147665441036224,0.0030545865,1.0390397,1.0071761310100555,1.0587480068206787,0.043150112,0.078872584,0.08734779432415962,0.09836418554186821,0.037326787,0.09181228,0.08734779432415962,0.09836418554186821,0.008961042,0.8333333,1.0,1.0,0.38924947,1.1927413e-11,1.3209065351932336e-11,1.4875006174724925e-11,5.6446983e-12,1.512238e-10,1.5122379737331215e-10,1.5122379737331215e-10,0.0,-27.441322,-27.922173976898193,-27.003675937652588,0.74752045,2.285933,2.215831696987152,2.3292922377586365,0.09493215,0.7619777,0.7386105805635452,0.7764307707548141,0.031644046,0.15249999,0.12749999575316906,0.17999999225139618,0.035451632,0.0008333333,0.0,0.0,0.0028867512,0.1575225,0.13997025787830353,0.17637428641319275,0.023341378,18.700237,18.700237274169922,18.700237274169922,0.0,18.720238,18.720237731933594,18.720237731933594,0.0,2998400.0,2998400.0,2998400.0,0.0
937,0.0,0.0,0.0,0.0,1.0,1.0,1.0,0.0,0.51272076,0.5119045525789261,0.5147665441036224,0.0030545865,0.51272076,0.5119045525789261,0.5147665441036224,0.0030545865,1.0283184,1.008962869644165,1.0495269894599915,0.027108684,0.0938542,0.08922233246266842,0.09795737825334072,0.0058217607,0.0938542,0.08922233246266842,0.09795737825334072,0.0058217607,1.0,1.0,1.0,0.0,1.3911944e-11,1.3225364163191311e-11,1.4520154176245192e-11,8.6295576e-13,1.482293e-10,1.4822930383129318e-10,1.4822930383129318e-10,0.0,-27.055536,-27.335055351257324,-26.74164628982544,0.6984323,2.2623456,2.219762623310089,2.309005558490753,0.059640292,0.7541153,0.739920899271965,0.7696685343980789,0.019880097,0.142,0.12600000575184822,0.1600000113248825,0.0275285,0.0,0.0,0.0,0.0,0.15209961,0.13840801268815994,0.1624883934855461,0.021177981,18.720238,18.720237731933594,18.720237731933594,0.0,18.740238,18.740238189697266,18.740238189697266,0.0,3001600.0,3001600.0,3001600.0,0.0
938,0.0,0.0,0.0,0.0,1.0,1.0,1.0,0.0,0.51272076,0.5119045525789261,0.5147665441036224,0.0030545865,0.51272076,0.5119045525789261,0.5147665441036224,0.0030545865,1.0395254,1.0217200815677643,1.0523904860019684,0.03102361,0.08504938,0.08863740041851997,0.09512178041040897,0.027177766,0.09151087,0.08863740041851997,0.09512178041040897,0.0063743414,0.9166667,1.0,1.0,0.28867513,1.23571734e-11,1.2878491025339334e-11,1.3820633222930145e-11,3.9487693e-12,1.452941e-10,1.452940961987892e-10,1.452940961987892e-10,0.0,-27.539904,-27.80123472213745,-27.064539909362793,0.80960155,2.2870016,2.247829020023346,2.315305233001709,0.068253316,0.76233387,0.7492763549089432,0.7717684209346771,0.022751106,0.14400001,0.1340000070631504,0.15400001034140587,0.019890614,0.0,0.0,0.0,0.0,0.15480356,0.14396828040480614,0.16485194116830826,0.019627357,18.740238,18.740238189697266,18.740238189697266,0.0,18.760239,18.760238647460938,18.760238647460938,0.0,3004800.0,3004800.0,3004800.0,0.0
939,0.0,0.0,0.0,0.0,1.0,1.0,1.0,0.0,0.51272076,0.5119045525789261,0.5147665441036224,0.0030545865,0.51272076,0.5119045525789261,0.5147665441036224,0.0030545865,1.0236279,1.0139150023460388,1.0381386876106262,0.016359862,0.09476632,0.09159365110099316,0.09684690274298191,0.0035586318,0.09476632,0.09159365110099316,0.09684690274298191,0.0035586318,1.0,1.0,1.0,0.0,1.3496335e-11,1.3044494087330327e-11,1.3792645844890039e-11,5.0680966e-13,1.4241701e-10,1.4241700874162433e-10,1.4241700874162433e-10,0.0,-26.878046,-27.050272464752197,-26.673404216766357,0.40111548,2.2520263,2.2306575775146484,2.2839507460594177,0.035992417,0.75067544,0.7435525357723236,0.7613169401884079,0.011997472,0.16466667,0.13600000739097595,0.1900000125169754,0.04361262,0.0,0.0,0.0,0.0,0.15275423,0.14325673133134842,0.16208209097385406,0.019848084,18.760239,18.760238647460938,18.760238647460938,0.0,18.78024,18.78023910522461,18.78023910522461,0.0,3008000.0,3008000.0,3008000.0,0.0
940,0.0,0.0,0.0,0.0,1.0,1.0,1.0,0.0,0.51272076,0.5119045525789261,0.5147665441036224,0.0030545865,0.51272076,0.5119045525789261,0.5147665441036224,0.0030545865,1.0318588,1.0073097348213196,1.0462444424629211,0.032344274,0.09316266,0.08991259522736073,0.09833244979381561,0.006910648,0.09316266,0.08991259522736073,0.09833244979381561,0.006910648,1.0,1.0,1.0,0.0,1.3005221e-11,1.2551519719405935e-11,1.372690524616138e-11,9.647051e-13,1.395969e-10,1.3959690348119835e-10,1.3959690348119835e-10,0.0,-27.245432,-27.772484302520752,-26.725045204162598,0.7665411,2.2701347,2.216125726699829,2.301783800125122,0.07115881,0.75671154,0.7387085855007172,0.767261266708374,0.023719601,0.15866667,0.14000000804662704,0.18200001120567322,0.04033797,0.0006666667,0.0,0.0,0.0023094013,0.15913445,0.1481177806854248,0.16832445934414864,0.013434978,18.78024,18.78023910522461,18.78023910522461,0.0,18.80024,18.80023956298828,18.80023956298828,0.0,3011200.0,3011200.0,3011200.0,0.0
941,0.0,0.0,0.0,0.0,1.0,1.0,1.0,0.0,0.51272076,0.5119045525789261,0.5147665441036224,0.0030545865,0.51272076,0.5119045525789261,0.5147665441036224,0.0030545865,1.0393311,1.025769829750061,1.0566059947013855,0.027973378,0.0915178,0.08778120577335358,0.09423890337347984,0.006015219,0.0915178,0.08778120577335358,0.09423890337347984,0.006015219,1.0,1.0,1.0,0.0,1.2522619e-11,1.2011332900518923e-11,1.2894956586892437e-11,8.2307826e-13,1.3683263e-10,1.3683262856112322e-10,1.3683262856112322e-10,0.0,-27.276949,-27.702081203460693,-27.072261333465576,0.48936835,2.286574,2.2567387223243713,2.3245795369148254,0.061542653,0.7621913,0.7522462606430054,0.7748598754405975,0.020514213,0.156,0.1420000083744526,0.17600001394748688,0.0360202,0.0006666667,0.0,0.0,0.0023094013,0.15535419,0.14472901821136475,0.16606424376368523,0.022272227,18.80024,18.80023956298828,18.80023956298828,0.0,18.82024,18.820240020751953,18.820240020751953,0.0,3014400.0,3014400.0,3014400.0,0.0
942,0.0,0.0,0.0,0.0,1.0,1.0,1.0,0.0,0.51272076,0.5119045525789261,0.5147665441036224,0.0030545865,0.51272076,0.5119045525789261,0.5147665441036224,0.0030545865,1.0485831,1.0250643193721771,1.0713346600532532,0.029693123,0.089608334,0.0848529003560543,0.0943923182785511,0.0061388304,0.089608334,0.0848529003560543,0.0943923182785511,0.0061388304,1.0,1.0,1.0,0.0,1.20185485e-11,1.1380735112989648e-11,1.2660191688398936e-11,8.2335896e-13,1.3412312e-10,1.341231153917377e-10,1.341231153917377e-10,0.0,-27.474428,-27.84315586090088,-27.073196411132812,0.5748781,2.3069289,2.2551864981651306,2.3569833040237427,0.06532617,0.7689764,0.7517288625240326,0.78566113114357,0.021775397,0.13466667,0.09600000083446503,0.1640000119805336,0.039902914,0.0,0.0,0.0,0.0,0.16693304,0.14123732596635818,0.1846763864159584,0.031558793,18.82024,18.820240020751953,18.820240020751953,0.0,18.84024,18.840240478515625,18.840240478515625,0.0,3017600.0,3017600.0,3017600.0,0.0
943,0.0,0.0,0.0,0.0,1.0,1.0,1.0,0.0,0.51272076,0.5119045525789261,0.5147665441036224,0.0030545865,0.51272076,0.5119045525789261,0.5147665441036224,0.0030545865,1.0339006,1.0245532989501953,1.0441040098667145,0.020593874,0.092585444,0.0903573464602232,0.0945032425224781,0.004330309,0.092585444,0.0903573464602232,0.0945032425224781,0.004330309,1.0,1.0,1.0,0.0,1.2171952e-11,1.1879029660974427e-11,1.2424078909764602e-11,5.6929364e-13,1.3146723e-10,1.314672259944416e-10,1.314672259944416e-10,0.0,-27.500053,-27.80770778656006,-27.19681406021118,0.65630585,2.274627,2.2540621757507324,2.297074615955353,0.04530747,0.758209,0.7513540685176849,0.7656915485858917,0.015102483,0.15133335,0.1340000070631504,0.17800001427531242,0.030407337,0.0006666667,0.0,0.0,0.0023094013,0.15923052,0.15050636231899261,0.16879408434033394,0.018604789,18.84024,18.840240478515625,18.840240478515625,0.0,18.86024,18.860240936279297,18.860240936279297,0.0,3020800.0,3020800.0,3020800.0,0.0
944,0.0,0.0,0.0,0.0,1.0,1.0,1.0,0.0,0.51272076,0.5119045525789261,0.5147665441036224,0.0030545865,0.51272076,0.5119045525789261,0.5147665441036224,0.0030545865,1.0456281,1.0284194648265839,1.0747760832309723,0.040043216,0.090383835,0.08419947698712349,0.09366620145738125,0.008542968,0.090383835,0.08419947698712349,0.09366620145738125,0.008542968,1.0,1.0,1.0,0.0,1.1647218e-11,1.0850277273877218e-11,1.2070196404867506e-11,1.1008803e-12,1.2886395e-10,1.2886394729072492e-10,1.2886394729072492e-10,0.0,-27.619944,-27.986527919769287,-27.392271041870117,0.54398674,2.3004277,2.262567937374115,2.3645545840263367,0.088096805,0.7668092,0.7541893422603607,0.7881848812103271,0.0293656,0.13733335,0.12000000476837158,0.14800000935792923,0.025716405,0.0,0.0,0.0,0.0,0.16147779,0.1555812880396843,0.17160094156861305,0.013569639,18.86024,18.860240936279297,18.860240936279297,0.0,18.880241,18.88024139404297,18.88024139404297,0.0,3024000.0,3024000.0,3024000.0,0.0
945,0.0,0.0,0.0,0.0,1.0,1.0,1.0,0.0,0.51272076,0.5119045525789261,0.5147665441036224,0.0030545865,0.51272076,0.5119045525789261,0.5147665441036224,0.0030545865,1.0228494,1.0075586140155792,1.0438288152217865,0.028098172,0.09505711,0.09040704369544983,0.09827497787773609,0.0061621764,0.09505711,0.09040704369544983,0.09827497787773609,0.0061621764,1.0,1.0,1.0,0.0,1.2006874e-11,1.1419513338412068e-11,1.2413329912586146e-11,7.7835817e-13,1.2631221e-10,1.2631221069092646e-10,1.2631221069092646e-10,0.0,-27.371271,-27.877100467681885,-27.012850761413574,0.7580524,2.2503138,2.216673195362091,2.296469271183014,0.06181718,0.7501046,0.7388910800218582,0.765489786863327,0.020605722,0.16466667,0.1420000083744526,0.19200000166893005,0.038662486,0.0006666667,0.0,0.0,0.0023094013,0.16065428,0.14747057110071182,0.16998376697301865,0.021980839,18.880241,18.88024139404297,18.88024139404297,0.0,18.900242,18.90024185180664,18.90024185180664,0.0,3027200.0,3027200.0,3027200.0,0.0
946,0.0,0.0,0.0,0.0,1.0,1.0,1.0,0.0,0.51272076,0.5119045525789261,0.5147665441036224,0.0030545865,0.51272076,0.5119045525789261,0.5147665441036224,0.0030545865,1.0374976,1.0194495022296906,1.0509931147098541,0.026034983,0.09187893,0.08893533982336521,0.09562738984823227,0.0054897666,0.09187893,0.08893533982336521,0.09562738984823227,0.0054897666,1.0,1.0,1.0,0.0,1.1375623e-11,1.1011173309954936e-11,1.1839722995413138e-11,6.796937e-13,1.23811e-10,1.2381100311653626e-10,1.2381100311653626e-10,0.0,-27.266512,-27.721530437469482,-26.60767698287964,0.6785158,2.2825406,2.242833733558655,2.312230944633484,0.05727809,0.76084685,0.7476112693548203,0.7707436680793762,0.0190927,0.15,0.12400000542402267,0.17800001427531242,0.039061725,0.0,0.0,0.0,0.0,0.16008732,0.15200844034552574,0.16803382337093353,0.017424306,18.900242,18.90024185180664,18.90024185180664,0.0,18.920242,18.920242309570312,18.920242309570312,0.0,3030400.0,3030400.0,3030400.0,0.0
947,0.0,0.0,0.0,0.0,1.0,1.0,1.0,0.0,0.51272076,0.5119045525789261,0.5147665441036224,0.0030545865,0.51272076,0.5119045525789261,0.5147665441036224,0.0030545865,1.0200549,1.001136600971222,1.0381353199481964,0.030511368,0.095702775,0.0915959607809782,0.09974922798573971,0.0066971937,0.095702775,0.0915959607809782,0.09974922798573971,0.0066971937,1.0,1.0,1.0,0.0,1.1614425e-11,1.111602411681123e-11,1.2105499328646241e-11,8.127669e-13,1.2135933e-10,1.2135932536683214e-10,1.2135932536683214e-10,0.0,-27.150368,-27.64933967590332,-26.565269947052002,0.67408335,2.2441657,2.2025445103645325,2.283943235874176,0.067126326,0.7480553,0.7341815233230591,0.7613144218921661,0.022375438,0.17800002,0.14800000935792923,0.20200000330805779,0.050032716,0.0,0.0,0.0,0.0,0.15842442,0.14671961218118668,0.16842997819185257,0.016188897,18.920242,18.920242309570312,18.920242309570312,0.0,18.940243,18.940242767333984,18.940242767333984,0.0,3033600.0,3033600.0,3033600.0,0.0
948,0.0,0.0,0.0,0.0,1.0,1.0,1.0,0.0,0.51272076,0.5119045525789261,0.5147665441036224,0.0030545865,0.51272076,0.5119045525789261,0.5147665441036224,0.0030545865,1.0360999,1.012302815914154,1.0649663805961609,0.030503562,0.09222966,0.08612018451094627,0.09720703959465027,0.0063638077,0.09222966,0.08612018451094627,0.09720703959465027,0.0063638077,1.0,1.0,1.0,0.0,1.0971289e-11,1.0244530267503049e-11,1.1563380895168729e-11,7.5701446e-13,1.189562e-10,1.1895620599666756e-10,1.1895620599666756e-10,0.0,-27.374254,-27.842443466186523,-27.042598247528076,0.78713113,2.2794654,2.2271105647087097,2.3429728746414185,0.06710921,0.75982183,0.742370218038559,0.7809909880161285,0.022369739,0.172,0.1420000083744526,0.19600000232458115,0.04086341,0.0,0.0,0.0,0.0,0.16025534,0.1460949219763279,0.16963747516274452,0.02133523,18.940243,18.940242767333984,18.940242767333984,0.0,18.960243,18.960243225097656,18.960243225097656,0.0,3036800.0,3036800.0,3036800.0,0.0
949,0.0,0.0,0.0,0.0,1.0,1.0,1.0,0.0,0.51272076,0.5119045525789261,0.5147665441036224,0.0030545865,0.51272076,0.5119045525789261,0.5147665441036224,0.0030545865,1.0256876,0.9968727231025696,1.046949952840805,0.031554542,0.094486386,0.0897549856454134,0.10072597488760948,0.0069245487,0.094486386,0.0897549856454134,0.10072597488760948,0.0069245487,1.0,1.0,1.0,0.0,1.1017174e-11,1.0465489586053422e-11,1.1744713925357364e-11,8.074067e-13,1.1660065e-10,1.1660064580532037e-10,1.1660064580532037e-10,0.0,-27.21939,-27.48024845123291,-26.834522247314453,0.68809104,2.2565575,2.193163752555847,2.303335964679718,0.06942139,0.7521859,0.7310546040534973,0.767778679728508,0.023140468,0.14416666,0.13749999925494194,0.1549999937415123,0.049627397,0.0,0.0,0.0,0.0,0.15278144,0.13724160566926003,0.16388444602489471,0.023707554,18.960243,18.960243225097656,18.960243225097656,0.0,18.980244,18.980243682861328,18.980243682861328,0.0,3040000.0,3040000.0,3040000.0,0.0
950,0.0,0.0,0.0,0.0,1.0,1.0,1.0,0.0,0.51272076,0.5119045525789261,0.5147665441036224,0.0030545865,0.51272076,0.5119045525789261,0.5147665441036224,0.0030545865,1.0276128,1.0044433176517487,1.0566499531269073,0.027622757,0.09401288,0.08777081035077572,0.09898781403899193,0.005924006,0.09401288,0.08777081035077572,0.09898781403899193,0.005924006,1.0,1.0,1.0,0.0,1.0744898e-11,1.0031480203800958e-11,1.1313491376369056e-11,6.7706507e-13,1.14291764e-10,1.1429175661437085e-10,1.1429175661437085e-10,0.0,-27.185944,-27.53502368927002,-26.749433994293213,0.70120966,2.2607934,2.2098193764686584,2.3246763348579407,0.060771286,0.7535978,0.7366064935922623,0.774892121553421,0.020257095,0.156,0.12600000575184822,0.19200000166893005,0.035858307,0.0006666667,0.0,0.0,0.0023094013,0.1637185,0.15550193190574646,0.1727830097079277,0.021557001,18.980244,18.980243682861328,18.980243682861328,0.0,19.000244,19.000244140625,19.000244140625,0.0,3043200.0,3043200.0,3043200.0,0.0
951,0.0,0.0,0.0,0.0,1.0,1.0,1.0,0.0,0.51272076,0.5119045525789261,0.5147665441036224,0.0030545865,0.51272076,0.5119045525789261,0.5147665441036224,0.0030545865,1.0161941,0.9860727190971375,1.0423819422721863,0.03285584,0.096590914,0.0907138716429472,0.10326012782752514,0.0072225463,0.096590914,0.0907138716429472,0.10326012782752514,0.0072225463,1.0,1.0,1.0,0.0,1.0820942e-11,1.0162545934985778e-11,1.1568085248395144e-11,8.091317e-13,1.12028574e-10,1.1202857391756638e-10,1.1202857391756638e-10,0.0,-27.088875,-27.333147525787354,-26.778814792633057,0.54498327,2.2356718,2.169403314590454,2.293286085128784,0.07228427,0.74522394,0.7231344729661942,0.7644287049770355,0.024094751,0.16466667,0.1420000083744526,0.18400001525878906,0.033675816,0.0,0.0,0.0,0.0,0.15347253,0.13125843927264214,0.16972407698631287,0.023458194,19.000244,19.000244140625,19.000244140625,0.0,19.020245,19.020244598388672,19.020244598388672,0.0,3046400.0,3046400.0,3046400.0,0.0
952,0.0,0.0,0.0,0.0,1.0,1.0,1.0,0.0,0.51272076,0.5119045525789261,0.5147665441036224,0.0030545865,0.51272076,0.5119045525789261,0.5147665441036224,0.0030545865,1.0138776,0.9860148727893829,1.04153174161911,0.03586898,0.097156666,0.09088831394910812,0.10327297076582909,0.007957545,0.097156666,0.09088831394910812,0.10327297076582909,0.007957545,1.0,1.0,1.0,0.0,1.0668796e-11,9.9804658895003e-12,1.134042794566359e-11,8.738197e-13,1.0981022e-10,1.0981022341427504e-10,1.0981022341427504e-10,0.0,-27.015053,-27.434240341186523,-26.571180820465088,0.6670954,2.2305753,2.1692760586738586,2.2914156317710876,0.07891331,0.7435251,0.7230920195579529,0.7638052105903625,0.026304433,0.13933334,0.12600000575184822,0.15200001001358032,0.018826162,0.0,0.0,0.0,0.0,0.16008623,0.14419713243842125,0.16993987187743187,0.022550063,19.020245,19.020244598388672,19.020244598388672,0.0,19.040245,19.040245056152344,19.040245056152344,0.0,3049600.0,3049600.0,3049600.0,0.0
953,0.0,0.0,0.0,0.0,1.0,1.0,1.0,0.0,0.51272076,0.5119045525789261,0.5147665441036224,0.0030545865,0.51272076,0.5119045525789261,0.5147665441036224,0.0030545865,1.0295926,1.003784328699112,1.0505169928073883,0.029160537,0.09360528,0.08902048133313656,0.09913294203579426,0.006240048,0.09360528,0.08902048133313656,0.09913294203579426,0.006240048,1.0,1.0,1.0,0.0,1.00752766e-11,9.581788270804359e-12,1.0670251140987297e-11,6.716525e-13,1.0763577e-10,1.0763577529271373e-10,1.0763577529271373e-10,0.0,-27.240097,-27.93745470046997,-26.56846809387207,0.97080284,2.265149,2.2083696722984314,2.3111835718154907,0.064154446,0.7550497,0.736123263835907,0.7703945338726044,0.021384811,0.13733335,0.11800000444054604,0.15400001034140587,0.030479006,0.0,0.0,0.0,0.0,0.15599401,0.1440683677792549,0.16700657829642296,0.017183715,19.040245,19.040245056152344,19.040245056152344,0.0,19.060246,19.060245513916016,19.060245513916016,0.0,3052800.0,3052800.0,3052800.0,0.0
954,0.0,0.0,0.0,0.0,1.0,1.0,1.0,0.0,0.51272076,0.5119045525789261,0.5147665441036224,0.0030545865,0.51272076,0.5119045525789261,0.5147665441036224,0.0030545865,1.0389698,1.019660472869873,1.0561283826828003,0.026396217,0.091571905,0.08787644281983376,0.09557601436972618,0.0055294796,0.091571905,0.08787644281983376,0.09557601436972618,0.0055294796,1.0,1.0,1.0,0.0,9.661238e-12,9.271349746958757e-12,1.0083688224693521e-11,5.8338425e-13,1.0550438e-10,1.0550438300782616e-10,1.0550438300782616e-10,0.0,-27.552797,-27.82806396484375,-27.393817901611328,0.6657878,2.2857792,2.2432978749275208,2.3235288858413696,0.05807288,0.7619264,0.747765988111496,0.7745096385478973,0.019357631,0.15266667,0.1380000077188015,0.1680000126361847,0.02470677,0.0,0.0,0.0,0.0,0.1636179,0.1508663333952427,0.17932966351509094,0.026638137,19.060246,19.060245513916016,19.060245513916016,0.0,19.080246,19.080245971679688,19.080245971679688,0.0,3056000.0,3056000.0,3056000.0,0.0
955,0.0,0.0,0.0,0.0,1.0,1.0,1.0,0.0,0.51272076,0.5119045525789261,0.5147665441036224,0.0030545865,0.51272076,0.5119045525789261,0.5147665441036224,0.0030545865,1.0305966,1.0203262269496918,1.0446506440639496,0.023236532,0.09332025,0.09023001231253147,0.09543279558420181,0.0050293184,0.09332025,0.09023001231253147,0.09543279558420181,0.0050293184,1.0,1.0,1.0,0.0,9.650734e-12,9.331156507197402e-12,9.869203327836362e-12,5.2010805e-13,1.0341522e-10,1.0341522083123778e-10,1.0341522083123778e-10,0.0,-27.459711,-27.87958574295044,-27.21988296508789,0.68539125,2.2673578,2.2447624802589417,2.2982773780822754,0.05112139,0.75578594,0.7482541650533676,0.7660924792289734,0.017040465,0.15133335,0.12600000575184822,0.17800001427531242,0.032264065,0.0,0.0,0.0,0.0,0.15865165,0.15150458738207817,0.1708642654120922,0.01781231,19.080246,19.080245971679688,19.080245971679688,0.0,19.100246,19.10024642944336,19.10024642944336,0.0,3059200.0,3059200.0,3059200.0,0.0
956,0.0,0.0,0.0,0.0,1.0,1.0,1.0,0.0,0.51272076,0.5119045525789261,0.5147665441036224,0.0030545865,0.51272076,0.5119045525789261,0.5147665441036224,0.0030545865,1.0304254,1.0105844736099243,1.0591301023960114,0.029817788,0.093434654,0.08727104030549526,0.09759480506181717,0.0063648764,0.093434654,0.08727104030549526,0.09759480506181717,0.0063648764,1.0,1.0,1.0,0.0,9.471228e-12,8.846438772497356e-12,9.892932393423814e-12,6.4519104e-13,1.0136741e-10,1.0136740752342277e-10,1.0136740752342277e-10,0.0,-27.463583,-27.714619159698486,-27.11104440689087,0.6769787,2.2669811,2.2233301401138306,2.3301326632499695,0.06560046,0.75566036,0.7411100566387177,0.7767109274864197,0.021866817,0.14666668,0.12800000607967377,0.16600001230835915,0.028608117,0.0,0.0,0.0,0.0,0.15781865,0.14677874371409416,0.16383080929517746,0.020860955,19.100246,19.10024642944336,19.10024642944336,0.0,19.120247,19.12024688720703,19.12024688720703,0.0,3062400.0,3062400.0,3062400.0,0.0
957,0.0,0.0,0.0,0.0,1.0,1.0,1.0,0.0,0.51272076,0.5119045525789261,0.5147665441036224,0.0030545865,0.51272076,0.5119045525789261,0.5147665441036224,0.0030545865,1.0311157,1.0098906010389328,1.0623177289962769,0.043245748,0.09350858,0.08666398003697395,0.09777742251753807,0.009273154,0.09350858,0.08666398003697395,0.09777742251753807,0.009273154,1.0,1.0,1.0,0.0,9.291027e-12,8.610946157505683e-12,9.715179832489595e-12,9.21382e-13,9.936015e-11,9.93601520504761e-11,9.93601520504761e-11,0.0,-27.195816,-27.629637241363525,-26.56642198562622,0.8996594,2.2684999,2.221803605556488,2.3371456265449524,0.09514251,0.75616664,0.7406012415885925,0.7790485471487045,0.031714167,0.15200001,0.13600000739097595,0.16600001230835915,0.027289692,0.002,0.0,0.0,0.0049726525,0.14402318,0.13152865320444107,0.1493186615407467,0.019576376,19.120247,19.12024688720703,19.12024688720703,0.0,19.140247,19.140247344970703,19.140247344970703,0.0,3065600.0,3065600.0,3065600.0,0.0
958,0.0,0.0,0.0,0.0,1.0,1.0,1.0,0.0,0.51272076,0.5119045525789261,0.5147665441036224,0.0030545865,0.51272076,0.5119045525789261,0.5147665441036224,0.0030545865,1.0504032,1.0315742492675781,1.0688409209251404,0.034279842,0.083034135,0.08534139022231102,0.09299080073833466,0.026676608,0.08929358,0.08534139022231102,0.09299080073833466,0.0069148093,0.9166667,1.0,1.0,0.28867513,8.086914e-12,8.31162374169414e-12,9.056620254091485e-12,2.5981055e-12,9.739265e-11,9.739264950070492e-11,9.739264950070492e-11,0.0,-27.765566,-27.999492168426514,-27.38163185119629,0.6155066,2.3109334,2.269508719444275,2.351496994495392,0.075417146,0.7703111,0.7565029263496399,0.7838323414325714,0.025139052,0.16200002,0.1420000083744526,0.1720000095665455,0.033962544,0.0,0.0,0.0,0.0,0.16375382,0.14812558889389038,0.17673662304878235,0.021666454,19.140247,19.140247344970703,19.140247344970703,0.0,19.160248,19.160247802734375,19.160247802734375,0.0,3068800.0,3068800.0,3068800.0,0.0
959,0.0,0.0,0.0,0.0,1.0,1.0,1.0,0.0,0.51272076,0.5119045525789261,0.5147665441036224,0.0030545865,0.51272076,0.5119045525789261,0.5147665441036224,0.0030545865,1.021935,1.0109731405973434,1.0290232300758362,0.026024334,0.09522891,0.09353560954332352,0.09752053767442703,0.0055806097,0.09522891,0.09353560954332352,0.09752053767442703,0.0055806097,1.0,1.0,1.0,0.0,9.090943e-12,8.929293936199567e-12,9.309711421906508e-12,5.32748e-13,9.546411e-11,9.546410884020418e-11,9.546410884020418e-11,0.0,-27.085014,-27.626787662506104,-26.717039585113525,0.69691503,2.2483017,2.224185287952423,2.263896346092224,0.057254687,0.749434,0.741395115852356,0.7546321302652359,0.019084897,0.15866669,0.1340000070631504,0.17000001296401024,0.03718586,0.0,0.0,0.0,0.0,0.14361842,0.13585847988724709,0.15013279393315315,0.016959146,19.160248,19.160247802734375,19.160247802734375,0.0,19.180248,19.180248260498047,19.180248260498047,0.0,3072000.0,3072000.0,3072000.0,0.0
960,0.0,0.0,0.0,0.0,1.0,1.0,1.0,0.0,0.51272076,0.5119045525789261,0.5147665441036224,0.0030545865,0.51272076,0.5119045525789261,0.5147665441036224,0.0030545865,1.0368892,1.0269271433353424,1.0493243336677551,0.031582717,0.08547018,0.08927734941244125,0.09400391206145287,0.027439442,0.09207905,0.08927734941244125,0.09400391206145287,0.0066801272,0.9166667,1.0,1.0,0.28867513,7.997765e-12,8.354016480319193e-12,8.796298758828591e-12,2.5676115e-12,9.357375e-11,9.357375291285663e-11,9.357375291285663e-11,0.0,-27.278368,-27.629653453826904,-26.9026141166687,0.72191435,2.2812018,2.259284794330597,2.3085595965385437,0.06948334,0.7604006,0.753094956278801,0.7695198655128479,0.02316111,0.16466667,0.1420000083744526,0.1940000019967556,0.035525493,0.0013333334,0.0,0.0,0.003113996,0.15674554,0.14310219138860703,0.17396913841366768,0.023644498,19.180248,19.180248260498047,19.180248260498047,0.0,19.200249,19.20024871826172,19.20024871826172,0.0,3075200.0,3075200.0,3075200.0,0.0
961,0.0,0.0,0.0,0.0,1.0,1.0,1.0,0.0,0.51272076,0.5119045525789261,0.5147665441036224,0.0030545865,0.51272076,0.5119045525789261,0.5147665441036224,0.0030545865,1.0425011,1.0070244073867798,1.0911063253879547,0.047167305,0.08463795,0.0810791403055191,0.0983956977725029,0.028129095,0.09116725,0.0810791403055191,0.0983956977725029,0.009853747,0.9166667,1.0,1.0,0.28867513,7.763062e-12,7.436645049763158e-12,9.024934011919727e-12,2.5800237e-12,9.172082e-11,9.172081844033286e-11,9.172081844033286e-11,0.0,-27.521309,-28.28931427001953,-26.6938738822937,1.1339597,2.2935483,2.215497851371765,2.400481879711151,0.10377015,0.7645161,0.7384993135929108,0.8001606613397598,0.034590058,0.15533334,0.11800000444054604,0.20200000330805779,0.046580005,0.0,0.0,0.0,0.0,0.15144473,0.1383686475455761,0.16461339965462685,0.019604485,19.200249,19.20024871826172,19.20024871826172,0.0,19.22025,19.22024917602539,19.22024917602539,0.0,3078400.0,3078400.0,3078400.0,0.0
962,0.0,0.0,0.0,0.0,1.0,1.0,1.0,0.0,0.51272076,0.5119045525789261,0.5147665441036224,0.0030545865,0.51272076,0.5119045525789261,0.5147665441036224,0.0030545865,1.0473505,1.0279958248138428,1.0550821721553802,0.037841063,0.0771204,0.08808868937194347,0.09377607516944408,0.03634786,0.08997954,0.08808868937194347,0.09377607516944408,0.007719424,0.8333333,1.0,1.0,0.38924947,6.933477e-12,7.919576019282948e-12,8.430898340572313e-12,3.267839e-12,8.990458e-11,8.990457683877295e-11,8.990457683877295e-11,0.0,-27.548708,-27.703086376190186,-27.0502610206604,1.0240983,2.3042173,2.2616360187530518,2.3212270736694336,0.08325197,0.7680724,0.7538787126541138,0.7737423777580261,0.027750649,0.14416666,0.11249999701976776,0.17249999940395355,0.05071459,0.0,0.0,0.0,0.0,0.15453121,0.14494318515062332,0.15975264459848404,0.01914557,19.22025,19.22024917602539,19.22024917602539,0.0,19.24025,19.240249633789062,19.240249633789062,0.0,3081600.0,3081600.0,3081600.0,0.0
963,0.0,0.0,0.0,0.0,1.0,1.0,1.0,0.0,0.51272076,0.5119045525789261,0.5147665441036224,0.0030545865,0.51272076,0.5119045525789261,0.5147665441036224,0.0030545865,1.0427495,1.0315964221954346,1.0590649843215942,0.021341156,0.09072613,0.08728407509624958,0.09298422373831272,0.00447794,0.09072613,0.08728407509624958,0.09298422373831272,0.00447794,1.0,1.0,1.0,0.0,7.9951774e-12,7.69184911077192e-12,8.194170602465745e-12,3.9461538e-13,8.812431e-11,8.81243134021048e-11,8.81243134021048e-11,0.0,-27.440811,-27.766897678375244,-27.030991077423096,0.71843624,2.2940948,2.2695573568344116,2.329989492893219,0.046951476,0.76469827,0.7565191388130188,0.7766631841659546,0.015650494,0.148,0.12800000607967377,0.16200001165270805,0.02609075,0.0006666667,0.0,0.0,0.0023094013,0.15928032,0.1480456069111824,0.1789647340774536,0.019864457,19.24025,19.240249633789062,19.240249633789062,0.0,19.26025,19.260250091552734,19.260250091552734,0.0,3084800.0,3084800.0,3084800.0,0.0
964,0.0,0.0,0.0,0.0,1.0,1.0,1.0,0.0,0.51272076,0.5119045525789261,0.5147665441036224,0.0030545865,0.51272076,0.5119045525789261,0.5147665441036224,0.0030545865,1.0314292,1.016979694366455,1.0460989773273468,0.030578915,0.09323151,0.08994286879897118,0.09616594016551971,0.006621323,0.09323151,0.08994286879897118,0.09616594016551971,0.006621323,1.0,1.0,1.0,0.0,8.0532725e-12,7.769201514767898e-12,8.306746132960563e-12,5.7194527e-13,8.637929e-11,8.63792926075746e-11,8.63792926075746e-11,0.0,-27.430832,-28.083118438720703,-27.065196990966797,0.745032,2.2691896,2.237399935722351,2.3014637231826782,0.06727495,0.75639653,0.7457999885082245,0.7671546041965485,0.022424987,0.13800001,0.12600000575184822,0.14400000870227814,0.025096184,0.0,0.0,0.0,0.0,0.15483339,0.13471006602048874,0.17208269983530045,0.024893828,19.26025,19.260250091552734,19.260250091552734,0.0,19.28025,19.280250549316406,19.280250549316406,0.0,3088000.0,3088000.0,3088000.0,0.0
965,0.0,0.0,0.0,0.0,1.0,1.0,1.0,0.0,0.51272076,0.5119045525789261,0.5147665441036224,0.0030545865,0.51272076,0.5119045525789261,0.5147665441036224,0.0030545865,1.0253125,1.0139765739440918,1.0337897837162018,0.025465801,0.09448519,0.0925175342708826,0.09683731943368912,0.0054451455,0.09448519,0.0925175342708826,0.09683731943368912,0.0054451455,1.0,1.0,1.0,0.0,7.9999505e-12,7.833351155228652e-12,8.199102421307947e-12,4.6103415e-13,8.466883e-11,8.466882750468585e-11,8.466882750468585e-11,0.0,-27.277924,-27.699674129486084,-27.066643714904785,0.5780376,2.2557325,2.230793058872223,2.2743828892707825,0.05602588,0.75191087,0.7435977160930634,0.7581276446580887,0.018675297,0.168,0.15000000968575478,0.18800001218914986,0.033769272,0.0,0.0,0.0,0.0,0.15631571,0.1465066485106945,0.16111963987350464,0.018027404,19.28025,19.280250549316406,19.280250549316406,0.0,19.300251,19.300251007080078,19.300251007080078,0.0,3091200.0,3091200.0,3091200.0,0.0
966,0.0,0.0,0.0,0.0,1.0,1.0,1.0,0.0,0.51272076,0.5119045525789261,0.5147665441036224,0.0030545865,0.51272076,0.5119045525789261,0.5147665441036224,0.0030545865,1.0386404,1.0288217663764954,1.0505491197109222,0.027254429,0.0916538,0.08902177028357983,0.09362600930035114,0.0058312705,0.0916538,0.08902177028357983,0.09362600930035114,0.0058312705,1.0,1.0,1.0,0.0,7.606555e-12,7.388116377363141e-12,7.770232807874367e-12,4.8395023e-13,8.2992245e-11,8.299224502072988e-11,8.299224502072988e-11,0.0,-27.278093,-27.73569107055664,-26.805373191833496,0.5076939,2.2850544,2.2634531259536743,2.3112542033195496,0.059960935,0.76168483,0.7544844150543213,0.770418107509613,0.019986976,0.15533334,0.1380000077188015,0.17600001394748688,0.029037073,0.0006666667,0.0,0.0,0.0023094013,0.15784335,0.14813080057501793,0.16253674775362015,0.013228036,19.300251,19.300251007080078,19.300251007080078,0.0,19.320251,19.32025146484375,19.32025146484375,0.0,3094400.0,3094400.0,3094400.0,0.0
967,0.0,0.0,0.0,0.0,1.0,1.0,1.0,0.0,0.51272076,0.5119045525789261,0.5147665441036224,0.0030545865,0.51272076,0.5119045525789261,0.5147665441036224,0.0030545865,1.0192362,0.9944310188293457,1.044710487127304,0.040612422,0.09604841,0.09022373892366886,0.10130057670176029,0.008878661,0.09604841,0.09022373892366886,0.10130057670176029,0.008878661,1.0,1.0,1.0,0.0,7.813427e-12,7.339596812261373e-12,8.240684610388849e-12,7.222688e-13,8.1348844e-11,8.13488443274224e-11,8.13488443274224e-11,0.0,-27.201677,-28.076034545898438,-26.38367986679077,0.98191476,2.2423642,2.18779194355011,2.29840886592865,0.08934911,0.7474548,0.7292640060186386,0.7661363184452057,0.02978304,0.16733335,0.1340000070631504,0.1940000019967556,0.0421196,0.0,0.0,0.0,0.0,0.16403055,0.14569900929927826,0.18420423194766045,0.028267603,19.320251,19.32025146484375,19.32025146484375,0.0,19.340252,19.340251922607422,19.340251922607422,0.0,3097600.0,3097600.0,3097600.0,0.0
968,0.0,0.0,0.0,0.0,1.0,1.0,1.0,0.0,0.51272076,0.5119045525789261,0.5147665441036224,0.0030545865,0.51272076,0.5119045525789261,0.5147665441036224,0.0030545865,1.044074,0.9993932694196701,1.085414081811905,0.051568516,0.078116335,0.08216003887355328,0.1001460887491703,0.037448846,0.09093261,0.08216003887355328,0.1001460887491703,0.010730118,0.8333333,1.0,1.0,0.38924947,6.22884e-12,6.55127666525368e-12,7.98544845699578e-12,2.986096e-12,7.9737994e-11,7.973799398541814e-11,7.973799398541814e-11,0.0,-27.33966,-27.835559844970703,-26.433048248291016,1.2752275,2.2970088,2.1987090706825256,2.3879587054252625,0.11345298,0.76566964,0.7329030632972717,0.7959862649440765,0.037817653,0.14466667,0.1340000070631504,0.1600000113248825,0.020877713,0.0,0.0,0.0,0.0,0.15786357,0.1387321613729,0.16870618984103203,0.020930577,19.340252,19.340251922607422,19.340251922607422,0.0,19.360252,19.360252380371094,19.360252380371094,0.0,3100800.0,3100800.0,3100800.0,0.0
969,0.0,0.0,0.0,0.0,1.0,1.0,1.0,0.0,0.51272076,0.5119045525789261,0.5147665441036224,0.0030545865,0.51272076,0.5119045525789261,0.5147665441036224,0.0030545865,1.0419742,1.0185311138629913,1.0586559474468231,0.035360474,0.084536165,0.08743679523468018,0.09582954831421375,0.027289378,0.09105892,0.08743679523468018,0.09582954831421375,0.007224437,0.9166667,1.0,1.0,0.28867513,6.6072655e-12,6.833976201776892e-12,7.489945946445586e-12,2.1329117e-12,7.815904e-11,7.815904173869015e-11,7.815904173869015e-11,0.0,-27.602333,-27.965288162231445,-27.2419695854187,0.736482,2.2923892,2.240813136100769,2.329089641571045,0.07779462,0.7641297,0.7469377219676971,0.7763632386922836,0.02593154,0.17000002,0.15800001099705696,0.18400001153349876,0.03563451,0.0,0.0,0.0,0.0,0.16493966,0.15255217626690865,0.18277187645435333,0.016806806,19.360252,19.360252380371094,19.360252380371094,0.0,19.380253,19.380252838134766,19.380252838134766,0.0,3104000.0,3104000.0,3104000.0,0.0
970,0.0,0.0,0.0,0.0,1.0,1.0,1.0,0.0,0.51272076,0.5119045525789261,0.5147665441036224,0.0030545865,0.51272076,0.5119045525789261,0.5147665441036224,0.0030545865,1.0246058,1.0090214014053345,1.037935733795166,0.023910107,0.09462169,0.0916481576859951,0.09794428758323193,0.005121903,0.09462169,0.0916481576859951,0.09794428758323193,0.005121903,1.0,1.0,1.0,0.0,7.2490954e-12,7.021289040627654e-12,7.503643973533203e-12,3.9239591e-13,7.661135e-11,7.661134920899926e-11,7.661134920899926e-11,0.0,-27.236113,-27.454669952392578,-26.85376214981079,0.4405903,2.2541778,2.219891369342804,2.2835042476654053,0.052603297,0.7513926,0.7399637997150421,0.7611680924892426,0.017534435,0.16933334,0.14000000804662704,0.20200000330805779,0.049059026,0.0,0.0,0.0,0.0,0.15577258,0.14136100932955742,0.1647944338619709,0.019160392,19.380253,19.380252838134766,19.380252838134766,0.0,19.400253,19.400253295898438,19.400253295898438,0.0,3107200.0,3107200.0,3107200.0,0.0
971,0.0,0.0,0.0,0.0,1.0,1.0,1.0,0.0,0.51272076,0.5119045525789261,0.5147665441036224,0.0030545865,0.51272076,0.5119045525789261,0.5147665441036224,0.0030545865,1.0299486,0.9976006150245667,1.054263949394226,0.04571896,0.087358765,0.08830766007304192,0.1005638986825943,0.028704591,0.09380566,0.08830766007304192,0.1005638986825943,0.009691155,0.9166667,1.0,1.0,0.28867513,6.560146e-12,6.63140310892818e-12,7.551776695299828e-12,2.1555513e-12,7.509431e-11,7.509431271257583e-11,7.509431271257583e-11,0.0,-27.214163,-27.83832550048828,-26.48979902267456,0.8423012,2.2659323,2.1947651505470276,2.3194268941879272,0.10058368,0.7553108,0.7315884232521057,0.7731423228979111,0.033527892,0.15133335,0.13200000673532486,0.16200001165270805,0.0335026,0.0,0.0,0.0,0.0,0.16159832,0.14684223383665085,0.17336060106754303,0.016519047,19.400253,19.400253295898438,19.400253295898438,0.0,19.420254,19.42025375366211,19.42025375366211,0.0,3110400.0,3110400.0,3110400.0,0.0
972,0.0,0.0,0.0,0.0,1.0,1.0,1.0,0.0,0.51272076,0.5119045525789261,0.5147665441036224,0.0030545865,0.51272076,0.5119045525789261,0.5147665441036224,0.0030545865,1.0384673,1.0203085541725159,1.0611620247364044,0.031123426,0.09173902,0.08688103780150414,0.09543263912200928,0.0065681003,0.09173902,0.08688103780150414,0.09543263912200928,0.0065681003,1.0,1.0,1.0,0.0,6.7526627e-12,6.3950799950723836e-12,7.024540454522721e-12,4.834601e-13,7.3607315e-11,7.360731468786241e-11,7.360731468786241e-11,0.0,-27.620356,-28.023456573486328,-27.24768304824829,0.67456275,2.2846737,2.2447235584259033,2.334603011608124,0.06847292,0.7615579,0.748241201043129,0.7782010138034821,0.022824302,0.15666668,0.13600000739097595,0.17000001296401024,0.03059808,0.0,0.0,0.0,0.0,0.16449375,0.1538258008658886,0.16536298021674156,0.022432253,19.420254,19.42025375366211,19.42025375366211,0.0,19.440254,19.44025421142578,19.44025421142578,0.0,3113600.0,3113600.0,3113600.0,0.0
973,0.0,0.0,0.0,0.0,1.0,1.0,1.0,0.0,0.51272076,0.5119045525789261,0.5147665441036224,0.0030545865,0.51272076,0.5119045525789261,0.5147665441036224,0.0030545865,1.0429684,1.0242474973201752,1.0620615780353546,0.021765893,0.09068347,0.08669278211891651,0.09457018226385117,0.004497773,0.09068347,0.08669278211891651,0.09457018226385117,0.004497773,1.0,1.0,1.0,0.0,6.54279e-12,6.254863163870916e-12,6.823215928895843e-12,3.2451328e-13,7.214976e-11,7.214975838998328e-11,7.214975838998328e-11,0.0,-27.310045,-27.725419998168945,-27.08669900894165,0.5829764,2.2945762,2.2533894777297974,2.3365821838378906,0.04788589,0.7648587,0.7511298358440399,0.7788607329130173,0.015961956,0.12866667,0.11000000312924385,0.14000000804662704,0.02674232,0.0,0.0,0.0,0.0,0.16791771,0.1528269648551941,0.18772326037287712,0.02628152,19.440254,19.44025421142578,19.44025421142578,0.0,19.460255,19.460254669189453,19.460254669189453,0.0,3116800.0,3116800.0,3116800.0,0.0
974,0.0,0.0,0.0,0.0,1.0,1.0,1.0,0.0,0.51272076,0.5119045525789261,0.5147665441036224,0.0030545865,0.51272076,0.5119045525789261,0.5147665441036224,0.0030545865,1.0215092,0.9908166229724884,1.0438506305217743,0.037164744,0.09548321,0.09045151993632317,0.1021375022828579,0.0079918895,0.09548321,0.09045151993632317,0.1021375022828579,0.0079918895,1.0,1.0,1.0,0.0,6.7526735e-12,6.396827512133996e-12,7.223272544334969e-12,5.6519486e-13,7.072106e-11,7.072106095185049e-11,7.072106095185049e-11,0.0,-27.24408,-27.879634857177734,-26.608849048614502,0.8667564,2.247365,2.1798401474952698,2.2965171933174133,0.08176406,0.74912167,0.7266134172677994,0.7655057311058044,0.027254675,0.16733335,0.15000000968575478,0.17800001427531242,0.024470143,0.0,0.0,0.0,0.0,0.15845767,0.1524900086224079,0.16508418694138527,0.016648414,19.460255,19.460254669189453,19.460254669189453,0.0,19.480255,19.480255126953125,19.480255126953125,0.0,3120000.0,3120000.0,3120000.0,0.0
975,0.0,0.0,0.0,0.0,1.0,1.0,1.0,0.0,0.51272076,0.5119045525789261,0.5147665441036224,0.0030545865,0.51272076,0.5119045525789261,0.5147665441036224,0.0030545865,1.0337671,1.023974746465683,1.045734316110611,0.040052935,0.086396456,0.09000709280371666,0.09463355503976345,0.028138857,0.09288136,0.09000709280371666,0.09463355503976345,0.008604065,0.9166667,1.0,1.0,0.28867513,5.98906e-12,6.239351158128514e-12,6.560060545994506e-12,1.9506042e-12,6.932066e-11,6.932066032305784e-11,6.932066032305784e-11,0.0,-27.328997,-27.743474006652832,-26.796354293823242,0.9289477,2.2743332,2.2527894377708435,2.3006614446640015,0.08811821,0.75811106,0.7509298175573349,0.7668871730566025,0.029372742,0.17,0.13749999925494194,0.19249999523162842,0.046904158,0.0,0.0,0.0,0.0,0.14876051,0.1366059109568596,0.15753554552793503,0.021854153,19.480255,19.480255126953125,19.480255126953125,0.0,19.500256,19.500255584716797,19.500255584716797,0.0,3123200.0,3123200.0,3123200.0,0.0
976,0.0,0.0,0.0,0.0,1.0,1.0,1.0,0.0,0.51272076,0.5119045525789261,0.5147665441036224,0.0030545865,0.51272076,0.5119045525789261,0.5147665441036224,0.0030545865,1.0144587,1.0021049231290817,1.0284168124198914,0.029859502,0.09693702,0.0936704445630312,0.09951910749077797,0.0067480807,0.09693702,0.0936704445630312,0.09951910749077797,0.0067480807,1.0,1.0,1.0,0.0,6.586675e-12,6.364718105854317e-12,6.762123088040195e-12,4.5851853e-13,6.794799e-11,6.79479875143052e-11,6.79479875143052e-11,0.0,-27.101267,-27.528060913085938,-26.561115741729736,0.8768108,2.2318535,2.204674780368805,2.2625621557235718,0.06569223,0.74395114,0.7348916232585907,0.7541874051094055,0.021897411,0.15933333,0.13600000739097595,0.18400001525878906,0.031534493,0.0006666667,0.0,0.0,0.0023094013,0.1549723,0.14917141199111938,0.16095446050167084,0.010212019,19.500256,19.500255584716797,19.500255584716797,0.0,19.520256,19.52025604248047,19.52025604248047,0.0,3126400.0,3126400.0,3126400.0,0.0
977,0.0,0.0,0.0,0.0,1.0,1.0,1.0,0.0,0.51272076,0.5119045525789261,0.5147665441036224,0.0030545865,0.51272076,0.5119045525789261,0.5147665441036224,0.0030545865,1.0368503,1.0287063717842102,1.0475205779075623,0.03229397,0.085569896,0.08963895030319691,0.09360396303236485,0.027464574,0.09209774,0.08963895030319691,0.09360396303236485,0.006849871,0.9166667,1.0,1.0,0.28867513,5.699169e-12,5.970178236329449e-12,6.234257901582829e-12,1.8292093e-12,6.66025e-11,6.660250129186807e-11,6.660250129186807e-11,0.0,-27.275772,-27.80168056488037,-26.760368824005127,0.739031,2.2811162,2.263199210166931,2.3045912981033325,0.07104814,0.7603721,0.7543997466564178,0.7681971192359924,0.023682714,0.14333333,0.12000000476837158,0.1600000113248825,0.028633527,0.0,0.0,0.0,0.0,0.15780711,0.15094154700636864,0.16754286363720894,0.018204223,19.520256,19.52025604248047,19.52025604248047,0.0,19.540257,19.54025650024414,19.54025650024414,0.0,3129600.0,3129600.0,3129600.0,0.0
978,0.0,0.0,0.0,0.0,1.0,1.0,1.0,0.0,0.51272076,0.5119045525789261,0.5147665441036224,0.0030545865,0.51272076,0.5119045525789261,0.5147665441036224,0.0030545865,1.0457463,1.0297392904758453,1.0644065141677856,0.02729096,0.09016474,0.0862271785736084,0.0933819655328989,0.0056355465,0.09016474,0.0862271785736084,0.0933819655328989,0.0056355465,1.0,1.0,1.0,0.0,5.886284e-12,5.629225384440328e-12,6.0963157265392365e-12,3.6790905e-13,6.5283653e-11,6.528365348312803e-11,6.528365348312803e-11,0.0,-27.357168,-27.81209373474121,-26.98869752883911,0.64885914,2.3006878,2.265471577644348,2.341741144657135,0.060041297,0.76689595,0.7551572024822235,0.7805803865194321,0.020013765,0.14666668,0.13600000739097595,0.1680000126361847,0.030952556,0.0,0.0,0.0,0.0,0.15407497,0.138217031955719,0.16687030345201492,0.01908669,19.540257,19.54025650024414,19.54025650024414,0.0,19.560257,19.560256958007812,19.560256958007812,0.0,3132800.0,3132800.0,3132800.0,0.0
979,0.0,0.0,0.0,0.0,1.0,1.0,1.0,0.0,0.51272076,0.5119045525789261,0.5147665441036224,0.0030545865,0.51272076,0.5119045525789261,0.5147665441036224,0.0030545865,1.0211226,0.9998815357685089,1.0510985553264618,0.03888141,0.09560525,0.0889002364128828,0.10002932511270046,0.008640017,0.09560525,0.0889002364128828,0.10002932511270046,0.008640017,1.0,1.0,1.0,0.0,6.117867e-12,5.688807606409052e-12,6.400968188650935e-12,5.5288266e-13,6.399092e-11,6.39909167321484e-11,6.39909167321484e-11,0.0,-27.211798,-27.784321784973145,-26.711891651153564,0.8988771,2.2465146,2.1997833251953125,2.312463104724884,0.08554085,0.7488382,0.7332611083984375,0.7708210349082947,0.028513627,0.16133334,0.14400000870227814,0.17800001427531242,0.028095078,0.0006666667,0.0,0.0,0.0023094013,0.15118955,0.13744262605905533,0.1587805412709713,0.016689084,19.560257,19.560256958007812,19.560256958007812,0.0,19.580257,19.580257415771484,19.580257415771484,0.0,3136000.0,3136000.0,3136000.0,0.0
980,0.0,0.0,0.0,0.0,1.0,1.0,1.0,0.0,0.51272076,0.5119045525789261,0.5147665441036224,0.0030545865,0.51272076,0.5119045525789261,0.5147665441036224,0.0030545865,1.0343627,1.0021663755178452,1.05751633644104,0.035134852,0.09266854,0.08759716525673866,0.09950690157711506,0.0074337306,0.09266854,0.08759716525673866,0.09950690157711506,0.0074337306,1.0,1.0,1.0,0.0,5.812522e-12,5.494425877813902e-12,6.24144963143336e-12,4.6627177e-13,6.2723784e-11,6.27237844996742e-11,6.27237844996742e-11,0.0,-27.38836,-27.546629428863525,-27.23124885559082,0.39847842,2.2756433,2.204810082912445,2.326582372188568,0.07729819,0.7585478,0.7349367141723633,0.7755274921655655,0.025766071,0.15533334,0.13600000739097595,0.17000001296401024,0.035851546,0.0006666667,0.0,0.0,0.0023094013,0.15788126,0.1452929973602295,0.16531404852867126,0.014105738,19.580257,19.580257415771484,19.580257415771484,0.0,19.600258,19.600257873535156,19.600257873535156,0.0,3139200.0,3139200.0,3139200.0,0.0
981,0.0,0.0,0.0,0.0,1.0,1.0,1.0,0.0,0.51272076,0.5119045525789261,0.5147665441036224,0.0030545865,0.51272076,0.5119045525789261,0.5147665441036224,0.0030545865,1.0169643,1.0075189918279648,1.0354361534118652,0.028795537,0.096366376,0.09216530062258244,0.09829930402338505,0.006553491,0.096366376,0.09216530062258244,0.09829930402338505,0.006553491,1.0,1.0,1.0,0.0,5.9247724e-12,5.6664825826349685e-12,6.043611791572978e-12,4.0291997e-13,6.1481736e-11,6.148173636866261e-11,6.148173636866261e-11,0.0,-27.188791,-27.851036548614502,-26.377018928527832,0.976042,2.237366,2.216586112976074,2.278005063533783,0.06335146,0.74578875,0.7388620525598526,0.7593350559473038,0.021117158,0.15533334,0.1340000070631504,0.17600001394748688,0.035688892,0.0006666667,0.0,0.0,0.0023094013,0.16513453,0.150482926517725,0.17325827851891518,0.022411669,19.600258,19.600257873535156,19.600257873535156,0.0,19.620258,19.620258331298828,19.620258331298828,0.0,3142400.0,3142400.0,3142400.0,0.0
982,0.0,0.0,0.0,0.0,1.0,1.0,1.0,0.0,0.51272076,0.5119045525789261,0.5147665441036224,0.0030545865,0.51272076,0.5119045525789261,0.5147665441036224,0.0030545865,1.031289,1.0226314067840576,1.0445488095283508,0.021458482,0.09315318,0.09025328792631626,0.0949223842471838,0.004614991,0.09315318,0.09025328792631626,0.0949223842471838,0.004614991,1.0,1.0,1.0,0.0,5.613811e-12,5.4390504686946395e-12,5.720430314333502e-12,2.7811913e-13,6.0264294e-11,6.026429355543428e-11,6.026429355543428e-11,0.0,-27.227234,-27.5855073928833,-26.848421573638916,0.67871433,2.268881,2.2498339414596558,2.298053205013275,0.04720964,0.7562937,0.7499446719884872,0.766017735004425,0.01573655,0.15533334,0.1340000070631504,0.17000001296401024,0.032800592,0.0013333334,0.0,0.0,0.003113996,0.15981229,0.14378340914845467,0.17519274726510048,0.02476193,19.620258,19.620258331298828,19.620258331298828,0.0,19.640259,19.6402587890625,19.6402587890625,0.0,3145600.0,3145600.0,3145600.0,0.0
983,0.0,0.0,0.0,0.0,1.0,1.0,1.0,0.0,0.51272076,0.5119045525789261,0.5147665441036224,0.0030545865,0.51272076,0.5119045525789261,0.5147665441036224,0.0030545865,1.0241796,1.000000461935997,1.045293539762497,0.033134114,0.09483861,0.09009707160294056,0.10000305064022541,0.007299023,0.09483861,0.09009707160294056,0.10000305064022541,0.007299023,1.0,1.0,1.0,0.0,5.6022075e-12,5.32212034859425e-12,5.907275862047923e-12,4.3116026e-13,5.9070956e-11,5.907095645962812e-11,5.907095645962812e-11,0.0,-27.181242,-27.556105136871338,-26.830068588256836,0.48012862,2.2532399,2.2000449895858765,2.299691677093506,0.07289651,0.75108004,0.7333483397960663,0.766563892364502,0.02429883,0.14133334,0.11000000312924385,0.17600001394748688,0.036474984,0.0006666667,0.0,0.0,0.0023094013,0.15587188,0.14100487530231476,0.1681325100362301,0.02079145,19.640259,19.6402587890625,19.6402587890625,0.0,19.66026,19.660259246826172,19.660259246826172,0.0,3148800.0,3148800.0,3148800.0,0.0
984,0.0,0.0,0.0,0.0,1.0,1.0,1.0,0.0,0.51272076,0.5119045525789261,0.5147665441036224,0.0030545865,0.51272076,0.5119045525789261,0.5147665441036224,0.0030545865,1.0322473,1.0129857957363129,1.057725876569748,0.03453274,0.09311739,0.0875536147505045,0.09706179238855839,0.007579996,0.09311739,0.0875536147505045,0.09706179238855839,0.007579996,1.0,1.0,1.0,0.0,5.3916125e-12,5.069463078488656e-12,5.6199982818513905e-12,4.388912e-13,5.7901243e-11,5.7901242828117816e-11,5.7901242828117816e-11,0.0,-27.219328,-27.68930435180664,-26.78215456008911,0.8405667,2.2709894,2.228613257408142,2.3270434737205505,0.07597354,0.75699645,0.7428710907697678,0.7756811678409576,0.025324516,0.13333334,0.1120000034570694,0.15400001034140587,0.023959566,0.0013333334,0.0,0.0,0.003113996,0.154654,0.1366240344941616,0.17076028510928154,0.02661197,19.66026,19.660259246826172,19.660259246826172,0.0,19.68026,19.680259704589844,19.680259704589844,0.0,3152000.0,3152000.0,3152000.0,0.0
985,0.0,0.0,0.0,0.0,1.0,1.0,1.0,0.0,0.51272076,0.5119045525789261,0.5147665441036224,0.0030545865,0.51272076,0.5119045525789261,0.5147665441036224,0.0030545865,1.0447689,1.0129472315311432,1.0887417793273926,0.042624533,0.07739799,0.08152154460549355,0.09707091748714447,0.036831554,0.09060204,0.08152154460549355,0.09707091748714447,0.00882047,0.8333333,1.0,1.0,0.38924947,4.3926993e-12,4.626730639237242e-12,5.509230766899409e-12,2.090364e-12,5.6754698e-11,5.675469816335266e-11,5.675469816335266e-11,0.0,-27.559626,-28.22033452987671,-27.02943992614746,0.7847847,2.2985377,2.2285284399986267,2.3952796459198,0.09377582,0.76617926,0.7428428381681442,0.7984265834093094,0.031258605,0.142,0.11800000444054604,0.1680000126361847,0.035959575,0.0,0.0,0.0,0.0,0.16060299,0.1449936293065548,0.16862458735704422,0.024496788,19.68026,19.680259704589844,19.680259704589844,0.0,19.70026,19.700260162353516,19.700260162353516,0.0,3155200.0,3155200.0,3155200.0,0.0
986,0.0,0.0,0.0,0.0,1.0,1.0,1.0,0.0,0.51272076,0.5119045525789261,0.5147665441036224,0.0030545865,0.51272076,0.5119045525789261,0.5147665441036224,0.0030545865,1.0281688,1.0014744699001312,1.0439581274986267,0.03898215,0.08757422,0.09044063091278076,0.09966284781694412,0.028286744,0.09405724,0.09044063091278076,0.09966284781694412,0.008110312,0.9166667,1.0,1.0,0.28867513,4.871829e-12,5.031289621038049e-12,5.5443293185686304e-12,1.5736157e-12,5.563085e-11,5.563085408999413e-11,5.563085408999413e-11,0.0,-27.221893,-27.574389457702637,-26.822105407714844,0.72297275,2.2620165,2.2032877802848816,2.296753764152527,0.08576246,0.7540055,0.734429270029068,0.7655846029520035,0.028587487,0.154,0.14000000804662704,0.17000001296401024,0.02390892,0.0,0.0,0.0,0.0,0.15549992,0.14580384641885757,0.1655241772532463,0.017623963,19.70026,19.700260162353516,19.700260162353516,0.0,19.72026,19.720260620117188,19.720260620117188,0.0,3158400.0,3158400.0,3158400.0,0.0
987,0.0,0.0,0.0,0.0,1.0,1.0,1.0,0.0,0.51272076,0.5119045525789261,0.5147665441036224,0.0030545865,0.51272076,0.5119045525789261,0.5147665441036224,0.0030545865,1.0313542,1.0223275423049927,1.0479473173618317,0.03428823,0.09330351,0.08954738266766071,0.09502726048231125,0.0074770357,0.09330351,0.08954738266766071,0.09502726048231125,0.0074770357,1.0,1.0,1.0,0.0,5.087772e-12,4.882952874506186e-12,5.181766582658398e-12,4.0771726e-13,5.452926e-11,5.4529263049385435e-11,5.4529263049385435e-11,0.0,-27.299704,-27.818798065185547,-26.88252067565918,0.6551126,2.2690246,2.2491654753684998,2.3055301308631897,0.07543562,0.7563415,0.7497218251228333,0.7685100585222244,0.025145197,0.14866668,0.12400000542402267,0.18400001525878906,0.032622732,0.0006666667,0.0,0.0,0.0023094013,0.17297752,0.15249818935990334,0.18788482621312141,0.030377768,19.72026,19.720260620117188,19.720260620117188,0.0,19.740261,19.74026107788086,19.74026107788086,0.0,3161600.0,3161600.0,3161600.0,0.0
988,0.0,0.0,0.0,0.0,1.0,1.0,1.0,0.0,0.51272076,0.5119045525789261,0.5147665441036224,0.0030545865,0.51272076,0.5119045525789261,0.5147665441036224,0.0030545865,1.0240712,1.0109546184539795,1.0347203612327576,0.030106727,0.09481498,0.09231656603515148,0.09750976599752903,0.00649613,0.09481498,0.09231656603515148,0.09750976599752903,0.00649613,1.0,1.0,1.0,0.0,5.067812e-12,4.9342733675003525e-12,5.21184690457227e-12,3.4721485e-13,5.3449484e-11,5.344948789121062e-11,5.344948789121062e-11,0.0,-27.093317,-27.637195587158203,-26.796552181243896,0.90566415,2.2530017,2.2241445183753967,2.2764301896095276,0.06623611,0.7510006,0.741381511092186,0.7588100731372833,0.022078699,0.155,0.14749999716877937,0.17999999225139618,0.039427724,0.0,0.0,0.0,0.0,0.1534629,0.14184917509555817,0.16777227818965912,0.021574546,19.740261,19.74026107788086,19.74026107788086,0.0,19.760262,19.76026153564453,19.76026153564453,0.0,3164800.0,3164800.0,3164800.0,0.0
989,0.0,0.0,0.0,0.0,1.0,1.0,1.0,0.0,0.51272076,0.5119045525789261,0.5147665441036224,0.0030545865,0.51272076,0.5119045525789261,0.5147665441036224,0.0030545865,1.0498625,1.00232994556427,1.0676663517951965,0.049073994,0.07735663,0.08557750470936298,0.09946517087519169,0.036719427,0.08966776,0.08557750470936298,0.09946517087519169,0.009888451,0.8333333,1.0,1.0,0.38924947,4.0527985e-12,4.48349875021431e-12,5.211088938833486e-12,1.9237708e-12,5.239109e-11,5.239109146515375e-11,5.239109146515375e-11,0.0,-27.696215,-28.301181316375732,-27.00684118270874,0.9855664,2.3097436,2.2051700353622437,2.3489128947257996,0.1079649,0.76991457,0.7350566983222961,0.7829709649085999,0.035988297,0.14866666,0.12000000476837158,0.17800001427531242,0.035525493,0.0,0.0,0.0,0.0,0.15568775,0.13936816528439522,0.1594686023890972,0.025130587,19.760262,19.76026153564453,19.76026153564453,0.0,19.780262,19.780261993408203,19.780261993408203,0.0,3168000.0,3168000.0,3168000.0,0.0
990,0.0,0.0,0.0,0.0,1.0,1.0,1.0,0.0,0.51272076,0.5119045525789261,0.5147665441036224,0.0030545865,0.51272076,0.5119045525789261,0.5147665441036224,0.0030545865,1.0318406,1.00774085521698,1.050628125667572,0.030505173,0.093140416,0.0889965295791626,0.09823344461619854,0.00651315,0.093140416,0.0889965295791626,0.09823344461619854,0.00651315,1.0,1.0,1.0,0.0,4.7831006e-12,4.570297157217851e-12,5.0446463412817666e-12,3.3447407e-13,5.1353654e-11,5.135365396813363e-11,5.135365396813363e-11,0.0,-27.421198,-27.731377601623535,-27.047203540802002,0.523665,2.2700946,2.217074155807495,2.3114280104637146,0.067112714,0.7566982,0.739024743437767,0.7704760283231735,0.02237091,0.156,0.1420000083744526,0.1680000126361847,0.021166012,0.0,0.0,0.0,0.0,0.15904145,0.15099597722291946,0.16942641884088516,0.017092885,19.780262,19.780261993408203,19.780261993408203,0.0,19.800262,19.800262451171875,19.800262451171875,0.0,3171200.0,3171200.0,3171200.0,0.0
991,0.0,0.0,0.0,0.0,1.0,1.0,1.0,0.0,0.51272076,0.5119045525789261,0.5147665441036224,0.0030545865,0.51272076,0.5119045525789261,0.5147665441036224,0.0030545865,1.0217999,0.9969745725393295,1.0383906662464142,0.034354236,0.095373265,0.09154052287340164,0.10069983452558517,0.0073760455,0.095373265,0.09154052287340164,0.10069983452558517,0.0073760455,1.0,1.0,1.0,0.0,4.8007817e-12,4.6078538120525314e-12,5.06890417226874e-12,3.712863e-13,5.0336766e-11,5.033676600540993e-11,5.033676600540993e-11,0.0,-27.182083,-27.650067806243896,-26.673234462738037,0.8268188,2.2480047,2.1933878660202026,2.284505069255829,0.07558081,0.7493349,0.7311293184757233,0.7615017294883728,0.0251936,0.15933335,0.15000000968575478,0.17600001394748688,0.034528866,0.0,0.0,0.0,0.0,0.15232888,0.14429714158177376,0.15869640186429024,0.02019652,19.800262,19.800262451171875,19.800262451171875,0.0,19.820263,19.820262908935547,19.820262908935547,0.0,3174400.0,3174400.0,3174400.0,0.0
992,0.0,0.0,0.0,0.0,1.0,1.0,1.0,0.0,0.51272076,0.5119045525789261,0.5147665441036224,0.0030545865,0.51272076,0.5119045525789261,0.5147665441036224,0.0030545865,1.0340052,1.0236440598964691,1.0358253419399261,0.026647786,0.08604304,0.09209114499390125,0.09470211714506149,0.027309487,0.09262451,0.09209114499390125,0.09470211714506149,0.0054823393,0.9166667,1.0,1.0,0.28867513,4.2453636e-12,4.543777138397986e-12,4.6726026910540175e-12,1.3474501e-12,4.934e-11,4.934000083500756e-11,4.934000083500756e-11,0.0,-27.571146,-27.773132801055908,-27.248942375183105,0.52867174,2.2748568,2.25206196308136,2.2788612842559814,0.058626298,0.7582856,0.7506873309612274,0.7596204280853271,0.019542105,0.15,0.1340000070631504,0.1600000113248825,0.02509618,0.0006666667,0.0,0.0,0.0023094013,0.1584924,0.14256755635142326,0.16643599793314934,0.023951296,19.820263,19.820262908935547,19.820262908935547,0.0,19.840263,19.84026336669922,19.84026336669922,0.0,3177600.0,3177600.0,3177600.0,0.0
993,0.0,0.0,0.0,0.0,1.0,1.0,1.0,0.0,0.51272076,0.5119045525789261,0.5147665441036224,0.0030545865,0.51272076,0.5119045525789261,0.5147665441036224,0.0030545865,1.0294757,1.0256755352020264,1.0401918292045593,0.02412208,0.093573086,0.09116342850029469,0.09427782520651817,0.005360474,0.093573086,0.09116342850029469,0.09427782520651817,0.005360474,1.0,1.0,1.0,0.0,4.5254733e-12,4.4089354563070504e-12,4.559556942076992e-12,2.5924854e-13,4.8362984e-11,4.836298375665571e-11,4.836298375665571e-11,0.0,-27.413263,-27.818188190460205,-26.597346782684326,0.84981203,2.2648919,2.2565311789512634,2.2884676456451416,0.053069606,0.75496393,0.7521770894527435,0.7628225684165955,0.017689869,0.16333334,0.14400000870227814,0.17000001296401024,0.027808871,0.0,0.0,0.0,0.0,0.1521321,0.14400094747543335,0.16517570987343788,0.018529655,19.840263,19.84026336669922,19.84026336669922,0.0,19.860264,19.86026382446289,19.86026382446289,0.0,3180800.0,3180800.0,3180800.0,0.0
994,0.0,0.0,0.0,0.0,1.0,1.0,1.0,0.0,0.51272076,0.5119045525789261,0.5147665441036224,0.0030545865,0.51272076,0.5119045525789261,0.5147665441036224,0.0030545865,1.0148476,0.9979887455701828,1.0285178124904633,0.028480193,0.09682866,0.09364492446184158,0.10046611912548542,0.0063037085,0.09682866,0.09364492446184158,0.10046611912548542,0.0063037085,1.0,1.0,1.0,0.0,4.5901924e-12,4.439266554183419e-12,4.762627358462224e-12,2.988292e-13,4.7405312e-11,4.7405308845061e-11,4.7405308845061e-11,0.0,-26.930307,-27.355639457702637,-26.441181182861328,0.73563373,2.2327092,2.19561904668808,2.262784421443939,0.06265768,0.74423647,0.7318730354309082,0.7542614936828613,0.020885898,0.15066667,0.13600000739097595,0.17000001296401024,0.024321089,0.0,0.0,0.0,0.0,0.14913012,0.13522802665829659,0.1554543599486351,0.017175745,19.860264,19.86026382446289,19.86026382446289,0.0,19.880264,19.880264282226562,19.880264282226562,0.0,3184000.0,3184000.0,3184000.0,0.0
995,0.0,0.0,0.0,0.0,1.0,1.0,1.0,0.0,0.51272076,0.5119045525789261,0.5147665441036224,0.0030545865,0.51272076,0.5119045525789261,0.5147665441036224,0.0030545865,1.0324603,1.0230999290943146,1.0440525114536285,0.024635274,0.092935316,0.09035424515604973,0.09482040256261826,0.0052823946,0.092935316,0.09035424515604973,0.09482040256261826,0.0052823946,1.0,1.0,1.0,0.0,4.318388e-12,4.1984545180728805e-12,4.405981655908331e-12,2.45455e-13,4.6466598e-11,4.646659793050567e-11,4.646659793050567e-11,0.0,-27.393732,-27.857327461242676,-26.880889415740967,0.8399603,2.2714581,2.250864863395691,2.296961486339569,0.054198667,0.75715274,0.7502883225679398,0.7656538635492325,0.018066224,0.156,0.14400000870227814,0.16200001165270805,0.028025962,0.0,0.0,0.0,0.0,0.15665393,0.14570574834942818,0.16843825951218605,0.015384984,19.880264,19.880264282226562,19.880264282226562,0.0,19.900265,19.900264739990234,19.900264739990234,0.0,3187200.0,3187200.0,3187200.0,0.0
996,0.0,0.0,0.0,0.0,1.0,1.0,1.0,0.0,0.51272076,0.5119045525789261,0.5147665441036224,0.0030545865,0.51272076,0.5119045525789261,0.5147665441036224,0.0030545865,1.0297743,1.0185652673244476,1.053521305322647,0.032931194,0.093627594,0.08840624056756496,0.09581531956791878,0.0074213324,0.093627594,0.08840624056756496,0.09581531956791878,0.0074213324,1.0,1.0,1.0,0.0,4.264407e-12,4.026593186483296e-12,4.364050570568323e-12,3.3801553e-13,4.554648e-11,4.554647978216586e-11,4.554647978216586e-11,0.0,-27.488075,-28.072650909423828,-27.24236822128296,0.8279363,2.2655487,2.2408883571624756,2.3177931904792786,0.07245005,0.7551829,0.7469628155231476,0.7725977599620819,0.024150014,0.16066667,0.1600000113248825,0.17800001427531242,0.036812384,0.0,0.0,0.0,0.0,0.1584079,0.14272375032305717,0.16141116619110107,0.016919201,19.900265,19.900264739990234,19.900264739990234,0.0,19.920265,19.920265197753906,19.920265197753906,0.0,3190400.0,3190400.0,3190400.0,0.0
997,0.0,0.0,0.0,0.0,1.0,1.0,1.0,0.0,0.51272076,0.5119045525789261,0.5147665441036224,0.0030545865,0.51272076,0.5119045525789261,0.5147665441036224,0.0030545865,1.0301545,0.997317835688591,1.0591001212596893,0.042315453,0.09370581,0.08727741055190563,0.10061977617442608,0.009364403,0.09370581,0.08727741055190563,0.10061977617442608,0.009364403,1.0,1.0,1.0,0.0,4.1834565e-12,3.8964632301935476e-12,4.492127698464687e-12,4.1806985e-13,4.464458e-11,4.464457969977076e-11,4.464457969977076e-11,0.0,-27.47486,-28.191202640533447,-26.75500774383545,0.8805319,2.2663848,2.194142997264862,2.3300668597221375,0.09309586,0.7554617,0.7313810139894485,0.7766889929771423,0.031031959,0.16333334,0.11600000411272049,0.20200000330805779,0.049487066,0.0,0.0,0.0,0.0,0.1558246,0.14500068873167038,0.16055838018655777,0.019305328,19.920265,19.920265197753906,19.920265197753906,0.0,19.940266,19.940265655517578,19.940265655517578,0.0,3193600.0,3193600.0,3193600.0,0.0
998,0.0,0.0,0.0,0.0,1.0,1.0,1.0,0.0,0.51272076,0.5119045525789261,0.5147665441036224,0.0030545865,0.51272076,0.5119045525789261,0.5147665441036224,0.0030545865,1.0346133,0.9940327405929565,1.0642547011375427,0.04677034,0.08660131,0.08626635372638702,0.10138357803225517,0.028410407,0.09282454,0.08626635372638702,0.10138357803225517,0.009799257,0.9166667,1.0,1.0,0.28867513,3.78972e-12,3.775061860333828e-12,4.4365999589401905e-12,1.2432546e-12,4.3760537e-11,4.376053686083736e-11,4.376053686083736e-11,0.0,-27.334524,-27.610777378082275,-27.01597785949707,0.95805866,2.2761948,2.186915695667267,2.341407001018524,0.1028968,0.7587316,0.7289719134569168,0.7804690301418304,0.03429894,0.156,0.12800000607967377,0.18000001087784767,0.03806215,0.0,0.0,0.0,0.0,0.16964225,0.1431846208870411,0.1847931109368801,0.03926923,19.940266,19.940265655517578,19.940265655517578,0.0,19.960266,19.96026611328125,19.96026611328125,0.0,3196800.0,3196800.0,3196800.0,0.0
999,0.0,0.0,0.0,0.0,1.0,1.0,1.0,0.0,0.51272076,0.5119045525789261,0.5147665441036224,0.0030545865,0.51272076,0.5119045525789261,0.5147665441036224,0.0030545865,1.0279574,1.002423271536827,1.0595450401306152,0.044248573,0.094220035,0.08719093725085258,0.09957213141024113,0.009842848,0.094220035,0.08719093725085258,0.09957213141024113,0.009842848,1.0,1.0,1.0,0.0,4.0414746e-12,3.739968512835035e-12,4.271047491372082e-12,4.2219914e-13,4.2894004e-11,4.2894004320670476e-11,4.2894004320670476e-11,0.0,-27.37564,-27.96511220932007,-27.02096939086914,0.7746704,2.2615516,2.2053751945495605,2.3310455679893494,0.097348824,0.7538505,0.7351250797510147,0.7770151942968369,0.03244961,0.17333335,0.15800001099705696,0.1940000019967556,0.032778412,0.0006666667,0.0,0.0,0.0023094013,0.16074543,0.14461075142025948,0.17060673609375954,0.027785901,19.960266,19.96026611328125,19.96026611328125,0.0,19.980267,19.980266571044922,19.980266571044922,0.0,3200000.0,3200000.0,3200000.0,0.0
1000,0.0,0.0,0.0,0.0,1.0,1.0,1.0,0.0,0.51272076,0.5119045525789261,0.5147665441036224,0.0030545865,0.51272076,0.5119045525789261,0.5147665441036224,0.0030545865,1.0286947,1.002416044473648,1.0535084307193756,0.032783233,0.09384829,0.0884248148649931,0.09944554604589939,0.006961781,0.09384829,0.0884248148649931,0.09944554604589939,0.006961781,1.0,1.0,1.0,0.0,3.945816e-12,3.7177880132105434e-12,4.18115032613936e-12,2.9270548e-13,4.204462e-11,4.2044621256787096e-11,4.2044621256787096e-11,0.0,-27.244911,-27.636905193328857,-26.703325748443604,0.93457234,2.2631738,2.2053592801094055,2.3177648186683655,0.07212454,0.75439125,0.7351197749376297,0.7725882977247238,0.024041522,0.15533334,0.14000000804662704,0.17800001427531242,0.0335026,0.0,0.0,0.0,0.0,0.15926075,0.14501036331057549,0.17672047764062881,0.020075986,19.980267,19.980266571044922,19.980266571044922,0.0,20.000267,20.000267028808594,20.000267028808594,0.0,3203200.0,3203200.0,3203200.0,0.0
1001,0.0,0.0,0.0,0.0,1.0,1.0,1.0,0.0,0.51272076,0.5119045525789261,0.5147665441036224,0.0030545865,0.51272076,0.5119045525789261,0.5147665441036224,0.0030545865,1.0248619,1.012440711259842,1.0415042042732239,0.023573823,0.09456369,0.09088580869138241,0.09717880003154278,0.00513406,0.09456369,0.09088580869138241,0.09717880003154278,0.00513406,1.0,1.0,1.0,0.0,3.897165e-12,3.745591835822848e-12,4.004938958593329e-12,2.1158524e-13,4.1212065e-11,4.121206501062069e-11,4.121206501062069e-11,0.0,-27.117708,-27.808116912841797,-26.267417430877686,0.75470406,2.2547414,2.2274140119552612,2.291355073451996,0.051863484,0.7515805,0.7424713671207428,0.7637850642204285,0.01728783,0.14999999,0.12999999523162842,0.17000000178813934,0.024863262,0.0,0.0,0.0,0.0,0.15125135,0.14051495492458344,0.159999817609787,0.01257391,20.000267,20.000267028808594,20.000267028808594,0.0,20.020267,20.020267486572266,20.020267486572266,0.0,3206400.0,3206400.0,3206400.0,0.0
1002,0.0,0.0,0.0,0.0,1.0,1.0,1.0,0.0,0.51272076,0.5119045525789261,0.5147665441036224,0.0030545865,0.51272076,0.5119045525789261,0.5147665441036224,0.0030545865,1.0300493,1.014902412891388,1.048787772655487,0.025443928,0.093463026,0.08937452919781208,0.09662679582834244,0.0055491636,0.093463026,0.08937452919781208,0.09662679582834244,0.0055491636,1.0,1.0,1.0,0.0,3.7755315e-12,3.6103727429556698e-12,3.9033352288234124e-12,2.2416395e-13,4.0395992e-11,4.039599210692302e-11,4.039599210692302e-11,0.0,-27.293602,-27.706031799316406,-26.99812650680542,0.46399084,2.2661538,2.232829988002777,2.307379186153412,0.05597775,0.7553846,0.7442767024040222,0.7691264152526855,0.018659243,0.14600001,0.12400000542402267,0.16200001165270805,0.031101009,0.0,0.0,0.0,0.0,0.1563395,0.1450372226536274,0.16445986926555634,0.019942772,20.020267,20.020267486572266,20.020267486572266,0.0,20.040268,20.040267944335938,20.040267944335938,0.0,3209600.0,3209600.0,3209600.0,0.0
1003,0.0,0.0,0.0,0.0,1.0,1.0,1.0,0.0,0.51272076,0.5119045525789261,0.5147665441036224,0.0030545865,0.51272076,0.5119045525789261,0.5147665441036224,0.0030545865,1.042011,1.022011637687683,1.056304395198822,0.025194293,0.09091857,0.08784406632184982,0.0950600728392601,0.0052012475,0.09091857,0.08784406632184982,0.0950600728392601,0.0052012475,1.0,1.0,1.0,0.0,3.6000187e-12,3.4782807059943743e-12,3.764006359201211e-12,2.0594897e-13,3.959608e-11,3.9596079887127544e-11,3.9596079887127544e-11,0.0,-27.448446,-27.694591522216797,-27.0260066986084,0.5415407,2.29247,2.2484705448150635,2.3239160776138306,0.05542853,0.76415664,0.7494902163743973,0.7746387273073196,0.01847618,0.15133335,0.12800000607967377,0.15800001099705696,0.027598858,0.0,0.0,0.0,0.0,0.15711994,0.15389526635408401,0.16289757192134857,0.013576225,20.040268,20.040267944335938,20.040267944335938,0.0,20.060268,20.06026840209961,20.06026840209961,0.0,3212800.0,3212800.0,3212800.0,0.0
1004,0.0,0.0,0.0,0.0,1.0,1.0,1.0,0.0,0.51272076,0.5119045525789261,0.5147665441036224,0.0030545865,0.51272076,0.5119045525789261,0.5147665441036224,0.0030545865,1.0245794,1.0027008950710297,1.038074642419815,0.024363376,0.094633915,0.09160635806620121,0.0993802510201931,0.0053080963,0.094633915,0.09160635806620121,0.0993802510201931,0.0053080963,1.0,1.0,1.0,0.0,3.672932e-12,3.5554267863169287e-12,3.8571471320733575e-12,2.0601786e-13,3.881201e-11,3.881200916211469e-11,3.881200916211469e-11,0.0,-27.282625,-27.419273376464844,-27.182482719421387,0.4053802,2.2541196,2.2059860825538635,2.283809781074524,0.053600498,0.7513733,0.7353287041187286,0.7612699568271637,0.01786683,0.16666667,0.14400000870227814,0.18400001525878906,0.027254136,0.0006666667,0.0,0.0,0.0023094013,0.1550531,0.13836075365543365,0.16780230030417442,0.01759123,20.060268,20.06026840209961,20.06026840209961,0.0,20.080269,20.08026885986328,20.08026885986328,0.0,3216000.0,3216000.0,3216000.0,0.0
1005,0.0,0.0,0.0,0.0,1.0,1.0,1.0,0.0,0.51272076,0.5119045525789261,0.5147665441036224,0.0030545865,0.51272076,0.5119045525789261,0.5147665441036224,0.0030545865,1.044721,1.02071613073349,1.0704893171787262,0.02841474,0.09039131,0.0850235354155302,0.09534581191837788,0.0058683343,0.09039131,0.0850235354155302,0.09534581191837788,0.0058683343,1.0,1.0,1.0,0.0,3.438798e-12,3.234589571014801e-12,3.6272846163330763e-12,2.2325174e-13,3.804346e-11,3.804346074276488e-11,3.804346074276488e-11,0.0,-27.564812,-28.0019588470459,-27.111307621002197,0.6670467,2.298432,2.245620310306549,2.3551235795021057,0.06251368,0.76614404,0.7485401332378387,0.7850411981344223,0.020837896,0.14933334,0.1340000070631504,0.17000001296401024,0.032778412,0.0,0.0,0.0,0.0,0.16024822,0.15250880643725395,0.1626860909163952,0.018049264,20.080269,20.08026885986328,20.08026885986328,0.0,20.10027,20.100269317626953,20.100269317626953,0.0,3219200.0,3219200.0,3219200.0,0.0
1006,0.0,0.0,0.0,0.0,1.0,1.0,1.0,0.0,0.51272076,0.5119045525789261,0.5147665441036224,0.0030545865,0.51272076,0.5119045525789261,0.5147665441036224,0.0030545865,1.0382723,1.0222305953502655,1.0543098151683807,0.018954212,0.091644205,0.08824584446847439,0.0950113795697689,0.003970891,0.091644205,0.08824584446847439,0.0950113795697689,0.003970891,1.0,1.0,1.0,0.0,3.417425e-12,3.2906995271059225e-12,3.542987355321242e-12,1.4807507e-13,3.7290136e-11,3.729013625664024e-11,3.729013625664024e-11,0.0,-27.235384,-27.65913200378418,-26.887139320373535,0.52885073,2.2842445,2.248952269554138,2.3195279836654663,0.041700132,0.7614148,0.7496507912874222,0.7731760144233704,0.013900049,0.14933334,0.13200000673532486,0.18000001087784767,0.034338776,0.0006666667,0.0,0.0,0.0023094013,0.15922181,0.14312031492590904,0.1709560677409172,0.024334002,20.10027,20.100269317626953,20.100269317626953,0.0,20.12027,20.120269775390625,20.120269775390625,0.0,3222400.0,3222400.0,3222400.0,0.0
1007,0.0,0.0,0.0,0.0,1.0,1.0,1.0,0.0,0.51272076,0.5119045525789261,0.5147665441036224,0.0030545865,0.51272076,0.5119045525789261,0.5147665441036224,0.0030545865,1.029654,1.0104872584342957,1.0481475293636322,0.03240242,0.093634434,0.0895099975168705,0.09761684760451317,0.0068185874,0.093634434,0.0895099975168705,0.09761684760451317,0.0068185874,1.0,1.0,1.0,0.0,3.4224995e-12,3.2717444205243584e-12,3.568063758948442e-12,2.4923114e-13,3.655172e-11,3.655171998406814e-11,3.655171998406814e-11,0.0,-27.285326,-27.544996738433838,-26.986782550811768,0.63113666,2.2652843,2.223116397857666,2.3059704899787903,0.07128673,0.75509477,0.7410388141870499,0.768656849861145,0.023762248,0.148,0.11000000312924385,0.18800001218914986,0.04072078,0.0013333334,0.0,0.0,0.003113996,0.16523439,0.15693766251206398,0.17160924151539803,0.017161906,20.12027,20.120269775390625,20.120269775390625,0.0,20.14027,20.140270233154297,20.140270233154297,0.0,3225600.0,3225600.0,3225600.0,0.0
1008,0.0,0.0,0.0,0.0,1.0,1.0,1.0,0.0,0.51272076,0.5119045525789261,0.5147665441036224,0.0030545865,0.51272076,0.5119045525789261,0.5147665441036224,0.0030545865,1.0127459,0.9878250807523727,1.0409769117832184,0.030072011,0.09732029,0.09099769033491611,0.10284432396292686,0.006684575,0.09732029,0.09099769033491611,0.10284432396292686,0.006684575,1.0,1.0,1.0,0.0,3.4867849e-12,3.2602593042808936e-12,3.68469957236911e-12,2.3949451e-13,3.5827934e-11,3.5827934369292436e-11,3.5827934369292436e-11,0.0,-27.016207,-27.62606191635132,-26.53182077407837,0.7855341,2.2280853,2.173258602619171,2.290194869041443,0.06615977,0.74269515,0.7244195342063904,0.7633983194828033,0.022053264,0.15533334,0.13600000739097595,0.17200001329183578,0.03649492,0.0,0.0,0.0,0.0,0.14908153,0.12383005581796169,0.17331062629818916,0.028098717,20.14027,20.140270233154297,20.140270233154297,0.0,20.16027,20.16027069091797,20.16027069091797,0.0,3228800.0,3228800.0,3228800.0,0.0
1009,0.0,0.0,0.0,0.0,1.0,1.0,1.0,0.0,0.51272076,0.5119045525789261,0.5147665441036224,0.0030545865,0.51272076,0.5119045525789261,0.5147665441036224,0.0030545865,1.0351268,1.005774199962616,1.0517248511314392,0.033742342,0.08589355,0.08879256434738636,0.09868092276155949,0.027636494,0.0924828,0.08879256434738636,0.09868092276155949,0.0070669623,0.9166667,1.0,1.0,0.28867513,3.0164508e-12,3.1182597194472084e-12,3.4655237663924754e-12,9.705517e-13,3.5118478e-11,3.51184775704283e-11,3.51184775704283e-11,0.0,-27.345778,-27.675499439239502,-26.976430416107178,0.60366297,2.2773244,2.2127473950386047,2.3138408064842224,0.074234635,0.75910825,0.7375825047492981,0.7712802737951279,0.02474487,0.15866667,0.1340000070631504,0.18000001087784767,0.031233238,0.0,0.0,0.0,0.0,0.17054848,0.15176984667778015,0.18930251896381378,0.022612106,20.16027,20.16027069091797,20.16027069091797,0.0,20.180271,20.18027114868164,20.18027114868164,0.0,3232000.0,3232000.0,3232000.0,0.0
1010,0.0,0.0,0.0,0.0,1.0,1.0,1.0,0.0,0.51272076,0.5119045525789261,0.5147665441036224,0.0030545865,0.51272076,0.5119045525789261,0.5147665441036224,0.0030545865,1.0227399,1.0161969661712646,1.0467168688774109,0.030050378,0.09511111,0.08980570174753666,0.09633922390639782,0.0067759324,0.09511111,0.08980570174753666,0.09633922390639782,0.0067759324,1.0,1.0,1.0,0.0,3.2740163e-12,3.091387768602155e-12,3.3162917399166825e-12,2.3324837e-13,3.442307e-11,3.442306856227262e-11,3.442306856227262e-11,0.0,-27.17907,-27.689585208892822,-27.036832809448242,0.769759,2.2500727,2.2356778979301453,2.3028231263160706,0.0661122,0.75002426,0.7452259957790375,0.7676077485084534,0.022037404,0.14333333,0.1080000028014183,0.1600000113248825,0.049604498,0.0,0.0,0.0,0.0,0.15137479,0.14145010709762573,0.16100996360182762,0.01585159,20.180271,20.18027114868164,20.18027114868164,0.0,20.200272,20.200271606445312,20.200271606445312,0.0,3235200.0,3235200.0,3235200.0,0.0
1011,0.0,0.0,0.0,0.0,1.0,1.0,1.0,0.0,0.51272076,0.5119045525789261,0.5147665441036224,0.0030545865,0.51272076,0.5119045525789261,0.5147665441036224,0.0030545865,1.0219358,0.9957461059093475,1.0556008517742157,0.03612984,0.09538031,0.08798317238688469,0.10103746689856052,0.008080839,0.09538031,0.08798317238688469,0.10103746689856052,0.008080839,1.0,1.0,1.0,0.0,3.2182683e-12,2.968678037770789e-12,3.4091486686600725e-12,2.7265907e-13,3.374143e-11,3.3741429789069244e-11,3.3741429789069244e-11,0.0,-27.179787,-27.757611751556396,-26.338395595550537,1.0343297,2.2483037,2.190685212612152,2.3223681449890137,0.07948718,0.74943453,0.7302284240722656,0.7741227298974991,0.026495729,0.156,0.1300000064074993,0.1940000019967556,0.04732864,0.0006666667,0.0,0.0,0.0023094013,0.1570671,0.14010445401072502,0.17546742409467697,0.020754017,20.200272,20.200271606445312,20.200271606445312,0.0,20.220272,20.220272064208984,20.220272064208984,0.0,3238400.0,3238400.0,3238400.0,0.0
1012,0.0,0.0,0.0,0.0,1.0,1.0,1.0,0.0,0.51272076,0.5119045525789261,0.5147665441036224,0.0030545865,0.51272076,0.5119045525789261,0.5147665441036224,0.0030545865,1.0457789,1.0215352773666382,1.079367220401764,0.045466315,0.084045805,0.08329764753580093,0.09516832232475281,0.027852653,0.09045473,0.08329764753580093,0.09516832232475281,0.009666458,0.9166667,1.0,1.0,0.28867513,2.7796712e-12,2.754927362624837e-12,3.147529546027039e-12,9.211788e-13,3.307329e-11,3.307329063395592e-11,3.307329063395592e-11,0.0,-27.408297,-27.934158325195312,-26.99086904525757,0.8669753,2.3007596,2.247422516345978,2.3746553659439087,0.10002788,0.76691985,0.7491408735513687,0.7915518134832382,0.033342626,0.15333335,0.12800000607967377,0.17200001329183578,0.035586856,0.0,0.0,0.0,0.0,0.15552472,0.14494045078754425,0.1687750369310379,0.021382466,20.220272,20.220272064208984,20.220272064208984,0.0,20.240273,20.240272521972656,20.240272521972656,0.0,3241600.0,3241600.0,3241600.0,0.0
1013,0.0,0.0,0.0,0.0,1.0,1.0,1.0,0.0,0.51272076,0.5119045525789261,0.5147665441036224,0.0030545865,0.51272076,0.5119045525789261,0.5147665441036224,0.0030545865,1.0337617,1.0133423507213593,1.048921525478363,0.0276917,0.09269314,0.08935006707906723,0.09697525948286057,0.005912839,0.09269314,0.08935006707906723,0.09697525948286057,0.005912839,1.0,1.0,1.0,0.0,3.0049615e-12,2.896584502202343e-12,3.1437809170156705e-12,1.9168465e-13,3.241838e-11,3.2418380480070397e-11,3.2418380480070397e-11,0.0,-27.248156,-27.644142150878906,-27.02787208557129,0.6366093,2.2743213,2.2293976545333862,2.3076733350753784,0.06092296,0.7581071,0.7431325614452362,0.7692244797945023,0.020307656,0.16133334,0.14400000870227814,0.17600001394748688,0.022584522,0.0,0.0,0.0,0.0,0.1534237,0.13532233610749245,0.166387427598238,0.018891856,20.240273,20.240272521972656,20.240272521972656,0.0,20.260273,20.260272979736328,20.260272979736328,0.0,3244800.0,3244800.0,3244800.0,0.0
1014,0.0,0.0,0.0,0.0,1.0,1.0,1.0,0.0,0.51272076,0.5119045525789261,0.5147665441036224,0.0030545865,0.51272076,0.5119045525789261,0.5147665441036224,0.0030545865,1.0558892,1.0310815572738647,1.0742502808570862,0.040026147,0.0755659,0.08432643674314022,0.09309445321559906,0.035720687,0.08826282,0.08432643674314022,0.09309445321559906,0.0079742195,0.8333333,1.0,1.0,0.38924947,2.4012153e-12,2.679593851494244e-12,2.958210282635876e-12,1.1350762e-12,3.177644e-11,3.1776439118891275e-11,3.1776439118891275e-11,0.0,-27.715849,-28.320577144622803,-27.071011066436768,0.9919502,2.3230028,2.2684248089790344,2.363397717475891,0.08805927,0.77433425,0.7561416178941727,0.7877992391586304,0.029353086,0.13833334,0.11499999649822712,0.14999999105930328,0.046482317,0.0,0.0,0.0,0.0,0.16291685,0.1337193325161934,0.17657751590013504,0.027376521,20.260273,20.260272979736328,20.260272979736328,0.0,20.280273,20.2802734375,20.2802734375,0.0,3248000.0,3248000.0,3248000.0,0.0
1015,0.0,0.0,0.0,0.0,1.0,1.0,1.0,0.0,0.51272076,0.5119045525789261,0.5147665441036224,0.0030545865,0.51272076,0.5119045525789261,0.5147665441036224,0.0030545865,1.0251659,0.986627846956253,1.0501461029052734,0.038797084,0.09471714,0.08909631706774235,0.10312985070049763,0.0085126525,0.09471714,0.08909631706774235,0.10312985070049763,0.0085126525,1.0,1.0,1.0,0.0,2.9501746e-12,2.775101654549361e-12,3.212207192945793e-12,2.651454e-13,3.114721e-11,3.114720981134411e-11,3.114720981134411e-11,0.0,-27.220625,-27.57079315185547,-26.69465208053589,0.9616587,2.2554102,2.170624554157257,2.310367524623871,0.085355274,0.7518034,0.7235415279865265,0.7701225131750107,0.028451756,0.13933334,0.1120000034570694,0.1600000113248825,0.02963209,0.0,0.0,0.0,0.0,0.15012375,0.13481800258159637,0.16446446999907494,0.024150874,20.280273,20.2802734375,20.2802734375,0.0,20.300274,20.300273895263672,20.300273895263672,0.0,3251200.0,3251200.0,3251200.0,0.0
1016,0.0,0.0,0.0,0.0,1.0,1.0,1.0,0.0,0.51272076,0.5119045525789261,0.5147665441036224,0.0030545865,0.51272076,0.5119045525789261,0.5147665441036224,0.0030545865,1.0353693,1.0147351026535034,1.0517623126506805,0.035129365,0.092455894,0.08876419626176357,0.09669971466064453,0.0074977125,0.092455894,0.08876419626176357,0.09669971466064453,0.0074977125,1.0,1.0,1.0,0.0,2.8227188e-12,2.7100098966108266e-12,2.952284738292482e-12,2.2890847e-13,3.053044e-11,3.0530439287801414e-11,3.0530439287801414e-11,0.0,-27.529696,-27.981069087982178,-27.253952026367188,0.66262317,2.277858,2.2324618101119995,2.3139232993125916,0.07728615,0.759286,0.7441539466381073,0.7713077962398529,0.025762044,0.16133334,0.12600000575184822,0.19200001284480095,0.044585638,0.0,0.0,0.0,0.0,0.15728036,0.13932612538337708,0.16620571911334991,0.024749558,20.300274,20.300273895263672,20.300273895263672,0.0,20.320274,20.320274353027344,20.320274353027344,0.0,3254400.0,3254400.0,3254400.0,0.0
1017,0.0,0.0,0.0,0.0,1.0,1.0,1.0,0.0,0.51272076,0.5119045525789261,0.5147665441036224,0.0030545865,0.51272076,0.5119045525789261,0.5147665441036224,0.0030545865,1.043851,1.0325787663459778,1.0528634190559387,0.033466928,0.08428603,0.08854332379996777,0.09277639165520668,0.027034882,0.09063888,0.08854332379996777,0.09277639165520668,0.0068498375,0.9166667,1.0,1.0,0.28867513,2.522334e-12,2.6497373089087728e-12,2.7764155991621964e-12,8.0904283e-13,2.9925885e-11,2.9925884686976545e-11,2.9925884686976545e-11,0.0,-27.33695,-27.555919647216797,-26.754855155944824,0.8532138,2.2965183,2.271718680858612,2.316345751285553,0.07362873,0.7655061,0.757239580154419,0.7721152901649475,0.024542907,0.13333334,0.10200000181794167,0.16200001165270805,0.03399822,0.0,0.0,0.0,0.0,0.15386914,0.13842452317476273,0.16105405241250992,0.02300914,20.320274,20.320274353027344,20.320274353027344,0.0,20.340275,20.340274810791016,20.340274810791016,0.0,3257600.0,3257600.0,3257600.0,0.0
1018,0.0,0.0,0.0,0.0,1.0,1.0,1.0,0.0,0.51272076,0.5119045525789261,0.5147665441036224,0.0030545865,0.51272076,0.5119045525789261,0.5147665441036224,0.0030545865,1.0549587,1.0401567220687866,1.0715234279632568,0.02974613,0.088306375,0.08481661602854729,0.09116901457309723,0.00621798,0.088306375,0.08481661602854729,0.09116901457309723,0.00621798,1.0,1.0,1.0,0.0,2.590317e-12,2.4879508717969012e-12,2.6742877118519914e-12,1.8239387e-13,2.9333296e-11,2.9333296208688964e-11,2.9333296208688964e-11,0.0,-27.78897,-28.19029664993286,-27.429887294769287,0.5641362,2.3209555,2.288390576839447,2.3573986291885376,0.0654428,0.7736519,0.7627968639135361,0.7857995629310608,0.02181427,0.13333334,0.1120000034570694,0.14600000903010368,0.03260043,0.0,0.0,0.0,0.0,0.16247143,0.15018238127231598,0.17570733651518822,0.018842041,20.340275,20.340274810791016,20.340274810791016,0.0,20.360275,20.360275268554688,20.360275268554688,0.0,3260800.0,3260800.0,3260800.0,0.0
1019,0.0,0.0,0.0,0.0,1.0,1.0,1.0,0.0,0.51272076,0.5119045525789261,0.5147665441036224,0.0030545865,0.51272076,0.5119045525789261,0.5147665441036224,0.0030545865,1.0290269,1.0122614204883575,1.0472196340560913,0.023915527,0.093663394,0.0896976962685585,0.0972162913531065,0.005072233,0.093663394,0.0896976962685585,0.0972162913531065,0.005072233,1.0,1.0,1.0,0.0,2.6930515e-12,2.5790280826741563e-12,2.7952060696438685e-12,1.458391e-13,2.8752445e-11,2.875244486943984e-11,2.875244486943984e-11,0.0,-27.224106,-27.722819805145264,-26.76045560836792,0.69219893,2.2639043,2.2270196080207825,2.3039292693138123,0.052615214,0.75463486,0.7423398792743683,0.7679764479398727,0.017538404,0.13800001,0.11000000312924385,0.16600001230835915,0.03497532,0.0,0.0,0.0,0.0,0.15400682,0.14174740761518478,0.16722340136766434,0.017797362,20.360275,20.360275268554688,20.360275268554688,0.0,20.380276,20.38027572631836,20.38027572631836,0.0,3264000.0,3264000.0,3264000.0,0.0
1020,0.0,0.0,0.0,0.0,1.0,1.0,1.0,0.0,0.51272076,0.5119045525789261,0.5147665441036224,0.0030545865,0.51272076,0.5119045525789261,0.5147665441036224,0.0030545865,1.035245,1.0165483057498932,1.0468661189079285,0.040369682,0.086438,0.08977697044610977,0.09626851789653301,0.02779605,0.09255991,0.08977697044610977,0.09626851789653301,0.008234698,0.9166667,1.0,1.0,0.28867513,2.4360904e-12,2.5301928521098693e-12,2.713144758772351e-12,7.833787e-13,2.8183095e-11,2.8183094746836446e-11,2.8183094746836446e-11,0.0,-27.31437,-27.75659942626953,-26.954943656921387,0.8647501,2.2775843,2.2364508509635925,2.303151488304138,0.088815115,0.75919485,0.7454836517572403,0.767717182636261,0.029605035,0.14466667,0.12600000575184822,0.17600001394748688,0.03585155,0.0,0.0,0.0,0.0,0.15905935,0.14248845726251602,0.1663965955376625,0.020938434,20.380276,20.38027572631836,20.38027572631836,0.0,20.400276,20.40027618408203,20.40027618408203,0.0,3267200.0,3267200.0,3267200.0,0.0
1021,0.0,0.0,0.0,0.0,1.0,1.0,1.0,0.0,0.51272076,0.5119045525789261,0.5147665441036224,0.0030545865,0.51272076,0.5119045525789261,0.5147665441036224,0.0030545865,1.0393531,1.0178360044956207,1.0614290535449982,0.023482963,0.09145913,0.08681122027337551,0.09597631171345711,0.0049230084,0.09145913,0.08681122027337551,0.09597631171345711,0.0049230084,1.0,1.0,1.0,0.0,2.5265606e-12,2.3981619099409934e-12,2.651347728605674e-12,1.3599819e-13,2.7625022e-11,2.7625022061550375e-11,2.7625022061550375e-11,0.0,-27.66194,-28.126646518707275,-27.160959720611572,0.7204343,2.2866225,2.239283859729767,2.335190534591675,0.05166356,0.7622075,0.7464279681444168,0.778396874666214,0.017221186,0.15466668,0.1300000064074993,0.17600001022219658,0.045553833,0.0013333334,0.0,0.0,0.003113996,0.16385485,0.14824407175183296,0.17594442516565323,0.01972024,20.400276,20.40027618408203,20.40027618408203,0.0,20.420277,20.420276641845703,20.420276641845703,0.0,3270400.0,3270400.0,3270400.0,0.0
1022,0.0,0.0,0.0,0.0,1.0,1.0,1.0,0.0,0.51272076,0.5119045525789261,0.5147665441036224,0.0030545865,0.51272076,0.5119045525789261,0.5147665441036224,0.0030545865,1.0415796,1.0258119404315948,1.0531117916107178,0.028955868,0.08444676,0.08849040791392326,0.09423107281327248,0.026999999,0.09105297,0.08849040791392326,0.09423107281327248,0.005960423,0.9166667,1.0,1.0,0.28867513,2.286649e-12,2.396142746025065e-12,2.5515884977816983e-12,7.311058e-13,2.7077994e-11,2.707799436063585e-11,2.707799436063585e-11,0.0,-27.385298,-28.01840305328369,-26.95082187652588,0.7271449,2.2915208,2.256831407546997,2.316892147064209,0.063704185,0.76384026,0.7522771656513214,0.7722973823547363,0.021234727,0.15133335,0.13600000739097595,0.16200001165270805,0.026523862,0.0,0.0,0.0,0.0,0.1573285,0.14980564638972282,0.1676575280725956,0.01381996,20.420277,20.420276641845703,20.420276641845703,0.0,20.440277,20.440277099609375,20.440277099609375,0.0,3273600.0,3273600.0,3273600.0,0.0
1023,0.0,0.0,0.0,0.0,1.0,1.0,1.0,0.0,0.51272076,0.5119045525789261,0.5147665441036224,0.0030545865,0.51272076,0.5119045525789261,0.5147665441036224,0.0030545865,1.0301266,1.0027585327625275,1.0487318634986877,0.036232665,0.087058105,0.08939383551478386,0.09937015175819397,0.028062332,0.093592405,0.08939383551478386,0.09937015175819397,0.0076617394,0.9166667,1.0,1.0,0.28867513,2.3106792e-12,2.3726735636983576e-12,2.637462947693847e-12,7.4482494e-13,2.6541803e-11,2.654180347727575e-11,2.654180347727575e-11,0.0,-27.34067,-27.862387657165527,-26.717549800872803,0.8617958,2.2663238,2.2061129212379456,2.3072561621665955,0.07971345,0.75544125,0.7353709936141968,0.7690854072570801,0.02657116,0.142,0.11800000444054604,0.15800001099705696,0.038004786,0.0,0.0,0.0,0.0,0.15142746,0.14122024551033974,0.161095529794693,0.017019786,20.440277,20.440277099609375,20.440277099609375,0.0,20.460278,20.460277557373047,20.460277557373047,0.0,3276800.0,3276800.0,3276800.0,0.0
1024,0.0,0.0,0.0,0.0,1.0,1.0,1.0,0.0,0.51272076,0.5119045525789261,0.5147665441036224,0.0030545865,0.51272076,0.5119045525789261,0.5147665441036224,0.0030545865,1.0390906,1.0122480392456055,1.0711265206336975,0.048645448,0.08551759,0.08490319177508354,0.09723147563636303,0.028508436,0.091925174,0.08490319177508354,0.09723147563636303,0.010481647,0.9166667,1.0,1.0,0.28867513,2.2248453e-12,2.2088609153564365e-12,2.5295963782846764e-12,7.41682e-13,2.6016229e-11,2.6016229101588628e-11,2.6016229101588628e-11,0.0,-27.572594,-28.354575157165527,-27.0632963180542,0.93037736,2.286045,2.2269901633262634,2.356525421142578,0.10702213,0.76201504,0.7423300743103027,0.7855084985494614,0.035674043,0.14666668,0.11800000444054604,0.16200001165270805,0.028198434,0.0,0.0,0.0,0.0,0.1608753,0.1474488042294979,0.17434938624501228,0.01953296,20.460278,20.460277557373047,20.460277557373047,0.0,20.480278,20.48027801513672,20.48027801513672,0.0,3280000.0,3280000.0,3280000.0,0.0
1025,0.0,0.0,0.0,0.0,1.0,1.0,1.0,0.0,0.51272076,0.5119045525789261,0.5147665441036224,0.0030545865,0.51272076,0.5119045525789261,0.5147665441036224,0.0030545865,1.0261391,0.9991104602813721,1.0569709837436676,0.03422594,0.09442669,0.08770599775016308,0.10021435841917992,0.007422398,0.09442669,0.08770599775016308,0.10021435841917992,0.007422398,1.0,1.0,1.0,0.0,2.4079807e-12,2.2365959995510054e-12,2.5555725070847135e-12,1.8927904e-13,2.5501061e-11,2.5501061332033892e-11,2.5501061332033892e-11,0.0,-27.25363,-27.802549362182617,-26.867037773132324,0.74100107,2.257551,2.198086977005005,2.3253825902938843,0.07529859,0.75251704,0.7326956689357758,0.7751275300979614,0.025099523,0.16600001,0.1420000083744526,0.18800001218914986,0.032203894,0.0,0.0,0.0,0.0,0.15902738,0.15125352516770363,0.17069340124726295,0.017543606,20.480278,20.48027801513672,20.48027801513672,0.0,20.500278,20.50027847290039,20.50027847290039,0.0,3283200.0,3283200.0,3283200.0,0.0
1026,0.0,0.0,0.0,0.0,1.0,1.0,1.0,0.0,0.51272076,0.5119045525789261,0.5147665441036224,0.0030545865,0.51272076,0.5119045525789261,0.5147665441036224,0.0030545865,1.0318613,1.013261079788208,1.038299411535263,0.033004083,0.08661086,0.09157032333314419,0.09699448943138123,0.027735699,0.0931659,0.09157032333314419,0.09699448943138123,0.0067964196,0.9166667,1.0,1.0,0.28867513,2.1649334e-12,2.2889004602268115e-12,2.4244834655531844e-12,6.9328413e-13,2.4996095e-11,2.4996095471241375e-11,2.4996095471241375e-11,0.0,-27.05887,-27.18787670135498,-26.859410285949707,0.46157253,2.2701404,2.22921884059906,2.284304201602936,0.072610416,0.75671345,0.7430729866027832,0.7614347636699677,0.024203459,0.14933334,0.11800000444054604,0.17800001427531242,0.035009958,0.0,0.0,0.0,0.0,0.16036469,0.14626722410321236,0.1755717359483242,0.028063776,20.500278,20.50027847290039,20.50027847290039,0.0,20.520279,20.520278930664062,20.520278930664062,0.0,3286400.0,3286400.0,3286400.0,0.0
1027,0.0,0.0,0.0,0.0,1.0,1.0,1.0,0.0,0.51272076,0.5119045525789261,0.5147665441036224,0.0030545865,0.51272076,0.5119045525789261,0.5147665441036224,0.0030545865,1.0342339,1.0181426703929901,1.0493093430995941,0.026520398,0.092580415,0.08926707319915295,0.09590856917202473,0.0057814154,0.092580415,0.08926707319915295,0.09590856917202473,0.0057814154,1.0,1.0,1.0,0.0,2.2683246e-12,2.187143857950574e-12,2.3498680215214285e-12,1.416512e-13,2.4501129e-11,2.4501126821840913e-11,2.4501126821840913e-11,0.0,-27.42678,-27.947455883026123,-26.95499897003174,0.7579087,2.2753599,2.2399585843086243,2.308526575565338,0.05834601,0.7584533,0.7466529011726379,0.769508883357048,0.019448664,0.17916666,0.13749999925494194,0.2224999964237213,0.04461111,0.0,0.0,0.0,0.0,0.1551429,0.13520294427871704,0.1745990701019764,0.022482146,20.520279,20.520278930664062,20.520278930664062,0.0,20.54028,20.540279388427734,20.540279388427734,0.0,3289600.0,3289600.0,3289600.0,0.0
1028,0.0,0.0,0.0,0.0,1.0,1.0,1.0,0.0,0.51272076,0.5119045525789261,0.5147665441036224,0.0030545865,0.51272076,0.5119045525789261,0.5147665441036224,0.0030545865,1.0346394,1.0262650847434998,1.0458440780639648,0.020573266,0.09242907,0.0899833757430315,0.09413504786789417,0.004398643,0.09242907,0.0899833757430315,0.09413504786789417,0.004398643,1.0,1.0,1.0,0.0,2.2197734e-12,2.1610375164696216e-12,2.2607439466477974e-12,1.05637667e-13,2.4015965e-11,2.4015964564250147e-11,2.4015964564250147e-11,0.0,-27.14187,-27.499852180480957,-26.788146495819092,0.67639756,2.276252,2.2578282952308655,2.300902843475342,0.045262065,0.7587507,0.752609446644783,0.7669676542282104,0.015087364,0.14600001,0.12800000607967377,0.16200001165270805,0.018090684,0.0006666667,0.0,0.0,0.0023094013,0.15602809,0.13677308335900307,0.16723956167697906,0.02519048,20.54028,20.540279388427734,20.540279388427734,0.0,20.56028,20.560279846191406,20.560279846191406,0.0,3292800.0,3292800.0,3292800.0,0.0
1029,0.0,0.0,0.0,0.0,1.0,1.0,1.0,0.0,0.51272076,0.5119045525789261,0.5147665441036224,0.0030545865,0.51272076,0.5119045525789261,0.5147665441036224,0.0030545865,1.0201219,0.9953700751066208,1.031586468219757,0.042746253,0.08934698,0.09313103184103966,0.101072171702981,0.029013287,0.09588287,0.09313103184103966,0.101072171702981,0.008960248,0.9166667,1.0,1.0,0.28867513,2.1032642e-12,2.192342065266556e-12,2.3792797701656376e-12,6.829845e-13,2.3540404e-11,2.3540404001098914e-11,2.3540404001098914e-11,0.0,-27.07879,-27.517189979553223,-26.27906608581543,1.05161,2.244313,2.1898579001426697,2.269535481929779,0.09404361,0.74810433,0.7299526333808899,0.7565118372440338,0.031347882,0.14600001,0.11000000312924385,0.18400001525878906,0.04837731,0.0,0.0,0.0,0.0,0.16359365,0.15043968707323074,0.17267069220542908,0.018586827,20.56028,20.560279846191406,20.560279846191406,0.0,20.58028,20.580280303955078,20.580280303955078,0.0,3296000.0,3296000.0,3296000.0,0.0
1030,0.0,0.0,0.0,0.0,1.0,1.0,1.0,0.0,0.51272076,0.5119045525789261,0.5147665441036224,0.0030545865,0.51272076,0.5119045525789261,0.5147665441036224,0.0030545865,1.027577,1.0084149241447449,1.0463029444217682,0.022313299,0.09396253,0.08988721668720245,0.09808103553950787,0.00491565,0.09396253,0.08988721668720245,0.09808103553950787,0.00491565,1.0,1.0,1.0,0.0,2.1681162e-12,2.074081032789332e-12,2.2631474060237633e-12,1.13425e-13,2.307426e-11,2.3074261251698758e-11,2.3074261251698758e-11,0.0,-27.380487,-27.74824047088623,-26.82959270477295,0.5010221,2.2607145,2.218557059764862,2.301912486553192,0.04909023,0.7535715,0.7395190596580505,0.7673041969537735,0.016363407,0.168,0.1420000083744526,0.1940000019967556,0.035285845,0.0,0.0,0.0,0.0,0.15795667,0.1553521640598774,0.16640660166740417,0.01206714,20.58028,20.580280303955078,20.580280303955078,0.0,20.60028,20.60028076171875,20.60028076171875,0.0,3299200.0,3299200.0,3299200.0,0.0
1031,0.0,0.0,0.0,0.0,1.0,1.0,1.0,0.0,0.51272076,0.5119045525789261,0.5147665441036224,0.0030545865,0.51272076,0.5119045525789261,0.5147665441036224,0.0030545865,1.0432457,1.0363947451114655,1.0570981800556183,0.017964533,0.090593845,0.08768036402761936,0.0919752437621355,0.0038105797,0.090593845,0.08768036402761936,0.0919752437621355,0.0038105797,1.0,1.0,1.0,0.0,2.048993e-12,1.9830977138202144e-12,2.0802364822034014e-12,8.618522e-14,2.2617352e-11,2.2617352435361227e-11,2.2617352435361227e-11,0.0,-27.479399,-27.727380752563477,-27.374155521392822,0.41830993,2.2951863,2.2801138758659363,2.3256624341011047,0.03952282,0.7650621,0.76003797352314,0.7752208113670349,0.013174279,0.142,0.11800000444054604,0.1680000126361847,0.032918636,0.0006666667,0.0,0.0,0.0023094013,0.16217066,0.15139299631118774,0.1701299324631691,0.019011972,20.60028,20.60028076171875,20.60028076171875,0.0,20.620281,20.620281219482422,20.620281219482422,0.0,3302400.0,3302400.0,3302400.0,0.0
1032,0.0,0.0,0.0,0.0,1.0,1.0,1.0,0.0,0.51272076,0.5119045525789261,0.5147665441036224,0.0030545865,0.51272076,0.5119045525789261,0.5147665441036224,0.0030545865,1.0481855,1.018034666776657,1.0676620304584503,0.03598851,0.083417326,0.08558528311550617,0.09593240357935429,0.026932579,0.089776665,0.08558528311550617,0.09593240357935429,0.0072972137,0.9166667,1.0,1.0,0.28867513,1.8493193e-12,1.8973818826859e-12,2.1267722825901725e-12,5.9708147e-13,2.2169488e-11,2.2169488467227438e-11,2.2169488467227438e-11,0.0,-27.5793,-27.929792881011963,-27.10066270828247,0.92421335,2.3060539,2.239720940589905,2.3489034175872803,0.079176314,0.7686847,0.7465736865997314,0.7829678356647491,0.026392095,0.15,0.1420000083744526,0.15800001099705696,0.030151134,0.0,0.0,0.0,0.0,0.15960635,0.1508120410144329,0.16772577166557312,0.01756569,20.620281,20.620281219482422,20.620281219482422,0.0,20.640282,20.640281677246094,20.640281677246094,0.0,3305600.0,3305600.0,3305600.0,0.0
1033,0.0,0.0,0.0,0.0,1.0,1.0,1.0,0.0,0.51272076,0.5119045525789261,0.5147665441036224,0.0030545865,0.51272076,0.5119045525789261,0.5147665441036224,0.0030545865,1.0335311,1.0168175995349884,1.0487735271453857,0.029696288,0.09276836,0.08938190154731274,0.09620505385100842,0.0063502872,0.09276836,0.08938190154731274,0.09620505385100842,0.0063502872,1.0,1.0,1.0,0.0,2.015902e-12,1.9423126301765237e-12,2.090582969325322e-12,1.3799484e-13,2.173049e-11,2.1730490670779368e-11,2.1730490670779368e-11,0.0,-27.612104,-28.139384746551514,-27.160314083099365,0.8474752,2.2738135,2.23704332113266,2.30734783411026,0.06533314,0.7579379,0.7456811219453812,0.7691159546375275,0.021777723,0.16866668,0.14400000870227814,0.18400001525878906,0.04582444,0.0013333334,0.0,0.0,0.0046188026,0.1611445,0.14341456443071365,0.1758350059390068,0.021689005,20.640282,20.640281677246094,20.640281677246094,0.0,20.660282,20.660282135009766,20.660282135009766,0.0,3308800.0,3308800.0,3308800.0,0.0
1034,0.0,0.0,0.0,0.0,1.0,1.0,1.0,0.0,0.51272076,0.5119045525789261,0.5147665441036224,0.0030545865,0.51272076,0.5119045525789261,0.5147665441036224,0.0030545865,1.0343677,1.0223644971847534,1.045548141002655,0.021573732,0.09249549,0.09004339016973972,0.09498141892254353,0.0045549953,0.09249549,0.09004339016973972,0.09498141892254353,0.0045549953,1.0,1.0,1.0,0.0,1.9701716e-12,1.9179413374321996e-12,2.023122283850015e-12,9.70223e-14,2.130019e-11,2.1300190777839845e-11,2.1300190777839845e-11,0.0,-27.317284,-27.853800773620605,-26.791730403900146,0.71122116,2.2756543,2.2492467761039734,2.3002519011497498,0.04746317,0.7585514,0.7497489601373672,0.7667506486177444,0.015821055,0.15866667,0.12400000542402267,0.1940000019967556,0.041615847,0.0,0.0,0.0,0.0,0.15663315,0.14671523123979568,0.16526250168681145,0.013960084,20.660282,20.660282135009766,20.660282135009766,0.0,20.680283,20.680282592773438,20.680282592773438,0.0,3312000.0,3312000.0,3312000.0,0.0
1035,0.0,0.0,0.0,0.0,1.0,1.0,1.0,0.0,0.51272076,0.5119045525789261,0.5147665441036224,0.0030545865,0.51272076,0.5119045525789261,0.5147665441036224,0.0030545865,1.0298353,1.0191669166088104,1.0462729632854462,0.020461475,0.09345611,0.0898941196501255,0.09568428248167038,0.0044232314,0.09345611,0.0898941196501255,0.09568428248167038,0.0044232314,1.0,1.0,1.0,0.0,1.9512146e-12,1.876845900916635e-12,1.997735418930724e-12,9.235004e-14,2.0878405e-11,2.0878406642443892e-11,2.0878406642443892e-11,0.0,-27.205162,-27.46637201309204,-26.847634315490723,0.48588926,2.2656832,2.2422120571136475,2.301846444606781,0.04501615,0.75522774,0.7474040538072586,0.767282173037529,0.015005392,0.16400002,0.15200001001358032,0.17600001394748688,0.029245045,0.0,0.0,0.0,0.0,0.16121419,0.13962505012750626,0.17480798438191414,0.026678959,20.680283,20.680282592773438,20.680282592773438,0.0,20.700283,20.70028305053711,20.70028305053711,0.0,3315200.0,3315200.0,3315200.0,0.0
1036,0.0,0.0,0.0,0.0,1.0,1.0,1.0,0.0,0.51272076,0.5119045525789261,0.5147665441036224,0.0030545865,0.51272076,0.5119045525789261,0.5147665441036224,0.0030545865,1.0343847,1.01619553565979,1.0416479408740997,0.03388051,0.08635149,0.0908572468906641,0.09634725376963615,0.02751789,0.092637055,0.0908572468906641,0.09634725376963615,0.0068639354,0.9166667,1.0,1.0,0.28867513,1.7671813e-12,1.8593916554024426e-12,1.9717444907710324e-12,5.6315304e-13,2.0464979e-11,2.046497867003172e-11,2.046497867003172e-11,0.0,-27.475367,-27.9352126121521,-26.953136920928955,0.83302236,2.275692,2.2356749176979065,2.291671335697174,0.0745386,0.758564,0.7452249825000763,0.7638904750347137,0.024846207,0.15866667,0.15000000968575478,0.18400001525878906,0.0300948,0.0,0.0,0.0,0.0,0.15815566,0.14173495396971703,0.17091908305883408,0.023274597,20.700283,20.70028305053711,20.70028305053711,0.0,20.720284,20.72028350830078,20.72028350830078,0.0,3318400.0,3318400.0,3318400.0,0.0
1037,0.0,0.0,0.0,0.0,1.0,1.0,1.0,0.0,0.51272076,0.5119045525789261,0.5147665441036224,0.0030545865,0.51272076,0.5119045525789261,0.5147665441036224,0.0030545865,1.040186,1.0135288536548615,1.0694420039653778,0.033526096,0.09141264,0.08522323705255985,0.09693417139351368,0.007112145,0.09141264,0.08522323705255985,0.09693417139351368,0.007112145,1.0,1.0,1.0,0.0,1.8337135e-12,1.709555538581195e-12,1.9444737161568304e-12,1.4266777e-13,2.0059737e-11,2.0059735122979205e-11,2.0059735122979205e-11,0.0,-27.555014,-27.78235673904419,-27.18286657333374,0.7370038,2.288455,2.229808032512665,2.3528193831443787,0.073758885,0.76281834,0.7432693541049957,0.7842731326818466,0.02458629,0.15200001,0.13600000739097595,0.1680000126361847,0.01959592,0.0,0.0,0.0,0.0,0.162665,0.14732495695352554,0.17849240079522133,0.020415144,20.720284,20.72028350830078,20.72028350830078,0.0,20.740284,20.740283966064453,20.740283966064453,0.0,3321600.0,3321600.0,3321600.0,0.0
1038,0.0,0.0,0.0,0.0,1.0,1.0,1.0,0.0,0.51272076,0.5119045525789261,0.5147665441036224,0.0030545865,0.51272076,0.5119045525789261,0.5147665441036224,0.0030545865,1.0320657,1.0228151082992554,1.0458089411258698,0.02355695,0.09300869,0.08998954109847546,0.09489147551357746,0.005093621,0.09300869,0.08998954109847546,0.09489147551357746,0.005093621,1.0,1.0,1.0,0.0,1.8287847e-12,1.7694208457371546e-12,1.8658051449335633e-12,1.00153406e-13,1.9662516e-11,1.966251640672656e-11,1.966251640672656e-11,0.0,-27.15906,-27.470051765441895,-26.96442222595215,0.62210006,2.2705898,2.2502381801605225,2.300825595855713,0.0518263,0.7568633,0.7500793933868408,0.7669418901205063,0.017275438,0.15066667,0.12800000607967377,0.17200001329183578,0.031787172,0.0006666667,0.0,0.0,0.0023094013,0.15115103,0.13994819298386574,0.15444301813840866,0.016255677,20.740284,20.740283966064453,20.740283966064453,0.0,20.760284,20.760284423828125,20.760284423828125,0.0,3324800.0,3324800.0,3324800.0,0.0
1039,0.0,0.0,0.0,0.0,1.0,1.0,1.0,0.0,0.51272076,0.5119045525789261,0.5147665441036224,0.0030545865,0.51272076,0.5119045525789261,0.5147665441036224,0.0030545865,1.0293261,1.0131991803646088,1.0390735864639282,0.034917768,0.093747556,0.0914077591150999,0.09700692258775234,0.0075460523,0.093747556,0.0914077591150999,0.09700692258775234,0.0075460523,1.0,1.0,1.0,0.0,1.806812e-12,1.7617167761500158e-12,1.8696304812486353e-12,1.4543632e-13,1.9273165e-11,1.927316466143747e-11,1.927316466143747e-11,0.0,-27.05882,-27.356971740722656,-26.704394340515137,0.58733594,2.2645626,2.229082763195038,2.2860074639320374,0.07682063,0.75485426,0.7430275976657867,0.7620025277137756,0.025606873,0.15866667,0.1340000070631504,0.1860000118613243,0.031787172,0.0,0.0,0.0,0.0,0.15119003,0.1472616344690323,0.16073647513985634,0.012825641,20.760284,20.760284423828125,20.760284423828125,0.0,20.780285,20.780284881591797,20.780284881591797,0.0,3328000.0,3328000.0,3328000.0,0.0
1040,0.0,0.0,0.0,0.0,1.0,1.0,1.0,0.0,0.51272076,0.5119045525789261,0.5147665441036224,0.0030545865,0.51272076,0.5119045525789261,0.5147665441036224,0.0030545865,1.0181905,0.9956937283277512,1.0346176326274872,0.03769139,0.09622786,0.09233975596725941,0.1009985189884901,0.008294984,0.09622786,0.09233975596725941,0.1009985189884901,0.008294984,1.0,1.0,1.0,0.0,1.8178908e-12,1.744438523753472e-12,1.9080157918037466e-12,1.5670486e-13,1.8891522e-11,1.889152202727562e-11,1.889152202727562e-11,0.0,-26.942228,-27.27601146697998,-26.56503677368164,0.75561196,2.240064,2.1905699372291565,2.276204288005829,0.0829227,0.74668795,0.7301900088787079,0.7587347775697708,0.027640902,0.16166666,0.14749999344348907,0.17249999940395355,0.029490624,0.0,0.0,0.0,0.0,0.1497896,0.13891171291470528,0.15966897830367088,0.013110828,20.780285,20.780284881591797,20.780284881591797,0.0,20.800285,20.80028533935547,20.80028533935547,0.0,3331200.0,3331200.0,3331200.0,0.0
1041,0.0,0.0,0.0,0.0,1.0,1.0,1.0,0.0,0.51272076,0.5119045525789261,0.5147665441036224,0.0030545865,0.51272076,0.5119045525789261,0.5147665441036224,0.0030545865,1.0330386,1.0214510262012482,1.0538181960582733,0.034474656,0.09294507,0.08834541030228138,0.09518077783286572,0.007482695,0.09294507,0.08834541030228138,0.09518077783286572,0.007482695,1.0,1.0,1.0,0.0,1.7211043e-12,1.6359304319188417e-12,1.7625039882424032e-12,1.3856033e-13,1.8517436e-11,1.8517435848575126e-11,1.8517435848575126e-11,0.0,-27.202871,-27.58970022201538,-26.71479034423828,0.8502755,2.27273,2.2472371459007263,2.3184463381767273,0.07584573,0.75757676,0.7490790486335754,0.772815465927124,0.025281908,0.14266668,0.12800000607967377,0.15600001066923141,0.02232542,0.0,0.0,0.0,0.0,0.15754923,0.14229513704776764,0.16637250408530235,0.020461269,20.800285,20.80028533935547,20.80028533935547,0.0,20.820286,20.82028579711914,20.82028579711914,0.0,3334400.0,3334400.0,3334400.0,0.0
1042,0.0,0.0,0.0,0.0,1.0,1.0,1.0,0.0,0.51272076,0.5119045525789261,0.5147665441036224,0.0030545865,0.51272076,0.5119045525789261,0.5147665441036224,0.0030545865,1.0291414,1.0218978226184845,1.034225583076477,0.022228748,0.09362152,0.0924352165311575,0.09508331678807735,0.0047340184,0.09362152,0.0924352165311575,0.09508331678807735,0.0047340184,1.0,1.0,1.0,0.0,1.6993016e-12,1.6777691703388081e-12,1.7258342107848157e-12,8.592601e-14,1.8150757e-11,1.8150756939117052e-11,1.8150756939117052e-11,0.0,-27.337793,-27.462542057037354,-27.14007806777954,0.3637298,2.2641563,2.248220145702362,2.275341808795929,0.04890423,0.7547188,0.7494067549705505,0.7584472894668579,0.016301403,0.14666668,0.12000000476837158,0.17800001427531242,0.039536715,0.0,0.0,0.0,0.0,0.14832766,0.13937347382307053,0.1527366153895855,0.012998784,20.820286,20.82028579711914,20.82028579711914,0.0,20.840286,20.840286254882812,20.840286254882812,0.0,3337600.0,3337600.0,3337600.0,0.0
1043,0.0,0.0,0.0,0.0,1.0,1.0,1.0,0.0,0.51272076,0.5119045525789261,0.5147665441036224,0.0030545865,0.51272076,0.5119045525789261,0.5147665441036224,0.0030545865,1.0417043,1.0231136083602905,1.0579240918159485,0.02357169,0.0909659,0.08751719258725643,0.09481748938560486,0.0048928186,0.0909659,0.08751719258725643,0.09481748938560486,0.0048928186,1.0,1.0,1.0,0.0,1.6184051e-12,1.5570480560271605e-12,1.68693010949017e-12,8.704979e-14,1.779134e-11,1.7791339582129417e-11,1.7791339582129417e-11,0.0,-27.414843,-27.876185417175293,-26.93642568588257,0.5909801,2.291795,2.250894844532013,2.3274795413017273,0.051858757,0.76393175,0.7502982914447784,0.7758265435695648,0.017286252,0.15666668,0.14000000804662704,0.1860000118613243,0.03536134,0.0,0.0,0.0,0.0,0.15781574,0.14173228666186333,0.17160293459892273,0.01862987,20.840286,20.840286254882812,20.840286254882812,0.0,20.860287,20.860286712646484,20.860286712646484,0.0,3340800.0,3340800.0,3340800.0,0.0
1044,0.0,0.0,0.0,0.0,1.0,1.0,1.0,0.0,0.51272076,0.5119045525789261,0.5147665441036224,0.0030545865,0.51272076,0.5119045525789261,0.5147665441036224,0.0030545865,1.0432112,1.0233082175254822,1.0606468319892883,0.02714781,0.09069068,0.08697089925408363,0.09477455355226994,0.005628938,0.09069068,0.08697089925408363,0.09477455355226994,0.005628938,1.0,1.0,1.0,0.0,1.5815583e-12,1.5166889554170393e-12,1.6527772260608448e-12,9.816328e-14,1.743904e-11,1.7439039795563716e-11,1.7439039795563716e-11,0.0,-27.546288,-27.854930877685547,-27.0937180519104,0.6072571,2.2951105,2.25132292509079,2.3334696292877197,0.05972641,0.7650368,0.7504410147666931,0.7778232097625732,0.019908791,0.16133334,0.14400000870227814,0.17000001296401024,0.031603605,0.0,0.0,0.0,0.0,0.16355322,0.15851019695401192,0.17426401749253273,0.012216569,20.860287,20.860286712646484,20.860286712646484,0.0,20.880287,20.880287170410156,20.880287170410156,0.0,3344000.0,3344000.0,3344000.0,0.0
1045,0.0,0.0,0.0,0.0,1.0,1.0,1.0,0.0,0.51272076,0.5119045525789261,0.5147665441036224,0.0030545865,0.51272076,0.5119045525789261,0.5147665441036224,0.0030545865,1.0213505,1.0002343952655792,1.0382096767425537,0.02381075,0.095334135,0.09158613160252571,0.09994992427527905,0.0052359207,0.095334135,0.09158613160252571,0.09994992427527905,0.0052359207,1.0,1.0,1.0,0.0,1.6296144e-12,1.5655472794876002e-12,1.708515571857347e-12,8.950134e-14,1.7093715e-11,1.7093715332094916e-11,1.7093715332094916e-11,0.0,-27.262865,-27.773898124694824,-26.900907516479492,0.692789,2.2470162,2.200559616088867,2.2841069102287292,0.052384682,0.7490054,0.7335199117660522,0.761368989944458,0.01746155,0.15733334,0.1340000070631504,0.1680000126361847,0.034843374,0.0,0.0,0.0,0.0,0.16029346,0.15224267914891243,0.16496794670820236,0.01833153,20.880287,20.880287170410156,20.880287170410156,0.0,20.900288,20.900287628173828,20.900287628173828,0.0,3347200.0,3347200.0,3347200.0,0.0
1046,0.0,0.0,0.0,0.0,1.0,1.0,1.0,0.0,0.51272076,0.5119045525789261,0.5147665441036224,0.0030545865,0.51272076,0.5119045525789261,0.5147665441036224,0.0030545865,1.0490465,1.0338836312294006,1.0594683289527893,0.02489435,0.08945472,0.08720307424664497,0.09250625781714916,0.0050810273,0.08945472,0.08720307424664497,0.09250625781714916,0.0050810273,1.0,1.0,1.0,0.0,1.4988345e-12,1.4611076563052217e-12,1.5499637164018143e-12,8.513378e-14,1.6755231e-11,1.6755230883291894e-11,1.6755230883291894e-11,0.0,-27.574966,-27.773499011993408,-27.36520481109619,0.45993567,2.3079484,2.274589478969574,2.3308768272399902,0.054768607,0.7693162,0.7581965029239655,0.7769589424133301,0.0182562,0.15200001,0.14000000804662704,0.16200001165270805,0.017725177,0.0,0.0,0.0,0.0,0.16343884,0.1468513421714306,0.1755799688398838,0.023904335,20.900288,20.900287628173828,20.900287628173828,0.0,20.920288,20.9202880859375,20.9202880859375,0.0,3350400.0,3350400.0,3350400.0,0.0
1047,0.0,0.0,0.0,0.0,1.0,1.0,1.0,0.0,0.51272076,0.5119045525789261,0.5147665441036224,0.0030545865,0.51272076,0.5119045525789261,0.5147665441036224,0.0030545865,1.0551052,1.0331171154975891,1.0664142370224,0.031966887,0.075322755,0.08586098812520504,0.09265868179500103,0.035415675,0.088299215,0.08586098812520504,0.09265868179500103,0.0063536074,0.8333333,1.0,1.0,0.38924947,1.2370592e-12,1.4101332677495665e-12,1.5217748393879516e-12,5.816474e-13,1.6423446e-11,1.6423445936553094e-11,1.6423445936553094e-11,0.0,-27.873955,-28.231101512908936,-27.398958206176758,0.67213094,2.3212779,2.2729029655456543,2.3461581468582153,0.07032856,0.7737593,0.7576343566179276,0.782052755355835,0.023442859,0.16133334,0.15600001066923141,0.17200001329183578,0.03304359,0.0,0.0,0.0,0.0,0.16705571,0.1557411402463913,0.1732897274196148,0.01903025,20.920288,20.9202880859375,20.9202880859375,0.0,20.940289,20.940288543701172,20.940288543701172,0.0,3353600.0,3353600.0,3353600.0,0.0
1048,0.0,0.0,0.0,0.0,1.0,1.0,1.0,0.0,0.51272076,0.5119045525789261,0.5147665441036224,0.0030545865,0.51272076,0.5119045525789261,0.5147665441036224,0.0030545865,1.0311569,1.0209655165672302,1.0441008508205414,0.020705244,0.09317422,0.09034422039985657,0.09528796747326851,0.0044469503,0.09317422,0.09034422039985657,0.09528796747326851,0.0044469503,1.0,1.0,1.0,0.0,1.4999403e-12,1.4543823773343484e-12,1.533967993860158e-12,7.1588053e-14,1.6098234e-11,1.609823385706477e-11,1.609823385706477e-11,0.0,-27.164377,-27.467241764068604,-26.880706787109375,0.64375454,2.2685905,2.246169090270996,2.297067642211914,0.0455524,0.7561968,0.7487230449914932,0.7656892389059067,0.015184133,0.15200001,0.12800000607967377,0.17800001427531242,0.030127006,0.0,0.0,0.0,0.0,0.15534207,0.14623241499066353,0.16369856521487236,0.013370626,20.940289,20.940288543701172,20.940288543701172,0.0,20.960289,20.960289001464844,20.960289001464844,0.0,3356800.0,3356800.0,3356800.0,0.0
1049,0.0,0.0,0.0,0.0,1.0,1.0,1.0,0.0,0.51272076,0.5119045525789261,0.5147665441036224,0.0030545865,0.51272076,0.5119045525789261,0.5147665441036224,0.0030545865,1.0262136,1.0021536946296692,1.0556412041187286,0.033175893,0.0943962,0.08797543682157993,0.0995388776063919,0.007272452,0.0943962,0.08797543682157993,0.0995388776063919,0.007272452,1.0,1.0,1.0,0.0,1.4895211e-12,1.3882049806554497e-12,1.5706698365969968e-12,1.1475539e-13,1.5779461e-11,1.5779461071119272e-11,1.5779461071119272e-11,0.0,-27.345278,-27.75553846359253,-26.91461753845215,0.61051935,2.257715,2.2047820687294006,2.3224568963050842,0.07298841,0.75257176,0.7349273860454559,0.7741523385047913,0.02432948,0.15066667,0.14400000870227814,0.16200001165270805,0.024080677,0.0,0.0,0.0,0.0,0.15617366,0.1421516276896,0.16384081542491913,0.022491347,20.960289,20.960289001464844,20.960289001464844,0.0,20.98029,20.980289459228516,20.980289459228516,0.0,3360000.0,3360000.0,3360000.0,0.0
1050,0.0,0.0,0.0,0.0,1.0,1.0,1.0,0.0,0.51272076,0.5119045525789261,0.5147665441036224,0.0030545865,0.51272076,0.5119045525789261,0.5147665441036224,0.0030545865,1.0298398,1.0187164843082428,1.0404890775680542,0.01995526,0.09345048,0.09110464341938496,0.09578199125826359,0.0043110866,0.09345048,0.09110464341938496,0.09578199125826359,0.0043110866,1.0,1.0,1.0,0.0,1.4453984e-12,1.409115418750037e-12,1.4814599471214135e-12,6.6679565e-14,1.5467e-11,1.5466999209179377e-11,1.5466999209179377e-11,0.0,-27.264505,-27.57397985458374,-27.026957035064697,0.44475332,2.2656927,2.2412209510803223,2.2891217470169067,0.043902427,0.7552309,0.7470736652612686,0.7630406022071838,0.014634146,0.14533333,0.11600000411272049,0.1680000126361847,0.041052815,0.0,0.0,0.0,0.0,0.1616926,0.14913897961378098,0.1724362038075924,0.017813878,20.98029,20.980289459228516,20.980289459228516,0.0,21.00029,21.000289916992188,21.000289916992188,0.0,3363200.0,3363200.0,3363200.0,0.0
1051,0.0,0.0,0.0,0.0,1.0,1.0,1.0,0.0,0.51272076,0.5119045525789261,0.5147665441036224,0.0030545865,0.51272076,0.5119045525789261,0.5147665441036224,0.0030545865,1.0302342,1.0055389106273651,1.0510457754135132,0.03174089,0.093500145,0.08891193009912968,0.0987328514456749,0.0066756643,0.093500145,0.08891193009912968,0.0987328514456749,0.0066756643,1.0,1.0,1.0,0.0,1.41753e-12,1.347969316462666e-12,1.496861635292765e-12,1.0120792e-13,1.5160725e-11,1.5160725105878292e-11,1.5160725105878292e-11,0.0,-27.311209,-27.68676233291626,-26.87309455871582,0.68827343,2.2665603,2.2122297286987305,2.312346935272217,0.06983136,0.75552016,0.7374099344015121,0.7707823514938354,0.023277124,0.15333335,0.12400000542402267,0.17600001394748688,0.03796011,0.0,0.0,0.0,0.0,0.16168778,0.15459507703781128,0.16871656104922295,0.018867873,21.00029,21.000289916992188,21.000289916992188,0.0,21.02029,21.02029037475586,21.02029037475586,0.0,3366400.0,3366400.0,3366400.0,0.0
1052,0.0,0.0,0.0,0.0,1.0,1.0,1.0,0.0,0.51272076,0.5119045525789261,0.5147665441036224,0.0030545865,0.51272076,0.5119045525789261,0.5147665441036224,0.0030545865,1.0400451,1.017894834280014,1.064078450202942,0.03182292,0.09141767,0.0862822625786066,0.09596895053982735,0.0067621553,0.09141767,0.0862822625786066,0.09596895053982735,0.0067621553,1.0,1.0,1.0,0.0,1.3585136e-12,1.2821987666489926e-12,1.426147936724187e-12,1.00489095e-13,1.4860514e-11,1.4860513861125746e-11,1.4860513861125746e-11,0.0,-27.52228,-27.972476959228516,-26.975449562072754,0.70122635,2.288145,2.2394133806228638,2.34101939201355,0.07001182,0.76271504,0.7464711368083954,0.7803398370742798,0.02333727,0.14133334,0.12800000607967377,0.15400001034140587,0.019396972,0.0,0.0,0.0,0.0,0.15771282,0.13397860899567604,0.16887382790446281,0.0297811,21.02029,21.02029037475586,21.02029037475586,0.0,21.04029,21.04029083251953,21.04029083251953,0.0,3369600.0,3369600.0,3369600.0,0.0
1053,0.0,0.0,0.0,0.0,1.0,1.0,1.0,0.0,0.51272076,0.5119045525789261,0.5147665441036224,0.0030545865,0.51272076,0.5119045525789261,0.5147665441036224,0.0030545865,1.0451769,1.0314679741859436,1.0672703683376312,0.03752897,0.083909504,0.08565537631511688,0.09301207773387432,0.02730904,0.09043101,0.08565537631511688,0.09301207773387432,0.007887801,0.9166667,1.0,1.0,0.28867513,1.2222468e-12,1.2476775526366196e-12,1.3548371409141668e-12,3.9779028e-13,1.456625e-11,1.4566249248448848e-11,1.4566249248448848e-11,0.0,-27.505163,-27.851601600646973,-27.35982608795166,0.6006903,2.2994351,2.269274950027466,2.3480417132377625,0.08256538,0.76647836,0.7564250081777573,0.7826805859804153,0.0275218,0.16416666,0.14499999210238457,0.17249999940395355,0.035791907,0.0,0.0,0.0,0.0,0.1616897,0.15129127725958824,0.17496432736516,0.02447665,21.04029,21.04029083251953,21.04029083251953,0.0,21.060291,21.060291290283203,21.060291290283203,0.0,3372800.0,3372800.0,3372800.0,0.0
1054,0.0,0.0,0.0,0.0,1.0,1.0,1.0,0.0,0.51272076,0.5119045525789261,0.5147665441036224,0.0030545865,0.51272076,0.5119045525789261,0.5147665441036224,0.0030545865,1.0345482,1.0138413906097412,1.0562276542186737,0.0382112,0.09268176,0.08785643056035042,0.09687459096312523,0.008173867,0.09268176,0.08785643056035042,0.09687459096312523,0.008173867,1.0,1.0,1.0,0.0,1.3232927e-12,1.2543977358572822e-12,1.3831573148111176e-12,1.1670493e-13,1.42778124e-11,1.4277813306651232e-11,1.4277813306651232e-11,0.0,-27.364756,-27.708734035491943,-27.064239501953125,0.63277775,2.2760515,2.230495512485504,2.323747158050537,0.08406631,0.75868386,0.7434985339641571,0.7745824158191681,0.028022101,0.14333335,0.12200000509619713,0.1640000119805336,0.037748773,0.0006666667,0.0,0.0,0.0023094013,0.15657987,0.14927168190479279,0.16226839646697044,0.014367112,21.060291,21.060291290283203,21.060291290283203,0.0,21.080292,21.080291748046875,21.080291748046875,0.0,3376000.0,3376000.0,3376000.0,0.0
1055,0.0,0.0,0.0,0.0,1.0,1.0,1.0,0.0,0.51272076,0.5119045525789261,0.5147665441036224,0.0030545865,0.51272076,0.5119045525789261,0.5147665441036224,0.0030545865,1.0523874,1.0379732251167297,1.0727809071540833,0.029145718,0.088822775,0.08457078784704208,0.09164803102612495,0.006115245,0.088822775,0.08457078784704208,0.09164803102612495,0.006115245,1.0,1.0,1.0,0.0,1.2430824e-12,1.183575562861347e-12,1.2826221747024025e-12,8.558338e-14,1.3995087e-11,1.3995087207174794e-11,1.3995087207174794e-11,0.0,-27.402254,-27.773152828216553,-26.981850624084473,0.54674363,2.3152983,2.283586621284485,2.360165059566498,0.064121865,0.7717661,0.761195570230484,0.786721721291542,0.021373957,0.14466667,0.12000000476837158,0.15600001066923141,0.032800592,0.0,0.0,0.0,0.0,0.16404106,0.1507774367928505,0.18004708737134933,0.015843127,21.080292,21.080291748046875,21.080291748046875,0.0,21.100292,21.100292205810547,21.100292205810547,0.0,3379200.0,3379200.0,3379200.0,0.0
1056,0.0,0.0,0.0,0.0,1.0,1.0,1.0,0.0,0.51272076,0.5119045525789261,0.5147665441036224,0.0030545865,0.51272076,0.5119045525789261,0.5147665441036224,0.0030545865,1.0391592,1.014531135559082,1.0694218575954437,0.037063994,0.09168548,0.08522857539355755,0.09670944139361382,0.007908117,0.09168548,0.08522857539355755,0.09670944139361382,0.007908117,1.0,1.0,1.0,0.0,1.2577378e-12,1.1691621791803247e-12,1.3266562327862719e-12,1.08483236e-13,1.371796e-11,1.3717959927717072e-11,1.3717959927717072e-11,0.0,-27.44011,-28.17232036590576,-27.046590328216553,0.78060585,2.2861958,2.2320130467414856,2.352774977684021,0.081542395,0.76206523,0.7440043538808823,0.7842583507299423,0.027180808,0.13666667,0.12400000542402267,0.14600000903010368,0.036653996,0.0,0.0,0.0,0.0,0.15238433,0.13921131193637848,0.1615387424826622,0.019443681,21.100292,21.100292205810547,21.100292205810547,0.0,21.120293,21.12029266357422,21.12029266357422,0.0,3382400.0,3382400.0,3382400.0,0.0
1057,0.0,0.0,0.0,0.0,1.0,1.0,1.0,0.0,0.51272076,0.5119045525789261,0.5147665441036224,0.0030545865,0.51272076,0.5119045525789261,0.5147665441036224,0.0030545865,1.0289934,1.005500078201294,1.0470339953899384,0.037736244,0.08726417,0.08975320681929588,0.09874993562698364,0.02823207,0.093860775,0.08975320681929588,0.09874993562698364,0.007954519,0.9166667,1.0,1.0,0.28867513,1.1733819e-12,1.2068503206334735e-12,1.327823240899681e-12,3.7961743e-13,1.344632e-11,1.3446319578613863e-11,1.3446319578613863e-11,0.0,-26.955595,-27.23721981048584,-26.45735740661621,0.66990674,2.2638307,2.2121443152427673,2.3035207390785217,0.08302136,0.75461024,0.7373814433813095,0.767840251326561,0.02767379,0.14800002,0.12800000607967377,0.1600000113248825,0.026312806,0.0,0.0,0.0,0.0,0.15393983,0.14218012988567352,0.1638711877167225,0.020959163,21.120293,21.12029266357422,21.12029266357422,0.0,21.140293,21.14029312133789,21.14029312133789,0.0,3385600.0,3385600.0,3385600.0,0.0
1058,0.0,0.0,0.0,0.0,1.0,1.0,1.0,0.0,0.51272076,0.5119045525789261,0.5147665441036224,0.0030545865,0.51272076,0.5119045525789261,0.5147665441036224,0.0030545865,1.0294361,0.9968809932470322,1.063247948884964,0.03679562,0.09375649,0.08644766546785831,0.1007256992161274,0.008017076,0.09375649,0.08644766546785831,0.1007256992161274,0.008017076,1.0,1.0,1.0,0.0,1.235716e-12,1.1393852170343138e-12,1.3275705404783289e-12,1.05665524e-13,1.3180058e-11,1.3180057739647921e-11,1.3180057739647921e-11,0.0,-27.460655,-27.956825256347656,-27.060909271240234,0.8083005,2.2648048,2.1931819915771484,2.339192271232605,0.08095201,0.75493497,0.7310606837272644,0.7797307670116425,0.026984004,0.158,0.15200001001358032,0.17000001296401024,0.026006993,0.0,0.0,0.0,0.0,0.15423201,0.14088613539934158,0.16365483775734901,0.022995481,21.140293,21.14029312133789,21.14029312133789,0.0,21.160294,21.160293579101562,21.160293579101562,0.0,3388800.0,3388800.0,3388800.0,0.0
1059,0.0,0.0,0.0,0.0,1.0,1.0,1.0,0.0,0.51272076,0.5119045525789261,0.5147665441036224,0.0030545865,0.51272076,0.5119045525789261,0.5147665441036224,0.0030545865,1.0299854,1.0077303349971771,1.043621450662613,0.04033212,0.08729269,0.0904439203441143,0.09828091040253639,0.028282024,0.09369252,0.0904439203441143,0.09828091040253639,0.00851328,0.9166667,1.0,1.0,0.28867513,1.1277404e-12,1.1684513220259346e-12,1.269697942705289e-12,3.6537743e-13,1.2919071e-11,1.2919070327410687e-11,1.2919070327410687e-11,0.0,-27.394897,-27.700963497161865,-27.0643367767334,0.6289459,2.2660134,2.2170510292053223,2.296013057231903,0.08873244,0.7553378,0.7390170246362686,0.7653376907110214,0.029577473,0.15733333,0.12600000575184822,0.19200000166893005,0.03938928,0.0006666667,0.0,0.0,0.0023094013,0.14766301,0.1328907310962677,0.16117264330387115,0.02337277,21.160294,21.160293579101562,21.160293579101562,0.0,21.180294,21.180294036865234,21.180294036865234,0.0,3392000.0,3392000.0,3392000.0,0.0
1060,0.0,0.0,0.0,0.0,1.0,1.0,1.0,0.0,0.51272076,0.5119045525789261,0.5147665441036224,0.0030545865,0.51272076,0.5119045525789261,0.5147665441036224,0.0030545865,1.0250679,1.003691092133522,1.0584143996238708,0.035072733,0.094670944,0.08741682954132557,0.09916359186172485,0.0075279237,0.094670944,0.08741682954132557,0.09916359186172485,0.0075279237,1.0,1.0,1.0,0.0,1.1988417e-12,1.1069810432889904e-12,1.2557332831984042e-12,9.5327975e-14,1.2663249e-11,1.2663248921684911e-11,1.2663248921684911e-11,0.0,-27.306326,-27.920772075653076,-26.77620506286621,0.823103,2.2551947,2.2081644535064697,2.328558087348938,0.077161536,0.7517316,0.7360548228025436,0.7761860489845276,0.025720514,0.16133334,0.1420000083744526,0.18400001525878906,0.033567663,0.0,0.0,0.0,0.0,0.149966,0.139957956969738,0.16232548281550407,0.017870463,21.180294,21.180294036865234,21.180294036865234,0.0,21.200294,21.200294494628906,21.200294494628906,0.0,3395200.0,3395200.0,3395200.0,0.0
1061,0.0,0.0,0.0,0.0,1.0,1.0,1.0,0.0,0.51272076,0.5119045525789261,0.5147665441036224,0.0030545865,0.51272076,0.5119045525789261,0.5147665441036224,0.0030545865,1.0408317,1.025080293416977,1.0515454709529877,0.025110658,0.09116486,0.0888095274567604,0.09439579211175442,0.0052003977,0.09116486,0.0888095274567604,0.09439579211175442,0.0052003977,1.0,1.0,1.0,0.0,1.1315832e-12,1.1023477053048736e-12,1.1716872318299348e-12,6.454991e-14,1.2412494e-11,1.2412493775870725e-11,1.2412493775870725e-11,0.0,-27.27381,-27.609822750091553,-26.964778900146484,0.6910454,2.2898755,2.2552217841148376,2.3134462237358093,0.055244565,0.76329184,0.7517406195402145,0.771148756146431,0.018414848,0.13800001,0.12400000542402267,0.15600001066923141,0.028970208,0.0,0.0,0.0,0.0,0.15549093,0.14136264845728874,0.16445060819387436,0.019463817,21.200294,21.200294494628906,21.200294494628906,0.0,21.220295,21.220294952392578,21.220294952392578,0.0,3398400.0,3398400.0,3398400.0,0.0
1062,0.0,0.0,0.0,0.0,1.0,1.0,1.0,0.0,0.51272076,0.5119045525789261,0.5147665441036224,0.0030545865,0.51272076,0.5119045525789261,0.5147665441036224,0.0030545865,1.0248691,1.007949098944664,1.0531771183013916,0.036441185,0.094745345,0.08847600594162941,0.09819594398140907,0.008174108,0.094745345,0.08847600594162941,0.09819594398140907,0.008174108,1.0,1.0,1.0,0.0,1.1527387e-12,1.0764615110750442e-12,1.1947211340894437e-12,9.9451975e-14,1.2166705e-11,1.2166705143368262e-11,1.2166705143368262e-11,0.0,-27.158274,-27.85887384414673,-26.651628971099854,0.84896636,2.254757,2.217532217502594,2.317035973072052,0.08017222,0.75158566,0.7391774356365204,0.7723453491926193,0.02672407,0.15200001,0.1340000070631504,0.17000001296401024,0.021842415,0.0,0.0,0.0,0.0,0.15895711,0.1396321877837181,0.1770855113863945,0.024815956,21.220295,21.220294952392578,21.220294952392578,0.0,21.240295,21.24029541015625,21.24029541015625,0.0,3401600.0,3401600.0,3401600.0,0.0
1063,0.0,0.0,0.0,0.0,1.0,1.0,1.0,0.0,0.51272076,0.5119045525789261,0.5147665441036224,0.0030545865,0.51272076,0.5119045525789261,0.5147665441036224,0.0030545865,1.048211,1.0341041684150696,1.068789005279541,0.031846803,0.08971452,0.0853599552065134,0.09245206229388714,0.0066160634,0.08971452,0.0853599552065134,0.09245206229388714,0.0066160634,1.0,1.0,1.0,0.0,1.0699157e-12,1.0179842266453548e-12,1.1025631633816008e-12,7.890173e-14,1.1925782e-11,1.1925782410215913e-11,1.1925782410215913e-11,0.0,-27.81029,-28.26359510421753,-27.32112216949463,0.71198183,2.3061101,2.2750747203826904,2.3513827323913574,0.07006436,0.7687034,0.7583582699298859,0.7837942540645599,0.023354791,0.156,0.13600000739097595,0.17000001296401024,0.02223838,0.0,0.0,0.0,0.0,0.15963256,0.14359188079833984,0.17343610152602196,0.02559093,21.240295,21.24029541015625,21.24029541015625,0.0,21.260296,21.260295867919922,21.260295867919922,0.0,3404800.0,3404800.0,3404800.0,0.0
1064,0.0,0.0,0.0,0.0,1.0,1.0,1.0,0.0,0.51272076,0.5119045525789261,0.5147665441036224,0.0030545865,0.51272076,0.5119045525789261,0.5147665441036224,0.0030545865,1.0349041,1.01419135928154,1.046450138092041,0.025512459,0.09242233,0.08985844999551773,0.09679020568728447,0.00536053,0.09242233,0.08985844999551773,0.09679020568728447,0.00536053,1.0,1.0,1.0,0.0,1.0803829e-12,1.050412090208147e-12,1.1314418098175988e-12,6.2662644e-14,1.1689631e-11,1.1689631033984238e-11,1.1689631033984238e-11,0.0,-27.281855,-27.70170545578003,-26.752687454223633,0.670496,2.2768342,2.2312655448913574,2.302236318588257,0.05612852,0.7589448,0.7437551915645599,0.7674121409654617,0.018709503,0.16600001,0.1340000070631504,0.1860000118613243,0.032918632,0.0006666667,0.0,0.0,0.0023094013,0.16673447,0.14711104705929756,0.1724882461130619,0.030602762,21.260296,21.260295867919922,21.260295867919922,0.0,21.280296,21.280296325683594,21.280296325683594,0.0,3408000.0,3408000.0,3408000.0,0.0
1065,0.0,0.0,0.0,0.0,1.0,1.0,1.0,0.0,0.51272076,0.5119045525789261,0.5147665441036224,0.0030545865,0.51272076,0.5119045525789261,0.5147665441036224,0.0030545865,1.0256443,1.0002286732196808,1.0407688915729523,0.032027647,0.09449712,0.09104667603969574,0.09994744136929512,0.0067827012,0.09449712,0.09104667603969574,0.09994744136929512,0.0067827012,1.0,1.0,1.0,0.0,1.0827628e-12,1.043226946885814e-12,1.1452133187074554e-12,7.771725e-14,1.14581565e-11,1.1458155604882059e-11,1.1458155604882059e-11,0.0,-27.268866,-27.598966598510742,-26.881198406219482,0.65586936,2.2564626,2.2005470395088196,2.2897372245788574,0.070462205,0.7521542,0.7335157096385956,0.7632457613945007,0.023487397,0.16600001,0.14400000870227814,0.17800001427531242,0.0337908,0.0,0.0,0.0,0.0,0.15703654,0.13431644067168236,0.17104975134134293,0.02665845,21.280296,21.280296325683594,21.280296325683594,0.0,21.300297,21.300296783447266,21.300296783447266,0.0,3411200.0,3411200.0,3411200.0,0.0
1066,0.0,0.0,0.0,0.0,1.0,1.0,1.0,0.0,0.51272076,0.5119045525789261,0.5147665441036224,0.0030545865,0.51272076,0.5119045525789261,0.5147665441036224,0.0030545865,1.0278827,1.0095018446445465,1.051134169101715,0.030535633,0.093998164,0.08889267779886723,0.09783674404025078,0.006798167,0.093998164,0.08889267779886723,0.09783674404025078,0.006798167,1.0,1.0,1.0,0.0,1.0557181e-12,9.98377080877258e-13,1.0988302281966789e-12,7.6351984e-14,1.1231263e-11,1.123126331520341e-11,1.123126331520341e-11,0.0,-27.150244,-27.436185359954834,-26.726537704467773,0.45173362,2.261387,2.2209484577178955,2.312541425228119,0.06717974,0.7537957,0.740316167473793,0.7708471566438675,0.022393243,0.15833333,0.12999999523162842,0.17999999225139618,0.03325749,0.0,0.0,0.0,0.0,0.14842659,0.13762352988123894,0.15698590502142906,0.017790064,21.300297,21.300296783447266,21.300296783447266,0.0,21.320297,21.320297241210938,21.320297241210938,0.0,3414400.0,3414400.0,3414400.0,0.0
1067,0.0,0.0,0.0,0.0,1.0,1.0,1.0,0.0,0.51272076,0.5119045525789261,0.5147665441036224,0.0030545865,0.51272076,0.5119045525789261,0.5147665441036224,0.0030545865,1.0357465,1.0156673789024353,1.058118462562561,0.031421795,0.09232098,0.0874745137989521,0.09646620228886604,0.0067321593,0.09232098,0.0874745137989521,0.09646620228886604,0.0067321593,1.0,1.0,1.0,0.0,1.0163492e-12,9.629950916550944e-13,1.0619834005243245e-12,7.411344e-14,1.1008865e-11,1.100886482668928e-11,1.100886482668928e-11,0.0,-27.31318,-27.880773544311523,-26.78712558746338,0.6867832,2.2786877,2.2345129251480103,2.327907085418701,0.06912932,0.75956255,0.7448376715183258,0.7759690582752228,0.023043107,0.14800002,0.12800000607967377,0.15400001034140587,0.025412954,0.0,0.0,0.0,0.0,0.14817004,0.13590387627482414,0.1541634351015091,0.014732811,21.320297,21.320297241210938,21.320297241210938,0.0,21.340296,21.34029769897461,21.34029769897461,0.0,3417600.0,3417600.0,3417600.0,0.0
1068,0.0,0.0,0.0,0.0,1.0,1.0,1.0,0.0,0.51272076,0.5119045525789261,0.5147665441036224,0.0030545865,0.51272076,0.5119045525789261,0.5147665441036224,0.0030545865,1.0427809,1.0150997340679169,1.0702659487724304,0.033294253,0.09086183,0.08507602289319038,0.09658389538526535,0.0068998886,0.09086183,0.08507602289319038,0.09658389538526535,0.0068998886,1.0,1.0,1.0,0.0,9.804782e-13,9.1804428642428e-13,1.0422242225065909e-12,7.44558e-14,1.0790871e-11,1.0790869933718916e-11,1.0790869933718916e-11,0.0,-27.367752,-27.773491382598877,-26.971115589141846,0.6668977,2.294164,2.2332639694213867,2.3546321392059326,0.07324878,0.76472133,0.7444213479757309,0.7848774194717407,0.024416268,0.15266667,0.12800000607967377,0.17000001296401024,0.024470147,0.0006666667,0.0,0.0,0.0023094013,0.1657774,0.1580001711845398,0.17178960517048836,0.019713175,21.340296,21.34029769897461,21.34029769897461,0.0,21.360298,21.36029815673828,21.36029815673828,0.0,3420800.0,3420800.0,3420800.0,0.0
1069,0.0,0.0,0.0,0.0,1.0,1.0,1.0,0.0,0.51272076,0.5119045525789261,0.5147665441036224,0.0030545865,0.51272076,0.5119045525789261,0.5147665441036224,0.0030545865,1.0476063,1.0202955603599548,1.0835067331790924,0.036726274,0.08343908,0.08250975236296654,0.09543588012456894,0.027035614,0.08990779,0.08250975236296654,0.09543588012456894,0.0074453647,0.9166667,1.0,1.0,0.28867513,8.8255103e-13,8.727214101129227e-13,1.0094435866619261e-12,2.8596087e-13,1.0577191e-11,1.0577191032756783e-11,1.0577191032756783e-11,0.0,-27.698732,-28.09694528579712,-27.191982746124268,0.7447127,2.30478,2.2446950674057007,2.3837624192237854,0.08079943,0.76826,0.7482317239046097,0.7945874929428101,0.026933149,0.14400001,0.12400000542402267,0.16200001165270805,0.033941127,0.0006666667,0.0,0.0,0.0023094013,0.16101636,0.14832157269120216,0.17292089760303497,0.016631462,21.360298,21.36029815673828,21.36029815673828,0.0,21.3803,21.380298614501953,21.380298614501953,0.0,3424000.0,3424000.0,3424000.0,0.0
1070,0.0,0.0,0.0,0.0,1.0,1.0,1.0,0.0,0.51272076,0.5119045525789261,0.5147665441036224,0.0030545865,0.51272076,0.5119045525789261,0.5147665441036224,0.0030545865,1.0385643,1.0216197967529297,1.0569870173931122,0.035825603,0.08517631,0.08770495280623436,0.09515550918877125,0.027587548,0.091788076,0.08770495280623436,0.09515550918877125,0.0075453855,0.9166667,1.0,1.0,0.28867513,8.8308614e-13,9.093025269378552e-13,9.865479472844635e-13,2.8602064e-13,1.0367744e-11,1.0367743989714295e-11,1.0367743989714295e-11,0.0,-27.669144,-27.93911075592041,-27.19119691848755,0.6484547,2.284887,2.2476084232330322,2.3254178762435913,0.07881788,0.76162905,0.7492028325796127,0.7751393020153046,0.026272623,0.16400002,0.15200001001358032,0.17600001394748688,0.031171083,0.0,0.0,0.0,0.0,0.1603265,0.14558598399162292,0.17470790445804596,0.016635964,21.3803,21.380298614501953,21.380298614501953,0.0,21.4003,21.400299072265625,21.400299072265625,0.0,3427200.0,3427200.0,3427200.0,0.0
1071,0.0,0.0,0.0,0.0,1.0,1.0,1.0,0.0,0.51272076,0.5119045525789261,0.5147665441036224,0.0030545865,0.51272076,0.5119045525789261,0.5147665441036224,0.0030545865,1.0500387,1.0330355167388916,1.0719772577285767,0.027547864,0.08928207,0.08473430387675762,0.09268596768379211,0.0056861015,0.08928207,0.08473430387675762,0.09268596768379211,0.0056861015,1.0,1.0,1.0,0.0,9.073241e-13,8.611075855190567e-13,9.41915924597414e-13,5.778468e-14,1.0162444e-11,1.016244380314113e-11,1.016244380314113e-11,0.0,-27.659765,-27.91132164001465,-27.26934242248535,0.6900635,2.3101313,2.2727234959602356,2.358397126197815,0.060606565,0.7700438,0.7575745284557343,0.7861323803663254,0.020202188,0.13466667,0.12400000542402267,0.14600000903010368,0.033912543,0.0,0.0,0.0,0.0,0.1631424,0.15596264600753784,0.1717659793794155,0.014373339,21.4003,21.400299072265625,21.400299072265625,0.0,21.420298,21.420299530029297,21.420299530029297,0.0,3430400.0,3430400.0,3430400.0,0.0
1072,0.0,0.0,0.0,0.0,1.0,1.0,1.0,0.0,0.51272076,0.5119045525789261,0.5147665441036224,0.0030545865,0.51272076,0.5119045525789261,0.5147665441036224,0.0030545865,1.0410864,1.0086150169372559,1.0672279298305511,0.045373704,0.08544758,0.08566712401807308,0.0980420708656311,0.027721867,0.091415435,0.08566712401807308,0.0980420708656311,0.0091264285,0.9166667,1.0,1.0,0.28867513,8.511613e-13,8.533482758312297e-13,9.766177124816144e-13,2.7614337e-13,9.96121e-12,9.961210675757393e-12,9.961210675757393e-12,0.0,-27.468443,-28.011983394622803,-26.963801383972168,0.8671926,2.290436,2.218997359275818,2.3479483127593994,0.09982415,0.7634787,0.7396657913923264,0.7826494574546814,0.03327472,0.156,0.1340000070631504,0.18400001525878906,0.035532318,0.0,0.0,0.0,0.0,0.15702729,0.1428299881517887,0.17207542061805725,0.02085107,21.420298,21.420299530029297,21.420299530029297,0.0,21.4403,21.44029998779297,21.44029998779297,0.0,3433600.0,3433600.0,3433600.0,0.0
1073,0.0,0.0,0.0,0.0,1.0,1.0,1.0,0.0,0.51272076,0.5119045525789261,0.5147665441036224,0.0030545865,0.51272076,0.5119045525789261,0.5147665441036224,0.0030545865,1.0292182,1.018903225660324,1.0340031683444977,0.025577156,0.093637854,0.09247210621833801,0.0957407969981432,0.0052716644,0.093637854,0.09247210621833801,0.0957407969981432,0.0052716644,1.0,1.0,1.0,0.0,9.142763e-13,9.028939705266192e-13,9.34809358827532e-13,5.1472322e-14,9.7639605e-12,9.763960473474498e-12,9.763960473474498e-12,0.0,-27.364586,-27.81468439102173,-26.823755741119385,0.7230859,2.2643251,2.2416319251060486,2.2748523354530334,0.056270897,0.75477505,0.7472106665372849,0.7582841515541077,0.018756963,0.15866667,0.1420000083744526,0.17600001394748688,0.03215116,0.0,0.0,0.0,0.0,0.16124648,0.14820007234811783,0.16730232909321785,0.019884031,21.4403,21.44029998779297,21.44029998779297,0.0,21.460302,21.46030044555664,21.46030044555664,0.0,3436800.0,3436800.0,3436800.0,0.0
1074,0.0,0.0,0.0,0.0,1.0,1.0,1.0,0.0,0.51272076,0.5119045525789261,0.5147665441036224,0.0030545865,0.51272076,0.5119045525789261,0.5147665441036224,0.0030545865,1.0387449,1.0215989351272583,1.069355309009552,0.04550162,0.078725606,0.08527922071516514,0.095153683796525,0.037565053,0.091928296,0.08527922071516514,0.095153683796525,0.009703849,0.8333333,1.0,1.0,0.38924947,7.534527e-13,8.161748322544141e-13,9.106795314595476e-13,3.5952076e-13,9.570618e-12,9.57061773582124e-12,9.57061773582124e-12,0.0,-27.47093,-28.359453678131104,-27.040961742401123,1.0021139,2.2852845,2.2475625872612,2.352628529071808,0.10010556,0.7617615,0.749187558889389,0.7842095345258713,0.033368524,0.16266668,0.14600000903010368,0.18400001525878906,0.041123614,0.0,0.0,0.0,0.0,0.16130058,0.13656115531921387,0.17268536612391472,0.030429183,21.460302,21.46030044555664,21.46030044555664,0.0,21.4803,21.480300903320312,21.480300903320312,0.0,3440000.0,3440000.0,3440000.0,0.0
1075,0.0,0.0,0.0,0.0,1.0,1.0,1.0,0.0,0.51272076,0.5119045525789261,0.5147665441036224,0.0030545865,0.51272076,0.5119045525789261,0.5147665441036224,0.0030545865,1.0395588,1.019668072462082,1.06410413980484,0.02748423,0.09146073,0.08628430962562561,0.09557227231562138,0.005747292,0.09146073,0.08628430962562561,0.09557227231562138,0.005747292,1.0,1.0,1.0,0.0,8.580024e-13,8.094419909733877e-13,8.965733158065176e-13,5.3915944e-14,9.381103e-12,9.381102665517727e-12,9.381102665517727e-12,0.0,-27.441492,-28.028523445129395,-27.081655025482178,0.69450504,2.2870748,2.2433146238327026,2.341075837612152,0.060466494,0.76235837,0.7477715760469437,0.780358612537384,0.020155495,0.13933334,0.11800000444054604,0.15400001034140587,0.03134945,0.0,0.0,0.0,0.0,0.15691543,0.14043008536100388,0.16758296638727188,0.017877135,21.4803,21.480300903320312,21.480300903320312,0.0,21.5003,21.500301361083984,21.500301361083984,0.0,3443200.0,3443200.0,3443200.0,0.0
1076,0.0,0.0,0.0,0.0,1.0,1.0,1.0,0.0,0.51272076,0.5119045525789261,0.5147665441036224,0.0030545865,0.51272076,0.5119045525789261,0.5147665441036224,0.0030545865,1.0273484,1.0044065117835999,1.0448832213878632,0.024332918,0.09403241,0.09018135443329811,0.09899065643548965,0.0052813487,0.09403241,0.09018135443329811,0.09899065643548965,0.0052813487,1.0,1.0,1.0,0.0,8.6465985e-13,8.292481284977171e-13,9.102526268541314e-13,4.8563784e-14,9.195339e-12,9.195338934731012e-12,9.195338934731012e-12,0.0,-27.321085,-27.82655954360962,-26.90588092803955,0.6267143,2.2602115,2.209738552570343,2.2987889647483826,0.05353346,0.75340384,0.7365795224905014,0.766263023018837,0.017844481,0.16666667,0.1420000083744526,0.17800001427531242,0.028709622,0.0013333334,0.0,0.0,0.003113996,0.16041248,0.14404238760471344,0.17529259622097015,0.018348044,21.5003,21.500301361083984,21.500301361083984,0.0,21.520302,21.520301818847656,21.520301818847656,0.0,3446400.0,3446400.0,3446400.0,0.0
1077,0.0,0.0,0.0,0.0,1.0,1.0,1.0,0.0,0.51272076,0.5119045525789261,0.5147665441036224,0.0030545865,0.51272076,0.5119045525789261,0.5147665441036224,0.0030545865,1.0172561,1.0028690993785858,1.030953586101532,0.02701512,0.09627357,0.0931280329823494,0.09934184327721596,0.0059105176,0.09627357,0.0931280329823494,0.09934184327721596,0.0059105176,1.0,1.0,1.0,0.0,8.6773823e-13,8.393866791954821e-13,8.953933108195658e-13,5.3273002e-14,9.0132546e-12,9.013254552436845e-12,9.013254552436845e-12,0.0,-27.147484,-27.391798496246338,-26.71000099182129,0.6280445,2.238008,2.206356108188629,2.2681431770324707,0.05943445,0.74600273,0.7354520559310913,0.7560477554798126,0.019811485,0.13333334,0.11000000312924385,0.14600000903010368,0.026275929,0.0,0.0,0.0,0.0,0.15964311,0.15299540385603905,0.16769005358219147,0.011627174,21.520302,21.520301818847656,21.520301818847656,0.0,21.540304,21.540302276611328,21.540302276611328,0.0,3449600.0,3449600.0,3449600.0,0.0
1078,0.0,0.0,0.0,0.0,1.0,1.0,1.0,0.0,0.51272076,0.5119045525789261,0.5147665441036224,0.0030545865,0.51272076,0.5119045525789261,0.5147665441036224,0.0030545865,1.0227438,1.0104606449604034,1.03758704662323,0.021742187,0.09500745,0.09170940518379211,0.09762852638959885,0.0047947434,0.09500745,0.09170940518379211,0.09762852638959885,0.0047947434,1.0,1.0,1.0,0.0,8.3936954e-13,8.102320490964779e-13,8.625261556415367e-13,4.2360494e-14,8.834776e-12,8.834775792887495e-12,8.834775792887495e-12,0.0,-27.20503,-27.595956325531006,-26.92009973526001,0.4698927,2.2500813,2.223057746887207,2.282737135887146,0.04783378,0.7500272,0.7410192638635635,0.7609123885631561,0.0159446,0.15733334,0.13200000673532486,0.17800001427531242,0.037419815,0.0006666667,0.0,0.0,0.0023094013,0.15607785,0.14023004844784737,0.16441360861063004,0.024690954,21.540304,21.540302276611328,21.540302276611328,0.0,21.560303,21.560302734375,21.560302734375,0.0,3452800.0,3452800.0,3452800.0,0.0
1079,0.0,0.0,0.0,0.0,1.0,1.0,1.0,0.0,0.51272076,0.5119045525789261,0.5147665441036224,0.0030545865,0.51272076,0.5119045525789261,0.5147665441036224,0.0030545865,1.039332,1.0151731073856354,1.0543606877326965,0.028687326,0.091523565,0.08825114741921425,0.0965673215687275,0.006011223,0.091523565,0.08825114741921425,0.0965673215687275,0.006011223,1.0,1.0,1.0,0.0,7.9257873e-13,7.642401522820613e-13,8.362568314690053e-13,5.2056182e-14,8.659832e-12,8.659832399782186e-12,8.659832399782186e-12,0.0,-27.692274,-28.417258262634277,-27.096062183380127,0.76177007,2.286576,2.2334254384040833,2.31963974237442,0.06311341,0.7621921,0.7444751709699631,0.7732132822275162,0.021037797,0.15083332,0.11999999731779099,0.17999999225139618,0.04187825,0.0,0.0,0.0,0.0,0.15142633,0.1418442465364933,0.1639118678867817,0.017779253,21.560303,21.560302734375,21.560302734375,0.0,21.580301,21.580303192138672,21.580303192138672,0.0,3456000.0,3456000.0,3456000.0,0.0
1080,0.0,0.0,0.0,0.0,1.0,1.0,1.0,0.0,0.51272076,0.5119045525789261,0.5147665441036224,0.0030545865,0.51272076,0.5119045525789261,0.5147665441036224,0.0030545865,1.0301206,0.996921718120575,1.043183296918869,0.031496238,0.093521915,0.0905354656279087,0.10071131400763988,0.006660921,0.093521915,0.0905354656279087,0.10071131400763988,0.006660921,1.0,1.0,1.0,0.0,7.93847e-13,7.684969468516739e-13,8.548731384241948e-13,5.6540242e-14,8.488352e-12,8.488352382096664e-12,8.488352382096664e-12,0.0,-27.28184,-27.934699058532715,-26.796879291534424,0.74592954,2.2663105,2.193271577358246,2.2950491309165955,0.06929312,0.7554369,0.7310905456542969,0.7650163769721985,0.023097703,0.14466667,0.12400000542402267,0.15400001034140587,0.044536673,0.0,0.0,0.0,0.0,0.15961823,0.1453702747821808,0.16544539108872414,0.02518998,21.580301,21.580303192138672,21.580303192138672,0.0,21.600304,21.600303649902344,21.600303649902344,0.0,3459200.0,3459200.0,3459200.0,0.0
1081,0.0,0.0,0.0,0.0,1.0,1.0,1.0,0.0,0.51272076,0.5119045525789261,0.5147665441036224,0.0030545865,0.51272076,0.5119045525789261,0.5147665441036224,0.0030545865,1.0362844,1.0255691409111023,1.0486499071121216,0.02428608,0.09211638,0.08940574340522289,0.09428401477634907,0.0051395535,0.09211638,0.08940574340522289,0.09428401477634907,0.0051395535,1.0,1.0,1.0,0.0,7.664329e-13,7.43879743502103e-13,7.844682612919221e-13,4.2762462e-14,8.320268e-12,8.320268085615368e-12,8.320268085615368e-12,0.0,-27.3719,-27.771666526794434,-26.869117259979248,0.63635844,2.2798715,2.2562971711158752,2.3070759177207947,0.05343045,0.75995713,0.7520990818738937,0.7690253108739853,0.017810144,0.14733334,0.12800000607967377,0.1600000113248825,0.03226406,0.0,0.0,0.0,0.0,0.15758972,0.1472458317875862,0.16741548478603363,0.015616339,21.600304,21.600303649902344,21.600303649902344,0.0,21.620306,21.620304107666016,21.620304107666016,0.0,3462400.0,3462400.0,3462400.0,0.0
1082,0.0,0.0,0.0,0.0,1.0,1.0,1.0,0.0,0.51272076,0.5119045525789261,0.5147665441036224,0.0030545865,0.51272076,0.5119045525789261,0.5147665441036224,0.0030545865,1.0246005,1.005491316318512,1.0294200778007507,0.03184853,0.09472104,0.09345299191772938,0.09874372743070126,0.006723269,0.09472104,0.09345299191772938,0.09874372743070126,0.006723269,1.0,1.0,1.0,0.0,7.724986e-13,7.62156993332902e-13,8.053056512651383e-13,5.48317e-14,8.155512e-12,8.155511856122732e-12,8.155511856122732e-12,0.0,-27.333086,-28.016480922698975,-26.79707098007202,0.7249541,2.2541661,2.212125062942505,2.264769494533539,0.07006818,0.7513887,0.7373750358819962,0.7549231797456741,0.023356073,0.14866666,0.12800000607967377,0.15800001099705696,0.031349447,0.0,0.0,0.0,0.0,0.1643563,0.1421751193702221,0.18093788996338844,0.02738195,21.620306,21.620304107666016,21.620304107666016,0.0,21.640305,21.640304565429688,21.640304565429688,0.0,3465600.0,3465600.0,3465600.0,0.0
1083,0.0,0.0,0.0,0.0,1.0,1.0,1.0,0.0,0.51272076,0.5119045525789261,0.5147665441036224,0.0030545865,0.51272076,0.5119045525789261,0.5147665441036224,0.0030545865,1.0411507,1.0292101800441742,1.0537510216236115,0.033983856,0.08472519,0.08837225288152695,0.09349637292325497,0.027275817,0.091213204,0.08837225288152695,0.09349637292325497,0.00705412,0.9166667,1.0,1.0,0.28867513,6.7729475e-13,7.064493575629355e-13,7.474116811567733e-13,2.1804337e-13,7.994018e-12,7.994017774126672e-12,7.994017774126672e-12,0.0,-27.35351,-27.798643589019775,-26.97005844116211,0.6952699,2.2905772,2.2643076181411743,2.318298578262329,0.07476597,0.7635258,0.7547692060470581,0.7727662175893784,0.024921987,0.156,0.13600000739097595,0.17600001394748688,0.02375634,0.0006666667,0.0,0.0,0.0023094013,0.15736526,0.14502546563744545,0.16511644795536995,0.022154372,21.640305,21.640304565429688,21.640304565429688,0.0,21.660303,21.66030502319336,21.66030502319336,0.0,3468800.0,3468800.0,3468800.0,0.0
1084,0.0,0.0,0.0,0.0,1.0,1.0,1.0,0.0,0.51272076,0.5119045525789261,0.5147665441036224,0.0030545865,0.51272076,0.5119045525789261,0.5147665441036224,0.0030545865,1.0373935,1.0247529447078705,1.0499442219734192,0.032321475,0.09198543,0.08914311043918133,0.0944739356637001,0.0069470783,0.09198543,0.08914311043918133,0.0944739356637001,0.0069470783,1.0,1.0,1.0,0.0,7.2077224e-13,6.985006919656839e-13,7.402715322245984e-13,5.4435372e-14,7.8357225e-12,7.835722522220312e-12,7.835722522220312e-12,0.0,-27.48539,-27.75386619567871,-27.292662620544434,0.77374226,2.2823112,2.254501461982727,2.309923529624939,0.07110866,0.7607704,0.7515004873275757,0.7699745148420334,0.023702884,0.15866667,0.14000000804662704,0.17000001296401024,0.042855643,0.0,0.0,0.0,0.0,0.15577953,0.14435217157006264,0.16762994602322578,0.015961206,21.660303,21.66030502319336,21.66030502319336,0.0,21.680305,21.68030548095703,21.68030548095703,0.0,3472000.0,3472000.0,3472000.0,0.0
1085,0.0,0.0,0.0,0.0,1.0,1.0,1.0,0.0,0.51272076,0.5119045525789261,0.5147665441036224,0.0030545865,0.51272076,0.5119045525789261,0.5147665441036224,0.0030545865,1.0424615,1.0152353644371033,1.073261559009552,0.034326993,0.090944506,0.0844772607088089,0.09655889496207237,0.0071408493,0.090944506,0.0844772607088089,0.09655889496207237,0.0071408493,1.0,1.0,1.0,0.0,6.9850484e-13,6.488327670278737e-13,7.41626500337135e-13,5.4845726e-14,7.680561e-12,7.680561048273304e-12,7.680561048273304e-12,0.0,-27.678497,-28.088493824005127,-27.16669750213623,0.628315,2.293461,2.2335623502731323,2.361222505569458,0.075520895,0.764487,0.7445207983255386,0.7870741784572601,0.025173636,0.13733335,0.1340000070631504,0.15400001034140587,0.033393886,0.0006666667,0.0,0.0,0.0023094013,0.1676451,0.1549738124012947,0.18308075517416,0.017802762,21.680305,21.68030548095703,21.68030548095703,0.0,21.700308,21.700305938720703,21.700305938720703,0.0,3475200.0,3475200.0,3475200.0,0.0
1086,0.0,0.0,0.0,0.0,1.0,1.0,1.0,0.0,0.51272076,0.5119045525789261,0.5147665441036224,0.0030545865,0.51272076,0.5119045525789261,0.5147665441036224,0.0030545865,1.0338966,1.0246964991092682,1.0476787984371185,0.030210486,0.09269828,0.0896027572453022,0.09447540156543255,0.0065075317,0.09269828,0.0896027572453022,0.09447540156543255,0.0065075317,1.0,1.0,1.0,0.0,6.978765e-13,6.74571929890587e-13,7.112554631632378e-13,4.8991776e-14,7.528473e-12,7.52847263696399e-12,7.52847263696399e-12,0.0,-27.369406,-27.55148458480835,-26.926114082336426,0.7057613,2.2746177,2.25437730550766,2.304939329624176,0.066464394,0.7582059,0.7514591217041016,0.7683131247758865,0.022154797,0.15933333,0.1420000083744526,0.17800001427531242,0.036970094,0.0,0.0,0.0,0.0,0.15609916,0.15037531405687332,0.1661275215446949,0.021279158,21.700308,21.700305938720703,21.700305938720703,0.0,21.720306,21.720306396484375,21.720306396484375,0.0,3478400.0,3478400.0,3478400.0,0.0
1087,0.0,0.0,0.0,0.0,1.0,1.0,1.0,0.0,0.51272076,0.5119045525789261,0.5147665441036224,0.0030545865,0.51272076,0.5119045525789261,0.5147665441036224,0.0030545865,1.0493588,1.0238825380802155,1.085760235786438,0.04160059,0.08327648,0.0820813849568367,0.094669284299016,0.02727083,0.08963257,0.0820813849568367,0.094669284299016,0.008580938,0.9166667,1.0,1.0,0.28867513,6.1452997e-13,6.057109430994065e-13,6.986020106587026e-13,2.0124222e-13,7.379395e-12,7.379394838247233e-12,7.379394838247233e-12,0.0,-27.500944,-28.133551597595215,-27.144489288330078,0.77420366,2.3086357,2.252586603164673,2.388720214366913,0.09152312,0.76954526,0.7508622109889984,0.7962400913238525,0.030507699,0.13266668,0.1080000028014183,0.15400001034140587,0.030787645,0.0,0.0,0.0,0.0,0.16037653,0.13892854377627373,0.177217248827219,0.02002744,21.720306,21.720306396484375,21.720306396484375,0.0,21.740305,21.740306854248047,21.740306854248047,0.0,3481600.0,3481600.0,3481600.0,0.0
1088,0.0,0.0,0.0,0.0,1.0,1.0,1.0,0.0,0.51272076,0.5119045525789261,0.5147665441036224,0.0030545865,0.51272076,0.5119045525789261,0.5147665441036224,0.0030545865,1.0393865,1.0173030495643616,1.0516931414604187,0.029372422,0.08496216,0.08878087438642979,0.09609420411288738,0.027119499,0.09151762,0.08878087438642979,0.09609420411288738,0.0059964494,0.9166667,1.0,1.0,0.28867513,6.1455425e-13,6.42176050291883e-13,6.950753449370961e-13,1.9616265e-13,7.23327e-12,7.233269972567458e-12,7.233269972567458e-12,0.0,-27.426954,-27.793591022491455,-26.85118579864502,0.72653806,2.2866962,2.23811137676239,2.3137711882591248,0.06462062,0.76223207,0.7460371553897858,0.7712570875883102,0.021540213,0.15333334,0.1340000070631504,0.17400000989437103,0.03591235,0.0,0.0,0.0,0.0,0.15692055,0.147940531373024,0.17016661912202835,0.017813893,21.740305,21.740306854248047,21.740306854248047,0.0,21.760307,21.76030731201172,21.76030731201172,0.0,3484800.0,3484800.0,3484800.0,0.0
1089,0.0,0.0,0.0,0.0,1.0,1.0,1.0,0.0,0.51272076,0.5119045525789261,0.5147665441036224,0.0030545865,0.51272076,0.5119045525789261,0.5147665441036224,0.0030545865,1.0451537,1.0306799709796906,1.064679116010666,0.028498197,0.09030353,0.08616549521684647,0.09317975305020809,0.0059446692,0.09030353,0.08616549521684647,0.09317975305020809,0.0059446692,1.0,1.0,1.0,0.0,6.402556e-13,6.109167398305956e-13,6.60648077042969e-13,4.2147936e-14,7.090039e-12,7.090039059326481e-12,7.090039059326481e-12,0.0,-27.324768,-27.817140102386475,-26.945241451263428,0.6681559,2.2993844,2.2675411105155945,2.342340886592865,0.06269731,0.76646143,0.7558470517396927,0.7807803303003311,0.020899104,0.15,0.13200000673532486,0.18400001525878906,0.032022722,0.0006666667,0.0,0.0,0.0023094013,0.15832607,0.14640885218977928,0.17484166473150253,0.016908932,21.760307,21.76030731201172,21.76030731201172,0.0,21.78031,21.78030776977539,21.78030776977539,0.0,3488000.0,3488000.0,3488000.0,0.0
1090,0.0,0.0,0.0,0.0,1.0,1.0,1.0,0.0,0.51272076,0.5119045525789261,0.5147665441036224,0.0030545865,0.51272076,0.5119045525789261,0.5147665441036224,0.0030545865,1.0217613,0.9888272881507874,1.0381484925746918,0.039581053,0.089066,0.0915951170027256,0.10261179693043232,0.028679824,0.09546638,0.0915951170027256,0.10261179693043232,0.008387559,0.9166667,1.0,1.0,0.28867513,6.189769e-13,6.365533778253732e-13,7.131153713325553e-13,1.9931454e-13,6.9496436e-12,6.949643117926119e-12,6.949643117926119e-12,0.0,-27.089605,-27.60271167755127,-26.453009605407715,0.86951905,2.2479196,2.1754634380340576,2.283972203731537,0.08708006,0.7493066,0.7251545041799545,0.7613240778446198,0.029026689,0.15533334,0.1420000083744526,0.1680000126361847,0.02349984,0.0006666667,0.0,0.0,0.0023094013,0.15718397,0.1416432484984398,0.17227020114660263,0.020453248,21.78031,21.78030776977539,21.78030776977539,0.0,21.800308,21.800308227539062,21.800308227539062,0.0,3491200.0,3491200.0,3491200.0,0.0
1091,0.0,0.0,0.0,0.0,1.0,1.0,1.0,0.0,0.51272076,0.5119045525789261,0.5147665441036224,0.0030545865,0.51272076,0.5119045525789261,0.5147665441036224,0.0030545865,1.0301509,1.0112771391868591,1.0518226623535156,0.023846773,0.093420886,0.08875184319913387,0.09743688814342022,0.0050633205,0.093420886,0.08875184319913387,0.09743688814342022,0.0050633205,1.0,1.0,1.0,0.0,6.363857e-13,6.04580025365814e-13,6.637427966190573e-13,3.4491476e-14,6.812028e-12,6.8120279382577476e-12,6.8120279382577476e-12,0.0,-27.369589,-27.901139736175537,-26.829779148101807,0.59039646,2.2663772,2.224854052066803,2.3140559792518616,0.05246394,0.7554591,0.7416180372238159,0.7713520228862762,0.01748798,0.14600001,0.13200000673532486,0.1600000113248825,0.021608083,0.0,0.0,0.0,0.0,0.15580438,0.14897853508591652,0.16710256785154343,0.016859373,21.800308,21.800308227539062,21.800308227539062,0.0,21.820307,21.820308685302734,21.820308685302734,0.0,3494400.0,3494400.0,3494400.0,0.0
1092,0.0,0.0,0.0,0.0,1.0,1.0,1.0,0.0,0.51272076,0.5119045525789261,0.5147665441036224,0.0030545865,0.51272076,0.5119045525789261,0.5147665441036224,0.0030545865,1.0367365,1.0076829195022583,1.0673274099826813,0.04787584,0.086034834,0.08565638028085232,0.09826382249593735,0.02850218,0.092401825,0.08565638028085232,0.09826382249593735,0.01018206,0.9166667,1.0,1.0,0.28867513,5.7446647e-13,5.719394684418344e-13,6.56121099291973e-13,1.9031299e-13,6.677138e-12,6.677138009170136e-12,6.677138009170136e-12,0.0,-27.509302,-28.51045513153076,-26.807793140411377,1.1576009,2.280866,2.2169467210769653,2.34816712141037,0.10532894,0.76028866,0.7389822751283646,0.7827223986387253,0.035109643,0.13833334,0.11749999783933163,0.1549999937415123,0.03537676,0.0,0.0,0.0,0.0,0.15395184,0.13848387822508812,0.1659112423658371,0.017287957,21.820307,21.820308685302734,21.820308685302734,0.0,21.84031,21.840309143066406,21.840309143066406,0.0,3497600.0,3497600.0,3497600.0,0.0
1093,0.0,0.0,0.0,0.0,1.0,1.0,1.0,0.0,0.51272076,0.5119045525789261,0.5147665441036224,0.0030545865,0.51272076,0.5119045525789261,0.5147665441036224,0.0030545865,1.0262054,1.002184420824051,1.0446342825889587,0.036441054,0.087953575,0.09023306332528591,0.0995093509554863,0.028286714,0.09444401,0.09023306332528591,0.0995093509554863,0.007755077,0.9166667,1.0,1.0,0.28867513,5.7564896e-13,5.90568026881573e-13,6.512805702726943e-13,1.8513423e-13,6.5449187e-12,6.544918253192922e-12,6.544918253192922e-12,0.0,-27.374418,-27.581369876861572,-27.16454553604126,0.4885815,2.257697,2.2048498392105103,2.298241376876831,0.08017195,0.7525657,0.7349499613046646,0.7660804986953735,0.02672399,0.17066668,0.15600001066923141,0.18400001525878906,0.03818932,0.0006666667,0.0,0.0,0.0023094013,0.1535435,0.1434890776872635,0.16054567694664001,0.016426327,21.84031,21.840309143066406,21.840309143066406,0.0,21.860312,21.860309600830078,21.860309600830078,0.0,3500800.0,3500800.0,3500800.0,0.0
1094,0.0,0.0,0.0,0.0,1.0,1.0,1.0,0.0,0.51272076,0.5119045525789261,0.5147665441036224,0.0030545865,0.51272076,0.5119045525789261,0.5147665441036224,0.0030545865,1.0416888,1.0305346250534058,1.047043889760971,0.01852632,0.09092176,0.08973381109535694,0.09321239963173866,0.0037906652,0.09092176,0.08973381109535694,0.09321239963173866,0.0037906652,1.0,1.0,1.0,0.0,5.8329193e-13,5.756708721911877e-13,5.979871274802012e-13,2.4318324e-14,6.4153175e-12,6.4153174959835635e-12,6.4153174959835635e-12,0.0,-27.327934,-27.840792655944824,-27.097442626953125,0.5720521,2.2917612,2.267221450805664,2.3035424947738647,0.040758695,0.76392037,0.7557405233383179,0.7678475379943848,0.013586231,0.142,0.12600000575184822,0.1600000113248825,0.019334381,0.0,0.0,0.0,0.0,0.15524943,0.1362990140914917,0.16316957399249077,0.023054844,21.860312,21.860309600830078,21.860309600830078,0.0,21.88031,21.88031005859375,21.88031005859375,0.0,3504000.0,3504000.0,3504000.0,0.0
1095,0.0,0.0,0.0,0.0,1.0,1.0,1.0,0.0,0.51272076,0.5119045525789261,0.5147665441036224,0.0030545865,0.51272076,0.5119045525789261,0.5147665441036224,0.0030545865,1.0537258,1.0405629575252533,1.0724619030952454,0.033155996,0.082210794,0.08463507890701294,0.09108522348105907,0.026485313,0.08859924,0.08463507890701294,0.09108522348105907,0.006732716,0.9166667,1.0,1.0,0.28867513,5.169648e-13,5.322093677220807e-13,5.727696962554152e-13,1.6654714e-13,6.2882837e-12,6.288283262156913e-12,6.288283262156913e-12,0.0,-27.651987,-28.080437183380127,-27.248496532440186,0.5913528,2.3182433,2.2892842888832092,2.3594632148742676,0.072944626,0.77274776,0.7630947977304459,0.7864877432584763,0.024314884,0.16066667,0.12800000607967377,0.19600000232458115,0.040283844,0.0013333334,0.0,0.0,0.003113996,0.16944797,0.15843598544597626,0.17016148939728737,0.020228999,21.88031,21.88031005859375,21.88031005859375,0.0,21.900309,21.900310516357422,21.900310516357422,0.0,3507200.0,3507200.0,3507200.0,0.0
1096,0.0,0.0,0.0,0.0,1.0,1.0,1.0,0.0,0.51272076,0.5119045525789261,0.5147665441036224,0.0030545865,0.51272076,0.5119045525789261,0.5147665441036224,0.0030545865,1.0297123,1.0126348733901978,1.0502918362617493,0.023504052,0.09351345,0.08906550891697407,0.09713566116988659,0.0051065353,0.09351345,0.08906550891697407,0.09713566116988659,0.0051065353,1.0,1.0,1.0,0.0,5.763947e-13,5.489786956188597e-13,5.987211865610825e-13,3.1475477e-14,6.1637626e-12,6.163763076327822e-12,6.163763076327822e-12,0.0,-27.12699,-27.51003408432007,-26.948118686676025,0.5960885,2.2654126,2.2278411388397217,2.3106881380081177,0.05170994,0.7551375,0.74261374771595,0.7702294141054153,0.017236648,0.16733335,0.14400000870227814,0.1860000118613243,0.033328485,0.0,0.0,0.0,0.0,0.15427665,0.1455996260046959,0.15753119438886642,0.017799893,21.900309,21.900310516357422,21.900310516357422,0.0,21.920311,21.920310974121094,21.920310974121094,0.0,3510400.0,3510400.0,3510400.0,0.0
1097,0.0,0.0,0.0,0.0,1.0,1.0,1.0,0.0,0.51272076,0.5119045525789261,0.5147665441036224,0.0030545865,0.51272076,0.5119045525789261,0.5147665441036224,0.0030545865,1.0434357,1.0348602831363678,1.0506246387958527,0.02232584,0.09059105,0.08899922855198383,0.09228790365159512,0.0045939945,0.09059105,0.08899922855198383,0.09228790365159512,0.0045939945,1.0,1.0,1.0,0.0,5.473249e-13,5.377075602266621e-13,5.57576784764903e-13,2.7755591e-14,6.0417105e-12,6.0417105346433075e-12,6.0417105346433075e-12,0.0,-27.46647,-27.677473068237305,-27.24212646484375,0.49442357,2.2956045,2.2767380475997925,2.311420261859894,0.04911785,0.7652015,0.7589126974344254,0.7704734206199646,0.016372615,0.16133334,0.1420000083744526,0.18000001087784767,0.031603605,0.0,0.0,0.0,0.0,0.15458842,0.1426772177219391,0.1662319302558899,0.020598417,21.920311,21.920310974121094,21.920310974121094,0.0,21.940313,21.940311431884766,21.940311431884766,0.0,3513600.0,3513600.0,3513600.0,0.0
1098,0.0,0.0,0.0,0.0,1.0,1.0,1.0,0.0,0.51272076,0.5119045525789261,0.5147665441036224,0.0030545865,0.51272076,0.5119045525789261,0.5147665441036224,0.0030545865,1.0336645,1.014323741197586,1.0472289323806763,0.03274531,0.0927783,0.08969773352146149,0.09675920382142067,0.0068088924,0.0927783,0.08969773352146149,0.09675920382142067,0.0068088924,1.0,1.0,1.0,0.0,5.494399e-13,5.311965331575991e-13,5.730150918646301e-13,4.032276e-14,5.922073e-12,5.922073161718222e-12,5.922073161718222e-12,0.0,-27.406748,-27.76187229156494,-26.797354221343994,0.8588946,2.2741072,2.23155677318573,2.30394971370697,0.072041124,0.75803584,0.7438522726297379,0.7679832577705383,0.024013706,0.16266668,0.14400000870227814,0.17600001394748688,0.026932014,0.0006666667,0.0,0.0,0.0023094013,0.15974143,0.14763518422842026,0.1615874022245407,0.02412104,21.940313,21.940311431884766,21.940311431884766,0.0,21.960312,21.960311889648438,21.960311889648438,0.0,3516800.0,3516800.0,3516800.0,0.0
1099,0.0,0.0,0.0,0.0,1.0,1.0,1.0,0.0,0.51272076,0.5119045525789261,0.5147665441036224,0.0030545865,0.51272076,0.5119045525789261,0.5147665441036224,0.0030545865,1.0362056,1.0207546204328537,1.0447517335414886,0.041152902,0.086238325,0.0902186706662178,0.0953856110572815,0.027829928,0.09237217,0.0902186706662178,0.0953856110572815,0.008477731,0.9166667,1.0,1.0,0.28867513,5.0059674e-13,5.237018907726029e-13,5.536949479641173e-13,1.6154733e-13,5.804806e-12,5.80480585474219e-12,5.80480585474219e-12,0.0,-27.268335,-27.63665199279785,-26.744040489196777,0.78707546,2.2796981,2.245705008506775,2.2984997034072876,0.09053816,0.7598994,0.7485683709383011,0.7661665976047516,0.030179389,0.14933334,0.14000000804662704,0.17200001329183578,0.033654217,0.0,0.0,0.0,0.0,0.16271149,0.15198679268360138,0.17777757346630096,0.018624807,21.960312,21.960311889648438,21.960311889648438,0.0,21.98031,21.98031234741211,21.98031234741211,0.0,3520000.0,3520000.0,3520000.0,0.0
1100,0.0,0.0,0.0,0.0,1.0,1.0,1.0,0.0,0.51272076,0.5119045525789261,0.5147665441036224,0.0030545865,0.51272076,0.5119045525789261,0.5147665441036224,0.0030545865,1.0526582,1.0227839052677155,1.069466769695282,0.03367471,0.08231936,0.08521914295852184,0.09488929249346256,0.026623659,0.08882689,0.08521914295852184,0.09488929249346256,0.006942906,0.9166667,1.0,1.0,0.28867513,4.6838564e-13,4.848850542003152e-13,5.399068507810217e-13,1.514849e-13,5.6898605e-12,5.689860475138753e-12,5.689860475138753e-12,0.0,-27.628641,-28.062839031219482,-27.093475341796875,0.67776734,2.3158944,2.2501694560050964,2.352873921394348,0.07408582,0.7719648,0.7500564903020859,0.7842913419008255,0.024695275,0.14866668,0.12000000476837158,0.16200001165270805,0.04170314,0.0006666667,0.0,0.0,0.0023094013,0.16723357,0.14881925657391548,0.1866104193031788,0.02715766,21.98031,21.98031234741211,21.98031234741211,0.0,22.000313,22.00031280517578,22.00031280517578,0.0,3523200.0,3523200.0,3523200.0,0.0
1101,0.0,0.0,0.0,0.0,1.0,1.0,1.0,0.0,0.51272076,0.5119045525789261,0.5147665441036224,0.0030545865,0.51272076,0.5119045525789261,0.5147665441036224,0.0030545865,1.0434619,1.0162916481494904,1.066486895084381,0.044736158,0.07808979,0.08585315756499767,0.09633677452802658,0.037039388,0.09091225,0.08585315756499767,0.09633677452802658,0.009188229,0.8333333,1.0,1.0,0.38924947,4.3552163e-13,4.788194377125e-13,5.372885431920507e-13,2.0657572e-13,5.57719e-12,5.577190619054928e-12,5.577190619054928e-12,0.0,-27.692835,-28.27251148223877,-26.95152235031128,0.87553525,2.295662,2.23588627576828,2.346317946910858,0.098421514,0.7652207,0.745295450091362,0.7821059972047806,0.03280716,0.14933334,0.13600000739097595,0.16200001165270805,0.034507796,0.0,0.0,0.0,0.0,0.15918961,0.14274029806256294,0.17488687857985497,0.019592013,22.000313,22.00031280517578,22.00031280517578,0.0,22.020315,22.020313262939453,22.020313262939453,0.0,3526400.0,3526400.0,3526400.0,0.0
1102,0.0,0.0,0.0,0.0,1.0,1.0,1.0,0.0,0.51272076,0.5119045525789261,0.5147665441036224,0.0030545865,0.51272076,0.5119045525789261,0.5147665441036224,0.0030545865,1.0446855,1.0229697227478027,1.0678928196430206,0.032272656,0.0904525,0.08553328551352024,0.09484846331179142,0.006790844,0.0904525,0.08553328551352024,0.09484846331179142,0.006790844,1.0,1.0,1.0,0.0,4.9448146e-13,4.675893597013217e-13,5.18513129568049e-13,3.712387e-14,5.4667534e-12,5.466752918403817e-12,5.466752918403817e-12,0.0,-27.385,-27.59973430633545,-26.968955039978027,0.67519075,2.298354,2.2505783438682556,2.349411129951477,0.07100125,0.766118,0.750192791223526,0.7831370681524277,0.023667086,0.14333335,0.1340000070631504,0.15400001034140587,0.02169765,0.0,0.0,0.0,0.0,0.16219527,0.14918897673487663,0.17831655591726303,0.024736097,22.020315,22.020313262939453,22.020313262939453,0.0,22.040314,22.040313720703125,22.040313720703125,0.0,3529600.0,3529600.0,3529600.0,0.0
1103,0.0,0.0,0.0,0.0,1.0,1.0,1.0,0.0,0.51272076,0.5119045525789261,0.5147665441036224,0.0030545865,0.51272076,0.5119045525789261,0.5147665441036224,0.0030545865,1.0275738,1.0169991850852966,1.0427159070968628,0.025617601,0.093998104,0.09063367545604706,0.09616927430033684,0.0055527794,0.093998104,0.09063367545604706,0.09616927430033684,0.0055527794,1.0,1.0,1.0,0.0,5.03689e-13,4.856607059870385e-13,5.153232441462707e-13,2.975458e-14,5.358502e-12,5.358501836694174e-12,5.358501836694174e-12,0.0,-27.04849,-27.42112922668457,-26.671498775482178,0.56737065,2.2607076,2.237442910671234,2.294020891189575,0.05635985,0.7535692,0.745814323425293,0.7646736353635788,0.018786618,0.16200002,0.1420000083744526,0.17600001394748688,0.0297627,0.0006666667,0.0,0.0,0.0023094013,0.14920504,0.13133766129612923,0.16303656622767448,0.016955214,22.040314,22.040313720703125,22.040313720703125,0.0,22.060312,22.060314178466797,22.060314178466797,0.0,3532800.0,3532800.0,3532800.0,0.0
1104,0.0,0.0,0.0,0.0,1.0,1.0,1.0,0.0,0.51272076,0.5119045525789261,0.5147665441036224,0.0030545865,0.51272076,0.5119045525789261,0.5147665441036224,0.0030545865,1.0417101,1.0204033553600311,1.0643569231033325,0.031931676,0.091069184,0.08622816577553749,0.09543211571872234,0.006749972,0.091069184,0.08622816577553749,0.09543211571872234,0.006749972,1.0,1.0,1.0,0.0,4.783312e-13,4.529042952846653e-13,5.012470744459457e-13,3.5453513e-14,5.252394e-12,5.2523940058391005e-12,5.2523940058391005e-12,0.0,-27.630316,-27.935955047607422,-27.09261178970337,0.6964937,2.2918081,2.2449321150779724,2.341632068157196,0.07025111,0.76393604,0.7483107447624207,0.7805440574884415,0.023417031,0.158,0.1420000083744526,0.17200001329183578,0.031840514,0.0,0.0,0.0,0.0,0.15780352,0.14297640323638916,0.16827693209052086,0.018425707,22.060312,22.060314178466797,22.060314178466797,0.0,22.080315,22.08031463623047,22.08031463623047,0.0,3536000.0,3536000.0,3536000.0,0.0
1105,0.0,0.0,0.0,0.0,1.0,1.0,1.0,0.0,0.51272076,0.5119045525789261,0.5147665441036224,0.0030545865,0.51272076,0.5119045525789261,0.5147665441036224,0.0030545865,1.0524756,1.02961565554142,1.0792710483074188,0.04946866,0.0829562,0.08332668244838715,0.09348193183541298,0.027762024,0.08915768,0.08332668244838715,0.09348193183541298,0.010478128,0.9166667,1.0,1.0,0.28867513,4.2709065e-13,4.28998037180911e-13,4.812812068365549e-13,1.4292965e-13,5.1483874e-12,5.148387358794304e-12,5.148387358794304e-12,0.0,-27.88785,-28.289287090301514,-27.339191913604736,0.6278341,2.3154924,2.265199601650238,2.374443769454956,0.108833216,0.77183086,0.7550665736198425,0.7914812713861465,0.03627773,0.16,0.13499999977648258,0.1849999912083149,0.044924177,0.0,0.0,0.0,0.0,0.1656636,0.15190009772777557,0.17416344955563545,0.023631267,22.080315,22.08031463623047,22.08031463623047,0.0,22.100317,22.10031509399414,22.10031509399414,0.0,3539200.0,3539200.0,3539200.0,0.0
1106,0.0,0.0,0.0,0.0,1.0,1.0,1.0,0.0,0.51272076,0.5119045525789261,0.5147665441036224,0.0030545865,0.51272076,0.5119045525789261,0.5147665441036224,0.0030545865,1.0438937,1.022977203130722,1.0555603802204132,0.029646158,0.090579055,0.0879929717630148,0.09484700486063957,0.0061276783,0.090579055,0.0879929717630148,0.09484700486063957,0.0061276783,1.0,1.0,1.0,0.0,4.5710175e-13,4.440512356689713e-13,4.78639724426147e-13,3.0922964e-14,5.0464403e-12,5.046439828515492e-12,5.046439828515492e-12,0.0,-27.330534,-27.661524772644043,-27.04148292541504,0.5659521,2.296612,2.2505947947502136,2.322279214859009,0.06522284,0.76553744,0.7501983046531677,0.7740930765867233,0.021740947,0.15066667,0.13200000673532486,0.17800001427531242,0.026823781,0.0006666667,0.0,0.0,0.0023094013,0.1610494,0.1495021991431713,0.17265404388308525,0.018708698,22.100317,22.10031509399414,22.10031509399414,0.0,22.120316,22.120315551757812,22.120315551757812,0.0,3542400.0,3542400.0,3542400.0,0.0
1107,0.0,0.0,0.0,0.0,1.0,1.0,1.0,0.0,0.51272076,0.5119045525789261,0.5147665441036224,0.0030545865,0.51272076,0.5119045525789261,0.5147665441036224,0.0030545865,1.0524417,1.031221091747284,1.0747830867767334,0.029010585,0.088806786,0.08418155089020729,0.09306382946670055,0.0059301816,0.088806786,0.08418155089020729,0.09306382946670055,0.0059301816,1.0,1.0,1.0,0.0,4.392838e-13,4.1640500861870114e-13,4.603413055479302e-13,2.9333706e-14,4.9465115e-12,4.946511516362717e-12,4.946511516362717e-12,0.0,-27.767218,-28.157806396484375,-27.35108232498169,0.6572608,2.315418,2.2687315940856934,2.3645700216293335,0.063824594,0.771806,0.7562438994646072,0.7881900072097778,0.02127486,0.15066667,0.12600000575184822,0.1640000082552433,0.039018255,0.0006666667,0.0,0.0,0.0023094013,0.16817234,0.15738444030284882,0.17709731310606003,0.017882913,22.120316,22.120315551757812,22.120315551757812,0.0,22.140314,22.140316009521484,22.140316009521484,0.0,3545600.0,3545600.0,3545600.0,0.0
1108,0.0,0.0,0.0,0.0,1.0,1.0,1.0,0.0,0.51272076,0.5119045525789261,0.5147665441036224,0.0030545865,0.51272076,0.5119045525789261,0.5147665441036224,0.0030545865,1.0341945,1.0153016448020935,1.0525497198104858,0.03277715,0.086063735,0.08860427141189575,0.09653937444090843,0.027662879,0.0926691,0.08860427141189575,0.09653937444090843,0.0069627455,0.9166667,1.0,1.0,0.28867513,4.1728532e-13,4.296032727149103e-13,4.680771151536686e-13,1.3412517e-13,4.8485617e-12,4.848561656334294e-12,4.848561656334294e-12,0.0,-27.334135,-27.82197666168213,-26.762039184570312,0.63479483,2.2752733,2.2337082624435425,2.3156555891036987,0.07211116,0.75842446,0.7445694208145142,0.7718852162361145,0.024037063,0.15866667,0.13200000673532486,0.1860000118613243,0.034591995,0.0,0.0,0.0,0.0,0.1523222,0.13772712275385857,0.16533594951033592,0.017030291,22.140314,22.140316009521484,22.140316009521484,0.0,22.160316,22.160316467285156,22.160316467285156,0.0,3548800.0,3548800.0,3548800.0,0.0
1109,0.0,0.0,0.0,0.0,1.0,1.0,1.0,0.0,0.51272076,0.5119045525789261,0.5147665441036224,0.0030545865,0.51272076,0.5119045525789261,0.5147665441036224,0.0030545865,1.04019,1.0291402041912079,1.0593371391296387,0.025640137,0.09130862,0.08722941018640995,0.0935326311737299,0.005484909,0.09130862,0.08722941018640995,0.0935326311737299,0.005484909,1.0,1.0,1.0,0.0,4.3394897e-13,4.145622850538176e-13,4.445186691068477e-13,2.6067315e-14,4.7525517e-12,4.752551650832881e-12,4.752551650832881e-12,0.0,-27.288893,-27.4960675239563,-27.106075286865234,0.49818853,2.2884636,2.2641536593437195,2.3305883407592773,0.056409415,0.76282126,0.7547179013490677,0.7768628001213074,0.018803138,0.17066668,0.14800000935792923,0.1900000125169754,0.033480886,0.0006666667,0.0,0.0,0.0023094013,0.15441984,0.14445330202579498,0.16060258820652962,0.017684426,22.160316,22.160316467285156,22.160316467285156,0.0,22.180319,22.180316925048828,22.180316925048828,0.0,3552000.0,3552000.0,3552000.0,0.0
1110,0.0,0.0,0.0,0.0,1.0,1.0,1.0,0.0,0.51272076,0.5119045525789261,0.5147665441036224,0.0030545865,0.51272076,0.5119045525789261,0.5147665441036224,0.0030545865,1.0132345,0.9982566386461258,1.0404311120510101,0.039765857,0.09737623,0.09112555347383022,0.10043120570480824,0.009073284,0.09737623,0.09112555347383022,0.10043120570480824,0.009073284,1.0,1.0,1.0,0.0,4.5362152e-13,4.245031585904842e-13,4.678529970120887e-13,4.2267378e-14,4.6584425e-12,4.6584424685802706e-12,4.6584424685802706e-12,0.0,-27.02474,-27.550671100616455,-26.285685539245605,0.8030702,2.2291605,2.196208417415619,2.2889941334724426,0.087486625,0.7430535,0.7320694923400879,0.7629980742931366,0.029162213,0.16000001,0.12400000542402267,0.20000000298023224,0.042878263,0.0006666667,0.0,0.0,0.0023094013,0.1479338,0.1299515925347805,0.16221709549427032,0.019101072,22.180319,22.180316925048828,22.180316925048828,0.0,22.200317,22.2003173828125,22.2003173828125,0.0,3555200.0,3555200.0,3555200.0,0.0
1111,0.0,0.0,0.0,0.0,1.0,1.0,1.0,0.0,0.51272076,0.5119045525789261,0.5147665441036224,0.0030545865,0.51272076,0.5119045525789261,0.5147665441036224,0.0030545865,1.0279216,1.0196270048618317,1.037038117647171,0.021277552,0.09387735,0.0918254442512989,0.09558388590812683,0.004667973,0.09387735,0.0918254442512989,0.09558388590812683,0.004667973,1.0,1.0,1.0,0.0,4.2866253e-13,4.192930792607137e-13,4.364548747914053e-13,2.1314881e-14,4.5661972e-12,4.566197246702597e-12,4.566197246702597e-12,0.0,-27.506948,-27.63097333908081,-27.31907606124878,0.33703506,2.2614725,2.243224263191223,2.281529426574707,0.0468116,0.75382423,0.7477414608001709,0.7605098187923431,0.015603867,0.16200002,0.1420000083744526,0.17800001427531242,0.027948003,0.0,0.0,0.0,0.0,0.1559645,0.1434442326426506,0.16604339703917503,0.01973266,22.200317,22.2003173828125,22.2003173828125,0.0,22.220316,22.220317840576172,22.220317840576172,0.0,3558400.0,3558400.0,3558400.0,0.0
1112,0.0,0.0,0.0,0.0,1.0,1.0,1.0,0.0,0.51272076,0.5119045525789261,0.5147665441036224,0.0030545865,0.51272076,0.5119045525789261,0.5147665441036224,0.0030545865,1.0369362,1.0219841003417969,1.0549316704273224,0.03196701,0.09207463,0.08811893686652184,0.09508107602596283,0.0067610675,0.09207463,0.08811893686652184,0.09508107602596283,0.0067610675,1.0,1.0,1.0,0.0,4.1210565e-13,3.9440081381998324e-13,4.255618142492805e-13,3.026104e-14,4.4757783e-12,4.475778254964258e-12,4.475778254964258e-12,0.0,-27.356241,-27.681961059570312,-27.13258695602417,0.49874258,2.281305,2.248409867286682,2.320896029472351,0.07032885,0.76043504,0.7494699656963348,0.7736320197582245,0.023442952,0.15466668,0.1340000070631504,0.17800001427531242,0.035175752,0.0,0.0,0.0,0.0,0.16323514,0.1464332491159439,0.18257325142621994,0.0241796,22.220316,22.220317840576172,22.220317840576172,0.0,22.240318,22.240318298339844,22.240318298339844,0.0,3561600.0,3561600.0,3561600.0,0.0
1113,0.0,0.0,0.0,0.0,1.0,1.0,1.0,0.0,0.51272076,0.5119045525789261,0.5147665441036224,0.0030545865,0.51272076,0.5119045525789261,0.5147665441036224,0.0030545865,1.0123503,0.9959207773208618,1.0255646109580994,0.033382308,0.09746022,0.09428980574011803,0.10094672255218029,0.007517358,0.09746022,0.09428980574011803,0.10094672255218029,0.007517358,1.0,1.0,1.0,0.0,4.275726e-13,4.136635221104086e-13,4.428684049801075e-13,3.2979773e-14,4.38715e-12,4.387149931533996e-12,4.387149931533996e-12,0.0,-26.802752,-27.244747638702393,-26.348662853240967,0.6383056,2.227215,2.1910694241523743,2.256287157535553,0.07344254,0.7424051,0.7303564995527267,0.7520957440137863,0.024480844,0.16466667,0.15000000968575478,0.17000001296401024,0.025631418,0.0,0.0,0.0,0.0,0.15277816,0.14183589816093445,0.16103097051382065,0.022925353,22.240318,22.240318298339844,22.240318298339844,0.0,22.26032,22.260318756103516,22.260318756103516,0.0,3564800.0,3564800.0,3564800.0,0.0
1114,0.0,0.0,0.0,0.0,1.0,1.0,1.0,0.0,0.51272076,0.5119045525789261,0.5147665441036224,0.0030545865,0.51272076,0.5119045525789261,0.5147665441036224,0.0030545865,1.0342927,0.9990115612745285,1.0686948895454407,0.04222174,0.092811584,0.0853793416172266,0.1002294272184372,0.009122255,0.092811584,0.0853793416172266,0.1002294272184372,0.009122255,1.0,1.0,1.0,0.0,3.9911553e-13,3.671547928966318e-13,4.310142669747101e-13,3.922822e-14,4.3002767e-12,4.300276714580553e-12,4.300276714580553e-12,0.0,-27.349602,-27.977619171142578,-26.89341974258423,0.72987926,2.2754893,2.19786936044693,2.3511757850646973,0.09288968,0.75849646,0.7326231449842453,0.7837252914905548,0.030963223,0.15066667,0.12400000542402267,0.17000001296401024,0.034926765,0.0006666667,0.0,0.0,0.0023094013,0.16287743,0.15150895714759827,0.17345715314149857,0.016088458,22.26032,22.260318756103516,22.260318756103516,0.0,22.28032,22.280319213867188,22.280319213867188,0.0,3568000.0,3568000.0,3568000.0,0.0
1115,0.0,0.0,0.0,0.0,1.0,1.0,1.0,0.0,0.51272076,0.5119045525789261,0.5147665441036224,0.0030545865,0.51272076,0.5119045525789261,0.5147665441036224,0.0030545865,1.0306858,1.0054246634244919,1.03924560546875,0.045363735,0.08090704,0.09136136621236801,0.09876365773379803,0.03807817,0.093630336,0.09136136621236801,0.09876365773379803,0.009326082,0.8333333,1.0,1.0,0.38924947,3.4103316e-13,3.850994433822301e-13,4.1630101330156905e-13,1.6050419e-13,4.2151235e-12,4.215123475953542e-12,4.215123475953542e-12,0.0,-27.450579,-27.80071258544922,-26.903194904327393,0.94108754,2.267554,2.2119783759117126,2.286386013031006,0.099802196,0.7558513,0.7373261451721191,0.7621287107467651,0.033267394,0.16666667,0.14800000935792923,0.1860000118613243,0.035586856,0.0,0.0,0.0,0.0,0.16452718,0.14444730803370476,0.1763237789273262,0.040158764,22.28032,22.280319213867188,22.280319213867188,0.0,22.300318,22.30031967163086,22.30031967163086,0.0,3571200.0,3571200.0,3571200.0,0.0
1116,0.0,0.0,0.0,0.0,1.0,1.0,1.0,0.0,0.51272076,0.5119045525789261,0.5147665441036224,0.0030545865,0.51272076,0.5119045525789261,0.5147665441036224,0.0030545865,1.0382515,1.023140013217926,1.057828664779663,0.03359329,0.091818176,0.08754054643213749,0.09481193125247955,0.007011148,0.091818176,0.08754054643213749,0.09481193125247955,0.007011148,1.0,1.0,1.0,0.0,3.7936115e-13,3.6168744594385766e-13,3.9173032222519777e-13,2.896766e-14,4.1316564e-12,4.1316563885451796e-12,4.1316563885451796e-12,0.0,-27.353941,-27.835072994232178,-26.69126033782959,0.7269155,2.284199,2.2509530782699585,2.3272695541381836,0.07390672,0.7613997,0.7503176927566528,0.7757565528154373,0.02463557,0.13933334,0.12200000509619713,0.15400001034140587,0.028017312,0.0,0.0,0.0,0.0,0.15632524,0.1476266346871853,0.16148746013641357,0.015796598,22.300318,22.30031967163086,22.30031967163086,0.0,22.32032,22.32032012939453,22.32032012939453,0.0,3574400.0,3574400.0,3574400.0,0.0
1117,0.0,0.0,0.0,0.0,1.0,1.0,1.0,0.0,0.51272076,0.5119045525789261,0.5147665441036224,0.0030545865,0.51272076,0.5119045525789261,0.5147665441036224,0.0030545865,1.0262055,1.0189483165740967,1.0389999449253082,0.020243283,0.09423965,0.09141645394265652,0.09573318623006344,0.0044977693,0.09423965,0.09141645394265652,0.09573318623006344,0.0044977693,1.0,1.0,1.0,0.0,3.8165575e-13,3.702222447880821e-13,3.8770432041678946e-13,1.821526e-14,4.0498425e-12,4.0498424926094234e-12,4.0498424926094234e-12,0.0,-27.030037,-27.710359573364258,-26.551608085632324,0.9494283,2.2576973,2.24173104763031,2.2858455777168274,0.044536132,0.7525658,0.7472437024116516,0.7619485259056091,0.01484538,0.13666667,0.10200000181794167,0.16200001165270805,0.034864243,0.0,0.0,0.0,0.0,0.14610682,0.13108043745160103,0.15180659666657448,0.025194496,22.32032,22.32032012939453,22.32032012939453,0.0,22.340322,22.340320587158203,22.340320587158203,0.0,3577600.0,3577600.0,3577600.0,0.0
1118,0.0,0.0,0.0,0.0,1.0,1.0,1.0,0.0,0.51272076,0.5119045525789261,0.5147665441036224,0.0030545865,0.51272076,0.5119045525789261,0.5147665441036224,0.0030545865,1.0205115,1.005298912525177,1.033279150724411,0.025155766,0.095531665,0.09263548441231251,0.09878814779222012,0.0054233735,0.095531665,0.09263548441231251,0.09878814779222012,0.0054233735,1.0,1.0,1.0,0.0,3.7922703e-13,3.6773026030473277e-13,3.9215417073574024e-13,2.1528884e-14,3.969648e-12,3.969647961038492e-12,3.969647961038492e-12,0.0,-27.081818,-27.35197687149048,-26.86359691619873,0.52941483,2.2451704,2.211701810359955,2.2732595801353455,0.05534378,0.74839014,0.7372339367866516,0.7577532231807709,0.01844793,0.1625,0.13749999925494194,0.20999999344348907,0.04769696,0.0,0.0,0.0,0.0,0.15010221,0.14242536574602127,0.1524062305688858,0.018449917,22.340322,22.340320587158203,22.340320587158203,0.0,22.360321,22.360321044921875,22.360321044921875,0.0,3580800.0,3580800.0,3580800.0,0.0
1119,0.0,0.0,0.0,0.0,1.0,1.0,1.0,0.0,0.51272076,0.5119045525789261,0.5147665441036224,0.0030545865,0.51272076,0.5119045525789261,0.5147665441036224,0.0030545865,1.0440754,1.0314337313175201,1.0522339344024658,0.026866874,0.08410657,0.08866786770522594,0.09301784075796604,0.026682429,0.0905039,0.08866786770522594,0.09301784075796604,0.005396154,0.9166667,1.0,1.0,0.28867513,3.2726222e-13,3.450104378620658e-13,3.619363584338696e-13,1.0382246e-13,3.8910424e-12,3.8910424361715545e-12,3.8910424361715545e-12,0.0,-27.41874,-27.906846523284912,-26.92507839202881,0.7279625,2.2970116,2.2691996097564697,2.3149608969688416,0.059108317,0.76567054,0.7563998848199844,0.7716536372900009,0.019702772,0.15933333,0.14400000870227814,0.17400000989437103,0.040857475,0.0,0.0,0.0,0.0,0.1643855,0.15218807011842728,0.16942761465907097,0.028789693,22.360321,22.360321044921875,22.360321044921875,0.0,22.38032,22.380321502685547,22.380321502685547,0.0,3584000.0,3584000.0,3584000.0,0.0
1120,0.0,0.0,0.0,0.0,1.0,1.0,1.0,0.0,0.51272076,0.5119045525789261,0.5147665441036224,0.0030545865,0.51272076,0.5119045525789261,0.5147665441036224,0.0030545865,1.034319,1.0047373175621033,1.0804595053195953,0.04336709,0.09282898,0.08308842219412327,0.09891663677990437,0.009399338,0.09282898,0.08308842219412327,0.09891663677990437,0.009399338,1.0,1.0,1.0,0.0,3.5404904e-13,3.168986137413489e-13,3.772673227422571e-13,3.5849006e-14,3.8139925e-12,3.8139925245817e-12,3.8139925245817e-12,0.0,-27.345396,-27.82331085205078,-26.724023818969727,0.72891444,2.2755473,2.210466206073761,2.3770583868026733,0.09540951,0.75851583,0.736822098493576,0.7923527956008911,0.031803165,0.142,0.12600000575184822,0.1600000113248825,0.027316332,0.0,0.0,0.0,0.0,0.15658359,0.14558980613946915,0.16685884445905685,0.015030095,22.38032,22.380321502685547,22.380321502685547,0.0,22.400322,22.40032196044922,22.40032196044922,0.0,3587200.0,3587200.0,3587200.0,0.0
1121,0.0,0.0,0.0,0.0,1.0,1.0,1.0,0.0,0.51272076,0.5119045525789261,0.5147665441036224,0.0030545865,0.51272076,0.5119045525789261,0.5147665441036224,0.0030545865,1.0300931,1.0110799968242645,1.0416030287742615,0.03368103,0.08712739,0.09086771868169308,0.09748324938118458,0.027846873,0.09355709,0.09086771868169308,0.09748324938118458,0.0070199477,0.9166667,1.0,1.0,0.28867513,3.2572304e-13,3.397061616922971e-13,3.644381278418256e-13,1.0410467e-13,3.738469e-12,3.7384691696507044e-12,3.7384691696507044e-12,0.0,-27.204996,-27.443949222564697,-26.99084711074829,0.6156916,2.26625,2.2244203090667725,2.291572332382202,0.07409978,0.75541663,0.7414734363555908,0.7638574540615082,0.024699923,0.15666668,0.15000000968575478,0.17000001296401024,0.022999343,0.0,0.0,0.0,0.0,0.16261978,0.14659487083554268,0.17080767452716827,0.020382864,22.400322,22.40032196044922,22.40032196044922,0.0,22.420324,22.42032241821289,22.42032241821289,0.0,3590400.0,3590400.0,3590400.0,0.0
1122,0.0,0.0,0.0,0.0,1.0,1.0,1.0,0.0,0.51272076,0.5119045525789261,0.5147665441036224,0.0030545865,0.51272076,0.5119045525789261,0.5147665441036224,0.0030545865,1.0477523,1.0355346500873566,1.0639751851558685,0.03265796,0.08324669,0.0863037183880806,0.09214388765394688,0.026890893,0.089823216,0.0863037183880806,0.09214388765394688,0.0069021476,0.9166667,1.0,1.0,0.28867513,3.0505256e-13,3.1625486192517205e-13,3.376558134113826e-13,9.8540086e-14,3.6644407e-12,3.664440712675132e-12,3.664440712675132e-12,0.0,-27.701971,-27.94418716430664,-27.466392040252686,0.45743564,2.305101,2.2782217264175415,2.3407921195030212,0.07184898,0.768367,0.759407252073288,0.7802640646696091,0.023949657,0.13866667,0.1120000034570694,0.17600001394748688,0.03534077,0.0,0.0,0.0,0.0,0.1586272,0.14486705511808395,0.1660829782485962,0.01562752,22.420324,22.42032241821289,22.42032241821289,0.0,22.440323,22.440322875976562,22.440322875976562,0.0,3593600.0,3593600.0,3593600.0,0.0
1123,0.0,0.0,0.0,0.0,1.0,1.0,1.0,0.0,0.51272076,0.5119045525789261,0.5147665441036224,0.0030545865,0.51272076,0.5119045525789261,0.5147665441036224,0.0030545865,1.0240239,0.9997347295284271,1.045975238084793,0.0409998,0.08842915,0.08995633199810982,0.10007661022245884,0.028708624,0.09499618,0.08995633199810982,0.10007661022245884,0.0086416025,0.9166667,1.0,1.0,0.28867513,3.176267e-13,3.231121899443905e-13,3.59462974794042e-13,1.0311787e-13,3.5918779e-12,3.5918780970367603e-12,3.5918780970367603e-12,0.0,-27.01711,-27.48297882080078,-26.501748085021973,0.67964095,2.2528977,2.1994603276252747,2.3011914491653442,0.090201385,0.7509659,0.733153447508812,0.7670638263225555,0.030067129,0.16066667,0.1340000070631504,0.19200000166893005,0.035525493,0.0006666667,0.0,0.0,0.0023094013,0.1560175,0.14084236323833466,0.17036141082644463,0.025449913,22.440323,22.440322875976562,22.440322875976562,0.0,22.460321,22.460323333740234,22.460323333740234,0.0,3596800.0,3596800.0,3596800.0,0.0
1124,0.0,0.0,0.0,0.0,1.0,1.0,1.0,0.0,0.51272076,0.5119045525789261,0.5147665441036224,0.0030545865,0.51272076,0.5119045525789261,0.5147665441036224,0.0030545865,1.037757,1.0190334022045135,1.0598520934581757,0.025265029,0.09181487,0.0871261190623045,0.09571205824613571,0.005300141,0.09181487,0.0871261190623045,0.09571205824613571,0.005300141,1.0,1.0,1.0,0.0,3.232574e-13,3.067494920724022e-13,3.3697847165664943e-13,1.8660486e-14,3.5207525e-12,3.5207524829578007e-12,3.5207524829578007e-12,0.0,-27.328794,-27.642340660095215,-27.02565336227417,0.5449997,2.2831113,2.241918206214905,2.3317211866378784,0.055584177,0.7610371,0.7473060935735703,0.7772404253482819,0.018528067,0.164,0.14400000870227814,0.18000001087784767,0.031908963,0.0006666667,0.0,0.0,0.0023094013,0.15917538,0.144157063215971,0.16204630210995674,0.023288226,22.460321,22.460323333740234,22.460323333740234,0.0,22.480324,22.480323791503906,22.480323791503906,0.0,3600000.0,3600000.0,3600000.0,0.0
1125,0.0,0.0,0.0,0.0,1.0,1.0,1.0,0.0,0.51272076,0.5119045525789261,0.5147665441036224,0.0030545865,0.51272076,0.5119045525789261,0.5147665441036224,0.0030545865,1.0281934,1.004316046833992,1.0593894720077515,0.044456467,0.09416443,0.08722792752087116,0.09901504404842854,0.009613385,0.09416443,0.08722792752087116,0.09901504404842854,0.009613385,1.0,1.0,1.0,0.0,3.2496477e-13,3.0102665965394543e-13,3.4170441405882365e-13,3.3176132e-14,3.4510352e-12,3.4510352475009e-12,3.4510352475009e-12,0.0,-27.286867,-27.810362815856934,-26.97618818283081,0.6988464,2.2620704,2.209539473056793,2.330703318119049,0.09780621,0.7540235,0.7365131676197052,0.776901125907898,0.03260207,0.15066667,0.12400000542402267,0.1680000089108944,0.040768377,0.0013333334,0.0,0.0,0.003113996,0.1561613,0.14735666662454605,0.16478204727172852,0.018113852,22.480324,22.480323791503906,22.480323791503906,0.0,22.500326,22.500324249267578,22.500324249267578,0.0,3603200.0,3603200.0,3603200.0,0.0
1126,0.0,0.0,0.0,0.0,1.0,1.0,1.0,0.0,0.51272076,0.5119045525789261,0.5147665441036224,0.0030545865,0.51272076,0.5119045525789261,0.5147665441036224,0.0030545865,1.0282621,1.0062175989151,1.0507313311100006,0.040320013,0.09407166,0.08902458101511002,0.09862853400409222,0.008779511,0.09407166,0.08902458101511002,0.09862853400409222,0.008779511,1.0,1.0,1.0,0.0,3.1821613e-13,3.011433672415499e-13,3.3363065863592153e-13,2.969845e-14,3.3826993e-12,3.382699068771311e-12,3.382699068771311e-12,0.0,-27.121569,-27.62816858291626,-26.403860092163086,0.8032184,2.262222,2.2137229442596436,2.311655044555664,0.08870579,0.7540739,0.7379076778888702,0.7705516815185547,0.029568594,0.14666668,0.12000000476837158,0.15800001099705696,0.033826657,0.0,0.0,0.0,0.0,0.15772107,0.14303169026970863,0.1677599996328354,0.021322617,22.500326,22.500324249267578,22.500324249267578,0.0,22.520325,22.52032470703125,22.52032470703125,0.0,3606400.0,3606400.0,3606400.0,0.0
1127,0.0,0.0,0.0,0.0,1.0,1.0,1.0,0.0,0.51272076,0.5119045525789261,0.5147665441036224,0.0030545865,0.51272076,0.5119045525789261,0.5147665441036224,0.0030545865,1.027192,1.0043194144964218,1.0398302376270294,0.027368577,0.09410137,0.09123685210943222,0.09901341423392296,0.00590443,0.09410137,0.09123685210943222,0.09901341423392296,0.00590443,1.0,1.0,1.0,0.0,3.1201335e-13,3.025154318670939e-13,3.2830030062764096e-13,1.9577406e-14,3.315715e-12,3.3157153238316805e-12,3.3157153238316805e-12,0.0,-27.302483,-27.79069995880127,-26.76756715774536,0.66835517,2.2598674,2.2095468640327454,2.287672221660614,0.060212042,0.7532892,0.7365156561136246,0.7625574469566345,0.020070674,0.15666668,0.14400000870227814,0.17000001296401024,0.04334499,0.0,0.0,0.0,0.0,0.1538456,0.13219038397073746,0.17060676589608192,0.02518647,22.520325,22.52032470703125,22.52032470703125,0.0,22.540323,22.540325164794922,22.540325164794922,0.0,3609600.0,3609600.0,3609600.0,0.0
1128,0.0,0.0,0.0,0.0,1.0,1.0,1.0,0.0,0.51272076,0.5119045525789261,0.5147665441036224,0.0030545865,0.51272076,0.5119045525789261,0.5147665441036224,0.0030545865,1.046447,1.025363028049469,1.0597914457321167,0.029721027,0.083557464,0.08717344887554646,0.094328498467803,0.026709097,0.09004631,0.08717344887554646,0.094328498467803,0.005972797,0.9166667,1.0,1.0,0.28867513,2.7156665e-13,2.833187853702908e-13,3.0657310593146594e-13,8.680612e-14,3.2500582e-12,3.2500582086703034e-12,3.2500582086703034e-12,0.0,-27.598755,-28.068394660949707,-27.075023651123047,0.64615226,2.3022294,2.255843698978424,2.3315877318382263,0.06538755,0.7674098,0.7519479393959045,0.777195930480957,0.02179585,0.15400001,0.13600000739097595,0.17800001427531242,0.026006997,0.0,0.0,0.0,0.0,0.15948124,0.14253398776054382,0.17291980609297752,0.020041833,22.540323,22.540325164794922,22.540325164794922,0.0,22.560326,22.560325622558594,22.560325622558594,0.0,3612800.0,3612800.0,3612800.0,0.0
1129,0.0,0.0,0.0,0.0,1.0,1.0,1.0,0.0,0.51272076,0.5119045525789261,0.5147665441036224,0.0030545865,0.51272076,0.5119045525789261,0.5147665441036224,0.0030545865,1.0340316,1.0193979144096375,1.0507721900939941,0.031091226,0.09268168,0.08896761015057564,0.09564334712922573,0.0066952696,0.09268168,0.08896761015057564,0.09564334712922573,0.0066952696,1.0,1.0,1.0,0.0,2.9525614e-13,2.834242308078286e-13,3.0469114102420203e-13,2.1329128e-14,3.185701e-12,3.185701268754171e-12,3.185701268754171e-12,0.0,-27.548561,-28.030081272125244,-27.036917686462402,0.7589797,2.274915,2.242720127105713,2.311745047569275,0.0684021,0.758305,0.7475733906030655,0.7705817073583603,0.022800699,0.15266667,0.13200000673532486,0.17800001427531242,0.03021539,0.0,0.0,0.0,0.0,0.1680909,0.15770148858428001,0.1787971444427967,0.0166979,22.560326,22.560325622558594,22.560325622558594,0.0,22.580328,22.580326080322266,22.580326080322266,0.0,3616000.0,3616000.0,3616000.0,0.0
1130,0.0,0.0,0.0,0.0,1.0,1.0,1.0,0.0,0.51272076,0.5119045525789261,0.5147665441036224,0.0030545865,0.51272076,0.5119045525789261,0.5147665441036224,0.0030545865,1.0380615,1.0145107954740524,1.0562840402126312,0.041335877,0.08546489,0.08784477971494198,0.09673544764518738,0.027992604,0.09199167,0.08784477971494198,0.09673544764518738,0.008816507,0.9166667,1.0,1.0,0.28867513,2.6687425e-13,2.7430575850031017e-13,3.0206791386787335e-13,8.7410236e-14,3.1226187e-12,3.1226187000715777e-12,3.1226187000715777e-12,0.0,-27.56585,-28.118327140808105,-27.119651794433594,0.82741857,2.283781,2.2319682240486145,2.3238713145256042,0.090940766,0.76126033,0.7439894378185272,0.7746237963438034,0.030313585,0.158,0.1420000083744526,0.17000001296401024,0.021875683,0.0,0.0,0.0,0.0,0.16411698,0.14507222920656204,0.17692939192056656,0.022216681,22.580328,22.580326080322266,22.580326080322266,0.0,22.600327,22.600326538085938,22.600326538085938,0.0,3619200.0,3619200.0,3619200.0,0.0
1131,0.0,0.0,0.0,0.0,1.0,1.0,1.0,0.0,0.51272076,0.5119045525789261,0.5147665441036224,0.0030545865,0.51272076,0.5119045525789261,0.5147665441036224,0.0030545865,1.026878,0.9879324734210968,1.0466902256011963,0.0399855,0.094361015,0.0898095853626728,0.10281789302825928,0.0085633,0.094361015,0.0898095853626728,0.10281789302825928,0.0085633,1.0,1.0,1.0,0.0,2.8881883e-13,2.7488785987045405e-13,3.1470350414161685e-13,2.6210423e-14,3.0607853e-12,3.0607853491321224e-12,3.0607853491321224e-12,0.0,-26.983185,-27.6298828125,-26.550544261932373,0.8726104,2.2591767,2.173494815826416,2.302764415740967,0.08796988,0.7530589,0.7244983017444611,0.7675881534814835,0.02932329,0.15666665,0.12749999575316906,0.1849999912083149,0.04163332,0.0008333333,0.0,0.0,0.0028867512,0.15278631,0.1344793662428856,0.1704086735844612,0.02676513,22.600327,22.600326538085938,22.600326538085938,0.0,22.620325,22.62032699584961,22.62032699584961,0.0,3622400.0,3622400.0,3622400.0,0.0
1132,0.0,0.0,0.0,0.0,1.0,1.0,1.0,0.0,0.51272076,0.5119045525789261,0.5147665441036224,0.0030545865,0.51272076,0.5119045525789261,0.5147665441036224,0.0030545865,1.0207171,0.985032320022583,1.0422395467758179,0.039256193,0.0891285,0.09074805118143559,0.10350660979747772,0.028812513,0.09569258,0.09074805118143559,0.10350660979747772,0.008410779,0.9166667,1.0,1.0,0.28867513,2.6740125e-13,2.7226016038016387e-13,3.1053809426261764e-13,8.6442626e-14,3.0001765e-12,3.0001764961262722e-12,3.0001764961262722e-12,0.0,-27.185186,-27.71809196472168,-26.39005184173584,0.9813913,2.2456224,2.1671143174171448,2.292972683906555,0.08636536,0.7485409,0.7223714739084244,0.7643242329359055,0.028788451,0.16400002,0.15200001001358032,0.17000001296401024,0.028641991,0.0006666667,0.0,0.0,0.0023094013,0.15731187,0.14082221314311028,0.173359714448452,0.019237544,22.620325,22.62032699584961,22.62032699584961,0.0,22.640327,22.64032745361328,22.64032745361328,0.0,3625600.0,3625600.0,3625600.0,0.0
1133,0.0,0.0,0.0,0.0,1.0,1.0,1.0,0.0,0.51272076,0.5119045525789261,0.5147665441036224,0.0030545865,0.51272076,0.5119045525789261,0.5147665441036224,0.0030545865,1.0437554,1.027974009513855,1.067737191915512,0.02505163,0.09055389,0.08555849455296993,0.0937685389071703,0.0052270712,0.09055389,0.08555849455296993,0.0937685389071703,0.0052270712,1.0,1.0,1.0,0.0,2.6629794e-13,2.516076607586744e-13,2.7575148788721096e-13,1.5371605e-14,2.9407676e-12,2.940767638084929e-12,2.940767638084929e-12,0.0,-27.374023,-27.679373264312744,-27.218241214752197,0.602969,2.2963078,2.261587917804718,2.349068760871887,0.055114698,0.765436,0.753862664103508,0.7830229550600052,0.018371569,0.14733334,0.12400000542402267,0.1680000126361847,0.03999394,0.0,0.0,0.0,0.0,0.15537767,0.14200939238071442,0.1658703126013279,0.018701449,22.640327,22.64032745361328,22.64032745361328,0.0,22.66033,22.660327911376953,22.660327911376953,0.0,3628800.0,3628800.0,3628800.0,0.0
1134,0.0,0.0,0.0,0.0,1.0,1.0,1.0,0.0,0.51272076,0.5119045525789261,0.5147665441036224,0.0030545865,0.51272076,0.5119045525789261,0.5147665441036224,0.0030545865,1.0167354,1.003506064414978,1.0283591151237488,0.030045968,0.096433364,0.0936790481209755,0.09919602237641811,0.006788467,0.096433364,0.0936790481209755,0.09919602237641811,0.006788467,1.0,1.0,1.0,0.0,2.7797252e-13,2.7003312102645213e-13,2.8593599520456217e-13,1.956799e-14,2.8825351e-12,2.882534922560298e-12,2.882534922560298e-12,0.0,-26.916977,-27.363353729248047,-26.55085039138794,0.5968395,2.2368624,2.2077574133872986,2.2624353170394897,0.06610246,0.7456209,0.7359191477298737,0.7541451305150986,0.022034157,0.17133336,0.15000000968575478,0.1860000118613243,0.024231208,0.0,0.0,0.0,0.0,0.16323559,0.15395227447152138,0.18194492906332016,0.018456006,22.66033,22.660327911376953,22.660327911376953,0.0,22.680328,22.680328369140625,22.680328369140625,0.0,3632000.0,3632000.0,3632000.0,0.0
1135,0.0,0.0,0.0,0.0,1.0,1.0,1.0,0.0,0.51272076,0.5119045525789261,0.5147665441036224,0.0030545865,0.51272076,0.5119045525789261,0.5147665441036224,0.0030545865,1.046385,1.0312146842479706,1.0664176940917969,0.029968984,0.09006695,0.08582539297640324,0.09307648614048958,0.006244019,0.09006695,0.08582539297640324,0.09307648614048958,0.006244019,1.0,1.0,1.0,0.0,2.544802e-13,2.424958766233075e-13,2.629835097519434e-13,1.7642202e-14,2.825456e-12,2.8254560149876262e-12,2.8254560149876262e-12,0.0,-27.417717,-27.804759979248047,-26.89649248123169,0.63483155,2.302093,2.268717646598816,2.3461657762527466,0.06593308,0.7673643,0.7562392204999924,0.7820552587509155,0.021977682,0.15466668,0.1340000070631504,0.17600001394748688,0.030191312,0.0006666667,0.0,0.0,0.0023094013,0.15551047,0.14327506348490715,0.1634725108742714,0.015256465,22.680328,22.680328369140625,22.680328369140625,0.0,22.700327,22.700328826904297,22.700328826904297,0.0,3635200.0,3635200.0,3635200.0,0.0
1136,0.0,0.0,0.0,0.0,1.0,1.0,1.0,0.0,0.51272076,0.5119045525789261,0.5147665441036224,0.0030545865,0.51272076,0.5119045525789261,0.5147665441036224,0.0030545865,1.0348798,1.0089938640594482,1.0553746223449707,0.034910817,0.09255421,0.0880565270781517,0.0979545246809721,0.0073537505,0.09255421,0.0880565270781517,0.0979545246809721,0.0073537505,1.0,1.0,1.0,0.0,2.563295e-13,2.43873152195543e-13,2.7128572012511537e-13,2.0366262e-14,2.7695068e-12,2.7695068460786842e-12,2.7695068460786842e-12,0.0,-27.389242,-27.889299869537354,-26.931705951690674,0.77321774,2.276781,2.2198307514190674,2.3218705654144287,0.07680534,0.75892705,0.7399436235427856,0.7739568948745728,0.025601773,0.168,0.1600000113248825,0.17200001329183578,0.018683974,0.0006666667,0.0,0.0,0.0023094013,0.15239435,0.14127540215849876,0.1641334630548954,0.01969416,22.700327,22.700328826904297,22.700328826904297,0.0,22.72033,22.72032928466797,22.72032928466797,0.0,3638400.0,3638400.0,3638400.0,0.0
1137,0.0,0.0,0.0,0.0,1.0,1.0,1.0,0.0,0.51272076,0.5119045525789261,0.5147665441036224,0.0030545865,0.51272076,0.5119045525789261,0.5147665441036224,0.0030545865,1.0363922,1.0187415182590485,1.0582692623138428,0.033125233,0.0922071,0.08747072704136372,0.0958129744976759,0.007022286,0.0922071,0.08747072704136372,0.0958129744976759,0.007022286,1.0,1.0,1.0,0.0,2.5031146e-13,2.3745378764390007e-13,2.6010020959948976e-13,1.9063161e-14,2.714666e-12,2.7146657317900225e-12,2.7146657317900225e-12,0.0,-27.272665,-27.869235515594482,-26.81822967529297,0.7904131,2.2801082,2.2412760257720947,2.328238844871521,0.07287695,0.7600362,0.7470920383930206,0.7760796248912811,0.024292324,0.14666668,0.11800000444054604,0.18000001087784767,0.03631512,0.0,0.0,0.0,0.0,0.1588497,0.14288264885544777,0.17272502556443214,0.02025493,22.72033,22.72032928466797,22.72032928466797,0.0,22.740332,22.74032974243164,22.74032974243164,0.0,3641600.0,3641600.0,3641600.0,0.0
1138,0.0,0.0,0.0,0.0,1.0,1.0,1.0,0.0,0.51272076,0.5119045525789261,0.5147665441036224,0.0030545865,0.51272076,0.5119045525789261,0.5147665441036224,0.0030545865,1.0206066,0.9962900727987289,1.0476577281951904,0.033758044,0.09563189,0.08961308188736439,0.10087701305747032,0.007497119,0.09563189,0.08961308188736439,0.10087701305747032,0.007497119,1.0,1.0,1.0,0.0,2.5446786e-13,2.384523717260771e-13,2.6842468677477915e-13,1.994916e-14,2.6609103e-12,2.6609103375568877e-12,2.6609103375568877e-12,0.0,-27.145592,-27.389553546905518,-26.993435382843018,0.6259303,2.2453794,2.191882014274597,2.3048930764198303,0.07426917,0.7484598,0.7306273728609085,0.7682977169752121,0.02475639,0.16000001,0.1420000083744526,0.18400001525878906,0.028540244,0.0006666667,0.0,0.0,0.0023094013,0.15179984,0.13941466808319092,0.15716704353690147,0.020416968,22.740332,22.74032974243164,22.74032974243164,0.0,22.76033,22.760330200195312,22.760330200195312,0.0,3644800.0,3644800.0,3644800.0,0.0
1139,0.0,0.0,0.0,0.0,1.0,1.0,1.0,0.0,0.51272076,0.5119045525789261,0.5147665441036224,0.0030545865,0.51272076,0.5119045525789261,0.5147665441036224,0.0030545865,1.0335479,1.0168397426605225,1.0482111871242523,0.02681012,0.09272591,0.08949311077594757,0.09619725309312344,0.0056203823,0.09272591,0.08949311077594757,0.09619725309312344,0.0056203823,1.0,1.0,1.0,0.0,2.4184954e-13,2.334176824264969e-13,2.5090355953907156e-13,1.465919e-14,2.6082198e-12,2.6082196298571336e-12,2.6082196298571336e-12,0.0,-27.011665,-27.49219036102295,-26.565308094024658,0.71574545,2.2738507,2.237092077732086,2.3061107397079468,0.05898344,0.7579503,0.7456973940134048,0.7687036097049713,0.019661147,0.14266668,0.12000000476837158,0.16600001230835915,0.034253955,0.0,0.0,0.0,0.0,0.15337013,0.14895593747496605,0.16011029481887817,0.014225281,22.76033,22.760330200195312,22.760330200195312,0.0,22.780329,22.780330657958984,22.780330657958984,0.0,3648000.0,3648000.0,3648000.0,0.0
1140,0.0,0.0,0.0,0.0,1.0,1.0,1.0,0.0,0.51272076,0.5119045525789261,0.5147665441036224,0.0030545865,0.51272076,0.5119045525789261,0.5147665441036224,0.0030545865,1.0355331,1.0185413658618927,1.0597171187400818,0.039851718,0.09250576,0.08715316094458103,0.0958221573382616,0.008697902,0.09250576,0.08715316094458103,0.0958221573382616,0.008697902,1.0,1.0,1.0,0.0,2.364977e-13,2.2281336186356394e-13,2.4497628047220193e-13,2.223681e-14,2.5565724e-12,2.5565723583281796e-12,2.5565723583281796e-12,0.0,-27.346155,-27.923839569091797,-26.86880874633789,0.7948409,2.2782183,2.240835666656494,2.3314242362976074,0.08767555,0.7594061,0.7469452470541,0.7771414369344711,0.02922519,0.17800002,0.15000000968575478,0.20400000363588333,0.03965304,0.0,0.0,0.0,0.0,0.15627092,0.1445661373436451,0.16942963376641273,0.019217826,22.780329,22.780330657958984,22.780330657958984,0.0,22.800331,22.800331115722656,22.800331115722656,0.0,3651200.0,3651200.0,3651200.0,0.0
1141,0.0,0.0,0.0,0.0,1.0,1.0,1.0,0.0,0.51272076,0.5119045525789261,0.5147665441036224,0.0030545865,0.51272076,0.5119045525789261,0.5147665441036224,0.0030545865,1.0269377,0.997339278459549,1.0513651371002197,0.043648366,0.08798358,0.08884787186980247,0.100614532828331,0.028736336,0.09441728,0.08884787186980247,0.100614532828331,0.009351297,0.9166667,1.0,1.0,0.28867513,2.2048226e-13,2.2264812267621358e-13,2.5213475919735537e-13,7.201175e-14,2.5059477e-12,2.505947706288314e-12,2.505947706288314e-12,0.0,-27.183107,-27.610214233398438,-26.653135299682617,0.65776503,2.259308,2.194190263748169,2.3130494356155396,0.096028335,0.7531027,0.7313967794179916,0.7710165083408356,0.032009438,0.14533333,0.12000000476837158,0.16600001230835915,0.033567663,0.0,0.0,0.0,0.0,0.16148616,0.15012294054031372,0.17022016644477844,0.021755807,22.800331,22.800331115722656,22.800331115722656,0.0,22.820333,22.820331573486328,22.820331573486328,0.0,3654400.0,3654400.0,3654400.0,0.0
1142,0.0,0.0,0.0,0.0,1.0,1.0,1.0,0.0,0.51272076,0.5119045525789261,0.5147665441036224,0.0030545865,0.51272076,0.5119045525789261,0.5147665441036224,0.0030545865,1.0283035,1.0024491399526596,1.0553099811077118,0.035258878,0.093975596,0.08804230578243732,0.09943841770291328,0.007689978,0.093975596,0.08804230578243732,0.09943841770291328,0.007689978,1.0,1.0,1.0,0.0,2.3083467e-13,2.1626057607020133e-13,2.4425313795194484e-13,1.888909e-14,2.4563257e-12,2.456325724417563e-12,2.456325724417563e-12,0.0,-27.269424,-27.680159091949463,-27.2377290725708,0.8496754,2.262313,2.205432176589966,2.32172828912735,0.07757105,0.7541043,0.7351440936326981,0.7739094346761703,0.025857003,0.14933334,0.13200000673532486,0.17200001329183578,0.029997982,0.0,0.0,0.0,0.0,0.1613906,0.150653176009655,0.1663970984518528,0.025010062,22.820333,22.820331573486328,22.820331573486328,0.0,22.840332,22.84033203125,22.84033203125,0.0,3657600.0,3657600.0,3657600.0,0.0
1143,0.0,0.0,0.0,0.0,1.0,1.0,1.0,0.0,0.51272076,0.5119045525789261,0.5147665441036224,0.0030545865,0.51272076,0.5119045525789261,0.5147665441036224,0.0030545865,1.0464902,1.021558403968811,1.0785659551620483,0.04440192,0.07723744,0.08348062634468079,0.09518755227327347,0.036815792,0.090279944,0.08348062634468079,0.09518755227327347,0.009241009,0.8333333,1.0,1.0,0.38924947,1.8596348e-13,2.0099510096116373e-13,2.2918169776233246e-13,8.864086e-14,2.4076856e-12,2.4076855960342147e-12,2.4076855960342147e-12,0.0,-27.57118,-28.02860164642334,-26.890043258666992,0.87671137,2.3023243,2.2474732995033264,2.3728924989700317,0.09768616,0.76744145,0.7491578012704849,0.7909641861915588,0.03256205,0.14733334,0.12000000476837158,0.17800001427531242,0.03486424,0.0006666667,0.0,0.0,0.0023094013,0.16046871,0.14587769284844398,0.16479506343603134,0.0290753,22.840332,22.84033203125,22.84033203125,0.0,22.86033,22.860332489013672,22.860332489013672,0.0,3660800.0,3660800.0,3660800.0,0.0
1144,0.0,0.0,0.0,0.0,1.0,1.0,1.0,0.0,0.51272076,0.5119045525789261,0.5147665441036224,0.0030545865,0.51272076,0.5119045525789261,0.5147665441036224,0.0030545865,1.0537928,1.0250087082386017,1.0984075367450714,0.04296104,0.0691103,0.059987034648656845,0.09441191889345646,0.042160008,0.08874947,0.07972585782408714,0.09441191889345646,0.008857744,0.75,0.75,1.0,0.45226702,1.6310096e-13,1.4156996294657428e-13,2.2281301627412146e-13,9.949802e-14,2.3600093e-12,2.360009323382206e-12,2.360009323382206e-12,0.0,-27.740389,-28.436922073364258,-27.13896417617798,0.99620765,2.3183904,2.2550641298294067,2.4165449142456055,0.09451618,0.7727968,0.7516880482435226,0.8055149763822556,0.0315054,0.1375,0.11999999731779099,0.14999999105930328,0.031370223,0.0008333333,0.0,0.0,0.0028867512,0.15774527,0.14839479699730873,0.16537272557616234,0.011314836,22.86033,22.860332489013672,22.860332489013672,0.0,22.880333,22.880332946777344,22.880332946777344,0.0,3664000.0,3664000.0,3664000.0,0.0
1145,0.0,0.0,0.0,0.0,1.0,1.0,1.0,0.0,0.51272076,0.5119045525789261,0.5147665441036224,0.0030545865,0.51272076,0.5119045525789261,0.5147665441036224,0.0030545865,1.0259385,1.0154784321784973,1.0372903645038605,0.022077898,0.09431376,0.09177861362695694,0.09651242382824421,0.004785283,0.09431376,0.09177861362695694,0.09651242382824421,0.004785283,1.0,1.0,1.0,0.0,2.1817385e-13,2.1230935033037662e-13,2.2325996506720146e-13,1.10696855e-14,2.313277e-12,2.3132769571415635e-12,2.3132769571415635e-12,0.0,-27.110153,-27.536073207855225,-26.76050615310669,0.46277887,2.2571099,2.234097182750702,2.2820844054222107,0.04857235,0.75236994,0.7446990758180618,0.7606948167085648,0.01619079,0.14066668,0.12000000476837158,0.15400001034140587,0.02982779,0.0006666667,0.0,0.0,0.0023094013,0.14605637,0.13795103877782822,0.15547452121973038,0.011304349,22.880333,22.880332946777344,22.880332946777344,0.0,22.900335,22.900333404541016,22.900333404541016,0.0,3667200.0,3667200.0,3667200.0,0.0
1146,0.0,0.0,0.0,0.0,1.0,1.0,1.0,0.0,0.51272076,0.5119045525789261,0.5147665441036224,0.0030545865,0.51272076,0.5119045525789261,0.5147665441036224,0.0030545865,1.0288821,1.014517605304718,1.0508184432983398,0.025444083,0.093714446,0.08895739167928696,0.09671985916793346,0.005556541,0.093714446,0.08895739167928696,0.09671985916793346,0.005556541,1.0,1.0,1.0,0.0,2.124947e-13,2.017082213875889e-13,2.1930938646054846e-13,1.2599288e-14,2.26747e-12,2.2674700658753544e-12,2.2674700658753544e-12,0.0,-27.219519,-27.489227294921875,-26.803682804107666,0.520021,2.2635858,2.2319833636283875,2.3118467330932617,0.05597812,0.7545286,0.7439944744110107,0.7706155925989151,0.018659376,0.156,0.1420000083744526,0.17000001296401024,0.020324638,0.0,0.0,0.0,0.0,0.16036226,0.14641154929995537,0.1637093350291252,0.024768211,22.900335,22.900333404541016,22.900333404541016,0.0,22.920334,22.920333862304688,22.920333862304688,0.0,3670400.0,3670400.0,3670400.0,0.0
1147,0.0,0.0,0.0,0.0,1.0,1.0,1.0,0.0,0.51272076,0.5119045525789261,0.5147665441036224,0.0030545865,0.51272076,0.5119045525789261,0.5147665441036224,0.0030545865,1.0440155,1.026147484779358,1.062595695257187,0.032361057,0.090596646,0.08657740987837315,0.09415716305375099,0.006966044,0.090596646,0.08657740987837315,0.09415716305375099,0.006966044,1.0,1.0,1.0,0.0,2.0135739e-13,1.9242437436744857e-13,2.092709042351721e-13,1.548252e-14,2.2225702e-12,2.2225702181466467e-12,2.2225702181466467e-12,0.0,-27.527872,-27.985103607177734,-27.107224941253662,0.7562209,2.29688,2.2575696110725403,2.337757110595703,0.07119571,0.76562667,0.7525232285261154,0.7792523801326752,0.023731899,0.13466667,0.11600000411272049,0.16200001165270805,0.033393886,0.0006666667,0.0,0.0,0.0023094013,0.15645568,0.14221744984388351,0.16703534126281738,0.017345011,22.920334,22.920333862304688,22.920333862304688,0.0,22.940332,22.94033432006836,22.94033432006836,0.0,3673600.0,3673600.0,3673600.0,0.0
1148,0.0,0.0,0.0,0.0,1.0,1.0,1.0,0.0,0.51272076,0.5119045525789261,0.5147665441036224,0.0030545865,0.51272076,0.5119045525789261,0.5147665441036224,0.0030545865,1.0374997,1.0150084793567657,1.0561592876911163,0.023952663,0.09185567,0.08787023834884167,0.09660319983959198,0.005068293,0.09185567,0.08787023834884167,0.09660319983959198,0.005068293,1.0,1.0,1.0,0.0,2.00113e-13,1.91430520117249e-13,2.1045579490816362e-13,1.1041577e-14,2.1785592e-12,2.1785591993589426e-12,2.1785591993589426e-12,0.0,-27.47132,-28.181047916412354,-26.777295112609863,0.75922376,2.2825449,2.233063220977783,2.323596715927124,0.052696917,0.7608483,0.7443544417619705,0.7745322585105896,0.017565638,0.15666668,0.12600000575184822,0.18000001087784767,0.036013465,0.0,0.0,0.0,0.0,0.15329884,0.13810088485479355,0.16519920900464058,0.019951552,22.940332,22.94033432006836,22.94033432006836,0.0,22.960335,22.96033477783203,22.96033477783203,0.0,3676800.0,3676800.0,3676800.0,0.0
1149,0.0,0.0,0.0,0.0,1.0,1.0,1.0,0.0,0.51272076,0.5119045525789261,0.5147665441036224,0.0030545865,0.51272076,0.5119045525789261,0.5147665441036224,0.0030545865,1.0379888,1.0202899873256683,1.0547005534172058,0.025329538,0.09176809,0.08816574700176716,0.09543565288186073,0.0053949184,0.09176809,0.08816574700176716,0.09543565288186073,0.0053949184,1.0,1.0,1.0,0.0,1.9596342e-13,1.882708907123467e-13,2.037951919850109e-13,1.1520416e-14,2.1354199e-12,2.135419879117917e-12,2.135419879117917e-12,0.0,-27.475466,-27.96349573135376,-27.1325044631958,0.59327626,2.283621,2.244682788848877,2.320387601852417,0.055726122,0.76120704,0.748227596282959,0.7734625339508057,0.018575378,0.14600001,0.1120000034570694,0.17800001427531242,0.0423492,0.0,0.0,0.0,0.0,0.15197559,0.13351532071828842,0.16172554716467857,0.023244193,22.960335,22.96033477783203,22.96033477783203,0.0,22.980337,22.980335235595703,22.980335235595703,0.0,3680000.0,3680000.0,3680000.0,0.0
1150,0.0,0.0,0.0,0.0,1.0,1.0,1.0,0.0,0.51272076,0.5119045525789261,0.5147665441036224,0.0030545865,0.51272076,0.5119045525789261,0.5147665441036224,0.0030545865,1.0305734,1.020950585603714,1.0457455813884735,0.020932654,0.093301825,0.09000418707728386,0.09529275074601173,0.0045138905,0.093301825,0.09000418707728386,0.09529275074601173,0.0045138905,1.0,1.0,1.0,0.0,1.9529329e-13,1.8839088139965474e-13,1.9946056186380921e-13,9.4481816e-15,2.0931347e-12,2.0931346933483752e-12,2.0931346933483752e-12,0.0,-27.417685,-27.566746711730957,-27.266104698181152,0.35974082,2.2673066,2.2461361289024353,2.300686240196228,0.046052746,0.75576884,0.7487120628356934,0.7668954282999039,0.015350916,0.15333335,0.13600000739097595,0.17200001329183578,0.0276778,0.0,0.0,0.0,0.0,0.16319935,0.15020577982068062,0.17456283420324326,0.017967073,22.980337,22.980335235595703,22.980335235595703,0.0,23.000336,23.000335693359375,23.000335693359375,0.0,3683200.0,3683200.0,3683200.0,0.0
1151,0.0,0.0,0.0,0.0,1.0,1.0,1.0,0.0,0.51272076,0.5119045525789261,0.5147665441036224,0.0030545865,0.51272076,0.5119045525789261,0.5147665441036224,0.0030545865,1.0455605,1.033962905406952,1.0550143122673035,0.026832642,0.09019914,0.08810560777783394,0.092477822676301,0.0056114215,0.09019914,0.08810560777783394,0.092477822676301,0.0056114215,1.0,1.0,1.0,0.0,1.8506042e-13,1.8076514880760973e-13,1.897355597559481e-13,1.1512881e-14,2.0516872e-12,2.051687162177296e-12,2.051687162177296e-12,0.0,-27.592653,-28.061908721923828,-27.391788005828857,0.8582492,2.300279,2.2747638821601868,2.3210777640342712,0.05903295,0.76675963,0.7582546472549438,0.7736925929784775,0.01967764,0.14533333,0.12000000476837158,0.1680000126361847,0.023094015,0.0006666667,0.0,0.0,0.0023094013,0.15909532,0.14442960545420647,0.16791528463363647,0.017914109,23.000336,23.000335693359375,23.000335693359375,0.0,23.020334,23.020336151123047,23.020336151123047,0.0,3686400.0,3686400.0,3686400.0,0.0
1152,0.0,0.0,0.0,0.0,1.0,1.0,1.0,0.0,0.51272076,0.5119045525789261,0.5147665441036224,0.0030545865,0.51272076,0.5119045525789261,0.5147665441036224,0.0030545865,1.0269147,1.0063846409320831,1.0601955950260162,0.034242734,0.09425893,0.08705733343958855,0.09854142367839813,0.007432777,0.09425893,0.08705733343958855,0.09854142367839813,0.007432777,1.0,1.0,1.0,0.0,1.8956035e-13,1.7507751569030908e-13,1.9817270925388125e-13,1.4947758e-14,2.01106e-12,2.011059938369919e-12,2.011059938369919e-12,0.0,-27.43592,-28.228574752807617,-26.864357471466064,0.83111525,2.2592576,2.2140904664993286,2.3324769139289856,0.0753355,0.75308585,0.7380301654338837,0.7774923145771027,0.025111828,0.16733335,0.15800001099705696,0.18400001525878906,0.027173964,0.0,0.0,0.0,0.0,0.16051576,0.14181846007704735,0.17254120483994484,0.026039716,23.020334,23.020336151123047,23.020336151123047,0.0,23.040337,23.04033660888672,23.04033660888672,0.0,3689600.0,3689600.0,3689600.0,0.0
1153,0.0,0.0,0.0,0.0,1.0,1.0,1.0,0.0,0.51272076,0.5119045525789261,0.5147665441036224,0.0030545865,0.51272076,0.5119045525789261,0.5147665441036224,0.0030545865,1.0270549,1.0116353034973145,1.0488155484199524,0.040169626,0.08777911,0.08936849609017372,0.09739061258733273,0.028592743,0.09433182,0.08936849609017372,0.09739061258733273,0.008822643,0.9166667,1.0,1.0,0.28867513,1.7303348e-13,1.761665222336714e-13,1.9198001749518717e-13,5.6363087e-14,1.9712374e-12,1.971237409414961e-12,1.971237409414961e-12,0.0,-27.13843,-27.587639331817627,-26.781126499176025,0.7225648,2.259566,2.225642144680023,2.3074402809143066,0.08837493,0.75318867,0.7418807297945023,0.7691467851400375,0.02945831,0.15533334,0.13600000739097595,0.1860000118613243,0.03536134,0.0006666667,0.0,0.0,0.0023094013,0.16184679,0.14864057302474976,0.17097331210970879,0.016393706,23.040337,23.04033660888672,23.04033660888672,0.0,23.060339,23.06033706665039,23.06033706665039,0.0,3692800.0,3692800.0,3692800.0,0.0
1154,0.0,0.0,0.0,0.0,1.0,1.0,1.0,0.0,0.51272076,0.5119045525789261,0.5147665441036224,0.0030545865,0.51272076,0.5119045525789261,0.5147665441036224,0.0030545865,1.0419105,1.0356071889400482,1.053508698940277,0.032709464,0.08443603,0.08841083943843842,0.09213074296712875,0.027271466,0.09104235,0.08841083943843842,0.09213074296712875,0.0071000867,0.9166667,1.0,1.0,0.28867513,1.631476e-13,1.7082773455349975e-13,1.7801534782390695e-13,5.2694025e-14,1.9322035e-12,1.932203529120269e-12,1.932203529120269e-12,0.0,-27.624472,-28.005401611328125,-27.25863218307495,0.82046884,2.2922487,2.27838134765625,2.3177654147148132,0.071962245,0.7640829,0.7594604790210724,0.7725884914398193,0.023987418,0.14066668,0.12600000575184822,0.1600000113248825,0.028429609,0.0,0.0,0.0,0.0,0.1549025,0.14440378919243813,0.16356468200683594,0.01328161,23.060339,23.06033706665039,23.06033706665039,0.0,23.080338,23.080337524414062,23.080337524414062,0.0,3696000.0,3696000.0,3696000.0,0.0
1155,0.0,0.0,0.0,0.0,1.0,1.0,1.0,0.0,0.51272076,0.5119045525789261,0.5147665441036224,0.0030545865,0.51272076,0.5119045525789261,0.5147665441036224,0.0030545865,1.0454183,1.0173480212688446,1.0600098073482513,0.03469145,0.08377439,0.08710117265582085,0.09608420729637146,0.027114153,0.09033475,0.08710117265582085,0.09608420729637146,0.0072478536,0.9166667,1.0,1.0,0.28867513,1.5866388e-13,1.6496461315018696e-13,1.8197796107467454e-13,5.1352643e-14,1.8939425e-12,1.8939424681341244e-12,1.8939424681341244e-12,0.0,-27.50708,-27.909735202789307,-26.84313440322876,0.89757556,2.299966,2.238210439682007,2.3320682048797607,0.076322705,0.7666554,0.7460701614618301,0.7773560732603073,0.025440905,0.13533334,0.10400000214576721,0.14600000903010368,0.03171846,0.0,0.0,0.0,0.0,0.16094391,0.15042925253510475,0.1673773117363453,0.022620736,23.080338,23.080337524414062,23.080337524414062,0.0,23.100336,23.100337982177734,23.100337982177734,0.0,3699200.0,3699200.0,3699200.0,0.0
1156,0.0,0.0,0.0,0.0,1.0,1.0,1.0,0.0,0.51272076,0.5119045525789261,0.5147665441036224,0.0030545865,0.51272076,0.5119045525789261,0.5147665441036224,0.0030545865,1.0387496,1.027637541294098,1.0628115832805634,0.032881346,0.09170836,0.08653433248400688,0.09384406358003616,0.0071074306,0.09170836,0.08653433248400688,0.09384406358003616,0.0071074306,1.0,1.0,1.0,0.0,1.7025098e-13,1.606457107367499e-13,1.7421578163922223e-13,1.31945134e-14,1.856439e-12,1.8564390476261128e-12,1.8564390476261128e-12,0.0,-27.30101,-27.795595169067383,-26.826945304870605,0.79965365,2.2852948,2.2608476877212524,2.3382322192192078,0.0723404,0.76176494,0.7536159306764603,0.7794107794761658,0.02411347,0.12666668,0.1120000034570694,0.13600000739097595,0.021797974,0.0006666667,0.0,0.0,0.0023094013,0.15255998,0.14139698445796967,0.17266952991485596,0.02297694,23.100336,23.100337982177734,23.100337982177734,0.0,23.120338,23.120338439941406,23.120338439941406,0.0,3702400.0,3702400.0,3702400.0,0.0
1157,0.0,0.0,0.0,0.0,1.0,1.0,1.0,0.0,0.51272076,0.5119045525789261,0.5147665441036224,0.0030545865,0.51272076,0.5119045525789261,0.5147665441036224,0.0030545865,1.0240074,1.0003216415643692,1.0540780127048492,0.03777499,0.09494934,0.0882982537150383,0.09993842244148254,0.008208774,0.09494934,0.0882982537150383,0.09993842244148254,0.008208774,1.0,1.0,1.0,0.0,1.7277725e-13,1.6067439466047571e-13,1.8185575793730827e-13,1.4937326e-14,1.819678e-12,1.8196780887658193e-12,1.8196780887658193e-12,0.0,-27.27349,-27.867656707763672,-26.984903812408447,0.6555659,2.2528615,2.2007516026496887,2.3190178871154785,0.08310664,0.75095385,0.7335838824510574,0.7730059921741486,0.027702212,0.1475,0.13499999977648258,0.17249999940395355,0.035451632,0.0,0.0,0.0,0.0,0.15682766,0.1441447138786316,0.16726257652044296,0.018729387,23.120338,23.120338439941406,23.120338439941406,0.0,23.14034,23.140338897705078,23.140338897705078,0.0,3705600.0,3705600.0,3705600.0,0.0
1158,0.0,0.0,0.0,0.0,1.0,1.0,1.0,0.0,0.51272076,0.5119045525789261,0.5147665441036224,0.0030545865,0.51272076,0.5119045525789261,0.5147665441036224,0.0030545865,1.0197612,0.9961731135845184,1.043788105249405,0.029132977,0.0957505,0.09041231870651245,0.10088513419032097,0.0064937975,0.0957505,0.09041231870651245,0.10088513419032097,0.0064937975,1.0,1.0,1.0,0.0,1.7078494e-13,1.6126350946342287e-13,1.7994328967954783e-13,1.1582632e-14,1.7836453e-12,1.783645280084567e-12,1.783645280084567e-12,0.0,-27.137415,-27.518686771392822,-26.847784996032715,0.501628,2.2435193,2.1916245818138123,2.2963797450065613,0.06409383,0.74783975,0.7305415272712708,0.7654599398374557,0.021364614,0.15933335,0.15400001034140587,0.1680000126361847,0.017211698,0.0,0.0,0.0,0.0,0.15657349,0.14481525868177414,0.1696920469403267,0.014949599,23.14034,23.140338897705078,23.140338897705078,0.0,23.16034,23.16033935546875,23.16033935546875,0.0,3708800.0,3708800.0,3708800.0,0.0
1159,0.0,0.0,0.0,0.0,1.0,1.0,1.0,0.0,0.51272076,0.5119045525789261,0.5147665441036224,0.0030545865,0.51272076,0.5119045525789261,0.5147665441036224,0.0030545865,1.0444064,1.0110284090042114,1.0633889436721802,0.04627106,0.07811766,0.08642071485519409,0.09749378450214863,0.037063938,0.09074711,0.08642071485519409,0.09749378450214863,0.009553443,0.8333333,1.0,1.0,0.38924947,1.3657515e-13,1.5109158566753607e-13,1.7045092008845242e-13,6.479985e-14,1.748326e-12,1.7483259848530275e-12,1.7483259848530275e-12,0.0,-27.443163,-28.252151489257812,-26.55497646331787,0.89608073,2.29774,2.2243069410324097,2.3395023941993713,0.10179837,0.7659133,0.7414356768131256,0.7798341512680054,0.033932786,0.16666667,0.14000000804662704,0.19200000166893005,0.045489926,0.0006666667,0.0,0.0,0.0023094013,0.16252887,0.15090163052082062,0.1720314510166645,0.018098207,23.16034,23.16033935546875,23.16033935546875,0.0,23.180338,23.180339813232422,23.180339813232422,0.0,3712000.0,3712000.0,3712000.0,0.0
1160,0.0,0.0,0.0,0.0,1.0,1.0,1.0,0.0,0.51272076,0.5119045525789261,0.5147665441036224,0.0030545865,0.51272076,0.5119045525789261,0.5147665441036224,0.0030545865,1.0373994,1.0085257142782211,1.0747598111629486,0.04215502,0.09215345,0.08418617025017738,0.09806269966065884,0.009205766,0.09215345,0.08418617025017738,0.09806269966065884,0.009205766,1.0,1.0,1.0,0.0,1.5792393e-13,1.4427035141626604e-13,1.6805064555636823e-13,1.5775977e-14,1.7137061e-12,1.7137061084429583e-12,1.7137061084429583e-12,0.0,-27.36912,-28.254252433776855,-26.76244878768921,0.8428597,2.282324,2.218800902366638,2.364518880844116,0.0927429,0.7607748,0.7396003305912018,0.7881729602813721,0.030914295,0.16200002,0.13200000673532486,0.1860000118613243,0.033270244,0.0006666667,0.0,0.0,0.0023094013,0.16439144,0.146649818867445,0.17548011243343353,0.023039935,23.180338,23.180339813232422,23.180339813232422,0.0,23.20034,23.200340270996094,23.200340270996094,0.0,3715200.0,3715200.0,3715200.0,0.0
1161,0.0,0.0,0.0,0.0,1.0,1.0,1.0,0.0,0.51272076,0.5119045525789261,0.5147665441036224,0.0030545865,0.51272076,0.5119045525789261,0.5147665441036224,0.0030545865,1.0278846,1.0080557465553284,1.040647804737091,0.030462962,0.08738786,0.09107974916696548,0.09816410578787327,0.02785226,0.09398716,0.09107974916696548,0.09816410578787327,0.006332907,0.9166667,1.0,1.0,0.28867513,1.4679165e-13,1.5299318479851734e-13,1.6489328619976457e-13,4.6785435e-14,1.6797717e-12,1.6797716646463345e-12,1.6797716646463345e-12,0.0,-27.123535,-27.408222198486328,-26.684702396392822,0.5243179,2.2613912,2.2177670001983643,2.289470851421356,0.06701985,0.75379705,0.7392556816339493,0.7631569653749466,0.022339957,0.15133335,0.12800000607967377,0.16600001230835915,0.0421196,0.0006666667,0.0,0.0,0.0023094013,0.15553908,0.14242956787347794,0.16525224968791008,0.015243876,23.20034,23.200340270996094,23.200340270996094,0.0,23.220343,23.220340728759766,23.220340728759766,0.0,3718400.0,3718400.0,3718400.0,0.0
1162,0.0,0.0,0.0,0.0,1.0,1.0,1.0,0.0,0.51272076,0.5119045525789261,0.5147665441036224,0.0030545865,0.51272076,0.5119045525789261,0.5147665441036224,0.0030545865,1.0439161,1.03456649184227,1.0548507273197174,0.023213768,0.09050215,0.08813835680484772,0.0923531074076891,0.004920411,0.09050215,0.08813835680484772,0.0923531074076891,0.004920411,1.0,1.0,1.0,0.0,1.4901262e-13,1.451206030887199e-13,1.5206023221722535e-13,8.1015e-15,1.646509e-12,1.646509100936e-12,1.646509100936e-12,0.0,-27.230547,-27.458123683929443,-26.84219264984131,0.60602885,2.2966611,2.2760918140411377,2.320717990398407,0.051071323,0.7655537,0.7586973011493683,0.7735726833343506,0.01702378,0.14733334,0.12600000575184822,0.15000000968575478,0.05155991,0.0,0.0,0.0,0.0,0.16025849,0.15449509024620056,0.1676045097410679,0.012822889,23.220343,23.220340728759766,23.220340728759766,0.0,23.240341,23.240341186523438,23.240341186523438,0.0,3721600.0,3721600.0,3721600.0,0.0
1163,0.0,0.0,0.0,0.0,1.0,1.0,1.0,0.0,0.51272076,0.5119045525789261,0.5147665441036224,0.0030545865,0.51272076,0.5119045525789261,0.5147665441036224,0.0030545865,1.0468972,1.0245080888271332,1.0568581819534302,0.040229473,0.0841153,0.08773025311529636,0.09451987966895103,0.027074834,0.09010788,0.08773025311529636,0.09451987966895103,0.008012169,0.9166667,1.0,1.0,0.28867513,1.357541e-13,1.415883164564754e-13,1.525461241970883e-13,4.3696217e-14,1.6139052e-12,1.6139051900454504e-12,1.6139051900454504e-12,0.0,-27.711288,-28.09841012954712,-27.227449893951416,0.7768976,2.3032196,2.253962814807892,2.3251344561576843,0.08850661,0.76773995,0.7513209730386734,0.775044858455658,0.029502196,0.142,0.12800000607967377,0.1640000119805336,0.02836131,0.0,0.0,0.0,0.0,0.15932523,0.15000447630882263,0.16535363346338272,0.015682558,23.240341,23.240341186523438,23.240341186523438,0.0,23.26034,23.26034164428711,23.26034164428711,0.0,3724800.0,3724800.0,3724800.0,0.0
1164,0.0,0.0,0.0,0.0,1.0,1.0,1.0,0.0,0.51272076,0.5119045525789261,0.5147665441036224,0.0030545865,0.51272076,0.5119045525789261,0.5147665441036224,0.0030545865,1.0387903,1.0210862755775452,1.0495395064353943,0.03261371,0.08512803,0.08926401287317276,0.09526440501213074,0.027316608,0.09168669,0.08926401287317276,0.09526440501213074,0.006650109,0.9166667,1.0,1.0,0.28867513,1.3466803e-13,1.4121094633781466e-13,1.507032447781425e-13,4.3213425e-14,1.5819469e-12,1.5819470299688332e-12,1.5819470299688332e-12,0.0,-27.295153,-27.763392448425293,-26.88773775100708,0.5232362,2.2853844,2.2464346289634705,2.309032917022705,0.0717516,0.76179487,0.7488115727901459,0.7696776688098907,0.0239172,0.15933333,0.15800001099705696,0.17600001394748688,0.033328485,0.0,0.0,0.0,0.0,0.1625687,0.14772534370422363,0.17210693284869194,0.022981526,23.26034,23.26034164428711,23.26034164428711,0.0,23.280342,23.28034210205078,23.28034210205078,0.0,3728000.0,3728000.0,3728000.0,0.0
1165,0.0,0.0,0.0,0.0,1.0,1.0,1.0,0.0,0.51272076,0.5119045525789261,0.5147665441036224,0.0030545865,0.51272076,0.5119045525789261,0.5147665441036224,0.0030545865,1.0426179,1.0328385829925537,1.0485020279884338,0.019248994,0.09073388,0.08944055438041687,0.09271805919706821,0.0039681317,0.09073388,0.08944055438041687,0.09271805919706821,0.0039681317,1.0,1.0,1.0,0.0,1.4069392e-13,1.3868847883275956e-13,1.4377064941123105e-13,6.1530705e-15,1.5506219e-12,1.550621827120513e-12,1.550621827120513e-12,0.0,-27.36004,-27.64621877670288,-27.1762638092041,0.44209865,2.2938054,2.272290289402008,2.306750476360321,0.04234861,0.76460177,0.7574301362037659,0.7689168602228165,0.014116195,0.156,0.1420000083744526,0.17000001296401024,0.02760764,0.0,0.0,0.0,0.0,0.16226125,0.14517772570252419,0.17803319171071053,0.021879252,23.280342,23.28034210205078,23.28034210205078,0.0,23.300344,23.300342559814453,23.300342559814453,0.0,3731200.0,3731200.0,3731200.0,0.0
1166,0.0,0.0,0.0,0.0,1.0,1.0,1.0,0.0,0.51272076,0.5119045525789261,0.5147665441036224,0.0030545865,0.51272076,0.5119045525789261,0.5147665441036224,0.0030545865,1.032594,1.0072038173675537,1.056391566991806,0.037609294,0.093090266,0.08782345801591873,0.09836093336343765,0.008110159,0.093090266,0.08782345801591873,0.09836093336343765,0.008110159,1.0,1.0,1.0,0.0,1.4148944e-13,1.3348433889801524e-13,1.4950041733545992e-13,1.23267654e-14,1.5199167e-12,1.5199166794946373e-12,1.5199166794946373e-12,0.0,-27.465761,-27.887699604034424,-27.15601396560669,0.49144283,2.271752,2.2158925533294678,2.324107825756073,0.08274208,0.7572507,0.7386308908462524,0.7747026234865189,0.027580699,0.18266667,0.16600001230835915,0.20200000330805779,0.039018255,0.0026666669,0.0,0.00800000037997961,0.003938928,0.16310994,0.1426842026412487,0.18276167288422585,0.029308204,23.300344,23.300342559814453,23.300342559814453,0.0,23.320343,23.320343017578125,23.320343017578125,0.0,3734400.0,3734400.0,3734400.0,0.0
1167,0.0,0.0,0.0,0.0,1.0,1.0,1.0,0.0,0.51272076,0.5119045525789261,0.5147665441036224,0.0030545865,0.51272076,0.5119045525789261,0.5147665441036224,0.0030545865,1.0249949,1.0096748173236847,1.0553424656391144,0.033516526,0.09466663,0.08803647384047508,0.09780324622988701,0.00736705,0.09466663,0.08803647384047508,0.09780324622988701,0.00736705,1.0,1.0,1.0,0.0,1.4103622e-13,1.3115847790441323e-13,1.457092096718987e-13,1.0975575e-14,1.4898199e-12,1.489819769287526e-12,1.489819769287526e-12,0.0,-27.161642,-27.58479404449463,-26.75547981262207,0.6073035,2.2550337,2.2213290333747864,2.3217996954917908,0.073737815,0.75167793,0.7404430359601974,0.7739332318305969,0.024579268,0.14333333,0.12000000476837158,0.16600001230835915,0.03999394,0.0,0.0,0.0,0.0,0.15193443,0.14095569774508476,0.16092205420136452,0.01757906,23.320343,23.320343017578125,23.320343017578125,0.0,23.340342,23.340343475341797,23.340343475341797,0.0,3737600.0,3737600.0,3737600.0,0.0
1168,0.0,0.0,0.0,0.0,1.0,1.0,1.0,0.0,0.51272076,0.5119045525789261,0.5147665441036224,0.0030545865,0.51272076,0.5119045525789261,0.5147665441036224,0.0030545865,1.0444018,1.0232672095298767,1.0631657838821411,0.029466977,0.09047285,0.08646753616631031,0.09478417225182056,0.006178387,0.09047285,0.08646753616631031,0.09478417225182056,0.006178387,1.0,1.0,1.0,0.0,1.3211918e-13,1.2627015250998679e-13,1.3841509725496734e-13,9.022415e-15,1.4603185e-12,1.4603186281741953e-12,1.4603186281741953e-12,0.0,-27.398352,-27.736501216888428,-27.104443550109863,0.736657,2.2977297,2.2512328028678894,2.3390113711357117,0.06482862,0.7659099,0.7504109442234039,0.779670462012291,0.021609535,0.15466668,0.13200000673532486,0.18400001525878906,0.035009958,0.0006666667,0.0,0.0,0.0023094013,0.16043384,0.1465279646217823,0.16437485441565514,0.019704843,23.340342,23.340343475341797,23.340343475341797,0.0,23.360344,23.36034393310547,23.36034393310547,0.0,3740800.0,3740800.0,3740800.0,0.0
1169,0.0,0.0,0.0,0.0,1.0,1.0,1.0,0.0,0.51272076,0.5119045525789261,0.5147665441036224,0.0030545865,0.51272076,0.5119045525789261,0.5147665441036224,0.0030545865,1.0382545,1.0282978117465973,1.059737116098404,0.037267882,0.091891974,0.08714932017028332,0.09371347911655903,0.008435421,0.091891974,0.08714932017028332,0.09371347911655903,0.008435421,1.0,1.0,1.0,0.0,1.3153434e-13,1.2474568294030923e-13,1.34141629688821e-13,1.2074477e-14,1.4314015e-12,1.4314016551914e-12,1.4314016551914e-12,0.0,-27.33593,-27.82076644897461,-26.867865562438965,0.7462048,2.2842057,2.2623003721237183,2.3314682245254517,0.08199099,0.7614019,0.7541001588106155,0.7771560847759247,0.027330335,0.15133335,0.13600000739097595,0.16200001165270805,0.036494914,0.0,0.0,0.0,0.0,0.1604803,0.15448738634586334,0.16698844358325005,0.010882365,23.360344,23.36034393310547,23.36034393310547,0.0,23.380346,23.38034439086914,23.38034439086914,0.0,3744000.0,3744000.0,3744000.0,0.0
1170,0.0,0.0,0.0,0.0,1.0,1.0,1.0,0.0,0.51272076,0.5119045525789261,0.5147665441036224,0.0030545865,0.51272076,0.5119045525789261,0.5147665441036224,0.0030545865,1.0274545,0.982171356678009,1.0598168075084686,0.043556906,0.09430664,0.0871333908289671,0.10419095493853092,0.00942175,0.09430664,0.0871333908289671,0.10419095493853092,0.00942175,1.0,1.0,1.0,0.0,1.3231762e-13,1.222531461914783e-13,1.4618588932142733e-13,1.3219258e-14,1.4030574e-12,1.4030573577961114e-12,1.4030573577961114e-12,0.0,-27.106462,-27.41215753555298,-26.61992359161377,0.6920942,2.260445,2.160820186138153,2.3316436409950256,0.09582711,0.7534817,0.7202734351158142,0.7772145867347717,0.031942368,0.145,0.10999999940395355,0.17249999940395355,0.039196476,0.0,0.0,0.0,0.0,0.14905427,0.1321662813425064,0.16118889674544334,0.020836674,23.380346,23.38034439086914,23.38034439086914,0.0,23.400345,23.400344848632812,23.400344848632812,0.0,3747200.0,3747200.0,3747200.0,0.0
1171,0.0,0.0,0.0,0.0,1.0,1.0,1.0,0.0,0.51272076,0.5119045525789261,0.5147665441036224,0.0030545865,0.51272076,0.5119045525789261,0.5147665441036224,0.0030545865,1.04344,1.0241090059280396,1.0599321126937866,0.036266107,0.08430749,0.08710999228060246,0.09464195370674133,0.027315356,0.09077272,0.08710999228060246,0.09464195370674133,0.00764731,0.9166667,1.0,1.0,0.28867513,1.1594592e-13,1.1980013199996628e-13,1.3015865037786963e-13,3.7566108e-14,1.3752744e-12,1.3752743518655186e-12,1.3752743518655186e-12,0.0,-27.639275,-27.9450740814209,-27.319793224334717,0.52669275,2.2956135,2.2530848383903503,2.3318971395492554,0.07978699,0.7652046,0.7510283142328262,0.7772990465164185,0.026595669,0.14933334,0.12800000607967377,0.17200001329183578,0.040553745,0.0006666667,0.0,0.0,0.0023094013,0.16608132,0.1498880796134472,0.1673661507666111,0.028393453,23.400345,23.400344848632812,23.400344848632812,0.0,23.420343,23.420345306396484,23.420345306396484,0.0,3750400.0,3750400.0,3750400.0,0.0
1172,0.0,0.0,0.0,0.0,1.0,1.0,1.0,0.0,0.51272076,0.5119045525789261,0.5147665441036224,0.0030545865,0.51272076,0.5119045525789261,0.5147665441036224,0.0030545865,1.0397153,1.021408498287201,1.0587789714336395,0.039680645,0.08503291,0.0873499047011137,0.09519555233418941,0.02780775,0.09161368,0.0873499047011137,0.09519555233418941,0.008487819,0.9166667,1.0,1.0,0.28867513,1.1462788e-13,1.1775129821396148e-13,1.2832755149315422e-13,3.7486e-14,1.3480415e-12,1.348041470117245e-12,1.348041470117245e-12,0.0,-27.501244,-27.856396675109863,-27.088937282562256,0.788213,2.2874193,2.2471436262130737,2.32936030626297,0.08729915,0.7624731,0.7490479052066803,0.77645343542099,0.029099712,0.168,0.15000000968575478,0.19200000166893005,0.03031951,0.0,0.0,0.0,0.0,0.15830463,0.1506987325847149,0.16346294432878494,0.01882437,23.420343,23.420345306396484,23.420345306396484,0.0,23.440346,23.440345764160156,23.440345764160156,0.0,3753600.0,3753600.0,3753600.0,0.0
1173,0.0,0.0,0.0,0.0,1.0,1.0,1.0,0.0,0.51272076,0.5119045525789261,0.5147665441036224,0.0030545865,0.51272076,0.5119045525789261,0.5147665441036224,0.0030545865,1.0403587,1.0227873623371124,1.0502685010433197,0.047723398,0.085813574,0.08907015435397625,0.09494620747864246,0.027824854,0.09161425,0.08907015435397625,0.09494620747864246,0.009588453,0.9166667,1.0,1.0,0.28867513,1.13389577e-13,1.1769265981708896e-13,1.2545696361117298e-13,3.6766312e-14,1.3213479e-12,1.3213478705295656e-12,1.3213478705295656e-12,0.0,-27.265055,-27.496816635131836,-26.600337028503418,0.9742371,2.2888348,2.2501771450042725,2.310636818408966,0.10499359,0.762945,0.7500590682029724,0.7702123075723648,0.03499786,0.14466667,0.12600000575184822,0.16200000792741776,0.03820836,0.0,0.0,0.0,0.0,0.16312581,0.14985892176628113,0.1748964972794056,0.020308105,23.440346,23.440345764160156,23.440345764160156,0.0,23.460348,23.460346221923828,23.460346221923828,0.0,3756800.0,3756800.0,3756800.0,0.0
1174,0.0,0.0,0.0,0.0,1.0,1.0,1.0,0.0,0.51272076,0.5119045525789261,0.5147665441036224,0.0030545865,0.51272076,0.5119045525789261,0.5147665441036224,0.0030545865,1.0443598,1.0318791568279266,1.0560508072376251,0.02383718,0.09041437,0.08789451979100704,0.09292563423514366,0.0049350923,0.09041437,0.08789451979100704,0.09292563423514366,0.0049350923,1.0,1.0,1.0,0.0,1.1710312e-13,1.1383947305871125e-13,1.2035568396941143e-13,6.3918466e-15,1.2951828e-12,1.295182819500973e-12,1.295182819500973e-12,0.0,-27.441458,-27.66948127746582,-27.10767412185669,0.6793249,2.2976375,2.270179569721222,2.323358178138733,0.052442834,0.76587915,0.7567265629768372,0.774452731013298,0.017480932,0.15066667,0.12600000575184822,0.17800001427531242,0.026164982,0.0,0.0,0.0,0.0,0.15888368,0.14972643181681633,0.15965699031949043,0.018236319,23.460348,23.460346221923828,23.460346221923828,0.0,23.480347,23.4803466796875,23.4803466796875,0.0,3760000.0,3760000.0,3760000.0,0.0
1175,0.0,0.0,0.0,0.0,1.0,1.0,1.0,0.0,0.51272076,0.5119045525789261,0.5147665441036224,0.0030545865,0.51272076,0.5119045525789261,0.5147665441036224,0.0030545865,1.0554816,1.0348504185676575,1.0726887881755829,0.023707815,0.08812895,0.08458858542144299,0.09228955954313278,0.004895924,0.08812895,0.08458858542144299,0.09228955954313278,0.004895924,1.0,1.0,1.0,0.0,1.1188288e-13,1.073882549860539e-13,1.1716492102149985e-13,6.215552e-15,1.269536e-12,1.2695360171108283e-12,1.2695360171108283e-12,0.0,-27.74704,-28.243793964385986,-27.17579174041748,0.64845717,2.3221056,2.2767163515090942,2.3599623441696167,0.05215822,0.7740352,0.7589054554700851,0.7866541147232056,0.017386075,0.15533334,0.14000000804662704,0.17000001296401024,0.024706766,0.0006666667,0.0,0.0,0.0023094013,0.16591164,0.15154090896248817,0.18408379703760147,0.020839378,23.480347,23.4803466796875,23.4803466796875,0.0,23.500345,23.500347137451172,23.500347137451172,0.0,3763200.0,3763200.0,3763200.0,0.0
1176,0.0,0.0,0.0,0.0,1.0,1.0,1.0,0.0,0.51272076,0.5119045525789261,0.5147665441036224,0.0030545865,0.51272076,0.5119045525789261,0.5147665441036224,0.0030545865,1.0455327,1.0302169919013977,1.0859830379486084,0.043769408,0.08388823,0.08203837089240551,0.09330911003053188,0.027792642,0.09047368,0.08203837089240551,0.09330911003053188,0.009355282,0.9166667,1.0,1.0,0.28867513,1.0439024e-13,1.0208828004959133e-13,1.161135532341817e-13,3.4585074e-14,1.2443966e-12,1.2443967297576242e-12,1.2443967297576242e-12,0.0,-27.717896,-28.449692726135254,-27.283220767974854,1.0317689,2.3002179,2.2665226459503174,2.3892104029655457,0.0962946,0.76673937,0.7555075585842133,0.7964034676551819,0.032098193,0.154,0.1420000083744526,0.17000001296401024,0.031840514,0.0006666667,0.0,0.0,0.0023094013,0.16787623,0.15344686433672905,0.17806722968816757,0.015651118,23.500345,23.500347137451172,23.500347137451172,0.0,23.520348,23.520347595214844,23.520347595214844,0.0,3766400.0,3766400.0,3766400.0,0.0
1177,0.0,0.0,0.0,0.0,1.0,1.0,1.0,0.0,0.51272076,0.5119045525789261,0.5147665441036224,0.0030545865,0.51272076,0.5119045525789261,0.5147665441036224,0.0030545865,1.0444437,1.0261562764644623,1.0707849264144897,0.03640776,0.09056571,0.08496775478124619,0.0941559448838234,0.007669045,0.09056571,0.08496775478124619,0.0941559448838234,0.007669045,1.0,1.0,1.0,0.0,1.10468024e-13,1.0363988686083302e-13,1.1484723220177295e-13,9.354361e-15,1.2197555e-12,1.2197555248824599e-12,1.2197555248824599e-12,0.0,-27.372835,-28.106324672698975,-26.822489738464355,0.92134964,2.2978222,2.2575889229774475,2.3557738661766052,0.08009869,0.7659407,0.7525296807289124,0.7852579653263092,0.02669956,0.14866668,0.1340000070631504,0.17000001296401024,0.027808873,0.0,0.0,0.0,0.0,0.15528858,0.14788657426834106,0.15592624619603157,0.015266798,23.520348,23.520347595214844,23.520347595214844,0.0,23.54035,23.540348052978516,23.540348052978516,0.0,3769600.0,3769600.0,3769600.0,0.0
1178,0.0,0.0,0.0,0.0,1.0,1.0,1.0,0.0,0.51272076,0.5119045525789261,0.5147665441036224,0.0030545865,0.51272076,0.5119045525789261,0.5147665441036224,0.0030545865,1.019539,1.0027699172496796,1.0402183532714844,0.03609605,0.09590728,0.09117729403078556,0.09936480037868023,0.008120138,0.09590728,0.09117729403078556,0.09936480037868023,0.008120138,1.0,1.0,1.0,0.0,1.1466696e-13,1.0901177489451748e-13,1.1880077203560956e-13,9.708455e-15,1.1956022e-12,1.195602210984914e-12,1.195602210984914e-12,0.0,-27.023642,-27.552338123321533,-26.722030639648438,0.79878294,2.2430308,2.206137955188751,2.2885260581970215,0.0794129,0.7476769,0.7353793531656265,0.762842059135437,0.026470967,0.16866668,0.13200000673532486,0.2160000056028366,0.056099482,0.0,0.0,0.0,0.0,0.15740804,0.1473809778690338,0.1652618944644928,0.01747617,23.54035,23.540348052978516,23.540348052978516,0.0,23.560349,23.560348510742188,23.560348510742188,0.0,3772800.0,3772800.0,3772800.0,0.0
1179,0.0,0.0,0.0,0.0,1.0,1.0,1.0,0.0,0.51272076,0.5119045525789261,0.5147665441036224,0.0030545865,0.51272076,0.5119045525789261,0.5147665441036224,0.0030545865,1.0142483,1.0047836005687714,1.0295950770378113,0.026313292,0.09693644,0.09341396205127239,0.09890524856746197,0.005935935,0.09693644,0.09341396205127239,0.09890524856746197,0.005935935,1.0,1.0,1.0,0.0,1.13602466e-13,1.0947436499800147e-13,1.1590975371894054e-13,6.956484e-15,1.1719272e-12,1.1719272470858688e-12,1.1719272470858688e-12,0.0,-27.081825,-27.437196254730225,-26.721726417541504,0.5554023,2.2313907,2.2105680108070374,2.2651543617248535,0.057890385,0.743797,0.7368560284376144,0.7550514936447144,0.019296795,0.16000001,0.14600000903010368,0.17200001329183578,0.032896534,0.0,0.0,0.0,0.0,0.15590417,0.14030903950333595,0.17085544764995575,0.019070739,23.560349,23.560348510742188,23.560348510742188,0.0,23.580347,23.58034896850586,23.58034896850586,0.0,3776000.0,3776000.0,3776000.0,0.0
1180,0.0,0.0,0.0,0.0,1.0,1.0,1.0,0.0,0.51272076,0.5119045525789261,0.5147665441036224,0.0030545865,0.51272076,0.5119045525789261,0.5147665441036224,0.0030545865,1.0404664,1.0171259343624115,1.0594981014728546,0.0365174,0.08486333,0.08719814196228981,0.09613742120563984,0.027503986,0.091398545,0.08719814196228981,0.09613742120563984,0.0076773055,0.9166667,1.0,1.0,0.28867513,9.7484277e-14,1.0016633349315112e-13,1.1043507146084319e-13,3.1594407e-14,1.148721e-12,1.148720983785989e-12,1.148720983785989e-12,0.0,-27.472895,-27.760939598083496,-27.154773235321045,0.6768518,2.2890718,2.2377217411994934,2.330942392349243,0.080339886,0.7630239,0.7459072470664978,0.7769808024168015,0.026779965,0.156,0.14000000804662704,0.17000001296401024,0.022755621,0.0,0.0,0.0,0.0,0.160607,0.15011756867170334,0.16752399876713753,0.016718367,23.580347,23.58034896850586,23.58034896850586,0.0,23.60035,23.60034942626953,23.60034942626953,0.0,3779200.0,3779200.0,3779200.0,0.0
1181,0.0,0.0,0.0,0.0,1.0,1.0,1.0,0.0,0.51272076,0.5119045525789261,0.5147665441036224,0.0030545865,0.51272076,0.5119045525789261,0.5147665441036224,0.0030545865,1.021186,0.9795574098825455,1.0580150783061981,0.039782643,0.09560707,0.08749626576900482,0.10481995530426502,0.008802513,0.09560707,0.08749626576900482,0.10481995530426502,0.008802513,1.0,1.0,1.0,0.0,1.0765109e-13,9.851853762041923e-14,1.1802456798340466e-13,9.911403e-15,1.1259742e-12,1.1259742053668087e-12,1.1259742053668087e-12,0.0,-27.346823,-28.092060089111328,-26.900219917297363,0.7649864,2.2466543,2.155069351196289,2.3276795744895935,0.08752354,0.74888474,0.7183564901351929,0.7758932113647461,0.029174505,0.14666668,0.12600000575184822,0.15800001099705696,0.041825034,0.0,0.0,0.0,0.0,0.15173222,0.1397433616220951,0.15471751987934113,0.022748457,23.60035,23.60034942626953,23.60034942626953,0.0,23.620352,23.620349884033203,23.620349884033203,0.0,3782400.0,3782400.0,3782400.0,0.0
1182,0.0,0.0,0.0,0.0,1.0,1.0,1.0,0.0,0.51272076,0.5119045525789261,0.5147665441036224,0.0030545865,0.51272076,0.5119045525789261,0.5147665441036224,0.0030545865,1.0377465,1.0097058415412903,1.066252887248993,0.03799225,0.08563628,0.08585135266184807,0.0977899357676506,0.027657293,0.09199297,0.08585135266184807,0.0977899357676506,0.00788127,0.9166667,1.0,1.0,0.28867513,9.451487e-14,9.475224458396856e-14,1.0792859424376636e-13,3.0524743e-14,1.1036779e-12,1.103677912950296e-12,1.103677912950296e-12,0.0,-27.457245,-27.656428337097168,-27.09403085708618,0.85125285,2.283088,2.2213971614837646,2.3458032608032227,0.08358463,0.7610293,0.7404657453298569,0.7819344401359558,0.027861543,0.15933333,0.15000000968575478,0.16600001230835915,0.027173962,0.0013333334,0.0,0.0,0.003113996,0.1592894,0.1471816748380661,0.16838455572724342,0.018298663,23.620352,23.620349884033203,23.620349884033203,0.0,23.64035,23.640350341796875,23.640350341796875,0.0,3785600.0,3785600.0,3785600.0,0.0
1183,0.0,0.0,0.0,0.0,1.0,1.0,1.0,0.0,0.51272076,0.5119045525789261,0.5147665441036224,0.0030545865,0.51272076,0.5119045525789261,0.5147665441036224,0.0030545865,1.0263208,0.9977872967720032,1.054946631193161,0.039277848,0.0944688,0.0881419088691473,0.10051159746944904,0.008398239,0.0944688,0.0881419088691473,0.10051159746944904,0.008398239,1.0,1.0,1.0,0.0,1.0219853e-13,9.535395476684139e-14,1.0873576751458877e-13,9.0854075e-15,1.0818231e-12,1.0818231076584195e-12,1.0818231076584195e-12,0.0,-27.05308,-27.796828746795654,-26.486083507537842,0.8472573,2.257951,2.195175886154175,2.320928931236267,0.08641298,0.7526503,0.7317253053188324,0.7736430019140244,0.028804323,0.14916666,0.13749999925494194,0.1524999924004078,0.032039277,0.0008333333,0.0,0.0,0.0028867512,0.1559764,0.14766181260347366,0.16981249302625656,0.016914906,23.64035,23.640350341796875,23.640350341796875,0.0,23.660349,23.660350799560547,23.660350799560547,0.0,3788800.0,3788800.0,3788800.0,0.0
1184,0.0,0.0,0.0,0.0,1.0,1.0,1.0,0.0,0.51272076,0.5119045525789261,0.5147665441036224,0.0030545865,0.51272076,0.5119045525789261,0.5147665441036224,0.0030545865,1.0428066,1.0291703939437866,1.052176058292389,0.023021495,0.09072872,0.08867968432605267,0.0935040283948183,0.004709327,0.09072872,0.08867968432605267,0.0935040283948183,0.004709327,1.0,1.0,1.0,0.0,9.620884e-14,9.403603756948358e-14,9.915177436958886e-14,4.993775e-15,1.0604011e-12,1.0604011158737991e-12,1.0604011158737991e-12,0.0,-27.464281,-27.691407680511475,-27.067726612091064,0.6940067,2.2942202,2.2642200589179993,2.3148335218429565,0.050648287,0.76474017,0.7547400444746017,0.771611213684082,0.016882762,0.14600001,0.1300000064074993,0.16600001230835915,0.030724587,0.0,0.0,0.0,0.0,0.15646672,0.1445608213543892,0.16176508367061615,0.017618526,23.660349,23.660350799560547,23.660350799560547,0.0,23.680351,23.68035125732422,23.68035125732422,0.0,3792000.0,3792000.0,3792000.0,0.0
1185,0.0,0.0,0.0,0.0,1.0,1.0,1.0,0.0,0.51272076,0.5119045525789261,0.5147665441036224,0.0030545865,0.51272076,0.5119045525789261,0.5147665441036224,0.0030545865,1.0459366,1.03143110871315,1.0586915910243988,0.019514406,0.0900464,0.08736420422792435,0.09301918745040894,0.0040619853,0.0900464,0.08736420422792435,0.09301918745040894,0.0040619853,1.0,1.0,1.0,0.0,9.359453e-14,9.080664822511131e-14,9.66844571797295e-14,4.2220417e-15,1.0394034e-12,1.0394033723992724e-12,1.0394033723992724e-12,0.0,-27.456,-27.781574249267578,-27.147613048553467,0.45061132,2.3011065,2.2691937685012817,2.3291680216789246,0.04293258,0.7670355,0.7563979625701904,0.7763893753290176,0.014310861,0.13333334,0.10400000214576721,0.15200001001358032,0.034843374,0.0006666667,0.0,0.0,0.0023094013,0.15391453,0.13818113133311272,0.1678055301308632,0.020488149,23.680351,23.68035125732422,23.68035125732422,0.0,23.700354,23.70035171508789,23.70035171508789,0.0,3795200.0,3795200.0,3795200.0,0.0
1186,0.0,0.0,0.0,0.0,1.0,1.0,1.0,0.0,0.51272076,0.5119045525789261,0.5147665441036224,0.0030545865,0.51272076,0.5119045525789261,0.5147665441036224,0.0030545865,1.0161558,1.0040897130966187,1.0331821739673615,0.027558014,0.09652919,0.09264419972896576,0.09908494912087917,0.0062762364,0.09652919,0.09264419972896576,0.09908494912087917,0.0062762364,1.0,1.0,1.0,0.0,9.8346e-14,9.438788489137765e-14,1.0094985591002029e-13,6.394363e-15,1.0188213e-12,1.0188213120376766e-12,1.0188213120376766e-12,0.0,-26.942284,-27.378711223602295,-26.619786262512207,0.7645781,2.2355874,2.209041476249695,2.2730462551116943,0.060628843,0.7451958,0.7363471984863281,0.7576820850372314,0.020209614,0.154,0.12400000542402267,0.18000001087784767,0.03891249,0.0006666667,0.0,0.0,0.0023094013,0.15394692,0.1442038081586361,0.16783490031957626,0.01716928,23.700354,23.70035171508789,23.70035171508789,0.0,23.720352,23.720352172851562,23.720352172851562,0.0,3798400.0,3798400.0,3798400.0,0.0
1187,0.0,0.0,0.0,0.0,1.0,1.0,1.0,0.0,0.51272076,0.5119045525789261,0.5147665441036224,0.0030545865,0.51272076,0.5119045525789261,0.5147665441036224,0.0030545865,1.040975,1.0195482075214386,1.066912055015564,0.03650739,0.08472383,0.08572118915617466,0.09560158662497997,0.027510552,0.09129398,0.08572118915617466,0.09560158662497997,0.0077670864,0.9166667,1.0,1.0,0.28867513,8.4609186e-14,8.560519338480978e-14,9.547221920100293e-14,2.7473326e-14,9.986468e-13,9.98646803272718e-13,9.98646803272718e-13,0.0,-27.379547,-27.69496774673462,-27.092594146728516,0.72055227,2.2901905,2.243050754070282,2.347253441810608,0.080317885,0.7633969,0.7476835995912552,0.7824178487062454,0.026772626,0.14666668,0.11600000411272049,0.17200001329183578,0.044258196,0.0,0.0,0.0,0.0,0.15700246,0.14654161036014557,0.16497408226132393,0.019794093,23.720352,23.720352172851562,23.720352172851562,0.0,23.74035,23.740352630615234,23.740352630615234,0.0,3801600.0,3801600.0,3801600.0,0.0
1188,0.0,0.0,0.0,0.0,1.0,1.0,1.0,0.0,0.51272076,0.5119045525789261,0.5147665441036224,0.0030545865,0.51272076,0.5119045525789261,0.5147665441036224,0.0030545865,1.0324984,1.00568687915802,1.049530267715454,0.032578696,0.09302739,0.08925548568367958,0.098699189722538,0.0068803015,0.09302739,0.08925548568367958,0.098699189722538,0.0068803015,1.0,1.0,1.0,0.0,9.1061897e-14,8.736967990448721e-14,9.661385867764175e-14,6.734933e-15,9.788718e-13,9.788718230083204e-13,9.788718230083204e-13,0.0,-27.421198,-27.876547813415527,-26.93119239807129,0.48923036,2.2715418,2.2125553488731384,2.3090126514434814,0.071674556,0.75718063,0.7375184893608093,0.7696709185838699,0.023891509,0.158,0.1340000070631504,0.17800001427531242,0.030724585,0.0,0.0,0.0,0.0,0.15539517,0.14098075404763222,0.16435760259628296,0.021922635,23.74035,23.740352630615234,23.740352630615234,0.0,23.760353,23.760353088378906,23.760353088378906,0.0,3804800.0,3804800.0,3804800.0,0.0
1189,0.0,0.0,0.0,0.0,1.0,1.0,1.0,0.0,0.51272076,0.5119045525789261,0.5147665441036224,0.0030545865,0.51272076,0.5119045525789261,0.5147665441036224,0.0030545865,1.0298628,1.013048231601715,1.0493459403514862,0.037765503,0.08713702,0.08926018886268139,0.09705475717782974,0.028231183,0.093679376,0.08926018886268139,0.09705475717782974,0.008174031,0.9166667,1.0,1.0,0.28867513,8.360697e-14,8.56441213249997e-14,9.31229174176186e-14,2.7087494e-14,9.594885e-13,9.594884565686246e-13,9.594884565686246e-13,0.0,-27.263952,-27.74334192276001,-26.820104598999023,0.82255673,2.2657435,2.2287505865097046,2.3086071014404297,0.08308576,0.75524783,0.7429168671369553,0.7695357203483582,0.02769525,0.14466667,0.12800000607967377,0.16200001165270805,0.03435995,0.0,0.0,0.0,0.0,0.15957503,0.14825446158647537,0.16228395700454712,0.021703364,23.760353,23.760353088378906,23.760353088378906,0.0,23.780355,23.780353546142578,23.780353546142578,0.0,3808000.0,3808000.0,3808000.0,0.0
1190,0.0,0.0,0.0,0.0,1.0,1.0,1.0,0.0,0.51272076,0.5119045525789261,0.5147665441036224,0.0030545865,0.51272076,0.5119045525789261,0.5147665441036224,0.0030545865,1.0383149,1.0136488378047943,1.0621425807476044,0.039320897,0.09190325,0.08666939474642277,0.09690891578793526,0.00843655,0.09190325,0.08666939474642277,0.09690891578793526,0.00843655,1.0,1.0,1.0,0.0,8.643398e-14,8.151160173534237e-14,9.114175817596763e-14,7.934483e-15,9.404889e-13,9.404888976979886e-13,9.404888976979886e-13,0.0,-27.241943,-28.01129674911499,-26.594462871551514,0.8721454,2.2843385,2.2300719618797302,2.3367602825164795,0.08650768,0.7614462,0.7433573454618454,0.7789200991392136,0.028835898,0.128,0.11000000312924385,0.14400000870227814,0.034112114,0.0,0.0,0.0,0.0,0.1551856,0.13927843794226646,0.16870298981666565,0.021794036,23.780355,23.780353546142578,23.780353546142578,0.0,23.800354,23.80035400390625,23.80035400390625,0.0,3811200.0,3811200.0,3811200.0,0.0
1191,0.0,0.0,0.0,0.0,1.0,1.0,1.0,0.0,0.51272076,0.5119045525789261,0.5147665441036224,0.0030545865,0.51272076,0.5119045525789261,0.5147665441036224,0.0030545865,1.0417163,1.0222404897212982,1.0562135577201843,0.023485994,0.090962976,0.08786044828593731,0.09500953555107117,0.0049055754,0.090962976,0.08786044828593731,0.09500953555107117,0.0049055754,1.0,1.0,1.0,0.0,8.385563e-14,8.099552150123927e-14,8.758601889547954e-14,4.5222814e-15,9.218656e-13,9.21865556981205e-13,9.21865556981205e-13,0.0,-27.301775,-27.675947666168213,-27.02438449859619,0.5082143,2.2918217,2.248974025249481,2.3237162232398987,0.051670164,0.7639406,0.7496580481529236,0.7745720744132996,0.017223379,0.16400002,0.1420000083744526,0.18400001525878906,0.03245136,0.0013333334,0.0,0.0,0.003113996,0.1547014,0.13467278331518173,0.16430064663290977,0.022507846,23.800354,23.80035400390625,23.80035400390625,0.0,23.820353,23.820354461669922,23.820354461669922,0.0,3814400.0,3814400.0,3814400.0,0.0
1192,0.0,0.0,0.0,0.0,1.0,1.0,1.0,0.0,0.51272076,0.5119045525789261,0.5147665441036224,0.0030545865,0.51272076,0.5119045525789261,0.5147665441036224,0.0030545865,1.0195469,0.9936034828424454,1.0396150052547455,0.033707123,0.09585682,0.09128246642649174,0.10148419626057148,0.007177014,0.09585682,0.09128246642649174,0.10148419626057148,0.007177014,1.0,1.0,1.0,0.0,8.6617284e-14,8.24838430928598e-14,9.170223818309991e-14,6.485229e-15,9.03611e-13,9.036110076333925e-13,9.036110076333925e-13,0.0,-27.306723,-27.598185062408447,-26.813112258911133,0.87339926,2.243048,2.185971260070801,2.2871987223625183,0.07415713,0.74768263,0.7286571115255356,0.7623995989561081,0.024719043,0.14466667,0.12400000542402267,0.15800001099705696,0.030787643,0.0,0.0,0.0,0.0,0.14999624,0.1382327415049076,0.16537217795848846,0.019765249,23.820353,23.820354461669922,23.820354461669922,0.0,23.840355,23.840354919433594,23.840354919433594,0.0,3817600.0,3817600.0,3817600.0,0.0
1193,0.0,0.0,0.0,0.0,1.0,1.0,1.0,0.0,0.51272076,0.5119045525789261,0.5147665441036224,0.0030545865,0.51272076,0.5119045525789261,0.5147665441036224,0.0030545865,1.038337,1.0172556340694427,1.0637202560901642,0.029884698,0.091750085,0.08635363914072514,0.09610861726105213,0.0063258107,0.091750085,0.08635363914072514,0.09610861726105213,0.0063258107,1.0,1.0,1.0,0.0,8.126469e-14,7.648496263689287e-14,8.512512052129446e-14,5.6028832e-15,8.857179e-13,8.85717877079778e-13,8.85717877079778e-13,0.0,-27.29248,-27.774346351623535,-26.444876194000244,0.8217203,2.2843869,2.238007068634033,2.3402312994003296,0.065747686,0.7614624,0.7460023760795593,0.7800771296024323,0.021915896,0.15,0.12800000607967377,0.17600001394748688,0.036281727,0.0,0.0,0.0,0.0,0.16302252,0.1472431756556034,0.17291539907455444,0.021026915,23.840355,23.840354919433594,23.840354919433594,0.0,23.860357,23.860355377197266,23.860355377197266,0.0,3820800.0,3820800.0,3820800.0,0.0
1194,0.0,0.0,0.0,0.0,1.0,1.0,1.0,0.0,0.51272076,0.5119045525789261,0.5147665441036224,0.0030545865,0.51272076,0.5119045525789261,0.5147665441036224,0.0030545865,1.0482246,1.0416672825813293,1.0656199157238007,0.023690013,0.08961442,0.08597655594348907,0.0908613819628954,0.005018459,0.08961442,0.08597655594348907,0.0908613819628954,0.005018459,1.0,1.0,1.0,0.0,7.7801365e-14,7.464304375330924e-14,7.888394798483134e-14,4.356922e-15,8.6817906e-13,8.681790637961317e-13,8.681790637961317e-13,0.0,-27.456762,-27.74717617034912,-27.20691156387329,0.5770767,2.3061402,2.291713833808899,2.344410538673401,0.05211903,0.7687135,0.7639046162366867,0.7814702093601227,0.017373018,0.158,0.1420000083744526,0.17000001296401024,0.031287525,0.0,0.0,0.0,0.0,0.15803294,0.14890384674072266,0.16494261473417282,0.017215364,23.860357,23.860355377197266,23.860355377197266,0.0,23.880356,23.880355834960938,23.880355834960938,0.0,3824000.0,3824000.0,3824000.0,0.0
1195,0.0,0.0,0.0,0.0,1.0,1.0,1.0,0.0,0.51272076,0.5119045525789261,0.5147665441036224,0.0030545865,0.51272076,0.5119045525789261,0.5147665441036224,0.0030545865,1.0262293,1.0075350403785706,1.044215589761734,0.02655143,0.09430229,0.0903203897178173,0.09828577935695648,0.0058544893,0.09430229,0.0903203897178173,0.09828577935695648,0.0058544893,1.0,1.0,1.0,0.0,8.025007e-14,7.686152638018782e-14,8.363997530322614e-14,4.982099e-15,8.509875e-13,8.509875746784412e-13,8.509875746784412e-13,0.0,-27.344788,-27.660768508911133,-27.171929836273193,0.50027627,2.2577496,2.2166212797164917,2.2973201274871826,0.058414318,0.7525832,0.7388737797737122,0.7657733857631683,0.019471446,0.148,0.11800000444054604,0.18000001087784767,0.037600774,0.0006666667,0.0,0.0,0.0023094013,0.14979276,0.13826530426740646,0.15948564931750298,0.015198599,23.880356,23.880355834960938,23.880355834960938,0.0,23.900354,23.90035629272461,23.90035629272461,0.0,3827200.0,3827200.0,3827200.0,0.0
1196,0.0,0.0,0.0,0.0,1.0,1.0,1.0,0.0,0.51272076,0.5119045525789261,0.5147665441036224,0.0030545865,0.51272076,0.5119045525789261,0.5147665441036224,0.0030545865,1.0451133,1.013026088476181,1.0703527927398682,0.047467962,0.078022934,0.08507775701582432,0.09704613126814365,0.03699704,0.09061723,0.08507775701582432,0.09704613126814365,0.009578431,0.8333333,1.0,1.0,0.38924947,6.508178e-14,7.096646844663174e-14,8.094972751197891e-14,3.0860585e-14,8.341366e-13,8.341365792530198e-13,8.341365792530198e-13,0.0,-27.551023,-27.901707649230957,-27.013854026794434,0.9764082,2.2992952,2.228701889514923,2.3548232316970825,0.104431644,0.76643175,0.7429006695747375,0.7849411070346832,0.03481055,0.15083332,0.13499999977648258,0.17999999225139618,0.033427894,0.0008333333,0.0,0.0,0.0028867512,0.15591864,0.1440480500459671,0.16594671085476875,0.021199502,23.900354,23.90035629272461,23.90035629272461,0.0,23.920357,23.92035675048828,23.92035675048828,0.0,3830400.0,3830400.0,3830400.0,0.0
1197,0.0,0.0,0.0,0.0,1.0,1.0,1.0,0.0,0.51272076,0.5119045525789261,0.5147665441036224,0.0030545865,0.51272076,0.5119045525789261,0.5147665441036224,0.0030545865,1.0338764,1.0183834433555603,1.0546961724758148,0.030103963,0.092702925,0.08816912025213242,0.09585551172494888,0.0065642004,0.092702925,0.08816912025213242,0.09585551172494888,0.0065642004,1.0,1.0,1.0,0.0,7.5795686e-14,7.208875830262348e-14,7.837329892598603e-14,5.367016e-15,8.1761914e-13,8.176191386259635e-13,8.176191386259635e-13,0.0,-27.379534,-27.688781261444092,-27.191567420959473,0.7400691,2.2745736,2.240488290786743,2.3203779458999634,0.06623006,0.75819117,0.7468294650316238,0.773459330201149,0.022076687,0.15266667,0.12400000542402267,0.18800001218914986,0.038662486,0.0,0.0,0.0,0.0,0.16655019,0.14921031519770622,0.1836036704480648,0.02039494,23.920357,23.92035675048828,23.92035675048828,0.0,23.94036,23.940357208251953,23.940357208251953,0.0,3833600.0,3833600.0,3833600.0,0.0
1198,0.0,0.0,0.0,0.0,1.0,1.0,1.0,0.0,0.51272076,0.5119045525789261,0.5147665441036224,0.0030545865,0.51272076,0.5119045525789261,0.5147665441036224,0.0030545865,1.0352901,1.0109001696109772,1.059411108493805,0.036059543,0.09248531,0.08721498213708401,0.09752153605222702,0.0076049217,0.09248531,0.08721498213708401,0.09752153605222702,0.0076049217,1.0,1.0,1.0,0.0,7.41204e-14,6.989660484787736e-14,7.815657368796976e-14,6.0948035e-15,8.0142886e-13,8.014288560044547e-13,8.014288560044547e-13,0.0,-27.310709,-27.89911651611328,-26.719958782196045,0.76396513,2.277684,2.2240248322486877,2.3307509422302246,0.07933259,0.759228,0.7413416504859924,0.7769169807434082,0.026444195,0.15933333,0.13200000673532486,0.20000000298023224,0.044274624,0.0,0.0,0.0,0.0,0.15268604,0.14120037853717804,0.15797651559114456,0.021528414,23.94036,23.940357208251953,23.940357208251953,0.0,23.960358,23.960357666015625,23.960357666015625,0.0,3836800.0,3836800.0,3836800.0,0.0
1199,0.0,0.0,0.0,0.0,1.0,1.0,1.0,0.0,0.51272076,0.5119045525789261,0.5147665441036224,0.0030545865,0.51272076,0.5119045525789261,0.5147665441036224,0.0030545865,1.0363013,1.00883087515831,1.0606448948383331,0.030973094,0.092194654,0.08696750365197659,0.09798725880682468,0.0065220846,0.092194654,0.08696750365197659,0.09798725880682468,0.0065220846,1.0,1.0,1.0,0.0,7.2424346e-14,6.831811321088982e-14,7.697478484963109e-14,5.1234833e-15,7.855591e-13,7.855591177552412e-13,7.855591177552412e-13,0.0,-27.170012,-27.433940410614014,-26.700071811676025,0.62873614,2.2799082,2.219472289085388,2.3334653973579407,0.06814215,0.7599695,0.7398241013288498,0.7778218239545822,0.022714058,0.15,0.12400000542402267,0.18000001087784767,0.048497424,0.0006666667,0.0,0.0,0.0023094013,0.15957983,0.1433696411550045,0.17381126806139946,0.021032859,23.960358,23.960357666015625,23.960357666015625,0.0,23.980356,23.980358123779297,23.980358123779297,0.0,3840000.0,3840000.0,3840000.0,0.0
1200,0.0,0.0,0.0,0.0,1.0,1.0,1.0,0.0,0.51272076,0.5119045525789261,0.5147665441036224,0.0030545865,0.51272076,0.5119045525789261,0.5147665441036224,0.0030545865,1.0435959,1.0128491520881653,1.0768520832061768,0.04407581,0.09088405,0.0837972816079855,0.09708471782505512,0.009460769,0.09088405,0.0837972816079855,0.09708471782505512,0.009460769,1.0,1.0,1.0,0.0,6.9981056e-14,6.452421537068813e-14,7.475559071507681e-14,7.284827e-15,7.700037e-13,7.700036897158313e-13,7.700036897158313e-13,0.0,-27.530563,-27.987680435180664,-27.228647232055664,0.66020954,2.2959569,2.2283125519752502,2.3691219091415405,0.096968725,0.76531893,0.7427708655595779,0.7897073179483414,0.03232291,0.15666668,0.1340000070631504,0.1680000126361847,0.037902586,0.0006666667,0.0,0.0,0.0023094013,0.162938,0.1525694653391838,0.17282407358288765,0.01816796,23.980356,23.980358123779297,23.980358123779297,0.0,24.000359,24.00035858154297,24.00035858154297,0.0,3843200.0,3843200.0,3843200.0,0.0
1201,0.0,0.0,0.0,0.0,1.0,1.0,1.0,0.0,0.51272076,0.5119045525789261,0.5147665441036224,0.0030545865,0.51272076,0.5119045525789261,0.5147665441036224,0.0030545865,1.0436198,1.025768667459488,1.061083972454071,0.026788509,0.09060053,0.08688707835972309,0.0942443497478962,0.005515378,0.09060053,0.08688707835972309,0.0942443497478962,0.005515378,1.0,1.0,1.0,0.0,6.838131e-14,6.557855793771702e-14,7.113150265200888e-14,4.1627663e-15,7.5475623e-13,7.547561750934073e-13,7.547561750934073e-13,0.0,-27.632517,-27.889063358306885,-27.258207321166992,0.61886483,2.2960093,2.2567362189292908,2.334431290626526,0.058935914,0.7653365,0.7522454410791397,0.7781437784433365,0.019645307,0.15666668,0.14000000804662704,0.17800001427531242,0.032800592,0.0,0.0,0.0,0.0,0.16473661,0.1561865098774433,0.17129480093717575,0.01314846,24.000359,24.00035858154297,24.00035858154297,0.0,24.02036,24.02035903930664,24.02035903930664,0.0,3846400.0,3846400.0,3846400.0,0.0
1202,0.0,0.0,0.0,0.0,1.0,1.0,1.0,0.0,0.51272076,0.5119045525789261,0.5147665441036224,0.0030545865,0.51272076,0.5119045525789261,0.5147665441036224,0.0030545865,1.050738,1.0478311777114868,1.0742005109786987,0.04326341,0.08284347,0.08429479040205479,0.0895713809877634,0.027555047,0.089396894,0.08429479040205479,0.0895713809877634,0.009493246,0.9166667,1.0,1.0,0.28867513,6.128848e-14,6.236217901941458e-14,6.6265859105844e-14,2.0385517e-14,7.398106e-13,7.398106107760205e-13,7.398106107760205e-13,0.0,-27.39208,-27.85620403289795,-27.28765630722046,0.8591104,2.3116696,2.3052746057510376,2.3632883429527283,0.095181406,0.7705566,0.7684248983860016,0.7877628058195114,0.03172714,0.16266668,0.1380000077188015,0.18200001120567322,0.047430974,0.0006666667,0.0,0.0,0.0023094013,0.15920371,0.14547749236226082,0.17198695242404938,0.022058275,24.02036,24.02035903930664,24.02035903930664,0.0,24.04036,24.040359497070312,24.040359497070312,0.0,3849600.0,3849600.0,3849600.0,0.0
1203,0.0,0.0,0.0,0.0,1.0,1.0,1.0,0.0,0.51272076,0.5119045525789261,0.5147665441036224,0.0030545865,0.51272076,0.5119045525789261,0.5147665441036224,0.0030545865,1.0298232,1.0118483304977417,1.0550990998744965,0.032830544,0.09360806,0.08808483928442001,0.09731519594788551,0.007069682,0.09360806,0.08808483928442001,0.09731519594788551,0.007069682,1.0,1.0,1.0,0.0,6.788092e-14,6.387569645308414e-14,7.056919135964464e-14,5.126659e-15,7.251611e-13,7.251610878618309e-13,7.251610878618309e-13,0.0,-27.518263,-27.679424285888672,-27.15402603149414,0.6124789,2.2656562,2.226110875606537,2.321264386177063,0.072228655,0.75521874,0.7420369684696198,0.7737548053264618,0.024076214,0.168,0.15200001001358032,0.1860000118613243,0.026642412,0.0,0.0,0.0,0.0,0.16172107,0.14710305258631706,0.16667423397302628,0.017097598,24.04036,24.040359497070312,24.040359497070312,0.0,24.060358,24.060359954833984,24.060359954833984,0.0,3852800.0,3852800.0,3852800.0,0.0
1204,0.0,0.0,0.0,0.0,1.0,1.0,1.0,0.0,0.51272076,0.5119045525789261,0.5147665441036224,0.0030545865,0.51272076,0.5119045525789261,0.5147665441036224,0.0030545865,1.0279952,1.0158970355987549,1.0294656157493591,0.024688551,0.09389252,0.09344358928501606,0.0964057520031929,0.0051300516,0.09389252,0.09344358928501606,0.0964057520031929,0.0051300516,1.0,1.0,1.0,0.0,6.673895e-14,6.641985308378662e-14,6.852536184429221e-14,3.6464493e-15,7.108016e-13,7.108015890287811e-13,7.108015890287811e-13,0.0,-27.17907,-27.63538360595703,-26.622395515441895,0.79435563,2.2616346,2.2350181937217712,2.2648695707321167,0.054315932,0.7538783,0.7450060844421387,0.7549565583467484,0.018105313,0.15200001,0.1420000083744526,0.1640000119805336,0.027289694,0.0,0.0,0.0,0.0,0.15192546,0.14128915593028069,0.15632374212145805,0.023929084,24.060358,24.060359954833984,24.060359954833984,0.0,24.08036,24.080360412597656,24.080360412597656,0.0,3856000.0,3856000.0,3856000.0,0.0
1205,0.0,0.0,0.0,0.0,1.0,1.0,1.0,0.0,0.51272076,0.5119045525789261,0.5147665441036224,0.0030545865,0.51272076,0.5119045525789261,0.5147665441036224,0.0030545865,1.036035,1.0250252783298492,1.0467880368232727,0.020834887,0.09213465,0.08979268185794353,0.09441424533724785,0.0044192174,0.09213465,0.08979268185794353,0.09441424533724785,0.0044192174,1.0,1.0,1.0,0.0,6.419265e-14,6.256094207675138e-14,6.578091072068429e-14,3.0789864e-15,6.9672653e-13,6.967265306356829e-13,6.967265306356829e-13,0.0,-27.534674,-27.764976024627686,-27.345637798309326,0.4218435,2.2793224,2.255100667476654,2.3029796481132507,0.045837633,0.7597742,0.7517002522945404,0.767659917473793,0.01527921,0.14866668,0.12000000476837158,0.17000001296401024,0.028836006,0.0,0.0,0.0,0.0,0.16166522,0.14892897009849548,0.16627591103315353,0.02568118,24.08036,24.080360412597656,24.080360412597656,0.0,24.100363,24.100360870361328,24.100360870361328,0.0,3859200.0,3859200.0,3859200.0,0.0
1206,0.0,0.0,0.0,0.0,1.0,1.0,1.0,0.0,0.51272076,0.5119045525789261,0.5147665441036224,0.0030545865,0.51272076,0.5119045525789261,0.5147665441036224,0.0030545865,1.035646,1.0260187983512878,1.0546509325504303,0.030742165,0.0923352,0.08817578107118607,0.09418727457523346,0.0067031602,0.0923352,0.08817578107118607,0.09418727457523346,0.0067031602,1.0,1.0,1.0,0.0,6.305849e-14,6.021789478464958e-14,6.432332456658783e-14,4.5777904e-15,6.829301e-13,6.829301122009135e-13,6.829301122009135e-13,0.0,-27.54651,-27.882444381713867,-27.34016990661621,0.6252367,2.2784665,2.2572864294052124,2.3202784061431885,0.06763411,0.7594889,0.7524288147687912,0.7734261751174927,0.022544712,0.14066668,0.12000000476837158,0.1600000113248825,0.029037073,0.0,0.0,0.0,0.0,0.1610347,0.14935361221432686,0.16676856577396393,0.02649225,24.100363,24.100360870361328,24.100360870361328,0.0,24.120361,24.120361328125,24.120361328125,0.0,3862400.0,3862400.0,3862400.0,0.0
1207,0.0,0.0,0.0,0.0,1.0,1.0,1.0,0.0,0.51272076,0.5119045525789261,0.5147665441036224,0.0030545865,0.51272076,0.5119045525789261,0.5147665441036224,0.0030545865,1.0231785,0.993450865149498,1.046731561422348,0.03503534,0.095084034,0.08982790634036064,0.10152353160083294,0.007588401,0.095084034,0.08982790634036064,0.10152353160083294,0.007588401,1.0,1.0,1.0,0.0,6.3649905e-14,6.013141610886671e-14,6.796054672253589e-14,5.0797265e-15,6.6940686e-13,6.694068585035018e-13,6.694068585035018e-13,0.0,-27.410471,-28.069149494171143,-26.7560453414917,0.79267305,2.2510374,2.185635566711426,2.302855372428894,0.07707927,0.7503459,0.7285452038049698,0.7676184922456741,0.025693087,0.158,0.12400000542402267,0.1940000019967556,0.042349197,0.0,0.0,0.0,0.0,0.1564051,0.13286610320210457,0.17337890714406967,0.028890468,24.120361,24.120361328125,24.120361328125,0.0,24.14036,24.140361785888672,24.140361785888672,0.0,3865600.0,3865600.0,3865600.0,0.0
1208,0.0,0.0,0.0,0.0,1.0,1.0,1.0,0.0,0.51272076,0.5119045525789261,0.5147665441036224,0.0030545865,0.51272076,0.5119045525789261,0.5147665441036224,0.0030545865,1.0371851,1.0137523412704468,1.0576488971710205,0.03112562,0.09200769,0.08759619295597076,0.09688356518745422,0.006466661,0.09200769,0.08759619295597076,0.09688356518745422,0.006466661,1.0,1.0,1.0,0.0,6.037098e-14,5.747637185394032e-14,6.357029025362212e-14,4.2431095e-15,6.561515e-13,6.561514569528026e-13,6.561514569528026e-13,0.0,-27.584044,-28.229033946990967,-27.053932666778564,0.7326872,2.2818527,2.2302995920181274,2.326874017715454,0.06847776,0.76061755,0.7434332221746445,0.7756246775388718,0.022825912,0.16600001,0.13600000739097595,0.20200000330805779,0.04475387,0.0006666667,0.0,0.0,0.0023094013,0.16601168,0.15846943855285645,0.17431997880339622,0.015940597,24.14036,24.140361785888672,24.140361785888672,0.0,24.160362,24.160362243652344,24.160362243652344,0.0,3868800.0,3868800.0,3868800.0,0.0
1209,0.0,0.0,0.0,0.0,1.0,1.0,1.0,0.0,0.51272076,0.5119045525789261,0.5147665441036224,0.0030545865,0.51272076,0.5119045525789261,0.5147665441036224,0.0030545865,1.0285991,1.0096947401762009,1.0445806682109833,0.045424037,0.087578654,0.09025243669748306,0.09780271910130978,0.028904498,0.09410125,0.09025243669748306,0.09780271910130978,0.009982938,0.9166667,1.0,1.0,0.28867513,5.632695e-14,5.804661560985559e-14,6.290264533206913e-14,1.8590171e-14,6.4315843e-13,6.43158432327845e-13,6.43158432327845e-13,0.0,-27.058462,-27.737203121185303,-26.517300605773926,0.886603,2.262963,2.2213727831840515,2.298123359680176,0.09993486,0.7543211,0.7404576241970062,0.7660411596298218,0.033311628,0.15333332,0.13749999925494194,0.16499999538064003,0.030550504,0.0,0.0,0.0,0.0,0.14799894,0.1315351091325283,0.15886294469237328,0.021553777,24.160362,24.160362243652344,24.160362243652344,0.0,24.180365,24.180362701416016,24.180362701416016,0.0,3872000.0,3872000.0,3872000.0,0.0
1210,0.0,0.0,0.0,0.0,1.0,1.0,1.0,0.0,0.51272076,0.5119045525789261,0.5147665441036224,0.0030545865,0.51272076,0.5119045525789261,0.5147665441036224,0.0030545865,1.0466723,1.0228351354599,1.0769782960414886,0.044240233,0.08402878,0.08375746384263039,0.09487796202301979,0.027631298,0.09024314,0.08375746384263039,0.09487796202301979,0.009359212,0.9166667,1.0,1.0,0.28867513,5.297366e-14,5.280261515164643e-14,5.981322818223063e-14,1.7419399e-14,6.304228e-13,6.304227972986354e-13,6.304227972986354e-13,0.0,-27.5516,-28.07551145553589,-26.892146110534668,0.8314381,2.302725,2.250282347202301,2.3693995475769043,0.09733043,0.767575,0.7500941157341003,0.7897998541593552,0.032443475,0.14866666,0.11600000411272049,0.15200001001358032,0.05473462,0.0,0.0,0.0,0.0,0.15824018,0.15039506927132607,0.16736465319991112,0.013717892,24.180365,24.180362701416016,24.180362701416016,0.0,24.200363,24.200363159179688,24.200363159179688,0.0,3875200.0,3875200.0,3875200.0,0.0
1211,0.0,0.0,0.0,0.0,1.0,1.0,1.0,0.0,0.51272076,0.5119045525789261,0.5147665441036224,0.0030545865,0.51272076,0.5119045525789261,0.5147665441036224,0.0030545865,1.0166153,1.0072526335716248,1.0289260149002075,0.022186982,0.09636393,0.09355788864195347,0.09834429994225502,0.0050730803,0.09636393,0.09355788864195347,0.09834429994225502,0.0050730803,1.0,1.0,1.0,0.0,5.954706e-14,5.781309709662705e-14,6.077080739943109e-14,3.134855e-15,6.179393e-13,6.179392934846373e-13,6.179392934846373e-13,0.0,-26.896425,-27.271713733673096,-26.51405668258667,0.53554654,2.2365983,2.2160000801086426,2.26368248462677,0.048812326,0.74553275,0.7386667281389236,0.7545608282089233,0.01627077,0.15933335,0.1340000070631504,0.17800001427531242,0.050763868,0.0,0.0,0.0,0.0,0.15694852,0.14720799401402473,0.15823747590184212,0.01847563,24.200363,24.200363159179688,24.200363159179688,0.0,24.220362,24.22036361694336,24.22036361694336,0.0,3878400.0,3878400.0,3878400.0,0.0
1212,0.0,0.0,0.0,0.0,1.0,1.0,1.0,0.0,0.51272076,0.5119045525789261,0.5147665441036224,0.0030545865,0.51272076,0.5119045525789261,0.5147665441036224,0.0030545865,1.0369393,1.0168446898460388,1.0569260120391846,0.025601685,0.09199211,0.08771506696939468,0.09619563445448875,0.0054020877,0.09199211,0.08771506696939468,0.09619563445448875,0.0054020877,1.0,1.0,1.0,0.0,5.5719897e-14,5.3129278489952737e-14,5.82659835906673e-14,3.272061e-15,6.05703e-13,6.057029877659659e-13,6.057029877659659e-13,0.0,-27.61814,-28.061195850372314,-27.209760665893555,0.5789896,2.2813118,2.23710298538208,2.3252837657928467,0.056324843,0.76043725,0.745701014995575,0.775094598531723,0.018774947,0.14133334,0.1340000070631504,0.15400001034140587,0.021664105,0.0,0.0,0.0,0.0,0.15602787,0.14463339745998383,0.15995540842413902,0.018720552,24.220362,24.22036361694336,24.22036361694336,0.0,24.240364,24.24036407470703,24.24036407470703,0.0,3881600.0,3881600.0,3881600.0,0.0
1213,0.0,0.0,0.0,0.0,1.0,1.0,1.0,0.0,0.51272076,0.5119045525789261,0.5147665441036224,0.0030545865,0.51272076,0.5119045525789261,0.5147665441036224,0.0030545865,1.0306972,1.005636841058731,1.066051185131073,0.040467035,0.09355485,0.08589177206158638,0.09871048107743263,0.008993506,0.09355485,0.08589177206158638,0.09871048107743263,0.008993506,1.0,1.0,1.0,0.0,5.5544355e-14,5.099471904045517e-14,5.860530329527148e-14,5.339525e-15,5.93709e-13,5.93709001232845e-13,5.93709001232845e-13,0.0,-27.281298,-28.107715129852295,-26.575971126556396,0.9422231,2.267579,2.2124451398849487,2.345359444618225,0.08902927,0.7558598,0.7374817132949829,0.7817865163087845,0.029676432,0.15333335,0.12400000542402267,0.17600001394748688,0.03542299,0.0,0.0,0.0,0.0,0.15813917,0.1417139507830143,0.1708074025809765,0.020117238,24.240364,24.24036407470703,24.24036407470703,0.0,24.260366,24.260364532470703,24.260364532470703,0.0,3884800.0,3884800.0,3884800.0,0.0
1214,0.0,0.0,0.0,0.0,1.0,1.0,1.0,0.0,0.51272076,0.5119045525789261,0.5147665441036224,0.0030545865,0.51272076,0.5119045525789261,0.5147665441036224,0.0030545865,1.0390565,1.012544870376587,1.0628809928894043,0.039355762,0.09174626,0.08653468266129494,0.09715943969786167,0.0083982,0.09174626,0.08653468266129494,0.09715943969786167,0.0083982,1.0,1.0,1.0,0.0,5.339197e-14,5.035907587068239e-14,5.654218091047944e-14,4.8873543e-15,5.819525e-13,5.81952509185607e-13,5.81952509185607e-13,0.0,-27.43261,-27.79624605178833,-27.211007118225098,0.62472165,2.28597,2.227643072605133,2.338384985923767,0.08658443,0.76199,0.7425477057695389,0.7794616669416428,0.02886148,0.15466668,0.12600000575184822,0.18000001087784767,0.04126485,0.0006666667,0.0,0.0,0.0023094013,0.15398686,0.14549266174435616,0.1666201613843441,0.01923266,24.260366,24.260364532470703,24.260364532470703,0.0,24.280365,24.280364990234375,24.280364990234375,0.0,3888000.0,3888000.0,3888000.0,0.0
1215,0.0,0.0,0.0,0.0,1.0,1.0,1.0,0.0,0.51272076,0.5119045525789261,0.5147665441036224,0.0030545865,0.51272076,0.5119045525789261,0.5147665441036224,0.0030545865,1.0343031,1.016792207956314,1.0535960495471954,0.025276503,0.09255046,0.08839295990765095,0.09621055237948895,0.005476347,0.09255046,0.08839295990765095,0.09621055237948895,0.005476347,1.0,1.0,1.0,0.0,5.279345e-14,5.042189437514961e-14,5.48812755088229e-14,3.1238668e-15,5.7042885e-13,5.704288495549104e-13,5.704288495549104e-13,0.0,-27.360514,-27.67023754119873,-26.916877269744873,0.6735431,2.2755122,2.2369874715805054,2.317957580089569,0.055609435,0.7585041,0.7456624954938889,0.7726525366306305,0.018536488,0.13733335,0.12000000476837158,0.15600001066923141,0.022063274,0.0,0.0,0.0,0.0,0.15340127,0.1325603686273098,0.17407015338540077,0.02583505,24.280365,24.280364990234375,24.280364990234375,0.0,24.300364,24.300365447998047,24.300365447998047,0.0,3891200.0,3891200.0,3891200.0,0.0
1216,0.0,0.0,0.0,0.0,1.0,1.0,1.0,0.0,0.51272076,0.5119045525789261,0.5147665441036224,0.0030545865,0.51272076,0.5119045525789261,0.5147665441036224,0.0030545865,1.0367697,1.014855831861496,1.057789146900177,0.034779694,0.09215399,0.08754219859838486,0.09666815586388111,0.0074466923,0.09215399,0.08754219859838486,0.09666815586388111,0.0074466923,1.0,1.0,1.0,0.0,5.152636e-14,4.894775889132969e-14,5.4050384468444426e-14,4.163694e-15,5.591333e-13,5.591333060613046e-13,5.591333060613046e-13,0.0,-27.246271,-27.8188419342041,-26.802797317504883,0.84925866,2.280939,2.2327274084091187,2.327182650566101,0.07651687,0.76031303,0.7442424893379211,0.7757275849580765,0.02550562,0.14800002,0.1340000070631504,0.16200001165270805,0.037600774,0.0,0.0,0.0,0.0,0.15965515,0.14604128897190094,0.17400800436735153,0.01888773,24.300364,24.300365447998047,24.300365447998047,0.0,24.320366,24.32036590576172,24.32036590576172,0.0,3894400.0,3894400.0,3894400.0,0.0
1217,0.0,0.0,0.0,0.0,1.0,1.0,1.0,0.0,0.51272076,0.5119045525789261,0.5147665441036224,0.0030545865,0.51272076,0.5119045525789261,0.5147665441036224,0.0030545865,1.0248443,0.9980786144733429,1.0460153222084045,0.036974862,0.09475878,0.08994722738862038,0.1004437692463398,0.008248205,0.09475878,0.08994722738862038,0.1004437692463398,0.008248205,1.0,1.0,1.0,0.0,5.193364e-14,4.929661025768932e-14,5.5049360726876044e-14,4.520524e-15,5.480615e-13,5.480614876859913e-13,5.480614876859913e-13,0.0,-27.239088,-27.595024585723877,-26.90180492401123,0.6217013,2.2547026,2.1958168148994446,2.301279664039612,0.08134634,0.75156754,0.7319389581680298,0.7670932412147522,0.027115446,0.14466667,0.11800000444054604,0.17400000989437103,0.048537396,0.0,0.0,0.0,0.0,0.15035716,0.1425810530781746,0.16082673519849777,0.018369269,24.320366,24.32036590576172,24.32036590576172,0.0,24.340368,24.34036636352539,24.34036636352539,0.0,3897600.0,3897600.0,3897600.0,0.0
1218,0.0,0.0,0.0,0.0,1.0,1.0,1.0,0.0,0.51272076,0.5119045525789261,0.5147665441036224,0.0030545865,0.51272076,0.5119045525789261,0.5147665441036224,0.0030545865,1.0269223,1.0119569301605225,1.0436979234218597,0.031525835,0.094217926,0.09042857401072979,0.09729285910725594,0.0069142664,0.094217926,0.09042857401072979,0.09729285910725594,0.0069142664,1.0,1.0,1.0,0.0,5.0614708e-14,4.857903359092863e-14,5.2266589832734335e-14,3.714406e-15,5.372089e-13,5.372088949899545e-13,5.372088949899545e-13,0.0,-27.116724,-27.457192420959473,-26.676679134368896,0.65364254,2.2592742,2.226349651813507,2.296181380748749,0.06935823,0.7530914,0.7421165704727173,0.7653938084840775,0.023119407,0.14733334,0.1300000064074993,0.16200001165270805,0.03171846,0.0,0.0,0.0,0.0,0.1549031,0.14758091047406197,0.1579207107424736,0.012977365,24.340368,24.34036636352539,24.34036636352539,0.0,24.360367,24.360366821289062,24.360366821289062,0.0,3900800.0,3900800.0,3900800.0,0.0
1219,0.0,0.0,0.0,0.0,1.0,1.0,1.0,0.0,0.51272076,0.5119045525789261,0.5147665441036224,0.0030545865,0.51272076,0.5119045525789261,0.5147665441036224,0.0030545865,1.0384113,1.0063847601413727,1.0721924602985382,0.037868142,0.085343756,0.08468810841441154,0.09854203090071678,0.02765845,0.0918503,0.08468810841441154,0.09854203090071678,0.007839835,0.9166667,1.0,1.0,0.28867513,4.493956e-14,4.4594318709468336e-14,5.188939504989368e-14,1.4564142e-14,5.265712e-13,5.265711911645043e-13,5.265711911645043e-13,0.0,-27.53106,-27.97649574279785,-27.072758197784424,0.7999921,2.2845504,2.2140907049179077,2.358870506286621,0.08331158,0.7615168,0.7380302399396896,0.7862901836633682,0.027770532,0.16466667,0.14400000870227814,0.17800001427531242,0.0421196,0.0,0.0,0.0,0.0,0.1610563,0.14455759897828102,0.17681727558374405,0.025094349,24.360367,24.360366821289062,24.360366821289062,0.0,24.380365,24.380367279052734,24.380367279052734,0.0,3904000.0,3904000.0,3904000.0,0.0
1220,0.0,0.0,0.0,0.0,1.0,1.0,1.0,0.0,0.51272076,0.5119045525789261,0.5147665441036224,0.0030545865,0.51272076,0.5119045525789261,0.5147665441036224,0.0030545865,1.0208561,1.0070693790912628,1.0320733487606049,0.025592241,0.09546112,0.09288201294839382,0.09839041717350483,0.005524561,0.09546112,0.09288201294839382,0.09839041717350483,0.005524561,1.0,1.0,1.0,0.0,4.92717e-14,4.7940507968036346e-14,5.0783638429999396e-14,2.8514697e-15,5.1614415e-13,5.161441478211681e-13,5.161441478211681e-13,0.0,-27.13494,-27.395168781280518,-26.695034503936768,0.546856,2.2459283,2.215596854686737,2.2706066370010376,0.056304086,0.74864274,0.738532304763794,0.7568688988685608,0.018768031,0.16533335,0.14400000870227814,0.20000000298023224,0.04265151,0.0,0.0,0.0,0.0,0.16187687,0.14796165376901627,0.1791674606502056,0.022757938,24.380365,24.380367279052734,24.380367279052734,0.0,24.400368,24.400367736816406,24.400367736816406,0.0,3907200.0,3907200.0,3907200.0,0.0
1221,0.0,0.0,0.0,0.0,1.0,1.0,1.0,0.0,0.51272076,0.5119045525789261,0.5147665441036224,0.0030545865,0.51272076,0.5119045525789261,0.5147665441036224,0.0030545865,1.0372736,1.016473263502121,1.055870532989502,0.03484701,0.09204605,0.08794922195374966,0.09629773162305355,0.0073672333,0.09204605,0.08794922195374966,0.09629773162305355,0.0073672333,1.0,1.0,1.0,0.0,4.656827e-14,4.449558600803753e-14,4.871929462369742e-14,3.727257e-15,5.059236e-13,5.059235907815818e-13,5.059235907815818e-13,0.0,-27.469118,-27.811564445495605,-27.124485969543457,0.7504655,2.2820475,2.2362858653068542,2.3229615092277527,0.07666495,0.7606826,0.7454286515712738,0.774320513010025,0.025554983,0.158,0.14400000870227814,0.17600001394748688,0.02956657,0.0006666667,0.0,0.0,0.0023094013,0.15742157,0.14806770905852318,0.16802359744906425,0.020547397,24.400368,24.400367736816406,24.400367736816406,0.0,24.42037,24.420368194580078,24.420368194580078,0.0,3910400.0,3910400.0,3910400.0,0.0
1222,0.0,0.0,0.0,0.0,1.0,1.0,1.0,0.0,0.51272076,0.5119045525789261,0.5147665441036224,0.0030545865,0.51272076,0.5119045525789261,0.5147665441036224,0.0030545865,1.0197192,1.0034551918506622,1.033520519733429,0.036717996,0.089373894,0.09257468394935131,0.09920776821672916,0.028652983,0.095866255,0.09257468394935131,0.09920776821672916,0.007797948,0.9166667,1.0,1.0,0.28867513,4.4321002e-14,4.59082844981272e-14,4.919766833912055e-14,1.4209169e-14,4.959054e-13,4.959054000774898e-13,4.959054000774898e-13,0.0,-27.149649,-27.447125911712646,-26.89395761489868,0.62826455,2.2434273,2.2076454162597656,2.27379047870636,0.08078119,0.7478091,0.7358818203210831,0.757930189371109,0.02692707,0.16416667,0.12999999523162842,0.17999999225139618,0.039418116,0.0,0.0,0.0,0.0,0.16136496,0.14245417341589928,0.17037788778543472,0.030753352,24.42037,24.420368194580078,24.420368194580078,0.0,24.440369,24.44036865234375,24.44036865234375,0.0,3913600.0,3913600.0,3913600.0,0.0
1223,0.0,0.0,0.0,0.0,1.0,1.0,1.0,0.0,0.51272076,0.5119045525789261,0.5147665441036224,0.0030545865,0.51272076,0.5119045525789261,0.5147665441036224,0.0030545865,1.0399809,1.0094439387321472,1.0899766981601715,0.044561226,0.08514487,0.08128861896693707,0.09784995764493942,0.028015506,0.0916397,0.08128861896693707,0.09784995764493942,0.0091931345,0.9166667,1.0,1.0,0.28867513,4.1387697e-14,3.951322894503754e-14,4.756345802782967e-14,1.3617934e-14,4.860856e-13,4.860856183709628e-13,4.860856183709628e-13,0.0,-27.608063,-28.707565307617188,-26.89830780029297,0.9343095,2.2880037,2.2208210825920105,2.3979965448379517,0.09803661,0.76266795,0.7402737140655518,0.7993321865797043,0.032678865,0.16000001,0.13600000739097595,0.1860000118613243,0.031999998,0.0,0.0,0.0,0.0,0.1588795,0.14994171634316444,0.17002979293465614,0.020524068,24.440369,24.44036865234375,24.44036865234375,0.0,24.460367,24.460369110107422,24.460369110107422,0.0,3916800.0,3916800.0,3916800.0,0.0
1224,0.0,0.0,0.0,0.0,1.0,1.0,1.0,0.0,0.51272076,0.5119045525789261,0.5147665441036224,0.0030545865,0.51272076,0.5119045525789261,0.5147665441036224,0.0030545865,1.0390211,1.0106528997421265,1.065082162618637,0.038205642,0.085389875,0.08608314953744411,0.09757697023451328,0.027587071,0.09172673,0.08608314953744411,0.09757697023451328,0.007894692,0.9166667,1.0,1.0,0.28867513,4.068488e-14,4.101519708447129e-14,4.649154460934293e-14,1.3144142e-14,4.7646023e-13,4.764602341139623e-13,4.764602341139623e-13,0.0,-27.567543,-28.14627170562744,-27.20250368118286,0.760385,2.2858922,2.2234808206558228,2.343227505683899,0.08405412,0.7619641,0.7411603033542633,0.7810758501291275,0.028018035,0.13066667,0.09200000204145908,0.17000001296401024,0.049354628,0.0,0.0,0.0,0.0,0.15496345,0.14500248432159424,0.159303467720747,0.021795977,24.460367,24.460369110107422,24.460369110107422,0.0,24.48037,24.480369567871094,24.480369567871094,0.0,3920000.0,3920000.0,3920000.0,0.0
1225,0.0,0.0,0.0,0.0,1.0,1.0,1.0,0.0,0.51272076,0.5119045525789261,0.5147665441036224,0.0030545865,0.51272076,0.5119045525789261,0.5147665441036224,0.0030545865,1.0340871,1.0172679424285889,1.0451825857162476,0.02243175,0.0925636,0.09013142995536327,0.09610253944993019,0.004731153,0.0925636,0.09013142995536327,0.09610253944993019,0.004731153,1.0,1.0,1.0,0.0,4.3229563e-14,4.2093675855332194e-14,4.488233786362206e-14,2.2095695e-15,4.670255e-13,4.670255068089935e-13,4.670255068089935e-13,0.0,-27.340828,-27.528982639312744,-27.086649417877197,0.36582062,2.2750368,2.2380341291427612,2.2994476556777954,0.049350843,0.7583456,0.7460114061832428,0.7664825767278671,0.016450288,0.15933333,0.14400000870227814,0.17800001427531242,0.036494914,0.0006666667,0.0,0.0,0.0023094013,0.15393797,0.1436912976205349,0.15645157545804977,0.01711092,24.48037,24.480369567871094,24.480369567871094,0.0,24.500372,24.500370025634766,24.500370025634766,0.0,3923200.0,3923200.0,3923200.0,0.0
1226,0.0,0.0,0.0,0.0,1.0,1.0,1.0,0.0,0.51272076,0.5119045525789261,0.5147665441036224,0.0030545865,0.51272076,0.5119045525789261,0.5147665441036224,0.0030545865,1.0351276,1.0134209990501404,1.0628756284713745,0.030769702,0.09244443,0.08652215264737606,0.09695875085890293,0.0066412603,0.09244443,0.08652215264737606,0.09695875085890293,0.0066412603,1.0,1.0,1.0,0.0,4.2318986e-14,3.960789673535447e-14,4.4385538640497307e-14,3.0402191e-15,4.5777753e-13,4.577775333282352e-13,4.577775333282352e-13,0.0,-27.417343,-27.988759517669678,-26.722472667694092,0.7645703,2.2773263,2.229570746421814,2.338373124599457,0.06769469,0.7591088,0.7431902587413788,0.7794577181339264,0.022564897,0.15466668,0.12800000607967377,0.17800001427531242,0.03132624,0.0,0.0,0.0,0.0,0.15646978,0.13405459746718407,0.1752004623413086,0.030523278,24.500372,24.500370025634766,24.500370025634766,0.0,24.52037,24.520370483398438,24.520370483398438,0.0,3926400.0,3926400.0,3926400.0,0.0
1227,0.0,0.0,0.0,0.0,1.0,1.0,1.0,0.0,0.51272076,0.5119045525789261,0.5147665441036224,0.0030545865,0.51272076,0.5119045525789261,0.5147665441036224,0.0030545865,1.0354329,1.0020322650671005,1.0560215413570404,0.035250638,0.092445016,0.08790071494877338,0.09953584149479866,0.0075500594,0.092445016,0.08790071494877338,0.09953584149479866,0.0075500594,1.0,1.0,1.0,0.0,4.148126e-14,3.944217135109238e-14,4.466300291709529e-14,3.387808e-15,4.4871276e-13,4.4871276290957274e-13,4.4871276290957274e-13,0.0,-27.467628,-27.970545768737793,-27.064165592193604,0.85336804,2.2779982,2.204515039920807,2.3232937455177307,0.077552944,0.7593327,0.7348383814096451,0.7744312733411789,0.025850983,0.16466667,0.14400000870227814,0.18000001087784767,0.029632088,0.0,0.0,0.0,0.0,0.15757556,0.13996771350502968,0.17091568931937218,0.020597028,24.52037,24.520370483398438,24.520370483398438,0.0,24.540369,24.54037094116211,24.54037094116211,0.0,3929600.0,3929600.0,3929600.0,0.0
1228,0.0,0.0,0.0,0.0,1.0,1.0,1.0,0.0,0.51272076,0.5119045525789261,0.5147665441036224,0.0030545865,0.51272076,0.5119045525789261,0.5147665441036224,0.0030545865,1.0319849,1.0093374252319336,1.0502822697162628,0.033997852,0.09315691,0.08906961232423782,0.0978765208274126,0.007119405,0.09315691,0.08906961232423782,0.0978765208274126,0.007119405,1.0,1.0,1.0,0.0,4.0972966e-14,3.917525771688539e-14,4.304877919522783e-14,3.13131e-15,4.3982743e-13,4.398274279504566e-13,4.398274279504566e-13,0.0,-27.38299,-27.852173805236816,-26.9408597946167,0.6309619,2.2704122,2.220586657524109,2.3106671571731567,0.07479677,0.75680417,0.7401955723762512,0.7702224105596542,0.024932258,0.16666667,0.13600000739097595,0.20400000363588333,0.042033177,0.0006666667,0.0,0.0,0.0023094013,0.15128644,0.1387637034058571,0.1578608863055706,0.014392785,24.540369,24.54037094116211,24.54037094116211,0.0,24.560371,24.56037139892578,24.56037139892578,0.0,3932800.0,3932800.0,3932800.0,0.0
1229,0.0,0.0,0.0,0.0,1.0,1.0,1.0,0.0,0.51272076,0.5119045525789261,0.5147665441036224,0.0030545865,0.51272076,0.5119045525789261,0.5147665441036224,0.0030545865,1.0361503,1.0055489540100098,1.0607036352157593,0.03159005,0.09223491,0.08695709146559238,0.09873046539723873,0.006639233,0.09223491,0.08695709146559238,0.09873046539723873,0.006639233,1.0,1.0,1.0,0.0,3.9764135e-14,3.748877192022177e-14,4.256448810763518e-14,2.8622933e-15,4.3111806e-13,4.3111805900393485e-13,4.3111805900393485e-13,0.0,-27.332296,-27.638206005096436,-27.00372076034546,0.54787326,2.279576,2.2122519612312317,2.333594560623169,0.06949948,0.7598588,0.7374173402786255,0.7778648883104324,0.023166489,0.16600001,0.1420000083744526,0.18200001120567322,0.03480857,0.0,0.0,0.0,0.0,0.1523044,0.1407475471496582,0.16102928295731544,0.019946532,24.560371,24.56037139892578,24.56037139892578,0.0,24.580374,24.580371856689453,24.580371856689453,0.0,3936000.0,3936000.0,3936000.0,0.0
1230,0.0,0.0,0.0,0.0,1.0,1.0,1.0,0.0,0.51272076,0.5119045525789261,0.5147665441036224,0.0030545865,0.51272076,0.5119045525789261,0.5147665441036224,0.0030545865,1.0340527,1.0312756896018982,1.0462234318256378,0.018816505,0.092539914,0.08990372158586979,0.09305265545845032,0.004142478,0.092539914,0.08990372158586979,0.09305265545845032,0.004142478,1.0,1.0,1.0,0.0,3.9105624e-14,3.7991619805622864e-14,3.93223000954299e-14,1.7505327e-15,4.2258116e-13,4.2258115951800124e-13,4.2258115951800124e-13,0.0,-27.477762,-27.786795139312744,-27.371755599975586,0.4828583,2.2749612,2.26885187625885,2.301737427711487,0.041397154,0.7583205,0.7562839984893799,0.7672458291053772,0.013799053,0.13200001,0.11000000312924385,0.14400000870227814,0.037133668,0.0006666667,0.0,0.0,0.0023094013,0.15732007,0.14860383048653603,0.16566285490989685,0.014645655,24.580374,24.580371856689453,24.580371856689453,0.0,24.600372,24.600372314453125,24.600372314453125,0.0,3939200.0,3939200.0,3939200.0,0.0
1231,0.0,0.0,0.0,0.0,1.0,1.0,1.0,0.0,0.51272076,0.5119045525789261,0.5147665441036224,0.0030545865,0.51272076,0.5119045525789261,0.5147665441036224,0.0030545865,1.0363235,0.985513761639595,1.0737991034984589,0.047462996,0.086027496,0.08437676727771759,0.1033929567784071,0.028527016,0.092481345,0.08437676727771759,0.1033929567784071,0.010112009,0.9166667,1.0,1.0,0.28867513,3.5633738e-14,3.494998039620719e-14,4.282673967250048e-14,1.18162706e-14,4.142133e-13,4.1421331425581243e-13,4.1421331425581243e-13,0.0,-27.173363,-27.66044807434082,-26.32339572906494,0.76766676,2.2799573,2.168173611164093,2.3624051213264465,0.10442066,0.75998574,0.7227245420217514,0.7874683737754822,0.03480689,0.14933334,0.12800000607967377,0.16200001165270805,0.04529767,0.0,0.0,0.0,0.0,0.15923242,0.14222591370344162,0.17036277055740356,0.027167836,24.600372,24.600372314453125,24.600372314453125,0.0,24.62037,24.620372772216797,24.620372772216797,0.0,3942400.0,3942400.0,3942400.0,0.0
1232,0.0,0.0,0.0,0.0,1.0,1.0,1.0,0.0,0.51272076,0.5119045525789261,0.5147665441036224,0.0030545865,0.51272076,0.5119045525789261,0.5147665441036224,0.0030545865,1.05472,1.0164241194725037,1.0882506668567657,0.04924062,0.07640299,0.08161795511841774,0.09628908894956112,0.036250763,0.08866841,0.08161795511841774,0.09628908894956112,0.009654025,0.8333333,1.0,1.0,0.38924947,3.1020464e-14,3.313779745126987e-14,3.9094440609321966e-14,1.4718212e-14,4.0601108e-13,4.060111079805251e-13,4.060111079805251e-13,0.0,-27.738878,-28.361513137817383,-26.853814125061035,1.094122,2.3204305,2.2361778020858765,2.394199252128601,0.10833151,0.77347684,0.7453926354646683,0.7980664372444153,0.0361105,0.14800002,0.12800000607967377,0.17000001296401024,0.025182972,0.0,0.0,0.0,0.0,0.17087811,0.1505967415869236,0.17505954951047897,0.033854228,24.62037,24.620372772216797,24.620372772216797,0.0,24.640373,24.64037322998047,24.64037322998047,0.0,3945600.0,3945600.0,3945600.0,0.0
1233,0.0,0.0,0.0,0.0,1.0,1.0,1.0,0.0,0.51272076,0.5119045525789261,0.5147665441036224,0.0030545865,0.51272076,0.5119045525789261,0.5147665441036224,0.0030545865,1.0228351,1.0031099170446396,1.04825097322464,0.04230904,0.08881414,0.08948476426303387,0.09928904846310616,0.0289364,0.09528991,0.08948476426303387,0.09928904846310616,0.0092569785,0.9166667,1.0,1.0,0.28867513,3.534549e-14,3.5612377101619e-14,3.951420133886099e-14,1.1515859e-14,3.979714e-13,3.97971396505839e-13,3.97971396505839e-13,0.0,-27.016525,-27.220529556274414,-26.63836145401001,0.73961776,2.2502825,2.206885874271393,2.306198298931122,0.09308177,0.7500942,0.7356286495923996,0.7687328010797501,0.031027269,0.17733334,0.14400000870227814,0.1940000019967556,0.051602207,0.0006666667,0.0,0.0,0.0023094013,0.15285651,0.1427512913942337,0.16544173285365105,0.016771523,24.640373,24.64037322998047,24.64037322998047,0.0,24.660376,24.66037368774414,24.66037368774414,0.0,3948800.0,3948800.0,3948800.0,0.0
1234,0.0,0.0,0.0,0.0,1.0,1.0,1.0,0.0,0.51272076,0.5119045525789261,0.5147665441036224,0.0030545865,0.51272076,0.5119045525789261,0.5147665441036224,0.0030545865,1.0275494,1.0073080658912659,1.0496883690357208,0.02273374,0.0939718,0.08918984234333038,0.0983333382755518,0.004938772,0.0939718,0.08918984234333038,0.0983333382755518,0.004938772,1.0,1.0,1.0,0.0,3.6657543e-14,3.4792144276815824e-14,3.835893903133148e-14,1.92657e-15,3.9009087e-13,3.9009087301512813e-13,3.9009087301512813e-13,0.0,-27.25043,-27.527103424072266,-26.83107089996338,0.55524486,2.2606537,2.216122031211853,2.30936062335968,0.050015237,0.75355124,0.7387073487043381,0.7697869092226028,0.016671743,0.16666667,0.13600000739097595,0.1940000019967556,0.03871888,0.0,0.0,0.0,0.0,0.15673509,0.1529095396399498,0.1649625413119793,0.01658738,24.660376,24.66037368774414,24.66037368774414,0.0,24.680374,24.680374145507812,24.680374145507812,0.0,3952000.0,3952000.0,3952000.0,0.0
1235,0.0,0.0,0.0,0.0,1.0,1.0,1.0,0.0,0.51272076,0.5119045525789261,0.5147665441036224,0.0030545865,0.51272076,0.5119045525789261,0.5147665441036224,0.0030545865,1.0321325,1.0267595052719116,1.0482068955898285,0.026886633,0.0930363,0.08949553966522217,0.09402445703744888,0.0060170256,0.0930363,0.08949553966522217,0.09402445703744888,0.0060170256,1.0,1.0,1.0,0.0,3.5573957e-14,3.4220087870393424e-14,3.5951793367979164e-14,2.300708e-15,3.8236637e-13,3.823663933220922e-13,3.823663933220922e-13,0.0,-27.577875,-27.815239429473877,-27.17099142074585,0.7412907,2.270737,2.258915960788727,2.3061012029647827,0.059151776,0.7569123,0.7529720067977905,0.7687004059553146,0.019717261,0.16499999,0.14999999105930328,0.1899999976158142,0.033978604,0.0008333333,0.0,0.0,0.0028867512,0.15535413,0.14551537111401558,0.1633978933095932,0.009828955,24.680374,24.680374145507812,24.680374145507812,0.0,24.700373,24.700374603271484,24.700374603271484,0.0,3955200.0,3955200.0,3955200.0,0.0
1236,0.0,0.0,0.0,0.0,1.0,1.0,1.0,0.0,0.51272076,0.5119045525789261,0.5147665441036224,0.0030545865,0.51272076,0.5119045525789261,0.5147665441036224,0.0030545865,1.0209785,1.0068059265613556,1.0349522531032562,0.03508543,0.09556929,0.09227944351732731,0.0984463319182396,0.0077090147,0.09556929,0.09227944351732731,0.0984463319182396,0.0077090147,1.0,1.0,1.0,0.0,3.581888e-14,3.4585859566907406e-14,3.6897177851838e-14,2.8892986e-15,3.7479484e-13,3.747948403454854e-13,3.747948403454854e-13,0.0,-26.943071,-27.3656964302063,-26.85407304763794,0.8797781,2.2461975,2.2150171995162964,2.276940405368805,0.077189505,0.7487325,0.7383390963077545,0.7589801400899887,0.025729828,0.15733334,0.1420000083744526,0.1860000118613243,0.03615455,0.0013333334,0.0,0.0,0.003113996,0.15555494,0.1489051654934883,0.16115356609225273,0.016684707,24.700373,24.700374603271484,24.700374603271484,0.0,24.720375,24.720375061035156,24.720375061035156,0.0,3958400.0,3958400.0,3958400.0,0.0
1237,0.0,0.0,0.0,0.0,1.0,1.0,1.0,0.0,0.51272076,0.5119045525789261,0.5147665441036224,0.0030545865,0.51272076,0.5119045525789261,0.5147665441036224,0.0030545865,1.0309237,1.0144384801387787,1.0502497255802155,0.034029,0.093394734,0.08907590992748737,0.09673088602721691,0.007546488,0.093394734,0.08907590992748737,0.09673088602721691,0.007546488,1.0,1.0,1.0,0.0,3.4310726e-14,3.272410147763319e-14,3.553633641284514e-14,2.7723778e-15,3.673732e-13,3.67373205424279e-13,3.67373205424279e-13,0.0,-27.33725,-27.877285480499268,-26.90982151031494,0.781871,2.2680774,2.231809139251709,2.3105955123901367,0.07486531,0.7560258,0.7439363896846771,0.7701985388994217,0.024955103,0.158,0.12800000607967377,0.17800001427531242,0.02876867,0.0,0.0,0.0,0.0,0.15604834,0.1396605782210827,0.17696825042366982,0.024901897,24.720375,24.720375061035156,24.720375061035156,0.0,24.740377,24.740375518798828,24.740375518798828,0.0,3961600.0,3961600.0,3961600.0,0.0
1238,0.0,0.0,0.0,0.0,1.0,1.0,1.0,0.0,0.51272076,0.5119045525789261,0.5147665441036224,0.0030545865,0.51272076,0.5119045525789261,0.5147665441036224,0.0030545865,1.0437729,1.028972178697586,1.07257542014122,0.03409875,0.09067195,0.08461058884859085,0.09358174167573452,0.007288181,0.09067195,0.08461058884859085,0.09358174167573452,0.007288181,1.0,1.0,1.0,0.0,3.265084e-14,3.046815458349755e-14,3.3698655235096624e-14,2.6244642e-15,3.600986e-13,3.6009861542271593e-13,3.6009861542271593e-13,0.0,-27.77564,-28.37192392349243,-27.643882751464844,0.7379045,2.2963464,2.263784110546112,2.3597130179405212,0.075018756,0.7654488,0.7545947283506393,0.7865710258483887,0.02500625,0.14866666,0.12600000575184822,0.16600001230835915,0.048176445,0.0006666667,0.0,0.0,0.0023094013,0.1712781,0.15122133120894432,0.18143903464078903,0.022082387,24.740377,24.740375518798828,24.740375518798828,0.0,24.760376,24.7603759765625,24.7603759765625,0.0,3964800.0,3964800.0,3964800.0,0.0
1239,0.0,0.0,0.0,0.0,1.0,1.0,1.0,0.0,0.51272076,0.5119045525789261,0.5147665441036224,0.0030545865,0.51272076,0.5119045525789261,0.5147665441036224,0.0030545865,1.0258743,1.0163125097751617,1.0430918335914612,0.03375827,0.094482474,0.09055412746965885,0.09632332436740398,0.007559543,0.094482474,0.09055412746965885,0.09632332436740398,0.007559543,1.0,1.0,1.0,0.0,3.334929e-14,3.196270949057693e-14,3.399905292874152e-14,2.6682766e-15,3.52968e-13,3.5296800746965895e-13,3.5296800746965895e-13,0.0,-27.337683,-27.67897605895996,-27.00127935409546,0.6997763,2.2569687,2.2359321117401123,2.294847846031189,0.0742697,0.7523229,0.7453107237815857,0.7649493217468262,0.02475657,0.14533333,0.11800000444054604,0.1640000119805336,0.039610226,0.0,0.0,0.0,0.0,0.16120832,0.14503854513168335,0.16703229397535324,0.016834557,24.760376,24.7603759765625,24.7603759765625,0.0,24.780375,24.780376434326172,24.780376434326172,0.0,3968000.0,3968000.0,3968000.0,0.0
1240,0.0,0.0,0.0,0.0,1.0,1.0,1.0,0.0,0.51272076,0.5119045525789261,0.5147665441036224,0.0030545865,0.51272076,0.5119045525789261,0.5147665441036224,0.0030545865,1.0416019,1.017610251903534,1.0554679930210114,0.037684873,0.08509705,0.08800999261438847,0.0960267186164856,0.02721221,0.09116712,0.08800999261438847,0.0960267186164856,0.00745964,0.9166667,1.0,1.0,0.28867513,2.9441764e-14,3.044957576283248e-14,3.3223191077847315e-14,9.414843e-15,3.459786e-13,3.459786168495682e-13,3.459786168495682e-13,0.0,-27.43067,-27.720396518707275,-26.79336929321289,0.8380705,2.29157,2.238787293434143,2.322075843811035,0.08290836,0.76385665,0.7462624311447144,0.7740253061056137,0.027636116,0.13933334,0.12000000476837158,0.15400001034140587,0.024941146,0.0,0.0,0.0,0.0,0.15190737,0.13446536660194397,0.16895253956317902,0.020755576,24.780375,24.780376434326172,24.780376434326172,0.0,24.800377,24.800376892089844,24.800376892089844,0.0,3971200.0,3971200.0,3971200.0,0.0
1241,0.0,0.0,0.0,0.0,1.0,1.0,1.0,0.0,0.51272076,0.5119045525789261,0.5147665441036224,0.0030545865,0.51272076,0.5119045525789261,0.5147665441036224,0.0030545865,1.0419472,1.031122773885727,1.0563473403453827,0.01810257,0.09086528,0.08783389814198017,0.09308634139597416,0.0037773834,0.09086528,0.08783389814198017,0.09308634139597416,0.0037773834,1.0,1.0,1.0,0.0,3.081492e-14,2.9786899536548075e-14,3.156814714418577e-14,1.281015e-15,3.391276e-13,3.3912759753174093e-13,3.3912759753174093e-13,0.0,-27.562248,-27.737842559814453,-27.345128059387207,0.3160514,2.2923298,2.2685153484344482,2.3240106105804443,0.039826497,0.7641099,0.7561718225479126,0.7746702134609222,0.013275499,0.15,0.12600000575184822,0.17800001427531242,0.03891249,0.0,0.0,0.0,0.0,0.16064747,0.144161194562912,0.16995473578572273,0.024927543,24.800377,24.800376892089844,24.800376892089844,0.0,24.82038,24.820377349853516,24.820377349853516,0.0,3974400.0,3974400.0,3974400.0,0.0
1242,0.0,0.0,0.0,0.0,1.0,1.0,1.0,0.0,0.51272076,0.5119045525789261,0.5147665441036224,0.0030545865,0.51272076,0.5119045525789261,0.5147665441036224,0.0030545865,1.026119,1.010854333639145,1.0400076806545258,0.02681554,0.094326496,0.09120022878050804,0.09753353521227837,0.0057555595,0.094326496,0.09120022878050804,0.09753353521227837,0.0057555595,1.0,1.0,1.0,0.0,3.1355286e-14,3.0316075747048674e-14,3.242134479723019e-14,1.9132185e-15,3.324123e-13,3.3241229322085453e-13,3.3241229322085453e-13,0.0,-27.343332,-27.823801040649414,-26.92022180557251,0.72374827,2.2575068,2.223923981189728,2.288062572479248,0.058995385,0.75250226,0.7413080185651779,0.762687548995018,0.01966513,0.15133335,0.1380000077188015,0.17000001296401024,0.037594326,0.0006666667,0.0,0.0,0.0023094013,0.16215758,0.1437516137957573,0.17974109947681427,0.024689889,24.82038,24.820377349853516,24.820377349853516,0.0,24.840378,24.840377807617188,24.840377807617188,0.0,3977600.0,3977600.0,3977600.0,0.0
1243,0.0,0.0,0.0,0.0,1.0,1.0,1.0,0.0,0.51272076,0.5119045525789261,0.5147665441036224,0.0030545865,0.51272076,0.5119045525789261,0.5147665441036224,0.0030545865,1.0591598,1.036586433649063,1.0876632034778595,0.051073156,0.068983324,0.062495531514286995,0.09193391539156437,0.04222672,0.08782508,0.08176741376519203,0.09193391539156437,0.010489698,0.75,0.75,1.0,0.45226702,2.2476832e-14,2.0362915150449242e-14,2.99548212772424e-14,1.3758729e-14,3.2582994e-13,3.2582993920136916e-13,3.2582993920136916e-13,0.0,-27.680756,-28.400484561920166,-26.957513332366943,1.0410954,2.330198,2.2805356979370117,2.392906904220581,0.1123632,0.77673274,0.7601785659790039,0.7976356744766235,0.037454404,0.12266668,0.11400000378489494,0.14600000903010368,0.031695522,0.0,0.0,0.0,0.0,0.16539674,0.1517871655523777,0.1718967743217945,0.017512357,24.840378,24.840377807617188,24.840377807617188,0.0,24.860376,24.86037826538086,24.86037826538086,0.0,3980800.0,3980800.0,3980800.0,0.0
1244,0.0,0.0,0.0,0.0,1.0,1.0,1.0,0.0,0.51272076,0.5119045525789261,0.5147665441036224,0.0030545865,0.51272076,0.5119045525789261,0.5147665441036224,0.0030545865,1.0329446,1.0212614834308624,1.0509642362594604,0.028111184,0.09287596,0.08892878517508507,0.09522255510091782,0.006167386,0.09287596,0.08892878517508507,0.09522255510091782,0.006167386,1.0,1.0,1.0,0.0,2.9662528e-14,2.840188928295473e-14,3.0411980205468595e-14,1.9697268e-15,3.193779e-13,3.1937790628301654e-13,3.1937790628301654e-13,0.0,-27.42488,-27.888272762298584,-27.201786994934082,0.64145875,2.2725234,2.2468201518058777,2.312167465686798,0.061845873,0.7575078,0.7489400655031204,0.7707225233316422,0.0206153,0.16266666,0.12600000575184822,0.1940000019967556,0.03679262,0.0,0.0,0.0,0.0,0.15415466,0.14133600890636444,0.16704637929797173,0.019219806,24.860376,24.86037826538086,24.86037826538086,0.0,24.880379,24.88037872314453,24.88037872314453,0.0,3984000.0,3984000.0,3984000.0,0.0
1245,0.0,0.0,0.0,0.0,1.0,1.0,1.0,0.0,0.51272076,0.5119045525789261,0.5147665441036224,0.0030545865,0.51272076,0.5119045525789261,0.5147665441036224,0.0030545865,1.0245588,0.9925444275140762,1.0554775595664978,0.03485594,0.09478182,0.08800805546343327,0.10173571296036243,0.007622756,0.09478182,0.08800805546343327,0.10173571296036243,0.007622756,1.0,1.0,1.0,0.0,2.9671798e-14,2.755124585776276e-14,3.184873951345797e-14,2.3863313e-15,3.130537e-13,3.1305367369574566e-13,3.1305367369574566e-13,0.0,-27.261557,-27.654754161834717,-26.885159015655518,0.9744386,2.2540743,2.1836413145065308,2.3220969438552856,0.07668462,0.7513581,0.7278804630041122,0.7740323394536972,0.025561541,0.156,0.12800000607967377,0.1680000126361847,0.033335757,0.0,0.0,0.0,0.0,0.15581527,0.14955216273665428,0.16361930593848228,0.0106006665,24.880379,24.88037872314453,24.88037872314453,0.0,24.900381,24.900379180908203,24.900379180908203,0.0,3987200.0,3987200.0,3987200.0,0.0
1246,0.0,0.0,0.0,0.0,1.0,1.0,1.0,0.0,0.51272076,0.5119045525789261,0.5147665441036224,0.0030545865,0.51272076,0.5119045525789261,0.5147665441036224,0.0030545865,1.0254015,1.0070376992225647,1.0218586027622223,0.03906375,0.088605344,0.09509143233299255,0.09839386492967606,0.02809891,0.0946469,0.09509143233299255,0.09839386492967606,0.007719796,0.9166667,1.0,1.0,0.28867513,2.7188965e-14,2.91792499586491e-14,3.019261730685457e-14,8.622281e-15,3.0685467e-13,3.0685466645939685e-13,3.0685466645939685e-13,0.0,-27.042322,-27.24661684036255,-26.645650386810303,0.73048365,2.2559283,2.21552711725235,2.2481337785720825,0.085941955,0.7519762,0.7385090589523315,0.749377965927124,0.02864732,0.16000001,0.14000000804662704,0.1860000118613243,0.028540242,0.0,0.0,0.0,0.0,0.154513,0.14039073511958122,0.16668611764907837,0.023454363,24.900381,24.900379180908203,24.900379180908203,0.0,24.92038,24.920379638671875,24.920379638671875,0.0,3990400.0,3990400.0,3990400.0,0.0
1247,0.0,0.0,0.0,0.0,1.0,1.0,1.0,0.0,0.51272076,0.5119045525789261,0.5147665441036224,0.0030545865,0.51272076,0.5119045525789261,0.5147665441036224,0.0030545865,1.0328065,1.0190145075321198,1.0534354448318481,0.025123242,0.09286696,0.08842459879815578,0.09571645967662334,0.0053938334,0.09286696,0.08842459879815578,0.09571645967662334,0.0053938334,1.0,1.0,1.0,0.0,2.7932373e-14,2.6596206045338168e-14,2.8789441161157937e-14,1.6223487e-15,3.0077836e-13,3.007783638039191e-13,3.007783638039191e-13,0.0,-27.243383,-27.5925030708313,-26.864118576049805,0.599798,2.27222,2.2418766021728516,2.3176043033599854,0.05527227,0.75740665,0.7472922205924988,0.7725347727537155,0.018424088,0.142,0.12200000509619713,0.1680000126361847,0.034641016,0.0,0.0,0.0,0.0,0.15571411,0.1414492391049862,0.16858967021107674,0.020483157,24.92038,24.920379638671875,24.920379638671875,0.0,24.940378,24.940380096435547,24.940380096435547,0.0,3993600.0,3993600.0,3993600.0,0.0
1248,0.0,0.0,0.0,0.0,1.0,1.0,1.0,0.0,0.51272076,0.5119045525789261,0.5147665441036224,0.0030545865,0.51272076,0.5119045525789261,0.5147665441036224,0.0030545865,1.0334235,1.00503808259964,1.0560624599456787,0.04110507,0.0866521,0.08789524622261524,0.0988467950373888,0.028101983,0.09296802,0.08789524622261524,0.0988467950373888,0.008621439,0.9166667,1.0,1.0,0.28867513,2.5546981e-14,2.5913490713587624e-14,2.914225325357893e-14,8.285095e-15,2.9482243e-13,2.9482243469464153e-13,2.9482243469464153e-13,0.0,-27.685827,-28.133570194244385,-27.37464666366577,0.8260354,2.273577,2.2111278772354126,2.323383867740631,0.09043295,0.75785905,0.7370426654815674,0.7744613289833069,0.030144319,0.16833334,0.14749999344348907,0.19249999523162842,0.047831774,0.0,0.0,0.0,0.0,0.15808544,0.14367863163352013,0.16942105069756508,0.01679589,24.940378,24.940380096435547,24.940380096435547,0.0,24.96038,24.96038055419922,24.96038055419922,0.0,3996800.0,3996800.0,3996800.0,0.0
1249,0.0,0.0,0.0,0.0,1.0,1.0,1.0,0.0,0.51272076,0.5119045525789261,0.5147665441036224,0.0030545865,0.51272076,0.5119045525789261,0.5147665441036224,0.0030545865,1.0495589,1.0303039848804474,1.058925211429596,0.040558293,0.083735116,0.08731235563755035,0.0932628158479929,0.02684256,0.08956077,0.08731235563755035,0.0932628158479929,0.007966531,0.9166667,1.0,1.0,0.28867513,2.4198144e-14,2.5231909558953453e-14,2.695149952077814e-14,7.757082e-15,2.889844e-13,2.8898441257162177e-13,2.8898441257162177e-13,0.0,-27.670614,-28.249698162078857,-27.00950574874878,0.8324866,2.3090756,2.266714096069336,2.3296820521354675,0.089230016,0.76969194,0.7555713951587677,0.7765607088804245,0.029743342,0.14666668,0.1340000070631504,0.17000001296401024,0.031695526,0.0,0.0,0.0,0.0,0.16369542,0.13303951174020767,0.19174156710505486,0.03382616,24.96038,24.96038055419922,24.96038055419922,0.0,24.980383,24.98038101196289,24.98038101196289,0.0,4000000.0,4000000.0,4000000.0,0.0
