mechanism_tag,mechanism,alpha,seed,update,update_u,update_counter,energy_E_pre,energy_E_post,funding_z,funding_g,funding_g_raw,funding_cut_active,funding_income,funding_alpha_eff,episode_return_end_mean,terminal_min_dists_end_mean,terminal_dbar_end,terminal_occupied_end_mean,terminal_CSR_train,vartd_VarTD,depr_F,depr_F_post,env_steps
hardzero_plus_depr__c0p56__z1p00__lam0p030__nu0p50__psi1p00,hardzero_plus_depr,0.08,40,0,1.0,1,1.0,0.44,1.0384048,0.0,0.09153668,0.0,0.0,0.08,-27.009108,2.2845361,0.76151204,0.14,0.0,0.1360506,0.0,0.0,3200
hardzero_plus_depr__c0p56__z1p00__lam0p030__nu0p50__psi1p00,hardzero_plus_depr,0.08,40,1,0.0,1,0.44,0.44,1.0130329,0.0,0.097043626,0.0,0.0,0.08,-27.20836,2.2287169,0.7429056,0.18400002,0.0,0.14540449,0.0,0.03,6400
hardzero_plus_depr__c0p56__z1p00__lam0p030__nu0p50__psi1p00,hardzero_plus_depr,0.08,40,2,0.0,1,0.44,0.44,1.0256903,0.0,0.094256155,0.0,0.0,0.077635646,-27.97767,2.2565637,0.7521879,0.17600001,0.0,0.1601904,0.03,0.06,9600
hardzero_plus_depr__c0p56__z1p00__lam0p030__nu0p50__psi1p00,hardzero_plus_depr,0.08,40,3,0.0,1,0.44,0.44,1.0190952,0.0,0.09569844,0.0,0.0,0.075341165,-27.111416,2.2420542,0.7473514,0.14400001,0.0,0.13702832,0.06,0.089999996,12800
hardzero_plus_depr__c0p56__z1p00__lam0p030__nu0p50__psi1p00,hardzero_plus_depr,0.08,40,4,0.0,1,0.44,0.44,1.0324534,0.0,0.092799686,0.0,0.0,0.0731145,-26.730387,2.271443,0.75714767,0.104,0.0,0.14613195,0.089999996,0.12,16000
hardzero_plus_depr__c0p56__z1p00__lam0p030__nu0p50__psi1p00,hardzero_plus_depr,0.08,40,5,0.0,1,0.44,0.44,1.035862,0.0,0.09207421,0.0,0.0,0.07095363,-27.58127,2.2789419,0.7596473,0.192,0.0,0.16662627,0.12,0.14999999,19200
hardzero_plus_depr__c0p56__z1p00__lam0p030__nu0p50__psi1p00,hardzero_plus_depr,0.08,40,6,0.0,1,0.44,0.44,1.0355352,0.0,0.09214351,0.0,0.0,0.068856634,-27.202803,2.278223,0.7594077,0.16000001,0.0,0.15380596,0.14999999,0.17999999,22400
hardzero_plus_depr__c0p56__z1p00__lam0p030__nu0p50__psi1p00,hardzero_plus_depr,0.08,40,7,0.0,1,0.44,0.44,1.0396727,0.0,0.09126983,0.0,0.0,0.06682162,-26.882572,2.2873256,0.7624419,0.18400002,0.0,0.15167265,0.17999999,0.21,25600
hardzero_plus_depr__c0p56__z1p00__lam0p030__nu0p50__psi1p00,hardzero_plus_depr,0.08,40,8,0.0,1,0.44,0.44,1.069803,0.0,0.085152425,0.0,0.0,0.06484674,-26.897873,2.3536136,0.7845379,0.136,0.0,0.16542348,0.21,0.24,28800
hardzero_plus_depr__c0p56__z1p00__lam0p030__nu0p50__psi1p00,hardzero_plus_depr,0.08,40,9,0.0,1,0.44,0.44,1.007592,0.0,0.09826708,0.0,0.0,0.06293023,-26.411423,2.2167466,0.73891556,0.16000001,0.0,0.15798897,0.24,0.26999998,32000
hardzero_plus_depr__c0p56__z1p00__lam0p030__nu0p50__psi1p00,hardzero_plus_depr,0.08,40,10,0.0,1,0.44,0.44,1.0548267,0.0,0.088140056,0.0,0.0,0.06107036,-27.555937,2.3206651,0.77355504,0.128,0.0,0.15782511,0.26999998,0.29999998,35200
hardzero_plus_depr__c0p56__z1p00__lam0p030__nu0p50__psi1p00,hardzero_plus_depr,0.08,40,11,0.0,1,0.44,0.44,1.0319643,0.0,0.09290427,0.0,0.0,0.059265453,-26.70791,2.270367,0.75678897,0.14400001,0.0,0.16121104,0.29999998,0.32999998,38400
hardzero_plus_depr__c0p56__z1p00__lam0p030__nu0p50__psi1p00,hardzero_plus_depr,0.08,40,12,0.0,1,0.44,0.44,1.0430465,0.0,0.090563565,0.0,0.0,0.057513904,-27.72838,2.294748,0.76491606,0.16000001,0.0,0.16626732,0.32999998,0.35999998,41600
hardzero_plus_depr__c0p56__z1p00__lam0p030__nu0p50__psi1p00,hardzero_plus_depr,0.08,40,13,0.0,1,0.44,0.44587547,0.97770095,0.10526863,0.10526863,1.0,0.0058754743,0.055814106,-26.326015,2.150985,0.716995,0.099999994,0.0,0.15204346,0.35999998,0.39,44800
hardzero_plus_depr__c0p56__z1p00__lam0p030__nu0p50__psi1p00,hardzero_plus_depr,0.08,40,14,0.0,1,0.44587547,0.44587547,1.0553068,0.0,0.08804266,0.0,0.0,0.05416455,-28.568493,2.3217213,0.7739071,0.104,0.0,0.15134194,0.39,0.42,48000
hardzero_plus_depr__c0p56__z1p00__lam0p030__nu0p50__psi1p00,hardzero_plus_depr,0.08,40,15,0.0,1,0.44587547,0.45157278,0.965017,0.10838845,0.10838845,1.0,0.005697303,0.052563746,-26.04179,2.1230798,0.7076933,0.208,0.0,0.14232512,0.42,0.45,51200
hardzero_plus_depr__c0p56__z1p00__lam0p030__nu0p50__psi1p00,hardzero_plus_depr,0.08,40,16,0.0,1,0.45157278,0.45157278,1.0446703,0.0,0.09022556,0.0,0.0,0.05101025,-27.539032,2.2983208,0.76610696,0.14400001,0.0,0.16771589,0.45,0.48,54400
hardzero_plus_depr__c0p56__z1p00__lam0p030__nu0p50__psi1p00,hardzero_plus_depr,0.08,40,17,0.0,1,0.45157278,0.45157278,1.0243266,0.0,0.09455258,0.0,0.0,0.04950267,-26.906958,2.2535634,0.7511878,0.17600001,0.0,0.1491034,0.48,0.51,57600
hardzero_plus_depr__c0p56__z1p00__lam0p030__nu0p50__psi1p00,hardzero_plus_depr,0.08,40,18,0.0,1,0.45157278,0.45157278,1.0486385,0.0,0.08940493,0.0,0.0,0.048039645,-27.7028,2.3070507,0.7690169,0.104,0.0,0.14380911,0.51,0.53999996,60800
hardzero_plus_depr__c0p56__z1p00__lam0p030__nu0p50__psi1p00,hardzero_plus_depr,0.08,40,19,0.0,1,0.45157278,0.45157278,1.0383365,0.0,0.09155108,0.0,0.0,0.04661986,-26.548635,2.284386,0.761462,0.14400001,0.0,0.12703446,0.53999996,0.56999993,64000
hardzero_plus_depr__c0p56__z1p00__lam0p030__nu0p50__psi1p00,hardzero_plus_depr,0.08,40,20,0.0,1,0.45157278,0.45157278,1.016416,0.0,0.09629063,0.0,0.0,0.045242038,-27.123865,2.2361598,0.7453866,0.128,0.0,0.14004433,0.56999993,0.5999999,67200
hardzero_plus_depr__c0p56__z1p00__lam0p030__nu0p50__psi1p00,hardzero_plus_depr,0.08,40,21,0.0,1,0.45157278,0.45157278,1.0347552,0.0,0.09230915,0.0,0.0,0.043904934,-27.683071,2.276507,0.7588357,0.17600001,0.0,0.15303047,0.5999999,0.6299999,70400
hardzero_plus_depr__c0p56__z1p00__lam0p030__nu0p50__psi1p00,hardzero_plus_depr,0.08,40,22,0.0,1,0.45157278,0.45593086,0.99019027,0.10228447,0.10228447,1.0,0.00435807,0.04260735,-25.836634,2.178462,0.726154,0.128,0.0,0.1297257,0.6299999,0.65999985,73600
hardzero_plus_depr__c0p56__z1p00__lam0p030__nu0p50__psi1p00,hardzero_plus_depr,0.08,40,23,0.0,1,0.45593086,0.45593086,1.0164198,0.0,0.096289776,0.0,0.0,0.041348107,-27.557991,2.2361681,0.7453894,0.17600001,0.0,0.14270394,0.65999985,0.6899998,76800
hardzero_plus_depr__c0p56__z1p00__lam0p030__nu0p50__psi1p00,hardzero_plus_depr,0.08,40,24,0.0,1,0.45593086,0.45593086,1.0427599,0.0,0.09062334,0.0,0.0,0.040126093,-27.402317,2.2941177,0.7647059,0.16800001,0.0,0.16277726,0.6899998,0.7199998,80000
hardzero_plus_depr__c0p56__z1p00__lam0p030__nu0p50__psi1p00,hardzero_plus_depr,0.08,40,25,0.0,1,0.45593086,0.45593086,1.0262883,0.0,0.09412646,0.0,0.0,0.038940188,-26.852139,2.2578793,0.7526264,0.120000005,0.0,0.1406068,0.7199998,0.74999976,83200
hardzero_plus_depr__c0p56__z1p00__lam0p030__nu0p50__psi1p00,hardzero_plus_depr,0.08,40,26,0.0,1,0.45593086,0.45593086,1.0504218,0.0,0.089038566,0.0,0.0,0.037789334,-27.152145,2.3109741,0.7703247,0.14,0.0,0.15330423,0.74999976,0.77999973,86400
hardzero_plus_depr__c0p56__z1p00__lam0p030__nu0p50__psi1p00,hardzero_plus_depr,0.08,40,27,0.0,1,0.45593086,0.45593086,1.0202734,0.0,0.095439136,0.0,0.0,0.03667249,-26.478596,2.2446463,0.74821544,0.16800001,0.0,0.16232951,0.77999973,0.8099997,89600
hardzero_plus_depr__c0p56__z1p00__lam0p030__nu0p50__psi1p00,hardzero_plus_depr,0.08,40,28,0.0,1,0.45593086,0.45593086,1.0693902,0.0,0.08523341,0.0,0.0,0.035588656,-27.937752,2.3527055,0.7842352,0.208,0.0,0.17509156,0.8099997,0.8399997,92800
hardzero_plus_depr__c0p56__z1p00__lam0p030__nu0p50__psi1p00,hardzero_plus_depr,0.08,40,29,0.0,1,0.45593086,0.45593086,1.0329872,0.0,0.09268571,0.0,0.0,0.034536853,-27.144608,2.2726173,0.75753915,0.16800001,0.0,0.15612596,0.8399997,0.86999965,96000
hardzero_plus_depr__c0p56__z1p00__lam0p030__nu0p50__psi1p00,hardzero_plus_depr,0.08,40,30,0.0,1,0.45593086,0.45593086,1.003253,0.0,0.09925378,0.0,0.0,0.033516135,-27.548897,2.2072008,0.7357336,0.192,0.0,0.16067806,0.86999965,0.8999996,99200
hardzero_plus_depr__c0p56__z1p00__lam0p030__nu0p50__psi1p00,hardzero_plus_depr,0.08,40,31,0.0,1,0.45593086,0.45593086,1.0723165,0.0,0.08466102,0.0,0.0,0.032525588,-27.902832,2.3591435,0.7863812,0.112,0.0,0.15695505,0.8999996,0.9299996,102400
hardzero_plus_depr__c0p56__z1p00__lam0p030__nu0p50__psi1p00,hardzero_plus_depr,0.08,40,32,0.0,1,0.45593086,0.45593086,1.0495602,0.0,0.08921539,0.0,0.0,0.03156431,-27.406992,2.3090785,0.76969284,0.18400002,0.0,0.13817437,0.9299996,0.95999956,105600
hardzero_plus_depr__c0p56__z1p00__lam0p030__nu0p50__psi1p00,hardzero_plus_depr,0.08,40,33,0.0,1,0.45593086,0.45593086,1.0349936,0.0,0.092258476,0.0,0.0,0.030631443,-27.173307,2.2770314,0.7590105,0.18400002,0.0,0.15484893,0.95999956,0.98999953,108800
hardzero_plus_depr__c0p56__z1p00__lam0p030__nu0p50__psi1p00,hardzero_plus_depr,0.08,40,34,0.0,1,0.45593086,0.45593086,1.1392622,0.0,0.07256678,0.0,0.0,0.02972615,-29.163118,2.5064268,0.8354756,0.104,0.0,0.17203775,0.98999953,1.0199995,112000
hardzero_plus_depr__c0p56__z1p00__lam0p030__nu0p50__psi1p00,hardzero_plus_depr,0.08,40,35,0.0,1,0.45593086,0.45593086,1.0494748,0.0,0.08923294,0.0,0.0,0.02884761,-28.028708,2.3088908,0.7696303,0.120000005,0.0,0.14099778,1.0199995,1.0499995,115200
hardzero_plus_depr__c0p56__z1p00__lam0p030__nu0p50__psi1p00,hardzero_plus_depr,0.08,40,36,0.0,1,0.45593086,0.45593086,1.0409257,0.0,0.09100689,0.0,0.0,0.027995035,-28.009903,2.2900825,0.76336086,0.15200001,0.0,0.1686946,1.0499995,1.0799994,118400
hardzero_plus_depr__c0p56__z1p00__lam0p030__nu0p50__psi1p00,hardzero_plus_depr,0.08,40,37,0.0,1,0.45593086,0.45593086,1.0487487,0.0,0.08938224,0.0,0.0,0.027167656,-27.33123,2.3072932,0.76909775,0.096,0.0,0.122649975,1.0799994,1.1099994,121600
hardzero_plus_depr__c0p56__z1p00__lam0p030__nu0p50__psi1p00,hardzero_plus_depr,0.08,40,38,0.0,1,0.45593086,0.45593086,1.1025505,0.0,0.078967705,0.0,0.0,0.02636473,-29.326271,2.4256597,0.8085532,0.15200001,0.0,0.18271635,1.1099994,1.1399994,124800
hardzero_plus_depr__c0p56__z1p00__lam0p030__nu0p50__psi1p00,hardzero_plus_depr,0.08,40,39,0.0,1,0.45593086,0.45593086,1.0502433,0.0,0.0890752,0.0,0.0,0.025585536,-27.237549,2.3105812,0.77019376,0.19999999,0.0,0.13379131,1.1399994,1.1699994,128000
hardzero_plus_depr__c0p56__z1p00__lam0p030__nu0p50__psi1p00,hardzero_plus_depr,0.08,40,40,0.0,1,0.45593086,0.45593086,1.0512238,0.0,0.0888743,0.0,0.0,0.024829373,-26.71347,2.3127384,0.7709128,0.136,0.0,0.15097451,1.1699994,1.1999993,131200
hardzero_plus_depr__c0p56__z1p00__lam0p030__nu0p50__psi1p00,hardzero_plus_depr,0.08,40,41,0.0,1,0.45593086,0.45593086,1.0214362,0.0,0.095183976,0.0,0.0,0.024095552,-26.076708,2.2472045,0.7490682,0.17600001,0.0,0.12452782,1.1999993,1.2299993,134400
hardzero_plus_depr__c0p56__z1p00__lam0p030__nu0p50__psi1p00,hardzero_plus_depr,0.08,40,42,0.0,1,0.45593086,0.45593086,1.0557609,0.0,0.08795067,0.0,0.0,0.023383422,-27.688648,2.3227203,0.77424014,0.112,0.0,0.14241366,1.2299993,1.2599993,137600
hardzero_plus_depr__c0p56__z1p00__lam0p030__nu0p50__psi1p00,hardzero_plus_depr,0.08,40,43,0.0,1,0.45593086,0.45593086,1.0181843,0.0,0.09589936,0.0,0.0,0.022692336,-27.072638,2.2400503,0.7466835,0.136,0.0,0.1362704,1.2599993,1.2899992,140800
hardzero_plus_depr__c0p56__z1p00__lam0p030__nu0p50__psi1p00,hardzero_plus_depr,0.08,40,44,0.0,1,0.45593086,0.45593086,1.054808,0.0,0.08814383,0.0,0.0,0.02202168,-27.222723,2.3206239,0.77354133,0.18400002,0.0,0.14061849,1.2899992,1.3199992,144000
hardzero_plus_depr__c0p56__z1p00__lam0p030__nu0p50__psi1p00,hardzero_plus_depr,0.08,40,45,0.0,1,0.45593086,0.45593086,1.0234511,0.0,0.09474337,0.0,0.0,0.02137084,-28.070747,2.2516375,0.75054586,0.112,0.0,0.17363068,1.3199992,1.3499992,147200
hardzero_plus_depr__c0p56__z1p00__lam0p030__nu0p50__psi1p00,hardzero_plus_depr,0.08,40,46,0.0,1,0.45593086,0.45593086,1.0234798,0.0,0.09473712,0.0,0.0,0.020739239,-27.534883,2.2517006,0.7505669,0.192,0.0,0.1378901,1.3499992,1.3799992,150400
hardzero_plus_depr__c0p56__z1p00__lam0p030__nu0p50__psi1p00,hardzero_plus_depr,0.08,40,47,0.0,1,0.45593086,0.45593086,1.1246983,0.0,0.07504153,0.0,0.0,0.020126302,-29.310036,2.4743855,0.8247952,0.080000006,0.0,0.15932679,1.3799992,1.4099991,153600
hardzero_plus_depr__c0p56__z1p00__lam0p030__nu0p50__psi1p00,hardzero_plus_depr,0.08,40,48,0.0,1,0.45593086,0.45593086,1.0348914,0.0,0.09228022,0.0,0.0,0.01953148,-27.573338,2.2768066,0.7589356,0.096,0.0,0.14311859,1.4099991,1.4399991,156800
hardzero_plus_depr__c0p56__z1p00__lam0p030__nu0p50__psi1p00,hardzero_plus_depr,0.08,40,49,0.0,1,0.45593086,0.45593086,1.0766797,0.0,0.08381471,0.0,0.0,0.018954238,-28.536507,2.3687427,0.78958094,0.15200001,0.0,0.17969213,1.4399991,1.4699991,160000
hardzero_plus_depr__c0p56__z1p00__lam0p030__nu0p50__psi1p00,hardzero_plus_depr,0.08,40,50,0.0,1,0.45593086,0.45593086,1.0317975,0.0,0.09293996,0.0,0.0,0.018394057,-26.663708,2.27,0.75666666,0.192,0.0,0.15792234,1.4699991,1.499999,163200
hardzero_plus_depr__c0p56__z1p00__lam0p030__nu0p50__psi1p00,hardzero_plus_depr,0.08,40,51,0.0,1,0.45593086,0.45593086,1.1011891,0.0,0.079215616,0.0,0.0,0.01785043,-28.78254,2.4226644,0.80755484,0.14400001,0.0,0.1746451,1.499999,1.529999,166400
hardzero_plus_depr__c0p56__z1p00__lam0p030__nu0p50__psi1p00,hardzero_plus_depr,0.08,40,52,0.0,1,0.45593086,0.4576983,0.9912783,0.10202854,0.10202854,1.0,0.0017674273,0.017322872,-27.513235,2.1808558,0.72695196,0.17,0.0,0.14339803,1.529999,1.559999,169600
hardzero_plus_depr__c0p56__z1p00__lam0p030__nu0p50__psi1p00,hardzero_plus_depr,0.08,40,53,0.0,1,0.4576983,0.45942834,0.9875327,0.1029123,0.1029123,1.0,0.0017300486,0.016810901,-26.451977,2.1726153,0.72420514,0.16800001,0.0,0.14731316,1.559999,1.589999,172800
hardzero_plus_depr__c0p56__z1p00__lam0p030__nu0p50__psi1p00,hardzero_plus_depr,0.08,40,54,0.0,1,0.45942834,0.45942834,1.0607466,0.0,0.08694675,0.0,0.0,0.016314065,-27.845549,2.333689,0.77789634,0.136,0.0,0.13578133,1.589999,1.6199989,176000
hardzero_plus_depr__c0p56__z1p00__lam0p030__nu0p50__psi1p00,hardzero_plus_depr,0.08,40,55,0.0,1,0.45942834,0.45942834,1.0249054,0.0,0.094426654,0.0,0.0,0.015831912,-27.329939,2.254837,0.75161237,0.208,0.0,0.16801496,1.6199989,1.6499989,179200
hardzero_plus_depr__c0p56__z1p00__lam0p030__nu0p50__psi1p00,hardzero_plus_depr,0.08,40,56,0.0,1,0.45942834,0.46099257,0.9922029,0.10181157,0.10181157,1.0,0.001564234,0.01536401,-27.246971,2.18289,0.72763,0.192,0.0,0.16532688,1.6499989,1.6799989,182400
hardzero_plus_depr__c0p56__z1p00__lam0p030__nu0p50__psi1p00,hardzero_plus_depr,0.08,40,57,0.0,1,0.46099257,0.46099257,1.0209062,0.0,0.09530018,0.0,0.0,0.014909934,-27.205141,2.2460384,0.7486795,0.128,0.0,0.14125602,1.6799989,1.7099988,185600
hardzero_plus_depr__c0p56__z1p00__lam0p030__nu0p50__psi1p00,hardzero_plus_depr,0.08,40,58,0.0,1,0.46099257,0.46099257,1.0487331,0.0,0.08938546,0.0,0.0,0.01446928,-26.53289,2.3072588,0.7690863,0.104,0.0,0.15692613,1.7099988,1.7399988,188800
hardzero_plus_depr__c0p56__z1p00__lam0p030__nu0p50__psi1p00,hardzero_plus_depr,0.08,40,59,0.0,1,0.46099257,0.46099257,1.025523,0.0,0.09429248,0.0,0.0,0.014041647,-27.18218,2.2561955,0.7520652,0.136,0.0,0.13585997,1.7399988,1.7699988,192000
hardzero_plus_depr__c0p56__z1p00__lam0p030__nu0p50__psi1p00,hardzero_plus_depr,0.08,40,60,0.0,1,0.46099257,0.46099257,1.0460411,0.0,0.08994125,0.0,0.0,0.0136266565,-27.546238,2.3013365,0.7671122,0.120000005,0.0,0.13370806,1.7699988,1.7999988,195200
hardzero_plus_depr__c0p56__z1p00__lam0p030__nu0p50__psi1p00,hardzero_plus_depr,0.08,40,61,0.0,1,0.46099257,0.46099257,1.0189501,0.0,0.09573041,0.0,0.0,0.0132239275,-27.135103,2.241735,0.747245,0.2,0.0,0.14494295,1.7999988,1.8299987,198400
hardzero_plus_depr__c0p56__z1p00__lam0p030__nu0p50__psi1p00,hardzero_plus_depr,0.08,40,62,0.0,1,0.46099257,0.46099257,1.0179226,0.0,0.09595716,0.0,0.0,0.012833102,-26.792376,2.2394745,0.74649155,0.17600001,0.0,0.14679837,1.8299987,1.8599987,201600
hardzero_plus_depr__c0p56__z1p00__lam0p030__nu0p50__psi1p00,hardzero_plus_depr,0.08,40,63,0.0,1,0.46099257,0.46099257,1.1145971,0.0,0.07680737,0.0,0.0,0.012453825,-28.987738,2.4521625,0.8173875,0.104,0.0,0.16708745,1.8599987,1.8899987,204800
hardzero_plus_depr__c0p56__z1p00__lam0p030__nu0p50__psi1p00,hardzero_plus_depr,0.08,40,64,0.0,1,0.46099257,0.46099257,1.00168,0.0,0.099613905,0.0,0.0,0.012085761,-26.792044,2.2037401,0.73458004,0.08800001,0.0,0.14905009,1.8899987,1.9199986,208000
hardzero_plus_depr__c0p56__z1p00__lam0p030__nu0p50__psi1p00,hardzero_plus_depr,0.08,40,65,0.0,1,0.46099257,0.46099257,1.0390098,0.0,0.09140925,0.0,0.0,0.011728573,-26.497726,2.2858672,0.76195574,0.17,0.0,0.13471125,1.9199986,1.9499986,211200
hardzero_plus_depr__c0p56__z1p00__lam0p030__nu0p50__psi1p00,hardzero_plus_depr,0.08,40,66,0.0,1,0.46099257,0.46099257,1.0086913,0.0,0.09801865,0.0,0.0,0.011381941,-27.800283,2.2191653,0.7397218,0.136,0.0,0.17173043,1.9499986,1.9799986,214400
hardzero_plus_depr__c0p56__z1p00__lam0p030__nu0p50__psi1p00,hardzero_plus_depr,0.08,40,67,0.0,1,0.46099257,0.46099257,1.029671,0.0,0.09339617,0.0,0.0,0.011045554,-27.599209,2.2653213,0.7551071,0.216,0.0,0.13966285,1.9799986,2.0099986,217600
hardzero_plus_depr__c0p56__z1p00__lam0p030__nu0p50__psi1p00,hardzero_plus_depr,0.08,40,68,0.0,1,0.46099257,0.46099257,1.0273943,0.0,0.09388705,0.0,0.0,0.010719109,-27.006496,2.2603126,0.7534375,0.120000005,0.0,0.11616688,2.0099986,2.0399985,220800
hardzero_plus_depr__c0p56__z1p00__lam0p030__nu0p50__psi1p00,hardzero_plus_depr,0.08,40,69,0.0,1,0.46099257,0.4620811,0.98029155,0.10464258,0.10464258,1.0,0.0010885248,0.0104023125,-25.89383,2.1566844,0.71889484,0.17600001,0.0,0.1256397,2.0399985,2.0699985,224000
hardzero_plus_depr__c0p56__z1p00__lam0p030__nu0p50__psi1p00,hardzero_plus_depr,0.08,40,70,0.0,1,0.4620811,0.4620811,1.0292786,0.0,0.09348056,0.0,0.0,0.010094877,-26.544022,2.2644582,0.7548194,0.17600001,0.0,0.15363117,2.0699985,2.0999985,227200
hardzero_plus_depr__c0p56__z1p00__lam0p030__nu0p50__psi1p00,hardzero_plus_depr,0.08,40,71,0.0,1,0.4620811,0.4620811,1.0199676,0.0,0.09550638,0.0,0.0,0.009796528,-27.262403,2.2439735,0.7479912,0.136,0.0,0.1516934,2.0999985,2.1299984,230400
hardzero_plus_depr__c0p56__z1p00__lam0p030__nu0p50__psi1p00,hardzero_plus_depr,0.08,40,72,0.0,1,0.4620811,0.4620811,1.0135481,0.0,0.09692859,0.0,0.0,0.009506998,-26.570744,2.2298503,0.74328345,0.15200001,0.008,0.1472113,2.1299984,2.1599984,233600
hardzero_plus_depr__c0p56__z1p00__lam0p030__nu0p50__psi1p00,hardzero_plus_depr,0.08,40,73,0.0,1,0.4620811,0.4620811,1.0162228,0.0,0.09633345,0.0,0.0,0.009226024,-27.666212,2.235735,0.745245,0.23200001,0.0,0.15727215,2.1599984,2.1899984,236800
hardzero_plus_depr__c0p56__z1p00__lam0p030__nu0p50__psi1p00,hardzero_plus_depr,0.08,40,74,0.0,1,0.4620811,0.4620811,1.0028701,0.0,0.09934131,0.0,0.0,0.008953354,-26.543467,2.2063582,0.7354528,0.17600001,0.0,0.14037451,2.1899984,2.2199984,240000
hardzero_plus_depr__c0p56__z1p00__lam0p030__nu0p50__psi1p00,hardzero_plus_depr,0.08,40,75,0.0,1,0.4620811,0.4620811,1.0034454,0.0,0.09920979,0.0,0.0,0.008688742,-26.509098,2.207624,0.73587465,0.17600001,0.0,0.17658034,2.2199984,2.2499983,243200
hardzero_plus_depr__c0p56__z1p00__lam0p030__nu0p50__psi1p00,hardzero_plus_depr,0.08,40,76,0.0,1,0.4620811,0.46293378,0.99514914,0.1011232,0.1011232,1.0,0.0008526659,0.0084319515,-26.189169,2.1893718,0.7297906,0.18400002,0.0,0.16116601,2.2499983,2.2799983,246400
hardzero_plus_depr__c0p56__z1p00__lam0p030__nu0p50__psi1p00,hardzero_plus_depr,0.08,40,77,0.0,1,0.46293378,0.46293378,1.0585284,0.0,0.08739198,0.0,0.0,0.00818275,-26.963833,2.328809,0.7762697,0.16800001,0.0,0.13361783,2.2799983,2.3099983,249600
hardzero_plus_depr__c0p56__z1p00__lam0p030__nu0p50__psi1p00,hardzero_plus_depr,0.08,40,78,0.0,1,0.46293378,0.46293378,1.0765156,0.0,0.083846405,0.0,0.0,0.007940914,-27.059513,2.3683815,0.78946054,0.13,0.0,0.15129368,2.3099983,2.3399982,252800
hardzero_plus_depr__c0p56__z1p00__lam0p030__nu0p50__psi1p00,hardzero_plus_depr,0.08,40,79,0.0,1,0.46293378,0.46293378,1.0360976,0.0,0.09202426,0.0,0.0,0.007706224,-27.35861,2.2794604,0.75982016,0.192,0.0,0.14659852,2.3399982,2.3699982,256000
hardzero_plus_depr__c0p56__z1p00__lam0p030__nu0p50__psi1p00,hardzero_plus_depr,0.08,40,80,0.0,1,0.46293378,0.46369678,0.99128306,0.10202742,0.10202742,1.0,0.0007630092,0.0074784714,-26.440868,2.1808662,0.7269554,0.17600001,0.0,0.12121231,2.3699982,2.3999982,259200
hardzero_plus_depr__c0p56__z1p00__lam0p030__nu0p50__psi1p00,hardzero_plus_depr,0.08,40,81,0.0,1,0.46369678,0.46369678,1.0875748,0.0,0.08173822,0.0,0.0,0.0072574494,-27.836285,2.3927124,0.7975708,0.17600001,0.0,0.14902705,2.3999982,2.4299982,262400
hardzero_plus_depr__c0p56__z1p00__lam0p030__nu0p50__psi1p00,hardzero_plus_depr,0.08,40,82,0.0,1,0.46369678,0.46369678,1.0029358,0.0,0.09932629,0.0,0.0,0.0070429593,-27.467571,2.2065027,0.73550093,0.112,0.0,0.15961297,2.4299982,2.4599981,265600
hardzero_plus_depr__c0p56__z1p00__lam0p030__nu0p50__psi1p00,hardzero_plus_depr,0.08,40,83,0.0,1,0.46369678,0.46369678,1.0677692,0.0,0.085552126,0.0,0.0,0.0068348083,-27.29554,2.349139,0.78304636,0.120000005,0.0,0.1428784,2.4599981,2.489998,268800
hardzero_plus_depr__c0p56__z1p00__lam0p030__nu0p50__psi1p00,hardzero_plus_depr,0.08,40,84,0.0,1,0.46369678,0.46436417,0.9973151,0.100620136,0.100620136,1.0,0.00066739426,0.00663281,-26.007828,2.194137,0.73137903,0.136,0.0,0.11863393,2.489998,2.519998,272000
hardzero_plus_depr__c0p56__z1p00__lam0p030__nu0p50__psi1p00,hardzero_plus_depr,0.08,40,85,0.0,1,0.46436417,0.46436417,1.0578818,0.0,0.08752218,0.0,0.0,0.006436781,-27.911161,2.3273864,0.77579546,0.128,0.0,0.15965445,2.519998,2.549998,275200
hardzero_plus_depr__c0p56__z1p00__lam0p030__nu0p50__psi1p00,hardzero_plus_depr,0.08,40,86,0.0,1,0.46436417,0.46436417,1.0360854,0.0,0.092026874,0.0,0.0,0.0062465454,-28.060215,2.2794333,0.7598111,0.120000005,0.0,0.15484804,2.549998,2.579998,278400
hardzero_plus_depr__c0p56__z1p00__lam0p030__nu0p50__psi1p00,hardzero_plus_depr,0.08,40,87,0.0,1,0.46436417,0.46499413,0.9832888,0.103922874,0.103922874,1.0,0.00062997336,0.0060619316,-26.151897,2.1632786,0.7210929,0.14400001,0.0,0.13876262,2.579998,2.609998,281600
hardzero_plus_depr__c0p56__z1p00__lam0p030__nu0p50__psi1p00,hardzero_plus_depr,0.08,40,88,0.0,1,0.46499413,0.46499413,1.0209694,0.0,0.095286325,0.0,0.0,0.005882776,-27.00075,2.2461774,0.74872583,0.17600001,0.0,0.16032682,2.609998,2.639998,284800
hardzero_plus_depr__c0p56__z1p00__lam0p030__nu0p50__psi1p00,hardzero_plus_depr,0.08,40,89,0.0,1,0.46499413,0.46499413,1.0057132,0.0,0.09869309,0.0,0.0,0.005708913,-27.069803,2.2126133,0.7375378,0.192,0.0,0.14976503,2.639998,2.669998,288000
hardzero_plus_depr__c0p56__z1p00__lam0p030__nu0p50__psi1p00,hardzero_plus_depr,0.08,40,90,0.0,1,0.46499413,0.46554902,0.99931186,0.10015858,0.10015858,1.0,0.0005548975,0.005540189,-27.116854,2.19853,0.73284334,0.16000001,0.0,0.12607458,2.669998,2.699998,291200
hardzero_plus_depr__c0p56__z1p00__lam0p030__nu0p50__psi1p00,hardzero_plus_depr,0.08,40,91,0.0,1,0.46554902,0.46554902,1.0184458,0.0,0.095841624,0.0,0.0,0.005376452,-26.825922,2.2406256,0.7468752,0.099999994,0.0,0.14539725,2.699998,2.7299979,294400
hardzero_plus_depr__c0p56__z1p00__lam0p030__nu0p50__psi1p00,hardzero_plus_depr,0.08,40,92,0.0,1,0.46554902,0.46554902,1.0792966,0.0,0.0833112,0.0,0.0,0.0052175545,-27.163403,2.3744998,0.7915,0.14400001,0.0,0.15773065,2.7299979,2.7599978,297600
hardzero_plus_depr__c0p56__z1p00__lam0p030__nu0p50__psi1p00,hardzero_plus_depr,0.08,40,93,0.0,1,0.46554902,0.46554902,1.0252165,0.0,0.09435905,0.0,0.0,0.0050633517,-27.461187,2.2555213,0.7518405,0.16000001,0.0,0.16526133,2.7599978,2.7899978,300800
hardzero_plus_depr__c0p56__z1p00__lam0p030__nu0p50__psi1p00,hardzero_plus_depr,0.08,40,94,0.0,1,0.46554902,0.46554902,1.0189419,0.0,0.09573221,0.0,0.0,0.0049137077,-27.227581,2.2417169,0.747239,0.136,0.0,0.14659213,2.7899978,2.8199978,304000
hardzero_plus_depr__c0p56__z1p00__lam0p030__nu0p50__psi1p00,hardzero_plus_depr,0.08,40,95,0.0,1,0.46554902,0.46554902,1.0704389,0.0,0.085027836,0.0,0.0,0.004768486,-27.717014,2.3550124,0.78500414,0.136,0.0,0.14727816,2.8199978,2.8499978,307200
hardzero_plus_depr__c0p56__z1p00__lam0p030__nu0p50__psi1p00,hardzero_plus_depr,0.08,40,96,0.0,1,0.46554902,0.46554902,1.0234987,0.0,0.09473301,0.0,0.0,0.004627556,-26.918755,2.2517421,0.7505807,0.16000001,0.0,0.12489245,2.8499978,2.8799977,310400
hardzero_plus_depr__c0p56__z1p00__lam0p030__nu0p50__psi1p00,hardzero_plus_depr,0.08,40,97,0.0,1,0.46554902,0.46554902,1.0929986,0.0,0.08072375,0.0,0.0,0.0044907914,-28.388676,2.404645,0.80154836,0.136,0.0,0.16785711,2.8799977,2.9099977,313600
hardzero_plus_depr__c0p56__z1p00__lam0p030__nu0p50__psi1p00,hardzero_plus_depr,0.08,40,98,0.0,1,0.46554902,0.46554902,1.0118771,0.0,0.09730225,0.0,0.0,0.004358068,-27.212557,2.2261739,0.742058,0.18400002,0.0,0.14622796,2.9099977,2.9399977,316800
hardzero_plus_depr__c0p56__z1p00__lam0p030__nu0p50__psi1p00,hardzero_plus_depr,0.08,40,99,0.0,1,0.46554902,0.46554902,1.0081981,0.0,0.098129995,0.0,0.0,0.0042292685,-26.418568,2.2180803,0.7393601,0.18400002,0.0,0.16623269,2.9399977,2.9699976,320000
hardzero_plus_depr__c0p56__z1p00__lam0p030__nu0p50__psi1p00,hardzero_plus_depr,0.08,40,100,0.0,1,0.46554902,0.46554902,1.009736,0.0,0.097783156,0.0,0.0,0.0041042743,-27.177177,2.2214634,0.7404878,0.17600001,0.0,0.14206858,2.9699976,2.9999976,323200
hardzero_plus_depr__c0p56__z1p00__lam0p030__nu0p50__psi1p00,hardzero_plus_depr,0.08,40,101,0.0,1,0.46554902,0.4659639,0.98227155,0.10416659,0.10416659,1.0,0.0004148929,0.0039829747,-26.376057,2.1610405,0.72034687,0.17600001,0.0,0.14497353,2.9999976,3.0299976,326400
hardzero_plus_depr__c0p56__z1p00__lam0p030__nu0p50__psi1p00,hardzero_plus_depr,0.08,40,102,0.0,1,0.4659639,0.4659639,1.0663215,0.0,0.08583778,0.0,0.0,0.0038652602,-28.517164,2.3459542,0.78198475,0.120000005,0.0,0.14283581,3.0299976,3.0599976,329600
hardzero_plus_depr__c0p56__z1p00__lam0p030__nu0p50__psi1p00,hardzero_plus_depr,0.08,40,103,0.0,1,0.4659639,0.4659639,1.0511408,0.0,0.088891275,0.0,0.0,0.0037510248,-26.981794,2.3125558,0.77085197,0.208,0.0,0.13416265,3.0599976,3.0899975,332800
hardzero_plus_depr__c0p56__z1p00__lam0p030__nu0p50__psi1p00,hardzero_plus_depr,0.08,40,104,0.0,1,0.4659639,0.4659639,1.0417343,0.0,0.090837605,0.0,0.0,0.0036401653,-28.183624,2.2918613,0.7639538,0.17999999,0.0,0.14678568,3.0899975,3.1199975,336000
hardzero_plus_depr__c0p56__z1p00__lam0p030__nu0p50__psi1p00,hardzero_plus_depr,0.08,40,105,0.0,1,0.4659639,0.4659639,1.0576689,0.0,0.087565094,0.0,0.0,0.0035325822,-27.276766,2.3269181,0.7756394,0.128,0.0,0.14516702,3.1199975,3.1499975,339200
hardzero_plus_depr__c0p56__z1p00__lam0p030__nu0p50__psi1p00,hardzero_plus_depr,0.08,40,106,0.0,1,0.4659639,0.4659639,1.0291505,0.0,0.093508154,0.0,0.0,0.0034281786,-27.055717,2.2641764,0.75472546,0.14400001,0.0,0.14005768,3.1499975,3.1799974,342400
hardzero_plus_depr__c0p56__z1p00__lam0p030__nu0p50__psi1p00,hardzero_plus_depr,0.08,40,107,0.0,1,0.4659639,0.4663207,0.96961033,0.10724812,0.10724812,1.0,0.00035679957,0.003326861,-26.394985,2.1331854,0.71106184,0.15200001,0.0,0.12282504,3.1799974,3.2099974,345600
hardzero_plus_depr__c0p56__z1p00__lam0p030__nu0p50__psi1p00,hardzero_plus_depr,0.08,40,108,0.0,1,0.4663207,0.4663207,1.0920889,0.0,0.080893025,0.0,0.0,0.0032285373,-28.25197,2.4026437,0.80088127,0.112,0.0,0.15966652,3.2099974,3.2399974,348800
hardzero_plus_depr__c0p56__z1p00__lam0p030__nu0p50__psi1p00,hardzero_plus_depr,0.08,40,109,0.0,1,0.4663207,0.46664,0.99175704,0.10191613,0.10191613,1.0,0.00031931544,0.0031331198,-26.88654,2.181909,0.727303,0.16000001,0.0,0.14921908,3.2399974,3.2699974,352000
hardzero_plus_depr__c0p56__z1p00__lam0p030__nu0p50__psi1p00,hardzero_plus_depr,0.08,40,110,0.0,1,0.46664,0.46664,1.0136425,0.0,0.09690751,0.0,0.0,0.0030405219,-26.554924,2.2300582,0.7433528,0.16000001,0.0,0.13765672,3.2699974,3.2999973,355200
hardzero_plus_depr__c0p56__z1p00__lam0p030__nu0p50__psi1p00,hardzero_plus_depr,0.08,40,111,0.0,1,0.46664,0.46664,1.0442251,0.0,0.090318106,0.0,0.0,0.0029506611,-27.639013,2.297341,0.7657804,0.064,0.0,0.15010804,3.2999973,3.3299973,358400
hardzero_plus_depr__c0p56__z1p00__lam0p030__nu0p50__psi1p00,hardzero_plus_depr,0.08,40,112,0.0,1,0.46664,0.46664,1.1009009,0.0,0.07926822,0.0,0.0,0.0028634563,-28.80748,2.4220302,0.8073434,0.136,0.0,0.16700938,3.3299973,3.3599973,361600
hardzero_plus_depr__c0p56__z1p00__lam0p030__nu0p50__psi1p00,hardzero_plus_depr,0.08,40,113,0.0,1,0.46664,0.46664,1.03156,0.0,0.09299081,0.0,0.0,0.0027788284,-27.279222,2.2694771,0.7564924,0.15200001,0.0,0.14353216,3.3599973,3.3899972,364800
hardzero_plus_depr__c0p56__z1p00__lam0p030__nu0p50__psi1p00,hardzero_plus_depr,0.08,40,114,0.0,1,0.46664,0.46664,1.00686,0.0,0.09843284,0.0,0.0,0.0026967016,-26.389046,2.2151363,0.73837876,0.216,0.0,0.13690656,3.3899972,3.4199972,368000
hardzero_plus_depr__c0p56__z1p00__lam0p030__nu0p50__psi1p00,hardzero_plus_depr,0.08,40,115,0.0,1,0.46664,0.46664,1.040716,0.0,0.09105083,0.0,0.0,0.002617002,-27.098494,2.289621,0.7632071,0.17600001,0.0,0.16108814,3.4199972,3.4499972,371200
hardzero_plus_depr__c0p56__z1p00__lam0p030__nu0p50__psi1p00,hardzero_plus_depr,0.08,40,116,0.0,1,0.46664,0.46689895,0.99153185,0.10196898,0.10196898,1.0,0.00025896635,0.002539658,-26.12644,2.1814137,0.7271379,0.208,0.0,0.14523077,3.4499972,3.4799972,374400
hardzero_plus_depr__c0p56__z1p00__lam0p030__nu0p50__psi1p00,hardzero_plus_depr,0.08,40,117,0.0,1,0.46689895,0.46689895,1.0002246,0.0,0.099948294,0.0,0.0,0.0024646,-26.915127,2.200538,0.73351264,0.16,0.0,0.14734553,3.4799972,3.5099971,377600
hardzero_plus_depr__c0p56__z1p00__lam0p030__nu0p50__psi1p00,hardzero_plus_depr,0.08,40,118,0.0,1,0.46689895,0.46689895,1.0917562,0.0,0.08095501,0.0,0.0,0.0023917598,-27.947723,2.4019117,0.80063725,0.18400002,0.0,0.15564889,3.5099971,3.539997,380800
hardzero_plus_depr__c0p56__z1p00__lam0p030__nu0p50__psi1p00,hardzero_plus_depr,0.08,40,119,0.0,1,0.46689895,0.46689895,1.0155662,0.0,0.09647921,0.0,0.0,0.0023210729,-27.30676,2.2342904,0.7447635,0.16800001,0.0,0.14599581,3.539997,3.569997,384000
hardzero_plus_depr__c0p56__z1p00__lam0p030__nu0p50__psi1p00,hardzero_plus_depr,0.08,40,120,0.0,1,0.46689895,0.46689895,1.0144544,0.0,0.09672652,0.0,0.0,0.002252475,-27.83391,2.2318442,0.7439481,0.192,0.0,0.16380745,3.569997,3.599997,387200
hardzero_plus_depr__c0p56__z1p00__lam0p030__nu0p50__psi1p00,hardzero_plus_depr,0.08,40,121,0.0,1,0.46689895,0.46689895,1.012545,0.0,0.09715273,0.0,0.0,0.0021859042,-27.097736,2.2276435,0.74254787,0.128,0.0,0.1402202,3.599997,3.629997,390400
hardzero_plus_depr__c0p56__z1p00__lam0p030__nu0p50__psi1p00,hardzero_plus_depr,0.08,40,122,0.0,1,0.46689895,0.46689895,1.051124,0.0,0.08889473,0.0,0.0,0.002121301,-27.87492,2.3125188,0.77083963,0.14400001,0.0,0.1721684,3.629997,3.659997,393600
hardzero_plus_depr__c0p56__z1p00__lam0p030__nu0p50__psi1p00,hardzero_plus_depr,0.08,40,123,0.0,1,0.46689895,0.46711096,0.98720163,0.10299078,0.10299078,1.0,0.00021201756,0.0020586073,-25.829185,2.171887,0.7239623,0.17600001,0.0,0.13154595,3.659997,3.689997,396800
hardzero_plus_depr__c0p56__z1p00__lam0p030__nu0p50__psi1p00,hardzero_plus_depr,0.08,40,124,0.0,1,0.46711096,0.46711096,1.0589559,0.0,0.08730599,0.0,0.0,0.0019977663,-27.373865,2.3297496,0.7765832,0.15200001,0.0,0.14685854,3.689997,3.719997,400000
hardzero_plus_depr__c0p56__z1p00__lam0p030__nu0p50__psi1p00,hardzero_plus_depr,0.08,40,125,0.0,1,0.46711096,0.46730784,0.9932983,0.10155509,0.10155509,1.0,0.00019688721,0.0019387233,-26.966333,2.1852999,0.7284333,0.17600001,0.0,0.15318912,3.719997,3.749997,403200
hardzero_plus_depr__c0p56__z1p00__lam0p030__nu0p50__psi1p00,hardzero_plus_depr,0.08,40,126,0.0,1,0.46730784,0.46730784,1.042795,0.0,0.09061602,0.0,0.0,0.0018814256,-27.23181,2.2941947,0.7647316,0.120000005,0.0,0.14155175,3.749997,3.7799969,406400
hardzero_plus_depr__c0p56__z1p00__lam0p030__nu0p50__psi1p00,hardzero_plus_depr,0.08,40,127,0.0,1,0.46730784,0.46730784,1.0107412,0.0,0.09755707,0.0,0.0,0.001825821,-27.501177,2.223675,0.741225,0.120000005,0.0,0.14712189,3.7799969,3.8099968,409600
hardzero_plus_depr__c0p56__z1p00__lam0p030__nu0p50__psi1p00,hardzero_plus_depr,0.08,40,128,0.0,1,0.46730784,0.46730784,1.0374463,0.0,0.091738954,0.0,0.0,0.0017718599,-27.129221,2.2824273,0.7608091,0.104,0.0,0.13818145,3.8099968,3.8399968,412800
hardzero_plus_depr__c0p56__z1p00__lam0p030__nu0p50__psi1p00,hardzero_plus_depr,0.08,40,129,0.0,1,0.46730784,0.46730784,1.0266683,0.0,0.09404412,0.0,0.0,0.0017194935,-27.281487,2.2587154,0.75290513,0.17600001,0.0,0.17122015,3.8399968,3.8699968,416000
hardzero_plus_depr__c0p56__z1p00__lam0p030__nu0p50__psi1p00,hardzero_plus_depr,0.08,40,130,0.0,1,0.46730784,0.46730784,1.0921407,0.0,0.080883384,0.0,0.0,0.0016686749,-27.969929,2.4027574,0.8009192,0.12,0.0,0.1739671,3.8699968,3.8999968,419200
hardzero_plus_depr__c0p56__z1p00__lam0p030__nu0p50__psi1p00,hardzero_plus_depr,0.08,40,131,0.0,1,0.46730784,0.46730784,1.0456262,0.0,0.09002721,0.0,0.0,0.0016193581,-27.733435,2.3004236,0.7668079,0.128,0.008,0.1393505,3.8999968,3.9299967,422400
hardzero_plus_depr__c0p56__z1p00__lam0p030__nu0p50__psi1p00,hardzero_plus_depr,0.08,40,132,0.0,1,0.46730784,0.46730784,1.0460432,0.0,0.08994082,0.0,0.0,0.0015714989,-27.438974,2.3013408,0.7671136,0.14400001,0.0,0.15185462,3.9299967,3.9599967,425600
hardzero_plus_depr__c0p56__z1p00__lam0p030__nu0p50__psi1p00,hardzero_plus_depr,0.08,40,133,0.0,1,0.46730784,0.46730784,1.0434145,0.0,0.090486854,0.0,0.0,0.0015250541,-27.945038,2.2955577,0.76518595,0.128,0.0,0.14928807,3.9599967,3.9899967,428800
hardzero_plus_depr__c0p56__z1p00__lam0p030__nu0p50__psi1p00,hardzero_plus_depr,0.08,40,134,0.0,1,0.46730784,0.46730784,1.0320351,0.0,0.092889115,0.0,0.0,0.0014799819,-26.940973,2.2705226,0.7568409,0.15200001,0.0,0.13975477,3.9899967,4.0199966,432000
hardzero_plus_depr__c0p56__z1p00__lam0p030__nu0p50__psi1p00,hardzero_plus_depr,0.08,40,135,0.0,1,0.46730784,0.46730784,1.044022,0.0,0.090360366,0.0,0.0,0.0014362421,-27.07169,2.296894,0.7656314,0.096,0.0,0.12641078,4.0199966,4.049997,435200
hardzero_plus_depr__c0p56__z1p00__lam0p030__nu0p50__psi1p00,hardzero_plus_depr,0.08,40,136,0.0,1,0.46730784,0.46730784,1.0214447,0.0,0.095182106,0.0,0.0,0.0013937942,-27.066048,2.2472231,0.7490744,0.192,0.0,0.13836025,4.049997,4.079997,438400
hardzero_plus_depr__c0p56__z1p00__lam0p030__nu0p50__psi1p00,hardzero_plus_depr,0.08,40,137,0.0,1,0.46730784,0.46730784,1.0637051,0.0,0.08635648,0.0,0.0,0.0013526012,-28.163174,2.3401978,0.78006595,0.08800001,0.0,0.1388768,4.079997,4.1099973,441600
hardzero_plus_depr__c0p56__z1p00__lam0p030__nu0p50__psi1p00,hardzero_plus_depr,0.08,40,138,0.0,1,0.46730784,0.46730784,1.054044,0.0,0.088299036,0.0,0.0,0.0013126255,-27.65361,2.318943,0.77298105,0.08800001,0.0,0.15352632,4.1099973,4.1399975,444800
hardzero_plus_depr__c0p56__z1p00__lam0p030__nu0p50__psi1p00,hardzero_plus_depr,0.08,40,139,0.0,1,0.46730784,0.46730784,1.0787996,0.0,0.0834066,0.0,0.0,0.0012738312,-28.16999,2.3734066,0.79113555,0.14400001,0.0,0.1623335,4.1399975,4.1699977,448000
hardzero_plus_depr__c0p56__z1p00__lam0p030__nu0p50__psi1p00,hardzero_plus_depr,0.08,40,140,0.0,1,0.46730784,0.46730784,1.0643601,0.0,0.086226314,0.0,0.0,0.0012361837,-28.046087,2.341639,0.78054637,0.16800001,0.0,0.16206409,4.1699977,4.199998,451200
hardzero_plus_depr__c0p56__z1p00__lam0p030__nu0p50__psi1p00,hardzero_plus_depr,0.08,40,141,0.0,1,0.46730784,0.46730784,1.0200536,0.0,0.09548745,0.0,0.0,0.0011996486,-27.23973,2.2441628,0.74805427,0.136,0.0,0.16176796,4.199998,4.229998,454400
hardzero_plus_depr__c0p56__z1p00__lam0p030__nu0p50__psi1p00,hardzero_plus_depr,0.08,40,142,0.0,1,0.46730784,0.46730784,1.064941,0.0,0.08611106,0.0,0.0,0.0011641934,-27.34877,2.342917,0.78097236,0.192,0.0,0.16454618,4.229998,4.2599983,457600
hardzero_plus_depr__c0p56__z1p00__lam0p030__nu0p50__psi1p00,hardzero_plus_depr,0.08,40,143,0.0,1,0.46730784,0.46742123,0.9983477,0.100381166,0.100381166,1.0,0.00011340925,0.0011297861,-26.0094,2.1964087,0.73213625,0.22,0.0,0.11702449,4.2599983,4.2899985,460800
hardzero_plus_depr__c0p56__z1p00__lam0p030__nu0p50__psi1p00,hardzero_plus_depr,0.08,40,144,0.0,1,0.46742123,0.46742123,1.0540352,0.0,0.08830083,0.0,0.0,0.0010963957,-27.875607,2.3189237,0.7729746,0.120000005,0.0,0.1622247,4.2899985,4.3199987,464000
hardzero_plus_depr__c0p56__z1p00__lam0p030__nu0p50__psi1p00,hardzero_plus_depr,0.08,40,145,0.0,1,0.46742123,0.46753788,0.96003556,0.10963883,0.10963883,1.0,0.000116654846,0.001063992,-25.833805,2.1121204,0.70404017,0.17600001,0.0,0.13269995,4.3199987,4.349999,467200
hardzero_plus_depr__c0p56__z1p00__lam0p030__nu0p50__psi1p00,hardzero_plus_depr,0.08,40,146,0.0,1,0.46753788,0.46753788,1.0310912,0.0,0.093091235,0.0,0.0,0.0010325462,-26.769123,2.268446,0.7561487,0.14400001,0.0,0.16397329,4.349999,4.379999,470400
hardzero_plus_depr__c0p56__z1p00__lam0p030__nu0p50__psi1p00,hardzero_plus_depr,0.08,40,147,0.0,1,0.46753788,0.46753788,1.0361446,0.0,0.09201432,0.0,0.0,0.0010020295,-27.613884,2.2795637,0.75985456,0.17600001,0.0,0.14575782,4.379999,4.4099994,473600
hardzero_plus_depr__c0p56__z1p00__lam0p030__nu0p50__psi1p00,hardzero_plus_depr,0.08,40,148,0.0,1,0.46753788,0.46753788,1.0219862,0.0,0.0950635,0.0,0.0,0.000972415,-27.211794,2.2484145,0.74947155,0.14400001,0.0,0.14796595,4.4099994,4.4399996,476800
hardzero_plus_depr__c0p56__z1p00__lam0p030__nu0p50__psi1p00,hardzero_plus_depr,0.08,40,149,0.0,1,0.46753788,0.46753788,1.0179789,0.0,0.09594471,0.0,0.0,0.00094367546,-27.562607,2.2395983,0.7465328,0.192,0.0,0.15807003,4.4399996,4.47,480000
hardzero_plus_depr__c0p56__z1p00__lam0p030__nu0p50__psi1p00,hardzero_plus_depr,0.08,40,150,0.0,1,0.46753788,0.46753788,1.0612047,0.0,0.08685509,0.0,0.0,0.00091578544,-27.558832,2.3346968,0.7782323,0.15200001,0.0,0.13846491,4.47,4.5,483200
hardzero_plus_depr__c0p56__z1p00__lam0p030__nu0p50__psi1p00,hardzero_plus_depr,0.08,40,151,0.0,1,0.46753788,0.46753788,1.0616636,0.0,0.08676336,0.0,0.0,0.00088871975,-28.629648,2.3357067,0.7785689,0.192,0.0,0.16136985,4.5,4.53,486400
hardzero_plus_depr__c0p56__z1p00__lam0p030__nu0p50__psi1p00,hardzero_plus_depr,0.08,40,152,0.0,1,0.46753788,0.46753788,1.010151,0.0,0.09768974,0.0,0.0,0.00086245395,-27.471539,2.2223766,0.7407922,0.16800001,0.0,0.14378256,4.53,4.5600004,489600
hardzero_plus_depr__c0p56__z1p00__lam0p030__nu0p50__psi1p00,hardzero_plus_depr,0.08,40,153,0.0,1,0.46753788,0.46753788,1.0602145,0.0,0.08705334,0.0,0.0,0.0008369643,-27.24324,2.3325186,0.77750623,0.16800001,0.0,0.1541349,4.5600004,4.5900006,492800
hardzero_plus_depr__c0p56__z1p00__lam0p030__nu0p50__psi1p00,hardzero_plus_depr,0.08,40,154,0.0,1,0.46753788,0.46753788,1.0180734,0.0,0.09592383,0.0,0.0,0.00081222807,-27.480114,2.2398062,0.74660206,0.16000001,0.008,0.20619339,4.5900006,4.620001,496000
hardzero_plus_depr__c0p56__z1p00__lam0p030__nu0p50__psi1p00,hardzero_plus_depr,0.08,40,155,0.0,1,0.46753788,0.46753788,1.051665,0.0,0.08878406,0.0,0.0,0.000788223,-27.611849,2.313709,0.77123636,0.136,0.0,0.16532512,4.620001,4.650001,499200
hardzero_plus_depr__c0p56__z1p00__lam0p030__nu0p50__psi1p00,hardzero_plus_depr,0.08,40,156,0.0,1,0.46753788,0.46753788,1.0242977,0.0,0.094558865,0.0,0.0,0.0007649273,-27.362572,2.2535,0.7511667,0.16,0.0,0.1616819,4.650001,4.6800013,502400
hardzero_plus_depr__c0p56__z1p00__lam0p030__nu0p50__psi1p00,hardzero_plus_depr,0.08,40,157,0.0,1,0.46753788,0.46753788,1.0745455,0.0,0.08422762,0.0,0.0,0.0007423202,-27.456871,2.3640473,0.7880158,0.16000001,0.0,0.15509003,4.6800013,4.7100015,505600
hardzero_plus_depr__c0p56__z1p00__lam0p030__nu0p50__psi1p00,hardzero_plus_depr,0.08,40,158,0.0,1,0.46753788,0.46753788,1.0259405,0.0,0.094201855,0.0,0.0,0.0007203811,-27.094757,2.2571142,0.75237143,0.17600001,0.008,0.12194138,4.7100015,4.7400017,508800
hardzero_plus_depr__c0p56__z1p00__lam0p030__nu0p50__psi1p00,hardzero_plus_depr,0.08,40,159,0.0,1,0.46753788,0.46753788,1.057189,0.0,0.08766193,0.0,0.0,0.0006990905,-26.957111,2.3258622,0.7752874,0.120000005,0.0,0.17883441,4.7400017,4.770002,512000
hardzero_plus_depr__c0p56__z1p00__lam0p030__nu0p50__psi1p00,hardzero_plus_depr,0.08,40,160,0.0,1,0.46753788,0.46753788,1.1046934,0.0,0.078579016,0.0,0.0,0.00067842915,-28.05199,2.430374,0.81012464,0.08800001,0.0,0.13988228,4.770002,4.800002,515200
hardzero_plus_depr__c0p56__z1p00__lam0p030__nu0p50__psi1p00,hardzero_plus_depr,0.08,40,161,0.0,1,0.46753788,0.46753788,1.0339832,0.0,0.09247339,0.0,0.0,0.00065837835,-27.471262,2.2748086,0.75826955,0.136,0.0,0.14529026,4.800002,4.8300023,518400
hardzero_plus_depr__c0p56__z1p00__lam0p030__nu0p50__psi1p00,hardzero_plus_depr,0.08,40,162,0.0,1,0.46753788,0.4676047,0.98065543,0.104554944,0.104554944,1.0,6.680227e-05,0.00063892023,-26.039385,2.157485,0.7191617,0.256,0.0,0.12588777,4.8300023,4.8600025,521600
hardzero_plus_depr__c0p56__z1p00__lam0p030__nu0p50__psi1p00,hardzero_plus_depr,0.08,40,163,0.0,1,0.4676047,0.4676047,1.0251399,0.0,0.09437567,0.0,0.0,0.00062003714,-26.50516,2.255353,0.7517843,0.224,0.0,0.14942966,4.8600025,4.8900027,524800
hardzero_plus_depr__c0p56__z1p00__lam0p030__nu0p50__psi1p00,hardzero_plus_depr,0.08,40,164,0.0,1,0.4676047,0.4676047,1.0582979,0.0,0.087438375,0.0,0.0,0.00060171215,-27.763416,2.328302,0.77610064,0.136,0.0,0.16215047,4.8900027,4.920003,528000
hardzero_plus_depr__c0p56__z1p00__lam0p030__nu0p50__psi1p00,hardzero_plus_depr,0.08,40,165,0.0,1,0.4676047,0.4676047,1.0190498,0.0,0.09570843,0.0,0.0,0.0005839287,-26.808556,2.2419543,0.74731815,0.192,0.0,0.14303093,4.920003,4.950003,531200
hardzero_plus_depr__c0p56__z1p00__lam0p030__nu0p50__psi1p00,hardzero_plus_depr,0.08,40,166,0.0,1,0.4676047,0.4676047,1.0517272,0.0,0.08877134,0.0,0.0,0.0005666709,-27.577368,2.313846,0.7712821,0.18400002,0.0,0.141176,4.950003,4.9800034,534400
hardzero_plus_depr__c0p56__z1p00__lam0p030__nu0p50__psi1p00,hardzero_plus_depr,0.08,40,167,0.0,1,0.4676047,0.4676047,1.0941391,0.0,0.080512054,0.0,0.0,0.0005499231,-27.355078,2.407154,0.80238473,0.112,0.0,0.13623515,4.9800034,5.0100036,537600
hardzero_plus_depr__c0p56__z1p00__lam0p030__nu0p50__psi1p00,hardzero_plus_depr,0.08,40,168,0.0,1,0.4676047,0.4676047,1.0366954,0.0,0.09189771,0.0,0.0,0.00053367036,-27.525513,2.2807753,0.76025844,0.128,0.0,0.13859911,5.0100036,5.040004,540800
hardzero_plus_depr__c0p56__z1p00__lam0p030__nu0p50__psi1p00,hardzero_plus_depr,0.08,40,169,0.0,1,0.4676047,0.4676047,1.0155876,0.0,0.09647446,0.0,0.0,0.0005178979,-26.471178,2.2343373,0.7447791,0.17,0.0,0.14081027,5.040004,5.070004,544000
hardzero_plus_depr__c0p56__z1p00__lam0p030__nu0p50__psi1p00,hardzero_plus_depr,0.08,40,170,0.0,1,0.4676047,0.4676047,1.0367576,0.0,0.09188454,0.0,0.0,0.00050259155,-27.015398,2.2809122,0.7603041,0.128,0.0,0.14396563,5.070004,5.100004,547200
hardzero_plus_depr__c0p56__z1p00__lam0p030__nu0p50__psi1p00,hardzero_plus_depr,0.08,40,171,0.0,1,0.4676047,0.4676047,1.0301224,0.0,0.093299136,0.0,0.0,0.00048773768,-27.031862,2.2663145,0.7554382,0.17600001,0.0,0.15912077,5.100004,5.1300044,550400
hardzero_plus_depr__c0p56__z1p00__lam0p030__nu0p50__psi1p00,hardzero_plus_depr,0.08,40,172,0.0,1,0.4676047,0.467654,0.98233145,0.10415221,0.10415221,1.0,4.929761e-05,0.00047332275,-26.018051,2.1611724,0.7203908,0.17600001,0.0,0.131999,5.1300044,5.1600046,553600
hardzero_plus_depr__c0p56__z1p00__lam0p030__nu0p50__psi1p00,hardzero_plus_depr,0.08,40,173,0.0,1,0.467654,0.467654,1.0553756,0.0,0.08802872,0.0,0.0,0.00045933382,-27.097212,2.3218727,0.7739576,0.104,0.0,0.15746064,5.1600046,5.190005,556800
hardzero_plus_depr__c0p56__z1p00__lam0p030__nu0p50__psi1p00,hardzero_plus_depr,0.08,40,174,0.0,1,0.467654,0.467654,1.1187963,0.0,0.0760683,0.0,0.0,0.0004457584,-28.495504,2.461401,0.820467,0.128,0.0,0.1504897,5.190005,5.220005,560000
hardzero_plus_depr__c0p56__z1p00__lam0p030__nu0p50__psi1p00,hardzero_plus_depr,0.08,40,175,0.0,1,0.467654,0.46769735,0.99909467,0.10020867,0.10020867,1.0,4.334868e-05,0.00043258411,-26.696848,2.1980522,0.7326841,0.2,0.0,0.1507315,5.220005,5.2500052,563200
hardzero_plus_depr__c0p56__z1p00__lam0p030__nu0p50__psi1p00,hardzero_plus_depr,0.08,40,176,0.0,1,0.46769735,0.4677403,0.9901874,0.10228513,0.10228513,1.0,4.2939228e-05,0.0004197993,-25.836752,2.1784558,0.72615194,0.192,0.0,0.13376175,5.2500052,5.2800055,566400
hardzero_plus_depr__c0p56__z1p00__lam0p030__nu0p50__psi1p00,hardzero_plus_depr,0.08,40,177,0.0,1,0.4677403,0.4677403,1.071744,0.0,0.08477269,0.0,0.0,0.00040739222,-27.81701,2.357884,0.78596133,0.16000001,0.0,0.15390186,5.2800055,5.3100057,569600
hardzero_plus_depr__c0p56__z1p00__lam0p030__nu0p50__psi1p00,hardzero_plus_depr,0.08,40,178,0.0,1,0.4677403,0.4677403,1.0214736,0.0,0.09517575,0.0,0.0,0.0003953519,-26.228397,2.2472868,0.7490956,0.2,0.0,0.14107366,5.3100057,5.340006,572800
hardzero_plus_depr__c0p56__z1p00__lam0p030__nu0p50__psi1p00,hardzero_plus_depr,0.08,40,179,0.0,1,0.4677403,0.4677403,1.0895154,0.0,0.08137379,0.0,0.0,0.00038366742,-29.02436,2.3969817,0.79899395,0.136,0.0,0.15993655,5.340006,5.370006,576000
hardzero_plus_depr__c0p56__z1p00__lam0p030__nu0p50__psi1p00,hardzero_plus_depr,0.08,40,180,0.0,1,0.4677403,0.4677403,1.0720758,0.0,0.08470794,0.0,0.0,0.00037232824,-28.456745,2.358614,0.7862047,0.128,0.0,0.14643988,5.370006,5.4000063,579200
hardzero_plus_depr__c0p56__z1p00__lam0p030__nu0p50__psi1p00,hardzero_plus_depr,0.08,40,181,0.0,1,0.4677403,0.4677403,1.0287063,0.0,0.09360384,0.0,0.0,0.0003613242,-27.29151,2.263199,0.7543997,0.16800001,0.0,0.14453071,5.4000063,5.4300065,582400
hardzero_plus_depr__c0p56__z1p00__lam0p030__nu0p50__psi1p00,hardzero_plus_depr,0.08,40,182,0.0,1,0.4677403,0.46777993,0.9467666,0.11304031,0.11304031,1.0,3.9637067e-05,0.0003506454,-25.681597,2.0829282,0.6943094,0.11,0.0,0.14180048,5.4300065,5.4600067,585600
hardzero_plus_depr__c0p56__z1p00__lam0p030__nu0p50__psi1p00,hardzero_plus_depr,0.08,40,183,0.0,1,0.46777993,0.46777993,1.026694,0.0,0.09403856,0.0,0.0,0.00034028216,-27.108126,2.2587721,0.7529241,0.120000005,0.0,0.15143903,5.4600067,5.490007,588800
hardzero_plus_depr__c0p56__z1p00__lam0p030__nu0p50__psi1p00,hardzero_plus_depr,0.08,40,184,0.0,1,0.46777993,0.46777993,1.0593094,0.0,0.08723496,0.0,0.0,0.00033022522,-27.74899,2.330527,0.77684236,0.096,0.0,0.15581428,5.490007,5.520007,592000
hardzero_plus_depr__c0p56__z1p00__lam0p030__nu0p50__psi1p00,hardzero_plus_depr,0.08,40,185,0.0,1,0.46777993,0.4678128,0.9888281,0.10260579,0.10260579,1.0,3.2881624e-05,0.00032046557,-27.340391,2.1754653,0.7251551,0.18400002,0.0,0.16675715,5.520007,5.5500073,595200
hardzero_plus_depr__c0p56__z1p00__lam0p030__nu0p50__psi1p00,hardzero_plus_depr,0.08,40,186,0.0,1,0.4678128,0.4678128,1.1049579,0.0,0.07853116,0.0,0.0,0.00031099428,-27.888334,2.4309561,0.8103187,0.096,0.0,0.1786431,5.5500073,5.5800076,598400
hardzero_plus_depr__c0p56__z1p00__lam0p030__nu0p50__psi1p00,hardzero_plus_depr,0.08,40,187,0.0,1,0.4678128,0.46784315,0.9977654,0.10051585,0.10051585,1.0,3.0335981e-05,0.00030180297,-26.199022,2.1951277,0.73170924,0.18400002,0.0,0.11596523,5.5800076,5.610008,601600
hardzero_plus_depr__c0p56__z1p00__lam0p030__nu0p50__psi1p00,hardzero_plus_depr,0.08,40,188,0.0,1,0.46784315,0.46784315,1.0087141,0.0,0.098013505,0.0,0.0,0.00029288325,-26.955256,2.2192154,0.73973846,0.17600001,0.0,0.15495242,5.610008,5.640008,604800
hardzero_plus_depr__c0p56__z1p00__lam0p030__nu0p50__psi1p00,hardzero_plus_depr,0.08,40,189,0.0,1,0.46784315,0.46787316,0.9765515,0.10554764,0.10554764,1.0,2.9999508e-05,0.0002842272,-26.352596,2.148456,0.7161521,0.208,0.0,0.13981143,5.640008,5.670008,608000
hardzero_plus_depr__c0p56__z1p00__lam0p030__nu0p50__psi1p00,hardzero_plus_depr,0.08,40,190,0.0,1,0.46787316,0.46790195,0.98145056,0.104363695,0.104363695,1.0,2.878632e-05,0.00027582695,-26.773624,2.1592343,0.7197448,0.16000001,0.0,0.13849638,5.670008,5.7000084,611200
hardzero_plus_depr__c0p56__z1p00__lam0p030__nu0p50__psi1p00,hardzero_plus_depr,0.08,40,191,0.0,1,0.46790195,0.46790195,1.0316073,0.0,0.092980675,0.0,0.0,0.000267675,-27.261383,2.2695813,0.7565271,0.16800001,0.0,0.16079968,5.7000084,5.7300086,614400
hardzero_plus_depr__c0p56__z1p00__lam0p030__nu0p50__psi1p00,hardzero_plus_depr,0.08,40,192,0.0,1,0.46790195,0.46790195,1.0061172,0.0,0.09860132,0.0,0.0,0.00025976394,-27.107563,2.2135022,0.7378341,0.18400002,0.0,0.14432925,5.7300086,5.760009,617600
hardzero_plus_depr__c0p56__z1p00__lam0p030__nu0p50__psi1p00,hardzero_plus_depr,0.08,40,193,0.0,1,0.46790195,0.46790195,1.0344563,0.0,0.09237271,0.0,0.0,0.0002520867,-27.866516,2.275849,0.7586164,0.16800001,0.0,0.14555414,5.760009,5.790009,620800
hardzero_plus_depr__c0p56__z1p00__lam0p030__nu0p50__psi1p00,hardzero_plus_depr,0.08,40,194,0.0,1,0.46790195,0.46790195,1.0001093,0.0,0.099974826,0.0,0.0,0.00024463635,-26.42711,2.2002845,0.7334282,0.16000001,0.0,0.1546042,5.790009,5.820009,624000
hardzero_plus_depr__c0p56__z1p00__lam0p030__nu0p50__psi1p00,hardzero_plus_depr,0.08,40,195,0.0,1,0.46790195,0.46792823,0.9557337,0.11073024,0.11073024,1.0,2.628805e-05,0.00023740623,-25.73919,2.1026561,0.7008854,0.17,0.0,0.13616492,5.820009,5.8500094,627200
hardzero_plus_depr__c0p56__z1p00__lam0p030__nu0p50__psi1p00,hardzero_plus_depr,0.08,40,196,0.0,1,0.46792823,0.46792823,1.0338432,0.0,0.092503205,0.0,0.0,0.00023038975,-27.075846,2.2745004,0.7581668,0.128,0.0,0.13148963,5.8500094,5.8800097,630400
hardzero_plus_depr__c0p56__z1p00__lam0p030__nu0p50__psi1p00,hardzero_plus_depr,0.08,40,197,0.0,1,0.46792823,0.46792823,1.0620973,0.0,0.086676754,0.0,0.0,0.00022358065,-28.405146,2.3366609,0.778887,0.128,0.0,0.15435867,5.8800097,5.91001,633600
hardzero_plus_depr__c0p56__z1p00__lam0p030__nu0p50__psi1p00,hardzero_plus_depr,0.08,40,198,0.0,1,0.46792823,0.46792823,1.0065818,0.0,0.098495916,0.0,0.0,0.00021697281,-26.328922,2.214524,0.7381747,0.18400002,0.0,0.13893189,5.91001,5.94001,636800
hardzero_plus_depr__c0p56__z1p00__lam0p030__nu0p50__psi1p00,hardzero_plus_depr,0.08,40,199,0.0,1,0.46792823,0.46792823,1.0545648,0.0,0.088193215,0.0,0.0,0.00021056026,-26.831821,2.3200889,0.773363,0.16800001,0.0,0.18595749,5.94001,5.9700103,640000
hardzero_plus_depr__c0p56__z1p00__lam0p030__nu0p50__psi1p00,hardzero_plus_depr,0.08,40,200,0.0,1,0.46792823,0.46794966,0.97920305,0.10490519,0.10490519,1.0,2.1436032e-05,0.0002043372,-27.046848,2.1542897,0.7180966,0.15200001,0.0,0.14446,5.9700103,6.0000105,643200
hardzero_plus_depr__c0p56__z1p00__lam0p030__nu0p50__psi1p00,hardzero_plus_depr,0.08,40,201,0.0,1,0.46794966,0.46796972,0.99495226,0.101169065,0.101169065,1.0,2.0061632e-05,0.00019829809,-27.47923,2.1889386,0.7296462,0.14400001,0.0,0.14203419,6.0000105,6.0300107,646400
hardzero_plus_depr__c0p56__z1p00__lam0p030__nu0p50__psi1p00,hardzero_plus_depr,0.08,40,202,0.0,1,0.46796972,0.46796972,1.0351143,0.0,0.09223286,0.0,0.0,0.00019243745,-27.241804,2.277297,0.759099,0.16800001,0.0,0.14179954,6.0300107,6.060011,649600
hardzero_plus_depr__c0p56__z1p00__lam0p030__nu0p50__psi1p00,hardzero_plus_depr,0.08,40,203,0.0,1,0.46796972,0.46796972,1.0489327,0.0,0.0893444,0.0,0.0,0.00018675003,-27.567595,2.307698,0.7692327,0.112,0.0,0.15361923,6.060011,6.090011,652800
hardzero_plus_depr__c0p56__z1p00__lam0p030__nu0p50__psi1p00,hardzero_plus_depr,0.08,40,204,0.0,1,0.46796972,0.46796972,1.0605733,0.0,0.086981446,0.0,0.0,0.00018123069,-27.537493,2.333308,0.7777693,0.15200001,0.0,0.14492658,6.090011,6.1200113,656000
hardzero_plus_depr__c0p56__z1p00__lam0p030__nu0p50__psi1p00,hardzero_plus_depr,0.08,40,205,0.0,1,0.46796972,0.46796972,1.0288688,0.0,0.09356884,0.0,0.0,0.00017587448,-28.207966,2.2635565,0.75451887,0.120000005,0.0,0.15857722,6.1200113,6.1500115,659200
hardzero_plus_depr__c0p56__z1p00__lam0p030__nu0p50__psi1p00,hardzero_plus_depr,0.08,40,206,0.0,1,0.46796972,0.46796972,1.0650657,0.0,0.08608634,0.0,0.0,0.00017067656,-27.450241,2.3431914,0.7810638,0.104,0.0,0.14153892,6.1500115,6.1800117,662400
hardzero_plus_depr__c0p56__z1p00__lam0p030__nu0p50__psi1p00,hardzero_plus_depr,0.08,40,207,0.0,1,0.46796972,0.46796972,1.0332689,0.0,0.092625596,0.0,0.0,0.00016563229,-26.550146,2.273237,0.7577457,0.192,0.0,0.15308456,6.1800117,6.210012,665600
hardzero_plus_depr__c0p56__z1p00__lam0p030__nu0p50__psi1p00,hardzero_plus_depr,0.08,40,208,0.0,1,0.46796972,0.46796972,1.0138464,0.0,0.09686203,0.0,0.0,0.00016073707,-27.712769,2.2305067,0.74350226,0.099999994,0.0,0.14529377,6.210012,6.240012,668800
hardzero_plus_depr__c0p56__z1p00__lam0p030__nu0p50__psi1p00,hardzero_plus_depr,0.08,40,209,0.0,1,0.46796972,0.46796972,1.0288433,0.0,0.09357433,0.0,0.0,0.00015598655,-27.134932,2.2635005,0.75450015,0.2,0.008,0.1366159,6.240012,6.2700124,672000
hardzero_plus_depr__c0p56__z1p00__lam0p030__nu0p50__psi1p00,hardzero_plus_depr,0.08,40,210,0.0,1,0.46796972,0.46796972,1.0482318,0.0,0.089488685,0.0,0.0,0.00015137641,-28.44682,2.3061562,0.7687187,0.16000001,0.0,0.1748643,6.2700124,6.3000126,675200
hardzero_plus_depr__c0p56__z1p00__lam0p030__nu0p50__psi1p00,hardzero_plus_depr,0.08,40,211,0.0,1,0.46796972,0.46796972,1.0022355,0.0,0.099486575,0.0,0.0,0.00014690253,-26.48682,2.2049623,0.73498744,0.112,0.0,0.14043373,6.3000126,6.330013,678400
hardzero_plus_depr__c0p56__z1p00__lam0p030__nu0p50__psi1p00,hardzero_plus_depr,0.08,40,212,0.0,1,0.46796972,0.46796972,1.0357965,0.0,0.09208808,0.0,0.0,0.00014256088,-27.188303,2.2787979,0.7595993,0.18400002,0.0,0.12174281,6.330013,6.360013,681600
hardzero_plus_depr__c0p56__z1p00__lam0p030__nu0p50__psi1p00,hardzero_plus_depr,0.08,40,213,0.0,1,0.46796972,0.46796972,1.0692396,0.0,0.08526296,0.0,0.0,0.00013834753,-27.905329,2.352374,0.78412473,0.096,0.0,0.15770164,6.360013,6.390013,684800
hardzero_plus_depr__c0p56__z1p00__lam0p030__nu0p50__psi1p00,hardzero_plus_depr,0.08,40,214,0.0,1,0.46796972,0.46796972,1.0119271,0.0,0.097291045,0.0,0.0,0.00013425872,-27.556433,2.226284,0.7420947,0.16800001,0.0,0.12719065,6.390013,6.4200134,688000
hardzero_plus_depr__c0p56__z1p00__lam0p030__nu0p50__psi1p00,hardzero_plus_depr,0.08,40,215,0.0,1,0.46796972,0.46796972,1.0583236,0.0,0.087433204,0.0,0.0,0.00013029075,-27.472443,2.3283584,0.7761195,0.224,0.0,0.15830104,6.4200134,6.4500136,691200
hardzero_plus_depr__c0p56__z1p00__lam0p030__nu0p50__psi1p00,hardzero_plus_depr,0.08,40,216,0.0,1,0.46796972,0.46796972,1.0569259,0.0,0.08771504,0.0,0.0,0.00012644005,-27.556175,2.3252833,0.77509445,0.14400001,0.0,0.150143,6.4500136,6.480014,694400
hardzero_plus_depr__c0p56__z1p00__lam0p030__nu0p50__psi1p00,hardzero_plus_depr,0.08,40,217,0.0,1,0.46796972,0.46798223,0.9915853,0.10195645,0.10195645,1.0,1.2510377e-05,0.00012270315,-27.179358,2.1815312,0.7271771,0.24000001,0.0,0.13408132,6.480014,6.510014,697600
hardzero_plus_depr__c0p56__z1p00__lam0p030__nu0p50__psi1p00,hardzero_plus_depr,0.08,40,218,0.0,1,0.46798223,0.46798223,1.0267228,0.0,0.094032325,0.0,0.0,0.00011907671,-27.270435,2.2588353,0.7529451,0.14400001,0.0,0.1366327,6.510014,6.5400143,700800
hardzero_plus_depr__c0p56__z1p00__lam0p030__nu0p50__psi1p00,hardzero_plus_depr,0.08,40,219,0.0,1,0.46798223,0.46799433,0.9795383,0.10482424,0.10482424,1.0,1.2113219e-05,0.00011555742,-25.938457,2.1550274,0.7183425,0.17600001,0.0,0.15523975,6.5400143,6.5700145,704000
hardzero_plus_depr__c0p56__z1p00__lam0p030__nu0p50__psi1p00,hardzero_plus_depr,0.08,40,220,0.0,1,0.46799433,0.46799433,1.0662497,0.0,0.08585197,0.0,0.0,0.00011214217,-28.683931,2.3457963,0.7819321,0.16800001,0.0,0.17925923,6.5700145,6.6000147,707200
hardzero_plus_depr__c0p56__z1p00__lam0p030__nu0p50__psi1p00,hardzero_plus_depr,0.08,40,221,0.0,1,0.46799433,0.46799433,1.0871483,0.0,0.08181853,0.0,0.0,0.00010882784,-27.953508,2.391774,0.797258,0.099999994,0.0,0.14272955,6.6000147,6.630015,710400
hardzero_plus_depr__c0p56__z1p00__lam0p030__nu0p50__psi1p00,hardzero_plus_depr,0.08,40,222,0.0,1,0.46799433,0.46799433,1.0638115,0.0,0.08633532,0.0,0.0,0.00010561148,-27.71066,2.3404322,0.7801441,0.2,0.0,0.13347952,6.630015,6.660015,713600
hardzero_plus_depr__c0p56__z1p00__lam0p030__nu0p50__psi1p00,hardzero_plus_depr,0.08,40,223,0.0,1,0.46799433,0.46799433,1.0009652,0.0,0.09977799,0.0,0.0,0.00010249016,-27.280602,2.2021675,0.7340559,0.128,0.0,0.17451708,6.660015,6.6900153,716800
hardzero_plus_depr__c0p56__z1p00__lam0p030__nu0p50__psi1p00,hardzero_plus_depr,0.08,40,224,0.0,1,0.46799433,0.46799433,1.0754085,0.0,0.08406042,0.0,0.0,9.94611e-05,-28.371965,2.3659458,0.7886486,0.14400001,0.0,0.17524189,6.6900153,6.7200155,720000
hardzero_plus_depr__c0p56__z1p00__lam0p030__nu0p50__psi1p00,hardzero_plus_depr,0.08,40,225,0.0,1,0.46799433,0.46799433,1.0328871,0.0,0.092707075,0.0,0.0,9.652156e-05,-27.594404,2.272397,0.7574657,0.14400001,0.0,0.13520119,6.7200155,6.7500157,723200
hardzero_plus_depr__c0p56__z1p00__lam0p030__nu0p50__psi1p00,hardzero_plus_depr,0.08,40,226,0.0,1,0.46799433,0.46799433,1.0740877,0.0,0.08431644,0.0,0.0,9.3668896e-05,-27.946577,2.3630402,0.7876801,0.128,0.0,0.14483902,6.7500157,6.780016,726400
hardzero_plus_depr__c0p56__z1p00__lam0p030__nu0p50__psi1p00,hardzero_plus_depr,0.08,40,227,0.0,1,0.46799433,0.46799433,1.0831013,0.0,0.08258452,0.0,0.0,9.090054e-05,-28.829802,2.3828704,0.7942902,0.16000001,0.0,0.15859546,6.780016,6.810016,729600
hardzero_plus_depr__c0p56__z1p00__lam0p030__nu0p50__psi1p00,hardzero_plus_depr,0.08,40,228,0.0,1,0.46799433,0.46799433,1.011289,0.0,0.09743411,0.0,0.0,8.8213994e-05,-26.64869,2.2248802,0.74162674,0.072000004,0.0,0.12531935,6.810016,6.8400164,732800
hardzero_plus_depr__c0p56__z1p00__lam0p030__nu0p50__psi1p00,hardzero_plus_depr,0.08,40,229,0.0,1,0.46799433,0.46799433,1.0444179,0.0,0.09027805,0.0,0.0,8.560687e-05,-27.60573,2.2977653,0.7659218,0.15200001,0.0,0.15177289,6.8400164,6.8700166,736000
hardzero_plus_depr__c0p56__z1p00__lam0p030__nu0p50__psi1p00,hardzero_plus_depr,0.08,40,230,0.0,1,0.46799433,0.46799433,1.045213,0.0,0.09011292,0.0,0.0,8.307678e-05,-27.993622,2.2995145,0.7665049,0.128,0.0,0.150813,6.8700166,6.900017,739200
hardzero_plus_depr__c0p56__z1p00__lam0p030__nu0p50__psi1p00,hardzero_plus_depr,0.08,40,231,0.0,1,0.46799433,0.46799433,1.0646306,0.0,0.086172625,0.0,0.0,8.062148e-05,-27.630821,2.3422341,0.78074473,0.104,0.0,0.14881277,6.900017,6.930017,742400
hardzero_plus_depr__c0p56__z1p00__lam0p030__nu0p50__psi1p00,hardzero_plus_depr,0.08,40,232,0.0,1,0.46799433,0.46799433,1.0217552,0.0,0.095114075,0.0,0.0,7.823874e-05,-27.600042,2.2479064,0.74930215,0.120000005,0.0,0.1638648,6.930017,6.960017,745600
hardzero_plus_depr__c0p56__z1p00__lam0p030__nu0p50__psi1p00,hardzero_plus_depr,0.08,40,233,0.0,1,0.46799433,0.46799433,1.0181034,0.0,0.095917225,0.0,0.0,7.592642e-05,-27.015806,2.2398722,0.7466241,0.18400002,0.0,0.14714468,6.960017,6.9900174,748800
hardzero_plus_depr__c0p56__z1p00__lam0p030__nu0p50__psi1p00,hardzero_plus_depr,0.08,40,234,0.0,1,0.46799433,0.46799433,1.0348562,0.0,0.0922877,0.0,0.0,7.3682444e-05,-28.617575,2.276729,0.7589097,0.11,0.0,0.1277618,6.9900174,7.0200176,752000
hardzero_plus_depr__c0p56__z1p00__lam0p030__nu0p50__psi1p00,hardzero_plus_depr,0.08,40,235,0.0,1,0.46799433,0.46799433,1.0162411,0.0,0.09632941,0.0,0.0,7.150478e-05,-27.11622,2.235775,0.74525833,0.16800001,0.0,0.138387,7.0200176,7.050018,755200
hardzero_plus_depr__c0p56__z1p00__lam0p030__nu0p50__psi1p00,hardzero_plus_depr,0.08,40,236,0.0,1,0.46799433,0.46799433,1.0320837,0.0,0.092878714,0.0,0.0,6.939148e-05,-27.462286,2.2706296,0.7568766,0.16800001,0.0,0.14268379,7.050018,7.080018,758400
hardzero_plus_depr__c0p56__z1p00__lam0p030__nu0p50__psi1p00,hardzero_plus_depr,0.08,40,237,0.0,1,0.46799433,0.46799433,1.0476297,0.0,0.089612864,0.0,0.0,6.734064e-05,-27.77586,2.3048315,0.76827717,0.15200001,0.0,0.14195794,7.080018,7.1100183,761600
hardzero_plus_depr__c0p56__z1p00__lam0p030__nu0p50__psi1p00,hardzero_plus_depr,0.08,40,238,0.0,1,0.46799433,0.46799433,1.0850013,0.0,0.082224004,0.0,0.0,6.535041e-05,-28.674833,2.3870506,0.79568356,0.120000005,0.0,0.19721527,7.1100183,7.1400185,764800
hardzero_plus_depr__c0p56__z1p00__lam0p030__nu0p50__psi1p00,hardzero_plus_depr,0.08,40,239,0.0,1,0.46799433,0.46799433,1.0934137,0.0,0.080646634,0.0,0.0,6.3419e-05,-28.23457,2.405558,0.8018527,0.18400002,0.0,0.1868847,7.1400185,7.1700187,768000
hardzero_plus_depr__c0p56__z1p00__lam0p030__nu0p50__psi1p00,hardzero_plus_depr,0.08,40,240,0.0,1,0.46799433,0.46799433,1.0588639,0.0,0.0873245,0.0,0.0,6.154467e-05,-27.393587,2.3295472,0.7765157,0.14400001,0.0,0.17532255,7.1700187,7.200019,771200
hardzero_plus_depr__c0p56__z1p00__lam0p030__nu0p50__psi1p00,hardzero_plus_depr,0.08,40,241,0.0,1,0.46799433,0.46800032,0.99769235,0.10053277,0.10053277,1.0,6.004394e-06,5.972574e-05,-26.653677,2.194967,0.7316557,0.128,0.0,0.11524109,7.200019,7.230019,774400
hardzero_plus_depr__c0p56__z1p00__lam0p030__nu0p50__psi1p00,hardzero_plus_depr,0.08,40,242,0.0,1,0.46800032,0.46800616,0.9959682,0.10093267,0.10093267,1.0,5.8501146e-06,5.7960562e-05,-26.86233,2.1911738,0.73039126,0.096,0.0,0.14142516,7.230019,7.2600193,777600
hardzero_plus_depr__c0p56__z1p00__lam0p030__nu0p50__psi1p00,hardzero_plus_depr,0.08,40,243,0.0,1,0.46800616,0.46800616,1.0642909,0.0,0.08624006,0.0,0.0,5.6247558e-05,-28.667889,2.3414867,0.7804956,0.14400001,0.0,0.17629285,7.2600193,7.2900195,780800
hardzero_plus_depr__c0p56__z1p00__lam0p030__nu0p50__psi1p00,hardzero_plus_depr,0.08,40,244,0.0,1,0.46800616,0.46801165,0.9978824,0.10048878,0.10048878,1.0,5.4851976e-06,5.4585173e-05,-26.772455,2.1953852,0.7317951,0.192,0.0,0.13808171,7.2900195,7.3200197,784000
hardzero_plus_depr__c0p56__z1p00__lam0p030__nu0p50__psi1p00,hardzero_plus_depr,0.08,40,245,0.0,1,0.46801165,0.46801165,1.0087675,0.0,0.09800145,0.0,0.0,5.2971933e-05,-26.757679,2.2193327,0.73977757,0.16000001,0.0,0.13232073,7.3200197,7.35002,787200
hardzero_plus_depr__c0p56__z1p00__lam0p030__nu0p50__psi1p00,hardzero_plus_depr,0.08,40,246,0.0,1,0.46801165,0.46801165,1.025125,0.0,0.09437891,0.0,0.0,5.1406365e-05,-28.119486,2.25532,0.75177336,0.17600001,0.0,0.13623342,7.35002,7.38002,790400
hardzero_plus_depr__c0p56__z1p00__lam0p030__nu0p50__psi1p00,hardzero_plus_depr,0.08,40,247,0.0,1,0.46801165,0.46801165,1.0721928,0.0,0.08468515,0.0,0.0,4.9887065e-05,-28.230038,2.3588712,0.7862904,0.14999999,0.0,0.1458896,7.38002,7.4100204,793600
hardzero_plus_depr__c0p56__z1p00__lam0p030__nu0p50__psi1p00,hardzero_plus_depr,0.08,40,248,0.0,1,0.46801165,0.46801165,1.0628265,0.0,0.08653135,0.0,0.0,4.841267e-05,-28.36562,2.338265,0.7794217,0.14400001,0.0,0.13208605,7.4100204,7.4400206,796800
hardzero_plus_depr__c0p56__z1p00__lam0p030__nu0p50__psi1p00,hardzero_plus_depr,0.08,40,249,0.0,1,0.46801165,0.46801165,1.0471625,0.0,0.0897093,0.0,0.0,4.6981848e-05,-27.44164,2.3038034,0.7679345,0.128,0.0,0.1469039,7.4400206,7.470021,800000
hardzero_plus_depr__c0p56__z1p00__lam0p030__nu0p50__psi1p00,hardzero_plus_depr,0.08,40,250,0.0,1,0.46801165,0.46801165,1.0441196,0.0,0.090340056,0.0,0.0,4.5593315e-05,-26.991926,2.297109,0.76570296,0.16000001,0.0,0.15017128,7.470021,7.500021,803200
hardzero_plus_depr__c0p56__z1p00__lam0p030__nu0p50__psi1p00,hardzero_plus_depr,0.08,40,251,0.0,1,0.46801165,0.46801165,1.0001218,0.0,0.09997194,0.0,0.0,4.4245822e-05,-26.997143,2.200312,0.7334373,0.16000001,0.0,0.14386429,7.500021,7.530021,806400
hardzero_plus_depr__c0p56__z1p00__lam0p030__nu0p50__psi1p00,hardzero_plus_depr,0.08,40,252,0.0,1,0.46801165,0.46801165,1.0497876,0.0,0.08916868,0.0,0.0,4.2938147e-05,-27.35195,2.309579,0.7698597,0.136,0.0,0.16153629,7.530021,7.5600214,809600
hardzero_plus_depr__c0p56__z1p00__lam0p030__nu0p50__psi1p00,hardzero_plus_depr,0.08,40,253,0.0,1,0.46801165,0.46801165,1.0053151,0.0,0.098783605,0.0,0.0,4.1669125e-05,-26.90797,2.2117374,0.7372458,0.192,0.0,0.17141315,7.5600214,7.5900216,812800
hardzero_plus_depr__c0p56__z1p00__lam0p030__nu0p50__psi1p00,hardzero_plus_depr,0.08,40,254,0.0,1,0.46801165,0.46801165,1.014157,0.0,0.09679278,0.0,0.0,4.0437608e-05,-27.381851,2.23119,0.74373,0.192,0.0,0.16089654,7.5900216,7.620022,816000
hardzero_plus_depr__c0p56__z1p00__lam0p030__nu0p50__psi1p00,hardzero_plus_depr,0.08,40,255,0.0,1,0.46801165,0.46801165,1.0784667,0.0,0.08347055,0.0,0.0,3.924249e-05,-28.581537,2.372674,0.79089135,0.120000005,0.0,0.17104335,7.620022,7.650022,819200
hardzero_plus_depr__c0p56__z1p00__lam0p030__nu0p50__psi1p00,hardzero_plus_depr,0.08,40,256,0.0,1,0.46801165,0.46801165,1.0529381,0.0,0.08852416,0.0,0.0,3.808269e-05,-27.310415,2.31651,0.77217,0.14400001,0.008,0.15493971,7.650022,7.6800222,822400
hardzero_plus_depr__c0p56__z1p00__lam0p030__nu0p50__psi1p00,hardzero_plus_depr,0.08,40,257,0.0,1,0.46801165,0.46801165,1.083922,0.0,0.08242862,0.0,0.0,3.695717e-05,-28.378016,2.384676,0.794892,0.096,0.0,0.14949405,7.6800222,7.7100224,825600
hardzero_plus_depr__c0p56__z1p00__lam0p030__nu0p50__psi1p00,hardzero_plus_depr,0.08,40,258,0.0,1,0.46801165,0.46801165,1.0779003,0.0,0.08357948,0.0,0.0,3.5864912e-05,-28.062849,2.371428,0.790476,0.136,0.0,0.15636261,7.7100224,7.7400227,828800
hardzero_plus_depr__c0p56__z1p00__lam0p030__nu0p50__psi1p00,hardzero_plus_depr,0.08,40,259,0.0,1,0.46801165,0.46801165,1.0537119,0.0,0.08836658,0.0,0.0,3.4804936e-05,-27.221014,2.3182125,0.7727375,0.104,0.0,0.15048638,7.7400227,7.770023,832000
hardzero_plus_depr__c0p56__z1p00__lam0p030__nu0p50__psi1p00,hardzero_plus_depr,0.08,40,260,0.0,1,0.46801165,0.46801165,1.0500638,0.0,0.089111984,0.0,0.0,3.377629e-05,-26.821947,2.3101866,0.7700622,0.17999999,0.0,0.18795931,7.770023,7.800023,835200
hardzero_plus_depr__c0p56__z1p00__lam0p030__nu0p50__psi1p00,hardzero_plus_depr,0.08,40,261,0.0,1,0.46801165,0.46801165,1.1016457,0.0,0.079132386,0.0,0.0,3.277804e-05,-29.513048,2.4236689,0.80788964,0.16000001,0.0,0.17701721,7.800023,7.8300233,838400
hardzero_plus_depr__c0p56__z1p00__lam0p030__nu0p50__psi1p00,hardzero_plus_depr,0.08,40,262,0.0,1,0.46801165,0.46801165,1.0273114,0.0,0.09390496,0.0,0.0,3.1809297e-05,-27.309689,2.2601304,0.75337684,0.18400002,0.0,0.12831816,7.8300233,7.8600235,841600
hardzero_plus_depr__c0p56__z1p00__lam0p030__nu0p50__psi1p00,hardzero_plus_depr,0.08,40,263,0.0,1,0.46801165,0.4680148,0.9895913,0.10242565,0.10242565,1.0,3.161796e-06,3.086918e-05,-26.730232,2.1771443,0.7257148,0.16000001,0.0,0.1290647,7.8600235,7.8900237,844800
hardzero_plus_depr__c0p56__z1p00__lam0p030__nu0p50__psi1p00,hardzero_plus_depr,0.08,40,264,0.0,1,0.4680148,0.4680148,1.0007089,0.0,0.09983688,0.0,0.0,2.9956856e-05,-26.277561,2.2016037,0.7338679,0.136,0.0,0.15589814,7.8900237,7.920024,848000
hardzero_plus_depr__c0p56__z1p00__lam0p030__nu0p50__psi1p00,hardzero_plus_depr,0.08,40,265,0.0,1,0.4680148,0.4680148,1.0077367,0.0,0.098234326,0.0,0.0,2.9071489e-05,-26.08904,2.217065,0.7390217,0.17600001,0.0,0.14524142,7.920024,7.950024,851200
hardzero_plus_depr__c0p56__z1p00__lam0p030__nu0p50__psi1p00,hardzero_plus_depr,0.08,40,266,0.0,1,0.4680148,0.4680148,1.0512778,0.0,0.08886327,0.0,0.0,2.8212291e-05,-28.0827,2.3128572,0.7709524,0.128,0.0,0.15267523,7.950024,7.9800243,854400
hardzero_plus_depr__c0p56__z1p00__lam0p030__nu0p50__psi1p00,hardzero_plus_depr,0.08,40,267,0.0,1,0.4680148,0.4680148,1.0099268,0.0,0.097740196,0.0,0.0,2.7378488e-05,-27.511627,2.2218833,0.74062777,0.112,0.0,0.16328825,7.9800243,8.010024,857600
hardzero_plus_depr__c0p56__z1p00__lam0p030__nu0p50__psi1p00,hardzero_plus_depr,0.08,40,268,0.0,1,0.4680148,0.4680175,0.9978209,0.10050301,0.10050301,1.0,2.6702985e-06,2.6569338e-05,-27.23745,2.1952498,0.73174995,0.14400001,0.0,0.13209678,8.010024,8.040024,860800
hardzero_plus_depr__c0p56__z1p00__lam0p030__nu0p50__psi1p00,hardzero_plus_depr,0.08,40,269,0.0,1,0.4680175,0.46802014,0.988891,0.10259093,0.10259093,1.0,2.645215e-06,2.5784102e-05,-26.743486,2.1756036,0.72520125,0.136,0.0,0.12898692,8.040024,8.070024,864000
hardzero_plus_depr__c0p56__z1p00__lam0p030__nu0p50__psi1p00,hardzero_plus_depr,0.08,40,270,0.0,1,0.46802014,0.4680228,0.97547054,0.105810665,0.105810665,1.0,2.647602e-06,2.5022073e-05,-27.302526,2.146078,0.7153594,0.15200001,0.0,0.14982143,8.070024,8.100023,867200
hardzero_plus_depr__c0p56__z1p00__lam0p030__nu0p50__psi1p00,hardzero_plus_depr,0.08,40,271,0.0,1,0.4680228,0.46802542,0.96690553,0.10791814,0.10791814,1.0,2.6205294e-06,2.4282564e-05,-25.498724,2.1272347,0.70907825,0.16800001,0.0,0.12140198,8.100023,8.130023,870400
hardzero_plus_depr__c0p56__z1p00__lam0p030__nu0p50__psi1p00,hardzero_plus_depr,0.08,40,272,0.0,1,0.46802542,0.46802542,1.0796494,0.0,0.083243534,0.0,0.0,2.3564915e-05,-27.69322,2.3752763,0.7917588,0.112,0.0,0.15953887,8.130023,8.160023,873600
hardzero_plus_depr__c0p56__z1p00__lam0p030__nu0p50__psi1p00,hardzero_plus_depr,0.08,40,273,0.0,1,0.46802542,0.46802542,1.0312155,0.0,0.09306458,0.0,0.0,2.2868471e-05,-27.20227,2.2687194,0.75623983,0.07,0.0,0.14889917,8.160023,8.190022,876800
hardzero_plus_depr__c0p56__z1p00__lam0p030__nu0p50__psi1p00,hardzero_plus_depr,0.08,40,274,0.0,1,0.46802542,0.46802542,1.0532665,0.0,0.088457264,0.0,0.0,2.2192611e-05,-28.25603,2.3172326,0.77241087,0.136,0.0,0.14355125,8.190022,8.220022,880000
hardzero_plus_depr__c0p56__z1p00__lam0p030__nu0p50__psi1p00,hardzero_plus_depr,0.08,40,275,0.0,1,0.46802542,0.46802542,1.036281,0.0,0.091985434,0.0,0.0,2.1536727e-05,-27.874973,2.2798636,0.7599546,0.128,0.0,0.12829152,8.220022,8.250022,883200
hardzero_plus_depr__c0p56__z1p00__lam0p030__nu0p50__psi1p00,hardzero_plus_depr,0.08,40,276,0.0,1,0.46802542,0.46802542,1.0739167,0.0,0.08434966,0.0,0.0,2.0900226e-05,-28.296787,2.3626637,0.7875546,0.15200001,0.008,0.16188525,8.250022,8.280022,886400
hardzero_plus_depr__c0p56__z1p00__lam0p030__nu0p50__psi1p00,hardzero_plus_depr,0.08,40,277,0.0,1,0.46802542,0.46802747,0.99484915,0.10119309,0.10119309,1.0,2.0524526e-06,2.0282536e-05,-26.70532,2.188712,0.7295706,0.16000001,0.0,0.1446354,8.280022,8.310021,889600
hardzero_plus_depr__c0p56__z1p00__lam0p030__nu0p50__psi1p00,hardzero_plus_depr,0.08,40,278,0.0,1,0.46802747,0.46802747,1.0944551,0.0,0.080453485,0.0,0.0,1.9683102e-05,-28.493448,2.4078493,0.8026165,0.080000006,0.0,0.18071212,8.310021,8.340021,892800
hardzero_plus_depr__c0p56__z1p00__lam0p030__nu0p50__psi1p00,hardzero_plus_depr,0.08,40,279,0.0,1,0.46802747,0.46802747,1.1215106,0.0,0.07559436,0.0,0.0,1.9101382e-05,-28.352777,2.4673727,0.82245755,0.112,0.0,0.17222089,8.340021,8.370021,896000
hardzero_plus_depr__c0p56__z1p00__lam0p030__nu0p50__psi1p00,hardzero_plus_depr,0.08,40,280,0.0,1,0.46802747,0.46802747,1.006277,0.0,0.09856507,0.0,0.0,1.8536857e-05,-26.976852,2.2138536,0.7379512,0.15200001,0.0,0.15302545,8.370021,8.400021,899200
hardzero_plus_depr__c0p56__z1p00__lam0p030__nu0p50__psi1p00,hardzero_plus_depr,0.08,40,281,0.0,1,0.46802747,0.46802932,0.98651433,0.1031539,0.1031539,1.0,1.8556369e-06,1.7989014e-05,-26.26449,2.1703749,0.7234583,0.16000001,0.0,0.13196808,8.400021,8.43002,902400
hardzero_plus_depr__c0p56__z1p00__lam0p030__nu0p50__psi1p00,hardzero_plus_depr,0.08,40,282,0.0,1,0.46802932,0.4680313,0.94949734,0.11233179,0.11233179,1.0,1.961017e-06,1.7457363e-05,-26.685568,2.0889359,0.69631195,0.24000001,0.0,0.14172009,8.43002,8.46002,905600
hardzero_plus_depr__c0p56__z1p00__lam0p030__nu0p50__psi1p00,hardzero_plus_depr,0.08,40,283,0.0,1,0.4680313,0.4680313,1.063021,0.0,0.08649262,0.0,0.0,1.6941425e-05,-27.839052,2.338693,0.7795643,0.096,0.0,0.13450216,8.46002,8.49002,908800
hardzero_plus_depr__c0p56__z1p00__lam0p030__nu0p50__psi1p00,hardzero_plus_depr,0.08,40,284,0.0,1,0.4680313,0.46803302,0.9806026,0.104567654,0.104567654,1.0,1.7191692e-06,1.6440736e-05,-26.09665,2.157369,0.719123,0.112,0.0,0.1317399,8.49002,8.52002,912000
hardzero_plus_depr__c0p56__z1p00__lam0p030__nu0p50__psi1p00,hardzero_plus_depr,0.08,40,285,0.0,1,0.46803302,0.46803302,1.0596176,0.0,0.08717307,0.0,0.0,1.5954842e-05,-28.080267,2.3312054,0.7770685,0.15200001,0.0,0.1424028,8.52002,8.550019,915200
hardzero_plus_depr__c0p56__z1p00__lam0p030__nu0p50__psi1p00,hardzero_plus_depr,0.08,40,286,0.0,1,0.46803302,0.46803302,1.0805111,0.0,0.08307855,0.0,0.0,1.5483309e-05,-27.494652,2.377172,0.7923907,0.07,0.0,0.1383766,8.550019,8.580019,918400
hardzero_plus_depr__c0p56__z1p00__lam0p030__nu0p50__psi1p00,hardzero_plus_depr,0.08,40,287,0.0,1,0.46803302,0.46803302,1.0217608,0.0,0.09511285,0.0,0.0,1.5025714e-05,-26.358997,2.2479186,0.7493062,0.16800001,0.0,0.1456036,8.580019,8.610019,921600
hardzero_plus_depr__c0p56__z1p00__lam0p030__nu0p50__psi1p00,hardzero_plus_depr,0.08,40,288,0.0,1,0.46803302,0.46803302,1.0480276,0.0,0.089530766,0.0,0.0,1.4581639e-05,-27.539259,2.3057067,0.76856893,0.136,0.0,0.13607651,8.610019,8.640018,924800
hardzero_plus_depr__c0p56__z1p00__lam0p030__nu0p50__psi1p00,hardzero_plus_depr,0.08,40,289,0.0,1,0.46803302,0.46803302,1.0686631,0.0,0.0853762,0.0,0.0,1.4150691e-05,-27.4612,2.3511057,0.7837019,0.14400001,0.0,0.16809884,8.640018,8.670018,928000
hardzero_plus_depr__c0p56__z1p00__lam0p030__nu0p50__psi1p00,hardzero_plus_depr,0.08,40,290,0.0,1,0.46803302,0.46803302,1.010621,0.0,0.097584106,0.0,0.0,1.3732478e-05,-26.153416,2.2234104,0.7411368,0.14400001,0.0,0.12787199,8.670018,8.700018,931200
hardzero_plus_depr__c0p56__z1p00__lam0p030__nu0p50__psi1p00,hardzero_plus_depr,0.08,40,291,0.0,1,0.46803302,0.46803302,1.0358452,0.0,0.09207779,0.0,0.0,1.3326625e-05,-27.859701,2.278905,0.759635,0.136,0.0,0.16288245,8.700018,8.730018,934400
hardzero_plus_depr__c0p56__z1p00__lam0p030__nu0p50__psi1p00,hardzero_plus_depr,0.08,40,292,0.0,1,0.46803302,0.46803302,1.0640502,0.0,0.086287886,0.0,0.0,1.2932767e-05,-27.288443,2.3409572,0.7803191,0.15200001,0.0,0.1634732,8.730018,8.760017,937600
hardzero_plus_depr__c0p56__z1p00__lam0p030__nu0p50__psi1p00,hardzero_plus_depr,0.08,40,293,0.0,1,0.46803302,0.46803302,1.0069084,0.0,0.09842185,0.0,0.0,1.2550549e-05,-26.404152,2.2152429,0.7384143,0.24800001,0.0,0.1393293,8.760017,8.790017,940800
hardzero_plus_depr__c0p56__z1p00__lam0p030__nu0p50__psi1p00,hardzero_plus_depr,0.08,40,294,0.0,1,0.46803302,0.46803302,1.0130949,0.0,0.09702979,0.0,0.0,1.2179628e-05,-26.800173,2.2288532,0.7429511,0.18400002,0.0,0.16537715,8.790017,8.820017,944000
hardzero_plus_depr__c0p56__z1p00__lam0p030__nu0p50__psi1p00,hardzero_plus_depr,0.08,40,295,0.0,1,0.46803302,0.46803302,1.0414498,0.0,0.09089714,0.0,0.0,1.1819669e-05,-28.015146,2.2912352,0.76374507,0.2,0.0,0.16766405,8.820017,8.850017,947200
hardzero_plus_depr__c0p56__z1p00__lam0p030__nu0p50__psi1p00,hardzero_plus_depr,0.08,40,296,0.0,1,0.46803302,0.46803302,1.0480933,0.0,0.089517236,0.0,0.0,1.1470348e-05,-27.205389,2.3058515,0.76861715,0.14400001,0.0,0.13484134,8.850017,8.880016,950400
hardzero_plus_depr__c0p56__z1p00__lam0p030__nu0p50__psi1p00,hardzero_plus_depr,0.08,40,297,0.0,1,0.46803302,0.4680342,0.9666293,0.10798679,0.10798679,1.0,1.2020389e-06,1.1131351e-05,-25.469162,2.126627,0.70887566,0.28,0.0,0.1353983,8.880016,8.910016,953600
hardzero_plus_depr__c0p56__z1p00__lam0p030__nu0p50__psi1p00,hardzero_plus_depr,0.08,40,298,0.0,1,0.4680342,0.46803534,0.9806007,0.1045681,0.1045681,1.0,1.1295837e-06,1.0802373e-05,-26.395424,2.1573646,0.7191216,0.208,0.008,0.12170415,8.910016,8.940016,956800
hardzero_plus_depr__c0p56__z1p00__lam0p030__nu0p50__psi1p00,hardzero_plus_depr,0.08,40,299,0.0,1,0.46803534,0.46803534,1.0173584,0.0,0.0960819,0.0,0.0,1.0483117e-05,-26.888979,2.2382333,0.7460778,0.14999999,0.0,0.16023754,8.940016,8.970016,960000
hardzero_plus_depr__c0p56__z1p00__lam0p030__nu0p50__psi1p00,hardzero_plus_depr,0.08,40,300,0.0,1,0.46803534,0.46803534,1.0860661,0.0,0.082022674,0.0,0.0,1.0173298e-05,-28.643044,2.389393,0.7964644,0.14400001,0.0,0.15927745,8.970016,9.000015,963200
hardzero_plus_depr__c0p56__z1p00__lam0p030__nu0p50__psi1p00,hardzero_plus_depr,0.08,40,301,0.0,1,0.46803534,0.46803534,1.0381778,0.0,0.09158453,0.0,0.0,9.872632e-06,-26.310362,2.2840369,0.7613456,0.18400002,0.0,0.120921746,9.000015,9.030015,966400
hardzero_plus_depr__c0p56__z1p00__lam0p030__nu0p50__psi1p00,hardzero_plus_depr,0.08,40,302,0.0,1,0.46803534,0.46803534,1.040975,0.0,0.09099656,0.0,0.0,9.5808555e-06,-27.66282,2.2901907,0.7633969,0.16000001,0.0,0.15538464,9.030015,9.060015,969600
hardzero_plus_depr__c0p56__z1p00__lam0p030__nu0p50__psi1p00,hardzero_plus_depr,0.08,40,303,0.0,1,0.46803534,0.46803534,1.0149145,0.0,0.09662409,0.0,0.0,9.297701e-06,-27.097452,2.2328565,0.7442855,0.17600001,0.0,0.16496718,9.060015,9.090014,972800
hardzero_plus_depr__c0p56__z1p00__lam0p030__nu0p50__psi1p00,hardzero_plus_depr,0.08,40,304,0.0,1,0.46803534,0.46803632,0.96902376,0.10739305,0.10739305,1.0,9.689984e-07,9.022915e-06,-26.297037,2.1318948,0.7106316,0.256,0.0,0.1262967,9.090014,9.120014,976000
hardzero_plus_depr__c0p56__z1p00__lam0p030__nu0p50__psi1p00,hardzero_plus_depr,0.08,40,305,0.0,1,0.46803632,0.46803632,1.014834,0.0,0.09664202,0.0,0.0,8.75625e-06,-26.403416,2.2326794,0.74422646,0.14400001,0.0,0.13371715,9.120014,9.150014,979200
hardzero_plus_depr__c0p56__z1p00__lam0p030__nu0p50__psi1p00,hardzero_plus_depr,0.08,40,306,0.0,1,0.46803632,0.4680372,0.9862732,0.103211194,0.103211194,1.0,8.7703353e-07,8.497465e-06,-26.535536,2.1698444,0.7232815,0.16800001,0.0,0.14395408,9.150014,9.180014,982400
hardzero_plus_depr__c0p56__z1p00__lam0p030__nu0p50__psi1p00,hardzero_plus_depr,0.08,40,307,0.0,1,0.4680372,0.4680372,1.0166832,0.0,0.0962314,0.0,0.0,8.246329e-06,-26.96502,2.2367477,0.7455826,0.18400002,0.0,0.1346913,9.180014,9.210013,985600
hardzero_plus_depr__c0p56__z1p00__lam0p030__nu0p50__psi1p00,hardzero_plus_depr,0.08,40,308,0.0,1,0.4680372,0.4680372,1.0897928,0.0,0.08132183,0.0,0.0,8.002617e-06,-27.31791,2.397592,0.7991974,0.136,0.0,0.14534044,9.210013,9.240013,988800
hardzero_plus_depr__c0p56__z1p00__lam0p030__nu0p50__psi1p00,hardzero_plus_depr,0.08,40,309,0.0,1,0.4680372,0.46803796,0.99436593,0.10130573,0.10130573,1.0,7.8675095e-07,7.766105e-06,-27.351168,2.1876488,0.7292163,0.128,0.0,0.13678013,9.240013,9.270013,992000
hardzero_plus_depr__c0p56__z1p00__lam0p030__nu0p50__psi1p00,hardzero_plus_depr,0.08,40,310,0.0,1,0.46803796,0.46803796,1.0097723,0.0,0.09777497,0.0,0.0,7.536584e-06,-26.990686,2.2215436,0.7405145,0.120000005,0.0,0.15098168,9.270013,9.300013,995200
hardzero_plus_depr__c0p56__z1p00__lam0p030__nu0p50__psi1p00,hardzero_plus_depr,0.08,40,311,0.0,1,0.46803796,0.4680387,0.9970034,0.10069239,0.10069239,1.0,7.364486e-07,7.313846e-06,-27.0918,2.1934512,0.7311504,0.14400001,0.0,0.12812997,9.300013,9.330012,998400
hardzero_plus_depr__c0p56__z1p00__lam0p030__nu0p50__psi1p00,hardzero_plus_depr,0.08,40,312,0.0,1,0.4680387,0.4680387,1.0237147,0.0,0.094685905,0.0,0.0,7.097691e-06,-26.765215,2.2522173,0.7507391,0.12,0.0,0.14116262,9.330012,9.360012,1001600
hardzero_plus_depr__c0p56__z1p00__lam0p030__nu0p50__psi1p00,hardzero_plus_depr,0.08,40,313,0.0,1,0.4680387,0.4680387,1.0417881,0.0,0.09082635,0.0,0.0,6.887925e-06,-28.137096,2.2919796,0.7639932,0.15200001,0.0,0.1347202,9.360012,9.390012,1004800
hardzero_plus_depr__c0p56__z1p00__lam0p030__nu0p50__psi1p00,hardzero_plus_depr,0.08,40,314,0.0,1,0.4680387,0.4680394,0.9934249,0.1015255,0.1015255,1.0,6.786328e-07,6.6843577e-06,-26.17069,2.1855783,0.7285261,0.24000001,0.0,0.15171824,9.390012,9.4200115,1008000
hardzero_plus_depr__c0p56__z1p00__lam0p030__nu0p50__psi1p00,hardzero_plus_depr,0.08,40,315,0.0,1,0.4680394,0.4680394,1.1377349,0.0,0.07282242,0.0,0.0,6.4868063e-06,-28.74298,2.5030668,0.8343556,0.104,0.0,0.17364304,9.4200115,9.450011,1011200
hardzero_plus_depr__c0p56__z1p00__lam0p030__nu0p50__psi1p00,hardzero_plus_depr,0.08,40,316,0.0,1,0.4680394,0.4680394,1.0515944,0.0,0.0887985,0.0,0.0,6.2950944e-06,-26.771805,2.3135538,0.7711846,0.112,0.0,0.19267763,9.450011,9.480011,1014400
hardzero_plus_depr__c0p56__z1p00__lam0p030__nu0p50__psi1p00,hardzero_plus_depr,0.08,40,317,0.0,1,0.4680394,0.46804002,0.9950787,0.10113962,0.10113962,1.0,6.178668e-07,6.109048e-06,-26.60459,2.1892169,0.72973895,0.15200001,0.0,0.12197503,9.480011,9.510011,1017600
hardzero_plus_depr__c0p56__z1p00__lam0p030__nu0p50__psi1p00,hardzero_plus_depr,0.08,40,318,0.0,1,0.46804002,0.46804002,1.0409542,0.0,0.09100092,0.0,0.0,5.9285e-06,-27.09686,2.2901452,0.7633817,0.192,0.0,0.15142551,9.510011,9.54001,1020800
hardzero_plus_depr__c0p56__z1p00__lam0p030__nu0p50__psi1p00,hardzero_plus_depr,0.08,40,319,0.0,1,0.46804002,0.46804002,1.0308473,0.0,0.09314354,0.0,0.0,5.7532875e-06,-27.20754,2.2679093,0.75596976,0.16000001,0.0,0.15618844,9.54001,9.57001,1024000
hardzero_plus_depr__c0p56__z1p00__lam0p030__nu0p50__psi1p00,hardzero_plus_depr,0.08,40,320,0.0,1,0.46804002,0.46804002,1.0768188,0.0,0.08378788,0.0,0.0,5.583254e-06,-27.675055,2.3690488,0.789683,0.16800001,0.0,0.17386925,9.57001,9.60001,1027200
hardzero_plus_depr__c0p56__z1p00__lam0p030__nu0p50__psi1p00,hardzero_plus_depr,0.08,40,321,0.0,1,0.46804002,0.46804002,1.046049,0.0,0.08993962,0.0,0.0,5.4182447e-06,-27.555962,2.3013537,0.7671179,0.120000005,0.0,0.17411238,9.60001,9.63001,1030400
hardzero_plus_depr__c0p56__z1p00__lam0p030__nu0p50__psi1p00,hardzero_plus_depr,0.08,40,322,0.0,1,0.46804002,0.46804002,1.0465572,0.0,0.08983444,0.0,0.0,5.258113e-06,-28.002619,2.3024719,0.7674906,0.136,0.0,0.12770735,9.63001,9.660009,1033600
hardzero_plus_depr__c0p56__z1p00__lam0p030__nu0p50__psi1p00,hardzero_plus_depr,0.08,40,323,0.0,1,0.46804002,0.46804056,0.9796791,0.104790255,0.104790255,1.0,5.3471473e-07,5.102714e-06,-26.54561,2.155337,0.7184457,0.14400001,0.0,0.14357166,9.660009,9.690009,1036800
hardzero_plus_depr__c0p56__z1p00__lam0p030__nu0p50__psi1p00,hardzero_plus_depr,0.08,40,324,0.0,1,0.46804056,0.46804056,1.0439659,0.0,0.090372026,0.0,0.0,4.951907e-06,-27.226046,2.296771,0.76559037,0.18400002,0.0,0.14417309,9.690009,9.720009,1040000
hardzero_plus_depr__c0p56__z1p00__lam0p030__nu0p50__psi1p00,hardzero_plus_depr,0.08,40,325,0.0,1,0.46804056,0.46804056,1.046309,0.0,0.08988579,0.0,0.0,4.8055576e-06,-28.004622,2.3019257,0.7673086,0.16,0.0,0.1562135,9.720009,9.750009,1043200
hardzero_plus_depr__c0p56__z1p00__lam0p030__nu0p50__psi1p00,hardzero_plus_depr,0.08,40,326,0.0,1,0.46804056,0.46804056,1.0457408,0.0,0.09000345,0.0,0.0,4.663533e-06,-28.248507,2.3006759,0.76689196,0.17600001,0.0,0.14904752,9.750009,9.780008,1046400
hardzero_plus_depr__c0p56__z1p00__lam0p030__nu0p50__psi1p00,hardzero_plus_depr,0.08,40,327,0.0,1,0.46804056,0.46804056,1.033225,0.0,0.09263497,0.0,0.0,4.525706e-06,-26.26479,2.2731404,0.7577135,0.120000005,0.0,0.13472967,9.780008,9.810008,1049600
hardzero_plus_depr__c0p56__z1p00__lam0p030__nu0p50__psi1p00,hardzero_plus_depr,0.08,40,328,0.0,1,0.46804056,0.46804056,1.0544924,0.0,0.08820794,0.0,0.0,4.391952e-06,-28.404667,2.3199296,0.7733099,0.120000005,0.0,0.14262432,9.810008,9.840008,1052800
hardzero_plus_depr__c0p56__z1p00__lam0p030__nu0p50__psi1p00,hardzero_plus_depr,0.08,40,329,0.0,1,0.46804056,0.46804103,0.9615394,0.109259866,0.109259866,1.0,4.6568215e-07,4.262152e-06,-25.298138,2.115429,0.705143,0.136,0.008,0.14183559,9.840008,9.8700075,1056000
hardzero_plus_depr__c0p56__z1p00__lam0p030__nu0p50__psi1p00,hardzero_plus_depr,0.08,40,330,0.0,1,0.46804103,0.46804103,1.0138708,0.0,0.09685659,0.0,0.0,4.1361873e-06,-26.647526,2.2305603,0.74352014,0.16000001,0.0,0.13614938,9.8700075,9.900007,1059200
hardzero_plus_depr__c0p56__z1p00__lam0p030__nu0p50__psi1p00,hardzero_plus_depr,0.08,40,331,0.0,1,0.46804103,0.46804103,1.1254677,0.0,0.07490871,0.0,0.0,4.0139453e-06,-28.50326,2.4760783,0.82535946,0.104,0.008,0.14235888,9.900007,9.930007,1062400
hardzero_plus_depr__c0p56__z1p00__lam0p030__nu0p50__psi1p00,hardzero_plus_depr,0.08,40,332,0.0,1,0.46804103,0.46804103,1.0566946,0.0,0.08776177,0.0,0.0,3.8953167e-06,-28.686436,2.3247745,0.7749249,0.16800001,0.0,0.15126503,9.930007,9.960007,1065600
hardzero_plus_depr__c0p56__z1p00__lam0p030__nu0p50__psi1p00,hardzero_plus_depr,0.08,40,333,0.0,1,0.46804103,0.46804103,1.0097609,0.0,0.09777754,0.0,0.0,3.7801935e-06,-26.986303,2.2215183,0.7405061,0.2,0.0,0.18391739,9.960007,9.990006,1068800
hardzero_plus_depr__c0p56__z1p00__lam0p030__nu0p50__psi1p00,hardzero_plus_depr,0.08,40,334,0.0,1,0.46804103,0.46804103,1.0452461,0.0,0.09010604,0.0,0.0,3.6684728e-06,-27.24978,2.2995875,0.7665292,0.112,0.0,0.15717585,9.990006,10.020006,1072000
hardzero_plus_depr__c0p56__z1p00__lam0p030__nu0p50__psi1p00,hardzero_plus_depr,0.08,40,335,0.0,1,0.46804103,0.46804103,1.0907304,0.0,0.08114646,0.0,0.0,3.5600538e-06,-27.794014,2.3996549,0.799885,0.16800001,0.0,0.15283163,10.020006,10.050006,1075200
hardzero_plus_depr__c0p56__z1p00__lam0p030__nu0p50__psi1p00,hardzero_plus_depr,0.08,40,336,0.0,1,0.46804103,0.46804103,1.06969,0.0,0.08517458,0.0,0.0,3.4548398e-06,-28.087442,2.353365,0.784455,0.112,0.0,0.14647968,10.050006,10.080006,1078400
hardzero_plus_depr__c0p56__z1p00__lam0p030__nu0p50__psi1p00,hardzero_plus_depr,0.08,40,337,0.0,1,0.46804103,0.46804103,1.0800468,0.0,0.08316742,0.0,0.0,3.3527342e-06,-28.344927,2.3761504,0.7920501,0.104,0.0,0.1537647,10.080006,10.110005,1081600
hardzero_plus_depr__c0p56__z1p00__lam0p030__nu0p50__psi1p00,hardzero_plus_depr,0.08,40,338,0.0,1,0.46804103,0.46804103,1.022831,0.0,0.094878756,0.0,0.0,3.253647e-06,-26.78537,2.250273,0.750091,0.12,0.0,0.16655312,10.110005,10.140005,1084800
hardzero_plus_depr__c0p56__z1p00__lam0p030__nu0p50__psi1p00,hardzero_plus_depr,0.08,40,339,0.0,1,0.46804103,0.46804136,0.98339164,0.103898264,0.103898264,1.0,3.2805755e-07,3.1574882e-06,-26.806515,2.1635048,0.7211683,0.18400002,0.0,0.12908837,10.140005,10.170005,1088000
hardzero_plus_depr__c0p56__z1p00__lam0p030__nu0p50__psi1p00,hardzero_plus_depr,0.08,40,340,0.0,1,0.46804136,0.46804136,1.0313071,0.0,0.09304497,0.0,0.0,3.064171e-06,-27.93238,2.268921,0.756307,0.15200001,0.0,0.15212902,10.170005,10.200005,1091200
hardzero_plus_depr__c0p56__z1p00__lam0p030__nu0p50__psi1p00,hardzero_plus_depr,0.08,40,341,0.0,1,0.46804136,0.46804136,1.0113019,0.0,0.0974312,0.0,0.0,2.973612e-06,-27.126575,2.2249086,0.7416362,0.16800001,0.0,0.1235742,10.200005,10.230004,1094400
hardzero_plus_depr__c0p56__z1p00__lam0p030__nu0p50__psi1p00,hardzero_plus_depr,0.08,40,342,0.0,1,0.46804136,0.46804136,1.0925756,0.0,0.08080243,0.0,0.0,2.8857291e-06,-27.924978,2.4037142,0.80123806,0.17600001,0.0,0.16126463,10.230004,10.260004,1097600
hardzero_plus_depr__c0p56__z1p00__lam0p030__nu0p50__psi1p00,hardzero_plus_depr,0.08,40,343,0.0,1,0.46804136,0.46804136,1.0662367,0.0,0.08585454,0.0,0.0,2.8004436e-06,-27.943497,2.3457677,0.7819226,0.14400001,0.0,0.14912175,10.260004,10.290004,1100800
hardzero_plus_depr__c0p56__z1p00__lam0p030__nu0p50__psi1p00,hardzero_plus_depr,0.08,40,344,0.0,1,0.46804136,0.46804136,1.0762416,0.0,0.083899304,0.0,0.0,2.7176786e-06,-27.966606,2.3677788,0.7892596,0.15200001,0.0,0.16851537,10.290004,10.3200035,1104000
hardzero_plus_depr__c0p56__z1p00__lam0p030__nu0p50__psi1p00,hardzero_plus_depr,0.08,40,345,0.0,1,0.46804136,0.46804136,1.0571244,0.0,0.087674975,0.0,0.0,2.63736e-06,-28.471273,2.32572,0.77524006,0.16000001,0.0,0.14755654,10.3200035,10.350003,1107200
hardzero_plus_depr__c0p56__z1p00__lam0p030__nu0p50__psi1p00,hardzero_plus_depr,0.08,40,346,0.0,1,0.46804136,0.46804136,1.0272554,0.0,0.09391707,0.0,0.0,2.559415e-06,-26.840286,2.2600071,0.7533357,0.2,0.0,0.12623294,10.350003,10.380003,1110400
hardzero_plus_depr__c0p56__z1p00__lam0p030__nu0p50__psi1p00,hardzero_plus_depr,0.08,40,347,0.0,1,0.46804136,0.46804136,1.0361873,0.0,0.09200525,0.0,0.0,2.4837734e-06,-26.324343,2.2796576,0.7598859,0.17600001,0.0,0.14312884,10.380003,10.410003,1113600
hardzero_plus_depr__c0p56__z1p00__lam0p030__nu0p50__psi1p00,hardzero_plus_depr,0.08,40,348,0.0,1,0.46804136,0.46804136,1.0639197,0.0,0.086313814,0.0,0.0,2.4103674e-06,-27.404541,2.34067,0.78022337,0.112,0.0,0.16132239,10.410003,10.440002,1116800
hardzero_plus_depr__c0p56__z1p00__lam0p030__nu0p50__psi1p00,hardzero_plus_depr,0.08,40,349,0.0,1,0.46804136,0.46804136,1.045912,0.0,0.089967966,0.0,0.0,2.3391308e-06,-26.522066,2.3010523,0.7670175,0.080000006,0.0,0.13424183,10.440002,10.470002,1120000
hardzero_plus_depr__c0p56__z1p00__lam0p030__nu0p50__psi1p00,hardzero_plus_depr,0.08,40,350,0.0,1,0.46804136,0.4680416,0.978103,0.10517125,0.10517125,1.0,2.3873872e-07,2.2699999e-06,-25.797161,2.1518695,0.71728987,0.136,0.0,0.14964284,10.470002,10.500002,1123200
hardzero_plus_depr__c0p56__z1p00__lam0p030__nu0p50__psi1p00,hardzero_plus_depr,0.08,40,351,0.0,1,0.4680416,0.46804184,0.9845325,0.1036257,0.1036257,1.0,2.2827828e-07,2.202912e-06,-26.529812,2.1660147,0.7220049,0.14,0.0,0.10784638,10.500002,10.530002,1126400
hardzero_plus_depr__c0p56__z1p00__lam0p030__nu0p50__psi1p00,hardzero_plus_depr,0.08,40,352,0.0,1,0.46804184,0.46804205,0.9982762,0.100397706,0.100397706,1.0,2.1463089e-07,2.1378066e-06,-27.121227,2.1962514,0.7320838,0.128,0.0,0.142351,10.530002,10.560001,1129600
hardzero_plus_depr__c0p56__z1p00__lam0p030__nu0p50__psi1p00,hardzero_plus_depr,0.08,40,353,0.0,1,0.46804205,0.46804205,1.0315967,0.0,0.09298296,0.0,0.0,2.0746254e-06,-27.298985,2.269558,0.7565193,0.15200001,0.0,0.14515351,10.560001,10.590001,1132800
hardzero_plus_depr__c0p56__z1p00__lam0p030__nu0p50__psi1p00,hardzero_plus_depr,0.08,40,354,0.0,1,0.46804205,0.46804205,1.0497507,0.0,0.089176275,0.0,0.0,2.0133114e-06,-27.42599,2.3094976,0.76983255,0.120000005,0.0,0.14392604,10.590001,10.620001,1136000
hardzero_plus_depr__c0p56__z1p00__lam0p030__nu0p50__psi1p00,hardzero_plus_depr,0.08,40,355,0.0,1,0.46804205,0.46804205,1.1082369,0.0,0.07794048,0.0,0.0,1.9538095e-06,-28.283934,2.43817,0.81272334,0.104,0.0,0.16427052,10.620001,10.650001,1139200
hardzero_plus_depr__c0p56__z1p00__lam0p030__nu0p50__psi1p00,hardzero_plus_depr,0.08,40,356,0.0,1,0.46804205,0.46804205,1.0126944,0.0,0.09711932,0.0,0.0,1.8960662e-06,-25.802273,2.227972,0.74265736,0.112,0.0,0.12556954,10.650001,10.68,1142400
hardzero_plus_depr__c0p56__z1p00__lam0p030__nu0p50__psi1p00,hardzero_plus_depr,0.08,40,357,0.0,1,0.46804205,0.46804205,1.0451947,0.0,0.090116695,0.0,0.0,1.8400295e-06,-27.568434,2.2994742,0.7664914,0.104,0.0,0.1300623,10.68,10.71,1145600
hardzero_plus_depr__c0p56__z1p00__lam0p030__nu0p50__psi1p00,hardzero_plus_depr,0.08,40,358,0.0,1,0.46804205,0.46804205,1.0575266,0.0,0.0875938,0.0,0.0,1.7856489e-06,-26.835627,2.326605,0.77553505,0.14400001,0.0,0.1527634,10.71,10.74,1148800
hardzero_plus_depr__c0p56__z1p00__lam0p030__nu0p50__psi1p00,hardzero_plus_depr,0.08,40,359,0.0,1,0.46804205,0.46804205,1.0643904,0.0,0.08622031,0.0,0.0,1.7328755e-06,-28.205263,2.3417056,0.78056854,0.16800001,0.0,0.1568991,10.74,10.7699995,1152000
hardzero_plus_depr__c0p56__z1p00__lam0p030__nu0p50__psi1p00,hardzero_plus_depr,0.08,40,360,0.0,1,0.46804205,0.46804205,1.0384799,0.0,0.09152085,0.0,0.0,1.6816617e-06,-26.597511,2.2847013,0.7615671,0.2,0.0,0.14971332,10.7699995,10.799999,1155200
hardzero_plus_depr__c0p56__z1p00__lam0p030__nu0p50__psi1p00,hardzero_plus_depr,0.08,40,361,0.0,1,0.46804205,0.46804205,1.0449048,0.0,0.09017688,0.0,0.0,1.6319615e-06,-28.011488,2.2988365,0.76627886,0.17600001,0.0,0.12839873,10.799999,10.829999,1158400
hardzero_plus_depr__c0p56__z1p00__lam0p030__nu0p50__psi1p00,hardzero_plus_depr,0.08,40,362,0.0,1,0.46804205,0.46804205,1.0061768,0.0,0.0985878,0.0,0.0,1.5837302e-06,-26.916632,2.2136333,0.7378778,0.096,0.0,0.12837319,10.829999,10.859999,1161600
hardzero_plus_depr__c0p56__z1p00__lam0p030__nu0p50__psi1p00,hardzero_plus_depr,0.08,40,363,0.0,1,0.46804205,0.46804205,1.0729852,0.0,0.08453077,0.0,0.0,1.5369242e-06,-27.8525,2.3606145,0.78687155,0.136,0.0,0.18549347,10.859999,10.889998,1164800
hardzero_plus_depr__c0p56__z1p00__lam0p030__nu0p50__psi1p00,hardzero_plus_depr,0.08,40,364,0.0,1,0.46804205,0.46804205,1.0074522,0.0,0.098298684,0.0,0.0,1.4915017e-06,-27.162811,2.2164392,0.7388131,0.19,0.0,0.14779612,10.889998,10.919998,1168000
hardzero_plus_depr__c0p56__z1p00__lam0p030__nu0p50__psi1p00,hardzero_plus_depr,0.08,40,365,0.0,1,0.46804205,0.46804205,1.0614728,0.0,0.0868015,0.0,0.0,1.4474215e-06,-28.104729,2.3352866,0.7784289,0.136,0.0,0.16703089,10.919998,10.949998,1171200
hardzero_plus_depr__c0p56__z1p00__lam0p030__nu0p50__psi1p00,hardzero_plus_depr,0.08,40,366,0.0,1,0.46804205,0.46804205,1.0587107,0.0,0.0873553,0.0,0.0,1.4046441e-06,-27.475643,2.32921,0.77640337,0.120000005,0.008,0.14454496,10.949998,10.979998,1174400
hardzero_plus_depr__c0p56__z1p00__lam0p030__nu0p50__psi1p00,hardzero_plus_depr,0.08,40,367,0.0,1,0.46804205,0.46804205,1.0158386,0.0,0.09641873,0.0,0.0,1.3631309e-06,-27.247105,2.2348895,0.74496317,0.120000005,0.0,0.16250002,10.979998,11.009997,1177600
hardzero_plus_depr__c0p56__z1p00__lam0p030__nu0p50__psi1p00,hardzero_plus_depr,0.08,40,368,0.0,1,0.46804205,0.46804205,1.0577799,0.0,0.08754274,0.0,0.0,1.3228449e-06,-27.543194,2.3271623,0.7757208,0.136,0.0,0.144178,11.009997,11.039997,1180800
hardzero_plus_depr__c0p56__z1p00__lam0p030__nu0p50__psi1p00,hardzero_plus_depr,0.08,40,369,0.0,1,0.46804205,0.46804217,0.9957651,0.100979894,0.100979894,1.0,1.2963285e-07,1.2837492e-06,-27.108356,2.190727,0.7302424,0.14400001,0.0,0.17720301,11.039997,11.069997,1184000
hardzero_plus_depr__c0p56__z1p00__lam0p030__nu0p50__psi1p00,hardzero_plus_depr,0.08,40,370,0.0,1,0.46804217,0.46804217,1.0251346,0.0,0.09437684,0.0,0.0,1.2458089e-06,-26.518513,2.255341,0.7517804,0.192,0.0,0.14076777,11.069997,11.099997,1187200
hardzero_plus_depr__c0p56__z1p00__lam0p030__nu0p50__psi1p00,hardzero_plus_depr,0.08,40,371,0.0,1,0.46804217,0.46804217,1.019488,0.0,0.09561191,0.0,0.0,1.20899e-06,-27.711607,2.2429183,0.7476394,0.16000001,0.0,0.19170076,11.099997,11.129996,1190400
hardzero_plus_depr__c0p56__z1p00__lam0p030__nu0p50__psi1p00,hardzero_plus_depr,0.08,40,372,0.0,1,0.46804217,0.46804217,1.0491879,0.0,0.0892919,0.0,0.0,1.1732593e-06,-28.105448,2.3082595,0.76941985,0.18400002,0.0,0.16470979,11.129996,11.159996,1193600
hardzero_plus_depr__c0p56__z1p00__lam0p030__nu0p50__psi1p00,hardzero_plus_depr,0.08,40,373,0.0,1,0.46804217,0.46804217,1.0342946,0.0,0.092407115,0.0,0.0,1.1385845e-06,-27.098095,2.2754936,0.7584979,0.16000001,0.0,0.15847316,11.159996,11.189996,1196800
hardzero_plus_depr__c0p56__z1p00__lam0p030__nu0p50__psi1p00,hardzero_plus_depr,0.08,40,374,0.0,1,0.46804217,0.46804217,1.0779052,0.0,0.08357855,0.0,0.0,1.1049345e-06,-28.22742,2.3714387,0.7904796,0.16000001,0.0,0.15243086,11.189996,11.2199955,1200000
hardzero_plus_depr__c0p56__z1p00__lam0p030__nu0p50__psi1p00,hardzero_plus_depr,0.08,40,375,0.0,1,0.46804217,0.46804217,1.0049744,0.0,0.09886115,0.0,0.0,1.0722791e-06,-26.84409,2.2109878,0.73699594,0.16800001,0.0,0.14657801,11.2199955,11.249995,1203200
hardzero_plus_depr__c0p56__z1p00__lam0p030__nu0p50__psi1p00,hardzero_plus_depr,0.08,40,376,0.0,1,0.46804217,0.46804228,0.98856807,0.10266726,0.10266726,1.0,1.06834385e-07,1.0405887e-06,-27.101328,2.1748931,0.7249644,0.17600001,0.0,0.14351797,11.249995,11.279995,1206400
hardzero_plus_depr__c0p56__z1p00__lam0p030__nu0p50__psi1p00,hardzero_plus_depr,0.08,40,377,0.0,1,0.46804228,0.46804228,1.029161,0.0,0.093505904,0.0,0.0,1.009835e-06,-26.855747,2.2641993,0.7547331,0.12,0.0,0.1256823,11.279995,11.309995,1209600
hardzero_plus_depr__c0p56__z1p00__lam0p030__nu0p50__psi1p00,hardzero_plus_depr,0.08,40,378,0.0,1,0.46804228,0.46804228,1.0239234,0.0,0.094640404,0.0,0.0,9.799901e-07,-26.937714,2.2526765,0.75089216,0.18400002,0.0,0.16534549,11.309995,11.339994,1212800
hardzero_plus_depr__c0p56__z1p00__lam0p030__nu0p50__psi1p00,hardzero_plus_depr,0.08,40,379,0.0,1,0.46804228,0.46804228,1.0179757,0.0,0.095945425,0.0,0.0,9.510273e-07,-27.233562,2.2395911,0.7465304,0.104,0.0,0.15663096,11.339994,11.369994,1216000
hardzero_plus_depr__c0p56__z1p00__lam0p030__nu0p50__psi1p00,hardzero_plus_depr,0.08,40,380,0.0,1,0.46804228,0.46804228,1.0421227,0.0,0.09075641,0.0,0.0,9.229204e-07,-27.504133,2.2927158,0.7642386,0.15200001,0.0,0.1509903,11.369994,11.399994,1219200
hardzero_plus_depr__c0p56__z1p00__lam0p030__nu0p50__psi1p00,hardzero_plus_depr,0.08,40,381,0.0,1,0.46804228,0.46804228,1.0168931,0.0,0.09618488,0.0,0.0,8.9564423e-07,-27.031689,2.2372096,0.74573654,0.128,0.0,0.14325018,11.399994,11.429994,1222400
hardzero_plus_depr__c0p56__z1p00__lam0p030__nu0p50__psi1p00,hardzero_plus_depr,0.08,40,382,0.0,1,0.46804228,0.46804228,1.0223262,0.0,0.0949891,0.0,0.0,8.6917424e-07,-27.186775,2.2491627,0.74972093,0.120000005,0.0,0.13568042,11.429994,11.459993,1225600
hardzero_plus_depr__c0p56__z1p00__lam0p030__nu0p50__psi1p00,hardzero_plus_depr,0.08,40,383,0.0,1,0.46804228,0.46804228,1.0468247,0.0,0.08977911,0.0,0.0,8.434865e-07,-27.711704,2.3030603,0.7676868,0.128,0.0,0.1860397,11.459993,11.489993,1228800
hardzero_plus_depr__c0p56__z1p00__lam0p030__nu0p50__psi1p00,hardzero_plus_depr,0.08,40,384,0.0,1,0.46804228,0.46804228,1.0513389,0.0,0.088850744,0.0,0.0,8.1855785e-07,-27.389818,2.3129919,0.7709973,0.16000001,0.0,0.14147444,11.489993,11.519993,1232000
hardzero_plus_depr__c0p56__z1p00__lam0p030__nu0p50__psi1p00,hardzero_plus_depr,0.08,40,385,0.0,1,0.46804228,0.46804228,1.0547817,0.0,0.08814919,0.0,0.0,7.9436603e-07,-27.659264,2.320566,0.773522,0.112,0.0,0.14528927,11.519993,11.549993,1235200
hardzero_plus_depr__c0p56__z1p00__lam0p030__nu0p50__psi1p00,hardzero_plus_depr,0.08,40,386,0.0,1,0.46804228,0.46804228,1.0272846,0.0,0.093910754,0.0,0.0,7.7088913e-07,-28.079294,2.2600713,0.7533571,0.23200001,0.0,0.16159534,11.549993,11.579992,1238400
hardzero_plus_depr__c0p56__z1p00__lam0p030__nu0p50__psi1p00,hardzero_plus_depr,0.08,40,387,0.0,1,0.46804228,0.46804228,1.0292742,0.0,0.09348152,0.0,0.0,7.481062e-07,-27.78631,2.2644484,0.7548162,0.120000005,0.0,0.1470042,11.579992,11.609992,1241600
hardzero_plus_depr__c0p56__z1p00__lam0p030__nu0p50__psi1p00,hardzero_plus_depr,0.08,40,388,0.0,1,0.46804228,0.46804228,1.0283633,0.0,0.09367778,0.0,0.0,7.259965e-07,-26.450603,2.2624445,0.7541482,0.16000001,0.0,0.110159926,11.609992,11.639992,1244800
hardzero_plus_depr__c0p56__z1p00__lam0p030__nu0p50__psi1p00,hardzero_plus_depr,0.08,40,389,0.0,1,0.46804228,0.46804228,1.0174161,0.0,0.09606914,0.0,0.0,7.045402e-07,-26.931932,2.2383602,0.7461201,0.208,0.0,0.14886646,11.639992,11.6699915,1248000
hardzero_plus_depr__c0p56__z1p00__lam0p030__nu0p50__psi1p00,hardzero_plus_depr,0.08,40,390,0.0,1,0.46804228,0.46804228,1.0797538,0.0,0.08322355,0.0,0.0,6.837181e-07,-27.975998,2.3755057,0.79183525,0.11,0.0,0.18456265,11.6699915,11.699991,1251200
hardzero_plus_depr__c0p56__z1p00__lam0p030__nu0p50__psi1p00,hardzero_plus_depr,0.08,40,391,0.0,1,0.46804228,0.46804234,0.993498,0.10150839,0.10150839,1.0,6.735197e-08,6.6351134e-07,-26.94938,2.1857393,0.72857976,0.18400002,0.0,0.1247314,11.699991,11.729991,1254400
hardzero_plus_depr__c0p56__z1p00__lam0p030__nu0p50__psi1p00,hardzero_plus_depr,0.08,40,392,0.0,1,0.46804234,0.46804234,1.020547,0.0,0.09537904,0.0,0.0,6.439018e-07,-26.40974,2.2452483,0.7484161,0.17600001,0.0,0.14032678,11.729991,11.759991,1257600
hardzero_plus_depr__c0p56__z1p00__lam0p030__nu0p50__psi1p00,hardzero_plus_depr,0.08,40,393,0.0,1,0.46804234,0.46804234,1.036921,0.0,0.09184996,0.0,0.0,6.248718e-07,-27.57122,2.281272,0.760424,0.14400001,0.0,0.16714321,11.759991,11.78999,1260800
hardzero_plus_depr__c0p56__z1p00__lam0p030__nu0p50__psi1p00,hardzero_plus_depr,0.08,40,394,0.0,1,0.46804234,0.46804234,1.003845,0.0,0.09911857,0.0,0.0,6.0640417e-07,-27.054396,2.208503,0.73616767,0.136,0.0,0.14841828,11.78999,11.81999,1264000
hardzero_plus_depr__c0p56__z1p00__lam0p030__nu0p50__psi1p00,hardzero_plus_depr,0.08,40,395,0.0,1,0.46804234,0.46804234,1.0590805,0.0,0.08728095,0.0,0.0,5.884824e-07,-28.277449,2.3300235,0.7766745,0.112,0.0,0.13114296,11.81999,11.84999,1267200
hardzero_plus_depr__c0p56__z1p00__lam0p030__nu0p50__psi1p00,hardzero_plus_depr,0.08,40,396,0.0,1,0.46804234,0.46804234,1.0524089,0.0,0.08863211,0.0,0.0,5.7109025e-07,-27.519278,2.3153458,0.7717819,0.192,0.0,0.14197479,11.84999,11.87999,1270400
hardzero_plus_depr__c0p56__z1p00__lam0p030__nu0p50__psi1p00,hardzero_plus_depr,0.08,40,397,0.0,1,0.46804234,0.46804234,1.0799986,0.0,0.083176635,0.0,0.0,5.5421214e-07,-27.356525,2.3760443,0.7920148,0.104,0.0,0.14692625,11.87999,11.909989,1273600
hardzero_plus_depr__c0p56__z1p00__lam0p030__nu0p50__psi1p00,hardzero_plus_depr,0.08,40,398,0.0,1,0.46804234,0.46804234,1.0194557,0.0,0.09561902,0.0,0.0,5.378328e-07,-26.654287,2.2428472,0.74761575,0.16000001,0.0,0.16364263,11.909989,11.939989,1276800
hardzero_plus_depr__c0p56__z1p00__lam0p030__nu0p50__psi1p00,hardzero_plus_depr,0.08,40,399,0.0,1,0.46804234,0.46804234,1.0670758,0.0,0.085688815,0.0,0.0,5.219376e-07,-28.312199,2.3476138,0.78253794,0.17600001,0.0,0.15077345,11.939989,11.969989,1280000
hardzero_plus_depr__c0p56__z1p00__lam0p030__nu0p50__psi1p00,hardzero_plus_depr,0.08,40,400,0.0,1,0.46804234,0.46804234,1.0284541,0.0,0.093658224,0.0,0.0,5.0651215e-07,-27.487951,2.262644,0.7542147,0.104,0.0,0.14993523,11.969989,11.999989,1283200
hardzero_plus_depr__c0p56__z1p00__lam0p030__nu0p50__psi1p00,hardzero_plus_depr,0.08,40,401,0.0,1,0.46804234,0.4680424,0.99356955,0.10149169,0.10149169,1.0,4.988749e-08,4.915426e-07,-27.187551,2.1858966,0.7286322,0.18400002,0.0,0.13162984,11.999989,12.029988,1286400
hardzero_plus_depr__c0p56__z1p00__lam0p030__nu0p50__psi1p00,hardzero_plus_depr,0.08,40,402,0.0,1,0.4680424,0.4680424,1.0263066,0.0,0.09412247,0.0,0.0,4.770154e-07,-27.09829,2.2579195,0.7526399,0.16800001,0.0,0.12669581,12.029988,12.059988,1289600
hardzero_plus_depr__c0p56__z1p00__lam0p030__nu0p50__psi1p00,hardzero_plus_depr,0.08,40,403,0.0,1,0.4680424,0.4680424,1.0784703,0.0,0.08346985,0.0,0.0,4.6291765e-07,-26.720009,2.372682,0.79089403,0.14,0.0,0.15013032,12.059988,12.089988,1292800
hardzero_plus_depr__c0p56__z1p00__lam0p030__nu0p50__psi1p00,hardzero_plus_depr,0.08,40,404,0.0,1,0.4680424,0.4680424,1.0222012,0.0,0.09501646,0.0,0.0,4.492365e-07,-26.797447,2.2488875,0.7496292,0.18400002,0.008,0.14944968,12.089988,12.1199875,1296000
hardzero_plus_depr__c0p56__z1p00__lam0p030__nu0p50__psi1p00,hardzero_plus_depr,0.08,40,405,0.0,1,0.4680424,0.4680424,1.0305712,0.0,0.093202755,0.0,0.0,4.3595966e-07,-27.23963,2.267302,0.75576735,0.136,0.0,0.15166837,12.1199875,12.149987,1299200
hardzero_plus_depr__c0p56__z1p00__lam0p030__nu0p50__psi1p00,hardzero_plus_depr,0.08,40,406,0.0,1,0.4680424,0.4680424,1.0972497,0.0,0.07993744,0.0,0.0,4.2307522e-07,-28.357136,2.4139977,0.8046659,0.128,0.0,0.123764336,12.149987,12.179987,1302400
hardzero_plus_depr__c0p56__z1p00__lam0p030__nu0p50__psi1p00,hardzero_plus_depr,0.08,40,407,0.0,1,0.4680424,0.4680424,1.089065,0.0,0.08145825,0.0,0.0,4.1057154e-07,-28.33951,2.3959908,0.7986636,0.15200001,0.0,0.17613548,12.179987,12.209987,1305600
hardzero_plus_depr__c0p56__z1p00__lam0p030__nu0p50__psi1p00,hardzero_plus_depr,0.08,40,408,0.0,1,0.4680424,0.4680424,1.0669342,0.0,0.08571675,0.0,0.0,3.9843744e-07,-28.348534,2.3473022,0.7824341,0.16800001,0.0,0.16185087,12.209987,12.239986,1308800
hardzero_plus_depr__c0p56__z1p00__lam0p030__nu0p50__psi1p00,hardzero_plus_depr,0.08,40,409,0.0,1,0.4680424,0.4680424,1.0783085,0.0,0.08350097,0.0,0.0,3.8666195e-07,-28.13172,2.372326,0.7907753,0.18400002,0.0,0.1697799,12.239986,12.269986,1312000
hardzero_plus_depr__c0p56__z1p00__lam0p030__nu0p50__psi1p00,hardzero_plus_depr,0.08,40,410,0.0,1,0.4680424,0.46804243,0.98199105,0.10423389,0.10423389,1.0,3.9112145e-08,3.7523444e-07,-26.092306,2.1604235,0.7201412,0.16800001,0.0,0.12949905,12.269986,12.299986,1315200
hardzero_plus_depr__c0p56__z1p00__lam0p030__nu0p50__psi1p00,hardzero_plus_depr,0.08,40,411,0.0,1,0.46804243,0.46804243,1.0482328,0.0,0.08948849,0.0,0.0,3.641447e-07,-27.877247,2.3061583,0.76871943,0.128,0.0,0.1549562,12.299986,12.329986,1318400
hardzero_plus_depr__c0p56__z1p00__lam0p030__nu0p50__psi1p00,hardzero_plus_depr,0.08,40,412,0.0,1,0.46804243,0.46804243,1.070751,0.0,0.084966764,0.0,0.0,3.5338272e-07,-28.111511,2.355699,0.785233,0.08800001,0.0,0.1466581,12.329986,12.359985,1321600
hardzero_plus_depr__c0p56__z1p00__lam0p030__nu0p50__psi1p00,hardzero_plus_depr,0.08,40,413,0.0,1,0.46804243,0.46804243,1.0181793,0.0,0.09590046,0.0,0.0,3.4293876e-07,-26.327406,2.240039,0.7466797,0.17600001,0.0,0.13156216,12.359985,12.389985,1324800
hardzero_plus_depr__c0p56__z1p00__lam0p030__nu0p50__psi1p00,hardzero_plus_depr,0.08,40,414,0.0,1,0.46804243,0.46804243,1.0110213,0.0,0.0974942,0.0,0.0,3.3280347e-07,-27.44798,2.224291,0.7414304,0.128,0.0,0.13376155,12.389985,12.419985,1328000
hardzero_plus_depr__c0p56__z1p00__lam0p030__nu0p50__psi1p00,hardzero_plus_depr,0.08,40,415,0.0,1,0.46804243,0.46804243,1.0153772,0.0,0.09652121,0.0,0.0,3.229677e-07,-26.980627,2.2338743,0.7446248,0.15200001,0.0,0.13347326,12.419985,12.449985,1331200
hardzero_plus_depr__c0p56__z1p00__lam0p030__nu0p50__psi1p00,hardzero_plus_depr,0.08,40,416,0.0,1,0.46804243,0.46804246,0.99208724,0.10183866,0.10183866,1.0,3.1918542e-08,3.1342265e-07,-26.676342,2.1826355,0.7275452,0.14,0.0,0.14252435,12.449985,12.479984,1334400
hardzero_plus_depr__c0p56__z1p00__lam0p030__nu0p50__psi1p00,hardzero_plus_depr,0.08,40,417,0.0,1,0.46804246,0.46804246,1.0075107,0.0,0.098285474,0.0,0.0,3.041597e-07,-26.817623,2.2165678,0.73885596,0.208,0.0,0.14840396,12.479984,12.509984,1337600
hardzero_plus_depr__c0p56__z1p00__lam0p030__nu0p50__psi1p00,hardzero_plus_depr,0.08,40,418,0.0,1,0.46804246,0.46804246,1.0024213,0.0,0.09944403,0.0,0.0,2.951705e-07,-26.46571,2.205371,0.73512363,0.14400001,0.0,0.13608925,12.509984,12.539984,1340800
hardzero_plus_depr__c0p56__z1p00__lam0p030__nu0p50__psi1p00,hardzero_plus_depr,0.08,40,419,0.0,1,0.46804246,0.4680425,0.9930371,0.1016162,0.1016162,1.0,2.9107651e-08,2.8644698e-07,-26.212368,2.1847253,0.7282418,0.16800001,0.0,0.1257133,12.539984,12.5699835,1344000
hardzero_plus_depr__c0p56__z1p00__lam0p030__nu0p50__psi1p00,hardzero_plus_depr,0.08,40,420,0.0,1,0.4680425,0.4680425,1.0177997,0.0,0.09598432,0.0,0.0,2.7798126e-07,-26.59865,2.2392042,0.7464014,0.128,0.0,0.14891319,12.5699835,12.599983,1347200
hardzero_plus_depr__c0p56__z1p00__lam0p030__nu0p50__psi1p00,hardzero_plus_depr,0.08,40,421,0.0,1,0.4680425,0.4680425,1.0958503,0.0,0.080195434,0.0,0.0,2.6976574e-07,-28.154917,2.410919,0.80363965,0.096,0.0,0.15004915,12.599983,12.629983,1350400
hardzero_plus_depr__c0p56__z1p00__lam0p030__nu0p50__psi1p00,hardzero_plus_depr,0.08,40,422,0.0,1,0.4680425,0.46804252,0.97466755,0.10600648,0.10600648,1.0,2.7751756e-08,2.6179302e-07,-26.347454,2.1443114,0.7147705,0.16000001,0.0,0.114599064,12.629983,12.659983,1353600
hardzero_plus_depr__c0p56__z1p00__lam0p030__nu0p50__psi1p00,hardzero_plus_depr,0.08,40,423,0.0,1,0.46804252,0.46804252,1.0544984,0.0,0.088206686,0.0,0.0,2.5405595e-07,-27.543451,2.319943,0.77331436,0.17600001,0.0,0.15464836,12.659983,12.689982,1356800
hardzero_plus_depr__c0p56__z1p00__lam0p030__nu0p50__psi1p00,hardzero_plus_depr,0.08,40,424,0.0,1,0.46804252,0.46804252,1.1045575,0.0,0.07860361,0.0,0.0,2.4654753e-07,-28.50806,2.430075,0.810025,0.14400001,0.0,0.1689262,12.689982,12.719982,1360000
hardzero_plus_depr__c0p56__z1p00__lam0p030__nu0p50__psi1p00,hardzero_plus_depr,0.08,40,425,0.0,1,0.46804252,0.46804252,1.0128666,0.0,0.09708081,0.0,0.0,2.39261e-07,-26.34355,2.228351,0.7427837,0.192,0.0,0.14593622,12.719982,12.749982,1363200
hardzero_plus_depr__c0p56__z1p00__lam0p030__nu0p50__psi1p00,hardzero_plus_depr,0.08,40,426,0.0,1,0.46804252,0.46804252,1.0071949,0.0,0.09835696,0.0,0.0,2.3218985e-07,-27.021816,2.215873,0.73862433,0.208,0.0,0.15627702,12.749982,12.779982,1366400
hardzero_plus_depr__c0p56__z1p00__lam0p030__nu0p50__psi1p00,hardzero_plus_depr,0.08,40,427,0.0,1,0.46804252,0.46804252,1.1148391,0.0,0.07676459,0.0,0.0,2.2532765e-07,-28.817343,2.452695,0.81756496,0.112,0.0,0.15723069,12.779982,12.809981,1369600
hardzero_plus_depr__c0p56__z1p00__lam0p030__nu0p50__psi1p00,hardzero_plus_depr,0.08,40,428,0.0,1,0.46804252,0.46804252,1.0565844,0.0,0.08778405,0.0,0.0,2.1866828e-07,-26.678871,2.324532,0.77484405,0.14400001,0.0,0.14093208,12.809981,12.839981,1372800
hardzero_plus_depr__c0p56__z1p00__lam0p030__nu0p50__psi1p00,hardzero_plus_depr,0.08,40,429,0.0,1,0.46804252,0.46804252,1.0102988,0.0,0.09765648,0.0,0.0,2.122057e-07,-26.244576,2.2227018,0.74090064,0.22999999,0.0,0.14236054,12.839981,12.869981,1376000
hardzero_plus_depr__c0p56__z1p00__lam0p030__nu0p50__psi1p00,hardzero_plus_depr,0.08,40,430,0.0,1,0.46804252,0.46804255,0.9997295,0.10006229,0.10006229,1.0,2.060624e-08,2.0593413e-07,-26.969799,2.1994488,0.73314965,0.08800001,0.0,0.10571488,12.869981,12.899981,1379200
hardzero_plus_depr__c0p56__z1p00__lam0p030__nu0p50__psi1p00,hardzero_plus_depr,0.08,40,431,0.0,1,0.46804255,0.46804255,1.0283995,0.0,0.09366999,0.0,0.0,1.998479e-07,-27.23724,2.262524,0.75417465,0.120000005,0.0,0.13323809,12.899981,12.92998,1382400
hardzero_plus_depr__c0p56__z1p00__lam0p030__nu0p50__psi1p00,hardzero_plus_depr,0.08,40,432,0.0,1,0.46804255,0.46804255,1.0003505,0.0,0.09991933,0.0,0.0,1.9394157e-07,-26.220516,2.200815,0.733605,0.2,0.0,0.13933694,12.92998,12.95998,1385600
hardzero_plus_depr__c0p56__z1p00__lam0p030__nu0p50__psi1p00,hardzero_plus_depr,0.08,40,433,0.0,1,0.46804255,0.46804255,1.0888917,0.0,0.081490725,0.0,0.0,1.8820977e-07,-28.190176,2.3956096,0.79853654,0.112,0.0,0.14008676,12.95998,12.98998,1388800
hardzero_plus_depr__c0p56__z1p00__lam0p030__nu0p50__psi1p00,hardzero_plus_depr,0.08,40,434,0.0,1,0.46804255,0.46804255,1.0015663,0.0,0.09963999,0.0,0.0,1.826474e-07,-27.225744,2.2034898,0.7344966,0.16800001,0.0,0.15962651,12.98998,13.0199795,1392000
hardzero_plus_depr__c0p56__z1p00__lam0p030__nu0p50__psi1p00,hardzero_plus_depr,0.08,40,435,0.0,1,0.46804255,0.46804255,1.0976579,0.0,0.07986234,0.0,0.0,1.7724938e-07,-28.963322,2.4148955,0.8049652,0.128,0.0,0.17438768,13.0199795,13.049979,1395200
hardzero_plus_depr__c0p56__z1p00__lam0p030__nu0p50__psi1p00,hardzero_plus_depr,0.08,40,436,0.0,1,0.46804255,0.46804255,1.0103712,0.0,0.09764023,0.0,0.0,1.7201093e-07,-26.756647,2.222861,0.7409537,0.16000001,0.0,0.14401522,13.049979,13.079979,1398400
hardzero_plus_depr__c0p56__z1p00__lam0p030__nu0p50__psi1p00,hardzero_plus_depr,0.08,40,437,0.0,1,0.46804255,0.46804255,1.1054265,0.0,0.078446485,0.0,0.0,1.6692726e-07,-27.923918,2.431987,0.8106624,0.08800001,0.0,0.14362721,13.079979,13.109979,1401600
hardzero_plus_depr__c0p56__z1p00__lam0p030__nu0p50__psi1p00,hardzero_plus_depr,0.08,40,438,0.0,1,0.46804255,0.46804255,1.0092552,0.0,0.09789146,0.0,0.0,1.6199388e-07,-26.826942,2.2204058,0.7401353,0.192,0.0,0.156662,13.109979,13.139978,1404800
hardzero_plus_depr__c0p56__z1p00__lam0p030__nu0p50__psi1p00,hardzero_plus_depr,0.08,40,439,0.0,1,0.46804255,0.46804255,1.0360463,0.0,0.09203514,0.0,0.0,1.5720626e-07,-27.047451,2.2793474,0.7597825,0.15200001,0.0,0.148383,13.139978,13.169978,1408000
hardzero_plus_depr__c0p56__z1p00__lam0p030__nu0p50__psi1p00,hardzero_plus_depr,0.08,40,440,0.0,1,0.46804255,0.46804255,1.0142903,0.0,0.09676308,0.0,0.0,1.5256016e-07,-27.134315,2.2314832,0.74382776,0.14400001,0.0,0.1343983,13.169978,13.199978,1411200
hardzero_plus_depr__c0p56__z1p00__lam0p030__nu0p50__psi1p00,hardzero_plus_depr,0.08,40,441,0.0,1,0.46804255,0.46804255,1.0248367,0.0,0.0944416,0.0,0.0,1.4805137e-07,-26.70297,2.2546856,0.7515619,0.136,0.0,0.14790453,13.199978,13.229978,1414400
hardzero_plus_depr__c0p56__z1p00__lam0p030__nu0p50__psi1p00,hardzero_plus_depr,0.08,40,442,0.0,1,0.46804255,0.46804255,1.0233432,0.0,0.094766915,0.0,0.0,1.4367583e-07,-27.241323,2.2514,0.7504667,0.099999994,0.0,0.15218341,13.229978,13.259977,1417600
hardzero_plus_depr__c0p56__z1p00__lam0p030__nu0p50__psi1p00,hardzero_plus_depr,0.08,40,443,0.0,1,0.46804255,0.46804255,0.98958564,0.10242697,0.10242697,1.0,1.4281351e-08,1.394296e-07,-27.072628,2.177132,0.72571063,0.23200001,0.0,0.15543719,13.259977,13.289977,1420800
hardzero_plus_depr__c0p56__z1p00__lam0p030__nu0p50__psi1p00,hardzero_plus_depr,0.08,40,444,0.0,1,0.46804255,0.46804255,1.065525,0.0,0.08599534,0.0,0.0,1.3530887e-07,-27.766226,2.344202,0.7814007,0.208,0.0,0.15918617,13.289977,13.319977,1424000
hardzero_plus_depr__c0p56__z1p00__lam0p030__nu0p50__psi1p00,hardzero_plus_depr,0.08,40,445,0.0,1,0.46804255,0.46804255,1.0149486,0.0,0.096616514,0.0,0.0,1.3130992e-07,-26.661236,2.2329316,0.74431056,0.120000005,0.0,0.12938462,13.319977,13.349977,1427200
hardzero_plus_depr__c0p56__z1p00__lam0p030__nu0p50__psi1p00,hardzero_plus_depr,0.08,40,446,0.0,1,0.46804255,0.46804255,0.98642546,0.103175,0.103175,1.0,1.3147505e-08,1.2742917e-07,-26.323273,2.1701794,0.72339314,0.096,0.0,0.124331325,13.349977,13.379976,1430400
hardzero_plus_depr__c0p56__z1p00__lam0p030__nu0p50__psi1p00,hardzero_plus_depr,0.08,40,447,0.0,1,0.46804255,0.46804255,1.0446167,0.0,0.09023671,0.0,0.0,1.236631e-07,-27.868639,2.2982028,0.7660676,0.14400001,0.0,0.1526518,13.379976,13.409976,1433600
hardzero_plus_depr__c0p56__z1p00__lam0p030__nu0p50__psi1p00,hardzero_plus_depr,0.08,40,448,0.0,1,0.46804255,0.46804255,0.98915565,0.10252844,0.10252844,1.0,1.2304268e-08,1.2000834e-07,-27.279755,2.1761858,0.7253953,0.192,0.0,0.15155727,13.409976,13.439976,1436800
hardzero_plus_depr__c0p56__z1p00__lam0p030__nu0p50__psi1p00,hardzero_plus_depr,0.08,40,449,0.0,1,0.46804255,0.46804255,1.067155,0.0,0.08567319,0.0,0.0,1.16461585e-07,-27.159267,2.3477879,0.782596,0.120000005,0.0,0.16705488,13.439976,13.469975,1440000
hardzero_plus_depr__c0p56__z1p00__lam0p030__nu0p50__psi1p00,hardzero_plus_depr,0.08,40,450,0.0,1,0.46804255,0.46804255,1.0079409,0.0,0.098188154,0.0,0.0,1.13019645e-07,-27.48147,2.2175143,0.73917145,0.18400002,0.0,0.14760934,13.469975,13.499975,1443200
hardzero_plus_depr__c0p56__z1p00__lam0p030__nu0p50__psi1p00,hardzero_plus_depr,0.08,40,451,0.0,1,0.46804255,0.46804255,1.0261703,0.0,0.09415203,0.0,0.0,1.0967945e-07,-27.51386,2.2576196,0.7525399,0.17600001,0.0,0.16669063,13.499975,13.529975,1446400
hardzero_plus_depr__c0p56__z1p00__lam0p030__nu0p50__psi1p00,hardzero_plus_depr,0.08,40,452,0.0,1,0.46804255,0.46804255,1.0466481,0.0,0.08981561,0.0,0.0,1.0643795e-07,-27.213423,2.302672,0.7675573,0.128,0.0,0.13497782,13.529975,13.559975,1449600
hardzero_plus_depr__c0p56__z1p00__lam0p030__nu0p50__psi1p00,hardzero_plus_depr,0.08,40,453,0.0,1,0.46804255,0.46804255,1.0625561,0.0,0.08658524,0.0,0.0,1.03292265e-07,-27.45633,2.33767,0.7792234,0.08800001,0.0,0.1428846,13.559975,13.589974,1452800
hardzero_plus_depr__c0p56__z1p00__lam0p030__nu0p50__psi1p00,hardzero_plus_depr,0.08,40,454,0.0,1,0.46804255,0.46804255,1.0096539,0.0,0.09780162,0.0,0.0,1.0023954e-07,-27.143883,2.221283,0.7404277,0.15200001,0.0,0.14138785,13.589974,13.619974,1456000
hardzero_plus_depr__c0p56__z1p00__lam0p030__nu0p50__psi1p00,hardzero_plus_depr,0.08,40,455,0.0,1,0.46804255,0.46804255,1.0267655,0.0,0.09402309,0.0,0.0,9.727705e-08,-27.101837,2.2589293,0.7529764,0.17,0.0,0.15169978,13.619974,13.649974,1459200
hardzero_plus_depr__c0p56__z1p00__lam0p030__nu0p50__psi1p00,hardzero_plus_depr,0.08,40,456,0.0,1,0.46804255,0.46804255,1.0199429,0.0,0.095511824,0.0,0.0,9.4402104e-08,-27.094786,2.2439191,0.7479731,0.16800001,0.0,0.13875231,13.649974,13.679974,1462400
hardzero_plus_depr__c0p56__z1p00__lam0p030__nu0p50__psi1p00,hardzero_plus_depr,0.08,40,457,0.0,1,0.46804255,0.46804255,1.0554175,0.0,0.08802023,0.0,0.0,9.1612115e-08,-27.37697,2.321965,0.77398837,0.14400001,0.0,0.17540523,13.679974,13.709973,1465600
hardzero_plus_depr__c0p56__z1p00__lam0p030__nu0p50__psi1p00,hardzero_plus_depr,0.08,40,458,0.0,1,0.46804255,0.46804255,1.0601255,0.0,0.0870712,0.0,0.0,8.89046e-08,-28.120258,2.3323226,0.7774409,0.14400001,0.0,0.14861551,13.709973,13.739973,1468800
hardzero_plus_depr__c0p56__z1p00__lam0p030__nu0p50__psi1p00,hardzero_plus_depr,0.08,40,459,0.0,1,0.46804255,0.46804255,1.013567,0.0,0.09692439,0.0,0.0,8.627708e-08,-27.049707,2.2298918,0.7432973,0.128,0.0,0.1435247,13.739973,13.769973,1472000
hardzero_plus_depr__c0p56__z1p00__lam0p030__nu0p50__psi1p00,hardzero_plus_depr,0.08,40,460,0.0,1,0.46804255,0.46804255,1.0024198,0.0,0.09944436,0.0,0.0,8.372724e-08,-25.920898,2.2053676,0.73512256,0.16800001,0.0,0.133752,13.769973,13.799973,1475200
hardzero_plus_depr__c0p56__z1p00__lam0p030__nu0p50__psi1p00,hardzero_plus_depr,0.08,40,461,0.0,1,0.46804255,0.46804255,1.0543814,0.0,0.08823048,0.0,0.0,8.125274e-08,-27.612963,2.3196855,0.7732285,0.120000005,0.0,0.17181672,13.799973,13.829972,1478400
hardzero_plus_depr__c0p56__z1p00__lam0p030__nu0p50__psi1p00,hardzero_plus_depr,0.08,40,462,0.0,1,0.46804255,0.46804255,1.0580046,0.0,0.087497436,0.0,0.0,7.885138e-08,-28.12567,2.3276567,0.7758856,0.136,0.0,0.15439306,13.829972,13.859972,1481600
hardzero_plus_depr__c0p56__z1p00__lam0p030__nu0p50__psi1p00,hardzero_plus_depr,0.08,40,463,0.0,1,0.46804255,0.46804255,1.0172795,0.0,0.09609936,0.0,0.0,7.6521e-08,-26.266548,2.2380595,0.74601984,0.16800001,0.0,0.1616651,13.859972,13.889972,1484800
hardzero_plus_depr__c0p56__z1p00__lam0p030__nu0p50__psi1p00,hardzero_plus_depr,0.08,40,464,0.0,1,0.46804255,0.46804255,1.0501193,0.0,0.089100614,0.0,0.0,7.425948e-08,-27.687885,2.3103085,0.77010286,0.128,0.0,0.12908348,13.889972,13.919971,1488000
hardzero_plus_depr__c0p56__z1p00__lam0p030__nu0p50__psi1p00,hardzero_plus_depr,0.08,40,465,0.0,1,0.46804255,0.46804255,1.0056345,0.0,0.09871097,0.0,0.0,7.20648e-08,-26.712778,2.2124403,0.7374801,0.16800001,0.0,0.13778892,13.919971,13.949971,1491200
hardzero_plus_depr__c0p56__z1p00__lam0p030__nu0p50__psi1p00,hardzero_plus_depr,0.08,40,466,0.0,1,0.46804255,0.46804255,1.0576133,0.0,0.08757632,0.0,0.0,6.993498e-08,-27.30691,2.3267956,0.7755985,0.17600001,0.0,0.15687345,13.949971,13.979971,1494400
hardzero_plus_depr__c0p56__z1p00__lam0p030__nu0p50__psi1p00,hardzero_plus_depr,0.08,40,467,0.0,1,0.46804255,0.46804255,1.0522755,0.0,0.088659324,0.0,0.0,6.786811e-08,-26.833513,2.3150525,0.77168417,0.112,0.0,0.16608979,13.979971,14.009971,1497600
hardzero_plus_depr__c0p56__z1p00__lam0p030__nu0p50__psi1p00,hardzero_plus_depr,0.08,40,468,0.0,1,0.46804255,0.46804255,0.97040397,0.10705231,0.10705231,1.0,7.0507133e-09,6.586232e-08,-26.4185,2.1349313,0.7116438,0.14999999,0.0,0.121892154,14.009971,14.03997,1500800
hardzero_plus_depr__c0p56__z1p00__lam0p030__nu0p50__psi1p00,hardzero_plus_depr,0.08,40,469,0.0,1,0.46804255,0.46804255,1.0918751,0.0,0.08093286,0.0,0.0,6.3915806e-08,-28.81463,2.402173,0.8007244,0.16800001,0.0,0.14384992,14.03997,14.06997,1504000
hardzero_plus_depr__c0p56__z1p00__lam0p030__nu0p50__psi1p00,hardzero_plus_depr,0.08,40,470,0.0,1,0.46804255,0.46804255,1.0284042,0.0,0.09366897,0.0,0.0,6.2026835e-08,-27.197258,2.2625346,0.7541782,0.112,0.0,0.17582825,14.06997,14.09997,1507200
hardzero_plus_depr__c0p56__z1p00__lam0p030__nu0p50__psi1p00,hardzero_plus_depr,0.08,40,471,0.0,1,0.46804255,0.46804255,1.0143086,0.0,0.096759014,0.0,0.0,6.019368e-08,-27.532106,2.2315235,0.7438412,0.120000005,0.0,0.15250829,14.09997,14.12997,1510400
hardzero_plus_depr__c0p56__z1p00__lam0p030__nu0p50__psi1p00,hardzero_plus_depr,0.08,40,472,0.0,1,0.46804255,0.46804255,1.040291,0.0,0.091139995,0.0,0.0,5.8414702e-08,-27.695467,2.2886858,0.7628953,0.08800001,0.0,0.12898059,14.12997,14.159969,1513600
hardzero_plus_depr__c0p56__z1p00__lam0p030__nu0p50__psi1p00,hardzero_plus_depr,0.08,40,473,0.0,1,0.46804255,0.46804255,1.0475293,0.0,0.08963357,0.0,0.0,5.66883e-08,-28.349775,2.3046105,0.7682035,0.15200001,0.0,0.14254595,14.159969,14.189969,1516800
hardzero_plus_depr__c0p56__z1p00__lam0p030__nu0p50__psi1p00,hardzero_plus_depr,0.08,40,474,0.0,1,0.46804255,0.46804255,1.011617,0.0,0.097360566,0.0,0.0,5.5012922e-08,-26.854118,2.2256017,0.74186724,0.16000001,0.0,0.16596289,14.189969,14.219969,1520000
hardzero_plus_depr__c0p56__z1p00__lam0p030__nu0p50__psi1p00,hardzero_plus_depr,0.08,40,475,0.0,1,0.46804255,0.46804255,1.0535548,0.0,0.08839857,0.0,0.0,5.3387055e-08,-27.704256,2.3178668,0.7726223,0.136,0.0,0.15489385,14.219969,14.249969,1523200
hardzero_plus_depr__c0p56__z1p00__lam0p030__nu0p50__psi1p00,hardzero_plus_depr,0.08,40,476,0.0,1,0.46804255,0.46804255,1.016612,0.0,0.09624716,0.0,0.0,5.180924e-08,-27.29432,2.236591,0.74553037,0.104,0.0,0.14229281,14.249969,14.279968,1526400
hardzero_plus_depr__c0p56__z1p00__lam0p030__nu0p50__psi1p00,hardzero_plus_depr,0.08,40,477,0.0,1,0.46804255,0.46804255,1.0304983,0.0,0.09321842,0.0,0.0,5.0278068e-08,-27.988398,2.2671416,0.7557139,0.136,0.0,0.14640702,14.279968,14.309968,1529600
hardzero_plus_depr__c0p56__z1p00__lam0p030__nu0p50__psi1p00,hardzero_plus_depr,0.08,40,478,0.0,1,0.46804255,0.46804255,1.0316669,0.0,0.09296791,0.0,0.0,4.879214e-08,-27.850088,2.2697124,0.7565708,0.096,0.0,0.15108621,14.309968,14.339968,1532800
hardzero_plus_depr__c0p56__z1p00__lam0p030__nu0p50__psi1p00,hardzero_plus_depr,0.08,40,479,0.0,1,0.46804255,0.46804255,1.0274519,0.0,0.0938746,0.0,0.0,4.7350127e-08,-27.271889,2.2604392,0.7534797,0.216,0.0,0.17121065,14.339968,14.369967,1536000
hardzero_plus_depr__c0p56__z1p00__lam0p030__nu0p50__psi1p00,hardzero_plus_depr,0.08,40,480,0.0,1,0.46804255,0.46804255,1.0690731,0.0,0.085295655,0.0,0.0,4.5950728e-08,-28.865658,2.3520079,0.78400266,0.15200001,0.0,0.16348065,14.369967,14.399967,1539200
hardzero_plus_depr__c0p56__z1p00__lam0p030__nu0p50__psi1p00,hardzero_plus_depr,0.08,40,481,0.0,1,0.46804255,0.46804255,1.0492266,0.0,0.08928394,0.0,0.0,4.459269e-08,-27.620728,2.3083446,0.7694482,0.17999999,0.0,0.13267866,14.399967,14.429967,1542400
hardzero_plus_depr__c0p56__z1p00__lam0p030__nu0p50__psi1p00,hardzero_plus_depr,0.08,40,482,0.0,1,0.46804255,0.46804255,1.0576255,0.0,0.08757384,0.0,0.0,4.3274788e-08,-27.395473,2.3268228,0.7756076,0.136,0.0,0.13621737,14.429967,14.459967,1545600
hardzero_plus_depr__c0p56__z1p00__lam0p030__nu0p50__psi1p00,hardzero_plus_depr,0.08,40,483,0.0,1,0.46804255,0.46804255,1.069498,0.0,0.08521225,0.0,0.0,4.1995836e-08,-28.798756,2.3529425,0.78431416,0.112,0.0,0.16431573,14.459967,14.489966,1548800
hardzero_plus_depr__c0p56__z1p00__lam0p030__nu0p50__psi1p00,hardzero_plus_depr,0.08,40,484,0.0,1,0.46804255,0.46804255,1.0499772,0.0,0.08912977,0.0,0.0,4.0754678e-08,-27.911669,2.309996,0.76999867,0.080000006,0.0,0.14775765,14.489966,14.519966,1552000
hardzero_plus_depr__c0p56__z1p00__lam0p030__nu0p50__psi1p00,hardzero_plus_depr,0.08,40,485,0.0,1,0.46804255,0.46804255,1.0441035,0.0,0.09034342,0.0,0.0,3.9550212e-08,-27.43172,2.2970736,0.7656912,0.16800001,0.0,0.14631677,14.519966,14.549966,1555200
hardzero_plus_depr__c0p56__z1p00__lam0p030__nu0p50__psi1p00,hardzero_plus_depr,0.08,40,486,0.0,1,0.46804255,0.46804255,1.0254763,0.0,0.094302595,0.0,0.0,3.838134e-08,-26.818811,2.256093,0.752031,0.192,0.0,0.14375137,14.549966,14.579966,1558400
hardzero_plus_depr__c0p56__z1p00__lam0p030__nu0p50__psi1p00,hardzero_plus_depr,0.08,40,487,0.0,1,0.46804255,0.46804255,1.0391208,0.0,0.091385886,0.0,0.0,3.7247005e-08,-27.199602,2.2861114,0.76203716,0.16800001,0.0,0.12919685,14.579966,14.609965,1561600
hardzero_plus_depr__c0p56__z1p00__lam0p030__nu0p50__psi1p00,hardzero_plus_depr,0.08,40,488,0.0,1,0.46804255,0.46804255,1.0023557,0.0,0.09945904,0.0,0.0,3.61462e-08,-26.542864,2.2052267,0.7350756,0.224,0.0,0.16292673,14.609965,14.639965,1564800
hardzero_plus_depr__c0p56__z1p00__lam0p030__nu0p50__psi1p00,hardzero_plus_depr,0.08,40,489,0.0,1,0.46804255,0.46804255,1.0465455,0.0,0.08983686,0.0,0.0,3.5077928e-08,-28.376291,2.3024461,0.76748204,0.14400001,0.0,0.14505093,14.639965,14.669965,1568000
hardzero_plus_depr__c0p56__z1p00__lam0p030__nu0p50__psi1p00,hardzero_plus_depr,0.08,40,490,0.0,1,0.46804255,0.46804255,1.0502945,0.0,0.08906468,0.0,0.0,3.404123e-08,-27.730778,2.310694,0.77023137,0.23200001,0.0,0.15457836,14.669965,14.699965,1571200
hardzero_plus_depr__c0p56__z1p00__lam0p030__nu0p50__psi1p00,hardzero_plus_depr,0.08,40,491,0.0,1,0.46804255,0.46804255,1.0698916,0.0,0.08513505,0.0,0.0,3.3035167e-08,-27.46098,2.3538084,0.7846028,0.136,0.0,0.14168069,14.699965,14.729964,1574400
hardzero_plus_depr__c0p56__z1p00__lam0p030__nu0p50__psi1p00,hardzero_plus_depr,0.08,40,492,0.0,1,0.46804255,0.46804255,1.1026326,0.0,0.07895276,0.0,0.0,3.205884e-08,-28.384434,2.4258404,0.8086135,0.16800001,0.0,0.18655002,14.729964,14.759964,1577600
hardzero_plus_depr__c0p56__z1p00__lam0p030__nu0p50__psi1p00,hardzero_plus_depr,0.08,40,493,0.0,1,0.46804255,0.46804255,1.0282363,0.0,0.0937052,0.0,0.0,3.1111366e-08,-27.612,2.262165,0.754055,0.128,0.0,0.13858318,14.759964,14.789964,1580800
hardzero_plus_depr__c0p56__z1p00__lam0p030__nu0p50__psi1p00,hardzero_plus_depr,0.08,40,494,0.0,1,0.46804255,0.46804255,1.0641526,0.0,0.08626754,0.0,0.0,3.019189e-08,-27.051775,2.3411825,0.7803942,0.14999999,0.0,0.13697325,14.789964,14.819963,1584000
hardzero_plus_depr__c0p56__z1p00__lam0p030__nu0p50__psi1p00,hardzero_plus_depr,0.08,40,495,0.0,1,0.46804255,0.46804255,0.9860397,0.10326669,0.10326669,1.0,3.0256724e-09,2.9299596e-08,-26.546177,2.1693306,0.7231102,0.208,0.0,0.15888256,14.819963,14.849963,1587200
hardzero_plus_depr__c0p56__z1p00__lam0p030__nu0p50__psi1p00,hardzero_plus_depr,0.08,40,496,0.0,1,0.46804255,0.46804255,1.0607316,0.0,0.086949736,0.0,0.0,2.8433668e-08,-28.11488,2.3336563,0.77788544,0.104,0.0,0.15987645,14.849963,14.879963,1590400
hardzero_plus_depr__c0p56__z1p00__lam0p030__nu0p50__psi1p00,hardzero_plus_depr,0.08,40,497,0.0,1,0.46804255,0.46804255,1.0535635,0.0,0.0883968,0.0,0.0,2.7593334e-08,-28.033049,2.3178859,0.77262866,0.16000001,0.0,0.14986591,14.879963,14.909963,1593600
hardzero_plus_depr__c0p56__z1p00__lam0p030__nu0p50__psi1p00,hardzero_plus_depr,0.08,40,498,0.0,1,0.46804255,0.46804255,1.1008883,0.0,0.07927052,0.0,0.0,2.6777833e-08,-28.326607,2.4220026,0.8073342,0.096,0.0,0.15800008,14.909963,14.939962,1596800
hardzero_plus_depr__c0p56__z1p00__lam0p030__nu0p50__psi1p00,hardzero_plus_depr,0.08,40,499,0.0,1,0.46804255,0.46804255,1.0384872,0.0,0.091519326,0.0,0.0,2.598644e-08,-26.768663,2.2847176,0.76157254,0.15200001,0.0,0.1447191,14.939962,14.969962,1600000
hardzero_plus_depr__c0p56__z1p00__lam0p030__nu0p50__psi1p00,hardzero_plus_depr,0.08,40,500,0.0,1,0.46804255,0.46804255,0.9966919,0.100764625,0.100764625,1.0,2.5411255e-09,2.521843e-08,-26.743826,2.192766,0.730922,0.15200001,0.0,0.1413015,14.969962,14.999962,1603200
hardzero_plus_depr__c0p56__z1p00__lam0p030__nu0p50__psi1p00,hardzero_plus_depr,0.08,40,501,0.0,1,0.46804255,0.46804255,1.1210746,0.0,0.075670294,0.0,0.0,2.4473119e-08,-28.602583,2.4664133,0.8221378,0.16000001,0.0,0.1650013,14.999962,15.029962,1606400
hardzero_plus_depr__c0p56__z1p00__lam0p030__nu0p50__psi1p00,hardzero_plus_depr,0.08,40,502,0.0,1,0.46804255,0.46804255,1.1429976,0.0,0.071945295,0.0,0.0,2.3749834e-08,-30.171602,2.514645,0.83821505,0.104,0.0,0.16971171,15.029962,15.059961,1609600
hardzero_plus_depr__c0p56__z1p00__lam0p030__nu0p50__psi1p00,hardzero_plus_depr,0.08,40,503,0.0,1,0.46804255,0.46804255,1.0486172,0.0,0.08940931,0.0,0.0,2.3047928e-08,-27.454283,2.307004,0.76900136,0.08800001,0.0,0.1502685,15.059961,15.089961,1612800
hardzero_plus_depr__c0p56__z1p00__lam0p030__nu0p50__psi1p00,hardzero_plus_depr,0.08,40,504,0.0,1,0.46804255,0.46804255,1.0034065,0.0,0.09921869,0.0,0.0,2.2366764e-08,-28.00972,2.2075384,0.73584616,0.16000001,0.0,0.17254126,15.089961,15.119961,1616000
hardzero_plus_depr__c0p56__z1p00__lam0p030__nu0p50__psi1p00,hardzero_plus_depr,0.08,40,505,0.0,1,0.46804255,0.46804255,0.9922005,0.10181213,0.10181213,1.0,2.209907e-09,2.1705732e-08,-26.772255,2.1828847,0.72762823,0.15200001,0.0,0.13749103,15.119961,15.1499605,1619200
hardzero_plus_depr__c0p56__z1p00__lam0p030__nu0p50__psi1p00,hardzero_plus_depr,0.08,40,506,0.0,1,0.46804255,0.46804255,0.97456634,0.1060312,0.1060312,1.0,2.233466e-09,2.1064235e-08,-25.803423,2.1440887,0.7146963,0.15200001,0.0,0.12727657,15.1499605,15.17996,1622400
hardzero_plus_depr__c0p56__z1p00__lam0p030__nu0p50__psi1p00,hardzero_plus_depr,0.08,40,507,0.0,1,0.46804255,0.46804255,1.0390817,0.0,0.09139413,0.0,0.0,2.04417e-08,-26.524643,2.2860253,0.7620084,0.12,0.0,0.16034877,15.17996,15.20996,1625600
hardzero_plus_depr__c0p56__z1p00__lam0p030__nu0p50__psi1p00,hardzero_plus_depr,0.08,40,508,0.0,1,0.46804255,0.46804255,1.0248139,0.0,0.09444655,0.0,0.0,1.9837561e-08,-27.267874,2.2546356,0.7515452,0.136,0.0,0.13794595,15.20996,15.23996,1628800
hardzero_plus_depr__c0p56__z1p00__lam0p030__nu0p50__psi1p00,hardzero_plus_depr,0.08,40,509,0.0,1,0.46804255,0.46804255,1.032442,0.0,0.09280215,0.0,0.0,1.9251278e-08,-27.649252,2.2714176,0.7571392,0.23200001,0.0,0.15772358,15.23996,15.269959,1632000
hardzero_plus_depr__c0p56__z1p00__lam0p030__nu0p50__psi1p00,hardzero_plus_depr,0.08,40,510,0.0,1,0.46804255,0.46804255,1.0424486,0.0,0.09068832,0.0,0.0,1.8682321e-08,-28.157253,2.2934327,0.7644776,0.15200001,0.0,0.15281256,15.269959,15.299959,1635200
hardzero_plus_depr__c0p56__z1p00__lam0p030__nu0p50__psi1p00,hardzero_plus_depr,0.08,40,511,0.0,1,0.46804255,0.46804255,1.0151951,0.0,0.096561685,0.0,0.0,1.813018e-08,-26.724134,2.2334738,0.7444913,0.16000001,0.0,0.14588284,15.299959,15.329959,1638400
hardzero_plus_depr__c0p56__z1p00__lam0p030__nu0p50__psi1p00,hardzero_plus_depr,0.08,40,512,0.0,1,0.46804255,0.46804255,1.0149245,0.0,0.09662188,0.0,0.0,1.7594356e-08,-26.902143,2.2328784,0.74429286,0.216,0.008,0.1589109,15.329959,15.359959,1641600
hardzero_plus_depr__c0p56__z1p00__lam0p030__nu0p50__psi1p00,hardzero_plus_depr,0.08,40,513,0.0,1,0.46804255,0.46804255,1.0471388,0.0,0.08971421,0.0,0.0,1.707437e-08,-27.487434,2.3037515,0.76791716,0.17600001,0.0,0.16604972,15.359959,15.389958,1644800
hardzero_plus_depr__c0p56__z1p00__lam0p030__nu0p50__psi1p00,hardzero_plus_depr,0.08,40,514,0.0,1,0.46804255,0.46804255,1.0103391,0.0,0.09764743,0.0,0.0,1.6569752e-08,-27.07554,2.2227905,0.7409302,0.16000001,0.0,0.17066821,15.389958,15.419958,1648000
hardzero_plus_depr__c0p56__z1p00__lam0p030__nu0p50__psi1p00,hardzero_plus_depr,0.08,40,515,0.0,1,0.46804255,0.46804255,1.1242727,0.0,0.0751151,0.0,0.0,1.6080044e-08,-28.935568,2.4734495,0.82448316,0.104,0.0,0.17219809,15.419958,15.449958,1651200
hardzero_plus_depr__c0p56__z1p00__lam0p030__nu0p50__psi1p00,hardzero_plus_depr,0.08,40,516,0.0,1,0.46804255,0.46804255,1.048159,0.0,0.089503706,0.0,0.0,1.5604812e-08,-27.238497,2.305996,0.7686653,0.15200001,0.0,0.13378996,15.449958,15.479958,1654400
hardzero_plus_depr__c0p56__z1p00__lam0p030__nu0p50__psi1p00,hardzero_plus_depr,0.08,40,517,0.0,1,0.46804255,0.46804255,1.030528,0.0,0.093212046,0.0,0.0,1.5143625e-08,-27.733276,2.2672067,0.7557356,0.15200001,0.0,0.15151699,15.479958,15.509957,1657600
hardzero_plus_depr__c0p56__z1p00__lam0p030__nu0p50__psi1p00,hardzero_plus_depr,0.08,40,518,0.0,1,0.46804255,0.46804255,1.0747908,0.0,0.08418004,0.0,0.0,1.4696067e-08,-27.997124,2.364587,0.7881957,0.16800001,0.0,0.16934142,15.509957,15.539957,1660800
hardzero_plus_depr__c0p56__z1p00__lam0p030__nu0p50__psi1p00,hardzero_plus_depr,0.08,40,519,0.0,1,0.46804255,0.46804255,1.0573503,0.0,0.08762938,0.0,0.0,1.4261735e-08,-27.985607,2.3262172,0.77540576,0.120000005,0.0,0.16277567,15.539957,15.569957,1664000
hardzero_plus_depr__c0p56__z1p00__lam0p030__nu0p50__psi1p00,hardzero_plus_depr,0.08,40,520,0.0,1,0.46804255,0.46804255,1.0291362,0.0,0.09351123,0.0,0.0,1.3840242e-08,-26.798483,2.264145,0.75471497,0.12,0.0,0.14039083,15.569957,15.5999565,1667200
hardzero_plus_depr__c0p56__z1p00__lam0p030__nu0p50__psi1p00,hardzero_plus_depr,0.08,40,521,0.0,1,0.46804255,0.46804255,1.0170242,0.0,0.096155874,0.0,0.0,1.3431205e-08,-26.741331,2.2374978,0.7458326,0.128,0.0,0.1480238,15.5999565,15.629956,1670400
hardzero_plus_depr__c0p56__z1p00__lam0p030__nu0p50__psi1p00,hardzero_plus_depr,0.08,40,522,0.0,1,0.46804255,0.46804255,1.0659734,0.0,0.08590661,0.0,0.0,1.3034256e-08,-27.129246,2.3451884,0.78172946,0.128,0.0,0.14493926,15.629956,15.659956,1673600
hardzero_plus_depr__c0p56__z1p00__lam0p030__nu0p50__psi1p00,hardzero_plus_depr,0.08,40,523,0.0,1,0.46804255,0.46804255,1.0161457,0.0,0.096350566,0.0,0.0,1.2649038e-08,-27.460794,2.2355652,0.7451884,0.120000005,0.0,0.16099915,15.659956,15.689956,1676800
hardzero_plus_depr__c0p56__z1p00__lam0p030__nu0p50__psi1p00,hardzero_plus_depr,0.08,40,524,0.0,1,0.46804255,0.46804255,1.0767064,0.0,0.08380956,0.0,0.0,1.2275207e-08,-28.106117,2.3688014,0.7896005,0.136,0.0,0.13913092,15.689956,15.719955,1680000
hardzero_plus_depr__c0p56__z1p00__lam0p030__nu0p50__psi1p00,hardzero_plus_depr,0.08,40,525,0.0,1,0.46804255,0.46804255,0.9884719,0.10268998,0.10268998,1.0,1.2232864e-09,1.1912421e-08,-26.044155,2.1746817,0.7248939,0.192,0.0,0.12504134,15.719955,15.749955,1683200
hardzero_plus_depr__c0p56__z1p00__lam0p030__nu0p50__psi1p00,hardzero_plus_depr,0.08,40,526,0.0,1,0.46804255,0.46804255,1.0387837,0.0,0.09145685,0.0,0.0,1.156036e-08,-27.955484,2.2853696,0.7617899,0.16800001,0.0,0.14684992,15.749955,15.779955,1686400
hardzero_plus_depr__c0p56__z1p00__lam0p030__nu0p50__psi1p00,hardzero_plus_depr,0.08,40,527,0.0,1,0.46804255,0.46804255,1.0016708,0.0,0.099616,0.0,0.0,1.1218702e-08,-26.433395,2.2037199,0.7345733,0.216,0.0,0.14078029,15.779955,15.809955,1689600
hardzero_plus_depr__c0p56__z1p00__lam0p030__nu0p50__psi1p00,hardzero_plus_depr,0.08,40,528,0.0,1,0.46804255,0.46804255,1.0365087,0.0,0.091937214,0.0,0.0,1.0887144e-08,-27.523136,2.2803645,0.7601215,0.208,0.0,0.15779307,15.809955,15.839954,1692800
hardzero_plus_depr__c0p56__z1p00__lam0p030__nu0p50__psi1p00,hardzero_plus_depr,0.08,40,529,0.0,1,0.46804255,0.46804255,1.028409,0.0,0.09366794,0.0,0.0,1.0565382e-08,-27.718056,2.262545,0.75418174,0.17600001,0.0,0.14995815,15.839954,15.869954,1696000
hardzero_plus_depr__c0p56__z1p00__lam0p030__nu0p50__psi1p00,hardzero_plus_depr,0.08,40,530,0.0,1,0.46804255,0.46804255,1.0098644,0.0,0.097754225,0.0,0.0,1.025313e-08,-26.638748,2.2217462,0.7405821,0.080000006,0.0,0.13110279,15.869954,15.899954,1699200
hardzero_plus_depr__c0p56__z1p00__lam0p030__nu0p50__psi1p00,hardzero_plus_depr,0.08,40,531,0.0,1,0.46804255,0.46804255,1.0593048,0.0,0.08723587,0.0,0.0,9.950107e-09,-27.587309,2.330517,0.776839,0.08800001,0.0,0.1726809,15.899954,15.929954,1702400
hardzero_plus_depr__c0p56__z1p00__lam0p030__nu0p50__psi1p00,hardzero_plus_depr,0.08,40,532,0.0,1,0.46804255,0.46804255,1.0604877,0.0,0.0869986,0.0,0.0,9.6560395e-09,-28.286446,2.3331196,0.77770656,0.120000005,0.0,0.16801211,15.929954,15.959953,1705600
hardzero_plus_depr__c0p56__z1p00__lam0p030__nu0p50__psi1p00,hardzero_plus_depr,0.08,40,533,0.0,1,0.46804255,0.46804255,1.0312419,0.0,0.09305894,0.0,0.0,9.370663e-09,-26.481834,2.2687774,0.75625914,0.17999999,0.0,0.17606811,15.959953,15.989953,1708800
hardzero_plus_depr__c0p56__z1p00__lam0p030__nu0p50__psi1p00,hardzero_plus_depr,0.08,40,534,0.0,1,0.46804255,0.46804255,1.0462917,0.0,0.08988937,0.0,0.0,9.09372e-09,-26.694002,2.3018878,0.76729596,0.16000001,0.0,0.15676795,15.989953,16.019953,1712000
hardzero_plus_depr__c0p56__z1p00__lam0p030__nu0p50__psi1p00,hardzero_plus_depr,0.08,40,535,0.0,1,0.46804255,0.46804255,1.0263085,0.0,0.09412207,0.0,0.0,8.824963e-09,-26.955765,2.2579238,0.7526413,0.18400002,0.0,0.14529279,16.019953,16.049953,1715200
hardzero_plus_depr__c0p56__z1p00__lam0p030__nu0p50__psi1p00,hardzero_plus_depr,0.08,40,536,0.0,1,0.46804255,0.46804255,1.0071988,0.0,0.09835608,0.0,0.0,8.56414e-09,-26.946444,2.2158816,0.7386272,0.128,0.0,0.14368261,16.049953,16.079954,1718400
hardzero_plus_depr__c0p56__z1p00__lam0p030__nu0p50__psi1p00,hardzero_plus_depr,0.08,40,537,0.0,1,0.46804255,0.46804255,1.0521259,0.0,0.08868987,0.0,0.0,8.311026e-09,-27.822506,2.3147233,0.77157444,0.15200001,0.0,0.12945276,16.079954,16.109955,1721600
hardzero_plus_depr__c0p56__z1p00__lam0p030__nu0p50__psi1p00,hardzero_plus_depr,0.08,40,538,0.0,1,0.46804255,0.46804255,1.1213616,0.0,0.07562029,0.0,0.0,8.065393e-09,-28.90842,2.4670448,0.8223483,0.08800001,0.0,0.1568713,16.109955,16.139956,1724800
hardzero_plus_depr__c0p56__z1p00__lam0p030__nu0p50__psi1p00,hardzero_plus_depr,0.08,40,539,0.0,1,0.46804255,0.46804255,0.9695696,0.10725817,0.10725817,1.0,8.395116e-10,7.827018e-09,-26.433332,2.1330957,0.7110319,0.24000001,0.0,0.14897941,16.139956,16.169956,1728000
hardzero_plus_depr__c0p56__z1p00__lam0p030__nu0p50__psi1p00,hardzero_plus_depr,0.08,40,540,0.0,1,0.46804255,0.46804255,1.0693343,0.0,0.08524438,0.0,0.0,7.59569e-09,-28.39488,2.3525825,0.7841942,0.128,0.0,0.13859849,16.169956,16.199957,1731200
hardzero_plus_depr__c0p56__z1p00__lam0p030__nu0p50__psi1p00,hardzero_plus_depr,0.08,40,541,0.0,1,0.46804255,0.46804255,1.0646429,0.0,0.08617018,0.0,0.0,7.371198e-09,-27.663088,2.342261,0.78075373,0.104,0.0,0.16596885,16.199957,16.229958,1734400
hardzero_plus_depr__c0p56__z1p00__lam0p030__nu0p50__psi1p00,hardzero_plus_depr,0.08,40,542,0.0,1,0.46804255,0.46804255,1.0217187,0.0,0.09512206,0.0,0.0,7.1533415e-09,-27.395899,2.247826,0.7492754,0.120000005,0.0,0.13327986,16.229958,16.259958,1737600
hardzero_plus_depr__c0p56__z1p00__lam0p030__nu0p50__psi1p00,hardzero_plus_depr,0.08,40,543,0.0,1,0.46804255,0.46804255,1.0796127,0.0,0.08325058,0.0,0.0,6.941924e-09,-28.483837,2.3751955,0.79173183,0.120000005,0.0,0.16899137,16.259958,16.289959,1740800
hardzero_plus_depr__c0p56__z1p00__lam0p030__nu0p50__psi1p00,hardzero_plus_depr,0.08,40,544,0.0,1,0.46804255,0.46804255,1.0985067,0.0,0.07970642,0.0,0.0,6.736754e-09,-28.80966,2.416763,0.8055877,0.120000005,0.0,0.17269155,16.289959,16.31996,1744000
hardzero_plus_depr__c0p56__z1p00__lam0p030__nu0p50__psi1p00,hardzero_plus_depr,0.08,40,545,0.0,1,0.46804255,0.46804255,1.0585445,0.0,0.08738873,0.0,0.0,6.5376478e-09,-27.592764,2.3288443,0.7762815,0.120000005,0.0,0.1431351,16.31996,16.34996,1747200
hardzero_plus_depr__c0p56__z1p00__lam0p030__nu0p50__psi1p00,hardzero_plus_depr,0.08,40,546,0.0,1,0.46804255,0.46804255,1.0775864,0.0,0.083639905,0.0,0.0,6.344427e-09,-29.17676,2.3707373,0.7902458,0.11,0.0,0.15753685,16.34996,16.379961,1750400
hardzero_plus_depr__c0p56__z1p00__lam0p030__nu0p50__psi1p00,hardzero_plus_depr,0.08,40,547,0.0,1,0.46804255,0.46804255,1.0524322,0.0,0.08862737,0.0,0.0,6.1569176e-09,-27.195585,2.315397,0.771799,0.080000006,0.0,0.15261994,16.379961,16.409962,1753600
hardzero_plus_depr__c0p56__z1p00__lam0p030__nu0p50__psi1p00,hardzero_plus_depr,0.08,40,548,0.0,1,0.46804255,0.46804255,0.9720098,0.10665719,0.10665719,1.0,6.3727124e-10,5.9749485e-09,-26.21055,2.1384642,0.7128214,0.23200001,0.0,0.13472301,16.409962,16.439962,1756800
hardzero_plus_depr__c0p56__z1p00__lam0p030__nu0p50__psi1p00,hardzero_plus_depr,0.08,40,549,0.0,1,0.46804255,0.46804255,1.0223464,0.0,0.09498467,0.0,0.0,5.7983582e-09,-26.826267,2.249207,0.7497357,0.192,0.008,0.13979243,16.439962,16.469963,1760000
hardzero_plus_depr__c0p56__z1p00__lam0p030__nu0p50__psi1p00,hardzero_plus_depr,0.08,40,550,0.0,1,0.46804255,0.46804255,1.0499195,0.0,0.08914161,0.0,0.0,5.626987e-09,-26.75751,2.309869,0.76995635,0.16000001,0.0,0.15438475,16.469963,16.499964,1763200
hardzero_plus_depr__c0p56__z1p00__lam0p030__nu0p50__psi1p00,hardzero_plus_depr,0.08,40,551,0.0,1,0.46804255,0.46804255,1.0295116,0.0,0.093430445,0.0,0.0,5.4606804e-09,-27.241148,2.2649708,0.7549903,0.104,0.0,0.15127772,16.499964,16.529964,1766400
hardzero_plus_depr__c0p56__z1p00__lam0p030__nu0p50__psi1p00,hardzero_plus_depr,0.08,40,552,0.0,1,0.46804255,0.46804255,1.0984063,0.0,0.07972484,0.0,0.0,5.2992895e-09,-27.83717,2.416542,0.80551404,0.104,0.0,0.16306216,16.529964,16.559965,1769600
hardzero_plus_depr__c0p56__z1p00__lam0p030__nu0p50__psi1p00,hardzero_plus_depr,0.08,40,553,0.0,1,0.46804255,0.46804255,1.0608289,0.0,0.08693027,0.0,0.0,5.1426676e-09,-28.212551,2.3338702,0.7779567,0.120000005,0.0,0.14280127,16.559965,16.589966,1772800
hardzero_plus_depr__c0p56__z1p00__lam0p030__nu0p50__psi1p00,hardzero_plus_depr,0.08,40,554,0.0,1,0.46804255,0.46804255,1.0945535,0.0,0.08043527,0.0,0.0,4.990676e-09,-28.92597,2.4080658,0.8026886,0.096,0.0,0.19503531,16.589966,16.619967,1776000
hardzero_plus_depr__c0p56__z1p00__lam0p030__nu0p50__psi1p00,hardzero_plus_depr,0.08,40,555,0.0,1,0.46804255,0.46804255,1.0384232,0.0,0.09153281,0.0,0.0,4.8431756e-09,-26.967718,2.2845767,0.7615256,0.18400002,0.0,0.13110489,16.619967,16.649967,1779200
hardzero_plus_depr__c0p56__z1p00__lam0p030__nu0p50__psi1p00,hardzero_plus_depr,0.08,40,556,0.0,1,0.46804255,0.46804255,1.0233365,0.0,0.09476838,0.0,0.0,4.700035e-09,-27.817814,2.2513855,0.7504618,0.120000005,0.0,0.15300402,16.649967,16.679968,1782400
hardzero_plus_depr__c0p56__z1p00__lam0p030__nu0p50__psi1p00,hardzero_plus_depr,0.08,40,557,0.0,1,0.46804255,0.46804255,0.98415077,0.103716835,0.103716835,1.0,4.730655e-10,4.5611253e-09,-26.397635,2.165175,0.721725,0.16000001,0.0,0.1318216,16.679968,16.709969,1785600
hardzero_plus_depr__c0p56__z1p00__lam0p030__nu0p50__psi1p00,hardzero_plus_depr,0.08,40,558,0.0,1,0.46804255,0.46804255,1.0379596,0.0,0.09163057,0.0,0.0,4.4263206e-09,-27.367567,2.2835567,0.7611856,0.14400001,0.0,0.13620597,16.709969,16.73997,1788800
hardzero_plus_depr__c0p56__z1p00__lam0p030__nu0p50__psi1p00,hardzero_plus_depr,0.08,40,559,0.0,1,0.46804255,0.46804255,1.0337439,0.0,0.09252438,0.0,0.0,4.2955e-09,-27.51602,2.274282,0.758094,0.13,0.0,0.13977076,16.73997,16.76997,1792000
hardzero_plus_depr__c0p56__z1p00__lam0p030__nu0p50__psi1p00,hardzero_plus_depr,0.08,40,560,0.0,1,0.46804255,0.46804255,0.9895385,0.10243811,0.10243811,1.0,4.2701795e-10,4.168546e-09,-27.15651,2.1770282,0.72567606,0.14400001,0.0,0.12673958,16.76997,16.79997,1795200
hardzero_plus_depr__c0p56__z1p00__lam0p030__nu0p50__psi1p00,hardzero_plus_depr,0.08,40,561,0.0,1,0.46804255,0.46804255,1.0351369,0.0,0.09222807,0.0,0.0,4.045344e-09,-27.737896,2.2773468,0.75911564,0.18400002,0.0,0.18372656,16.79997,16.829971,1798400
hardzero_plus_depr__c0p56__z1p00__lam0p030__nu0p50__psi1p00,hardzero_plus_depr,0.08,40,562,0.0,1,0.46804255,0.46804255,1.0314732,0.0,0.09300938,0.0,0.0,3.9257833e-09,-27.299301,2.2692862,0.7564287,0.120000005,0.0,0.16310593,16.829971,16.859972,1801600
hardzero_plus_depr__c0p56__z1p00__lam0p030__nu0p50__psi1p00,hardzero_plus_depr,0.08,40,563,0.0,1,0.46804255,0.46804255,0.98426795,0.10368884,0.10368884,1.0,3.9502926e-10,3.8097565e-09,-25.634302,2.1654327,0.72181094,0.17600001,0.0,0.1600469,16.859972,16.889973,1804800
hardzero_plus_depr__c0p56__z1p00__lam0p030__nu0p50__psi1p00,hardzero_plus_depr,0.08,40,564,0.0,1,0.46804255,0.46804255,1.0919195,0.0,0.080924585,0.0,0.0,3.6971584e-09,-28.302622,2.402271,0.80075705,0.17600001,0.0,0.20273215,16.889973,16.919973,1808000
hardzero_plus_depr__c0p56__z1p00__lam0p030__nu0p50__psi1p00,hardzero_plus_depr,0.08,40,565,0.0,1,0.46804255,0.46804255,1.0774212,0.0,0.083671734,0.0,0.0,3.5878882e-09,-27.701975,2.370374,0.79012465,0.16000001,0.0,0.13974582,16.919973,16.949974,1811200
hardzero_plus_depr__c0p56__z1p00__lam0p030__nu0p50__psi1p00,hardzero_plus_depr,0.08,40,566,0.0,1,0.46804255,0.46804255,0.9945855,0.10125454,0.10125454,1.0,3.5255288e-10,3.4818477e-09,-27.078634,2.1881318,0.72937727,0.16000001,0.0,0.13825145,16.949974,16.979975,1814400
hardzero_plus_depr__c0p56__z1p00__lam0p030__nu0p50__psi1p00,hardzero_plus_depr,0.08,40,567,0.0,1,0.46804255,0.46804255,1.0112989,0.0,0.097431876,0.0,0.0,3.3789413e-09,-26.557102,2.224902,0.741634,0.136,0.0,0.13021912,16.979975,17.009975,1817600
hardzero_plus_depr__c0p56__z1p00__lam0p030__nu0p50__psi1p00,hardzero_plus_depr,0.08,40,568,0.0,1,0.46804255,0.46804255,1.0473177,0.0,0.08967723,0.0,0.0,3.2790761e-09,-26.833765,2.304145,0.7680484,0.14400001,0.0,0.1384886,17.009975,17.039976,1820800
hardzero_plus_depr__c0p56__z1p00__lam0p030__nu0p50__psi1p00,hardzero_plus_depr,0.08,40,569,0.0,1,0.46804255,0.46804255,1.0753001,0.0,0.08408139,0.0,0.0,3.1821628e-09,-28.278725,2.3657074,0.78856915,0.096,0.0,0.17598471,17.039976,17.069977,1824000
hardzero_plus_depr__c0p56__z1p00__lam0p030__nu0p50__psi1p00,hardzero_plus_depr,0.08,40,570,0.0,1,0.46804255,0.46804255,1.0563909,0.0,0.08782316,0.0,0.0,3.0881133e-09,-28.205622,2.3241062,0.7747021,0.112,0.0,0.17159297,17.069977,17.099977,1827200
hardzero_plus_depr__c0p56__z1p00__lam0p030__nu0p50__psi1p00,hardzero_plus_depr,0.08,40,571,0.0,1,0.46804255,0.46804255,1.0411843,0.0,0.090952724,0.0,0.0,2.9968439e-09,-27.839409,2.290651,0.7635504,0.17600001,0.0,0.16925734,17.099977,17.129978,1830400
hardzero_plus_depr__c0p56__z1p00__lam0p030__nu0p50__psi1p00,hardzero_plus_depr,0.08,40,572,0.0,1,0.46804255,0.46804255,1.0285084,0.0,0.093646504,0.0,0.0,2.9082718e-09,-27.107277,2.2627637,0.7542546,0.17,0.0,0.12977771,17.129978,17.159979,1833600
hardzero_plus_depr__c0p56__z1p00__lam0p030__nu0p50__psi1p00,hardzero_plus_depr,0.08,40,573,0.0,1,0.46804255,0.46804255,1.0240555,0.0,0.094611615,0.0,0.0,2.8223175e-09,-27.268452,2.2529671,0.7509891,0.15200001,0.0,0.14177945,17.159979,17.18998,1836800
hardzero_plus_depr__c0p56__z1p00__lam0p030__nu0p50__psi1p00,hardzero_plus_depr,0.08,40,574,0.0,1,0.46804255,0.46804255,1.0125968,0.0,0.09714113,0.0,0.0,2.7389035e-09,-26.8457,2.2277575,0.74258584,0.048,0.0,0.12353315,17.18998,17.21998,1840000
hardzero_plus_depr__c0p56__z1p00__lam0p030__nu0p50__psi1p00,hardzero_plus_depr,0.08,40,575,0.0,1,0.46804255,0.46804255,1.0582901,0.0,0.08743994,0.0,0.0,2.6579547e-09,-27.42177,2.3282847,0.7760949,0.096,0.0,0.14472015,17.21998,17.24998,1843200
hardzero_plus_depr__c0p56__z1p00__lam0p030__nu0p50__psi1p00,hardzero_plus_depr,0.08,40,576,0.0,1,0.46804255,0.46804255,1.0069059,0.0,0.09842242,0.0,0.0,2.5793985e-09,-26.721817,2.2152371,0.7384124,0.192,0.0,0.15484565,17.24998,17.279982,1846400
hardzero_plus_depr__c0p56__z1p00__lam0p030__nu0p50__psi1p00,hardzero_plus_depr,0.08,40,577,0.0,1,0.46804255,0.46804255,1.0107684,0.0,0.09755095,0.0,0.0,2.503164e-09,-27.820173,2.2237349,0.741245,0.17600001,0.0,0.12407043,17.279982,17.309982,1849600
hardzero_plus_depr__c0p56__z1p00__lam0p030__nu0p50__psi1p00,hardzero_plus_depr,0.08,40,578,0.0,1,0.46804255,0.46804255,1.0219573,0.0,0.095069826,0.0,0.0,2.4291826e-09,-27.256393,2.2483509,0.7494503,0.16000001,0.0,0.13910617,17.309982,17.339983,1852800
hardzero_plus_depr__c0p56__z1p00__lam0p030__nu0p50__psi1p00,hardzero_plus_depr,0.08,40,579,0.0,1,0.46804255,0.46804255,1.043915,0.0,0.09038263,0.0,0.0,2.3573878e-09,-27.342854,2.296659,0.765553,0.16000001,0.0,0.16318303,17.339983,17.369984,1856000
hardzero_plus_depr__c0p56__z1p00__lam0p030__nu0p50__psi1p00,hardzero_plus_depr,0.08,40,580,0.0,1,0.46804255,0.46804255,1.0407395,0.0,0.09104591,0.0,0.0,2.287715e-09,-27.50086,2.2896726,0.76322424,0.104,0.0,0.16674045,17.369984,17.399984,1859200
hardzero_plus_depr__c0p56__z1p00__lam0p030__nu0p50__psi1p00,hardzero_plus_depr,0.08,40,581,0.0,1,0.46804255,0.46804255,1.0460445,0.0,0.08994054,0.0,0.0,2.2201012e-09,-27.688581,2.3013437,0.7671146,0.136,0.0,0.16621326,17.399984,17.429985,1862400
hardzero_plus_depr__c0p56__z1p00__lam0p030__nu0p50__psi1p00,hardzero_plus_depr,0.08,40,582,0.0,1,0.46804255,0.46804255,1.0942906,0.0,0.08048397,0.0,0.0,2.1544857e-09,-28.273176,2.4074874,0.80249584,0.15200001,0.0,0.21454638,17.429985,17.459986,1865600
hardzero_plus_depr__c0p56__z1p00__lam0p030__nu0p50__psi1p00,hardzero_plus_depr,0.08,40,583,0.0,1,0.46804255,0.46804255,1.0272512,0.0,0.09391799,0.0,0.0,2.0908097e-09,-27.043905,2.2599978,0.7533326,0.192,0.0,0.16256692,17.459986,17.489986,1868800
hardzero_plus_depr__c0p56__z1p00__lam0p030__nu0p50__psi1p00,hardzero_plus_depr,0.08,40,584,0.0,1,0.46804255,0.46804255,1.0264587,0.0,0.09408951,0.0,0.0,2.0290156e-09,-27.032892,2.2582543,0.75275147,0.080000006,0.0,0.14555582,17.489986,17.519987,1872000
hardzero_plus_depr__c0p56__z1p00__lam0p030__nu0p50__psi1p00,hardzero_plus_depr,0.08,40,585,0.0,1,0.46804255,0.46804255,1.0667495,0.0,0.08575324,0.0,0.0,1.9690478e-09,-28.044243,2.3468957,0.78229856,0.13,0.0,0.12537165,17.519987,17.549988,1875200
hardzero_plus_depr__c0p56__z1p00__lam0p030__nu0p50__psi1p00,hardzero_plus_depr,0.08,40,586,0.0,1,0.46804255,0.46804255,1.0344342,0.0,0.0923774,0.0,0.0,1.9108524e-09,-26.810455,2.2758007,0.75860023,0.104,0.0,0.13886312,17.549988,17.579988,1878400
hardzero_plus_depr__c0p56__z1p00__lam0p030__nu0p50__psi1p00,hardzero_plus_depr,0.08,40,587,0.0,1,0.46804255,0.46804255,1.0479798,0.0,0.08954063,0.0,0.0,1.8543768e-09,-27.62873,2.3056016,0.7685339,0.16000001,0.0,0.1799781,17.579988,17.60999,1881600
hardzero_plus_depr__c0p56__z1p00__lam0p030__nu0p50__psi1p00,hardzero_plus_depr,0.08,40,588,0.0,1,0.46804255,0.46804255,1.0516543,0.0,0.08878624,0.0,0.0,1.7995705e-09,-28.357485,2.3136857,0.77122855,0.136,0.0,0.16690522,17.60999,17.63999,1884800
hardzero_plus_depr__c0p56__z1p00__lam0p030__nu0p50__psi1p00,hardzero_plus_depr,0.08,40,589,0.0,1,0.46804255,0.46804255,1.0752773,0.0,0.0840858,0.0,0.0,1.7463839e-09,-28.014006,2.3656573,0.78855246,0.072000004,0.0,0.17899911,17.63999,17.66999,1888000
hardzero_plus_depr__c0p56__z1p00__lam0p030__nu0p50__psi1p00,hardzero_plus_depr,0.08,40,590,0.0,1,0.46804255,0.46804255,1.0423373,0.0,0.090711564,0.0,0.0,1.6947693e-09,-27.61088,2.2931879,0.76439595,0.120000005,0.0,0.14196198,17.66999,17.699991,1891200
hardzero_plus_depr__c0p56__z1p00__lam0p030__nu0p50__psi1p00,hardzero_plus_depr,0.08,40,591,0.0,1,0.46804255,0.46804255,1.054959,0.0,0.088113196,0.0,0.0,1.6446802e-09,-26.932713,2.3209562,0.7736521,0.192,0.0,0.15720287,17.699991,17.729992,1894400
hardzero_plus_depr__c0p56__z1p00__lam0p030__nu0p50__psi1p00,hardzero_plus_depr,0.08,40,592,0.0,1,0.46804255,0.46804255,1.0234253,0.0,0.094749,0.0,0.0,1.5960715e-09,-27.506708,2.2515807,0.7505269,0.15200001,0.0,0.16986732,17.729992,17.759993,1897600
hardzero_plus_depr__c0p56__z1p00__lam0p030__nu0p50__psi1p00,hardzero_plus_depr,0.08,40,593,0.0,1,0.46804255,0.46804255,1.0593634,0.0,0.08722412,0.0,0.0,1.5488992e-09,-27.783438,2.330646,0.77688205,0.136,0.0,0.12866092,17.759993,17.789993,1900800
hardzero_plus_depr__c0p56__z1p00__lam0p030__nu0p50__psi1p00,hardzero_plus_depr,0.08,40,594,0.0,1,0.46804255,0.46804255,0.99541885,0.10106044,0.10106044,1.0,1.5190611e-10,1.5031214e-09,-26.445122,2.1899652,0.72998846,0.224,0.0,0.1639615,17.789993,17.819994,1904000
hardzero_plus_depr__c0p56__z1p00__lam0p030__nu0p50__psi1p00,hardzero_plus_depr,0.08,40,595,0.0,1,0.46804255,0.46804255,1.0202278,0.0,0.09544917,0.0,0.0,1.4586965e-09,-27.757011,2.244546,0.748182,0.17600001,0.0,0.15515049,17.819994,17.849995,1907200
hardzero_plus_depr__c0p56__z1p00__lam0p030__nu0p50__psi1p00,hardzero_plus_depr,0.08,40,596,0.0,1,0.46804255,0.46804255,1.0237234,0.0,0.094684005,0.0,0.0,1.4155845e-09,-26.935703,2.2522364,0.7507455,0.16000001,0.0,0.129139,17.849995,17.879995,1910400
hardzero_plus_depr__c0p56__z1p00__lam0p030__nu0p50__psi1p00,hardzero_plus_depr,0.08,40,597,0.0,1,0.46804255,0.46804255,1.0171067,0.0,0.096137606,0.0,0.0,1.3737467e-09,-25.876207,2.2376792,0.7458931,0.17600001,0.0,0.118529566,17.879995,17.909996,1913600
hardzero_plus_depr__c0p56__z1p00__lam0p030__nu0p50__psi1p00,hardzero_plus_depr,0.08,40,598,0.0,1,0.46804255,0.46804255,1.0333449,0.0,0.09260941,0.0,0.0,1.3331454e-09,-27.08476,2.2734041,0.7578014,0.21,0.01,0.13477157,17.909996,17.939997,1916800
hardzero_plus_depr__c0p56__z1p00__lam0p030__nu0p50__psi1p00,hardzero_plus_depr,0.08,40,599,0.0,1,0.46804255,0.46804255,1.0106828,0.0,0.09757019,0.0,0.0,1.2937442e-09,-26.35189,2.2235465,0.7411822,0.224,0.0,0.13047467,17.939997,17.969997,1920000
hardzero_plus_depr__c0p56__z1p00__lam0p030__nu0p50__psi1p00,hardzero_plus_depr,0.08,40,600,0.0,1,0.46804255,0.46804255,1.0484307,0.0,0.08944773,0.0,0.0,1.2555074e-09,-27.463915,2.3065937,0.7688646,0.128,0.0,0.17846514,17.969997,17.999998,1923200
hardzero_plus_depr__c0p56__z1p00__lam0p030__nu0p50__psi1p00,hardzero_plus_depr,0.08,40,601,0.0,1,0.46804255,0.46804255,1.0269724,0.0,0.09397829,0.0,0.0,1.2184007e-09,-27.579418,2.2593844,0.7531282,0.15200001,0.0,0.17542976,17.999998,18.029999,1926400
hardzero_plus_depr__c0p56__z1p00__lam0p030__nu0p50__psi1p00,hardzero_plus_depr,0.08,40,602,0.0,1,0.46804255,0.46804255,0.97044396,0.107042454,0.107042454,1.0,1.26566e-10,1.1823906e-09,-26.637344,2.1350193,0.71167314,0.17600001,0.0,0.13736041,18.029999,18.06,1929600
hardzero_plus_depr__c0p56__z1p00__lam0p030__nu0p50__psi1p00,hardzero_plus_depr,0.08,40,603,0.0,1,0.46804255,0.46804255,1.0223244,0.0,0.09498948,0.0,0.0,1.147445e-09,-27.657305,2.2491586,0.74971956,0.136,0.0,0.1395685,18.06,18.09,1932800
hardzero_plus_depr__c0p56__z1p00__lam0p030__nu0p50__psi1p00,hardzero_plus_depr,0.08,40,604,0.0,1,0.46804255,0.46804255,1.0491004,0.0,0.0893099,0.0,0.0,1.1135322e-09,-27.87817,2.308067,0.7693557,0.14400001,0.0,0.15415615,18.09,18.12,1936000
hardzero_plus_depr__c0p56__z1p00__lam0p030__nu0p50__psi1p00,hardzero_plus_depr,0.08,40,605,0.0,1,0.46804255,0.46804255,1.0652997,0.0,0.08603997,0.0,0.0,1.0806215e-09,-27.775736,2.3437064,0.78123546,0.112,0.0,0.16805129,18.12,18.150002,1939200
hardzero_plus_depr__c0p56__z1p00__lam0p030__nu0p50__psi1p00,hardzero_plus_depr,0.08,40,606,0.0,1,0.46804255,0.46804255,1.1046501,0.0,0.07858685,0.0,0.0,1.0486836e-09,-28.354166,2.4302788,0.8100929,0.120000005,0.0,0.1421889,18.150002,18.180002,1942400
hardzero_plus_depr__c0p56__z1p00__lam0p030__nu0p50__psi1p00,hardzero_plus_depr,0.08,40,607,0.0,1,0.46804255,0.46804255,1.0727739,0.0,0.08457189,0.0,0.0,1.0176895e-09,-28.09264,2.3601499,0.78671664,0.112,0.0,0.15164366,18.180002,18.210003,1945600
hardzero_plus_depr__c0p56__z1p00__lam0p030__nu0p50__psi1p00,hardzero_plus_depr,0.08,40,608,0.0,1,0.46804255,0.46804255,1.0592972,0.0,0.08723741,0.0,0.0,9.876117e-10,-27.889408,2.3305004,0.7768335,0.16800001,0.0,0.14377612,18.210003,18.240004,1948800
hardzero_plus_depr__c0p56__z1p00__lam0p030__nu0p50__psi1p00,hardzero_plus_depr,0.08,40,609,0.0,1,0.46804255,0.46804255,1.0332648,0.0,0.0926265,0.0,0.0,9.584227e-10,-28.0495,2.273228,0.75774264,0.14400001,0.0,0.14108884,18.240004,18.270004,1952000
hardzero_plus_depr__c0p56__z1p00__lam0p030__nu0p50__psi1p00,hardzero_plus_depr,0.08,40,610,0.0,1,0.46804255,0.46804255,1.0523654,0.0,0.08864098,0.0,0.0,9.300963e-10,-27.183533,2.3152502,0.7717501,0.14400001,0.0,0.14153603,18.270004,18.300005,1955200
hardzero_plus_depr__c0p56__z1p00__lam0p030__nu0p50__psi1p00,hardzero_plus_depr,0.08,40,611,0.0,1,0.46804255,0.46804255,1.0416118,0.0,0.090863235,0.0,0.0,9.0260727e-10,-27.818472,2.2915916,0.7638639,0.14,0.0,0.16028656,18.300005,18.330006,1958400
hardzero_plus_depr__c0p56__z1p00__lam0p030__nu0p50__psi1p00,hardzero_plus_depr,0.08,40,612,0.0,1,0.46804255,0.46804255,1.080402,0.0,0.08309941,0.0,0.0,8.7593055e-10,-27.926138,2.376932,0.79231066,0.072000004,0.0,0.16479579,18.330006,18.360006,1961600
hardzero_plus_depr__c0p56__z1p00__lam0p030__nu0p50__psi1p00,hardzero_plus_depr,0.08,40,613,0.0,1,0.46804255,0.46804255,1.0554456,0.0,0.08801454,0.0,0.0,8.500423e-10,-27.54947,2.3220265,0.77400887,0.15200001,0.0,0.15334909,18.360006,18.390007,1964800
hardzero_plus_depr__c0p56__z1p00__lam0p030__nu0p50__psi1p00,hardzero_plus_depr,0.08,40,614,0.0,1,0.46804255,0.46804255,1.0578564,0.0,0.08752729,0.0,0.0,8.249192e-10,-28.4835,2.3273306,0.77577686,0.14400001,0.0,0.14945394,18.390007,18.420008,1968000
hardzero_plus_depr__c0p56__z1p00__lam0p030__nu0p50__psi1p00,hardzero_plus_depr,0.08,40,615,0.0,1,0.46804255,0.46804255,1.043725,0.0,0.09042218,0.0,0.0,8.005386e-10,-27.274923,2.2962408,0.76541364,0.128,0.0,0.12971401,18.420008,18.450008,1971200
hardzero_plus_depr__c0p56__z1p00__lam0p030__nu0p50__psi1p00,hardzero_plus_depr,0.08,40,616,0.0,1,0.46804255,0.46804255,0.968852,0.10743556,0.10743556,1.0,8.346438e-11,7.7687856e-10,-26.190966,2.131517,0.71050566,0.192,0.0,0.13543406,18.450008,18.48001,1974400
hardzero_plus_depr__c0p56__z1p00__lam0p030__nu0p50__psi1p00,hardzero_plus_depr,0.08,40,617,0.0,1,0.46804255,0.46804255,1.06699,0.0,0.08570576,0.0,0.0,7.539178e-10,-28.058983,2.347425,0.782475,0.104,0.0,0.13742328,18.48001,18.51001,1977600
hardzero_plus_depr__c0p56__z1p00__lam0p030__nu0p50__psi1p00,hardzero_plus_depr,0.08,40,618,0.0,1,0.46804255,0.46804255,1.030945,0.0,0.093122594,0.0,0.0,7.316357e-10,-27.140226,2.268124,0.7560414,0.096,0.0,0.15044403,18.51001,18.54001,1980800
hardzero_plus_depr__c0p56__z1p00__lam0p030__nu0p50__psi1p00,hardzero_plus_depr,0.08,40,619,0.0,1,0.46804255,0.46804255,1.0461437,0.0,0.08992002,0.0,0.0,7.100121e-10,-26.835154,2.301562,0.76718736,0.112,0.0,0.14481214,18.54001,18.570011,1984000
hardzero_plus_depr__c0p56__z1p00__lam0p030__nu0p50__psi1p00,hardzero_plus_depr,0.08,40,620,0.0,1,0.46804255,0.46804255,0.9920955,0.10183674,0.10183674,1.0,7.016833e-11,6.890276e-10,-26.239676,2.1826537,0.7275512,0.192,0.008,0.11896111,18.570011,18.600012,1987200
hardzero_plus_depr__c0p56__z1p00__lam0p030__nu0p50__psi1p00,hardzero_plus_depr,0.08,40,621,0.0,1,0.46804255,0.46804255,1.0113657,0.0,0.0974169,0.0,0.0,6.6866335e-10,-25.890602,2.2250488,0.74168295,0.128,0.0,0.110073216,18.600012,18.630013,1990400
hardzero_plus_depr__c0p56__z1p00__lam0p030__nu0p50__psi1p00,hardzero_plus_depr,0.08,40,622,0.0,1,0.46804255,0.46804255,1.0543171,0.0,0.08824352,0.0,0.0,6.489009e-10,-27.421787,2.319544,0.7731814,0.120000005,0.0,0.136436,18.630013,18.660013,1993600
hardzero_plus_depr__c0p56__z1p00__lam0p030__nu0p50__psi1p00,hardzero_plus_depr,0.08,40,623,0.0,1,0.46804255,0.46804255,1.019054,0.0,0.09570749,0.0,0.0,6.2972255e-10,-26.608465,2.2419636,0.74732125,0.128,0.0,0.14727616,18.660013,18.690014,1996800
hardzero_plus_depr__c0p56__z1p00__lam0p030__nu0p50__psi1p00,hardzero_plus_depr,0.08,40,624,0.0,1,0.46804255,0.46804255,1.0197406,0.0,0.095556326,0.0,0.0,6.1111094e-10,-27.458252,2.243474,0.74782467,0.21,0.0,0.15610722,18.690014,18.720015,2000000
hardzero_plus_depr__c0p56__z1p00__lam0p030__nu0p50__psi1p00,hardzero_plus_depr,0.08,40,625,0.0,1,0.46804255,0.46804255,1.0725626,0.0,0.084613055,0.0,0.0,5.930495e-10,-27.703653,2.3596847,0.7865616,0.14400001,0.0,0.14917675,18.720015,18.750015,2003200
hardzero_plus_depr__c0p56__z1p00__lam0p030__nu0p50__psi1p00,hardzero_plus_depr,0.08,40,626,0.0,1,0.46804255,0.46804255,1.0396171,0.0,0.09128154,0.0,0.0,5.7552185e-10,-27.504236,2.2872033,0.7624011,0.192,0.0,0.159762,18.750015,18.780016,2006400
hardzero_plus_depr__c0p56__z1p00__lam0p030__nu0p50__psi1p00,hardzero_plus_depr,0.08,40,627,0.0,1,0.46804255,0.46804255,1.0810726,0.0,0.08297121,0.0,0.0,5.585122e-10,-27.618643,2.3784072,0.79280245,0.104,0.0,0.14753988,18.780016,18.810017,2009600
hardzero_plus_depr__c0p56__z1p00__lam0p030__nu0p50__psi1p00,hardzero_plus_depr,0.08,40,628,0.0,1,0.46804255,0.46804255,1.0810853,0.0,0.08296877,0.0,0.0,5.4200533e-10,-27.753853,2.3784351,0.79281175,0.128,0.0,0.16763695,18.810017,18.840017,2012800
hardzero_plus_depr__c0p56__z1p00__lam0p030__nu0p50__psi1p00,hardzero_plus_depr,0.08,40,629,0.0,1,0.46804255,0.46804255,1.0330354,0.0,0.09267543,0.0,0.0,5.259863e-10,-26.624622,2.2727232,0.75757444,0.16000001,0.0,0.1144613,18.840017,18.870018,2016000
hardzero_plus_depr__c0p56__z1p00__lam0p030__nu0p50__psi1p00,hardzero_plus_depr,0.08,40,630,0.0,1,0.46804255,0.46804255,1.009496,0.0,0.097837195,0.0,0.0,5.104407e-10,-27.207363,2.2209356,0.74031186,0.15200001,0.0,0.13744101,18.870018,18.900019,2019200
hardzero_plus_depr__c0p56__z1p00__lam0p030__nu0p50__psi1p00,hardzero_plus_depr,0.08,40,631,0.0,1,0.46804255,0.46804255,1.0966437,0.0,0.08004907,0.0,0.0,4.953546e-10,-28.299599,2.4126642,0.8042214,0.104,0.0,0.15277071,18.900019,18.93002,2022400
hardzero_plus_depr__c0p56__z1p00__lam0p030__nu0p50__psi1p00,hardzero_plus_depr,0.08,40,632,0.0,1,0.46804255,0.46804255,0.975548,0.10579179,0.10579179,1.0,5.0855622e-11,4.8071425e-10,-26.940027,2.1462486,0.7154162,0.224,0.0,0.13468122,18.93002,18.96002,2025600
hardzero_plus_depr__c0p56__z1p00__lam0p030__nu0p50__psi1p00,hardzero_plus_depr,0.08,40,633,0.0,1,0.46804255,0.46804255,0.9889985,0.10256555,0.10256555,1.0,4.7847514e-11,4.6650667e-10,-26.386282,2.1758401,0.72528005,0.2,0.0,0.13492365,18.96002,18.99002,2028800
hardzero_plus_depr__c0p56__z1p00__lam0p030__nu0p50__psi1p00,hardzero_plus_depr,0.08,40,634,0.0,1,0.46804255,0.46804255,1.0579772,0.0,0.087502964,0.0,0.0,4.5271906e-10,-27.808413,2.3275962,0.77586544,0.128,0.0,0.15315743,18.99002,19.020021,2032000
hardzero_plus_depr__c0p56__z1p00__lam0p030__nu0p50__psi1p00,hardzero_plus_depr,0.08,40,635,0.0,1,0.46804255,0.46804255,0.99854827,0.10033482,0.10033482,1.0,4.408099e-11,4.3933887e-10,-26.603628,2.19685,0.73228335,0.14400001,0.0,0.15294999,19.020021,19.050022,2035200
hardzero_plus_depr__c0p56__z1p00__lam0p030__nu0p50__psi1p00,hardzero_plus_depr,0.08,40,636,0.0,1,0.46804255,0.46804255,1.0401068,0.0,0.09117866,0.0,0.0,4.2635415e-10,-27.881863,2.2882805,0.76276016,0.17600001,0.0,0.16970633,19.050022,19.080023,2038400
hardzero_plus_depr__c0p56__z1p00__lam0p030__nu0p50__psi1p00,hardzero_plus_depr,0.08,40,637,0.0,1,0.46804255,0.46804255,1.0411396,0.0,0.090962075,0.0,0.0,4.1375317e-10,-27.603237,2.2905529,0.7635176,0.16,0.0,0.16586667,19.080023,19.110023,2041600
hardzero_plus_depr__c0p56__z1p00__lam0p030__nu0p50__psi1p00,hardzero_plus_depr,0.08,40,638,0.0,1,0.46804255,0.46804255,1.020249,0.0,0.09544451,0.0,0.0,4.0152467e-10,-26.67388,2.2445927,0.74819756,0.15200001,0.0,0.1595913,19.110023,19.140024,2044800
hardzero_plus_depr__c0p56__z1p00__lam0p030__nu0p50__psi1p00,hardzero_plus_depr,0.08,40,639,0.0,1,0.46804255,0.46804255,1.0226266,0.0,0.094923414,0.0,0.0,3.8965758e-10,-27.627094,2.2498236,0.74994123,0.112,0.0,0.13497584,19.140024,19.170025,2048000
hardzero_plus_depr__c0p56__z1p00__lam0p030__nu0p50__psi1p00,hardzero_plus_depr,0.08,40,640,0.0,1,0.46804255,0.46804255,1.0848283,0.0,0.082256794,0.0,0.0,3.7814119e-10,-27.789328,2.3866699,0.79555666,0.120000005,0.0,0.15021071,19.170025,19.200026,2051200
hardzero_plus_depr__c0p56__z1p00__lam0p030__nu0p50__psi1p00,hardzero_plus_depr,0.08,40,641,0.0,1,0.46804255,0.46804255,1.0585358,0.0,0.08739048,0.0,0.0,3.6696515e-10,-27.509304,2.3288252,0.7762751,0.120000005,0.0,0.15450433,19.200026,19.230026,2054400
hardzero_plus_depr__c0p56__z1p00__lam0p030__nu0p50__psi1p00,hardzero_plus_depr,0.08,40,642,0.0,1,0.46804255,0.46804255,1.0190355,0.0,0.09571158,0.0,0.0,3.5611944e-10,-26.729235,2.2419229,0.74730766,0.18400002,0.0,0.15491079,19.230026,19.260027,2057600
hardzero_plus_depr__c0p56__z1p00__lam0p030__nu0p50__psi1p00,hardzero_plus_depr,0.08,40,643,0.0,1,0.46804255,0.46804255,1.0095245,0.0,0.09783077,0.0,0.0,3.455943e-10,-26.9531,2.220998,0.7403327,0.17600001,0.0,0.13242736,19.260027,19.290028,2060800
hardzero_plus_depr__c0p56__z1p00__lam0p030__nu0p50__psi1p00,hardzero_plus_depr,0.08,40,644,0.0,1,0.46804255,0.46804255,1.0245132,0.0,0.09451195,0.0,0.0,3.3538022e-10,-27.2945,2.2539742,0.7513248,0.208,0.0,0.17446503,19.290028,19.320028,2064000
hardzero_plus_depr__c0p56__z1p00__lam0p030__nu0p50__psi1p00,hardzero_plus_depr,0.08,40,645,0.0,1,0.46804255,0.46804255,1.0650007,0.0,0.08609923,0.0,0.0,3.25468e-10,-28.295673,2.343048,0.78101605,0.192,0.0,0.18303026,19.320028,19.350029,2067200
hardzero_plus_depr__c0p56__z1p00__lam0p030__nu0p50__psi1p00,hardzero_plus_depr,0.08,40,646,0.0,1,0.46804255,0.46804255,1.0353442,0.0,0.09218403,0.0,0.0,3.1584874e-10,-27.366991,2.277803,0.7592677,0.18400002,0.0,0.16274905,19.350029,19.38003,2070400
hardzero_plus_depr__c0p56__z1p00__lam0p030__nu0p50__psi1p00,hardzero_plus_depr,0.08,40,647,0.0,1,0.46804255,0.46804255,1.0224024,0.0,0.094972424,0.0,0.0,3.0651381e-10,-27.179184,2.2493303,0.7497768,0.192,0.0,0.15323222,19.38003,19.41003,2073600
hardzero_plus_depr__c0p56__z1p00__lam0p030__nu0p50__psi1p00,hardzero_plus_depr,0.08,40,648,0.0,1,0.46804255,0.46804255,1.064358,0.0,0.08622675,0.0,0.0,2.9745476e-10,-27.003077,2.3416343,0.78054476,0.224,0.0,0.16118017,19.41003,19.440031,2076800
hardzero_plus_depr__c0p56__z1p00__lam0p030__nu0p50__psi1p00,hardzero_plus_depr,0.08,40,649,0.0,1,0.46804255,0.46804255,1.0691546,0.0,0.08527965,0.0,0.0,2.8866343e-10,-27.300934,2.3521872,0.7840624,0.112,0.0,0.16764428,19.440031,19.470032,2080000
hardzero_plus_depr__c0p56__z1p00__lam0p030__nu0p50__psi1p00,hardzero_plus_depr,0.08,40,650,0.0,1,0.46804255,0.46804255,1.024441,0.0,0.09452768,0.0,0.0,2.8013195e-10,-26.979477,2.2538152,0.7512717,0.12,0.0,0.14759041,19.470032,19.500032,2083200
hardzero_plus_depr__c0p56__z1p00__lam0p030__nu0p50__psi1p00,hardzero_plus_depr,0.08,40,651,0.0,1,0.46804255,0.46804255,1.0805516,0.0,0.083070785,0.0,0.0,2.7185262e-10,-27.558088,2.3772612,0.7924204,0.14400001,0.0,0.13570793,19.500032,19.530033,2086400
hardzero_plus_depr__c0p56__z1p00__lam0p030__nu0p50__psi1p00,hardzero_plus_depr,0.08,40,652,0.0,1,0.46804255,0.46804255,0.95654887,0.11052261,0.11052261,1.0,2.915785e-11,2.6381797e-10,-26.498734,2.1044495,0.7014832,0.16000001,0.0,0.13424233,19.530033,19.560034,2089600
hardzero_plus_depr__c0p56__z1p00__lam0p030__nu0p50__psi1p00,hardzero_plus_depr,0.08,40,653,0.0,1,0.46804255,0.46804255,1.062877,0.0,0.08652128,0.0,0.0,2.560208e-10,-26.839771,2.3383763,0.77945876,0.096,0.0,0.13983202,19.560034,19.590034,2092800
hardzero_plus_depr__c0p56__z1p00__lam0p030__nu0p50__psi1p00,hardzero_plus_depr,0.08,40,654,0.0,1,0.46804255,0.46804255,1.0072429,0.0,0.09834609,0.0,0.0,2.4845406e-10,-26.472946,2.2159786,0.73865956,0.17600001,0.0,0.14871925,19.590034,19.620035,2096000
hardzero_plus_depr__c0p56__z1p00__lam0p030__nu0p50__psi1p00,hardzero_plus_depr,0.08,40,655,0.0,1,0.46804255,0.46804255,1.0972462,0.0,0.07993811,0.0,0.0,2.4111096e-10,-28.55139,2.4139898,0.8046633,0.17600001,0.0,0.16194224,19.620035,19.650036,2099200
hardzero_plus_depr__c0p56__z1p00__lam0p030__nu0p50__psi1p00,hardzero_plus_depr,0.08,40,656,0.0,1,0.46804255,0.46804255,1.0192698,0.0,0.09565996,0.0,0.0,2.3398491e-10,-27.140144,2.2424383,0.74747944,0.18400002,0.0,0.14844362,19.650036,19.680037,2102400
hardzero_plus_depr__c0p56__z1p00__lam0p030__nu0p50__psi1p00,hardzero_plus_depr,0.08,40,657,0.0,1,0.46804255,0.46804255,1.0505446,0.0,0.08901339,0.0,0.0,2.2706945e-10,-27.37515,2.3112442,0.77041477,0.16800001,0.0,0.13965023,19.680037,19.710037,2105600
hardzero_plus_depr__c0p56__z1p00__lam0p030__nu0p50__psi1p00,hardzero_plus_depr,0.08,40,658,0.0,1,0.46804255,0.46804255,1.0617247,0.0,0.08675116,0.0,0.0,2.2035837e-10,-28.402763,2.335841,0.7786137,0.104,0.0,0.16858679,19.710037,19.740038,2108800
hardzero_plus_depr__c0p56__z1p00__lam0p030__nu0p50__psi1p00,hardzero_plus_depr,0.08,40,659,0.0,1,0.46804255,0.46804255,1.0394377,0.0,0.09131924,0.0,0.0,2.1384568e-10,-28.181402,2.2868085,0.7622695,0.136,0.0,0.16266218,19.740038,19.770039,2112000
hardzero_plus_depr__c0p56__z1p00__lam0p030__nu0p50__psi1p00,hardzero_plus_depr,0.08,40,660,0.0,1,0.46804255,0.46804255,1.0123372,0.0,0.09719921,0.0,0.0,2.0752543e-10,-27.165825,2.2271862,0.7423954,0.14400001,0.0,0.14605002,19.770039,19.80004,2115200
hardzero_plus_depr__c0p56__z1p00__lam0p030__nu0p50__psi1p00,hardzero_plus_depr,0.08,40,661,0.0,1,0.46804255,0.46804255,0.99940103,0.10013802,0.10013802,1.0,2.0166995e-11,2.0139199e-10,-26.429579,2.1987262,0.7329087,0.224,0.008,0.14473452,19.80004,19.83004,2118400
hardzero_plus_depr__c0p56__z1p00__lam0p030__nu0p50__psi1p00,hardzero_plus_depr,0.08,40,662,0.0,1,0.46804255,0.46804255,1.0667814,0.0,0.08574692,0.0,0.0,1.954398e-10,-27.967936,2.346966,0.78232205,0.096,0.0,0.13936813,19.83004,19.86004,2121600
hardzero_plus_depr__c0p56__z1p00__lam0p030__nu0p50__psi1p00,hardzero_plus_depr,0.08,40,663,0.0,1,0.46804255,0.46804255,1.0617272,0.0,0.086750664,0.0,0.0,1.8966356e-10,-27.76507,2.3358464,0.7786155,0.17,0.0,0.14004163,19.86004,19.890041,2124800
hardzero_plus_depr__c0p56__z1p00__lam0p030__nu0p50__psi1p00,hardzero_plus_depr,0.08,40,664,0.0,1,0.46804255,0.46804255,1.0150063,0.0,0.096603684,0.0,0.0,1.8405803e-10,-27.093748,2.2330585,0.7443528,0.18400002,0.0,0.13699555,19.890041,19.920042,2128000
hardzero_plus_depr__c0p56__z1p00__lam0p030__nu0p50__psi1p00,hardzero_plus_depr,0.08,40,665,0.0,1,0.46804255,0.46804255,1.0343162,0.0,0.09240251,0.0,0.0,1.7861819e-10,-27.096489,2.275541,0.7585137,0.14400001,0.0,0.15204516,19.920042,19.950043,2131200
hardzero_plus_depr__c0p56__z1p00__lam0p030__nu0p50__psi1p00,hardzero_plus_depr,0.08,40,666,0.0,1,0.46804255,0.46804255,1.0066286,0.0,0.09848528,0.0,0.0,1.7333908e-10,-26.947292,2.2146273,0.7382091,0.16800001,0.0,0.14277232,19.950043,19.980043,2134400
hardzero_plus_depr__c0p56__z1p00__lam0p030__nu0p50__psi1p00,hardzero_plus_depr,0.08,40,667,0.0,1,0.46804255,0.46804255,1.0764134,0.0,0.08386612,0.0,0.0,1.6821604e-10,-27.851757,2.3681567,0.78938556,0.120000005,0.0,0.15058689,19.980043,20.010044,2137600
hardzero_plus_depr__c0p56__z1p00__lam0p030__nu0p50__psi1p00,hardzero_plus_depr,0.08,40,668,0.0,1,0.46804255,0.46804255,1.003483,0.0,0.09920121,0.0,0.0,1.6324438e-10,-27.205534,2.2077067,0.73590225,0.136,0.0,0.12448939,20.010044,20.040045,2140800
hardzero_plus_depr__c0p56__z1p00__lam0p030__nu0p50__psi1p00,hardzero_plus_depr,0.08,40,669,0.0,1,0.46804255,0.46804255,1.0850419,0.0,0.08221632,0.0,0.0,1.5841968e-10,-28.859486,2.3871398,0.7957133,0.17600001,0.0,0.17836949,20.040045,20.070045,2144000
hardzero_plus_depr__c0p56__z1p00__lam0p030__nu0p50__psi1p00,hardzero_plus_depr,0.08,40,670,0.0,1,0.46804255,0.46804255,0.997079,0.10067484,0.10067484,1.0,1.5477505e-11,1.5373756e-10,-26.374098,2.1936176,0.7312059,0.14400001,0.0,0.12038965,20.070045,20.100046,2147200
hardzero_plus_depr__c0p56__z1p00__lam0p030__nu0p50__psi1p00,hardzero_plus_depr,0.08,40,671,0.0,1,0.46804255,0.46804255,0.9802219,0.10465937,0.10465937,1.0,1.5614532e-11,1.4919382e-10,-26.402891,2.1565313,0.7188438,0.192,0.0,0.1359049,20.100046,20.130047,2150400
hardzero_plus_depr__c0p56__z1p00__lam0p030__nu0p50__psi1p00,hardzero_plus_depr,0.08,40,672,0.0,1,0.46804255,0.46804255,1.0532775,0.0,0.08845503,0.0,0.0,1.4478438e-10,-27.121737,2.3172567,0.7724189,0.14400001,0.0,0.14652576,20.130047,20.160048,2153600
hardzero_plus_depr__c0p56__z1p00__lam0p030__nu0p50__psi1p00,hardzero_plus_depr,0.08,40,673,0.0,1,0.46804255,0.46804255,1.0458024,0.0,0.08999071,0.0,0.0,1.4050526e-10,-28.288427,2.300811,0.766937,0.136,0.0,0.16511938,20.160048,20.190048,2156800
hardzero_plus_depr__c0p56__z1p00__lam0p030__nu0p50__psi1p00,hardzero_plus_depr,0.08,40,674,0.0,1,0.46804255,0.46804255,1.042058,0.0,0.09076993,0.0,0.0,1.3635261e-10,-27.381601,2.2925735,0.76419115,0.15200001,0.0,0.1601841,20.190048,20.220049,2160000
hardzero_plus_depr__c0p56__z1p00__lam0p030__nu0p50__psi1p00,hardzero_plus_depr,0.08,40,675,0.0,1,0.46804255,0.46804255,1.0152645,0.0,0.09654626,0.0,0.0,1.323227e-10,-27.52243,2.2336266,0.74454224,0.14400001,0.0,0.15437411,20.220049,20.25005,2163200
hardzero_plus_depr__c0p56__z1p00__lam0p030__nu0p50__psi1p00,hardzero_plus_depr,0.08,40,676,0.0,1,0.46804255,0.46804255,1.0515112,0.0,0.0888155,0.0,0.0,1.2841186e-10,-27.57246,2.3133707,0.7711236,0.17999999,0.0,0.15014091,20.25005,20.28005,2166400
hardzero_plus_depr__c0p56__z1p00__lam0p030__nu0p50__psi1p00,hardzero_plus_depr,0.08,40,677,0.0,1,0.46804255,0.46804255,1.0949548,0.0,0.08036097,0.0,0.0,1.2461664e-10,-28.977772,2.4089487,0.8029829,0.16800001,0.008,0.14616585,20.28005,20.310051,2169600
hardzero_plus_depr__c0p56__z1p00__lam0p030__nu0p50__psi1p00,hardzero_plus_depr,0.08,40,678,0.0,1,0.46804255,0.46804255,1.0566084,0.0,0.08777918,0.0,0.0,1.2093358e-10,-27.751171,2.324585,0.7748617,0.17600001,0.0,0.15056886,20.310051,20.340052,2172800
hardzero_plus_depr__c0p56__z1p00__lam0p030__nu0p50__psi1p00,hardzero_plus_depr,0.08,40,679,0.0,1,0.46804255,0.46804255,1.0775793,0.0,0.0836413,0.0,0.0,1.1735937e-10,-28.152983,2.3707216,0.7902405,0.16000001,0.0,0.15729906,20.340052,20.370052,2176000
hardzero_plus_depr__c0p56__z1p00__lam0p030__nu0p50__psi1p00,hardzero_plus_depr,0.08,40,680,0.0,1,0.46804255,0.46804255,1.0603338,0.0,0.08702942,0.0,0.0,1.13890807e-10,-28.150732,2.332781,0.77759373,0.128,0.0,0.13891979,20.370052,20.400053,2179200
hardzero_plus_depr__c0p56__z1p00__lam0p030__nu0p50__psi1p00,hardzero_plus_depr,0.08,40,681,0.0,1,0.46804255,0.46804255,1.0890207,0.0,0.08146654,0.0,0.0,1.1052474e-10,-28.277948,2.3958933,0.79863113,0.128,0.0,0.16610855,20.400053,20.430054,2182400
hardzero_plus_depr__c0p56__z1p00__lam0p030__nu0p50__psi1p00,hardzero_plus_depr,0.08,40,682,0.0,1,0.46804255,0.46804255,1.0073038,0.0,0.09833228,0.0,0.0,1.07258175e-10,-26.851604,2.2161126,0.7387042,0.208,0.0,0.1631941,20.430054,20.460054,2185600
hardzero_plus_depr__c0p56__z1p00__lam0p030__nu0p50__psi1p00,hardzero_plus_depr,0.08,40,683,0.0,1,0.46804255,0.46804255,0.99534184,0.10107835,0.10107835,1.0,1.0521057e-11,1.0408814e-10,-27.22277,2.1897957,0.72993195,0.128,0.0,0.17774391,20.460054,20.490055,2188800
hardzero_plus_depr__c0p56__z1p00__lam0p030__nu0p50__psi1p00,hardzero_plus_depr,0.08,40,684,0.0,1,0.46804255,0.46804255,0.9809023,0.10449553,0.10449553,1.0,1.0555282e-11,1.010118e-10,-26.3156,2.1580281,0.7193427,0.18400002,0.0,0.123992614,20.490055,20.520056,2192000
hardzero_plus_depr__c0p56__z1p00__lam0p030__nu0p50__psi1p00,hardzero_plus_depr,0.08,40,685,0.0,1,0.46804255,0.46804255,0.95760375,0.110254474,0.110254474,1.0,1.0807848e-11,9.8026386e-11,-26.292414,2.1067703,0.7022568,0.14400001,0.0,0.1203641,20.520056,20.550056,2195200
hardzero_plus_depr__c0p56__z1p00__lam0p030__nu0p50__psi1p00,hardzero_plus_depr,0.08,40,686,0.0,1,0.46804255,0.46804255,1.0596733,0.0,0.0871619,0.0,0.0,9.51292e-11,-27.20725,2.331328,0.7771093,0.136,0.0,0.13890284,20.550056,20.580057,2198400
hardzero_plus_depr__c0p56__z1p00__lam0p030__nu0p50__psi1p00,hardzero_plus_depr,0.08,40,687,0.0,1,0.46804255,0.46804255,1.0594004,0.0,0.087216675,0.0,0.0,9.231765e-11,-27.739738,2.3307276,0.77690923,0.128,0.0,0.14107017,20.580057,20.610058,2201600
hardzero_plus_depr__c0p56__z1p00__lam0p030__nu0p50__psi1p00,hardzero_plus_depr,0.08,40,688,0.0,1,0.46804255,0.46804255,1.027346,0.0,0.09389748,0.0,0.0,8.958919e-11,-27.487497,2.2602065,0.7534022,0.104,0.0,0.13028699,20.610058,20.640059,2204800
hardzero_plus_depr__c0p56__z1p00__lam0p030__nu0p50__psi1p00,hardzero_plus_depr,0.08,40,689,0.0,1,0.46804255,0.46804255,1.0254742,0.0,0.094303064,0.0,0.0,8.694137e-11,-27.15743,2.2560883,0.7520294,0.13,0.0,0.17526169,20.640059,20.67006,2208000
hardzero_plus_depr__c0p56__z1p00__lam0p030__nu0p50__psi1p00,hardzero_plus_depr,0.08,40,690,0.0,1,0.46804255,0.46804255,1.0969387,0.0,0.07999471,0.0,0.0,8.437181e-11,-28.268412,2.4133134,0.8044378,0.104,0.0,0.15227655,20.67006,20.70006,2211200
hardzero_plus_depr__c0p56__z1p00__lam0p030__nu0p50__psi1p00,hardzero_plus_depr,0.08,40,691,0.0,1,0.46804255,0.46804255,1.0288763,0.0,0.09356721,0.0,0.0,8.1878185e-11,-27.778145,2.2635732,0.7545244,0.112,0.0,0.14999281,20.70006,20.73006,2214400
hardzero_plus_depr__c0p56__z1p00__lam0p030__nu0p50__psi1p00,hardzero_plus_depr,0.08,40,692,0.0,1,0.46804255,0.46804255,0.99879926,0.10027686,0.10027686,1.0,7.967824e-12,7.945826e-11,-27.250622,2.1974022,0.7324674,0.2,0.0,0.12812951,20.73006,20.760061,2217600
hardzero_plus_depr__c0p56__z1p00__lam0p030__nu0p50__psi1p00,hardzero_plus_depr,0.08,40,693,0.0,1,0.46804255,0.46804255,1.051318,0.0,0.08885502,0.0,0.0,7.710985e-11,-27.577208,2.3129458,0.77098197,0.17600001,0.0,0.15828475,20.760061,20.790062,2220800
hardzero_plus_depr__c0p56__z1p00__lam0p030__nu0p50__psi1p00,hardzero_plus_depr,0.08,40,694,0.0,1,0.46804255,0.46804255,1.0212276,0.0,0.095229685,0.0,0.0,7.483087e-11,-27.80661,2.2467456,0.7489152,0.15200001,0.0,0.16550444,20.790062,20.820063,2224000
hardzero_plus_depr__c0p56__z1p00__lam0p030__nu0p50__psi1p00,hardzero_plus_depr,0.08,40,695,0.0,1,0.46804255,0.46804255,1.0603825,0.0,0.08701969,0.0,0.0,7.261923e-11,-27.874481,2.3328881,0.7776294,0.136,0.0,0.1929879,20.820063,20.850063,2227200
hardzero_plus_depr__c0p56__z1p00__lam0p030__nu0p50__psi1p00,hardzero_plus_depr,0.08,40,696,0.0,1,0.46804255,0.46804255,1.062937,0.0,0.086509325,0.0,0.0,7.047296e-11,-28.070206,2.3385081,0.77950275,0.120000005,0.0,0.20978881,20.850063,20.880064,2230400
hardzero_plus_depr__c0p56__z1p00__lam0p030__nu0p50__psi1p00,hardzero_plus_depr,0.08,40,697,0.0,1,0.46804255,0.46804255,1.0410402,0.0,0.090982914,0.0,0.0,6.839012e-11,-26.156168,2.2903342,0.7634448,0.15200001,0.0,0.16061908,20.880064,20.910065,2233600
hardzero_plus_depr__c0p56__z1p00__lam0p030__nu0p50__psi1p00,hardzero_plus_depr,0.08,40,698,0.0,1,0.46804255,0.46804255,1.0496389,0.0,0.089199245,0.0,0.0,6.636885e-11,-27.302439,2.3092515,0.76975054,0.16800001,0.0,0.12259028,20.910065,20.940065,2236800
hardzero_plus_depr__c0p56__z1p00__lam0p030__nu0p50__psi1p00,hardzero_plus_depr,0.08,40,699,0.0,1,0.46804255,0.46804255,1.0004852,0.0,0.09988834,0.0,0.0,6.4407306e-11,-27.326878,2.2011113,0.7337038,0.17600001,0.0,0.1346472,20.940065,20.970066,2240000
hardzero_plus_depr__c0p56__z1p00__lam0p030__nu0p50__psi1p00,hardzero_plus_depr,0.08,40,700,0.0,1,0.46804255,0.46804255,0.9901444,0.10229528,0.10229528,1.0,6.3938373e-12,6.250374e-11,-26.823875,2.1783612,0.7261204,0.17600001,0.0,0.18317203,20.970066,21.000067,2243200
hardzero_plus_depr__c0p56__z1p00__lam0p030__nu0p50__psi1p00,hardzero_plus_depr,0.08,40,701,0.0,1,0.46804255,0.46804255,1.1175319,0.0,0.07629008,0.0,0.0,6.065643e-11,-28.375708,2.4586194,0.8195398,0.104,0.0,0.16185004,21.000067,21.030067,2246400
hardzero_plus_depr__c0p56__z1p00__lam0p030__nu0p50__psi1p00,hardzero_plus_depr,0.08,40,702,0.0,1,0.46804255,0.46804255,1.0152371,0.0,0.09655236,0.0,0.0,5.8863726e-11,-26.880829,2.2335663,0.7445221,0.19,0.0,0.1444942,21.030067,21.060068,2249600
hardzero_plus_depr__c0p56__z1p00__lam0p030__nu0p50__psi1p00,hardzero_plus_depr,0.08,40,703,0.0,1,0.46804255,0.46804255,0.9711785,0.10686156,0.10686156,1.0,6.10436e-12,5.7124003e-11,-26.510067,2.1366353,0.7122118,0.216,0.0,0.14003049,21.060068,21.090069,2252800
hardzero_plus_depr__c0p56__z1p00__lam0p030__nu0p50__psi1p00,hardzero_plus_depr,0.08,40,704,0.0,1,0.46804255,0.46804255,1.0449262,0.0,0.09017245,0.0,0.0,5.543569e-11,-27.933413,2.2988834,0.7662945,0.15200001,0.0,0.12840058,21.090069,21.12007,2256000
hardzero_plus_depr__c0p56__z1p00__lam0p030__nu0p50__psi1p00,hardzero_plus_depr,0.08,40,705,0.0,1,0.46804255,0.46804255,1.0191674,0.0,0.09568252,0.0,0.0,5.3797283e-11,-27.19008,2.242213,0.74740434,0.15200001,0.0,0.14177214,21.12007,21.15007,2259200
hardzero_plus_depr__c0p56__z1p00__lam0p030__nu0p50__psi1p00,hardzero_plus_depr,0.08,40,706,0.0,1,0.46804255,0.46804255,1.0120419,0.0,0.09726533,0.0,0.0,5.2207294e-11,-26.72995,2.2265368,0.7421789,0.16000001,0.0,0.12475427,21.15007,21.18007,2262400
hardzero_plus_depr__c0p56__z1p00__lam0p030__nu0p50__psi1p00,hardzero_plus_depr,0.08,40,707,0.0,1,0.46804255,0.46804255,1.0538933,0.0,0.08832968,0.0,0.0,5.0664303e-11,-27.582268,2.3186116,0.77287054,0.16000001,0.0,0.15066426,21.18007,21.210072,2265600
hardzero_plus_depr__c0p56__z1p00__lam0p030__nu0p50__psi1p00,hardzero_plus_depr,0.08,40,708,0.0,1,0.46804255,0.46804255,1.1043788,0.0,0.07863595,0.0,0.0,4.916691e-11,-28.710045,2.429682,0.809894,0.104,0.0,0.16561241,21.210072,21.240072,2268800
hardzero_plus_depr__c0p56__z1p00__lam0p030__nu0p50__psi1p00,hardzero_plus_depr,0.08,40,709,0.0,1,0.46804255,0.46804255,1.0431494,0.0,0.090542115,0.0,0.0,4.7713777e-11,-27.619467,2.2949743,0.76499146,0.14400001,0.0,0.13907123,21.240072,21.270073,2272000
hardzero_plus_depr__c0p56__z1p00__lam0p030__nu0p50__psi1p00,hardzero_plus_depr,0.08,40,710,0.0,1,0.46804255,0.46804255,1.0398908,0.0,0.09122402,0.0,0.0,4.630359e-11,-27.653782,2.2878053,0.7626018,0.216,0.0,0.16288285,21.270073,21.300074,2275200
hardzero_plus_depr__c0p56__z1p00__lam0p030__nu0p50__psi1p00,hardzero_plus_depr,0.08,40,711,0.0,1,0.46804255,0.46804255,1.0602136,0.0,0.08705353,0.0,0.0,4.493508e-11,-27.817715,2.3325164,0.7775055,0.17600001,0.0,0.16654745,21.300074,21.330074,2278400
hardzero_plus_depr__c0p56__z1p00__lam0p030__nu0p50__psi1p00,hardzero_plus_depr,0.08,40,712,0.0,1,0.46804255,0.46804255,1.0362973,0.0,0.09198196,0.0,0.0,4.360702e-11,-27.746267,2.2798996,0.75996655,0.2,0.0,0.15232222,21.330074,21.360075,2281600
hardzero_plus_depr__c0p56__z1p00__lam0p030__nu0p50__psi1p00,hardzero_plus_depr,0.08,40,713,0.0,1,0.46804255,0.46804255,1.0443485,0.0,0.09029247,0.0,0.0,4.2318204e-11,-27.446766,2.2976124,0.7658708,0.23200001,0.0,0.17037837,21.360075,21.390076,2284800
hardzero_plus_depr__c0p56__z1p00__lam0p030__nu0p50__psi1p00,hardzero_plus_depr,0.08,40,714,0.0,1,0.46804255,0.46804255,1.0539237,0.0,0.088323504,0.0,0.0,4.106749e-11,-27.563473,2.3186784,0.77289283,0.15200001,0.0,0.1622558,21.390076,21.420076,2288000
hardzero_plus_depr__c0p56__z1p00__lam0p030__nu0p50__psi1p00,hardzero_plus_depr,0.08,40,715,0.0,1,0.46804255,0.46804255,1.1474361,0.0,0.07121375,0.0,0.0,3.985373e-11,-29.66473,2.52441,0.84147,0.099999994,0.0,0.1478834,21.420076,21.450077,2291200
hardzero_plus_depr__c0p56__z1p00__lam0p030__nu0p50__psi1p00,hardzero_plus_depr,0.08,40,716,0.0,1,0.46804255,0.46804255,1.095163,0.0,0.08032245,0.0,0.0,3.8675847e-11,-28.580109,2.4094067,0.8031356,0.120000005,0.0,0.15737258,21.450077,21.480078,2294400
hardzero_plus_depr__c0p56__z1p00__lam0p030__nu0p50__psi1p00,hardzero_plus_depr,0.08,40,717,0.0,1,0.46804255,0.46804255,1.096866,0.0,0.080008104,0.0,0.0,3.7532786e-11,-28.643272,2.4131534,0.80438447,0.104,0.0,0.14977098,21.480078,21.510078,2297600
hardzero_plus_depr__c0p56__z1p00__lam0p030__nu0p50__psi1p00,hardzero_plus_depr,0.08,40,718,0.0,1,0.46804255,0.46804255,1.034634,0.0,0.092334926,0.0,0.0,3.6423496e-11,-27.648064,2.2762403,0.7587468,0.136,0.0,0.1449969,21.510078,21.54008,2300800
hardzero_plus_depr__c0p56__z1p00__lam0p030__nu0p50__psi1p00,hardzero_plus_depr,0.08,40,719,0.0,1,0.46804255,0.46804255,1.0501,0.0,0.08910457,0.0,0.0,3.5346993e-11,-26.896423,2.310266,0.7700887,0.16000001,0.0,0.14149383,21.54008,21.57008,2304000
hardzero_plus_depr__c0p56__z1p00__lam0p030__nu0p50__psi1p00,hardzero_plus_depr,0.08,40,720,0.0,1,0.46804255,0.46804255,1.0361181,0.0,0.092019916,0.0,0.0,3.4302308e-11,-27.856209,2.2795055,0.7598352,0.14400001,0.0,0.16628098,21.57008,21.60008,2307200
hardzero_plus_depr__c0p56__z1p00__lam0p030__nu0p50__psi1p00,hardzero_plus_depr,0.08,40,721,0.0,1,0.46804255,0.46804255,1.0231824,0.0,0.094802015,0.0,0.0,3.32885e-11,-27.754345,2.2510462,0.75034875,0.16800001,0.0,0.13601807,21.60008,21.630081,2310400
hardzero_plus_depr__c0p56__z1p00__lam0p030__nu0p50__psi1p00,hardzero_plus_depr,0.08,40,722,0.0,1,0.46804255,0.46804255,1.0505916,0.0,0.08900376,0.0,0.0,3.2304655e-11,-27.098011,2.3113477,0.7704493,0.2,0.0,0.16328429,21.630081,21.660082,2313600
hardzero_plus_depr__c0p56__z1p00__lam0p030__nu0p50__psi1p00,hardzero_plus_depr,0.08,40,723,0.0,1,0.46804255,0.46804255,1.0683618,0.0,0.08543547,0.0,0.0,3.1349888e-11,-27.964231,2.350443,0.783481,0.136,0.0,0.1734515,21.660082,21.690083,2316800
hardzero_plus_depr__c0p56__z1p00__lam0p030__nu0p50__psi1p00,hardzero_plus_depr,0.08,40,724,0.0,1,0.46804255,0.46804255,1.0865327,0.0,0.08193458,0.0,0.0,3.0423334e-11,-28.400822,2.3904197,0.7968066,0.112,0.0,0.15397036,21.690083,21.720083,2320000
hardzero_plus_depr__c0p56__z1p00__lam0p030__nu0p50__psi1p00,hardzero_plus_depr,0.08,40,725,0.0,1,0.46804255,0.46804255,1.0592291,0.0,0.08725108,0.0,0.0,2.9524168e-11,-27.854525,2.3303506,0.7767836,0.128,0.0,0.15273361,21.720083,21.750084,2323200
hardzero_plus_depr__c0p56__z1p00__lam0p030__nu0p50__psi1p00,hardzero_plus_depr,0.08,40,726,0.0,1,0.46804255,0.46804255,1.0397277,0.0,0.09125828,0.0,0.0,2.8651578e-11,-26.851633,2.2874465,0.76248217,0.136,0.0,0.1222403,21.750084,21.780085,2326400
hardzero_plus_depr__c0p56__z1p00__lam0p030__nu0p50__psi1p00,hardzero_plus_depr,0.08,40,727,0.0,1,0.46804255,0.46804255,1.02242,0.0,0.09496858,0.0,0.0,2.7804778e-11,-27.119244,2.2493691,0.7497897,0.15200001,0.0,0.14628115,21.780085,21.810085,2329600
hardzero_plus_depr__c0p56__z1p00__lam0p030__nu0p50__psi1p00,hardzero_plus_depr,0.08,40,728,0.0,1,0.46804255,0.46804255,1.000767,0.0,0.09982356,0.0,0.0,2.6983004e-11,-26.676949,2.2017314,0.7339105,0.17999999,0.0,0.13459326,21.810085,21.840086,2332800
hardzero_plus_depr__c0p56__z1p00__lam0p030__nu0p50__psi1p00,hardzero_plus_depr,0.08,40,729,0.0,1,0.46804255,0.46804255,1.0142442,0.0,0.09677335,0.0,0.0,2.6185517e-11,-26.951405,2.231382,0.74379396,0.16000001,0.0,0.14049602,21.840086,21.870087,2336000
hardzero_plus_depr__c0p56__z1p00__lam0p030__nu0p50__psi1p00,hardzero_plus_depr,0.08,40,730,0.0,1,0.46804255,0.46804255,1.122377,0.0,0.075443685,0.0,0.0,2.5411602e-11,-28.78553,2.4692788,0.82309294,0.120000005,0.0,0.1661063,21.870087,21.900087,2339200
hardzero_plus_depr__c0p56__z1p00__lam0p030__nu0p50__psi1p00,hardzero_plus_depr,0.08,40,731,0.0,1,0.46804255,0.46804255,1.0865463,0.0,0.081932016,0.0,0.0,2.4660558e-11,-28.191956,2.3904495,0.7968165,0.128,0.0,0.18977776,21.900087,21.930088,2342400
hardzero_plus_depr__c0p56__z1p00__lam0p030__nu0p50__psi1p00,hardzero_plus_depr,0.08,40,732,0.0,1,0.46804255,0.46804255,1.0146636,0.0,0.09667995,0.0,0.0,2.393171e-11,-27.239769,2.2323043,0.74410146,0.16000001,0.0,0.13901377,21.930088,21.960089,2345600
hardzero_plus_depr__c0p56__z1p00__lam0p030__nu0p50__psi1p00,hardzero_plus_depr,0.08,40,733,0.0,1,0.46804255,0.46804255,1.056386,0.0,0.087824166,0.0,0.0,2.3224403e-11,-28.103186,2.3240955,0.7746985,0.104,0.0,0.16510153,21.960089,21.99009,2348800
hardzero_plus_depr__c0p56__z1p00__lam0p030__nu0p50__psi1p00,hardzero_plus_depr,0.08,40,734,0.0,1,0.46804255,0.46804255,1.0664707,0.0,0.08580829,0.0,0.0,2.2538006e-11,-28.36553,2.3462825,0.7820942,0.14400001,0.0,0.15901886,21.99009,22.02009,2352000
hardzero_plus_depr__c0p56__z1p00__lam0p030__nu0p50__psi1p00,hardzero_plus_depr,0.08,40,735,0.0,1,0.46804255,0.46804255,1.0332255,0.0,0.09263485,0.0,0.0,2.1871893e-11,-27.845922,2.2731416,0.7577139,0.2,0.008,0.18481998,22.02009,22.05009,2355200
hardzero_plus_depr__c0p56__z1p00__lam0p030__nu0p50__psi1p00,hardzero_plus_depr,0.08,40,736,0.0,1,0.46804255,0.46804255,1.0554025,0.0,0.08802327,0.0,0.0,2.1225466e-11,-27.465794,2.3219318,0.7739773,0.128,0.0,0.15202,22.05009,22.080091,2358400
hardzero_plus_depr__c0p56__z1p00__lam0p030__nu0p50__psi1p00,hardzero_plus_depr,0.08,40,737,0.0,1,0.46804255,0.46804255,0.992352,0.1017766,0.1017766,1.0,2.0964092e-12,2.0598145e-11,-25.9083,2.183218,0.72773933,0.136,0.0,0.12456312,22.080091,22.110092,2361600
hardzero_plus_depr__c0p56__z1p00__lam0p030__nu0p50__psi1p00,hardzero_plus_depr,0.08,40,738,0.0,1,0.46804255,0.46804255,0.99148166,0.101980776,0.101980776,1.0,2.0385308e-12,1.9989363e-11,-25.99853,2.1813033,0.7271011,0.15200001,0.0,0.122636795,22.110092,22.140093,2364800
hardzero_plus_depr__c0p56__z1p00__lam0p030__nu0p50__psi1p00,hardzero_plus_depr,0.08,40,739,0.0,1,0.46804255,0.46804255,1.082989,0.0,0.08260589,0.0,0.0,1.9398576e-11,-27.885742,2.3826232,0.79420775,0.112,0.0,0.1695606,22.140093,22.170094,2368000
hardzero_plus_depr__c0p56__z1p00__lam0p030__nu0p50__psi1p00,hardzero_plus_depr,0.08,40,740,0.0,1,0.46804255,0.46804255,1.0284455,0.0,0.09366008,0.0,0.0,1.8825247e-11,-27.71029,2.2626252,0.75420845,0.192,0.0,0.12460063,22.170094,22.200094,2371200
hardzero_plus_depr__c0p56__z1p00__lam0p030__nu0p50__psi1p00,hardzero_plus_depr,0.08,40,741,0.0,1,0.46804255,0.46804255,1.0589896,0.0,0.08729921,0.0,0.0,1.8268864e-11,-28.186079,2.3298237,0.77660793,0.14999999,0.0,0.15206814,22.200094,22.230095,2374400
hardzero_plus_depr__c0p56__z1p00__lam0p030__nu0p50__psi1p00,hardzero_plus_depr,0.08,40,742,0.0,1,0.46804255,0.46804255,1.0157305,0.0,0.09644273,0.0,0.0,1.7728926e-11,-26.711164,2.2346518,0.74488395,0.2,0.0,0.14565283,22.230095,22.260096,2377600
hardzero_plus_depr__c0p56__z1p00__lam0p030__nu0p50__psi1p00,hardzero_plus_depr,0.08,40,743,0.0,1,0.46804255,0.46804255,1.0815543,0.0,0.08287923,0.0,0.0,1.7204946e-11,-28.256857,2.379467,0.79315567,0.112,0.0,0.14206503,22.260096,22.290096,2380800
hardzero_plus_depr__c0p56__z1p00__lam0p030__nu0p50__psi1p00,hardzero_plus_depr,0.08,40,744,0.0,1,0.46804255,0.46804255,1.0519235,0.0,0.08873122,0.0,0.0,1.669645e-11,-27.02612,2.314278,0.77142596,0.104,0.0,0.1505626,22.290096,22.320097,2384000
hardzero_plus_depr__c0p56__z1p00__lam0p030__nu0p50__psi1p00,hardzero_plus_depr,0.08,40,745,0.0,1,0.46804255,0.46804255,1.0627407,0.0,0.086548455,0.0,0.0,1.6202985e-11,-28.280998,2.338076,0.77935874,0.080000006,0.0,0.14036348,22.320097,22.350098,2387200
hardzero_plus_depr__c0p56__z1p00__lam0p030__nu0p50__psi1p00,hardzero_plus_depr,0.08,40,746,0.0,1,0.46804255,0.46804255,1.0334424,0.0,0.09258861,0.0,0.0,1.5724103e-11,-26.425837,2.2736187,0.75787294,0.16000001,0.0,0.14753741,22.350098,22.380098,2390400
hardzero_plus_depr__c0p56__z1p00__lam0p030__nu0p50__psi1p00,hardzero_plus_depr,0.08,40,747,0.0,1,0.46804255,0.46804255,1.0597045,0.0,0.087155625,0.0,0.0,1.5259375e-11,-28.502098,2.3313966,0.7771322,0.104,0.0,0.14856905,22.380098,22.410099,2393600
hardzero_plus_depr__c0p56__z1p00__lam0p030__nu0p50__psi1p00,hardzero_plus_depr,0.08,40,748,0.0,1,0.46804255,0.46804255,0.9706906,0.10698169,0.10698169,1.0,1.5842259e-12,1.4808384e-11,-25.962496,2.135562,0.711854,0.17600001,0.0,0.12387324,22.410099,22.4401,2396800
hardzero_plus_depr__c0p56__z1p00__lam0p030__nu0p50__psi1p00,hardzero_plus_depr,0.08,40,749,0.0,1,0.46804255,0.46804255,1.0791489,0.0,0.08333953,0.0,0.0,1.4370719e-11,-28.452175,2.3741748,0.7913916,0.14400001,0.0,0.1891671,22.4401,22.4701,2400000
hardzero_plus_depr__c0p56__z1p00__lam0p030__nu0p50__psi1p00,hardzero_plus_depr,0.08,40,750,0.0,1,0.46804255,0.46804255,0.96123934,0.109335355,0.109335355,1.0,1.5247898e-12,1.3945991e-11,-26.521006,2.1147687,0.7049229,0.23200001,0.0,0.12880982,22.4701,22.500101,2403200
hardzero_plus_depr__c0p56__z1p00__lam0p030__nu0p50__psi1p00,hardzero_plus_depr,0.08,40,751,0.0,1,0.46804255,0.46804255,1.0467489,0.0,0.08979478,0.0,0.0,1.3533815e-11,-27.761448,2.3028934,0.7676312,0.136,0.0,0.14274283,22.500101,22.530102,2406400
hardzero_plus_depr__c0p56__z1p00__lam0p030__nu0p50__psi1p00,hardzero_plus_depr,0.08,40,752,0.0,1,0.46804255,0.46804255,1.085065,0.0,0.08221196,0.0,0.0,1.3133821e-11,-27.403744,2.3871906,0.79573023,0.048,0.0,0.14110626,22.530102,22.560102,2409600
hardzero_plus_depr__c0p56__z1p00__lam0p030__nu0p50__psi1p00,hardzero_plus_depr,0.08,40,753,0.0,1,0.46804255,0.46804255,1.0751845,0.0,0.084103785,0.0,0.0,1.274565e-11,-28.09068,2.365453,0.78848433,0.128,0.0,0.16943492,22.560102,22.590103,2412800
hardzero_plus_depr__c0p56__z1p00__lam0p030__nu0p50__psi1p00,hardzero_plus_depr,0.08,40,754,0.0,1,0.46804255,0.46804255,0.9664358,0.108034916,0.108034916,1.0,1.3362784e-12,1.236895e-11,-26.824945,2.1262012,0.70873374,0.12,0.0,0.14696197,22.590103,22.620104,2416000
hardzero_plus_depr__c0p56__z1p00__lam0p030__nu0p50__psi1p00,hardzero_plus_depr,0.08,40,755,0.0,1,0.46804255,0.46804255,1.0620866,0.0,0.0866789,0.0,0.0,1.20033835e-11,-28.326202,2.3366373,0.7788791,0.136,0.0,0.14317672,22.620104,22.650105,2419200
hardzero_plus_depr__c0p56__z1p00__lam0p030__nu0p50__psi1p00,hardzero_plus_depr,0.08,40,756,0.0,1,0.46804255,0.46804255,1.0721867,0.0,0.08468631,0.0,0.0,1.1648623e-11,-27.015032,2.3588579,0.786286,0.15200001,0.0,0.13917854,22.650105,22.680105,2422400
hardzero_plus_depr__c0p56__z1p00__lam0p030__nu0p50__psi1p00,hardzero_plus_depr,0.08,40,757,0.0,1,0.46804255,0.46804255,1.0839053,0.0,0.08243178,0.0,0.0,1.1304346e-11,-28.386587,2.3846393,0.7948798,0.136,0.0,0.14431562,22.680105,22.710106,2425600
hardzero_plus_depr__c0p56__z1p00__lam0p030__nu0p50__psi1p00,hardzero_plus_depr,0.08,40,758,0.0,1,0.46804255,0.46804255,1.0175078,0.0,0.096048854,0.0,0.0,1.0970245e-11,-26.989904,2.2385619,0.7461873,0.17600001,0.0,0.15866911,22.710106,22.740107,2428800
hardzero_plus_depr__c0p56__z1p00__lam0p030__nu0p50__psi1p00,hardzero_plus_depr,0.08,40,759,0.0,1,0.46804255,0.46804255,0.99287045,0.10165518,0.10165518,1.0,1.0822227e-12,1.0646017e-11,-25.876348,2.1843586,0.72811955,0.128,0.0,0.14193021,22.740107,22.770107,2432000
hardzero_plus_depr__c0p56__z1p00__lam0p030__nu0p50__psi1p00,hardzero_plus_depr,0.08,40,760,0.0,1,0.46804255,0.46804255,1.0067297,0.0,0.098462366,0.0,0.0,1.0331372e-11,-26.894003,2.2148497,0.7382833,0.192,0.0,0.14369382,22.770107,22.800108,2435200
hardzero_plus_depr__c0p56__z1p00__lam0p030__nu0p50__psi1p00,hardzero_plus_depr,0.08,40,761,0.0,1,0.46804255,0.46804255,1.0324062,0.0,0.09280978,0.0,0.0,1.0026028e-11,-27.323738,2.271339,0.757113,0.15200001,0.0,0.17595828,22.800108,22.830109,2438400
hardzero_plus_depr__c0p56__z1p00__lam0p030__nu0p50__psi1p00,hardzero_plus_depr,0.08,40,762,0.0,1,0.46804255,0.46804255,1.0363938,0.0,0.09196153,0.0,0.0,9.729708e-12,-27.275246,2.2801118,0.7600373,0.112,0.0,0.16403817,22.830109,22.86011,2441600
hardzero_plus_depr__c0p56__z1p00__lam0p030__nu0p50__psi1p00,hardzero_plus_depr,0.08,40,763,0.0,1,0.46804255,0.46804255,0.99140584,0.101998575,0.101998575,1.0,9.630852e-13,9.442143e-12,-26.089792,2.1811364,0.7270455,0.17600001,0.0,0.13619433,22.86011,22.89011,2444800
hardzero_plus_depr__c0p56__z1p00__lam0p030__nu0p50__psi1p00,hardzero_plus_depr,0.08,40,764,0.0,1,0.46804255,0.46804255,0.9926087,0.10171646,0.10171646,1.0,9.320361e-13,9.163081e-12,-27.108356,2.1837828,0.7279276,0.120000005,0.0,0.12900323,22.89011,22.92011,2448000
hardzero_plus_depr__c0p56__z1p00__lam0p030__nu0p50__psi1p00,hardzero_plus_depr,0.08,40,765,0.0,1,0.46804255,0.46804255,1.0138481,0.0,0.09686167,0.0,0.0,8.892265e-12,-27.263945,2.2305102,0.74350345,0.192,0.0,0.15598333,22.92011,22.950111,2451200
hardzero_plus_depr__c0p56__z1p00__lam0p030__nu0p50__psi1p00,hardzero_plus_depr,0.08,40,766,0.0,1,0.46804255,0.46804255,1.0742679,0.0,0.084281474,0.0,0.0,8.629452e-12,-27.861729,2.3634365,0.7878122,0.15200001,0.0,0.17438114,22.950111,22.980112,2454400
hardzero_plus_depr__c0p56__z1p00__lam0p030__nu0p50__psi1p00,hardzero_plus_depr,0.08,40,767,0.0,1,0.46804255,0.46804255,0.95980775,0.10969636,0.10969636,1.0,9.18642e-13,8.374408e-12,-26.065859,2.1116192,0.7038731,0.17999999,0.0,0.12864748,22.980112,23.010113,2457600
hardzero_plus_depr__c0p56__z1p00__lam0p030__nu0p50__psi1p00,hardzero_plus_depr,0.08,40,768,0.0,1,0.46804255,0.46804255,1.0094889,0.0,0.097838774,0.0,0.0,8.126902e-12,-26.829351,2.22092,0.74030674,0.16000001,0.0,0.15165734,23.010113,23.040113,2460800
hardzero_plus_depr__c0p56__z1p00__lam0p030__nu0p50__psi1p00,hardzero_plus_depr,0.08,40,769,0.0,1,0.46804255,0.46804255,1.0261525,0.0,0.09415589,0.0,0.0,7.8867095e-12,-27.81799,2.2575805,0.7525269,0.17600001,0.0,0.16972652,23.040113,23.070114,2464000
hardzero_plus_depr__c0p56__z1p00__lam0p030__nu0p50__psi1p00,hardzero_plus_depr,0.08,40,770,0.0,1,0.46804255,0.46804255,1.0782893,0.0,0.083504654,0.0,0.0,7.653617e-12,-27.569662,2.3722837,0.79076123,0.08800001,0.0,0.1390975,23.070114,23.100115,2467200
hardzero_plus_depr__c0p56__z1p00__lam0p030__nu0p50__psi1p00,hardzero_plus_depr,0.08,40,771,0.0,1,0.46804255,0.46804255,1.0123577,0.0,0.09719462,0.0,0.0,7.427413e-12,-26.292906,2.2272315,0.74241054,0.16800001,0.0,0.15053764,23.100115,23.130116,2470400
hardzero_plus_depr__c0p56__z1p00__lam0p030__nu0p50__psi1p00,hardzero_plus_depr,0.08,40,772,0.0,1,0.46804255,0.46804255,1.0263227,0.0,0.094119,0.0,0.0,7.2078953e-12,-27.363714,2.257955,0.7526517,0.128,0.0,0.1432052,23.130116,23.160116,2473600
hardzero_plus_depr__c0p56__z1p00__lam0p030__nu0p50__psi1p00,hardzero_plus_depr,0.08,40,773,0.0,1,0.46804255,0.46804255,0.9848889,0.103540696,0.103540696,1.0,7.2425323e-13,6.994865e-12,-27.525185,2.1667988,0.7222663,0.208,0.0,0.17152995,23.160116,23.190117,2476800
hardzero_plus_depr__c0p56__z1p00__lam0p030__nu0p50__psi1p00,hardzero_plus_depr,0.08,40,774,0.0,1,0.46804255,0.46804255,1.0366877,0.0,0.091899306,0.0,0.0,6.7881304e-12,-28.319506,2.2807586,0.7602529,0.112,0.0,0.17202197,23.190117,23.220118,2480000
hardzero_plus_depr__c0p56__z1p00__lam0p030__nu0p50__psi1p00,hardzero_plus_depr,0.08,40,775,0.0,1,0.46804255,0.46804255,1.01451,0.0,0.09671413,0.0,0.0,6.587506e-12,-26.58427,2.2319667,0.74398893,0.208,0.0,0.12694132,23.220118,23.250118,2483200
hardzero_plus_depr__c0p56__z1p00__lam0p030__nu0p50__psi1p00,hardzero_plus_depr,0.08,40,776,0.0,1,0.46804255,0.46804255,1.0182859,0.0,0.09587694,0.0,0.0,6.3928116e-12,-26.800072,2.2402737,0.7467579,0.120000005,0.0,0.14190811,23.250118,23.280119,2486400
hardzero_plus_depr__c0p56__z1p00__lam0p030__nu0p50__psi1p00,hardzero_plus_depr,0.08,40,777,0.0,1,0.46804255,0.46804255,1.0675689,0.0,0.085591584,0.0,0.0,6.2038716e-12,-28.433723,2.3486984,0.7828995,0.14400001,0.0,0.15883309,23.280119,23.31012,2489600
hardzero_plus_depr__c0p56__z1p00__lam0p030__nu0p50__psi1p00,hardzero_plus_depr,0.08,40,778,0.0,1,0.46804255,0.46804255,1.0515507,0.0,0.08880741,0.0,0.0,6.0205152e-12,-27.923563,2.3134577,0.7711526,0.104,0.0,0.15206636,23.31012,23.34012,2492800
hardzero_plus_depr__c0p56__z1p00__lam0p030__nu0p50__psi1p00,hardzero_plus_depr,0.08,40,779,0.0,1,0.46804255,0.46804255,1.0380683,0.0,0.09160763,0.0,0.0,5.8425786e-12,-26.526075,2.2837958,0.7612653,0.120000005,0.0,0.17750144,23.34012,23.370121,2496000
hardzero_plus_depr__c0p56__z1p00__lam0p030__nu0p50__psi1p00,hardzero_plus_depr,0.08,40,780,0.0,1,0.46804255,0.46804255,1.055926,0.0,0.08791723,0.0,0.0,5.6698994e-12,-27.795567,2.3230836,0.77436125,0.19,0.0,0.15515031,23.370121,23.400122,2499200
hardzero_plus_depr__c0p56__z1p00__lam0p030__nu0p50__psi1p00,hardzero_plus_depr,0.08,40,781,0.0,1,0.46804255,0.46804255,1.0588253,0.0,0.08733227,0.0,0.0,5.502325e-12,-27.781494,2.329462,0.77648735,0.104,0.0,0.13981964,23.400122,23.430122,2502400
hardzero_plus_depr__c0p56__z1p00__lam0p030__nu0p50__psi1p00,hardzero_plus_depr,0.08,40,782,0.0,1,0.46804255,0.46804255,0.9781627,0.10515679,0.10515679,1.0,5.615061e-13,5.3397035e-12,-26.317978,2.152001,0.7173337,0.16800001,0.0,0.13089114,23.430122,23.460123,2505600
hardzero_plus_depr__c0p56__z1p00__lam0p030__nu0p50__psi1p00,hardzero_plus_depr,0.08,40,783,0.0,1,0.46804255,0.46804255,1.0619926,0.0,0.08669765,0.0,0.0,5.1818875e-12,-28.813965,2.3364305,0.7788102,0.18400002,0.0,0.16120672,23.460123,23.490124,2508800
hardzero_plus_depr__c0p56__z1p00__lam0p030__nu0p50__psi1p00,hardzero_plus_depr,0.08,40,784,0.0,1,0.46804255,0.46804255,1.0509938,0.0,0.088921376,0.0,0.0,5.028736e-12,-28.12386,2.3122325,0.7707442,0.136,0.0,0.19060037,23.490124,23.520124,2512000
hardzero_plus_depr__c0p56__z1p00__lam0p030__nu0p50__psi1p00,hardzero_plus_depr,0.08,40,785,0.0,1,0.46804255,0.46804255,1.0534407,0.0,0.0884218,0.0,0.0,4.880111e-12,-27.85961,2.3176157,0.7725386,0.104,0.0,0.14280026,23.520124,23.550125,2515200
hardzero_plus_depr__c0p56__z1p00__lam0p030__nu0p50__psi1p00,hardzero_plus_depr,0.08,40,786,0.0,1,0.46804255,0.46804255,1.0109022,0.0,0.09752093,0.0,0.0,4.735879e-12,-26.915527,2.2240293,0.74134314,0.16800001,0.0,0.14485799,23.550125,23.580126,2518400
hardzero_plus_depr__c0p56__z1p00__lam0p030__nu0p50__psi1p00,hardzero_plus_depr,0.08,40,787,0.0,1,0.46804255,0.46804255,1.0222651,0.0,0.09500248,0.0,0.0,4.595909e-12,-26.945469,2.2490282,0.7496761,0.120000005,0.0,0.113980815,23.580126,23.610126,2521600
hardzero_plus_depr__c0p56__z1p00__lam0p030__nu0p50__psi1p00,hardzero_plus_depr,0.08,40,788,0.0,1,0.46804255,0.46804255,1.0210029,0.0,0.09527899,0.0,0.0,4.460077e-12,-27.06091,2.246251,0.7487504,0.17600001,0.0,0.13716184,23.610126,23.640127,2524800
hardzero_plus_depr__c0p56__z1p00__lam0p030__nu0p50__psi1p00,hardzero_plus_depr,0.08,40,789,0.0,1,0.46804255,0.46804255,1.014938,0.0,0.09661888,0.0,0.0,4.3282587e-12,-26.711239,2.2329082,0.74430275,0.120000005,0.0,0.13129613,23.640127,23.670128,2528000
hardzero_plus_depr__c0p56__z1p00__lam0p030__nu0p50__psi1p00,hardzero_plus_depr,0.08,40,790,0.0,1,0.46804255,0.46804255,0.9786993,0.10502692,0.10502692,1.0,4.411484e-13,4.2003363e-12,-26.88617,2.1531816,0.7177272,0.208,0.0,0.15558848,23.670128,23.700129,2531200
hardzero_plus_depr__c0p56__z1p00__lam0p030__nu0p50__psi1p00,hardzero_plus_depr,0.08,40,791,0.0,1,0.46804255,0.46804255,1.0161536,0.0,0.09634882,0.0,0.0,4.0761947e-12,-27.362324,2.2355826,0.7451942,0.216,0.0,0.14293729,23.700129,23.73013,2534400
hardzero_plus_depr__c0p56__z1p00__lam0p030__nu0p50__psi1p00,hardzero_plus_depr,0.08,40,792,0.0,1,0.46804255,0.46804255,1.0197866,0.0,0.09554619,0.0,0.0,3.955722e-12,-26.79877,2.2435753,0.74785846,0.120000005,0.0,0.12699234,23.73013,23.76013,2537600
hardzero_plus_depr__c0p56__z1p00__lam0p030__nu0p50__psi1p00,hardzero_plus_depr,0.08,40,793,0.0,1,0.46804255,0.46804255,1.0346185,0.0,0.092338204,0.0,0.0,3.8388103e-12,-26.600222,2.2762063,0.7587354,0.16,0.0,0.17339356,23.76013,23.79013,2540800
hardzero_plus_depr__c0p56__z1p00__lam0p030__nu0p50__psi1p00,hardzero_plus_depr,0.08,40,794,0.0,1,0.46804255,0.46804255,1.0773458,0.0,0.08368626,0.0,0.0,3.725354e-12,-28.063553,2.3702083,0.79006946,0.2,0.0,0.1590054,23.79013,23.820131,2544000
hardzero_plus_depr__c0p56__z1p00__lam0p030__nu0p50__psi1p00,hardzero_plus_depr,0.08,40,795,0.0,1,0.46804255,0.46804255,1.0062493,0.0,0.09857135,0.0,0.0,3.6152505e-12,-27.742044,2.2137926,0.7379309,0.17600001,0.0,0.1356461,23.820131,23.850132,2547200
hardzero_plus_depr__c0p56__z1p00__lam0p030__nu0p50__psi1p00,hardzero_plus_depr,0.08,40,796,0.0,1,0.46804255,0.46804255,1.0503778,0.0,0.089047596,0.0,0.0,3.5084013e-12,-27.812572,2.3108773,0.77029246,0.17600001,0.0,0.154938,23.850132,23.880133,2550400
hardzero_plus_depr__c0p56__z1p00__lam0p030__nu0p50__psi1p00,hardzero_plus_depr,0.08,40,797,0.0,1,0.46804255,0.46804255,1.1268638,0.0,0.07466829,0.0,0.0,3.4047097e-12,-28.309107,2.47915,0.82638335,0.112,0.0,0.16655304,23.880133,23.910133,2553600
hardzero_plus_depr__c0p56__z1p00__lam0p030__nu0p50__psi1p00,hardzero_plus_depr,0.08,40,798,0.0,1,0.46804255,0.46804255,1.0125735,0.0,0.09714637,0.0,0.0,3.3040834e-12,-26.524046,2.2277062,0.74256873,0.128,0.0,0.14448781,23.910133,23.940134,2556800
hardzero_plus_depr__c0p56__z1p00__lam0p030__nu0p50__psi1p00,hardzero_plus_depr,0.08,40,799,0.0,1,0.46804255,0.46804255,1.0216246,0.0,0.0951427,0.0,0.0,3.2064308e-12,-27.35199,2.247619,0.7492063,0.08800001,0.0,0.15481316,23.940134,23.970135,2560000
hardzero_plus_depr__c0p56__z1p00__lam0p030__nu0p50__psi1p00,hardzero_plus_depr,0.08,40,800,0.0,1,0.46804255,0.46804255,1.0222185,0.0,0.09501268,0.0,0.0,3.1116641e-12,-27.401297,2.2489254,0.74964184,0.16800001,0.0,0.15755942,23.970135,24.000135,2563200
hardzero_plus_depr__c0p56__z1p00__lam0p030__nu0p50__psi1p00,hardzero_plus_depr,0.08,40,801,0.0,1,0.46804255,0.46804255,1.0639566,0.0,0.08630646,0.0,0.0,3.0196986e-12,-28.093483,2.3407512,0.78025043,0.15200001,0.0,0.1527896,24.000135,24.030136,2566400
hardzero_plus_depr__c0p56__z1p00__lam0p030__nu0p50__psi1p00,hardzero_plus_depr,0.08,40,802,0.0,1,0.46804255,0.46804255,0.98980284,0.102375776,0.102375776,1.0,3.0000717e-13,2.9304508e-12,-26.317156,2.1776097,0.7258699,0.208,0.0,0.13992557,24.030136,24.060137,2569600
hardzero_plus_depr__c0p56__z1p00__lam0p030__nu0p50__psi1p00,hardzero_plus_depr,0.08,40,803,0.0,1,0.46804255,0.46804255,0.99881196,0.10027394,0.10027394,1.0,2.8516317e-13,2.8438413e-12,-26.9381,2.1974301,0.7324767,0.192,0.0,0.15686768,24.060137,24.090137,2572800
hardzero_plus_depr__c0p56__z1p00__lam0p030__nu0p50__psi1p00,hardzero_plus_depr,0.08,40,804,0.0,1,0.46804255,0.46804255,1.0579504,0.0,0.087508366,0.0,0.0,2.7597913e-12,-27.884253,2.3275373,0.77584577,0.18400002,0.0,0.14221944,24.090137,24.120138,2576000
hardzero_plus_depr__c0p56__z1p00__lam0p030__nu0p50__psi1p00,hardzero_plus_depr,0.08,40,805,0.0,1,0.46804255,0.46804255,1.0213156,0.0,0.09521041,0.0,0.0,2.678225e-12,-26.813599,2.2469392,0.74897975,0.136,0.0,0.14569798,24.120138,24.150139,2579200
hardzero_plus_depr__c0p56__z1p00__lam0p030__nu0p50__psi1p00,hardzero_plus_depr,0.08,40,806,0.0,1,0.46804255,0.46804255,1.027274,0.0,0.09391306,0.0,0.0,2.5990698e-12,-26.932077,2.260048,0.7533493,0.14,0.0,0.15268095,24.150139,24.18014,2582400
hardzero_plus_depr__c0p56__z1p00__lam0p030__nu0p50__psi1p00,hardzero_plus_depr,0.08,40,807,0.0,1,0.46804255,0.46804255,1.004406,0.0,0.09899061,0.0,0.0,2.522254e-12,-27.526535,2.2097373,0.7365791,0.136,0.008,0.1227444,24.18014,24.21014,2585600
hardzero_plus_depr__c0p56__z1p00__lam0p030__nu0p50__psi1p00,hardzero_plus_depr,0.08,40,808,0.0,1,0.46804255,0.46804255,0.9669606,0.10790446,0.10790446,1.0,2.6411864e-13,2.4477083e-12,-26.421228,2.1273558,0.7091186,0.17600001,0.0,0.13516259,24.21014,24.24014,2588800
hardzero_plus_depr__c0p56__z1p00__lam0p030__nu0p50__psi1p00,hardzero_plus_depr,0.08,40,809,0.0,1,0.46804255,0.46804255,1.042261,0.0,0.0907275,0.0,0.0,2.375366e-12,-27.417503,2.29302,0.76434004,0.16000001,0.0,0.15626788,24.24014,24.270142,2592000
hardzero_plus_depr__c0p56__z1p00__lam0p030__nu0p50__psi1p00,hardzero_plus_depr,0.08,40,810,0.0,1,0.46804255,0.46804255,1.0557944,0.0,0.087943874,0.0,0.0,2.3051617e-12,-28.235676,2.322794,0.7742647,0.192,0.0,0.15523882,24.270142,24.300142,2595200
hardzero_plus_depr__c0p56__z1p00__lam0p030__nu0p50__psi1p00,hardzero_plus_depr,0.08,40,811,0.0,1,0.46804255,0.46804255,1.0735896,0.0,0.084413216,0.0,0.0,2.2370324e-12,-27.31431,2.3619442,0.7873148,0.16000001,0.0,0.171466,24.300142,24.330143,2598400
hardzero_plus_depr__c0p56__z1p00__lam0p030__nu0p50__psi1p00,hardzero_plus_depr,0.08,40,812,0.0,1,0.46804255,0.46804255,1.0278803,0.0,0.09378204,0.0,0.0,2.1709164e-12,-26.993221,2.2613819,0.75379395,0.18400002,0.0,0.1434187,24.330143,24.360144,2601600
hardzero_plus_depr__c0p56__z1p00__lam0p030__nu0p50__psi1p00,hardzero_plus_depr,0.08,40,813,0.0,1,0.46804255,0.46804255,1.0602059,0.0,0.08705507,0.0,0.0,2.1067549e-12,-27.397049,2.3324995,0.77749985,0.16000001,0.0,0.15322584,24.360144,24.390144,2604800
hardzero_plus_depr__c0p56__z1p00__lam0p030__nu0p50__psi1p00,hardzero_plus_depr,0.08,40,814,0.0,1,0.46804255,0.46804255,1.0711037,0.0,0.08489777,0.0,0.0,2.0444896e-12,-27.48523,2.356475,0.7854917,0.120000005,0.0,0.14697583,24.390144,24.420145,2608000
hardzero_plus_depr__c0p56__z1p00__lam0p030__nu0p50__psi1p00,hardzero_plus_depr,0.08,40,815,0.0,1,0.46804255,0.46804255,1.0779673,0.0,0.08356659,0.0,0.0,1.9840642e-12,-28.806185,2.3715754,0.79052514,0.16000001,0.0,0.17728002,24.420145,24.450146,2611200
hardzero_plus_depr__c0p56__z1p00__lam0p030__nu0p50__psi1p00,hardzero_plus_depr,0.08,40,816,0.0,1,0.46804255,0.46804255,1.0362866,0.0,0.09198422,0.0,0.0,1.925425e-12,-27.02234,2.279876,0.7599587,0.136,0.0,0.13560295,24.450146,24.480146,2614400
hardzero_plus_depr__c0p56__z1p00__lam0p030__nu0p50__psi1p00,hardzero_plus_depr,0.08,40,817,0.0,1,0.46804255,0.46804255,0.99063295,0.10218027,0.10218027,1.0,1.9092575e-13,1.8685188e-12,-25.704922,2.179436,0.7264787,0.096,0.0,0.13006632,24.480146,24.510147,2617600
hardzero_plus_depr__c0p56__z1p00__lam0p030__nu0p50__psi1p00,hardzero_plus_depr,0.08,40,818,0.0,1,0.46804255,0.46804255,1.0466136,0.0,0.08982276,0.0,0.0,1.8132945e-12,-27.872087,2.3025959,0.767532,0.16000001,0.0,0.12804654,24.510147,24.540148,2620800
hardzero_plus_depr__c0p56__z1p00__lam0p030__nu0p50__psi1p00,hardzero_plus_depr,0.08,40,819,0.0,1,0.46804255,0.46804255,1.0995743,0.0,0.07951072,0.0,0.0,1.7597023e-12,-28.945364,2.4191117,0.8063706,0.14,0.0,0.14589715,24.540148,24.570148,2624000
hardzero_plus_depr__c0p56__z1p00__lam0p030__nu0p50__psi1p00,hardzero_plus_depr,0.08,40,820,0.0,1,0.46804255,0.46804255,1.1084145,0.0,0.0779086,0.0,0.0,1.7076941e-12,-28.457087,2.4385607,0.8128536,0.136,0.0,0.19214752,24.570148,24.60015,2627200
hardzero_plus_depr__c0p56__z1p00__lam0p030__nu0p50__psi1p00,hardzero_plus_depr,0.08,40,821,0.0,1,0.46804255,0.46804255,1.0873415,0.0,0.08178214,0.0,0.0,1.6572231e-12,-28.461966,2.3921993,0.79739976,0.192,0.0,0.18057163,24.60015,24.63015,2630400
hardzero_plus_depr__c0p56__z1p00__lam0p030__nu0p50__psi1p00,hardzero_plus_depr,0.08,40,822,0.0,1,0.46804255,0.46804255,1.0502311,0.0,0.08907768,0.0,0.0,1.6082435e-12,-27.062363,2.3105545,0.7701849,0.16000001,0.0,0.12675299,24.63015,24.66015,2633600
hardzero_plus_depr__c0p56__z1p00__lam0p030__nu0p50__psi1p00,hardzero_plus_depr,0.08,40,823,0.0,1,0.46804255,0.46804255,1.0259181,0.0,0.094206706,0.0,0.0,1.5607116e-12,-27.508884,2.2570648,0.752355,0.136,0.0,0.13708737,24.66015,24.690151,2636800
hardzero_plus_depr__c0p56__z1p00__lam0p030__nu0p50__psi1p00,hardzero_plus_depr,0.08,40,824,0.0,1,0.46804255,0.46804255,1.0645084,0.0,0.08619688,0.0,0.0,1.5145847e-12,-27.24916,2.3419654,0.78065515,0.080000006,0.0,0.12965226,24.690151,24.720152,2640000
hardzero_plus_depr__c0p56__z1p00__lam0p030__nu0p50__psi1p00,hardzero_plus_depr,0.08,40,825,0.0,1,0.46804255,0.46804255,1.0427837,0.0,0.09061838,0.0,0.0,1.4698209e-12,-28.458418,2.2941701,0.7647234,0.17600001,0.0,0.1622909,24.720152,24.750153,2643200
hardzero_plus_depr__c0p56__z1p00__lam0p030__nu0p50__psi1p00,hardzero_plus_depr,0.08,40,826,0.0,1,0.46804255,0.46804255,0.9911701,0.10205396,0.10205396,1.0,1.4556776e-13,1.4263803e-12,-26.688742,2.1806178,0.7268726,0.16800001,0.0,0.1573089,24.750153,24.780153,2646400
hardzero_plus_depr__c0p56__z1p00__lam0p030__nu0p50__psi1p00,hardzero_plus_depr,0.08,40,827,0.0,1,0.46804255,0.46804255,1.0447248,0.0,0.090214245,0.0,0.0,1.3842232e-12,-27.53158,2.2984405,0.76614684,0.16000001,0.0,0.13940448,24.780153,24.810154,2649600
hardzero_plus_depr__c0p56__z1p00__lam0p030__nu0p50__psi1p00,hardzero_plus_depr,0.08,40,828,0.0,1,0.46804255,0.46804255,0.991086,0.10207372,0.10207372,1.0,1.371169e-13,1.3433124e-12,-27.011097,2.1804328,0.72681093,0.120000005,0.0,0.13924569,24.810154,24.840155,2652800
hardzero_plus_depr__c0p56__z1p00__lam0p030__nu0p50__psi1p00,hardzero_plus_depr,0.08,40,829,0.0,1,0.46804255,0.46804255,1.0249296,0.0,0.09442139,0.0,0.0,1.3036105e-12,-27.027853,2.2548902,0.75163007,0.14400001,0.0,0.14090401,24.840155,24.870155,2656000
hardzero_plus_depr__c0p56__z1p00__lam0p030__nu0p50__psi1p00,hardzero_plus_depr,0.08,40,830,0.0,1,0.46804255,0.46804255,1.0197493,0.0,0.09555442,0.0,0.0,1.2650823e-12,-26.55035,2.2434933,0.7478311,0.16000001,0.0,0.15047847,24.870155,24.900156,2659200
hardzero_plus_depr__c0p56__z1p00__lam0p030__nu0p50__psi1p00,hardzero_plus_depr,0.08,40,831,0.0,1,0.46804255,0.46804255,0.9790111,0.10495155,0.10495155,1.0,1.2884825e-13,1.2276926e-12,-26.12355,2.1538675,0.7179558,0.18400002,0.0,0.16090791,24.900156,24.930157,2662400
hardzero_plus_depr__c0p56__z1p00__lam0p030__nu0p50__psi1p00,hardzero_plus_depr,0.08,40,832,0.0,1,0.46804255,0.46804255,0.9752518,0.10586397,0.10586397,1.0,1.2612718e-13,1.1914079e-12,-26.246826,2.1455967,0.71519893,0.21,0.0,0.14866532,24.930157,24.960157,2665600
hardzero_plus_depr__c0p56__z1p00__lam0p030__nu0p50__psi1p00,hardzero_plus_depr,0.08,40,833,0.0,1,0.46804255,0.46804255,1.073057,0.0,0.08451678,0.0,0.0,1.1561957e-12,-27.865614,2.3607726,0.78692424,0.16000001,0.0,0.1461568,24.960157,24.990158,2668800
hardzero_plus_depr__c0p56__z1p00__lam0p030__nu0p50__psi1p00,hardzero_plus_depr,0.08,40,834,0.0,1,0.46804255,0.46804255,1.039224,0.0,0.09136417,0.0,0.0,1.1220242e-12,-28.082813,2.2863386,0.76211286,0.136,0.0,0.17303213,24.990158,25.020159,2672000
hardzero_plus_depr__c0p56__z1p00__lam0p030__nu0p50__psi1p00,hardzero_plus_depr,0.08,40,835,0.0,1,0.46804255,0.46804255,0.99665993,0.10077203,0.10077203,1.0,1.097269e-13,1.0888626e-12,-26.242048,2.1926956,0.73089856,0.16000001,0.0,0.14592166,25.020159,25.05016,2675200
hardzero_plus_depr__c0p56__z1p00__lam0p030__nu0p50__psi1p00,hardzero_plus_depr,0.08,40,836,0.0,1,0.46804255,0.46804255,1.0214771,0.0,0.095175005,0.0,0.0,1.0566812e-12,-27.974236,2.2472944,0.7490982,0.120000005,0.0,0.15388697,25.05016,25.08016,2678400
hardzero_plus_depr__c0p56__z1p00__lam0p030__nu0p50__psi1p00,hardzero_plus_depr,0.08,40,837,0.0,1,0.46804255,0.46804255,1.0648035,0.0,0.08613835,0.0,0.0,1.0254508e-12,-27.217085,2.3426144,0.7808715,0.192,0.0,0.15323247,25.08016,25.11016,2681600
hardzero_plus_depr__c0p56__z1p00__lam0p030__nu0p50__psi1p00,hardzero_plus_depr,0.08,40,838,0.0,1,0.46804255,0.46804255,1.0596471,0.0,0.08716716,0.0,0.0,9.951434e-13,-28.332813,2.3312702,0.7770901,0.16000001,0.0,0.16483782,25.11016,25.140162,2684800
hardzero_plus_depr__c0p56__z1p00__lam0p030__nu0p50__psi1p00,hardzero_plus_depr,0.08,40,839,0.0,1,0.46804255,0.46804255,1.1052457,0.0,0.07847915,0.0,0.0,9.657319e-13,-29.128632,2.4315891,0.8105297,0.18400002,0.0,0.19487302,25.140162,25.170162,2688000
hardzero_plus_depr__c0p56__z1p00__lam0p030__nu0p50__psi1p00,hardzero_plus_depr,0.08,40,840,0.0,1,0.46804255,0.46804255,1.1379799,0.0,0.072781354,0.0,0.0,9.371896e-13,-29.904081,2.5036056,0.83453524,0.18400002,0.0,0.18333305,25.170162,25.200163,2691200
hardzero_plus_depr__c0p56__z1p00__lam0p030__nu0p50__psi1p00,hardzero_plus_depr,0.08,40,841,0.0,1,0.46804255,0.46804255,0.9972151,0.10064331,0.10064331,1.0,9.1534155e-14,9.0949074e-13,-26.995615,2.193917,0.7313057,0.16800001,0.0,0.13841543,25.200163,25.230164,2694400
hardzero_plus_depr__c0p56__z1p00__lam0p030__nu0p50__psi1p00,hardzero_plus_depr,0.08,40,842,0.0,1,0.46804255,0.46804255,1.0574144,0.0,0.08761642,0.0,0.0,8.826106e-13,-26.740732,2.326358,0.77545273,0.120000005,0.0,0.13852867,25.230164,25.260164,2697600
hardzero_plus_depr__c0p56__z1p00__lam0p030__nu0p50__psi1p00,hardzero_plus_depr,0.08,40,843,0.0,1,0.46804255,0.46804255,1.0651635,0.0,0.08606697,0.0,0.0,8.56525e-13,-28.054304,2.3434064,0.7811355,0.104,0.0,0.17401063,25.260164,25.290165,2700800
hardzero_plus_depr__c0p56__z1p00__lam0p030__nu0p50__psi1p00,hardzero_plus_depr,0.08,40,844,0.0,1,0.46804255,0.46804255,1.0312222,0.0,0.09306316,0.0,0.0,8.3121026e-13,-27.772562,2.2687342,0.7562448,0.136,0.0,0.14983235,25.290165,25.320166,2704000
hardzero_plus_depr__c0p56__z1p00__lam0p030__nu0p50__psi1p00,hardzero_plus_depr,0.08,40,845,0.0,1,0.46804255,0.46804255,1.0996501,0.0,0.079496846,0.0,0.0,8.066437e-13,-28.745443,2.4192786,0.8064262,0.11,0.0,0.14755473,25.320166,25.350166,2707200
hardzero_plus_depr__c0p56__z1p00__lam0p030__nu0p50__psi1p00,hardzero_plus_depr,0.08,40,846,0.0,1,0.46804255,0.46804255,1.0625967,0.0,0.08657715,0.0,0.0,7.828033e-13,-27.329239,2.3377593,0.7792531,0.112,0.0,0.14916654,25.350166,25.380167,2710400
hardzero_plus_depr__c0p56__z1p00__lam0p030__nu0p50__psi1p00,hardzero_plus_depr,0.08,40,847,0.0,1,0.46804255,0.46804255,1.0193659,0.0,0.09563879,0.0,0.0,7.596674e-13,-26.702578,2.2426498,0.74754995,0.120000005,0.0,0.13332546,25.380167,25.410168,2713600
hardzero_plus_depr__c0p56__z1p00__lam0p030__nu0p50__psi1p00,hardzero_plus_depr,0.08,40,848,0.0,1,0.46804255,0.46804255,1.123634,0.0,0.075225666,0.0,0.0,7.3721536e-13,-29.035448,2.4720442,0.8240148,0.136,0.0,0.19271779,25.410168,25.440168,2716800
hardzero_plus_depr__c0p56__z1p00__lam0p030__nu0p50__psi1p00,hardzero_plus_depr,0.08,40,849,0.0,1,0.46804255,0.46804255,1.0531646,0.0,0.088478014,0.0,0.0,7.1542685e-13,-27.683584,2.3170085,0.7723362,0.17600001,0.0,0.15644692,25.440168,25.47017,2720000
hardzero_plus_depr__c0p56__z1p00__lam0p030__nu0p50__psi1p00,hardzero_plus_depr,0.08,40,850,0.0,1,0.46804255,0.46804255,1.0393066,0.0,0.09134681,0.0,0.0,6.942823e-13,-26.883055,2.2865202,0.7621734,0.16800001,0.008,0.14563727,25.47017,25.50017,2723200
hardzero_plus_depr__c0p56__z1p00__lam0p030__nu0p50__psi1p00,hardzero_plus_depr,0.08,40,851,0.0,1,0.46804255,0.46804255,1.0667336,0.0,0.08575636,0.0,0.0,6.7376275e-13,-27.736849,2.346861,0.782287,0.14400001,0.0,0.13552967,25.50017,25.53017,2726400
hardzero_plus_depr__c0p56__z1p00__lam0p030__nu0p50__psi1p00,hardzero_plus_depr,0.08,40,852,0.0,1,0.46804255,0.46804255,1.011662,0.0,0.09735045,0.0,0.0,6.5384953e-13,-26.87993,2.2257009,0.7419003,0.128,0.0,0.14104772,25.53017,25.560171,2729600
hardzero_plus_depr__c0p56__z1p00__lam0p030__nu0p50__psi1p00,hardzero_plus_depr,0.08,40,853,0.0,1,0.46804255,0.46804255,1.0800002,0.0,0.083176345,0.0,0.0,6.3452493e-13,-27.582533,2.3760478,0.79201597,0.128,0.0,0.17387587,25.560171,25.590172,2732800
hardzero_plus_depr__c0p56__z1p00__lam0p030__nu0p50__psi1p00,hardzero_plus_depr,0.08,40,854,0.0,1,0.46804255,0.46804255,1.0555745,0.0,0.0879884,0.0,0.0,6.1577143e-13,-27.183664,2.3223104,0.7741035,0.104,0.0,0.14424162,25.590172,25.620173,2736000
hardzero_plus_depr__c0p56__z1p00__lam0p030__nu0p50__psi1p00,hardzero_plus_depr,0.08,40,855,0.0,1,0.46804255,0.46804255,1.0514617,0.0,0.08882562,0.0,0.0,5.9757223e-13,-27.43243,2.313262,0.77108735,0.17600001,0.0,0.16789736,25.620173,25.650173,2739200
hardzero_plus_depr__c0p56__z1p00__lam0p030__nu0p50__psi1p00,hardzero_plus_depr,0.08,40,856,0.0,1,0.46804255,0.46804255,1.0441176,0.0,0.09034049,0.0,0.0,5.7991096e-13,-27.038063,2.2971046,0.76570153,0.15200001,0.0,0.12986636,25.650173,25.680174,2742400
hardzero_plus_depr__c0p56__z1p00__lam0p030__nu0p50__psi1p00,hardzero_plus_depr,0.08,40,857,0.0,1,0.46804255,0.46804255,1.0717087,0.0,0.08477958,0.0,0.0,5.6277156e-13,-27.71317,2.3578062,0.7859354,0.128,0.0,0.14790629,25.680174,25.710175,2745600
hardzero_plus_depr__c0p56__z1p00__lam0p030__nu0p50__psi1p00,hardzero_plus_depr,0.08,40,858,0.0,1,0.46804255,0.46804255,1.059703,0.0,0.08715594,0.0,0.0,5.461388e-13,-27.843641,2.3313932,0.7771311,0.099999994,0.0,0.14644398,25.710175,25.740175,2748800
hardzero_plus_depr__c0p56__z1p00__lam0p030__nu0p50__psi1p00,hardzero_plus_depr,0.08,40,859,0.0,1,0.46804255,0.46804255,0.9733014,0.10634047,0.10634047,1.0,5.6360197e-14,5.2999765e-13,-25.942036,2.141306,0.71376866,0.16000001,0.0,0.14662504,25.740175,25.770176,2752000
hardzero_plus_depr__c0p56__z1p00__lam0p030__nu0p50__psi1p00,hardzero_plus_depr,0.08,40,860,0.0,1,0.46804255,0.46804255,0.98830146,0.10273031,0.10273031,1.0,5.2837634e-14,5.143334e-13,-26.945002,2.1743066,0.7247689,0.120000005,0.0,0.15142825,25.770176,25.800177,2755200
hardzero_plus_depr__c0p56__z1p00__lam0p030__nu0p50__psi1p00,hardzero_plus_depr,0.08,40,861,0.0,1,0.46804255,0.46804255,1.0037619,0.0,0.099137545,0.0,0.0,4.991323e-13,-27.069368,2.2083201,0.73610675,0.2,0.0,0.14184761,25.800177,25.830177,2758400
hardzero_plus_depr__c0p56__z1p00__lam0p030__nu0p50__psi1p00,hardzero_plus_depr,0.08,40,862,0.0,1,0.46804255,0.46804255,1.096894,0.0,0.080002934,0.0,0.0,4.8438033e-13,-28.587515,2.4132152,0.8044051,0.14400001,0.0,0.14282867,25.830177,25.860178,2761600
hardzero_plus_depr__c0p56__z1p00__lam0p030__nu0p50__psi1p00,hardzero_plus_depr,0.08,40,863,0.0,1,0.46804255,0.46804255,1.0128872,0.0,0.097076185,0.0,0.0,4.700644e-13,-26.372143,2.2283964,0.7427988,0.128,0.0,0.16021389,25.860178,25.890179,2764800
hardzero_plus_depr__c0p56__z1p00__lam0p030__nu0p50__psi1p00,hardzero_plus_depr,0.08,40,864,0.0,1,0.46804255,0.46804255,0.98550034,0.10339502,0.10339502,1.0,4.7165874e-14,4.561716e-13,-26.932213,2.168144,0.72271466,0.128,0.0,0.1292567,25.890179,25.92018,2768000
hardzero_plus_depr__c0p56__z1p00__lam0p030__nu0p50__psi1p00,hardzero_plus_depr,0.08,40,865,0.0,1,0.46804255,0.46804255,1.0089208,0.0,0.09796685,0.0,0.0,4.4268937e-13,-26.438183,2.21967,0.73989004,0.17600001,0.0,0.15082355,25.92018,25.95018,2771200
hardzero_plus_depr__c0p56__z1p00__lam0p030__nu0p50__psi1p00,hardzero_plus_depr,0.08,40,866,0.0,1,0.46804255,0.46804255,1.0468493,0.0,0.089774035,0.0,0.0,4.2960565e-13,-28.008564,2.3031144,0.76770484,0.064,0.0,0.16829513,25.95018,25.98018,2774400
hardzero_plus_depr__c0p56__z1p00__lam0p030__nu0p50__psi1p00,hardzero_plus_depr,0.08,40,867,0.0,1,0.46804255,0.46804255,1.0334735,0.0,0.092581995,0.0,0.0,4.169086e-13,-26.788874,2.2736871,0.7578957,0.104,0.0,0.15311776,25.98018,26.010181,2777600
hardzero_plus_depr__c0p56__z1p00__lam0p030__nu0p50__psi1p00,hardzero_plus_depr,0.08,40,868,0.0,1,0.46804255,0.46804255,1.037652,0.0,0.0916955,0.0,0.0,4.0458682e-13,-27.321722,2.28288,0.76096004,0.136,0.0,0.14834805,26.010181,26.040182,2780800
hardzero_plus_depr__c0p56__z1p00__lam0p030__nu0p50__psi1p00,hardzero_plus_depr,0.08,40,869,0.0,1,0.46804255,0.46804255,1.0058465,0.0,0.09866281,0.0,0.0,3.9262918e-13,-27.628773,2.2129064,0.7376355,0.17600001,0.0,0.16357094,26.040182,26.070183,2784000
hardzero_plus_depr__c0p56__z1p00__lam0p030__nu0p50__psi1p00,hardzero_plus_depr,0.08,40,870,0.0,1,0.46804255,0.46804255,1.0540334,0.0,0.08830119,0.0,0.0,3.81025e-13,-27.566591,2.31892,0.7729733,0.16000001,0.0,0.16285959,26.070183,26.100183,2787200
hardzero_plus_depr__c0p56__z1p00__lam0p030__nu0p50__psi1p00,hardzero_plus_depr,0.08,40,871,0.0,1,0.46804255,0.46804255,1.0797118,0.0,0.08323158,0.0,0.0,3.6976374e-13,-27.824203,2.3754134,0.7918045,0.11,0.0,0.16085151,26.100183,26.130184,2790400
hardzero_plus_depr__c0p56__z1p00__lam0p030__nu0p50__psi1p00,hardzero_plus_depr,0.08,40,872,0.0,1,0.46804255,0.46804255,1.0213182,0.0,0.09520982,0.0,0.0,3.588353e-13,-28.032858,2.246945,0.74898165,0.17600001,0.0,0.15886633,26.130184,26.160185,2793600
hardzero_plus_depr__c0p56__z1p00__lam0p030__nu0p50__psi1p00,hardzero_plus_depr,0.08,40,873,0.0,1,0.46804255,0.46804255,1.0534446,0.0,0.088420995,0.0,0.0,3.482299e-13,-27.645578,2.3176246,0.7725415,0.128,0.0,0.15272835,26.160185,26.190186,2796800
hardzero_plus_depr__c0p56__z1p00__lam0p030__nu0p50__psi1p00,hardzero_plus_depr,0.08,40,874,0.0,1,0.46804255,0.46804255,0.98728985,0.102969855,0.102969855,1.0,3.4797418e-14,3.379379e-13,-27.11133,2.172081,0.72402704,0.15200001,0.008,0.14106786,26.190186,26.220186,2800000
hardzero_plus_depr__c0p56__z1p00__lam0p030__nu0p50__psi1p00,hardzero_plus_depr,0.08,40,875,0.0,1,0.46804255,0.46804255,1.0325919,0.0,0.09277009,0.0,0.0,3.2795012e-13,-28.205185,2.2717476,0.75724924,0.2,0.0,0.18759875,26.220186,26.250187,2803200
hardzero_plus_depr__c0p56__z1p00__lam0p030__nu0p50__psi1p00,hardzero_plus_depr,0.08,40,876,0.0,1,0.46804255,0.46804255,1.0676818,0.0,0.08556935,0.0,0.0,3.182575e-13,-28.470846,2.3489468,0.7829823,0.24800001,0.0,0.15142095,26.250187,26.280188,2806400
hardzero_plus_depr__c0p56__z1p00__lam0p030__nu0p50__psi1p00,hardzero_plus_depr,0.08,40,877,0.0,1,0.46804255,0.46804255,1.0261486,0.0,0.09415674,0.0,0.0,3.088514e-13,-28.07447,2.257572,0.752524,0.15200001,0.0,0.14935602,26.280188,26.310188,2809600
hardzero_plus_depr__c0p56__z1p00__lam0p030__nu0p50__psi1p00,hardzero_plus_depr,0.08,40,878,0.0,1,0.46804255,0.46804255,1.0315006,0.0,0.093003534,0.0,0.0,2.9972322e-13,-27.53462,2.2693467,0.7564489,0.120000005,0.0,0.12217387,26.310188,26.340189,2812800
hardzero_plus_depr__c0p56__z1p00__lam0p030__nu0p50__psi1p00,hardzero_plus_depr,0.08,40,879,0.0,1,0.46804255,0.46804255,1.030233,0.0,0.09327536,0.0,0.0,2.9086485e-13,-27.46168,2.266558,0.75551933,0.14400001,0.0,0.14850572,26.340189,26.37019,2816000
hardzero_plus_depr__c0p56__z1p00__lam0p030__nu0p50__psi1p00,hardzero_plus_depr,0.08,40,880,0.0,1,0.46804255,0.46804255,1.0400686,0.0,0.09118668,0.0,0.0,2.822683e-13,-27.78109,2.2881966,0.7627322,0.216,0.0,0.1841593,26.37019,26.40019,2819200
hardzero_plus_depr__c0p56__z1p00__lam0p030__nu0p50__psi1p00,hardzero_plus_depr,0.08,40,881,0.0,1,0.46804255,0.46804255,1.0472045,0.0,0.08970063,0.0,0.0,2.7392582e-13,-27.40088,2.303896,0.7679653,0.14400001,0.0,0.13233195,26.40019,26.430191,2822400
hardzero_plus_depr__c0p56__z1p00__lam0p030__nu0p50__psi1p00,hardzero_plus_depr,0.08,40,882,0.0,1,0.46804255,0.46804255,0.99034584,0.102247834,0.102247834,1.0,2.7180533e-14,2.6582992e-13,-26.919346,2.1788044,0.7262682,0.17600001,0.0,0.12798068,26.430191,26.460192,2825600
hardzero_plus_depr__c0p56__z1p00__lam0p030__nu0p50__psi1p00,hardzero_plus_depr,0.08,40,883,0.0,1,0.46804255,0.46804255,1.0643684,0.0,0.08622468,0.0,0.0,2.5797328e-13,-28.173567,2.3416572,0.7805524,0.17600001,0.0,0.18076605,26.460192,26.490192,2828800
hardzero_plus_depr__c0p56__z1p00__lam0p030__nu0p50__psi1p00,hardzero_plus_depr,0.08,40,884,0.0,1,0.46804255,0.46804255,1.005471,0.0,0.09874816,0.0,0.0,2.5034884e-13,-27.105724,2.2120802,0.7373601,0.16,0.0,0.12596223,26.490192,26.520193,2832000
hardzero_plus_depr__c0p56__z1p00__lam0p030__nu0p50__psi1p00,hardzero_plus_depr,0.08,40,885,0.0,1,0.46804255,0.46804255,1.0674206,0.0,0.08562081,0.0,0.0,2.4294976e-13,-27.153978,2.3483722,0.7827908,0.15200001,0.0,0.14851704,26.520193,26.550194,2835200
hardzero_plus_depr__c0p56__z1p00__lam0p030__nu0p50__psi1p00,hardzero_plus_depr,0.08,40,886,0.0,1,0.46804255,0.46804255,1.0538892,0.0,0.088330515,0.0,0.0,2.3576933e-13,-27.123993,2.3186026,0.77286756,0.136,0.0,0.1338633,26.550194,26.580194,2838400
hardzero_plus_depr__c0p56__z1p00__lam0p030__nu0p50__psi1p00,hardzero_plus_depr,0.08,40,887,0.0,1,0.46804255,0.46804255,0.98483557,0.103553414,0.103553414,1.0,2.369314e-14,2.2880114e-13,-24.879805,2.1666815,0.7222272,0.224,0.0,0.12785202,26.580194,26.610195,2841600
hardzero_plus_depr__c0p56__z1p00__lam0p030__nu0p50__psi1p00,hardzero_plus_depr,0.08,40,888,0.0,1,0.46804255,0.46804255,1.0499474,0.0,0.08913589,0.0,0.0,2.220389e-13,-27.338425,2.3099303,0.7699768,0.14400001,0.0,0.1256024,26.610195,26.640196,2844800
hardzero_plus_depr__c0p56__z1p00__lam0p030__nu0p50__psi1p00,hardzero_plus_depr,0.08,40,889,0.0,1,0.46804255,0.46804255,1.0419475,0.0,0.09079303,0.0,0.0,2.1547651e-13,-27.361103,2.2923303,0.7641101,0.14400001,0.0,0.13772732,26.640196,26.670197,2848000
hardzero_plus_depr__c0p56__z1p00__lam0p030__nu0p50__psi1p00,hardzero_plus_depr,0.08,40,890,0.0,1,0.46804255,0.46804255,1.03075,0.0,0.09316439,0.0,0.0,2.0910807e-13,-27.089178,2.2676954,0.7558985,0.15200001,0.0,0.17409746,26.670197,26.700197,2851200
hardzero_plus_depr__c0p56__z1p00__lam0p030__nu0p50__psi1p00,hardzero_plus_depr,0.08,40,891,0.0,1,0.46804255,0.46804255,1.0202247,0.0,0.09544986,0.0,0.0,2.0292784e-13,-26.673489,2.2445393,0.7481798,0.112,0.0,0.14800675,26.700197,26.730198,2854400
hardzero_plus_depr__c0p56__z1p00__lam0p030__nu0p50__psi1p00,hardzero_plus_depr,0.08,40,892,0.0,1,0.46804255,0.46804255,1.0026401,0.0,0.09939392,0.0,0.0,1.969303e-13,-26.642435,2.2058523,0.7352841,0.16800001,0.0,0.12855981,26.730198,26.760199,2857600
hardzero_plus_depr__c0p56__z1p00__lam0p030__nu0p50__psi1p00,hardzero_plus_depr,0.08,40,893,0.0,1,0.46804255,0.46804255,0.9868959,0.10306331,0.10306331,1.0,1.9696428e-14,1.9111e-13,-26.746271,2.1712143,0.72373813,0.15200001,0.0,0.13962093,26.760199,26.7902,2860800
hardzero_plus_depr__c0p56__z1p00__lam0p030__nu0p50__psi1p00,hardzero_plus_depr,0.08,40,894,0.0,1,0.46804255,0.46804255,1.0260446,0.0,0.09417929,0.0,0.0,1.8546171e-13,-27.33874,2.2573433,0.7524478,0.120000005,0.0,0.1407533,26.7902,26.8202,2864000
hardzero_plus_depr__c0p56__z1p00__lam0p030__nu0p50__psi1p00,hardzero_plus_depr,0.08,40,895,0.0,1,0.46804255,0.46804255,1.0485663,0.0,0.08941979,0.0,0.0,1.7998037e-13,-28.162037,2.306892,0.768964,0.16800001,0.0,0.15631488,26.8202,26.8502,2867200
hardzero_plus_depr__c0p56__z1p00__lam0p030__nu0p50__psi1p00,hardzero_plus_depr,0.08,40,896,0.0,1,0.46804255,0.46804255,1.0743353,0.0,0.08426837,0.0,0.0,1.7466101e-13,-28.586308,2.363585,0.7878617,0.112,0.0,0.15992935,26.8502,26.880201,2870400
hardzero_plus_depr__c0p56__z1p00__lam0p030__nu0p50__psi1p00,hardzero_plus_depr,0.08,40,897,0.0,1,0.46804255,0.46804255,1.0210131,0.0,0.095276736,0.0,0.0,1.694989e-13,-26.565535,2.2462738,0.74875796,0.21,0.0,0.13743141,26.880201,26.910202,2873600
hardzero_plus_depr__c0p56__z1p00__lam0p030__nu0p50__psi1p00,hardzero_plus_depr,0.08,40,898,0.0,1,0.46804255,0.46804255,1.0107782,0.0,0.09754877,0.0,0.0,1.6448933e-13,-27.848633,2.2237563,0.7412521,0.192,0.0,0.25561464,26.910202,26.940203,2876800
hardzero_plus_depr__c0p56__z1p00__lam0p030__nu0p50__psi1p00,hardzero_plus_depr,0.08,40,899,0.0,1,0.46804255,0.46804255,0.9862082,0.10322665,0.10322665,1.0,1.6477845e-14,1.5962783e-13,-26.682133,2.1697013,0.7232338,0.16800001,0.0,0.1312708,26.940203,26.970203,2880000
hardzero_plus_depr__c0p56__z1p00__lam0p030__nu0p50__psi1p00,hardzero_plus_depr,0.08,40,900,0.0,1,0.46804255,0.46804255,1.0673738,0.0,0.08563007,0.0,0.0,1.5491001e-13,-28.672121,2.3482692,0.78275645,0.096,0.0,0.13904986,26.970203,27.000204,2883200
hardzero_plus_depr__c0p56__z1p00__lam0p030__nu0p50__psi1p00,hardzero_plus_depr,0.08,40,901,0.0,1,0.46804255,0.46804255,1.0176413,0.0,0.096019335,0.0,0.0,1.5033162e-13,-26.426182,2.2388556,0.7462852,0.08800001,0.0,0.123462506,27.000204,27.030205,2886400
hardzero_plus_depr__c0p56__z1p00__lam0p030__nu0p50__psi1p00,hardzero_plus_depr,0.08,40,902,0.0,1,0.46804255,0.46804255,1.0422732,0.0,0.090724975,0.0,0.0,1.4588856e-13,-28.139544,2.2930467,0.7643489,0.120000005,0.0,0.15227582,27.030205,27.060205,2889600
hardzero_plus_depr__c0p56__z1p00__lam0p030__nu0p50__psi1p00,hardzero_plus_depr,0.08,40,903,0.0,1,0.46804255,0.46804255,1.0067763,0.0,0.0984518,0.0,0.0,1.4157679e-13,-26.996317,2.2149522,0.73831743,0.16000001,0.0,0.15629527,27.060205,27.090206,2892800
hardzero_plus_depr__c0p56__z1p00__lam0p030__nu0p50__psi1p00,hardzero_plus_depr,0.08,40,904,0.0,1,0.46804255,0.46804255,1.0247761,0.0,0.09445477,0.0,0.0,1.3739247e-13,-27.885704,2.2545524,0.7515175,0.14400001,0.0,0.13552023,27.090206,27.120207,2896000
hardzero_plus_depr__c0p56__z1p00__lam0p030__nu0p50__psi1p00,hardzero_plus_depr,0.08,40,905,0.0,1,0.46804255,0.46804255,1.0424273,0.0,0.09069277,0.0,0.0,1.3333181e-13,-27.8516,2.2933857,0.76446193,0.15200001,0.0,0.13922018,27.120207,27.150208,2899200
hardzero_plus_depr__c0p56__z1p00__lam0p030__nu0p50__psi1p00,hardzero_plus_depr,0.08,40,906,0.0,1,0.46804255,0.46804255,1.0115471,0.0,0.09737621,0.0,0.0,1.2939117e-13,-27.058104,2.2254481,0.74181604,0.17600001,0.0,0.14184362,27.150208,27.180208,2902400
hardzero_plus_depr__c0p56__z1p00__lam0p030__nu0p50__psi1p00,hardzero_plus_depr,0.08,40,907,0.0,1,0.46804255,0.46804255,1.0000495,0.0,0.099988595,0.0,0.0,1.2556701e-13,-27.189384,2.2001529,0.7333843,0.23200001,0.0,0.17273468,27.180208,27.210209,2905600
hardzero_plus_depr__c0p56__z1p00__lam0p030__nu0p50__psi1p00,hardzero_plus_depr,0.08,40,908,0.0,1,0.46804255,0.46804255,1.044634,0.0,0.09023312,0.0,0.0,1.2185587e-13,-28.195644,2.2982407,0.76608026,0.14400001,0.0,0.17610177,27.210209,27.24021,2908800
hardzero_plus_depr__c0p56__z1p00__lam0p030__nu0p50__psi1p00,hardzero_plus_depr,0.08,40,909,0.0,1,0.46804255,0.46804255,1.010194,0.0,0.0976801,0.0,0.0,1.1825439e-13,-27.333096,2.222471,0.7408237,0.2,0.0,0.14660452,27.24021,27.27021,2912000
hardzero_plus_depr__c0p56__z1p00__lam0p030__nu0p50__psi1p00,hardzero_plus_depr,0.08,40,910,0.0,1,0.46804255,0.46804255,1.0287274,0.0,0.09359929,0.0,0.0,1.1475937e-13,-26.549765,2.2632456,0.7544152,0.14,0.0,0.14908397,27.27021,27.30021,2915200
hardzero_plus_depr__c0p56__z1p00__lam0p030__nu0p50__psi1p00,hardzero_plus_depr,0.08,40,911,0.0,1,0.46804255,0.46804255,0.960727,0.10946444,0.10946444,1.0,1.21907955e-14,1.11367634e-13,-26.570885,2.1136415,0.70454717,0.192,0.0,0.13012582,27.30021,27.330212,2918400
hardzero_plus_depr__c0p56__z1p00__lam0p030__nu0p50__psi1p00,hardzero_plus_depr,0.08,40,912,0.0,1,0.46804255,0.46804255,0.9698089,0.107199095,0.107199095,1.0,1.1585666e-14,1.0807615e-13,-26.378618,2.1336222,0.7112074,0.2,0.0,0.12669311,27.330212,27.360212,2921600
hardzero_plus_depr__c0p56__z1p00__lam0p030__nu0p50__psi1p00,hardzero_plus_depr,0.08,40,913,0.0,1,0.46804255,0.46804255,1.028838,0.0,0.09357546,0.0,0.0,1.0488195e-13,-27.139854,2.2634888,0.7544963,0.18400002,0.0,0.12830944,27.360212,27.390213,2924800
hardzero_plus_depr__c0p56__z1p00__lam0p030__nu0p50__psi1p00,hardzero_plus_depr,0.08,40,914,0.0,1,0.46804255,0.46804255,1.1019006,0.0,0.07908597,0.0,0.0,1.0178214e-13,-28.194092,2.4242296,0.80807656,0.104,0.0,0.17481214,27.390213,27.420214,2928000
hardzero_plus_depr__c0p56__z1p00__lam0p030__nu0p50__psi1p00,hardzero_plus_depr,0.08,40,915,0.0,1,0.46804255,0.46804255,0.9869879,0.10304149,0.10304149,1.0,1.0177817e-14,9.877396e-14,-26.30188,2.1714168,0.7238056,0.16800001,0.0,0.13698627,27.420214,27.450214,2931200
hardzero_plus_depr__c0p56__z1p00__lam0p030__nu0p50__psi1p00,hardzero_plus_depr,0.08,40,916,0.0,1,0.46804255,0.46804255,1.0548586,0.0,0.08813358,0.0,0.0,9.585469e-14,-27.429129,2.3207352,0.7735784,0.136,0.0,0.15337737,27.450214,27.480215,2934400
hardzero_plus_depr__c0p56__z1p00__lam0p030__nu0p50__psi1p00,hardzero_plus_depr,0.08,40,917,0.0,1,0.46804255,0.46804255,1.0627649,0.0,0.08654363,0.0,0.0,9.3021694e-14,-28.377249,2.3381295,0.7793765,0.18400002,0.0,0.18327475,27.480215,27.510216,2937600
hardzero_plus_depr__c0p56__z1p00__lam0p030__nu0p50__psi1p00,hardzero_plus_depr,0.08,40,918,0.0,1,0.46804255,0.46804255,1.0573753,0.0,0.08762433,0.0,0.0,9.0272414e-14,-27.826746,2.3262722,0.7754241,0.112,0.0,0.1372609,27.510216,27.540216,2940800
hardzero_plus_depr__c0p56__z1p00__lam0p030__nu0p50__psi1p00,hardzero_plus_depr,0.08,40,919,0.0,1,0.46804255,0.46804255,1.0529983,0.0,0.0885119,0.0,0.0,8.76044e-14,-28.286646,2.3166425,0.7722142,0.128,0.0,0.17608026,27.540216,27.570217,2944000
hardzero_plus_depr__c0p56__z1p00__lam0p030__nu0p50__psi1p00,hardzero_plus_depr,0.08,40,920,0.0,1,0.46804255,0.46804255,0.9965909,0.10078805,0.10078805,1.0,8.568521e-15,8.501525e-14,-26.462076,2.1925437,0.73084795,0.224,0.0,0.14524038,27.570217,27.600218,2947200
hardzero_plus_depr__c0p56__z1p00__lam0p030__nu0p50__psi1p00,hardzero_plus_depr,0.08,40,921,0.0,1,0.46804255,0.46804255,1.0139236,0.0,0.0968448,0.0,0.0,8.250261e-14,-26.318346,2.2306767,0.7435589,0.208,0.0,0.14753635,27.600218,27.630219,2950400
hardzero_plus_depr__c0p56__z1p00__lam0p030__nu0p50__psi1p00,hardzero_plus_depr,0.08,40,922,0.0,1,0.46804255,0.46804255,1.0244217,0.0,0.09453189,0.0,0.0,8.006424e-14,-26.975965,2.2537727,0.7512576,0.17600001,0.0,0.111060396,27.630219,27.66022,2953600
hardzero_plus_depr__c0p56__z1p00__lam0p030__nu0p50__psi1p00,hardzero_plus_depr,0.08,40,923,0.0,1,0.46804255,0.46804255,0.97544295,0.10581739,0.10581739,1.0,8.221791e-15,7.769792e-14,-26.10452,2.1460173,0.7153391,0.17999999,0.0,0.108558565,27.66022,27.69022,2956800
hardzero_plus_depr__c0p56__z1p00__lam0p030__nu0p50__psi1p00,hardzero_plus_depr,0.08,40,924,0.0,1,0.46804255,0.46804255,1.0122571,0.0,0.09721715,0.0,0.0,7.540155e-14,-27.972149,2.22701,0.7423367,0.17600001,0.0,0.18138736,27.69022,27.72022,2960000
hardzero_plus_depr__c0p56__z1p00__lam0p030__nu0p50__psi1p00,hardzero_plus_depr,0.08,40,925,0.0,1,0.46804255,0.46804255,1.0297142,0.0,0.09338686,0.0,0.0,7.3173055e-14,-27.473938,2.2654166,0.7551389,0.128,0.0,0.15190792,27.72022,27.750221,2963200
hardzero_plus_depr__c0p56__z1p00__lam0p030__nu0p50__psi1p00,hardzero_plus_depr,0.08,40,926,0.0,1,0.46804255,0.46804255,1.0199846,0.0,0.095502645,0.0,0.0,7.1010404e-14,-26.27704,2.244011,0.74800366,0.16000001,0.0,0.12667888,27.750221,27.780222,2966400
hardzero_plus_depr__c0p56__z1p00__lam0p030__nu0p50__psi1p00,hardzero_plus_depr,0.08,40,927,0.0,1,0.46804255,0.46804255,1.0342299,0.0,0.09242089,0.0,0.0,6.891169e-14,-27.215815,2.2753513,0.75845045,0.120000005,0.0,0.17085929,27.780222,27.810223,2969600
hardzero_plus_depr__c0p56__z1p00__lam0p030__nu0p50__psi1p00,hardzero_plus_depr,0.08,40,928,0.0,1,0.46804255,0.46804255,1.0563909,0.0,0.08782316,0.0,0.0,6.687499e-14,-27.484083,2.3241065,0.7747022,0.104,0.0,0.14336264,27.810223,27.840223,2972800
hardzero_plus_depr__c0p56__z1p00__lam0p030__nu0p50__psi1p00,hardzero_plus_depr,0.08,40,929,0.0,1,0.46804255,0.46804255,1.0568527,0.0,0.08772982,0.0,0.0,6.489849e-14,-27.475964,2.3251224,0.7750408,0.15200001,0.0,0.14708005,27.840223,27.870224,2976000
hardzero_plus_depr__c0p56__z1p00__lam0p030__nu0p50__psi1p00,hardzero_plus_depr,0.08,40,930,0.0,1,0.46804255,0.46804255,1.0289154,0.0,0.09355877,0.0,0.0,6.2980417e-14,-26.774288,2.263659,0.754553,0.18400002,0.0,0.133692,27.870224,27.900225,2979200
hardzero_plus_depr__c0p56__z1p00__lam0p030__nu0p50__psi1p00,hardzero_plus_depr,0.08,40,931,0.0,1,0.46804255,0.46804255,1.0600712,0.0,0.08708208,0.0,0.0,6.111901e-14,-28.028017,2.3322034,0.77740115,0.128,0.0,0.16507553,27.900225,27.930225,2982400
hardzero_plus_depr__c0p56__z1p00__lam0p030__nu0p50__psi1p00,hardzero_plus_depr,0.08,40,932,0.0,1,0.46804255,0.46804255,0.9738989,0.10619428,0.10619428,1.0,6.2986628e-15,5.9312635e-14,-25.69814,2.1426203,0.7142068,0.14400001,0.0,0.11078123,27.930225,27.960226,2985600
hardzero_plus_depr__c0p56__z1p00__lam0p030__nu0p50__psi1p00,hardzero_plus_depr,0.08,40,933,0.0,1,0.46804255,0.46804255,1.0611722,0.0,0.08686157,0.0,0.0,5.755964e-14,-27.808567,2.3346255,0.7782085,0.17600001,0.0,0.16638754,27.960226,27.990227,2988800
hardzero_plus_depr__c0p56__z1p00__lam0p030__nu0p50__psi1p00,hardzero_plus_depr,0.08,40,934,0.0,1,0.46804255,0.46804255,1.0105824,0.0,0.097592734,0.0,0.0,5.585846e-14,-26.745764,2.2233257,0.7411086,0.15200001,0.0,0.13754852,27.990227,28.020227,2992000
hardzero_plus_depr__c0p56__z1p00__lam0p030__nu0p50__psi1p00,hardzero_plus_depr,0.08,40,935,0.0,1,0.46804255,0.46804255,1.0606322,0.0,0.086969666,0.0,0.0,5.4207557e-14,-27.524837,2.3334374,0.7778125,0.16000001,0.0,0.15912886,28.020227,28.050228,2995200
hardzero_plus_depr__c0p56__z1p00__lam0p030__nu0p50__psi1p00,hardzero_plus_depr,0.08,40,936,0.0,1,0.46804255,0.46804255,1.0447941,0.0,0.090199865,0.0,0.0,5.2605445e-14,-27.748913,2.2985928,0.7661976,0.17999999,0.0,0.14060661,28.050228,28.080229,2998400
hardzero_plus_depr__c0p56__z1p00__lam0p030__nu0p50__psi1p00,hardzero_plus_depr,0.08,40,937,0.0,1,0.46804255,0.46804255,1.0281471,0.0,0.09372446,0.0,0.0,5.1050686e-14,-26.932972,2.2619689,0.75398964,0.096,0.0,0.121887945,28.080229,28.11023,3001600
hardzero_plus_depr__c0p56__z1p00__lam0p030__nu0p50__psi1p00,hardzero_plus_depr,0.08,40,938,0.0,1,0.46804255,0.46804255,1.021801,0.0,0.09510406,0.0,0.0,4.9541873e-14,-26.707447,2.248007,0.7493357,0.120000005,0.0,0.14545743,28.11023,28.14023,3004800
hardzero_plus_depr__c0p56__z1p00__lam0p030__nu0p50__psi1p00,hardzero_plus_depr,0.08,40,939,0.0,1,0.46804255,0.46804255,1.0264741,0.0,0.09408619,0.0,0.0,4.8077658e-14,-26.99237,2.2582881,0.75276273,0.18400002,0.0,0.14909686,28.14023,28.17023,3008000
hardzero_plus_depr__c0p56__z1p00__lam0p030__nu0p50__psi1p00,hardzero_plus_depr,0.08,40,940,0.0,1,0.46804255,0.46804255,1.0339892,0.0,0.092472106,0.0,0.0,4.665672e-14,-26.760256,2.2748218,0.75827396,0.16000001,0.0,0.16996893,28.17023,28.200232,3011200
hardzero_plus_depr__c0p56__z1p00__lam0p030__nu0p50__psi1p00,hardzero_plus_depr,0.08,40,941,0.0,1,0.46804255,0.46804255,1.0509323,0.0,0.088933975,0.0,0.0,4.527777e-14,-27.781462,2.312097,0.770699,0.16800001,0.0,0.14012,28.200232,28.230232,3014400
hardzero_plus_depr__c0p56__z1p00__lam0p030__nu0p50__psi1p00,hardzero_plus_depr,0.08,40,942,0.0,1,0.46804255,0.46804255,1.0234842,0.0,0.094736144,0.0,0.0,4.3939577e-14,-26.779627,2.2517102,0.75057006,0.17600001,0.0,0.12171619,28.230232,28.260233,3017600
hardzero_plus_depr__c0p56__z1p00__lam0p030__nu0p50__psi1p00,hardzero_plus_depr,0.08,40,943,0.0,1,0.46804255,0.46804255,1.027048,0.0,0.09396193,0.0,0.0,4.2640936e-14,-27.765177,2.2595508,0.7531836,0.112,0.0,0.15255077,28.260233,28.290234,3020800
hardzero_plus_depr__c0p56__z1p00__lam0p030__nu0p50__psi1p00,hardzero_plus_depr,0.08,40,944,0.0,1,0.46804255,0.46804255,1.0023503,0.0,0.09946027,0.0,0.0,4.1380683e-14,-27.695324,2.2052147,0.7350716,0.136,0.0,0.13736469,28.290234,28.320234,3024000
hardzero_plus_depr__c0p56__z1p00__lam0p030__nu0p50__psi1p00,hardzero_plus_depr,0.08,40,945,0.0,1,0.46804255,0.46804255,1.017295,0.0,0.09609592,0.0,0.0,4.015767e-14,-27.202726,2.2380936,0.7460312,0.14400001,0.0,0.13516544,28.320234,28.350235,3027200
hardzero_plus_depr__c0p56__z1p00__lam0p030__nu0p50__psi1p00,hardzero_plus_depr,0.08,40,946,0.0,1,0.46804255,0.46804255,1.0356818,0.0,0.092112415,0.0,0.0,3.8970803e-14,-27.742346,2.2785456,0.7595152,0.17600001,0.0,0.16531333,28.350235,28.380236,3030400
hardzero_plus_depr__c0p56__z1p00__lam0p030__nu0p50__psi1p00,hardzero_plus_depr,0.08,40,947,0.0,1,0.46804255,0.46804255,0.99020195,0.10228172,0.10228172,1.0,3.868194e-15,3.7819018e-14,-26.193798,2.1784878,0.7261626,0.2,0.0,0.13806506,28.380236,28.410236,3033600
hardzero_plus_depr__c0p56__z1p00__lam0p030__nu0p50__psi1p00,hardzero_plus_depr,0.08,40,948,0.0,1,0.46804255,0.46804255,1.0786533,0.0,0.08343468,0.0,0.0,3.670127e-14,-27.73099,2.3730848,0.79102826,0.120000005,0.0,0.16218986,28.410236,28.440237,3036800
hardzero_plus_depr__c0p56__z1p00__lam0p030__nu0p50__psi1p00,hardzero_plus_depr,0.08,40,949,0.0,1,0.46804255,0.46804255,1.0171999,0.0,0.09611698,0.0,0.0,3.561656e-14,-27.27658,2.2378843,0.7459614,0.14,0.0,0.11826292,28.440237,28.470238,3040000
hardzero_plus_depr__c0p56__z1p00__lam0p030__nu0p50__psi1p00,hardzero_plus_depr,0.08,40,950,0.0,1,0.46804255,0.46804255,0.9954465,0.10105398,0.10105398,1.0,3.4928206e-15,3.4563908e-14,-26.840567,2.190026,0.7300087,0.192,0.0,0.15974364,28.470238,28.500238,3043200
hardzero_plus_depr__c0p56__z1p00__lam0p030__nu0p50__psi1p00,hardzero_plus_depr,0.08,40,951,0.0,1,0.46804255,0.46804255,0.9764107,0.10558184,0.10558184,1.0,3.5414649e-15,3.3542366e-14,-25.984278,2.1481464,0.71604884,0.18400002,0.0,0.124719925,28.500238,28.53024,3046400
hardzero_plus_depr__c0p56__z1p00__lam0p030__nu0p50__psi1p00,hardzero_plus_depr,0.08,40,952,0.0,1,0.46804255,0.46804255,0.98403084,0.103745475,0.103745475,1.0,3.3770208e-15,3.255102e-14,-26.709528,2.164911,0.721637,0.15200001,0.0,0.1525123,28.53024,28.56024,3049600
hardzero_plus_depr__c0p56__z1p00__lam0p030__nu0p50__psi1p00,hardzero_plus_depr,0.08,40,953,0.0,1,0.46804255,0.46804255,1.0547585,0.0,0.08815388,0.0,0.0,3.158897e-14,-27.894983,2.3205152,0.7735051,0.128,0.0,0.1471771,28.56024,28.59024,3052800
hardzero_plus_depr__c0p56__z1p00__lam0p030__nu0p50__psi1p00,hardzero_plus_depr,0.08,40,954,0.0,1,0.46804255,0.46804255,1.0319605,0.0,0.09290509,0.0,0.0,3.0655352e-14,-28.368996,2.2703583,0.7567861,0.14400001,0.0,0.15261607,28.59024,28.620241,3056000
hardzero_plus_depr__c0p56__z1p00__lam0p030__nu0p50__psi1p00,hardzero_plus_depr,0.08,40,955,0.0,1,0.46804255,0.46804255,1.0300108,0.0,0.0933231,0.0,0.0,2.974933e-14,-28.31215,2.2660692,0.75535643,0.18400002,0.0,0.16563083,28.620241,28.650242,3059200
hardzero_plus_depr__c0p56__z1p00__lam0p030__nu0p50__psi1p00,hardzero_plus_depr,0.08,40,956,0.0,1,0.46804255,0.46804255,1.0808722,0.0,0.0830095,0.0,0.0,2.887008e-14,-28.715763,2.3779664,0.79265547,0.128,0.0,0.16554897,28.650242,28.680243,3062400
hardzero_plus_depr__c0p56__z1p00__lam0p030__nu0p50__psi1p00,hardzero_plus_depr,0.08,40,957,0.0,1,0.46804255,0.46804255,1.0983896,0.0,0.079727896,0.0,0.0,2.8016824e-14,-28.54041,2.4165053,0.8055018,0.112,0.0,0.14437567,28.680243,28.710243,3065600
hardzero_plus_depr__c0p56__z1p00__lam0p030__nu0p50__psi1p00,hardzero_plus_depr,0.08,40,958,0.0,1,0.46804255,0.46804255,1.0465469,0.0,0.08983655,0.0,0.0,2.7188785e-14,-27.035782,2.3024492,0.7674831,0.128,0.0,0.14907768,28.710243,28.740244,3068800
hardzero_plus_depr__c0p56__z1p00__lam0p030__nu0p50__psi1p00,hardzero_plus_depr,0.08,40,959,0.0,1,0.46804255,0.46804255,1.0154344,0.0,0.09650852,0.0,0.0,2.6385215e-14,-27.85218,2.2340002,0.74466676,0.14400001,0.0,0.14603491,28.740244,28.770245,3072000
hardzero_plus_depr__c0p56__z1p00__lam0p030__nu0p50__psi1p00,hardzero_plus_depr,0.08,40,960,0.0,1,0.46804255,0.46804255,1.031512,0.0,0.09300107,0.0,0.0,2.5605396e-14,-26.585485,2.2693717,0.75645727,0.17600001,0.0,0.14299591,28.770245,28.800245,3075200
hardzero_plus_depr__c0p56__z1p00__lam0p030__nu0p50__psi1p00,hardzero_plus_depr,0.08,40,961,0.0,1,0.46804255,0.46804255,1.0991917,0.0,0.07958079,0.0,0.0,2.4848625e-14,-28.788134,2.4182699,0.80609,0.192,0.0,0.17443138,28.800245,28.830246,3078400
hardzero_plus_depr__c0p56__z1p00__lam0p030__nu0p50__psi1p00,hardzero_plus_depr,0.08,40,962,0.0,1,0.46804255,0.46804255,1.1069754,0.0,0.0781672,0.0,0.0,2.4114222e-14,-29.94496,2.4353945,0.8117982,0.089999996,0.0,0.15866162,28.830246,28.860247,3081600
hardzero_plus_depr__c0p56__z1p00__lam0p030__nu0p50__psi1p00,hardzero_plus_depr,0.08,40,963,0.0,1,0.46804255,0.46804255,1.0774425,0.0,0.08366763,0.0,0.0,2.3401521e-14,-29.170197,2.370421,0.79014033,0.112,0.0,0.15242425,28.860247,28.890247,3084800
hardzero_plus_depr__c0p56__z1p00__lam0p030__nu0p50__psi1p00,hardzero_plus_depr,0.08,40,964,0.0,1,0.46804255,0.46804255,0.9943576,0.10130769,0.10130769,1.0,2.3006861e-15,2.2709887e-14,-26.145912,2.1876304,0.72921014,0.112,0.0,0.12680268,28.890247,28.920248,3088000
hardzero_plus_depr__c0p56__z1p00__lam0p030__nu0p50__psi1p00,hardzero_plus_depr,0.08,40,965,0.0,1,0.46804255,0.46804255,1.0398105,0.0,0.091240875,0.0,0.0,2.2038693e-14,-27.829695,2.287629,0.76254296,0.112,0.0,0.14808406,28.920248,28.950249,3091200
hardzero_plus_depr__c0p56__z1p00__lam0p030__nu0p50__psi1p00,hardzero_plus_depr,0.08,40,966,0.0,1,0.46804255,0.46804255,1.06292,0.0,0.08651273,0.0,0.0,2.1387336e-14,-27.482576,2.3384707,0.77949023,0.112,0.0,0.14768858,28.950249,28.98025,3094400
hardzero_plus_depr__c0p56__z1p00__lam0p030__nu0p50__psi1p00,hardzero_plus_depr,0.08,40,967,0.0,1,0.46804255,0.46804255,1.0416931,0.0,0.09084623,0.0,0.0,2.0755231e-14,-27.93886,2.2917705,0.7639235,0.216,0.0,0.18131104,28.98025,29.01025,3097600
hardzero_plus_depr__c0p56__z1p00__lam0p030__nu0p50__psi1p00,hardzero_plus_depr,0.08,40,968,0.0,1,0.46804255,0.46804255,0.9772017,0.10538973,0.10538973,1.0,2.1227395e-15,2.0141807e-14,-26.025667,2.1498866,0.7166289,0.16800001,0.0,0.14891325,29.01025,29.04025,3100800
hardzero_plus_depr__c0p56__z1p00__lam0p030__nu0p50__psi1p00,hardzero_plus_depr,0.08,40,969,0.0,1,0.46804255,0.46804255,1.0435054,0.0,0.090467915,0.0,0.0,1.9546515e-14,-27.801867,2.2957578,0.7652526,0.16800001,0.0,0.16462532,29.04025,29.070251,3104000
hardzero_plus_depr__c0p56__z1p00__lam0p030__nu0p50__psi1p00,hardzero_plus_depr,0.08,40,970,0.0,1,0.46804255,0.46804255,1.0508015,0.0,0.08896075,0.0,0.0,1.8968815e-14,-27.426609,2.3118095,0.7706032,0.14400001,0.0,0.14233752,29.070251,29.100252,3107200
hardzero_plus_depr__c0p56__z1p00__lam0p030__nu0p50__psi1p00,hardzero_plus_depr,0.08,40,971,0.0,1,0.46804255,0.46804255,1.0036424,0.0,0.09916479,0.0,0.0,1.8408188e-14,-26.841818,2.2080574,0.73601913,0.16800001,0.0,0.14149807,29.100252,29.130253,3110400
hardzero_plus_depr__c0p56__z1p00__lam0p030__nu0p50__psi1p00,hardzero_plus_depr,0.08,40,972,0.0,1,0.46804255,0.46804255,1.0798166,0.0,0.083211504,0.0,0.0,1.7864132e-14,-27.986338,2.375644,0.7918813,0.14400001,0.0,0.16459502,29.130253,29.160254,3113600
hardzero_plus_depr__c0p56__z1p00__lam0p030__nu0p50__psi1p00,hardzero_plus_depr,0.08,40,973,0.0,1,0.46804255,0.46804255,1.021798,0.0,0.09510469,0.0,0.0,1.7336156e-14,-27.695509,2.2480006,0.74933356,0.136,0.0,0.16315207,29.160254,29.190254,3116800
hardzero_plus_depr__c0p56__z1p00__lam0p030__nu0p50__psi1p00,hardzero_plus_depr,0.08,40,974,0.0,1,0.46804255,0.46804255,0.9993888,0.10014083,0.10014083,1.0,1.6847476e-15,1.6823782e-14,-26.552774,2.1986992,0.7328998,0.17600001,0.0,0.17566821,29.190254,29.220255,3120000
hardzero_plus_depr__c0p56__z1p00__lam0p030__nu0p50__psi1p00,hardzero_plus_depr,0.08,40,975,0.0,1,0.46804255,0.46804255,1.0307939,0.0,0.093154974,0.0,0.0,1.6326555e-14,-26.837952,2.267792,0.75593066,0.17,0.0,0.1359146,29.220255,29.250256,3123200
hardzero_plus_depr__c0p56__z1p00__lam0p030__nu0p50__psi1p00,hardzero_plus_depr,0.08,40,976,0.0,1,0.46804255,0.46804255,1.0039179,0.0,0.09910192,0.0,0.0,1.584402e-14,-26.883814,2.2086635,0.7362212,0.17600001,0.0,0.17341632,29.250256,29.280256,3126400
hardzero_plus_depr__c0p56__z1p00__lam0p030__nu0p50__psi1p00,hardzero_plus_depr,0.08,40,977,0.0,1,0.46804255,0.46804255,1.1060491,0.0,0.07833412,0.0,0.0,1.5375749e-14,-28.64675,2.4333565,0.81111884,0.096,0.0,0.15808365,29.280256,29.310257,3129600
hardzero_plus_depr__c0p56__z1p00__lam0p030__nu0p50__psi1p00,hardzero_plus_depr,0.08,40,978,0.0,1,0.46804255,0.46804255,1.0578004,0.0,0.0875386,0.0,0.0,1.4921317e-14,-27.54353,2.3272073,0.7757358,0.112,0.0,0.13615899,29.310257,29.340258,3132800
hardzero_plus_depr__c0p56__z1p00__lam0p030__nu0p50__psi1p00,hardzero_plus_depr,0.08,40,979,0.0,1,0.46804255,0.46804255,1.0200872,0.0,0.095480084,0.0,0.0,1.4480315e-14,-26.777681,2.2442367,0.74807894,0.136,0.0,0.13416824,29.340258,29.370258,3136000
hardzero_plus_depr__c0p56__z1p00__lam0p030__nu0p50__psi1p00,hardzero_plus_depr,0.08,40,980,0.0,1,0.46804255,0.46804255,0.9950399,0.101148665,0.101148665,1.0,1.4213761e-15,1.4052347e-14,-26.821686,2.1891315,0.7297105,0.216,0.008,0.16315211,29.370258,29.400259,3139200
hardzero_plus_depr__c0p56__z1p00__lam0p030__nu0p50__psi1p00,hardzero_plus_depr,0.08,40,981,0.0,1,0.46804255,0.46804255,1.0523349,0.0,0.08864722,0.0,0.0,1.3637027e-14,-28.303349,2.315183,0.7717277,0.136,0.0,0.16024588,29.400259,29.43026,3142400
hardzero_plus_depr__c0p56__z1p00__lam0p030__nu0p50__psi1p00,hardzero_plus_depr,0.08,40,982,0.0,1,0.46804255,0.46804255,1.0231255,0.0,0.09481444,0.0,0.0,1.3233983e-14,-27.321182,2.250921,0.750307,0.14400001,0.0,0.15673465,29.43026,29.46026,3145600
hardzero_plus_depr__c0p56__z1p00__lam0p030__nu0p50__psi1p00,hardzero_plus_depr,0.08,40,983,0.0,1,0.46804255,0.46804255,1.0316831,0.0,0.092964455,0.0,0.0,1.2842852e-14,-27.408997,2.2697482,0.75658274,0.14400001,0.0,0.17808162,29.46026,29.490261,3148800
hardzero_plus_depr__c0p56__z1p00__lam0p030__nu0p50__psi1p00,hardzero_plus_depr,0.08,40,984,0.0,1,0.46804255,0.46804255,1.0272783,0.0,0.093912125,0.0,0.0,1.2463279e-14,-27.67781,2.2600574,0.7533525,0.128,0.0,0.15156119,29.490261,29.520262,3152000
hardzero_plus_depr__c0p56__z1p00__lam0p030__nu0p50__psi1p00,hardzero_plus_depr,0.08,40,985,0.0,1,0.46804255,0.46804255,1.0032377,0.0,0.09925725,0.0,0.0,1.2094924e-14,-27.089752,2.2071671,0.7357224,0.192,0.0,0.1450975,29.520262,29.550262,3155200
hardzero_plus_depr__c0p56__z1p00__lam0p030__nu0p50__psi1p00,hardzero_plus_depr,0.08,40,986,0.0,1,0.46804255,0.46804255,1.0731311,0.0,0.08450238,0.0,0.0,1.1737458e-14,-28.236153,2.3609354,0.7869785,0.15200001,0.0,0.16927719,29.550262,29.580263,3158400
hardzero_plus_depr__c0p56__z1p00__lam0p030__nu0p50__psi1p00,hardzero_plus_depr,0.08,40,987,0.0,1,0.46804255,0.46804255,1.0010422,0.0,0.09976029,0.0,0.0,1.1390556e-14,-27.23834,2.2023368,0.73411226,0.18400002,0.0,0.16069175,29.580263,29.610264,3161600
hardzero_plus_depr__c0p56__z1p00__lam0p030__nu0p50__psi1p00,hardzero_plus_depr,0.08,40,988,0.0,1,0.46804255,0.46804255,1.0347731,0.0,0.09230534,0.0,0.0,1.1053906e-14,-28.038715,2.2765462,0.7588488,0.19,0.0,0.13787222,29.610264,29.640265,3164800
hardzero_plus_depr__c0p56__z1p00__lam0p030__nu0p50__psi1p00,hardzero_plus_depr,0.08,40,989,0.0,1,0.46804255,0.46804255,0.98779786,0.10284948,0.10284948,1.0,1.1032878e-15,1.0727208e-14,-27.227427,2.1731987,0.72439957,0.17600001,0.0,0.13353673,29.640265,29.670265,3168000
hardzero_plus_depr__c0p56__z1p00__lam0p030__nu0p50__psi1p00,hardzero_plus_depr,0.08,40,990,0.0,1,0.46804255,0.46804255,1.0458015,0.0,0.089990884,0.0,0.0,1.0410163e-14,-28.16888,2.3008094,0.7669365,0.2,0.0,0.16911666,29.670265,29.700266,3171200
hardzero_plus_depr__c0p56__z1p00__lam0p030__nu0p50__psi1p00,hardzero_plus_depr,0.08,40,991,0.0,1,0.46804255,0.46804255,0.97758216,0.10529745,0.10529745,1.0,1.0637663e-15,1.0102489e-14,-26.677807,2.1507237,0.7169079,0.15200001,0.0,0.14578608,29.700266,29.730267,3174400
hardzero_plus_depr__c0p56__z1p00__lam0p030__nu0p50__psi1p00,hardzero_plus_depr,0.08,40,992,0.0,1,0.46804255,0.46804255,1.0246906,0.0,0.094473355,0.0,0.0,9.803909e-15,-27.355377,2.2543645,0.75145483,0.136,0.0,0.14290604,29.730267,29.760267,3177600
hardzero_plus_depr__c0p56__z1p00__lam0p030__nu0p50__psi1p00,hardzero_plus_depr,0.08,40,993,0.0,1,0.46804255,0.46804255,1.0309104,0.0,0.09313001,0.0,0.0,9.514153e-15,-26.492823,2.268048,0.756016,0.16000001,0.0,0.14330724,29.760267,29.790268,3180800
hardzero_plus_depr__c0p56__z1p00__lam0p030__nu0p50__psi1p00,hardzero_plus_depr,0.08,40,994,0.0,1,0.46804255,0.46804255,1.0308237,0.0,0.093148604,0.0,0.0,9.232961e-15,-27.153091,2.2678576,0.75595254,0.136,0.0,0.13536954,29.790268,29.820269,3184000
hardzero_plus_depr__c0p56__z1p00__lam0p030__nu0p50__psi1p00,hardzero_plus_depr,0.08,40,995,0.0,1,0.46804255,0.46804255,1.0341333,0.0,0.092441425,0.0,0.0,8.960079e-15,-26.854464,2.2751386,0.7583796,0.14400001,0.0,0.1379284,29.820269,29.85027,3187200
hardzero_plus_depr__c0p56__z1p00__lam0p030__nu0p50__psi1p00,hardzero_plus_depr,0.08,40,996,0.0,1,0.46804255,0.46804255,1.0524138,0.0,0.08863111,0.0,0.0,8.695263e-15,-27.93035,2.3153567,0.7717856,0.16800001,0.0,0.16399243,29.85027,29.88027,3190400
hardzero_plus_depr__c0p56__z1p00__lam0p030__nu0p50__psi1p00,hardzero_plus_depr,0.08,40,997,0.0,1,0.46804255,0.46804255,1.0613856,0.0,0.0868189,0.0,0.0,8.4382735e-15,-27.708864,2.335095,0.778365,0.18400002,0.0,0.13368113,29.88027,29.91027,3193600
hardzero_plus_depr__c0p56__z1p00__lam0p030__nu0p50__psi1p00,hardzero_plus_depr,0.08,40,998,0.0,1,0.46804255,0.46804255,0.99052155,0.10220647,0.10220647,1.0,8.3695643e-16,8.188879e-15,-27.13567,2.1791909,0.726397,0.192,0.0,0.16221912,29.91027,29.940271,3196800
hardzero_plus_depr__c0p56__z1p00__lam0p030__nu0p50__psi1p00,hardzero_plus_depr,0.08,40,999,0.0,1,0.46804255,0.46804255,1.0396258,0.0,0.09127971,0.0,0.0,7.9468555e-15,-27.844093,2.2872224,0.7624075,0.16000001,0.0,0.15377188,29.940271,29.970272,3200000
hardzero_plus_depr__c0p56__z1p00__lam0p030__nu0p50__psi1p00,hardzero_plus_depr,0.08,40,1000,0.0,1,0.46804255,0.46804255,0.9988867,0.100256674,0.100256674,1.0,7.73178e-16,7.711985e-15,-26.555904,2.1975946,0.73253155,0.104,0.0,0.15132177,29.970272,30.000273,3203200
hardzero_plus_depr__c0p56__z1p00__lam0p030__nu0p50__psi1p00,hardzero_plus_depr,0.08,40,1001,0.0,1,0.46804255,0.46804255,1.0173117,0.0,0.09609224,0.0,0.0,7.484057e-15,-26.92521,2.2381303,0.74604344,0.13,0.0,0.15241738,30.000273,30.030273,3206400
hardzero_plus_depr__c0p56__z1p00__lam0p030__nu0p50__psi1p00,hardzero_plus_depr,0.08,40,1002,0.0,1,0.46804255,0.46804255,1.0272222,0.0,0.09392426,0.0,0.0,7.2628645e-15,-27.084486,2.259934,0.75331134,0.104,0.0,0.14402027,30.030273,30.060274,3209600
hardzero_plus_depr__c0p56__z1p00__lam0p030__nu0p50__psi1p00,hardzero_plus_depr,0.08,40,1003,0.0,1,0.46804255,0.46804255,1.0444129,0.0,0.09027908,0.0,0.0,7.0482094e-15,-27.147142,2.297754,0.765918,0.128,0.0,0.16483252,30.060274,30.090275,3212800
hardzero_plus_depr__c0p56__z1p00__lam0p030__nu0p50__psi1p00,hardzero_plus_depr,0.08,40,1004,0.0,1,0.46804255,0.46804255,1.0675299,0.0,0.08559926,0.0,0.0,6.839899e-15,-27.376295,2.3486128,0.78287095,0.18400002,0.0,0.1387342,30.090275,30.120275,3216000
hardzero_plus_depr__c0p56__z1p00__lam0p030__nu0p50__psi1p00,hardzero_plus_depr,0.08,40,1005,0.0,1,0.46804255,0.46804255,1.0139321,0.0,0.096842915,0.0,0.0,6.637744e-15,-27.515205,2.2306952,0.7435651,0.15200001,0.0,0.15993182,30.120275,30.150276,3219200
hardzero_plus_depr__c0p56__z1p00__lam0p030__nu0p50__psi1p00,hardzero_plus_depr,0.08,40,1006,0.0,1,0.46804255,0.46804255,1.035635,0.0,0.09212234,0.0,0.0,6.4415653e-15,-27.190845,2.2784424,0.75948083,0.136,0.0,0.16173238,30.150276,30.180277,3222400
hardzero_plus_depr__c0p56__z1p00__lam0p030__nu0p50__psi1p00,hardzero_plus_depr,0.08,40,1007,0.0,1,0.46804255,0.46804255,1.0027158,0.0,0.099376604,0.0,0.0,6.2511836e-15,-27.151558,2.206019,0.73533964,0.2,0.0,0.16475649,30.180277,30.210278,3225600
hardzero_plus_depr__c0p56__z1p00__lam0p030__nu0p50__psi1p00,hardzero_plus_depr,0.08,40,1008,0.0,1,0.46804255,0.46804255,1.017812,0.0,0.09598159,0.0,0.0,6.0664292e-15,-26.768822,2.239231,0.74641037,0.112,0.0,0.13248467,30.210278,30.240278,3228800
hardzero_plus_depr__c0p56__z1p00__lam0p030__nu0p50__psi1p00,hardzero_plus_depr,0.08,40,1009,0.0,1,0.46804255,0.46804255,1.0072379,0.0,0.09834722,0.0,0.0,5.887135e-15,-26.934269,2.2159677,0.7386559,0.128,0.0,0.1361119,30.240278,30.270279,3232000
hardzero_plus_depr__c0p56__z1p00__lam0p030__nu0p50__psi1p00,hardzero_plus_depr,0.08,40,1010,0.0,1,0.46804255,0.46804255,0.9540098,0.11117067,0.11117067,1.0,6.351336e-16,5.71314e-15,-26.04994,2.0988634,0.69962114,0.216,0.0,0.14274862,30.270279,30.30028,3235200
hardzero_plus_depr__c0p56__z1p00__lam0p030__nu0p50__psi1p00,hardzero_plus_depr,0.08,40,1011,0.0,1,0.46804255,0.46804255,1.038649,0.0,0.09148523,0.0,0.0,5.5442876e-15,-27.761307,2.2850733,0.7616911,0.2,0.0,0.17853725,30.30028,30.33028,3238400
hardzero_plus_depr__c0p56__z1p00__lam0p030__nu0p50__psi1p00,hardzero_plus_depr,0.08,40,1012,0.0,1,0.46804255,0.46804255,1.0868251,0.0,0.08187943,0.0,0.0,5.3804253e-15,-28.180716,2.391063,0.79702103,0.15200001,0.0,0.16665588,30.33028,30.360281,3241600
hardzero_plus_depr__c0p56__z1p00__lam0p030__nu0p50__psi1p00,hardzero_plus_depr,0.08,40,1013,0.0,1,0.46804255,0.46804255,1.0248264,0.0,0.09444383,0.0,0.0,5.2214063e-15,-27.618654,2.2546632,0.7515544,0.2,0.0,0.13172811,30.360281,30.390282,3244800
hardzero_plus_depr__c0p56__z1p00__lam0p030__nu0p50__psi1p00,hardzero_plus_depr,0.08,40,1014,0.0,1,0.46804255,0.46804255,1.032329,0.0,0.09282629,0.0,0.0,5.067087e-15,-26.43493,2.2711692,0.7570564,0.13,0.0,0.13210617,30.390282,30.420282,3248000
hardzero_plus_depr__c0p56__z1p00__lam0p030__nu0p50__psi1p00,hardzero_plus_depr,0.08,40,1015,0.0,1,0.46804255,0.46804255,0.9785798,0.10505584,0.10505584,1.0,5.1659407e-16,4.9173282e-15,-25.501692,2.1529186,0.71763957,0.208,0.0,0.13394034,30.420282,30.450283,3251200
hardzero_plus_depr__c0p56__z1p00__lam0p030__nu0p50__psi1p00,hardzero_plus_depr,0.08,40,1016,0.0,1,0.46804255,0.46804255,0.98459303,0.103611276,0.103611276,1.0,4.944326e-16,4.771996e-15,-27.74904,2.166148,0.72204936,0.224,0.0,0.13560666,30.450283,30.480284,3254400
hardzero_plus_depr__c0p56__z1p00__lam0p030__nu0p50__psi1p00,hardzero_plus_depr,0.08,40,1017,0.0,1,0.46804255,0.46804255,1.0260862,0.0,0.09417026,0.0,0.0,4.630959e-15,-26.540047,2.2574348,0.7524783,0.136,0.0,0.13876371,30.480284,30.510284,3257600
hardzero_plus_depr__c0p56__z1p00__lam0p030__nu0p50__psi1p00,hardzero_plus_depr,0.08,40,1018,0.0,1,0.46804255,0.46804255,1.0703919,0.0,0.08503702,0.0,0.0,4.4940904e-15,-28.170734,2.3549092,0.78496975,0.18400002,0.0,0.17272067,30.510284,30.540285,3260800
hardzero_plus_depr__c0p56__z1p00__lam0p030__nu0p50__psi1p00,hardzero_plus_depr,0.08,40,1019,0.0,1,0.46804255,0.46804255,1.0169654,0.0,0.0961689,0.0,0.0,4.361267e-15,-27.117874,2.2373686,0.7457895,0.104,0.0,0.12991536,30.540285,30.570286,3264000
hardzero_plus_depr__c0p56__z1p00__lam0p030__nu0p50__psi1p00,hardzero_plus_depr,0.08,40,1020,0.0,1,0.46804255,0.46804255,1.0438626,0.0,0.09039356,0.0,0.0,4.232369e-15,-27.75304,2.2965436,0.76551455,0.128,0.0,0.16328214,30.570286,30.600286,3267200
hardzero_plus_depr__c0p56__z1p00__lam0p030__nu0p50__psi1p00,hardzero_plus_depr,0.08,40,1021,0.0,1,0.46804255,0.46804255,1.0650219,0.0,0.08609504,0.0,0.0,4.107281e-15,-28.410233,2.3430948,0.7810316,0.08800001,0.0,0.13885364,30.600286,30.630287,3270400
hardzero_plus_depr__c0p56__z1p00__lam0p030__nu0p50__psi1p00,hardzero_plus_depr,0.08,40,1022,0.0,1,0.46804255,0.46804255,1.0418751,0.0,0.09080816,0.0,0.0,3.9858897e-15,-27.967722,2.292171,0.76405704,0.18400002,0.0,0.17449842,30.630287,30.660288,3273600
hardzero_plus_depr__c0p56__z1p00__lam0p030__nu0p50__psi1p00,hardzero_plus_depr,0.08,40,1023,0.0,1,0.46804255,0.46804255,1.0210477,0.0,0.09526916,0.0,0.0,3.868086e-15,-26.620972,2.2463498,0.7487833,0.17600001,0.0,0.14602262,30.660288,30.690289,3276800
hardzero_plus_depr__c0p56__z1p00__lam0p030__nu0p50__psi1p00,hardzero_plus_depr,0.08,40,1024,0.0,1,0.46804255,0.46804255,0.94982594,0.11224681,0.11224681,1.0,4.213481e-16,3.7537646e-15,-26.197403,2.0896587,0.69655293,0.16800001,0.0,0.12936178,30.690289,30.72029,3280000
hardzero_plus_depr__c0p56__z1p00__lam0p030__nu0p50__psi1p00,hardzero_plus_depr,0.08,40,1025,0.0,1,0.46804255,0.46804255,1.0165097,0.0,0.09626986,0.0,0.0,3.6428215e-15,-27.295689,2.2363658,0.74545527,0.16000001,0.0,0.1956937,30.72029,30.75029,3283200
hardzero_plus_depr__c0p56__z1p00__lam0p030__nu0p50__psi1p00,hardzero_plus_depr,0.08,40,1026,0.0,1,0.46804255,0.46804255,1.0149266,0.0,0.09662142,0.0,0.0,3.5351574e-15,-26.885107,2.232883,0.74429435,0.18400002,0.0,0.15518443,30.75029,30.78029,3286400
hardzero_plus_depr__c0p56__z1p00__lam0p030__nu0p50__psi1p00,hardzero_plus_depr,0.08,40,1027,0.0,1,0.46804255,0.46804255,1.0388142,0.0,0.091450445,0.0,0.0,3.4306753e-15,-27.886147,2.2854369,0.7618123,0.22,0.0,0.12733597,30.78029,30.810291,3289600
hardzero_plus_depr__c0p56__z1p00__lam0p030__nu0p50__psi1p00,hardzero_plus_depr,0.08,40,1028,0.0,1,0.46804255,0.46804255,1.0439045,0.0,0.0903848,0.0,0.0,3.3292812e-15,-26.954098,2.2966359,0.7655453,0.128,0.0,0.14661328,30.810291,30.840292,3292800
hardzero_plus_depr__c0p56__z1p00__lam0p030__nu0p50__psi1p00,hardzero_plus_depr,0.08,40,1029,0.0,1,0.46804255,0.46804255,1.105514,0.0,0.07843068,0.0,0.0,3.230884e-15,-29.279556,2.4321795,0.8107265,0.112,0.0,0.1702241,30.840292,30.870293,3296000
hardzero_plus_depr__c0p56__z1p00__lam0p030__nu0p50__psi1p00,hardzero_plus_depr,0.08,40,1030,0.0,1,0.46804255,0.46804255,1.0424476,0.0,0.090688534,0.0,0.0,3.1353947e-15,-27.576431,2.2934303,0.7644768,0.14400001,0.0,0.13423488,30.870293,30.900293,3299200
hardzero_plus_depr__c0p56__z1p00__lam0p030__nu0p50__psi1p00,hardzero_plus_depr,0.08,40,1031,0.0,1,0.46804255,0.46804255,1.0233532,0.0,0.09476475,0.0,0.0,3.0427276e-15,-27.82433,2.251422,0.750474,0.18400002,0.0,0.18010767,30.900293,30.930294,3302400
hardzero_plus_depr__c0p56__z1p00__lam0p030__nu0p50__psi1p00,hardzero_plus_depr,0.08,40,1032,0.0,1,0.46804255,0.46804255,1.0533955,0.0,0.08843099,0.0,0.0,2.9527994e-15,-27.826002,2.3175163,0.77250546,0.136,0.0,0.13194665,30.930294,30.960295,3305600
hardzero_plus_depr__c0p56__z1p00__lam0p030__nu0p50__psi1p00,hardzero_plus_depr,0.08,40,1033,0.0,1,0.46804255,0.46804255,1.0189313,0.0,0.09573456,0.0,0.0,2.8655292e-15,-27.210245,2.2416935,0.7472312,0.16800001,0.0,0.16042428,30.960295,30.990295,3308800
hardzero_plus_depr__c0p56__z1p00__lam0p030__nu0p50__psi1p00,hardzero_plus_depr,0.08,40,1034,0.0,1,0.46804255,0.46804255,1.0457633,0.0,0.089998804,0.0,0.0,2.7808382e-15,-28.075956,2.3007252,0.7669084,0.192,0.0,0.17514181,30.990295,31.020296,3312000
hardzero_plus_depr__c0p56__z1p00__lam0p030__nu0p50__psi1p00,hardzero_plus_depr,0.08,40,1035,0.0,1,0.46804255,0.46804255,1.002539,0.0,0.099417076,0.0,0.0,2.69865e-15,-26.866905,2.2056298,0.73520994,0.208,0.0,0.21199593,31.020296,31.050297,3315200
hardzero_plus_depr__c0p56__z1p00__lam0p030__nu0p50__psi1p00,hardzero_plus_depr,0.08,40,1036,0.0,1,0.46804255,0.46804255,1.0401689,0.0,0.09116562,0.0,0.0,2.6188912e-15,-28.51402,2.2884173,0.7628058,0.14400001,0.0,0.16781014,31.050297,31.080297,3318400
hardzero_plus_depr__c0p56__z1p00__lam0p030__nu0p50__psi1p00,hardzero_plus_depr,0.08,40,1037,0.0,1,0.46804255,0.46804255,1.0096437,0.0,0.09780393,0.0,0.0,2.5414891e-15,-26.952204,2.2212605,0.7404202,0.15200001,0.0,0.14147182,31.080297,31.110298,3321600
hardzero_plus_depr__c0p56__z1p00__lam0p030__nu0p50__psi1p00,hardzero_plus_depr,0.08,40,1038,0.0,1,0.46804255,0.46804255,1.0426198,0.0,0.09065258,0.0,0.0,2.4663753e-15,-27.638014,2.2938094,0.76460314,0.15200001,0.0,0.14550069,31.110298,31.140299,3324800
hardzero_plus_depr__c0p56__z1p00__lam0p030__nu0p50__psi1p00,hardzero_plus_depr,0.08,40,1039,0.0,1,0.46804255,0.46804255,1.0319443,0.0,0.09290855,0.0,0.0,2.3934811e-15,-26.883684,2.2703228,0.7567743,0.15200001,0.0,0.15021433,31.140299,31.1703,3328000
hardzero_plus_depr__c0p56__z1p00__lam0p030__nu0p50__psi1p00,hardzero_plus_depr,0.08,40,1040,0.0,1,0.46804255,0.46804255,1.0386834,0.0,0.09147799,0.0,0.0,2.3227416e-15,-26.597036,2.285149,0.76171637,0.14,0.0,0.15361533,31.1703,31.2003,3331200
hardzero_plus_depr__c0p56__z1p00__lam0p030__nu0p50__psi1p00,hardzero_plus_depr,0.08,40,1041,0.0,1,0.46804255,0.46804255,1.0205306,0.0,0.09538265,0.0,0.0,2.2540925e-15,-26.592007,2.245212,0.748404,0.128,0.0,0.13477615,31.2003,31.2303,3334400
hardzero_plus_depr__c0p56__z1p00__lam0p030__nu0p50__psi1p00,hardzero_plus_depr,0.08,40,1042,0.0,1,0.46804255,0.46804255,1.0299394,0.0,0.09333845,0.0,0.0,2.1874725e-15,-26.962181,2.265912,0.75530404,0.17600001,0.0,0.14009961,31.2303,31.260302,3337600
hardzero_plus_depr__c0p56__z1p00__lam0p030__nu0p50__psi1p00,hardzero_plus_depr,0.08,40,1043,0.0,1,0.46804255,0.46804255,1.0683861,0.0,0.08543069,0.0,0.0,2.1228217e-15,-27.240213,2.3504963,0.78349876,0.15200001,0.0,0.13941355,31.260302,31.290302,3340800
hardzero_plus_depr__c0p56__z1p00__lam0p030__nu0p50__psi1p00,hardzero_plus_depr,0.08,40,1044,0.0,1,0.46804255,0.46804255,1.0226511,0.0,0.09491807,0.0,0.0,2.0600813e-15,-26.81251,2.2498772,0.7499591,0.14400001,0.0,0.13414294,31.290302,31.320303,3344000
hardzero_plus_depr__c0p56__z1p00__lam0p030__nu0p50__psi1p00,hardzero_plus_depr,0.08,40,1045,0.0,1,0.46804255,0.46804255,1.0159174,0.0,0.09640124,0.0,0.0,1.9991953e-15,-27.032219,2.235063,0.74502105,0.16800001,0.0,0.16643625,31.320303,31.350304,3347200
hardzero_plus_depr__c0p56__z1p00__lam0p030__nu0p50__psi1p00,hardzero_plus_depr,0.08,40,1046,0.0,1,0.46804255,0.46804255,1.0592879,0.0,0.08723929,0.0,0.0,1.9401088e-15,-27.992952,2.3304799,0.7768266,0.16800001,0.0,0.16454224,31.350304,31.380304,3350400
hardzero_plus_depr__c0p56__z1p00__lam0p030__nu0p50__psi1p00,hardzero_plus_depr,0.08,40,1047,0.0,1,0.46804255,0.46804255,1.0515877,0.0,0.08879986,0.0,0.0,1.8827687e-15,-27.908354,2.313539,0.7711797,0.16000001,0.0,0.15600003,31.380304,31.410305,3353600
hardzero_plus_depr__c0p56__z1p00__lam0p030__nu0p50__psi1p00,hardzero_plus_depr,0.08,40,1048,0.0,1,0.46804255,0.46804255,1.0458893,0.0,0.08997269,0.0,0.0,1.8271231e-15,-27.24221,2.3010023,0.7670008,0.128,0.0,0.1466555,31.410305,31.440306,3356800
hardzero_plus_depr__c0p56__z1p00__lam0p030__nu0p50__psi1p00,hardzero_plus_depr,0.08,40,1049,0.0,1,0.46804255,0.46804255,0.9783047,0.10512242,0.10512242,1.0,1.8639491e-16,1.7731223e-15,-26.54074,2.1523132,0.71743774,0.17600001,0.0,0.13885422,31.440306,31.470306,3360000
hardzero_plus_depr__c0p56__z1p00__lam0p030__nu0p50__psi1p00,hardzero_plus_depr,0.08,40,1050,0.0,1,0.46804255,0.46804255,1.0205336,0.0,0.095382,0.0,0.0,1.7207175e-15,-27.268118,2.2452188,0.7484063,0.16000001,0.0,0.17141716,31.470306,31.500307,3363200
hardzero_plus_depr__c0p56__z1p00__lam0p030__nu0p50__psi1p00,hardzero_plus_depr,0.08,40,1051,0.0,1,0.46804255,0.46804255,0.9934839,0.1015117,0.1015117,1.0,1.6951047e-16,1.6698614e-15,-26.901384,2.1857083,0.72856945,0.14400001,0.0,0.12518983,31.500307,31.530308,3366400
hardzero_plus_depr__c0p56__z1p00__lam0p030__nu0p50__psi1p00,hardzero_plus_depr,0.08,40,1052,0.0,1,0.46804255,0.46804255,1.0797487,0.0,0.083224505,0.0,0.0,1.6205084e-15,-27.853333,2.3754947,0.7918316,0.15200001,0.0,0.15407063,31.530308,31.560308,3369600
hardzero_plus_depr__c0p56__z1p00__lam0p030__nu0p50__psi1p00,hardzero_plus_depr,0.08,40,1053,0.0,1,0.46804255,0.46804255,1.0753652,0.0,0.08406878,0.0,0.0,1.5726141e-15,-27.459625,2.3658507,0.7886169,0.17,0.0,0.17332187,31.560308,31.59031,3372800
hardzero_plus_depr__c0p56__z1p00__lam0p030__nu0p50__psi1p00,hardzero_plus_depr,0.08,40,1054,0.0,1,0.46804255,0.46804255,1.0580229,0.0,0.08749376,0.0,0.0,1.5261354e-15,-27.320316,2.3276968,0.77589893,0.15200001,0.0,0.14286011,31.59031,31.62031,3376000
hardzero_plus_depr__c0p56__z1p00__lam0p030__nu0p50__psi1p00,hardzero_plus_depr,0.08,40,1055,0.0,1,0.46804255,0.46804255,1.0205005,0.0,0.09538925,0.0,0.0,1.4810301e-15,-26.560305,2.245146,0.74838203,0.208,0.0,0.14874053,31.62031,31.65031,3379200
hardzero_plus_depr__c0p56__z1p00__lam0p030__nu0p50__psi1p00,hardzero_plus_depr,0.08,40,1056,0.0,1,0.46804255,0.46804255,1.0617193,0.0,0.086752236,0.0,0.0,1.4372582e-15,-28.215868,2.335829,0.7786097,0.128,0.0,0.13718674,31.65031,31.680311,3382400
hardzero_plus_depr__c0p56__z1p00__lam0p030__nu0p50__psi1p00,hardzero_plus_depr,0.08,40,1057,0.0,1,0.46804255,0.46804255,0.99571645,0.10099119,0.10099119,1.0,1.4086047e-16,1.3947797e-15,-26.459946,2.19062,0.73020667,0.18400002,0.0,0.13304988,31.680311,31.710312,3385600
hardzero_plus_depr__c0p56__z1p00__lam0p030__nu0p50__psi1p00,hardzero_plus_depr,0.08,40,1058,0.0,1,0.46804255,0.46804255,1.0679408,0.0,0.085518315,0.0,0.0,1.3535568e-15,-28.355627,2.3495169,0.7831723,0.17600001,0.0,0.16049308,31.710312,31.740313,3388800
hardzero_plus_depr__c0p56__z1p00__lam0p030__nu0p50__psi1p00,hardzero_plus_depr,0.08,40,1059,0.0,1,0.46804255,0.46804255,0.9815617,0.10433698,0.10433698,1.0,1.3705206e-16,1.3135522e-15,-27.396358,2.159479,0.71982634,0.120000005,0.0,0.13512002,31.740313,31.770313,3392000
hardzero_plus_depr__c0p56__z1p00__lam0p030__nu0p50__psi1p00,hardzero_plus_depr,0.08,40,1060,0.0,1,0.46804255,0.46804255,0.98873484,0.102627836,0.102627836,1.0,1.3082278e-16,1.2747301e-15,-27.076271,2.17526,0.7250867,0.16000001,0.0,0.14183544,31.770313,31.800314,3395200
hardzero_plus_depr__c0p56__z1p00__lam0p030__nu0p50__psi1p00,hardzero_plus_depr,0.08,40,1061,0.0,1,0.46804255,0.46804255,1.0503417,0.0,0.089055,0.0,0.0,1.2370554e-15,-27.091923,2.310798,0.770266,0.104,0.0,0.16406387,31.800314,31.830315,3398400
hardzero_plus_depr__c0p56__z1p00__lam0p030__nu0p50__psi1p00,hardzero_plus_depr,0.08,40,1062,0.0,1,0.46804255,0.46804255,1.0557739,0.0,0.08794805,0.0,0.0,1.200494e-15,-27.856632,2.322749,0.7742497,0.15200001,0.0,0.12457459,31.830315,31.860315,3401600
hardzero_plus_depr__c0p56__z1p00__lam0p030__nu0p50__psi1p00,hardzero_plus_depr,0.08,40,1063,0.0,1,0.46804255,0.46804255,1.0471218,0.0,0.089717716,0.0,0.0,1.1650131e-15,-28.211403,2.3037138,0.76790464,0.136,0.0,0.15120117,31.860315,31.890316,3404800
hardzero_plus_depr__c0p56__z1p00__lam0p030__nu0p50__psi1p00,hardzero_plus_depr,0.08,40,1064,0.0,1,0.46804255,0.46804255,1.0513232,0.0,0.08885396,0.0,0.0,1.1305811e-15,-27.308104,2.3129573,0.7709858,0.192,0.0,0.14485487,31.890316,31.920317,3408000
hardzero_plus_depr__c0p56__z1p00__lam0p030__nu0p50__psi1p00,hardzero_plus_depr,0.08,40,1065,0.0,1,0.46804255,0.46804255,1.0235022,0.0,0.09473224,0.0,0.0,1.0971666e-15,-27.536295,2.25175,0.75058335,0.14400001,0.0,0.12973766,31.920317,31.950317,3411200
hardzero_plus_depr__c0p56__z1p00__lam0p030__nu0p50__psi1p00,hardzero_plus_depr,0.08,40,1066,0.0,1,0.46804255,0.46804255,1.0105652,0.0,0.097596616,0.0,0.0,1.0647397e-15,-27.618916,2.2232878,0.74109596,0.22999999,0.0,0.13822336,31.950317,31.980318,3414400
hardzero_plus_depr__c0p56__z1p00__lam0p030__nu0p50__psi1p00,hardzero_plus_depr,0.08,40,1067,0.0,1,0.46804255,0.46804255,1.0191678,0.0,0.09568244,0.0,0.0,1.0332711e-15,-26.654566,2.242214,0.7474047,0.15200001,0.0,0.14036141,31.980318,32.01032,3417600
hardzero_plus_depr__c0p56__z1p00__lam0p030__nu0p50__psi1p00,hardzero_plus_depr,0.08,40,1068,0.0,1,0.46804255,0.46804255,1.0897391,0.0,0.081331894,0.0,0.0,1.0027327e-15,-27.977953,2.3974738,0.799158,0.120000005,0.0,0.16419822,32.01032,32.040318,3420800
hardzero_plus_depr__c0p56__z1p00__lam0p030__nu0p50__psi1p00,hardzero_plus_depr,0.08,40,1069,0.0,1,0.46804255,0.46804255,1.0891098,0.0,0.081449844,0.0,0.0,9.730987e-16,-28.570692,2.3960893,0.79869646,0.080000006,0.0,0.16016838,32.040318,32.070316,3424000
hardzero_plus_depr__c0p56__z1p00__lam0p030__nu0p50__psi1p00,hardzero_plus_depr,0.08,40,1070,0.0,1,0.46804255,0.46804255,1.0278157,0.0,0.093795985,0.0,0.0,9.443404e-16,-27.603994,2.2612398,0.7537466,0.16000001,0.0,0.13823143,32.070316,32.100315,3427200
hardzero_plus_depr__c0p56__z1p00__lam0p030__nu0p50__psi1p00,hardzero_plus_depr,0.08,40,1071,0.0,1,0.46804255,0.46804255,1.0082834,0.0,0.09811074,0.0,0.0,9.16432e-16,-27.383799,2.2182677,0.73942256,0.136,0.0,0.15884021,32.100315,32.130314,3430400
hardzero_plus_depr__c0p56__z1p00__lam0p030__nu0p50__psi1p00,hardzero_plus_depr,0.08,40,1072,0.0,1,0.46804255,0.46804255,1.0222491,0.0,0.095005974,0.0,0.0,8.893485e-16,-26.871822,2.248993,0.7496643,0.16000001,0.0,0.12398841,32.130314,32.160313,3433600
hardzero_plus_depr__c0p56__z1p00__lam0p030__nu0p50__psi1p00,hardzero_plus_depr,0.08,40,1073,0.0,1,0.46804255,0.46804255,1.0287715,0.0,0.09358978,0.0,0.0,8.630653e-16,-27.714752,2.2633426,0.7544476,0.16000001,0.0,0.1642192,32.160313,32.19031,3436800
hardzero_plus_depr__c0p56__z1p00__lam0p030__nu0p50__psi1p00,hardzero_plus_depr,0.08,40,1074,0.0,1,0.46804255,0.46804255,0.9592685,0.109832644,0.109832644,1.0,9.1991305e-17,8.375589e-16,-25.940563,2.1104329,0.7034776,0.16800001,0.0,0.11962392,32.19031,32.22031,3440000
hardzero_plus_depr__c0p56__z1p00__lam0p030__nu0p50__psi1p00,hardzero_plus_depr,0.08,40,1075,0.0,1,0.46804255,0.46804255,1.02997,0.0,0.093331866,0.0,0.0,8.128063e-16,-27.124817,2.2659793,0.75532645,0.16800001,0.0,0.15258637,32.22031,32.25031,3443200
hardzero_plus_depr__c0p56__z1p00__lam0p030__nu0p50__psi1p00,hardzero_plus_depr,0.08,40,1076,0.0,1,0.46804255,0.46804255,1.0048501,0.0,0.09888943,0.0,0.0,7.8878514e-16,-26.469936,2.2107146,0.73690486,0.16800001,0.0,0.141925,32.25031,32.280308,3446400
hardzero_plus_depr__c0p56__z1p00__lam0p030__nu0p50__psi1p00,hardzero_plus_depr,0.08,40,1077,0.0,1,0.46804255,0.46804255,1.0403876,0.0,0.09111973,0.0,0.0,7.6547405e-16,-27.586983,2.2888985,0.76296616,0.104,0.0,0.13595222,32.280308,32.310307,3449600
hardzero_plus_depr__c0p56__z1p00__lam0p030__nu0p50__psi1p00,hardzero_plus_depr,0.08,40,1078,0.0,1,0.46804255,0.46804255,1.0331769,0.0,0.09264523,0.0,0.0,7.4285176e-16,-27.875607,2.2730346,0.7576782,0.104,0.0,0.1639404,32.310307,32.340305,3452800
hardzero_plus_depr__c0p56__z1p00__lam0p030__nu0p50__psi1p00,hardzero_plus_depr,0.08,40,1079,0.0,1,0.46804255,0.46804255,1.0481924,0.0,0.08949681,0.0,0.0,7.20898e-16,-26.560997,2.3060694,0.7686898,0.14,0.0,0.13566999,32.340305,32.370304,3456000
hardzero_plus_depr__c0p56__z1p00__lam0p030__nu0p50__psi1p00,hardzero_plus_depr,0.08,40,1080,0.0,1,0.46804255,0.46804255,1.0923609,0.0,0.08084239,0.0,0.0,6.995931e-16,-28.40011,2.4032419,0.80108064,0.08800001,0.0,0.21853735,32.370304,32.400303,3459200
hardzero_plus_depr__c0p56__z1p00__lam0p030__nu0p50__psi1p00,hardzero_plus_depr,0.08,40,1081,0.0,1,0.46804255,0.46804255,1.0549817,0.0,0.0881086,0.0,0.0,6.789178e-16,-28.336954,2.321006,0.7736687,0.128,0.0,0.15010649,32.400303,32.4303,3462400
hardzero_plus_depr__c0p56__z1p00__lam0p030__nu0p50__psi1p00,hardzero_plus_depr,0.08,40,1082,0.0,1,0.46804255,0.46804255,0.9825369,0.104102954,0.104102954,1.0,6.8588605e-17,6.5885357e-16,-26.421165,2.1616244,0.7205415,0.136,0.0,0.13613017,32.4303,32.4603,3465600
hardzero_plus_depr__c0p56__z1p00__lam0p030__nu0p50__psi1p00,hardzero_plus_depr,0.08,40,1083,0.0,1,0.46804255,0.46804255,1.0307086,0.0,0.093173295,0.0,0.0,6.3938234e-16,-27.455158,2.267604,0.7558681,0.136,0.0,0.14717339,32.4603,32.4903,3468800
hardzero_plus_depr__c0p56__z1p00__lam0p030__nu0p50__psi1p00,hardzero_plus_depr,0.08,40,1084,0.0,1,0.46804255,0.46804255,1.0117806,0.0,0.09732387,0.0,0.0,6.204865e-16,-27.635056,2.2259617,0.7419872,0.17600001,0.0,0.13499863,32.4903,32.520298,3472000
hardzero_plus_depr__c0p56__z1p00__lam0p030__nu0p50__psi1p00,hardzero_plus_depr,0.08,40,1085,0.0,1,0.46804255,0.46804255,1.0751754,0.0,0.08410553,0.0,0.0,6.0214905e-16,-28.7104,2.3654332,0.7884778,0.128,0.0,0.1921905,32.520298,32.550297,3475200
hardzero_plus_depr__c0p56__z1p00__lam0p030__nu0p50__psi1p00,hardzero_plus_depr,0.08,40,1086,0.0,1,0.46804255,0.46804255,0.9966605,0.100771904,0.100771904,1.0,5.8886425e-17,5.843536e-16,-26.407907,2.1926968,0.730899,0.18400002,0.0,0.101717986,32.550297,32.580296,3478400
hardzero_plus_depr__c0p56__z1p00__lam0p030__nu0p50__psi1p00,hardzero_plus_depr,0.08,40,1087,0.0,1,0.46804255,0.46804255,1.0084893,0.0,0.09806425,0.0,0.0,5.67084e-16,-27.187304,2.2187207,0.7395736,0.16800001,0.0,0.13925955,32.580296,32.610294,3481600
hardzero_plus_depr__c0p56__z1p00__lam0p030__nu0p50__psi1p00,hardzero_plus_depr,0.08,40,1088,0.0,1,0.46804255,0.46804255,1.0497835,0.0,0.08916954,0.0,0.0,5.503248e-16,-27.653366,2.3095698,0.76985663,0.136,0.0,0.15114848,32.610294,32.640293,3484800
hardzero_plus_depr__c0p56__z1p00__lam0p030__nu0p50__psi1p00,hardzero_plus_depr,0.08,40,1089,0.0,1,0.46804255,0.46804255,1.089962,0.0,0.081290156,0.0,0.0,5.340609e-16,-27.815048,2.3979642,0.7993214,0.120000005,0.0,0.14670223,32.640293,32.67029,3488000
hardzero_plus_depr__c0p56__z1p00__lam0p030__nu0p50__psi1p00,hardzero_plus_depr,0.08,40,1090,0.0,1,0.46804255,0.46804255,0.98014086,0.104678884,0.104678884,1.0,5.4252725e-17,5.1827765e-16,-26.231255,2.156353,0.71878433,0.136,0.0,0.12090388,32.67029,32.70029,3491200
hardzero_plus_depr__c0p56__z1p00__lam0p030__nu0p50__psi1p00,hardzero_plus_depr,0.08,40,1091,0.0,1,0.46804255,0.46804255,1.0521556,0.0,0.08868382,0.0,0.0,5.0296086e-16,-27.844809,2.3147886,0.7715962,0.120000005,0.0,0.14236319,32.70029,32.73029,3494400
hardzero_plus_depr__c0p56__z1p00__lam0p030__nu0p50__psi1p00,hardzero_plus_depr,0.08,40,1092,0.0,1,0.46804255,0.46804255,1.1168848,0.0,0.07640383,0.0,0.0,4.880967e-16,-28.673326,2.4571958,0.8190653,0.17,0.0,0.16449842,32.73029,32.76029,3497600
hardzero_plus_depr__c0p56__z1p00__lam0p030__nu0p50__psi1p00,hardzero_plus_depr,0.08,40,1093,0.0,1,0.46804255,0.46804255,0.99099433,0.10209527,0.10209527,1.0,4.8359652e-17,4.7367184e-16,-26.7057,2.180231,0.7267437,0.14400001,0.0,0.14355133,32.76029,32.790287,3500800
hardzero_plus_depr__c0p56__z1p00__lam0p030__nu0p50__psi1p00,hardzero_plus_depr,0.08,40,1094,0.0,1,0.46804255,0.46804255,1.0344572,0.0,0.09237251,0.0,0.0,4.596733e-16,-27.159157,2.2758512,0.7586171,0.16800001,0.0,0.15406968,32.790287,32.820286,3504000
hardzero_plus_depr__c0p56__z1p00__lam0p030__nu0p50__psi1p00,hardzero_plus_depr,0.08,40,1095,0.0,1,0.46804255,0.46804255,1.0948238,0.0,0.08038521,0.0,0.0,4.460884e-16,-28.424156,2.4086607,0.8028869,0.112,0.0,0.15198027,32.820286,32.850285,3507200
hardzero_plus_depr__c0p56__z1p00__lam0p030__nu0p50__psi1p00,hardzero_plus_depr,0.08,40,1096,0.0,1,0.46804255,0.46804255,0.9897807,0.10238097,0.10238097,1.0,4.432124e-17,4.3290507e-16,-25.82763,2.177561,0.7258537,0.120000005,0.0,0.13348787,32.850285,32.880283,3510400
hardzero_plus_depr__c0p56__z1p00__lam0p030__nu0p50__psi1p00,hardzero_plus_depr,0.08,40,1097,0.0,1,0.46804255,0.46804255,1.0488441,0.0,0.089362614,0.0,0.0,4.2011127e-16,-27.3953,2.307503,0.76916766,0.104,0.0,0.12573716,32.880283,32.910282,3513600
hardzero_plus_depr__c0p56__z1p00__lam0p030__nu0p50__psi1p00,hardzero_plus_depr,0.08,40,1098,0.0,1,0.46804255,0.46804255,1.0995103,0.0,0.07952243,0.0,0.0,4.0769562e-16,-28.816664,2.418971,0.8063237,0.14400001,0.0,0.18855198,32.910282,32.94028,3516800
hardzero_plus_depr__c0p56__z1p00__lam0p030__nu0p50__psi1p00,hardzero_plus_depr,0.08,40,1099,0.0,1,0.46804255,0.46804255,0.99603087,0.100918114,0.100918114,1.0,3.9927935e-17,3.9564687e-16,-26.68082,2.1913116,0.7304372,0.104,0.0,0.17659014,32.94028,32.97028,3520000
hardzero_plus_depr__c0p56__z1p00__lam0p030__nu0p50__psi1p00,hardzero_plus_depr,0.08,40,1100,0.0,1,0.46804255,0.46804255,1.0726677,0.0,0.08459257,0.0,0.0,3.8395424e-16,-27.952005,2.359916,0.7866387,0.16800001,0.0,0.14491348,32.97028,33.00028,3523200
hardzero_plus_depr__c0p56__z1p00__lam0p030__nu0p50__psi1p00,hardzero_plus_depr,0.08,40,1101,0.0,1,0.46804255,0.46804255,0.9783015,0.10512316,0.10512316,1.0,3.916964e-17,3.7260712e-16,-26.934475,2.1523063,0.7174355,0.16000001,0.0,0.15736364,33.00028,33.030277,3526400
hardzero_plus_depr__c0p56__z1p00__lam0p030__nu0p50__psi1p00,hardzero_plus_depr,0.08,40,1102,0.0,1,0.46804255,0.46804255,1.0370487,0.0,0.09182296,0.0,0.0,3.6159535e-16,-27.586576,2.2815528,0.7605176,0.16000001,0.0,0.16026244,33.030277,33.060276,3529600
hardzero_plus_depr__c0p56__z1p00__lam0p030__nu0p50__psi1p00,hardzero_plus_depr,0.08,40,1103,0.0,1,0.46804255,0.46804255,1.0229629,0.0,0.094849944,0.0,0.0,3.5090905e-16,-26.268349,2.2505634,0.7501878,0.17600001,0.0,0.123045094,33.060276,33.090275,3532800
hardzero_plus_depr__c0p56__z1p00__lam0p030__nu0p50__psi1p00,hardzero_plus_depr,0.08,40,1104,0.0,1,0.46804255,0.46804255,1.0545666,0.0,0.08819286,0.0,0.0,3.405385e-16,-27.98529,2.320093,0.7733643,0.16800001,0.0,0.1575336,33.090275,33.120274,3536000
hardzero_plus_depr__c0p56__z1p00__lam0p030__nu0p50__psi1p00,hardzero_plus_depr,0.08,40,1105,0.0,1,0.46804255,0.46804255,1.0493861,0.0,0.089251146,0.0,0.0,3.3047448e-16,-27.375511,2.3086956,0.7695652,0.12,0.0,0.1342351,33.120274,33.150272,3539200
hardzero_plus_depr__c0p56__z1p00__lam0p030__nu0p50__psi1p00,hardzero_plus_depr,0.08,40,1106,0.0,1,0.46804255,0.46804255,1.0429419,0.0,0.09058537,0.0,0.0,3.2070785e-16,-27.448187,2.294518,0.76483935,0.14400001,0.0,0.15246624,33.150272,33.18027,3542400
hardzero_plus_depr__c0p56__z1p00__lam0p030__nu0p50__psi1p00,hardzero_plus_depr,0.08,40,1107,0.0,1,0.46804255,0.46804255,1.0037792,0.0,0.099133596,0.0,0.0,3.112299e-16,-26.965717,2.2083583,0.73611945,0.208,0.008,0.15510224,33.18027,33.21027,3545600
hardzero_plus_depr__c0p56__z1p00__lam0p030__nu0p50__psi1p00,hardzero_plus_depr,0.08,40,1108,0.0,1,0.46804255,0.46804255,1.0514227,0.0,0.08883361,0.0,0.0,3.0203204e-16,-28.190014,2.3131762,0.77105874,0.136,0.0,0.1657464,33.21027,33.24027,3548800
hardzero_plus_depr__c0p56__z1p00__lam0p030__nu0p50__psi1p00,hardzero_plus_depr,0.08,40,1109,0.0,1,0.46804255,0.46804255,1.0410808,0.0,0.09097439,0.0,0.0,2.9310598e-16,-27.464306,2.2904236,0.7634746,0.128,0.0,0.14819147,33.24027,33.270267,3552000
hardzero_plus_depr__c0p56__z1p00__lam0p030__nu0p50__psi1p00,hardzero_plus_depr,0.08,40,1110,0.0,1,0.46804255,0.46804255,1.0358716,0.0,0.09207217,0.0,0.0,2.8444375e-16,-28.110682,2.278963,0.7596544,0.23200001,0.0,0.1609787,33.270267,33.300266,3555200
hardzero_plus_depr__c0p56__z1p00__lam0p030__nu0p50__psi1p00,hardzero_plus_depr,0.08,40,1111,0.0,1,0.46804255,0.46804255,1.0364593,0.0,0.09194766,0.0,0.0,2.760375e-16,-27.325241,2.280256,0.76008534,0.15200001,0.0,0.14648524,33.300266,33.330265,3558400
hardzero_plus_depr__c0p56__z1p00__lam0p030__nu0p50__psi1p00,hardzero_plus_depr,0.08,40,1112,0.0,1,0.46804255,0.46804255,1.0267259,0.0,0.094031654,0.0,0.0,2.678797e-16,-27.593872,2.258842,0.75294733,0.208,0.0,0.13231523,33.330265,33.360264,3561600
hardzero_plus_depr__c0p56__z1p00__lam0p030__nu0p50__psi1p00,hardzero_plus_depr,0.08,40,1113,0.0,1,0.46804255,0.46804255,0.94494015,0.113516726,0.113516726,1.0,2.9510145e-17,2.5996296e-16,-25.595583,2.0789099,0.69297,0.17600001,0.0,0.1333253,33.360264,33.390263,3564800
hardzero_plus_depr__c0p56__z1p00__lam0p030__nu0p50__psi1p00,hardzero_plus_depr,0.08,40,1114,0.0,1,0.46804255,0.46804255,1.014713,0.0,0.09666893,0.0,0.0,2.5228021e-16,-26.800787,2.2324133,0.74413776,0.15200001,0.0,0.14098532,33.390263,33.42026,3568000
hardzero_plus_depr__c0p56__z1p00__lam0p030__nu0p50__psi1p00,hardzero_plus_depr,0.08,40,1115,0.0,1,0.46804255,0.46804255,0.99789923,0.10048489,0.10048489,1.0,2.4601164e-17,2.448245e-16,-26.690514,2.1954222,0.7318074,0.224,0.0,0.17670324,33.42026,33.45026,3571200
hardzero_plus_depr__c0p56__z1p00__lam0p030__nu0p50__psi1p00,hardzero_plus_depr,0.08,40,1116,0.0,1,0.46804255,0.46804255,1.0279021,0.0,0.09377732,0.0,0.0,2.3758912e-16,-27.180038,2.2614298,0.7538099,0.16000001,0.0,0.17310818,33.45026,33.48026,3574400
hardzero_plus_depr__c0p56__z1p00__lam0p030__nu0p50__psi1p00,hardzero_plus_depr,0.08,40,1117,0.0,1,0.46804255,0.46804255,1.0339727,0.0,0.092475615,0.0,0.0,2.305676e-16,-28.173048,2.2747855,0.75826186,0.096,0.0,0.14052695,33.48026,33.510258,3577600
hardzero_plus_depr__c0p56__z1p00__lam0p030__nu0p50__psi1p00,hardzero_plus_depr,0.08,40,1118,0.0,1,0.46804255,0.46804255,1.0454541,0.0,0.090062894,0.0,0.0,2.2375357e-16,-27.25954,2.300045,0.7666817,0.14,0.0,0.15454525,33.510258,33.540257,3580800
hardzero_plus_depr__c0p56__z1p00__lam0p030__nu0p50__psi1p00,hardzero_plus_depr,0.08,40,1119,0.0,1,0.46804255,0.46804255,1.0480676,0.0,0.08952255,0.0,0.0,2.171409e-16,-27.082005,2.3057947,0.76859826,0.15200001,0.0,0.15317266,33.540257,33.570255,3584000
hardzero_plus_depr__c0p56__z1p00__lam0p030__nu0p50__psi1p00,hardzero_plus_depr,0.08,40,1120,0.0,1,0.46804255,0.46804255,1.0816108,0.0,0.08286844,0.0,0.0,2.1072368e-16,-28.333666,2.3795912,0.7931971,0.112,0.0,0.1681867,33.570255,33.600254,3587200
hardzero_plus_depr__c0p56__z1p00__lam0p030__nu0p50__psi1p00,hardzero_plus_depr,0.08,40,1121,0.0,1,0.46804255,0.46804255,1.032067,0.0,0.09288233,0.0,0.0,2.0449613e-16,-27.022182,2.2705927,0.75686425,0.192,0.0,0.14258765,33.600254,33.630253,3590400
hardzero_plus_depr__c0p56__z1p00__lam0p030__nu0p50__psi1p00,hardzero_plus_depr,0.08,40,1122,0.0,1,0.46804255,0.46804255,1.0126907,0.0,0.09712015,0.0,0.0,1.9845257e-16,-27.599365,2.227964,0.7426547,0.17600001,0.0,0.1533497,33.630253,33.66025,3593600
hardzero_plus_depr__c0p56__z1p00__lam0p030__nu0p50__psi1p00,hardzero_plus_depr,0.08,40,1123,0.0,1,0.46804255,0.46804255,1.0041356,0.0,0.09905225,0.0,0.0,1.9258764e-16,-26.523634,2.2091424,0.7363808,0.192,0.0,0.14905302,33.66025,33.69025,3596800
hardzero_plus_depr__c0p56__z1p00__lam0p030__nu0p50__psi1p00,hardzero_plus_depr,0.08,40,1124,0.0,1,0.46804255,0.46804255,1.011233,0.0,0.09744667,0.0,0.0,1.8689606e-16,-27.081192,2.224757,0.7415857,0.17600001,0.0,0.12490967,33.69025,33.72025,3600000
hardzero_plus_depr__c0p56__z1p00__lam0p030__nu0p50__psi1p00,hardzero_plus_depr,0.08,40,1125,0.0,1,0.46804255,0.46804255,1.0906733,0.0,0.08115711,0.0,0.0,1.8137265e-16,-28.508821,2.3995292,0.7998431,0.112,0.0,0.16312185,33.72025,33.750248,3603200
hardzero_plus_depr__c0p56__z1p00__lam0p030__nu0p50__psi1p00,hardzero_plus_depr,0.08,40,1126,0.0,1,0.46804255,0.46804255,1.025874,0.0,0.09421627,0.0,0.0,1.7601251e-16,-26.420534,2.256968,0.7523227,0.120000005,0.0,0.12307048,33.750248,33.780247,3606400
hardzero_plus_depr__c0p56__z1p00__lam0p030__nu0p50__psi1p00,hardzero_plus_depr,0.08,40,1127,0.0,1,0.46804255,0.46804255,1.0394446,0.0,0.0913178,0.0,0.0,1.7081076e-16,-27.171408,2.2868237,0.7622746,0.14400001,0.0,0.120572306,33.780247,33.810246,3609600
hardzero_plus_depr__c0p56__z1p00__lam0p030__nu0p50__psi1p00,hardzero_plus_depr,0.08,40,1128,0.0,1,0.46804255,0.46804255,1.0214186,0.0,0.09518783,0.0,0.0,1.6576273e-16,-26.543993,2.2471657,0.74905527,0.18400002,0.0,0.17202841,33.810246,33.840244,3612800
hardzero_plus_depr__c0p56__z1p00__lam0p030__nu0p50__psi1p00,hardzero_plus_depr,0.08,40,1129,0.0,1,0.46804255,0.46804255,1.055696,0.0,0.08796379,0.0,0.0,1.608639e-16,-28.76515,2.3225777,0.7741926,0.104,0.0,0.13554215,33.840244,33.870243,3616000
hardzero_plus_depr__c0p56__z1p00__lam0p030__nu0p50__psi1p00,hardzero_plus_depr,0.08,40,1130,0.0,1,0.46804255,0.46804255,1.0460912,0.0,0.08993087,0.0,0.0,1.5610984e-16,-27.468283,2.3014467,0.7671489,0.17600001,0.0,0.1466269,33.870243,33.90024,3619200
hardzero_plus_depr__c0p56__z1p00__lam0p030__nu0p50__psi1p00,hardzero_plus_depr,0.08,40,1131,0.0,1,0.46804255,0.46804255,1.0216359,0.0,0.095140204,0.0,0.0,1.5149629e-16,-26.677347,2.2476437,0.7492146,0.14,0.0,0.13808145,33.90024,33.93024,3622400
hardzero_plus_depr__c0p56__z1p00__lam0p030__nu0p50__psi1p00,hardzero_plus_depr,0.08,40,1132,0.0,1,0.46804255,0.46804255,1.0270667,0.0,0.0939579,0.0,0.0,1.4701909e-16,-28.387169,2.2595918,0.7531973,0.15200001,0.0,0.1515474,33.93024,33.96024,3625600
hardzero_plus_depr__c0p56__z1p00__lam0p030__nu0p50__psi1p00,hardzero_plus_depr,0.08,40,1133,0.0,1,0.46804255,0.46804255,1.0309701,0.0,0.0931172,0.0,0.0,1.4267419e-16,-27.54882,2.2681794,0.7560598,0.216,0.0,0.13810405,33.96024,33.99024,3628800
hardzero_plus_depr__c0p56__z1p00__lam0p030__nu0p50__psi1p00,hardzero_plus_depr,0.08,40,1134,0.0,1,0.46804255,0.46804255,0.9904175,0.10223099,0.10223099,1.0,1.4154667e-17,1.384577e-16,-25.948343,2.178962,0.7263207,0.15200001,0.0,0.13900974,33.99024,34.020237,3632000
hardzero_plus_depr__c0p56__z1p00__lam0p030__nu0p50__psi1p00,hardzero_plus_depr,0.08,40,1135,0.0,1,0.46804255,0.46804255,1.0193149,0.0,0.09565003,0.0,0.0,1.343658e-16,-26.838135,2.2425375,0.7475125,0.16800001,0.0,0.13067871,34.020237,34.050236,3635200
hardzero_plus_depr__c0p56__z1p00__lam0p030__nu0p50__psi1p00,hardzero_plus_depr,0.08,40,1136,0.0,1,0.46804255,0.46804255,1.0490639,0.0,0.08931739,0.0,0.0,1.3039487e-16,-27.75836,2.3079867,0.76932895,0.16800001,0.0,0.14299405,34.050236,34.080235,3638400
hardzero_plus_depr__c0p56__z1p00__lam0p030__nu0p50__psi1p00,hardzero_plus_depr,0.08,40,1137,0.0,1,0.46804255,0.46804255,0.9980632,0.100446954,0.100446954,1.0,1.2710685e-17,1.2654127e-16,-26.28876,2.195783,0.73192763,0.192,0.0,0.15524136,34.080235,34.110233,3641600
hardzero_plus_depr__c0p56__z1p00__lam0p030__nu0p50__psi1p00,hardzero_plus_depr,0.08,40,1138,0.0,1,0.46804255,0.46804255,1.0269252,0.0,0.0939885,0.0,0.0,1.2280155e-16,-26.97429,2.2592807,0.7530936,0.096,0.0,0.1563565,34.110233,34.140232,3644800
hardzero_plus_depr__c0p56__z1p00__lam0p030__nu0p50__psi1p00,hardzero_plus_depr,0.08,40,1139,0.0,1,0.46804255,0.46804255,1.0669858,0.0,0.08570657,0.0,0.0,1.1917236e-16,-27.848661,2.3474157,0.7824719,0.096,0.0,0.15826796,34.140232,34.17023,3648000
hardzero_plus_depr__c0p56__z1p00__lam0p030__nu0p50__psi1p00,hardzero_plus_depr,0.08,40,1140,0.0,1,0.46804255,0.46804255,1.0774652,0.0,0.08366326,0.0,0.0,1.1565044e-16,-28.354027,2.3704708,0.79015696,0.128,0.0,0.14167951,34.17023,34.20023,3651200
hardzero_plus_depr__c0p56__z1p00__lam0p030__nu0p50__psi1p00,hardzero_plus_depr,0.08,40,1141,0.0,1,0.46804255,0.46804255,0.98334855,0.103908576,0.103908576,1.0,1.1661927e-17,1.1223258e-16,-26.424002,2.16341,0.7211367,0.128,0.0,0.14208159,34.20023,34.23023,3654400
hardzero_plus_depr__c0p56__z1p00__lam0p030__nu0p50__psi1p00,hardzero_plus_depr,0.08,40,1142,0.0,1,0.46804255,0.46804255,1.0110018,0.0,0.09749854,0.0,0.0,1.08915745e-16,-27.334768,2.2242484,0.74141616,0.16000001,0.0,0.16398883,34.23023,34.260227,3657600
hardzero_plus_depr__c0p56__z1p00__lam0p030__nu0p50__psi1p00,hardzero_plus_depr,0.08,40,1143,0.0,1,0.46804255,0.46804255,1.098548,0.0,0.07969882,0.0,0.0,1.0569693e-16,-28.933832,2.416854,0.805618,0.14400001,0.0,0.15869066,34.260227,34.290226,3660800
hardzero_plus_depr__c0p56__z1p00__lam0p030__nu0p50__psi1p00,hardzero_plus_depr,0.08,40,1144,0.0,1,0.46804255,0.46804255,1.0584139,0.0,0.087415025,0.0,0.0,1.0257323e-16,-28.238005,2.328557,0.7761857,0.14999999,0.0,0.16636938,34.290226,34.320225,3664000
hardzero_plus_depr__c0p56__z1p00__lam0p030__nu0p50__psi1p00,hardzero_plus_depr,0.08,40,1145,0.0,1,0.46804255,0.46804255,1.0278648,0.0,0.09378538,0.0,0.0,9.954186e-17,-27.41343,2.2613478,0.75378263,0.136,0.0,0.13833077,34.320225,34.350224,3667200
hardzero_plus_depr__c0p56__z1p00__lam0p030__nu0p50__psi1p00,hardzero_plus_depr,0.08,40,1146,0.0,1,0.46804255,0.46804255,1.0306174,0.0,0.093192846,0.0,0.0,9.660007e-17,-26.721304,2.2674034,0.75580114,0.15200001,0.0,0.14592418,34.350224,34.380222,3670400
hardzero_plus_depr__c0p56__z1p00__lam0p030__nu0p50__psi1p00,hardzero_plus_depr,0.08,40,1147,0.0,1,0.46804255,0.46804255,0.9679967,0.107647315,0.107647315,1.0,1.00914215e-17,9.374522e-17,-26.228989,2.1296353,0.70987844,0.16800001,0.0,0.15607502,34.380222,34.41022,3673600
hardzero_plus_depr__c0p56__z1p00__lam0p030__nu0p50__psi1p00,hardzero_plus_depr,0.08,40,1148,0.0,1,0.46804255,0.46804255,1.0578388,0.0,0.087530866,0.0,0.0,9.097474e-17,-27.498293,2.3272917,0.7757639,0.192,0.0,0.14548631,34.41022,34.44022,3676800
hardzero_plus_depr__c0p56__z1p00__lam0p030__nu0p50__psi1p00,hardzero_plus_depr,0.08,40,1149,0.0,1,0.46804255,0.46804255,1.031682,0.0,0.09296468,0.0,0.0,8.828614e-17,-27.07599,2.2697458,0.75658196,0.096,0.0,0.13445115,34.44022,34.47022,3680000
hardzero_plus_depr__c0p56__z1p00__lam0p030__nu0p50__psi1p00,hardzero_plus_depr,0.08,40,1150,0.0,1,0.46804255,0.46804255,1.0312091,0.0,0.093065955,0.0,0.0,8.567699e-17,-27.290625,2.2687054,0.7562351,0.15200001,0.0,0.16137874,34.47022,34.500217,3683200
hardzero_plus_depr__c0p56__z1p00__lam0p030__nu0p50__psi1p00,hardzero_plus_depr,0.08,40,1151,0.0,1,0.46804255,0.46804255,1.050927,0.0,0.088935055,0.0,0.0,8.314495e-17,-27.272146,2.3120856,0.7706952,0.14400001,0.0,0.14518178,34.500217,34.530216,3686400
hardzero_plus_depr__c0p56__z1p00__lam0p030__nu0p50__psi1p00,hardzero_plus_depr,0.08,40,1152,0.0,1,0.46804255,0.46804255,1.011297,0.0,0.09743232,0.0,0.0,8.0687756e-17,-27.858982,2.2248979,0.74163264,0.16800001,0.0,0.14103618,34.530216,34.560215,3689600
hardzero_plus_depr__c0p56__z1p00__lam0p030__nu0p50__psi1p00,hardzero_plus_depr,0.08,40,1153,0.0,1,0.46804255,0.46804255,1.0208901,0.0,0.09530373,0.0,0.0,7.830316e-17,-26.95833,2.2460032,0.7486677,0.16800001,0.0,0.14815103,34.560215,34.590214,3692800
hardzero_plus_depr__c0p56__z1p00__lam0p030__nu0p50__psi1p00,hardzero_plus_depr,0.08,40,1154,0.0,1,0.46804255,0.46804255,1.0596057,0.0,0.08717546,0.0,0.0,7.5989046e-17,-28.429943,2.3311791,0.77705973,0.16000001,0.0,0.14492577,34.590214,34.620213,3696000
hardzero_plus_depr__c0p56__z1p00__lam0p030__nu0p50__psi1p00,hardzero_plus_depr,0.08,40,1155,0.0,1,0.46804255,0.46804255,1.0568736,0.0,0.08772562,0.0,0.0,7.3743324e-17,-27.793037,2.3251684,0.7750561,0.14400001,0.0,0.16250288,34.620213,34.65021,3699200
hardzero_plus_depr__c0p56__z1p00__lam0p030__nu0p50__psi1p00,hardzero_plus_depr,0.08,40,1156,0.0,1,0.46804255,0.46804255,0.9763543,0.10559557,0.10559557,1.0,7.5568375e-18,7.156397e-17,-26.118326,2.1480224,0.7160075,0.128,0.0,0.121111736,34.65021,34.68021,3702400
hardzero_plus_depr__c0p56__z1p00__lam0p030__nu0p50__psi1p00,hardzero_plus_depr,0.08,40,1157,0.0,1,0.46804255,0.46804255,0.96979374,0.10720282,0.10720282,1.0,7.44513e-18,6.944901e-17,-27.53372,2.1335888,0.7111963,0.19999999,0.0,0.13385616,34.68021,34.71021,3705600
hardzero_plus_depr__c0p56__z1p00__lam0p030__nu0p50__psi1p00,hardzero_plus_depr,0.08,40,1158,0.0,1,0.46804255,0.46804255,0.98174185,0.10429373,0.10429373,1.0,7.029039e-18,6.7396565e-17,-27.495712,2.1598752,0.7199584,0.16800001,0.0,0.16931304,34.71021,34.740208,3708800
hardzero_plus_depr__c0p56__z1p00__lam0p030__nu0p50__psi1p00,hardzero_plus_depr,0.08,40,1159,0.0,1,0.46804255,0.46804255,1.1171508,0.0,0.07635707,0.0,0.0,6.540478e-17,-28.776258,2.4577808,0.8192603,0.14400001,0.0,0.16935934,34.740208,34.770206,3712000
hardzero_plus_depr__c0p56__z1p00__lam0p030__nu0p50__psi1p00,hardzero_plus_depr,0.08,40,1160,0.0,1,0.46804255,0.46804255,1.0817218,0.0,0.08284727,0.0,0.0,6.347185e-17,-28.42512,2.3798354,0.79327846,0.120000005,0.0,0.16197304,34.770206,34.800205,3715200
hardzero_plus_depr__c0p56__z1p00__lam0p030__nu0p50__psi1p00,hardzero_plus_depr,0.08,40,1161,0.0,1,0.46804255,0.46804255,1.0096201,0.0,0.09780925,0.0,0.0,6.159605e-17,-26.568295,2.2212086,0.7404029,0.16000001,0.0,0.15356474,34.800205,34.830204,3718400
hardzero_plus_depr__c0p56__z1p00__lam0p030__nu0p50__psi1p00,hardzero_plus_depr,0.08,40,1162,0.0,1,0.46804255,0.46804255,1.0527157,0.0,0.08856953,0.0,0.0,5.977569e-17,-26.350374,2.3160207,0.7720069,0.128,0.0,0.17027797,34.830204,34.860203,3721600
hardzero_plus_depr__c0p56__z1p00__lam0p030__nu0p50__psi1p00,hardzero_plus_depr,0.08,40,1163,0.0,1,0.46804255,0.46804255,1.0541271,0.0,0.08828213,0.0,0.0,5.800912e-17,-28.152525,2.319126,0.77304196,0.18400002,0.0,0.15672544,34.860203,34.8902,3724800
hardzero_plus_depr__c0p56__z1p00__lam0p030__nu0p50__psi1p00,hardzero_plus_depr,0.08,40,1164,0.0,1,0.46804255,0.46804255,1.009135,0.0,0.09791854,0.0,0.0,5.629476e-17,-26.566036,2.2201414,0.74004716,0.17600001,0.0,0.14197053,34.8902,34.9202,3728000
hardzero_plus_depr__c0p56__z1p00__lam0p030__nu0p50__psi1p00,hardzero_plus_depr,0.08,40,1165,0.0,1,0.46804255,0.46804255,1.0385646,0.0,0.09150301,0.0,0.0,5.4631067e-17,-26.40794,2.2848878,0.7616293,0.14400001,0.0,0.14478546,34.9202,34.9502,3731200
hardzero_plus_depr__c0p56__z1p00__lam0p030__nu0p50__psi1p00,hardzero_plus_depr,0.08,40,1166,0.0,1,0.46804255,0.46804255,0.9738757,0.10619995,0.10619995,1.0,5.6303537e-18,5.301654e-17,-26.736935,2.1425693,0.71418977,0.24800001,0.0,0.14391086,34.9502,34.980198,3734400
hardzero_plus_depr__c0p56__z1p00__lam0p030__nu0p50__psi1p00,hardzero_plus_depr,0.08,40,1167,0.0,1,0.46804255,0.46804255,1.0664268,0.0,0.08581699,0.0,0.0,5.1449724e-17,-27.572943,2.3461857,0.78206193,0.120000005,0.0,0.14305097,34.980198,35.010197,3737600
hardzero_plus_depr__c0p56__z1p00__lam0p030__nu0p50__psi1p00,hardzero_plus_depr,0.08,40,1168,0.0,1,0.46804255,0.46804255,1.0506257,0.0,0.08899678,0.0,0.0,4.9929217e-17,-27.517946,2.3114226,0.7704742,0.18400002,0.0,0.16007605,35.010197,35.040195,3740800
hardzero_plus_depr__c0p56__z1p00__lam0p030__nu0p50__psi1p00,hardzero_plus_depr,0.08,40,1169,0.0,1,0.46804255,0.46804255,1.059153,0.0,0.087266386,0.0,0.0,4.8453643e-17,-28.084562,2.330183,0.7767277,0.14400001,0.0,0.15948758,35.040195,35.070194,3744000
hardzero_plus_depr__c0p56__z1p00__lam0p030__nu0p50__psi1p00,hardzero_plus_depr,0.08,40,1170,0.0,1,0.46804255,0.46804255,0.98281044,0.104037404,0.104037404,1.0,4.8920136e-18,4.702168e-17,-25.983871,2.1622262,0.7207421,0.11,0.0,0.1246704,35.070194,35.100193,3747200
hardzero_plus_depr__c0p56__z1p00__lam0p030__nu0p50__psi1p00,hardzero_plus_depr,0.08,40,1171,0.0,1,0.46804255,0.46804255,0.9829602,0.104001544,0.104001544,1.0,4.745802e-18,4.5632034e-17,-27.38521,2.1625557,0.7208519,0.2,0.0,0.14586236,35.100193,35.13019,3750400
hardzero_plus_depr__c0p56__z1p00__lam0p030__nu0p50__psi1p00,hardzero_plus_depr,0.08,40,1172,0.0,1,0.46804255,0.46804255,1.0241042,0.0,0.09460099,0.0,0.0,4.4283458e-17,-27.004524,2.2530744,0.75102484,0.224,0.0,0.15593985,35.13019,35.16019,3753600
hardzero_plus_depr__c0p56__z1p00__lam0p030__nu0p50__psi1p00,hardzero_plus_depr,0.08,40,1173,0.0,1,0.46804255,0.46804255,1.0516535,0.0,0.088786416,0.0,0.0,4.2974736e-17,-27.386398,2.313684,0.771228,0.128,0.0,0.15929797,35.16019,35.19019,3756800
hardzero_plus_depr__c0p56__z1p00__lam0p030__nu0p50__psi1p00,hardzero_plus_depr,0.08,40,1174,0.0,1,0.46804255,0.46804255,1.0253398,0.0,0.09433223,0.0,0.0,4.170469e-17,-27.185915,2.2557926,0.7519309,0.120000005,0.0,0.15001963,35.19019,35.22019,3760000
hardzero_plus_depr__c0p56__z1p00__lam0p030__nu0p50__psi1p00,hardzero_plus_depr,0.08,40,1175,0.0,1,0.46804255,0.46804255,1.0717008,0.0,0.08478112,0.0,0.0,4.047218e-17,-28.097588,2.3577888,0.7859296,0.16800001,0.0,0.19175677,35.22019,35.250187,3763200
hardzero_plus_depr__c0p56__z1p00__lam0p030__nu0p50__psi1p00,hardzero_plus_depr,0.08,40,1176,0.0,1,0.46804255,0.46804255,1.085851,0.0,0.08206332,0.0,0.0,3.9276094e-17,-27.826704,2.3889198,0.7963066,0.17600001,0.0,0.15420265,35.250187,35.280186,3766400
hardzero_plus_depr__c0p56__z1p00__lam0p030__nu0p50__psi1p00,hardzero_plus_depr,0.08,40,1177,0.0,1,0.46804255,0.46804255,1.0674111,0.0,0.08562269,0.0,0.0,3.811536e-17,-27.460775,2.3483512,0.78278375,0.17600001,0.0,0.1420627,35.280186,35.310184,3769600
hardzero_plus_depr__c0p56__z1p00__lam0p030__nu0p50__psi1p00,hardzero_plus_depr,0.08,40,1178,0.0,1,0.46804255,0.46804255,1.0346798,0.0,0.092325196,0.0,0.0,3.6988923e-17,-27.43296,2.276341,0.75878036,0.16000001,0.0,0.13579895,35.310184,35.340183,3772800
hardzero_plus_depr__c0p56__z1p00__lam0p030__nu0p50__psi1p00,hardzero_plus_depr,0.08,40,1179,0.0,1,0.46804255,0.46804255,1.0338231,0.0,0.09250748,0.0,0.0,3.589578e-17,-27.090714,2.2744563,0.7581521,0.16800001,0.0,0.14349267,35.340183,35.370182,3776000
hardzero_plus_depr__c0p56__z1p00__lam0p030__nu0p50__psi1p00,hardzero_plus_depr,0.08,40,1180,0.0,1,0.46804255,0.46804255,1.0102204,0.0,0.09767413,0.0,0.0,3.483494e-17,-27.289728,2.2225292,0.74084306,0.192,0.0,0.14627434,35.370182,35.40018,3779200
hardzero_plus_depr__c0p56__z1p00__lam0p030__nu0p50__psi1p00,hardzero_plus_depr,0.08,40,1181,0.0,1,0.46804255,0.46804255,0.97157824,0.106763236,0.106763236,1.0,3.6091797e-18,3.3805456e-17,-26.605892,2.1375148,0.712505,0.096,0.0,0.107857265,35.40018,35.43018,3782400
hardzero_plus_depr__c0p56__z1p00__lam0p030__nu0p50__psi1p00,hardzero_plus_depr,0.08,40,1182,0.0,1,0.46804255,0.46804255,1.069175,0.0,0.08527564,0.0,0.0,3.2806393e-17,-27.582544,2.352232,0.78407735,0.16000001,0.0,0.15085001,35.43018,35.46018,3785600
hardzero_plus_depr__c0p56__z1p00__lam0p030__nu0p50__psi1p00,hardzero_plus_depr,0.08,40,1183,0.0,1,0.46804255,0.46804255,1.0203438,0.0,0.09542369,0.0,0.0,3.1836858e-17,-28.026424,2.244801,0.74826705,0.14999999,0.0,0.17763205,35.46018,35.490177,3788800
hardzero_plus_depr__c0p56__z1p00__lam0p030__nu0p50__psi1p00,hardzero_plus_depr,0.08,40,1184,0.0,1,0.46804255,0.46804255,1.0124016,0.0,0.09718482,0.0,0.0,3.0895973e-17,-26.128906,2.2273278,0.7424426,0.16000001,0.0,0.13713126,35.490177,35.520176,3792000
hardzero_plus_depr__c0p56__z1p00__lam0p030__nu0p50__psi1p00,hardzero_plus_depr,0.08,40,1185,0.0,1,0.46804255,0.46804255,1.032457,0.0,0.09279894,0.0,0.0,2.99829e-17,-27.679546,2.2714508,0.7571503,0.096,0.0,0.13756399,35.520176,35.550175,3795200
hardzero_plus_depr__c0p56__z1p00__lam0p030__nu0p50__psi1p00,hardzero_plus_depr,0.08,40,1186,0.0,1,0.46804255,0.46804255,1.0233417,0.0,0.09476725,0.0,0.0,2.9096803e-17,-27.182041,2.2513967,0.7504656,0.192,0.0,0.15562004,35.550175,35.580173,3798400
hardzero_plus_depr__c0p56__z1p00__lam0p030__nu0p50__psi1p00,hardzero_plus_depr,0.08,40,1187,0.0,1,0.46804255,0.46804255,1.0690913,0.0,0.08529208,0.0,0.0,2.82369e-17,-27.394918,2.352048,0.784016,0.136,0.0,0.15709178,35.580173,35.610172,3801600
hardzero_plus_depr__c0p56__z1p00__lam0p030__nu0p50__psi1p00,hardzero_plus_depr,0.08,40,1188,0.0,1,0.46804255,0.46804255,1.0425774,0.0,0.090661444,0.0,0.0,2.7402403e-17,-27.865519,2.293716,0.764572,0.15200001,0.0,0.13046725,35.610172,35.64017,3804800
hardzero_plus_depr__c0p56__z1p00__lam0p030__nu0p50__psi1p00,hardzero_plus_depr,0.08,40,1189,0.0,1,0.46804255,0.46804255,1.0319068,0.0,0.09291656,0.0,0.0,2.6592573e-17,-27.226458,2.2702403,0.75674677,0.136,0.0,0.16101559,35.64017,35.67017,3808000
hardzero_plus_depr__c0p56__z1p00__lam0p030__nu0p50__psi1p00,hardzero_plus_depr,0.08,40,1190,0.0,1,0.46804255,0.46804255,1.0568067,0.0,0.08773913,0.0,0.0,2.5806674e-17,-28.37495,2.325021,0.775007,0.112,0.0,0.16204546,35.67017,35.70017,3811200
hardzero_plus_depr__c0p56__z1p00__lam0p030__nu0p50__psi1p00,hardzero_plus_depr,0.08,40,1191,0.0,1,0.46804255,0.46804255,1.0807114,0.0,0.08304024,0.0,0.0,2.5044003e-17,-27.244873,2.3776124,0.79253745,0.120000005,0.0,0.13487113,35.70017,35.730167,3814400
hardzero_plus_depr__c0p56__z1p00__lam0p030__nu0p50__psi1p00,hardzero_plus_depr,0.08,40,1192,0.0,1,0.46804255,0.46804255,1.014275,0.0,0.096766494,0.0,0.0,2.4303872e-17,-27.681105,2.2314494,0.7438165,0.112,0.0,0.13129562,35.730167,35.760166,3817600
hardzero_plus_depr__c0p56__z1p00__lam0p030__nu0p50__psi1p00,hardzero_plus_depr,0.08,40,1193,0.0,1,0.46804255,0.46804255,0.9857963,0.1033246,0.1033246,1.0,2.436974e-18,2.3585613e-17,-26.366508,2.168795,0.72293174,0.17600001,0.0,0.13821612,35.760166,35.790165,3820800
hardzero_plus_depr__c0p56__z1p00__lam0p030__nu0p50__psi1p00,hardzero_plus_depr,0.08,40,1194,0.0,1,0.46804255,0.46804255,1.023641,0.0,0.09470195,0.0,0.0,2.2888579e-17,-27.362665,2.2520552,0.7506851,0.16000001,0.0,0.14932835,35.790165,35.820164,3824000
hardzero_plus_depr__c0p56__z1p00__lam0p030__nu0p50__psi1p00,hardzero_plus_depr,0.08,40,1195,0.0,1,0.46804255,0.46804255,1.0404304,0.0,0.09111073,0.0,0.0,2.2212147e-17,-27.387312,2.2889926,0.76299757,0.112,0.0,0.15314187,35.820164,35.850163,3827200
hardzero_plus_depr__c0p56__z1p00__lam0p030__nu0p50__psi1p00,hardzero_plus_depr,0.08,40,1196,0.0,1,0.46804255,0.46804255,0.9803561,0.10462703,0.10462703,1.0,2.2553094e-18,2.1555705e-17,-25.847118,2.1568265,0.71894217,0.12,0.0,0.11798021,35.850163,35.88016,3830400
hardzero_plus_depr__c0p56__z1p00__lam0p030__nu0p50__psi1p00,hardzero_plus_depr,0.08,40,1197,0.0,1,0.46804255,0.46804255,1.0527765,0.0,0.08855713,0.0,0.0,2.0918662e-17,-27.662325,2.3161545,0.7720515,0.104,0.0,0.16011554,35.88016,35.91016,3833600
hardzero_plus_depr__c0p56__z1p00__lam0p030__nu0p50__psi1p00,hardzero_plus_depr,0.08,40,1198,0.0,1,0.46804255,0.46804255,1.0095198,0.0,0.09783182,0.0,0.0,2.0300448e-17,-26.386902,2.220988,0.7403294,0.16000001,0.0,0.1445612,35.91016,35.94016,3836800
hardzero_plus_depr__c0p56__z1p00__lam0p030__nu0p50__psi1p00,hardzero_plus_depr,0.08,40,1199,0.0,1,0.46804255,0.46804255,1.0835094,0.0,0.08250695,0.0,0.0,1.9700504e-17,-28.551008,2.3837683,0.79458946,0.136,0.0,0.1750693,35.94016,35.970158,3840000
hardzero_plus_depr__c0p56__z1p00__lam0p030__nu0p50__psi1p00,hardzero_plus_depr,0.08,40,1200,0.0,1,0.46804255,0.46804255,1.0972373,0.0,0.07993973,0.0,0.0,1.911829e-17,-28.317814,2.4139705,0.80465686,0.096,0.0,0.15319936,35.970158,36.000156,3843200
hardzero_plus_depr__c0p56__z1p00__lam0p030__nu0p50__psi1p00,hardzero_plus_depr,0.08,40,1201,0.0,1,0.46804255,0.46804255,1.0941433,0.0,0.08051129,0.0,0.0,1.8553282e-17,-28.988234,2.4071634,0.80238783,0.112,0.0,0.1621749,36.000156,36.030155,3846400
hardzero_plus_depr__c0p56__z1p00__lam0p030__nu0p50__psi1p00,hardzero_plus_depr,0.08,40,1202,0.0,1,0.46804255,0.46804255,1.0760047,0.0,0.08394508,0.0,0.0,1.800497e-17,-27.47229,2.3672578,0.789086,0.16800001,0.0,0.15300754,36.030155,36.060154,3849600
hardzero_plus_depr__c0p56__z1p00__lam0p030__nu0p50__psi1p00,hardzero_plus_depr,0.08,40,1203,0.0,1,0.46804255,0.46804255,1.0559309,0.0,0.08791624,0.0,0.0,1.7472864e-17,-28.069977,2.3230944,0.7743648,0.14400001,0.0,0.14364243,36.060154,36.090153,3852800
hardzero_plus_depr__c0p56__z1p00__lam0p030__nu0p50__psi1p00,hardzero_plus_depr,0.08,40,1204,0.0,1,0.46804255,0.46804255,1.0273716,0.0,0.093891956,0.0,0.0,1.6956483e-17,-26.957548,2.2602627,0.75342095,0.104,0.0,0.1258433,36.090153,36.12015,3856000
hardzero_plus_depr__c0p56__z1p00__lam0p030__nu0p50__psi1p00,hardzero_plus_depr,0.08,40,1205,0.0,1,0.46804255,0.46804255,1.0119443,0.0,0.09728719,0.0,0.0,1.6455364e-17,-27.40205,2.226322,0.74210733,0.192,0.0,0.12860925,36.12015,36.15015,3859200
hardzero_plus_depr__c0p56__z1p00__lam0p030__nu0p50__psi1p00,hardzero_plus_depr,0.08,40,1206,0.0,1,0.46804255,0.46804255,1.0554507,0.0,0.08801351,0.0,0.0,1.5969054e-17,-27.552103,2.322038,0.7740127,0.128,0.0,0.1583266,36.15015,36.18015,3862400
hardzero_plus_depr__c0p56__z1p00__lam0p030__nu0p50__psi1p00,hardzero_plus_depr,0.08,40,1207,0.0,1,0.46804255,0.46804255,1.0402684,0.0,0.09114473,0.0,0.0,1.5497116e-17,-27.848545,2.2886362,0.7628788,0.096,0.0,0.13500074,36.18015,36.210148,3865600
hardzero_plus_depr__c0p56__z1p00__lam0p030__nu0p50__psi1p00,hardzero_plus_depr,0.08,40,1208,0.0,1,0.46804255,0.46804255,1.0883253,0.0,0.08159709,0.0,0.0,1.5039126e-17,-29.12845,2.3943634,0.79812115,0.080000006,0.0,0.17362474,36.210148,36.240147,3868800
hardzero_plus_depr__c0p56__z1p00__lam0p030__nu0p50__psi1p00,hardzero_plus_depr,0.08,40,1209,0.0,1,0.46804255,0.46804255,1.013321,0.0,0.09697928,0.0,0.0,1.4594669e-17,-26.796633,2.2293508,0.743117,0.16,0.0,0.15538794,36.240147,36.270145,3872000
hardzero_plus_depr__c0p56__z1p00__lam0p030__nu0p50__psi1p00,hardzero_plus_depr,0.08,40,1210,0.0,1,0.46804255,0.46804255,1.056015,0.0,0.0878992,0.0,0.0,1.4163349e-17,-27.64058,2.3232794,0.77442646,0.120000005,0.0,0.158497,36.270145,36.300144,3875200
hardzero_plus_depr__c0p56__z1p00__lam0p030__nu0p50__psi1p00,hardzero_plus_depr,0.08,40,1211,0.0,1,0.46804255,0.46804255,1.0265927,0.0,0.09406048,0.0,0.0,1.37447755e-17,-26.537552,2.2585492,0.75284976,0.16000001,0.0,0.14799926,36.300144,36.330143,3878400
hardzero_plus_depr__c0p56__z1p00__lam0p030__nu0p50__psi1p00,hardzero_plus_depr,0.08,40,1212,0.0,1,0.46804255,0.46804255,1.083661,0.0,0.08247817,0.0,0.0,1.3338572e-17,-28.477013,2.3841016,0.79470056,0.136,0.0,0.15779541,36.330143,36.36014,3881600
hardzero_plus_depr__c0p56__z1p00__lam0p030__nu0p50__psi1p00,hardzero_plus_depr,0.08,40,1213,0.0,1,0.46804255,0.46804255,1.0687507,0.0,0.085358985,0.0,0.0,1.2944374e-17,-27.609583,2.3512986,0.7837662,0.128,0.0,0.14356147,36.36014,36.39014,3884800
hardzero_plus_depr__c0p56__z1p00__lam0p030__nu0p50__psi1p00,hardzero_plus_depr,0.08,40,1214,0.0,1,0.46804255,0.46804255,1.0037358,0.0,0.0991435,0.0,0.0,1.2561825e-17,-26.926086,2.2082627,0.73608756,0.216,0.0,0.13813108,36.39014,36.42014,3888000
hardzero_plus_depr__c0p56__z1p00__lam0p030__nu0p50__psi1p00,hardzero_plus_depr,0.08,40,1215,0.0,1,0.46804255,0.46804255,1.060738,0.0,0.08694848,0.0,0.0,1.2190582e-17,-27.494247,2.3336701,0.7778901,0.120000005,0.0,0.12962754,36.42014,36.450138,3891200
hardzero_plus_depr__c0p56__z1p00__lam0p030__nu0p50__psi1p00,hardzero_plus_depr,0.08,40,1216,0.0,1,0.46804255,0.46804255,1.0294415,0.0,0.09344553,0.0,0.0,1.183031e-17,-26.856981,2.2648165,0.75493884,0.136,0.0,0.13579062,36.450138,36.480137,3894400
hardzero_plus_depr__c0p56__z1p00__lam0p030__nu0p50__psi1p00,hardzero_plus_depr,0.08,40,1217,0.0,1,0.46804255,0.46804255,1.0767764,0.0,0.08379605,0.0,0.0,1.1480686e-17,-27.5875,2.3689554,0.7896518,0.128,0.0,0.15379646,36.480137,36.510136,3897600
hardzero_plus_depr__c0p56__z1p00__lam0p030__nu0p50__psi1p00,hardzero_plus_depr,0.08,40,1218,0.0,1,0.46804255,0.46804255,1.0239931,0.0,0.0946252,0.0,0.0,1.1141393e-17,-27.096073,2.2528298,0.7509433,0.14400001,0.0,0.1531464,36.510136,36.540134,3900800
hardzero_plus_depr__c0p56__z1p00__lam0p030__nu0p50__psi1p00,hardzero_plus_depr,0.08,40,1219,0.0,1,0.46804255,0.46804255,1.0077336,0.0,0.09823503,0.0,0.0,1.0812128e-17,-27.225605,2.2170582,0.7390194,0.14400001,0.0,0.1360551,36.540134,36.570133,3904000
hardzero_plus_depr__c0p56__z1p00__lam0p030__nu0p50__psi1p00,hardzero_plus_depr,0.08,40,1220,0.0,1,0.46804255,0.46804255,0.9994806,0.100119665,0.100119665,1.0,1.0505151e-18,1.0492595e-17,-26.356411,2.1989012,0.7329671,0.14400001,0.0,0.13819669,36.570133,36.600132,3907200
hardzero_plus_depr__c0p56__z1p00__lam0p030__nu0p50__psi1p00,hardzero_plus_depr,0.08,40,1221,0.0,1,0.46804255,0.46804255,1.0973793,0.0,0.0799136,0.0,0.0,1.0182506e-17,-28.787514,2.4142828,0.80476093,0.16000001,0.0,0.15847717,36.600132,36.63013,3910400
hardzero_plus_depr__c0p56__z1p00__lam0p030__nu0p50__psi1p00,hardzero_plus_depr,0.08,40,1222,0.0,1,0.46804255,0.46804255,1.0315922,0.0,0.09298389,0.0,0.0,9.881578e-18,-27.27559,2.2695482,0.7565161,0.16,0.0,0.16989343,36.63013,36.66013,3913600
hardzero_plus_depr__c0p56__z1p00__lam0p030__nu0p50__psi1p00,hardzero_plus_depr,0.08,40,1223,0.0,1,0.46804255,0.46804255,1.088607,0.0,0.08154419,0.0,0.0,9.589545e-18,-28.705973,2.394983,0.7983277,0.192,0.0,0.1701273,36.66013,36.69013,3916800
hardzero_plus_depr__c0p56__z1p00__lam0p030__nu0p50__psi1p00,hardzero_plus_depr,0.08,40,1224,0.0,1,0.46804255,0.46804255,1.0098143,0.0,0.09776551,0.0,0.0,9.3061425e-18,-27.523655,2.2216358,0.7405453,0.080000006,0.0,0.116643555,36.69013,36.720127,3920000
hardzero_plus_depr__c0p56__z1p00__lam0p030__nu0p50__psi1p00,hardzero_plus_depr,0.08,40,1225,0.0,1,0.46804255,0.46804255,1.0145557,0.0,0.09670397,0.0,0.0,9.031115e-18,-27.154102,2.232067,0.74402237,0.128,0.0,0.13958918,36.720127,36.750126,3923200
hardzero_plus_depr__c0p56__z1p00__lam0p030__nu0p50__psi1p00,hardzero_plus_depr,0.08,40,1226,0.0,1,0.46804255,0.46804255,0.9949971,0.10115863,0.10115863,1.0,8.86576e-19,8.764216e-18,-26.22671,2.1890373,0.7296791,0.216,0.0,0.1277509,36.750126,36.780125,3926400
hardzero_plus_depr__c0p56__z1p00__lam0p030__nu0p50__psi1p00,hardzero_plus_depr,0.08,40,1227,0.0,1,0.46804255,0.46804255,1.0701475,0.0,0.085084885,0.0,0.0,8.505205e-18,-27.577454,2.3543715,0.7847905,0.14400001,0.0,0.13698001,36.780125,36.810123,3929600
hardzero_plus_depr__c0p56__z1p00__lam0p030__nu0p50__psi1p00,hardzero_plus_depr,0.08,40,1228,0.0,1,0.46804255,0.46804255,1.0484248,0.0,0.08944892,0.0,0.0,8.253848e-18,-26.980408,2.3065808,0.7688603,0.15200001,0.0,0.15414782,36.810123,36.840122,3932800
hardzero_plus_depr__c0p56__z1p00__lam0p030__nu0p50__psi1p00,hardzero_plus_depr,0.08,40,1229,0.0,1,0.46804255,0.46804255,1.0169419,0.0,0.096174076,0.0,0.0,8.00992e-18,-26.58811,2.2373168,0.7457723,0.16000001,0.0,0.12460606,36.840122,36.87012,3936000
hardzero_plus_depr__c0p56__z1p00__lam0p030__nu0p50__psi1p00,hardzero_plus_depr,0.08,40,1230,0.0,1,0.46804255,0.46804255,1.0491862,0.0,0.08929225,0.0,0.0,7.773201e-18,-27.225952,2.308256,0.76941866,0.2,0.0,0.14694248,36.87012,36.90012,3939200
hardzero_plus_depr__c0p56__z1p00__lam0p030__nu0p50__psi1p00,hardzero_plus_depr,0.08,40,1231,0.0,1,0.46804255,0.46804255,1.0813947,0.0,0.08290969,0.0,0.0,7.543477e-18,-27.557896,2.3791158,0.7930386,0.16000001,0.0,0.14166969,36.90012,36.93012,3942400
hardzero_plus_depr__c0p56__z1p00__lam0p030__nu0p50__psi1p00,hardzero_plus_depr,0.08,40,1232,0.0,1,0.46804255,0.46804255,1.017013,0.0,0.096158355,0.0,0.0,7.320543e-18,-26.86419,2.2374732,0.74582446,0.14400001,0.0,0.1690282,36.93012,36.960117,3945600
hardzero_plus_depr__c0p56__z1p00__lam0p030__nu0p50__psi1p00,hardzero_plus_depr,0.08,40,1233,0.0,1,0.46804255,0.46804255,1.0290263,0.0,0.09353491,0.0,0.0,7.104197e-18,-27.4114,2.263903,0.7546343,0.14400001,0.0,0.13610388,36.960117,36.990116,3948800
hardzero_plus_depr__c0p56__z1p00__lam0p030__nu0p50__psi1p00,hardzero_plus_depr,0.08,40,1234,0.0,1,0.46804255,0.46804255,1.0549353,0.0,0.08811801,0.0,0.0,6.894244e-18,-27.244604,2.320904,0.7736347,0.18400002,0.0,0.12923972,36.990116,37.020115,3952000
hardzero_plus_depr__c0p56__z1p00__lam0p030__nu0p50__psi1p00,hardzero_plus_depr,0.08,40,1235,0.0,1,0.46804255,0.46804255,1.0257235,0.0,0.094248936,0.0,0.0,6.6904965e-18,-27.171,2.2566366,0.7522122,0.19,0.0,0.15858383,37.020115,37.050114,3955200
hardzero_plus_depr__c0p56__z1p00__lam0p030__nu0p50__psi1p00,hardzero_plus_depr,0.08,40,1236,0.0,1,0.46804255,0.46804255,1.0080653,0.0,0.09816002,0.0,0.0,6.4927706e-18,-26.888556,2.217788,0.7392627,0.192,0.0,0.12836267,37.050114,37.080112,3958400
hardzero_plus_depr__c0p56__z1p00__lam0p030__nu0p50__psi1p00,hardzero_plus_depr,0.08,40,1237,0.0,1,0.46804255,0.46804255,1.0325412,0.0,0.092780955,0.0,0.0,6.300888e-18,-27.311855,2.2716358,0.7572119,0.120000005,0.0,0.1428226,37.080112,37.11011,3961600
hardzero_plus_depr__c0p56__z1p00__lam0p030__nu0p50__psi1p00,hardzero_plus_depr,0.08,40,1238,0.0,1,0.46804255,0.46804255,1.0810264,0.0,0.08298002,0.0,0.0,6.114676e-18,-28.455357,2.3783057,0.7927686,0.136,0.0,0.1695294,37.11011,37.14011,3964800
hardzero_plus_depr__c0p56__z1p00__lam0p030__nu0p50__psi1p00,hardzero_plus_depr,0.08,40,1239,0.0,1,0.46804255,0.46804255,1.0414944,0.0,0.09088781,0.0,0.0,5.9339675e-18,-27.496439,2.2913334,0.76377785,0.112,0.0,0.14421837,37.14011,37.17011,3968000
hardzero_plus_depr__c0p56__z1p00__lam0p030__nu0p50__psi1p00,hardzero_plus_depr,0.08,40,1240,0.0,1,0.46804255,0.46804255,1.0554171,0.0,0.08802031,0.0,0.0,5.758599e-18,-27.314648,2.3219638,0.77398795,0.112,0.0,0.13236208,37.17011,37.200108,3971200
hardzero_plus_depr__c0p56__z1p00__lam0p030__nu0p50__psi1p00,hardzero_plus_depr,0.08,40,1241,0.0,1,0.46804255,0.46804255,1.0546869,0.0,0.08816843,0.0,0.0,5.5884136e-18,-27.739805,2.3203576,0.7734525,0.064,0.0,0.13213824,37.200108,37.230106,3974400
hardzero_plus_depr__c0p56__z1p00__lam0p030__nu0p50__psi1p00,hardzero_plus_depr,0.08,40,1242,0.0,1,0.46804255,0.46804255,1.0062044,0.0,0.09858155,0.0,0.0,5.4232575e-18,-27.144054,2.2136939,0.737898,0.14400001,0.0,0.1648295,37.230106,37.260105,3977600
hardzero_plus_depr__c0p56__z1p00__lam0p030__nu0p50__psi1p00,hardzero_plus_depr,0.08,40,1243,0.0,1,0.46804255,0.46804255,1.0408155,0.0,0.09103,0.0,0.0,5.2629826e-18,-26.612661,2.2898397,0.7632799,0.096,0.0,0.14689367,37.260105,37.290104,3980800
hardzero_plus_depr__c0p56__z1p00__lam0p030__nu0p50__psi1p00,hardzero_plus_depr,0.08,40,1244,0.0,1,0.46804255,0.46804255,1.0418651,0.0,0.09081026,0.0,0.0,5.1074445e-18,-27.648302,2.292149,0.7640497,0.2,0.0,0.15831669,37.290104,37.320103,3984000
hardzero_plus_depr__c0p56__z1p00__lam0p030__nu0p50__psi1p00,hardzero_plus_depr,0.08,40,1245,0.0,1,0.46804255,0.46804255,1.0557748,0.0,0.08794783,0.0,0.0,4.9565022e-18,-27.809185,2.322751,0.7742504,0.16000001,0.0,0.16539268,37.320103,37.3501,3987200
hardzero_plus_depr__c0p56__z1p00__lam0p030__nu0p50__psi1p00,hardzero_plus_depr,0.08,40,1246,0.0,1,0.46804255,0.46804255,1.0178745,0.0,0.09596779,0.0,0.0,4.8100213e-18,-26.406908,2.2393687,0.74645627,0.16000001,0.0,0.14463119,37.3501,37.3801,3990400
hardzero_plus_depr__c0p56__z1p00__lam0p030__nu0p50__psi1p00,hardzero_plus_depr,0.08,40,1247,0.0,1,0.46804255,0.46804255,0.99483186,0.10119712,0.10119712,1.0,4.7237493e-19,4.667869e-18,-27.176231,2.1886737,0.72955793,0.136,0.0,0.12573366,37.3801,37.4101,3993600
hardzero_plus_depr__c0p56__z1p00__lam0p030__nu0p50__psi1p00,hardzero_plus_depr,0.08,40,1248,0.0,1,0.46804255,0.46804255,1.0054781,0.0,0.09874654,0.0,0.0,4.529919e-18,-27.940159,2.212096,0.73736537,0.22999999,0.0,0.14612478,37.4101,37.440098,3996800
hardzero_plus_depr__c0p56__z1p00__lam0p030__nu0p50__psi1p00,hardzero_plus_depr,0.08,40,1249,0.0,1,0.46804255,0.46804255,1.0675788,0.0,0.08558963,0.0,0.0,4.3960447e-18,-28.267641,2.3487203,0.7829068,0.14400001,0.0,0.1907365,37.440098,37.470097,4000000
