mechanism_tag,mechanism,alpha,seed,update,update_u,update_counter,energy_E_pre,energy_E_post,funding_z,funding_g,funding_g_raw,funding_cut_active,funding_income,funding_alpha_eff,episode_return_end_mean,terminal_min_dists_end_mean,terminal_dbar_end,terminal_occupied_end_mean,terminal_CSR_train,vartd_VarTD,depr_F,depr_F_post,env_steps
hardzero_only__c0p58__z1p05__lam0p000__nu0p50__psi0p00,hardzero_only,0.0,39,0,1.0,1,1.0,0.42000002,1.0312365,0.09306009,0.09306009,1.0,0.0,0.0,-27.434998,2.2687657,0.75625527,0.14999999,0.0,0.14993557,0.0,0.0,3200
hardzero_only__c0p58__z1p05__lam0p000__nu0p50__psi0p00,hardzero_only,0.0,39,1,0.0,1,0.42000002,0.42000002,0.99034107,0.102248944,0.102248944,1.0,0.0,0.0,-25.956192,2.178794,0.72626466,0.18400002,0.0,0.14349915,0.0,0.0,6400
hardzero_only__c0p58__z1p05__lam0p000__nu0p50__psi0p00,hardzero_only,0.0,39,2,0.0,1,0.42000002,0.42000002,1.059887,0.0,0.087119,0.0,0.0,0.0,-27.824345,2.331798,0.777266,0.15200001,0.0,0.16884239,0.0,0.0,9600
hardzero_only__c0p58__z1p05__lam0p000__nu0p50__psi0p00,hardzero_only,0.0,39,3,0.0,1,0.42000002,0.42000002,1.0191605,0.095684044,0.095684044,1.0,0.0,0.0,-28.626385,2.242198,0.74739933,0.208,0.0,0.12685628,0.0,0.0,12800
hardzero_only__c0p58__z1p05__lam0p000__nu0p50__psi0p00,hardzero_only,0.0,39,4,0.0,1,0.42000002,0.42000002,0.9776742,0.10527514,0.10527514,1.0,0.0,0.0,-25.679977,2.150926,0.7169754,0.14400001,0.0,0.13222295,0.0,0.0,16000
hardzero_only__c0p58__z1p05__lam0p000__nu0p50__psi0p00,hardzero_only,0.0,39,5,0.0,1,0.42000002,0.42000002,1.0209205,0.09529705,0.09529705,1.0,0.0,0.0,-26.15458,2.24607,0.74869,0.120000005,0.0,0.13187034,0.0,0.0,19200
hardzero_only__c0p58__z1p05__lam0p000__nu0p50__psi0p00,hardzero_only,0.0,39,6,0.0,1,0.42000002,0.42000002,1.0735103,0.0,0.08442863,0.0,0.0,0.0,-27.573233,2.3617697,0.7872566,0.16000001,0.0,0.14411533,0.0,0.0,22400
hardzero_only__c0p58__z1p05__lam0p000__nu0p50__psi0p00,hardzero_only,0.0,39,7,0.0,1,0.42000002,0.42000002,1.0277045,0.093820006,0.093820006,1.0,0.0,0.0,-27.901098,2.260995,0.753665,0.14400001,0.0,0.15414624,0.0,0.0,25600
hardzero_only__c0p58__z1p05__lam0p000__nu0p50__psi0p00,hardzero_only,0.0,39,8,0.0,1,0.42000002,0.42000002,1.0551465,0.0,0.08807518,0.0,0.0,0.0,-27.718729,2.3213685,0.7737895,0.096,0.0,0.13141693,0.0,0.0,28800
hardzero_only__c0p58__z1p05__lam0p000__nu0p50__psi0p00,hardzero_only,0.0,39,9,0.0,1,0.42000002,0.42000002,1.0630507,0.0,0.08648668,0.0,0.0,0.0,-29.02969,2.3387585,0.7795862,0.14400001,0.0,0.17441674,0.0,0.0,32000
hardzero_only__c0p58__z1p05__lam0p000__nu0p50__psi0p00,hardzero_only,0.0,39,10,0.0,1,0.42000002,0.42000002,1.000397,0.09990863,0.09990863,1.0,0.0,0.0,-26.929127,2.2009172,0.7336391,0.192,0.0,0.13204363,0.0,0.0,35200
hardzero_only__c0p58__z1p05__lam0p000__nu0p50__psi0p00,hardzero_only,0.0,39,11,0.0,1,0.42000002,0.42000002,1.0160794,0.09636527,0.09636527,1.0,0.0,0.0,-27.055298,2.2354193,0.7451398,0.112,0.0,0.13026172,0.0,0.0,38400
hardzero_only__c0p58__z1p05__lam0p000__nu0p50__psi0p00,hardzero_only,0.0,39,12,0.0,1,0.42000002,0.42000002,0.9771323,0.10540656,0.10540656,1.0,0.0,0.0,-26.661505,2.149734,0.716578,0.192,0.0,0.14456762,0.0,0.0,41600
hardzero_only__c0p58__z1p05__lam0p000__nu0p50__psi0p00,hardzero_only,0.0,39,13,0.0,1,0.42000002,0.42000002,0.95949817,0.10977458,0.10977458,1.0,0.0,0.0,-26.651064,2.110938,0.70364606,0.19,0.0,0.15377568,0.0,0.0,44800
hardzero_only__c0p58__z1p05__lam0p000__nu0p50__psi0p00,hardzero_only,0.0,39,14,0.0,1,0.42000002,0.42000002,1.0302498,0.093271755,0.093271755,1.0,0.0,0.0,-27.049194,2.266595,0.75553167,0.08800001,0.0,0.13830633,0.0,0.0,48000
hardzero_only__c0p58__z1p05__lam0p000__nu0p50__psi0p00,hardzero_only,0.0,39,15,0.0,1,0.42000002,0.42000002,0.950543,0.11206164,0.11206164,1.0,0.0,0.0,-26.249496,2.0912364,0.6970788,0.128,0.0,0.11830699,0.0,0.0,51200
hardzero_only__c0p58__z1p05__lam0p000__nu0p50__psi0p00,hardzero_only,0.0,39,16,0.0,1,0.42000002,0.42000002,1.0019838,0.09954425,0.09954425,1.0,0.0,0.0,-27.059229,2.2044084,0.73480284,0.192,0.0,0.12837346,0.0,0.0,54400
hardzero_only__c0p58__z1p05__lam0p000__nu0p50__psi0p00,hardzero_only,0.0,39,17,0.0,1,0.42000002,0.42000002,1.0190295,0.0957129,0.0957129,1.0,0.0,0.0,-27.356934,2.2419097,0.74730325,0.17600001,0.0,0.13814645,0.0,0.0,57600
hardzero_only__c0p58__z1p05__lam0p000__nu0p50__psi0p00,hardzero_only,0.0,39,18,0.0,1,0.42000002,0.42000002,1.0228881,0.09486629,0.09486629,1.0,0.0,0.0,-26.496225,2.2503986,0.7501329,0.16800001,0.0,0.16072741,0.0,0.0,60800
hardzero_only__c0p58__z1p05__lam0p000__nu0p50__psi0p00,hardzero_only,0.0,39,19,0.0,1,0.42000002,0.42000002,1.0352914,0.09219524,0.09219524,1.0,0.0,0.0,-27.475166,2.2776866,0.7592289,0.14400001,0.0,0.15676107,0.0,0.0,64000
hardzero_only__c0p58__z1p05__lam0p000__nu0p50__psi0p00,hardzero_only,0.0,39,20,0.0,1,0.42000002,0.42000002,0.97063816,0.10699459,0.10699459,1.0,0.0,0.0,-26.020771,2.1354465,0.71181554,0.192,0.0,0.15394849,0.0,0.0,67200
hardzero_only__c0p58__z1p05__lam0p000__nu0p50__psi0p00,hardzero_only,0.0,39,21,0.0,1,0.42000002,0.42000002,1.0143734,0.09674455,0.09674455,1.0,0.0,0.0,-27.633436,2.231666,0.74388874,0.14400001,0.0,0.13604303,0.0,0.0,70400
hardzero_only__c0p58__z1p05__lam0p000__nu0p50__psi0p00,hardzero_only,0.0,39,22,0.0,1,0.42000002,0.42000002,1.0107306,0.097559445,0.097559445,1.0,0.0,0.0,-26.84007,2.223652,0.7412173,0.16000001,0.0,0.13298157,0.0,0.0,73600
hardzero_only__c0p58__z1p05__lam0p000__nu0p50__psi0p00,hardzero_only,0.0,39,23,0.0,1,0.42000002,0.42000002,1.0734215,0.0,0.08444589,0.0,0.0,0.0,-27.351767,2.3615744,0.7871915,0.17600001,0.0,0.18248726,0.0,0.0,76800
hardzero_only__c0p58__z1p05__lam0p000__nu0p50__psi0p00,hardzero_only,0.0,39,24,0.0,1,0.42000002,0.42000002,0.98748946,0.10292256,0.10292256,1.0,0.0,0.0,-26.873869,2.1725202,0.7241734,0.136,0.0,0.1320003,0.0,0.0,80000
hardzero_only__c0p58__z1p05__lam0p000__nu0p50__psi0p00,hardzero_only,0.0,39,25,0.0,1,0.42000002,0.42000002,1.1025975,0.0,0.07895916,0.0,0.0,0.0,-29.033474,2.425763,0.8085877,0.136,0.0,0.15852407,0.0,0.0,83200
hardzero_only__c0p58__z1p05__lam0p000__nu0p50__psi0p00,hardzero_only,0.0,39,26,0.0,1,0.42000002,0.42000002,1.0178776,0.095967114,0.095967114,1.0,0.0,0.0,-27.459557,2.2393754,0.7464585,0.19,0.0,0.1422328,0.0,0.0,86400
hardzero_only__c0p58__z1p05__lam0p000__nu0p50__psi0p00,hardzero_only,0.0,39,27,0.0,1,0.42000002,0.42000002,1.0615327,0.0,0.08678951,0.0,0.0,0.0,-27.940575,2.3354187,0.7784729,0.112,0.0,0.16975962,0.0,0.0,89600
hardzero_only__c0p58__z1p05__lam0p000__nu0p50__psi0p00,hardzero_only,0.0,39,28,0.0,1,0.42000002,0.42000002,1.0358422,0.092078395,0.092078395,1.0,0.0,0.0,-27.76284,2.2788982,0.75963277,0.17600001,0.0,0.1991105,0.0,0.0,92800
hardzero_only__c0p58__z1p05__lam0p000__nu0p50__psi0p00,hardzero_only,0.0,39,29,0.0,1,0.42000002,0.42000002,1.0209869,0.09528249,0.09528249,1.0,0.0,0.0,-27.163488,2.246216,0.7487387,0.15200001,0.0,0.16010742,0.0,0.0,96000
hardzero_only__c0p58__z1p05__lam0p000__nu0p50__psi0p00,hardzero_only,0.0,39,30,0.0,1,0.42000002,0.42000002,1.0771,0.0,0.08373364,0.0,0.0,0.0,-28.106506,2.3696675,0.7898892,0.136,0.008,0.1743615,0.0,0.0,99200
hardzero_only__c0p58__z1p05__lam0p000__nu0p50__psi0p00,hardzero_only,0.0,39,31,0.0,1,0.42000002,0.42000002,1.0445008,0.09026078,0.09026078,1.0,0.0,0.0,-27.902412,2.2979476,0.76598257,0.16800001,0.0,0.14809155,0.0,0.0,102400
hardzero_only__c0p58__z1p05__lam0p000__nu0p50__psi0p00,hardzero_only,0.0,39,32,0.0,1,0.42000002,0.42000002,0.9829468,0.10400474,0.10400474,1.0,0.0,0.0,-27.309244,2.1625261,0.72084206,0.15200001,0.0,0.14135303,0.0,0.0,105600
hardzero_only__c0p58__z1p05__lam0p000__nu0p50__psi0p00,hardzero_only,0.0,39,33,0.0,1,0.42000002,0.42000002,1.0398676,0.09122889,0.09122889,1.0,0.0,0.0,-27.07834,2.2877545,0.76258487,0.112,0.0,0.13918748,0.0,0.0,108800
hardzero_only__c0p58__z1p05__lam0p000__nu0p50__psi0p00,hardzero_only,0.0,39,34,0.0,1,0.42000002,0.42000002,1.0659387,0.0,0.08591347,0.0,0.0,0.0,-27.784008,2.345112,0.78170407,0.128,0.0,0.15048684,0.0,0.0,112000
hardzero_only__c0p58__z1p05__lam0p000__nu0p50__psi0p00,hardzero_only,0.0,39,35,0.0,1,0.42000002,0.42000002,1.0191934,0.09567679,0.09567679,1.0,0.0,0.0,-27.066942,2.2422702,0.7474234,0.16000001,0.0,0.16468681,0.0,0.0,115200
hardzero_only__c0p58__z1p05__lam0p000__nu0p50__psi0p00,hardzero_only,0.0,39,36,0.0,1,0.42000002,0.42000002,1.0705218,0.0,0.08501158,0.0,0.0,0.0,-28.116978,2.355195,0.78506505,0.17600001,0.0,0.1793773,0.0,0.0,118400
hardzero_only__c0p58__z1p05__lam0p000__nu0p50__psi0p00,hardzero_only,0.0,39,37,0.0,1,0.42000002,0.42000002,1.066452,0.0,0.08581198,0.0,0.0,0.0,-28.562569,2.3462412,0.7820804,0.15200001,0.0,0.14364329,0.0,0.0,121600
hardzero_only__c0p58__z1p05__lam0p000__nu0p50__psi0p00,hardzero_only,0.0,39,38,0.0,1,0.42000002,0.42000002,1.1410509,0.0,0.07226849,0.0,0.0,0.0,-29.664997,2.5103621,0.8367874,0.120000005,0.0,0.19619411,0.0,0.0,124800
hardzero_only__c0p58__z1p05__lam0p000__nu0p50__psi0p00,hardzero_only,0.0,39,39,0.0,1,0.42000002,0.42000002,0.9904433,0.102224894,0.102224894,1.0,0.0,0.0,-26.157692,2.1790187,0.7263396,0.16,0.0,0.119717255,0.0,0.0,128000
hardzero_only__c0p58__z1p05__lam0p000__nu0p50__psi0p00,hardzero_only,0.0,39,40,0.0,1,0.42000002,0.42000002,1.0433242,0.09050567,0.09050567,1.0,0.0,0.0,-27.530798,2.2953591,0.76511973,0.096,0.0,0.14333221,0.0,0.0,131200
hardzero_only__c0p58__z1p05__lam0p000__nu0p50__psi0p00,hardzero_only,0.0,39,41,0.0,1,0.42000002,0.42000002,1.0167313,0.096220754,0.096220754,1.0,0.0,0.0,-26.300938,2.2368534,0.7456178,0.104,0.0,0.13860944,0.0,0.0,134400
hardzero_only__c0p58__z1p05__lam0p000__nu0p50__psi0p00,hardzero_only,0.0,39,42,0.0,1,0.42000002,0.42000002,1.0418401,0.09081548,0.09081548,1.0,0.0,0.0,-27.053295,2.292094,0.76403135,0.24000001,0.0,0.15827537,0.0,0.0,137600
hardzero_only__c0p58__z1p05__lam0p000__nu0p50__psi0p00,hardzero_only,0.0,39,43,0.0,1,0.42000002,0.42000002,1.0624148,0.0,0.086613424,0.0,0.0,0.0,-28.456459,2.3373592,0.77911973,0.112,0.0,0.16076341,0.0,0.0,140800
hardzero_only__c0p58__z1p05__lam0p000__nu0p50__psi0p00,hardzero_only,0.0,39,44,0.0,1,0.42000002,0.42000002,1.0708541,0.0,0.08494659,0.0,0.0,0.0,-27.657902,2.355926,0.7853087,0.08800001,0.0,0.12953292,0.0,0.0,144000
hardzero_only__c0p58__z1p05__lam0p000__nu0p50__psi0p00,hardzero_only,0.0,39,45,0.0,1,0.42000002,0.42000002,1.0388217,0.09144885,0.09144885,1.0,0.0,0.0,-27.251322,2.2854533,0.7618178,0.17600001,0.0,0.14696333,0.0,0.0,147200
hardzero_only__c0p58__z1p05__lam0p000__nu0p50__psi0p00,hardzero_only,0.0,39,46,0.0,1,0.42000002,0.42000002,1.055539,0.0,0.08799561,0.0,0.0,0.0,-27.95855,2.3222322,0.7740774,0.104,0.0,0.14538765,0.0,0.0,150400
hardzero_only__c0p58__z1p05__lam0p000__nu0p50__psi0p00,hardzero_only,0.0,39,47,0.0,1,0.42000002,0.42000002,1.0627433,0.0,0.08654792,0.0,0.0,0.0,-28.233398,2.338082,0.7793607,0.16800001,0.0,0.18412182,0.0,0.0,153600
hardzero_only__c0p58__z1p05__lam0p000__nu0p50__psi0p00,hardzero_only,0.0,39,48,0.0,1,0.42000002,0.42000002,1.036826,0.091870055,0.091870055,1.0,0.0,0.0,-27.691263,2.2810628,0.7603543,0.136,0.0,0.13985986,0.0,0.0,156800
hardzero_only__c0p58__z1p05__lam0p000__nu0p50__psi0p00,hardzero_only,0.0,39,49,0.0,1,0.42000002,0.42000002,1.0285366,0.09364043,0.09364043,1.0,0.0,0.0,-27.660643,2.2628255,0.7542752,0.16000001,0.0,0.18943526,0.0,0.0,160000
hardzero_only__c0p58__z1p05__lam0p000__nu0p50__psi0p00,hardzero_only,0.0,39,50,0.0,1,0.42000002,0.42000002,1.0724972,0.0,0.08462579,0.0,0.0,0.0,-27.179153,2.359541,0.7865137,0.104,0.0,0.13747747,0.0,0.0,163200
hardzero_only__c0p58__z1p05__lam0p000__nu0p50__psi0p00,hardzero_only,0.0,39,51,0.0,1,0.42000002,0.42000002,1.054507,0.0,0.08820495,0.0,0.0,0.0,-27.704226,2.3199618,0.7733206,0.14400001,0.0,0.14035612,0.0,0.0,166400
hardzero_only__c0p58__z1p05__lam0p000__nu0p50__psi0p00,hardzero_only,0.0,39,52,0.0,1,0.42000002,0.42000002,1.0963811,0.0,0.080097504,0.0,0.0,0.0,-28.33566,2.4120865,0.80402887,0.14,0.01,0.15946199,0.0,0.0,169600
hardzero_only__c0p58__z1p05__lam0p000__nu0p50__psi0p00,hardzero_only,0.0,39,53,0.0,1,0.42000002,0.42000002,1.0532262,0.0,0.08846547,0.0,0.0,0.0,-27.521118,2.317144,0.7723813,0.16800001,0.0,0.13904233,0.0,0.0,172800
hardzero_only__c0p58__z1p05__lam0p000__nu0p50__psi0p00,hardzero_only,0.0,39,54,0.0,1,0.42000002,0.42000002,1.0548337,0.0,0.08813864,0.0,0.0,0.0,-27.700754,2.3206804,0.77356017,0.128,0.0,0.14483684,0.0,0.0,176000
hardzero_only__c0p58__z1p05__lam0p000__nu0p50__psi0p00,hardzero_only,0.0,39,55,0.0,1,0.42000002,0.42000002,1.0776391,0.0,0.08362977,0.0,0.0,0.0,-27.466648,2.3708534,0.7902845,0.17600001,0.0,0.1373621,0.0,0.0,179200
hardzero_only__c0p58__z1p05__lam0p000__nu0p50__psi0p00,hardzero_only,0.0,39,56,0.0,1,0.42000002,0.42000002,1.0391781,0.09137384,0.09137384,1.0,0.0,0.0,-28.127098,2.2862375,0.7620792,0.14400001,0.0,0.13921276,0.0,0.0,182400
hardzero_only__c0p58__z1p05__lam0p000__nu0p50__psi0p00,hardzero_only,0.0,39,57,0.0,1,0.42000002,0.42000002,0.98642653,0.10317476,0.10317476,1.0,0.0,0.0,-26.000784,2.1701818,0.7233939,0.264,0.0,0.15433595,0.0,0.0,185600
hardzero_only__c0p58__z1p05__lam0p000__nu0p50__psi0p00,hardzero_only,0.0,39,58,0.0,1,0.42000002,0.42000002,1.0479681,0.08954304,0.08954304,1.0,0.0,0.0,-27.951138,2.305576,0.76852536,0.14400001,0.0,0.13254717,0.0,0.0,188800
hardzero_only__c0p58__z1p05__lam0p000__nu0p50__psi0p00,hardzero_only,0.0,39,59,0.0,1,0.42000002,0.42000002,1.1093788,0.0,0.07773582,0.0,0.0,0.0,-28.01324,2.4406822,0.8135607,0.15200001,0.0,0.1444882,0.0,0.0,192000
hardzero_only__c0p58__z1p05__lam0p000__nu0p50__psi0p00,hardzero_only,0.0,39,60,0.0,1,0.42000002,0.42000002,1.0437809,0.09041054,0.09041054,1.0,0.0,0.0,-27.666924,2.2963638,0.76545465,0.104,0.0,0.13851857,0.0,0.0,195200
hardzero_only__c0p58__z1p05__lam0p000__nu0p50__psi0p00,hardzero_only,0.0,39,61,0.0,1,0.42000002,0.42000002,1.0681483,0.0,0.08547749,0.0,0.0,0.0,-27.746582,2.349973,0.78332436,0.136,0.0,0.1481797,0.0,0.0,198400
hardzero_only__c0p58__z1p05__lam0p000__nu0p50__psi0p00,hardzero_only,0.0,39,62,0.0,1,0.42000002,0.42000002,1.0432969,0.090511344,0.090511344,1.0,0.0,0.0,-28.539837,2.295299,0.7650997,0.128,0.0,0.13405655,0.0,0.0,201600
hardzero_only__c0p58__z1p05__lam0p000__nu0p50__psi0p00,hardzero_only,0.0,39,63,0.0,1,0.42000002,0.42000002,1.0072789,0.098337926,0.098337926,1.0,0.0,0.0,-25.835949,2.2160578,0.73868597,0.224,0.0,0.11875911,0.0,0.0,204800
hardzero_only__c0p58__z1p05__lam0p000__nu0p50__psi0p00,hardzero_only,0.0,39,64,0.0,1,0.42000002,0.42000002,0.9969432,0.10070634,0.10070634,1.0,0.0,0.0,-26.787321,2.1933188,0.7311063,0.224,0.0,0.12580092,0.0,0.0,208000
hardzero_only__c0p58__z1p05__lam0p000__nu0p50__psi0p00,hardzero_only,0.0,39,65,0.0,1,0.42000002,0.42000002,1.0215684,0.09515499,0.09515499,1.0,0.0,0.0,-27.112919,2.2474954,0.7491652,0.11,0.0,0.14761363,0.0,0.0,211200
hardzero_only__c0p58__z1p05__lam0p000__nu0p50__psi0p00,hardzero_only,0.0,39,66,0.0,1,0.42000002,0.42000002,1.0659231,0.0,0.085916564,0.0,0.0,0.0,-28.592524,2.3450775,0.7816925,0.08800001,0.0,0.15355629,0.0,0.0,214400
hardzero_only__c0p58__z1p05__lam0p000__nu0p50__psi0p00,hardzero_only,0.0,39,67,0.0,1,0.42000002,0.42000002,1.1067773,0.0,0.078202866,0.0,0.0,0.0,-28.47965,2.4349587,0.8116529,0.112,0.0,0.18022978,0.0,0.0,217600
hardzero_only__c0p58__z1p05__lam0p000__nu0p50__psi0p00,hardzero_only,0.0,39,68,0.0,1,0.42000002,0.42000002,1.0495361,0.089220345,0.089220345,1.0,0.0,0.0,-27.429668,2.3090255,0.7696752,0.14400001,0.0,0.12604496,0.0,0.0,220800
hardzero_only__c0p58__z1p05__lam0p000__nu0p50__psi0p00,hardzero_only,0.0,39,69,0.0,1,0.42000002,0.42000002,1.0518937,0.0,0.08873731,0.0,0.0,0.0,-27.597355,2.3142123,0.77140415,0.136,0.0,0.14589392,0.0,0.0,224000
hardzero_only__c0p58__z1p05__lam0p000__nu0p50__psi0p00,hardzero_only,0.0,39,70,0.0,1,0.42000002,0.42000002,1.0411901,0.09095149,0.09095149,1.0,0.0,0.0,-27.875349,2.290664,0.7635547,0.14400001,0.0,0.15028849,0.0,0.0,227200
hardzero_only__c0p58__z1p05__lam0p000__nu0p50__psi0p00,hardzero_only,0.0,39,71,0.0,1,0.42000002,0.42000002,1.043453,0.09047883,0.09047883,1.0,0.0,0.0,-27.64562,2.2956424,0.76521415,0.104,0.0,0.14410497,0.0,0.0,230400
hardzero_only__c0p58__z1p05__lam0p000__nu0p50__psi0p00,hardzero_only,0.0,39,72,0.0,1,0.42000002,0.42000002,0.99884695,0.10026585,0.10026585,1.0,0.0,0.0,-26.39992,2.1975071,0.7325024,0.23200001,0.0,0.13697854,0.0,0.0,233600
hardzero_only__c0p58__z1p05__lam0p000__nu0p50__psi0p00,hardzero_only,0.0,39,73,0.0,1,0.42000002,0.42000002,1.0097524,0.097779445,0.097779445,1.0,0.0,0.0,-26.074865,2.2214997,0.7404999,0.17600001,0.0,0.14357106,0.0,0.0,236800
hardzero_only__c0p58__z1p05__lam0p000__nu0p50__psi0p00,hardzero_only,0.0,39,74,0.0,1,0.42000002,0.42000002,1.0329852,0.092686124,0.092686124,1.0,0.0,0.0,-27.247126,2.2726128,0.7575376,0.16000001,0.0,0.17008136,0.0,0.0,240000
hardzero_only__c0p58__z1p05__lam0p000__nu0p50__psi0p00,hardzero_only,0.0,39,75,0.0,1,0.42000002,0.42000002,1.0048695,0.09888503,0.09888503,1.0,0.0,0.0,-26.921375,2.210757,0.73691905,0.17600001,0.0,0.1550232,0.0,0.0,243200
hardzero_only__c0p58__z1p05__lam0p000__nu0p50__psi0p00,hardzero_only,0.0,39,76,0.0,1,0.42000002,0.42000002,1.0389541,0.09142098,0.09142098,1.0,0.0,0.0,-27.050837,2.2857447,0.7619149,0.104,0.0,0.13590625,0.0,0.0,246400
hardzero_only__c0p58__z1p05__lam0p000__nu0p50__psi0p00,hardzero_only,0.0,39,77,0.0,1,0.42000002,0.42000002,0.96556413,0.10825199,0.10825199,1.0,0.0,0.0,-26.184834,2.1242836,0.70809454,0.208,0.0,0.11811767,0.0,0.0,249600
hardzero_only__c0p58__z1p05__lam0p000__nu0p50__psi0p00,hardzero_only,0.0,39,78,0.0,1,0.42000002,0.42000002,1.0364467,0.09195033,0.09195033,1.0,0.0,0.0,-27.708391,2.2802281,0.76007605,0.19,0.0,0.15661347,0.0,0.0,252800
hardzero_only__c0p58__z1p05__lam0p000__nu0p50__psi0p00,hardzero_only,0.0,39,79,0.0,1,0.42000002,0.42000002,1.0204465,0.09540112,0.09540112,1.0,0.0,0.0,-27.508192,2.2450273,0.74834245,0.136,0.0,0.14354806,0.0,0.0,256000
hardzero_only__c0p58__z1p05__lam0p000__nu0p50__psi0p00,hardzero_only,0.0,39,80,0.0,1,0.42000002,0.42000002,1.0101231,0.09769601,0.09769601,1.0,0.0,0.0,-26.279512,2.2223153,0.7407718,0.16800001,0.0,0.13367148,0.0,0.0,259200
hardzero_only__c0p58__z1p05__lam0p000__nu0p50__psi0p00,hardzero_only,0.0,39,81,0.0,1,0.42000002,0.42000002,1.0580907,0.0,0.087480105,0.0,0.0,0.0,-27.901207,2.327846,0.7759487,0.112,0.0,0.14694957,0.0,0.0,262400
hardzero_only__c0p58__z1p05__lam0p000__nu0p50__psi0p00,hardzero_only,0.0,39,82,0.0,1,0.42000002,0.42000002,0.9799445,0.10472624,0.10472624,1.0,0.0,0.0,-26.055054,2.155921,0.7186403,0.192,0.0,0.14711367,0.0,0.0,265600
hardzero_only__c0p58__z1p05__lam0p000__nu0p50__psi0p00,hardzero_only,0.0,39,83,0.0,1,0.42000002,0.42000002,1.009771,0.09777525,0.09777525,1.0,0.0,0.0,-26.048235,2.2215405,0.7405135,0.2,0.0,0.13082299,0.0,0.0,268800
hardzero_only__c0p58__z1p05__lam0p000__nu0p50__psi0p00,hardzero_only,0.0,39,84,0.0,1,0.42000002,0.42000002,1.0436891,0.090429656,0.090429656,1.0,0.0,0.0,-27.559849,2.296162,0.7653873,0.112,0.0,0.14737847,0.0,0.0,272000
hardzero_only__c0p58__z1p05__lam0p000__nu0p50__psi0p00,hardzero_only,0.0,39,85,0.0,1,0.42000002,0.42000002,1.0560942,0.0,0.0878832,0.0,0.0,0.0,-27.657778,2.3234537,0.7744846,0.120000005,0.0,0.14411189,0.0,0.0,275200
hardzero_only__c0p58__z1p05__lam0p000__nu0p50__psi0p00,hardzero_only,0.0,39,86,0.0,1,0.42000002,0.42000002,1.043214,0.09052865,0.09052865,1.0,0.0,0.0,-27.629013,2.2951167,0.7650389,0.104,0.0,0.145671,0.0,0.0,278400
hardzero_only__c0p58__z1p05__lam0p000__nu0p50__psi0p00,hardzero_only,0.0,39,87,0.0,1,0.42000002,0.42000002,1.0332633,0.09262679,0.09262679,1.0,0.0,0.0,-26.964731,2.2732246,0.7577416,0.14400001,0.0,0.14507473,0.0,0.0,281600
hardzero_only__c0p58__z1p05__lam0p000__nu0p50__psi0p00,hardzero_only,0.0,39,88,0.0,1,0.42000002,0.42000002,1.0011529,0.099734895,0.099734895,1.0,0.0,0.0,-26.88686,2.2025802,0.73419344,0.14400001,0.0,0.15037492,0.0,0.0,284800
hardzero_only__c0p58__z1p05__lam0p000__nu0p50__psi0p00,hardzero_only,0.0,39,89,0.0,1,0.42000002,0.42000002,1.0492096,0.08928743,0.08928743,1.0,0.0,0.0,-28.522614,2.3083072,0.76943576,0.16000001,0.0,0.1751741,0.0,0.0,288000
hardzero_only__c0p58__z1p05__lam0p000__nu0p50__psi0p00,hardzero_only,0.0,39,90,0.0,1,0.42000002,0.42000002,1.0432236,0.090526626,0.090526626,1.0,0.0,0.0,-27.673985,2.295138,0.765046,0.18400002,0.0,0.13970433,0.0,0.0,291200
hardzero_only__c0p58__z1p05__lam0p000__nu0p50__psi0p00,hardzero_only,0.0,39,91,0.0,1,0.42000002,0.42000002,0.98614,0.10324284,0.10324284,1.0,0.0,0.0,-26.558657,2.1695514,0.7231838,0.12,0.0,0.16471973,0.0,0.0,294400
hardzero_only__c0p58__z1p05__lam0p000__nu0p50__psi0p00,hardzero_only,0.0,39,92,0.0,1,0.42000002,0.42000002,1.0257769,0.094237365,0.094237365,1.0,0.0,0.0,-26.869907,2.2567542,0.7522514,0.136,0.0,0.13861343,0.0,0.0,297600
hardzero_only__c0p58__z1p05__lam0p000__nu0p50__psi0p00,hardzero_only,0.0,39,93,0.0,1,0.42000002,0.42000002,1.0506643,0.0,0.08898887,0.0,0.0,0.0,-27.634436,2.3115077,0.77050257,0.136,0.0,0.15052429,0.0,0.0,300800
hardzero_only__c0p58__z1p05__lam0p000__nu0p50__psi0p00,hardzero_only,0.0,39,94,0.0,1,0.42000002,0.42000002,1.0366398,0.091909446,0.091909446,1.0,0.0,0.0,-27.89097,2.280653,0.76021767,0.216,0.0,0.15449728,0.0,0.0,304000
hardzero_only__c0p58__z1p05__lam0p000__nu0p50__psi0p00,hardzero_only,0.0,39,95,0.0,1,0.42000002,0.42000002,1.0623409,0.0,0.08662816,0.0,0.0,0.0,-28.632622,2.3371966,0.77906555,0.16000001,0.0,0.17744449,0.0,0.0,307200
hardzero_only__c0p58__z1p05__lam0p000__nu0p50__psi0p00,hardzero_only,0.0,39,96,0.0,1,0.42000002,0.42000002,1.0681787,0.0,0.0854715,0.0,0.0,0.0,-28.214565,2.35004,0.78334665,0.136,0.0,0.15951753,0.0,0.0,310400
hardzero_only__c0p58__z1p05__lam0p000__nu0p50__psi0p00,hardzero_only,0.0,39,97,0.0,1,0.42000002,0.42000002,1.0663705,0.0,0.085828096,0.0,0.0,0.0,-28.292656,2.346062,0.7820207,0.2,0.0,0.17150731,0.0,0.0,313600
hardzero_only__c0p58__z1p05__lam0p000__nu0p50__psi0p00,hardzero_only,0.0,39,98,0.0,1,0.42000002,0.42000002,1.0319387,0.09290977,0.09290977,1.0,0.0,0.0,-26.70082,2.2703104,0.75677013,0.192,0.0,0.13836744,0.0,0.0,316800
hardzero_only__c0p58__z1p05__lam0p000__nu0p50__psi0p00,hardzero_only,0.0,39,99,0.0,1,0.42000002,0.42000002,1.1152158,0.0,0.076698035,0.0,0.0,0.0,-28.17744,2.4535236,0.81784123,0.14400001,0.0,0.16702232,0.0,0.0,320000
hardzero_only__c0p58__z1p05__lam0p000__nu0p50__psi0p00,hardzero_only,0.0,39,100,0.0,1,0.42000002,0.42000002,1.0365313,0.091932416,0.091932416,1.0,0.0,0.0,-26.53338,2.2804146,0.7601382,0.136,0.0,0.15737809,0.0,0.0,323200
hardzero_only__c0p58__z1p05__lam0p000__nu0p50__psi0p00,hardzero_only,0.0,39,101,0.0,1,0.42000002,0.42000002,1.0433732,0.09049546,0.09049546,1.0,0.0,0.0,-27.033962,2.295467,0.7651557,0.136,0.0,0.13683687,0.0,0.0,326400
hardzero_only__c0p58__z1p05__lam0p000__nu0p50__psi0p00,hardzero_only,0.0,39,102,0.0,1,0.42000002,0.42000002,1.0742731,0.0,0.08428045,0.0,0.0,0.0,-28.729866,2.363448,0.787816,0.16000001,0.0,0.16436742,0.0,0.0,329600
hardzero_only__c0p58__z1p05__lam0p000__nu0p50__psi0p00,hardzero_only,0.0,39,103,0.0,1,0.42000002,0.42000002,1.0257369,0.094246015,0.094246015,1.0,0.0,0.0,-28.288149,2.2566662,0.75222206,0.14400001,0.008,0.17787316,0.0,0.0,332800
hardzero_only__c0p58__z1p05__lam0p000__nu0p50__psi0p00,hardzero_only,0.0,39,104,0.0,1,0.42000002,0.42000002,1.0476708,0.089604355,0.089604355,1.0,0.0,0.0,-27.78126,2.3049219,0.7683073,0.13,0.0,0.17128034,0.0,0.0,336000
hardzero_only__c0p58__z1p05__lam0p000__nu0p50__psi0p00,hardzero_only,0.0,39,105,0.0,1,0.42000002,0.42000002,1.0694726,0.0,0.08521724,0.0,0.0,0.0,-27.503372,2.3528867,0.78429556,0.120000005,0.0,0.14637373,0.0,0.0,339200
hardzero_only__c0p58__z1p05__lam0p000__nu0p50__psi0p00,hardzero_only,0.0,39,106,0.0,1,0.42000002,0.42000002,1.0084879,0.09806456,0.09806456,1.0,0.0,0.0,-27.161467,2.2187178,0.73957264,0.16000001,0.0,0.15536784,0.0,0.0,342400
hardzero_only__c0p58__z1p05__lam0p000__nu0p50__psi0p00,hardzero_only,0.0,39,107,0.0,1,0.42000002,0.42000002,1.0295687,0.09341815,0.09341815,1.0,0.0,0.0,-27.91713,2.2650964,0.7550322,0.208,0.0,0.13457556,0.0,0.0,345600
hardzero_only__c0p58__z1p05__lam0p000__nu0p50__psi0p00,hardzero_only,0.0,39,108,0.0,1,0.42000002,0.42000002,1.100946,0.0,0.07925999,0.0,0.0,0.0,-28.33212,2.4221294,0.8073765,0.136,0.0,0.13348417,0.0,0.0,348800
hardzero_only__c0p58__z1p05__lam0p000__nu0p50__psi0p00,hardzero_only,0.0,39,109,0.0,1,0.42000002,0.42000002,1.0419602,0.09079036,0.09079036,1.0,0.0,0.0,-27.389528,2.2923584,0.7641195,0.216,0.0,0.1449687,0.0,0.0,352000
hardzero_only__c0p58__z1p05__lam0p000__nu0p50__psi0p00,hardzero_only,0.0,39,110,0.0,1,0.42000002,0.42000002,1.0692619,0.0,0.08525857,0.0,0.0,0.0,-27.744026,2.3524232,0.78414106,0.112,0.0,0.14246161,0.0,0.0,355200
hardzero_only__c0p58__z1p05__lam0p000__nu0p50__psi0p00,hardzero_only,0.0,39,111,0.0,1,0.42000002,0.42000002,1.052024,0.0,0.0887107,0.0,0.0,0.0,-27.108505,2.3144991,0.77149975,0.17600001,0.0,0.17891985,0.0,0.0,358400
hardzero_only__c0p58__z1p05__lam0p000__nu0p50__psi0p00,hardzero_only,0.0,39,112,0.0,1,0.42000002,0.42000002,1.0627232,0.0,0.08655194,0.0,0.0,0.0,-28.482304,2.3380377,0.7793459,0.17600001,0.0,0.15721647,0.0,0.0,361600
hardzero_only__c0p58__z1p05__lam0p000__nu0p50__psi0p00,hardzero_only,0.0,39,113,0.0,1,0.42000002,0.42000002,1.0178399,0.095975436,0.095975436,1.0,0.0,0.0,-27.377552,2.2392926,0.7464309,0.216,0.0,0.17195466,0.0,0.0,364800
hardzero_only__c0p58__z1p05__lam0p000__nu0p50__psi0p00,hardzero_only,0.0,39,114,0.0,1,0.42000002,0.42000002,1.0267743,0.09402118,0.09402118,1.0,0.0,0.0,-26.29454,2.2589486,0.75298285,0.18400002,0.0,0.1447725,0.0,0.0,368000
hardzero_only__c0p58__z1p05__lam0p000__nu0p50__psi0p00,hardzero_only,0.0,39,115,0.0,1,0.42000002,0.42000002,1.0451348,0.09012914,0.09012914,1.0,0.0,0.0,-28.215712,2.2993424,0.7664475,0.14400001,0.0,0.14194445,0.0,0.0,371200
hardzero_only__c0p58__z1p05__lam0p000__nu0p50__psi0p00,hardzero_only,0.0,39,116,0.0,1,0.42000002,0.42000002,1.0350443,0.092247725,0.092247725,1.0,0.0,0.0,-27.332008,2.277143,0.7590477,0.17600001,0.0,0.12830515,0.0,0.0,374400
hardzero_only__c0p58__z1p05__lam0p000__nu0p50__psi0p00,hardzero_only,0.0,39,117,0.0,1,0.42000002,0.42000002,1.0503634,0.0,0.08905055,0.0,0.0,0.0,-27.996382,2.3108456,0.7702819,0.17999999,0.0,0.15820032,0.0,0.0,377600
hardzero_only__c0p58__z1p05__lam0p000__nu0p50__psi0p00,hardzero_only,0.0,39,118,0.0,1,0.42000002,0.42000002,1.0410581,0.09097917,0.09097917,1.0,0.0,0.0,-28.015884,2.2903736,0.7634579,0.104,0.0,0.14824092,0.0,0.0,380800
hardzero_only__c0p58__z1p05__lam0p000__nu0p50__psi0p00,hardzero_only,0.0,39,119,0.0,1,0.42000002,0.42000002,1.0428504,0.09060447,0.09060447,1.0,0.0,0.0,-28.306616,2.2943165,0.7647722,0.136,0.0,0.1474636,0.0,0.0,384000
hardzero_only__c0p58__z1p05__lam0p000__nu0p50__psi0p00,hardzero_only,0.0,39,120,0.0,1,0.42000002,0.42000002,1.0058492,0.0986622,0.0986622,1.0,0.0,0.0,-26.627718,2.2129126,0.7376375,0.16800001,0.0,0.14127673,0.0,0.0,387200
hardzero_only__c0p58__z1p05__lam0p000__nu0p50__psi0p00,hardzero_only,0.0,39,121,0.0,1,0.42000002,0.42000002,1.0454111,0.090071805,0.090071805,1.0,0.0,0.0,-27.287642,2.2999504,0.76665014,0.14400001,0.0,0.12658715,0.0,0.0,390400
hardzero_only__c0p58__z1p05__lam0p000__nu0p50__psi0p00,hardzero_only,0.0,39,122,0.0,1,0.42000002,0.42000002,0.9990084,0.10022857,0.10022857,1.0,0.0,0.0,-27.002243,2.1978624,0.73262084,0.136,0.0,0.11046062,0.0,0.0,393600
hardzero_only__c0p58__z1p05__lam0p000__nu0p50__psi0p00,hardzero_only,0.0,39,123,0.0,1,0.42000002,0.42000002,1.034208,0.09242552,0.09242552,1.0,0.0,0.0,-27.952831,2.2753031,0.7584344,0.15200001,0.0,0.1633387,0.0,0.0,396800
hardzero_only__c0p58__z1p05__lam0p000__nu0p50__psi0p00,hardzero_only,0.0,39,124,0.0,1,0.42000002,0.42000002,1.0490845,0.08931316,0.08931316,1.0,0.0,0.0,-27.53619,2.308032,0.76934403,0.128,0.0,0.13999858,0.0,0.0,400000
hardzero_only__c0p58__z1p05__lam0p000__nu0p50__psi0p00,hardzero_only,0.0,39,125,0.0,1,0.42000002,0.42000002,1.0195733,0.09559313,0.09559313,1.0,0.0,0.0,-26.738886,2.2431061,0.74770206,0.18400002,0.0,0.14043427,0.0,0.0,403200
hardzero_only__c0p58__z1p05__lam0p000__nu0p50__psi0p00,hardzero_only,0.0,39,126,0.0,1,0.42000002,0.42000002,1.0552818,0.0,0.08804774,0.0,0.0,0.0,-27.145164,2.3216662,0.77388877,0.080000006,0.0,0.17401434,0.0,0.0,406400
hardzero_only__c0p58__z1p05__lam0p000__nu0p50__psi0p00,hardzero_only,0.0,39,127,0.0,1,0.42000002,0.42000002,1.0759548,0.0,0.08395473,0.0,0.0,0.0,-27.930271,2.3671477,0.78904927,0.17600001,0.0,0.175268,0.0,0.0,409600
hardzero_only__c0p58__z1p05__lam0p000__nu0p50__psi0p00,hardzero_only,0.0,39,128,0.0,1,0.42000002,0.42000002,1.0064183,0.09853298,0.09853298,1.0,0.0,0.0,-27.19375,2.2141645,0.7380549,0.16000001,0.0,0.16272032,0.0,0.0,412800
hardzero_only__c0p58__z1p05__lam0p000__nu0p50__psi0p00,hardzero_only,0.0,39,129,0.0,1,0.42000002,0.42000002,1.020137,0.09546916,0.09546916,1.0,0.0,0.0,-27.383448,2.2443461,0.7481154,0.17600001,0.0,0.16217993,0.0,0.0,416000
hardzero_only__c0p58__z1p05__lam0p000__nu0p50__psi0p00,hardzero_only,0.0,39,130,0.0,1,0.42000002,0.42000002,1.0481799,0.0894994,0.0894994,1.0,0.0,0.0,-27.39299,2.3060417,0.7686806,0.14999999,0.0,0.18943128,0.0,0.0,419200
hardzero_only__c0p58__z1p05__lam0p000__nu0p50__psi0p00,hardzero_only,0.0,39,131,0.0,1,0.42000002,0.42000002,1.0502838,0.0,0.08906687,0.0,0.0,0.0,-27.950144,2.3106704,0.7702235,0.120000005,0.0,0.1453491,0.0,0.0,422400
hardzero_only__c0p58__z1p05__lam0p000__nu0p50__psi0p00,hardzero_only,0.0,39,132,0.0,1,0.42000002,0.42000002,1.039976,0.09120612,0.09120612,1.0,0.0,0.0,-27.145979,2.287993,0.7626643,0.16000001,0.0,0.15534008,0.0,0.0,425600
hardzero_only__c0p58__z1p05__lam0p000__nu0p50__psi0p00,hardzero_only,0.0,39,133,0.0,1,0.42000002,0.42000002,0.99165094,0.10194103,0.10194103,1.0,0.0,0.0,-26.964178,2.1816757,0.72722524,0.216,0.0,0.1492438,0.0,0.0,428800
hardzero_only__c0p58__z1p05__lam0p000__nu0p50__psi0p00,hardzero_only,0.0,39,134,0.0,1,0.42000002,0.42000002,1.0038135,0.09912575,0.09912575,1.0,0.0,0.0,-26.166685,2.2084339,0.73614466,0.16000001,0.0,0.12028753,0.0,0.0,432000
hardzero_only__c0p58__z1p05__lam0p000__nu0p50__psi0p00,hardzero_only,0.0,39,135,0.0,1,0.42000002,0.42000002,1.0637368,0.0,0.08635016,0.0,0.0,0.0,-27.068283,2.3402677,0.78008926,0.136,0.0,0.16927369,0.0,0.0,435200
hardzero_only__c0p58__z1p05__lam0p000__nu0p50__psi0p00,hardzero_only,0.0,39,136,0.0,1,0.42000002,0.42000002,1.0624847,0.0,0.08659946,0.0,0.0,0.0,-27.721317,2.3375132,0.7791711,0.14400001,0.0,0.15562846,0.0,0.0,438400
hardzero_only__c0p58__z1p05__lam0p000__nu0p50__psi0p00,hardzero_only,0.0,39,137,0.0,1,0.42000002,0.42000002,1.0641305,0.0,0.08627192,0.0,0.0,0.0,-27.40379,2.3411338,0.780378,0.120000005,0.0,0.16774037,0.0,0.0,441600
hardzero_only__c0p58__z1p05__lam0p000__nu0p50__psi0p00,hardzero_only,0.0,39,138,0.0,1,0.42000002,0.42000002,1.1178632,0.0,0.07623191,0.0,0.0,0.0,-28.690062,2.4593482,0.81978273,0.15200001,0.0,0.16870695,0.0,0.0,444800
hardzero_only__c0p58__z1p05__lam0p000__nu0p50__psi0p00,hardzero_only,0.0,39,139,0.0,1,0.42000002,0.42000002,1.061415,0.0,0.08681305,0.0,0.0,0.0,-28.412945,2.3351595,0.77838653,0.18400002,0.0,0.1930459,0.0,0.0,448000
hardzero_only__c0p58__z1p05__lam0p000__nu0p50__psi0p00,hardzero_only,0.0,39,140,0.0,1,0.42000002,0.42000002,1.0386795,0.09147882,0.09147882,1.0,0.0,0.0,-26.720123,2.2851405,0.7617135,0.136,0.0,0.17299871,0.0,0.0,451200
hardzero_only__c0p58__z1p05__lam0p000__nu0p50__psi0p00,hardzero_only,0.0,39,141,0.0,1,0.42000002,0.42000002,1.0017298,0.09960248,0.09960248,1.0,0.0,0.0,-26.59857,2.2038498,0.73461664,0.16800001,0.0,0.13183357,0.0,0.0,454400
hardzero_only__c0p58__z1p05__lam0p000__nu0p50__psi0p00,hardzero_only,0.0,39,142,0.0,1,0.42000002,0.42000002,1.0749278,0.0,0.08415351,0.0,0.0,0.0,-27.800817,2.3648884,0.78829616,0.15200001,0.0,0.14387116,0.0,0.0,457600
hardzero_only__c0p58__z1p05__lam0p000__nu0p50__psi0p00,hardzero_only,0.0,39,143,0.0,1,0.42000002,0.42000002,1.1008413,0.0,0.0792791,0.0,0.0,0.0,-28.286247,2.421899,0.80729973,0.14999999,0.0,0.16111967,0.0,0.0,460800
hardzero_only__c0p58__z1p05__lam0p000__nu0p50__psi0p00,hardzero_only,0.0,39,144,0.0,1,0.42000002,0.42000002,1.0494025,0.08924781,0.08924781,1.0,0.0,0.0,-27.28659,2.3087316,0.7695772,0.128,0.0,0.15017435,0.0,0.0,464000
hardzero_only__c0p58__z1p05__lam0p000__nu0p50__psi0p00,hardzero_only,0.0,39,145,0.0,1,0.42000002,0.42000002,1.0473008,0.089680746,0.089680746,1.0,0.0,0.0,-27.392723,2.304108,0.768036,0.14400001,0.0,0.12278224,0.0,0.0,467200
hardzero_only__c0p58__z1p05__lam0p000__nu0p50__psi0p00,hardzero_only,0.0,39,146,0.0,1,0.42000002,0.42000002,0.97141355,0.106803745,0.106803745,1.0,0.0,0.0,-25.646317,2.1371524,0.71238416,0.192,0.0,0.12116635,0.0,0.0,470400
hardzero_only__c0p58__z1p05__lam0p000__nu0p50__psi0p00,hardzero_only,0.0,39,147,0.0,1,0.42000002,0.42000002,1.0257558,0.09424193,0.09424193,1.0,0.0,0.0,-27.808126,2.2567077,0.7522359,0.14400001,0.0,0.14657435,0.0,0.0,473600
hardzero_only__c0p58__z1p05__lam0p000__nu0p50__psi0p00,hardzero_only,0.0,39,148,0.0,1,0.42000002,0.42000002,1.0654961,0.0,0.08600108,0.0,0.0,0.0,-27.416456,2.3441381,0.7813794,0.112,0.0,0.16353193,0.0,0.0,476800
hardzero_only__c0p58__z1p05__lam0p000__nu0p50__psi0p00,hardzero_only,0.0,39,149,0.0,1,0.42000002,0.42000002,1.0181164,0.095914364,0.095914364,1.0,0.0,0.0,-26.704784,2.2399008,0.74663365,0.16800001,0.0,0.14053872,0.0,0.0,480000
hardzero_only__c0p58__z1p05__lam0p000__nu0p50__psi0p00,hardzero_only,0.0,39,150,0.0,1,0.42000002,0.42000002,1.0541244,0.0,0.088282704,0.0,0.0,0.0,-27.941032,2.31912,0.77304,0.15200001,0.0,0.13335285,0.0,0.0,483200
hardzero_only__c0p58__z1p05__lam0p000__nu0p50__psi0p00,hardzero_only,0.0,39,151,0.0,1,0.42000002,0.42000002,1.0532993,0.0,0.08845057,0.0,0.0,0.0,-28.232212,2.3173048,0.77243495,0.17600001,0.0,0.167166,0.0,0.0,486400
hardzero_only__c0p58__z1p05__lam0p000__nu0p50__psi0p00,hardzero_only,0.0,39,152,0.0,1,0.42000002,0.42000002,1.0459152,0.0899673,0.0899673,1.0,0.0,0.0,-28.49675,2.3010595,0.76701987,0.15200001,0.0,0.13734469,0.0,0.0,489600
hardzero_only__c0p58__z1p05__lam0p000__nu0p50__psi0p00,hardzero_only,0.0,39,153,0.0,1,0.42000002,0.42000002,1.0606395,0.0,0.08696819,0.0,0.0,0.0,-27.10754,2.3334534,0.77781785,0.216,0.0,0.12987919,0.0,0.0,492800
hardzero_only__c0p58__z1p05__lam0p000__nu0p50__psi0p00,hardzero_only,0.0,39,154,0.0,1,0.42000002,0.42000002,1.0448849,0.09018101,0.09018101,1.0,0.0,0.0,-27.60072,2.2987928,0.7662643,0.18400002,0.0,0.15526259,0.0,0.0,496000
hardzero_only__c0p58__z1p05__lam0p000__nu0p50__psi0p00,hardzero_only,0.0,39,155,0.0,1,0.42000002,0.42000002,1.0548428,0.0,0.08813678,0.0,0.0,0.0,-28.167524,2.3207006,0.7735669,0.136,0.0,0.15576231,0.0,0.0,499200
hardzero_only__c0p58__z1p05__lam0p000__nu0p50__psi0p00,hardzero_only,0.0,39,156,0.0,1,0.42000002,0.42000002,1.0105911,0.09759078,0.09759078,1.0,0.0,0.0,-26.664507,2.223345,0.74111503,0.17999999,0.0,0.14252132,0.0,0.0,502400
hardzero_only__c0p58__z1p05__lam0p000__nu0p50__psi0p00,hardzero_only,0.0,39,157,0.0,1,0.42000002,0.42000002,1.0123795,0.097189754,0.097189754,1.0,0.0,0.0,-27.14421,2.2272794,0.7424265,0.128,0.0,0.14462695,0.0,0.0,505600
hardzero_only__c0p58__z1p05__lam0p000__nu0p50__psi0p00,hardzero_only,0.0,39,158,0.0,1,0.42000002,0.42000002,1.021704,0.0951253,0.0951253,1.0,0.0,0.0,-26.610342,2.2477937,0.7492646,0.18400002,0.0,0.15517083,0.0,0.0,508800
hardzero_only__c0p58__z1p05__lam0p000__nu0p50__psi0p00,hardzero_only,0.0,39,159,0.0,1,0.42000002,0.42000002,1.1280706,0.0,0.07446108,0.0,0.0,0.0,-29.632044,2.4818048,0.8272683,0.17600001,0.0,0.19236246,0.0,0.0,512000
hardzero_only__c0p58__z1p05__lam0p000__nu0p50__psi0p00,hardzero_only,0.0,39,160,0.0,1,0.42000002,0.42000002,1.0432614,0.09051875,0.09051875,1.0,0.0,0.0,-27.996384,2.2952209,0.76507366,0.18400002,0.0,0.16400178,0.0,0.0,515200
hardzero_only__c0p58__z1p05__lam0p000__nu0p50__psi0p00,hardzero_only,0.0,39,161,0.0,1,0.42000002,0.42000002,1.0975156,0.0,0.07988853,0.0,0.0,0.0,-29.412682,2.4145825,0.80486083,0.080000006,0.0,0.16370405,0.0,0.0,518400
hardzero_only__c0p58__z1p05__lam0p000__nu0p50__psi0p00,hardzero_only,0.0,39,162,0.0,1,0.42000002,0.42000002,1.0461797,0.08991256,0.08991256,1.0,0.0,0.0,-27.152418,2.3016412,0.76721376,0.14400001,0.0,0.14585069,0.0,0.0,521600
hardzero_only__c0p58__z1p05__lam0p000__nu0p50__psi0p00,hardzero_only,0.0,39,163,0.0,1,0.42000002,0.42000002,1.0307224,0.093170315,0.093170315,1.0,0.0,0.0,-27.390907,2.2676346,0.7558782,0.136,0.0,0.1429093,0.0,0.0,524800
hardzero_only__c0p58__z1p05__lam0p000__nu0p50__psi0p00,hardzero_only,0.0,39,164,0.0,1,0.42000002,0.42000002,1.0778508,0.0,0.08358901,0.0,0.0,0.0,-28.392569,2.371319,0.7904397,0.14400001,0.0,0.1515306,0.0,0.0,528000
hardzero_only__c0p58__z1p05__lam0p000__nu0p50__psi0p00,hardzero_only,0.0,39,165,0.0,1,0.42000002,0.42000002,1.0993546,0.0,0.07955095,0.0,0.0,0.0,-27.83701,2.4186285,0.8062095,0.080000006,0.0,0.13495795,0.0,0.0,531200
hardzero_only__c0p58__z1p05__lam0p000__nu0p50__psi0p00,hardzero_only,0.0,39,166,0.0,1,0.42000002,0.42000002,1.0009725,0.09977633,0.09977633,1.0,0.0,0.0,-26.96103,2.2021835,0.7340612,0.14400001,0.0,0.13882323,0.0,0.0,534400
hardzero_only__c0p58__z1p05__lam0p000__nu0p50__psi0p00,hardzero_only,0.0,39,167,0.0,1,0.42000002,0.42000002,1.0894394,0.0,0.081388034,0.0,0.0,0.0,-28.30743,2.3968146,0.7989382,0.112,0.0,0.16007394,0.0,0.0,537600
hardzero_only__c0p58__z1p05__lam0p000__nu0p50__psi0p00,hardzero_only,0.0,39,168,0.0,1,0.42000002,0.42000002,1.0626732,0.0,0.086561896,0.0,0.0,0.0,-27.904572,2.3379278,0.7793093,0.128,0.0,0.15005925,0.0,0.0,540800
hardzero_only__c0p58__z1p05__lam0p000__nu0p50__psi0p00,hardzero_only,0.0,39,169,0.0,1,0.42000002,0.42000002,1.0222948,0.09499598,0.09499598,1.0,0.0,0.0,-27.167465,2.2490933,0.7496978,0.14999999,0.0,0.17232947,0.0,0.0,544000
hardzero_only__c0p58__z1p05__lam0p000__nu0p50__psi0p00,hardzero_only,0.0,39,170,0.0,1,0.42000002,0.42000002,1.0004392,0.099898934,0.099898934,1.0,0.0,0.0,-27.007092,2.2010102,0.7336701,0.136,0.0,0.14040413,0.0,0.0,547200
hardzero_only__c0p58__z1p05__lam0p000__nu0p50__psi0p00,hardzero_only,0.0,39,171,0.0,1,0.42000002,0.42000002,1.1017457,0.0,0.07911417,0.0,0.0,0.0,-28.444382,2.423889,0.807963,0.096,0.0,0.16735715,0.0,0.0,550400
hardzero_only__c0p58__z1p05__lam0p000__nu0p50__psi0p00,hardzero_only,0.0,39,172,0.0,1,0.42000002,0.42000002,1.0744463,0.0,0.08424686,0.0,0.0,0.0,-28.250721,2.3638291,0.78794307,0.14400001,0.0,0.14890312,0.0,0.0,553600
hardzero_only__c0p58__z1p05__lam0p000__nu0p50__psi0p00,hardzero_only,0.0,39,173,0.0,1,0.42000002,0.42000002,1.0559124,0.0,0.08791999,0.0,0.0,0.0,-27.961012,2.3230536,0.77435124,0.096,0.0,0.16789746,0.0,0.0,556800
hardzero_only__c0p58__z1p05__lam0p000__nu0p50__psi0p00,hardzero_only,0.0,39,174,0.0,1,0.42000002,0.42000002,1.050015,0.0,0.08912201,0.0,0.0,0.0,-27.539583,2.310079,0.7700264,0.16000001,0.0,0.13651471,0.0,0.0,560000
hardzero_only__c0p58__z1p05__lam0p000__nu0p50__psi0p00,hardzero_only,0.0,39,175,0.0,1,0.42000002,0.42000002,1.0352173,0.09221101,0.09221101,1.0,0.0,0.0,-27.104912,2.2775235,0.7591745,0.128,0.0,0.14683007,0.0,0.0,563200
hardzero_only__c0p58__z1p05__lam0p000__nu0p50__psi0p00,hardzero_only,0.0,39,176,0.0,1,0.42000002,0.42000002,1.0428107,0.09061276,0.09061276,1.0,0.0,0.0,-27.470583,2.2942293,0.7647431,0.15200001,0.0,0.16008338,0.0,0.0,566400
hardzero_only__c0p58__z1p05__lam0p000__nu0p50__psi0p00,hardzero_only,0.0,39,177,0.0,1,0.42000002,0.42000002,1.0305685,0.09320336,0.09320336,1.0,0.0,0.0,-27.673306,2.2672958,0.7557653,0.224,0.0,0.1737627,0.0,0.0,569600
hardzero_only__c0p58__z1p05__lam0p000__nu0p50__psi0p00,hardzero_only,0.0,39,178,0.0,1,0.42000002,0.42000002,1.0219288,0.095076054,0.095076054,1.0,0.0,0.0,-27.873861,2.2482882,0.7494294,0.15200001,0.0,0.14053494,0.0,0.0,572800
hardzero_only__c0p58__z1p05__lam0p000__nu0p50__psi0p00,hardzero_only,0.0,39,179,0.0,1,0.42000002,0.42000002,1.0862373,0.0,0.081990324,0.0,0.0,0.0,-28.43821,2.3897698,0.79659,0.128,0.0,0.16643958,0.0,0.0,576000
hardzero_only__c0p58__z1p05__lam0p000__nu0p50__psi0p00,hardzero_only,0.0,39,180,0.0,1,0.42000002,0.42000002,0.9666055,0.10799274,0.10799274,1.0,0.0,0.0,-26.15001,2.1265745,0.7088582,0.216,0.0,0.12545405,0.0,0.0,579200
hardzero_only__c0p58__z1p05__lam0p000__nu0p50__psi0p00,hardzero_only,0.0,39,181,0.0,1,0.42000002,0.42000002,1.0571336,0.0,0.08767311,0.0,0.0,0.0,-28.00626,2.3257403,0.7752468,0.14400001,0.0,0.17340542,0.0,0.0,582400
hardzero_only__c0p58__z1p05__lam0p000__nu0p50__psi0p00,hardzero_only,0.0,39,182,0.0,1,0.42000002,0.42000002,1.0415957,0.090866596,0.090866596,1.0,0.0,0.0,-28.304106,2.2915564,0.7638521,0.22999999,0.0,0.14287013,0.0,0.0,585600
hardzero_only__c0p58__z1p05__lam0p000__nu0p50__psi0p00,hardzero_only,0.0,39,183,0.0,1,0.42000002,0.42000002,1.0740918,0.0,0.084315665,0.0,0.0,0.0,-27.676893,2.363049,0.787683,0.128,0.0,0.14575,0.0,0.0,588800
hardzero_only__c0p58__z1p05__lam0p000__nu0p50__psi0p00,hardzero_only,0.0,39,184,0.0,1,0.42000002,0.42000002,1.0190425,0.09571005,0.09571005,1.0,0.0,0.0,-27.555582,2.2419384,0.7473128,0.120000005,0.0,0.1471921,0.0,0.0,592000
hardzero_only__c0p58__z1p05__lam0p000__nu0p50__psi0p00,hardzero_only,0.0,39,185,0.0,1,0.42000002,0.42000002,1.0047959,0.09890176,0.09890176,1.0,0.0,0.0,-27.354475,2.2105951,0.73686504,0.18400002,0.0,0.15321504,0.0,0.0,595200
hardzero_only__c0p58__z1p05__lam0p000__nu0p50__psi0p00,hardzero_only,0.0,39,186,0.0,1,0.42000002,0.42000002,1.0038669,0.099113554,0.099113554,1.0,0.0,0.0,-26.597073,2.2085514,0.7361838,0.120000005,0.0,0.13587883,0.0,0.0,598400
hardzero_only__c0p58__z1p05__lam0p000__nu0p50__psi0p00,hardzero_only,0.0,39,187,0.0,1,0.42000002,0.42000002,1.0518167,0.0,0.08875305,0.0,0.0,0.0,-28.242674,2.314043,0.7713477,0.112,0.0,0.1456387,0.0,0.0,601600
hardzero_only__c0p58__z1p05__lam0p000__nu0p50__psi0p00,hardzero_only,0.0,39,188,0.0,1,0.42000002,0.42000002,1.0541002,0.0,0.08828764,0.0,0.0,0.0,-28.076288,2.3190665,0.7730222,0.224,0.0,0.18788938,0.0,0.0,604800
hardzero_only__c0p58__z1p05__lam0p000__nu0p50__psi0p00,hardzero_only,0.0,39,189,0.0,1,0.42000002,0.42000002,1.0684975,0.0,0.08540876,0.0,0.0,0.0,-27.972092,2.3507416,0.78358054,0.120000005,0.0,0.17281054,0.0,0.0,608000
hardzero_only__c0p58__z1p05__lam0p000__nu0p50__psi0p00,hardzero_only,0.0,39,190,0.0,1,0.42000002,0.42000002,1.0378455,0.09165465,0.09165465,1.0,0.0,0.0,-27.609602,2.2833056,0.7611019,0.136,0.0,0.13820104,0.0,0.0,611200
hardzero_only__c0p58__z1p05__lam0p000__nu0p50__psi0p00,hardzero_only,0.0,39,191,0.0,1,0.42000002,0.42000002,1.0758038,0.0,0.08398394,0.0,0.0,0.0,-27.330938,2.3668156,0.7889385,0.18400002,0.0,0.18422371,0.0,0.0,614400
hardzero_only__c0p58__z1p05__lam0p000__nu0p50__psi0p00,hardzero_only,0.0,39,192,0.0,1,0.42000002,0.42000002,1.0651407,0.0,0.086071484,0.0,0.0,0.0,-26.988262,2.3433564,0.7811188,0.16000001,0.0,0.16991669,0.0,0.0,617600
hardzero_only__c0p58__z1p05__lam0p000__nu0p50__psi0p00,hardzero_only,0.0,39,193,0.0,1,0.42000002,0.42000002,1.0314802,0.09300788,0.09300788,1.0,0.0,0.0,-26.953394,2.2693017,0.7564339,0.120000005,0.0,0.1295707,0.0,0.0,620800
hardzero_only__c0p58__z1p05__lam0p000__nu0p50__psi0p00,hardzero_only,0.0,39,194,0.0,1,0.42000002,0.42000002,1.0575633,0.0,0.08758639,0.0,0.0,0.0,-28.32061,2.3266857,0.7755619,0.14400001,0.0,0.16004995,0.0,0.0,624000
hardzero_only__c0p58__z1p05__lam0p000__nu0p50__psi0p00,hardzero_only,0.0,39,195,0.0,1,0.42000002,0.42000002,1.1282189,0.0,0.07443567,0.0,0.0,0.0,-29.309326,2.4821312,0.8273771,0.12,0.0,0.23008057,0.0,0.0,627200
hardzero_only__c0p58__z1p05__lam0p000__nu0p50__psi0p00,hardzero_only,0.0,39,196,0.0,1,0.42000002,0.42000002,1.0119599,0.0972837,0.0972837,1.0,0.0,0.0,-27.627008,2.2263563,0.7421188,0.14400001,0.0,0.14262141,0.0,0.0,630400
hardzero_only__c0p58__z1p05__lam0p000__nu0p50__psi0p00,hardzero_only,0.0,39,197,0.0,1,0.42000002,0.42000002,1.0298945,0.09334811,0.09334811,1.0,0.0,0.0,-26.873009,2.265813,0.7552711,0.14400001,0.0,0.1395663,0.0,0.0,633600
hardzero_only__c0p58__z1p05__lam0p000__nu0p50__psi0p00,hardzero_only,0.0,39,198,0.0,1,0.42000002,0.42000002,1.0562323,0.0,0.08785525,0.0,0.0,0.0,-27.561066,2.3237574,0.77458584,0.08800001,0.0,0.1461349,0.0,0.0,636800
hardzero_only__c0p58__z1p05__lam0p000__nu0p50__psi0p00,hardzero_only,0.0,39,199,0.0,1,0.42000002,0.42000002,0.99301946,0.10162031,0.10162031,1.0,0.0,0.0,-27.079266,2.1846864,0.7282288,0.23200001,0.0,0.14939645,0.0,0.0,640000
hardzero_only__c0p58__z1p05__lam0p000__nu0p50__psi0p00,hardzero_only,0.0,39,200,0.0,1,0.42000002,0.42000002,1.0703748,0.0,0.085040376,0.0,0.0,0.0,-28.592684,2.3548717,0.7849573,0.104,0.0,0.15426119,0.0,0.0,643200
hardzero_only__c0p58__z1p05__lam0p000__nu0p50__psi0p00,hardzero_only,0.0,39,201,0.0,1,0.42000002,0.42000002,1.0092561,0.09789125,0.09789125,1.0,0.0,0.0,-27.022438,2.2204077,0.7401359,0.18400002,0.0,0.1524088,0.0,0.0,646400
hardzero_only__c0p58__z1p05__lam0p000__nu0p50__psi0p00,hardzero_only,0.0,39,202,0.0,1,0.42000002,0.42000002,1.0075175,0.09828393,0.09828393,1.0,0.0,0.0,-27.583275,2.2165825,0.73886085,0.16000001,0.0,0.14125755,0.0,0.0,649600
hardzero_only__c0p58__z1p05__lam0p000__nu0p50__psi0p00,hardzero_only,0.0,39,203,0.0,1,0.42000002,0.42000002,1.0792578,0.0,0.08331863,0.0,0.0,0.0,-27.70833,2.3744147,0.7914716,0.120000005,0.0,0.17089073,0.0,0.0,652800
hardzero_only__c0p58__z1p05__lam0p000__nu0p50__psi0p00,hardzero_only,0.0,39,204,0.0,1,0.42000002,0.42000002,1.0778488,0.0,0.08358938,0.0,0.0,0.0,-28.637291,2.3713148,0.7904383,0.120000005,0.0,0.1567662,0.0,0.0,656000
hardzero_only__c0p58__z1p05__lam0p000__nu0p50__psi0p00,hardzero_only,0.0,39,205,0.0,1,0.42000002,0.42000002,1.0093577,0.09786835,0.09786835,1.0,0.0,0.0,-27.207495,2.2206314,0.7402105,0.216,0.0,0.14060555,0.0,0.0,659200
hardzero_only__c0p58__z1p05__lam0p000__nu0p50__psi0p00,hardzero_only,0.0,39,206,0.0,1,0.42000002,0.42000002,1.0795468,0.0,0.0832632,0.0,0.0,0.0,-28.128275,2.3750503,0.79168344,0.120000005,0.0,0.19953328,0.0,0.0,662400
hardzero_only__c0p58__z1p05__lam0p000__nu0p50__psi0p00,hardzero_only,0.0,39,207,0.0,1,0.42000002,0.42000002,1.0108384,0.09753525,0.09753525,1.0,0.0,0.0,-27.241259,2.2238889,0.7412963,0.216,0.0,0.14463021,0.0,0.0,665600
hardzero_only__c0p58__z1p05__lam0p000__nu0p50__psi0p00,hardzero_only,0.0,39,208,0.0,1,0.42000002,0.42000002,1.0534017,0.0,0.08842973,0.0,0.0,0.0,-27.630577,2.3175302,0.77251005,0.17999999,0.0,0.13792987,0.0,0.0,668800
hardzero_only__c0p58__z1p05__lam0p000__nu0p50__psi0p00,hardzero_only,0.0,39,209,0.0,1,0.42000002,0.42000002,0.98858064,0.10266427,0.10266427,1.0,0.0,0.0,-27.12948,2.1749208,0.7249736,0.17600001,0.0,0.15222737,0.0,0.0,672000
hardzero_only__c0p58__z1p05__lam0p000__nu0p50__psi0p00,hardzero_only,0.0,39,210,0.0,1,0.42000002,0.42000002,1.0756131,0.0,0.084020816,0.0,0.0,0.0,-28.01098,2.3663962,0.78879875,0.136,0.0,0.16787899,0.0,0.0,675200
hardzero_only__c0p58__z1p05__lam0p000__nu0p50__psi0p00,hardzero_only,0.0,39,211,0.0,1,0.42000002,0.42000002,1.048044,0.08952741,0.08952741,1.0,0.0,0.0,-27.452774,2.3057427,0.7685809,0.192,0.0,0.16062753,0.0,0.0,678400
hardzero_only__c0p58__z1p05__lam0p000__nu0p50__psi0p00,hardzero_only,0.0,39,212,0.0,1,0.42000002,0.42000002,0.99770296,0.100530304,0.100530304,1.0,0.0,0.0,-27.108011,2.1949904,0.73166347,0.112,0.0,0.13600075,0.0,0.0,681600
hardzero_only__c0p58__z1p05__lam0p000__nu0p50__psi0p00,hardzero_only,0.0,39,213,0.0,1,0.42000002,0.42000002,1.1154763,0.0,0.07665204,0.0,0.0,0.0,-28.169798,2.4540968,0.81803226,0.16800001,0.0,0.16536714,0.0,0.0,684800
hardzero_only__c0p58__z1p05__lam0p000__nu0p50__psi0p00,hardzero_only,0.0,39,214,0.0,1,0.42000002,0.42000002,0.9994693,0.10012229,0.10012229,1.0,0.0,0.0,-27.55001,2.1988764,0.7329588,0.16000001,0.0,0.13635999,0.0,0.0,688000
hardzero_only__c0p58__z1p05__lam0p000__nu0p50__psi0p00,hardzero_only,0.0,39,215,0.0,1,0.42000002,0.42000002,1.0630008,0.0,0.086496636,0.0,0.0,0.0,-27.95888,2.3386486,0.77954954,0.120000005,0.0,0.14432992,0.0,0.0,691200
hardzero_only__c0p58__z1p05__lam0p000__nu0p50__psi0p00,hardzero_only,0.0,39,216,0.0,1,0.42000002,0.42000002,1.0085939,0.09804062,0.09804062,1.0,0.0,0.0,-26.817001,2.218951,0.73965037,0.136,0.0,0.1424424,0.0,0.0,694400
hardzero_only__c0p58__z1p05__lam0p000__nu0p50__psi0p00,hardzero_only,0.0,39,217,0.0,1,0.42000002,0.42000002,1.0080941,0.09815354,0.09815354,1.0,0.0,0.0,-26.8564,2.2178512,0.73928374,0.14400001,0.0,0.1460997,0.0,0.0,697600
hardzero_only__c0p58__z1p05__lam0p000__nu0p50__psi0p00,hardzero_only,0.0,39,218,0.0,1,0.42000002,0.42000002,0.9796909,0.1047874,0.1047874,1.0,0.0,0.0,-26.067106,2.155363,0.71845436,0.14400001,0.0,0.15751481,0.0,0.0,700800
hardzero_only__c0p58__z1p05__lam0p000__nu0p50__psi0p00,hardzero_only,0.0,39,219,0.0,1,0.42000002,0.42000002,1.0632297,0.0,0.08645105,0.0,0.0,0.0,-28.234594,2.339152,0.7797174,0.136,0.0,0.18067871,0.0,0.0,704000
hardzero_only__c0p58__z1p05__lam0p000__nu0p50__psi0p00,hardzero_only,0.0,39,220,0.0,1,0.42000002,0.42000002,1.0552777,0.0,0.08804856,0.0,0.0,0.0,-27.19597,2.3216572,0.7738857,0.120000005,0.0,0.11792066,0.0,0.0,707200
hardzero_only__c0p58__z1p05__lam0p000__nu0p50__psi0p00,hardzero_only,0.0,39,221,0.0,1,0.42000002,0.42000002,1.0196496,0.09557633,0.09557633,1.0,0.0,0.0,-26.587593,2.243274,0.74775803,0.099999994,0.0,0.119715504,0.0,0.0,710400
hardzero_only__c0p58__z1p05__lam0p000__nu0p50__psi0p00,hardzero_only,0.0,39,222,0.0,1,0.42000002,0.42000002,1.0295508,0.09342201,0.09342201,1.0,0.0,0.0,-27.636919,2.265057,0.75501907,0.17600001,0.0,0.15297142,0.0,0.0,713600
hardzero_only__c0p58__z1p05__lam0p000__nu0p50__psi0p00,hardzero_only,0.0,39,223,0.0,1,0.42000002,0.42000002,1.0497442,0.08917759,0.08917759,1.0,0.0,0.0,-27.031282,2.3094835,0.76982784,0.16800001,0.0,0.16090149,0.0,0.0,716800
hardzero_only__c0p58__z1p05__lam0p000__nu0p50__psi0p00,hardzero_only,0.0,39,224,0.0,1,0.42000002,0.42000002,1.0511068,0.0,0.08889825,0.0,0.0,0.0,-27.07475,2.3124812,0.77082705,0.128,0.0,0.15720521,0.0,0.0,720000
hardzero_only__c0p58__z1p05__lam0p000__nu0p50__psi0p00,hardzero_only,0.0,39,225,0.0,1,0.42000002,0.42000002,1.1017066,0.0,0.0791213,0.0,0.0,0.0,-29.489298,2.4238029,0.8079343,0.096,0.0,0.17293459,0.0,0.0,723200
hardzero_only__c0p58__z1p05__lam0p000__nu0p50__psi0p00,hardzero_only,0.0,39,226,0.0,1,0.42000002,0.42000002,1.0185645,0.09581544,0.09581544,1.0,0.0,0.0,-27.921091,2.2408864,0.7469622,0.216,0.0,0.14990014,0.0,0.0,726400
hardzero_only__c0p58__z1p05__lam0p000__nu0p50__psi0p00,hardzero_only,0.0,39,227,0.0,1,0.42000002,0.42000002,1.118978,0.0,0.07603647,0.0,0.0,0.0,-29.314936,2.4618008,0.8206003,0.112,0.0,0.1994366,0.0,0.0,729600
hardzero_only__c0p58__z1p05__lam0p000__nu0p50__psi0p00,hardzero_only,0.0,39,228,0.0,1,0.42000002,0.42000002,1.1008171,0.0,0.07928352,0.0,0.0,0.0,-28.448341,2.421846,0.807282,0.17600001,0.0,0.20171247,0.0,0.0,732800
hardzero_only__c0p58__z1p05__lam0p000__nu0p50__psi0p00,hardzero_only,0.0,39,229,0.0,1,0.42000002,0.42000002,1.0788128,0.0,0.08340405,0.0,0.0,0.0,-27.750174,2.3734357,0.79114527,0.15200001,0.0,0.1586791,0.0,0.0,736000
hardzero_only__c0p58__z1p05__lam0p000__nu0p50__psi0p00,hardzero_only,0.0,39,230,0.0,1,0.42000002,0.42000002,1.0458174,0.089987606,0.089987606,1.0,0.0,0.0,-26.812342,2.3008442,0.7669481,0.16000001,0.0,0.13991293,0.0,0.0,739200
hardzero_only__c0p58__z1p05__lam0p000__nu0p50__psi0p00,hardzero_only,0.0,39,231,0.0,1,0.42000002,0.42000002,1.0211877,0.095238455,0.095238455,1.0,0.0,0.0,-26.95844,2.2466576,0.74888587,0.15200001,0.0,0.14402288,0.0,0.0,742400
hardzero_only__c0p58__z1p05__lam0p000__nu0p50__psi0p00,hardzero_only,0.0,39,232,0.0,1,0.42000002,0.42000002,1.0267403,0.09402854,0.09402854,1.0,0.0,0.0,-26.497454,2.2588737,0.75295794,0.15200001,0.0,0.12270727,0.0,0.0,745600
hardzero_only__c0p58__z1p05__lam0p000__nu0p50__psi0p00,hardzero_only,0.0,39,233,0.0,1,0.42000002,0.42000002,1.0311252,0.09308395,0.09308395,1.0,0.0,0.0,-27.872242,2.2685206,0.75617355,0.17600001,0.0,0.13852665,0.0,0.0,748800
hardzero_only__c0p58__z1p05__lam0p000__nu0p50__psi0p00,hardzero_only,0.0,39,234,0.0,1,0.42000002,0.42000002,0.9938915,0.10141648,0.10141648,1.0,0.0,0.0,-26.939632,2.186605,0.72886837,0.12,0.0,0.1447312,0.0,0.0,752000
hardzero_only__c0p58__z1p05__lam0p000__nu0p50__psi0p00,hardzero_only,0.0,39,235,0.0,1,0.42000002,0.42000002,1.0239551,0.0946335,0.0946335,1.0,0.0,0.0,-27.511303,2.2527463,0.75091547,0.216,0.0,0.14482366,0.0,0.0,755200
hardzero_only__c0p58__z1p05__lam0p000__nu0p50__psi0p00,hardzero_only,0.0,39,236,0.0,1,0.42000002,0.42000002,1.0687422,0.0,0.08536067,0.0,0.0,0.0,-28.1272,2.3512797,0.78375995,0.16000001,0.0,0.17029189,0.0,0.0,758400
hardzero_only__c0p58__z1p05__lam0p000__nu0p50__psi0p00,hardzero_only,0.0,39,237,0.0,1,0.42000002,0.42000002,1.0007094,0.09983679,0.09983679,1.0,0.0,0.0,-26.45691,2.2016046,0.73386824,0.18400002,0.008,0.15437071,0.0,0.0,761600
hardzero_only__c0p58__z1p05__lam0p000__nu0p50__psi0p00,hardzero_only,0.0,39,238,0.0,1,0.42000002,0.42000002,1.0841678,0.0,0.08238197,0.0,0.0,0.0,-28.554382,2.385217,0.7950723,0.14400001,0.0,0.15948996,0.0,0.0,764800
hardzero_only__c0p58__z1p05__lam0p000__nu0p50__psi0p00,hardzero_only,0.0,39,239,0.0,1,0.42000002,0.42000002,0.96984273,0.10719073,0.10719073,1.0,0.0,0.0,-26.76768,2.1336966,0.7112322,0.16800001,0.0,0.14904983,0.0,0.0,768000
hardzero_only__c0p58__z1p05__lam0p000__nu0p50__psi0p00,hardzero_only,0.0,39,240,0.0,1,0.42000002,0.42000002,1.0220447,0.09505069,0.09505069,1.0,0.0,0.0,-27.411535,2.248543,0.74951434,0.2,0.0,0.1429317,0.0,0.0,771200
hardzero_only__c0p58__z1p05__lam0p000__nu0p50__psi0p00,hardzero_only,0.0,39,241,0.0,1,0.42000002,0.42000002,1.0984079,0.0,0.07972456,0.0,0.0,0.0,-28.478537,2.4165456,0.8055152,0.14400001,0.0,0.16642067,0.0,0.0,774400
hardzero_only__c0p58__z1p05__lam0p000__nu0p50__psi0p00,hardzero_only,0.0,39,242,0.0,1,0.42000002,0.42000002,1.0399195,0.09121799,0.09121799,1.0,0.0,0.0,-27.456293,2.2878685,0.76262283,0.104,0.0,0.12809332,0.0,0.0,777600
hardzero_only__c0p58__z1p05__lam0p000__nu0p50__psi0p00,hardzero_only,0.0,39,243,0.0,1,0.42000002,0.42000002,1.0388801,0.09143656,0.09143656,1.0,0.0,0.0,-26.982332,2.2855818,0.7618606,0.16800001,0.0,0.15145564,0.0,0.0,780800
hardzero_only__c0p58__z1p05__lam0p000__nu0p50__psi0p00,hardzero_only,0.0,39,244,0.0,1,0.42000002,0.42000002,1.0741727,0.0,0.08429994,0.0,0.0,0.0,-29.014364,2.3632271,0.7877424,0.16800001,0.0,0.18231115,0.0,0.0,784000
hardzero_only__c0p58__z1p05__lam0p000__nu0p50__psi0p00,hardzero_only,0.0,39,245,0.0,1,0.42000002,0.42000002,1.0919819,0.0,0.08091297,0.0,0.0,0.0,-27.484203,2.4024081,0.8008027,0.16000001,0.0,0.16331533,0.0,0.0,787200
hardzero_only__c0p58__z1p05__lam0p000__nu0p50__psi0p00,hardzero_only,0.0,39,246,0.0,1,0.42000002,0.42000002,1.0459198,0.08996639,0.08996639,1.0,0.0,0.0,-27.580086,2.3010695,0.7670232,0.16800001,0.0,0.15185383,0.0,0.0,790400
hardzero_only__c0p58__z1p05__lam0p000__nu0p50__psi0p00,hardzero_only,0.0,39,247,0.0,1,0.42000002,0.42000002,1.0684481,0.0,0.08541849,0.0,0.0,0.0,-28.583035,2.3506327,0.78354424,0.12,0.0,0.14185625,0.0,0.0,793600
hardzero_only__c0p58__z1p05__lam0p000__nu0p50__psi0p00,hardzero_only,0.0,39,248,0.0,1,0.42000002,0.42000002,1.0617732,0.0,0.086741485,0.0,0.0,0.0,-28.082724,2.3359478,0.7786493,0.136,0.0,0.17003624,0.0,0.0,796800
hardzero_only__c0p58__z1p05__lam0p000__nu0p50__psi0p00,hardzero_only,0.0,39,249,0.0,1,0.42000002,0.42000002,1.1131754,0.0,0.07705921,0.0,0.0,0.0,-29.101755,2.4490347,0.8163449,0.104,0.0,0.15601717,0.0,0.0,800000
hardzero_only__c0p58__z1p05__lam0p000__nu0p50__psi0p00,hardzero_only,0.0,39,250,0.0,1,0.42000002,0.42000002,1.0669905,0.0,0.08570566,0.0,0.0,0.0,-28.136112,2.347426,0.78247535,0.120000005,0.0,0.17354172,0.0,0.0,803200
hardzero_only__c0p58__z1p05__lam0p000__nu0p50__psi0p00,hardzero_only,0.0,39,251,0.0,1,0.42000002,0.42000002,1.0209134,0.09529862,0.09529862,1.0,0.0,0.0,-27.654287,2.2460542,0.74868476,0.14400001,0.0,0.16819932,0.0,0.0,806400
hardzero_only__c0p58__z1p05__lam0p000__nu0p50__psi0p00,hardzero_only,0.0,39,252,0.0,1,0.42000002,0.42000002,1.0043823,0.09899601,0.09899601,1.0,0.0,0.0,-27.447239,2.209685,0.7365617,0.16000001,0.0,0.13571824,0.0,0.0,809600
hardzero_only__c0p58__z1p05__lam0p000__nu0p50__psi0p00,hardzero_only,0.0,39,253,0.0,1,0.42000002,0.42000002,1.0599687,0.0,0.08710264,0.0,0.0,0.0,-27.977283,2.3319778,0.777326,0.112,0.0,0.15131454,0.0,0.0,812800
hardzero_only__c0p58__z1p05__lam0p000__nu0p50__psi0p00,hardzero_only,0.0,39,254,0.0,1,0.42000002,0.42000002,1.021147,0.09524738,0.09524738,1.0,0.0,0.0,-27.67433,2.2465682,0.74885607,0.192,0.0,0.13487887,0.0,0.0,816000
hardzero_only__c0p58__z1p05__lam0p000__nu0p50__psi0p00,hardzero_only,0.0,39,255,0.0,1,0.42000002,0.42000002,0.99367464,0.10146713,0.10146713,1.0,0.0,0.0,-26.65402,2.186128,0.72870934,0.14400001,0.0,0.16284074,0.0,0.0,819200
hardzero_only__c0p58__z1p05__lam0p000__nu0p50__psi0p00,hardzero_only,0.0,39,256,0.0,1,0.42000002,0.42000002,0.97005606,0.1071381,0.1071381,1.0,0.0,0.0,-26.981836,2.134166,0.7113887,0.15200001,0.0,0.12309299,0.0,0.0,822400
hardzero_only__c0p58__z1p05__lam0p000__nu0p50__psi0p00,hardzero_only,0.0,39,257,0.0,1,0.42000002,0.42000002,1.0061041,0.0986043,0.0986043,1.0,0.0,0.0,-27.032787,2.2134733,0.73782444,0.16800001,0.0,0.12430734,0.0,0.0,825600
hardzero_only__c0p58__z1p05__lam0p000__nu0p50__psi0p00,hardzero_only,0.0,39,258,0.0,1,0.42000002,0.42000002,1.057942,0.0,0.08751006,0.0,0.0,0.0,-27.942272,2.327519,0.7758397,0.128,0.0,0.16319148,0.0,0.0,828800
hardzero_only__c0p58__z1p05__lam0p000__nu0p50__psi0p00,hardzero_only,0.0,39,259,0.0,1,0.42000002,0.42000002,1.0667739,0.0,0.08574841,0.0,0.0,0.0,-27.662628,2.3469493,0.78231645,0.15200001,0.0,0.1395686,0.0,0.0,832000
hardzero_only__c0p58__z1p05__lam0p000__nu0p50__psi0p00,hardzero_only,0.0,39,260,0.0,1,0.42000002,0.42000002,1.0239894,0.09462601,0.09462601,1.0,0.0,0.0,-26.539907,2.2528217,0.75094056,0.16,0.0,0.14748353,0.0,0.0,835200
hardzero_only__c0p58__z1p05__lam0p000__nu0p50__psi0p00,hardzero_only,0.0,39,261,0.0,1,0.42000002,0.42000002,1.0461422,0.0899203,0.0899203,1.0,0.0,0.0,-27.26506,2.3015587,0.7671863,0.136,0.0,0.15047926,0.0,0.0,838400
hardzero_only__c0p58__z1p05__lam0p000__nu0p50__psi0p00,hardzero_only,0.0,39,262,0.0,1,0.42000002,0.42000002,1.1255137,0.0,0.07490077,0.0,0.0,0.0,-28.732859,2.4761796,0.8253932,0.15200001,0.0,0.18663906,0.0,0.0,841600
hardzero_only__c0p58__z1p05__lam0p000__nu0p50__psi0p00,hardzero_only,0.0,39,263,0.0,1,0.42000002,0.42000002,1.0198594,0.095530175,0.095530175,1.0,0.0,0.0,-27.61129,2.2437356,0.7479119,0.15200001,0.0,0.14841083,0.0,0.0,844800
hardzero_only__c0p58__z1p05__lam0p000__nu0p50__psi0p00,hardzero_only,0.0,39,264,0.0,1,0.42000002,0.42000002,1.0080043,0.098173805,0.098173805,1.0,0.0,0.0,-27.305182,2.2176538,0.73921794,0.14400001,0.0,0.1509216,0.0,0.0,848000
hardzero_only__c0p58__z1p05__lam0p000__nu0p50__psi0p00,hardzero_only,0.0,39,265,0.0,1,0.42000002,0.42000002,1.022475,0.09495656,0.09495656,1.0,0.0,0.0,-27.491982,2.24949,0.74983,0.18400002,0.0,0.17826802,0.0,0.0,851200
hardzero_only__c0p58__z1p05__lam0p000__nu0p50__psi0p00,hardzero_only,0.0,39,266,0.0,1,0.42000002,0.42000002,1.0621262,0.0,0.08667101,0.0,0.0,0.0,-28.072317,2.3367243,0.77890813,0.18400002,0.0,0.15038688,0.0,0.0,854400
hardzero_only__c0p58__z1p05__lam0p000__nu0p50__psi0p00,hardzero_only,0.0,39,267,0.0,1,0.42000002,0.42000002,0.9547077,0.11099218,0.11099218,1.0,0.0,0.0,-26.86089,2.1003988,0.70013297,0.18400002,0.0,0.13755113,0.0,0.0,857600
hardzero_only__c0p58__z1p05__lam0p000__nu0p50__psi0p00,hardzero_only,0.0,39,268,0.0,1,0.42000002,0.42000002,1.0155691,0.09647859,0.09647859,1.0,0.0,0.0,-27.744898,2.2342966,0.7447655,0.16800001,0.0,0.15791903,0.0,0.0,860800
hardzero_only__c0p58__z1p05__lam0p000__nu0p50__psi0p00,hardzero_only,0.0,39,269,0.0,1,0.42000002,0.42000002,1.017652,0.09601696,0.09601696,1.0,0.0,0.0,-26.936869,2.2388792,0.74629307,0.23200001,0.0,0.14220981,0.0,0.0,864000
hardzero_only__c0p58__z1p05__lam0p000__nu0p50__psi0p00,hardzero_only,0.0,39,270,0.0,1,0.42000002,0.42000002,0.99017537,0.102287985,0.102287985,1.0,0.0,0.0,-26.879684,2.1784294,0.7261431,0.17600001,0.0,0.16192746,0.0,0.0,867200
hardzero_only__c0p58__z1p05__lam0p000__nu0p50__psi0p00,hardzero_only,0.0,39,271,0.0,1,0.42000002,0.42000002,0.99855274,0.100333795,0.100333795,1.0,0.0,0.0,-26.99434,2.1968598,0.73228663,0.112,0.0,0.11794813,0.0,0.0,870400
hardzero_only__c0p58__z1p05__lam0p000__nu0p50__psi0p00,hardzero_only,0.0,39,272,0.0,1,0.42000002,0.42000002,0.98395354,0.103763945,0.103763945,1.0,0.0,0.0,-27.279676,2.164741,0.7215804,0.208,0.008,0.14882751,0.0,0.0,873600
hardzero_only__c0p58__z1p05__lam0p000__nu0p50__psi0p00,hardzero_only,0.0,39,273,0.0,1,0.42000002,0.42000002,1.0652331,0.0,0.086053155,0.0,0.0,0.0,-28.015282,2.3435597,0.7811866,0.14999999,0.0,0.2267684,0.0,0.0,876800
hardzero_only__c0p58__z1p05__lam0p000__nu0p50__psi0p00,hardzero_only,0.0,39,274,0.0,1,0.42000002,0.42000002,1.0395176,0.09130244,0.09130244,1.0,0.0,0.0,-26.993876,2.2869844,0.76232815,0.08800001,0.0,0.1273895,0.0,0.0,880000
hardzero_only__c0p58__z1p05__lam0p000__nu0p50__psi0p00,hardzero_only,0.0,39,275,0.0,1,0.42000002,0.42000002,1.0017364,0.09960097,0.09960097,1.0,0.0,0.0,-27.662392,2.203864,0.7346214,0.15200001,0.0,0.16714585,0.0,0.0,883200
hardzero_only__c0p58__z1p05__lam0p000__nu0p50__psi0p00,hardzero_only,0.0,39,276,0.0,1,0.42000002,0.42000002,1.0386373,0.0914877,0.0914877,1.0,0.0,0.0,-27.507267,2.2850478,0.7616826,0.112,0.0,0.16174914,0.0,0.0,886400
hardzero_only__c0p58__z1p05__lam0p000__nu0p50__psi0p00,hardzero_only,0.0,39,277,0.0,1,0.42000002,0.42000002,1.0840266,0.0,0.08240876,0.0,0.0,0.0,-28.39195,2.384906,0.7949687,0.18400002,0.0,0.19972688,0.0,0.0,889600
hardzero_only__c0p58__z1p05__lam0p000__nu0p50__psi0p00,hardzero_only,0.0,39,278,0.0,1,0.42000002,0.42000002,1.04962,0.08920312,0.08920312,1.0,0.0,0.0,-26.485464,2.30921,0.7697367,0.136,0.0,0.14351375,0.0,0.0,892800
hardzero_only__c0p58__z1p05__lam0p000__nu0p50__psi0p00,hardzero_only,0.0,39,279,0.0,1,0.42000002,0.42000002,1.0237161,0.094685584,0.094685584,1.0,0.0,0.0,-26.837162,2.2522204,0.7507402,0.15200001,0.0,0.17543912,0.0,0.0,896000
hardzero_only__c0p58__z1p05__lam0p000__nu0p50__psi0p00,hardzero_only,0.0,39,280,0.0,1,0.42000002,0.42000002,0.9891447,0.10253103,0.10253103,1.0,0.0,0.0,-25.671993,2.1761618,0.7253873,0.24000001,0.0,0.13207647,0.0,0.0,899200
hardzero_only__c0p58__z1p05__lam0p000__nu0p50__psi0p00,hardzero_only,0.0,39,281,0.0,1,0.42000002,0.42000002,1.0057361,0.098687895,0.098687895,1.0,0.0,0.0,-27.728527,2.2126637,0.73755455,0.136,0.0,0.14394398,0.0,0.0,902400
hardzero_only__c0p58__z1p05__lam0p000__nu0p50__psi0p00,hardzero_only,0.0,39,282,0.0,1,0.42000002,0.42000002,1.0432549,0.09052013,0.09052013,1.0,0.0,0.0,-27.9577,2.2952065,0.7650689,0.15200001,0.0,0.14746058,0.0,0.0,905600
hardzero_only__c0p58__z1p05__lam0p000__nu0p50__psi0p00,hardzero_only,0.0,39,283,0.0,1,0.42000002,0.42000002,0.97327816,0.106346175,0.106346175,1.0,0.0,0.0,-26.846695,2.1412547,0.71375155,0.18400002,0.0,0.12606125,0.0,0.0,908800
hardzero_only__c0p58__z1p05__lam0p000__nu0p50__psi0p00,hardzero_only,0.0,39,284,0.0,1,0.42000002,0.42000002,1.0391533,0.09137905,0.09137905,1.0,0.0,0.0,-27.573524,2.2861829,0.762061,0.136,0.0,0.14656267,0.0,0.0,912000
hardzero_only__c0p58__z1p05__lam0p000__nu0p50__psi0p00,hardzero_only,0.0,39,285,0.0,1,0.42000002,0.42000002,1.0169574,0.096170664,0.096170664,1.0,0.0,0.0,-27.233196,2.237351,0.7457837,0.128,0.0,0.13858536,0.0,0.0,915200
hardzero_only__c0p58__z1p05__lam0p000__nu0p50__psi0p00,hardzero_only,0.0,39,286,0.0,1,0.42000002,0.42000002,1.0037465,0.09914104,0.09914104,1.0,0.0,0.0,-25.535254,2.2082865,0.73609555,0.19,0.0,0.14627023,0.0,0.0,918400
hardzero_only__c0p58__z1p05__lam0p000__nu0p50__psi0p00,hardzero_only,0.0,39,287,0.0,1,0.42000002,0.42000002,0.9480153,0.11271577,0.11271577,1.0,0.0,0.0,-25.520979,2.0856752,0.6952251,0.192,0.0,0.12940408,0.0,0.0,921600
hardzero_only__c0p58__z1p05__lam0p000__nu0p50__psi0p00,hardzero_only,0.0,39,288,0.0,1,0.42000002,0.42000002,1.0470531,0.0897319,0.0897319,1.0,0.0,0.0,-27.46049,2.3035629,0.76785433,0.18400002,0.0,0.15550232,0.0,0.0,924800
hardzero_only__c0p58__z1p05__lam0p000__nu0p50__psi0p00,hardzero_only,0.0,39,289,0.0,1,0.42000002,0.42000002,1.0176299,0.09602186,0.09602186,1.0,0.0,0.0,-26.65049,2.2388303,0.7462768,0.15200001,0.0,0.16159284,0.0,0.0,928000
hardzero_only__c0p58__z1p05__lam0p000__nu0p50__psi0p00,hardzero_only,0.0,39,290,0.0,1,0.42000002,0.42000002,1.0696898,0.0,0.08517461,0.0,0.0,0.0,-28.408209,2.3533645,0.7844548,0.136,0.0,0.15773825,0.0,0.0,931200
hardzero_only__c0p58__z1p05__lam0p000__nu0p50__psi0p00,hardzero_only,0.0,39,291,0.0,1,0.42000002,0.42000002,0.9965844,0.10078957,0.10078957,1.0,0.0,0.0,-26.553267,2.1925294,0.7308432,0.23200001,0.0,0.13740104,0.0,0.0,934400
hardzero_only__c0p58__z1p05__lam0p000__nu0p50__psi0p00,hardzero_only,0.0,39,292,0.0,1,0.42000002,0.42000002,1.0845665,0.0,0.082306385,0.0,0.0,0.0,-28.031363,2.3860939,0.7953646,0.128,0.0,0.14827512,0.0,0.0,937600
hardzero_only__c0p58__z1p05__lam0p000__nu0p50__psi0p00,hardzero_only,0.0,39,293,0.0,1,0.42000002,0.42000002,1.0578985,0.0,0.08751882,0.0,0.0,0.0,-27.927818,2.3274233,0.7758078,0.18400002,0.0,0.15496315,0.0,0.0,940800
hardzero_only__c0p58__z1p05__lam0p000__nu0p50__psi0p00,hardzero_only,0.0,39,294,0.0,1,0.42000002,0.42000002,1.0528338,0.0,0.08854544,0.0,0.0,0.0,-27.481514,2.3162806,0.77209353,0.208,0.008,0.14195977,0.0,0.0,944000
hardzero_only__c0p58__z1p05__lam0p000__nu0p50__psi0p00,hardzero_only,0.0,39,295,0.0,1,0.42000002,0.42000002,1.0749388,0.0,0.08415138,0.0,0.0,0.0,-28.834475,2.3649125,0.7883042,0.120000005,0.0,0.1667263,0.0,0.0,947200
hardzero_only__c0p58__z1p05__lam0p000__nu0p50__psi0p00,hardzero_only,0.0,39,296,0.0,1,0.42000002,0.42000002,1.0085452,0.09805163,0.09805163,1.0,0.0,0.0,-26.764517,2.2188437,0.7396146,0.16800001,0.0,0.14100622,0.0,0.0,950400
hardzero_only__c0p58__z1p05__lam0p000__nu0p50__psi0p00,hardzero_only,0.0,39,297,0.0,1,0.42000002,0.42000002,1.0573941,0.0,0.08762052,0.0,0.0,0.0,-27.185707,2.3263135,0.77543783,0.18400002,0.0,0.14579831,0.0,0.0,953600
hardzero_only__c0p58__z1p05__lam0p000__nu0p50__psi0p00,hardzero_only,0.0,39,298,0.0,1,0.42000002,0.42000002,1.0306002,0.09319653,0.09319653,1.0,0.0,0.0,-27.480179,2.2673657,0.75578856,0.16000001,0.0,0.16101941,0.0,0.0,956800
hardzero_only__c0p58__z1p05__lam0p000__nu0p50__psi0p00,hardzero_only,0.0,39,299,0.0,1,0.42000002,0.42000002,1.0511991,0.0,0.08887937,0.0,0.0,0.0,-27.844229,2.312684,0.7708947,0.14999999,0.0,0.1548464,0.0,0.0,960000
hardzero_only__c0p58__z1p05__lam0p000__nu0p50__psi0p00,hardzero_only,0.0,39,300,0.0,1,0.42000002,0.42000002,0.9953906,0.101067,0.101067,1.0,0.0,0.0,-26.059038,2.189903,0.7299677,0.112,0.0,0.12176864,0.0,0.0,963200
hardzero_only__c0p58__z1p05__lam0p000__nu0p50__psi0p00,hardzero_only,0.0,39,301,0.0,1,0.42000002,0.42000002,1.0076652,0.098250516,0.098250516,1.0,0.0,0.0,-27.384455,2.2169077,0.73896927,0.120000005,0.0,0.15936567,0.0,0.0,966400
hardzero_only__c0p58__z1p05__lam0p000__nu0p50__psi0p00,hardzero_only,0.0,39,302,0.0,1,0.42000002,0.42000002,1.0967088,0.0,0.08003709,0.0,0.0,0.0,-28.169277,2.4128075,0.8042692,0.120000005,0.0,0.16558309,0.0,0.0,969600
hardzero_only__c0p58__z1p05__lam0p000__nu0p50__psi0p00,hardzero_only,0.0,39,303,0.0,1,0.42000002,0.42000002,1.0642695,0.0,0.0862443,0.0,0.0,0.0,-28.735435,2.3414397,0.7804799,0.18400002,0.0,0.18657121,0.0,0.0,972800
hardzero_only__c0p58__z1p05__lam0p000__nu0p50__psi0p00,hardzero_only,0.0,39,304,0.0,1,0.42000002,0.42000002,1.0154681,0.096501015,0.096501015,1.0,0.0,0.0,-27.118378,2.2340744,0.7446915,0.136,0.0,0.14711249,0.0,0.0,976000
hardzero_only__c0p58__z1p05__lam0p000__nu0p50__psi0p00,hardzero_only,0.0,39,305,0.0,1,0.42000002,0.42000002,1.0308186,0.093149684,0.093149684,1.0,0.0,0.0,-27.0995,2.267846,0.7559487,0.192,0.0,0.14989126,0.0,0.0,979200
hardzero_only__c0p58__z1p05__lam0p000__nu0p50__psi0p00,hardzero_only,0.0,39,306,0.0,1,0.42000002,0.42000002,1.0058709,0.09865726,0.09865726,1.0,0.0,0.0,-26.965826,2.2129602,0.73765343,0.192,0.0,0.13862084,0.0,0.0,982400
hardzero_only__c0p58__z1p05__lam0p000__nu0p50__psi0p00,hardzero_only,0.0,39,307,0.0,1,0.42000002,0.42000002,0.9753338,0.10584399,0.10584399,1.0,0.0,0.0,-26.164278,2.1457772,0.7152591,0.18400002,0.0,0.14896557,0.0,0.0,985600
hardzero_only__c0p58__z1p05__lam0p000__nu0p50__psi0p00,hardzero_only,0.0,39,308,0.0,1,0.42000002,0.42000002,1.0499451,0.08913636,0.08913636,1.0,0.0,0.0,-27.872728,2.3099253,0.7699751,0.16800001,0.0,0.15518631,0.0,0.0,988800
hardzero_only__c0p58__z1p05__lam0p000__nu0p50__psi0p00,hardzero_only,0.0,39,309,0.0,1,0.42000002,0.42000002,1.047058,0.089730896,0.089730896,1.0,0.0,0.0,-26.892454,2.3035736,0.7678579,0.080000006,0.0,0.13344374,0.0,0.0,992000
hardzero_only__c0p58__z1p05__lam0p000__nu0p50__psi0p00,hardzero_only,0.0,39,310,0.0,1,0.42000002,0.42000002,1.0236636,0.09469703,0.09469703,1.0,0.0,0.0,-27.166199,2.252105,0.75070167,0.18400002,0.0,0.13316086,0.0,0.0,995200
hardzero_only__c0p58__z1p05__lam0p000__nu0p50__psi0p00,hardzero_only,0.0,39,311,0.0,1,0.42000002,0.42000002,0.9879049,0.10282413,0.10282413,1.0,0.0,0.0,-26.229965,2.1734343,0.7244781,0.16800001,0.0,0.13135646,0.0,0.0,998400
hardzero_only__c0p58__z1p05__lam0p000__nu0p50__psi0p00,hardzero_only,0.0,39,312,0.0,1,0.42000002,0.42000002,1.0249735,0.094411835,0.094411835,1.0,0.0,0.0,-26.162907,2.2549868,0.75166225,0.099999994,0.0,0.14069821,0.0,0.0,1001600
hardzero_only__c0p58__z1p05__lam0p000__nu0p50__psi0p00,hardzero_only,0.0,39,313,0.0,1,0.42000002,0.42000002,1.0832589,0.0,0.082554564,0.0,0.0,0.0,-28.279108,2.383217,0.7944057,0.104,0.0,0.16082141,0.0,0.0,1004800
hardzero_only__c0p58__z1p05__lam0p000__nu0p50__psi0p00,hardzero_only,0.0,39,314,0.0,1,0.42000002,0.42000002,1.1037529,0.0,0.07874938,0.0,0.0,0.0,-29.381987,2.4283047,0.8094349,0.112,0.0,0.15972587,0.0,0.0,1008000
hardzero_only__c0p58__z1p05__lam0p000__nu0p50__psi0p00,hardzero_only,0.0,39,315,0.0,1,0.42000002,0.42000002,1.1096033,0.0,0.07769565,0.0,0.0,0.0,-28.65567,2.441176,0.81372535,0.15200001,0.0,0.17823656,0.0,0.0,1011200
hardzero_only__c0p58__z1p05__lam0p000__nu0p50__psi0p00,hardzero_only,0.0,39,316,0.0,1,0.42000002,0.42000002,1.0084971,0.09806248,0.09806248,1.0,0.0,0.0,-27.383661,2.218738,0.7395794,0.16800001,0.0,0.15100881,0.0,0.0,1014400
hardzero_only__c0p58__z1p05__lam0p000__nu0p50__psi0p00,hardzero_only,0.0,39,317,0.0,1,0.42000002,0.42000002,0.9950707,0.10114148,0.10114148,1.0,0.0,0.0,-27.17938,2.1891992,0.7297331,0.136,0.0,0.118526705,0.0,0.0,1017600
hardzero_only__c0p58__z1p05__lam0p000__nu0p50__psi0p00,hardzero_only,0.0,39,318,0.0,1,0.42000002,0.42000002,0.9563086,0.11058376,0.11058376,1.0,0.0,0.0,-26.06982,2.103921,0.701307,0.2,0.0,0.1530951,0.0,0.0,1020800
hardzero_only__c0p58__z1p05__lam0p000__nu0p50__psi0p00,hardzero_only,0.0,39,319,0.0,1,0.42000002,0.42000002,1.0327171,0.092743374,0.092743374,1.0,0.0,0.0,-27.570086,2.272023,0.757341,0.224,0.0,0.18239513,0.0,0.0,1024000
hardzero_only__c0p58__z1p05__lam0p000__nu0p50__psi0p00,hardzero_only,0.0,39,320,0.0,1,0.42000002,0.42000002,1.089979,0.0,0.08128698,0.0,0.0,0.0,-29.204765,2.3980017,0.79933393,0.104,0.0,0.16237439,0.0,0.0,1027200
hardzero_only__c0p58__z1p05__lam0p000__nu0p50__psi0p00,hardzero_only,0.0,39,321,0.0,1,0.42000002,0.42000002,1.0209566,0.095289126,0.095289126,1.0,0.0,0.0,-27.77713,2.2461495,0.74871653,0.28800002,0.0,0.14643018,0.0,0.0,1030400
hardzero_only__c0p58__z1p05__lam0p000__nu0p50__psi0p00,hardzero_only,0.0,39,322,0.0,1,0.42000002,0.42000002,1.0286912,0.0936071,0.0936071,1.0,0.0,0.0,-27.428059,2.2631657,0.7543886,0.192,0.0,0.14739944,0.0,0.0,1033600
hardzero_only__c0p58__z1p05__lam0p000__nu0p50__psi0p00,hardzero_only,0.0,39,323,0.0,1,0.42000002,0.42000002,1.0788759,0.0,0.08339194,0.0,0.0,0.0,-28.72382,2.3735743,0.79119146,0.136,0.0,0.17420253,0.0,0.0,1036800
hardzero_only__c0p58__z1p05__lam0p000__nu0p50__psi0p00,hardzero_only,0.0,39,324,0.0,1,0.42000002,0.42000002,1.0745453,0.0,0.08422766,0.0,0.0,0.0,-28.042526,2.3640468,0.7880156,0.18400002,0.0,0.1692556,0.0,0.0,1040000
hardzero_only__c0p58__z1p05__lam0p000__nu0p50__psi0p00,hardzero_only,0.0,39,325,0.0,1,0.42000002,0.42000002,1.0385915,0.09149734,0.09149734,1.0,0.0,0.0,-27.283564,2.284947,0.761649,0.17999999,0.0,0.14712179,0.0,0.0,1043200
hardzero_only__c0p58__z1p05__lam0p000__nu0p50__psi0p00,hardzero_only,0.0,39,326,0.0,1,0.42000002,0.42000002,1.0363623,0.09196819,0.09196819,1.0,0.0,0.0,-27.1203,2.2800426,0.76001424,0.128,0.0,0.15924165,0.0,0.0,1046400
hardzero_only__c0p58__z1p05__lam0p000__nu0p50__psi0p00,hardzero_only,0.0,39,327,0.0,1,0.42000002,0.42000002,1.0447091,0.09021752,0.09021752,1.0,0.0,0.0,-27.485046,2.298406,0.76613533,0.120000005,0.0,0.13501158,0.0,0.0,1049600
hardzero_only__c0p58__z1p05__lam0p000__nu0p50__psi0p00,hardzero_only,0.0,39,328,0.0,1,0.42000002,0.42000002,1.0669945,0.0,0.085704856,0.0,0.0,0.0,-27.993254,2.347435,0.78247833,0.104,0.0,0.17552343,0.0,0.0,1052800
hardzero_only__c0p58__z1p05__lam0p000__nu0p50__psi0p00,hardzero_only,0.0,39,329,0.0,1,0.42000002,0.42000002,1.0362943,0.0919826,0.0919826,1.0,0.0,0.0,-27.115658,2.2798932,0.7599644,0.136,0.0,0.16460562,0.0,0.0,1056000
hardzero_only__c0p58__z1p05__lam0p000__nu0p50__psi0p00,hardzero_only,0.0,39,330,0.0,1,0.42000002,0.42000002,1.0721256,0.0,0.084698245,0.0,0.0,0.0,-28.033175,2.3587234,0.7862412,0.14400001,0.0,0.15528573,0.0,0.0,1059200
hardzero_only__c0p58__z1p05__lam0p000__nu0p50__psi0p00,hardzero_only,0.0,39,331,0.0,1,0.42000002,0.42000002,0.9828292,0.10403292,0.10403292,1.0,0.0,0.0,-26.870298,2.1622674,0.7207558,0.16800001,0.0,0.1463225,0.0,0.0,1062400
hardzero_only__c0p58__z1p05__lam0p000__nu0p50__psi0p00,hardzero_only,0.0,39,332,0.0,1,0.42000002,0.42000002,1.0564549,0.0,0.08781022,0.0,0.0,0.0,-27.160484,2.3242471,0.77474904,0.208,0.0,0.1524248,0.0,0.0,1065600
hardzero_only__c0p58__z1p05__lam0p000__nu0p50__psi0p00,hardzero_only,0.0,39,333,0.0,1,0.42000002,0.42000002,1.05047,0.0,0.0890287,0.0,0.0,0.0,-27.564228,2.3110802,0.7703601,0.2,0.0,0.15553866,0.0,0.0,1068800
hardzero_only__c0p58__z1p05__lam0p000__nu0p50__psi0p00,hardzero_only,0.0,39,334,0.0,1,0.42000002,0.42000002,0.9848166,0.10355793,0.10355793,1.0,0.0,0.0,-26.08305,2.1666398,0.72221327,0.192,0.0,0.1287651,0.0,0.0,1072000
hardzero_only__c0p58__z1p05__lam0p000__nu0p50__psi0p00,hardzero_only,0.0,39,335,0.0,1,0.42000002,0.42000002,0.94184154,0.11432953,0.11432953,1.0,0.0,0.0,-26.34975,2.0720928,0.6906976,0.224,0.008,0.1432079,0.0,0.0,1075200
hardzero_only__c0p58__z1p05__lam0p000__nu0p50__psi0p00,hardzero_only,0.0,39,336,0.0,1,0.42000002,0.42000002,1.0418973,0.09080353,0.09080353,1.0,0.0,0.0,-27.697458,2.2922199,0.7640733,0.128,0.0,0.1360384,0.0,0.0,1078400
hardzero_only__c0p58__z1p05__lam0p000__nu0p50__psi0p00,hardzero_only,0.0,39,337,0.0,1,0.42000002,0.42000002,0.9829475,0.10400457,0.10400457,1.0,0.0,0.0,-26.491697,2.1625278,0.7208426,0.192,0.0,0.14970884,0.0,0.0,1081600
hardzero_only__c0p58__z1p05__lam0p000__nu0p50__psi0p00,hardzero_only,0.0,39,338,0.0,1,0.42000002,0.42000002,1.0395976,0.09128561,0.09128561,1.0,0.0,0.0,-26.450186,2.2871604,0.7623868,0.19,0.0,0.11972105,0.0,0.0,1084800
hardzero_only__c0p58__z1p05__lam0p000__nu0p50__psi0p00,hardzero_only,0.0,39,339,0.0,1,0.42000002,0.42000002,1.0661943,0.0,0.085862935,0.0,0.0,0.0,-27.898397,2.3456743,0.78189147,0.096,0.0,0.15052935,0.0,0.0,1088000
hardzero_only__c0p58__z1p05__lam0p000__nu0p50__psi0p00,hardzero_only,0.0,39,340,0.0,1,0.42000002,0.42000002,1.0241464,0.09459181,0.09459181,1.0,0.0,0.0,-27.0363,2.2531672,0.7510557,0.14400001,0.0,0.12734683,0.0,0.0,1091200
hardzero_only__c0p58__z1p05__lam0p000__nu0p50__psi0p00,hardzero_only,0.0,39,341,0.0,1,0.42000002,0.42000002,1.0862495,0.0,0.081988044,0.0,0.0,0.0,-28.628508,2.3897965,0.79659885,0.128,0.0,0.18460232,0.0,0.0,1094400
hardzero_only__c0p58__z1p05__lam0p000__nu0p50__psi0p00,hardzero_only,0.0,39,342,0.0,1,0.42000002,0.42000002,1.0241592,0.09458904,0.09458904,1.0,0.0,0.0,-27.42224,2.2531953,0.75106514,0.16000001,0.0,0.15297411,0.0,0.0,1097600
hardzero_only__c0p58__z1p05__lam0p000__nu0p50__psi0p00,hardzero_only,0.0,39,343,0.0,1,0.42000002,0.42000002,0.97543067,0.10582038,0.10582038,1.0,0.0,0.0,-26.558157,2.1459904,0.7153301,0.192,0.0,0.15293416,0.0,0.0,1100800
hardzero_only__c0p58__z1p05__lam0p000__nu0p50__psi0p00,hardzero_only,0.0,39,344,0.0,1,0.42000002,0.42000002,1.0540245,0.0,0.08830302,0.0,0.0,0.0,-27.657589,2.3189,0.77296674,0.18400002,0.0,0.1410315,0.0,0.0,1104000
hardzero_only__c0p58__z1p05__lam0p000__nu0p50__psi0p00,hardzero_only,0.0,39,345,0.0,1,0.42000002,0.42000002,1.0713854,0.0,0.08484271,0.0,0.0,0.0,-27.470623,2.357095,0.78569835,0.16000001,0.0,0.1583093,0.0,0.0,1107200
hardzero_only__c0p58__z1p05__lam0p000__nu0p50__psi0p00,hardzero_only,0.0,39,346,0.0,1,0.42000002,0.42000002,1.0474861,0.0896425,0.0896425,1.0,0.0,0.0,-28.047739,2.3045154,0.7681718,0.136,0.0,0.13478382,0.0,0.0,1110400
hardzero_only__c0p58__z1p05__lam0p000__nu0p50__psi0p00,hardzero_only,0.0,39,347,0.0,1,0.42000002,0.42000002,1.0480161,0.08953316,0.08953316,1.0,0.0,0.0,-28.425737,2.3056815,0.7685605,0.18400002,0.0,0.1400365,0.0,0.0,1113600
hardzero_only__c0p58__z1p05__lam0p000__nu0p50__psi0p00,hardzero_only,0.0,39,348,0.0,1,0.42000002,0.42000002,1.0018595,0.09957274,0.09957274,1.0,0.0,0.0,-26.417149,2.204135,0.73471165,0.208,0.0,0.14895403,0.0,0.0,1116800
hardzero_only__c0p58__z1p05__lam0p000__nu0p50__psi0p00,hardzero_only,0.0,39,349,0.0,1,0.42000002,0.42000002,1.0572494,0.0,0.087649725,0.0,0.0,0.0,-27.529871,2.3259952,0.77533174,0.16000001,0.0,0.15258558,0.0,0.0,1120000
hardzero_only__c0p58__z1p05__lam0p000__nu0p50__psi0p00,hardzero_only,0.0,39,350,0.0,1,0.42000002,0.42000002,1.0509759,0.0,0.08892504,0.0,0.0,0.0,-27.832138,2.3121932,0.7707311,0.15200001,0.0,0.15817973,0.0,0.0,1123200
hardzero_only__c0p58__z1p05__lam0p000__nu0p50__psi0p00,hardzero_only,0.0,39,351,0.0,1,0.42000002,0.42000002,1.0964758,0.0,0.08008001,0.0,0.0,0.0,-27.704184,2.412295,0.80409837,0.14,0.0,0.14492881,0.0,0.0,1126400
hardzero_only__c0p58__z1p05__lam0p000__nu0p50__psi0p00,hardzero_only,0.0,39,352,0.0,1,0.42000002,0.42000002,1.0256599,0.09426274,0.09426274,1.0,0.0,0.0,-26.253199,2.256497,0.7521657,0.136,0.0,0.14969379,0.0,0.0,1129600
hardzero_only__c0p58__z1p05__lam0p000__nu0p50__psi0p00,hardzero_only,0.0,39,353,0.0,1,0.42000002,0.42000002,1.079372,0.0,0.083296716,0.0,0.0,0.0,-27.107578,2.374666,0.79155535,0.08800001,0.0,0.14470056,0.0,0.0,1132800
hardzero_only__c0p58__z1p05__lam0p000__nu0p50__psi0p00,hardzero_only,0.0,39,354,0.0,1,0.42000002,0.42000002,1.0291946,0.093498655,0.093498655,1.0,0.0,0.0,-27.56156,2.2642734,0.7547578,0.17600001,0.008,0.14514089,0.0,0.0,1136000
hardzero_only__c0p58__z1p05__lam0p000__nu0p50__psi0p00,hardzero_only,0.0,39,355,0.0,1,0.42000002,0.42000002,1.0136081,0.09691521,0.09691521,1.0,0.0,0.0,-27.15756,2.2299824,0.7433275,0.120000005,0.0,0.14167559,0.0,0.0,1139200
hardzero_only__c0p58__z1p05__lam0p000__nu0p50__psi0p00,hardzero_only,0.0,39,356,0.0,1,0.42000002,0.42000002,0.9943259,0.10131508,0.10131508,1.0,0.0,0.0,-27.469936,2.1875606,0.7291869,0.2,0.0,0.14128093,0.0,0.0,1142400
hardzero_only__c0p58__z1p05__lam0p000__nu0p50__psi0p00,hardzero_only,0.0,39,357,0.0,1,0.42000002,0.42000002,1.0050135,0.09885224,0.09885224,1.0,0.0,0.0,-26.504143,2.2110739,0.73702466,0.16800001,0.0,0.1335001,0.0,0.0,1145600
hardzero_only__c0p58__z1p05__lam0p000__nu0p50__psi0p00,hardzero_only,0.0,39,358,0.0,1,0.42000002,0.42000002,0.9740405,0.10615965,0.10615965,1.0,0.0,0.0,-28.134022,2.142932,0.71431065,0.264,0.0,0.17389762,0.0,0.0,1148800
hardzero_only__c0p58__z1p05__lam0p000__nu0p50__psi0p00,hardzero_only,0.0,39,359,0.0,1,0.42000002,0.42000002,1.0087945,0.09799535,0.09799535,1.0,0.0,0.0,-27.13152,2.2193923,0.7397975,0.15200001,0.0,0.17157309,0.0,0.0,1152000
hardzero_only__c0p58__z1p05__lam0p000__nu0p50__psi0p00,hardzero_only,0.0,39,360,0.0,1,0.42000002,0.42000002,1.0214779,0.09517483,0.09517483,1.0,0.0,0.0,-27.136242,2.2472963,0.7490988,0.120000005,0.0,0.14881633,0.0,0.0,1155200
hardzero_only__c0p58__z1p05__lam0p000__nu0p50__psi0p00,hardzero_only,0.0,39,361,0.0,1,0.42000002,0.42000002,1.010409,0.09763174,0.09763174,1.0,0.0,0.0,-26.84487,2.2229443,0.74098146,0.17600001,0.0,0.1318323,0.0,0.0,1158400
hardzero_only__c0p58__z1p05__lam0p000__nu0p50__psi0p00,hardzero_only,0.0,39,362,0.0,1,0.42000002,0.42000002,1.0193689,0.09563813,0.09563813,1.0,0.0,0.0,-27.074638,2.2426562,0.7475521,0.128,0.0,0.13427655,0.0,0.0,1161600
hardzero_only__c0p58__z1p05__lam0p000__nu0p50__psi0p00,hardzero_only,0.0,39,363,0.0,1,0.42000002,0.42000002,1.0639317,0.0,0.08631142,0.0,0.0,0.0,-28.273865,2.3406966,0.7802322,0.18400002,0.0,0.13362113,0.0,0.0,1164800
hardzero_only__c0p58__z1p05__lam0p000__nu0p50__psi0p00,hardzero_only,0.0,39,364,0.0,1,0.42000002,0.42000002,1.0608858,0.0,0.08691889,0.0,0.0,0.0,-27.33748,2.3339953,0.77799845,0.099999994,0.0,0.13422056,0.0,0.0,1168000
hardzero_only__c0p58__z1p05__lam0p000__nu0p50__psi0p00,hardzero_only,0.0,39,365,0.0,1,0.42000002,0.42000002,0.9896162,0.102419764,0.102419764,1.0,0.0,0.0,-26.706718,2.1771991,0.72573304,0.192,0.0,0.1328959,0.0,0.0,1171200
hardzero_only__c0p58__z1p05__lam0p000__nu0p50__psi0p00,hardzero_only,0.0,39,366,0.0,1,0.42000002,0.42000002,1.0229456,0.09485372,0.09485372,1.0,0.0,0.0,-27.84632,2.2505252,0.7501751,0.15200001,0.0,0.14923044,0.0,0.0,1174400
hardzero_only__c0p58__z1p05__lam0p000__nu0p50__psi0p00,hardzero_only,0.0,39,367,0.0,1,0.42000002,0.42000002,1.0528342,0.0,0.08854535,0.0,0.0,0.0,-27.340014,2.3162813,0.7720938,0.14400001,0.0,0.14086549,0.0,0.0,1177600
hardzero_only__c0p58__z1p05__lam0p000__nu0p50__psi0p00,hardzero_only,0.0,39,368,0.0,1,0.42000002,0.42000002,1.0435116,0.09046662,0.09046662,1.0,0.0,0.0,-27.870234,2.2957714,0.7652571,0.192,0.0,0.15723105,0.0,0.0,1180800
hardzero_only__c0p58__z1p05__lam0p000__nu0p50__psi0p00,hardzero_only,0.0,39,369,0.0,1,0.42000002,0.42000002,0.9938748,0.10142038,0.10142038,1.0,0.0,0.0,-26.6329,2.1865683,0.7288561,0.17600001,0.0,0.14368567,0.0,0.0,1184000
hardzero_only__c0p58__z1p05__lam0p000__nu0p50__psi0p00,hardzero_only,0.0,39,370,0.0,1,0.42000002,0.42000002,1.019175,0.095680825,0.095680825,1.0,0.0,0.0,-27.26923,2.24223,0.74741,0.192,0.0,0.1261954,0.0,0.0,1187200
hardzero_only__c0p58__z1p05__lam0p000__nu0p50__psi0p00,hardzero_only,0.0,39,371,0.0,1,0.42000002,0.42000002,0.9916848,0.101933084,0.101933084,1.0,0.0,0.0,-27.196892,2.18175,0.72725004,0.16800001,0.0,0.14501356,0.0,0.0,1190400
hardzero_only__c0p58__z1p05__lam0p000__nu0p50__psi0p00,hardzero_only,0.0,39,372,0.0,1,0.42000002,0.42000002,1.0359195,0.092062004,0.092062004,1.0,0.0,0.0,-27.574413,2.2790685,0.7596895,0.17600001,0.0,0.14426705,0.0,0.0,1193600
hardzero_only__c0p58__z1p05__lam0p000__nu0p50__psi0p00,hardzero_only,0.0,39,373,0.0,1,0.42000002,0.42000002,1.0246388,0.09448464,0.09448464,1.0,0.0,0.0,-27.256554,2.2542503,0.7514168,0.14400001,0.0,0.14622422,0.0,0.0,1196800
hardzero_only__c0p58__z1p05__lam0p000__nu0p50__psi0p00,hardzero_only,0.0,39,374,0.0,1,0.42000002,0.42000002,1.0687833,0.0,0.08535259,0.0,0.0,0.0,-27.63037,2.35137,0.78379005,0.112,0.0,0.15014249,0.0,0.0,1200000
hardzero_only__c0p58__z1p05__lam0p000__nu0p50__psi0p00,hardzero_only,0.0,39,375,0.0,1,0.42000002,0.42000002,1.0000323,0.09999256,0.09999256,1.0,0.0,0.0,-26.50313,2.200115,0.7333717,0.120000005,0.0,0.13880423,0.0,0.0,1203200
hardzero_only__c0p58__z1p05__lam0p000__nu0p50__psi0p00,hardzero_only,0.0,39,376,0.0,1,0.42000002,0.42000002,1.0591556,0.0,0.08726587,0.0,0.0,0.0,-27.59905,2.3301888,0.7767296,0.16800001,0.0,0.16195773,0.0,0.0,1206400
hardzero_only__c0p58__z1p05__lam0p000__nu0p50__psi0p00,hardzero_only,0.0,39,377,0.0,1,0.42000002,0.42000002,1.083565,0.0,0.0824964,0.0,0.0,0.0,-27.633322,2.3838906,0.7946302,0.17999999,0.0,0.14006561,0.0,0.0,1209600
hardzero_only__c0p58__z1p05__lam0p000__nu0p50__psi0p00,hardzero_only,0.0,39,378,0.0,1,0.42000002,0.42000002,1.0006561,0.09984902,0.09984902,1.0,0.0,0.0,-27.102407,2.2014875,0.7338292,0.17600001,0.0,0.1481236,0.0,0.0,1212800
hardzero_only__c0p58__z1p05__lam0p000__nu0p50__psi0p00,hardzero_only,0.0,39,379,0.0,1,0.42000002,0.42000002,1.116434,0.0,0.0764832,0.0,0.0,0.0,-29.008629,2.4562037,0.8187346,0.14400001,0.0,0.17416535,0.0,0.0,1216000
hardzero_only__c0p58__z1p05__lam0p000__nu0p50__psi0p00,hardzero_only,0.0,39,380,0.0,1,0.42000002,0.42000002,0.9944002,0.101297736,0.101297736,1.0,0.0,0.0,-27.157574,2.187724,0.7292414,0.18400002,0.0,0.14728265,0.0,0.0,1219200
hardzero_only__c0p58__z1p05__lam0p000__nu0p50__psi0p00,hardzero_only,0.0,39,381,0.0,1,0.42000002,0.42000002,1.0455865,0.09003545,0.09003545,1.0,0.0,0.0,-28.173353,2.3003361,0.7667787,0.16000001,0.0,0.14842734,0.0,0.0,1222400
hardzero_only__c0p58__z1p05__lam0p000__nu0p50__psi0p00,hardzero_only,0.0,39,382,0.0,1,0.42000002,0.42000002,1.0056677,0.098703444,0.098703444,1.0,0.0,0.0,-27.045732,2.2125132,0.7375044,0.16000001,0.0,0.16786347,0.0,0.0,1225600
hardzero_only__c0p58__z1p05__lam0p000__nu0p50__psi0p00,hardzero_only,0.0,39,383,0.0,1,0.42000002,0.42000002,1.0445838,0.09024355,0.09024355,1.0,0.0,0.0,-28.178259,2.2981303,0.7660434,0.17600001,0.0,0.15889087,0.0,0.0,1228800
hardzero_only__c0p58__z1p05__lam0p000__nu0p50__psi0p00,hardzero_only,0.0,39,384,0.0,1,0.42000002,0.42000002,1.0948377,0.0,0.080382645,0.0,0.0,0.0,-28.707113,2.408691,0.802897,0.104,0.0,0.14848316,0.0,0.0,1232000
hardzero_only__c0p58__z1p05__lam0p000__nu0p50__psi0p00,hardzero_only,0.0,39,385,0.0,1,0.42000002,0.42000002,1.0240294,0.09461732,0.09461732,1.0,0.0,0.0,-27.113438,2.2529097,0.7509699,0.18400002,0.0,0.1542389,0.0,0.0,1235200
hardzero_only__c0p58__z1p05__lam0p000__nu0p50__psi0p00,hardzero_only,0.0,39,386,0.0,1,0.42000002,0.42000002,1.0211108,0.09525533,0.09525533,1.0,0.0,0.0,-27.405546,2.2464886,0.74882954,0.14400001,0.0,0.13362776,0.0,0.0,1238400
hardzero_only__c0p58__z1p05__lam0p000__nu0p50__psi0p00,hardzero_only,0.0,39,387,0.0,1,0.42000002,0.42000002,1.0428457,0.09060543,0.09060543,1.0,0.0,0.0,-27.071527,2.2943063,0.7647688,0.128,0.0,0.13255735,0.0,0.0,1241600
hardzero_only__c0p58__z1p05__lam0p000__nu0p50__psi0p00,hardzero_only,0.0,39,388,0.0,1,0.42000002,0.42000002,1.0430819,0.090556175,0.090556175,1.0,0.0,0.0,-27.17307,2.294826,0.76494205,0.104,0.0,0.13951448,0.0,0.0,1244800
hardzero_only__c0p58__z1p05__lam0p000__nu0p50__psi0p00,hardzero_only,0.0,39,389,0.0,1,0.42000002,0.42000002,1.0322345,0.092846476,0.092846476,1.0,0.0,0.0,-27.75648,2.2709613,0.7569871,0.136,0.0,0.14043756,0.0,0.0,1248000
hardzero_only__c0p58__z1p05__lam0p000__nu0p50__psi0p00,hardzero_only,0.0,39,390,0.0,1,0.42000002,0.42000002,1.0318558,0.092927486,0.092927486,1.0,0.0,0.0,-26.301613,2.2701283,0.75670946,0.06,0.0,0.15563709,0.0,0.0,1251200
hardzero_only__c0p58__z1p05__lam0p000__nu0p50__psi0p00,hardzero_only,0.0,39,391,0.0,1,0.42000002,0.42000002,0.9989874,0.10023344,0.10023344,1.0,0.0,0.0,-26.491365,2.1978161,0.7326054,0.120000005,0.0,0.16103753,0.0,0.0,1254400
hardzero_only__c0p58__z1p05__lam0p000__nu0p50__psi0p00,hardzero_only,0.0,39,392,0.0,1,0.42000002,0.42000002,1.0016869,0.09961232,0.09961232,1.0,0.0,0.0,-27.574266,2.2037554,0.73458517,0.15200001,0.0,0.13664134,0.0,0.0,1257600
hardzero_only__c0p58__z1p05__lam0p000__nu0p50__psi0p00,hardzero_only,0.0,39,393,0.0,1,0.42000002,0.42000002,1.0939424,0.0,0.08054853,0.0,0.0,0.0,-28.097822,2.4067214,0.8022405,0.120000005,0.0,0.14781108,0.0,0.0,1260800
hardzero_only__c0p58__z1p05__lam0p000__nu0p50__psi0p00,hardzero_only,0.0,39,394,0.0,1,0.42000002,0.42000002,1.0505651,0.0,0.089009196,0.0,0.0,0.0,-27.594412,2.3112893,0.7704298,0.16000001,0.0,0.17336766,0.0,0.0,1264000
hardzero_only__c0p58__z1p05__lam0p000__nu0p50__psi0p00,hardzero_only,0.0,39,395,0.0,1,0.42000002,0.42000002,1.0058895,0.098653026,0.098653026,1.0,0.0,0.0,-26.96935,2.2130013,0.7376671,0.18400002,0.0,0.16661415,0.0,0.0,1267200
hardzero_only__c0p58__z1p05__lam0p000__nu0p50__psi0p00,hardzero_only,0.0,39,396,0.0,1,0.42000002,0.42000002,1.061927,0.0,0.08671076,0.0,0.0,0.0,-27.839733,2.336286,0.77876204,0.17600001,0.0,0.13770616,0.0,0.0,1270400
hardzero_only__c0p58__z1p05__lam0p000__nu0p50__psi0p00,hardzero_only,0.0,39,397,0.0,1,0.42000002,0.42000002,1.0141168,0.09680175,0.09680175,1.0,0.0,0.0,-27.370008,2.2311015,0.7437005,0.15200001,0.0,0.15023057,0.0,0.0,1273600
hardzero_only__c0p58__z1p05__lam0p000__nu0p50__psi0p00,hardzero_only,0.0,39,398,0.0,1,0.42000002,0.42000002,1.0691699,0.0,0.08527664,0.0,0.0,0.0,-27.441292,2.3522208,0.7840736,0.17600001,0.0,0.159466,0.0,0.0,1276800
hardzero_only__c0p58__z1p05__lam0p000__nu0p50__psi0p00,hardzero_only,0.0,39,399,0.0,1,0.42000002,0.42000002,1.0513358,0.0,0.088851385,0.0,0.0,0.0,-27.788275,2.312985,0.770995,0.14400001,0.0,0.14960447,0.0,0.0,1280000
hardzero_only__c0p58__z1p05__lam0p000__nu0p50__psi0p00,hardzero_only,0.0,39,400,0.0,1,0.42000002,0.42000002,0.97378165,0.10622294,0.10622294,1.0,0.0,0.0,-26.960238,2.1423624,0.7141208,0.192,0.0,0.13584544,0.0,0.0,1283200
hardzero_only__c0p58__z1p05__lam0p000__nu0p50__psi0p00,hardzero_only,0.0,39,401,0.0,1,0.42000002,0.42000002,1.0447878,0.09020118,0.09020118,1.0,0.0,0.0,-27.540815,2.298579,0.76619303,0.14400001,0.0,0.14939271,0.0,0.0,1286400
hardzero_only__c0p58__z1p05__lam0p000__nu0p50__psi0p00,hardzero_only,0.0,39,402,0.0,1,0.42000002,0.42000002,1.0240628,0.094610035,0.094610035,1.0,0.0,0.0,-26.733246,2.252983,0.7509944,0.14400001,0.0,0.13697752,0.0,0.0,1289600
hardzero_only__c0p58__z1p05__lam0p000__nu0p50__psi0p00,hardzero_only,0.0,39,403,0.0,1,0.42000002,0.42000002,0.9568681,0.1104414,0.1104414,1.0,0.0,0.0,-26.07878,2.105152,0.7017173,0.17999999,0.0,0.107857645,0.0,0.0,1292800
hardzero_only__c0p58__z1p05__lam0p000__nu0p50__psi0p00,hardzero_only,0.0,39,404,0.0,1,0.42000002,0.42000002,1.0070121,0.098398365,0.098398365,1.0,0.0,0.0,-26.491192,2.2154708,0.7384903,0.16000001,0.0,0.12959819,0.0,0.0,1296000
hardzero_only__c0p58__z1p05__lam0p000__nu0p50__psi0p00,hardzero_only,0.0,39,405,0.0,1,0.42000002,0.42000002,1.0336962,0.09253453,0.09253453,1.0,0.0,0.0,-27.456678,2.274177,0.758059,0.128,0.0,0.14900075,0.0,0.0,1299200
hardzero_only__c0p58__z1p05__lam0p000__nu0p50__psi0p00,hardzero_only,0.0,39,406,0.0,1,0.42000002,0.42000002,0.9734911,0.106294036,0.106294036,1.0,0.0,0.0,-25.888521,2.1417232,0.7139077,0.18400002,0.0,0.12959452,0.0,0.0,1302400
hardzero_only__c0p58__z1p05__lam0p000__nu0p50__psi0p00,hardzero_only,0.0,39,407,0.0,1,0.42000002,0.42000002,1.0371017,0.091811754,0.091811754,1.0,0.0,0.0,-27.046692,2.2816694,0.76055646,0.128,0.0,0.14931534,0.0,0.0,1305600
hardzero_only__c0p58__z1p05__lam0p000__nu0p50__psi0p00,hardzero_only,0.0,39,408,0.0,1,0.42000002,0.42000002,1.0589199,0.0,0.087313235,0.0,0.0,0.0,-28.941935,2.3296704,0.77655685,0.136,0.0,0.17157796,0.0,0.0,1308800
hardzero_only__c0p58__z1p05__lam0p000__nu0p50__psi0p00,hardzero_only,0.0,39,409,0.0,1,0.42000002,0.42000002,1.0531117,0.0,0.0884888,0.0,0.0,0.0,-27.380798,2.316892,0.7722973,0.18400002,0.0,0.15247859,0.0,0.0,1312000
hardzero_only__c0p58__z1p05__lam0p000__nu0p50__psi0p00,hardzero_only,0.0,39,410,0.0,1,0.42000002,0.42000002,0.96245,0.109031,0.109031,1.0,0.0,0.0,-25.75527,2.1174324,0.7058108,0.16000001,0.0,0.12889923,0.0,0.0,1315200
hardzero_only__c0p58__z1p05__lam0p000__nu0p50__psi0p00,hardzero_only,0.0,39,411,0.0,1,0.42000002,0.42000002,1.0191227,0.09569237,0.09569237,1.0,0.0,0.0,-27.125212,2.2421148,0.7473716,0.128,0.0,0.12784041,0.0,0.0,1318400
hardzero_only__c0p58__z1p05__lam0p000__nu0p50__psi0p00,hardzero_only,0.0,39,412,0.0,1,0.42000002,0.42000002,1.0438339,0.09039952,0.09039952,1.0,0.0,0.0,-27.14266,2.2964804,0.7654935,0.08800001,0.0,0.13083875,0.0,0.0,1321600
hardzero_only__c0p58__z1p05__lam0p000__nu0p50__psi0p00,hardzero_only,0.0,39,413,0.0,1,0.42000002,0.42000002,0.9942361,0.101336025,0.101336025,1.0,0.0,0.0,-27.174778,2.1873631,0.7291211,0.16800001,0.0,0.13481864,0.0,0.0,1324800
hardzero_only__c0p58__z1p05__lam0p000__nu0p50__psi0p00,hardzero_only,0.0,39,414,0.0,1,0.42000002,0.42000002,1.0408158,0.09102992,0.09102992,1.0,0.0,0.0,-28.099346,2.2898405,0.76328015,0.136,0.0,0.15379016,0.0,0.0,1328000
hardzero_only__c0p58__z1p05__lam0p000__nu0p50__psi0p00,hardzero_only,0.0,39,415,0.0,1,0.42000002,0.42000002,1.0576453,0.0,0.087569855,0.0,0.0,0.0,-28.082747,2.3268661,0.77562207,0.14400001,0.0,0.1329837,0.0,0.0,1331200
hardzero_only__c0p58__z1p05__lam0p000__nu0p50__psi0p00,hardzero_only,0.0,39,416,0.0,1,0.42000002,0.42000002,1.0399132,0.09121931,0.09121931,1.0,0.0,0.0,-27.233479,2.2878547,0.76261824,0.16,0.0,0.13090436,0.0,0.0,1334400
hardzero_only__c0p58__z1p05__lam0p000__nu0p50__psi0p00,hardzero_only,0.0,39,417,0.0,1,0.42000002,0.42000002,1.0973436,0.0,0.07992018,0.0,0.0,0.0,-28.71262,2.4142041,0.8047347,0.16000001,0.0,0.16055599,0.0,0.0,1337600
hardzero_only__c0p58__z1p05__lam0p000__nu0p50__psi0p00,hardzero_only,0.0,39,418,0.0,1,0.42000002,0.42000002,1.070557,0.0,0.08500471,0.0,0.0,0.0,-27.603138,2.3552725,0.78509086,0.120000005,0.0,0.18125656,0.0,0.0,1340800
hardzero_only__c0p58__z1p05__lam0p000__nu0p50__psi0p00,hardzero_only,0.0,39,419,0.0,1,0.42000002,0.42000002,1.022399,0.09497319,0.09497319,1.0,0.0,0.0,-26.889143,2.2493227,0.7497742,0.136,0.0,0.15356721,0.0,0.0,1344000
hardzero_only__c0p58__z1p05__lam0p000__nu0p50__psi0p00,hardzero_only,0.0,39,420,0.0,1,0.42000002,0.42000002,0.96492815,0.108410634,0.108410634,1.0,0.0,0.0,-25.973162,2.1228843,0.70762813,0.192,0.0,0.113471694,0.0,0.0,1347200
hardzero_only__c0p58__z1p05__lam0p000__nu0p50__psi0p00,hardzero_only,0.0,39,421,0.0,1,0.42000002,0.42000002,1.0657232,0.0,0.08595611,0.0,0.0,0.0,-28.139542,2.3446379,0.781546,0.16800001,0.0,0.15414913,0.0,0.0,1350400
hardzero_only__c0p58__z1p05__lam0p000__nu0p50__psi0p00,hardzero_only,0.0,39,422,0.0,1,0.42000002,0.42000002,1.0629323,0.0,0.0865103,0.0,0.0,0.0,-26.860104,2.3384976,0.77949923,0.18400002,0.0,0.16746204,0.0,0.0,1353600
hardzero_only__c0p58__z1p05__lam0p000__nu0p50__psi0p00,hardzero_only,0.0,39,423,0.0,1,0.42000002,0.42000002,1.0212629,0.09522197,0.09522197,1.0,0.0,0.0,-27.218285,2.2468233,0.7489411,0.16800001,0.0,0.15686917,0.0,0.0,1356800
hardzero_only__c0p58__z1p05__lam0p000__nu0p50__psi0p00,hardzero_only,0.0,39,424,0.0,1,0.42000002,0.42000002,1.0373204,0.09176553,0.09176553,1.0,0.0,0.0,-27.556988,2.2821503,0.7607168,0.104,0.0,0.15783371,0.0,0.0,1360000
hardzero_only__c0p58__z1p05__lam0p000__nu0p50__psi0p00,hardzero_only,0.0,39,425,0.0,1,0.42000002,0.42000002,1.0619576,0.0,0.08670466,0.0,0.0,0.0,-27.448576,2.3363533,0.77878445,0.17600001,0.0,0.1610976,0.0,0.0,1363200
hardzero_only__c0p58__z1p05__lam0p000__nu0p50__psi0p00,hardzero_only,0.0,39,426,0.0,1,0.42000002,0.42000002,1.0539472,0.0,0.08831872,0.0,0.0,0.0,-27.769651,2.31873,0.77291006,0.128,0.0,0.15996002,0.0,0.0,1366400
hardzero_only__c0p58__z1p05__lam0p000__nu0p50__psi0p00,hardzero_only,0.0,39,427,0.0,1,0.42000002,0.42000002,1.1178881,0.0,0.07622754,0.0,0.0,0.0,-29.550095,2.4594028,0.819801,0.128,0.0,0.15782118,0.0,0.0,1369600
hardzero_only__c0p58__z1p05__lam0p000__nu0p50__psi0p00,hardzero_only,0.0,39,428,0.0,1,0.42000002,0.42000002,1.0482358,0.08948787,0.08948787,1.0,0.0,0.0,-28.059685,2.3061647,0.7687216,0.15200001,0.0,0.14743508,0.0,0.0,1372800
hardzero_only__c0p58__z1p05__lam0p000__nu0p50__psi0p00,hardzero_only,0.0,39,429,0.0,1,0.42000002,0.42000002,1.0092196,0.09789947,0.09789947,1.0,0.0,0.0,-26.819382,2.2203276,0.7401092,0.13,0.0,0.15406302,0.0,0.0,1376000
hardzero_only__c0p58__z1p05__lam0p000__nu0p50__psi0p00,hardzero_only,0.0,39,430,0.0,1,0.42000002,0.42000002,0.98082316,0.10451456,0.10451456,1.0,0.0,0.0,-27.048866,2.157854,0.7192847,0.17600001,0.0,0.13640511,0.0,0.0,1379200
hardzero_only__c0p58__z1p05__lam0p000__nu0p50__psi0p00,hardzero_only,0.0,39,431,0.0,1,0.42000002,0.42000002,1.0449955,0.090158045,0.090158045,1.0,0.0,0.0,-27.427435,2.299036,0.7663454,0.17600001,0.0,0.16394849,0.0,0.0,1382400
hardzero_only__c0p58__z1p05__lam0p000__nu0p50__psi0p00,hardzero_only,0.0,39,432,0.0,1,0.42000002,0.42000002,1.0007471,0.09982813,0.09982813,1.0,0.0,0.0,-27.746206,2.2016876,0.7338959,0.2,0.0,0.13429552,0.0,0.0,1385600
hardzero_only__c0p58__z1p05__lam0p000__nu0p50__psi0p00,hardzero_only,0.0,39,433,0.0,1,0.42000002,0.42000002,1.0249122,0.094425164,0.094425164,1.0,0.0,0.0,-27.393614,2.254852,0.7516174,0.16800001,0.0,0.16195145,0.0,0.0,1388800
hardzero_only__c0p58__z1p05__lam0p000__nu0p50__psi0p00,hardzero_only,0.0,39,434,0.0,1,0.42000002,0.42000002,1.0736203,0.0,0.08440724,0.0,0.0,0.0,-28.841623,2.362012,0.7873373,0.104,0.0,0.14759098,0.0,0.0,1392000
hardzero_only__c0p58__z1p05__lam0p000__nu0p50__psi0p00,hardzero_only,0.0,39,435,0.0,1,0.42000002,0.42000002,1.0091565,0.097913705,0.097913705,1.0,0.0,0.0,-27.368647,2.2201886,0.7400629,0.16800001,0.0,0.14801839,0.0,0.0,1395200
hardzero_only__c0p58__z1p05__lam0p000__nu0p50__psi0p00,hardzero_only,0.0,39,436,0.0,1,0.42000002,0.42000002,1.0815334,0.0,0.0828832,0.0,0.0,0.0,-28.044523,2.379421,0.79314035,0.15200001,0.0,0.17179932,0.0,0.0,1398400
hardzero_only__c0p58__z1p05__lam0p000__nu0p50__psi0p00,hardzero_only,0.0,39,437,0.0,1,0.42000002,0.42000002,1.0787474,0.0,0.08341662,0.0,0.0,0.0,-28.154099,2.3732917,0.7910973,0.224,0.0,0.16876756,0.0,0.0,1401600
hardzero_only__c0p58__z1p05__lam0p000__nu0p50__psi0p00,hardzero_only,0.0,39,438,0.0,1,0.42000002,0.42000002,1.0227754,0.0948909,0.0948909,1.0,0.0,0.0,-27.054224,2.250151,0.7500503,0.112,0.0,0.17424576,0.0,0.0,1404800
hardzero_only__c0p58__z1p05__lam0p000__nu0p50__psi0p00,hardzero_only,0.0,39,439,0.0,1,0.42000002,0.42000002,1.0350761,0.09224097,0.09224097,1.0,0.0,0.0,-26.815096,2.277213,0.75907105,0.17600001,0.0,0.1405643,0.0,0.0,1408000
hardzero_only__c0p58__z1p05__lam0p000__nu0p50__psi0p00,hardzero_only,0.0,39,440,0.0,1,0.42000002,0.42000002,1.0926982,0.0,0.08077963,0.0,0.0,0.0,-28.791655,2.403984,0.80132806,0.112,0.0,0.16868626,0.0,0.0,1411200
hardzero_only__c0p58__z1p05__lam0p000__nu0p50__psi0p00,hardzero_only,0.0,39,441,0.0,1,0.42000002,0.42000002,1.0921446,0.0,0.080882646,0.0,0.0,0.0,-27.282513,2.402766,0.80092204,0.208,0.008,0.14434388,0.0,0.0,1414400
hardzero_only__c0p58__z1p05__lam0p000__nu0p50__psi0p00,hardzero_only,0.0,39,442,0.0,1,0.42000002,0.42000002,1.0277799,0.093803726,0.093803726,1.0,0.0,0.0,-26.560263,2.261161,0.7537204,0.17999999,0.0,0.15298122,0.0,0.0,1417600
hardzero_only__c0p58__z1p05__lam0p000__nu0p50__psi0p00,hardzero_only,0.0,39,443,0.0,1,0.42000002,0.42000002,1.0744202,0.0,0.08425192,0.0,0.0,0.0,-28.170536,2.3637717,0.78792393,0.096,0.0,0.13725182,0.0,0.0,1420800
hardzero_only__c0p58__z1p05__lam0p000__nu0p50__psi0p00,hardzero_only,0.0,39,444,0.0,1,0.42000002,0.42000002,1.0002543,0.099941455,0.099941455,1.0,0.0,0.0,-26.885983,2.2006032,0.73353446,0.128,0.0,0.12010324,0.0,0.0,1424000
hardzero_only__c0p58__z1p05__lam0p000__nu0p50__psi0p00,hardzero_only,0.0,39,445,0.0,1,0.42000002,0.42000002,0.9711297,0.106873564,0.106873564,1.0,0.0,0.0,-25.936302,2.136528,0.712176,0.18400002,0.008,0.1321315,0.0,0.0,1427200
hardzero_only__c0p58__z1p05__lam0p000__nu0p50__psi0p00,hardzero_only,0.0,39,446,0.0,1,0.42000002,0.42000002,1.0394614,0.09131425,0.09131425,1.0,0.0,0.0,-27.28785,2.2868607,0.7622869,0.104,0.0,0.13094653,0.0,0.0,1430400
hardzero_only__c0p58__z1p05__lam0p000__nu0p50__psi0p00,hardzero_only,0.0,39,447,0.0,1,0.42000002,0.42000002,1.0279081,0.09377604,0.09377604,1.0,0.0,0.0,-27.179987,2.261443,0.75381434,0.08800001,0.0,0.1393668,0.0,0.0,1433600
hardzero_only__c0p58__z1p05__lam0p000__nu0p50__psi0p00,hardzero_only,0.0,39,448,0.0,1,0.42000002,0.42000002,1.084303,0.0,0.08235632,0.0,0.0,0.0,-27.98031,2.3855143,0.79517144,0.136,0.0,0.14299807,0.0,0.0,1436800
hardzero_only__c0p58__z1p05__lam0p000__nu0p50__psi0p00,hardzero_only,0.0,39,449,0.0,1,0.42000002,0.42000002,1.0055883,0.0987215,0.0987215,1.0,0.0,0.0,-26.199844,2.2123384,0.7374462,0.256,0.0,0.11193232,0.0,0.0,1440000
hardzero_only__c0p58__z1p05__lam0p000__nu0p50__psi0p00,hardzero_only,0.0,39,450,0.0,1,0.42000002,0.42000002,1.0690666,0.0,0.08529692,0.0,0.0,0.0,-27.837528,2.3519936,0.7839979,0.16000001,0.0,0.14441079,0.0,0.0,1443200
hardzero_only__c0p58__z1p05__lam0p000__nu0p50__psi0p00,hardzero_only,0.0,39,451,0.0,1,0.42000002,0.42000002,1.0089664,0.097956546,0.097956546,1.0,0.0,0.0,-27.11796,2.2197704,0.7399235,0.16000001,0.0,0.12349346,0.0,0.0,1446400
hardzero_only__c0p58__z1p05__lam0p000__nu0p50__psi0p00,hardzero_only,0.0,39,452,0.0,1,0.42000002,0.42000002,1.0628743,0.0,0.08652182,0.0,0.0,0.0,-28.463142,2.33837,0.77945673,0.128,0.0,0.17824522,0.0,0.0,1449600
hardzero_only__c0p58__z1p05__lam0p000__nu0p50__psi0p00,hardzero_only,0.0,39,453,0.0,1,0.42000002,0.42000002,1.0511527,0.0,0.08888884,0.0,0.0,0.0,-27.20226,2.3125823,0.7708608,0.104,0.0,0.16339529,0.0,0.0,1452800
hardzero_only__c0p58__z1p05__lam0p000__nu0p50__psi0p00,hardzero_only,0.0,39,454,0.0,1,0.42000002,0.42000002,1.0349941,0.092258394,0.092258394,1.0,0.0,0.0,-26.978731,2.2770326,0.7590109,0.15200001,0.0,0.14587253,0.0,0.0,1456000
hardzero_only__c0p58__z1p05__lam0p000__nu0p50__psi0p00,hardzero_only,0.0,39,455,0.0,1,0.42000002,0.42000002,1.0231596,0.09480698,0.09480698,1.0,0.0,0.0,-26.713701,2.250996,0.75033206,0.17999999,0.0,0.13041387,0.0,0.0,1459200
hardzero_only__c0p58__z1p05__lam0p000__nu0p50__psi0p00,hardzero_only,0.0,39,456,0.0,1,0.42000002,0.42000002,1.0635853,0.0,0.0863803,0.0,0.0,0.0,-28.069878,2.3399343,0.77997816,0.104,0.0,0.15494415,0.0,0.0,1462400
hardzero_only__c0p58__z1p05__lam0p000__nu0p50__psi0p00,hardzero_only,0.0,39,457,0.0,1,0.42000002,0.42000002,0.970178,0.10710801,0.10710801,1.0,0.0,0.0,-25.802134,2.1344342,0.7114781,0.192,0.0,0.1486824,0.0,0.0,1465600
hardzero_only__c0p58__z1p05__lam0p000__nu0p50__psi0p00,hardzero_only,0.0,39,458,0.0,1,0.42000002,0.42000002,1.014772,0.09665579,0.09665579,1.0,0.0,0.0,-26.65624,2.2325432,0.7441811,0.072000004,0.0,0.13195919,0.0,0.0,1468800
hardzero_only__c0p58__z1p05__lam0p000__nu0p50__psi0p00,hardzero_only,0.0,39,459,0.0,1,0.42000002,0.42000002,1.0147388,0.09666319,0.09666319,1.0,0.0,0.0,-27.13121,2.23247,0.7441567,0.192,0.0,0.1301291,0.0,0.0,1472000
hardzero_only__c0p58__z1p05__lam0p000__nu0p50__psi0p00,hardzero_only,0.0,39,460,0.0,1,0.42000002,0.42000002,1.0491445,0.089300826,0.089300826,1.0,0.0,0.0,-28.242132,2.308164,0.76938796,0.16000001,0.0,0.17110445,0.0,0.0,1475200
hardzero_only__c0p58__z1p05__lam0p000__nu0p50__psi0p00,hardzero_only,0.0,39,461,0.0,1,0.42000002,0.42000002,1.0526175,0.0,0.088589534,0.0,0.0,0.0,-28.32056,2.3158047,0.7719349,0.15200001,0.0,0.18248114,0.0,0.0,1478400
hardzero_only__c0p58__z1p05__lam0p000__nu0p50__psi0p00,hardzero_only,0.0,39,462,0.0,1,0.42000002,0.42000002,0.9993853,0.100141644,0.100141644,1.0,0.0,0.0,-26.637766,2.1986916,0.7328972,0.072000004,0.0,0.1441716,0.0,0.0,1481600
hardzero_only__c0p58__z1p05__lam0p000__nu0p50__psi0p00,hardzero_only,0.0,39,463,0.0,1,0.42000002,0.42000002,1.003609,0.09917246,0.09917246,1.0,0.0,0.0,-26.294407,2.2079837,0.7359946,0.136,0.0,0.1483122,0.0,0.0,1484800
hardzero_only__c0p58__z1p05__lam0p000__nu0p50__psi0p00,hardzero_only,0.0,39,464,0.0,1,0.42000002,0.42000002,0.98733425,0.10295934,0.10295934,1.0,0.0,0.0,-26.254993,2.1721787,0.7240596,0.17600001,0.0,0.12099854,0.0,0.0,1488000
hardzero_only__c0p58__z1p05__lam0p000__nu0p50__psi0p00,hardzero_only,0.0,39,465,0.0,1,0.42000002,0.42000002,1.0789506,0.0,0.08337759,0.0,0.0,0.0,-28.144112,2.3737388,0.7912463,0.15200001,0.0,0.1633136,0.0,0.0,1491200
hardzero_only__c0p58__z1p05__lam0p000__nu0p50__psi0p00,hardzero_only,0.0,39,466,0.0,1,0.42000002,0.42000002,1.0244712,0.09452111,0.09452111,1.0,0.0,0.0,-27.776602,2.2538815,0.75129384,0.14400001,0.0,0.16885062,0.0,0.0,1494400
hardzero_only__c0p58__z1p05__lam0p000__nu0p50__psi0p00,hardzero_only,0.0,39,467,0.0,1,0.42000002,0.42000002,0.9650959,0.10836876,0.10836876,1.0,0.0,0.0,-26.082655,2.1232533,0.70775115,0.23200001,0.008,0.13646115,0.0,0.0,1497600
hardzero_only__c0p58__z1p05__lam0p000__nu0p50__psi0p00,hardzero_only,0.0,39,468,0.0,1,0.42000002,0.42000002,1.0356935,0.09210993,0.09210993,1.0,0.0,0.0,-27.656742,2.2785711,0.75952375,0.089999996,0.0,0.15702,0.0,0.0,1500800
hardzero_only__c0p58__z1p05__lam0p000__nu0p50__psi0p00,hardzero_only,0.0,39,469,0.0,1,0.42000002,0.42000002,1.0921514,0.0,0.080881394,0.0,0.0,0.0,-27.999989,2.402781,0.80092704,0.16000001,0.0,0.14840107,0.0,0.0,1504000
hardzero_only__c0p58__z1p05__lam0p000__nu0p50__psi0p00,hardzero_only,0.0,39,470,0.0,1,0.42000002,0.42000002,1.0530691,0.0,0.08849747,0.0,0.0,0.0,-27.540266,2.3167982,0.7722661,0.17600001,0.0,0.1699148,0.0,0.0,1507200
hardzero_only__c0p58__z1p05__lam0p000__nu0p50__psi0p00,hardzero_only,0.0,39,471,0.0,1,0.42000002,0.42000002,1.0518612,0.0,0.088743955,0.0,0.0,0.0,-28.089613,2.3141408,0.7713803,0.14400001,0.0,0.14637445,0.0,0.0,1510400
hardzero_only__c0p58__z1p05__lam0p000__nu0p50__psi0p00,hardzero_only,0.0,39,472,0.0,1,0.42000002,0.42000002,1.0259289,0.094204396,0.094204396,1.0,0.0,0.0,-26.86736,2.2570884,0.75236285,0.16000001,0.008,0.15106332,0.0,0.0,1513600
hardzero_only__c0p58__z1p05__lam0p000__nu0p50__psi0p00,hardzero_only,0.0,39,473,0.0,1,0.42000002,0.42000002,1.0901285,0.0,0.081259,0.0,0.0,0.0,-28.73476,2.3983307,0.7994436,0.136,0.0,0.16105348,0.0,0.0,1516800
hardzero_only__c0p58__z1p05__lam0p000__nu0p50__psi0p00,hardzero_only,0.0,39,474,0.0,1,0.42000002,0.42000002,1.0701356,0.0,0.08508724,0.0,0.0,0.0,-27.488575,2.3543453,0.7847818,0.080000006,0.0,0.16040967,0.0,0.0,1520000
hardzero_only__c0p58__z1p05__lam0p000__nu0p50__psi0p00,hardzero_only,0.0,39,475,0.0,1,0.42000002,0.42000002,1.0396781,0.091268696,0.091268696,1.0,0.0,0.0,-27.696154,2.2873375,0.76244587,0.192,0.0,0.14000966,0.0,0.0,1523200
hardzero_only__c0p58__z1p05__lam0p000__nu0p50__psi0p00,hardzero_only,0.0,39,476,0.0,1,0.42000002,0.42000002,1.0247204,0.094466865,0.094466865,1.0,0.0,0.0,-26.91141,2.25443,0.7514767,0.15200001,0.0,0.117632754,0.0,0.0,1526400
hardzero_only__c0p58__z1p05__lam0p000__nu0p50__psi0p00,hardzero_only,0.0,39,477,0.0,1,0.42000002,0.42000002,1.0270634,0.093958616,0.093958616,1.0,0.0,0.0,-27.050024,2.2595844,0.7531948,0.18400002,0.0,0.12811336,0.0,0.0,1529600
hardzero_only__c0p58__z1p05__lam0p000__nu0p50__psi0p00,hardzero_only,0.0,39,478,0.0,1,0.42000002,0.42000002,1.0698069,0.0,0.08515166,0.0,0.0,0.0,-28.010752,2.3536222,0.7845408,0.15200001,0.0,0.15059324,0.0,0.0,1532800
hardzero_only__c0p58__z1p05__lam0p000__nu0p50__psi0p00,hardzero_only,0.0,39,479,0.0,1,0.42000002,0.42000002,1.0550492,0.0,0.088094905,0.0,0.0,0.0,-28.05743,2.3211546,0.77371824,0.14400001,0.0,0.12206355,0.0,0.0,1536000
hardzero_only__c0p58__z1p05__lam0p000__nu0p50__psi0p00,hardzero_only,0.0,39,480,0.0,1,0.42000002,0.42000002,1.0233145,0.094773196,0.094773196,1.0,0.0,0.0,-27.65132,2.2513368,0.7504456,0.18400002,0.0,0.15829118,0.0,0.0,1539200
hardzero_only__c0p58__z1p05__lam0p000__nu0p50__psi0p00,hardzero_only,0.0,39,481,0.0,1,0.42000002,0.42000002,1.0023556,0.09945906,0.09945906,1.0,0.0,0.0,-26.280466,2.2052262,0.7350754,0.11,0.0,0.11970606,0.0,0.0,1542400
hardzero_only__c0p58__z1p05__lam0p000__nu0p50__psi0p00,hardzero_only,0.0,39,482,0.0,1,0.42000002,0.42000002,1.0150458,0.09659491,0.09659491,1.0,0.0,0.0,-26.294298,2.2331452,0.7443818,0.136,0.0,0.13287401,0.0,0.0,1545600
hardzero_only__c0p58__z1p05__lam0p000__nu0p50__psi0p00,hardzero_only,0.0,39,483,0.0,1,0.42000002,0.42000002,1.0187405,0.09577662,0.09577662,1.0,0.0,0.0,-27.916367,2.2412739,0.7470913,0.216,0.0,0.1634394,0.0,0.0,1548800
hardzero_only__c0p58__z1p05__lam0p000__nu0p50__psi0p00,hardzero_only,0.0,39,484,0.0,1,0.42000002,0.42000002,1.0293704,0.09346081,0.09346081,1.0,0.0,0.0,-26.41965,2.2646601,0.75488675,0.136,0.0,0.14294559,0.0,0.0,1552000
hardzero_only__c0p58__z1p05__lam0p000__nu0p50__psi0p00,hardzero_only,0.0,39,485,0.0,1,0.42000002,0.42000002,1.0304601,0.093226604,0.093226604,1.0,0.0,0.0,-27.257788,2.2670577,0.7556859,0.16800001,0.0,0.15997721,0.0,0.0,1555200
hardzero_only__c0p58__z1p05__lam0p000__nu0p50__psi0p00,hardzero_only,0.0,39,486,0.0,1,0.42000002,0.42000002,1.0033495,0.099231705,0.099231705,1.0,0.0,0.0,-26.264366,2.2074132,0.73580444,0.096,0.0,0.13402571,0.0,0.0,1558400
hardzero_only__c0p58__z1p05__lam0p000__nu0p50__psi0p00,hardzero_only,0.0,39,487,0.0,1,0.42000002,0.42000002,1.0275805,0.09384681,0.09384681,1.0,0.0,0.0,-27.316544,2.2607222,0.7535741,0.136,0.0,0.14074124,0.0,0.0,1561600
hardzero_only__c0p58__z1p05__lam0p000__nu0p50__psi0p00,hardzero_only,0.0,39,488,0.0,1,0.42000002,0.42000002,1.0150808,0.0965871,0.0965871,1.0,0.0,0.0,-26.53286,2.2332222,0.7444074,0.15200001,0.0,0.13857135,0.0,0.0,1564800
hardzero_only__c0p58__z1p05__lam0p000__nu0p50__psi0p00,hardzero_only,0.0,39,489,0.0,1,0.42000002,0.42000002,1.0434526,0.09047891,0.09047891,1.0,0.0,0.0,-27.39345,2.2956417,0.7652139,0.18400002,0.0,0.15308803,0.0,0.0,1568000
hardzero_only__c0p58__z1p05__lam0p000__nu0p50__psi0p00,hardzero_only,0.0,39,490,0.0,1,0.42000002,0.42000002,1.067459,0.0,0.08561326,0.0,0.0,0.0,-27.855127,2.3484566,0.7828189,0.17600001,0.0,0.13297589,0.0,0.0,1571200
hardzero_only__c0p58__z1p05__lam0p000__nu0p50__psi0p00,hardzero_only,0.0,39,491,0.0,1,0.42000002,0.42000002,1.0572367,0.0,0.087652296,0.0,0.0,0.0,-26.730104,2.325967,0.7753224,0.14400001,0.0,0.14062628,0.0,0.0,1574400
hardzero_only__c0p58__z1p05__lam0p000__nu0p50__psi0p00,hardzero_only,0.0,39,492,0.0,1,0.42000002,0.42000002,0.99772424,0.100525394,0.100525394,1.0,0.0,0.0,-26.771955,2.1950371,0.7316791,0.192,0.0,0.13760455,0.0,0.0,1577600
hardzero_only__c0p58__z1p05__lam0p000__nu0p50__psi0p00,hardzero_only,0.0,39,493,0.0,1,0.42000002,0.42000002,1.0584037,0.0,0.08741707,0.0,0.0,0.0,-26.74367,2.3285346,0.77617824,0.17600001,0.0,0.15443331,0.0,0.0,1580800
hardzero_only__c0p58__z1p05__lam0p000__nu0p50__psi0p00,hardzero_only,0.0,39,494,0.0,1,0.42000002,0.42000002,1.0476418,0.08961036,0.08961036,1.0,0.0,0.0,-27.42763,2.304858,0.768286,0.19999999,0.0,0.1459062,0.0,0.0,1584000
hardzero_only__c0p58__z1p05__lam0p000__nu0p50__psi0p00,hardzero_only,0.0,39,495,0.0,1,0.42000002,0.42000002,1.0779269,0.0,0.08357436,0.0,0.0,0.0,-27.734917,2.3714864,0.7904955,0.104,0.0,0.13819538,0.0,0.0,1587200
hardzero_only__c0p58__z1p05__lam0p000__nu0p50__psi0p00,hardzero_only,0.0,39,496,0.0,1,0.42000002,0.42000002,0.9757423,0.10574448,0.10574448,1.0,0.0,0.0,-26.527264,2.1466758,0.71555865,0.216,0.0,0.1281378,0.0,0.0,1590400
hardzero_only__c0p58__z1p05__lam0p000__nu0p50__psi0p00,hardzero_only,0.0,39,497,0.0,1,0.42000002,0.42000002,0.99248517,0.101745404,0.101745404,1.0,0.0,0.0,-27.270693,2.183511,0.727837,0.2,0.0,0.15645845,0.0,0.0,1593600
hardzero_only__c0p58__z1p05__lam0p000__nu0p50__psi0p00,hardzero_only,0.0,39,498,0.0,1,0.42000002,0.42000002,1.0840477,0.0,0.08240476,0.0,0.0,0.0,-28.165833,2.3849525,0.7949842,0.128,0.0,0.16290246,0.0,0.0,1596800
hardzero_only__c0p58__z1p05__lam0p000__nu0p50__psi0p00,hardzero_only,0.0,39,499,0.0,1,0.42000002,0.42000002,1.0070215,0.098396234,0.098396234,1.0,0.0,0.0,-27.165697,2.2154915,0.7384972,0.208,0.0,0.1273234,0.0,0.0,1600000
hardzero_only__c0p58__z1p05__lam0p000__nu0p50__psi0p00,hardzero_only,0.0,39,500,0.0,1,0.42000002,0.42000002,1.0259407,0.09420183,0.09420183,1.0,0.0,0.0,-27.075663,2.2571144,0.7523715,0.120000005,0.0,0.1319191,0.0,0.0,1603200
hardzero_only__c0p58__z1p05__lam0p000__nu0p50__psi0p00,hardzero_only,0.0,39,501,0.0,1,0.42000002,0.42000002,1.1345433,0.0,0.073359564,0.0,0.0,0.0,-29.40354,2.496045,0.83201504,0.18400002,0.0,0.1740607,0.0,0.0,1606400
hardzero_only__c0p58__z1p05__lam0p000__nu0p50__psi0p00,hardzero_only,0.0,39,502,0.0,1,0.42000002,0.42000002,1.049713,0.08918402,0.08918402,1.0,0.0,0.0,-28.073477,2.3094149,0.76980495,0.128,0.0,0.14609565,0.0,0.0,1609600
hardzero_only__c0p58__z1p05__lam0p000__nu0p50__psi0p00,hardzero_only,0.0,39,503,0.0,1,0.42000002,0.42000002,0.9510928,0.11191987,0.11191987,1.0,0.0,0.0,-24.971634,2.0924459,0.697482,0.216,0.0,0.12964493,0.0,0.0,1612800
hardzero_only__c0p58__z1p05__lam0p000__nu0p50__psi0p00,hardzero_only,0.0,39,504,0.0,1,0.42000002,0.42000002,1.0105641,0.09759688,0.09759688,1.0,0.0,0.0,-26.56708,2.2232854,0.7410952,0.192,0.0,0.15126504,0.0,0.0,1616000
hardzero_only__c0p58__z1p05__lam0p000__nu0p50__psi0p00,hardzero_only,0.0,39,505,0.0,1,0.42000002,0.42000002,1.0516413,0.0,0.08878889,0.0,0.0,0.0,-27.498049,2.313657,0.771219,0.136,0.0,0.1437851,0.0,0.0,1619200
hardzero_only__c0p58__z1p05__lam0p000__nu0p50__psi0p00,hardzero_only,0.0,39,506,0.0,1,0.42000002,0.42000002,1.005885,0.09865406,0.09865406,1.0,0.0,0.0,-26.415468,2.2129912,0.73766375,0.16800001,0.0,0.14982302,0.0,0.0,1622400
hardzero_only__c0p58__z1p05__lam0p000__nu0p50__psi0p00,hardzero_only,0.0,39,507,0.0,1,0.42000002,0.42000002,1.0106403,0.09757975,0.09757975,1.0,0.0,0.0,-27.194942,2.223453,0.74115103,0.16,0.0,0.15725262,0.0,0.0,1625600
hardzero_only__c0p58__z1p05__lam0p000__nu0p50__psi0p00,hardzero_only,0.0,39,508,0.0,1,0.42000002,0.42000002,1.0406216,0.091070645,0.091070645,1.0,0.0,0.0,-28.019754,2.2894132,0.76313776,0.14400001,0.0,0.17220278,0.0,0.0,1628800
hardzero_only__c0p58__z1p05__lam0p000__nu0p50__psi0p00,hardzero_only,0.0,39,509,0.0,1,0.42000002,0.42000002,1.045374,0.090079494,0.090079494,1.0,0.0,0.0,-27.53846,2.2998688,0.76662296,0.104,0.0,0.12509483,0.0,0.0,1632000
hardzero_only__c0p58__z1p05__lam0p000__nu0p50__psi0p00,hardzero_only,0.0,39,510,0.0,1,0.42000002,0.42000002,1.0331517,0.0926506,0.0926506,1.0,0.0,0.0,-27.26526,2.2729793,0.7576598,0.216,0.0,0.15543754,0.0,0.0,1635200
hardzero_only__c0p58__z1p05__lam0p000__nu0p50__psi0p00,hardzero_only,0.0,39,511,0.0,1,0.42000002,0.42000002,1.0587006,0.0,0.08735734,0.0,0.0,0.0,-27.907055,2.3291876,0.7763959,0.23200001,0.008,0.16744125,0.0,0.0,1638400
hardzero_only__c0p58__z1p05__lam0p000__nu0p50__psi0p00,hardzero_only,0.0,39,512,0.0,1,0.42000002,0.42000002,1.0858142,0.0,0.08207024,0.0,0.0,0.0,-28.119543,2.388839,0.79627967,0.112,0.0,0.13498686,0.0,0.0,1641600
hardzero_only__c0p58__z1p05__lam0p000__nu0p50__psi0p00,hardzero_only,0.0,39,513,0.0,1,0.42000002,0.42000002,1.0499719,0.08913085,0.08913085,1.0,0.0,0.0,-27.85041,2.3099844,0.76999485,0.16800001,0.0,0.14719753,0.0,0.0,1644800
hardzero_only__c0p58__z1p05__lam0p000__nu0p50__psi0p00,hardzero_only,0.0,39,514,0.0,1,0.42000002,0.42000002,1.0645947,0.0,0.08617976,0.0,0.0,0.0,-27.506962,2.3421552,0.78071845,0.16000001,0.0,0.15078175,0.0,0.0,1648000
hardzero_only__c0p58__z1p05__lam0p000__nu0p50__psi0p00,hardzero_only,0.0,39,515,0.0,1,0.42000002,0.42000002,1.0583193,0.0,0.08743406,0.0,0.0,0.0,-27.172127,2.328349,0.7761164,0.16800001,0.0,0.15386747,0.0,0.0,1651200
hardzero_only__c0p58__z1p05__lam0p000__nu0p50__psi0p00,hardzero_only,0.0,39,516,0.0,1,0.42000002,0.42000002,1.1396325,0.0,0.07250493,0.0,0.0,0.0,-30.37599,2.5072415,0.8357472,0.136,0.0,0.16013639,0.0,0.0,1654400
hardzero_only__c0p58__z1p05__lam0p000__nu0p50__psi0p00,hardzero_only,0.0,39,517,0.0,1,0.42000002,0.42000002,1.0922779,0.0,0.08085783,0.0,0.0,0.0,-27.84285,2.4030592,0.8010198,0.16000001,0.0,0.1539913,0.0,0.0,1657600
hardzero_only__c0p58__z1p05__lam0p000__nu0p50__psi0p00,hardzero_only,0.0,39,518,0.0,1,0.42000002,0.42000002,1.0419676,0.09078881,0.09078881,1.0,0.0,0.0,-28.332306,2.2923746,0.7641249,0.16000001,0.0,0.15443149,0.0,0.0,1660800
hardzero_only__c0p58__z1p05__lam0p000__nu0p50__psi0p00,hardzero_only,0.0,39,519,0.0,1,0.42000002,0.42000002,1.0413386,0.09092042,0.09092042,1.0,0.0,0.0,-27.755224,2.2909906,0.76366353,0.16800001,0.0,0.14106476,0.0,0.0,1664000
hardzero_only__c0p58__z1p05__lam0p000__nu0p50__psi0p00,hardzero_only,0.0,39,520,0.0,1,0.42000002,0.42000002,1.0511777,0.0,0.088883735,0.0,0.0,0.0,-27.331005,2.312637,0.77087903,0.11,0.0,0.13782482,0.0,0.0,1667200
hardzero_only__c0p58__z1p05__lam0p000__nu0p50__psi0p00,hardzero_only,0.0,39,521,0.0,1,0.42000002,0.42000002,1.0140231,0.09682264,0.09682264,1.0,0.0,0.0,-26.445665,2.2308953,0.7436318,0.192,0.0,0.108931825,0.0,0.0,1670400
hardzero_only__c0p58__z1p05__lam0p000__nu0p50__psi0p00,hardzero_only,0.0,39,522,0.0,1,0.42000002,0.42000002,1.037846,0.09165454,0.09165454,1.0,0.0,0.0,-27.16043,2.2833066,0.7611022,0.15200001,0.0,0.152457,0.0,0.0,1673600
hardzero_only__c0p58__z1p05__lam0p000__nu0p50__psi0p00,hardzero_only,0.0,39,523,0.0,1,0.42000002,0.42000002,1.0565841,0.0,0.0877841,0.0,0.0,0.0,-27.72881,2.3245316,0.7748439,0.072000004,0.0,0.122459695,0.0,0.0,1676800
hardzero_only__c0p58__z1p05__lam0p000__nu0p50__psi0p00,hardzero_only,0.0,39,524,0.0,1,0.42000002,0.42000002,1.0728443,0.0,0.084558204,0.0,0.0,0.0,-27.408983,2.3603046,0.7867682,0.128,0.0,0.14721003,0.0,0.0,1680000
hardzero_only__c0p58__z1p05__lam0p000__nu0p50__psi0p00,hardzero_only,0.0,39,525,0.0,1,0.42000002,0.42000002,1.0390743,0.09139567,0.09139567,1.0,0.0,0.0,-27.063065,2.286009,0.76200306,0.14400001,0.0,0.13520008,0.0,0.0,1683200
hardzero_only__c0p58__z1p05__lam0p000__nu0p50__psi0p00,hardzero_only,0.0,39,526,0.0,1,0.42000002,0.42000002,1.0747675,0.0,0.08418458,0.0,0.0,0.0,-28.548449,2.3645356,0.78817856,0.08800001,0.0,0.1315328,0.0,0.0,1686400
hardzero_only__c0p58__z1p05__lam0p000__nu0p50__psi0p00,hardzero_only,0.0,39,527,0.0,1,0.42000002,0.42000002,1.0450119,0.09015465,0.09015465,1.0,0.0,0.0,-26.79848,2.299072,0.76635736,0.14400001,0.0,0.12046261,0.0,0.0,1689600
hardzero_only__c0p58__z1p05__lam0p000__nu0p50__psi0p00,hardzero_only,0.0,39,528,0.0,1,0.42000002,0.42000002,0.98218876,0.10418644,0.10418644,1.0,0.0,0.0,-26.824173,2.1608584,0.72028613,0.18400002,0.0,0.14849491,0.0,0.0,1692800
hardzero_only__c0p58__z1p05__lam0p000__nu0p50__psi0p00,hardzero_only,0.0,39,529,0.0,1,0.42000002,0.42000002,1.0429442,0.09058489,0.09058489,1.0,0.0,0.0,-27.540071,2.294523,0.764841,0.136,0.0,0.12906125,0.0,0.0,1696000
hardzero_only__c0p58__z1p05__lam0p000__nu0p50__psi0p00,hardzero_only,0.0,39,530,0.0,1,0.42000002,0.42000002,1.0147686,0.09665658,0.09665658,1.0,0.0,0.0,-26.540173,2.2325356,0.74417853,0.104,0.0,0.1275119,0.0,0.0,1699200
hardzero_only__c0p58__z1p05__lam0p000__nu0p50__psi0p00,hardzero_only,0.0,39,531,0.0,1,0.42000002,0.42000002,1.0380797,0.09160523,0.09160523,1.0,0.0,0.0,-27.4994,2.283821,0.76127374,0.17600001,0.0,0.13689172,0.0,0.0,1702400
hardzero_only__c0p58__z1p05__lam0p000__nu0p50__psi0p00,hardzero_only,0.0,39,532,0.0,1,0.42000002,0.42000002,1.0595369,0.0,0.08718927,0.0,0.0,0.0,-28.434532,2.3310277,0.77700925,0.120000005,0.0,0.15187608,0.0,0.0,1705600
hardzero_only__c0p58__z1p05__lam0p000__nu0p50__psi0p00,hardzero_only,0.0,39,533,0.0,1,0.42000002,0.42000002,0.9590073,0.10989874,0.10989874,1.0,0.0,0.0,-27.179071,2.1098583,0.7032861,0.26,0.0,0.15392955,0.0,0.0,1708800
hardzero_only__c0p58__z1p05__lam0p000__nu0p50__psi0p00,hardzero_only,0.0,39,534,0.0,1,0.42000002,0.42000002,1.0291882,0.09350003,0.09350003,1.0,0.0,0.0,-26.666994,2.264259,0.75475305,0.17600001,0.0,0.14035648,0.0,0.0,1712000
hardzero_only__c0p58__z1p05__lam0p000__nu0p50__psi0p00,hardzero_only,0.0,39,535,0.0,1,0.42000002,0.42000002,1.0658182,0.0,0.08593732,0.0,0.0,0.0,-28.341822,2.344847,0.7816157,0.120000005,0.0,0.16083331,0.0,0.0,1715200
hardzero_only__c0p58__z1p05__lam0p000__nu0p50__psi0p00,hardzero_only,0.0,39,536,0.0,1,0.42000002,0.42000002,0.9841285,0.10372215,0.10372215,1.0,0.0,0.0,-26.37804,2.1651258,0.72170866,0.17600001,0.0,0.13872682,0.0,0.0,1718400
hardzero_only__c0p58__z1p05__lam0p000__nu0p50__psi0p00,hardzero_only,0.0,39,537,0.0,1,0.42000002,0.42000002,1.0601791,0.0,0.087060444,0.0,0.0,0.0,-27.811811,2.3324406,0.77748024,0.14400001,0.0,0.16344975,0.0,0.0,1721600
hardzero_only__c0p58__z1p05__lam0p000__nu0p50__psi0p00,hardzero_only,0.0,39,538,0.0,1,0.42000002,0.42000002,1.0850704,0.0,0.082210936,0.0,0.0,0.0,-28.444477,2.3872025,0.79573417,0.14400001,0.0,0.16341022,0.0,0.0,1724800
hardzero_only__c0p58__z1p05__lam0p000__nu0p50__psi0p00,hardzero_only,0.0,39,539,0.0,1,0.42000002,0.42000002,1.0988314,0.0,0.07964685,0.0,0.0,0.0,-28.872797,2.4174774,0.8058258,0.104,0.0,0.18825574,0.0,0.0,1728000
hardzero_only__c0p58__z1p05__lam0p000__nu0p50__psi0p00,hardzero_only,0.0,39,540,0.0,1,0.42000002,0.42000002,1.0301837,0.09328596,0.09328596,1.0,0.0,0.0,-27.482363,2.2664495,0.75548315,0.16800001,0.0,0.1680513,0.0,0.0,1731200
hardzero_only__c0p58__z1p05__lam0p000__nu0p50__psi0p00,hardzero_only,0.0,39,541,0.0,1,0.42000002,0.42000002,1.0779771,0.0,0.08356471,0.0,0.0,0.0,-28.721415,2.3715968,0.7905323,0.120000005,0.0,0.15224315,0.0,0.0,1734400
hardzero_only__c0p58__z1p05__lam0p000__nu0p50__psi0p00,hardzero_only,0.0,39,542,0.0,1,0.42000002,0.42000002,1.0691378,0.0,0.085282944,0.0,0.0,0.0,-27.540234,2.3521502,0.7840501,0.096,0.0,0.17520145,0.0,0.0,1737600
hardzero_only__c0p58__z1p05__lam0p000__nu0p50__psi0p00,hardzero_only,0.0,39,543,0.0,1,0.42000002,0.42000002,1.0672543,0.0,0.08565361,0.0,0.0,0.0,-27.864403,2.3480062,0.78266877,0.15200001,0.0,0.14059983,0.0,0.0,1740800
hardzero_only__c0p58__z1p05__lam0p000__nu0p50__psi0p00,hardzero_only,0.0,39,544,0.0,1,0.42000002,0.42000002,1.0247107,0.094469,0.094469,1.0,0.0,0.0,-27.465824,2.2544084,0.7514695,0.16800001,0.0,0.1326582,0.0,0.0,1744000
hardzero_only__c0p58__z1p05__lam0p000__nu0p50__psi0p00,hardzero_only,0.0,39,545,0.0,1,0.42000002,0.42000002,1.0389282,0.09142645,0.09142645,1.0,0.0,0.0,-27.780764,2.2856874,0.76189584,0.216,0.0,0.13629988,0.0,0.0,1747200
hardzero_only__c0p58__z1p05__lam0p000__nu0p50__psi0p00,hardzero_only,0.0,39,546,0.0,1,0.42000002,0.42000002,1.0472399,0.089693315,0.089693315,1.0,0.0,0.0,-27.364374,2.3039737,0.76799124,0.14999999,0.0,0.11496745,0.0,0.0,1750400
hardzero_only__c0p58__z1p05__lam0p000__nu0p50__psi0p00,hardzero_only,0.0,39,547,0.0,1,0.42000002,0.42000002,0.9474368,0.11286602,0.11286602,1.0,0.0,0.0,-25.658182,2.0844026,0.69480085,0.2,0.0,0.14164793,0.0,0.0,1753600
hardzero_only__c0p58__z1p05__lam0p000__nu0p50__psi0p00,hardzero_only,0.0,39,548,0.0,1,0.42000002,0.42000002,1.0738496,0.0,0.08436269,0.0,0.0,0.0,-27.876833,2.3625162,0.7875054,0.112,0.0,0.15277384,0.0,0.0,1756800
hardzero_only__c0p58__z1p05__lam0p000__nu0p50__psi0p00,hardzero_only,0.0,39,549,0.0,1,0.42000002,0.42000002,0.98829985,0.10273068,0.10273068,1.0,0.0,0.0,-26.777298,2.174303,0.7247677,0.112,0.0,0.14926505,0.0,0.0,1760000
hardzero_only__c0p58__z1p05__lam0p000__nu0p50__psi0p00,hardzero_only,0.0,39,550,0.0,1,0.42000002,0.42000002,1.0305841,0.0932,0.0932,1.0,0.0,0.0,-27.684158,2.2673302,0.75577676,0.128,0.0,0.14757796,0.0,0.0,1763200
hardzero_only__c0p58__z1p05__lam0p000__nu0p50__psi0p00,hardzero_only,0.0,39,551,0.0,1,0.42000002,0.42000002,1.0728825,0.0,0.08455074,0.0,0.0,0.0,-28.432234,2.3603888,0.7867963,0.136,0.0,0.1929186,0.0,0.0,1766400
hardzero_only__c0p58__z1p05__lam0p000__nu0p50__psi0p00,hardzero_only,0.0,39,552,0.0,1,0.42000002,0.42000002,1.0721132,0.0,0.084700674,0.0,0.0,0.0,-28.776049,2.358696,0.786232,0.17600001,0.0,0.1745448,0.0,0.0,1769600
hardzero_only__c0p58__z1p05__lam0p000__nu0p50__psi0p00,hardzero_only,0.0,39,553,0.0,1,0.42000002,0.42000002,1.0583401,0.0,0.087429896,0.0,0.0,0.0,-27.513117,2.3283947,0.7761316,0.17600001,0.0,0.17801389,0.0,0.0,1772800
hardzero_only__c0p58__z1p05__lam0p000__nu0p50__psi0p00,hardzero_only,0.0,39,554,0.0,1,0.42000002,0.42000002,1.1274598,0.0,0.07456588,0.0,0.0,0.0,-28.868448,2.4804611,0.8268204,0.120000005,0.0,0.16786805,0.0,0.0,1776000
hardzero_only__c0p58__z1p05__lam0p000__nu0p50__psi0p00,hardzero_only,0.0,39,555,0.0,1,0.42000002,0.42000002,1.0321033,0.09287455,0.09287455,1.0,0.0,0.0,-27.612844,2.2706726,0.7568909,0.112,0.0,0.16572264,0.0,0.0,1779200
hardzero_only__c0p58__z1p05__lam0p000__nu0p50__psi0p00,hardzero_only,0.0,39,556,0.0,1,0.42000002,0.42000002,1.052036,0.0,0.08870823,0.0,0.0,0.0,-28.031704,2.3145256,0.7715086,0.16000001,0.0,0.15671945,0.0,0.0,1782400
hardzero_only__c0p58__z1p05__lam0p000__nu0p50__psi0p00,hardzero_only,0.0,39,557,0.0,1,0.42000002,0.42000002,1.0439599,0.0903733,0.0903733,1.0,0.0,0.0,-28.060755,2.2967575,0.76558584,0.15200001,0.0,0.185152,0.0,0.0,1785600
hardzero_only__c0p58__z1p05__lam0p000__nu0p50__psi0p00,hardzero_only,0.0,39,558,0.0,1,0.42000002,0.42000002,1.025992,0.09419069,0.09419069,1.0,0.0,0.0,-26.816004,2.2572274,0.75240916,0.16800001,0.0,0.15266597,0.0,0.0,1788800
hardzero_only__c0p58__z1p05__lam0p000__nu0p50__psi0p00,hardzero_only,0.0,39,559,0.0,1,0.42000002,0.42000002,1.0034246,0.099214554,0.099214554,1.0,0.0,0.0,-26.36973,2.2075784,0.7358595,0.17,0.0,0.14653368,0.0,0.0,1792000
hardzero_only__c0p58__z1p05__lam0p000__nu0p50__psi0p00,hardzero_only,0.0,39,560,0.0,1,0.42000002,0.42000002,1.0205368,0.09538129,0.09538129,1.0,0.0,0.0,-26.639824,2.2452257,0.74840856,0.16000001,0.0,0.13369474,0.0,0.0,1795200
hardzero_only__c0p58__z1p05__lam0p000__nu0p50__psi0p00,hardzero_only,0.0,39,561,0.0,1,0.42000002,0.42000002,1.0655088,0.0,0.08599856,0.0,0.0,0.0,-27.99587,2.3441663,0.78138876,0.17600001,0.0,0.16127805,0.0,0.0,1798400
hardzero_only__c0p58__z1p05__lam0p000__nu0p50__psi0p00,hardzero_only,0.0,39,562,0.0,1,0.42000002,0.42000002,1.0300944,0.09330514,0.09330514,1.0,0.0,0.0,-27.313807,2.266253,0.7554177,0.16800001,0.0,0.15544915,0.0,0.0,1801600
hardzero_only__c0p58__z1p05__lam0p000__nu0p50__psi0p00,hardzero_only,0.0,39,563,0.0,1,0.42000002,0.42000002,1.0636828,0.0,0.0863609,0.0,0.0,0.0,-28.033669,2.340149,0.7800497,0.128,0.0,0.16709638,0.0,0.0,1804800
hardzero_only__c0p58__z1p05__lam0p000__nu0p50__psi0p00,hardzero_only,0.0,39,564,0.0,1,0.42000002,0.42000002,1.0883081,0.0,0.081600316,0.0,0.0,0.0,-28.225739,2.3943255,0.7981085,0.120000005,0.0,0.18431732,0.0,0.0,1808000
hardzero_only__c0p58__z1p05__lam0p000__nu0p50__psi0p00,hardzero_only,0.0,39,565,0.0,1,0.42000002,0.42000002,1.0655894,0.0,0.08598259,0.0,0.0,0.0,-27.80151,2.3443434,0.7814478,0.08800001,0.0,0.14525975,0.0,0.0,1811200
hardzero_only__c0p58__z1p05__lam0p000__nu0p50__psi0p00,hardzero_only,0.0,39,566,0.0,1,0.42000002,0.42000002,1.0638117,0.0,0.08633528,0.0,0.0,0.0,-28.25934,2.3404324,0.78014416,0.096,0.0,0.16131432,0.0,0.0,1814400
hardzero_only__c0p58__z1p05__lam0p000__nu0p50__psi0p00,hardzero_only,0.0,39,567,0.0,1,0.42000002,0.42000002,1.0375156,0.0917243,0.0917243,1.0,0.0,0.0,-27.349102,2.28258,0.76085997,0.14400001,0.0,0.14572093,0.0,0.0,1817600
hardzero_only__c0p58__z1p05__lam0p000__nu0p50__psi0p00,hardzero_only,0.0,39,568,0.0,1,0.42000002,0.42000002,1.0321531,0.09286388,0.09286388,1.0,0.0,0.0,-28.086176,2.2707822,0.75692743,0.112,0.0,0.16101493,0.0,0.0,1820800
hardzero_only__c0p58__z1p05__lam0p000__nu0p50__psi0p00,hardzero_only,0.0,39,569,0.0,1,0.42000002,0.42000002,1.0410515,0.09098053,0.09098053,1.0,0.0,0.0,-27.363604,2.290359,0.763453,0.112,0.0,0.13379139,0.0,0.0,1824000
hardzero_only__c0p58__z1p05__lam0p000__nu0p50__psi0p00,hardzero_only,0.0,39,570,0.0,1,0.42000002,0.42000002,1.0288441,0.093574144,0.093574144,1.0,0.0,0.0,-26.298029,2.2635024,0.7545008,0.136,0.0,0.11916542,0.0,0.0,1827200
hardzero_only__c0p58__z1p05__lam0p000__nu0p50__psi0p00,hardzero_only,0.0,39,571,0.0,1,0.42000002,0.42000002,1.1082435,0.0,0.07793931,0.0,0.0,0.0,-28.202183,2.4381843,0.8127281,0.15200001,0.0,0.16587049,0.0,0.0,1830400
hardzero_only__c0p58__z1p05__lam0p000__nu0p50__psi0p00,hardzero_only,0.0,39,572,0.0,1,0.42000002,0.42000002,1.0217698,0.09511088,0.09511088,1.0,0.0,0.0,-27.305344,2.2479384,0.7493128,0.12,0.0,0.15259257,0.0,0.0,1833600
hardzero_only__c0p58__z1p05__lam0p000__nu0p50__psi0p00,hardzero_only,0.0,39,573,0.0,1,0.42000002,0.42000002,1.1017766,0.0,0.07910854,0.0,0.0,0.0,-27.831661,2.4239569,0.80798566,0.16800001,0.0,0.17167403,0.0,0.0,1836800
hardzero_only__c0p58__z1p05__lam0p000__nu0p50__psi0p00,hardzero_only,0.0,39,574,0.0,1,0.42000002,0.42000002,1.0549234,0.0,0.08812043,0.0,0.0,0.0,-28.891878,2.3208778,0.77362597,0.16800001,0.0,0.16942973,0.0,0.0,1840000
hardzero_only__c0p58__z1p05__lam0p000__nu0p50__psi0p00,hardzero_only,0.0,39,575,0.0,1,0.42000002,0.42000002,1.0124438,0.09717537,0.09717537,1.0,0.0,0.0,-27.276514,2.2274208,0.7424736,0.16000001,0.0,0.13743475,0.0,0.0,1843200
hardzero_only__c0p58__z1p05__lam0p000__nu0p50__psi0p00,hardzero_only,0.0,39,576,0.0,1,0.42000002,0.42000002,1.0099899,0.09772601,0.09772601,1.0,0.0,0.0,-26.204838,2.222022,0.740674,0.128,0.0,0.1417087,0.0,0.0,1846400
hardzero_only__c0p58__z1p05__lam0p000__nu0p50__psi0p00,hardzero_only,0.0,39,577,0.0,1,0.42000002,0.42000002,1.0602772,0.0,0.087040775,0.0,0.0,0.0,-27.757776,2.3326564,0.7775521,0.112,0.0,0.17976496,0.0,0.0,1849600
hardzero_only__c0p58__z1p05__lam0p000__nu0p50__psi0p00,hardzero_only,0.0,39,578,0.0,1,0.42000002,0.42000002,1.0287387,0.09359686,0.09359686,1.0,0.0,0.0,-27.587717,2.2632704,0.7544235,0.17600001,0.0,0.1511257,0.0,0.0,1852800
hardzero_only__c0p58__z1p05__lam0p000__nu0p50__psi0p00,hardzero_only,0.0,39,579,0.0,1,0.42000002,0.42000002,1.0044494,0.098980725,0.098980725,1.0,0.0,0.0,-27.052326,2.2098327,0.7366109,0.128,0.0,0.15396993,0.0,0.0,1856000
hardzero_only__c0p58__z1p05__lam0p000__nu0p50__psi0p00,hardzero_only,0.0,39,580,0.0,1,0.42000002,0.42000002,1.049705,0.089185655,0.089185655,1.0,0.0,0.0,-27.924397,2.3093972,0.7697991,0.136,0.0,0.16334102,0.0,0.0,1859200
hardzero_only__c0p58__z1p05__lam0p000__nu0p50__psi0p00,hardzero_only,0.0,39,581,0.0,1,0.42000002,0.42000002,1.070194,0.0,0.08507577,0.0,0.0,0.0,-28.404665,2.3544738,0.7848246,0.16800001,0.0,0.19420956,0.0,0.0,1862400
hardzero_only__c0p58__z1p05__lam0p000__nu0p50__psi0p00,hardzero_only,0.0,39,582,0.0,1,0.42000002,0.42000002,1.0226572,0.09491674,0.09491674,1.0,0.0,0.0,-26.743347,2.2498906,0.7499635,0.08800001,0.0,0.14989385,0.0,0.0,1865600
hardzero_only__c0p58__z1p05__lam0p000__nu0p50__psi0p00,hardzero_only,0.0,39,583,0.0,1,0.42000002,0.42000002,1.0495408,0.089219384,0.089219384,1.0,0.0,0.0,-27.287268,2.3090358,0.7696786,0.15200001,0.0,0.1372258,0.0,0.0,1868800
hardzero_only__c0p58__z1p05__lam0p000__nu0p50__psi0p00,hardzero_only,0.0,39,584,0.0,1,0.42000002,0.42000002,0.9996298,0.100085266,0.100085266,1.0,0.0,0.0,-26.456379,2.1992295,0.7330765,0.16800001,0.0,0.14258976,0.0,0.0,1872000
hardzero_only__c0p58__z1p05__lam0p000__nu0p50__psi0p00,hardzero_only,0.0,39,585,0.0,1,0.42000002,0.42000002,1.0347131,0.09231809,0.09231809,1.0,0.0,0.0,-27.613817,2.2764144,0.7588048,0.099999994,0.0,0.1718168,0.0,0.0,1875200
hardzero_only__c0p58__z1p05__lam0p000__nu0p50__psi0p00,hardzero_only,0.0,39,586,0.0,1,0.42000002,0.42000002,1.0679418,0.0,0.08551813,0.0,0.0,0.0,-28.056364,2.3495188,0.78317297,0.104,0.0,0.15946874,0.0,0.0,1878400
hardzero_only__c0p58__z1p05__lam0p000__nu0p50__psi0p00,hardzero_only,0.0,39,587,0.0,1,0.42000002,0.42000002,1.0132312,0.096999355,0.096999355,1.0,0.0,0.0,-26.665146,2.2291532,0.74305105,0.128,0.0,0.13860431,0.0,0.0,1881600
hardzero_only__c0p58__z1p05__lam0p000__nu0p50__psi0p00,hardzero_only,0.0,39,588,0.0,1,0.42000002,0.42000002,0.99157697,0.10195839,0.10195839,1.0,0.0,0.0,-26.606663,2.1815128,0.72717094,0.14400001,0.0,0.13296163,0.0,0.0,1884800
hardzero_only__c0p58__z1p05__lam0p000__nu0p50__psi0p00,hardzero_only,0.0,39,589,0.0,1,0.42000002,0.42000002,1.0256945,0.09425523,0.09425523,1.0,0.0,0.0,-27.842896,2.256573,0.752191,0.24800001,0.0,0.17245422,0.0,0.0,1888000
hardzero_only__c0p58__z1p05__lam0p000__nu0p50__psi0p00,hardzero_only,0.0,39,590,0.0,1,0.42000002,0.42000002,1.0823389,0.0,0.08272962,0.0,0.0,0.0,-28.61485,2.3811932,0.7937311,0.128,0.0,0.1454647,0.0,0.0,1891200
hardzero_only__c0p58__z1p05__lam0p000__nu0p50__psi0p00,hardzero_only,0.0,39,591,0.0,1,0.42000002,0.42000002,1.1107608,0.0,0.077488855,0.0,0.0,0.0,-28.297499,2.4437225,0.8145742,0.120000005,0.0,0.17209356,0.0,0.0,1894400
hardzero_only__c0p58__z1p05__lam0p000__nu0p50__psi0p00,hardzero_only,0.0,39,592,0.0,1,0.42000002,0.42000002,1.0966636,0.0,0.0800454,0.0,0.0,0.0,-27.869081,2.412708,0.80423605,0.128,0.0,0.1662885,0.0,0.0,1897600
hardzero_only__c0p58__z1p05__lam0p000__nu0p50__psi0p00,hardzero_only,0.0,39,593,0.0,1,0.42000002,0.42000002,1.0258521,0.09422104,0.09422104,1.0,0.0,0.0,-27.318342,2.2569196,0.7523066,0.15200001,0.0,0.12748486,0.0,0.0,1900800
hardzero_only__c0p58__z1p05__lam0p000__nu0p50__psi0p00,hardzero_only,0.0,39,594,0.0,1,0.42000002,0.42000002,0.9647774,0.10844827,0.10844827,1.0,0.0,0.0,-26.137245,2.1225526,0.70751756,0.272,0.0,0.14846022,0.0,0.0,1904000
hardzero_only__c0p58__z1p05__lam0p000__nu0p50__psi0p00,hardzero_only,0.0,39,595,0.0,1,0.42000002,0.42000002,1.0622915,0.0,0.08663801,0.0,0.0,0.0,-27.34783,2.3370879,0.7790293,0.16800001,0.0,0.15417343,0.0,0.0,1907200
hardzero_only__c0p58__z1p05__lam0p000__nu0p50__psi0p00,hardzero_only,0.0,39,596,0.0,1,0.42000002,0.42000002,1.077899,0.0,0.08357974,0.0,0.0,0.0,-27.30331,2.3714252,0.7904751,0.128,0.0,0.113642655,0.0,0.0,1910400
hardzero_only__c0p58__z1p05__lam0p000__nu0p50__psi0p00,hardzero_only,0.0,39,597,0.0,1,0.42000002,0.42000002,0.99414074,0.10135828,0.10135828,1.0,0.0,0.0,-26.964169,2.1871533,0.7290511,0.16000001,0.0,0.14592606,0.0,0.0,1913600
hardzero_only__c0p58__z1p05__lam0p000__nu0p50__psi0p00,hardzero_only,0.0,39,598,0.0,1,0.42000002,0.42000002,1.0100989,0.09770145,0.09770145,1.0,0.0,0.0,-26.946037,2.222262,0.740754,0.14999999,0.0,0.13501711,0.0,0.0,1916800
hardzero_only__c0p58__z1p05__lam0p000__nu0p50__psi0p00,hardzero_only,0.0,39,599,0.0,1,0.42000002,0.42000002,1.0166129,0.09624698,0.09624698,1.0,0.0,0.0,-27.621872,2.236593,0.745531,0.208,0.0,0.13344918,0.0,0.0,1920000
hardzero_only__c0p58__z1p05__lam0p000__nu0p50__psi0p00,hardzero_only,0.0,39,600,0.0,1,0.42000002,0.42000002,1.0604066,0.0,0.087014854,0.0,0.0,0.0,-27.284477,2.332941,0.777647,0.120000005,0.0,0.14571057,0.0,0.0,1923200
hardzero_only__c0p58__z1p05__lam0p000__nu0p50__psi0p00,hardzero_only,0.0,39,601,0.0,1,0.42000002,0.42000002,0.9973597,0.10060979,0.10060979,1.0,0.0,0.0,-26.145992,2.194235,0.7314117,0.16800001,0.0,0.12330967,0.0,0.0,1926400
hardzero_only__c0p58__z1p05__lam0p000__nu0p50__psi0p00,hardzero_only,0.0,39,602,0.0,1,0.42000002,0.42000002,1.0076234,0.098259956,0.098259956,1.0,0.0,0.0,-26.917019,2.216816,0.7389387,0.128,0.0,0.13309997,0.0,0.0,1929600
hardzero_only__c0p58__z1p05__lam0p000__nu0p50__psi0p00,hardzero_only,0.0,39,603,0.0,1,0.42000002,0.42000002,1.0194501,0.09562025,0.09562025,1.0,0.0,0.0,-26.881166,2.2428348,0.74761164,0.14400001,0.0,0.14666425,0.0,0.0,1932800
hardzero_only__c0p58__z1p05__lam0p000__nu0p50__psi0p00,hardzero_only,0.0,39,604,0.0,1,0.42000002,0.42000002,0.99658084,0.10079038,0.10079038,1.0,0.0,0.0,-26.947441,2.1925216,0.73084056,0.15200001,0.0,0.13658808,0.0,0.0,1936000
hardzero_only__c0p58__z1p05__lam0p000__nu0p50__psi0p00,hardzero_only,0.0,39,605,0.0,1,0.42000002,0.42000002,1.1039425,0.0,0.078715,0.0,0.0,0.0,-28.821455,2.428722,0.809574,0.18400002,0.0,0.17150757,0.0,0.0,1939200
hardzero_only__c0p58__z1p05__lam0p000__nu0p50__psi0p00,hardzero_only,0.0,39,606,0.0,1,0.42000002,0.42000002,1.0221972,0.095017314,0.095017314,1.0,0.0,0.0,-27.810926,2.2488787,0.7496263,0.136,0.0,0.1853284,0.0,0.0,1942400
hardzero_only__c0p58__z1p05__lam0p000__nu0p50__psi0p00,hardzero_only,0.0,39,607,0.0,1,0.42000002,0.42000002,1.0316114,0.09297979,0.09297979,1.0,0.0,0.0,-27.137775,2.2695904,0.75653017,0.120000005,0.0,0.12548761,0.0,0.0,1945600
hardzero_only__c0p58__z1p05__lam0p000__nu0p50__psi0p00,hardzero_only,0.0,39,608,0.0,1,0.42000002,0.42000002,1.0856987,0.0,0.082092084,0.0,0.0,0.0,-28.439764,2.3885849,0.796195,0.120000005,0.0,0.15266292,0.0,0.0,1948800
hardzero_only__c0p58__z1p05__lam0p000__nu0p50__psi0p00,hardzero_only,0.0,39,609,0.0,1,0.42000002,0.42000002,1.0816723,0.0,0.08285671,0.0,0.0,0.0,-28.427423,2.3797266,0.7932422,0.128,0.0,0.15719232,0.0,0.0,1952000
hardzero_only__c0p58__z1p05__lam0p000__nu0p50__psi0p00,hardzero_only,0.0,39,610,0.0,1,0.42000002,0.42000002,1.0401343,0.091172874,0.091172874,1.0,0.0,0.0,-27.937014,2.2883413,0.7627804,0.136,0.0,0.13406903,0.0,0.0,1955200
hardzero_only__c0p58__z1p05__lam0p000__nu0p50__psi0p00,hardzero_only,0.0,39,611,0.0,1,0.42000002,0.42000002,1.0713475,0.0,0.08485012,0.0,0.0,0.0,-27.281013,2.3570116,0.7856705,0.21,0.0,0.13898242,0.0,0.0,1958400
hardzero_only__c0p58__z1p05__lam0p000__nu0p50__psi0p00,hardzero_only,0.0,39,612,0.0,1,0.42000002,0.42000002,1.0384665,0.09152369,0.09152369,1.0,0.0,0.0,-27.433384,2.2846718,0.7615573,0.17600001,0.0,0.15839124,0.0,0.0,1961600
hardzero_only__c0p58__z1p05__lam0p000__nu0p50__psi0p00,hardzero_only,0.0,39,613,0.0,1,0.42000002,0.42000002,0.9965357,0.100800864,0.100800864,1.0,0.0,0.0,-26.969305,2.1924224,0.7308075,0.16800001,0.0,0.15588707,0.0,0.0,1964800
hardzero_only__c0p58__z1p05__lam0p000__nu0p50__psi0p00,hardzero_only,0.0,39,614,0.0,1,0.42000002,0.42000002,1.0718687,0.0,0.08474836,0.0,0.0,0.0,-28.169651,2.358158,0.7860527,0.2,0.0,0.17568663,0.0,0.0,1968000
hardzero_only__c0p58__z1p05__lam0p000__nu0p50__psi0p00,hardzero_only,0.0,39,615,0.0,1,0.42000002,0.42000002,1.0440451,0.09035557,0.09035557,1.0,0.0,0.0,-27.262426,2.296945,0.76564837,0.128,0.0,0.15221772,0.0,0.0,1971200
hardzero_only__c0p58__z1p05__lam0p000__nu0p50__psi0p00,hardzero_only,0.0,39,616,0.0,1,0.42000002,0.42000002,1.0629531,0.0,0.08650613,0.0,0.0,0.0,-27.613821,2.3385437,0.77951455,0.192,0.0,0.13931605,0.0,0.0,1974400
hardzero_only__c0p58__z1p05__lam0p000__nu0p50__psi0p00,hardzero_only,0.0,39,617,0.0,1,0.42000002,0.42000002,1.0004362,0.0998996,0.0998996,1.0,0.0,0.0,-27.118742,2.2010036,0.73366785,0.18400002,0.0,0.13236608,0.0,0.0,1977600
hardzero_only__c0p58__z1p05__lam0p000__nu0p50__psi0p00,hardzero_only,0.0,39,618,0.0,1,0.42000002,0.42000002,0.9989474,0.100242674,0.100242674,1.0,0.0,0.0,-25.64996,2.1977282,0.7325761,0.17600001,0.0,0.13998874,0.0,0.0,1980800
hardzero_only__c0p58__z1p05__lam0p000__nu0p50__psi0p00,hardzero_only,0.0,39,619,0.0,1,0.42000002,0.42000002,1.0060287,0.09862145,0.09862145,1.0,0.0,0.0,-26.54353,2.2133071,0.73776907,0.17600001,0.0,0.15517224,0.0,0.0,1984000
hardzero_only__c0p58__z1p05__lam0p000__nu0p50__psi0p00,hardzero_only,0.0,39,620,0.0,1,0.42000002,0.42000002,1.0216988,0.09512642,0.09512642,1.0,0.0,0.0,-27.786226,2.2477822,0.7492608,0.15200001,0.0,0.14693299,0.0,0.0,1987200
hardzero_only__c0p58__z1p05__lam0p000__nu0p50__psi0p00,hardzero_only,0.0,39,621,0.0,1,0.42000002,0.42000002,1.0195582,0.095596455,0.095596455,1.0,0.0,0.0,-26.570673,2.2430727,0.7476909,0.216,0.0,0.13943341,0.0,0.0,1990400
hardzero_only__c0p58__z1p05__lam0p000__nu0p50__psi0p00,hardzero_only,0.0,39,622,0.0,1,0.42000002,0.42000002,1.0401645,0.091166556,0.091166556,1.0,0.0,0.0,-27.313278,2.2884076,0.76280254,0.112,0.0,0.14332856,0.0,0.0,1993600
hardzero_only__c0p58__z1p05__lam0p000__nu0p50__psi0p00,hardzero_only,0.0,39,623,0.0,1,0.42000002,0.42000002,1.0560979,0.0,0.08788244,0.0,0.0,0.0,-28.101307,2.3234618,0.77448726,0.17600001,0.0,0.1453086,0.0,0.0,1996800
hardzero_only__c0p58__z1p05__lam0p000__nu0p50__psi0p00,hardzero_only,0.0,39,624,0.0,1,0.42000002,0.42000002,1.0572932,0.0,0.08764089,0.0,0.0,0.0,-27.969765,2.3260915,0.77536386,0.17,0.0,0.15697114,0.0,0.0,2000000
hardzero_only__c0p58__z1p05__lam0p000__nu0p50__psi0p00,hardzero_only,0.0,39,625,0.0,1,0.42000002,0.42000002,1.0004629,0.09989348,0.09989348,1.0,0.0,0.0,-27.41178,2.2010622,0.7336874,0.216,0.0,0.14310482,0.0,0.0,2003200
hardzero_only__c0p58__z1p05__lam0p000__nu0p50__psi0p00,hardzero_only,0.0,39,626,0.0,1,0.42000002,0.42000002,1.1046308,0.0,0.07859033,0.0,0.0,0.0,-28.769703,2.4302363,0.8100788,0.112,0.0,0.18648039,0.0,0.0,2006400
hardzero_only__c0p58__z1p05__lam0p000__nu0p50__psi0p00,hardzero_only,0.0,39,627,0.0,1,0.42000002,0.42000002,1.039489,0.091308445,0.091308445,1.0,0.0,0.0,-27.265877,2.2869215,0.76230717,0.192,0.0,0.1846309,0.0,0.0,2009600
hardzero_only__c0p58__z1p05__lam0p000__nu0p50__psi0p00,hardzero_only,0.0,39,628,0.0,1,0.42000002,0.42000002,1.0488883,0.08935352,0.08935352,1.0,0.0,0.0,-28.086405,2.3076005,0.7692002,0.216,0.0,0.1494719,0.0,0.0,2012800
hardzero_only__c0p58__z1p05__lam0p000__nu0p50__psi0p00,hardzero_only,0.0,39,629,0.0,1,0.42000002,0.42000002,1.0029006,0.09933434,0.09933434,1.0,0.0,0.0,-26.384907,2.2064254,0.7354752,0.16000001,0.0,0.14035721,0.0,0.0,2016000
hardzero_only__c0p58__z1p05__lam0p000__nu0p50__psi0p00,hardzero_only,0.0,39,630,0.0,1,0.42000002,0.42000002,1.0881999,0.0,0.08162068,0.0,0.0,0.0,-27.76867,2.3940876,0.7980292,0.14400001,0.0,0.16079615,0.0,0.0,2019200
hardzero_only__c0p58__z1p05__lam0p000__nu0p50__psi0p00,hardzero_only,0.0,39,631,0.0,1,0.42000002,0.42000002,1.0326596,0.09275565,0.09275565,1.0,0.0,0.0,-27.321632,2.2718966,0.7572989,0.16800001,0.0,0.14959864,0.0,0.0,2022400
hardzero_only__c0p58__z1p05__lam0p000__nu0p50__psi0p00,hardzero_only,0.0,39,632,0.0,1,0.42000002,0.42000002,1.040064,0.09118763,0.09118763,1.0,0.0,0.0,-26.262291,2.2881866,0.76272887,0.112,0.0,0.14571294,0.0,0.0,2025600
hardzero_only__c0p58__z1p05__lam0p000__nu0p50__psi0p00,hardzero_only,0.0,39,633,0.0,1,0.42000002,0.42000002,1.0353575,0.09218124,0.09218124,1.0,0.0,0.0,-27.57298,2.277832,0.75927734,0.15200001,0.0,0.14561044,0.0,0.0,2028800
hardzero_only__c0p58__z1p05__lam0p000__nu0p50__psi0p00,hardzero_only,0.0,39,634,0.0,1,0.42000002,0.42000002,1.0264528,0.09409082,0.09409082,1.0,0.0,0.0,-27.40814,2.2582412,0.75274706,0.136,0.0,0.12842639,0.0,0.0,2032000
hardzero_only__c0p58__z1p05__lam0p000__nu0p50__psi0p00,hardzero_only,0.0,39,635,0.0,1,0.42000002,0.42000002,0.99119276,0.102048635,0.102048635,1.0,0.0,0.0,-26.226635,2.1806676,0.72688925,0.2,0.0,0.14963031,0.0,0.0,2035200
hardzero_only__c0p58__z1p05__lam0p000__nu0p50__psi0p00,hardzero_only,0.0,39,636,0.0,1,0.42000002,0.42000002,1.02044,0.09540255,0.09540255,1.0,0.0,0.0,-27.35827,2.2450128,0.7483376,0.192,0.008,0.17179625,0.0,0.0,2038400
hardzero_only__c0p58__z1p05__lam0p000__nu0p50__psi0p00,hardzero_only,0.0,39,637,0.0,1,0.42000002,0.42000002,1.0583307,0.0,0.08743179,0.0,0.0,0.0,-27.48641,2.328374,0.77612466,0.14999999,0.0,0.15522932,0.0,0.0,2041600
hardzero_only__c0p58__z1p05__lam0p000__nu0p50__psi0p00,hardzero_only,0.0,39,638,0.0,1,0.42000002,0.42000002,1.014989,0.09660753,0.09660753,1.0,0.0,0.0,-27.20999,2.2330205,0.7443402,0.192,0.0,0.16806981,0.0,0.0,2044800
hardzero_only__c0p58__z1p05__lam0p000__nu0p50__psi0p00,hardzero_only,0.0,39,639,0.0,1,0.42000002,0.42000002,1.0040929,0.099062,0.099062,1.0,0.0,0.0,-26.795263,2.2090485,0.7363495,0.18400002,0.0,0.14395572,0.0,0.0,2048000
hardzero_only__c0p58__z1p05__lam0p000__nu0p50__psi0p00,hardzero_only,0.0,39,640,0.0,1,0.42000002,0.42000002,0.9611008,0.10937023,0.10937023,1.0,0.0,0.0,-25.655115,2.114464,0.70482135,0.17600001,0.008,0.1238628,0.0,0.0,2051200
hardzero_only__c0p58__z1p05__lam0p000__nu0p50__psi0p00,hardzero_only,0.0,39,641,0.0,1,0.42000002,0.42000002,1.0327485,0.09273668,0.09273668,1.0,0.0,0.0,-27.969328,2.2720919,0.757364,0.136,0.0,0.14696419,0.0,0.0,2054400
hardzero_only__c0p58__z1p05__lam0p000__nu0p50__psi0p00,hardzero_only,0.0,39,642,0.0,1,0.42000002,0.42000002,1.0369847,0.09183649,0.09183649,1.0,0.0,0.0,-27.217966,2.281412,0.7604706,0.14400001,0.0,0.1257277,0.0,0.0,2057600
hardzero_only__c0p58__z1p05__lam0p000__nu0p50__psi0p00,hardzero_only,0.0,39,643,0.0,1,0.42000002,0.42000002,1.0684171,0.0,0.0854246,0.0,0.0,0.0,-28.344637,2.3505645,0.78352153,0.16800001,0.0,0.14133511,0.0,0.0,2060800
hardzero_only__c0p58__z1p05__lam0p000__nu0p50__psi0p00,hardzero_only,0.0,39,644,0.0,1,0.42000002,0.42000002,0.91814125,0.12074211,0.12074211,1.0,0.0,0.0,-25.145584,2.019951,0.6733171,0.208,0.0,0.12280537,0.0,0.0,2064000
hardzero_only__c0p58__z1p05__lam0p000__nu0p50__psi0p00,hardzero_only,0.0,39,645,0.0,1,0.42000002,0.42000002,1.0166034,0.09624908,0.09624908,1.0,0.0,0.0,-27.785013,2.236572,0.74552405,0.24000001,0.0,0.18597715,0.0,0.0,2067200
hardzero_only__c0p58__z1p05__lam0p000__nu0p50__psi0p00,hardzero_only,0.0,39,646,0.0,1,0.42000002,0.42000002,1.0918133,0.0,0.08094438,0.0,0.0,0.0,-27.953869,2.4020374,0.80067915,0.17600001,0.0,0.17327517,0.0,0.0,2070400
hardzero_only__c0p58__z1p05__lam0p000__nu0p50__psi0p00,hardzero_only,0.0,39,647,0.0,1,0.42000002,0.42000002,1.0390021,0.09141088,0.09141088,1.0,0.0,0.0,-27.063774,2.28585,0.76195,0.120000005,0.0,0.13033094,0.0,0.0,2073600
hardzero_only__c0p58__z1p05__lam0p000__nu0p50__psi0p00,hardzero_only,0.0,39,648,0.0,1,0.42000002,0.42000002,0.96091586,0.10941684,0.10941684,1.0,0.0,0.0,-25.728783,2.114057,0.7046857,0.128,0.0,0.11129822,0.0,0.0,2076800
hardzero_only__c0p58__z1p05__lam0p000__nu0p50__psi0p00,hardzero_only,0.0,39,649,0.0,1,0.42000002,0.42000002,1.0782452,0.0,0.08351313,0.0,0.0,0.0,-27.874016,2.3721867,0.7907289,0.14400001,0.0,0.15457746,0.0,0.0,2080000
hardzero_only__c0p58__z1p05__lam0p000__nu0p50__psi0p00,hardzero_only,0.0,39,650,0.0,1,0.42000002,0.42000002,1.0212221,0.09523089,0.09523089,1.0,0.0,0.0,-27.674623,2.2467334,0.74891114,0.19999999,0.0,0.12941511,0.0,0.0,2083200
hardzero_only__c0p58__z1p05__lam0p000__nu0p50__psi0p00,hardzero_only,0.0,39,651,0.0,1,0.42000002,0.42000002,1.0470927,0.08972373,0.08972373,1.0,0.0,0.0,-27.216618,2.30365,0.7678833,0.136,0.0,0.16827217,0.0,0.0,2086400
hardzero_only__c0p58__z1p05__lam0p000__nu0p50__psi0p00,hardzero_only,0.0,39,652,0.0,1,0.42000002,0.42000002,1.0421005,0.09076104,0.09076104,1.0,0.0,0.0,-28.534378,2.292667,0.7642223,0.15200001,0.0,0.12120099,0.0,0.0,2089600
hardzero_only__c0p58__z1p05__lam0p000__nu0p50__psi0p00,hardzero_only,0.0,39,653,0.0,1,0.42000002,0.42000002,0.9916953,0.101930626,0.101930626,1.0,0.0,0.0,-26.473518,2.1817732,0.7272577,0.18400002,0.0,0.16696922,0.0,0.0,2092800
hardzero_only__c0p58__z1p05__lam0p000__nu0p50__psi0p00,hardzero_only,0.0,39,654,0.0,1,0.42000002,0.42000002,1.0869229,0.0,0.081861004,0.0,0.0,0.0,-28.47017,2.391278,0.7970927,0.128,0.0,0.14566225,0.0,0.0,2096000
hardzero_only__c0p58__z1p05__lam0p000__nu0p50__psi0p00,hardzero_only,0.0,39,655,0.0,1,0.42000002,0.42000002,1.0991335,0.0,0.07959146,0.0,0.0,0.0,-29.853422,2.4181418,0.8060473,0.14400001,0.0,0.20916973,0.0,0.0,2099200
hardzero_only__c0p58__z1p05__lam0p000__nu0p50__psi0p00,hardzero_only,0.0,39,656,0.0,1,0.42000002,0.42000002,1.0359784,0.09204953,0.09204953,1.0,0.0,0.0,-27.822893,2.2791982,0.7597327,0.15200001,0.0,0.13702564,0.0,0.0,2102400
hardzero_only__c0p58__z1p05__lam0p000__nu0p50__psi0p00,hardzero_only,0.0,39,657,0.0,1,0.42000002,0.42000002,1.0563321,0.0,0.08783505,0.0,0.0,0.0,-28.204643,2.323977,0.77465904,0.104,0.0,0.15471277,0.0,0.0,2105600
hardzero_only__c0p58__z1p05__lam0p000__nu0p50__psi0p00,hardzero_only,0.0,39,658,0.0,1,0.42000002,0.42000002,1.0628341,0.0,0.08652983,0.0,0.0,0.0,-28.424957,2.3382819,0.7794273,0.08800001,0.0,0.1687648,0.0,0.0,2108800
hardzero_only__c0p58__z1p05__lam0p000__nu0p50__psi0p00,hardzero_only,0.0,39,659,0.0,1,0.42000002,0.42000002,1.0609119,0.0,0.086913675,0.0,0.0,0.0,-28.11409,2.3340528,0.77801764,0.216,0.0,0.15676858,0.0,0.0,2112000
hardzero_only__c0p58__z1p05__lam0p000__nu0p50__psi0p00,hardzero_only,0.0,39,660,0.0,1,0.42000002,0.42000002,0.9829148,0.10401241,0.10401241,1.0,0.0,0.0,-25.686338,2.1624558,0.72081864,0.2,0.0,0.14385048,0.0,0.0,2115200
hardzero_only__c0p58__z1p05__lam0p000__nu0p50__psi0p00,hardzero_only,0.0,39,661,0.0,1,0.42000002,0.42000002,1.0948963,0.0,0.0803718,0.0,0.0,0.0,-28.94277,2.40882,0.80294,0.120000005,0.0,0.18630865,0.0,0.0,2118400
hardzero_only__c0p58__z1p05__lam0p000__nu0p50__psi0p00,hardzero_only,0.0,39,662,0.0,1,0.42000002,0.42000002,1.0549482,0.0,0.08811538,0.0,0.0,0.0,-27.170685,2.3209324,0.77364415,0.120000005,0.0,0.15848361,0.0,0.0,2121600
hardzero_only__c0p58__z1p05__lam0p000__nu0p50__psi0p00,hardzero_only,0.0,39,663,0.0,1,0.42000002,0.42000002,0.9762324,0.1056252,0.1056252,1.0,0.0,0.0,-26.19332,2.1477542,0.71591806,0.28,0.0,0.14257169,0.0,0.0,2124800
hardzero_only__c0p58__z1p05__lam0p000__nu0p50__psi0p00,hardzero_only,0.0,39,664,0.0,1,0.42000002,0.42000002,0.9790559,0.104940735,0.104940735,1.0,0.0,0.0,-26.816593,2.153966,0.71798867,0.272,0.0,0.13784522,0.0,0.0,2128000
hardzero_only__c0p58__z1p05__lam0p000__nu0p50__psi0p00,hardzero_only,0.0,39,665,0.0,1,0.42000002,0.42000002,1.0722929,0.0,0.08466563,0.0,0.0,0.0,-27.92749,2.3590915,0.78636384,0.16800001,0.0,0.15017967,0.0,0.0,2131200
hardzero_only__c0p58__z1p05__lam0p000__nu0p50__psi0p00,hardzero_only,0.0,39,666,0.0,1,0.42000002,0.42000002,1.0385289,0.091510534,0.091510534,1.0,0.0,0.0,-28.165928,2.2848094,0.7616031,0.18400002,0.0,0.16566981,0.0,0.0,2134400
hardzero_only__c0p58__z1p05__lam0p000__nu0p50__psi0p00,hardzero_only,0.0,39,667,0.0,1,0.42000002,0.42000002,1.0580285,0.0,0.08749264,0.0,0.0,0.0,-28.013025,2.3277092,0.7759031,0.080000006,0.0,0.16446976,0.0,0.0,2137600
hardzero_only__c0p58__z1p05__lam0p000__nu0p50__psi0p00,hardzero_only,0.0,39,668,0.0,1,0.42000002,0.42000002,1.0468857,0.0897665,0.0897665,1.0,0.0,0.0,-27.7456,2.3031945,0.76773155,0.16000001,0.0,0.16133131,0.0,0.0,2140800
hardzero_only__c0p58__z1p05__lam0p000__nu0p50__psi0p00,hardzero_only,0.0,39,669,0.0,1,0.42000002,0.42000002,1.0667404,0.0,0.08575502,0.0,0.0,0.0,-28.473236,2.3468757,0.7822919,0.14400001,0.0,0.16230418,0.0,0.0,2144000
hardzero_only__c0p58__z1p05__lam0p000__nu0p50__psi0p00,hardzero_only,0.0,39,670,0.0,1,0.42000002,0.42000002,1.0602474,0.0,0.08704675,0.0,0.0,0.0,-27.788218,2.3325908,0.7775303,0.08800001,0.0,0.15711096,0.0,0.0,2147200
hardzero_only__c0p58__z1p05__lam0p000__nu0p50__psi0p00,hardzero_only,0.0,39,671,0.0,1,0.42000002,0.42000002,1.0497913,0.08916792,0.08916792,1.0,0.0,0.0,-28.301367,2.309587,0.76986235,0.17600001,0.0,0.17861748,0.0,0.0,2150400
hardzero_only__c0p58__z1p05__lam0p000__nu0p50__psi0p00,hardzero_only,0.0,39,672,0.0,1,0.42000002,0.42000002,1.0557789,0.0,0.08794702,0.0,0.0,0.0,-27.191687,2.3227599,0.7742533,0.08800001,0.0,0.16733553,0.0,0.0,2153600
hardzero_only__c0p58__z1p05__lam0p000__nu0p50__psi0p00,hardzero_only,0.0,39,673,0.0,1,0.42000002,0.42000002,1.0316774,0.09296566,0.09296566,1.0,0.0,0.0,-27.38576,2.2697356,0.75657856,0.14400001,0.0,0.1443868,0.0,0.0,2156800
hardzero_only__c0p58__z1p05__lam0p000__nu0p50__psi0p00,hardzero_only,0.0,39,674,0.0,1,0.42000002,0.42000002,1.0177282,0.09600013,0.09600013,1.0,0.0,0.0,-26.977655,2.2390468,0.746349,0.14400001,0.0,0.12070317,0.0,0.0,2160000
hardzero_only__c0p58__z1p05__lam0p000__nu0p50__psi0p00,hardzero_only,0.0,39,675,0.0,1,0.42000002,0.42000002,1.0233932,0.09475602,0.09475602,1.0,0.0,0.0,-26.470287,2.25151,0.7505033,0.192,0.0,0.13320614,0.0,0.0,2163200
hardzero_only__c0p58__z1p05__lam0p000__nu0p50__psi0p00,hardzero_only,0.0,39,676,0.0,1,0.42000002,0.42000002,1.0327204,0.09274265,0.09274265,1.0,0.0,0.0,-26.482607,2.2720304,0.7573435,0.17,0.0,0.12944713,0.0,0.0,2166400
hardzero_only__c0p58__z1p05__lam0p000__nu0p50__psi0p00,hardzero_only,0.0,39,677,0.0,1,0.42000002,0.42000002,1.0699861,0.0,0.08511651,0.0,0.0,0.0,-27.701042,2.3540165,0.7846722,0.104,0.0,0.13443355,0.0,0.0,2169600
hardzero_only__c0p58__z1p05__lam0p000__nu0p50__psi0p00,hardzero_only,0.0,39,678,0.0,1,0.42000002,0.42000002,0.99028367,0.10226248,0.10226248,1.0,0.0,0.0,-26.661049,2.1786675,0.7262225,0.15200001,0.0,0.13338174,0.0,0.0,2172800
hardzero_only__c0p58__z1p05__lam0p000__nu0p50__psi0p00,hardzero_only,0.0,39,679,0.0,1,0.42000002,0.42000002,1.0165396,0.09626322,0.09626322,1.0,0.0,0.0,-25.972822,2.2364318,0.7454773,0.17600001,0.0,0.12035552,0.0,0.0,2176000
hardzero_only__c0p58__z1p05__lam0p000__nu0p50__psi0p00,hardzero_only,0.0,39,680,0.0,1,0.42000002,0.42000002,0.98459053,0.103611864,0.103611864,1.0,0.0,0.0,-26.557837,2.1661425,0.7220475,0.208,0.0,0.13125573,0.0,0.0,2179200
hardzero_only__c0p58__z1p05__lam0p000__nu0p50__psi0p00,hardzero_only,0.0,39,681,0.0,1,0.42000002,0.42000002,1.0102386,0.09767004,0.09767004,1.0,0.0,0.0,-26.542738,2.2225695,0.7408565,0.17600001,0.0,0.1504468,0.0,0.0,2182400
hardzero_only__c0p58__z1p05__lam0p000__nu0p50__psi0p00,hardzero_only,0.0,39,682,0.0,1,0.42000002,0.42000002,1.0375792,0.09171087,0.09171087,1.0,0.0,0.0,-28.360104,2.2827199,0.76090664,0.18400002,0.0,0.16638853,0.0,0.0,2185600
hardzero_only__c0p58__z1p05__lam0p000__nu0p50__psi0p00,hardzero_only,0.0,39,683,0.0,1,0.42000002,0.42000002,1.0422215,0.09073575,0.09073575,1.0,0.0,0.0,-28.102795,2.2929332,0.7643111,0.14400001,0.0,0.16190194,0.0,0.0,2188800
hardzero_only__c0p58__z1p05__lam0p000__nu0p50__psi0p00,hardzero_only,0.0,39,684,0.0,1,0.42000002,0.42000002,1.0161847,0.09634191,0.09634191,1.0,0.0,0.0,-27.42827,2.235651,0.745217,0.2,0.0,0.15585676,0.0,0.0,2192000
hardzero_only__c0p58__z1p05__lam0p000__nu0p50__psi0p00,hardzero_only,0.0,39,685,0.0,1,0.42000002,0.42000002,1.1080819,0.0,0.0779683,0.0,0.0,0.0,-28.936,2.437829,0.8126097,0.112,0.0,0.16154839,0.0,0.0,2195200
hardzero_only__c0p58__z1p05__lam0p000__nu0p50__psi0p00,hardzero_only,0.0,39,686,0.0,1,0.42000002,0.42000002,1.0361122,0.09202118,0.09202118,1.0,0.0,0.0,-27.094215,2.2794924,0.75983083,0.14400001,0.0,0.13808893,0.0,0.0,2198400
hardzero_only__c0p58__z1p05__lam0p000__nu0p50__psi0p00,hardzero_only,0.0,39,687,0.0,1,0.42000002,0.42000002,1.0463661,0.08987396,0.08987396,1.0,0.0,0.0,-27.330173,2.3020513,0.76735044,0.2,0.0,0.15216294,0.0,0.0,2201600
hardzero_only__c0p58__z1p05__lam0p000__nu0p50__psi0p00,hardzero_only,0.0,39,688,0.0,1,0.42000002,0.42000002,1.0858299,0.0,0.08206729,0.0,0.0,0.0,-28.304453,2.3888733,0.7962911,0.18400002,0.0,0.15995596,0.0,0.0,2204800
hardzero_only__c0p58__z1p05__lam0p000__nu0p50__psi0p00,hardzero_only,0.0,39,689,0.0,1,0.42000002,0.42000002,0.9581642,0.11011228,0.11011228,1.0,0.0,0.0,-26.18941,2.1080034,0.70266783,0.21,0.0,0.12249349,0.0,0.0,2208000
hardzero_only__c0p58__z1p05__lam0p000__nu0p50__psi0p00,hardzero_only,0.0,39,690,0.0,1,0.42000002,0.42000002,1.0489364,0.08934363,0.08934363,1.0,0.0,0.0,-27.143658,2.307706,0.7692354,0.15200001,0.0,0.16433163,0.0,0.0,2211200
hardzero_only__c0p58__z1p05__lam0p000__nu0p50__psi0p00,hardzero_only,0.0,39,691,0.0,1,0.42000002,0.42000002,1.0653431,0.0,0.08603138,0.0,0.0,0.0,-27.64491,2.3438017,0.7812673,0.14400001,0.0,0.13965808,0.0,0.0,2214400
hardzero_only__c0p58__z1p05__lam0p000__nu0p50__psi0p00,hardzero_only,0.0,39,692,0.0,1,0.42000002,0.42000002,1.1087481,0.0,0.07784879,0.0,0.0,0.0,-28.411272,2.4392946,0.8130982,0.16000001,0.0,0.17821743,0.0,0.0,2217600
hardzero_only__c0p58__z1p05__lam0p000__nu0p50__psi0p00,hardzero_only,0.0,39,693,0.0,1,0.42000002,0.42000002,0.9828187,0.104035415,0.104035415,1.0,0.0,0.0,-26.540842,2.1622443,0.7207481,0.16800001,0.0,0.12729922,0.0,0.0,2220800
hardzero_only__c0p58__z1p05__lam0p000__nu0p50__psi0p00,hardzero_only,0.0,39,694,0.0,1,0.42000002,0.42000002,1.0234605,0.09474132,0.09474132,1.0,0.0,0.0,-27.49279,2.251658,0.75055265,0.136,0.0,0.11672637,0.0,0.0,2224000
hardzero_only__c0p58__z1p05__lam0p000__nu0p50__psi0p00,hardzero_only,0.0,39,695,0.0,1,0.42000002,0.42000002,1.0506183,0.0,0.08899831,0.0,0.0,0.0,-26.92872,2.3114064,0.77046883,0.120000005,0.0,0.14220902,0.0,0.0,2227200
hardzero_only__c0p58__z1p05__lam0p000__nu0p50__psi0p00,hardzero_only,0.0,39,696,0.0,1,0.42000002,0.42000002,1.062764,0.0,0.08654379,0.0,0.0,0.0,-27.987106,2.3381276,0.7793759,0.120000005,0.0,0.18711445,0.0,0.0,2230400
hardzero_only__c0p58__z1p05__lam0p000__nu0p50__psi0p00,hardzero_only,0.0,39,697,0.0,1,0.42000002,0.42000002,1.0418152,0.0908207,0.0908207,1.0,0.0,0.0,-27.601725,2.2920392,0.76401305,0.136,0.0,0.17007177,0.0,0.0,2233600
hardzero_only__c0p58__z1p05__lam0p000__nu0p50__psi0p00,hardzero_only,0.0,39,698,0.0,1,0.42000002,0.42000002,1.0455092,0.09005147,0.09005147,1.0,0.0,0.0,-26.956686,2.3001661,0.7667221,0.112,0.0,0.14542499,0.0,0.0,2236800
hardzero_only__c0p58__z1p05__lam0p000__nu0p50__psi0p00,hardzero_only,0.0,39,699,0.0,1,0.42000002,0.42000002,1.0875796,0.0,0.081737325,0.0,0.0,0.0,-27.84424,2.3927228,0.7975743,0.120000005,0.0,0.14870338,0.0,0.0,2240000
hardzero_only__c0p58__z1p05__lam0p000__nu0p50__psi0p00,hardzero_only,0.0,39,700,0.0,1,0.42000002,0.42000002,1.0789974,0.0,0.08336863,0.0,0.0,0.0,-28.116282,2.3738415,0.7912805,0.16000001,0.0,0.16043188,0.0,0.0,2243200
hardzero_only__c0p58__z1p05__lam0p000__nu0p50__psi0p00,hardzero_only,0.0,39,701,0.0,1,0.42000002,0.42000002,1.0074072,0.09830888,0.09830888,1.0,0.0,0.0,-26.732359,2.21634,0.73878,0.128,0.0,0.13008045,0.0,0.0,2246400
hardzero_only__c0p58__z1p05__lam0p000__nu0p50__psi0p00,hardzero_only,0.0,39,702,0.0,1,0.42000002,0.42000002,1.0281206,0.09373016,0.09373016,1.0,0.0,0.0,-27.971481,2.2619104,0.75397015,0.17999999,0.0,0.15948024,0.0,0.0,2249600
hardzero_only__c0p58__z1p05__lam0p000__nu0p50__psi0p00,hardzero_only,0.0,39,703,0.0,1,0.42000002,0.42000002,1.0412369,0.09094171,0.09094171,1.0,0.0,0.0,-27.581827,2.290767,0.763589,0.128,0.0,0.15170242,0.0,0.0,2252800
hardzero_only__c0p58__z1p05__lam0p000__nu0p50__psi0p00,hardzero_only,0.0,39,704,0.0,1,0.42000002,0.42000002,1.0459898,0.08995188,0.08995188,1.0,0.0,0.0,-27.175282,2.3012235,0.7670745,0.136,0.0,0.14816539,0.0,0.0,2256000
hardzero_only__c0p58__z1p05__lam0p000__nu0p50__psi0p00,hardzero_only,0.0,39,705,0.0,1,0.42000002,0.42000002,1.055262,0.0,0.08805176,0.0,0.0,0.0,-26.983809,2.3216226,0.7738742,0.16000001,0.0,0.14501657,0.0,0.0,2259200
hardzero_only__c0p58__z1p05__lam0p000__nu0p50__psi0p00,hardzero_only,0.0,39,706,0.0,1,0.42000002,0.42000002,1.0636134,0.0,0.08637471,0.0,0.0,0.0,-28.334148,2.3399963,0.7799988,0.16800001,0.0,0.1626174,0.0,0.0,2262400
hardzero_only__c0p58__z1p05__lam0p000__nu0p50__psi0p00,hardzero_only,0.0,39,707,0.0,1,0.42000002,0.42000002,0.99158365,0.10195684,0.10195684,1.0,0.0,0.0,-26.384172,2.1815276,0.7271759,0.16800001,0.0,0.1301972,0.0,0.0,2265600
hardzero_only__c0p58__z1p05__lam0p000__nu0p50__psi0p00,hardzero_only,0.0,39,708,0.0,1,0.42000002,0.42000002,1.0783714,0.0,0.08348887,0.0,0.0,0.0,-27.572994,2.3724644,0.7908215,0.16000001,0.0,0.17739199,0.0,0.0,2268800
hardzero_only__c0p58__z1p05__lam0p000__nu0p50__psi0p00,hardzero_only,0.0,39,709,0.0,1,0.42000002,0.42000002,1.0300502,0.09331464,0.09331464,1.0,0.0,0.0,-27.259956,2.2661557,0.7553853,0.15200001,0.0,0.14791833,0.0,0.0,2272000
hardzero_only__c0p58__z1p05__lam0p000__nu0p50__psi0p00,hardzero_only,0.0,39,710,0.0,1,0.42000002,0.42000002,1.0360596,0.092032336,0.092032336,1.0,0.0,0.0,-27.372324,2.2793767,0.75979227,0.16000001,0.0,0.15587543,0.0,0.0,2275200
hardzero_only__c0p58__z1p05__lam0p000__nu0p50__psi0p00,hardzero_only,0.0,39,711,0.0,1,0.42000002,0.42000002,1.0558909,0.0,0.08792433,0.0,0.0,0.0,-28.115099,2.3230064,0.7743355,0.072000004,0.0,0.14811261,0.0,0.0,2278400
hardzero_only__c0p58__z1p05__lam0p000__nu0p50__psi0p00,hardzero_only,0.0,39,712,0.0,1,0.42000002,0.42000002,1.063251,0.0,0.08644681,0.0,0.0,0.0,-26.958755,2.3391988,0.77973294,0.192,0.0,0.14037815,0.0,0.0,2281600
hardzero_only__c0p58__z1p05__lam0p000__nu0p50__psi0p00,hardzero_only,0.0,39,713,0.0,1,0.42000002,0.42000002,1.0829067,0.0,0.08262153,0.0,0.0,0.0,-28.414858,2.3824425,0.7941475,0.120000005,0.0,0.13868813,0.0,0.0,2284800
hardzero_only__c0p58__z1p05__lam0p000__nu0p50__psi0p00,hardzero_only,0.0,39,714,0.0,1,0.42000002,0.42000002,1.0675821,0.0,0.08558897,0.0,0.0,0.0,-27.913511,2.3487275,0.78290915,0.128,0.0,0.1652101,0.0,0.0,2288000
hardzero_only__c0p58__z1p05__lam0p000__nu0p50__psi0p00,hardzero_only,0.0,39,715,0.0,1,0.42000002,0.42000002,1.0026644,0.09938835,0.09938835,1.0,0.0,0.0,-26.320648,2.205906,0.735302,0.17999999,0.0,0.12210511,0.0,0.0,2291200
hardzero_only__c0p58__z1p05__lam0p000__nu0p50__psi0p00,hardzero_only,0.0,39,716,0.0,1,0.42000002,0.42000002,0.9853488,0.1034311,0.1034311,1.0,0.0,0.0,-26.389507,2.1678107,0.72260356,0.16800001,0.0,0.1458592,0.0,0.0,2294400
hardzero_only__c0p58__z1p05__lam0p000__nu0p50__psi0p00,hardzero_only,0.0,39,717,0.0,1,0.42000002,0.42000002,1.0782148,0.0,0.08351898,0.0,0.0,0.0,-28.118876,2.37212,0.79070663,0.16000001,0.0,0.13641435,0.0,0.0,2297600
hardzero_only__c0p58__z1p05__lam0p000__nu0p50__psi0p00,hardzero_only,0.0,39,718,0.0,1,0.42000002,0.42000002,1.0161777,0.096343465,0.096343465,1.0,0.0,0.0,-27.081022,2.2356355,0.74521184,0.136,0.0,0.12794761,0.0,0.0,2300800
hardzero_only__c0p58__z1p05__lam0p000__nu0p50__psi0p00,hardzero_only,0.0,39,719,0.0,1,0.42000002,0.42000002,1.0359473,0.092056125,0.092056125,1.0,0.0,0.0,-27.1233,2.2791297,0.75970995,0.120000005,0.0,0.1184492,0.0,0.0,2304000
hardzero_only__c0p58__z1p05__lam0p000__nu0p50__psi0p00,hardzero_only,0.0,39,720,0.0,1,0.42000002,0.42000002,1.0083355,0.09809898,0.09809898,1.0,0.0,0.0,-26.908133,2.2183824,0.7394608,0.15200001,0.0,0.13674334,0.0,0.0,2307200
hardzero_only__c0p58__z1p05__lam0p000__nu0p50__psi0p00,hardzero_only,0.0,39,721,0.0,1,0.42000002,0.42000002,1.0032585,0.09925252,0.09925252,1.0,0.0,0.0,-26.454523,2.2072127,0.73573756,0.216,0.0,0.1551026,0.0,0.0,2310400
hardzero_only__c0p58__z1p05__lam0p000__nu0p50__psi0p00,hardzero_only,0.0,39,722,0.0,1,0.42000002,0.42000002,0.9961679,0.10088626,0.10088626,1.0,0.0,0.0,-27.74576,2.1916132,0.7305378,0.17600001,0.0,0.14777745,0.0,0.0,2313600
hardzero_only__c0p58__z1p05__lam0p000__nu0p50__psi0p00,hardzero_only,0.0,39,723,0.0,1,0.42000002,0.42000002,1.0375693,0.09171297,0.09171297,1.0,0.0,0.0,-27.545216,2.282698,0.7608993,0.16800001,0.0,0.18400152,0.0,0.0,2316800
hardzero_only__c0p58__z1p05__lam0p000__nu0p50__psi0p00,hardzero_only,0.0,39,724,0.0,1,0.42000002,0.42000002,0.9881516,0.102765754,0.102765754,1.0,0.0,0.0,-26.890678,2.173977,0.72465897,0.18400002,0.0,0.15453547,0.0,0.0,2320000
hardzero_only__c0p58__z1p05__lam0p000__nu0p50__psi0p00,hardzero_only,0.0,39,725,0.0,1,0.42000002,0.42000002,0.9744895,0.10604996,0.10604996,1.0,0.0,0.0,-26.767563,2.1439197,0.7146399,0.216,0.0,0.14019726,0.0,0.0,2323200
hardzero_only__c0p58__z1p05__lam0p000__nu0p50__psi0p00,hardzero_only,0.0,39,726,0.0,1,0.42000002,0.42000002,1.0444643,0.09026838,0.09026838,1.0,0.0,0.0,-27.082333,2.2978675,0.76595587,0.136,0.0,0.12618348,0.0,0.0,2326400
hardzero_only__c0p58__z1p05__lam0p000__nu0p50__psi0p00,hardzero_only,0.0,39,727,0.0,1,0.42000002,0.42000002,1.076389,0.0,0.08387084,0.0,0.0,0.0,-27.834549,2.368103,0.7893677,0.15200001,0.0,0.1849693,0.0,0.0,2329600
hardzero_only__c0p58__z1p05__lam0p000__nu0p50__psi0p00,hardzero_only,0.0,39,728,0.0,1,0.42000002,0.42000002,1.0235926,0.094712526,0.094712526,1.0,0.0,0.0,-27.288595,2.2519486,0.7506496,0.07,0.0,0.15440404,0.0,0.0,2332800
hardzero_only__c0p58__z1p05__lam0p000__nu0p50__psi0p00,hardzero_only,0.0,39,729,0.0,1,0.42000002,0.42000002,1.0462279,0.08990257,0.08990257,1.0,0.0,0.0,-28.058353,2.3017473,0.7672491,0.136,0.0,0.13774684,0.0,0.0,2336000
hardzero_only__c0p58__z1p05__lam0p000__nu0p50__psi0p00,hardzero_only,0.0,39,730,0.0,1,0.42000002,0.42000002,1.0518255,0.0,0.088751234,0.0,0.0,0.0,-28.005236,2.3140624,0.77135414,0.17600001,0.008,0.15181924,0.0,0.0,2339200
hardzero_only__c0p58__z1p05__lam0p000__nu0p50__psi0p00,hardzero_only,0.0,39,731,0.0,1,0.42000002,0.42000002,1.0785828,0.0,0.08344825,0.0,0.0,0.0,-28.362585,2.3729296,0.7909765,0.120000005,0.0,0.1484584,0.0,0.0,2342400
hardzero_only__c0p58__z1p05__lam0p000__nu0p50__psi0p00,hardzero_only,0.0,39,732,0.0,1,0.42000002,0.42000002,1.0561187,0.0,0.08787823,0.0,0.0,0.0,-28.149866,2.3235075,0.7745025,0.15200001,0.0,0.19186044,0.0,0.0,2345600
hardzero_only__c0p58__z1p05__lam0p000__nu0p50__psi0p00,hardzero_only,0.0,39,733,0.0,1,0.42000002,0.42000002,1.0412787,0.09093295,0.09093295,1.0,0.0,0.0,-27.612986,2.290859,0.76361966,0.136,0.0,0.13464664,0.0,0.0,2348800
hardzero_only__c0p58__z1p05__lam0p000__nu0p50__psi0p00,hardzero_only,0.0,39,734,0.0,1,0.42000002,0.42000002,1.0716289,0.0,0.084795155,0.0,0.0,0.0,-26.909864,2.3576307,0.7858769,0.15200001,0.0,0.12246999,0.0,0.0,2352000
hardzero_only__c0p58__z1p05__lam0p000__nu0p50__psi0p00,hardzero_only,0.0,39,735,0.0,1,0.42000002,0.42000002,1.0694013,0.0,0.085231215,0.0,0.0,0.0,-27.646671,2.3527298,0.7842433,0.17600001,0.0,0.1473005,0.0,0.0,2355200
hardzero_only__c0p58__z1p05__lam0p000__nu0p50__psi0p00,hardzero_only,0.0,39,736,0.0,1,0.42000002,0.42000002,1.0087876,0.09799689,0.09799689,1.0,0.0,0.0,-26.519363,2.219377,0.73979235,0.18400002,0.0,0.14093755,0.0,0.0,2358400
hardzero_only__c0p58__z1p05__lam0p000__nu0p50__psi0p00,hardzero_only,0.0,39,737,0.0,1,0.42000002,0.42000002,1.0111575,0.097463615,0.097463615,1.0,0.0,0.0,-26.697319,2.224591,0.74153036,0.128,0.0,0.15084131,0.0,0.0,2361600
hardzero_only__c0p58__z1p05__lam0p000__nu0p50__psi0p00,hardzero_only,0.0,39,738,0.0,1,0.42000002,0.42000002,1.0131052,0.0970275,0.0970275,1.0,0.0,0.0,-27.467367,2.2288759,0.74295866,0.120000005,0.0,0.15653296,0.0,0.0,2364800
hardzero_only__c0p58__z1p05__lam0p000__nu0p50__psi0p00,hardzero_only,0.0,39,739,0.0,1,0.42000002,0.42000002,1.0746546,0.0,0.084206454,0.0,0.0,0.0,-28.286993,2.3642874,0.78809583,0.128,0.0,0.15823744,0.0,0.0,2368000
hardzero_only__c0p58__z1p05__lam0p000__nu0p50__psi0p00,hardzero_only,0.0,39,740,0.0,1,0.42000002,0.42000002,1.0974427,0.0,0.07990192,0.0,0.0,0.0,-28.24551,2.4144223,0.8048074,0.17600001,0.0,0.1777229,0.0,0.0,2371200
hardzero_only__c0p58__z1p05__lam0p000__nu0p50__psi0p00,hardzero_only,0.0,39,741,0.0,1,0.42000002,0.42000002,1.007186,0.09835897,0.09835897,1.0,0.0,0.0,-27.008877,2.2158537,0.7386179,0.14999999,0.0,0.13896114,0.0,0.0,2374400
hardzero_only__c0p58__z1p05__lam0p000__nu0p50__psi0p00,hardzero_only,0.0,39,742,0.0,1,0.42000002,0.42000002,0.9505476,0.112060465,0.112060465,1.0,0.0,0.0,-26.484556,2.0912464,0.69708216,0.18400002,0.0,0.12576489,0.0,0.0,2377600
hardzero_only__c0p58__z1p05__lam0p000__nu0p50__psi0p00,hardzero_only,0.0,39,743,0.0,1,0.42000002,0.42000002,0.9941968,0.101345204,0.101345204,1.0,0.0,0.0,-26.717104,2.1872766,0.72909224,0.23200001,0.008,0.14697951,0.0,0.0,2380800
hardzero_only__c0p58__z1p05__lam0p000__nu0p50__psi0p00,hardzero_only,0.0,39,744,0.0,1,0.42000002,0.42000002,0.9787475,0.10501527,0.10501527,1.0,0.0,0.0,-26.18906,2.1532874,0.7177625,0.256,0.008,0.123057626,0.0,0.0,2384000
hardzero_only__c0p58__z1p05__lam0p000__nu0p50__psi0p00,hardzero_only,0.0,39,745,0.0,1,0.42000002,0.42000002,1.0289159,0.093558684,0.093558684,1.0,0.0,0.0,-26.75494,2.2636602,0.75455344,0.16800001,0.0,0.13596751,0.0,0.0,2387200
hardzero_only__c0p58__z1p05__lam0p000__nu0p50__psi0p00,hardzero_only,0.0,39,746,0.0,1,0.42000002,0.42000002,1.0828282,0.0,0.08263648,0.0,0.0,0.0,-28.955513,2.3822696,0.7940899,0.112,0.0,0.16149671,0.0,0.0,2390400
hardzero_only__c0p58__z1p05__lam0p000__nu0p50__psi0p00,hardzero_only,0.0,39,747,0.0,1,0.42000002,0.42000002,1.0035428,0.09918757,0.09918757,1.0,0.0,0.0,-26.2342,2.2078383,0.7359461,0.16000001,0.0,0.15055972,0.0,0.0,2393600
hardzero_only__c0p58__z1p05__lam0p000__nu0p50__psi0p00,hardzero_only,0.0,39,748,0.0,1,0.42000002,0.42000002,1.043733,0.09042052,0.09042052,1.0,0.0,0.0,-28.059711,2.2962584,0.7654195,0.14400001,0.0,0.14751658,0.0,0.0,2396800
hardzero_only__c0p58__z1p05__lam0p000__nu0p50__psi0p00,hardzero_only,0.0,39,749,0.0,1,0.42000002,0.42000002,1.037053,0.091822065,0.091822065,1.0,0.0,0.0,-27.49927,2.281562,0.7605207,0.112,0.0,0.18394047,0.0,0.0,2400000
hardzero_only__c0p58__z1p05__lam0p000__nu0p50__psi0p00,hardzero_only,0.0,39,750,0.0,1,0.42000002,0.42000002,1.0333551,0.09260723,0.09260723,1.0,0.0,0.0,-27.710226,2.2734268,0.7578089,0.112,0.0,0.15343432,0.0,0.0,2403200
hardzero_only__c0p58__z1p05__lam0p000__nu0p50__psi0p00,hardzero_only,0.0,39,751,0.0,1,0.42000002,0.42000002,1.0078796,0.09820201,0.09820201,1.0,0.0,0.0,-27.291878,2.2173793,0.73912644,0.208,0.0,0.14761382,0.0,0.0,2406400
hardzero_only__c0p58__z1p05__lam0p000__nu0p50__psi0p00,hardzero_only,0.0,39,752,0.0,1,0.42000002,0.42000002,0.9578005,0.11020454,0.11020454,1.0,0.0,0.0,-26.659075,2.1072032,0.7024011,0.16800001,0.0,0.14608,0.0,0.0,2409600
hardzero_only__c0p58__z1p05__lam0p000__nu0p50__psi0p00,hardzero_only,0.0,39,753,0.0,1,0.42000002,0.42000002,1.0143999,0.096738674,0.096738674,1.0,0.0,0.0,-26.574106,2.2317243,0.7439081,0.17600001,0.0,0.12543026,0.0,0.0,2412800
hardzero_only__c0p58__z1p05__lam0p000__nu0p50__psi0p00,hardzero_only,0.0,39,754,0.0,1,0.42000002,0.42000002,1.0871376,0.0,0.081820555,0.0,0.0,0.0,-28.361513,2.3917503,0.79725015,0.14,0.0,0.15829676,0.0,0.0,2416000
hardzero_only__c0p58__z1p05__lam0p000__nu0p50__psi0p00,hardzero_only,0.0,39,755,0.0,1,0.42000002,0.42000002,1.0599171,0.0,0.08711298,0.0,0.0,0.0,-27.853264,2.331864,0.7772881,0.15200001,0.0,0.16100535,0.0,0.0,2419200
hardzero_only__c0p58__z1p05__lam0p000__nu0p50__psi0p00,hardzero_only,0.0,39,756,0.0,1,0.42000002,0.42000002,0.9617313,0.10921157,0.10921157,1.0,0.0,0.0,-26.477898,2.1158512,0.70528376,0.136,0.0,0.157171,0.0,0.0,2422400
hardzero_only__c0p58__z1p05__lam0p000__nu0p50__psi0p00,hardzero_only,0.0,39,757,0.0,1,0.42000002,0.42000002,1.0074922,0.098289646,0.098289646,1.0,0.0,0.0,-26.619919,2.216527,0.73884237,0.136,0.0,0.14839359,0.0,0.0,2425600
hardzero_only__c0p58__z1p05__lam0p000__nu0p50__psi0p00,hardzero_only,0.0,39,758,0.0,1,0.42000002,0.42000002,1.0522656,0.0,0.08866135,0.0,0.0,0.0,-28.613228,2.3150306,0.7716769,0.16800001,0.0,0.1446874,0.0,0.0,2428800
hardzero_only__c0p58__z1p05__lam0p000__nu0p50__psi0p00,hardzero_only,0.0,39,759,0.0,1,0.42000002,0.42000002,1.0085467,0.09805128,0.09805128,1.0,0.0,0.0,-27.543169,2.218847,0.7396157,0.2,0.0,0.13937356,0.0,0.0,2432000
hardzero_only__c0p58__z1p05__lam0p000__nu0p50__psi0p00,hardzero_only,0.0,39,760,0.0,1,0.42000002,0.42000002,1.0475017,0.08963927,0.08963927,1.0,0.0,0.0,-27.687674,2.3045497,0.76818323,0.2,0.0,0.13305521,0.0,0.0,2435200
hardzero_only__c0p58__z1p05__lam0p000__nu0p50__psi0p00,hardzero_only,0.0,39,761,0.0,1,0.42000002,0.42000002,1.0202353,0.09544754,0.09544754,1.0,0.0,0.0,-27.151737,2.2445624,0.7481875,0.120000005,0.0,0.14520988,0.0,0.0,2438400
hardzero_only__c0p58__z1p05__lam0p000__nu0p50__psi0p00,hardzero_only,0.0,39,762,0.0,1,0.42000002,0.42000002,1.0820688,0.0,0.0827811,0.0,0.0,0.0,-27.886772,2.3805988,0.79353297,0.072000004,0.0,0.1689896,0.0,0.0,2441600
hardzero_only__c0p58__z1p05__lam0p000__nu0p50__psi0p00,hardzero_only,0.0,39,763,0.0,1,0.42000002,0.42000002,1.0030901,0.09929099,0.09929099,1.0,0.0,0.0,-26.474041,2.2068424,0.7356142,0.18400002,0.0,0.15405977,0.0,0.0,2444800
hardzero_only__c0p58__z1p05__lam0p000__nu0p50__psi0p00,hardzero_only,0.0,39,764,0.0,1,0.42000002,0.42000002,1.0387032,0.0914738,0.0914738,1.0,0.0,0.0,-27.32846,2.2851927,0.7617309,0.17600001,0.0,0.13759135,0.0,0.0,2448000
hardzero_only__c0p58__z1p05__lam0p000__nu0p50__psi0p00,hardzero_only,0.0,39,765,0.0,1,0.42000002,0.42000002,1.060308,0.0,0.08703461,0.0,0.0,0.0,-28.14494,2.332724,0.7775747,0.192,0.0,0.15128547,0.0,0.0,2451200
hardzero_only__c0p58__z1p05__lam0p000__nu0p50__psi0p00,hardzero_only,0.0,39,766,0.0,1,0.42000002,0.42000002,1.0067006,0.09846896,0.09846896,1.0,0.0,0.0,-27.675982,2.2147856,0.7382619,0.2,0.0,0.15563397,0.0,0.0,2454400
hardzero_only__c0p58__z1p05__lam0p000__nu0p50__psi0p00,hardzero_only,0.0,39,767,0.0,1,0.42000002,0.42000002,1.043285,0.09051385,0.09051385,1.0,0.0,0.0,-27.883707,2.2952728,0.76509094,0.22999999,0.0,0.18104577,0.0,0.0,2457600
hardzero_only__c0p58__z1p05__lam0p000__nu0p50__psi0p00,hardzero_only,0.0,39,768,0.0,1,0.42000002,0.42000002,1.006395,0.09853829,0.09853829,1.0,0.0,0.0,-26.545794,2.2141132,0.73803777,0.18400002,0.0,0.13191172,0.0,0.0,2460800
hardzero_only__c0p58__z1p05__lam0p000__nu0p50__psi0p00,hardzero_only,0.0,39,769,0.0,1,0.42000002,0.42000002,1.0323981,0.09281151,0.09281151,1.0,0.0,0.0,-27.162527,2.271321,0.757107,0.080000006,0.0,0.15102723,0.0,0.0,2464000
hardzero_only__c0p58__z1p05__lam0p000__nu0p50__psi0p00,hardzero_only,0.0,39,770,0.0,1,0.42000002,0.42000002,1.0200698,0.09548391,0.09548391,1.0,0.0,0.0,-26.960505,2.2441986,0.7480662,0.120000005,0.0,0.13195486,0.0,0.0,2467200
hardzero_only__c0p58__z1p05__lam0p000__nu0p50__psi0p00,hardzero_only,0.0,39,771,0.0,1,0.42000002,0.42000002,1.1152811,0.0,0.076686494,0.0,0.0,0.0,-28.828506,2.4536674,0.81788915,0.120000005,0.0,0.17830648,0.0,0.0,2470400
hardzero_only__c0p58__z1p05__lam0p000__nu0p50__psi0p00,hardzero_only,0.0,39,772,0.0,1,0.42000002,0.42000002,1.0622526,0.0,0.08664576,0.0,0.0,0.0,-28.665312,2.3370025,0.7790009,0.120000005,0.0,0.15972991,0.0,0.0,2473600
hardzero_only__c0p58__z1p05__lam0p000__nu0p50__psi0p00,hardzero_only,0.0,39,773,0.0,1,0.42000002,0.42000002,0.99333006,0.10154767,0.10154767,1.0,0.0,0.0,-26.776314,2.1853697,0.7284566,0.18400002,0.0,0.14177538,0.0,0.0,2476800
hardzero_only__c0p58__z1p05__lam0p000__nu0p50__psi0p00,hardzero_only,0.0,39,774,0.0,1,0.42000002,0.42000002,0.9840762,0.103734635,0.103734635,1.0,0.0,0.0,-26.520142,2.165011,0.7216703,0.16000001,0.0,0.12551351,0.0,0.0,2480000
hardzero_only__c0p58__z1p05__lam0p000__nu0p50__psi0p00,hardzero_only,0.0,39,775,0.0,1,0.42000002,0.42000002,1.0019927,0.09954221,0.09954221,1.0,0.0,0.0,-26.747095,2.204428,0.73480934,0.16000001,0.0,0.11431737,0.0,0.0,2483200
hardzero_only__c0p58__z1p05__lam0p000__nu0p50__psi0p00,hardzero_only,0.0,39,776,0.0,1,0.42000002,0.42000002,1.0152948,0.096539535,0.096539535,1.0,0.0,0.0,-27.066345,2.2336931,0.7445644,0.2,0.0,0.1595828,0.0,0.0,2486400
hardzero_only__c0p58__z1p05__lam0p000__nu0p50__psi0p00,hardzero_only,0.0,39,777,0.0,1,0.42000002,0.42000002,0.99390507,0.101413295,0.101413295,1.0,0.0,0.0,-26.404058,2.1866348,0.72887826,0.16800001,0.0,0.14836106,0.0,0.0,2489600
hardzero_only__c0p58__z1p05__lam0p000__nu0p50__psi0p00,hardzero_only,0.0,39,778,0.0,1,0.42000002,0.42000002,1.0517497,0.0,0.088766746,0.0,0.0,0.0,-27.363579,2.3138955,0.7712985,0.136,0.0,0.152813,0.0,0.0,2492800
hardzero_only__c0p58__z1p05__lam0p000__nu0p50__psi0p00,hardzero_only,0.0,39,779,0.0,1,0.42000002,0.42000002,1.000031,0.09999287,0.09999287,1.0,0.0,0.0,-25.870266,2.200112,0.7333707,0.14400001,0.0,0.13299794,0.0,0.0,2496000
hardzero_only__c0p58__z1p05__lam0p000__nu0p50__psi0p00,hardzero_only,0.0,39,780,0.0,1,0.42000002,0.42000002,1.0432805,0.09051478,0.09051478,1.0,0.0,0.0,-27.21108,2.2952628,0.7650876,0.13,0.0,0.16858317,0.0,0.0,2499200
hardzero_only__c0p58__z1p05__lam0p000__nu0p50__psi0p00,hardzero_only,0.0,39,781,0.0,1,0.42000002,0.42000002,1.131202,0.0,0.073926136,0.0,0.0,0.0,-28.943611,2.488694,0.8295647,0.08800001,0.0,0.16046692,0.0,0.0,2502400
hardzero_only__c0p58__z1p05__lam0p000__nu0p50__psi0p00,hardzero_only,0.0,39,782,0.0,1,0.42000002,0.42000002,0.9977472,0.100520074,0.100520074,1.0,0.0,0.0,-26.12292,2.1950877,0.7316959,0.15200001,0.0,0.15922411,0.0,0.0,2505600
hardzero_only__c0p58__z1p05__lam0p000__nu0p50__psi0p00,hardzero_only,0.0,39,783,0.0,1,0.42000002,0.42000002,0.952986,0.111433044,0.111433044,1.0,0.0,0.0,-25.86607,2.096611,0.69887036,0.216,0.0,0.14335199,0.0,0.0,2508800
hardzero_only__c0p58__z1p05__lam0p000__nu0p50__psi0p00,hardzero_only,0.0,39,784,0.0,1,0.42000002,0.42000002,1.0491327,0.089303255,0.089303255,1.0,0.0,0.0,-27.86604,2.3081381,0.7693794,0.136,0.0,0.16468588,0.0,0.0,2512000
hardzero_only__c0p58__z1p05__lam0p000__nu0p50__psi0p00,hardzero_only,0.0,39,785,0.0,1,0.42000002,0.42000002,0.9393553,0.11498593,0.11498593,1.0,0.0,0.0,-24.96538,2.066623,0.68887436,0.112,0.0,0.10971679,0.0,0.0,2515200
hardzero_only__c0p58__z1p05__lam0p000__nu0p50__psi0p00,hardzero_only,0.0,39,786,0.0,1,0.42000002,0.42000002,1.0342634,0.09241375,0.09241375,1.0,0.0,0.0,-27.766865,2.275425,0.758475,0.136,0.0,0.13960472,0.0,0.0,2518400
hardzero_only__c0p58__z1p05__lam0p000__nu0p50__psi0p00,hardzero_only,0.0,39,787,0.0,1,0.42000002,0.42000002,1.0474017,0.089659914,0.089659914,1.0,0.0,0.0,-27.677002,2.3043296,0.7681099,0.136,0.0,0.15026678,0.0,0.0,2521600
hardzero_only__c0p58__z1p05__lam0p000__nu0p50__psi0p00,hardzero_only,0.0,39,788,0.0,1,0.42000002,0.42000002,1.0058229,0.09866817,0.09866817,1.0,0.0,0.0,-26.840822,2.2128546,0.7376182,0.18400002,0.0,0.15394425,0.0,0.0,2524800
hardzero_only__c0p58__z1p05__lam0p000__nu0p50__psi0p00,hardzero_only,0.0,39,789,0.0,1,0.42000002,0.42000002,1.0014057,0.09967685,0.09967685,1.0,0.0,0.0,-26.494146,2.2031367,0.73437893,0.14400001,0.0,0.14361505,0.0,0.0,2528000
hardzero_only__c0p58__z1p05__lam0p000__nu0p50__psi0p00,hardzero_only,0.0,39,790,0.0,1,0.42000002,0.42000002,1.0155447,0.09648401,0.09648401,1.0,0.0,0.0,-27.517155,2.234243,0.74474764,0.17600001,0.0,0.14561129,0.0,0.0,2531200
hardzero_only__c0p58__z1p05__lam0p000__nu0p50__psi0p00,hardzero_only,0.0,39,791,0.0,1,0.42000002,0.42000002,1.024354,0.09454662,0.09454662,1.0,0.0,0.0,-26.268778,2.2536237,0.75120795,0.192,0.0,0.14122777,0.0,0.0,2534400
hardzero_only__c0p58__z1p05__lam0p000__nu0p50__psi0p00,hardzero_only,0.0,39,792,0.0,1,0.42000002,0.42000002,1.036004,0.092044115,0.092044115,1.0,0.0,0.0,-27.029266,2.2792542,0.75975144,0.17600001,0.0,0.16153519,0.0,0.0,2537600
hardzero_only__c0p58__z1p05__lam0p000__nu0p50__psi0p00,hardzero_only,0.0,39,793,0.0,1,0.42000002,0.42000002,1.07834,0.0,0.083494894,0.0,0.0,0.0,-28.698128,2.3723955,0.79079854,0.17999999,0.0,0.17104277,0.0,0.0,2540800
hardzero_only__c0p58__z1p05__lam0p000__nu0p50__psi0p00,hardzero_only,0.0,39,794,0.0,1,0.42000002,0.42000002,1.0638509,0.0,0.08632749,0.0,0.0,0.0,-27.887579,2.3405187,0.78017294,0.136,0.0,0.13928258,0.0,0.0,2544000
hardzero_only__c0p58__z1p05__lam0p000__nu0p50__psi0p00,hardzero_only,0.0,39,795,0.0,1,0.42000002,0.42000002,0.9941125,0.10136488,0.10136488,1.0,0.0,0.0,-27.089705,2.187091,0.7290304,0.208,0.0,0.14405698,0.0,0.0,2547200
hardzero_only__c0p58__z1p05__lam0p000__nu0p50__psi0p00,hardzero_only,0.0,39,796,0.0,1,0.42000002,0.42000002,1.0352603,0.09220186,0.09220186,1.0,0.0,0.0,-26.887934,2.2776182,0.75920606,0.18400002,0.0,0.15737428,0.0,0.0,2550400
hardzero_only__c0p58__z1p05__lam0p000__nu0p50__psi0p00,hardzero_only,0.0,39,797,0.0,1,0.42000002,0.42000002,1.0085263,0.098055884,0.098055884,1.0,0.0,0.0,-27.861273,2.2188022,0.7396008,0.128,0.0,0.16423343,0.0,0.0,2553600
hardzero_only__c0p58__z1p05__lam0p000__nu0p50__psi0p00,hardzero_only,0.0,39,798,0.0,1,0.42000002,0.42000002,1.0221809,0.095020875,0.095020875,1.0,0.0,0.0,-27.598978,2.248843,0.74961436,0.136,0.0,0.17670196,0.0,0.0,2556800
hardzero_only__c0p58__z1p05__lam0p000__nu0p50__psi0p00,hardzero_only,0.0,39,799,0.0,1,0.42000002,0.42000002,1.0574683,0.0,0.087605566,0.0,0.0,0.0,-27.517994,2.3264766,0.7754922,0.17600001,0.0,0.12623836,0.0,0.0,2560000
hardzero_only__c0p58__z1p05__lam0p000__nu0p50__psi0p00,hardzero_only,0.0,39,800,0.0,1,0.42000002,0.42000002,1.0265785,0.094063565,0.094063565,1.0,0.0,0.0,-26.885252,2.258518,0.7528393,0.224,0.0,0.18559125,0.0,0.0,2563200
hardzero_only__c0p58__z1p05__lam0p000__nu0p50__psi0p00,hardzero_only,0.0,39,801,0.0,1,0.42000002,0.42000002,1.0396799,0.09126833,0.09126833,1.0,0.0,0.0,-27.085247,2.2873414,0.7624471,0.136,0.0,0.1230496,0.0,0.0,2566400
hardzero_only__c0p58__z1p05__lam0p000__nu0p50__psi0p00,hardzero_only,0.0,39,802,0.0,1,0.42000002,0.42000002,1.0458587,0.089979015,0.089979015,1.0,0.0,0.0,-26.692924,2.3009353,0.76697844,0.16000001,0.0,0.12900949,0.0,0.0,2569600
hardzero_only__c0p58__z1p05__lam0p000__nu0p50__psi0p00,hardzero_only,0.0,39,803,0.0,1,0.42000002,0.42000002,0.9709806,0.106910266,0.106910266,1.0,0.0,0.0,-26.506477,2.1362,0.71206665,0.17600001,0.0,0.13302039,0.0,0.0,2572800
hardzero_only__c0p58__z1p05__lam0p000__nu0p50__psi0p00,hardzero_only,0.0,39,804,0.0,1,0.42000002,0.42000002,1.0547405,0.0,0.088157535,0.0,0.0,0.0,-27.922525,2.3204756,0.77349186,0.192,0.0,0.14210863,0.0,0.0,2576000
hardzero_only__c0p58__z1p05__lam0p000__nu0p50__psi0p00,hardzero_only,0.0,39,805,0.0,1,0.42000002,0.42000002,1.0572674,0.0,0.08764609,0.0,0.0,0.0,-27.436462,2.3260348,0.77534497,0.16000001,0.0,0.13374579,0.0,0.0,2579200
hardzero_only__c0p58__z1p05__lam0p000__nu0p50__psi0p00,hardzero_only,0.0,39,806,0.0,1,0.42000002,0.42000002,1.0563985,0.0,0.087821625,0.0,0.0,0.0,-28.490332,2.3241231,0.77470773,0.12,0.0,0.15281713,0.0,0.0,2582400
hardzero_only__c0p58__z1p05__lam0p000__nu0p50__psi0p00,hardzero_only,0.0,39,807,0.0,1,0.42000002,0.42000002,1.0597858,0.0,0.087139316,0.0,0.0,0.0,-26.956509,2.3315754,0.7771918,0.104,0.0,0.13401838,0.0,0.0,2585600
hardzero_only__c0p58__z1p05__lam0p000__nu0p50__psi0p00,hardzero_only,0.0,39,808,0.0,1,0.42000002,0.42000002,1.0661119,0.0,0.08587921,0.0,0.0,0.0,-28.051867,2.345493,0.781831,0.15200001,0.0,0.17930613,0.0,0.0,2588800
hardzero_only__c0p58__z1p05__lam0p000__nu0p50__psi0p00,hardzero_only,0.0,39,809,0.0,1,0.42000002,0.42000002,0.99317104,0.101584844,0.101584844,1.0,0.0,0.0,-26.584644,2.18502,0.72834,0.136,0.0,0.165265,0.0,0.0,2592000
hardzero_only__c0p58__z1p05__lam0p000__nu0p50__psi0p00,hardzero_only,0.0,39,810,0.0,1,0.42000002,0.42000002,1.0350082,0.0922554,0.0922554,1.0,0.0,0.0,-27.933844,2.2770636,0.7590212,0.16800001,0.0,0.15284304,0.0,0.0,2595200
hardzero_only__c0p58__z1p05__lam0p000__nu0p50__psi0p00,hardzero_only,0.0,39,811,0.0,1,0.42000002,0.42000002,1.0141515,0.096794024,0.096794024,1.0,0.0,0.0,-27.443779,2.2311778,0.74372596,0.14400001,0.0,0.13458285,0.0,0.0,2598400
hardzero_only__c0p58__z1p05__lam0p000__nu0p50__psi0p00,hardzero_only,0.0,39,812,0.0,1,0.42000002,0.42000002,1.0003244,0.09992533,0.09992533,1.0,0.0,0.0,-27.372967,2.2007575,0.73358583,0.16000001,0.0,0.13682649,0.0,0.0,2601600
hardzero_only__c0p58__z1p05__lam0p000__nu0p50__psi0p00,hardzero_only,0.0,39,813,0.0,1,0.42000002,0.42000002,1.0517633,0.0,0.08876395,0.0,0.0,0.0,-28.071857,2.3139255,0.77130854,0.192,0.0,0.12268345,0.0,0.0,2604800
hardzero_only__c0p58__z1p05__lam0p000__nu0p50__psi0p00,hardzero_only,0.0,39,814,0.0,1,0.42000002,0.42000002,1.0231601,0.094806895,0.094806895,1.0,0.0,0.0,-27.068853,2.250997,0.75033236,0.17600001,0.0,0.1612624,0.0,0.0,2608000
hardzero_only__c0p58__z1p05__lam0p000__nu0p50__psi0p00,hardzero_only,0.0,39,815,0.0,1,0.42000002,0.42000002,1.0348617,0.09228653,0.09228653,1.0,0.0,0.0,-27.226574,2.2767413,0.75891376,0.16000001,0.0,0.13525905,0.0,0.0,2611200
hardzero_only__c0p58__z1p05__lam0p000__nu0p50__psi0p00,hardzero_only,0.0,39,816,0.0,1,0.42000002,0.42000002,1.0415386,0.09087855,0.09087855,1.0,0.0,0.0,-28.300743,2.2914307,0.7638103,0.16000001,0.0,0.13466759,0.0,0.0,2614400
hardzero_only__c0p58__z1p05__lam0p000__nu0p50__psi0p00,hardzero_only,0.0,39,817,0.0,1,0.42000002,0.42000002,1.0367113,0.091894306,0.091894306,1.0,0.0,0.0,-28.039703,2.2808106,0.76027024,0.14400001,0.0,0.1660617,0.0,0.0,2617600
hardzero_only__c0p58__z1p05__lam0p000__nu0p50__psi0p00,hardzero_only,0.0,39,818,0.0,1,0.42000002,0.42000002,1.0081345,0.09814439,0.09814439,1.0,0.0,0.0,-26.629196,2.21794,0.73931336,0.136,0.0,0.15195619,0.0,0.0,2620800
hardzero_only__c0p58__z1p05__lam0p000__nu0p50__psi0p00,hardzero_only,0.0,39,819,0.0,1,0.42000002,0.42000002,1.0897105,0.0,0.08133725,0.0,0.0,0.0,-27.265461,2.3974109,0.799137,0.11,0.0,0.16322303,0.0,0.0,2624000
hardzero_only__c0p58__z1p05__lam0p000__nu0p50__psi0p00,hardzero_only,0.0,39,820,0.0,1,0.42000002,0.42000002,1.0871624,0.0,0.081815876,0.0,0.0,0.0,-28.539103,2.391805,0.79726833,0.16000001,0.0,0.14591426,0.0,0.0,2627200
hardzero_only__c0p58__z1p05__lam0p000__nu0p50__psi0p00,hardzero_only,0.0,39,821,0.0,1,0.42000002,0.42000002,0.9907338,0.10215655,0.10215655,1.0,0.0,0.0,-27.035519,2.179658,0.72655267,0.16000001,0.0,0.16751614,0.0,0.0,2630400
hardzero_only__c0p58__z1p05__lam0p000__nu0p50__psi0p00,hardzero_only,0.0,39,822,0.0,1,0.42000002,0.42000002,1.0544819,0.0,0.088210054,0.0,0.0,0.0,-28.24742,2.3199065,0.7733022,0.136,0.0,0.18246016,0.0,0.0,2633600
hardzero_only__c0p58__z1p05__lam0p000__nu0p50__psi0p00,hardzero_only,0.0,39,823,0.0,1,0.42000002,0.42000002,0.99649316,0.100810744,0.100810744,1.0,0.0,0.0,-27.321016,2.1923287,0.73077625,0.2,0.0,0.15999629,0.0,0.0,2636800
hardzero_only__c0p58__z1p05__lam0p000__nu0p50__psi0p00,hardzero_only,0.0,39,824,0.0,1,0.42000002,0.42000002,1.0396593,0.09127266,0.09127266,1.0,0.0,0.0,-27.184538,2.287296,0.76243204,0.17600001,0.0,0.15729365,0.0,0.0,2640000
hardzero_only__c0p58__z1p05__lam0p000__nu0p50__psi0p00,hardzero_only,0.0,39,825,0.0,1,0.42000002,0.42000002,1.0051345,0.09882472,0.09882472,1.0,0.0,0.0,-26.773754,2.21134,0.73711336,0.16800001,0.0,0.12164083,0.0,0.0,2643200
hardzero_only__c0p58__z1p05__lam0p000__nu0p50__psi0p00,hardzero_only,0.0,39,826,0.0,1,0.42000002,0.42000002,1.012987,0.09705391,0.09705391,1.0,0.0,0.0,-26.372442,2.228616,0.742872,0.128,0.0,0.14587054,0.0,0.0,2646400
hardzero_only__c0p58__z1p05__lam0p000__nu0p50__psi0p00,hardzero_only,0.0,39,827,0.0,1,0.42000002,0.42000002,0.9829846,0.103995696,0.103995696,1.0,0.0,0.0,-26.566431,2.1626093,0.7208698,0.208,0.0,0.13720742,0.0,0.0,2649600
hardzero_only__c0p58__z1p05__lam0p000__nu0p50__psi0p00,hardzero_only,0.0,39,828,0.0,1,0.42000002,0.42000002,1.0814407,0.0,0.08290091,0.0,0.0,0.0,-27.856974,2.379217,0.79307234,0.2,0.0,0.15071346,0.0,0.0,2652800
hardzero_only__c0p58__z1p05__lam0p000__nu0p50__psi0p00,hardzero_only,0.0,39,829,0.0,1,0.42000002,0.42000002,1.0362267,0.0919969,0.0919969,1.0,0.0,0.0,-28.126862,2.2797444,0.7599148,0.15200001,0.0,0.13720734,0.0,0.0,2656000
hardzero_only__c0p58__z1p05__lam0p000__nu0p50__psi0p00,hardzero_only,0.0,39,830,0.0,1,0.42000002,0.42000002,1.0211389,0.095249146,0.095249146,1.0,0.0,0.0,-27.55315,2.2465506,0.7488502,0.104,0.0,0.14881185,0.0,0.0,2659200
hardzero_only__c0p58__z1p05__lam0p000__nu0p50__psi0p00,hardzero_only,0.0,39,831,0.0,1,0.42000002,0.42000002,1.0276747,0.09382645,0.09382645,1.0,0.0,0.0,-27.573431,2.2609293,0.75364316,0.208,0.0,0.18269078,0.0,0.0,2662400
hardzero_only__c0p58__z1p05__lam0p000__nu0p50__psi0p00,hardzero_only,0.0,39,832,0.0,1,0.42000002,0.42000002,1.046039,0.08994167,0.08994167,1.0,0.0,0.0,-28.683622,2.3013318,0.7671106,0.14999999,0.0,0.1682624,0.0,0.0,2665600
hardzero_only__c0p58__z1p05__lam0p000__nu0p50__psi0p00,hardzero_only,0.0,39,833,0.0,1,0.42000002,0.42000002,1.0005974,0.09986255,0.09986255,1.0,0.0,0.0,-27.09923,2.201358,0.73378605,0.208,0.0,0.15061557,0.0,0.0,2668800
hardzero_only__c0p58__z1p05__lam0p000__nu0p50__psi0p00,hardzero_only,0.0,39,834,0.0,1,0.42000002,0.42000002,1.0233191,0.09477218,0.09477218,1.0,0.0,0.0,-27.405125,2.251347,0.75044906,0.096,0.0,0.18108857,0.0,0.0,2672000
hardzero_only__c0p58__z1p05__lam0p000__nu0p50__psi0p00,hardzero_only,0.0,39,835,0.0,1,0.42000002,0.42000002,1.0343778,0.09238941,0.09238941,1.0,0.0,0.0,-27.976944,2.2756767,0.7585589,0.17600001,0.0,0.15206304,0.0,0.0,2675200
hardzero_only__c0p58__z1p05__lam0p000__nu0p50__psi0p00,hardzero_only,0.0,39,836,0.0,1,0.42000002,0.42000002,1.0229745,0.09484741,0.09484741,1.0,0.0,0.0,-26.478271,2.250589,0.75019634,0.15200001,0.0,0.15361443,0.0,0.0,2678400
hardzero_only__c0p58__z1p05__lam0p000__nu0p50__psi0p00,hardzero_only,0.0,39,837,0.0,1,0.42000002,0.42000002,1.0381294,0.09159475,0.09159475,1.0,0.0,0.0,-26.515314,2.2839303,0.7613101,0.16000001,0.0,0.12215297,0.0,0.0,2681600
hardzero_only__c0p58__z1p05__lam0p000__nu0p50__psi0p00,hardzero_only,0.0,39,838,0.0,1,0.42000002,0.42000002,1.0006584,0.0998485,0.0998485,1.0,0.0,0.0,-27.021633,2.2014923,0.7338308,0.16000001,0.0,0.15658525,0.0,0.0,2684800
hardzero_only__c0p58__z1p05__lam0p000__nu0p50__psi0p00,hardzero_only,0.0,39,839,0.0,1,0.42000002,0.42000002,1.0262697,0.094130486,0.094130486,1.0,0.0,0.0,-27.444204,2.2578385,0.7526128,0.112,0.0,0.14554869,0.0,0.0,2688000
hardzero_only__c0p58__z1p05__lam0p000__nu0p50__psi0p00,hardzero_only,0.0,39,840,0.0,1,0.42000002,0.42000002,1.0591042,0.0,0.08727619,0.0,0.0,0.0,-27.13683,2.3300757,0.7766919,0.120000005,0.0,0.14510529,0.0,0.0,2691200
hardzero_only__c0p58__z1p05__lam0p000__nu0p50__psi0p00,hardzero_only,0.0,39,841,0.0,1,0.42000002,0.42000002,1.0182995,0.095873944,0.095873944,1.0,0.0,0.0,-27.285275,2.2403035,0.7467679,0.18400002,0.0,0.1859057,0.0,0.0,2694400
hardzero_only__c0p58__z1p05__lam0p000__nu0p50__psi0p00,hardzero_only,0.0,39,842,0.0,1,0.42000002,0.42000002,1.058525,0.0,0.087392665,0.0,0.0,0.0,-27.086372,2.3288014,0.7762672,0.112,0.0,0.14551799,0.0,0.0,2697600
hardzero_only__c0p58__z1p05__lam0p000__nu0p50__psi0p00,hardzero_only,0.0,39,843,0.0,1,0.42000002,0.42000002,1.0388447,0.091444016,0.091444016,1.0,0.0,0.0,-27.783869,2.285504,0.76183474,0.2,0.0,0.15895113,0.0,0.0,2700800
hardzero_only__c0p58__z1p05__lam0p000__nu0p50__psi0p00,hardzero_only,0.0,39,844,0.0,1,0.42000002,0.42000002,1.0461863,0.08991117,0.08991117,1.0,0.0,0.0,-27.527056,2.301656,0.7672187,0.15200001,0.0,0.14156045,0.0,0.0,2704000
hardzero_only__c0p58__z1p05__lam0p000__nu0p50__psi0p00,hardzero_only,0.0,39,845,0.0,1,0.42000002,0.42000002,1.1292548,0.0,0.07425832,0.0,0.0,0.0,-29.194702,2.4844103,0.8281368,0.12,0.0,0.17691228,0.0,0.0,2707200
hardzero_only__c0p58__z1p05__lam0p000__nu0p50__psi0p00,hardzero_only,0.0,39,846,0.0,1,0.42000002,0.42000002,1.0052612,0.098795876,0.098795876,1.0,0.0,0.0,-26.513828,2.2116187,0.7372062,0.18400002,0.0,0.16057186,0.0,0.0,2710400
hardzero_only__c0p58__z1p05__lam0p000__nu0p50__psi0p00,hardzero_only,0.0,39,847,0.0,1,0.42000002,0.42000002,1.0460905,0.08993102,0.08993102,1.0,0.0,0.0,-27.406202,2.301445,0.7671484,0.2,0.0,0.1701353,0.0,0.0,2713600
hardzero_only__c0p58__z1p05__lam0p000__nu0p50__psi0p00,hardzero_only,0.0,39,848,0.0,1,0.42000002,0.42000002,1.0248169,0.0944459,0.0944459,1.0,0.0,0.0,-27.158297,2.254642,0.75154734,0.17600001,0.0,0.16656348,0.0,0.0,2716800
hardzero_only__c0p58__z1p05__lam0p000__nu0p50__psi0p00,hardzero_only,0.0,39,849,0.0,1,0.42000002,0.42000002,1.0011339,0.099739246,0.099739246,1.0,0.0,0.0,-26.951601,2.2025385,0.7341795,0.17600001,0.0,0.15950081,0.0,0.0,2720000
hardzero_only__c0p58__z1p05__lam0p000__nu0p50__psi0p00,hardzero_only,0.0,39,850,0.0,1,0.42000002,0.42000002,1.0629468,0.0,0.08650739,0.0,0.0,0.0,-28.08008,2.3385296,0.7795099,0.136,0.0,0.15922758,0.0,0.0,2723200
hardzero_only__c0p58__z1p05__lam0p000__nu0p50__psi0p00,hardzero_only,0.0,39,851,0.0,1,0.42000002,0.42000002,1.0248125,0.09444687,0.09444687,1.0,0.0,0.0,-27.370329,2.2546325,0.7515442,0.2,0.0,0.1841454,0.0,0.0,2726400
hardzero_only__c0p58__z1p05__lam0p000__nu0p50__psi0p00,hardzero_only,0.0,39,852,0.0,1,0.42000002,0.42000002,1.0609515,0.0,0.08690574,0.0,0.0,0.0,-27.503944,2.3341398,0.7780466,0.16800001,0.0,0.14902113,0.0,0.0,2729600
hardzero_only__c0p58__z1p05__lam0p000__nu0p50__psi0p00,hardzero_only,0.0,39,853,0.0,1,0.42000002,0.42000002,1.0170825,0.09614297,0.09614297,1.0,0.0,0.0,-27.010435,2.237626,0.74587536,0.16000001,0.0,0.1486865,0.0,0.0,2732800
hardzero_only__c0p58__z1p05__lam0p000__nu0p50__psi0p00,hardzero_only,0.0,39,854,0.0,1,0.42000002,0.42000002,1.1034813,0.0,0.07879862,0.0,0.0,0.0,-28.244572,2.4277074,0.8092358,0.08800001,0.0,0.15519279,0.0,0.0,2736000
hardzero_only__c0p58__z1p05__lam0p000__nu0p50__psi0p00,hardzero_only,0.0,39,855,0.0,1,0.42000002,0.42000002,1.0721909,0.0,0.084685504,0.0,0.0,0.0,-28.541737,2.358867,0.786289,0.112,0.0,0.17854863,0.0,0.0,2739200
hardzero_only__c0p58__z1p05__lam0p000__nu0p50__psi0p00,hardzero_only,0.0,39,856,0.0,1,0.42000002,0.42000002,1.032075,0.09288058,0.09288058,1.0,0.0,0.0,-27.00877,2.2706106,0.7568702,0.15200001,0.0,0.15471423,0.0,0.0,2742400
hardzero_only__c0p58__z1p05__lam0p000__nu0p50__psi0p00,hardzero_only,0.0,39,857,0.0,1,0.42000002,0.42000002,1.0291188,0.09351497,0.09351497,1.0,0.0,0.0,-27.54946,2.2641065,0.7547022,0.15200001,0.0,0.13934107,0.0,0.0,2745600
hardzero_only__c0p58__z1p05__lam0p000__nu0p50__psi0p00,hardzero_only,0.0,39,858,0.0,1,0.42000002,0.42000002,0.9997066,0.10006756,0.10006756,1.0,0.0,0.0,-27.19583,2.1993985,0.73313284,0.13,0.0,0.13805118,0.0,0.0,2748800
hardzero_only__c0p58__z1p05__lam0p000__nu0p50__psi0p00,hardzero_only,0.0,39,859,0.0,1,0.42000002,0.42000002,0.98384607,0.10378963,0.10378963,1.0,0.0,0.0,-26.510399,2.1645045,0.7215015,0.18400002,0.0,0.1445171,0.0,0.0,2752000
hardzero_only__c0p58__z1p05__lam0p000__nu0p50__psi0p00,hardzero_only,0.0,39,860,0.0,1,0.42000002,0.42000002,1.015387,0.09651903,0.09651903,1.0,0.0,0.0,-27.71579,2.2338963,0.7446321,0.16000001,0.0,0.13198778,0.0,0.0,2755200
hardzero_only__c0p58__z1p05__lam0p000__nu0p50__psi0p00,hardzero_only,0.0,39,861,0.0,1,0.42000002,0.42000002,1.0289924,0.0935422,0.0935422,1.0,0.0,0.0,-27.320814,2.2638285,0.7546095,0.24800001,0.0,0.14591882,0.0,0.0,2758400
hardzero_only__c0p58__z1p05__lam0p000__nu0p50__psi0p00,hardzero_only,0.0,39,862,0.0,1,0.42000002,0.42000002,0.99174047,0.10192001,0.10192001,1.0,0.0,0.0,-26.770964,2.1818726,0.72729087,0.2,0.0,0.13453624,0.0,0.0,2761600
hardzero_only__c0p58__z1p05__lam0p000__nu0p50__psi0p00,hardzero_only,0.0,39,863,0.0,1,0.42000002,0.42000002,1.0861,0.0,0.082016274,0.0,0.0,0.0,-28.036238,2.3894677,0.79648924,0.16000001,0.008,0.18408763,0.0,0.0,2764800
hardzero_only__c0p58__z1p05__lam0p000__nu0p50__psi0p00,hardzero_only,0.0,39,864,0.0,1,0.42000002,0.42000002,1.0402005,0.09115899,0.09115899,1.0,0.0,0.0,-27.716728,2.2884867,0.76282895,0.14400001,0.0,0.13224177,0.0,0.0,2768000
hardzero_only__c0p58__z1p05__lam0p000__nu0p50__psi0p00,hardzero_only,0.0,39,865,0.0,1,0.42000002,0.42000002,1.0310922,0.09309103,0.09309103,1.0,0.0,0.0,-26.851711,2.268448,0.7561494,0.216,0.0,0.15914741,0.0,0.0,2771200
hardzero_only__c0p58__z1p05__lam0p000__nu0p50__psi0p00,hardzero_only,0.0,39,866,0.0,1,0.42000002,0.42000002,1.0320473,0.09288653,0.09288653,1.0,0.0,0.0,-27.867477,2.2705493,0.75684977,0.15200001,0.0,0.15482466,0.0,0.0,2774400
hardzero_only__c0p58__z1p05__lam0p000__nu0p50__psi0p00,hardzero_only,0.0,39,867,0.0,1,0.42000002,0.42000002,1.0579176,0.0,0.08751498,0.0,0.0,0.0,-27.883602,2.327465,0.7758217,0.104,0.0,0.14171675,0.0,0.0,2777600
hardzero_only__c0p58__z1p05__lam0p000__nu0p50__psi0p00,hardzero_only,0.0,39,868,0.0,1,0.42000002,0.42000002,1.0834475,0.0,0.08251873,0.0,0.0,0.0,-27.70457,2.383632,0.794544,0.128,0.0,0.1747678,0.0,0.0,2780800
hardzero_only__c0p58__z1p05__lam0p000__nu0p50__psi0p00,hardzero_only,0.0,39,869,0.0,1,0.42000002,0.42000002,1.0455507,0.09004287,0.09004287,1.0,0.0,0.0,-26.972729,2.3002574,0.7667525,0.192,0.0,0.14864215,0.0,0.0,2784000
hardzero_only__c0p58__z1p05__lam0p000__nu0p50__psi0p00,hardzero_only,0.0,39,870,0.0,1,0.42000002,0.42000002,1.017728,0.09600018,0.09600018,1.0,0.0,0.0,-26.88475,2.2390463,0.7463488,0.192,0.0,0.14324725,0.0,0.0,2787200
hardzero_only__c0p58__z1p05__lam0p000__nu0p50__psi0p00,hardzero_only,0.0,39,871,0.0,1,0.42000002,0.42000002,1.1340889,0.0,0.07343635,0.0,0.0,0.0,-29.200727,2.4950454,0.83168185,0.11,0.0,0.19471197,0.0,0.0,2790400
hardzero_only__c0p58__z1p05__lam0p000__nu0p50__psi0p00,hardzero_only,0.0,39,872,0.0,1,0.42000002,0.42000002,1.0038012,0.09912856,0.09912856,1.0,0.0,0.0,-26.623192,2.208407,0.73613566,0.192,0.0,0.12833104,0.0,0.0,2793600
hardzero_only__c0p58__z1p05__lam0p000__nu0p50__psi0p00,hardzero_only,0.0,39,873,0.0,1,0.42000002,0.42000002,1.0051321,0.09882525,0.09882525,1.0,0.0,0.0,-26.625902,2.2113347,0.73711157,0.136,0.0,0.14631923,0.0,0.0,2796800
hardzero_only__c0p58__z1p05__lam0p000__nu0p50__psi0p00,hardzero_only,0.0,39,874,0.0,1,0.42000002,0.42000002,1.0239064,0.09464413,0.09464413,1.0,0.0,0.0,-27.316708,2.252639,0.7508797,0.120000005,0.008,0.14114203,0.0,0.0,2800000
hardzero_only__c0p58__z1p05__lam0p000__nu0p50__psi0p00,hardzero_only,0.0,39,875,0.0,1,0.42000002,0.42000002,1.027218,0.09392518,0.09392518,1.0,0.0,0.0,-27.068424,2.2599247,0.75330824,0.15200001,0.0,0.17265986,0.0,0.0,2803200
hardzero_only__c0p58__z1p05__lam0p000__nu0p50__psi0p00,hardzero_only,0.0,39,876,0.0,1,0.42000002,0.42000002,1.0274549,0.093873955,0.093873955,1.0,0.0,0.0,-27.590282,2.2604458,0.753482,0.14400001,0.0,0.13901718,0.0,0.0,2806400
hardzero_only__c0p58__z1p05__lam0p000__nu0p50__psi0p00,hardzero_only,0.0,39,877,0.0,1,0.42000002,0.42000002,1.0209506,0.09529046,0.09529046,1.0,0.0,0.0,-27.614256,2.2461362,0.74871206,0.192,0.0,0.15250738,0.0,0.0,2809600
hardzero_only__c0p58__z1p05__lam0p000__nu0p50__psi0p00,hardzero_only,0.0,39,878,0.0,1,0.42000002,0.42000002,1.0087332,0.098009184,0.098009184,1.0,0.0,0.0,-27.335838,2.2192574,0.7397525,0.17600001,0.0,0.13904534,0.0,0.0,2812800
hardzero_only__c0p58__z1p05__lam0p000__nu0p50__psi0p00,hardzero_only,0.0,39,879,0.0,1,0.42000002,0.42000002,1.0477545,0.0895871,0.0895871,1.0,0.0,0.0,-26.650782,2.305106,0.76836866,0.112,0.0,0.14125273,0.0,0.0,2816000
hardzero_only__c0p58__z1p05__lam0p000__nu0p50__psi0p00,hardzero_only,0.0,39,880,0.0,1,0.42000002,0.42000002,1.0655668,0.0,0.08598708,0.0,0.0,0.0,-27.630482,2.3442936,0.7814312,0.16000001,0.0,0.1639753,0.0,0.0,2819200
hardzero_only__c0p58__z1p05__lam0p000__nu0p50__psi0p00,hardzero_only,0.0,39,881,0.0,1,0.42000002,0.42000002,1.0862706,0.0,0.08198406,0.0,0.0,0.0,-27.15736,2.389843,0.79661435,0.120000005,0.0,0.15181895,0.0,0.0,2822400
hardzero_only__c0p58__z1p05__lam0p000__nu0p50__psi0p00,hardzero_only,0.0,39,882,0.0,1,0.42000002,0.42000002,1.0533471,0.0,0.088440835,0.0,0.0,0.0,-27.58212,2.31741,0.77247,0.120000005,0.0,0.14622031,0.0,0.0,2825600
hardzero_only__c0p58__z1p05__lam0p000__nu0p50__psi0p00,hardzero_only,0.0,39,883,0.0,1,0.42000002,0.42000002,1.0303321,0.0932541,0.0932541,1.0,0.0,0.0,-26.739225,2.2667758,0.755592,0.128,0.0,0.14469758,0.0,0.0,2828800
hardzero_only__c0p58__z1p05__lam0p000__nu0p50__psi0p00,hardzero_only,0.0,39,884,0.0,1,0.42000002,0.42000002,1.0339582,0.0924787,0.0924787,1.0,0.0,0.0,-27.493994,2.2747536,0.7582512,0.16,0.0,0.15070292,0.0,0.0,2832000
hardzero_only__c0p58__z1p05__lam0p000__nu0p50__psi0p00,hardzero_only,0.0,39,885,0.0,1,0.42000002,0.42000002,1.0055656,0.09872662,0.09872662,1.0,0.0,0.0,-27.193478,2.2122886,0.73742956,0.17600001,0.0,0.15366906,0.0,0.0,2835200
hardzero_only__c0p58__z1p05__lam0p000__nu0p50__psi0p00,hardzero_only,0.0,39,886,0.0,1,0.42000002,0.42000002,1.0744745,0.0,0.08424139,0.0,0.0,0.0,-27.82017,2.363891,0.7879636,0.16000001,0.0,0.18389972,0.0,0.0,2838400
hardzero_only__c0p58__z1p05__lam0p000__nu0p50__psi0p00,hardzero_only,0.0,39,887,0.0,1,0.42000002,0.42000002,1.0690477,0.0,0.08530064,0.0,0.0,0.0,-27.438272,2.3519518,0.78398395,0.15200001,0.0,0.15169828,0.0,0.0,2841600
hardzero_only__c0p58__z1p05__lam0p000__nu0p50__psi0p00,hardzero_only,0.0,39,888,0.0,1,0.42000002,0.42000002,1.0269394,0.09398544,0.09398544,1.0,0.0,0.0,-27.507664,2.2593117,0.7531039,0.16800001,0.0,0.16027224,0.0,0.0,2844800
hardzero_only__c0p58__z1p05__lam0p000__nu0p50__psi0p00,hardzero_only,0.0,39,889,0.0,1,0.42000002,0.42000002,1.1025523,0.0,0.07896736,0.0,0.0,0.0,-27.919443,2.4256635,0.80855453,0.16000001,0.0,0.16581894,0.0,0.0,2848000
hardzero_only__c0p58__z1p05__lam0p000__nu0p50__psi0p00,hardzero_only,0.0,39,890,0.0,1,0.42000002,0.42000002,1.0090536,0.09793691,0.09793691,1.0,0.0,0.0,-27.135433,2.2199621,0.7399874,0.136,0.0,0.13223615,0.0,0.0,2851200
hardzero_only__c0p58__z1p05__lam0p000__nu0p50__psi0p00,hardzero_only,0.0,39,891,0.0,1,0.42000002,0.42000002,1.0008324,0.099808514,0.099808514,1.0,0.0,0.0,-26.840412,2.2018752,0.7339584,0.16800001,0.0,0.13891335,0.0,0.0,2854400
hardzero_only__c0p58__z1p05__lam0p000__nu0p50__psi0p00,hardzero_only,0.0,39,892,0.0,1,0.42000002,0.42000002,1.0659506,0.0,0.08591111,0.0,0.0,0.0,-27.773575,2.3451383,0.7817128,0.16800001,0.0,0.1564532,0.0,0.0,2857600
hardzero_only__c0p58__z1p05__lam0p000__nu0p50__psi0p00,hardzero_only,0.0,39,893,0.0,1,0.42000002,0.42000002,1.0746784,0.0,0.084201835,0.0,0.0,0.0,-27.527328,2.3643398,0.7881133,0.224,0.0,0.15813115,0.0,0.0,2860800
hardzero_only__c0p58__z1p05__lam0p000__nu0p50__psi0p00,hardzero_only,0.0,39,894,0.0,1,0.42000002,0.42000002,1.078044,0.0,0.083551824,0.0,0.0,0.0,-27.782463,2.3717442,0.7905814,0.16800001,0.0,0.14310387,0.0,0.0,2864000
hardzero_only__c0p58__z1p05__lam0p000__nu0p50__psi0p00,hardzero_only,0.0,39,895,0.0,1,0.42000002,0.42000002,1.0517796,0.0,0.08876063,0.0,0.0,0.0,-27.991364,2.3139615,0.7713205,0.14400001,0.0,0.14937937,0.0,0.0,2867200
hardzero_only__c0p58__z1p05__lam0p000__nu0p50__psi0p00,hardzero_only,0.0,39,896,0.0,1,0.42000002,0.42000002,1.0031736,0.0992719,0.0992719,1.0,0.0,0.0,-27.00651,2.207026,0.73567533,0.128,0.0,0.14983825,0.0,0.0,2870400
hardzero_only__c0p58__z1p05__lam0p000__nu0p50__psi0p00,hardzero_only,0.0,39,897,0.0,1,0.42000002,0.42000002,1.012066,0.097259946,0.097259946,1.0,0.0,0.0,-26.480854,2.2265897,0.74219656,0.12,0.0,0.14394268,0.0,0.0,2873600
hardzero_only__c0p58__z1p05__lam0p000__nu0p50__psi0p00,hardzero_only,0.0,39,898,0.0,1,0.42000002,0.42000002,1.1019307,0.0,0.07908047,0.0,0.0,0.0,-28.99993,2.4242961,0.80809873,0.192,0.0,0.15474248,0.0,0.0,2876800
hardzero_only__c0p58__z1p05__lam0p000__nu0p50__psi0p00,hardzero_only,0.0,39,899,0.0,1,0.42000002,0.42000002,1.0024672,0.09943353,0.09943353,1.0,0.0,0.0,-27.240244,2.2054718,0.73515725,0.096,0.0,0.1410072,0.0,0.0,2880000
hardzero_only__c0p58__z1p05__lam0p000__nu0p50__psi0p00,hardzero_only,0.0,39,900,0.0,1,0.42000002,0.42000002,1.0614702,0.0,0.08680201,0.0,0.0,0.0,-27.711449,2.335281,0.778427,0.136,0.0,0.1380868,0.0,0.0,2883200
hardzero_only__c0p58__z1p05__lam0p000__nu0p50__psi0p00,hardzero_only,0.0,39,901,0.0,1,0.42000002,0.42000002,1.011321,0.097426936,0.097426936,1.0,0.0,0.0,-27.705034,2.2249506,0.7416502,0.14400001,0.0,0.1504235,0.0,0.0,2886400
hardzero_only__c0p58__z1p05__lam0p000__nu0p50__psi0p00,hardzero_only,0.0,39,902,0.0,1,0.42000002,0.42000002,1.0369487,0.091844104,0.091844104,1.0,0.0,0.0,-27.557526,2.2813327,0.7604443,0.136,0.0,0.14900869,0.0,0.0,2889600
hardzero_only__c0p58__z1p05__lam0p000__nu0p50__psi0p00,hardzero_only,0.0,39,903,0.0,1,0.42000002,0.42000002,1.0604622,0.0,0.0870037,0.0,0.0,0.0,-27.922209,2.3330636,0.7776879,0.16000001,0.0,0.14056611,0.0,0.0,2892800
hardzero_only__c0p58__z1p05__lam0p000__nu0p50__psi0p00,hardzero_only,0.0,39,904,0.0,1,0.42000002,0.42000002,1.025329,0.094334595,0.094334595,1.0,0.0,0.0,-26.471119,2.2557688,0.75192297,0.16000001,0.0,0.15717883,0.0,0.0,2896000
hardzero_only__c0p58__z1p05__lam0p000__nu0p50__psi0p00,hardzero_only,0.0,39,905,0.0,1,0.42000002,0.42000002,1.0439065,0.09038442,0.09038442,1.0,0.0,0.0,-27.900442,2.2966402,0.76554674,0.128,0.0,0.13971101,0.0,0.0,2899200
hardzero_only__c0p58__z1p05__lam0p000__nu0p50__psi0p00,hardzero_only,0.0,39,906,0.0,1,0.42000002,0.42000002,1.0903478,0.0,0.08121799,0.0,0.0,0.0,-27.970455,2.398813,0.79960436,0.120000005,0.0,0.1557281,0.0,0.0,2902400
hardzero_only__c0p58__z1p05__lam0p000__nu0p50__psi0p00,hardzero_only,0.0,39,907,0.0,1,0.42000002,0.42000002,1.0185488,0.09581889,0.09581889,1.0,0.0,0.0,-26.398632,2.240852,0.74695075,0.128,0.0,0.15396579,0.0,0.0,2905600
hardzero_only__c0p58__z1p05__lam0p000__nu0p50__psi0p00,hardzero_only,0.0,39,908,0.0,1,0.42000002,0.42000002,1.1007295,0.0,0.07929952,0.0,0.0,0.0,-29.575855,2.4216533,0.8072178,0.128,0.0,0.19210178,0.0,0.0,2908800
hardzero_only__c0p58__z1p05__lam0p000__nu0p50__psi0p00,hardzero_only,0.0,39,909,0.0,1,0.42000002,0.42000002,1.0129691,0.09705789,0.09705789,1.0,0.0,0.0,-27.632711,2.2285767,0.7428589,0.136,0.0,0.1528487,0.0,0.0,2912000
hardzero_only__c0p58__z1p05__lam0p000__nu0p50__psi0p00,hardzero_only,0.0,39,910,0.0,1,0.42000002,0.42000002,1.0395646,0.09129255,0.09129255,1.0,0.0,0.0,-27.581356,2.287088,0.76236266,0.14999999,0.0,0.14148423,0.0,0.0,2915200
hardzero_only__c0p58__z1p05__lam0p000__nu0p50__psi0p00,hardzero_only,0.0,39,911,0.0,1,0.42000002,0.42000002,1.0186414,0.09579849,0.09579849,1.0,0.0,0.0,-26.647867,2.2410557,0.7470186,0.18400002,0.0,0.13030909,0.0,0.0,2918400
hardzero_only__c0p58__z1p05__lam0p000__nu0p50__psi0p00,hardzero_only,0.0,39,912,0.0,1,0.42000002,0.42000002,1.0233251,0.09477087,0.09477087,1.0,0.0,0.0,-27.042702,2.2513602,0.7504534,0.208,0.0,0.16438185,0.0,0.0,2921600
hardzero_only__c0p58__z1p05__lam0p000__nu0p50__psi0p00,hardzero_only,0.0,39,913,0.0,1,0.42000002,0.42000002,1.1268692,0.0,0.07466736,0.0,0.0,0.0,-28.894873,2.4791617,0.8263873,0.112,0.0,0.16414854,0.0,0.0,2924800
hardzero_only__c0p58__z1p05__lam0p000__nu0p50__psi0p00,hardzero_only,0.0,39,914,0.0,1,0.42000002,0.42000002,1.021816,0.09510077,0.09510077,1.0,0.0,0.0,-26.855026,2.2480402,0.74934673,0.23200001,0.0,0.13570078,0.0,0.0,2928000
hardzero_only__c0p58__z1p05__lam0p000__nu0p50__psi0p00,hardzero_only,0.0,39,915,0.0,1,0.42000002,0.42000002,1.0663774,0.0,0.085826725,0.0,0.0,0.0,-28.198915,2.3460772,0.78202575,0.112,0.0,0.16770525,0.0,0.0,2931200
hardzero_only__c0p58__z1p05__lam0p000__nu0p50__psi0p00,hardzero_only,0.0,39,916,0.0,1,0.42000002,0.42000002,1.0344366,0.092376895,0.092376895,1.0,0.0,0.0,-27.576488,2.275806,0.758602,0.15200001,0.0,0.15599708,0.0,0.0,2934400
hardzero_only__c0p58__z1p05__lam0p000__nu0p50__psi0p00,hardzero_only,0.0,39,917,0.0,1,0.42000002,0.42000002,0.99891835,0.10024936,0.10024936,1.0,0.0,0.0,-25.85204,2.1976643,0.7325548,0.2,0.0,0.12782145,0.0,0.0,2937600
hardzero_only__c0p58__z1p05__lam0p000__nu0p50__psi0p00,hardzero_only,0.0,39,918,0.0,1,0.42000002,0.42000002,1.0603743,0.0,0.08702133,0.0,0.0,0.0,-27.261662,2.33287,0.77762336,0.136,0.0,0.14749452,0.0,0.0,2940800
hardzero_only__c0p58__z1p05__lam0p000__nu0p50__psi0p00,hardzero_only,0.0,39,919,0.0,1,0.42000002,0.42000002,1.0205104,0.095387086,0.095387086,1.0,0.0,0.0,-26.229788,2.2451677,0.74838924,0.23200001,0.0,0.12500837,0.0,0.0,2944000
hardzero_only__c0p58__z1p05__lam0p000__nu0p50__psi0p00,hardzero_only,0.0,39,920,0.0,1,0.42000002,0.42000002,1.0306314,0.09318985,0.09318985,1.0,0.0,0.0,-27.323978,2.2674344,0.75581145,0.128,0.0,0.14746173,0.0,0.0,2947200
hardzero_only__c0p58__z1p05__lam0p000__nu0p50__psi0p00,hardzero_only,0.0,39,921,0.0,1,0.42000002,0.42000002,1.0809476,0.0,0.08299509,0.0,0.0,0.0,-27.203558,2.3781323,0.7927108,0.16000001,0.0,0.14846748,0.0,0.0,2950400
hardzero_only__c0p58__z1p05__lam0p000__nu0p50__psi0p00,hardzero_only,0.0,39,922,0.0,1,0.42000002,0.42000002,1.1377269,0.0,0.072823755,0.0,0.0,0.0,-28.224176,2.5030491,0.83434975,0.104,0.0,0.16825192,0.0,0.0,2953600
hardzero_only__c0p58__z1p05__lam0p000__nu0p50__psi0p00,hardzero_only,0.0,39,923,0.0,1,0.42000002,0.42000002,1.0415723,0.09087149,0.09087149,1.0,0.0,0.0,-26.880598,2.2915049,0.76383495,0.16,0.0,0.15707652,0.0,0.0,2956800
hardzero_only__c0p58__z1p05__lam0p000__nu0p50__psi0p00,hardzero_only,0.0,39,924,0.0,1,0.42000002,0.42000002,1.0404367,0.0911094,0.0911094,1.0,0.0,0.0,-27.29641,2.2890065,0.76300216,0.18400002,0.0,0.13708109,0.0,0.0,2960000
hardzero_only__c0p58__z1p05__lam0p000__nu0p50__psi0p00,hardzero_only,0.0,39,925,0.0,1,0.42000002,0.42000002,1.025526,0.094291806,0.094291806,1.0,0.0,0.0,-26.797642,2.2562025,0.7520675,0.216,0.008,0.17024189,0.0,0.0,2963200
hardzero_only__c0p58__z1p05__lam0p000__nu0p50__psi0p00,hardzero_only,0.0,39,926,0.0,1,0.42000002,0.42000002,1.0634192,0.0,0.086413346,0.0,0.0,0.0,-27.191715,2.339569,0.7798564,0.120000005,0.0,0.154446,0.0,0.0,2966400
hardzero_only__c0p58__z1p05__lam0p000__nu0p50__psi0p00,hardzero_only,0.0,39,927,0.0,1,0.42000002,0.42000002,1.0733166,0.0,0.084466286,0.0,0.0,0.0,-27.38868,2.3613436,0.78711456,0.136,0.0,0.12547146,0.0,0.0,2969600
hardzero_only__c0p58__z1p05__lam0p000__nu0p50__psi0p00,hardzero_only,0.0,39,928,0.0,1,0.42000002,0.42000002,1.0427799,0.09061918,0.09061918,1.0,0.0,0.0,-27.326487,2.2941616,0.76472056,0.16000001,0.0,0.15185376,0.0,0.0,2972800
hardzero_only__c0p58__z1p05__lam0p000__nu0p50__psi0p00,hardzero_only,0.0,39,929,0.0,1,0.42000002,0.42000002,1.0265166,0.09407699,0.09407699,1.0,0.0,0.0,-26.603914,2.2583816,0.7527939,0.08800001,0.0,0.117236204,0.0,0.0,2976000
hardzero_only__c0p58__z1p05__lam0p000__nu0p50__psi0p00,hardzero_only,0.0,39,930,0.0,1,0.42000002,0.42000002,1.0386368,0.09148781,0.09148781,1.0,0.0,0.0,-26.166876,2.2850466,0.7616822,0.136,0.0,0.1548662,0.0,0.0,2979200
hardzero_only__c0p58__z1p05__lam0p000__nu0p50__psi0p00,hardzero_only,0.0,39,931,0.0,1,0.42000002,0.42000002,1.0779958,0.0,0.083561115,0.0,0.0,0.0,-27.866621,2.371638,0.79054606,0.15200001,0.0,0.15928523,0.0,0.0,2982400
hardzero_only__c0p58__z1p05__lam0p000__nu0p50__psi0p00,hardzero_only,0.0,39,932,0.0,1,0.42000002,0.42000002,1.0068872,0.09842666,0.09842666,1.0,0.0,0.0,-27.316315,2.2151961,0.73839873,0.120000005,0.0,0.12671804,0.0,0.0,2985600
hardzero_only__c0p58__z1p05__lam0p000__nu0p50__psi0p00,hardzero_only,0.0,39,933,0.0,1,0.42000002,0.42000002,1.0440183,0.09036114,0.09036114,1.0,0.0,0.0,-27.505978,2.296886,0.7656287,0.17600001,0.0,0.13690099,0.0,0.0,2988800
hardzero_only__c0p58__z1p05__lam0p000__nu0p50__psi0p00,hardzero_only,0.0,39,934,0.0,1,0.42000002,0.42000002,1.0635784,0.0,0.08638169,0.0,0.0,0.0,-27.952415,2.339919,0.77997303,0.136,0.0,0.1349298,0.0,0.0,2992000
hardzero_only__c0p58__z1p05__lam0p000__nu0p50__psi0p00,hardzero_only,0.0,39,935,0.0,1,0.42000002,0.42000002,1.041922,0.090798356,0.090798356,1.0,0.0,0.0,-26.701529,2.292274,0.7640914,0.080000006,0.0,0.15439187,0.0,0.0,2995200
hardzero_only__c0p58__z1p05__lam0p000__nu0p50__psi0p00,hardzero_only,0.0,39,936,0.0,1,0.42000002,0.42000002,0.98177433,0.10428592,0.10428592,1.0,0.0,0.0,-26.195992,2.1599467,0.71998227,0.16,0.0,0.12261615,0.0,0.0,2998400
hardzero_only__c0p58__z1p05__lam0p000__nu0p50__psi0p00,hardzero_only,0.0,39,937,0.0,1,0.42000002,0.42000002,1.049116,0.08930668,0.08930668,1.0,0.0,0.0,-27.424643,2.3081014,0.76936716,0.136,0.0,0.15240526,0.0,0.0,3001600
hardzero_only__c0p58__z1p05__lam0p000__nu0p50__psi0p00,hardzero_only,0.0,39,938,0.0,1,0.42000002,0.42000002,1.0214773,0.09517494,0.09517494,1.0,0.0,0.0,-27.18357,2.247295,0.7490983,0.112,0.0,0.13504396,0.0,0.0,3004800
hardzero_only__c0p58__z1p05__lam0p000__nu0p50__psi0p00,hardzero_only,0.0,39,939,0.0,1,0.42000002,0.42000002,1.0237967,0.09466803,0.09466803,1.0,0.0,0.0,-26.70051,2.2523975,0.7507992,0.208,0.0,0.16701436,0.0,0.0,3008000
hardzero_only__c0p58__z1p05__lam0p000__nu0p50__psi0p00,hardzero_only,0.0,39,940,0.0,1,0.42000002,0.42000002,1.031009,0.093108855,0.093108855,1.0,0.0,0.0,-26.619413,2.268265,0.7560884,0.14400001,0.0,0.14665607,0.0,0.0,3011200
hardzero_only__c0p58__z1p05__lam0p000__nu0p50__psi0p00,hardzero_only,0.0,39,941,0.0,1,0.42000002,0.42000002,1.082174,0.0,0.08276106,0.0,0.0,0.0,-27.766361,2.3808303,0.7936101,0.120000005,0.0,0.14626536,0.0,0.0,3014400
hardzero_only__c0p58__z1p05__lam0p000__nu0p50__psi0p00,hardzero_only,0.0,39,942,0.0,1,0.42000002,0.42000002,0.9984815,0.10035025,0.10035025,1.0,0.0,0.0,-27.168224,2.1967032,0.7322344,0.16000001,0.0,0.13074867,0.0,0.0,3017600
hardzero_only__c0p58__z1p05__lam0p000__nu0p50__psi0p00,hardzero_only,0.0,39,943,0.0,1,0.42000002,0.42000002,1.0396669,0.09127105,0.09127105,1.0,0.0,0.0,-27.648422,2.2873127,0.7624376,0.18400002,0.0,0.12790799,0.0,0.0,3020800
hardzero_only__c0p58__z1p05__lam0p000__nu0p50__psi0p00,hardzero_only,0.0,39,944,0.0,1,0.42000002,0.42000002,1.0897633,0.0,0.08132736,0.0,0.0,0.0,-28.143064,2.397527,0.7991757,0.14400001,0.0,0.167685,0.0,0.0,3024000
hardzero_only__c0p58__z1p05__lam0p000__nu0p50__psi0p00,hardzero_only,0.0,39,945,0.0,1,0.42000002,0.42000002,1.0231851,0.094801426,0.094801426,1.0,0.0,0.0,-27.64882,2.2510521,0.7503507,0.192,0.008,0.15144575,0.0,0.0,3027200
hardzero_only__c0p58__z1p05__lam0p000__nu0p50__psi0p00,hardzero_only,0.0,39,946,0.0,1,0.42000002,0.42000002,1.0247521,0.09445997,0.09445997,1.0,0.0,0.0,-27.36742,2.2544997,0.7514999,0.128,0.0,0.14064737,0.0,0.0,3030400
hardzero_only__c0p58__z1p05__lam0p000__nu0p50__psi0p00,hardzero_only,0.0,39,947,0.0,1,0.42000002,0.42000002,0.97326535,0.10634929,0.10634929,1.0,0.0,0.0,-26.568586,2.1412265,0.7137422,0.264,0.0,0.16286036,0.0,0.0,3033600
hardzero_only__c0p58__z1p05__lam0p000__nu0p50__psi0p00,hardzero_only,0.0,39,948,0.0,1,0.42000002,0.42000002,1.0792552,0.0,0.08331914,0.0,0.0,0.0,-28.410704,2.374409,0.7914697,0.16000001,0.0,0.16921303,0.0,0.0,3036800
hardzero_only__c0p58__z1p05__lam0p000__nu0p50__psi0p00,hardzero_only,0.0,39,949,0.0,1,0.42000002,0.42000002,0.98230505,0.10415855,0.10415855,1.0,0.0,0.0,-27.1904,2.1611142,0.7203714,0.22,0.0,0.14590894,0.0,0.0,3040000
hardzero_only__c0p58__z1p05__lam0p000__nu0p50__psi0p00,hardzero_only,0.0,39,950,0.0,1,0.42000002,0.42000002,1.0612317,0.0,0.08684969,0.0,0.0,0.0,-27.521759,2.3347564,0.7782521,0.2,0.0,0.17853,0.0,0.0,3043200
hardzero_only__c0p58__z1p05__lam0p000__nu0p50__psi0p00,hardzero_only,0.0,39,951,0.0,1,0.42000002,0.42000002,1.0544617,0.0,0.08821416,0.0,0.0,0.0,-27.252148,2.3198621,0.7732874,0.216,0.0,0.16154051,0.0,0.0,3046400
hardzero_only__c0p58__z1p05__lam0p000__nu0p50__psi0p00,hardzero_only,0.0,39,952,0.0,1,0.42000002,0.42000002,1.0381287,0.0915949,0.0915949,1.0,0.0,0.0,-27.398888,2.2839289,0.7613096,0.17600001,0.0,0.14316787,0.0,0.0,3049600
hardzero_only__c0p58__z1p05__lam0p000__nu0p50__psi0p00,hardzero_only,0.0,39,953,0.0,1,0.42000002,0.42000002,1.0330639,0.09266933,0.09266933,1.0,0.0,0.0,-27.03045,2.272786,0.7575953,0.136,0.0,0.141025,0.0,0.0,3052800
hardzero_only__c0p58__z1p05__lam0p000__nu0p50__psi0p00,hardzero_only,0.0,39,954,0.0,1,0.42000002,0.42000002,1.0005153,0.0998814,0.0998814,1.0,0.0,0.0,-26.197847,2.2011776,0.7337259,0.112,0.0,0.124626964,0.0,0.0,3056000
hardzero_only__c0p58__z1p05__lam0p000__nu0p50__psi0p00,hardzero_only,0.0,39,955,0.0,1,0.42000002,0.42000002,0.99263906,0.10170936,0.10170936,1.0,0.0,0.0,-26.19238,2.1838496,0.72794986,0.2,0.0,0.12922089,0.0,0.0,3059200
hardzero_only__c0p58__z1p05__lam0p000__nu0p50__psi0p00,hardzero_only,0.0,39,956,0.0,1,0.42000002,0.42000002,0.9947222,0.10122268,0.10122268,1.0,0.0,0.0,-27.58121,2.1884325,0.7294775,0.2,0.0,0.12846303,0.0,0.0,3062400
hardzero_only__c0p58__z1p05__lam0p000__nu0p50__psi0p00,hardzero_only,0.0,39,957,0.0,1,0.42000002,0.42000002,1.0555537,0.0,0.08799263,0.0,0.0,0.0,-26.733852,2.3222644,0.77408814,0.15200001,0.0,0.13092934,0.0,0.0,3065600
hardzero_only__c0p58__z1p05__lam0p000__nu0p50__psi0p00,hardzero_only,0.0,39,958,0.0,1,0.42000002,0.42000002,1.0516988,0.0,0.08877714,0.0,0.0,0.0,-27.954723,2.3137836,0.7712612,0.16000001,0.0,0.14821492,0.0,0.0,3068800
hardzero_only__c0p58__z1p05__lam0p000__nu0p50__psi0p00,hardzero_only,0.0,39,959,0.0,1,0.42000002,0.42000002,1.0482237,0.08949037,0.08949037,1.0,0.0,0.0,-27.961891,2.3061383,0.76871276,0.136,0.0,0.1401698,0.0,0.0,3072000
hardzero_only__c0p58__z1p05__lam0p000__nu0p50__psi0p00,hardzero_only,0.0,39,960,0.0,1,0.42000002,0.42000002,1.0007768,0.09982129,0.09982129,1.0,0.0,0.0,-26.156067,2.201753,0.73391765,0.14400001,0.0,0.14313762,0.0,0.0,3075200
hardzero_only__c0p58__z1p05__lam0p000__nu0p50__psi0p00,hardzero_only,0.0,39,961,0.0,1,0.42000002,0.42000002,1.0058357,0.09866528,0.09866528,1.0,0.0,0.0,-26.414906,2.2128825,0.7376275,0.104,0.0,0.15641266,0.0,0.0,3078400
hardzero_only__c0p58__z1p05__lam0p000__nu0p50__psi0p00,hardzero_only,0.0,39,962,0.0,1,0.42000002,0.42000002,1.0330217,0.092678346,0.092678346,1.0,0.0,0.0,-26.935438,2.2726932,0.7575644,0.17999999,0.0,0.14013036,0.0,0.0,3081600
hardzero_only__c0p58__z1p05__lam0p000__nu0p50__psi0p00,hardzero_only,0.0,39,963,0.0,1,0.42000002,0.42000002,1.0277258,0.0938154,0.0938154,1.0,0.0,0.0,-27.56937,2.2610419,0.75368065,0.16800001,0.0,0.14810891,0.0,0.0,3084800
hardzero_only__c0p58__z1p05__lam0p000__nu0p50__psi0p00,hardzero_only,0.0,39,964,0.0,1,0.42000002,0.42000002,1.0348849,0.09228158,0.09228158,1.0,0.0,0.0,-27.773836,2.2767923,0.7589308,0.136,0.0,0.17200215,0.0,0.0,3088000
hardzero_only__c0p58__z1p05__lam0p000__nu0p50__psi0p00,hardzero_only,0.0,39,965,0.0,1,0.42000002,0.42000002,1.065876,0.0,0.085925885,0.0,0.0,0.0,-27.952278,2.344974,0.78165805,0.16800001,0.0,0.16062687,0.0,0.0,3091200
hardzero_only__c0p58__z1p05__lam0p000__nu0p50__psi0p00,hardzero_only,0.0,39,966,0.0,1,0.42000002,0.42000002,1.0614477,0.0,0.086806506,0.0,0.0,0.0,-27.727848,2.3352315,0.77841055,0.14400001,0.0,0.15933602,0.0,0.0,3094400
hardzero_only__c0p58__z1p05__lam0p000__nu0p50__psi0p00,hardzero_only,0.0,39,967,0.0,1,0.42000002,0.42000002,0.99979246,0.10004779,0.10004779,1.0,0.0,0.0,-26.746109,2.1995873,0.7331958,0.128,0.0,0.1352608,0.0,0.0,3097600
hardzero_only__c0p58__z1p05__lam0p000__nu0p50__psi0p00,hardzero_only,0.0,39,968,0.0,1,0.42000002,0.42000002,1.0807449,0.0,0.08303384,0.0,0.0,0.0,-27.521404,2.3776863,0.7925621,0.16000001,0.0,0.152007,0.0,0.0,3100800
hardzero_only__c0p58__z1p05__lam0p000__nu0p50__psi0p00,hardzero_only,0.0,39,969,0.0,1,0.42000002,0.42000002,1.1063871,0.0,0.07827315,0.0,0.0,0.0,-28.455553,2.4341004,0.8113668,0.104,0.0,0.1528987,0.0,0.0,3104000
hardzero_only__c0p58__z1p05__lam0p000__nu0p50__psi0p00,hardzero_only,0.0,39,970,0.0,1,0.42000002,0.42000002,1.0218642,0.0950902,0.0950902,1.0,0.0,0.0,-26.858765,2.248146,0.749382,0.16000001,0.0,0.15818143,0.0,0.0,3107200
hardzero_only__c0p58__z1p05__lam0p000__nu0p50__psi0p00,hardzero_only,0.0,39,971,0.0,1,0.42000002,0.42000002,1.0805882,0.0,0.083063796,0.0,0.0,0.0,-27.958363,2.3773415,0.7924472,0.16000001,0.0,0.16086553,0.0,0.0,3110400
hardzero_only__c0p58__z1p05__lam0p000__nu0p50__psi0p00,hardzero_only,0.0,39,972,0.0,1,0.42000002,0.42000002,1.0544097,0.0,0.08822472,0.0,0.0,0.0,-27.99815,2.3197477,0.77324927,0.17600001,0.0,0.16851443,0.0,0.0,3113600
hardzero_only__c0p58__z1p05__lam0p000__nu0p50__psi0p00,hardzero_only,0.0,39,973,0.0,1,0.42000002,0.42000002,1.0728631,0.0,0.08455453,0.0,0.0,0.0,-27.815153,2.3603458,0.78678197,0.104,0.0,0.15339339,0.0,0.0,3116800
hardzero_only__c0p58__z1p05__lam0p000__nu0p50__psi0p00,hardzero_only,0.0,39,974,0.0,1,0.42000002,0.42000002,1.0703862,0.0,0.08503816,0.0,0.0,0.0,-28.015316,2.3548965,0.7849655,0.14400001,0.0,0.15917386,0.0,0.0,3120000
hardzero_only__c0p58__z1p05__lam0p000__nu0p50__psi0p00,hardzero_only,0.0,39,975,0.0,1,0.42000002,0.42000002,1.0167953,0.096206576,0.096206576,1.0,0.0,0.0,-26.648518,2.2369943,0.7456648,0.13,0.0,0.116152614,0.0,0.0,3123200
hardzero_only__c0p58__z1p05__lam0p000__nu0p50__psi0p00,hardzero_only,0.0,39,976,0.0,1,0.42000002,0.42000002,0.97263217,0.106504455,0.106504455,1.0,0.0,0.0,-25.70547,2.1398335,0.7132778,0.208,0.0,0.14138593,0.0,0.0,3126400
hardzero_only__c0p58__z1p05__lam0p000__nu0p50__psi0p00,hardzero_only,0.0,39,977,0.0,1,0.42000002,0.42000002,1.0452775,0.090099536,0.090099536,1.0,0.0,0.0,-26.718473,2.2996564,0.76655215,0.120000005,0.0,0.14700897,0.0,0.0,3129600
hardzero_only__c0p58__z1p05__lam0p000__nu0p50__psi0p00,hardzero_only,0.0,39,978,0.0,1,0.42000002,0.42000002,1.0272696,0.09391401,0.09391401,1.0,0.0,0.0,-27.3031,2.2600381,0.7533461,0.14400001,0.0,0.13740173,0.0,0.0,3132800
hardzero_only__c0p58__z1p05__lam0p000__nu0p50__psi0p00,hardzero_only,0.0,39,979,0.0,1,0.42000002,0.42000002,1.0655239,0.0,0.08599557,0.0,0.0,0.0,-27.676685,2.3441994,0.78139985,0.14400001,0.0,0.15742838,0.0,0.0,3136000
hardzero_only__c0p58__z1p05__lam0p000__nu0p50__psi0p00,hardzero_only,0.0,39,980,0.0,1,0.42000002,0.42000002,1.025664,0.09426186,0.09426186,1.0,0.0,0.0,-27.267408,2.2565057,0.7521686,0.16800001,0.0,0.16035403,0.0,0.0,3139200
hardzero_only__c0p58__z1p05__lam0p000__nu0p50__psi0p00,hardzero_only,0.0,39,981,0.0,1,0.42000002,0.42000002,1.0119869,0.09727767,0.09727767,1.0,0.0,0.0,-27.178963,2.2264156,0.74213856,0.14400001,0.0,0.14397033,0.0,0.0,3142400
hardzero_only__c0p58__z1p05__lam0p000__nu0p50__psi0p00,hardzero_only,0.0,39,982,0.0,1,0.42000002,0.42000002,1.0227572,0.094894886,0.094894886,1.0,0.0,0.0,-27.01143,2.2501106,0.7500369,0.192,0.008,0.14417842,0.0,0.0,3145600
hardzero_only__c0p58__z1p05__lam0p000__nu0p50__psi0p00,hardzero_only,0.0,39,983,0.0,1,0.42000002,0.42000002,1.0370007,0.091833115,0.091833115,1.0,0.0,0.0,-26.388487,2.281447,0.7604823,0.112,0.0,0.15090021,0.0,0.0,3148800
hardzero_only__c0p58__z1p05__lam0p000__nu0p50__psi0p00,hardzero_only,0.0,39,984,0.0,1,0.42000002,0.42000002,1.0468676,0.08977025,0.08977025,1.0,0.0,0.0,-27.5058,2.3031547,0.76771826,0.16000001,0.008,0.15019648,0.0,0.0,3152000
hardzero_only__c0p58__z1p05__lam0p000__nu0p50__psi0p00,hardzero_only,0.0,39,985,0.0,1,0.42000002,0.42000002,1.101215,0.0,0.079210915,0.0,0.0,0.0,-28.110405,2.4227214,0.8075738,0.104,0.0,0.19363256,0.0,0.0,3155200
hardzero_only__c0p58__z1p05__lam0p000__nu0p50__psi0p00,hardzero_only,0.0,39,986,0.0,1,0.42000002,0.42000002,1.1090416,0.0,0.07779621,0.0,0.0,0.0,-28.418034,2.4399402,0.8133134,0.128,0.0,0.16132127,0.0,0.0,3158400
hardzero_only__c0p58__z1p05__lam0p000__nu0p50__psi0p00,hardzero_only,0.0,39,987,0.0,1,0.42000002,0.42000002,0.96651566,0.10801507,0.10801507,1.0,0.0,0.0,-26.307167,2.1263769,0.7087923,0.18400002,0.0,0.13789137,0.0,0.0,3161600
hardzero_only__c0p58__z1p05__lam0p000__nu0p50__psi0p00,hardzero_only,0.0,39,988,0.0,1,0.42000002,0.42000002,1.0118352,0.09731165,0.09731165,1.0,0.0,0.0,-26.677652,2.2260818,0.7420273,0.17,0.0,0.16720687,0.0,0.0,3164800
hardzero_only__c0p58__z1p05__lam0p000__nu0p50__psi0p00,hardzero_only,0.0,39,989,0.0,1,0.42000002,0.42000002,1.0649174,0.0,0.08611574,0.0,0.0,0.0,-27.045732,2.3428652,0.7809551,0.14400001,0.0,0.14545654,0.0,0.0,3168000
hardzero_only__c0p58__z1p05__lam0p000__nu0p50__psi0p00,hardzero_only,0.0,39,990,0.0,1,0.42000002,0.42000002,0.9992918,0.100163214,0.100163214,1.0,0.0,0.0,-26.76609,2.1984859,0.7328286,0.16800001,0.0,0.11918969,0.0,0.0,3171200
hardzero_only__c0p58__z1p05__lam0p000__nu0p50__psi0p00,hardzero_only,0.0,39,991,0.0,1,0.42000002,0.42000002,1.0076042,0.09826429,0.09826429,1.0,0.0,0.0,-26.659517,2.2167735,0.7389245,0.14400001,0.0,0.13983034,0.0,0.0,3174400
hardzero_only__c0p58__z1p05__lam0p000__nu0p50__psi0p00,hardzero_only,0.0,39,992,0.0,1,0.42000002,0.42000002,0.9924895,0.10174438,0.10174438,1.0,0.0,0.0,-27.025673,2.1835206,0.7278402,0.16000001,0.0,0.14080958,0.0,0.0,3177600
hardzero_only__c0p58__z1p05__lam0p000__nu0p50__psi0p00,hardzero_only,0.0,39,993,0.0,1,0.42000002,0.42000002,1.0306208,0.093192115,0.093192115,1.0,0.0,0.0,-26.511246,2.267411,0.7558037,0.16800001,0.0,0.11992333,0.0,0.0,3180800
hardzero_only__c0p58__z1p05__lam0p000__nu0p50__psi0p00,hardzero_only,0.0,39,994,0.0,1,0.42000002,0.42000002,0.9802916,0.10464258,0.10464258,1.0,0.0,0.0,-26.596533,2.1566846,0.7188949,0.17600001,0.0,0.12245242,0.0,0.0,3184000
hardzero_only__c0p58__z1p05__lam0p000__nu0p50__psi0p00,hardzero_only,0.0,39,995,0.0,1,0.42000002,0.42000002,1.0636717,0.0,0.08636311,0.0,0.0,0.0,-28.27464,2.3401244,0.78004146,0.136,0.0,0.16237018,0.0,0.0,3187200
hardzero_only__c0p58__z1p05__lam0p000__nu0p50__psi0p00,hardzero_only,0.0,39,996,0.0,1,0.42000002,0.42000002,1.0263909,0.09410421,0.09410421,1.0,0.0,0.0,-27.34866,2.258105,0.7527017,0.16000001,0.0,0.1554638,0.0,0.0,3190400
hardzero_only__c0p58__z1p05__lam0p000__nu0p50__psi0p00,hardzero_only,0.0,39,997,0.0,1,0.42000002,0.42000002,1.0467079,0.089803256,0.089803256,1.0,0.0,0.0,-28.110544,2.3028033,0.76760113,0.104,0.0,0.15963136,0.0,0.0,3193600
hardzero_only__c0p58__z1p05__lam0p000__nu0p50__psi0p00,hardzero_only,0.0,39,998,0.0,1,0.42000002,0.42000002,1.0285943,0.093628,0.093628,1.0,0.0,0.0,-27.071978,2.2629526,0.7543175,0.128,0.0,0.13362376,0.0,0.0,3196800
hardzero_only__c0p58__z1p05__lam0p000__nu0p50__psi0p00,hardzero_only,0.0,39,999,0.0,1,0.42000002,0.42000002,1.0660971,0.0,0.08588214,0.0,0.0,0.0,-28.35731,2.3454607,0.78182024,0.112,0.0,0.14551653,0.0,0.0,3200000
hardzero_only__c0p58__z1p05__lam0p000__nu0p50__psi0p00,hardzero_only,0.0,39,1000,0.0,1,0.42000002,0.42000002,1.0682324,0.0,0.08546092,0.0,0.0,0.0,-28.799026,2.3501582,0.7833861,0.2,0.0,0.18265828,0.0,0.0,3203200
hardzero_only__c0p58__z1p05__lam0p000__nu0p50__psi0p00,hardzero_only,0.0,39,1001,0.0,1,0.42000002,0.42000002,1.000215,0.09995049,0.09995049,1.0,0.0,0.0,-26.224133,2.200517,0.73350567,0.12,0.0,0.13455726,0.0,0.0,3206400
hardzero_only__c0p58__z1p05__lam0p000__nu0p50__psi0p00,hardzero_only,0.0,39,1002,0.0,1,0.42000002,0.42000002,1.0481163,0.0895125,0.0895125,1.0,0.0,0.0,-27.322521,2.305902,0.768634,0.192,0.0,0.15335575,0.0,0.0,3209600
hardzero_only__c0p58__z1p05__lam0p000__nu0p50__psi0p00,hardzero_only,0.0,39,1003,0.0,1,0.42000002,0.42000002,1.0522705,0.0,0.08866035,0.0,0.0,0.0,-27.596504,2.3150413,0.7716805,0.17600001,0.0,0.17463425,0.0,0.0,3212800
hardzero_only__c0p58__z1p05__lam0p000__nu0p50__psi0p00,hardzero_only,0.0,39,1004,0.0,1,0.42000002,0.42000002,1.0319965,0.092897385,0.092897385,1.0,0.0,0.0,-26.635138,2.2704377,0.7568126,0.136,0.0,0.1372404,0.0,0.0,3216000
hardzero_only__c0p58__z1p05__lam0p000__nu0p50__psi0p00,hardzero_only,0.0,39,1005,0.0,1,0.42000002,0.42000002,1.0084273,0.098078266,0.098078266,1.0,0.0,0.0,-27.682812,2.2185843,0.7395281,0.16800001,0.0,0.16254914,0.0,0.0,3219200
hardzero_only__c0p58__z1p05__lam0p000__nu0p50__psi0p00,hardzero_only,0.0,39,1006,0.0,1,0.42000002,0.42000002,1.0706213,0.0,0.084992126,0.0,0.0,0.0,-27.614374,2.355414,0.785138,0.14400001,0.0,0.14427234,0.0,0.0,3222400
hardzero_only__c0p58__z1p05__lam0p000__nu0p50__psi0p00,hardzero_only,0.0,39,1007,0.0,1,0.42000002,0.42000002,1.0552145,0.0,0.08806137,0.0,0.0,0.0,-27.158903,2.3215182,0.7738394,0.104,0.0,0.15856901,0.0,0.0,3225600
hardzero_only__c0p58__z1p05__lam0p000__nu0p50__psi0p00,hardzero_only,0.0,39,1008,0.0,1,0.42000002,0.42000002,1.0453465,0.09008521,0.09008521,1.0,0.0,0.0,-27.622068,2.2998083,0.76660275,0.16800001,0.0,0.17495063,0.0,0.0,3228800
hardzero_only__c0p58__z1p05__lam0p000__nu0p50__psi0p00,hardzero_only,0.0,39,1009,0.0,1,0.42000002,0.42000002,1.0680507,0.0,0.08549667,0.0,0.0,0.0,-28.12457,2.3497586,0.7832529,0.120000005,0.0,0.16534297,0.0,0.0,3232000
hardzero_only__c0p58__z1p05__lam0p000__nu0p50__psi0p00,hardzero_only,0.0,39,1010,0.0,1,0.42000002,0.42000002,1.0156341,0.09646414,0.09646414,1.0,0.0,0.0,-27.290232,2.2344396,0.7448132,0.15200001,0.0,0.12775587,0.0,0.0,3235200
hardzero_only__c0p58__z1p05__lam0p000__nu0p50__psi0p00,hardzero_only,0.0,39,1011,0.0,1,0.42000002,0.42000002,0.9714899,0.106784955,0.106784955,1.0,0.0,0.0,-25.808537,2.1373205,0.7124402,0.224,0.008,0.14614923,0.0,0.0,3238400
hardzero_only__c0p58__z1p05__lam0p000__nu0p50__psi0p00,hardzero_only,0.0,39,1012,0.0,1,0.42000002,0.42000002,1.0343086,0.09240414,0.09240414,1.0,0.0,0.0,-27.012344,2.2755241,0.7585081,0.112,0.0,0.15490629,0.0,0.0,3241600
hardzero_only__c0p58__z1p05__lam0p000__nu0p50__psi0p00,hardzero_only,0.0,39,1013,0.0,1,0.42000002,0.42000002,1.0421898,0.09074237,0.09074237,1.0,0.0,0.0,-27.445759,2.2928634,0.7642878,0.120000005,0.0,0.17186885,0.0,0.0,3244800
hardzero_only__c0p58__z1p05__lam0p000__nu0p50__psi0p00,hardzero_only,0.0,39,1014,0.0,1,0.42000002,0.42000002,1.0980127,0.0,0.07979714,0.0,0.0,0.0,-28.306519,2.415676,0.8052254,0.07,0.0,0.17373604,0.0,0.0,3248000
hardzero_only__c0p58__z1p05__lam0p000__nu0p50__psi0p00,hardzero_only,0.0,39,1015,0.0,1,0.42000002,0.42000002,1.04288,0.09059826,0.09059826,1.0,0.0,0.0,-27.644516,2.2943819,0.764794,0.128,0.0,0.14260821,0.0,0.0,3251200
hardzero_only__c0p58__z1p05__lam0p000__nu0p50__psi0p00,hardzero_only,0.0,39,1016,0.0,1,0.42000002,0.42000002,1.0215124,0.09516727,0.09516727,1.0,0.0,0.0,-27.303177,2.2473722,0.74912405,0.17600001,0.0,0.14056595,0.0,0.0,3254400
hardzero_only__c0p58__z1p05__lam0p000__nu0p50__psi0p00,hardzero_only,0.0,39,1017,0.0,1,0.42000002,0.42000002,1.034743,0.09231177,0.09231177,1.0,0.0,0.0,-26.725607,2.27648,0.7588267,0.120000005,0.0,0.12110285,0.0,0.0,3257600
hardzero_only__c0p58__z1p05__lam0p000__nu0p50__psi0p00,hardzero_only,0.0,39,1018,0.0,1,0.42000002,0.42000002,1.0369488,0.09184408,0.09184408,1.0,0.0,0.0,-27.54633,2.281333,0.76044434,0.08800001,0.0,0.14717685,0.0,0.0,3260800
hardzero_only__c0p58__z1p05__lam0p000__nu0p50__psi0p00,hardzero_only,0.0,39,1019,0.0,1,0.42000002,0.42000002,1.015491,0.09649593,0.09649593,1.0,0.0,0.0,-26.7851,2.234125,0.7447083,0.15200001,0.0,0.12851164,0.0,0.0,3264000
hardzero_only__c0p58__z1p05__lam0p000__nu0p50__psi0p00,hardzero_only,0.0,39,1020,0.0,1,0.42000002,0.42000002,1.1339314,0.0,0.073462985,0.0,0.0,0.0,-29.277872,2.494699,0.83156633,0.080000006,0.0,0.1610626,0.0,0.0,3267200
hardzero_only__c0p58__z1p05__lam0p000__nu0p50__psi0p00,hardzero_only,0.0,39,1021,0.0,1,0.42000002,0.42000002,1.0123278,0.09720132,0.09720132,1.0,0.0,0.0,-27.189814,2.2271657,0.7423886,0.136,0.0,0.1402402,0.0,0.0,3270400
hardzero_only__c0p58__z1p05__lam0p000__nu0p50__psi0p00,hardzero_only,0.0,39,1022,0.0,1,0.42000002,0.42000002,1.0218216,0.095099516,0.095099516,1.0,0.0,0.0,-26.796896,2.2480524,0.7493508,0.136,0.0,0.1482437,0.0,0.0,3273600
hardzero_only__c0p58__z1p05__lam0p000__nu0p50__psi0p00,hardzero_only,0.0,39,1023,0.0,1,0.42000002,0.42000002,1.058894,0.0,0.08731844,0.0,0.0,0.0,-27.419033,2.3296134,0.77653784,0.112,0.0,0.13355742,0.0,0.0,3276800
hardzero_only__c0p58__z1p05__lam0p000__nu0p50__psi0p00,hardzero_only,0.0,39,1024,0.0,1,0.42000002,0.42000002,1.0618371,0.0,0.0867287,0.0,0.0,0.0,-27.672974,2.3360882,0.77869606,0.15200001,0.0,0.17065495,0.0,0.0,3280000
hardzero_only__c0p58__z1p05__lam0p000__nu0p50__psi0p00,hardzero_only,0.0,39,1025,0.0,1,0.42000002,0.42000002,1.0593184,0.0,0.08723315,0.0,0.0,0.0,-28.235388,2.330547,0.77684903,0.136,0.0,0.1522962,0.0,0.0,3283200
hardzero_only__c0p58__z1p05__lam0p000__nu0p50__psi0p00,hardzero_only,0.0,39,1026,0.0,1,0.42000002,0.42000002,1.1042438,0.0,0.07866042,0.0,0.0,0.0,-28.131279,2.4293847,0.8097949,0.104,0.0,0.17996974,0.0,0.0,3286400
hardzero_only__c0p58__z1p05__lam0p000__nu0p50__psi0p00,hardzero_only,0.0,39,1027,0.0,1,0.42000002,0.42000002,1.0678955,0.0,0.08552723,0.0,0.0,0.0,-28.403122,2.349417,0.783139,0.21,0.0,0.148282,0.0,0.0,3289600
hardzero_only__c0p58__z1p05__lam0p000__nu0p50__psi0p00,hardzero_only,0.0,39,1028,0.0,1,0.42000002,0.42000002,1.0197178,0.09556132,0.09556132,1.0,0.0,0.0,-26.418663,2.243424,0.747808,0.16000001,0.0,0.13698769,0.0,0.0,3292800
hardzero_only__c0p58__z1p05__lam0p000__nu0p50__psi0p00,hardzero_only,0.0,39,1029,0.0,1,0.42000002,0.42000002,0.977207,0.10538845,0.10538845,1.0,0.0,0.0,-26.29684,2.1498983,0.7166328,0.18400002,0.0,0.15016778,0.0,0.0,3296000
hardzero_only__c0p58__z1p05__lam0p000__nu0p50__psi0p00,hardzero_only,0.0,39,1030,0.0,1,0.42000002,0.42000002,1.0380126,0.09161939,0.09161939,1.0,0.0,0.0,-27.798294,2.2836733,0.76122445,0.136,0.0,0.15280564,0.0,0.0,3299200
hardzero_only__c0p58__z1p05__lam0p000__nu0p50__psi0p00,hardzero_only,0.0,39,1031,0.0,1,0.42000002,0.42000002,1.0566857,0.0,0.08776356,0.0,0.0,0.0,-27.628824,2.324755,0.7749183,0.08800001,0.0,0.1293468,0.0,0.0,3302400
hardzero_only__c0p58__z1p05__lam0p000__nu0p50__psi0p00,hardzero_only,0.0,39,1032,0.0,1,0.42000002,0.42000002,1.0948559,0.0,0.08037927,0.0,0.0,0.0,-28.241165,2.408731,0.8029103,0.15200001,0.0,0.16010618,0.0,0.0,3305600
hardzero_only__c0p58__z1p05__lam0p000__nu0p50__psi0p00,hardzero_only,0.0,39,1033,0.0,1,0.42000002,0.42000002,1.0104766,0.09761654,0.09761654,1.0,0.0,0.0,-26.273882,2.2230928,0.74103093,0.24800001,0.0,0.14454323,0.0,0.0,3308800
hardzero_only__c0p58__z1p05__lam0p000__nu0p50__psi0p00,hardzero_only,0.0,39,1034,0.0,1,0.42000002,0.42000002,1.0383363,0.091551125,0.091551125,1.0,0.0,0.0,-27.779749,2.2843854,0.76146185,0.2,0.0,0.14643903,0.0,0.0,3312000
hardzero_only__c0p58__z1p05__lam0p000__nu0p50__psi0p00,hardzero_only,0.0,39,1035,0.0,1,0.42000002,0.42000002,1.0451647,0.09012293,0.09012293,1.0,0.0,0.0,-27.025955,2.2994082,0.7664694,0.15200001,0.0,0.15465716,0.0,0.0,3315200
hardzero_only__c0p58__z1p05__lam0p000__nu0p50__psi0p00,hardzero_only,0.0,39,1036,0.0,1,0.42000002,0.42000002,1.0632862,0.0,0.086439796,0.0,0.0,0.0,-27.753786,2.3392763,0.7797588,0.15200001,0.0,0.15535769,0.0,0.0,3318400
hardzero_only__c0p58__z1p05__lam0p000__nu0p50__psi0p00,hardzero_only,0.0,39,1037,0.0,1,0.42000002,0.42000002,1.0698564,0.0,0.08514195,0.0,0.0,0.0,-27.316082,2.3537312,0.7845771,0.136,0.0,0.15854263,0.0,0.0,3321600
hardzero_only__c0p58__z1p05__lam0p000__nu0p50__psi0p00,hardzero_only,0.0,39,1038,0.0,1,0.42000002,0.42000002,1.0554304,0.0,0.088017605,0.0,0.0,0.0,-27.126593,2.3219934,0.7739978,0.08800001,0.0,0.13794625,0.0,0.0,3324800
hardzero_only__c0p58__z1p05__lam0p000__nu0p50__psi0p00,hardzero_only,0.0,39,1039,0.0,1,0.42000002,0.42000002,1.0350105,0.09225492,0.09225492,1.0,0.0,0.0,-26.806787,2.2770684,0.75902283,0.2,0.0,0.15540205,0.0,0.0,3328000
hardzero_only__c0p58__z1p05__lam0p000__nu0p50__psi0p00,hardzero_only,0.0,39,1040,0.0,1,0.42000002,0.42000002,1.0917926,0.0,0.08094824,0.0,0.0,0.0,-28.654917,2.4019916,0.8006639,0.17999999,0.0,0.15242806,0.0,0.0,3331200
hardzero_only__c0p58__z1p05__lam0p000__nu0p50__psi0p00,hardzero_only,0.0,39,1041,0.0,1,0.42000002,0.42000002,1.0530245,0.0,0.088506564,0.0,0.0,0.0,-27.396517,2.3167002,0.7722334,0.120000005,0.0,0.1565995,0.0,0.0,3334400
hardzero_only__c0p58__z1p05__lam0p000__nu0p50__psi0p00,hardzero_only,0.0,39,1042,0.0,1,0.42000002,0.42000002,0.99320835,0.10157613,0.10157613,1.0,0.0,0.0,-27.207504,2.185102,0.7283673,0.16800001,0.0,0.13611461,0.0,0.0,3337600
hardzero_only__c0p58__z1p05__lam0p000__nu0p50__psi0p00,hardzero_only,0.0,39,1043,0.0,1,0.42000002,0.42000002,1.0254719,0.09430356,0.09430356,1.0,0.0,0.0,-26.771729,2.2560833,0.75202775,0.15200001,0.0,0.13829705,0.0,0.0,3340800
hardzero_only__c0p58__z1p05__lam0p000__nu0p50__psi0p00,hardzero_only,0.0,39,1044,0.0,1,0.42000002,0.42000002,1.0929016,0.0,0.080741785,0.0,0.0,0.0,-28.242273,2.4044316,0.8014772,0.120000005,0.0,0.16036128,0.0,0.0,3344000
hardzero_only__c0p58__z1p05__lam0p000__nu0p50__psi0p00,hardzero_only,0.0,39,1045,0.0,1,0.42000002,0.42000002,0.9854718,0.10340183,0.10340183,1.0,0.0,0.0,-26.307896,2.1680813,0.7226938,0.16800001,0.0,0.13345434,0.0,0.0,3347200
hardzero_only__c0p58__z1p05__lam0p000__nu0p50__psi0p00,hardzero_only,0.0,39,1046,0.0,1,0.42000002,0.42000002,1.0496755,0.08919171,0.08919171,1.0,0.0,0.0,-27.621943,2.3093321,0.7697774,0.16800001,0.0,0.13822864,0.0,0.0,3350400
hardzero_only__c0p58__z1p05__lam0p000__nu0p50__psi0p00,hardzero_only,0.0,39,1047,0.0,1,0.42000002,0.42000002,1.1032703,0.0,0.078836925,0.0,0.0,0.0,-28.25167,2.4272432,0.8090811,0.096,0.0,0.1679252,0.0,0.0,3353600
hardzero_only__c0p58__z1p05__lam0p000__nu0p50__psi0p00,hardzero_only,0.0,39,1048,0.0,1,0.42000002,0.42000002,1.0628899,0.0,0.08651871,0.0,0.0,0.0,-28.349882,2.3384044,0.7794682,0.112,0.0,0.16925924,0.0,0.0,3356800
hardzero_only__c0p58__z1p05__lam0p000__nu0p50__psi0p00,hardzero_only,0.0,39,1049,0.0,1,0.42000002,0.42000002,1.0249239,0.094422616,0.094422616,1.0,0.0,0.0,-27.012526,2.2548776,0.7516259,0.14400001,0.0,0.17180675,0.0,0.0,3360000
hardzero_only__c0p58__z1p05__lam0p000__nu0p50__psi0p00,hardzero_only,0.0,39,1050,0.0,1,0.42000002,0.42000002,1.0345687,0.09234882,0.09234882,1.0,0.0,0.0,-27.111048,2.2760966,0.7586989,0.080000006,0.0,0.15093435,0.0,0.0,3363200
hardzero_only__c0p58__z1p05__lam0p000__nu0p50__psi0p00,hardzero_only,0.0,39,1051,0.0,1,0.42000002,0.42000002,1.0281634,0.09372093,0.09372093,1.0,0.0,0.0,-27.731047,2.2620046,0.75400156,0.112,0.0,0.17253727,0.0,0.0,3366400
hardzero_only__c0p58__z1p05__lam0p000__nu0p50__psi0p00,hardzero_only,0.0,39,1052,0.0,1,0.42000002,0.42000002,1.0848929,0.0,0.08224455,0.0,0.0,0.0,-28.39241,2.386812,0.795604,0.136,0.0,0.169661,0.0,0.0,3369600
hardzero_only__c0p58__z1p05__lam0p000__nu0p50__psi0p00,hardzero_only,0.0,39,1053,0.0,1,0.42000002,0.42000002,1.0645721,0.0,0.08618424,0.0,0.0,0.0,-27.581335,2.3421054,0.7807018,0.14999999,0.0,0.14671113,0.0,0.0,3372800
hardzero_only__c0p58__z1p05__lam0p000__nu0p50__psi0p00,hardzero_only,0.0,39,1054,0.0,1,0.42000002,0.42000002,1.0998484,0.0,0.079460554,0.0,0.0,0.0,-28.438553,2.4197147,0.8065716,0.080000006,0.0,0.13189898,0.0,0.0,3376000
hardzero_only__c0p58__z1p05__lam0p000__nu0p50__psi0p00,hardzero_only,0.0,39,1055,0.0,1,0.42000002,0.42000002,1.0721763,0.0,0.08468836,0.0,0.0,0.0,-27.742523,2.358835,0.78627837,0.128,0.0,0.15923719,0.0,0.0,3379200
hardzero_only__c0p58__z1p05__lam0p000__nu0p50__psi0p00,hardzero_only,0.0,39,1056,0.0,1,0.42000002,0.42000002,1.026535,0.09407298,0.09407298,1.0,0.0,0.0,-27.0563,2.2584221,0.7528074,0.216,0.0,0.16123365,0.0,0.0,3382400
hardzero_only__c0p58__z1p05__lam0p000__nu0p50__psi0p00,hardzero_only,0.0,39,1057,0.0,1,0.42000002,0.42000002,0.9822567,0.10417014,0.10417014,1.0,0.0,0.0,-26.449593,2.161008,0.72033596,0.192,0.0,0.14792779,0.0,0.0,3385600
hardzero_only__c0p58__z1p05__lam0p000__nu0p50__psi0p00,hardzero_only,0.0,39,1058,0.0,1,0.42000002,0.42000002,0.9993593,0.100147635,0.100147635,1.0,0.0,0.0,-27.087713,2.1986344,0.73287815,0.16000001,0.0,0.11407897,0.0,0.0,3388800
hardzero_only__c0p58__z1p05__lam0p000__nu0p50__psi0p00,hardzero_only,0.0,39,1059,0.0,1,0.42000002,0.42000002,1.0416185,0.09086185,0.09086185,1.0,0.0,0.0,-27.55876,2.2916064,0.7638688,0.136,0.0,0.11798452,0.0,0.0,3392000
hardzero_only__c0p58__z1p05__lam0p000__nu0p50__psi0p00,hardzero_only,0.0,39,1060,0.0,1,0.42000002,0.42000002,1.010521,0.09760653,0.09760653,1.0,0.0,0.0,-26.51401,2.2231908,0.7410636,0.14400001,0.0,0.15052816,0.0,0.0,3395200
hardzero_only__c0p58__z1p05__lam0p000__nu0p50__psi0p00,hardzero_only,0.0,39,1061,0.0,1,0.42000002,0.42000002,1.0349004,0.0922783,0.0922783,1.0,0.0,0.0,-27.987173,2.2768264,0.7589421,0.18400002,0.0,0.14363208,0.0,0.0,3398400
hardzero_only__c0p58__z1p05__lam0p000__nu0p50__psi0p00,hardzero_only,0.0,39,1062,0.0,1,0.42000002,0.42000002,1.0561491,0.0,0.087872066,0.0,0.0,0.0,-28.294434,2.3235745,0.77452487,0.136,0.0,0.16615967,0.0,0.0,3401600
hardzero_only__c0p58__z1p05__lam0p000__nu0p50__psi0p00,hardzero_only,0.0,39,1063,0.0,1,0.42000002,0.42000002,1.0427455,0.090626344,0.090626344,1.0,0.0,0.0,-28.270935,2.2940857,0.7646953,0.17600001,0.0,0.14218135,0.0,0.0,3404800
hardzero_only__c0p58__z1p05__lam0p000__nu0p50__psi0p00,hardzero_only,0.0,39,1064,0.0,1,0.42000002,0.42000002,1.016756,0.09621525,0.09621525,1.0,0.0,0.0,-26.070274,2.236908,0.745636,0.136,0.0,0.129792,0.0,0.0,3408000
hardzero_only__c0p58__z1p05__lam0p000__nu0p50__psi0p00,hardzero_only,0.0,39,1065,0.0,1,0.42000002,0.42000002,1.0500609,0.0,0.0891126,0.0,0.0,0.0,-27.579609,2.31018,0.77006,0.16800001,0.0,0.13244121,0.0,0.0,3411200
hardzero_only__c0p58__z1p05__lam0p000__nu0p50__psi0p00,hardzero_only,0.0,39,1066,0.0,1,0.42000002,0.42000002,1.0256001,0.094275735,0.094275735,1.0,0.0,0.0,-27.472147,2.2563653,0.7521218,0.17,0.0,0.15491056,0.0,0.0,3414400
hardzero_only__c0p58__z1p05__lam0p000__nu0p50__psi0p00,hardzero_only,0.0,39,1067,0.0,1,0.42000002,0.42000002,1.0036281,0.09916806,0.09916806,1.0,0.0,0.0,-26.334501,2.208026,0.73600864,0.15200001,0.0,0.1322926,0.0,0.0,3417600
hardzero_only__c0p58__z1p05__lam0p000__nu0p50__psi0p00,hardzero_only,0.0,39,1068,0.0,1,0.42000002,0.42000002,1.0656468,0.0,0.085971236,0.0,0.0,0.0,-27.530384,2.3444698,0.78148997,0.15200001,0.0,0.15873393,0.0,0.0,3420800
hardzero_only__c0p58__z1p05__lam0p000__nu0p50__psi0p00,hardzero_only,0.0,39,1069,0.0,1,0.42000002,0.42000002,0.9998734,0.100029156,0.100029156,1.0,0.0,0.0,-26.85621,2.1997654,0.73325515,0.208,0.008,0.14953774,0.0,0.0,3424000
hardzero_only__c0p58__z1p05__lam0p000__nu0p50__psi0p00,hardzero_only,0.0,39,1070,0.0,1,0.42000002,0.42000002,1.1005014,0.0,0.07934116,0.0,0.0,0.0,-28.683294,2.4211514,0.80705047,0.120000005,0.0,0.18101466,0.0,0.0,3427200
hardzero_only__c0p58__z1p05__lam0p000__nu0p50__psi0p00,hardzero_only,0.0,39,1071,0.0,1,0.42000002,0.42000002,1.0368109,0.09187326,0.09187326,1.0,0.0,0.0,-26.993351,2.2810295,0.7603432,0.136,0.0,0.14708702,0.0,0.0,3430400
hardzero_only__c0p58__z1p05__lam0p000__nu0p50__psi0p00,hardzero_only,0.0,39,1072,0.0,1,0.42000002,0.42000002,1.0777303,0.0,0.08361221,0.0,0.0,0.0,-28.175495,2.371054,0.79035133,0.18400002,0.0,0.13368958,0.0,0.0,3433600
hardzero_only__c0p58__z1p05__lam0p000__nu0p50__psi0p00,hardzero_only,0.0,39,1073,0.0,1,0.42000002,0.42000002,1.0206953,0.09534649,0.09534649,1.0,0.0,0.0,-26.629763,2.2455745,0.74852484,0.16800001,0.0,0.12959103,0.0,0.0,3436800
hardzero_only__c0p58__z1p05__lam0p000__nu0p50__psi0p00,hardzero_only,0.0,39,1074,0.0,1,0.42000002,0.42000002,1.0617291,0.0,0.08675029,0.0,0.0,0.0,-28.26992,2.3358505,0.77861685,0.128,0.0,0.16137265,0.0,0.0,3440000
hardzero_only__c0p58__z1p05__lam0p000__nu0p50__psi0p00,hardzero_only,0.0,39,1075,0.0,1,0.42000002,0.42000002,1.0745863,0.0,0.08421971,0.0,0.0,0.0,-27.581919,2.364137,0.78804564,0.120000005,0.0,0.15380447,0.0,0.0,3443200
hardzero_only__c0p58__z1p05__lam0p000__nu0p50__psi0p00,hardzero_only,0.0,39,1076,0.0,1,0.42000002,0.42000002,1.0448736,0.09018335,0.09018335,1.0,0.0,0.0,-27.798958,2.2987678,0.766256,0.15200001,0.0,0.17310593,0.0,0.0,3446400
hardzero_only__c0p58__z1p05__lam0p000__nu0p50__psi0p00,hardzero_only,0.0,39,1077,0.0,1,0.42000002,0.42000002,1.0034797,0.09920197,0.09920197,1.0,0.0,0.0,-26.349768,2.2076995,0.73589987,0.15200001,0.0,0.15873861,0.0,0.0,3449600
hardzero_only__c0p58__z1p05__lam0p000__nu0p50__psi0p00,hardzero_only,0.0,39,1078,0.0,1,0.42000002,0.42000002,1.0391445,0.0913809,0.0913809,1.0,0.0,0.0,-27.630842,2.2861636,0.76205456,0.18400002,0.0,0.13817813,0.0,0.0,3452800
hardzero_only__c0p58__z1p05__lam0p000__nu0p50__psi0p00,hardzero_only,0.0,39,1079,0.0,1,0.42000002,0.42000002,1.0161467,0.096350364,0.096350364,1.0,0.0,0.0,-27.656044,2.2355673,0.74518913,0.19999999,0.0,0.14398578,0.0,0.0,3456000
hardzero_only__c0p58__z1p05__lam0p000__nu0p50__psi0p00,hardzero_only,0.0,39,1080,0.0,1,0.42000002,0.42000002,1.0739567,0.0,0.084341876,0.0,0.0,0.0,-28.412268,2.362752,0.787584,0.128,0.0,0.14615828,0.0,0.0,3459200
hardzero_only__c0p58__z1p05__lam0p000__nu0p50__psi0p00,hardzero_only,0.0,39,1081,0.0,1,0.42000002,0.42000002,1.0820423,0.0,0.082786135,0.0,0.0,0.0,-28.367962,2.3805406,0.79351354,0.112,0.0,0.1842242,0.0,0.0,3462400
hardzero_only__c0p58__z1p05__lam0p000__nu0p50__psi0p00,hardzero_only,0.0,39,1082,0.0,1,0.42000002,0.42000002,1.0103527,0.09764438,0.09764438,1.0,0.0,0.0,-26.83783,2.2228203,0.7409401,0.128,0.0,0.13999054,0.0,0.0,3465600
hardzero_only__c0p58__z1p05__lam0p000__nu0p50__psi0p00,hardzero_only,0.0,39,1083,0.0,1,0.42000002,0.42000002,0.9866485,0.103122026,0.103122026,1.0,0.0,0.0,-26.131386,2.17067,0.7235567,0.17600001,0.0,0.15141207,0.0,0.0,3468800
hardzero_only__c0p58__z1p05__lam0p000__nu0p50__psi0p00,hardzero_only,0.0,39,1084,0.0,1,0.42000002,0.42000002,1.0438672,0.09039258,0.09039258,1.0,0.0,0.0,-27.550268,2.2965539,0.76551795,0.15200001,0.0,0.15487936,0.0,0.0,3472000
hardzero_only__c0p58__z1p05__lam0p000__nu0p50__psi0p00,hardzero_only,0.0,39,1085,0.0,1,0.42000002,0.42000002,1.0067616,0.09845516,0.09845516,1.0,0.0,0.0,-27.495918,2.2149196,0.7383065,0.16000001,0.0,0.15707703,0.0,0.0,3475200
hardzero_only__c0p58__z1p05__lam0p000__nu0p50__psi0p00,hardzero_only,0.0,39,1086,0.0,1,0.42000002,0.42000002,1.0586729,0.0,0.0873629,0.0,0.0,0.0,-27.524672,2.3291268,0.77637565,0.136,0.0,0.1610793,0.0,0.0,3478400
hardzero_only__c0p58__z1p05__lam0p000__nu0p50__psi0p00,hardzero_only,0.0,39,1087,0.0,1,0.42000002,0.42000002,1.1176288,0.0,0.076273054,0.0,0.0,0.0,-28.677677,2.4588325,0.81961083,0.120000005,0.0,0.17027295,0.0,0.0,3481600
hardzero_only__c0p58__z1p05__lam0p000__nu0p50__psi0p00,hardzero_only,0.0,39,1088,0.0,1,0.42000002,0.42000002,1.0164127,0.09629134,0.09629134,1.0,0.0,0.0,-26.179403,2.2361526,0.7453842,0.128,0.0,0.12998192,0.0,0.0,3484800
hardzero_only__c0p58__z1p05__lam0p000__nu0p50__psi0p00,hardzero_only,0.0,39,1089,0.0,1,0.42000002,0.42000002,1.0286577,0.09361433,0.09361433,1.0,0.0,0.0,-27.823416,2.263092,0.754364,0.15200001,0.0,0.13215521,0.0,0.0,3488000
hardzero_only__c0p58__z1p05__lam0p000__nu0p50__psi0p00,hardzero_only,0.0,39,1090,0.0,1,0.42000002,0.42000002,1.0338467,0.09250245,0.09250245,1.0,0.0,0.0,-26.526928,2.2745082,0.7581694,0.128,0.0,0.14119557,0.0,0.0,3491200
hardzero_only__c0p58__z1p05__lam0p000__nu0p50__psi0p00,hardzero_only,0.0,39,1091,0.0,1,0.42000002,0.42000002,1.0100607,0.097710066,0.097710066,1.0,0.0,0.0,-27.07451,2.2221777,0.74072593,0.120000005,0.0,0.15374704,0.0,0.0,3494400
hardzero_only__c0p58__z1p05__lam0p000__nu0p50__psi0p00,hardzero_only,0.0,39,1092,0.0,1,0.42000002,0.42000002,1.0181621,0.09590426,0.09590426,1.0,0.0,0.0,-26.489614,2.2400014,0.74666715,0.14999999,0.0,0.13910191,0.0,0.0,3497600
hardzero_only__c0p58__z1p05__lam0p000__nu0p50__psi0p00,hardzero_only,0.0,39,1093,0.0,1,0.42000002,0.42000002,1.0473137,0.089678094,0.089678094,1.0,0.0,0.0,-27.70549,2.304136,0.76804537,0.128,0.0,0.15151149,0.0,0.0,3500800
hardzero_only__c0p58__z1p05__lam0p000__nu0p50__psi0p00,hardzero_only,0.0,39,1094,0.0,1,0.42000002,0.42000002,1.0849981,0.0,0.082224615,0.0,0.0,0.0,-27.840933,2.3870435,0.7956812,0.16000001,0.0,0.16474429,0.0,0.0,3504000
hardzero_only__c0p58__z1p05__lam0p000__nu0p50__psi0p00,hardzero_only,0.0,39,1095,0.0,1,0.42000002,0.42000002,1.1154234,0.0,0.07666136,0.0,0.0,0.0,-28.323643,2.4539804,0.8179935,0.128,0.0,0.2259594,0.0,0.0,3507200
hardzero_only__c0p58__z1p05__lam0p000__nu0p50__psi0p00,hardzero_only,0.0,39,1096,0.0,1,0.42000002,0.42000002,1.0384738,0.09152214,0.09152214,1.0,0.0,0.0,-27.607056,2.284688,0.7615627,0.17600001,0.0,0.14592871,0.0,0.0,3510400
hardzero_only__c0p58__z1p05__lam0p000__nu0p50__psi0p00,hardzero_only,0.0,39,1097,0.0,1,0.42000002,0.42000002,1.01904,0.0957106,0.0957106,1.0,0.0,0.0,-26.580822,2.2419326,0.7473109,0.120000005,0.0,0.1192842,0.0,0.0,3513600
hardzero_only__c0p58__z1p05__lam0p000__nu0p50__psi0p00,hardzero_only,0.0,39,1098,0.0,1,0.42000002,0.42000002,1.0252103,0.094360396,0.094360396,1.0,0.0,0.0,-27.194075,2.2555077,0.75183594,0.224,0.0,0.14411677,0.0,0.0,3516800
hardzero_only__c0p58__z1p05__lam0p000__nu0p50__psi0p00,hardzero_only,0.0,39,1099,0.0,1,0.42000002,0.42000002,0.98865443,0.10264684,0.10264684,1.0,0.0,0.0,-26.265835,2.1750832,0.72502774,0.15200001,0.0,0.13183698,0.0,0.0,3520000
hardzero_only__c0p58__z1p05__lam0p000__nu0p50__psi0p00,hardzero_only,0.0,39,1100,0.0,1,0.42000002,0.42000002,1.0683998,0.0,0.085428,0.0,0.0,0.0,-27.76112,2.3505266,0.7835089,0.14400001,0.0,0.16655985,0.0,0.0,3523200
hardzero_only__c0p58__z1p05__lam0p000__nu0p50__psi0p00,hardzero_only,0.0,39,1101,0.0,1,0.42000002,0.42000002,1.0015768,0.09963759,0.09963759,1.0,0.0,0.0,-26.969778,2.203513,0.73450434,0.15200001,0.0,0.14467134,0.0,0.0,3526400
hardzero_only__c0p58__z1p05__lam0p000__nu0p50__psi0p00,hardzero_only,0.0,39,1102,0.0,1,0.42000002,0.42000002,1.0811079,0.0,0.082964465,0.0,0.0,0.0,-27.639208,2.3784847,0.79282826,0.14400001,0.0,0.14924185,0.0,0.0,3529600
hardzero_only__c0p58__z1p05__lam0p000__nu0p50__psi0p00,hardzero_only,0.0,39,1103,0.0,1,0.42000002,0.42000002,1.0202001,0.09545525,0.09545525,1.0,0.0,0.0,-26.765228,2.2444851,0.74816173,0.18400002,0.0,0.13116851,0.0,0.0,3532800
hardzero_only__c0p58__z1p05__lam0p000__nu0p50__psi0p00,hardzero_only,0.0,39,1104,0.0,1,0.42000002,0.42000002,1.004496,0.0989701,0.0989701,1.0,0.0,0.0,-26.91507,2.2099352,0.7366451,0.18400002,0.0,0.13541716,0.0,0.0,3536000
hardzero_only__c0p58__z1p05__lam0p000__nu0p50__psi0p00,hardzero_only,0.0,39,1105,0.0,1,0.42000002,0.42000002,1.1283233,0.0,0.07441778,0.0,0.0,0.0,-29.011831,2.4823608,0.8274536,0.11,0.0,0.20437257,0.0,0.0,3539200
hardzero_only__c0p58__z1p05__lam0p000__nu0p50__psi0p00,hardzero_only,0.0,39,1106,0.0,1,0.42000002,0.42000002,1.0215116,0.09516745,0.09516745,1.0,0.0,0.0,-26.080376,2.2473702,0.74912345,0.15200001,0.0,0.13565814,0.0,0.0,3542400
hardzero_only__c0p58__z1p05__lam0p000__nu0p50__psi0p00,hardzero_only,0.0,39,1107,0.0,1,0.42000002,0.42000002,1.0948288,0.0,0.08038427,0.0,0.0,0.0,-28.793348,2.4086716,0.80289054,0.120000005,0.0,0.17742541,0.0,0.0,3545600
hardzero_only__c0p58__z1p05__lam0p000__nu0p50__psi0p00,hardzero_only,0.0,39,1108,0.0,1,0.42000002,0.42000002,1.0559307,0.0,0.08791626,0.0,0.0,0.0,-27.51408,2.323094,0.77436465,0.104,0.0,0.17256215,0.0,0.0,3548800
hardzero_only__c0p58__z1p05__lam0p000__nu0p50__psi0p00,hardzero_only,0.0,39,1109,0.0,1,0.42000002,0.42000002,1.0359405,0.09205757,0.09205757,1.0,0.0,0.0,-28.034145,2.2791147,0.75970495,0.16800001,0.0,0.13293533,0.0,0.0,3552000
hardzero_only__c0p58__z1p05__lam0p000__nu0p50__psi0p00,hardzero_only,0.0,39,1110,0.0,1,0.42000002,0.42000002,1.0177131,0.09600347,0.09600347,1.0,0.0,0.0,-26.322428,2.2390134,0.74633783,0.16800001,0.0,0.1270619,0.0,0.0,3555200
hardzero_only__c0p58__z1p05__lam0p000__nu0p50__psi0p00,hardzero_only,0.0,39,1111,0.0,1,0.42000002,0.42000002,1.0298514,0.09335736,0.09335736,1.0,0.0,0.0,-27.418732,2.2657185,0.7552395,0.16000001,0.0,0.1438034,0.0,0.0,3558400
hardzero_only__c0p58__z1p05__lam0p000__nu0p50__psi0p00,hardzero_only,0.0,39,1112,0.0,1,0.42000002,0.42000002,0.99730116,0.10062337,0.10062337,1.0,0.0,0.0,-26.553324,2.1941063,0.7313688,0.16800001,0.0,0.14646533,0.0,0.0,3561600
hardzero_only__c0p58__z1p05__lam0p000__nu0p50__psi0p00,hardzero_only,0.0,39,1113,0.0,1,0.42000002,0.42000002,1.0673126,0.0,0.08564211,0.0,0.0,0.0,-27.761248,2.3481345,0.7827115,0.16000001,0.0,0.16654508,0.0,0.0,3564800
hardzero_only__c0p58__z1p05__lam0p000__nu0p50__psi0p00,hardzero_only,0.0,39,1114,0.0,1,0.42000002,0.42000002,1.0481937,0.08949656,0.08949656,1.0,0.0,0.0,-27.43026,2.3060722,0.76869076,0.16800001,0.0,0.16538753,0.0,0.0,3568000
hardzero_only__c0p58__z1p05__lam0p000__nu0p50__psi0p00,hardzero_only,0.0,39,1115,0.0,1,0.42000002,0.42000002,1.0438658,0.090392865,0.090392865,1.0,0.0,0.0,-27.788391,2.2965505,0.7655169,0.120000005,0.0,0.14796096,0.0,0.0,3571200
hardzero_only__c0p58__z1p05__lam0p000__nu0p50__psi0p00,hardzero_only,0.0,39,1116,0.0,1,0.42000002,0.42000002,1.0291991,0.09349767,0.09349767,1.0,0.0,0.0,-26.498224,2.2642832,0.7547611,0.15200001,0.0,0.1522555,0.0,0.0,3574400
hardzero_only__c0p58__z1p05__lam0p000__nu0p50__psi0p00,hardzero_only,0.0,39,1117,0.0,1,0.42000002,0.42000002,0.97701883,0.105434105,0.105434105,1.0,0.0,0.0,-25.06169,2.1494844,0.7164948,0.16000001,0.0,0.11552844,0.0,0.0,3577600
hardzero_only__c0p58__z1p05__lam0p000__nu0p50__psi0p00,hardzero_only,0.0,39,1118,0.0,1,0.42000002,0.42000002,1.0105343,0.09760358,0.09760358,1.0,0.0,0.0,-27.015982,2.2232199,0.7410733,0.24,0.0,0.12688348,0.0,0.0,3580800
hardzero_only__c0p58__z1p05__lam0p000__nu0p50__psi0p00,hardzero_only,0.0,39,1119,0.0,1,0.42000002,0.42000002,1.0416583,0.090853505,0.090853505,1.0,0.0,0.0,-26.541983,2.291694,0.763898,0.136,0.0,0.116017,0.0,0.0,3584000
hardzero_only__c0p58__z1p05__lam0p000__nu0p50__psi0p00,hardzero_only,0.0,39,1120,0.0,1,0.42000002,0.42000002,1.0551354,0.0,0.088077426,0.0,0.0,0.0,-27.703669,2.3213441,0.7737814,0.17600001,0.0,0.14714676,0.0,0.0,3587200
hardzero_only__c0p58__z1p05__lam0p000__nu0p50__psi0p00,hardzero_only,0.0,39,1121,0.0,1,0.42000002,0.42000002,1.0514293,0.0,0.08883225,0.0,0.0,0.0,-27.077213,2.3131907,0.77106357,0.16000001,0.0,0.19372362,0.0,0.0,3590400
hardzero_only__c0p58__z1p05__lam0p000__nu0p50__psi0p00,hardzero_only,0.0,39,1122,0.0,1,0.42000002,0.42000002,1.0361205,0.09201942,0.09201942,1.0,0.0,0.0,-27.39116,2.2795107,0.7598369,0.18400002,0.0,0.15534182,0.0,0.0,3593600
hardzero_only__c0p58__z1p05__lam0p000__nu0p50__psi0p00,hardzero_only,0.0,39,1123,0.0,1,0.42000002,0.42000002,0.9844835,0.10363741,0.10363741,1.0,0.0,0.0,-25.81741,2.165907,0.721969,0.16000001,0.0,0.11350538,0.0,0.0,3596800
hardzero_only__c0p58__z1p05__lam0p000__nu0p50__psi0p00,hardzero_only,0.0,39,1124,0.0,1,0.42000002,0.42000002,1.081164,0.0,0.08295374,0.0,0.0,0.0,-28.2646,2.3786082,0.79286945,0.120000005,0.0,0.15906993,0.0,0.0,3600000
hardzero_only__c0p58__z1p05__lam0p000__nu0p50__psi0p00,hardzero_only,0.0,39,1125,0.0,1,0.42000002,0.42000002,0.94802266,0.112713866,0.112713866,1.0,0.0,0.0,-26.683052,2.0856915,0.6952305,0.224,0.008,0.14812501,0.0,0.0,3603200
hardzero_only__c0p58__z1p05__lam0p000__nu0p50__psi0p00,hardzero_only,0.0,39,1126,0.0,1,0.42000002,0.42000002,1.0759699,0.0,0.08395181,0.0,0.0,0.0,-28.15408,2.367181,0.78906035,0.128,0.0,0.16500047,0.0,0.0,3606400
hardzero_only__c0p58__z1p05__lam0p000__nu0p50__psi0p00,hardzero_only,0.0,39,1127,0.0,1,0.42000002,0.42000002,1.0317266,0.09295514,0.09295514,1.0,0.0,0.0,-27.782263,2.2698438,0.7566146,0.104,0.0,0.13900968,0.0,0.0,3609600
hardzero_only__c0p58__z1p05__lam0p000__nu0p50__psi0p00,hardzero_only,0.0,39,1128,0.0,1,0.42000002,0.42000002,1.0266778,0.094042055,0.094042055,1.0,0.0,0.0,-27.388155,2.2587364,0.75291216,0.17600001,0.0,0.16198114,0.0,0.0,3612800
hardzero_only__c0p58__z1p05__lam0p000__nu0p50__psi0p00,hardzero_only,0.0,39,1129,0.0,1,0.42000002,0.42000002,1.0496846,0.08918984,0.08918984,1.0,0.0,0.0,-27.511503,2.3093524,0.76978415,0.136,0.0,0.15251087,0.0,0.0,3616000
hardzero_only__c0p58__z1p05__lam0p000__nu0p50__psi0p00,hardzero_only,0.0,39,1130,0.0,1,0.42000002,0.42000002,1.0322944,0.09283368,0.09283368,1.0,0.0,0.0,-27.344923,2.2710931,0.7570311,0.136,0.0,0.14311735,0.0,0.0,3619200
hardzero_only__c0p58__z1p05__lam0p000__nu0p50__psi0p00,hardzero_only,0.0,39,1131,0.0,1,0.42000002,0.42000002,0.97752136,0.10531219,0.10531219,1.0,0.0,0.0,-25.39082,2.15059,0.71686333,0.22999999,0.0,0.123673126,0.0,0.0,3622400
hardzero_only__c0p58__z1p05__lam0p000__nu0p50__psi0p00,hardzero_only,0.0,39,1132,0.0,1,0.42000002,0.42000002,1.0375062,0.09172629,0.09172629,1.0,0.0,0.0,-27.641514,2.2825592,0.76085305,0.120000005,0.0,0.18393819,0.0,0.0,3625600
hardzero_only__c0p58__z1p05__lam0p000__nu0p50__psi0p00,hardzero_only,0.0,39,1133,0.0,1,0.42000002,0.42000002,1.0165143,0.096268825,0.096268825,1.0,0.0,0.0,-26.905767,2.236376,0.7454587,0.14400001,0.0,0.13121462,0.0,0.0,3628800
hardzero_only__c0p58__z1p05__lam0p000__nu0p50__psi0p00,hardzero_only,0.0,39,1134,0.0,1,0.42000002,0.42000002,1.00382,0.09912428,0.09912428,1.0,0.0,0.0,-25.997913,2.208448,0.7361493,0.18400002,0.0,0.15441182,0.0,0.0,3632000
hardzero_only__c0p58__z1p05__lam0p000__nu0p50__psi0p00,hardzero_only,0.0,39,1135,0.0,1,0.42000002,0.42000002,1.0351813,0.09221864,0.09221864,1.0,0.0,0.0,-27.46588,2.2774444,0.7591481,0.17600001,0.0,0.17341074,0.0,0.0,3635200
hardzero_only__c0p58__z1p05__lam0p000__nu0p50__psi0p00,hardzero_only,0.0,39,1136,0.0,1,0.42000002,0.42000002,1.0112944,0.097432904,0.097432904,1.0,0.0,0.0,-27.04272,2.224892,0.7416307,0.16000001,0.0,0.13611947,0.0,0.0,3638400
hardzero_only__c0p58__z1p05__lam0p000__nu0p50__psi0p00,hardzero_only,0.0,39,1137,0.0,1,0.42000002,0.42000002,0.9953354,0.10107986,0.10107986,1.0,0.0,0.0,-25.633322,2.1897817,0.72992724,0.17600001,0.0,0.12742752,0.0,0.0,3641600
hardzero_only__c0p58__z1p05__lam0p000__nu0p50__psi0p00,hardzero_only,0.0,39,1138,0.0,1,0.42000002,0.42000002,0.9646594,0.10847772,0.10847772,1.0,0.0,0.0,-25.739649,2.122293,0.707431,0.18400002,0.0,0.13042302,0.0,0.0,3644800
hardzero_only__c0p58__z1p05__lam0p000__nu0p50__psi0p00,hardzero_only,0.0,39,1139,0.0,1,0.42000002,0.42000002,1.0098499,0.09775749,0.09775749,1.0,0.0,0.0,-25.778965,2.2217143,0.74057144,0.15200001,0.0,0.14836088,0.0,0.0,3648000
hardzero_only__c0p58__z1p05__lam0p000__nu0p50__psi0p00,hardzero_only,0.0,39,1140,0.0,1,0.42000002,0.42000002,1.0275182,0.09386028,0.09386028,1.0,0.0,0.0,-26.939444,2.260585,0.75352836,0.15200001,0.0,0.15158747,0.0,0.0,3651200
hardzero_only__c0p58__z1p05__lam0p000__nu0p50__psi0p00,hardzero_only,0.0,39,1141,0.0,1,0.42000002,0.42000002,1.0759598,0.0,0.08395377,0.0,0.0,0.0,-27.932457,2.367159,0.78905296,0.112,0.0,0.17438076,0.0,0.0,3654400
hardzero_only__c0p58__z1p05__lam0p000__nu0p50__psi0p00,hardzero_only,0.0,39,1142,0.0,1,0.42000002,0.42000002,0.9746869,0.10600175,0.10600175,1.0,0.0,0.0,-25.515608,2.144354,0.71478474,0.18400002,0.0,0.120173216,0.0,0.0,3657600
hardzero_only__c0p58__z1p05__lam0p000__nu0p50__psi0p00,hardzero_only,0.0,39,1143,0.0,1,0.42000002,0.42000002,1.0278989,0.09377803,0.09377803,1.0,0.0,0.0,-26.604479,2.2614229,0.75380766,0.16000001,0.0,0.14985022,0.0,0.0,3660800
hardzero_only__c0p58__z1p05__lam0p000__nu0p50__psi0p00,hardzero_only,0.0,39,1144,0.0,1,0.42000002,0.42000002,1.0970038,0.0,0.07998271,0.0,0.0,0.0,-28.653887,2.4134567,0.80448556,0.099999994,0.0,0.14891243,0.0,0.0,3664000
hardzero_only__c0p58__z1p05__lam0p000__nu0p50__psi0p00,hardzero_only,0.0,39,1145,0.0,1,0.42000002,0.42000002,1.0289072,0.093560554,0.093560554,1.0,0.0,0.0,-26.7622,2.2636409,0.754547,0.120000005,0.0,0.13005072,0.0,0.0,3667200
hardzero_only__c0p58__z1p05__lam0p000__nu0p50__psi0p00,hardzero_only,0.0,39,1146,0.0,1,0.42000002,0.42000002,0.9887449,0.10262546,0.10262546,1.0,0.0,0.0,-26.831142,2.1752822,0.7250941,0.192,0.0,0.14812231,0.0,0.0,3670400
hardzero_only__c0p58__z1p05__lam0p000__nu0p50__psi0p00,hardzero_only,0.0,39,1147,0.0,1,0.42000002,0.42000002,1.0302001,0.09328243,0.09328243,1.0,0.0,0.0,-26.716946,2.2664855,0.7554952,0.104,0.0,0.12370105,0.0,0.0,3673600
hardzero_only__c0p58__z1p05__lam0p000__nu0p50__psi0p00,hardzero_only,0.0,39,1148,0.0,1,0.42000002,0.42000002,1.0343422,0.09239698,0.09239698,1.0,0.0,0.0,-26.680061,2.2755983,0.75853276,0.14400001,0.0,0.13364062,0.0,0.0,3676800
hardzero_only__c0p58__z1p05__lam0p000__nu0p50__psi0p00,hardzero_only,0.0,39,1149,0.0,1,0.42000002,0.42000002,1.0674475,0.0,0.0856155,0.0,0.0,0.0,-28.192568,2.3484316,0.78281057,0.16000001,0.0,0.14761764,0.0,0.0,3680000
hardzero_only__c0p58__z1p05__lam0p000__nu0p50__psi0p00,hardzero_only,0.0,39,1150,0.0,1,0.42000002,0.42000002,1.0640885,0.0,0.08628027,0.0,0.0,0.0,-27.966179,2.3410413,0.7803471,0.18400002,0.0,0.15472169,0.0,0.0,3683200
hardzero_only__c0p58__z1p05__lam0p000__nu0p50__psi0p00,hardzero_only,0.0,39,1151,0.0,1,0.42000002,0.42000002,1.0205796,0.0953719,0.0953719,1.0,0.0,0.0,-27.287931,2.2453198,0.74843997,0.16800001,0.0,0.14802636,0.0,0.0,3686400
hardzero_only__c0p58__z1p05__lam0p000__nu0p50__psi0p00,hardzero_only,0.0,39,1152,0.0,1,0.42000002,0.42000002,1.0033932,0.09922174,0.09922174,1.0,0.0,0.0,-26.78888,2.207509,0.7358364,0.16800001,0.0,0.13161804,0.0,0.0,3689600
hardzero_only__c0p58__z1p05__lam0p000__nu0p50__psi0p00,hardzero_only,0.0,39,1153,0.0,1,0.42000002,0.42000002,1.0540708,0.0,0.08829359,0.0,0.0,0.0,-27.249138,2.3190022,0.7730007,0.14400001,0.008,0.17715248,0.0,0.0,3692800
hardzero_only__c0p58__z1p05__lam0p000__nu0p50__psi0p00,hardzero_only,0.0,39,1154,0.0,1,0.42000002,0.42000002,1.0666846,0.0,0.08576604,0.0,0.0,0.0,-27.863888,2.346753,0.782251,0.08800001,0.0,0.14283784,0.0,0.0,3696000
hardzero_only__c0p58__z1p05__lam0p000__nu0p50__psi0p00,hardzero_only,0.0,39,1155,0.0,1,0.42000002,0.42000002,1.0170382,0.09615276,0.09615276,1.0,0.0,0.0,-26.133623,2.2375288,0.74584293,0.128,0.0,0.14410754,0.0,0.0,3699200
hardzero_only__c0p58__z1p05__lam0p000__nu0p50__psi0p00,hardzero_only,0.0,39,1156,0.0,1,0.42000002,0.42000002,1.0420643,0.09076861,0.09076861,1.0,0.0,0.0,-26.985336,2.2925873,0.7641958,0.104,0.0,0.145822,0.0,0.0,3702400
hardzero_only__c0p58__z1p05__lam0p000__nu0p50__psi0p00,hardzero_only,0.0,39,1157,0.0,1,0.42000002,0.42000002,0.9744719,0.106054254,0.106054254,1.0,0.0,0.0,-25.821486,2.143881,0.714627,0.14999999,0.0,0.15867999,0.0,0.0,3705600
hardzero_only__c0p58__z1p05__lam0p000__nu0p50__psi0p00,hardzero_only,0.0,39,1158,0.0,1,0.42000002,0.42000002,1.0514243,0.0,0.088833295,0.0,0.0,0.0,-27.60949,2.3131795,0.7710599,0.16000001,0.0,0.14045265,0.0,0.0,3708800
hardzero_only__c0p58__z1p05__lam0p000__nu0p50__psi0p00,hardzero_only,0.0,39,1159,0.0,1,0.42000002,0.42000002,1.1238031,0.0,0.07519636,0.0,0.0,0.0,-28.549885,2.4724164,0.8241388,0.120000005,0.0,0.17070122,0.0,0.0,3712000
hardzero_only__c0p58__z1p05__lam0p000__nu0p50__psi0p00,hardzero_only,0.0,39,1160,0.0,1,0.42000002,0.42000002,1.0114448,0.09739916,0.09739916,1.0,0.0,0.0,-25.829857,2.225223,0.74174106,0.17600001,0.0,0.12965606,0.0,0.0,3715200
hardzero_only__c0p58__z1p05__lam0p000__nu0p50__psi0p00,hardzero_only,0.0,39,1161,0.0,1,0.42000002,0.42000002,1.0160326,0.09637568,0.09637568,1.0,0.0,0.0,-26.688292,2.2353163,0.74510545,0.14400001,0.0,0.13897723,0.0,0.0,3718400
hardzero_only__c0p58__z1p05__lam0p000__nu0p50__psi0p00,hardzero_only,0.0,39,1162,0.0,1,0.42000002,0.42000002,1.0480702,0.08952199,0.08952199,1.0,0.0,0.0,-27.314827,2.3058004,0.76860017,0.16800001,0.0,0.16503541,0.0,0.0,3721600
hardzero_only__c0p58__z1p05__lam0p000__nu0p50__psi0p00,hardzero_only,0.0,39,1163,0.0,1,0.42000002,0.42000002,1.0427274,0.09063013,0.09063013,1.0,0.0,0.0,-27.019638,2.294046,0.764682,0.128,0.0,0.15704113,0.0,0.0,3724800
hardzero_only__c0p58__z1p05__lam0p000__nu0p50__psi0p00,hardzero_only,0.0,39,1164,0.0,1,0.42000002,0.42000002,1.0236453,0.09470103,0.09470103,1.0,0.0,0.0,-26.641932,2.2520647,0.75068825,0.072000004,0.0,0.13996026,0.0,0.0,3728000
hardzero_only__c0p58__z1p05__lam0p000__nu0p50__psi0p00,hardzero_only,0.0,39,1165,0.0,1,0.42000002,0.42000002,1.0452446,0.09010637,0.09010637,1.0,0.0,0.0,-27.245193,2.299584,0.766528,0.17600001,0.0,0.13870285,0.0,0.0,3731200
hardzero_only__c0p58__z1p05__lam0p000__nu0p50__psi0p00,hardzero_only,0.0,39,1166,0.0,1,0.42000002,0.42000002,1.0440395,0.09035673,0.09035673,1.0,0.0,0.0,-27.773376,2.2969327,0.76564425,0.16800001,0.0,0.12239909,0.0,0.0,3734400
hardzero_only__c0p58__z1p05__lam0p000__nu0p50__psi0p00,hardzero_only,0.0,39,1167,0.0,1,0.42000002,0.42000002,0.98288894,0.104018606,0.104018606,1.0,0.0,0.0,-26.043467,2.1623988,0.7207996,0.18400002,0.0,0.1299831,0.0,0.0,3737600
hardzero_only__c0p58__z1p05__lam0p000__nu0p50__psi0p00,hardzero_only,0.0,39,1168,0.0,1,0.42000002,0.42000002,1.0608244,0.0,0.086931184,0.0,0.0,0.0,-27.865492,2.3338602,0.7779534,0.120000005,0.008,0.14653377,0.0,0.0,3740800
hardzero_only__c0p58__z1p05__lam0p000__nu0p50__psi0p00,hardzero_only,0.0,39,1169,0.0,1,0.42000002,0.42000002,1.0498235,0.089161314,0.089161314,1.0,0.0,0.0,-26.94325,2.3096578,0.76988596,0.216,0.0,0.15806404,0.0,0.0,3744000
hardzero_only__c0p58__z1p05__lam0p000__nu0p50__psi0p00,hardzero_only,0.0,39,1170,0.0,1,0.42000002,0.42000002,1.0429572,0.0905822,0.0905822,1.0,0.0,0.0,-27.388014,2.2945516,0.76485056,0.13,0.0,0.14799586,0.0,0.0,3747200
hardzero_only__c0p58__z1p05__lam0p000__nu0p50__psi0p00,hardzero_only,0.0,39,1171,0.0,1,0.42000002,0.42000002,1.0702912,0.0,0.08505675,0.0,0.0,0.0,-28.189508,2.3546875,0.78489584,0.15200001,0.0,0.15757078,0.0,0.0,3750400
hardzero_only__c0p58__z1p05__lam0p000__nu0p50__psi0p00,hardzero_only,0.0,39,1172,0.0,1,0.42000002,0.42000002,1.1025418,0.0,0.078969285,0.0,0.0,0.0,-27.601768,2.4256403,0.8085468,0.14400001,0.0,0.15327398,0.0,0.0,3753600
hardzero_only__c0p58__z1p05__lam0p000__nu0p50__psi0p00,hardzero_only,0.0,39,1173,0.0,1,0.42000002,0.42000002,1.0824846,0.0,0.082701884,0.0,0.0,0.0,-27.925154,2.3815136,0.7938379,0.096,0.0,0.16275634,0.0,0.0,3756800
hardzero_only__c0p58__z1p05__lam0p000__nu0p50__psi0p00,hardzero_only,0.0,39,1174,0.0,1,0.42000002,0.42000002,1.0369284,0.0918484,0.0918484,1.0,0.0,0.0,-26.970638,2.2812881,0.7604294,0.14400001,0.0,0.1471564,0.0,0.0,3760000
hardzero_only__c0p58__z1p05__lam0p000__nu0p50__psi0p00,hardzero_only,0.0,39,1175,0.0,1,0.42000002,0.42000002,1.073925,0.0,0.08434803,0.0,0.0,0.0,-27.24629,2.362682,0.7875607,0.15200001,0.0,0.13970332,0.0,0.0,3763200
hardzero_only__c0p58__z1p05__lam0p000__nu0p50__psi0p00,hardzero_only,0.0,39,1176,0.0,1,0.42000002,0.42000002,1.0950282,0.0,0.08034741,0.0,0.0,0.0,-28.86186,2.40911,0.8030367,0.16000001,0.0,0.17221352,0.0,0.0,3766400
hardzero_only__c0p58__z1p05__lam0p000__nu0p50__psi0p00,hardzero_only,0.0,39,1177,0.0,1,0.42000002,0.42000002,1.0523475,0.0,0.08864464,0.0,0.0,0.0,-27.62747,2.3152108,0.771737,0.112,0.0,0.15549856,0.0,0.0,3769600
hardzero_only__c0p58__z1p05__lam0p000__nu0p50__psi0p00,hardzero_only,0.0,39,1178,0.0,1,0.42000002,0.42000002,0.99513626,0.10112622,0.10112622,1.0,0.0,0.0,-26.892776,2.1893435,0.72978115,0.216,0.0,0.14840357,0.0,0.0,3772800
hardzero_only__c0p58__z1p05__lam0p000__nu0p50__psi0p00,hardzero_only,0.0,39,1179,0.0,1,0.42000002,0.42000002,1.0074645,0.09829593,0.09829593,1.0,0.0,0.0,-27.066406,2.2164662,0.7388221,0.16000001,0.0,0.1450757,0.0,0.0,3776000
hardzero_only__c0p58__z1p05__lam0p000__nu0p50__psi0p00,hardzero_only,0.0,39,1180,0.0,1,0.42000002,0.42000002,1.0194278,0.095625184,0.095625184,1.0,0.0,0.0,-26.749908,2.242786,0.7475953,0.128,0.0,0.15085123,0.0,0.0,3779200
hardzero_only__c0p58__z1p05__lam0p000__nu0p50__psi0p00,hardzero_only,0.0,39,1181,0.0,1,0.42000002,0.42000002,1.00603,0.09862114,0.09862114,1.0,0.0,0.0,-27.10201,2.2133102,0.7377701,0.120000005,0.0,0.13995394,0.0,0.0,3782400
hardzero_only__c0p58__z1p05__lam0p000__nu0p50__psi0p00,hardzero_only,0.0,39,1182,0.0,1,0.42000002,0.42000002,1.0661628,0.0,0.085869156,0.0,0.0,0.0,-28.526701,2.3456051,0.7818684,0.16000001,0.008,0.14866693,0.0,0.0,3785600
hardzero_only__c0p58__z1p05__lam0p000__nu0p50__psi0p00,hardzero_only,0.0,39,1183,0.0,1,0.42000002,0.42000002,0.998783,0.100280635,0.100280635,1.0,0.0,0.0,-26.509264,2.1973665,0.7324555,0.089999996,0.0,0.15152133,0.0,0.0,3788800
hardzero_only__c0p58__z1p05__lam0p000__nu0p50__psi0p00,hardzero_only,0.0,39,1184,0.0,1,0.42000002,0.42000002,1.086034,0.0,0.08202871,0.0,0.0,0.0,-28.665106,2.3893225,0.79644084,0.096,0.0,0.1424452,0.0,0.0,3792000
hardzero_only__c0p58__z1p05__lam0p000__nu0p50__psi0p00,hardzero_only,0.0,39,1185,0.0,1,0.42000002,0.42000002,1.0508302,0.0,0.08895488,0.0,0.0,0.0,-27.39484,2.3118727,0.7706243,0.080000006,0.0,0.11983038,0.0,0.0,3795200
hardzero_only__c0p58__z1p05__lam0p000__nu0p50__psi0p00,hardzero_only,0.0,39,1186,0.0,1,0.42000002,0.42000002,1.0527911,0.0,0.088554144,0.0,0.0,0.0,-27.277836,2.3161867,0.77206224,0.104,0.0,0.18321612,0.0,0.0,3798400
hardzero_only__c0p58__z1p05__lam0p000__nu0p50__psi0p00,hardzero_only,0.0,39,1187,0.0,1,0.42000002,0.42000002,1.0215071,0.09516843,0.09516843,1.0,0.0,0.0,-27.145555,2.2473605,0.7491202,0.16800001,0.0,0.13101488,0.0,0.0,3801600
hardzero_only__c0p58__z1p05__lam0p000__nu0p50__psi0p00,hardzero_only,0.0,39,1188,0.0,1,0.42000002,0.42000002,1.0237447,0.094679356,0.094679356,1.0,0.0,0.0,-26.895678,2.2522833,0.75076115,0.128,0.0,0.13631864,0.0,0.0,3804800
hardzero_only__c0p58__z1p05__lam0p000__nu0p50__psi0p00,hardzero_only,0.0,39,1189,0.0,1,0.42000002,0.42000002,1.0524719,0.0,0.08861925,0.0,0.0,0.0,-27.483452,2.3154843,0.7718281,0.080000006,0.0,0.15088569,0.0,0.0,3808000
hardzero_only__c0p58__z1p05__lam0p000__nu0p50__psi0p00,hardzero_only,0.0,39,1190,0.0,1,0.42000002,0.42000002,1.0977378,0.0,0.07984767,0.0,0.0,0.0,-28.193068,2.4150712,0.8050238,0.128,0.0,0.16484937,0.0,0.0,3811200
hardzero_only__c0p58__z1p05__lam0p000__nu0p50__psi0p00,hardzero_only,0.0,39,1191,0.0,1,0.42000002,0.42000002,1.0513926,0.0,0.08883978,0.0,0.0,0.0,-27.644648,2.3131099,0.7710366,0.15200001,0.0,0.15761113,0.0,0.0,3814400
hardzero_only__c0p58__z1p05__lam0p000__nu0p50__psi0p00,hardzero_only,0.0,39,1192,0.0,1,0.42000002,0.42000002,1.0087037,0.098015845,0.098015845,1.0,0.0,0.0,-26.640734,2.2191925,0.73973083,0.18400002,0.0,0.1164254,0.0,0.0,3817600
hardzero_only__c0p58__z1p05__lam0p000__nu0p50__psi0p00,hardzero_only,0.0,39,1193,0.0,1,0.42000002,0.42000002,1.0104195,0.09762937,0.09762937,1.0,0.0,0.0,-26.470999,2.2229674,0.74098915,0.128,0.0,0.13389611,0.0,0.0,3820800
hardzero_only__c0p58__z1p05__lam0p000__nu0p50__psi0p00,hardzero_only,0.0,39,1194,0.0,1,0.42000002,0.42000002,1.0465729,0.08983118,0.08983118,1.0,0.0,0.0,-27.2144,2.3025064,0.7675022,0.120000005,0.0,0.14763033,0.0,0.0,3824000
hardzero_only__c0p58__z1p05__lam0p000__nu0p50__psi0p00,hardzero_only,0.0,39,1195,0.0,1,0.42000002,0.42000002,1.0620644,0.0,0.086683325,0.0,0.0,0.0,-27.72196,2.3365884,0.77886283,0.17600001,0.008,0.15084158,0.0,0.0,3827200
hardzero_only__c0p58__z1p05__lam0p000__nu0p50__psi0p00,hardzero_only,0.0,39,1196,0.0,1,0.42000002,0.42000002,1.0153711,0.09652257,0.09652257,1.0,0.0,0.0,-26.981968,2.233861,0.7446203,0.19999999,0.01,0.1414861,0.0,0.0,3830400
hardzero_only__c0p58__z1p05__lam0p000__nu0p50__psi0p00,hardzero_only,0.0,39,1197,0.0,1,0.42000002,0.42000002,1.0604553,0.0,0.087005086,0.0,0.0,0.0,-27.76815,2.3330483,0.7776828,0.128,0.0,0.15842037,0.0,0.0,3833600
hardzero_only__c0p58__z1p05__lam0p000__nu0p50__psi0p00,hardzero_only,0.0,39,1198,0.0,1,0.42000002,0.42000002,1.0113603,0.09741811,0.09741811,1.0,0.0,0.0,-26.78318,2.225037,0.7416791,0.18400002,0.0,0.124853134,0.0,0.0,3836800
hardzero_only__c0p58__z1p05__lam0p000__nu0p50__psi0p00,hardzero_only,0.0,39,1199,0.0,1,0.42000002,0.42000002,1.0402918,0.09113982,0.09113982,1.0,0.0,0.0,-27.048737,2.2886877,0.76289594,0.096,0.0,0.13539833,0.0,0.0,3840000
hardzero_only__c0p58__z1p05__lam0p000__nu0p50__psi0p00,hardzero_only,0.0,39,1200,0.0,1,0.42000002,0.42000002,1.0620203,0.0,0.08669213,0.0,0.0,0.0,-27.97469,2.3364913,0.77883047,0.136,0.0,0.13861755,0.0,0.0,3843200
hardzero_only__c0p58__z1p05__lam0p000__nu0p50__psi0p00,hardzero_only,0.0,39,1201,0.0,1,0.42000002,0.42000002,1.0325227,0.09278489,0.09278489,1.0,0.0,0.0,-27.528105,2.2715952,0.75719845,0.18400002,0.0,0.15980347,0.0,0.0,3846400
hardzero_only__c0p58__z1p05__lam0p000__nu0p50__psi0p00,hardzero_only,0.0,39,1202,0.0,1,0.42000002,0.42000002,0.98017836,0.104669854,0.104669854,1.0,0.0,0.0,-26.049788,2.1564355,0.71881187,0.15200001,0.0,0.14348887,0.0,0.0,3849600
hardzero_only__c0p58__z1p05__lam0p000__nu0p50__psi0p00,hardzero_only,0.0,39,1203,0.0,1,0.42000002,0.42000002,0.98007035,0.10469588,0.10469588,1.0,0.0,0.0,-26.552057,2.1561978,0.7187326,0.208,0.0,0.16204949,0.0,0.0,3852800
hardzero_only__c0p58__z1p05__lam0p000__nu0p50__psi0p00,hardzero_only,0.0,39,1204,0.0,1,0.42000002,0.42000002,1.017053,0.096149474,0.096149474,1.0,0.0,0.0,-26.879267,2.2375612,0.7458538,0.14400001,0.0,0.11342239,0.0,0.0,3856000
hardzero_only__c0p58__z1p05__lam0p000__nu0p50__psi0p00,hardzero_only,0.0,39,1205,0.0,1,0.42000002,0.42000002,1.0397251,0.09125884,0.09125884,1.0,0.0,0.0,-28.152117,2.2874408,0.76248026,0.17600001,0.0,0.15057752,0.0,0.0,3859200
hardzero_only__c0p58__z1p05__lam0p000__nu0p50__psi0p00,hardzero_only,0.0,39,1206,0.0,1,0.42000002,0.42000002,1.0887604,0.0,0.08151539,0.0,0.0,0.0,-28.36952,2.3953207,0.7984402,0.120000005,0.0,0.21357621,0.0,0.0,3862400
hardzero_only__c0p58__z1p05__lam0p000__nu0p50__psi0p00,hardzero_only,0.0,39,1207,0.0,1,0.42000002,0.42000002,1.0075318,0.09828069,0.09828069,1.0,0.0,0.0,-26.030384,2.2166142,0.73887146,0.18400002,0.0,0.12594277,0.0,0.0,3865600
hardzero_only__c0p58__z1p05__lam0p000__nu0p50__psi0p00,hardzero_only,0.0,39,1208,0.0,1,0.42000002,0.42000002,1.0030645,0.09929686,0.09929686,1.0,0.0,0.0,-26.958399,2.206786,0.73559535,0.136,0.0,0.1513904,0.0,0.0,3868800
hardzero_only__c0p58__z1p05__lam0p000__nu0p50__psi0p00,hardzero_only,0.0,39,1209,0.0,1,0.42000002,0.42000002,0.98261595,0.10408402,0.10408402,1.0,0.0,0.0,-26.243916,2.1617982,0.7205994,0.17999999,0.0,0.126503,0.0,0.0,3872000
hardzero_only__c0p58__z1p05__lam0p000__nu0p50__psi0p00,hardzero_only,0.0,39,1210,0.0,1,0.42000002,0.42000002,1.0331727,0.09264612,0.09264612,1.0,0.0,0.0,-26.941885,2.2730255,0.7576752,0.128,0.0,0.14357293,0.0,0.0,3875200
hardzero_only__c0p58__z1p05__lam0p000__nu0p50__psi0p00,hardzero_only,0.0,39,1211,0.0,1,0.42000002,0.42000002,1.0474437,0.08965124,0.08965124,1.0,0.0,0.0,-26.9735,2.3044221,0.76814073,0.18400002,0.0,0.15103868,0.0,0.0,3878400
hardzero_only__c0p58__z1p05__lam0p000__nu0p50__psi0p00,hardzero_only,0.0,39,1212,0.0,1,0.42000002,0.42000002,0.99595314,0.10093618,0.10093618,1.0,0.0,0.0,-27.371454,2.1911407,0.73038024,0.17600001,0.0,0.14513317,0.0,0.0,3881600
hardzero_only__c0p58__z1p05__lam0p000__nu0p50__psi0p00,hardzero_only,0.0,39,1213,0.0,1,0.42000002,0.42000002,0.9878454,0.102838226,0.102838226,1.0,0.0,0.0,-25.990192,2.1733034,0.7244345,0.14400001,0.0,0.1361714,0.0,0.0,3884800
hardzero_only__c0p58__z1p05__lam0p000__nu0p50__psi0p00,hardzero_only,0.0,39,1214,0.0,1,0.42000002,0.42000002,1.0870825,0.0,0.08183093,0.0,0.0,0.0,-28.82913,2.3916292,0.79720974,0.112,0.0,0.16105108,0.0,0.0,3888000
hardzero_only__c0p58__z1p05__lam0p000__nu0p50__psi0p00,hardzero_only,0.0,39,1215,0.0,1,0.42000002,0.42000002,1.018868,0.09574851,0.09574851,1.0,0.0,0.0,-26.5754,2.2415543,0.74718475,0.112,0.0,0.11665713,0.0,0.0,3891200
hardzero_only__c0p58__z1p05__lam0p000__nu0p50__psi0p00,hardzero_only,0.0,39,1216,0.0,1,0.42000002,0.42000002,1.0799047,0.0,0.08319463,0.0,0.0,0.0,-27.306873,2.3758378,0.79194593,0.120000005,0.0,0.14392306,0.0,0.0,3894400
hardzero_only__c0p58__z1p05__lam0p000__nu0p50__psi0p00,hardzero_only,0.0,39,1217,0.0,1,0.42000002,0.42000002,0.998765,0.10028477,0.10028477,1.0,0.0,0.0,-26.760468,2.197327,0.7324423,0.14400001,0.0,0.12068534,0.0,0.0,3897600
hardzero_only__c0p58__z1p05__lam0p000__nu0p50__psi0p00,hardzero_only,0.0,39,1218,0.0,1,0.42000002,0.42000002,1.0243337,0.09455103,0.09455103,1.0,0.0,0.0,-26.724648,2.2535791,0.75119305,0.16800001,0.0,0.1600323,0.0,0.0,3900800
hardzero_only__c0p58__z1p05__lam0p000__nu0p50__psi0p00,hardzero_only,0.0,39,1219,0.0,1,0.42000002,0.42000002,1.1074682,0.0,0.07807854,0.0,0.0,0.0,-28.94563,2.4364789,0.81215966,0.15200001,0.0,0.19423325,0.0,0.0,3904000
hardzero_only__c0p58__z1p05__lam0p000__nu0p50__psi0p00,hardzero_only,0.0,39,1220,0.0,1,0.42000002,0.42000002,1.0524094,0.0,0.088631995,0.0,0.0,0.0,-27.189173,2.315347,0.77178234,0.112,0.0,0.13971451,0.0,0.0,3907200
hardzero_only__c0p58__z1p05__lam0p000__nu0p50__psi0p00,hardzero_only,0.0,39,1221,0.0,1,0.42000002,0.42000002,0.9948563,0.10119143,0.10119143,1.0,0.0,0.0,-27.152443,2.1887276,0.7295759,0.208,0.008,0.12861301,0.0,0.0,3910400
hardzero_only__c0p58__z1p05__lam0p000__nu0p50__psi0p00,hardzero_only,0.0,39,1222,0.0,1,0.42000002,0.42000002,1.0019633,0.09954895,0.09954895,1.0,0.0,0.0,-27.042912,2.204363,0.7347877,0.17,0.0,0.13549548,0.0,0.0,3913600
hardzero_only__c0p58__z1p05__lam0p000__nu0p50__psi0p00,hardzero_only,0.0,39,1223,0.0,1,0.42000002,0.42000002,1.0490086,0.08932879,0.08932879,1.0,0.0,0.0,-27.21862,2.3078651,0.7692884,0.14400001,0.0,0.16765007,0.0,0.0,3916800
hardzero_only__c0p58__z1p05__lam0p000__nu0p50__psi0p00,hardzero_only,0.0,39,1224,0.0,1,0.42000002,0.42000002,1.027468,0.09387111,0.09387111,1.0,0.0,0.0,-27.767708,2.2604747,0.7534916,0.064,0.0,0.15580124,0.0,0.0,3920000
hardzero_only__c0p58__z1p05__lam0p000__nu0p50__psi0p00,hardzero_only,0.0,39,1225,0.0,1,0.42000002,0.42000002,1.0410416,0.09098261,0.09098261,1.0,0.0,0.0,-26.852274,2.2903373,0.7634458,0.15200001,0.0,0.14694858,0.0,0.0,3923200
hardzero_only__c0p58__z1p05__lam0p000__nu0p50__psi0p00,hardzero_only,0.0,39,1226,0.0,1,0.42000002,0.42000002,1.0656637,0.0,0.08596789,0.0,0.0,0.0,-27.852972,2.344507,0.78150237,0.128,0.0,0.13411237,0.0,0.0,3926400
hardzero_only__c0p58__z1p05__lam0p000__nu0p50__psi0p00,hardzero_only,0.0,39,1227,0.0,1,0.42000002,0.42000002,0.9964954,0.100810215,0.100810215,1.0,0.0,0.0,-26.44416,2.1923337,0.7307779,0.17600001,0.0,0.13060749,0.0,0.0,3929600
hardzero_only__c0p58__z1p05__lam0p000__nu0p50__psi0p00,hardzero_only,0.0,39,1228,0.0,1,0.42000002,0.42000002,1.024401,0.094536394,0.094536394,1.0,0.0,0.0,-27.05149,2.2537272,0.7512424,0.24000001,0.0,0.15767066,0.0,0.0,3932800
hardzero_only__c0p58__z1p05__lam0p000__nu0p50__psi0p00,hardzero_only,0.0,39,1229,0.0,1,0.42000002,0.42000002,1.0433176,0.09050705,0.09050705,1.0,0.0,0.0,-27.799295,2.2953444,0.7651148,0.16800001,0.0,0.13142748,0.0,0.0,3936000
hardzero_only__c0p58__z1p05__lam0p000__nu0p50__psi0p00,hardzero_only,0.0,39,1230,0.0,1,0.42000002,0.42000002,1.0456667,0.090018824,0.090018824,1.0,0.0,0.0,-27.89737,2.3005126,0.76683754,0.136,0.0,0.135162,0.0,0.0,3939200
hardzero_only__c0p58__z1p05__lam0p000__nu0p50__psi0p00,hardzero_only,0.0,39,1231,0.0,1,0.42000002,0.42000002,1.0367013,0.09189643,0.09189643,1.0,0.0,0.0,-27.697618,2.2807884,0.76026285,0.16800001,0.0,0.18940634,0.0,0.0,3942400
hardzero_only__c0p58__z1p05__lam0p000__nu0p50__psi0p00,hardzero_only,0.0,39,1232,0.0,1,0.42000002,0.42000002,1.0424755,0.09068272,0.09068272,1.0,0.0,0.0,-27.630093,2.2934918,0.7644973,0.128,0.0,0.14233492,0.0,0.0,3945600
hardzero_only__c0p58__z1p05__lam0p000__nu0p50__psi0p00,hardzero_only,0.0,39,1233,0.0,1,0.42000002,0.42000002,0.99770504,0.10052983,0.10052983,1.0,0.0,0.0,-27.065212,2.194995,0.731665,0.2,0.0,0.13572688,0.0,0.0,3948800
hardzero_only__c0p58__z1p05__lam0p000__nu0p50__psi0p00,hardzero_only,0.0,39,1234,0.0,1,0.42000002,0.42000002,1.0220486,0.095049836,0.095049836,1.0,0.0,0.0,-26.81527,2.2485518,0.7495173,0.16000001,0.0,0.12521502,0.0,0.0,3952000
hardzero_only__c0p58__z1p05__lam0p000__nu0p50__psi0p00,hardzero_only,0.0,39,1235,0.0,1,0.42000002,0.42000002,1.032933,0.092697285,0.092697285,1.0,0.0,0.0,-27.989843,2.272498,0.75749934,0.22,0.01,0.15550044,0.0,0.0,3955200
hardzero_only__c0p58__z1p05__lam0p000__nu0p50__psi0p00,hardzero_only,0.0,39,1236,0.0,1,0.42000002,0.42000002,0.958074,0.110135175,0.110135175,1.0,0.0,0.0,-25.065739,2.1078048,0.7026016,0.192,0.0,0.15919499,0.0,0.0,3958400
hardzero_only__c0p58__z1p05__lam0p000__nu0p50__psi0p00,hardzero_only,0.0,39,1237,0.0,1,0.42000002,0.42000002,1.0364587,0.09194779,0.09194779,1.0,0.0,0.0,-27.945826,2.2802548,0.760085,0.15200001,0.0,0.12697229,0.0,0.0,3961600
hardzero_only__c0p58__z1p05__lam0p000__nu0p50__psi0p00,hardzero_only,0.0,39,1238,0.0,1,0.42000002,0.42000002,1.0444276,0.090275995,0.090275995,1.0,0.0,0.0,-27.87822,2.2977867,0.7659289,0.136,0.0,0.14780258,0.0,0.0,3964800
hardzero_only__c0p58__z1p05__lam0p000__nu0p50__psi0p00,hardzero_only,0.0,39,1239,0.0,1,0.42000002,0.42000002,1.0775558,0.0,0.083645806,0.0,0.0,0.0,-27.005005,2.37067,0.79022336,0.072000004,0.0,0.16425094,0.0,0.0,3968000
hardzero_only__c0p58__z1p05__lam0p000__nu0p50__psi0p00,hardzero_only,0.0,39,1240,0.0,1,0.42000002,0.42000002,1.0212781,0.09521861,0.09521861,1.0,0.0,0.0,-28.029314,2.2468567,0.74895227,0.120000005,0.0,0.13825478,0.0,0.0,3971200
hardzero_only__c0p58__z1p05__lam0p000__nu0p50__psi0p00,hardzero_only,0.0,39,1241,0.0,1,0.42000002,0.42000002,1.0386208,0.09149116,0.09149116,1.0,0.0,0.0,-27.499805,2.2850115,0.76167053,0.15200001,0.0,0.13093437,0.0,0.0,3974400
hardzero_only__c0p58__z1p05__lam0p000__nu0p50__psi0p00,hardzero_only,0.0,39,1242,0.0,1,0.42000002,0.42000002,1.0230985,0.09482034,0.09482034,1.0,0.0,0.0,-27.305212,2.2508616,0.75028723,0.120000005,0.0,0.12861432,0.0,0.0,3977600
hardzero_only__c0p58__z1p05__lam0p000__nu0p50__psi0p00,hardzero_only,0.0,39,1243,0.0,1,0.42000002,0.42000002,1.0736614,0.0,0.084399246,0.0,0.0,0.0,-27.316214,2.3621023,0.78736746,0.128,0.0,0.15996097,0.0,0.0,3980800
hardzero_only__c0p58__z1p05__lam0p000__nu0p50__psi0p00,hardzero_only,0.0,39,1244,0.0,1,0.42000002,0.42000002,1.0336167,0.09255147,0.09255147,1.0,0.0,0.0,-28.043943,2.274002,0.75800073,0.2,0.0,0.12698501,0.0,0.0,3984000
hardzero_only__c0p58__z1p05__lam0p000__nu0p50__psi0p00,hardzero_only,0.0,39,1245,0.0,1,0.42000002,0.42000002,1.039648,0.09127501,0.09127501,1.0,0.0,0.0,-27.135359,2.2872715,0.7624239,0.15200001,0.0,0.16302818,0.0,0.0,3987200
hardzero_only__c0p58__z1p05__lam0p000__nu0p50__psi0p00,hardzero_only,0.0,39,1246,0.0,1,0.42000002,0.42000002,1.0547605,0.0,0.0881535,0.0,0.0,0.0,-27.361076,2.3205194,0.7735065,0.16000001,0.0,0.16743767,0.0,0.0,3990400
hardzero_only__c0p58__z1p05__lam0p000__nu0p50__psi0p00,hardzero_only,0.0,39,1247,0.0,1,0.42000002,0.42000002,1.0211682,0.09524272,0.09524272,1.0,0.0,0.0,-26.841757,2.246615,0.7488717,0.136,0.0,0.14518146,0.0,0.0,3993600
hardzero_only__c0p58__z1p05__lam0p000__nu0p50__psi0p00,hardzero_only,0.0,39,1248,0.0,1,0.42000002,0.42000002,0.9984635,0.10035442,0.10035442,1.0,0.0,0.0,-27.585205,2.1966636,0.73222125,0.17,0.0,0.1349524,0.0,0.0,3996800
hardzero_only__c0p58__z1p05__lam0p000__nu0p50__psi0p00,hardzero_only,0.0,39,1249,0.0,1,0.42000002,0.42000002,1.0472645,0.08968824,0.08968824,1.0,0.0,0.0,-26.973747,2.3040278,0.7680093,0.16800001,0.0,0.14593753,0.0,0.0,4000000
