mechanism_tag,mechanism,alpha,seed,update,update_u,update_counter,energy_E_pre,energy_E_post,funding_z,funding_g,funding_g_raw,funding_cut_active,funding_income,funding_alpha_eff,episode_return_end_mean,terminal_min_dists_end_mean,terminal_dbar_end,terminal_occupied_end_mean,terminal_CSR_train,vartd_VarTD,depr_F,depr_F_post,env_steps
hardzero_plus_depr__c0p50__z1p00__lam0p030__nu0p50__psi1p00,hardzero_plus_depr,0.01,32,0,1.0,1,1.0,0.5,1.0750173,0.0,0.08413616,0.0,0.0,0.01,-27.862705,2.3650854,0.7883618,0.16,0.0,0.13813628,0.0,0.0,3200
hardzero_plus_depr__c0p50__z1p00__lam0p030__nu0p50__psi1p00,hardzero_plus_depr,0.01,32,1,1.0,2,0.5,0.0,1.0383499,0.0,0.091548264,0.0,0.0,0.01,-27.47996,2.2844152,0.76147175,0.120000005,0.0,0.1479145,0.0,0.0,6400
hardzero_plus_depr__c0p50__z1p00__lam0p030__nu0p50__psi1p00,hardzero_plus_depr,0.01,32,2,0.0,2,0.0,0.0,1.0948973,0.0,0.080371626,0.0,0.0,0.01,-28.205387,2.408822,0.8029407,0.112,0.0,0.1930255,0.0,0.03,9600
hardzero_plus_depr__c0p50__z1p00__lam0p030__nu0p50__psi1p00,hardzero_plus_depr,0.01,32,3,0.0,2,0.0,0.0009839967,0.99397755,0.101396374,0.101396374,1.0,0.0009839967,0.009704456,-27.138102,2.1867943,0.7289314,0.128,0.0,0.16598615,0.03,0.06,12800
hardzero_plus_depr__c0p50__z1p00__lam0p030__nu0p50__psi1p00,hardzero_plus_depr,0.01,32,4,0.0,2,0.0009839967,0.0009839967,1.0926123,0.0,0.080795616,0.0,0.0,0.009417646,-28.55214,2.403795,0.801265,0.120000005,0.0,0.15212221,0.06,0.089999996,16000
hardzero_plus_depr__c0p50__z1p00__lam0p030__nu0p50__psi1p00,hardzero_plus_depr,0.01,32,5,0.0,2,0.0009839967,0.0009839967,1.0158712,0.0,0.09641149,0.0,0.0,0.009139312,-27.623259,2.2349613,0.74498713,0.17600001,0.0,0.1569215,0.089999996,0.12,19200
hardzero_plus_depr__c0p50__z1p00__lam0p030__nu0p50__psi1p00,hardzero_plus_depr,0.01,32,6,0.0,2,0.0009839967,0.0009839967,1.0497366,0.0,0.08917917,0.0,0.0,0.008869204,-27.614662,2.3094666,0.76982224,0.14400001,0.0,0.16106726,0.12,0.14999999,22400
hardzero_plus_depr__c0p50__z1p00__lam0p030__nu0p50__psi1p00,hardzero_plus_depr,0.01,32,7,0.0,2,0.0009839967,0.0009839967,1.0244557,0.0,0.09452447,0.0,0.0,0.008607079,-27.494896,2.2538474,0.75128245,0.2,0.0,0.1564833,0.14999999,0.17999999,25600
hardzero_plus_depr__c0p50__z1p00__lam0p030__nu0p50__psi1p00,hardzero_plus_depr,0.01,32,8,0.0,2,0.0009839967,0.001840268,0.98921555,0.10251429,0.10251429,1.0,0.00085627136,0.0083527025,-26.932962,2.1763177,0.72543925,0.16000001,0.0,0.15234116,0.17999999,0.21,28800
hardzero_plus_depr__c0p50__z1p00__lam0p030__nu0p50__psi1p00,hardzero_plus_depr,0.01,32,9,0.0,2,0.001840268,0.001840268,1.0523314,0.0,0.08864791,0.0,0.0,0.008105842,-28.152128,2.3151755,0.7717252,0.136,0.0,0.15706584,0.21,0.24,32000
hardzero_plus_depr__c0p50__z1p00__lam0p030__nu0p50__psi1p00,hardzero_plus_depr,0.01,32,10,0.0,2,0.001840268,0.0027998136,0.91370374,0.12198214,0.12198214,1.0,0.0009595455,0.007866278,-25.600222,2.0101883,0.6700628,0.216,0.0,0.117171645,0.24,0.26999998,35200
hardzero_plus_depr__c0p50__z1p00__lam0p030__nu0p50__psi1p00,hardzero_plus_depr,0.01,32,11,0.0,2,0.0027998136,0.0027998136,1.005359,0.0,0.09877361,0.0,0.0,0.007633795,-27.601904,2.211834,0.737278,0.23200001,0.0,0.17091459,0.26999998,0.29999998,38400
hardzero_plus_depr__c0p50__z1p00__lam0p030__nu0p50__psi1p00,hardzero_plus_depr,0.01,32,12,0.0,2,0.0027998136,0.0027998136,1.0039192,0.0,0.099101625,0.0,0.0,0.0074081817,-27.1474,2.2086663,0.73622215,0.192,0.0,0.18357752,0.29999998,0.32999998,41600
hardzero_plus_depr__c0p50__z1p00__lam0p030__nu0p50__psi1p00,hardzero_plus_depr,0.01,32,13,0.0,2,0.0027998136,0.0027998136,1.0084261,0.0,0.09807851,0.0,0.0,0.007189238,-27.215889,2.2185817,0.7395272,0.14,0.0,0.151664,0.32999998,0.35999998,44800
hardzero_plus_depr__c0p50__z1p00__lam0p030__nu0p50__psi1p00,hardzero_plus_depr,0.01,32,14,0.0,2,0.0027998136,0.0035458773,0.97087806,0.10693549,0.10693549,1.0,0.0007460636,0.0069767633,-26.354116,2.1359744,0.7119915,0.128,0.0,0.13470097,0.35999998,0.39,48000
hardzero_plus_depr__c0p50__z1p00__lam0p030__nu0p50__psi1p00,hardzero_plus_depr,0.01,32,15,0.0,2,0.0035458773,0.0035458773,1.024213,0.0,0.094577335,0.0,0.0,0.006770569,-27.52093,2.2533135,0.75110453,0.14400001,0.0,0.14971629,0.39,0.42,51200
hardzero_plus_depr__c0p50__z1p00__lam0p030__nu0p50__psi1p00,hardzero_plus_depr,0.01,32,16,0.0,2,0.0035458773,0.0035458773,1.0229474,0.0,0.094853334,0.0,0.0,0.006570468,-27.001629,2.2505293,0.7501764,0.192,0.0,0.16807355,0.42,0.45,54400
hardzero_plus_depr__c0p50__z1p00__lam0p030__nu0p50__psi1p00,hardzero_plus_depr,0.01,32,17,0.0,2,0.0035458773,0.0035458773,1.0357782,0.0,0.09209199,0.0,0.0,0.0063762814,-27.474451,2.2787573,0.7595858,0.112,0.0,0.14162551,0.45,0.48,57600
hardzero_plus_depr__c0p50__z1p00__lam0p030__nu0p50__psi1p00,hardzero_plus_depr,0.01,32,18,0.0,2,0.0035458773,0.0041664797,0.99872524,0.10029395,0.10029395,1.0,0.0006206023,0.006187834,-27.070282,2.1972394,0.7324132,0.192,0.0,0.1810153,0.48,0.51,60800
hardzero_plus_depr__c0p50__z1p00__lam0p030__nu0p50__psi1p00,hardzero_plus_depr,0.01,32,19,0.0,2,0.0041664797,0.004771974,0.99639964,0.10083245,0.10083245,1.0,0.00060549437,0.0060049556,-27.062372,2.192123,0.73070765,0.16000001,0.0,0.13873464,0.51,0.53999996,64000
hardzero_plus_depr__c0p50__z1p00__lam0p030__nu0p50__psi1p00,hardzero_plus_depr,0.01,32,20,0.0,2,0.004771974,0.004771974,1.0201603,0.0,0.09546401,0.0,0.0,0.0058274823,-27.144667,2.2443974,0.74813247,0.16000001,0.0,0.1541681,0.53999996,0.56999993,67200
hardzero_plus_depr__c0p50__z1p00__lam0p030__nu0p50__psi1p00,hardzero_plus_depr,0.01,32,21,0.0,2,0.004771974,0.004771974,1.000811,0.0,0.09981344,0.0,0.0,0.0056552547,-26.28189,2.2018282,0.73394275,0.18400002,0.0,0.15510887,0.56999993,0.5999999,70400
hardzero_plus_depr__c0p50__z1p00__lam0p030__nu0p50__psi1p00,hardzero_plus_depr,0.01,32,22,0.0,2,0.004771974,0.0053215483,0.9993968,0.100139,0.100139,1.0,0.0005495745,0.0054881168,-26.801289,2.1987169,0.7329056,0.16800001,0.0,0.14381297,0.5999999,0.6299999,73600
hardzero_plus_depr__c0p50__z1p00__lam0p030__nu0p50__psi1p00,hardzero_plus_depr,0.01,32,23,0.0,2,0.0053215483,0.0053215483,1.0678561,0.0,0.08553502,0.0,0.0,0.0053259186,-29.202904,2.3493302,0.7831101,0.14400001,0.0,0.18845978,0.6299999,0.65999985,76800
hardzero_plus_depr__c0p50__z1p00__lam0p030__nu0p50__psi1p00,hardzero_plus_depr,0.01,32,24,0.0,2,0.0053215483,0.0058877403,0.96040195,0.10954639,0.10954639,1.0,0.000566192,0.0051685134,-25.917044,2.1129265,0.70430887,0.224,0.008,0.14525826,0.65999985,0.6899998,80000
hardzero_plus_depr__c0p50__z1p00__lam0p030__nu0p50__psi1p00,hardzero_plus_depr,0.01,32,25,0.0,2,0.0058877403,0.0064295824,0.96646416,0.10802786,0.10802786,1.0,0.000541842,0.0050157616,-26.183273,2.1262636,0.70875454,0.2,0.0,0.16365919,0.6899998,0.7199998,83200
hardzero_plus_depr__c0p50__z1p00__lam0p030__nu0p50__psi1p00,hardzero_plus_depr,0.01,32,26,0.0,2,0.0064295824,0.0064295824,1.0362976,0.0,0.09198192,0.0,0.0,0.0048675234,-26.990343,2.2799,0.75996673,0.14,0.0,0.13403791,0.7199998,0.74999976,86400
hardzero_plus_depr__c0p50__z1p00__lam0p030__nu0p50__psi1p00,hardzero_plus_depr,0.01,32,27,0.0,2,0.0064295824,0.0064295824,1.0176828,0.0,0.096010156,0.0,0.0,0.0047236667,-26.966564,2.238947,0.74631566,0.15200001,0.0,0.14236498,0.74999976,0.77999973,89600
hardzero_plus_depr__c0p50__z1p00__lam0p030__nu0p50__psi1p00,hardzero_plus_depr,0.01,32,28,0.0,2,0.0064295824,0.0064295824,1.0196539,0.0,0.0955754,0.0,0.0,0.0045840614,-27.74755,2.2432835,0.7477612,0.17600001,0.0,0.1411644,0.77999973,0.8099997,92800
hardzero_plus_depr__c0p50__z1p00__lam0p030__nu0p50__psi1p00,hardzero_plus_depr,0.01,32,29,0.0,2,0.0064295824,0.0064295824,1.0103123,0.0,0.097653456,0.0,0.0,0.004448582,-26.471735,2.2227316,0.74091053,0.14400001,0.0,0.16972291,0.8099997,0.8399997,96000
hardzero_plus_depr__c0p50__z1p00__lam0p030__nu0p50__psi1p00,hardzero_plus_depr,0.01,32,30,0.0,2,0.0064295824,0.0069347527,0.931755,0.117015935,0.117015935,1.0,0.00050517026,0.0043171067,-25.250338,2.049902,0.6833007,0.18400002,0.0,0.15257998,0.8399997,0.86999965,99200
hardzero_plus_depr__c0p50__z1p00__lam0p030__nu0p50__psi1p00,hardzero_plus_depr,0.01,32,31,0.0,2,0.0069347527,0.0069347527,1.0039731,0.0,0.09908933,0.0,0.0,0.004189517,-26.81721,2.208785,0.7362617,0.208,0.0,0.14400819,0.86999965,0.8999996,102400
hardzero_plus_depr__c0p50__z1p00__lam0p030__nu0p50__psi1p00,hardzero_plus_depr,0.01,32,32,0.0,2,0.0069347527,0.0073526218,0.9880948,0.10277918,0.10277918,1.0,0.00041786916,0.0040656985,-26.037447,2.173852,0.72461736,0.18400002,0.0,0.16166824,0.8999996,0.9299996,105600
hardzero_plus_depr__c0p50__z1p00__lam0p030__nu0p50__psi1p00,hardzero_plus_depr,0.01,32,33,0.0,2,0.0073526218,0.0077478634,0.99924344,0.10017436,0.10017436,1.0,0.00039524183,0.003945539,-27.212435,2.1983795,0.7327932,0.16800001,0.0,0.1899302,0.9299996,0.95999956,108800
hardzero_plus_depr__c0p50__z1p00__lam0p030__nu0p50__psi1p00,hardzero_plus_depr,0.01,32,34,0.0,2,0.0077478634,0.008148654,0.98015964,0.10467437,0.10467437,1.0,0.0004007909,0.0038289304,-26.781591,2.1563942,0.7187981,0.192,0.0,0.13532594,0.95999956,0.98999953,112000
hardzero_plus_depr__c0p50__z1p00__lam0p030__nu0p50__psi1p00,hardzero_plus_depr,0.01,32,35,0.0,2,0.008148654,0.008535629,0.9823659,0.10414397,0.10414397,1.0,0.0003869749,0.0037157687,-27.168982,2.1612482,0.72041607,0.15200001,0.0,0.15628771,0.98999953,1.0199995,115200
hardzero_plus_depr__c0p50__z1p00__lam0p030__nu0p50__psi1p00,hardzero_plus_depr,0.01,32,36,0.0,2,0.008535629,0.008535629,1.087724,0.0,0.08171016,0.0,0.0,0.0036059513,-27.929842,2.3930404,0.79768014,0.14400001,0.0,0.15651815,1.0199995,1.0499995,118400
hardzero_plus_depr__c0p50__z1p00__lam0p030__nu0p50__psi1p00,hardzero_plus_depr,0.01,32,37,0.0,2,0.008535629,0.008535629,1.0005242,0.0,0.099879384,0.0,0.0,0.0034993794,-27.382174,2.2011971,0.7337324,0.192,0.0,0.1574996,1.0499995,1.0799994,121600
hardzero_plus_depr__c0p50__z1p00__lam0p030__nu0p50__psi1p00,hardzero_plus_depr,0.01,32,38,0.0,2,0.008535629,0.008890047,0.9814466,0.10436464,0.10436464,1.0,0.00035441783,0.003395957,-26.808113,2.1592257,0.71974194,0.224,0.0,0.1376002,1.0799994,1.1099994,124800
hardzero_plus_depr__c0p50__z1p00__lam0p030__nu0p50__psi1p00,hardzero_plus_depr,0.01,32,39,0.0,2,0.008890047,0.008890047,1.034961,0.0,0.092265435,0.0,0.0,0.0032955913,-27.146996,2.2769597,0.7589866,0.14,0.0,0.15740153,1.1099994,1.1399994,128000
hardzero_plus_depr__c0p50__z1p00__lam0p030__nu0p50__psi1p00,hardzero_plus_depr,0.01,32,40,0.0,2,0.008890047,0.00923102,0.972185,0.10661418,0.10661418,1.0,0.00034097262,0.003198192,-26.079838,2.1388497,0.71294993,0.208,0.0,0.14449702,1.1399994,1.1699994,131200
hardzero_plus_depr__c0p50__z1p00__lam0p030__nu0p50__psi1p00,hardzero_plus_depr,0.01,32,41,0.0,2,0.00923102,0.00923102,1.0282583,0.0,0.09370044,0.0,0.0,0.0031036716,-27.029469,2.2622135,0.7540712,0.192,0.0,0.16080406,1.1699994,1.1999993,134400
hardzero_plus_depr__c0p50__z1p00__lam0p030__nu0p50__psi1p00,hardzero_plus_depr,0.01,32,42,0.0,2,0.00923102,0.009554002,0.96966714,0.10723408,0.10723408,1.0,0.00032298305,0.003011944,-26.390087,2.1333103,0.71110344,0.16000001,0.0,0.17725511,1.1999993,1.2299993,137600
hardzero_plus_depr__c0p50__z1p00__lam0p030__nu0p50__psi1p00,hardzero_plus_depr,0.01,32,43,0.0,2,0.009554002,0.009554002,1.0489608,0.0,0.08933861,0.0,0.0,0.0029229277,-27.813934,2.3077598,0.76925325,0.128,0.0,0.17492712,1.2299993,1.2599993,140800
hardzero_plus_depr__c0p50__z1p00__lam0p030__nu0p50__psi1p00,hardzero_plus_depr,0.01,32,44,0.0,2,0.009554002,0.009856237,0.972445,0.10655037,0.10655037,1.0,0.0003022346,0.002836542,-26.202337,2.1394217,0.7131406,0.216,0.0,0.15118553,1.2599993,1.2899992,144000
hardzero_plus_depr__c0p50__z1p00__lam0p030__nu0p50__psi1p00,hardzero_plus_depr,0.01,32,45,0.0,2,0.009856237,0.010138172,0.98961186,0.10242079,0.10242079,1.0,0.0002819347,0.00275271,-26.40706,2.1771896,0.7257299,0.16800001,0.0,0.14851788,1.2899992,1.3199992,147200
hardzero_plus_depr__c0p50__z1p00__lam0p030__nu0p50__psi1p00,hardzero_plus_depr,0.01,32,46,0.0,2,0.010138172,0.010444397,0.9406901,0.11463307,0.11463307,1.0,0.00030622561,0.002671355,-25.793562,2.0695596,0.6898532,0.24000001,0.0,0.13220327,1.3199992,1.3499992,150400
hardzero_plus_depr__c0p50__z1p00__lam0p030__nu0p50__psi1p00,hardzero_plus_depr,0.01,32,47,0.0,2,0.010444397,0.01072863,0.9600284,0.109640636,0.109640636,1.0,0.00028423293,0.0025924048,-26.680208,2.1121047,0.7040349,0.17600001,0.0,0.14115304,1.3499992,1.3799992,153600
hardzero_plus_depr__c0p50__z1p00__lam0p030__nu0p50__psi1p00,hardzero_plus_depr,0.01,32,48,0.0,2,0.01072863,0.010985802,0.9904512,0.10222304,0.10222304,1.0,0.00025717146,0.0025157877,-25.905792,2.1790361,0.7263454,0.120000005,0.0,0.14181556,1.3799992,1.4099991,156800
hardzero_plus_depr__c0p50__z1p00__lam0p030__nu0p50__psi1p00,hardzero_plus_depr,0.01,32,49,0.0,2,0.010985802,0.01123805,0.98581696,0.103319675,0.103319675,1.0,0.00025224825,0.002441435,-27.5867,2.1688406,0.7229469,0.216,0.0,0.14766178,1.4099991,1.4399991,160000
hardzero_plus_depr__c0p50__z1p00__lam0p030__nu0p50__psi1p00,hardzero_plus_depr,0.01,32,50,0.0,2,0.01123805,0.011477408,0.995568,0.10102572,0.10102572,1.0,0.0002393582,0.0023692797,-26.863,2.1902933,0.7300978,0.136,0.0,0.15064013,1.4399991,1.4699991,163200
hardzero_plus_depr__c0p50__z1p00__lam0p030__nu0p50__psi1p00,hardzero_plus_depr,0.01,32,51,0.0,2,0.011477408,0.011477408,1.0030916,0.0,0.099290654,0.0,0.0,0.002299257,-26.738733,2.2068455,0.7356152,0.256,0.0,0.13654974,1.4699991,1.499999,166400
hardzero_plus_depr__c0p50__z1p00__lam0p030__nu0p50__psi1p00,hardzero_plus_depr,0.01,32,52,0.0,2,0.011477408,0.011477408,1.0582075,0.0,0.08745658,0.0,0.0,0.0022313038,-27.65129,2.328103,0.77603436,0.16,0.0,0.14667252,1.499999,1.529999,169600
hardzero_plus_depr__c0p50__z1p00__lam0p030__nu0p50__psi1p00,hardzero_plus_depr,0.01,32,53,0.0,2,0.011477408,0.011717956,0.9543285,0.111089125,0.111089125,1.0,0.00024054783,0.002165359,-26.898504,2.0995646,0.69985485,0.16000001,0.0,0.14746499,1.529999,1.559999,172800
hardzero_plus_depr__c0p50__z1p00__lam0p030__nu0p50__psi1p00,hardzero_plus_depr,0.01,32,54,0.0,2,0.011717956,0.01195344,0.95053977,0.11206247,0.11206247,1.0,0.0002354839,0.0021013627,-26.142702,2.0912292,0.69707644,0.18400002,0.0,0.1424752,1.559999,1.589999,176000
hardzero_plus_depr__c0p50__z1p00__lam0p030__nu0p50__psi1p00,hardzero_plus_depr,0.01,32,55,0.0,2,0.01195344,0.01195344,1.0320368,0.0,0.092888765,0.0,0.0,0.0020392581,-27.589355,2.2705262,0.7568421,0.120000005,0.0,0.16255444,1.589999,1.6199989,179200
hardzero_plus_depr__c0p50__z1p00__lam0p030__nu0p50__psi1p00,hardzero_plus_depr,0.01,32,56,0.0,2,0.01195344,0.01195344,1.0145824,0.0,0.09669802,0.0,0.0,0.001978989,-26.511738,2.2321258,0.7440419,0.15200001,0.0,0.14735797,1.6199989,1.6499989,182400
hardzero_plus_depr__c0p50__z1p00__lam0p030__nu0p50__psi1p00,hardzero_plus_depr,0.01,32,57,0.0,2,0.01195344,0.012171256,0.94532335,0.11341661,0.11341661,1.0,0.00021781675,0.0019205012,-26.334322,2.079753,0.693251,0.16800001,0.0,0.13688836,1.6499989,1.6799989,185600
hardzero_plus_depr__c0p50__z1p00__lam0p030__nu0p50__psi1p00,hardzero_plus_depr,0.01,32,58,0.0,2,0.012171256,0.012171256,1.0096904,0.0,0.097793415,0.0,0.0,0.0018637418,-27.167007,2.2213633,0.74045444,0.18400002,0.0,0.17459305,1.6799989,1.7099988,188800
hardzero_plus_depr__c0p50__z1p00__lam0p030__nu0p50__psi1p00,hardzero_plus_depr,0.01,32,59,0.0,2,0.012171256,0.012171256,1.0005329,0.0,0.09987738,0.0,0.0,0.00180866,-26.060884,2.2012162,0.7337388,0.16000001,0.0,0.16523927,1.7099988,1.7399988,192000
hardzero_plus_depr__c0p50__z1p00__lam0p030__nu0p50__psi1p00,hardzero_plus_depr,0.01,32,60,0.0,2,0.012171256,0.012352878,0.9851607,0.10347591,0.10347591,1.0,0.00018162154,0.0017552059,-27.808662,2.1673968,0.72246563,0.208,0.0,0.17720327,1.7399988,1.7699988,195200
hardzero_plus_depr__c0p50__z1p00__lam0p030__nu0p50__psi1p00,hardzero_plus_depr,0.01,32,61,0.0,2,0.012352878,0.012530323,0.9822349,0.10417538,0.10417538,1.0,0.00017744527,0.0017033321,-26.236095,2.16096,0.72032,0.192,0.008,0.15912516,1.7699988,1.7999988,198400
hardzero_plus_depr__c0p50__z1p00__lam0p030__nu0p50__psi1p00,hardzero_plus_depr,0.01,32,62,0.0,2,0.012530323,0.012530323,1.0116315,0.0,0.097357295,0.0,0.0,0.0016529909,-27.307087,2.2256336,0.7418779,0.120000005,0.0,0.17016314,1.7999988,1.8299987,201600
hardzero_plus_depr__c0p50__z1p00__lam0p030__nu0p50__psi1p00,hardzero_plus_depr,0.01,32,63,0.0,2,0.012530323,0.012530323,1.0583813,0.0,0.08742157,0.0,0.0,0.0016041377,-28.001474,2.3284855,0.77616185,0.136,0.0,0.17958476,1.8299987,1.8599987,204800
hardzero_plus_depr__c0p50__z1p00__lam0p030__nu0p50__psi1p00,hardzero_plus_depr,0.01,32,64,0.0,2,0.012530323,0.012530323,1.0190525,0.0,0.095707834,0.0,0.0,0.0015567282,-28.33216,2.2419603,0.7473201,0.136,0.0,0.1721319,1.8599987,1.8899987,208000
hardzero_plus_depr__c0p50__z1p00__lam0p030__nu0p50__psi1p00,hardzero_plus_depr,0.01,32,65,0.0,2,0.012530323,0.01269409,0.9649585,0.10840305,0.10840305,1.0,0.00016376667,0.0015107201,-26.859673,2.122951,0.70765036,0.13,0.0,0.14662962,1.8899987,1.9199986,211200
hardzero_plus_depr__c0p50__z1p00__lam0p030__nu0p50__psi1p00,hardzero_plus_depr,0.01,32,66,0.0,2,0.01269409,0.012841406,0.9979041,0.100483745,0.100483745,1.0,0.00014731636,0.0014660716,-26.900753,2.195433,0.731811,0.16800001,0.0,0.13788542,1.9199986,1.9499986,214400
hardzero_plus_depr__c0p50__z1p00__lam0p030__nu0p50__psi1p00,hardzero_plus_depr,0.01,32,67,0.0,2,0.012841406,0.012841406,1.0085351,0.0,0.098053895,0.0,0.0,0.0014227426,-26.842407,2.2188215,0.7396072,0.224,0.0,0.15201126,1.9499986,1.9799986,217600
hardzero_plus_depr__c0p50__z1p00__lam0p030__nu0p50__psi1p00,hardzero_plus_depr,0.01,32,68,0.0,2,0.012841406,0.012841406,1.0269253,0.0,0.093988486,0.0,0.0,0.0013806942,-27.580643,2.259281,0.75309366,0.15200001,0.0,0.1873577,1.9799986,2.0099986,220800
hardzero_plus_depr__c0p50__z1p00__lam0p030__nu0p50__psi1p00,hardzero_plus_depr,0.01,32,69,0.0,2,0.012841406,0.012841406,1.0136782,0.0,0.09689957,0.0,0.0,0.0013398887,-26.762861,2.2301366,0.7433789,0.136,0.0,0.14356782,2.0099986,2.0399985,224000
hardzero_plus_depr__c0p50__z1p00__lam0p030__nu0p50__psi1p00,hardzero_plus_depr,0.01,32,70,0.0,2,0.012841406,0.012841406,1.0474446,0.0,0.08965105,0.0,0.0,0.0013002891,-27.802893,2.304424,0.7681414,0.15200001,0.0,0.18009761,2.0399985,2.0699985,227200
hardzero_plus_depr__c0p50__z1p00__lam0p030__nu0p50__psi1p00,hardzero_plus_depr,0.01,32,71,0.0,2,0.012841406,0.012979014,0.9623683,0.1090515,0.1090515,1.0,0.0001376077,0.0012618597,-26.415825,2.1172526,0.7057509,0.16000001,0.0,0.15885378,2.0699985,2.0999985,230400
hardzero_plus_depr__c0p50__z1p00__lam0p030__nu0p50__psi1p00,hardzero_plus_depr,0.01,32,72,0.0,2,0.012979014,0.013101634,0.9994212,0.10013337,0.10013337,1.0,0.00012261992,0.001224566,-26.83655,2.1987705,0.7329235,0.17600001,0.0,0.20338082,2.0999985,2.1299984,233600
hardzero_plus_depr__c0p50__z1p00__lam0p030__nu0p50__psi1p00,hardzero_plus_depr,0.01,32,73,0.0,2,0.013101634,0.013101634,1.0087389,0.0,0.098007895,0.0,0.0,0.0011883747,-27.18859,2.2192698,0.7397566,0.136,0.0,0.14510092,2.1299984,2.1599984,236800
hardzero_plus_depr__c0p50__z1p00__lam0p030__nu0p50__psi1p00,hardzero_plus_depr,0.01,32,74,0.0,2,0.013101634,0.013101634,1.0052661,0.0,0.098794766,0.0,0.0,0.001153253,-27.636162,2.2116296,0.7372099,0.192,0.0,0.14584902,2.1599984,2.1899984,240000
hardzero_plus_depr__c0p50__z1p00__lam0p030__nu0p50__psi1p00,hardzero_plus_depr,0.01,32,75,0.0,2,0.013101634,0.013101634,1.0353283,0.0,0.09218744,0.0,0.0,0.0011191693,-27.747566,2.2777677,0.7592559,0.15200001,0.0,0.18935823,2.1899984,2.2199984,243200
hardzero_plus_depr__c0p50__z1p00__lam0p030__nu0p50__psi1p00,hardzero_plus_depr,0.01,32,76,0.0,2,0.013101634,0.013221462,0.9573072,0.110329784,0.110329784,1.0,0.000119828386,0.0010860928,-25.569515,2.106118,0.70203936,0.18400002,0.0,0.14799836,2.2199984,2.2499983,246400
hardzero_plus_depr__c0p50__z1p00__lam0p030__nu0p50__psi1p00,hardzero_plus_depr,0.01,32,77,0.0,2,0.013221462,0.013221462,1.0551344,0.0,0.08807762,0.0,0.0,0.0010539939,-27.618168,2.321342,0.7737807,0.136,0.0,0.16735564,2.2499983,2.2799983,249600
hardzero_plus_depr__c0p50__z1p00__lam0p030__nu0p50__psi1p00,hardzero_plus_depr,0.01,32,78,0.0,2,0.013221462,0.013221462,1.0161995,0.0,0.096338645,0.0,0.0,0.0010228438,-27.396057,2.2356834,0.7452278,0.16,0.0,0.13861682,2.2799983,2.3099983,252800
hardzero_plus_depr__c0p50__z1p00__lam0p030__nu0p50__psi1p00,hardzero_plus_depr,0.01,32,79,0.0,2,0.013221462,0.013325432,0.9798717,0.10474379,0.10474379,1.0,0.000103970175,0.0009926142,-27.22515,2.1557608,0.7185869,0.24800001,0.0,0.167929,2.3099983,2.3399982,256000
hardzero_plus_depr__c0p50__z1p00__lam0p030__nu0p50__psi1p00,hardzero_plus_depr,0.01,32,80,0.0,2,0.013325432,0.013423828,0.99077576,0.10214666,0.10214666,1.0,9.8395634e-05,0.000963278,-26.814259,2.1797502,0.7265834,0.128,0.0,0.15131119,2.3399982,2.3699982,259200
hardzero_plus_depr__c0p50__z1p00__lam0p030__nu0p50__psi1p00,hardzero_plus_depr,0.01,32,81,0.0,2,0.013423828,0.013423828,1.0341259,0.0,0.09244302,0.0,0.0,0.0009348089,-28.000366,2.2751224,0.75837415,0.120000005,0.0,0.18327767,2.3699982,2.3999982,262400
hardzero_plus_depr__c0p50__z1p00__lam0p030__nu0p50__psi1p00,hardzero_plus_depr,0.01,32,82,0.0,2,0.013423828,0.013423828,1.0369365,0.0,0.0918467,0.0,0.0,0.0009071812,-27.722418,2.2813058,0.7604353,0.120000005,0.0,0.1512204,2.3999982,2.4299982,265600
hardzero_plus_depr__c0p50__z1p00__lam0p030__nu0p50__psi1p00,hardzero_plus_depr,0.01,32,83,0.0,2,0.013423828,0.013515614,0.98189116,0.104257874,0.104257874,1.0,9.17855e-05,0.0008803699,-26.544277,2.1602037,0.7200679,0.192,0.0,0.13324054,2.4299982,2.4599981,268800
hardzero_plus_depr__c0p50__z1p00__lam0p030__nu0p50__psi1p00,hardzero_plus_depr,0.01,32,84,0.0,2,0.013515614,0.01360885,0.9620536,0.109130576,0.109130576,1.0,9.323582e-05,0.00085435103,-26.756489,2.1165602,0.7055201,0.2,0.0,0.16393013,2.4599981,2.489998,272000
hardzero_plus_depr__c0p50__z1p00__lam0p030__nu0p50__psi1p00,hardzero_plus_depr,0.01,32,85,0.0,2,0.01360885,0.01360885,1.0129961,0.0,0.09705187,0.0,0.0,0.00082910125,-27.664917,2.2286358,0.7428786,0.136,0.0,0.15633573,2.489998,2.519998,275200
hardzero_plus_depr__c0p50__z1p00__lam0p030__nu0p50__psi1p00,hardzero_plus_depr,0.01,32,86,0.0,2,0.01360885,0.013695745,0.966585,0.107997835,0.107997835,1.0,8.6894805e-05,0.0008045976,-26.758265,2.1265295,0.7088432,0.15200001,0.0,0.14828731,2.519998,2.549998,278400
hardzero_plus_depr__c0p50__z1p00__lam0p030__nu0p50__psi1p00,hardzero_plus_depr,0.01,32,87,0.0,2,0.013695745,0.013782301,0.9552507,0.11085346,0.11085346,1.0,8.65564e-05,0.00078081817,-26.50363,2.1015935,0.7005312,0.208,0.0,0.16844869,2.549998,2.579998,281600
hardzero_plus_depr__c0p50__z1p00__lam0p030__nu0p50__psi1p00,hardzero_plus_depr,0.01,32,88,0.0,2,0.013782301,0.013864527,0.96450746,0.108515695,0.108515695,1.0,8.222684e-05,0.00075774145,-25.830072,2.1219587,0.7073196,0.16800001,0.0,0.1462619,2.579998,2.609998,284800
hardzero_plus_depr__c0p50__z1p00__lam0p030__nu0p50__psi1p00,hardzero_plus_depr,0.01,32,89,0.0,2,0.013864527,0.013939199,0.9933372,0.10154598,0.10154598,1.0,7.467153e-05,0.000735347,-25.896072,2.1853855,0.72846186,0.16000001,0.0,0.14401092,2.609998,2.639998,288000
hardzero_plus_depr__c0p50__z1p00__lam0p030__nu0p50__psi1p00,hardzero_plus_depr,0.01,32,90,0.0,2,0.013939199,0.014015061,0.9734379,0.10630706,0.10630706,1.0,7.586222e-05,0.0007136141,-25.677755,2.141606,0.71386874,0.28,0.0,0.14886871,2.639998,2.669998,291200
hardzero_plus_depr__c0p50__z1p00__lam0p030__nu0p50__psi1p00,hardzero_plus_depr,0.01,32,91,0.0,2,0.014015061,0.014090938,0.9603254,0.10956569,0.10956569,1.0,7.587683e-05,0.0006925236,-26.010569,2.1127582,0.7042527,0.21,0.0,0.15001725,2.669998,2.699998,294400
hardzero_plus_depr__c0p50__z1p00__lam0p030__nu0p50__psi1p00,hardzero_plus_depr,0.01,32,92,0.0,2,0.014090938,0.014159664,0.99028736,0.1022616,0.1022616,1.0,6.8725574e-05,0.0006720565,-27.37289,2.1786757,0.72622526,0.16000001,0.0,0.14966103,2.699998,2.7299979,297600
hardzero_plus_depr__c0p50__z1p00__lam0p030__nu0p50__psi1p00,hardzero_plus_depr,0.01,32,93,0.0,2,0.014159664,0.014159664,1.0390486,0.0,0.09140109,0.0,0.0,0.0006521943,-27.562292,2.2859523,0.7619841,0.112,0.0,0.15308982,2.7299979,2.7599978,300800
hardzero_plus_depr__c0p50__z1p00__lam0p030__nu0p50__psi1p00,hardzero_plus_depr,0.01,32,94,0.0,2,0.014159664,0.014224765,0.98775595,0.102859415,0.102859415,1.0,6.5101674e-05,0.00063291896,-25.494377,2.1731064,0.7243688,0.15200001,0.0,0.14325814,2.7599978,2.7899978,304000
hardzero_plus_depr__c0p50__z1p00__lam0p030__nu0p50__psi1p00,hardzero_plus_depr,0.01,32,95,0.0,2,0.014224765,0.014224765,1.0093514,0.0,0.097869776,0.0,0.0,0.00061421347,-26.039446,2.2206173,0.74020576,0.192,0.0,0.15637733,2.7899978,2.8199978,307200
hardzero_plus_depr__c0p50__z1p00__lam0p030__nu0p50__psi1p00,hardzero_plus_depr,0.01,32,96,0.0,2,0.014224765,0.014289708,0.9627585,0.10895358,0.10895358,1.0,6.494296e-05,0.00059606077,-25.782097,2.118111,0.706037,0.128,0.0,0.12423731,2.8199978,2.8499978,310400
hardzero_plus_depr__c0p50__z1p00__lam0p030__nu0p50__psi1p00,hardzero_plus_depr,0.01,32,97,0.0,2,0.014289708,0.014354366,0.9516369,0.111779734,0.111779734,1.0,6.465837e-05,0.0005784445,-25.735807,2.093643,0.697881,0.18400002,0.0,0.14275411,2.8499978,2.8799977,313600
hardzero_plus_depr__c0p50__z1p00__lam0p030__nu0p50__psi1p00,hardzero_plus_depr,0.01,32,98,0.0,2,0.014354366,0.014354366,1.0483862,0.0,0.08945688,0.0,0.0,0.0005613489,-28.449373,2.3064957,0.7688319,0.104,0.0,0.16669309,2.8799977,2.9099977,316800
hardzero_plus_depr__c0p50__z1p00__lam0p030__nu0p50__psi1p00,hardzero_plus_depr,0.01,32,99,0.0,2,0.014354366,0.014354366,1.029923,0.0,0.09334199,0.0,0.0,0.0005447585,-27.593157,2.2658758,0.75529194,0.16000001,0.0,0.18520106,2.9099977,2.9399977,320000
hardzero_plus_depr__c0p50__z1p00__lam0p030__nu0p50__psi1p00,hardzero_plus_depr,0.01,32,100,0.0,2,0.014354366,0.014413516,0.9512165,0.111887984,0.111887984,1.0,5.915054e-05,0.00052865857,-25.612026,2.0927181,0.6975727,0.17600001,0.0,0.13382615,2.9399977,2.9699976,323200
hardzero_plus_depr__c0p50__z1p00__lam0p030__nu0p50__psi1p00,hardzero_plus_depr,0.01,32,101,0.0,2,0.014413516,0.014469582,0.9614529,0.109281614,0.109281614,1.0,5.6065215e-05,0.0005130343,-26.498411,2.1152387,0.70507956,0.136,0.0,0.15761125,2.9699976,2.9999976,326400
hardzero_plus_depr__c0p50__z1p00__lam0p030__nu0p50__psi1p00,hardzero_plus_depr,0.01,32,102,0.0,2,0.014469582,0.014469582,1.0035077,0.0,0.099195555,0.0,0.0,0.00049787184,-27.147755,2.207761,0.73592037,0.17600001,0.0,0.17132099,2.9999976,3.0299976,329600
hardzero_plus_depr__c0p50__z1p00__lam0p030__nu0p50__psi1p00,hardzero_plus_depr,0.01,32,103,0.0,2,0.014469582,0.014469582,1.025844,0.0,0.094222814,0.0,0.0,0.00048315752,-26.931564,2.2569017,0.7523006,0.192,0.0,0.17221358,3.0299976,3.0599976,332800
hardzero_plus_depr__c0p50__z1p00__lam0p030__nu0p50__psi1p00,hardzero_plus_depr,0.01,32,104,0.0,2,0.014469582,0.014521098,0.95912004,0.10987021,0.10987021,1.0,5.1515737e-05,0.0004688781,-25.810585,2.1101062,0.7033688,0.14,0.0,0.12782888,3.0599976,3.0899975,336000
hardzero_plus_depr__c0p50__z1p00__lam0p030__nu0p50__psi1p00,hardzero_plus_depr,0.01,32,105,0.0,2,0.014521098,0.014521098,1.0147661,0.0,0.096657135,0.0,0.0,0.00045502066,-27.00506,2.2325299,0.7441766,0.17600001,0.0,0.15190107,3.0899975,3.1199975,339200
hardzero_plus_depr__c0p50__z1p00__lam0p030__nu0p50__psi1p00,hardzero_plus_depr,0.01,32,106,0.0,2,0.014521098,0.014566345,0.98940444,0.10246972,0.10246972,1.0,4.5247838e-05,0.00044157277,-26.655403,2.1767333,0.7255778,0.18400002,0.0,0.14824903,3.1199975,3.1499975,342400
hardzero_plus_depr__c0p50__z1p00__lam0p030__nu0p50__psi1p00,hardzero_plus_depr,0.01,32,107,0.0,2,0.014566345,0.014612428,0.9684387,0.107537836,0.107537836,1.0,4.6082365e-05,0.00042852233,-25.618225,2.1306076,0.7102026,0.14400001,0.0,0.1482877,3.1499975,3.1799974,345600
hardzero_plus_depr__c0p50__z1p00__lam0p030__nu0p50__psi1p00,hardzero_plus_depr,0.01,32,108,0.0,2,0.014612428,0.014612428,1.0328851,0.0,0.09270749,0.0,0.0,0.00041585762,-27.325762,2.2723925,0.7574642,0.15200001,0.0,0.1684295,3.1799974,3.2099974,348800
hardzero_plus_depr__c0p50__z1p00__lam0p030__nu0p50__psi1p00,hardzero_plus_depr,0.01,32,109,0.0,2,0.014612428,0.014612428,1.0646828,0.0,0.08616228,0.0,0.0,0.00040356716,-27.87333,2.342349,0.78078306,0.112,0.0,0.1877493,3.2099974,3.2399974,352000
hardzero_plus_depr__c0p50__z1p00__lam0p030__nu0p50__psi1p00,hardzero_plus_depr,0.01,32,110,0.0,2,0.014612428,0.014651695,0.99885666,0.1002636,0.1002636,1.0,3.9267234e-05,0.00039163997,-27.505362,2.1975286,0.73250955,0.16000001,0.0,0.15119314,3.2399974,3.2699974,355200
hardzero_plus_depr__c0p50__z1p00__lam0p030__nu0p50__psi1p00,hardzero_plus_depr,0.01,32,111,0.0,2,0.014651695,0.014651695,1.01311,0.0,0.097026415,0.0,0.0,0.00038006523,-27.036423,2.2288866,0.74296224,0.18400002,0.0,0.15364736,3.2699974,3.2999973,358400
hardzero_plus_depr__c0p50__z1p00__lam0p030__nu0p50__psi1p00,hardzero_plus_depr,0.01,32,112,0.0,2,0.014651695,0.014689154,0.9932789,0.10155961,0.10155961,1.0,3.74585e-05,0.00036883264,-27.354094,2.1852572,0.72841907,0.16800001,0.0,0.1414116,3.2999973,3.3299973,361600
hardzero_plus_depr__c0p50__z1p00__lam0p030__nu0p50__psi1p00,hardzero_plus_depr,0.01,32,113,0.0,2,0.014689154,0.014727376,0.97148746,0.106785566,0.106785566,1.0,3.8221973e-05,0.00035793203,-26.437338,2.137315,0.71243834,0.18400002,0.0,0.1396721,3.3299973,3.3599973,364800
hardzero_plus_depr__c0p50__z1p00__lam0p030__nu0p50__psi1p00,hardzero_plus_depr,0.01,32,114,0.0,2,0.014727376,0.014762176,0.9991965,0.10018518,0.10018518,1.0,3.4799676e-05,0.00034735355,-26.936813,2.1982763,0.73275876,0.15200001,0.0,0.17626464,3.3599973,3.3899972,368000
hardzero_plus_depr__c0p50__z1p00__lam0p030__nu0p50__psi1p00,hardzero_plus_depr,0.01,32,115,0.0,2,0.014762176,0.014796007,0.9984199,0.10036449,0.10036449,1.0,3.3831635e-05,0.0003370877,-27.391546,2.1965675,0.7321892,0.192,0.0,0.17054296,3.3899972,3.4199972,371200
hardzero_plus_depr__c0p50__z1p00__lam0p030__nu0p50__psi1p00,hardzero_plus_depr,0.01,32,116,0.0,2,0.014796007,0.014830545,0.9764303,0.10557709,0.10557709,1.0,3.453693e-05,0.00032712525,-26.328627,2.1481895,0.7160632,0.14400001,0.0,0.15071557,3.4199972,3.4499972,374400
hardzero_plus_depr__c0p50__z1p00__lam0p030__nu0p50__psi1p00,hardzero_plus_depr,0.01,32,117,0.0,2,0.014830545,0.014830545,1.0031008,0.0,0.099288575,0.0,0.0,0.00031745725,-27.639523,2.2068658,0.7356219,0.14,0.0,0.15122835,3.4499972,3.4799972,377600
hardzero_plus_depr__c0p50__z1p00__lam0p030__nu0p50__psi1p00,hardzero_plus_depr,0.01,32,118,0.0,2,0.014830545,0.014863308,0.97327685,0.10634648,0.10634648,1.0,3.276269e-05,0.000308075,-25.792032,2.1412518,0.7137506,0.24800001,0.008,0.13144442,3.4799972,3.5099971,380800
hardzero_plus_depr__c0p50__z1p00__lam0p030__nu0p50__psi1p00,hardzero_plus_depr,0.01,32,119,0.0,2,0.014863308,0.014893738,0.99232304,0.101783395,0.101783395,1.0,3.043018e-05,0.00029896997,-26.359552,2.1831543,0.7277181,0.208,0.0,0.1560495,3.5099971,3.539997,384000
hardzero_plus_depr__c0p50__z1p00__lam0p030__nu0p50__psi1p00,hardzero_plus_depr,0.01,32,120,0.0,2,0.014893738,0.014893738,1.0036726,0.0,0.09915792,0.0,0.0,0.0002901341,-26.6572,2.2081237,0.73604125,0.16800001,0.0,0.16335362,3.539997,3.569997,387200
hardzero_plus_depr__c0p50__z1p00__lam0p030__nu0p50__psi1p00,hardzero_plus_depr,0.01,32,121,0.0,2,0.014893738,0.014893738,1.0240182,0.0,0.09461976,0.0,0.0,0.00028155936,-27.223162,2.2528849,0.75096166,0.192,0.008,0.15121278,3.569997,3.599997,390400
hardzero_plus_depr__c0p50__z1p00__lam0p030__nu0p50__psi1p00,hardzero_plus_depr,0.01,32,122,0.0,2,0.014893738,0.014893738,1.0165654,0.0,0.09625749,0.0,0.0,0.00027323802,-27.027267,2.2364886,0.7454962,0.192,0.0,0.14807248,3.599997,3.629997,393600
hardzero_plus_depr__c0p50__z1p00__lam0p030__nu0p50__psi1p00,hardzero_plus_depr,0.01,32,123,0.0,2,0.014893738,0.014893738,1.0300732,0.0,0.09330971,0.0,0.0,0.0002651626,-27.4347,2.2662063,0.7554021,0.16000001,0.0,0.15743524,3.629997,3.659997,396800
hardzero_plus_depr__c0p50__z1p00__lam0p030__nu0p50__psi1p00,hardzero_plus_depr,0.01,32,124,0.0,2,0.014893738,0.014893738,1.0429314,0.0,0.09058755,0.0,0.0,0.0002573259,-27.604557,2.2944949,0.76483166,0.16800001,0.0,0.13865535,3.659997,3.689997,400000
hardzero_plus_depr__c0p50__z1p00__lam0p030__nu0p50__psi1p00,hardzero_plus_depr,0.01,32,125,0.0,2,0.014893738,0.014893738,1.0181186,0.0,0.095913865,0.0,0.0,0.0002497208,-27.319317,2.2399056,0.7466352,0.128,0.0,0.16721834,3.689997,3.719997,403200
hardzero_plus_depr__c0p50__z1p00__lam0p030__nu0p50__psi1p00,hardzero_plus_depr,0.01,32,126,0.0,2,0.014893738,0.014893738,1.0125884,0.0,0.097143024,0.0,0.0,0.00024234041,-26.518951,2.2277389,0.74257964,0.16000001,0.0,0.12543704,3.719997,3.749997,406400
hardzero_plus_depr__c0p50__z1p00__lam0p030__nu0p50__psi1p00,hardzero_plus_depr,0.01,32,127,0.0,2,0.014893738,0.014893738,1.0000589,0.0,0.099986434,0.0,0.0,0.0002351782,-26.66425,2.2001734,0.73339117,0.15200001,0.0,0.15944369,3.749997,3.7799969,409600
hardzero_plus_depr__c0p50__z1p00__lam0p030__nu0p50__psi1p00,hardzero_plus_depr,0.01,32,128,0.0,2,0.014893738,0.014893738,1.0283715,0.0,0.093676046,0.0,0.0,0.00022822763,-27.471004,2.2624624,0.75415415,0.15200001,0.0,0.16623472,3.7799969,3.8099968,412800
hardzero_plus_depr__c0p50__z1p00__lam0p030__nu0p50__psi1p00,hardzero_plus_depr,0.01,32,129,0.0,2,0.014893738,0.014917072,0.9773416,0.105355784,0.105355784,1.0,2.3334462e-05,0.00022148249,-26.264662,2.1501944,0.7167315,0.18400002,0.0,0.14239301,3.8099968,3.8399968,416000
hardzero_plus_depr__c0p50__z1p00__lam0p030__nu0p50__psi1p00,hardzero_plus_depr,0.01,32,130,0.0,2,0.014917072,0.014939014,0.99103725,0.10208519,0.10208519,1.0,2.1941853e-05,0.00021493669,-26.862663,2.1803255,0.72677517,0.22,0.0,0.15189958,3.8399968,3.8699968,419200
hardzero_plus_depr__c0p50__z1p00__lam0p030__nu0p50__psi1p00,hardzero_plus_depr,0.01,32,131,0.0,2,0.014939014,0.014960931,0.9785097,0.105072804,0.105072804,1.0,2.1916543e-05,0.00020858436,-26.182787,2.1527643,0.7175881,0.128,0.0,0.15674837,3.8699968,3.8999968,422400
hardzero_plus_depr__c0p50__z1p00__lam0p030__nu0p50__psi1p00,hardzero_plus_depr,0.01,32,132,0.0,2,0.014960931,0.014960931,1.0091839,0.0,0.09790752,0.0,0.0,0.00020241976,-26.839935,2.220249,0.740083,0.2,0.0,0.16544572,3.8999968,3.9299967,425600
hardzero_plus_depr__c0p50__z1p00__lam0p030__nu0p50__psi1p00,hardzero_plus_depr,0.01,32,133,0.0,2,0.014960931,0.0149814235,0.981621,0.10432272,0.10432272,1.0,2.049288e-05,0.00019643737,-26.909616,2.1596093,0.7198698,0.2,0.0,0.16927147,3.9299967,3.9599967,428800
hardzero_plus_depr__c0p50__z1p00__lam0p030__nu0p50__psi1p00,hardzero_plus_depr,0.01,32,134,0.0,2,0.0149814235,0.0150039885,0.92675084,0.11837205,0.11837205,1.0,2.2565473e-05,0.00019063176,-26.17812,2.0388925,0.6796309,0.18400002,0.0,0.1437628,3.9599967,3.9899967,432000
hardzero_plus_depr__c0p50__z1p00__lam0p030__nu0p50__psi1p00,hardzero_plus_depr,0.01,32,135,0.0,2,0.0150039885,0.0150039885,1.0081329,0.0,0.09814474,0.0,0.0,0.00018499774,-26.96543,2.2179368,0.7393123,0.14400001,0.0,0.14705232,3.9899967,4.0199966,435200
hardzero_plus_depr__c0p50__z1p00__lam0p030__nu0p50__psi1p00,hardzero_plus_depr,0.01,32,136,0.0,2,0.0150039885,0.015023274,0.9688966,0.10742449,0.10742449,1.0,1.9285948e-05,0.00017953027,-26.027956,2.1316152,0.7105384,0.192,0.0,0.15739287,4.0199966,4.049997,438400
hardzero_plus_depr__c0p50__z1p00__lam0p030__nu0p50__psi1p00,hardzero_plus_depr,0.01,32,137,0.0,2,0.015023274,0.015023274,1.0208846,0.0,0.095304936,0.0,0.0,0.00017422427,-28.036427,2.245991,0.74866366,0.224,0.0,0.18582337,4.049997,4.079997,441600
hardzero_plus_depr__c0p50__z1p00__lam0p030__nu0p50__psi1p00,hardzero_plus_depr,0.01,32,138,0.0,2,0.015023274,0.015023274,1.0073466,0.0,0.09832259,0.0,0.0,0.00016907515,-26.505411,2.2162068,0.7387356,0.16800001,0.0,0.13381104,4.079997,4.1099973,444800
hardzero_plus_depr__c0p50__z1p00__lam0p030__nu0p50__psi1p00,hardzero_plus_depr,0.01,32,139,0.0,2,0.015023274,0.015023274,1.0525043,0.0,0.08861264,0.0,0.0,0.00016407818,-27.423904,2.3155556,0.7718519,0.17600001,0.0,0.18338558,4.1099973,4.1399975,448000
hardzero_plus_depr__c0p50__z1p00__lam0p030__nu0p50__psi1p00,hardzero_plus_depr,0.01,32,140,0.0,2,0.015023274,0.015039745,0.98531175,0.10343993,0.10343993,1.0,1.6470627e-05,0.0001592289,-27.374388,2.1677291,0.7225764,0.192,0.0,0.20306137,4.1399975,4.1699977,451200
hardzero_plus_depr__c0p50__z1p00__lam0p030__nu0p50__psi1p00,hardzero_plus_depr,0.01,32,141,0.0,2,0.015039745,0.015057234,0.9462146,0.11318407,0.11318407,1.0,1.7489538e-05,0.00015452296,-25.875872,2.0817137,0.6939046,0.16800001,0.0,0.18404801,4.1699977,4.199998,454400
hardzero_plus_depr__c0p50__z1p00__lam0p030__nu0p50__psi1p00,hardzero_plus_depr,0.01,32,142,0.0,2,0.015057234,0.015057234,1.0333806,0.0,0.0926018,0.0,0.0,0.00014995607,-27.085102,2.2734828,0.75782764,0.16800001,0.0,0.14439599,4.199998,4.229998,457600
hardzero_plus_depr__c0p50__z1p00__lam0p030__nu0p50__psi1p00,hardzero_plus_depr,0.01,32,143,0.0,2,0.015057234,0.01507223,0.9869516,0.10305009,0.10305009,1.0,1.4996279e-05,0.00014552417,-27.031364,2.171337,0.72377896,0.16,0.0,0.1492747,4.229998,4.2599983,460800
hardzero_plus_depr__c0p50__z1p00__lam0p030__nu0p50__psi1p00,hardzero_plus_depr,0.01,32,144,0.0,2,0.01507223,0.01508654,0.9942777,0.10132632,0.10132632,1.0,1.4309633e-05,0.00014122327,-26.643667,2.1874547,0.7291516,0.15200001,0.0,0.1499874,4.2599983,4.2899985,464000
hardzero_plus_depr__c0p50__z1p00__lam0p030__nu0p50__psi1p00,hardzero_plus_depr,0.01,32,145,0.0,2,0.01508654,0.01508654,1.0560309,0.0,0.087896,0.0,0.0,0.00013704946,-27.639687,2.3233142,0.7744381,0.112,0.0,0.14926699,4.2899985,4.3199987,467200
hardzero_plus_depr__c0p50__z1p00__lam0p030__nu0p50__psi1p00,hardzero_plus_depr,0.01,32,146,0.0,2,0.01508654,0.015100192,0.98865235,0.102647334,0.102647334,1.0,1.3651993e-05,0.000132999,-26.715145,2.1750786,0.72502625,0.23200001,0.0,0.15496972,4.3199987,4.349999,470400
hardzero_plus_depr__c0p50__z1p00__lam0p030__nu0p50__psi1p00,hardzero_plus_depr,0.01,32,147,0.0,2,0.015100192,0.015100192,1.0713161,0.0,0.08485624,0.0,0.0,0.00012906827,-28.017134,2.3569427,0.7856476,0.136,0.0,0.17445794,4.349999,4.379999,473600
hardzero_plus_depr__c0p50__z1p00__lam0p030__nu0p50__psi1p00,hardzero_plus_depr,0.01,32,148,0.0,2,0.015100192,0.015100192,1.0061367,0.0,0.09859692,0.0,0.0,0.00012525369,-27.043644,2.2135448,0.7378483,0.16000001,0.0,0.1526797,4.379999,4.4099994,476800
hardzero_plus_depr__c0p50__z1p00__lam0p030__nu0p50__psi1p00,hardzero_plus_depr,0.01,32,149,0.0,2,0.015100192,0.015100192,1.0023668,0.0,0.0994565,0.0,0.0,0.00012155187,-26.32548,2.205251,0.7350837,0.16800001,0.0,0.16925652,4.4099994,4.4399996,480000
hardzero_plus_depr__c0p50__z1p00__lam0p030__nu0p50__psi1p00,hardzero_plus_depr,0.01,32,150,0.0,2,0.015100192,0.015112032,0.99837565,0.100374736,0.100374736,1.0,1.1840147e-05,0.00011795943,-26.457993,2.1964703,0.73215675,0.128,0.0,0.12974569,4.4399996,4.47,483200
hardzero_plus_depr__c0p50__z1p00__lam0p030__nu0p50__psi1p00,hardzero_plus_depr,0.01,32,151,0.0,2,0.015112032,0.015112032,1.0048673,0.0,0.09888552,0.0,0.0,0.00011447318,-26.769653,2.2107522,0.73691744,0.14400001,0.0,0.14743643,4.47,4.5,486400
hardzero_plus_depr__c0p50__z1p00__lam0p030__nu0p50__psi1p00,hardzero_plus_depr,0.01,32,152,0.0,2,0.015112032,0.015112032,1.0012408,0.0,0.09971468,0.0,0.0,0.00011108997,-27.056847,2.2027738,0.73425794,0.136,0.0,0.16433118,4.5,4.53,489600
hardzero_plus_depr__c0p50__z1p00__lam0p030__nu0p50__psi1p00,hardzero_plus_depr,0.01,32,153,0.0,2,0.015112032,0.015123389,0.9774143,0.10533815,0.10533815,1.0,1.1356163e-05,0.00010780674,-26.441525,2.1503544,0.71678483,0.23200001,0.0,0.15410335,4.53,4.5600004,492800
hardzero_plus_depr__c0p50__z1p00__lam0p030__nu0p50__psi1p00,hardzero_plus_depr,0.01,32,154,0.0,2,0.015123389,0.0151340645,0.9912037,0.10204606,0.10204606,1.0,1.0676114e-05,0.000104620536,-26.571892,2.1806917,0.72689724,0.16800001,0.0,0.14657304,4.5600004,4.5900006,496000
hardzero_plus_depr__c0p50__z1p00__lam0p030__nu0p50__psi1p00,hardzero_plus_depr,0.01,32,155,0.0,2,0.0151340645,0.0151340645,1.0317858,0.0,0.09294246,0.0,0.0,0.00010152851,-28.684998,2.2699742,0.7566581,0.120000005,0.0,0.1583307,4.5900006,4.620001,499200
hardzero_plus_depr__c0p50__z1p00__lam0p030__nu0p50__psi1p00,hardzero_plus_depr,0.01,32,156,0.0,2,0.0151340645,0.0151340645,1.0535519,0.0,0.088399135,0.0,0.0,9.8527875e-05,-27.164145,2.3178606,0.7726202,0.14,0.0,0.1567289,4.620001,4.650001,502400
hardzero_plus_depr__c0p50__z1p00__lam0p030__nu0p50__psi1p00,hardzero_plus_depr,0.01,32,157,0.0,2,0.0151340645,0.015144749,0.9517913,0.11174001,0.11174001,1.0,1.0684123e-05,9.561591e-05,-25.43104,2.0939827,0.69799423,0.16800001,0.0,0.14683028,4.650001,4.6800013,505600
hardzero_plus_depr__c0p50__z1p00__lam0p030__nu0p50__psi1p00,hardzero_plus_depr,0.01,32,158,0.0,2,0.015144749,0.015155473,0.93712443,0.11557809,0.11557809,1.0,1.0724494e-05,9.2790026e-05,-25.681309,2.061715,0.68723834,0.16800001,0.0,0.119952545,4.6800013,4.7100015,508800
hardzero_plus_depr__c0p50__z1p00__lam0p030__nu0p50__psi1p00,hardzero_plus_depr,0.01,32,159,0.0,2,0.015155473,0.015165384,0.95833164,0.11006983,0.11006983,1.0,9.911529e-06,9.004764e-05,-25.833103,2.1083717,0.7027906,0.192,0.0,0.16304752,4.7100015,4.7400017,512000
hardzero_plus_depr__c0p50__z1p00__lam0p030__nu0p50__psi1p00,hardzero_plus_depr,0.01,32,160,0.0,2,0.015165384,0.015174645,0.9747653,0.105982624,0.105982624,1.0,9.26143e-06,8.738631e-05,-26.823595,2.1445265,0.7148422,0.192,0.0,0.16231352,4.7400017,4.770002,515200
hardzero_plus_depr__c0p50__z1p00__lam0p030__nu0p50__psi1p00,hardzero_plus_depr,0.01,32,161,0.0,2,0.015174645,0.015183556,0.9784876,0.10507813,0.10507813,1.0,8.911008e-06,8.480364e-05,-27.012781,2.1527157,0.7175719,0.24800001,0.0,0.15283751,4.770002,4.800002,518400
hardzero_plus_depr__c0p50__z1p00__lam0p030__nu0p50__psi1p00,hardzero_plus_depr,0.01,32,162,0.0,2,0.015183556,0.015183556,1.0465814,0.0,0.08982942,0.0,0.0,8.2297294e-05,-27.758247,2.302525,0.7675084,0.128,0.0,0.16250005,4.800002,4.8300023,521600
hardzero_plus_depr__c0p50__z1p00__lam0p030__nu0p50__psi1p00,hardzero_plus_depr,0.01,32,163,0.0,2,0.015183556,0.015191584,0.9977537,0.10051856,0.10051856,1.0,8.027918e-06,7.986503e-05,-27.153353,2.195102,0.73170066,0.14400001,0.0,0.16686267,4.8300023,4.8600025,524800
hardzero_plus_depr__c0p50__z1p00__lam0p030__nu0p50__psi1p00,hardzero_plus_depr,0.01,32,164,0.0,2,0.015191584,0.015199796,0.9748688,0.10595739,0.10595739,1.0,8.21219e-06,7.750464e-05,-25.584124,2.1447542,0.7149181,0.14400001,0.0,0.17675976,4.8600025,4.8900027,528000
hardzero_plus_depr__c0p50__z1p00__lam0p030__nu0p50__psi1p00,hardzero_plus_depr,0.01,32,165,0.0,2,0.015199796,0.0152075365,0.9875315,0.1029126,0.1029126,1.0,7.74047e-06,7.521402e-05,-26.779934,2.1726127,0.72420424,0.24800001,0.0,0.14141032,4.8900027,4.920003,531200
hardzero_plus_depr__c0p50__z1p00__lam0p030__nu0p50__psi1p00,hardzero_plus_depr,0.01,32,166,0.0,2,0.0152075365,0.0152075365,1.0545605,0.0,0.08819407,0.0,0.0,7.299109e-05,-27.35904,2.3200796,0.7733599,0.136,0.0,0.14316073,4.920003,4.950003,534400
hardzero_plus_depr__c0p50__z1p00__lam0p030__nu0p50__psi1p00,hardzero_plus_depr,0.01,32,167,0.0,2,0.0152075365,0.015214872,0.98483133,0.10355442,0.10355442,1.0,7.33516e-06,7.083386e-05,-27.416533,2.1666722,0.7222241,0.14400001,0.0,0.138403,4.950003,4.9800034,537600
hardzero_plus_depr__c0p50__z1p00__lam0p030__nu0p50__psi1p00,hardzero_plus_depr,0.01,32,168,0.0,2,0.015214872,0.015214872,1.0058019,0.0,0.098672956,0.0,0.0,6.874039e-05,-27.242,2.2128084,0.73760283,0.15200001,0.0,0.19373147,4.9800034,5.0100036,540800
hardzero_plus_depr__c0p50__z1p00__lam0p030__nu0p50__psi1p00,hardzero_plus_depr,0.01,32,169,0.0,2,0.015214872,0.015214872,1.0776008,0.0,0.08363713,0.0,0.0,6.6708795e-05,-28.18552,2.3707693,0.79025644,0.17999999,0.0,0.16673353,5.0100036,5.040004,544000
hardzero_plus_depr__c0p50__z1p00__lam0p030__nu0p50__psi1p00,hardzero_plus_depr,0.01,32,170,0.0,2,0.015214872,0.015214872,1.0027933,0.0,0.09935887,0.0,0.0,6.4737236e-05,-26.359215,2.2061894,0.7353965,0.15200001,0.0,0.15321258,5.040004,5.070004,547200
hardzero_plus_depr__c0p50__z1p00__lam0p030__nu0p50__psi1p00,hardzero_plus_depr,0.01,32,171,0.0,2,0.015214872,0.015214872,1.0731066,0.0,0.08450713,0.0,0.0,6.282394e-05,-29.138569,2.3608818,0.7869606,0.128,0.0,0.17120436,5.070004,5.100004,550400
hardzero_plus_depr__c0p50__z1p00__lam0p030__nu0p50__psi1p00,hardzero_plus_depr,0.01,32,172,0.0,2,0.015214872,0.015214872,1.0410789,0.0,0.090974785,0.0,0.0,6.096721e-05,-27.770025,2.2904193,0.76347315,0.096,0.0,0.17340828,5.100004,5.1300044,553600
hardzero_plus_depr__c0p50__z1p00__lam0p030__nu0p50__psi1p00,hardzero_plus_depr,0.01,32,173,0.0,2,0.015214872,0.015214872,1.0600679,0.0,0.08708274,0.0,0.0,5.9165344e-05,-27.543547,2.332196,0.7773987,0.120000005,0.0,0.17965156,5.1300044,5.1600046,556800
hardzero_plus_depr__c0p50__z1p00__lam0p030__nu0p50__psi1p00,hardzero_plus_depr,0.01,32,174,0.0,2,0.015214872,0.015214872,1.0380957,0.0,0.09160185,0.0,0.0,5.7416728e-05,-26.93319,2.2838562,0.7612854,0.17600001,0.0,0.1788073,5.1600046,5.190005,560000
hardzero_plus_depr__c0p50__z1p00__lam0p030__nu0p50__psi1p00,hardzero_plus_depr,0.01,32,175,0.0,2,0.015214872,0.015214872,1.0287899,0.0,0.093585834,0.0,0.0,5.57198e-05,-27.265463,2.263383,0.754461,0.136,0.0,0.16790673,5.190005,5.220005,563200
hardzero_plus_depr__c0p50__z1p00__lam0p030__nu0p50__psi1p00,hardzero_plus_depr,0.01,32,176,0.0,2,0.015214872,0.015214872,1.0333414,0.0,0.092610136,0.0,0.0,5.4073014e-05,-28.066656,2.2733965,0.75779885,0.192,0.0,0.16044311,5.220005,5.2500052,566400
hardzero_plus_depr__c0p50__z1p00__lam0p030__nu0p50__psi1p00,hardzero_plus_depr,0.01,32,177,0.0,2,0.015214872,0.015220394,0.97777516,0.10525067,0.10525067,1.0,5.52302e-06,5.2474912e-05,-26.461407,2.1511483,0.7170495,0.272,0.008,0.14429541,5.2500052,5.2800055,569600
hardzero_plus_depr__c0p50__z1p00__lam0p030__nu0p50__psi1p00,hardzero_plus_depr,0.01,32,178,0.0,2,0.015220394,0.01522565,0.9863223,0.10319953,0.10319953,1.0,5.2553355e-06,5.0924027e-05,-27.74496,2.1699524,0.7233175,0.048,0.0,0.16082735,5.2800055,5.3100057,572800
hardzero_plus_depr__c0p50__z1p00__lam0p030__nu0p50__psi1p00,hardzero_plus_depr,0.01,32,179,0.0,2,0.01522565,0.01522565,1.0334463,0.0,0.09258777,0.0,0.0,4.9418988e-05,-27.75945,2.2736273,0.7578758,0.17600001,0.0,0.18424866,5.3100057,5.340006,576000
hardzero_plus_depr__c0p50__z1p00__lam0p030__nu0p50__psi1p00,hardzero_plus_depr,0.01,32,180,0.0,2,0.01522565,0.015230653,0.98162687,0.10432133,0.10432133,1.0,5.0030867e-06,4.7958427e-05,-26.761166,2.1596222,0.7198741,0.128,0.0,0.1614085,5.340006,5.370006,579200
hardzero_plus_depr__c0p50__z1p00__lam0p030__nu0p50__psi1p00,hardzero_plus_depr,0.01,32,181,0.0,2,0.015230653,0.015230653,1.0408663,0.0,0.09101934,0.0,0.0,4.654103e-05,-26.699259,2.2899516,0.7633172,0.136,0.0,0.1480516,5.370006,5.4000063,582400
hardzero_plus_depr__c0p50__z1p00__lam0p030__nu0p50__psi1p00,hardzero_plus_depr,0.01,32,182,0.0,2,0.015230653,0.015235331,0.984737,0.10357691,0.10357691,1.0,4.6781056e-06,4.5165525e-05,-26.384783,2.1664646,0.72215486,0.17,0.0,0.15359327,5.4000063,5.4300065,585600
hardzero_plus_depr__c0p50__z1p00__lam0p030__nu0p50__psi1p00,hardzero_plus_depr,0.01,32,183,0.0,2,0.015235331,0.015240066,0.9664436,0.10803299,0.10803299,1.0,4.7351587e-06,4.3830674e-05,-26.819412,2.1262183,0.70873946,0.14400001,0.0,0.14400963,5.4300065,5.4600067,588800
hardzero_plus_depr__c0p50__z1p00__lam0p030__nu0p50__psi1p00,hardzero_plus_depr,0.01,32,184,0.0,2,0.015240066,0.015244328,0.9990486,0.1002193,0.1002193,1.0,4.262855e-06,4.253527e-05,-26.980194,2.1979508,0.7326503,0.16800001,0.0,0.1429516,5.4600067,5.490007,592000
hardzero_plus_depr__c0p50__z1p00__lam0p030__nu0p50__psi1p00,hardzero_plus_depr,0.01,32,185,0.0,2,0.015244328,0.015248506,0.9947445,0.10121746,0.10121746,1.0,4.17807e-06,4.1278152e-05,-27.21836,2.1884816,0.72949386,0.128,0.0,0.14093405,5.490007,5.520007,595200
hardzero_plus_depr__c0p50__z1p00__lam0p030__nu0p50__psi1p00,hardzero_plus_depr,0.01,32,186,0.0,2,0.015248506,0.015248506,1.0242834,0.0,0.09456198,0.0,0.0,4.0058196e-05,-28.647272,2.2534685,0.7511562,0.192,0.0,0.16809992,5.520007,5.5500073,598400
hardzero_plus_depr__c0p50__z1p00__lam0p030__nu0p50__psi1p00,hardzero_plus_depr,0.01,32,187,0.0,2,0.015248506,0.015252533,0.9847138,0.10358245,0.10358245,1.0,4.0266937e-06,3.8874285e-05,-26.44865,2.1664135,0.72213787,0.18400002,0.0,0.12559876,5.5500073,5.5800076,601600
hardzero_plus_depr__c0p50__z1p00__lam0p030__nu0p50__psi1p00,hardzero_plus_depr,0.01,32,188,0.0,2,0.015252533,0.015252533,1.0023398,0.0,0.09946267,0.0,0.0,3.772537e-05,-27.16519,2.2051916,0.7350639,0.128,0.0,0.1448713,5.5800076,5.610008,604800
hardzero_plus_depr__c0p50__z1p00__lam0p030__nu0p50__psi1p00,hardzero_plus_depr,0.01,32,189,0.0,2,0.015252533,0.015252533,1.0084411,0.0,0.09807513,0.0,0.0,3.6610407e-05,-27.004915,2.2186146,0.7395382,0.16000001,0.0,0.16223681,5.610008,5.640008,608000
hardzero_plus_depr__c0p50__z1p00__lam0p030__nu0p50__psi1p00,hardzero_plus_depr,0.01,32,190,0.0,2,0.015252533,0.015256243,0.9812831,0.104403935,0.104403935,1.0,3.7093048e-06,3.55284e-05,-27.280357,2.158866,0.719622,0.14400001,0.0,0.14722034,5.640008,5.670008,611200
hardzero_plus_depr__c0p50__z1p00__lam0p030__nu0p50__psi1p00,hardzero_plus_depr,0.01,32,191,0.0,2,0.015256243,0.015259958,0.9676237,0.10773983,0.10773983,1.0,3.7146935e-06,3.447837e-05,-26.250408,2.1288147,0.7096049,0.16000001,0.0,0.14450541,5.670008,5.7000084,614400
hardzero_plus_depr__c0p50__z1p00__lam0p030__nu0p50__psi1p00,hardzero_plus_depr,0.01,32,192,0.0,2,0.015259958,0.015259958,1.011774,0.0,0.09732536,0.0,0.0,3.3459375e-05,-27.516891,2.2259471,0.7419824,0.15200001,0.0,0.16403277,5.7000084,5.7300086,617600
hardzero_plus_depr__c0p50__z1p00__lam0p030__nu0p50__psi1p00,hardzero_plus_depr,0.01,32,193,0.0,2,0.015259958,0.015263337,0.982724,0.10405812,0.10405812,1.0,3.3788183e-06,3.2470492e-05,-26.781918,2.162036,0.7206787,0.224,0.0,0.16897166,5.7300086,5.760009,620800
hardzero_plus_depr__c0p50__z1p00__lam0p030__nu0p50__psi1p00,hardzero_plus_depr,0.01,32,194,0.0,2,0.015263337,0.015266593,0.9858446,0.10331309,0.10331309,1.0,3.255482e-06,3.1510837e-05,-26.602571,2.1689014,0.72296715,0.120000005,0.0,0.14890897,5.760009,5.790009,624000
hardzero_plus_depr__c0p50__z1p00__lam0p030__nu0p50__psi1p00,hardzero_plus_depr,0.01,32,195,0.0,2,0.015266593,0.015266593,1.0142298,0.0,0.096776575,0.0,0.0,3.0579544e-05,-26.489876,2.23135,0.74378335,0.17,0.0,0.15079826,5.790009,5.820009,627200
hardzero_plus_depr__c0p50__z1p00__lam0p030__nu0p50__psi1p00,hardzero_plus_depr,0.01,32,196,0.0,2,0.015266593,0.015266593,1.0146366,0.0,0.096685946,0.0,0.0,2.9675779e-05,-27.032475,2.2322452,0.74408174,0.16000001,0.0,0.16264549,5.820009,5.8500094,630400
hardzero_plus_depr__c0p50__z1p00__lam0p030__nu0p50__psi1p00,hardzero_plus_depr,0.01,32,197,0.0,2,0.015266593,0.015266593,1.0044652,0.0,0.09897711,0.0,0.0,2.8798719e-05,-26.938648,2.2098677,0.7366226,0.208,0.008,0.16647454,5.8500094,5.8800097,633600
hardzero_plus_depr__c0p50__z1p00__lam0p030__nu0p50__psi1p00,hardzero_plus_depr,0.01,32,198,0.0,2,0.015266593,0.015269446,0.99090654,0.10211591,0.10211591,1.0,2.8538925e-06,2.794758e-05,-25.807919,2.180038,0.7266793,0.128,0.0,0.13100125,5.8800097,5.91001,636800
hardzero_plus_depr__c0p50__z1p00__lam0p030__nu0p50__psi1p00,hardzero_plus_depr,0.01,32,199,0.0,2,0.015269446,0.01527224,0.9870806,0.10301948,0.10301948,1.0,2.7940534e-06,2.7121601e-05,-26.665056,2.1716206,0.72387356,0.18400002,0.0,0.13285197,5.91001,5.94001,640000
hardzero_plus_depr__c0p50__z1p00__lam0p030__nu0p50__psi1p00,hardzero_plus_depr,0.01,32,200,0.0,2,0.01527224,0.015274997,0.9799403,0.10472724,0.10472724,1.0,2.7564242e-06,2.6320033e-05,-26.350555,2.1559117,0.7186372,0.216,0.0,0.1337007,5.94001,5.9700103,643200
hardzero_plus_depr__c0p50__z1p00__lam0p030__nu0p50__psi1p00,hardzero_plus_depr,0.01,32,201,0.0,2,0.015274997,0.015277635,0.9859792,0.10328107,0.10328107,1.0,2.6380205e-06,2.554215e-05,-26.55912,2.1691976,0.72306585,0.15200001,0.0,0.13489011,5.9700103,6.0000105,646400
hardzero_plus_depr__c0p50__z1p00__lam0p030__nu0p50__psi1p00,hardzero_plus_depr,0.01,32,202,0.0,2,0.015277635,0.015277635,1.0381498,0.0,0.09159045,0.0,0.0,2.4787261e-05,-27.912516,2.2839754,0.7613251,0.120000005,0.0,0.17821157,6.0000105,6.0300107,649600
hardzero_plus_depr__c0p50__z1p00__lam0p030__nu0p50__psi1p00,hardzero_plus_depr,0.01,32,203,0.0,2,0.015277635,0.015280149,0.98095363,0.10448318,0.10448318,1.0,2.5133097e-06,2.4054681e-05,-25.662605,2.1581411,0.7193804,0.112,0.0,0.15558776,6.0300107,6.060011,652800
hardzero_plus_depr__c0p50__z1p00__lam0p030__nu0p50__psi1p00,hardzero_plus_depr,0.01,32,204,0.0,2,0.015280149,0.015280149,1.0311905,0.0,0.09306995,0.0,0.0,2.3343753e-05,-27.949171,2.2686644,0.7562215,0.16800001,0.0,0.15480794,6.060011,6.090011,656000
hardzero_plus_depr__c0p50__z1p00__lam0p030__nu0p50__psi1p00,hardzero_plus_depr,0.01,32,205,0.0,2,0.015280149,0.015282587,0.96805155,0.10763375,0.10763375,1.0,2.4383173e-06,2.2653836e-05,-26.46149,2.129756,0.7099187,0.23200001,0.0,0.13176766,6.090011,6.1200113,659200
hardzero_plus_depr__c0p50__z1p00__lam0p030__nu0p50__psi1p00,hardzero_plus_depr,0.01,32,206,0.0,2,0.015282587,0.015282587,1.0071589,0.0,0.09836511,0.0,0.0,2.198431e-05,-26.596884,2.2157938,0.738598,0.14400001,0.0,0.15113162,6.1200113,6.1500115,662400
hardzero_plus_depr__c0p50__z1p00__lam0p030__nu0p50__psi1p00,hardzero_plus_depr,0.01,32,207,0.0,2,0.015282587,0.015282587,1.0034142,0.0,0.099216945,0.0,0.0,2.133457e-05,-27.070843,2.2075553,0.73585176,0.192,0.0,0.17672578,6.1500115,6.1800117,665600
hardzero_plus_depr__c0p50__z1p00__lam0p030__nu0p50__psi1p00,hardzero_plus_depr,0.01,32,208,0.0,2,0.015282587,0.015284775,0.976148,0.10564573,0.10564573,1.0,2.187293e-06,2.0704036e-05,-25.865059,2.1475685,0.7158562,0.17,0.0,0.13550419,6.1800117,6.210012,668800
hardzero_plus_depr__c0p50__z1p00__lam0p030__nu0p50__psi1p00,hardzero_plus_depr,0.01,32,209,0.0,2,0.015284775,0.015284775,1.0383108,0.0,0.09155652,0.0,0.0,2.0092133e-05,-28.417992,2.2843292,0.7614431,0.2,0.0,0.21062335,6.210012,6.240012,672000
hardzero_plus_depr__c0p50__z1p00__lam0p030__nu0p50__psi1p00,hardzero_plus_depr,0.01,32,210,0.0,2,0.015284775,0.015284775,1.038726,0.0,0.09146903,0.0,0.0,1.9498319e-05,-27.670185,2.2852428,0.7617476,0.16000001,0.0,0.1470831,6.240012,6.2700124,675200
hardzero_plus_depr__c0p50__z1p00__lam0p030__nu0p50__psi1p00,hardzero_plus_depr,0.01,32,211,0.0,2,0.015284775,0.015284775,1.061535,0.0,0.086789064,0.0,0.0,1.8922052e-05,-27.597702,2.3354237,0.77847457,0.128,0.0,0.17221177,6.2700124,6.3000126,678400
hardzero_plus_depr__c0p50__z1p00__lam0p030__nu0p50__psi1p00,hardzero_plus_depr,0.01,32,212,0.0,2,0.015284775,0.015284775,1.0309112,0.0,0.09312983,0.0,0.0,1.8362816e-05,-27.258783,2.26805,0.7560167,0.136,0.0,0.15706192,6.3000126,6.330013,681600
hardzero_plus_depr__c0p50__z1p00__lam0p030__nu0p50__psi1p00,hardzero_plus_depr,0.01,32,213,0.0,2,0.015284775,0.015284775,1.0714482,0.0,0.084830455,0.0,0.0,1.782011e-05,-29.51637,2.357233,0.78574437,0.16000001,0.0,0.19613917,6.330013,6.360013,684800
hardzero_plus_depr__c0p50__z1p00__lam0p030__nu0p50__psi1p00,hardzero_plus_depr,0.01,32,214,0.0,2,0.015284775,0.015286596,0.9777404,0.10525907,0.10525907,1.0,1.8202916e-06,1.7293441e-05,-26.157164,2.1510718,0.71702397,0.128,0.0,0.1571403,6.360013,6.390013,688000
hardzero_plus_depr__c0p50__z1p00__lam0p030__nu0p50__psi1p00,hardzero_plus_depr,0.01,32,215,0.0,2,0.015286596,0.015288491,0.9472641,0.11291092,0.11291092,1.0,1.8949095e-06,1.678234e-05,-26.74001,2.0840225,0.6946742,0.224,0.0,0.14741549,6.390013,6.4200134,691200
hardzero_plus_depr__c0p50__z1p00__lam0p030__nu0p50__psi1p00,hardzero_plus_depr,0.01,32,216,0.0,2,0.015288491,0.015290311,0.95184916,0.111725114,0.111725114,1.0,1.8195935e-06,1.6286343e-05,-26.370876,2.09411,0.6980367,0.224,0.0,0.1475219,6.4200134,6.4500136,694400
hardzero_plus_depr__c0p50__z1p00__lam0p030__nu0p50__psi1p00,hardzero_plus_depr,0.01,32,217,0.0,2,0.015290311,0.015291995,0.9722728,0.106592625,0.106592625,1.0,1.684697e-06,1.5805006e-05,-26.583038,2.1390429,0.7130143,0.15200001,0.0,0.13501216,6.4500136,6.480014,697600
hardzero_plus_depr__c0p50__z1p00__lam0p030__nu0p50__psi1p00,hardzero_plus_depr,0.01,32,218,0.0,2,0.015291995,0.015291995,1.0285264,0.0,0.093642615,0.0,0.0,1.5337893e-05,-28.661343,2.2628033,0.7542678,0.16000001,0.0,0.17563996,6.480014,6.510014,700800
hardzero_plus_depr__c0p50__z1p00__lam0p030__nu0p50__psi1p00,hardzero_plus_depr,0.01,32,219,0.0,2,0.015291995,0.015293501,0.9948784,0.10118627,0.10118627,1.0,1.506116e-06,1.4884588e-05,-26.90595,2.1887763,0.7295921,0.14400001,0.0,0.15384543,6.510014,6.5400143,704000
hardzero_plus_depr__c0p50__z1p00__lam0p030__nu0p50__psi1p00,hardzero_plus_depr,0.01,32,220,0.0,2,0.015293501,0.015293501,1.0572205,0.0,0.087655574,0.0,0.0,1.4444678e-05,-28.002626,2.3259315,0.7753105,0.17600001,0.0,0.16712794,6.5400143,6.5700145,707200
hardzero_plus_depr__c0p50__z1p00__lam0p030__nu0p50__psi1p00,hardzero_plus_depr,0.01,32,221,0.0,2,0.015293501,0.015295032,0.9616561,0.10923051,0.10923051,1.0,1.5311683e-06,1.4017771e-05,-26.10391,2.1156857,0.70522857,0.17,0.0,0.12827815,6.5700145,6.6000147,710400
hardzero_plus_depr__c0p50__z1p00__lam0p030__nu0p50__psi1p00,hardzero_plus_depr,0.01,32,222,0.0,2,0.015295032,0.0152965365,0.95645446,0.11054664,0.11054664,1.0,1.503819e-06,1.360348e-05,-26.359314,2.1042418,0.701414,0.16000001,0.0,0.14707111,6.6000147,6.630015,713600
hardzero_plus_depr__c0p50__z1p00__lam0p030__nu0p50__psi1p00,hardzero_plus_depr,0.01,32,223,0.0,2,0.0152965365,0.0152965365,1.0264008,0.0,0.09410208,0.0,0.0,1.3201435e-05,-27.805986,2.258127,0.75270903,0.120000005,0.0,0.12277892,6.630015,6.660015,716800
hardzero_plus_depr__c0p50__z1p00__lam0p030__nu0p50__psi1p00,hardzero_plus_depr,0.01,32,224,0.0,2,0.0152965365,0.0152965365,1.0131342,0.0,0.097021006,0.0,0.0,1.281127e-05,-26.894907,2.2289398,0.74297994,0.2,0.0,0.17040536,6.660015,6.6900153,720000
hardzero_plus_depr__c0p50__z1p00__lam0p030__nu0p50__psi1p00,hardzero_plus_depr,0.01,32,225,0.0,2,0.0152965365,0.0152965365,1.0508866,0.0,0.088943325,0.0,0.0,1.2432637e-05,-27.801216,2.3119967,0.7706656,0.14400001,0.0,0.17296378,6.6900153,6.7200155,723200
hardzero_plus_depr__c0p50__z1p00__lam0p030__nu0p50__psi1p00,hardzero_plus_depr,0.01,32,226,0.0,2,0.0152965365,0.015297858,0.9604389,0.10953707,0.10953707,1.0,1.3215861e-06,1.2065195e-05,-26.22415,2.1130078,0.7043359,0.2,0.0,0.1492054,6.7200155,6.7500157,726400
hardzero_plus_depr__c0p50__z1p00__lam0p030__nu0p50__psi1p00,hardzero_plus_depr,0.01,32,227,0.0,2,0.015297858,0.015299083,0.9804855,0.10459586,0.10459586,1.0,1.2246724e-06,1.1708612e-05,-26.089079,2.1571112,0.71903706,0.208,0.0,0.1541871,6.7500157,6.780016,729600
hardzero_plus_depr__c0p50__z1p00__lam0p030__nu0p50__psi1p00,hardzero_plus_depr,0.01,32,228,0.0,2,0.015299083,0.015300236,0.993709,0.1014591,0.1014591,1.0,1.1528359e-06,1.1362567e-05,-26.639803,2.1862035,0.7287345,0.192,0.0,0.16629091,6.780016,6.810016,732800
hardzero_plus_depr__c0p50__z1p00__lam0p030__nu0p50__psi1p00,hardzero_plus_depr,0.01,32,229,0.0,2,0.015300236,0.015301504,0.9390497,0.11506685,0.11506685,1.0,1.2688133e-06,1.1026749e-05,-25.568544,2.0659506,0.68865025,0.15200001,0.008,0.12604685,6.810016,6.8400164,736000
hardzero_plus_depr__c0p50__z1p00__lam0p030__nu0p50__psi1p00,hardzero_plus_depr,0.01,32,230,0.0,2,0.015301504,0.015302586,0.99528116,0.10109247,0.10109247,1.0,1.0817763e-06,1.0700859e-05,-26.464067,2.1896622,0.7298874,0.16800001,0.0,0.14451651,6.8400164,6.8700166,739200
hardzero_plus_depr__c0p50__z1p00__lam0p030__nu0p50__psi1p00,hardzero_plus_depr,0.01,32,231,0.0,2,0.015302586,0.015302586,1.0268235,0.0,0.09401052,0.0,0.0,1.0384598e-05,-28.054432,2.2590568,0.753019,0.120000005,0.0,0.1550249,6.8700166,6.900017,742400
hardzero_plus_depr__c0p50__z1p00__lam0p030__nu0p50__psi1p00,hardzero_plus_depr,0.01,32,232,0.0,2,0.015302586,0.015302586,1.0173805,0.0,0.096077025,0.0,0.0,1.0077685e-05,-26.683243,2.2382817,0.7460939,0.2,0.0,0.15703517,6.900017,6.930017,745600
hardzero_plus_depr__c0p50__z1p00__lam0p030__nu0p50__psi1p00,hardzero_plus_depr,0.01,32,233,0.0,2,0.015302586,0.0153036155,0.97774285,0.105258495,0.105258495,1.0,1.0294116e-06,9.779843e-06,-26.757078,2.1510773,0.71702576,0.192,0.0,0.14246802,6.930017,6.960017,748800
hardzero_plus_depr__c0p50__z1p00__lam0p030__nu0p50__psi1p00,hardzero_plus_depr,0.01,32,234,0.0,2,0.0153036155,0.0153036155,1.0043781,0.0,0.09899698,0.0,0.0,9.490803e-06,-27.195864,2.2096758,0.7365586,0.11,0.0,0.15638646,6.960017,6.9900174,752000
hardzero_plus_depr__c0p50__z1p00__lam0p030__nu0p50__psi1p00,hardzero_plus_depr,0.01,32,235,0.0,2,0.0153036155,0.015304581,0.979205,0.10490471,0.10490471,1.0,9.662044e-07,9.2103055e-06,-26.274141,2.154294,0.71809804,0.16000001,0.008,0.1435569,6.9900174,7.0200176,755200
hardzero_plus_depr__c0p50__z1p00__lam0p030__nu0p50__psi1p00,hardzero_plus_depr,0.01,32,236,0.0,2,0.015304581,0.015304581,1.0112084,0.0,0.09745218,0.0,0.0,8.938097e-06,-27.285702,2.2247028,0.7415676,0.16000001,0.0,0.18144178,7.0200176,7.050018,758400
hardzero_plus_depr__c0p50__z1p00__lam0p030__nu0p50__psi1p00,hardzero_plus_depr,0.01,32,237,0.0,2,0.015304581,0.015304581,1.0264821,0.0,0.094084464,0.0,0.0,8.673935e-06,-27.572157,2.2583058,0.75276864,0.136,0.0,0.13949652,7.050018,7.080018,761600
hardzero_plus_depr__c0p50__z1p00__lam0p030__nu0p50__psi1p00,hardzero_plus_depr,0.01,32,238,0.0,2,0.015304581,0.015304581,1.010406,0.0,0.09763239,0.0,0.0,8.41758e-06,-27.064222,2.2229376,0.7409792,0.16800001,0.0,0.16433884,7.080018,7.1100183,764800
hardzero_plus_depr__c0p50__z1p00__lam0p030__nu0p50__psi1p00,hardzero_plus_depr,0.01,32,239,0.0,2,0.015304581,0.015305401,0.9985006,0.10034585,0.10034585,1.0,8.197053e-07,8.168801e-06,-26.783098,2.1967452,0.7322484,0.136,0.0,0.1595971,7.1100183,7.1400185,768000
hardzero_plus_depr__c0p50__z1p00__lam0p030__nu0p50__psi1p00,hardzero_plus_depr,0.01,32,240,0.0,2,0.015305401,0.015306209,0.9916872,0.101932526,0.101932526,1.0,8.0805734e-07,7.927375e-06,-26.802607,2.1817553,0.72725177,0.18400002,0.0,0.14658196,7.1400185,7.1700187,771200
hardzero_plus_depr__c0p50__z1p00__lam0p030__nu0p50__psi1p00,hardzero_plus_depr,0.01,32,241,0.0,2,0.015306209,0.015306209,1.0240171,0.0,0.09461999,0.0,0.0,7.693084e-06,-26.91055,2.2528827,0.75096095,0.18400002,0.0,0.1647052,7.1700187,7.200019,774400
hardzero_plus_depr__c0p50__z1p00__lam0p030__nu0p50__psi1p00,hardzero_plus_depr,0.01,32,242,0.0,2,0.015306209,0.015307095,0.92579824,0.11863196,0.11863196,1.0,8.8567265e-07,7.4657173e-06,-25.37132,2.0367968,0.6789323,0.192,0.0,0.13578615,7.200019,7.230019,777600
hardzero_plus_depr__c0p50__z1p00__lam0p030__nu0p50__psi1p00,hardzero_plus_depr,0.01,32,243,0.0,2,0.015307095,0.015307863,0.974372,0.10607864,0.10607864,1.0,7.685472e-07,7.2450703e-06,-26.241407,2.1436613,0.7145538,0.16800001,0.0,0.15080523,7.230019,7.2600193,780800
hardzero_plus_depr__c0p50__z1p00__lam0p030__nu0p50__psi1p00,hardzero_plus_depr,0.01,32,244,0.0,2,0.015307863,0.015307863,1.055478,0.0,0.08800797,0.0,0.0,7.0309447e-06,-28.71229,2.322098,0.7740327,0.112,0.0,0.15016592,7.2600193,7.2900195,784000
hardzero_plus_depr__c0p50__z1p00__lam0p030__nu0p50__psi1p00,hardzero_plus_depr,0.01,32,245,0.0,2,0.015307863,0.015308549,0.99826014,0.10040142,0.10040142,1.0,6.850536e-07,6.8231466e-06,-27.26256,2.196216,0.73207206,0.16800001,0.0,0.16020097,7.2900195,7.3200197,787200
hardzero_plus_depr__c0p50__z1p00__lam0p030__nu0p50__psi1p00,hardzero_plus_depr,0.01,32,246,0.0,2,0.015308549,0.015308549,1.0147022,0.0,0.09667135,0.0,0.0,6.6214916e-06,-26.826712,2.2323895,0.74412984,0.120000005,0.0,0.13478078,7.3200197,7.35002,790400
hardzero_plus_depr__c0p50__z1p00__lam0p030__nu0p50__psi1p00,hardzero_plus_depr,0.01,32,247,0.0,2,0.015308549,0.015308549,1.0648187,0.0,0.08613531,0.0,0.0,6.4257956e-06,-28.498692,2.342648,0.7808827,0.089999996,0.0,0.15598278,7.35002,7.38002,793600
hardzero_plus_depr__c0p50__z1p00__lam0p030__nu0p50__psi1p00,hardzero_plus_depr,0.01,32,248,0.0,2,0.015308549,0.015308549,1.0209731,0.0,0.09528551,0.0,0.0,6.235883e-06,-27.216064,2.2461855,0.7487285,0.16800001,0.0,0.17798457,7.38002,7.4100204,796800
hardzero_plus_depr__c0p50__z1p00__lam0p030__nu0p50__psi1p00,hardzero_plus_depr,0.01,32,249,0.0,2,0.015308549,0.0153092155,0.9576695,0.110237785,0.110237785,1.0,6.6711317e-07,6.0515836e-06,-27.321772,2.106915,0.702305,0.216,0.0,0.1559722,7.4100204,7.4400206,800000
hardzero_plus_depr__c0p50__z1p00__lam0p030__nu0p50__psi1p00,hardzero_plus_depr,0.01,32,250,0.0,2,0.0153092155,0.015309827,0.9819212,0.10425065,0.10425065,1.0,6.12236e-07,5.872731e-06,-27.042282,2.1602697,0.7200899,0.15200001,0.0,0.15091349,7.4400206,7.470021,803200
hardzero_plus_depr__c0p50__z1p00__lam0p030__nu0p50__psi1p00,hardzero_plus_depr,0.01,32,251,0.0,2,0.015309827,0.015310489,0.93543917,0.116027474,0.116027474,1.0,6.6125966e-07,5.6991644e-06,-25.612562,2.0580072,0.68600243,0.216,0.0,0.122418545,7.470021,7.500021,806400
hardzero_plus_depr__c0p50__z1p00__lam0p030__nu0p50__psi1p00,hardzero_plus_depr,0.01,32,252,0.0,2,0.015310489,0.015311047,0.9958444,0.10096143,0.10096143,1.0,5.583902e-07,5.530728e-06,-26.987421,2.1909015,0.73030055,0.16800001,0.0,0.18034521,7.500021,7.530021,809600
hardzero_plus_depr__c0p50__z1p00__lam0p030__nu0p50__psi1p00,hardzero_plus_depr,0.01,32,253,0.0,2,0.015311047,0.0153116435,0.9546294,0.11101215,0.11101215,1.0,5.9583203e-07,5.3672684e-06,-26.163954,2.1002266,0.70007557,0.120000005,0.0,0.14926732,7.530021,7.5600214,812800
hardzero_plus_depr__c0p50__z1p00__lam0p030__nu0p50__psi1p00,hardzero_plus_depr,0.01,32,254,0.0,2,0.0153116435,0.0153116435,1.0102822,0.0,0.09766026,0.0,0.0,5.2086407e-06,-27.379557,2.222665,0.74088836,0.18400002,0.0,0.17567962,7.5600214,7.5900216,816000
hardzero_plus_depr__c0p50__z1p00__lam0p030__nu0p50__psi1p00,hardzero_plus_depr,0.01,32,255,0.0,2,0.0153116435,0.0153116435,1.0076783,0.0,0.09824754,0.0,0.0,5.054701e-06,-27.5656,2.2169363,0.7389788,0.2,0.0,0.17413303,7.5900216,7.620022,819200
hardzero_plus_depr__c0p50__z1p00__lam0p030__nu0p50__psi1p00,hardzero_plus_depr,0.01,32,256,0.0,2,0.0153116435,0.0153116435,1.0441257,0.0,0.090338804,0.0,0.0,4.9053115e-06,-27.62483,2.2971225,0.7657075,0.128,0.0,0.17925344,7.620022,7.650022,822400
hardzero_plus_depr__c0p50__z1p00__lam0p030__nu0p50__psi1p00,hardzero_plus_depr,0.01,32,257,0.0,2,0.0153116435,0.015312123,0.9966015,0.100785606,0.100785606,1.0,4.7977335e-07,4.760336e-06,-26.467934,2.192567,0.7308557,0.16800001,0.0,0.14602269,7.650022,7.6800222,825600
hardzero_plus_depr__c0p50__z1p00__lam0p030__nu0p50__psi1p00,hardzero_plus_depr,0.01,32,258,0.0,2,0.015312123,0.015312604,0.9828642,0.10402453,0.10402453,1.0,4.8055654e-07,4.6196465e-06,-26.140942,2.1623445,0.7207815,0.192,0.0,0.1314117,7.6800222,7.7100224,828800
hardzero_plus_depr__c0p50__z1p00__lam0p030__nu0p50__psi1p00,hardzero_plus_depr,0.01,32,259,0.0,2,0.015312604,0.015313084,0.9698948,0.10717788,0.10717788,1.0,4.8049066e-07,4.483114e-06,-26.210508,2.1338112,0.71127045,0.120000005,0.0,0.15580422,7.7100224,7.7400227,832000
hardzero_plus_depr__c0p50__z1p00__lam0p030__nu0p50__psi1p00,hardzero_plus_depr,0.01,32,260,0.0,2,0.015313084,0.015313084,1.0719956,0.0,0.0847236,0.0,0.0,4.350617e-06,-28.017885,2.3584375,0.78614587,0.14,0.0,0.19175227,7.7400227,7.770023,835200
hardzero_plus_depr__c0p50__z1p00__lam0p030__nu0p50__psi1p00,hardzero_plus_depr,0.01,32,261,0.0,2,0.015313084,0.015313509,0.99787736,0.10048995,0.10048995,1.0,4.2427223e-07,4.2220363e-06,-25.980059,2.195374,0.7317914,0.120000005,0.0,0.1347683,7.770023,7.800023,838400
hardzero_plus_depr__c0p50__z1p00__lam0p030__nu0p50__psi1p00,hardzero_plus_depr,0.01,32,262,0.0,2,0.015313509,0.015313927,0.99092585,0.102111384,0.102111384,1.0,4.1837637e-07,4.097255e-06,-26.563934,2.1800804,0.7266935,0.23200001,0.008,0.16615696,7.800023,7.8300233,841600
hardzero_plus_depr__c0p50__z1p00__lam0p030__nu0p50__psi1p00,hardzero_plus_depr,0.01,32,263,0.0,2,0.015313927,0.015313927,1.0419654,0.0,0.09078928,0.0,0.0,3.976162e-06,-28.01592,2.2923696,0.7641232,0.120000005,0.0,0.17171398,7.8300233,7.8600235,844800
hardzero_plus_depr__c0p50__z1p00__lam0p030__nu0p50__psi1p00,hardzero_plus_depr,0.01,32,264,0.0,2,0.015313927,0.015313927,1.0426638,0.0,0.0906434,0.0,0.0,3.8586477e-06,-27.54282,2.2939062,0.76463544,0.16000001,0.0,0.13505359,7.8600235,7.8900237,848000
hardzero_plus_depr__c0p50__z1p00__lam0p030__nu0p50__psi1p00,hardzero_plus_depr,0.01,32,265,0.0,2,0.015313927,0.015313927,1.0126201,0.0,0.097135924,0.0,0.0,3.744607e-06,-26.416927,2.2278087,0.74260294,0.16000001,0.0,0.1346661,7.8900237,7.920024,851200
hardzero_plus_depr__c0p50__z1p00__lam0p030__nu0p50__psi1p00,hardzero_plus_depr,0.01,32,266,0.0,2,0.015313927,0.0153143015,0.9873978,0.10294428,0.10294428,1.0,3.7409293e-07,3.633936e-06,-27.421392,2.1723185,0.7241062,0.104,0.0,0.1637589,7.920024,7.950024,854400
hardzero_plus_depr__c0p50__z1p00__lam0p030__nu0p50__psi1p00,hardzero_plus_depr,0.01,32,267,0.0,2,0.0153143015,0.0153143015,1.0627586,0.0,0.086544886,0.0,0.0,3.5265364e-06,-28.19883,2.3381155,0.77937186,0.16000001,0.0,0.16590899,7.950024,7.9800243,857600
hardzero_plus_depr__c0p50__z1p00__lam0p030__nu0p50__psi1p00,hardzero_plus_depr,0.01,32,268,0.0,2,0.0153143015,0.015314656,0.984182,0.10370936,0.10370936,1.0,3.549257e-07,3.422311e-06,-27.11031,2.1652436,0.7217479,0.18400002,0.0,0.17708364,7.9800243,8.010024,860800
hardzero_plus_depr__c0p50__z1p00__lam0p030__nu0p50__psi1p00,hardzero_plus_depr,0.01,32,269,0.0,2,0.015314656,0.015314656,1.0033917,0.0,0.09922205,0.0,0.0,3.3211672e-06,-26.573236,2.207506,0.7358353,0.136,0.0,0.1616721,8.010024,8.040024,864000
hardzero_plus_depr__c0p50__z1p00__lam0p030__nu0p50__psi1p00,hardzero_plus_depr,0.01,32,270,0.0,2,0.015314656,0.015314656,1.0168245,0.0,0.096200086,0.0,0.0,3.2230128e-06,-26.892277,2.2370586,0.74568623,0.15200001,0.0,0.14234634,8.040024,8.070024,867200
hardzero_plus_depr__c0p50__z1p00__lam0p030__nu0p50__psi1p00,hardzero_plus_depr,0.01,32,271,0.0,2,0.015314656,0.015314656,1.0499585,0.0,0.08913361,0.0,0.0,3.127759e-06,-27.728533,2.3099546,0.7699849,0.128,0.0,0.16989057,8.070024,8.100023,870400
hardzero_plus_depr__c0p50__z1p00__lam0p030__nu0p50__psi1p00,hardzero_plus_depr,0.01,32,272,0.0,2,0.015314656,0.01531497,0.9857405,0.10333788,0.10333788,1.0,3.1366358e-07,3.0353206e-06,-26.377821,2.1686723,0.7228908,0.17600001,0.0,0.12887852,8.100023,8.130023,873600
hardzero_plus_depr__c0p50__z1p00__lam0p030__nu0p50__psi1p00,hardzero_plus_depr,0.01,32,273,0.0,2,0.01531497,0.015315267,0.9968426,0.10072966,0.10072966,1.0,2.9671074e-07,2.9456144e-06,-26.807796,2.1930976,0.73103255,0.089999996,0.0,0.14067206,8.130023,8.160023,876800
hardzero_plus_depr__c0p50__z1p00__lam0p030__nu0p50__psi1p00,hardzero_plus_depr,0.01,32,274,0.0,2,0.015315267,0.01531559,0.94726026,0.1129119,0.1129119,1.0,3.2276532e-07,2.858559e-06,-26.18666,2.0840142,0.6946714,0.192,0.0,0.15042458,8.160023,8.190022,880000
hardzero_plus_depr__c0p50__z1p00__lam0p030__nu0p50__psi1p00,hardzero_plus_depr,0.01,32,275,0.0,2,0.01531559,0.01531559,1.0184131,0.0,0.09584885,0.0,0.0,2.7740764e-06,-26.829493,2.2405534,0.74685115,0.112,0.0,0.16506644,8.190022,8.220022,883200
hardzero_plus_depr__c0p50__z1p00__lam0p030__nu0p50__psi1p00,hardzero_plus_depr,0.01,32,276,0.0,2,0.01531559,0.015315885,0.96069974,0.1094713,0.1094713,1.0,2.947067e-07,2.692091e-06,-26.25168,2.1135817,0.70452726,0.264,0.008,0.14911546,8.220022,8.250022,886400
hardzero_plus_depr__c0p50__z1p00__lam0p030__nu0p50__psi1p00,hardzero_plus_depr,0.01,32,277,0.0,2,0.015315885,0.015315885,1.0243264,0.0,0.0945526,0.0,0.0,2.6125283e-06,-27.082186,2.2535632,0.75118774,0.080000006,0.0,0.13588879,8.250022,8.280022,889600
hardzero_plus_depr__c0p50__z1p00__lam0p030__nu0p50__psi1p00,hardzero_plus_depr,0.01,32,278,0.0,2,0.015315885,0.01531614,0.9969572,0.1007031,0.1007031,1.0,2.5531426e-07,2.535317e-06,-26.930182,2.1933496,0.73111653,0.136,0.0,0.13003306,8.280022,8.310021,892800
hardzero_plus_depr__c0p50__z1p00__lam0p030__nu0p50__psi1p00,hardzero_plus_depr,0.01,32,279,0.0,2,0.01531614,0.0153163895,0.9944415,0.1012881,0.1012881,1.0,2.49208e-07,2.4603878e-06,-26.816929,2.187815,0.72927165,0.136,0.0,0.15135229,8.310021,8.340021,896000
hardzero_plus_depr__c0p50__z1p00__lam0p030__nu0p50__psi1p00,hardzero_plus_depr,0.01,32,280,0.0,2,0.0153163895,0.0153163895,1.0164055,0.0,0.09629295,0.0,0.0,2.3876728e-06,-27.866941,2.2361367,0.7453789,0.16000001,0.0,0.16757591,8.340021,8.370021,899200
hardzero_plus_depr__c0p50__z1p00__lam0p030__nu0p50__psi1p00,hardzero_plus_depr,0.01,32,281,0.0,2,0.0153163895,0.0153163895,1.0413076,0.0,0.0909269,0.0,0.0,2.3171071e-06,-27.191248,2.2909224,0.7636408,0.15200001,0.0,0.15317337,8.370021,8.400021,902400
hardzero_plus_depr__c0p50__z1p00__lam0p030__nu0p50__psi1p00,hardzero_plus_depr,0.01,32,282,0.0,2,0.0153163895,0.0153163895,1.0372648,0.0,0.09177728,0.0,0.0,2.2486267e-06,-27.686794,2.2820282,0.7606761,0.16000001,0.0,0.14444485,8.400021,8.43002,905600
hardzero_plus_depr__c0p50__z1p00__lam0p030__nu0p50__psi1p00,hardzero_plus_depr,0.01,32,283,0.0,2,0.0153163895,0.0153163895,1.054347,0.0,0.08823744,0.0,0.0,2.1821704e-06,-27.0913,2.3196099,0.7732033,0.104,0.0,0.12873271,8.43002,8.46002,908800
hardzero_plus_depr__c0p50__z1p00__lam0p030__nu0p50__psi1p00,hardzero_plus_depr,0.01,32,284,0.0,2,0.0153163895,0.0153163895,1.0258669,0.0,0.09421782,0.0,0.0,2.1176782e-06,-27.923485,2.2569523,0.7523174,0.2,0.0,0.14978085,8.46002,8.49002,912000
hardzero_plus_depr__c0p50__z1p00__lam0p030__nu0p50__psi1p00,hardzero_plus_depr,0.01,32,285,0.0,2,0.0153163895,0.01531661,0.9697017,0.107225545,0.107225545,1.0,2.2035836e-07,2.055092e-06,-26.346601,2.1333864,0.71112883,0.208,0.0,0.1415118,8.49002,8.52002,915200
hardzero_plus_depr__c0p50__z1p00__lam0p030__nu0p50__psi1p00,hardzero_plus_depr,0.01,32,286,0.0,2,0.01531661,0.01531661,1.0446035,0.0,0.09023946,0.0,0.0,1.9943552e-06,-27.257935,2.2981734,0.76605785,0.21,0.0,0.1644572,8.52002,8.550019,918400
hardzero_plus_depr__c0p50__z1p00__lam0p030__nu0p50__psi1p00,hardzero_plus_depr,0.01,32,287,0.0,2,0.01531661,0.015316822,0.96093166,0.10941286,0.10941286,1.0,2.1175913e-07,1.9354136e-06,-26.254353,2.1140919,0.7046973,0.16800001,0.0,0.17168447,8.550019,8.580019,921600
hardzero_plus_depr__c0p50__z1p00__lam0p030__nu0p50__psi1p00,hardzero_plus_depr,0.01,32,288,0.0,2,0.015316822,0.015316822,1.0076834,0.0,0.09824639,0.0,0.0,1.8782142e-06,-26.772049,2.2169478,0.7389826,0.17600001,0.0,0.13474295,8.580019,8.610019,924800
hardzero_plus_depr__c0p50__z1p00__lam0p030__nu0p50__psi1p00,hardzero_plus_depr,0.01,32,289,0.0,2,0.015316822,0.015316822,1.0026846,0.0,0.09938376,0.0,0.0,1.8227049e-06,-27.032925,2.2059503,0.73531675,0.28,0.008,0.1749315,8.610019,8.640018,928000
hardzero_plus_depr__c0p50__z1p00__lam0p030__nu0p50__psi1p00,hardzero_plus_depr,0.01,32,290,0.0,2,0.015316822,0.015317012,0.96894205,0.10741328,0.10741328,1.0,1.8999651e-07,1.7688363e-06,-25.754776,2.131715,0.7105717,0.16800001,0.0,0.1471112,8.640018,8.670018,931200
hardzero_plus_depr__c0p50__z1p00__lam0p030__nu0p50__psi1p00,hardzero_plus_depr,0.01,32,291,0.0,2,0.015317012,0.015317012,1.0010153,0.0,0.09976648,0.0,0.0,1.7165597e-06,-27.001091,2.2022777,0.7340926,0.16800001,0.0,0.15731362,8.670018,8.700018,934400
hardzero_plus_depr__c0p50__z1p00__lam0p030__nu0p50__psi1p00,hardzero_plus_depr,0.01,32,292,0.0,2,0.015317012,0.015317012,1.0430832,0.0,0.090555914,0.0,0.0,1.6658281e-06,-27.201643,2.294829,0.764943,0.216,0.0,0.15343232,8.700018,8.730018,937600
hardzero_plus_depr__c0p50__z1p00__lam0p030__nu0p50__psi1p00,hardzero_plus_depr,0.01,32,293,0.0,2,0.015317012,0.015317012,1.0308939,0.0,0.09313352,0.0,0.0,1.6165959e-06,-26.691954,2.2680118,0.756004,0.136,0.0,0.1464943,8.730018,8.760017,940800
hardzero_plus_depr__c0p50__z1p00__lam0p030__nu0p50__psi1p00,hardzero_plus_depr,0.01,32,294,0.0,2,0.015317012,0.01531717,0.9969919,0.10069505,0.10069505,1.0,1.5797228e-07,1.5688187e-06,-26.983025,2.193426,0.731142,0.17600001,0.0,0.1630919,8.760017,8.790017,944000
hardzero_plus_depr__c0p50__z1p00__lam0p030__nu0p50__psi1p00,hardzero_plus_depr,0.01,32,295,0.0,2,0.01531717,0.01531717,1.0291598,0.0,0.09350615,0.0,0.0,1.5224535e-06,-27.451271,2.2641966,0.75473225,0.128,0.0,0.17673592,8.790017,8.820017,947200
hardzero_plus_depr__c0p50__z1p00__lam0p030__nu0p50__psi1p00,hardzero_plus_depr,0.01,32,296,0.0,2,0.01531717,0.01531717,1.0171432,0.0,0.096129514,0.0,0.0,1.4774587e-06,-27.000881,2.2377598,0.74591994,0.096,0.0,0.16463801,8.820017,8.850017,950400
hardzero_plus_depr__c0p50__z1p00__lam0p030__nu0p50__psi1p00,hardzero_plus_depr,0.01,32,297,0.0,2,0.01531717,0.01531717,1.0575727,0.0,0.08758451,0.0,0.0,1.4337935e-06,-27.88297,2.3267064,0.77556884,0.136,0.0,0.14244561,8.850017,8.880016,953600
hardzero_plus_depr__c0p50__z1p00__lam0p030__nu0p50__psi1p00,hardzero_plus_depr,0.01,32,298,0.0,2,0.01531717,0.015317312,0.9901434,0.1022955,0.1022955,1.0,1.4233589e-07,1.3914189e-06,-26.843777,2.178359,0.7261197,0.17600001,0.0,0.15415946,8.880016,8.910016,956800
hardzero_plus_depr__c0p50__z1p00__lam0p030__nu0p50__psi1p00,hardzero_plus_depr,0.01,32,299,0.0,2,0.015317312,0.015317448,0.9969331,0.10070866,0.10070866,1.0,1.3598657e-07,1.3502967e-06,-26.563026,2.1932967,0.7310989,0.089999996,0.0,0.15300575,8.910016,8.940016,960000
hardzero_plus_depr__c0p50__z1p00__lam0p030__nu0p50__psi1p00,hardzero_plus_depr,0.01,32,300,0.0,2,0.015317448,0.015317448,1.013715,0.0,0.09689134,0.0,0.0,1.3103896e-06,-27.777956,2.2302177,0.74340594,0.128,0.0,0.15278246,8.940016,8.970016,963200
hardzero_plus_depr__c0p50__z1p00__lam0p030__nu0p50__psi1p00,hardzero_plus_depr,0.01,32,301,0.0,2,0.015317448,0.015317593,0.9437426,0.11383019,0.11383019,1.0,1.4475354e-07,1.2716622e-06,-25.024384,2.076275,0.6920917,0.16000001,0.0,0.13343488,8.970016,9.000015,966400
hardzero_plus_depr__c0p50__z1p00__lam0p030__nu0p50__psi1p00,hardzero_plus_depr,0.01,32,302,0.0,2,0.015317593,0.015317721,0.98104316,0.10446163,0.10446163,1.0,1.2891391e-07,1.234079e-06,-27.080872,2.158338,0.71944606,0.15200001,0.0,0.14416036,9.000015,9.030015,969600
hardzero_plus_depr__c0p50__z1p00__lam0p030__nu0p50__psi1p00,hardzero_plus_depr,0.01,32,303,0.0,2,0.015317721,0.015317721,1.0428677,0.0,0.090600856,0.0,0.0,1.1976069e-06,-28.47444,2.2943547,0.76478493,0.136,0.0,0.16241905,9.030015,9.060015,972800
hardzero_plus_depr__c0p50__z1p00__lam0p030__nu0p50__psi1p00,hardzero_plus_depr,0.01,32,304,0.0,2,0.015317721,0.015317845,0.9727689,0.106470935,0.106470935,1.0,1.2374186e-07,1.1622126e-06,-25.937181,2.1401343,0.71337813,0.128,0.0,0.17467974,9.060015,9.090014,976000
hardzero_plus_depr__c0p50__z1p00__lam0p030__nu0p50__psi1p00,hardzero_plus_depr,0.01,32,305,0.0,2,0.015317845,0.015317845,1.0735277,0.0,0.08442525,0.0,0.0,1.1278644e-06,-28.579681,2.361808,0.78726935,0.14400001,0.0,0.17067762,9.090014,9.120014,979200
hardzero_plus_depr__c0p50__z1p00__lam0p030__nu0p50__psi1p00,hardzero_plus_depr,0.01,32,306,0.0,2,0.015317845,0.015317845,1.0285871,0.0,0.09362953,0.0,0.0,1.0945313e-06,-27.413054,2.2629368,0.7543123,0.14400001,0.0,0.13836323,9.120014,9.150014,982400
hardzero_plus_depr__c0p50__z1p00__lam0p030__nu0p50__psi1p00,hardzero_plus_depr,0.01,32,307,0.0,2,0.015317845,0.015317953,0.99079365,0.10214247,0.10214247,1.0,1.08494014e-07,1.0621832e-06,-26.160488,2.1797895,0.72659653,0.15200001,0.0,0.14110197,9.150014,9.180014,985600
hardzero_plus_depr__c0p50__z1p00__lam0p030__nu0p50__psi1p00,hardzero_plus_depr,0.01,32,308,0.0,2,0.015317953,0.015318071,0.94345504,0.11390557,0.11390557,1.0,1.1741286e-07,1.0307912e-06,-25.525972,2.0756426,0.6918809,0.112,0.0,0.12997195,9.180014,9.210013,988800
hardzero_plus_depr__c0p50__z1p00__lam0p030__nu0p50__psi1p00,hardzero_plus_depr,0.01,32,309,0.0,2,0.015318071,0.015318071,1.0470611,0.0,0.089730255,0.0,0.0,1.0003271e-06,-27.811777,2.3035803,0.7678601,0.17600001,0.0,0.16400287,9.210013,9.240013,992000
hardzero_plus_depr__c0p50__z1p00__lam0p030__nu0p50__psi1p00,hardzero_plus_depr,0.01,32,310,0.0,2,0.015318071,0.015318071,1.0165542,0.0,0.09625997,0.0,0.0,9.707632e-07,-26.712622,2.236464,0.74548805,0.136,0.0,0.14024107,9.240013,9.270013,995200
hardzero_plus_depr__c0p50__z1p00__lam0p030__nu0p50__psi1p00,hardzero_plus_depr,0.01,32,311,0.0,2,0.015318071,0.015318071,1.0403934,0.0,0.09111851,0.0,0.0,9.42073e-07,-27.208195,2.288911,0.7629704,0.120000005,0.0,0.17722784,9.270013,9.300013,998400
hardzero_plus_depr__c0p50__z1p00__lam0p030__nu0p50__psi1p00,hardzero_plus_depr,0.01,32,312,0.0,2,0.015318071,0.015318071,1.0601451,0.0,0.08706726,0.0,0.0,9.142307e-07,-27.646267,2.3323658,0.7774553,0.14,0.0,0.1709335,9.300013,9.330012,1001600
hardzero_plus_depr__c0p50__z1p00__lam0p030__nu0p50__psi1p00,hardzero_plus_depr,0.01,32,313,0.0,2,0.015318071,0.015318071,1.0592256,0.0,0.08725181,0.0,0.0,8.872114e-07,-28.493118,2.3303428,0.77678096,0.192,0.0,0.17012244,9.330012,9.360012,1004800
hardzero_plus_depr__c0p50__z1p00__lam0p030__nu0p50__psi1p00,hardzero_plus_depr,0.01,32,314,0.0,2,0.015318071,0.015318159,0.9880598,0.10278746,0.10278746,1.0,8.8499036e-08,8.609906e-07,-26.59865,2.173775,0.7245917,0.16800001,0.0,0.15566732,9.360012,9.390012,1008000
hardzero_plus_depr__c0p50__z1p00__lam0p030__nu0p50__psi1p00,hardzero_plus_depr,0.01,32,315,0.0,2,0.015318159,0.015318159,1.0103496,0.0,0.097645074,0.0,0.0,8.355447e-07,-26.846329,2.2228136,0.7409379,0.208,0.0,0.16553745,9.390012,9.4200115,1011200
hardzero_plus_depr__c0p50__z1p00__lam0p030__nu0p50__psi1p00,hardzero_plus_depr,0.01,32,316,0.0,2,0.015318159,0.015318241,0.9968165,0.10073571,0.10073571,1.0,8.168163e-08,8.108508e-07,-25.7907,2.1930401,0.7310134,0.192,0.0,0.14116997,9.4200115,9.450011,1014400
hardzero_plus_depr__c0p50__z1p00__lam0p030__nu0p50__psi1p00,hardzero_plus_depr,0.01,32,317,0.0,2,0.015318241,0.015318328,0.95751226,0.11027771,0.11027771,1.0,8.6776076e-08,7.868868e-07,-26.65088,2.106569,0.7021897,0.256,0.0,0.14371547,9.450011,9.480011,1017600
hardzero_plus_depr__c0p50__z1p00__lam0p030__nu0p50__psi1p00,hardzero_plus_depr,0.01,32,318,0.0,2,0.015318328,0.015318405,0.9972812,0.100627996,0.100627996,1.0,7.684266e-08,7.63631e-07,-25.935087,2.1940625,0.7313542,0.15200001,0.0,0.13971768,9.480011,9.510011,1020800
hardzero_plus_depr__c0p50__z1p00__lam0p030__nu0p50__psi1p00,hardzero_plus_depr,0.01,32,319,0.0,2,0.015318405,0.015318479,0.99957466,0.10009799,0.10009799,1.0,7.4178864e-08,7.410625e-07,-26.418165,2.1991081,0.73303604,0.104,0.0,0.14316882,9.510011,9.54001,1024000
hardzero_plus_depr__c0p50__z1p00__lam0p030__nu0p50__psi1p00,hardzero_plus_depr,0.01,32,320,0.0,2,0.015318479,0.015318479,1.0358185,0.0,0.09208345,0.0,0.0,7.1916094e-07,-26.937998,2.278846,0.75961536,0.128,0.0,0.15495019,9.54001,9.57001,1027200
hardzero_plus_depr__c0p50__z1p00__lam0p030__nu0p50__psi1p00,hardzero_plus_depr,0.01,32,321,0.0,2,0.015318479,0.015318553,0.97815573,0.10515846,0.10515846,1.0,7.33908e-08,6.979067e-07,-26.5792,2.1519856,0.71732855,0.15200001,0.0,0.13042605,9.57001,9.60001,1030400
hardzero_plus_depr__c0p50__z1p00__lam0p030__nu0p50__psi1p00,hardzero_plus_depr,0.01,32,322,0.0,2,0.015318553,0.015318553,1.061698,0.0,0.0867565,0.0,0.0,6.772806e-07,-28.319017,2.335782,0.778594,0.14400001,0.0,0.19299722,9.60001,9.63001,1033600
hardzero_plus_depr__c0p50__z1p00__lam0p030__nu0p50__psi1p00,hardzero_plus_depr,0.01,32,323,0.0,2,0.015318553,0.015318619,0.99896073,0.10023958,0.10023958,1.0,6.588388e-08,6.5726414e-07,-26.683144,2.1977575,0.73258585,0.192,0.0,0.13510875,9.63001,9.660009,1036800
hardzero_plus_depr__c0p50__z1p00__lam0p030__nu0p50__psi1p00,hardzero_plus_depr,0.01,32,324,0.0,2,0.015318619,0.015318619,1.0081269,0.0,0.09814612,0.0,0.0,6.3783926e-07,-26.53435,2.2179234,0.7393078,0.18400002,0.0,0.14161447,9.660009,9.690009,1040000
hardzero_plus_depr__c0p50__z1p00__lam0p030__nu0p50__psi1p00,hardzero_plus_depr,0.01,32,325,0.0,2,0.015318619,0.015318619,1.0270008,0.0,0.09397215,0.0,0.0,6.189884e-07,-27.373596,2.2594469,0.753149,0.12,0.0,0.16496171,9.690009,9.720009,1043200
hardzero_plus_depr__c0p50__z1p00__lam0p030__nu0p50__psi1p00,hardzero_plus_depr,0.01,32,326,0.0,2,0.015318619,0.01531868,0.99613833,0.10089314,0.10089314,1.0,6.060598e-08,6.006947e-07,-27.40402,2.191548,0.7305161,0.14400001,0.0,0.15672249,9.720009,9.750009,1046400
hardzero_plus_depr__c0p50__z1p00__lam0p030__nu0p50__psi1p00,hardzero_plus_depr,0.01,32,327,0.0,2,0.01531868,0.01531868,1.0354916,0.0,0.09215276,0.0,0.0,5.8294165e-07,-27.629616,2.278127,0.7593757,0.17600001,0.0,0.16191383,9.750009,9.780008,1049600
hardzero_plus_depr__c0p50__z1p00__lam0p030__nu0p50__psi1p00,hardzero_plus_depr,0.01,32,328,0.0,2,0.01531868,0.01531868,1.0210612,0.0,0.09526621,0.0,0.0,5.6571326e-07,-27.629755,2.2463794,0.7487931,0.096,0.0,0.15296859,9.780008,9.810008,1052800
hardzero_plus_depr__c0p50__z1p00__lam0p030__nu0p50__psi1p00,hardzero_plus_depr,0.01,32,329,0.0,2,0.01531868,0.01531874,0.9567447,0.11047278,0.11047278,1.0,6.06489e-08,5.48994e-07,-26.304808,2.1048803,0.7016268,0.256,0.0,0.1506419,9.810008,9.840008,1056000
hardzero_plus_depr__c0p50__z1p00__lam0p030__nu0p50__psi1p00,hardzero_plus_depr,0.01,32,330,0.0,2,0.01531874,0.015318799,0.96149343,0.1092714,0.1092714,1.0,5.821641e-08,5.32769e-07,-26.238214,2.1153278,0.7051093,0.18400002,0.0,0.17377976,9.840008,9.8700075,1059200
hardzero_plus_depr__c0p50__z1p00__lam0p030__nu0p50__psi1p00,hardzero_plus_depr,0.01,32,331,0.0,2,0.015318799,0.015318854,0.9749011,0.1059495,0.1059495,1.0,5.4778372e-08,5.170234e-07,-27.089338,2.1448252,0.71494174,0.16000001,0.0,0.16880076,9.8700075,9.900007,1062400
hardzero_plus_depr__c0p50__z1p00__lam0p030__nu0p50__psi1p00,hardzero_plus_depr,0.01,32,332,0.0,2,0.015318854,0.015318854,1.0007998,0.0,0.09981601,0.0,0.0,5.0174316e-07,-27.322447,2.2018034,0.7339345,0.17600001,0.0,0.16922058,9.900007,9.930007,1065600
hardzero_plus_depr__c0p50__z1p00__lam0p030__nu0p50__psi1p00,hardzero_plus_depr,0.01,32,333,0.0,2,0.015318854,0.015318909,0.94934213,0.112371944,0.112371944,1.0,5.471554e-08,4.869146e-07,-26.588263,2.0885944,0.69619817,0.224,0.0,0.14227714,9.930007,9.960007,1068800
hardzero_plus_depr__c0p50__z1p00__lam0p030__nu0p50__psi1p00,hardzero_plus_depr,0.01,32,334,0.0,2,0.015318909,0.015318909,1.0137187,0.0,0.09689052,0.0,0.0,4.725242e-07,-27.213722,2.2302258,0.7434086,0.224,0.0,0.17944273,9.960007,9.990006,1072000
hardzero_plus_depr__c0p50__z1p00__lam0p030__nu0p50__psi1p00,hardzero_plus_depr,0.01,32,335,0.0,2,0.015318909,0.015318909,1.0291145,0.0,0.09351592,0.0,0.0,4.585591e-07,-27.157316,2.264097,0.754699,0.192,0.0,0.16183147,9.990006,10.020006,1075200
hardzero_plus_depr__c0p50__z1p00__lam0p030__nu0p50__psi1p00,hardzero_plus_depr,0.01,32,336,0.0,2,0.015318909,0.015318909,1.0097659,0.0,0.09777642,0.0,0.0,4.4500672e-07,-26.711252,2.2215292,0.74050975,0.18400002,0.0,0.14821877,10.020006,10.050006,1078400
hardzero_plus_depr__c0p50__z1p00__lam0p030__nu0p50__psi1p00,hardzero_plus_depr,0.01,32,337,0.0,2,0.015318909,0.015318909,1.0474164,0.0,0.08965687,0.0,0.0,4.3185497e-07,-28.46543,2.3043623,0.76812077,0.16000001,0.0,0.17656787,10.050006,10.080006,1081600
hardzero_plus_depr__c0p50__z1p00__lam0p030__nu0p50__psi1p00,hardzero_plus_depr,0.01,32,338,0.0,2,0.015318909,0.015318953,0.9685469,0.10751104,0.10751104,1.0,4.5056993e-08,4.1909178e-07,-26.389433,2.1308458,0.71028197,0.29999998,0.0,0.123892725,10.080006,10.110005,1084800
hardzero_plus_depr__c0p50__z1p00__lam0p030__nu0p50__psi1p00,hardzero_plus_depr,0.01,32,339,0.0,2,0.015318953,0.015318995,0.9885665,0.10266762,0.10266762,1.0,4.1755527e-08,4.0670588e-07,-27.320038,2.1748898,0.7249633,0.14400001,0.0,0.14109461,10.110005,10.140005,1088000
hardzero_plus_depr__c0p50__z1p00__lam0p030__nu0p50__psi1p00,hardzero_plus_depr,0.01,32,340,0.0,2,0.015318995,0.015319037,0.970258,0.107088305,0.107088305,1.0,4.2266258e-08,3.9468603e-07,-26.05248,2.1346102,0.71153677,0.16800001,0.0,0.119738445,10.140005,10.170005,1091200
hardzero_plus_depr__c0p50__z1p00__lam0p030__nu0p50__psi1p00,hardzero_plus_depr,0.01,32,341,0.0,2,0.015319037,0.015319037,1.0078694,0.0,0.09820433,0.0,0.0,3.830214e-07,-27.349949,2.217357,0.739119,0.17600001,0.0,0.18081312,10.170005,10.200005,1094400
hardzero_plus_depr__c0p50__z1p00__lam0p030__nu0p50__psi1p00,hardzero_plus_depr,0.01,32,342,0.0,2,0.015319037,0.015319077,0.9677404,0.10771088,0.10771088,1.0,4.0036298e-08,3.717015e-07,-27.02035,2.1290715,0.7096905,0.192,0.0,0.1563181,10.200005,10.230004,1097600
hardzero_plus_depr__c0p50__z1p00__lam0p030__nu0p50__psi1p00,hardzero_plus_depr,0.01,32,343,0.0,2,0.015319077,0.015319077,1.0169386,0.0,0.09617483,0.0,0.0,3.6071614e-07,-27.631569,2.2373095,0.74576986,0.14400001,0.0,0.16393101,10.230004,10.260004,1100800
hardzero_plus_depr__c0p50__z1p00__lam0p030__nu0p50__psi1p00,hardzero_plus_depr,0.01,32,344,0.0,2,0.015319077,0.015319115,0.96856624,0.10750625,0.10750625,1.0,3.763315e-08,3.5005544e-07,-26.67186,2.1308882,0.7102961,0.264,0.0,0.14485444,10.260004,10.290004,1104000
hardzero_plus_depr__c0p50__z1p00__lam0p030__nu0p50__psi1p00,hardzero_plus_depr,0.01,32,345,0.0,2,0.015319115,0.015319151,0.9710639,0.10688975,0.10688975,1.0,3.6311498e-08,3.3970983e-07,-25.85172,2.1363833,0.7121278,0.17600001,0.0,0.17150965,10.290004,10.3200035,1107200
hardzero_plus_depr__c0p50__z1p00__lam0p030__nu0p50__psi1p00,hardzero_plus_depr,0.01,32,346,0.0,2,0.015319151,0.015319151,1.0404543,0.0,0.09110573,0.0,0.0,3.2967e-07,-27.558193,2.289045,0.76301503,0.15200001,0.0,0.16100629,10.3200035,10.350003,1110400
hardzero_plus_depr__c0p50__z1p00__lam0p030__nu0p50__psi1p00,hardzero_plus_depr,0.01,32,347,0.0,2,0.015319151,0.015319184,0.9821298,0.1042006,0.1042006,1.0,3.3336573e-08,3.1992687e-07,-26.62378,2.1607287,0.7202429,0.2,0.0,0.16337189,10.350003,10.380003,1113600
hardzero_plus_depr__c0p50__z1p00__lam0p030__nu0p50__psi1p00,hardzero_plus_depr,0.01,32,348,0.0,2,0.015319184,0.015319184,1.0408936,0.0,0.09101364,0.0,0.0,3.1047168e-07,-27.062107,2.2900116,0.76333725,0.16000001,0.0,0.1925014,10.380003,10.410003,1116800
hardzero_plus_depr__c0p50__z1p00__lam0p030__nu0p50__psi1p00,hardzero_plus_depr,0.01,32,349,0.0,2,0.015319184,0.015319184,1.0016407,0.0,0.099622935,0.0,0.0,3.0129593e-07,-26.936983,2.2036536,0.7345512,0.16800001,0.0,0.13656539,10.410003,10.440002,1120000
hardzero_plus_depr__c0p50__z1p00__lam0p030__nu0p50__psi1p00,hardzero_plus_depr,0.01,32,350,0.0,2,0.015319184,0.015319184,1.0182093,0.0,0.09589383,0.0,0.0,2.9239135e-07,-26.026896,2.2401052,0.7467017,0.136,0.0,0.12991624,10.440002,10.470002,1123200
hardzero_plus_depr__c0p50__z1p00__lam0p030__nu0p50__psi1p00,hardzero_plus_depr,0.01,32,351,0.0,2,0.015319184,0.015319213,0.99214035,0.101826206,0.101826206,1.0,2.8893185e-08,2.8374998e-07,-26.567574,2.1827524,0.7275841,0.14999999,0.0,0.14394069,10.470002,10.500002,1126400
hardzero_plus_depr__c0p50__z1p00__lam0p030__nu0p50__psi1p00,hardzero_plus_depr,0.01,32,352,0.0,2,0.015319213,0.015319241,0.9984101,0.100366764,0.100366764,1.0,2.7637393e-08,2.75364e-07,-27.726398,2.196546,0.732182,0.192,0.0,0.15838382,10.500002,10.530002,1129600
hardzero_plus_depr__c0p50__z1p00__lam0p030__nu0p50__psi1p00,hardzero_plus_depr,0.01,32,353,0.0,2,0.015319241,0.015319241,1.0069118,0.0,0.098421104,0.0,0.0,2.6722583e-07,-27.506767,2.21525,0.7384167,0.16000001,0.0,0.14686383,10.530002,10.560001,1132800
hardzero_plus_depr__c0p50__z1p00__lam0p030__nu0p50__psi1p00,hardzero_plus_depr,0.01,32,354,0.0,2,0.015319241,0.015319241,1.0231767,0.0,0.09480327,0.0,0.0,2.5932817e-07,-27.456385,2.2510335,0.7503445,0.16000001,0.0,0.16563813,10.560001,10.590001,1136000
hardzero_plus_depr__c0p50__z1p00__lam0p030__nu0p50__psi1p00,hardzero_plus_depr,0.01,32,355,0.0,2,0.015319241,0.015319241,1.0205706,0.0,0.095373854,0.0,0.0,2.5166392e-07,-27.658373,2.2453003,0.7484335,0.14400001,0.0,0.14817607,10.590001,10.620001,1139200
hardzero_plus_depr__c0p50__z1p00__lam0p030__nu0p50__psi1p00,hardzero_plus_depr,0.01,32,356,0.0,2,0.015319241,0.015319241,1.0179266,0.0,0.09595629,0.0,0.0,2.442262e-07,-27.539097,2.239483,0.7464944,0.17600001,0.0,0.16255403,10.620001,10.650001,1142400
hardzero_plus_depr__c0p50__z1p00__lam0p030__nu0p50__psi1p00,hardzero_plus_depr,0.01,32,357,0.0,2,0.015319241,0.015319267,0.95331967,0.11134747,0.11134747,1.0,2.6390271e-08,2.3700828e-07,-25.510616,2.097345,0.69911504,0.136,0.0,0.13250999,10.650001,10.68,1145600
hardzero_plus_depr__c0p50__z1p00__lam0p030__nu0p50__psi1p00,hardzero_plus_depr,0.01,32,358,0.0,2,0.015319267,0.015319267,1.0195261,0.0,0.095603526,0.0,0.0,2.3000369e-07,-27.155653,2.2430022,0.74766743,0.15200001,0.0,0.18333225,10.68,10.71,1148800
hardzero_plus_depr__c0p50__z1p00__lam0p030__nu0p50__psi1p00,hardzero_plus_depr,0.01,32,359,0.0,2,0.015319267,0.01531929,0.99650127,0.10080887,0.10080887,1.0,2.2501155e-08,2.2320611e-07,-27.826208,2.1923466,0.7307822,0.14400001,0.0,0.18667759,10.71,10.74,1152000
hardzero_plus_depr__c0p50__z1p00__lam0p030__nu0p50__psi1p00,hardzero_plus_depr,0.01,32,360,0.0,2,0.01531929,0.015319314,0.9578213,0.11019926,0.11019926,1.0,2.3870198e-08,2.1660944e-07,-25.80607,2.107249,0.70241636,0.24800001,0.008,0.15011543,10.74,10.7699995,1155200
hardzero_plus_depr__c0p50__z1p00__lam0p030__nu0p50__psi1p00,hardzero_plus_depr,0.01,32,361,0.0,2,0.015319314,0.015319336,0.9723502,0.10657365,0.10657365,1.0,2.2402602e-08,2.1020772e-07,-25.423449,2.139213,0.71307105,0.14400001,0.0,0.13545872,10.7699995,10.799999,1158400
hardzero_plus_depr__c0p50__z1p00__lam0p030__nu0p50__psi1p00,hardzero_plus_depr,0.01,32,362,0.0,2,0.015319336,0.015319336,1.0009791,0.0,0.0997748,0.0,0.0,2.0399519e-07,-27.078402,2.2021978,0.73406595,0.18400002,0.0,0.16554584,10.799999,10.829999,1161600
hardzero_plus_depr__c0p50__z1p00__lam0p030__nu0p50__psi1p00,hardzero_plus_depr,0.01,32,363,0.0,2,0.015319336,0.015319336,1.0463425,0.0,0.08987885,0.0,0.0,1.9796627e-07,-27.298016,2.3019993,0.76733315,0.17600001,0.0,0.1594097,10.829999,10.859999,1164800
hardzero_plus_depr__c0p50__z1p00__lam0p030__nu0p50__psi1p00,hardzero_plus_depr,0.01,32,364,0.0,2,0.015319336,0.015319336,1.0292645,0.0,0.09348361,0.0,0.0,1.9211552e-07,-27.093264,2.264427,0.754809,0.19,0.0,0.1493549,10.859999,10.889998,1168000
hardzero_plus_depr__c0p50__z1p00__lam0p030__nu0p50__psi1p00,hardzero_plus_depr,0.01,32,365,0.0,2,0.015319336,0.015319355,0.99549603,0.101042464,0.101042464,1.0,1.8838126e-08,1.8643772e-07,-27.220224,2.190135,0.730045,0.17600001,0.0,0.1671656,10.889998,10.919998,1171200
hardzero_plus_depr__c0p50__z1p00__lam0p030__nu0p50__psi1p00,hardzero_plus_depr,0.01,32,366,0.0,2,0.015319355,0.015319374,0.9613795,0.10930009,0.10930009,1.0,1.9775413e-08,1.8092769e-07,-25.758993,2.1150773,0.7050258,0.2,0.0,0.13222553,10.919998,10.949998,1174400
hardzero_plus_depr__c0p50__z1p00__lam0p030__nu0p50__psi1p00,hardzero_plus_depr,0.01,32,367,0.0,2,0.015319374,0.015319393,0.9746152,0.10601927,0.10601927,1.0,1.8614918e-08,1.7558051e-07,-26.602602,2.1441963,0.7147321,0.2,0.0,0.16332774,10.949998,10.979998,1177600
hardzero_plus_depr__c0p50__z1p00__lam0p030__nu0p50__psi1p00,hardzero_plus_depr,0.01,32,368,0.0,2,0.015319393,0.015319393,1.0023429,0.0,0.09946196,0.0,0.0,1.7039136e-07,-26.353525,2.2051985,0.7350662,0.120000005,0.0,0.1379174,10.979998,11.009997,1180800
hardzero_plus_depr__c0p50__z1p00__lam0p030__nu0p50__psi1p00,hardzero_plus_depr,0.01,32,369,0.0,2,0.015319393,0.015319393,1.0025028,0.0,0.099425375,0.0,0.0,1.6535562e-07,-27.174612,2.2055502,0.7351834,0.104,0.0,0.14369364,11.009997,11.039997,1184000
hardzero_plus_depr__c0p50__z1p00__lam0p030__nu0p50__psi1p00,hardzero_plus_depr,0.01,32,370,0.0,2,0.015319393,0.01531941,0.971904,0.10668319,0.10668319,1.0,1.7119307e-08,1.6046864e-07,-25.549473,2.1382315,0.7127439,0.16800001,0.0,0.14538732,11.039997,11.069997,1187200
hardzero_plus_depr__c0p50__z1p00__lam0p030__nu0p50__psi1p00,hardzero_plus_depr,0.01,32,371,0.0,2,0.01531941,0.01531941,1.0261409,0.0,0.0941584,0.0,0.0,1.5572611e-07,-27.529005,2.257555,0.75251836,0.192,0.0,0.19402248,11.069997,11.099997,1190400
hardzero_plus_depr__c0p50__z1p00__lam0p030__nu0p50__psi1p00,hardzero_plus_depr,0.01,32,372,0.0,2,0.01531941,0.015319425,0.9946361,0.10124274,0.10124274,1.0,1.5300184e-08,1.5112376e-07,-27.368624,2.1882432,0.7294144,0.136,0.0,0.15097736,11.099997,11.129996,1193600
hardzero_plus_depr__c0p50__z1p00__lam0p030__nu0p50__psi1p00,hardzero_plus_depr,0.01,32,373,0.0,2,0.015319425,0.015319425,1.0127424,0.0,0.09710857,0.0,0.0,1.4665741e-07,-26.982286,2.228078,0.74269265,0.08800001,0.0,0.16316992,11.129996,11.159996,1196800
hardzero_plus_depr__c0p50__z1p00__lam0p030__nu0p50__psi1p00,hardzero_plus_depr,0.01,32,374,0.0,2,0.015319425,0.015319425,1.0409912,0.0,0.09099318,0.0,0.0,1.4232306e-07,-27.143013,2.2902265,0.76340884,0.192,0.0,0.13466069,11.159996,11.189996,1200000
hardzero_plus_depr__c0p50__z1p00__lam0p030__nu0p50__psi1p00,hardzero_plus_depr,0.01,32,375,0.0,2,0.015319425,0.015319425,1.0251613,0.0,0.094371036,0.0,0.0,1.3811682e-07,-27.671375,2.2554,0.7518,0.16800001,0.0,0.14641258,11.189996,11.2199955,1203200
hardzero_plus_depr__c0p50__z1p00__lam0p030__nu0p50__psi1p00,hardzero_plus_depr,0.01,32,376,0.0,2,0.015319425,0.015319439,0.99529326,0.10108965,0.10108965,1.0,1.354954e-08,1.3403489e-07,-26.984997,2.189689,0.7298963,0.2,0.0,0.1658899,11.2199955,11.249995,1206400
hardzero_plus_depr__c0p50__z1p00__lam0p030__nu0p50__psi1p00,hardzero_plus_depr,0.01,32,377,0.0,2,0.015319439,0.015319454,0.95360684,0.111273855,0.111273855,1.0,1.4473789e-08,1.3007359e-07,-25.697506,2.097977,0.6993257,0.17999999,0.01,0.13934667,11.249995,11.279995,1209600
hardzero_plus_depr__c0p50__z1p00__lam0p030__nu0p50__psi1p00,hardzero_plus_depr,0.01,32,378,0.0,2,0.015319454,0.015319467,0.9887685,0.10261988,0.10261988,1.0,1.29536435e-08,1.2622938e-07,-26.108276,2.1753342,0.7251114,0.16000001,0.0,0.14280295,11.279995,11.309995,1212800
hardzero_plus_depr__c0p50__z1p00__lam0p030__nu0p50__psi1p00,hardzero_plus_depr,0.01,32,379,0.0,2,0.015319467,0.015319467,1.0361336,0.0,0.092016645,0.0,0.0,1.2249876e-07,-27.501831,2.2795396,0.75984657,0.136,0.0,0.15773009,11.309995,11.339994,1216000
hardzero_plus_depr__c0p50__z1p00__lam0p030__nu0p50__psi1p00,hardzero_plus_depr,0.01,32,380,0.0,2,0.015319467,0.015319467,1.0651724,0.0,0.08606518,0.0,0.0,1.1887841e-07,-27.959068,2.3434262,0.7811421,0.18400002,0.0,0.15619072,11.339994,11.369994,1219200
hardzero_plus_depr__c0p50__z1p00__lam0p030__nu0p50__psi1p00,hardzero_plus_depr,0.01,32,381,0.0,2,0.015319467,0.01531948,0.9593133,0.10982134,0.10982134,1.0,1.26695445e-08,1.1536505e-07,-25.942682,2.1105313,0.70351046,0.2,0.0,0.13148564,11.369994,11.399994,1222400
hardzero_plus_depr__c0p50__z1p00__lam0p030__nu0p50__psi1p00,hardzero_plus_depr,0.01,32,382,0.0,2,0.01531948,0.01531948,1.0092125,0.0,0.097901076,0.0,0.0,1.1195553e-07,-27.073137,2.2203119,0.74010396,0.15200001,0.0,0.152495,11.399994,11.429994,1225600
hardzero_plus_depr__c0p50__z1p00__lam0p030__nu0p50__psi1p00,hardzero_plus_depr,0.01,32,383,0.0,2,0.01531948,0.015319491,0.9752746,0.1058584,0.1058584,1.0,1.1501174e-08,1.0864678e-07,-27.013222,2.145647,0.7152157,0.216,0.0,0.14490794,11.429994,11.459993,1228800
hardzero_plus_depr__c0p50__z1p00__lam0p030__nu0p50__psi1p00,hardzero_plus_depr,0.01,32,384,0.0,2,0.015319491,0.015319501,0.99859864,0.1003232,0.1003232,1.0,1.0577658e-08,1.0543581e-07,-27.293463,2.196961,0.7323203,0.16000001,0.0,0.1469258,11.459993,11.489993,1232000
hardzero_plus_depr__c0p50__z1p00__lam0p030__nu0p50__psi1p00,hardzero_plus_depr,0.01,32,385,0.0,2,0.015319501,0.015319513,0.9328594,0.116718724,0.116718724,1.0,1.1942628e-08,1.0231973e-07,-25.912392,2.0523317,0.6841106,0.18400002,0.0,0.13903755,11.489993,11.519993,1235200
hardzero_plus_depr__c0p50__z1p00__lam0p030__nu0p50__psi1p00,hardzero_plus_depr,0.01,32,386,0.0,2,0.015319513,0.015319524,0.95161,0.111786656,0.111786656,1.0,1.10999405e-08,9.9295754e-08,-26.369513,2.0935838,0.6978613,0.192,0.0,0.16613229,11.519993,11.549993,1238400
hardzero_plus_depr__c0p50__z1p00__lam0p030__nu0p50__psi1p00,hardzero_plus_depr,0.01,32,387,0.0,2,0.015319524,0.015319524,1.0465108,0.0,0.08984403,0.0,0.0,9.636114e-08,-27.78773,2.3023698,0.76745665,0.14400001,0.0,0.17787004,11.549993,11.579992,1241600
hardzero_plus_depr__c0p50__z1p00__lam0p030__nu0p50__psi1p00,hardzero_plus_depr,0.01,32,388,0.0,2,0.015319524,0.015319534,0.9819338,0.10424764,0.10424764,1.0,9.748538e-09,9.351327e-08,-26.372799,2.1602974,0.72009915,0.192,0.0,0.13494581,11.579992,11.609992,1244800
hardzero_plus_depr__c0p50__z1p00__lam0p030__nu0p50__psi1p00,hardzero_plus_depr,0.01,32,389,0.0,2,0.015319534,0.015319534,1.0254099,0.0,0.094317004,0.0,0.0,9.074956e-08,-27.19592,2.2559469,0.75198233,0.18400002,0.0,0.18492712,11.609992,11.639992,1248000
hardzero_plus_depr__c0p50__z1p00__lam0p030__nu0p50__psi1p00,hardzero_plus_depr,0.01,32,390,0.0,2,0.015319534,0.015319534,1.0093809,0.0,0.09786311,0.0,0.0,8.806752e-08,-27.943249,2.2206824,0.74022746,0.17,0.0,0.15317225,11.639992,11.6699915,1251200
hardzero_plus_depr__c0p50__z1p00__lam0p030__nu0p50__psi1p00,hardzero_plus_depr,0.01,32,391,0.0,2,0.015319534,0.015319543,0.9751951,0.10587779,0.10587779,1.0,9.0488195e-09,8.546476e-08,-26.785862,2.145472,0.7151574,0.136,0.0,0.14884119,11.6699915,11.699991,1254400
hardzero_plus_depr__c0p50__z1p00__lam0p030__nu0p50__psi1p00,hardzero_plus_depr,0.01,32,392,0.0,2,0.015319543,0.015319551,0.9855866,0.103374496,0.103374496,1.0,8.573769e-09,8.293892e-08,-26.660685,2.1683338,0.72277796,0.096,0.0,0.152781,11.699991,11.729991,1257600
hardzero_plus_depr__c0p50__z1p00__lam0p030__nu0p50__psi1p00,hardzero_plus_depr,0.01,32,393,0.0,2,0.015319551,0.01531956,0.9941087,0.101365775,0.101365775,1.0,8.1587e-09,8.048772e-08,-26.820618,2.1870828,0.7290276,0.2,0.0,0.14906047,11.729991,11.759991,1260800
hardzero_plus_depr__c0p50__z1p00__lam0p030__nu0p50__psi1p00,hardzero_plus_depr,0.01,32,394,0.0,2,0.01531956,0.01531956,1.0903863,0.0,0.08121079,0.0,0.0,7.8108975e-08,-28.649145,2.3988976,0.79963255,0.14400001,0.0,0.1615817,11.759991,11.78999,1264000
hardzero_plus_depr__c0p50__z1p00__lam0p030__nu0p50__psi1p00,hardzero_plus_depr,0.01,32,395,0.0,2,0.01531956,0.01531956,1.0136889,0.0,0.09689717,0.0,0.0,7.580052e-08,-27.848152,2.2301602,0.74338675,0.16000001,0.0,0.14705577,11.78999,11.81999,1267200
hardzero_plus_depr__c0p50__z1p00__lam0p030__nu0p50__psi1p00,hardzero_plus_depr,0.01,32,396,0.0,2,0.01531956,0.015319568,0.94026476,0.11474539,0.11474539,1.0,8.440706e-09,7.35603e-08,-25.889025,2.0686238,0.6895413,0.2,0.0,0.12016345,11.81999,11.84999,1270400
hardzero_plus_depr__c0p50__z1p00__lam0p030__nu0p50__psi1p00,hardzero_plus_depr,0.01,32,397,0.0,2,0.015319568,0.015319568,1.0265219,0.0,0.09407583,0.0,0.0,7.138628e-08,-27.621157,2.2583933,0.7527978,0.15200001,0.0,0.14245795,11.84999,11.87999,1273600
hardzero_plus_depr__c0p50__z1p00__lam0p030__nu0p50__psi1p00,hardzero_plus_depr,0.01,32,398,0.0,2,0.015319568,0.015319576,0.98968947,0.10240248,0.10240248,1.0,7.094087e-09,6.927652e-08,-26.444649,2.1773603,0.7257868,0.136,0.0,0.13955393,11.87999,11.909989,1276800
hardzero_plus_depr__c0p50__z1p00__lam0p030__nu0p50__psi1p00,hardzero_plus_depr,0.01,32,399,0.0,2,0.015319576,0.015319576,1.0002717,0.0,0.099937454,0.0,0.0,6.72291e-08,-26.98585,2.2006416,0.7335472,0.23200001,0.0,0.15529858,11.909989,11.939989,1280000
hardzero_plus_depr__c0p50__z1p00__lam0p030__nu0p50__psi1p00,hardzero_plus_depr,0.01,32,400,0.0,2,0.015319576,0.015319582,0.99595517,0.10093571,0.10093571,1.0,6.585268e-09,6.52422e-08,-26.419107,2.1911452,0.7303817,0.2,0.0,0.13475767,11.939989,11.969989,1283200
hardzero_plus_depr__c0p50__z1p00__lam0p030__nu0p50__psi1p00,hardzero_plus_depr,0.01,32,401,0.0,2,0.015319582,0.015319582,1.0181081,0.0,0.09591617,0.0,0.0,6.331402e-08,-27.194618,2.2398827,0.74662757,0.14400001,0.0,0.18169567,11.969989,11.999989,1286400
hardzero_plus_depr__c0p50__z1p00__lam0p030__nu0p50__psi1p00,hardzero_plus_depr,0.01,32,402,0.0,2,0.015319582,0.015319582,1.0107148,0.0,0.09756302,0.0,0.0,6.1442826e-08,-27.096012,2.2236168,0.74120563,0.16800001,0.0,0.16663472,11.999989,12.029988,1289600
hardzero_plus_depr__c0p50__z1p00__lam0p030__nu0p50__psi1p00,hardzero_plus_depr,0.01,32,403,0.0,2,0.015319582,0.015319588,0.9942039,0.10134354,0.10134354,1.0,6.042804e-09,5.962693e-08,-26.927057,2.1872923,0.7290975,0.089999996,0.0,0.14176887,12.029988,12.059988,1292800
hardzero_plus_depr__c0p50__z1p00__lam0p030__nu0p50__psi1p00,hardzero_plus_depr,0.01,32,404,0.0,2,0.015319588,0.015319594,0.9742066,0.10611906,0.10611906,1.0,6.140548e-09,5.7864707e-08,-26.799103,2.1432974,0.7144325,0.16800001,0.0,0.16580361,12.059988,12.089988,1296000
hardzero_plus_depr__c0p50__z1p00__lam0p030__nu0p50__psi1p00,hardzero_plus_depr,0.01,32,405,0.0,2,0.015319594,0.0153196,0.9977578,0.10051763,0.10051763,1.0,5.6445235e-09,5.6154562e-08,-27.077696,2.195111,0.7317037,0.16800001,0.0,0.15198103,12.089988,12.1199875,1299200
hardzero_plus_depr__c0p50__z1p00__lam0p030__nu0p50__psi1p00,hardzero_plus_depr,0.01,32,406,0.0,2,0.0153196,0.015319605,0.9654339,0.10828446,0.10828446,1.0,5.900957e-09,5.4494958e-08,-26.131931,2.123997,0.707999,0.2,0.0,0.1486079,12.1199875,12.149987,1302400
hardzero_plus_depr__c0p50__z1p00__lam0p030__nu0p50__psi1p00,hardzero_plus_depr,0.01,32,407,0.0,2,0.015319605,0.015319605,1.0563504,0.0,0.08783137,0.0,0.0,5.2884403e-08,-27.958632,2.324017,0.7746724,0.096,0.0,0.1693463,12.149987,12.179987,1305600
hardzero_plus_depr__c0p50__z1p00__lam0p030__nu0p50__psi1p00,hardzero_plus_depr,0.01,32,408,0.0,2,0.015319605,0.015319611,0.99533325,0.10108034,0.10108034,1.0,5.187589e-09,5.1321443e-08,-26.1924,2.189777,0.72992563,0.112,0.0,0.13324085,12.179987,12.209987,1308800
hardzero_plus_depr__c0p50__z1p00__lam0p030__nu0p50__psi1p00,hardzero_plus_depr,0.01,32,409,0.0,2,0.015319611,0.015319611,1.0233282,0.0,0.094770186,0.0,0.0,4.980468e-08,-27.067005,2.2513669,0.7504556,0.192,0.0,0.15333822,12.209987,12.239986,1312000
hardzero_plus_depr__c0p50__z1p00__lam0p030__nu0p50__psi1p00,hardzero_plus_depr,0.01,32,410,0.0,2,0.015319611,0.015319611,1.0498747,0.0,0.089150816,0.0,0.0,4.8332744e-08,-27.8087,2.3097703,0.76992345,0.128,0.0,0.16490935,12.239986,12.269986,1315200
hardzero_plus_depr__c0p50__z1p00__lam0p030__nu0p50__psi1p00,hardzero_plus_depr,0.01,32,411,0.0,2,0.015319611,0.015319611,1.0060753,0.0,0.09861086,0.0,0.0,4.6904304e-08,-27.416224,2.21341,0.73780334,0.16000001,0.0,0.15554774,12.269986,12.299986,1318400
hardzero_plus_depr__c0p50__z1p00__lam0p030__nu0p50__psi1p00,hardzero_plus_depr,0.01,32,412,0.0,2,0.015319611,0.015319616,0.98409593,0.10372992,0.10372992,1.0,4.7215876e-09,4.551809e-08,-26.91611,2.1650543,0.7216848,0.15200001,0.0,0.14760366,12.299986,12.329986,1321600
hardzero_plus_depr__c0p50__z1p00__lam0p030__nu0p50__psi1p00,hardzero_plus_depr,0.01,32,413,0.0,2,0.015319616,0.01531962,0.9947033,0.101227075,0.101227075,1.0,4.471487e-09,4.417284e-08,-27.79542,2.188391,0.7294637,0.136,0.0,0.14462437,12.329986,12.359985,1324800
hardzero_plus_depr__c0p50__z1p00__lam0p030__nu0p50__psi1p00,hardzero_plus_depr,0.01,32,414,0.0,2,0.01531962,0.015319626,0.91092026,0.12276646,0.12276646,1.0,5.262672e-09,4.2867345e-08,-25.408781,2.0040646,0.66802156,0.16000001,0.0,0.12892546,12.359985,12.389985,1328000
hardzero_plus_depr__c0p50__z1p00__lam0p030__nu0p50__psi1p00,hardzero_plus_depr,0.01,32,415,0.0,2,0.015319626,0.0153196305,0.9096493,0.12312627,0.12312627,1.0,5.1221063e-09,4.1600433e-08,-26.093771,2.0012684,0.66708946,0.192,0.0,0.14313197,12.389985,12.419985,1331200
hardzero_plus_depr__c0p50__z1p00__lam0p030__nu0p50__psi1p00,hardzero_plus_depr,0.01,32,416,0.0,2,0.0153196305,0.0153196305,1.0424898,0.0,0.09067973,0.0,0.0,4.0370963e-08,-27.213352,2.2935233,0.7645078,0.089999996,0.0,0.14668795,12.419985,12.449985,1334400
hardzero_plus_depr__c0p50__z1p00__lam0p030__nu0p50__psi1p00,hardzero_plus_depr,0.01,32,417,0.0,2,0.0153196305,0.015319635,0.92890227,0.11778711,0.11778711,1.0,4.6146433e-09,3.917783e-08,-26.146784,2.0436258,0.6812086,0.2,0.0,0.1447667,12.449985,12.479984,1337600
hardzero_plus_depr__c0p50__z1p00__lam0p030__nu0p50__psi1p00,hardzero_plus_depr,0.01,32,418,0.0,2,0.015319635,0.015319635,1.0130507,0.0,0.09703967,0.0,0.0,3.8019962e-08,-27.52858,2.228756,0.74291867,0.128,0.0,0.14849097,12.479984,12.509984,1340800
hardzero_plus_depr__c0p50__z1p00__lam0p030__nu0p50__psi1p00,hardzero_plus_depr,0.01,32,419,0.0,2,0.015319635,0.015319639,0.99740887,0.1005984,0.1005984,1.0,3.7117103e-09,3.6896314e-08,-26.742008,2.1943433,0.7314478,0.14400001,0.0,0.15772885,12.509984,12.539984,1344000
hardzero_plus_depr__c0p50__z1p00__lam0p030__nu0p50__psi1p00,hardzero_plus_depr,0.01,32,420,0.0,2,0.015319639,0.015319643,0.97353023,0.10628445,0.10628445,1.0,3.8056074e-09,3.5805872e-08,-26.200905,2.1418092,0.71393645,0.24000001,0.0,0.14729623,12.539984,12.5699835,1347200
hardzero_plus_depr__c0p50__z1p00__lam0p030__nu0p50__psi1p00,hardzero_plus_depr,0.01,32,421,0.0,2,0.015319643,0.015319646,0.99973285,0.10006153,0.10006153,1.0,3.4769037e-09,3.4747657e-08,-27.29041,2.1994562,0.7331521,0.16000001,0.0,0.16934924,12.5699835,12.599983,1350400
hardzero_plus_depr__c0p50__z1p00__lam0p030__nu0p50__psi1p00,hardzero_plus_depr,0.01,32,422,0.0,2,0.015319646,0.01531965,0.97313684,0.10638076,0.10638076,1.0,3.5872356e-09,3.3720717e-08,-26.705858,2.1409438,0.71364796,0.136,0.0,0.15813574,12.599983,12.629983,1353600
hardzero_plus_depr__c0p50__z1p00__lam0p030__nu0p50__psi1p00,hardzero_plus_depr,0.01,32,423,0.0,2,0.01531965,0.015319654,0.9697261,0.10721954,0.10721954,1.0,3.5086658e-09,3.2724127e-08,-26.360184,2.13344,0.7111467,0.17600001,0.0,0.12895933,12.629983,12.659983,1356800
hardzero_plus_depr__c0p50__z1p00__lam0p030__nu0p50__psi1p00,hardzero_plus_depr,0.01,32,424,0.0,2,0.015319654,0.015319654,1.0319605,0.0,0.09290509,0.0,0.0,3.1756993e-08,-26.803656,2.2703583,0.7567861,0.112,0.0,0.14017048,12.659983,12.689982,1360000
hardzero_plus_depr__c0p50__z1p00__lam0p030__nu0p50__psi1p00,hardzero_plus_depr,0.01,32,425,0.0,2,0.015319654,0.015319654,1.0027703,0.0,0.09936414,0.0,0.0,3.081844e-08,-26.179392,2.2061388,0.73537964,0.15200001,0.0,0.14092952,12.689982,12.719982,1363200
hardzero_plus_depr__c0p50__z1p00__lam0p030__nu0p50__psi1p00,hardzero_plus_depr,0.01,32,426,0.0,2,0.015319654,0.015319657,0.98921305,0.1025149,0.1025149,1.0,3.0659772e-09,2.9907625e-08,-26.464203,2.1763122,0.7254374,0.24000001,0.0,0.14045167,12.719982,12.749982,1366400
hardzero_plus_depr__c0p50__z1p00__lam0p030__nu0p50__psi1p00,hardzero_plus_depr,0.01,32,427,0.0,2,0.015319657,0.015319657,1.0258844,0.0,0.09421402,0.0,0.0,2.9023731e-08,-27.34243,2.2569907,0.75233024,0.192,0.0,0.14915334,12.749982,12.779982,1369600
hardzero_plus_depr__c0p50__z1p00__lam0p030__nu0p50__psi1p00,hardzero_plus_depr,0.01,32,428,0.0,2,0.015319657,0.015319657,1.0174962,0.0,0.09605142,0.0,0.0,2.8165957e-08,-27.68061,2.2385364,0.7461788,0.136,0.0,0.1713897,12.779982,12.809981,1372800
hardzero_plus_depr__c0p50__z1p00__lam0p030__nu0p50__psi1p00,hardzero_plus_depr,0.01,32,429,0.0,2,0.015319657,0.015319659,0.9835932,0.10385005,0.10385005,1.0,2.838589e-09,2.7333535e-08,-26.450102,2.1639483,0.7213161,0.17999999,0.0,0.13523862,12.809981,12.839981,1376000
hardzero_plus_depr__c0p50__z1p00__lam0p030__nu0p50__psi1p00,hardzero_plus_depr,0.01,32,430,0.0,2,0.015319659,0.015319659,1.0271705,0.0,0.09393544,0.0,0.0,2.6525713e-08,-27.993849,2.2598202,0.7532734,0.18400002,0.0,0.16231649,12.839981,12.869981,1379200
hardzero_plus_depr__c0p50__z1p00__lam0p030__nu0p50__psi1p00,hardzero_plus_depr,0.01,32,431,0.0,2,0.015319659,0.015319659,1.0591438,0.0,0.08726824,0.0,0.0,2.5741766e-08,-28.48817,2.3301628,0.77672094,0.16000001,0.0,0.17477262,12.869981,12.899981,1382400
hardzero_plus_depr__c0p50__z1p00__lam0p030__nu0p50__psi1p00,hardzero_plus_depr,0.01,32,432,0.0,2,0.015319659,0.015319662,0.99999547,0.10000105,0.10000105,1.0,2.498125e-09,2.4980988e-08,-26.632906,2.200034,0.7333447,0.120000005,0.0,0.15253772,12.899981,12.92998,1385600
hardzero_plus_depr__c0p50__z1p00__lam0p030__nu0p50__psi1p00,hardzero_plus_depr,0.01,32,433,0.0,2,0.015319662,0.015319662,1.036302,0.0,0.09198098,0.0,0.0,2.4242697e-08,-27.523008,2.2799098,0.75996995,0.15200001,0.0,0.1616733,12.92998,12.95998,1388800
hardzero_plus_depr__c0p50__z1p00__lam0p030__nu0p50__psi1p00,hardzero_plus_depr,0.01,32,434,0.0,2,0.015319662,0.015319662,1.0233625,0.0,0.09476271,0.0,0.0,2.3526221e-08,-27.044228,2.2514424,0.75048083,0.192,0.0,0.15605465,12.95998,12.98998,1392000
hardzero_plus_depr__c0p50__z1p00__lam0p030__nu0p50__psi1p00,hardzero_plus_depr,0.01,32,435,0.0,2,0.015319662,0.015319662,1.0185268,0.0,0.09582376,0.0,0.0,2.2830925e-08,-27.2116,2.2408037,0.7469346,0.16000001,0.0,0.13364698,12.98998,13.0199795,1395200
hardzero_plus_depr__c0p50__z1p00__lam0p030__nu0p50__psi1p00,hardzero_plus_depr,0.01,32,436,0.0,2,0.015319662,0.015319664,0.98691183,0.10305953,0.10305953,1.0,2.2834046e-09,2.2156172e-08,-26.350414,2.1712494,0.7237498,0.192,0.0,0.14951187,13.0199795,13.049979,1398400
hardzero_plus_depr__c0p50__z1p00__lam0p030__nu0p50__psi1p00,hardzero_plus_depr,0.01,32,437,0.0,2,0.015319664,0.015319664,1.0393786,0.0,0.09133165,0.0,0.0,2.1501366e-08,-27.186008,2.2866788,0.7622263,0.120000005,0.0,0.16524677,13.049979,13.079979,1401600
hardzero_plus_depr__c0p50__z1p00__lam0p030__nu0p50__psi1p00,hardzero_plus_depr,0.01,32,438,0.0,2,0.015319664,0.015319664,1.0266562,0.0,0.094046764,0.0,0.0,2.0865908e-08,-27.99749,2.2586887,0.75289625,0.17600001,0.0,0.14501658,13.079979,13.109979,1404800
hardzero_plus_depr__c0p50__z1p00__lam0p030__nu0p50__psi1p00,hardzero_plus_depr,0.01,32,439,0.0,2,0.015319664,0.015319664,1.0054296,0.0,0.098757565,0.0,0.0,2.0249235e-08,-26.981512,2.2119894,0.73732984,0.104,0.0,0.14047961,13.109979,13.139978,1408000
hardzero_plus_depr__c0p50__z1p00__lam0p030__nu0p50__psi1p00,hardzero_plus_depr,0.01,32,440,0.0,2,0.015319664,0.015319664,1.0209384,0.0,0.09529312,0.0,0.0,1.9650782e-08,-26.53299,2.2461092,0.7487031,0.192,0.008,0.18021825,13.139978,13.169978,1411200
hardzero_plus_depr__c0p50__z1p00__lam0p030__nu0p50__psi1p00,hardzero_plus_depr,0.01,32,441,0.0,2,0.015319664,0.015319666,0.9857731,0.10333011,0.10333011,1.0,1.9705073e-09,1.907002e-08,-26.127432,2.168744,0.7229147,0.16000001,0.0,0.14428923,13.169978,13.199978,1414400
hardzero_plus_depr__c0p50__z1p00__lam0p030__nu0p50__psi1p00,hardzero_plus_depr,0.01,32,442,0.0,2,0.015319666,0.015319668,0.99732155,0.100618646,0.100618646,1.0,1.862091e-09,1.8506421e-08,-26.643703,2.1941512,0.73138374,0.14,0.0,0.15779178,13.199978,13.229978,1417600
hardzero_plus_depr__c0p50__z1p00__lam0p030__nu0p50__psi1p00,hardzero_plus_depr,0.01,32,443,0.0,2,0.015319668,0.015319668,1.021472,0.0,0.095176116,0.0,0.0,1.795948e-08,-27.718336,2.2472832,0.7490944,0.14400001,0.0,0.16259165,13.229978,13.259977,1420800
hardzero_plus_depr__c0p50__z1p00__lam0p030__nu0p50__psi1p00,hardzero_plus_depr,0.01,32,444,0.0,2,0.015319668,0.01531967,0.9704655,0.10703715,0.10703715,1.0,1.8655184e-09,1.74287e-08,-26.768509,2.1350667,0.71168894,0.16000001,0.0,0.1440834,13.259977,13.289977,1424000
hardzero_plus_depr__c0p50__z1p00__lam0p030__nu0p50__psi1p00,hardzero_plus_depr,0.01,32,445,0.0,2,0.01531967,0.0153196715,0.9700053,0.107150614,0.107150614,1.0,1.8123035e-09,1.6913608e-08,-26.359173,2.1340542,0.7113514,0.120000005,0.0,0.14366041,13.289977,13.319977,1427200
hardzero_plus_depr__c0p50__z1p00__lam0p030__nu0p50__psi1p00,hardzero_plus_depr,0.01,32,446,0.0,2,0.0153196715,0.015319673,0.9958347,0.1009637,0.1009637,1.0,1.6571918e-09,1.641374e-08,-27.316277,2.19088,0.7302934,0.17600001,0.0,0.1515002,13.319977,13.349977,1430400
hardzero_plus_depr__c0p50__z1p00__lam0p030__nu0p50__psi1p00,hardzero_plus_depr,0.01,32,447,0.0,2,0.015319673,0.015319675,0.99302995,0.101617865,0.101617865,1.0,1.6186351e-09,1.5928647e-08,-27.248781,2.1847095,0.72823656,0.16800001,0.0,0.12611324,13.349977,13.379976,1433600
hardzero_plus_depr__c0p50__z1p00__lam0p030__nu0p50__psi1p00,hardzero_plus_depr,0.01,32,448,0.0,2,0.015319675,0.015319675,1.0112747,0.0,0.097437315,0.0,0.0,1.5457887e-08,-27.08793,2.2248487,0.74161625,0.2,0.0,0.17178395,13.379976,13.409976,1436800
hardzero_plus_depr__c0p50__z1p00__lam0p030__nu0p50__psi1p00,hardzero_plus_depr,0.01,32,449,0.0,2,0.015319675,0.015319675,1.0247862,0.0,0.09445257,0.0,0.0,1.5001042e-08,-27.75191,2.2545748,0.7515249,0.18400002,0.0,0.16062617,13.409976,13.439976,1440000
hardzero_plus_depr__c0p50__z1p00__lam0p030__nu0p50__psi1p00,hardzero_plus_depr,0.01,32,450,0.0,2,0.015319675,0.015319675,1.0262991,0.0,0.09412411,0.0,0.0,1.4557698e-08,-28.02082,2.257903,0.7526344,0.16000001,0.008,0.14895636,13.439976,13.469975,1443200
hardzero_plus_depr__c0p50__z1p00__lam0p030__nu0p50__psi1p00,hardzero_plus_depr,0.01,32,451,0.0,2,0.015319675,0.015319677,0.97329915,0.10634102,0.10634102,1.0,1.502328e-09,1.4127456e-08,-26.345058,2.141301,0.713767,0.15200001,0.0,0.1245829,13.469975,13.499975,1446400
hardzero_plus_depr__c0p50__z1p00__lam0p030__nu0p50__psi1p00,hardzero_plus_depr,0.01,32,452,0.0,2,0.015319677,0.015319677,1.0489641,0.0,0.08933792,0.0,0.0,1.3709931e-08,-28.175571,2.3077672,0.76925576,0.16800001,0.008,0.15284452,13.499975,13.529975,1449600
hardzero_plus_depr__c0p50__z1p00__lam0p030__nu0p50__psi1p00,hardzero_plus_depr,0.01,32,453,0.0,2,0.015319677,0.015319678,0.99669003,0.100765064,0.100765064,1.0,1.3406534e-09,1.3304744e-08,-27.128942,2.192762,0.7309207,0.2,0.0,0.1417774,13.529975,13.559975,1452800
hardzero_plus_depr__c0p50__z1p00__lam0p030__nu0p50__psi1p00,hardzero_plus_depr,0.01,32,454,0.0,2,0.015319678,0.015319678,1.0194954,0.0,0.0956103,0.0,0.0,1.2911533e-08,-27.044798,2.2429345,0.74764484,0.112,0.0,0.16810809,13.559975,13.589974,1456000
hardzero_plus_depr__c0p50__z1p00__lam0p030__nu0p50__psi1p00,hardzero_plus_depr,0.01,32,455,0.0,2,0.015319678,0.015319678,1.0002227,0.0,0.09994873,0.0,0.0,1.2529942e-08,-27.437836,2.2005339,0.7335113,0.21,0.0,0.1699165,13.589974,13.619974,1459200
hardzero_plus_depr__c0p50__z1p00__lam0p030__nu0p50__psi1p00,hardzero_plus_depr,0.01,32,456,0.0,2,0.015319678,0.015319678,1.0357748,0.0,0.09209269,0.0,0.0,1.21596315e-08,-28.223063,2.2787502,0.7595834,0.15200001,0.0,0.1446416,13.619974,13.649974,1462400
hardzero_plus_depr__c0p50__z1p00__lam0p030__nu0p50__psi1p00,hardzero_plus_depr,0.01,32,457,0.0,2,0.015319678,0.015319678,1.0534501,0.0,0.08841988,0.0,0.0,1.1800263e-08,-27.979584,2.3176365,0.7725455,0.14400001,0.0,0.14856339,13.649974,13.679974,1465600
hardzero_plus_depr__c0p50__z1p00__lam0p030__nu0p50__psi1p00,hardzero_plus_depr,0.01,32,458,0.0,2,0.015319678,0.015319678,1.0467366,0.0,0.089797325,0.0,0.0,1.1451514e-08,-27.659956,2.3028665,0.7676222,0.120000005,0.0,0.15302613,13.679974,13.709973,1468800
hardzero_plus_depr__c0p50__z1p00__lam0p030__nu0p50__psi1p00,hardzero_plus_depr,0.01,32,459,0.0,2,0.015319678,0.015319678,1.0173395,0.0,0.09608609,0.0,0.0,1.1113075e-08,-28.242912,2.2381916,0.7460639,0.17600001,0.0,0.15478194,13.709973,13.739973,1472000
hardzero_plus_depr__c0p50__z1p00__lam0p030__nu0p50__psi1p00,hardzero_plus_depr,0.01,32,460,0.0,2,0.015319678,0.015319679,0.97320825,0.10636329,0.10636329,1.0,1.1470893e-09,1.0784635e-08,-26.386692,2.141101,0.7137003,0.15200001,0.0,0.16660124,13.739973,13.769973,1475200
hardzero_plus_depr__c0p50__z1p00__lam0p030__nu0p50__psi1p00,hardzero_plus_depr,0.01,32,461,0.0,2,0.015319679,0.01531968,0.95669204,0.11048617,0.11048617,1.0,1.1563377e-09,1.0465905e-08,-26.04945,2.1047645,0.70158815,0.16000001,0.0,0.13063693,13.769973,13.799973,1478400
hardzero_plus_depr__c0p50__z1p00__lam0p030__nu0p50__psi1p00,hardzero_plus_depr,0.01,32,462,0.0,2,0.01531968,0.01531968,1.0338682,0.0,0.092497885,0.0,0.0,1.0156593e-08,-27.523233,2.2745554,0.75818515,0.120000005,0.0,0.13804898,13.799973,13.829972,1481600
hardzero_plus_depr__c0p50__z1p00__lam0p030__nu0p50__psi1p00,hardzero_plus_depr,0.01,32,463,0.0,2,0.01531968,0.01531968,1.0123234,0.0,0.097202316,0.0,0.0,9.856422e-09,-26.76269,2.227156,0.7423853,0.16000001,0.0,0.16150883,13.829972,13.859972,1484800
hardzero_plus_depr__c0p50__z1p00__lam0p030__nu0p50__psi1p00,hardzero_plus_depr,0.01,32,464,0.0,2,0.01531968,0.015319681,0.99820775,0.10041353,0.10041353,1.0,9.604679e-10,9.565125e-09,-26.718569,2.196101,0.73203367,0.16800001,0.0,0.137692,13.859972,13.889972,1488000
hardzero_plus_depr__c0p50__z1p00__lam0p030__nu0p50__psi1p00,hardzero_plus_depr,0.01,32,465,0.0,2,0.015319681,0.015319682,0.9920825,0.10183978,0.10183978,1.0,9.453212e-10,9.282435e-09,-27.49795,2.182625,0.7275417,0.128,0.0,0.14064611,13.889972,13.919971,1491200
hardzero_plus_depr__c0p50__z1p00__lam0p030__nu0p50__psi1p00,hardzero_plus_depr,0.01,32,466,0.0,2,0.015319682,0.015319683,0.98029184,0.1046425,0.1046425,1.0,9.426301e-10,9.0081e-09,-25.746542,2.156685,0.7188951,0.18400002,0.0,0.14146641,13.919971,13.949971,1494400
hardzero_plus_depr__c0p50__z1p00__lam0p030__nu0p50__psi1p00,hardzero_plus_depr,0.01,32,467,0.0,2,0.015319683,0.015319684,0.97815096,0.10515962,0.10515962,1.0,9.192919e-10,8.741872e-09,-26.435362,2.1519752,0.7173251,0.216,0.0,0.1425814,13.949971,13.979971,1497600
hardzero_plus_depr__c0p50__z1p00__lam0p030__nu0p50__psi1p00,hardzero_plus_depr,0.01,32,468,0.0,2,0.015319684,0.0153196845,0.9883081,0.10272874,0.10272874,1.0,8.7150065e-10,8.4835134e-09,-27.116318,2.1743212,0.72477376,0.14,0.0,0.13473827,13.979971,14.009971,1500800
hardzero_plus_depr__c0p50__z1p00__lam0p030__nu0p50__psi1p00,hardzero_plus_depr,0.01,32,469,0.0,2,0.0153196845,0.0153196845,1.0458527,0.0,0.08998029,0.0,0.0,8.23279e-09,-27.246397,2.300922,0.766974,0.120000005,0.0,0.15666346,14.009971,14.03997,1504000
hardzero_plus_depr__c0p50__z1p00__lam0p030__nu0p50__psi1p00,hardzero_plus_depr,0.01,32,470,0.0,2,0.0153196845,0.0153196845,1.0096961,0.0,0.09779211,0.0,0.0,7.989476e-09,-26.72573,2.2213757,0.7404586,0.192,0.0,0.13858156,14.03997,14.06997,1507200
hardzero_plus_depr__c0p50__z1p00__lam0p030__nu0p50__psi1p00,hardzero_plus_depr,0.01,32,471,0.0,2,0.0153196845,0.015319685,0.99037033,0.102242075,0.102242075,1.0,7.9271906e-10,7.753354e-09,-27.016926,2.1788583,0.7262861,0.17600001,0.0,0.14942521,14.06997,14.09997,1510400
hardzero_plus_depr__c0p50__z1p00__lam0p030__nu0p50__psi1p00,hardzero_plus_depr,0.01,32,472,0.0,2,0.015319685,0.015319685,1.0336883,0.0,0.092536196,0.0,0.0,7.52421e-09,-27.761177,2.2741597,0.75805324,0.120000005,0.0,0.1980329,14.09997,14.12997,1513600
hardzero_plus_depr__c0p50__z1p00__lam0p030__nu0p50__psi1p00,hardzero_plus_depr,0.01,32,473,0.0,2,0.015319685,0.015319685,1.0111064,0.0,0.0974751,0.0,0.0,7.301838e-09,-25.806757,2.2244785,0.74149287,0.192,0.0,0.14783485,14.12997,14.159969,1516800
hardzero_plus_depr__c0p50__z1p00__lam0p030__nu0p50__psi1p00,hardzero_plus_depr,0.01,32,474,0.0,2,0.015319685,0.015319685,1.0215585,0.0,0.09515715,0.0,0.0,7.0860375e-09,-27.542795,2.2474737,0.7491579,0.112,0.0,0.14401986,14.159969,14.189969,1520000
hardzero_plus_depr__c0p50__z1p00__lam0p030__nu0p50__psi1p00,hardzero_plus_depr,0.01,32,475,0.0,2,0.015319685,0.015319686,0.97986716,0.10474489,0.10474489,1.0,7.202903e-10,6.8766153e-09,-26.161934,2.1557508,0.7185836,0.096,0.0,0.13146365,14.189969,14.219969,1523200
hardzero_plus_depr__c0p50__z1p00__lam0p030__nu0p50__psi1p00,hardzero_plus_depr,0.01,32,476,0.0,2,0.015319686,0.015319686,1.041268,0.0,0.090935186,0.0,0.0,6.673382e-09,-28.63641,2.2908354,0.7636118,0.136,0.0,0.16504137,14.219969,14.249969,1526400
hardzero_plus_depr__c0p50__z1p00__lam0p030__nu0p50__psi1p00,hardzero_plus_depr,0.01,32,477,0.0,2,0.015319686,0.015319686,1.0010073,0.0,0.09976833,0.0,0.0,6.476155e-09,-27.066816,2.20226,0.7340867,0.17600001,0.0,0.15830466,14.249969,14.279968,1529600
hardzero_plus_depr__c0p50__z1p00__lam0p030__nu0p50__psi1p00,hardzero_plus_depr,0.01,32,478,0.0,2,0.015319686,0.015319686,1.0028579,0.0,0.0993441,0.0,0.0,6.2847585e-09,-26.790834,2.2063315,0.73544383,0.14400001,0.0,0.15248561,14.279968,14.309968,1532800
hardzero_plus_depr__c0p50__z1p00__lam0p030__nu0p50__psi1p00,hardzero_plus_depr,0.01,32,479,0.0,2,0.015319686,0.015319686,1.0530787,0.0,0.08849553,0.0,0.0,6.0990173e-09,-28.324219,2.3168192,0.77227306,0.14400001,0.0,0.16268031,14.309968,14.339968,1536000
hardzero_plus_depr__c0p50__z1p00__lam0p030__nu0p50__psi1p00,hardzero_plus_depr,0.01,32,480,0.0,2,0.015319686,0.015319687,0.98282164,0.10403472,0.10403472,1.0,6.1575717e-10,5.918766e-09,-26.760159,2.1622508,0.7207503,0.264,0.0,0.16022195,14.339968,14.369967,1539200
hardzero_plus_depr__c0p50__z1p00__lam0p030__nu0p50__psi1p00,hardzero_plus_depr,0.01,32,481,0.0,2,0.015319687,0.015319687,1.0172266,0.0,0.09611107,0.0,0.0,5.743841e-09,-27.054735,2.2379432,0.7459811,0.17999999,0.0,0.15236913,14.369967,14.399967,1542400
hardzero_plus_depr__c0p50__z1p00__lam0p030__nu0p50__psi1p00,hardzero_plus_depr,0.01,32,482,0.0,2,0.015319687,0.015319688,0.9903838,0.10223891,0.10223891,1.0,5.6988847e-10,5.574086e-09,-26.443531,2.1788878,0.72629595,0.128,0.0,0.1657361,14.399967,14.429967,1545600
hardzero_plus_depr__c0p50__z1p00__lam0p030__nu0p50__psi1p00,hardzero_plus_depr,0.01,32,483,0.0,2,0.015319688,0.015319689,0.9916157,0.1019493,0.1019493,1.0,5.5147925e-10,5.4093485e-09,-26.158594,2.1815982,0.72719944,0.18400002,0.0,0.14434141,14.429967,14.459967,1548800
hardzero_plus_depr__c0p50__z1p00__lam0p030__nu0p50__psi1p00,hardzero_plus_depr,0.01,32,484,0.0,2,0.015319689,0.01531969,0.99564797,0.101007126,0.101007126,1.0,5.3023486e-10,5.2494795e-09,-26.912483,2.1904693,0.7301564,0.192,0.0,0.17274858,14.459967,14.489966,1552000
hardzero_plus_depr__c0p50__z1p00__lam0p030__nu0p50__psi1p00,hardzero_plus_depr,0.01,32,485,0.0,2,0.01531969,0.01531969,1.0345968,0.0,0.09234283,0.0,0.0,5.0943347e-09,-27.67211,2.2761583,0.75871944,0.16000001,0.0,0.17294207,14.489966,14.519966,1555200
hardzero_plus_depr__c0p50__z1p00__lam0p030__nu0p50__psi1p00,hardzero_plus_depr,0.01,32,486,0.0,2,0.01531969,0.015319691,0.99695426,0.10070377,0.10070377,1.0,4.978569e-10,4.9437765e-09,-26.377062,2.1933432,0.7311144,0.216,0.0,0.14365064,14.519966,14.549966,1558400
hardzero_plus_depr__c0p50__z1p00__lam0p030__nu0p50__psi1p00,hardzero_plus_depr,0.01,32,487,0.0,2,0.015319691,0.015319691,1.0290294,0.0,0.09353424,0.0,0.0,4.7976676e-09,-27.248497,2.2639098,0.75463665,0.080000006,0.0,0.12809385,14.549966,14.579966,1561600
hardzero_plus_depr__c0p50__z1p00__lam0p030__nu0p50__psi1p00,hardzero_plus_depr,0.01,32,488,0.0,2,0.015319691,0.015319691,1.0007946,0.0,0.09981718,0.0,0.0,4.6558757e-09,-26.986963,2.2017922,0.73393077,0.15200001,0.0,0.13808192,14.579966,14.609965,1564800
hardzero_plus_depr__c0p50__z1p00__lam0p030__nu0p50__psi1p00,hardzero_plus_depr,0.01,32,489,0.0,2,0.015319691,0.015319691,0.9955615,0.10102724,0.10102724,1.0,4.5646886e-10,4.518275e-09,-25.940899,2.190279,0.730093,0.14400001,0.0,0.14707002,14.609965,14.639965,1568000
hardzero_plus_depr__c0p50__z1p00__lam0p030__nu0p50__psi1p00,hardzero_plus_depr,0.01,32,490,0.0,2,0.015319691,0.015319692,0.96786356,0.107680336,0.107680336,1.0,4.721504e-10,4.384741e-09,-26.399277,2.1293423,0.7097808,0.24000001,0.0,0.15494782,14.639965,14.669965,1571200
hardzero_plus_depr__c0p50__z1p00__lam0p030__nu0p50__psi1p00,hardzero_plus_depr,0.01,32,491,0.0,2,0.015319692,0.015319692,0.97250104,0.106536634,0.106536634,1.0,4.5332973e-10,4.2551536e-09,-27.317642,2.139545,0.7131817,0.16800001,0.0,0.14857303,14.669965,14.699965,1574400
hardzero_plus_depr__c0p50__z1p00__lam0p030__nu0p50__psi1p00,hardzero_plus_depr,0.01,32,492,0.0,2,0.015319692,0.015319692,1.0884691,0.0,0.081570074,0.0,0.0,4.129396e-09,-28.303377,2.39468,0.7982267,0.096,0.0,0.16180548,14.699965,14.729964,1577600
hardzero_plus_depr__c0p50__z1p00__lam0p030__nu0p50__psi1p00,hardzero_plus_depr,0.01,32,493,0.0,2,0.015319692,0.015319692,0.9764755,0.105566114,0.105566114,1.0,4.2304088e-10,4.007355e-09,-26.857882,2.148289,0.71609634,0.15200001,0.0,0.15704381,14.729964,14.759964,1580800
hardzero_plus_depr__c0p50__z1p00__lam0p030__nu0p50__psi1p00,hardzero_plus_depr,0.01,32,494,0.0,2,0.015319692,0.015319692,1.0377941,0.0,0.09166549,0.0,0.0,3.8889207e-09,-27.60041,2.2831926,0.76106423,0.12,0.0,0.17879504,14.759964,14.789964,1584000
hardzero_plus_depr__c0p50__z1p00__lam0p030__nu0p50__psi1p00,hardzero_plus_depr,0.01,32,495,0.0,2,0.015319692,0.015319692,1.0341911,0.0,0.09242913,0.0,0.0,3.7739865e-09,-27.275438,2.275266,0.758422,0.16000001,0.0,0.16704902,14.789964,14.819963,1587200
hardzero_plus_depr__c0p50__z1p00__lam0p030__nu0p50__psi1p00,hardzero_plus_depr,0.01,32,496,0.0,2,0.015319692,0.015319692,1.0063521,0.0,0.09854802,0.0,0.0,3.6624495e-09,-27.442877,2.2140188,0.7380063,0.120000005,0.0,0.1635462,14.819963,14.849963,1590400
hardzero_plus_depr__c0p50__z1p00__lam0p030__nu0p50__psi1p00,hardzero_plus_depr,0.01,32,497,0.0,2,0.015319692,0.015319692,0.99197984,0.10186387,0.10186387,1.0,3.6204542e-10,3.5542085e-09,-26.870615,2.1823993,0.72746646,0.192,0.0,0.14735302,14.849963,14.879963,1593600
hardzero_plus_depr__c0p50__z1p00__lam0p030__nu0p50__psi1p00,hardzero_plus_depr,0.01,32,498,0.0,2,0.015319692,0.015319692,1.0352353,0.0,0.09220718,0.0,0.0,3.4491667e-09,-27.383326,2.277563,0.7591877,0.16800001,0.0,0.1674033,14.879963,14.909963,1596800
hardzero_plus_depr__c0p50__z1p00__lam0p030__nu0p50__psi1p00,hardzero_plus_depr,0.01,32,499,0.0,2,0.015319692,0.015319692,0.9808235,0.104514495,0.104514495,1.0,3.4983397e-10,3.3472292e-09,-26.319897,2.1578548,0.71928495,0.15200001,0.0,0.15708023,14.909963,14.939962,1600000
hardzero_plus_depr__c0p50__z1p00__lam0p030__nu0p50__psi1p00,hardzero_plus_depr,0.01,32,500,0.0,2,0.015319692,0.015319692,1.0603471,0.0,0.08702677,0.0,0.0,3.248305e-09,-27.691477,2.3328102,0.7776034,0.112,0.0,0.17958122,14.939962,14.969962,1603200
hardzero_plus_depr__c0p50__z1p00__lam0p030__nu0p50__psi1p00,hardzero_plus_depr,0.01,32,501,0.0,2,0.015319692,0.015319692,1.0143633,0.0,0.09674682,0.0,0.0,3.1523038e-09,-27.314768,2.2316437,0.7438812,0.136,0.0,0.1826327,14.969962,14.999962,1606400
hardzero_plus_depr__c0p50__z1p00__lam0p030__nu0p50__psi1p00,hardzero_plus_depr,0.01,32,502,0.0,2,0.015319692,0.015319692,1.0232171,0.0,0.09479444,0.0,0.0,3.0591398e-09,-27.932379,2.2511225,0.7503742,0.15200001,0.0,0.16175514,14.999962,15.029962,1609600
hardzero_plus_depr__c0p50__z1p00__lam0p030__nu0p50__psi1p00,hardzero_plus_depr,0.01,32,503,0.0,2,0.015319692,0.015319692,1.0557747,0.0,0.08794785,0.0,0.0,2.9687293e-09,-28.492243,2.3227506,0.7742502,0.136,0.0,0.15354976,15.029962,15.059961,1612800
hardzero_plus_depr__c0p50__z1p00__lam0p030__nu0p50__psi1p00,hardzero_plus_depr,0.01,32,504,0.0,2,0.015319692,0.015319692,0.99756527,0.10056219,0.10056219,1.0,2.8971878e-10,2.880991e-09,-26.935541,2.1946874,0.7315625,0.24000001,0.0,0.15637526,15.059961,15.089961,1616000
hardzero_plus_depr__c0p50__z1p00__lam0p030__nu0p50__psi1p00,hardzero_plus_depr,0.01,32,505,0.0,2,0.015319692,0.015319692,0.990828,0.102134384,0.102134384,1.0,2.8555197e-10,2.7958456e-09,-26.518595,2.1798651,0.72662175,0.17600001,0.0,0.16100825,15.089961,15.119961,1619200
hardzero_plus_depr__c0p50__z1p00__lam0p030__nu0p50__psi1p00,hardzero_plus_depr,0.01,32,506,0.0,2,0.015319692,0.015319692,0.9520797,0.11166583,0.11166583,1.0,3.029736e-10,2.7132165e-09,-26.266571,2.0946171,0.6982057,0.23200001,0.0,0.16054763,15.119961,15.1499605,1622400
hardzero_plus_depr__c0p50__z1p00__lam0p030__nu0p50__psi1p00,hardzero_plus_depr,0.01,32,507,0.0,2,0.015319692,0.015319692,0.9742021,0.10612015,0.10612015,1.0,2.7941746e-10,2.6330294e-09,-26.980207,2.1432874,0.71442914,0.14,0.0,0.15721825,15.1499605,15.17996,1625600
hardzero_plus_depr__c0p50__z1p00__lam0p030__nu0p50__psi1p00,hardzero_plus_depr,0.01,32,508,0.0,2,0.015319692,0.015319692,1.0072047,0.0,0.09835474,0.0,0.0,2.5552125e-09,-27.037998,2.2158945,0.7386315,0.2,0.0,0.18647806,15.17996,15.20996,1628800
hardzero_plus_depr__c0p50__z1p00__lam0p030__nu0p50__psi1p00,hardzero_plus_depr,0.01,32,509,0.0,2,0.015319692,0.015319692,1.0150057,0.0,0.09660382,0.0,0.0,2.4796951e-09,-28.069387,2.233057,0.74435234,0.16800001,0.0,0.14881444,15.20996,15.23996,1632000
hardzero_plus_depr__c0p50__z1p00__lam0p030__nu0p50__psi1p00,hardzero_plus_depr,0.01,32,510,0.0,2,0.015319692,0.015319692,0.9717487,0.10672135,0.10672135,1.0,2.568153e-10,2.4064097e-09,-25.801529,2.1378899,0.71263,0.16000001,0.0,0.14402331,15.23996,15.269959,1635200
hardzero_plus_depr__c0p50__z1p00__lam0p030__nu0p50__psi1p00,hardzero_plus_depr,0.01,32,511,0.0,2,0.015319692,0.015319692,1.0090526,0.0,0.09793712,0.0,0.0,2.3352902e-09,-27.173904,2.2199602,0.7399868,0.18400002,0.0,0.14241612,15.269959,15.299959,1638400
hardzero_plus_depr__c0p50__z1p00__lam0p030__nu0p50__psi1p00,hardzero_plus_depr,0.01,32,512,0.0,2,0.015319692,0.015319692,1.0250999,0.0,0.09438438,0.0,0.0,2.2662725e-09,-27.518808,2.2552648,0.75175494,0.128,0.0,0.16910145,15.299959,15.329959,1641600
hardzero_plus_depr__c0p50__z1p00__lam0p030__nu0p50__psi1p00,hardzero_plus_depr,0.01,32,513,0.0,2,0.015319692,0.015319692,0.9718975,0.10668479,0.10668479,1.0,2.3463126e-10,2.1992945e-09,-26.231447,2.1382172,0.7127391,0.17600001,0.0,0.13547806,15.329959,15.359959,1644800
hardzero_plus_depr__c0p50__z1p00__lam0p030__nu0p50__psi1p00,hardzero_plus_depr,0.01,32,514,0.0,2,0.015319692,0.015319692,1.030156,0.0,0.09329191,0.0,0.0,2.1342963e-09,-27.640776,2.2663884,0.7554628,0.16800001,0.0,0.14566925,15.359959,15.389958,1648000
hardzero_plus_depr__c0p50__z1p00__lam0p030__nu0p50__psi1p00,hardzero_plus_depr,0.01,32,515,0.0,2,0.015319692,0.015319692,0.9862615,0.10321397,0.10321397,1.0,2.1377874e-10,2.071219e-09,-27.126528,2.1698186,0.7232729,0.192,0.0,0.17964004,15.389958,15.419958,1651200
hardzero_plus_depr__c0p50__z1p00__lam0p030__nu0p50__psi1p00,hardzero_plus_depr,0.01,32,516,0.0,2,0.015319692,0.015319692,0.99761367,0.100550994,0.100550994,1.0,2.0210805e-10,2.0100055e-09,-26.941612,2.194794,0.731598,0.15200001,0.0,0.15691063,15.419958,15.449958,1654400
hardzero_plus_depr__c0p50__z1p00__lam0p030__nu0p50__psi1p00,hardzero_plus_depr,0.01,32,517,0.0,2,0.015319692,0.015319692,0.9821741,0.10418997,0.10418997,1.0,2.0323311e-10,1.9506015e-09,-27.285059,2.1608262,0.7202754,0.15200001,0.0,0.15822238,15.449958,15.479958,1657600
hardzero_plus_depr__c0p50__z1p00__lam0p030__nu0p50__psi1p00,hardzero_plus_depr,0.01,32,518,0.0,2,0.015319692,0.015319692,1.0783911,0.0,0.08348509,0.0,0.0,1.8929531e-09,-27.947336,2.3725078,0.790836,0.136,0.0,0.1779209,15.479958,15.509957,1660800
hardzero_plus_depr__c0p50__z1p00__lam0p030__nu0p50__psi1p00,hardzero_plus_depr,0.01,32,519,0.0,2,0.015319692,0.015319692,0.96835446,0.10755868,0.10755868,1.0,1.975862e-10,1.8370083e-09,-26.304255,2.1304224,0.7101408,0.16000001,0.0,0.15190658,15.509957,15.539957,1664000
hardzero_plus_depr__c0p50__z1p00__lam0p030__nu0p50__psi1p00,hardzero_plus_depr,0.01,32,520,0.0,2,0.015319692,0.015319692,1.0093836,0.0,0.09786253,0.0,0.0,1.7827169e-09,-26.707216,2.220688,0.74022937,0.17999999,0.0,0.14692974,15.539957,15.569957,1667200
hardzero_plus_depr__c0p50__z1p00__lam0p030__nu0p50__psi1p00,hardzero_plus_depr,0.01,32,521,0.0,2,0.015319692,0.015319692,0.9410505,0.11453797,0.11453797,1.0,1.9815415e-10,1.7300302e-09,-25.956837,2.0703526,0.69011754,0.15200001,0.0,0.13329533,15.569957,15.5999565,1670400
hardzero_plus_depr__c0p50__z1p00__lam0p030__nu0p50__psi1p00,hardzero_plus_depr,0.01,32,522,0.0,2,0.015319692,0.015319692,1.02734,0.0,0.09389878,0.0,0.0,1.6789006e-09,-27.508673,2.2601933,0.7533978,0.14400001,0.0,0.15572432,15.5999565,15.629956,1673600
hardzero_plus_depr__c0p50__z1p00__lam0p030__nu0p50__psi1p00,hardzero_plus_depr,0.01,32,523,0.0,2,0.015319692,0.015319692,1.0644312,0.0,0.08621221,0.0,0.0,1.629282e-09,-28.307734,2.3417954,0.7805985,0.104,0.0,0.15915072,15.629956,15.659956,1676800
hardzero_plus_depr__c0p50__z1p00__lam0p030__nu0p50__psi1p00,hardzero_plus_depr,0.01,32,524,0.0,2,0.015319692,0.015319692,0.9795787,0.10481449,0.10481449,1.0,1.6572531e-10,1.5811298e-09,-27.128366,2.155116,0.71837205,0.256,0.0,0.15115,15.659956,15.689956,1680000
hardzero_plus_depr__c0p50__z1p00__lam0p030__nu0p50__psi1p00,hardzero_plus_depr,0.01,32,525,0.0,2,0.015319692,0.015319692,0.9827215,0.10405871,0.10405871,1.0,1.5966778e-10,1.5344008e-09,-25.590607,2.1620305,0.72067684,0.208,0.0,0.16087201,15.689956,15.719955,1683200
hardzero_plus_depr__c0p50__z1p00__lam0p030__nu0p50__psi1p00,hardzero_plus_depr,0.01,32,526,0.0,2,0.015319692,0.015319692,1.0168045,0.0,0.096204534,0.0,0.0,1.4890527e-09,-27.453875,2.2370145,0.7456715,0.14400001,0.0,0.17850037,15.719955,15.749955,1686400
hardzero_plus_depr__c0p50__z1p00__lam0p030__nu0p50__psi1p00,hardzero_plus_depr,0.01,32,527,0.0,2,0.015319692,0.015319692,0.9229506,0.119412385,0.119412385,1.0,1.7255626e-10,1.445045e-09,-26.200264,2.030532,0.676844,0.272,0.008,0.12668876,15.749955,15.779955,1689600
hardzero_plus_depr__c0p50__z1p00__lam0p030__nu0p50__psi1p00,hardzero_plus_depr,0.01,32,528,0.0,2,0.015319692,0.015319692,1.0283176,0.0,0.09368766,0.0,0.0,1.4023378e-09,-27.994352,2.262344,0.7541146,0.2,0.0,0.1539807,15.779955,15.809955,1692800
hardzero_plus_depr__c0p50__z1p00__lam0p030__nu0p50__psi1p00,hardzero_plus_depr,0.01,32,529,0.0,2,0.015319692,0.015319692,0.9852312,0.10345911,0.10345911,1.0,1.4079678e-10,1.360893e-09,-25.121181,2.167552,0.7225174,0.17600001,0.0,0.15142706,15.809955,15.839954,1696000
hardzero_plus_depr__c0p50__z1p00__lam0p030__nu0p50__psi1p00,hardzero_plus_depr,0.01,32,530,0.0,2,0.015319692,0.015319692,0.9850562,0.10350081,0.10350081,1.0,1.3669071e-10,1.3206728e-09,-27.464476,2.167167,0.722389,0.224,0.0,0.17617697,15.839954,15.869954,1699200
hardzero_plus_depr__c0p50__z1p00__lam0p030__nu0p50__psi1p00,hardzero_plus_depr,0.01,32,531,0.0,2,0.015319692,0.015319692,0.9930525,0.10161258,0.10161258,1.0,1.3023088e-10,1.2816412e-09,-26.568491,2.1847591,0.72825307,0.2,0.0,0.17373277,15.869954,15.899954,1702400
hardzero_plus_depr__c0p50__z1p00__lam0p030__nu0p50__psi1p00,hardzero_plus_depr,0.01,32,532,0.0,2,0.015319692,0.015319692,0.94020593,0.114760935,0.114760935,1.0,1.4273545e-10,1.2437634e-09,-25.984804,2.0684943,0.6894981,0.216,0.0,0.15934037,15.899954,15.929954,1705600
hardzero_plus_depr__c0p50__z1p00__lam0p030__nu0p50__psi1p00,hardzero_plus_depr,0.01,32,533,0.0,2,0.015319692,0.015319692,1.025907,0.0,0.09420911,0.0,0.0,1.2070049e-09,-27.021162,2.2570405,0.7523469,0.22,0.0,0.14944355,15.929954,15.959953,1708800
hardzero_plus_depr__c0p50__z1p00__lam0p030__nu0p50__psi1p00,hardzero_plus_depr,0.01,32,534,0.0,2,0.015319692,0.015319692,1.0210856,0.0,0.09526084,0.0,0.0,1.1713329e-09,-27.219223,2.2464333,0.7488111,0.136,0.0,0.15122691,15.959953,15.989953,1712000
hardzero_plus_depr__c0p50__z1p00__lam0p030__nu0p50__psi1p00,hardzero_plus_depr,0.01,32,535,0.0,2,0.015319692,0.015319692,1.018402,0.0,0.09585129,0.0,0.0,1.136715e-09,-26.726624,2.240529,0.74684304,0.14400001,0.0,0.14166526,15.989953,16.019953,1715200
hardzero_plus_depr__c0p50__z1p00__lam0p030__nu0p50__psi1p00,hardzero_plus_depr,0.01,32,536,0.0,2,0.015319692,0.015319692,0.9446412,0.11359488,0.11359488,1.0,1.2530883e-10,1.1031204e-09,-26.25019,2.078252,0.6927507,0.2,0.0,0.14031146,16.019953,16.049953,1718400
hardzero_plus_depr__c0p50__z1p00__lam0p030__nu0p50__psi1p00,hardzero_plus_depr,0.01,32,537,0.0,2,0.015319692,0.015319692,0.95872754,0.10996955,0.10996955,1.0,1.1772432e-10,1.0705175e-09,-25.981302,2.1092427,0.7030809,0.14400001,0.0,0.14972998,16.049953,16.079954,1721600
hardzero_plus_depr__c0p50__z1p00__lam0p030__nu0p50__psi1p00,hardzero_plus_depr,0.01,32,538,0.0,2,0.015319692,0.015319692,1.0066866,0.0,0.098472156,0.0,0.0,1.0388782e-09,-27.31748,2.2147546,0.73825157,0.23200001,0.0,0.15553576,16.079954,16.109955,1724800
hardzero_plus_depr__c0p50__z1p00__lam0p030__nu0p50__psi1p00,hardzero_plus_depr,0.01,32,539,0.0,2,0.015319692,0.015319692,1.0108336,0.0,0.097536325,0.0,0.0,1.0081741e-09,-26.87017,2.2238784,0.74129283,0.120000005,0.0,0.1405522,16.109955,16.139956,1728000
hardzero_plus_depr__c0p50__z1p00__lam0p030__nu0p50__psi1p00,hardzero_plus_depr,0.01,32,540,0.0,2,0.015319692,0.015319692,0.9945079,0.10127263,0.10127263,1.0,9.908284e-11,9.783773e-10,-26.71274,2.187961,0.7293204,0.14400001,0.0,0.14389314,16.139956,16.169956,1731200
hardzero_plus_depr__c0p50__z1p00__lam0p030__nu0p50__psi1p00,hardzero_plus_depr,0.01,32,541,0.0,2,0.015319692,0.015319692,0.9200647,0.12020854,0.12020854,1.0,1.14133356e-10,9.494613e-10,-24.791937,2.0241828,0.6747276,0.208,0.008,0.1471815,16.169956,16.199957,1734400
hardzero_plus_depr__c0p50__z1p00__lam0p030__nu0p50__psi1p00,hardzero_plus_depr,0.01,32,542,0.0,2,0.015319692,0.015319692,0.9954789,0.101046436,0.101046436,1.0,9.3104156e-11,9.2139973e-10,-26.751572,2.1900973,0.73003244,0.2,0.0,0.14794634,16.199957,16.229958,1737600
hardzero_plus_depr__c0p50__z1p00__lam0p030__nu0p50__psi1p00,hardzero_plus_depr,0.01,32,543,0.0,2,0.015319692,0.015319692,1.0054319,0.0,0.09875704,0.0,0.0,8.941677e-10,-26.537306,2.2119944,0.7373315,0.192,0.0,0.14420384,16.229958,16.259958,1740800
hardzero_plus_depr__c0p50__z1p00__lam0p030__nu0p50__psi1p00,hardzero_plus_depr,0.01,32,544,0.0,2,0.015319692,0.015319692,0.9885392,0.10267406,0.10267406,1.0,8.909444e-11,8.677405e-10,-26.281548,2.1748297,0.7249433,0.112,0.0,0.14457777,16.259958,16.289959,1744000
hardzero_plus_depr__c0p50__z1p00__lam0p030__nu0p50__psi1p00,hardzero_plus_depr,0.01,32,545,0.0,2,0.015319692,0.015319692,1.0309893,0.0,0.09311307,0.0,0.0,8.420942e-10,-27.734585,2.2682216,0.7560739,0.192,0.0,0.16356362,16.289959,16.31996,1747200
hardzero_plus_depr__c0p50__z1p00__lam0p030__nu0p50__psi1p00,hardzero_plus_depr,0.01,32,546,0.0,2,0.015319692,0.015319692,1.0440356,0.0,0.09035754,0.0,0.0,8.1720597e-10,-27.364841,2.296924,0.7656414,0.16,0.0,0.13251148,16.31996,16.34996,1750400
hardzero_plus_depr__c0p50__z1p00__lam0p030__nu0p50__psi1p00,hardzero_plus_depr,0.01,32,547,0.0,2,0.015319692,0.015319692,1.0207211,0.0,0.09534082,0.0,0.0,7.930534e-10,-27.679255,2.2456312,0.74854374,0.15200001,0.0,0.1547238,16.34996,16.379961,1753600
hardzero_plus_depr__c0p50__z1p00__lam0p030__nu0p50__psi1p00,hardzero_plus_depr,0.01,32,548,0.0,2,0.015319692,0.015319692,1.0395641,0.0,0.09129266,0.0,0.0,7.696147e-10,-27.03327,2.2870867,0.76236224,0.15200001,0.0,0.17475034,16.379961,16.409962,1756800
hardzero_plus_depr__c0p50__z1p00__lam0p030__nu0p50__psi1p00,hardzero_plus_depr,0.01,32,549,0.0,2,0.015319692,0.015319692,0.9989229,0.10024833,0.10024833,1.0,7.4872324e-11,7.4686857e-10,-26.554113,2.1976743,0.73255813,0.15200001,0.008,0.1442322,16.409962,16.439962,1760000
hardzero_plus_depr__c0p50__z1p00__lam0p030__nu0p50__psi1p00,hardzero_plus_depr,0.01,32,550,0.0,2,0.015319692,0.015319692,1.0463576,0.0,0.08987572,0.0,0.0,7.247948e-10,-28.963106,2.3020327,0.76734424,0.136,0.0,0.16365667,16.439962,16.469963,1763200
hardzero_plus_depr__c0p50__z1p00__lam0p030__nu0p50__psi1p00,hardzero_plus_depr,0.01,32,551,0.0,2,0.015319692,0.015319692,1.0451428,0.0,0.09012748,0.0,0.0,7.0337336e-10,-28.33964,2.29936,0.7664534,0.096,0.0,0.16538447,16.469963,16.499964,1766400
hardzero_plus_depr__c0p50__z1p00__lam0p030__nu0p50__psi1p00,hardzero_plus_depr,0.01,32,552,0.0,2,0.015319692,0.015319692,1.0458472,0.0,0.08998142,0.0,0.0,6.8258504e-10,-27.564192,2.3009098,0.7669699,0.136,0.0,0.18764104,16.499964,16.529964,1769600
hardzero_plus_depr__c0p50__z1p00__lam0p030__nu0p50__psi1p00,hardzero_plus_depr,0.01,32,553,0.0,2,0.015319692,0.015319692,0.9927968,0.10167244,0.10167244,1.0,6.734896e-11,6.624112e-10,-27.033695,2.1841965,0.7280655,0.120000005,0.0,0.1574858,16.529964,16.559965,1772800
hardzero_plus_depr__c0p50__z1p00__lam0p030__nu0p50__psi1p00,hardzero_plus_depr,0.01,32,554,0.0,2,0.015319692,0.015319692,1.0044575,0.0,0.09897888,0.0,0.0,6.4283345e-10,-26.913477,2.2098505,0.73661685,0.14400001,0.0,0.14955491,16.559965,16.589966,1776000
hardzero_plus_depr__c0p50__z1p00__lam0p030__nu0p50__psi1p00,hardzero_plus_depr,0.01,32,555,0.0,2,0.015319692,0.015319692,0.9749118,0.105946876,0.105946876,1.0,6.609331e-11,6.238345e-10,-26.503883,2.1448488,0.7149496,0.14400001,0.0,0.13107651,16.589966,16.619967,1779200
hardzero_plus_depr__c0p50__z1p00__lam0p030__nu0p50__psi1p00,hardzero_plus_depr,0.01,32,556,0.0,2,0.015319692,0.015319692,0.981485,0.10435541,0.10435541,1.0,6.317645e-11,6.0539695e-10,-26.626839,2.15931,0.7197701,0.17600001,0.0,0.14355618,16.619967,16.649967,1782400
hardzero_plus_depr__c0p50__z1p00__lam0p030__nu0p50__psi1p00,hardzero_plus_depr,0.01,32,557,0.0,2,0.015319692,0.015319692,1.057092,0.0,0.08768152,0.0,0.0,5.875044e-10,-27.451704,2.3256488,0.7752163,0.15200001,0.0,0.1780526,16.649967,16.679968,1785600
hardzero_plus_depr__c0p50__z1p00__lam0p030__nu0p50__psi1p00,hardzero_plus_depr,0.01,32,558,0.0,2,0.015319692,0.015319692,0.96633935,0.10805893,0.10805893,1.0,6.160879e-11,5.7014066e-10,-26.71569,2.125989,0.708663,0.2,0.0,0.13815905,16.679968,16.709969,1788800
hardzero_plus_depr__c0p50__z1p00__lam0p030__nu0p50__psi1p00,hardzero_plus_depr,0.01,32,559,0.0,2,0.015319692,0.015319692,0.96486735,0.108425796,0.108425796,1.0,5.9990915e-11,5.532901e-10,-26.354126,2.1227505,0.70758355,0.17999999,0.0,0.12785983,16.709969,16.73997,1792000
hardzero_plus_depr__c0p50__z1p00__lam0p030__nu0p50__psi1p00,hardzero_plus_depr,0.01,32,560,0.0,2,0.015319692,0.015319692,0.9940261,0.101385035,0.101385035,1.0,5.4437427e-11,5.369375e-10,-27.499146,2.186901,0.7289671,0.16800001,0.0,0.1716917,16.73997,16.76997,1795200
hardzero_plus_depr__c0p50__z1p00__lam0p030__nu0p50__psi1p00,hardzero_plus_depr,0.01,32,561,0.0,2,0.015319692,0.015319692,0.99636155,0.10084129,0.10084129,1.0,5.2545194e-11,5.2106824e-10,-26.912588,2.1920393,0.73067975,0.2,0.0,0.15256986,16.76997,16.79997,1798400
hardzero_plus_depr__c0p50__z1p00__lam0p030__nu0p50__psi1p00,hardzero_plus_depr,0.01,32,562,0.0,2,0.015319692,0.015319692,1.0395883,0.0,0.09128757,0.0,0.0,5.05668e-10,-27.209188,2.28714,0.76238,0.096,0.0,0.15462597,16.79997,16.829971,1801600
hardzero_plus_depr__c0p50__z1p00__lam0p030__nu0p50__psi1p00,hardzero_plus_depr,0.01,32,563,0.0,2,0.015319692,0.015319692,1.0691494,0.0,0.085280664,0.0,0.0,4.907229e-10,-28.31207,2.3521757,0.7840586,0.120000005,0.0,0.20023248,16.829971,16.859972,1804800
hardzero_plus_depr__c0p50__z1p00__lam0p030__nu0p50__psi1p00,hardzero_plus_depr,0.01,32,564,0.0,2,0.015319692,0.015319692,0.9939035,0.10141366,0.10141366,1.0,4.829517e-11,4.7621956e-10,-26.308723,2.1866314,0.7288772,0.18400002,0.0,0.17728171,16.859972,16.889973,1808000
hardzero_plus_depr__c0p50__z1p00__lam0p030__nu0p50__psi1p00,hardzero_plus_depr,0.01,32,565,0.0,2,0.015319692,0.015319692,0.95471036,0.110991485,0.110991485,1.0,5.1294136e-11,4.621448e-10,-25.642647,2.1004047,0.70013493,0.16000001,0.0,0.14543313,16.889973,16.919973,1811200
hardzero_plus_depr__c0p50__z1p00__lam0p030__nu0p50__psi1p00,hardzero_plus_depr,0.01,32,566,0.0,2,0.015319692,0.015319692,1.0376182,0.0,0.09170265,0.0,0.0,4.4848603e-10,-27.622435,2.2828054,0.7609352,0.056,0.0,0.1610898,16.919973,16.949974,1814400
hardzero_plus_depr__c0p50__z1p00__lam0p030__nu0p50__psi1p00,hardzero_plus_depr,0.01,32,567,0.0,2,0.015319692,0.015319692,0.9937828,0.10144185,0.10144185,1.0,4.4150635e-11,4.3523096e-10,-26.703138,2.1863658,0.7287886,0.2,0.008,0.15458336,16.949974,16.979975,1817600
hardzero_plus_depr__c0p50__z1p00__lam0p030__nu0p50__psi1p00,hardzero_plus_depr,0.01,32,568,0.0,2,0.015319692,0.015319692,1.0042566,0.0,0.09902467,0.0,0.0,4.2236767e-10,-27.427681,2.2094088,0.7364696,0.23200001,0.0,0.16706711,16.979975,17.009975,1820800
hardzero_plus_depr__c0p50__z1p00__lam0p030__nu0p50__psi1p00,hardzero_plus_depr,0.01,32,569,0.0,2,0.015319692,0.015319692,1.0270644,0.0,0.0939584,0.0,0.0,4.0988452e-10,-27.620804,2.2595868,0.75319564,0.16000001,0.0,0.16019231,17.009975,17.039976,1824000
hardzero_plus_depr__c0p50__z1p00__lam0p030__nu0p50__psi1p00,hardzero_plus_depr,0.01,32,570,0.0,2,0.015319692,0.015319692,1.0186462,0.0,0.0957974,0.0,0.0,3.9777034e-10,-26.979744,2.2410665,0.74702215,0.17600001,0.0,0.15604164,17.039976,17.069977,1827200
hardzero_plus_depr__c0p50__z1p00__lam0p030__nu0p50__psi1p00,hardzero_plus_depr,0.01,32,571,0.0,2,0.015319692,0.015319692,1.04093,0.0,0.09100598,0.0,0.0,3.8601417e-10,-28.172302,2.2900918,0.76336396,0.120000005,0.0,0.14699626,17.069977,17.099977,1830400
hardzero_plus_depr__c0p50__z1p00__lam0p030__nu0p50__psi1p00,hardzero_plus_depr,0.01,32,572,0.0,2,0.015319692,0.015319692,1.0711021,0.0,0.08489808,0.0,0.0,3.7460549e-10,-28.527178,2.3564718,0.78549063,0.13,0.0,0.17578334,17.099977,17.129978,1833600
hardzero_plus_depr__c0p50__z1p00__lam0p030__nu0p50__psi1p00,hardzero_plus_depr,0.01,32,573,0.0,2,0.015319692,0.015319692,0.98998964,0.10233172,0.10233172,1.0,3.7201058e-11,3.6353398e-10,-27.250967,2.1780207,0.7260069,0.224,0.008,0.16549037,17.129978,17.159979,1836800
hardzero_plus_depr__c0p50__z1p00__lam0p030__nu0p50__psi1p00,hardzero_plus_depr,0.01,32,574,0.0,2,0.015319692,0.015319692,0.97721297,0.10538698,0.10538698,1.0,3.717944e-11,3.527897e-10,-26.80068,2.1499114,0.71663713,0.216,0.0,0.16379897,17.159979,17.18998,1840000
hardzero_plus_depr__c0p50__z1p00__lam0p030__nu0p50__psi1p00,hardzero_plus_depr,0.01,32,575,0.0,2,0.015319692,0.015319692,0.9815424,0.104341626,0.104341626,1.0,3.5722706e-11,3.4236294e-10,-26.340443,2.1594365,0.71981215,0.224,0.0,0.15560922,17.18998,17.21998,1843200
hardzero_plus_depr__c0p50__z1p00__lam0p030__nu0p50__psi1p00,hardzero_plus_depr,0.01,32,576,0.0,2,0.015319692,0.015319692,1.0137557,0.0,0.09688226,0.0,0.0,3.3224434e-10,-26.64101,2.230307,0.74343574,0.136,0.0,0.15035358,17.21998,17.24998,1846400
hardzero_plus_depr__c0p50__z1p00__lam0p030__nu0p50__psi1p00,hardzero_plus_depr,0.01,32,577,0.0,2,0.015319692,0.015319692,1.0268692,0.0,0.09400063,0.0,0.0,3.224248e-10,-27.83181,2.2591572,0.7530524,0.096,0.0,0.14396244,17.24998,17.279982,1849600
hardzero_plus_depr__c0p50__z1p00__lam0p030__nu0p50__psi1p00,hardzero_plus_depr,0.01,32,578,0.0,2,0.015319692,0.015319692,0.99002737,0.10232284,0.10232284,1.0,3.2016355e-11,3.128955e-10,-27.527878,2.1781037,0.7260346,0.216,0.0,0.13725938,17.279982,17.309982,1852800
hardzero_plus_depr__c0p50__z1p00__lam0p030__nu0p50__psi1p00,hardzero_plus_depr,0.01,32,579,0.0,2,0.015319692,0.015319692,0.9861476,0.10324105,0.10324105,1.0,3.134892e-11,3.0364783e-10,-26.681095,2.169568,0.72318935,0.136,0.0,0.15809874,17.309982,17.339983,1856000
hardzero_plus_depr__c0p50__z1p00__lam0p030__nu0p50__psi1p00,hardzero_plus_depr,0.01,32,580,0.0,2,0.015319692,0.015319692,1.016994,0.0,0.09616255,0.0,0.0,2.9467348e-10,-26.833498,2.2374315,0.7458105,0.112,0.0,0.13859233,17.339983,17.369984,1859200
hardzero_plus_depr__c0p50__z1p00__lam0p030__nu0p50__psi1p00,hardzero_plus_depr,0.01,32,581,0.0,2,0.015319692,0.015319692,0.978088,0.10517486,0.10517486,1.0,3.007626e-11,2.8596436e-10,-26.216599,2.1518366,0.7172789,0.16800001,0.0,0.14769237,17.369984,17.399984,1862400
hardzero_plus_depr__c0p50__z1p00__lam0p030__nu0p50__psi1p00,hardzero_plus_depr,0.01,32,582,0.0,2,0.015319692,0.015319692,0.94434935,0.11367126,0.11367126,1.0,3.154521e-11,2.7751265e-10,-26.561165,2.07761,0.6925367,0.2,0.0,0.14668453,17.399984,17.429985,1865600
hardzero_plus_depr__c0p50__z1p00__lam0p030__nu0p50__psi1p00,hardzero_plus_depr,0.01,32,583,0.0,2,0.015319692,0.015319692,0.9744005,0.10607168,0.10607168,1.0,2.856624e-11,2.693107e-10,-26.263973,2.143724,0.7145747,0.17600001,0.0,0.15954834,17.429985,17.459986,1868800
hardzero_plus_depr__c0p50__z1p00__lam0p030__nu0p50__psi1p00,hardzero_plus_depr,0.01,32,584,0.0,2,0.015319692,0.015319692,0.95686865,0.110441245,0.110441245,1.0,2.8863955e-11,2.6135122e-10,-26.281027,2.105153,0.70171773,0.18400002,0.0,0.14799814,17.459986,17.489986,1872000
hardzero_plus_depr__c0p50__z1p00__lam0p030__nu0p50__psi1p00,hardzero_plus_depr,0.01,32,585,0.0,2,0.015319692,0.015319692,0.9914125,0.10199702,0.10199702,1.0,2.5869192e-11,2.5362695e-10,-27.258274,2.1811512,0.7270504,0.21,0.0,0.12619993,17.489986,17.519987,1875200
hardzero_plus_depr__c0p50__z1p00__lam0p030__nu0p50__psi1p00,hardzero_plus_depr,0.01,32,586,0.0,2,0.015319692,0.015319692,1.0052701,0.0,0.09879385,0.0,0.0,2.4613098e-10,-27.188454,2.2116385,0.73721284,0.16000001,0.0,0.15572174,17.519987,17.549988,1878400
hardzero_plus_depr__c0p50__z1p00__lam0p030__nu0p50__psi1p00,hardzero_plus_depr,0.01,32,587,0.0,2,0.015319692,0.015319692,0.99007344,0.10231198,0.10231198,1.0,2.4437887e-11,2.3885655e-10,-26.133865,2.178205,0.7260684,0.16000001,0.0,0.15917633,17.549988,17.579988,1881600
hardzero_plus_depr__c0p50__z1p00__lam0p030__nu0p50__psi1p00,hardzero_plus_depr,0.01,32,588,0.0,2,0.015319692,0.015319692,0.9602508,0.109584525,0.109584525,1.0,2.5401375e-11,2.317971e-10,-25.868708,2.112594,0.704198,0.14400001,0.0,0.12841429,17.579988,17.60999,1884800
hardzero_plus_depr__c0p50__z1p00__lam0p030__nu0p50__psi1p00,hardzero_plus_depr,0.01,32,589,0.0,2,0.015319692,0.015319692,1.0285075,0.0,0.093646705,0.0,0.0,2.2494631e-10,-27.146982,2.2627616,0.75425386,0.18400002,0.0,0.16361122,17.60999,17.63999,1888000
hardzero_plus_depr__c0p50__z1p00__lam0p030__nu0p50__psi1p00,hardzero_plus_depr,0.01,32,590,0.0,2,0.015319692,0.015319692,0.98950773,0.10244536,0.10244536,1.0,2.2363616e-11,2.1829799e-10,-27.253412,2.1769605,0.7256535,0.16000001,0.0,0.16319415,17.63999,17.66999,1891200
hardzero_plus_depr__c0p50__z1p00__lam0p030__nu0p50__psi1p00,hardzero_plus_depr,0.01,32,591,0.0,2,0.015319692,0.015319692,0.9923014,0.10178846,0.10178846,1.0,2.1563496e-11,2.1184617e-10,-26.554182,2.1831067,0.72770226,0.14400001,0.0,0.14416294,17.66999,17.699991,1894400
hardzero_plus_depr__c0p50__z1p00__lam0p030__nu0p50__psi1p00,hardzero_plus_depr,0.01,32,592,0.0,2,0.015319692,0.015319692,1.0198809,0.0,0.095525436,0.0,0.0,2.0558502e-10,-27.320618,2.2437828,0.7479276,0.14400001,0.0,0.16195369,17.699991,17.729992,1897600
hardzero_plus_depr__c0p50__z1p00__lam0p030__nu0p50__psi1p00,hardzero_plus_depr,0.01,32,593,0.0,2,0.015319692,0.015319692,0.93941826,0.11496925,0.11496925,1.0,2.2937393e-11,1.9950894e-10,-25.86762,2.0667615,0.6889205,0.17600001,0.0,0.14641075,17.729992,17.759993,1900800
hardzero_plus_depr__c0p50__z1p00__lam0p030__nu0p50__psi1p00,hardzero_plus_depr,0.01,32,594,0.0,2,0.015319692,0.015319692,1.0021338,0.0,0.09950987,0.0,0.0,1.936124e-10,-27.836485,2.2047384,0.7349128,0.192,0.0,0.15241355,17.759993,17.789993,1904000
hardzero_plus_depr__c0p50__z1p00__lam0p030__nu0p50__psi1p00,hardzero_plus_depr,0.01,32,595,0.0,2,0.015319692,0.015319692,0.9933338,0.10154678,0.10154678,1.0,1.9079642e-11,1.8789018e-10,-26.491968,2.185378,0.72845936,0.136,0.0,0.14367762,17.789993,17.819994,1907200
hardzero_plus_depr__c0p50__z1p00__lam0p030__nu0p50__psi1p00,hardzero_plus_depr,0.01,32,596,0.0,2,0.015319692,0.015319692,0.9666718,0.107976235,0.107976235,1.0,1.9688069e-11,1.8233706e-10,-26.35476,2.1267204,0.7089068,0.15200001,0.0,0.16081938,17.819994,17.849995,1910400
hardzero_plus_depr__c0p50__z1p00__lam0p030__nu0p50__psi1p00,hardzero_plus_depr,0.01,32,597,0.0,2,0.015319692,0.015319692,0.9965835,0.100789756,0.100789756,1.0,1.7834553e-11,1.7694807e-10,-27.548353,2.1925275,0.73084253,0.16000001,0.0,0.15237181,17.849995,17.879995,1913600
hardzero_plus_depr__c0p50__z1p00__lam0p030__nu0p50__psi1p00,hardzero_plus_depr,0.01,32,598,0.0,2,0.015319692,0.015319692,0.9660268,0.10813674,0.10813674,1.0,1.8569061e-11,1.7171833e-10,-27.518398,2.1253014,0.7084338,0.17999999,0.0,0.17370957,17.879995,17.909996,1916800
hardzero_plus_depr__c0p50__z1p00__lam0p030__nu0p50__psi1p00,hardzero_plus_depr,0.01,32,599,0.0,2,0.015319692,0.015319692,0.97703785,0.10542951,0.10542951,1.0,1.7569108e-11,1.6664317e-10,-26.110943,2.1495261,0.71650875,0.16800001,0.0,0.15405719,17.909996,17.939997,1920000
hardzero_plus_depr__c0p50__z1p00__lam0p030__nu0p50__psi1p00,hardzero_plus_depr,0.01,32,600,0.0,2,0.015319692,0.015319692,0.9744536,0.10605871,0.10605871,1.0,1.7151605e-11,1.6171803e-10,-25.679695,2.1438408,0.7146136,0.14400001,0.0,0.15080437,17.939997,17.969997,1923200
hardzero_plus_depr__c0p50__z1p00__lam0p030__nu0p50__psi1p00,hardzero_plus_depr,0.01,32,601,0.0,2,0.015319692,0.015319692,1.0689744,0.0,0.085315034,0.0,0.0,1.5693842e-10,-28.583199,2.3517907,0.78393024,0.120000005,0.0,0.17790143,17.969997,17.999998,1926400
hardzero_plus_depr__c0p50__z1p00__lam0p030__nu0p50__psi1p00,hardzero_plus_depr,0.01,32,602,0.0,2,0.015319692,0.015319692,1.0266812,0.0,0.09404133,0.0,0.0,1.5230009e-10,-27.695807,2.2587438,0.7529146,0.16800001,0.0,0.15689223,17.999998,18.029999,1929600
hardzero_plus_depr__c0p50__z1p00__lam0p030__nu0p50__psi1p00,hardzero_plus_depr,0.01,32,603,0.0,2,0.015319692,0.015319692,0.9594811,0.109778896,0.109778896,1.0,1.6225193e-11,1.4779883e-10,-27.111074,2.1109006,0.70363355,0.14400001,0.0,0.16857402,18.029999,18.06,1932800
hardzero_plus_depr__c0p50__z1p00__lam0p030__nu0p50__psi1p00,hardzero_plus_depr,0.01,32,604,0.0,2,0.015319692,0.015319692,1.0164378,0.0,0.09628578,0.0,0.0,1.4343063e-10,-27.119781,2.2362077,0.7454026,0.224,0.0,0.15127842,18.06,18.09,1936000
hardzero_plus_depr__c0p50__z1p00__lam0p030__nu0p50__psi1p00,hardzero_plus_depr,0.01,32,605,0.0,2,0.015319692,0.015319692,1.009,0.0,0.097949006,0.0,0.0,1.3919152e-10,-27.303568,2.219844,0.73994803,0.18400002,0.0,0.14674143,18.09,18.12,1939200
hardzero_plus_depr__c0p50__z1p00__lam0p030__nu0p50__psi1p00,hardzero_plus_depr,0.01,32,606,0.0,2,0.015319692,0.015319692,1.0335816,0.0,0.09255893,0.0,0.0,1.3507769e-10,-27.989412,2.2739248,0.757975,0.15200001,0.0,0.16328014,18.12,18.150002,1942400
hardzero_plus_depr__c0p50__z1p00__lam0p030__nu0p50__psi1p00,hardzero_plus_depr,0.01,32,607,0.0,2,0.015319692,0.015319692,1.0412182,0.0,0.09094564,0.0,0.0,1.3108545e-10,-27.336582,2.2907257,0.76357526,0.16800001,0.0,0.16814898,18.150002,18.180002,1945600
hardzero_plus_depr__c0p50__z1p00__lam0p030__nu0p50__psi1p00,hardzero_plus_depr,0.01,32,608,0.0,2,0.015319692,0.015319692,1.0006064,0.0,0.09986045,0.0,0.0,1.2721119e-10,-26.655388,2.201378,0.7337927,0.224,0.0,0.15163463,18.180002,18.210003,1948800
hardzero_plus_depr__c0p50__z1p00__lam0p030__nu0p50__psi1p00,hardzero_plus_depr,0.01,32,609,0.0,2,0.015319692,0.015319692,1.0156093,0.0,0.096469656,0.0,0.0,1.2345146e-10,-27.151571,2.234385,0.744795,0.16800001,0.0,0.13911565,18.210003,18.240004,1952000
hardzero_plus_depr__c0p50__z1p00__lam0p030__nu0p50__psi1p00,hardzero_plus_depr,0.01,32,610,0.0,2,0.015319692,0.015319692,0.9916748,0.101935446,0.101935446,1.0,1.2212156e-11,1.1980283e-10,-27.602884,2.1817281,0.7272427,0.192,0.0,0.13154933,18.240004,18.270004,1955200
hardzero_plus_depr__c0p50__z1p00__lam0p030__nu0p50__psi1p00,hardzero_plus_depr,0.01,32,611,0.0,2,0.015319692,0.015319692,1.0155319,0.0,0.09648684,0.0,0.0,1.16262035e-10,-27.118515,2.2342148,0.7447383,0.14999999,0.0,0.17119102,18.270004,18.300005,1958400
hardzero_plus_depr__c0p50__z1p00__lam0p030__nu0p50__psi1p00,hardzero_plus_depr,0.01,32,612,0.0,2,0.015319692,0.015319692,1.0241883,0.0,0.0945827,0.0,0.0,1.1282591e-10,-27.954052,2.2532592,0.7510864,0.128,0.0,0.13348463,18.300005,18.330006,1961600
hardzero_plus_depr__c0p50__z1p00__lam0p030__nu0p50__psi1p00,hardzero_plus_depr,0.01,32,613,0.0,2,0.015319692,0.015319692,1.0306282,0.0,0.093190536,0.0,0.0,1.0949132e-10,-27.348156,2.2674274,0.7558092,0.136,0.0,0.17850983,18.330006,18.360006,1964800
hardzero_plus_depr__c0p50__z1p00__lam0p030__nu0p50__psi1p00,hardzero_plus_depr,0.01,32,614,0.0,2,0.015319692,0.015319692,0.985665,0.10335584,0.10335584,1.0,1.0982105e-11,1.0625529e-10,-26.755009,2.1685064,0.7228355,0.15200001,0.0,0.15511861,18.360006,18.390007,1968000
hardzero_plus_depr__c0p50__z1p00__lam0p030__nu0p50__psi1p00,hardzero_plus_depr,0.01,32,615,0.0,2,0.015319692,0.015319692,0.9742891,0.1060989,0.1060989,1.0,1.0940377e-11,1.031149e-10,-26.95267,2.1434789,0.714493,0.17600001,0.0,0.13382943,18.390007,18.420008,1971200
hardzero_plus_depr__c0p50__z1p00__lam0p030__nu0p50__psi1p00,hardzero_plus_depr,0.01,32,616,0.0,2,0.015319692,0.015319692,1.0474501,0.0,0.08964994,0.0,0.0,1.0006732e-10,-27.538877,2.3044362,0.76814544,0.15200001,0.0,0.16703515,18.420008,18.450008,1974400
hardzero_plus_depr__c0p50__z1p00__lam0p030__nu0p50__psi1p00,hardzero_plus_depr,0.01,32,617,0.0,2,0.015319692,0.015319692,1.035335,0.0,0.09218601,0.0,0.0,9.710982e-11,-27.415844,2.2777824,0.75926083,0.16800001,0.0,0.16297625,18.450008,18.48001,1977600
hardzero_plus_depr__c0p50__z1p00__lam0p030__nu0p50__psi1p00,hardzero_plus_depr,0.01,32,618,0.0,2,0.015319692,0.015319692,0.9995417,0.100105576,0.100105576,1.0,9.433922e-12,9.423973e-11,-27.147007,2.1990356,0.7330119,0.216,0.008,0.18549493,18.48001,18.51001,1980800
hardzero_plus_depr__c0p50__z1p00__lam0p030__nu0p50__psi1p00,hardzero_plus_depr,0.01,32,619,0.0,2,0.015319692,0.015319692,0.9960261,0.100919224,0.100919224,1.0,9.229513e-12,9.145446e-11,-27.052734,2.191301,0.7304337,0.16000001,0.0,0.16605161,18.51001,18.54001,1984000
hardzero_plus_depr__c0p50__z1p00__lam0p030__nu0p50__psi1p00,hardzero_plus_depr,0.01,32,620,0.0,2,0.015319692,0.015319692,1.0043267,0.0,0.09900869,0.0,0.0,8.875151e-11,-26.450016,2.2095628,0.73652095,0.192,0.0,0.15917699,18.54001,18.570011,1987200
hardzero_plus_depr__c0p50__z1p00__lam0p030__nu0p50__psi1p00,hardzero_plus_depr,0.01,32,621,0.0,2,0.015319692,0.015319692,1.0014272,0.0,0.09967192,0.0,0.0,8.612845e-11,-26.841976,2.2031837,0.73439455,0.24800001,0.008,0.13112713,18.570011,18.600012,1990400
hardzero_plus_depr__c0p50__z1p00__lam0p030__nu0p50__psi1p00,hardzero_plus_depr,0.01,32,622,0.0,2,0.015319692,0.015319692,0.9797856,0.10476455,0.10476455,1.0,8.756527e-12,8.358292e-11,-26.390049,2.1555715,0.71852386,0.16000001,0.0,0.16724548,18.600012,18.630013,1993600
hardzero_plus_depr__c0p50__z1p00__lam0p030__nu0p50__psi1p00,hardzero_plus_depr,0.01,32,623,0.0,2,0.015319692,0.015319692,1.0175276,0.0,0.09604447,0.0,0.0,8.111261e-11,-27.440552,2.2386055,0.7462019,0.17600001,0.0,0.15330385,18.630013,18.660013,1996800
hardzero_plus_depr__c0p50__z1p00__lam0p030__nu0p50__psi1p00,hardzero_plus_depr,0.01,32,624,0.0,2,0.015319692,0.015319692,1.0727137,0.0,0.084583625,0.0,0.0,7.871532e-11,-29.344038,2.3600173,0.7866725,0.17,0.0,0.16595963,18.660013,18.690014,2000000
hardzero_plus_depr__c0p50__z1p00__lam0p030__nu0p50__psi1p00,hardzero_plus_depr,0.01,32,625,0.0,2,0.015319692,0.015319692,0.9529198,0.11145005,0.11145005,1.0,8.513543e-12,7.638887e-11,-27.3751,2.0964653,0.6988218,0.18400002,0.0,0.16102014,18.690014,18.720015,2003200
hardzero_plus_depr__c0p50__z1p00__lam0p030__nu0p50__psi1p00,hardzero_plus_depr,0.01,32,626,0.0,2,0.015319692,0.015319692,0.9895797,0.10242839,0.10242839,1.0,7.593138e-12,7.413119e-11,-26.585375,2.1771188,0.7257063,0.16000001,0.0,0.15965004,18.720015,18.750015,2006400
hardzero_plus_depr__c0p50__z1p00__lam0p030__nu0p50__psi1p00,hardzero_plus_depr,0.01,32,627,0.0,2,0.015319692,0.015319692,1.0132952,0.0,0.096985064,0.0,0.0,7.194023e-11,-26.639664,2.2292938,0.74309796,0.16800001,0.0,0.15469618,18.750015,18.780016,2009600
hardzero_plus_depr__c0p50__z1p00__lam0p030__nu0p50__psi1p00,hardzero_plus_depr,0.01,32,628,0.0,2,0.015319692,0.015319692,1.0228721,0.0,0.09486977,0.0,0.0,6.981402e-11,-28.57567,2.2503636,0.75012124,0.2,0.0,0.16162682,18.780016,18.810017,2012800
hardzero_plus_depr__c0p50__z1p00__lam0p030__nu0p50__psi1p00,hardzero_plus_depr,0.01,32,629,0.0,2,0.015319692,0.015319692,1.0194963,0.0,0.09561009,0.0,0.0,6.7750666e-11,-27.663822,2.2429366,0.74764556,0.216,0.0,0.16388726,18.810017,18.840017,2016000
hardzero_plus_depr__c0p50__z1p00__lam0p030__nu0p50__psi1p00,hardzero_plus_depr,0.01,32,630,0.0,2,0.015319692,0.015319692,0.9285274,0.117888816,0.117888816,1.0,7.750988e-12,6.574829e-11,-26.14985,2.0428011,0.6809337,0.16000001,0.0,0.1404358,18.840017,18.870018,2019200
hardzero_plus_depr__c0p50__z1p00__lam0p030__nu0p50__psi1p00,hardzero_plus_depr,0.01,32,631,0.0,2,0.015319692,0.015319692,0.97694355,0.10545238,0.10545238,1.0,6.7283982e-12,6.3805086e-11,-27.515236,2.1493187,0.7164396,0.17600001,0.0,0.17389059,18.870018,18.900019,2022400
hardzero_plus_depr__c0p50__z1p00__lam0p030__nu0p50__psi1p00,hardzero_plus_depr,0.01,32,632,0.0,2,0.015319692,0.015319692,1.0106572,0.0,0.09757596,0.0,0.0,6.1919324e-11,-27.271177,2.2234902,0.74116343,0.14400001,0.0,0.13377525,18.900019,18.93002,2025600
hardzero_plus_depr__c0p50__z1p00__lam0p030__nu0p50__psi1p00,hardzero_plus_depr,0.01,32,633,0.0,2,0.015319692,0.015319692,1.0305853,0.0,0.09319974,0.0,0.0,6.008928e-11,-27.636284,2.2673328,0.7557776,0.112,0.0,0.14079733,18.93002,18.96002,2028800
hardzero_plus_depr__c0p50__z1p00__lam0p030__nu0p50__psi1p00,hardzero_plus_depr,0.01,32,634,0.0,2,0.015319692,0.015319692,0.9494839,0.11233527,0.11233527,1.0,6.550644e-12,5.831333e-11,-25.496096,2.0889063,0.6963021,0.16000001,0.0,0.12169152,18.96002,18.99002,2032000
hardzero_plus_depr__c0p50__z1p00__lam0p030__nu0p50__psi1p00,hardzero_plus_depr,0.01,32,635,0.0,2,0.015319692,0.015319692,0.9442405,0.11369975,0.11369975,1.0,6.4342555e-12,5.6589882e-11,-26.788164,2.0773706,0.6924569,0.17600001,0.0,0.1458059,18.99002,19.020021,2035200
hardzero_plus_depr__c0p50__z1p00__lam0p030__nu0p50__psi1p00,hardzero_plus_depr,0.01,32,636,0.0,2,0.015319692,0.015319692,0.9636358,0.108733706,0.108733706,1.0,5.971368e-12,5.491736e-11,-25.907322,2.1200411,0.7066804,0.192,0.0,0.14586118,19.020021,19.050022,2038400
hardzero_plus_depr__c0p50__z1p00__lam0p030__nu0p50__psi1p00,hardzero_plus_depr,0.01,32,637,0.0,2,0.015319692,0.015319692,1.0044496,0.0,0.09898067,0.0,0.0,5.329427e-11,-27.0908,2.2098334,0.7366111,0.21,0.0,0.1466092,19.050022,19.080023,2041600
hardzero_plus_depr__c0p50__z1p00__lam0p030__nu0p50__psi1p00,hardzero_plus_depr,0.01,32,638,0.0,2,0.015319692,0.015319692,1.0312867,0.0,0.09304933,0.0,0.0,5.1719146e-11,-27.03341,2.268876,0.75629205,0.136,0.0,0.15260842,19.080023,19.110023,2044800
hardzero_plus_depr__c0p50__z1p00__lam0p030__nu0p50__psi1p00,hardzero_plus_depr,0.01,32,639,0.0,2,0.015319692,0.015319692,0.9736852,0.106246546,0.106246546,1.0,5.3325764e-12,5.0190584e-11,-25.784626,2.1421502,0.71405005,0.16800001,0.0,0.13462578,19.110023,19.140024,2048000
hardzero_plus_depr__c0p50__z1p00__lam0p030__nu0p50__psi1p00,hardzero_plus_depr,0.01,32,640,0.0,2,0.015319692,0.015319692,1.061567,0.0,0.086782664,0.0,0.0,4.8707198e-11,-26.844969,2.3354938,0.77849793,0.096,0.0,0.16862433,19.140024,19.170025,2051200
hardzero_plus_depr__c0p50__z1p00__lam0p030__nu0p50__psi1p00,hardzero_plus_depr,0.01,32,641,0.0,2,0.015319692,0.015319692,1.001628,0.0,0.09962583,0.0,0.0,4.7267648e-11,-27.597212,2.2036257,0.7345419,0.16000001,0.0,0.15242924,19.170025,19.200026,2054400
hardzero_plus_depr__c0p50__z1p00__lam0p030__nu0p50__psi1p00,hardzero_plus_depr,0.01,32,642,0.0,2,0.015319692,0.015319692,1.02184,0.0,0.09509551,0.0,0.0,4.5870644e-11,-26.595053,2.248093,0.7493643,0.128,0.0,0.1546568,19.200026,19.230026,2057600
hardzero_plus_depr__c0p50__z1p00__lam0p030__nu0p50__psi1p00,hardzero_plus_depr,0.01,32,643,0.0,2,0.015319692,0.015319692,1.0371671,0.0,0.09179794,0.0,0.0,4.451493e-11,-26.995201,2.2818131,0.7606044,0.104,0.0,0.16671829,19.230026,19.260027,2060800
hardzero_plus_depr__c0p50__z1p00__lam0p030__nu0p50__psi1p00,hardzero_plus_depr,0.01,32,644,0.0,2,0.015319692,0.015319692,0.9960501,0.100913644,0.100913644,1.0,4.3593974e-12,4.3199288e-11,-26.923315,2.191354,0.73045135,0.18400002,0.0,0.1345659,19.260027,19.290028,2064000
hardzero_plus_depr__c0p50__z1p00__lam0p030__nu0p50__psi1p00,hardzero_plus_depr,0.01,32,645,0.0,2,0.015319692,0.015319692,0.99605685,0.10091208,0.10091208,1.0,4.2304897e-12,4.1922528e-11,-26.760632,2.1913688,0.7304563,0.112,0.0,0.1535937,19.290028,19.320028,2067200
hardzero_plus_depr__c0p50__z1p00__lam0p030__nu0p50__psi1p00,hardzero_plus_depr,0.01,32,646,0.0,2,0.015319692,0.015319692,0.9924507,0.10175348,0.10175348,1.0,4.1396877e-12,4.06835e-11,-27.398428,2.1834352,0.72781175,0.16800001,0.0,0.1528238,19.320028,19.350029,2070400
hardzero_plus_depr__c0p50__z1p00__lam0p030__nu0p50__psi1p00,hardzero_plus_depr,0.01,32,647,0.0,2,0.015319692,0.015319692,0.99251294,0.1017389,0.1017389,1.0,4.016763e-12,3.9481092e-11,-27.431284,2.183572,0.72785735,0.2,0.008,0.1603861,19.350029,19.38003,2073600
hardzero_plus_depr__c0p50__z1p00__lam0p030__nu0p50__psi1p00,hardzero_plus_depr,0.01,32,648,0.0,2,0.015319692,0.015319692,1.0335029,0.0,0.0925757,0.0,0.0,3.8314227e-11,-26.974646,2.273752,0.75791734,0.15200001,0.0,0.14960085,19.38003,19.41003,2076800
hardzero_plus_depr__c0p50__z1p00__lam0p030__nu0p50__psi1p00,hardzero_plus_depr,0.01,32,649,0.0,2,0.015319692,0.015319692,1.011409,0.0,0.09740716,0.0,0.0,3.7181844e-11,-26.955551,2.2251444,0.74171484,0.112,0.0,0.16423611,19.41003,19.440031,2080000
hardzero_plus_depr__c0p50__z1p00__lam0p030__nu0p50__psi1p00,hardzero_plus_depr,0.01,32,650,0.0,2,0.015319692,0.015319692,0.98285025,0.10402788,0.10402788,1.0,3.7536307e-12,3.608293e-11,-25.865604,2.1623137,0.72077125,0.17,0.0,0.15071677,19.440031,19.470032,2083200
hardzero_plus_depr__c0p50__z1p00__lam0p030__nu0p50__psi1p00,hardzero_plus_depr,0.01,32,651,0.0,2,0.015319692,0.015319692,0.94536084,0.113406815,0.113406815,1.0,3.971109e-12,3.5016493e-11,-24.581621,2.0798354,0.6932785,0.208,0.0,0.1390221,19.470032,19.500032,2086400
hardzero_plus_depr__c0p50__z1p00__lam0p030__nu0p50__psi1p00,hardzero_plus_depr,0.01,32,652,0.0,2,0.015319692,0.015319692,1.0435083,0.0,0.09046731,0.0,0.0,3.3981578e-11,-27.11102,2.295764,0.7652547,0.136,0.0,0.16636387,19.500032,19.530033,2089600
hardzero_plus_depr__c0p50__z1p00__lam0p030__nu0p50__psi1p00,hardzero_plus_depr,0.01,32,653,0.0,2,0.015319692,0.015319692,0.96146226,0.10927927,0.10927927,1.0,3.6037293e-12,3.2977246e-11,-25.762995,2.1152592,0.7050864,0.16800001,0.0,0.13760386,19.530033,19.560034,2092800
hardzero_plus_depr__c0p50__z1p00__lam0p030__nu0p50__psi1p00,hardzero_plus_depr,0.01,32,654,0.0,2,0.015319692,0.015319692,0.996774,0.10074558,0.10074558,1.0,3.2241204e-12,3.20026e-11,-26.785564,2.1929467,0.73098224,0.16000001,0.0,0.15963016,19.560034,19.590034,2096000
hardzero_plus_depr__c0p50__z1p00__lam0p030__nu0p50__psi1p00,hardzero_plus_depr,0.01,32,655,0.0,2,0.015319692,0.015319692,0.97668463,0.10551528,0.10551528,1.0,3.2769625e-12,3.1056758e-11,-26.523848,2.148749,0.7162497,0.18400002,0.0,0.128128,19.590034,19.620035,2099200
hardzero_plus_depr__c0p50__z1p00__lam0p030__nu0p50__psi1p00,hardzero_plus_depr,0.01,32,656,0.0,2,0.015319692,0.015319692,0.991257,0.102033556,0.102033556,1.0,3.0751762e-12,3.013887e-11,-27.11388,2.180809,0.72693634,0.15200001,0.0,0.15634353,19.620035,19.650036,2102400
hardzero_plus_depr__c0p50__z1p00__lam0p030__nu0p50__psi1p00,hardzero_plus_depr,0.01,32,657,0.0,2,0.015319692,0.015319692,1.0356883,0.0,0.09211105,0.0,0.0,2.9248114e-11,-28.466345,2.2785597,0.75951993,0.18400002,0.0,0.18624003,19.650036,19.680037,2105600
hardzero_plus_depr__c0p50__z1p00__lam0p030__nu0p50__psi1p00,hardzero_plus_depr,0.01,32,658,0.0,2,0.015319692,0.015319692,1.0206975,0.0,0.095346004,0.0,0.0,2.838368e-11,-26.942759,2.2455792,0.74852645,0.14400001,0.0,0.18407668,19.680037,19.710037,2108800
hardzero_plus_depr__c0p50__z1p00__lam0p030__nu0p50__psi1p00,hardzero_plus_depr,0.01,32,659,0.0,2,0.015319692,0.015319692,0.9747604,0.105983816,0.105983816,1.0,2.9193026e-12,2.7544796e-11,-26.938831,2.1445158,0.7148386,0.16800001,0.0,0.13539825,19.710037,19.740038,2112000
hardzero_plus_depr__c0p50__z1p00__lam0p030__nu0p50__psi1p00,hardzero_plus_depr,0.01,32,660,0.0,2,0.015319692,0.015319692,1.0267922,0.0,0.094017304,0.0,0.0,2.673071e-11,-27.03408,2.258988,0.75299597,0.128,0.0,0.1591091,19.740038,19.770039,2115200
hardzero_plus_depr__c0p50__z1p00__lam0p030__nu0p50__psi1p00,hardzero_plus_depr,0.01,32,661,0.0,2,0.015319692,0.015319692,1.0125738,0.0,0.09714627,0.0,0.0,2.5940678e-11,-27.104975,2.227707,0.74256897,0.16800001,0.0,0.14772217,19.770039,19.80004,2118400
hardzero_plus_depr__c0p50__z1p00__lam0p030__nu0p50__psi1p00,hardzero_plus_depr,0.01,32,662,0.0,2,0.015319692,0.015319692,0.97126985,0.10683907,0.10683907,1.0,2.6895665e-12,2.5173998e-11,-25.959497,2.1368363,0.7122788,0.24000001,0.0,0.14019468,19.80004,19.83004,2121600
hardzero_plus_depr__c0p50__z1p00__lam0p030__nu0p50__psi1p00,hardzero_plus_depr,0.01,32,663,0.0,2,0.015319692,0.015319692,1.0228804,0.0,0.09486796,0.0,0.0,2.4429975e-11,-27.719345,2.250382,0.7501273,0.13,0.0,0.14155805,19.83004,19.86004,2124800
hardzero_plus_depr__c0p50__z1p00__lam0p030__nu0p50__psi1p00,hardzero_plus_depr,0.01,32,664,0.0,2,0.015319692,0.015319692,0.998852,0.10026468,0.10026468,1.0,2.3770697e-12,2.3707945e-11,-26.616608,2.1975183,0.73250616,0.16800001,0.0,0.16657376,19.86004,19.890041,2128000
hardzero_plus_depr__c0p50__z1p00__lam0p030__nu0p50__psi1p00,hardzero_plus_depr,0.01,32,665,0.0,2,0.015319692,0.015319692,0.98566484,0.10335586,0.10335586,1.0,2.3779347e-12,2.3007254e-11,-24.957422,2.168506,0.7228353,0.16000001,0.0,0.149257,19.890041,19.920042,2131200
hardzero_plus_depr__c0p50__z1p00__lam0p030__nu0p50__psi1p00,hardzero_plus_depr,0.01,32,666,0.0,2,0.015319692,0.015319692,0.99984235,0.100036316,0.100036316,1.0,2.2335382e-12,2.2327274e-11,-26.928106,2.199697,0.7332324,0.15200001,0.0,0.13721578,19.920042,19.950043,2134400
hardzero_plus_depr__c0p50__z1p00__lam0p030__nu0p50__psi1p00,hardzero_plus_depr,0.01,32,667,0.0,2,0.015319692,0.015319692,0.999558,0.10010183,0.10010183,1.0,2.168945e-12,2.1667385e-11,-26.693804,2.1990714,0.7330238,0.14400001,0.0,0.15068993,19.950043,19.980043,2137600
hardzero_plus_depr__c0p50__z1p00__lam0p030__nu0p50__psi1p00,hardzero_plus_depr,0.01,32,668,0.0,2,0.015319692,0.015319692,1.0090714,0.0,0.0979329,0.0,0.0,2.1027005e-11,-26.204788,2.2200012,0.7400004,0.15200001,0.0,0.15042657,19.980043,20.010044,2140800
hardzero_plus_depr__c0p50__z1p00__lam0p030__nu0p50__psi1p00,hardzero_plus_depr,0.01,32,669,0.0,2,0.015319692,0.015319692,1.0120511,0.0,0.09726329,0.0,0.0,2.0405547e-11,-27.036947,2.2265568,0.7421856,0.128,0.0,0.1526419,20.010044,20.040045,2144000
hardzero_plus_depr__c0p50__z1p00__lam0p030__nu0p50__psi1p00,hardzero_plus_depr,0.01,32,670,0.0,2,0.015319692,0.015319692,1.0732151,0.0,0.084486015,0.0,0.0,1.980246e-11,-27.778378,2.3611205,0.7870402,0.112,0.0,0.15993698,20.040045,20.070045,2147200
hardzero_plus_depr__c0p50__z1p00__lam0p030__nu0p50__psi1p00,hardzero_plus_depr,0.01,32,671,0.0,2,0.015319692,0.015319692,1.0197597,0.0,0.09555211,0.0,0.0,1.9217196e-11,-27.512026,2.243516,0.7478387,0.08800001,0.0,0.17535615,20.070045,20.100046,2150400
hardzero_plus_depr__c0p50__z1p00__lam0p030__nu0p50__psi1p00,hardzero_plus_depr,0.01,32,672,0.0,2,0.015319692,0.015319692,1.0173552,0.0,0.09608261,0.0,0.0,1.8649228e-11,-26.935022,2.2382262,0.7460754,0.15200001,0.0,0.15713082,20.100046,20.130047,2153600
hardzero_plus_depr__c0p50__z1p00__lam0p030__nu0p50__psi1p00,hardzero_plus_depr,0.01,32,673,0.0,2,0.015319692,0.015319692,1.0005034,0.0,0.099884145,0.0,0.0,1.8098047e-11,-26.89563,2.2011514,0.73371714,0.16000001,0.0,0.13101062,20.130047,20.160048,2156800
hardzero_plus_depr__c0p50__z1p00__lam0p030__nu0p50__psi1p00,hardzero_plus_depr,0.01,32,674,0.0,2,0.015319692,0.015319692,1.0338998,0.0,0.09249116,0.0,0.0,1.7563158e-11,-28.068703,2.274625,0.7582084,0.16000001,0.0,0.17193924,20.160048,20.190048,2160000
hardzero_plus_depr__c0p50__z1p00__lam0p030__nu0p50__psi1p00,hardzero_plus_depr,0.01,32,675,0.0,2,0.015319692,0.015319692,0.954711,0.11099131,0.11099131,1.0,1.8917444e-12,1.7044076e-11,-25.702023,2.1004062,0.7001354,0.208,0.0,0.15016812,20.190048,20.220049,2163200
hardzero_plus_depr__c0p50__z1p00__lam0p030__nu0p50__psi1p00,hardzero_plus_depr,0.01,32,676,0.0,2,0.015319692,0.015319692,1.0029695,0.0,0.09931857,0.0,0.0,1.6540337e-11,-27.132631,2.206577,0.7355257,0.19999999,0.0,0.14957578,20.220049,20.25005,2166400
hardzero_plus_depr__c0p50__z1p00__lam0p030__nu0p50__psi1p00,hardzero_plus_depr,0.01,32,677,0.0,2,0.015319692,0.015319692,1.048205,0.0,0.08949421,0.0,0.0,1.6051483e-11,-27.90443,2.306097,0.76869905,0.18400002,0.0,0.16828038,20.25005,20.28005,2169600
hardzero_plus_depr__c0p50__z1p00__lam0p030__nu0p50__psi1p00,hardzero_plus_depr,0.01,32,678,0.0,2,0.015319692,0.015319692,1.011002,0.0,0.09749852,0.0,0.0,1.557708e-11,-27.764412,2.2242486,0.7414162,0.17600001,0.0,0.15933737,20.28005,20.310051,2172800
hardzero_plus_depr__c0p50__z1p00__lam0p030__nu0p50__psi1p00,hardzero_plus_depr,0.01,32,679,0.0,2,0.015319692,0.015319692,1.0137581,0.0,0.09688173,0.0,0.0,1.5116698e-11,-27.46917,2.2303123,0.74343747,0.23200001,0.0,0.19053689,20.310051,20.340052,2176000
hardzero_plus_depr__c0p50__z1p00__lam0p030__nu0p50__psi1p00,hardzero_plus_depr,0.01,32,680,0.0,2,0.015319692,0.015319692,0.9959774,0.10093053,0.10093053,1.0,1.4806429e-12,1.4669922e-11,-26.165102,2.191194,0.73039806,0.15200001,0.0,0.13351384,20.340052,20.370052,2179200
hardzero_plus_depr__c0p50__z1p00__lam0p030__nu0p50__psi1p00,hardzero_plus_depr,0.01,32,681,0.0,2,0.015319692,0.015319692,0.99924815,0.10017326,0.10017326,1.0,1.4261016e-12,1.4236351e-11,-26.589916,2.1983898,0.7327966,0.192,0.0,0.17589454,20.370052,20.400053,2182400
hardzero_plus_depr__c0p50__z1p00__lam0p030__nu0p50__psi1p00,hardzero_plus_depr,0.01,32,682,0.0,2,0.015319692,0.015319692,0.9923206,0.101783976,0.101783976,1.0,1.406206e-12,1.3815593e-11,-26.64242,2.1831489,0.7277163,0.18400002,0.0,0.15409772,20.400053,20.430054,2185600
hardzero_plus_depr__c0p50__z1p00__lam0p030__nu0p50__psi1p00,hardzero_plus_depr,0.01,32,683,0.0,2,0.015319692,0.015319692,1.0051553,0.0,0.098819956,0.0,0.0,1.3407272e-11,-27.696291,2.211386,0.7371287,0.17600001,0.0,0.17125517,20.430054,20.460054,2188800
hardzero_plus_depr__c0p50__z1p00__lam0p030__nu0p50__psi1p00,hardzero_plus_depr,0.01,32,684,0.0,2,0.015319692,0.015319692,1.0778326,0.0,0.08359251,0.0,0.0,1.3011018e-11,-29.102911,2.371279,0.7904264,0.16000001,0.008,0.14985181,20.460054,20.490055,2192000
hardzero_plus_depr__c0p50__z1p00__lam0p030__nu0p50__psi1p00,hardzero_plus_depr,0.01,32,685,0.0,2,0.015319692,0.015319692,0.9938487,0.101426475,0.101426475,1.0,1.2806588e-12,1.2626475e-11,-26.544497,2.1865108,0.72883695,0.208,0.0,0.15050505,20.490055,20.520056,2195200
hardzero_plus_depr__c0p50__z1p00__lam0p030__nu0p50__psi1p00,hardzero_plus_depr,0.01,32,686,0.0,2,0.015319692,0.015319692,0.9882718,0.102737315,0.102737315,1.0,1.2588709e-12,1.2253298e-11,-26.810486,2.1742413,0.7247471,0.15200001,0.0,0.15189087,20.520056,20.550056,2198400
hardzero_plus_depr__c0p50__z1p00__lam0p030__nu0p50__psi1p00,hardzero_plus_depr,0.01,32,687,0.0,2,0.015319692,0.015319692,0.9744196,0.106067024,0.106067024,1.0,1.2612589e-12,1.189115e-11,-25.906261,2.143766,0.71458864,0.192,0.0,0.15290713,20.550056,20.580057,2201600
hardzero_plus_depr__c0p50__z1p00__lam0p030__nu0p50__psi1p00,hardzero_plus_depr,0.01,32,688,0.0,2,0.015319692,0.015319692,0.97218436,0.10661433,0.10661433,1.0,1.230298e-12,1.1539706e-11,-27.007092,2.1388483,0.71294945,0.16000001,0.0,0.13551362,20.580057,20.610058,2204800
hardzero_plus_depr__c0p50__z1p00__lam0p030__nu0p50__psi1p00,hardzero_plus_depr,0.01,32,689,0.0,2,0.015319692,0.015319692,0.9929771,0.10163024,0.10163024,1.0,1.1381214e-12,1.1198649e-11,-26.694876,2.1845932,0.72819775,0.14,0.0,0.154325,20.610058,20.640059,2208000
hardzero_plus_depr__c0p50__z1p00__lam0p030__nu0p50__psi1p00,hardzero_plus_depr,0.01,32,690,0.0,2,0.015319692,0.015319692,1.0174944,0.0,0.096051805,0.0,0.0,1.0867671e-11,-26.881542,2.2385325,0.74617755,0.128,0.0,0.1788791,20.640059,20.67006,2211200
hardzero_plus_depr__c0p50__z1p00__lam0p030__nu0p50__psi1p00,hardzero_plus_depr,0.01,32,691,0.0,2,0.015319692,0.015319692,0.99070156,0.10216412,0.10216412,1.0,1.0774714e-12,1.0546476e-11,-26.268267,2.179587,0.726529,0.18400002,0.0,0.15504567,20.67006,20.70006,2214400
hardzero_plus_depr__c0p50__z1p00__lam0p030__nu0p50__psi1p00,hardzero_plus_depr,0.01,32,692,0.0,2,0.015319692,0.015319692,1.0312276,0.0,0.093062006,0.0,0.0,1.0234773e-11,-27.262705,2.268746,0.75624865,0.16000001,0.0,0.13794276,20.70006,20.73006,2217600
hardzero_plus_depr__c0p50__z1p00__lam0p030__nu0p50__psi1p00,hardzero_plus_depr,0.01,32,693,0.0,2,0.015319692,0.015319692,1.0053165,0.0,0.0987833,0.0,0.0,9.932282e-12,-26.754875,2.2117405,0.7372469,0.2,0.0,0.14339775,20.73006,20.760061,2220800
hardzero_plus_depr__c0p50__z1p00__lam0p030__nu0p50__psi1p00,hardzero_plus_depr,0.01,32,694,0.0,2,0.015319692,0.015319692,0.99322885,0.10157133,0.10157133,1.0,9.790187e-13,9.638732e-12,-27.584877,2.185147,0.72838235,0.216,0.0,0.16317607,20.760061,20.790062,2224000
hardzero_plus_depr__c0p50__z1p00__lam0p030__nu0p50__psi1p00,hardzero_plus_depr,0.01,32,695,0.0,2,0.015319692,0.015319692,0.9623814,0.10904823,0.10904823,1.0,1.0200217e-12,9.353859e-12,-27.171064,2.1172814,0.7057605,0.192,0.0,0.18003275,20.790062,20.820063,2227200
hardzero_plus_depr__c0p50__z1p00__lam0p030__nu0p50__psi1p00,hardzero_plus_depr,0.01,32,696,0.0,2,0.015319692,0.015319692,1.0171571,0.0,0.09612644,0.0,0.0,9.077404e-12,-28.058746,2.2377903,0.74593014,0.16000001,0.0,0.14564084,20.820063,20.850063,2230400
hardzero_plus_depr__c0p50__z1p00__lam0p030__nu0p50__psi1p00,hardzero_plus_depr,0.01,32,697,0.0,2,0.015319692,0.015319692,1.0577997,0.0,0.087538734,0.0,0.0,8.80912e-12,-27.45446,2.327206,0.7757353,0.15200001,0.0,0.16232134,20.850063,20.880064,2233600
hardzero_plus_depr__c0p50__z1p00__lam0p030__nu0p50__psi1p00,hardzero_plus_depr,0.01,32,698,0.0,2,0.015319692,0.015319692,1.0358925,0.0,0.092067756,0.0,0.0,8.548765e-12,-28.371536,2.2790089,0.75966966,0.16000001,0.0,0.17388496,20.880064,20.910065,2236800
hardzero_plus_depr__c0p50__z1p00__lam0p030__nu0p50__psi1p00,hardzero_plus_depr,0.01,32,699,0.0,2,0.015319692,0.015319692,1.03961,0.0,0.09128302,0.0,0.0,8.296106e-12,-27.77111,2.2871878,0.762396,0.16800001,0.0,0.1655893,20.910065,20.940065,2240000
hardzero_plus_depr__c0p50__z1p00__lam0p030__nu0p50__psi1p00,hardzero_plus_depr,0.01,32,700,0.0,2,0.015319692,0.015319692,0.94836575,0.11262485,0.11262485,1.0,9.0673286e-13,8.050913e-12,-25.83327,2.0864463,0.69548213,0.216,0.0,0.1496331,20.940065,20.970066,2243200
hardzero_plus_depr__c0p50__z1p00__lam0p030__nu0p50__psi1p00,hardzero_plus_depr,0.01,32,701,0.0,2,0.015319692,0.015319692,0.97173667,0.1067243,0.1067243,1.0,8.3383344e-13,7.812967e-12,-26.077446,2.1378634,0.71262115,0.120000005,0.0,0.14245673,20.970066,21.000067,2246400
hardzero_plus_depr__c0p50__z1p00__lam0p030__nu0p50__psi1p00,hardzero_plus_depr,0.01,32,702,0.0,2,0.015319692,0.015319692,0.9845163,0.10362955,0.10362955,1.0,7.8572484e-13,7.582054e-12,-26.348017,2.1659791,0.7219931,0.089999996,0.0,0.13728707,21.000067,21.030067,2249600
hardzero_plus_depr__c0p50__z1p00__lam0p030__nu0p50__psi1p00,hardzero_plus_depr,0.01,32,703,0.0,2,0.015319692,0.015319692,1.0198109,0.0,0.09554084,0.0,0.0,7.357966e-12,-27.461124,2.2436287,0.7478763,0.120000005,0.0,0.18085982,21.030067,21.060068,2252800
hardzero_plus_depr__c0p50__z1p00__lam0p030__nu0p50__psi1p00,hardzero_plus_depr,0.01,32,704,0.0,2,0.015319692,0.015319692,1.0265709,0.0,0.09406522,0.0,0.0,7.1405004e-12,-28.356075,2.258501,0.7528337,0.208,0.0,0.15518413,21.060068,21.090069,2256000
hardzero_plus_depr__c0p50__z1p00__lam0p030__nu0p50__psi1p00,hardzero_plus_depr,0.01,32,705,0.0,2,0.015319692,0.015319692,1.000946,0.0,0.09978239,0.0,0.0,6.9294613e-12,-26.725681,2.2021253,0.7340418,0.192,0.008,0.15052857,21.090069,21.12007,2259200
hardzero_plus_depr__c0p50__z1p00__lam0p030__nu0p50__psi1p00,hardzero_plus_depr,0.01,32,706,0.0,2,0.015319692,0.015319692,1.046529,0.0,0.08984024,0.0,0.0,6.7246603e-12,-28.324598,2.30241,0.76747,0.136,0.0,0.161252,21.12007,21.15007,2262400
hardzero_plus_depr__c0p50__z1p00__lam0p030__nu0p50__psi1p00,hardzero_plus_depr,0.01,32,707,0.0,2,0.015319692,0.015319692,1.0124828,0.0,0.09716665,0.0,0.0,6.5259118e-12,-27.052883,2.2275066,0.7425022,0.104,0.0,0.15661533,21.15007,21.18007,2265600
hardzero_plus_depr__c0p50__z1p00__lam0p030__nu0p50__psi1p00,hardzero_plus_depr,0.01,32,708,0.0,2,0.015319692,0.015319692,1.0572393,0.0,0.087651774,0.0,0.0,6.333038e-12,-27.125143,2.3259728,0.7753243,0.17600001,0.0,0.1719544,21.18007,21.210072,2268800
hardzero_plus_depr__c0p50__z1p00__lam0p030__nu0p50__psi1p00,hardzero_plus_depr,0.01,32,709,0.0,2,0.015319692,0.015319692,0.9835731,0.10385488,0.10385488,1.0,6.3827795e-13,6.1458638e-12,-26.228125,2.163904,0.7213013,0.192,0.0,0.16439387,21.210072,21.240072,2272000
hardzero_plus_depr__c0p50__z1p00__lam0p030__nu0p50__psi1p00,hardzero_plus_depr,0.01,32,710,0.0,2,0.015319692,0.015319692,0.95351636,0.11129704,0.11129704,1.0,6.638003e-13,5.964222e-12,-26.428932,2.0977778,0.6992593,0.15200001,0.0,0.14222105,21.240072,21.270073,2275200
hardzero_plus_depr__c0p50__z1p00__lam0p030__nu0p50__psi1p00,hardzero_plus_depr,0.01,32,711,0.0,2,0.015319692,0.015319692,1.0226383,0.0,0.09492086,0.0,0.0,5.7879487e-12,-26.93968,2.2498493,0.7499498,0.16800001,0.0,0.15174443,21.270073,21.300074,2278400
hardzero_plus_depr__c0p50__z1p00__lam0p030__nu0p50__psi1p00,hardzero_plus_depr,0.01,32,712,0.0,2,0.015319692,0.015319692,1.0204968,0.0,0.09539007,0.0,0.0,5.616885e-12,-26.843954,2.245138,0.74837935,0.104,0.0,0.1450481,21.300074,21.330074,2281600
hardzero_plus_depr__c0p50__z1p00__lam0p030__nu0p50__psi1p00,hardzero_plus_depr,0.01,32,713,0.0,2,0.015319692,0.015319692,1.0163331,0.0,0.096309,0.0,0.0,5.4508776e-12,-26.812853,2.2359774,0.7453258,0.216,0.0,0.16064014,21.330074,21.360075,2284800
hardzero_plus_depr__c0p50__z1p00__lam0p030__nu0p50__psi1p00,hardzero_plus_depr,0.01,32,714,0.0,2,0.015319692,0.015319692,1.0513006,0.0,0.08885858,0.0,0.0,5.2897756e-12,-27.65719,2.3129077,0.7709693,0.104,0.0,0.1480017,21.360075,21.390076,2288000
hardzero_plus_depr__c0p50__z1p00__lam0p030__nu0p50__psi1p00,hardzero_plus_depr,0.01,32,715,0.0,2,0.015319692,0.015319692,0.9968875,0.10071925,0.10071925,1.0,5.1703585e-13,5.133436e-12,-27.894972,2.1931963,0.73106545,0.17999999,0.0,0.16603163,21.390076,21.420076,2291200
hardzero_plus_depr__c0p50__z1p00__lam0p030__nu0p50__psi1p00,hardzero_plus_depr,0.01,32,716,0.0,2,0.015319692,0.015319692,0.9855148,0.10339157,0.10339157,1.0,5.150675e-13,4.9817164e-12,-26.639158,2.168176,0.72272533,0.128,0.0,0.14461794,21.420076,21.450077,2294400
hardzero_plus_depr__c0p50__z1p00__lam0p030__nu0p50__psi1p00,hardzero_plus_depr,0.01,32,717,0.0,2,0.015319692,0.015319692,1.0497472,0.0,0.08917698,0.0,0.0,4.834481e-12,-28.22247,2.30949,0.76983,0.17600001,0.0,0.1601719,21.450077,21.480078,2297600
hardzero_plus_depr__c0p50__z1p00__lam0p030__nu0p50__psi1p00,hardzero_plus_depr,0.01,32,718,0.0,2,0.015319692,0.015319692,1.0088828,0.0,0.09797545,0.0,0.0,4.6915982e-12,-26.952486,2.2195864,0.73986214,0.208,0.0,0.16966619,21.480078,21.510078,2300800
hardzero_plus_depr__c0p50__z1p00__lam0p030__nu0p50__psi1p00,hardzero_plus_depr,0.01,32,719,0.0,2,0.015319692,0.015319692,1.0371076,0.0,0.0918105,0.0,0.0,4.552937e-12,-27.720625,2.2816823,0.76056075,0.14400001,0.0,0.20246986,21.510078,21.54008,2304000
hardzero_plus_depr__c0p50__z1p00__lam0p030__nu0p50__psi1p00,hardzero_plus_depr,0.01,32,720,0.0,2,0.015319692,0.015319692,0.9708614,0.10693961,0.10693961,1.0,4.724992e-13,4.418374e-12,-27.017889,2.1359377,0.71197927,0.18400002,0.0,0.13859741,21.54008,21.57008,2307200
hardzero_plus_depr__c0p50__z1p00__lam0p030__nu0p50__psi1p00,hardzero_plus_depr,0.01,32,721,0.0,2,0.015319692,0.015319692,1.031817,0.0,0.09293579,0.0,0.0,4.2877884e-12,-26.533684,2.2700427,0.7566809,0.14400001,0.0,0.15685591,21.57008,21.60008,2310400
hardzero_plus_depr__c0p50__z1p00__lam0p030__nu0p50__psi1p00,hardzero_plus_depr,0.01,32,722,0.0,2,0.015319692,0.015319692,1.047865,0.0,0.08956431,0.0,0.0,4.1610626e-12,-27.734419,2.305349,0.7684497,0.128,0.0,0.16784474,21.60008,21.630081,2313600
hardzero_plus_depr__c0p50__z1p00__lam0p030__nu0p50__psi1p00,hardzero_plus_depr,0.01,32,723,0.0,2,0.015319692,0.015319692,1.0196981,0.0,0.09556565,0.0,0.0,4.038082e-12,-27.076868,2.2433808,0.7477936,0.16800001,0.0,0.18652204,21.630081,21.660082,2316800
hardzero_plus_depr__c0p50__z1p00__lam0p030__nu0p50__psi1p00,hardzero_plus_depr,0.01,32,724,0.0,2,0.015319692,0.015319692,1.0310591,0.0,0.09309811,0.0,0.0,3.918736e-12,-28.008661,2.2683754,0.75612515,0.192,0.0,0.18527351,21.660082,21.690083,2320000
hardzero_plus_depr__c0p50__z1p00__lam0p030__nu0p50__psi1p00,hardzero_plus_depr,0.01,32,725,0.0,2,0.015319692,0.015319692,1.0053145,0.0,0.09878375,0.0,0.0,3.8029167e-12,-26.428509,2.211736,0.7372453,0.14400001,0.0,0.12202243,21.690083,21.720083,2323200
hardzero_plus_depr__c0p50__z1p00__lam0p030__nu0p50__psi1p00,hardzero_plus_depr,0.01,32,726,0.0,2,0.015319692,0.015319692,0.9450546,0.11348683,0.11348683,1.0,4.188255e-13,3.690521e-12,-26.11502,2.0791616,0.6930539,0.312,0.0,0.13473974,21.720083,21.750084,2326400
hardzero_plus_depr__c0p50__z1p00__lam0p030__nu0p50__psi1p00,hardzero_plus_depr,0.01,32,727,0.0,2,0.015319692,0.015319692,0.9589174,0.10992148,0.10992148,1.0,3.9367796e-13,3.5814472e-12,-25.622263,2.1096604,0.7032201,0.128,0.0,0.14753273,21.750084,21.780085,2329600
hardzero_plus_depr__c0p50__z1p00__lam0p030__nu0p50__psi1p00,hardzero_plus_depr,0.01,32,728,0.0,2,0.015319692,0.015319692,1.0318764,0.0,0.09292308,0.0,0.0,3.4755972e-12,-27.701271,2.2701735,0.75672454,0.16,0.0,0.18716314,21.780085,21.810085,2332800
hardzero_plus_depr__c0p50__z1p00__lam0p030__nu0p50__psi1p00,hardzero_plus_depr,0.01,32,729,0.0,2,0.015319692,0.015319692,1.0495588,0.0,0.08921568,0.0,0.0,3.3728755e-12,-27.507278,2.3090754,0.7696918,0.120000005,0.0,0.15485267,21.810085,21.840086,2336000
hardzero_plus_depr__c0p50__z1p00__lam0p030__nu0p50__psi1p00,hardzero_plus_depr,0.01,32,730,0.0,2,0.015319692,0.015319692,0.99135816,0.10200979,0.10200979,1.0,3.3389738e-13,3.2731897e-12,-26.608864,2.1810315,0.7270105,0.128,0.0,0.13326992,21.840086,21.870087,2339200
hardzero_plus_depr__c0p50__z1p00__lam0p030__nu0p50__psi1p00,hardzero_plus_depr,0.01,32,731,0.0,2,0.015319692,0.015319692,1.0524403,0.0,0.08862569,0.0,0.0,3.1764502e-12,-28.18886,2.315415,0.771805,0.16800001,0.0,0.16752973,21.870087,21.900087,2342400
hardzero_plus_depr__c0p50__z1p00__lam0p030__nu0p50__psi1p00,hardzero_plus_depr,0.01,32,732,0.0,2,0.015319692,0.015319692,0.97433615,0.10608742,0.10608742,1.0,3.2702186e-13,3.0825698e-12,-26.610018,2.1435823,0.7145275,0.272,0.0,0.14898196,21.900087,21.930088,2345600
hardzero_plus_depr__c0p50__z1p00__lam0p030__nu0p50__psi1p00,hardzero_plus_depr,0.01,32,733,0.0,2,0.015319692,0.015319692,1.0087489,0.0,0.09800564,0.0,0.0,2.9914638e-12,-26.697092,2.219292,0.739764,0.15200001,0.0,0.14689435,21.930088,21.960089,2348800
hardzero_plus_depr__c0p50__z1p00__lam0p030__nu0p50__psi1p00,hardzero_plus_depr,0.01,32,734,0.0,2,0.015319692,0.015319692,0.95653075,0.110527225,0.110527225,1.0,3.208661e-13,2.9030504e-12,-25.747425,2.1044097,0.7014699,0.224,0.0,0.135008,21.960089,21.99009,2352000
hardzero_plus_depr__c0p50__z1p00__lam0p030__nu0p50__psi1p00,hardzero_plus_depr,0.01,32,735,0.0,2,0.015319692,0.015319692,1.0355959,0.0,0.092130646,0.0,0.0,2.8172508e-12,-27.879408,2.2783566,0.7594522,0.18400002,0.0,0.14040136,21.99009,22.02009,2355200
hardzero_plus_depr__c0p50__z1p00__lam0p030__nu0p50__psi1p00,hardzero_plus_depr,0.01,32,736,0.0,2,0.015319692,0.015319692,0.9748947,0.10595104,0.10595104,1.0,2.8966873e-13,2.7339866e-12,-26.6321,2.1448112,0.7149371,0.15200001,0.0,0.14850335,22.02009,22.05009,2358400
hardzero_plus_depr__c0p50__z1p00__lam0p030__nu0p50__psi1p00,hardzero_plus_depr,0.01,32,737,0.0,2,0.015319692,0.015319692,0.9892346,0.10250979,0.10250979,1.0,2.7197726e-13,2.6531832e-12,-27.403399,2.1763597,0.72545326,0.16000001,0.0,0.15524265,22.05009,22.080091,2361600
hardzero_plus_depr__c0p50__z1p00__lam0p030__nu0p50__psi1p00,hardzero_plus_depr,0.01,32,738,0.0,2,0.015319692,0.015319692,1.0121893,0.0,0.097232334,0.0,0.0,2.574768e-12,-27.485447,2.2268608,0.7422869,0.17600001,0.0,0.15906097,22.080091,22.110092,2364800
hardzero_plus_depr__c0p50__z1p00__lam0p030__nu0p50__psi1p00,hardzero_plus_depr,0.01,32,739,0.0,2,0.015319692,0.015319692,1.0387912,0.0,0.091455296,0.0,0.0,2.4986703e-12,-27.69851,2.2853863,0.76179546,0.112,0.0,0.17393516,22.110092,22.140093,2368000
hardzero_plus_depr__c0p50__z1p00__lam0p030__nu0p50__psi1p00,hardzero_plus_depr,0.01,32,740,0.0,2,0.015319692,0.015319692,0.9619781,0.109149545,0.109149545,1.0,2.6466822e-13,2.424822e-12,-25.534492,2.116394,0.7054647,0.264,0.0,0.13718961,22.140093,22.170094,2371200
hardzero_plus_depr__c0p50__z1p00__lam0p030__nu0p50__psi1p00,hardzero_plus_depr,0.01,32,741,0.0,2,0.015319692,0.015319692,1.0138611,0.0,0.096858755,0.0,0.0,2.3531559e-12,-27.428556,2.2305388,0.743513,0.089999996,0.0,0.124395154,22.170094,22.200094,2374400
hardzero_plus_depr__c0p50__z1p00__lam0p030__nu0p50__psi1p00,hardzero_plus_depr,0.01,32,742,0.0,2,0.015319692,0.015319692,0.9981416,0.100428835,0.100428835,1.0,2.293401e-13,2.283608e-12,-26.536966,2.1959553,0.7319851,0.16000001,0.0,0.1434808,22.200094,22.230095,2377600
hardzero_plus_depr__c0p50__z1p00__lam0p030__nu0p50__psi1p00,hardzero_plus_depr,0.01,32,743,0.0,2,0.015319692,0.015319692,0.97711855,0.105409905,0.105409905,1.0,2.3360055e-13,2.2161157e-12,-25.962963,2.1497037,0.71656793,0.18400002,0.0,0.12565275,22.230095,22.260096,2380800
hardzero_plus_depr__c0p50__z1p00__lam0p030__nu0p50__psi1p00,hardzero_plus_depr,0.01,32,744,0.0,2,0.015319692,0.015319692,1.0164924,0.0,0.09627369,0.0,0.0,2.1506182e-12,-27.286572,2.236328,0.7454426,0.17600001,0.0,0.17861217,22.260096,22.290096,2384000
hardzero_plus_depr__c0p50__z1p00__lam0p030__nu0p50__psi1p00,hardzero_plus_depr,0.01,32,745,0.0,2,0.015319692,0.015319692,1.0322958,0.0,0.09283337,0.0,0.0,2.0870562e-12,-27.275349,2.2710962,0.7570321,0.208,0.0,0.1549607,22.290096,22.320097,2387200
hardzero_plus_depr__c0p50__z1p00__lam0p030__nu0p50__psi1p00,hardzero_plus_depr,0.01,32,746,0.0,2,0.015319692,0.015319692,0.9748666,0.10595791,0.10595791,1.0,2.1460431e-13,2.0253731e-12,-26.751274,2.1447494,0.71491647,0.16000001,0.0,0.13756587,22.320097,22.350098,2390400
hardzero_plus_depr__c0p50__z1p00__lam0p030__nu0p50__psi1p00,hardzero_plus_depr,0.01,32,747,0.0,2,0.015319692,0.015319692,0.9932494,0.101566516,0.101566516,1.0,1.9963028e-13,1.9655128e-12,-27.86486,2.1851923,0.7283975,0.15200001,0.0,0.15790676,22.350098,22.380098,2393600
hardzero_plus_depr__c0p50__z1p00__lam0p030__nu0p50__psi1p00,hardzero_plus_depr,0.01,32,748,0.0,2,0.015319692,0.015319692,1.0331657,0.0,0.09264762,0.0,0.0,1.907422e-12,-27.16298,2.27301,0.75767004,0.16800001,0.0,0.15842868,22.380098,22.410099,2396800
hardzero_plus_depr__c0p50__z1p00__lam0p030__nu0p50__psi1p00,hardzero_plus_depr,0.01,32,749,0.0,2,0.015319692,0.015319692,1.0003595,0.0,0.099917255,0.0,0.0,1.851048e-12,-26.316374,2.200835,0.7336117,0.16800001,0.0,0.14329788,22.410099,22.4401,2400000
hardzero_plus_depr__c0p50__z1p00__lam0p030__nu0p50__psi1p00,hardzero_plus_depr,0.01,32,750,0.0,2,0.015319692,0.015319692,0.9820792,0.10421272,0.10421272,1.0,1.8720148e-13,1.7963399e-12,-26.534498,2.1606174,0.7202058,0.16800001,0.0,0.13141783,22.4401,22.4701,2403200
hardzero_plus_depr__c0p50__z1p00__lam0p030__nu0p50__psi1p00,hardzero_plus_depr,0.01,32,751,0.0,2,0.015319692,0.015319692,0.991039,0.10208477,0.10208477,1.0,1.7795917e-13,1.7432489e-12,-27.094368,2.1803293,0.7267765,0.18400002,0.0,0.14883377,22.4701,22.500101,2406400
hardzero_plus_depr__c0p50__z1p00__lam0p030__nu0p50__psi1p00,hardzero_plus_depr,0.01,32,752,0.0,2,0.015319692,0.015319692,1.0364921,0.0,0.09194073,0.0,0.0,1.6917268e-12,-27.462084,2.2803283,0.7601094,0.192,0.0,0.17989305,22.500101,22.530102,2409600
hardzero_plus_depr__c0p50__z1p00__lam0p030__nu0p50__psi1p00,hardzero_plus_depr,0.01,32,753,0.0,2,0.015319692,0.015319692,0.982553,0.10409911,0.10409911,1.0,1.7090238e-13,1.6417277e-12,-27.189518,2.1616597,0.7205533,0.18400002,0.0,0.16354816,22.530102,22.560102,2412800
hardzero_plus_depr__c0p50__z1p00__lam0p030__nu0p50__psi1p00,hardzero_plus_depr,0.01,32,754,0.0,2,0.015319692,0.015319692,1.0024681,0.0,0.09943331,0.0,0.0,1.5932063e-12,-26.118402,2.205474,0.73515797,0.11,0.0,0.12957534,22.560102,22.590103,2416000
hardzero_plus_depr__c0p50__z1p00__lam0p030__nu0p50__psi1p00,hardzero_plus_depr,0.01,32,755,0.0,2,0.015319692,0.015319692,0.9917206,0.10192467,0.10192467,1.0,1.5758765e-13,1.5461187e-12,-26.30069,2.181829,0.7272763,0.18400002,0.0,0.16086422,22.590103,22.620104,2419200
hardzero_plus_depr__c0p50__z1p00__lam0p030__nu0p50__psi1p00,hardzero_plus_depr,0.01,32,756,0.0,2,0.015319692,0.015319692,1.0111525,0.0,0.097464725,0.0,0.0,1.5004229e-12,-26.635723,2.22458,0.7415267,0.208,0.0,0.16373363,22.620104,22.650105,2422400
hardzero_plus_depr__c0p50__z1p00__lam0p030__nu0p50__psi1p00,hardzero_plus_depr,0.01,32,757,0.0,2,0.015319692,0.015319692,0.988487,0.10268642,0.10268642,1.0,1.4951942e-13,1.4560779e-12,-26.821922,2.1747148,0.72490495,0.15200001,0.0,0.16327289,22.650105,22.680105,2425600
hardzero_plus_depr__c0p50__z1p00__lam0p030__nu0p50__psi1p00,hardzero_plus_depr,0.01,32,758,0.0,2,0.015319692,0.015319692,0.98773336,0.10286476,0.10286476,1.0,1.4535236e-13,1.4130433e-12,-27.448597,2.1730568,0.7243523,0.136,0.0,0.15940428,22.680105,22.710106,2428800
hardzero_plus_depr__c0p50__z1p00__lam0p030__nu0p50__psi1p00,hardzero_plus_depr,0.01,32,759,0.0,2,0.015319692,0.015319692,0.96879596,0.10744942,0.10744942,1.0,1.473433e-13,1.3712806e-12,-26.185667,2.1313937,0.7104646,0.112,0.0,0.13652502,22.710106,22.740107,2432000
hardzero_plus_depr__c0p50__z1p00__lam0p030__nu0p50__psi1p00,hardzero_plus_depr,0.01,32,760,0.0,2,0.015319692,0.015319692,1.0553123,0.0,0.08804155,0.0,0.0,1.3307521e-12,-27.753416,2.3217335,0.7739112,0.14400001,0.0,0.14511268,22.740107,22.770107,2435200
hardzero_plus_depr__c0p50__z1p00__lam0p030__nu0p50__psi1p00,hardzero_plus_depr,0.01,32,761,0.0,2,0.015319692,0.015319692,1.0007517,0.0,0.09982706,0.0,0.0,1.2914215e-12,-26.695076,2.2016978,0.7338993,0.17600001,0.008,0.16567576,22.770107,22.800108,2438400
hardzero_plus_depr__c0p50__z1p00__lam0p030__nu0p50__psi1p00,hardzero_plus_depr,0.01,32,762,0.0,2,0.015319692,0.015319692,0.9894901,0.102449514,0.102449514,1.0,1.283952e-13,1.2532535e-12,-27.045607,2.1769216,0.72564054,0.16800001,0.0,0.12731451,22.800108,22.830109,2441600
hardzero_plus_depr__c0p50__z1p00__lam0p030__nu0p50__psi1p00,hardzero_plus_depr,0.01,32,763,0.0,2,0.015319692,0.015319692,1.0753053,0.0,0.08408037,0.0,0.0,1.2162135e-12,-28.21835,2.365719,0.788573,0.18400002,0.0,0.15773118,22.830109,22.86011,2444800
hardzero_plus_depr__c0p50__z1p00__lam0p030__nu0p50__psi1p00,hardzero_plus_depr,0.01,32,764,0.0,2,0.015319692,0.015319692,0.9516086,0.11178703,0.11178703,1.0,1.3193864e-13,1.1802679e-12,-25.57786,2.0935807,0.69786024,0.14400001,0.0,0.14207253,22.86011,22.89011,2448000
hardzero_plus_depr__c0p50__z1p00__lam0p030__nu0p50__psi1p00,hardzero_plus_depr,0.01,32,765,0.0,2,0.015319692,0.015319692,1.0571623,0.0,0.0876673,0.0,0.0,1.1453851e-12,-27.537737,2.3258035,0.77526784,0.128,0.0,0.15846567,22.89011,22.92011,2451200
hardzero_plus_depr__c0p50__z1p00__lam0p030__nu0p50__psi1p00,hardzero_plus_depr,0.01,32,766,0.0,2,0.015319692,0.015319692,0.98168546,0.10430726,0.10430726,1.0,1.1594098e-13,1.1115332e-12,-26.957169,2.1597512,0.71991706,0.15200001,0.0,0.14670469,22.92011,22.950111,2454400
hardzero_plus_depr__c0p50__z1p00__lam0p030__nu0p50__psi1p00,hardzero_plus_depr,0.01,32,767,0.0,2,0.015319692,0.015319692,0.95383584,0.11121519,0.11121519,1.0,1.1996576e-13,1.0786815e-12,-25.430552,2.0984807,0.6994936,0.19,0.0,0.12883726,22.950111,22.980112,2457600
hardzero_plus_depr__c0p50__z1p00__lam0p030__nu0p50__psi1p00,hardzero_plus_depr,0.01,32,768,0.0,2,0.015319692,0.015319692,1.0020322,0.0,0.09953317,0.0,0.0,1.046801e-12,-27.586866,2.2045147,0.73483825,0.192,0.0,0.17268151,22.980112,23.010113,2460800
hardzero_plus_depr__c0p50__z1p00__lam0p030__nu0p50__psi1p00,hardzero_plus_depr,0.01,32,769,0.0,2,0.015319692,0.015319692,0.98271835,0.10405948,0.10405948,1.0,1.05710145e-13,1.0158627e-12,-26.457659,2.1620235,0.7206745,0.24800001,0.0,0.1538719,23.010113,23.040113,2464000
hardzero_plus_depr__c0p50__z1p00__lam0p030__nu0p50__psi1p00,hardzero_plus_depr,0.01,32,770,0.0,2,0.015319692,0.015319692,1.0071365,0.0,0.098370194,0.0,0.0,9.858387e-13,-27.19741,2.2157445,0.73858154,0.2,0.0,0.16051176,23.040113,23.070114,2467200
hardzero_plus_depr__c0p50__z1p00__lam0p030__nu0p50__psi1p00,hardzero_plus_depr,0.01,32,771,0.0,2,0.015319692,0.015319692,1.0016389,0.0,0.099623345,0.0,0.0,9.567022e-13,-26.927105,2.2036495,0.7345499,0.14400001,0.0,0.12709412,23.070114,23.100115,2470400
hardzero_plus_depr__c0p50__z1p00__lam0p030__nu0p50__psi1p00,hardzero_plus_depr,0.01,32,772,0.0,2,0.015319692,0.015319692,0.98272884,0.104056954,0.104056954,1.0,9.6609244e-14,9.284266e-13,-26.051283,2.1620467,0.72068226,0.216,0.0,0.15993266,23.100115,23.130116,2473600
hardzero_plus_depr__c0p50__z1p00__lam0p030__nu0p50__psi1p00,hardzero_plus_depr,0.01,32,773,0.0,2,0.015319692,0.015319692,0.99712026,0.100665286,0.100665286,1.0,9.0698106e-14,9.009869e-13,-26.949673,2.1937084,0.73123616,0.16000001,0.0,0.16055074,23.130116,23.160116,2476800
hardzero_plus_depr__c0p50__z1p00__lam0p030__nu0p50__psi1p00,hardzero_plus_depr,0.01,32,774,0.0,2,0.015319692,0.015319692,1.0033343,0.0,0.09923518,0.0,0.0,8.7435815e-13,-26.857954,2.2073796,0.73579323,0.08800001,0.0,0.14344674,23.160116,23.190117,2480000
hardzero_plus_depr__c0p50__z1p00__lam0p030__nu0p50__psi1p00,hardzero_plus_depr,0.01,32,775,0.0,2,0.015319692,0.015319692,1.0149717,0.0,0.09661137,0.0,0.0,8.485163e-13,-27.281334,2.2329824,0.7443275,0.2,0.0,0.15856776,23.190117,23.220118,2483200
hardzero_plus_depr__c0p50__z1p00__lam0p030__nu0p50__psi1p00,hardzero_plus_depr,0.01,32,776,0.0,2,0.015319692,0.015319692,1.0079813,0.0,0.09817903,0.0,0.0,8.2343827e-13,-27.12998,2.2176032,0.73920107,0.16000001,0.0,0.15412432,23.220118,23.250118,2486400
hardzero_plus_depr__c0p50__z1p00__lam0p030__nu0p50__psi1p00,hardzero_plus_depr,0.01,32,777,0.0,2,0.015319692,0.015319692,1.0220188,0.0,0.09505636,0.0,0.0,7.9910145e-13,-26.77142,2.2484863,0.74949545,0.15200001,0.0,0.134382,23.250118,23.280119,2489600
hardzero_plus_depr__c0p50__z1p00__lam0p030__nu0p50__psi1p00,hardzero_plus_depr,0.01,32,778,0.0,2,0.015319692,0.015319692,1.0127189,0.0,0.09711383,0.0,0.0,7.7548395e-13,-27.593363,2.2280262,0.7426754,0.128,0.0,0.14202279,23.280119,23.31012,2492800
hardzero_plus_depr__c0p50__z1p00__lam0p030__nu0p50__psi1p00,hardzero_plus_depr,0.01,32,779,0.0,2,0.015319692,0.015319692,0.9664232,0.10803806,0.10803806,1.0,8.13056e-14,7.525644e-13,-26.904062,2.1261735,0.7087245,0.17600001,0.0,0.16175021,23.31012,23.34012,2496000
hardzero_plus_depr__c0p50__z1p00__lam0p030__nu0p50__psi1p00,hardzero_plus_depr,0.01,32,780,0.0,2,0.015319692,0.015319692,1.0021428,0.0,0.09950782,0.0,0.0,7.303223e-13,-27.622965,2.2047582,0.7349194,0.13,0.0,0.14863662,23.34012,23.370121,2499200
hardzero_plus_depr__c0p50__z1p00__lam0p030__nu0p50__psi1p00,hardzero_plus_depr,0.01,32,781,0.0,2,0.015319692,0.015319692,1.004792,0.0,0.098902665,0.0,0.0,7.0873743e-13,-27.264362,2.2105865,0.7368622,0.16000001,0.0,0.15264758,23.370121,23.400122,2502400
hardzero_plus_depr__c0p50__z1p00__lam0p030__nu0p50__psi1p00,hardzero_plus_depr,0.01,32,782,0.0,2,0.015319692,0.015319692,0.9968913,0.10071837,0.10071837,1.0,6.927315e-14,6.8779064e-13,-27.17319,2.1932046,0.73106825,0.224,0.008,0.16522458,23.400122,23.430122,2505600
hardzero_plus_depr__c0p50__z1p00__lam0p030__nu0p50__psi1p00,hardzero_plus_depr,0.01,32,783,0.0,2,0.015319692,0.015319692,0.9820703,0.10421486,0.10421486,1.0,6.955956e-14,6.6746294e-13,-26.13684,2.1605978,0.7201993,0.24800001,0.0,0.15529336,23.430122,23.460123,2508800
hardzero_plus_depr__c0p50__z1p00__lam0p030__nu0p50__psi1p00,hardzero_plus_depr,0.01,32,784,0.0,2,0.015319692,0.015319692,0.98034936,0.10462866,0.10462866,1.0,6.777174e-14,6.4773593e-13,-25.622015,2.1568117,0.7189373,0.120000005,0.0,0.109866105,23.460123,23.490124,2512000
hardzero_plus_depr__c0p50__z1p00__lam0p030__nu0p50__psi1p00,hardzero_plus_depr,0.01,32,785,0.0,2,0.015319692,0.015319692,1.0003643,0.0,0.09991616,0.0,0.0,6.28592e-13,-26.980791,2.2008455,0.73361516,0.18400002,0.0,0.16935262,23.490124,23.520124,2515200
hardzero_plus_depr__c0p50__z1p00__lam0p030__nu0p50__psi1p00,hardzero_plus_depr,0.01,32,786,0.0,2,0.015319692,0.015319692,0.9459043,0.113264985,0.113264985,1.0,6.9093216e-14,6.100139e-13,-26.538301,2.081031,0.69367707,0.208,0.0,0.17297179,23.520124,23.550125,2518400
hardzero_plus_depr__c0p50__z1p00__lam0p030__nu0p50__psi1p00,hardzero_plus_depr,0.01,32,787,0.0,2,0.015319692,0.015319692,0.99896884,0.10023772,0.10023772,1.0,5.933921e-14,5.9198485e-13,-27.305216,2.1977754,0.7325918,0.2,0.0,0.1589554,23.550125,23.580126,2521600
hardzero_plus_depr__c0p50__z1p00__lam0p030__nu0p50__psi1p00,hardzero_plus_depr,0.01,32,788,0.0,2,0.015319692,0.015319692,0.96431977,0.10856258,0.10856258,1.0,6.236797e-14,5.7448864e-13,-26.708637,2.1215458,0.70718193,0.17600001,0.0,0.13705325,23.580126,23.610126,2524800
hardzero_plus_depr__c0p50__z1p00__lam0p030__nu0p50__psi1p00,hardzero_plus_depr,0.01,32,789,0.0,2,0.015319692,0.015319692,1.0495772,0.0,0.089211896,0.0,0.0,5.575096e-13,-28.350008,2.3091161,0.7697054,0.120000005,0.008,0.19764699,23.610126,23.640127,2528000
hardzero_plus_depr__c0p50__z1p00__lam0p030__nu0p50__psi1p00,hardzero_plus_depr,0.01,32,790,0.0,2,0.015319692,0.015319692,0.98021525,0.10466096,0.10466096,1.0,5.6624962e-14,5.4103233e-13,-26.920326,2.1565166,0.7188389,0.2,0.0,0.17728114,23.640127,23.670128,2531200
hardzero_plus_depr__c0p50__z1p00__lam0p030__nu0p50__psi1p00,hardzero_plus_depr,0.01,32,791,0.0,2,0.015319692,0.015319692,0.97200793,0.106657654,0.106657654,1.0,5.599975e-14,5.2504203e-13,-25.930758,2.1384602,0.71282005,0.216,0.0,0.12203957,23.670128,23.700129,2534400
hardzero_plus_depr__c0p50__z1p00__lam0p030__nu0p50__psi1p00,hardzero_plus_depr,0.01,32,792,0.0,2,0.015319692,0.015319692,0.9991969,0.10018509,0.10018509,1.0,5.1046742e-14,5.0952433e-13,-26.061918,2.198277,0.732759,0.16800001,0.0,0.14152437,23.700129,23.73013,2537600
hardzero_plus_depr__c0p50__z1p00__lam0p030__nu0p50__psi1p00,hardzero_plus_depr,0.01,32,793,0.0,2,0.015319692,0.015319692,1.0424728,0.0,0.09068326,0.0,0.0,4.9446525e-13,-28.084455,2.293486,0.7644954,0.16,0.0,0.1386876,23.73013,23.76013,2540800
hardzero_plus_depr__c0p50__z1p00__lam0p030__nu0p50__psi1p00,hardzero_plus_depr,0.01,32,794,0.0,2,0.015319692,0.015319692,1.0141784,0.0,0.09678802,0.0,0.0,4.798513e-13,-26.606222,2.231237,0.7437457,0.120000005,0.0,0.1299686,23.76013,23.79013,2544000
hardzero_plus_depr__c0p50__z1p00__lam0p030__nu0p50__psi1p00,hardzero_plus_depr,0.01,32,795,0.0,2,0.015319692,0.015319692,0.9715454,0.106771305,0.106771305,1.0,4.9720112e-14,4.656692e-13,-26.505833,2.1374426,0.7124809,0.136,0.0,0.14412998,23.79013,23.820131,2547200
hardzero_plus_depr__c0p50__z1p00__lam0p030__nu0p50__psi1p00,hardzero_plus_depr,0.01,32,796,0.0,2,0.015319692,0.015319692,1.015419,0.0,0.09651192,0.0,0.0,4.519063e-13,-27.591776,2.2339664,0.7446555,0.136,0.0,0.18079406,23.820131,23.850132,2550400
hardzero_plus_depr__c0p50__z1p00__lam0p030__nu0p50__psi1p00,hardzero_plus_depr,0.01,32,797,0.0,2,0.015319692,0.015319692,1.0250527,0.0,0.09439465,0.0,0.0,4.3855016e-13,-27.44186,2.2551608,0.7517203,0.16000001,0.0,0.16601644,23.850132,23.880133,2553600
hardzero_plus_depr__c0p50__z1p00__lam0p030__nu0p50__psi1p00,hardzero_plus_depr,0.01,32,798,0.0,2,0.015319692,0.015319692,0.9637358,0.108708665,0.108708665,1.0,4.626518e-14,4.255887e-13,-26.258442,2.1202612,0.70675373,0.16000001,0.0,0.122413635,23.880133,23.910133,2556800
hardzero_plus_depr__c0p50__z1p00__lam0p030__nu0p50__psi1p00,hardzero_plus_depr,0.01,32,799,0.0,2,0.015319692,0.015319692,1.052674,0.0,0.08857802,0.0,0.0,4.1301042e-13,-27.067873,2.3159292,0.7719764,0.216,0.0,0.17150484,23.910133,23.940134,2560000
hardzero_plus_depr__c0p50__z1p00__lam0p030__nu0p50__psi1p00,hardzero_plus_depr,0.01,32,800,0.0,2,0.015319692,0.015319692,0.957124,0.11037632,0.11037632,1.0,4.4239254e-14,4.0080385e-13,-25.778984,2.1057148,0.70190495,0.24800001,0.0,0.16019367,23.940134,23.970135,2563200
hardzero_plus_depr__c0p50__z1p00__lam0p030__nu0p50__psi1p00,hardzero_plus_depr,0.01,32,801,0.0,2,0.015319692,0.015319692,1.0451285,0.0,0.09013045,0.0,0.0,3.8895802e-13,-27.034107,2.2993286,0.7664429,0.136,0.0,0.1549265,23.970135,24.000135,2566400
hardzero_plus_depr__c0p50__z1p00__lam0p030__nu0p50__psi1p00,hardzero_plus_depr,0.01,32,802,0.0,2,0.015319692,0.015319692,1.046022,0.0,0.08994519,0.0,0.0,3.7746233e-13,-28.68806,2.3012946,0.7670982,0.16800001,0.0,0.15547404,24.000135,24.030136,2569600
hardzero_plus_depr__c0p50__z1p00__lam0p030__nu0p50__psi1p00,hardzero_plus_depr,0.01,32,803,0.0,2,0.015319692,0.015319692,1.0320642,0.0,0.0928829,0.0,0.0,3.6630635e-13,-27.756115,2.2705865,0.75686216,0.16000001,0.0,0.14351586,24.030136,24.060137,2572800
hardzero_plus_depr__c0p50__z1p00__lam0p030__nu0p50__psi1p00,hardzero_plus_depr,0.01,32,804,0.0,2,0.015319692,0.015319692,0.94624895,0.11317515,0.11317515,1.0,4.023152e-14,3.5548016e-13,-26.312685,2.0817893,0.6939298,0.17600001,0.0,0.14370063,24.060137,24.090137,2576000
hardzero_plus_depr__c0p50__z1p00__lam0p030__nu0p50__psi1p00,hardzero_plus_depr,0.01,32,805,0.0,2,0.015319692,0.015319692,0.98720205,0.10299067,0.10299067,1.0,3.5529095e-14,3.4497391e-13,-26.93038,2.1718879,0.72396266,0.18400002,0.0,0.13681671,24.090137,24.120138,2579200
hardzero_plus_depr__c0p50__z1p00__lam0p030__nu0p50__psi1p00,hardzero_plus_depr,0.01,32,806,0.0,2,0.015319692,0.015319692,0.95065606,0.11203247,0.11203247,1.0,3.7506023e-14,3.3477813e-13,-26.00954,2.091485,0.6971617,0.21,0.0,0.15673853,24.120138,24.150139,2582400
hardzero_plus_depr__c0p50__z1p00__lam0p030__nu0p50__psi1p00,hardzero_plus_depr,0.01,32,807,0.0,2,0.015319692,0.015319692,1.0072341,0.0,0.09834808,0.0,0.0,3.2488373e-13,-26.634403,2.2159593,0.7386531,0.18400002,0.0,0.15056051,24.150139,24.18014,2585600
hardzero_plus_depr__c0p50__z1p00__lam0p030__nu0p50__psi1p00,hardzero_plus_depr,0.01,32,808,0.0,2,0.015319692,0.015319692,1.027272,0.0,0.09391349,0.0,0.0,3.1528176e-13,-27.5247,2.2600436,0.7533479,0.14400001,0.0,0.17587405,24.18014,24.21014,2588800
hardzero_plus_depr__c0p50__z1p00__lam0p030__nu0p50__psi1p00,hardzero_plus_depr,0.01,32,809,0.0,2,0.015319692,0.015319692,1.0198333,0.0,0.09553592,0.0,0.0,3.0596353e-13,-27.458408,2.243678,0.74789274,0.120000005,0.0,0.1496765,24.21014,24.24014,2592000
hardzero_plus_depr__c0p50__z1p00__lam0p030__nu0p50__psi1p00,hardzero_plus_depr,0.01,32,810,0.0,2,0.015319692,0.015319692,0.98071903,0.10453964,0.10453964,1.0,3.1039987e-14,2.9692075e-13,-26.218916,2.157625,0.71920836,0.15200001,0.0,0.15332446,24.24014,24.270142,2595200
hardzero_plus_depr__c0p50__z1p00__lam0p030__nu0p50__psi1p00,hardzero_plus_depr,0.01,32,811,0.0,2,0.015319692,0.015319692,0.9918654,0.10189071,0.10189071,1.0,2.935932e-14,2.881452e-13,-27.20773,2.1821475,0.72738254,0.136,0.0,0.15637909,24.270142,24.300142,2598400
hardzero_plus_depr__c0p50__z1p00__lam0p030__nu0p50__psi1p00,hardzero_plus_depr,0.01,32,812,0.0,2,0.015319692,0.015319692,0.99614465,0.10089167,0.10089167,1.0,2.8212242e-14,2.7962905e-13,-27.322021,2.191562,0.73052067,0.16000001,0.0,0.16383646,24.300142,24.330143,2601600
hardzero_plus_depr__c0p50__z1p00__lam0p030__nu0p50__psi1p00,hardzero_plus_depr,0.01,32,813,0.0,2,0.015319692,0.015319692,0.99246514,0.101750106,0.101750106,1.0,2.7611372e-14,2.7136456e-13,-26.356863,2.183467,0.7278223,0.192,0.0,0.13068148,24.330143,24.360144,2604800
hardzero_plus_depr__c0p50__z1p00__lam0p030__nu0p50__psi1p00,hardzero_plus_depr,0.01,32,814,0.0,2,0.015319692,0.015319692,0.95923644,0.10984077,0.10984077,1.0,2.8925948e-14,2.6334436e-13,-25.907194,2.1103623,0.70345414,0.15200001,0.0,0.1446522,24.360144,24.390144,2608000
hardzero_plus_depr__c0p50__z1p00__lam0p030__nu0p50__psi1p00,hardzero_plus_depr,0.01,32,815,0.0,2,0.015319692,0.015319692,0.9819086,0.10425368,0.10425368,1.0,2.6643194e-14,2.555612e-13,-26.592186,2.160242,0.72008073,0.14400001,0.0,0.1354687,24.390144,24.420145,2611200
hardzero_plus_depr__c0p50__z1p00__lam0p030__nu0p50__psi1p00,hardzero_plus_depr,0.01,32,816,0.0,2,0.015319692,0.015319692,1.0075122,0.0,0.09828512,0.0,0.0,2.4800802e-13,-27.932709,2.216571,0.73885703,0.208,0.0,0.18021823,24.420145,24.450146,2614400
hardzero_plus_depr__c0p50__z1p00__lam0p030__nu0p50__psi1p00,hardzero_plus_depr,0.01,32,817,0.0,2,0.015319692,0.015319692,1.0386205,0.0,0.09149123,0.0,0.0,2.4067814e-13,-28.363922,2.2850106,0.76167023,0.16800001,0.0,0.17566518,24.450146,24.480146,2617600
hardzero_plus_depr__c0p50__z1p00__lam0p030__nu0p50__psi1p00,hardzero_plus_depr,0.01,32,818,0.0,2,0.015319692,0.015319692,1.032098,0.0,0.09287566,0.0,0.0,2.3356485e-13,-26.971943,2.270661,0.7568871,0.2,0.0,0.14462352,24.480146,24.510147,2620800
hardzero_plus_depr__c0p50__z1p00__lam0p030__nu0p50__psi1p00,hardzero_plus_depr,0.01,32,819,0.0,2,0.015319692,0.015319692,0.9333862,0.11657725,0.11657725,1.0,2.6423611e-14,2.2666182e-13,-26.396067,2.0534906,0.6844969,0.22999999,0.0,0.16137747,24.510147,24.540148,2624000
hardzero_plus_depr__c0p50__z1p00__lam0p030__nu0p50__psi1p00,hardzero_plus_depr,0.01,32,820,0.0,2,0.015319692,0.015319692,1.0475591,0.0,0.089627415,0.0,0.0,2.1996279e-13,-27.076529,2.304676,0.7682254,0.15200001,0.0,0.17320153,24.540148,24.570148,2627200
hardzero_plus_depr__c0p50__z1p00__lam0p030__nu0p50__psi1p00,hardzero_plus_depr,0.01,32,821,0.0,2,0.015319692,0.015319692,0.9950487,0.101146586,0.101146586,1.0,2.1590929e-14,2.1346176e-13,-26.579775,2.1891508,0.72971696,0.192,0.0,0.15459742,24.570148,24.60015,2630400
hardzero_plus_depr__c0p50__z1p00__lam0p030__nu0p50__psi1p00,hardzero_plus_depr,0.01,32,822,0.0,2,0.015319692,0.015319692,0.98909223,0.1025434,0.1025434,1.0,2.1242162e-14,2.0715288e-13,-26.39835,2.1760464,0.72534883,0.17600001,0.0,0.17152473,24.60015,24.63015,2633600
hardzero_plus_depr__c0p50__z1p00__lam0p030__nu0p50__psi1p00,hardzero_plus_depr,0.01,32,823,0.0,2,0.015319692,0.015319692,0.97062653,0.106997445,0.106997445,1.0,2.1509743e-14,2.0103044e-13,-26.35803,2.135421,0.711807,0.18400002,0.0,0.16042204,24.63015,24.66015,2636800
hardzero_plus_depr__c0p50__z1p00__lam0p030__nu0p50__psi1p00,hardzero_plus_depr,0.01,32,824,0.0,2,0.015319692,0.015319692,0.95072603,0.11201442,0.11201442,1.0,2.1852776e-14,1.9508895e-13,-26.329369,2.091639,0.69721305,0.17600001,0.0,0.15321402,24.66015,24.690151,2640000
hardzero_plus_depr__c0p50__z1p00__lam0p030__nu0p50__psi1p00,hardzero_plus_depr,0.01,32,825,0.0,2,0.015319692,0.015319692,1.052496,0.0,0.08861435,0.0,0.0,1.8932309e-13,-28.146555,2.3155375,0.7718458,0.24000001,0.008,0.18474187,24.690151,24.720152,2643200
hardzero_plus_depr__c0p50__z1p00__lam0p030__nu0p50__psi1p00,hardzero_plus_depr,0.01,32,826,0.0,2,0.015319692,0.015319692,0.9896635,0.1024086,0.1024086,1.0,1.8815289e-14,1.8372761e-13,-26.761333,2.177303,0.72576773,0.112,0.0,0.13814287,24.720152,24.750153,2646400
hardzero_plus_depr__c0p50__z1p00__lam0p030__nu0p50__psi1p00,hardzero_plus_depr,0.01,32,827,0.0,2,0.015319692,0.015319692,1.0466913,0.0,0.08980668,0.0,0.0,1.7829754e-13,-28.402187,2.3027668,0.767589,0.112,0.0,0.16843219,24.750153,24.780153,2649600
hardzero_plus_depr__c0p50__z1p00__lam0p030__nu0p50__psi1p00,hardzero_plus_depr,0.01,32,828,0.0,2,0.015319692,0.015319692,1.0481066,0.0,0.08951451,0.0,0.0,1.730279e-13,-28.068338,2.3058805,0.76862687,0.192,0.0,0.1626823,24.780153,24.810154,2652800
hardzero_plus_depr__c0p50__z1p00__lam0p030__nu0p50__psi1p00,hardzero_plus_depr,0.01,32,829,0.0,2,0.015319692,0.015319692,0.9718454,0.10669758,0.10669758,1.0,1.7916022e-14,1.6791405e-13,-26.183893,2.1381025,0.71270084,0.18400002,0.0,0.15854183,24.810154,24.840155,2656000
hardzero_plus_depr__c0p50__z1p00__lam0p030__nu0p50__psi1p00,hardzero_plus_depr,0.01,32,830,0.0,2,0.015319692,0.015319692,0.9516343,0.11178043,0.11178043,1.0,1.8214768e-14,1.6295132e-13,-26.144503,2.0936372,0.6978791,0.208,0.0,0.1860963,24.840155,24.870155,2659200
hardzero_plus_depr__c0p50__z1p00__lam0p030__nu0p50__psi1p00,hardzero_plus_depr,0.01,32,831,0.0,2,0.015319692,0.015319692,0.99057347,0.102194265,0.102194265,1.0,1.616052e-14,1.5813529e-13,-26.562973,2.179305,0.72643507,0.128,0.0,0.14310372,24.870155,24.900156,2662400
hardzero_plus_depr__c0p50__z1p00__lam0p030__nu0p50__psi1p00,hardzero_plus_depr,0.01,32,832,0.0,2,0.015319692,0.015319692,0.988398,0.10270746,0.10270746,1.0,1.5761648e-14,1.5346158e-13,-25.931435,2.174519,0.7248397,0.19999999,0.01,0.14376174,24.900156,24.930157,2665600
hardzero_plus_depr__c0p50__z1p00__lam0p030__nu0p50__psi1p00,hardzero_plus_depr,0.01,32,833,0.0,2,0.015319692,0.015319692,1.0053388,0.0,0.09877821,0.0,0.0,1.4892598e-13,-26.13993,2.2117896,0.7372632,0.216,0.0,0.1427952,24.930157,24.960157,2668800
hardzero_plus_depr__c0p50__z1p00__lam0p030__nu0p50__psi1p00,hardzero_plus_depr,0.01,32,834,0.0,2,0.015319692,0.015319692,1.0032794,0.0,0.099247724,0.0,0.0,1.4452446e-13,-27.501919,2.207259,0.735753,0.216,0.0,0.15976307,24.960157,24.990158,2672000
hardzero_plus_depr__c0p50__z1p00__lam0p030__nu0p50__psi1p00,hardzero_plus_depr,0.01,32,835,0.0,2,0.015319692,0.015319692,1.030399,0.0,0.09323974,0.0,0.0,1.4025303e-13,-27.655931,2.266923,0.755641,0.120000005,0.0,0.14960645,24.990158,25.020159,2675200
hardzero_plus_depr__c0p50__z1p00__lam0p030__nu0p50__psi1p00,hardzero_plus_depr,0.01,32,836,0.0,2,0.015319692,0.015319692,0.9803975,0.10461706,0.10461706,1.0,1.42392e-14,1.3610783e-13,-26.043547,2.1569176,0.71897256,0.2,0.0,0.16396435,25.020159,25.05016,2678400
hardzero_plus_depr__c0p50__z1p00__lam0p030__nu0p50__psi1p00,hardzero_plus_depr,0.01,32,837,0.0,2,0.015319692,0.015319692,1.0150405,0.0,0.096596085,0.0,0.0,1.3208515e-13,-27.499329,2.2331338,0.744378,0.14400001,0.0,0.13874044,25.05016,25.08016,2681600
hardzero_plus_depr__c0p50__z1p00__lam0p030__nu0p50__psi1p00,hardzero_plus_depr,0.01,32,838,0.0,2,0.015319692,0.015319692,1.0045061,0.0,0.09896778,0.0,0.0,1.2818135e-13,-26.9354,2.2099576,0.73665255,0.136,0.0,0.14678943,25.08016,25.11016,2684800
hardzero_plus_depr__c0p50__z1p00__lam0p030__nu0p50__psi1p00,hardzero_plus_depr,0.01,32,839,0.0,2,0.015319692,0.015319692,1.0076033,0.0,0.09826451,0.0,0.0,1.2439293e-13,-27.545914,2.2167716,0.7389239,0.16000001,0.0,0.14771564,25.11016,25.140162,2688000
hardzero_plus_depr__c0p50__z1p00__lam0p030__nu0p50__psi1p00,hardzero_plus_depr,0.01,32,840,0.0,2,0.015319692,0.015319692,0.989787,0.10237951,0.10237951,1.0,1.2358895e-14,1.2071649e-13,-27.287207,2.1775749,0.72585833,0.16800001,0.0,0.16863255,25.140162,25.170162,2691200
hardzero_plus_depr__c0p50__z1p00__lam0p030__nu0p50__psi1p00,hardzero_plus_depr,0.01,32,841,0.0,2,0.015319692,0.015319692,0.98907834,0.1025467,0.1025467,1.0,1.2013212e-14,1.171487e-13,-26.949528,2.1760159,0.72533864,0.17600001,0.0,0.15082702,25.170162,25.200163,2694400
hardzero_plus_depr__c0p50__z1p00__lam0p030__nu0p50__psi1p00,hardzero_plus_depr,0.01,32,842,0.0,2,0.015319692,0.015319692,1.0271136,0.0,0.09394775,0.0,0.0,1.1368634e-13,-27.695154,2.2596948,0.75323164,0.24800001,0.0,0.15222771,25.200163,25.230164,2697600
hardzero_plus_depr__c0p50__z1p00__lam0p030__nu0p50__psi1p00,hardzero_plus_depr,0.01,32,843,0.0,2,0.015319692,0.015319692,1.004424,0.0,0.0989865,0.0,0.0,1.10326326e-13,-27.235842,2.2097769,0.7365923,0.136,0.0,0.15756437,25.230164,25.260164,2700800
hardzero_plus_depr__c0p50__z1p00__lam0p030__nu0p50__psi1p00,hardzero_plus_depr,0.01,32,844,0.0,2,0.015319692,0.015319692,0.9777249,0.10526284,0.10526284,1.0,1.1270031e-14,1.0706562e-13,-26.851618,2.1510377,0.7170126,0.15200001,0.0,0.14131737,25.260164,25.290165,2704000
hardzero_plus_depr__c0p50__z1p00__lam0p030__nu0p50__psi1p00,hardzero_plus_depr,0.01,32,845,0.0,2,0.015319692,0.015319692,1.0491168,0.0,0.08930651,0.0,0.0,1.0390128e-13,-27.736729,2.308103,0.7693677,0.17,0.0,0.127885,25.290165,25.320166,2707200
hardzero_plus_depr__c0p50__z1p00__lam0p030__nu0p50__psi1p00,hardzero_plus_depr,0.01,32,846,0.0,2,0.015319692,0.015319692,1.0248997,0.0,0.09442788,0.0,0.0,1.0083046e-13,-27.283777,2.2548244,0.75160813,0.192,0.0,0.16457877,25.320166,25.350166,2710400
hardzero_plus_depr__c0p50__z1p00__lam0p030__nu0p50__psi1p00,hardzero_plus_depr,0.01,32,847,0.0,2,0.015319692,0.015319692,1.0048312,0.0,0.09889375,0.0,0.0,9.785041e-14,-27.011251,2.2106729,0.736891,0.16000001,0.0,0.17756933,25.350166,25.380167,2713600
hardzero_plus_depr__c0p50__z1p00__lam0p030__nu0p50__psi1p00,hardzero_plus_depr,0.01,32,848,0.0,2,0.015319692,0.015319692,1.0033149,0.0,0.09923963,0.0,0.0,9.4958424e-14,-27.61249,2.2073367,0.7357789,0.16000001,0.0,0.16335545,25.380167,25.410168,2716800
hardzero_plus_depr__c0p50__z1p00__lam0p030__nu0p50__psi1p00,hardzero_plus_depr,0.01,32,849,0.0,2,0.015319692,0.015319692,0.997911,0.100482166,0.100482166,1.0,9.259624e-15,9.215192e-14,-27.592913,2.195448,0.731816,0.17600001,0.0,0.15882179,25.410168,25.440168,2720000
hardzero_plus_depr__c0p50__z1p00__lam0p030__nu0p50__psi1p00,hardzero_plus_depr,0.01,32,850,0.0,2,0.015319692,0.015319692,0.97709763,0.10541499,0.10541499,1.0,9.427089e-15,8.9428356e-14,-26.262362,2.1496577,0.7165526,0.18400002,0.0,0.1487798,25.440168,25.47017,2723200
hardzero_plus_depr__c0p50__z1p00__lam0p030__nu0p50__psi1p00,hardzero_plus_depr,0.01,32,851,0.0,2,0.015319692,0.015319692,1.0293767,0.0,0.09345946,0.0,0.0,8.678529e-14,-27.406387,2.264674,0.75489134,0.2,0.0,0.15027651,25.47017,25.50017,2726400
hardzero_plus_depr__c0p50__z1p00__lam0p030__nu0p50__psi1p00,hardzero_plus_depr,0.01,32,852,0.0,2,0.015319692,0.015319692,1.0055883,0.0,0.0987215,0.0,0.0,8.4220344e-14,-26.544724,2.2123384,0.7374462,0.192,0.0,0.15086256,25.50017,25.53017,2729600
hardzero_plus_depr__c0p50__z1p00__lam0p030__nu0p50__psi1p00,hardzero_plus_depr,0.01,32,853,0.0,2,0.015319692,0.015319692,0.9966871,0.100765735,0.100765735,1.0,8.235704e-15,8.173119e-14,-26.718218,2.1927555,0.7309185,0.2,0.0,0.1674435,25.53017,25.560171,2732800
hardzero_plus_depr__c0p50__z1p00__lam0p030__nu0p50__psi1p00,hardzero_plus_depr,0.01,32,854,0.0,2,0.015319692,0.015319692,1.0153847,0.0,0.09651956,0.0,0.0,7.9315616e-14,-26.561373,2.233891,0.74463034,0.104,0.0,0.13172112,25.560171,25.590172,2736000
hardzero_plus_depr__c0p50__z1p00__lam0p030__nu0p50__psi1p00,hardzero_plus_depr,0.01,32,855,0.0,2,0.015319692,0.015319692,1.0213444,0.0,0.09520408,0.0,0.0,7.697143e-14,-27.744667,2.2470026,0.7490009,0.2,0.0,0.1816409,25.590172,25.620173,2739200
hardzero_plus_depr__c0p50__z1p00__lam0p030__nu0p50__psi1p00,hardzero_plus_depr,0.01,32,856,0.0,2,0.015319692,0.015319692,0.9647826,0.10844697,0.10844697,1.0,8.100612e-15,7.469653e-14,-26.116669,2.122564,0.7075214,0.192,0.0,0.15046255,25.620173,25.650173,2742400
hardzero_plus_depr__c0p50__z1p00__lam0p030__nu0p50__psi1p00,hardzero_plus_depr,0.01,32,857,0.0,2,0.015319692,0.015319692,0.9370985,0.11558499,0.11558499,1.0,8.3786255e-15,7.248887e-14,-26.61391,2.061658,0.6872193,0.2,0.0,0.14188379,25.650173,25.680174,2745600
hardzero_plus_depr__c0p50__z1p00__lam0p030__nu0p50__psi1p00,hardzero_plus_depr,0.01,32,858,0.0,2,0.015319692,0.015319692,0.98560554,0.10336999,0.10336999,1.0,7.271711e-15,7.0346445e-14,-26.981098,2.1683755,0.72279185,0.14,0.0,0.12700084,25.680174,25.710175,2748800
hardzero_plus_depr__c0p50__z1p00__lam0p030__nu0p50__psi1p00,hardzero_plus_depr,0.01,32,859,0.0,2,0.015319692,0.015319692,1.0046014,0.0,0.09894609,0.0,0.0,6.826735e-14,-27.348965,2.2101672,0.7367224,0.2,0.0,0.16687267,25.710175,25.740175,2752000
hardzero_plus_depr__c0p50__z1p00__lam0p030__nu0p50__psi1p00,hardzero_plus_depr,0.01,32,860,0.0,2,0.015319692,0.015319692,1.0164834,0.0,0.096275665,0.0,0.0,6.6249706e-14,-26.822744,2.236308,0.7454361,0.120000005,0.0,0.14033337,25.740175,25.770176,2755200
hardzero_plus_depr__c0p50__z1p00__lam0p030__nu0p50__psi1p00,hardzero_plus_depr,0.01,32,861,0.0,2,0.015319692,0.015319692,0.98103744,0.10446302,0.10446302,1.0,6.7161026e-15,6.429168e-14,-26.896317,2.1583254,0.71944183,0.14400001,0.0,0.1320209,25.770176,25.800177,2758400
hardzero_plus_depr__c0p50__z1p00__lam0p030__nu0p50__psi1p00,hardzero_plus_depr,0.01,32,862,0.0,2,0.015319692,0.015319692,1.0076903,0.0,0.09824482,0.0,0.0,6.239154e-14,-27.4416,2.216963,0.7389877,0.16800001,0.0,0.15439235,25.800177,25.830177,2761600
hardzero_plus_depr__c0p50__z1p00__lam0p030__nu0p50__psi1p00,hardzero_plus_depr,0.01,32,863,0.0,2,0.015319692,0.015319692,1.0468204,0.0,0.08978001,0.0,0.0,6.054754e-14,-28.100586,2.3030508,0.7676836,0.128,0.0,0.14953631,25.830177,25.860178,2764800
hardzero_plus_depr__c0p50__z1p00__lam0p030__nu0p50__psi1p00,hardzero_plus_depr,0.01,32,864,0.0,2,0.015319692,0.015319692,0.960132,0.1096145,0.1096145,1.0,6.4407343e-15,5.875805e-14,-26.377703,2.1123326,0.70411086,0.14400001,0.0,0.12635249,25.860178,25.890179,2768000
hardzero_plus_depr__c0p50__z1p00__lam0p030__nu0p50__psi1p00,hardzero_plus_depr,0.01,32,865,0.0,2,0.015319692,0.015319692,0.9944239,0.10129221,0.10129221,1.0,5.7758287e-15,5.702145e-14,-26.333797,2.1877763,0.7292588,0.192,0.0,0.14665864,25.890179,25.92018,2771200
hardzero_plus_depr__c0p50__z1p00__lam0p030__nu0p50__psi1p00,hardzero_plus_depr,0.01,32,866,0.0,2,0.015319692,0.015319692,1.0059211,0.0,0.09864586,0.0,0.0,5.533617e-14,-26.957739,2.2130706,0.7376902,0.208,0.0,0.15137208,25.92018,25.95018,2774400
hardzero_plus_depr__c0p50__z1p00__lam0p030__nu0p50__psi1p00,hardzero_plus_depr,0.01,32,867,0.0,2,0.015319692,0.015319692,0.9718041,0.10670773,0.10670773,1.0,5.7302804e-15,5.3700706e-14,-26.374231,2.1380117,0.71267056,0.112,0.0,0.13747187,25.95018,25.98018,2777600
hardzero_plus_depr__c0p50__z1p00__lam0p030__nu0p50__psi1p00,hardzero_plus_depr,0.01,32,868,0.0,2,0.015319692,0.015319692,0.9998942,0.10002437,0.10002437,1.0,5.2126276e-15,5.2113573e-14,-26.50142,2.1998112,0.7332704,0.120000005,0.0,0.15153761,25.98018,26.010181,2780800
hardzero_plus_depr__c0p50__z1p00__lam0p030__nu0p50__psi1p00,hardzero_plus_depr,0.01,32,869,0.0,2,0.015319692,0.015319692,0.98722136,0.102986105,0.102986105,1.0,5.2083527e-15,5.0573352e-14,-26.275808,2.1719303,0.7239768,0.096,0.0,0.14408755,26.010181,26.040182,2784000
hardzero_plus_depr__c0p50__z1p00__lam0p030__nu0p50__psi1p00,hardzero_plus_depr,0.01,32,870,0.0,2,0.015319692,0.015319692,1.043357,0.0,0.09049883,0.0,0.0,4.9078648e-14,-27.530272,2.2954314,0.7651438,0.104,0.0,0.16100034,26.040182,26.070183,2787200
hardzero_plus_depr__c0p50__z1p00__lam0p030__nu0p50__psi1p00,hardzero_plus_depr,0.01,32,871,0.0,2,0.015319692,0.015319692,1.0291673,0.0,0.09350454,0.0,0.0,4.7628124e-14,-27.757446,2.2642133,0.7547378,0.17999999,0.0,0.16386347,26.070183,26.100183,2790400
hardzero_plus_depr__c0p50__z1p00__lam0p030__nu0p50__psi1p00,hardzero_plus_depr,0.01,32,872,0.0,2,0.015319692,0.015319692,1.0001693,0.0,0.09996102,0.0,0.0,4.6220467e-14,-26.589437,2.2004163,0.7334721,0.136,0.0,0.16621545,26.100183,26.130184,2793600
hardzero_plus_depr__c0p50__z1p00__lam0p030__nu0p50__psi1p00,hardzero_plus_depr,0.01,32,873,0.0,2,0.015319692,0.015319692,1.0060515,0.0,0.09861625,0.0,0.0,4.4854413e-14,-26.999332,2.2133577,0.73778594,0.16800001,0.0,0.16067688,26.130184,26.160185,2796800
hardzero_plus_depr__c0p50__z1p00__lam0p030__nu0p50__psi1p00,hardzero_plus_depr,0.01,32,874,0.0,2,0.015319692,0.015319692,0.9877984,0.102849364,0.102849364,1.0,4.4769033e-15,4.352874e-14,-25.92172,2.1732,0.7244,0.08800001,0.0,0.13797303,26.160185,26.190186,2800000
hardzero_plus_depr__c0p50__z1p00__lam0p030__nu0p50__psi1p00,hardzero_plus_depr,0.01,32,875,0.0,2,0.015319692,0.015319692,0.98820347,0.102753475,0.102753475,1.0,4.340537e-15,4.2242238e-14,-27.068455,2.174091,0.72469705,0.216,0.0,0.13863514,26.190186,26.220186,2803200
hardzero_plus_depr__c0p50__z1p00__lam0p030__nu0p50__psi1p00,hardzero_plus_depr,0.01,32,876,0.0,2,0.015319692,0.015319692,0.9405913,0.114659145,0.114659145,1.0,4.70031e-15,4.0993765e-14,-26.349586,2.0693421,0.6897807,0.120000005,0.0,0.12150107,26.220186,26.250187,2806400
hardzero_plus_depr__c0p50__z1p00__lam0p030__nu0p50__psi1p00,hardzero_plus_depr,0.01,32,877,0.0,2,0.015319692,0.015319692,1.0236343,0.0,0.09470342,0.0,0.0,3.9782186e-14,-27.246141,2.2520404,0.75068015,0.16000001,0.0,0.15153089,26.250187,26.280188,2809600
hardzero_plus_depr__c0p50__z1p00__lam0p030__nu0p50__psi1p00,hardzero_plus_depr,0.01,32,878,0.0,2,0.015319692,0.015319692,0.98438466,0.103660986,0.103660986,1.0,4.00198e-15,3.8606423e-14,-26.48362,2.1656895,0.7218965,0.216,0.0,0.14114232,26.280188,26.310188,2812800
hardzero_plus_depr__c0p50__z1p00__lam0p030__nu0p50__psi1p00,hardzero_plus_depr,0.01,32,879,0.0,2,0.015319692,0.015319692,0.9695716,0.10725769,0.10725769,1.0,4.018452e-15,3.7465402e-14,-26.343445,2.1331,0.71103334,0.2,0.0,0.12784971,26.310188,26.340189,2816000
hardzero_plus_depr__c0p50__z1p00__lam0p030__nu0p50__psi1p00,hardzero_plus_depr,0.01,32,880,0.0,2,0.015319692,0.015319692,1.0026047,0.0,0.099402025,0.0,0.0,3.6358107e-14,-27.022825,2.2057745,0.7352582,0.128,0.0,0.14445269,26.340189,26.37019,2819200
hardzero_plus_depr__c0p50__z1p00__lam0p030__nu0p50__psi1p00,hardzero_plus_depr,0.01,32,881,0.0,2,0.015319692,0.015319692,0.9607029,0.109470494,0.109470494,1.0,3.8625062e-15,3.5283537e-14,-25.960001,2.1135886,0.7045295,0.18400002,0.0,0.133684,26.37019,26.40019,2822400
hardzero_plus_depr__c0p50__z1p00__lam0p030__nu0p50__psi1p00,hardzero_plus_depr,0.01,32,882,0.0,2,0.015319692,0.015319692,0.9380566,0.11533028,0.11533028,1.0,3.9489925e-15,3.4240728e-14,-26.160353,2.0637658,0.68792194,0.17600001,0.0,0.12883128,26.40019,26.430191,2825600
hardzero_plus_depr__c0p50__z1p00__lam0p030__nu0p50__psi1p00,hardzero_plus_depr,0.01,32,883,0.0,2,0.015319692,0.015319692,0.9597615,0.10970805,0.10970805,1.0,3.6454604e-15,3.322874e-14,-26.739202,2.1115174,0.7038392,0.208,0.0,0.16785178,26.430191,26.460192,2828800
hardzero_plus_depr__c0p50__z1p00__lam0p030__nu0p50__psi1p00,hardzero_plus_depr,0.01,32,884,0.0,2,0.015319692,0.015319692,1.0038913,0.0,0.09910797,0.0,0.0,3.224666e-14,-27.294783,2.208605,0.7362017,0.16,0.0,0.15022424,26.460192,26.490192,2832000
hardzero_plus_depr__c0p50__z1p00__lam0p030__nu0p50__psi1p00,hardzero_plus_depr,0.01,32,885,0.0,2,0.015319692,0.015319692,1.0056621,0.0,0.09870472,0.0,0.0,3.1293605e-14,-26.82995,2.2125008,0.7375003,0.18400002,0.0,0.16501173,26.490192,26.520193,2835200
hardzero_plus_depr__c0p50__z1p00__lam0p030__nu0p50__psi1p00,hardzero_plus_depr,0.01,32,886,0.0,2,0.015319692,0.015319692,0.9559417,0.11067724,0.11067724,1.0,3.361126e-15,3.036872e-14,-26.123192,2.1031137,0.7010379,0.24000001,0.0,0.14439723,26.520193,26.550194,2838400
hardzero_plus_depr__c0p50__z1p00__lam0p030__nu0p50__psi1p00,hardzero_plus_depr,0.01,32,887,0.0,2,0.015319692,0.015319692,1.0757362,0.0,0.08399702,0.0,0.0,2.9471166e-14,-29.104712,2.3666668,0.78888893,0.17600001,0.0,0.16725409,26.550194,26.580194,2841600
hardzero_plus_depr__c0p50__z1p00__lam0p030__nu0p50__psi1p00,hardzero_plus_depr,0.01,32,888,0.0,2,0.015319692,0.015319692,1.0219399,0.0,0.095073625,0.0,0.0,2.8600142e-14,-27.651438,2.2483127,0.7494376,0.136,0.0,0.15625925,26.580194,26.610195,2844800
hardzero_plus_depr__c0p50__z1p00__lam0p030__nu0p50__psi1p00,hardzero_plus_depr,0.01,32,889,0.0,2,0.015319692,0.015319692,0.9890411,0.10255548,0.10255548,1.0,2.8464133e-15,2.7754862e-14,-26.013315,2.1759338,0.7253113,0.120000005,0.0,0.1467897,26.610195,26.640196,2848000
hardzero_plus_depr__c0p50__z1p00__lam0p030__nu0p50__psi1p00,hardzero_plus_depr,0.01,32,890,0.0,2,0.015319692,0.015319692,0.9688975,0.10742429,0.10742429,1.0,2.8934264e-15,2.6934564e-14,-26.0254,2.131617,0.71053904,0.17600001,0.0,0.15020657,26.640196,26.670197,2851200
hardzero_plus_depr__c0p50__z1p00__lam0p030__nu0p50__psi1p00,hardzero_plus_depr,0.01,32,891,0.0,2,0.015319692,0.015319692,0.99958754,0.100095004,0.100095004,1.0,2.616334e-15,2.6138508e-14,-27.219715,2.1991365,0.7330455,0.120000005,0.0,0.15980272,26.670197,26.700197,2854400
hardzero_plus_depr__c0p50__z1p00__lam0p030__nu0p50__psi1p00,hardzero_plus_depr,0.01,32,892,0.0,2,0.015319692,0.015319692,0.944648,0.1135931,0.1135931,1.0,2.8814005e-15,2.536598e-14,-25.533092,2.078267,0.6927557,0.17600001,0.0,0.12580141,26.700197,26.730198,2857600
hardzero_plus_depr__c0p50__z1p00__lam0p030__nu0p50__psi1p00,hardzero_plus_depr,0.01,32,893,0.0,2,0.015319692,0.015319692,1.0436317,0.0,0.09044162,0.0,0.0,2.4616287e-14,-26.82813,2.2960355,0.7653452,0.16800001,0.0,0.15959746,26.730198,26.760199,2860800
hardzero_plus_depr__c0p50__z1p00__lam0p030__nu0p50__psi1p00,hardzero_plus_depr,0.01,32,894,0.0,2,0.015319692,0.015319692,1.0575264,0.0,0.087593846,0.0,0.0,2.388875e-14,-28.138243,2.3266044,0.7755348,0.15200001,0.0,0.16895862,26.760199,26.7902,2864000
hardzero_plus_depr__c0p50__z1p00__lam0p030__nu0p50__psi1p00,hardzero_plus_depr,0.01,32,895,0.0,2,0.015319692,0.015319692,0.97137916,0.1068122,0.1068122,1.0,2.4761966e-15,2.3182714e-14,-27.185667,2.1370769,0.71235895,0.17600001,0.0,0.15522732,26.7902,26.8202,2867200
hardzero_plus_depr__c0p50__z1p00__lam0p030__nu0p50__psi1p00,hardzero_plus_depr,0.01,32,896,0.0,2,0.015319692,0.015319692,1.057546,0.0,0.08758988,0.0,0.0,2.2497546e-14,-28.503029,2.3266478,0.7755493,0.136,0.0,0.17090158,26.8202,26.8502,2870400
hardzero_plus_depr__c0p50__z1p00__lam0p030__nu0p50__psi1p00,hardzero_plus_depr,0.01,32,897,0.0,2,0.015319692,0.015319692,1.0301372,0.0,0.093295954,0.0,0.0,2.1832627e-14,-27.833986,2.266347,0.755449,0.19,0.0,0.13568833,26.8502,26.880201,2873600
hardzero_plus_depr__c0p50__z1p00__lam0p030__nu0p50__psi1p00,hardzero_plus_depr,0.01,32,898,0.0,2,0.015319692,0.015319692,0.9981404,0.10042912,0.10042912,1.0,2.127828e-15,2.1187362e-14,-26.371864,2.1959527,0.73198426,0.15200001,0.0,0.16309798,26.880201,26.910202,2876800
hardzero_plus_depr__c0p50__z1p00__lam0p030__nu0p50__psi1p00,hardzero_plus_depr,0.01,32,899,0.0,2,0.015319692,0.015319692,1.0521413,0.0,0.08868674,0.0,0.0,2.0561166e-14,-28.236507,2.314757,0.7715857,0.104,0.0,0.1816715,26.910202,26.940203,2880000
hardzero_plus_depr__c0p50__z1p00__lam0p030__nu0p50__psi1p00,hardzero_plus_depr,0.01,32,900,0.0,2,0.015319692,0.015319692,0.93152475,0.11707797,0.11707797,1.0,2.3361128e-15,1.9953479e-14,-25.96558,2.0493953,0.6831318,0.2,0.0,0.14421041,26.940203,26.970203,2883200
hardzero_plus_depr__c0p50__z1p00__lam0p030__nu0p50__psi1p00,hardzero_plus_depr,0.01,32,901,0.0,2,0.015319692,0.015319692,1.0087718,0.0,0.09800047,0.0,0.0,1.9363751e-14,-27.44603,2.2193422,0.7397808,0.136,0.0,0.1414989,26.970203,27.000204,2886400
hardzero_plus_depr__c0p50__z1p00__lam0p030__nu0p50__psi1p00,hardzero_plus_depr,0.01,32,902,0.0,2,0.015319692,0.015319692,1.0348579,0.0,0.09228735,0.0,0.0,1.8791453e-14,-27.754944,2.2767327,0.7589109,0.14400001,0.0,0.15764937,27.000204,27.030205,2889600
hardzero_plus_depr__c0p50__z1p00__lam0p030__nu0p50__psi1p00,hardzero_plus_depr,0.01,32,903,0.0,2,0.015319692,0.015319692,1.0189136,0.0,0.09573845,0.0,0.0,1.823607e-14,-28.306187,2.2416546,0.74721825,0.18400002,0.0,0.18428785,27.030205,27.060205,2892800
hardzero_plus_depr__c0p50__z1p00__lam0p030__nu0p50__psi1p00,hardzero_plus_depr,0.01,32,904,0.0,2,0.015319692,0.015319692,0.99024516,0.10227155,0.10227155,1.0,1.8099097e-15,1.7697098e-14,-26.550716,2.178583,0.7261943,0.14400001,0.0,0.15258043,27.060205,27.090206,2896000
hardzero_plus_depr__c0p50__z1p00__lam0p030__nu0p50__psi1p00,hardzero_plus_depr,0.01,32,905,0.0,2,0.015319692,0.015319692,0.97809625,0.10517288,0.10517288,1.0,1.8062452e-15,1.7174059e-14,-25.88632,2.1518548,0.7172849,0.208,0.008,0.13830972,27.090206,27.120207,2899200
hardzero_plus_depr__c0p50__z1p00__lam0p030__nu0p50__psi1p00,hardzero_plus_depr,0.01,32,906,0.0,2,0.015319692,0.015319692,0.9795877,0.10481232,0.10481232,1.0,1.7468519e-15,1.6666476e-14,-27.092371,2.1551359,0.71837866,0.224,0.0,0.14771627,27.120207,27.150208,2902400
hardzero_plus_depr__c0p50__z1p00__lam0p030__nu0p50__psi1p00,hardzero_plus_depr,0.01,32,907,0.0,2,0.015319692,0.015319692,0.97036177,0.1070627,0.1070627,1.0,1.7316209e-15,1.6173896e-14,-27.195986,2.1348386,0.7116129,0.2,0.0,0.13372298,27.150208,27.180208,2905600
hardzero_plus_depr__c0p50__z1p00__lam0p030__nu0p50__psi1p00,hardzero_plus_depr,0.01,32,908,0.0,2,0.015319692,0.015319692,1.0212966,0.0,0.09521457,0.0,0.0,1.5695876e-14,-27.435925,2.2468975,0.74896586,0.128,0.0,0.18149291,27.180208,27.210209,2908800
hardzero_plus_depr__c0p50__z1p00__lam0p030__nu0p50__psi1p00,hardzero_plus_depr,0.01,32,909,0.0,2,0.015319692,0.015319692,1.0089183,0.0,0.09796744,0.0,0.0,1.5231983e-14,-27.251917,2.2196646,0.7398882,0.16800001,0.0,0.19407278,27.210209,27.24021,2912000
hardzero_plus_depr__c0p50__z1p00__lam0p030__nu0p50__psi1p00,hardzero_plus_depr,0.01,32,910,0.0,2,0.015319692,0.015319692,1.0244882,0.0,0.094517395,0.0,0.0,1.4781799e-14,-26.863451,2.2539191,0.7513064,0.11,0.0,0.13946058,27.24021,27.27021,2915200
hardzero_plus_depr__c0p50__z1p00__lam0p030__nu0p50__psi1p00,hardzero_plus_depr,0.01,32,911,0.0,2,0.015319692,0.015319692,1.0359677,0.0,0.0920518,0.0,0.0,1.4344921e-14,-27.604937,2.2791746,0.75972486,0.2,0.0,0.14990431,27.27021,27.30021,2918400
hardzero_plus_depr__c0p50__z1p00__lam0p030__nu0p50__psi1p00,hardzero_plus_depr,0.01,32,912,0.0,2,0.015319692,0.015319692,0.9669307,0.10791189,0.10791189,1.0,1.5022365e-15,1.3920954e-14,-26.272427,2.12729,0.70909667,0.17600001,0.0,0.11626979,27.30021,27.330212,2921600
hardzero_plus_depr__c0p50__z1p00__lam0p030__nu0p50__psi1p00,hardzero_plus_depr,0.01,32,913,0.0,2,0.015319692,0.015319692,0.9731586,0.10637544,0.10637544,1.0,1.4370811e-15,1.3509519e-14,-25.910975,2.1409917,0.71366394,0.18400002,0.0,0.13788345,27.330212,27.360212,2924800
hardzero_plus_depr__c0p50__z1p00__lam0p030__nu0p50__psi1p00,hardzero_plus_depr,0.01,32,914,0.0,2,0.015319692,0.015319692,1.0191922,0.0,0.09567706,0.0,0.0,1.3110244e-14,-27.46684,2.2422676,0.7474226,0.136,0.0,0.15730141,27.360212,27.390213,2928000
hardzero_plus_depr__c0p50__z1p00__lam0p030__nu0p50__psi1p00,hardzero_plus_depr,0.01,32,915,0.0,2,0.015319692,0.015319692,0.98235077,0.10414759,0.10414759,1.0,1.3250456e-15,1.2722768e-14,-26.581097,2.1612148,0.720405,0.17600001,0.0,0.15557173,27.390213,27.420214,2931200
hardzero_plus_depr__c0p50__z1p00__lam0p030__nu0p50__psi1p00,hardzero_plus_depr,0.01,32,916,0.0,2,0.015319692,0.015319692,1.0207416,0.0,0.095336325,0.0,0.0,1.2346745e-14,-28.198427,2.2456763,0.74855876,0.17600001,0.0,0.14970885,27.420214,27.450214,2934400
hardzero_plus_depr__c0p50__z1p00__lam0p030__nu0p50__psi1p00,hardzero_plus_depr,0.01,32,917,0.0,2,0.015319692,0.015319692,1.0013769,0.0,0.09968348,0.0,0.0,1.1981836e-14,-27.533335,2.203073,0.7343577,0.18400002,0.0,0.16722791,27.450214,27.480215,2937600
hardzero_plus_depr__c0p50__z1p00__lam0p030__nu0p50__psi1p00,hardzero_plus_depr,0.01,32,918,0.0,2,0.015319692,0.015319692,0.9529357,0.11144595,0.11144595,1.0,1.2958613e-15,1.1627712e-14,-26.002682,2.0965004,0.69883347,0.2,0.0,0.14350353,27.480215,27.510216,2940800
hardzero_plus_depr__c0p50__z1p00__lam0p030__nu0p50__psi1p00,hardzero_plus_depr,0.01,32,919,0.0,2,0.015319692,0.015319692,0.9763996,0.10558456,0.10558456,1.0,1.1914216e-15,1.1284052e-14,-26.33976,2.148122,0.71604073,0.17600001,0.0,0.12390255,27.510216,27.540216,2944000
hardzero_plus_depr__c0p50__z1p00__lam0p030__nu0p50__psi1p00,hardzero_plus_depr,0.01,32,920,0.0,2,0.015319692,0.015319692,1.0174173,0.0,0.09606887,0.0,0.0,1.095055e-14,-26.928707,2.2383628,0.7461209,0.16800001,0.0,0.15764435,27.540216,27.570217,2947200
hardzero_plus_depr__c0p50__z1p00__lam0p030__nu0p50__psi1p00,hardzero_plus_depr,0.01,32,921,0.0,2,0.015319692,0.015319692,1.0324619,0.0,0.092797905,0.0,0.0,1.0626906e-14,-27.334751,2.2714615,0.75715387,0.128,0.0,0.14476366,27.570217,27.600218,2950400
hardzero_plus_depr__c0p50__z1p00__lam0p030__nu0p50__psi1p00,hardzero_plus_depr,0.01,32,922,0.0,2,0.015319692,0.015319692,1.0095738,0.0,0.09781968,0.0,0.0,1.0312826e-14,-27.455412,2.2211068,0.74036896,0.15200001,0.0,0.16113788,27.600218,27.630219,2953600
hardzero_plus_depr__c0p50__z1p00__lam0p030__nu0p50__psi1p00,hardzero_plus_depr,0.01,32,923,0.0,2,0.015319692,0.015319692,0.9709415,0.1069199,0.1069199,1.0,1.0700576e-15,1.000803e-14,-26.635658,2.136114,0.712038,0.22999999,0.0,0.14108603,27.630219,27.66022,2956800
hardzero_plus_depr__c0p50__z1p00__lam0p030__nu0p50__psi1p00,hardzero_plus_depr,0.01,32,924,0.0,2,0.015319692,0.015319692,1.0071783,0.0,0.09836072,0.0,0.0,9.71224e-15,-27.89892,2.2158365,0.7386122,0.16800001,0.0,0.16315253,27.66022,27.69022,2960000
hardzero_plus_depr__c0p50__z1p00__lam0p030__nu0p50__psi1p00,hardzero_plus_depr,0.01,32,925,0.0,2,0.015319692,0.015319692,1.0151166,0.0,0.09657916,0.0,0.0,9.425194e-15,-27.38751,2.233301,0.74443364,0.14400001,0.0,0.15694878,27.69022,27.72022,2963200
hardzero_plus_depr__c0p50__z1p00__lam0p030__nu0p50__psi1p00,hardzero_plus_depr,0.01,32,926,0.0,2,0.015319692,0.015319692,0.98636705,0.1031889,0.1031889,1.0,9.438309e-16,9.146632e-15,-27.407923,2.1700509,0.7233503,0.15200001,0.0,0.16423328,27.72022,27.750221,2966400
hardzero_plus_depr__c0p50__z1p00__lam0p030__nu0p50__psi1p00,hardzero_plus_depr,0.01,32,927,0.0,2,0.015319692,0.015319692,1.0190055,0.0,0.09571817,0.0,0.0,8.8763005e-15,-27.3739,2.241857,0.7472857,0.104,0.008,0.15545686,27.750221,27.780222,2969600
hardzero_plus_depr__c0p50__z1p00__lam0p030__nu0p50__psi1p00,hardzero_plus_depr,0.01,32,928,0.0,2,0.015319692,0.015319692,0.94996583,0.11221067,0.11221067,1.0,9.665783e-16,8.613961e-15,-25.945114,2.0899665,0.6966555,0.17600001,0.0,0.1478722,27.780222,27.810223,2972800
hardzero_plus_depr__c0p50__z1p00__lam0p030__nu0p50__psi1p00,hardzero_plus_depr,0.01,32,929,0.0,2,0.015319692,0.015319692,0.99429184,0.10132302,0.10132302,1.0,8.4699705e-16,8.359374e-15,-27.069275,2.1874857,0.7291619,0.16800001,0.0,0.16487248,27.810223,27.840223,2976000
hardzero_plus_depr__c0p50__z1p00__lam0p030__nu0p50__psi1p00,hardzero_plus_depr,0.01,32,930,0.0,2,0.015319692,0.015319692,1.0226738,0.0,0.0949131,0.0,0.0,8.1123115e-15,-27.814116,2.2499273,0.7499758,0.104,0.0,0.16627418,27.840223,27.870224,2979200
hardzero_plus_depr__c0p50__z1p00__lam0p030__nu0p50__psi1p00,hardzero_plus_depr,0.01,32,931,0.0,2,0.015319692,0.015319692,0.992112,0.10183287,0.10183287,1.0,8.0168455e-16,7.872552e-15,-26.23545,2.18269,0.7275633,0.128,0.0,0.13811083,27.870224,27.900225,2982400
hardzero_plus_depr__c0p50__z1p00__lam0p030__nu0p50__psi1p00,hardzero_plus_depr,0.01,32,932,0.0,2,0.015319692,0.015319692,1.0434736,0.0,0.09047453,0.0,0.0,7.639876e-15,-27.820862,2.2956877,0.7652292,0.104,0.0,0.14557052,27.900225,27.930225,2985600
hardzero_plus_depr__c0p50__z1p00__lam0p030__nu0p50__psi1p00,hardzero_plus_depr,0.01,32,933,0.0,2,0.015319692,0.015319692,1.0460528,0.0,0.08993882,0.0,0.0,7.414079e-15,-28.742708,2.301362,0.7671207,0.17600001,0.0,0.19921339,27.930225,27.960226,2988800
hardzero_plus_depr__c0p50__z1p00__lam0p030__nu0p50__psi1p00,hardzero_plus_depr,0.01,32,934,0.0,2,0.015319692,0.015319692,1.0270665,0.0,0.093957946,0.0,0.0,7.194955e-15,-27.446543,2.2595913,0.75319713,0.17600001,0.0,0.14112118,27.960226,27.990227,2992000
hardzero_plus_depr__c0p50__z1p00__lam0p030__nu0p50__psi1p00,hardzero_plus_depr,0.01,32,935,0.0,2,0.015319692,0.015319692,0.9792894,0.104884334,0.104884334,1.0,7.3233463e-16,6.9823073e-15,-27.065248,2.1544797,0.7181599,0.136,0.0,0.15919901,27.990227,28.020227,2995200
hardzero_plus_depr__c0p50__z1p00__lam0p030__nu0p50__psi1p00,hardzero_plus_depr,0.01,32,936,0.0,2,0.015319692,0.015319692,0.9758866,0.105709344,0.105709344,1.0,7.1628065e-16,6.7759447e-15,-26.668144,2.1469934,0.7156645,0.19,0.01,0.15196404,28.020227,28.050228,2998400
hardzero_plus_depr__c0p50__z1p00__lam0p030__nu0p50__psi1p00,hardzero_plus_depr,0.01,32,937,0.0,2,0.015319692,0.015319692,1.0362906,0.0,0.09198337,0.0,0.0,6.5756807e-15,-26.841475,2.279885,0.7599617,0.17600001,0.0,0.14601901,28.050228,28.080229,3001600
hardzero_plus_depr__c0p50__z1p00__lam0p030__nu0p50__psi1p00,hardzero_plus_depr,0.01,32,938,0.0,2,0.015319692,0.015319692,1.0158749,0.0,0.096410684,0.0,0.0,6.3813357e-15,-27.884855,2.2349694,0.7449898,0.16800001,0.0,0.14124362,28.080229,28.11023,3004800
hardzero_plus_depr__c0p50__z1p00__lam0p030__nu0p50__psi1p00,hardzero_plus_depr,0.01,32,939,0.0,2,0.015319692,0.015319692,0.9987369,0.100291274,0.100291274,1.0,6.210772e-16,6.192734e-15,-26.398546,2.1972651,0.73242176,0.128,0.0,0.15066731,28.11023,28.14023,3008000
hardzero_plus_depr__c0p50__z1p00__lam0p030__nu0p50__psi1p00,hardzero_plus_depr,0.01,32,940,0.0,2,0.015319692,0.015319692,1.000126,0.0,0.09997098,0.0,0.0,6.0097072e-15,-27.352642,2.2003212,0.7334404,0.16800001,0.0,0.15411319,28.14023,28.17023,3011200
hardzero_plus_depr__c0p50__z1p00__lam0p030__nu0p50__psi1p00,hardzero_plus_depr,0.01,32,941,0.0,2,0.015319692,0.015319692,0.9876059,0.102894954,0.102894954,1.0,6.000926e-16,5.83209e-15,-27.336147,2.1727765,0.72425884,0.16800001,0.0,0.1471693,28.17023,28.200232,3014400
hardzero_plus_depr__c0p50__z1p00__lam0p030__nu0p50__psi1p00,hardzero_plus_depr,0.01,32,942,0.0,2,0.015319692,0.015319692,1.0536686,0.0,0.08837539,0.0,0.0,5.6597213e-15,-28.166067,2.3181171,0.77270573,0.14400001,0.0,0.20232204,28.200232,28.230232,3017600
hardzero_plus_depr__c0p50__z1p00__lam0p030__nu0p50__psi1p00,hardzero_plus_depr,0.01,32,943,0.0,2,0.015319692,0.015319692,1.0575687,0.0,0.08758533,0.0,0.0,5.492447e-15,-27.78492,2.3266976,0.77556586,0.15200001,0.0,0.16124472,28.230232,28.260233,3020800
hardzero_plus_depr__c0p50__z1p00__lam0p030__nu0p50__psi1p00,hardzero_plus_depr,0.01,32,944,0.0,2,0.015319692,0.015319692,1.0133837,0.0,0.096965276,0.0,0.0,5.330117e-15,-27.462442,2.2294888,0.743163,0.16000001,0.0,0.16287321,28.260233,28.290234,3024000
hardzero_plus_depr__c0p50__z1p00__lam0p030__nu0p50__psi1p00,hardzero_plus_depr,0.01,32,945,0.0,2,0.015319692,0.015319692,1.0235595,0.0,0.094719745,0.0,0.0,5.1725854e-15,-27.018564,2.2518756,0.75062525,0.120000005,0.0,0.15284546,28.290234,28.320234,3027200
hardzero_plus_depr__c0p50__z1p00__lam0p030__nu0p50__psi1p00,hardzero_plus_depr,0.01,32,946,0.0,2,0.015319692,0.015319692,0.99382854,0.10143117,0.10143117,1.0,5.091549e-16,5.0197087e-15,-26.110462,2.1864665,0.7288222,0.18400002,0.0,0.17939489,28.320234,28.350235,3030400
hardzero_plus_depr__c0p50__z1p00__lam0p030__nu0p50__psi1p00,hardzero_plus_depr,0.01,32,947,0.0,2,0.015319692,0.015319692,0.9621841,0.109097764,0.109097764,1.0,5.3145346e-16,4.8713504e-15,-26.010624,2.1168473,0.70561576,0.24800001,0.0,0.15257175,28.350235,28.380236,3033600
hardzero_plus_depr__c0p50__z1p00__lam0p030__nu0p50__psi1p00,hardzero_plus_depr,0.01,32,948,0.0,2,0.015319692,0.015319692,0.9724036,0.106560536,0.106560536,1.0,5.037519e-16,4.7273773e-15,-26.594599,2.1393306,0.7131102,0.264,0.0,0.16835332,28.380236,28.410236,3036800
hardzero_plus_depr__c0p50__z1p00__lam0p030__nu0p50__psi1p00,hardzero_plus_depr,0.01,32,949,0.0,2,0.015319692,0.015319692,1.0201412,0.0,0.09546819,0.0,0.0,4.5876588e-15,-26.889414,2.2443557,0.7481186,0.08,0.0,0.15122889,28.410236,28.440237,3040000
hardzero_plus_depr__c0p50__z1p00__lam0p030__nu0p50__psi1p00,hardzero_plus_depr,0.01,32,950,0.0,2,0.015319692,0.015319692,0.9975372,0.10056869,0.10056869,1.0,4.4773886e-16,4.45207e-15,-26.717487,2.1946256,0.7315419,0.128,0.0,0.13791339,28.440237,28.470238,3043200
hardzero_plus_depr__c0p50__z1p00__lam0p030__nu0p50__psi1p00,hardzero_plus_depr,0.01,32,951,0.0,2,0.015319692,0.015319692,0.9717263,0.10672684,0.10672684,1.0,4.611121e-16,4.3204885e-15,-26.845171,2.1378405,0.7126135,0.18400002,0.0,0.14861156,28.470238,28.500238,3046400
hardzero_plus_depr__c0p50__z1p00__lam0p030__nu0p50__psi1p00,hardzero_plus_depr,0.01,32,952,0.0,2,0.015319692,0.015319692,1.0284756,0.0,0.09365358,0.0,0.0,4.1927957e-15,-27.146807,2.2626915,0.7542305,0.128,0.0,0.20818296,28.500238,28.53024,3049600
hardzero_plus_depr__c0p50__z1p00__lam0p030__nu0p50__psi1p00,hardzero_plus_depr,0.01,32,953,0.0,2,0.015319692,0.015319692,0.9923755,0.101771116,0.101771116,1.0,4.1409419e-16,4.0688773e-15,-25.898699,2.1832697,0.7277566,0.14400001,0.0,0.128921,28.53024,28.56024,3052800
hardzero_plus_depr__c0p50__z1p00__lam0p030__nu0p50__psi1p00,hardzero_plus_depr,0.01,32,954,0.0,2,0.015319692,0.015319692,0.9995131,0.10011217,0.10011217,1.0,3.9530504e-16,3.948621e-15,-27.371302,2.1989727,0.7329909,0.224,0.0,0.16659772,28.56024,28.59024,3056000
hardzero_plus_depr__c0p50__z1p00__lam0p030__nu0p50__psi1p00,hardzero_plus_depr,0.01,32,955,0.0,2,0.015319692,0.015319692,0.9591259,0.109868735,0.109868735,1.0,4.210081e-16,3.831919e-15,-27.531067,2.110119,0.7033731,0.23200001,0.0,0.14538392,28.59024,28.620241,3059200
hardzero_plus_depr__c0p50__z1p00__lam0p030__nu0p50__psi1p00,hardzero_plus_depr,0.01,32,956,0.0,2,0.015319692,0.015319692,1.0199647,0.0,0.09550702,0.0,0.0,3.718666e-15,-26.8024,2.243967,0.74798906,0.120000005,0.0,0.1531078,28.620241,28.650242,3062400
hardzero_plus_depr__c0p50__z1p00__lam0p030__nu0p50__psi1p00,hardzero_plus_depr,0.01,32,957,0.0,2,0.015319692,0.015319692,0.94705325,0.11296573,0.11296573,1.0,4.0766624e-16,3.60876e-15,-26.210388,2.0835588,0.69451964,0.192,0.0,0.11934939,28.650242,28.680243,3065600
hardzero_plus_depr__c0p50__z1p00__lam0p030__nu0p50__psi1p00,hardzero_plus_depr,0.01,32,958,0.0,2,0.015319692,0.015319692,1.0173692,0.0,0.09607952,0.0,0.0,3.502103e-15,-27.788986,2.238257,0.74608564,0.128,0.0,0.15903457,28.680243,28.710243,3068800
hardzero_plus_depr__c0p50__z1p00__lam0p030__nu0p50__psi1p00,hardzero_plus_depr,0.01,32,959,0.0,2,0.015319692,0.015319692,0.98815125,0.10276583,0.10276583,1.0,3.4925974e-16,3.3985982e-15,-26.619968,2.1739762,0.7246587,0.14400001,0.0,0.15343374,28.710243,28.740244,3072000
hardzero_plus_depr__c0p50__z1p00__lam0p030__nu0p50__psi1p00,hardzero_plus_depr,0.01,32,960,0.0,2,0.015319692,0.015319692,1.0604326,0.0,0.08700965,0.0,0.0,3.298152e-15,-28.425173,2.3329983,0.7776661,0.15200001,0.0,0.1804479,28.740244,28.770245,3075200
hardzero_plus_depr__c0p50__z1p00__lam0p030__nu0p50__psi1p00,hardzero_plus_depr,0.01,32,961,0.0,2,0.015319692,0.015319692,1.0619507,0.0,0.08670602,0.0,0.0,3.2006745e-15,-28.686462,2.336338,0.7787794,0.112,0.0,0.16469578,28.770245,28.800245,3078400
hardzero_plus_depr__c0p50__z1p00__lam0p030__nu0p50__psi1p00,hardzero_plus_depr,0.01,32,962,0.0,2,0.015319692,0.015319692,1.0320698,0.0,0.0928817,0.0,0.0,3.106078e-15,-26.750244,2.270599,0.75686634,0.16,0.0,0.13270402,28.800245,28.830246,3081600
hardzero_plus_depr__c0p50__z1p00__lam0p030__nu0p50__psi1p00,hardzero_plus_depr,0.01,32,963,0.0,2,0.015319692,0.015319692,1.0061722,0.0,0.098588854,0.0,0.0,3.0142777e-15,-27.238653,2.213623,0.7378744,0.2,0.0,0.1767156,28.830246,28.860247,3084800
hardzero_plus_depr__c0p50__z1p00__lam0p030__nu0p50__psi1p00,hardzero_plus_depr,0.01,32,964,0.0,2,0.015319692,0.015319692,0.98159736,0.10432842,0.10432842,1.0,3.0518047e-16,2.9251902e-15,-27.674835,2.1595573,0.71985245,0.14400001,0.0,0.13013196,28.860247,28.890247,3088000
hardzero_plus_depr__c0p50__z1p00__lam0p030__nu0p50__psi1p00,hardzero_plus_depr,0.01,32,965,0.0,2,0.015319692,0.015319692,0.98130226,0.10439934,0.10439934,1.0,2.9636214e-16,2.8387358e-15,-26.551245,2.1589081,0.7196361,0.14400001,0.0,0.12868233,28.890247,28.920248,3091200
hardzero_plus_depr__c0p50__z1p00__lam0p030__nu0p50__psi1p00,hardzero_plus_depr,0.01,32,966,0.0,2,0.015319692,0.015319692,0.9819379,0.10424664,0.10424664,1.0,2.8718244e-16,2.7548366e-15,-26.198559,2.1603065,0.7201022,0.208,0.0,0.15886979,28.920248,28.950249,3094400
hardzero_plus_depr__c0p50__z1p00__lam0p030__nu0p50__psi1p00,hardzero_plus_depr,0.01,32,967,0.0,2,0.015319692,0.015319692,0.9587877,0.10995433,0.10995433,1.0,2.9395378e-16,2.673417e-15,-26.158415,2.109375,0.703125,0.216,0.0,0.14200152,28.950249,28.98025,3097600
hardzero_plus_depr__c0p50__z1p00__lam0p030__nu0p50__psi1p00,hardzero_plus_depr,0.01,32,968,0.0,2,0.015319692,0.015319692,0.9672571,0.10783082,0.10783082,1.0,2.7975672e-16,2.594404e-15,-25.829594,2.1280081,0.70933604,0.15200001,0.0,0.12774463,28.98025,29.01025,3100800
hardzero_plus_depr__c0p50__z1p00__lam0p030__nu0p50__psi1p00,hardzero_plus_depr,0.01,32,969,0.0,2,0.015319692,0.015319692,0.97757894,0.10529822,0.10529822,1.0,2.6511205e-16,2.5177258e-15,-26.647781,2.1507165,0.71690553,0.17600001,0.0,0.16032489,29.01025,29.04025,3104000
hardzero_plus_depr__c0p50__z1p00__lam0p030__nu0p50__psi1p00,hardzero_plus_depr,0.01,32,970,0.0,2,0.015319692,0.015319692,0.9946396,0.10124194,0.10124194,1.0,2.473659e-16,2.4433144e-15,-26.565119,2.1882508,0.72941697,0.192,0.0,0.17185217,29.04025,29.070251,3107200
hardzero_plus_depr__c0p50__z1p00__lam0p030__nu0p50__psi1p00,hardzero_plus_depr,0.01,32,971,0.0,2,0.015319692,0.015319692,0.95988417,0.10967706,0.10967706,1.0,2.6005547e-16,2.3711019e-15,-26.220253,2.1117873,0.7039291,0.15200001,0.0,0.14026442,29.070251,29.100252,3110400
hardzero_plus_depr__c0p50__z1p00__lam0p030__nu0p50__psi1p00,hardzero_plus_depr,0.01,32,972,0.0,2,0.015319692,0.015319692,0.9875962,0.10289726,0.10289726,1.0,2.36769e-16,2.3010234e-15,-27.04567,2.172755,0.7242517,0.18400002,0.0,0.15225616,29.100252,29.130253,3113600
hardzero_plus_depr__c0p50__z1p00__lam0p030__nu0p50__psi1p00,hardzero_plus_depr,0.01,32,973,0.0,2,0.015319692,0.015319692,1.0190133,0.0,0.095716484,0.0,0.0,2.2330164e-15,-26.914938,2.241874,0.7472913,0.15200001,0.0,0.14319074,29.130253,29.160254,3116800
hardzero_plus_depr__c0p50__z1p00__lam0p030__nu0p50__psi1p00,hardzero_plus_depr,0.01,32,974,0.0,2,0.015319692,0.015319692,1.0446906,0.0,0.09022137,0.0,0.0,2.1670194e-15,-27.351633,2.2983654,0.7661218,0.128,0.0,0.18356338,29.160254,29.190254,3120000
hardzero_plus_depr__c0p50__z1p00__lam0p030__nu0p50__psi1p00,hardzero_plus_depr,0.01,32,975,0.0,2,0.015319692,0.015319692,1.0760484,0.0,0.08393663,0.0,0.0,2.1029727e-15,-29.073675,2.3673537,0.78911793,0.13,0.0,0.19259542,29.190254,29.220255,3123200
hardzero_plus_depr__c0p50__z1p00__lam0p030__nu0p50__psi1p00,hardzero_plus_depr,0.01,32,976,0.0,2,0.015319692,0.015319692,0.9948919,0.10118314,0.10118314,1.0,2.0649651e-16,2.0408194e-15,-26.998943,2.1888058,0.729602,0.112,0.0,0.13536608,29.220255,29.250256,3126400
hardzero_plus_depr__c0p50__z1p00__lam0p030__nu0p50__psi1p00,hardzero_plus_depr,0.01,32,977,0.0,2,0.015319692,0.015319692,1.0088052,0.0,0.09799295,0.0,0.0,1.9805026e-15,-27.131142,2.2194157,0.7398052,0.14400001,0.0,0.15250291,29.250256,29.280256,3129600
hardzero_plus_depr__c0p50__z1p00__lam0p030__nu0p50__psi1p00,hardzero_plus_depr,0.01,32,978,0.0,2,0.015319692,0.015319692,0.96719533,0.10784615,0.10784615,1.0,2.072769e-16,1.9219686e-15,-26.04931,2.1278722,0.70929074,0.14400001,0.0,0.13767804,29.280256,29.310257,3132800
hardzero_plus_depr__c0p50__z1p00__lam0p030__nu0p50__psi1p00,hardzero_plus_depr,0.01,32,979,0.0,2,0.015319692,0.015319692,1.0149263,0.0,0.09662148,0.0,0.0,1.8651646e-15,-26.788454,2.2328825,0.74429417,0.14400001,0.0,0.14613399,29.310257,29.340258,3136000
hardzero_plus_depr__c0p50__z1p00__lam0p030__nu0p50__psi1p00,hardzero_plus_depr,0.01,32,980,0.0,2,0.015319692,0.015319692,1.0719427,0.0,0.08473392,0.0,0.0,1.8100393e-15,-27.925583,2.358321,0.786107,0.15200001,0.0,0.1693026,29.340258,29.370258,3139200
hardzero_plus_depr__c0p50__z1p00__lam0p030__nu0p50__psi1p00,hardzero_plus_depr,0.01,32,981,0.0,2,0.015319692,0.015319692,1.038505,0.0,0.09151558,0.0,0.0,1.7565434e-15,-28.284615,2.2847564,0.7615855,0.16000001,0.0,0.18594906,29.370258,29.400259,3142400
hardzero_plus_depr__c0p50__z1p00__lam0p030__nu0p50__psi1p00,hardzero_plus_depr,0.01,32,982,0.0,2,0.015319692,0.015319692,1.0148102,0.0,0.096647315,0.0,0.0,1.7046284e-15,-27.157726,2.2326272,0.74420905,0.15200001,0.0,0.15211932,29.400259,29.43026,3145600
hardzero_plus_depr__c0p50__z1p00__lam0p030__nu0p50__psi1p00,hardzero_plus_depr,0.01,32,983,0.0,2,0.015319692,0.015319692,1.0012388,0.0,0.09971516,0.0,0.0,1.6542478e-15,-26.532444,2.2027695,0.7342565,0.15200001,0.0,0.15341006,29.43026,29.46026,3148800
hardzero_plus_depr__c0p50__z1p00__lam0p030__nu0p50__psi1p00,hardzero_plus_depr,0.01,32,984,0.0,2,0.015319692,0.015319692,1.039189,0.0,0.09137155,0.0,0.0,1.6053565e-15,-28.60786,2.2862613,0.7620871,0.16000001,0.0,0.18906939,29.46026,29.490261,3152000
hardzero_plus_depr__c0p50__z1p00__lam0p030__nu0p50__psi1p00,hardzero_plus_depr,0.01,32,985,0.0,2,0.015319692,0.015319692,0.9965072,0.10080747,0.10080747,1.0,1.5704896e-16,1.5579099e-15,-26.920837,2.1923597,0.73078656,0.16800001,0.0,0.13937312,29.490261,29.520262,3155200
hardzero_plus_depr__c0p50__z1p00__lam0p030__nu0p50__psi1p00,hardzero_plus_depr,0.01,32,986,0.0,2,0.015319692,0.015319692,0.98750854,0.102918014,0.102918014,1.0,1.5559819e-16,1.5118655e-15,-26.229557,2.1725621,0.7241874,0.17600001,0.0,0.13697296,29.520262,29.550262,3158400
hardzero_plus_depr__c0p50__z1p00__lam0p030__nu0p50__psi1p00,hardzero_plus_depr,0.01,32,987,0.0,2,0.015319692,0.015319692,1.0143164,0.0,0.09675726,0.0,0.0,1.4671823e-15,-26.458334,2.2315407,0.7438469,0.104,0.0,0.14423068,29.550262,29.580263,3161600
hardzero_plus_depr__c0p50__z1p00__lam0p030__nu0p50__psi1p00,hardzero_plus_depr,0.01,32,988,0.0,2,0.015319692,0.015319692,0.99082506,0.10213507,0.10213507,1.0,1.454219e-16,1.4238195e-15,-26.343096,2.1798587,0.7266196,0.13,0.0,0.16463752,29.580263,29.610264,3164800
hardzero_plus_depr__c0p50__z1p00__lam0p030__nu0p50__psi1p00,hardzero_plus_depr,0.01,32,989,0.0,2,0.015319692,0.015319692,1.0876805,0.0,0.08171835,0.0,0.0,1.3817383e-15,-29.402502,2.3929448,0.7976483,0.128,0.0,0.20760816,29.610264,29.640265,3168000
hardzero_plus_depr__c0p50__z1p00__lam0p030__nu0p50__psi1p00,hardzero_plus_depr,0.01,32,990,0.0,2,0.015319692,0.015319692,0.96995366,0.10716336,0.10716336,1.0,1.4369546e-16,1.340901e-15,-26.939157,2.1339407,0.7113136,0.15200001,0.0,0.14895989,29.640265,29.670265,3171200
hardzero_plus_depr__c0p50__z1p00__lam0p030__nu0p50__psi1p00,hardzero_plus_depr,0.01,32,991,0.0,2,0.015319692,0.015319692,1.0090507,0.0,0.09793755,0.0,0.0,1.3012704e-15,-27.726673,2.219956,0.73998535,0.18400002,0.0,0.15646681,29.670265,29.700266,3174400
hardzero_plus_depr__c0p50__z1p00__lam0p030__nu0p50__psi1p00,hardzero_plus_depr,0.01,32,992,0.0,2,0.015319692,0.015319692,1.0031872,0.0,0.0992688,0.0,0.0,1.2628111e-15,-26.746216,2.2070558,0.7356853,0.128,0.008,0.14158982,29.700266,29.730267,3177600
hardzero_plus_depr__c0p50__z1p00__lam0p030__nu0p50__psi1p00,hardzero_plus_depr,0.01,32,993,0.0,2,0.015319692,0.015319692,0.9584438,0.11004142,0.11004142,1.0,1.348545e-16,1.2254886e-15,-26.237602,2.1086185,0.7028729,0.14400001,0.0,0.14429882,29.730267,29.760267,3180800
hardzero_plus_depr__c0p50__z1p00__lam0p030__nu0p50__psi1p00,hardzero_plus_depr,0.01,32,994,0.0,2,0.015319692,0.015319692,1.031888,0.0,0.0929206,0.0,0.0,1.1892691e-15,-27.73224,2.270199,0.75673306,0.192,0.0,0.14954409,29.760267,29.790268,3184000
hardzero_plus_depr__c0p50__z1p00__lam0p030__nu0p50__psi1p00,hardzero_plus_depr,0.01,32,995,0.0,2,0.015319692,0.015319692,0.9764418,0.105574295,0.105574295,1.0,1.2184541e-16,1.1541201e-15,-25.39235,2.1482148,0.7160716,0.24800001,0.0,0.14152232,29.790268,29.820269,3187200
hardzero_plus_depr__c0p50__z1p00__lam0p030__nu0p50__psi1p00,hardzero_plus_depr,0.01,32,996,0.0,2,0.015319692,0.015319692,0.9714623,0.10679175,0.10679175,1.0,1.1960782e-16,1.1200099e-15,-26.79796,2.1372597,0.7124199,0.2,0.0,0.15596646,29.820269,29.85027,3190400
hardzero_plus_depr__c0p50__z1p00__lam0p030__nu0p50__psi1p00,hardzero_plus_depr,0.01,32,997,0.0,2,0.015319692,0.015319692,1.0418001,0.0,0.09082384,0.0,0.0,1.0869079e-15,-28.245256,2.292006,0.764002,0.104,0.0,0.1518723,29.85027,29.88027,3193600
hardzero_plus_depr__c0p50__z1p00__lam0p030__nu0p50__psi1p00,hardzero_plus_depr,0.01,32,998,0.0,2,0.015319692,0.015319692,0.9393813,0.11497904,0.11497904,1.0,1.2127807e-16,1.0547842e-15,-25.28186,2.0666802,0.68889344,0.15200001,0.0,0.1252904,29.88027,29.91027,3196800
hardzero_plus_depr__c0p50__z1p00__lam0p030__nu0p50__psi1p00,hardzero_plus_depr,0.01,32,999,0.0,2,0.015319692,0.015319692,1.0001726,0.0,0.09996026,0.0,0.0,1.0236099e-15,-26.886053,2.2004237,0.7334746,0.16800001,0.0,0.17988004,29.91027,29.940271,3200000
hardzero_plus_depr__c0p50__z1p00__lam0p030__nu0p50__psi1p00,hardzero_plus_depr,0.01,32,1000,0.0,2,0.015319692,0.015319692,0.97871363,0.10502346,0.10502346,1.0,1.0432578e-16,9.933569e-16,-25.807001,2.153213,0.7177377,0.2,0.0,0.14257841,29.940271,29.970272,3203200
hardzero_plus_depr__c0p50__z1p00__lam0p030__nu0p50__psi1p00,hardzero_plus_depr,0.01,32,1001,0.0,2,0.015319692,0.015319692,0.9846558,0.103596285,0.103596285,1.0,9.986663e-17,9.639981e-16,-26.883535,2.166286,0.7220954,0.19999999,0.0,0.15152971,29.970272,30.000273,3206400
hardzero_plus_depr__c0p50__z1p00__lam0p030__nu0p50__psi1p00,hardzero_plus_depr,0.01,32,1002,0.0,2,0.015319692,0.015319692,1.0078044,0.0,0.098219015,0.0,0.0,9.355071e-16,-26.466057,2.2172139,0.7390713,0.14400001,0.0,0.13574764,30.000273,30.030273,3209600
hardzero_plus_depr__c0p50__z1p00__lam0p030__nu0p50__psi1p00,hardzero_plus_depr,0.01,32,1003,0.0,2,0.015319692,0.015319692,1.045669,0.0,0.09001835,0.0,0.0,9.078581e-16,-27.416765,2.3005176,0.7668392,0.15200001,0.0,0.14881963,30.030273,30.060274,3212800
hardzero_plus_depr__c0p50__z1p00__lam0p030__nu0p50__psi1p00,hardzero_plus_depr,0.01,32,1004,0.0,2,0.015319692,0.015319692,0.98115975,0.10443359,0.10443359,1.0,9.200873e-17,8.810262e-16,-26.619707,2.1585946,0.71953154,0.15200001,0.0,0.15331046,30.060274,30.090275,3216000
hardzero_plus_depr__c0p50__z1p00__lam0p030__nu0p50__psi1p00,hardzero_plus_depr,0.01,32,1005,0.0,2,0.015319692,0.015319692,1.0473934,0.0,0.089661606,0.0,0.0,8.549874e-16,-27.902838,2.3043115,0.76810384,0.136,0.0,0.13130964,30.090275,30.120275,3219200
hardzero_plus_depr__c0p50__z1p00__lam0p030__nu0p50__psi1p00,hardzero_plus_depr,0.01,32,1006,0.0,2,0.015319692,0.015319692,0.99452484,0.10126869,0.10126869,1.0,8.402445e-17,8.29718e-16,-26.267702,2.1879983,0.7293328,0.15200001,0.0,0.13422637,30.120275,30.150276,3222400
hardzero_plus_depr__c0p50__z1p00__lam0p030__nu0p50__psi1p00,hardzero_plus_depr,0.01,32,1007,0.0,2,0.015319692,0.015319692,1.01078,0.0,0.09754837,0.0,0.0,8.0519566e-16,-27.990541,2.2237604,0.7412535,0.136,0.0,0.15259133,30.150276,30.180277,3225600
hardzero_plus_depr__c0p50__z1p00__lam0p030__nu0p50__psi1p00,hardzero_plus_depr,0.01,32,1008,0.0,2,0.015319692,0.015319692,0.9615886,0.10924746,0.10924746,1.0,8.536574e-17,7.8139795e-16,-25.470142,2.1155372,0.7051791,0.16800001,0.0,0.11848374,30.180277,30.210278,3228800
hardzero_plus_depr__c0p50__z1p00__lam0p030__nu0p50__psi1p00,hardzero_plus_depr,0.01,32,1009,0.0,2,0.015319692,0.015319692,0.96994793,0.10716477,0.10716477,1.0,8.1263434e-17,7.5830365e-16,-27.06255,2.133928,0.7113094,0.18400002,0.0,0.17786802,30.210278,30.240278,3232000
hardzero_plus_depr__c0p50__z1p00__lam0p030__nu0p50__psi1p00,hardzero_plus_depr,0.01,32,1010,0.0,2,0.015319692,0.015319692,0.94959486,0.112306565,0.112306565,1.0,8.2645494e-17,7.358919e-16,-25.268055,2.0891504,0.6963835,0.28,0.0,0.12875834,30.240278,30.270279,3235200
hardzero_plus_depr__c0p50__z1p00__lam0p030__nu0p50__psi1p00,hardzero_plus_depr,0.01,32,1011,0.0,2,0.015319692,0.015319692,0.9963385,0.100846656,0.100846656,1.0,7.2018884e-17,7.141425e-16,-26.756943,2.1919885,0.7306628,0.16000001,0.0,0.13099143,30.270279,30.30028,3238400
hardzero_plus_depr__c0p50__z1p00__lam0p030__nu0p50__psi1p00,hardzero_plus_depr,0.01,32,1012,0.0,2,0.015319692,0.015319692,0.9596427,0.10973805,0.10973805,1.0,7.6052415e-17,6.9303595e-16,-25.221992,2.1112561,0.70375204,0.192,0.0,0.12752669,30.30028,30.33028,3241600
hardzero_plus_depr__c0p50__z1p00__lam0p030__nu0p50__psi1p00,hardzero_plus_depr,0.01,32,1013,0.0,2,0.015319692,0.015319692,1.0269132,0.0,0.09399113,0.0,0.0,6.7255316e-16,-26.686975,2.259254,0.75308466,0.128,0.0,0.15761729,30.33028,30.360281,3244800
hardzero_plus_depr__c0p50__z1p00__lam0p030__nu0p50__psi1p00,hardzero_plus_depr,0.01,32,1014,0.0,2,0.015319692,0.015319692,0.95797664,0.11015986,0.11015986,1.0,7.189867e-17,6.526758e-16,-26.635899,2.1075907,0.70253026,0.19,0.0,0.15162793,30.360281,30.390282,3248000
hardzero_plus_depr__c0p50__z1p00__lam0p030__nu0p50__psi1p00,hardzero_plus_depr,0.01,32,1015,0.0,2,0.015319692,0.015319692,0.9964724,0.10081555,0.10081555,1.0,6.385515e-17,6.333859e-16,-26.560959,2.1922832,0.73076105,0.18400002,0.0,0.15515625,30.390282,30.420282,3251200
hardzero_plus_depr__c0p50__z1p00__lam0p030__nu0p50__psi1p00,hardzero_plus_depr,0.01,32,1016,0.0,2,0.015319692,0.015319692,0.9928336,0.101663806,0.101663806,1.0,6.2489287e-17,6.1466603e-16,-26.963053,2.1842775,0.72809255,0.216,0.0,0.15316544,30.420282,30.450283,3254400
hardzero_plus_depr__c0p50__z1p00__lam0p030__nu0p50__psi1p00,hardzero_plus_depr,0.01,32,1017,0.0,2,0.015319692,0.015319692,1.0148208,0.0,0.09664494,0.0,0.0,5.964995e-16,-26.855762,2.2326503,0.7442168,0.112,0.0,0.14471269,30.450283,30.480284,3257600
hardzero_plus_depr__c0p50__z1p00__lam0p030__nu0p50__psi1p00,hardzero_plus_depr,0.01,32,1018,0.0,2,0.015319692,0.015319692,0.994576,0.101256765,0.101256765,1.0,5.8614495e-17,5.788699e-16,-27.03831,2.1881108,0.7293703,0.16000001,0.0,0.15694384,30.480284,30.510284,3260800
hardzero_plus_depr__c0p50__z1p00__lam0p030__nu0p50__psi1p00,hardzero_plus_depr,0.01,32,1019,0.0,2,0.015319692,0.015319692,0.98903924,0.102555916,0.102555916,1.0,5.7611945e-17,5.617613e-16,-26.549232,2.1759298,0.72530997,0.16800001,0.0,0.15570123,30.510284,30.540285,3264000
hardzero_plus_depr__c0p50__z1p00__lam0p030__nu0p50__psi1p00,hardzero_plus_depr,0.01,32,1020,0.0,2,0.015319692,0.015319692,0.99725705,0.10063359,0.10063359,1.0,5.486125e-17,5.451584e-16,-26.804258,2.1940093,0.7313365,0.2,0.0,0.18000124,30.540285,30.570286,3267200
hardzero_plus_depr__c0p50__z1p00__lam0p030__nu0p50__psi1p00,hardzero_plus_depr,0.01,32,1021,0.0,2,0.015319692,0.015319692,0.99270636,0.1016936,0.1016936,1.0,5.3800608e-17,5.2904614e-16,-26.772165,2.1839976,0.7279992,0.216,0.0,0.19890943,30.570286,30.600286,3270400
hardzero_plus_depr__c0p50__z1p00__lam0p030__nu0p50__psi1p00,hardzero_plus_depr,0.01,32,1022,0.0,2,0.015319692,0.015319692,0.9652381,0.1083333,0.1083333,1.0,5.561941e-17,5.134101e-16,-25.927662,2.1235662,0.7078554,0.17600001,0.0,0.14324194,30.600286,30.630287,3273600
hardzero_plus_depr__c0p50__z1p00__lam0p030__nu0p50__psi1p00,hardzero_plus_depr,0.01,32,1023,0.0,2,0.015319692,0.015319692,0.95571214,0.11073576,0.11073576,1.0,5.5172566e-17,4.982362e-16,-25.985136,2.1026087,0.70086956,0.208,0.0,0.12189807,30.630287,30.660288,3276800
hardzero_plus_depr__c0p50__z1p00__lam0p030__nu0p50__psi1p00,hardzero_plus_depr,0.01,32,1024,0.0,2,0.015319692,0.015319692,0.98184097,0.10426991,0.10426991,1.0,5.0415623e-17,4.8351076e-16,-26.862204,2.1600933,0.72003114,0.128,0.0,0.15693465,30.660288,30.690289,3280000
hardzero_plus_depr__c0p50__z1p00__lam0p030__nu0p50__psi1p00,hardzero_plus_depr,0.01,32,1025,0.0,2,0.015319692,0.015319692,0.955406,0.11081383,0.11081383,1.0,5.1996127e-17,4.6922057e-16,-25.86695,2.1019351,0.7006451,0.208,0.0,0.12473781,30.690289,30.72029,3283200
hardzero_plus_depr__c0p50__z1p00__lam0p030__nu0p50__psi1p00,hardzero_plus_depr,0.01,32,1026,0.0,2,0.015319692,0.015319692,1.0018293,0.0,0.09957966,0.0,0.0,4.553527e-16,-26.749596,2.2040684,0.7346895,0.18400002,0.0,0.22658318,30.72029,30.75029,3286400
hardzero_plus_depr__c0p50__z1p00__lam0p030__nu0p50__psi1p00,hardzero_plus_depr,0.01,32,1027,0.0,2,0.015319692,0.015319692,1.0164073,0.0,0.096292555,0.0,0.0,4.4189468e-16,-26.853237,2.2361405,0.74538016,0.19999999,0.0,0.16716374,30.75029,30.78029,3289600
hardzero_plus_depr__c0p50__z1p00__lam0p030__nu0p50__psi1p00,hardzero_plus_depr,0.01,32,1028,0.0,2,0.015319692,0.015319692,0.96912706,0.10736752,0.10736752,1.0,4.6042888e-17,4.288344e-16,-26.363972,2.132122,0.71070737,0.16800001,0.008,0.15123424,30.78029,30.810291,3292800
hardzero_plus_depr__c0p50__z1p00__lam0p030__nu0p50__psi1p00,hardzero_plus_depr,0.01,32,1029,0.0,2,0.015319692,0.015319692,0.97859704,0.10505166,0.10505166,1.0,4.3718315e-17,4.1616015e-16,-27.086731,2.1529565,0.7176522,0.17600001,0.0,0.16238272,30.810291,30.840292,3296000
hardzero_plus_depr__c0p50__z1p00__lam0p030__nu0p50__psi1p00,hardzero_plus_depr,0.01,32,1030,0.0,2,0.015319692,0.015319692,0.9895276,0.10244067,0.10244067,1.0,4.137174e-17,4.038605e-16,-26.656887,2.177004,0.7256681,0.2,0.0,0.15805435,30.840292,30.870293,3299200
hardzero_plus_depr__c0p50__z1p00__lam0p030__nu0p50__psi1p00,hardzero_plus_depr,0.01,32,1031,0.0,2,0.015319692,0.015319692,1.0142668,0.0,0.09676829,0.0,0.0,3.9192434e-16,-27.368837,2.2314317,0.7438106,0.2,0.0,0.16253792,30.870293,30.900293,3302400
hardzero_plus_depr__c0p50__z1p00__lam0p030__nu0p50__psi1p00,hardzero_plus_depr,0.01,32,1032,0.0,2,0.015319692,0.015319692,1.0581487,0.0,0.0874684,0.0,0.0,3.8034095e-16,-27.274132,2.3279738,0.7759913,0.16800001,0.0,0.13322304,30.900293,30.930294,3305600
hardzero_plus_depr__c0p50__z1p00__lam0p030__nu0p50__psi1p00,hardzero_plus_depr,0.01,32,1033,0.0,2,0.015319692,0.015319692,1.0218102,0.0,0.09510204,0.0,0.0,3.6909993e-16,-28.281712,2.2480273,0.74934244,0.17600001,0.0,0.1479733,30.930294,30.960295,3308800
hardzero_plus_depr__c0p50__z1p00__lam0p030__nu0p50__psi1p00,hardzero_plus_depr,0.01,32,1034,0.0,2,0.015319692,0.015319692,0.99953747,0.10010656,0.10010656,1.0,3.5857284e-17,3.5819115e-16,-26.634445,2.1990263,0.7330088,0.16000001,0.0,0.15687932,30.960295,30.990295,3312000
hardzero_plus_depr__c0p50__z1p00__lam0p030__nu0p50__psi1p00,hardzero_plus_depr,0.01,32,1035,0.0,2,0.015319692,0.015319692,0.9919892,0.10186166,0.10186166,1.0,3.5407602e-17,3.4760477e-16,-26.728567,2.1824198,0.72747326,0.2,0.0,0.16601555,30.990295,31.020296,3315200
hardzero_plus_depr__c0p50__z1p00__lam0p030__nu0p50__psi1p00,hardzero_plus_depr,0.01,32,1036,0.0,2,0.015319692,0.015319692,0.9845447,0.10362279,0.10362279,1.0,3.4955203e-17,3.3733124e-16,-26.000072,2.1660416,0.7220139,0.120000005,0.0,0.13959718,31.020296,31.050297,3318400
hardzero_plus_depr__c0p50__z1p00__lam0p030__nu0p50__psi1p00,hardzero_plus_depr,0.01,32,1037,0.0,2,0.015319692,0.015319692,1.0120661,0.0,0.097259894,0.0,0.0,3.273614e-16,-27.045744,2.22659,0.7421967,0.17600001,0.0,0.14210989,31.050297,31.080297,3321600
hardzero_plus_depr__c0p50__z1p00__lam0p030__nu0p50__psi1p00,hardzero_plus_depr,0.01,32,1038,0.0,2,0.015319692,0.015319692,0.9539494,0.111186124,0.111186124,1.0,3.532229e-17,3.1768614e-16,-26.552744,2.0987306,0.69957685,0.224,0.0,0.13909796,31.080297,31.110298,3324800
hardzero_plus_depr__c0p50__z1p00__lam0p030__nu0p50__psi1p00,hardzero_plus_depr,0.01,32,1039,0.0,2,0.015319692,0.015319692,1.0072999,0.0,0.09833317,0.0,0.0,3.082969e-16,-27.075233,2.216104,0.73870134,0.18400002,0.0,0.14577192,31.110298,31.140299,3328000
hardzero_plus_depr__c0p50__z1p00__lam0p030__nu0p50__psi1p00,hardzero_plus_depr,0.01,32,1040,0.0,2,0.015319692,0.015319692,0.93518555,0.11609524,0.11609524,1.0,3.473397e-17,2.9918514e-16,-26.380129,2.0574493,0.68581647,0.13,0.0,0.14584076,31.140299,31.1703,3331200
hardzero_plus_depr__c0p50__z1p00__lam0p030__nu0p50__psi1p00,hardzero_plus_depr,0.01,32,1041,0.0,2,0.015319692,0.015319692,0.9913125,0.10202052,0.10202052,1.0,2.962091e-17,2.903427e-16,-26.677753,2.180931,0.72697705,0.192,0.0,0.1403361,31.1703,31.2003,3334400
hardzero_plus_depr__c0p50__z1p00__lam0p030__nu0p50__psi1p00,hardzero_plus_depr,0.01,32,1042,0.0,2,0.015319692,0.015319692,1.0000342,0.0,0.099992126,0.0,0.0,2.8176157e-16,-26.945982,2.2001193,0.7333731,0.112,0.0,0.13899964,31.2003,31.2303,3337600
hardzero_plus_depr__c0p50__z1p00__lam0p030__nu0p50__psi1p00,hardzero_plus_depr,0.01,32,1043,0.0,2,0.015319692,0.015319692,1.0574104,0.0,0.087617256,0.0,0.0,2.7343407e-16,-28.05695,2.3263493,0.77544975,0.120000005,0.0,0.15288334,31.2303,31.260302,3340800
hardzero_plus_depr__c0p50__z1p00__lam0p030__nu0p50__psi1p00,hardzero_plus_depr,0.01,32,1044,0.0,2,0.015319692,0.015319692,1.0072376,0.0,0.09834731,0.0,0.0,2.653527e-16,-26.78217,2.215967,0.7386557,0.224,0.0,0.16180995,31.260302,31.290302,3344000
hardzero_plus_depr__c0p50__z1p00__lam0p030__nu0p50__psi1p00,hardzero_plus_depr,0.01,32,1045,0.0,2,0.015319692,0.015319692,1.0347246,0.0,0.09231567,0.0,0.0,2.5751017e-16,-27.272427,2.2764397,0.75881326,0.128,0.0,0.1434696,31.290302,31.320303,3347200
hardzero_plus_depr__c0p50__z1p00__lam0p030__nu0p50__psi1p00,hardzero_plus_depr,0.01,32,1046,0.0,2,0.015319692,0.015319692,1.0157129,0.0,0.09644664,0.0,0.0,2.4989942e-16,-27.192598,2.234613,0.744871,0.14400001,0.0,0.14576715,31.320303,31.350304,3350400
hardzero_plus_depr__c0p50__z1p00__lam0p030__nu0p50__psi1p00,hardzero_plus_depr,0.01,32,1047,0.0,2,0.015319692,0.015319692,1.0453259,0.0,0.090089485,0.0,0.0,2.425136e-16,-28.460835,2.299763,0.7665877,0.224,0.0,0.17904669,31.350304,31.380304,3353600
hardzero_plus_depr__c0p50__z1p00__lam0p030__nu0p50__psi1p00,hardzero_plus_depr,0.01,32,1048,0.0,2,0.015319692,0.015319692,0.9967233,0.10075735,0.10075735,1.0,2.371285e-17,2.353461e-16,-27.190632,2.192835,0.73094505,0.15200001,0.0,0.15899704,31.380304,31.410305,3356800
hardzero_plus_depr__c0p50__z1p00__lam0p030__nu0p50__psi1p00,hardzero_plus_depr,0.01,32,1049,0.0,2,0.015319692,0.015319692,1.0197868,0.0,0.09554614,0.0,0.0,2.283904e-16,-27.301123,2.2435758,0.74785864,0.17600001,0.0,0.14638986,31.410305,31.440306,3360000
hardzero_plus_depr__c0p50__z1p00__lam0p030__nu0p50__psi1p00,hardzero_plus_depr,0.01,32,1050,0.0,2,0.015319692,0.015319692,1.0118409,0.0,0.09731035,0.0,0.0,2.2164029e-16,-27.109188,2.2260945,0.7420315,0.16000001,0.0,0.1299473,31.440306,31.470306,3363200
hardzero_plus_depr__c0p50__z1p00__lam0p030__nu0p50__psi1p00,hardzero_plus_depr,0.01,32,1051,0.0,2,0.015319692,0.015319692,0.9972331,0.100639135,0.100639135,1.0,2.164644e-17,2.1508968e-16,-26.872286,2.1939566,0.7313189,0.15200001,0.0,0.1436998,31.470306,31.500307,3366400
hardzero_plus_depr__c0p50__z1p00__lam0p030__nu0p50__psi1p00,hardzero_plus_depr,0.01,32,1052,0.0,2,0.015319692,0.015319692,1.016649,0.0,0.09623897,0.0,0.0,2.0873267e-16,-26.941822,2.2366724,0.7455575,0.18400002,0.0,0.14355609,31.500307,31.530308,3369600
hardzero_plus_depr__c0p50__z1p00__lam0p030__nu0p50__psi1p00,hardzero_plus_depr,0.01,32,1053,0.0,2,0.015319692,0.015319692,1.0013564,0.0,0.09968818,0.0,0.0,2.0256355e-16,-26.980244,2.203028,0.7343427,0.19,0.0,0.14694609,31.530308,31.560308,3372800
hardzero_plus_depr__c0p50__z1p00__lam0p030__nu0p50__psi1p00,hardzero_plus_depr,0.01,32,1054,0.0,2,0.015319692,0.015319692,1.0128586,0.0,0.09708259,0.0,0.0,1.9657676e-16,-26.842081,2.2283335,0.7427778,0.2,0.0,0.15561076,31.560308,31.59031,3376000
hardzero_plus_depr__c0p50__z1p00__lam0p030__nu0p50__psi1p00,hardzero_plus_depr,0.01,32,1055,0.0,2,0.015319692,0.015319692,1.0341902,0.0,0.09242933,0.0,0.0,1.9076692e-16,-27.009035,2.2752638,0.7584213,0.192,0.008,0.17310677,31.59031,31.62031,3379200
hardzero_plus_depr__c0p50__z1p00__lam0p030__nu0p50__psi1p00,hardzero_plus_depr,0.01,32,1056,0.0,2,0.015319692,0.015319692,0.9839441,0.1037662,0.1037662,1.0,1.9210108e-17,1.8512877e-16,-26.021294,2.1647203,0.7215735,0.16800001,0.0,0.12794612,31.62031,31.65031,3382400
hardzero_plus_depr__c0p50__z1p00__lam0p030__nu0p50__psi1p00,hardzero_plus_depr,0.01,32,1057,0.0,2,0.015319692,0.015319692,0.9909653,0.1021021,0.1021021,1.0,1.8343385e-17,1.7965728e-16,-25.946123,2.1801672,0.7267224,0.136,0.0,0.16788709,31.65031,31.680311,3385600
hardzero_plus_depr__c0p50__z1p00__lam0p030__nu0p50__psi1p00,hardzero_plus_depr,0.01,32,1058,0.0,2,0.015319692,0.015319692,1.038579,0.0,0.09149998,0.0,0.0,1.7434746e-16,-27.454634,2.2849195,0.76163983,0.120000005,0.0,0.200915,31.680311,31.710312,3388800
hardzero_plus_depr__c0p50__z1p00__lam0p030__nu0p50__psi1p00,hardzero_plus_depr,0.01,32,1059,0.0,2,0.015319692,0.015319692,1.036932,0.0,0.091847636,0.0,0.0,1.691946e-16,-27.156322,2.281296,0.760432,0.16800001,0.0,0.16148375,31.710312,31.740313,3392000
hardzero_plus_depr__c0p50__z1p00__lam0p030__nu0p50__psi1p00,hardzero_plus_depr,0.01,32,1060,0.0,2,0.015319692,0.015319692,0.9519408,0.11170156,0.11170156,1.0,1.834073e-17,1.6419403e-16,-25.940212,2.0943115,0.69810385,0.16800001,0.0,0.13129108,31.740313,31.770313,3395200
hardzero_plus_depr__c0p50__z1p00__lam0p030__nu0p50__psi1p00,hardzero_plus_depr,0.01,32,1061,0.0,2,0.015319692,0.015319692,1.0170369,0.0,0.09615305,0.0,0.0,1.5934126e-16,-27.05107,2.237526,0.745842,0.208,0.0,0.17678213,31.770313,31.800314,3398400
hardzero_plus_depr__c0p50__z1p00__lam0p030__nu0p50__psi1p00,hardzero_plus_depr,0.01,32,1062,0.0,2,0.015319692,0.015319692,0.987259,0.102977194,0.102977194,1.0,1.5923563e-17,1.5463193e-16,-26.58781,2.172013,0.7240044,0.16800001,0.0,0.15663524,31.800314,31.830315,3401600
hardzero_plus_depr__c0p50__z1p00__lam0p030__nu0p50__psi1p00,hardzero_plus_depr,0.01,32,1063,0.0,2,0.015319692,0.015319692,1.0015297,0.0,0.0996484,0.0,0.0,1.5006175e-16,-27.34164,2.2034094,0.73446983,0.120000005,0.0,0.13712886,31.830315,31.860315,3404800
hardzero_plus_depr__c0p50__z1p00__lam0p030__nu0p50__psi1p00,hardzero_plus_depr,0.01,32,1064,0.0,2,0.015319692,0.015319692,0.994541,0.101264924,0.101264924,1.0,1.474687e-17,1.4562664e-16,-26.59798,2.1880338,0.7293446,0.208,0.0,0.15436843,31.860315,31.890316,3408000
hardzero_plus_depr__c0p50__z1p00__lam0p030__nu0p50__psi1p00,hardzero_plus_depr,0.01,32,1065,0.0,2,0.015319692,0.015319692,0.97557765,0.10578458,0.10578458,1.0,1.4949756e-17,1.4132264e-16,-26.525013,2.1463137,0.7154379,0.18400002,0.0,0.13740084,31.890316,31.920317,3411200
hardzero_plus_depr__c0p50__z1p00__lam0p030__nu0p50__psi1p00,hardzero_plus_depr,0.01,32,1066,0.0,2,0.015319692,0.015319692,1.0376626,0.0,0.091693245,0.0,0.0,1.3714583e-16,-27.045156,2.2829034,0.76096785,0.14,0.0,0.15406398,31.920317,31.950317,3414400
hardzero_plus_depr__c0p50__z1p00__lam0p030__nu0p50__psi1p00,hardzero_plus_depr,0.01,32,1067,0.0,2,0.015319692,0.015319692,1.0088756,0.0,0.097977065,0.0,0.0,1.3309246e-16,-26.572817,2.2195706,0.7398569,0.216,0.0,0.14771803,31.950317,31.980318,3417600
hardzero_plus_depr__c0p50__z1p00__lam0p030__nu0p50__psi1p00,hardzero_plus_depr,0.01,32,1068,0.0,2,0.015319692,0.015319692,1.0488603,0.0,0.08935929,0.0,0.0,1.2915889e-16,-27.964937,2.3075387,0.7691796,0.224,0.0,0.20181254,31.980318,32.01032,3420800
hardzero_plus_depr__c0p50__z1p00__lam0p030__nu0p50__psi1p00,hardzero_plus_depr,0.01,32,1069,0.0,2,0.015319692,0.015319692,1.0211989,0.0,0.095235996,0.0,0.0,1.2534159e-16,-26.853802,2.2466824,0.74889416,0.104,0.0,0.16944715,32.01032,32.040318,3424000
hardzero_plus_depr__c0p50__z1p00__lam0p030__nu0p50__psi1p00,hardzero_plus_depr,0.01,32,1070,0.0,2,0.015319692,0.015319692,0.9714648,0.10679112,0.10679112,1.0,1.2989786e-17,1.2163733e-16,-27.384684,2.1372652,0.7124218,0.128,0.0,0.15436363,32.040318,32.070316,3427200
hardzero_plus_depr__c0p50__z1p00__lam0p030__nu0p50__psi1p00,hardzero_plus_depr,0.01,32,1071,0.0,2,0.015319692,0.015319692,1.0549877,0.0,0.08810738,0.0,0.0,1.1804255e-16,-27.924347,2.3210192,0.77367306,0.08800001,0.0,0.17975849,32.070316,32.100315,3430400
hardzero_plus_depr__c0p50__z1p00__lam0p030__nu0p50__psi1p00,hardzero_plus_depr,0.01,32,1072,0.0,2,0.015319692,0.015319692,0.94770664,0.11279591,0.11279591,1.0,1.2921224e-17,1.14554e-16,-25.602219,2.0849962,0.69499874,0.224,0.0,0.13661596,32.100315,32.130314,3433600
hardzero_plus_depr__c0p50__z1p00__lam0p030__nu0p50__psi1p00,hardzero_plus_depr,0.01,32,1073,0.0,2,0.015319692,0.015319692,0.9938614,0.1014235,0.1014235,1.0,1.12751045e-17,1.1116856e-16,-26.875105,2.1865387,0.72884625,0.128,0.0,0.15197526,32.130314,32.160313,3436800
hardzero_plus_depr__c0p50__z1p00__lam0p030__nu0p50__psi1p00,hardzero_plus_depr,0.01,32,1074,0.0,2,0.015319692,0.015319692,1.0038862,0.0,0.09910916,0.0,0.0,1.07883165e-16,-26.54577,2.2085938,0.73619795,0.24800001,0.0,0.14894317,32.160313,32.19031,3440000
hardzero_plus_depr__c0p50__z1p00__lam0p030__nu0p50__psi1p00,hardzero_plus_depr,0.01,32,1075,0.0,2,0.015319692,0.015319692,1.009345,0.0,0.0978712,0.0,0.0,1.0469486e-16,-26.142479,2.2206035,0.7402012,0.15200001,0.0,0.13689335,32.19031,32.22031,3443200
hardzero_plus_depr__c0p50__z1p00__lam0p030__nu0p50__psi1p00,hardzero_plus_depr,0.01,32,1076,0.0,2,0.015319692,0.015319692,1.0112884,0.0,0.097434245,0.0,0.0,1.0160079e-16,-26.873652,2.224879,0.7416264,0.192,0.0,0.18131177,32.22031,32.25031,3446400
hardzero_plus_depr__c0p50__z1p00__lam0p030__nu0p50__psi1p00,hardzero_plus_depr,0.01,32,1077,0.0,2,0.015319692,0.015319692,1.0172629,0.0,0.09610303,0.0,0.0,9.859814e-17,-26.66429,2.238023,0.7460077,0.096,0.0,0.16319156,32.25031,32.280308,3449600
hardzero_plus_depr__c0p50__z1p00__lam0p030__nu0p50__psi1p00,hardzero_plus_depr,0.01,32,1078,0.0,2,0.015319692,0.015319692,0.99982685,0.10003987,0.10003987,1.0,9.572241e-18,9.5684256e-17,-27.348282,2.199663,0.733221,0.15200001,0.0,0.13545334,32.280308,32.310307,3452800
hardzero_plus_depr__c0p50__z1p00__lam0p030__nu0p50__psi1p00,hardzero_plus_depr,0.01,32,1079,0.0,2,0.015319692,0.015319692,1.0318757,0.0,0.09292321,0.0,0.0,9.285647e-17,-26.65173,2.2701719,0.756724,0.14,0.0,0.15201898,32.310307,32.340305,3456000
hardzero_plus_depr__c0p50__z1p00__lam0p030__nu0p50__psi1p00,hardzero_plus_depr,0.01,32,1080,0.0,2,0.015319692,0.015319692,1.0061973,0.0,0.09858315,0.0,0.0,9.011225e-17,-25.886806,2.2136784,0.7378928,0.216,0.0,0.15471774,32.340305,32.370304,3459200
hardzero_plus_depr__c0p50__z1p00__lam0p030__nu0p50__psi1p00,hardzero_plus_depr,0.01,32,1081,0.0,2,0.015319692,0.015319692,0.98679596,0.10308702,0.10308702,1.0,9.0148716e-18,8.744914e-17,-26.404667,2.1709945,0.7236649,0.23200001,0.0,0.14701755,32.370304,32.400303,3462400
hardzero_plus_depr__c0p50__z1p00__lam0p030__nu0p50__psi1p00,hardzero_plus_depr,0.01,32,1082,0.0,2,0.015319692,0.015319692,1.0095421,0.0,0.09782681,0.0,0.0,8.486473e-17,-26.727947,2.221037,0.74034566,0.14400001,0.0,0.15907623,32.400303,32.4303,3465600
hardzero_plus_depr__c0p50__z1p00__lam0p030__nu0p50__psi1p00,hardzero_plus_depr,0.01,32,1083,0.0,2,0.015319692,0.015319692,0.9744469,0.106060356,0.106060356,1.0,8.734781e-18,8.2356696e-17,-26.227968,2.143826,0.71460867,0.216,0.0,0.124246374,32.4303,32.4603,3468800
hardzero_plus_depr__c0p50__z1p00__lam0p030__nu0p50__psi1p00,hardzero_plus_depr,0.01,32,1084,0.0,2,0.015319692,0.015319692,0.9981452,0.10042799,0.10042799,1.0,8.026486e-18,7.992279e-17,-27.209715,2.1959634,0.73198783,0.18400002,0.0,0.16208985,32.4603,32.4903,3472000
hardzero_plus_depr__c0p50__z1p00__lam0p030__nu0p50__psi1p00,hardzero_plus_depr,0.01,32,1085,0.0,2,0.015319692,0.015319692,1.0182632,0.0,0.09588195,0.0,0.0,7.7560815e-17,-27.343014,2.240224,0.7467413,0.18400002,0.0,0.16940558,32.4903,32.520298,3475200
hardzero_plus_depr__c0p50__z1p00__lam0p030__nu0p50__psi1p00,hardzero_plus_depr,0.01,32,1086,0.0,2,0.015319692,0.015319692,1.0015142,0.0,0.09965194,0.0,0.0,7.526863e-17,-26.928993,2.2033753,0.73445845,0.16800001,0.0,0.14902133,32.520298,32.550297,3478400
hardzero_plus_depr__c0p50__z1p00__lam0p030__nu0p50__psi1p00,hardzero_plus_depr,0.01,32,1087,0.0,2,0.015319692,0.015319692,1.0414227,0.0,0.0909028,0.0,0.0,7.30442e-17,-28.055635,2.2911758,0.7637253,0.17600001,0.0,0.17650875,32.550297,32.580296,3481600
hardzero_plus_depr__c0p50__z1p00__lam0p030__nu0p50__psi1p00,hardzero_plus_depr,0.01,32,1088,0.0,2,0.015319692,0.015319692,0.9781431,0.105161525,0.105161525,1.0,7.454428e-18,7.08855e-17,-27.172804,2.1519578,0.71731925,0.272,0.0,0.17919947,32.580296,32.610294,3484800
hardzero_plus_depr__c0p50__z1p00__lam0p030__nu0p50__psi1p00,hardzero_plus_depr,0.01,32,1089,0.0,2,0.015319692,0.015319692,0.9815577,0.104337946,0.104337946,1.0,7.17747e-18,6.87906e-17,-25.951597,2.15947,0.71982336,0.18400002,0.0,0.14996187,32.610294,32.640293,3488000
hardzero_plus_depr__c0p50__z1p00__lam0p030__nu0p50__psi1p00,hardzero_plus_depr,0.01,32,1090,0.0,2,0.015319692,0.015319692,1.0246702,0.0,0.09447779,0.0,0.0,6.675761e-17,-27.685904,2.2543197,0.7514399,0.16800001,0.0,0.17545135,32.640293,32.67029,3491200
hardzero_plus_depr__c0p50__z1p00__lam0p030__nu0p50__psi1p00,hardzero_plus_depr,0.01,32,1091,0.0,2,0.015319692,0.015319692,0.9901561,0.10229253,0.10229253,1.0,6.6269914e-18,6.4784706e-17,-26.445925,2.178387,0.726129,0.16800001,0.0,0.14935607,32.67029,32.70029,3494400
hardzero_plus_depr__c0p50__z1p00__lam0p030__nu0p50__psi1p00,hardzero_plus_depr,0.01,32,1092,0.0,2,0.015319692,0.015319692,1.0365717,0.0,0.09192387,0.0,0.0,6.287011e-17,-28.969627,2.2805033,0.7601678,0.14999999,0.0,0.16834648,32.70029,32.73029,3497600
hardzero_plus_depr__c0p50__z1p00__lam0p030__nu0p50__psi1p00,hardzero_plus_depr,0.01,32,1093,0.0,2,0.015319692,0.015319692,0.98778886,0.102851614,0.102851614,1.0,6.275192e-18,6.101209e-17,-27.113102,2.173179,0.724393,0.136,0.0,0.15368886,32.73029,32.76029,3500800
hardzero_plus_depr__c0p50__z1p00__lam0p030__nu0p50__psi1p00,hardzero_plus_depr,0.01,32,1094,0.0,2,0.015319692,0.015319692,0.9988648,0.10026172,0.10026172,1.0,5.936394e-18,5.920898e-17,-27.055471,2.1975465,0.7325155,0.16000001,0.0,0.14872356,32.76029,32.790287,3504000
hardzero_plus_depr__c0p50__z1p00__lam0p030__nu0p50__psi1p00,hardzero_plus_depr,0.01,32,1095,0.0,2,0.015319692,0.015319692,1.0343863,0.0,0.0923876,0.0,0.0,5.745916e-17,-26.983791,2.2756953,0.7585651,0.128,0.0,0.14692414,32.790287,32.820286,3507200
hardzero_plus_depr__c0p50__z1p00__lam0p030__nu0p50__psi1p00,hardzero_plus_depr,0.01,32,1096,0.0,2,0.015319692,0.015319692,1.0304525,0.0,0.09322825,0.0,0.0,5.576105e-17,-27.291708,2.2670407,0.75568026,0.120000005,0.0,0.14768633,32.820286,32.850285,3510400
hardzero_plus_depr__c0p50__z1p00__lam0p030__nu0p50__psi1p00,hardzero_plus_depr,0.01,32,1097,0.0,2,0.015319692,0.015319692,1.0100664,0.0,0.09770877,0.0,0.0,5.4113133e-17,-26.900108,2.2221904,0.74073017,0.208,0.0,0.15591721,32.850285,32.880283,3513600
hardzero_plus_depr__c0p50__z1p00__lam0p030__nu0p50__psi1p00,hardzero_plus_depr,0.01,32,1098,0.0,2,0.015319692,0.015319692,1.0063685,0.0,0.098544285,0.0,0.0,5.251391e-17,-26.698168,2.214055,0.7380184,0.128,0.0,0.14910705,32.880283,32.910282,3516800
hardzero_plus_depr__c0p50__z1p00__lam0p030__nu0p50__psi1p00,hardzero_plus_depr,0.01,32,1099,0.0,2,0.015319692,0.015319692,1.0204973,0.0,0.095389955,0.0,0.0,5.0961952e-17,-26.712753,2.245139,0.74837965,0.16000001,0.0,0.15394509,32.910282,32.94028,3520000
hardzero_plus_depr__c0p50__z1p00__lam0p030__nu0p50__psi1p00,hardzero_plus_depr,0.01,32,1100,0.0,2,0.015319692,0.015319692,1.0357583,0.0,0.09209621,0.0,0.0,4.9455858e-17,-26.879978,2.2787137,0.75957125,0.14400001,0.0,0.17646194,32.94028,32.97028,3523200
hardzero_plus_depr__c0p50__z1p00__lam0p030__nu0p50__psi1p00,hardzero_plus_depr,0.01,32,1101,0.0,2,0.015319692,0.015319692,0.99980253,0.10004547,0.10004547,1.0,4.8016106e-18,4.799428e-17,-26.426945,2.1996095,0.7332032,0.15200001,0.0,0.12391081,32.97028,33.00028,3526400
hardzero_plus_depr__c0p50__z1p00__lam0p030__nu0p50__psi1p00,hardzero_plus_depr,0.01,32,1102,0.0,2,0.015319692,0.015319692,1.0169924,0.0,0.09616289,0.0,0.0,4.657589e-17,-27.3075,2.2374282,0.74580944,0.136,0.0,0.1605312,33.00028,33.030277,3529600
hardzero_plus_depr__c0p50__z1p00__lam0p030__nu0p50__psi1p00,hardzero_plus_depr,0.01,32,1103,0.0,2,0.015319692,0.015319692,0.9754084,0.10582583,0.10582583,1.0,4.7832658e-18,4.519942e-17,-26.84655,2.1459413,0.7153138,0.208,0.0,0.13148567,33.030277,33.060276,3532800
hardzero_plus_depr__c0p50__z1p00__lam0p030__nu0p50__psi1p00,hardzero_plus_depr,0.01,32,1104,0.0,2,0.015319692,0.015319692,1.0060921,0.0,0.09860703,0.0,0.0,4.386363e-17,-27.418365,2.2134469,0.7378156,0.16000001,0.0,0.13998152,33.060276,33.090275,3536000
hardzero_plus_depr__c0p50__z1p00__lam0p030__nu0p50__psi1p00,hardzero_plus_depr,0.01,32,1105,0.0,2,0.015319692,0.015319692,1.0456388,0.0,0.0900246,0.0,0.0,4.2567313e-17,-27.626984,2.3004513,0.7668171,0.17,0.0,0.17141525,33.090275,33.120274,3539200
hardzero_plus_depr__c0p50__z1p00__lam0p030__nu0p50__psi1p00,hardzero_plus_depr,0.01,32,1106,0.0,2,0.015319692,0.015319692,0.9795329,0.104825534,0.104825534,1.0,4.3302707e-18,4.130931e-17,-26.508284,2.1550155,0.7183385,0.128,0.0,0.14477597,33.120274,33.150272,3542400
hardzero_plus_depr__c0p50__z1p00__lam0p030__nu0p50__psi1p00,hardzero_plus_depr,0.01,32,1107,0.0,2,0.015319692,0.015319692,1.032673,0.0,0.0927528,0.0,0.0,4.008848e-17,-27.771984,2.271926,0.75730866,0.18400002,0.0,0.15686335,33.150272,33.18027,3545600
hardzero_plus_depr__c0p50__z1p00__lam0p030__nu0p50__psi1p00,hardzero_plus_depr,0.01,32,1108,0.0,2,0.015319692,0.015319692,1.0396622,0.0,0.091272034,0.0,0.0,3.8903737e-17,-27.788734,2.2873025,0.7624342,0.17600001,0.0,0.14577271,33.18027,33.21027,3548800
hardzero_plus_depr__c0p50__z1p00__lam0p030__nu0p50__psi1p00,hardzero_plus_depr,0.01,32,1109,0.0,2,0.015319692,0.015319692,0.99143106,0.10199267,0.10199267,1.0,3.8506316e-18,3.7754005e-17,-26.934061,2.181192,0.727064,0.18400002,0.0,0.14141063,33.21027,33.24027,3552000
hardzero_plus_depr__c0p50__z1p00__lam0p030__nu0p50__psi1p00,hardzero_plus_depr,0.01,32,1110,0.0,2,0.015319692,0.015319692,0.9597121,0.10972052,0.10972052,1.0,4.0199675e-18,3.6638248e-17,-25.876816,2.1114087,0.70380294,0.128,0.0,0.11940819,33.24027,33.270267,3555200
hardzero_plus_depr__c0p50__z1p00__lam0p030__nu0p50__psi1p00,hardzero_plus_depr,0.01,32,1111,0.0,2,0.015319692,0.015319692,0.9899026,0.10235225,0.10235225,1.0,3.639182e-18,3.555547e-17,-26.889017,2.1778293,0.7259431,0.18400002,0.0,0.14670287,33.270267,33.300266,3558400
hardzero_plus_depr__c0p50__z1p00__lam0p030__nu0p50__psi1p00,hardzero_plus_depr,0.01,32,1112,0.0,2,0.015319692,0.015319692,1.0302527,0.0,0.09327114,0.0,0.0,3.4504688e-17,-27.369263,2.266601,0.7555337,0.128,0.0,0.17666271,33.300266,33.330265,3561600
hardzero_plus_depr__c0p50__z1p00__lam0p030__nu0p50__psi1p00,hardzero_plus_depr,0.01,32,1113,0.0,2,0.015319692,0.015319692,0.99554014,0.101032205,0.101032205,1.0,3.3830595e-18,3.3484963e-17,-26.110716,2.190232,0.7300774,0.17600001,0.0,0.13819231,33.330265,33.360264,3564800
hardzero_plus_depr__c0p50__z1p00__lam0p030__nu0p50__psi1p00,hardzero_plus_depr,0.01,32,1114,0.0,2,0.015319692,0.015319692,0.93694776,0.11562512,0.11562512,1.0,3.757281e-18,3.249537e-17,-25.757164,2.0613263,0.68710876,0.112,0.0,0.14186963,33.360264,33.390263,3568000
hardzero_plus_depr__c0p50__z1p00__lam0p030__nu0p50__psi1p00,hardzero_plus_depr,0.01,32,1115,0.0,2,0.015319692,0.015319692,0.97672486,0.105505496,0.105505496,1.0,3.3271187e-18,3.1535027e-17,-26.478188,2.1488376,0.7162792,0.16800001,0.0,0.1653488,33.390263,33.42026,3571200
hardzero_plus_depr__c0p50__z1p00__lam0p030__nu0p50__psi1p00,hardzero_plus_depr,0.01,32,1116,0.0,2,0.015319692,0.015319692,0.9762454,0.10562205,0.10562205,1.0,3.2323582e-18,3.0603062e-17,-26.35331,2.1477828,0.7159276,0.128,0.0,0.12442088,33.42026,33.45026,3574400
hardzero_plus_depr__c0p50__z1p00__lam0p030__nu0p50__psi1p00,hardzero_plus_depr,0.01,32,1117,0.0,2,0.015319692,0.015319692,0.9964679,0.10081661,0.10081661,1.0,2.994116e-18,2.969864e-17,-26.034935,2.1922731,0.7307577,0.104,0.0,0.11807299,33.45026,33.48026,3577600
hardzero_plus_depr__c0p50__z1p00__lam0p030__nu0p50__psi1p00,hardzero_plus_depr,0.01,32,1118,0.0,2,0.015319692,0.015319692,0.9901062,0.10230428,0.10230428,1.0,2.9485066e-18,2.882095e-17,-26.8653,2.1782773,0.72609246,0.14,0.0,0.15483348,33.48026,33.510258,3580800
hardzero_plus_depr__c0p50__z1p00__lam0p030__nu0p50__psi1p00,hardzero_plus_depr,0.01,32,1119,0.0,2,0.015319692,0.015319692,0.9764527,0.10557165,0.10557165,1.0,2.9527542e-18,2.7969197e-17,-26.420597,2.148239,0.71607965,0.192,0.0,0.161614,33.510258,33.540257,3584000
hardzero_plus_depr__c0p50__z1p00__lam0p030__nu0p50__psi1p00,hardzero_plus_depr,0.01,32,1120,0.0,2,0.015319692,0.015319692,0.97324055,0.10635537,0.10635537,1.0,2.8867627e-18,2.7142613e-17,-26.383701,2.141172,0.713724,0.16000001,0.0,0.1342476,33.540257,33.570255,3587200
hardzero_plus_depr__c0p50__z1p00__lam0p030__nu0p50__psi1p00,hardzero_plus_depr,0.01,32,1121,0.0,2,0.015319692,0.015319692,1.0196306,0.0,0.095580526,0.0,0.0,2.634046e-17,-26.697432,2.243232,0.747744,0.16000001,0.0,0.16274448,33.570255,33.600254,3590400
hardzero_plus_depr__c0p50__z1p00__lam0p030__nu0p50__psi1p00,hardzero_plus_depr,0.01,32,1122,0.0,2,0.015319692,0.015319692,1.0567697,0.0,0.0877466,0.0,0.0,2.5562017e-17,-28.008537,2.3249397,0.77497995,0.136,0.0,0.16284403,33.600254,33.630253,3593600
hardzero_plus_depr__c0p50__z1p00__lam0p030__nu0p50__psi1p00,hardzero_plus_depr,0.01,32,1123,0.0,2,0.015319692,0.015319692,1.0189693,0.0,0.09572616,0.0,0.0,2.4806571e-17,-26.975046,2.2417772,0.7472591,0.16000001,0.0,0.15748762,33.630253,33.66025,3596800
hardzero_plus_depr__c0p50__z1p00__lam0p030__nu0p50__psi1p00,hardzero_plus_depr,0.01,32,1124,0.0,2,0.015319692,0.015319692,0.97078,0.10695965,0.10695965,1.0,2.5748883e-18,2.4073456e-17,-26.18133,2.1357586,0.71191955,0.14400001,0.0,0.14827383,33.66025,33.69025,3600000
hardzero_plus_depr__c0p50__z1p00__lam0p030__nu0p50__psi1p00,hardzero_plus_depr,0.01,32,1125,0.0,2,0.015319692,0.015319692,0.9726873,0.10649095,0.10649095,1.0,2.4878423e-18,2.3362007e-17,-26.556332,2.1399548,0.7133183,0.18400002,0.0,0.15431671,33.69025,33.72025,3603200
hardzero_plus_depr__c0p50__z1p00__lam0p030__nu0p50__psi1p00,hardzero_plus_depr,0.01,32,1126,0.0,2,0.015319692,0.015319692,0.9826191,0.10408325,0.10408325,1.0,2.3597318e-18,2.2671581e-17,-26.954277,2.1618052,0.72060174,0.16800001,0.0,0.15969262,33.72025,33.750248,3606400
hardzero_plus_depr__c0p50__z1p00__lam0p030__nu0p50__psi1p00,hardzero_plus_depr,0.01,32,1127,0.0,2,0.015319692,0.015319692,0.98495215,0.103525616,0.103525616,1.0,2.2777254e-18,2.2001563e-17,-26.357985,2.166938,0.7223127,0.192,0.0,0.13338305,33.750248,33.780247,3609600
hardzero_plus_depr__c0p50__z1p00__lam0p030__nu0p50__psi1p00,hardzero_plus_depr,0.01,32,1128,0.0,2,0.015319692,0.015319692,0.9943097,0.10131884,0.10131884,1.0,2.1632936e-18,2.1351345e-17,-27.675447,2.187525,0.72917503,0.16000001,0.0,0.1734817,33.780247,33.810246,3612800
hardzero_plus_depr__c0p50__z1p00__lam0p030__nu0p50__psi1p00,hardzero_plus_depr,0.01,32,1129,0.0,2,0.015319692,0.015319692,1.0085052,0.0,0.09806065,0.0,0.0,2.0720342e-17,-26.745668,2.2187557,0.7395853,0.14400001,0.0,0.16951975,33.810246,33.840244,3616000
hardzero_plus_depr__c0p50__z1p00__lam0p030__nu0p50__psi1p00,hardzero_plus_depr,0.01,32,1130,0.0,2,0.015319692,0.015319692,1.0009137,0.0,0.09978981,0.0,0.0,2.0107988e-17,-27.806814,2.2020543,0.7340181,0.18400002,0.0,0.16309828,33.840244,33.870243,3619200
hardzero_plus_depr__c0p50__z1p00__lam0p030__nu0p50__psi1p00,hardzero_plus_depr,0.01,32,1131,0.0,2,0.015319692,0.015319692,0.9629943,0.10889445,0.10889445,1.0,2.124937e-18,1.951373e-17,-25.917671,2.1186297,0.7062099,0.14999999,0.0,0.16025081,33.870243,33.90024,3622400
hardzero_plus_depr__c0p50__z1p00__lam0p030__nu0p50__psi1p00,hardzero_plus_depr,0.01,32,1132,0.0,2,0.015319692,0.015319692,0.96085817,0.10943138,0.10943138,1.0,2.072306e-18,1.8937036e-17,-26.731482,2.1139302,0.7046434,0.15200001,0.0,0.15443194,33.90024,33.93024,3625600
hardzero_plus_depr__c0p50__z1p00__lam0p030__nu0p50__psi1p00,hardzero_plus_depr,0.01,32,1133,0.0,2,0.015319692,0.015319692,1.0433999,0.0,0.090489894,0.0,0.0,1.8377386e-17,-27.24886,2.2955258,0.7651753,0.112,0.0,0.14874023,33.93024,33.96024,3628800
hardzero_plus_depr__c0p50__z1p00__lam0p030__nu0p50__psi1p00,hardzero_plus_depr,0.01,32,1134,0.0,2,0.015319692,0.015319692,1.011945,0.0,0.09728703,0.0,0.0,1.7834274e-17,-26.720766,2.2263236,0.74210787,0.16800001,0.0,0.18307984,33.96024,33.99024,3632000
hardzero_plus_depr__c0p50__z1p00__lam0p030__nu0p50__psi1p00,hardzero_plus_depr,0.01,32,1135,0.0,2,0.015319692,0.015319692,0.98628145,0.10320923,0.10320923,1.0,1.786264e-18,1.7307212e-17,-26.043344,2.1698625,0.7232875,0.15200001,0.0,0.15066366,33.99024,34.020237,3635200
hardzero_plus_depr__c0p50__z1p00__lam0p030__nu0p50__psi1p00,hardzero_plus_depr,0.01,32,1136,0.0,2,0.015319692,0.015319692,1.063533,0.0,0.086390704,0.0,0.0,1.6795725e-17,-28.125963,2.3398192,0.7799398,0.120000005,0.0,0.14672679,34.020237,34.050236,3638400
hardzero_plus_depr__c0p50__z1p00__lam0p030__nu0p50__psi1p00,hardzero_plus_depr,0.01,32,1137,0.0,2,0.015319692,0.015319692,1.0114366,0.0,0.09740099,0.0,0.0,1.6299359e-17,-27.417963,2.225205,0.741735,0.128,0.0,0.15371923,34.050236,34.080235,3641600
hardzero_plus_depr__c0p50__z1p00__lam0p030__nu0p50__psi1p00,hardzero_plus_depr,0.01,32,1138,0.0,2,0.015319692,0.015319692,1.0032401,0.0,0.09925672,0.0,0.0,1.5817659e-17,-27.274002,2.2071724,0.73572415,0.136,0.0,0.16126388,34.080235,34.110233,3644800
hardzero_plus_depr__c0p50__z1p00__lam0p030__nu0p50__psi1p00,hardzero_plus_depr,0.01,32,1139,0.0,2,0.015319692,0.015319692,0.99710286,0.100669324,0.100669324,1.0,1.5452936e-18,1.5350194e-17,-27.032444,2.19367,0.73122334,0.14400001,0.0,0.14822498,34.110233,34.140232,3648000
hardzero_plus_depr__c0p50__z1p00__lam0p030__nu0p50__psi1p00,hardzero_plus_depr,0.01,32,1140,0.0,2,0.015319692,0.015319692,0.9750709,0.10590808,0.10590808,1.0,1.5776645e-18,1.4896545e-17,-26.131718,2.1451988,0.7150663,0.24000001,0.0,0.17871842,34.140232,34.17023,3651200
hardzero_plus_depr__c0p50__z1p00__lam0p030__nu0p50__psi1p00,hardzero_plus_depr,0.01,32,1141,0.0,2,0.015319692,0.015319692,1.0334029,0.0,0.09259702,0.0,0.0,1.4456305e-17,-27.328705,2.273532,0.757844,0.14400001,0.0,0.19277178,34.17023,34.20023,3654400
hardzero_plus_depr__c0p50__z1p00__lam0p030__nu0p50__psi1p00,hardzero_plus_depr,0.01,32,1142,0.0,2,0.015319692,0.015319692,1.0077089,0.0,0.09824061,0.0,0.0,1.4029073e-17,-26.834375,2.2170038,0.7390013,0.208,0.0,0.16090116,34.20023,34.23023,3657600
hardzero_plus_depr__c0p50__z1p00__lam0p030__nu0p50__psi1p00,hardzero_plus_depr,0.01,32,1143,0.0,2,0.015319692,0.015319692,1.0661705,0.0,0.08586764,0.0,0.0,1.3614468e-17,-27.990778,2.3456218,0.78187394,0.120000005,0.0,0.16272561,34.23023,34.260227,3660800
hardzero_plus_depr__c0p50__z1p00__lam0p030__nu0p50__psi1p00,hardzero_plus_depr,0.01,32,1144,0.0,2,0.015319692,0.015319692,1.0029341,0.0,0.09932666,0.0,0.0,1.3212116e-17,-27.307875,2.206499,0.73549974,0.14999999,0.0,0.14174326,34.260227,34.290226,3664000
hardzero_plus_depr__c0p50__z1p00__lam0p030__nu0p50__psi1p00,hardzero_plus_depr,0.01,32,1145,0.0,2,0.015319692,0.015319692,1.0110166,0.0,0.09749522,0.0,0.0,1.28216535e-17,-27.220646,2.224281,0.74142706,0.18400002,0.0,0.13103335,34.290226,34.320225,3667200
hardzero_plus_depr__c0p50__z1p00__lam0p030__nu0p50__psi1p00,hardzero_plus_depr,0.01,32,1146,0.0,2,0.015319692,0.015319692,0.98185813,0.10426578,0.10426578,1.0,1.2973512e-18,1.2442733e-17,-26.246786,2.160131,0.72004366,0.136,0.0,0.15312757,34.320225,34.350224,3670400
hardzero_plus_depr__c0p50__z1p00__lam0p030__nu0p50__psi1p00,hardzero_plus_depr,0.01,32,1147,0.0,2,0.015319692,0.015319692,1.0301312,0.0,0.09329722,0.0,0.0,1.2075009e-17,-27.909462,2.266334,0.7554447,0.18400002,0.0,0.16685118,34.350224,34.380222,3673600
hardzero_plus_depr__c0p50__z1p00__lam0p030__nu0p50__psi1p00,hardzero_plus_depr,0.01,32,1148,0.0,2,0.015319692,0.015319692,0.9868244,0.10308029,0.10308029,1.0,1.2079105e-18,1.1718152e-17,-26.272278,2.171057,0.7236857,0.2,0.0,0.15255657,34.380222,34.41022,3676800
hardzero_plus_depr__c0p50__z1p00__lam0p030__nu0p50__psi1p00,hardzero_plus_depr,0.01,32,1149,0.0,2,0.015319692,0.015319692,0.98631275,0.1032018,0.1032018,1.0,1.1735947e-18,1.13718425e-17,-27.109419,2.1699314,0.7233105,0.104,0.0,0.15554208,34.41022,34.44022,3680000
hardzero_plus_depr__c0p50__z1p00__lam0p030__nu0p50__psi1p00,hardzero_plus_depr,0.01,32,1150,0.0,2,0.015319692,0.015319692,1.0083386,0.0,0.09809827,0.0,0.0,1.1035767e-17,-26.756178,2.218389,0.73946303,0.17600001,0.0,0.1796583,34.44022,34.47022,3683200
hardzero_plus_depr__c0p50__z1p00__lam0p030__nu0p50__psi1p00,hardzero_plus_depr,0.01,32,1151,0.0,2,0.015319692,0.015319692,1.0200312,0.0,0.0954924,0.0,0.0,1.0709624e-17,-28.073404,2.2441134,0.7480378,0.16800001,0.0,0.15095396,34.47022,34.500217,3686400
hardzero_plus_depr__c0p50__z1p00__lam0p030__nu0p50__psi1p00,hardzero_plus_depr,0.01,32,1152,0.0,2,0.015319692,0.015319692,1.0264956,0.0,0.09408155,0.0,0.0,1.0393119e-17,-28.054949,2.2583354,0.7527785,0.120000005,0.0,0.1313905,34.500217,34.530216,3689600
hardzero_plus_depr__c0p50__z1p00__lam0p030__nu0p50__psi1p00,hardzero_plus_depr,0.01,32,1153,0.0,2,0.015319692,0.015319692,0.98770446,0.102871604,0.102871604,1.0,1.0375598e-18,1.00859695e-17,-26.301361,2.1729932,0.7243311,0.16800001,0.0,0.16269903,34.530216,34.560215,3692800
hardzero_plus_depr__c0p50__z1p00__lam0p030__nu0p50__psi1p00,hardzero_plus_depr,0.01,32,1154,0.0,2,0.015319692,0.015319692,0.99690443,0.10071532,0.10071532,1.0,9.857909e-19,9.787895e-18,-26.753428,2.1932335,0.73107785,0.192,0.0,0.16522752,34.560215,34.590214,3696000
hardzero_plus_depr__c0p50__z1p00__lam0p030__nu0p50__psi1p00,hardzero_plus_depr,0.01,32,1155,0.0,2,0.015319692,0.015319692,0.9753015,0.10585187,0.10585187,1.0,1.0054478e-18,9.498631e-18,-26.745474,2.1457062,0.7152354,0.23200001,0.0,0.14829999,34.590214,34.620213,3699200
hardzero_plus_depr__c0p50__z1p00__lam0p030__nu0p50__psi1p00,hardzero_plus_depr,0.01,32,1156,0.0,2,0.015319692,0.015319692,1.0208617,0.0,0.09530996,0.0,0.0,9.2179155e-18,-27.285622,2.2459407,0.7486469,0.224,0.0,0.16079819,34.620213,34.65021,3702400
hardzero_plus_depr__c0p50__z1p00__lam0p030__nu0p50__psi1p00,hardzero_plus_depr,0.01,32,1157,0.0,2,0.015319692,0.015319692,1.040113,0.0,0.09117736,0.0,0.0,8.945496e-18,-27.71332,2.2882943,0.7627648,0.14999999,0.0,0.16265401,34.65021,34.68021,3705600
hardzero_plus_depr__c0p50__z1p00__lam0p030__nu0p50__psi1p00,hardzero_plus_depr,0.01,32,1158,0.0,2,0.015319692,0.015319692,0.98467445,0.10359183,0.10359183,1.0,8.992938e-19,8.6811265e-18,-26.67333,2.166327,0.722109,0.17600001,0.0,0.1467251,34.68021,34.71021,3708800
hardzero_plus_depr__c0p50__z1p00__lam0p030__nu0p50__psi1p00,hardzero_plus_depr,0.01,32,1159,0.0,2,0.015319692,0.015319692,0.98136675,0.104383826,0.104383826,1.0,8.793889e-19,8.424571e-18,-26.870426,2.15905,0.71968335,0.18400002,0.0,0.13723974,34.71021,34.740208,3712000
hardzero_plus_depr__c0p50__z1p00__lam0p030__nu0p50__psi1p00,hardzero_plus_depr,0.01,32,1160,0.0,2,0.015319692,0.015319692,0.9648238,0.10843668,0.10843668,1.0,8.865346e-19,8.1755976e-18,-26.45337,2.1226547,0.7075516,0.2,0.0,0.15719849,34.740208,34.770206,3715200
hardzero_plus_depr__c0p50__z1p00__lam0p030__nu0p50__psi1p00,hardzero_plus_depr,0.01,32,1161,0.0,2,0.015319692,0.015319692,1.016592,0.0,0.09625159,0.0,0.0,7.9339814e-18,-27.207565,2.236547,0.7455157,0.16000001,0.0,0.15911035,34.770206,34.800205,3718400
hardzero_plus_depr__c0p50__z1p00__lam0p030__nu0p50__psi1p00,hardzero_plus_depr,0.01,32,1162,0.0,2,0.015319692,0.015319692,1.024668,0.0,0.09447829,0.0,0.0,7.699506e-18,-26.664263,2.2543147,0.75143826,0.15200001,0.0,0.15419427,34.800205,34.830204,3721600
hardzero_plus_depr__c0p50__z1p00__lam0p030__nu0p50__psi1p00,hardzero_plus_depr,0.01,32,1163,0.0,2,0.015319692,0.015319692,1.0028107,0.0,0.0993549,0.0,0.0,7.471961e-18,-27.407446,2.2062275,0.7354092,0.18400002,0.0,0.16451536,34.830204,34.860203,3724800
hardzero_plus_depr__c0p50__z1p00__lam0p030__nu0p50__psi1p00,hardzero_plus_depr,0.01,32,1164,0.0,2,0.015319692,0.015319692,1.0030075,0.0,0.099309884,0.0,0.0,7.25114e-18,-27.640694,2.2066605,0.7355535,0.16000001,0.0,0.1638708,34.860203,34.8902,3728000
hardzero_plus_depr__c0p50__z1p00__lam0p030__nu0p50__psi1p00,hardzero_plus_depr,0.01,32,1165,0.0,2,0.015319692,0.015319692,1.0103813,0.0,0.09763795,0.0,0.0,7.036845e-18,-27.235912,2.2228832,0.7409611,0.24000001,0.0,0.18292135,34.8902,34.9202,3731200
hardzero_plus_depr__c0p50__z1p00__lam0p030__nu0p50__psi1p00,hardzero_plus_depr,0.01,32,1166,0.0,2,0.015319692,0.015319692,1.0222194,0.0,0.09501247,0.0,0.0,6.8288834e-18,-27.042051,2.2489276,0.74964255,0.2,0.0,0.16342548,34.9202,34.9502,3734400
hardzero_plus_depr__c0p50__z1p00__lam0p030__nu0p50__psi1p00,hardzero_plus_depr,0.01,32,1167,0.0,2,0.015319692,0.015319692,1.0089412,0.0,0.097962245,0.0,0.0,6.6270675e-18,-27.181122,2.2197149,0.739905,0.112,0.0,0.15015346,34.9502,34.980198,3737600
hardzero_plus_depr__c0p50__z1p00__lam0p030__nu0p50__psi1p00,hardzero_plus_depr,0.01,32,1168,0.0,2,0.015319692,0.015319692,1.0017906,0.0,0.09958853,0.0,0.0,6.4312155e-18,-26.246237,2.2039835,0.7346612,0.17600001,0.0,0.14059286,34.980198,35.010197,3740800
hardzero_plus_depr__c0p50__z1p00__lam0p030__nu0p50__psi1p00,hardzero_plus_depr,0.01,32,1169,0.0,2,0.015319692,0.015319692,1.0155247,0.0,0.09648843,0.0,0.0,6.241152e-18,-26.334526,2.234199,0.74473304,0.18400002,0.0,0.14435512,35.010197,35.040195,3744000
hardzero_plus_depr__c0p50__z1p00__lam0p030__nu0p50__psi1p00,hardzero_plus_depr,0.01,32,1170,0.0,2,0.015319692,0.015319692,1.00885,0.0,0.097982824,0.0,0.0,6.0567054e-18,-27.25655,2.2195144,0.7398381,0.12,0.0,0.17197469,35.040195,35.070194,3747200
hardzero_plus_depr__c0p50__z1p00__lam0p030__nu0p50__psi1p00,hardzero_plus_depr,0.01,32,1171,0.0,2,0.015319692,0.015319692,1.0325912,0.0,0.09277025,0.0,0.0,5.87771e-18,-27.958363,2.2717462,0.75724876,0.14400001,0.008,0.1607944,35.070194,35.100193,3750400
hardzero_plus_depr__c0p50__z1p00__lam0p030__nu0p50__psi1p00,hardzero_plus_depr,0.01,32,1172,0.0,2,0.015319692,0.015319692,1.0152967,0.0,0.096539095,0.0,0.0,5.7040042e-18,-27.320631,2.2336974,0.74456584,0.16800001,0.0,0.13559952,35.100193,35.13019,3753600
hardzero_plus_depr__c0p50__z1p00__lam0p030__nu0p50__psi1p00,hardzero_plus_depr,0.01,32,1173,0.0,2,0.015319692,0.015319692,0.9928528,0.10165933,0.10165933,1.0,5.6272833e-19,5.5354323e-18,-26.35498,2.1843197,0.7281066,0.16000001,0.0,0.14105032,35.13019,35.16019,3756800
hardzero_plus_depr__c0p50__z1p00__lam0p030__nu0p50__psi1p00,hardzero_plus_depr,0.01,32,1174,0.0,2,0.015319692,0.015319692,0.970353,0.107064866,0.107064866,1.0,5.7513553e-19,5.371842e-18,-26.33417,2.1348193,0.71160644,0.17600001,0.0,0.14547895,35.16019,35.19019,3760000
hardzero_plus_depr__c0p50__z1p00__lam0p030__nu0p50__psi1p00,hardzero_plus_depr,0.01,32,1175,0.0,2,0.015319692,0.015319692,1.0168037,0.0,0.09620469,0.0,0.0,5.213086e-18,-27.92002,2.2370129,0.745671,0.16000001,0.0,0.16373216,35.19019,35.22019,3763200
hardzero_plus_depr__c0p50__z1p00__lam0p030__nu0p50__psi1p00,hardzero_plus_depr,0.01,32,1176,0.0,2,0.015319692,0.015319692,1.0073614,0.0,0.09831925,0.0,0.0,5.0590226e-18,-27.72232,2.2162395,0.7387465,0.16000001,0.0,0.17159237,35.22019,35.250187,3766400
hardzero_plus_depr__c0p50__z1p00__lam0p030__nu0p50__psi1p00,hardzero_plus_depr,0.01,32,1177,0.0,2,0.015319692,0.015319692,1.0440001,0.0,0.09036492,0.0,0.0,4.9095117e-18,-27.950771,2.2968462,0.7656154,0.104,0.0,0.15229388,35.250187,35.280186,3769600
hardzero_plus_depr__c0p50__z1p00__lam0p030__nu0p50__psi1p00,hardzero_plus_depr,0.01,32,1178,0.0,2,0.015319692,0.015319692,1.0103194,0.0,0.09765188,0.0,0.0,4.76442e-18,-26.784042,2.2227468,0.74091566,0.192,0.0,0.15431705,35.280186,35.310184,3772800
hardzero_plus_depr__c0p50__z1p00__lam0p030__nu0p50__psi1p00,hardzero_plus_depr,0.01,32,1179,0.0,2,0.015319692,0.015319692,1.0238726,0.0,0.09465146,0.0,0.0,4.6236154e-18,-27.295294,2.2525647,0.7508549,0.128,0.0,0.15921926,35.310184,35.340183,3776000
hardzero_plus_depr__c0p50__z1p00__lam0p030__nu0p50__psi1p00,hardzero_plus_depr,0.01,32,1180,0.0,2,0.015319692,0.015319692,0.97899467,0.104955524,0.104955524,1.0,4.7093253e-19,4.4869726e-18,-26.566574,2.1538312,0.7179438,0.120000005,0.0,0.15682663,35.340183,35.370182,3779200
hardzero_plus_depr__c0p50__z1p00__lam0p030__nu0p50__psi1p00,hardzero_plus_depr,0.01,32,1181,0.0,2,0.015319692,0.015319692,0.95301104,0.111426614,0.111426614,1.0,4.8519246e-19,4.3543677e-18,-26.750826,2.096666,0.6988887,0.18400002,0.008,0.13371108,35.370182,35.40018,3782400
hardzero_plus_depr__c0p50__z1p00__lam0p030__nu0p50__psi1p00,hardzero_plus_depr,0.01,32,1182,0.0,2,0.015319692,0.015319692,1.0133694,0.0,0.096968465,0.0,0.0,4.225682e-18,-27.402222,2.2294574,0.7431525,0.112,0.0,0.15846944,35.40018,35.43018,3785600
hardzero_plus_depr__c0p50__z1p00__lam0p030__nu0p50__psi1p00,hardzero_plus_depr,0.01,32,1183,0.0,2,0.015319692,0.015319692,1.056469,0.0,0.08780738,0.0,0.0,4.100799e-18,-27.76166,2.324278,0.7747594,0.14,0.0,0.15601029,35.43018,35.46018,3788800
hardzero_plus_depr__c0p50__z1p00__lam0p030__nu0p50__psi1p00,hardzero_plus_depr,0.01,32,1184,0.0,2,0.015319692,0.015319692,1.0069991,0.0,0.0984013,0.0,0.0,3.9796073e-18,-26.686964,2.2154424,0.7384808,0.192,0.0,0.15988752,35.46018,35.490177,3792000
hardzero_plus_depr__c0p50__z1p00__lam0p030__nu0p50__psi1p00,hardzero_plus_depr,0.01,32,1185,0.0,2,0.015319692,0.015319692,1.0361369,0.0,0.092015944,0.0,0.0,3.8619967e-18,-27.599997,2.2795465,0.75984883,0.18400002,0.0,0.16860427,35.490177,35.520176,3795200
hardzero_plus_depr__c0p50__z1p00__lam0p030__nu0p50__psi1p00,hardzero_plus_depr,0.01,32,1186,0.0,2,0.015319692,0.015319692,0.93685347,0.11565023,0.11565023,1.0,4.3344114e-19,3.7478623e-18,-25.855928,2.0611188,0.6870396,0.2,0.0,0.14649361,35.520176,35.550175,3798400
hardzero_plus_depr__c0p50__z1p00__lam0p030__nu0p50__psi1p00,hardzero_plus_depr,0.01,32,1187,0.0,2,0.015319692,0.015319692,1.042891,0.0,0.090596,0.0,0.0,3.6371003e-18,-27.348705,2.2944062,0.7648021,0.104,0.0,0.15627459,35.550175,35.580173,3801600
hardzero_plus_depr__c0p50__z1p00__lam0p030__nu0p50__psi1p00,hardzero_plus_depr,0.01,32,1188,0.0,2,0.015319692,0.015319692,0.9614227,0.10928922,0.10928922,1.0,3.857486e-19,3.5296123e-18,-26.30734,2.1151721,0.7050574,0.17600001,0.0,0.14458764,35.580173,35.610172,3804800
hardzero_plus_depr__c0p50__z1p00__lam0p030__nu0p50__psi1p00,hardzero_plus_depr,0.01,32,1189,0.0,2,0.015319692,0.015319692,1.0340495,0.0,0.09245928,0.0,0.0,3.4253003e-18,-26.672888,2.2749543,0.7583181,0.128,0.0,0.15315323,35.610172,35.64017,3808000
hardzero_plus_depr__c0p50__z1p00__lam0p030__nu0p50__psi1p00,hardzero_plus_depr,0.01,32,1190,0.0,2,0.015319692,0.015319692,1.0660412,0.0,0.0858932,0.0,0.0,3.3240716e-18,-27.715876,2.3453376,0.7817792,0.096,0.0,0.18237405,35.64017,35.67017,3811200
hardzero_plus_depr__c0p50__z1p00__lam0p030__nu0p50__psi1p00,hardzero_plus_depr,0.01,32,1191,0.0,2,0.015319692,0.015319692,0.9829246,0.10401007,0.10401007,1.0,3.3551924e-19,3.2258342e-18,-26.699236,2.1624773,0.7208258,0.192,0.0,0.14850184,35.67017,35.70017,3814400
hardzero_plus_depr__c0p50__z1p00__lam0p030__nu0p50__psi1p00,hardzero_plus_depr,0.01,32,1192,0.0,2,0.015319692,0.015319692,0.96236044,0.10905348,0.10905348,1.0,3.4139197e-19,3.1305004e-18,-26.581223,2.1172352,0.7057451,0.14400001,0.0,0.14395452,35.70017,35.730167,3817600
hardzero_plus_depr__c0p50__z1p00__lam0p030__nu0p50__psi1p00,hardzero_plus_depr,0.01,32,1193,0.0,2,0.015319692,0.015319692,1.0292224,0.0,0.09349268,0.0,0.0,3.037984e-18,-26.976646,2.2643344,0.75477815,0.128,0.0,0.18354414,35.730167,35.760166,3820800
hardzero_plus_depr__c0p50__z1p00__lam0p030__nu0p50__psi1p00,hardzero_plus_depr,0.01,32,1194,0.0,2,0.015319692,0.015319692,1.0082375,0.0,0.09812113,0.0,0.0,2.9482016e-18,-26.79249,2.2181668,0.73938894,0.16800001,0.0,0.152616,35.760166,35.790165,3824000
hardzero_plus_depr__c0p50__z1p00__lam0p030__nu0p50__psi1p00,hardzero_plus_depr,0.01,32,1195,0.0,2,0.015319692,0.015319692,1.0073599,0.0,0.0983196,0.0,0.0,2.8610724e-18,-27.529263,2.2162359,0.73874533,0.24000001,0.0,0.15067844,35.790165,35.820164,3827200
hardzero_plus_depr__c0p50__z1p00__lam0p030__nu0p50__psi1p00,hardzero_plus_depr,0.01,32,1196,0.0,2,0.015319692,0.015319692,0.9738666,0.10620218,0.10620218,1.0,2.9487228e-19,2.7765184e-18,-26.689892,2.1425493,0.7141831,0.19,0.0,0.13679057,35.820164,35.850163,3830400
hardzero_plus_depr__c0p50__z1p00__lam0p030__nu0p50__psi1p00,hardzero_plus_depr,0.01,32,1197,0.0,2,0.015319692,0.015319692,1.014488,0.0,0.09671905,0.0,0.0,2.694463e-18,-27.583687,2.231918,0.7439727,0.136,0.0,0.17506589,35.850163,35.88016,3833600
hardzero_plus_depr__c0p50__z1p00__lam0p030__nu0p50__psi1p00,hardzero_plus_depr,0.01,32,1198,0.0,2,0.015319692,0.015319692,1.0333718,0.0,0.09260367,0.0,0.0,2.6148327e-18,-27.711506,2.2734635,0.7578212,0.16000001,0.0,0.14820509,35.88016,35.91016,3836800
hardzero_plus_depr__c0p50__z1p00__lam0p030__nu0p50__psi1p00,hardzero_plus_depr,0.01,32,1199,0.0,2,0.015319692,0.015319692,0.9666585,0.10797956,0.10797956,1.0,2.7400417e-19,2.537556e-18,-26.748583,2.126691,0.70889705,0.216,0.0,0.1483344,35.91016,35.94016,3840000
hardzero_plus_depr__c0p50__z1p00__lam0p030__nu0p50__psi1p00,hardzero_plus_depr,0.01,32,1200,0.0,2,0.015319692,0.015319692,1.0454223,0.0,0.09006948,0.0,0.0,2.462563e-18,-27.403458,2.299975,0.7666583,0.15200001,0.0,0.18675938,35.94016,35.970158,3843200
hardzero_plus_depr__c0p50__z1p00__lam0p030__nu0p50__psi1p00,hardzero_plus_depr,0.01,32,1201,0.0,2,0.015319692,0.015319692,0.9962288,0.100872114,0.100872114,1.0,2.410628e-19,2.3897862e-18,-26.64877,2.1917472,0.7305824,0.096,0.0,0.1451598,35.970158,36.000156,3846400
hardzero_plus_depr__c0p50__z1p00__lam0p030__nu0p50__psi1p00,hardzero_plus_depr,0.01,32,1202,0.0,2,0.015319692,0.015319692,1.0102284,0.0,0.09767234,0.0,0.0,2.3191603e-18,-27.137667,2.2225468,0.74084896,0.15200001,0.0,0.16183604,36.000156,36.030155,3849600
hardzero_plus_depr__c0p50__z1p00__lam0p030__nu0p50__psi1p00,hardzero_plus_depr,0.01,32,1203,0.0,2,0.015319692,0.015319692,1.019255,0.0,0.09566322,0.0,0.0,2.2506213e-18,-26.794046,2.242406,0.74746865,0.128,0.0,0.15134986,36.030155,36.060154,3852800
hardzero_plus_depr__c0p50__z1p00__lam0p030__nu0p50__psi1p00,hardzero_plus_depr,0.01,32,1204,0.0,2,0.015319692,0.015319692,1.0119936,0.0,0.09727614,0.0,0.0,2.184108e-18,-27.309343,2.2264304,0.7421435,0.136,0.0,0.16022588,36.060154,36.090153,3856000
hardzero_plus_depr__c0p50__z1p00__lam0p030__nu0p50__psi1p00,hardzero_plus_depr,0.01,32,1205,0.0,2,0.015319692,0.015319692,1.0226047,0.0,0.09492821,0.0,0.0,2.1195604e-18,-27.23304,2.2497752,0.7499251,0.120000005,0.0,0.15865596,36.090153,36.12015,3859200
hardzero_plus_depr__c0p50__z1p00__lam0p030__nu0p50__psi1p00,hardzero_plus_depr,0.01,32,1206,0.0,2,0.015319692,0.015319692,1.0141176,0.0,0.09680157,0.0,0.0,2.0569205e-18,-26.840618,2.2311032,0.7437011,0.17600001,0.0,0.13984907,36.12015,36.15015,3862400
hardzero_plus_depr__c0p50__z1p00__lam0p030__nu0p50__psi1p00,hardzero_plus_depr,0.01,32,1207,0.0,2,0.015319692,0.015319692,0.94972295,0.11227345,0.11227345,1.0,2.241126e-19,1.9961318e-18,-26.214033,2.0894322,0.6964774,0.24000001,0.0,0.1305144,36.15015,36.18015,3865600
hardzero_plus_depr__c0p50__z1p00__lam0p030__nu0p50__psi1p00,hardzero_plus_depr,0.01,32,1208,0.0,2,0.015319692,0.015319692,1.0412952,0.0,0.0909295,0.0,0.0,1.9371395e-18,-27.267975,2.2908952,0.76363176,0.15200001,0.0,0.15950918,36.18015,36.210148,3868800
hardzero_plus_depr__c0p50__z1p00__lam0p030__nu0p50__psi1p00,hardzero_plus_depr,0.01,32,1209,0.0,2,0.015319692,0.015319692,0.986579,0.10313855,0.10313855,1.0,1.9388921e-19,1.8798908e-18,-26.105875,2.1705172,0.72350574,0.12,0.0,0.1313355,36.210148,36.240147,3872000
hardzero_plus_depr__c0p50__z1p00__lam0p030__nu0p50__psi1p00,hardzero_plus_depr,0.01,32,1210,0.0,2,0.015319692,0.015319692,1.068368,0.0,0.08543426,0.0,0.0,1.8243336e-18,-28.108776,2.3504565,0.78348553,0.216,0.0,0.17876242,36.240147,36.270145,3875200
hardzero_plus_depr__c0p50__z1p00__lam0p030__nu0p50__psi1p00,hardzero_plus_depr,0.01,32,1211,0.0,2,0.015319692,0.015319692,0.99100596,0.102092534,0.102092534,1.0,1.8074652e-19,1.7704186e-18,-27.110249,2.1802566,0.7267522,0.16800001,0.0,0.18315941,36.270145,36.300144,3878400
hardzero_plus_depr__c0p50__z1p00__lam0p030__nu0p50__psi1p00,hardzero_plus_depr,0.01,32,1212,0.0,2,0.015319692,0.015319692,1.0014148,0.0,0.099674754,0.0,0.0,1.7180969e-18,-27.042845,2.2031565,0.7343855,0.128,0.0,0.13610952,36.300144,36.330143,3881600
hardzero_plus_depr__c0p50__z1p00__lam0p030__nu0p50__psi1p00,hardzero_plus_depr,0.01,32,1213,0.0,2,0.015319692,0.015319692,0.967327,0.107813455,0.107813455,1.0,1.7975969e-19,1.6673215e-18,-25.934437,2.128162,0.7093873,0.17600001,0.0,0.16058643,36.330143,36.36014,3884800
hardzero_plus_depr__c0p50__z1p00__lam0p030__nu0p50__psi1p00,hardzero_plus_depr,0.01,32,1214,0.0,2,0.015319692,0.015319692,0.9529566,0.11144059,0.11144059,1.0,1.803161e-19,1.6180468e-18,-26.761524,2.0965464,0.69884884,0.216,0.0,0.15675317,36.36014,36.39014,3888000
hardzero_plus_depr__c0p50__z1p00__lam0p030__nu0p50__psi1p00,hardzero_plus_depr,0.01,32,1215,0.0,2,0.015319692,0.015319692,1.0374964,0.0,0.09172834,0.0,0.0,1.5702282e-18,-28.036146,2.2825377,0.7608459,0.16800001,0.0,0.1770579,36.39014,36.42014,3891200
hardzero_plus_depr__c0p50__z1p00__lam0p030__nu0p50__psi1p00,hardzero_plus_depr,0.01,32,1216,0.0,2,0.015319692,0.015319692,1.0264192,0.0,0.0940981,0.0,0.0,1.5238227e-18,-27.685335,2.2581673,0.75272244,0.104,0.0,0.17516084,36.42014,36.450138,3894400
hardzero_plus_depr__c0p50__z1p00__lam0p030__nu0p50__psi1p00,hardzero_plus_depr,0.01,32,1217,0.0,2,0.015319692,0.015319692,1.0129367,0.0,0.09706515,0.0,0.0,1.4787887e-18,-26.92674,2.2285054,0.74283516,0.128,0.0,0.15902467,36.450138,36.480137,3897600
hardzero_plus_depr__c0p50__z1p00__lam0p030__nu0p50__psi1p00,hardzero_plus_depr,0.01,32,1218,0.0,2,0.015319692,0.015319692,0.931014,0.11721575,0.11721575,1.0,1.6821466e-19,1.4350858e-18,-25.444916,2.0482717,0.68275726,0.2,0.0,0.14103048,36.480137,36.510136,3900800
hardzero_plus_depr__c0p50__z1p00__lam0p030__nu0p50__psi1p00,hardzero_plus_depr,0.01,32,1219,0.0,2,0.015319692,0.015319692,0.9730536,0.106401175,0.106401175,1.0,1.4818217e-19,1.3926742e-18,-26.957544,2.1407607,0.7135869,0.23200001,0.0,0.14861974,36.510136,36.540134,3904000
hardzero_plus_depr__c0p50__z1p00__lam0p030__nu0p50__psi1p00,hardzero_plus_depr,0.01,32,1220,0.0,2,0.015319692,0.015319692,0.9788083,0.10500058,0.10500058,1.0,1.4190997e-19,1.351516e-18,-26.913624,2.1534212,0.71780705,0.16800001,0.0,0.1721459,36.540134,36.570133,3907200
hardzero_plus_depr__c0p50__z1p00__lam0p030__nu0p50__psi1p00,hardzero_plus_depr,0.01,32,1221,0.0,2,0.015319692,0.015319692,1.0262575,0.0,0.09413313,0.0,0.0,1.3115744e-18,-27.614916,2.2578115,0.7526039,0.136,0.0,0.17829917,36.570133,36.600132,3910400
hardzero_plus_depr__c0p50__z1p00__lam0p030__nu0p50__psi1p00,hardzero_plus_depr,0.01,32,1222,0.0,2,0.015319692,0.015319692,1.0581118,0.0,0.087475844,0.0,0.0,1.2728132e-18,-28.195871,2.3278925,0.7759642,0.14,0.0,0.16239475,36.600132,36.63013,3913600
hardzero_plus_depr__c0p50__z1p00__lam0p030__nu0p50__psi1p00,hardzero_plus_depr,0.01,32,1223,0.0,2,0.015319692,0.015319692,1.055146,0.0,0.088075265,0.0,0.0,1.2351973e-18,-28.36516,2.3213675,0.77378917,0.16800001,0.0,0.16651534,36.63013,36.66013,3916800
hardzero_plus_depr__c0p50__z1p00__lam0p030__nu0p50__psi1p00,hardzero_plus_depr,0.01,32,1224,0.0,2,0.015319692,0.015319692,1.0045097,0.0,0.098966986,0.0,0.0,1.1986932e-18,-27.334223,2.2099655,0.7366552,0.208,0.0,0.16343468,36.66013,36.69013,3920000
hardzero_plus_depr__c0p50__z1p00__lam0p030__nu0p50__psi1p00,hardzero_plus_depr,0.01,32,1225,0.0,2,0.015319692,0.015319692,1.0410236,0.0,0.09098639,0.0,0.0,1.1632678e-18,-27.371393,2.2902977,0.7634326,0.128,0.0,0.14425212,36.69013,36.720127,3923200
hardzero_plus_depr__c0p50__z1p00__lam0p030__nu0p50__psi1p00,hardzero_plus_depr,0.01,32,1226,0.0,2,0.015319692,0.015319692,0.9877613,0.10285814,0.10285814,1.0,1.1611547e-19,1.1288894e-18,-26.457962,2.1731184,0.7243728,0.17600001,0.0,0.13211744,36.720127,36.750126,3926400
hardzero_plus_depr__c0p50__z1p00__lam0p030__nu0p50__psi1p00,hardzero_plus_depr,0.01,32,1227,0.0,2,0.015319692,0.015319692,0.9662148,0.10808993,0.10808993,1.0,1.1841544e-19,1.095527e-18,-26.938694,2.125715,0.7085717,0.18400002,0.0,0.14921385,36.750126,36.780125,3929600
hardzero_plus_depr__c0p50__z1p00__lam0p030__nu0p50__psi1p00,hardzero_plus_depr,0.01,32,1228,0.0,2,0.015319692,0.015319692,0.9958412,0.1009622,0.1009622,1.0,1.07338026e-19,1.0631506e-18,-27.596958,2.1908944,0.73029816,0.136,0.0,0.13219912,36.780125,36.810123,3932800
hardzero_plus_depr__c0p50__z1p00__lam0p030__nu0p50__psi1p00,hardzero_plus_depr,0.01,32,1229,0.0,2,0.015319692,0.015319692,1.0188506,0.0,0.09575234,0.0,0.0,1.031731e-18,-27.276928,2.241516,0.74717206,0.16000001,0.0,0.15942824,36.810123,36.840122,3936000
hardzero_plus_depr__c0p50__z1p00__lam0p030__nu0p50__psi1p00,hardzero_plus_depr,0.01,32,1230,0.0,2,0.015319692,0.015319692,0.9972894,0.100626074,0.100626074,1.0,1.0075085e-19,1.00124e-18,-27.704483,2.1940806,0.7313602,0.17600001,0.0,0.17456664,36.840122,36.87012,3939200
hardzero_plus_depr__c0p50__z1p00__lam0p030__nu0p50__psi1p00,hardzero_plus_depr,0.01,32,1231,0.0,2,0.015319692,0.015319692,1.0854654,0.0,0.08213619,0.0,0.0,9.716501e-19,-28.25981,2.3880715,0.79602385,0.15200001,0.0,0.1637351,36.87012,36.90012,3942400
hardzero_plus_depr__c0p50__z1p00__lam0p030__nu0p50__psi1p00,hardzero_plus_depr,0.01,32,1232,0.0,2,0.015319692,0.015319692,1.0414397,0.0,0.09089927,0.0,0.0,9.429346e-19,-27.096132,2.291213,0.7637377,0.192,0.0,0.14013198,36.90012,36.93012,3945600
hardzero_plus_depr__c0p50__z1p00__lam0p030__nu0p50__psi1p00,hardzero_plus_depr,0.01,32,1233,0.0,2,0.015319692,0.015319692,1.0864605,0.0,0.08194821,0.0,0.0,9.150678e-19,-28.205982,2.3902607,0.7967536,0.17600001,0.0,0.17732404,36.93012,36.960117,3948800
hardzero_plus_depr__c0p50__z1p00__lam0p030__nu0p50__psi1p00,hardzero_plus_depr,0.01,32,1234,0.0,2,0.015319692,0.015319692,1.0262494,0.0,0.094134875,0.0,0.0,8.880246e-19,-28.112423,2.257794,0.752598,0.104,0.0,0.15218978,36.960117,36.990116,3952000
hardzero_plus_depr__c0p50__z1p00__lam0p030__nu0p50__psi1p00,hardzero_plus_depr,0.01,32,1235,0.0,2,0.015319692,0.015319692,1.0267223,0.0,0.09403244,0.0,0.0,8.617805e-19,-27.494263,2.2588341,0.7529447,0.14999999,0.0,0.15724762,36.990116,37.020115,3955200
hardzero_plus_depr__c0p50__z1p00__lam0p030__nu0p50__psi1p00,hardzero_plus_depr,0.01,32,1236,0.0,2,0.015319692,0.015319692,0.98242074,0.10413081,0.10413081,1.0,8.708585e-20,8.3631207e-19,-26.598143,2.1613688,0.7204563,0.16000001,0.0,0.14468151,37.020115,37.050114,3958400
hardzero_plus_depr__c0p50__z1p00__lam0p030__nu0p50__psi1p00,hardzero_plus_depr,0.01,32,1237,0.0,2,0.015319692,0.015319692,1.02594,0.0,0.09420199,0.0,0.0,8.115963e-19,-27.127985,2.257113,0.752371,0.136,0.0,0.1502489,37.050114,37.080112,3961600
hardzero_plus_depr__c0p50__z1p00__lam0p030__nu0p50__psi1p00,hardzero_plus_depr,0.01,32,1238,0.0,2,0.015319692,0.015319692,1.0379052,0.0,0.091642044,0.0,0.0,7.87611e-19,-27.73286,2.283437,0.7611457,0.112,0.0,0.14528914,37.080112,37.11011,3964800
hardzero_plus_depr__c0p50__z1p00__lam0p030__nu0p50__psi1p00,hardzero_plus_depr,0.01,32,1239,0.0,2,0.015319692,0.015319692,0.9378196,0.11539324,0.11539324,1.0,8.819903e-20,7.643345e-19,-25.727436,2.0632443,0.68774813,0.24800001,0.0,0.17097947,37.11011,37.14011,3968000
hardzero_plus_depr__c0p50__z1p00__lam0p030__nu0p50__psi1p00,hardzero_plus_depr,0.01,32,1240,0.0,2,0.015319692,0.015319692,0.9841068,0.10372734,0.10372734,1.0,7.693933e-20,7.4174594e-19,-26.047472,2.1650782,0.72169274,0.16800001,0.0,0.13889077,37.14011,37.17011,3971200
hardzero_plus_depr__c0p50__z1p00__lam0p030__nu0p50__psi1p00,hardzero_plus_depr,0.01,32,1241,0.0,2,0.015319692,0.015319692,1.0400492,0.0,0.09119075,0.0,0.0,7.1982487e-19,-27.139923,2.288154,0.76271796,0.120000005,0.0,0.16888995,37.17011,37.200108,3974400
hardzero_plus_depr__c0p50__z1p00__lam0p030__nu0p50__psi1p00,hardzero_plus_depr,0.01,32,1242,0.0,2,0.015319692,0.015319692,0.95847005,0.11003478,0.11003478,1.0,7.686498e-20,6.985517e-19,-25.77643,2.1086762,0.70289207,0.208,0.008,0.18641846,37.200108,37.230106,3977600
hardzero_plus_depr__c0p50__z1p00__lam0p030__nu0p50__psi1p00,hardzero_plus_depr,0.01,32,1243,0.0,2,0.015319692,0.015319692,1.0791391,0.0,0.08334141,0.0,0.0,6.779072e-19,-28.571213,2.3741534,0.79138446,0.14400001,0.0,0.16214956,37.230106,37.260105,3980800
hardzero_plus_depr__c0p50__z1p00__lam0p030__nu0p50__psi1p00,hardzero_plus_depr,0.01,32,1244,0.0,2,0.015319692,0.015319692,1.0226456,0.0,0.09491927,0.0,0.0,6.578728e-19,-27.266275,2.2498653,0.7499551,0.136,0.0,0.13883485,37.260105,37.290104,3984000
hardzero_plus_depr__c0p50__z1p00__lam0p030__nu0p50__psi1p00,hardzero_plus_depr,0.01,32,1245,0.0,2,0.015319692,0.015319692,0.9452112,0.113445885,0.113445885,1.0,7.242732e-20,6.3843056e-19,-25.845848,2.0795062,0.69316876,0.23200001,0.0,0.13847606,37.290104,37.320103,3987200
hardzero_plus_depr__c0p50__z1p00__lam0p030__nu0p50__psi1p00,hardzero_plus_depr,0.01,32,1246,0.0,2,0.015319692,0.015319692,0.9987329,0.100292176,0.100292176,1.0,6.21373e-20,6.195628e-19,-27.14882,2.1972563,0.7324188,0.17600001,0.0,0.13708939,37.320103,37.3501,3990400
hardzero_plus_depr__c0p50__z1p00__lam0p030__nu0p50__psi1p00,hardzero_plus_depr,0.01,32,1247,0.0,2,0.015319692,0.015319692,1.0350393,0.0,0.09224878,0.0,0.0,6.0125267e-19,-28.060629,2.277132,0.75904405,0.18400002,0.0,0.17180942,37.3501,37.3801,3993600
hardzero_plus_depr__c0p50__z1p00__lam0p030__nu0p50__psi1p00,hardzero_plus_depr,0.01,32,1248,0.0,2,0.015319692,0.015319692,1.0237627,0.0,0.09467543,0.0,0.0,5.8348364e-19,-27.68038,2.252323,0.7507743,0.17999999,0.0,0.15733442,37.3801,37.4101,3996800
hardzero_plus_depr__c0p50__z1p00__lam0p030__nu0p50__psi1p00,hardzero_plus_depr,0.01,32,1249,0.0,2,0.015319692,0.015319692,1.0033662,0.0,0.0992279,0.0,0.0,5.6623987e-19,-26.217617,2.20745,0.73581666,0.18400002,0.0,0.13059731,37.4101,37.440098,4000000
