mechanism_tag,mechanism,alpha,seed,update,update_u,update_counter,energy_E_pre,energy_E_post,funding_z,funding_g,funding_g_raw,funding_cut_active,funding_income,funding_alpha_eff,episode_return_end_mean,terminal_min_dists_end_mean,terminal_dbar_end,terminal_occupied_end_mean,terminal_CSR_train,vartd_VarTD,depr_F,depr_F_post,env_steps
hardzero_only__c0p58__z1p00__lam0p000__nu0p50__psi0p00,hardzero_only,0.065,55,0,1.0,1,1.0,0.42000002,1.0259358,0.0,0.09420288,0.0,0.0,0.065,-26.84268,2.2571037,0.7523679,0.14,0.0,0.14863113,0.0,0.0,3200
hardzero_only__c0p58__z1p00__lam0p000__nu0p50__psi0p00,hardzero_only,0.065,55,1,0.0,1,0.42000002,0.42000002,1.0982715,0.0,0.07974959,0.0,0.0,0.065,-28.334623,2.4162455,0.80541515,0.18400002,0.0,0.20499255,0.0,0.0,6400
hardzero_only__c0p58__z1p00__lam0p000__nu0p50__psi0p00,hardzero_only,0.065,55,2,0.0,1,0.42000002,0.42000002,1.0536026,0.0,0.08838883,0.0,0.0,0.065,-28.21227,2.317972,0.77265733,0.080000006,0.0,0.1638643,0.0,0.0,9600
hardzero_only__c0p58__z1p00__lam0p000__nu0p50__psi0p00,hardzero_only,0.065,55,3,0.0,1,0.42000002,0.42000002,1.0846264,0.0,0.08229502,0.0,0.0,0.065,-29.322617,2.3862257,0.7954086,0.128,0.0,0.1742769,0.0,0.0,12800
hardzero_only__c0p58__z1p00__lam0p000__nu0p50__psi0p00,hardzero_only,0.065,55,4,0.0,1,0.42000002,0.42000002,1.0223107,0.0,0.094992496,0.0,0.0,0.065,-27.235018,2.2491286,0.74970955,0.17600001,0.0,0.13486272,0.0,0.0,16000
hardzero_only__c0p58__z1p00__lam0p000__nu0p50__psi0p00,hardzero_only,0.065,55,5,0.0,1,0.42000002,0.42680916,0.97982043,0.104756154,0.104756154,1.0,0.00680915,0.065,-26.089165,2.155648,0.7185494,0.16000001,0.0,0.12387689,0.0,0.0,19200
hardzero_only__c0p58__z1p00__lam0p000__nu0p50__psi0p00,hardzero_only,0.065,55,6,0.0,1,0.42680916,0.42680916,1.0603771,0.0,0.08702075,0.0,0.0,0.065,-28.195976,2.3328762,0.77762544,0.136,0.0,0.17618074,0.0,0.0,22400
hardzero_only__c0p58__z1p00__lam0p000__nu0p50__psi0p00,hardzero_only,0.065,55,7,0.0,1,0.42680916,0.42680916,1.0300962,0.0,0.09330476,0.0,0.0,0.065,-27.144512,2.2662568,0.75541896,0.16000001,0.0,0.11849667,0.0,0.0,25600
hardzero_only__c0p58__z1p00__lam0p000__nu0p50__psi0p00,hardzero_only,0.065,55,8,0.0,1,0.42680916,0.42680916,1.0253265,0.0,0.09433514,0.0,0.0,0.065,-27.46979,2.2557633,0.7519211,0.14400001,0.0,0.14344575,0.0,0.0,28800
hardzero_only__c0p58__z1p00__lam0p000__nu0p50__psi0p00,hardzero_only,0.065,55,9,0.0,1,0.42680916,0.42680916,1.0218391,0.0,0.09509569,0.0,0.0,0.065,-27.194717,2.248091,0.74936366,0.17600001,0.0,0.13263942,0.0,0.0,32000
hardzero_only__c0p58__z1p00__lam0p000__nu0p50__psi0p00,hardzero_only,0.065,55,10,0.0,1,0.42680916,0.42680916,1.0068203,0.0,0.098441824,0.0,0.0,0.065,-26.988909,2.215049,0.7383497,0.14400001,0.0,0.12044161,0.0,0.0,35200
hardzero_only__c0p58__z1p00__lam0p000__nu0p50__psi0p00,hardzero_only,0.065,55,11,0.0,1,0.42680916,0.42680916,1.0495296,0.0,0.089221686,0.0,0.0,0.065,-28.196115,2.3090112,0.7696704,0.136,0.0,0.14361377,0.0,0.0,38400
hardzero_only__c0p58__z1p00__lam0p000__nu0p50__psi0p00,hardzero_only,0.065,55,12,0.0,1,0.42680916,0.42680916,1.0349108,0.0,0.0922761,0.0,0.0,0.065,-27.181746,2.2768493,0.75894976,0.120000005,0.0,0.14820114,0.0,0.0,41600
hardzero_only__c0p58__z1p00__lam0p000__nu0p50__psi0p00,hardzero_only,0.065,55,13,0.0,1,0.42680916,0.42680916,1.0678048,0.0,0.085545115,0.0,0.0,0.065,-28.499506,2.3492174,0.7830725,0.17999999,0.0,0.20135322,0.0,0.0,44800
hardzero_only__c0p58__z1p00__lam0p000__nu0p50__psi0p00,hardzero_only,0.065,55,14,0.0,1,0.42680916,0.42680916,1.0607452,0.0,0.086947024,0.0,0.0,0.065,-28.16305,2.333686,0.7778954,0.192,0.0,0.15039,0.0,0.0,48000
hardzero_only__c0p58__z1p00__lam0p000__nu0p50__psi0p00,hardzero_only,0.065,55,15,0.0,1,0.42680916,0.42680916,1.0410227,0.0,0.09098659,0.0,0.0,0.065,-27.748322,2.2902956,0.7634319,0.17600001,0.0,0.17045727,0.0,0.0,51200
hardzero_only__c0p58__z1p00__lam0p000__nu0p50__psi0p00,hardzero_only,0.065,55,16,0.0,1,0.42680916,0.43345317,0.99048316,0.10221551,0.10221551,1.0,0.006644008,0.065,-26.60785,2.1791065,0.72636884,0.16000001,0.0,0.15903425,0.0,0.0,54400
hardzero_only__c0p58__z1p00__lam0p000__nu0p50__psi0p00,hardzero_only,0.065,55,17,0.0,1,0.43345317,0.43345317,1.0114707,0.0,0.09739335,0.0,0.0,0.065,-27.638504,2.2252798,0.74175996,0.136,0.0,0.170635,0.0,0.0,57600
hardzero_only__c0p58__z1p00__lam0p000__nu0p50__psi0p00,hardzero_only,0.065,55,18,0.0,1,0.43345317,0.43345317,1.0136876,0.0,0.09689747,0.0,0.0,0.065,-28.41017,2.2301574,0.7433858,0.136,0.0,0.15576424,0.0,0.0,60800
hardzero_only__c0p58__z1p00__lam0p000__nu0p50__psi0p00,hardzero_only,0.065,55,19,0.0,1,0.43345317,0.43345317,1.0562692,0.0,0.087847784,0.0,0.0,0.065,-27.83795,2.3238385,0.77461284,0.096,0.0,0.12308498,0.0,0.0,64000
hardzero_only__c0p58__z1p00__lam0p000__nu0p50__psi0p00,hardzero_only,0.065,55,20,0.0,1,0.43345317,0.43345317,1.0324967,0.0,0.09279044,0.0,0.0,0.065,-27.803091,2.271538,0.7571794,0.128,0.0,0.16438796,0.0,0.0,67200
hardzero_only__c0p58__z1p00__lam0p000__nu0p50__psi0p00,hardzero_only,0.065,55,21,0.0,1,0.43345317,0.43345317,1.1016707,0.0,0.079127826,0.0,0.0,0.065,-27.892296,2.423724,0.807908,0.14400001,0.0,0.15270992,0.0,0.0,70400
hardzero_only__c0p58__z1p00__lam0p000__nu0p50__psi0p00,hardzero_only,0.065,55,22,0.0,1,0.43345317,0.43345317,1.045777,0.0,0.089995965,0.0,0.0,0.065,-27.872972,2.3007553,0.7669184,0.15200001,0.0,0.17567241,0.0,0.0,73600
hardzero_only__c0p58__z1p00__lam0p000__nu0p50__psi0p00,hardzero_only,0.065,55,23,0.0,1,0.43345317,0.4404739,0.9665309,0.10801128,0.10801128,1.0,0.0070207333,0.065,-26.311213,2.1264105,0.70880353,0.104,0.0,0.12036428,0.0,0.0,76800
hardzero_only__c0p58__z1p00__lam0p000__nu0p50__psi0p00,hardzero_only,0.065,55,24,0.0,1,0.4404739,0.4404739,1.0282884,0.0,0.09369396,0.0,0.0,0.065,-27.61902,2.2622795,0.75409317,0.112,0.0,0.15522093,0.0,0.0,80000
hardzero_only__c0p58__z1p00__lam0p000__nu0p50__psi0p00,hardzero_only,0.065,55,25,0.0,1,0.4404739,0.4404739,1.024711,0.0,0.09446892,0.0,0.0,0.065,-27.915623,2.2544093,0.7514698,0.216,0.0,0.14807978,0.0,0.0,83200
hardzero_only__c0p58__z1p00__lam0p000__nu0p50__psi0p00,hardzero_only,0.065,55,26,0.0,1,0.4404739,0.4404739,1.0261079,0.0,0.09416557,0.0,0.0,0.065,-26.712587,2.2574825,0.7524942,0.14999999,0.0,0.1470945,0.0,0.0,86400
hardzero_only__c0p58__z1p00__lam0p000__nu0p50__psi0p00,hardzero_only,0.065,55,27,0.0,1,0.4404739,0.4404739,1.0249761,0.0,0.09441128,0.0,0.0,0.065,-27.542074,2.2549925,0.75166416,0.112,0.0,0.14878705,0.0,0.0,89600
hardzero_only__c0p58__z1p00__lam0p000__nu0p50__psi0p00,hardzero_only,0.065,55,28,0.0,1,0.4404739,0.4404739,1.0793331,0.0,0.08330421,0.0,0.0,0.065,-28.23216,2.3745801,0.79152673,0.216,0.0,0.16751976,0.0,0.0,92800
hardzero_only__c0p58__z1p00__lam0p000__nu0p50__psi0p00,hardzero_only,0.065,55,29,0.0,1,0.4404739,0.4404739,1.0906066,0.0,0.0811696,0.0,0.0,0.065,-28.995413,2.3993824,0.79979414,0.136,0.0,0.14846791,0.0,0.0,96000
hardzero_only__c0p58__z1p00__lam0p000__nu0p50__psi0p00,hardzero_only,0.065,55,30,0.0,1,0.4404739,0.4404739,1.0510979,0.0,0.08890008,0.0,0.0,0.065,-27.111366,2.3124614,0.7708205,0.14400001,0.0,0.12991287,0.0,0.0,99200
hardzero_only__c0p58__z1p00__lam0p000__nu0p50__psi0p00,hardzero_only,0.065,55,31,0.0,1,0.4404739,0.4404739,1.0362393,0.0,0.09199427,0.0,0.0,0.065,-28.101007,2.2797718,0.75992393,0.16000001,0.0,0.17028469,0.0,0.0,102400
hardzero_only__c0p58__z1p00__lam0p000__nu0p50__psi0p00,hardzero_only,0.065,55,32,0.0,1,0.4404739,0.44716048,0.98771065,0.10287013,0.10287013,1.0,0.006686558,0.065,-26.44749,2.1730068,0.7243356,0.17600001,0.008,0.13957314,0.0,0.0,105600
hardzero_only__c0p58__z1p00__lam0p000__nu0p50__psi0p00,hardzero_only,0.065,55,33,0.0,1,0.44716048,0.44716048,1.0679276,0.0,0.08552093,0.0,0.0,0.065,-27.991955,2.3494875,0.78316253,0.16000001,0.0,0.13883996,0.0,0.0,108800
hardzero_only__c0p58__z1p00__lam0p000__nu0p50__psi0p00,hardzero_only,0.065,55,34,0.0,1,0.44716048,0.44716048,1.0147282,0.0,0.09666557,0.0,0.0,0.065,-26.345184,2.2324467,0.7441489,0.2,0.008,0.15053165,0.0,0.0,112000
hardzero_only__c0p58__z1p00__lam0p000__nu0p50__psi0p00,hardzero_only,0.065,55,35,0.0,1,0.44716048,0.45414045,0.96905917,0.10738432,0.10738432,1.0,0.0069799805,0.065,-25.778154,2.1319728,0.7106576,0.16000001,0.0,0.11859296,0.0,0.0,115200
hardzero_only__c0p58__z1p00__lam0p000__nu0p50__psi0p00,hardzero_only,0.065,55,36,0.0,1,0.45414045,0.45414045,1.0104686,0.0,0.09761833,0.0,0.0,0.065,-26.48973,2.2230754,0.74102515,0.136,0.0,0.15093899,0.0,0.0,118400
hardzero_only__c0p58__z1p00__lam0p000__nu0p50__psi0p00,hardzero_only,0.065,55,37,0.0,1,0.45414045,0.45414045,1.0209196,0.0,0.095297255,0.0,0.0,0.065,-27.603567,2.246068,0.74868935,0.136,0.0,0.15471049,0.0,0.0,121600
hardzero_only__c0p58__z1p00__lam0p000__nu0p50__psi0p00,hardzero_only,0.065,55,38,0.0,1,0.45414045,0.45414045,1.0482618,0.0,0.089482516,0.0,0.0,0.065,-27.888395,2.306222,0.76874065,0.136,0.0,0.12645756,0.0,0.0,124800
hardzero_only__c0p58__z1p00__lam0p000__nu0p50__psi0p00,hardzero_only,0.065,55,39,0.0,1,0.45414045,0.45414045,1.0118264,0.0,0.09731362,0.0,0.0,0.065,-27.585873,2.2260625,0.74202085,0.22999999,0.0,0.17724979,0.0,0.0,128000
hardzero_only__c0p58__z1p00__lam0p000__nu0p50__psi0p00,hardzero_only,0.065,55,40,0.0,1,0.45414045,0.45414045,1.0015733,0.0,0.09963837,0.0,0.0,0.065,-26.945913,2.2035053,0.7345018,0.18400002,0.0,0.15957287,0.0,0.0,131200
hardzero_only__c0p58__z1p00__lam0p000__nu0p50__psi0p00,hardzero_only,0.065,55,41,0.0,1,0.45414045,0.45414045,1.0713761,0.0,0.08484454,0.0,0.0,0.065,-27.977892,2.3570745,0.7856915,0.136,0.0,0.16010143,0.0,0.0,134400
hardzero_only__c0p58__z1p00__lam0p000__nu0p50__psi0p00,hardzero_only,0.065,55,42,0.0,1,0.45414045,0.45414045,1.0300375,0.0,0.09331735,0.0,0.0,0.065,-27.035166,2.2661278,0.755376,0.224,0.0,0.13943994,0.0,0.0,137600
hardzero_only__c0p58__z1p00__lam0p000__nu0p50__psi0p00,hardzero_only,0.065,55,43,0.0,1,0.45414045,0.45414045,1.0539591,0.0,0.0883163,0.0,0.0,0.065,-27.19894,2.3187563,0.7729188,0.16000001,0.0,0.15237303,0.0,0.0,140800
hardzero_only__c0p58__z1p00__lam0p000__nu0p50__psi0p00,hardzero_only,0.065,55,44,0.0,1,0.45414045,0.46076187,0.99196136,0.1018682,0.1018682,1.0,0.0066214325,0.065,-27.290266,2.1823585,0.7274529,0.18400002,0.0,0.17758732,0.0,0.0,144000
hardzero_only__c0p58__z1p00__lam0p000__nu0p50__psi0p00,hardzero_only,0.065,55,45,0.0,1,0.46076187,0.46076187,1.0490955,0.0,0.0893109,0.0,0.0,0.065,-27.773935,2.308056,0.7693521,0.14400001,0.0,0.14385255,0.0,0.0,147200
hardzero_only__c0p58__z1p00__lam0p000__nu0p50__psi0p00,hardzero_only,0.065,55,46,0.0,1,0.46076187,0.46076187,1.036933,0.0,0.091847435,0.0,0.0,0.065,-27.983816,2.281298,0.76043266,0.16000001,0.0,0.1565037,0.0,0.0,150400
hardzero_only__c0p58__z1p00__lam0p000__nu0p50__psi0p00,hardzero_only,0.065,55,47,0.0,1,0.46076187,0.46076187,1.0148759,0.0,0.096632704,0.0,0.0,0.065,-27.362785,2.2327716,0.7442572,0.17600001,0.0,0.16926338,0.0,0.0,153600
hardzero_only__c0p58__z1p00__lam0p000__nu0p50__psi0p00,hardzero_only,0.065,55,48,0.0,1,0.46076187,0.46726844,0.9995624,0.1001008,0.1001008,1.0,0.006506552,0.065,-27.036177,2.1990812,0.7330271,0.16000001,0.0,0.1477628,0.0,0.0,156800
hardzero_only__c0p58__z1p00__lam0p000__nu0p50__psi0p00,hardzero_only,0.065,55,49,0.0,1,0.46726844,0.46726844,1.0822101,0.0,0.08275417,0.0,0.0,0.065,-28.005787,2.3809097,0.79363656,0.14400001,0.0,0.17299263,0.0,0.0,160000
hardzero_only__c0p58__z1p00__lam0p000__nu0p50__psi0p00,hardzero_only,0.065,55,50,0.0,1,0.46726844,0.4738577,0.99407554,0.10137351,0.10137351,1.0,0.0065892776,0.065,-27.341545,2.1870098,0.7290033,0.16800001,0.0,0.13101935,0.0,0.0,163200
hardzero_only__c0p58__z1p00__lam0p000__nu0p50__psi0p00,hardzero_only,0.065,55,51,0.0,1,0.4738577,0.4738577,1.0450889,0.0,0.09013866,0.0,0.0,0.065,-27.893389,2.2992415,0.76641387,0.192,0.0,0.15709811,0.0,0.0,166400
hardzero_only__c0p58__z1p00__lam0p000__nu0p50__psi0p00,hardzero_only,0.065,55,52,0.0,1,0.4738577,0.4738577,1.0190316,0.0,0.09571242,0.0,0.0,0.065,-27.612827,2.2419145,0.74730486,0.16,0.0,0.13369603,0.0,0.0,169600
hardzero_only__c0p58__z1p00__lam0p000__nu0p50__psi0p00,hardzero_only,0.065,55,53,0.0,1,0.4738577,0.4738577,1.0708948,0.0,0.08493861,0.0,0.0,0.065,-27.34589,2.3560157,0.7853386,0.128,0.0,0.18139414,0.0,0.0,172800
hardzero_only__c0p58__z1p00__lam0p000__nu0p50__psi0p00,hardzero_only,0.065,55,54,0.0,1,0.4738577,0.4738577,1.091939,0.0,0.08092096,0.0,0.0,0.065,-28.406158,2.4023137,0.80077124,0.15200001,0.0,0.1463036,0.0,0.0,176000
hardzero_only__c0p58__z1p00__lam0p000__nu0p50__psi0p00,hardzero_only,0.065,55,55,0.0,1,0.4738577,0.4738577,1.0322706,0.0,0.09283877,0.0,0.0,0.065,-26.616478,2.2710404,0.7570135,0.2,0.0,0.1560001,0.0,0.0,179200
hardzero_only__c0p58__z1p00__lam0p000__nu0p50__psi0p00,hardzero_only,0.065,55,56,0.0,1,0.4738577,0.48039633,0.99742675,0.10059427,0.10059427,1.0,0.006538627,0.065,-26.924652,2.1943827,0.7314609,0.120000005,0.0,0.13091925,0.0,0.0,182400
hardzero_only__c0p58__z1p00__lam0p000__nu0p50__psi0p00,hardzero_only,0.065,55,57,0.0,1,0.48039633,0.48039633,1.0376548,0.0,0.091694914,0.0,0.0,0.065,-27.595926,2.282886,0.760962,0.120000005,0.0,0.1459046,0.0,0.0,185600
hardzero_only__c0p58__z1p00__lam0p000__nu0p50__psi0p00,hardzero_only,0.065,55,58,0.0,1,0.48039633,0.48039633,1.0183195,0.0,0.095869504,0.0,0.0,0.065,-26.615835,2.2403476,0.74678254,0.17600001,0.0,0.14234783,0.0,0.0,188800
hardzero_only__c0p58__z1p00__lam0p000__nu0p50__psi0p00,hardzero_only,0.065,55,59,0.0,1,0.48039633,0.48039633,1.0229131,0.0,0.09486082,0.0,0.0,0.065,-26.75142,2.2504537,0.7501513,0.136,0.0,0.122044034,0.0,0.0,192000
hardzero_only__c0p58__z1p00__lam0p000__nu0p50__psi0p00,hardzero_only,0.065,55,60,0.0,1,0.48039633,0.48039633,1.0427072,0.0,0.090634346,0.0,0.0,0.065,-27.507208,2.2940016,0.7646672,0.136,0.0,0.14618137,0.0,0.0,195200
hardzero_only__c0p58__z1p00__lam0p000__nu0p50__psi0p00,hardzero_only,0.065,55,61,0.0,1,0.48039633,0.48039633,1.0269741,0.0,0.093977936,0.0,0.0,0.065,-26.3485,2.2593882,0.7531294,0.15200001,0.0,0.13066824,0.0,0.0,198400
hardzero_only__c0p58__z1p00__lam0p000__nu0p50__psi0p00,hardzero_only,0.065,55,62,0.0,1,0.48039633,0.48039633,1.0595678,0.0,0.087183066,0.0,0.0,0.065,-29.027122,2.3310957,0.7770319,0.15200001,0.0,0.16516122,0.0,0.0,201600
hardzero_only__c0p58__z1p00__lam0p000__nu0p50__psi0p00,hardzero_only,0.065,55,63,0.0,1,0.48039633,0.48039633,1.0293088,0.0,0.093474075,0.0,0.0,0.065,-27.443705,2.2645247,0.75484157,0.192,0.0,0.16274408,0.0,0.0,204800
hardzero_only__c0p58__z1p00__lam0p000__nu0p50__psi0p00,hardzero_only,0.065,55,64,0.0,1,0.48039633,0.48039633,1.0147722,0.0,0.09665577,0.0,0.0,0.065,-26.787985,2.2325435,0.74418116,0.14400001,0.0,0.1568572,0.0,0.0,208000
hardzero_only__c0p58__z1p00__lam0p000__nu0p50__psi0p00,hardzero_only,0.065,55,65,0.0,1,0.48039633,0.48690653,0.9993193,0.10015686,0.10015686,1.0,0.006510196,0.065,-26.910004,2.1985464,0.7328488,0.17,0.0,0.120806456,0.0,0.0,211200
hardzero_only__c0p58__z1p00__lam0p000__nu0p50__psi0p00,hardzero_only,0.065,55,66,0.0,1,0.48690653,0.48690653,1.0126809,0.0,0.09712233,0.0,0.0,0.065,-27.342203,2.2279425,0.7426475,0.15200001,0.0,0.17667353,0.0,0.0,214400
hardzero_only__c0p58__z1p00__lam0p000__nu0p50__psi0p00,hardzero_only,0.065,55,67,0.0,1,0.48690653,0.48690653,1.0132668,0.0,0.0969914,0.0,0.0,0.065,-27.124937,2.2292314,0.74307716,0.256,0.0,0.12532008,0.0,0.0,217600
hardzero_only__c0p58__z1p00__lam0p000__nu0p50__psi0p00,hardzero_only,0.065,55,68,0.0,1,0.48690653,0.49376518,0.97667545,0.10551749,0.10551749,1.0,0.0068586366,0.065,-26.297813,2.1487288,0.71624297,0.208,0.0,0.11085495,0.0,0.0,220800
hardzero_only__c0p58__z1p00__lam0p000__nu0p50__psi0p00,hardzero_only,0.065,55,69,0.0,1,0.49376518,0.49376518,1.0699053,0.0,0.08513237,0.0,0.0,0.065,-27.966963,2.3538387,0.7846129,0.136,0.0,0.16447204,0.0,0.0,224000
hardzero_only__c0p58__z1p00__lam0p000__nu0p50__psi0p00,hardzero_only,0.065,55,70,0.0,1,0.49376518,0.49376518,1.0189891,0.0,0.0957218,0.0,0.0,0.065,-26.559443,2.2418208,0.7472736,0.136,0.0,0.14187448,0.0,0.0,227200
hardzero_only__c0p58__z1p00__lam0p000__nu0p50__psi0p00,hardzero_only,0.065,55,71,0.0,1,0.49376518,0.49376518,1.0168965,0.0,0.09618415,0.0,0.0,0.065,-26.701773,2.237217,0.745739,0.136,0.0,0.17859927,0.0,0.0,230400
hardzero_only__c0p58__z1p00__lam0p000__nu0p50__psi0p00,hardzero_only,0.065,55,72,0.0,1,0.49376518,0.5004489,0.9878956,0.10282634,0.10282634,1.0,0.006683712,0.065,-26.811007,2.1734138,0.7244713,0.16800001,0.0,0.13224354,0.0,0.0,233600
hardzero_only__c0p58__z1p00__lam0p000__nu0p50__psi0p00,hardzero_only,0.065,55,73,0.0,1,0.5004489,0.5070194,0.99531454,0.1010847,0.1010847,1.0,0.0065705054,0.065,-26.538795,2.1897357,0.7299119,0.14400001,0.0,0.12052634,0.0,0.0,236800
hardzero_only__c0p58__z1p00__lam0p000__nu0p50__psi0p00,hardzero_only,0.065,55,74,0.0,1,0.5070194,0.5070194,1.053199,0.0,0.08847099,0.0,0.0,0.065,-27.808346,2.317084,0.7723614,0.128,0.0,0.15019846,0.0,0.0,240000
hardzero_only__c0p58__z1p00__lam0p000__nu0p50__psi0p00,hardzero_only,0.065,55,75,0.0,1,0.5070194,0.5070194,1.0371494,0.0,0.09180165,0.0,0.0,0.065,-28.010921,2.2817743,0.76059145,0.14400001,0.0,0.17242463,0.0,0.0,243200
hardzero_only__c0p58__z1p00__lam0p000__nu0p50__psi0p00,hardzero_only,0.065,55,76,0.0,1,0.5070194,0.5070194,1.0188569,0.0,0.09575095,0.0,0.0,0.065,-26.931576,2.24153,0.74717665,0.15200001,0.0,0.14328156,0.0,0.0,246400
hardzero_only__c0p58__z1p00__lam0p000__nu0p50__psi0p00,hardzero_only,0.065,55,77,0.0,1,0.5070194,0.5070194,1.0494745,0.0,0.089233,0.0,0.0,0.065,-27.730959,2.3088899,0.76962996,0.15200001,0.0,0.1849291,0.0,0.0,249600
hardzero_only__c0p58__z1p00__lam0p000__nu0p50__psi0p00,hardzero_only,0.065,55,78,0.0,1,0.5070194,0.5070194,1.0055047,0.0,0.098740496,0.0,0.0,0.065,-26.42302,2.2121546,0.7373849,0.14999999,0.0,0.1390714,0.0,0.0,252800
hardzero_only__c0p58__z1p00__lam0p000__nu0p50__psi0p00,hardzero_only,0.065,55,79,0.0,1,0.5070194,0.5070194,1.0595424,0.0,0.08718817,0.0,0.0,0.065,-27.714329,2.33104,0.7770133,0.18400002,0.0,0.14571115,0.0,0.0,256000
hardzero_only__c0p58__z1p00__lam0p000__nu0p50__psi0p00,hardzero_only,0.065,55,80,0.0,1,0.5070194,0.5070194,1.0116458,0.0,0.09735409,0.0,0.0,0.065,-26.632744,2.225665,0.7418884,0.16800001,0.0,0.12574428,0.0,0.0,259200
hardzero_only__c0p58__z1p00__lam0p000__nu0p50__psi0p00,hardzero_only,0.065,55,81,0.0,1,0.5070194,0.5070194,1.0101775,0.0,0.09768378,0.0,0.0,0.065,-27.360897,2.2224348,0.7408116,0.096,0.0,0.13296068,0.0,0.0,262400
hardzero_only__c0p58__z1p00__lam0p000__nu0p50__psi0p00,hardzero_only,0.065,55,82,0.0,1,0.5070194,0.5135918,0.9951886,0.10111401,0.10111401,1.0,0.0065724105,0.065,-27.356544,2.1894586,0.72981954,0.208,0.0,0.126021,0.0,0.0,265600
hardzero_only__c0p58__z1p00__lam0p000__nu0p50__psi0p00,hardzero_only,0.065,55,83,0.0,1,0.5135918,0.5135918,1.0088954,0.0,0.0979726,0.0,0.0,0.065,-26.78973,2.2196143,0.73987144,0.23200001,0.0,0.13962007,0.0,0.0,268800
hardzero_only__c0p58__z1p00__lam0p000__nu0p50__psi0p00,hardzero_only,0.065,55,84,0.0,1,0.5135918,0.5135918,1.0406517,0.0,0.09106434,0.0,0.0,0.065,-27.449507,2.2894795,0.7631599,0.16800001,0.0,0.16238019,0.0,0.0,272000
hardzero_only__c0p58__z1p00__lam0p000__nu0p50__psi0p00,hardzero_only,0.065,55,85,0.0,1,0.5135918,0.5135918,1.037376,0.0,0.09175378,0.0,0.0,0.065,-27.63683,2.2822728,0.7607576,0.128,0.0,0.15702179,0.0,0.0,275200
hardzero_only__c0p58__z1p00__lam0p000__nu0p50__psi0p00,hardzero_only,0.065,55,86,0.0,1,0.5135918,0.5135918,1.0935795,0.0,0.080615856,0.0,0.0,0.065,-28.376802,2.405923,0.8019743,0.17600001,0.0,0.15740123,0.0,0.0,278400
hardzero_only__c0p58__z1p00__lam0p000__nu0p50__psi0p00,hardzero_only,0.065,55,87,0.0,1,0.5135918,0.5135918,1.0060424,0.0,0.09861832,0.0,0.0,0.065,-26.047298,2.2133374,0.73777914,0.192,0.0,0.16745181,0.0,0.0,281600
hardzero_only__c0p58__z1p00__lam0p000__nu0p50__psi0p00,hardzero_only,0.065,55,88,0.0,1,0.5135918,0.5135918,1.0397224,0.0,0.09125938,0.0,0.0,0.065,-27.234324,2.287435,0.76247835,0.120000005,0.0,0.13463658,0.0,0.0,284800
hardzero_only__c0p58__z1p00__lam0p000__nu0p50__psi0p00,hardzero_only,0.065,55,89,0.0,1,0.5135918,0.5205794,0.9685852,0.10750156,0.10750156,1.0,0.006987601,0.065,-26.739813,2.13093,0.71031,0.208,0.0,0.13053231,0.0,0.0,288000
hardzero_only__c0p58__z1p00__lam0p000__nu0p50__psi0p00,hardzero_only,0.065,55,90,0.0,1,0.5205794,0.5205794,1.0148716,0.0,0.09663365,0.0,0.0,0.065,-26.513218,2.232762,0.74425405,0.16800001,0.0,0.13589779,0.0,0.0,291200
hardzero_only__c0p58__z1p00__lam0p000__nu0p50__psi0p00,hardzero_only,0.065,55,91,0.0,1,0.5205794,0.5275828,0.9676033,0.107744895,0.107744895,1.0,0.0070034177,0.065,-26.601044,2.1287699,0.70958996,0.21,0.0,0.1226977,0.0,0.0,294400
hardzero_only__c0p58__z1p00__lam0p000__nu0p50__psi0p00,hardzero_only,0.065,55,92,0.0,1,0.5275828,0.5275828,1.0311457,0.0,0.09307955,0.0,0.0,0.065,-27.171278,2.268566,0.75618863,0.15200001,0.0,0.14067765,0.0,0.0,297600
hardzero_only__c0p58__z1p00__lam0p000__nu0p50__psi0p00,hardzero_only,0.065,55,93,0.0,1,0.5275828,0.5346787,0.9619073,0.10916732,0.10916732,1.0,0.0070958757,0.065,-25.971592,2.1162384,0.7054128,0.14400001,0.0,0.12968126,0.0,0.0,300800
hardzero_only__c0p58__z1p00__lam0p000__nu0p50__psi0p00,hardzero_only,0.065,55,94,0.0,1,0.5346787,0.5346787,1.0672227,0.0,0.08565984,0.0,0.0,0.065,-27.643082,2.3479369,0.78264564,0.120000005,0.0,0.15176868,0.0,0.0,304000
hardzero_only__c0p58__z1p00__lam0p000__nu0p50__psi0p00,hardzero_only,0.065,55,95,0.0,1,0.5346787,0.54166377,0.96874285,0.10746256,0.10746256,1.0,0.0069850665,0.065,-25.623184,2.1312768,0.7104256,0.16000001,0.0,0.13867423,0.0,0.0,307200
hardzero_only__c0p58__z1p00__lam0p000__nu0p50__psi0p00,hardzero_only,0.065,55,96,0.0,1,0.54166377,0.54166377,1.0081784,0.0,0.09813449,0.0,0.0,0.065,-27.278711,2.2180367,0.73934555,0.224,0.0,0.14360064,0.0,0.0,310400
hardzero_only__c0p58__z1p00__lam0p000__nu0p50__psi0p00,hardzero_only,0.065,55,97,0.0,1,0.54166377,0.54166377,1.0294658,0.0,0.093440294,0.0,0.0,0.065,-26.751516,2.26487,0.75495666,0.17600001,0.0,0.14952947,0.0,0.0,313600
hardzero_only__c0p58__z1p00__lam0p000__nu0p50__psi0p00,hardzero_only,0.065,55,98,0.0,1,0.54166377,0.54166377,1.02913,0.0,0.09351257,0.0,0.0,0.065,-27.230263,2.264131,0.7547104,0.18400002,0.0,0.146175,0.0,0.0,316800
hardzero_only__c0p58__z1p00__lam0p000__nu0p50__psi0p00,hardzero_only,0.065,55,99,0.0,1,0.54166377,0.54166377,1.0074944,0.0,0.098289154,0.0,0.0,0.065,-27.15932,2.216532,0.73884404,0.216,0.0,0.15719488,0.0,0.0,320000
hardzero_only__c0p58__z1p00__lam0p000__nu0p50__psi0p00,hardzero_only,0.065,55,100,0.0,1,0.54166377,0.54166377,1.0517875,0.0,0.08875903,0.0,0.0,0.065,-27.482578,2.3139787,0.77132624,0.128,0.0,0.1793257,0.0,0.0,323200
hardzero_only__c0p58__z1p00__lam0p000__nu0p50__psi0p00,hardzero_only,0.065,55,101,0.0,1,0.54166377,0.54166377,1.0588026,0.0,0.08733683,0.0,0.0,0.065,-28.062346,2.3294122,0.7764708,0.136,0.0,0.13352668,0.0,0.0,326400
hardzero_only__c0p58__z1p00__lam0p000__nu0p50__psi0p00,hardzero_only,0.065,55,102,0.0,1,0.54166377,0.54834926,0.9877813,0.10285341,0.10285341,1.0,0.0066854716,0.065,-26.557003,2.1731622,0.7243874,0.224,0.0,0.1313805,0.0,0.0,329600
hardzero_only__c0p58__z1p00__lam0p000__nu0p50__psi0p00,hardzero_only,0.065,55,103,0.0,1,0.54834926,0.54834926,1.030666,0.0,0.09318243,0.0,0.0,0.065,-27.277939,2.2675104,0.75583684,0.16800001,0.0,0.14234151,0.0,0.0,332800
hardzero_only__c0p58__z1p00__lam0p000__nu0p50__psi0p00,hardzero_only,0.065,55,104,0.0,1,0.54834926,0.54834926,1.0578322,0.0,0.08753218,0.0,0.0,0.065,-27.372694,2.3272774,0.77575916,0.21,0.0,0.14847751,0.0,0.0,336000
hardzero_only__c0p58__z1p00__lam0p000__nu0p50__psi0p00,hardzero_only,0.065,55,105,0.0,1,0.54834926,0.5552343,0.9750074,0.10592356,0.10592356,1.0,0.0068850312,0.065,-26.8327,2.145059,0.7150197,0.192,0.0,0.13483569,0.0,0.0,339200
hardzero_only__c0p58__z1p00__lam0p000__nu0p50__psi0p00,hardzero_only,0.065,55,106,0.0,1,0.5552343,0.5552343,1.0250171,0.0,0.09440236,0.0,0.0,0.065,-26.157833,2.2550828,0.7516943,0.18400002,0.0,0.12759593,0.0,0.0,342400
hardzero_only__c0p58__z1p00__lam0p000__nu0p50__psi0p00,hardzero_only,0.065,55,107,0.0,1,0.5552343,0.5552343,1.0243685,0.0,0.09454346,0.0,0.0,0.065,-26.536139,2.2536557,0.75121856,0.120000005,0.0,0.13534024,0.0,0.0,345600
hardzero_only__c0p58__z1p00__lam0p000__nu0p50__psi0p00,hardzero_only,0.065,55,108,0.0,1,0.5552343,0.56187457,0.990727,0.10215814,0.10215814,1.0,0.0066402787,0.065,-26.200682,2.179643,0.72654766,0.16800001,0.0,0.13380213,0.0,0.0,348800
hardzero_only__c0p58__z1p00__lam0p000__nu0p50__psi0p00,hardzero_only,0.065,55,109,0.0,1,0.56187457,0.56187457,1.0465322,0.0,0.0898396,0.0,0.0,0.065,-27.82895,2.3024168,0.76747227,0.128,0.0,0.1401786,0.0,0.0,352000
hardzero_only__c0p58__z1p00__lam0p000__nu0p50__psi0p00,hardzero_only,0.065,55,110,0.0,1,0.56187457,0.56187457,1.0486293,0.0,0.08940683,0.0,0.0,0.065,-27.584637,2.3070304,0.7690102,0.16000001,0.0,0.18515828,0.0,0.0,355200
hardzero_only__c0p58__z1p00__lam0p000__nu0p50__psi0p00,hardzero_only,0.065,55,111,0.0,1,0.56187457,0.56187457,1.049593,0.0,0.08920866,0.0,0.0,0.065,-28.310999,2.3091507,0.7697169,0.16800001,0.0,0.14758515,0.0,0.0,358400
hardzero_only__c0p58__z1p00__lam0p000__nu0p50__psi0p00,hardzero_only,0.065,55,112,0.0,1,0.56187457,0.56187457,1.0726438,0.0,0.08459724,0.0,0.0,0.065,-27.798038,2.3598633,0.7866211,0.15200001,0.0,0.15177448,0.0,0.0,361600
hardzero_only__c0p58__z1p00__lam0p000__nu0p50__psi0p00,hardzero_only,0.065,55,113,0.0,1,0.56187457,0.56187457,1.0505162,0.0,0.08901921,0.0,0.0,0.065,-27.825396,2.3111818,0.77039397,0.16800001,0.0,0.16399685,0.0,0.0,364800
hardzero_only__c0p58__z1p00__lam0p000__nu0p50__psi0p00,hardzero_only,0.065,55,114,0.0,1,0.56187457,0.56851584,0.9906638,0.10217299,0.10217299,1.0,0.0066412445,0.065,-26.658045,2.179504,0.72650135,0.224,0.0,0.14083998,0.0,0.0,368000
hardzero_only__c0p58__z1p00__lam0p000__nu0p50__psi0p00,hardzero_only,0.065,55,115,0.0,1,0.56851584,0.56851584,1.078012,0.0,0.083557986,0.0,0.0,0.065,-27.904663,2.3716738,0.790558,0.136,0.0,0.12670115,0.0,0.0,371200
hardzero_only__c0p58__z1p00__lam0p000__nu0p50__psi0p00,hardzero_only,0.065,55,116,0.0,1,0.56851584,0.56851584,1.0121733,0.0,0.0972359,0.0,0.0,0.065,-27.909166,2.2268257,0.74227524,0.23200001,0.0,0.16216439,0.0,0.0,374400
hardzero_only__c0p58__z1p00__lam0p000__nu0p50__psi0p00,hardzero_only,0.065,55,117,0.0,1,0.56851584,0.56851584,1.0327241,0.0,0.09274188,0.0,0.0,0.065,-26.848045,2.2720385,0.75734615,0.11,0.0,0.1336291,0.0,0.0,377600
hardzero_only__c0p58__z1p00__lam0p000__nu0p50__psi0p00,hardzero_only,0.065,55,118,0.0,1,0.56851584,0.56851584,1.0426191,0.0,0.09065274,0.0,0.0,0.065,-27.23556,2.2938077,0.7646026,0.112,0.0,0.13706732,0.0,0.0,380800
hardzero_only__c0p58__z1p00__lam0p000__nu0p50__psi0p00,hardzero_only,0.065,55,119,0.0,1,0.56851584,0.56851584,1.0757288,0.0,0.08399844,0.0,0.0,0.065,-28.244427,2.3666506,0.78888357,0.136,0.0,0.16333525,0.0,0.0,384000
hardzero_only__c0p58__z1p00__lam0p000__nu0p50__psi0p00,hardzero_only,0.065,55,120,0.0,1,0.56851584,0.56851584,1.0531031,0.0,0.088490546,0.0,0.0,0.065,-27.12286,2.316873,0.77229106,0.16800001,0.0,0.13886693,0.0,0.0,387200
hardzero_only__c0p58__z1p00__lam0p000__nu0p50__psi0p00,hardzero_only,0.065,55,121,0.0,1,0.56851584,0.56851584,1.0674876,0.0,0.08560761,0.0,0.0,0.065,-27.668056,2.3485196,0.7828399,0.208,0.0,0.19351116,0.0,0.0,390400
hardzero_only__c0p58__z1p00__lam0p000__nu0p50__psi0p00,hardzero_only,0.065,55,122,0.0,1,0.56851584,0.56851584,1.0552949,0.0,0.088045076,0.0,0.0,0.065,-28.461636,2.321695,0.77389836,0.14400001,0.0,0.13561936,0.0,0.0,393600
hardzero_only__c0p58__z1p00__lam0p000__nu0p50__psi0p00,hardzero_only,0.065,55,123,0.0,1,0.56851584,0.57506883,0.9964732,0.10081538,0.10081538,1.0,0.0065529994,0.065,-26.91672,2.1922848,0.73076165,0.128,0.0,0.12038437,0.0,0.0,396800
hardzero_only__c0p58__z1p00__lam0p000__nu0p50__psi0p00,hardzero_only,0.065,55,124,0.0,1,0.57506883,0.57506883,1.0888816,0.0,0.081492625,0.0,0.0,0.065,-28.106928,2.3955874,0.79852915,0.136,0.008,0.19905645,0.0,0.0,400000
hardzero_only__c0p58__z1p00__lam0p000__nu0p50__psi0p00,hardzero_only,0.065,55,125,0.0,1,0.57506883,0.57506883,1.0225848,0.0,0.09493256,0.0,0.0,0.065,-27.29204,2.2497315,0.74991053,0.120000005,0.0,0.15561406,0.0,0.0,403200
hardzero_only__c0p58__z1p00__lam0p000__nu0p50__psi0p00,hardzero_only,0.065,55,126,0.0,1,0.57506883,0.58174443,0.98842317,0.10270151,0.10270151,1.0,0.0066755977,0.065,-26.354288,2.1745744,0.72485816,0.17600001,0.0,0.120583564,0.0,0.0,406400
hardzero_only__c0p58__z1p00__lam0p000__nu0p50__psi0p00,hardzero_only,0.065,55,127,1.0,2,0.58174443,0.0017444491,1.0278088,0.0,0.09379748,0.0,0.0,0.065,-26.96493,2.2612245,0.7537415,0.18400002,0.0,0.16136582,0.0,0.0,409600
hardzero_only__c0p58__z1p00__lam0p000__nu0p50__psi0p00,hardzero_only,0.065,55,128,0.0,2,0.0017444491,0.008702178,0.9704459,0.10704197,0.10704197,1.0,0.006957728,0.065,-26.10751,2.1350236,0.7116746,0.14400001,0.0,0.13058892,0.0,0.0,412800
hardzero_only__c0p58__z1p00__lam0p000__nu0p50__psi0p00,hardzero_only,0.065,55,129,0.0,2,0.008702178,0.015839333,0.95938826,0.10980239,0.10980239,1.0,0.007137155,0.065,-26.44554,2.1106963,0.7035655,0.23200001,0.0,0.124773055,0.0,0.0,416000
hardzero_only__c0p58__z1p00__lam0p000__nu0p50__psi0p00,hardzero_only,0.065,55,130,0.0,2,0.015839333,0.015839333,1.0377291,0.0,0.091679215,0.0,0.0,0.065,-27.391459,2.2830496,0.76101655,0.19,0.0,0.1330362,0.0,0.0,419200
hardzero_only__c0p58__z1p00__lam0p000__nu0p50__psi0p00,hardzero_only,0.065,55,131,0.0,2,0.015839333,0.015839333,1.0027512,0.0,0.0993685,0.0,0.0,0.065,-26.583038,2.206097,0.7353656,0.16000001,0.0,0.1315427,0.0,0.0,422400
hardzero_only__c0p58__z1p00__lam0p000__nu0p50__psi0p00,hardzero_only,0.065,55,132,0.0,2,0.015839333,0.015839333,1.0632098,0.0,0.08645502,0.0,0.0,0.065,-28.540092,2.3391082,0.7797028,0.2,0.0,0.17579615,0.0,0.0,425600
hardzero_only__c0p58__z1p00__lam0p000__nu0p50__psi0p00,hardzero_only,0.065,55,133,0.0,2,0.015839333,0.015839333,1.0047458,0.0,0.09891318,0.0,0.0,0.065,-26.705929,2.210485,0.7368283,0.136,0.0,0.1627868,0.0,0.0,428800
hardzero_only__c0p58__z1p00__lam0p000__nu0p50__psi0p00,hardzero_only,0.065,55,134,0.0,2,0.015839333,0.015839333,1.0319444,0.0,0.092908524,0.0,0.0,0.065,-27.844046,2.270323,0.75677437,0.128,0.0,0.12674756,0.0,0.0,432000
hardzero_only__c0p58__z1p00__lam0p000__nu0p50__psi0p00,hardzero_only,0.065,55,135,0.0,2,0.015839333,0.015839333,1.0206743,0.0,0.09535108,0.0,0.0,0.065,-27.157543,2.2455285,0.7485095,0.216,0.0,0.14612226,0.0,0.0,435200
hardzero_only__c0p58__z1p00__lam0p000__nu0p50__psi0p00,hardzero_only,0.065,55,136,0.0,2,0.015839333,0.022588734,0.9836482,0.10383693,0.10383693,1.0,0.0067494004,0.065,-26.344385,2.1640692,0.7213564,0.17600001,0.0,0.14503936,0.0,0.0,438400
hardzero_only__c0p58__z1p00__lam0p000__nu0p50__psi0p00,hardzero_only,0.065,55,137,0.0,2,0.022588734,0.022588734,1.0051954,0.0,0.09881083,0.0,0.0,0.065,-26.92067,2.211474,0.737158,0.18400002,0.008,0.13823955,0.0,0.0,441600
hardzero_only__c0p58__z1p00__lam0p000__nu0p50__psi0p00,hardzero_only,0.065,55,138,0.0,2,0.022588734,0.029450448,0.9764806,0.105564855,0.105564855,1.0,0.006861715,0.065,-26.356546,2.1483002,0.7161001,0.15200001,0.0,0.14881767,0.0,0.0,444800
hardzero_only__c0p58__z1p00__lam0p000__nu0p50__psi0p00,hardzero_only,0.065,55,139,0.0,2,0.029450448,0.036341425,0.97463256,0.10601502,0.10601502,1.0,0.006890976,0.065,-26.743666,2.1442344,0.7147448,0.120000005,0.0,0.13973261,0.0,0.0,448000
hardzero_only__c0p58__z1p00__lam0p000__nu0p50__psi0p00,hardzero_only,0.065,55,140,0.0,2,0.036341425,0.036341425,1.0602484,0.0,0.08704656,0.0,0.0,0.065,-28.468029,2.332593,0.777531,0.14400001,0.0,0.16846415,0.0,0.0,451200
hardzero_only__c0p58__z1p00__lam0p000__nu0p50__psi0p00,hardzero_only,0.065,55,141,0.0,2,0.036341425,0.036341425,1.037942,0.0,0.091634266,0.0,0.0,0.065,-28.389692,2.283518,0.7611727,0.120000005,0.0,0.16508271,0.0,0.0,454400
hardzero_only__c0p58__z1p00__lam0p000__nu0p50__psi0p00,hardzero_only,0.065,55,142,0.0,2,0.036341425,0.043316614,0.9693573,0.10731061,0.10731061,1.0,0.0069751893,0.065,-26.079147,2.1326287,0.7108762,0.15200001,0.0,0.124722295,0.0,0.0,457600
hardzero_only__c0p58__z1p00__lam0p000__nu0p50__psi0p00,hardzero_only,0.065,55,143,0.0,2,0.043316614,0.05012101,0.98012376,0.10468303,0.10468303,1.0,0.0068043964,0.065,-26.400217,2.1563153,0.7187718,0.16,0.0,0.13222617,0.0,0.0,460800
hardzero_only__c0p58__z1p00__lam0p000__nu0p50__psi0p00,hardzero_only,0.065,55,144,0.0,2,0.05012101,0.05012101,1.028856,0.0,0.09357158,0.0,0.0,0.065,-27.109213,2.2635286,0.75450957,0.14400001,0.0,0.14177775,0.0,0.0,464000
hardzero_only__c0p58__z1p00__lam0p000__nu0p50__psi0p00,hardzero_only,0.065,55,145,0.0,2,0.05012101,0.05012101,1.0296654,0.0,0.09339737,0.0,0.0,0.065,-27.06977,2.265309,0.75510305,0.18400002,0.0,0.15327877,0.0,0.0,467200
hardzero_only__c0p58__z1p00__lam0p000__nu0p50__psi0p00,hardzero_only,0.065,55,146,0.0,2,0.05012101,0.05699893,0.9754562,0.10581417,0.10581417,1.0,0.0068779206,0.065,-26.45462,2.1460464,0.71534884,0.16800001,0.0,0.118785426,0.0,0.0,470400
hardzero_only__c0p58__z1p00__lam0p000__nu0p50__psi0p00,hardzero_only,0.065,55,147,0.0,2,0.05699893,0.05699893,1.0347397,0.0,0.092312455,0.0,0.0,0.065,-27.864983,2.2764728,0.7588243,0.16800001,0.0,0.16693349,0.0,0.0,473600
hardzero_only__c0p58__z1p00__lam0p000__nu0p50__psi0p00,hardzero_only,0.065,55,148,0.0,2,0.05699893,0.06408263,0.9626532,0.10898,0.10898,1.0,0.0070836996,0.065,-25.961037,2.1178794,0.7059598,0.16800001,0.0,0.12648602,0.0,0.0,476800
hardzero_only__c0p58__z1p00__lam0p000__nu0p50__psi0p00,hardzero_only,0.065,55,149,0.0,2,0.06408263,0.06408263,1.0584446,0.0,0.08740884,0.0,0.0,0.065,-27.479185,2.3286247,0.7762083,0.16800001,0.0,0.13691796,0.0,0.0,480000
hardzero_only__c0p58__z1p00__lam0p000__nu0p50__psi0p00,hardzero_only,0.065,55,150,0.0,2,0.06408263,0.06408263,1.0414933,0.0,0.09088802,0.0,0.0,0.065,-27.07728,2.291331,0.763777,0.112,0.0,0.14614561,0.0,0.0,483200
hardzero_only__c0p58__z1p00__lam0p000__nu0p50__psi0p00,hardzero_only,0.065,55,151,0.0,2,0.06408263,0.06408263,1.0079069,0.0,0.098195836,0.0,0.0,0.065,-26.651676,2.2174394,0.7391465,0.112,0.0,0.13818264,0.0,0.0,486400
hardzero_only__c0p58__z1p00__lam0p000__nu0p50__psi0p00,hardzero_only,0.065,55,152,0.0,2,0.06408263,0.06408263,1.0093311,0.0,0.09787435,0.0,0.0,0.065,-27.481606,2.2205727,0.7401909,0.128,0.0,0.14438988,0.0,0.0,489600
hardzero_only__c0p58__z1p00__lam0p000__nu0p50__psi0p00,hardzero_only,0.065,55,153,0.0,2,0.06408263,0.06408263,1.0007657,0.0,0.09982384,0.0,0.0,0.065,-26.416199,2.2017286,0.73390955,0.18400002,0.0,0.13739115,0.0,0.0,492800
hardzero_only__c0p58__z1p00__lam0p000__nu0p50__psi0p00,hardzero_only,0.065,55,154,0.0,2,0.06408263,0.06408263,1.0177976,0.0,0.09598477,0.0,0.0,0.065,-27.497236,2.2391994,0.7463998,0.16800001,0.0,0.16361971,0.0,0.0,496000
hardzero_only__c0p58__z1p00__lam0p000__nu0p50__psi0p00,hardzero_only,0.065,55,155,0.0,2,0.06408263,0.07092145,0.9779321,0.10521263,0.10521263,1.0,0.0068388204,0.065,-26.14795,2.1514935,0.7171645,0.14400001,0.0,0.12684454,0.0,0.0,499200
hardzero_only__c0p58__z1p00__lam0p000__nu0p50__psi0p00,hardzero_only,0.065,55,156,0.0,2,0.07092145,0.07092145,1.0535668,0.0,0.08839612,0.0,0.0,0.065,-27.637445,2.3178933,0.7726311,0.19999999,0.0,0.14302711,0.0,0.0,502400
hardzero_only__c0p58__z1p00__lam0p000__nu0p50__psi0p00,hardzero_only,0.065,55,157,0.0,2,0.07092145,0.07092145,1.0446237,0.0,0.09023526,0.0,0.0,0.065,-27.618435,2.298218,0.7660727,0.14400001,0.0,0.16574234,0.0,0.0,505600
hardzero_only__c0p58__z1p00__lam0p000__nu0p50__psi0p00,hardzero_only,0.065,55,158,0.0,2,0.07092145,0.07092145,1.0000838,0.0,0.09998071,0.0,0.0,0.065,-26.706238,2.2002282,0.7334094,0.14400001,0.0,0.1278785,0.0,0.0,508800
hardzero_only__c0p58__z1p00__lam0p000__nu0p50__psi0p00,hardzero_only,0.065,55,159,0.0,2,0.07092145,0.07753513,0.99247,0.101748966,0.101748966,1.0,0.0066136825,0.065,-27.12593,2.1834776,0.7278259,0.192,0.0,0.1352547,0.0,0.0,512000
hardzero_only__c0p58__z1p00__lam0p000__nu0p50__psi0p00,hardzero_only,0.065,55,160,0.0,2,0.07753513,0.07753513,1.0309774,0.0,0.09311565,0.0,0.0,0.065,-27.571547,2.2681954,0.75606513,0.16000001,0.0,0.1385459,0.0,0.0,515200
hardzero_only__c0p58__z1p00__lam0p000__nu0p50__psi0p00,hardzero_only,0.065,55,161,0.0,2,0.07753513,0.08412662,0.99392986,0.10140752,0.10140752,1.0,0.0065914886,0.065,-26.721579,2.1866894,0.7288965,0.18400002,0.0,0.11709074,0.0,0.0,518400
hardzero_only__c0p58__z1p00__lam0p000__nu0p50__psi0p00,hardzero_only,0.065,55,162,0.0,2,0.08412662,0.09082296,0.9870762,0.10302054,0.10302054,1.0,0.006696335,0.065,-26.093103,2.171611,0.7238704,0.16000001,0.0,0.1336612,0.0,0.0,521600
hardzero_only__c0p58__z1p00__lam0p000__nu0p50__psi0p00,hardzero_only,0.065,55,163,0.0,2,0.09082296,0.097545564,0.9853756,0.103424735,0.103424735,1.0,0.0067226076,0.065,-26.795553,2.1678696,0.7226232,0.16000001,0.0,0.12830167,0.0,0.0,524800
hardzero_only__c0p58__z1p00__lam0p000__nu0p50__psi0p00,hardzero_only,0.065,55,164,0.0,2,0.097545564,0.10410286,0.99618876,0.10088143,0.10088143,1.0,0.006557293,0.065,-26.828232,2.191659,0.73055303,0.18400002,0.0,0.15368392,0.0,0.0,528000
hardzero_only__c0p58__z1p00__lam0p000__nu0p50__psi0p00,hardzero_only,0.065,55,165,0.0,2,0.10410286,0.10410286,1.0409231,0.0,0.09100743,0.0,0.0,0.065,-26.8674,2.2900765,0.76335883,0.14400001,0.0,0.16079743,0.0,0.0,531200
hardzero_only__c0p58__z1p00__lam0p000__nu0p50__psi0p00,hardzero_only,0.065,55,166,0.0,2,0.10410286,0.10410286,1.0019599,0.0,0.09954973,0.0,0.0,0.065,-27.096687,2.204356,0.7347853,0.16000001,0.008,0.13954552,0.0,0.0,534400
hardzero_only__c0p58__z1p00__lam0p000__nu0p50__psi0p00,hardzero_only,0.065,55,167,0.0,2,0.10410286,0.10410286,1.0085284,0.0,0.098055415,0.0,0.0,0.065,-27.341711,2.2188067,0.73960227,0.16800001,0.0,0.12878105,0.0,0.0,537600
hardzero_only__c0p58__z1p00__lam0p000__nu0p50__psi0p00,hardzero_only,0.065,55,168,0.0,2,0.10410286,0.10410286,1.0290163,0.0,0.09353705,0.0,0.0,0.065,-27.492931,2.263881,0.754627,0.18400002,0.0,0.13122548,0.0,0.0,540800
hardzero_only__c0p58__z1p00__lam0p000__nu0p50__psi0p00,hardzero_only,0.065,55,169,0.0,2,0.10410286,0.110824734,0.98542285,0.10341347,0.10341347,1.0,0.006721875,0.065,-26.184414,2.1679735,0.72265786,0.13,0.0,0.17518994,0.0,0.0,544000
hardzero_only__c0p58__z1p00__lam0p000__nu0p50__psi0p00,hardzero_only,0.065,55,170,0.0,2,0.110824734,0.110824734,1.0588961,0.0,0.087318026,0.0,0.0,0.065,-28.063856,2.3296177,0.77653927,0.14400001,0.0,0.15417768,0.0,0.0,547200
hardzero_only__c0p58__z1p00__lam0p000__nu0p50__psi0p00,hardzero_only,0.065,55,171,0.0,2,0.110824734,0.110824734,1.0051087,0.0,0.09883055,0.0,0.0,0.065,-26.58351,2.2112834,0.7370945,0.15200001,0.0,0.14477618,0.0,0.0,550400
hardzero_only__c0p58__z1p00__lam0p000__nu0p50__psi0p00,hardzero_only,0.065,55,172,0.0,2,0.110824734,0.11744609,0.9919664,0.101867005,0.101867005,1.0,0.006621355,0.065,-26.321306,2.1823697,0.72745657,0.14400001,0.0,0.14089628,0.0,0.0,553600
hardzero_only__c0p58__z1p00__lam0p000__nu0p50__psi0p00,hardzero_only,0.065,55,173,0.0,2,0.11744609,0.12400401,0.99614733,0.100891046,0.100891046,1.0,0.0065579177,0.065,-27.472929,2.191568,0.73052263,0.17600001,0.0,0.15550108,0.0,0.0,556800
hardzero_only__c0p58__z1p00__lam0p000__nu0p50__psi0p00,hardzero_only,0.065,55,174,0.0,2,0.12400401,0.13052763,0.9984247,0.10036339,0.10036339,1.0,0.00652362,0.065,-27.001244,2.1965783,0.73219275,0.18400002,0.0,0.12581585,0.0,0.0,560000
hardzero_only__c0p58__z1p00__lam0p000__nu0p50__psi0p00,hardzero_only,0.065,55,175,0.0,2,0.13052763,0.13052763,1.0413285,0.0,0.09092253,0.0,0.0,0.065,-27.514545,2.2909687,0.76365626,0.14400001,0.0,0.16506518,0.0,0.0,563200
hardzero_only__c0p58__z1p00__lam0p000__nu0p50__psi0p00,hardzero_only,0.065,55,176,0.0,2,0.13052763,0.13052763,1.004365,0.0,0.098999955,0.0,0.0,0.065,-26.718508,2.2096472,0.7365491,0.096,0.0,0.12616988,0.0,0.0,566400
hardzero_only__c0p58__z1p00__lam0p000__nu0p50__psi0p00,hardzero_only,0.065,55,177,0.0,2,0.13052763,0.13052763,1.0304879,0.0,0.09322065,0.0,0.0,0.065,-28.165407,2.2671187,0.75570625,0.104,0.0,0.15014543,0.0,0.0,569600
hardzero_only__c0p58__z1p00__lam0p000__nu0p50__psi0p00,hardzero_only,0.065,55,178,0.0,2,0.13052763,0.13783605,0.94908965,0.11243728,0.11243728,1.0,0.0073084226,0.065,-25.458492,2.088039,0.696013,0.208,0.0,0.12596807,0.0,0.0,572800
hardzero_only__c0p58__z1p00__lam0p000__nu0p50__psi0p00,hardzero_only,0.065,55,179,0.0,2,0.13783605,0.14490697,0.9634376,0.108783334,0.108783334,1.0,0.0070709167,0.065,-26.079168,2.119605,0.70653504,0.15200001,0.0,0.11144704,0.0,0.0,576000
hardzero_only__c0p58__z1p00__lam0p000__nu0p50__psi0p00,hardzero_only,0.065,55,180,0.0,2,0.14490697,0.14490697,1.0389956,0.0,0.09141224,0.0,0.0,0.065,-27.2935,2.285836,0.76194537,0.14400001,0.0,0.16163486,0.0,0.0,579200
hardzero_only__c0p58__z1p00__lam0p000__nu0p50__psi0p00,hardzero_only,0.065,55,181,0.0,2,0.14490697,0.15250765,0.93206084,0.11693356,0.11693356,1.0,0.0076006814,0.065,-25.273018,2.0505748,0.68352497,0.208,0.0,0.122411974,0.0,0.0,582400
hardzero_only__c0p58__z1p00__lam0p000__nu0p50__psi0p00,hardzero_only,0.065,55,182,0.0,2,0.15250765,0.15904625,0.9974289,0.10059377,0.10059377,1.0,0.0065385946,0.065,-26.496412,2.1943874,0.7314625,0.16,0.0,0.14390548,0.0,0.0,585600
hardzero_only__c0p58__z1p00__lam0p000__nu0p50__psi0p00,hardzero_only,0.065,55,183,0.0,2,0.15904625,0.16560906,0.9958235,0.10096632,0.10096632,1.0,0.0065628104,0.065,-25.621733,2.1908555,0.73028517,0.16000001,0.0,0.120962895,0.0,0.0,588800
hardzero_only__c0p58__z1p00__lam0p000__nu0p50__psi0p00,hardzero_only,0.065,55,184,0.0,2,0.16560906,0.17315368,0.9352756,0.11607116,0.11607116,1.0,0.007544625,0.065,-25.13642,2.0576475,0.6858825,0.208,0.0,0.15660515,0.0,0.0,592000
hardzero_only__c0p58__z1p00__lam0p000__nu0p50__psi0p00,hardzero_only,0.065,55,185,0.0,2,0.17315368,0.17315368,1.0346689,0.0,0.09232749,0.0,0.0,0.065,-27.609554,2.2763171,0.7587724,0.216,0.0,0.18204907,0.0,0.0,595200
hardzero_only__c0p58__z1p00__lam0p000__nu0p50__psi0p00,hardzero_only,0.065,55,186,0.0,2,0.17315368,0.17315368,1.0167414,0.0,0.096218504,0.0,0.0,0.065,-27.227825,2.2368758,0.74562526,0.104,0.0,0.1509101,0.0,0.0,598400
hardzero_only__c0p58__z1p00__lam0p000__nu0p50__psi0p00,hardzero_only,0.065,55,187,0.0,2,0.17315368,0.17990679,0.9834103,0.10389381,0.10389381,1.0,0.0067530973,0.065,-26.469152,2.1635458,0.721182,0.16000001,0.0,0.14628738,0.0,0.0,601600
hardzero_only__c0p58__z1p00__lam0p000__nu0p50__psi0p00,hardzero_only,0.065,55,188,0.0,2,0.17990679,0.18685038,0.97132844,0.10682468,0.10682468,1.0,0.006943604,0.065,-26.656094,2.1369653,0.71232176,0.192,0.0,0.13598615,0.0,0.0,604800
hardzero_only__c0p58__z1p00__lam0p000__nu0p50__psi0p00,hardzero_only,0.065,55,189,0.0,2,0.18685038,0.19379799,0.9710777,0.10688635,0.10688635,1.0,0.0069476124,0.065,-26.356665,2.1364136,0.7121379,0.112,0.0,0.12210012,0.0,0.0,608000
hardzero_only__c0p58__z1p00__lam0p000__nu0p50__psi0p00,hardzero_only,0.065,55,190,0.0,2,0.19379799,0.19379799,1.0261348,0.0,0.09415971,0.0,0.0,0.065,-26.64309,2.2575417,0.7525139,0.16000001,0.0,0.15651332,0.0,0.0,611200
hardzero_only__c0p58__z1p00__lam0p000__nu0p50__psi0p00,hardzero_only,0.065,55,191,0.0,2,0.19379799,0.19379799,1.0132781,0.0,0.09698886,0.0,0.0,0.065,-27.65914,2.2292564,0.7430855,0.136,0.0,0.12199454,0.0,0.0,614400
hardzero_only__c0p58__z1p00__lam0p000__nu0p50__psi0p00,hardzero_only,0.065,55,192,0.0,2,0.19379799,0.20045465,0.98965687,0.10241017,0.10241017,1.0,0.0066566607,0.065,-26.174114,2.1772885,0.72576284,0.208,0.0,0.15789108,0.0,0.0,617600
hardzero_only__c0p58__z1p00__lam0p000__nu0p50__psi0p00,hardzero_only,0.065,55,193,0.0,2,0.20045465,0.20045465,1.0106457,0.0,0.09757852,0.0,0.0,0.065,-28.066496,2.223465,0.741155,0.15200001,0.0,0.13277234,0.0,0.0,620800
hardzero_only__c0p58__z1p00__lam0p000__nu0p50__psi0p00,hardzero_only,0.065,55,194,0.0,2,0.20045465,0.20803724,0.93309575,0.11665523,0.11665523,1.0,0.0075825895,0.065,-25.888035,2.0528517,0.6842839,0.224,0.0,0.13535124,0.0,0.0,624000
hardzero_only__c0p58__z1p00__lam0p000__nu0p50__psi0p00,hardzero_only,0.065,55,195,0.0,2,0.20803724,0.21483581,0.98049635,0.10459324,0.10459324,1.0,0.0067985603,0.065,-26.08744,2.157135,0.71904504,0.17,0.0,0.10258338,0.0,0.0,627200
hardzero_only__c0p58__z1p00__lam0p000__nu0p50__psi0p00,hardzero_only,0.065,55,196,0.0,2,0.21483581,0.22182724,0.96834755,0.107560396,0.107560396,1.0,0.0069914255,0.065,-26.112427,2.130407,0.7101357,0.136,0.0,0.1379149,0.0,0.0,630400
hardzero_only__c0p58__z1p00__lam0p000__nu0p50__psi0p00,hardzero_only,0.065,55,197,0.0,2,0.22182724,0.22880667,0.9690932,0.1073759,0.1073759,1.0,0.006979433,0.065,-27.326681,2.1320477,0.7106826,0.17600001,0.0,0.14762276,0.0,0.0,633600
hardzero_only__c0p58__z1p00__lam0p000__nu0p50__psi0p00,hardzero_only,0.065,55,198,0.0,2,0.22880667,0.22880667,1.0368593,0.0,0.09186303,0.0,0.0,0.065,-27.888556,2.281136,0.7603787,0.192,0.0,0.17633337,0.0,0.0,636800
hardzero_only__c0p58__z1p00__lam0p000__nu0p50__psi0p00,hardzero_only,0.065,55,199,0.0,2,0.22880667,0.23572335,0.9730166,0.106410235,0.106410235,1.0,0.006916665,0.065,-26.174025,2.1406794,0.7135598,0.224,0.0,0.16840386,0.0,0.0,640000
hardzero_only__c0p58__z1p00__lam0p000__nu0p50__psi0p00,hardzero_only,0.065,55,200,0.0,2,0.23572335,0.24223442,0.9992608,0.100170344,0.100170344,1.0,0.006511072,0.065,-27.06677,2.1984177,0.7328059,0.16000001,0.0,0.14099707,0.0,0.0,643200
hardzero_only__c0p58__z1p00__lam0p000__nu0p50__psi0p00,hardzero_only,0.065,55,201,0.0,2,0.24223442,0.24223442,1.0333928,0.0,0.09259919,0.0,0.0,0.065,-26.949512,2.2735095,0.7578365,0.096,0.0,0.15493947,0.0,0.0,646400
hardzero_only__c0p58__z1p00__lam0p000__nu0p50__psi0p00,hardzero_only,0.065,55,202,0.0,2,0.24223442,0.24918476,0.97090787,0.106928155,0.106928155,1.0,0.00695033,0.065,-25.918024,2.13604,0.71201336,0.2,0.0,0.12512635,0.0,0.0,649600
hardzero_only__c0p58__z1p00__lam0p000__nu0p50__psi0p00,hardzero_only,0.065,55,203,0.0,2,0.24918476,0.24918476,1.0458816,0.0,0.08997428,0.0,0.0,0.065,-27.708408,2.3009856,0.7669952,0.112,0.0,0.16784476,0.0,0.0,652800
hardzero_only__c0p58__z1p00__lam0p000__nu0p50__psi0p00,hardzero_only,0.065,55,204,0.0,2,0.24918476,0.24918476,1.0435914,0.0,0.09045002,0.0,0.0,0.065,-27.675423,2.2959468,0.76531565,0.15200001,0.0,0.1518632,0.0,0.0,656000
hardzero_only__c0p58__z1p00__lam0p000__nu0p50__psi0p00,hardzero_only,0.065,55,205,0.0,2,0.24918476,0.25589782,0.9859919,0.10327807,0.10327807,1.0,0.006713074,0.065,-26.249971,2.1692255,0.72307515,0.136,0.0,0.15851675,0.0,0.0,659200
hardzero_only__c0p58__z1p00__lam0p000__nu0p50__psi0p00,hardzero_only,0.065,55,206,0.0,2,0.25589782,0.2624041,0.9995796,0.10009684,0.10009684,1.0,0.006506294,0.065,-27.03271,2.199119,0.73303974,0.136,0.0,0.13659956,0.0,0.0,662400
hardzero_only__c0p58__z1p00__lam0p000__nu0p50__psi0p00,hardzero_only,0.065,55,207,0.0,2,0.2624041,0.2624041,1.0287474,0.0,0.09359498,0.0,0.0,0.065,-27.202038,2.2632895,0.7544298,0.16800001,0.0,0.15833545,0.0,0.0,665600
hardzero_only__c0p58__z1p00__lam0p000__nu0p50__psi0p00,hardzero_only,0.065,55,208,0.0,2,0.2624041,0.2624041,1.0023143,0.0,0.09946852,0.0,0.0,0.065,-26.994751,2.2051356,0.7350452,0.089999996,0.0,0.13517274,0.0,0.0,668800
hardzero_only__c0p58__z1p00__lam0p000__nu0p50__psi0p00,hardzero_only,0.065,55,209,0.0,2,0.2624041,0.2691199,0.98581666,0.10331974,0.10331974,1.0,0.006715783,0.065,-26.418333,2.16884,0.72294664,0.16000001,0.0,0.14801413,0.0,0.0,672000
hardzero_only__c0p58__z1p00__lam0p000__nu0p50__psi0p00,hardzero_only,0.065,55,210,0.0,2,0.2691199,0.2758245,0.9865411,0.10314755,0.10314755,1.0,0.0067045907,0.065,-26.541779,2.1704338,0.72347796,0.216,0.0,0.15363327,0.0,0.0,675200
hardzero_only__c0p58__z1p00__lam0p000__nu0p50__psi0p00,hardzero_only,0.065,55,211,0.0,2,0.2758245,0.2758245,1.0538464,0.0,0.08833924,0.0,0.0,0.065,-27.853008,2.3185084,0.77283615,0.16800001,0.0,0.123023115,0.0,0.0,678400
hardzero_only__c0p58__z1p00__lam0p000__nu0p50__psi0p00,hardzero_only,0.065,55,212,0.0,2,0.2758245,0.2758245,1.0104089,0.0,0.09763176,0.0,0.0,0.065,-27.06834,2.222944,0.74098134,0.08800001,0.0,0.15381299,0.0,0.0,681600
hardzero_only__c0p58__z1p00__lam0p000__nu0p50__psi0p00,hardzero_only,0.065,55,213,0.0,2,0.2758245,0.28352097,0.92662096,0.11840744,0.11840744,1.0,0.0076964837,0.065,-26.664484,2.038607,0.6795356,0.24800001,0.0,0.11770059,0.0,0.0,684800
hardzero_only__c0p58__z1p00__lam0p000__nu0p50__psi0p00,hardzero_only,0.065,55,214,0.0,2,0.28352097,0.29018342,0.9892781,0.10249955,0.10249955,1.0,0.0066624708,0.065,-26.595186,2.1764553,0.7254851,0.224,0.0,0.13753718,0.0,0.0,688000
hardzero_only__c0p58__z1p00__lam0p000__nu0p50__psi0p00,hardzero_only,0.065,55,215,0.0,2,0.29018342,0.2975553,0.94533485,0.1134136,0.1134136,1.0,0.007371884,0.065,-26.263973,2.0797782,0.6932594,0.17600001,0.0,0.12263901,0.0,0.0,691200
hardzero_only__c0p58__z1p00__lam0p000__nu0p50__psi0p00,hardzero_only,0.065,55,216,0.0,2,0.2975553,0.2975553,1.0102718,0.0,0.09766258,0.0,0.0,0.065,-27.11903,2.2226422,0.7408807,0.17600001,0.0,0.15469274,0.0,0.0,694400
hardzero_only__c0p58__z1p00__lam0p000__nu0p50__psi0p00,hardzero_only,0.065,55,217,0.0,2,0.2975553,0.3041542,0.993442,0.101521485,0.101521485,1.0,0.0065988963,0.065,-27.110216,2.185616,0.7285387,0.120000005,0.0,0.13252482,0.0,0.0,697600
hardzero_only__c0p58__z1p00__lam0p000__nu0p50__psi0p00,hardzero_only,0.065,55,218,0.0,2,0.3041542,0.31134692,0.95601934,0.11065745,0.11065745,1.0,0.007192734,0.065,-26.878849,2.1032846,0.70109487,0.14400001,0.0,0.1507619,0.0,0.0,700800
hardzero_only__c0p58__z1p00__lam0p000__nu0p50__psi0p00,hardzero_only,0.065,55,219,0.0,2,0.31134692,0.31134692,1.0009779,0.0,0.09977509,0.0,0.0,0.065,-27.425678,2.2021954,0.7340652,0.192,0.0,0.1642672,0.0,0.0,704000
hardzero_only__c0p58__z1p00__lam0p000__nu0p50__psi0p00,hardzero_only,0.065,55,220,0.0,2,0.31134692,0.31134692,1.0407603,0.0,0.091041565,0.0,0.0,0.065,-28.280127,2.2897184,0.7632395,0.15200001,0.016,0.17003015,0.0,0.0,707200
hardzero_only__c0p58__z1p00__lam0p000__nu0p50__psi0p00,hardzero_only,0.065,55,221,0.0,2,0.31134692,0.31134692,1.0086341,0.0,0.09803155,0.0,0.0,0.065,-28.0725,2.2190392,0.73967975,0.22,0.0,0.14077532,0.0,0.0,710400
hardzero_only__c0p58__z1p00__lam0p000__nu0p50__psi0p00,hardzero_only,0.065,55,222,0.0,2,0.31134692,0.31839848,0.96462923,0.108485274,0.108485274,1.0,0.0070515424,0.065,-25.573177,2.1222267,0.7074089,0.17600001,0.0,0.11890398,0.0,0.0,713600
hardzero_only__c0p58__z1p00__lam0p000__nu0p50__psi0p00,hardzero_only,0.065,55,223,0.0,2,0.31839848,0.31839848,1.0055926,0.0,0.098720506,0.0,0.0,0.065,-27.178423,2.2123477,0.7374493,0.208,0.0,0.15782279,0.0,0.0,716800
hardzero_only__c0p58__z1p00__lam0p000__nu0p50__psi0p00,hardzero_only,0.065,55,224,0.0,2,0.31839848,0.31839848,1.0291069,0.0,0.09351756,0.0,0.0,0.065,-26.920835,2.2640803,0.75469345,0.120000005,0.0,0.15227118,0.0,0.0,720000
hardzero_only__c0p58__z1p00__lam0p000__nu0p50__psi0p00,hardzero_only,0.065,55,225,0.0,2,0.31839848,0.31839848,1.0300435,0.0,0.093316086,0.0,0.0,0.065,-27.088552,2.266141,0.75538033,0.128,0.0,0.16349287,0.0,0.0,723200
hardzero_only__c0p58__z1p00__lam0p000__nu0p50__psi0p00,hardzero_only,0.065,55,226,0.0,2,0.31839848,0.32556337,0.957703,0.11022929,0.11022929,1.0,0.0071649035,0.065,-26.412266,2.1069887,0.7023296,0.192,0.0,0.13798867,0.0,0.0,726400
hardzero_only__c0p58__z1p00__lam0p000__nu0p50__psi0p00,hardzero_only,0.065,55,227,0.0,2,0.32556337,0.32556337,1.0072685,0.0,0.09834027,0.0,0.0,0.065,-25.854572,2.2160351,0.7386784,0.120000005,0.0,0.13222086,0.0,0.0,729600
hardzero_only__c0p58__z1p00__lam0p000__nu0p50__psi0p00,hardzero_only,0.065,55,228,0.0,2,0.32556337,0.33219635,0.9912051,0.102045745,0.102045745,1.0,0.006632973,0.065,-27.639599,2.1806948,0.7268983,0.17600001,0.0,0.14421324,0.0,0.0,732800
hardzero_only__c0p58__z1p00__lam0p000__nu0p50__psi0p00,hardzero_only,0.065,55,229,0.0,2,0.33219635,0.33885047,0.98982364,0.102370866,0.102370866,1.0,0.006654106,0.065,-26.50857,2.1776555,0.72588515,0.2,0.0,0.11403504,0.0,0.0,736000
hardzero_only__c0p58__z1p00__lam0p000__nu0p50__psi0p00,hardzero_only,0.065,55,230,0.0,2,0.33885047,0.34606206,0.95488137,0.11094777,0.11094777,1.0,0.007211605,0.065,-25.499872,2.100781,0.70026034,0.192,0.0,0.13791189,0.0,0.0,739200
hardzero_only__c0p58__z1p00__lam0p000__nu0p50__psi0p00,hardzero_only,0.065,55,231,0.0,2,0.34606206,0.34606206,1.0158406,0.0,0.09641827,0.0,0.0,0.065,-27.806608,2.234894,0.7449647,0.216,0.0,0.12921219,0.0,0.0,742400
hardzero_only__c0p58__z1p00__lam0p000__nu0p50__psi0p00,hardzero_only,0.065,55,232,0.0,2,0.34606206,0.34606206,1.0015482,0.0,0.09964415,0.0,0.0,0.065,-25.962566,2.20345,0.73448336,0.14400001,0.0,0.119624585,0.0,0.0,745600
hardzero_only__c0p58__z1p00__lam0p000__nu0p50__psi0p00,hardzero_only,0.065,55,233,0.0,2,0.34606206,0.34606206,1.004359,0.0,0.09900132,0.0,0.0,0.065,-26.920038,2.2096338,0.7365446,0.16800001,0.0,0.13450152,0.0,0.0,748800
hardzero_only__c0p58__z1p00__lam0p000__nu0p50__psi0p00,hardzero_only,0.065,55,234,0.0,2,0.34606206,0.35291255,0.9771922,0.10539203,0.10539203,1.0,0.006850482,0.065,-26.636576,2.1498659,0.716622,0.17,0.0,0.15190779,0.0,0.0,752000
hardzero_only__c0p58__z1p00__lam0p000__nu0p50__psi0p00,hardzero_only,0.065,55,235,0.0,2,0.35291255,0.35950848,0.9936358,0.1014762,0.1014762,1.0,0.006595953,0.065,-27.01288,2.1860423,0.7286808,0.17600001,0.0,0.11602545,0.0,0.0,755200
hardzero_only__c0p58__z1p00__lam0p000__nu0p50__psi0p00,hardzero_only,0.065,55,236,0.0,2,0.35950848,0.35950848,1.0031768,0.0,0.09927118,0.0,0.0,0.065,-26.260204,2.2070332,0.7356777,0.208,0.0,0.18277821,0.0,0.0,758400
hardzero_only__c0p58__z1p00__lam0p000__nu0p50__psi0p00,hardzero_only,0.065,55,237,0.0,2,0.35950848,0.3661769,0.98889,0.10259118,0.10259118,1.0,0.0066684266,0.065,-27.408892,2.1756015,0.72520053,0.208,0.0,0.16118766,0.0,0.0,761600
hardzero_only__c0p58__z1p00__lam0p000__nu0p50__psi0p00,hardzero_only,0.065,55,238,0.0,2,0.3661769,0.3661769,1.0297129,0.0,0.09338713,0.0,0.0,0.065,-27.199095,2.2654138,0.7551379,0.2,0.0,0.13499603,0.0,0.0,764800
hardzero_only__c0p58__z1p00__lam0p000__nu0p50__psi0p00,hardzero_only,0.065,55,239,0.0,2,0.3661769,0.37313232,0.9705898,0.1070065,0.1070065,1.0,0.006955422,0.065,-26.730944,2.1353402,0.7117801,0.17600001,0.0,0.14741994,0.0,0.0,768000
hardzero_only__c0p58__z1p00__lam0p000__nu0p50__psi0p00,hardzero_only,0.065,55,240,0.0,2,0.37313232,0.38011095,0.96914256,0.10736368,0.10736368,1.0,0.006978639,0.065,-26.07225,2.1321561,0.71071875,0.17600001,0.0,0.12159889,0.0,0.0,771200
hardzero_only__c0p58__z1p00__lam0p000__nu0p50__psi0p00,hardzero_only,0.065,55,241,0.0,2,0.38011095,0.38691407,0.98020416,0.10466363,0.10466363,1.0,0.006803136,0.065,-27.493181,2.1564922,0.71883076,0.192,0.0,0.1498897,0.0,0.0,774400
hardzero_only__c0p58__z1p00__lam0p000__nu0p50__psi0p00,hardzero_only,0.065,55,242,0.0,2,0.38691407,0.39371076,0.9806161,0.10456441,0.10456441,1.0,0.0067966864,0.065,-26.162363,2.1573985,0.71913284,0.17600001,0.0,0.12907624,0.0,0.0,777600
hardzero_only__c0p58__z1p00__lam0p000__nu0p50__psi0p00,hardzero_only,0.065,55,243,0.0,2,0.39371076,0.39371076,1.0122612,0.0,0.09721624,0.0,0.0,0.065,-26.452175,2.227019,0.74233973,0.14400001,0.0,0.13967234,0.0,0.0,780800
hardzero_only__c0p58__z1p00__lam0p000__nu0p50__psi0p00,hardzero_only,0.065,55,244,0.0,2,0.39371076,0.4006656,0.9706252,0.10699777,0.10699777,1.0,0.006954855,0.065,-26.42846,2.1354182,0.71180606,0.16800001,0.0,0.14836042,0.0,0.0,784000
hardzero_only__c0p58__z1p00__lam0p000__nu0p50__psi0p00,hardzero_only,0.065,55,245,0.0,2,0.4006656,0.4006656,1.018707,0.0,0.09578399,0.0,0.0,0.065,-27.65773,2.2412002,0.74706674,0.18400002,0.0,0.14333364,0.0,0.0,787200
hardzero_only__c0p58__z1p00__lam0p000__nu0p50__psi0p00,hardzero_only,0.065,55,246,0.0,2,0.4006656,0.4006656,1.0166057,0.0,0.09624856,0.0,0.0,0.065,-27.18138,2.2365773,0.7455258,0.14400001,0.0,0.15964207,0.0,0.0,790400
hardzero_only__c0p58__z1p00__lam0p000__nu0p50__psi0p00,hardzero_only,0.065,55,247,0.0,2,0.4006656,0.40747985,0.9794952,0.10483463,0.10483463,1.0,0.0068142507,0.065,-26.71657,2.1549325,0.71831083,0.19,0.0,0.1748598,0.0,0.0,793600
hardzero_only__c0p58__z1p00__lam0p000__nu0p50__psi0p00,hardzero_only,0.065,55,248,0.0,2,0.40747985,0.40747985,1.0337954,0.0,0.09251339,0.0,0.0,0.065,-28.40255,2.2743952,0.75813174,0.18400002,0.0,0.1585166,0.0,0.0,796800
hardzero_only__c0p58__z1p00__lam0p000__nu0p50__psi0p00,hardzero_only,0.065,55,249,0.0,2,0.40747985,0.41405,0.9953375,0.10107936,0.10107936,1.0,0.006570158,0.065,-27.34002,2.1897862,0.72992873,0.15200001,0.0,0.15822129,0.0,0.0,800000
hardzero_only__c0p58__z1p00__lam0p000__nu0p50__psi0p00,hardzero_only,0.065,55,250,0.0,2,0.41405,0.41405,1.0140702,0.0,0.096812144,0.0,0.0,0.065,-26.898201,2.2309988,0.7436663,0.16800001,0.0,0.13598213,0.0,0.0,803200
hardzero_only__c0p58__z1p00__lam0p000__nu0p50__psi0p00,hardzero_only,0.065,55,251,0.0,2,0.41405,0.42089862,0.977311,0.1053632,0.1053632,1.0,0.0068486077,0.065,-25.933128,2.1501272,0.7167091,0.208,0.0,0.13802682,0.0,0.0,806400
hardzero_only__c0p58__z1p00__lam0p000__nu0p50__psi0p00,hardzero_only,0.065,55,252,0.0,2,0.42089862,0.42089862,1.034024,0.0,0.09246471,0.0,0.0,0.065,-27.235607,2.2748983,0.75829947,0.2,0.0,0.15067571,0.0,0.0,809600
hardzero_only__c0p58__z1p00__lam0p000__nu0p50__psi0p00,hardzero_only,0.065,55,253,0.0,2,0.42089862,0.42089862,1.0015469,0.0,0.09964446,0.0,0.0,0.065,-26.531048,2.203447,0.7344824,0.120000005,0.0,0.12109697,0.0,0.0,812800
hardzero_only__c0p58__z1p00__lam0p000__nu0p50__psi0p00,hardzero_only,0.065,55,254,0.0,2,0.42089862,0.42818335,0.9504991,0.11207297,0.11207297,1.0,0.007284743,0.065,-26.224224,2.0911398,0.69704664,0.18400002,0.0,0.13631323,0.0,0.0,816000
hardzero_only__c0p58__z1p00__lam0p000__nu0p50__psi0p00,hardzero_only,0.065,55,255,0.0,2,0.42818335,0.4349799,0.9806253,0.10456219,0.10456219,1.0,0.006796542,0.065,-26.419796,2.1574187,0.7191396,0.16800001,0.0,0.15063713,0.0,0.0,819200
hardzero_only__c0p58__z1p00__lam0p000__nu0p50__psi0p00,hardzero_only,0.065,55,256,0.0,2,0.4349799,0.4349799,1.0649514,0.0,0.086109005,0.0,0.0,0.065,-28.142443,2.3429399,0.78098,0.17600001,0.0,0.15508497,0.0,0.0,822400
hardzero_only__c0p58__z1p00__lam0p000__nu0p50__psi0p00,hardzero_only,0.065,55,257,0.0,2,0.4349799,0.44186127,0.9752382,0.10586728,0.10586728,1.0,0.006881373,0.065,-25.878254,2.145567,0.715189,0.128,0.0,0.13260709,0.0,0.0,825600
hardzero_only__c0p58__z1p00__lam0p000__nu0p50__psi0p00,hardzero_only,0.065,55,258,0.0,2,0.44186127,0.4484809,0.9920793,0.10184053,0.10184053,1.0,0.0066196346,0.065,-27.245432,2.1826181,0.7275394,0.16800001,0.0,0.15159431,0.0,0.0,828800
hardzero_only__c0p58__z1p00__lam0p000__nu0p50__psi0p00,hardzero_only,0.065,55,259,0.0,2,0.4484809,0.45551002,0.9660118,0.108140446,0.108140446,1.0,0.0070291287,0.065,-26.402887,2.1252685,0.70842284,0.224,0.0,0.14419562,0.0,0.0,832000
hardzero_only__c0p58__z1p00__lam0p000__nu0p50__psi0p00,hardzero_only,0.065,55,260,0.0,2,0.45551002,0.45551002,1.0152314,0.0,0.09655362,0.0,0.0,0.065,-27.041777,2.2335536,0.7445179,0.17,0.01,0.15325588,0.0,0.0,835200
hardzero_only__c0p58__z1p00__lam0p000__nu0p50__psi0p00,hardzero_only,0.065,55,261,0.0,2,0.45551002,0.45551002,1.0223895,0.0,0.094975255,0.0,0.0,0.065,-27.436323,2.249302,0.7497673,0.16000001,0.0,0.15244308,0.0,0.0,838400
hardzero_only__c0p58__z1p00__lam0p000__nu0p50__psi0p00,hardzero_only,0.065,55,262,0.0,2,0.45551002,0.46243012,0.97280145,0.10646296,0.10646296,1.0,0.0069200923,0.065,-27.118923,2.1402059,0.713402,0.208,0.0,0.14976873,0.0,0.0,841600
hardzero_only__c0p58__z1p00__lam0p000__nu0p50__psi0p00,hardzero_only,0.065,55,263,0.0,2,0.46243012,0.4703111,0.91633266,0.12124598,0.12124598,1.0,0.0078809885,0.065,-25.38517,2.0159721,0.67199075,0.208,0.0,0.12681234,0.0,0.0,844800
hardzero_only__c0p58__z1p00__lam0p000__nu0p50__psi0p00,hardzero_only,0.065,55,264,0.0,2,0.4703111,0.4703111,1.0424925,0.0,0.090679154,0.0,0.0,0.065,-27.571075,2.2935293,0.7645098,0.14400001,0.0,0.12693098,0.0,0.0,848000
hardzero_only__c0p58__z1p00__lam0p000__nu0p50__psi0p00,hardzero_only,0.065,55,265,0.0,2,0.4703111,0.4703111,1.0246605,0.0,0.09447993,0.0,0.0,0.065,-26.957756,2.254298,0.75143266,0.16800001,0.0,0.1480923,0.0,0.0,851200
hardzero_only__c0p58__z1p00__lam0p000__nu0p50__psi0p00,hardzero_only,0.065,55,266,0.0,2,0.4703111,0.4703111,1.0131323,0.0,0.09702142,0.0,0.0,0.065,-26.896833,2.2289357,0.7429786,0.14400001,0.0,0.14132449,0.0,0.0,854400
hardzero_only__c0p58__z1p00__lam0p000__nu0p50__psi0p00,hardzero_only,0.065,55,267,0.0,2,0.4703111,0.47705203,0.9841938,0.103706546,0.103706546,1.0,0.0067409254,0.065,-27.230856,2.1652696,0.7217566,0.17600001,0.0,0.13815778,0.0,0.0,857600
hardzero_only__c0p58__z1p00__lam0p000__nu0p50__psi0p00,hardzero_only,0.065,55,268,0.0,2,0.47705203,0.48374608,0.9872251,0.10298522,0.10298522,1.0,0.006694039,0.065,-27.454264,2.1719387,0.7239796,0.18400002,0.0,0.14948851,0.0,0.0,860800
hardzero_only__c0p58__z1p00__lam0p000__nu0p50__psi0p00,hardzero_only,0.065,55,269,0.0,2,0.48374608,0.49046248,0.9857761,0.103329405,0.103329405,1.0,0.006716411,0.065,-26.715763,2.1687508,0.72291696,0.208,0.0,0.13779679,0.0,0.0,864000
hardzero_only__c0p58__z1p00__lam0p000__nu0p50__psi0p00,hardzero_only,0.065,55,270,0.0,2,0.49046248,0.49707997,0.99222046,0.101807445,0.101807445,1.0,0.0066174837,0.065,-26.787167,2.1829286,0.7276429,0.104,0.0,0.14165553,0.0,0.0,867200
hardzero_only__c0p58__z1p00__lam0p000__nu0p50__psi0p00,hardzero_only,0.065,55,271,0.0,2,0.49707997,0.49707997,1.0480814,0.0,0.089519694,0.0,0.0,0.065,-27.45109,2.3058252,0.76860845,0.15200001,0.0,0.16086715,0.0,0.0,870400
hardzero_only__c0p58__z1p00__lam0p000__nu0p50__psi0p00,hardzero_only,0.065,55,272,0.0,2,0.49707997,0.49707997,1.0205203,0.0,0.0953849,0.0,0.0,0.065,-27.41012,2.2451897,0.7483966,0.17600001,0.0,0.16161199,0.0,0.0,873600
hardzero_only__c0p58__z1p00__lam0p000__nu0p50__psi0p00,hardzero_only,0.065,55,273,0.0,2,0.49707997,0.50376576,0.98775864,0.102858774,0.102858774,1.0,0.00668582,0.065,-26.302975,2.1731124,0.72437084,0.19999999,0.0,0.10897024,0.0,0.0,876800
hardzero_only__c0p58__z1p00__lam0p000__nu0p50__psi0p00,hardzero_only,0.065,55,274,0.0,2,0.50376576,0.50376576,1.0122496,0.0,0.09721884,0.0,0.0,0.065,-27.323198,2.2269936,0.7423312,0.15200001,0.0,0.18496868,0.0,0.0,880000
hardzero_only__c0p58__z1p00__lam0p000__nu0p50__psi0p00,hardzero_only,0.065,55,275,0.0,2,0.50376576,0.50376576,1.0355515,0.0,0.09214005,0.0,0.0,0.065,-27.628504,2.2782588,0.7594196,0.2,0.0,0.13717368,0.0,0.0,883200
hardzero_only__c0p58__z1p00__lam0p000__nu0p50__psi0p00,hardzero_only,0.065,55,276,0.0,2,0.50376576,0.5104319,0.9890402,0.1025557,0.1025557,1.0,0.00666612,0.065,-25.99087,2.175932,0.7253107,0.192,0.0,0.12658508,0.0,0.0,886400
hardzero_only__c0p58__z1p00__lam0p000__nu0p50__psi0p00,hardzero_only,0.065,55,277,0.0,2,0.5104319,0.5104319,1.0165358,0.0,0.09626408,0.0,0.0,0.065,-26.595081,2.2364233,0.74547446,0.17600001,0.008,0.13207082,0.0,0.0,889600
hardzero_only__c0p58__z1p00__lam0p000__nu0p50__psi0p00,hardzero_only,0.065,55,278,0.0,2,0.5104319,0.5173122,0.9753037,0.10585131,0.10585131,1.0,0.0068803346,0.065,-26.367546,2.145711,0.715237,0.18400002,0.0,0.13999805,0.0,0.0,892800
hardzero_only__c0p58__z1p00__lam0p000__nu0p50__psi0p00,hardzero_only,0.065,55,279,0.0,2,0.5173122,0.5173122,1.0328645,0.0,0.09271192,0.0,0.0,0.065,-27.772924,2.2723472,0.7574491,0.14400001,0.0,0.15470104,0.0,0.0,896000
hardzero_only__c0p58__z1p00__lam0p000__nu0p50__psi0p00,hardzero_only,0.065,55,280,0.0,2,0.5173122,0.524043,0.98484856,0.10355032,0.10355032,1.0,0.0067307707,0.065,-26.973646,2.1667101,0.72223675,0.16800001,0.0,0.14677079,0.0,0.0,899200
hardzero_only__c0p58__z1p00__lam0p000__nu0p50__psi0p00,hardzero_only,0.065,55,281,0.0,2,0.524043,0.524043,1.0454068,0.0,0.09007271,0.0,0.0,0.065,-28.039314,2.2999408,0.766647,0.096,0.0,0.1630112,0.0,0.0,902400
hardzero_only__c0p58__z1p00__lam0p000__nu0p50__psi0p00,hardzero_only,0.065,55,282,0.0,2,0.524043,0.524043,1.0101484,0.0,0.09769032,0.0,0.0,0.065,-26.71831,2.2223709,0.7407903,0.216,0.0,0.13625927,0.0,0.0,905600
hardzero_only__c0p58__z1p00__lam0p000__nu0p50__psi0p00,hardzero_only,0.065,55,283,0.0,2,0.524043,0.5305853,0.9971863,0.100649975,0.100649975,1.0,0.006542248,0.065,-27.033377,2.1938536,0.73128456,0.120000005,0.0,0.14768974,0.0,0.0,908800
hardzero_only__c0p58__z1p00__lam0p000__nu0p50__psi0p00,hardzero_only,0.065,55,284,0.0,2,0.5305853,0.5305853,1.0043685,0.0,0.09899915,0.0,0.0,0.065,-27.124966,2.2096548,0.73655164,0.2,0.0,0.15131243,0.0,0.0,912000
hardzero_only__c0p58__z1p00__lam0p000__nu0p50__psi0p00,hardzero_only,0.065,55,285,0.0,2,0.5305853,0.5305853,1.0010414,0.0,0.09976048,0.0,0.0,0.065,-26.347126,2.2023351,0.7341117,0.2,0.0,0.15240711,0.0,0.0,915200
hardzero_only__c0p58__z1p00__lam0p000__nu0p50__psi0p00,hardzero_only,0.065,55,286,0.0,2,0.5305853,0.5376661,0.9628324,0.108935036,0.108935036,1.0,0.007080777,0.065,-26.779537,2.1182735,0.70609117,0.16,0.0,0.12167772,0.0,0.0,918400
hardzero_only__c0p58__z1p00__lam0p000__nu0p50__psi0p00,hardzero_only,0.065,55,287,0.0,2,0.5376661,0.5376661,1.0179771,0.0,0.09594513,0.0,0.0,0.065,-26.518017,2.2395945,0.7465315,0.136,0.0,0.12556845,0.0,0.0,921600
hardzero_only__c0p58__z1p00__lam0p000__nu0p50__psi0p00,hardzero_only,0.065,55,288,0.0,2,0.5376661,0.5376661,1.0072912,0.0,0.09833514,0.0,0.0,0.065,-27.145914,2.216085,0.738695,0.18400002,0.0,0.15796791,0.0,0.0,924800
hardzero_only__c0p58__z1p00__lam0p000__nu0p50__psi0p00,hardzero_only,0.065,55,289,0.0,2,0.5376661,0.5444416,0.9819738,0.10423802,0.10423802,1.0,0.006775471,0.065,-25.8305,2.1603856,0.72012854,0.15200001,0.0,0.15345371,0.0,0.0,928000
hardzero_only__c0p58__z1p00__lam0p000__nu0p50__psi0p00,hardzero_only,0.065,55,290,0.0,2,0.5444416,0.5444416,1.0441715,0.0,0.09032929,0.0,0.0,0.065,-28.180492,2.297223,0.76574105,0.15200001,0.0,0.17230287,0.0,0.0,931200
hardzero_only__c0p58__z1p00__lam0p000__nu0p50__psi0p00,hardzero_only,0.065,55,291,0.0,2,0.5444416,0.55113703,0.9871337,0.10300691,0.10300691,1.0,0.006695449,0.065,-26.290466,2.1717374,0.7239125,0.18400002,0.0,0.15402153,0.0,0.0,934400
hardzero_only__c0p58__z1p00__lam0p000__nu0p50__psi0p00,hardzero_only,0.065,55,292,0.0,2,0.55113703,0.55113703,1.0024585,0.0,0.099435516,0.0,0.0,0.065,-26.646349,2.2054527,0.73515093,0.128,0.0,0.15088299,0.0,0.0,937600
hardzero_only__c0p58__z1p00__lam0p000__nu0p50__psi0p00,hardzero_only,0.065,55,293,0.0,2,0.55113703,0.5580272,0.9746816,0.10600304,0.10600304,1.0,0.0068901973,0.065,-26.124172,2.1443424,0.7147808,0.192,0.0,0.14871438,0.0,0.0,940800
hardzero_only__c0p58__z1p00__lam0p000__nu0p50__psi0p00,hardzero_only,0.065,55,294,0.0,2,0.5580272,0.56500065,0.96946603,0.10728374,0.10728374,1.0,0.006973443,0.065,-26.31627,2.1328678,0.710956,0.16800001,0.0,0.10754246,0.0,0.0,944000
hardzero_only__c0p58__z1p00__lam0p000__nu0p50__psi0p00,hardzero_only,0.065,55,295,0.0,2,0.56500065,0.56500065,1.0382822,0.0,0.09156254,0.0,0.0,0.065,-28.192389,2.2842665,0.76142216,0.17600001,0.0,0.14074704,0.0,0.0,947200
hardzero_only__c0p58__z1p00__lam0p000__nu0p50__psi0p00,hardzero_only,0.065,55,296,0.0,2,0.56500065,0.56500065,1.0392201,0.0,0.091364995,0.0,0.0,0.065,-27.39618,2.2863297,0.76210994,0.216,0.0,0.14044638,0.0,0.0,950400
hardzero_only__c0p58__z1p00__lam0p000__nu0p50__psi0p00,hardzero_only,0.065,55,297,0.0,2,0.56500065,0.57223177,0.9537095,0.11124757,0.11124757,1.0,0.0072310916,0.065,-25.715408,2.0982027,0.6994009,0.15200001,0.0,0.11760053,0.0,0.0,953600
hardzero_only__c0p58__z1p00__lam0p000__nu0p50__psi0p00,hardzero_only,0.065,55,298,0.0,2,0.57223177,0.5791056,0.97571266,0.1057517,0.1057517,1.0,0.0068738605,0.065,-26.583967,2.1466107,0.71553695,0.2,0.0,0.14963463,0.0,0.0,956800
hardzero_only__c0p58__z1p00__lam0p000__nu0p50__psi0p00,hardzero_only,0.065,55,299,0.0,2,0.5791056,0.5791056,1.0623184,0.0,0.08663265,0.0,0.0,0.065,-28.774117,2.3371472,0.7790491,0.14,0.0,0.15993172,0.0,0.0,960000
hardzero_only__c0p58__z1p00__lam0p000__nu0p50__psi0p00,hardzero_only,0.065,55,300,0.0,2,0.5791056,0.5791056,1.0792953,0.0,0.08331145,0.0,0.0,0.065,-28.54026,2.374497,0.791499,0.14400001,0.0,0.16190784,0.0,0.0,963200
hardzero_only__c0p58__z1p00__lam0p000__nu0p50__psi0p00,hardzero_only,0.065,55,301,0.0,2,0.5791056,0.5791056,1.0295309,0.0,0.09342629,0.0,0.0,0.065,-27.396511,2.2650132,0.7550044,0.112,0.0,0.1539913,0.0,0.0,966400
hardzero_only__c0p58__z1p00__lam0p000__nu0p50__psi0p00,hardzero_only,0.065,55,302,0.0,2,0.5791056,0.5858861,0.9816522,0.104315236,0.104315236,1.0,0.0067804903,0.065,-26.101017,2.159678,0.7198927,0.18400002,0.0,0.12108171,0.0,0.0,969600
hardzero_only__c0p58__z1p00__lam0p000__nu0p50__psi0p00,hardzero_only,0.065,55,303,1.0,3,0.5858861,0.0058861375,1.020711,0.0,0.09534305,0.0,0.0,0.065,-27.392668,2.245609,0.74853635,0.216,0.0,0.16391155,0.0,0.0,972800
hardzero_only__c0p58__z1p00__lam0p000__nu0p50__psi0p00,hardzero_only,0.065,55,304,0.0,3,0.0058861375,0.0125280265,0.99062175,0.10218291,0.10218291,1.0,0.006641889,0.065,-27.438837,2.1794114,0.7264705,0.18400002,0.0,0.12798783,0.0,0.0,976000
hardzero_only__c0p58__z1p00__lam0p000__nu0p50__psi0p00,hardzero_only,0.065,55,305,0.0,3,0.0125280265,0.020226214,0.9265249,0.118433654,0.118433654,1.0,0.007698187,0.065,-26.129293,2.0383954,0.6794652,0.2,0.0,0.13549043,0.0,0.0,979200
hardzero_only__c0p58__z1p00__lam0p000__nu0p50__psi0p00,hardzero_only,0.065,55,306,0.0,3,0.020226214,0.027750079,0.93647236,0.11575178,0.11575178,1.0,0.0075238654,0.065,-25.954165,2.0602803,0.6867601,0.16800001,0.0,0.12309769,0.0,0.0,982400
hardzero_only__c0p58__z1p00__lam0p000__nu0p50__psi0p00,hardzero_only,0.065,55,307,0.0,3,0.027750079,0.03453438,0.9814082,0.10437387,0.10437387,1.0,0.0067843013,0.065,-27.00888,2.159141,0.7197137,0.264,0.0,0.12437836,0.0,0.0,985600
hardzero_only__c0p58__z1p00__lam0p000__nu0p50__psi0p00,hardzero_only,0.065,55,308,0.0,3,0.03453438,0.04231519,0.9218886,0.11970475,0.11970475,1.0,0.0077808085,0.065,-25.329403,2.0281954,0.67606515,0.216,0.0,0.11249173,0.0,0.0,988800
hardzero_only__c0p58__z1p00__lam0p000__nu0p50__psi0p00,hardzero_only,0.065,55,309,0.0,3,0.04231519,0.04231519,1.0134325,0.0,0.09695438,0.0,0.0,0.065,-27.070776,2.229596,0.74319863,0.096,0.0,0.1393546,0.0,0.0,992000
hardzero_only__c0p58__z1p00__lam0p000__nu0p50__psi0p00,hardzero_only,0.065,55,310,0.0,3,0.04231519,0.04231519,1.0208957,0.0,0.09530251,0.0,0.0,0.065,-27.609217,2.2460153,0.74867177,0.136,0.0,0.15376706,0.0,0.0,995200
hardzero_only__c0p58__z1p00__lam0p000__nu0p50__psi0p00,hardzero_only,0.065,55,311,0.0,3,0.04231519,0.049707036,0.94416034,0.11372073,0.11372073,1.0,0.007391847,0.065,-25.730616,2.0771942,0.6923981,0.18400002,0.0,0.11395987,0.0,0.0,998400
hardzero_only__c0p58__z1p00__lam0p000__nu0p50__psi0p00,hardzero_only,0.065,55,312,0.0,3,0.049707036,0.049707036,1.0035822,0.0,0.09917856,0.0,0.0,0.065,-27.035028,2.207925,0.735975,0.11,0.0,0.1395156,0.0,0.0,1001600
hardzero_only__c0p58__z1p00__lam0p000__nu0p50__psi0p00,hardzero_only,0.065,55,313,0.0,3,0.049707036,0.057719674,0.9091378,0.12327137,0.12327137,1.0,0.008012638,0.065,-25.937231,2.000143,0.6667144,0.18400002,0.0,0.1340721,0.0,0.0,1004800
hardzero_only__c0p58__z1p00__lam0p000__nu0p50__psi0p00,hardzero_only,0.065,55,314,0.0,3,0.057719674,0.06560337,0.91618377,0.12128756,0.12128756,1.0,0.007883691,0.065,-25.127213,2.0156446,0.67188156,0.208,0.0,0.12305245,0.0,0.0,1008000
hardzero_only__c0p58__z1p00__lam0p000__nu0p50__psi0p00,hardzero_only,0.065,55,315,0.0,3,0.06560337,0.07286265,0.95201963,0.11168127,0.11168127,1.0,0.0072592823,0.065,-25.75137,2.094485,0.6981617,0.136,0.0,0.14742164,0.0,0.0,1011200
hardzero_only__c0p58__z1p00__lam0p000__nu0p50__psi0p00,hardzero_only,0.065,55,316,0.0,3,0.07286265,0.079784565,0.97268677,0.10649107,0.10649107,1.0,0.006921919,0.065,-27.530212,2.1399536,0.7133179,0.16800001,0.0,0.1217129,0.0,0.0,1014400
hardzero_only__c0p58__z1p00__lam0p000__nu0p50__psi0p00,hardzero_only,0.065,55,317,0.0,3,0.079784565,0.08654302,0.9830655,0.103976324,0.103976324,1.0,0.006758461,0.065,-26.712803,2.1627872,0.7209291,0.17600001,0.0,0.1434066,0.0,0.0,1017600
hardzero_only__c0p58__z1p00__lam0p000__nu0p50__psi0p00,hardzero_only,0.065,55,318,0.0,3,0.08654302,0.093093455,0.99664325,0.10077592,0.10077592,1.0,0.0065504345,0.065,-27.53843,2.192659,0.73088634,0.24800001,0.008,0.17741875,0.0,0.0,1020800
hardzero_only__c0p58__z1p00__lam0p000__nu0p50__psi0p00,hardzero_only,0.065,55,319,0.0,3,0.093093455,0.093093455,1.0263929,0.0,0.094103776,0.0,0.0,0.065,-27.094555,2.2581096,0.7527032,0.2,0.0,0.17979006,0.0,0.0,1024000
hardzero_only__c0p58__z1p00__lam0p000__nu0p50__psi0p00,hardzero_only,0.065,55,320,0.0,3,0.093093455,0.10015227,0.96418136,0.1085972,0.1085972,1.0,0.0070588174,0.065,-27.29912,2.1212413,0.7070805,0.18400002,0.008,0.13688636,0.0,0.0,1027200
hardzero_only__c0p58__z1p00__lam0p000__nu0p50__psi0p00,hardzero_only,0.065,55,321,0.0,3,0.10015227,0.10015227,1.009038,0.0,0.09794044,0.0,0.0,0.065,-27.122274,2.2199278,0.7399759,0.096,0.0,0.12634616,0.0,0.0,1030400
hardzero_only__c0p58__z1p00__lam0p000__nu0p50__psi0p00,hardzero_only,0.065,55,322,0.0,3,0.10015227,0.10015227,1.0207386,0.0,0.09533698,0.0,0.0,0.065,-27.23348,2.2456698,0.7485566,0.120000005,0.0,0.13052058,0.0,0.0,1033600
hardzero_only__c0p58__z1p00__lam0p000__nu0p50__psi0p00,hardzero_only,0.065,55,323,0.0,3,0.10015227,0.106891915,0.9842765,0.10368682,0.10368682,1.0,0.006739643,0.065,-26.781174,2.1654515,0.7218172,0.2,0.0,0.14850204,0.0,0.0,1036800
hardzero_only__c0p58__z1p00__lam0p000__nu0p50__psi0p00,hardzero_only,0.065,55,324,0.0,3,0.106891915,0.106891915,1.0236046,0.0,0.0947099,0.0,0.0,0.065,-27.574852,2.251975,0.7506584,0.15200001,0.0,0.17827848,0.0,0.0,1040000
hardzero_only__c0p58__z1p00__lam0p000__nu0p50__psi0p00,hardzero_only,0.065,55,325,0.0,3,0.106891915,0.11361872,0.98510474,0.10348926,0.10348926,1.0,0.0067268014,0.065,-27.296694,2.1672738,0.7224246,0.17,0.0,0.13630067,0.0,0.0,1043200
hardzero_only__c0p58__z1p00__lam0p000__nu0p50__psi0p00,hardzero_only,0.065,55,326,0.0,3,0.11361872,0.11361872,1.009905,0.0,0.09774509,0.0,0.0,0.065,-26.96302,2.2218354,0.7406118,0.136,0.008,0.11433406,0.0,0.0,1046400
hardzero_only__c0p58__z1p00__lam0p000__nu0p50__psi0p00,hardzero_only,0.065,55,327,0.0,3,0.11361872,0.121067666,0.9408182,0.114599265,0.114599265,1.0,0.007448952,0.065,-26.202473,2.0698414,0.6899471,0.24000001,0.0,0.1322503,0.0,0.0,1049600
hardzero_only__c0p58__z1p00__lam0p000__nu0p50__psi0p00,hardzero_only,0.065,55,328,0.0,3,0.121067666,0.12774402,0.98837453,0.10271302,0.10271302,1.0,0.006676346,0.065,-27.15562,2.1744673,0.72482246,0.14400001,0.0,0.15439922,0.0,0.0,1052800
hardzero_only__c0p58__z1p00__lam0p000__nu0p50__psi0p00,hardzero_only,0.065,55,329,0.0,3,0.12774402,0.12774402,1.0071529,0.0,0.09836647,0.0,0.0,0.065,-26.82671,2.2157807,0.7385936,0.104,0.0,0.14212051,0.0,0.0,1056000
hardzero_only__c0p58__z1p00__lam0p000__nu0p50__psi0p00,hardzero_only,0.065,55,330,0.0,3,0.12774402,0.12774402,1.0253415,0.0,0.094331875,0.0,0.0,0.065,-26.57489,2.2557964,0.75193214,0.16000001,0.0,0.15067168,0.0,0.0,1059200
hardzero_only__c0p58__z1p00__lam0p000__nu0p50__psi0p00,hardzero_only,0.065,55,331,0.0,3,0.12774402,0.12774402,1.0392618,0.0,0.09135622,0.0,0.0,0.065,-27.395697,2.2864218,0.76214063,0.112,0.0,0.17839791,0.0,0.0,1062400
hardzero_only__c0p58__z1p00__lam0p000__nu0p50__psi0p00,hardzero_only,0.065,55,332,0.0,3,0.12774402,0.12774402,1.0374445,0.0,0.09173932,0.0,0.0,0.065,-28.130732,2.2824235,0.7608079,0.14400001,0.0,0.16849013,0.0,0.0,1065600
hardzero_only__c0p58__z1p00__lam0p000__nu0p50__psi0p00,hardzero_only,0.065,55,333,0.0,3,0.12774402,0.13522424,0.93899876,0.11508036,0.11508036,1.0,0.0074802227,0.065,-25.697834,2.0658386,0.6886129,0.24000001,0.0,0.135566,0.0,0.0,1068800
hardzero_only__c0p58__z1p00__lam0p000__nu0p50__psi0p00,hardzero_only,0.065,55,334,0.0,3,0.13522424,0.13522424,1.0167485,0.0,0.09621692,0.0,0.0,0.065,-27.196339,2.2368915,0.7456305,0.16800001,0.0,0.15066229,0.0,0.0,1072000
hardzero_only__c0p58__z1p00__lam0p000__nu0p50__psi0p00,hardzero_only,0.065,55,335,0.0,3,0.13522424,0.14252813,0.94935894,0.11236757,0.11236757,1.0,0.0073038917,0.065,-25.986134,2.0886314,0.6962105,0.224,0.0,0.14950441,0.0,0.0,1075200
hardzero_only__c0p58__z1p00__lam0p000__nu0p50__psi0p00,hardzero_only,0.065,55,336,0.0,3,0.14252813,0.14943662,0.9735304,0.106284395,0.106284395,1.0,0.006908485,0.065,-26.046556,2.1418097,0.71393657,0.17600001,0.0,0.14432731,0.0,0.0,1078400
hardzero_only__c0p58__z1p00__lam0p000__nu0p50__psi0p00,hardzero_only,0.065,55,337,0.0,3,0.14943662,0.15594779,0.99925417,0.10017188,0.10017188,1.0,0.006511172,0.065,-27.417595,2.1984031,0.7328011,0.208,0.0,0.14423777,0.0,0.0,1081600
hardzero_only__c0p58__z1p00__lam0p000__nu0p50__psi0p00,hardzero_only,0.065,55,338,0.0,3,0.15594779,0.16292329,0.96933746,0.10731552,0.10731552,1.0,0.0069755083,0.065,-26.250378,2.132585,0.7108617,0.22999999,0.0,0.125857,0.0,0.0,1084800
hardzero_only__c0p58__z1p00__lam0p000__nu0p50__psi0p00,hardzero_only,0.065,55,339,0.0,3,0.16292329,0.17062156,0.92652,0.11843499,0.11843499,1.0,0.0076982738,0.065,-25.655685,2.0383847,0.6794616,0.208,0.0,0.14378999,0.0,0.0,1088000
hardzero_only__c0p58__z1p00__lam0p000__nu0p50__psi0p00,hardzero_only,0.065,55,340,0.0,3,0.17062156,0.1773072,0.98777044,0.10285598,0.10285598,1.0,0.0066856383,0.065,-26.44246,2.1731384,0.7243795,0.256,0.0,0.13969617,0.0,0.0,1091200
hardzero_only__c0p58__z1p00__lam0p000__nu0p50__psi0p00,hardzero_only,0.065,55,341,0.0,3,0.1773072,0.1773072,1.0008608,0.0,0.099801995,0.0,0.0,0.065,-26.573057,2.2019377,0.7339792,0.17600001,0.0,0.12960157,0.0,0.0,1094400
hardzero_only__c0p58__z1p00__lam0p000__nu0p50__psi0p00,hardzero_only,0.065,55,342,0.0,3,0.1773072,0.18416893,0.9764797,0.105565086,0.105565086,1.0,0.0068617305,0.065,-27.166847,2.1482983,0.71609944,0.24000001,0.0,0.16032903,0.0,0.0,1097600
hardzero_only__c0p58__z1p00__lam0p000__nu0p50__psi0p00,hardzero_only,0.065,55,343,0.0,3,0.18416893,0.18416893,1.0242066,0.0,0.094578706,0.0,0.0,0.065,-27.697657,2.2532995,0.7510998,0.120000005,0.0,0.14320111,0.0,0.0,1100800
hardzero_only__c0p58__z1p00__lam0p000__nu0p50__psi0p00,hardzero_only,0.065,55,344,0.0,3,0.18416893,0.19118847,0.9666051,0.10799281,0.10799281,1.0,0.0070195324,0.065,-26.48437,2.1265738,0.70885795,0.208,0.0,0.15429881,0.0,0.0,1104000
hardzero_only__c0p58__z1p00__lam0p000__nu0p50__psi0p00,hardzero_only,0.065,55,345,0.0,3,0.19118847,0.19118847,1.0443147,0.0,0.09029948,0.0,0.0,0.065,-28.174429,2.2975383,0.76584613,0.14400001,0.008,0.16308212,0.0,0.0,1107200
hardzero_only__c0p58__z1p00__lam0p000__nu0p50__psi0p00,hardzero_only,0.065,55,346,0.0,3,0.19118847,0.19799289,0.9801218,0.1046835,0.1046835,1.0,0.0068044276,0.065,-26.560568,2.156311,0.7187704,0.16000001,0.0,0.12100664,0.0,0.0,1110400
hardzero_only__c0p58__z1p00__lam0p000__nu0p50__psi0p00,hardzero_only,0.065,55,347,0.0,3,0.19799289,0.19799289,1.0319142,0.0,0.092915,0.0,0.0,0.065,-27.018396,2.2702565,0.7567522,0.17600001,0.0,0.1780208,0.0,0.0,1113600
hardzero_only__c0p58__z1p00__lam0p000__nu0p50__psi0p00,hardzero_only,0.065,55,348,0.0,3,0.19799289,0.2046375,0.9904446,0.1022246,0.1022246,1.0,0.006644599,0.065,-26.473724,2.1790216,0.72634053,0.14400001,0.0,0.10680535,0.0,0.0,1116800
hardzero_only__c0p58__z1p00__lam0p000__nu0p50__psi0p00,hardzero_only,0.065,55,349,0.0,3,0.2046375,0.2046375,1.0316298,0.0,0.09297587,0.0,0.0,0.065,-27.753689,2.269631,0.75654364,0.2,0.0,0.15114029,0.0,0.0,1120000
hardzero_only__c0p58__z1p00__lam0p000__nu0p50__psi0p00,hardzero_only,0.065,55,350,0.0,3,0.2046375,0.2046375,1.0227407,0.0,0.094898485,0.0,0.0,0.065,-27.400248,2.2500746,0.7500249,0.16000001,0.0,0.14553283,0.0,0.0,1123200
hardzero_only__c0p58__z1p00__lam0p000__nu0p50__psi0p00,hardzero_only,0.065,55,351,0.0,3,0.2046375,0.2113462,0.9862754,0.10321067,0.10321067,1.0,0.0067086937,0.065,-27.02386,2.1698492,0.72328305,0.22999999,0.0,0.12643568,0.0,0.0,1126400
hardzero_only__c0p58__z1p00__lam0p000__nu0p50__psi0p00,hardzero_only,0.065,55,352,0.0,3,0.2113462,0.2178662,0.99866533,0.10030779,0.10030779,1.0,0.0065200063,0.065,-27.316093,2.1971076,0.7323692,0.192,0.0,0.15725759,0.0,0.0,1129600
hardzero_only__c0p58__z1p00__lam0p000__nu0p50__psi0p00,hardzero_only,0.065,55,353,0.0,3,0.2178662,0.22520815,0.94710225,0.112953,0.112953,1.0,0.0073419446,0.065,-26.898766,2.0836666,0.6945555,0.18400002,0.0,0.12091023,0.0,0.0,1132800
hardzero_only__c0p58__z1p00__lam0p000__nu0p50__psi0p00,hardzero_only,0.065,55,354,0.0,3,0.22520815,0.23194917,0.9841877,0.103708,0.103708,1.0,0.00674102,0.065,-26.68184,2.1652563,0.7217521,0.256,0.0,0.15044309,0.0,0.0,1136000
hardzero_only__c0p58__z1p00__lam0p000__nu0p50__psi0p00,hardzero_only,0.065,55,355,0.0,3,0.23194917,0.23871468,0.98261267,0.10408479,0.10408479,1.0,0.006765511,0.065,-26.82656,2.161791,0.720597,0.15200001,0.0,0.1482334,0.0,0.0,1139200
hardzero_only__c0p58__z1p00__lam0p000__nu0p50__psi0p00,hardzero_only,0.065,55,356,0.0,3,0.23871468,0.24574526,0.9659224,0.10816272,0.10816272,1.0,0.007030577,0.065,-26.485,2.1250718,0.7083573,0.136,0.0,0.13039991,0.0,0.0,1142400
hardzero_only__c0p58__z1p00__lam0p000__nu0p50__psi0p00,hardzero_only,0.065,55,357,0.0,3,0.24574526,0.2528026,0.96427214,0.10857449,0.10857449,1.0,0.0070573413,0.065,-25.899076,2.1214411,0.70714706,0.16000001,0.0,0.12863971,0.0,0.0,1145600
hardzero_only__c0p58__z1p00__lam0p000__nu0p50__psi0p00,hardzero_only,0.065,55,358,0.0,3,0.2528026,0.25988674,0.9626268,0.10898662,0.10898662,1.0,0.0070841303,0.065,-26.676504,2.1178212,0.7059404,0.14400001,0.0,0.12378847,0.0,0.0,1148800
hardzero_only__c0p58__z1p00__lam0p000__nu0p50__psi0p00,hardzero_only,0.065,55,359,0.0,3,0.25988674,0.26702955,0.9590445,0.1098893,0.1098893,1.0,0.007142804,0.065,-25.406513,2.10994,0.70331335,0.264,0.0,0.12303336,0.0,0.0,1152000
hardzero_only__c0p58__z1p00__lam0p000__nu0p50__psi0p00,hardzero_only,0.065,55,360,0.0,3,0.26702955,0.273829,0.9804393,0.10460698,0.10460698,1.0,0.0067994534,0.065,-25.82503,2.1570096,0.7190032,0.216,0.008,0.14051054,0.0,0.0,1155200
hardzero_only__c0p58__z1p00__lam0p000__nu0p50__psi0p00,hardzero_only,0.065,55,361,0.0,3,0.273829,0.28069606,0.9761434,0.105646856,0.105646856,1.0,0.0068670455,0.065,-27.881,2.1475585,0.71585286,0.17600001,0.0,0.150111,0.0,0.0,1158400
hardzero_only__c0p58__z1p00__lam0p000__nu0p50__psi0p00,hardzero_only,0.065,55,362,0.0,3,0.28069606,0.28069606,1.0048822,0.0,0.09888213,0.0,0.0,0.065,-27.264051,2.2107852,0.7369284,0.17600001,0.0,0.12888405,0.0,0.0,1161600
hardzero_only__c0p58__z1p00__lam0p000__nu0p50__psi0p00,hardzero_only,0.065,55,363,0.0,3,0.28069606,0.28069606,1.019981,0.0,0.09550342,0.0,0.0,0.065,-27.340279,2.244003,0.74800104,0.128,0.0,0.13906428,0.0,0.0,1164800
hardzero_only__c0p58__z1p00__lam0p000__nu0p50__psi0p00,hardzero_only,0.065,55,364,0.0,3,0.28069606,0.2872824,0.9942691,0.10132834,0.10132834,1.0,0.006586342,0.065,-26.654137,2.1874356,0.7291452,0.14999999,0.0,0.12615448,0.0,0.0,1168000
hardzero_only__c0p58__z1p00__lam0p000__nu0p50__psi0p00,hardzero_only,0.065,55,365,0.0,3,0.2872824,0.2937835,0.99992806,0.10001657,0.10001657,1.0,0.0065010767,0.065,-27.90577,2.1998856,0.7332952,0.16800001,0.0,0.17251775,0.0,0.0,1171200
hardzero_only__c0p58__z1p00__lam0p000__nu0p50__psi0p00,hardzero_only,0.065,55,366,0.0,3,0.2937835,0.30045468,0.98871076,0.102633536,0.102633536,1.0,0.0066711796,0.065,-27.066107,2.1752071,0.72506905,0.2,0.0,0.12877989,0.0,0.0,1174400
hardzero_only__c0p58__z1p00__lam0p000__nu0p50__psi0p00,hardzero_only,0.065,55,367,0.0,3,0.30045468,0.30708456,0.9914068,0.10199836,0.10199836,1.0,0.006629893,0.065,-27.25538,2.1811385,0.7270462,0.14400001,0.0,0.14264575,0.0,0.0,1177600
hardzero_only__c0p58__z1p00__lam0p000__nu0p50__psi0p00,hardzero_only,0.065,55,368,0.0,3,0.30708456,0.31410766,0.96638405,0.1080478,0.1080478,1.0,0.007023107,0.065,-27.075634,2.1260874,0.7086958,0.16000001,0.0,0.14744028,0.0,0.0,1180800
hardzero_only__c0p58__z1p00__lam0p000__nu0p50__psi0p00,hardzero_only,0.065,55,369,0.0,3,0.31410766,0.32097092,0.97638196,0.10558884,0.10558884,1.0,0.006863274,0.065,-26.9113,2.1480832,0.71602774,0.272,0.0,0.14427894,0.0,0.0,1184000
hardzero_only__c0p58__z1p00__lam0p000__nu0p50__psi0p00,hardzero_only,0.065,55,370,0.0,3,0.32097092,0.32894132,0.9114337,0.12262142,0.12262142,1.0,0.007970392,0.065,-25.87043,2.0051942,0.6683981,0.224,0.008,0.13384086,0.0,0.0,1187200
hardzero_only__c0p58__z1p00__lam0p000__nu0p50__psi0p00,hardzero_only,0.065,55,371,0.0,3,0.32894132,0.33561662,0.98844224,0.10269701,0.10269701,1.0,0.0066753053,0.065,-26.968454,2.1746163,0.7248721,0.208,0.0,0.14809461,0.0,0.0,1190400
hardzero_only__c0p58__z1p00__lam0p000__nu0p50__psi0p00,hardzero_only,0.065,55,372,0.0,3,0.33561662,0.34278756,0.95733637,0.11032236,0.11032236,1.0,0.0071709533,0.065,-26.363256,2.106182,0.7020607,0.136,0.0,0.15521118,0.0,0.0,1193600
hardzero_only__c0p58__z1p00__lam0p000__nu0p50__psi0p00,hardzero_only,0.065,55,373,0.0,3,0.34278756,0.3498916,0.96140826,0.10929284,0.10929284,1.0,0.0071040345,0.065,-26.794868,2.1151404,0.70504683,0.16800001,0.008,0.12461556,0.0,0.0,1196800
hardzero_only__c0p58__z1p00__lam0p000__nu0p50__psi0p00,hardzero_only,0.065,55,374,0.0,3,0.3498916,0.35686868,0.96924007,0.10733957,0.10733957,1.0,0.0069770715,0.065,-26.8821,2.1323707,0.7107903,0.208,0.0,0.15699203,0.0,0.0,1200000
hardzero_only__c0p58__z1p00__lam0p000__nu0p50__psi0p00,hardzero_only,0.065,55,375,0.0,3,0.35686868,0.36409095,0.9542395,0.11111188,0.11111188,1.0,0.007222272,0.065,-26.26168,2.0993688,0.69978964,0.18400002,0.008,0.13599357,0.0,0.0,1203200
hardzero_only__c0p58__z1p00__lam0p000__nu0p50__psi0p00,hardzero_only,0.065,55,376,0.0,3,0.36409095,0.36409095,1.0201069,0.0,0.095475756,0.0,0.0,0.065,-27.636732,2.24428,0.74809337,0.104,0.0,0.15841341,0.0,0.0,1206400
hardzero_only__c0p58__z1p00__lam0p000__nu0p50__psi0p00,hardzero_only,0.065,55,377,0.0,3,0.36409095,0.3706127,0.99854815,0.100334875,0.100334875,1.0,0.0065217665,0.065,-26.870138,2.1968498,0.7322833,0.12,0.0,0.1342681,0.0,0.0,1209600
hardzero_only__c0p58__z1p00__lam0p000__nu0p50__psi0p00,hardzero_only,0.065,55,378,0.0,3,0.3706127,0.3706127,1.0004636,0.0,0.09989332,0.0,0.0,0.065,-26.563353,2.2010639,0.733688,0.208,0.0,0.14040095,0.0,0.0,1212800
hardzero_only__c0p58__z1p00__lam0p000__nu0p50__psi0p00,hardzero_only,0.065,55,379,0.0,3,0.3706127,0.3706127,1.0559641,0.0,0.08790951,0.0,0.0,0.065,-27.26314,2.3231676,0.7743892,0.136,0.0,0.13193603,0.0,0.0,1216000
hardzero_only__c0p58__z1p00__lam0p000__nu0p50__psi0p00,hardzero_only,0.065,55,380,0.0,3,0.3706127,0.37740704,0.9807666,0.104528174,0.104528174,1.0,0.006794331,0.065,-26.540558,2.1577296,0.7192432,0.16800001,0.0,0.15468827,0.0,0.0,1219200
hardzero_only__c0p58__z1p00__lam0p000__nu0p50__psi0p00,hardzero_only,0.065,55,381,0.0,3,0.37740704,0.37740704,1.003743,0.0,0.09914184,0.0,0.0,0.065,-27.577536,2.208279,0.736093,0.16000001,0.0,0.15581876,0.0,0.0,1222400
hardzero_only__c0p58__z1p00__lam0p000__nu0p50__psi0p00,hardzero_only,0.065,55,382,0.0,3,0.37740704,0.3846855,0.9508744,0.111976154,0.111976154,1.0,0.00727845,0.065,-26.277111,2.0919654,0.69732183,0.224,0.0,0.13135341,0.0,0.0,1225600
hardzero_only__c0p58__z1p00__lam0p000__nu0p50__psi0p00,hardzero_only,0.065,55,383,0.0,3,0.3846855,0.39177424,0.96234363,0.109057695,0.109057695,1.0,0.0070887497,0.065,-25.09858,2.1171982,0.70573276,0.136,0.0,0.11796705,0.0,0.0,1228800
hardzero_only__c0p58__z1p00__lam0p000__nu0p50__psi0p00,hardzero_only,0.065,55,384,0.0,3,0.39177424,0.39177424,1.0239778,0.0,0.09462856,0.0,0.0,0.065,-27.08223,2.2527962,0.7509321,0.16800001,0.0,0.15501338,0.0,0.0,1232000
hardzero_only__c0p58__z1p00__lam0p000__nu0p50__psi0p00,hardzero_only,0.065,55,385,0.0,3,0.39177424,0.39177424,1.0092353,0.0,0.09789594,0.0,0.0,0.065,-27.38895,2.220362,0.74012065,0.16000001,0.0,0.17067006,0.0,0.0,1235200
hardzero_only__c0p58__z1p00__lam0p000__nu0p50__psi0p00,hardzero_only,0.065,55,386,0.0,3,0.39177424,0.39883676,0.9639537,0.10865415,0.10865415,1.0,0.0070625194,0.065,-25.662868,2.1207404,0.7069135,0.224,0.0,0.12199279,0.0,0.0,1238400
hardzero_only__c0p58__z1p00__lam0p000__nu0p50__psi0p00,hardzero_only,0.065,55,387,0.0,3,0.39883676,0.39883676,1.016289,0.0,0.09631878,0.0,0.0,0.065,-27.380224,2.2358804,0.7452935,0.128,0.0,0.15372589,0.0,0.0,1241600
hardzero_only__c0p58__z1p00__lam0p000__nu0p50__psi0p00,hardzero_only,0.065,55,388,0.0,3,0.39883676,0.39883676,1.0151974,0.0,0.09656117,0.0,0.0,0.065,-26.81918,2.2334788,0.74449295,0.14400001,0.0,0.16344981,0.0,0.0,1244800
hardzero_only__c0p58__z1p00__lam0p000__nu0p50__psi0p00,hardzero_only,0.065,55,389,0.0,3,0.39883676,0.39883676,1.0040809,0.0,0.099064745,0.0,0.0,0.065,-27.431583,2.209022,0.7363407,0.17600001,0.0,0.14861138,0.0,0.0,1248000
hardzero_only__c0p58__z1p00__lam0p000__nu0p50__psi0p00,hardzero_only,0.065,55,390,0.0,3,0.39883676,0.39883676,1.0070611,0.0,0.09838724,0.0,0.0,0.065,-27.33419,2.2155788,0.7385263,0.14999999,0.0,0.16164689,0.0,0.0,1251200
hardzero_only__c0p58__z1p00__lam0p000__nu0p50__psi0p00,hardzero_only,0.065,55,391,0.0,3,0.39883676,0.40576664,0.9721886,0.106613286,0.106613286,1.0,0.0069298632,0.065,-25.862371,2.1388576,0.71295255,0.18400002,0.0,0.12337407,0.0,0.0,1254400
hardzero_only__c0p58__z1p00__lam0p000__nu0p50__psi0p00,hardzero_only,0.065,55,392,0.0,3,0.40576664,0.40576664,1.0298285,0.0,0.09336229,0.0,0.0,0.065,-27.346838,2.265668,0.7552227,0.16800001,0.0,0.14771901,0.0,0.0,1257600
hardzero_only__c0p58__z1p00__lam0p000__nu0p50__psi0p00,hardzero_only,0.065,55,393,0.0,3,0.40576664,0.40576664,1.0133474,0.0,0.09697339,0.0,0.0,0.065,-27.119385,2.2294087,0.7431363,0.128,0.0,0.13871399,0.0,0.0,1260800
hardzero_only__c0p58__z1p00__lam0p000__nu0p50__psi0p00,hardzero_only,0.065,55,394,0.0,3,0.40576664,0.41260475,0.97797686,0.105201796,0.105201796,1.0,0.0068381163,0.065,-26.285261,2.151592,0.71719736,0.216,0.0,0.15235348,0.0,0.0,1264000
hardzero_only__c0p58__z1p00__lam0p000__nu0p50__psi0p00,hardzero_only,0.065,55,395,0.0,3,0.41260475,0.41970015,0.96193725,0.1091598,0.1091598,1.0,0.0070953867,0.065,-25.532993,2.1163042,0.70543474,0.16800001,0.0,0.13968626,0.0,0.0,1267200
hardzero_only__c0p58__z1p00__lam0p000__nu0p50__psi0p00,hardzero_only,0.065,55,396,0.0,3,0.41970015,0.42651084,0.9797224,0.10477981,0.10477981,1.0,0.0068106875,0.065,-26.93972,2.1554322,0.7184774,0.208,0.0,0.17490804,0.0,0.0,1270400
hardzero_only__c0p58__z1p00__lam0p000__nu0p50__psi0p00,hardzero_only,0.065,55,397,0.0,3,0.42651084,0.43437156,0.9174507,0.12093425,0.12093425,1.0,0.007860726,0.065,-25.501516,2.018432,0.6728107,0.24800001,0.0,0.14019257,0.0,0.0,1273600
hardzero_only__c0p58__z1p00__lam0p000__nu0p50__psi0p00,hardzero_only,0.065,55,398,0.0,3,0.43437156,0.43437156,1.007875,0.0,0.09820306,0.0,0.0,0.065,-27.119188,2.217369,0.73912305,0.15200001,0.0,0.11808972,0.0,0.0,1276800
hardzero_only__c0p58__z1p00__lam0p000__nu0p50__psi0p00,hardzero_only,0.065,55,399,0.0,3,0.43437156,0.44150195,0.9598002,0.109698266,0.109698266,1.0,0.0071303872,0.065,-26.591202,2.1116025,0.70386755,0.17600001,0.0,0.15648825,0.0,0.0,1280000
hardzero_only__c0p58__z1p00__lam0p000__nu0p50__psi0p00,hardzero_only,0.065,55,400,0.0,3,0.44150195,0.4480266,0.9983559,0.10037928,0.10037928,1.0,0.006524653,0.065,-26.883736,2.1964269,0.7321423,0.136,0.0,0.111291036,0.0,0.0,1283200
hardzero_only__c0p58__z1p00__lam0p000__nu0p50__psi0p00,hardzero_only,0.065,55,401,0.0,3,0.4480266,0.45555928,0.9359637,0.11588742,0.11588742,1.0,0.007532682,0.065,-26.494408,2.0591612,0.68638706,0.2,0.0,0.124636434,0.0,0.0,1286400
hardzero_only__c0p58__z1p00__lam0p000__nu0p50__psi0p00,hardzero_only,0.065,55,402,0.0,3,0.45555928,0.45555928,1.0138497,0.0,0.096861295,0.0,0.0,0.065,-27.418087,2.230514,0.7435047,0.120000005,0.0,0.13652392,0.0,0.0,1289600
hardzero_only__c0p58__z1p00__lam0p000__nu0p50__psi0p00,hardzero_only,0.065,55,403,0.0,3,0.45555928,0.46256542,0.9674344,0.1077868,0.1077868,1.0,0.0070061414,0.065,-25.9824,2.1283982,0.7094661,0.17,0.0,0.11654728,0.0,0.0,1292800
hardzero_only__c0p58__z1p00__lam0p000__nu0p50__psi0p00,hardzero_only,0.065,55,404,0.0,3,0.46256542,0.46950042,0.9718677,0.10669212,0.10669212,1.0,0.0069349874,0.065,-26.40767,2.1381516,0.71271724,0.224,0.0,0.13737659,0.0,0.0,1296000
hardzero_only__c0p58__z1p00__lam0p000__nu0p50__psi0p00,hardzero_only,0.065,55,405,0.0,3,0.46950042,0.47619033,0.98749226,0.102921866,0.102921866,1.0,0.006689921,0.065,-26.934717,2.1725264,0.72417545,0.216,0.0,0.13144043,0.0,0.0,1299200
hardzero_only__c0p58__z1p00__lam0p000__nu0p50__psi0p00,hardzero_only,0.065,55,406,0.0,3,0.47619033,0.48288986,0.9868687,0.103069775,0.103069775,1.0,0.006699535,0.065,-26.785358,2.1711545,0.72371817,0.16800001,0.0,0.13194077,0.0,0.0,1302400
hardzero_only__c0p58__z1p00__lam0p000__nu0p50__psi0p00,hardzero_only,0.065,55,407,0.0,3,0.48288986,0.4897786,0.97477376,0.105980545,0.105980545,1.0,0.006888735,0.065,-26.493494,2.144545,0.7148484,0.216,0.0,0.15973708,0.0,0.0,1305600
hardzero_only__c0p58__z1p00__lam0p000__nu0p50__psi0p00,hardzero_only,0.065,55,408,0.0,3,0.4897786,0.4897786,1.01374,0.0,0.09688578,0.0,0.0,0.065,-26.759739,2.2302723,0.7434241,0.224,0.0,0.16337124,0.0,0.0,1308800
hardzero_only__c0p58__z1p00__lam0p000__nu0p50__psi0p00,hardzero_only,0.065,55,409,0.0,3,0.4897786,0.4964607,0.98800117,0.10280136,0.10280136,1.0,0.006682088,0.065,-26.58841,2.173646,0.7245487,0.17600001,0.0,0.16133182,0.0,0.0,1312000
hardzero_only__c0p58__z1p00__lam0p000__nu0p50__psi0p00,hardzero_only,0.065,55,410,0.0,3,0.4964607,0.4964607,1.0257663,0.0,0.09423967,0.0,0.0,0.065,-27.63468,2.2567308,0.75224364,0.17600001,0.0,0.17608888,0.0,0.0,1315200
hardzero_only__c0p58__z1p00__lam0p000__nu0p50__psi0p00,hardzero_only,0.065,55,411,0.0,3,0.4964607,0.5033429,0.97518337,0.10588067,0.10588067,1.0,0.0068822433,0.065,-26.442274,2.1454463,0.7151488,0.120000005,0.0,0.13938542,0.0,0.0,1318400
hardzero_only__c0p58__z1p00__lam0p000__nu0p50__psi0p00,hardzero_only,0.065,55,412,0.0,3,0.5033429,0.5033429,1.0059179,0.0,0.09864658,0.0,0.0,0.065,-26.820478,2.2130635,0.7376878,0.14400001,0.0,0.15507248,0.0,0.0,1321600
hardzero_only__c0p58__z1p00__lam0p000__nu0p50__psi0p00,hardzero_only,0.065,55,413,0.0,3,0.5033429,0.5033429,1.0210005,0.0,0.09527951,0.0,0.0,0.065,-27.379164,2.2462459,0.74874866,0.136,0.0,0.13871108,0.0,0.0,1324800
hardzero_only__c0p58__z1p00__lam0p000__nu0p50__psi0p00,hardzero_only,0.065,55,414,0.0,3,0.5033429,0.510505,0.9578716,0.110186495,0.110186495,1.0,0.007162122,0.065,-25.850388,2.1073596,0.70245326,0.18400002,0.0,0.124739625,0.0,0.0,1328000
hardzero_only__c0p58__z1p00__lam0p000__nu0p50__psi0p00,hardzero_only,0.065,55,415,0.0,3,0.510505,0.5180066,0.93775797,0.11540961,0.11540961,1.0,0.0075016245,0.065,-25.298944,2.0631087,0.6877029,0.192,0.0,0.11642816,0.0,0.0,1331200
hardzero_only__c0p58__z1p00__lam0p000__nu0p50__psi0p00,hardzero_only,0.065,55,416,0.0,3,0.5180066,0.5248917,0.9750045,0.10592427,0.10592427,1.0,0.0068850773,0.065,-26.86111,2.1450527,0.71501756,0.16,0.0,0.13158722,0.0,0.0,1334400
hardzero_only__c0p58__z1p00__lam0p000__nu0p50__psi0p00,hardzero_only,0.065,55,417,0.0,3,0.5248917,0.5315444,0.9899136,0.102349654,0.102349654,1.0,0.0066527273,0.065,-27.181854,2.1778533,0.72595114,0.192,0.0,0.15559454,0.0,0.0,1337600
hardzero_only__c0p58__z1p00__lam0p000__nu0p50__psi0p00,hardzero_only,0.065,55,418,0.0,3,0.5315444,0.5315444,1.0036463,0.0,0.09916393,0.0,0.0,0.065,-27.23844,2.2080657,0.73602194,0.136,0.0,0.1395092,0.0,0.0,1340800
hardzero_only__c0p58__z1p00__lam0p000__nu0p50__psi0p00,hardzero_only,0.065,55,419,0.0,3,0.5315444,0.53861964,0.9631709,0.10885016,0.10885016,1.0,0.00707526,0.065,-26.431767,2.1190183,0.7063395,0.2,0.0,0.13672437,0.0,0.0,1344000
hardzero_only__c0p58__z1p00__lam0p000__nu0p50__psi0p00,hardzero_only,0.065,55,420,0.0,3,0.53861964,0.54520726,0.99418354,0.1013483,0.1013483,1.0,0.0065876395,0.065,-27.19118,2.1872475,0.7290825,0.16000001,0.0,0.12827013,0.0,0.0,1347200
hardzero_only__c0p58__z1p00__lam0p000__nu0p50__psi0p00,hardzero_only,0.065,55,421,0.0,3,0.54520726,0.5523686,0.9579217,0.1101738,0.1101738,1.0,0.007161297,0.065,-26.505835,2.1074698,0.70249,0.208,0.0,0.13974287,0.0,0.0,1350400
hardzero_only__c0p58__z1p00__lam0p000__nu0p50__psi0p00,hardzero_only,0.065,55,422,0.0,3,0.5523686,0.5593295,0.97024745,0.107090876,0.107090876,1.0,0.0069609066,0.065,-26.300785,2.134587,0.711529,0.208,0.0,0.13952261,0.0,0.0,1353600
hardzero_only__c0p58__z1p00__lam0p000__nu0p50__psi0p00,hardzero_only,0.065,55,423,0.0,3,0.5593295,0.5593295,1.032775,0.0,0.09273099,0.0,0.0,0.065,-27.15934,2.2721505,0.7573835,0.112,0.0,0.1437362,0.0,0.0,1356800
hardzero_only__c0p58__z1p00__lam0p000__nu0p50__psi0p00,hardzero_only,0.065,55,424,0.0,3,0.5593295,0.5666408,0.94892037,0.11248112,0.11248112,1.0,0.0073112724,0.065,-26.239923,2.0876665,0.6958889,0.17600001,0.0,0.14533567,0.0,0.0,1360000
hardzero_only__c0p58__z1p00__lam0p000__nu0p50__psi0p00,hardzero_only,0.065,55,425,0.0,3,0.5666408,0.5738839,0.9529908,0.111431815,0.111431815,1.0,0.0072430675,0.065,-26.456158,2.0966215,0.6988739,0.192,0.0,0.14914526,0.0,0.0,1363200
hardzero_only__c0p58__z1p00__lam0p000__nu0p50__psi0p00,hardzero_only,0.065,55,426,0.0,3,0.5738839,0.5804408,0.9962146,0.100875415,0.100875415,1.0,0.0065569016,0.065,-27.472267,2.191716,0.730572,0.16800001,0.0,0.16235082,0.0,0.0,1366400
hardzero_only__c0p58__z1p00__lam0p000__nu0p50__psi0p00,hardzero_only,0.065,55,427,1.0,4,0.5804408,0.00044083595,1.0347567,0.0,0.09230884,0.0,0.0,0.065,-28.20313,2.27651,0.7588367,0.136,0.0,0.15898798,0.0,0.0,1369600
hardzero_only__c0p58__z1p00__lam0p000__nu0p50__psi0p00,hardzero_only,0.065,55,428,0.0,4,0.00044083595,0.006968171,0.9981774,0.10042054,0.10042054,1.0,0.006527335,0.065,-27.154913,2.1960342,0.73201144,0.17600001,0.0,0.16223834,0.0,0.0,1372800
hardzero_only__c0p58__z1p00__lam0p000__nu0p50__psi0p00,hardzero_only,0.065,55,429,0.0,4,0.006968171,0.006968171,1.0026562,0.0,0.09939025,0.0,0.0,0.065,-27.869253,2.2058878,0.73529595,0.19,0.0,0.1689325,0.0,0.0,1376000
hardzero_only__c0p58__z1p00__lam0p000__nu0p50__psi0p00,hardzero_only,0.065,55,430,0.0,4,0.006968171,0.013863599,0.97435206,0.10608352,0.10608352,1.0,0.0068954285,0.065,-27.107244,2.1436174,0.7145392,0.256,0.0,0.16146351,0.0,0.0,1379200
hardzero_only__c0p58__z1p00__lam0p000__nu0p50__psi0p00,hardzero_only,0.065,55,431,0.0,4,0.013863599,0.013863599,1.0123405,0.0,0.09719847,0.0,0.0,0.065,-27.107975,2.2271936,0.7423979,0.128,0.0,0.15593247,0.0,0.0,1382400
hardzero_only__c0p58__z1p00__lam0p000__nu0p50__psi0p00,hardzero_only,0.065,55,432,0.0,4,0.013863599,0.021435842,0.93368876,0.11649606,0.11649606,1.0,0.0075722435,0.065,-25.609013,2.0541563,0.6847188,0.15200001,0.0,0.13369346,0.0,0.0,1385600
hardzero_only__c0p58__z1p00__lam0p000__nu0p50__psi0p00,hardzero_only,0.065,55,433,0.0,4,0.021435842,0.028902812,0.93976897,0.11487646,0.11487646,1.0,0.0074669695,0.065,-26.01266,2.067533,0.6891777,0.224,0.0,0.12816305,0.0,0.0,1388800
hardzero_only__c0p58__z1p00__lam0p000__nu0p50__psi0p00,hardzero_only,0.065,55,434,0.0,4,0.028902812,0.035549078,0.9903356,0.10225024,0.10225024,1.0,0.0066462653,0.065,-27.178766,2.1787817,0.7262606,0.136,0.0,0.14120689,0.0,0.0,1392000
hardzero_only__c0p58__z1p00__lam0p000__nu0p50__psi0p00,hardzero_only,0.065,55,435,0.0,4,0.035549078,0.04210466,0.996302,0.10085511,0.10085511,1.0,0.006555582,0.065,-27.251112,2.1919081,0.73063606,0.14400001,0.0,0.14886512,0.0,0.0,1395200
hardzero_only__c0p58__z1p00__lam0p000__nu0p50__psi0p00,hardzero_only,0.065,55,436,0.0,4,0.04210466,0.049026564,0.97268796,0.10649079,0.10649079,1.0,0.0069219014,0.065,-26.918118,2.1399562,0.71331877,0.120000005,0.0,0.12792361,0.0,0.0,1398400
hardzero_only__c0p58__z1p00__lam0p000__nu0p50__psi0p00,hardzero_only,0.065,55,437,0.0,4,0.049026564,0.05587927,0.97705126,0.10542624,0.10542624,1.0,0.006852705,0.065,-26.589909,2.1495557,0.7165186,0.16800001,0.0,0.1470026,0.0,0.0,1401600
hardzero_only__c0p58__z1p00__lam0p000__nu0p50__psi0p00,hardzero_only,0.065,55,438,0.0,4,0.05587927,0.062385123,0.9996089,0.100090094,0.100090094,1.0,0.006505856,0.065,-27.796452,2.1991835,0.7330612,0.2,0.0,0.17586212,0.0,0.0,1404800
hardzero_only__c0p58__z1p00__lam0p000__nu0p50__psi0p00,hardzero_only,0.065,55,439,0.0,4,0.062385123,0.06946431,0.9629298,0.10891063,0.10891063,1.0,0.0070791906,0.065,-26.013268,2.1184878,0.70616263,0.16000001,0.0,0.11424169,0.0,0.0,1408000
hardzero_only__c0p58__z1p00__lam0p000__nu0p50__psi0p00,hardzero_only,0.065,55,440,0.0,4,0.06946431,0.07640686,0.97139436,0.106808454,0.106808454,1.0,0.0069425493,0.065,-26.476372,2.1371102,0.7123701,0.16000001,0.0,0.14113615,0.0,0.0,1411200
hardzero_only__c0p58__z1p00__lam0p000__nu0p50__psi0p00,hardzero_only,0.065,55,441,0.0,4,0.07640686,0.083218,0.97969353,0.10478678,0.10478678,1.0,0.0068111406,0.065,-26.328272,2.1553688,0.71845627,0.16800001,0.0,0.1342703,0.0,0.0,1414400
hardzero_only__c0p58__z1p00__lam0p000__nu0p50__psi0p00,hardzero_only,0.065,55,442,0.0,4,0.083218,0.083218,1.0294653,0.0,0.093440406,0.0,0.0,0.065,-28.603079,2.264869,0.75495636,0.17999999,0.0,0.16874711,0.0,0.0,1417600
hardzero_only__c0p58__z1p00__lam0p000__nu0p50__psi0p00,hardzero_only,0.065,55,443,0.0,4,0.083218,0.0904927,0.95109826,0.11191846,0.11191846,1.0,0.0072746994,0.065,-25.897062,2.092458,0.69748604,0.17600001,0.0,0.19734466,0.0,0.0,1420800
hardzero_only__c0p58__z1p00__lam0p000__nu0p50__psi0p00,hardzero_only,0.065,55,444,0.0,4,0.0904927,0.097716846,0.9541269,0.111140706,0.111140706,1.0,0.007224146,0.065,-26.978056,2.099121,0.69970703,0.15200001,0.0,0.14245065,0.0,0.0,1424000
hardzero_only__c0p58__z1p00__lam0p000__nu0p50__psi0p00,hardzero_only,0.065,55,445,0.0,4,0.097716846,0.10551342,0.92100936,0.11994734,0.11994734,1.0,0.0077965767,0.065,-25.091301,2.026261,0.6754204,0.2,0.008,0.14389676,0.0,0.0,1427200
hardzero_only__c0p58__z1p00__lam0p000__nu0p50__psi0p00,hardzero_only,0.065,55,446,0.0,4,0.10551342,0.11266332,0.9586134,0.10999845,0.10999845,1.0,0.007149899,0.065,-25.9107,2.1089916,0.7029972,0.18400002,0.0,0.14535317,0.0,0.0,1430400
hardzero_only__c0p58__z1p00__lam0p000__nu0p50__psi0p00,hardzero_only,0.065,55,447,0.0,4,0.11266332,0.11983636,0.95721024,0.11035441,0.11035441,1.0,0.007173036,0.065,-25.822763,2.1059046,0.7019682,0.120000005,0.0,0.10954882,0.0,0.0,1433600
hardzero_only__c0p58__z1p00__lam0p000__nu0p50__psi0p00,hardzero_only,0.065,55,448,0.0,4,0.11983636,0.11983636,1.0320002,0.0,0.09289659,0.0,0.0,0.065,-27.650032,2.2704458,0.7568153,0.14400001,0.0,0.15481171,0.0,0.0,1436800
hardzero_only__c0p58__z1p00__lam0p000__nu0p50__psi0p00,hardzero_only,0.065,55,449,0.0,4,0.11983636,0.12655744,0.9854741,0.10340126,0.10340126,1.0,0.0067210817,0.065,-26.622503,2.1680863,0.72269547,0.18400002,0.0,0.13586701,0.0,0.0,1440000
hardzero_only__c0p58__z1p00__lam0p000__nu0p50__psi0p00,hardzero_only,0.065,55,450,0.0,4,0.12655744,0.13345326,0.974327,0.10608964,0.10608964,1.0,0.006895826,0.065,-25.819735,2.1435623,0.7145208,0.224,0.0,0.12678672,0.0,0.0,1443200
hardzero_only__c0p58__z1p00__lam0p000__nu0p50__psi0p00,hardzero_only,0.065,55,451,0.0,4,0.13345326,0.13345326,1.0054771,0.0,0.09874678,0.0,0.0,0.065,-26.313988,2.2120938,0.73736465,0.136,0.0,0.16013257,0.0,0.0,1446400
hardzero_only__c0p58__z1p00__lam0p000__nu0p50__psi0p00,hardzero_only,0.065,55,452,0.0,4,0.13345326,0.14050287,0.96474844,0.10845549,0.10845549,1.0,0.007049606,0.065,-26.123749,2.122489,0.70749635,0.2,0.0,0.13872387,0.0,0.0,1449600
hardzero_only__c0p58__z1p00__lam0p000__nu0p50__psi0p00,hardzero_only,0.065,55,453,0.0,4,0.14050287,0.14714101,0.99086714,0.10212519,0.10212519,1.0,0.006638137,0.065,-26.46665,2.1799512,0.7266504,0.16800001,0.0,0.14815776,0.0,0.0,1452800
hardzero_only__c0p58__z1p00__lam0p000__nu0p50__psi0p00,hardzero_only,0.065,55,454,0.0,4,0.14714101,0.15464702,0.9375036,0.115477234,0.115477234,1.0,0.00750602,0.065,-26.126793,2.062549,0.6875164,0.216,0.0,0.12058659,0.0,0.0,1456000
hardzero_only__c0p58__z1p00__lam0p000__nu0p50__psi0p00,hardzero_only,0.065,55,455,0.0,4,0.15464702,0.15464702,1.015084,0.0,0.096586384,0.0,0.0,0.065,-28.701956,2.2332294,0.7444098,0.16,0.0,0.15582655,0.0,0.0,1459200
hardzero_only__c0p58__z1p00__lam0p000__nu0p50__psi0p00,hardzero_only,0.065,55,456,0.0,4,0.15464702,0.15464702,1.0067112,0.0,0.09846657,0.0,0.0,0.065,-26.625385,2.214809,0.7382697,0.192,0.0,0.15014692,0.0,0.0,1462400
hardzero_only__c0p58__z1p00__lam0p000__nu0p50__psi0p00,hardzero_only,0.065,55,457,0.0,4,0.15464702,0.16146955,0.9789681,0.104961954,0.104961954,1.0,0.006822527,0.065,-26.591057,2.1537728,0.7179243,0.14400001,0.0,0.15394394,0.0,0.0,1465600
hardzero_only__c0p58__z1p00__lam0p000__nu0p50__psi0p00,hardzero_only,0.065,55,458,0.0,4,0.16146955,0.16890575,0.94156176,0.1144032,0.1144032,1.0,0.007436208,0.065,-25.881273,2.0714772,0.6904924,0.216,0.0,0.1181038,0.0,0.0,1468800
hardzero_only__c0p58__z1p00__lam0p000__nu0p50__psi0p00,hardzero_only,0.065,55,459,0.0,4,0.16890575,0.17573631,0.9784569,0.105085574,0.105085574,1.0,0.006830562,0.065,-26.867704,2.1526482,0.71754944,0.192,0.0,0.13693435,0.0,0.0,1472000
hardzero_only__c0p58__z1p00__lam0p000__nu0p50__psi0p00,hardzero_only,0.065,55,460,0.0,4,0.17573631,0.18312015,0.9446315,0.11359744,0.11359744,1.0,0.007383833,0.065,-25.56012,2.0782309,0.69274366,0.15200001,0.0,0.122178525,0.0,0.0,1475200
hardzero_only__c0p58__z1p00__lam0p000__nu0p50__psi0p00,hardzero_only,0.065,55,461,0.0,4,0.18312015,0.19033471,0.9547032,0.11099331,0.11099331,1.0,0.007214565,0.065,-25.272972,2.100389,0.7001297,0.16800001,0.0,0.14279127,0.0,0.0,1478400
hardzero_only__c0p58__z1p00__lam0p000__nu0p50__psi0p00,hardzero_only,0.065,55,462,0.0,4,0.19033471,0.19752572,0.9561229,0.11063106,0.11063106,1.0,0.0071910187,0.065,-26.555536,2.1035123,0.7011708,0.2,0.0,0.140282,0.0,0.0,1481600
hardzero_only__c0p58__z1p00__lam0p000__nu0p50__psi0p00,hardzero_only,0.065,55,463,0.0,4,0.19752572,0.20470043,0.9571096,0.11038001,0.11038001,1.0,0.0071747005,0.065,-25.642159,2.105683,0.7018944,0.208,0.0,0.13600709,0.0,0.0,1484800
hardzero_only__c0p58__z1p00__lam0p000__nu0p50__psi0p00,hardzero_only,0.065,55,464,0.0,4,0.20470043,0.20470043,1.0122964,0.0,0.09720834,0.0,0.0,0.065,-26.636292,2.2270966,0.74236554,0.15200001,0.0,0.1557365,0.0,0.0,1488000
hardzero_only__c0p58__z1p00__lam0p000__nu0p50__psi0p00,hardzero_only,0.065,55,465,0.0,4,0.20470043,0.21163362,0.97198,0.106664516,0.106664516,1.0,0.006933193,0.065,-26.30602,2.1383986,0.71279955,0.216,0.0,0.13687903,0.0,0.0,1491200
hardzero_only__c0p58__z1p00__lam0p000__nu0p50__psi0p00,hardzero_only,0.065,55,466,0.0,4,0.21163362,0.21902362,0.9442696,0.11369213,0.11369213,1.0,0.007389988,0.065,-26.031866,2.0774345,0.6924782,0.2,0.0,0.12390324,0.0,0.0,1494400
hardzero_only__c0p58__z1p00__lam0p000__nu0p50__psi0p00,hardzero_only,0.065,55,467,0.0,4,0.21902362,0.22611998,0.961877,0.109174944,0.109174944,1.0,0.007096371,0.065,-27.327978,2.1161716,0.7053906,0.18400002,0.0,0.14769092,0.0,0.0,1497600
hardzero_only__c0p58__z1p00__lam0p000__nu0p50__psi0p00,hardzero_only,0.065,55,468,0.0,4,0.22611998,0.23287544,0.98325866,0.10393008,0.10393008,1.0,0.006755455,0.065,-26.850319,2.1632123,0.72107077,0.12,0.0,0.13585834,0.0,0.0,1500800
hardzero_only__c0p58__z1p00__lam0p000__nu0p50__psi0p00,hardzero_only,0.065,55,469,0.0,4,0.23287544,0.23996896,0.9620512,0.10913117,0.10913117,1.0,0.007093526,0.065,-26.601181,2.116555,0.70551836,0.208,0.0,0.14428602,0.0,0.0,1504000
hardzero_only__c0p58__z1p00__lam0p000__nu0p50__psi0p00,hardzero_only,0.065,55,470,0.0,4,0.23996896,0.24716178,0.95601374,0.11065887,0.11065887,1.0,0.0071928264,0.065,-26.70524,2.1032722,0.70109075,0.18400002,0.0,0.13685128,0.0,0.0,1507200
hardzero_only__c0p58__z1p00__lam0p000__nu0p50__psi0p00,hardzero_only,0.065,55,471,0.0,4,0.24716178,0.25459576,0.9416916,0.114369035,0.114369035,1.0,0.0074339868,0.065,-25.593752,2.0717628,0.69058764,0.256,0.0,0.12894407,0.0,0.0,1510400
hardzero_only__c0p58__z1p00__lam0p000__nu0p50__psi0p00,hardzero_only,0.065,55,472,0.0,4,0.25459576,0.26153865,0.971373,0.1068137,0.1068137,1.0,0.00694289,0.065,-26.24672,2.1370633,0.7123544,0.17600001,0.008,0.15171234,0.0,0.0,1513600
hardzero_only__c0p58__z1p00__lam0p000__nu0p50__psi0p00,hardzero_only,0.065,55,473,0.0,4,0.26153865,0.26873982,0.95551133,0.11078695,0.11078695,1.0,0.0072011515,0.065,-26.673855,2.102167,0.70072234,0.216,0.0,0.1505415,0.0,0.0,1516800
hardzero_only__c0p58__z1p00__lam0p000__nu0p50__psi0p00,hardzero_only,0.065,55,474,0.0,4,0.26873982,0.27566773,0.9723119,0.106583014,0.106583014,1.0,0.006927896,0.065,-26.009172,2.139129,0.713043,0.136,0.0,0.14501528,0.0,0.0,1520000
hardzero_only__c0p58__z1p00__lam0p000__nu0p50__psi0p00,hardzero_only,0.065,55,475,0.0,4,0.27566773,0.28225845,0.9939807,0.101395644,0.101395644,1.0,0.0065907165,0.065,-26.6778,2.1868012,0.72893375,0.2,0.0,0.121475,0.0,0.0,1523200
hardzero_only__c0p58__z1p00__lam0p000__nu0p50__psi0p00,hardzero_only,0.065,55,476,0.0,4,0.28225845,0.28877646,0.9987994,0.10027683,0.10027683,1.0,0.0065179938,0.065,-27.17519,2.1974025,0.73246753,0.096,0.0,0.15683518,0.0,0.0,1526400
hardzero_only__c0p58__z1p00__lam0p000__nu0p50__psi0p00,hardzero_only,0.065,55,477,0.0,4,0.28877646,0.28877646,1.0012864,0.0,0.09970423,0.0,0.0,0.065,-27.303005,2.202874,0.7342913,0.136,0.0,0.1557575,0.0,0.0,1529600
hardzero_only__c0p58__z1p00__lam0p000__nu0p50__psi0p00,hardzero_only,0.065,55,478,0.0,4,0.28877646,0.29600224,0.95402837,0.1111659,0.1111659,1.0,0.0072257835,0.065,-25.991528,2.0989044,0.6996348,0.192,0.0,0.117987216,0.0,0.0,1532800
hardzero_only__c0p58__z1p00__lam0p000__nu0p50__psi0p00,hardzero_only,0.065,55,479,0.0,4,0.29600224,0.3035061,0.93762845,0.115444034,0.115444034,1.0,0.007503862,0.065,-26.030836,2.0628238,0.68760794,0.15200001,0.0,0.121248856,0.0,0.0,1536000
hardzero_only__c0p58__z1p00__lam0p000__nu0p50__psi0p00,hardzero_only,0.065,55,480,0.0,4,0.3035061,0.31102788,0.93659264,0.11571972,0.11571972,1.0,0.0075217816,0.065,-25.806627,2.060545,0.68684834,0.17600001,0.0,0.14908755,0.0,0.0,1539200
hardzero_only__c0p58__z1p00__lam0p000__nu0p50__psi0p00,hardzero_only,0.065,55,481,0.0,4,0.31102788,0.3179462,0.9729129,0.106435634,0.106435634,1.0,0.006918316,0.065,-26.148317,2.1404512,0.71348375,0.21,0.0,0.14641275,0.0,0.0,1542400
hardzero_only__c0p58__z1p00__lam0p000__nu0p50__psi0p00,hardzero_only,0.065,55,482,0.0,4,0.3179462,0.32529396,0.9467583,0.113042496,0.113042496,1.0,0.007347762,0.065,-25.975393,2.0829098,0.6943033,0.192,0.0,0.11735932,0.0,0.0,1545600
hardzero_only__c0p58__z1p00__lam0p000__nu0p50__psi0p00,hardzero_only,0.065,55,483,0.0,4,0.32529396,0.33193287,0.99081534,0.10213736,0.10213736,1.0,0.006638928,0.065,-26.675068,2.1798372,0.72661245,0.192,0.0,0.13659202,0.0,0.0,1548800
hardzero_only__c0p58__z1p00__lam0p000__nu0p50__psi0p00,hardzero_only,0.065,55,484,0.0,4,0.33193287,0.33911872,0.9564358,0.110551395,0.110551395,1.0,0.0071858405,0.065,-25.755356,2.1042008,0.7014003,0.2,0.0,0.12606372,0.0,0.0,1552000
hardzero_only__c0p58__z1p00__lam0p000__nu0p50__psi0p00,hardzero_only,0.065,55,485,0.0,4,0.33911872,0.34623066,0.96092594,0.10941429,0.10941429,1.0,0.0071119284,0.065,-25.869005,2.1140792,0.7046931,0.2,0.0,0.13121927,0.0,0.0,1555200
hardzero_only__c0p58__z1p00__lam0p000__nu0p50__psi0p00,hardzero_only,0.065,55,486,0.0,4,0.34623066,0.34623066,1.0017612,0.0,0.09959529,0.0,0.0,0.065,-27.134205,2.2039187,0.7346396,0.15200001,0.0,0.16148244,0.0,0.0,1558400
hardzero_only__c0p58__z1p00__lam0p000__nu0p50__psi0p00,hardzero_only,0.065,55,487,0.0,4,0.34623066,0.35350978,0.9508344,0.111986496,0.111986496,1.0,0.007279122,0.065,-26.868338,2.0918775,0.6972925,0.192,0.0,0.16272382,0.0,0.0,1561600
hardzero_only__c0p58__z1p00__lam0p000__nu0p50__psi0p00,hardzero_only,0.065,55,488,0.0,4,0.35350978,0.3608533,0.947009,0.11297723,0.11297723,1.0,0.0073435195,0.065,-26.659758,2.0834615,0.6944872,0.208,0.0,0.14125514,0.0,0.0,1564800
hardzero_only__c0p58__z1p00__lam0p000__nu0p50__psi0p00,hardzero_only,0.065,55,489,0.0,4,0.3608533,0.36790714,0.96448946,0.108520195,0.108520195,1.0,0.0070538125,0.065,-26.500546,2.1219192,0.7073064,0.192,0.0,0.1356888,0.0,0.0,1568000
hardzero_only__c0p58__z1p00__lam0p000__nu0p50__psi0p00,hardzero_only,0.065,55,490,0.0,4,0.36790714,0.37592903,0.90863705,0.12341358,0.12341358,1.0,0.008021882,0.065,-25.580576,1.9990414,0.66634715,0.272,0.0,0.11986869,0.0,0.0,1571200
hardzero_only__c0p58__z1p00__lam0p000__nu0p50__psi0p00,hardzero_only,0.065,55,491,0.0,4,0.37592903,0.38320366,0.9511025,0.111917354,0.111917354,1.0,0.0072746277,0.065,-25.932615,2.0924673,0.69748914,0.128,0.0,0.13143578,0.0,0.0,1574400
hardzero_only__c0p58__z1p00__lam0p000__nu0p50__psi0p00,hardzero_only,0.065,55,492,0.0,4,0.38320366,0.38982928,0.99168706,0.10193255,0.10193255,1.0,0.0066256155,0.065,-28.106068,2.181755,0.7272517,0.16800001,0.0,0.1647757,0.0,0.0,1577600
hardzero_only__c0p58__z1p00__lam0p000__nu0p50__psi0p00,hardzero_only,0.065,55,493,0.0,4,0.38982928,0.3969749,0.95887315,0.10993267,0.10993267,1.0,0.007145623,0.065,-26.657692,2.109563,0.7031877,0.216,0.008,0.14169024,0.0,0.0,1580800
hardzero_only__c0p58__z1p00__lam0p000__nu0p50__psi0p00,hardzero_only,0.065,55,494,0.0,4,0.3969749,0.3969749,1.0042,0.0,0.09903758,0.0,0.0,0.065,-26.986765,2.209284,0.736428,0.17,0.0,0.15861829,0.0,0.0,1584000
hardzero_only__c0p58__z1p00__lam0p000__nu0p50__psi0p00,hardzero_only,0.065,55,495,0.0,4,0.3969749,0.40420222,0.9539355,0.11118968,0.11118968,1.0,0.0072273286,0.065,-26.091055,2.0987,0.6995667,0.208,0.0,0.16623515,0.0,0.0,1587200
hardzero_only__c0p58__z1p00__lam0p000__nu0p50__psi0p00,hardzero_only,0.065,55,496,0.0,4,0.40420222,0.40420222,1.0177355,0.0,0.09599851,0.0,0.0,0.065,-27.581194,2.2390628,0.7463543,0.120000005,0.0,0.14290255,0.0,0.0,1590400
hardzero_only__c0p58__z1p00__lam0p000__nu0p50__psi0p00,hardzero_only,0.065,55,497,0.0,4,0.40420222,0.41142443,0.95424277,0.11111105,0.11111105,1.0,0.007222218,0.065,-25.782784,2.099376,0.699792,0.096,0.0,0.14653929,0.0,0.0,1593600
hardzero_only__c0p58__z1p00__lam0p000__nu0p50__psi0p00,hardzero_only,0.065,55,498,0.0,4,0.41142443,0.41142443,1.0047784,0.0,0.09890578,0.0,0.0,0.065,-27.754883,2.2105565,0.73685217,0.112,0.0,0.1370989,0.0,0.0,1596800
hardzero_only__c0p58__z1p00__lam0p000__nu0p50__psi0p00,hardzero_only,0.065,55,499,0.0,4,0.41142443,0.4185266,0.9615223,0.109264165,0.109264165,1.0,0.0071021705,0.065,-26.55582,2.1153913,0.70513046,0.15200001,0.0,0.13028483,0.0,0.0,1600000
hardzero_only__c0p58__z1p00__lam0p000__nu0p50__psi0p00,hardzero_only,0.065,55,500,0.0,4,0.4185266,0.42620552,0.927613,0.118137285,0.118137285,1.0,0.007678923,0.065,-25.496525,2.0407894,0.68026316,0.17600001,0.0,0.14998454,0.0,0.0,1603200
hardzero_only__c0p58__z1p00__lam0p000__nu0p50__psi0p00,hardzero_only,0.065,55,501,0.0,4,0.42620552,0.43360493,0.943717,0.113836884,0.113836884,1.0,0.0073993974,0.065,-26.205275,2.0762188,0.692073,0.208,0.0,0.15205634,0.0,0.0,1606400
hardzero_only__c0p58__z1p00__lam0p000__nu0p50__psi0p00,hardzero_only,0.065,55,502,0.0,4,0.43360493,0.44132864,0.92508656,0.11882654,0.11882654,1.0,0.007723725,0.065,-26.94015,2.035231,0.6784104,0.2,0.0,0.12210719,0.0,0.0,1609600
hardzero_only__c0p58__z1p00__lam0p000__nu0p50__psi0p00,hardzero_only,0.065,55,503,0.0,4,0.44132864,0.44850886,0.95677525,0.11046502,0.11046502,1.0,0.007180226,0.065,-26.476013,2.1049476,0.7016492,0.16000001,0.0,0.12479055,0.0,0.0,1612800
hardzero_only__c0p58__z1p00__lam0p000__nu0p50__psi0p00,hardzero_only,0.065,55,504,0.0,4,0.44850886,0.45575458,0.9528317,0.11147263,0.11147263,1.0,0.007245721,0.065,-26.266462,2.0962715,0.6987572,0.16800001,0.0,0.13877162,0.0,0.0,1616000
hardzero_only__c0p58__z1p00__lam0p000__nu0p50__psi0p00,hardzero_only,0.065,55,505,0.0,4,0.45575458,0.45575458,1.0406604,0.0,0.091062516,0.0,0.0,0.065,-27.933989,2.2894986,0.7631662,0.136,0.0,0.15118282,0.0,0.0,1619200
hardzero_only__c0p58__z1p00__lam0p000__nu0p50__psi0p00,hardzero_only,0.065,55,506,0.0,4,0.45575458,0.4627895,0.9656534,0.10822972,0.10822972,1.0,0.0070349313,0.065,-26.944353,2.12448,0.70816004,0.224,0.0,0.14737101,0.0,0.0,1622400
hardzero_only__c0p58__z1p00__lam0p000__nu0p50__psi0p00,hardzero_only,0.065,55,507,0.0,4,0.4627895,0.4696977,0.9735487,0.10627994,0.10627994,1.0,0.006908196,0.065,-26.902067,2.14185,0.71395004,0.17999999,0.0,0.12941563,0.0,0.0,1625600
hardzero_only__c0p58__z1p00__lam0p000__nu0p50__psi0p00,hardzero_only,0.065,55,508,0.0,4,0.4696977,0.47695723,0.952006,0.111684784,0.111684784,1.0,0.007259511,0.065,-26.084875,2.094455,0.6981517,0.17600001,0.0,0.14889316,0.0,0.0,1628800
hardzero_only__c0p58__z1p00__lam0p000__nu0p50__psi0p00,hardzero_only,0.065,55,509,0.0,4,0.47695723,0.48370588,0.98369616,0.10382544,0.10382544,1.0,0.0067486535,0.065,-26.61347,2.1641748,0.7213916,0.14400001,0.0,0.15047878,0.0,0.0,1632000
hardzero_only__c0p58__z1p00__lam0p000__nu0p50__psi0p00,hardzero_only,0.065,55,510,0.0,4,0.48370588,0.49078953,0.9626564,0.108979195,0.108979195,1.0,0.0070836474,0.065,-26.086872,2.1178863,0.7059621,0.16800001,0.0,0.14467384,0.0,0.0,1635200
hardzero_only__c0p58__z1p00__lam0p000__nu0p50__psi0p00,hardzero_only,0.065,55,511,0.0,4,0.49078953,0.49078953,1.0093397,0.0,0.09787241,0.0,0.0,0.065,-27.167782,2.2205915,0.7401972,0.16000001,0.0,0.1342006,0.0,0.0,1638400
hardzero_only__c0p58__z1p00__lam0p000__nu0p50__psi0p00,hardzero_only,0.065,55,512,0.0,4,0.49078953,0.49770787,0.97291076,0.10643616,0.10643616,1.0,0.0069183502,0.065,-26.657816,2.1404464,0.71348214,0.17600001,0.0,0.18215421,0.0,0.0,1641600
hardzero_only__c0p58__z1p00__lam0p000__nu0p50__psi0p00,hardzero_only,0.065,55,513,0.0,4,0.49770787,0.5050833,0.94512373,0.11346876,0.11346876,1.0,0.007375469,0.065,-25.333397,2.0793138,0.6931046,0.16800001,0.0,0.13154693,0.0,0.0,1644800
hardzero_only__c0p58__z1p00__lam0p000__nu0p50__psi0p00,hardzero_only,0.065,55,514,0.0,4,0.5050833,0.5050833,1.0216625,0.0,0.09513437,0.0,0.0,0.065,-27.606071,2.2477024,0.74923414,0.16800001,0.0,0.15289459,0.0,0.0,1648000
hardzero_only__c0p58__z1p00__lam0p000__nu0p50__psi0p00,hardzero_only,0.065,55,515,0.0,4,0.5050833,0.5128997,0.9199065,0.12025231,0.12025231,1.0,0.0078164,0.065,-25.646646,2.0238347,0.67461157,0.23200001,0.0,0.11292579,0.0,0.0,1651200
hardzero_only__c0p58__z1p00__lam0p000__nu0p50__psi0p00,hardzero_only,0.065,55,516,0.0,4,0.5128997,0.5197229,0.97892684,0.104971915,0.104971915,1.0,0.006823174,0.065,-26.831388,2.153682,0.717894,0.14400001,0.0,0.14004804,0.0,0.0,1654400
hardzero_only__c0p58__z1p00__lam0p000__nu0p50__psi0p00,hardzero_only,0.065,55,517,0.0,4,0.5197229,0.5266497,0.9723788,0.10656663,0.10656663,1.0,0.006926831,0.065,-25.807117,2.139276,0.713092,0.112,0.0,0.132546,0.0,0.0,1657600
hardzero_only__c0p58__z1p00__lam0p000__nu0p50__psi0p00,hardzero_only,0.065,55,518,0.0,4,0.5266497,0.5338101,0.95797783,0.11015954,0.11015954,1.0,0.00716037,0.065,-25.487982,2.1075933,0.7025311,0.136,0.0,0.13848276,0.0,0.0,1660800
hardzero_only__c0p58__z1p00__lam0p000__nu0p50__psi0p00,hardzero_only,0.065,55,519,0.0,4,0.5338101,0.54098725,0.9569584,0.11041844,0.11041844,1.0,0.0071771983,0.065,-26.48209,2.1053505,0.70178354,0.16800001,0.0,0.1455214,0.0,0.0,1664000
hardzero_only__c0p58__z1p00__lam0p000__nu0p50__psi0p00,hardzero_only,0.065,55,520,0.0,4,0.54098725,0.5480256,0.96544355,0.10828204,0.10828204,1.0,0.007038332,0.065,-26.46317,2.1240182,0.7080061,0.19,0.0,0.121574,0.0,0.0,1667200
hardzero_only__c0p58__z1p00__lam0p000__nu0p50__psi0p00,hardzero_only,0.065,55,521,0.0,4,0.5480256,0.55580187,0.9221415,0.11963505,0.11963505,1.0,0.007776278,0.065,-26.04151,2.0287519,0.67625064,0.208,0.0,0.13714331,0.0,0.0,1670400
hardzero_only__c0p58__z1p00__lam0p000__nu0p50__psi0p00,hardzero_only,0.065,55,522,0.0,4,0.55580187,0.55580187,1.0176488,0.0,0.096017666,0.0,0.0,0.065,-27.190895,2.238872,0.7462907,0.15200001,0.0,0.1437118,0.0,0.0,1673600
hardzero_only__c0p58__z1p00__lam0p000__nu0p50__psi0p00,hardzero_only,0.065,55,523,0.0,4,0.55580187,0.5627169,0.9731174,0.10638553,0.10638553,1.0,0.006915059,0.065,-26.905626,2.140901,0.7136337,0.136,0.0,0.12712055,0.0,0.0,1676800
hardzero_only__c0p58__z1p00__lam0p000__nu0p50__psi0p00,hardzero_only,0.065,55,524,0.0,4,0.5627169,0.5693228,0.99298096,0.10162932,0.10162932,1.0,0.0066059055,0.065,-26.750315,2.1846018,0.7282006,0.08800001,0.0,0.13568582,0.0,0.0,1680000
hardzero_only__c0p58__z1p00__lam0p000__nu0p50__psi0p00,hardzero_only,0.065,55,525,0.0,4,0.5693228,0.5693228,1.0011005,0.0,0.099746905,0.0,0.0,0.065,-27.19754,2.202465,0.73415506,0.192,0.0,0.147506,0.0,0.0,1683200
hardzero_only__c0p58__z1p00__lam0p000__nu0p50__psi0p00,hardzero_only,0.065,55,526,0.0,4,0.5693228,0.57618576,0.976403,0.105583735,0.105583735,1.0,0.0068629426,0.065,-26.99316,2.1481295,0.7160432,0.18400002,0.0,0.15442678,0.0,0.0,1686400
hardzero_only__c0p58__z1p00__lam0p000__nu0p50__psi0p00,hardzero_only,0.065,55,527,0.0,4,0.57618576,0.583493,0.9491612,0.11241876,0.11241876,1.0,0.0073072193,0.065,-25.85469,2.0881963,0.6960654,0.23200001,0.0,0.18344562,0.0,0.0,1689600
hardzero_only__c0p58__z1p00__lam0p000__nu0p50__psi0p00,hardzero_only,0.065,55,528,1.0,5,0.583493,0.003493011,1.0058591,0.0,0.09865994,0.0,0.0,0.065,-27.655962,2.2129343,0.7376448,0.15200001,0.0,0.17372721,0.0,0.0,1692800
hardzero_only__c0p58__z1p00__lam0p000__nu0p50__psi0p00,hardzero_only,0.065,55,529,0.0,5,0.003493011,0.010905102,0.9429726,0.11403218,0.11403218,1.0,0.0074120914,0.065,-26.1347,2.0745811,0.69152707,0.192,0.0,0.13953035,0.0,0.0,1696000
hardzero_only__c0p58__z1p00__lam0p000__nu0p50__psi0p00,hardzero_only,0.065,55,530,0.0,5,0.010905102,0.017800758,0.97433776,0.10608701,0.10608701,1.0,0.0068956553,0.065,-26.668625,2.143586,0.7145287,0.16000001,0.0,0.16447754,0.0,0.0,1699200
hardzero_only__c0p58__z1p00__lam0p000__nu0p50__psi0p00,hardzero_only,0.065,55,531,0.0,5,0.017800758,0.024892448,0.9621636,0.10910293,0.10910293,1.0,0.00709169,0.065,-27.361277,2.1168022,0.70560074,0.2,0.0,0.13395172,0.0,0.0,1702400
hardzero_only__c0p58__z1p00__lam0p000__nu0p50__psi0p00,hardzero_only,0.065,55,532,0.0,5,0.024892448,0.033101104,0.8986412,0.12628704,0.12628704,1.0,0.008208658,0.065,-25.4147,1.9770502,0.6590167,0.17600001,0.0,0.12606955,0.0,0.0,1705600
hardzero_only__c0p58__z1p00__lam0p000__nu0p50__psi0p00,hardzero_only,0.065,55,533,0.0,5,0.033101104,0.04051271,0.9430011,0.1140247,0.1140247,1.0,0.007411605,0.065,-25.674662,2.0746439,0.691548,0.19,0.0,0.118519254,0.0,0.0,1708800
hardzero_only__c0p58__z1p00__lam0p000__nu0p50__psi0p00,hardzero_only,0.065,55,534,0.0,5,0.04051271,0.04812017,0.9316735,0.11703787,0.11703787,1.0,0.0076074614,0.065,-26.42947,2.0497227,0.6832409,0.208,0.008,0.1597376,0.0,0.0,1712000
hardzero_only__c0p58__z1p00__lam0p000__nu0p50__psi0p00,hardzero_only,0.065,55,535,0.0,5,0.04812017,0.055079684,0.9703346,0.10706941,0.10706941,1.0,0.0069595114,0.065,-26.380844,2.1347787,0.7115929,0.16800001,0.0,0.13497856,0.0,0.0,1715200
hardzero_only__c0p58__z1p00__lam0p000__nu0p50__psi0p00,hardzero_only,0.065,55,536,0.0,5,0.055079684,0.062259205,0.95681775,0.110454194,0.110454194,1.0,0.0071795224,0.065,-25.947313,2.105041,0.70168036,0.192,0.0,0.13199833,0.0,0.0,1718400
hardzero_only__c0p58__z1p00__lam0p000__nu0p50__psi0p00,hardzero_only,0.065,55,537,0.0,5,0.062259205,0.06969809,0.94140565,0.11444434,0.11444434,1.0,0.007438882,0.065,-26.135279,2.0711339,0.69037795,0.192,0.0,0.13423805,0.0,0.0,1721600
hardzero_only__c0p58__z1p00__lam0p000__nu0p50__psi0p00,hardzero_only,0.065,55,538,0.0,5,0.06969809,0.07672176,0.9663495,0.1080564,0.1080564,1.0,0.007023666,0.065,-26.716328,2.1260114,0.7086705,0.2,0.0,0.15994474,0.0,0.0,1724800
hardzero_only__c0p58__z1p00__lam0p000__nu0p50__psi0p00,hardzero_only,0.065,55,539,0.0,5,0.07672176,0.08383491,0.96085113,0.10943315,0.10943315,1.0,0.0071131545,0.065,-26.351141,2.1139147,0.70463824,0.17600001,0.0,0.14072342,0.0,0.0,1728000
hardzero_only__c0p58__z1p00__lam0p000__nu0p50__psi0p00,hardzero_only,0.065,55,540,0.0,5,0.08383491,0.090969734,0.9595299,0.10976657,0.10976657,1.0,0.007134827,0.065,-26.663933,2.111008,0.7036693,0.2,0.008,0.1412602,0.0,0.0,1731200
hardzero_only__c0p58__z1p00__lam0p000__nu0p50__psi0p00,hardzero_only,0.065,55,541,0.0,5,0.090969734,0.09787883,0.97349197,0.10629383,0.10629383,1.0,0.0069090985,0.065,-25.87784,2.141725,0.7139084,0.17600001,0.0,0.14502917,0.0,0.0,1734400
hardzero_only__c0p58__z1p00__lam0p000__nu0p50__psi0p00,hardzero_only,0.065,55,542,0.0,5,0.09787883,0.10490918,0.96593606,0.10815932,0.10815932,1.0,0.0070303553,0.065,-26.782557,2.1251018,0.7083673,0.208,0.0,0.14903285,0.0,0.0,1737600
hardzero_only__c0p58__z1p00__lam0p000__nu0p50__psi0p00,hardzero_only,0.065,55,543,0.0,5,0.10490918,0.11245779,0.93504643,0.116132446,0.116132446,1.0,0.007548609,0.065,-26.403183,2.0571432,0.6857144,0.256,0.008,0.13798515,0.0,0.0,1740800
hardzero_only__c0p58__z1p00__lam0p000__nu0p50__psi0p00,hardzero_only,0.065,55,544,0.0,5,0.11245779,0.11981578,0.9461541,0.11319986,0.11319986,1.0,0.007357991,0.065,-25.785364,2.0815806,0.69386023,0.24000001,0.0,0.15675348,0.0,0.0,1744000
hardzero_only__c0p58__z1p00__lam0p000__nu0p50__psi0p00,hardzero_only,0.065,55,545,0.0,5,0.11981578,0.12786418,0.9072038,0.12382154,0.12382154,1.0,0.0080484,0.065,-25.35026,1.9958882,0.6652961,0.2,0.0,0.12853026,0.0,0.0,1747200
hardzero_only__c0p58__z1p00__lam0p000__nu0p50__psi0p00,hardzero_only,0.065,55,546,0.0,5,0.12786418,0.12786418,1.0341265,0.0,0.09244288,0.0,0.0,0.065,-27.453878,2.2751238,0.75837463,0.16,0.0,0.16135257,0.0,0.0,1750400
hardzero_only__c0p58__z1p00__lam0p000__nu0p50__psi0p00,hardzero_only,0.065,55,547,0.0,5,0.12786418,0.1354786,0.93127686,0.11714482,0.11714482,1.0,0.0076144133,0.065,-26.041485,2.04885,0.68295,0.23200001,0.008,0.14293574,0.0,0.0,1753600
hardzero_only__c0p58__z1p00__lam0p000__nu0p50__psi0p00,hardzero_only,0.065,55,548,0.0,5,0.1354786,0.14238262,0.9738111,0.10621575,0.10621575,1.0,0.0069040237,0.065,-27.171694,2.1424272,0.71414244,0.16800001,0.0,0.1304042,0.0,0.0,1756800
hardzero_only__c0p58__z1p00__lam0p000__nu0p50__psi0p00,hardzero_only,0.065,55,549,0.0,5,0.14238262,0.14955685,0.9571386,0.110372625,0.110372625,1.0,0.0071742204,0.065,-26.07705,2.105747,0.7019157,0.192,0.0,0.13590313,0.0,0.0,1760000
hardzero_only__c0p58__z1p00__lam0p000__nu0p50__psi0p00,hardzero_only,0.065,55,550,0.0,5,0.14955685,0.14955685,1.0006407,0.0,0.09985258,0.0,0.0,0.065,-26.488571,2.2014537,0.73381793,0.136,0.0,0.14993623,0.0,0.0,1763200
hardzero_only__c0p58__z1p00__lam0p000__nu0p50__psi0p00,hardzero_only,0.065,55,551,0.0,5,0.14955685,0.15635532,0.9805014,0.10459202,0.10459202,1.0,0.006798481,0.065,-27.182022,2.1571462,0.71904874,0.136,0.0,0.16411808,0.0,0.0,1766400
hardzero_only__c0p58__z1p00__lam0p000__nu0p50__psi0p00,hardzero_only,0.065,55,552,0.0,5,0.15635532,0.16288516,0.99801075,0.1004591,0.1004591,1.0,0.006529841,0.065,-27.638582,2.1956675,0.7318892,0.16800001,0.0,0.1710909,0.0,0.0,1769600
hardzero_only__c0p58__z1p00__lam0p000__nu0p50__psi0p00,hardzero_only,0.065,55,553,0.0,5,0.16288516,0.16288516,1.0186851,0.0,0.09578884,0.0,0.0,0.065,-26.825258,2.241152,0.7470507,0.14400001,0.0,0.15680541,0.0,0.0,1772800
hardzero_only__c0p58__z1p00__lam0p000__nu0p50__psi0p00,hardzero_only,0.065,55,554,0.0,5,0.16288516,0.17115594,0.8953662,0.12724295,0.12724295,1.0,0.008270792,0.065,-24.86543,1.9698449,0.656615,0.192,0.0,0.10915459,0.0,0.0,1776000
hardzero_only__c0p58__z1p00__lam0p000__nu0p50__psi0p00,hardzero_only,0.065,55,555,0.0,5,0.17115594,0.17770016,0.9970556,0.10068027,0.10068027,1.0,0.0065442175,0.065,-27.74805,2.193566,0.7311887,0.208,0.0,0.15502045,0.0,0.0,1779200
hardzero_only__c0p58__z1p00__lam0p000__nu0p50__psi0p00,hardzero_only,0.065,55,556,0.0,5,0.17770016,0.18450482,0.9801068,0.10468712,0.10468712,1.0,0.0068046623,0.065,-27.024223,2.156278,0.7187593,0.15200001,0.0,0.1556261,0.0,0.0,1782400
hardzero_only__c0p58__z1p00__lam0p000__nu0p50__psi0p00,hardzero_only,0.065,55,557,0.0,5,0.18450482,0.19209155,0.9328585,0.11671898,0.11671898,1.0,0.0075867334,0.065,-26.015963,2.0523298,0.6841099,0.208,0.0,0.13977417,0.0,0.0,1785600
hardzero_only__c0p58__z1p00__lam0p000__nu0p50__psi0p00,hardzero_only,0.065,55,558,0.0,5,0.19209155,0.20006666,0.91117686,0.12269395,0.12269395,1.0,0.007975106,0.065,-24.756294,2.0046291,0.66820973,0.192,0.0,0.11722325,0.0,0.0,1788800
hardzero_only__c0p58__z1p00__lam0p000__nu0p50__psi0p00,hardzero_only,0.065,55,559,0.0,5,0.20006666,0.20699061,0.9725592,0.10652235,0.10652235,1.0,0.0069239526,0.065,-26.801666,2.139673,0.71322435,0.21,0.0,0.15207078,0.0,0.0,1792000
hardzero_only__c0p58__z1p00__lam0p000__nu0p50__psi0p00,hardzero_only,0.065,55,560,0.0,5,0.20699061,0.21504606,0.9068232,0.12393008,0.12393008,1.0,0.008055455,0.065,-25.27386,1.9950509,0.665017,0.264,0.0,0.14160024,0.0,0.0,1795200
hardzero_only__c0p58__z1p00__lam0p000__nu0p50__psi0p00,hardzero_only,0.065,55,561,0.0,5,0.21504606,0.22157592,0.99800986,0.10045929,0.10045929,1.0,0.0065298537,0.065,-27.788998,2.1956656,0.73188853,0.120000005,0.0,0.13970338,0.0,0.0,1798400
hardzero_only__c0p58__z1p00__lam0p000__nu0p50__psi0p00,hardzero_only,0.065,55,562,0.0,5,0.22157592,0.22957453,0.90989834,0.12305568,0.12305568,1.0,0.007998619,0.065,-24.665457,2.0018163,0.6672721,0.2,0.0,0.117196076,0.0,0.0,1801600
hardzero_only__c0p58__z1p00__lam0p000__nu0p50__psi0p00,hardzero_only,0.065,55,563,0.0,5,0.22957453,0.2369,0.9480782,0.11269944,0.11269944,1.0,0.0073254635,0.065,-25.87161,2.0858138,0.69527125,0.192,0.0,0.13045578,0.0,0.0,1804800
hardzero_only__c0p58__z1p00__lam0p000__nu0p50__psi0p00,hardzero_only,0.065,55,564,0.0,5,0.2369,0.24392031,0.9665567,0.10800484,0.10800484,1.0,0.007020314,0.065,-26.382465,2.1264672,0.7088224,0.16000001,0.0,0.13210928,0.0,0.0,1808000
hardzero_only__c0p58__z1p00__lam0p000__nu0p50__psi0p00,hardzero_only,0.065,55,565,0.0,5,0.24392031,0.2508568,0.9717753,0.10671481,0.10671481,1.0,0.006936462,0.065,-26.047634,2.1379483,0.71264946,0.17600001,0.0,0.13492325,0.0,0.0,1811200
hardzero_only__c0p58__z1p00__lam0p000__nu0p50__psi0p00,hardzero_only,0.065,55,566,0.0,5,0.2508568,0.2575169,0.98943186,0.10246324,0.10246324,1.0,0.0066601103,0.065,-27.203184,2.1767936,0.72559786,0.16000001,0.0,0.13341151,0.0,0.0,1814400
hardzero_only__c0p58__z1p00__lam0p000__nu0p50__psi0p00,hardzero_only,0.065,55,567,0.0,5,0.2575169,0.26419872,0.9880171,0.10279758,0.10279758,1.0,0.0066818427,0.065,-27.414228,2.173681,0.7245604,0.15200001,0.0,0.16950229,0.0,0.0,1817600
hardzero_only__c0p58__z1p00__lam0p000__nu0p50__psi0p00,hardzero_only,0.065,55,568,0.0,5,0.26419872,0.2711174,0.97289085,0.106441036,0.106441036,1.0,0.006918667,0.065,-25.607391,2.1404026,0.71346754,0.18400002,0.0,0.1430077,0.0,0.0,1820800
hardzero_only__c0p58__z1p00__lam0p000__nu0p50__psi0p00,hardzero_only,0.065,55,569,0.0,5,0.2711174,0.2792896,0.9005738,0.12572633,0.12572633,1.0,0.008172211,0.065,-26.312664,1.9813019,0.660434,0.24800001,0.0,0.13806981,0.0,0.0,1824000
hardzero_only__c0p58__z1p00__lam0p000__nu0p50__psi0p00,hardzero_only,0.065,55,570,0.0,5,0.2792896,0.2792896,1.0019039,0.0,0.09956257,0.0,0.0,0.065,-26.999008,2.2042327,0.73474425,0.16800001,0.008,0.15348043,0.0,0.0,1827200
hardzero_only__c0p58__z1p00__lam0p000__nu0p50__psi0p00,hardzero_only,0.065,55,571,0.0,5,0.2792896,0.28667495,0.9445433,0.11362048,0.11362048,1.0,0.007385331,0.065,-26.056698,2.0780368,0.6926789,0.120000005,0.0,0.1465087,0.0,0.0,1830400
hardzero_only__c0p58__z1p00__lam0p000__nu0p50__psi0p00,hardzero_only,0.065,55,572,0.0,5,0.28667495,0.29419178,0.9368785,0.11564356,0.11564356,1.0,0.007516831,0.065,-26.511026,2.061174,0.687058,0.17999999,0.0,0.12171698,0.0,0.0,1833600
hardzero_only__c0p58__z1p00__lam0p000__nu0p50__psi0p00,hardzero_only,0.065,55,573,0.0,5,0.29419178,0.30214962,0.9121184,0.12242824,0.12242824,1.0,0.007957835,0.065,-26.405743,2.0067005,0.6689002,0.2,0.0,0.14241913,0.0,0.0,1836800
hardzero_only__c0p58__z1p00__lam0p000__nu0p50__psi0p00,hardzero_only,0.065,55,574,0.0,5,0.30214962,0.30955878,0.9431452,0.113986865,0.113986865,1.0,0.007409146,0.065,-26.268637,2.074961,0.69165367,0.17600001,0.0,0.14103103,0.0,0.0,1840000
hardzero_only__c0p58__z1p00__lam0p000__nu0p50__psi0p00,hardzero_only,0.065,55,575,0.0,5,0.30955878,0.3170698,0.9372152,0.11555394,0.11555394,1.0,0.0075110057,0.065,-25.955511,2.0619147,0.6873049,0.192,0.0,0.119983576,0.0,0.0,1843200
hardzero_only__c0p58__z1p00__lam0p000__nu0p50__psi0p00,hardzero_only,0.065,55,576,0.0,5,0.3170698,0.3253969,0.89242035,0.128109,0.128109,1.0,0.008327085,0.065,-25.093376,1.963364,0.6544547,0.2,0.0,0.11875256,0.0,0.0,1846400
hardzero_only__c0p58__z1p00__lam0p000__nu0p50__psi0p00,hardzero_only,0.065,55,577,0.0,5,0.3253969,0.33366674,0.89541537,0.12722856,0.12722856,1.0,0.008269856,0.065,-25.144339,1.9699532,0.6566511,0.15200001,0.0,0.117384344,0.0,0.0,1849600
hardzero_only__c0p58__z1p00__lam0p000__nu0p50__psi0p00,hardzero_only,0.065,55,578,0.0,5,0.33366674,0.34068406,0.96674246,0.10795868,0.10795868,1.0,0.007017314,0.065,-27.12482,2.1268759,0.7089586,0.18400002,0.0,0.13753739,0.0,0.0,1852800
hardzero_only__c0p58__z1p00__lam0p000__nu0p50__psi0p00,hardzero_only,0.065,55,579,0.0,5,0.34068406,0.3473617,0.9882887,0.10273332,0.10273332,1.0,0.0066776657,0.065,-26.289024,2.1742785,0.7247595,0.208,0.0,0.15350166,0.0,0.0,1856000
hardzero_only__c0p58__z1p00__lam0p000__nu0p50__psi0p00,hardzero_only,0.065,55,580,0.0,5,0.3473617,0.35443765,0.96312916,0.10886062,0.10886062,1.0,0.00707594,0.065,-26.516554,2.1189265,0.70630884,0.216,0.0,0.12953201,0.0,0.0,1859200
hardzero_only__c0p58__z1p00__lam0p000__nu0p50__psi0p00,hardzero_only,0.065,55,581,0.0,5,0.35443765,0.3614844,0.9649249,0.10841145,0.10841145,1.0,0.007046744,0.065,-26.486193,2.1228771,0.70762575,0.16800001,0.0,0.12620844,0.0,0.0,1862400
hardzero_only__c0p58__z1p00__lam0p000__nu0p50__psi0p00,hardzero_only,0.065,55,582,0.0,5,0.3614844,0.36855486,0.9634653,0.108776405,0.108776405,1.0,0.007070466,0.065,-26.262344,2.1196659,0.7065553,0.2,0.0,0.1565313,0.0,0.0,1865600
hardzero_only__c0p58__z1p00__lam0p000__nu0p50__psi0p00,hardzero_only,0.065,55,583,0.0,5,0.36855486,0.3751641,0.99276185,0.10168061,0.10168061,1.0,0.006609239,0.065,-26.821798,2.1841197,0.7280399,0.096,0.0,0.15866493,0.0,0.0,1868800
hardzero_only__c0p58__z1p00__lam0p000__nu0p50__psi0p00,hardzero_only,0.065,55,584,0.0,5,0.3751641,0.38241684,0.9524105,0.111580804,0.111580804,1.0,0.007252752,0.065,-26.292437,2.095345,0.69844836,0.208,0.0,0.16892184,0.0,0.0,1872000
hardzero_only__c0p58__z1p00__lam0p000__nu0p50__psi0p00,hardzero_only,0.065,55,585,0.0,5,0.38241684,0.3904905,0.90584236,0.1242103,0.1242103,1.0,0.008073669,0.065,-25.450321,1.992893,0.6642977,0.19999999,0.0,0.11248961,0.0,0.0,1875200
hardzero_only__c0p58__z1p00__lam0p000__nu0p50__psi0p00,hardzero_only,0.065,55,586,0.0,5,0.3904905,0.3978365,0.9468621,0.113015465,0.113015465,1.0,0.007346005,0.065,-26.14995,2.0831382,0.69437945,0.224,0.0,0.10742648,0.0,0.0,1878400
hardzero_only__c0p58__z1p00__lam0p000__nu0p50__psi0p00,hardzero_only,0.065,55,587,0.0,5,0.3978365,0.4055008,0.92844075,0.117912345,0.117912345,1.0,0.007664302,0.065,-25.932306,2.0426104,0.6808702,0.16000001,0.0,0.14358084,0.0,0.0,1881600
hardzero_only__c0p58__z1p00__lam0p000__nu0p50__psi0p00,hardzero_only,0.065,55,588,0.0,5,0.4055008,0.4131595,0.92875826,0.11782615,0.11782615,1.0,0.0076586995,0.065,-26.172974,2.043309,0.681103,0.272,0.0,0.1228769,0.0,0.0,1884800
hardzero_only__c0p58__z1p00__lam0p000__nu0p50__psi0p00,hardzero_only,0.065,55,589,0.0,5,0.4131595,0.42036155,0.95545596,0.11080109,0.11080109,1.0,0.0072020707,0.065,-27.032724,2.102045,0.7006817,0.2,0.0,0.13555889,0.0,0.0,1888000
hardzero_only__c0p58__z1p00__lam0p000__nu0p50__psi0p00,hardzero_only,0.065,55,590,0.0,5,0.42036155,0.42844447,0.90534496,0.12435264,0.12435264,1.0,0.008082922,0.065,-25.017706,1.9917986,0.6639329,0.224,0.0,0.116794005,0.0,0.0,1891200
hardzero_only__c0p58__z1p00__lam0p000__nu0p50__psi0p00,hardzero_only,0.065,55,591,0.0,5,0.42844447,0.43650353,0.90662926,0.12398543,0.12398543,1.0,0.008059053,0.065,-26.758392,1.9946243,0.6648748,0.208,0.0,0.14208879,0.0,0.0,1894400
hardzero_only__c0p58__z1p00__lam0p000__nu0p50__psi0p00,hardzero_only,0.065,55,592,0.0,5,0.43650353,0.44420356,0.9264205,0.118462116,0.118462116,1.0,0.007700037,0.065,-26.082735,2.0381658,0.67938864,0.18400002,0.0,0.12565888,0.0,0.0,1897600
hardzero_only__c0p58__z1p00__lam0p000__nu0p50__psi0p00,hardzero_only,0.065,55,593,0.0,5,0.44420356,0.45189506,0.92690164,0.11833094,0.11833094,1.0,0.007691511,0.065,-26.189438,2.0392244,0.6797415,0.24800001,0.0,0.13224322,0.0,0.0,1900800
hardzero_only__c0p58__z1p00__lam0p000__nu0p50__psi0p00,hardzero_only,0.065,55,594,0.0,5,0.45189506,0.45889154,0.968034,0.107638076,0.107638076,1.0,0.0069964747,0.065,-26.278162,2.1297174,0.7099058,0.208,0.0,0.14160976,0.0,0.0,1904000
hardzero_only__c0p58__z1p00__lam0p000__nu0p50__psi0p00,hardzero_only,0.065,55,595,0.0,5,0.45889154,0.46646118,0.93383867,0.116455846,0.116455846,1.0,0.0075696297,0.065,-26.934954,2.054486,0.6848287,0.208,0.008,0.14869125,0.0,0.0,1907200
hardzero_only__c0p58__z1p00__lam0p000__nu0p50__psi0p00,hardzero_only,0.065,55,596,0.0,5,0.46646118,0.46646118,1.0128659,0.0,0.09708096,0.0,0.0,0.065,-27.574802,2.2283494,0.7427832,0.128,0.0,0.1345868,0.0,0.0,1910400
hardzero_only__c0p58__z1p00__lam0p000__nu0p50__psi0p00,hardzero_only,0.065,55,597,0.0,5,0.46646118,0.47320965,0.9837082,0.103822574,0.103822574,1.0,0.006748467,0.065,-27.233461,2.1642013,0.72140044,0.136,0.0,0.15650101,0.0,0.0,1913600
hardzero_only__c0p58__z1p00__lam0p000__nu0p50__psi0p00,hardzero_only,0.065,55,598,0.0,5,0.47320965,0.48136428,0.9015088,0.12545595,0.12545595,1.0,0.008154636,0.065,-25.257133,1.983359,0.6611197,0.22,0.0,0.12879623,0.0,0.0,1916800
hardzero_only__c0p58__z1p00__lam0p000__nu0p50__psi0p00,hardzero_only,0.065,55,599,0.0,5,0.48136428,0.4882722,0.97356725,0.1062754,0.1062754,1.0,0.006907901,0.065,-26.778751,2.1418908,0.7139636,0.136,0.0,0.1522812,0.0,0.0,1920000
hardzero_only__c0p58__z1p00__lam0p000__nu0p50__psi0p00,hardzero_only,0.065,55,600,0.0,5,0.4882722,0.495103,0.97844154,0.105089284,0.105089284,1.0,0.006830803,0.065,-27.451994,2.1526144,0.7175381,0.128,0.0,0.16011238,0.0,0.0,1923200
hardzero_only__c0p58__z1p00__lam0p000__nu0p50__psi0p00,hardzero_only,0.065,55,601,0.0,5,0.495103,0.495103,1.0098522,0.0,0.09775698,0.0,0.0,0.065,-27.526989,2.221719,0.74057305,0.15200001,0.0,0.145698,0.0,0.0,1926400
hardzero_only__c0p58__z1p00__lam0p000__nu0p50__psi0p00,hardzero_only,0.065,55,602,0.0,5,0.495103,0.5022605,0.9581512,0.11011558,0.11011558,1.0,0.0071575125,0.065,-26.443314,2.1079748,0.7026583,0.15200001,0.0,0.14548832,0.0,0.0,1929600
hardzero_only__c0p58__z1p00__lam0p000__nu0p50__psi0p00,hardzero_only,0.065,55,603,0.0,5,0.5022605,0.5100153,0.92334116,0.11930504,0.11930504,1.0,0.007754827,0.065,-25.670584,2.0313911,0.6771304,0.14400001,0.0,0.14613548,0.0,0.0,1932800
hardzero_only__c0p58__z1p00__lam0p000__nu0p50__psi0p00,hardzero_only,0.065,55,604,0.0,5,0.5100153,0.51780456,0.92141706,0.119834796,0.119834796,1.0,0.0077892616,0.065,-25.590925,2.027158,0.6757194,0.17600001,0.0,0.13895915,0.0,0.0,1936000
hardzero_only__c0p58__z1p00__lam0p000__nu0p50__psi0p00,hardzero_only,0.065,55,605,0.0,5,0.51780456,0.5249141,0.96107376,0.109377064,0.109377064,1.0,0.007109509,0.065,-26.97198,2.1144044,0.7048015,0.2,0.0,0.15017562,0.0,0.0,1939200
hardzero_only__c0p58__z1p00__lam0p000__nu0p50__psi0p00,hardzero_only,0.065,55,606,0.0,5,0.5249141,0.53227776,0.94582015,0.113286935,0.113286935,1.0,0.0073636505,0.065,-25.877281,2.0808458,0.6936153,0.28,0.0,0.15304774,0.0,0.0,1942400
hardzero_only__c0p58__z1p00__lam0p000__nu0p50__psi0p00,hardzero_only,0.065,55,607,0.0,5,0.53227776,0.5408815,0.8782243,0.13236576,0.13236576,1.0,0.008603774,0.065,-24.33397,1.932132,0.64404404,0.256,0.0,0.122316174,0.0,0.0,1945600
hardzero_only__c0p58__z1p00__lam0p000__nu0p50__psi0p00,hardzero_only,0.065,55,608,0.0,5,0.5408815,0.54846823,0.9328577,0.116719194,0.116719194,1.0,0.0075867474,0.065,-26.14806,2.0523279,0.68410933,0.224,0.0,0.13383031,0.0,0.0,1948800
hardzero_only__c0p58__z1p00__lam0p000__nu0p50__psi0p00,hardzero_only,0.065,55,609,0.0,5,0.54846823,0.55589604,0.9420536,0.11427371,0.11427371,1.0,0.007427791,0.065,-25.819187,2.0725594,0.6908531,0.16800001,0.0,0.12971672,0.0,0.0,1952000
hardzero_only__c0p58__z1p00__lam0p000__nu0p50__psi0p00,hardzero_only,0.065,55,610,0.0,5,0.55589604,0.5627253,0.9785384,0.10506586,0.10506586,1.0,0.006829281,0.065,-26.168005,2.1528275,0.71760917,0.128,0.0,0.15538783,0.0,0.0,1955200
hardzero_only__c0p58__z1p00__lam0p000__nu0p50__psi0p00,hardzero_only,0.065,55,611,0.0,5,0.5627253,0.5699365,0.9549039,0.110942006,0.110942006,1.0,0.00721123,0.065,-25.840467,2.1008306,0.70027685,0.19999999,0.0,0.13713028,0.0,0.0,1958400
hardzero_only__c0p58__z1p00__lam0p000__nu0p50__psi0p00,hardzero_only,0.065,55,612,0.0,5,0.5699365,0.5767373,0.98035663,0.10462691,0.10462691,1.0,0.006800749,0.065,-27.053297,2.1568277,0.7189426,0.15200001,0.0,0.14452519,0.0,0.0,1961600
hardzero_only__c0p58__z1p00__lam0p000__nu0p50__psi0p00,hardzero_only,0.065,55,613,0.0,5,0.5767373,0.5767373,1.0102806,0.0,0.09766061,0.0,0.0,0.065,-27.459415,2.2226617,0.7408873,0.192,0.0,0.15541075,0.0,0.0,1964800
hardzero_only__c0p58__z1p00__lam0p000__nu0p50__psi0p00,hardzero_only,0.065,55,614,0.0,5,0.5767373,0.58441466,0.92769957,0.11811374,0.11811374,1.0,0.007677393,0.065,-26.264563,2.0409799,0.68032664,0.17600001,0.0,0.15027316,0.0,0.0,1968000
hardzero_only__c0p58__z1p00__lam0p000__nu0p50__psi0p00,hardzero_only,0.065,55,615,1.0,6,0.58441466,0.011111913,0.9870178,0.10303439,0.10303439,1.0,0.006697235,0.065,-27.030483,2.1714826,0.72382754,0.2,0.0,0.14693318,0.0,0.0,1971200
hardzero_only__c0p58__z1p00__lam0p000__nu0p50__psi0p00,hardzero_only,0.065,55,616,0.0,6,0.011111913,0.018451113,0.9472646,0.11291078,0.11291078,1.0,0.0073392005,0.065,-26.093283,2.0840237,0.6946746,0.216,0.0,0.13599654,0.0,0.0,1974400
hardzero_only__c0p58__z1p00__lam0p000__nu0p50__psi0p00,hardzero_only,0.065,55,617,0.0,6,0.018451113,0.025786284,0.94750303,0.112848796,0.112848796,1.0,0.0073351716,0.065,-26.248781,2.0845482,0.69484943,0.18400002,0.0,0.14312689,0.0,0.0,1977600
hardzero_only__c0p58__z1p00__lam0p000__nu0p50__psi0p00,hardzero_only,0.065,55,618,0.0,6,0.025786284,0.03334528,0.9344493,0.11629223,0.11629223,1.0,0.007558995,0.065,-25.868984,2.0558295,0.6852765,0.136,0.0,0.11603949,0.0,0.0,1980800
hardzero_only__c0p58__z1p00__lam0p000__nu0p50__psi0p00,hardzero_only,0.065,55,619,0.0,6,0.03334528,0.041692503,0.89137125,0.12841882,0.12841882,1.0,0.008347223,0.065,-25.287954,1.9610559,0.65368533,0.16000001,0.0,0.14193545,0.0,0.0,1984000
hardzero_only__c0p58__z1p00__lam0p000__nu0p50__psi0p00,hardzero_only,0.065,55,620,0.0,6,0.041692503,0.048979696,0.95035315,0.11211066,0.11211066,1.0,0.0072871926,0.065,-26.246399,2.0908186,0.6969396,0.2,0.0,0.18226773,0.0,0.0,1987200
hardzero_only__c0p58__z1p00__lam0p000__nu0p50__psi0p00,hardzero_only,0.065,55,621,0.0,6,0.048979696,0.057027683,0.9072259,0.123815216,0.123815216,1.0,0.008047989,0.065,-26.838547,1.9959369,0.6653123,0.15200001,0.0,0.14347842,0.0,0.0,1990400
hardzero_only__c0p58__z1p00__lam0p000__nu0p50__psi0p00,hardzero_only,0.065,55,622,0.0,6,0.057027683,0.06445438,0.94211787,0.11425682,0.11425682,1.0,0.007426693,0.065,-26.337011,2.0727007,0.69090027,0.15200001,0.0,0.13002099,0.0,0.0,1993600
hardzero_only__c0p58__z1p00__lam0p000__nu0p50__psi0p00,hardzero_only,0.065,55,623,0.0,6,0.06445438,0.072206534,0.9234908,0.11926395,0.11926395,1.0,0.0077521564,0.065,-26.241869,2.0317204,0.67724013,0.18400002,0.0,0.13900608,0.0,0.0,1996800
hardzero_only__c0p58__z1p00__lam0p000__nu0p50__psi0p00,hardzero_only,0.065,55,624,0.0,6,0.072206534,0.079037346,0.978441,0.10508941,0.10508941,1.0,0.0068308115,0.065,-26.74373,2.1526132,0.71753776,0.16,0.0,0.15837501,0.0,0.0,2000000
hardzero_only__c0p58__z1p00__lam0p000__nu0p50__psi0p00,hardzero_only,0.065,55,625,0.0,6,0.079037346,0.08621926,0.956673,0.110491015,0.110491015,1.0,0.007181916,0.065,-25.822775,2.1047227,0.70157427,0.216,0.008,0.1401384,0.0,0.0,2003200
hardzero_only__c0p58__z1p00__lam0p000__nu0p50__psi0p00,hardzero_only,0.065,55,626,0.0,6,0.08621926,0.093771294,0.9348492,0.1161852,0.1161852,1.0,0.007552038,0.065,-26.481047,2.0567093,0.68556976,0.17600001,0.008,0.16103935,0.0,0.0,2006400
hardzero_only__c0p58__z1p00__lam0p000__nu0p50__psi0p00,hardzero_only,0.065,55,627,0.0,6,0.093771294,0.100511104,0.98426557,0.10368942,0.10368942,1.0,0.006739812,0.065,-27.09543,2.1654274,0.72180915,0.2,0.0,0.14336729,0.0,0.0,2009600
hardzero_only__c0p58__z1p00__lam0p000__nu0p50__psi0p00,hardzero_only,0.065,55,628,0.0,6,0.100511104,0.10860057,0.9049932,0.124453396,0.124453396,1.0,0.008089471,0.065,-25.977657,1.9910247,0.66367495,0.15200001,0.0,0.14402986,0.0,0.0,2012800
hardzero_only__c0p58__z1p00__lam0p000__nu0p50__psi0p00,hardzero_only,0.065,55,629,0.0,6,0.10860057,0.116093196,0.9382795,0.11527112,0.11527112,1.0,0.007492623,0.065,-26.029156,2.0642562,0.68808544,0.224,0.0,0.14685038,0.0,0.0,2016000
hardzero_only__c0p58__z1p00__lam0p000__nu0p50__psi0p00,hardzero_only,0.065,55,630,0.0,6,0.116093196,0.12367167,0.9333315,0.11659192,0.11659192,1.0,0.007578475,0.065,-25.508078,2.0533702,0.68445677,0.2,0.0,0.13061936,0.0,0.0,2019200
hardzero_only__c0p58__z1p00__lam0p000__nu0p50__psi0p00,hardzero_only,0.065,55,631,0.0,6,0.12367167,0.13170844,0.9078319,0.12364259,0.12364259,1.0,0.008036768,0.065,-26.239922,1.9972701,0.6657567,0.192,0.0,0.13708158,0.0,0.0,2022400
hardzero_only__c0p58__z1p00__lam0p000__nu0p50__psi0p00,hardzero_only,0.065,55,632,0.0,6,0.13170844,0.13946322,0.9233441,0.11930424,0.11930424,1.0,0.007754775,0.065,-26.19499,2.0313976,0.67713255,0.17600001,0.0,0.12988466,0.0,0.0,2025600
hardzero_only__c0p58__z1p00__lam0p000__nu0p50__psi0p00,hardzero_only,0.065,55,633,0.0,6,0.13946322,0.14760484,0.9022026,0.12525566,0.12525566,1.0,0.008141617,0.065,-25.29343,1.9848853,0.6616285,0.16800001,0.0,0.1115653,0.0,0.0,2028800
hardzero_only__c0p58__z1p00__lam0p000__nu0p50__psi0p00,hardzero_only,0.065,55,634,0.0,6,0.14760484,0.15513748,0.93596596,0.11588681,0.11588681,1.0,0.007532642,0.065,-26.171944,2.0591662,0.68638873,0.17600001,0.0,0.1255481,0.0,0.0,2032000
hardzero_only__c0p58__z1p00__lam0p000__nu0p50__psi0p00,hardzero_only,0.065,55,635,0.0,6,0.15513748,0.16218007,0.9651812,0.108347476,0.108347476,1.0,0.007042586,0.065,-27.098177,2.123441,0.7078137,0.208,0.0,0.133337,0.0,0.0,2035200
hardzero_only__c0p58__z1p00__lam0p000__nu0p50__psi0p00,hardzero_only,0.065,55,636,0.0,6,0.16218007,0.16916078,0.9690136,0.10739559,0.10739559,1.0,0.006980713,0.065,-26.70154,2.1318724,0.71062416,0.136,0.0,0.14089236,0.0,0.0,2038400
hardzero_only__c0p58__z1p00__lam0p000__nu0p50__psi0p00,hardzero_only,0.065,55,637,0.0,6,0.16916078,0.17645936,0.9496754,0.11228574,0.11228574,1.0,0.007298573,0.065,-26.725536,2.0893276,0.69644254,0.24,0.0,0.14289723,0.0,0.0,2041600
hardzero_only__c0p58__z1p00__lam0p000__nu0p50__psi0p00,hardzero_only,0.065,55,638,0.0,6,0.17645936,0.1843664,0.91489893,0.121646896,0.121646896,1.0,0.007907048,0.065,-26.373775,2.0128179,0.6709393,0.208,0.0,0.14708962,0.0,0.0,2044800
hardzero_only__c0p58__z1p00__lam0p000__nu0p50__psi0p00,hardzero_only,0.065,55,639,0.0,6,0.1843664,0.19162038,0.9523374,0.11159959,0.11159959,1.0,0.007253973,0.065,-25.859228,2.095184,0.6983947,0.17600001,0.0,0.14654185,0.0,0.0,2048000
hardzero_only__c0p58__z1p00__lam0p000__nu0p50__psi0p00,hardzero_only,0.065,55,640,0.0,6,0.19162038,0.1992225,0.93197805,0.11695583,0.11695583,1.0,0.0076021287,0.065,-25.311306,2.0503926,0.6834642,0.208,0.008,0.14952889,0.0,0.0,2051200
hardzero_only__c0p58__z1p00__lam0p000__nu0p50__psi0p00,hardzero_only,0.065,55,641,0.0,6,0.1992225,0.20651586,0.9499861,0.11220543,0.11220543,1.0,0.007293353,0.065,-26.912098,2.0900111,0.6966704,0.24800001,0.0,0.16449535,0.0,0.0,2054400
hardzero_only__c0p58__z1p00__lam0p000__nu0p50__psi0p00,hardzero_only,0.065,55,642,0.0,6,0.20651586,0.21468401,0.90078974,0.12566382,0.12566382,1.0,0.008168148,0.065,-25.912327,1.981777,0.6605923,0.216,0.0,0.13922292,0.0,0.0,2057600
hardzero_only__c0p58__z1p00__lam0p000__nu0p50__psi0p00,hardzero_only,0.065,55,643,0.0,6,0.21468401,0.22212632,0.94120574,0.11449704,0.11449704,1.0,0.0074423077,0.065,-26.22992,2.070694,0.6902313,0.208,0.0,0.1407751,0.0,0.0,2060800
hardzero_only__c0p58__z1p00__lam0p000__nu0p50__psi0p00,hardzero_only,0.065,55,644,0.0,6,0.22212632,0.22970101,0.93354845,0.1165337,0.1165337,1.0,0.00757469,0.065,-26.226168,2.0538476,0.68461585,0.16800001,0.0,0.12716271,0.0,0.0,2064000
hardzero_only__c0p58__z1p00__lam0p000__nu0p50__psi0p00,hardzero_only,0.065,55,645,0.0,6,0.22970101,0.23709588,0.943983,0.113767184,0.113767184,1.0,0.0073948666,0.065,-25.508865,2.0768042,0.6922681,0.15200001,0.0,0.14552106,0.0,0.0,2067200
hardzero_only__c0p58__z1p00__lam0p000__nu0p50__psi0p00,hardzero_only,0.065,55,646,0.0,6,0.23709588,0.2443149,0.9544354,0.11106176,0.11106176,1.0,0.007219014,0.065,-26.462296,2.0997999,0.6999333,0.16800001,0.0,0.1306491,0.0,0.0,2070400
hardzero_only__c0p58__z1p00__lam0p000__nu0p50__psi0p00,hardzero_only,0.065,55,647,0.0,6,0.2443149,0.2518829,0.9339318,0.116430864,0.116430864,1.0,0.007568006,0.065,-26.75922,2.054691,0.68489707,0.16000001,0.0,0.1257626,0.0,0.0,2073600
hardzero_only__c0p58__z1p00__lam0p000__nu0p50__psi0p00,hardzero_only,0.065,55,648,0.0,6,0.2518829,0.25882098,0.97167385,0.106739745,0.106739745,1.0,0.006938083,0.065,-26.879612,2.137725,0.7125751,0.18400002,0.0,0.1315859,0.0,0.0,2076800
hardzero_only__c0p58__z1p00__lam0p000__nu0p50__psi0p00,hardzero_only,0.065,55,649,0.0,6,0.25882098,0.26566514,0.9775933,0.105294734,0.105294734,1.0,0.0068441574,0.065,-27.061735,2.1507483,0.7169161,0.272,0.0,0.1604658,0.0,0.0,2080000
hardzero_only__c0p58__z1p00__lam0p000__nu0p50__psi0p00,hardzero_only,0.065,55,650,0.0,6,0.26566514,0.27312294,0.9403028,0.11473533,0.11473533,1.0,0.007457796,0.065,-26.45601,2.0687075,0.6895692,0.21,0.0,0.13024127,0.0,0.0,2083200
hardzero_only__c0p58__z1p00__lam0p000__nu0p50__psi0p00,hardzero_only,0.065,55,651,0.0,6,0.27312294,0.28166774,0.8812109,0.13145861,0.13145861,1.0,0.008544809,0.065,-25.014215,1.9387027,0.6462343,0.15200001,0.0,0.12209908,0.0,0.0,2086400
hardzero_only__c0p58__z1p00__lam0p000__nu0p50__psi0p00,hardzero_only,0.065,55,652,0.0,6,0.28166774,0.28866437,0.9680249,0.10764033,0.10764033,1.0,0.0069966214,0.065,-26.179672,2.1296973,0.7098991,0.17600001,0.0,0.13242559,0.0,0.0,2089600
hardzero_only__c0p58__z1p00__lam0p000__nu0p50__psi0p00,hardzero_only,0.065,55,653,0.0,6,0.28866437,0.2961305,0.9398173,0.11486367,0.11486367,1.0,0.0074661383,0.065,-26.184637,2.0676394,0.68921316,0.18400002,0.0,0.12594211,0.0,0.0,2092800
hardzero_only__c0p58__z1p00__lam0p000__nu0p50__psi0p00,hardzero_only,0.065,55,654,0.0,6,0.2961305,0.30429524,0.9009708,0.12561142,0.12561142,1.0,0.008164742,0.065,-25.690845,1.9821754,0.6607251,0.18400002,0.0,0.13375433,0.0,0.0,2096000
hardzero_only__c0p58__z1p00__lam0p000__nu0p50__psi0p00,hardzero_only,0.065,55,655,0.0,6,0.30429524,0.3127551,0.88554966,0.13015185,0.13015185,1.0,0.00845987,0.065,-24.917234,1.9482481,0.6494161,0.24000001,0.0,0.12637593,0.0,0.0,2099200
hardzero_only__c0p58__z1p00__lam0p000__nu0p50__psi0p00,hardzero_only,0.065,55,656,0.0,6,0.3127551,0.32052055,0.9227468,0.11946845,0.11946845,1.0,0.007765449,0.065,-25.865553,2.0300834,0.6766945,0.208,0.0,0.12709962,0.0,0.0,2102400
hardzero_only__c0p58__z1p00__lam0p000__nu0p50__psi0p00,hardzero_only,0.065,55,657,0.0,6,0.32052055,0.32881415,0.89417064,0.12759376,0.12759376,1.0,0.008293594,0.065,-25.461395,1.9672147,0.65573823,0.18400002,0.0,0.13927428,0.0,0.0,2105600
hardzero_only__c0p58__z1p00__lam0p000__nu0p50__psi0p00,hardzero_only,0.065,55,658,0.0,6,0.32881415,0.33697087,0.9013975,0.12548807,0.12548807,1.0,0.008156724,0.065,-24.856665,1.9831141,0.66103804,0.24800001,0.0,0.14309299,0.0,0.0,2108800
hardzero_only__c0p58__z1p00__lam0p000__nu0p50__psi0p00,hardzero_only,0.065,55,659,0.0,6,0.33697087,0.34435365,0.9446927,0.11358143,0.11358143,1.0,0.0073827924,0.065,-26.29875,2.0783653,0.6927885,0.208,0.0,0.14344855,0.0,0.0,2112000
hardzero_only__c0p58__z1p00__lam0p000__nu0p50__psi0p00,hardzero_only,0.065,55,660,0.0,6,0.34435365,0.35242093,0.9061859,0.12411207,0.12411207,1.0,0.008067284,0.065,-26.186335,1.9936489,0.66454965,0.14400001,0.0,0.13035591,0.0,0.0,2115200
hardzero_only__c0p58__z1p00__lam0p000__nu0p50__psi0p00,hardzero_only,0.065,55,661,0.0,6,0.35242093,0.3600596,0.9298965,0.11751777,0.11751777,1.0,0.0076386547,0.065,-25.650827,2.045813,0.6819377,0.2,0.0,0.13938121,0.0,0.0,2118400
hardzero_only__c0p58__z1p00__lam0p000__nu0p50__psi0p00,hardzero_only,0.065,55,662,0.0,6,0.3600596,0.36704713,0.9685893,0.10750054,0.10750054,1.0,0.006987535,0.065,-27.37136,2.130939,0.710313,0.112,0.0,0.15382288,0.0,0.0,2121600
hardzero_only__c0p58__z1p00__lam0p000__nu0p50__psi0p00,hardzero_only,0.065,55,663,0.0,6,0.36704713,0.37434715,0.9495889,0.11230809,0.11230809,1.0,0.007300026,0.065,-25.951967,2.0891373,0.6963791,0.17999999,0.0,0.15165272,0.0,0.0,2124800
hardzero_only__c0p58__z1p00__lam0p000__nu0p50__psi0p00,hardzero_only,0.065,55,664,0.0,6,0.37434715,0.3820767,0.9247582,0.11891641,0.11891641,1.0,0.007729566,0.065,-25.8277,2.0345087,0.6781696,0.216,0.0,0.16876444,0.0,0.0,2128000
hardzero_only__c0p58__z1p00__lam0p000__nu0p50__psi0p00,hardzero_only,0.065,55,665,0.0,6,0.3820767,0.38985968,0.92176884,0.11973776,0.11973776,1.0,0.0077829543,0.065,-25.19125,2.027932,0.67597735,0.15200001,0.0,0.13192946,0.0,0.0,2131200
hardzero_only__c0p58__z1p00__lam0p000__nu0p50__psi0p00,hardzero_only,0.065,55,666,0.0,6,0.38985968,0.39654592,0.9877319,0.1028651,0.1028651,1.0,0.006686231,0.065,-26.765724,2.1730535,0.72435117,0.128,0.0,0.13325576,0.0,0.0,2134400
hardzero_only__c0p58__z1p00__lam0p000__nu0p50__psi0p00,hardzero_only,0.065,55,667,0.0,6,0.39654592,0.4045854,0.9076851,0.12368438,0.12368438,1.0,0.008039484,0.065,-25.169436,1.996947,0.66564906,0.192,0.0,0.12997401,0.0,0.0,2137600
hardzero_only__c0p58__z1p00__lam0p000__nu0p50__psi0p00,hardzero_only,0.065,55,668,0.0,6,0.4045854,0.41259974,0.9090453,0.12329761,0.12329761,1.0,0.008014345,0.065,-26.352512,1.9999396,0.66664654,0.224,0.0,0.15361117,0.0,0.0,2140800
hardzero_only__c0p58__z1p00__lam0p000__nu0p50__psi0p00,hardzero_only,0.065,55,669,0.0,6,0.41259974,0.4201468,0.9351365,0.11610836,0.11610836,1.0,0.007547043,0.065,-26.51457,2.0573413,0.68578047,0.216,0.0,0.1339153,0.0,0.0,2144000
hardzero_only__c0p58__z1p00__lam0p000__nu0p50__psi0p00,hardzero_only,0.065,55,670,0.0,6,0.4201468,0.42803037,0.91619015,0.12128577,0.12128577,1.0,0.007883575,0.065,-25.524544,2.0156586,0.6718862,0.208,0.0,0.13662684,0.0,0.0,2147200
hardzero_only__c0p58__z1p00__lam0p000__nu0p50__psi0p00,hardzero_only,0.065,55,671,0.0,6,0.42803037,0.4363931,0.89056486,0.1286575,0.1286575,1.0,0.0083627375,0.065,-25.877956,1.9592818,0.65309393,0.24000001,0.0,0.12228961,0.0,0.0,2150400
hardzero_only__c0p58__z1p00__lam0p000__nu0p50__psi0p00,hardzero_only,0.065,55,672,0.0,6,0.4363931,0.44384828,0.94045496,0.114695154,0.114695154,1.0,0.0074551846,0.065,-25.85184,2.0690422,0.68968076,0.23200001,0.008,0.12912926,0.0,0.0,2153600
hardzero_only__c0p58__z1p00__lam0p000__nu0p50__psi0p00,hardzero_only,0.065,55,673,0.0,6,0.44384828,0.45136043,0.93714905,0.11557154,0.11557154,1.0,0.00751215,0.065,-26.340376,2.061769,0.68725634,0.192,0.0,0.14047669,0.0,0.0,2156800
hardzero_only__c0p58__z1p00__lam0p000__nu0p50__psi0p00,hardzero_only,0.065,55,674,0.0,6,0.45136043,0.45847723,0.96062803,0.10948937,0.10948937,1.0,0.0071168086,0.065,-26.857887,2.1134238,0.7044746,0.18400002,0.0,0.13972166,0.0,0.0,2160000
hardzero_only__c0p58__z1p00__lam0p000__nu0p50__psi0p00,hardzero_only,0.065,55,675,0.0,6,0.45847723,0.4670989,0.8773224,0.13264096,0.13264096,1.0,0.008621662,0.065,-25.542685,1.9301478,0.6433826,0.23200001,0.008,0.12384584,0.0,0.0,2163200
hardzero_only__c0p58__z1p00__lam0p000__nu0p50__psi0p00,hardzero_only,0.065,55,676,0.0,6,0.4670989,0.47422472,0.96007794,0.10962814,0.10962814,1.0,0.007125829,0.065,-26.61533,2.1122136,0.7040712,0.12,0.0,0.13027507,0.0,0.0,2166400
hardzero_only__c0p58__z1p00__lam0p000__nu0p50__psi0p00,hardzero_only,0.065,55,677,0.0,6,0.47422472,0.4826818,0.88569224,0.13010913,0.13010913,1.0,0.0084570935,0.065,-25.406677,1.9485618,0.64952064,0.30400002,0.0,0.15626386,0.0,0.0,2169600
hardzero_only__c0p58__z1p00__lam0p000__nu0p50__psi0p00,hardzero_only,0.065,55,678,0.0,6,0.4826818,0.49122748,0.8811675,0.13147177,0.13147177,1.0,0.008545665,0.065,-25.278828,1.9386071,0.6462024,0.192,0.0,0.13616265,0.0,0.0,2172800
hardzero_only__c0p58__z1p00__lam0p000__nu0p50__psi0p00,hardzero_only,0.065,55,679,0.0,6,0.49122748,0.49828166,0.96446615,0.108526014,0.108526014,1.0,0.0070541906,0.065,-26.410494,2.121868,0.70728934,0.208,0.0,0.12876025,0.0,0.0,2176000
hardzero_only__c0p58__z1p00__lam0p000__nu0p50__psi0p00,hardzero_only,0.065,55,680,0.0,6,0.49828166,0.50621474,0.91346985,0.12204786,0.12204786,1.0,0.00793311,0.065,-26.325068,2.0096738,0.6698913,0.17600001,0.0,0.13504459,0.0,0.0,2179200
hardzero_only__c0p58__z1p00__lam0p000__nu0p50__psi0p00,hardzero_only,0.065,55,681,0.0,6,0.50621474,0.5148236,0.87796646,0.13244437,0.13244437,1.0,0.008608883,0.065,-25.059631,1.9315648,0.643855,0.256,0.0,0.13657585,0.0,0.0,2182400
hardzero_only__c0p58__z1p00__lam0p000__nu0p50__psi0p00,hardzero_only,0.065,55,682,0.0,6,0.5148236,0.52284765,0.9085206,0.12344668,0.12344668,1.0,0.008024034,0.065,-25.208328,1.9987851,0.66626173,0.16000001,0.0,0.12084122,0.0,0.0,2185600
hardzero_only__c0p58__z1p00__lam0p000__nu0p50__psi0p00,hardzero_only,0.065,55,683,0.0,6,0.52284765,0.5308157,0.911561,0.12258547,0.12258547,1.0,0.007968055,0.065,-25.944326,2.0054743,0.6684915,0.24000001,0.0,0.14503384,0.0,0.0,2188800
hardzero_only__c0p58__z1p00__lam0p000__nu0p50__psi0p00,hardzero_only,0.065,55,684,0.0,6,0.5308157,0.5386582,0.9184582,0.120653994,0.120653994,1.0,0.007842509,0.065,-26.054302,2.0206485,0.67354953,0.208,0.0,0.12319248,0.0,0.0,2192000
hardzero_only__c0p58__z1p00__lam0p000__nu0p50__psi0p00,hardzero_only,0.065,55,685,0.0,6,0.5386582,0.5468719,0.8983738,0.12636483,0.12636483,1.0,0.008213714,0.065,-25.60302,1.9764618,0.6588206,0.24000001,0.0,0.120042846,0.0,0.0,2195200
hardzero_only__c0p58__z1p00__lam0p000__nu0p50__psi0p00,hardzero_only,0.065,55,686,0.0,6,0.5468719,0.5542133,0.9471352,0.11294443,0.11294443,1.0,0.0073413877,0.065,-26.010302,2.083739,0.6945797,0.15200001,0.008,0.15644541,0.0,0.0,2198400
hardzero_only__c0p58__z1p00__lam0p000__nu0p50__psi0p00,hardzero_only,0.065,55,687,0.0,6,0.5542133,0.5632628,0.8562864,0.13922384,0.13922384,1.0,0.00904955,0.065,-24.820187,1.8838677,0.6279559,0.24000001,0.0,0.1190018,0.0,0.0,2201600
hardzero_only__c0p58__z1p00__lam0p000__nu0p50__psi0p00,hardzero_only,0.065,55,688,0.0,6,0.5632628,0.5709239,0.9286216,0.117863245,0.117863245,1.0,0.0076611107,0.065,-26.127487,2.0430083,0.6810028,0.14400001,0.0,0.1299834,0.0,0.0,2204800
hardzero_only__c0p58__z1p00__lam0p000__nu0p50__psi0p00,hardzero_only,0.065,55,689,0.0,6,0.5709239,0.5786433,0.9253313,0.11875959,0.11875959,1.0,0.007719373,0.065,-26.586926,2.0357695,0.6785898,0.24,0.0,0.12978682,0.0,0.0,2208000
hardzero_only__c0p58__z1p00__lam0p000__nu0p50__psi0p00,hardzero_only,0.065,55,690,0.0,6,0.5786433,0.5860312,0.9443953,0.113659225,0.113659225,1.0,0.0073878495,0.065,-26.22027,2.077711,0.6925704,0.16800001,0.0,0.16418554,0.0,0.0,2211200
hardzero_only__c0p58__z1p00__lam0p000__nu0p50__psi0p00,hardzero_only,0.065,55,691,1.0,7,0.5860312,0.013808002,0.9221131,0.119642876,0.119642876,1.0,0.0077767866,0.065,-25.570107,2.0286894,0.67622983,0.16000001,0.0,0.13369456,0.0,0.0,2214400
hardzero_only__c0p58__z1p00__lam0p000__nu0p50__psi0p00,hardzero_only,0.065,55,692,0.0,7,0.013808002,0.021788124,0.9109037,0.12277113,0.12277113,1.0,0.007980123,0.065,-26.53684,2.004028,0.6680094,0.208,0.0,0.13641785,0.0,0.0,2217600
hardzero_only__c0p58__z1p00__lam0p000__nu0p50__psi0p00,hardzero_only,0.065,55,693,0.0,7,0.021788124,0.02978132,0.91019297,0.12297222,0.12297222,1.0,0.007993194,0.065,-26.233887,2.0024645,0.6674882,0.224,0.0,0.15172416,0.0,0.0,2220800
hardzero_only__c0p58__z1p00__lam0p000__nu0p50__psi0p00,hardzero_only,0.065,55,694,0.0,7,0.02978132,0.038579985,0.86849654,0.13536409,0.13536409,1.0,0.008798665,0.065,-24.701422,1.9107305,0.6369102,0.18400002,0.0,0.14883947,0.0,0.0,2224000
hardzero_only__c0p58__z1p00__lam0p000__nu0p50__psi0p00,hardzero_only,0.065,55,695,0.0,7,0.038579985,0.04643554,0.9177366,0.12085466,0.12085466,1.0,0.007855552,0.065,-25.406279,2.0190609,0.6730203,0.23200001,0.0,0.14652935,0.0,0.0,2227200
hardzero_only__c0p58__z1p00__lam0p000__nu0p50__psi0p00,hardzero_only,0.065,55,696,0.0,7,0.04643554,0.054106545,0.9280609,0.1180155,0.1180155,1.0,0.007671007,0.065,-26.62703,2.0417747,0.6805916,0.192,0.0,0.14577779,0.0,0.0,2230400
hardzero_only__c0p58__z1p00__lam0p000__nu0p50__psi0p00,hardzero_only,0.065,55,697,0.0,7,0.054106545,0.061895914,0.921411,0.11983648,0.11983648,1.0,0.007789371,0.065,-25.990438,2.0271447,0.6757149,0.16000001,0.0,0.13065137,0.0,0.0,2233600
hardzero_only__c0p58__z1p00__lam0p000__nu0p50__psi0p00,hardzero_only,0.065,55,698,0.0,7,0.061895914,0.06875331,0.9767541,0.1054984,0.1054984,1.0,0.006857396,0.065,-26.528412,2.148902,0.71630067,0.208,0.0,0.15885705,0.0,0.0,2236800
hardzero_only__c0p58__z1p00__lam0p000__nu0p50__psi0p00,hardzero_only,0.065,55,699,0.0,7,0.06875331,0.07701763,0.8957062,0.1271434,0.1271434,1.0,0.008264321,0.065,-25.693947,1.970593,0.65686435,0.16000001,0.0,0.118374676,0.0,0.0,2240000
hardzero_only__c0p58__z1p00__lam0p000__nu0p50__psi0p00,hardzero_only,0.065,55,700,0.0,7,0.07701763,0.085827485,0.86794436,0.13553631,0.13553631,1.0,0.00880986,0.065,-24.993841,1.9095157,0.63650525,0.216,0.0,0.14176515,0.0,0.0,2243200
hardzero_only__c0p58__z1p00__lam0p000__nu0p50__psi0p00,hardzero_only,0.065,55,701,0.0,7,0.085827485,0.09358157,0.9233826,0.11929367,0.11929367,1.0,0.007754088,0.065,-26.318642,2.0314822,0.67716074,0.192,0.0,0.14520249,0.0,0.0,2246400
hardzero_only__c0p58__z1p00__lam0p000__nu0p50__psi0p00,hardzero_only,0.065,55,702,0.0,7,0.09358157,0.101975046,0.8889716,0.12913035,0.12913035,1.0,0.008393472,0.065,-25.140533,1.9557766,0.65192556,0.21,0.0,0.16953443,0.0,0.0,2249600
hardzero_only__c0p58__z1p00__lam0p000__nu0p50__psi0p00,hardzero_only,0.065,55,703,0.0,7,0.101975046,0.11037074,0.88885665,0.12916456,0.12916456,1.0,0.008395696,0.065,-25.670162,1.9555237,0.6518413,0.216,0.0,0.12453149,0.0,0.0,2252800
hardzero_only__c0p58__z1p00__lam0p000__nu0p50__psi0p00,hardzero_only,0.065,55,704,0.0,7,0.11037074,0.11784222,0.9395067,0.11494585,0.11494585,1.0,0.00747148,0.065,-26.471373,2.066956,0.68898535,0.17600001,0.0,0.12010761,0.0,0.0,2256000
hardzero_only__c0p58__z1p00__lam0p000__nu0p50__psi0p00,hardzero_only,0.065,55,705,0.0,7,0.11784222,0.1258529,0.9092442,0.12324116,0.12324116,1.0,0.008010675,0.065,-25.843014,2.0003772,0.6667924,0.17600001,0.0,0.12987031,0.0,0.0,2259200
hardzero_only__c0p58__z1p00__lam0p000__nu0p50__psi0p00,hardzero_only,0.065,55,706,0.0,7,0.1258529,0.13362493,0.92237866,0.119569756,0.119569756,1.0,0.007772034,0.065,-26.587442,2.0292735,0.6764245,0.224,0.0,0.15759476,0.0,0.0,2262400
hardzero_only__c0p58__z1p00__lam0p000__nu0p50__psi0p00,hardzero_only,0.065,55,707,0.0,7,0.13362493,0.14166012,0.9079167,0.123618454,0.123618454,1.0,0.008035199,0.065,-25.789557,1.9974567,0.6658189,0.216,0.0,0.14779194,0.0,0.0,2265600
hardzero_only__c0p58__z1p00__lam0p000__nu0p50__psi0p00,hardzero_only,0.065,55,708,0.0,7,0.14166012,0.14978756,0.9029602,0.12503739,0.12503739,1.0,0.0081274295,0.065,-26.030668,1.9865521,0.66218406,0.23200001,0.0,0.13333724,0.0,0.0,2268800
hardzero_only__c0p58__z1p00__lam0p000__nu0p50__psi0p00,hardzero_only,0.065,55,709,0.0,7,0.14978756,0.15731867,0.9360547,0.11586313,0.11586313,1.0,0.007531103,0.065,-26.509836,2.0593615,0.6864538,0.16000001,0.0,0.13664068,0.0,0.0,2272000
hardzero_only__c0p58__z1p00__lam0p000__nu0p50__psi0p00,hardzero_only,0.065,55,710,0.0,7,0.15731867,0.16413237,0.9795299,0.104826264,0.104826264,1.0,0.006813707,0.065,-26.633919,2.1550088,0.7183363,0.17600001,0.0,0.14485262,0.0,0.0,2275200
hardzero_only__c0p58__z1p00__lam0p000__nu0p50__psi0p00,hardzero_only,0.065,55,711,0.0,7,0.16413237,0.17163996,0.9374128,0.11550139,0.11550139,1.0,0.00750759,0.065,-25.871414,2.0623493,0.6874498,0.24800001,0.008,0.13690959,0.0,0.0,2278400
hardzero_only__c0p58__z1p00__lam0p000__nu0p50__psi0p00,hardzero_only,0.065,55,712,0.0,7,0.17163996,0.17978768,0.90187705,0.1253496,0.1253496,1.0,0.008147723,0.065,-25.773163,1.9841691,0.6613897,0.208,0.0,0.14262119,0.0,0.0,2281600
hardzero_only__c0p58__z1p00__lam0p000__nu0p50__psi0p00,hardzero_only,0.065,55,713,0.0,7,0.17978768,0.1865797,0.98091376,0.10449277,0.10449277,1.0,0.00679203,0.065,-26.931276,2.1580534,0.7193512,0.120000005,0.0,0.12919654,0.0,0.0,2284800
hardzero_only__c0p58__z1p00__lam0p000__nu0p50__psi0p00,hardzero_only,0.065,55,714,0.0,7,0.1865797,0.19389287,0.9488083,0.11251014,0.11251014,1.0,0.007313159,0.065,-26.02033,2.08742,0.6958067,0.16800001,0.0,0.15361689,0.0,0.0,2288000
hardzero_only__c0p58__z1p00__lam0p000__nu0p50__psi0p00,hardzero_only,0.065,55,715,0.0,7,0.19389287,0.2024086,0.8826911,0.13101134,0.13101134,1.0,0.008515737,0.065,-25.306509,1.9419591,0.64731973,0.19999999,0.0,0.13673905,0.0,0.0,2291200
hardzero_only__c0p58__z1p00__lam0p000__nu0p50__psi0p00,hardzero_only,0.065,55,716,0.0,7,0.2024086,0.21034977,0.91302913,0.12217176,0.12217176,1.0,0.007941164,0.065,-26.437384,2.0087042,0.66956806,0.16000001,0.0,0.13124289,0.0,0.0,2294400
hardzero_only__c0p58__z1p00__lam0p000__nu0p50__psi0p00,hardzero_only,0.065,55,717,0.0,7,0.21034977,0.21809234,0.92402834,0.11911643,0.11911643,1.0,0.007742568,0.065,-26.515848,2.032903,0.67763436,0.208,0.0,0.15074693,0.0,0.0,2297600
hardzero_only__c0p58__z1p00__lam0p000__nu0p50__psi0p00,hardzero_only,0.065,55,718,0.0,7,0.21809234,0.22717762,0.8545747,0.13977364,0.13977364,1.0,0.009085286,0.065,-25.623852,1.8801018,0.62670064,0.16800001,0.0,0.1394048,0.0,0.0,2300800
hardzero_only__c0p58__z1p00__lam0p000__nu0p50__psi0p00,hardzero_only,0.065,55,719,0.0,7,0.22717762,0.23530829,0.90278673,0.12508732,0.12508732,1.0,0.008130675,0.065,-25.104664,1.9861705,0.66205686,0.17600001,0.0,0.12898374,0.0,0.0,2304000
hardzero_only__c0p58__z1p00__lam0p000__nu0p50__psi0p00,hardzero_only,0.065,55,720,0.0,7,0.23530829,0.24301055,0.9262951,0.11849633,0.11849633,1.0,0.007702261,0.065,-25.673622,2.03789,0.6792967,0.16800001,0.0,0.13233882,0.0,0.0,2307200
hardzero_only__c0p58__z1p00__lam0p000__nu0p50__psi0p00,hardzero_only,0.065,55,721,0.0,7,0.24301055,0.25034013,0.9478342,0.11276279,0.11276279,1.0,0.007329581,0.065,-25.915997,2.0852768,0.6950923,0.24000001,0.0,0.12935203,0.0,0.0,2310400
hardzero_only__c0p58__z1p00__lam0p000__nu0p50__psi0p00,hardzero_only,0.065,55,722,0.0,7,0.25034013,0.25853318,0.89946795,0.12604688,0.12604688,1.0,0.008193047,0.065,-24.866728,1.978869,0.659623,0.24000001,0.0,0.12843372,0.0,0.0,2313600
hardzero_only__c0p58__z1p00__lam0p000__nu0p50__psi0p00,hardzero_only,0.065,55,723,0.0,7,0.25853318,0.26605752,0.93644524,0.115759015,0.115759015,1.0,0.0075243358,0.065,-26.642797,2.0602207,0.6867403,0.23200001,0.008,0.16439813,0.0,0.0,2316800
hardzero_only__c0p58__z1p00__lam0p000__nu0p50__psi0p00,hardzero_only,0.065,55,724,0.0,7,0.26605752,0.27381292,0.92330974,0.11931369,0.11931369,1.0,0.0077553894,0.065,-25.779705,2.031322,0.67710733,0.272,0.0,0.1601766,0.0,0.0,2320000
hardzero_only__c0p58__z1p00__lam0p000__nu0p50__psi0p00,hardzero_only,0.065,55,725,0.0,7,0.27381292,0.2824534,0.876376,0.13293031,0.13293031,1.0,0.00864047,0.065,-24.108904,1.9280657,0.6426886,0.24800001,0.0,0.13579102,0.0,0.0,2323200
hardzero_only__c0p58__z1p00__lam0p000__nu0p50__psi0p00,hardzero_only,0.065,55,726,0.0,7,0.2824534,0.29061463,0.9011568,0.12555766,0.12555766,1.0,0.008161248,0.065,-25.478699,1.9825845,0.6608615,0.24000001,0.0,0.14619403,0.0,0.0,2326400
hardzero_only__c0p58__z1p00__lam0p000__nu0p50__psi0p00,hardzero_only,0.065,55,727,0.0,7,0.29061463,0.29920843,0.8787278,0.13221242,0.13221242,1.0,0.008593807,0.065,-25.96185,1.9332397,0.64441323,0.192,0.0,0.14286238,0.0,0.0,2329600
hardzero_only__c0p58__z1p00__lam0p000__nu0p50__psi0p00,hardzero_only,0.065,55,728,0.0,7,0.29920843,0.30763277,0.88737804,0.12960505,0.12960505,1.0,0.008424329,0.065,-24.551638,1.9522706,0.6507569,0.21,0.0,0.11609421,0.0,0.0,2332800
hardzero_only__c0p58__z1p00__lam0p000__nu0p50__psi0p00,hardzero_only,0.065,55,729,0.0,7,0.30763277,0.31565005,0.9088866,0.12334269,0.12334269,1.0,0.008017275,0.065,-26.07456,1.9995905,0.6665302,0.16800001,0.0,0.13997176,0.0,0.0,2336000
hardzero_only__c0p58__z1p00__lam0p000__nu0p50__psi0p00,hardzero_only,0.065,55,730,0.0,7,0.31565005,0.32350558,0.91773736,0.12085443,0.12085443,1.0,0.007855537,0.065,-25.933332,2.0190625,0.67302084,0.17600001,0.0,0.123578414,0.0,0.0,2339200
hardzero_only__c0p58__z1p00__lam0p000__nu0p50__psi0p00,hardzero_only,0.065,55,731,0.0,7,0.32350558,0.3315263,0.9086992,0.1233959,0.1233959,1.0,0.0080207335,0.065,-25.408085,1.9991782,0.66639274,0.136,0.0,0.15644239,0.0,0.0,2342400
hardzero_only__c0p58__z1p00__lam0p000__nu0p50__psi0p00,hardzero_only,0.065,55,732,0.0,7,0.3315263,0.33935446,0.91925454,0.120432995,0.120432995,1.0,0.007828144,0.065,-26.281021,2.0224004,0.6741335,0.18400002,0.0,0.13242216,0.0,0.0,2345600
hardzero_only__c0p58__z1p00__lam0p000__nu0p50__psi0p00,hardzero_only,0.065,55,733,0.0,7,0.33935446,0.34716332,0.92032546,0.12013637,0.12013637,1.0,0.007808864,0.065,-26.423532,2.0247564,0.67491883,0.24800001,0.0,0.16068447,0.0,0.0,2348800
hardzero_only__c0p58__z1p00__lam0p000__nu0p50__psi0p00,hardzero_only,0.065,55,734,0.0,7,0.34716332,0.35543677,0.8952263,0.12728395,0.12728395,1.0,0.008273456,0.065,-25.658201,1.9695371,0.6565124,0.18400002,0.0,0.14210232,0.0,0.0,2352000
hardzero_only__c0p58__z1p00__lam0p000__nu0p50__psi0p00,hardzero_only,0.065,55,735,0.0,7,0.35543677,0.36388373,0.8862128,0.12995325,0.12995325,1.0,0.008446961,0.065,-25.359642,1.9497072,0.6499024,0.18400002,0.0,0.13826528,0.0,0.0,2355200
hardzero_only__c0p58__z1p00__lam0p000__nu0p50__psi0p00,hardzero_only,0.065,55,736,0.0,7,0.36388373,0.37226662,0.8895192,0.12896764,0.12896764,1.0,0.008382897,0.065,-25.844677,1.9569813,0.6523271,0.192,0.0,0.13988142,0.0,0.0,2358400
hardzero_only__c0p58__z1p00__lam0p000__nu0p50__psi0p00,hardzero_only,0.065,55,737,0.0,7,0.37226662,0.38080007,0.88178825,0.131284,0.131284,1.0,0.008533459,0.065,-25.641058,1.9399729,0.64665765,0.16800001,0.0,0.13795172,0.0,0.0,2361600
hardzero_only__c0p58__z1p00__lam0p000__nu0p50__psi0p00,hardzero_only,0.065,55,738,0.0,7,0.38080007,0.38925707,0.88569736,0.13010758,0.13010758,1.0,0.008456993,0.065,-25.906422,1.9485731,0.6495244,0.28800002,0.008,0.15001966,0.0,0.0,2364800
hardzero_only__c0p58__z1p00__lam0p000__nu0p50__psi0p00,hardzero_only,0.065,55,739,0.0,7,0.38925707,0.3966151,0.94615215,0.113200374,0.113200374,1.0,0.007358024,0.065,-26.562757,2.0815763,0.6938588,0.15200001,0.0,0.14217046,0.0,0.0,2368000
hardzero_only__c0p58__z1p00__lam0p000__nu0p50__psi0p00,hardzero_only,0.065,55,740,0.0,7,0.3966151,0.40539834,0.8692584,0.13512684,0.13512684,1.0,0.0087832445,0.065,-24.62174,1.9124067,0.63746893,0.224,0.0,0.12554765,0.0,0.0,2371200
hardzero_only__c0p58__z1p00__lam0p000__nu0p50__psi0p00,hardzero_only,0.065,55,741,0.0,7,0.40539834,0.41216537,0.9825144,0.10410836,0.10410836,1.0,0.0067670434,0.065,-27.55188,2.1615748,0.72052497,0.17999999,0.0,0.1763984,0.0,0.0,2374400
hardzero_only__c0p58__z1p00__lam0p000__nu0p50__psi0p00,hardzero_only,0.065,55,742,0.0,7,0.41216537,0.418846,0.9880947,0.1027792,0.1027792,1.0,0.006680648,0.065,-27.83311,2.1738517,0.72461724,0.136,0.0,0.18654996,0.0,0.0,2377600
hardzero_only__c0p58__z1p00__lam0p000__nu0p50__psi0p00,hardzero_only,0.065,55,743,0.0,7,0.418846,0.42665103,0.92053914,0.120077275,0.120077275,1.0,0.0078050224,0.065,-25.914026,2.0252266,0.67507553,0.312,0.0,0.17292923,0.0,0.0,2380800
hardzero_only__c0p58__z1p00__lam0p000__nu0p50__psi0p00,hardzero_only,0.065,55,744,0.0,7,0.42665103,0.4343242,0.92793834,0.11804882,0.11804882,1.0,0.0076731727,0.065,-25.835608,2.041505,0.6805017,0.23200001,0.0,0.13161321,0.0,0.0,2384000
hardzero_only__c0p58__z1p00__lam0p000__nu0p50__psi0p00,hardzero_only,0.065,55,745,0.0,7,0.4343242,0.4421536,0.91918445,0.120452434,0.120452434,1.0,0.007829408,0.065,-25.625843,2.0222461,0.67408204,0.208,0.0,0.13794819,0.0,0.0,2387200
hardzero_only__c0p58__z1p00__lam0p000__nu0p50__psi0p00,hardzero_only,0.065,55,746,0.0,7,0.4421536,0.4501957,0.90754426,0.12372451,0.12372451,1.0,0.008042093,0.065,-25.362484,1.9966372,0.66554576,0.224,0.0,0.14845675,0.0,0.0,2390400
hardzero_only__c0p58__z1p00__lam0p000__nu0p50__psi0p00,hardzero_only,0.065,55,747,0.0,7,0.4501957,0.45770496,0.9373161,0.1155271,0.1155271,1.0,0.0075092614,0.065,-26.404387,2.0621367,0.6873789,0.16800001,0.0,0.1577956,0.0,0.0,2393600
hardzero_only__c0p58__z1p00__lam0p000__nu0p50__psi0p00,hardzero_only,0.065,55,748,0.0,7,0.45770496,0.46536478,0.9286941,0.11784357,0.11784357,1.0,0.0076598315,0.065,-26.713055,2.0431678,0.68105596,0.14400001,0.0,0.13343933,0.0,0.0,2396800
hardzero_only__c0p58__z1p00__lam0p000__nu0p50__psi0p00,hardzero_only,0.065,55,749,0.0,7,0.46536478,0.4729739,0.9315787,0.11706343,0.11706343,1.0,0.007609123,0.065,-25.929716,2.049514,0.6831714,0.24800001,0.0,0.13275187,0.0,0.0,2400000
hardzero_only__c0p58__z1p00__lam0p000__nu0p50__psi0p00,hardzero_only,0.065,55,750,0.0,7,0.4729739,0.48108563,0.9038008,0.12479557,0.12479557,1.0,0.008111712,0.065,-25.133215,1.9884014,0.6628005,0.192,0.0,0.13698372,0.0,0.0,2403200
hardzero_only__c0p58__z1p00__lam0p000__nu0p50__psi0p00,hardzero_only,0.065,55,751,0.0,7,0.48108563,0.48897102,0.91609055,0.12131358,0.12131358,1.0,0.0078853825,0.065,-26.25974,2.0154395,0.6718132,0.2,0.0,0.14848287,0.0,0.0,2406400
hardzero_only__c0p58__z1p00__lam0p000__nu0p50__psi0p00,hardzero_only,0.065,55,752,0.0,7,0.48897102,0.49692696,0.9122213,0.12239923,0.12239923,1.0,0.00795595,0.065,-25.763802,2.006927,0.6689757,0.18400002,0.0,0.1416129,0.0,0.0,2409600
hardzero_only__c0p58__z1p00__lam0p000__nu0p50__psi0p00,hardzero_only,0.065,55,753,0.0,7,0.49692696,0.50453264,0.9317767,0.11701008,0.11701008,1.0,0.0076056547,0.065,-26.602612,2.0499496,0.6833166,0.216,0.0,0.13709685,0.0,0.0,2412800
hardzero_only__c0p58__z1p00__lam0p000__nu0p50__psi0p00,hardzero_only,0.065,55,754,0.0,7,0.50453264,0.5132897,0.87055385,0.13472438,0.13472438,1.0,0.008757085,0.065,-24.667994,1.9152567,0.6384189,0.22999999,0.0,0.11914274,0.0,0.0,2416000
hardzero_only__c0p58__z1p00__lam0p000__nu0p50__psi0p00,hardzero_only,0.065,55,755,0.0,7,0.5132897,0.5211572,0.91707426,0.1210391,0.1210391,1.0,0.007867541,0.065,-25.583443,2.0176036,0.6725346,0.24000001,0.0,0.114896014,0.0,0.0,2419200
hardzero_only__c0p58__z1p00__lam0p000__nu0p50__psi0p00,hardzero_only,0.065,55,756,0.0,7,0.5211572,0.5292208,0.90638477,0.124055274,0.124055274,1.0,0.008063593,0.065,-25.05376,1.9940863,0.66469544,0.208,0.0,0.1340906,0.0,0.0,2422400
hardzero_only__c0p58__z1p00__lam0p000__nu0p50__psi0p00,hardzero_only,0.065,55,757,0.0,7,0.5292208,0.53676456,0.93532807,0.11605716,0.11605716,1.0,0.007543715,0.065,-26.463116,2.0577629,0.68592095,0.24800001,0.0,0.14138253,0.0,0.0,2425600
hardzero_only__c0p58__z1p00__lam0p000__nu0p50__psi0p00,hardzero_only,0.065,55,758,0.0,7,0.53676456,0.5452106,0.8862615,0.12993868,0.12993868,1.0,0.008446014,0.065,-25.316446,1.9498143,0.6499381,0.264,0.0,0.14229298,0.0,0.0,2428800
hardzero_only__c0p58__z1p00__lam0p000__nu0p50__psi0p00,hardzero_only,0.065,55,759,0.0,7,0.5452106,0.5533769,0.90088844,0.12563527,0.12563527,1.0,0.008166292,0.065,-25.698929,1.9819942,0.66066474,0.192,0.0,0.1301349,0.0,0.0,2432000
hardzero_only__c0p58__z1p00__lam0p000__nu0p50__psi0p00,hardzero_only,0.065,55,760,0.0,7,0.5533769,0.56170756,0.892236,0.12816338,0.12816338,1.0,0.00833062,0.065,-25.374094,1.9629583,0.65431947,0.2,0.0,0.13418071,0.0,0.0,2435200
hardzero_only__c0p58__z1p00__lam0p000__nu0p50__psi0p00,hardzero_only,0.065,55,761,0.0,7,0.56170756,0.56951517,0.9203954,0.12011704,0.12011704,1.0,0.0078076073,0.065,-25.879236,2.0249102,0.6749701,0.18400002,0.0,0.1319014,0.0,0.0,2438400
hardzero_only__c0p58__z1p00__lam0p000__nu0p50__psi0p00,hardzero_only,0.065,55,762,0.0,7,0.56951517,0.5768813,0.9456758,0.1133246,0.1133246,1.0,0.0073660985,0.065,-26.141497,2.0805283,0.69350946,0.192,0.0,0.13663411,0.0,0.0,2441600
hardzero_only__c0p58__z1p00__lam0p000__nu0p50__psi0p00,hardzero_only,0.065,55,763,0.0,7,0.5768813,0.5848747,0.91018313,0.122975,0.122975,1.0,0.007993375,0.065,-26.275843,2.0024428,0.66748095,0.224,0.0,0.1451221,0.0,0.0,2444800
hardzero_only__c0p58__z1p00__lam0p000__nu0p50__psi0p00,hardzero_only,0.065,55,764,1.0,8,0.5848747,0.013447374,0.87979734,0.1318872,0.1318872,1.0,0.008572668,0.065,-25.172146,1.9355928,0.64519763,0.192,0.0,0.13683434,0.0,0.0,2448000
hardzero_only__c0p58__z1p00__lam0p000__nu0p50__psi0p00,hardzero_only,0.065,55,765,0.0,8,0.013447374,0.021573525,0.9030285,0.1250177,0.1250177,1.0,0.008126151,0.065,-26.074678,1.9867023,0.6622341,0.216,0.0,0.14206047,0.0,0.0,2451200
hardzero_only__c0p58__z1p00__lam0p000__nu0p50__psi0p00,hardzero_only,0.065,55,766,0.0,8,0.021573525,0.029155577,0.93312657,0.116646945,0.116646945,1.0,0.007582051,0.065,-27.194424,2.0529194,0.6843065,0.30400002,0.0,0.1462819,0.0,0.0,2454400
hardzero_only__c0p58__z1p00__lam0p000__nu0p50__psi0p00,hardzero_only,0.065,55,767,0.0,8,0.029155577,0.03689028,0.9244697,0.11899542,0.11899542,1.0,0.007734702,0.065,-25.887259,2.033874,0.677958,0.22,0.0,0.13434161,0.0,0.0,2457600
hardzero_only__c0p58__z1p00__lam0p000__nu0p50__psi0p00,hardzero_only,0.065,55,768,0.0,8,0.03689028,0.044004355,0.9607949,0.10944729,0.10944729,1.0,0.0071140737,0.065,-27.355125,2.113791,0.704597,0.14400001,0.0,0.13492842,0.0,0.0,2460800
hardzero_only__c0p58__z1p00__lam0p000__nu0p50__psi0p00,hardzero_only,0.065,55,769,0.0,8,0.044004355,0.051410485,0.943322,0.11394045,0.11394045,1.0,0.007406129,0.065,-26.190228,2.0753498,0.6917833,0.16000001,0.0,0.1364889,0.0,0.0,2464000
hardzero_only__c0p58__z1p00__lam0p000__nu0p50__psi0p00,hardzero_only,0.065,55,770,0.0,8,0.051410485,0.058913548,0.9376747,0.115431756,0.115431756,1.0,0.007503064,0.065,-25.967833,2.0629256,0.68764186,0.17600001,0.0,0.12917627,0.0,0.0,2467200
hardzero_only__c0p58__z1p00__lam0p000__nu0p50__psi0p00,hardzero_only,0.065,55,771,0.0,8,0.058913548,0.06648445,0.9337656,0.116475455,0.116475455,1.0,0.007570904,0.065,-26.431404,2.0543253,0.6847751,0.128,0.0,0.14193279,0.0,0.0,2470400
hardzero_only__c0p58__z1p00__lam0p000__nu0p50__psi0p00,hardzero_only,0.065,55,772,0.0,8,0.06648445,0.07489783,0.8879426,0.12943667,0.12943667,1.0,0.008413384,0.065,-26.008286,1.9535128,0.65117097,0.208,0.0,0.15997246,0.0,0.0,2473600
hardzero_only__c0p58__z1p00__lam0p000__nu0p50__psi0p00,hardzero_only,0.065,55,773,0.0,8,0.07489783,0.08251297,0.9312356,0.11715596,0.11715596,1.0,0.0076151374,0.065,-26.240604,2.0487592,0.68291974,0.208,0.0,0.17451969,0.0,0.0,2476800
hardzero_only__c0p58__z1p00__lam0p000__nu0p50__psi0p00,hardzero_only,0.065,55,774,0.0,8,0.08251297,0.09099074,0.88463175,0.13042723,0.13042723,1.0,0.00847777,0.065,-26.119162,1.9462287,0.6487429,0.224,0.0,0.13901632,0.0,0.0,2480000
hardzero_only__c0p58__z1p00__lam0p000__nu0p50__psi0p00,hardzero_only,0.065,55,775,0.0,8,0.09099074,0.09952837,0.88157576,0.13134824,0.13134824,1.0,0.008537635,0.065,-24.983835,1.9395055,0.64650184,0.16000001,0.0,0.1350967,0.0,0.0,2483200
hardzero_only__c0p58__z1p00__lam0p000__nu0p50__psi0p00,hardzero_only,0.065,55,776,0.0,8,0.09952837,0.10743907,0.9146985,0.12170306,0.12170306,1.0,0.007910699,0.065,-25.787966,2.0123768,0.6707923,0.17600001,0.0,0.14733148,0.0,0.0,2486400
hardzero_only__c0p58__z1p00__lam0p000__nu0p50__psi0p00,hardzero_only,0.065,55,777,0.0,8,0.10743907,0.11518461,0.9238617,0.119162135,0.119162135,1.0,0.0077455384,0.065,-26.507942,2.0325363,0.6775121,0.192,0.0,0.14882626,0.0,0.0,2489600
hardzero_only__c0p58__z1p00__lam0p000__nu0p50__psi0p00,hardzero_only,0.065,55,778,0.0,8,0.11518461,0.1233422,0.90135133,0.12550141,0.12550141,1.0,0.008157591,0.065,-25.837513,1.9830126,0.6610042,0.23200001,0.0,0.13294359,0.0,0.0,2492800
hardzero_only__c0p58__z1p00__lam0p000__nu0p50__psi0p00,hardzero_only,0.065,55,779,0.0,8,0.1233422,0.13179289,0.886021,0.13001068,0.13001068,1.0,0.008450693,0.065,-26.278416,1.9492851,0.64976174,0.208,0.0,0.13438876,0.0,0.0,2496000
hardzero_only__c0p58__z1p00__lam0p000__nu0p50__psi0p00,hardzero_only,0.065,55,780,0.0,8,0.13179289,0.1401009,0.89341605,0.12781562,0.12781562,1.0,0.008308015,0.065,-26.311031,1.9655546,0.65518486,0.24,0.0,0.12472168,0.0,0.0,2499200
hardzero_only__c0p58__z1p00__lam0p000__nu0p50__psi0p00,hardzero_only,0.065,55,781,0.0,8,0.1401009,0.14886732,0.8700906,0.13486813,0.13486813,1.0,0.008766429,0.065,-23.743086,1.9142375,0.63807917,0.18400002,0.0,0.124895506,0.0,0.0,2502400
hardzero_only__c0p58__z1p00__lam0p000__nu0p50__psi0p00,hardzero_only,0.065,55,782,0.0,8,0.14886732,0.15630417,0.9415247,0.11441299,0.11441299,1.0,0.007436844,0.065,-25.90438,2.0713956,0.6904652,0.16000001,0.0,0.13292652,0.0,0.0,2505600
hardzero_only__c0p58__z1p00__lam0p000__nu0p50__psi0p00,hardzero_only,0.065,55,783,0.0,8,0.15630417,0.16354817,0.9529348,0.11144619,0.11144619,1.0,0.007244002,0.065,-27.054358,2.0964985,0.69883287,0.18400002,0.0,0.13900094,0.0,0.0,2508800
hardzero_only__c0p58__z1p00__lam0p000__nu0p50__psi0p00,hardzero_only,0.065,55,784,0.0,8,0.16354817,0.17295593,0.83942723,0.14473474,0.14473474,1.0,0.009407758,0.065,-25.127579,1.8467768,0.6155923,0.23200001,0.0,0.14900246,0.0,0.0,2512000
hardzero_only__c0p58__z1p00__lam0p000__nu0p50__psi0p00,hardzero_only,0.065,55,785,0.0,8,0.17295593,0.18067895,0.92512643,0.11881563,0.11881563,1.0,0.0077230157,0.065,-26.515491,2.0353189,0.6784396,0.16000001,0.0,0.1285668,0.0,0.0,2515200
hardzero_only__c0p58__z1p00__lam0p000__nu0p50__psi0p00,hardzero_only,0.065,55,786,0.0,8,0.18067895,0.18892701,0.8965617,0.12689319,0.12689319,1.0,0.008248057,0.065,-25.161053,1.972475,0.6574917,0.216,0.0,0.13905945,0.0,0.0,2518400
hardzero_only__c0p58__z1p00__lam0p000__nu0p50__psi0p00,hardzero_only,0.065,55,787,0.0,8,0.18892701,0.1967715,0.91834867,0.12068444,0.12068444,1.0,0.007844488,0.065,-26.270899,2.0204074,0.6734692,0.216,0.0,0.14064686,0.0,0.0,2521600
hardzero_only__c0p58__z1p00__lam0p000__nu0p50__psi0p00,hardzero_only,0.065,55,788,0.0,8,0.1967715,0.2049346,0.9010586,0.12558603,0.12558603,1.0,0.008163092,0.065,-25.850597,1.9823685,0.6607895,0.192,0.0,0.14866616,0.0,0.0,2524800
hardzero_only__c0p58__z1p00__lam0p000__nu0p50__psi0p00,hardzero_only,0.065,55,789,0.0,8,0.2049346,0.21317126,0.897162,0.12671791,0.12671791,1.0,0.008236663,0.065,-26.88369,1.9737959,0.657932,0.272,0.0,0.14969975,0.0,0.0,2528000
hardzero_only__c0p58__z1p00__lam0p000__nu0p50__psi0p00,hardzero_only,0.065,55,790,0.0,8,0.21317126,0.22121266,0.9075822,0.12371369,0.12371369,1.0,0.008041389,0.065,-25.734299,1.9967208,0.6655736,0.24800001,0.0,0.14304179,0.0,0.0,2531200
hardzero_only__c0p58__z1p00__lam0p000__nu0p50__psi0p00,hardzero_only,0.065,55,791,0.0,8,0.22121266,0.23024115,0.8572981,0.1388999,0.1388999,1.0,0.0090284925,0.065,-25.908297,1.8860934,0.6286978,0.208,0.0,0.13791624,0.0,0.0,2534400
hardzero_only__c0p58__z1p00__lam0p000__nu0p50__psi0p00,hardzero_only,0.065,55,792,0.0,8,0.23024115,0.23958795,0.84225065,0.14379685,0.14379685,1.0,0.009346794,0.065,-24.335257,1.8529884,0.6176628,0.18400002,0.0,0.12407151,0.0,0.0,2537600
hardzero_only__c0p58__z1p00__lam0p000__nu0p50__psi0p00,hardzero_only,0.065,55,793,0.0,8,0.23958795,0.2479594,0.890112,0.12879173,0.12879173,1.0,0.008371462,0.065,-25.580423,1.9582855,0.6527618,0.25,0.0,0.11819378,0.0,0.0,2540800
hardzero_only__c0p58__z1p00__lam0p000__nu0p50__psi0p00,hardzero_only,0.065,55,794,0.0,8,0.2479594,0.25603545,0.9057151,0.124246694,0.124246694,1.0,0.0080760345,0.065,-25.747215,1.9926131,0.66420436,0.18400002,0.0,0.14805336,0.0,0.0,2544000
hardzero_only__c0p58__z1p00__lam0p000__nu0p50__psi0p00,hardzero_only,0.065,55,795,0.0,8,0.25603545,0.26290718,0.9758476,0.10571885,0.10571885,1.0,0.006871725,0.065,-26.583235,2.1469076,0.7156359,0.112,0.0,0.13622126,0.0,0.0,2547200
hardzero_only__c0p58__z1p00__lam0p000__nu0p50__psi0p00,hardzero_only,0.065,55,796,0.0,8,0.26290718,0.271258,0.8911837,0.12847432,0.12847432,1.0,0.0083508305,0.065,-25.44825,1.9606433,0.65354776,0.23200001,0.0,0.13661437,0.0,0.0,2550400
hardzero_only__c0p58__z1p00__lam0p000__nu0p50__psi0p00,hardzero_only,0.065,55,797,0.0,8,0.271258,0.27955195,0.8941508,0.12759955,0.12759955,1.0,0.0082939705,0.065,-25.796638,1.9671711,0.6557237,0.2,0.0,0.1706234,0.0,0.0,2553600
hardzero_only__c0p58__z1p00__lam0p000__nu0p50__psi0p00,hardzero_only,0.065,55,798,0.0,8,0.27955195,0.28737143,0.91973615,0.12029952,0.12029952,1.0,0.007819468,0.065,-26.641766,2.02346,0.67448664,0.15200001,0.0,0.14334567,0.0,0.0,2556800
hardzero_only__c0p58__z1p00__lam0p000__nu0p50__psi0p00,hardzero_only,0.065,55,799,0.0,8,0.28737143,0.29543453,0.9064103,0.12404797,0.12404797,1.0,0.008063118,0.065,-26.406532,1.9941424,0.66471416,0.256,0.0,0.16160426,0.0,0.0,2560000
hardzero_only__c0p58__z1p00__lam0p000__nu0p50__psi0p00,hardzero_only,0.065,55,800,0.0,8,0.29543453,0.30393007,0.8837223,0.13070063,0.13070063,1.0,0.008495541,0.065,-25.0839,1.9442279,0.648076,0.17600001,0.0,0.13533626,0.0,0.0,2563200
hardzero_only__c0p58__z1p00__lam0p000__nu0p50__psi0p00,hardzero_only,0.065,55,801,0.0,8,0.30393007,0.31130785,0.9449872,0.11350443,0.11350443,1.0,0.007377788,0.065,-25.9944,2.0790133,0.6930045,0.128,0.0,0.119074546,0.0,0.0,2566400
hardzero_only__c0p58__z1p00__lam0p000__nu0p50__psi0p00,hardzero_only,0.065,55,802,0.0,8,0.31130785,0.31960425,0.89402366,0.12763692,0.12763692,1.0,0.008296399,0.065,-25.287958,1.9668913,0.65563047,0.216,0.0,0.15690146,0.0,0.0,2569600
hardzero_only__c0p58__z1p00__lam0p000__nu0p50__psi0p00,hardzero_only,0.065,55,803,0.0,8,0.31960425,0.32787746,0.8952389,0.12728028,0.12728028,1.0,0.008273218,0.065,-25.908962,1.9695648,0.6565216,0.24000001,0.0,0.14899366,0.0,0.0,2572800
hardzero_only__c0p58__z1p00__lam0p000__nu0p50__psi0p00,hardzero_only,0.065,55,804,0.0,8,0.32787746,0.33539703,0.93671995,0.11568578,0.11568578,1.0,0.007519576,0.065,-25.806892,2.060825,0.68694174,0.2,0.0,0.1429746,0.0,0.0,2576000
hardzero_only__c0p58__z1p00__lam0p000__nu0p50__psi0p00,hardzero_only,0.065,55,805,0.0,8,0.33539703,0.34359753,0.8990736,0.12616137,0.12616137,1.0,0.008200489,0.065,-25.949196,1.9780015,0.6593338,0.208,0.0,0.1392954,0.0,0.0,2579200
hardzero_only__c0p58__z1p00__lam0p000__nu0p50__psi0p00,hardzero_only,0.065,55,806,0.0,8,0.34359753,0.3512209,0.93076617,0.11728267,0.11728267,1.0,0.0076233735,0.065,-25.410183,2.0477264,0.68257546,0.21,0.0,0.12052512,0.0,0.0,2582400
hardzero_only__c0p58__z1p00__lam0p000__nu0p50__psi0p00,hardzero_only,0.065,55,807,0.0,8,0.3512209,0.3593914,0.9006652,0.12569986,0.12569986,1.0,0.008170491,0.065,-26.651838,1.981503,0.660501,0.14400001,0.0,0.13874441,0.0,0.0,2585600
hardzero_only__c0p58__z1p00__lam0p000__nu0p50__psi0p00,hardzero_only,0.065,55,808,0.0,8,0.3593914,0.3671417,0.9235954,0.119235225,0.119235225,1.0,0.0077502895,0.065,-25.388561,2.0319505,0.67731684,0.16000001,0.0,0.14458047,0.0,0.0,2588800
hardzero_only__c0p58__z1p00__lam0p000__nu0p50__psi0p00,hardzero_only,0.065,55,809,0.0,8,0.3671417,0.3753156,0.90048397,0.12575233,0.12575233,1.0,0.008173902,0.065,-25.564573,1.9811043,0.6603681,0.24800001,0.008,0.14052247,0.0,0.0,2592000
hardzero_only__c0p58__z1p00__lam0p000__nu0p50__psi0p00,hardzero_only,0.065,55,810,0.0,8,0.3753156,0.38294846,0.9302259,0.11742865,0.11742865,1.0,0.0076328623,0.065,-25.16462,2.0465379,0.68217933,0.15200001,0.0,0.13811961,0.0,0.0,2595200
hardzero_only__c0p58__z1p00__lam0p000__nu0p50__psi0p00,hardzero_only,0.065,55,811,0.0,8,0.38294846,0.3905881,0.9298398,0.117533095,0.117533095,1.0,0.0076396507,0.065,-26.091896,2.0456884,0.68189615,0.24800001,0.008,0.1499515,0.0,0.0,2598400
hardzero_only__c0p58__z1p00__lam0p000__nu0p50__psi0p00,hardzero_only,0.065,55,812,0.0,8,0.3905881,0.3983081,0.92529607,0.11876921,0.11876921,1.0,0.0077199987,0.065,-25.759146,2.035692,0.678564,0.080000006,0.0,0.12897468,0.0,0.0,2601600
hardzero_only__c0p58__z1p00__lam0p000__nu0p50__psi0p00,hardzero_only,0.065,55,813,0.0,8,0.3983081,0.4057164,0.9431953,0.11397371,0.11397371,1.0,0.0074082906,0.065,-25.81128,2.075071,0.6916904,0.216,0.0,0.13593788,0.0,0.0,2604800
hardzero_only__c0p58__z1p00__lam0p000__nu0p50__psi0p00,hardzero_only,0.065,55,814,0.0,8,0.4057164,0.413191,0.93932533,0.114993855,0.114993855,1.0,0.0074746003,0.065,-26.55684,2.066557,0.6888523,0.192,0.0,0.15973563,0.0,0.0,2608000
hardzero_only__c0p58__z1p00__lam0p000__nu0p50__psi0p00,hardzero_only,0.065,55,815,0.0,8,0.413191,0.42044932,0.9520773,0.11166644,0.11166644,1.0,0.0072583184,0.065,-26.66893,2.094612,0.698204,0.192,0.0,0.15387653,0.0,0.0,2611200
hardzero_only__c0p58__z1p00__lam0p000__nu0p50__psi0p00,hardzero_only,0.065,55,816,0.0,8,0.42044932,0.42910582,0.8755707,0.13317701,0.13317701,1.0,0.0086565055,0.065,-26.123611,1.9262941,0.64209807,0.23200001,0.0,0.12508704,0.0,0.0,2614400
hardzero_only__c0p58__z1p00__lam0p000__nu0p50__psi0p00,hardzero_only,0.065,55,817,0.0,8,0.42910582,0.43667483,0.9338744,0.11644627,0.11644627,1.0,0.0075690076,0.065,-26.968626,2.0545647,0.6848549,0.23200001,0.0,0.16681643,0.0,0.0,2617600
hardzero_only__c0p58__z1p00__lam0p000__nu0p50__psi0p00,hardzero_only,0.065,55,818,0.0,8,0.43667483,0.4450364,0.89062434,0.12863989,0.12863989,1.0,0.008361593,0.065,-25.73653,1.9594127,0.65313756,0.24800001,0.0,0.12384961,0.0,0.0,2620800
hardzero_only__c0p58__z1p00__lam0p000__nu0p50__psi0p00,hardzero_only,0.065,55,819,0.0,8,0.4450364,0.45379615,0.8704223,0.13476518,0.13476518,1.0,0.008759736,0.065,-25.285933,1.9149673,0.6383225,0.22,0.01,0.14527494,0.0,0.0,2624000
hardzero_only__c0p58__z1p00__lam0p000__nu0p50__psi0p00,hardzero_only,0.065,55,820,0.0,8,0.45379615,0.46164948,0.91785884,0.12082064,0.12082064,1.0,0.007853341,0.065,-25.306675,2.0193298,0.67310995,0.16000001,0.0,0.13092023,0.0,0.0,2627200
hardzero_only__c0p58__z1p00__lam0p000__nu0p50__psi0p00,hardzero_only,0.065,55,821,0.0,8,0.46164948,0.46980983,0.90120393,0.12554403,0.12554403,1.0,0.008160361,0.065,-25.762838,1.9826882,0.66089606,0.224,0.008,0.15477109,0.0,0.0,2630400
hardzero_only__c0p58__z1p00__lam0p000__nu0p50__psi0p00,hardzero_only,0.065,55,822,0.0,8,0.46980983,0.47715905,0.9466716,0.11306506,0.11306506,1.0,0.0073492285,0.065,-26.02335,2.082719,0.69423974,0.18400002,0.0,0.15436463,0.0,0.0,2633600
hardzero_only__c0p58__z1p00__lam0p000__nu0p50__psi0p00,hardzero_only,0.065,55,823,0.0,8,0.47715905,0.48530394,0.902029,0.12530576,0.12530576,1.0,0.008144874,0.065,-25.57356,1.9845034,0.66150117,0.224,0.0,0.16136196,0.0,0.0,2636800
hardzero_only__c0p58__z1p00__lam0p000__nu0p50__psi0p00,hardzero_only,0.065,55,824,0.0,8,0.48530394,0.4929357,0.9302891,0.11741157,0.11741157,1.0,0.0076317517,0.065,-26.294807,2.0466769,0.68222564,0.224,0.0,0.13719487,0.0,0.0,2640000
hardzero_only__c0p58__z1p00__lam0p000__nu0p50__psi0p00,hardzero_only,0.065,55,825,0.0,8,0.4929357,0.50152594,0.87890863,0.13215736,0.13215736,1.0,0.008590228,0.065,-24.970387,1.9336376,0.6445459,0.24000001,0.0,0.14271049,0.0,0.0,2643200
hardzero_only__c0p58__z1p00__lam0p000__nu0p50__psi0p00,hardzero_only,0.065,55,826,0.0,8,0.50152594,0.51030153,0.86963767,0.13500889,0.13500889,1.0,0.008775577,0.065,-25.457445,1.913241,0.63774705,0.272,0.0,0.1356775,0.0,0.0,2646400
hardzero_only__c0p58__z1p00__lam0p000__nu0p50__psi0p00,hardzero_only,0.065,55,827,0.0,8,0.51030153,0.5177844,0.93884426,0.1151213,0.1151213,1.0,0.007482884,0.065,-25.82241,2.0654986,0.68849957,0.192,0.0,0.15033898,0.0,0.0,2649600
hardzero_only__c0p58__z1p00__lam0p000__nu0p50__psi0p00,hardzero_only,0.065,55,828,0.0,8,0.5177844,0.5252703,0.9386726,0.11516681,0.11516681,1.0,0.007485843,0.065,-25.98867,2.065121,0.6883737,0.17600001,0.0,0.15160574,0.0,0.0,2652800
hardzero_only__c0p58__z1p00__lam0p000__nu0p50__psi0p00,hardzero_only,0.065,55,829,0.0,8,0.5252703,0.5325516,0.95070314,0.11202032,0.11202032,1.0,0.0072813206,0.065,-26.530193,2.0915887,0.69719625,0.17600001,0.0,0.12509555,0.0,0.0,2656000
hardzero_only__c0p58__z1p00__lam0p000__nu0p50__psi0p00,hardzero_only,0.065,55,830,0.0,8,0.5325516,0.54013515,0.9330406,0.11667003,0.11667003,1.0,0.0075835516,0.065,-26.032614,2.0527303,0.68424344,0.120000005,0.0,0.13410974,0.0,0.0,2659200
hardzero_only__c0p58__z1p00__lam0p000__nu0p50__psi0p00,hardzero_only,0.065,55,831,0.0,8,0.54013515,0.5477756,0.92979306,0.11754576,0.11754576,1.0,0.007640474,0.065,-26.671337,2.0455856,0.6818619,0.128,0.0,0.15215755,0.0,0.0,2662400
hardzero_only__c0p58__z1p00__lam0p000__nu0p50__psi0p00,hardzero_only,0.065,55,832,0.0,8,0.5477756,0.55645865,0.874243,0.13358477,0.13358477,1.0,0.00868301,0.065,-25.333351,1.9233731,0.64112437,0.22,0.0,0.12171977,0.0,0.0,2665600
hardzero_only__c0p58__z1p00__lam0p000__nu0p50__psi0p00,hardzero_only,0.065,55,833,0.0,8,0.55645865,0.5646448,0.8998334,0.12594084,0.12594084,1.0,0.008186155,0.065,-24.807165,1.979673,0.659891,0.17600001,0.0,0.120427325,0.0,0.0,2668800
hardzero_only__c0p58__z1p00__lam0p000__nu0p50__psi0p00,hardzero_only,0.065,55,834,0.0,8,0.5646448,0.57260144,0.9121842,0.12240971,0.12240971,1.0,0.007956631,0.065,-26.220512,2.0068452,0.6689484,0.18400002,0.0,0.17659698,0.0,0.0,2672000
hardzero_only__c0p58__z1p00__lam0p000__nu0p50__psi0p00,hardzero_only,0.065,55,835,0.0,8,0.57260144,0.5809665,0.8904465,0.1286926,0.1286926,1.0,0.008365018,0.065,-26.330904,1.9590213,0.65300715,0.24800001,0.0,0.13142106,0.0,0.0,2675200
hardzero_only__c0p58__z1p00__lam0p000__nu0p50__psi0p00,hardzero_only,0.065,55,836,1.0,9,0.5809665,0.009296554,0.89226496,0.12815484,0.12815484,1.0,0.008330065,0.065,-25.289587,1.9630221,0.65434074,0.24000001,0.0,0.13953866,0.0,0.0,2678400
hardzero_only__c0p58__z1p00__lam0p000__nu0p50__psi0p00,hardzero_only,0.065,55,837,0.0,9,0.009296554,0.017077489,0.92188156,0.1197067,0.1197067,1.0,0.007780935,0.065,-26.139359,2.02818,0.67605996,0.15200001,0.0,0.1650031,0.0,0.0,2681600
hardzero_only__c0p58__z1p00__lam0p000__nu0p50__psi0p00,hardzero_only,0.065,55,838,0.0,9,0.017077489,0.025186766,0.90393114,0.124758124,0.124758124,1.0,0.008109278,0.065,-26.29804,1.9886882,0.6628961,0.264,0.0,0.14646246,0.0,0.0,2684800
hardzero_only__c0p58__z1p00__lam0p000__nu0p50__psi0p00,hardzero_only,0.065,55,839,0.0,9,0.025186766,0.033419307,0.8973794,0.12665448,0.12665448,1.0,0.00823254,0.065,-25.680593,1.974274,0.65809137,0.15200001,0.0,0.14297168,0.0,0.0,2688000
hardzero_only__c0p58__z1p00__lam0p000__nu0p50__psi0p00,hardzero_only,0.065,55,840,0.0,9,0.033419307,0.041654028,0.8972644,0.12668803,0.12668803,1.0,0.008234722,0.065,-25.683119,1.9740211,0.658007,0.18400002,0.0,0.14513153,0.0,0.0,2691200
hardzero_only__c0p58__z1p00__lam0p000__nu0p50__psi0p00,hardzero_only,0.065,55,841,0.0,9,0.041654028,0.049650434,0.9100184,0.123021655,0.123021655,1.0,0.007996407,0.065,-25.761312,2.0020804,0.6673602,0.2,0.0,0.18523629,0.0,0.0,2694400
hardzero_only__c0p58__z1p00__lam0p000__nu0p50__psi0p00,hardzero_only,0.065,55,842,0.0,9,0.049650434,0.058651276,0.85863024,0.13847448,0.13847448,1.0,0.009000841,0.065,-24.750265,1.8890243,0.6296748,0.16000001,0.0,0.12189059,0.0,0.0,2697600
hardzero_only__c0p58__z1p00__lam0p000__nu0p50__psi0p00,hardzero_only,0.065,55,843,0.0,9,0.058651276,0.06575898,0.9611841,0.10934927,0.10934927,1.0,0.0071077025,0.065,-27.668673,2.1146472,0.7048824,0.23200001,0.0,0.20995362,0.0,0.0,2700800
hardzero_only__c0p58__z1p00__lam0p000__nu0p50__psi0p00,hardzero_only,0.065,55,844,0.0,9,0.06575898,0.073810965,0.9070104,0.1238767,0.1238767,1.0,0.008051985,0.065,-26.44007,1.9954627,0.6651542,0.24000001,0.0,0.16203773,0.0,0.0,2704000
hardzero_only__c0p58__z1p00__lam0p000__nu0p50__psi0p00,hardzero_only,0.065,55,845,0.0,9,0.073810965,0.08240073,0.87893194,0.13215028,0.13215028,1.0,0.008589768,0.065,-25.44576,1.9336889,0.64456296,0.19999999,0.0,0.12713607,0.0,0.0,2707200
hardzero_only__c0p58__z1p00__lam0p000__nu0p50__psi0p00,hardzero_only,0.065,55,846,0.0,9,0.08240073,0.09051499,0.90366477,0.12483468,0.12483468,1.0,0.008114254,0.065,-25.52961,1.9881022,0.6627008,0.23200001,0.0,0.15104614,0.0,0.0,2710400
hardzero_only__c0p58__z1p00__lam0p000__nu0p50__psi0p00,hardzero_only,0.065,55,847,0.0,9,0.09051499,0.09832109,0.9204791,0.120093875,0.120093875,1.0,0.0078061013,0.065,-25.539303,2.0250945,0.67503154,0.18400002,0.0,0.15674037,0.0,0.0,2713600
hardzero_only__c0p58__z1p00__lam0p000__nu0p50__psi0p00,hardzero_only,0.065,55,848,0.0,9,0.09832109,0.1060318,0.92581904,0.118626304,0.118626304,1.0,0.0077107097,0.065,-25.992985,2.0368426,0.67894757,0.15200001,0.0,0.14976461,0.0,0.0,2716800
hardzero_only__c0p58__z1p00__lam0p000__nu0p50__psi0p00,hardzero_only,0.065,55,849,0.0,9,0.1060318,0.11441684,0.889408,0.12900068,0.12900068,1.0,0.008385044,0.065,-25.817665,1.9567367,0.6522456,0.16000001,0.008,0.15018174,0.0,0.0,2720000
hardzero_only__c0p58__z1p00__lam0p000__nu0p50__psi0p00,hardzero_only,0.065,55,850,0.0,9,0.11441684,0.12237384,0.9121637,0.12241548,0.12241548,1.0,0.007957006,0.065,-25.869675,2.0068002,0.6689334,0.18400002,0.0,0.13996482,0.0,0.0,2723200
hardzero_only__c0p58__z1p00__lam0p000__nu0p50__psi0p00,hardzero_only,0.065,55,851,0.0,9,0.12237384,0.13181907,0.8377009,0.1453112,0.1453112,1.0,0.009445228,0.065,-24.706501,1.8429788,0.6143263,0.24800001,0.0,0.12286002,0.0,0.0,2726400
hardzero_only__c0p58__z1p00__lam0p000__nu0p50__psi0p00,hardzero_only,0.065,55,852,0.0,9,0.13181907,0.13902488,0.9552299,0.110858776,0.110858776,1.0,0.00720582,0.065,-26.262518,2.1015477,0.7005159,0.16000001,0.0,0.14262223,0.0,0.0,2729600
hardzero_only__c0p58__z1p00__lam0p000__nu0p50__psi0p00,hardzero_only,0.065,55,853,0.0,9,0.13902488,0.1467043,0.9275852,0.11814487,0.11814487,1.0,0.0076794163,0.065,-26.150715,2.040728,0.6802427,0.16800001,0.0,0.14149544,0.0,0.0,2732800
hardzero_only__c0p58__z1p00__lam0p000__nu0p50__psi0p00,hardzero_only,0.065,55,854,0.0,9,0.1467043,0.15481506,0.90385205,0.12478085,0.12478085,1.0,0.008110755,0.065,-25.59322,1.9885142,0.6628381,0.17600001,0.0,0.15125862,0.0,0.0,2736000
hardzero_only__c0p58__z1p00__lam0p000__nu0p50__psi0p00,hardzero_only,0.065,55,855,0.0,9,0.15481506,0.16183104,0.9668258,0.10793796,0.10793796,1.0,0.0070159673,0.065,-27.076645,2.1270592,0.7090198,0.192,0.0,0.15945362,0.0,0.0,2739200
hardzero_only__c0p58__z1p00__lam0p000__nu0p50__psi0p00,hardzero_only,0.065,55,856,0.0,9,0.16183104,0.16959916,0.922597,0.119509645,0.119509645,1.0,0.0077681267,0.065,-26.646013,2.029754,0.67658466,0.18400002,0.0,0.16628848,0.0,0.0,2742400
hardzero_only__c0p58__z1p00__lam0p000__nu0p50__psi0p00,hardzero_only,0.065,55,857,0.0,9,0.16959916,0.17818378,0.87919205,0.13207115,0.13207115,1.0,0.008584624,0.065,-25.575739,1.9342611,0.6447537,0.24800001,0.0,0.15193433,0.0,0.0,2745600
hardzero_only__c0p58__z1p00__lam0p000__nu0p50__psi0p00,hardzero_only,0.065,55,858,0.0,9,0.17818378,0.1864899,0.8935155,0.12778637,0.12778637,1.0,0.008306114,0.065,-25.601036,1.9657735,0.6552578,0.21,0.0,0.15164152,0.0,0.0,2748800
hardzero_only__c0p58__z1p00__lam0p000__nu0p50__psi0p00,hardzero_only,0.065,55,859,0.0,9,0.1864899,0.1937849,0.9498885,0.11223066,0.11223066,1.0,0.0072949925,0.065,-26.535294,2.0897965,0.6965989,0.16000001,0.0,0.18626547,0.0,0.0,2752000
hardzero_only__c0p58__z1p00__lam0p000__nu0p50__psi0p00,hardzero_only,0.065,55,860,0.0,9,0.1937849,0.20182069,0.9078845,0.12362762,0.12362762,1.0,0.008035795,0.065,-26.260351,1.9973857,0.66579527,0.16000001,0.0,0.13758035,0.0,0.0,2755200
hardzero_only__c0p58__z1p00__lam0p000__nu0p50__psi0p00,hardzero_only,0.065,55,861,0.0,9,0.20182069,0.21016312,0.89162093,0.12834503,0.12834503,1.0,0.008342426,0.065,-25.067127,1.9616052,0.65386844,0.18400002,0.0,0.14897893,0.0,0.0,2758400
hardzero_only__c0p58__z1p00__lam0p000__nu0p50__psi0p00,hardzero_only,0.065,55,862,0.0,9,0.21016312,0.2188801,0.8725467,0.13410756,0.13410756,1.0,0.008716991,0.065,-25.072964,1.919641,0.63988036,0.18400002,0.0,0.13269717,0.0,0.0,2761600
hardzero_only__c0p58__z1p00__lam0p000__nu0p50__psi0p00,hardzero_only,0.065,55,863,0.0,9,0.2188801,0.22764741,0.87004715,0.13488163,0.13488163,1.0,0.008767306,0.065,-25.468197,1.914142,0.63804734,0.256,0.0,0.14727172,0.0,0.0,2764800
hardzero_only__c0p58__z1p00__lam0p000__nu0p50__psi0p00,hardzero_only,0.065,55,864,0.0,9,0.22764741,0.23563829,0.9103184,0.12293671,0.12293671,1.0,0.0079908855,0.065,-26.361647,2.0027404,0.6675801,0.23200001,0.0,0.15411703,0.0,0.0,2768000
hardzero_only__c0p58__z1p00__lam0p000__nu0p50__psi0p00,hardzero_only,0.065,55,865,0.0,9,0.23563829,0.24424946,0.8778513,0.13247952,0.13247952,1.0,0.008611169,0.065,-25.293968,1.9313115,0.6437705,0.24800001,0.0,0.13579246,0.0,0.0,2771200
hardzero_only__c0p58__z1p00__lam0p000__nu0p50__psi0p00,hardzero_only,0.065,55,866,0.0,9,0.24424946,0.25231478,0.9062919,0.12408181,0.12408181,1.0,0.008065318,0.065,-25.712381,1.9938821,0.6646274,0.208,0.0,0.14252904,0.0,0.0,2774400
hardzero_only__c0p58__z1p00__lam0p000__nu0p50__psi0p00,hardzero_only,0.065,55,867,0.0,9,0.25231478,0.26100802,0.8737317,0.13374215,0.13374215,1.0,0.00869324,0.065,-25.258537,1.922248,0.64074934,0.23200001,0.0,0.13739665,0.0,0.0,2777600
hardzero_only__c0p58__z1p00__lam0p000__nu0p50__psi0p00,hardzero_only,0.065,55,868,0.0,9,0.26100802,0.26862627,0.93105745,0.11720402,0.11720402,1.0,0.007618261,0.065,-25.76698,2.0483673,0.6827891,0.192,0.0,0.160585,0.0,0.0,2780800
hardzero_only__c0p58__z1p00__lam0p000__nu0p50__psi0p00,hardzero_only,0.065,55,869,0.0,9,0.26862627,0.27647457,0.91813767,0.12074309,0.12074309,1.0,0.0078483,0.065,-26.525898,2.0199432,0.67331445,0.2,0.0,0.17525376,0.0,0.0,2784000
hardzero_only__c0p58__z1p00__lam0p000__nu0p50__psi0p00,hardzero_only,0.065,55,870,0.0,9,0.27647457,0.2844155,0.9130403,0.12216864,0.12216864,1.0,0.007940961,0.065,-26.22098,2.0087287,0.6695763,0.2,0.0,0.13926603,0.0,0.0,2787200
hardzero_only__c0p58__z1p00__lam0p000__nu0p50__psi0p00,hardzero_only,0.065,55,871,0.0,9,0.2844155,0.29157472,0.9580483,0.11014168,0.11014168,1.0,0.007159209,0.065,-26.713837,2.1077483,0.7025828,0.17,0.0,0.17243917,0.0,0.0,2790400
hardzero_only__c0p58__z1p00__lam0p000__nu0p50__psi0p00,hardzero_only,0.065,55,872,0.0,9,0.29157472,0.2998757,0.89378303,0.12770766,0.12770766,1.0,0.008300997,0.065,-25.650732,1.9663619,0.655454,0.16800001,0.0,0.13048819,0.0,0.0,2793600
hardzero_only__c0p58__z1p00__lam0p000__nu0p50__psi0p00,hardzero_only,0.065,55,873,0.0,9,0.2998757,0.30773318,0.91762984,0.120884374,0.120884374,1.0,0.007857484,0.065,-25.858929,2.018826,0.67294204,0.18400002,0.0,0.16518301,0.0,0.0,2796800
hardzero_only__c0p58__z1p00__lam0p000__nu0p50__psi0p00,hardzero_only,0.065,55,874,0.0,9,0.30773318,0.31634516,0.8778098,0.13249215,0.13249215,1.0,0.00861199,0.065,-24.691427,1.9312202,0.64374006,0.17600001,0.0,0.12796181,0.0,0.0,2800000
hardzero_only__c0p58__z1p00__lam0p000__nu0p50__psi0p00,hardzero_only,0.065,55,875,0.0,9,0.31634516,0.32497707,0.87680614,0.13279873,0.13279873,1.0,0.008631918,0.065,-25.283167,1.9290121,0.64300406,0.216,0.0,0.15164806,0.0,0.0,2803200
hardzero_only__c0p58__z1p00__lam0p000__nu0p50__psi0p00,hardzero_only,0.065,55,876,0.0,9,0.32497707,0.3335071,0.8819632,0.13123111,0.13123111,1.0,0.008530023,0.065,-25.812647,1.9403578,0.646786,0.224,0.0,0.12799042,0.0,0.0,2806400
hardzero_only__c0p58__z1p00__lam0p000__nu0p50__psi0p00,hardzero_only,0.065,55,877,0.0,9,0.3335071,0.34105253,0.9352288,0.11608367,0.11608367,1.0,0.007545438,0.065,-27.18104,2.0575445,0.6858482,0.17600001,0.0,0.15206121,0.0,0.0,2809600
hardzero_only__c0p58__z1p00__lam0p000__nu0p50__psi0p00,hardzero_only,0.065,55,878,0.0,9,0.34105253,0.34950918,0.8857158,0.13010205,0.13010205,1.0,0.008456633,0.065,-25.429724,1.9486136,0.6495379,0.17600001,0.0,0.16606262,0.0,0.0,2812800
hardzero_only__c0p58__z1p00__lam0p000__nu0p50__psi0p00,hardzero_only,0.065,55,879,0.0,9,0.34950918,0.3575931,0.9052918,0.124367855,0.124367855,1.0,0.008083911,0.065,-25.281404,1.9916817,0.66389394,0.208,0.0,0.14331582,0.0,0.0,2816000
hardzero_only__c0p58__z1p00__lam0p000__nu0p50__psi0p00,hardzero_only,0.065,55,880,0.0,9,0.3575931,0.36661804,0.85746807,0.13884553,0.13884553,1.0,0.009024959,0.065,-25.158451,1.8864675,0.6288225,0.208,0.0,0.14023992,0.0,0.0,2819200
hardzero_only__c0p58__z1p00__lam0p000__nu0p50__psi0p00,hardzero_only,0.065,55,881,0.0,9,0.36661804,0.37450495,0.9160053,0.12133739,0.12133739,1.0,0.00788693,0.065,-26.182379,2.0152519,0.67175066,0.192,0.0,0.14113,0.0,0.0,2822400
hardzero_only__c0p58__z1p00__lam0p000__nu0p50__psi0p00,hardzero_only,0.065,55,882,0.0,9,0.37450495,0.38350964,0.8584443,0.13853379,0.13853379,1.0,0.009004695,0.065,-24.569353,1.8886151,0.6295384,0.16000001,0.0,0.14031349,0.0,0.0,2825600
hardzero_only__c0p58__z1p00__lam0p000__nu0p50__psi0p00,hardzero_only,0.065,55,883,0.0,9,0.38350964,0.3919973,0.8841242,0.13057972,0.13057972,1.0,0.008487682,0.065,-24.616652,1.9451121,0.64837074,0.208,0.0,0.13153094,0.0,0.0,2828800
hardzero_only__c0p58__z1p00__lam0p000__nu0p50__psi0p00,hardzero_only,0.065,55,884,0.0,9,0.3919973,0.4000293,0.90809,0.12356912,0.12356912,1.0,0.008031993,0.065,-26.354256,1.9978379,0.665946,0.24,0.01,0.16668476,0.0,0.0,2832000
hardzero_only__c0p58__z1p00__lam0p000__nu0p50__psi0p00,hardzero_only,0.065,55,885,0.0,9,0.4000293,0.40819225,0.90106595,0.12558393,0.12558393,1.0,0.008162955,0.065,-25.03484,1.9823847,0.6607949,0.16800001,0.0,0.14968601,0.0,0.0,2835200
hardzero_only__c0p58__z1p00__lam0p000__nu0p50__psi0p00,hardzero_only,0.065,55,886,0.0,9,0.40819225,0.41649154,0.8938717,0.1276816,0.1276816,1.0,0.008299303,0.065,-25.6872,1.966557,0.655519,0.216,0.0,0.1467115,0.0,0.0,2838400
hardzero_only__c0p58__z1p00__lam0p000__nu0p50__psi0p00,hardzero_only,0.065,55,887,0.0,9,0.41649154,0.42528126,0.8689387,0.13522632,0.13522632,1.0,0.008789711,0.065,-25.111149,1.9117032,0.63723445,0.2,0.0,0.15452363,0.0,0.0,2841600
hardzero_only__c0p58__z1p00__lam0p000__nu0p50__psi0p00,hardzero_only,0.065,55,888,0.0,9,0.42528126,0.43469873,0.83897865,0.1448843,0.1448843,1.0,0.009417479,0.065,-24.761341,1.8457899,0.61526334,0.23200001,0.0,0.16364338,0.0,0.0,2844800
hardzero_only__c0p58__z1p00__lam0p000__nu0p50__psi0p00,hardzero_only,0.065,55,889,0.0,9,0.43469873,0.44301867,0.8927936,0.12799896,0.12799896,1.0,0.008319932,0.065,-25.605835,1.9641851,0.6547284,0.18400002,0.0,0.1507159,0.0,0.0,2848000
hardzero_only__c0p58__z1p00__lam0p000__nu0p50__psi0p00,hardzero_only,0.065,55,890,0.0,9,0.44301867,0.45115831,0.90230745,0.12522541,0.12522541,1.0,0.008139651,0.065,-25.339268,1.985116,0.6617054,0.23200001,0.0,0.1989885,0.0,0.0,2851200
hardzero_only__c0p58__z1p00__lam0p000__nu0p50__psi0p00,hardzero_only,0.065,55,891,0.0,9,0.45115831,0.45902964,0.9168658,0.12109721,0.12109721,1.0,0.007871319,0.065,-26.282057,2.0171452,0.67238176,0.16800001,0.0,0.170513,0.0,0.0,2854400
hardzero_only__c0p58__z1p00__lam0p000__nu0p50__psi0p00,hardzero_only,0.065,55,892,0.0,9,0.45902964,0.46740553,0.88988227,0.12885989,0.12885989,1.0,0.008375892,0.065,-25.779917,1.9577801,0.6525934,0.224,0.008,0.141469,0.0,0.0,2857600
hardzero_only__c0p58__z1p00__lam0p000__nu0p50__psi0p00,hardzero_only,0.065,55,893,0.0,9,0.46740553,0.4754503,0.9073984,0.12376605,0.12376605,1.0,0.008044793,0.065,-25.92974,1.9963163,0.6654388,0.16000001,0.0,0.17535347,0.0,0.0,2860800
hardzero_only__c0p58__z1p00__lam0p000__nu0p50__psi0p00,hardzero_only,0.065,55,894,0.0,9,0.4754503,0.48402712,0.8795874,0.13195097,0.13195097,1.0,0.008576813,0.065,-24.922129,1.935131,0.6450437,0.216,0.0,0.14105202,0.0,0.0,2864000
hardzero_only__c0p58__z1p00__lam0p000__nu0p50__psi0p00,hardzero_only,0.065,55,895,0.0,9,0.48402712,0.4917931,0.9227173,0.119476564,0.119476564,1.0,0.0077659762,0.065,-25.78363,2.0300186,0.6766729,0.208,0.0,0.15507679,0.0,0.0,2867200
hardzero_only__c0p58__z1p00__lam0p000__nu0p50__psi0p00,hardzero_only,0.065,55,896,0.0,9,0.4917931,0.4992442,0.94069165,0.11463266,0.11463266,1.0,0.0074511226,0.065,-26.803493,2.069563,0.6898543,0.18400002,0.0,0.14296323,0.0,0.0,2870400
hardzero_only__c0p58__z1p00__lam0p000__nu0p50__psi0p00,hardzero_only,0.065,55,897,0.0,9,0.4992442,0.50742745,0.89998657,0.12589644,0.12589644,1.0,0.008183268,0.065,-26.32919,1.98001,0.66000336,0.25,0.0,0.16738923,0.0,0.0,2873600
hardzero_only__c0p58__z1p00__lam0p000__nu0p50__psi0p00,hardzero_only,0.065,55,898,0.0,9,0.50742745,0.5158753,0.8861677,0.12996677,0.12996677,1.0,0.00844784,0.065,-25.851963,1.9496078,0.6498693,0.208,0.0,0.14963211,0.0,0.0,2876800
hardzero_only__c0p58__z1p00__lam0p000__nu0p50__psi0p00,hardzero_only,0.065,55,899,0.0,9,0.5158753,0.52410764,0.8973899,0.12665142,0.12665142,1.0,0.008232342,0.065,-25.900621,1.9742972,0.65809906,0.17600001,0.0,0.15722091,0.0,0.0,2880000
hardzero_only__c0p58__z1p00__lam0p000__nu0p50__psi0p00,hardzero_only,0.065,55,900,0.0,9,0.52410764,0.53236824,0.89590186,0.12708612,0.12708612,1.0,0.0082605975,0.065,-25.789124,1.9710234,0.6570078,0.208,0.0,0.1725581,0.0,0.0,2883200
hardzero_only__c0p58__z1p00__lam0p000__nu0p50__psi0p00,hardzero_only,0.065,55,901,0.0,9,0.53236824,0.5398996,0.93603945,0.11586722,0.11586722,1.0,0.007531369,0.065,-26.432026,2.0593278,0.6864426,0.14400001,0.0,0.1507081,0.0,0.0,2886400
hardzero_only__c0p58__z1p00__lam0p000__nu0p50__psi0p00,hardzero_only,0.065,55,902,0.0,9,0.5398996,0.54858726,0.8740092,0.13365673,0.13365673,1.0,0.008687687,0.065,-25.163532,1.9228586,0.6409529,0.224,0.0,0.14008082,0.0,0.0,2889600
hardzero_only__c0p58__z1p00__lam0p000__nu0p50__psi0p00,hardzero_only,0.065,55,903,0.0,9,0.54858726,0.5574053,0.8675417,0.13566203,0.13566203,1.0,0.008818032,0.065,-25.72029,1.9086298,0.63620996,0.216,0.0,0.14814879,0.0,0.0,2892800
hardzero_only__c0p58__z1p00__lam0p000__nu0p50__psi0p00,hardzero_only,0.065,55,904,0.0,9,0.5574053,0.5667404,0.84279406,0.14361703,0.14361703,1.0,0.009335107,0.065,-24.383112,1.8541839,0.6180613,0.208,0.0,0.15039809,0.0,0.0,2896000
hardzero_only__c0p58__z1p00__lam0p000__nu0p50__psi0p00,hardzero_only,0.065,55,905,0.0,9,0.5667404,0.5751868,0.8862405,0.12994498,0.12994498,1.0,0.008446423,0.065,-24.801779,1.949768,0.64992267,0.224,0.0,0.13926096,0.0,0.0,2899200
hardzero_only__c0p58__z1p00__lam0p000__nu0p50__psi0p00,hardzero_only,0.065,55,906,0.0,9,0.5751868,0.5829177,0.9246828,0.11893705,0.11893705,1.0,0.007730908,0.065,-26.559944,2.0343428,0.6781143,0.23200001,0.0,0.15205923,0.0,0.0,2902400
hardzero_only__c0p58__z1p00__lam0p000__nu0p50__psi0p00,hardzero_only,0.065,55,907,1.0,10,0.5829177,0.011698991,0.86935526,0.13509668,0.13509668,1.0,0.008781284,0.065,-25.27764,1.9126198,0.63754,0.24000001,0.0,0.13996099,0.0,0.0,2905600
hardzero_only__c0p58__z1p00__lam0p000__nu0p50__psi0p00,hardzero_only,0.065,55,908,0.0,10,0.011698991,0.02067362,0.85989684,0.13807121,0.13807121,1.0,0.0089746285,0.065,-25.136507,1.8918108,0.6306036,0.2,0.0,0.15300046,0.0,0.0,2908800
hardzero_only__c0p58__z1p00__lam0p000__nu0p50__psi0p00,hardzero_only,0.065,55,909,0.0,10,0.02067362,0.029534098,0.8654562,0.13631505,0.13631505,1.0,0.008860478,0.065,-24.864845,1.9040416,0.63468057,0.224,0.0,0.13873513,0.0,0.0,2912000
hardzero_only__c0p58__z1p00__lam0p000__nu0p50__psi0p00,hardzero_only,0.065,55,910,0.0,10,0.029534098,0.038551368,0.8578383,0.13872723,0.13872723,1.0,0.00901727,0.065,-24.98776,1.8872819,0.629094,0.22999999,0.0,0.1526256,0.0,0.0,2915200
hardzero_only__c0p58__z1p00__lam0p000__nu0p50__psi0p00,hardzero_only,0.065,55,911,0.0,10,0.038551368,0.04741925,0.8650933,0.136429,0.136429,1.0,0.008867884,0.065,-24.4017,1.9032433,0.63441443,0.16000001,0.0,0.15203062,0.0,0.0,2918400
hardzero_only__c0p58__z1p00__lam0p000__nu0p50__psi0p00,hardzero_only,0.065,55,912,0.0,10,0.04741925,0.055785276,0.8903943,0.12870806,0.12870806,1.0,0.008366024,0.065,-25.284399,1.9589065,0.6529689,0.296,0.0,0.16293688,0.0,0.0,2921600
hardzero_only__c0p58__z1p00__lam0p000__nu0p50__psi0p00,hardzero_only,0.065,55,913,0.0,10,0.055785276,0.06423163,0.8862441,0.12994389,0.12994389,1.0,0.008446353,0.065,-25.232437,1.9497759,0.64992535,0.17600001,0.0,0.14588995,0.0,0.0,2924800
hardzero_only__c0p58__z1p00__lam0p000__nu0p50__psi0p00,hardzero_only,0.065,55,914,0.0,10,0.06423163,0.07246509,0.8973305,0.12666872,0.12666872,1.0,0.008233466,0.065,-26.032207,1.9741666,0.65805554,0.17600001,0.0,0.14985983,0.0,0.0,2928000
hardzero_only__c0p58__z1p00__lam0p000__nu0p50__psi0p00,hardzero_only,0.065,55,915,0.0,10,0.07246509,0.080432355,0.91160417,0.12257328,0.12257328,1.0,0.0079672625,0.065,-26.151218,2.0055692,0.6685231,0.2,0.0,0.1647052,0.0,0.0,2931200
hardzero_only__c0p58__z1p00__lam0p000__nu0p50__psi0p00,hardzero_only,0.065,55,916,0.0,10,0.080432355,0.0883833,0.9124943,0.1223223,0.1223223,1.0,0.0079509495,0.065,-26.393105,2.0075276,0.66917586,0.2,0.0,0.1553366,0.0,0.0,2934400
hardzero_only__c0p58__z1p00__lam0p000__nu0p50__psi0p00,hardzero_only,0.065,55,917,0.0,10,0.0883833,0.09687131,0.88410753,0.13058476,0.13058476,1.0,0.008488009,0.065,-25.423899,1.9450754,0.64835846,0.2,0.0,0.156067,0.0,0.0,2937600
hardzero_only__c0p58__z1p00__lam0p000__nu0p50__psi0p00,hardzero_only,0.065,55,918,0.0,10,0.09687131,0.1065072,0.82902145,0.14824449,0.14824449,1.0,0.009635891,0.065,-24.63592,1.8238837,0.60796124,0.192,0.0,0.1342032,0.0,0.0,2940800
hardzero_only__c0p58__z1p00__lam0p000__nu0p50__psi0p00,hardzero_only,0.065,55,919,0.0,10,0.1065072,0.11529585,0.8689909,0.13521008,0.13521008,1.0,0.008788655,0.065,-24.950426,1.9118181,0.6372727,0.28,0.0,0.14890943,0.0,0.0,2944000
hardzero_only__c0p58__z1p00__lam0p000__nu0p50__psi0p00,hardzero_only,0.065,55,920,0.0,10,0.11529585,0.12397281,0.87454563,0.13349174,0.13349174,1.0,0.008676963,0.065,-25.16752,1.9240388,0.6413463,0.264,0.0,0.15054475,0.0,0.0,2947200
hardzero_only__c0p58__z1p00__lam0p000__nu0p50__psi0p00,hardzero_only,0.065,55,921,0.0,10,0.12397281,0.1332217,0.84682345,0.1422907,0.1422907,1.0,0.009248895,0.065,-25.461697,1.8630488,0.62101626,0.272,0.0,0.15570071,0.0,0.0,2950400
hardzero_only__c0p58__z1p00__lam0p000__nu0p50__psi0p00,hardzero_only,0.065,55,922,0.0,10,0.1332217,0.14214867,0.8622089,0.13733812,0.13733812,1.0,0.008926977,0.065,-24.915257,1.8968974,0.6322992,0.17600001,0.0,0.13350667,0.0,0.0,2953600
hardzero_only__c0p58__z1p00__lam0p000__nu0p50__psi0p00,hardzero_only,0.065,55,923,0.0,10,0.14214867,0.15099336,0.86623085,0.13607211,0.13607211,1.0,0.008844687,0.065,-25.178934,1.9057459,0.63524866,0.19999999,0.0,0.1436173,0.0,0.0,2956800
hardzero_only__c0p58__z1p00__lam0p000__nu0p50__psi0p00,hardzero_only,0.065,55,924,0.0,10,0.15099336,0.15982372,0.86693555,0.1358515,0.1358515,1.0,0.008830347,0.065,-25.586546,1.9072963,0.63576543,0.208,0.0,0.1681131,0.0,0.0,2960000
hardzero_only__c0p58__z1p00__lam0p000__nu0p50__psi0p00,hardzero_only,0.065,55,925,0.0,10,0.15982372,0.16865708,0.86678743,0.13589785,0.13589785,1.0,0.00883336,0.065,-25.182426,1.9069704,0.63565683,0.272,0.0,0.17340735,0.0,0.0,2963200
hardzero_only__c0p58__z1p00__lam0p000__nu0p50__psi0p00,hardzero_only,0.065,55,926,0.0,10,0.16865708,0.17768556,0.8572986,0.13889971,0.13889971,1.0,0.009028481,0.065,-25.162872,1.8860946,0.6286982,0.264,0.0,0.16013825,0.0,0.0,2966400
hardzero_only__c0p58__z1p00__lam0p000__nu0p50__psi0p00,hardzero_only,0.065,55,927,0.0,10,0.17768556,0.18655649,0.8649442,0.13647585,0.13647585,1.0,0.0088709295,0.065,-24.855972,1.9029152,0.6343051,0.216,0.0,0.15920596,0.0,0.0,2969600
hardzero_only__c0p58__z1p00__lam0p000__nu0p50__psi0p00,hardzero_only,0.065,55,928,0.0,10,0.18655649,0.19485393,0.8939688,0.12765305,0.12765305,1.0,0.008297448,0.065,-25.576365,1.9667706,0.65559024,0.192,0.0,0.1832854,0.0,0.0,2972800
hardzero_only__c0p58__z1p00__lam0p000__nu0p50__psi0p00,hardzero_only,0.065,55,929,0.0,10,0.19485393,0.20321482,0.8906609,0.12862906,0.12862906,1.0,0.008360889,0.065,-25.883965,1.959493,0.6531644,0.30400002,0.0,0.17715342,0.0,0.0,2976000
hardzero_only__c0p58__z1p00__lam0p000__nu0p50__psi0p00,hardzero_only,0.065,55,930,0.0,10,0.20321482,0.21110307,0.91593325,0.12135752,0.12135752,1.0,0.007888239,0.065,-25.67788,2.0150933,0.6716978,0.17600001,0.0,0.15893579,0.0,0.0,2979200
hardzero_only__c0p58__z1p00__lam0p000__nu0p50__psi0p00,hardzero_only,0.065,55,931,0.0,10,0.21110307,0.2193179,0.89831465,0.12638204,0.12638204,1.0,0.008214832,0.065,-26.323969,1.9763317,0.65877724,0.24800001,0.0,0.17933647,0.0,0.0,2982400
hardzero_only__c0p58__z1p00__lam0p000__nu0p50__psi0p00,hardzero_only,0.065,55,932,0.0,10,0.2193179,0.22857504,0.8464363,0.14241761,0.14241761,1.0,0.009257144,0.065,-25.132685,1.862197,0.62073237,0.2,0.0,0.14865817,0.0,0.0,2985600
hardzero_only__c0p58__z1p00__lam0p000__nu0p50__psi0p00,hardzero_only,0.065,55,933,0.0,10,0.22857504,0.23773749,0.85090154,0.14096083,0.14096083,1.0,0.009162453,0.065,-25.25462,1.8720208,0.624007,0.272,0.0,0.14699802,0.0,0.0,2988800
hardzero_only__c0p58__z1p00__lam0p000__nu0p50__psi0p00,hardzero_only,0.065,55,934,0.0,10,0.23773749,0.24692814,0.8495673,0.14139456,0.14139456,1.0,0.009190646,0.065,-25.164394,1.8690853,0.62302846,0.192,0.0,0.14354227,0.0,0.0,2992000
hardzero_only__c0p58__z1p00__lam0p000__nu0p50__psi0p00,hardzero_only,0.065,55,935,0.0,10,0.24692814,0.25655314,0.8295122,0.14807707,0.14807707,1.0,0.009625009,0.065,-24.563147,1.8249632,0.6083211,0.272,0.0,0.15263437,0.0,0.0,2995200
hardzero_only__c0p58__z1p00__lam0p000__nu0p50__psi0p00,hardzero_only,0.065,55,936,0.0,10,0.25655314,0.26421428,0.92861986,0.11786372,0.11786372,1.0,0.0076611415,0.065,-25.617,2.0430045,0.68100154,0.11,0.0,0.16418202,0.0,0.0,2998400
hardzero_only__c0p58__z1p00__lam0p000__nu0p50__psi0p00,hardzero_only,0.065,55,937,0.0,10,0.26421428,0.27282655,0.8777951,0.13249664,0.13249664,1.0,0.008612282,0.065,-25.814322,1.9311877,0.64372927,0.17600001,0.0,0.15544456,0.0,0.0,3001600
hardzero_only__c0p58__z1p00__lam0p000__nu0p50__psi0p00,hardzero_only,0.065,55,938,0.0,10,0.27282655,0.28169993,0.864825,0.1365133,0.1365133,1.0,0.008873364,0.065,-25.132132,1.902653,0.6342177,0.18400002,0.0,0.15173744,0.0,0.0,3004800
hardzero_only__c0p58__z1p00__lam0p000__nu0p50__psi0p00,hardzero_only,0.065,55,939,0.0,10,0.28169993,0.29092336,0.84802127,0.1418988,0.1418988,1.0,0.009223421,0.065,-24.940813,1.865684,0.6218947,0.296,0.0,0.16754949,0.0,0.0,3008000
hardzero_only__c0p58__z1p00__lam0p000__nu0p50__psi0p00,hardzero_only,0.065,55,940,0.0,10,0.29092336,0.29958728,0.8751992,0.13329099,0.13329099,1.0,0.008663914,0.065,-25.42427,1.9254767,0.64182556,0.192,0.0,0.1360348,0.0,0.0,3011200
hardzero_only__c0p58__z1p00__lam0p000__nu0p50__psi0p00,hardzero_only,0.065,55,941,0.0,10,0.29958728,0.30771783,0.90279293,0.12508553,0.12508553,1.0,0.00813056,0.065,-25.591942,1.9861841,0.6620614,0.16000001,0.0,0.14258967,0.0,0.0,3014400
hardzero_only__c0p58__z1p00__lam0p000__nu0p50__psi0p00,hardzero_only,0.065,55,942,0.0,10,0.30771783,0.3166164,0.8635942,0.13690075,0.13690075,1.0,0.008898549,0.065,-25.23801,1.8999451,0.6333151,0.18400002,0.0,0.13546845,0.0,0.0,3017600
hardzero_only__c0p58__z1p00__lam0p000__nu0p50__psi0p00,hardzero_only,0.065,55,943,0.0,10,0.3166164,0.32529974,0.8742264,0.13358988,0.13358988,1.0,0.008683342,0.065,-25.070297,1.9233365,0.6411122,0.16000001,0.0,0.1491482,0.0,0.0,3020800
hardzero_only__c0p58__z1p00__lam0p000__nu0p50__psi0p00,hardzero_only,0.065,55,944,0.0,10,0.32529974,0.33361253,0.8931659,0.12788926,0.12788926,1.0,0.008312802,0.065,-25.603504,1.9650042,0.6550014,0.16800001,0.0,0.15479869,0.0,0.0,3024000
hardzero_only__c0p58__z1p00__lam0p000__nu0p50__psi0p00,hardzero_only,0.065,55,945,0.0,10,0.33361253,0.34217525,0.8803013,0.13173424,0.13173424,1.0,0.008562725,0.065,-25.788855,1.9367015,0.6455672,0.24800001,0.0,0.15106624,0.0,0.0,3027200
hardzero_only__c0p58__z1p00__lam0p000__nu0p50__psi0p00,hardzero_only,0.065,55,946,0.0,10,0.34217525,0.3505545,0.8897084,0.1289115,0.1289115,1.0,0.008379247,0.065,-25.178186,1.9573976,0.6524659,0.136,0.0,0.15230186,0.0,0.0,3030400
hardzero_only__c0p58__z1p00__lam0p000__nu0p50__psi0p00,hardzero_only,0.065,55,947,0.0,10,0.3505545,0.35809377,0.93558353,0.11598892,0.11598892,1.0,0.0075392793,0.065,-26.520786,2.0583248,0.6861083,0.16800001,0.008,0.15432832,0.0,0.0,3033600
hardzero_only__c0p58__z1p00__lam0p000__nu0p50__psi0p00,hardzero_only,0.065,55,948,0.0,10,0.35809377,0.36720446,0.85336155,0.14016464,0.14016464,1.0,0.009110701,0.065,-24.585981,1.877433,0.625811,0.256,0.008,0.14103353,0.0,0.0,3036800
hardzero_only__c0p58__z1p00__lam0p000__nu0p50__psi0p00,hardzero_only,0.065,55,949,0.0,10,0.36720446,0.37551185,0.8934489,0.12780595,0.12780595,1.0,0.008307386,0.065,-25.811798,1.9656268,0.65520895,0.19999999,0.0,0.15258601,0.0,0.0,3040000
hardzero_only__c0p58__z1p00__lam0p000__nu0p50__psi0p00,hardzero_only,0.065,55,950,0.0,10,0.37551185,0.38480482,0.84475935,0.14296858,0.14296858,1.0,0.009292957,0.065,-24.37632,1.8585076,0.61950254,0.24800001,0.0,0.16879436,0.0,0.0,3043200
hardzero_only__c0p58__z1p00__lam0p000__nu0p50__psi0p00,hardzero_only,0.065,55,951,0.0,10,0.38480482,0.39445323,0.828457,0.14843728,0.14843728,1.0,0.009648423,0.065,-24.767132,1.8226417,0.6075473,0.208,0.0,0.12863478,0.0,0.0,3046400
hardzero_only__c0p58__z1p00__lam0p000__nu0p50__psi0p00,hardzero_only,0.065,55,952,0.0,10,0.39445323,0.40287143,0.88769424,0.12951072,0.12951072,1.0,0.008418196,0.065,-25.998121,1.9529663,0.6509888,0.23200001,0.0,0.14935088,0.0,0.0,3049600
hardzero_only__c0p58__z1p00__lam0p000__nu0p50__psi0p00,hardzero_only,0.065,55,953,0.0,10,0.40287143,0.41226172,0.8402348,0.14446585,0.14446585,1.0,0.00939028,0.065,-25.545893,1.8485535,0.61618453,0.24800001,0.0,0.15306099,0.0,0.0,3052800
hardzero_only__c0p58__z1p00__lam0p000__nu0p50__psi0p00,hardzero_only,0.065,55,954,0.0,10,0.41226172,0.42188856,0.8294301,0.14810506,0.14810506,1.0,0.009626828,0.065,-24.436047,1.8247826,0.60826087,0.256,0.0,0.14706236,0.0,0.0,3056000
hardzero_only__c0p58__z1p00__lam0p000__nu0p50__psi0p00,hardzero_only,0.065,55,955,0.0,10,0.42188856,0.43076977,0.8644412,0.136634,0.136634,1.0,0.00888121,0.065,-24.816008,1.9018086,0.6339362,0.18400002,0.0,0.14609493,0.0,0.0,3059200
hardzero_only__c0p58__z1p00__lam0p000__nu0p50__psi0p00,hardzero_only,0.065,55,956,0.0,10,0.43076977,0.44011274,0.8424284,0.14373802,0.14373802,1.0,0.00934297,0.065,-24.389303,1.8533795,0.6177932,0.30400002,0.0,0.16337402,0.0,0.0,3062400
hardzero_only__c0p58__z1p00__lam0p000__nu0p50__psi0p00,hardzero_only,0.065,55,957,0.0,10,0.44011274,0.44804713,0.913399,0.12206776,0.12206776,1.0,0.007934404,0.065,-26.061281,2.009518,0.6698393,0.224,0.0,0.17703618,0.0,0.0,3065600
hardzero_only__c0p58__z1p00__lam0p000__nu0p50__psi0p00,hardzero_only,0.065,55,958,0.0,10,0.44804713,0.4567587,0.8728159,0.13402446,0.13402446,1.0,0.0087115895,0.065,-25.613369,1.9202334,0.6400778,0.216,0.0,0.2006273,0.0,0.0,3068800
hardzero_only__c0p58__z1p00__lam0p000__nu0p50__psi0p00,hardzero_only,0.065,55,959,0.0,10,0.4567587,0.4646402,0.91630507,0.12125368,0.12125368,1.0,0.007881489,0.065,-25.662455,2.0159113,0.6719705,0.256,0.0,0.16073892,0.0,0.0,3072000
hardzero_only__c0p58__z1p00__lam0p000__nu0p50__psi0p00,hardzero_only,0.065,55,960,0.0,10,0.4646402,0.4742808,0.8288092,0.14831695,0.14831695,1.0,0.009640601,0.065,-25.207747,1.8234166,0.60780555,0.264,0.0,0.16584907,0.0,0.0,3075200
hardzero_only__c0p58__z1p00__lam0p000__nu0p50__psi0p00,hardzero_only,0.065,55,961,0.0,10,0.4742808,0.48210412,0.91952276,0.12035862,0.12035862,1.0,0.00782331,0.065,-25.972805,2.0229905,0.6743302,0.192,0.0,0.13911667,0.0,0.0,3078400
hardzero_only__c0p58__z1p00__lam0p000__nu0p50__psi0p00,hardzero_only,0.065,55,962,0.0,10,0.48210412,0.49100024,0.86371285,0.13686334,0.13686334,1.0,0.008896116,0.065,-25.410608,1.9002062,0.6334021,0.22,0.0,0.13865012,0.0,0.0,3081600
hardzero_only__c0p58__z1p00__lam0p000__nu0p50__psi0p00,hardzero_only,0.065,55,963,0.0,10,0.49100024,0.49944907,0.88611627,0.12998216,0.12998216,1.0,0.00844884,0.065,-24.844126,1.9494947,0.6498316,0.24000001,0.0,0.14649454,0.0,0.0,3084800
hardzero_only__c0p58__z1p00__lam0p000__nu0p50__psi0p00,hardzero_only,0.065,55,964,0.0,10,0.49944907,0.5074532,0.909599,0.1231405,0.1231405,1.0,0.008004132,0.065,-25.41814,2.0011578,0.6670526,0.17600001,0.0,0.14638816,0.0,0.0,3088000
hardzero_only__c0p58__z1p00__lam0p000__nu0p50__psi0p00,hardzero_only,0.065,55,965,0.0,10,0.5074532,0.5162946,0.8663933,0.13602123,0.13602123,1.0,0.00884138,0.065,-25.693478,1.9061034,0.6353678,0.224,0.0,0.15253517,0.0,0.0,3091200
hardzero_only__c0p58__z1p00__lam0p000__nu0p50__psi0p00,hardzero_only,0.065,55,966,0.0,10,0.5162946,0.52581537,0.8342423,0.14647305,0.14647305,1.0,0.009520748,0.065,-24.792927,1.8353697,0.61178994,0.216,0.008,0.15663467,0.0,0.0,3094400
hardzero_only__c0p58__z1p00__lam0p000__nu0p50__psi0p00,hardzero_only,0.065,55,967,0.0,10,0.52581537,0.53410554,0.8943511,0.12754074,0.12754074,1.0,0.008290147,0.065,-25.06686,1.9676118,0.6558706,0.24000001,0.0,0.14625321,0.0,0.0,3097600
hardzero_only__c0p58__z1p00__lam0p000__nu0p50__psi0p00,hardzero_only,0.065,55,968,0.0,10,0.53410554,0.5434516,0.84228384,0.14378586,0.14378586,1.0,0.009346081,0.065,-25.85953,1.8530614,0.61768717,0.36800003,0.0,0.17707399,0.0,0.0,3100800
hardzero_only__c0p58__z1p00__lam0p000__nu0p50__psi0p00,hardzero_only,0.065,55,969,0.0,10,0.5434516,0.5521791,0.8720228,0.13426945,0.13426945,1.0,0.008727513,0.065,-25.387075,1.9184885,0.6394962,0.192,0.0,0.1448821,0.0,0.0,3104000
hardzero_only__c0p58__z1p00__lam0p000__nu0p50__psi0p00,hardzero_only,0.065,55,970,0.0,10,0.5521791,0.56060386,0.8873559,0.12961164,0.12961164,1.0,0.008424756,0.065,-25.745096,1.952222,0.6507407,0.18400002,0.0,0.14081112,0.0,0.0,3107200
hardzero_only__c0p58__z1p00__lam0p000__nu0p50__psi0p00,hardzero_only,0.065,55,971,0.0,10,0.56060386,0.5690241,0.88758993,0.12954183,0.12954183,1.0,0.008420219,0.065,-26.000223,1.9527369,0.6509123,0.256,0.0,0.16539696,0.0,0.0,3110400
hardzero_only__c0p58__z1p00__lam0p000__nu0p50__psi0p00,hardzero_only,0.065,55,972,0.0,10,0.5690241,0.5778763,0.8658608,0.1361881,0.1361881,1.0,0.008852227,0.065,-25.919224,1.9049319,0.63497734,0.192,0.0,0.1485008,0.0,0.0,3113600
hardzero_only__c0p58__z1p00__lam0p000__nu0p50__psi0p00,hardzero_only,0.065,55,973,0.0,10,0.5778763,0.5854364,0.93438745,0.116308786,0.116308786,1.0,0.0075600706,0.065,-26.288076,2.0556934,0.68523115,0.216,0.0,0.15604034,0.0,0.0,3116800
hardzero_only__c0p58__z1p00__lam0p000__nu0p50__psi0p00,hardzero_only,0.065,55,974,1.0,11,0.5854364,0.014522973,0.8545142,0.13979313,0.13979313,1.0,0.009086553,0.065,-25.25303,1.8799688,0.6266563,0.23200001,0.0,0.13428666,0.0,0.0,3120000
hardzero_only__c0p58__z1p00__lam0p000__nu0p50__psi0p00,hardzero_only,0.065,55,975,0.0,11,0.014522973,0.022456747,0.91343355,0.12205804,0.12205804,1.0,0.007933772,0.065,-25.08138,2.009594,0.66986465,0.17,0.0,0.15159231,0.0,0.0,3123200
hardzero_only__c0p58__z1p00__lam0p000__nu0p50__psi0p00,hardzero_only,0.065,55,976,0.0,11,0.022456747,0.031560324,0.8537013,0.14005502,0.14005502,1.0,0.009103576,0.065,-24.853313,1.8781804,0.6260601,0.18400002,0.0,0.14967085,0.0,0.0,3126400
hardzero_only__c0p58__z1p00__lam0p000__nu0p50__psi0p00,hardzero_only,0.065,55,977,0.0,11,0.031560324,0.040264387,0.87319124,0.13390867,0.13390867,1.0,0.0087040635,0.065,-25.81582,1.9210591,0.6403531,0.136,0.0,0.17853127,0.0,0.0,3129600
hardzero_only__c0p58__z1p00__lam0p000__nu0p50__psi0p00,hardzero_only,0.065,55,978,0.0,11,0.040264387,0.04795534,0.9269331,0.118322365,0.118322365,1.0,0.0076909536,0.065,-26.758562,2.0392935,0.6797645,0.24800001,0.0,0.19608514,0.0,0.0,3132800
hardzero_only__c0p58__z1p00__lam0p000__nu0p50__psi0p00,hardzero_only,0.065,55,979,0.0,11,0.04795534,0.05612224,0.9008561,0.12564461,0.12564461,1.0,0.008166899,0.065,-26.17913,1.981923,0.660641,0.256,0.0,0.16978116,0.0,0.0,3136000
hardzero_only__c0p58__z1p00__lam0p000__nu0p50__psi0p00,hardzero_only,0.065,55,980,0.0,11,0.05612224,0.065479375,0.8417705,0.1439559,0.1439559,1.0,0.009357133,0.065,-25.21832,1.8519322,0.61731076,0.192,0.0,0.15849087,0.0,0.0,3139200
hardzero_only__c0p58__z1p00__lam0p000__nu0p50__psi0p00,hardzero_only,0.065,55,981,0.0,11,0.065479375,0.07464282,0.85085446,0.1409761,0.1409761,1.0,0.009163446,0.065,-24.394403,1.8719171,0.6239724,0.2,0.0,0.15193366,0.0,0.0,3142400
hardzero_only__c0p58__z1p00__lam0p000__nu0p50__psi0p00,hardzero_only,0.065,55,982,0.0,11,0.07464282,0.08250532,0.91735256,0.12096158,0.12096158,1.0,0.007862502,0.065,-26.028214,2.018216,0.6727387,0.16800001,0.0,0.18067168,0.0,0.0,3145600
hardzero_only__c0p58__z1p00__lam0p000__nu0p50__psi0p00,hardzero_only,0.065,55,983,0.0,11,0.08250532,0.090902604,0.8887746,0.12918894,0.12918894,1.0,0.008397281,0.065,-25.720926,1.9553431,0.6517811,0.17600001,0.0,0.15927723,0.0,0.0,3148800
hardzero_only__c0p58__z1p00__lam0p000__nu0p50__psi0p00,hardzero_only,0.065,55,984,0.0,11,0.090902604,0.099347,0.8863448,0.12991379,0.12991379,1.0,0.008444396,0.065,-25.72954,1.9499974,0.64999914,0.16800001,0.0,0.17712668,0.0,0.0,3152000
hardzero_only__c0p58__z1p00__lam0p000__nu0p50__psi0p00,hardzero_only,0.065,55,985,0.0,11,0.099347,0.10756628,0.89807945,0.12645048,0.12645048,1.0,0.008219281,0.065,-26.368185,1.9758142,0.65860474,0.256,0.0,0.17467573,0.0,0.0,3155200
hardzero_only__c0p58__z1p00__lam0p000__nu0p50__psi0p00,hardzero_only,0.065,55,986,0.0,11,0.10756628,0.11667883,0.8532736,0.14019303,0.14019303,1.0,0.009112546,0.065,-25.147823,1.8772393,0.6257465,0.264,0.0,0.17413081,0.0,0.0,3158400
hardzero_only__c0p58__z1p00__lam0p000__nu0p50__psi0p00,hardzero_only,0.065,55,987,0.0,11,0.11667883,0.12591997,0.84718776,0.1421714,0.1421714,1.0,0.00924114,0.065,-25.595116,1.8638502,0.6212834,0.24800001,0.0,0.18153417,0.0,0.0,3161600
hardzero_only__c0p58__z1p00__lam0p000__nu0p50__psi0p00,hardzero_only,0.065,55,988,0.0,11,0.12591997,0.13580075,0.81812215,0.15201199,0.15201199,1.0,0.009880779,0.065,-25.023294,1.7999047,0.59996825,0.21,0.0,0.15707482,0.0,0.0,3164800
hardzero_only__c0p58__z1p00__lam0p000__nu0p50__psi0p00,hardzero_only,0.065,55,989,0.0,11,0.13580075,0.14356932,0.9225726,0.11951637,0.11951637,1.0,0.007768564,0.065,-26.275454,2.0297003,0.6765668,0.192,0.0,0.1673157,0.0,0.0,3168000
hardzero_only__c0p58__z1p00__lam0p000__nu0p50__psi0p00,hardzero_only,0.065,55,990,0.0,11,0.14356932,0.15266703,0.85398096,0.13996485,0.13996485,1.0,0.009097715,0.065,-24.692324,1.8787956,0.6262652,0.192,0.0,0.18906775,0.0,0.0,3171200
hardzero_only__c0p58__z1p00__lam0p000__nu0p50__psi0p00,hardzero_only,0.065,55,991,0.0,11,0.15266703,0.16130012,0.8767469,0.13281684,0.13281684,1.0,0.008633094,0.065,-26.19626,1.9288816,0.64296055,0.2,0.0,0.21032088,0.0,0.0,3174400
hardzero_only__c0p58__z1p00__lam0p000__nu0p50__psi0p00,hardzero_only,0.065,55,992,0.0,11,0.16130012,0.17021997,0.86255586,0.13722843,0.13722843,1.0,0.008919847,0.065,-25.476341,1.8976607,0.6325536,0.192,0.0,0.15568198,0.0,0.0,3177600
hardzero_only__c0p58__z1p00__lam0p000__nu0p50__psi0p00,hardzero_only,0.065,55,993,0.0,11,0.17021997,0.17892444,0.8731711,0.1339149,0.1339149,1.0,0.008704469,0.065,-25.637161,1.9210148,0.6403383,0.17600001,0.0,0.18360136,0.0,0.0,3180800
hardzero_only__c0p58__z1p00__lam0p000__nu0p50__psi0p00,hardzero_only,0.065,55,994,0.0,11,0.17892444,0.18743539,0.88293517,0.13093774,0.13093774,1.0,0.008510953,0.065,-25.960203,1.9424962,0.6474987,0.18400002,0.0,0.18636456,0.0,0.0,3184000
hardzero_only__c0p58__z1p00__lam0p000__nu0p50__psi0p00,hardzero_only,0.065,55,995,0.0,11,0.18743539,0.1970811,0.82857865,0.1483957,0.1483957,1.0,0.00964572,0.065,-24.450235,1.8229095,0.6076365,0.2,0.0,0.16864897,0.0,0.0,3187200
hardzero_only__c0p58__z1p00__lam0p000__nu0p50__psi0p00,hardzero_only,0.065,55,996,0.0,11,0.1970811,0.2069303,0.8195126,0.15152608,0.15152608,1.0,0.009849194,0.065,-24.144684,1.8029637,0.6009879,0.23200001,0.0,0.15755565,0.0,0.0,3190400
hardzero_only__c0p58__z1p00__lam0p000__nu0p50__psi0p00,hardzero_only,0.065,55,997,0.0,11,0.2069303,0.21592389,0.8589801,0.13836296,0.13836296,1.0,0.008993592,0.065,-25.53562,1.889794,0.62993133,0.17600001,0.0,0.18120722,0.0,0.0,3193600
hardzero_only__c0p58__z1p00__lam0p000__nu0p50__psi0p00,hardzero_only,0.065,55,998,0.0,11,0.21592389,0.2250851,0.8509605,0.1409417,0.1409417,1.0,0.00916121,0.065,-24.54432,1.8721504,0.62405014,0.224,0.0,0.16454193,0.0,0.0,3196800
hardzero_only__c0p58__z1p00__lam0p000__nu0p50__psi0p00,hardzero_only,0.065,55,999,0.0,11,0.2250851,0.23406571,0.8596069,0.1381634,0.1381634,1.0,0.008980621,0.065,-25.343077,1.891173,0.630391,0.296,0.008,0.17141935,0.0,0.0,3200000
hardzero_only__c0p58__z1p00__lam0p000__nu0p50__psi0p00,hardzero_only,0.065,55,1000,0.0,11,0.23406571,0.24244538,0.8896867,0.12891792,0.12891792,1.0,0.008379664,0.065,-26.334763,1.9573499,0.65244997,0.208,0.0,0.17511216,0.0,0.0,3203200
hardzero_only__c0p58__z1p00__lam0p000__nu0p50__psi0p00,hardzero_only,0.065,55,1001,0.0,11,0.24244538,0.2521215,0.8272116,0.14886354,0.14886354,1.0,0.00967613,0.065,-23.8693,1.819902,0.606634,0.24,0.0,0.16652901,0.0,0.0,3206400
hardzero_only__c0p58__z1p00__lam0p000__nu0p50__psi0p00,hardzero_only,0.065,55,1002,0.0,11,0.2521215,0.2610517,0.86205256,0.13738757,0.13738757,1.0,0.008930192,0.065,-25.826511,1.8965535,0.6321845,0.23200001,0.0,0.21564026,0.0,0.0,3209600
hardzero_only__c0p58__z1p00__lam0p000__nu0p50__psi0p00,hardzero_only,0.065,55,1003,0.0,11,0.2610517,0.2700348,0.85948795,0.13820127,0.13820127,1.0,0.008983082,0.065,-25.641243,1.8909112,0.63030374,0.264,0.008,0.17554602,0.0,0.0,3212800
hardzero_only__c0p58__z1p00__lam0p000__nu0p50__psi0p00,hardzero_only,0.065,55,1004,0.0,11,0.2700348,0.2785935,0.8805041,0.13167277,0.13167277,1.0,0.00855873,0.065,-25.739107,1.9371476,0.6457159,0.2,0.008,0.1843456,0.0,0.0,3216000
hardzero_only__c0p58__z1p00__lam0p000__nu0p50__psi0p00,hardzero_only,0.065,55,1005,0.0,11,0.2785935,0.28749093,0.863649,0.13688345,0.13688345,1.0,0.008897424,0.065,-24.795025,1.9000658,0.63335526,0.24800001,0.0,0.1640272,0.0,0.0,3219200
hardzero_only__c0p58__z1p00__lam0p000__nu0p50__psi0p00,hardzero_only,0.065,55,1006,0.0,11,0.28749093,0.2967245,0.84754455,0.14205465,0.14205465,1.0,0.009233552,0.065,-24.502518,1.8646352,0.6215451,0.208,0.0,0.16468598,0.0,0.0,3222400
hardzero_only__c0p58__z1p00__lam0p000__nu0p50__psi0p00,hardzero_only,0.065,55,1007,0.0,11,0.2967245,0.30490243,0.9002699,0.1258143,0.1258143,1.0,0.00817793,0.065,-25.50303,1.9806334,0.66021115,0.224,0.0,0.18723695,0.0,0.0,3225600
hardzero_only__c0p58__z1p00__lam0p000__nu0p50__psi0p00,hardzero_only,0.065,55,1008,0.0,11,0.30490243,0.3129757,0.9058635,0.12420425,0.12420425,1.0,0.008073276,0.065,-25.77368,1.9929396,0.6643132,0.16800001,0.0,0.17240487,0.0,0.0,3228800
hardzero_only__c0p58__z1p00__lam0p000__nu0p50__psi0p00,hardzero_only,0.065,55,1009,0.0,11,0.3129757,0.32067716,0.9263401,0.118484035,0.118484035,1.0,0.007701462,0.065,-26.74796,2.037989,0.67932963,0.24000001,0.0,0.18540317,0.0,0.0,3232000
hardzero_only__c0p58__z1p00__lam0p000__nu0p50__psi0p00,hardzero_only,0.065,55,1010,0.0,11,0.32067716,0.3298676,0.8495771,0.14139137,0.14139137,1.0,0.009190438,0.065,-24.910881,1.869107,0.62303567,0.23200001,0.0,0.17032705,0.0,0.0,3235200
hardzero_only__c0p58__z1p00__lam0p000__nu0p50__psi0p00,hardzero_only,0.065,55,1011,0.0,11,0.3298676,0.33861896,0.8708378,0.1346363,0.1346363,1.0,0.008751359,0.065,-25.394945,1.9158814,0.6386272,0.17600001,0.0,0.18064827,0.0,0.0,3238400
hardzero_only__c0p58__z1p00__lam0p000__nu0p50__psi0p00,hardzero_only,0.065,55,1012,0.0,11,0.33861896,0.34745944,0.86643803,0.13600722,0.13600722,1.0,0.008840469,0.065,-25.50916,1.9062017,0.6354006,0.264,0.0,0.1677358,0.0,0.0,3241600
hardzero_only__c0p58__z1p00__lam0p000__nu0p50__psi0p00,hardzero_only,0.065,55,1013,0.0,11,0.34745944,0.35663483,0.8502894,0.14115965,0.14115965,1.0,0.009175377,0.065,-24.893295,1.870674,0.62355804,0.256,0.0,0.17268746,0.0,0.0,3244800
hardzero_only__c0p58__z1p00__lam0p000__nu0p50__psi0p00,hardzero_only,0.065,55,1014,0.0,11,0.35663483,0.36389476,0.9519812,0.111691155,0.111691155,1.0,0.007259925,0.065,-26.691162,2.0944004,0.69813347,0.17,0.0,0.17642505,0.0,0.0,3248000
hardzero_only__c0p58__z1p00__lam0p000__nu0p50__psi0p00,hardzero_only,0.065,55,1015,0.0,11,0.36389476,0.37220737,0.89317626,0.1278862,0.1278862,1.0,0.008312603,0.065,-25.68005,1.965027,0.65500903,0.224,0.0,0.19629326,0.0,0.0,3251200
hardzero_only__c0p58__z1p00__lam0p000__nu0p50__psi0p00,hardzero_only,0.065,55,1016,0.0,11,0.37220737,0.38027,0.9064359,0.12404066,0.12404066,1.0,0.008062643,0.065,-25.80461,1.9941988,0.66473293,0.16000001,0.0,0.16183288,0.0,0.0,3254400
hardzero_only__c0p58__z1p00__lam0p000__nu0p50__psi0p00,hardzero_only,0.065,55,1017,0.0,11,0.38027,0.38987425,0.8304498,0.14775772,0.14775772,1.0,0.009604252,0.065,-24.779642,1.8270261,0.6090087,0.23200001,0.0,0.14692894,0.0,0.0,3257600
hardzero_only__c0p58__z1p00__lam0p000__nu0p50__psi0p00,hardzero_only,0.065,55,1018,0.0,11,0.38987425,0.3985592,0.87414527,0.13361485,0.13361485,1.0,0.008684965,0.065,-25.958094,1.923158,0.6410527,0.2,0.0,0.1908815,0.0,0.0,3260800
hardzero_only__c0p58__z1p00__lam0p000__nu0p50__psi0p00,hardzero_only,0.065,55,1019,0.0,11,0.3985592,0.40701333,0.8858457,0.13006316,0.13006316,1.0,0.008454105,0.065,-25.750423,1.9488995,0.64963317,0.192,0.0,0.18721454,0.0,0.0,3264000
hardzero_only__c0p58__z1p00__lam0p000__nu0p50__psi0p00,hardzero_only,0.065,55,1020,0.0,11,0.40701333,0.41679093,0.82268125,0.15042457,0.15042457,1.0,0.009777596,0.065,-24.582018,1.8099349,0.60331166,0.28,0.0,0.15899931,0.0,0.0,3267200
hardzero_only__c0p58__z1p00__lam0p000__nu0p50__psi0p00,hardzero_only,0.065,55,1021,0.0,11,0.41679093,0.42622265,0.838323,0.14510322,0.14510322,1.0,0.009431709,0.065,-24.232624,1.8443475,0.6147825,0.224,0.008,0.17839912,0.0,0.0,3270400
hardzero_only__c0p58__z1p00__lam0p000__nu0p50__psi0p00,hardzero_only,0.065,55,1022,0.0,11,0.42622265,0.43474045,0.8825864,0.13104293,0.13104293,1.0,0.00851779,0.065,-25.019693,1.9417288,0.64724296,0.16000001,0.0,0.16025464,0.0,0.0,3273600
hardzero_only__c0p58__z1p00__lam0p000__nu0p50__psi0p00,hardzero_only,0.065,55,1023,0.0,11,0.43474045,0.44338852,0.87599504,0.13304697,0.13304697,1.0,0.008648053,0.065,-26.178667,1.9272276,0.6424092,0.24000001,0.0,0.17658155,0.0,0.0,3276800
hardzero_only__c0p58__z1p00__lam0p000__nu0p50__psi0p00,hardzero_only,0.065,55,1024,0.0,11,0.44338852,0.45225236,0.865291,0.13636692,0.13636692,1.0,0.00886385,0.065,-24.710548,1.9036782,0.6345594,0.2,0.0,0.16615848,0.0,0.0,3280000
hardzero_only__c0p58__z1p00__lam0p000__nu0p50__psi0p00,hardzero_only,0.065,55,1025,0.0,11,0.45225236,0.4614715,0.84822345,0.14183275,0.14183275,1.0,0.009219129,0.065,-25.40837,1.8661288,0.62204295,0.24800001,0.0,0.17089778,0.0,0.0,3283200
hardzero_only__c0p58__z1p00__lam0p000__nu0p50__psi0p00,hardzero_only,0.065,55,1026,0.0,11,0.4614715,0.46978223,0.89327437,0.12785734,0.12785734,1.0,0.008310727,0.065,-25.435202,1.9652429,0.655081,0.16800001,0.0,0.15745558,0.0,0.0,3286400
hardzero_only__c0p58__z1p00__lam0p000__nu0p50__psi0p00,hardzero_only,0.065,55,1027,0.0,11,0.46978223,0.4778874,0.9041512,0.12469493,0.12469493,1.0,0.00810517,0.065,-25.920559,1.9891723,0.66305745,0.19999999,0.0,0.1592262,0.0,0.0,3289600
hardzero_only__c0p58__z1p00__lam0p000__nu0p50__psi0p00,hardzero_only,0.065,55,1028,0.0,11,0.4778874,0.48708948,0.849026,0.14157088,0.14157088,1.0,0.009202107,0.065,-24.75136,1.8678945,0.62263155,0.24800001,0.0,0.16126631,0.0,0.0,3292800
hardzero_only__c0p58__z1p00__lam0p000__nu0p50__psi0p00,hardzero_only,0.065,55,1029,0.0,11,0.48708948,0.49623528,0.8516915,0.14070466,0.14070466,1.0,0.009145803,0.065,-25.282516,1.8737587,0.6245862,0.208,0.0,0.18481427,0.0,0.0,3296000
hardzero_only__c0p58__z1p00__lam0p000__nu0p50__psi0p00,hardzero_only,0.065,55,1030,0.0,11,0.49623528,0.5049334,0.8734874,0.13381739,0.13381739,1.0,0.00869813,0.065,-25.171696,1.9217107,0.6405703,0.264,0.0,0.17261522,0.0,0.0,3299200
hardzero_only__c0p58__z1p00__lam0p000__nu0p50__psi0p00,hardzero_only,0.065,55,1031,0.0,11,0.5049334,0.5142426,0.84400153,0.14321828,0.14321828,1.0,0.0093091875,0.065,-24.204063,1.8568405,0.61894685,0.28800002,0.0,0.16005592,0.0,0.0,3302400
hardzero_only__c0p58__z1p00__lam0p000__nu0p50__psi0p00,hardzero_only,0.065,55,1032,0.0,11,0.5142426,0.52244985,0.89871556,0.12626542,0.12626542,1.0,0.008207252,0.065,-25.877388,1.9772137,0.65907127,0.28800002,0.0,0.15357202,0.0,0.0,3305600
hardzero_only__c0p58__z1p00__lam0p000__nu0p50__psi0p00,hardzero_only,0.065,55,1033,0.0,11,0.52244985,0.5313456,0.86373085,0.13685767,0.13685767,1.0,0.008895748,0.065,-25.16042,1.9002458,0.6334153,0.16000001,0.0,0.17880024,0.0,0.0,3308800
hardzero_only__c0p58__z1p00__lam0p000__nu0p50__psi0p00,hardzero_only,0.065,55,1034,0.0,11,0.5313456,0.5401259,0.8694034,0.13508172,0.13508172,1.0,0.008780312,0.065,-26.262598,1.9127257,0.63757527,0.208,0.0,0.17357457,0.0,0.0,3312000
hardzero_only__c0p58__z1p00__lam0p000__nu0p50__psi0p00,hardzero_only,0.065,55,1035,0.0,11,0.5401259,0.5489876,0.865395,0.13633426,0.13633426,1.0,0.008861726,0.065,-25.405527,1.9039071,0.6346357,0.216,0.0,0.18086247,0.0,0.0,3315200
hardzero_only__c0p58__z1p00__lam0p000__nu0p50__psi0p00,hardzero_only,0.065,55,1036,0.0,11,0.5489876,0.5579078,0.8625382,0.13723402,0.13723402,1.0,0.00892021,0.065,-25.220459,1.897622,0.6325407,0.16800001,0.0,0.17611697,0.0,0.0,3318400
hardzero_only__c0p58__z1p00__lam0p000__nu0p50__psi0p00,hardzero_only,0.065,55,1037,0.0,11,0.5579078,0.5674249,0.8344108,0.14641622,0.14641622,1.0,0.009517054,0.065,-24.511576,1.8357404,0.6119135,0.2,0.0,0.15996544,0.0,0.0,3321600
hardzero_only__c0p58__z1p00__lam0p000__nu0p50__psi0p00,hardzero_only,0.065,55,1038,0.0,11,0.5674249,0.57596904,0.881245,0.1314483,0.1314483,1.0,0.00854414,0.065,-26.243193,1.9387778,0.6462593,0.17600001,0.0,0.175011,0.0,0.0,3324800
hardzero_only__c0p58__z1p00__lam0p000__nu0p50__psi0p00,hardzero_only,0.065,55,1039,0.0,11,0.57596904,0.58425707,0.8944638,0.12750766,0.12750766,1.0,0.008287997,0.065,-25.929,1.9678596,0.6559532,0.23200001,0.0,0.1849145,0.0,0.0,3328000
hardzero_only__c0p58__z1p00__lam0p000__nu0p50__psi0p00,hardzero_only,0.065,55,1040,1.0,12,0.58425707,0.01348222,0.8479405,0.14192519,0.14192519,1.0,0.009225137,0.065,-25.577219,1.8655064,0.6218355,0.22999999,0.0,0.15587276,0.0,0.0,3331200
hardzero_only__c0p58__z1p00__lam0p000__nu0p50__psi0p00,hardzero_only,0.065,55,1041,0.0,12,0.01348222,0.022362825,0.8644708,0.1366247,0.1366247,1.0,0.008880605,0.065,-25.274921,1.9018737,0.6339579,0.208,0.0,0.19010529,0.0,0.0,3334400
hardzero_only__c0p58__z1p00__lam0p000__nu0p50__psi0p00,hardzero_only,0.065,55,1042,0.0,12,0.022362825,0.031783145,0.8388477,0.14492801,0.14492801,1.0,0.00942032,0.065,-24.63772,1.8455018,0.61516726,0.208,0.0,0.1886244,0.0,0.0,3337600
hardzero_only__c0p58__z1p00__lam0p000__nu0p50__psi0p00,hardzero_only,0.065,55,1043,0.0,12,0.031783145,0.041583933,0.82165223,0.1507814,0.1507814,1.0,0.00980079,0.065,-24.768091,1.807671,0.602557,0.24000001,0.008,0.19285798,0.0,0.0,3340800
hardzero_only__c0p58__z1p00__lam0p000__nu0p50__psi0p00,hardzero_only,0.065,55,1044,0.0,12,0.041583933,0.05070951,0.8526531,0.14039347,0.14039347,1.0,0.0091255745,0.065,-25.455084,1.8758743,0.62529147,0.256,0.0,0.17553422,0.0,0.0,3344000
hardzero_only__c0p58__z1p00__lam0p000__nu0p50__psi0p00,hardzero_only,0.065,55,1045,0.0,12,0.05070951,0.05965903,0.8611135,0.13768496,0.13768496,1.0,0.008949522,0.065,-25.099264,1.8944875,0.63149583,0.24800001,0.0,0.1933124,0.0,0.0,3347200
hardzero_only__c0p58__z1p00__lam0p000__nu0p50__psi0p00,hardzero_only,0.065,55,1046,0.0,12,0.05965903,0.06787521,0.8982436,0.1264027,0.1264027,1.0,0.008216175,0.065,-25.495497,1.9761754,0.65872514,0.14400001,0.0,0.18591085,0.0,0.0,3350400
hardzero_only__c0p58__z1p00__lam0p000__nu0p50__psi0p00,hardzero_only,0.065,55,1047,0.0,12,0.06787521,0.07599443,0.9033988,0.12491113,0.12491113,1.0,0.008119223,0.065,-25.384226,1.9875171,0.66250575,0.224,0.0,0.18578312,0.0,0.0,3353600
hardzero_only__c0p58__z1p00__lam0p000__nu0p50__psi0p00,hardzero_only,0.065,55,1048,0.0,12,0.07599443,0.08528582,0.8448328,0.14294443,0.14294443,1.0,0.009291387,0.065,-25.36906,1.8586693,0.6195564,0.224,0.008,0.20370063,0.0,0.0,3356800
hardzero_only__c0p58__z1p00__lam0p000__nu0p50__psi0p00,hardzero_only,0.065,55,1049,0.0,12,0.08528582,0.09357631,0.89433306,0.12754603,0.12754603,1.0,0.008290491,0.065,-25.790659,1.967572,0.6558573,0.16000001,0.0,0.1945575,0.0,0.0,3360000
hardzero_only__c0p58__z1p00__lam0p000__nu0p50__psi0p00,hardzero_only,0.065,55,1050,0.0,12,0.09357631,0.10294258,0.8413468,0.14409642,0.14409642,1.0,0.009366267,0.065,-24.29494,1.851,0.617,0.256,0.0,0.16786756,0.0,0.0,3363200
hardzero_only__c0p58__z1p00__lam0p000__nu0p50__psi0p00,hardzero_only,0.065,55,1051,0.0,12,0.10294258,0.11258919,0.8285386,0.1484094,0.1484094,1.0,0.00964661,0.065,-24.682869,1.8228213,0.6076071,0.2,0.0,0.18210429,0.0,0.0,3366400
hardzero_only__c0p58__z1p00__lam0p000__nu0p50__psi0p00,hardzero_only,0.065,55,1052,0.0,12,0.11258919,0.1216849,0.85407656,0.13993406,0.13993406,1.0,0.0090957135,0.065,-25.981335,1.8790059,0.6263353,0.192,0.0,0.20658393,0.0,0.0,3369600
hardzero_only__c0p58__z1p00__lam0p000__nu0p50__psi0p00,hardzero_only,0.065,55,1053,0.0,12,0.1216849,0.13107225,0.84037054,0.1444207,0.1444207,1.0,0.009387345,0.065,-24.953667,1.8488522,0.6162841,0.25,0.0,0.16259766,0.0,0.0,3372800
hardzero_only__c0p58__z1p00__lam0p000__nu0p50__psi0p00,hardzero_only,0.065,55,1054,0.0,12,0.13107225,0.14081793,0.8241017,0.14993337,0.14993337,1.0,0.009745669,0.065,-24.592741,1.8130599,0.6043533,0.296,0.0,0.18869801,0.0,0.0,3376000
hardzero_only__c0p58__z1p00__lam0p000__nu0p50__psi0p00,hardzero_only,0.065,55,1055,0.0,12,0.14081793,0.1491749,0.890864,0.1285689,0.1285689,1.0,0.008356978,0.065,-26.17131,1.95994,0.65331334,0.224,0.0,0.1927081,0.0,0.0,3379200
hardzero_only__c0p58__z1p00__lam0p000__nu0p50__psi0p00,hardzero_only,0.065,55,1056,0.0,12,0.1491749,0.15797031,0.86865747,0.13531393,0.13531393,1.0,0.008795405,0.065,-24.976,1.9110845,0.6370282,0.296,0.0,0.19217329,0.0,0.0,3382400
hardzero_only__c0p58__z1p00__lam0p000__nu0p50__psi0p00,hardzero_only,0.065,55,1057,0.0,12,0.15797031,0.16724856,0.8454468,0.14274244,0.14274244,1.0,0.009278258,0.065,-24.621181,1.8600202,0.62000674,0.23200001,0.0,0.17979571,0.0,0.0,3385600
hardzero_only__c0p58__z1p00__lam0p000__nu0p50__psi0p00,hardzero_only,0.065,55,1058,0.0,12,0.16724856,0.17529659,0.9072242,0.12381573,0.12381573,1.0,0.008048022,0.065,-25.317408,1.995933,0.66531104,0.23200001,0.0,0.1934139,0.0,0.0,3388800
hardzero_only__c0p58__z1p00__lam0p000__nu0p50__psi0p00,hardzero_only,0.065,55,1059,0.0,12,0.17529659,0.18423145,0.86182594,0.13745928,0.13745928,1.0,0.008934853,0.065,-24.669512,1.896055,0.6320183,0.17600001,0.0,0.1769957,0.0,0.0,3392000
hardzero_only__c0p58__z1p00__lam0p000__nu0p50__psi0p00,hardzero_only,0.065,55,1060,0.0,12,0.18423145,0.19247167,0.89697456,0.1267726,0.1267726,1.0,0.008240218,0.065,-26.22867,1.9733834,0.6577945,0.18400002,0.0,0.18586896,0.0,0.0,3395200
hardzero_only__c0p58__z1p00__lam0p000__nu0p50__psi0p00,hardzero_only,0.065,55,1061,0.0,12,0.19247167,0.20084019,0.89026415,0.1287466,0.1287466,1.0,0.008368528,0.065,-25.81755,1.9586202,0.6528734,0.208,0.0,0.22151932,0.0,0.0,3398400
hardzero_only__c0p58__z1p00__lam0p000__nu0p50__psi0p00,hardzero_only,0.065,55,1062,0.0,12,0.20084019,0.21041647,0.83171666,0.14732733,0.14732733,1.0,0.009576276,0.065,-24.893446,1.8298131,0.6099377,0.192,0.0,0.1714019,0.0,0.0,3401600
hardzero_only__c0p58__z1p00__lam0p000__nu0p50__psi0p00,hardzero_only,0.065,55,1063,0.0,12,0.21041647,0.21911171,0.8736311,0.13377312,0.13377312,1.0,0.008695252,0.065,-25.55698,1.9220269,0.64067566,0.264,0.0,0.19289185,0.0,0.0,3404800
hardzero_only__c0p58__z1p00__lam0p000__nu0p50__psi0p00,hardzero_only,0.065,55,1064,0.0,12,0.21911171,0.2275264,0.88787514,0.1294568,0.1294568,1.0,0.008414692,0.065,-25.802372,1.9533644,0.6511215,0.216,0.0,0.17859958,0.0,0.0,3408000
hardzero_only__c0p58__z1p00__lam0p000__nu0p50__psi0p00,hardzero_only,0.065,55,1065,0.0,12,0.2275264,0.23589227,0.8904025,0.1287056,0.1287056,1.0,0.008365864,0.065,-26.043428,1.9589247,0.6529749,0.16000001,0.0,0.1932703,0.0,0.0,3411200
hardzero_only__c0p58__z1p00__lam0p000__nu0p50__psi0p00,hardzero_only,0.065,55,1066,0.0,12,0.23589227,0.2446731,0.8693777,0.13508974,0.13508974,1.0,0.008780832,0.065,-25.98713,1.9126691,0.6375564,0.22,0.0,0.16693957,0.0,0.0,3414400
hardzero_only__c0p58__z1p00__lam0p000__nu0p50__psi0p00,hardzero_only,0.065,55,1067,0.0,12,0.2446731,0.2530258,0.89108664,0.12850302,0.12850302,1.0,0.008352696,0.065,-26.163696,1.9604298,0.6534766,0.2,0.0,0.18652591,0.0,0.0,3417600
hardzero_only__c0p58__z1p00__lam0p000__nu0p50__psi0p00,hardzero_only,0.065,55,1068,0.0,12,0.2530258,0.26082572,0.9208235,0.11999868,0.11999868,1.0,0.0077999136,0.065,-26.027164,2.0258522,0.6752841,0.14400001,0.0,0.1822577,0.0,0.0,3420800
hardzero_only__c0p58__z1p00__lam0p000__nu0p50__psi0p00,hardzero_only,0.065,55,1069,0.0,12,0.26082572,0.27065203,0.8205232,0.15117387,0.15117387,1.0,0.009826302,0.065,-24.082426,1.8051871,0.60172904,0.28800002,0.016,0.18261078,0.0,0.0,3424000
hardzero_only__c0p58__z1p00__lam0p000__nu0p50__psi0p00,hardzero_only,0.065,55,1070,0.0,12,0.27065203,0.27951777,0.8651986,0.13639593,0.13639593,1.0,0.0088657355,0.065,-24.813837,1.9034749,0.6344917,0.224,0.0,0.18590125,0.0,0.0,3427200
hardzero_only__c0p58__z1p00__lam0p000__nu0p50__psi0p00,hardzero_only,0.065,55,1071,0.0,12,0.27951777,0.28814235,0.87717456,0.1326861,0.1326861,1.0,0.008624596,0.065,-24.9256,1.9298226,0.6432742,0.208,0.0,0.17663959,0.0,0.0,3430400
hardzero_only__c0p58__z1p00__lam0p000__nu0p50__psi0p00,hardzero_only,0.065,55,1072,0.0,12,0.28814235,0.29718426,0.8566534,0.13910624,0.13910624,1.0,0.009041905,0.065,-24.939068,1.8846751,0.6282251,0.2,0.0,0.1834399,0.0,0.0,3433600
hardzero_only__c0p58__z1p00__lam0p000__nu0p50__psi0p00,hardzero_only,0.065,55,1073,0.0,12,0.29718426,0.3059765,0.8688133,0.13526541,0.13526541,1.0,0.008792251,0.065,-25.23286,1.9114274,0.6371425,0.208,0.0,0.1913893,0.0,0.0,3436800
hardzero_only__c0p58__z1p00__lam0p000__nu0p50__psi0p00,hardzero_only,0.065,55,1074,0.0,12,0.3059765,0.3147507,0.8697068,0.13498738,0.13498738,1.0,0.00877418,0.065,-26.025318,1.9133931,0.6377977,0.264,0.0,0.19576779,0.0,0.0,3440000
hardzero_only__c0p58__z1p00__lam0p000__nu0p50__psi0p00,hardzero_only,0.065,55,1075,0.0,12,0.3147507,0.32307914,0.89234984,0.1281298,0.1281298,1.0,0.008328436,0.065,-25.49479,1.9632088,0.654403,0.17600001,0.0,0.17491354,0.0,0.0,3443200
hardzero_only__c0p58__z1p00__lam0p000__nu0p50__psi0p00,hardzero_only,0.065,55,1076,0.0,12,0.32307914,0.33161855,0.88148504,0.13137569,0.13137569,1.0,0.00853942,0.065,-25.308897,1.9393058,0.64643526,0.28,0.008,0.17632665,0.0,0.0,3446400
hardzero_only__c0p58__z1p00__lam0p000__nu0p50__psi0p00,hardzero_only,0.065,55,1077,0.0,12,0.33161855,0.3412225,0.8304642,0.14775282,0.14775282,1.0,0.009603933,0.065,-24.642069,1.8270577,0.6090193,0.23200001,0.0,0.17379577,0.0,0.0,3449600
hardzero_only__c0p58__z1p00__lam0p000__nu0p50__psi0p00,hardzero_only,0.065,55,1078,0.0,12,0.3412225,0.35003644,0.8677428,0.13559923,0.13559923,1.0,0.008813949,0.065,-24.844028,1.9090723,0.6363574,0.24800001,0.0,0.20128846,0.0,0.0,3452800
hardzero_only__c0p58__z1p00__lam0p000__nu0p50__psi0p00,hardzero_only,0.065,55,1079,0.0,12,0.35003644,0.35847703,0.8865413,0.129855,0.129855,1.0,0.008440576,0.065,-25.801882,1.9504298,0.65014327,0.22,0.0,0.19337146,0.0,0.0,3456000
hardzero_only__c0p58__z1p00__lam0p000__nu0p50__psi0p00,hardzero_only,0.065,55,1080,0.0,12,0.35847703,0.36692324,0.88625073,0.12994191,0.12994191,1.0,0.008446224,0.065,-25.42799,1.9497906,0.64993024,0.216,0.0,0.1768808,0.0,0.0,3459200
hardzero_only__c0p58__z1p00__lam0p000__nu0p50__psi0p00,hardzero_only,0.065,55,1081,0.0,12,0.36692324,0.3760064,0.854677,0.13974072,0.13974072,1.0,0.009083146,0.065,-25.414896,1.880327,0.6267757,0.192,0.0,0.21615618,0.0,0.0,3462400
hardzero_only__c0p58__z1p00__lam0p000__nu0p50__psi0p00,hardzero_only,0.065,55,1082,0.0,12,0.3760064,0.38589966,0.8175737,0.15220407,0.15220407,1.0,0.009893264,0.065,-25.158314,1.7986981,0.59956604,0.28,0.0,0.18880205,0.0,0.0,3465600
hardzero_only__c0p58__z1p00__lam0p000__nu0p50__psi0p00,hardzero_only,0.065,55,1083,0.0,12,0.38589966,0.3951522,0.84665143,0.14234708,0.14234708,1.0,0.00925256,0.065,-24.75545,1.8626703,0.62089014,0.272,0.0,0.18874021,0.0,0.0,3468800
hardzero_only__c0p58__z1p00__lam0p000__nu0p50__psi0p00,hardzero_only,0.065,55,1084,0.0,12,0.3951522,0.40394047,0.8690108,0.1352039,0.1352039,1.0,0.008788253,0.065,-24.927553,1.9118619,0.6372873,0.192,0.0,0.18051034,0.0,0.0,3472000
hardzero_only__c0p58__z1p00__lam0p000__nu0p50__psi0p00,hardzero_only,0.065,55,1085,0.0,12,0.40394047,0.41381398,0.81844246,0.15189993,0.15189993,1.0,0.009873495,0.065,-25.21526,1.8006094,0.60020316,0.264,0.0,0.20042773,0.0,0.0,3475200
hardzero_only__c0p58__z1p00__lam0p000__nu0p50__psi0p00,hardzero_only,0.065,55,1086,0.0,12,0.41381398,0.42294103,0.8525822,0.14041638,0.14041638,1.0,0.009127065,0.065,-24.763325,1.8757184,0.6252395,0.2,0.0,0.19426717,0.0,0.0,3478400
hardzero_only__c0p58__z1p00__lam0p000__nu0p50__psi0p00,hardzero_only,0.065,55,1087,0.0,12,0.42294103,0.43254814,0.8303214,0.14780143,0.14780143,1.0,0.0096070925,0.065,-24.669151,1.8267435,0.6089145,0.216,0.0,0.17846686,0.0,0.0,3481600
hardzero_only__c0p58__z1p00__lam0p000__nu0p50__psi0p00,hardzero_only,0.065,55,1088,0.0,12,0.43254814,0.44242278,0.8183918,0.15191762,0.15191762,1.0,0.009874645,0.065,-24.656927,1.8004979,0.60016596,0.24000001,0.0,0.19379136,0.0,0.0,3484800
hardzero_only__c0p58__z1p00__lam0p000__nu0p50__psi0p00,hardzero_only,0.065,55,1089,0.0,12,0.44242278,0.45065352,0.89747375,0.12662697,0.12662697,1.0,0.008230752,0.065,-26.579643,1.9744817,0.65816057,0.17600001,0.0,0.19925229,0.0,0.0,3488000
hardzero_only__c0p58__z1p00__lam0p000__nu0p50__psi0p00,hardzero_only,0.065,55,1090,0.0,12,0.45065352,0.4594927,0.8665009,0.13598752,0.13598752,1.0,0.008839188,0.065,-26.109442,1.9063401,0.6354467,0.18400002,0.008,0.21372351,0.0,0.0,3491200
hardzero_only__c0p58__z1p00__lam0p000__nu0p50__psi0p00,hardzero_only,0.065,55,1091,0.0,12,0.4594927,0.46957445,0.8093773,0.15510388,0.15510388,1.0,0.010081751,0.065,-24.970861,1.7806656,0.5935552,0.224,0.0,0.20117432,0.0,0.0,3494400
hardzero_only__c0p58__z1p00__lam0p000__nu0p50__psi0p00,hardzero_only,0.065,55,1092,0.0,12,0.46957445,0.47765753,0.9053365,0.12435508,0.12435508,1.0,0.00808308,0.065,-25.98266,1.99178,0.6639267,0.21,0.0,0.17820738,0.0,0.0,3497600
hardzero_only__c0p58__z1p00__lam0p000__nu0p50__psi0p00,hardzero_only,0.065,55,1093,0.0,12,0.47765753,0.4864406,0.8692675,0.13512401,0.13512401,1.0,0.00878306,0.065,-25.018454,1.9124267,0.6374756,0.23200001,0.0,0.2152716,0.0,0.0,3500800
hardzero_only__c0p58__z1p00__lam0p000__nu0p50__psi0p00,hardzero_only,0.065,55,1094,0.0,12,0.4864406,0.4955066,0.85549617,0.13947739,0.13947739,1.0,0.009066029,0.065,-24.645805,1.8821292,0.62737644,0.18400002,0.0,0.18639849,0.0,0.0,3504000
hardzero_only__c0p58__z1p00__lam0p000__nu0p50__psi0p00,hardzero_only,0.065,55,1095,0.0,12,0.4955066,0.50401914,0.88285637,0.1309615,0.1309615,1.0,0.008512497,0.065,-26.103796,1.9423227,0.6474409,0.17600001,0.0,0.2182611,0.0,0.0,3507200
hardzero_only__c0p58__z1p00__lam0p000__nu0p50__psi0p00,hardzero_only,0.065,55,1096,0.0,12,0.50401914,0.5130869,0.8554136,0.13950391,0.13950391,1.0,0.009067754,0.065,-24.41054,1.8819475,0.6273159,0.2,0.0,0.17942168,0.0,0.0,3510400
hardzero_only__c0p58__z1p00__lam0p000__nu0p50__psi0p00,hardzero_only,0.065,55,1097,0.0,12,0.5130869,0.5225884,0.83512366,0.14617607,0.14617607,1.0,0.009501444,0.065,-25.199856,1.8373088,0.6124363,0.208,0.0,0.20486683,0.0,0.0,3513600
hardzero_only__c0p58__z1p00__lam0p000__nu0p50__psi0p00,hardzero_only,0.065,55,1098,0.0,12,0.5225884,0.5323734,0.8223492,0.1505396,0.1505396,1.0,0.009785074,0.065,-23.852951,1.8092043,0.6030681,0.24800001,0.008,0.1747983,0.0,0.0,3516800
hardzero_only__c0p58__z1p00__lam0p000__nu0p50__psi0p00,hardzero_only,0.065,55,1099,0.0,12,0.5323734,0.5417695,0.8399676,0.14455476,0.14455476,1.0,0.009396059,0.065,-24.219059,1.8479656,0.61598855,0.15200001,0.0,0.19519752,0.0,0.0,3520000
hardzero_only__c0p58__z1p00__lam0p000__nu0p50__psi0p00,hardzero_only,0.065,55,1100,0.0,12,0.5417695,0.55015975,0.8891376,0.12908101,0.12908101,1.0,0.0083902655,0.065,-25.333029,1.9561418,0.6520473,0.224,0.0,0.18458131,0.0,0.0,3523200
hardzero_only__c0p58__z1p00__lam0p000__nu0p50__psi0p00,hardzero_only,0.065,55,1101,0.0,12,0.55015975,0.5588399,0.8743858,0.13354088,0.13354088,1.0,0.008680157,0.065,-24.796064,1.9236871,0.64122903,0.16800001,0.0,0.17838213,0.0,0.0,3526400
hardzero_only__c0p58__z1p00__lam0p000__nu0p50__psi0p00,hardzero_only,0.065,55,1102,0.0,12,0.5588399,0.56678367,0.9128865,0.1222119,0.1222119,1.0,0.007943774,0.065,-26.807112,2.0083904,0.6694635,0.24000001,0.0,0.19539225,0.0,0.0,3529600
hardzero_only__c0p58__z1p00__lam0p000__nu0p50__psi0p00,hardzero_only,0.065,55,1103,0.0,12,0.56678367,0.5760361,0.84665865,0.1423447,0.1423447,1.0,0.009252405,0.065,-25.693754,1.8626862,0.6208954,0.28,0.0,0.19066788,0.0,0.0,3532800
hardzero_only__c0p58__z1p00__lam0p000__nu0p50__psi0p00,hardzero_only,0.065,55,1104,0.0,12,0.5760361,0.5850896,0.8560954,0.13928509,0.13928509,1.0,0.00905353,0.065,-25.516111,1.8834474,0.62781584,0.192,0.0,0.18912107,0.0,0.0,3536000
hardzero_only__c0p58__z1p00__lam0p000__nu0p50__psi0p00,hardzero_only,0.065,55,1105,1.0,13,0.5850896,0.014365799,0.8455452,0.14271013,0.14271013,1.0,0.009276158,0.065,-25.092018,1.8602365,0.62007886,0.17,0.0,0.18965217,0.0,0.0,3539200
hardzero_only__c0p58__z1p00__lam0p000__nu0p50__psi0p00,hardzero_only,0.065,55,1106,0.0,13,0.014365799,0.02330587,0.8615724,0.13753955,0.13753955,1.0,0.008940071,0.065,-25.244335,1.8954971,0.63183236,0.24000001,0.0,0.21685201,0.0,0.0,3542400
hardzero_only__c0p58__z1p00__lam0p000__nu0p50__psi0p00,hardzero_only,0.065,55,1107,0.0,13,0.02330587,0.031598218,0.89423585,0.12757458,0.12757458,1.0,0.008292347,0.065,-26.370264,1.9673581,0.65578604,0.18400002,0.0,0.19675282,0.0,0.0,3545600
hardzero_only__c0p58__z1p00__lam0p000__nu0p50__psi0p00,hardzero_only,0.065,55,1108,0.0,13,0.031598218,0.041111372,0.8345889,0.1463562,0.1463562,1.0,0.009513153,0.065,-24.308767,1.8361322,0.6120441,0.2,0.0,0.21084495,0.0,0.0,3548800
hardzero_only__c0p58__z1p00__lam0p000__nu0p50__psi0p00,hardzero_only,0.065,55,1109,0.0,13,0.041111372,0.050101496,0.85914767,0.1383096,0.1383096,1.0,0.008990124,0.065,-24.583456,1.8901626,0.63005424,0.208,0.0,0.19212794,0.0,0.0,3552000
hardzero_only__c0p58__z1p00__lam0p000__nu0p50__psi0p00,hardzero_only,0.065,55,1110,0.0,13,0.050101496,0.05938063,0.84540594,0.1427559,0.1427559,1.0,0.009279133,0.065,-25.10164,1.8599302,0.61997676,0.272,0.0,0.19649056,0.0,0.0,3555200
hardzero_only__c0p58__z1p00__lam0p000__nu0p50__psi0p00,hardzero_only,0.065,55,1111,0.0,13,0.05938063,0.068503976,0.85275906,0.14035922,0.14035922,1.0,0.00912335,0.065,-24.955101,1.8761075,0.6253692,0.272,0.0,0.23037323,0.0,0.0,3558400
hardzero_only__c0p58__z1p00__lam0p000__nu0p50__psi0p00,hardzero_only,0.065,55,1112,0.0,13,0.068503976,0.07769143,0.84971815,0.14134546,0.14134546,1.0,0.009187454,0.065,-24.65097,1.8694173,0.62313914,0.17600001,0.0,0.20208932,0.0,0.0,3561600
hardzero_only__c0p58__z1p00__lam0p000__nu0p50__psi0p00,hardzero_only,0.065,55,1113,0.0,13,0.07769143,0.08688068,0.8496332,0.14137308,0.14137308,1.0,0.00918925,0.065,-25.460508,1.8692304,0.6230768,0.264,0.0,0.22235845,0.0,0.0,3564800
hardzero_only__c0p58__z1p00__lam0p000__nu0p50__psi0p00,hardzero_only,0.065,55,1114,0.0,13,0.08688068,0.09579451,0.8628488,0.1371359,0.1371359,1.0,0.008913833,0.065,-25.10504,1.8983053,0.63276845,0.216,0.008,0.20304997,0.0,0.0,3568000
hardzero_only__c0p58__z1p00__lam0p000__nu0p50__psi0p00,hardzero_only,0.065,55,1115,0.0,13,0.09579451,0.104328856,0.88174295,0.13129768,0.13129768,1.0,0.008534349,0.065,-25.51801,1.9398732,0.64662445,0.208,0.008,0.22710663,0.0,0.0,3571200
hardzero_only__c0p58__z1p00__lam0p000__nu0p50__psi0p00,hardzero_only,0.065,55,1116,0.0,13,0.104328856,0.11414468,0.8209864,0.15101275,0.15101275,1.0,0.009815828,0.065,-25.18694,1.8062061,0.6020687,0.2,0.0,0.22934891,0.0,0.0,3574400
hardzero_only__c0p58__z1p00__lam0p000__nu0p50__psi0p00,hardzero_only,0.065,55,1117,0.0,13,0.11414468,0.12404398,0.8173091,0.15229686,0.15229686,1.0,0.009899295,0.065,-23.800737,1.7981158,0.59937197,0.23200001,0.0,0.1934033,0.0,0.0,3577600
hardzero_only__c0p58__z1p00__lam0p000__nu0p50__psi0p00,hardzero_only,0.065,55,1118,0.0,13,0.12404398,0.1335284,0.835903,0.14591402,0.14591402,1.0,0.009484411,0.065,-25.498796,1.8390234,0.6130078,0.26,0.0,0.20424615,0.0,0.0,3580800
hardzero_only__c0p58__z1p00__lam0p000__nu0p50__psi0p00,hardzero_only,0.065,55,1119,0.0,13,0.1335284,0.14162382,0.90467393,0.12454495,0.12454495,1.0,0.008095421,0.065,-26.036219,1.9903224,0.6634408,0.216,0.0,0.22421199,0.0,0.0,3584000
hardzero_only__c0p58__z1p00__lam0p000__nu0p50__psi0p00,hardzero_only,0.065,55,1120,0.0,13,0.14162382,0.14996111,0.89188814,0.12826607,0.12826607,1.0,0.008337294,0.065,-25.065819,1.9621931,0.6540644,0.224,0.0,0.21225739,0.0,0.0,3587200
hardzero_only__c0p58__z1p00__lam0p000__nu0p50__psi0p00,hardzero_only,0.065,55,1121,0.0,13,0.14996111,0.16009195,0.80726796,0.15585905,0.15585905,1.0,0.0101308385,0.065,-24.432997,1.7760249,0.59200835,0.224,0.0,0.19866315,0.0,0.0,3590400
hardzero_only__c0p58__z1p00__lam0p000__nu0p50__psi0p00,hardzero_only,0.065,55,1122,0.0,13,0.16009195,0.16840132,0.8933455,0.12783639,0.12783639,1.0,0.008309365,0.065,-25.725626,1.9653993,0.6551331,0.208,0.0,0.20862567,0.0,0.0,3593600
hardzero_only__c0p58__z1p00__lam0p000__nu0p50__psi0p00,hardzero_only,0.065,55,1123,0.0,13,0.16840132,0.1773854,0.85943925,0.13821676,0.13821676,1.0,0.008984089,0.065,-26.066141,1.890804,0.63026804,0.256,0.0,0.22908717,0.0,0.0,3596800
hardzero_only__c0p58__z1p00__lam0p000__nu0p50__psi0p00,hardzero_only,0.065,55,1124,0.0,13,0.1773854,0.186208,0.86731726,0.13573214,0.13573214,1.0,0.008822589,0.065,-24.575546,1.9081361,0.6360454,0.192,0.0,0.20094557,0.0,0.0,3600000
hardzero_only__c0p58__z1p00__lam0p000__nu0p50__psi0p00,hardzero_only,0.065,55,1125,0.0,13,0.186208,0.1952638,0.85598594,0.13932018,0.13932018,1.0,0.009055811,0.065,-25.385777,1.8832066,0.62773556,0.24800001,0.0,0.24089643,0.0,0.0,3603200
hardzero_only__c0p58__z1p00__lam0p000__nu0p50__psi0p00,hardzero_only,0.065,55,1126,0.0,13,0.1952638,0.2041197,0.8656809,0.13624454,0.13624454,1.0,0.008855894,0.065,-24.317642,1.904536,0.6348454,0.2,0.0,0.21174274,0.0,0.0,3606400
hardzero_only__c0p58__z1p00__lam0p000__nu0p50__psi0p00,hardzero_only,0.065,55,1127,0.0,13,0.2041197,0.21275157,0.8768084,0.13279803,0.13279803,1.0,0.008631872,0.065,-25.706032,1.9290171,0.6430057,0.208,0.0,0.2171192,0.0,0.0,3609600
hardzero_only__c0p58__z1p00__lam0p000__nu0p50__psi0p00,hardzero_only,0.065,55,1128,0.0,13,0.21275157,0.22244094,0.8266176,0.1490673,0.1490673,1.0,0.009689374,0.065,-23.837269,1.818595,0.6061984,0.28,0.0,0.21240968,0.0,0.0,3612800
hardzero_only__c0p58__z1p00__lam0p000__nu0p50__psi0p00,hardzero_only,0.065,55,1129,0.0,13,0.22244094,0.23127455,0.8667758,0.13590148,0.13590148,1.0,0.008833596,0.065,-25.552504,1.9069449,0.6356483,0.30400002,0.0,0.23890026,0.0,0.0,3616000
hardzero_only__c0p58__z1p00__lam0p000__nu0p50__psi0p00,hardzero_only,0.065,55,1130,0.0,13,0.23127455,0.23963122,0.89088,0.1285642,0.1285642,1.0,0.008356673,0.065,-25.482874,1.9599751,0.6533251,0.192,0.0,0.20319608,0.0,0.0,3619200
hardzero_only__c0p58__z1p00__lam0p000__nu0p50__psi0p00,hardzero_only,0.065,55,1131,0.0,13,0.23963122,0.24957058,0.81555474,0.1529133,0.1529133,1.0,0.009939364,0.065,-23.793232,1.7942562,0.5980854,0.32,0.0,0.19771081,0.0,0.0,3622400
hardzero_only__c0p58__z1p00__lam0p000__nu0p50__psi0p00,hardzero_only,0.065,55,1132,0.0,13,0.24957058,0.2583876,0.8675912,0.13564657,0.13564657,1.0,0.008817026,0.065,-25.731062,1.9087387,0.63624626,0.256,0.0,0.2247197,0.0,0.0,3625600
hardzero_only__c0p58__z1p00__lam0p000__nu0p50__psi0p00,hardzero_only,0.065,55,1133,0.0,13,0.2583876,0.26713204,0.87118095,0.13452996,0.13452996,1.0,0.0087444475,0.065,-25.093693,1.9166363,0.6388788,0.23200001,0.0,0.21662913,0.0,0.0,3628800
hardzero_only__c0p58__z1p00__lam0p000__nu0p50__psi0p00,hardzero_only,0.065,55,1134,0.0,13,0.26713204,0.27648216,0.8420963,0.14384794,0.14384794,1.0,0.009350116,0.065,-24.503775,1.852649,0.61754966,0.264,0.008,0.21411063,0.0,0.0,3632000
hardzero_only__c0p58__z1p00__lam0p000__nu0p50__psi0p00,hardzero_only,0.065,55,1135,0.0,13,0.27648216,0.2848537,0.89010763,0.12879303,0.12879303,1.0,0.008371547,0.065,-26.248495,1.9582759,0.65275866,0.216,0.0,0.23199199,0.0,0.0,3635200
hardzero_only__c0p58__z1p00__lam0p000__nu0p50__psi0p00,hardzero_only,0.065,55,1136,0.0,13,0.2848537,0.294349,0.83540374,0.14608184,0.14608184,1.0,0.009495319,0.065,-24.68407,1.837925,0.6126417,0.312,0.0,0.20380235,0.0,0.0,3638400
hardzero_only__c0p58__z1p00__lam0p000__nu0p50__psi0p00,hardzero_only,0.065,55,1137,0.0,13,0.294349,0.3035623,0.84849846,0.14174297,0.14174297,1.0,0.009213293,0.065,-25.0852,1.8667339,0.62224466,0.208,0.0,0.21427359,0.0,0.0,3641600
hardzero_only__c0p58__z1p00__lam0p000__nu0p50__psi0p00,hardzero_only,0.065,55,1138,0.0,13,0.3035623,0.3125197,0.860732,0.13780595,0.13780595,1.0,0.008957387,0.065,-25.18561,1.8936483,0.6312161,0.224,0.0,0.20188768,0.0,0.0,3644800
hardzero_only__c0p58__z1p00__lam0p000__nu0p50__psi0p00,hardzero_only,0.065,55,1139,0.0,13,0.3125197,0.32081127,0.89427686,0.12756254,0.12756254,1.0,0.008291565,0.065,-25.784323,1.9674484,0.65581614,0.16800001,0.0,0.20489986,0.0,0.0,3648000
hardzero_only__c0p58__z1p00__lam0p000__nu0p50__psi0p00,hardzero_only,0.065,55,1140,0.0,13,0.32081127,0.3303665,0.83267206,0.14700358,0.14700358,1.0,0.009555232,0.065,-25.340248,1.8319151,0.6106384,0.18400002,0.0,0.21172702,0.0,0.0,3651200
hardzero_only__c0p58__z1p00__lam0p000__nu0p50__psi0p00,hardzero_only,0.065,55,1141,0.0,13,0.3303665,0.33962938,0.84616685,0.142506,0.142506,1.0,0.00926289,0.065,-25.350317,1.8616042,0.6205348,0.24000001,0.0,0.2083559,0.0,0.0,3654400
hardzero_only__c0p58__z1p00__lam0p000__nu0p50__psi0p00,hardzero_only,0.065,55,1142,0.0,13,0.33962938,0.3487908,0.85095114,0.14094473,0.14094473,1.0,0.009161407,0.065,-24.951841,1.8721299,0.62404335,0.2,0.0,0.23483078,0.0,0.0,3657600
hardzero_only__c0p58__z1p00__lam0p000__nu0p50__psi0p00,hardzero_only,0.065,55,1143,0.0,13,0.3487908,0.35824084,0.83747864,0.1453856,0.1453856,1.0,0.009450063,0.065,-24.855759,1.8424898,0.6141633,0.24000001,0.0,0.2124551,0.0,0.0,3660800
hardzero_only__c0p58__z1p00__lam0p000__nu0p50__psi0p00,hardzero_only,0.065,55,1144,0.0,13,0.35824084,0.3681798,0.81557214,0.15290716,0.15290716,1.0,0.009938966,0.065,-24.204004,1.7942946,0.5980982,0.24,0.0,0.18930657,0.0,0.0,3664000
hardzero_only__c0p58__z1p00__lam0p000__nu0p50__psi0p00,hardzero_only,0.065,55,1145,0.0,13,0.3681798,0.3774833,0.8442658,0.14313115,0.14313115,1.0,0.009303524,0.065,-24.941563,1.8574219,0.6191406,0.18400002,0.0,0.21430425,0.0,0.0,3667200
hardzero_only__c0p58__z1p00__lam0p000__nu0p50__psi0p00,hardzero_only,0.065,55,1146,0.0,13,0.3774833,0.3871531,0.82749647,0.14876595,0.14876595,1.0,0.009669786,0.065,-25.10447,1.8205286,0.6068429,0.24800001,0.0,0.23564029,0.0,0.0,3670400
hardzero_only__c0p58__z1p00__lam0p000__nu0p50__psi0p00,hardzero_only,0.065,55,1147,0.0,13,0.3871531,0.39563727,0.88430303,0.13052596,0.13052596,1.0,0.008484188,0.065,-25.616789,1.9455055,0.6485019,0.136,0.0,0.22651075,0.0,0.0,3673600
hardzero_only__c0p58__z1p00__lam0p000__nu0p50__psi0p00,hardzero_only,0.065,55,1148,0.0,13,0.39563727,0.40482068,0.84990877,0.14128342,0.14128342,1.0,0.009183422,0.065,-25.719755,1.8698366,0.62327886,0.24800001,0.0,0.22063787,0.0,0.0,3676800
hardzero_only__c0p58__z1p00__lam0p000__nu0p50__psi0p00,hardzero_only,0.065,55,1149,0.0,13,0.40482068,0.4133557,0.8817089,0.13130797,0.13130797,1.0,0.008535018,0.065,-25.542955,1.9397984,0.6465995,0.18400002,0.0,0.20165174,0.0,0.0,3680000
hardzero_only__c0p58__z1p00__lam0p000__nu0p50__psi0p00,hardzero_only,0.065,55,1150,0.0,13,0.4133557,0.42235032,0.8589304,0.1383788,0.1383788,1.0,0.008994621,0.065,-25.136267,1.8896847,0.6298949,0.2,0.0,0.20021234,0.0,0.0,3683200
hardzero_only__c0p58__z1p00__lam0p000__nu0p50__psi0p00,hardzero_only,0.065,55,1151,0.0,13,0.42235032,0.43239164,0.81112224,0.15448195,0.15448195,1.0,0.010041326,0.065,-24.49015,1.7845045,0.59483486,0.192,0.0,0.21542343,0.0,0.0,3686400
hardzero_only__c0p58__z1p00__lam0p000__nu0p50__psi0p00,hardzero_only,0.065,55,1152,0.0,13,0.43239164,0.44033042,0.9131592,0.12213518,0.12213518,1.0,0.007938786,0.065,-25.394754,2.0089903,0.6696634,0.192,0.0,0.1990218,0.0,0.0,3689600
hardzero_only__c0p58__z1p00__lam0p000__nu0p50__psi0p00,hardzero_only,0.065,55,1153,0.0,13,0.44033042,0.44969183,0.84157115,0.144022,0.144022,1.0,0.00936143,0.065,-24.789207,1.8514935,0.6171645,0.208,0.0,0.22465175,0.0,0.0,3692800
hardzero_only__c0p58__z1p00__lam0p000__nu0p50__psi0p00,hardzero_only,0.065,55,1154,0.0,13,0.44969183,0.45864233,0.8610655,0.13770017,0.13770017,1.0,0.008950511,0.065,-25.195393,1.894382,0.63146067,0.256,0.0,0.20488581,0.0,0.0,3696000
hardzero_only__c0p58__z1p00__lam0p000__nu0p50__psi0p00,hardzero_only,0.065,55,1155,0.0,13,0.45864233,0.46753743,0.863763,0.13684754,0.13684754,1.0,0.00889509,0.065,-25.68262,1.9003165,0.6334388,0.256,0.0,0.22075948,0.0,0.0,3699200
hardzero_only__c0p58__z1p00__lam0p000__nu0p50__psi0p00,hardzero_only,0.065,55,1156,0.0,13,0.46753743,0.47632986,0.86880374,0.13526839,0.13526839,1.0,0.008792445,0.065,-25.55379,1.9114064,0.6371355,0.24000001,0.0,0.20531711,0.0,0.0,3702400
hardzero_only__c0p58__z1p00__lam0p000__nu0p50__psi0p00,hardzero_only,0.065,55,1157,0.0,13,0.47632986,0.48614526,0.82100564,0.15100606,0.15100606,1.0,0.009815393,0.065,-24.186987,1.8062484,0.60208285,0.26,0.0,0.18295522,0.0,0.0,3705600
hardzero_only__c0p58__z1p00__lam0p000__nu0p50__psi0p00,hardzero_only,0.065,55,1158,0.0,13,0.48614526,0.49542418,0.8454157,0.14275268,0.14275268,1.0,0.009278923,0.065,-24.934694,1.8599517,0.6199839,0.24800001,0.0,0.2112409,0.0,0.0,3708800
hardzero_only__c0p58__z1p00__lam0p000__nu0p50__psi0p00,hardzero_only,0.065,55,1159,0.0,13,0.49542418,0.50353175,0.9040239,0.124731496,0.124731496,1.0,0.008107547,0.065,-25.717728,1.9888923,0.6629641,0.17600001,0.0,0.20944595,0.0,0.0,3712000
hardzero_only__c0p58__z1p00__lam0p000__nu0p50__psi0p00,hardzero_only,0.065,55,1160,0.0,13,0.50353175,0.512794,0.84619594,0.14249645,0.14249645,1.0,0.009262269,0.065,-25.236723,1.8616682,0.6205561,0.216,0.0,0.20481534,0.0,0.0,3715200
hardzero_only__c0p58__z1p00__lam0p000__nu0p50__psi0p00,hardzero_only,0.065,55,1161,0.0,13,0.512794,0.5226642,0.8185891,0.15184864,0.15184864,1.0,0.009870161,0.065,-24.777199,1.8009319,0.6003107,0.23200001,0.0,0.21270552,0.0,0.0,3718400
hardzero_only__c0p58__z1p00__lam0p000__nu0p50__psi0p00,hardzero_only,0.065,55,1162,0.0,13,0.5226642,0.5318469,0.8499433,0.1412722,0.1412722,1.0,0.0091826925,0.065,-24.760702,1.8699125,0.6233042,0.24000001,0.0,0.22744761,0.0,0.0,3721600
hardzero_only__c0p58__z1p00__lam0p000__nu0p50__psi0p00,hardzero_only,0.065,55,1163,0.0,13,0.5318469,0.5405767,0.8719091,0.1343046,0.1343046,1.0,0.008729799,0.065,-25.081202,1.9182383,0.63941276,0.2,0.0,0.20184709,0.0,0.0,3724800
hardzero_only__c0p58__z1p00__lam0p000__nu0p50__psi0p00,hardzero_only,0.065,55,1164,0.0,13,0.5405767,0.5502009,0.8295493,0.14806442,0.14806442,1.0,0.009624187,0.065,-24.253138,1.825045,0.60834837,0.264,0.0,0.22174989,0.0,0.0,3728000
hardzero_only__c0p58__z1p00__lam0p000__nu0p50__psi0p00,hardzero_only,0.065,55,1165,0.0,13,0.5502009,0.5586115,0.8880833,0.12939477,0.12939477,1.0,0.00841066,0.065,-26.419157,1.9538223,0.6512741,0.208,0.0,0.24396586,0.0,0.0,3731200
hardzero_only__c0p58__z1p00__lam0p000__nu0p50__psi0p00,hardzero_only,0.065,55,1166,0.0,13,0.5586115,0.5679054,0.84471375,0.1429836,0.1429836,1.0,0.009293933,0.065,-24.653103,1.8584074,0.61946917,0.264,0.0,0.20690101,0.0,0.0,3734400
hardzero_only__c0p58__z1p00__lam0p000__nu0p50__psi0p00,hardzero_only,0.065,55,1167,0.0,13,0.5679054,0.5788127,0.7751966,0.16780442,0.16780442,1.0,0.010907287,0.065,-23.098518,1.7054666,0.5684889,0.256,0.0,0.21113366,0.0,0.0,3737600
hardzero_only__c0p58__z1p00__lam0p000__nu0p50__psi0p00,hardzero_only,0.065,55,1168,0.0,13,0.5788127,0.58827055,0.837121,0.14550537,0.14550537,1.0,0.009457849,0.065,-24.505142,1.8417029,0.613901,0.216,0.0,0.19506983,0.0,0.0,3740800
hardzero_only__c0p58__z1p00__lam0p000__nu0p50__psi0p00,hardzero_only,0.065,55,1169,1.0,14,0.58827055,0.017342506,0.8552129,0.13956837,0.13956837,1.0,0.009071944,0.065,-24.730425,1.881506,0.62716866,0.24800001,0.0,0.20087515,0.0,0.0,3744000
hardzero_only__c0p58__z1p00__lam0p000__nu0p50__psi0p00,hardzero_only,0.065,55,1170,0.0,14,0.017342506,0.027489975,0.80655557,0.15611494,0.15611494,1.0,0.01014747,0.065,-23.704624,1.7744577,0.5914859,0.22999999,0.01,0.19638422,0.0,0.0,3747200
hardzero_only__c0p58__z1p00__lam0p000__nu0p50__psi0p00,hardzero_only,0.065,55,1171,0.0,14,0.027489975,0.03809005,0.78760433,0.1630781,0.1630781,1.0,0.010600076,0.065,-23.288328,1.7327641,0.5775881,0.296,0.0,0.25055602,0.0,0.0,3750400
hardzero_only__c0p58__z1p00__lam0p000__nu0p50__psi0p00,hardzero_only,0.065,55,1172,0.0,14,0.03809005,0.047345743,0.8465044,0.14239527,0.14239527,1.0,0.009255692,0.065,-24.737427,1.8623469,0.6207823,0.23200001,0.008,0.24320865,0.0,0.0,3753600
hardzero_only__c0p58__z1p00__lam0p000__nu0p50__psi0p00,hardzero_only,0.065,55,1173,0.0,14,0.047345743,0.057308465,0.81453526,0.15327267,0.15327267,1.0,0.009962724,0.065,-23.725609,1.7920134,0.59733784,0.24800001,0.0,0.24019831,0.0,0.0,3756800
hardzero_only__c0p58__z1p00__lam0p000__nu0p50__psi0p00,hardzero_only,0.065,55,1174,0.0,14,0.057308465,0.06620103,0.86388624,0.1368087,0.1368087,1.0,0.008892565,0.065,-25.62821,1.9005877,0.63352925,0.24000001,0.0,0.25373212,0.0,0.0,3760000
hardzero_only__c0p58__z1p00__lam0p000__nu0p50__psi0p00,hardzero_only,0.065,55,1175,0.0,14,0.06620103,0.0760521,0.81943005,0.1515549,0.1515549,1.0,0.009851068,0.065,-24.236792,1.802782,0.60092735,0.2,0.0,0.23283611,0.0,0.0,3763200
hardzero_only__c0p58__z1p00__lam0p000__nu0p50__psi0p00,hardzero_only,0.065,55,1176,0.0,14,0.0760521,0.08546516,0.8391824,0.14481635,0.14481635,1.0,0.009413063,0.065,-24.971033,1.8462381,0.6154127,0.296,0.0,0.26215965,0.0,0.0,3766400
hardzero_only__c0p58__z1p00__lam0p000__nu0p50__psi0p00,hardzero_only,0.065,55,1177,0.0,14,0.08546516,0.09445666,0.8590813,0.13833071,0.13833071,1.0,0.008991496,0.065,-24.614998,1.8900167,0.6300056,0.24000001,0.008,0.25246936,0.0,0.0,3769600
hardzero_only__c0p58__z1p00__lam0p000__nu0p50__psi0p00,hardzero_only,0.065,55,1178,0.0,14,0.09445666,0.103352785,0.8637124,0.13686348,0.13686348,1.0,0.008896126,0.065,-25.99997,1.9002051,0.63340175,0.272,0.0,0.2669714,0.0,0.0,3772800
hardzero_only__c0p58__z1p00__lam0p000__nu0p50__psi0p00,hardzero_only,0.065,55,1179,0.0,14,0.103352785,0.11266661,0.8437856,0.14328952,0.14328952,1.0,0.009313819,0.065,-24.893732,1.8563653,0.6187885,0.208,0.0,0.25839406,0.0,0.0,3776000
hardzero_only__c0p58__z1p00__lam0p000__nu0p50__psi0p00,hardzero_only,0.065,55,1180,0.0,14,0.11266661,0.12220709,0.83334297,0.14677666,0.14677666,1.0,0.009540482,0.065,-24.82639,1.8333912,0.6111304,0.23200001,0.0,0.23861599,0.0,0.0,3779200
hardzero_only__c0p58__z1p00__lam0p000__nu0p50__psi0p00,hardzero_only,0.065,55,1181,0.0,14,0.12220709,0.13166842,0.8369612,0.14555891,0.14555891,1.0,0.009461328,0.065,-24.65936,1.8413514,0.61378384,0.208,0.008,0.23434383,0.0,0.0,3782400
hardzero_only__c0p58__z1p00__lam0p000__nu0p50__psi0p00,hardzero_only,0.065,55,1182,0.0,14,0.13166842,0.14083983,0.85047716,0.14109863,0.14109863,1.0,0.00917141,0.065,-25.433798,1.8710871,0.62369573,0.28,0.008,0.2674497,0.0,0.0,3785600
hardzero_only__c0p58__z1p00__lam0p000__nu0p50__psi0p00,hardzero_only,0.065,55,1183,0.0,14,0.14083983,0.15110943,0.80136013,0.15799373,0.15799373,1.0,0.0102695925,0.065,-23.096003,1.7630274,0.5876758,0.26999998,0.0,0.21548569,0.0,0.0,3788800
hardzero_only__c0p58__z1p00__lam0p000__nu0p50__psi0p00,hardzero_only,0.065,55,1184,0.0,14,0.15110943,0.16077979,0.8274704,0.14877486,0.14877486,1.0,0.009670366,0.065,-24.352552,1.8204713,0.6068238,0.216,0.0,0.2595193,0.0,0.0,3792000
hardzero_only__c0p58__z1p00__lam0p000__nu0p50__psi0p00,hardzero_only,0.065,55,1185,0.0,14,0.16077979,0.16909151,0.8932226,0.12787257,0.12787257,1.0,0.008311717,0.065,-26.498884,1.9651289,0.655043,0.224,0.0,0.25485626,0.0,0.0,3795200
hardzero_only__c0p58__z1p00__lam0p000__nu0p50__psi0p00,hardzero_only,0.065,55,1186,0.0,14,0.16909151,0.1780157,0.8623447,0.13729517,0.13729517,1.0,0.008924186,0.065,-25.069471,1.8971962,0.6323987,0.208,0.0,0.25479406,0.0,0.0,3798400
hardzero_only__c0p58__z1p00__lam0p000__nu0p50__psi0p00,hardzero_only,0.065,55,1187,0.0,14,0.1780157,0.18708986,0.8551062,0.13960268,0.13960268,1.0,0.009074174,0.065,-24.854704,1.8812711,0.6270904,0.192,0.0,0.23673107,0.0,0.0,3801600
hardzero_only__c0p58__z1p00__lam0p000__nu0p50__psi0p00,hardzero_only,0.065,55,1188,0.0,14,0.18708986,0.19590524,0.86767226,0.13562125,0.13562125,1.0,0.008815381,0.065,-25.410755,1.9089171,0.6363057,0.18400002,0.0,0.25898236,0.0,0.0,3804800
hardzero_only__c0p58__z1p00__lam0p000__nu0p50__psi0p00,hardzero_only,0.065,55,1189,0.0,14,0.19590524,0.20378697,0.91629213,0.12125729,0.12125729,1.0,0.007881723,0.065,-25.959824,2.015883,0.671961,0.192,0.0,0.24329443,0.0,0.0,3808000
hardzero_only__c0p58__z1p00__lam0p000__nu0p50__psi0p00,hardzero_only,0.065,55,1190,0.0,14,0.20378697,0.21304056,0.84660286,0.142363,0.142363,1.0,0.009253594,0.065,-24.670069,1.8625635,0.6208545,0.224,0.0,0.26023728,0.0,0.0,3811200
hardzero_only__c0p58__z1p00__lam0p000__nu0p50__psi0p00,hardzero_only,0.065,55,1191,0.0,14,0.21304056,0.22264989,0.83022016,0.14783588,0.14783588,1.0,0.009609332,0.065,-24.679228,1.8265208,0.6088403,0.23200001,0.0,0.23365995,0.0,0.0,3814400
hardzero_only__c0p58__z1p00__lam0p000__nu0p50__psi0p00,hardzero_only,0.065,55,1192,0.0,14,0.22264989,0.23195341,0.8442655,0.14313126,0.14313126,1.0,0.009303532,0.065,-24.690529,1.8574213,0.61914045,0.256,0.0,0.2526507,0.0,0.0,3817600
hardzero_only__c0p58__z1p00__lam0p000__nu0p50__psi0p00,hardzero_only,0.065,55,1193,0.0,14,0.23195341,0.24117573,0.84807354,0.14188172,0.14188172,1.0,0.009222311,0.065,-24.8742,1.8657991,0.62193304,0.264,0.0,0.27188757,0.0,0.0,3820800
hardzero_only__c0p58__z1p00__lam0p000__nu0p50__psi0p00,hardzero_only,0.065,55,1194,0.0,14,0.24117573,0.25016573,0.85915345,0.13830775,0.13830775,1.0,0.008990004,0.065,-25.061865,1.8901753,0.63005847,0.23200001,0.0,0.24661927,0.0,0.0,3824000
hardzero_only__c0p58__z1p00__lam0p000__nu0p50__psi0p00,hardzero_only,0.065,55,1195,0.0,14,0.25016573,0.258738,0.87981707,0.13188122,0.13188122,1.0,0.0085722795,0.065,-25.749435,1.9356362,0.64521205,0.216,0.0,0.24766913,0.0,0.0,3827200
hardzero_only__c0p58__z1p00__lam0p000__nu0p50__psi0p00,hardzero_only,0.065,55,1196,0.0,14,0.258738,0.26701486,0.8950482,0.12733616,0.12733616,1.0,0.00827685,0.065,-26.28179,1.9691454,0.65638185,0.21,0.0,0.22802778,0.0,0.0,3830400
hardzero_only__c0p58__z1p00__lam0p000__nu0p50__psi0p00,hardzero_only,0.065,55,1197,0.0,14,0.26701486,0.2768042,0.82216007,0.15060517,0.15060517,1.0,0.009789336,0.065,-24.38011,1.8087883,0.6029295,0.256,0.0,0.24950776,0.0,0.0,3833600
hardzero_only__c0p58__z1p00__lam0p000__nu0p50__psi0p00,hardzero_only,0.065,55,1198,0.0,14,0.2768042,0.28510028,0.8940414,0.12763172,0.12763172,1.0,0.008296061,0.065,-26.009417,1.9669304,0.65564346,0.192,0.0,0.2541522,0.0,0.0,3836800
hardzero_only__c0p58__z1p00__lam0p000__nu0p50__psi0p00,hardzero_only,0.065,55,1199,0.0,14,0.28510028,0.295043,0.81540793,0.152965,0.152965,1.0,0.009942724,0.065,-24.404188,1.7939333,0.59797776,0.216,0.0,0.24637231,0.0,0.0,3840000
hardzero_only__c0p58__z1p00__lam0p000__nu0p50__psi0p00,hardzero_only,0.065,55,1200,0.0,14,0.295043,0.3054799,0.79434097,0.16056801,0.16056801,1.0,0.01043692,0.065,-24.022625,1.747585,0.58252835,0.216,0.0,0.25637102,0.0,0.0,3843200
hardzero_only__c0p58__z1p00__lam0p000__nu0p50__psi0p00,hardzero_only,0.065,55,1201,0.0,14,0.3054799,0.31454903,0.8553489,0.1395247,0.1395247,1.0,0.009069105,0.065,-25.02044,1.8818051,0.6272684,0.16000001,0.0,0.24655767,0.0,0.0,3846400
hardzero_only__c0p58__z1p00__lam0p000__nu0p50__psi0p00,hardzero_only,0.065,55,1202,0.0,14,0.31454903,0.32339087,0.8663702,0.13602845,0.13602845,1.0,0.008841849,0.065,-24.92763,1.9060525,0.6353508,0.24000001,0.0,0.24402682,0.0,0.0,3849600
hardzero_only__c0p58__z1p00__lam0p000__nu0p50__psi0p00,hardzero_only,0.065,55,1203,0.0,14,0.32339087,0.33282205,0.8383466,0.14509532,0.14509532,1.0,0.009431195,0.065,-25.850016,1.8443993,0.6147998,0.264,0.0,0.23765138,0.0,0.0,3852800
hardzero_only__c0p58__z1p00__lam0p000__nu0p50__psi0p00,hardzero_only,0.065,55,1204,0.0,14,0.33282205,0.34139293,0.87988734,0.13185987,0.13185987,1.0,0.008570891,0.065,-25.490025,1.9357908,0.6452636,0.256,0.0,0.26259097,0.0,0.0,3856000
hardzero_only__c0p58__z1p00__lam0p000__nu0p50__psi0p00,hardzero_only,0.065,55,1205,0.0,14,0.34139293,0.35037452,0.8595596,0.13817847,0.13817847,1.0,0.0089816,0.065,-24.717163,1.8910689,0.6303563,0.2,0.0,0.24828029,0.0,0.0,3859200
hardzero_only__c0p58__z1p00__lam0p000__nu0p50__psi0p00,hardzero_only,0.065,55,1206,0.0,14,0.35037452,0.36055866,0.80498946,0.1566789,0.1566789,1.0,0.010184128,0.065,-24.941969,1.7710122,0.5903374,0.28800002,0.0,0.2641158,0.0,0.0,3862400
hardzero_only__c0p58__z1p00__lam0p000__nu0p50__psi0p00,hardzero_only,0.065,55,1207,0.0,14,0.36055866,0.36973187,0.8503915,0.14112647,0.14112647,1.0,0.00917322,0.065,-24.458755,1.8708987,0.6236329,0.272,0.0,0.27031296,0.0,0.0,3865600
hardzero_only__c0p58__z1p00__lam0p000__nu0p50__psi0p00,hardzero_only,0.065,55,1208,0.0,14,0.36973187,0.3790542,0.84338987,0.14342013,0.14342013,1.0,0.009322308,0.065,-24.750751,1.8554947,0.61849827,0.224,0.0,0.2508215,0.0,0.0,3868800
hardzero_only__c0p58__z1p00__lam0p000__nu0p50__psi0p00,hardzero_only,0.065,55,1209,0.0,14,0.3790542,0.38837835,0.84330285,0.14344887,0.14344887,1.0,0.009324176,0.065,-24.82799,1.8553033,0.6184344,0.19,0.0,0.24124558,0.0,0.0,3872000
hardzero_only__c0p58__z1p00__lam0p000__nu0p50__psi0p00,hardzero_only,0.065,55,1210,0.0,14,0.38837835,0.39758566,0.8487809,0.14165084,0.14165084,1.0,0.009207305,0.065,-25.170212,1.8673552,0.6224518,0.192,0.0,0.25760248,0.0,0.0,3875200
hardzero_only__c0p58__z1p00__lam0p000__nu0p50__psi0p00,hardzero_only,0.065,55,1211,0.0,14,0.39758566,0.406906,0.84348124,0.14338997,0.14338997,1.0,0.009320348,0.065,-25.692385,1.8556958,0.6185653,0.28800002,0.0,0.24536403,0.0,0.0,3878400
hardzero_only__c0p58__z1p00__lam0p000__nu0p50__psi0p00,hardzero_only,0.065,55,1212,0.0,14,0.406906,0.41604745,0.85189885,0.1406375,0.1406375,1.0,0.009141438,0.065,-24.10972,1.8742149,0.62473834,0.28800002,0.0,0.25507125,0.0,0.0,3881600
hardzero_only__c0p58__z1p00__lam0p000__nu0p50__psi0p00,hardzero_only,0.065,55,1213,0.0,14,0.41604745,0.42438355,0.8919509,0.12824754,0.12824754,1.0,0.0083360905,0.065,-26.068174,1.9623312,0.65411043,0.23200001,0.0,0.2395903,0.0,0.0,3884800
hardzero_only__c0p58__z1p00__lam0p000__nu0p50__psi0p00,hardzero_only,0.065,55,1214,0.0,14,0.42438355,0.43395564,0.8319061,0.1472631,0.1472631,1.0,0.009572101,0.065,-24.208073,1.8302299,0.61007667,0.264,0.0,0.23403235,0.0,0.0,3888000
hardzero_only__c0p58__z1p00__lam0p000__nu0p50__psi0p00,hardzero_only,0.065,55,1215,0.0,14,0.43395564,0.44269395,0.87148607,0.13443547,0.13443547,1.0,0.008738305,0.065,-25.01515,1.9173076,0.6391026,0.15200001,0.0,0.25075147,0.0,0.0,3891200
hardzero_only__c0p58__z1p00__lam0p000__nu0p50__psi0p00,hardzero_only,0.065,55,1216,0.0,14,0.44269395,0.45119607,0.8833861,0.13080186,0.13080186,1.0,0.00850212,0.065,-25.579252,1.9434881,0.6478294,0.2,0.0,0.22762085,0.0,0.0,3894400
hardzero_only__c0p58__z1p00__lam0p000__nu0p50__psi0p00,hardzero_only,0.065,55,1217,0.0,14,0.45119607,0.46068373,0.8357541,0.14596404,0.14596404,1.0,0.009487662,0.065,-24.675894,1.8386958,0.6128986,0.208,0.0,0.22477843,0.0,0.0,3897600
hardzero_only__c0p58__z1p00__lam0p000__nu0p50__psi0p00,hardzero_only,0.065,55,1218,0.0,14,0.46068373,0.46988705,0.84896916,0.14158943,0.14158943,1.0,0.009203313,0.065,-25.756903,1.8677695,0.6225898,0.24800001,0.0,0.2665295,0.0,0.0,3900800
hardzero_only__c0p58__z1p00__lam0p000__nu0p50__psi0p00,hardzero_only,0.065,55,1219,0.0,14,0.46988705,0.47950965,0.82962066,0.14804009,0.14804009,1.0,0.0096226055,0.065,-24.452332,1.8252019,0.60840064,0.28,0.0,0.23564658,0.0,0.0,3904000
hardzero_only__c0p58__z1p00__lam0p000__nu0p50__psi0p00,hardzero_only,0.065,55,1220,0.0,14,0.47950965,0.4893466,0.8200537,0.15133741,0.15133741,1.0,0.009836932,0.065,-23.96616,1.8041542,0.60138476,0.16000001,0.0,0.23282719,0.0,0.0,3907200
hardzero_only__c0p58__z1p00__lam0p000__nu0p50__psi0p00,hardzero_only,0.065,55,1221,0.0,14,0.4893466,0.49924755,0.81723666,0.15232223,0.15232223,1.0,0.009900944,0.065,-24.325487,1.7979566,0.59931886,0.24000001,0.0,0.25503662,0.0,0.0,3910400
hardzero_only__c0p58__z1p00__lam0p000__nu0p50__psi0p00,hardzero_only,0.065,55,1222,0.0,14,0.49924755,0.50809675,0.866008,0.13614197,0.13614197,1.0,0.008849228,0.065,-25.094347,1.9052556,0.6350852,0.31,0.0,0.22240657,0.0,0.0,3913600
hardzero_only__c0p58__z1p00__lam0p000__nu0p50__psi0p00,hardzero_only,0.065,55,1223,0.0,14,0.50809675,0.51768416,0.8312114,0.14749885,0.14749885,1.0,0.009587425,0.065,-24.515675,1.8287016,0.6095672,0.256,0.0,0.23101252,0.0,0.0,3916800
hardzero_only__c0p58__z1p00__lam0p000__nu0p50__psi0p00,hardzero_only,0.065,55,1224,0.0,14,0.51768416,0.5268873,0.8489766,0.141587,0.141587,1.0,0.009203155,0.065,-25.406437,1.8677858,0.6225953,0.28800002,0.0,0.2626055,0.0,0.0,3920000
hardzero_only__c0p58__z1p00__lam0p000__nu0p50__psi0p00,hardzero_only,0.065,55,1225,0.0,14,0.5268873,0.5358634,0.8598265,0.13809358,0.13809358,1.0,0.008976082,0.065,-24.589771,1.891656,0.63055205,0.2,0.0,0.2496179,0.0,0.0,3923200
hardzero_only__c0p58__z1p00__lam0p000__nu0p50__psi0p00,hardzero_only,0.065,55,1226,0.0,14,0.5358634,0.5447285,0.8652298,0.13638614,0.13638614,1.0,0.0088650985,0.065,-25.015816,1.9035436,0.6345146,0.208,0.0,0.24919693,0.0,0.0,3926400
hardzero_only__c0p58__z1p00__lam0p000__nu0p50__psi0p00,hardzero_only,0.065,55,1227,0.0,14,0.5447285,0.55407506,0.84226143,0.14379327,0.14379327,1.0,0.009346562,0.065,-24.45626,1.8530122,0.6176708,0.2,0.0,0.24397403,0.0,0.0,3929600
hardzero_only__c0p58__z1p00__lam0p000__nu0p50__psi0p00,hardzero_only,0.065,55,1228,0.0,14,0.55407506,0.56390053,0.8205603,0.15116099,0.15116099,1.0,0.009825463,0.065,-24.03831,1.8052686,0.6017562,0.23200001,0.008,0.23902583,0.0,0.0,3932800
hardzero_only__c0p58__z1p00__lam0p000__nu0p50__psi0p00,hardzero_only,0.065,55,1229,0.0,14,0.56390053,0.57295233,0.85617715,0.13925886,0.13925886,1.0,0.009051826,0.065,-24.874224,1.8836273,0.6278758,0.216,0.0,0.23124154,0.0,0.0,3936000
hardzero_only__c0p58__z1p00__lam0p000__nu0p50__psi0p00,hardzero_only,0.065,55,1230,0.0,14,0.57295233,0.58270913,0.8236049,0.15010498,0.15010498,1.0,0.009756824,0.065,-24.250332,1.8119669,0.603989,0.264,0.0,0.24355567,0.0,0.0,3939200
hardzero_only__c0p58__z1p00__lam0p000__nu0p50__psi0p00,hardzero_only,0.065,55,1231,1.0,15,0.58270913,0.012638336,0.8159997,0.1527567,0.1527567,1.0,0.009929186,0.065,-23.99486,1.7952352,0.59841174,0.272,0.0,0.23629813,0.0,0.0,3942400
hardzero_only__c0p58__z1p00__lam0p000__nu0p50__psi0p00,hardzero_only,0.065,55,1232,0.0,15,0.012638336,0.022181552,0.8332186,0.14681871,0.14681871,1.0,0.009543216,0.065,-24.58852,1.8331175,0.61103916,0.24800001,0.0,0.28035906,0.0,0.0,3945600
hardzero_only__c0p58__z1p00__lam0p000__nu0p50__psi0p00,hardzero_only,0.065,55,1233,0.0,15,0.022181552,0.03144966,0.8459223,0.14258628,0.14258628,1.0,0.009268108,0.065,-25.066734,1.8610662,0.6203554,0.224,0.0,0.304879,0.0,0.0,3948800
hardzero_only__c0p58__z1p00__lam0p000__nu0p50__psi0p00,hardzero_only,0.065,55,1234,0.0,15,0.03144966,0.041715086,0.8015364,0.15792963,0.15792963,1.0,0.010265426,0.065,-24.523106,1.7634152,0.5878051,0.312,0.0,0.30586472,0.0,0.0,3952000
hardzero_only__c0p58__z1p00__lam0p000__nu0p50__psi0p00,hardzero_only,0.065,55,1235,0.0,15,0.041715086,0.051616393,0.8172208,0.15232782,0.15232782,1.0,0.0099013075,0.065,-23.967953,1.7979217,0.59930724,0.14,0.0,0.24743627,0.0,0.0,3955200
hardzero_only__c0p58__z1p00__lam0p000__nu0p50__psi0p00,hardzero_only,0.065,55,1236,0.0,15,0.051616393,0.061451714,0.82012475,0.15131266,0.15131266,1.0,0.009835322,0.065,-24.90776,1.8043104,0.60143685,0.312,0.0,0.30096784,0.0,0.0,3958400
hardzero_only__c0p58__z1p00__lam0p000__nu0p50__psi0p00,hardzero_only,0.065,55,1237,0.0,15,0.061451714,0.07117474,0.82511204,0.14958498,0.14958498,1.0,0.0097230235,0.065,-24.212584,1.8152827,0.60509425,0.216,0.0,0.27978837,0.0,0.0,3961600
hardzero_only__c0p58__z1p00__lam0p000__nu0p50__psi0p00,hardzero_only,0.065,55,1238,0.0,15,0.07117474,0.080362916,0.8496841,0.14135653,0.14135653,1.0,0.009188174,0.065,-24.227852,1.8693424,0.62311417,0.30400002,0.0,0.2676057,0.0,0.0,3964800
hardzero_only__c0p58__z1p00__lam0p000__nu0p50__psi0p00,hardzero_only,0.065,55,1239,0.0,15,0.080362916,0.08891826,0.8806759,0.13162066,0.13162066,1.0,0.008555342,0.065,-26.047415,1.9375257,0.64584196,0.16800001,0.0,0.29126337,0.0,0.0,3968000
hardzero_only__c0p58__z1p00__lam0p000__nu0p50__psi0p00,hardzero_only,0.065,55,1240,0.0,15,0.08891826,0.097947694,0.85725284,0.13891438,0.13891438,1.0,0.009029434,0.065,-24.343872,1.885994,0.6286647,0.23200001,0.0,0.29171723,0.0,0.0,3971200
hardzero_only__c0p58__z1p00__lam0p000__nu0p50__psi0p00,hardzero_only,0.065,55,1241,0.0,15,0.097947694,0.107074425,0.85259825,0.1404112,0.1404112,1.0,0.0091267275,0.065,-25.04082,1.8757536,0.62525123,0.28,0.0,0.30051163,0.0,0.0,3974400
hardzero_only__c0p58__z1p00__lam0p000__nu0p50__psi0p00,hardzero_only,0.065,55,1242,0.0,15,0.107074425,0.11776467,0.78392565,0.16446532,0.16446532,1.0,0.010690246,0.065,-23.859577,1.7246709,0.5748903,0.35200003,0.0,0.2813907,0.0,0.0,3977600
hardzero_only__c0p58__z1p00__lam0p000__nu0p50__psi0p00,hardzero_only,0.065,55,1243,0.0,15,0.11776467,0.12699828,0.84754187,0.14205553,0.14205553,1.0,0.009233609,0.065,-25.724148,1.8646294,0.62154317,0.192,0.0,0.28560773,0.0,0.0,3980800
hardzero_only__c0p58__z1p00__lam0p000__nu0p50__psi0p00,hardzero_only,0.065,55,1244,0.0,15,0.12699828,0.13697234,0.8140413,0.15344709,0.15344709,1.0,0.009974061,0.065,-23.876455,1.7909267,0.59697556,0.28800002,0.0,0.27924418,0.0,0.0,3984000
hardzero_only__c0p58__z1p00__lam0p000__nu0p50__psi0p00,hardzero_only,0.065,55,1245,0.0,15,0.13697234,0.14634621,0.8409944,0.1442134,0.1442134,1.0,0.009373871,0.065,-25.001295,1.8502246,0.61674154,0.16000001,0.0,0.29461512,0.0,0.0,3987200
hardzero_only__c0p58__z1p00__lam0p000__nu0p50__psi0p00,hardzero_only,0.065,55,1246,0.0,15,0.14634621,0.15619126,0.8196954,0.1514623,0.1514623,1.0,0.009845049,0.065,-24.145746,1.803366,0.601122,0.18400002,0.0,0.28223777,0.0,0.0,3990400
hardzero_only__c0p58__z1p00__lam0p000__nu0p50__psi0p00,hardzero_only,0.065,55,1247,0.0,15,0.15619126,0.16626565,0.8096946,0.15499061,0.15499061,1.0,0.010074389,0.065,-23.490393,1.7813636,0.5937879,0.312,0.0,0.28188202,0.0,0.0,3993600
hardzero_only__c0p58__z1p00__lam0p000__nu0p50__psi0p00,hardzero_only,0.065,55,1248,0.0,15,0.16626565,0.1758582,0.83097935,0.14757767,0.14757767,1.0,0.009592548,0.065,-24.700003,1.828191,0.60939705,0.19,0.0,0.24277888,0.0,0.0,3996800
hardzero_only__c0p58__z1p00__lam0p000__nu0p50__psi0p00,hardzero_only,0.065,55,1249,0.0,15,0.1758582,0.18392032,0.906464,0.12403265,0.12403265,1.0,0.008062121,0.065,-25.860865,1.9942605,0.66475356,0.224,0.0,0.26306808,0.0,0.0,4000000
