mechanism_tag,mechanism,alpha,seed,update,update_u,update_counter,energy_E_pre,energy_E_post,funding_z,funding_g,funding_g_raw,funding_cut_active,funding_income,funding_alpha_eff,episode_return_end_mean,terminal_min_dists_end_mean,terminal_dbar_end,terminal_occupied_end_mean,terminal_CSR_train,vartd_VarTD,depr_F,depr_F_post,env_steps
hardzero_plus_depr__c0p52__z1p05__lam0p020__nu0p50__psi1p00,hardzero_plus_depr,0.05,39,0,1.0,1,1.0,0.48465303,1.0312365,0.09306009,0.09306009,1.0,0.0046530045,0.05,-27.434998,2.2687657,0.75625527,0.14999999,0.0,0.14993557,0.0,0.0,3200
hardzero_plus_depr__c0p52__z1p05__lam0p020__nu0p50__psi1p00,hardzero_plus_depr,0.05,39,1,0.0,1,0.48465303,0.48976547,0.99034107,0.102248944,0.102248944,1.0,0.0051124473,0.05,-25.956192,2.178794,0.72626466,0.18400002,0.0,0.14349915,0.0,0.02,6400
hardzero_plus_depr__c0p52__z1p05__lam0p020__nu0p50__psi1p00,hardzero_plus_depr,0.05,39,2,0.0,1,0.48976547,0.48976547,1.059887,0.0,0.087119,0.0,0.0,0.049009934,-27.824345,2.331798,0.777266,0.15200001,0.0,0.16884239,0.02,0.04,9600
hardzero_plus_depr__c0p52__z1p05__lam0p020__nu0p50__psi1p00,hardzero_plus_depr,0.05,39,3,0.0,1,0.48976547,0.4943621,1.0191605,0.095684044,0.095684044,1.0,0.0045966115,0.048039477,-28.626385,2.242198,0.74739933,0.208,0.0,0.12685628,0.04,0.06,12800
hardzero_plus_depr__c0p52__z1p05__lam0p020__nu0p50__psi1p00,hardzero_plus_depr,0.05,39,4,0.0,1,0.4943621,0.49931931,0.9776742,0.10527514,0.10527514,1.0,0.00495722,0.047088232,-25.679977,2.150926,0.7169754,0.14400001,0.0,0.13222295,0.06,0.08,16000
hardzero_plus_depr__c0p52__z1p05__lam0p020__nu0p50__psi1p00,hardzero_plus_depr,0.05,39,5,0.0,1,0.49931931,0.50371784,1.0209205,0.09529705,0.09529705,1.0,0.0043985136,0.04615582,-26.15458,2.24607,0.74869,0.120000005,0.0,0.13187034,0.08,0.099999994,19200
hardzero_plus_depr__c0p52__z1p05__lam0p020__nu0p50__psi1p00,hardzero_plus_depr,0.05,39,6,0.0,1,0.50371784,0.50371784,1.0735103,0.0,0.08442863,0.0,0.0,0.045241874,-27.573233,2.3617697,0.7872566,0.16000001,0.0,0.14411533,0.099999994,0.11999999,22400
hardzero_plus_depr__c0p52__z1p05__lam0p020__nu0p50__psi1p00,hardzero_plus_depr,0.05,39,7,0.0,1,0.50371784,0.50787836,1.0277045,0.093820006,0.093820006,1.0,0.0041605444,0.044346023,-27.901098,2.260995,0.753665,0.14400001,0.0,0.15414624,0.11999999,0.13999999,25600
hardzero_plus_depr__c0p52__z1p05__lam0p020__nu0p50__psi1p00,hardzero_plus_depr,0.05,39,8,0.0,1,0.50787836,0.50787836,1.0551465,0.0,0.08807518,0.0,0.0,0.043467917,-27.718729,2.3213685,0.7737895,0.096,0.0,0.13141693,0.13999999,0.15999998,28800
hardzero_plus_depr__c0p52__z1p05__lam0p020__nu0p50__psi1p00,hardzero_plus_depr,0.05,39,9,0.0,1,0.50787836,0.50787836,1.0630507,0.0,0.08648668,0.0,0.0,0.04260719,-29.02969,2.3387585,0.7795862,0.14400001,0.0,0.17441674,0.15999998,0.17999998,32000
hardzero_plus_depr__c0p52__z1p05__lam0p020__nu0p50__psi1p00,hardzero_plus_depr,0.05,39,10,0.0,1,0.50787836,0.5120509,1.000397,0.09990863,0.09990863,1.0,0.004172535,0.04176351,-26.929127,2.2009172,0.7336391,0.192,0.0,0.13204363,0.17999998,0.19999997,35200
hardzero_plus_depr__c0p52__z1p05__lam0p020__nu0p50__psi1p00,hardzero_plus_depr,0.05,39,11,0.0,1,0.5120509,0.5159958,1.0160794,0.09636527,0.09636527,1.0,0.003944861,0.04093654,-27.055298,2.2354193,0.7451398,0.112,0.0,0.13026172,0.19999997,0.21999997,38400
hardzero_plus_depr__c0p52__z1p05__lam0p020__nu0p50__psi1p00,hardzero_plus_depr,0.05,39,12,0.0,1,0.5159958,0.52022535,0.9771323,0.10540656,0.10540656,1.0,0.004229537,0.04012594,-26.661505,2.149734,0.716578,0.192,0.0,0.14456762,0.21999997,0.23999996,41600
hardzero_plus_depr__c0p52__z1p05__lam0p020__nu0p50__psi1p00,hardzero_plus_depr,0.05,39,13,1.0,2,0.52022535,0.0045429524,0.95949817,0.10977458,0.10977458,1.0,0.0043175872,0.039331395,-26.651064,2.110938,0.70364606,0.19,0.0,0.15377568,0.23999996,0.11999998,44800
hardzero_plus_depr__c0p52__z1p05__lam0p020__nu0p50__psi1p00,hardzero_plus_depr,0.05,39,14,0.0,2,0.0045429524,0.0085491445,1.0441229,0.09033937,0.09033937,1.0,0.0040061916,0.044346023,-27.168032,2.2971163,0.76570547,0.080000006,0.0,0.13728243,0.11999998,0.13999999,48000
hardzero_plus_depr__c0p52__z1p05__lam0p020__nu0p50__psi1p00,hardzero_plus_depr,0.05,39,15,0.0,2,0.0085491445,0.013525505,0.941257,0.114483535,0.114483535,1.0,0.0049763606,0.043467917,-26.09925,2.0708067,0.69026893,0.112,0.0,0.119017616,0.13999999,0.15999998,51200
hardzero_plus_depr__c0p52__z1p05__lam0p020__nu0p50__psi1p00,hardzero_plus_depr,0.05,39,16,0.0,2,0.013525505,0.017756585,1.0030316,0.09930436,0.09930436,1.0,0.0042310795,0.04260719,-27.022491,2.2067137,0.73557127,0.18400002,0.0,0.12660077,0.15999998,0.17999998,54400
hardzero_plus_depr__c0p52__z1p05__lam0p020__nu0p50__psi1p00,hardzero_plus_depr,0.05,39,17,0.0,2,0.017756585,0.02181812,1.0121068,0.09725081,0.09725081,1.0,0.0040615355,0.04176351,-27.183603,2.2266793,0.7422265,0.17600001,0.0,0.13546425,0.17999998,0.19999997,57600
hardzero_plus_depr__c0p52__z1p05__lam0p020__nu0p50__psi1p00,hardzero_plus_depr,0.05,39,18,0.0,2,0.02181812,0.025803823,1.0116061,0.09736298,0.09736298,1.0,0.0039857035,0.04093654,-26.37484,2.2255778,0.7418593,0.18400002,0.0,0.15394379,0.19999997,0.21999997,60800
hardzero_plus_depr__c0p52__z1p05__lam0p020__nu0p50__psi1p00,hardzero_plus_depr,0.05,39,19,0.0,2,0.025803823,0.029744117,1.0078967,0.098198146,0.098198146,1.0,0.003940293,0.04012594,-27.231226,2.217417,0.739139,0.16800001,0.0,0.15028132,0.21999997,0.23999996,64000
hardzero_plus_depr__c0p52__z1p05__lam0p020__nu0p50__psi1p00,hardzero_plus_depr,0.05,39,20,0.0,2,0.029744117,0.034165554,0.949176,0.11241493,0.11241493,1.0,0.0044214358,0.039331395,-25.758446,2.088229,0.69607633,0.216,0.0,0.1483029,0.23999996,0.25999996,67200
hardzero_plus_depr__c0p52__z1p05__lam0p020__nu0p50__psi1p00,hardzero_plus_depr,0.05,39,21,0.0,2,0.034165554,0.038093228,0.99191797,0.101878375,0.101878375,1.0,0.003927674,0.03855258,-27.332241,2.1822631,0.72742105,0.16800001,0.0,0.13519831,0.25999996,0.27999997,70400
hardzero_plus_depr__c0p52__z1p05__lam0p020__nu0p50__psi1p00,hardzero_plus_depr,0.05,39,22,0.0,2,0.038093228,0.042152897,0.9688769,0.107429385,0.107429385,1.0,0.004059669,0.03778919,-26.4858,2.1315718,0.71052396,0.18400002,0.0,0.1335184,0.27999997,0.29999998,73600
hardzero_plus_depr__c0p52__z1p05__lam0p020__nu0p50__psi1p00,hardzero_plus_depr,0.05,39,23,0.0,2,0.042152897,0.042152897,1.0661476,0.0,0.085872166,0.0,0.0,0.03704091,-27.210562,2.3455715,0.7818572,0.14400001,0.0,0.16959041,0.29999998,0.32,76800
hardzero_plus_depr__c0p52__z1p05__lam0p020__nu0p50__psi1p00,hardzero_plus_depr,0.05,39,24,0.0,2,0.042152897,0.046014845,0.9731892,0.106367946,0.106367946,1.0,0.0038619493,0.036307454,-26.685713,2.141059,0.71368635,0.136,0.0,0.12623562,0.32,0.34,80000
hardzero_plus_depr__c0p52__z1p05__lam0p020__nu0p50__psi1p00,hardzero_plus_depr,0.05,39,25,0.0,2,0.046014845,0.046014845,1.0897732,0.0,0.081325516,0.0,0.0,0.035588518,-28.949636,2.397549,0.799183,0.128,0.0,0.15779857,0.34,0.36,83200
hardzero_plus_depr__c0p52__z1p05__lam0p020__nu0p50__psi1p00,hardzero_plus_depr,0.05,39,26,0.0,2,0.046014845,0.049536638,0.99586016,0.100957796,0.100957796,1.0,0.003521793,0.034883816,-27.274075,2.190936,0.73031205,0.17999999,0.0,0.1458421,0.36,0.38000003,86400
hardzero_plus_depr__c0p52__z1p05__lam0p020__nu0p50__psi1p00,hardzero_plus_depr,0.05,39,27,0.0,2,0.049536638,0.049536638,1.0597408,0.0,0.08714835,0.0,0.0,0.03419307,-27.75524,2.3314762,0.77715874,0.112,0.0,0.16785654,0.38000003,0.40000004,89600
hardzero_plus_depr__c0p52__z1p05__lam0p020__nu0p50__psi1p00,hardzero_plus_depr,0.05,39,28,0.0,2,0.049536638,0.052834935,1.0069625,0.0984096,0.0984096,1.0,0.0032982964,0.033516,-27.538454,2.2153618,0.738454,0.192,0.0,0.185756,0.40000004,0.42000005,92800
hardzero_plus_depr__c0p52__z1p05__lam0p020__nu0p50__psi1p00,hardzero_plus_depr,0.05,39,29,0.0,2,0.052834935,0.056085967,1.004545,0.09895894,0.09895894,1.0,0.0032510327,0.03285234,-26.975925,2.2100432,0.7366811,0.136,0.0,0.16046563,0.42000005,0.44000006,96000
hardzero_plus_depr__c0p52__z1p05__lam0p020__nu0p50__psi1p00,hardzero_plus_depr,0.05,39,30,0.0,2,0.056085967,0.056085967,1.0615022,0.0,0.0867956,0.0,0.0,0.032201823,-27.880198,2.3353515,0.7784505,0.128,0.008,0.16971235,0.44000006,0.46000007,99200
hardzero_plus_depr__c0p52__z1p05__lam0p020__nu0p50__psi1p00,hardzero_plus_depr,0.05,39,31,0.0,2,0.056085967,0.05908676,1.0219587,0.095069505,0.095069505,1.0,0.003000791,0.03156418,-27.686121,2.248354,0.74945134,0.17600001,0.0,0.14462501,0.46000007,0.48000008,102400
hardzero_plus_depr__c0p52__z1p05__lam0p020__nu0p50__psi1p00,hardzero_plus_depr,0.05,39,32,0.0,2,0.05908676,0.062484287,0.95934534,0.10981322,0.10981322,1.0,0.0033975297,0.030939167,-26.939857,2.110602,0.703534,0.192,0.0,0.13484159,0.48000008,0.50000006,105600
hardzero_plus_depr__c0p52__z1p05__lam0p020__nu0p50__psi1p00,hardzero_plus_depr,0.05,39,33,0.0,2,0.062484287,0.06535081,1.0244676,0.09452188,0.09452188,1.0,0.0028665208,0.03032653,-26.764488,2.2538736,0.7512912,0.128,0.0,0.13944875,0.50000006,0.52000004,108800
hardzero_plus_depr__c0p52__z1p05__lam0p020__nu0p50__psi1p00,hardzero_plus_depr,0.05,39,34,0.0,2,0.06535081,0.06807166,1.0384316,0.09153103,0.09153103,1.0,0.0027208538,0.029726027,-27.60939,2.2845953,0.7615318,0.120000005,0.0,0.1477185,0.52000004,0.54,112000
hardzero_plus_depr__c0p52__z1p05__lam0p020__nu0p50__psi1p00,hardzero_plus_depr,0.05,39,35,0.0,2,0.06807166,0.070938095,1.0071098,0.098376244,0.098376244,1.0,0.0028664293,0.029137412,-26.987106,2.2156856,0.73856187,0.16800001,0.0,0.16263945,0.54,0.56,115200
hardzero_plus_depr__c0p52__z1p05__lam0p020__nu0p50__psi1p00,hardzero_plus_depr,0.05,39,36,0.0,2,0.070938095,0.073500745,1.0470757,0.08972723,0.08972723,1.0,0.0025626505,0.028560454,-27.809721,2.3036127,0.7678709,0.16800001,0.0,0.16404116,0.56,0.58,118400
hardzero_plus_depr__c0p52__z1p05__lam0p020__nu0p50__psi1p00,hardzero_plus_depr,0.05,39,37,0.0,2,0.073500745,0.07607015,1.0372458,0.0917813,0.0917813,1.0,0.0025694103,0.02799492,-28.143091,2.2819862,0.7606621,0.16000001,0.0,0.13352491,0.58,0.59999996,121600
hardzero_plus_depr__c0p52__z1p05__lam0p020__nu0p50__psi1p00,hardzero_plus_depr,0.05,39,38,0.0,2,0.07607015,0.07607015,1.1107447,0.0,0.077491716,0.0,0.0,0.027440581,-29.217813,2.4436872,0.81456244,0.136,0.0,0.18712528,0.59999996,0.61999995,124800
hardzero_plus_depr__c0p52__z1p05__lam0p020__nu0p50__psi1p00,hardzero_plus_depr,0.05,39,39,0.0,2,0.07607015,0.07894855,0.9705562,0.1070148,0.1070148,1.0,0.0028784007,0.026897222,-25.997162,2.1352663,0.71175545,0.19999999,0.0,0.11727916,0.61999995,0.6399999,128000
hardzero_plus_depr__c0p52__z1p05__lam0p020__nu0p50__psi1p00,hardzero_plus_depr,0.05,39,40,0.0,2,0.07894855,0.08143062,1.0262077,0.09414393,0.09414393,1.0,0.0024820692,0.026364623,-27.26791,2.2577019,0.7525673,0.128,0.0,0.13855395,0.6399999,0.6599999,131200
hardzero_plus_depr__c0p52__z1p05__lam0p020__nu0p50__psi1p00,hardzero_plus_depr,0.05,39,41,0.0,2,0.08143062,0.08403888,0.99598414,0.10092897,0.10092897,1.0,0.0026082639,0.025842568,-26.033287,2.1912088,0.73040295,0.080000006,0.0,0.13114025,0.6599999,0.6799999,134400
hardzero_plus_depr__c0p52__z1p05__lam0p020__nu0p50__psi1p00,hardzero_plus_depr,0.05,39,42,0.0,2,0.08403888,0.0864208,1.026724,0.09403208,0.09403208,1.0,0.002381913,0.025330855,-26.823559,2.258838,0.752946,0.256,0.0,0.15360709,0.6799999,0.69999987,137600
hardzero_plus_depr__c0p52__z1p05__lam0p020__nu0p50__psi1p00,hardzero_plus_depr,0.05,39,43,0.0,2,0.0864208,0.088638216,1.0491166,0.089306556,0.089306556,1.0,0.0022174164,0.024829268,-28.352375,2.3081026,0.7693676,0.120000005,0.0,0.1621075,0.69999987,0.71999985,140800
hardzero_plus_depr__c0p52__z1p05__lam0p020__nu0p50__psi1p00,hardzero_plus_depr,0.05,39,44,0.0,2,0.088638216,0.088638216,1.053622,0.0,0.08838487,0.0,0.0,0.024337616,-27.38997,2.3180146,0.7726716,0.104,0.0,0.12924981,0.71999985,0.73999983,144000
hardzero_plus_depr__c0p52__z1p05__lam0p020__nu0p50__psi1p00,hardzero_plus_depr,0.05,39,45,0.0,2,0.088638216,0.090927966,1.0178047,0.09598319,0.09598319,1.0,0.0022897464,0.023855701,-26.947453,2.2392151,0.74640507,0.16000001,0.0,0.14460777,0.73999983,0.7599998,147200
hardzero_plus_depr__c0p52__z1p05__lam0p020__nu0p50__psi1p00,hardzero_plus_depr,0.05,39,46,0.0,2,0.090927966,0.093018085,1.0487356,0.08938494,0.08938494,1.0,0.0020901174,0.023383327,-27.83503,2.3072643,0.76908815,0.096,0.0,0.14364727,0.7599998,0.7799998,150400
hardzero_plus_depr__c0p52__z1p05__lam0p020__nu0p50__psi1p00,hardzero_plus_depr,0.05,39,47,0.0,2,0.093018085,0.09511864,1.0378854,0.09164622,0.09164622,1.0,0.0021005592,0.022920305,-27.844055,2.2833936,0.7611312,0.16800001,0.0,0.17522274,0.7799998,0.7999998,153600
hardzero_plus_depr__c0p52__z1p05__lam0p020__nu0p50__psi1p00,hardzero_plus_depr,0.05,39,48,0.0,2,0.09511864,0.0972321,1.0265405,0.09407182,0.09407182,1.0,0.0021134603,0.022466455,-27.546705,2.2584343,0.75281143,0.136,0.0,0.1355051,0.7999998,0.81999975,156800
hardzero_plus_depr__c0p52__z1p05__lam0p020__nu0p50__psi1p00,hardzero_plus_depr,0.05,39,49,0.0,2,0.0972321,0.099360466,1.0148034,0.09664881,0.09664881,1.0,0.0021283603,0.022021588,-27.550014,2.2326121,0.74420404,0.14400001,0.0,0.18523702,0.81999975,0.83999974,160000
hardzero_plus_depr__c0p52__z1p05__lam0p020__nu0p50__psi1p00,hardzero_plus_depr,0.05,39,50,0.0,2,0.099360466,0.10132387,1.0411525,0.090959385,0.090959385,1.0,0.0019634066,0.021585532,-26.836111,2.2905812,0.7635271,0.136,0.0,0.13570805,0.83999974,0.8599997,163200
hardzero_plus_depr__c0p52__z1p05__lam0p020__nu0p50__psi1p00,hardzero_plus_depr,0.05,39,51,0.0,2,0.10132387,0.103223145,1.0468897,0.08976569,0.08976569,1.0,0.0018992726,0.021158112,-27.561192,2.3032033,0.76773447,0.15200001,0.0,0.13645525,0.8599997,0.8799997,166400
hardzero_plus_depr__c0p52__z1p05__lam0p020__nu0p50__psi1p00,hardzero_plus_depr,0.05,39,52,0.0,2,0.103223145,0.103223145,1.0763149,0.0,0.08388514,0.0,0.0,0.020739153,-28.12217,2.3679402,0.78931344,0.12,0.01,0.1550753,0.8799997,0.8999997,169600
hardzero_plus_depr__c0p52__z1p05__lam0p020__nu0p50__psi1p00,hardzero_plus_depr,0.05,39,53,0.0,2,0.103223145,0.10510559,1.0333829,0.09260131,0.09260131,1.0,0.0018824447,0.02032849,-27.232906,2.2734878,0.7578293,0.16000001,0.0,0.13578424,0.8999997,0.91999966,172800
hardzero_plus_depr__c0p52__z1p05__lam0p020__nu0p50__psi1p00,hardzero_plus_depr,0.05,39,54,0.0,2,0.10510559,0.10690908,1.0433034,0.09051,0.09051,1.0,0.0018034986,0.01992596,-27.575254,2.2953131,0.7651044,0.128,0.0,0.1409749,0.91999966,0.93999964,176000
hardzero_plus_depr__c0p52__z1p05__lam0p020__nu0p50__psi1p00,hardzero_plus_depr,0.05,39,55,0.0,2,0.10690908,0.10690908,1.0657507,0.0,0.08595068,0.0,0.0,0.019531397,-27.336626,2.3446984,0.78156614,0.192,0.0,0.13643697,0.93999964,0.9599996,179200
hardzero_plus_depr__c0p52__z1p05__lam0p020__nu0p50__psi1p00,hardzero_plus_depr,0.05,39,56,0.0,2,0.10690908,0.10875597,1.0156064,0.09647028,0.09647028,1.0,0.00184689,0.019144652,-27.846102,2.2343786,0.7447929,0.15200001,0.0,0.13524842,0.9599996,0.9799996,182400
hardzero_plus_depr__c0p52__z1p05__lam0p020__nu0p50__psi1p00,hardzero_plus_depr,0.05,39,57,0.0,2,0.10875597,0.110676974,0.9898336,0.102368526,0.102368526,1.0,0.001921003,0.018765563,-25.887838,2.1776774,0.7258925,0.256,0.0,0.1459603,0.9799996,0.9999996,185600
hardzero_plus_depr__c0p52__z1p05__lam0p020__nu0p50__psi1p00,hardzero_plus_depr,0.05,39,58,0.0,2,0.110676974,0.11236592,1.03706,0.09182057,0.09182057,1.0,0.0016889459,0.018393982,-27.784077,2.2815776,0.7605259,0.14400001,0.0,0.12878251,0.9999996,1.0199996,188800
hardzero_plus_depr__c0p52__z1p05__lam0p020__nu0p50__psi1p00,hardzero_plus_depr,0.05,39,59,0.0,2,0.11236592,0.11236592,1.0877085,0.0,0.081713066,0.0,0.0,0.018029755,-27.730125,2.3930063,0.7976688,0.136,0.0,0.14075989,1.0199996,1.0399996,192000
hardzero_plus_depr__c0p52__z1p05__lam0p020__nu0p50__psi1p00,hardzero_plus_depr,0.05,39,60,0.0,2,0.11236592,0.114052996,1.0201676,0.09546242,0.09546242,1.0,0.0016870827,0.017672742,-27.368277,2.2444136,0.7481379,0.14400001,0.0,0.14066982,1.0399996,1.0599996,195200
hardzero_plus_depr__c0p52__z1p05__lam0p020__nu0p50__psi1p00,hardzero_plus_depr,0.05,39,61,0.0,2,0.114052996,0.114052996,1.0508063,0.0,0.08895978,0.0,0.0,0.017322797,-27.677237,2.31182,0.7706067,0.128,0.0,0.15722592,1.0599996,1.0799996,198400
hardzero_plus_depr__c0p52__z1p05__lam0p020__nu0p50__psi1p00,hardzero_plus_depr,0.05,39,62,0.0,2,0.114052996,0.11561466,1.0363449,0.09197188,0.09197188,1.0,0.0015616625,0.016979782,-28.4462,2.2800043,0.7600014,0.104,0.0,0.132423,1.0799996,1.0999995,201600
hardzero_plus_depr__c0p52__z1p05__lam0p020__nu0p50__psi1p00,hardzero_plus_depr,0.05,39,63,0.0,2,0.11561466,0.11727797,1.0002718,0.09993743,0.09993743,1.0,0.0016633148,0.016643561,-25.766747,2.2006419,0.73354733,0.224,0.0,0.11593889,1.0999995,1.1199995,204800
hardzero_plus_depr__c0p52__z1p05__lam0p020__nu0p50__psi1p00,hardzero_plus_depr,0.05,39,64,0.0,2,0.11727797,0.118963175,0.98590803,0.10329802,0.10329802,1.0,0.0016852038,0.016313998,-26.634861,2.169041,0.72301364,0.17600001,0.0,0.12312592,1.1199995,1.1399995,208000
hardzero_plus_depr__c0p52__z1p05__lam0p020__nu0p50__psi1p00,hardzero_plus_depr,0.05,39,65,0.0,2,0.118963175,0.12056337,0.9996997,0.10006916,0.10006916,1.0,0.0016002018,0.01599096,-27.057203,2.1993833,0.7331278,0.14,0.0,0.15072154,1.1399995,1.1599995,211200
hardzero_plus_depr__c0p52__z1p05__lam0p020__nu0p50__psi1p00,hardzero_plus_depr,0.05,39,66,0.0,2,0.12056337,0.122004904,1.0363656,0.09196749,0.09196749,1.0,0.0014415276,0.015674317,-28.19642,2.2800498,0.7600166,0.104,0.0,0.15003133,1.1599995,1.1799995,214400
hardzero_plus_depr__c0p52__z1p05__lam0p020__nu0p50__psi1p00,hardzero_plus_depr,0.05,39,67,0.0,2,0.122004904,0.122004904,1.0983902,0.0,0.079727806,0.0,0.0,0.015363946,-28.473091,2.4165068,0.8055023,0.136,0.0,0.17116489,1.1799995,1.1999995,217600
hardzero_plus_depr__c0p52__z1p05__lam0p020__nu0p50__psi1p00,hardzero_plus_depr,0.05,39,68,0.0,2,0.122004904,0.12341108,1.0297759,0.0933736,0.0933736,1.0,0.0014061801,0.015059719,-27.118238,2.265552,0.75518405,0.136,0.0,0.1193005,1.1999995,1.2199994,220800
hardzero_plus_depr__c0p52__z1p05__lam0p020__nu0p50__psi1p00,hardzero_plus_depr,0.05,39,69,0.0,2,0.12341108,0.12478124,1.0323585,0.09281998,0.09281998,1.0,0.0013701638,0.014761517,-27.42385,2.271234,0.75707805,0.14400001,0.0,0.14893955,1.2199994,1.2399994,224000
hardzero_plus_depr__c0p52__z1p05__lam0p020__nu0p50__psi1p00,hardzero_plus_depr,0.05,39,70,0.0,2,0.12478124,0.1261253,1.0320263,0.09289101,0.09289101,1.0,0.0013440604,0.01446922,-27.673405,2.2705033,0.75683445,0.14400001,0.0,0.14530033,1.2399994,1.2599994,227200
hardzero_plus_depr__c0p52__z1p05__lam0p020__nu0p50__psi1p00,hardzero_plus_depr,0.05,39,71,0.0,2,0.1261253,0.127443,1.0319467,0.09290804,0.09290804,1.0,0.0013176877,0.014182709,-27.5646,2.270328,0.75677603,0.104,0.0,0.14278999,1.2599994,1.2799994,230400
hardzero_plus_depr__c0p52__z1p05__lam0p020__nu0p50__psi1p00,hardzero_plus_depr,0.05,39,72,0.0,2,0.127443,0.12895109,0.96464777,0.10848064,0.10848064,1.0,0.0015080842,0.013901874,-26.192968,2.1222675,0.7074225,0.24800001,0.0,0.13025732,1.2799994,1.2999994,233600
hardzero_plus_depr__c0p52__z1p05__lam0p020__nu0p50__psi1p00,hardzero_plus_depr,0.05,39,73,0.0,2,0.12895109,0.13040781,0.9710091,0.10690325,0.10690325,1.0,0.0014567275,0.013626598,-25.717499,2.1362627,0.7120876,0.18400002,0.0,0.13832708,1.2999994,1.3199993,236800
hardzero_plus_depr__c0p52__z1p05__lam0p020__nu0p50__psi1p00,hardzero_plus_depr,0.05,39,74,0.0,2,0.13040781,0.13175417,0.9965398,0.100799926,0.100799926,1.0,0.0013463618,0.013356774,-26.764534,2.1924312,0.7308104,0.17600001,0.0,0.16678584,1.3199993,1.3399993,240000
hardzero_plus_depr__c0p52__z1p05__lam0p020__nu0p50__psi1p00,hardzero_plus_depr,0.05,39,75,0.0,2,0.13175417,0.1330791,0.99482405,0.10119894,0.10119894,1.0,0.0013249263,0.013092293,-26.738161,2.1886566,0.7295522,0.208,0.0,0.15180196,1.3399993,1.3599993,243200
hardzero_plus_depr__c0p52__z1p05__lam0p020__nu0p50__psi1p00,hardzero_plus_depr,0.05,39,76,0.0,2,0.1330791,0.1342935,1.0239664,0.094631016,0.094631016,1.0,0.0012144045,0.012833049,-26.88317,2.2527711,0.75092375,0.120000005,0.0,0.12772833,1.3599993,1.3799993,246400
hardzero_plus_depr__c0p52__z1p05__lam0p020__nu0p50__psi1p00,hardzero_plus_depr,0.05,39,77,0.0,2,0.1342935,0.13565683,0.9650397,0.10838279,0.10838279,1.0,0.0013633403,0.012578937,-26.068115,2.1231296,0.7077099,0.192,0.0,0.118255235,1.3799993,1.3999993,249600
hardzero_plus_depr__c0p52__z1p05__lam0p020__nu0p50__psi1p00,hardzero_plus_depr,0.05,39,78,0.0,2,0.13565683,0.13682076,1.0250307,0.09439941,0.09439941,1.0,0.0011639312,0.012329857,-27.52913,2.2551126,0.7517042,0.14999999,0.0,0.15269847,1.3999993,1.4199992,252800
hardzero_plus_depr__c0p52__z1p05__lam0p020__nu0p50__psi1p00,hardzero_plus_depr,0.05,39,79,0.0,2,0.13682076,0.13803126,0.9993063,0.100159846,0.100159846,1.0,0.0012105029,0.012085711,-27.128895,2.1985178,0.7328393,0.16800001,0.0,0.13947442,1.4199992,1.4399992,256000
hardzero_plus_depr__c0p52__z1p05__lam0p020__nu0p50__psi1p00,hardzero_plus_depr,0.05,39,80,0.0,2,0.13803126,0.13924237,0.9904018,0.10223467,0.10223467,1.0,0.0012111126,0.011846398,-26.153038,2.1789274,0.7263092,0.17600001,0.0,0.13040723,1.4399992,1.4599992,259200
hardzero_plus_depr__c0p52__z1p05__lam0p020__nu0p50__psi1p00,hardzero_plus_depr,0.05,39,81,0.0,2,0.13924237,0.14028865,1.0452513,0.09010497,0.09010497,1.0,0.0010462829,0.011611823,-27.68005,2.2995987,0.7665329,0.120000005,0.0,0.15023811,1.4599992,1.4799992,262400
hardzero_plus_depr__c0p52__z1p05__lam0p020__nu0p50__psi1p00,hardzero_plus_depr,0.05,39,82,0.0,2,0.14028865,0.14153501,0.9605678,0.10950456,0.10950456,1.0,0.0012463692,0.011381893,-25.868114,2.1132913,0.70443046,0.192,0.0,0.14647631,1.4799992,1.4999992,265600
hardzero_plus_depr__c0p52__z1p05__lam0p020__nu0p50__psi1p00,hardzero_plus_depr,0.05,39,83,0.0,2,0.14153501,0.14262542,1.0099404,0.09773712,0.09773712,1.0,0.0010904059,0.011156517,-26.104801,2.221913,0.7406377,0.18400002,0.0,0.13010544,1.4999992,1.5199991,268800
hardzero_plus_depr__c0p52__z1p05__lam0p020__nu0p50__psi1p00,hardzero_plus_depr,0.05,39,84,0.0,2,0.14262542,0.14363801,1.0334067,0.09259621,0.09259621,1.0,0.0010125955,0.010935605,-27.413523,2.2735403,0.7578468,0.14400001,0.0,0.14887337,1.5199991,1.5399991,272000
hardzero_plus_depr__c0p52__z1p05__lam0p020__nu0p50__psi1p00,hardzero_plus_depr,0.05,39,85,0.0,2,0.14363801,0.14461909,1.038455,0.0915261,0.0915261,1.0,0.0009810743,0.010719066,-27.507113,2.2846467,0.76154894,0.16000001,0.0,0.14210643,1.5399991,1.5599991,275200
hardzero_plus_depr__c0p52__z1p05__lam0p020__nu0p50__psi1p00,hardzero_plus_depr,0.05,39,86,0.0,2,0.14461909,0.14563206,1.0158728,0.09641112,0.09641112,1.0,0.0010129735,0.0105068125,-27.3343,2.2349648,0.7449883,0.136,0.0,0.14283763,1.5599991,1.5799991,278400
hardzero_plus_depr__c0p52__z1p05__lam0p020__nu0p50__psi1p00,hardzero_plus_depr,0.05,39,87,0.0,2,0.14563206,0.14662975,1.0137874,0.0968752,0.0968752,1.0,0.0009976949,0.010298765,-26.699692,2.2303767,0.7434589,0.14400001,0.0,0.13970077,1.5799991,1.5999991,281600
hardzero_plus_depr__c0p52__z1p05__lam0p020__nu0p50__psi1p00,hardzero_plus_depr,0.05,39,88,0.0,2,0.14662975,0.1476571,0.99238086,0.10176985,0.10176985,1.0,0.0010273498,0.010094835,-26.685715,2.1832814,0.7277605,0.14400001,0.0,0.1467342,1.5999991,1.619999,284800
hardzero_plus_depr__c0p52__z1p05__lam0p020__nu0p50__psi1p00,hardzero_plus_depr,0.05,39,89,0.0,2,0.1476571,0.1485635,1.0380926,0.0916025,0.0916025,1.0,0.00090640166,0.009894945,-28.29986,2.2838492,0.7612831,0.18400002,0.0,0.1723613,1.619999,1.639999,288000
hardzero_plus_depr__c0p52__z1p05__lam0p020__nu0p50__psi1p00,hardzero_plus_depr,0.05,39,90,0.0,2,0.1485635,0.14950831,1.011381,0.09741346,0.09741346,1.0,0.0009448143,0.009699012,-27.166662,2.2250826,0.7416942,0.16800001,0.0,0.13399036,1.639999,1.659999,291200
hardzero_plus_depr__c0p52__z1p05__lam0p020__nu0p50__psi1p00,hardzero_plus_depr,0.05,39,91,0.0,2,0.14950831,0.15053055,0.96848786,0.10752566,0.10752566,1.0,0.001022242,0.009506959,-26.390217,2.1307158,0.71023864,0.11,0.0,0.16372587,1.659999,1.679999,294400
hardzero_plus_depr__c0p52__z1p05__lam0p020__nu0p50__psi1p00,hardzero_plus_depr,0.05,39,92,0.0,2,0.15053055,0.1514594,1.0014093,0.09967601,0.09967601,1.0,0.0009288517,0.009318708,-26.633308,2.2031443,0.73438144,0.120000005,0.0,0.13397665,1.679999,1.699999,297600
hardzero_plus_depr__c0p52__z1p05__lam0p020__nu0p50__psi1p00,hardzero_plus_depr,0.05,39,93,0.0,2,0.1514594,0.15229973,1.0362148,0.09199945,0.09199945,1.0,0.0008403401,0.009134186,-27.440285,2.2797182,0.75990605,0.16800001,0.0,0.14807564,1.699999,1.719999,300800
hardzero_plus_depr__c0p52__z1p05__lam0p020__nu0p50__psi1p00,hardzero_plus_depr,0.05,39,94,0.0,2,0.15229973,0.15315282,1.0209854,0.09528283,0.09528283,1.0,0.0008530974,0.008953317,-27.622643,2.2462127,0.7487376,0.23200001,0.0,0.15005276,1.719999,1.7399989,304000
hardzero_plus_depr__c0p52__z1p05__lam0p020__nu0p50__psi1p00,hardzero_plus_depr,0.05,39,95,0.0,2,0.15315282,0.15394376,1.0451562,0.09012469,0.09012469,1.0,0.00079093693,0.00877603,-28.407572,2.2993896,0.7664632,0.16000001,0.0,0.16301526,1.7399989,1.7599989,307200
hardzero_plus_depr__c0p52__z1p05__lam0p020__nu0p50__psi1p00,hardzero_plus_depr,0.05,39,96,0.0,2,0.15394376,0.15394376,1.0596744,0.0,0.087161675,0.0,0.0,0.008602253,-28.110758,2.33133,0.77711004,0.15200001,0.0,0.15296535,1.7599989,1.7799989,310400
hardzero_plus_depr__c0p52__z1p05__lam0p020__nu0p50__psi1p00,hardzero_plus_depr,0.05,39,97,0.0,2,0.15394376,0.15394376,1.0595604,0.0,0.087184556,0.0,0.0,0.008431917,-28.32082,2.3310795,0.77702653,0.192,0.0,0.16749431,1.7799989,1.7999989,313600
hardzero_plus_depr__c0p52__z1p05__lam0p020__nu0p50__psi1p00,hardzero_plus_depr,0.05,39,98,0.0,2,0.15394376,0.15473911,1.0166838,0.09623127,0.09623127,1.0,0.00079534703,0.008264954,-26.530693,2.236749,0.745583,0.208,0.0,0.13513364,1.7999989,1.8199989,316800
hardzero_plus_depr__c0p52__z1p05__lam0p020__nu0p50__psi1p00,hardzero_plus_depr,0.05,39,99,0.0,2,0.15473911,0.15473911,1.1026466,0.0,0.078950234,0.0,0.0,0.008101298,-27.989058,2.425871,0.8086237,0.15200001,0.0,0.16812302,1.8199989,1.8399988,320000
hardzero_plus_depr__c0p52__z1p05__lam0p020__nu0p50__psi1p00,hardzero_plus_depr,0.05,39,100,0.0,2,0.15473911,0.15552254,1.0058656,0.09865848,0.09865848,1.0,0.0007834351,0.00794088,-26.288372,2.2129483,0.73764944,0.18400002,0.0,0.1543126,1.8399988,1.8599988,323200
hardzero_plus_depr__c0p52__z1p05__lam0p020__nu0p50__psi1p00,hardzero_plus_depr,0.05,39,101,0.0,2,0.15552254,0.15623984,1.0354805,0.092155114,0.092155114,1.0,0.00071730226,0.00778364,-27.025816,2.2781026,0.7593676,0.15200001,0.0,0.13379712,1.8599988,1.8799988,326400
hardzero_plus_depr__c0p52__z1p05__lam0p020__nu0p50__psi1p00,hardzero_plus_depr,0.05,39,102,0.0,2,0.15623984,0.15623984,1.0665016,0.0,0.0858022,0.0,0.0,0.0076295147,-28.53175,2.3463504,0.78211683,0.15200001,0.0,0.16168447,1.8799988,1.8999988,329600
hardzero_plus_depr__c0p52__z1p05__lam0p020__nu0p50__psi1p00,hardzero_plus_depr,0.05,39,103,0.0,2,0.15623984,0.15697348,1.0083265,0.09810101,0.09810101,1.0,0.0007336425,0.0074784397,-28.179049,2.2183626,0.7394542,0.14400001,0.0,0.1726977,1.8999988,1.9199988,332800
hardzero_plus_depr__c0p52__z1p05__lam0p020__nu0p50__psi1p00,hardzero_plus_depr,0.05,39,104,0.0,2,0.15697348,0.15763555,1.0442169,0.09031983,0.09031983,1.0,0.0006620765,0.0073303566,-27.667423,2.297323,0.76577437,0.14,0.0,0.16577862,1.9199988,1.9399987,336000
hardzero_plus_depr__c0p52__z1p05__lam0p020__nu0p50__psi1p00,hardzero_plus_depr,0.05,39,105,0.0,2,0.15763555,0.15830854,1.0284362,0.09366209,0.09366209,1.0,0.00067298155,0.007185207,-27.01993,2.2626047,0.7542016,0.14400001,0.0,0.14186087,1.9399987,1.9599987,339200
hardzero_plus_depr__c0p52__z1p05__lam0p020__nu0p50__psi1p00,hardzero_plus_depr,0.05,39,106,0.0,2,0.15830854,0.15902397,0.9931856,0.101581454,0.101581454,1.0,0.0007154311,0.0070429305,-26.97324,2.185052,0.72835064,0.16800001,0.0,0.15526667,1.9599987,1.9799987,342400
hardzero_plus_depr__c0p52__z1p05__lam0p020__nu0p50__psi1p00,hardzero_plus_depr,0.05,39,107,0.0,2,0.15902397,0.15967242,1.0271883,0.093931586,0.093931586,1.0,0.00064845395,0.006903471,-27.89027,2.2598593,0.7532865,0.192,0.0,0.13179746,1.9799987,1.9999987,345600
hardzero_plus_depr__c0p52__z1p05__lam0p020__nu0p50__psi1p00,hardzero_plus_depr,0.05,39,108,0.0,2,0.15967242,0.15967242,1.0812659,0.0,0.08293428,0.0,0.0,0.0067667733,-28.166811,2.3788326,0.7929442,0.120000005,0.0,0.13113227,1.9999987,2.0199988,348800
hardzero_plus_depr__c0p52__z1p05__lam0p020__nu0p50__psi1p00,hardzero_plus_depr,0.05,39,109,0.0,2,0.15967242,0.16031332,1.0149015,0.096627,0.096627,1.0,0.0006409058,0.006632782,-27.11794,2.232828,0.744276,0.208,0.0,0.13996321,2.0199988,2.0399988,352000
hardzero_plus_depr__c0p52__z1p05__lam0p020__nu0p50__psi1p00,hardzero_plus_depr,0.05,39,110,0.0,2,0.16031332,0.16031332,1.0701874,0.0,0.08507708,0.0,0.0,0.0065014437,-27.757822,2.3544593,0.7848198,0.112,0.0,0.13872841,2.0399988,2.0599988,355200
hardzero_plus_depr__c0p52__z1p05__lam0p020__nu0p50__psi1p00,hardzero_plus_depr,0.05,39,111,0.0,2,0.16031332,0.16091785,1.0229118,0.09486111,0.09486111,1.0,0.000604522,0.0063727065,-26.710012,2.2504508,0.7501503,0.192,0.0,0.17408542,2.0599988,2.0799987,358400
hardzero_plus_depr__c0p52__z1p05__lam0p020__nu0p50__psi1p00,hardzero_plus_depr,0.05,39,112,0.0,2,0.16091785,0.16148363,1.0429885,0.09057565,0.09057565,1.0,0.0005657825,0.0062465183,-28.185555,2.2946205,0.7648735,0.18400002,0.0,0.15503356,2.0799987,2.0999987,361600
hardzero_plus_depr__c0p52__z1p05__lam0p020__nu0p50__psi1p00,hardzero_plus_depr,0.05,39,113,0.0,2,0.16148363,0.16211292,0.9880977,0.102778494,0.102778494,1.0,0.0006292952,0.0061228294,-27.188667,2.1738584,0.7246195,0.23200001,0.0,0.16637225,2.0999987,2.1199987,364800
hardzero_plus_depr__c0p52__z1p05__lam0p020__nu0p50__psi1p00,hardzero_plus_depr,0.05,39,114,0.0,2,0.16211292,0.1626981,1.0109746,0.09750466,0.09750466,1.0,0.0005851829,0.0060015894,-26.169819,2.2241886,0.7413962,0.192,0.0,0.13906157,2.1199987,2.1399987,368000
hardzero_plus_depr__c0p52__z1p05__lam0p020__nu0p50__psi1p00,hardzero_plus_depr,0.05,39,115,0.0,2,0.1626981,0.16322465,1.0481406,0.08950748,0.08950748,1.0,0.00052655017,0.0058827503,-27.962408,2.3059554,0.76865184,0.136,0.0,0.13991684,2.1399987,2.1599987,371200
hardzero_plus_depr__c0p52__z1p05__lam0p020__nu0p50__psi1p00,hardzero_plus_depr,0.05,39,116,0.0,2,0.16322465,0.16378114,1.0154378,0.09650773,0.09650773,1.0,0.000556489,0.0057662637,-27.17513,2.2340078,0.7446693,0.16000001,0.0,0.12435639,2.1599987,2.1799986,374400
hardzero_plus_depr__c0p52__z1p05__lam0p020__nu0p50__psi1p00,hardzero_plus_depr,0.05,39,117,0.0,2,0.16378114,0.16378114,1.0593657,0.0,0.08722365,0.0,0.0,0.0056520845,-28.052534,2.3306513,0.7768838,0.14999999,0.0,0.14961934,2.1799986,2.1999986,377600
hardzero_plus_depr__c0p52__z1p05__lam0p020__nu0p50__psi1p00,hardzero_plus_depr,0.05,39,118,0.0,2,0.16378114,0.16430295,1.026015,0.09418569,0.09418569,1.0,0.0005218043,0.0055401656,-27.912724,2.2572782,0.7524261,0.128,0.0,0.14694305,2.1999986,2.2199986,380800
hardzero_plus_depr__c0p52__z1p05__lam0p020__nu0p50__psi1p00,hardzero_plus_depr,0.05,39,119,0.0,2,0.16430295,0.16480422,1.0347545,0.0923093,0.0923093,1.0,0.0005012823,0.0054304632,-28.149796,2.2765055,0.7588352,0.128,0.0,0.15040872,2.2199986,2.2399986,384000
hardzero_plus_depr__c0p52__z1p05__lam0p020__nu0p50__psi1p00,hardzero_plus_depr,0.05,39,120,0.0,2,0.16480422,0.16535902,0.98201317,0.10422858,0.10422858,1.0,0.0005548017,0.0053229327,-26.36095,2.1604722,0.7201574,0.15200001,0.0,0.1353872,2.2399986,2.2599986,387200
hardzero_plus_depr__c0p52__z1p05__lam0p020__nu0p50__psi1p00,hardzero_plus_depr,0.05,39,121,0.0,2,0.16535902,0.16584902,1.0272756,0.09391273,0.09391273,1.0,0.0004899926,0.0052175317,-27.041868,2.2600515,0.7533505,0.112,0.0,0.12661238,2.2599986,2.2799985,390400
hardzero_plus_depr__c0p52__z1p05__lam0p020__nu0p50__psi1p00,hardzero_plus_depr,0.05,39,122,0.0,2,0.16584902,0.16638051,0.9832759,0.103925966,0.103925966,1.0,0.00053150003,0.0051142178,-26.86156,2.1632502,0.7210834,0.16800001,0.0,0.10799345,2.2799985,2.2999985,393600
hardzero_plus_depr__c0p52__z1p05__lam0p020__nu0p50__psi1p00,hardzero_plus_depr,0.05,39,123,0.0,2,0.16638051,0.1668647,1.0150892,0.09658525,0.09658525,1.0,0.00048417697,0.0050129495,-27.79852,2.2332406,0.74441355,0.14400001,0.0,0.1546895,2.2999985,2.3199985,396800
hardzero_plus_depr__c0p52__z1p05__lam0p020__nu0p50__psi1p00,hardzero_plus_depr,0.05,39,124,0.0,2,0.1668647,0.16731943,1.0336522,0.0925439,0.0925439,1.0,0.00045473175,0.004913687,-27.355114,2.2740803,0.7580268,0.128,0.0,0.13562754,2.3199985,2.3399985,400000
hardzero_plus_depr__c0p52__z1p05__lam0p020__nu0p50__psi1p00,hardzero_plus_depr,0.05,39,125,0.0,2,0.16731943,0.16778994,1.0101521,0.09768951,0.09768951,1.0,0.00047051074,0.0048163896,-26.550499,2.222379,0.740793,0.23200001,0.0,0.13716212,2.3399985,2.3599985,403200
hardzero_plus_depr__c0p52__z1p05__lam0p020__nu0p50__psi1p00,hardzero_plus_depr,0.05,39,126,0.0,2,0.16778994,0.16822632,1.0341749,0.092432566,0.092432566,1.0,0.0004363759,0.004721019,-26.877756,2.2752302,0.7584101,0.08800001,0.0,0.16796547,2.3599985,2.3799984,406400
hardzero_plus_depr__c0p52__z1p05__lam0p020__nu0p50__psi1p00,hardzero_plus_depr,0.05,39,127,0.0,2,0.16822632,0.16822632,1.0563213,0.0,0.08783726,0.0,0.0,0.004627536,-27.745071,2.3239532,0.77465105,0.17600001,0.0,0.17447038,2.3799984,2.3999984,409600
hardzero_plus_depr__c0p52__z1p05__lam0p020__nu0p50__psi1p00,hardzero_plus_depr,0.05,39,128,0.0,2,0.16822632,0.16868623,0.993995,0.101392314,0.101392314,1.0,0.00045990592,0.004535905,-27.095304,2.1868327,0.72894424,0.16000001,0.0,0.16028671,2.3999984,2.4199984,412800
hardzero_plus_depr__c0p52__z1p05__lam0p020__nu0p50__psi1p00,hardzero_plus_depr,0.05,39,129,0.0,2,0.16868623,0.16913891,0.9921864,0.10181541,0.10181541,1.0,0.00045268025,0.004446088,-27.073923,2.1828537,0.7276179,0.18400002,0.0,0.16163714,2.4199984,2.4399984,416000
hardzero_plus_depr__c0p52__z1p05__lam0p020__nu0p50__psi1p00,hardzero_plus_depr,0.05,39,130,0.0,2,0.16913891,0.16954437,1.0313512,0.09303551,0.09303551,1.0,0.00040545335,0.0043580495,-27.258715,2.269018,0.7563393,0.21,0.0,0.18942763,2.4399984,2.4599984,419200
hardzero_plus_depr__c0p52__z1p05__lam0p020__nu0p50__psi1p00,hardzero_plus_depr,0.05,39,131,0.0,2,0.16954437,0.16992714,1.047676,0.08960331,0.08960331,1.0,0.00038276336,0.0042717545,-27.800377,2.304933,0.768311,0.14400001,0.0,0.13892302,2.4599984,2.4799984,422400
hardzero_plus_depr__c0p52__z1p05__lam0p020__nu0p50__psi1p00,hardzero_plus_depr,0.05,39,132,0.0,2,0.16992714,0.1703239,1.0233916,0.094756365,0.094756365,1.0,0.00039676082,0.004187168,-26.971592,2.2515066,0.7505022,0.192,0.0,0.15368271,2.4799984,2.4999983,425600
hardzero_plus_depr__c0p52__z1p05__lam0p020__nu0p50__psi1p00,hardzero_plus_depr,0.05,39,133,0.0,2,0.1703239,0.17075726,0.9763824,0.10558874,0.10558874,1.0,0.00043336328,0.0041042566,-26.88596,2.1480842,0.7160281,0.2,0.0,0.1454797,2.4999983,2.5199983,428800
hardzero_plus_depr__c0p52__z1p05__lam0p020__nu0p50__psi1p00,hardzero_plus_depr,0.05,39,134,0.0,2,0.17075726,0.17116919,0.98972976,0.10239299,0.10239299,1.0,0.00041192566,0.004022987,-26.059982,2.177449,0.72581637,0.17600001,0.0,0.12777975,2.5199983,2.5399983,432000
hardzero_plus_depr__c0p52__z1p05__lam0p020__nu0p50__psi1p00,hardzero_plus_depr,0.05,39,135,0.0,2,0.17116919,0.17152144,1.0490162,0.08932721,0.08932721,1.0,0.0003522464,0.003943327,-26.997704,2.3078818,0.76929396,0.112,0.0,0.16596498,2.5399983,2.5599983,435200
hardzero_plus_depr__c0p52__z1p05__lam0p020__nu0p50__psi1p00,hardzero_plus_depr,0.05,39,136,0.0,2,0.17152144,0.17187312,1.0410287,0.0909853,0.0909853,1.0,0.00035168036,0.0038652436,-27.638222,2.290309,0.7634363,0.120000005,0.0,0.15645137,2.5599983,2.5799983,438400
hardzero_plus_depr__c0p52__z1p05__lam0p020__nu0p50__psi1p00,hardzero_plus_depr,0.05,39,137,0.0,2,0.17187312,0.17222339,1.0340958,0.09244943,0.09244943,1.0,0.00035026378,0.003788707,-27.100372,2.2750561,0.75835204,0.136,0.0,0.16382103,2.5799983,2.5999982,441600
hardzero_plus_depr__c0p52__z1p05__lam0p020__nu0p50__psi1p00,hardzero_plus_depr,0.05,39,138,0.0,2,0.17222339,0.17222339,1.0938263,0.0,0.080570064,0.0,0.0,0.0037136858,-28.336092,2.406466,0.8021554,0.15200001,0.0,0.16299635,2.5999982,2.6199982,444800
hardzero_plus_depr__c0p52__z1p05__lam0p020__nu0p50__psi1p00,hardzero_plus_depr,0.05,39,139,0.0,2,0.17222339,0.17222339,1.0520538,0.0,0.088704616,0.0,0.0,0.00364015,-28.240337,2.3145647,0.77152157,0.2,0.0,0.19606078,2.6199982,2.6399982,448000
hardzero_plus_depr__c0p52__z1p05__lam0p020__nu0p50__psi1p00,hardzero_plus_depr,0.05,39,140,0.0,2,0.17222339,0.17256142,1.0234829,0.094736435,0.094736435,1.0,0.00033802624,0.00356807,-26.607311,2.2517073,0.7505691,0.16000001,0.0,0.16957645,2.6399982,2.6599982,451200
hardzero_plus_depr__c0p52__z1p05__lam0p020__nu0p50__psi1p00,hardzero_plus_depr,0.05,39,141,0.0,2,0.17256142,0.17291456,0.9957945,0.10097306,0.10097306,1.0,0.00035314495,0.0034974173,-26.353704,2.1907916,0.7302639,0.16800001,0.0,0.12066783,2.6599982,2.6799982,454400
hardzero_plus_depr__c0p52__z1p05__lam0p020__nu0p50__psi1p00,hardzero_plus_depr,0.05,39,142,0.0,2,0.17291456,0.1732203,1.0497137,0.08918387,0.08918387,1.0,0.0003057369,0.0034281637,-27.569199,2.3094163,0.76980543,0.16800001,0.0,0.14047812,2.6799982,2.6999981,457600
hardzero_plus_depr__c0p52__z1p05__lam0p020__nu0p50__psi1p00,hardzero_plus_depr,0.05,39,143,0.0,2,0.1732203,0.1732203,1.0687559,0.0,0.085357994,0.0,0.0,0.003360282,-27.997272,2.3513098,0.78376997,0.16,0.0,0.16051403,2.6999981,2.7199981,460800
hardzero_plus_depr__c0p52__z1p05__lam0p020__nu0p50__psi1p00,hardzero_plus_depr,0.05,39,144,0.0,2,0.1732203,0.17352621,1.0320991,0.092875436,0.092875436,1.0,0.00030590792,0.003293744,-27.192247,2.2706635,0.75688785,0.128,0.0,0.14993712,2.7199981,2.739998,464000
hardzero_plus_depr__c0p52__z1p05__lam0p020__nu0p50__psi1p00,hardzero_plus_depr,0.05,39,145,0.0,2,0.17352621,0.17382392,1.0352154,0.0922114,0.0922114,1.0,0.0002977067,0.0032285235,-27.177649,2.2775192,0.7591731,0.128,0.0,0.121678874,2.739998,2.759998,467200
hardzero_plus_depr__c0p52__z1p05__lam0p020__nu0p50__psi1p00,hardzero_plus_depr,0.05,39,146,0.0,2,0.17382392,0.17416994,0.96121234,0.10934216,0.10934216,1.0,0.00034602356,0.0031645943,-25.510084,2.1147094,0.7049031,0.15200001,0.0,0.114468746,2.759998,2.779998,470400
hardzero_plus_depr__c0p52__z1p05__lam0p020__nu0p50__psi1p00,hardzero_plus_depr,0.05,39,147,0.0,2,0.17416994,0.17448604,0.99180007,0.10190604,0.10190604,1.0,0.00031610555,0.0031019314,-27.407467,2.1820037,0.7273346,0.17600001,0.0,0.14424425,2.779998,2.799998,473600
hardzero_plus_depr__c0p52__z1p05__lam0p020__nu0p50__psi1p00,hardzero_plus_depr,0.05,39,148,0.0,2,0.17448604,0.17475894,1.0469384,0.08975561,0.08975561,1.0,0.00027290275,0.003040509,-27.272156,2.3033106,0.76777023,0.14400001,0.0,0.1582413,2.799998,2.819998,476800
hardzero_plus_depr__c0p52__z1p05__lam0p020__nu0p50__psi1p00,hardzero_plus_depr,0.05,39,149,0.0,2,0.17475894,0.17505412,1.0041758,0.099043086,0.099043086,1.0,0.0002951784,0.002980303,-26.44918,2.209231,0.7364103,0.16800001,0.0,0.13936979,2.819998,2.839998,480000
hardzero_plus_depr__c0p52__z1p05__lam0p020__nu0p50__psi1p00,hardzero_plus_depr,0.05,39,150,0.0,2,0.17505412,0.17532815,1.0277798,0.09380375,0.09380375,1.0,0.00027402787,0.0029212893,-27.647846,2.2611609,0.7537203,0.18400002,0.0,0.13285522,2.839998,2.859998,483200
hardzero_plus_depr__c0p52__z1p05__lam0p020__nu0p50__psi1p00,hardzero_plus_depr,0.05,39,151,0.0,2,0.17532815,0.17559126,1.0367638,0.09188322,0.09188322,1.0,0.00026310244,0.0028634437,-27.956116,2.280926,0.7603087,0.17600001,0.0,0.15804477,2.859998,2.879998,486400
hardzero_plus_depr__c0p52__z1p05__lam0p020__nu0p50__psi1p00,hardzero_plus_depr,0.05,39,152,0.0,2,0.17559126,0.17585167,1.0325294,0.09278348,0.09278348,1.0,0.00026041947,0.0028067438,-28.30733,2.27161,0.75720334,0.15200001,0.0,0.13419782,2.879998,2.899998,489600
hardzero_plus_depr__c0p52__z1p05__lam0p020__nu0p50__psi1p00,hardzero_plus_depr,0.05,39,153,0.0,2,0.17585167,0.17610101,1.0427163,0.09063244,0.09063244,1.0,0.00024934494,0.0027511667,-27.036612,2.2940216,0.7646739,0.224,0.0,0.13205226,2.899998,2.919998,492800
hardzero_plus_depr__c0p52__z1p05__lam0p020__nu0p50__psi1p00,hardzero_plus_depr,0.05,39,154,0.0,2,0.17610101,0.17635131,1.0323869,0.092813924,0.092813924,1.0,0.00025029038,0.0026966901,-27.551998,2.2712965,0.75709885,0.208,0.0,0.15147367,2.919998,2.939998,496000
hardzero_plus_depr__c0p52__z1p05__lam0p020__nu0p50__psi1p00,hardzero_plus_depr,0.05,39,155,0.0,2,0.17635131,0.17659454,1.0361382,0.09201568,0.09201568,1.0,0.00024322432,0.002643292,-28.000338,2.2795496,0.7598499,0.17600001,0.0,0.15650035,2.939998,2.959998,499200
hardzero_plus_depr__c0p52__z1p05__lam0p020__nu0p50__psi1p00,hardzero_plus_depr,0.05,39,156,0.0,2,0.17659454,0.17684527,1.0142595,0.09676996,0.09676996,1.0,0.00025072624,0.0025909513,-26.5905,2.2314153,0.7438051,0.16,0.0,0.14003605,2.959998,2.9799979,502400
hardzero_plus_depr__c0p52__z1p05__lam0p020__nu0p50__psi1p00,hardzero_plus_depr,0.05,39,157,0.0,2,0.17684527,0.1771019,0.9954665,0.10104936,0.10104936,1.0,0.00025662975,0.0025396473,-26.866158,2.19007,0.7300233,0.136,0.0,0.14008272,2.9799979,2.9999979,505600
hardzero_plus_depr__c0p52__z1p05__lam0p020__nu0p50__psi1p00,hardzero_plus_depr,0.05,39,158,0.0,2,0.1771019,0.17734921,1.002832,0.09935002,0.09935002,1.0,0.00024731786,0.002489359,-26.375275,2.2062745,0.7354249,0.192,0.0,0.15047826,2.9999979,3.0199978,508800
hardzero_plus_depr__c0p52__z1p05__lam0p020__nu0p50__psi1p00,hardzero_plus_depr,0.05,39,159,0.0,2,0.17734921,0.17734921,1.105471,0.0,0.078438446,0.0,0.0,0.002440066,-29.308683,2.4320848,0.81069493,0.18400002,0.0,0.18792011,3.0199978,3.0399978,512000
hardzero_plus_depr__c0p52__z1p05__lam0p020__nu0p50__psi1p00,hardzero_plus_depr,0.05,39,160,0.0,2,0.17734921,0.17756861,1.0374843,0.0917309,0.0917309,1.0,0.00021939736,0.0023917498,-27.863962,2.282511,0.760837,0.208,0.0,0.15827811,3.0399978,3.0599978,515200
hardzero_plus_depr__c0p52__z1p05__lam0p020__nu0p50__psi1p00,hardzero_plus_depr,0.05,39,161,0.0,2,0.17756861,0.17756861,1.0752647,0.0,0.08408824,0.0,0.0,0.0023443901,-29.011461,2.3656297,0.7885432,0.14400001,0.0,0.1572099,3.0599978,3.0799978,518400
hardzero_plus_depr__c0p52__z1p05__lam0p020__nu0p50__psi1p00,hardzero_plus_depr,0.05,39,162,0.0,2,0.17756861,0.17778412,1.027884,0.09378123,0.09378123,1.0,0.00021550628,0.0022979681,-26.903404,2.26139,0.7537967,0.14400001,0.0,0.14130484,3.0799978,3.0999978,521600
hardzero_plus_depr__c0p52__z1p05__lam0p020__nu0p50__psi1p00,hardzero_plus_depr,0.05,39,163,0.0,2,0.17778412,0.17799595,1.026652,0.09404766,0.09404766,1.0,0.00021183908,0.0022524653,-27.312412,2.2586794,0.75289315,0.15200001,0.0,0.14113654,3.0999978,3.1199977,524800
hardzero_plus_depr__c0p52__z1p05__lam0p020__nu0p50__psi1p00,hardzero_plus_depr,0.05,39,164,0.0,2,0.17799595,0.17799595,1.0634862,0.0,0.086399995,0.0,0.0,0.0022078634,-28.184395,2.3397164,0.7799055,0.15200001,0.0,0.14809857,3.1199977,3.1399977,528000
hardzero_plus_depr__c0p52__z1p05__lam0p020__nu0p50__psi1p00,hardzero_plus_depr,0.05,39,165,0.0,2,0.17799595,0.17799595,1.0946478,0.0,0.080417804,0.0,0.0,0.0021641448,-27.7305,2.4082732,0.80275774,0.072000004,0.0,0.13655305,3.1399977,3.1599977,531200
hardzero_plus_depr__c0p52__z1p05__lam0p020__nu0p50__psi1p00,hardzero_plus_depr,0.05,39,166,0.0,2,0.17799595,0.17821792,0.9803144,0.10463709,0.10463709,1.0,0.00022196579,0.0021212918,-26.768053,2.1567347,0.7189116,0.18400002,0.0,0.13705884,3.1599977,3.1799977,534400
hardzero_plus_depr__c0p52__z1p05__lam0p020__nu0p50__psi1p00,hardzero_plus_depr,0.05,39,167,0.0,2,0.17821792,0.17821792,1.0685236,0.0,0.08540363,0.0,0.0,0.0020792875,-28.06724,2.350799,0.78359973,0.112,0.0,0.15525338,3.1799977,3.1999977,537600
hardzero_plus_depr__c0p52__z1p05__lam0p020__nu0p50__psi1p00,hardzero_plus_depr,0.05,39,168,0.0,2,0.17821792,0.17840627,1.0342613,0.09241419,0.09241419,1.0,0.00018835076,0.0020381152,-27.644032,2.2754204,0.7584735,0.136,0.0,0.14332317,3.1999977,3.2199976,540800
hardzero_plus_depr__c0p52__z1p05__lam0p020__nu0p50__psi1p00,hardzero_plus_depr,0.05,39,169,0.0,2,0.17840627,0.17860352,1.0055237,0.09873619,0.09873619,1.0,0.00019725098,0.0019977577,-26.909525,2.2121964,0.7373988,0.16,0.0,0.16661489,3.2199976,3.2399976,544000
hardzero_plus_depr__c0p52__z1p05__lam0p020__nu0p50__psi1p00,hardzero_plus_depr,0.05,39,170,0.0,2,0.17860352,0.17880516,0.98728454,0.10297113,0.10297113,1.0,0.00020163802,0.0019581995,-26.731815,2.1720693,0.7240231,0.136,0.0,0.13655633,3.2399976,3.2599976,547200
hardzero_plus_depr__c0p52__z1p05__lam0p020__nu0p50__psi1p00,hardzero_plus_depr,0.05,39,171,0.0,2,0.17880516,0.17880516,1.0923634,0.0,0.08084193,0.0,0.0,0.0019194244,-28.320913,2.4032474,0.8010825,0.112,0.0,0.16376682,3.2599976,3.2799976,550400
hardzero_plus_depr__c0p52__z1p05__lam0p020__nu0p50__psi1p00,hardzero_plus_depr,0.05,39,172,0.0,2,0.17880516,0.17880516,1.0588984,0.0,0.08731755,0.0,0.0,0.0018814172,-28.08553,2.3296232,0.7765411,0.14400001,0.0,0.1422598,3.2799976,3.2999976,553600
hardzero_plus_depr__c0p52__z1p05__lam0p020__nu0p50__psi1p00,hardzero_plus_depr,0.05,39,173,0.0,2,0.17880516,0.1789708,1.046628,0.08981979,0.08981979,1.0,0.00016564233,0.0018441629,-27.900211,2.3026276,0.76754254,0.128,0.0,0.1661497,3.2999976,3.3199975,556800
hardzero_plus_depr__c0p52__z1p05__lam0p020__nu0p50__psi1p00,hardzero_plus_depr,0.05,39,174,0.0,2,0.1789708,0.17913233,1.0488659,0.089358136,0.089358136,1.0,0.00016152789,0.0018076461,-27.418419,2.3075511,0.76918375,0.14400001,0.0,0.13799787,3.3199975,3.3399975,560000
hardzero_plus_depr__c0p52__z1p05__lam0p020__nu0p50__psi1p00,hardzero_plus_depr,0.05,39,175,0.0,2,0.17913233,0.17930362,1.0147154,0.0966684,0.0966684,1.0,0.00017128212,0.0017718523,-26.868307,2.2324185,0.74413955,0.15200001,0.0,0.14282341,3.3399975,3.3599975,563200
hardzero_plus_depr__c0p52__z1p05__lam0p020__nu0p50__psi1p00,hardzero_plus_depr,0.05,39,176,0.0,2,0.17930362,0.17946783,1.0243233,0.094553284,0.094553284,1.0,0.00016421705,0.0017367672,-27.210806,2.2535563,0.7511854,0.15200001,0.0,0.15181333,3.3599975,3.3799975,566400
hardzero_plus_depr__c0p52__z1p05__lam0p020__nu0p50__psi1p00,hardzero_plus_depr,0.05,39,177,0.0,2,0.17946783,0.1796346,1.0089222,0.097966544,0.097966544,1.0,0.000166776,0.001702377,-27.391857,2.2196732,0.73989105,0.208,0.0,0.17279518,3.3799975,3.3999975,569600
hardzero_plus_depr__c0p52__z1p05__lam0p020__nu0p50__psi1p00,hardzero_plus_depr,0.05,39,178,0.0,2,0.1796346,0.17979558,1.0156026,0.09647113,0.09647113,1.0,0.00016097825,0.0016686677,-27.743776,2.2343702,0.7447901,0.15200001,0.0,0.14221367,3.3999975,3.4199975,572800
hardzero_plus_depr__c0p52__z1p05__lam0p020__nu0p50__psi1p00,hardzero_plus_depr,0.05,39,179,0.0,2,0.17979558,0.17979558,1.073508,0.0,0.084429055,0.0,0.0,0.001635626,-28.394352,2.361765,0.787255,0.128,0.0,0.16786616,3.4199975,3.4399974,576000
hardzero_plus_depr__c0p52__z1p05__lam0p020__nu0p50__psi1p00,hardzero_plus_depr,0.05,39,180,0.0,2,0.17979558,0.17996983,0.9638031,0.10869182,0.10869182,1.0,0.00017425891,0.0016032385,-26.105846,2.1204093,0.7068031,0.2,0.0,0.12952112,3.4399974,3.4599974,579200
hardzero_plus_depr__c0p52__z1p05__lam0p020__nu0p50__psi1p00,hardzero_plus_depr,0.05,39,181,0.0,2,0.17996983,0.18011758,1.0267831,0.09401928,0.09401928,1.0,0.00014775057,0.0015714923,-27.706877,2.2589679,0.7529893,0.17600001,0.0,0.17589244,3.4599974,3.4799974,582400
hardzero_plus_depr__c0p52__z1p05__lam0p020__nu0p50__psi1p00,hardzero_plus_depr,0.05,39,182,0.0,2,0.18011758,0.18026258,1.0262539,0.09413389,0.09413389,1.0,0.00014500145,0.0015403746,-28.189484,2.2578037,0.75260127,0.19,0.0,0.14502114,3.4799974,3.4999974,585600
hardzero_plus_depr__c0p52__z1p05__lam0p020__nu0p50__psi1p00,hardzero_plus_depr,0.05,39,183,0.0,2,0.18026258,0.18026258,1.0598572,0.0,0.08712498,0.0,0.0,0.0015098731,-27.505173,2.3317325,0.7772442,0.120000005,0.0,0.14496517,3.4999974,3.5199974,588800
hardzero_plus_depr__c0p52__z1p05__lam0p020__nu0p50__psi1p00,hardzero_plus_depr,0.05,39,184,0.0,2,0.18026258,0.18040219,1.0253224,0.09433601,0.09433601,1.0,0.000139615,0.0014799758,-27.462118,2.2557545,0.7519182,0.112,0.0,0.1462273,3.5199974,3.5399973,592000
hardzero_plus_depr__c0p52__z1p05__lam0p020__nu0p50__psi1p00,hardzero_plus_depr,0.05,39,185,0.0,2,0.18040219,0.1805491,0.9945042,0.10127349,0.10127349,1.0,0.00014691445,0.0014506703,-27.250525,2.187953,0.72931767,0.216,0.0,0.14776781,3.5399973,3.5599973,595200
hardzero_plus_depr__c0p52__z1p05__lam0p020__nu0p50__psi1p00,hardzero_plus_depr,0.05,39,186,0.0,2,0.1805491,0.18068925,1.0063181,0.09855572,0.09855572,1.0,0.00014014082,0.001421945,-26.716257,2.213944,0.7379813,0.128,0.0,0.13790034,3.5599973,3.5799973,598400
hardzero_plus_depr__c0p52__z1p05__lam0p020__nu0p50__psi1p00,hardzero_plus_depr,0.05,39,187,0.0,2,0.18068925,0.18081725,1.0369791,0.0918377,0.0918377,1.0,0.00012800234,0.0013937887,-28.04747,2.2813995,0.7604665,0.136,0.0,0.1419896,3.5799973,3.5999973,601600
hardzero_plus_depr__c0p52__z1p05__lam0p020__nu0p50__psi1p00,hardzero_plus_depr,0.05,39,188,0.0,2,0.18081725,0.18094319,1.0353178,0.09218966,0.09218966,1.0,0.00012594859,0.0013661899,-27.811451,2.2777445,0.7592482,0.2,0.0,0.18551005,3.5999973,3.6199973,604800
hardzero_plus_depr__c0p52__z1p05__lam0p020__nu0p50__psi1p00,hardzero_plus_depr,0.05,39,189,0.0,2,0.18094319,0.18094319,1.0530063,0.0,0.088510275,0.0,0.0,0.0013391376,-27.781012,2.3166602,0.7722201,0.16000001,0.0,0.16813378,3.6199973,3.6399972,608000
hardzero_plus_depr__c0p52__z1p05__lam0p020__nu0p50__psi1p00,hardzero_plus_depr,0.05,39,190,0.0,2,0.18094319,0.18106705,1.0251876,0.09436532,0.09436532,1.0,0.00012386589,0.0013126208,-27.443209,2.2554579,0.7518193,0.14400001,0.0,0.1370376,3.6399972,3.6599972,611200
hardzero_plus_depr__c0p52__z1p05__lam0p020__nu0p50__psi1p00,hardzero_plus_depr,0.05,39,191,0.0,2,0.18106705,0.18106705,1.0582507,0.0,0.08744789,0.0,0.0,0.0012866292,-27.178583,2.328198,0.776066,0.192,0.0,0.18017422,3.6599972,3.6799972,614400
hardzero_plus_depr__c0p52__z1p05__lam0p020__nu0p50__psi1p00,hardzero_plus_depr,0.05,39,192,0.0,2,0.18106705,0.18118368,1.0339367,0.09248329,0.09248329,1.0,0.00011663551,0.0012611522,-26.705841,2.2747064,0.75823545,0.15200001,0.0,0.1623971,3.6799972,3.6999972,617600
hardzero_plus_depr__c0p52__z1p05__lam0p020__nu0p50__psi1p00,hardzero_plus_depr,0.05,39,193,0.0,2,0.18118368,0.18130824,0.99669415,0.100764096,0.100764096,1.0,0.00012456255,0.0012361798,-26.624783,2.192771,0.73092365,0.136,0.0,0.12240687,3.6999972,3.7199972,620800
hardzero_plus_depr__c0p52__z1p05__lam0p020__nu0p50__psi1p00,hardzero_plus_depr,0.05,39,194,0.0,2,0.18130824,0.18141751,1.0449095,0.09017591,0.09017591,1.0,0.000109266315,0.0012117018,-28.056393,2.2988467,0.76628226,0.17600001,0.0,0.15745828,3.7199972,3.7399971,624000
hardzero_plus_depr__c0p52__z1p05__lam0p020__nu0p50__psi1p00,hardzero_plus_depr,0.05,39,195,0.0,2,0.18141751,0.18141751,1.1214216,0.0,0.07560986,0.0,0.0,0.0011877086,-29.086061,2.4671767,0.8223922,0.089999996,0.0,0.22410983,3.7399971,3.7599971,627200
hardzero_plus_depr__c0p52__z1p05__lam0p020__nu0p50__psi1p00,hardzero_plus_depr,0.05,39,196,0.0,2,0.18141751,0.18153512,0.99556905,0.101025485,0.101025485,1.0,0.00011761289,0.0011641904,-27.415052,2.1902957,0.7300986,0.15200001,0.0,0.14243402,3.7599971,3.779997,630400
hardzero_plus_depr__c0p52__z1p05__lam0p020__nu0p50__psi1p00,hardzero_plus_depr,0.05,39,197,0.0,2,0.18153512,0.18164316,1.0237974,0.09466787,0.09466787,1.0,0.00010802909,0.0011411379,-26.743914,2.2523992,0.7507998,0.14400001,0.0,0.13624728,3.779997,3.799997,633600
hardzero_plus_depr__c0p52__z1p05__lam0p020__nu0p50__psi1p00,hardzero_plus_depr,0.05,39,198,0.0,2,0.18164316,0.18174508,1.0403571,0.091126114,0.091126114,1.0,0.00010192838,0.0011185419,-27.438118,2.2888315,0.76294386,0.104,0.0,0.14297032,3.799997,3.819997,636800
hardzero_plus_depr__c0p52__z1p05__lam0p020__nu0p50__psi1p00,hardzero_plus_depr,0.05,39,199,0.0,2,0.18174508,0.18185852,0.9851727,0.10347306,0.10347306,1.0,0.000113447175,0.0010963933,-26.91988,2.1674232,0.72247446,0.24000001,0.0,0.14627536,3.819997,3.839997,640000
hardzero_plus_depr__c0p52__z1p05__lam0p020__nu0p50__psi1p00,hardzero_plus_depr,0.05,39,200,0.0,2,0.18185852,0.18185852,1.0534682,0.0,0.08841619,0.0,0.0,0.0010746833,-28.315443,2.3176763,0.7725588,0.120000005,0.0,0.14777675,3.839997,3.859997,643200
hardzero_plus_depr__c0p52__z1p05__lam0p020__nu0p50__psi1p00,hardzero_plus_depr,0.05,39,201,0.0,2,0.18185852,0.18196236,1.0062684,0.098567024,0.098567024,1.0,0.00010383081,0.0010534031,-26.891642,2.2138345,0.73794484,0.18400002,0.0,0.15205695,3.859997,3.879997,646400
hardzero_plus_depr__c0p52__z1p05__lam0p020__nu0p50__psi1p00,hardzero_plus_depr,0.05,39,202,0.0,2,0.18196236,0.18207058,0.9795717,0.10481616,0.10481616,1.0,0.00010822733,0.0010325443,-27.312454,2.1551008,0.718367,0.16800001,0.0,0.13903084,3.879997,3.899997,649600
hardzero_plus_depr__c0p52__z1p05__lam0p020__nu0p50__psi1p00,hardzero_plus_depr,0.05,39,203,0.0,2,0.18207058,0.18207058,1.0667903,0.0,0.08574516,0.0,0.0,0.0010120987,-27.638048,2.3469856,0.78232855,0.112,0.0,0.16965988,3.899997,3.919997,652800
hardzero_plus_depr__c0p52__z1p05__lam0p020__nu0p50__psi1p00,hardzero_plus_depr,0.05,39,204,0.0,2,0.18207058,0.18207058,1.0591203,0.0,0.08727294,0.0,0.0,0.0009920577,-28.369986,2.3301113,0.7767038,0.120000005,0.0,0.15480067,3.919997,3.939997,656000
hardzero_plus_depr__c0p52__z1p05__lam0p020__nu0p50__psi1p00,hardzero_plus_depr,0.05,39,205,0.0,2,0.18207058,0.18216886,0.99538875,0.10106743,0.10106743,1.0,9.827935e-05,0.00097241363,-26.997631,2.189899,0.72996634,0.23200001,0.0,0.13748473,3.939997,3.959997,659200
hardzero_plus_depr__c0p52__z1p05__lam0p020__nu0p50__psi1p00,hardzero_plus_depr,0.05,39,206,0.0,2,0.18216886,0.18216886,1.0546091,0.0,0.08818424,0.0,0.0,0.00095315865,-27.784052,2.3201861,0.7733954,0.112,0.0,0.19632334,3.959997,3.979997,662400
hardzero_plus_depr__c0p52__z1p05__lam0p020__nu0p50__psi1p00,hardzero_plus_depr,0.05,39,207,0.0,2,0.18216886,0.18226466,0.9890926,0.10254333,0.10254333,1.0,9.580468e-05,0.0009342848,-26.97767,2.176047,0.72534907,0.18400002,0.0,0.14314567,3.979997,3.999997,665600
hardzero_plus_depr__c0p52__z1p05__lam0p020__nu0p50__psi1p00,hardzero_plus_depr,0.05,39,208,0.0,2,0.18226466,0.18235067,1.0272608,0.09391591,0.09391591,1.0,8.600676e-05,0.0009157848,-27.392813,2.2600188,0.75333965,0.17999999,0.0,0.13485222,3.999997,4.019997,668800
hardzero_plus_depr__c0p52__z1p05__lam0p020__nu0p50__psi1p00,hardzero_plus_depr,0.05,39,209,0.0,2,0.18235067,0.18244566,0.9754112,0.10582514,0.10582514,1.0,9.499403e-05,0.0008976509,-26.889828,2.1459475,0.7153158,0.18400002,0.0,0.14638601,4.019997,4.039997,672000
hardzero_plus_depr__c0p52__z1p05__lam0p020__nu0p50__psi1p00,hardzero_plus_depr,0.05,39,210,0.0,2,0.18244566,0.18244566,1.0639588,0.0,0.08630605,0.0,0.0,0.00087987626,-27.754496,2.340756,0.780252,0.128,0.0,0.15967155,4.039997,4.059997,675200
hardzero_plus_depr__c0p52__z1p05__lam0p020__nu0p50__psi1p00,hardzero_plus_depr,0.05,39,211,0.0,2,0.18244566,0.18252778,1.0212512,0.09522451,0.09522451,1.0,8.212672e-05,0.00086245354,-27.149952,2.2467976,0.74893254,0.2,0.0,0.15189092,4.059997,4.079997,678400
hardzero_plus_depr__c0p52__z1p05__lam0p020__nu0p50__psi1p00,hardzero_plus_depr,0.05,39,212,0.0,2,0.18252778,0.18261394,0.9917472,0.10191844,0.10191844,1.0,8.615937e-05,0.00084537576,-26.958447,2.1818874,0.7272958,0.15200001,0.0,0.13706933,4.079997,4.099997,681600
hardzero_plus_depr__c0p52__z1p05__lam0p020__nu0p50__psi1p00,hardzero_plus_depr,0.05,39,213,0.0,2,0.18261394,0.18261394,1.1041511,0.0,0.07867719,0.0,0.0,0.0008286363,-28.033728,2.429181,0.8097271,0.16800001,0.0,0.16231841,4.099997,4.119997,684800
hardzero_plus_depr__c0p52__z1p05__lam0p020__nu0p50__psi1p00,hardzero_plus_depr,0.05,39,214,0.0,2,0.18261394,0.18269843,0.98289704,0.10401667,0.10401667,1.0,8.448528e-05,0.00081222825,-27.273293,2.1624167,0.7208056,0.120000005,0.0,0.1311419,4.119997,4.139997,688000
hardzero_plus_depr__c0p52__z1p05__lam0p020__nu0p50__psi1p00,hardzero_plus_depr,0.05,39,215,0.0,2,0.18269843,0.18277155,1.0369768,0.09183815,0.09183815,1.0,7.3116484e-05,0.000796145,-27.613344,2.2813945,0.76046485,0.120000005,0.0,0.13871726,4.139997,4.159997,691200
hardzero_plus_depr__c0p52__z1p05__lam0p020__nu0p50__psi1p00,hardzero_plus_depr,0.05,39,216,0.0,2,0.18277155,0.1828513,0.99053735,0.102202766,0.102202766,1.0,7.9757025e-05,0.0007803803,-26.596994,2.1792257,0.7264086,0.136,0.0,0.1386811,4.159997,4.179997,694400
hardzero_plus_depr__c0p52__z1p05__lam0p020__nu0p50__psi1p00,hardzero_plus_depr,0.05,39,217,0.0,2,0.1828513,0.18292889,0.9938473,0.10142679,0.10142679,1.0,7.758416e-05,0.0007649277,-26.696787,2.1865077,0.72883594,0.17600001,0.008,0.1470853,4.179997,4.199997,697600
hardzero_plus_depr__c0p52__z1p05__lam0p020__nu0p50__psi1p00,hardzero_plus_depr,0.05,39,218,0.0,2,0.18292889,0.18300879,0.97236264,0.1065706,0.1065706,1.0,7.990463e-05,0.0007497812,-25.987959,2.1392405,0.71308017,0.14400001,0.0,0.15471005,4.199997,4.219997,700800
hardzero_plus_depr__c0p52__z1p05__lam0p020__nu0p50__psi1p00,hardzero_plus_depr,0.05,39,219,0.0,2,0.18300879,0.18307535,1.0430028,0.09057267,0.09057267,1.0,6.6564986e-05,0.0007349345,-27.947966,2.294652,0.764884,0.136,0.0,0.17148775,4.219997,4.239997,704000
hardzero_plus_depr__c0p52__z1p05__lam0p020__nu0p50__psi1p00,hardzero_plus_depr,0.05,39,220,0.0,2,0.18307535,0.18314052,1.0435481,0.09045903,0.09045903,1.0,6.516504e-05,0.00072038185,-27.113604,2.2958517,0.76528394,0.128,0.0,0.117816955,4.239997,4.259997,707200
hardzero_plus_depr__c0p52__z1p05__lam0p020__nu0p50__psi1p00,hardzero_plus_depr,0.05,39,221,0.0,2,0.18314052,0.18321086,1.0015926,0.099633954,0.099633954,1.0,7.035326e-05,0.0007061173,-26.308105,2.2035477,0.7345159,0.12,0.0,0.12195464,4.259997,4.279997,710400
hardzero_plus_depr__c0p52__z1p05__lam0p020__nu0p50__psi1p00,hardzero_plus_depr,0.05,39,222,0.0,2,0.18321086,0.18327776,1.0148401,0.096640654,0.096640654,1.0,6.688841e-05,0.0006921353,-27.41811,2.232693,0.744231,0.16800001,0.0,0.14825821,4.279997,4.299997,713600
hardzero_plus_depr__c0p52__z1p05__lam0p020__nu0p50__psi1p00,hardzero_plus_depr,0.05,39,223,0.0,2,0.18327776,0.18334244,1.0207157,0.095342,0.095342,1.0,6.4682885e-05,0.0006784301,-26.941515,2.2456193,0.7485398,0.16000001,0.0,0.16060221,4.299997,4.319997,716800
hardzero_plus_depr__c0p52__z1p05__lam0p020__nu0p50__psi1p00,hardzero_plus_depr,0.05,39,224,0.0,2,0.18334244,0.18340547,1.0232651,0.09478395,0.09478395,1.0,6.303098e-05,0.00066499633,-26.780252,2.2512283,0.7504095,0.14400001,0.0,0.15107831,4.319997,4.339997,720000
hardzero_plus_depr__c0p52__z1p05__lam0p020__nu0p50__psi1p00,hardzero_plus_depr,0.05,39,225,0.0,2,0.18340547,0.18340547,1.0927191,0.0,0.08077574,0.0,0.0,0.00065182854,-29.31737,2.40403,0.8013434,0.112,0.0,0.17120343,4.339997,4.359997,723200
hardzero_plus_depr__c0p52__z1p05__lam0p020__nu0p50__psi1p00,hardzero_plus_depr,0.05,39,226,0.0,2,0.18340547,0.18346956,0.99870163,0.1002994,0.1002994,1.0,6.408344e-05,0.00063892145,-27.654694,2.1971874,0.7323958,0.224,0.0,0.14635175,4.359997,4.379997,726400
hardzero_plus_depr__c0p52__z1p05__lam0p020__nu0p50__psi1p00,hardzero_plus_depr,0.05,39,227,0.0,2,0.18346956,0.18346956,1.1163765,0.0,0.07649332,0.0,0.0,0.00062626996,-29.293356,2.4560773,0.81869245,0.096,0.0,0.20498033,4.379997,4.3999968,729600
hardzero_plus_depr__c0p52__z1p05__lam0p020__nu0p50__psi1p00,hardzero_plus_depr,0.05,39,228,0.0,2,0.18346956,0.18346956,1.0839968,0.0,0.082414426,0.0,0.0,0.000613869,-28.239834,2.3848405,0.79494685,0.18400002,0.0,0.20254812,4.3999968,4.4199967,732800
hardzero_plus_depr__c0p52__z1p05__lam0p020__nu0p50__psi1p00,hardzero_plus_depr,0.05,39,229,0.0,2,0.18346956,0.18346956,1.0551673,0.0,0.088070944,0.0,0.0,0.0006017136,-27.375975,2.3214145,0.77380484,0.17600001,0.0,0.15164521,4.4199967,4.4399967,736000
hardzero_plus_depr__c0p52__z1p05__lam0p020__nu0p50__psi1p00,hardzero_plus_depr,0.05,39,230,0.0,2,0.18346956,0.18352534,1.024219,0.094576,0.094576,1.0,5.5780823e-05,0.0005897989,-26.585085,2.253327,0.751109,0.16000001,0.0,0.13275397,4.4399967,4.4599967,739200
hardzero_plus_depr__c0p52__z1p05__lam0p020__nu0p50__psi1p00,hardzero_plus_depr,0.05,39,231,0.0,2,0.18352534,0.18358284,1.0023682,0.09945617,0.09945617,1.0,5.7497607e-05,0.00057812006,-26.81751,2.205254,0.7350847,0.096,0.0,0.14147207,4.4599967,4.4799967,742400
hardzero_plus_depr__c0p52__z1p05__lam0p020__nu0p50__psi1p00,hardzero_plus_depr,0.05,39,232,0.0,2,0.18358284,0.18363765,1.0144718,0.09672265,0.09672265,1.0,5.481007e-05,0.00056667253,-26.377752,2.2318823,0.7439608,0.136,0.0,0.120131366,4.4799967,4.4999967,745600
hardzero_plus_depr__c0p52__z1p05__lam0p020__nu0p50__psi1p00,hardzero_plus_depr,0.05,39,233,0.0,2,0.18363765,0.18368992,1.0263315,0.09411708,0.09411708,1.0,5.227749e-05,0.00055545167,-27.751272,2.2579744,0.7526581,0.136,0.0,0.13967277,4.4999967,4.5199966,748800
hardzero_plus_depr__c0p52__z1p05__lam0p020__nu0p50__psi1p00,hardzero_plus_depr,0.05,39,234,0.0,2,0.18368992,0.18374817,0.97063804,0.106994614,0.106994614,1.0,5.8253536e-05,0.000544453,-26.693518,2.1354463,0.7118155,0.14,0.0,0.14398952,4.5199966,4.5399966,752000
hardzero_plus_depr__c0p52__z1p05__lam0p020__nu0p50__psi1p00,hardzero_plus_depr,0.05,39,235,0.0,2,0.18374817,0.18380031,1.010111,0.09769875,0.09769875,1.0,5.21391e-05,0.00053367217,-27.264114,2.2222886,0.7407629,0.18400002,0.0,0.1406001,4.5399966,4.5599966,755200
hardzero_plus_depr__c0p52__z1p05__lam0p020__nu0p50__psi1p00,hardzero_plus_depr,0.05,39,236,0.0,2,0.18380031,0.18384778,1.0421114,0.09075877,0.09075877,1.0,4.7476344e-05,0.00052310474,-27.709896,2.2926908,0.76423025,0.16800001,0.0,0.15510623,4.5599966,4.5799966,758400
hardzero_plus_depr__c0p52__z1p05__lam0p020__nu0p50__psi1p00,hardzero_plus_depr,0.05,39,237,0.0,2,0.18384778,0.18390116,0.9825447,0.1041011,0.1041011,1.0,5.337748e-05,0.00051274657,-26.149115,2.1616416,0.7205472,0.192,0.0,0.1551093,4.5799966,4.5999966,761600
hardzero_plus_depr__c0p52__z1p05__lam0p020__nu0p50__psi1p00,hardzero_plus_depr,0.05,39,238,0.0,2,0.18390116,0.18390116,1.0721549,0.0,0.08469253,0.0,0.0,0.0005025935,-28.427286,2.3587878,0.78626263,0.16000001,0.0,0.15764372,4.5999966,4.6199965,764800
hardzero_plus_depr__c0p52__z1p05__lam0p020__nu0p50__psi1p00,hardzero_plus_depr,0.05,39,239,0.0,2,0.18390116,0.18395486,0.9625217,0.109013006,0.109013006,1.0,5.3704334e-05,0.0004926415,-26.729637,2.11759,0.70586336,0.16800001,0.0,0.14623967,4.6199965,4.6399965,768000
hardzero_plus_depr__c0p52__z1p05__lam0p020__nu0p50__psi1p00,hardzero_plus_depr,0.05,39,240,0.0,2,0.18395486,0.18400288,1.002551,0.099414326,0.099414326,1.0,4.800584e-05,0.00048288656,-27.26265,2.205656,0.7352187,0.2,0.0,0.13748074,4.6399965,4.6599965,771200
hardzero_plus_depr__c0p52__z1p05__lam0p020__nu0p50__psi1p00,hardzero_plus_depr,0.05,39,241,0.0,2,0.18400288,0.18400288,1.0789288,0.0,0.08338179,0.0,0.0,0.00047332476,-28.140732,2.3736908,0.7912303,0.18400002,0.0,0.155685,4.6599965,4.6799965,774400
hardzero_plus_depr__c0p52__z1p05__lam0p020__nu0p50__psi1p00,hardzero_plus_depr,0.05,39,242,0.0,2,0.18400288,0.18404582,1.0336068,0.092553586,0.092553586,1.0,4.294045e-05,0.0004639523,-27.367971,2.2739804,0.75799346,0.128,0.008,0.12629865,4.6799965,4.6999965,777600
hardzero_plus_depr__c0p52__z1p05__lam0p020__nu0p50__psi1p00,hardzero_plus_depr,0.05,39,243,0.0,2,0.18404582,0.18408905,1.0219467,0.09507216,0.09507216,1.0,4.3235537e-05,0.00045476548,-26.840635,2.2483275,0.7494425,0.16000001,0.0,0.14499365,4.6999965,4.7199965,780800
hardzero_plus_depr__c0p52__z1p05__lam0p020__nu0p50__psi1p00,hardzero_plus_depr,0.05,39,244,0.0,2,0.18408905,0.18408905,1.0658321,0.0,0.08593455,0.0,0.0,0.00044576052,-28.930931,2.3448775,0.78162587,0.17600001,0.0,0.17971875,4.7199965,4.7399964,784000
hardzero_plus_depr__c0p52__z1p05__lam0p020__nu0p50__psi1p00,hardzero_plus_depr,0.05,39,245,0.0,2,0.18408905,0.18408905,1.0627588,0.0,0.08654485,0.0,0.0,0.00043693386,-27.154427,2.338116,0.779372,0.16000001,0.0,0.15814306,4.7399964,4.7599964,787200
hardzero_plus_depr__c0p52__z1p05__lam0p020__nu0p50__psi1p00,hardzero_plus_depr,0.05,39,246,0.0,2,0.18408905,0.18412794,1.0418955,0.0908039,0.0908039,1.0,3.8889677e-05,0.00042828202,-27.491806,2.2922158,0.76407194,0.17600001,0.0,0.14329536,4.7599964,4.7799964,790400
hardzero_plus_depr__c0p52__z1p05__lam0p020__nu0p50__psi1p00,hardzero_plus_depr,0.05,39,247,0.0,2,0.18412794,0.18416642,1.0378008,0.09166409,0.09166409,1.0,3.848072e-05,0.00041980148,-28.294834,2.2832074,0.7610692,0.14,0.0,0.13806412,4.7799964,4.7999964,793600
hardzero_plus_depr__c0p52__z1p05__lam0p020__nu0p50__psi1p00,hardzero_plus_depr,0.05,39,248,0.0,2,0.18416642,0.18416642,1.0523098,0.0,0.08865235,0.0,0.0,0.00041148887,-27.923561,2.3151276,0.7717092,0.14400001,0.0,0.16582932,4.7999964,4.8199964,796800
hardzero_plus_depr__c0p52__z1p05__lam0p020__nu0p50__psi1p00,hardzero_plus_depr,0.05,39,249,0.0,2,0.18416642,0.18416642,1.0910517,0.0,0.08108644,0.0,0.0,0.00040334082,-28.962193,2.4003618,0.8001206,0.15200001,0.0,0.15421103,4.8199964,4.8399963,800000
hardzero_plus_depr__c0p52__z1p05__lam0p020__nu0p50__psi1p00,hardzero_plus_depr,0.05,39,250,0.0,2,0.18416642,0.18416642,1.058585,0.0,0.08738059,0.0,0.0,0.00039535417,-28.03788,2.3289337,0.7763113,0.128,0.0,0.16851626,4.8399963,4.8599963,803200
hardzero_plus_depr__c0p52__z1p05__lam0p020__nu0p50__psi1p00,hardzero_plus_depr,0.05,39,251,0.0,2,0.18416642,0.18420492,1.0028551,0.09934476,0.09934476,1.0,3.849864e-05,0.00038752562,-27.443436,2.2063253,0.7354418,0.16000001,0.0,0.16137418,4.8599963,4.8799963,806400
hardzero_plus_depr__c0p52__z1p05__lam0p020__nu0p50__psi1p00,hardzero_plus_depr,0.05,39,252,0.0,2,0.18420492,0.18424414,0.9861291,0.10324545,0.10324545,1.0,3.9218e-05,0.0003798521,-27.234858,2.1695273,0.72317576,0.14400001,0.0,0.13043444,4.8799963,4.8999963,809600
hardzero_plus_depr__c0p52__z1p05__lam0p020__nu0p50__psi1p00,hardzero_plus_depr,0.05,39,253,0.0,2,0.18424414,0.18424414,1.0508542,0.0,0.08894996,0.0,0.0,0.00037233054,-27.807524,2.3119254,0.7706418,0.112,0.0,0.14773062,4.8999963,4.9199963,812800
hardzero_plus_depr__c0p52__z1p05__lam0p020__nu0p50__psi1p00,hardzero_plus_depr,0.05,39,254,0.0,2,0.18424414,0.18427937,1.0152893,0.09654076,0.09654076,1.0,3.523331e-05,0.0003649579,-27.638618,2.2336812,0.7445604,0.18400002,0.0,0.13525257,4.9199963,4.9399962,816000
hardzero_plus_depr__c0p52__z1p05__lam0p020__nu0p50__psi1p00,hardzero_plus_depr,0.05,39,255,0.0,2,0.18427937,0.18431744,0.97300917,0.10641204,0.10641204,1.0,3.806691e-05,0.00035773125,-26.388918,2.140663,0.7135543,0.14400001,0.0,0.15602908,4.9399962,4.959996,819200
hardzero_plus_depr__c0p52__z1p05__lam0p020__nu0p50__psi1p00,hardzero_plus_depr,0.05,39,256,0.0,2,0.18431744,0.1843561,0.95772946,0.11022257,0.11022257,1.0,3.8649294e-05,0.00035064772,-26.754923,2.1070468,0.70234895,0.16000001,0.0,0.121257305,4.959996,4.979996,822400
hardzero_plus_depr__c0p52__z1p05__lam0p020__nu0p50__psi1p00,hardzero_plus_depr,0.05,39,257,0.0,2,0.1843561,0.18438955,1.0117657,0.09732722,0.09732722,1.0,3.3451797e-05,0.00034370445,-27.018585,2.225929,0.7419764,0.15200001,0.0,0.12272552,4.979996,4.999996,825600
hardzero_plus_depr__c0p52__z1p05__lam0p020__nu0p50__psi1p00,hardzero_plus_depr,0.05,39,258,0.0,2,0.18438955,0.1844207,1.0339882,0.09247231,0.09247231,1.0,3.1153795e-05,0.00033689864,-27.69364,2.2748196,0.75827324,0.14400001,0.0,0.15449382,4.999996,5.019996,828800
hardzero_plus_depr__c0p52__z1p05__lam0p020__nu0p50__psi1p00,hardzero_plus_depr,0.05,39,259,0.0,2,0.1844207,0.1844207,1.0528967,0.0,0.08853261,0.0,0.0,0.0003302276,-27.548084,2.3164191,0.7721397,0.15200001,0.0,0.13394961,5.019996,5.039996,832000
hardzero_plus_depr__c0p52__z1p05__lam0p020__nu0p50__psi1p00,hardzero_plus_depr,0.05,39,260,0.0,2,0.1844207,0.1844528,1.0036108,0.099172,0.099172,1.0,3.2100856e-05,0.00032368867,-26.365341,2.207988,0.735996,0.16,0.0,0.14197838,5.039996,5.059996,835200
hardzero_plus_depr__c0p52__z1p05__lam0p020__nu0p50__psi1p00,hardzero_plus_depr,0.05,39,261,0.0,2,0.1844528,0.18448327,1.0174712,0.09605696,0.09605696,1.0,3.0476878e-05,0.00031727922,-26.887915,2.2384813,0.74616045,0.120000005,0.0,0.13924573,5.059996,5.079996,838400
hardzero_plus_depr__c0p52__z1p05__lam0p020__nu0p50__psi1p00,hardzero_plus_depr,0.05,39,262,0.0,2,0.18448327,0.18448327,1.1111661,0.0,0.077416554,0.0,0.0,0.00031099666,-28.456652,2.4446142,0.81487143,0.128,0.0,0.170334,5.079996,5.099996,841600
hardzero_plus_depr__c0p52__z1p05__lam0p020__nu0p50__psi1p00,hardzero_plus_depr,0.05,39,263,0.0,2,0.18448327,0.18451375,1.0002272,0.0999477,0.0999477,1.0,3.0467909e-05,0.00030483853,-27.271261,2.2005439,0.73351467,0.15200001,0.0,0.14369638,5.099996,5.119996,844800
hardzero_plus_depr__c0p52__z1p05__lam0p020__nu0p50__psi1p00,hardzero_plus_depr,0.05,39,264,0.0,2,0.18451375,0.18454462,0.9857786,0.10332878,0.10332878,1.0,3.087488e-05,0.00029880233,-27.077192,2.1687562,0.72291875,0.16800001,0.0,0.14688629,5.119996,5.139996,848000
hardzero_plus_depr__c0p52__z1p05__lam0p020__nu0p50__psi1p00,hardzero_plus_depr,0.05,39,265,0.0,2,0.18454462,0.18457243,1.0224637,0.09495904,0.09495904,1.0,2.781214e-05,0.00029288564,-27.315653,2.249465,0.74982166,0.216,0.0,0.17610934,5.139996,5.159996,851200
hardzero_plus_depr__c0p52__z1p05__lam0p020__nu0p50__psi1p00,hardzero_plus_depr,0.05,39,266,0.0,2,0.18457243,0.18459901,1.03328,0.092623234,0.092623234,1.0,2.6590846e-05,0.00028708612,-27.720072,2.2732613,0.7577538,0.2,0.0,0.14638357,5.159996,5.179996,854400
hardzero_plus_depr__c0p52__z1p05__lam0p020__nu0p50__psi1p00,hardzero_plus_depr,0.05,39,267,0.0,2,0.18459901,0.18463217,0.9288379,0.11780455,0.11780455,1.0,3.315037e-05,0.00028140144,-26.388557,2.0434842,0.6811614,0.2,0.0,0.13401574,5.179996,5.199996,857600
hardzero_plus_depr__c0p52__z1p05__lam0p020__nu0p50__psi1p00,hardzero_plus_depr,0.05,39,268,0.0,2,0.18463217,0.1846606,0.9868607,0.10307166,0.10307166,1.0,2.8430188e-05,0.00027582934,-27.320944,2.1711369,0.7237123,0.18400002,0.0,0.15367752,5.199996,5.219996,860800
hardzero_plus_depr__c0p52__z1p05__lam0p020__nu0p50__psi1p00,hardzero_plus_depr,0.05,39,269,0.0,2,0.1846606,0.1846869,1.0119452,0.09728699,0.09728699,1.0,2.6303247e-05,0.00027036757,-26.769041,2.226324,0.74210805,0.192,0.0,0.13781546,5.219996,5.239996,864000
hardzero_plus_depr__c0p52__z1p05__lam0p020__nu0p50__psi1p00,hardzero_plus_depr,0.05,39,270,0.0,2,0.1846869,0.18471502,0.9743522,0.1060835,0.1060835,1.0,2.8113604e-05,0.00026501392,-26.621208,2.1436176,0.71453923,0.192,0.0,0.15826261,5.239996,5.259996,867200
hardzero_plus_depr__c0p52__z1p05__lam0p020__nu0p50__psi1p00,hardzero_plus_depr,0.05,39,271,0.0,2,0.18471502,0.18474261,0.9737084,0.106240876,0.106240876,1.0,2.7597798e-05,0.0002597663,-26.847235,2.1422012,0.7140671,0.14400001,0.0,0.11916598,5.259996,5.279996,870400
hardzero_plus_depr__c0p52__z1p05__lam0p020__nu0p50__psi1p00,hardzero_plus_depr,0.05,39,272,0.0,2,0.18474261,0.18477088,0.9545375,0.11103566,0.11103566,1.0,2.8272185e-05,0.00025462257,-26.931047,2.1000245,0.70000815,0.23200001,0.008,0.14653602,5.279996,5.299996,873600
hardzero_plus_depr__c0p52__z1p05__lam0p020__nu0p50__psi1p00,hardzero_plus_depr,0.05,39,273,0.0,2,0.18477088,0.18477088,1.0564948,0.0,0.08780214,0.0,0.0,0.00024958074,-27.796309,2.324335,0.77477837,0.13,0.0,0.22555552,5.299996,5.319996,876800
hardzero_plus_depr__c0p52__z1p05__lam0p020__nu0p50__psi1p00,hardzero_plus_depr,0.05,39,274,0.0,2,0.18477088,0.18479402,1.0242305,0.094573505,0.094573505,1.0,2.313634e-05,0.0002446387,-26.855818,2.253352,0.75111735,0.104,0.0,0.1233327,5.319996,5.339996,880000
hardzero_plus_depr__c0p52__z1p05__lam0p020__nu0p50__psi1p00,hardzero_plus_depr,0.05,39,275,0.0,2,0.18479402,0.18481961,0.97175056,0.10672089,0.10672089,1.0,2.5591085e-05,0.00023979454,-27.342115,2.137894,0.71263134,0.216,0.0,0.16113831,5.339996,5.359996,883200
hardzero_plus_depr__c0p52__z1p05__lam0p020__nu0p50__psi1p00,hardzero_plus_depr,0.05,39,276,0.0,2,0.18481961,0.18484202,1.0206337,0.09536001,0.09536001,1.0,2.2414017e-05,0.00023504629,-27.284159,2.245439,0.7484797,0.120000005,0.0,0.15600473,5.359996,5.379996,886400
hardzero_plus_depr__c0p52__z1p05__lam0p020__nu0p50__psi1p00,hardzero_plus_depr,0.05,39,277,0.0,2,0.18484202,0.18484202,1.0648754,0.0,0.08612407,0.0,0.0,0.00023039208,-28.080763,2.3427725,0.7809242,0.15200001,0.0,0.19217616,5.379996,5.399996,889600
hardzero_plus_depr__c0p52__z1p05__lam0p020__nu0p50__psi1p00,hardzero_plus_depr,0.05,39,278,0.0,2,0.18484202,0.18486294,1.0331349,0.09265418,0.09265418,1.0,2.0924093e-05,0.00022583,-26.15336,2.2729423,0.75764745,0.15200001,0.0,0.13638881,5.399996,5.419996,892800
hardzero_plus_depr__c0p52__z1p05__lam0p020__nu0p50__psi1p00,hardzero_plus_depr,0.05,39,279,0.0,2,0.18486294,0.18488431,1.0152563,0.096548095,0.096548095,1.0,2.137172e-05,0.00022135826,-26.706669,2.2336085,0.74453616,0.15200001,0.0,0.17275609,5.419996,5.439996,896000
hardzero_plus_depr__c0p52__z1p05__lam0p020__nu0p50__psi1p00,hardzero_plus_depr,0.05,39,280,0.0,2,0.18488431,0.18490691,0.98213935,0.10419831,0.10419831,1.0,2.2608438e-05,0.0002169751,-25.601475,2.1607497,0.7202499,0.24000001,0.0,0.13031578,5.439996,5.4599957,899200
hardzero_plus_depr__c0p52__z1p05__lam0p020__nu0p50__psi1p00,hardzero_plus_depr,0.05,39,281,0.0,2,0.18490691,0.1849287,0.9895994,0.10242373,0.10242373,1.0,2.1783344e-05,0.00021267869,-27.491434,2.1771622,0.72572076,0.16000001,0.0,0.13906896,5.4599957,5.4799957,902400
hardzero_plus_depr__c0p52__z1p05__lam0p020__nu0p50__psi1p00,hardzero_plus_depr,0.05,39,282,0.0,2,0.1849287,0.18494794,1.0349567,0.09226633,0.09226633,1.0,1.9234518e-05,0.00020846736,-27.82406,2.2769501,0.7589834,0.16000001,0.0,0.14416695,5.4799957,5.4999957,905600
hardzero_plus_depr__c0p52__z1p05__lam0p020__nu0p50__psi1p00,hardzero_plus_depr,0.05,39,283,0.0,2,0.18494794,0.1849704,0.9589877,0.109903686,0.109903686,1.0,2.2457656e-05,0.00020433943,-26.630434,2.1098151,0.70327175,0.18400002,0.0,0.12230673,5.4999957,5.5199957,908800
hardzero_plus_depr__c0p52__z1p05__lam0p020__nu0p50__psi1p00,hardzero_plus_depr,0.05,39,284,0.0,2,0.1849704,0.18498911,1.0296223,0.09340662,0.09340662,1.0,1.8708715e-05,0.00020029326,-27.519855,2.2652144,0.7550715,0.136,0.0,0.14587565,5.5199957,5.5399957,912000
hardzero_plus_depr__c0p52__z1p05__lam0p020__nu0p50__psi1p00,hardzero_plus_depr,0.05,39,285,0.0,2,0.18498911,0.18500887,0.99708444,0.100673586,0.100673586,1.0,1.9764964e-05,0.00019632721,-27.034998,2.1936295,0.7312099,0.112,0.0,0.13548584,5.5399957,5.5599957,915200
hardzero_plus_depr__c0p52__z1p05__lam0p020__nu0p50__psi1p00,hardzero_plus_depr,0.05,39,286,0.0,2,0.18500887,0.18502888,0.98290324,0.10401519,0.10401519,1.0,2.0016647e-05,0.00019243966,-25.370068,2.1624303,0.7208101,0.22,0.0,0.14313442,5.5599957,5.5799956,918400
hardzero_plus_depr__c0p52__z1p05__lam0p020__nu0p50__psi1p00,hardzero_plus_depr,0.05,39,287,0.0,2,0.18502888,0.1850508,0.93479556,0.11619956,0.11619956,1.0,2.191862e-05,0.00018862911,-25.487883,2.0565913,0.6855304,0.16800001,0.0,0.12689011,5.5799956,5.5999956,921600
hardzero_plus_depr__c0p52__z1p05__lam0p020__nu0p50__psi1p00,hardzero_plus_depr,0.05,39,288,0.0,2,0.1850508,0.18506801,1.0309519,0.093121104,0.093121104,1.0,1.7217533e-05,0.000184894,-27.277485,2.2681394,0.7560465,0.17600001,0.0,0.15395631,5.5999956,5.6199956,924800
hardzero_plus_depr__c0p52__z1p05__lam0p020__nu0p50__psi1p00,hardzero_plus_depr,0.05,39,289,0.0,2,0.18506801,0.18508613,1.0002358,0.099945724,0.099945724,1.0,1.811345e-05,0.00018123286,-26.536072,2.2005627,0.7335209,0.17600001,0.0,0.15943992,5.6199956,5.6399956,928000
hardzero_plus_depr__c0p52__z1p05__lam0p020__nu0p50__psi1p00,hardzero_plus_depr,0.05,39,290,0.0,2,0.18508613,0.18508613,1.0529965,0.0,0.08851226,0.0,0.0,0.00017764421,-28.141182,2.3166387,0.7722129,0.15200001,0.0,0.1543566,5.6399956,5.6599956,931200
hardzero_plus_depr__c0p52__z1p05__lam0p020__nu0p50__psi1p00,hardzero_plus_depr,0.05,39,291,0.0,2,0.18508613,0.18510392,0.99053615,0.10220303,0.10220303,1.0,1.7796268e-05,0.00017412663,-26.447638,2.179223,0.7264077,0.2,0.0,0.13573493,5.6599956,5.6799955,934400
hardzero_plus_depr__c0p52__z1p05__lam0p020__nu0p50__psi1p00,hardzero_plus_depr,0.05,39,292,0.0,2,0.18510392,0.18510392,1.0701288,0.0,0.08508856,0.0,0.0,0.0001706787,-27.728672,2.3543303,0.7847768,0.112,0.0,0.14760059,5.6799955,5.6999955,937600
hardzero_plus_depr__c0p52__z1p05__lam0p020__nu0p50__psi1p00,hardzero_plus_depr,0.05,39,293,0.0,2,0.18510392,0.18511909,1.0426936,0.09063718,0.09063718,1.0,1.5163512e-05,0.00016729903,-27.824583,2.2939718,0.76465726,0.17600001,0.0,0.15114363,5.6999955,5.7199955,940800
hardzero_plus_depr__c0p52__z1p05__lam0p020__nu0p50__psi1p00,hardzero_plus_depr,0.05,39,294,0.0,2,0.18511909,0.18513373,1.0495163,0.089224406,0.089224406,1.0,1.4631578e-05,0.00016398627,-27.46403,2.3089821,0.7696607,0.2,0.008,0.14172257,5.7199955,5.7399955,944000
hardzero_plus_depr__c0p52__z1p05__lam0p020__nu0p50__psi1p00,hardzero_plus_depr,0.05,39,295,0.0,2,0.18513373,0.18513373,1.0646188,0.0,0.08617497,0.0,0.0,0.00016073915,-28.742,2.3422081,0.7807361,0.120000005,0.0,0.16694441,5.7399955,5.7599955,947200
hardzero_plus_depr__c0p52__z1p05__lam0p020__nu0p50__psi1p00,hardzero_plus_depr,0.05,39,296,0.0,2,0.18513373,0.18514937,1.0030903,0.09929096,0.09929096,1.0,1.5643915e-05,0.0001575563,-26.666164,2.2068427,0.73561424,0.18400002,0.0,0.13959229,5.7599955,5.7799954,950400
hardzero_plus_depr__c0p52__z1p05__lam0p020__nu0p50__psi1p00,hardzero_plus_depr,0.05,39,297,0.0,2,0.18514937,0.18516321,1.0473293,0.08967486,0.08967486,1.0,1.3849071e-05,0.0001544365,-26.975203,2.3041704,0.7680568,0.16800001,0.0,0.14318934,5.7799954,5.7999954,953600
hardzero_plus_depr__c0p52__z1p05__lam0p020__nu0p50__psi1p00,hardzero_plus_depr,0.05,39,298,0.0,2,0.18516321,0.18517795,1.0117234,0.09733669,0.09733669,1.0,1.47346755e-05,0.00015137844,-27.236778,2.2258358,0.74194527,0.16800001,0.0,0.16010584,5.7999954,5.8199954,956800
hardzero_plus_depr__c0p52__z1p05__lam0p020__nu0p50__psi1p00,hardzero_plus_depr,0.05,39,299,0.0,2,0.18517795,0.18519144,1.041295,0.09092952,0.09092952,1.0,1.3492208e-05,0.00014838095,-27.731848,2.290895,0.7636317,0.16,0.0,0.15184173,5.8199954,5.8399954,960000
hardzero_plus_depr__c0p52__z1p05__lam0p020__nu0p50__psi1p00,hardzero_plus_depr,0.05,39,300,0.0,2,0.18519144,0.18520671,0.978774,0.10500886,0.10500886,1.0,1.5272784e-05,0.00014544281,-25.954014,2.1533458,0.71778196,0.128,0.0,0.12493615,5.8399954,5.8599954,963200
hardzero_plus_depr__c0p52__z1p05__lam0p020__nu0p50__psi1p00,hardzero_plus_depr,0.05,39,301,0.0,2,0.18520671,0.1852211,0.99603146,0.10091797,0.10091797,1.0,1.4387153e-05,0.00014256284,-27.182587,2.191313,0.7304377,0.104,0.0,0.15548861,5.8599954,5.8799953,966400
hardzero_plus_depr__c0p52__z1p05__lam0p020__nu0p50__psi1p00,hardzero_plus_depr,0.05,39,302,0.0,2,0.1852211,0.1852211,1.0773877,0.0,0.0836782,0.0,0.0,0.00013973992,-27.98626,2.3703003,0.7901001,0.14400001,0.0,0.16435863,5.8799953,5.8999953,969600
hardzero_plus_depr__c0p52__z1p05__lam0p020__nu0p50__psi1p00,hardzero_plus_depr,0.05,39,303,0.0,2,0.1852211,0.1852211,1.0523474,0.0,0.08864465,0.0,0.0,0.00013697287,-28.612225,2.3152106,0.77173686,0.18400002,0.0,0.18951085,5.8999953,5.9199953,972800
hardzero_plus_depr__c0p52__z1p05__lam0p020__nu0p50__psi1p00,hardzero_plus_depr,0.05,39,304,0.0,2,0.1852211,0.18523449,1.0016886,0.09961194,0.09961194,1.0,1.3373962e-05,0.00013426064,-26.85715,2.203759,0.73458636,0.15200001,0.0,0.14529654,5.9199953,5.9399953,976000
hardzero_plus_depr__c0p52__z1p05__lam0p020__nu0p50__psi1p00,hardzero_plus_depr,0.05,39,305,0.0,2,0.18523449,0.18524687,1.0264199,0.09409795,0.09409795,1.0,1.2383489e-05,0.00013160211,-27.035929,2.2581687,0.7527229,0.208,0.0,0.15188368,5.9399953,5.9599953,979200
hardzero_plus_depr__c0p52__z1p05__lam0p020__nu0p50__psi1p00,hardzero_plus_depr,0.05,39,306,0.0,2,0.18524687,0.18526015,0.987523,0.10291458,0.10291458,1.0,1.327559e-05,0.00012899621,-26.76412,2.172594,0.72419804,0.208,0.0,0.13761093,5.9599953,5.9799953,982400
hardzero_plus_depr__c0p52__z1p05__lam0p020__nu0p50__psi1p00,hardzero_plus_depr,0.05,39,307,0.0,2,0.18526015,0.18527417,0.955221,0.11086105,0.11086105,1.0,1.4017484e-05,0.00012644193,-25.887682,2.1015282,0.7005094,0.216,0.0,0.14617945,5.9799953,5.999995,985600
hardzero_plus_depr__c0p52__z1p05__lam0p020__nu0p50__psi1p00,hardzero_plus_depr,0.05,39,308,0.0,2,0.18527417,0.18528551,1.0384336,0.091530636,0.091530636,1.0,1.1344142e-05,0.0001239382,-27.653627,2.2845993,0.76153314,0.17600001,0.0,0.15014605,5.999995,6.019995,988800
hardzero_plus_depr__c0p52__z1p05__lam0p020__nu0p50__psi1p00,hardzero_plus_depr,0.05,39,309,0.0,2,0.18528551,0.18529685,1.0298929,0.09334844,0.09334844,1.0,1.13403485e-05,0.00012148407,-26.698568,2.2658098,0.75526994,0.104,0.0,0.13325785,6.019995,6.039995,992000
hardzero_plus_depr__c0p52__z1p05__lam0p020__nu0p50__psi1p00,hardzero_plus_depr,0.05,39,310,0.0,2,0.18529685,0.18530919,0.98472166,0.103580564,0.103580564,1.0,1.233422e-05,0.00011907852,-26.772,2.166431,0.72214365,0.192,0.0,0.12323052,6.039995,6.059995,995200
hardzero_plus_depr__c0p52__z1p05__lam0p020__nu0p50__psi1p00,hardzero_plus_depr,0.05,39,311,0.0,2,0.18530919,0.1853215,0.97686994,0.10547026,0.10547026,1.0,1.2310554e-05,0.000116720614,-26.048018,2.1491568,0.7163856,0.17600001,0.0,0.12928037,6.059995,6.079995,998400
hardzero_plus_depr__c0p52__z1p05__lam0p020__nu0p50__psi1p00,hardzero_plus_depr,0.05,39,312,0.0,2,0.1853215,0.18533258,1.0134686,0.096946344,0.096946344,1.0,1.1091572e-05,0.000114409384,-26.06107,2.2296755,0.7432252,0.13,0.0,0.1378201,6.079995,6.099995,1001600
hardzero_plus_depr__c0p52__z1p05__lam0p020__nu0p50__psi1p00,hardzero_plus_depr,0.05,39,313,0.0,2,0.18533258,0.18533258,1.0643113,0.0,0.086236015,0.0,0.0,0.00011214394,-28.088516,2.3415315,0.78051054,0.104,0.0,0.15559924,6.099995,6.119995,1004800
hardzero_plus_depr__c0p52__z1p05__lam0p020__nu0p50__psi1p00,hardzero_plus_depr,0.05,39,314,0.0,2,0.18533258,0.18533258,1.103767,0.0,0.07874681,0.0,0.0,0.00010992333,-29.264233,2.428336,0.8094453,0.072000004,0.0,0.15843393,6.119995,6.139995,1008000
hardzero_plus_depr__c0p52__z1p05__lam0p020__nu0p50__psi1p00,hardzero_plus_depr,0.05,39,315,0.0,2,0.18533258,0.18533258,1.0940614,0.0,0.08052647,0.0,0.0,0.00010774671,-28.271269,2.4069831,0.80232775,0.112,0.0,0.16798732,6.139995,6.159995,1011200
hardzero_plus_depr__c0p52__z1p05__lam0p020__nu0p50__psi1p00,hardzero_plus_depr,0.05,39,316,0.0,2,0.18533258,0.18534338,0.9899931,0.102330916,0.102330916,1.0,1.0807495e-05,0.000105613195,-27.063517,2.1780283,0.7260095,0.16800001,0.0,0.14412047,6.159995,6.179995,1014400
hardzero_plus_depr__c0p52__z1p05__lam0p020__nu0p50__psi1p00,hardzero_plus_depr,0.05,39,317,0.0,2,0.18534338,0.18535455,0.96745706,0.10778117,0.10778117,1.0,1.1157713e-05,0.00010352191,-26.871462,2.128448,0.70948267,0.192,0.0,0.11590982,6.179995,6.199995,1017600
hardzero_plus_depr__c0p52__z1p05__lam0p020__nu0p50__psi1p00,hardzero_plus_depr,0.05,39,318,0.0,2,0.18535455,0.18536593,0.95026284,0.112133965,0.112133965,1.0,1.1378462e-05,0.00010147204,-25.87192,2.09062,0.69687337,0.192,0.0,0.1536098,6.199995,6.219995,1020800
hardzero_plus_depr__c0p52__z1p05__lam0p020__nu0p50__psi1p00,hardzero_plus_depr,0.05,39,319,0.0,2,0.18536593,0.18537566,1.0096782,0.09779614,0.09779614,1.0,9.727074e-06,9.946276e-05,-27.239674,2.2213366,0.74044555,0.208,0.0,0.16830234,6.219995,6.239995,1024000
hardzero_plus_depr__c0p52__z1p05__lam0p020__nu0p50__psi1p00,hardzero_plus_depr,0.05,39,320,0.0,2,0.18537566,0.18537566,1.072081,0.0,0.08470695,0.0,0.0,9.749327e-05,-28.940279,2.3586252,0.7862084,0.120000005,0.0,0.15756528,6.239995,6.259995,1027200
hardzero_plus_depr__c0p52__z1p05__lam0p020__nu0p50__psi1p00,hardzero_plus_depr,0.05,39,321,0.0,2,0.18537566,0.18538493,1.0134027,0.096961044,0.096961044,1.0,9.265866e-06,9.556277e-05,-27.6991,2.2295303,0.7431768,0.28,0.0,0.15174213,6.259995,6.279995,1030400
hardzero_plus_depr__c0p52__z1p05__lam0p020__nu0p50__psi1p00,hardzero_plus_depr,0.05,39,322,0.0,2,0.18538493,0.18539415,1.0069019,0.098423354,0.098423354,1.0,9.219365e-06,9.3670504e-05,-27.182154,2.2152283,0.73840946,0.2,0.0,0.14018789,6.279995,6.299995,1033600
hardzero_plus_depr__c0p52__z1p05__lam0p020__nu0p50__psi1p00,hardzero_plus_depr,0.05,39,323,0.0,2,0.18539415,0.18539415,1.0746084,0.0,0.08421541,0.0,0.0,9.181571e-05,-28.630201,2.3641858,0.788062,0.104,0.0,0.17225455,6.299995,6.319995,1036800
hardzero_plus_depr__c0p52__z1p05__lam0p020__nu0p50__psi1p00,hardzero_plus_depr,0.05,39,324,0.0,2,0.18539415,0.18539415,1.0537755,0.0,0.08835364,0.0,0.0,8.999763e-05,-27.74679,2.3183525,0.7727842,0.18400002,0.0,0.16360323,6.319995,6.339995,1040000
hardzero_plus_depr__c0p52__z1p05__lam0p020__nu0p50__psi1p00,hardzero_plus_depr,0.05,39,325,0.0,2,0.18539415,0.18540248,1.0249579,0.09441524,0.09441524,1.0,8.328894e-06,8.8215565e-05,-27.273018,2.2549524,0.7516508,0.19999999,0.0,0.14463137,6.339995,6.359995,1043200
hardzero_plus_depr__c0p52__z1p05__lam0p020__nu0p50__psi1p00,hardzero_plus_depr,0.05,39,326,0.0,2,0.18540248,0.18541098,1.0074924,0.098289594,0.098289594,1.0,8.4989815e-06,8.646878e-05,-26.865486,2.2165275,0.7388425,0.15200001,0.0,0.1550138,6.359995,6.379995,1046400
hardzero_plus_depr__c0p52__z1p05__lam0p020__nu0p50__psi1p00,hardzero_plus_depr,0.05,39,327,0.0,2,0.18541098,0.18541887,1.0309896,0.093113005,0.093113005,1.0,7.891941e-06,8.475659e-05,-27.371418,2.2682226,0.7560742,0.15200001,0.0,0.13459395,6.379995,6.399995,1049600
hardzero_plus_depr__c0p52__z1p05__lam0p020__nu0p50__psi1p00,hardzero_plus_depr,0.05,39,328,0.0,2,0.18541887,0.18542644,1.0406035,0.091074444,0.091074444,1.0,7.5663097e-06,8.3078296e-05,-27.628912,2.2893734,0.76312447,0.128,0.0,0.1696583,6.399995,6.419995,1052800
hardzero_plus_depr__c0p52__z1p05__lam0p020__nu0p50__psi1p00,hardzero_plus_depr,0.05,39,329,0.0,2,0.18542644,0.18543407,1.0284673,0.09365536,0.09365536,1.0,7.626659e-06,8.143324e-05,-26.971313,2.2626731,0.7542244,0.128,0.0,0.16360562,6.419995,6.439995,1056000
hardzero_plus_depr__c0p52__z1p05__lam0p020__nu0p50__psi1p00,hardzero_plus_depr,0.05,39,330,0.0,2,0.18543407,0.18544133,1.0416956,0.090845704,0.090845704,1.0,7.251372e-06,7.982075e-05,-27.750084,2.291776,0.7639253,0.128,0.0,0.14934672,6.439995,6.459995,1059200
hardzero_plus_depr__c0p52__z1p05__lam0p020__nu0p50__psi1p00,hardzero_plus_depr,0.05,39,331,0.0,2,0.18544133,0.18544953,0.9796864,0.104788505,0.104788505,1.0,8.198674e-06,7.82402e-05,-26.780518,2.155353,0.718451,0.16000001,0.0,0.14454047,6.459995,6.479995,1062400
hardzero_plus_depr__c0p52__z1p05__lam0p020__nu0p50__psi1p00,hardzero_plus_depr,0.05,39,332,0.0,2,0.18544953,0.18545648,1.0418231,0.09081903,0.09081903,1.0,6.9649973e-06,7.669094e-05,-27.036459,2.2920568,0.76401895,0.192,0.0,0.14767385,6.479995,6.4999948,1065600
hardzero_plus_depr__c0p52__z1p05__lam0p020__nu0p50__psi1p00,hardzero_plus_depr,0.05,39,333,0.0,2,0.18545648,0.18546359,1.0239779,0.094628535,0.094628535,1.0,7.1134505e-06,7.5172364e-05,-27.358412,2.2527964,0.75093216,0.24800001,0.0,0.15831241,6.4999948,6.5199947,1068800
hardzero_plus_depr__c0p52__z1p05__lam0p020__nu0p50__psi1p00,hardzero_plus_depr,0.05,39,334,0.0,2,0.18546359,0.18547156,0.965884,0.10817229,0.10817229,1.0,7.9705505e-06,7.368385e-05,-25.939327,2.1249871,0.7083291,0.2,0.0,0.1256473,6.5199947,6.5399947,1072000
hardzero_plus_depr__c0p52__z1p05__lam0p020__nu0p50__psi1p00,hardzero_plus_depr,0.05,39,335,0.0,2,0.18547156,0.18547958,0.95445263,0.11105736,0.11105736,1.0,8.021097e-06,7.222481e-05,-26.49757,2.0998378,0.6999459,0.2,0.0,0.1434579,6.5399947,6.5599947,1075200
hardzero_plus_depr__c0p52__z1p05__lam0p020__nu0p50__psi1p00,hardzero_plus_depr,0.05,39,336,0.0,2,0.18547958,0.18548632,1.0217388,0.09511769,0.09511769,1.0,6.733824e-06,7.079466e-05,-27.446497,2.2478702,0.7492901,0.14400001,0.0,0.1288427,6.5599947,6.5799947,1078400
hardzero_plus_depr__c0p52__z1p05__lam0p020__nu0p50__psi1p00,hardzero_plus_depr,0.05,39,337,0.0,2,0.18548632,0.1854938,0.9676987,0.10772123,0.10772123,1.0,7.475082e-06,6.939284e-05,-26.21819,2.1289797,0.70965993,0.208,0.0,0.15218976,6.5799947,6.5999947,1081600
hardzero_plus_depr__c0p52__z1p05__lam0p020__nu0p50__psi1p00,hardzero_plus_depr,0.05,39,338,0.0,2,0.1854938,0.18550023,1.0235871,0.094713725,0.094713725,1.0,6.44231e-06,6.801876e-05,-26.23748,2.2519367,0.7506456,0.17,0.0,0.11843533,6.5999947,6.6199946,1084800
hardzero_plus_depr__c0p52__z1p05__lam0p020__nu0p50__psi1p00,hardzero_plus_depr,0.05,39,339,0.0,2,0.18550023,0.18550621,1.0476993,0.089598484,0.089598484,1.0,5.973702e-06,6.667191e-05,-27.686615,2.3049846,0.7683282,0.136,0.0,0.14564928,6.6199946,6.6399946,1088000
hardzero_plus_depr__c0p52__z1p05__lam0p020__nu0p50__psi1p00,hardzero_plus_depr,0.05,39,340,0.0,2,0.18550621,0.18551247,1.0185562,0.09581727,0.09581727,1.0,6.2618224e-06,6.535171e-05,-26.847866,2.2408686,0.7469562,0.136,0.0,0.12276627,6.6399946,6.6599946,1091200
hardzero_plus_depr__c0p52__z1p05__lam0p020__nu0p50__psi1p00,hardzero_plus_depr,0.05,39,341,0.0,2,0.18551247,0.18551247,1.069085,0.0,0.085293315,0.0,0.0,6.405767e-05,-28.596376,2.352034,0.78401136,0.136,0.0,0.17787464,6.6599946,6.6799946,1094400
hardzero_plus_depr__c0p52__z1p05__lam0p020__nu0p50__psi1p00,hardzero_plus_depr,0.05,39,342,0.0,2,0.18551247,0.18551873,1.0011568,0.099733986,0.099733986,1.0,6.2622207e-06,6.278924e-05,-27.238049,2.202589,0.73419636,0.16800001,0.0,0.14920536,6.6799946,6.6999946,1097600
hardzero_plus_depr__c0p52__z1p05__lam0p020__nu0p50__psi1p00,hardzero_plus_depr,0.05,39,343,0.0,2,0.18551873,0.18552522,0.97670317,0.10551078,0.10551078,1.0,6.493759e-06,6.154593e-05,-26.435232,2.14879,0.7162633,0.17600001,0.0,0.14760417,6.6999946,6.7199945,1100800
hardzero_plus_depr__c0p52__z1p05__lam0p020__nu0p50__psi1p00,hardzero_plus_depr,0.05,39,344,0.0,2,0.18552522,0.18553074,1.0394173,0.09132353,0.09132353,1.0,5.509297e-06,6.0327242e-05,-27.551275,2.2867637,0.7622546,0.16800001,0.0,0.13631426,6.7199945,6.7399945,1104000
hardzero_plus_depr__c0p52__z1p05__lam0p020__nu0p50__psi1p00,hardzero_plus_depr,0.05,39,345,0.0,2,0.18553074,0.18553601,1.0492837,0.0892722,0.0892722,1.0,5.278905e-06,5.9132686e-05,-27.182978,2.3084702,0.7694901,0.17600001,0.0,0.15444805,6.7399945,6.7599945,1107200
hardzero_plus_depr__c0p52__z1p05__lam0p020__nu0p50__psi1p00,hardzero_plus_depr,0.05,39,346,0.0,2,0.18553601,0.18554136,1.0352569,0.09220259,0.09220259,1.0,5.3442263e-06,5.796178e-05,-27.878012,2.2776105,0.75920355,0.16800001,0.0,0.13395905,6.7599945,6.7799945,1110400
hardzero_plus_depr__c0p52__z1p05__lam0p020__nu0p50__psi1p00,hardzero_plus_depr,0.05,39,347,0.0,2,0.18554136,0.18554665,1.0309595,0.093119465,0.093119465,1.0,5.2904948e-06,5.681406e-05,-28.203497,2.268156,0.756052,0.17600001,0.0,0.13552827,6.7799945,6.7999945,1113600
hardzero_plus_depr__c0p52__z1p05__lam0p020__nu0p50__psi1p00,hardzero_plus_depr,0.05,39,348,0.0,2,0.18554665,0.18555196,1.0208427,0.09531414,0.09531414,1.0,5.3079557e-06,5.568907e-05,-26.5529,2.2458987,0.7486329,0.216,0.0,0.14931917,6.7999945,6.8199944,1116800
hardzero_plus_depr__c0p52__z1p05__lam0p020__nu0p50__psi1p00,hardzero_plus_depr,0.05,39,349,0.0,2,0.18555196,0.18555692,1.0407692,0.09103968,0.09103968,1.0,4.9695236e-06,5.4586348e-05,-27.370955,2.289738,0.763246,0.15200001,0.0,0.15629596,6.8199944,6.8399944,1120000
hardzero_plus_depr__c0p52__z1p05__lam0p020__nu0p50__psi1p00,hardzero_plus_depr,0.05,39,350,0.0,2,0.18555692,0.18556198,1.0237099,0.09468694,0.09468694,1.0,5.066269e-06,5.3505468e-05,-27.550665,2.2522068,0.75073564,0.16800001,0.0,0.15176922,6.8399944,6.8599944,1123200
hardzero_plus_depr__c0p52__z1p05__lam0p020__nu0p50__psi1p00,hardzero_plus_depr,0.05,39,351,0.0,2,0.18556198,0.18556198,1.0719204,0.0,0.084738255,0.0,0.0,5.2445987e-05,-27.373205,2.3582718,0.7860906,0.14999999,0.0,0.13377243,6.8599944,6.8799944,1126400
hardzero_plus_depr__c0p52__z1p05__lam0p020__nu0p50__psi1p00,hardzero_plus_depr,0.05,39,352,0.0,2,0.18556198,0.18556695,1.0153843,0.09651963,0.09651963,1.0,4.961832e-06,5.1407493e-05,-26.067566,2.23389,0.74463004,0.120000005,0.0,0.14903344,6.8799944,6.8999944,1129600
hardzero_plus_depr__c0p52__z1p05__lam0p020__nu0p50__psi1p00,hardzero_plus_depr,0.05,39,353,0.0,2,0.18556695,0.18556695,1.0727355,0.0,0.08457937,0.0,0.0,5.0389557e-05,-27.099962,2.3600655,0.7866885,0.104,0.0,0.14207335,6.8999944,6.9199944,1132800
hardzero_plus_depr__c0p52__z1p05__lam0p020__nu0p50__psi1p00,hardzero_plus_depr,0.05,39,354,0.0,2,0.18556695,0.18557186,1.0020201,0.09953592,0.09953592,1.0,4.9162554e-06,4.9391772e-05,-27.181965,2.2044883,0.7348294,0.192,0.008,0.14706574,6.9199944,6.9399943,1136000
hardzero_plus_depr__c0p52__z1p05__lam0p020__nu0p50__psi1p00,hardzero_plus_depr,0.05,39,355,0.0,2,0.18557186,0.18557669,1.0008004,0.099815875,0.099815875,1.0,4.832461e-06,4.8413753e-05,-26.961369,2.2018049,0.733935,0.136,0.0,0.13973722,6.9399943,6.9599943,1139200
hardzero_plus_depr__c0p52__z1p05__lam0p020__nu0p50__psi1p00,hardzero_plus_depr,0.05,39,356,0.0,2,0.18557669,0.18558162,0.98282075,0.104034945,0.104034945,1.0,4.9369887e-06,4.74551e-05,-27.405462,2.1622488,0.7207496,0.2,0.0,0.13601929,6.9599943,6.9799943,1142400
hardzero_plus_depr__c0p52__z1p05__lam0p020__nu0p50__psi1p00,hardzero_plus_depr,0.05,39,357,0.0,2,0.18558162,0.18558641,0.9872676,0.10297514,0.10297514,1.0,4.7899325e-06,4.6515426e-05,-26.323141,2.172032,0.7240107,0.192,0.0,0.13205707,6.9799943,6.9999943,1145600
hardzero_plus_depr__c0p52__z1p05__lam0p020__nu0p50__psi1p00,hardzero_plus_depr,0.05,39,358,0.0,2,0.18558641,0.1855914,0.9601731,0.10960412,0.10960412,1.0,4.99733e-06,4.5594363e-05,-27.850332,2.112423,0.704141,0.264,0.0,0.16824268,6.9999943,7.0199943,1148800
hardzero_plus_depr__c0p52__z1p05__lam0p020__nu0p50__psi1p00,hardzero_plus_depr,0.05,39,359,0.0,2,0.1855914,0.1855959,0.9973898,0.100602835,0.100602835,1.0,4.496095e-06,4.4691533e-05,-27.01651,2.1943014,0.7314338,0.16800001,0.0,0.17111345,7.0199943,7.0399942,1152000
hardzero_plus_depr__c0p52__z1p05__lam0p020__nu0p50__psi1p00,hardzero_plus_depr,0.05,39,360,0.0,2,0.1855959,0.18560031,0.9976903,0.10053323,0.10053323,1.0,4.404017e-06,4.380658e-05,-26.92593,2.1949625,0.73165417,0.16000001,0.0,0.14853093,7.0399942,7.059994,1155200
hardzero_plus_depr__c0p52__z1p05__lam0p020__nu0p50__psi1p00,hardzero_plus_depr,0.05,39,361,0.0,2,0.18560031,0.18560465,0.9964679,0.10081661,0.10081661,1.0,4.32898e-06,4.2939155e-05,-26.610428,2.1922731,0.7307577,0.17600001,0.0,0.12959076,7.059994,7.079994,1158400
hardzero_plus_depr__c0p52__z1p05__lam0p020__nu0p50__psi1p00,hardzero_plus_depr,0.05,39,362,0.0,2,0.18560465,0.18560888,0.9980191,0.10045716,0.10045716,1.0,4.2281317e-06,4.2088905e-05,-26.790142,2.1956859,0.7318953,0.104,0.0,0.12738985,7.079994,7.099994,1161600
hardzero_plus_depr__c0p52__z1p05__lam0p020__nu0p50__psi1p00,hardzero_plus_depr,0.05,39,363,0.0,2,0.18560888,0.18560888,1.0542092,0.0,0.08826545,0.0,0.0,4.1255487e-05,-28.062464,2.3193066,0.7731022,0.15200001,0.0,0.12678587,7.099994,7.119994,1164800
hardzero_plus_depr__c0p52__z1p05__lam0p020__nu0p50__psi1p00,hardzero_plus_depr,0.05,39,364,0.0,2,0.18560888,0.18561256,1.0402533,0.09114791,0.09114791,1.0,3.6858914e-06,4.0438576e-05,-27.087988,2.2886028,0.7628676,0.11,0.0,0.13056949,7.119994,7.139994,1168000
hardzero_plus_depr__c0p52__z1p05__lam0p020__nu0p50__psi1p00,hardzero_plus_depr,0.05,39,365,0.0,2,0.18561256,0.18561676,0.9750273,0.10591871,0.10591871,1.0,4.198389e-06,3.963784e-05,-26.539516,2.145103,0.71503437,0.192,0.0,0.13099329,7.139994,7.159994,1171200
hardzero_plus_depr__c0p52__z1p05__lam0p020__nu0p50__psi1p00,hardzero_plus_depr,0.05,39,366,0.0,2,0.18561676,0.1856206,1.0053974,0.09876488,0.09876488,1.0,3.8373073e-06,3.8852955e-05,-27.537197,2.2119186,0.73730624,0.17600001,0.0,0.14975327,7.159994,7.179994,1174400
hardzero_plus_depr__c0p52__z1p05__lam0p020__nu0p50__psi1p00,hardzero_plus_depr,0.05,39,367,0.0,2,0.1856206,0.18562415,1.0303669,0.09324661,0.09324661,1.0,3.5511684e-06,3.808362e-05,-27.110567,2.2668524,0.7556175,0.15200001,0.0,0.1378848,7.179994,7.199994,1177600
hardzero_plus_depr__c0p52__z1p05__lam0p020__nu0p50__psi1p00,hardzero_plus_depr,0.05,39,368,0.0,2,0.18562415,0.18562777,1.0126326,0.09713314,0.09713314,1.0,3.625933e-06,3.7329515e-05,-27.545206,2.2278361,0.74261206,0.192,0.0,0.14524765,7.199994,7.219994,1180800
hardzero_plus_depr__c0p52__z1p05__lam0p020__nu0p50__psi1p00,hardzero_plus_depr,0.05,39,369,0.0,2,0.18562777,0.18563166,0.9728631,0.106447846,0.106447846,1.0,3.894963e-06,3.659034e-05,-26.34024,2.1403415,0.7134472,0.14400001,0.0,0.13673507,7.219994,7.239994,1184000
hardzero_plus_depr__c0p52__z1p05__lam0p020__nu0p50__psi1p00,hardzero_plus_depr,0.05,39,370,0.0,2,0.18563166,0.18563521,1.0045435,0.098959275,0.098959275,1.0,3.549254e-06,3.5865804e-05,-27.113718,2.2100399,0.73668,0.2,0.0,0.12195337,7.239994,7.259994,1187200
hardzero_plus_depr__c0p52__z1p05__lam0p020__nu0p50__psi1p00,hardzero_plus_depr,0.05,39,371,0.0,2,0.18563521,0.18563886,0.98447484,0.10363946,0.10363946,1.0,3.643509e-06,3.5155615e-05,-27.265987,2.1658878,0.72196263,0.192,0.0,0.15227383,7.259994,7.279994,1190400
hardzero_plus_depr__c0p52__z1p05__lam0p020__nu0p50__psi1p00,hardzero_plus_depr,0.05,39,372,0.0,2,0.18563886,0.18564202,1.0376703,0.09169163,0.09169163,1.0,3.1596462e-06,3.4459485e-05,-27.590067,2.2829201,0.7609734,0.14400001,0.0,0.1384791,7.279994,7.299994,1193600
hardzero_plus_depr__c0p52__z1p05__lam0p020__nu0p50__psi1p00,hardzero_plus_depr,0.05,39,373,0.0,2,0.18564202,0.18564534,1.00729,0.09833542,0.09833542,1.0,3.3214894e-06,3.377714e-05,-26.844143,2.2160823,0.73869413,0.14400001,0.0,0.14010216,7.299994,7.319994,1196800
hardzero_plus_depr__c0p52__z1p05__lam0p020__nu0p50__psi1p00,hardzero_plus_depr,0.05,39,374,0.0,2,0.18564534,0.18564832,1.0456072,0.09003114,0.09003114,1.0,2.9807788e-06,3.310831e-05,-27.396503,2.300382,0.76679397,0.16000001,0.0,0.14586316,7.319994,7.339994,1200000
hardzero_plus_depr__c0p52__z1p05__lam0p020__nu0p50__psi1p00,hardzero_plus_depr,0.05,39,375,0.0,2,0.18564832,0.18565172,0.98049533,0.104593486,0.104593486,1.0,3.3943436e-06,3.2452725e-05,-26.32989,2.1571329,0.7190443,0.136,0.0,0.13680354,7.339994,7.359994,1203200
hardzero_plus_depr__c0p52__z1p05__lam0p020__nu0p50__psi1p00,hardzero_plus_depr,0.05,39,376,0.0,2,0.18565172,0.18565466,1.0348024,0.09229912,0.09229912,1.0,2.936046e-06,3.181012e-05,-27.351873,2.2766109,0.7588703,0.14400001,0.0,0.15597202,7.359994,7.379994,1206400
hardzero_plus_depr__c0p52__z1p05__lam0p020__nu0p50__psi1p00,hardzero_plus_depr,0.05,39,377,0.0,2,0.18565466,0.18565466,1.0701315,0.0,0.08508803,0.0,0.0,3.1180236e-05,-27.43894,2.3543365,0.78477883,0.16,0.0,0.13139671,7.379994,7.399994,1209600
hardzero_plus_depr__c0p52__z1p05__lam0p020__nu0p50__psi1p00,hardzero_plus_depr,0.05,39,378,0.0,2,0.18565466,0.1856577,1.0015559,0.099642366,0.099642366,1.0,3.0453525e-06,3.0562827e-05,-27.082642,2.203467,0.73448896,0.15200001,0.0,0.14857116,7.399994,7.419994,1212800
hardzero_plus_depr__c0p52__z1p05__lam0p020__nu0p50__psi1p00,hardzero_plus_depr,0.05,39,379,0.0,2,0.1856577,0.1856577,1.0923077,0.0,0.08085228,0.0,0.0,2.995764e-05,-28.758139,2.4031248,0.8010416,0.17600001,0.0,0.16619045,7.419994,7.439994,1216000
hardzero_plus_depr__c0p52__z1p05__lam0p020__nu0p50__psi1p00,hardzero_plus_depr,0.05,39,380,0.0,2,0.1856577,0.18566075,0.98221886,0.10417923,0.10417923,1.0,3.059165e-06,2.936444e-05,-26.959023,2.1609247,0.72030824,0.16000001,0.0,0.14271353,7.439994,7.459994,1219200
hardzero_plus_depr__c0p52__z1p05__lam0p020__nu0p50__psi1p00,hardzero_plus_depr,0.05,39,381,0.0,2,0.18566075,0.1856635,1.018548,0.09581908,0.09581908,1.0,2.757959e-06,2.8782984e-05,-27.928413,2.2408504,0.74695015,0.16800001,0.0,0.14246666,7.459994,7.479994,1222400
hardzero_plus_depr__c0p52__z1p05__lam0p020__nu0p50__psi1p00,hardzero_plus_depr,0.05,39,382,0.0,2,0.1856635,0.18566638,0.9925226,0.10173664,0.10173664,1.0,2.8703007e-06,2.8213048e-05,-26.843868,2.1835933,0.72786444,0.2,0.0,0.16951595,7.479994,7.499994,1225600
hardzero_plus_depr__c0p52__z1p05__lam0p020__nu0p50__psi1p00,hardzero_plus_depr,0.05,39,383,0.0,2,0.18566638,0.18566898,1.0292274,0.093491614,0.093491614,1.0,2.5854536e-06,2.765439e-05,-28.014158,2.2643454,0.75478184,0.15200001,0.0,0.15627624,7.499994,7.519994,1228800
hardzero_plus_depr__c0p52__z1p05__lam0p020__nu0p50__psi1p00,hardzero_plus_depr,0.05,39,384,0.0,2,0.18566898,0.18566898,1.0791535,0.0,0.083338656,0.0,0.0,2.7106797e-05,-28.409529,2.374185,0.79139507,0.120000005,0.0,0.14013074,7.519994,7.539994,1232000
hardzero_plus_depr__c0p52__z1p05__lam0p020__nu0p50__psi1p00,hardzero_plus_depr,0.05,39,385,0.0,2,0.18566898,0.18567157,1.010797,0.097544536,0.097544536,1.0,2.5917632e-06,2.657005e-05,-26.940033,2.2237978,0.74126595,0.208,0.0,0.15090284,7.539994,7.5599937,1235200
hardzero_plus_depr__c0p52__z1p05__lam0p020__nu0p50__psi1p00,hardzero_plus_depr,0.05,39,386,0.0,2,0.18567157,0.1856741,1.0115107,0.09738436,0.09738436,1.0,2.536271e-06,2.6043925e-05,-27.181774,2.225368,0.74178934,0.128,0.0,0.12974124,7.5599937,7.5799937,1238400
hardzero_plus_depr__c0p52__z1p05__lam0p020__nu0p50__psi1p00,hardzero_plus_depr,0.05,39,387,0.0,2,0.1856741,0.18567665,1.0009693,0.099777065,0.099777065,1.0,2.547131e-06,2.5528221e-05,-26.708366,2.2021763,0.7340588,0.15200001,0.0,0.1286179,7.5799937,7.5999937,1241600
hardzero_plus_depr__c0p52__z1p05__lam0p020__nu0p50__psi1p00,hardzero_plus_depr,0.05,39,388,0.0,2,0.18567665,0.18567903,1.0200857,0.09548043,0.09548043,1.0,2.389181e-06,2.5022731e-05,-26.822794,2.2442334,0.7480778,0.120000005,0.0,0.13639443,7.5999937,7.6199937,1244800
hardzero_plus_depr__c0p52__z1p05__lam0p020__nu0p50__psi1p00,hardzero_plus_depr,0.05,39,389,0.0,2,0.18567903,0.18568137,1.0205363,0.09538141,0.09538141,1.0,2.3394434e-06,2.4527248e-05,-27.599396,2.2452247,0.74840826,0.14400001,0.0,0.13483779,7.6199937,7.6399937,1248000
hardzero_plus_depr__c0p52__z1p05__lam0p020__nu0p50__psi1p00,hardzero_plus_depr,0.05,39,390,0.0,2,0.18568137,0.18568373,1.0095134,0.09783327,0.09783327,1.0,2.3520658e-06,2.4041574e-05,-26.005375,2.2209737,0.7403246,0.089999996,0.0,0.14448734,7.6399937,7.6599936,1251200
hardzero_plus_depr__c0p52__z1p05__lam0p020__nu0p50__psi1p00,hardzero_plus_depr,0.05,39,391,0.0,2,0.18568373,0.18568611,0.9954801,0.10104618,0.10104618,1.0,2.381206e-06,2.3565522e-05,-26.395016,2.1901,0.73003334,0.104,0.0,0.16416024,7.6599936,7.6799936,1254400
hardzero_plus_depr__c0p52__z1p05__lam0p020__nu0p50__psi1p00,hardzero_plus_depr,0.05,39,392,0.0,2,0.18568611,0.18568851,0.9845343,0.10362528,0.10362528,1.0,2.3936293e-06,2.3098894e-05,-27.196745,2.1660187,0.72200626,0.15200001,0.0,0.13329552,7.6799936,7.6999936,1257600
hardzero_plus_depr__c0p52__z1p05__lam0p020__nu0p50__psi1p00,hardzero_plus_depr,0.05,39,393,0.0,2,0.18568851,0.18568851,1.0716377,0.0,0.084793426,0.0,0.0,2.2641505e-05,-27.823656,2.35765,0.78588337,0.136,0.0,0.14076856,7.6999936,7.7199936,1260800
hardzero_plus_depr__c0p52__z1p05__lam0p020__nu0p50__psi1p00,hardzero_plus_depr,0.05,39,394,0.0,2,0.18568851,0.1856906,1.0276884,0.0938235,0.0938235,1.0,2.0822413e-06,2.2193173e-05,-27.30725,2.2609596,0.7536532,0.16000001,0.0,0.16633914,7.7199936,7.7399936,1264000
hardzero_plus_depr__c0p52__z1p05__lam0p020__nu0p50__psi1p00,hardzero_plus_depr,0.05,39,395,0.0,2,0.1856906,0.18569283,0.98793703,0.10281653,0.10281653,1.0,2.2366419e-06,2.175372e-05,-26.85054,2.1735048,0.7245016,0.18400002,0.0,0.16106029,7.7399936,7.7599936,1267200
hardzero_plus_depr__c0p52__z1p05__lam0p020__nu0p50__psi1p00,hardzero_plus_depr,0.05,39,396,0.0,2,0.18569283,0.18569477,1.0416448,0.09085632,0.09085632,1.0,1.9373263e-06,2.1322967e-05,-27.607265,2.2916644,0.7638881,0.16800001,0.0,0.13661848,7.7599936,7.7799935,1270400
hardzero_plus_depr__c0p52__z1p05__lam0p020__nu0p50__psi1p00,hardzero_plus_depr,0.05,39,397,0.0,2,0.18569477,0.18569686,1.0013025,0.09970053,0.09970053,1.0,2.0838152e-06,2.0900743e-05,-27.220222,2.2029095,0.7343032,0.14400001,0.0,0.14699727,7.7799935,7.7999935,1273600
hardzero_plus_depr__c0p52__z1p05__lam0p020__nu0p50__psi1p00,hardzero_plus_depr,0.05,39,398,0.0,2,0.18569686,0.18569873,1.0377326,0.09167847,0.09167847,1.0,1.8782059e-06,2.0486881e-05,-27.251488,2.2830572,0.7610191,0.2,0.0,0.15338156,7.7999935,7.8199935,1276800
hardzero_plus_depr__c0p52__z1p05__lam0p020__nu0p50__psi1p00,hardzero_plus_depr,0.05,39,399,0.0,2,0.18569873,0.18569873,1.0504326,0.0,0.08903636,0.0,0.0,2.0081216e-05,-27.66256,2.3109977,0.7703326,0.14400001,0.0,0.15043195,7.8199935,7.8399935,1280000
hardzero_plus_depr__c0p52__z1p05__lam0p020__nu0p50__psi1p00,hardzero_plus_depr,0.05,39,400,0.0,2,0.18569873,0.18570085,0.9691075,0.107372366,0.107372366,1.0,2.1134726e-06,1.968358e-05,-26.816132,2.1320791,0.71069306,0.18400002,0.0,0.12929043,7.8399935,7.8599935,1283200
hardzero_plus_depr__c0p52__z1p05__lam0p020__nu0p50__psi1p00,hardzero_plus_depr,0.05,39,401,0.0,2,0.18570085,0.18570264,1.034165,0.09243468,0.09243468,1.0,1.7834182e-06,1.929382e-05,-27.341991,2.2752085,0.7584028,0.16800001,0.0,0.15056522,7.8599935,7.8799934,1286400
hardzero_plus_depr__c0p52__z1p05__lam0p020__nu0p50__psi1p00,hardzero_plus_depr,0.05,39,402,0.0,2,0.18570264,0.18570447,1.0124086,0.09718324,0.09718324,1.0,1.8379078e-06,1.8911776e-05,-26.663391,2.2273433,0.7424478,0.14400001,0.0,0.13289177,7.8799934,7.8999934,1289600
hardzero_plus_depr__c0p52__z1p05__lam0p020__nu0p50__psi1p00,hardzero_plus_depr,0.05,39,403,0.0,2,0.18570447,0.18570653,0.9546602,0.11100429,0.11100429,1.0,2.0577195e-06,1.8537297e-05,-25.981327,2.1002944,0.70009816,0.26,0.0,0.11107842,7.8999934,7.9199934,1292800
hardzero_plus_depr__c0p52__z1p05__lam0p020__nu0p50__psi1p00,hardzero_plus_depr,0.05,39,404,0.0,2,0.18570653,0.18570839,0.987792,0.102850884,0.102850884,1.0,1.8688248e-06,1.8170236e-05,-26.170256,2.1731858,0.7243953,0.17600001,0.0,0.13023926,7.9199934,7.9399934,1296000
hardzero_plus_depr__c0p52__z1p05__lam0p020__nu0p50__psi1p00,hardzero_plus_depr,0.05,39,405,0.0,2,0.18570839,0.1857101,1.0162673,0.0963236,0.0963236,1.0,1.7155661e-06,1.7810444e-05,-27.211954,2.2358327,0.7452776,0.14400001,0.0,0.14310077,7.9399934,7.9599934,1299200
hardzero_plus_depr__c0p52__z1p05__lam0p020__nu0p50__psi1p00,hardzero_plus_depr,0.05,39,406,0.0,2,0.1857101,0.18571205,0.952076,0.11166676,0.11166676,1.0,1.949453e-06,1.7457773e-05,-25.733326,2.094609,0.698203,0.208,0.0,0.12439002,7.9599934,7.9799933,1302400
hardzero_plus_depr__c0p52__z1p05__lam0p020__nu0p50__psi1p00,hardzero_plus_depr,0.05,39,407,0.0,2,0.18571205,0.1857137,1.0188684,0.095748395,0.095748395,1.0,1.6384546e-06,1.7112085e-05,-26.871069,2.2415552,0.7471851,0.128,0.0,0.14171565,7.9799933,7.9999933,1305600
hardzero_plus_depr__c0p52__z1p05__lam0p020__nu0p50__psi1p00,hardzero_plus_depr,0.05,39,408,0.0,2,0.1857137,0.18571524,1.0349399,0.09226992,0.09226992,1.0,1.5476658e-06,1.6773243e-05,-28.753256,2.2769132,0.7589711,0.14400001,0.0,0.16716236,7.9999933,8.019994,1308800
hardzero_plus_depr__c0p52__z1p05__lam0p020__nu0p50__psi1p00,hardzero_plus_depr,0.05,39,409,0.0,2,0.18571524,0.18571675,1.0386482,0.09148538,0.09148538,1.0,1.5041207e-06,1.6441105e-05,-27.082724,2.2850718,0.7616906,0.208,0.0,0.15272662,8.019994,8.039994,1312000
hardzero_plus_depr__c0p52__z1p05__lam0p020__nu0p50__psi1p00,hardzero_plus_depr,0.05,39,410,0.0,2,0.18571675,0.18571854,0.9543812,0.11107561,0.11107561,1.0,1.7900435e-06,1.611554e-05,-25.580828,2.0996807,0.6998936,0.136,0.0,0.12126573,8.039994,8.059995,1315200
hardzero_plus_depr__c0p52__z1p05__lam0p020__nu0p50__psi1p00,hardzero_plus_depr,0.05,39,411,0.0,2,0.18571854,0.18572015,0.9921765,0.101817764,0.101817764,1.0,1.6083566e-06,1.5796424e-05,-26.63374,2.1828318,0.7276106,0.136,0.0,0.11725889,8.059995,8.079995,1318400
hardzero_plus_depr__c0p52__z1p05__lam0p020__nu0p50__psi1p00,hardzero_plus_depr,0.05,39,412,0.0,2,0.18572015,0.18572165,1.0119507,0.09728576,0.09728576,1.0,1.5063366e-06,1.5483629e-05,-26.809896,2.226336,0.74211204,0.104,0.0,0.12739882,8.079995,8.099996,1321600
hardzero_plus_depr__c0p52__z1p05__lam0p020__nu0p50__psi1p00,hardzero_plus_depr,0.05,39,413,0.0,2,0.18572165,0.18572322,0.9847211,0.1035807,0.1035807,1.0,1.5720467e-06,1.5177024e-05,-26.92984,2.1664298,0.7221433,0.15200001,0.0,0.13311079,8.099996,8.119996,1324800
hardzero_plus_depr__c0p52__z1p05__lam0p020__nu0p50__psi1p00,hardzero_plus_depr,0.05,39,414,0.0,2,0.18572322,0.18572462,1.0257659,0.09423975,0.09423975,1.0,1.401957e-06,1.4876493e-05,-27.831175,2.25673,0.7522434,0.15200001,0.0,0.15342544,8.119996,8.139997,1328000
hardzero_plus_depr__c0p52__z1p05__lam0p020__nu0p50__psi1p00,hardzero_plus_depr,0.05,39,415,0.0,2,0.18572462,0.18572462,1.0535816,0.0,0.088393115,0.0,0.0,1.4581911e-05,-28.034433,2.3179257,0.7726419,0.120000005,0.0,0.13568623,8.139997,8.159997,1331200
hardzero_plus_depr__c0p52__z1p05__lam0p020__nu0p50__psi1p00,hardzero_plus_depr,0.05,39,416,0.0,2,0.18572462,0.18572594,1.0301112,0.093301535,0.093301535,1.0,1.333574e-06,1.4293162e-05,-27.156681,2.26629,0.75543,0.14999999,0.0,0.13140208,8.159997,8.179997,1334400
hardzero_plus_depr__c0p52__z1p05__lam0p020__nu0p50__psi1p00,hardzero_plus_depr,0.05,39,417,0.0,2,0.18572594,0.18572594,1.0769831,0.0,0.083756186,0.0,0.0,1.4010135e-05,-28.503428,2.36941,0.7898034,0.16000001,0.0,0.15315339,8.179997,8.199998,1337600
hardzero_plus_depr__c0p52__z1p05__lam0p020__nu0p50__psi1p00,hardzero_plus_depr,0.05,39,418,0.0,2,0.18572594,0.18572594,1.0500343,0.0,0.08911806,0.0,0.0,1.3732708e-05,-27.385853,2.3101215,0.7700405,0.16000001,0.0,0.17812976,8.199998,8.219998,1340800
hardzero_plus_depr__c0p52__z1p05__lam0p020__nu0p50__psi1p00,hardzero_plus_depr,0.05,39,419,0.0,2,0.18572594,0.18572725,1.0123719,0.09719145,0.09719145,1.0,1.3082723e-06,1.3460775e-05,-26.824303,2.2272627,0.7424209,0.16000001,0.0,0.15197954,8.219998,8.239999,1344000
hardzero_plus_depr__c0p52__z1p05__lam0p020__nu0p50__psi1p00,hardzero_plus_depr,0.05,39,420,0.0,2,0.18572725,0.18572874,0.94785273,0.11275797,0.11275797,1.0,1.4877545e-06,1.3194229e-05,-25.76856,2.0853176,0.6951059,0.224,0.0,0.113889925,8.239999,8.259999,1347200
hardzero_plus_depr__c0p52__z1p05__lam0p020__nu0p50__psi1p00,hardzero_plus_depr,0.05,39,421,0.0,2,0.18572874,0.18572992,1.0393264,0.09134263,0.09134263,1.0,1.1813305e-06,1.2932959e-05,-27.9335,2.2865639,0.76218796,0.2,0.0,0.15091377,8.259999,8.28,1350400
hardzero_plus_depr__c0p52__z1p05__lam0p020__nu0p50__psi1p00,hardzero_plus_depr,0.05,39,422,0.0,2,0.18572992,0.18572992,1.0565894,0.0,0.08778305,0.0,0.0,1.2676864e-05,-26.853811,2.324543,0.7748477,0.16800001,0.0,0.16466728,8.28,8.3,1353600
hardzero_plus_depr__c0p52__z1p05__lam0p020__nu0p50__psi1p00,hardzero_plus_depr,0.05,39,423,0.0,2,0.18572992,0.1857311,1.0255609,0.094284244,0.094284244,1.0,1.1715608e-06,1.2425839e-05,-27.122112,2.256279,0.752093,0.15200001,0.0,0.15371564,8.3,8.320001,1356800
hardzero_plus_depr__c0p52__z1p05__lam0p020__nu0p50__psi1p00,hardzero_plus_depr,0.05,39,424,0.0,2,0.1857311,0.18573226,1.0222393,0.0950081,0.0950081,1.0,1.1571782e-06,1.2179785e-05,-27.286673,2.2489715,0.74965715,0.112,0.0,0.15316299,8.320001,8.340001,1360000
hardzero_plus_depr__c0p52__z1p05__lam0p020__nu0p50__psi1p00,hardzero_plus_depr,0.05,39,425,0.0,2,0.18573226,0.18573335,1.0417116,0.09084235,0.09084235,1.0,1.0845308e-06,1.1938604e-05,-27.124405,2.2918112,0.7639371,0.14400001,0.0,0.15698579,8.340001,8.360002,1363200
hardzero_plus_depr__c0p52__z1p05__lam0p020__nu0p50__psi1p00,hardzero_plus_depr,0.05,39,426,0.0,2,0.18573335,0.1857344,1.0459067,0.08996909,0.08996909,1.0,1.0528362e-06,1.1702198e-05,-27.706673,2.3010406,0.76701355,0.096,0.0,0.15956053,8.360002,8.380002,1366400
hardzero_plus_depr__c0p52__z1p05__lam0p020__nu0p50__psi1p00,hardzero_plus_depr,0.05,39,427,0.0,2,0.1857344,0.1857344,1.1117061,0.0,0.07732036,0.0,0.0,1.1470474e-05,-29.473885,2.4458022,0.81526744,0.14400001,0.0,0.1577036,8.380002,8.4000025,1369600
hardzero_plus_depr__c0p52__z1p05__lam0p020__nu0p50__psi1p00,hardzero_plus_depr,0.05,39,428,0.0,2,0.1857344,0.18573545,1.0320103,0.092894435,0.092894435,1.0,1.0444436e-06,1.1243338e-05,-27.83538,2.270468,0.7568227,0.16800001,0.0,0.14017342,8.4000025,8.420003,1372800
hardzero_plus_depr__c0p52__z1p05__lam0p020__nu0p50__psi1p00,hardzero_plus_depr,0.05,39,429,0.0,2,0.18573545,0.18573657,0.9926475,0.10170737,0.10170737,1.0,1.1208864e-06,1.10207e-05,-26.638456,2.1838682,0.72795606,0.19,0.0,0.15393828,8.420003,8.440003,1376000
hardzero_plus_depr__c0p52__z1p05__lam0p020__nu0p50__psi1p00,hardzero_plus_depr,0.05,39,430,0.0,2,0.18573657,0.18573773,0.968877,0.107429355,0.107429355,1.0,1.1605025e-06,1.08024715e-05,-26.928705,2.131572,0.710524,0.18400002,0.0,0.13330168,8.440003,8.460004,1379200
hardzero_plus_depr__c0p52__z1p05__lam0p020__nu0p50__psi1p00,hardzero_plus_depr,0.05,39,431,0.0,2,0.18573773,0.18573873,1.0285358,0.09364058,0.09364058,1.0,9.915192e-07,1.0588563e-05,-27.31139,2.262824,0.7542747,0.16000001,0.0,0.1631057,8.460004,8.480004,1382400
hardzero_plus_depr__c0p52__z1p05__lam0p020__nu0p50__psi1p00,hardzero_plus_depr,0.05,39,432,0.0,2,0.18573873,0.18573977,1.0001605,0.09996305,0.09996305,1.0,1.0375055e-06,1.0378891e-05,-27.726494,2.200397,0.7334657,0.17600001,0.0,0.13467266,8.480004,8.500005,1385600
hardzero_plus_depr__c0p52__z1p05__lam0p020__nu0p50__psi1p00,hardzero_plus_depr,0.05,39,433,0.0,2,0.18573977,0.18574074,1.0213777,0.09519679,0.09519679,1.0,9.684722e-07,1.017337e-05,-27.402893,2.2470758,0.7490253,0.16000001,0.0,0.16055539,8.500005,8.520005,1388800
hardzero_plus_depr__c0p52__z1p05__lam0p020__nu0p50__psi1p00,hardzero_plus_depr,0.05,39,434,0.0,2,0.18574074,0.18574163,1.0442384,0.090315334,0.090315334,1.0,9.006171e-07,9.971918e-06,-28.31197,2.2973704,0.76579016,0.096,0.0,0.1414944,8.520005,8.540006,1392000
hardzero_plus_depr__c0p52__z1p05__lam0p020__nu0p50__psi1p00,hardzero_plus_depr,0.05,39,435,0.0,2,0.18574163,0.18574263,0.9916914,0.10193153,0.10193153,1.0,9.963254e-07,9.774458e-06,-27.237152,2.1817646,0.72725487,0.2,0.0,0.14661944,8.540006,8.560006,1395200
hardzero_plus_depr__c0p52__z1p05__lam0p020__nu0p50__psi1p00,hardzero_plus_depr,0.05,39,436,0.0,2,0.18574263,0.18574263,1.0661993,0.0,0.085861936,0.0,0.0,9.5809055e-06,-27.90495,2.3456852,0.7818951,0.15200001,0.0,0.1656836,8.560006,8.580007,1398400
hardzero_plus_depr__c0p52__z1p05__lam0p020__nu0p50__psi1p00,hardzero_plus_depr,0.05,39,437,0.0,2,0.18574263,0.18574347,1.048594,0.089414105,0.089414105,1.0,8.397046e-07,9.391188e-06,-27.934557,2.306953,0.7689843,0.24000001,0.0,0.16495842,8.580007,8.600007,1401600
hardzero_plus_depr__c0p52__z1p05__lam0p020__nu0p50__psi1p00,hardzero_plus_depr,0.05,39,438,0.0,2,0.18574347,0.18574436,1.0112869,0.09743457,0.09743457,1.0,8.9690707e-07,9.205224e-06,-26.83976,2.2248755,0.7416252,0.136,0.0,0.1741723,8.600007,8.6200075,1404800
hardzero_plus_depr__c0p52__z1p05__lam0p020__nu0p50__psi1p00,hardzero_plus_depr,0.05,39,439,0.0,2,0.18574436,0.18574524,1.0132536,0.09699434,0.09699434,1.0,8.751745e-07,9.022944e-06,-26.481176,2.2292023,0.74306744,0.17600001,0.0,0.13692264,8.6200075,8.640008,1408000
hardzero_plus_depr__c0p52__z1p05__lam0p020__nu0p50__psi1p00,hardzero_plus_depr,0.05,39,440,0.0,2,0.18574524,0.18574524,1.0676448,0.0,0.08557663,0.0,0.0,8.844275e-06,-28.530954,2.3488655,0.78295517,0.08800001,0.0,0.16263469,8.640008,8.660008,1411200
hardzero_plus_depr__c0p52__z1p05__lam0p020__nu0p50__psi1p00,hardzero_plus_depr,0.05,39,441,0.0,2,0.18574524,0.18574524,1.0656446,0.0,0.08597167,0.0,0.0,8.6691425e-06,-26.939533,2.344465,0.78148836,0.216,0.008,0.14243668,8.660008,8.680009,1414400
hardzero_plus_depr__c0p52__z1p05__lam0p020__nu0p50__psi1p00,hardzero_plus_depr,0.05,39,442,0.0,2,0.18574524,0.18574607,1.0042236,0.09903221,0.09903221,1.0,8.41524e-07,8.497478e-06,-26.342524,2.209336,0.73644537,0.19999999,0.0,0.15179086,8.680009,8.700009,1417600
hardzero_plus_depr__c0p52__z1p05__lam0p020__nu0p50__psi1p00,hardzero_plus_depr,0.05,39,443,0.0,2,0.18574607,0.18574607,1.0829247,0.0,0.0826181,0.0,0.0,8.329213e-06,-28.134981,2.382482,0.7941607,0.080000006,0.0,0.14355858,8.700009,8.72001,1420800
hardzero_plus_depr__c0p52__z1p05__lam0p020__nu0p50__psi1p00,hardzero_plus_depr,0.05,39,444,0.0,2,0.18574607,0.18574691,0.9872619,0.10297648,0.10297648,1.0,8.407287e-07,8.164279e-06,-26.792942,2.1720195,0.72400653,0.120000005,0.0,0.11653651,8.72001,8.74001,1424000
hardzero_plus_depr__c0p52__z1p05__lam0p020__nu0p50__psi1p00,hardzero_plus_depr,0.05,39,445,0.0,2,0.18574691,0.18574782,0.94485825,0.11353814,0.11353814,1.0,9.086018e-07,8.002613e-06,-25.573631,2.0787296,0.6929099,0.15200001,0.008,0.12505686,8.74001,8.760011,1427200
hardzero_plus_depr__c0p52__z1p05__lam0p020__nu0p50__psi1p00,hardzero_plus_depr,0.05,39,446,0.0,2,0.18574782,0.18574856,1.0205883,0.09536999,0.09536999,1.0,7.480961e-07,7.844146e-06,-27.136776,2.245339,0.74844635,0.08800001,0.0,0.12987205,8.760011,8.780011,1430400
hardzero_plus_depr__c0p52__z1p05__lam0p020__nu0p50__psi1p00,hardzero_plus_depr,0.05,39,447,0.0,2,0.18574856,0.18574929,1.0209653,0.09528722,0.09528722,1.0,7.326462e-07,7.688819e-06,-27.07913,2.2461686,0.7487229,0.072000004,0.0,0.1381294,8.780011,8.800012,1433600
hardzero_plus_depr__c0p52__z1p05__lam0p020__nu0p50__psi1p00,hardzero_plus_depr,0.05,39,448,0.0,2,0.18574929,0.18574929,1.0590739,0.0,0.08728227,0.0,0.0,7.5365656e-06,-27.577509,2.3300092,0.77666974,0.136,0.0,0.13590716,8.800012,8.820012,1436800
hardzero_plus_depr__c0p52__z1p05__lam0p020__nu0p50__psi1p00,hardzero_plus_depr,0.05,39,449,0.0,2,0.18574929,0.18575007,0.98225874,0.10416967,0.10416967,1.0,7.695355e-07,7.3873284e-06,-25.85919,2.1610124,0.7203375,0.208,0.0,0.10602066,8.820012,8.840013,1440000
hardzero_plus_depr__c0p52__z1p05__lam0p020__nu0p50__psi1p00,hardzero_plus_depr,0.05,39,450,0.0,2,0.18575007,0.18575072,1.0395023,0.09130566,0.09130566,1.0,6.611486e-07,7.241047e-06,-27.507704,2.2869506,0.7623169,0.17600001,0.0,0.13592164,8.840013,8.860013,1443200
hardzero_plus_depr__c0p52__z1p05__lam0p020__nu0p50__psi1p00,hardzero_plus_depr,0.05,39,451,0.0,2,0.18575072,0.18575145,0.98950577,0.102445826,0.102445826,1.0,7.271258e-07,7.097661e-06,-26.777992,2.1769562,0.7256521,0.15200001,0.0,0.11850443,8.860013,8.880013,1446400
hardzero_plus_depr__c0p52__z1p05__lam0p020__nu0p50__psi1p00,hardzero_plus_depr,0.05,39,452,0.0,2,0.18575145,0.18575208,1.0437533,0.09041629,0.09041629,1.0,6.2903655e-07,6.957115e-06,-28.263685,2.296303,0.7654344,0.128,0.0,0.17678814,8.880013,8.900014,1449600
hardzero_plus_depr__c0p52__z1p05__lam0p020__nu0p50__psi1p00,hardzero_plus_depr,0.05,39,453,0.0,2,0.18575208,0.1857527,1.0332699,0.092625394,0.092625394,1.0,6.316451e-07,6.8193513e-06,-27.013796,2.2732391,0.7577464,0.14400001,0.0,0.1611373,8.900014,8.920014,1452800
hardzero_plus_depr__c0p52__z1p05__lam0p020__nu0p50__psi1p00,hardzero_plus_depr,0.05,39,454,0.0,2,0.1857527,0.18575336,1.0062762,0.09856524,0.09856524,1.0,6.5884126e-07,6.6843163e-06,-26.695652,2.213852,0.7379507,0.17600001,0.0,0.13755105,8.920014,8.940015,1456000
hardzero_plus_depr__c0p52__z1p05__lam0p020__nu0p50__psi1p00,hardzero_plus_depr,0.05,39,455,0.0,2,0.18575336,0.18575402,0.9967838,0.1007433,0.1007433,1.0,6.6006555e-07,6.551955e-06,-26.504667,2.1929681,0.7309894,0.14,0.0,0.12289086,8.940015,8.960015,1459200
hardzero_plus_depr__c0p52__z1p05__lam0p020__nu0p50__psi1p00,hardzero_plus_depr,0.05,39,456,0.0,2,0.18575402,0.18575402,1.0534269,0.0,0.08842459,0.0,0.0,6.4222145e-06,-27.912817,2.3175855,0.7725285,0.112,0.0,0.15597025,8.960015,8.980016,1462400
hardzero_plus_depr__c0p52__z1p05__lam0p020__nu0p50__psi1p00,hardzero_plus_depr,0.05,39,457,0.0,2,0.18575402,0.18575472,0.9515706,0.11179681,0.11179681,1.0,7.0376575e-07,6.295043e-06,-25.607817,2.093497,0.69783235,0.192,0.0,0.14805266,8.980016,9.000016,1465600
hardzero_plus_depr__c0p52__z1p05__lam0p020__nu0p50__psi1p00,hardzero_plus_depr,0.05,39,458,0.0,2,0.18575472,0.18575533,1.0056871,0.098699026,0.098699026,1.0,6.090115e-07,6.1703904e-06,-26.502588,2.212556,0.73751867,0.064,0.0,0.12576932,9.000016,9.020017,1468800
hardzero_plus_depr__c0p52__z1p05__lam0p020__nu0p50__psi1p00,hardzero_plus_depr,0.05,39,459,0.0,2,0.18575533,0.18575594,0.9991108,0.10020494,0.10020494,1.0,6.0606004e-07,6.0482053e-06,-26.848024,2.1980877,0.73269594,0.18400002,0.0,0.12532537,9.020017,9.040017,1472000
hardzero_plus_depr__c0p52__z1p05__lam0p020__nu0p50__psi1p00,hardzero_plus_depr,0.05,39,460,0.0,2,0.18575594,0.18575649,1.0303986,0.09323981,0.09323981,1.0,5.5276666e-07,5.9284407e-06,-28.06002,2.2669222,0.75564075,0.18400002,0.0,0.16627645,9.040017,9.060018,1475200
hardzero_plus_depr__c0p52__z1p05__lam0p020__nu0p50__psi1p00,hardzero_plus_depr,0.05,39,461,0.0,2,0.18575649,0.18575701,1.0417755,0.09082899,0.09082899,1.0,5.2781155e-07,5.811047e-06,-28.252865,2.291952,0.76398396,0.16000001,0.0,0.1753671,9.060018,9.080018,1478400
hardzero_plus_depr__c0p52__z1p05__lam0p020__nu0p50__psi1p00,hardzero_plus_depr,0.05,39,462,0.0,2,0.18575701,0.18575759,0.9968617,0.10072523,0.10072523,1.0,5.7372864e-07,5.6959775e-06,-26.520943,2.1931396,0.73104656,0.08800001,0.0,0.14421974,9.080018,9.1000185,1481600
hardzero_plus_depr__c0p52__z1p05__lam0p020__nu0p50__psi1p00,hardzero_plus_depr,0.05,39,463,0.0,2,0.18575759,0.18575817,0.9848026,0.10356129,0.10356129,1.0,5.782021e-07,5.5831874e-06,-26.090513,2.166609,0.722203,0.15200001,0.0,0.14488442,9.1000185,9.120019,1484800
hardzero_plus_depr__c0p52__z1p05__lam0p020__nu0p50__psi1p00,hardzero_plus_depr,0.05,39,464,0.0,2,0.18575817,0.18575874,0.9861629,0.103237405,0.103237405,1.0,5.6498016e-07,5.47263e-06,-26.167387,2.1696017,0.72320056,0.14400001,0.0,0.11995842,9.120019,9.140019,1488000
hardzero_plus_depr__c0p52__z1p05__lam0p020__nu0p50__psi1p00,hardzero_plus_depr,0.05,39,465,0.0,2,0.18575874,0.18575874,1.0623529,0.0,0.08662577,0.0,0.0,5.3642625e-06,-27.966658,2.337223,0.7790744,0.14400001,0.0,0.15709531,9.140019,9.16002,1491200
hardzero_plus_depr__c0p52__z1p05__lam0p020__nu0p50__psi1p00,hardzero_plus_depr,0.05,39,466,0.0,2,0.18575874,0.18575926,1.0092477,0.09789314,0.09789314,1.0,5.147261e-07,5.2580403e-06,-27.647896,2.2203891,0.7401297,0.16000001,0.0,0.16714455,9.16002,9.18002,1494400
hardzero_plus_depr__c0p52__z1p05__lam0p020__nu0p50__psi1p00,hardzero_plus_depr,0.05,39,467,0.0,2,0.18575926,0.18575983,0.95981175,0.10969536,0.10969536,1.0,5.6536135e-07,5.1539223e-06,-26.057592,2.111628,0.703876,0.28,0.008,0.13694277,9.18002,9.200021,1497600
hardzero_plus_depr__c0p52__z1p05__lam0p020__nu0p50__psi1p00,hardzero_plus_depr,0.05,39,468,0.0,2,0.18575983,0.1857603,1.0238068,0.09466582,0.09466582,1.0,4.78239e-07,5.051865e-06,-27.543758,2.25242,0.7508067,0.11,0.0,0.15943952,9.200021,9.220021,1500800
hardzero_plus_depr__c0p52__z1p05__lam0p020__nu0p50__psi1p00,hardzero_plus_depr,0.05,39,469,0.0,2,0.1857603,0.1857603,1.1025382,0.0,0.078969926,0.0,0.0,4.951829e-06,-28.10526,2.4256325,0.80854416,0.112,0.0,0.14387892,9.220021,9.240022,1504000
hardzero_plus_depr__c0p52__z1p05__lam0p020__nu0p50__psi1p00,hardzero_plus_depr,0.05,39,470,0.0,2,0.1857603,0.18576077,1.0224749,0.094956584,0.094956584,1.0,4.6089784e-07,4.8537745e-06,-27.23173,2.2494898,0.74982995,0.17600001,0.0,0.16822787,9.240022,9.260022,1507200
hardzero_plus_depr__c0p52__z1p05__lam0p020__nu0p50__psi1p00,hardzero_plus_depr,0.05,39,471,0.0,2,0.18576077,0.18576121,1.0211478,0.095247194,0.095247194,1.0,4.5315386e-07,4.757661e-06,-27.615854,2.24657,0.7488567,0.16800001,0.0,0.1357966,9.260022,9.280023,1510400
hardzero_plus_depr__c0p52__z1p05__lam0p020__nu0p50__psi1p00,hardzero_plus_depr,0.05,39,472,0.0,2,0.18576121,0.18576168,1.0079799,0.098179325,0.098179325,1.0,4.5785447e-07,4.663451e-06,-26.682623,2.2176,0.73920006,0.17600001,0.008,0.14852595,9.280023,9.300023,1513600
hardzero_plus_depr__c0p52__z1p05__lam0p020__nu0p50__psi1p00,hardzero_plus_depr,0.05,39,473,0.0,2,0.18576168,0.18576168,1.0693617,0.0,0.08523899,0.0,0.0,4.5711063e-06,-28.352303,2.3526428,0.78421426,0.128,0.0,0.15789899,9.300023,9.320024,1516800
hardzero_plus_depr__c0p52__z1p05__lam0p020__nu0p50__psi1p00,hardzero_plus_depr,0.05,39,474,0.0,2,0.18576168,0.18576168,1.0512615,0.0,0.08886657,0.0,0.0,4.48059e-06,-27.270432,2.3128216,0.77094054,0.08800001,0.0,0.15740229,9.320024,9.340024,1520000
hardzero_plus_depr__c0p52__z1p05__lam0p020__nu0p50__psi1p00,hardzero_plus_depr,0.05,39,475,0.0,2,0.18576168,0.18576209,1.0244797,0.09451925,0.09451925,1.0,4.1511595e-07,4.3918667e-06,-27.536196,2.2539005,0.7513002,0.17600001,0.0,0.132875,9.340024,9.360024,1523200
hardzero_plus_depr__c0p52__z1p05__lam0p020__nu0p50__psi1p00,hardzero_plus_depr,0.05,39,476,0.0,2,0.18576209,0.18576251,1.0185186,0.09582556,0.09582556,1.0,4.1251946e-07,4.3049e-06,-26.671425,2.2407856,0.7469286,0.14400001,0.0,0.11388631,9.360024,9.380025,1526400
hardzero_plus_depr__c0p52__z1p05__lam0p020__nu0p50__psi1p00,hardzero_plus_depr,0.05,39,477,0.0,2,0.18576251,0.18576293,1.010988,0.09750166,0.09750166,1.0,4.1142337e-07,4.2196552e-06,-26.84247,2.2242181,0.7414061,0.208,0.0,0.12585981,9.380025,9.400025,1529600
hardzero_plus_depr__c0p52__z1p05__lam0p020__nu0p50__psi1p00,hardzero_plus_depr,0.05,39,478,0.0,2,0.18576293,0.1857633,1.0473778,0.08966484,0.08966484,1.0,3.708626e-07,4.1360986e-06,-27.681438,2.3042772,0.7680924,0.16000001,0.0,0.14320892,9.400025,9.420026,1532800
hardzero_plus_depr__c0p52__z1p05__lam0p020__nu0p50__psi1p00,hardzero_plus_depr,0.05,39,479,0.0,2,0.1857633,0.18576367,1.039413,0.09132445,0.09132445,1.0,3.702472e-07,4.054196e-06,-27.988981,2.2867541,0.7622514,0.14400001,0.0,0.12236467,9.420026,9.440026,1536000
hardzero_plus_depr__c0p52__z1p05__lam0p020__nu0p50__psi1p00,hardzero_plus_depr,0.05,39,480,0.0,2,0.18576367,0.18576406,1.0079633,0.098183095,0.098183095,1.0,3.9017138e-07,3.973916e-06,-27.450586,2.2175636,0.7391879,0.2,0.0,0.15248595,9.440026,9.460027,1539200
hardzero_plus_depr__c0p52__z1p05__lam0p020__nu0p50__psi1p00,hardzero_plus_depr,0.05,39,481,0.0,2,0.18576406,0.18576448,0.97485894,0.10595979,0.10595979,1.0,4.1273725e-07,3.8952253e-06,-26.124891,2.1447325,0.71491086,0.13,0.0,0.116807155,9.460027,9.480027,1542400
hardzero_plus_depr__c0p52__z1p05__lam0p020__nu0p50__psi1p00,hardzero_plus_depr,0.05,39,482,0.0,2,0.18576448,0.18576488,0.9819118,0.104252905,0.104252905,1.0,3.9804732e-07,3.8180933e-06,-25.813986,2.160249,0.720083,0.16000001,0.0,0.12750919,9.480027,9.500028,1545600
hardzero_plus_depr__c0p52__z1p05__lam0p020__nu0p50__psi1p00,hardzero_plus_depr,0.05,39,483,0.0,2,0.18576488,0.18576527,0.9897667,0.10238427,0.10238427,1.0,3.831719e-07,3.7424882e-06,-27.612251,2.1775303,0.7258434,0.208,0.0,0.15455985,9.500028,9.520028,1548800
hardzero_plus_depr__c0p52__z1p05__lam0p020__nu0p50__psi1p00,hardzero_plus_depr,0.05,39,484,0.0,2,0.18576527,0.18576562,1.0170349,0.09615349,0.09615349,1.0,3.5272754e-07,3.66838e-06,-26.095154,2.2375214,0.7458405,0.15200001,0.0,0.1382443,9.520028,9.540029,1552000
hardzero_plus_depr__c0p52__z1p05__lam0p020__nu0p50__psi1p00,hardzero_plus_depr,0.05,39,485,0.0,2,0.18576562,0.18576597,1.0152246,0.096555136,0.096555136,1.0,3.4718715e-07,3.5957398e-06,-26.996199,2.2335386,0.7445129,0.16000001,0.0,0.15701959,9.540029,9.560029,1555200
hardzero_plus_depr__c0p52__z1p05__lam0p020__nu0p50__psi1p00,hardzero_plus_depr,0.05,39,486,0.0,2,0.18576597,0.18576634,0.9747029,0.10599786,0.10599786,1.0,3.7359345e-07,3.5245375e-06,-25.876503,2.1443892,0.7147964,0.120000005,0.0,0.12868622,9.560029,9.5800295,1558400
hardzero_plus_depr__c0p52__z1p05__lam0p020__nu0p50__psi1p00,hardzero_plus_depr,0.05,39,487,0.0,2,0.18576634,0.18576667,1.0136601,0.096903615,0.096903615,1.0,3.3477733e-07,3.4547454e-06,-27.068878,2.2300966,0.7433655,0.136,0.0,0.12992243,9.5800295,9.60003,1561600
hardzero_plus_depr__c0p52__z1p05__lam0p020__nu0p50__psi1p00,hardzero_plus_depr,0.05,39,488,0.0,2,0.18576667,0.18576701,0.9872328,0.102983385,0.102983385,1.0,3.4873628e-07,3.3863355e-06,-26.115301,2.1719556,0.7239852,0.192,0.0,0.13597077,9.60003,9.62003,1564800
hardzero_plus_depr__c0p52__z1p05__lam0p020__nu0p50__psi1p00,hardzero_plus_depr,0.05,39,489,0.0,2,0.18576701,0.18576732,1.035039,0.092248864,0.092248864,1.0,3.0619978e-07,3.3192798e-06,-27.344402,2.277131,0.7590437,0.16000001,0.0,0.14996146,9.62003,9.640031,1568000
hardzero_plus_depr__c0p52__z1p05__lam0p020__nu0p50__psi1p00,hardzero_plus_depr,0.05,39,490,0.0,2,0.18576732,0.18576762,1.0433143,0.090507716,0.090507716,1.0,2.944716e-07,3.2535524e-06,-27.694279,2.2953374,0.7651125,0.14400001,0.0,0.13263926,9.640031,9.660031,1571200
hardzero_plus_depr__c0p52__z1p05__lam0p020__nu0p50__psi1p00,hardzero_plus_depr,0.05,39,491,0.0,2,0.18576762,0.1857679,1.0458212,0.08998681,0.08998681,1.0,2.8697931e-07,3.1891266e-06,-26.544779,2.3008525,0.76695085,0.15200001,0.0,0.13515641,9.660031,9.680032,1574400
hardzero_plus_depr__c0p52__z1p05__lam0p020__nu0p50__psi1p00,hardzero_plus_depr,0.05,39,492,0.0,2,0.1857679,0.18576822,0.9973915,0.100602426,0.100602426,1.0,3.1448076e-07,3.1259758e-06,-26.64897,2.1943052,0.73143506,0.208,0.0,0.13539933,9.680032,9.700032,1577600
hardzero_plus_depr__c0p52__z1p05__lam0p020__nu0p50__psi1p00,hardzero_plus_depr,0.05,39,493,0.0,2,0.18576822,0.1857685,1.0313921,0.09302676,0.09302676,1.0,2.8504107e-07,3.064076e-06,-26.538774,2.2691078,0.7563693,0.208,0.0,0.15237458,9.700032,9.720033,1580800
hardzero_plus_depr__c0p52__z1p05__lam0p020__nu0p50__psi1p00,hardzero_plus_depr,0.05,39,494,0.0,2,0.1857685,0.18576878,1.026583,0.09406262,0.09406262,1.0,2.8250784e-07,3.0034018e-06,-27.2221,2.2585275,0.75284255,0.19999999,0.0,0.13930747,9.720033,9.740033,1584000
hardzero_plus_depr__c0p52__z1p05__lam0p020__nu0p50__psi1p00,hardzero_plus_depr,0.05,39,495,0.0,2,0.18576878,0.18576878,1.0600002,0.0,0.08709632,0.0,0.0,2.9439293e-06,-27.556124,2.332047,0.777349,0.128,0.0,0.13599986,9.740033,9.760034,1587200
hardzero_plus_depr__c0p52__z1p05__lam0p020__nu0p50__psi1p00,hardzero_plus_depr,0.05,39,496,0.0,2,0.18576878,0.1857691,0.96060807,0.1094944,0.1094944,1.0,3.159608e-07,2.885634e-06,-26.357838,2.11338,0.70446,0.216,0.0,0.12431669,9.760034,9.780034,1590400
hardzero_plus_depr__c0p52__z1p05__lam0p020__nu0p50__psi1p00,hardzero_plus_depr,0.05,39,497,0.0,2,0.1857691,0.1857694,0.96746767,0.10777854,0.10777854,1.0,3.0485094e-07,2.8284937e-06,-27.051891,2.1284714,0.7094905,0.224,0.0,0.15365794,9.780034,9.8000345,1593600
hardzero_plus_depr__c0p52__z1p05__lam0p020__nu0p50__psi1p00,hardzero_plus_depr,0.05,39,498,0.0,2,0.1857694,0.1857694,1.060175,0.0,0.08706128,0.0,0.0,2.7724843e-06,-27.942165,2.3324313,0.77747715,0.14400001,0.0,0.16031042,9.8000345,9.820035,1596800
hardzero_plus_depr__c0p52__z1p05__lam0p020__nu0p50__psi1p00,hardzero_plus_depr,0.05,39,499,0.0,2,0.1857694,0.18576966,0.9972889,0.1006262,0.1006262,1.0,2.734602e-07,2.7175843e-06,-27.12832,2.1940794,0.73135984,0.192,0.0,0.12746236,9.820035,9.840035,1600000
hardzero_plus_depr__c0p52__z1p05__lam0p020__nu0p50__psi1p00,hardzero_plus_depr,0.05,39,500,0.0,2,0.18576966,0.18576993,0.99674577,0.10075214,0.10075214,1.0,2.6838066e-07,2.6637715e-06,-26.761227,2.1928844,0.7309615,0.120000005,0.0,0.13044296,9.840035,9.860036,1603200
hardzero_plus_depr__c0p52__z1p05__lam0p020__nu0p50__psi1p00,hardzero_plus_depr,0.05,39,501,0.0,2,0.18576993,0.18576993,1.1182052,0.0,0.076171905,0.0,0.0,2.6110238e-06,-29.161213,2.4601007,0.82003355,0.18400002,0.0,0.17183329,9.860036,9.880036,1606400
hardzero_plus_depr__c0p52__z1p05__lam0p020__nu0p50__psi1p00,hardzero_plus_depr,0.05,39,502,0.0,2,0.18576993,0.18576993,1.0507483,0.0,0.08897166,0.0,0.0,2.559321e-06,-27.956478,2.3116925,0.7705642,0.112,0.0,0.14099555,9.880036,9.900037,1609600
hardzero_plus_depr__c0p52__z1p05__lam0p020__nu0p50__psi1p00,hardzero_plus_depr,0.05,39,503,0.0,2,0.18576993,0.18577021,0.94095725,0.11456258,0.11456258,1.0,2.8739646e-07,2.5086417e-06,-24.795258,2.0701473,0.6900491,0.24800001,0.0,0.12562586,9.900037,9.920037,1612800
hardzero_plus_depr__c0p52__z1p05__lam0p020__nu0p50__psi1p00,hardzero_plus_depr,0.05,39,504,0.0,2,0.18577021,0.18577047,0.9896137,0.10242035,0.10242035,1.0,2.5184818e-07,2.458966e-06,-26.3581,2.1771936,0.72573125,0.208,0.0,0.14225978,9.920037,9.940038,1616000
hardzero_plus_depr__c0p52__z1p05__lam0p020__nu0p50__psi1p00,hardzero_plus_depr,0.05,39,505,0.0,2,0.18577047,0.18577069,1.0268676,0.094000965,0.094000965,1.0,2.2656812e-07,2.4102744e-06,-27.256039,2.2591538,0.7530513,0.120000005,0.0,0.13852096,9.940038,9.960038,1619200
hardzero_plus_depr__c0p52__z1p05__lam0p020__nu0p50__psi1p00,hardzero_plus_depr,0.05,39,506,0.0,2,0.18577069,0.18577093,0.9882994,0.10273077,0.10273077,1.0,2.4270625e-07,2.3625466e-06,-26.286642,2.174302,0.7247674,0.192,0.0,0.14294675,9.960038,9.980039,1622400
hardzero_plus_depr__c0p52__z1p05__lam0p020__nu0p50__psi1p00,hardzero_plus_depr,0.05,39,507,0.0,2,0.18577093,0.18577117,0.9959782,0.10093036,0.10093036,1.0,2.3373093e-07,2.3157643e-06,-26.972221,2.1911957,0.7303986,0.17999999,0.0,0.1440073,9.980039,10.000039,1625600
hardzero_plus_depr__c0p52__z1p05__lam0p020__nu0p50__psi1p00,hardzero_plus_depr,0.05,39,508,0.0,2,0.18577117,0.18577139,1.0140857,0.09680868,0.09680868,1.0,2.1974678e-07,2.2699078e-06,-27.677092,2.231033,0.74367774,0.16800001,0.0,0.16637431,10.000039,10.02004,1628800
hardzero_plus_depr__c0p52__z1p05__lam0p020__nu0p50__psi1p00,hardzero_plus_depr,0.05,39,509,0.0,2,0.18577139,0.1857716,1.023971,0.09463004,0.09463004,1.0,2.10548e-07,2.2249594e-06,-27.24648,2.2527812,0.7509271,0.136,0.0,0.11776051,10.02004,10.04004,1632000
hardzero_plus_depr__c0p52__z1p05__lam0p020__nu0p50__psi1p00,hardzero_plus_depr,0.05,39,510,0.0,2,0.1857716,0.18577181,1.0278786,0.093782395,0.093782395,1.0,2.0453018e-07,2.1809017e-06,-27.190025,2.261378,0.7537927,0.208,0.0,0.15814063,10.04004,10.06004,1635200
hardzero_plus_depr__c0p52__z1p05__lam0p020__nu0p50__psi1p00,hardzero_plus_depr,0.05,39,511,0.0,2,0.18577181,0.185772,1.0358899,0.0920683,0.0920683,1.0,1.9681585e-07,2.1377157e-06,-27.615932,2.2790031,0.75966775,0.216,0.008,0.1626516,10.06004,10.080041,1638400
hardzero_plus_depr__c0p52__z1p05__lam0p020__nu0p50__psi1p00,hardzero_plus_depr,0.05,39,512,0.0,2,0.185772,0.185772,1.0560104,0.0,0.08790015,0.0,0.0,2.095385e-06,-27.916025,2.3232691,0.77442306,0.104,0.0,0.13152112,10.080041,10.100041,1641600
hardzero_plus_depr__c0p52__z1p05__lam0p020__nu0p50__psi1p00,hardzero_plus_depr,0.05,39,513,0.0,2,0.185772,0.1857722,1.0403539,0.0911268,0.0911268,1.0,1.8716467e-07,2.0538928e-06,-27.511982,2.2888243,0.7629415,0.15200001,0.0,0.14372979,10.100041,10.120042,1644800
hardzero_plus_depr__c0p52__z1p05__lam0p020__nu0p50__psi1p00,hardzero_plus_depr,0.05,39,514,0.0,2,0.1857722,0.18577237,1.0415549,0.09087513,0.09087513,1.0,1.8295181e-07,2.013222e-06,-27.374197,2.2914665,0.7638222,0.16000001,0.0,0.1463896,10.120042,10.140042,1648000
hardzero_plus_depr__c0p52__z1p05__lam0p020__nu0p50__psi1p00,hardzero_plus_depr,0.05,39,515,0.0,2,0.18577237,0.18577255,1.040177,0.09116392,0.09116392,1.0,1.7989893e-07,1.9733568e-06,-27.124454,2.288435,0.76281166,0.16800001,0.0,0.15744957,10.140042,10.160043,1651200
hardzero_plus_depr__c0p52__z1p05__lam0p020__nu0p50__psi1p00,hardzero_plus_depr,0.05,39,516,0.0,2,0.18577255,0.18577255,1.1174117,0.0,0.07631119,0.0,0.0,1.9342808e-06,-30.074903,2.458355,0.8194517,0.136,0.0,0.15782522,10.160043,10.180043,1654400
hardzero_plus_depr__c0p52__z1p05__lam0p020__nu0p50__psi1p00,hardzero_plus_depr,0.05,39,517,0.0,2,0.18577255,0.18577255,1.067971,0.0,0.085512385,0.0,0.0,1.8959785e-06,-27.622242,2.3495831,0.7831944,0.17600001,0.0,0.15100794,10.180043,10.200044,1657600
hardzero_plus_depr__c0p52__z1p05__lam0p020__nu0p50__psi1p00,hardzero_plus_depr,0.05,39,518,0.0,2,0.18577255,0.18577272,1.0487698,0.08937792,0.08937792,1.0,1.6610302e-07,1.8584348e-06,-28.27127,2.3073397,0.76911324,0.136,0.0,0.14714473,10.200044,10.220044,1660800
hardzero_plus_depr__c0p52__z1p05__lam0p020__nu0p50__psi1p00,hardzero_plus_depr,0.05,39,519,0.0,2,0.18577272,0.1857729,1.0258073,0.09423076,0.09423076,1.0,1.7165401e-07,1.8216344e-06,-27.482504,2.2568212,0.75227374,0.18400002,0.0,0.1368642,10.220044,10.240045,1664000
hardzero_plus_depr__c0p52__z1p05__lam0p020__nu0p50__psi1p00,hardzero_plus_depr,0.05,39,520,0.0,2,0.1857729,0.18577306,1.0413815,0.090911426,0.090911426,1.0,1.6232808e-07,1.785563e-06,-27.097847,2.291085,0.763695,0.099999994,0.0,0.13685158,10.240045,10.260045,1667200
hardzero_plus_depr__c0p52__z1p05__lam0p020__nu0p50__psi1p00,hardzero_plus_depr,0.05,39,521,0.0,2,0.18577306,0.18577324,0.98298925,0.10399458,0.10399458,1.0,1.8201189e-07,1.7502056e-06,-26.127037,2.1626196,0.72087324,0.18400002,0.0,0.10860391,10.260045,10.2800455,1670400
hardzero_plus_depr__c0p52__z1p05__lam0p020__nu0p50__psi1p00,hardzero_plus_depr,0.05,39,522,0.0,2,0.18577324,0.1857734,1.0382186,0.09157593,0.09157593,1.0,1.5710293e-07,1.7155484e-06,-27.137619,2.2841265,0.76137555,0.136,0.0,0.15049283,10.2800455,10.300046,1673600
hardzero_plus_depr__c0p52__z1p05__lam0p020__nu0p50__psi1p00,hardzero_plus_depr,0.05,39,523,0.0,2,0.1857734,0.18577355,1.037282,0.091773644,0.091773644,1.0,1.543245e-07,1.6815775e-06,-27.597937,2.2820659,0.76068866,0.120000005,0.0,0.122158565,10.300046,10.320046,1676800
hardzero_plus_depr__c0p52__z1p05__lam0p020__nu0p50__psi1p00,hardzero_plus_depr,0.05,39,524,0.0,2,0.18577355,0.18577355,1.060923,0.0,0.086911455,0.0,0.0,1.6482793e-06,-27.284039,2.3340771,0.77802575,0.128,0.0,0.13754669,10.320046,10.340047,1680000
hardzero_plus_depr__c0p52__z1p05__lam0p020__nu0p50__psi1p00,hardzero_plus_depr,0.05,39,525,0.0,2,0.18577355,0.1857737,1.0268606,0.09400249,0.09400249,1.0,1.5187422e-07,1.6156404e-06,-26.784958,2.2591383,0.75304615,0.16800001,0.0,0.13305567,10.340047,10.360047,1683200
hardzero_plus_depr__c0p52__z1p05__lam0p020__nu0p50__psi1p00,hardzero_plus_depr,0.05,39,526,0.0,2,0.1857737,0.1857737,1.0587914,0.0,0.08733907,0.0,0.0,1.5836479e-06,-28.283459,2.3293877,0.77646255,0.08800001,0.0,0.13244258,10.360047,10.380048,1686400
hardzero_plus_depr__c0p52__z1p05__lam0p020__nu0p50__psi1p00,hardzero_plus_depr,0.05,39,527,0.0,2,0.1857737,0.18577385,1.0332938,0.0926203,0.0926203,1.0,1.4377345e-07,1.5522888e-06,-26.674,2.2732918,0.757764,0.14400001,0.0,0.11879813,10.380048,10.400048,1689600
hardzero_plus_depr__c0p52__z1p05__lam0p020__nu0p50__psi1p00,hardzero_plus_depr,0.05,39,528,0.0,2,0.18577385,0.18577401,0.9611656,0.109353945,0.109353945,1.0,1.6638758e-07,1.5215508e-06,-26.584396,2.1146066,0.7048689,0.216,0.0,0.14264484,10.400048,10.420049,1692800
hardzero_plus_depr__c0p52__z1p05__lam0p020__nu0p50__psi1p00,hardzero_plus_depr,0.05,39,529,0.0,2,0.18577401,0.18577415,1.0333463,0.09260911,0.09260911,1.0,1.3811919e-07,1.4914212e-06,-27.384281,2.2734072,0.7578024,0.16800001,0.0,0.12948503,10.420049,10.440049,1696000
hardzero_plus_depr__c0p52__z1p05__lam0p020__nu0p50__psi1p00,hardzero_plus_depr,0.05,39,530,0.0,2,0.18577415,0.1857743,1.00269,0.09938252,0.09938252,1.0,1.4528617e-07,1.4618886e-06,-26.42902,2.205962,0.7353207,0.104,0.0,0.12195792,10.440049,10.46005,1699200
hardzero_plus_depr__c0p52__z1p05__lam0p020__nu0p50__psi1p00,hardzero_plus_depr,0.05,39,531,0.0,2,0.1857743,0.18577443,1.0214928,0.095171556,0.095171556,1.0,1.3637519e-07,1.4329406e-06,-27.481787,2.247329,0.7491097,0.136,0.0,0.1362245,10.46005,10.48005,1702400
hardzero_plus_depr__c0p52__z1p05__lam0p020__nu0p50__psi1p00,hardzero_plus_depr,0.05,39,532,0.0,2,0.18577443,0.18577456,1.0328454,0.092715986,0.092715986,1.0,1.302257e-07,1.4045658e-06,-28.152866,2.2723053,0.7574351,0.14400001,0.0,0.14423601,10.48005,10.500051,1705600
hardzero_plus_depr__c0p52__z1p05__lam0p020__nu0p50__psi1p00,hardzero_plus_depr,0.05,39,533,0.0,2,0.18577456,0.18577473,0.94195557,0.11429952,0.11429952,1.0,1.5736221e-07,1.376753e-06,-26.914085,2.0723436,0.69078124,0.22,0.01,0.14385524,10.500051,10.520051,1708800
hardzero_plus_depr__c0p52__z1p05__lam0p020__nu0p50__psi1p00,hardzero_plus_depr,0.05,39,534,0.0,2,0.18577473,0.18577486,1.0242031,0.09457947,0.09457947,1.0,1.2763412e-07,1.3494907e-06,-26.337477,2.2532918,0.7510973,0.18400002,0.0,0.13698526,10.520051,10.540051,1712000
hardzero_plus_depr__c0p52__z1p05__lam0p020__nu0p50__psi1p00,hardzero_plus_depr,0.05,39,535,0.0,2,0.18577486,0.18577486,1.0519704,0.0,0.088721655,0.0,0.0,1.3227685e-06,-28.06112,2.314381,0.7714603,0.112,0.0,0.15471458,10.540051,10.560052,1715200
hardzero_plus_depr__c0p52__z1p05__lam0p020__nu0p50__psi1p00,hardzero_plus_depr,0.05,39,536,0.0,2,0.18577486,0.185775,0.9868973,0.103062995,0.103062995,1.0,1.3362893e-07,1.2965753e-06,-26.32588,2.1712174,0.72373915,0.16800001,0.0,0.13598412,10.560052,10.580052,1718400
hardzero_plus_depr__c0p52__z1p05__lam0p020__nu0p50__psi1p00,hardzero_plus_depr,0.05,39,537,0.0,2,0.185775,0.18577512,1.0391085,0.09138849,0.09138849,1.0,1.16145706e-07,1.2709008e-06,-27.593412,2.2860844,0.76202816,0.15200001,0.0,0.1611341,10.580052,10.600053,1721600
hardzero_plus_depr__c0p52__z1p05__lam0p020__nu0p50__psi1p00,hardzero_plus_depr,0.05,39,538,0.0,2,0.18577512,0.18577512,1.055188,0.0,0.088066764,0.0,0.0,1.2457348e-06,-28.032818,2.3214598,0.7738199,0.15200001,0.0,0.15642366,10.600053,10.620053,1724800
hardzero_plus_depr__c0p52__z1p05__lam0p020__nu0p50__psi1p00,hardzero_plus_depr,0.05,39,539,0.0,2,0.18577512,0.18577512,1.090263,0.0,0.08123383,0.0,0.0,1.221067e-06,-28.673056,2.3986266,0.7995422,0.104,0.0,0.18373331,10.620053,10.640054,1728000
hardzero_plus_depr__c0p52__z1p05__lam0p020__nu0p50__psi1p00,hardzero_plus_depr,0.05,39,540,0.0,2,0.18577512,0.18577524,1.0141392,0.09679674,0.09679674,1.0,1.15854824e-07,1.1968876e-06,-27.322828,2.2311506,0.7437169,0.15200001,0.0,0.16020824,10.640054,10.660054,1731200
hardzero_plus_depr__c0p52__z1p05__lam0p020__nu0p50__psi1p00,hardzero_plus_depr,0.05,39,541,0.0,2,0.18577524,0.18577524,1.0595791,0.0,0.08718079,0.0,0.0,1.1731871e-06,-28.477764,2.3311207,0.77704024,0.136,0.0,0.14697674,10.660054,10.680055,1734400
hardzero_plus_depr__c0p52__z1p05__lam0p020__nu0p50__psi1p00,hardzero_plus_depr,0.05,39,542,0.0,2,0.18577524,0.18577534,1.044351,0.090291955,0.090291955,1.0,1.0383177e-07,1.149956e-06,-27.201166,2.297618,0.76587266,0.104,0.0,0.17026049,10.680055,10.700055,1737600
hardzero_plus_depr__c0p52__z1p05__lam0p020__nu0p50__psi1p00,hardzero_plus_depr,0.05,39,543,0.0,2,0.18577534,0.18577534,1.0501099,0.0,0.08910255,0.0,0.0,1.1271849e-06,-27.743174,2.310288,0.770096,0.16800001,0.0,0.13711686,10.700055,10.720056,1740800
hardzero_plus_depr__c0p52__z1p05__lam0p020__nu0p50__psi1p00,hardzero_plus_depr,0.05,39,544,0.0,2,0.18577534,0.18577544,1.0173981,0.096073106,0.096073106,1.0,1.06147766e-07,1.1048645e-06,-27.353825,2.2383206,0.74610686,0.15200001,0.0,0.13186474,10.720056,10.740056,1744000
hardzero_plus_depr__c0p52__z1p05__lam0p020__nu0p50__psi1p00,hardzero_plus_depr,0.05,39,545,0.0,2,0.18577544,0.18577555,1.0244691,0.094521545,0.094521545,1.0,1.0236553e-07,1.0829863e-06,-27.635263,2.2538772,0.7512924,0.23200001,0.0,0.12924597,10.740056,10.7600565,1747200
hardzero_plus_depr__c0p52__z1p05__lam0p020__nu0p50__psi1p00,hardzero_plus_depr,0.05,39,546,0.0,2,0.18577555,0.18577565,1.0116075,0.09736266,0.09736266,1.0,1.0335447e-07,1.0615412e-06,-27.109222,2.225581,0.74186033,0.19,0.0,0.118955135,10.7600565,10.780057,1750400
hardzero_plus_depr__c0p52__z1p05__lam0p020__nu0p50__psi1p00,hardzero_plus_depr,0.05,39,547,0.0,2,0.18577565,0.18577577,0.9306021,0.11732698,0.11732698,1.0,1.2208118e-07,1.0405208e-06,-25.449837,2.0473654,0.6824552,0.192,0.0,0.13428855,10.780057,10.800057,1753600
hardzero_plus_depr__c0p52__z1p05__lam0p020__nu0p50__psi1p00,hardzero_plus_depr,0.05,39,548,0.0,2,0.18577577,0.18577577,1.0578444,0.0,0.087529734,0.0,0.0,1.0199167e-06,-27.674757,2.3273041,0.77576804,0.112,0.0,0.14572726,10.800057,10.820058,1756800
hardzero_plus_depr__c0p52__z1p05__lam0p020__nu0p50__psi1p00,hardzero_plus_depr,0.05,39,549,0.0,2,0.18577577,0.18577588,0.9870897,0.10301732,0.10301732,1.0,1.0298852e-07,9.997204e-07,-26.685637,2.1716406,0.72388023,0.128,0.0,0.14287211,10.820058,10.840058,1760000
hardzero_plus_depr__c0p52__z1p05__lam0p020__nu0p50__psi1p00,hardzero_plus_depr,0.05,39,550,0.0,2,0.18577588,0.18577597,1.0184199,0.09584736,0.09584736,1.0,9.392314e-08,9.799242e-07,-27.482273,2.2405684,0.74685615,0.136,0.0,0.14438081,10.840058,10.860059,1763200
hardzero_plus_depr__c0p52__z1p05__lam0p020__nu0p50__psi1p00,hardzero_plus_depr,0.05,39,551,0.0,2,0.18577597,0.18577597,1.0576385,0.0,0.08757123,0.0,0.0,9.6052e-07,-28.356556,2.3268511,0.77561706,0.112,0.0,0.19330506,10.860059,10.880059,1766400
hardzero_plus_depr__c0p52__z1p05__lam0p020__nu0p50__psi1p00,hardzero_plus_depr,0.05,39,552,0.0,2,0.18577597,0.18577597,1.057588,0.0,0.08758142,0.0,0.0,9.4149993e-07,-28.621447,2.32674,0.77558005,0.16800001,0.0,0.17532443,10.880059,10.90006,1769600
hardzero_plus_depr__c0p52__z1p05__lam0p020__nu0p50__psi1p00,hardzero_plus_depr,0.05,39,553,0.0,2,0.18577597,0.18577605,1.0484864,0.089436255,0.089436255,1.0,8.253684e-08,9.2285666e-07,-27.41425,2.306716,0.76890534,0.18400002,0.0,0.17273603,10.90006,10.92006,1772800
hardzero_plus_depr__c0p52__z1p05__lam0p020__nu0p50__psi1p00,hardzero_plus_depr,0.05,39,554,0.0,2,0.18577605,0.18577605,1.1036059,0.0,0.07877603,0.0,0.0,9.0458246e-07,-28.694658,2.4279814,0.8093271,0.128,0.0,0.16452609,10.92006,10.940061,1776000
hardzero_plus_depr__c0p52__z1p05__lam0p020__nu0p50__psi1p00,hardzero_plus_depr,0.05,39,555,0.0,2,0.18577605,0.18577614,1.0261592,0.09415445,0.09415445,1.0,8.3483926e-08,8.8667e-07,-27.53908,2.2575953,0.75253177,0.128,0.0,0.16262937,10.940061,10.960061,1779200
hardzero_plus_depr__c0p52__z1p05__lam0p020__nu0p50__psi1p00,hardzero_plus_depr,0.05,39,556,0.0,2,0.18577614,0.18577622,1.0448314,0.09019212,0.09019212,1.0,7.838709e-08,8.691124e-07,-27.780529,2.298675,0.76622504,0.15200001,0.0,0.15371412,10.960061,10.980062,1782400
hardzero_plus_depr__c0p52__z1p05__lam0p020__nu0p50__psi1p00,hardzero_plus_depr,0.05,39,557,0.0,2,0.18577622,0.1857763,1.0347254,0.09231549,0.09231549,1.0,7.864379e-08,8.519024e-07,-28.096245,2.2764413,0.7588138,0.16000001,0.0,0.18541357,10.980062,11.000062,1785600
hardzero_plus_depr__c0p52__z1p05__lam0p020__nu0p50__psi1p00,hardzero_plus_depr,0.05,39,558,0.0,2,0.1857763,0.18577637,1.0106957,0.097567305,0.097567305,1.0,8.1471946e-08,8.350333e-07,-26.595083,2.2235749,0.7411916,0.192,0.0,0.14312007,11.000062,11.020062,1788800
hardzero_plus_depr__c0p52__z1p05__lam0p020__nu0p50__psi1p00,hardzero_plus_depr,0.05,39,559,0.0,2,0.18577637,0.18577646,0.986355,0.10319175,0.10319175,1.0,8.446225e-08,8.184981e-07,-26.107788,2.1700244,0.72334146,0.17,0.0,0.14424376,11.020062,11.040063,1792000
hardzero_plus_depr__c0p52__z1p05__lam0p020__nu0p50__psi1p00,hardzero_plus_depr,0.05,39,560,0.0,2,0.18577646,0.18577653,1.0081547,0.09813982,0.09813982,1.0,7.873664e-08,8.022904e-07,-26.496943,2.2179847,0.73932827,0.16000001,0.0,0.1278493,11.040063,11.060063,1795200
hardzero_plus_depr__c0p52__z1p05__lam0p020__nu0p50__psi1p00,hardzero_plus_depr,0.05,39,561,0.0,2,0.18577653,0.18577653,1.0506289,0.0,0.08899612,0.0,0.0,7.864037e-07,-27.811525,2.3114297,0.7704766,0.16800001,0.0,0.16460425,11.060063,11.080064,1798400
hardzero_plus_depr__c0p52__z1p05__lam0p020__nu0p50__psi1p00,hardzero_plus_depr,0.05,39,562,0.0,2,0.18577653,0.1857766,1.0063188,0.09855559,0.09855559,1.0,7.596975e-08,7.708315e-07,-27.096418,2.2139456,0.7379819,0.17600001,0.0,0.16025133,11.080064,11.100064,1801600
hardzero_plus_depr__c0p52__z1p05__lam0p020__nu0p50__psi1p00,hardzero_plus_depr,0.05,39,563,0.0,2,0.1857766,0.1857766,1.058453,0.0,0.08740716,0.0,0.0,7.5556767e-07,-28.021114,2.328643,0.77621436,0.136,0.0,0.16877379,11.100064,11.120065,1804800
hardzero_plus_depr__c0p52__z1p05__lam0p020__nu0p50__psi1p00,hardzero_plus_depr,0.05,39,564,0.0,2,0.1857766,0.1857766,1.0697294,0.0,0.08516684,0.0,0.0,7.40606e-07,-27.883863,2.3534517,0.7844839,0.104,0.0,0.17863658,11.120065,11.140065,1808000
hardzero_plus_depr__c0p52__z1p05__lam0p020__nu0p50__psi1p00,hardzero_plus_depr,0.05,39,565,0.0,2,0.1857766,0.1857766,1.0539006,0.0,0.088328205,0.0,0.0,7.259407e-07,-27.684134,2.3186276,0.7728759,0.112,0.0,0.14252879,11.140065,11.160066,1811200
hardzero_plus_depr__c0p52__z1p05__lam0p020__nu0p50__psi1p00,hardzero_plus_depr,0.05,39,566,0.0,2,0.1857766,0.18577667,1.0377814,0.09166817,0.09166817,1.0,6.5227944e-08,7.1156586e-07,-27.989017,2.2831645,0.7610549,0.112,0.0,0.15782085,11.160066,11.180066,1814400
hardzero_plus_depr__c0p52__z1p05__lam0p020__nu0p50__psi1p00,hardzero_plus_depr,0.05,39,567,0.0,2,0.18577667,0.18577673,1.0195236,0.09560407,0.09560407,1.0,6.6681494e-08,6.974755e-07,-27.111603,2.2429967,0.7476656,0.136,0.0,0.14373551,11.180066,11.200067,1817600
hardzero_plus_depr__c0p52__z1p05__lam0p020__nu0p50__psi1p00,hardzero_plus_depr,0.05,39,568,0.0,2,0.18577673,0.18577679,1.01455,0.09670524,0.09670524,1.0,6.611393e-08,6.836643e-07,-27.885115,2.2320545,0.7440182,0.136,0.0,0.15874006,11.200067,11.220067,1820800
hardzero_plus_depr__c0p52__z1p05__lam0p020__nu0p50__psi1p00,hardzero_plus_depr,0.05,39,569,0.0,2,0.18577679,0.18577684,1.0288147,0.093580484,0.093580484,1.0,6.271077e-08,6.7012655e-07,-27.152363,2.2634375,0.75447917,0.14400001,0.0,0.13030551,11.220067,11.2400675,1824000
hardzero_plus_depr__c0p52__z1p05__lam0p020__nu0p50__psi1p00,hardzero_plus_depr,0.05,39,570,0.0,2,0.18577684,0.1857769,1.0234276,0.0947485,0.0947485,1.0,6.22362e-08,6.568568e-07,-26.198109,2.2515857,0.7505286,0.120000005,0.0,0.11712083,11.2400675,11.260068,1827200
hardzero_plus_depr__c0p52__z1p05__lam0p020__nu0p50__psi1p00,hardzero_plus_depr,0.05,39,571,0.0,2,0.1857769,0.1857769,1.0847954,0.0,0.08226301,0.0,0.0,6.438499e-07,-27.875757,2.3865974,0.79553246,0.17600001,0.0,0.15520996,11.260068,11.280068,1830400
hardzero_plus_depr__c0p52__z1p05__lam0p020__nu0p50__psi1p00,hardzero_plus_depr,0.05,39,572,0.0,2,0.1857769,0.18577696,0.999253,0.10017217,0.10017217,1.0,6.321871e-08,6.3110053e-07,-27.11706,2.1984005,0.7328002,0.12,0.0,0.14988011,11.280068,11.300069,1833600
hardzero_plus_depr__c0p52__z1p05__lam0p020__nu0p50__psi1p00,hardzero_plus_depr,0.05,39,573,0.0,2,0.18577696,0.18577696,1.0782768,0.0,0.08350706,0.0,0.0,6.186037e-07,-27.631443,2.3722563,0.7907521,0.192,0.0,0.17208825,11.300069,11.320069,1836800
hardzero_plus_depr__c0p52__z1p05__lam0p020__nu0p50__psi1p00,hardzero_plus_depr,0.05,39,574,0.0,2,0.18577696,0.18577702,1.0463389,0.089879595,0.089879595,1.0,5.4498866e-08,6.0635415e-07,-28.868053,2.3019915,0.7673305,0.16000001,0.0,0.16736971,11.320069,11.34007,1840000
hardzero_plus_depr__c0p52__z1p05__lam0p020__nu0p50__psi1p00,hardzero_plus_depr,0.05,39,575,0.0,2,0.18577702,0.18577708,1.0076864,0.09824571,0.09824571,1.0,5.839207e-08,5.943473e-07,-27.291344,2.2169542,0.73898476,0.16800001,0.0,0.14020355,11.34007,11.36007,1843200
hardzero_plus_depr__c0p52__z1p05__lam0p020__nu0p50__psi1p00,hardzero_plus_depr,0.05,39,576,0.0,2,0.18577708,0.18577714,0.9819081,0.1042538,0.1042538,1.0,6.0735985e-08,5.8257814e-07,-25.935295,2.160241,0.7200803,0.112,0.0,0.13613765,11.36007,11.380071,1846400
hardzero_plus_depr__c0p52__z1p05__lam0p020__nu0p50__psi1p00,hardzero_plus_depr,0.05,39,577,0.0,2,0.18577714,0.1857772,1.0374666,0.09173464,0.09173464,1.0,5.2384337e-08,5.7104205e-07,-27.483831,2.2824721,0.7608241,0.14400001,0.0,0.17293736,11.380071,11.400071,1849600
hardzero_plus_depr__c0p52__z1p05__lam0p020__nu0p50__psi1p00,hardzero_plus_depr,0.05,39,578,0.0,2,0.1857772,0.18577726,0.9865439,0.10314689,0.10314689,1.0,5.773487e-08,5.597345e-07,-27.117056,2.17044,0.72348,0.18400002,0.0,0.14372966,11.400071,11.420072,1852800
hardzero_plus_depr__c0p52__z1p05__lam0p020__nu0p50__psi1p00,hardzero_plus_depr,0.05,39,579,0.0,2,0.18577726,0.18577732,0.9803468,0.10462928,0.10462928,1.0,5.7404932e-08,5.4865075e-07,-26.822096,2.156806,0.7189354,0.14400001,0.0,0.15002628,11.420072,11.440072,1856000
hardzero_plus_depr__c0p52__z1p05__lam0p020__nu0p50__psi1p00,hardzero_plus_depr,0.05,39,580,0.0,2,0.18577732,0.18577737,1.0400907,0.09118205,0.09118205,1.0,4.9036473e-08,5.3778643e-07,-27.80586,2.2882452,0.7627484,0.15200001,0.0,0.15907963,11.440072,11.4600725,1859200
hardzero_plus_depr__c0p52__z1p05__lam0p020__nu0p50__psi1p00,hardzero_plus_depr,0.05,39,581,0.0,2,0.18577737,0.18577737,1.0599258,0.0,0.087111235,0.0,0.0,5.2713733e-07,-28.2987,2.3318832,0.7772944,0.192,0.0,0.19073765,11.4600725,11.480073,1862400
hardzero_plus_depr__c0p52__z1p05__lam0p020__nu0p50__psi1p00,hardzero_plus_depr,0.05,39,582,0.0,2,0.18577737,0.18577741,1.0123956,0.09718614,0.09718614,1.0,5.0215988e-08,5.1669906e-07,-26.51123,2.2273147,0.74243826,0.096,0.0,0.14389916,11.480073,11.500073,1865600
hardzero_plus_depr__c0p52__z1p05__lam0p020__nu0p50__psi1p00,hardzero_plus_depr,0.05,39,583,0.0,2,0.18577741,0.18577741,1.0564818,0.0,0.08780478,0.0,0.0,5.0646753e-07,-27.276989,2.3243065,0.7747688,0.14400001,0.0,0.13281016,11.500073,11.520074,1868800
hardzero_plus_depr__c0p52__z1p05__lam0p020__nu0p50__psi1p00,hardzero_plus_depr,0.05,39,584,0.0,2,0.18577741,0.18577747,0.97826195,0.105132766,0.105132766,1.0,5.2191957e-08,4.9643853e-07,-26.184227,2.1522193,0.71740645,0.15200001,0.0,0.13904561,11.520074,11.540074,1872000
hardzero_plus_depr__c0p52__z1p05__lam0p020__nu0p50__psi1p00,hardzero_plus_depr,0.05,39,585,0.0,2,0.18577747,0.18577752,1.0224112,0.0949705,0.0949705,1.0,4.6213426e-08,4.866082e-07,-27.374498,2.2493496,0.7497832,0.16,0.0,0.17451109,11.540074,11.560075,1875200
hardzero_plus_depr__c0p52__z1p05__lam0p020__nu0p50__psi1p00,hardzero_plus_depr,0.05,39,586,0.0,2,0.18577752,0.18577756,1.0487354,0.08938499,0.08938499,1.0,4.263418e-08,4.769725e-07,-27.884521,2.3072639,0.769088,0.08800001,0.0,0.15998204,11.560075,11.580075,1878400
hardzero_plus_depr__c0p52__z1p05__lam0p020__nu0p50__psi1p00,hardzero_plus_depr,0.05,39,587,0.0,2,0.18577756,0.1857776,0.9973915,0.100602426,0.100602426,1.0,4.703441e-08,4.6752757e-07,-26.470505,2.1943052,0.73143506,0.14400001,0.0,0.14052477,11.580075,11.600076,1881600
hardzero_plus_depr__c0p52__z1p05__lam0p020__nu0p50__psi1p00,hardzero_plus_depr,0.05,39,588,0.0,2,0.1857776,0.18577765,0.9913379,0.102014534,0.102014534,1.0,4.6750166e-08,4.5826968e-07,-26.56807,2.180987,0.72699565,0.18400002,0.0,0.13573255,11.600076,11.620076,1884800
hardzero_plus_depr__c0p52__z1p05__lam0p020__nu0p50__psi1p00,hardzero_plus_depr,0.05,39,589,0.0,2,0.18577765,0.1857777,1.0189935,0.09572084,0.09572084,1.0,4.299734e-08,4.4919517e-07,-27.743967,2.2418306,0.7472769,0.23200001,0.0,0.16334178,11.620076,11.640077,1888000
hardzero_plus_depr__c0p52__z1p05__lam0p020__nu0p50__psi1p00,hardzero_plus_depr,0.05,39,590,0.0,2,0.1857777,0.1857777,1.0529851,0.0,0.088514596,0.0,0.0,4.4030025e-07,-28.071335,2.3166134,0.7722045,0.120000005,0.0,0.1363151,11.640077,11.660077,1891200
hardzero_plus_depr__c0p52__z1p05__lam0p020__nu0p50__psi1p00,hardzero_plus_depr,0.05,39,591,0.0,2,0.1857777,0.1857777,1.0886245,0.0,0.08154091,0.0,0.0,4.3158158e-07,-28.101522,2.3950217,0.79834056,0.112,0.0,0.1633131,11.660077,11.680078,1894400
hardzero_plus_depr__c0p52__z1p05__lam0p020__nu0p50__psi1p00,hardzero_plus_depr,0.05,39,592,0.0,2,0.1857777,0.1857777,1.0649282,0.0,0.0861136,0.0,0.0,4.2303546e-07,-27.620527,2.3428888,0.78096294,0.128,0.0,0.16208343,11.680078,11.700078,1897600
hardzero_plus_depr__c0p52__z1p05__lam0p020__nu0p50__psi1p00,hardzero_plus_depr,0.05,39,593,0.0,2,0.1857777,0.18577774,0.9993269,0.100155115,0.100155115,1.0,4.1530182e-08,4.1465862e-07,-27.02011,2.198563,0.73285437,0.18400002,0.0,0.124363504,11.700078,11.720078,1900800
hardzero_plus_depr__c0p52__z1p05__lam0p020__nu0p50__psi1p00,hardzero_plus_depr,0.05,39,594,0.0,2,0.18577774,0.18577778,0.9751586,0.1058867,0.1058867,1.0,4.30374e-08,4.0644764e-07,-26.176577,2.1453917,0.71513057,0.264,0.0,0.1428043,11.720078,11.740079,1904000
hardzero_plus_depr__c0p52__z1p05__lam0p020__nu0p50__psi1p00,hardzero_plus_depr,0.05,39,595,0.0,2,0.18577778,0.18577781,1.0495776,0.089211814,0.089211814,1.0,3.554192e-08,3.9839924e-07,-27.301361,2.3091168,0.76970565,0.16000001,0.0,0.1553677,11.740079,11.760079,1907200
hardzero_plus_depr__c0p52__z1p05__lam0p020__nu0p50__psi1p00,hardzero_plus_depr,0.05,39,596,0.0,2,0.18577781,0.18577781,1.0639864,0.0,0.08630055,0.0,0.0,3.9051025e-07,-27.239817,2.340817,0.78027236,0.136,0.0,0.11249499,11.760079,11.78008,1910400
hardzero_plus_depr__c0p52__z1p05__lam0p020__nu0p50__psi1p00,hardzero_plus_depr,0.05,39,597,0.0,2,0.18577781,0.18577786,0.98401403,0.10374948,0.10374948,1.0,3.971296e-08,3.8277744e-07,-26.688295,2.164874,0.72162473,0.120000005,0.0,0.1371713,11.78008,11.80008,1913600
hardzero_plus_depr__c0p52__z1p05__lam0p020__nu0p50__psi1p00,hardzero_plus_depr,0.05,39,598,0.0,2,0.18577786,0.1857779,0.990467,0.10221931,0.10221931,1.0,3.835246e-08,3.751978e-07,-26.677935,2.179071,0.726357,0.14,0.0,0.13390772,11.80008,11.820081,1916800
hardzero_plus_depr__c0p52__z1p05__lam0p020__nu0p50__psi1p00,hardzero_plus_depr,0.05,39,599,0.0,2,0.1857779,0.18577793,0.99991137,0.10002041,0.10002041,1.0,3.6784325e-08,3.677682e-07,-27.462542,2.199849,0.733283,0.18400002,0.0,0.13077167,11.820081,11.840081,1920000
hardzero_plus_depr__c0p52__z1p05__lam0p020__nu0p50__psi1p00,hardzero_plus_depr,0.05,39,600,0.0,2,0.18577793,0.18577796,1.0270306,0.09396572,0.09396572,1.0,3.38733e-08,3.604857e-07,-26.916067,2.2595124,0.75317085,0.128,0.0,0.1352348,11.840081,11.860082,1923200
hardzero_plus_depr__c0p52__z1p05__lam0p020__nu0p50__psi1p00,hardzero_plus_depr,0.05,39,601,0.0,2,0.18577796,0.18577799,0.9906818,0.10216878,0.10216878,1.0,3.610108e-08,3.5334747e-07,-26.015259,2.1795435,0.7265145,0.15200001,0.0,0.121244945,11.860082,11.880082,1926400
hardzero_plus_depr__c0p52__z1p05__lam0p020__nu0p50__psi1p00,hardzero_plus_depr,0.05,39,602,0.0,2,0.18577799,0.18577802,1.0063089,0.098557815,0.098557815,1.0,3.4135553e-08,3.4635056e-07,-26.879747,2.2139237,0.7379746,0.14400001,0.0,0.13119265,11.880082,11.900083,1929600
hardzero_plus_depr__c0p52__z1p05__lam0p020__nu0p50__psi1p00,hardzero_plus_depr,0.05,39,603,0.0,2,0.18577802,0.18577805,0.98945194,0.1024585,0.1024585,1.0,3.4783863e-08,3.3949223e-07,-26.484188,2.1768377,0.7256126,0.16800001,0.0,0.14295894,11.900083,11.920083,1932800
hardzero_plus_depr__c0p52__z1p05__lam0p020__nu0p50__psi1p00,hardzero_plus_depr,0.05,39,604,0.0,2,0.18577805,0.18577808,0.9849623,0.103523195,0.103523195,1.0,3.444938e-08,3.3276964e-07,-26.732145,2.1669602,0.7223201,0.15200001,0.0,0.13623221,11.920083,11.9400835,1936000
hardzero_plus_depr__c0p52__z1p05__lam0p020__nu0p50__psi1p00,hardzero_plus_depr,0.05,39,605,0.0,2,0.18577808,0.18577808,1.0780704,0.0,0.08354675,0.0,0.0,3.261802e-07,-28.578518,2.3718023,0.7906008,0.18400002,0.0,0.16567482,11.9400835,11.960084,1939200
hardzero_plus_depr__c0p52__z1p05__lam0p020__nu0p50__psi1p00,hardzero_plus_depr,0.05,39,606,0.0,2,0.18577808,0.18577811,1.0230775,0.094824925,0.094824925,1.0,3.0317548e-08,3.197213e-07,-27.7647,2.2508154,0.7502718,0.15200001,0.0,0.17826842,11.960084,11.980084,1942400
hardzero_plus_depr__c0p52__z1p05__lam0p020__nu0p50__psi1p00,hardzero_plus_depr,0.05,39,607,0.0,2,0.18577811,0.18577814,1.0106362,0.097580664,0.097580664,1.0,3.058083e-08,3.1339025e-07,-26.80244,2.223444,0.741148,0.120000005,0.0,0.12233264,11.980084,12.000085,1945600
hardzero_plus_depr__c0p52__z1p05__lam0p020__nu0p50__psi1p00,hardzero_plus_depr,0.05,39,608,0.0,2,0.18577814,0.18577814,1.0654948,0.0,0.08600133,0.0,0.0,3.0718456e-07,-28.079834,2.3441353,0.78137845,0.136,0.0,0.14359942,12.000085,12.020085,1948800
hardzero_plus_depr__c0p52__z1p05__lam0p020__nu0p50__psi1p00,hardzero_plus_depr,0.05,39,609,0.0,2,0.18577814,0.18577814,1.0620548,0.0,0.08668525,0.0,0.0,3.0110175e-07,-28.201244,2.3365672,0.77885574,0.136,0.0,0.15399697,12.020085,12.040086,1952000
hardzero_plus_depr__c0p52__z1p05__lam0p020__nu0p50__psi1p00,hardzero_plus_depr,0.05,39,610,0.0,2,0.18577814,0.18577817,1.0130824,0.09703259,0.09703259,1.0,2.8638139e-08,2.951394e-07,-27.574646,2.2288258,0.742942,0.128,0.0,0.12859498,12.040086,12.060086,1955200
hardzero_plus_depr__c0p52__z1p05__lam0p020__nu0p50__psi1p00,hardzero_plus_depr,0.05,39,611,0.0,2,0.18577817,0.1857782,1.0443724,0.09028747,0.09028747,1.0,2.6119723e-08,2.8929512e-07,-27.059675,2.297665,0.7658884,0.21,0.0,0.13987105,12.060086,12.080087,1958400
hardzero_plus_depr__c0p52__z1p05__lam0p020__nu0p50__psi1p00,hardzero_plus_depr,0.05,39,612,0.0,2,0.1857782,0.18577823,1.0301164,0.0933004,0.0933004,1.0,2.6456872e-08,2.8356655e-07,-27.360695,2.2663014,0.7554338,0.18400002,0.0,0.14973618,12.080087,12.100087,1961600
hardzero_plus_depr__c0p52__z1p05__lam0p020__nu0p50__psi1p00,hardzero_plus_depr,0.05,39,613,0.0,2,0.18577823,0.18577826,0.98946404,0.10245567,0.10245567,1.0,2.84777e-08,2.7795144e-07,-26.854,2.1768644,0.72562146,0.14400001,0.0,0.15161286,12.100087,12.120088,1964800
hardzero_plus_depr__c0p52__z1p05__lam0p020__nu0p50__psi1p00,hardzero_plus_depr,0.05,39,614,0.0,2,0.18577826,0.18577826,1.0696133,0.0,0.08518961,0.0,0.0,2.7244752e-07,-28.147371,2.3531964,0.7843988,0.208,0.0,0.17579697,12.120088,12.140088,1968000
hardzero_plus_depr__c0p52__z1p05__lam0p020__nu0p50__psi1p00,hardzero_plus_depr,0.05,39,615,0.0,2,0.18577826,0.18577829,1.0328634,0.09271214,0.09271214,1.0,2.4759013e-08,2.6705254e-07,-27.079683,2.2723448,0.7574483,0.136,0.0,0.14966069,12.140088,12.160089,1971200
hardzero_plus_depr__c0p52__z1p05__lam0p020__nu0p50__psi1p00,hardzero_plus_depr,0.05,39,616,0.0,2,0.18577829,0.18577829,1.0543606,0.0,0.088234685,0.0,0.0,2.6176446e-07,-27.560019,2.3196397,0.77321327,0.16000001,0.0,0.13570663,12.160089,12.180089,1974400
hardzero_plus_depr__c0p52__z1p05__lam0p020__nu0p50__psi1p00,hardzero_plus_depr,0.05,39,617,0.0,2,0.18577829,0.18577832,0.97686094,0.10547245,0.10547245,1.0,2.7062232e-08,2.5658105e-07,-26.746424,2.149137,0.71637905,0.23200001,0.0,0.13212535,12.180089,12.200089,1977600
hardzero_plus_depr__c0p52__z1p05__lam0p020__nu0p50__psi1p00,hardzero_plus_depr,0.05,39,618,0.0,2,0.18577832,0.18577835,0.9848228,0.10355644,0.10355644,1.0,2.6044471e-08,2.5150027e-07,-25.52006,2.1666534,0.7222178,0.16800001,0.0,0.13624045,12.200089,12.22009,1980800
hardzero_plus_depr__c0p52__z1p05__lam0p020__nu0p50__psi1p00,hardzero_plus_depr,0.05,39,619,0.0,2,0.18577835,0.18577838,1.0068524,0.098434545,0.098434545,1.0,2.4266097e-08,2.4652013e-07,-26.441267,2.2151194,0.73837316,0.14400001,0.0,0.15646717,12.22009,12.24009,1984000
hardzero_plus_depr__c0p52__z1p05__lam0p020__nu0p50__psi1p00,hardzero_plus_depr,0.05,39,620,0.0,2,0.18577838,0.18577841,0.9794351,0.10484916,0.10484916,1.0,2.5335606e-08,2.4163862e-07,-27.306177,2.1548002,0.7182667,0.16000001,0.0,0.14192623,12.24009,12.260091,1987200
hardzero_plus_depr__c0p52__z1p05__lam0p020__nu0p50__psi1p00,hardzero_plus_depr,0.05,39,621,0.0,2,0.18577841,0.18577844,1.0072039,0.098354906,0.098354906,1.0,2.3295728e-08,2.3685375e-07,-26.367466,2.215893,0.738631,0.23200001,0.0,0.1345674,12.260091,12.280091,1990400
hardzero_plus_depr__c0p52__z1p05__lam0p020__nu0p50__psi1p00,hardzero_plus_depr,0.05,39,622,0.0,2,0.18577844,0.18577847,1.0122397,0.09722104,0.09722104,1.0,2.2571186e-08,2.321636e-07,-26.934805,2.2269719,0.742324,0.120000005,0.0,0.13737074,12.280091,12.300092,1993600
hardzero_plus_depr__c0p52__z1p05__lam0p020__nu0p50__psi1p00,hardzero_plus_depr,0.05,39,623,0.0,2,0.18577847,0.18577848,1.0449405,0.09016948,0.09016948,1.0,2.0519538e-08,2.2756633e-07,-28.025549,2.298915,0.76630497,0.17600001,0.0,0.147386,12.300092,12.320092,1996800
hardzero_plus_depr__c0p52__z1p05__lam0p020__nu0p50__psi1p00,hardzero_plus_depr,0.05,39,624,0.0,2,0.18577848,0.1857785,1.0483891,0.0894563,0.0894563,1.0,1.9954133e-08,2.2306013e-07,-27.716267,2.306502,0.76883405,0.17999999,0.0,0.15017915,12.320092,12.340093,2000000
hardzero_plus_depr__c0p52__z1p05__lam0p020__nu0p50__psi1p00,hardzero_plus_depr,0.05,39,625,0.0,2,0.1857785,0.18577853,0.9897213,0.10239498,0.10239498,1.0,2.238796e-08,2.1864314e-07,-27.285662,2.1774304,0.72581017,0.208,0.0,0.13616814,12.340093,12.360093,2003200
hardzero_plus_depr__c0p52__z1p05__lam0p020__nu0p50__psi1p00,hardzero_plus_depr,0.05,39,626,0.0,2,0.18577853,0.18577853,1.0885106,0.0,0.08156228,0.0,0.0,2.1431363e-07,-28.612465,2.394771,0.79825705,0.128,0.0,0.18518846,12.360093,12.380094,2006400
hardzero_plus_depr__c0p52__z1p05__lam0p020__nu0p50__psi1p00,hardzero_plus_depr,0.05,39,627,0.0,2,0.18577853,0.18577854,1.0274588,0.093873106,0.093873106,1.0,1.971991e-08,2.1006984e-07,-27.084974,2.2604544,0.75348485,0.2,0.0,0.1791728,12.380094,12.400094,2009600
hardzero_plus_depr__c0p52__z1p05__lam0p020__nu0p50__psi1p00,hardzero_plus_depr,0.05,39,628,0.0,2,0.18577854,0.18577856,1.0290875,0.09352171,0.09352171,1.0,1.9257062e-08,2.0591008e-07,-28.013968,2.2640378,0.7546793,0.216,0.0,0.15026474,12.400094,12.4200945,2012800
hardzero_plus_depr__c0p52__z1p05__lam0p020__nu0p50__psi1p00,hardzero_plus_depr,0.05,39,629,0.0,2,0.18577856,0.18577857,0.98860466,0.102658585,0.102658585,1.0,2.071986e-08,2.018327e-07,-26.371822,2.1749737,0.72499126,0.14400001,0.0,0.13695295,12.4200945,12.440095,2016000
hardzero_plus_depr__c0p52__z1p05__lam0p020__nu0p50__psi1p00,hardzero_plus_depr,0.05,39,630,0.0,2,0.18577857,0.18577857,1.0717458,0.0,0.08477235,0.0,0.0,1.9783604e-07,-27.551334,2.3578877,0.7859626,0.14400001,0.0,0.15796746,12.440095,12.460095,2019200
hardzero_plus_depr__c0p52__z1p05__lam0p020__nu0p50__psi1p00,hardzero_plus_depr,0.05,39,631,0.0,2,0.18577857,0.18577859,1.0062537,0.09857034,0.09857034,1.0,1.9114614e-08,1.9391852e-07,-27.01588,2.2138023,0.7379341,0.192,0.0,0.14570472,12.460095,12.480096,2022400
hardzero_plus_depr__c0p52__z1p05__lam0p020__nu0p50__psi1p00,hardzero_plus_depr,0.05,39,632,0.0,2,0.18577859,0.1857786,1.031987,0.09289942,0.09289942,1.0,1.7658193e-08,1.9007861e-07,-26.127789,2.2704165,0.75680554,0.128,0.0,0.14033446,12.480096,12.500096,2025600
hardzero_plus_depr__c0p52__z1p05__lam0p020__nu0p50__psi1p00,hardzero_plus_depr,0.05,39,633,0.0,2,0.1857786,0.18577862,1.0181855,0.09589909,0.09589909,1.0,1.7867412e-08,1.8631472e-07,-27.322424,2.240053,0.7466843,0.128,0.0,0.14192872,12.500096,12.520097,2028800
hardzero_plus_depr__c0p52__z1p05__lam0p020__nu0p50__psi1p00,hardzero_plus_depr,0.05,39,634,0.0,2,0.18577862,0.18577863,1.0141236,0.09680023,0.09680023,1.0,1.7678177e-08,1.8262536e-07,-27.300709,2.2311163,0.74370545,0.17600001,0.0,0.12661818,12.520097,12.540097,2032000
hardzero_plus_depr__c0p52__z1p05__lam0p020__nu0p50__psi1p00,hardzero_plus_depr,0.05,39,635,0.0,2,0.18577863,0.18577865,0.9844522,0.10364487,0.10364487,1.0,1.855337e-08,1.7900905e-07,-26.107527,2.165838,0.721946,0.2,0.0,0.14902516,12.540097,12.560098,2035200
hardzero_plus_depr__c0p52__z1p05__lam0p020__nu0p50__psi1p00,hardzero_plus_depr,0.05,39,636,0.0,2,0.18577865,0.18577866,1.0053418,0.09877755,0.09877755,1.0,1.7331939e-08,1.7546435e-07,-27.12539,2.211796,0.73726535,0.2,0.008,0.16805327,12.560098,12.580098,2038400
hardzero_plus_depr__c0p52__z1p05__lam0p020__nu0p50__psi1p00,hardzero_plus_depr,0.05,39,637,0.0,2,0.18577866,0.18577868,1.0357103,0.09210637,0.09210637,1.0,1.584136e-08,1.7198984e-07,-27.18881,2.2786083,0.75953615,0.12,0.0,0.14920685,12.580098,12.600099,2041600
hardzero_plus_depr__c0p52__z1p05__lam0p020__nu0p50__psi1p00,hardzero_plus_depr,0.05,39,638,0.0,2,0.18577868,0.18577869,0.9950515,0.10114594,0.10114594,1.0,1.7051603e-08,1.6858415e-07,-27.03559,2.189157,0.72971904,0.224,0.008,0.16629082,12.600099,12.620099,2044800
hardzero_plus_depr__c0p52__z1p05__lam0p020__nu0p50__psi1p00,hardzero_plus_depr,0.05,39,639,0.0,2,0.18577869,0.1857787,0.99493134,0.10117394,0.10117394,1.0,1.6718577e-08,1.6524588e-07,-26.747488,2.1888926,0.7296309,0.136,0.0,0.13880341,12.620099,12.6401,2048000
hardzero_plus_depr__c0p52__z1p05__lam0p020__nu0p50__psi1p00,hardzero_plus_depr,0.05,39,640,0.0,2,0.1857787,0.18577872,0.9366786,0.11569682,0.11569682,1.0,1.8739843e-08,1.6197372e-07,-25.425404,2.060734,0.68691134,0.18400002,0.0,0.11966779,12.6401,12.6601,2051200
hardzero_plus_depr__c0p52__z1p05__lam0p020__nu0p50__psi1p00,hardzero_plus_depr,0.05,39,641,0.0,2,0.18577872,0.18577874,1.0180218,0.09593525,0.09593525,1.0,1.5231288e-08,1.5876634e-07,-27.855251,2.2396927,0.74656427,0.18400002,0.0,0.14505427,12.6601,12.6801,2054400
hardzero_plus_depr__c0p52__z1p05__lam0p020__nu0p50__psi1p00,hardzero_plus_depr,0.05,39,642,0.0,2,0.18577874,0.18577875,1.0204172,0.09540756,0.09540756,1.0,1.4847562e-08,1.5562249e-07,-27.049763,2.2449627,0.74832094,0.16800001,0.0,0.12713331,12.6801,12.700101,2057600
hardzero_plus_depr__c0p52__z1p05__lam0p020__nu0p50__psi1p00,hardzero_plus_depr,0.05,39,643,0.0,2,0.18577875,0.18577877,1.047662,0.08960619,0.08960619,1.0,1.3668608e-08,1.5254089e-07,-28.070364,2.3049026,0.7683009,0.208,0.0,0.14141348,12.700101,12.720101,2060800
hardzero_plus_depr__c0p52__z1p05__lam0p020__nu0p50__psi1p00,hardzero_plus_depr,0.05,39,644,0.0,2,0.18577877,0.18577878,0.901401,0.12548709,0.12548709,1.0,1.8762867e-08,1.495203e-07,-24.995327,1.9831218,0.6610406,0.2,0.0,0.12389238,12.720101,12.740102,2064000
hardzero_plus_depr__c0p52__z1p05__lam0p020__nu0p50__psi1p00,hardzero_plus_depr,0.05,39,645,0.0,2,0.18577878,0.1857788,1.0001915,0.099955924,0.099955924,1.0,1.4649495e-08,1.4655954e-07,-27.629803,2.2004652,0.73348844,0.224,0.0,0.17950603,12.740102,12.760102,2067200
hardzero_plus_depr__c0p52__z1p05__lam0p020__nu0p50__psi1p00,hardzero_plus_depr,0.05,39,646,0.0,2,0.1857788,0.1857788,1.0613116,0.0,0.08683371,0.0,0.0,1.436574e-07,-27.584602,2.334932,0.7783107,0.16800001,0.0,0.16558294,12.760102,12.780103,2070400
hardzero_plus_depr__c0p52__z1p05__lam0p020__nu0p50__psi1p00,hardzero_plus_depr,0.05,39,647,0.0,2,0.1857788,0.18577881,1.032373,0.09281688,0.09281688,1.0,1.3069799e-08,1.4081273e-07,-26.941422,2.2712657,0.7570886,0.08800001,0.0,0.12821065,12.780103,12.800103,2073600
hardzero_plus_depr__c0p52__z1p05__lam0p020__nu0p50__psi1p00,hardzero_plus_depr,0.05,39,648,0.0,2,0.18577881,0.18577883,0.9538746,0.11120527,0.11120527,1.0,1.534904e-08,1.3802439e-07,-25.695543,2.098566,0.699522,0.192,0.0,0.11506005,12.800103,12.820104,2076800
hardzero_plus_depr__c0p52__z1p05__lam0p020__nu0p50__psi1p00,hardzero_plus_depr,0.05,39,649,0.0,2,0.18577883,0.18577883,1.0524566,0.0,0.08862238,0.0,0.0,1.3529126e-07,-27.552002,2.315451,0.77181697,0.16000001,0.0,0.14950317,12.820104,12.840104,2080000
hardzero_plus_depr__c0p52__z1p05__lam0p020__nu0p50__psi1p00,hardzero_plus_depr,0.05,39,650,0.0,2,0.18577883,0.18577884,1.0087914,0.097996034,0.097996034,1.0,1.2995474e-08,1.3261224e-07,-27.407177,2.2193856,0.7397952,0.17,0.0,0.12446653,12.840104,12.860105,2083200
hardzero_plus_depr__c0p52__z1p05__lam0p020__nu0p50__psi1p00,hardzero_plus_depr,0.05,39,651,0.0,2,0.18577884,0.18577886,1.0187404,0.09577664,0.09577664,1.0,1.2449651e-08,1.299863e-07,-26.9021,2.2412736,0.74709123,0.15200001,0.0,0.16514282,12.860105,12.880105,2086400
hardzero_plus_depr__c0p52__z1p05__lam0p020__nu0p50__psi1p00,hardzero_plus_depr,0.05,39,652,0.0,2,0.18577886,0.18577887,1.022918,0.09485976,0.09485976,1.0,1.2086303e-08,1.2741233e-07,-28.193754,2.2504644,0.75015485,0.15200001,0.0,0.11735184,12.880105,12.900105,2089600
hardzero_plus_depr__c0p52__z1p05__lam0p020__nu0p50__psi1p00,hardzero_plus_depr,0.05,39,653,0.0,2,0.18577887,0.18577889,0.9769963,0.10543958,0.10543958,1.0,1.316828e-08,1.2488934e-07,-26.241425,2.1494348,0.7164783,0.2,0.0,0.1652004,12.900105,12.920106,2092800
hardzero_plus_depr__c0p52__z1p05__lam0p020__nu0p50__psi1p00,hardzero_plus_depr,0.05,39,654,0.0,2,0.18577889,0.18577889,1.0770102,0.0,0.08375097,0.0,0.0,1.2241632e-07,-28.31676,2.3694696,0.78982323,0.136,0.0,0.14267394,12.920106,12.940106,2096000
hardzero_plus_depr__c0p52__z1p05__lam0p020__nu0p50__psi1p00,hardzero_plus_depr,0.05,39,655,0.0,2,0.18577889,0.18577889,1.062843,0.0,0.08652808,0.0,0.0,1.1999225e-07,-29.476965,2.3383012,0.7794337,0.192,0.0,0.20520623,12.940106,12.960107,2099200
hardzero_plus_depr__c0p52__z1p05__lam0p020__nu0p50__psi1p00,hardzero_plus_depr,0.05,39,656,0.0,2,0.18577889,0.1857789,1.014113,0.09680261,0.09680261,1.0,1.1385555e-08,1.17616196e-07,-27.517853,2.231093,0.74369764,0.2,0.0,0.13454789,12.960107,12.980107,2102400
hardzero_plus_depr__c0p52__z1p05__lam0p020__nu0p50__psi1p00,hardzero_plus_depr,0.05,39,657,0.0,2,0.1857789,0.18577892,1.0453123,0.090092316,0.090092316,1.0,1.038649e-08,1.15287186e-07,-28.007673,2.299733,0.76657766,0.096,0.0,0.15055662,12.980107,13.000108,2105600
hardzero_plus_depr__c0p52__z1p05__lam0p020__nu0p50__psi1p00,hardzero_plus_depr,0.05,39,658,0.0,2,0.18577892,0.18577893,1.0381945,0.09158102,0.09158102,1.0,1.0349047e-08,1.1300428e-07,-28.03849,2.2840736,0.7613579,0.128,0.0,0.16580305,13.000108,13.020108,2108800
hardzero_plus_depr__c0p52__z1p05__lam0p020__nu0p50__psi1p00,hardzero_plus_depr,0.05,39,659,0.0,2,0.18577893,0.18577895,1.0389019,0.09143196,0.09143196,1.0,1.0127609e-08,1.10766614e-07,-27.816612,2.28563,0.7618767,0.2,0.0,0.14849165,13.020108,13.040109,2112000
hardzero_plus_depr__c0p52__z1p05__lam0p020__nu0p50__psi1p00,hardzero_plus_depr,0.05,39,660,0.0,2,0.18577895,0.18577896,0.97931486,0.10487819,0.10487819,1.0,1.1386963e-08,1.08573225e-07,-25.648314,2.1545358,0.71817863,0.2,0.0,0.14210816,13.040109,13.060109,2115200
hardzero_plus_depr__c0p52__z1p05__lam0p020__nu0p50__psi1p00,hardzero_plus_depr,0.05,39,661,0.0,2,0.18577896,0.18577896,1.0826662,0.0,0.08266732,0.0,0.0,1.06423286e-07,-28.733187,2.3819132,0.79397106,0.096,0.0,0.18548086,13.060109,13.08011,2118400
hardzero_plus_depr__c0p52__z1p05__lam0p020__nu0p50__psi1p00,hardzero_plus_depr,0.05,39,662,0.0,2,0.18577896,0.18577898,1.0342237,0.09242221,0.09242221,1.0,9.6411075e-09,1.04315916e-07,-26.879747,2.2753375,0.75844586,0.096,0.0,0.15148823,13.08011,13.10011,2121600
hardzero_plus_depr__c0p52__z1p05__lam0p020__nu0p50__psi1p00,hardzero_plus_depr,0.05,39,663,0.0,2,0.18577898,0.18577899,0.97142696,0.10680044,0.10680044,1.0,1.0920374e-08,1.02250276e-07,-26.091703,2.137182,0.712394,0.22,0.0,0.1425227,13.10011,13.1201105,2124800
hardzero_plus_depr__c0p52__z1p05__lam0p020__nu0p50__psi1p00,hardzero_plus_depr,0.05,39,664,0.0,2,0.18577899,0.185779,0.9687594,0.107458435,0.107458435,1.0,1.077008e-08,1.0022554e-07,-26.747976,2.1313133,0.7104378,0.224,0.0,0.13718365,13.1201105,13.140111,2128000
hardzero_plus_depr__c0p52__z1p05__lam0p020__nu0p50__psi1p00,hardzero_plus_depr,0.05,39,665,0.0,2,0.185779,0.18577902,1.0430051,0.0905722,0.0905722,1.0,8.897895e-09,9.82409e-08,-27.72197,2.294657,0.76488566,0.15200001,0.0,0.14908993,13.140111,13.160111,2131200
hardzero_plus_depr__c0p52__z1p05__lam0p020__nu0p50__psi1p00,hardzero_plus_depr,0.05,39,666,0.0,2,0.18577902,0.18577904,1.0267999,0.09401563,0.09401563,1.0,9.053287e-09,9.629555e-08,-27.91074,2.2590048,0.75300163,0.17600001,0.0,0.15771188,13.160111,13.180112,2134400
hardzero_plus_depr__c0p52__z1p05__lam0p020__nu0p50__psi1p00,hardzero_plus_depr,0.05,39,667,0.0,2,0.18577904,0.18577905,1.0496697,0.08919288,0.08919288,1.0,8.418803e-09,9.438873e-08,-27.847303,2.3093195,0.7697732,0.104,0.0,0.15950428,13.180112,13.200112,2137600
hardzero_plus_depr__c0p52__z1p05__lam0p020__nu0p50__psi1p00,hardzero_plus_depr,0.05,39,668,0.0,2,0.18577905,0.18577906,1.0324258,0.0928056,0.0928056,1.0,8.586344e-09,9.251967e-08,-27.426634,2.271382,0.7571274,0.136,0.0,0.15554892,13.200112,13.220113,2140800
hardzero_plus_depr__c0p52__z1p05__lam0p020__nu0p50__psi1p00,hardzero_plus_depr,0.05,39,669,0.0,2,0.18577906,0.18577906,1.0512304,0.0,0.08887295,0.0,0.0,9.0687614e-08,-28.301388,2.3127532,0.7709178,0.18400002,0.0,0.16019353,13.220113,13.240113,2144000
hardzero_plus_depr__c0p52__z1p05__lam0p020__nu0p50__psi1p00,hardzero_plus_depr,0.05,39,670,0.0,2,0.18577906,0.18577908,1.0479182,0.089553334,0.089553334,1.0,7.96056e-09,8.889184e-08,-27.650671,2.3054662,0.76848876,0.104,0.0,0.1548324,13.240113,13.260114,2147200
hardzero_plus_depr__c0p52__z1p05__lam0p020__nu0p50__psi1p00,hardzero_plus_depr,0.05,39,671,0.0,2,0.18577908,0.1857791,1.0126415,0.097131126,0.097131126,1.0,8.463193e-09,8.7131625e-08,-27.785206,2.227856,0.7426187,0.2,0.0,0.16883914,13.260114,13.280114,2150400
hardzero_plus_depr__c0p52__z1p05__lam0p020__nu0p50__psi1p00,hardzero_plus_depr,0.05,39,672,0.0,2,0.1857791,0.18577911,1.0438439,0.09039743,0.09039743,1.0,7.720507e-09,8.540626e-08,-26.913353,2.2965024,0.7655008,0.056,0.0,0.16561386,13.280114,13.300115,2153600
hardzero_plus_depr__c0p52__z1p05__lam0p020__nu0p50__psi1p00,hardzero_plus_depr,0.05,39,673,0.0,2,0.18577911,0.18577912,1.0070598,0.098387554,0.098387554,1.0,8.236521e-09,8.3715065e-08,-27.16306,2.215576,0.73852533,0.16800001,0.0,0.14163831,13.300115,13.320115,2156800
hardzero_plus_depr__c0p52__z1p05__lam0p020__nu0p50__psi1p00,hardzero_plus_depr,0.05,39,674,0.0,2,0.18577912,0.18577914,1.005214,0.09880662,0.09880662,1.0,8.10781e-09,8.205736e-08,-26.852966,2.211515,0.73717165,0.16000001,0.0,0.119170636,13.320115,13.340116,2160000
hardzero_plus_depr__c0p52__z1p05__lam0p020__nu0p50__psi1p00,hardzero_plus_depr,0.05,39,675,0.0,2,0.18577914,0.18577915,1.0055852,0.098722205,0.098722205,1.0,7.9404705e-09,8.043247e-08,-26.271997,2.2123315,0.73744386,0.18400002,0.0,0.13145882,13.340116,13.360116,2163200
hardzero_plus_depr__c0p52__z1p05__lam0p020__nu0p50__psi1p00,hardzero_plus_depr,0.05,39,676,0.0,2,0.18577915,0.18577917,0.9989566,0.10024054,0.10024054,1.0,7.902942e-09,7.8839776e-08,-26.209404,2.1977484,0.7325828,0.17999999,0.0,0.12461439,13.360116,13.380116,2166400
hardzero_plus_depr__c0p52__z1p05__lam0p020__nu0p50__psi1p00,hardzero_plus_depr,0.05,39,677,0.0,2,0.18577917,0.18577917,1.0502474,0.0,0.08907432,0.0,0.0,7.727861e-08,-27.477722,2.3105905,0.77019686,0.104,0.0,0.13253413,13.380116,13.400117,2169600
hardzero_plus_depr__c0p52__z1p05__lam0p020__nu0p50__psi1p00,hardzero_plus_depr,0.05,39,678,0.0,2,0.18577917,0.18577918,0.9676936,0.1077225,0.1077225,1.0,8.159802e-09,7.574835e-08,-26.435774,2.1289685,0.7096562,0.17600001,0.0,0.13306768,13.400117,13.420117,2172800
hardzero_plus_depr__c0p52__z1p05__lam0p020__nu0p50__psi1p00,hardzero_plus_depr,0.05,39,679,0.0,2,0.18577918,0.1857792,0.9961379,0.100893244,0.100893244,1.0,7.491162e-09,7.4248405e-08,-25.750774,2.1915472,0.7305157,0.16000001,0.0,0.11942473,13.420117,13.440118,2176000
hardzero_plus_depr__c0p52__z1p05__lam0p020__nu0p50__psi1p00,hardzero_plus_depr,0.05,39,680,0.0,2,0.1857792,0.18577921,0.9694414,0.107289836,0.107289836,1.0,7.808356e-09,7.277815e-08,-26.417498,2.1328137,0.7109379,0.216,0.0,0.1300367,13.440118,13.460118,2179200
hardzero_plus_depr__c0p52__z1p05__lam0p020__nu0p50__psi1p00,hardzero_plus_depr,0.05,39,681,0.0,2,0.18577921,0.18577921,1.0174145,0.09606951,0.09606951,1.0,6.8533117e-09,7.133701e-08,-26.558231,2.2383566,0.7461189,0.128,0.0,0.14982802,13.460118,13.480119,2182400
hardzero_plus_depr__c0p52__z1p05__lam0p020__nu0p50__psi1p00,hardzero_plus_depr,0.05,39,682,0.0,2,0.18577921,0.18577921,0.9985032,0.100345254,0.100345254,1.0,7.0165833e-09,6.992442e-08,-27.917831,2.1967509,0.73225033,0.17600001,0.0,0.15978587,13.480119,13.500119,2185600
hardzero_plus_depr__c0p52__z1p05__lam0p020__nu0p50__psi1p00,hardzero_plus_depr,0.05,39,683,0.0,2,0.18577921,0.18577921,1.0303191,0.09325688,0.09325688,1.0,6.391807e-09,6.853979e-08,-28.038103,2.2667472,0.75558245,0.136,0.0,0.1565438,13.500119,13.52012,2188800
hardzero_plus_depr__c0p52__z1p05__lam0p020__nu0p50__psi1p00,hardzero_plus_depr,0.05,39,684,0.0,2,0.18577921,0.18577921,1.0023865,0.099452,0.099452,1.0,6.681441e-09,6.7182576e-08,-27.211185,2.2052941,0.73509806,0.192,0.0,0.15142629,13.52012,13.54012,2192000
hardzero_plus_depr__c0p52__z1p05__lam0p020__nu0p50__psi1p00,hardzero_plus_depr,0.05,39,685,0.0,2,0.18577921,0.18577921,1.0825531,0.0,0.08268882,0.0,0.0,6.585224e-08,-28.601065,2.3816645,0.7938882,0.136,0.0,0.1587082,13.54012,13.560121,2195200
hardzero_plus_depr__c0p52__z1p05__lam0p020__nu0p50__psi1p00,hardzero_plus_depr,0.05,39,686,0.0,2,0.18577921,0.18577921,1.0169804,0.096165575,0.096165575,1.0,6.207319e-09,6.4548246e-08,-26.857397,2.2374015,0.7458005,0.128,0.0,0.13678338,13.560121,13.580121,2198400
hardzero_plus_depr__c0p52__z1p05__lam0p020__nu0p50__psi1p00,hardzero_plus_depr,0.05,39,687,0.0,2,0.18577921,0.18577921,1.0279101,0.0937756,0.0937756,1.0,5.9331895e-09,6.327008e-08,-26.979801,2.2614474,0.7538158,0.17600001,0.0,0.1482341,13.580121,13.6001215,2201600
hardzero_plus_depr__c0p52__z1p05__lam0p020__nu0p50__psi1p00,hardzero_plus_depr,0.05,39,688,0.0,2,0.18577921,0.18577921,1.0509427,0.0,0.08893186,0.0,0.0,6.2017214e-08,-27.829618,2.31212,0.77070665,0.16800001,0.0,0.14746068,13.6001215,13.620122,2204800
hardzero_plus_depr__c0p52__z1p05__lam0p020__nu0p50__psi1p00,hardzero_plus_depr,0.05,39,689,0.0,2,0.18577921,0.18577921,0.94923055,0.1124008,0.1124008,1.0,6.8327513e-09,6.078917e-08,-25.929722,2.0883489,0.6961163,0.21,0.0,0.123054214,13.620122,13.640122,2208000
hardzero_plus_depr__c0p52__z1p05__lam0p020__nu0p50__psi1p00,hardzero_plus_depr,0.05,39,690,0.0,2,0.18577921,0.18577921,1.0396663,0.09127118,0.09127118,1.0,5.4384324e-09,5.958543e-08,-27.134243,2.2873116,0.7624372,0.16000001,0.0,0.16536894,13.640122,13.660123,2211200
hardzero_plus_depr__c0p52__z1p05__lam0p020__nu0p50__psi1p00,hardzero_plus_depr,0.05,39,691,0.0,2,0.18577921,0.18577921,1.0500623,0.0,0.089112304,0.0,0.0,5.840554e-08,-27.470493,2.3101833,0.77006114,0.14400001,0.0,0.13669154,13.660123,13.680123,2214400
hardzero_plus_depr__c0p52__z1p05__lam0p020__nu0p50__psi1p00,hardzero_plus_depr,0.05,39,692,0.0,2,0.18577921,0.18577921,1.0958425,0.0,0.08019688,0.0,0.0,5.7249004e-08,-28.221674,2.4109015,0.80363387,0.16800001,0.0,0.17009445,13.680123,13.700124,2217600
hardzero_plus_depr__c0p52__z1p05__lam0p020__nu0p50__psi1p00,hardzero_plus_depr,0.05,39,693,0.0,2,0.18577921,0.18577921,0.9815392,0.1043424,0.1043424,1.0,5.855213e-09,5.6115375e-08,-26.544645,2.1594293,0.7198098,0.16000001,0.0,0.12687315,13.700124,13.720124,2220800
hardzero_plus_depr__c0p52__z1p05__lam0p020__nu0p50__psi1p00,hardzero_plus_depr,0.05,39,694,0.0,2,0.18577921,0.18577921,1.0014787,0.09966008,0.09966008,1.0,5.481722e-09,5.500419e-08,-27.263578,2.2032971,0.7344324,0.120000005,0.0,0.11348198,13.720124,13.740125,2224000
hardzero_plus_depr__c0p52__z1p05__lam0p020__nu0p50__psi1p00,hardzero_plus_depr,0.05,39,695,0.0,2,0.18577921,0.18577921,1.0345304,0.09235694,0.09235694,1.0,4.9794253e-09,5.3915006e-08,-26.712324,2.2760124,0.7586708,0.136,0.0,0.13919039,13.740125,13.760125,2227200
hardzero_plus_depr__c0p52__z1p05__lam0p020__nu0p50__psi1p00,hardzero_plus_depr,0.05,39,696,0.0,2,0.18577921,0.18577921,1.0374897,0.09172979,0.09172979,1.0,4.8476805e-09,5.2847394e-08,-27.801178,2.282523,0.760841,0.136,0.0,0.18454784,13.760125,13.780126,2230400
hardzero_plus_depr__c0p52__z1p05__lam0p020__nu0p50__psi1p00,hardzero_plus_depr,0.05,39,697,0.0,2,0.18577921,0.18577921,1.040857,0.0910213,0.0910213,1.0,4.7149875e-09,5.1800924e-08,-27.625484,2.289931,0.7633104,0.112,0.0,0.17238972,13.780126,13.800126,2233600
hardzero_plus_depr__c0p52__z1p05__lam0p020__nu0p50__psi1p00,hardzero_plus_depr,0.05,39,698,0.0,2,0.18577921,0.18577921,1.0272076,0.09392742,0.09392742,1.0,4.769181e-09,5.0775174e-08,-26.679567,2.2599018,0.7533006,0.080000006,0.0,0.14143713,13.800126,13.820127,2236800
hardzero_plus_depr__c0p52__z1p05__lam0p020__nu0p50__psi1p00,hardzero_plus_depr,0.05,39,699,0.0,2,0.18577921,0.18577921,1.071105,0.0,0.08489751,0.0,0.0,4.976974e-08,-27.54837,2.356478,0.78549266,0.096,0.0,0.13831484,13.820127,13.840127,2240000
hardzero_plus_depr__c0p52__z1p05__lam0p020__nu0p50__psi1p00,hardzero_plus_depr,0.05,39,700,0.0,2,0.18577921,0.18577921,1.0792212,0.0,0.08332566,0.0,0.0,4.8784205e-08,-28.033922,2.374334,0.7914447,0.16000001,0.0,0.15744138,13.840127,13.860127,2243200
hardzero_plus_depr__c0p52__z1p05__lam0p020__nu0p50__psi1p00,hardzero_plus_depr,0.05,39,701,0.0,2,0.18577921,0.18577921,0.99048966,0.10221397,0.10221397,1.0,4.887687e-09,4.781819e-08,-26.4699,2.1791208,0.7263736,0.104,0.0,0.12402021,13.860127,13.880128,2246400
hardzero_plus_depr__c0p52__z1p05__lam0p020__nu0p50__psi1p00,hardzero_plus_depr,0.05,39,702,0.0,2,0.18577921,0.18577921,1.0049367,0.098869726,0.098869726,1.0,4.634153e-09,4.6871303e-08,-27.795534,2.2109048,0.7369683,0.17,0.0,0.15918545,13.880128,13.900128,2249600
hardzero_plus_depr__c0p52__z1p05__lam0p020__nu0p50__psi1p00,hardzero_plus_depr,0.05,39,703,0.0,2,0.18577921,0.18577921,1.0276161,0.09383909,0.09383909,1.0,4.3112656e-09,4.5943175e-08,-27.326895,2.2608006,0.75360024,0.136,0.0,0.1488493,13.900128,13.920129,2252800
hardzero_plus_depr__c0p52__z1p05__lam0p020__nu0p50__psi1p00,hardzero_plus_depr,0.05,39,704,0.0,2,0.18577921,0.18577921,1.0254982,0.09429785,0.09429785,1.0,4.246554e-09,4.5033417e-08,-26.960936,2.256141,0.752047,0.17600001,0.0,0.14459768,13.920129,13.940129,2256000
hardzero_plus_depr__c0p52__z1p05__lam0p020__nu0p50__psi1p00,hardzero_plus_depr,0.05,39,705,0.0,2,0.18577921,0.18577921,1.0444872,0.09026362,0.09026362,1.0,3.984387e-09,4.414167e-08,-26.958763,2.2979178,0.7659726,0.136,0.0,0.14096154,13.940129,13.96013,2259200
hardzero_plus_depr__c0p52__z1p05__lam0p020__nu0p50__psi1p00,hardzero_plus_depr,0.05,39,706,0.0,2,0.18577921,0.18577921,1.0601938,0.0,0.08705749,0.0,0.0,4.3267587e-08,-28.164354,2.3324728,0.777491,0.16800001,0.0,0.15859249,13.96013,13.98013,2262400
hardzero_plus_depr__c0p52__z1p05__lam0p020__nu0p50__psi1p00,hardzero_plus_depr,0.05,39,707,0.0,2,0.18577921,0.18577921,0.9889126,0.10258582,0.10258582,1.0,4.350748e-09,4.2410814e-08,-26.441526,2.175651,0.72521704,0.16800001,0.0,0.12977606,13.98013,14.000131,2265600
hardzero_plus_depr__c0p52__z1p05__lam0p020__nu0p50__psi1p00,hardzero_plus_depr,0.05,39,708,0.0,2,0.18577921,0.18577921,1.0544529,0.0,0.08821595,0.0,0.0,4.1571006e-08,-27.284836,2.3198426,0.77328086,0.16800001,0.0,0.1717354,14.000131,14.020131,2268800
hardzero_plus_depr__c0p52__z1p05__lam0p020__nu0p50__psi1p00,hardzero_plus_depr,0.05,39,709,0.0,2,0.18577921,0.18577921,1.010124,0.09769582,0.09769582,1.0,3.9808916e-09,4.074782e-08,-26.907211,2.222317,0.74077237,0.23200001,0.0,0.14789066,14.020131,14.040132,2272000
hardzero_plus_depr__c0p52__z1p05__lam0p020__nu0p50__psi1p00,hardzero_plus_depr,0.05,39,710,0.0,2,0.18577921,0.18577921,1.0179708,0.09594652,0.09594652,1.0,3.832195e-09,3.9940947e-08,-27.02238,2.2395804,0.74652684,0.136,0.0,0.14559908,14.040132,14.060132,2275200
hardzero_plus_depr__c0p52__z1p05__lam0p020__nu0p50__psi1p00,hardzero_plus_depr,0.05,39,711,0.0,2,0.18577921,0.18577921,1.0476457,0.08960955,0.08960955,1.0,3.508218e-09,3.9150045e-08,-28.098396,2.3048666,0.76828885,0.080000006,0.0,0.14628547,14.060132,14.0801325,2278400
hardzero_plus_depr__c0p52__z1p05__lam0p020__nu0p50__psi1p00,hardzero_plus_depr,0.05,39,712,0.0,2,0.18577921,0.18577921,1.0280071,0.09375465,0.09375465,1.0,3.5978163e-09,3.8374804e-08,-26.67554,2.2616608,0.75388694,0.18400002,0.0,0.13726436,14.0801325,14.100133,2281600
hardzero_plus_depr__c0p52__z1p05__lam0p020__nu0p50__psi1p00,hardzero_plus_depr,0.05,39,713,0.0,2,0.18577921,0.18577921,1.0539044,0.0,0.08832742,0.0,0.0,3.7614914e-08,-28.083443,2.318636,0.77287865,0.14400001,0.0,0.13749266,14.100133,14.120133,2284800
hardzero_plus_depr__c0p52__z1p05__lam0p020__nu0p50__psi1p00,hardzero_plus_depr,0.05,39,714,0.0,2,0.18577921,0.18577921,1.0598377,0.0,0.08712891,0.0,0.0,3.6870073e-08,-27.790033,2.3316896,0.7772299,0.128,0.0,0.15917227,14.120133,14.140134,2288000
hardzero_plus_depr__c0p52__z1p05__lam0p020__nu0p50__psi1p00,hardzero_plus_depr,0.05,39,715,0.0,2,0.18577921,0.18577921,0.97815,0.105159864,0.105159864,1.0,3.8004755e-09,3.613998e-08,-25.921242,2.151973,0.7173244,0.19999999,0.0,0.11832361,14.140134,14.160134,2291200
hardzero_plus_depr__c0p52__z1p05__lam0p020__nu0p50__psi1p00,hardzero_plus_depr,0.05,39,716,0.0,2,0.18577921,0.18577921,0.9635681,0.108750656,0.108750656,1.0,3.8524206e-09,3.5424343e-08,-26.152348,2.1198921,0.7066307,0.16800001,0.0,0.14535004,14.160134,14.180135,2294400
hardzero_plus_depr__c0p52__z1p05__lam0p020__nu0p50__psi1p00,hardzero_plus_depr,0.05,39,717,0.0,2,0.18577921,0.18577921,1.0616043,0.0,0.08677522,0.0,0.0,3.472288e-08,-27.871174,2.335576,0.77852535,0.18400002,0.0,0.13000613,14.180135,14.200135,2297600
hardzero_plus_depr__c0p52__z1p05__lam0p020__nu0p50__psi1p00,hardzero_plus_depr,0.05,39,718,0.0,2,0.18577921,0.18577921,1.0079633,0.098183095,0.098183095,1.0,3.3416918e-09,3.4035306e-08,-26.774557,2.2175636,0.7391879,0.112,0.0,0.12310641,14.200135,14.220136,2300800
hardzero_plus_depr__c0p52__z1p05__lam0p020__nu0p50__psi1p00,hardzero_plus_depr,0.05,39,719,0.0,2,0.18577921,0.18577921,1.0227255,0.09490181,0.09490181,1.0,3.166052e-09,3.3361346e-08,-26.969719,2.250041,0.7500137,0.112,0.0,0.11435411,14.220136,14.240136,2304000
hardzero_plus_depr__c0p52__z1p05__lam0p020__nu0p50__psi1p00,hardzero_plus_depr,0.05,39,720,0.0,2,0.18577921,0.18577921,1.0088725,0.09797776,0.09797776,1.0,3.2039444e-09,3.2700733e-08,-27.007969,2.2195637,0.7398546,0.14400001,0.0,0.13580994,14.240136,14.260137,2307200
hardzero_plus_depr__c0p52__z1p05__lam0p020__nu0p50__psi1p00,hardzero_plus_depr,0.05,39,721,0.0,2,0.18577921,0.18577921,0.98761994,0.102891624,0.102891624,1.0,3.2980056e-09,3.2053197e-08,-26.280169,2.1728072,0.7242691,0.192,0.0,0.15042797,14.260137,14.280137,2310400
hardzero_plus_depr__c0p52__z1p05__lam0p020__nu0p50__psi1p00,hardzero_plus_depr,0.05,39,722,0.0,2,0.18577921,0.18577921,0.98025274,0.104651935,0.104651935,1.0,3.2880059e-09,3.141849e-08,-27.58814,2.156599,0.71886635,0.16800001,0.0,0.14736485,14.280137,14.3001375,2313600
hardzero_plus_depr__c0p52__z1p05__lam0p020__nu0p50__psi1p00,hardzero_plus_depr,0.05,39,723,0.0,2,0.18577921,0.18577921,1.023485,0.09473599,0.09473599,1.0,2.9175222e-09,3.0796347e-08,-27.327795,2.2517118,0.75057065,0.16000001,0.0,0.17956643,14.3001375,14.320138,2316800
hardzero_plus_depr__c0p52__z1p05__lam0p020__nu0p50__psi1p00,hardzero_plus_depr,0.05,39,724,0.0,2,0.18577921,0.18577921,0.9883592,0.10271664,0.10271664,1.0,3.1006582e-09,3.0186524e-08,-26.812822,2.1744337,0.72481126,0.2,0.0,0.1555081,14.320138,14.340138,2320000
hardzero_plus_depr__c0p52__z1p05__lam0p020__nu0p50__psi1p00,hardzero_plus_depr,0.05,39,725,0.0,2,0.18577921,0.18577921,0.97398156,0.10617405,0.10617405,1.0,3.1415606e-09,2.958878e-08,-26.658245,2.1428022,0.71426743,0.208,0.0,0.13677745,14.340138,14.360139,2323200
hardzero_plus_depr__c0p52__z1p05__lam0p020__nu0p50__psi1p00,hardzero_plus_depr,0.05,39,726,0.0,2,0.18577921,0.18577921,1.0226003,0.094929166,0.094929166,1.0,2.7532179e-09,2.9002866e-08,-26.879236,2.2497656,0.7499219,0.136,0.0,0.12431618,14.360139,14.380139,2326400
hardzero_plus_depr__c0p52__z1p05__lam0p020__nu0p50__psi1p00,hardzero_plus_depr,0.05,39,727,0.0,2,0.18577921,0.18577921,1.0450996,0.090136446,0.090136446,1.0,2.5624494e-09,2.8428559e-08,-27.521812,2.2992651,0.76642174,0.192,0.0,0.1817506,14.380139,14.40014,2329600
hardzero_plus_depr__c0p52__z1p05__lam0p020__nu0p50__psi1p00,hardzero_plus_depr,0.05,39,728,0.0,2,0.18577921,0.18577921,0.99886256,0.10026225,0.10026225,1.0,2.79387e-09,2.7865623e-08,-27.133484,2.1975415,0.73251384,0.12,0.0,0.15203466,14.40014,14.42014,2332800
hardzero_plus_depr__c0p52__z1p05__lam0p020__nu0p50__psi1p00,hardzero_plus_depr,0.05,39,729,0.0,2,0.18577921,0.18577921,1.0269791,0.093976855,0.093976855,1.0,2.5668683e-09,2.7313835e-08,-27.777758,2.2593992,0.75313306,0.136,0.0,0.13430303,14.42014,14.440141,2336000
hardzero_plus_depr__c0p52__z1p05__lam0p020__nu0p50__psi1p00,hardzero_plus_depr,0.05,39,730,0.0,2,0.18577921,0.18577921,1.0376868,0.091688134,0.091688134,1.0,2.4547637e-09,2.6772971e-08,-27.838467,2.2829566,0.76098555,0.192,0.008,0.14696506,14.440141,14.460141,2339200
hardzero_plus_depr__c0p52__z1p05__lam0p020__nu0p50__psi1p00,hardzero_plus_depr,0.05,39,731,0.0,2,0.18577921,0.18577921,1.0664726,0.0,0.085807905,0.0,0.0,2.624282e-08,-28.261164,2.3462868,0.7820956,0.112,0.0,0.1423441,14.460141,14.480142,2342400
hardzero_plus_depr__c0p52__z1p05__lam0p020__nu0p50__psi1p00,hardzero_plus_depr,0.05,39,732,0.0,2,0.18577921,0.18577921,1.0454279,0.09006833,0.09006833,1.0,2.3168427e-09,2.5723166e-08,-27.87769,2.2999873,0.7666625,0.14400001,0.0,0.18629667,14.480142,14.500142,2345600
hardzero_plus_depr__c0p52__z1p05__lam0p020__nu0p50__psi1p00,hardzero_plus_depr,0.05,39,733,0.0,2,0.18577921,0.18577921,1.0293452,0.09346625,0.09346625,1.0,2.3566393e-09,2.5213799e-08,-27.531544,2.2646046,0.7548682,0.14400001,0.0,0.13288233,14.500142,14.520143,2348800
hardzero_plus_depr__c0p52__z1p05__lam0p020__nu0p50__psi1p00,hardzero_plus_depr,0.05,39,734,0.0,2,0.18577921,0.18577921,1.0367678,0.09188237,0.09188237,1.0,2.2708289e-09,2.4714522e-08,-26.625868,2.2809348,0.7603116,0.192,0.0,0.12467175,14.520143,14.540143,2352000
hardzero_plus_depr__c0p52__z1p05__lam0p020__nu0p50__psi1p00,hardzero_plus_depr,0.05,39,735,0.0,2,0.18577921,0.18577921,1.0587149,0.0,0.08735446,0.0,0.0,2.422513e-08,-27.41226,2.3292193,0.77640647,0.18400002,0.0,0.14889282,14.540143,14.560143,2355200
hardzero_plus_depr__c0p52__z1p05__lam0p020__nu0p50__psi1p00,hardzero_plus_depr,0.05,39,736,0.0,2,0.18577921,0.18577921,0.9939386,0.10140546,0.10140546,1.0,2.407916e-09,2.3745429e-08,-26.343401,2.1867087,0.72890294,0.16000001,0.0,0.13746999,14.560143,14.580144,2358400
hardzero_plus_depr__c0p52__z1p05__lam0p020__nu0p50__psi1p00,hardzero_plus_depr,0.05,39,737,0.0,2,0.18577921,0.18577921,1.001414,0.09967497,0.09967497,1.0,2.3199578e-09,2.3275229e-08,-26.554663,2.2031546,0.7343849,0.16800001,0.0,0.15255399,14.580144,14.600144,2361600
hardzero_plus_depr__c0p52__z1p05__lam0p020__nu0p50__psi1p00,hardzero_plus_depr,0.05,39,738,0.0,2,0.18577921,0.18577921,0.9781719,0.10515455,0.10515455,1.0,2.3990316e-09,2.2814339e-08,-27.13016,2.1520212,0.7173404,0.17600001,0.0,0.15290396,14.600144,14.620145,2364800
hardzero_plus_depr__c0p52__z1p05__lam0p020__nu0p50__psi1p00,hardzero_plus_depr,0.05,39,739,0.0,2,0.18577921,0.18577921,1.0476149,0.08961589,0.08961589,1.0,2.0040418e-09,2.2362572e-08,-27.953981,2.3047988,0.7682663,0.15200001,0.0,0.1542959,14.620145,14.640145,2368000
hardzero_plus_depr__c0p52__z1p05__lam0p020__nu0p50__psi1p00,hardzero_plus_depr,0.05,39,740,0.0,2,0.18577921,0.18577921,1.0874316,0.0,0.08176519,0.0,0.0,2.1919755e-08,-28.076939,2.3923972,0.79746574,0.16000001,0.0,0.17232622,14.640145,14.660146,2371200
hardzero_plus_depr__c0p52__z1p05__lam0p020__nu0p50__psi1p00,hardzero_plus_depr,0.05,39,741,0.0,2,0.18577921,0.18577921,0.9947429,0.10121786,0.10121786,1.0,2.1747368e-09,2.1485704e-08,-26.870335,2.188478,0.72949266,0.14999999,0.0,0.13421519,14.660146,14.680146,2374400
hardzero_plus_depr__c0p52__z1p05__lam0p020__nu0p50__psi1p00,hardzero_plus_depr,0.05,39,742,0.0,2,0.18577921,0.18577921,0.94720215,0.11292701,0.11292701,1.0,2.3782711e-09,2.106025e-08,-26.471388,2.0838864,0.69462883,0.17600001,0.0,0.12406844,14.680146,14.700147,2377600
hardzero_plus_depr__c0p52__z1p05__lam0p020__nu0p50__psi1p00,hardzero_plus_depr,0.05,39,743,0.0,2,0.18577921,0.18577921,0.9911131,0.10206735,0.10206735,1.0,2.1069986e-09,2.0643219e-08,-26.56897,2.1804924,0.72683084,0.208,0.008,0.13928744,14.700147,14.720147,2380800
hardzero_plus_depr__c0p52__z1p05__lam0p020__nu0p50__psi1p00,hardzero_plus_depr,0.05,39,744,0.0,2,0.18577921,0.18577921,0.96795404,0.107657924,0.107657924,1.0,2.1783986e-09,2.0234447e-08,-26.107723,2.1295414,0.70984715,0.272,0.008,0.11897337,14.720147,14.740148,2384000
hardzero_plus_depr__c0p52__z1p05__lam0p020__nu0p50__psi1p00,hardzero_plus_depr,0.05,39,745,0.0,2,0.18577921,0.18577921,1.0199542,0.09550931,0.09550931,1.0,1.8943096e-09,1.9833768e-08,-26.723345,2.243944,0.7479813,0.14400001,0.0,0.1378668,14.740148,14.760148,2387200
hardzero_plus_depr__c0p52__z1p05__lam0p020__nu0p50__psi1p00,hardzero_plus_depr,0.05,39,746,0.0,2,0.18577921,0.18577921,1.0490365,0.08932304,0.08932304,1.0,1.7365313e-09,1.9441023e-08,-28.38796,2.3079264,0.7693088,0.120000005,0.0,0.14895709,14.760148,14.7801485,2390400
hardzero_plus_depr__c0p52__z1p05__lam0p020__nu0p50__psi1p00,hardzero_plus_depr,0.05,39,747,0.0,2,0.18577921,0.18577921,0.9865183,0.10315296,0.10315296,1.0,1.9656887e-09,1.9056058e-08,-25.944944,2.1703837,0.7234613,0.16800001,0.0,0.14432389,14.7801485,14.800149,2393600
hardzero_plus_depr__c0p52__z1p05__lam0p020__nu0p50__psi1p00,hardzero_plus_depr,0.05,39,748,0.0,2,0.18577921,0.18577921,1.031552,0.092992514,0.092992514,1.0,1.7369806e-09,1.8678714e-08,-27.877934,2.2694597,0.7564866,0.15200001,0.0,0.14602134,14.800149,14.820149,2396800
hardzero_plus_depr__c0p52__z1p05__lam0p020__nu0p50__psi1p00,hardzero_plus_depr,0.05,39,749,0.0,2,0.18577921,0.18577921,1.0256045,0.09427477,0.09427477,1.0,1.7260618e-09,1.8308842e-08,-27.455013,2.2563748,0.75212497,0.136,0.0,0.18231262,14.820149,14.84015,2400000
hardzero_plus_depr__c0p52__z1p05__lam0p020__nu0p50__psi1p00,hardzero_plus_depr,0.05,39,750,0.0,2,0.18577921,0.18577921,1.0315768,0.09298722,0.09298722,1.0,1.6687762e-09,1.7946297e-08,-27.529413,2.269514,0.7565047,0.120000005,0.0,0.14410685,14.84015,14.86015,2403200
hardzero_plus_depr__c0p52__z1p05__lam0p020__nu0p50__psi1p00,hardzero_plus_depr,0.05,39,751,0.0,2,0.18577921,0.18577921,0.9864714,0.10316411,0.10316411,1.0,1.8147521e-09,1.7590926e-08,-27.001108,2.1702805,0.7234268,0.2,0.0,0.14372818,14.86015,14.880151,2406400
hardzero_plus_depr__c0p52__z1p05__lam0p020__nu0p50__psi1p00,hardzero_plus_depr,0.05,39,752,0.0,2,0.18577921,0.18577921,0.94123,0.11449066,0.11449066,1.0,1.9741162e-09,1.7242597e-08,-26.589474,2.0707474,0.69024915,0.216,0.0,0.14571853,14.880151,14.900151,2409600
hardzero_plus_depr__c0p52__z1p05__lam0p020__nu0p50__psi1p00,hardzero_plus_depr,0.05,39,753,0.0,2,0.18577921,0.18577921,0.99735457,0.10061099,0.10061099,1.0,1.7004423e-09,1.690116e-08,-26.421188,2.1942239,0.731408,0.16800001,0.0,0.12436213,14.900151,14.920152,2412800
hardzero_plus_depr__c0p52__z1p05__lam0p020__nu0p50__psi1p00,hardzero_plus_depr,0.05,39,754,0.0,2,0.18577921,0.18577921,1.0648336,0.0,0.08613235,0.0,0.0,1.6566487e-08,-28.172485,2.3426807,0.78089356,0.14999999,0.0,0.15691322,14.920152,14.940152,2416000
hardzero_plus_depr__c0p52__z1p05__lam0p020__nu0p50__psi1p00,hardzero_plus_depr,0.05,39,755,0.0,2,0.18577921,0.18577921,1.0526886,0.0,0.08857504,0.0,0.0,1.6238443e-08,-27.732998,2.3159611,0.7719871,0.14400001,0.0,0.15903318,14.940152,14.960153,2419200
hardzero_plus_depr__c0p52__z1p05__lam0p020__nu0p50__psi1p00,hardzero_plus_depr,0.05,39,756,0.0,2,0.18577921,0.18577921,0.9514144,0.11183702,0.11183702,1.0,1.7800978e-09,1.5916893e-08,-26.230888,2.0931535,0.69771785,0.136,0.0,0.15149978,14.960153,14.980153,2422400
hardzero_plus_depr__c0p52__z1p05__lam0p020__nu0p50__psi1p00,hardzero_plus_depr,0.05,39,757,0.0,2,0.18577921,0.18577921,0.9939847,0.1013947,0.1013947,1.0,1.5819307e-09,1.560171e-08,-26.365406,2.18681,0.7289367,0.14400001,0.0,0.14702298,14.980153,15.000154,2425600
hardzero_plus_depr__c0p52__z1p05__lam0p020__nu0p50__psi1p00,hardzero_plus_depr,0.05,39,758,0.0,2,0.18577921,0.18577921,1.0284019,0.09366948,0.09366948,1.0,1.4324656e-09,1.5292768e-08,-28.218964,2.2625291,0.7541764,0.18400002,0.0,0.13998397,15.000154,15.020154,2428800
hardzero_plus_depr__c0p52__z1p05__lam0p020__nu0p50__psi1p00,hardzero_plus_depr,0.05,39,759,0.0,2,0.18577921,0.18577921,0.9840021,0.10375232,0.10375232,1.0,1.5552415e-09,1.4989944e-08,-27.388796,2.1648479,0.72161597,0.208,0.0,0.13494177,15.020154,15.040154,2432000
hardzero_plus_depr__c0p52__z1p05__lam0p020__nu0p50__psi1p00,hardzero_plus_depr,0.05,39,760,0.0,2,0.18577921,0.18577921,1.0215791,0.09515264,0.09515264,1.0,1.3980889e-09,1.4693117e-08,-27.370697,2.247519,0.74917305,0.224,0.0,0.12996264,15.040154,15.060155,2435200
hardzero_plus_depr__c0p52__z1p05__lam0p020__nu0p50__psi1p00,hardzero_plus_depr,0.05,39,761,0.0,2,0.18577921,0.18577921,1.0114633,0.09739502,0.09739502,1.0,1.4026992e-09,1.4402166e-08,-27.230724,2.2252636,0.74175453,0.128,0.0,0.13892718,15.060155,15.080155,2438400
hardzero_plus_depr__c0p52__z1p05__lam0p020__nu0p50__psi1p00,hardzero_plus_depr,0.05,39,762,0.0,2,0.18577921,0.18577921,1.0622305,0.0,0.086650185,0.0,0.0,1.411698e-08,-27.730133,2.3369536,0.77898455,0.136,0.0,0.16563855,15.080155,15.100156,2441600
hardzero_plus_depr__c0p52__z1p05__lam0p020__nu0p50__psi1p00,hardzero_plus_depr,0.05,39,763,0.0,2,0.18577921,0.18577921,0.98864454,0.102649175,0.102649175,1.0,1.4204016e-09,1.3837438e-08,-26.30561,2.1750615,0.7250205,0.16000001,0.0,0.14577858,15.100156,15.120156,2444800
hardzero_plus_depr__c0p52__z1p05__lam0p020__nu0p50__psi1p00,hardzero_plus_depr,0.05,39,764,0.0,2,0.18577921,0.18577921,1.0040183,0.099079005,0.099079005,1.0,1.3438513e-09,1.3563431e-08,-27.062641,2.2088845,0.73629487,0.18400002,0.0,0.13185439,15.120156,15.140157,2448000
hardzero_plus_depr__c0p52__z1p05__lam0p020__nu0p50__psi1p00,hardzero_plus_depr,0.05,39,765,0.0,2,0.18577921,0.18577921,1.0261649,0.094153196,0.094153196,1.0,1.2517527e-09,1.3294851e-08,-27.746828,2.257608,0.752536,0.216,0.0,0.15006681,15.140157,15.160157,2451200
hardzero_plus_depr__c0p52__z1p05__lam0p020__nu0p50__psi1p00,hardzero_plus_depr,0.05,39,766,0.0,2,0.18577921,0.18577921,1.005036,0.09884712,0.09884712,1.0,1.2881352e-09,1.303159e-08,-27.530834,2.2111235,0.7370412,0.2,0.0,0.15373255,15.160157,15.180158,2454400
hardzero_plus_depr__c0p52__z1p05__lam0p020__nu0p50__psi1p00,hardzero_plus_depr,0.05,39,767,0.0,2,0.18577921,0.18577921,1.0248506,0.09443856,0.09443856,1.0,1.2063149e-09,1.2773542e-08,-27.606407,2.2547164,0.75157213,0.22,0.0,0.1723536,15.180158,15.200158,2457600
hardzero_plus_depr__c0p52__z1p05__lam0p020__nu0p50__psi1p00,hardzero_plus_depr,0.05,39,768,0.0,2,0.18577921,0.18577921,1.0013497,0.09968971,0.09968971,1.0,1.2481751e-09,1.25206014e-08,-26.50976,2.2030132,0.73433775,0.16800001,0.0,0.12928885,15.200158,15.220159,2460800
hardzero_plus_depr__c0p52__z1p05__lam0p020__nu0p50__psi1p00,hardzero_plus_depr,0.05,39,769,0.0,2,0.18577921,0.18577921,1.0151976,0.096561134,0.096561134,1.0,1.185063e-09,1.2272672e-08,-27.080837,2.2334795,0.7444932,0.112,0.0,0.14554006,15.220159,15.240159,2464000
hardzero_plus_depr__c0p52__z1p05__lam0p020__nu0p50__psi1p00,hardzero_plus_depr,0.05,39,770,0.0,2,0.18577921,0.18577921,1.0007268,0.09983279,0.09983279,1.0,1.2009537e-09,1.2029652e-08,-26.76424,2.201643,0.733881,0.128,0.0,0.129813,15.240159,15.2601595,2467200
hardzero_plus_depr__c0p52__z1p05__lam0p020__nu0p50__psi1p00,hardzero_plus_depr,0.05,39,771,0.0,2,0.18577921,0.18577921,1.0851079,0.0,0.082203835,0.0,0.0,1.17914425e-08,-28.53169,2.387285,0.7957617,0.128,0.0,0.17563942,15.2601595,15.28016,2470400
hardzero_plus_depr__c0p52__z1p05__lam0p020__nu0p50__psi1p00,hardzero_plus_depr,0.05,39,772,0.0,2,0.18577921,0.18577921,1.0559111,0.0,0.08792024,0.0,0.0,1.1557952e-08,-28.626432,2.3230507,0.7743503,0.136,0.0,0.15818629,15.28016,15.30016,2473600
hardzero_plus_depr__c0p52__z1p05__lam0p020__nu0p50__psi1p00,hardzero_plus_depr,0.05,39,773,0.0,2,0.18577921,0.18577921,0.978971,0.10496125,0.10496125,1.0,1.1891148e-09,1.13290834e-08,-26.51398,2.1537793,0.71792644,0.2,0.0,0.13906197,15.30016,15.320161,2476800
hardzero_plus_depr__c0p52__z1p05__lam0p020__nu0p50__psi1p00,hardzero_plus_depr,0.05,39,774,0.0,2,0.18577921,0.18577921,0.96700007,0.10789466,0.10789466,1.0,1.1981429e-09,1.1104747e-08,-26.299446,2.1274426,0.7091476,0.16800001,0.0,0.12487974,15.320161,15.340161,2480000
hardzero_plus_depr__c0p52__z1p05__lam0p020__nu0p50__psi1p00,hardzero_plus_depr,0.05,39,775,0.0,2,0.18577921,0.18577921,0.9856014,0.10337097,0.10337097,1.0,1.125178e-09,1.0884854e-08,-26.613783,2.1683664,0.7227888,0.16000001,0.0,0.11065396,15.340161,15.360162,2483200
hardzero_plus_depr__c0p52__z1p05__lam0p020__nu0p50__psi1p00,hardzero_plus_depr,0.05,39,776,0.0,2,0.18577921,0.18577921,1.0136452,0.096906915,0.096906915,1.0,1.0339304e-09,1.0669314e-08,-27.082073,2.230064,0.7433547,0.192,0.0,0.15372895,15.360162,15.380162,2486400
hardzero_plus_depr__c0p52__z1p05__lam0p020__nu0p50__psi1p00,hardzero_plus_depr,0.05,39,777,0.0,2,0.18577921,0.18577921,0.97125745,0.10684212,0.10684212,1.0,1.1173595e-09,1.0458043e-08,-26.216455,2.136809,0.7122697,0.16800001,0.0,0.143779,15.380162,15.400163,2489600
hardzero_plus_depr__c0p52__z1p05__lam0p020__nu0p50__psi1p00,hardzero_plus_depr,0.05,39,778,0.0,2,0.18577921,0.18577921,1.0464659,0.089853324,0.089853324,1.0,9.210824e-10,1.0250955e-08,-27.392282,2.302271,0.7674236,0.16800001,0.0,0.15318175,15.400163,15.420163,2492800
hardzero_plus_depr__c0p52__z1p05__lam0p020__nu0p50__psi1p00,hardzero_plus_depr,0.05,39,779,0.0,2,0.18577921,0.18577921,0.9895163,0.10244333,0.10244333,1.0,1.0293473e-09,1.0047968e-08,-25.719326,2.1769793,0.7256598,0.15200001,0.0,0.12796712,15.420163,15.440164,2496000
hardzero_plus_depr__c0p52__z1p05__lam0p020__nu0p50__psi1p00,hardzero_plus_depr,0.05,39,780,0.0,2,0.18577921,0.18577921,1.0380005,0.091621935,0.091621935,1.0,9.023845e-10,9.849001e-09,-27.195639,2.2836466,0.76121557,0.12,0.0,0.16721548,15.440164,15.460164,2499200
hardzero_plus_depr__c0p52__z1p05__lam0p020__nu0p50__psi1p00,hardzero_plus_depr,0.05,39,781,0.0,2,0.18577921,0.18577921,1.1165915,0.0,0.07645547,0.0,0.0,9.653973e-09,-28.778978,2.4565504,0.81885016,0.080000006,0.0,0.15072353,15.460164,15.480165,2502400
hardzero_plus_depr__c0p52__z1p05__lam0p020__nu0p50__psi1p00,hardzero_plus_depr,0.05,39,782,0.0,2,0.18577921,0.18577921,0.9867109,0.10310723,0.10310723,1.0,9.756839e-10,9.462807e-09,-26.022648,2.1708074,0.7236025,0.14400001,0.0,0.16202399,15.480165,15.500165,2505600
hardzero_plus_depr__c0p52__z1p05__lam0p020__nu0p50__psi1p00,hardzero_plus_depr,0.05,39,783,0.0,2,0.18577921,0.18577921,0.925554,0.118698694,0.118698694,1.0,1.100981e-09,9.275427e-09,-25.5403,2.0362594,0.67875314,0.24000001,0.0,0.14180407,15.500165,15.520165,2508800
hardzero_plus_depr__c0p52__z1p05__lam0p020__nu0p50__psi1p00,hardzero_plus_depr,0.05,39,784,0.0,2,0.18577921,0.18577921,1.0313127,0.09304377,0.09304377,1.0,8.459312e-10,9.091756e-09,-27.583412,2.2689333,0.7563111,0.15200001,0.0,0.15762012,15.520165,15.540166,2512000
hardzero_plus_depr__c0p52__z1p05__lam0p020__nu0p50__psi1p00,hardzero_plus_depr,0.05,39,785,0.0,2,0.18577921,0.18577921,0.93470573,0.11622357,0.11622357,1.0,1.0357524e-09,8.911724e-09,-24.844824,2.0563936,0.68546456,0.104,0.0,0.10989936,15.540166,15.560166,2515200
hardzero_plus_depr__c0p52__z1p05__lam0p020__nu0p50__psi1p00,hardzero_plus_depr,0.05,39,786,0.0,2,0.18577921,0.18577921,1.0232317,0.09479125,0.09479125,1.0,8.2802576e-10,8.735255e-09,-27.634275,2.251155,0.750385,0.15200001,0.0,0.13933127,15.560166,15.580167,2518400
hardzero_plus_depr__c0p52__z1p05__lam0p020__nu0p50__psi1p00,hardzero_plus_depr,0.05,39,787,0.0,2,0.18577921,0.18577921,1.0335634,0.09256283,0.09256283,1.0,7.925492e-10,8.562283e-09,-27.433338,2.2738848,0.75796163,0.128,0.0,0.14119372,15.580167,15.600167,2521600
hardzero_plus_depr__c0p52__z1p05__lam0p020__nu0p50__psi1p00,hardzero_plus_depr,0.05,39,788,0.0,2,0.18577921,0.18577921,0.988289,0.10273325,0.10273325,1.0,8.6221286e-10,8.3927345e-09,-26.752699,2.1742792,0.72475976,0.2,0.0,0.15203734,15.600167,15.620168,2524800
hardzero_plus_depr__c0p52__z1p05__lam0p020__nu0p50__psi1p00,hardzero_plus_depr,0.05,39,789,0.0,2,0.18577921,0.18577921,0.98904496,0.102554575,0.102554575,1.0,8.436695e-10,8.226542e-09,-26.35233,2.1759424,0.72531414,0.112,0.0,0.13677986,15.620168,15.640168,2528000
hardzero_plus_depr__c0p52__z1p05__lam0p020__nu0p50__psi1p00,hardzero_plus_depr,0.05,39,790,0.0,2,0.18577921,0.18577921,0.9970457,0.10068257,0.10068257,1.0,8.118683e-10,8.063643e-09,-27.403322,2.1935444,0.7311815,0.192,0.0,0.14391649,15.640168,15.660169,2531200
hardzero_plus_depr__c0p52__z1p05__lam0p020__nu0p50__psi1p00,hardzero_plus_depr,0.05,39,791,0.0,2,0.18577921,0.18577921,1.0054135,0.09876124,0.09876124,1.0,7.806057e-10,7.903968e-09,-26.016577,2.2119539,0.737318,0.2,0.0,0.14072521,15.660169,15.680169,2534400
hardzero_plus_depr__c0p52__z1p05__lam0p020__nu0p50__psi1p00,hardzero_plus_depr,0.05,39,792,0.0,2,0.18577921,0.18577921,1.0164764,0.09627722,0.09627722,1.0,7.4590356e-10,7.747456e-09,-26.870184,2.2362926,0.7454309,0.15200001,0.0,0.16131747,15.680169,15.70017,2537600
hardzero_plus_depr__c0p52__z1p05__lam0p020__nu0p50__psi1p00,hardzero_plus_depr,0.05,39,793,0.0,2,0.18577921,0.18577921,1.0754633,0.0,0.084049806,0.0,0.0,7.594042e-09,-28.539207,2.3660665,0.78868884,0.19,0.0,0.17371243,15.70017,15.72017,2540800
hardzero_plus_depr__c0p52__z1p05__lam0p020__nu0p50__psi1p00,hardzero_plus_depr,0.05,39,794,0.0,2,0.18577921,0.18577921,1.0368409,0.0918669,0.0918669,1.0,6.838266e-10,7.4436666e-09,-27.624857,2.2810955,0.7603652,0.16800001,0.0,0.13102043,15.72017,15.7401705,2544000
hardzero_plus_depr__c0p52__z1p05__lam0p020__nu0p50__psi1p00,hardzero_plus_depr,0.05,39,795,0.0,2,0.18577921,0.18577921,0.992496,0.10174288,0.10174288,1.0,7.4234346e-10,7.2962694e-09,-26.929243,2.1835349,0.72784495,0.208,0.0,0.14273924,15.7401705,15.760171,2547200
hardzero_plus_depr__c0p52__z1p05__lam0p020__nu0p50__psi1p00,hardzero_plus_depr,0.05,39,796,0.0,2,0.18577921,0.18577921,1.0181032,0.09591727,0.09591727,1.0,6.8598016e-10,7.15179e-09,-26.758032,2.2398717,0.74662393,0.216,0.0,0.15969881,15.760171,15.780171,2550400
hardzero_plus_depr__c0p52__z1p05__lam0p020__nu0p50__psi1p00,hardzero_plus_depr,0.05,39,797,0.0,2,0.18577921,0.18577921,0.98823166,0.10274682,0.10274682,1.0,7.2027284e-10,7.0101716e-09,-27.714796,2.174153,0.72471774,0.15200001,0.0,0.16149631,15.780171,15.800172,2553600
hardzero_plus_depr__c0p52__z1p05__lam0p020__nu0p50__psi1p00,hardzero_plus_depr,0.05,39,798,0.0,2,0.18577921,0.18577921,0.99994886,0.10001177,0.10001177,1.0,6.8721673e-10,6.871358e-09,-27.411234,2.1999314,0.73331046,0.16000001,0.0,0.1715619,15.800172,15.820172,2556800
hardzero_plus_depr__c0p52__z1p05__lam0p020__nu0p50__psi1p00,hardzero_plus_depr,0.05,39,799,0.0,2,0.18577921,0.18577921,1.052089,0.0,0.088697426,0.0,0.0,6.7352923e-09,-27.352697,2.314642,0.7715473,0.192,0.0,0.122915626,15.820172,15.840173,2560000
hardzero_plus_depr__c0p52__z1p05__lam0p020__nu0p50__psi1p00,hardzero_plus_depr,0.05,39,800,0.0,2,0.18577921,0.18577921,1.0035514,0.09918561,0.09918561,1.0,6.5481565e-10,6.601922e-09,-26.606508,2.2078571,0.7359524,0.224,0.0,0.17135459,15.840173,15.860173,2563200
hardzero_plus_depr__c0p52__z1p05__lam0p020__nu0p50__psi1p00,hardzero_plus_depr,0.05,39,801,0.0,2,0.18577921,0.18577921,1.0300084,0.09332361,0.09332361,1.0,6.0391503e-10,6.471192e-09,-26.80558,2.2660637,0.7553546,0.120000005,0.0,0.1230054,15.860173,15.880174,2566400
hardzero_plus_depr__c0p52__z1p05__lam0p020__nu0p50__psi1p00,hardzero_plus_depr,0.05,39,802,0.0,2,0.18577921,0.18577921,1.0248364,0.09444164,0.09444164,1.0,5.9904814e-10,6.3430514e-09,-26.481907,2.2546852,0.75156176,0.16800001,0.0,0.12564333,15.880174,15.900174,2569600
hardzero_plus_depr__c0p52__z1p05__lam0p020__nu0p50__psi1p00,hardzero_plus_depr,0.05,39,803,0.0,2,0.18577921,0.18577921,0.95375043,0.111237064,0.111237064,1.0,6.9161066e-10,6.217448e-09,-26.272358,2.0982928,0.69943094,0.17600001,0.0,0.12675354,15.900174,15.920175,2572800
hardzero_plus_depr__c0p52__z1p05__lam0p020__nu0p50__psi1p00,hardzero_plus_depr,0.05,39,804,0.0,2,0.18577921,0.18577921,1.0391096,0.09138826,0.09138826,1.0,5.569503e-10,6.094331e-09,-27.837597,2.2860868,0.76202893,0.2,0.0,0.13821968,15.920175,15.940175,2576000
hardzero_plus_depr__c0p52__z1p05__lam0p020__nu0p50__psi1p00,hardzero_plus_depr,0.05,39,805,0.0,2,0.18577921,0.18577921,1.0318508,0.09292855,0.09292855,1.0,5.5512295e-10,5.973653e-09,-27.072592,2.270117,0.7567057,0.16800001,0.0,0.12900555,15.940175,15.9601755,2579200
hardzero_plus_depr__c0p52__z1p05__lam0p020__nu0p50__psi1p00,hardzero_plus_depr,0.05,39,806,0.0,2,0.18577921,0.18577921,1.037937,0.09163533,0.09163533,1.0,5.3655813e-10,5.8553633e-09,-28.295465,2.283507,0.7611691,0.12,0.0,0.14955579,15.9601755,15.980176,2582400
hardzero_plus_depr__c0p52__z1p05__lam0p020__nu0p50__psi1p00,hardzero_plus_depr,0.05,39,807,0.0,2,0.18577921,0.18577921,1.0427374,0.09062805,0.09062805,1.0,5.201522e-10,5.7394174e-09,-26.703508,2.294068,0.7646894,0.136,0.0,0.13000636,15.980176,16.000175,2585600
hardzero_plus_depr__c0p52__z1p05__lam0p020__nu0p50__psi1p00,hardzero_plus_depr,0.05,39,808,0.0,2,0.18577921,0.18577921,1.0474473,0.0896505,0.0896505,1.0,5.043532e-10,5.625772e-09,-27.806734,2.3044302,0.7681434,0.15200001,0.0,0.17315891,16.000175,16.020176,2588800
hardzero_plus_depr__c0p52__z1p05__lam0p020__nu0p50__psi1p00,hardzero_plus_depr,0.05,39,809,0.0,2,0.18577921,0.18577921,0.9851089,0.10348825,0.10348825,1.0,5.706726e-10,5.514371e-09,-26.474863,2.1672828,0.7224276,0.16800001,0.0,0.15972672,16.020176,16.040176,2592000
hardzero_plus_depr__c0p52__z1p05__lam0p020__nu0p50__psi1p00,hardzero_plus_depr,0.05,39,810,0.0,2,0.18577921,0.18577921,1.0305517,0.09320695,0.09320695,1.0,5.0380006e-10,5.4051768e-09,-27.821754,2.267259,0.755753,0.136,0.0,0.15132321,16.040176,16.060177,2595200
hardzero_plus_depr__c0p52__z1p05__lam0p020__nu0p50__psi1p00,hardzero_plus_depr,0.05,39,811,0.0,2,0.18577921,0.18577921,1.0053508,0.098775476,0.098775476,1.0,5.233268e-10,5.298145e-09,-27.171207,2.211816,0.737272,0.15200001,0.0,0.12805021,16.060177,16.080177,2598400
hardzero_plus_depr__c0p52__z1p05__lam0p020__nu0p50__psi1p00,hardzero_plus_depr,0.05,39,812,0.0,2,0.18577921,0.18577921,0.98680097,0.103085846,0.103085846,1.0,5.353487e-10,5.193232e-09,-27.090399,2.1710055,0.7236685,0.192,0.0,0.1379096,16.080177,16.100178,2601600
hardzero_plus_depr__c0p52__z1p05__lam0p020__nu0p50__psi1p00,hardzero_plus_depr,0.05,39,813,0.0,2,0.18577921,0.18577921,1.0258039,0.09423148,0.09423148,1.0,4.7967563e-10,5.090397e-09,-27.910805,2.2568138,0.7522713,0.18400002,0.0,0.1228046,16.100178,16.120178,2604800
hardzero_plus_depr__c0p52__z1p05__lam0p020__nu0p50__psi1p00,hardzero_plus_depr,0.05,39,814,0.0,2,0.18577921,0.18577921,0.99634653,0.100844786,0.100844786,1.0,5.0317495e-10,4.989598e-09,-26.848001,2.192006,0.7306687,0.224,0.0,0.15756007,16.120178,16.140179,2608000
hardzero_plus_depr__c0p52__z1p05__lam0p020__nu0p50__psi1p00,hardzero_plus_depr,0.05,39,815,0.0,2,0.18577921,0.18577921,1.0277635,0.09380726,0.09380726,1.0,4.5879206e-10,4.890795e-09,-27.08095,2.2611248,0.7537083,0.16800001,0.0,0.1345634,16.140179,16.16018,2611200
hardzero_plus_depr__c0p52__z1p05__lam0p020__nu0p50__psi1p00,hardzero_plus_depr,0.05,39,816,0.0,2,0.18577921,0.18577921,1.0338634,0.0924989,0.0924989,1.0,4.4343498e-10,4.793949e-09,-28.240805,2.274545,0.7581817,0.16800001,0.0,0.13364765,16.16018,16.18018,2614400
hardzero_plus_depr__c0p52__z1p05__lam0p020__nu0p50__psi1p00,hardzero_plus_depr,0.05,39,817,0.0,2,0.18577921,0.18577921,1.0236356,0.09470312,0.09470312,1.0,4.450119e-10,4.6990203e-09,-27.827396,2.2520432,0.7506811,0.16000001,0.0,0.15340629,16.18018,16.20018,2617600
hardzero_plus_depr__c0p52__z1p05__lam0p020__nu0p50__psi1p00,hardzero_plus_depr,0.05,39,818,0.0,2,0.18577921,0.18577921,0.9928412,0.10166204,0.10166204,1.0,4.6825244e-10,4.605971e-09,-26.333368,2.1842942,0.7280981,0.136,0.0,0.15308721,16.20018,16.22018,2620800
hardzero_plus_depr__c0p52__z1p05__lam0p020__nu0p50__psi1p00,hardzero_plus_depr,0.05,39,819,0.0,2,0.18577921,0.18577921,1.061009,0.0,0.08689422,0.0,0.0,4.514765e-09,-26.866552,2.3342664,0.7780888,0.099999994,0.0,0.15471771,16.22018,16.240181,2624000
hardzero_plus_depr__c0p52__z1p05__lam0p020__nu0p50__psi1p00,hardzero_plus_depr,0.05,39,820,0.0,2,0.18577921,0.18577921,1.0723399,0.0,0.08465646,0.0,0.0,4.4253645e-09,-28.29874,2.3591948,0.7863983,0.16000001,0.0,0.1419673,16.240181,16.260181,2627200
hardzero_plus_depr__c0p52__z1p05__lam0p020__nu0p50__psi1p00,hardzero_plus_depr,0.05,39,821,0.0,2,0.18577921,0.18577921,0.98086405,0.10450473,0.10450473,1.0,4.5331378e-10,4.3377346e-09,-26.870447,2.157944,0.7193147,0.18400002,0.0,0.16651632,16.260181,16.280182,2630400
hardzero_plus_depr__c0p52__z1p05__lam0p020__nu0p50__psi1p00,hardzero_plus_depr,0.05,39,822,0.0,2,0.18577921,0.18577921,1.0422305,0.090733886,0.090733886,1.0,3.857859e-10,4.2518393e-09,-28.195412,2.2929528,0.76431763,0.128,0.0,0.17276628,16.280182,16.300182,2633600
hardzero_plus_depr__c0p52__z1p05__lam0p020__nu0p50__psi1p00,hardzero_plus_depr,0.05,39,823,0.0,2,0.18577921,0.18577921,0.9846648,0.10359413,0.10359413,1.0,4.317436e-10,4.1676453e-09,-27.084597,2.1663058,0.7221019,0.208,0.0,0.15526724,16.300182,16.320183,2636800
hardzero_plus_depr__c0p52__z1p05__lam0p020__nu0p50__psi1p00,hardzero_plus_depr,0.05,39,824,0.0,2,0.18577921,0.18577921,1.0130595,0.09703771,0.09703771,1.0,3.964106e-10,4.085119e-09,-26.748861,2.2287755,0.74292517,0.16000001,0.0,0.15106745,16.320183,16.340183,2640000
hardzero_plus_depr__c0p52__z1p05__lam0p020__nu0p50__psi1p00,hardzero_plus_depr,0.05,39,825,0.0,2,0.18577921,0.18577921,0.979935,0.104728535,0.104728535,1.0,4.1935672e-10,4.004226e-09,-26.470541,2.1559,0.71863335,0.208,0.0,0.114923745,16.340183,16.360184,2643200
hardzero_plus_depr__c0p52__z1p05__lam0p020__nu0p50__psi1p00,hardzero_plus_depr,0.05,39,826,0.0,2,0.18577921,0.18577921,0.98635006,0.10319294,0.10319294,1.0,4.050256e-10,3.924935e-09,-26.11733,2.1700134,0.7233378,0.16000001,0.0,0.14058623,16.360184,16.380184,2646400
hardzero_plus_depr__c0p52__z1p05__lam0p020__nu0p50__psi1p00,hardzero_plus_depr,0.05,39,827,0.0,2,0.18577921,0.18577921,0.972551,0.10652436,0.10652436,1.0,4.0982212e-10,3.847215e-09,-26.355467,2.1396549,0.71321833,0.224,0.008,0.13463224,16.380184,16.400185,2649600
hardzero_plus_depr__c0p52__z1p05__lam0p020__nu0p50__psi1p00,hardzero_plus_depr,0.05,39,828,0.0,2,0.18577921,0.18577921,1.0726672,0.0,0.084592685,0.0,0.0,3.771033e-09,-27.611805,2.359915,0.7866384,0.2,0.0,0.14743122,16.400185,16.420185,2652800
hardzero_plus_depr__c0p52__z1p05__lam0p020__nu0p50__psi1p00,hardzero_plus_depr,0.05,39,829,0.0,2,0.18577921,0.18577921,1.002696,0.09938113,0.09938113,1.0,3.673484e-10,3.6963599e-09,-27.590769,2.2059753,0.7353251,0.15200001,0.0,0.12481669,16.420185,16.440186,2656000
hardzero_plus_depr__c0p52__z1p05__lam0p020__nu0p50__psi1p00,hardzero_plus_depr,0.05,39,830,0.0,2,0.18577921,0.18577921,1.0066537,0.09847961,0.09847961,1.0,3.568079e-10,3.623165e-09,-27.255516,2.2146823,0.7382275,0.096,0.0,0.14034955,16.440186,16.460186,2659200
hardzero_plus_depr__c0p52__z1p05__lam0p020__nu0p50__psi1p00,hardzero_plus_depr,0.05,39,831,0.0,2,0.18577921,0.18577921,1.0025063,0.09942457,0.09942457,1.0,3.5309844e-10,3.5514203e-09,-27.296568,2.2055578,0.735186,0.224,0.0,0.17120613,16.460186,16.480186,2662400
hardzero_plus_depr__c0p52__z1p05__lam0p020__nu0p50__psi1p00,hardzero_plus_depr,0.05,39,832,0.0,2,0.18577921,0.18577921,1.0275912,0.09384449,0.09384449,1.0,3.2668163e-10,3.4810956e-09,-28.368835,2.2607458,0.75358194,0.17999999,0.0,0.16533956,16.480186,16.500187,2665600
hardzero_plus_depr__c0p52__z1p05__lam0p020__nu0p50__psi1p00,hardzero_plus_depr,0.05,39,833,0.0,2,0.18577921,0.18577921,0.9625507,0.10900573,0.10900573,1.0,3.719454e-10,3.4121637e-09,-26.734453,2.1176538,0.70588464,0.256,0.0,0.14816694,16.500187,16.520187,2668800
hardzero_plus_depr__c0p52__z1p05__lam0p020__nu0p50__psi1p00,hardzero_plus_depr,0.05,39,834,0.0,2,0.18577921,0.18577921,1.0096806,0.097795606,0.097795606,1.0,3.270869e-10,3.3445973e-09,-27.253979,2.2213416,0.7404472,0.128,0.0,0.17540452,16.520187,16.540188,2672000
hardzero_plus_depr__c0p52__z1p05__lam0p020__nu0p50__psi1p00,hardzero_plus_depr,0.05,39,835,0.0,2,0.18577921,0.18577921,1.0277083,0.09381918,0.09381918,1.0,3.0757377e-10,3.2783678e-09,-27.930597,2.2610035,0.75366783,0.16000001,0.0,0.14623988,16.540188,16.560188,2675200
hardzero_plus_depr__c0p52__z1p05__lam0p020__nu0p50__psi1p00,hardzero_plus_depr,0.05,39,836,0.0,2,0.18577921,0.18577921,1.0203984,0.0954117,0.0954117,1.0,3.066008e-10,3.2134506e-09,-26.39589,2.2449212,0.7483071,0.16800001,0.0,0.15285276,16.560188,16.580189,2678400
hardzero_plus_depr__c0p52__z1p05__lam0p020__nu0p50__psi1p00,hardzero_plus_depr,0.05,39,837,0.0,2,0.18577921,0.18577921,1.0161798,0.09634301,0.09634301,1.0,3.03463e-10,3.1498186e-09,-26.190704,2.2356403,0.74521345,0.136,0.0,0.11972223,16.580189,16.60019,2681600
hardzero_plus_depr__c0p52__z1p05__lam0p020__nu0p50__psi1p00,hardzero_plus_depr,0.05,39,838,0.0,2,0.18577921,0.18577921,0.988074,0.102784105,0.102784105,1.0,3.1734043e-10,3.0874465e-09,-26.805376,2.1738062,0.7246021,0.16800001,0.0,0.16099672,16.60019,16.62019,2684800
hardzero_plus_depr__c0p52__z1p05__lam0p020__nu0p50__psi1p00,hardzero_plus_depr,0.05,39,839,0.0,2,0.18577921,0.18577921,0.9998097,0.100043826,0.100043826,1.0,3.027636e-10,3.0263096e-09,-27.105492,2.1996253,0.7332084,0.104,0.0,0.1445039,16.62019,16.64019,2688000
hardzero_plus_depr__c0p52__z1p05__lam0p020__nu0p50__psi1p00,hardzero_plus_depr,0.05,39,840,0.0,2,0.18577921,0.18577921,1.0337192,0.092529625,0.092529625,1.0,2.7447833e-10,2.9663834e-09,-27.004549,2.2742276,0.7580759,0.15200001,0.0,0.14234303,16.64019,16.66019,2691200
hardzero_plus_depr__c0p52__z1p05__lam0p020__nu0p50__psi1p00,hardzero_plus_depr,0.05,39,841,0.0,2,0.18577921,0.18577921,1.0034434,0.09921027,0.09921027,1.0,2.884681e-10,2.9076437e-09,-27.095568,2.2076194,0.73587316,0.208,0.0,0.1865586,16.66019,16.680191,2694400
hardzero_plus_depr__c0p52__z1p05__lam0p020__nu0p50__psi1p00,hardzero_plus_depr,0.05,39,842,0.0,2,0.18577921,0.18577921,1.0337603,0.09252087,0.09252087,1.0,2.6369068e-10,2.850067e-09,-26.900381,2.2743182,0.7581061,0.120000005,0.0,0.13996524,16.680191,16.700191,2697600
hardzero_plus_depr__c0p52__z1p05__lam0p020__nu0p50__psi1p00,hardzero_plus_depr,0.05,39,843,0.0,2,0.18577921,0.18577921,1.0216238,0.09514284,0.09514284,1.0,2.6579397e-10,2.7936309e-09,-27.547016,2.2476172,0.74920577,0.18400002,0.0,0.15146007,16.700191,16.720192,2700800
hardzero_plus_depr__c0p52__z1p05__lam0p020__nu0p50__psi1p00,hardzero_plus_depr,0.05,39,844,0.0,2,0.18577921,0.18577921,1.0174835,0.09605423,0.09605423,1.0,2.6302643e-10,2.7383118e-09,-27.366774,2.2385082,0.74616945,0.17600001,0.0,0.14173554,16.720192,16.740192,2704000
hardzero_plus_depr__c0p52__z1p05__lam0p020__nu0p50__psi1p00,hardzero_plus_depr,0.05,39,845,0.0,2,0.18577921,0.18577921,1.0882589,0.0,0.081609584,0.0,0.0,2.6840883e-09,-28.660957,2.3942173,0.79807246,0.13,0.0,0.17014252,16.740192,16.760193,2707200
hardzero_plus_depr__c0p52__z1p05__lam0p020__nu0p50__psi1p00,hardzero_plus_depr,0.05,39,846,0.0,2,0.18577921,0.18577921,0.9928506,0.10165983,0.10165983,1.0,2.6746078e-10,2.6309388e-09,-26.323689,2.184315,0.728105,0.16000001,0.0,0.15836085,16.760193,16.780193,2710400
hardzero_plus_depr__c0p52__z1p05__lam0p020__nu0p50__psi1p00,hardzero_plus_depr,0.05,39,847,0.0,2,0.18577921,0.18577921,1.0423787,0.09070293,0.09070293,1.0,2.3390848e-10,2.5788416e-09,-27.3307,2.293279,0.76442635,0.216,0.0,0.16716154,16.780193,16.800194,2713600
hardzero_plus_depr__c0p52__z1p05__lam0p020__nu0p50__psi1p00,hardzero_plus_depr,0.05,39,848,0.0,2,0.18577921,0.18577921,1.0279824,0.09376002,0.09376002,1.0,2.3700433e-10,2.527776e-09,-27.197268,2.2616065,0.7538688,0.15200001,0.0,0.16553748,16.800194,16.820194,2716800
hardzero_plus_depr__c0p52__z1p05__lam0p020__nu0p50__psi1p00,hardzero_plus_depr,0.05,39,849,0.0,2,0.18577921,0.18577921,1.0013632,0.09968661,0.09968661,1.0,2.4699565e-10,2.4777214e-09,-26.785652,2.203043,0.7343477,0.192,0.0,0.15762366,16.820194,16.840195,2720000
hardzero_plus_depr__c0p52__z1p05__lam0p020__nu0p50__psi1p00,hardzero_plus_depr,0.05,39,850,0.0,2,0.18577921,0.18577921,1.0518023,0.0,0.088755995,0.0,0.0,2.428658e-09,-27.959978,2.314011,0.77133703,0.120000005,0.0,0.15085462,16.840195,16.860195,2723200
hardzero_plus_depr__c0p52__z1p05__lam0p020__nu0p50__psi1p00,hardzero_plus_depr,0.05,39,851,0.0,2,0.18577921,0.18577921,0.995307,0.10108647,0.10108647,1.0,2.4064306e-10,2.3805666e-09,-27.141872,2.1897192,0.72990644,0.17600001,0.0,0.17626336,16.860195,16.880196,2726400
hardzero_plus_depr__c0p52__z1p05__lam0p020__nu0p50__psi1p00,hardzero_plus_depr,0.05,39,852,0.0,2,0.18577921,0.18577921,1.0419842,0.09078535,0.09078535,1.0,2.1184096e-10,2.3334268e-09,-27.257969,2.292411,0.764137,0.15200001,0.0,0.14306284,16.880196,16.900196,2729600
hardzero_plus_depr__c0p52__z1p05__lam0p020__nu0p50__psi1p00,hardzero_plus_depr,0.05,39,853,0.0,2,0.18577921,0.18577921,0.9949999,0.10115797,0.10115797,1.0,2.3137064e-10,2.287221e-09,-26.728603,2.1890435,0.7296812,0.16800001,0.0,0.14734948,16.900196,16.920197,2732800
hardzero_plus_depr__c0p52__z1p05__lam0p020__nu0p50__psi1p00,hardzero_plus_depr,0.05,39,854,0.0,2,0.18577921,0.18577921,1.083504,0.0,0.08250799,0.0,0.0,2.24193e-09,-27.92188,2.3837564,0.79458547,0.08800001,0.0,0.15336144,16.920197,16.940197,2736000
hardzero_plus_depr__c0p52__z1p05__lam0p020__nu0p50__psi1p00,hardzero_plus_depr,0.05,39,855,0.0,2,0.18577921,0.18577921,1.0560833,0.0,0.087885395,0.0,0.0,2.1975357e-09,-28.27886,2.3234296,0.7744765,0.120000005,0.0,0.17452316,16.940197,16.960197,2739200
hardzero_plus_depr__c0p52__z1p05__lam0p020__nu0p50__psi1p00,hardzero_plus_depr,0.05,39,856,0.0,2,0.18577921,0.18577921,1.0182451,0.09588595,0.09588595,1.0,2.0654031e-10,2.1540207e-09,-26.93933,2.2401838,0.74672794,0.16000001,0.0,0.15027224,16.960197,16.980198,2742400
hardzero_plus_depr__c0p52__z1p05__lam0p020__nu0p50__psi1p00,hardzero_plus_depr,0.05,39,857,0.0,2,0.18577921,0.18577921,1.0101072,0.09769961,0.09769961,1.0,2.0627974e-10,2.111367e-09,-27.371157,2.22228,0.74076,0.128,0.0,0.1365961,16.980198,17.000198,2745600
hardzero_plus_depr__c0p52__z1p05__lam0p020__nu0p50__psi1p00,hardzero_plus_depr,0.05,39,858,0.0,2,0.18577921,0.18577921,0.9812804,0.10440458,0.10440458,1.0,2.1607137e-10,2.0695583e-09,-26.907707,2.15886,0.71962,0.14999999,0.0,0.13387546,17.000198,17.020199,2748800
hardzero_plus_depr__c0p52__z1p05__lam0p020__nu0p50__psi1p00,hardzero_plus_depr,0.05,39,859,0.0,2,0.18577921,0.18577921,0.97259724,0.10651303,0.10651303,1.0,2.1606994e-10,2.0285775e-09,-26.171896,2.1397567,0.71325225,0.16000001,0.0,0.13594744,17.020199,17.0402,2752000
hardzero_plus_depr__c0p52__z1p05__lam0p020__nu0p50__psi1p00,hardzero_plus_depr,0.05,39,860,0.0,2,0.18577921,0.18577921,1.0051918,0.098811656,0.098811656,1.0,1.964779e-10,1.988408e-09,-27.480524,2.211466,0.7371554,0.17600001,0.0,0.12796125,17.0402,17.0602,2755200
hardzero_plus_depr__c0p52__z1p05__lam0p020__nu0p50__psi1p00,hardzero_plus_depr,0.05,39,861,0.0,2,0.18577921,0.18577921,1.0097119,0.09778856,0.09778856,1.0,1.9059321e-10,1.9490338e-09,-27.05531,2.2214105,0.7404702,0.224,0.0,0.13899879,17.0602,17.0802,2758400
hardzero_plus_depr__c0p52__z1p05__lam0p020__nu0p50__psi1p00,hardzero_plus_depr,0.05,39,862,0.0,2,0.18577921,0.18577921,0.9711517,0.10686813,0.10686813,1.0,2.0416512e-10,1.9104396e-09,-26.597023,2.1365764,0.7121922,0.208,0.0,0.13525786,17.0802,17.1002,2761600
hardzero_plus_depr__c0p52__z1p05__lam0p020__nu0p50__psi1p00,hardzero_plus_depr,0.05,39,863,0.0,2,0.18577921,0.18577921,1.0606539,0.0,0.08696531,0.0,0.0,1.8726094e-09,-27.823431,2.3334851,0.7778284,0.14400001,0.0,0.17439646,17.1002,17.120201,2764800
hardzero_plus_depr__c0p52__z1p05__lam0p020__nu0p50__psi1p00,hardzero_plus_depr,0.05,39,864,0.0,2,0.18577921,0.18577921,1.0364816,0.091942936,0.091942936,1.0,1.6876388e-10,1.8355285e-09,-27.596195,2.2803051,0.76010174,0.15200001,0.0,0.13143931,17.120201,17.140202,2768000
hardzero_plus_depr__c0p52__z1p05__lam0p020__nu0p50__psi1p00,hardzero_plus_depr,0.05,39,865,0.0,2,0.18577921,0.18577921,1.0134444,0.09695172,0.09695172,1.0,1.7443377e-10,1.7991818e-09,-26.672829,2.2296224,0.74320745,0.224,0.0,0.15760753,17.140202,17.160202,2771200
hardzero_plus_depr__c0p52__z1p05__lam0p020__nu0p50__psi1p00,hardzero_plus_depr,0.05,39,866,0.0,2,0.18577921,0.18577921,1.023001,0.094841644,0.094841644,1.0,1.6725844e-10,1.7635549e-09,-27.78621,2.250647,0.7502157,0.136,0.0,0.15024947,17.160202,17.180202,2774400
hardzero_plus_depr__c0p52__z1p05__lam0p020__nu0p50__psi1p00,hardzero_plus_depr,0.05,39,867,0.0,2,0.18577921,0.18577921,1.0429136,0.09059129,0.09059129,1.0,1.5659914e-10,1.7286335e-09,-27.636948,2.2944555,0.76481855,0.104,0.0,0.13531436,17.180202,17.200203,2777600
hardzero_plus_depr__c0p52__z1p05__lam0p020__nu0p50__psi1p00,hardzero_plus_depr,0.05,39,868,0.0,2,0.18577921,0.18577921,1.0826645,0.0,0.08266764,0.0,0.0,1.6944032e-09,-27.681513,2.3819094,0.7939698,0.128,0.0,0.16715683,17.200203,17.220203,2780800
hardzero_plus_depr__c0p52__z1p05__lam0p020__nu0p50__psi1p00,hardzero_plus_depr,0.05,39,869,0.0,2,0.18577921,0.18577921,1.0255814,0.094279796,0.094279796,1.0,1.5658469e-10,1.660851e-09,-26.863476,2.256324,0.75210804,0.192,0.0,0.14590383,17.220203,17.240204,2784000
hardzero_plus_depr__c0p52__z1p05__lam0p020__nu0p50__psi1p00,hardzero_plus_depr,0.05,39,870,0.0,2,0.18577921,0.18577921,0.99031603,0.10225485,0.10225485,1.0,1.6646716e-10,1.6279634e-09,-26.49493,2.1787388,0.7262463,0.23200001,0.0,0.14042506,17.240204,17.260204,2787200
hardzero_plus_depr__c0p52__z1p05__lam0p020__nu0p50__psi1p00,hardzero_plus_depr,0.05,39,871,0.0,2,0.18577921,0.18577921,1.1080303,0.0,0.07797756,0.0,0.0,1.5957266e-09,-29.0383,2.4377153,0.81257176,0.17,0.0,0.19205515,17.260204,17.280205,2790400
hardzero_plus_depr__c0p52__z1p05__lam0p020__nu0p50__psi1p00,hardzero_plus_depr,0.05,39,872,0.0,2,0.18577921,0.18577921,1.0048351,0.098892845,0.098892845,1.0,1.5468113e-10,1.5641286e-09,-26.610783,2.2106814,0.73689383,0.192,0.0,0.12576209,17.280205,17.300205,2793600
hardzero_plus_depr__c0p52__z1p05__lam0p020__nu0p50__psi1p00,hardzero_plus_depr,0.05,39,873,0.0,2,0.18577921,0.18577921,0.99401784,0.101386964,0.101386964,1.0,1.5544203e-10,1.533156e-09,-26.474064,2.186883,0.728961,0.104,0.0,0.1391346,17.300205,17.320206,2796800
hardzero_plus_depr__c0p52__z1p05__lam0p020__nu0p50__psi1p00,hardzero_plus_depr,0.05,39,874,0.0,2,0.18577921,0.18577921,1.0080965,0.098152995,0.098152995,1.0,1.4750401e-10,1.5027969e-09,-27.154959,2.2178564,0.73928547,0.136,0.008,0.1377977,17.320206,17.340206,2800000
hardzero_plus_depr__c0p52__z1p05__lam0p020__nu0p50__psi1p00,hardzero_plus_depr,0.05,39,875,0.0,2,0.18577921,0.18577921,0.9987181,0.100295596,0.100295596,1.0,1.4773929e-10,1.4730387e-09,-26.83487,2.1972237,0.7324079,0.17600001,0.0,0.16441363,17.340206,17.360207,2803200
hardzero_plus_depr__c0p52__z1p05__lam0p020__nu0p50__psi1p00,hardzero_plus_depr,0.05,39,876,0.0,2,0.18577921,0.18577921,1.0192305,0.095668614,0.095668614,1.0,1.3813303e-10,1.4438699e-09,-27.56354,2.2423518,0.7474506,0.16800001,0.0,0.14444678,17.360207,17.380207,2806400
hardzero_plus_depr__c0p52__z1p05__lam0p020__nu0p50__psi1p00,hardzero_plus_depr,0.05,39,877,0.0,2,0.18577921,0.18577921,1.0144738,0.09672221,0.09672221,1.0,1.3688889e-10,1.4152788e-09,-27.294308,2.2318869,0.7439623,0.17600001,0.0,0.14785865,17.380207,17.400208,2809600
hardzero_plus_depr__c0p52__z1p05__lam0p020__nu0p50__psi1p00,hardzero_plus_depr,0.05,39,878,0.0,2,0.18577921,0.18577921,0.99708486,0.1006735,0.1006735,1.0,1.3965969e-10,1.3872538e-09,-27.184088,2.1936305,0.7312102,0.17600001,0.0,0.13633844,17.400208,17.420208,2812800
hardzero_plus_depr__c0p52__z1p05__lam0p020__nu0p50__psi1p00,hardzero_plus_depr,0.05,39,879,0.0,2,0.18577921,0.18577921,1.0228565,0.09487319,0.09487319,1.0,1.2900701e-10,1.3597837e-09,-26.303392,2.2503293,0.7501098,0.120000005,0.0,0.12893267,17.420208,17.440208,2816000
hardzero_plus_depr__c0p52__z1p05__lam0p020__nu0p50__psi1p00,hardzero_plus_depr,0.05,39,880,0.0,2,0.18577921,0.18577921,1.0593114,0.0,0.087234564,0.0,0.0,1.3328576e-09,-27.56641,2.3305316,0.7768439,0.16800001,0.0,0.15996549,17.440208,17.460209,2819200
hardzero_plus_depr__c0p52__z1p05__lam0p020__nu0p50__psi1p00,hardzero_plus_depr,0.05,39,881,0.0,2,0.18577921,0.18577921,1.0628532,0.0,0.08652603,0.0,0.0,1.3064646e-09,-27.005325,2.3383238,0.7794413,0.120000005,0.0,0.1430673,17.460209,17.48021,2822400
hardzero_plus_depr__c0p52__z1p05__lam0p020__nu0p50__psi1p00,hardzero_plus_depr,0.05,39,882,0.0,2,0.18577921,0.18577921,1.0411022,0.09096993,0.09096993,1.0,1.1649556e-10,1.2805942e-09,-27.433256,2.2904706,0.7634902,0.128,0.0,0.13894401,17.48021,17.50021,2825600
hardzero_plus_depr__c0p52__z1p05__lam0p020__nu0p50__psi1p00,hardzero_plus_depr,0.05,39,883,0.0,2,0.18577921,0.18577921,1.0113102,0.09742935,0.09742935,1.0,1.2229685e-10,1.2552362e-09,-26.392883,2.224927,0.74164236,0.120000005,0.0,0.13805756,17.50021,17.52021,2828800
hardzero_plus_depr__c0p52__z1p05__lam0p020__nu0p50__psi1p00,hardzero_plus_depr,0.05,39,884,0.0,2,0.18577921,0.18577921,1.0009607,0.09977904,0.09977904,1.0,1.2276617e-10,1.2303804e-09,-27.007187,2.2021575,0.73405254,0.17,0.0,0.14679609,17.52021,17.54021,2832000
hardzero_plus_depr__c0p52__z1p05__lam0p020__nu0p50__psi1p00,hardzero_plus_depr,0.05,39,885,0.0,2,0.18577921,0.18577921,0.98696786,0.10304624,0.10304624,1.0,1.2427548e-10,1.2060166e-09,-26.91275,2.1713727,0.7237909,0.15200001,0.0,0.15430808,17.54021,17.560211,2835200
hardzero_plus_depr__c0p52__z1p05__lam0p020__nu0p50__psi1p00,hardzero_plus_depr,0.05,39,886,0.0,2,0.18577921,0.18577921,1.06857,0.0,0.0853945,0.0,0.0,1.1821353e-09,-27.742527,2.350901,0.78363365,0.15200001,0.0,0.17840388,17.560211,17.580212,2838400
hardzero_plus_depr__c0p52__z1p05__lam0p020__nu0p50__psi1p00,hardzero_plus_depr,0.05,39,887,0.0,2,0.18577921,0.18577921,1.0455706,0.09003875,0.09003875,1.0,1.0433033e-10,1.158727e-09,-27.156157,2.3003013,0.76676714,0.17600001,0.0,0.14634407,17.580212,17.600212,2841600
hardzero_plus_depr__c0p52__z1p05__lam0p020__nu0p50__psi1p00,hardzero_plus_depr,0.05,39,888,0.0,2,0.18577921,0.18577921,1.0125555,0.09715037,0.09715037,1.0,1.10341646e-10,1.135782e-09,-27.355297,2.2276666,0.74255556,0.16000001,0.0,0.15735589,17.600212,17.620213,2844800
hardzero_plus_depr__c0p52__z1p05__lam0p020__nu0p50__psi1p00,hardzero_plus_depr,0.05,39,889,0.0,2,0.18577921,0.18577921,1.072549,0.0,0.084615715,0.0,0.0,1.1132916e-09,-27.734447,2.359655,0.78655165,0.16000001,0.0,0.15919937,17.620213,17.640213,2848000
hardzero_plus_depr__c0p52__z1p05__lam0p020__nu0p50__psi1p00,hardzero_plus_depr,0.05,39,890,0.0,2,0.18577921,0.18577921,0.983953,0.10376408,0.10376408,1.0,1.13232194e-10,1.0912465e-09,-26.883162,2.1647398,0.72157997,0.128,0.0,0.13125573,17.640213,17.660213,2851200
hardzero_plus_depr__c0p52__z1p05__lam0p020__nu0p50__psi1p00,hardzero_plus_depr,0.05,39,891,0.0,2,0.18577921,0.18577921,0.97192395,0.10667828,0.10667828,1.0,1.1410712e-10,1.0696378e-09,-26.543076,2.1382754,0.7127585,0.16000001,0.0,0.13709986,17.660213,17.680214,2854400
hardzero_plus_depr__c0p52__z1p05__lam0p020__nu0p50__psi1p00,hardzero_plus_depr,0.05,39,892,0.0,2,0.18577921,0.18577921,1.0467463,0.089795336,0.089795336,1.0,9.4146566e-11,1.0484572e-09,-27.447096,2.3028877,0.76762927,0.18400002,0.0,0.15203023,17.680214,17.700214,2857600
hardzero_plus_depr__c0p52__z1p05__lam0p020__nu0p50__psi1p00,hardzero_plus_depr,0.05,39,893,0.0,2,0.18577921,0.18577921,1.0489669,0.08933735,0.08933735,1.0,9.181162e-11,1.0276958e-09,-27.227808,2.3077734,0.7692578,0.208,0.0,0.15008365,17.700214,17.720215,2860800
hardzero_plus_depr__c0p52__z1p05__lam0p020__nu0p50__psi1p00,hardzero_plus_depr,0.05,39,894,0.0,2,0.18577921,0.18577921,1.0488003,0.08937162,0.08937162,1.0,9.002812e-11,1.0073457e-09,-27.58956,2.307407,0.76913565,0.14400001,0.0,0.1406968,17.720215,17.740215,2864000
hardzero_plus_depr__c0p52__z1p05__lam0p020__nu0p50__psi1p00,hardzero_plus_depr,0.05,39,895,0.0,2,0.18577921,0.18577921,1.021577,0.095153116,0.095153116,1.0,9.395403e-11,9.873984e-10,-27.638294,2.2475142,0.74917144,0.16000001,0.0,0.14260957,17.740215,17.760216,2867200
hardzero_plus_depr__c0p52__z1p05__lam0p020__nu0p50__psi1p00,hardzero_plus_depr,0.05,39,896,0.0,2,0.18577921,0.18577921,0.9711222,0.106875405,0.106875405,1.0,1.03438945e-10,9.678461e-10,-26.634686,2.1365116,0.71217054,0.136,0.0,0.1459184,17.760216,17.780216,2870400
hardzero_plus_depr__c0p52__z1p05__lam0p020__nu0p50__psi1p00,hardzero_plus_depr,0.05,39,897,0.0,2,0.18577921,0.18577921,0.9933257,0.101548694,0.101548694,1.0,9.633732e-11,9.48681e-10,-26.366798,2.1853602,0.7284534,0.12,0.0,0.14093457,17.780216,17.800217,2873600
hardzero_plus_depr__c0p52__z1p05__lam0p020__nu0p50__psi1p00,hardzero_plus_depr,0.05,39,898,0.0,2,0.18577921,0.18577921,1.0835371,0.0,0.082501695,0.0,0.0,9.2989544e-10,-28.748405,2.383829,0.7946097,0.17600001,0.0,0.15539292,17.800217,17.820217,2876800
hardzero_plus_depr__c0p52__z1p05__lam0p020__nu0p50__psi1p00,hardzero_plus_depr,0.05,39,899,0.0,2,0.18577921,0.18577921,0.999272,0.10016777,0.10016777,1.0,9.1301106e-11,9.1148183e-10,-27.167963,2.1984422,0.7328141,0.104,0.0,0.14179963,17.820217,17.840218,2880000
hardzero_plus_depr__c0p52__z1p05__lam0p020__nu0p50__psi1p00,hardzero_plus_depr,0.05,39,900,0.0,2,0.18577921,0.18577921,1.0267452,0.09402748,0.09402748,1.0,8.4007246e-11,8.934329e-10,-27.303598,2.2588844,0.7529615,0.136,0.0,0.13433315,17.840218,17.860218,2883200
hardzero_plus_depr__c0p52__z1p05__lam0p020__nu0p50__psi1p00,hardzero_plus_depr,0.05,39,901,0.0,2,0.18577921,0.18577921,1.0040013,0.09908291,0.09908291,1.0,8.6771e-11,8.7574137e-10,-27.471104,2.2088468,0.7362823,0.16800001,0.0,0.14480597,17.860218,17.880219,2886400
hardzero_plus_depr__c0p52__z1p05__lam0p020__nu0p50__psi1p00,hardzero_plus_depr,0.05,39,902,0.0,2,0.18577921,0.18577921,1.0066253,0.09848605,0.09848605,1.0,8.4540444e-11,8.584002e-10,-27.152557,2.2146199,0.7382066,0.17600001,0.0,0.14388846,17.880219,17.900219,2889600
hardzero_plus_depr__c0p52__z1p05__lam0p020__nu0p50__psi1p00,hardzero_plus_depr,0.05,39,903,0.0,2,0.18577921,0.18577921,1.0466293,0.089819506,0.089819506,1.0,7.557433e-11,8.414022e-10,-27.768848,2.3026304,0.7675435,0.192,0.0,0.14257754,17.900219,17.92022,2892800
hardzero_plus_depr__c0p52__z1p05__lam0p020__nu0p50__psi1p00,hardzero_plus_depr,0.05,39,904,0.0,2,0.18577921,0.18577921,0.99615717,0.10088877,0.10088877,1.0,8.32071e-11,8.24741e-10,-26.136318,2.1915896,0.7305299,0.15200001,0.0,0.14900754,17.92022,17.94022,2896000
hardzero_plus_depr__c0p52__z1p05__lam0p020__nu0p50__psi1p00,hardzero_plus_depr,0.05,39,905,0.0,2,0.18577921,0.18577921,1.0143063,0.096759506,0.096759506,1.0,7.8221325e-11,8.0840973e-10,-27.655888,2.2315185,0.7438395,0.136,0.0,0.13893858,17.94022,17.96022,2899200
hardzero_plus_depr__c0p52__z1p05__lam0p020__nu0p50__psi1p00,hardzero_plus_depr,0.05,39,906,0.0,2,0.18577921,0.18577921,1.0619026,0.0,0.08671562,0.0,0.0,7.924018e-10,-27.760628,2.3362324,0.77874416,0.112,0.0,0.14289956,17.96022,17.98022,2902400
hardzero_plus_depr__c0p52__z1p05__lam0p020__nu0p50__psi1p00,hardzero_plus_depr,0.05,39,907,0.0,2,0.18577921,0.18577921,0.99644613,0.10082165,0.10082165,1.0,7.830927e-11,7.767108e-10,-26.105986,2.1922252,0.73074174,0.14400001,0.0,0.14892957,17.98022,18.000221,2905600
hardzero_plus_depr__c0p52__z1p05__lam0p020__nu0p50__psi1p00,hardzero_plus_depr,0.05,39,908,0.0,2,0.18577921,0.18577921,1.0880557,0.0,0.081647746,0.0,0.0,7.6133055e-10,-29.390213,2.3937705,0.7979235,0.104,0.0,0.18798776,18.000221,18.020222,2908800
hardzero_plus_depr__c0p52__z1p05__lam0p020__nu0p50__psi1p00,hardzero_plus_depr,0.05,39,909,0.0,2,0.18577921,0.18577921,1.0066653,0.09847696,0.09847696,1.0,7.34889e-11,7.462548e-10,-27.52378,2.214708,0.73823607,0.128,0.0,0.14881644,18.020222,18.040222,2912000
hardzero_plus_depr__c0p52__z1p05__lam0p020__nu0p50__psi1p00,hardzero_plus_depr,0.05,39,910,0.0,2,0.18577921,0.18577921,1.0240074,0.09462208,0.09462208,1.0,6.921394e-11,7.3147766e-10,-27.399271,2.2528613,0.7509538,0.14999999,0.0,0.1433371,18.040222,18.060223,2915200
hardzero_plus_depr__c0p52__z1p05__lam0p020__nu0p50__psi1p00,hardzero_plus_depr,0.05,39,911,0.0,2,0.18577921,0.18577921,0.994099,0.10136802,0.10136802,1.0,7.268017e-11,7.169931e-10,-26.395107,2.1870615,0.72902054,0.16000001,0.0,0.12410524,18.060223,18.080223,2918400
hardzero_plus_depr__c0p52__z1p05__lam0p020__nu0p50__psi1p00,hardzero_plus_depr,0.05,39,912,0.0,2,0.18577921,0.18577921,1.0076755,0.09824817,0.09824817,1.0,6.904836e-11,7.027954e-10,-26.68754,2.2169304,0.73897684,0.2,0.0,0.15862988,18.080223,18.100224,2921600
hardzero_plus_depr__c0p52__z1p05__lam0p020__nu0p50__psi1p00,hardzero_plus_depr,0.05,39,913,0.0,2,0.18577921,0.18577921,1.1126001,0.0,0.07716136,0.0,0.0,6.888788e-10,-28.696547,2.4477692,0.8159231,0.120000005,0.0,0.15944055,18.100224,18.120224,2924800
hardzero_plus_depr__c0p52__z1p05__lam0p020__nu0p50__psi1p00,hardzero_plus_depr,0.05,39,914,0.0,2,0.18577921,0.18577921,0.9978156,0.100504234,0.100504234,1.0,6.7864256e-11,6.752378e-10,-26.577,2.195238,0.7317461,0.224,0.0,0.13265799,18.120224,18.140224,2928000
hardzero_plus_depr__c0p52__z1p05__lam0p020__nu0p50__psi1p00,hardzero_plus_depr,0.05,39,915,0.0,2,0.18577921,0.18577921,1.0342773,0.09241077,0.09241077,1.0,6.116363e-11,6.618669e-10,-28.049515,2.2754555,0.7584852,0.112,0.0,0.15917383,18.140224,18.160225,2931200
hardzero_plus_depr__c0p52__z1p05__lam0p020__nu0p50__psi1p00,hardzero_plus_depr,0.05,39,916,0.0,2,0.18577921,0.18577921,1.0139825,0.09683167,0.09683167,1.0,6.282058e-11,6.487607e-10,-27.445446,2.230806,0.74360204,0.14400001,0.0,0.15906464,18.160225,18.180225,2934400
hardzero_plus_depr__c0p52__z1p05__lam0p020__nu0p50__psi1p00,hardzero_plus_depr,0.05,39,917,0.0,2,0.18577921,0.18577921,0.9942234,0.101339,0.101339,1.0,6.4442895e-11,6.359141e-10,-25.819046,2.1873353,0.7291118,0.192,0.0,0.12885267,18.180225,18.200226,2937600
hardzero_plus_depr__c0p52__z1p05__lam0p020__nu0p50__psi1p00,hardzero_plus_depr,0.05,39,918,0.0,2,0.18577921,0.18577921,1.0313532,0.093035094,0.093035094,1.0,5.7990807e-11,6.2332184e-10,-26.941107,2.2690225,0.75634086,0.136,0.0,0.14238405,18.200226,18.220226,2940800
hardzero_plus_depr__c0p52__z1p05__lam0p020__nu0p50__psi1p00,hardzero_plus_depr,0.05,39,919,0.0,2,0.18577921,0.18577921,0.99400455,0.101390086,0.101390086,1.0,6.194721e-11,6.10979e-10,-26.073917,2.1868536,0.7289512,0.192,0.0,0.12252134,18.220226,18.240227,2944000
hardzero_plus_depr__c0p52__z1p05__lam0p020__nu0p50__psi1p00,hardzero_plus_depr,0.05,39,920,0.0,2,0.18577921,0.18577921,1.0201771,0.095460325,0.095460325,1.0,5.7169332e-11,5.9888056e-10,-27.210373,2.2444346,0.74814487,0.136,0.0,0.14871265,18.240227,18.260227,2947200
hardzero_plus_depr__c0p52__z1p05__lam0p020__nu0p50__psi1p00,hardzero_plus_depr,0.05,39,921,0.0,2,0.18577921,0.18577921,1.0687785,0.0,0.08535353,0.0,0.0,5.8702165e-10,-27.095497,2.3513596,0.78378654,0.16000001,0.0,0.13991767,18.260227,18.280228,2950400
hardzero_plus_depr__c0p52__z1p05__lam0p020__nu0p50__psi1p00,hardzero_plus_depr,0.05,39,922,0.0,2,0.18577921,0.18577921,1.1169837,0.0,0.07638645,0.0,0.0,5.7539756e-10,-28.051483,2.4574132,0.81913775,0.104,0.0,0.1635045,18.280228,18.300228,2953600
hardzero_plus_depr__c0p52__z1p05__lam0p020__nu0p50__psi1p00,hardzero_plus_depr,0.05,39,923,0.0,2,0.18577921,0.18577921,1.0119392,0.097288355,0.097288355,1.0,5.487099e-11,5.640037e-10,-26.60854,2.2263107,0.7421036,0.19999999,0.0,0.15461391,18.300228,18.320229,2956800
hardzero_plus_depr__c0p52__z1p05__lam0p020__nu0p50__psi1p00,hardzero_plus_depr,0.05,39,924,0.0,2,0.18577921,0.18577921,1.0216382,0.095139705,0.095139705,1.0,5.25966e-11,5.5283544e-10,-26.9905,2.2476487,0.74921626,0.17600001,0.0,0.12652701,18.320229,18.340229,2960000
hardzero_plus_depr__c0p52__z1p05__lam0p020__nu0p50__psi1p00,hardzero_plus_depr,0.05,39,925,0.0,2,0.18577921,0.18577921,1.0251672,0.09436973,0.09436973,1.0,5.113785e-11,5.4188826e-10,-26.67995,2.2554128,0.7518043,0.17600001,0.008,0.17989856,18.340229,18.36023,2963200
hardzero_plus_depr__c0p52__z1p05__lam0p020__nu0p50__psi1p00,hardzero_plus_depr,0.05,39,926,0.0,2,0.18577921,0.18577921,1.041387,0.09091028,0.09091028,1.0,4.8287718e-11,5.3115795e-10,-26.954079,2.2910972,0.76369905,0.136,0.0,0.14826131,18.36023,18.38023,2966400
hardzero_plus_depr__c0p52__z1p05__lam0p020__nu0p50__psi1p00,hardzero_plus_depr,0.05,39,927,0.0,2,0.18577921,0.18577921,1.0499132,0.089142926,0.089142926,1.0,4.6411375e-11,5.2064003e-10,-27.141775,2.309855,0.7699517,0.14400001,0.0,0.11921895,18.38023,18.40023,2969600
hardzero_plus_depr__c0p52__z1p05__lam0p020__nu0p50__psi1p00,hardzero_plus_depr,0.05,39,928,0.0,2,0.18577921,0.18577921,1.0218688,0.095089205,0.095089205,1.0,4.8526915e-11,5.1033044e-10,-26.97543,2.2481563,0.7493855,0.18400002,0.0,0.15474395,18.40023,18.42023,2972800
hardzero_plus_depr__c0p52__z1p05__lam0p020__nu0p50__psi1p00,hardzero_plus_depr,0.05,39,929,0.0,2,0.18577921,0.18577921,1.0198252,0.09553769,0.09553769,1.0,4.779034e-11,5.00225e-10,-26.487158,2.2436602,0.7478868,0.072000004,0.0,0.11466197,18.42023,18.440231,2976000
hardzero_plus_depr__c0p52__z1p05__lam0p020__nu0p50__psi1p00,hardzero_plus_depr,0.05,39,930,0.0,2,0.18577921,0.18577921,1.0155228,0.09648885,0.09648885,1.0,4.731038e-11,4.903197e-10,-26.030825,2.2341948,0.7447316,0.096,0.0,0.15063246,18.440231,18.460232,2979200
hardzero_plus_depr__c0p52__z1p05__lam0p020__nu0p50__psi1p00,hardzero_plus_depr,0.05,39,931,0.0,2,0.18577921,0.18577921,1.0622314,0.0,0.08665,0.0,0.0,4.8061044e-10,-27.531683,2.3369558,0.77898526,0.16000001,0.0,0.15515482,18.460232,18.480232,2982400
hardzero_plus_depr__c0p52__z1p05__lam0p020__nu0p50__psi1p00,hardzero_plus_depr,0.05,39,932,0.0,2,0.18577921,0.18577921,1.0063032,0.09855911,0.09855911,1.0,4.643056e-11,4.7109355e-10,-27.197084,2.2139113,0.7379705,0.120000005,0.0,0.123590805,18.480232,18.500233,2985600
hardzero_plus_depr__c0p52__z1p05__lam0p020__nu0p50__psi1p00,hardzero_plus_depr,0.05,39,933,0.0,2,0.18577921,0.18577921,1.027514,0.09386118,0.09386118,1.0,4.334181e-11,4.6176504e-10,-27.378345,2.260576,0.7535254,0.17600001,0.0,0.13447337,18.500233,18.520233,2988800
hardzero_plus_depr__c0p52__z1p05__lam0p020__nu0p50__psi1p00,hardzero_plus_depr,0.05,39,934,0.0,2,0.18577921,0.18577921,1.05464,0.0,0.08817793,0.0,0.0,4.5262125e-10,-27.874664,2.3202546,0.7734182,0.136,0.0,0.13428044,18.520233,18.540234,2992000
hardzero_plus_depr__c0p52__z1p05__lam0p020__nu0p50__psi1p00,hardzero_plus_depr,0.05,39,935,0.0,2,0.18577921,0.18577921,1.0410552,0.090979755,0.090979755,1.0,4.036395e-11,4.4365858e-10,-26.53518,2.2903671,0.76345575,0.096,0.0,0.14928785,18.540234,18.560234,2995200
hardzero_plus_depr__c0p52__z1p05__lam0p020__nu0p50__psi1p00,hardzero_plus_depr,0.05,39,936,0.0,2,0.18577921,0.18577921,0.9696937,0.10722751,0.10722751,1.0,4.6630384e-11,4.348733e-10,-25.919277,2.1333687,0.71112293,0.17,0.0,0.123621576,18.560234,18.580235,2998400
hardzero_plus_depr__c0p52__z1p05__lam0p020__nu0p50__psi1p00,hardzero_plus_depr,0.05,39,937,0.0,2,0.18577921,0.18577921,1.0504432,0.0,0.0890342,0.0,0.0,4.262621e-10,-27.370268,2.311021,0.7703404,0.16800001,0.0,0.14983487,18.580235,18.600235,3001600
hardzero_plus_depr__c0p52__z1p05__lam0p020__nu0p50__psi1p00,hardzero_plus_depr,0.05,39,938,0.0,2,0.18577921,0.18577921,1.014635,0.09668631,0.09668631,1.0,4.0397602e-11,4.1782133e-10,-27.045088,2.2322414,0.7440805,0.136,0.0,0.1320702,18.600235,18.620235,3004800
hardzero_plus_depr__c0p52__z1p05__lam0p020__nu0p50__psi1p00,hardzero_plus_depr,0.05,39,939,0.0,2,0.18577921,0.18577921,0.9992945,0.100162566,0.100162566,1.0,4.102135e-11,4.095477e-10,-26.441675,2.1984918,0.73283064,0.192,0.0,0.15923698,18.620235,18.640236,3008000
hardzero_plus_depr__c0p52__z1p05__lam0p020__nu0p50__psi1p00,hardzero_plus_depr,0.05,39,940,0.0,2,0.18577921,0.18577921,1.0300044,0.093324475,0.093324475,1.0,3.7463987e-11,4.0143797e-10,-26.546736,2.2660549,0.75535166,0.136,0.0,0.14769928,18.640236,18.660236,3011200
hardzero_plus_depr__c0p52__z1p05__lam0p020__nu0p50__psi1p00,hardzero_plus_depr,0.05,39,941,0.0,2,0.18577921,0.18577921,1.0635036,0.0,0.08639653,0.0,0.0,3.9348877e-10,-27.500227,2.3397548,0.7799183,0.112,0.0,0.13773753,18.660236,18.680237,3014400
hardzero_plus_depr__c0p52__z1p05__lam0p020__nu0p50__psi1p00,hardzero_plus_depr,0.05,39,942,0.0,2,0.18577921,0.18577921,0.9780254,0.10519004,0.10519004,1.0,4.0571477e-11,3.8569695e-10,-26.946207,2.1516988,0.71723294,0.18400002,0.0,0.12249647,18.680237,18.700237,3017600
hardzero_plus_depr__c0p52__z1p05__lam0p020__nu0p50__psi1p00,hardzero_plus_depr,0.05,39,943,0.0,2,0.18577921,0.18577921,1.0334303,0.092591174,0.092591174,1.0,3.5004975e-11,3.780595e-10,-27.541748,2.2735922,0.7578641,0.16000001,0.0,0.12325923,18.700237,18.720238,3020800
hardzero_plus_depr__c0p52__z1p05__lam0p020__nu0p50__psi1p00,hardzero_plus_depr,0.05,39,944,0.0,2,0.18577921,0.18577921,1.0657433,0.0,0.08595213,0.0,0.0,3.7057327e-10,-27.942335,2.3446822,0.7815608,0.14400001,0.0,0.16643566,18.720238,18.740238,3024000
hardzero_plus_depr__c0p52__z1p05__lam0p020__nu0p50__psi1p00,hardzero_plus_depr,0.05,39,945,0.0,2,0.18577921,0.18577921,1.0039467,0.09909536,0.09909536,1.0,3.5994926e-11,3.6323525e-10,-27.540735,2.208727,0.7362423,0.2,0.008,0.14485376,18.740238,18.760239,3027200
hardzero_plus_depr__c0p52__z1p05__lam0p020__nu0p50__psi1p00,hardzero_plus_depr,0.05,39,946,0.0,2,0.18577921,0.18577921,1.0221137,0.095035605,0.095035605,1.0,3.3836718e-11,3.5604253e-10,-27.39398,2.248695,0.749565,0.14400001,0.0,0.1421089,18.760239,18.78024,3030400
hardzero_plus_depr__c0p52__z1p05__lam0p020__nu0p50__psi1p00,hardzero_plus_depr,0.05,39,947,0.0,2,0.18577921,0.18577921,0.9732003,0.10636522,0.10636522,1.0,3.7120636e-11,3.4899225e-10,-26.36822,2.1410835,0.7136945,0.272,0.0,0.16047318,18.78024,18.80024,3033600
hardzero_plus_depr__c0p52__z1p05__lam0p020__nu0p50__psi1p00,hardzero_plus_depr,0.05,39,948,0.0,2,0.18577921,0.18577921,1.0530695,0.0,0.08849741,0.0,0.0,3.4208159e-10,-28.051275,2.3167992,0.7722664,0.16800001,0.0,0.159335,18.80024,18.82024,3036800
hardzero_plus_depr__c0p52__z1p05__lam0p020__nu0p50__psi1p00,hardzero_plus_depr,0.05,39,949,0.0,2,0.18577921,0.18577921,0.96785975,0.107681274,0.107681274,1.0,3.6106368e-11,3.3530778e-10,-26.87716,2.129334,0.709778,0.19999999,0.0,0.1410976,18.82024,18.84024,3040000
hardzero_plus_depr__c0p52__z1p05__lam0p020__nu0p50__psi1p00,hardzero_plus_depr,0.05,39,950,0.0,2,0.18577921,0.18577921,1.0392534,0.091358006,0.091358006,1.0,3.002646e-11,3.2866806e-10,-27.212572,2.286403,0.7621343,0.16800001,0.008,0.17405204,18.84024,18.86024,3043200
hardzero_plus_depr__c0p52__z1p05__lam0p020__nu0p50__psi1p00,hardzero_plus_depr,0.05,39,951,0.0,2,0.18577921,0.18577921,1.0455493,0.090043165,0.090043165,1.0,2.9008296e-11,3.2215988e-10,-27.309011,2.3002543,0.76675147,0.17600001,0.0,0.15907729,18.86024,18.880241,3046400
hardzero_plus_depr__c0p52__z1p05__lam0p020__nu0p50__psi1p00,hardzero_plus_depr,0.05,39,952,0.0,2,0.18577921,0.18577921,1.0331382,0.09265349,0.09265349,1.0,2.925817e-11,3.1578054e-10,-27.255484,2.2729492,0.7576498,0.136,0.0,0.13925074,18.880241,18.900242,3049600
hardzero_plus_depr__c0p52__z1p05__lam0p020__nu0p50__psi1p00,hardzero_plus_depr,0.05,39,953,0.0,2,0.18577921,0.18577921,1.0042545,0.09902517,0.09902517,1.0,3.0651013e-11,3.0952751e-10,-26.790962,2.209404,0.736468,0.14400001,0.0,0.13995454,18.900242,18.920242,3052800
hardzero_plus_depr__c0p52__z1p05__lam0p020__nu0p50__psi1p00,hardzero_plus_depr,0.05,39,954,0.0,2,0.18577921,0.18577921,0.9947858,0.10120786,0.10120786,1.0,3.0706295e-11,3.0339833e-10,-26.102898,2.1885724,0.72952414,0.128,0.0,0.124177605,18.920242,18.940243,3056000
hardzero_plus_depr__c0p52__z1p05__lam0p020__nu0p50__psi1p00,hardzero_plus_depr,0.05,39,955,0.0,2,0.18577921,0.18577921,0.97084945,0.10694254,0.10694254,1.0,3.18037e-11,2.9739053e-10,-25.950243,2.1359115,0.7119705,0.24000001,0.0,0.124399774,18.940243,18.960243,3059200
hardzero_plus_depr__c0p52__z1p05__lam0p020__nu0p50__psi1p00,hardzero_plus_depr,0.05,39,956,0.0,2,0.18577921,0.18577921,0.9746644,0.10600726,0.10600726,1.0,3.090129e-11,2.9150163e-10,-27.273743,2.1443045,0.7147682,0.216,0.0,0.1266863,18.960243,18.980244,3062400
hardzero_plus_depr__c0p52__z1p05__lam0p020__nu0p50__psi1p00,hardzero_plus_depr,0.05,39,957,0.0,2,0.18577921,0.18577921,1.0303253,0.09325555,0.09325555,1.0,2.6645854e-11,2.857294e-10,-26.439365,2.2667608,0.755587,0.14400001,0.0,0.12615108,18.980244,19.000244,3065600
hardzero_plus_depr__c0p52__z1p05__lam0p020__nu0p50__psi1p00,hardzero_plus_depr,0.05,39,958,0.0,2,0.18577921,0.18577921,1.044169,0.0903298,0.0903298,1.0,2.5298798e-11,2.8007144e-10,-27.94141,2.2972176,0.7657392,0.15200001,0.0,0.14411385,19.000244,19.020245,3068800
hardzero_plus_depr__c0p52__z1p05__lam0p020__nu0p50__psi1p00,hardzero_plus_depr,0.05,39,959,0.0,2,0.18577921,0.18577921,1.0466955,0.08980583,0.08980583,1.0,2.4653996e-11,2.7452557e-10,-27.738588,2.302776,0.7675921,0.17600001,0.0,0.13933943,19.020245,19.040245,3072000
hardzero_plus_depr__c0p52__z1p05__lam0p020__nu0p50__psi1p00,hardzero_plus_depr,0.05,39,960,0.0,2,0.18577921,0.18577921,0.9892934,0.10249593,0.10249593,1.0,2.7580573e-11,2.6908945e-10,-26.169899,2.1764889,0.7254963,0.14400001,0.0,0.14460678,19.040245,19.060246,3075200
hardzero_plus_depr__c0p52__z1p05__lam0p020__nu0p50__psi1p00,hardzero_plus_depr,0.05,39,961,0.0,2,0.18577921,0.18577921,0.9930245,0.101619124,0.101619124,1.0,2.680316e-11,2.6376099e-10,-26.211899,2.1846976,0.72823256,0.104,0.0,0.15544707,19.060246,19.080246,3078400
hardzero_plus_depr__c0p52__z1p05__lam0p020__nu0p50__psi1p00,hardzero_plus_depr,0.05,39,962,0.0,2,0.18577921,0.18577921,1.0142608,0.09676966,0.09676966,1.0,2.501864e-11,2.5853805e-10,-26.809849,2.2314184,0.7438061,0.17999999,0.0,0.14089254,19.080246,19.100246,3081600
hardzero_plus_depr__c0p52__z1p05__lam0p020__nu0p50__psi1p00,hardzero_plus_depr,0.05,39,963,0.0,2,0.18577921,0.18577921,1.032158,0.092862844,0.092862844,1.0,2.3533167e-11,2.5341854e-10,-27.559816,2.270793,0.756931,0.16000001,0.0,0.14793052,19.100246,19.120247,3084800
hardzero_plus_depr__c0p52__z1p05__lam0p020__nu0p50__psi1p00,hardzero_plus_depr,0.05,39,964,0.0,2,0.18577921,0.18577921,1.0166634,0.09623578,0.09623578,1.0,2.3905005e-11,2.4840038e-10,-27.624702,2.236704,0.74556804,0.15200001,0.0,0.16939749,19.120247,19.140247,3088000
hardzero_plus_depr__c0p52__z1p05__lam0p020__nu0p50__psi1p00,hardzero_plus_depr,0.05,39,965,0.0,2,0.18577921,0.18577921,1.0488858,0.08935403,0.08935403,1.0,2.1756067e-11,2.4348165e-10,-27.675488,2.307595,0.76919836,0.14400001,0.0,0.15438879,19.140247,19.160248,3091200
hardzero_plus_depr__c0p52__z1p05__lam0p020__nu0p50__psi1p00,hardzero_plus_depr,0.05,39,966,0.0,2,0.18577921,0.18577921,1.038035,0.09161465,0.09161465,1.0,2.1864779e-11,2.3866029e-10,-27.534302,2.2837226,0.7612409,0.16000001,0.0,0.1577443,19.160248,19.180248,3094400
hardzero_plus_depr__c0p52__z1p05__lam0p020__nu0p50__psi1p00,hardzero_plus_depr,0.05,39,967,0.0,2,0.18577921,0.18577921,0.99065816,0.10217433,0.10217433,1.0,2.390209e-11,2.339344e-10,-26.73012,2.1794915,0.7264972,0.128,0.0,0.13820328,19.180248,19.200249,3097600
hardzero_plus_depr__c0p52__z1p05__lam0p020__nu0p50__psi1p00,hardzero_plus_depr,0.05,39,968,0.0,2,0.18577921,0.18577921,1.0693024,0.0,0.08525062,0.0,0.0,2.2930205e-10,-27.260374,2.3525124,0.7841708,0.16800001,0.0,0.14996305,19.200249,19.22025,3100800
hardzero_plus_depr__c0p52__z1p05__lam0p020__nu0p50__psi1p00,hardzero_plus_depr,0.05,39,969,0.0,2,0.18577921,0.18577921,1.0837606,0.0,0.082459256,0.0,0.0,2.2476146e-10,-28.222805,2.384321,0.7947737,0.120000005,0.0,0.14859368,19.22025,19.24025,3104000
hardzero_plus_depr__c0p52__z1p05__lam0p020__nu0p50__psi1p00,hardzero_plus_depr,0.05,39,970,0.0,2,0.18577921,0.18577921,1.0048839,0.098881744,0.098881744,1.0,2.1784716e-11,2.203108e-10,-26.641129,2.2107887,0.7369296,0.16800001,0.0,0.15353504,19.24025,19.26025,3107200
hardzero_plus_depr__c0p52__z1p05__lam0p020__nu0p50__psi1p00,hardzero_plus_depr,0.05,39,971,0.0,2,0.18577921,0.18577921,1.073385,0.0,0.08445299,0.0,0.0,2.1594825e-10,-27.796923,2.361494,0.7871647,0.15200001,0.0,0.15780756,19.26025,19.28025,3110400
hardzero_plus_depr__c0p52__z1p05__lam0p020__nu0p50__psi1p00,hardzero_plus_depr,0.05,39,972,0.0,2,0.18577921,0.18577921,1.0244395,0.09452801,0.09452801,1.0,2.000894e-11,2.1167208e-10,-27.502283,2.2538118,0.75127065,0.192,0.0,0.16330384,19.28025,19.300251,3113600
hardzero_plus_depr__c0p52__z1p05__lam0p020__nu0p50__psi1p00,hardzero_plus_depr,0.05,39,973,0.0,2,0.18577921,0.18577921,1.0575318,0.0,0.087592736,0.0,0.0,2.0748062e-10,-27.699326,2.3266165,0.77553886,0.128,0.0,0.15700477,19.300251,19.320251,3116800
hardzero_plus_depr__c0p52__z1p05__lam0p020__nu0p50__psi1p00,hardzero_plus_depr,0.05,39,974,0.0,2,0.18577921,0.18577921,1.0573624,0.0,0.08762691,0.0,0.0,2.0337212e-10,-27.734777,2.3262439,0.77541465,0.16800001,0.0,0.15519097,19.320251,19.340252,3120000
hardzero_plus_depr__c0p52__z1p05__lam0p020__nu0p50__psi1p00,hardzero_plus_depr,0.05,39,975,0.0,2,0.18577921,0.18577921,0.9957558,0.10098204,0.10098204,1.0,2.0130264e-11,1.9934498e-10,-26.430033,2.1907065,0.7302355,0.12,0.0,0.112826094,19.340252,19.360252,3123200
hardzero_plus_depr__c0p52__z1p05__lam0p020__nu0p50__psi1p00,hardzero_plus_depr,0.05,39,976,0.0,2,0.18577921,0.18577921,0.9545559,0.11103095,0.11103095,1.0,2.1695184e-11,1.9539761e-10,-25.503136,2.100065,0.7000217,0.216,0.0,0.1425194,19.360252,19.380253,3126400
hardzero_plus_depr__c0p52__z1p05__lam0p020__nu0p50__psi1p00,hardzero_plus_depr,0.05,39,977,0.0,2,0.18577921,0.18577921,1.0291744,0.093503006,0.093503006,1.0,1.7908479e-11,1.9152838e-10,-26.561855,2.264229,0.75474304,0.136,0.0,0.14570208,19.380253,19.400253,3129600
hardzero_plus_depr__c0p52__z1p05__lam0p020__nu0p50__psi1p00,hardzero_plus_depr,0.05,39,978,0.0,2,0.18577921,0.18577921,1.0316192,0.09297813,0.09297813,1.0,1.7455322e-11,1.8773579e-10,-27.247658,2.2696075,0.7565359,0.128,0.0,0.13118869,19.400253,19.420254,3132800
hardzero_plus_depr__c0p52__z1p05__lam0p020__nu0p50__psi1p00,hardzero_plus_depr,0.05,39,979,0.0,2,0.18577921,0.18577921,1.0409713,0.090997346,0.090997346,1.0,1.6745176e-11,1.8401829e-10,-27.28222,2.2901826,0.76339424,0.17600001,0.0,0.15070367,19.420254,19.440254,3136000
hardzero_plus_depr__c0p52__z1p05__lam0p020__nu0p50__psi1p00,hardzero_plus_depr,0.05,39,980,0.0,2,0.18577921,0.18577921,1.0190938,0.09569873,0.09569873,1.0,1.72616e-11,1.803744e-10,-27.104847,2.2420511,0.7473504,0.192,0.0,0.15173729,19.440254,19.460255,3139200
hardzero_plus_depr__c0p52__z1p05__lam0p020__nu0p50__psi1p00,hardzero_plus_depr,0.05,39,981,0.0,2,0.18577921,0.18577921,0.98037744,0.104621895,0.104621895,1.0,1.849743e-11,1.7680266e-10,-26.810059,2.1568735,0.71895784,0.136,0.0,0.14045398,19.460255,19.480255,3142400
hardzero_plus_depr__c0p52__z1p05__lam0p020__nu0p50__psi1p00,hardzero_plus_depr,0.05,39,982,0.0,2,0.18577921,0.18577921,0.9943557,0.10130812,0.10130812,1.0,1.7556866e-11,1.7330165e-10,-26.77665,2.1876261,0.7292087,0.16000001,0.008,0.1388091,19.480255,19.500256,3145600
hardzero_plus_depr__c0p52__z1p05__lam0p020__nu0p50__psi1p00,hardzero_plus_depr,0.05,39,983,0.0,2,0.18577921,0.18577921,1.0213752,0.095197335,0.095197335,1.0,1.6171169e-11,1.6986998e-10,-26.147991,2.2470703,0.74902344,0.14400001,0.0,0.15042529,19.500256,19.520256,3148800
hardzero_plus_depr__c0p52__z1p05__lam0p020__nu0p50__psi1p00,hardzero_plus_depr,0.05,39,984,0.0,2,0.18577921,0.18577921,1.046598,0.089826,0.089826,1.0,1.4956592e-11,1.6650625e-10,-27.582611,2.3025615,0.76752055,0.15200001,0.008,0.14759198,19.520256,19.540257,3152000
hardzero_plus_depr__c0p52__z1p05__lam0p020__nu0p50__psi1p00,hardzero_plus_depr,0.05,39,985,0.0,2,0.18577921,0.18577921,1.0879405,0.0,0.081669435,0.0,0.0,1.6320914e-10,-27.983477,2.3935168,0.7978389,0.104,0.0,0.19108826,19.540257,19.560257,3155200
hardzero_plus_depr__c0p52__z1p05__lam0p020__nu0p50__psi1p00,hardzero_plus_depr,0.05,39,986,0.0,2,0.18577921,0.18577921,1.0857408,0.0,0.08208412,0.0,0.0,1.599773e-10,-28.078743,2.3886774,0.7962258,0.112,0.0,0.1528588,19.560257,19.580257,3158400
hardzero_plus_depr__c0p52__z1p05__lam0p020__nu0p50__psi1p00,hardzero_plus_depr,0.05,39,987,0.0,2,0.18577921,0.18577921,0.95589256,0.110689744,0.110689744,1.0,1.73572e-11,1.5680947e-10,-26.143768,2.1030056,0.7010019,0.2,0.0,0.13479617,19.580257,19.600258,3161600
hardzero_plus_depr__c0p52__z1p05__lam0p020__nu0p50__psi1p00,hardzero_plus_depr,0.05,39,988,0.0,2,0.18577921,0.18577921,0.99276316,0.10168031,0.10168031,1.0,1.5628707e-11,1.5370435e-10,-26.455708,2.1841226,0.7280409,0.17999999,0.0,0.16433193,19.600258,19.620258,3164800
hardzero_plus_depr__c0p52__z1p05__lam0p020__nu0p50__psi1p00,hardzero_plus_depr,0.05,39,989,0.0,2,0.18577921,0.18577921,1.0636182,0.0,0.086373754,0.0,0.0,1.5066075e-10,-26.95069,2.3400068,0.7800023,0.120000005,0.0,0.14303958,19.620258,19.640259,3168000
hardzero_plus_depr__c0p52__z1p05__lam0p020__nu0p50__psi1p00,hardzero_plus_depr,0.05,39,990,0.0,2,0.18577921,0.18577921,0.98203206,0.10422405,0.10422405,1.0,1.5391537e-11,1.476774e-10,-26.447048,2.1605136,0.7201712,0.16800001,0.0,0.11494591,19.640259,19.66026,3171200
hardzero_plus_depr__c0p52__z1p05__lam0p020__nu0p50__psi1p00,hardzero_plus_depr,0.05,39,991,0.0,2,0.18577921,0.18577921,0.99830836,0.10039026,0.10039026,1.0,1.4531803e-11,1.4475311e-10,-26.485552,2.1963222,0.7321074,0.16800001,0.0,0.13945065,19.66026,19.68026,3174400
hardzero_plus_depr__c0p52__z1p05__lam0p020__nu0p50__psi1p00,hardzero_plus_depr,0.05,39,992,0.0,2,0.18577921,0.18577921,0.9884303,0.102699816,0.102699816,1.0,1.4571743e-11,1.4188675e-10,-27.022848,2.17459,0.7248634,0.128,0.0,0.13816823,19.68026,19.70026,3177600
hardzero_plus_depr__c0p52__z1p05__lam0p020__nu0p50__psi1p00,hardzero_plus_depr,0.05,39,993,0.0,2,0.18577921,0.18577921,1.0157604,0.09643608,0.09643608,1.0,1.34120545e-11,1.3907714e-10,-26.3432,2.2347176,0.7449059,0.16000001,0.0,0.11885047,19.70026,19.72026,3180800
hardzero_plus_depr__c0p52__z1p05__lam0p020__nu0p50__psi1p00,hardzero_plus_depr,0.05,39,994,0.0,2,0.18577921,0.18577921,0.9772351,0.10538164,0.10538164,1.0,1.4365958e-11,1.3632316e-10,-26.415905,2.14996,0.71665335,0.16000001,0.0,0.122061044,19.72026,19.740261,3184000
hardzero_plus_depr__c0p52__z1p05__lam0p020__nu0p50__psi1p00,hardzero_plus_depr,0.05,39,995,0.0,2,0.18577921,0.18577921,1.0590763,0.0,0.08728179,0.0,0.0,1.3362372e-10,-28.282522,2.3300145,0.7766715,0.16000001,0.0,0.1611863,19.740261,19.760262,3187200
hardzero_plus_depr__c0p52__z1p05__lam0p020__nu0p50__psi1p00,hardzero_plus_depr,0.05,39,996,0.0,2,0.18577921,0.18577921,1.0083317,0.09809985,0.09809985,1.0,1.28488956e-11,1.3097773e-10,-27.148224,2.218374,0.739458,0.18400002,0.0,0.15930581,19.760262,19.780262,3190400
hardzero_plus_depr__c0p52__z1p05__lam0p020__nu0p50__psi1p00,hardzero_plus_depr,0.05,39,997,0.0,2,0.18577921,0.18577921,1.0425962,0.09065751,0.09065751,1.0,1.1638986e-11,1.2838414e-10,-27.936224,2.2937574,0.76458585,0.096,0.0,0.1568041,19.780262,19.800262,3193600
hardzero_plus_depr__c0p52__z1p05__lam0p020__nu0p50__psi1p00,hardzero_plus_depr,0.05,39,998,0.0,2,0.18577921,0.18577921,1.0119898,0.09727699,0.09727699,1.0,1.2241524e-11,1.2584192e-10,-26.830578,2.226422,0.7421407,0.14400001,0.0,0.12850358,19.800262,19.820263,3196800
hardzero_plus_depr__c0p52__z1p05__lam0p020__nu0p50__psi1p00,hardzero_plus_depr,0.05,39,999,0.0,2,0.18577921,0.18577921,1.0499299,0.089139484,0.089139484,1.0,1.09953565e-11,1.2335001e-10,-28.119513,2.3098917,0.7699639,0.136,0.0,0.14601727,19.820263,19.840263,3200000
hardzero_plus_depr__c0p52__z1p05__lam0p020__nu0p50__psi1p00,hardzero_plus_depr,0.05,39,1000,0.0,2,0.18577921,0.18577921,1.0622065,0.0,0.086654976,0.0,0.0,1.2090746e-10,-28.63183,2.336901,0.778967,0.14400001,0.0,0.18335506,19.840263,19.860264,3203200
hardzero_plus_depr__c0p52__z1p05__lam0p020__nu0p50__psi1p00,hardzero_plus_depr,0.05,39,1001,0.0,2,0.18577921,0.18577921,0.9908771,0.10212285,0.10212285,1.0,1.2102914e-11,1.1851328e-10,-26.177626,2.1799731,0.72665775,0.17,0.0,0.1369175,19.860264,19.880264,3206400
hardzero_plus_depr__c0p52__z1p05__lam0p020__nu0p50__psi1p00,hardzero_plus_depr,0.05,39,1002,0.0,2,0.18577921,0.18577921,1.0187485,0.09577486,0.09577486,1.0,1.112583e-11,1.161665e-10,-27.010855,2.2412915,0.7470972,0.216,0.0,0.1471438,19.880264,19.900265,3209600
hardzero_plus_depr__c0p52__z1p05__lam0p020__nu0p50__psi1p00,hardzero_plus_depr,0.05,39,1003,0.0,2,0.18577921,0.18577921,1.0338031,0.092511736,0.092511736,1.0,1.0533961e-11,1.1386621e-10,-27.365036,2.2744122,0.7581374,0.18400002,0.0,0.16771965,19.900265,19.920265,3212800
hardzero_plus_depr__c0p52__z1p05__lam0p020__nu0p50__psi1p00,hardzero_plus_depr,0.05,39,1004,0.0,2,0.18577921,0.18577921,1.0143684,0.09674569,0.09674569,1.0,1.0797928e-11,1.11611456e-10,-26.41933,2.2316551,0.74388504,0.128,0.0,0.13215917,19.920265,19.940266,3216000
hardzero_plus_depr__c0p52__z1p05__lam0p020__nu0p50__psi1p00,hardzero_plus_depr,0.05,39,1005,0.0,2,0.18577921,0.18577921,0.9902454,0.10227148,0.10227148,1.0,1.1188638e-11,1.0940134e-10,-27.590405,2.1785834,0.7261945,0.18400002,0.0,0.16138001,19.940266,19.960266,3219200
hardzero_plus_depr__c0p52__z1p05__lam0p020__nu0p50__psi1p00,hardzero_plus_depr,0.05,39,1006,0.0,2,0.18577921,0.18577921,1.0428792,0.09059846,0.09059846,1.0,9.715327e-12,1.0723501e-10,-27.276604,2.2943802,0.7647934,0.17600001,0.0,0.14365001,19.960266,19.980267,3222400
hardzero_plus_depr__c0p52__z1p05__lam0p020__nu0p50__psi1p00,hardzero_plus_depr,0.05,39,1007,0.0,2,0.18577921,0.18577921,1.0420047,0.09078106,0.09078106,1.0,9.542139e-12,1.0511155e-10,-26.984253,2.2924562,0.76415205,0.128,0.0,0.15041675,19.980267,20.000267,3225600
hardzero_plus_depr__c0p52__z1p05__lam0p020__nu0p50__psi1p00,hardzero_plus_depr,0.05,39,1008,0.0,2,0.18577921,0.18577921,1.0282302,0.09370651,0.09370651,1.0,9.654597e-12,1.0303016e-10,-27.342224,2.2621515,0.7540505,0.16000001,0.0,0.16574985,20.000267,20.020267,3228800
hardzero_plus_depr__c0p52__z1p05__lam0p020__nu0p50__psi1p00,hardzero_plus_depr,0.05,39,1009,0.0,2,0.18577921,0.18577921,1.0610535,0.0,0.08688533,0.0,0.0,1.0098999e-10,-28.025736,2.3343644,0.7781215,0.128,0.0,0.16005985,20.020267,20.040268,3232000
hardzero_plus_depr__c0p52__z1p05__lam0p020__nu0p50__psi1p00,hardzero_plus_depr,0.05,39,1010,0.0,2,0.18577921,0.18577921,0.98046786,0.104600094,0.104600094,1.0,1.0354385e-11,9.8990205e-11,-27.001675,2.1570723,0.7190241,0.17600001,0.0,0.12124099,20.040268,20.060268,3235200
hardzero_plus_depr__c0p52__z1p05__lam0p020__nu0p50__psi1p00,hardzero_plus_depr,0.05,39,1011,0.0,2,0.18577921,0.18577921,0.9575565,0.110266484,0.110266484,1.0,1.069916e-11,9.703003e-11,-25.658415,2.1066663,0.7022221,0.208,0.008,0.14005646,20.060268,20.080269,3238400
hardzero_plus_depr__c0p52__z1p05__lam0p020__nu0p50__psi1p00,hardzero_plus_depr,0.05,39,1012,0.0,2,0.18577921,0.18577921,1.0262704,0.09413033,0.09413033,1.0,8.9526095e-12,9.510866e-11,-26.894907,2.25784,0.7526133,0.120000005,0.0,0.15172462,20.080269,20.10027,3241600
hardzero_plus_depr__c0p52__z1p05__lam0p020__nu0p50__psi1p00,hardzero_plus_depr,0.05,39,1013,0.0,2,0.18577921,0.18577921,1.0326462,0.09275853,0.09275853,1.0,8.647445e-12,9.322534e-11,-27.282467,2.271867,0.75728905,0.14400001,0.0,0.17100953,20.10027,20.12027,3244800
hardzero_plus_depr__c0p52__z1p05__lam0p020__nu0p50__psi1p00,hardzero_plus_depr,0.05,39,1014,0.0,2,0.18577921,0.18577921,1.092285,0.0,0.0808565,0.0,0.0,9.137931e-11,-28.121864,2.403075,0.80102503,0.099999994,0.0,0.17494231,20.12027,20.14027,3248000
hardzero_plus_depr__c0p52__z1p05__lam0p020__nu0p50__psi1p00,hardzero_plus_depr,0.05,39,1015,0.0,2,0.18577921,0.18577921,1.0299832,0.093329035,0.093329035,1.0,8.359467e-12,8.956984e-11,-27.386864,2.2660081,0.75533605,0.128,0.0,0.14142919,20.14027,20.16027,3251200
hardzero_plus_depr__c0p52__z1p05__lam0p020__nu0p50__psi1p00,hardzero_plus_depr,0.05,39,1016,0.0,2,0.18577921,0.18577921,0.99847955,0.10035071,0.10035071,1.0,8.810411e-12,8.77962e-11,-27.145264,2.196699,0.732233,0.18400002,0.0,0.13451396,20.16027,20.180271,3254400
hardzero_plus_depr__c0p52__z1p05__lam0p020__nu0p50__psi1p00,hardzero_plus_depr,0.05,39,1017,0.0,2,0.18577921,0.18577921,1.0090003,0.097948916,0.097948916,1.0,8.4292556e-12,8.6057675e-11,-26.536594,2.219845,0.7399484,0.136,0.0,0.118433215,20.180271,20.200272,3257600
hardzero_plus_depr__c0p52__z1p05__lam0p020__nu0p50__psi1p00,hardzero_plus_depr,0.05,39,1018,0.0,2,0.18577921,0.18577921,1.0146062,0.09669272,0.09669272,1.0,8.156377e-12,8.435358e-11,-27.198782,2.2321782,0.74405944,0.128,0.0,0.1393542,20.200272,20.220272,3260800
hardzero_plus_depr__c0p52__z1p05__lam0p020__nu0p50__psi1p00,hardzero_plus_depr,0.05,39,1019,0.0,2,0.18577921,0.18577921,1.006012,0.09862523,0.09862523,1.0,8.154652e-12,8.268323e-11,-26.676943,2.2132704,0.73775685,0.15200001,0.0,0.1283017,20.220272,20.240273,3264000
hardzero_plus_depr__c0p52__z1p05__lam0p020__nu0p50__psi1p00,hardzero_plus_depr,0.05,39,1020,0.0,2,0.18577921,0.18577921,1.1030167,0.0,0.07888297,0.0,0.0,8.1045955e-11,-28.739565,2.4266853,0.8088951,0.064,0.0,0.15108031,20.240273,20.260273,3267200
hardzero_plus_depr__c0p52__z1p05__lam0p020__nu0p50__psi1p00,hardzero_plus_depr,0.05,39,1021,0.0,2,0.18577921,0.18577921,1.0087072,0.09801505,0.09801505,1.0,7.786423e-12,7.94411e-11,-27.083105,2.2192001,0.7397334,0.16000001,0.0,0.1376284,20.260273,20.280273,3270400
hardzero_plus_depr__c0p52__z1p05__lam0p020__nu0p50__psi1p00,hardzero_plus_depr,0.05,39,1022,0.0,2,0.18577921,0.18577921,1.0020535,0.09952828,0.09952828,1.0,7.7500706e-12,7.7868025e-11,-26.57181,2.2045617,0.7348539,0.15200001,0.0,0.1435602,20.280273,20.300274,3273600
hardzero_plus_depr__c0p52__z1p05__lam0p020__nu0p50__psi1p00,hardzero_plus_depr,0.05,39,1023,0.0,2,0.18577921,0.18577921,1.0303135,0.09325808,0.09325808,1.0,7.1180262e-12,7.6326105e-11,-27.146265,2.2667348,0.7555783,0.136,0.0,0.12942599,20.300274,20.320274,3276800
hardzero_plus_depr__c0p52__z1p05__lam0p020__nu0p50__psi1p00,hardzero_plus_depr,0.05,39,1024,0.0,2,0.18577921,0.18577921,1.0331889,0.09264267,0.09264267,1.0,6.9310347e-12,7.481471e-11,-27.336174,2.273061,0.75768703,0.2,0.0,0.1631055,20.320274,20.340275,3280000
hardzero_plus_depr__c0p52__z1p05__lam0p020__nu0p50__psi1p00,hardzero_plus_depr,0.05,39,1025,0.0,2,0.18577921,0.18577921,1.0487136,0.08938948,0.08938948,1.0,6.5552203e-12,7.333324e-11,-28.089424,2.307216,0.769072,0.18400002,0.0,0.14946878,20.340275,20.360275,3283200
hardzero_plus_depr__c0p52__z1p05__lam0p020__nu0p50__psi1p00,hardzero_plus_depr,0.05,39,1026,0.0,2,0.18577921,0.18577921,1.1026818,0.0,0.07894383,0.0,0.0,7.188111e-11,-28.149961,2.4259484,0.8086495,0.08800001,0.0,0.17606406,20.360275,20.380276,3286400
hardzero_plus_depr__c0p52__z1p05__lam0p020__nu0p50__psi1p00,hardzero_plus_depr,0.05,39,1027,0.0,2,0.18577921,0.18577921,1.0559018,0.0,0.08792213,0.0,0.0,7.0457744e-11,-28.346725,2.3230302,0.77434343,0.19999999,0.0,0.15009756,20.380276,20.400276,3289600
hardzero_plus_depr__c0p52__z1p05__lam0p020__nu0p50__psi1p00,hardzero_plus_depr,0.05,39,1028,0.0,2,0.18577921,0.18577921,1.0101978,0.097679235,0.097679235,1.0,6.7459775e-12,6.9062554e-11,-26.152584,2.2224793,0.7408265,0.17600001,0.0,0.13791814,20.400276,20.420277,3292800
hardzero_plus_depr__c0p52__z1p05__lam0p020__nu0p50__psi1p00,hardzero_plus_depr,0.05,39,1029,0.0,2,0.18577921,0.18577921,0.95578355,0.11071754,0.11071754,1.0,7.495023e-12,6.769499e-11,-26.044361,2.1027658,0.70092195,0.24000001,0.0,0.15026353,20.420277,20.440277,3296000
hardzero_plus_depr__c0p52__z1p05__lam0p020__nu0p50__psi1p00,hardzero_plus_depr,0.05,39,1030,0.0,2,0.18577921,0.18577921,1.0233899,0.09475672,0.09475672,1.0,6.287536e-12,6.635451e-11,-27.666376,2.2515028,0.7505009,0.136,0.0,0.1581528,20.440277,20.460278,3299200
hardzero_plus_depr__c0p52__z1p05__lam0p020__nu0p50__psi1p00,hardzero_plus_depr,0.05,39,1031,0.0,2,0.18577921,0.18577921,1.04231,0.09071727,0.09071727,1.0,5.9003037e-12,6.504058e-11,-27.566088,2.2931278,0.7643759,0.112,0.0,0.12667853,20.460278,20.480278,3302400
hardzero_plus_depr__c0p52__z1p05__lam0p020__nu0p50__psi1p00,hardzero_plus_depr,0.05,39,1032,0.0,2,0.18577921,0.18577921,1.0770868,0.0,0.083736196,0.0,0.0,6.3752656e-11,-28.020428,2.3696382,0.78987944,0.192,0.0,0.15492573,20.480278,20.500278,3305600
hardzero_plus_depr__c0p52__z1p05__lam0p020__nu0p50__psi1p00,hardzero_plus_depr,0.05,39,1033,0.0,2,0.18577921,0.18577921,1.0103465,0.097645774,0.097645774,1.0,6.101908e-12,6.249024e-11,-26.189278,2.2228067,0.74093556,0.23200001,0.0,0.13801964,20.500278,20.520279,3308800
hardzero_plus_depr__c0p52__z1p05__lam0p020__nu0p50__psi1p00,hardzero_plus_depr,0.05,39,1034,0.0,2,0.18577921,0.18577921,1.0268071,0.09401408,0.09401408,1.0,5.7586275e-12,6.125282e-11,-27.604742,2.2590206,0.7530069,0.216,0.0,0.14233367,20.520279,20.54028,3312000
hardzero_plus_depr__c0p52__z1p05__lam0p020__nu0p50__psi1p00,hardzero_plus_depr,0.05,39,1035,0.0,2,0.18577921,0.18577921,1.03478,0.09230387,0.09230387,1.0,5.5419163e-12,6.003991e-11,-27.026312,2.2765615,0.75885385,0.112,0.0,0.15129991,20.54028,20.56028,3315200
hardzero_plus_depr__c0p52__z1p05__lam0p020__nu0p50__psi1p00,hardzero_plus_depr,0.05,39,1036,0.0,2,0.18577921,0.18577921,1.0649934,0.0,0.08610069,0.0,0.0,5.8851014e-11,-27.730282,2.3430321,0.78101075,0.14400001,0.0,0.15295441,20.56028,20.58028,3318400
hardzero_plus_depr__c0p52__z1p05__lam0p020__nu0p50__psi1p00,hardzero_plus_depr,0.05,39,1037,0.0,2,0.18577921,0.18577921,1.0545781,0.0,0.088190526,0.0,0.0,5.768566e-11,-27.154594,2.3201182,0.77337277,0.14400001,0.0,0.15915422,20.58028,20.60028,3321600
hardzero_plus_depr__c0p52__z1p05__lam0p020__nu0p50__psi1p00,hardzero_plus_depr,0.05,39,1038,0.0,2,0.18577921,0.18577921,1.0441837,0.09032673,0.09032673,1.0,5.1073785e-12,5.654338e-11,-26.935656,2.29725,0.76575005,0.096,0.0,0.13756363,20.60028,20.620281,3324800
hardzero_plus_depr__c0p52__z1p05__lam0p020__nu0p50__psi1p00,hardzero_plus_depr,0.05,39,1039,0.0,2,0.18577921,0.18577921,1.0141726,0.096789315,0.096789315,1.0,5.364424e-12,5.542372e-11,-26.520864,2.2312243,0.74374145,0.16800001,0.0,0.1480723,20.620281,20.640282,3328000
hardzero_plus_depr__c0p52__z1p05__lam0p020__nu0p50__psi1p00,hardzero_plus_depr,0.05,39,1040,0.0,2,0.18577921,0.18577921,1.0883999,0.0,0.08158308,0.0,0.0,5.4326228e-11,-28.543032,2.3945274,0.7981758,0.14999999,0.0,0.1395692,20.640282,20.660282,3331200
hardzero_plus_depr__c0p52__z1p05__lam0p020__nu0p50__psi1p00,hardzero_plus_depr,0.05,39,1041,0.0,2,0.18577921,0.18577921,1.0423092,0.09071745,0.09071745,1.0,4.8307473e-12,5.3250477e-11,-27.376192,2.2931259,0.7643753,0.128,0.0,0.1556784,20.660282,20.680283,3334400
hardzero_plus_depr__c0p52__z1p05__lam0p020__nu0p50__psi1p00,hardzero_plus_depr,0.05,39,1042,0.0,2,0.18577921,0.18577921,0.97660226,0.10553528,0.10553528,1.0,5.508522e-12,5.2196022e-11,-26.7646,2.148568,0.7161893,0.16000001,0.0,0.1300319,20.680283,20.700283,3337600
hardzero_plus_depr__c0p52__z1p05__lam0p020__nu0p50__psi1p00,hardzero_plus_depr,0.05,39,1043,0.0,2,0.18577921,0.18577921,1.0152572,0.09654789,0.09654789,1.0,4.939626e-12,5.1162446e-11,-26.58829,2.2336106,0.7445369,0.136,0.0,0.13755144,20.700283,20.720284,3340800
hardzero_plus_depr__c0p52__z1p05__lam0p020__nu0p50__psi1p00,hardzero_plus_depr,0.05,39,1044,0.0,2,0.18577921,0.18577921,1.0979142,0.0,0.07981523,0.0,0.0,5.014934e-11,-28.338474,2.4154596,0.80515325,0.128,0.0,0.15785556,20.720284,20.740284,3344000
hardzero_plus_depr__c0p52__z1p05__lam0p020__nu0p50__psi1p00,hardzero_plus_depr,0.05,39,1045,0.0,2,0.18577921,0.18577921,0.9668858,0.10792303,0.10792303,1.0,5.3050958e-12,4.915629e-11,-26.009607,2.1271913,0.70906377,0.17600001,0.0,0.1324011,20.740284,20.760284,3347200
hardzero_plus_depr__c0p52__z1p05__lam0p020__nu0p50__psi1p00,hardzero_plus_depr,0.05,39,1046,0.0,2,0.18577921,0.18577921,1.0305597,0.09320524,0.09320524,1.0,4.4909003e-12,4.8182913e-11,-27.456232,2.2672765,0.7557589,0.17600001,0.0,0.13192473,20.760284,20.780285,3350400
hardzero_plus_depr__c0p52__z1p05__lam0p020__nu0p50__psi1p00,hardzero_plus_depr,0.05,39,1047,0.0,2,0.18577921,0.18577921,1.0859234,0.0,0.08204962,0.0,0.0,4.7228804e-11,-28.084402,2.3890793,0.7963598,0.112,0.0,0.16513143,20.780285,20.800285,3353600
hardzero_plus_depr__c0p52__z1p05__lam0p020__nu0p50__psi1p00,hardzero_plus_depr,0.05,39,1048,0.0,2,0.18577921,0.18577921,1.0508494,0.0,0.08895094,0.0,0.0,4.629359e-11,-27.975174,2.311915,0.77063835,0.16800001,0.0,0.16477717,20.800285,20.820286,3356800
hardzero_plus_depr__c0p52__z1p05__lam0p020__nu0p50__psi1p00,hardzero_plus_depr,0.05,39,1049,0.0,2,0.18577921,0.18577921,1.0114025,0.09740865,0.09740865,1.0,4.420102e-12,4.5376893e-11,-26.875683,2.2251298,0.74170995,0.128,0.0,0.15867491,20.820286,20.840286,3360000
hardzero_plus_depr__c0p52__z1p05__lam0p020__nu0p50__psi1p00,hardzero_plus_depr,0.05,39,1050,0.0,2,0.18577921,0.18577921,1.033521,0.09257184,0.09257184,1.0,4.1174425e-12,4.4478348e-11,-27.050957,2.2737918,0.75793064,0.072000004,0.0,0.14733218,20.840286,20.860287,3363200
hardzero_plus_depr__c0p52__z1p05__lam0p020__nu0p50__psi1p00,hardzero_plus_depr,0.05,39,1051,0.0,2,0.18577921,0.18577921,1.0092646,0.097889334,0.097889334,1.0,4.2677402e-12,4.35976e-11,-27.602083,2.2204263,0.7401421,0.120000005,0.0,0.1634152,20.860287,20.880287,3366400
hardzero_plus_depr__c0p52__z1p05__lam0p020__nu0p50__psi1p00,hardzero_plus_depr,0.05,39,1052,0.0,2,0.18577921,0.18577921,1.072298,0.0,0.084664606,0.0,0.0,4.2734292e-11,-28.26828,2.3591027,0.7863676,0.120000005,0.0,0.16262868,20.880287,20.900288,3369600
hardzero_plus_depr__c0p52__z1p05__lam0p020__nu0p50__psi1p00,hardzero_plus_depr,0.05,39,1053,0.0,2,0.18577921,0.18577921,1.0645537,0.0,0.08618789,0.0,0.0,4.1888076e-11,-27.565884,2.342065,0.7806884,0.14,0.0,0.14643694,20.900288,20.920288,3372800
hardzero_plus_depr__c0p52__z1p05__lam0p020__nu0p50__psi1p00,hardzero_plus_depr,0.05,39,1054,0.0,2,0.18577921,0.18577921,1.077216,0.0,0.08371128,0.0,0.0,4.105862e-11,-28.200497,2.3699226,0.7899742,0.08800001,0.0,0.12960285,20.920288,20.940289,3376000
hardzero_plus_depr__c0p52__z1p05__lam0p020__nu0p50__psi1p00,hardzero_plus_depr,0.05,39,1055,0.0,2,0.18577921,0.18577921,1.0482229,0.08949054,0.08949054,1.0,3.601599e-12,4.0245585e-11,-27.418856,2.3061364,0.76871216,0.16000001,0.0,0.15963273,20.940289,20.960289,3379200
hardzero_plus_depr__c0p52__z1p05__lam0p020__nu0p50__psi1p00,hardzero_plus_depr,0.05,39,1056,0.0,2,0.18577921,0.18577921,1.0001793,0.09995871,0.09995871,1.0,3.9432364e-12,3.9448653e-11,-26.784708,2.2004385,0.7334795,0.2,0.0,0.15599285,20.960289,20.98029,3382400
hardzero_plus_depr__c0p52__z1p05__lam0p020__nu0p50__psi1p00,hardzero_plus_depr,0.05,39,1057,0.0,2,0.18577921,0.18577921,0.9738198,0.10621362,0.10621362,1.0,4.1070146e-12,3.8667496e-11,-26.369886,2.1424463,0.71414876,0.16800001,0.0,0.14538555,20.98029,21.00029,3385600
hardzero_plus_depr__c0p52__z1p05__lam0p020__nu0p50__psi1p00,hardzero_plus_depr,0.05,39,1058,0.0,2,0.18577921,0.18577921,0.97994244,0.10472673,0.10472673,1.0,3.9693335e-12,3.7901817e-11,-26.793531,2.1559165,0.71863884,0.17600001,0.0,0.11098419,21.00029,21.02029,3388800
hardzero_plus_depr__c0p52__z1p05__lam0p020__nu0p50__psi1p00,hardzero_plus_depr,0.05,39,1059,0.0,2,0.18577921,0.18577921,1.0178018,0.09598386,0.09598386,1.0,3.5659242e-12,3.715129e-11,-27.31124,2.2392085,0.74640286,0.120000005,0.0,0.11343243,21.02029,21.04029,3392000
hardzero_plus_depr__c0p52__z1p05__lam0p020__nu0p50__psi1p00,hardzero_plus_depr,0.05,39,1060,0.0,2,0.18577921,0.18577921,0.994603,0.10125046,0.10125046,1.0,3.6870992e-12,3.6415627e-11,-26.360086,2.1881702,0.7293901,0.208,0.0,0.14723808,21.04029,21.060291,3395200
hardzero_plus_depr__c0p52__z1p05__lam0p020__nu0p50__psi1p00,hardzero_plus_depr,0.05,39,1061,0.0,2,0.18577921,0.18577921,1.0266892,0.09403961,0.09403961,1.0,3.3567001e-12,3.5694534e-11,-27.751743,2.2587612,0.7529204,0.192,0.0,0.13815217,21.060291,21.080292,3398400
hardzero_plus_depr__c0p52__z1p05__lam0p020__nu0p50__psi1p00,hardzero_plus_depr,0.05,39,1062,0.0,2,0.18577921,0.18577921,1.0230365,0.09483388,0.09483388,1.0,3.318021e-12,3.4987718e-11,-27.866385,2.2507253,0.75024176,0.16800001,0.0,0.15930237,21.080292,21.100292,3401600
hardzero_plus_depr__c0p52__z1p05__lam0p020__nu0p50__psi1p00,hardzero_plus_depr,0.05,39,1063,0.0,2,0.18577921,0.18577921,1.0199498,0.0955103,0.0955103,1.0,3.2755161e-12,3.42949e-11,-28.038681,2.2439344,0.74797815,0.18400002,0.0,0.13696899,21.100292,21.120293,3404800
hardzero_plus_depr__c0p52__z1p05__lam0p020__nu0p50__psi1p00,hardzero_plus_depr,0.05,39,1064,0.0,2,0.18577921,0.18577921,0.99696696,0.10070081,0.10070081,1.0,3.3851385e-12,3.36158e-11,-25.754856,2.193371,0.7311237,0.15200001,0.0,0.12302386,21.120293,21.140293,3408000
hardzero_plus_depr__c0p52__z1p05__lam0p020__nu0p50__psi1p00,hardzero_plus_depr,0.05,39,1065,0.0,2,0.18577921,0.18577921,1.043543,0.090460084,0.090460084,1.0,2.980673e-12,3.2950146e-11,-27.570316,2.2958405,0.7652802,0.16000001,0.0,0.12931143,21.140293,21.160294,3411200
hardzero_plus_depr__c0p52__z1p05__lam0p020__nu0p50__psi1p00,hardzero_plus_depr,0.05,39,1066,0.0,2,0.18577921,0.18577921,1.0075419,0.098278396,0.098278396,1.0,3.1741636e-12,3.2297675e-11,-27.272274,2.2166364,0.73887885,0.16,0.0,0.14814211,21.160294,21.180294,3414400
hardzero_plus_depr__c0p52__z1p05__lam0p020__nu0p50__psi1p00,hardzero_plus_depr,0.05,39,1067,0.0,2,0.18577921,0.18577921,0.97539485,0.105829105,0.105829105,1.0,3.350351e-12,3.1658124e-11,-25.987877,2.1459115,0.71530384,0.17600001,0.0,0.12916835,21.180294,21.200294,3417600
hardzero_plus_depr__c0p52__z1p05__lam0p020__nu0p50__psi1p00,hardzero_plus_depr,0.05,39,1068,0.0,2,0.18577921,0.18577921,1.0396987,0.09126437,0.09126437,1.0,2.8320462e-12,3.1031237e-11,-27.244404,2.2873828,0.76246095,0.15200001,0.0,0.15605927,21.200294,21.220295,3420800
hardzero_plus_depr__c0p52__z1p05__lam0p020__nu0p50__psi1p00,hardzero_plus_depr,0.05,39,1069,0.0,2,0.18577921,0.18577921,0.9908474,0.10212981,0.10212981,1.0,3.1064582e-12,3.0416763e-11,-26.734392,2.1799078,0.72663593,0.18400002,0.008,0.14585476,21.220295,21.240295,3424000
hardzero_plus_depr__c0p52__z1p05__lam0p020__nu0p50__psi1p00,hardzero_plus_depr,0.05,39,1070,0.0,2,0.18577921,0.18577921,1.0974203,0.0,0.079906054,0.0,0.0,2.9814456e-11,-28.629206,2.414373,0.804791,0.112,0.0,0.17744674,21.240295,21.260296,3427200
hardzero_plus_depr__c0p52__z1p05__lam0p020__nu0p50__psi1p00,hardzero_plus_depr,0.05,39,1071,0.0,2,0.18577921,0.18577921,1.0269412,0.09398505,0.09398505,1.0,2.7466265e-12,2.9224078e-11,-26.922606,2.2593157,0.7531053,0.17600001,0.0,0.14613745,21.260296,21.280296,3430400
hardzero_plus_depr__c0p52__z1p05__lam0p020__nu0p50__psi1p00,hardzero_plus_depr,0.05,39,1072,0.0,2,0.18577921,0.18577921,1.0454221,0.090069525,0.090069525,1.0,2.5800766e-12,2.864539e-11,-27.777514,2.2999744,0.7666582,0.2,0.0,0.13277104,21.280296,21.300297,3433600
hardzero_plus_depr__c0p52__z1p05__lam0p020__nu0p50__psi1p00,hardzero_plus_depr,0.05,39,1073,0.0,2,0.18577921,0.18577921,1.008033,0.09816732,0.09816732,1.0,2.7563576e-12,2.807816e-11,-26.453554,2.217717,0.739239,0.136,0.0,0.13236429,21.300297,21.320297,3436800
hardzero_plus_depr__c0p52__z1p05__lam0p020__nu0p50__psi1p00,hardzero_plus_depr,0.05,39,1074,0.0,2,0.18577921,0.18577921,1.0396018,0.09128474,0.09128474,1.0,2.5123534e-12,2.7522163e-11,-28.009619,2.2871697,0.7623899,0.128,0.0,0.15685382,21.320297,21.340298,3440000
hardzero_plus_depr__c0p52__z1p05__lam0p020__nu0p50__psi1p00,hardzero_plus_depr,0.05,39,1075,0.0,2,0.18577921,0.18577921,1.0489228,0.089346424,0.089346424,1.0,2.4103141e-12,2.6977176e-11,-27.396885,2.307676,0.76922536,0.136,0.0,0.14828591,21.340298,21.360298,3443200
hardzero_plus_depr__c0p52__z1p05__lam0p020__nu0p50__psi1p00,hardzero_plus_depr,0.05,39,1076,0.0,2,0.18577921,0.18577921,1.0361978,0.09200305,0.09200305,1.0,2.4328345e-12,2.6442978e-11,-27.616436,2.2796807,0.7598936,0.17600001,0.0,0.16766597,21.360298,21.380299,3446400
hardzero_plus_depr__c0p52__z1p05__lam0p020__nu0p50__psi1p00,hardzero_plus_depr,0.05,39,1077,0.0,2,0.18577921,0.18577921,0.9915574,0.10196298,0.10196298,1.0,2.6428154e-12,2.5919362e-11,-26.29755,2.18147,0.72715664,0.16000001,0.0,0.15994002,21.380299,21.4003,3449600
hardzero_plus_depr__c0p52__z1p05__lam0p020__nu0p50__psi1p00,hardzero_plus_depr,0.05,39,1078,0.0,2,0.18577921,0.18577921,1.0297476,0.09337968,0.09337968,1.0,2.3724145e-12,2.5406111e-11,-27.532104,2.26549,0.7551634,0.18400002,0.0,0.13502744,21.4003,21.4203,3452800
hardzero_plus_depr__c0p52__z1p05__lam0p020__nu0p50__psi1p00,hardzero_plus_depr,0.05,39,1079,0.0,2,0.18577921,0.18577921,1.0119376,0.097288705,0.097288705,1.0,2.4227833e-12,2.4903028e-11,-27.6707,2.2263072,0.7421024,0.22,0.0,0.1458134,21.4203,21.4403,3456000
hardzero_plus_depr__c0p52__z1p05__lam0p020__nu0p50__psi1p00,hardzero_plus_depr,0.05,39,1080,0.0,2,0.18577921,0.18577921,1.0550342,0.0,0.088097945,0.0,0.0,2.4409903e-11,-28.297493,2.3211215,0.77370715,0.136,0.0,0.13577929,21.4403,21.4603,3459200
hardzero_plus_depr__c0p52__z1p05__lam0p020__nu0p50__psi1p00,hardzero_plus_depr,0.05,39,1081,0.0,2,0.18577921,0.18577921,1.0594727,0.0,0.08720216,0.0,0.0,2.3926545e-11,-27.985914,2.3308864,0.77696216,0.128,0.0,0.17185037,21.4603,21.4803,3462400
hardzero_plus_depr__c0p52__z1p05__lam0p020__nu0p50__psi1p00,hardzero_plus_depr,0.05,39,1082,0.0,2,0.18577921,0.18577921,1.0050367,0.09884696,0.09884696,1.0,2.3182337e-12,2.3452757e-11,-26.842329,2.211125,0.73704165,0.136,0.0,0.14336358,21.4803,21.500301,3465600
hardzero_plus_depr__c0p52__z1p05__lam0p020__nu0p50__psi1p00,hardzero_plus_depr,0.05,39,1083,0.0,2,0.18577921,0.18577921,0.98138094,0.10438042,0.10438042,1.0,2.3995335e-12,2.2988349e-11,-26.2054,2.1590812,0.7196938,0.16800001,0.0,0.14756612,21.500301,21.520302,3468800
hardzero_plus_depr__c0p52__z1p05__lam0p020__nu0p50__psi1p00,hardzero_plus_depr,0.05,39,1084,0.0,2,0.18577921,0.18577921,1.0286082,0.09362498,0.09362498,1.0,2.1096647e-12,2.2533139e-11,-27.49786,2.2629833,0.7543278,0.15200001,0.0,0.15346931,21.520302,21.540302,3472000
hardzero_plus_depr__c0p52__z1p05__lam0p020__nu0p50__psi1p00,hardzero_plus_depr,0.05,39,1085,0.0,2,0.18577921,0.18577921,0.986937,0.103053555,0.103053555,1.0,2.2761378e-12,2.2086942e-11,-27.179432,2.1713047,0.72376823,0.16800001,0.0,0.15122934,21.540302,21.560303,3475200
hardzero_plus_depr__c0p52__z1p05__lam0p020__nu0p50__psi1p00,hardzero_plus_depr,0.05,39,1086,0.0,2,0.18577921,0.18577921,1.0416408,0.09085717,0.09085717,1.0,1.9670196e-12,2.1649581e-11,-27.495102,2.2916555,0.7638852,0.136,0.0,0.16162457,21.560303,21.580303,3478400
hardzero_plus_depr__c0p52__z1p05__lam0p020__nu0p50__psi1p00,hardzero_plus_depr,0.05,39,1087,0.0,2,0.18577921,0.18577921,1.0935396,0.0,0.08062328,0.0,0.0,2.1220881e-11,-28.417229,2.4058352,0.8019451,0.120000005,0.0,0.15544444,21.580303,21.600304,3481600
hardzero_plus_depr__c0p52__z1p05__lam0p020__nu0p50__psi1p00,hardzero_plus_depr,0.05,39,1088,0.0,2,0.18577921,0.18577921,1.0018961,0.09956435,0.09956435,1.0,2.0710055e-12,2.0800672e-11,-25.990002,2.2042155,0.7347385,0.136,0.0,0.12714358,21.600304,21.620304,3484800
hardzero_plus_depr__c0p52__z1p05__lam0p020__nu0p50__psi1p00,hardzero_plus_depr,0.05,39,1089,0.0,2,0.18577921,0.18577921,1.0172936,0.09609624,0.09609624,1.0,1.959285e-12,2.038878e-11,-27.687012,2.2380905,0.7460302,0.15200001,0.0,0.12821698,21.620304,21.640305,3488000
hardzero_plus_depr__c0p52__z1p05__lam0p020__nu0p50__psi1p00,hardzero_plus_depr,0.05,39,1090,0.0,2,0.18577921,0.18577921,1.0219073,0.09508077,0.09508077,1.0,1.9001935e-12,1.9985047e-11,-26.470453,2.248241,0.74941367,0.120000005,0.0,0.13968763,21.640305,21.660305,3491200
hardzero_plus_depr__c0p52__z1p05__lam0p020__nu0p50__psi1p00,hardzero_plus_depr,0.05,39,1091,0.0,2,0.18577921,0.18577921,0.99581766,0.10096767,0.10096767,1.0,1.9778866e-12,1.9589308e-11,-26.785744,2.1908426,0.7302809,0.128,0.0,0.15425906,21.660305,21.680305,3494400
hardzero_plus_depr__c0p52__z1p05__lam0p020__nu0p50__psi1p00,hardzero_plus_depr,0.05,39,1092,0.0,2,0.18577921,0.18577921,0.99780995,0.10050555,0.10050555,1.0,1.9298476e-12,1.9201403e-11,-26.251068,2.1952257,0.7317419,0.16,0.0,0.13778782,21.680305,21.700306,3497600
hardzero_plus_depr__c0p52__z1p05__lam0p020__nu0p50__psi1p00,hardzero_plus_depr,0.05,39,1093,0.0,2,0.18577921,0.18577921,1.0231762,0.09480337,0.09480337,1.0,1.7843115e-12,1.8821182e-11,-27.405354,2.2510326,0.7503442,0.16800001,0.008,0.14891502,21.700306,21.720306,3500800
hardzero_plus_depr__c0p52__z1p05__lam0p020__nu0p50__psi1p00,hardzero_plus_depr,0.05,39,1094,0.0,2,0.18577921,0.18577921,1.0717932,0.0,0.08476309,0.0,0.0,1.844849e-11,-27.668228,2.3579922,0.7859974,0.16800001,0.0,0.16433889,21.720306,21.740307,3504000
hardzero_plus_depr__c0p52__z1p05__lam0p020__nu0p50__psi1p00,hardzero_plus_depr,0.05,39,1095,0.0,2,0.18577921,0.18577921,1.085417,0.0,0.08214533,0.0,0.0,1.8083176e-11,-27.861483,2.3879652,0.79598844,0.112,0.0,0.21064833,21.740307,21.760307,3507200
hardzero_plus_depr__c0p52__z1p05__lam0p020__nu0p50__psi1p00,hardzero_plus_depr,0.05,39,1096,0.0,2,0.18577921,0.18577921,1.0084292,0.09807782,0.09807782,1.0,1.7384389e-12,1.7725097e-11,-27.363764,2.2185886,0.73952955,0.192,0.0,0.14276467,21.760307,21.780308,3510400
hardzero_plus_depr__c0p52__z1p05__lam0p020__nu0p50__psi1p00,hardzero_plus_depr,0.05,39,1097,0.0,2,0.18577921,0.18577921,1.0099788,0.097728506,0.097728506,1.0,1.6979456e-12,1.7374107e-11,-26.486313,2.2219977,0.7406659,0.120000005,0.0,0.11860136,21.780308,21.800308,3513600
hardzero_plus_depr__c0p52__z1p05__lam0p020__nu0p50__psi1p00,hardzero_plus_depr,0.05,39,1098,0.0,2,0.18577921,0.18577921,1.0063587,0.09854651,0.09854651,1.0,1.678254e-12,1.703007e-11,-26.979502,2.2140334,0.7380111,0.2,0.0,0.14053325,21.800308,21.820309,3516800
hardzero_plus_depr__c0p52__z1p05__lam0p020__nu0p50__psi1p00,hardzero_plus_depr,0.05,39,1099,0.0,2,0.18577921,0.18577921,0.97694343,0.10545241,0.10545241,1.0,1.7603009e-12,1.6692847e-11,-26.12759,2.1493185,0.7164395,0.15200001,0.0,0.12682481,21.820309,21.84031,3520000
hardzero_plus_depr__c0p52__z1p05__lam0p020__nu0p50__psi1p00,hardzero_plus_depr,0.05,39,1100,0.0,2,0.18577921,0.18577921,1.0541775,0.0,0.088271886,0.0,0.0,1.6362297e-11,-27.617325,2.3192368,0.7730789,0.112,0.0,0.16024043,21.84031,21.86031,3523200
hardzero_plus_depr__c0p52__z1p05__lam0p020__nu0p50__psi1p00,hardzero_plus_depr,0.05,39,1101,0.0,2,0.18577921,0.18577921,0.9906466,0.10217706,0.10217706,1.0,1.6387458e-12,1.6038294e-11,-26.908955,2.179466,0.7264887,0.14400001,0.0,0.14761208,21.86031,21.88031,3526400
hardzero_plus_depr__c0p52__z1p05__lam0p020__nu0p50__psi1p00,hardzero_plus_depr,0.05,39,1102,0.0,2,0.18577921,0.18577921,1.0754524,0.0,0.08405191,0.0,0.0,1.5720708e-11,-27.628376,2.3660426,0.7886809,0.136,0.0,0.14447168,21.88031,21.90031,3529600
hardzero_plus_depr__c0p52__z1p05__lam0p020__nu0p50__psi1p00,hardzero_plus_depr,0.05,39,1103,0.0,2,0.18577921,0.18577921,1.0177015,0.09600601,0.09600601,1.0,1.4793958e-12,1.5409408e-11,-26.544903,2.238988,0.7463293,0.14400001,0.0,0.13074426,21.90031,21.920311,3532800
hardzero_plus_depr__c0p52__z1p05__lam0p020__nu0p50__psi1p00,hardzero_plus_depr,0.05,39,1104,0.0,2,0.18577921,0.18577921,1.005174,0.09881569,0.09881569,1.0,1.4925395e-12,1.5104277e-11,-26.938206,2.211427,0.7371423,0.16000001,0.0,0.13093638,21.920311,21.940311,3536000
hardzero_plus_depr__c0p52__z1p05__lam0p020__nu0p50__psi1p00,hardzero_plus_depr,0.05,39,1105,0.0,2,0.18577921,0.18577921,1.1006333,0.0,0.079317085,0.0,0.0,1.4805183e-11,-28.763054,2.4214416,0.8071472,0.12,0.0,0.19747481,21.940311,21.960312,3539200
hardzero_plus_depr__c0p52__z1p05__lam0p020__nu0p50__psi1p00,hardzero_plus_depr,0.05,39,1106,0.0,2,0.18577921,0.18577921,1.0154567,0.09650354,0.09650354,1.0,1.4004609e-12,1.4512016e-11,-26.033922,2.2340493,0.74468315,0.16800001,0.0,0.13298154,21.960312,21.980312,3542400
hardzero_plus_depr__c0p52__z1p05__lam0p020__nu0p50__psi1p00,hardzero_plus_depr,0.05,39,1107,0.0,2,0.18577921,0.18577921,1.0583977,0.0,0.0874183,0.0,0.0,1.4224652e-11,-28.44656,2.3285213,0.7761738,0.16000001,0.0,0.1747402,21.980312,22.000313,3545600
hardzero_plus_depr__c0p52__z1p05__lam0p020__nu0p50__psi1p00,hardzero_plus_depr,0.05,39,1108,0.0,2,0.18577921,0.18577921,1.0371655,0.09179826,0.09179826,1.0,1.2799411e-12,1.3942978e-11,-27.345146,2.2818098,0.7606033,0.096,0.0,0.1704658,22.000313,22.020313,3548800
hardzero_plus_depr__c0p52__z1p05__lam0p020__nu0p50__psi1p00,hardzero_plus_depr,0.05,39,1109,0.0,2,0.18577921,0.18577921,1.026174,0.09415124,0.09415124,1.0,1.286754e-12,1.3666883e-11,-27.922293,2.2576277,0.7525426,0.18400002,0.0,0.13274026,22.020313,22.040314,3552000
hardzero_plus_depr__c0p52__z1p05__lam0p020__nu0p50__psi1p00,hardzero_plus_depr,0.05,39,1110,0.0,2,0.18577921,0.18577921,0.98973304,0.10239222,0.10239222,1.0,1.3716723e-12,1.33962555e-11,-26.000181,2.1774561,0.72581875,0.16000001,0.0,0.12636425,22.040314,22.060314,3555200
hardzero_plus_depr__c0p52__z1p05__lam0p020__nu0p50__psi1p00,hardzero_plus_depr,0.05,39,1111,0.0,2,0.18577921,0.18577921,1.031584,0.09298567,0.09298567,1.0,1.2209934e-12,1.3130985e-11,-27.415043,2.26953,0.75651,0.16000001,0.0,0.14373392,22.060314,22.080315,3558400
hardzero_plus_depr__c0p52__z1p05__lam0p020__nu0p50__psi1p00,hardzero_plus_depr,0.05,39,1112,0.0,2,0.18577921,0.18577921,0.9903363,0.1022501,0.1022501,1.0,1.3160577e-12,1.2870968e-11,-26.44905,2.1787834,0.72626114,0.216,0.0,0.14396322,22.080315,22.100315,3561600
hardzero_plus_depr__c0p52__z1p05__lam0p020__nu0p50__psi1p00,hardzero_plus_depr,0.05,39,1113,0.0,2,0.18577921,0.18577921,1.0444686,0.09026748,0.09026748,1.0,1.1388235e-12,1.26161e-11,-27.507011,2.2978768,0.76595896,0.192,0.0,0.16272485,22.100315,22.120316,3564800
hardzero_plus_depr__c0p52__z1p05__lam0p020__nu0p50__psi1p00,hardzero_plus_depr,0.05,39,1114,0.0,2,0.18577921,0.18577921,1.011882,0.097301155,0.097301155,1.0,1.2032532e-12,1.2366279e-11,-27.00391,2.2261846,0.74206156,0.16800001,0.0,0.16068423,22.120316,22.140316,3568000
hardzero_plus_depr__c0p52__z1p05__lam0p020__nu0p50__psi1p00,hardzero_plus_depr,0.05,39,1115,0.0,2,0.18577921,0.18577921,1.0290897,0.09352124,0.09352124,1.0,1.1336087e-12,1.2121404e-11,-27.565365,2.2640426,0.7546809,0.14400001,0.0,0.146865,22.140316,22.160316,3571200
hardzero_plus_depr__c0p52__z1p05__lam0p020__nu0p50__psi1p00,hardzero_plus_depr,0.05,39,1116,0.0,2,0.18577921,0.18577921,0.9951613,0.10112038,0.10112038,1.0,1.2014496e-12,1.18813796e-11,-26.263208,2.1893985,0.7297995,0.128,0.0,0.14467146,22.160316,22.180317,3574400
hardzero_plus_depr__c0p52__z1p05__lam0p020__nu0p50__psi1p00,hardzero_plus_depr,0.05,39,1117,0.0,2,0.18577921,0.18577921,0.9644153,0.108538724,0.108538724,1.0,1.2640535e-12,1.1646107e-11,-24.954277,2.121756,0.707252,0.16800001,0.0,0.11156886,22.180317,22.200317,3577600
hardzero_plus_depr__c0p52__z1p05__lam0p020__nu0p50__psi1p00,hardzero_plus_depr,0.05,39,1118,0.0,2,0.18577921,0.18577921,0.99604625,0.10091453,0.10091453,1.0,1.1519892e-12,1.14154936e-11,-26.887146,2.1913455,0.7304485,0.22,0.0,0.122413665,22.200317,22.220318,3580800
hardzero_plus_depr__c0p52__z1p05__lam0p020__nu0p50__psi1p00,hardzero_plus_depr,0.05,39,1119,0.0,2,0.18577921,0.18577921,1.0327531,0.092735685,0.092735685,1.0,1.037661e-12,1.1189446e-11,-26.4956,2.272102,0.7573674,0.14400001,0.0,0.11619029,22.220318,22.240318,3584000
hardzero_plus_depr__c0p52__z1p05__lam0p020__nu0p50__psi1p00,hardzero_plus_depr,0.05,39,1120,0.0,2,0.18577921,0.18577921,1.0346682,0.09232764,0.09232764,1.0,1.012638e-12,1.0967875e-11,-27.43614,2.2763155,0.75877184,0.192,0.0,0.14658387,22.240318,22.260319,3587200
hardzero_plus_depr__c0p52__z1p05__lam0p020__nu0p50__psi1p00,hardzero_plus_depr,0.05,39,1121,0.0,2,0.18577921,0.18577921,1.0349147,0.09227527,0.09227527,1.0,9.92023e-13,1.0750692e-11,-26.96334,2.2768579,0.7589526,0.16000001,0.0,0.18629447,22.260319,22.28032,3590400
hardzero_plus_depr__c0p52__z1p05__lam0p020__nu0p50__psi1p00,hardzero_plus_depr,0.05,39,1122,0.0,2,0.18577921,0.18577921,1.024578,0.09449786,0.09449786,1.0,9.958004e-13,1.0537809e-11,-27.276487,2.2541165,0.7513722,0.18400002,0.0,0.15475579,22.28032,22.30032,3593600
hardzero_plus_depr__c0p52__z1p05__lam0p020__nu0p50__psi1p00,hardzero_plus_depr,0.05,39,1123,0.0,2,0.18577921,0.18577921,0.9683978,0.10754796,0.10754796,1.0,1.1108782e-12,1.0329142e-11,-25.597212,2.1305177,0.7101726,0.15200001,0.0,0.110543445,22.30032,22.32032,3596800
hardzero_plus_depr__c0p52__z1p05__lam0p020__nu0p50__psi1p00,hardzero_plus_depr,0.05,39,1124,0.0,2,0.18577921,0.18577921,1.0488137,0.08936888,0.08936888,1.0,9.0482477e-13,1.0124607e-11,-27.896255,2.3074362,0.7691454,0.136,0.0,0.14947985,22.32032,22.34032,3600000
hardzero_plus_depr__c0p52__z1p05__lam0p020__nu0p50__psi1p00,hardzero_plus_depr,0.05,39,1125,0.0,2,0.18577921,0.18577921,0.94791126,0.11274279,0.11274279,1.0,1.118873e-12,9.9241206e-12,-26.73964,2.0854464,0.6951488,0.23200001,0.008,0.15473287,22.34032,22.360321,3603200
hardzero_plus_depr__c0p52__z1p05__lam0p020__nu0p50__psi1p00,hardzero_plus_depr,0.05,39,1126,0.0,2,0.18577921,0.18577921,1.0660983,0.0,0.08588189,0.0,0.0,9.727607e-12,-27.977074,2.345463,0.781821,0.136,0.0,0.1617415,22.360321,22.380322,3606400
hardzero_plus_depr__c0p52__z1p05__lam0p020__nu0p50__psi1p00,hardzero_plus_depr,0.05,39,1127,0.0,2,0.18577921,0.18577921,0.999911,0.100020476,0.100020476,1.0,9.536935e-13,9.534982e-12,-27.485727,2.1998482,0.73328274,0.16000001,0.0,0.13495614,22.380322,22.400322,3609600
hardzero_plus_depr__c0p52__z1p05__lam0p020__nu0p50__psi1p00,hardzero_plus_depr,0.05,39,1128,0.0,2,0.18577921,0.18577921,1.0159347,0.09639739,0.09639739,1.0,9.0094674e-13,9.346173e-12,-27.422558,2.235101,0.7450337,0.2,0.0,0.15773243,22.400322,22.420322,3612800
hardzero_plus_depr__c0p52__z1p05__lam0p020__nu0p50__psi1p00,hardzero_plus_depr,0.05,39,1129,0.0,2,0.18577921,0.18577921,1.0488222,0.08936714,0.08936714,1.0,8.187014e-13,9.1611016e-12,-27.44569,2.3074548,0.7691516,0.136,0.0,0.15719195,22.420322,22.440323,3616000
hardzero_plus_depr__c0p52__z1p05__lam0p020__nu0p50__psi1p00,hardzero_plus_depr,0.05,39,1130,0.0,2,0.18577921,0.18577921,1.0187329,0.09577829,0.09577829,1.0,8.6005985e-13,8.9796955e-12,-27.129234,2.2412572,0.74708575,0.14400001,0.0,0.14208128,22.440323,22.460323,3619200
hardzero_plus_depr__c0p52__z1p05__lam0p020__nu0p50__psi1p00,hardzero_plus_depr,0.05,39,1131,0.0,2,0.18577921,0.18577921,0.9553063,0.11083927,0.11083927,1.0,9.755942e-13,8.801882e-12,-25.146408,2.1017158,0.70057195,0.25,0.0,0.1241671,22.460323,22.480324,3622400
hardzero_plus_depr__c0p52__z1p05__lam0p020__nu0p50__psi1p00,hardzero_plus_depr,0.05,39,1132,0.0,2,0.18577921,0.18577921,1.0251229,0.09437938,0.09437938,1.0,8.142664e-13,8.627588e-12,-27.534027,2.2553153,0.7517718,0.136,0.0,0.1862727,22.480324,22.500324,3625600
hardzero_plus_depr__c0p52__z1p05__lam0p020__nu0p50__psi1p00,hardzero_plus_depr,0.05,39,1133,0.0,2,0.18577921,0.18577921,0.9906312,0.10218067,0.10218067,1.0,8.641162e-13,8.456748e-12,-26.582993,2.1794322,0.7264774,0.136,0.0,0.12702212,22.500324,22.520325,3628800
hardzero_plus_depr__c0p52__z1p05__lam0p020__nu0p50__psi1p00,hardzero_plus_depr,0.05,39,1134,0.0,2,0.18577921,0.18577921,0.9822979,0.10416026,0.10416026,1.0,8.6341443e-13,8.2892885e-12,-25.65112,2.1610985,0.7203662,0.16000001,0.0,0.14798246,22.520325,22.540325,3632000
hardzero_plus_depr__c0p52__z1p05__lam0p020__nu0p50__psi1p00,hardzero_plus_depr,0.05,39,1135,0.0,2,0.18577921,0.18577921,1.0284154,0.09366655,0.09366655,1.0,7.6105436e-13,8.1251455e-12,-27.367508,2.2625592,0.7541864,0.136,0.0,0.16713399,22.540325,22.560326,3635200
hardzero_plus_depr__c0p52__z1p05__lam0p020__nu0p50__psi1p00,hardzero_plus_depr,0.05,39,1136,0.0,2,0.18577921,0.18577921,0.99158585,0.10195632,0.10195632,1.0,8.12006e-13,7.964253e-12,-26.769394,2.1815324,0.7271775,0.15200001,0.0,0.13267596,22.560326,22.580326,3638400
hardzero_plus_depr__c0p52__z1p05__lam0p020__nu0p50__psi1p00,hardzero_plus_depr,0.05,39,1137,0.0,2,0.18577921,0.18577921,0.9706066,0.10700237,0.10700237,1.0,8.3531906e-13,7.806547e-12,-25.424166,2.1353772,0.7117924,0.18400002,0.0,0.12376238,22.580326,22.600327,3641600
hardzero_plus_depr__c0p52__z1p05__lam0p020__nu0p50__psi1p00,hardzero_plus_depr,0.05,39,1138,0.0,2,0.18577921,0.18577921,0.9545477,0.11103307,0.11103307,1.0,8.4962105e-13,7.651964e-12,-25.719057,2.1000469,0.70001566,0.192,0.0,0.12811685,22.600327,22.620327,3644800
hardzero_plus_depr__c0p52__z1p05__lam0p020__nu0p50__psi1p00,hardzero_plus_depr,0.05,39,1139,0.0,2,0.18577921,0.18577921,0.99565434,0.10100564,0.10100564,1.0,7.575869e-13,7.500441e-12,-25.6378,2.1904833,0.73016113,0.192,0.0,0.14522621,22.620327,22.640327,3648000
hardzero_plus_depr__c0p52__z1p05__lam0p020__nu0p50__psi1p00,hardzero_plus_depr,0.05,39,1140,0.0,2,0.18577921,0.18577921,0.99836123,0.10037806,0.10037806,1.0,7.379714e-13,7.351919e-12,-26.607231,2.1964386,0.7321462,0.128,0.0,0.13856061,22.640327,22.660328,3651200
hardzero_plus_depr__c0p52__z1p05__lam0p020__nu0p50__psi1p00,hardzero_plus_depr,0.05,39,1141,0.0,2,0.18577921,0.18577921,1.0532234,0.0,0.08846603,0.0,0.0,7.2063375e-12,-27.715088,2.3171377,0.7723793,0.136,0.0,0.17081037,22.660328,22.680328,3654400
hardzero_plus_depr__c0p52__z1p05__lam0p020__nu0p50__psi1p00,hardzero_plus_depr,0.05,39,1142,0.0,2,0.18577921,0.18577921,0.9521881,0.111637965,0.111637965,1.0,7.885704e-13,7.06364e-12,-25.241081,2.0948555,0.6982852,0.16000001,0.0,0.11517511,22.680328,22.700329,3657600
hardzero_plus_depr__c0p52__z1p05__lam0p020__nu0p50__psi1p00,hardzero_plus_depr,0.05,39,1143,0.0,2,0.18577921,0.18577921,1.0065619,0.09850043,0.09850043,1.0,6.8199407e-13,6.923767e-12,-26.414963,2.2144804,0.73816013,0.16000001,0.0,0.14921768,22.700329,22.72033,3660800
hardzero_plus_depr__c0p52__z1p05__lam0p020__nu0p50__psi1p00,hardzero_plus_depr,0.05,39,1144,0.0,2,0.18577921,0.18577921,1.0838625,0.0,0.0824399,0.0,0.0,6.7866645e-12,-28.505678,2.3845453,0.79484844,0.099999994,0.0,0.14770873,22.72033,22.74033,3664000
hardzero_plus_depr__c0p52__z1p05__lam0p020__nu0p50__psi1p00,hardzero_plus_depr,0.05,39,1145,0.0,2,0.18577921,0.18577921,1.0200883,0.09547983,0.09547983,1.0,6.3515816e-13,6.652276e-12,-26.636528,2.244239,0.7480797,0.15200001,0.0,0.12847492,22.74033,22.76033,3667200
hardzero_plus_depr__c0p52__z1p05__lam0p020__nu0p50__psi1p00,hardzero_plus_depr,0.05,39,1146,0.0,2,0.18577921,0.18577921,0.9787666,0.105010666,0.105010666,1.0,6.8472723e-13,6.5205493e-12,-26.546549,2.1533296,0.71777654,0.16800001,0.0,0.14193735,22.76033,22.78033,3670400
hardzero_plus_depr__c0p52__z1p05__lam0p020__nu0p50__psi1p00,hardzero_plus_depr,0.05,39,1147,0.0,2,0.18577921,0.18577921,1.0169268,0.096177444,0.096177444,1.0,6.147115e-13,6.3914312e-12,-26.548641,2.2372835,0.74576116,0.104,0.0,0.12177039,22.78033,22.800331,3673600
hardzero_plus_depr__c0p52__z1p05__lam0p020__nu0p50__psi1p00,hardzero_plus_depr,0.05,39,1148,0.0,2,0.18577921,0.18577921,1.0314887,0.09300609,0.09300609,1.0,5.82671e-13,6.2648693e-12,-26.685783,2.2693202,0.7564401,0.15200001,0.0,0.13037793,22.800331,22.820332,3676800
hardzero_plus_depr__c0p52__z1p05__lam0p020__nu0p50__psi1p00,hardzero_plus_depr,0.05,39,1149,0.0,2,0.18577921,0.18577921,1.0383136,0.09155591,0.09155591,1.0,5.6222784e-13,6.1408144e-12,-27.777712,2.2843356,0.7614452,0.16800001,0.0,0.13959344,22.820332,22.840332,3680000
hardzero_plus_depr__c0p52__z1p05__lam0p020__nu0p50__psi1p00,hardzero_plus_depr,0.05,39,1150,0.0,2,0.18577921,0.18577921,1.0561361,0.0,0.0878747,0.0,0.0,6.019214e-12,-27.726578,2.323546,0.77451533,0.192,0.0,0.1529081,22.840332,22.860332,3683200
hardzero_plus_depr__c0p52__z1p05__lam0p020__nu0p50__psi1p00,hardzero_plus_depr,0.05,39,1151,0.0,2,0.18577921,0.18577921,0.99445266,0.10128552,0.10128552,1.0,5.975869e-13,5.9000235e-12,-26.98443,2.1878395,0.7292799,0.192,0.0,0.1460154,22.860332,22.880333,3686400
hardzero_plus_depr__c0p52__z1p05__lam0p020__nu0p50__psi1p00,hardzero_plus_depr,0.05,39,1152,0.0,2,0.18577921,0.18577921,0.98794353,0.102814995,0.102814995,1.0,5.9459897e-13,5.783193e-12,-26.589485,2.1735191,0.7245064,0.14400001,0.0,0.12780093,22.880333,22.900333,3689600
hardzero_plus_depr__c0p52__z1p05__lam0p020__nu0p50__psi1p00,hardzero_plus_depr,0.05,39,1153,0.0,2,0.18577921,0.18577921,1.041502,0.0908862,0.0908862,1.0,5.152043e-13,5.668675e-12,-27.06544,2.2913501,0.7637834,0.120000005,0.008,0.17341213,22.900333,22.920334,3692800
hardzero_plus_depr__c0p52__z1p05__lam0p020__nu0p50__psi1p00,hardzero_plus_depr,0.05,39,1154,0.0,2,0.18577921,0.18577921,1.0470814,0.08972606,0.08972606,1.0,4.9855617e-13,5.5564255e-12,-27.563372,2.3036249,0.76787496,0.08800001,0.0,0.137879,22.920334,22.940334,3696000
hardzero_plus_depr__c0p52__z1p05__lam0p020__nu0p50__psi1p00,hardzero_plus_depr,0.05,39,1155,0.0,2,0.18577921,0.18577921,0.99640507,0.100831196,0.100831196,1.0,5.4916683e-13,5.446398e-12,-25.882702,2.1921349,0.73071164,0.16800001,0.0,0.13919663,22.940334,22.960335,3699200
hardzero_plus_depr__c0p52__z1p05__lam0p020__nu0p50__psi1p00,hardzero_plus_depr,0.05,39,1156,0.0,2,0.18577921,0.18577921,1.028061,0.093743026,0.093743026,1.0,5.0045184e-13,5.3385503e-12,-26.750044,2.2617793,0.75392646,0.104,0.0,0.14347267,22.960335,22.980335,3702400
hardzero_plus_depr__c0p52__z1p05__lam0p020__nu0p50__psi1p00,hardzero_plus_depr,0.05,39,1157,0.0,2,0.18577921,0.18577921,0.9725747,0.106518544,0.106518544,1.0,5.573942e-13,5.232837e-12,-25.717154,2.139707,0.71323574,0.13,0.0,0.16034853,22.980335,23.000336,3705600
hardzero_plus_depr__c0p52__z1p05__lam0p020__nu0p50__psi1p00,hardzero_plus_depr,0.05,39,1158,0.0,2,0.18577921,0.18577921,1.0301539,0.09329237,0.09329237,1.0,4.785169e-13,5.129218e-12,-27.41465,2.2663836,0.7554612,0.16800001,0.0,0.1392141,23.000336,23.020336,3708800
hardzero_plus_depr__c0p52__z1p05__lam0p020__nu0p50__psi1p00,hardzero_plus_depr,0.05,39,1159,0.0,2,0.18577921,0.18577921,1.0880705,0.0,0.08164498,0.0,0.0,5.02765e-12,-28.1847,2.393803,0.7979343,0.128,0.0,0.16019525,23.020336,23.040337,3712000
hardzero_plus_depr__c0p52__z1p05__lam0p020__nu0p50__psi1p00,hardzero_plus_depr,0.05,39,1160,0.0,2,0.18577921,0.18577921,0.991606,0.101951584,0.101951584,1.0,5.02427e-13,4.928094e-12,-25.602629,2.1815767,0.7271923,0.17600001,0.0,0.121447,23.040337,23.060337,3715200
hardzero_plus_depr__c0p52__z1p05__lam0p020__nu0p50__psi1p00,hardzero_plus_depr,0.05,39,1161,0.0,2,0.18577921,0.18577921,1.0085826,0.09804319,0.09804319,1.0,4.735985e-13,4.830509e-12,-26.544294,2.218926,0.739642,0.16800001,0.0,0.13654685,23.060337,23.080338,3718400
hardzero_plus_depr__c0p52__z1p05__lam0p020__nu0p50__psi1p00,hardzero_plus_depr,0.05,39,1162,0.0,2,0.18577921,0.18577921,1.0294183,0.093450494,0.093450494,1.0,4.4247464e-13,4.734856e-12,-27.158653,2.2647655,0.75492185,0.17600001,0.0,0.15936333,23.080338,23.100338,3721600
hardzero_plus_depr__c0p52__z1p05__lam0p020__nu0p50__psi1p00,hardzero_plus_depr,0.05,39,1163,0.0,2,0.18577921,0.18577921,1.0271698,0.093935594,0.093935594,1.0,4.3596428e-13,4.641098e-12,-26.77494,2.2598188,0.75327295,0.120000005,0.0,0.15916787,23.100338,23.120338,3724800
hardzero_plus_depr__c0p52__z1p05__lam0p020__nu0p50__psi1p00,hardzero_plus_depr,0.05,39,1164,0.0,2,0.18577921,0.18577921,0.9964511,0.10082052,0.10082052,1.0,4.5865227e-13,4.5491957e-12,-26.378197,2.1922362,0.73074543,0.104,0.0,0.13437797,23.120338,23.140339,3728000
hardzero_plus_depr__c0p52__z1p05__lam0p020__nu0p50__psi1p00,hardzero_plus_depr,0.05,39,1165,0.0,2,0.18577921,0.18577921,1.0280417,0.09374718,0.09374718,1.0,4.180293e-13,4.459113e-12,-27.045612,2.2617369,0.7539123,0.15200001,0.0,0.13703969,23.140339,23.16034,3731200
hardzero_plus_depr__c0p52__z1p05__lam0p020__nu0p50__psi1p00,hardzero_plus_depr,0.05,39,1166,0.0,2,0.18577921,0.18577921,1.0190204,0.09571491,0.09571491,1.0,4.183522e-13,4.3708153e-12,-27.381075,2.2418897,0.7472966,0.16800001,0.0,0.11587589,23.16034,23.18034,3734400
hardzero_plus_depr__c0p52__z1p05__lam0p020__nu0p50__psi1p00,hardzero_plus_depr,0.05,39,1167,0.0,2,0.18577921,0.18577921,0.9761598,0.105642855,0.105642855,1.0,4.52602e-13,4.2842652e-12,-25.892277,2.1475945,0.71586484,0.17600001,0.0,0.1251065,23.18034,23.20034,3737600
hardzero_plus_depr__c0p52__z1p05__lam0p020__nu0p50__psi1p00,hardzero_plus_depr,0.05,39,1168,0.0,2,0.18577921,0.18577921,1.0516562,0.0,0.08878584,0.0,0.0,4.1994294e-12,-27.809431,2.31369,0.77123,0.104,0.008,0.1427221,23.20034,23.22034,3740800
hardzero_plus_depr__c0p52__z1p05__lam0p020__nu0p50__psi1p00,hardzero_plus_depr,0.05,39,1169,0.0,2,0.18577921,0.18577921,1.0266224,0.09405407,0.09405407,1.0,3.8715222e-13,4.116273e-12,-26.632622,2.2586143,0.75287145,0.23200001,0.0,0.14966813,23.22034,23.240341,3744000
hardzero_plus_depr__c0p52__z1p05__lam0p020__nu0p50__psi1p00,hardzero_plus_depr,0.05,39,1170,0.0,2,0.18577921,0.18577921,1.0417817,0.090827696,0.090827696,1.0,3.6646828e-13,4.0347634e-12,-27.28773,2.2919655,0.7639885,0.14,0.0,0.14449108,23.240341,23.260342,3747200
hardzero_plus_depr__c0p52__z1p05__lam0p020__nu0p50__psi1p00,hardzero_plus_depr,0.05,39,1171,0.0,2,0.18577921,0.18577921,1.0530692,0.0,0.08849745,0.0,0.0,3.9548677e-12,-27.995878,2.3167984,0.77226615,0.16000001,0.0,0.15301122,23.260342,23.280342,3750400
hardzero_plus_depr__c0p52__z1p05__lam0p020__nu0p50__psi1p00,hardzero_plus_depr,0.05,39,1172,0.0,2,0.18577921,0.18577921,1.0911275,0.0,0.08107229,0.0,0.0,3.876555e-12,-27.44635,2.4005284,0.80017614,0.136,0.0,0.15211764,23.280342,23.300343,3753600
hardzero_plus_depr__c0p52__z1p05__lam0p020__nu0p50__psi1p00,hardzero_plus_depr,0.05,39,1173,0.0,2,0.18577921,0.18577921,1.071566,0.0,0.08480744,0.0,0.0,3.7997916e-12,-27.837904,2.3574922,0.78583074,0.104,0.0,0.1631528,23.300343,23.320343,3756800
hardzero_plus_depr__c0p52__z1p05__lam0p020__nu0p50__psi1p00,hardzero_plus_depr,0.05,39,1174,0.0,2,0.18577921,0.18577921,1.0284566,0.09365769,0.09365769,1.0,3.4883272e-13,3.7245497e-12,-26.870657,2.2626495,0.75421655,0.128,0.0,0.14830992,23.320343,23.340343,3760000
hardzero_plus_depr__c0p52__z1p05__lam0p020__nu0p50__psi1p00,hardzero_plus_depr,0.05,39,1175,0.0,2,0.18577921,0.18577921,1.034428,0.09237872,0.09237872,1.0,3.3725594e-13,3.6507967e-12,-26.856134,2.275787,0.7585957,0.16800001,0.0,0.13184674,23.340343,23.360344,3763200
hardzero_plus_depr__c0p52__z1p05__lam0p020__nu0p50__psi1p00,hardzero_plus_depr,0.05,39,1176,0.0,2,0.18577921,0.18577921,1.0849428,0.0,0.08223508,0.0,0.0,3.5785042e-12,-28.713066,2.386922,0.79564065,0.14400001,0.0,0.16602854,23.360344,23.380344,3766400
hardzero_plus_depr__c0p52__z1p05__lam0p020__nu0p50__psi1p00,hardzero_plus_depr,0.05,39,1177,0.0,2,0.18577921,0.18577921,1.0225899,0.09493143,0.09493143,1.0,3.3298562e-13,3.5076436e-12,-27.275711,2.2497427,0.7499143,0.112,0.0,0.14738306,23.380344,23.400345,3769600
hardzero_plus_depr__c0p52__z1p05__lam0p020__nu0p50__psi1p00,hardzero_plus_depr,0.05,39,1178,0.0,2,0.18577921,0.18577921,0.9804093,0.10461421,0.10461421,1.0,3.5968312e-13,3.438186e-12,-26.793001,2.1569436,0.7189812,0.23200001,0.0,0.15029415,23.400345,23.420345,3772800
hardzero_plus_depr__c0p52__z1p05__lam0p020__nu0p50__psi1p00,hardzero_plus_depr,0.05,39,1179,0.0,2,0.18577921,0.18577921,0.98398757,0.10375581,0.10375581,1.0,3.4966786e-13,3.370104e-12,-26.8469,2.164816,0.7216053,0.16000001,0.0,0.1381277,23.420345,23.440346,3776000
hardzero_plus_depr__c0p52__z1p05__lam0p020__nu0p50__psi1p00,hardzero_plus_depr,0.05,39,1180,0.0,2,0.18577921,0.18577921,0.99921715,0.10018043,0.10018043,1.0,3.30933e-13,3.3033697e-12,-26.523706,2.1983216,0.7327739,0.14400001,0.0,0.14872575,23.440346,23.460346,3779200
hardzero_plus_depr__c0p52__z1p05__lam0p020__nu0p50__psi1p00,hardzero_plus_depr,0.05,39,1181,0.0,2,0.18577921,0.18577921,0.9997608,0.10005509,0.10005509,1.0,3.239741e-13,3.2379572e-12,-26.943079,2.1995177,0.7331726,0.14400001,0.0,0.13687433,23.460346,23.480347,3782400
hardzero_plus_depr__c0p52__z1p05__lam0p020__nu0p50__psi1p00,hardzero_plus_depr,0.05,39,1182,0.0,2,0.18577921,0.18577921,1.0476652,0.08960551,0.08960551,1.0,2.8439355e-13,3.17384e-12,-28.361612,2.3049095,0.76830316,0.16800001,0.008,0.14296046,23.480347,23.500347,3785600
hardzero_plus_depr__c0p52__z1p05__lam0p020__nu0p50__psi1p00,hardzero_plus_depr,0.05,39,1183,0.0,2,0.18577921,0.18577921,1.0048821,0.09888215,0.09888215,1.0,3.076216e-13,3.1109921e-12,-26.522924,2.2107847,0.7369282,0.12,0.0,0.15235141,23.500347,23.520348,3788800
hardzero_plus_depr__c0p52__z1p05__lam0p020__nu0p50__psi1p00,hardzero_plus_depr,0.05,39,1184,0.0,2,0.18577921,0.18577921,1.071482,0.0,0.08482386,0.0,0.0,3.0493889e-12,-28.367546,2.3573074,0.78576916,0.096,0.0,0.14040183,23.520348,23.540348,3792000
hardzero_plus_depr__c0p52__z1p05__lam0p020__nu0p50__psi1p00,hardzero_plus_depr,0.05,39,1185,0.0,2,0.18577921,0.18577921,1.036368,0.09196699,0.09196699,1.0,2.7488984e-13,2.9890055e-12,-27.27116,2.2800553,0.76001847,0.120000005,0.0,0.121463574,23.540348,23.560349,3795200
hardzero_plus_depr__c0p52__z1p05__lam0p020__nu0p50__psi1p00,hardzero_plus_depr,0.05,39,1186,0.0,2,0.18577921,0.18577921,1.0332569,0.09262818,0.09262818,1.0,2.7138375e-13,2.9298183e-12,-26.994923,2.2732105,0.75773686,0.136,0.0,0.17526485,23.560349,23.580349,3798400
hardzero_plus_depr__c0p52__z1p05__lam0p020__nu0p50__psi1p00,hardzero_plus_depr,0.05,39,1187,0.0,2,0.18577921,0.18577921,1.0147796,0.09665414,0.09665414,1.0,2.7757159e-13,2.8718024e-12,-27.03317,2.2325597,0.7441866,0.14400001,0.0,0.12543531,23.580349,23.60035,3801600
hardzero_plus_depr__c0p52__z1p05__lam0p020__nu0p50__psi1p00,hardzero_plus_depr,0.05,39,1188,0.0,2,0.18577921,0.18577921,1.0160717,0.096366994,0.096366994,1.0,2.7126687e-13,2.8149356e-12,-26.672262,2.2354023,0.7451341,0.120000005,0.0,0.12713265,23.60035,23.62035,3804800
hardzero_plus_depr__c0p52__z1p05__lam0p020__nu0p50__psi1p00,hardzero_plus_depr,0.05,39,1189,0.0,2,0.18577921,0.18577921,1.035883,0.09206977,0.09206977,1.0,2.5403844e-13,2.759195e-12,-27.360823,2.278988,0.7596626,0.120000005,0.0,0.15166232,23.62035,23.64035,3808000
hardzero_plus_depr__c0p52__z1p05__lam0p020__nu0p50__psi1p00,hardzero_plus_depr,0.05,39,1190,0.0,2,0.18577921,0.18577921,1.0790268,0.0,0.08336296,0.0,0.0,2.704558e-12,-28.037989,2.3739064,0.79130214,0.120000005,0.0,0.16059065,23.64035,23.66035,3811200
hardzero_plus_depr__c0p52__z1p05__lam0p020__nu0p50__psi1p00,hardzero_plus_depr,0.05,39,1191,0.0,2,0.18577921,0.18577921,1.0223643,0.094980784,0.094980784,1.0,2.5179433e-13,2.651003e-12,-27.350147,2.2492464,0.7497488,0.14400001,0.0,0.1527133,23.66035,23.680351,3814400
hardzero_plus_depr__c0p52__z1p05__lam0p020__nu0p50__psi1p00,hardzero_plus_depr,0.05,39,1192,0.0,2,0.18577921,0.18577921,0.9980138,0.100458376,0.100458376,1.0,2.6104195e-13,2.5985086e-12,-26.551012,2.1956742,0.7318914,0.18400002,0.0,0.11727837,23.680351,23.700352,3817600
hardzero_plus_depr__c0p52__z1p05__lam0p020__nu0p50__psi1p00,hardzero_plus_depr,0.05,39,1193,0.0,2,0.18577921,0.18577921,0.9911015,0.10207007,0.10207007,1.0,2.5997794e-13,2.5470535e-12,-26.223402,2.180467,0.7268223,0.136,0.0,0.13344884,23.700352,23.720352,3820800
hardzero_plus_depr__c0p52__z1p05__lam0p020__nu0p50__psi1p00,hardzero_plus_depr,0.05,39,1194,0.0,2,0.18577921,0.18577921,1.0208997,0.09530164,0.09530164,1.0,2.3793172e-13,2.4966173e-12,-26.97781,2.2460241,0.74867475,0.16000001,0.0,0.14380793,23.720352,23.740353,3824000
hardzero_plus_depr__c0p52__z1p05__lam0p020__nu0p50__psi1p00,hardzero_plus_depr,0.05,39,1195,0.0,2,0.18577921,0.18577921,1.0509853,0.0,0.08892312,0.0,0.0,2.4471796e-12,-27.691639,2.312214,0.770738,0.14400001,0.008,0.15040188,23.740353,23.760353,3827200
hardzero_plus_depr__c0p52__z1p05__lam0p020__nu0p50__psi1p00,hardzero_plus_depr,0.05,39,1196,0.0,2,0.18577921,0.18577921,1.0069201,0.0984192,0.0984192,1.0,2.3608023e-13,2.3987212e-12,-26.787577,2.2152684,0.7384228,0.19999999,0.01,0.13821316,23.760353,23.780354,3830400
hardzero_plus_depr__c0p52__z1p05__lam0p020__nu0p50__psi1p00,hardzero_plus_depr,0.05,39,1197,0.0,2,0.18577921,0.18577921,1.0364699,0.09194542,0.09194542,1.0,2.1618411e-13,2.3512223e-12,-27.450779,2.2802794,0.76009315,0.17600001,0.0,0.15034476,23.780354,23.800354,3833600
hardzero_plus_depr__c0p52__z1p05__lam0p020__nu0p50__psi1p00,hardzero_plus_depr,0.05,39,1198,0.0,2,0.18577921,0.18577921,1.0183394,0.095865116,0.095865116,1.0,2.2093689e-13,2.304664e-12,-26.784557,2.2403915,0.7467972,0.15200001,0.0,0.1197208,23.800354,23.820354,3836800
hardzero_plus_depr__c0p52__z1p05__lam0p020__nu0p50__psi1p00,hardzero_plus_depr,0.05,39,1199,0.0,2,0.18577921,0.18577921,1.0276402,0.0938339,0.0938339,1.0,2.1197337e-13,2.2590276e-12,-26.798378,2.2608535,0.7536179,0.08800001,0.0,0.13453671,23.820354,23.840355,3840000
hardzero_plus_depr__c0p52__z1p05__lam0p020__nu0p50__psi1p00,hardzero_plus_depr,0.05,39,1200,0.0,2,0.18577921,0.18577921,1.0481209,0.08951156,0.08951156,1.0,1.9820498e-13,2.2142947e-12,-27.682316,2.305912,0.76863736,0.16000001,0.0,0.13751444,23.840355,23.860355,3843200
hardzero_plus_depr__c0p52__z1p05__lam0p020__nu0p50__psi1p00,hardzero_plus_depr,0.05,39,1201,0.0,2,0.18577921,0.18577921,0.9969124,0.10071347,0.10071347,1.0,2.185933e-13,2.1704476e-12,-27.105045,2.1932511,0.73108375,0.24000001,0.0,0.15240227,23.860355,23.880356,3846400
hardzero_plus_depr__c0p52__z1p05__lam0p020__nu0p50__psi1p00,hardzero_plus_depr,0.05,39,1202,0.0,2,0.18577921,0.18577921,0.9771938,0.10539166,0.10539166,1.0,2.2421748e-13,2.127469e-12,-26.033913,2.1498692,0.71662307,0.15200001,0.0,0.14232591,23.880356,23.900356,3849600
hardzero_plus_depr__c0p52__z1p05__lam0p020__nu0p50__psi1p00,hardzero_plus_depr,0.05,39,1203,0.0,2,0.18577921,0.18577921,0.9559356,0.11067879,0.11067879,1.0,2.3080306e-13,2.0853414e-12,-26.289192,2.1031003,0.7010335,0.224,0.0,0.15675098,23.900356,23.920357,3852800
hardzero_plus_depr__c0p52__z1p05__lam0p020__nu0p50__psi1p00,hardzero_plus_depr,0.05,39,1204,0.0,2,0.18577921,0.18577921,0.99834716,0.10038131,0.10038131,1.0,2.051842e-13,2.0440479e-12,-26.639286,2.1964076,0.7321359,0.14400001,0.0,0.111663036,23.920357,23.940357,3856000
hardzero_plus_depr__c0p52__z1p05__lam0p020__nu0p50__psi1p00,hardzero_plus_depr,0.05,39,1205,0.0,2,0.18577921,0.18577921,1.0261337,0.094159976,0.094159976,1.0,1.8865631e-13,2.0035722e-12,-27.92827,2.257539,0.75251305,0.16800001,0.0,0.1524124,23.940357,23.960358,3859200
hardzero_plus_depr__c0p52__z1p05__lam0p020__nu0p50__psi1p00,hardzero_plus_depr,0.05,39,1206,0.0,2,0.18577921,0.18577921,1.0697217,0.0,0.08516837,0.0,0.0,1.9638978e-12,-28.254755,2.3534348,0.7844783,0.128,0.0,0.20468202,23.960358,23.980358,3862400
hardzero_plus_depr__c0p52__z1p05__lam0p020__nu0p50__psi1p00,hardzero_plus_depr,0.05,39,1207,0.0,2,0.18577921,0.18577921,0.9722842,0.10658983,0.10658983,1.0,2.0518643e-13,1.9250094e-12,-25.747227,2.139068,0.71302265,0.224,0.0,0.12464188,23.980358,24.000359,3865600
hardzero_plus_depr__c0p52__z1p05__lam0p020__nu0p50__psi1p00,hardzero_plus_depr,0.05,39,1208,0.0,2,0.18577921,0.18577921,1.0079374,0.09818892,0.09818892,1.0,1.8527175e-13,1.8868906e-12,-27.055473,2.2175066,0.7391689,0.14400001,0.0,0.16576366,24.000359,24.020359,3868800
hardzero_plus_depr__c0p52__z1p05__lam0p020__nu0p50__psi1p00,hardzero_plus_depr,0.05,39,1209,0.0,2,0.18577921,0.18577921,0.96956235,0.10725996,0.10725996,1.0,1.9838014e-13,1.8495266e-12,-26.063412,2.1330798,0.7110266,0.19999999,0.0,0.122670494,24.020359,24.04036,3872000
hardzero_plus_depr__c0p52__z1p05__lam0p020__nu0p50__psi1p00,hardzero_plus_depr,0.05,39,1210,0.0,2,0.18577921,0.18577921,1.0242043,0.094579235,0.094579235,1.0,1.7146296e-13,1.8129028e-12,-26.819489,2.2532945,0.75109816,0.112,0.0,0.1410065,24.04036,24.06036,3875200
hardzero_plus_depr__c0p52__z1p05__lam0p020__nu0p50__psi1p00,hardzero_plus_depr,0.05,39,1211,0.0,2,0.18577921,0.18577921,1.0192289,0.095668964,0.095668964,1.0,1.7000415e-13,1.7770041e-12,-26.655823,2.2423484,0.7474495,0.16000001,0.0,0.14826284,24.06036,24.08036,3878400
hardzero_plus_depr__c0p52__z1p05__lam0p020__nu0p50__psi1p00,hardzero_plus_depr,0.05,39,1212,0.0,2,0.18577921,0.18577921,0.9814424,0.10436566,0.10436566,1.0,1.8178582e-13,1.7418164e-12,-27.178114,2.1592164,0.71973884,0.2,0.0,0.13681617,24.08036,24.10036,3881600
hardzero_plus_depr__c0p52__z1p05__lam0p020__nu0p50__psi1p00,hardzero_plus_depr,0.05,39,1213,0.0,2,0.18577921,0.18577921,0.9804635,0.104601145,0.104601145,1.0,1.7858818e-13,1.7073253e-12,-25.855536,2.1570628,0.71902096,0.16800001,0.0,0.13036951,24.10036,24.120361,3884800
hardzero_plus_depr__c0p52__z1p05__lam0p020__nu0p50__psi1p00,hardzero_plus_depr,0.05,39,1214,0.0,2,0.18577921,0.18577921,1.0522826,0.0,0.088657886,0.0,0.0,1.6735172e-12,-28.304283,2.3150678,0.7716893,0.14400001,0.0,0.15460151,24.120361,24.140362,3888000
hardzero_plus_depr__c0p52__z1p05__lam0p020__nu0p50__psi1p00,hardzero_plus_depr,0.05,39,1215,0.0,2,0.18577921,0.18577921,1.0099643,0.09773174,0.09773174,1.0,1.6031706e-13,1.6403787e-12,-26.503819,2.221966,0.74065536,0.072000004,0.0,0.11025696,24.140362,24.160362,3891200
hardzero_plus_depr__c0p52__z1p05__lam0p020__nu0p50__psi1p00,hardzero_plus_depr,0.05,39,1216,0.0,2,0.18577921,0.18577921,1.0542066,0.0,0.08826599,0.0,0.0,1.6078961e-12,-26.960337,2.319301,0.7731003,0.112,0.0,0.14060073,24.160362,24.180363,3894400
hardzero_plus_depr__c0p52__z1p05__lam0p020__nu0p50__psi1p00,hardzero_plus_depr,0.05,39,1217,0.0,2,0.18577921,0.18577921,0.9752912,0.10585436,0.10585436,1.0,1.668325e-13,1.576057e-12,-26.438122,2.1456835,0.71522784,0.16800001,0.0,0.116840124,24.180363,24.200363,3897600
hardzero_plus_depr__c0p52__z1p05__lam0p020__nu0p50__psi1p00,hardzero_plus_depr,0.05,39,1218,0.0,2,0.18577921,0.18577921,1.0059073,0.098649,0.098649,1.0,1.5239775e-13,1.5448483e-12,-26.424208,2.2130404,0.73768014,0.16800001,0.0,0.15351547,24.200363,24.220364,3900800
hardzero_plus_depr__c0p52__z1p05__lam0p020__nu0p50__psi1p00,hardzero_plus_depr,0.05,39,1219,0.0,2,0.18577921,0.18577921,1.0813681,0.0,0.08291477,0.0,0.0,1.5142575e-12,-28.672647,2.3790574,0.7930192,0.15200001,0.0,0.18200362,24.220364,24.240364,3904000
hardzero_plus_depr__c0p52__z1p05__lam0p020__nu0p50__psi1p00,hardzero_plus_depr,0.05,39,1220,0.0,2,0.18577921,0.18577921,1.0456903,0.09001393,0.09001393,1.0,1.3360522e-13,1.4842727e-12,-27.168488,2.3005645,0.7668549,0.128,0.0,0.13640971,24.240364,24.260365,3907200
hardzero_plus_depr__c0p52__z1p05__lam0p020__nu0p50__psi1p00,hardzero_plus_depr,0.05,39,1221,0.0,2,0.18577921,0.18577921,0.9724767,0.1065426,0.1065426,1.0,1.5500684e-13,1.4548812e-12,-26.923035,2.1394916,0.71316385,0.216,0.0,0.12611155,24.260365,24.280365,3910400
hardzero_plus_depr__c0p52__z1p05__lam0p020__nu0p50__psi1p00,hardzero_plus_depr,0.05,39,1222,0.0,2,0.18577921,0.18577921,0.99214077,0.10182612,0.10182612,1.0,1.4521138e-13,1.4260722e-12,-26.939535,2.1827533,0.7275845,0.16,0.0,0.13603185,24.280365,24.300365,3913600
hardzero_plus_depr__c0p52__z1p05__lam0p020__nu0p50__psi1p00,hardzero_plus_depr,0.05,39,1223,0.0,2,0.18577921,0.18577921,1.0295242,0.093427725,0.093427725,1.0,1.305964e-13,1.3978333e-12,-27.046051,2.2649984,0.7549995,0.16000001,0.0,0.16119651,24.300365,24.320366,3916800
hardzero_plus_depr__c0p52__z1p05__lam0p020__nu0p50__psi1p00,hardzero_plus_depr,0.05,39,1224,0.0,2,0.18577921,0.18577921,1.01,0.09772372,0.09772372,1.0,1.3389654e-13,1.3701539e-12,-27.5357,2.2220445,0.7406815,0.064,0.0,0.15347745,24.320366,24.340366,3920000
hardzero_plus_depr__c0p52__z1p05__lam0p020__nu0p50__psi1p00,hardzero_plus_depr,0.05,39,1225,0.0,2,0.18577921,0.18577921,1.019031,0.095712565,0.095712565,1.0,1.2854411e-13,1.3430223e-12,-26.74245,2.241913,0.7473044,0.17600001,0.0,0.13785978,24.340366,24.360367,3923200
hardzero_plus_depr__c0p52__z1p05__lam0p020__nu0p50__psi1p00,hardzero_plus_depr,0.05,39,1226,0.0,2,0.18577921,0.18577921,1.0440886,0.090346515,0.090346515,1.0,1.1893467e-13,1.316428e-12,-27.633503,2.2970407,0.76568025,0.136,0.0,0.1303731,24.360367,24.380367,3926400
hardzero_plus_depr__c0p52__z1p05__lam0p020__nu0p50__psi1p00,hardzero_plus_depr,0.05,39,1227,0.0,2,0.18577921,0.18577921,0.97806376,0.105180755,0.105180755,1.0,1.3572109e-13,1.2903605e-12,-26.214973,2.1517832,0.7172611,0.17600001,0.0,0.12552066,24.380367,24.400368,3929600
hardzero_plus_depr__c0p52__z1p05__lam0p020__nu0p50__psi1p00,hardzero_plus_depr,0.05,39,1228,0.0,2,0.18577921,0.18577921,1.009294,0.09788271,0.09788271,1.0,1.2380293e-13,1.264809e-12,-26.70011,2.2204912,0.74016374,0.23200001,0.0,0.14920059,24.400368,24.420368,3932800
hardzero_plus_depr__c0p52__z1p05__lam0p020__nu0p50__psi1p00,hardzero_plus_depr,0.05,39,1229,0.0,2,0.18577921,0.18577921,1.0263197,0.09411964,0.09411964,1.0,1.166861e-13,1.2397635e-12,-27.589514,2.2579484,0.7526495,0.16800001,0.0,0.12547314,24.420368,24.440369,3936000
hardzero_plus_depr__c0p52__z1p05__lam0p020__nu0p50__psi1p00,hardzero_plus_depr,0.05,39,1230,0.0,2,0.18577921,0.18577921,1.0186586,0.09579468,0.09579468,1.0,1.1641103e-13,1.215214e-12,-27.449104,2.2410939,0.74703133,0.15200001,0.0,0.13220565,24.440369,24.46037,3939200
hardzero_plus_depr__c0p52__z1p05__lam0p020__nu0p50__psi1p00,hardzero_plus_depr,0.05,39,1231,0.0,2,0.18577921,0.18577921,1.0217534,0.09511446,0.09511446,1.0,1.13295644e-13,1.1911506e-12,-27.34148,2.2479024,0.74930084,0.16800001,0.0,0.185141,24.46037,24.48037,3942400
hardzero_plus_depr__c0p52__z1p05__lam0p020__nu0p50__psi1p00,hardzero_plus_depr,0.05,39,1232,0.0,2,0.18577921,0.18577921,1.0213038,0.095212996,0.095212996,1.0,1.1116725e-13,1.1675638e-12,-27.425161,2.2469132,0.7489711,0.136,0.0,0.13955724,24.48037,24.50037,3945600
hardzero_plus_depr__c0p52__z1p05__lam0p020__nu0p50__psi1p00,hardzero_plus_depr,0.05,39,1233,0.0,2,0.18577921,0.18577921,0.99539906,0.10106504,0.10106504,1.0,1.1566326e-13,1.1444438e-12,-26.951181,2.1899216,0.7299739,0.2,0.0,0.14141262,24.50037,24.52037,3948800
hardzero_plus_depr__c0p52__z1p05__lam0p020__nu0p50__psi1p00,hardzero_plus_depr,0.05,39,1234,0.0,2,0.18577921,0.18577921,0.9798767,0.104742594,0.104742594,1.0,1.1749835e-13,1.1217819e-12,-26.351892,2.1557717,0.7185906,0.15200001,0.0,0.119660586,24.52037,24.54037,3952000
hardzero_plus_depr__c0p52__z1p05__lam0p020__nu0p50__psi1p00,hardzero_plus_depr,0.05,39,1235,0.0,2,0.18577921,0.18577921,1.0269443,0.09398439,0.09398439,1.0,1.0334229e-13,1.0995687e-12,-27.867199,2.2593224,0.7531075,0.22,0.01,0.15537211,24.54037,24.560371,3955200
hardzero_plus_depr__c0p52__z1p05__lam0p020__nu0p50__psi1p00,hardzero_plus_depr,0.05,39,1236,0.0,2,0.18577921,0.18577921,0.94405305,0.11374882,0.11374882,1.0,1.2259794e-13,1.0777952e-12,-24.964018,2.0769582,0.6923194,0.192,0.0,0.15191865,24.560371,24.580372,3958400
hardzero_plus_depr__c0p52__z1p05__lam0p020__nu0p50__psi1p00,hardzero_plus_depr,0.05,39,1237,0.0,2,0.18577921,0.18577921,1.0282696,0.093698,0.093698,1.0,9.8987536e-14,1.056453e-12,-27.743286,2.2622385,0.7540795,0.16000001,0.0,0.12721103,24.580372,24.600372,3961600
hardzero_plus_depr__c0p52__z1p05__lam0p020__nu0p50__psi1p00,hardzero_plus_depr,0.05,39,1238,0.0,2,0.18577921,0.18577921,1.0303413,0.09325213,0.09325213,1.0,9.6565686e-14,1.0355333e-12,-27.727947,2.266796,0.7555987,0.15200001,0.0,0.14816158,24.600372,24.620373,3964800
hardzero_plus_depr__c0p52__z1p05__lam0p020__nu0p50__psi1p00,hardzero_plus_depr,0.05,39,1239,0.0,2,0.18577921,0.18577921,1.06591,0.0,0.08591915,0.0,0.0,1.0150278e-12,-26.856276,2.3450487,0.7816829,0.08800001,0.0,0.16160311,24.620373,24.640373,3968000
hardzero_plus_depr__c0p52__z1p05__lam0p020__nu0p50__psi1p00,hardzero_plus_depr,0.05,39,1240,0.0,2,0.18577921,0.18577921,1.0260105,0.09418667,0.09418667,1.0,9.3709e-14,9.949285e-13,-27.909119,2.2572682,0.75242275,0.14400001,0.0,0.13443467,24.640373,24.660374,3971200
hardzero_plus_depr__c0p52__z1p05__lam0p020__nu0p50__psi1p00,hardzero_plus_depr,0.05,39,1241,0.0,2,0.18577921,0.18577921,1.033807,0.0925109,0.0925109,1.0,9.0219146e-14,9.752272e-13,-27.395506,2.274421,0.7581403,0.128,0.0,0.1285855,24.660374,24.680374,3974400
hardzero_plus_depr__c0p52__z1p05__lam0p020__nu0p50__psi1p00,hardzero_plus_depr,0.05,39,1242,0.0,2,0.18577921,0.18577921,1.0175205,0.09604604,0.09604604,1.0,9.181195e-14,9.55916e-13,-27.240614,2.23859,0.7461967,0.112,0.0,0.12421565,24.680374,24.700375,3977600
hardzero_plus_depr__c0p52__z1p05__lam0p020__nu0p50__psi1p00,hardzero_plus_depr,0.05,39,1243,0.0,2,0.18577921,0.18577921,1.0500681,0.0,0.08911112,0.0,0.0,9.369871e-13,-27.145073,2.310196,0.7700653,0.16000001,0.0,0.15486343,24.700375,24.720375,3980800
hardzero_plus_depr__c0p52__z1p05__lam0p020__nu0p50__psi1p00,hardzero_plus_depr,0.05,39,1244,0.0,2,0.18577921,0.18577921,1.0141319,0.09679838,0.09679838,1.0,8.890284e-14,9.184331e-13,-27.769102,2.2311347,0.7437116,0.17600001,0.0,0.12648816,24.720375,24.740376,3984000
hardzero_plus_depr__c0p52__z1p05__lam0p020__nu0p50__psi1p00,hardzero_plus_depr,0.05,39,1245,0.0,2,0.18577921,0.18577921,1.021208,0.09523398,0.09523398,1.0,8.573406e-14,9.0024657e-13,-27.120768,2.2467027,0.7489009,0.17600001,0.0,0.15871479,24.740376,24.760376,3987200
hardzero_plus_depr__c0p52__z1p05__lam0p020__nu0p50__psi1p00,hardzero_plus_depr,0.05,39,1246,0.0,2,0.18577921,0.18577921,1.039451,0.09131643,0.09131643,1.0,8.0579444e-14,8.8242e-13,-27.173088,2.2868378,0.7622793,0.14400001,0.0,0.16521414,24.760376,24.780376,3990400
hardzero_plus_depr__c0p52__z1p05__lam0p020__nu0p50__psi1p00,hardzero_plus_depr,0.05,39,1247,0.0,2,0.18577921,0.18577921,1.0011444,0.09973684,0.09973684,1.0,8.626704e-14,8.6494657e-13,-26.67048,2.2025616,0.73418725,0.14400001,0.0,0.14362736,24.780376,24.800377,3993600
hardzero_plus_depr__c0p52__z1p05__lam0p020__nu0p50__psi1p00,hardzero_plus_depr,0.05,39,1248,0.0,2,0.18577921,0.18577921,0.9932061,0.10157666,0.10157666,1.0,8.611863e-14,8.4781905e-13,-27.430727,2.185097,0.72836566,0.14999999,0.0,0.13257203,24.800377,24.820377,3996800
hardzero_plus_depr__c0p52__z1p05__lam0p020__nu0p50__psi1p00,hardzero_plus_depr,0.05,39,1249,0.0,2,0.18577921,0.18577921,1.0123913,0.09718712,0.09718712,1.0,8.076548e-14,8.310307e-13,-26.653643,2.2273054,0.74243516,0.208,0.0,0.14240725,24.820377,24.840378,4000000
