mechanism_tag,mechanism,alpha,seed,update,update_u,update_counter,energy_E_pre,energy_E_post,funding_z,funding_g,funding_g_raw,funding_cut_active,funding_income,funding_alpha_eff,episode_return_end_mean,terminal_min_dists_end_mean,terminal_dbar_end,terminal_occupied_end_mean,terminal_CSR_train,vartd_VarTD,depr_F,depr_F_post,env_steps
hardzero_only__c0p58__z1p00__lam0p000__nu0p50__psi0p00,hardzero_only,0.042,50,0,1.0,1,1.0,0.42000002,1.10007,0.0,0.07942002,0.0,0.0,0.042,-28.331669,2.4202023,0.8067341,0.14,0.0,0.17724389,0.0,0.0,3200
hardzero_only__c0p58__z1p00__lam0p000__nu0p50__psi0p00,hardzero_only,0.042,50,1,0.0,1,0.42000002,0.42000002,1.1076319,0.0,0.07804913,0.0,0.0,0.042,-28.46121,2.4368389,0.81227964,0.072000004,0.0,0.15844944,0.0,0.0,6400
hardzero_only__c0p58__z1p00__lam0p000__nu0p50__psi0p00,hardzero_only,0.042,50,2,0.0,1,0.42000002,0.4244475,0.9751338,0.105892755,0.105892755,1.0,0.0044474956,0.042,-26.582037,2.145337,0.7151124,0.192,0.0,0.14266907,0.0,0.0,9600
hardzero_only__c0p58__z1p00__lam0p000__nu0p50__psi0p00,hardzero_only,0.042,50,3,0.0,1,0.4244475,0.4244475,1.089546,0.0,0.08136807,0.0,0.0,0.042,-28.641094,2.397049,0.79901636,0.17600001,0.0,0.15773097,0.0,0.0,12800
hardzero_only__c0p58__z1p00__lam0p000__nu0p50__psi0p00,hardzero_only,0.042,50,4,0.0,1,0.4244475,0.4244475,1.0113858,0.0,0.09741239,0.0,0.0,0.042,-26.775578,2.2250931,0.7416977,0.15200001,0.0,0.13901958,0.0,0.0,16000
hardzero_only__c0p58__z1p00__lam0p000__nu0p50__psi0p00,hardzero_only,0.042,50,5,0.0,1,0.4244475,0.4244475,1.0149488,0.0,0.09661646,0.0,0.0,0.042,-27.333021,2.232932,0.74431074,0.18400002,0.0,0.14970592,0.0,0.0,19200
hardzero_only__c0p58__z1p00__lam0p000__nu0p50__psi0p00,hardzero_only,0.042,50,6,0.0,1,0.4244475,0.4244475,1.0420709,0.0,0.09076723,0.0,0.0,0.042,-27.692158,2.2926016,0.76420057,0.18400002,0.0,0.16256313,0.0,0.0,22400
hardzero_only__c0p58__z1p00__lam0p000__nu0p50__psi0p00,hardzero_only,0.042,50,7,0.0,1,0.4244475,0.4244475,1.001345,0.0,0.099690765,0.0,0.0,0.042,-26.944233,2.2030032,0.7343344,0.120000005,0.0,0.14192735,0.0,0.0,25600
hardzero_only__c0p58__z1p00__lam0p000__nu0p50__psi0p00,hardzero_only,0.042,50,8,0.0,1,0.4244475,0.4244475,1.0477537,0.0,0.089587264,0.0,0.0,0.042,-26.926748,2.3051043,0.7683681,0.17600001,0.0,0.14788452,0.0,0.0,28800
hardzero_only__c0p58__z1p00__lam0p000__nu0p50__psi0p00,hardzero_only,0.042,50,9,0.0,1,0.4244475,0.42866185,0.9985198,0.100341424,0.100341424,1.0,0.00421434,0.042,-27.407125,2.1967874,0.7322625,0.120000005,0.0,0.14652558,0.0,0.0,32000
hardzero_only__c0p58__z1p00__lam0p000__nu0p50__psi0p00,hardzero_only,0.042,50,10,0.0,1,0.42866185,0.42866185,1.0314924,0.0,0.09300529,0.0,0.0,0.042,-27.079874,2.2693286,0.7564429,0.14400001,0.0,0.14729819,0.0,0.0,35200
hardzero_only__c0p58__z1p00__lam0p000__nu0p50__psi0p00,hardzero_only,0.042,50,11,0.0,1,0.42866185,0.42866185,1.03766,0.0,0.091693796,0.0,0.0,0.042,-26.960928,2.2828977,0.76096594,0.15200001,0.0,0.12876503,0.0,0.0,38400
hardzero_only__c0p58__z1p00__lam0p000__nu0p50__psi0p00,hardzero_only,0.042,50,12,0.0,1,0.42866185,0.42866185,1.0212888,0.0,0.0952163,0.0,0.0,0.042,-27.627201,2.24688,0.74896,0.216,0.008,0.154758,0.0,0.0,41600
hardzero_only__c0p58__z1p00__lam0p000__nu0p50__psi0p00,hardzero_only,0.042,50,13,0.0,1,0.42866185,0.4332651,0.96018595,0.10960089,0.10960089,1.0,0.0046032374,0.042,-27.149382,2.1124513,0.70415044,0.12,0.0,0.13079406,0.0,0.0,44800
hardzero_only__c0p58__z1p00__lam0p000__nu0p50__psi0p00,hardzero_only,0.042,50,14,0.0,1,0.4332651,0.4332651,1.0116304,0.0,0.09735753,0.0,0.0,0.042,-26.839571,2.2256315,0.7418772,0.128,0.0,0.1319123,0.0,0.0,48000
hardzero_only__c0p58__z1p00__lam0p000__nu0p50__psi0p00,hardzero_only,0.042,50,15,0.0,1,0.4332651,0.4332651,1.0785152,0.0,0.08346124,0.0,0.0,0.042,-27.529713,2.3727808,0.79092693,0.120000005,0.0,0.14613958,0.0,0.0,51200
hardzero_only__c0p58__z1p00__lam0p000__nu0p50__psi0p00,hardzero_only,0.042,50,16,0.0,1,0.4332651,0.43749946,0.9964602,0.10081839,0.10081839,1.0,0.004234372,0.042,-26.299435,2.1922562,0.7307521,0.16000001,0.0,0.13903537,0.0,0.0,54400
hardzero_only__c0p58__z1p00__lam0p000__nu0p50__psi0p00,hardzero_only,0.042,50,17,0.0,1,0.43749946,0.43749946,1.0013738,0.0,0.09968419,0.0,0.0,0.042,-26.822754,2.2030663,0.73435545,0.15200001,0.0,0.1452176,0.0,0.0,57600
hardzero_only__c0p58__z1p00__lam0p000__nu0p50__psi0p00,hardzero_only,0.042,50,18,0.0,1,0.43749946,0.44178662,0.99108136,0.102074824,0.102074824,1.0,0.004287143,0.042,-26.485003,2.1804225,0.72680753,0.24800001,0.0,0.13348392,0.0,0.0,60800
hardzero_only__c0p58__z1p00__lam0p000__nu0p50__psi0p00,hardzero_only,0.042,50,19,0.0,1,0.44178662,0.44178662,1.0369042,0.0,0.09185352,0.0,0.0,0.042,-26.62441,2.2812347,0.7604116,0.16000001,0.0,0.15215597,0.0,0.0,64000
hardzero_only__c0p58__z1p00__lam0p000__nu0p50__psi0p00,hardzero_only,0.042,50,20,0.0,1,0.44178662,0.44178662,1.0654613,0.0,0.086007975,0.0,0.0,0.042,-28.011055,2.3440616,0.7813539,0.16000001,0.0,0.16030985,0.0,0.0,67200
hardzero_only__c0p58__z1p00__lam0p000__nu0p50__psi0p00,hardzero_only,0.042,50,21,0.0,1,0.44178662,0.44178662,1.0276695,0.0,0.09382757,0.0,0.0,0.042,-27.843485,2.2609181,0.7536394,0.14400001,0.0,0.17233674,0.0,0.0,70400
hardzero_only__c0p58__z1p00__lam0p000__nu0p50__psi0p00,hardzero_only,0.042,50,22,0.0,1,0.44178662,0.44178662,1.0109105,0.0,0.09751905,0.0,0.0,0.042,-26.941774,2.2240474,0.74134916,0.15200001,0.0,0.14263372,0.0,0.0,73600
hardzero_only__c0p58__z1p00__lam0p000__nu0p50__psi0p00,hardzero_only,0.042,50,23,0.0,1,0.44178662,0.44178662,1.0757595,0.0,0.083992496,0.0,0.0,0.042,-28.1052,2.3667183,0.7889061,0.16000001,0.0,0.18437822,0.0,0.0,76800
hardzero_only__c0p58__z1p00__lam0p000__nu0p50__psi0p00,hardzero_only,0.042,50,24,0.0,1,0.44178662,0.44178662,1.0810099,0.0,0.082983196,0.0,0.0,0.042,-27.9622,2.3782692,0.79275644,0.080000006,0.0,0.15569733,0.0,0.0,80000
hardzero_only__c0p58__z1p00__lam0p000__nu0p50__psi0p00,hardzero_only,0.042,50,25,0.0,1,0.44178662,0.44178662,1.0233735,0.0,0.09476031,0.0,0.0,0.042,-27.651154,2.2514668,0.75048894,0.17600001,0.008,0.14131196,0.0,0.0,83200
hardzero_only__c0p58__z1p00__lam0p000__nu0p50__psi0p00,hardzero_only,0.042,50,26,0.0,1,0.44178662,0.44178662,1.0531356,0.0,0.08848392,0.0,0.0,0.042,-28.022089,2.3169446,0.7723149,0.19999999,0.0,0.16595227,0.0,0.0,86400
hardzero_only__c0p58__z1p00__lam0p000__nu0p50__psi0p00,hardzero_only,0.042,50,27,0.0,1,0.44178662,0.44178662,1.0869175,0.0,0.08186202,0.0,0.0,0.042,-28.48103,2.3912663,0.7970888,0.112,0.0,0.17386158,0.0,0.0,89600
hardzero_only__c0p58__z1p00__lam0p000__nu0p50__psi0p00,hardzero_only,0.042,50,28,0.0,1,0.44178662,0.44631615,0.96719664,0.10784582,0.10784582,1.0,0.0045295246,0.042,-26.341326,2.127875,0.7092917,0.16000001,0.0,0.15744357,0.0,0.0,92800
hardzero_only__c0p58__z1p00__lam0p000__nu0p50__psi0p00,hardzero_only,0.042,50,29,0.0,1,0.44631615,0.44631615,1.0090029,0.0,0.097948335,0.0,0.0,0.042,-27.37331,2.2198508,0.7399503,0.15200001,0.008,0.14905642,0.0,0.0,96000
hardzero_only__c0p58__z1p00__lam0p000__nu0p50__psi0p00,hardzero_only,0.042,50,30,0.0,1,0.44631615,0.44631615,1.0104988,0.0,0.097611554,0.0,0.0,0.042,-27.327528,2.2231417,0.74104726,0.17600001,0.0,0.17061275,0.0,0.0,99200
hardzero_only__c0p58__z1p00__lam0p000__nu0p50__psi0p00,hardzero_only,0.042,50,31,0.0,1,0.44631615,0.44631615,1.046577,0.0,0.08983034,0.0,0.0,0.042,-26.863493,2.3025153,0.7675051,0.15200001,0.0,0.16029045,0.0,0.0,102400
hardzero_only__c0p58__z1p00__lam0p000__nu0p50__psi0p00,hardzero_only,0.042,50,32,0.0,1,0.44631615,0.44631615,1.072554,0.0,0.08461473,0.0,0.0,0.042,-28.3015,2.3596659,0.7865553,0.15200001,0.0,0.17870194,0.0,0.0,105600
hardzero_only__c0p58__z1p00__lam0p000__nu0p50__psi0p00,hardzero_only,0.042,50,33,0.0,1,0.44631615,0.44631615,1.0239884,0.0,0.094626255,0.0,0.0,0.042,-26.946238,2.2528193,0.7509398,0.120000005,0.0,0.15189455,0.0,0.0,108800
hardzero_only__c0p58__z1p00__lam0p000__nu0p50__psi0p00,hardzero_only,0.042,50,34,0.0,1,0.44631615,0.45068738,0.9826465,0.10407668,0.10407668,1.0,0.0043712207,0.042,-26.300568,2.1618655,0.7206218,0.128,0.0,0.16263239,0.0,0.0,112000
hardzero_only__c0p58__z1p00__lam0p000__nu0p50__psi0p00,hardzero_only,0.042,50,35,0.0,1,0.45068738,0.45068738,1.0159676,0.0,0.09639009,0.0,0.0,0.042,-27.746294,2.2351735,0.7450578,0.16000001,0.0,0.18858032,0.0,0.0,115200
hardzero_only__c0p58__z1p00__lam0p000__nu0p50__psi0p00,hardzero_only,0.042,50,36,0.0,1,0.45068738,0.45068738,1.035287,0.0,0.09219619,0.0,0.0,0.042,-28.189579,2.2776768,0.7592256,0.192,0.0,0.15730847,0.0,0.0,118400
hardzero_only__c0p58__z1p00__lam0p000__nu0p50__psi0p00,hardzero_only,0.042,50,37,0.0,1,0.45068738,0.45068738,1.0051495,0.0,0.09882129,0.0,0.0,0.042,-26.872297,2.211373,0.7371244,0.15200001,0.0,0.1590976,0.0,0.0,121600
hardzero_only__c0p58__z1p00__lam0p000__nu0p50__psi0p00,hardzero_only,0.042,50,38,0.0,1,0.45068738,0.45068738,1.0341251,0.0,0.09244319,0.0,0.0,0.042,-26.303202,2.2751207,0.7583736,0.104,0.0,0.12452622,0.0,0.0,124800
hardzero_only__c0p58__z1p00__lam0p000__nu0p50__psi0p00,hardzero_only,0.042,50,39,0.0,1,0.45068738,0.45068738,1.0083587,0.0,0.09809374,0.0,0.0,0.042,-26.62167,2.2184334,0.7394778,0.13,0.0,0.12940203,0.0,0.0,128000
hardzero_only__c0p58__z1p00__lam0p000__nu0p50__psi0p00,hardzero_only,0.042,50,40,0.0,1,0.45068738,0.45068738,1.0457008,0.0,0.09001176,0.0,0.0,0.042,-27.771856,2.3005877,0.7668626,0.104,0.0,0.15691209,0.0,0.0,131200
hardzero_only__c0p58__z1p00__lam0p000__nu0p50__psi0p00,hardzero_only,0.042,50,41,0.0,1,0.45068738,0.45490885,0.9977847,0.1005114,0.1005114,1.0,0.004221479,0.042,-26.597898,2.1951702,0.7317234,0.136,0.0,0.17145142,0.0,0.0,134400
hardzero_only__c0p58__z1p00__lam0p000__nu0p50__psi0p00,hardzero_only,0.042,50,42,0.0,1,0.45490885,0.45490885,1.0924648,0.0,0.08082304,0.0,0.0,0.042,-28.536512,2.4034705,0.8011569,0.16000001,0.0,0.19094978,0.0,0.0,137600
hardzero_only__c0p58__z1p00__lam0p000__nu0p50__psi0p00,hardzero_only,0.042,50,43,0.0,1,0.45490885,0.45490885,1.0116222,0.0,0.09735938,0.0,0.0,0.042,-27.38323,2.2256134,0.7418711,0.18400002,0.0,0.1683537,0.0,0.0,140800
hardzero_only__c0p58__z1p00__lam0p000__nu0p50__psi0p00,hardzero_only,0.042,50,44,0.0,1,0.45490885,0.45490885,1.0749404,0.0,0.08415106,0.0,0.0,0.042,-28.731567,2.3649163,0.78830546,0.15200001,0.0,0.20582372,0.0,0.0,144000
hardzero_only__c0p58__z1p00__lam0p000__nu0p50__psi0p00,hardzero_only,0.042,50,45,0.0,1,0.45490885,0.45490885,1.0278511,0.0,0.09378834,0.0,0.0,0.042,-27.414955,2.2613175,0.7537725,0.128,0.0,0.15149674,0.0,0.0,147200
hardzero_only__c0p58__z1p00__lam0p000__nu0p50__psi0p00,hardzero_only,0.042,50,46,0.0,1,0.45490885,0.45490885,1.0851626,0.0,0.08219347,0.0,0.0,0.042,-27.984013,2.3874054,0.7958018,0.128,0.0,0.15282948,0.0,0.0,150400
hardzero_only__c0p58__z1p00__lam0p000__nu0p50__psi0p00,hardzero_only,0.042,50,47,0.0,1,0.45490885,0.45490885,1.0003164,0.0,0.099927165,0.0,0.0,0.042,-27.017218,2.20074,0.73358005,0.15200001,0.0,0.16889784,0.0,0.0,153600
hardzero_only__c0p58__z1p00__lam0p000__nu0p50__psi0p00,hardzero_only,0.042,50,48,0.0,1,0.45490885,0.45490885,1.0045178,0.0,0.098965116,0.0,0.0,0.042,-27.520449,2.2099833,0.73666114,0.14400001,0.0,0.16547692,0.0,0.0,156800
hardzero_only__c0p58__z1p00__lam0p000__nu0p50__psi0p00,hardzero_only,0.042,50,49,0.0,1,0.45490885,0.4591386,0.9969336,0.10070857,0.10070857,1.0,0.00422976,0.042,-26.61566,2.1932976,0.73109925,0.18400002,0.0,0.1525267,0.0,0.0,160000
hardzero_only__c0p58__z1p00__lam0p000__nu0p50__psi0p00,hardzero_only,0.042,50,50,0.0,1,0.4591386,0.4591386,1.0374203,0.0,0.09174444,0.0,0.0,0.042,-27.108568,2.28237,0.76079005,0.136,0.0,0.14072508,0.0,0.0,163200
hardzero_only__c0p58__z1p00__lam0p000__nu0p50__psi0p00,hardzero_only,0.042,50,51,0.0,1,0.4591386,0.4591386,1.0187482,0.0,0.09577492,0.0,0.0,0.042,-26.560135,2.2412908,0.74709696,0.17600001,0.0,0.1554216,0.0,0.0,166400
hardzero_only__c0p58__z1p00__lam0p000__nu0p50__psi0p00,hardzero_only,0.042,50,52,0.0,1,0.4591386,0.4591386,1.0777038,0.0,0.08361729,0.0,0.0,0.042,-28.215511,2.3709958,0.79033196,0.13,0.0,0.15373081,0.0,0.0,169600
hardzero_only__c0p58__z1p00__lam0p000__nu0p50__psi0p00,hardzero_only,0.042,50,53,0.0,1,0.4591386,0.4591386,1.0297104,0.0,0.093387686,0.0,0.0,0.042,-27.278666,2.265408,0.755136,0.16800001,0.0,0.15537122,0.0,0.0,172800
hardzero_only__c0p58__z1p00__lam0p000__nu0p50__psi0p00,hardzero_only,0.042,50,54,0.0,1,0.4591386,0.4591386,1.0156845,0.0,0.09645294,0.0,0.0,0.042,-26.156088,2.2345505,0.74485016,0.104,0.0,0.14142752,0.0,0.0,176000
hardzero_only__c0p58__z1p00__lam0p000__nu0p50__psi0p00,hardzero_only,0.042,50,55,0.0,1,0.4591386,0.4591386,1.0222589,0.0,0.095003836,0.0,0.0,0.042,-26.424587,2.2490144,0.74967146,0.14400001,0.0,0.15348254,0.0,0.0,179200
hardzero_only__c0p58__z1p00__lam0p000__nu0p50__psi0p00,hardzero_only,0.042,50,56,0.0,1,0.4591386,0.46358863,0.97488767,0.10595276,0.10595276,1.0,0.0044500157,0.042,-26.001501,2.1447957,0.7149319,0.16000001,0.0,0.12592232,0.0,0.0,182400
hardzero_only__c0p58__z1p00__lam0p000__nu0p50__psi0p00,hardzero_only,0.042,50,57,0.0,1,0.46358863,0.46788362,0.9902871,0.102261655,0.102261655,1.0,0.0042949896,0.042,-26.403593,2.1786752,0.7262251,0.264,0.0,0.15994278,0.0,0.0,185600
hardzero_only__c0p58__z1p00__lam0p000__nu0p50__psi0p00,hardzero_only,0.042,50,58,0.0,1,0.46788362,0.46788362,1.0242431,0.0,0.094570756,0.0,0.0,0.042,-26.607317,2.2533798,0.75112665,0.136,0.0,0.12851791,0.0,0.0,188800
hardzero_only__c0p58__z1p00__lam0p000__nu0p50__psi0p00,hardzero_only,0.042,50,59,0.0,1,0.46788362,0.46788362,1.0073171,0.0,0.098329306,0.0,0.0,0.042,-27.048422,2.2161417,0.7387139,0.224,0.0,0.14456852,0.0,0.0,192000
hardzero_only__c0p58__z1p00__lam0p000__nu0p50__psi0p00,hardzero_only,0.042,50,60,0.0,1,0.46788362,0.46788362,1.0101781,0.0,0.09768365,0.0,0.0,0.042,-26.964878,2.2224362,0.74081206,0.18400002,0.0,0.14709674,0.0,0.0,195200
hardzero_only__c0p58__z1p00__lam0p000__nu0p50__psi0p00,hardzero_only,0.042,50,61,0.0,1,0.46788362,0.46788362,1.0291864,0.0,0.093500435,0.0,0.0,0.042,-27.17355,2.2642553,0.7547518,0.128,0.0,0.13922691,0.0,0.0,198400
hardzero_only__c0p58__z1p00__lam0p000__nu0p50__psi0p00,hardzero_only,0.042,50,62,0.0,1,0.46788362,0.46788362,1.0455947,0.0,0.09003374,0.0,0.0,0.042,-27.299774,2.3003542,0.7667848,0.14400001,0.0,0.1531482,0.0,0.0,201600
hardzero_only__c0p58__z1p00__lam0p000__nu0p50__psi0p00,hardzero_only,0.042,50,63,0.0,1,0.46788362,0.46788362,1.0438344,0.0,0.09039939,0.0,0.0,0.042,-27.421371,2.2964816,0.76549387,0.104,0.0,0.14899562,0.0,0.0,204800
hardzero_only__c0p58__z1p00__lam0p000__nu0p50__psi0p00,hardzero_only,0.042,50,64,0.0,1,0.46788362,0.47231564,0.9766467,0.105524495,0.105524495,1.0,0.0044320286,0.042,-26.852709,2.1486657,0.7162219,0.17600001,0.0,0.15163821,0.0,0.0,208000
hardzero_only__c0p58__z1p00__lam0p000__nu0p50__psi0p00,hardzero_only,0.042,50,65,0.0,1,0.47231564,0.47231564,1.0151123,0.0,0.096580096,0.0,0.0,0.042,-27.24545,2.2332916,0.74443054,0.16,0.0,0.14902057,0.0,0.0,211200
hardzero_only__c0p58__z1p00__lam0p000__nu0p50__psi0p00,hardzero_only,0.042,50,66,0.0,1,0.47231564,0.47681418,0.9701783,0.10710794,0.10710794,1.0,0.0044985334,0.042,-26.270988,2.134435,0.71147835,0.18400002,0.0,0.13552777,0.0,0.0,214400
hardzero_only__c0p58__z1p00__lam0p000__nu0p50__psi0p00,hardzero_only,0.042,50,67,0.0,1,0.47681418,0.47681418,1.0384271,0.0,0.09153199,0.0,0.0,0.042,-27.21562,2.2845852,0.76152843,0.15200001,0.0,0.13258134,0.0,0.0,217600
hardzero_only__c0p58__z1p00__lam0p000__nu0p50__psi0p00,hardzero_only,0.042,50,68,0.0,1,0.47681418,0.48110005,0.9912087,0.102044895,0.102044895,1.0,0.0042858855,0.042,-26.047512,2.1807027,0.72690094,0.24800001,0.0,0.13593301,0.0,0.0,220800
hardzero_only__c0p58__z1p00__lam0p000__nu0p50__psi0p00,hardzero_only,0.042,50,69,0.0,1,0.48110005,0.48551705,0.9781218,0.10516668,0.10516668,1.0,0.0044170003,0.042,-26.502638,2.151911,0.7173037,0.192,0.008,0.13779578,0.0,0.0,224000
hardzero_only__c0p58__z1p00__lam0p000__nu0p50__psi0p00,hardzero_only,0.042,50,70,0.0,1,0.48551705,0.48551705,1.0475948,0.0,0.08962006,0.0,0.0,0.042,-28.464642,2.3047545,0.76825154,0.08800001,0.0,0.18170202,0.0,0.0,227200
hardzero_only__c0p58__z1p00__lam0p000__nu0p50__psi0p00,hardzero_only,0.042,50,71,0.0,1,0.48551705,0.48987293,0.98417366,0.10371137,0.10371137,1.0,0.004355877,0.042,-26.60484,2.1652253,0.7217418,0.14400001,0.0,0.14313188,0.0,0.0,230400
hardzero_only__c0p58__z1p00__lam0p000__nu0p50__psi0p00,hardzero_only,0.042,50,72,0.0,1,0.48987293,0.48987293,1.0108701,0.0,0.09752812,0.0,0.0,0.042,-26.931097,2.2239587,0.7413196,0.120000005,0.0,0.1375063,0.0,0.0,233600
hardzero_only__c0p58__z1p00__lam0p000__nu0p50__psi0p00,hardzero_only,0.042,50,73,0.0,1,0.48987293,0.48987293,1.0244074,0.0,0.094535,0.0,0.0,0.042,-26.96836,2.2537413,0.7512471,0.18400002,0.0,0.14602949,0.0,0.0,236800
hardzero_only__c0p58__z1p00__lam0p000__nu0p50__psi0p00,hardzero_only,0.042,50,74,0.0,1,0.48987293,0.49414223,0.9928915,0.10165025,0.10165025,1.0,0.0042693107,0.042,-26.011002,2.1844049,0.728135,0.208,0.0,0.13872433,0.0,0.0,240000
hardzero_only__c0p58__z1p00__lam0p000__nu0p50__psi0p00,hardzero_only,0.042,50,75,0.0,1,0.49414223,0.49414223,1.0396986,0.0,0.09126439,0.0,0.0,0.042,-28.458319,2.2873826,0.7624609,0.08800001,0.0,0.14492926,0.0,0.0,243200
hardzero_only__c0p58__z1p00__lam0p000__nu0p50__psi0p00,hardzero_only,0.042,50,76,0.0,1,0.49414223,0.49414223,1.0109013,0.0,0.09752112,0.0,0.0,0.042,-27.469286,2.2240274,0.7413425,0.16000001,0.0,0.1554659,0.0,0.0,246400
hardzero_only__c0p58__z1p00__lam0p000__nu0p50__psi0p00,hardzero_only,0.042,50,77,0.0,1,0.49414223,0.49414223,1.0227389,0.0,0.094898865,0.0,0.0,0.042,-27.856205,2.2500706,0.75002354,0.14400001,0.0,0.15393275,0.0,0.0,249600
hardzero_only__c0p58__z1p00__lam0p000__nu0p50__psi0p00,hardzero_only,0.042,50,78,0.0,1,0.49414223,0.49414223,1.0826333,0.0,0.08267357,0.0,0.0,0.042,-28.019516,2.3818407,0.7939469,0.11,0.0,0.18858524,0.0,0.0,252800
hardzero_only__c0p58__z1p00__lam0p000__nu0p50__psi0p00,hardzero_only,0.042,50,79,0.0,1,0.49414223,0.49414223,1.0669404,0.0,0.08571555,0.0,0.0,0.042,-28.747807,2.3473158,0.78243864,0.096,0.0,0.21420223,0.0,0.0,256000
hardzero_only__c0p58__z1p00__lam0p000__nu0p50__psi0p00,hardzero_only,0.042,50,80,0.0,1,0.49414223,0.49414223,1.0249712,0.0,0.094412334,0.0,0.0,0.042,-27.708035,2.2549818,0.7516606,0.18400002,0.0,0.18521482,0.0,0.0,259200
hardzero_only__c0p58__z1p00__lam0p000__nu0p50__psi0p00,hardzero_only,0.042,50,81,0.0,1,0.49414223,0.49414223,1.0048784,0.0,0.098882996,0.0,0.0,0.042,-27.691309,2.2107766,0.73692554,0.16000001,0.0,0.14083241,0.0,0.0,262400
hardzero_only__c0p58__z1p00__lam0p000__nu0p50__psi0p00,hardzero_only,0.042,50,82,0.0,1,0.49414223,0.49414223,1.0509135,0.0,0.08893783,0.0,0.0,0.042,-27.264975,2.3120558,0.7706853,0.120000005,0.0,0.1383018,0.0,0.0,265600
hardzero_only__c0p58__z1p00__lam0p000__nu0p50__psi0p00,hardzero_only,0.042,50,83,0.0,1,0.49414223,0.49414223,1.1082128,0.0,0.077944785,0.0,0.0,0.042,-28.063581,2.438117,0.8127057,0.120000005,0.0,0.18612894,0.0,0.0,268800
hardzero_only__c0p58__z1p00__lam0p000__nu0p50__psi0p00,hardzero_only,0.042,50,84,0.0,1,0.49414223,0.49414223,1.0153035,0.0,0.096537605,0.0,0.0,0.042,-27.407646,2.2337122,0.74457073,0.18400002,0.0,0.18643422,0.0,0.0,272000
hardzero_only__c0p58__z1p00__lam0p000__nu0p50__psi0p00,hardzero_only,0.042,50,85,0.0,1,0.49414223,0.49414223,1.0270914,0.0,0.093952544,0.0,0.0,0.042,-27.744768,2.2596462,0.75321543,0.104,0.0,0.1520308,0.0,0.0,275200
hardzero_only__c0p58__z1p00__lam0p000__nu0p50__psi0p00,hardzero_only,0.042,50,86,0.0,1,0.49414223,0.49414223,1.0277308,0.0,0.09381433,0.0,0.0,0.042,-27.394564,2.2610528,0.7536843,0.15200001,0.0,0.15437603,0.0,0.0,278400
hardzero_only__c0p58__z1p00__lam0p000__nu0p50__psi0p00,hardzero_only,0.042,50,87,0.0,1,0.49414223,0.49414223,1.0508852,0.0,0.08894362,0.0,0.0,0.042,-27.160652,2.3119936,0.7706646,0.096,0.0,0.1890824,0.0,0.0,281600
hardzero_only__c0p58__z1p00__lam0p000__nu0p50__psi0p00,hardzero_only,0.042,50,88,0.0,1,0.49414223,0.49414223,1.0403188,0.0,0.091134146,0.0,0.0,0.042,-27.756567,2.288747,0.76291573,0.120000005,0.0,0.16952279,0.0,0.0,284800
hardzero_only__c0p58__z1p00__lam0p000__nu0p50__psi0p00,hardzero_only,0.042,50,89,0.0,1,0.49414223,0.49414223,1.0115831,0.0,0.09736816,0.0,0.0,0.042,-27.578785,2.2255273,0.74184245,0.17600001,0.0,0.15596919,0.0,0.0,288000
hardzero_only__c0p58__z1p00__lam0p000__nu0p50__psi0p00,hardzero_only,0.042,50,90,0.0,1,0.49414223,0.49414223,1.0066501,0.0,0.09848042,0.0,0.0,0.042,-26.6275,2.2146745,0.73822486,0.23200001,0.0,0.15388712,0.0,0.0,291200
hardzero_only__c0p58__z1p00__lam0p000__nu0p50__psi0p00,hardzero_only,0.042,50,91,0.0,1,0.49414223,0.49414223,1.0386648,0.0,0.091481894,0.0,0.0,0.042,-27.55685,2.2851083,0.7617028,0.099999994,0.0,0.16082151,0.0,0.0,294400
hardzero_only__c0p58__z1p00__lam0p000__nu0p50__psi0p00,hardzero_only,0.042,50,92,0.0,1,0.49414223,0.49414223,1.1085767,0.0,0.07787953,0.0,0.0,0.042,-28.778334,2.4389174,0.8129725,0.128,0.0,0.16272537,0.0,0.0,297600
hardzero_only__c0p58__z1p00__lam0p000__nu0p50__psi0p00,hardzero_only,0.042,50,93,0.0,1,0.49414223,0.49870852,0.96368533,0.108721316,0.108721316,1.0,0.004566295,0.042,-27.196516,2.12015,0.7067167,0.192,0.0,0.14576536,0.0,0.0,300800
hardzero_only__c0p58__z1p00__lam0p000__nu0p50__psi0p00,hardzero_only,0.042,50,94,0.0,1,0.49870852,0.49870852,1.0759276,0.0,0.08396,0.0,0.0,0.042,-28.194977,2.367088,0.78902936,0.18400002,0.0,0.1533554,0.0,0.0,304000
hardzero_only__c0p58__z1p00__lam0p000__nu0p50__psi0p00,hardzero_only,0.042,50,95,0.0,1,0.49870852,0.5031044,0.9802048,0.104663484,0.104663484,1.0,0.0043958663,0.042,-26.786821,2.1564937,0.71883124,0.192,0.0,0.14700428,0.0,0.0,307200
hardzero_only__c0p58__z1p00__lam0p000__nu0p50__psi0p00,hardzero_only,0.042,50,96,0.0,1,0.5031044,0.5075841,0.97200155,0.10665923,0.10665923,1.0,0.0044796877,0.042,-26.35252,2.138446,0.7128154,0.2,0.0,0.14588493,0.0,0.0,310400
hardzero_only__c0p58__z1p00__lam0p000__nu0p50__psi0p00,hardzero_only,0.042,50,97,0.0,1,0.5075841,0.5075841,1.0442743,0.0,0.090307884,0.0,0.0,0.042,-27.223818,2.2974494,0.76581645,0.08800001,0.0,0.146319,0.0,0.0,313600
hardzero_only__c0p58__z1p00__lam0p000__nu0p50__psi0p00,hardzero_only,0.042,50,98,0.0,1,0.5075841,0.5118884,0.98934627,0.102483444,0.102483444,1.0,0.0043043047,0.042,-26.143957,2.1766052,0.7255351,0.18400002,0.0,0.1325928,0.0,0.0,316800
hardzero_only__c0p58__z1p00__lam0p000__nu0p50__psi0p00,hardzero_only,0.042,50,99,0.0,1,0.5118884,0.5118884,1.039572,0.0,0.09129101,0.0,0.0,0.042,-27.918411,2.2871041,0.7623681,0.128,0.0,0.16208266,0.0,0.0,320000
hardzero_only__c0p58__z1p00__lam0p000__nu0p50__psi0p00,hardzero_only,0.042,50,100,0.0,1,0.5118884,0.5118884,1.0611689,0.0,0.086862236,0.0,0.0,0.042,-27.476198,2.3346183,0.7782061,0.120000005,0.0,0.1645169,0.0,0.0,323200
hardzero_only__c0p58__z1p00__lam0p000__nu0p50__psi0p00,hardzero_only,0.042,50,101,0.0,1,0.5118884,0.5118884,1.0769091,0.0,0.08377046,0.0,0.0,0.042,-27.761578,2.3692472,0.7897491,0.16000001,0.0,0.15159926,0.0,0.0,326400
hardzero_only__c0p58__z1p00__lam0p000__nu0p50__psi0p00,hardzero_only,0.042,50,102,0.0,1,0.5118884,0.51617956,0.990673,0.10217085,0.10217085,1.0,0.0042911754,0.042,-27.104689,2.1795242,0.7265081,0.17600001,0.0,0.13001545,0.0,0.0,329600
hardzero_only__c0p58__z1p00__lam0p000__nu0p50__psi0p00,hardzero_only,0.042,50,103,0.0,1,0.51617956,0.51617956,1.0274873,0.0,0.09386695,0.0,0.0,0.042,-26.830885,2.2605171,0.7535057,0.2,0.0,0.15321329,0.0,0.0,332800
hardzero_only__c0p58__z1p00__lam0p000__nu0p50__psi0p00,hardzero_only,0.042,50,104,0.0,1,0.51617956,0.51617956,1.0326884,0.0,0.092749506,0.0,0.0,0.042,-26.466352,2.2719598,0.7573199,0.16,0.0,0.18163656,0.0,0.0,336000
hardzero_only__c0p58__z1p00__lam0p000__nu0p50__psi0p00,hardzero_only,0.042,50,105,0.0,1,0.51617956,0.51617956,1.0933465,0.0,0.08065913,0.0,0.0,0.042,-27.549713,2.4054103,0.80180347,0.16800001,0.0,0.20548911,0.0,0.0,339200
hardzero_only__c0p58__z1p00__lam0p000__nu0p50__psi0p00,hardzero_only,0.042,50,106,0.0,1,0.51617956,0.51617956,1.0577309,0.0,0.08755261,0.0,0.0,0.042,-27.812716,2.3270545,0.77568483,0.15200001,0.0,0.1547945,0.0,0.0,342400
hardzero_only__c0p58__z1p00__lam0p000__nu0p50__psi0p00,hardzero_only,0.042,50,107,0.0,1,0.51617956,0.51617956,1.031745,0.0,0.09295119,0.0,0.0,0.042,-27.076712,2.269884,0.75662804,0.18400002,0.0,0.1506399,0.0,0.0,345600
hardzero_only__c0p58__z1p00__lam0p000__nu0p50__psi0p00,hardzero_only,0.042,50,108,0.0,1,0.51617956,0.520427,0.99512637,0.1011285,0.1011285,1.0,0.004247397,0.042,-26.953318,2.1893218,0.72977394,0.192,0.0,0.1859631,0.0,0.0,348800
hardzero_only__c0p58__z1p00__lam0p000__nu0p50__psi0p00,hardzero_only,0.042,50,109,0.0,1,0.520427,0.520427,1.0416104,0.0,0.09086353,0.0,0.0,0.042,-27.298038,2.2915885,0.76386285,0.15200001,0.0,0.1396309,0.0,0.0,352000
hardzero_only__c0p58__z1p00__lam0p000__nu0p50__psi0p00,hardzero_only,0.042,50,110,0.0,1,0.520427,0.520427,1.0498832,0.0,0.08914904,0.0,0.0,0.042,-28.110052,2.3097892,0.76992977,0.18400002,0.0,0.15928437,0.0,0.0,355200
hardzero_only__c0p58__z1p00__lam0p000__nu0p50__psi0p00,hardzero_only,0.042,50,111,0.0,1,0.520427,0.520427,1.0309656,0.0,0.09311818,0.0,0.0,0.042,-26.946314,2.2681696,0.75605655,0.16800001,0.0,0.1334976,0.0,0.0,358400
hardzero_only__c0p58__z1p00__lam0p000__nu0p50__psi0p00,hardzero_only,0.042,50,112,0.0,1,0.520427,0.5248478,0.9777443,0.10525814,0.10525814,1.0,0.0044208416,0.042,-26.279493,2.1510804,0.7170268,0.18400002,0.0,0.16524652,0.0,0.0,361600
hardzero_only__c0p58__z1p00__lam0p000__nu0p50__psi0p00,hardzero_only,0.042,50,113,0.0,1,0.5248478,0.52915734,0.98882145,0.10260738,0.10260738,1.0,0.00430951,0.042,-26.420506,2.1754506,0.7251502,0.16000001,0.0,0.14012605,0.0,0.0,364800
hardzero_only__c0p58__z1p00__lam0p000__nu0p50__psi0p00,hardzero_only,0.042,50,114,0.0,1,0.52915734,0.52915734,1.0240973,0.0,0.0946025,0.0,0.0,0.042,-26.95721,2.2530591,0.7510197,0.16000001,0.0,0.17127179,0.0,0.0,368000
hardzero_only__c0p58__z1p00__lam0p000__nu0p50__psi0p00,hardzero_only,0.042,50,115,0.0,1,0.52915734,0.53384334,0.95244795,0.11157118,0.11157118,1.0,0.0046859896,0.042,-26.541872,2.0954273,0.6984758,0.192,0.0,0.14294684,0.0,0.0,371200
hardzero_only__c0p58__z1p00__lam0p000__nu0p50__psi0p00,hardzero_only,0.042,50,116,0.0,1,0.53384334,0.53384334,1.028377,0.0,0.09367484,0.0,0.0,0.042,-26.4663,2.2624748,0.75415826,0.104,0.0,0.12451074,0.0,0.0,374400
hardzero_only__c0p58__z1p00__lam0p000__nu0p50__psi0p00,hardzero_only,0.042,50,117,0.0,1,0.53384334,0.53823155,0.98096156,0.10448126,0.10448126,1.0,0.0043882127,0.042,-26.339487,2.1581585,0.7193862,0.22,0.0,0.14153542,0.0,0.0,377600
hardzero_only__c0p58__z1p00__lam0p000__nu0p50__psi0p00,hardzero_only,0.042,50,118,0.0,1,0.53823155,0.53823155,1.0043985,0.0,0.09899233,0.0,0.0,0.042,-26.715729,2.2097208,0.73657364,0.17600001,0.0,0.14830968,0.0,0.0,380800
hardzero_only__c0p58__z1p00__lam0p000__nu0p50__psi0p00,hardzero_only,0.042,50,119,0.0,1,0.53823155,0.53823155,1.0084642,0.0,0.098069906,0.0,0.0,0.042,-27.491331,2.2186656,0.73955524,0.24800001,0.0,0.16176479,0.0,0.0,384000
hardzero_only__c0p58__z1p00__lam0p000__nu0p50__psi0p00,hardzero_only,0.042,50,120,0.0,1,0.53823155,0.5425548,0.9874414,0.10293394,0.10293394,1.0,0.0043232255,0.042,-27.509384,2.1724145,0.7241382,0.096,0.0,0.1723474,0.0,0.0,387200
hardzero_only__c0p58__z1p00__lam0p000__nu0p50__psi0p00,hardzero_only,0.042,50,121,0.0,1,0.5425548,0.5425548,1.0310476,0.0,0.09310057,0.0,0.0,0.042,-27.081137,2.26835,0.7561166,0.2,0.0,0.17988513,0.0,0.0,390400
hardzero_only__c0p58__z1p00__lam0p000__nu0p50__psi0p00,hardzero_only,0.042,50,122,0.0,1,0.5425548,0.5425548,1.0276872,0.0,0.093823746,0.0,0.0,0.042,-26.823849,2.260957,0.75365233,0.18400002,0.0,0.15241708,0.0,0.0,393600
hardzero_only__c0p58__z1p00__lam0p000__nu0p50__psi0p00,hardzero_only,0.042,50,123,0.0,1,0.5425548,0.5425548,1.0687954,0.0,0.08535019,0.0,0.0,0.042,-27.652903,2.3513968,0.78379893,0.16800001,0.0,0.15210722,0.0,0.0,396800
hardzero_only__c0p58__z1p00__lam0p000__nu0p50__psi0p00,hardzero_only,0.042,50,124,0.0,1,0.5425548,0.5425548,1.0756427,0.0,0.08401508,0.0,0.0,0.042,-27.542774,2.3664613,0.78882045,0.192,0.0,0.16276783,0.0,0.0,400000
hardzero_only__c0p58__z1p00__lam0p000__nu0p50__psi0p00,hardzero_only,0.042,50,125,0.0,1,0.5425548,0.5425548,1.0248222,0.0,0.09444473,0.0,0.0,0.042,-26.84709,2.254654,0.75155133,0.120000005,0.0,0.1704762,0.0,0.0,403200
hardzero_only__c0p58__z1p00__lam0p000__nu0p50__psi0p00,hardzero_only,0.042,50,126,0.0,1,0.5425548,0.5425548,1.0285797,0.0,0.09363114,0.0,0.0,0.042,-27.776098,2.2629206,0.7543069,0.112,0.0,0.14636241,0.0,0.0,406400
hardzero_only__c0p58__z1p00__lam0p000__nu0p50__psi0p00,hardzero_only,0.042,50,127,0.0,1,0.5425548,0.5425548,1.0300462,0.0,0.09331549,0.0,0.0,0.042,-27.25749,2.266147,0.7553823,0.128,0.0,0.15731288,0.0,0.0,409600
hardzero_only__c0p58__z1p00__lam0p000__nu0p50__psi0p00,hardzero_only,0.042,50,128,0.0,1,0.5425548,0.5425548,1.073684,0.0,0.08439486,0.0,0.0,0.042,-28.154078,2.3621519,0.787384,0.128,0.0,0.14064422,0.0,0.0,412800
hardzero_only__c0p58__z1p00__lam0p000__nu0p50__psi0p00,hardzero_only,0.042,50,129,0.0,1,0.5425548,0.5425548,1.075512,0.0,0.084040366,0.0,0.0,0.042,-27.853374,2.3661737,0.7887246,0.080000006,0.0,0.14486057,0.0,0.0,416000
hardzero_only__c0p58__z1p00__lam0p000__nu0p50__psi0p00,hardzero_only,0.042,50,130,0.0,1,0.5425548,0.5425548,1.0705462,0.0,0.08500682,0.0,0.0,0.042,-28.224356,2.3552485,0.7850828,0.21,0.01,0.15216044,0.0,0.0,419200
hardzero_only__c0p58__z1p00__lam0p000__nu0p50__psi0p00,hardzero_only,0.042,50,131,0.0,1,0.5425548,0.5425548,1.0008116,0.0,0.0998133,0.0,0.0,0.042,-27.316431,2.2018294,0.73394316,0.16800001,0.0,0.14801028,0.0,0.0,422400
hardzero_only__c0p58__z1p00__lam0p000__nu0p50__psi0p00,hardzero_only,0.042,50,132,0.0,1,0.5425548,0.5425548,1.014018,0.0,0.09682375,0.0,0.0,0.042,-25.899044,2.2308843,0.74362814,0.112,0.0,0.16294578,0.0,0.0,425600
hardzero_only__c0p58__z1p00__lam0p000__nu0p50__psi0p00,hardzero_only,0.042,50,133,0.0,1,0.5425548,0.5425548,1.0250111,0.0,0.09440369,0.0,0.0,0.042,-27.939182,2.2550693,0.7516898,0.192,0.0,0.19073978,0.0,0.0,428800
hardzero_only__c0p58__z1p00__lam0p000__nu0p50__psi0p00,hardzero_only,0.042,50,134,0.0,1,0.5425548,0.5425548,1.0449256,0.0,0.09017256,0.0,0.0,0.042,-27.932959,2.2988822,0.7662941,0.128,0.0,0.18072022,0.0,0.0,432000
hardzero_only__c0p58__z1p00__lam0p000__nu0p50__psi0p00,hardzero_only,0.042,50,135,0.0,1,0.5425548,0.5425548,1.0444196,0.0,0.09027768,0.0,0.0,0.042,-27.4275,2.297769,0.765923,0.16000001,0.0,0.1756274,0.0,0.0,435200
hardzero_only__c0p58__z1p00__lam0p000__nu0p50__psi0p00,hardzero_only,0.042,50,136,0.0,1,0.5425548,0.5469989,0.97546166,0.10581283,0.10581283,1.0,0.004444139,0.042,-26.073868,2.1460586,0.7153529,0.112,0.0,0.1443729,0.0,0.0,438400
hardzero_only__c0p58__z1p00__lam0p000__nu0p50__psi0p00,hardzero_only,0.042,50,137,0.0,1,0.5469989,0.5469989,1.0647432,0.0,0.0861503,0.0,0.0,0.042,-28.06457,2.3424819,0.7808273,0.16000001,0.0,0.16818106,0.0,0.0,441600
hardzero_only__c0p58__z1p00__lam0p000__nu0p50__psi0p00,hardzero_only,0.042,50,138,0.0,1,0.5469989,0.5469989,1.0289508,0.0,0.09355117,0.0,0.0,0.042,-28.339153,2.263737,0.754579,0.14400001,0.0,0.15874246,0.0,0.0,444800
hardzero_only__c0p58__z1p00__lam0p000__nu0p50__psi0p00,hardzero_only,0.042,50,139,0.0,1,0.5469989,0.5469989,1.0184013,0.0,0.09585146,0.0,0.0,0.042,-26.889456,2.2405274,0.7468425,0.216,0.0,0.17956191,0.0,0.0,448000
hardzero_only__c0p58__z1p00__lam0p000__nu0p50__psi0p00,hardzero_only,0.042,50,140,0.0,1,0.5469989,0.5469989,1.0176764,0.0,0.09601158,0.0,0.0,0.042,-27.701057,2.2389326,0.7463109,0.16000001,0.0,0.1443342,0.0,0.0,451200
hardzero_only__c0p58__z1p00__lam0p000__nu0p50__psi0p00,hardzero_only,0.042,50,141,0.0,1,0.5469989,0.5469989,1.0825897,0.0,0.08268187,0.0,0.0,0.042,-27.887556,2.381745,0.79391503,0.2,0.0,0.16048366,0.0,0.0,454400
hardzero_only__c0p58__z1p00__lam0p000__nu0p50__psi0p00,hardzero_only,0.042,50,142,0.0,1,0.5469989,0.5469989,1.0486087,0.0,0.08941107,0.0,0.0,0.042,-28.11997,2.3069851,0.76899505,0.208,0.0,0.1583153,0.0,0.0,457600
hardzero_only__c0p58__z1p00__lam0p000__nu0p50__psi0p00,hardzero_only,0.042,50,143,0.0,1,0.5469989,0.5469989,1.0217742,0.0,0.09510993,0.0,0.0,0.042,-27.217453,2.2479482,0.7493161,0.19999999,0.0,0.18123667,0.0,0.0,460800
hardzero_only__c0p58__z1p00__lam0p000__nu0p50__psi0p00,hardzero_only,0.042,50,144,0.0,1,0.5469989,0.5469989,1.0125046,0.0,0.09716177,0.0,0.0,0.042,-27.13289,2.2275546,0.7425182,0.216,0.0,0.14480604,0.0,0.0,464000
hardzero_only__c0p58__z1p00__lam0p000__nu0p50__psi0p00,hardzero_only,0.042,50,145,0.0,1,0.5469989,0.5469989,1.0012083,0.0,0.09972215,0.0,0.0,0.042,-26.93202,2.2027023,0.7342341,0.14400001,0.0,0.13418655,0.0,0.0,467200
hardzero_only__c0p58__z1p00__lam0p000__nu0p50__psi0p00,hardzero_only,0.042,50,146,0.0,1,0.5469989,0.5469989,1.0548732,0.0,0.088130616,0.0,0.0,0.042,-27.40345,2.3207674,0.77358913,0.17600001,0.0,0.16072412,0.0,0.0,470400
hardzero_only__c0p58__z1p00__lam0p000__nu0p50__psi0p00,hardzero_only,0.042,50,147,0.0,1,0.5469989,0.5469989,1.0145348,0.0,0.0967086,0.0,0.0,0.042,-27.097376,2.232021,0.74400705,0.216,0.0,0.1300653,0.0,0.0,473600
hardzero_only__c0p58__z1p00__lam0p000__nu0p50__psi0p00,hardzero_only,0.042,50,148,0.0,1,0.5469989,0.5469989,1.0143279,0.0,0.09675471,0.0,0.0,0.042,-27.470535,2.231566,0.74385536,0.14400001,0.0,0.17410338,0.0,0.0,476800
hardzero_only__c0p58__z1p00__lam0p000__nu0p50__psi0p00,hardzero_only,0.042,50,149,0.0,1,0.5469989,0.5469989,1.0471125,0.0,0.089719646,0.0,0.0,0.042,-27.30206,2.3036935,0.76789784,0.096,0.0,0.15622209,0.0,0.0,480000
hardzero_only__c0p58__z1p00__lam0p000__nu0p50__psi0p00,hardzero_only,0.042,50,150,0.0,1,0.5469989,0.5469989,1.0843441,0.0,0.08234853,0.0,0.0,0.042,-28.8715,2.3856049,0.79520166,0.14400001,0.0,0.17391412,0.0,0.0,483200
hardzero_only__c0p58__z1p00__lam0p000__nu0p50__psi0p00,hardzero_only,0.042,50,151,0.0,1,0.5469989,0.5515583,0.9643399,0.10855756,0.10855756,1.0,0.0045594173,0.042,-26.09148,2.1215901,0.7071967,0.14400001,0.0,0.13203289,0.0,0.0,486400
hardzero_only__c0p58__z1p00__lam0p000__nu0p50__psi0p00,hardzero_only,0.042,50,152,0.0,1,0.5515583,0.55588424,0.9871721,0.10299777,0.10299777,1.0,0.0043259063,0.042,-26.332705,2.171822,0.72394073,0.216,0.0,0.12791072,0.0,0.0,489600
hardzero_only__c0p58__z1p00__lam0p000__nu0p50__psi0p00,hardzero_only,0.042,50,153,0.0,1,0.55588424,0.55588424,1.0503184,0.0,0.08905978,0.0,0.0,0.042,-27.915836,2.3107464,0.77024883,0.16000001,0.0,0.14888668,0.0,0.0,492800
hardzero_only__c0p58__z1p00__lam0p000__nu0p50__psi0p00,hardzero_only,0.042,50,154,0.0,1,0.55588424,0.55588424,1.0277619,0.0,0.0938076,0.0,0.0,0.042,-26.924795,2.2611215,0.7537072,0.14400001,0.0,0.14673808,0.0,0.0,496000
hardzero_only__c0p58__z1p00__lam0p000__nu0p50__psi0p00,hardzero_only,0.042,50,155,0.0,1,0.55588424,0.55588424,1.0429355,0.0,0.090586714,0.0,0.0,0.042,-27.486519,2.294504,0.76483464,0.14400001,0.0,0.17736903,0.0,0.0,499200
hardzero_only__c0p58__z1p00__lam0p000__nu0p50__psi0p00,hardzero_only,0.042,50,156,0.0,1,0.55588424,0.55588424,1.0772907,0.0,0.083696894,0.0,0.0,0.042,-28.436325,2.3700867,0.7900289,0.19,0.0,0.1697701,0.0,0.0,502400
hardzero_only__c0p58__z1p00__lam0p000__nu0p50__psi0p00,hardzero_only,0.042,50,157,0.0,1,0.55588424,0.55588424,1.0247474,0.0,0.09446101,0.0,0.0,0.042,-26.984747,2.2544892,0.75149643,0.120000005,0.0,0.12779759,0.0,0.0,505600
hardzero_only__c0p58__z1p00__lam0p000__nu0p50__psi0p00,hardzero_only,0.042,50,158,0.0,1,0.55588424,0.55588424,1.0502774,0.0,0.08906818,0.0,0.0,0.042,-27.235931,2.3106563,0.7702188,0.18400002,0.0,0.1680559,0.0,0.0,508800
hardzero_only__c0p58__z1p00__lam0p000__nu0p50__psi0p00,hardzero_only,0.042,50,159,0.0,1,0.55588424,0.55588424,1.0282855,0.0,0.09369458,0.0,0.0,0.042,-26.941154,2.2622733,0.75409114,0.096,0.0,0.14793691,0.0,0.0,512000
hardzero_only__c0p58__z1p00__lam0p000__nu0p50__psi0p00,hardzero_only,0.042,50,160,0.0,1,0.55588424,0.55588424,1.0658039,0.0,0.085940145,0.0,0.0,0.042,-26.605137,2.3448153,0.7816051,0.128,0.0,0.1546368,0.0,0.0,515200
hardzero_only__c0p58__z1p00__lam0p000__nu0p50__psi0p00,hardzero_only,0.042,50,161,0.0,1,0.55588424,0.55588424,1.0093826,0.0,0.097862735,0.0,0.0,0.042,-27.394363,2.220686,0.74022865,0.136,0.0,0.16690321,0.0,0.0,518400
hardzero_only__c0p58__z1p00__lam0p000__nu0p50__psi0p00,hardzero_only,0.042,50,162,0.0,1,0.55588424,0.55588424,1.0285115,0.0,0.093645826,0.0,0.0,0.042,-27.898117,2.2627707,0.7542569,0.17600001,0.0,0.20674823,0.0,0.0,521600
hardzero_only__c0p58__z1p00__lam0p000__nu0p50__psi0p00,hardzero_only,0.042,50,163,0.0,1,0.55588424,0.56052047,0.9570832,0.11038669,0.11038669,1.0,0.004636241,0.042,-26.107695,2.1056252,0.7018751,0.16000001,0.0,0.15958318,0.0,0.0,524800
hardzero_only__c0p58__z1p00__lam0p000__nu0p50__psi0p00,hardzero_only,0.042,50,164,0.0,1,0.56052047,0.56052047,1.02826,0.0,0.09370008,0.0,0.0,0.042,-27.514347,2.2622173,0.7540724,0.136,0.0,0.13892995,0.0,0.0,528000
hardzero_only__c0p58__z1p00__lam0p000__nu0p50__psi0p00,hardzero_only,0.042,50,165,0.0,1,0.56052047,0.56052047,1.0402701,0.0,0.09114438,0.0,0.0,0.042,-27.273924,2.2886398,0.76287997,0.17600001,0.0,0.15636821,0.0,0.0,531200
hardzero_only__c0p58__z1p00__lam0p000__nu0p50__psi0p00,hardzero_only,0.042,50,166,0.0,1,0.56052047,0.56052047,1.0209221,0.0,0.09529671,0.0,0.0,0.042,-26.761679,2.2460735,0.7486912,0.16800001,0.0,0.15387638,0.0,0.0,534400
hardzero_only__c0p58__z1p00__lam0p000__nu0p50__psi0p00,hardzero_only,0.042,50,167,0.0,1,0.56052047,0.564912,0.98062986,0.1045611,0.1045611,1.0,0.004391566,0.042,-26.904099,2.1574287,0.7191429,0.15200001,0.0,0.14512771,0.0,0.0,537600
hardzero_only__c0p58__z1p00__lam0p000__nu0p50__psi0p00,hardzero_only,0.042,50,168,0.0,1,0.564912,0.564912,1.000361,0.0,0.09991692,0.0,0.0,0.042,-26.881298,2.200838,0.7336127,0.15200001,0.0,0.17911528,0.0,0.0,540800
hardzero_only__c0p58__z1p00__lam0p000__nu0p50__psi0p00,hardzero_only,0.042,50,169,0.0,1,0.564912,0.564912,1.1021307,0.0,0.07904409,0.0,0.0,0.042,-28.542044,2.4247358,0.8082453,0.16,0.0,0.17329055,0.0,0.0,544000
hardzero_only__c0p58__z1p00__lam0p000__nu0p50__psi0p00,hardzero_only,0.042,50,170,0.0,1,0.564912,0.564912,1.010519,0.0,0.097607,0.0,0.0,0.042,-27.081493,2.2231863,0.7410621,0.16800001,0.0,0.12518369,0.0,0.0,547200
hardzero_only__c0p58__z1p00__lam0p000__nu0p50__psi0p00,hardzero_only,0.042,50,171,0.0,1,0.564912,0.564912,1.0226626,0.0,0.09491554,0.0,0.0,0.042,-26.91403,2.2499027,0.7499676,0.16800001,0.0,0.16003567,0.0,0.0,550400
hardzero_only__c0p58__z1p00__lam0p000__nu0p50__psi0p00,hardzero_only,0.042,50,172,0.0,1,0.564912,0.564912,1.0377645,0.0,0.091671735,0.0,0.0,0.042,-27.644512,2.2831275,0.76104254,0.17600001,0.0,0.1541762,0.0,0.0,553600
hardzero_only__c0p58__z1p00__lam0p000__nu0p50__psi0p00,hardzero_only,0.042,50,173,0.0,1,0.564912,0.564912,1.0209589,0.0,0.09528863,0.0,0.0,0.042,-26.818914,2.2461545,0.7487182,0.23200001,0.0,0.17353532,0.0,0.0,556800
hardzero_only__c0p58__z1p00__lam0p000__nu0p50__psi0p00,hardzero_only,0.042,50,174,0.0,1,0.564912,0.564912,1.069462,0.0,0.0852193,0.0,0.0,0.042,-27.907866,2.3528633,0.7842878,0.096,0.0,0.16281864,0.0,0.0,560000
hardzero_only__c0p58__z1p00__lam0p000__nu0p50__psi0p00,hardzero_only,0.042,50,175,0.0,1,0.564912,0.564912,1.0312017,0.0,0.09306755,0.0,0.0,0.042,-26.626472,2.2686892,0.75622976,0.192,0.008,0.15133467,0.0,0.0,563200
hardzero_only__c0p58__z1p00__lam0p000__nu0p50__psi0p00,hardzero_only,0.042,50,176,0.0,1,0.564912,0.564912,1.0367056,0.0,0.091895536,0.0,0.0,0.042,-27.490786,2.280798,0.760266,0.136,0.0,0.15182137,0.0,0.0,566400
hardzero_only__c0p58__z1p00__lam0p000__nu0p50__psi0p00,hardzero_only,0.042,50,177,0.0,1,0.564912,0.564912,1.0289351,0.0,0.09355456,0.0,0.0,0.042,-26.638151,2.2637024,0.7545675,0.208,0.0,0.13826735,0.0,0.0,569600
hardzero_only__c0p58__z1p00__lam0p000__nu0p50__psi0p00,hardzero_only,0.042,50,178,0.0,1,0.564912,0.564912,1.0465773,0.0,0.08983026,0.0,0.0,0.042,-27.770292,2.3025162,0.7675054,0.16800001,0.0,0.16704325,0.0,0.0,572800
hardzero_only__c0p58__z1p00__lam0p000__nu0p50__psi0p00,hardzero_only,0.042,50,179,0.0,1,0.564912,0.564912,1.0756501,0.0,0.08401366,0.0,0.0,0.042,-28.50058,2.3664775,0.78882587,0.096,0.0,0.13714996,0.0,0.0,576000
hardzero_only__c0p58__z1p00__lam0p000__nu0p50__psi0p00,hardzero_only,0.042,50,180,0.0,1,0.564912,0.564912,1.0090152,0.0,0.09794555,0.0,0.0,0.042,-25.804556,2.2198777,0.73995924,0.16000001,0.0,0.13046156,0.0,0.0,579200
hardzero_only__c0p58__z1p00__lam0p000__nu0p50__psi0p00,hardzero_only,0.042,50,181,0.0,1,0.564912,0.56939745,0.9714456,0.106795855,0.106795855,1.0,0.004485426,0.042,-26.3793,2.137223,0.7124077,0.192,0.0,0.1648089,0.0,0.0,582400
hardzero_only__c0p58__z1p00__lam0p000__nu0p50__psi0p00,hardzero_only,0.042,50,182,0.0,1,0.56939745,0.56939745,1.0512496,0.0,0.08886901,0.0,0.0,0.042,-28.44291,2.3127954,0.77093184,0.089999996,0.0,0.17078575,0.0,0.0,585600
hardzero_only__c0p58__z1p00__lam0p000__nu0p50__psi0p00,hardzero_only,0.042,50,183,0.0,1,0.56939745,0.56939745,1.040007,0.0,0.091199614,0.0,0.0,0.042,-26.548067,2.2880611,0.7626871,0.128,0.0,0.13495013,0.0,0.0,588800
hardzero_only__c0p58__z1p00__lam0p000__nu0p50__psi0p00,hardzero_only,0.042,50,184,0.0,1,0.56939745,0.56939745,1.080457,0.0,0.08308889,0.0,0.0,0.042,-27.60199,2.3770528,0.79235095,0.128,0.0,0.14901651,0.0,0.0,592000
hardzero_only__c0p58__z1p00__lam0p000__nu0p50__psi0p00,hardzero_only,0.042,50,185,0.0,1,0.56939745,0.56939745,1.0343848,0.0,0.09238791,0.0,0.0,0.042,-27.590708,2.2756922,0.7585641,0.14400001,0.0,0.16018873,0.0,0.0,595200
hardzero_only__c0p58__z1p00__lam0p000__nu0p50__psi0p00,hardzero_only,0.042,50,186,0.0,1,0.56939745,0.56939745,1.019214,0.0,0.09567224,0.0,0.0,0.042,-26.56927,2.2423158,0.7474386,0.136,0.0,0.1501837,0.0,0.0,598400
hardzero_only__c0p58__z1p00__lam0p000__nu0p50__psi0p00,hardzero_only,0.042,50,187,0.0,1,0.56939745,0.56939745,1.0517668,0.0,0.08876326,0.0,0.0,0.042,-27.454521,2.3139331,0.77131104,0.16800001,0.0,0.16568594,0.0,0.0,601600
hardzero_only__c0p58__z1p00__lam0p000__nu0p50__psi0p00,hardzero_only,0.042,50,188,0.0,1,0.56939745,0.56939745,1.0224332,0.0,0.094965704,0.0,0.0,0.042,-27.800642,2.249398,0.7497994,0.18400002,0.0,0.15000238,0.0,0.0,604800
hardzero_only__c0p58__z1p00__lam0p000__nu0p50__psi0p00,hardzero_only,0.042,50,189,0.0,1,0.56939745,0.56939745,1.0151813,0.0,0.09656476,0.0,0.0,0.042,-27.647606,2.2334435,0.7444812,0.216,0.0,0.17568345,0.0,0.0,608000
hardzero_only__c0p58__z1p00__lam0p000__nu0p50__psi0p00,hardzero_only,0.042,50,190,0.0,1,0.56939745,0.5737856,0.98097014,0.104479186,0.104479186,1.0,0.0043881256,0.042,-26.528164,2.1581774,0.7193925,0.16000001,0.0,0.12424459,0.0,0.0,611200
hardzero_only__c0p58__z1p00__lam0p000__nu0p50__psi0p00,hardzero_only,0.042,50,191,0.0,1,0.5737856,0.5737856,1.0319468,0.0,0.09290802,0.0,0.0,0.042,-28.030107,2.2703283,0.7567761,0.16000001,0.0,0.15365995,0.0,0.0,614400
hardzero_only__c0p58__z1p00__lam0p000__nu0p50__psi0p00,hardzero_only,0.042,50,192,0.0,1,0.5737856,0.5737856,1.0641766,0.0,0.08626277,0.0,0.0,0.042,-27.81316,2.3412352,0.7804117,0.15200001,0.0,0.14313805,0.0,0.0,617600
hardzero_only__c0p58__z1p00__lam0p000__nu0p50__psi0p00,hardzero_only,0.042,50,193,0.0,1,0.5737856,0.5737856,1.0807219,0.0,0.08303823,0.0,0.0,0.042,-27.770208,2.3776355,0.7925452,0.17600001,0.0,0.14647473,0.0,0.0,620800
hardzero_only__c0p58__z1p00__lam0p000__nu0p50__psi0p00,hardzero_only,0.042,50,194,0.0,1,0.5737856,0.5737856,1.056808,0.0,0.087738864,0.0,0.0,0.042,-27.822496,2.3250241,0.7750081,0.112,0.0,0.15610993,0.0,0.0,624000
hardzero_only__c0p58__z1p00__lam0p000__nu0p50__psi0p00,hardzero_only,0.042,50,195,0.0,1,0.5737856,0.5780405,0.994364,0.10130619,0.10130619,1.0,0.00425486,0.042,-26.824247,2.1876445,0.72921485,0.11,0.0,0.13744861,0.0,0.0,627200
hardzero_only__c0p58__z1p00__lam0p000__nu0p50__psi0p00,hardzero_only,0.042,50,196,0.0,1,0.5780405,0.5780405,1.0137727,0.0,0.09687848,0.0,0.0,0.042,-27.437788,2.2303445,0.7434482,0.16000001,0.0,0.1294307,0.0,0.0,630400
hardzero_only__c0p58__z1p00__lam0p000__nu0p50__psi0p00,hardzero_only,0.042,50,197,0.0,1,0.5780405,0.5780405,1.032216,0.0,0.09285047,0.0,0.0,0.042,-26.415627,2.2709205,0.7569735,0.16800001,0.0,0.15003586,0.0,0.0,633600
hardzero_only__c0p58__z1p00__lam0p000__nu0p50__psi0p00,hardzero_only,0.042,50,198,0.0,1,0.5780405,0.5780405,1.0492918,0.0,0.08927053,0.0,0.0,0.042,-28.398794,2.3084881,0.7694961,0.15200001,0.0,0.1883325,0.0,0.0,636800
hardzero_only__c0p58__z1p00__lam0p000__nu0p50__psi0p00,hardzero_only,0.042,50,199,0.0,1,0.5780405,0.58237064,0.98674464,0.10309922,0.10309922,1.0,0.004330167,0.042,-26.637484,2.1708815,0.7236272,0.16000001,0.0,0.1298455,0.0,0.0,640000
hardzero_only__c0p58__z1p00__lam0p000__nu0p50__psi0p00,hardzero_only,0.042,50,200,1.0,2,0.58237064,0.0023706555,1.0113991,0.0,0.0974094,0.0,0.0,0.042,-26.29866,2.2251225,0.7417075,0.17600001,0.0,0.12394815,0.0,0.0,643200
hardzero_only__c0p58__z1p00__lam0p000__nu0p50__psi0p00,hardzero_only,0.042,50,201,0.0,2,0.0023706555,0.0023706555,1.0190316,0.0,0.09571242,0.0,0.0,0.042,-27.1678,2.2419145,0.74730486,0.14400001,0.0,0.14156532,0.0,0.0,646400
hardzero_only__c0p58__z1p00__lam0p000__nu0p50__psi0p00,hardzero_only,0.042,50,202,0.0,2,0.0023706555,0.0023706555,1.0376416,0.0,0.091697685,0.0,0.0,0.042,-27.570852,2.2828572,0.7609524,0.18400002,0.0,0.17331271,0.0,0.0,649600
hardzero_only__c0p58__z1p00__lam0p000__nu0p50__psi0p00,hardzero_only,0.042,50,203,0.0,2,0.0023706555,0.0023706555,1.015122,0.0,0.096577935,0.0,0.0,0.042,-27.456034,2.233313,0.7444377,0.16800001,0.0,0.15557393,0.0,0.0,652800
hardzero_only__c0p58__z1p00__lam0p000__nu0p50__psi0p00,hardzero_only,0.042,50,204,0.0,2,0.0023706555,0.0023706555,1.0657737,0.0,0.08594611,0.0,0.0,0.042,-28.908543,2.344749,0.781583,0.112,0.0,0.1512618,0.0,0.0,656000
hardzero_only__c0p58__z1p00__lam0p000__nu0p50__psi0p00,hardzero_only,0.042,50,205,0.0,2,0.0023706555,0.0023706555,1.0233704,0.0,0.094761,0.0,0.0,0.042,-27.013498,2.2514598,0.7504866,0.136,0.0,0.15121222,0.0,0.0,659200
hardzero_only__c0p58__z1p00__lam0p000__nu0p50__psi0p00,hardzero_only,0.042,50,206,0.0,2,0.0023706555,0.0023706555,1.0190042,0.0,0.09571847,0.0,0.0,0.042,-27.376976,2.2418542,0.74728477,0.17600001,0.0,0.15093336,0.0,0.0,662400
hardzero_only__c0p58__z1p00__lam0p000__nu0p50__psi0p00,hardzero_only,0.042,50,207,0.0,2,0.0023706555,0.0023706555,1.004005,0.0,0.09908206,0.0,0.0,0.042,-26.498978,2.208855,0.736285,0.15200001,0.0,0.16206904,0.0,0.0,665600
hardzero_only__c0p58__z1p00__lam0p000__nu0p50__psi0p00,hardzero_only,0.042,50,208,0.0,2,0.0023706555,0.0023706555,1.0242411,0.0,0.094571196,0.0,0.0,0.042,-27.580444,2.2533753,0.7511251,0.12,0.0,0.15783785,0.0,0.0,668800
hardzero_only__c0p58__z1p00__lam0p000__nu0p50__psi0p00,hardzero_only,0.042,50,209,0.0,2,0.0023706555,0.0069846814,0.95916927,0.10985776,0.10985776,1.0,0.004614026,0.042,-25.718029,2.1102145,0.70340484,0.16000001,0.0,0.13024762,0.0,0.0,672000
hardzero_only__c0p58__z1p00__lam0p000__nu0p50__psi0p00,hardzero_only,0.042,50,210,0.0,2,0.0069846814,0.0069846814,1.0117055,0.0,0.097340696,0.0,0.0,0.042,-27.201529,2.2257965,0.74193215,0.16000001,0.0,0.1694383,0.0,0.0,675200
hardzero_only__c0p58__z1p00__lam0p000__nu0p50__psi0p00,hardzero_only,0.042,50,211,0.0,2,0.0069846814,0.011259763,0.99230486,0.101787664,0.101787664,1.0,0.0042750817,0.042,-26.077328,2.1831143,0.72770476,0.112,0.0,0.10826886,0.0,0.0,678400
hardzero_only__c0p58__z1p00__lam0p000__nu0p50__psi0p00,hardzero_only,0.042,50,212,0.0,2,0.011259763,0.015806168,0.96558094,0.10824778,0.10824778,1.0,0.0045464067,0.042,-26.62168,2.1243205,0.7081069,0.2,0.0,0.15945294,0.0,0.0,681600
hardzero_only__c0p58__z1p00__lam0p000__nu0p50__psi0p00,hardzero_only,0.042,50,213,0.0,2,0.015806168,0.020160943,0.9842836,0.10368512,0.10368512,1.0,0.004354775,0.042,-26.341799,2.1654673,0.72182244,0.14400001,0.0,0.15447591,0.0,0.0,684800
hardzero_only__c0p58__z1p00__lam0p000__nu0p50__psi0p00,hardzero_only,0.042,50,214,0.0,2,0.020160943,0.020160943,1.0057319,0.0,0.098688826,0.0,0.0,0.042,-27.025318,2.2126544,0.73755145,0.17600001,0.0,0.13887456,0.0,0.0,688000
hardzero_only__c0p58__z1p00__lam0p000__nu0p50__psi0p00,hardzero_only,0.042,50,215,0.0,2,0.020160943,0.020160943,1.0101879,0.0,0.09768144,0.0,0.0,0.042,-27.606876,2.2224576,0.7408192,0.112,0.0,0.15860654,0.0,0.0,691200
hardzero_only__c0p58__z1p00__lam0p000__nu0p50__psi0p00,hardzero_only,0.042,50,216,0.0,2,0.020160943,0.020160943,1.0626602,0.0,0.08656449,0.0,0.0,0.042,-27.857563,2.3378992,0.77929974,0.136,0.0,0.14930663,0.0,0.0,694400
hardzero_only__c0p58__z1p00__lam0p000__nu0p50__psi0p00,hardzero_only,0.042,50,217,0.0,2,0.020160943,0.024487,0.98715705,0.103001356,0.103001356,1.0,0.0043260567,0.042,-27.645468,2.171789,0.72392964,0.15200001,0.0,0.13974704,0.0,0.0,697600
hardzero_only__c0p58__z1p00__lam0p000__nu0p50__psi0p00,hardzero_only,0.042,50,218,0.0,2,0.024487,0.024487,1.0018212,0.0,0.09958154,0.0,0.0,0.042,-26.05389,2.2040505,0.7346835,0.14400001,0.0,0.129692,0.0,0.0,700800
hardzero_only__c0p58__z1p00__lam0p000__nu0p50__psi0p00,hardzero_only,0.042,50,219,0.0,2,0.024487,0.024487,1.0216204,0.0,0.09514361,0.0,0.0,0.042,-27.283104,2.2476099,0.7492033,0.136,0.0,0.15562284,0.0,0.0,704000
hardzero_only__c0p58__z1p00__lam0p000__nu0p50__psi0p00,hardzero_only,0.042,50,220,0.0,2,0.024487,0.024487,1.0415952,0.0,0.0908667,0.0,0.0,0.042,-27.90542,2.2915552,0.76385176,0.18400002,0.0,0.16812547,0.0,0.0,707200
hardzero_only__c0p58__z1p00__lam0p000__nu0p50__psi0p00,hardzero_only,0.042,50,221,0.0,2,0.024487,0.024487,1.0108602,0.0,0.09753035,0.0,0.0,0.042,-27.838905,2.2239368,0.74131227,0.16,0.0,0.14730723,0.0,0.0,710400
hardzero_only__c0p58__z1p00__lam0p000__nu0p50__psi0p00,hardzero_only,0.042,50,222,0.0,2,0.024487,0.028983817,0.970344,0.107067086,0.107067086,1.0,0.0044968175,0.042,-26.095541,2.1347995,0.7115998,0.18400002,0.0,0.17842416,0.0,0.0,713600
hardzero_only__c0p58__z1p00__lam0p000__nu0p50__psi0p00,hardzero_only,0.042,50,223,0.0,2,0.028983817,0.028983817,1.0406222,0.0,0.0910705,0.0,0.0,0.042,-27.802595,2.2894146,0.76313823,0.14400001,0.0,0.15624157,0.0,0.0,716800
hardzero_only__c0p58__z1p00__lam0p000__nu0p50__psi0p00,hardzero_only,0.042,50,224,0.0,2,0.028983817,0.028983817,1.0217153,0.0,0.09512281,0.0,0.0,0.042,-26.878387,2.2478185,0.7492728,0.112,0.0,0.15255761,0.0,0.0,720000
hardzero_only__c0p58__z1p00__lam0p000__nu0p50__psi0p00,hardzero_only,0.042,50,225,0.0,2,0.028983817,0.028983817,1.031048,0.0,0.09310049,0.0,0.0,0.042,-27.940353,2.268351,0.75611705,0.2,0.0,0.17429037,0.0,0.0,723200
hardzero_only__c0p58__z1p00__lam0p000__nu0p50__psi0p00,hardzero_only,0.042,50,226,0.0,2,0.028983817,0.028983817,1.0093313,0.0,0.097874284,0.0,0.0,0.042,-27.756685,2.2205732,0.7401911,0.17600001,0.0,0.17444709,0.0,0.0,726400
hardzero_only__c0p58__z1p00__lam0p000__nu0p50__psi0p00,hardzero_only,0.042,50,227,0.0,2,0.028983817,0.028983817,1.043119,0.0,0.09054845,0.0,0.0,0.042,-27.999407,2.2949076,0.7649692,0.14400001,0.0,0.16226754,0.0,0.0,729600
hardzero_only__c0p58__z1p00__lam0p000__nu0p50__psi0p00,hardzero_only,0.042,50,228,0.0,2,0.028983817,0.033414744,0.9767548,0.105498224,0.105498224,1.0,0.0044309255,0.042,-26.62592,2.1489034,0.71630114,0.192,0.0,0.1563391,0.0,0.0,732800
hardzero_only__c0p58__z1p00__lam0p000__nu0p50__psi0p00,hardzero_only,0.042,50,229,0.0,2,0.033414744,0.033414744,1.0475416,0.0,0.08963102,0.0,0.0,0.042,-28.495756,2.3046377,0.76821256,0.15200001,0.0,0.17997055,0.0,0.0,736000
hardzero_only__c0p58__z1p00__lam0p000__nu0p50__psi0p00,hardzero_only,0.042,50,230,0.0,2,0.033414744,0.033414744,1.0236953,0.0,0.0946901,0.0,0.0,0.042,-27.416346,2.2521746,0.7507249,0.17600001,0.0,0.16019724,0.0,0.0,739200
hardzero_only__c0p58__z1p00__lam0p000__nu0p50__psi0p00,hardzero_only,0.042,50,231,0.0,2,0.033414744,0.033414744,1.0162632,0.0,0.096324496,0.0,0.0,0.042,-27.015652,2.2358239,0.74527466,0.136,0.0,0.15456411,0.0,0.0,742400
hardzero_only__c0p58__z1p00__lam0p000__nu0p50__psi0p00,hardzero_only,0.042,50,232,0.0,2,0.033414744,0.033414744,1.0133268,0.0,0.096978016,0.0,0.0,0.042,-27.184319,2.2293634,0.74312115,0.14400001,0.0,0.15167949,0.0,0.0,745600
hardzero_only__c0p58__z1p00__lam0p000__nu0p50__psi0p00,hardzero_only,0.042,50,233,0.0,2,0.033414744,0.03772658,0.9885869,0.1026628,0.1026628,1.0,0.0043118377,0.042,-27.453701,2.1749346,0.7249782,0.224,0.0,0.14835443,0.0,0.0,748800
hardzero_only__c0p58__z1p00__lam0p000__nu0p50__psi0p00,hardzero_only,0.042,50,234,0.0,2,0.03772658,0.03772658,1.0753032,0.0,0.08408079,0.0,0.0,0.042,-28.432878,2.3657143,0.7885715,0.099999994,0.0,0.17172131,0.0,0.0,752000
hardzero_only__c0p58__z1p00__lam0p000__nu0p50__psi0p00,hardzero_only,0.042,50,235,0.0,2,0.03772658,0.04203776,0.9886534,0.10264706,0.10264706,1.0,0.0043111765,0.042,-27.274328,2.175081,0.725027,0.17600001,0.0,0.13623355,0.0,0.0,755200
hardzero_only__c0p58__z1p00__lam0p000__nu0p50__psi0p00,hardzero_only,0.042,50,236,0.0,2,0.04203776,0.046406563,0.98288673,0.10401914,0.10401914,1.0,0.004368804,0.042,-25.990122,2.162394,0.720798,0.16000001,0.0,0.1399333,0.0,0.0,758400
hardzero_only__c0p58__z1p00__lam0p000__nu0p50__psi0p00,hardzero_only,0.042,50,237,0.0,2,0.046406563,0.05074324,0.98609215,0.103254214,0.103254214,1.0,0.004336677,0.042,-26.101278,2.169446,0.7231487,0.120000005,0.0,0.15098146,0.0,0.0,761600
hardzero_only__c0p58__z1p00__lam0p000__nu0p50__psi0p00,hardzero_only,0.042,50,238,0.0,2,0.05074324,0.05517068,0.97709656,0.105415255,0.105415255,1.0,0.0044274405,0.042,-25.987154,2.1496553,0.7165518,0.2,0.0,0.13770808,0.0,0.0,764800
hardzero_only__c0p58__z1p00__lam0p000__nu0p50__psi0p00,hardzero_only,0.042,50,239,0.0,2,0.05517068,0.059760667,0.96143776,0.109285414,0.109285414,1.0,0.0045899875,0.042,-25.734064,2.1152053,0.70506847,0.16800001,0.0,0.13675377,0.0,0.0,768000
hardzero_only__c0p58__z1p00__lam0p000__nu0p50__psi0p00,hardzero_only,0.042,50,240,0.0,2,0.059760667,0.059760667,1.0468467,0.0,0.08977455,0.0,0.0,0.042,-27.551735,2.303109,0.767703,0.120000005,0.0,0.14236933,0.0,0.0,771200
hardzero_only__c0p58__z1p00__lam0p000__nu0p50__psi0p00,hardzero_only,0.042,50,241,0.0,2,0.059760667,0.059760667,1.0199797,0.0,0.09550372,0.0,0.0,0.042,-27.211384,2.2440002,0.7480001,0.18400002,0.0,0.18043831,0.0,0.0,774400
hardzero_only__c0p58__z1p00__lam0p000__nu0p50__psi0p00,hardzero_only,0.042,50,242,0.0,2,0.059760667,0.059760667,1.0153743,0.0,0.09652186,0.0,0.0,0.042,-27.380766,2.2338681,0.7446227,0.16000001,0.0,0.16400336,0.0,0.0,777600
hardzero_only__c0p58__z1p00__lam0p000__nu0p50__psi0p00,hardzero_only,0.042,50,243,0.0,2,0.059760667,0.059760667,1.0228186,0.0,0.09488147,0.0,0.0,0.042,-26.539654,2.2502458,0.75008196,0.15200001,0.0,0.16536848,0.0,0.0,780800
hardzero_only__c0p58__z1p00__lam0p000__nu0p50__psi0p00,hardzero_only,0.042,50,244,0.0,2,0.059760667,0.059760667,1.0046434,0.0,0.098936506,0.0,0.0,0.042,-26.915558,2.2102597,0.7367532,0.16800001,0.008,0.14905503,0.0,0.0,784000
hardzero_only__c0p58__z1p00__lam0p000__nu0p50__psi0p00,hardzero_only,0.042,50,245,0.0,2,0.059760667,0.059760667,1.0167469,0.0,0.09621728,0.0,0.0,0.042,-28.013557,2.2368877,0.74562925,0.14400001,0.0,0.14370883,0.0,0.0,787200
hardzero_only__c0p58__z1p00__lam0p000__nu0p50__psi0p00,hardzero_only,0.042,50,246,0.0,2,0.059760667,0.059760667,1.030228,0.0,0.09327645,0.0,0.0,0.042,-27.018513,2.266547,0.7555157,0.104,0.0,0.15328544,0.0,0.0,790400
hardzero_only__c0p58__z1p00__lam0p000__nu0p50__psi0p00,hardzero_only,0.042,50,247,0.0,2,0.059760667,0.059760667,1.0788313,0.0,0.083400495,0.0,0.0,0.042,-28.298605,2.3734763,0.7911588,0.14,0.0,0.15001386,0.0,0.0,793600
hardzero_only__c0p58__z1p00__lam0p000__nu0p50__psi0p00,hardzero_only,0.042,50,248,0.0,2,0.059760667,0.06453313,0.9445071,0.11362997,0.11362997,1.0,0.0047724587,0.042,-25.487095,2.0779572,0.6926524,0.208,0.0,0.15051304,0.0,0.0,796800
hardzero_only__c0p58__z1p00__lam0p000__nu0p50__psi0p00,hardzero_only,0.042,50,249,0.0,2,0.06453313,0.06453313,1.0317652,0.0,0.09294688,0.0,0.0,0.042,-27.616928,2.269929,0.756643,0.16000001,0.0,0.16902402,0.0,0.0,800000
hardzero_only__c0p58__z1p00__lam0p000__nu0p50__psi0p00,hardzero_only,0.042,50,250,0.0,2,0.06453313,0.06453313,1.0175829,0.0,0.096032254,0.0,0.0,0.042,-27.503466,2.238727,0.7462424,0.216,0.0,0.123178385,0.0,0.0,803200
hardzero_only__c0p58__z1p00__lam0p000__nu0p50__psi0p00,hardzero_only,0.042,50,251,0.0,2,0.06453313,0.06893801,0.97931534,0.10487805,0.10487805,1.0,0.0044048782,0.042,-26.23623,2.1545367,0.7181789,0.14400001,0.0,0.15119933,0.0,0.0,806400
hardzero_only__c0p58__z1p00__lam0p000__nu0p50__psi0p00,hardzero_only,0.042,50,252,0.0,2,0.06893801,0.06893801,1.0194986,0.0,0.09560958,0.0,0.0,0.042,-27.125153,2.2429416,0.7476472,0.112,0.0,0.15252224,0.0,0.0,809600
hardzero_only__c0p58__z1p00__lam0p000__nu0p50__psi0p00,hardzero_only,0.042,50,253,0.0,2,0.06893801,0.06893801,1.0078342,0.0,0.09821227,0.0,0.0,0.042,-27.04266,2.2172794,0.7390932,0.2,0.0,0.17953344,0.0,0.0,812800
hardzero_only__c0p58__z1p00__lam0p000__nu0p50__psi0p00,hardzero_only,0.042,50,254,0.0,2,0.06893801,0.06893801,1.0468144,0.0,0.089781225,0.0,0.0,0.042,-27.766436,2.303038,0.76767933,0.17600001,0.0,0.16303283,0.0,0.0,816000
hardzero_only__c0p58__z1p00__lam0p000__nu0p50__psi0p00,hardzero_only,0.042,50,255,0.0,2,0.06893801,0.06893801,1.0223159,0.0,0.094991356,0.0,0.0,0.042,-27.383553,2.2491398,0.7497133,0.15200001,0.0,0.1744642,0.0,0.0,819200
hardzero_only__c0p58__z1p00__lam0p000__nu0p50__psi0p00,hardzero_only,0.042,50,256,0.0,2,0.06893801,0.07315784,0.9979544,0.10047212,0.10047212,1.0,0.004219829,0.042,-27.491451,2.1955435,0.7318479,0.18400002,0.0,0.1593207,0.0,0.0,822400
hardzero_only__c0p58__z1p00__lam0p000__nu0p50__psi0p00,hardzero_only,0.042,50,257,0.0,2,0.07315784,0.07315784,1.0153693,0.0,0.09652297,0.0,0.0,0.042,-27.598188,2.2338572,0.7446191,0.16000001,0.008,0.14161769,0.0,0.0,825600
hardzero_only__c0p58__z1p00__lam0p000__nu0p50__psi0p00,hardzero_only,0.042,50,258,0.0,2,0.07315784,0.07790279,0.94701785,0.11297494,0.11297494,1.0,0.0047449474,0.042,-26.258709,2.0834808,0.69449365,0.208,0.0,0.12240021,0.0,0.0,828800
hardzero_only__c0p58__z1p00__lam0p000__nu0p50__psi0p00,hardzero_only,0.042,50,259,0.0,2,0.07790279,0.07790279,1.0743482,0.0,0.08426589,0.0,0.0,0.042,-28.607061,2.3636134,0.7878711,0.16800001,0.0,0.17861898,0.0,0.0,832000
hardzero_only__c0p58__z1p00__lam0p000__nu0p50__psi0p00,hardzero_only,0.042,50,260,0.0,2,0.07790279,0.082247645,0.9852737,0.103449,0.103449,1.0,0.004344858,0.042,-27.091763,2.1676455,0.7225485,0.19,0.0,0.15075569,0.0,0.0,835200
hardzero_only__c0p58__z1p00__lam0p000__nu0p50__psi0p00,hardzero_only,0.042,50,261,0.0,2,0.082247645,0.082247645,1.0268745,0.0,0.09399948,0.0,0.0,0.042,-27.34683,2.259169,0.7530564,0.16800001,0.0,0.1478608,0.0,0.0,838400
hardzero_only__c0p58__z1p00__lam0p000__nu0p50__psi0p00,hardzero_only,0.042,50,262,0.0,2,0.082247645,0.08663139,0.98140424,0.10437482,0.10437482,1.0,0.0043837423,0.042,-26.489424,2.1591325,0.7197108,0.216,0.0,0.1526998,0.0,0.0,841600
hardzero_only__c0p58__z1p00__lam0p000__nu0p50__psi0p00,hardzero_only,0.042,50,263,0.0,2,0.08663139,0.090861425,0.9969046,0.100715265,0.100715265,1.0,0.004230041,0.042,-26.297153,2.193234,0.731078,0.16000001,0.0,0.12830345,0.0,0.0,844800
hardzero_only__c0p58__z1p00__lam0p000__nu0p50__psi0p00,hardzero_only,0.042,50,264,0.0,2,0.090861425,0.095301576,0.9758515,0.10571789,0.10571789,1.0,0.004440151,0.042,-25.587397,2.1469162,0.71563876,0.18400002,0.0,0.13988982,0.0,0.0,848000
hardzero_only__c0p58__z1p00__lam0p000__nu0p50__psi0p00,hardzero_only,0.042,50,265,0.0,2,0.095301576,0.095301576,1.0026559,0.0,0.09939031,0.0,0.0,0.042,-26.771744,2.2058868,0.73529565,0.08800001,0.0,0.16080856,0.0,0.0,851200
hardzero_only__c0p58__z1p00__lam0p000__nu0p50__psi0p00,hardzero_only,0.042,50,266,0.0,2,0.095301576,0.095301576,1.0565537,0.0,0.08779025,0.0,0.0,0.042,-27.741413,2.3244646,0.7748215,0.16000001,0.0,0.17201822,0.0,0.0,854400
hardzero_only__c0p58__z1p00__lam0p000__nu0p50__psi0p00,hardzero_only,0.042,50,267,0.0,2,0.095301576,0.095301576,1.0399364,0.0,0.091214426,0.0,0.0,0.042,-27.53926,2.287906,0.76263535,0.17600001,0.0,0.16714877,0.0,0.0,857600
hardzero_only__c0p58__z1p00__lam0p000__nu0p50__psi0p00,hardzero_only,0.042,50,268,0.0,2,0.095301576,0.095301576,1.0230312,0.0,0.09483501,0.0,0.0,0.042,-27.397352,2.2507136,0.7502379,0.120000005,0.0,0.1457395,0.0,0.0,860800
hardzero_only__c0p58__z1p00__lam0p000__nu0p50__psi0p00,hardzero_only,0.042,50,269,0.0,2,0.095301576,0.09967071,0.98285395,0.10402699,0.10402699,1.0,0.0043691336,0.042,-25.909895,2.1623218,0.72077394,0.17600001,0.0,0.12821895,0.0,0.0,864000
hardzero_only__c0p58__z1p00__lam0p000__nu0p50__psi0p00,hardzero_only,0.042,50,270,0.0,2,0.09967071,0.10398272,0.9885697,0.10266687,0.10266687,1.0,0.0043120086,0.042,-26.153656,2.1748967,0.7249656,0.192,0.0,0.13075446,0.0,0.0,867200
hardzero_only__c0p58__z1p00__lam0p000__nu0p50__psi0p00,hardzero_only,0.042,50,271,0.0,2,0.10398272,0.10398272,1.0340694,0.0,0.09245502,0.0,0.0,0.042,-27.582493,2.2749982,0.7583327,0.104,0.0,0.17269886,0.0,0.0,870400
hardzero_only__c0p58__z1p00__lam0p000__nu0p50__psi0p00,hardzero_only,0.042,50,272,0.0,2,0.10398272,0.108504705,0.9679196,0.10766644,0.10766644,1.0,0.0045219907,0.042,-26.31818,2.1294656,0.7098219,0.192,0.0,0.13996117,0.0,0.0,873600
hardzero_only__c0p58__z1p00__lam0p000__nu0p50__psi0p00,hardzero_only,0.042,50,273,0.0,2,0.108504705,0.113019265,0.96863407,0.10748947,0.10748947,1.0,0.0045145573,0.042,-26.503654,2.1310375,0.71034586,0.29999998,0.0,0.1598615,0.0,0.0,876800
hardzero_only__c0p58__z1p00__lam0p000__nu0p50__psi0p00,hardzero_only,0.042,50,274,0.0,2,0.113019265,0.113019265,1.043063,0.0,0.09056011,0.0,0.0,0.042,-27.733461,2.2947845,0.7649282,0.192,0.0,0.1479717,0.0,0.0,880000
hardzero_only__c0p58__z1p00__lam0p000__nu0p50__psi0p00,hardzero_only,0.042,50,275,0.0,2,0.113019265,0.117269956,0.99478954,0.101206966,0.101206966,1.0,0.0042506927,0.042,-26.550558,2.1885808,0.72952694,0.192,0.0,0.16480808,0.0,0.0,883200
hardzero_only__c0p58__z1p00__lam0p000__nu0p50__psi0p00,hardzero_only,0.042,50,276,0.0,2,0.117269956,0.12152712,0.99412894,0.10136104,0.10136104,1.0,0.0042571635,0.042,-26.997448,2.1871274,0.7290425,0.2,0.0,0.17043106,0.0,0.0,886400
hardzero_only__c0p58__z1p00__lam0p000__nu0p50__psi0p00,hardzero_only,0.042,50,277,0.0,2,0.12152712,0.12152712,1.0609806,0.0,0.086899936,0.0,0.0,0.042,-27.904259,2.3342037,0.77806795,0.128,0.0,0.20363812,0.0,0.0,889600
hardzero_only__c0p58__z1p00__lam0p000__nu0p50__psi0p00,hardzero_only,0.042,50,278,0.0,2,0.12152712,0.12152712,1.031614,0.0,0.09297926,0.0,0.0,0.042,-28.028158,2.269596,0.7565321,0.16800001,0.0,0.15300491,0.0,0.0,892800
hardzero_only__c0p58__z1p00__lam0p000__nu0p50__psi0p00,hardzero_only,0.042,50,279,0.0,2,0.12152712,0.12152712,1.0174251,0.0,0.09606715,0.0,0.0,0.042,-26.598642,2.23838,0.74612665,0.112,0.0,0.1611472,0.0,0.0,896000
hardzero_only__c0p58__z1p00__lam0p000__nu0p50__psi0p00,hardzero_only,0.042,50,280,0.0,2,0.12152712,0.12152712,1.0149306,0.0,0.09662052,0.0,0.0,0.042,-26.543833,2.2328918,0.74429727,0.120000005,0.0,0.13456474,0.0,0.0,899200
hardzero_only__c0p58__z1p00__lam0p000__nu0p50__psi0p00,hardzero_only,0.042,50,281,0.0,2,0.12152712,0.12573688,0.9989928,0.10023218,0.10023218,1.0,0.0042097513,0.042,-27.05156,2.197828,0.7326094,0.136,0.0,0.14780577,0.0,0.0,902400
hardzero_only__c0p58__z1p00__lam0p000__nu0p50__psi0p00,hardzero_only,0.042,50,282,0.0,2,0.12573688,0.13027613,0.9662653,0.108077355,0.108077355,1.0,0.004539249,0.042,-27.17106,2.1258261,0.70860875,0.15200001,0.0,0.13031435,0.0,0.0,905600
hardzero_only__c0p58__z1p00__lam0p000__nu0p50__psi0p00,hardzero_only,0.042,50,283,0.0,2,0.13027613,0.13466673,0.98072606,0.10453794,0.10453794,1.0,0.0043905936,0.042,-27.247984,2.1576405,0.7192135,0.18400002,0.0,0.15326566,0.0,0.0,908800
hardzero_only__c0p58__z1p00__lam0p000__nu0p50__psi0p00,hardzero_only,0.042,50,284,0.0,2,0.13466673,0.13945587,0.942992,0.11402709,0.11402709,1.0,0.0047891377,0.042,-25.879309,2.0746238,0.6915413,0.17600001,0.0,0.1248817,0.0,0.0,912000
hardzero_only__c0p58__z1p00__lam0p000__nu0p50__psi0p00,hardzero_only,0.042,50,285,0.0,2,0.13945587,0.14389448,0.9760029,0.10568105,0.10568105,1.0,0.0044386038,0.042,-26.627777,2.1472492,0.71574974,0.23200001,0.0,0.15290393,0.0,0.0,915200
hardzero_only__c0p58__z1p00__lam0p000__nu0p50__psi0p00,hardzero_only,0.042,50,286,0.0,2,0.14389448,0.14389448,1.059285,0.0,0.08723985,0.0,0.0,0.042,-28.58355,2.3304737,0.7768246,0.14999999,0.0,0.16023843,0.0,0.0,918400
hardzero_only__c0p58__z1p00__lam0p000__nu0p50__psi0p00,hardzero_only,0.042,50,287,0.0,2,0.14389448,0.14828353,0.98087955,0.10450099,0.10450099,1.0,0.0043890416,0.042,-26.816326,2.157978,0.719326,0.136,0.0,0.13649929,0.0,0.0,921600
hardzero_only__c0p58__z1p00__lam0p000__nu0p50__psi0p00,hardzero_only,0.042,50,288,0.0,2,0.14828353,0.14828353,1.0122548,0.0,0.09721766,0.0,0.0,0.042,-26.435688,2.227005,0.742335,0.096,0.0,0.16887505,0.0,0.0,924800
hardzero_only__c0p58__z1p00__lam0p000__nu0p50__psi0p00,hardzero_only,0.042,50,289,0.0,2,0.14828353,0.15276314,0.9720083,0.10665757,0.10665757,1.0,0.004479618,0.042,-26.437117,2.1384609,0.7128203,0.15200001,0.0,0.16267537,0.0,0.0,928000
hardzero_only__c0p58__z1p00__lam0p000__nu0p50__psi0p00,hardzero_only,0.042,50,290,0.0,2,0.15276314,0.15705281,0.99082553,0.10213498,0.10213498,1.0,0.004289669,0.042,-26.667492,2.1798596,0.7266199,0.192,0.0,0.14292033,0.0,0.0,931200
hardzero_only__c0p58__z1p00__lam0p000__nu0p50__psi0p00,hardzero_only,0.042,50,291,0.0,2,0.15705281,0.1613449,0.9905808,0.102192536,0.102192536,1.0,0.004292086,0.042,-26.913744,2.1793213,0.7264404,0.16800001,0.0,0.13481961,0.0,0.0,934400
hardzero_only__c0p58__z1p00__lam0p000__nu0p50__psi0p00,hardzero_only,0.042,50,292,0.0,2,0.1613449,0.16589457,0.9652694,0.10832547,0.10832547,1.0,0.0045496696,0.042,-26.53788,2.123635,0.70787835,0.216,0.0,0.15681791,0.0,0.0,937600
hardzero_only__c0p58__z1p00__lam0p000__nu0p50__psi0p00,hardzero_only,0.042,50,293,0.0,2,0.16589457,0.16589457,1.0306147,0.0,0.09319342,0.0,0.0,0.042,-28.17259,2.2673976,0.75579923,0.216,0.0,0.16885473,0.0,0.0,940800
hardzero_only__c0p58__z1p00__lam0p000__nu0p50__psi0p00,hardzero_only,0.042,50,294,0.0,2,0.16589457,0.16589457,1.0020541,0.0,0.099528134,0.0,0.0,0.042,-26.904314,2.204563,0.73485434,0.208,0.0,0.16578199,0.0,0.0,944000
hardzero_only__c0p58__z1p00__lam0p000__nu0p50__psi0p00,hardzero_only,0.042,50,295,0.0,2,0.16589457,0.1703165,0.9776367,0.105284214,0.105284214,1.0,0.004421937,0.042,-26.797966,2.1508436,0.7169479,0.224,0.0,0.16742826,0.0,0.0,947200
hardzero_only__c0p58__z1p00__lam0p000__nu0p50__psi0p00,hardzero_only,0.042,50,296,0.0,2,0.1703165,0.1703165,1.0203304,0.0,0.09542663,0.0,0.0,0.042,-27.648403,2.2447717,0.7482573,0.16800001,0.0,0.15376523,0.0,0.0,950400
hardzero_only__c0p58__z1p00__lam0p000__nu0p50__psi0p00,hardzero_only,0.042,50,297,0.0,2,0.1703165,0.1703165,1.0369967,0.0,0.09183394,0.0,0.0,0.042,-28.803263,2.2814384,0.76047945,0.14400001,0.0,0.20897137,0.0,0.0,953600
hardzero_only__c0p58__z1p00__lam0p000__nu0p50__psi0p00,hardzero_only,0.042,50,298,0.0,2,0.1703165,0.1703165,1.0236588,0.0,0.094698094,0.0,0.0,0.042,-26.799854,2.2520943,0.7506981,0.120000005,0.0,0.16065809,0.0,0.0,956800
hardzero_only__c0p58__z1p00__lam0p000__nu0p50__psi0p00,hardzero_only,0.042,50,299,0.0,2,0.1703165,0.1703165,1.009605,0.0,0.09781263,0.0,0.0,0.042,-27.120844,2.2211754,0.74039185,0.14,0.0,0.15046586,0.0,0.0,960000
hardzero_only__c0p58__z1p00__lam0p000__nu0p50__psi0p00,hardzero_only,0.042,50,300,0.0,2,0.1703165,0.1703165,1.006013,0.0,0.09862499,0.0,0.0,0.042,-27.215181,2.2132728,0.7377576,0.192,0.0,0.15061526,0.0,0.0,963200
hardzero_only__c0p58__z1p00__lam0p000__nu0p50__psi0p00,hardzero_only,0.042,50,301,0.0,2,0.1703165,0.17452359,0.99926805,0.100168675,0.100168675,1.0,0.0042070844,0.042,-26.989689,2.1984336,0.7328112,0.08800001,0.0,0.14906785,0.0,0.0,966400
hardzero_only__c0p58__z1p00__lam0p000__nu0p50__psi0p00,hardzero_only,0.042,50,302,0.0,2,0.17452359,0.17878729,0.9934628,0.10151664,0.10151664,1.0,0.004263699,0.042,-27.59521,2.1856618,0.72855395,0.216,0.0,0.15798219,0.0,0.0,969600
hardzero_only__c0p58__z1p00__lam0p000__nu0p50__psi0p00,hardzero_only,0.042,50,303,0.0,2,0.17878729,0.18325907,0.97276825,0.10647109,0.10647109,1.0,0.004471786,0.042,-27.307056,2.140133,0.71337765,0.17600001,0.0,0.16251141,0.0,0.0,972800
hardzero_only__c0p58__z1p00__lam0p000__nu0p50__psi0p00,hardzero_only,0.042,50,304,0.0,2,0.18325907,0.18770038,0.9757387,0.10574534,0.10574534,1.0,0.004441304,0.042,-26.885502,2.146668,0.715556,0.224,0.0,0.13274552,0.0,0.0,976000
hardzero_only__c0p58__z1p00__lam0p000__nu0p50__psi0p00,hardzero_only,0.042,50,305,0.0,2,0.18770038,0.18770038,1.0288547,0.0,0.09357184,0.0,0.0,0.042,-27.571684,2.2635255,0.7545085,0.17600001,0.0,0.1544202,0.0,0.0,979200
hardzero_only__c0p58__z1p00__lam0p000__nu0p50__psi0p00,hardzero_only,0.042,50,306,0.0,2,0.18770038,0.19205259,0.9845391,0.10362411,0.10362411,1.0,0.004352213,0.042,-27.195213,2.1660292,0.7220098,0.14400001,0.0,0.13404474,0.0,0.0,982400
hardzero_only__c0p58__z1p00__lam0p000__nu0p50__psi0p00,hardzero_only,0.042,50,307,0.0,2,0.19205259,0.19205259,1.0240707,0.0,0.0946083,0.0,0.0,0.042,-26.65963,2.2530007,0.7510003,0.15200001,0.0,0.14692146,0.0,0.0,985600
hardzero_only__c0p58__z1p00__lam0p000__nu0p50__psi0p00,hardzero_only,0.042,50,308,0.0,2,0.19205259,0.19640201,0.9848179,0.10355763,0.10355763,1.0,0.0043494203,0.042,-26.541254,2.1666427,0.7222142,0.14400001,0.0,0.14030732,0.0,0.0,988800
hardzero_only__c0p58__z1p00__lam0p000__nu0p50__psi0p00,hardzero_only,0.042,50,309,0.0,2,0.19640201,0.19640201,1.0192899,0.0,0.09565555,0.0,0.0,0.042,-27.597763,2.2424824,0.74749416,0.16000001,0.0,0.16107228,0.0,0.0,992000
hardzero_only__c0p58__z1p00__lam0p000__nu0p50__psi0p00,hardzero_only,0.042,50,310,0.0,2,0.19640201,0.19640201,1.0044231,0.0,0.09898669,0.0,0.0,0.042,-26.989248,2.209775,0.7365917,0.24000001,0.016,0.16404317,0.0,0.0,995200
hardzero_only__c0p58__z1p00__lam0p000__nu0p50__psi0p00,hardzero_only,0.042,50,311,0.0,2,0.19640201,0.2008868,0.9715076,0.106780596,0.106780596,1.0,0.004484785,0.042,-26.530933,2.1373594,0.7124531,0.224,0.0,0.14763647,0.0,0.0,998400
hardzero_only__c0p58__z1p00__lam0p000__nu0p50__psi0p00,hardzero_only,0.042,50,312,0.0,2,0.2008868,0.2008868,1.0418345,0.0,0.09081665,0.0,0.0,0.042,-27.657972,2.2920816,0.76402724,0.16,0.0,0.13758348,0.0,0.0,1001600
hardzero_only__c0p58__z1p00__lam0p000__nu0p50__psi0p00,hardzero_only,0.042,50,313,0.0,2,0.2008868,0.20512302,0.9962712,0.10086228,0.10086228,1.0,0.0042362157,0.042,-27.355274,2.1918404,0.73061347,0.16000001,0.0,0.13453934,0.0,0.0,1004800
hardzero_only__c0p58__z1p00__lam0p000__nu0p50__psi0p00,hardzero_only,0.042,50,314,0.0,2,0.20512302,0.20512302,1.0323545,0.0,0.092820846,0.0,0.0,0.042,-27.252048,2.2712252,0.7570751,0.14400001,0.0,0.15961769,0.0,0.0,1008000
hardzero_only__c0p58__z1p00__lam0p000__nu0p50__psi0p00,hardzero_only,0.042,50,315,0.0,2,0.20512302,0.20932478,0.9998185,0.10004181,0.10004181,1.0,0.004201756,0.042,-27.468895,2.1996446,0.73321486,0.14400001,0.0,0.1655572,0.0,0.0,1011200
hardzero_only__c0p58__z1p00__lam0p000__nu0p50__psi0p00,hardzero_only,0.042,50,316,0.0,2,0.20932478,0.20932478,1.0167519,0.0,0.09621619,0.0,0.0,0.042,-27.495686,2.236899,0.745633,0.18400002,0.0,0.17085369,0.0,0.0,1014400
hardzero_only__c0p58__z1p00__lam0p000__nu0p50__psi0p00,hardzero_only,0.042,50,317,0.0,2,0.20932478,0.20932478,1.0482061,0.0,0.089494,0.0,0.0,0.042,-26.894634,2.3060994,0.7686998,0.16800001,0.0,0.14591852,0.0,0.0,1017600
hardzero_only__c0p58__z1p00__lam0p000__nu0p50__psi0p00,hardzero_only,0.042,50,318,0.0,2,0.20932478,0.20932478,1.0214958,0.0,0.0951709,0.0,0.0,0.042,-27.076118,2.2473357,0.7491119,0.16800001,0.0,0.13652588,0.0,0.0,1020800
hardzero_only__c0p58__z1p00__lam0p000__nu0p50__psi0p00,hardzero_only,0.042,50,319,0.0,2,0.20932478,0.20932478,1.0172441,0.0,0.0961072,0.0,0.0,0.042,-28.040958,2.2379818,0.745994,0.14400001,0.0,0.16578577,0.0,0.0,1024000
hardzero_only__c0p58__z1p00__lam0p000__nu0p50__psi0p00,hardzero_only,0.042,50,320,0.0,2,0.20932478,0.21379599,0.9728241,0.106457405,0.106457405,1.0,0.0044712108,0.042,-26.572544,2.1402557,0.7134186,0.18400002,0.0,0.15295301,0.0,0.0,1027200
hardzero_only__c0p58__z1p00__lam0p000__nu0p50__psi0p00,hardzero_only,0.042,50,321,0.0,2,0.21379599,0.21379599,1.0601127,0.0,0.08707376,0.0,0.0,0.042,-27.841017,2.3322945,0.7774315,0.128,0.0,0.14569032,0.0,0.0,1030400
hardzero_only__c0p58__z1p00__lam0p000__nu0p50__psi0p00,hardzero_only,0.042,50,322,0.0,2,0.21379599,0.21379599,1.0047044,0.0,0.09892264,0.0,0.0,0.042,-26.67607,2.2103937,0.7367979,0.16000001,0.0,0.18490298,0.0,0.0,1033600
hardzero_only__c0p58__z1p00__lam0p000__nu0p50__psi0p00,hardzero_only,0.042,50,323,0.0,2,0.21379599,0.21379599,1.0226624,0.0,0.094915584,0.0,0.0,0.042,-27.225544,2.2499022,0.74996746,0.128,0.0,0.16219592,0.0,0.0,1036800
hardzero_only__c0p58__z1p00__lam0p000__nu0p50__psi0p00,hardzero_only,0.042,50,324,0.0,2,0.21379599,0.21379599,1.0454248,0.0,0.090068966,0.0,0.0,0.042,-28.061338,2.2999806,0.7666602,0.14400001,0.0,0.21052672,0.0,0.0,1040000
hardzero_only__c0p58__z1p00__lam0p000__nu0p50__psi0p00,hardzero_only,0.042,50,325,0.0,2,0.21379599,0.2182243,0.9770104,0.105436146,0.105436146,1.0,0.0044283182,0.042,-25.603533,2.1494658,0.7164886,0.12,0.0,0.11908544,0.0,0.0,1043200
hardzero_only__c0p58__z1p00__lam0p000__nu0p50__psi0p00,hardzero_only,0.042,50,326,0.0,2,0.2182243,0.22287558,0.95567703,0.11074471,0.11074471,1.0,0.004651278,0.042,-26.08153,2.1025314,0.7008438,0.18400002,0.0,0.1493115,0.0,0.0,1046400
hardzero_only__c0p58__z1p00__lam0p000__nu0p50__psi0p00,hardzero_only,0.042,50,327,0.0,2,0.22287558,0.22287558,1.0062795,0.0,0.09856451,0.0,0.0,0.042,-28.1491,2.213859,0.73795307,0.2,0.008,0.16691726,0.0,0.0,1049600
hardzero_only__c0p58__z1p00__lam0p000__nu0p50__psi0p00,hardzero_only,0.042,50,328,0.0,2,0.22287558,0.22725709,0.98162514,0.104321755,0.104321755,1.0,0.0043815137,0.042,-26.236734,2.1596184,0.71987283,0.128,0.0,0.13362728,0.0,0.0,1052800
hardzero_only__c0p58__z1p00__lam0p000__nu0p50__psi0p00,hardzero_only,0.042,50,329,0.0,2,0.22725709,0.23151994,0.9935497,0.10149631,0.10149631,1.0,0.004262845,0.042,-27.159473,2.185853,0.72861767,0.128,0.0,0.17805783,0.0,0.0,1056000
hardzero_only__c0p58__z1p00__lam0p000__nu0p50__psi0p00,hardzero_only,0.042,50,330,0.0,2,0.23151994,0.2364099,0.93394387,0.116427645,0.116427645,1.0,0.004889961,0.042,-25.910183,2.0547175,0.6849059,0.23200001,0.0,0.14674549,0.0,0.0,1059200
hardzero_only__c0p58__z1p00__lam0p000__nu0p50__psi0p00,hardzero_only,0.042,50,331,0.0,2,0.2364099,0.2364099,1.0426781,0.0,0.09064042,0.0,0.0,0.042,-27.914331,2.2939377,0.76464593,0.17600001,0.0,0.16326332,0.0,0.0,1062400
hardzero_only__c0p58__z1p00__lam0p000__nu0p50__psi0p00,hardzero_only,0.042,50,332,0.0,2,0.2364099,0.24095713,0.9655033,0.108267136,0.108267136,1.0,0.0045472197,0.042,-25.656908,2.1241496,0.7080499,0.17600001,0.0,0.118489765,0.0,0.0,1065600
hardzero_only__c0p58__z1p00__lam0p000__nu0p50__psi0p00,hardzero_only,0.042,50,333,0.0,2,0.24095713,0.24536827,0.9786985,0.10502712,0.10502712,1.0,0.004411139,0.042,-25.945133,2.1531796,0.7177266,0.16000001,0.008,0.14518076,0.0,0.0,1068800
hardzero_only__c0p58__z1p00__lam0p000__nu0p50__psi0p00,hardzero_only,0.042,50,334,0.0,2,0.24536827,0.24983326,0.9734293,0.10630916,0.10630916,1.0,0.004464985,0.042,-27.269806,2.1415873,0.7138624,0.224,0.0,0.15782857,0.0,0.0,1072000
hardzero_only__c0p58__z1p00__lam0p000__nu0p50__psi0p00,hardzero_only,0.042,50,335,0.0,2,0.24983326,0.25404212,0.9990855,0.100210786,0.100210786,1.0,0.004208853,0.042,-26.954815,2.198032,0.73267734,0.15200001,0.0,0.14345434,0.0,0.0,1075200
hardzero_only__c0p58__z1p00__lam0p000__nu0p50__psi0p00,hardzero_only,0.042,50,336,0.0,2,0.25404212,0.25404212,1.0223378,0.0,0.09498656,0.0,0.0,0.042,-26.465738,2.249188,0.74972934,0.16800001,0.0,0.13032873,0.0,0.0,1078400
hardzero_only__c0p58__z1p00__lam0p000__nu0p50__psi0p00,hardzero_only,0.042,50,337,0.0,2,0.25404212,0.25404212,1.0238799,0.0,0.09464988,0.0,0.0,0.042,-26.979536,2.2525806,0.7508602,0.136,0.0,0.14034374,0.0,0.0,1081600
hardzero_only__c0p58__z1p00__lam0p000__nu0p50__psi0p00,hardzero_only,0.042,50,338,0.0,2,0.25404212,0.25404212,1.0033989,0.0,0.09922042,0.0,0.0,0.042,-27.489695,2.2075217,0.73584056,0.19999999,0.0,0.14850476,0.0,0.0,1084800
hardzero_only__c0p58__z1p00__lam0p000__nu0p50__psi0p00,hardzero_only,0.042,50,339,0.0,2,0.25404212,0.25860327,0.96417505,0.108598776,0.108598776,1.0,0.0045611486,0.042,-26.61443,2.1212275,0.70707583,0.16000001,0.0,0.13445738,0.0,0.0,1088000
hardzero_only__c0p58__z1p00__lam0p000__nu0p50__psi0p00,hardzero_only,0.042,50,340,0.0,2,0.25860327,0.26299337,0.9807752,0.1045261,0.1045261,1.0,0.0043900963,0.042,-26.005482,2.1577485,0.7192495,0.18400002,0.0,0.12678517,0.0,0.0,1091200
hardzero_only__c0p58__z1p00__lam0p000__nu0p50__psi0p00,hardzero_only,0.042,50,341,0.0,2,0.26299337,0.26730344,0.98876506,0.10262068,0.10262068,1.0,0.0043100687,0.042,-26.251678,2.1753266,0.72510886,0.224,0.0,0.16545442,0.0,0.0,1094400
hardzero_only__c0p58__z1p00__lam0p000__nu0p50__psi0p00,hardzero_only,0.042,50,342,0.0,2,0.26730344,0.26730344,1.054165,0.0,0.088274434,0.0,0.0,0.042,-28.332224,2.3192093,0.7730698,0.192,0.0,0.21979982,0.0,0.0,1097600
hardzero_only__c0p58__z1p00__lam0p000__nu0p50__psi0p00,hardzero_only,0.042,50,343,0.0,2,0.26730344,0.2715748,0.9926838,0.10169889,0.10169889,1.0,0.004271353,0.042,-26.600868,2.183948,0.7279827,0.16000001,0.0,0.14623106,0.0,0.0,1100800
hardzero_only__c0p58__z1p00__lam0p000__nu0p50__psi0p00,hardzero_only,0.042,50,344,0.0,2,0.2715748,0.27611813,0.9658759,0.10817431,0.10817431,1.0,0.0045433207,0.042,-26.970306,2.1249695,0.7083232,0.23200001,0.0,0.1407994,0.0,0.0,1104000
hardzero_only__c0p58__z1p00__lam0p000__nu0p50__psi0p00,hardzero_only,0.042,50,345,0.0,2,0.27611813,0.27611813,1.0710152,0.0,0.08491506,0.0,0.0,0.042,-28.18379,2.3562806,0.78542686,0.136,0.0,0.16724381,0.0,0.0,1107200
hardzero_only__c0p58__z1p00__lam0p000__nu0p50__psi0p00,hardzero_only,0.042,50,346,0.0,2,0.27611813,0.27611813,1.011039,0.0,0.0974902,0.0,0.0,0.042,-26.876118,2.2243302,0.7414434,0.112,0.0,0.14120458,0.0,0.0,1110400
hardzero_only__c0p58__z1p00__lam0p000__nu0p50__psi0p00,hardzero_only,0.042,50,347,0.0,2,0.27611813,0.28036547,0.99513286,0.101127006,0.101127006,1.0,0.0042473343,0.042,-26.647516,2.189336,0.7297787,0.16000001,0.0,0.13927084,0.0,0.0,1113600
hardzero_only__c0p58__z1p00__lam0p000__nu0p50__psi0p00,hardzero_only,0.042,50,348,0.0,2,0.28036547,0.2847506,0.9812666,0.10440789,0.10440789,1.0,0.0043851314,0.042,-26.59174,2.1588297,0.7196099,0.208,0.0,0.14710495,0.0,0.0,1116800
hardzero_only__c0p58__z1p00__lam0p000__nu0p50__psi0p00,hardzero_only,0.042,50,349,0.0,2,0.2847506,0.2847506,1.0386764,0.0,0.09147946,0.0,0.0,0.042,-27.5913,2.2851336,0.76171124,0.16800001,0.0,0.16047172,0.0,0.0,1120000
hardzero_only__c0p58__z1p00__lam0p000__nu0p50__psi0p00,hardzero_only,0.042,50,350,0.0,2,0.2847506,0.2847506,1.0520158,0.0,0.08871238,0.0,0.0,0.042,-27.892134,2.314481,0.7714937,0.15200001,0.0,0.15457885,0.0,0.0,1123200
hardzero_only__c0p58__z1p00__lam0p000__nu0p50__psi0p00,hardzero_only,0.042,50,351,0.0,2,0.2847506,0.28931534,0.9638349,0.10868386,0.10868386,1.0,0.004564722,0.042,-26.518559,2.120479,0.7068264,0.17,0.0,0.15688564,0.0,0.0,1126400
hardzero_only__c0p58__z1p00__lam0p000__nu0p50__psi0p00,hardzero_only,0.042,50,352,0.0,2,0.28931534,0.28931534,1.0144216,0.0,0.09673384,0.0,0.0,0.042,-27.13088,2.231772,0.743924,0.15200001,0.0,0.14101215,0.0,0.0,1129600
hardzero_only__c0p58__z1p00__lam0p000__nu0p50__psi0p00,hardzero_only,0.042,50,353,0.0,2,0.28931534,0.293531,0.9983835,0.10037291,0.10037291,1.0,0.0042156624,0.042,-26.970985,2.1964877,0.7321626,0.24000001,0.0,0.19351856,0.0,0.0,1132800
hardzero_only__c0p58__z1p00__lam0p000__nu0p50__psi0p00,hardzero_only,0.042,50,354,0.0,2,0.293531,0.293531,1.0484642,0.0,0.089440815,0.0,0.0,0.042,-27.877178,2.3066673,0.7688891,0.14400001,0.0,0.17051901,0.0,0.0,1136000
hardzero_only__c0p58__z1p00__lam0p000__nu0p50__psi0p00,hardzero_only,0.042,50,355,0.0,2,0.293531,0.293531,1.0569792,0.0,0.087704286,0.0,0.0,0.042,-27.676125,2.3254006,0.77513355,0.096,0.0,0.1540239,0.0,0.0,1139200
hardzero_only__c0p58__z1p00__lam0p000__nu0p50__psi0p00,hardzero_only,0.042,50,356,0.0,2,0.293531,0.293531,1.059506,0.0,0.08719547,0.0,0.0,0.042,-28.176674,2.3309598,0.7769866,0.16800001,0.0,0.17069295,0.0,0.0,1142400
hardzero_only__c0p58__z1p00__lam0p000__nu0p50__psi0p00,hardzero_only,0.042,50,357,0.0,2,0.293531,0.2978409,0.98878425,0.10261616,0.10261616,1.0,0.0043098787,0.042,-27.108524,2.1753688,0.7251229,0.128,0.0,0.1598125,0.0,0.0,1145600
hardzero_only__c0p58__z1p00__lam0p000__nu0p50__psi0p00,hardzero_only,0.042,50,358,0.0,2,0.2978409,0.2978409,1.0456148,0.0,0.090029575,0.0,0.0,0.042,-27.563213,2.3003986,0.76679957,0.16800001,0.0,0.16181731,0.0,0.0,1148800
hardzero_only__c0p58__z1p00__lam0p000__nu0p50__psi0p00,hardzero_only,0.042,50,359,0.0,2,0.2978409,0.2978409,1.0052739,0.0,0.09879298,0.0,0.0,0.042,-27.412,2.2116468,0.73721564,0.18400002,0.0,0.13872387,0.0,0.0,1152000
hardzero_only__c0p58__z1p00__lam0p000__nu0p50__psi0p00,hardzero_only,0.042,50,360,0.0,2,0.2978409,0.2978409,1.0448673,0.0,0.09018466,0.0,0.0,0.042,-28.082754,2.298754,0.7662513,0.2,0.0,0.16408329,0.0,0.0,1155200
hardzero_only__c0p58__z1p00__lam0p000__nu0p50__psi0p00,hardzero_only,0.042,50,361,0.0,2,0.2978409,0.2978409,1.0551387,0.0,0.088076755,0.0,0.0,0.042,-27.665928,2.3213515,0.77378386,0.120000005,0.0,0.17508985,0.0,0.0,1158400
hardzero_only__c0p58__z1p00__lam0p000__nu0p50__psi0p00,hardzero_only,0.042,50,362,0.0,2,0.2978409,0.30213368,0.9905086,0.102209516,0.102209516,1.0,0.0042927996,0.042,-26.477951,2.1791625,0.7263875,0.14400001,0.008,0.13590665,0.0,0.0,1161600
hardzero_only__c0p58__z1p00__lam0p000__nu0p50__psi0p00,hardzero_only,0.042,50,363,0.0,2,0.30213368,0.3064746,0.98566896,0.1033549,0.1033549,1.0,0.0043409057,0.042,-25.790997,2.168515,0.72283834,0.16800001,0.0,0.13920487,0.0,0.0,1164800
hardzero_only__c0p58__z1p00__lam0p000__nu0p50__psi0p00,hardzero_only,0.042,50,364,0.0,2,0.3064746,0.3064746,1.0207169,0.0,0.095341735,0.0,0.0,0.042,-28.038109,2.2456222,0.74854076,0.12,0.0,0.17025112,0.0,0.0,1168000
hardzero_only__c0p58__z1p00__lam0p000__nu0p50__psi0p00,hardzero_only,0.042,50,365,0.0,2,0.3064746,0.3064746,1.0196694,0.0,0.09557198,0.0,0.0,0.042,-27.94192,2.2433176,0.7477726,0.14400001,0.0,0.13878214,0.0,0.0,1171200
hardzero_only__c0p58__z1p00__lam0p000__nu0p50__psi0p00,hardzero_only,0.042,50,366,0.0,2,0.3064746,0.3110365,0.9641039,0.10861656,0.10861656,1.0,0.0045618955,0.042,-27.304035,2.1210709,0.7070236,0.17600001,0.0,0.15990505,0.0,0.0,1174400
hardzero_only__c0p58__z1p00__lam0p000__nu0p50__psi0p00,hardzero_only,0.042,50,367,0.0,2,0.3110365,0.3110365,1.0217346,0.0,0.09511859,0.0,0.0,0.042,-26.918056,2.247861,0.749287,0.128,0.0,0.14714238,0.0,0.0,1177600
hardzero_only__c0p58__z1p00__lam0p000__nu0p50__psi0p00,hardzero_only,0.042,50,368,0.0,2,0.3110365,0.3110365,1.0353264,0.0,0.09218783,0.0,0.0,0.042,-27.760664,2.2777634,0.75925446,0.128,0.0,0.15989451,0.0,0.0,1180800
hardzero_only__c0p58__z1p00__lam0p000__nu0p50__psi0p00,hardzero_only,0.042,50,369,0.0,2,0.3110365,0.3110365,1.0340154,0.0,0.09246653,0.0,0.0,0.042,-28.496517,2.2748792,0.7582931,0.16000001,0.0,0.14831308,0.0,0.0,1184000
hardzero_only__c0p58__z1p00__lam0p000__nu0p50__psi0p00,hardzero_only,0.042,50,370,0.0,2,0.3110365,0.3154516,0.97830826,0.10512154,0.10512154,1.0,0.0044151046,0.042,-26.97617,2.152321,0.71744037,0.17600001,0.0,0.14183347,0.0,0.0,1187200
hardzero_only__c0p58__z1p00__lam0p000__nu0p50__psi0p00,hardzero_only,0.042,50,371,0.0,2,0.3154516,0.32012162,0.9539314,0.11119074,0.11119074,1.0,0.004670011,0.042,-25.709599,2.098691,0.6995637,0.15200001,0.0,0.1290757,0.0,0.0,1190400
hardzero_only__c0p58__z1p00__lam0p000__nu0p50__psi0p00,hardzero_only,0.042,50,372,0.0,2,0.32012162,0.32012162,1.0279689,0.0,0.09376292,0.0,0.0,0.042,-27.996492,2.2615767,0.7538589,0.16800001,0.0,0.20357732,0.0,0.0,1193600
hardzero_only__c0p58__z1p00__lam0p000__nu0p50__psi0p00,hardzero_only,0.042,50,373,0.0,2,0.32012162,0.3243516,0.9969106,0.1007139,0.1007139,1.0,0.004229984,0.042,-26.439632,2.193247,0.7310824,0.16800001,0.0,0.15256748,0.0,0.0,1196800
hardzero_only__c0p58__z1p00__lam0p000__nu0p50__psi0p00,hardzero_only,0.042,50,374,0.0,2,0.3243516,0.32920104,0.93755746,0.11546292,0.11546292,1.0,0.0048494427,0.042,-26.161777,2.0626676,0.6875559,0.23200001,0.008,0.15901126,0.0,0.0,1200000
hardzero_only__c0p58__z1p00__lam0p000__nu0p50__psi0p00,hardzero_only,0.042,50,375,0.0,2,0.32920104,0.32920104,1.0034931,0.0,0.099198915,0.0,0.0,0.042,-27.151087,2.2077289,0.73590964,0.192,0.0,0.16200638,0.0,0.0,1203200
hardzero_only__c0p58__z1p00__lam0p000__nu0p50__psi0p00,hardzero_only,0.042,50,376,0.0,2,0.32920104,0.32920104,1.0074944,0.0,0.098289154,0.0,0.0,0.042,-26.712456,2.216532,0.73884404,0.224,0.0,0.17872046,0.0,0.0,1206400
hardzero_only__c0p58__z1p00__lam0p000__nu0p50__psi0p00,hardzero_only,0.042,50,377,0.0,2,0.32920104,0.32920104,1.006204,0.0,0.09858162,0.0,0.0,0.042,-27.41375,2.2136931,0.73789775,0.19999999,0.0,0.16918384,0.0,0.0,1209600
hardzero_only__c0p58__z1p00__lam0p000__nu0p50__psi0p00,hardzero_only,0.042,50,378,0.0,2,0.32920104,0.33372822,0.9674226,0.10778973,0.10778973,1.0,0.004527169,0.042,-26.060844,2.1283722,0.7094574,0.136,0.0,0.13798872,0.0,0.0,1212800
hardzero_only__c0p58__z1p00__lam0p000__nu0p50__psi0p00,hardzero_only,0.042,50,379,0.0,2,0.33372822,0.33372822,1.0324106,0.0,0.09280885,0.0,0.0,0.042,-27.436811,2.2713487,0.75711626,0.17600001,0.0,0.15537646,0.0,0.0,1216000
hardzero_only__c0p58__z1p00__lam0p000__nu0p50__psi0p00,hardzero_only,0.042,50,380,0.0,2,0.33372822,0.33372822,1.0587003,0.0,0.08735738,0.0,0.0,0.042,-27.852837,2.3291872,0.77639574,0.14400001,0.0,0.16058603,0.0,0.0,1219200
hardzero_only__c0p58__z1p00__lam0p000__nu0p50__psi0p00,hardzero_only,0.042,50,381,0.0,2,0.33372822,0.33372822,1.0073991,0.0,0.09831073,0.0,0.0,0.042,-27.692335,2.2163222,0.73877406,0.14400001,0.0,0.17480735,0.0,0.0,1222400
hardzero_only__c0p58__z1p00__lam0p000__nu0p50__psi0p00,hardzero_only,0.042,50,382,0.0,2,0.33372822,0.33372822,1.0070047,0.0,0.098400034,0.0,0.0,0.042,-26.28643,2.2154546,0.73848486,0.120000005,0.0,0.15216848,0.0,0.0,1225600
hardzero_only__c0p58__z1p00__lam0p000__nu0p50__psi0p00,hardzero_only,0.042,50,383,0.0,2,0.33372822,0.33372822,1.0857046,0.0,0.08209097,0.0,0.0,0.042,-28.431662,2.3885977,0.79619926,0.16000001,0.0,0.18501179,0.0,0.0,1228800
hardzero_only__c0p58__z1p00__lam0p000__nu0p50__psi0p00,hardzero_only,0.042,50,384,0.0,2,0.33372822,0.33812058,0.98055226,0.10457977,0.10457977,1.0,0.00439235,0.042,-26.14775,2.157258,0.71908605,0.17600001,0.0,0.14482836,0.0,0.0,1232000
hardzero_only__c0p58__z1p00__lam0p000__nu0p50__psi0p00,hardzero_only,0.042,50,385,0.0,2,0.33812058,0.34246102,0.98571676,0.10334352,0.10334352,1.0,0.0043404275,0.042,-26.586634,2.16862,0.7228734,0.104,0.0,0.14066797,0.0,0.0,1235200
hardzero_only__c0p58__z1p00__lam0p000__nu0p50__psi0p00,hardzero_only,0.042,50,386,0.0,2,0.34246102,0.34681386,0.9844774,0.10363884,0.10363884,1.0,0.0043528313,0.042,-26.388771,2.1658936,0.72196454,0.208,0.0,0.14435215,0.0,0.0,1238400
hardzero_only__c0p58__z1p00__lam0p000__nu0p50__psi0p00,hardzero_only,0.042,50,387,0.0,2,0.34681386,0.34681386,1.0019318,0.0,0.09955616,0.0,0.0,0.042,-27.199139,2.204294,0.7347647,0.14400001,0.0,0.14499657,0.0,0.0,1241600
hardzero_only__c0p58__z1p00__lam0p000__nu0p50__psi0p00,hardzero_only,0.042,50,388,0.0,2,0.34681386,0.34681386,1.0372627,0.0,0.09177774,0.0,0.0,0.042,-27.867537,2.2820234,0.7606745,0.136,0.0,0.14953138,0.0,0.0,1244800
hardzero_only__c0p58__z1p00__lam0p000__nu0p50__psi0p00,hardzero_only,0.042,50,389,0.0,2,0.34681386,0.3512676,0.9745245,0.10604141,0.10604141,1.0,0.004453739,0.042,-27.156988,2.1439967,0.7146656,0.192,0.0,0.15310043,0.0,0.0,1248000
hardzero_only__c0p58__z1p00__lam0p000__nu0p50__psi0p00,hardzero_only,0.042,50,390,0.0,2,0.3512676,0.3512676,1.0700411,0.0,0.08510576,0.0,0.0,0.042,-28.425207,2.3541374,0.7847125,0.08,0.0,0.1578608,0.0,0.0,1251200
hardzero_only__c0p58__z1p00__lam0p000__nu0p50__psi0p00,hardzero_only,0.042,50,391,0.0,2,0.3512676,0.3512676,1.0164155,0.0,0.096290745,0.0,0.0,0.042,-27.543411,2.2361586,0.74538624,0.15200001,0.008,0.17156681,0.0,0.0,1254400
hardzero_only__c0p58__z1p00__lam0p000__nu0p50__psi0p00,hardzero_only,0.042,50,392,0.0,2,0.3512676,0.3512676,1.0198932,0.0,0.095522754,0.0,0.0,0.042,-28.610748,2.2438097,0.7479366,0.16000001,0.0,0.15826519,0.0,0.0,1257600
hardzero_only__c0p58__z1p00__lam0p000__nu0p50__psi0p00,hardzero_only,0.042,50,393,0.0,2,0.3512676,0.3512676,1.0095602,0.0,0.09782273,0.0,0.0,0.042,-27.437458,2.221077,0.740359,0.120000005,0.0,0.13242035,0.0,0.0,1260800
hardzero_only__c0p58__z1p00__lam0p000__nu0p50__psi0p00,hardzero_only,0.042,50,394,0.0,2,0.3512676,0.3512676,1.0195813,0.0,0.095591374,0.0,0.0,0.042,-27.45285,2.2431238,0.74770796,0.15200001,0.0,0.14066009,0.0,0.0,1264000
hardzero_only__c0p58__z1p00__lam0p000__nu0p50__psi0p00,hardzero_only,0.042,50,395,0.0,2,0.3512676,0.3512676,1.0430787,0.0,0.090556845,0.0,0.0,0.042,-26.742596,2.2948189,0.76493967,0.14400001,0.0,0.16644934,0.0,0.0,1267200
hardzero_only__c0p58__z1p00__lam0p000__nu0p50__psi0p00,hardzero_only,0.042,50,396,0.0,2,0.3512676,0.3512676,1.0195513,0.0,0.09559798,0.0,0.0,0.042,-27.126307,2.2430575,0.74768585,0.2,0.0,0.1801514,0.0,0.0,1270400
hardzero_only__c0p58__z1p00__lam0p000__nu0p50__psi0p00,hardzero_only,0.042,50,397,0.0,2,0.3512676,0.3556738,0.97918606,0.10490929,0.10490929,1.0,0.0044061905,0.042,-26.159481,2.1542523,0.7180841,0.120000005,0.0,0.13872065,0.0,0.0,1273600
hardzero_only__c0p58__z1p00__lam0p000__nu0p50__psi0p00,hardzero_only,0.042,50,398,0.0,2,0.3556738,0.3556738,1.0112511,0.0,0.09744261,0.0,0.0,0.042,-26.946554,2.2247968,0.74159896,0.208,0.0,0.15544318,0.0,0.0,1276800
hardzero_only__c0p58__z1p00__lam0p000__nu0p50__psi0p00,hardzero_only,0.042,50,399,0.0,2,0.3556738,0.3556738,1.0122193,0.0,0.097225614,0.0,0.0,0.042,-27.553293,2.226927,0.74230903,0.136,0.0,0.14010389,0.0,0.0,1280000
hardzero_only__c0p58__z1p00__lam0p000__nu0p50__psi0p00,hardzero_only,0.042,50,400,0.0,2,0.3556738,0.3604117,0.94766134,0.11280766,0.11280766,1.0,0.0047379215,0.042,-26.475735,2.0848966,0.69496554,0.208,0.0,0.11132496,0.0,0.0,1283200
hardzero_only__c0p58__z1p00__lam0p000__nu0p50__psi0p00,hardzero_only,0.042,50,401,0.0,2,0.3604117,0.3604117,1.0252415,0.0,0.0943536,0.0,0.0,0.042,-27.307852,2.2555764,0.75185883,0.120000005,0.0,0.15217057,0.0,0.0,1286400
hardzero_only__c0p58__z1p00__lam0p000__nu0p50__psi0p00,hardzero_only,0.042,50,402,0.0,2,0.3604117,0.3604117,1.0145513,0.0,0.09670494,0.0,0.0,0.042,-27.818033,2.2320573,0.74401915,0.2,0.0,0.15255494,0.0,0.0,1289600
hardzero_only__c0p58__z1p00__lam0p000__nu0p50__psi0p00,hardzero_only,0.042,50,403,0.0,2,0.3604117,0.3604117,1.0041492,0.0,0.09904915,0.0,0.0,0.042,-27.438503,2.2091722,0.73639077,0.17999999,0.0,0.17584912,0.0,0.0,1292800
hardzero_only__c0p58__z1p00__lam0p000__nu0p50__psi0p00,hardzero_only,0.042,50,404,0.0,2,0.3604117,0.3647034,0.9906208,0.102183126,0.102183126,1.0,0.0042916914,0.042,-26.878832,2.1794093,0.72646976,0.112,0.0,0.14428623,0.0,0.0,1296000
hardzero_only__c0p58__z1p00__lam0p000__nu0p50__psi0p00,hardzero_only,0.042,50,405,0.0,2,0.3647034,0.3691012,0.9800138,0.10470953,0.10470953,1.0,0.0043978,0.042,-25.976484,2.1560733,0.7186911,0.18400002,0.0,0.15091245,0.0,0.0,1299200
hardzero_only__c0p58__z1p00__lam0p000__nu0p50__psi0p00,hardzero_only,0.042,50,406,0.0,2,0.3691012,0.37336183,0.9937758,0.1014435,0.1014435,1.0,0.004260627,0.042,-26.266531,2.1863503,0.7287835,0.16000001,0.0,0.13814119,0.0,0.0,1302400
hardzero_only__c0p58__z1p00__lam0p000__nu0p50__psi0p00,hardzero_only,0.042,50,407,0.0,2,0.37336183,0.37783897,0.97224873,0.10659854,0.10659854,1.0,0.0044771386,0.042,-26.813599,2.13899,0.71299666,0.2,0.0,0.14432661,0.0,0.0,1305600
hardzero_only__c0p58__z1p00__lam0p000__nu0p50__psi0p00,hardzero_only,0.042,50,408,0.0,2,0.37783897,0.37783897,1.0223061,0.0,0.09499352,0.0,0.0,0.042,-27.308306,2.2491183,0.74970615,0.17600001,0.0,0.13865168,0.0,0.0,1308800
hardzero_only__c0p58__z1p00__lam0p000__nu0p50__psi0p00,hardzero_only,0.042,50,409,0.0,2,0.37783897,0.382069,0.99690765,0.10071457,0.10071457,1.0,0.004230012,0.042,-27.502815,2.1932406,0.73108023,0.136,0.0,0.17301185,0.0,0.0,1312000
hardzero_only__c0p58__z1p00__lam0p000__nu0p50__psi0p00,hardzero_only,0.042,50,410,0.0,2,0.382069,0.382069,1.0083956,0.0,0.09808541,0.0,0.0,0.042,-26.759117,2.2185144,0.7395048,0.16800001,0.0,0.14041033,0.0,0.0,1315200
hardzero_only__c0p58__z1p00__lam0p000__nu0p50__psi0p00,hardzero_only,0.042,50,411,0.0,2,0.382069,0.38634974,0.99172825,0.10192288,0.10192288,1.0,0.004280761,0.042,-26.521189,2.1818457,0.7272819,0.24800001,0.0,0.1476114,0.0,0.0,1318400
hardzero_only__c0p58__z1p00__lam0p000__nu0p50__psi0p00,hardzero_only,0.042,50,412,0.0,2,0.38634974,0.38634974,1.0407487,0.0,0.09104398,0.0,0.0,0.042,-28.438108,2.2896929,0.763231,0.120000005,0.0,0.1689806,0.0,0.0,1321600
hardzero_only__c0p58__z1p00__lam0p000__nu0p50__psi0p00,hardzero_only,0.042,50,413,0.0,2,0.38634974,0.38634974,1.0515903,0.0,0.08879933,0.0,0.0,0.042,-28.252031,2.313545,0.7711817,0.096,0.0,0.17435127,0.0,0.0,1324800
hardzero_only__c0p58__z1p00__lam0p000__nu0p50__psi0p00,hardzero_only,0.042,50,414,0.0,2,0.38634974,0.38634974,1.1065693,0.0,0.07824033,0.0,0.0,0.042,-28.540005,2.434501,0.8115003,0.080000006,0.0,0.15299062,0.0,0.0,1328000
hardzero_only__c0p58__z1p00__lam0p000__nu0p50__psi0p00,hardzero_only,0.042,50,415,0.0,2,0.38634974,0.39064315,0.990447,0.102224045,0.102224045,1.0,0.0042934096,0.042,-26.464645,2.1790268,0.7263423,0.072000004,0.0,0.15951242,0.0,0.0,1331200
hardzero_only__c0p58__z1p00__lam0p000__nu0p50__psi0p00,hardzero_only,0.042,50,416,0.0,2,0.39064315,0.39064315,1.0459553,0.0,0.089959025,0.0,0.0,0.042,-27.361656,2.3011477,0.76704925,0.099999994,0.0,0.1521986,0.0,0.0,1334400
hardzero_only__c0p58__z1p00__lam0p000__nu0p50__psi0p00,hardzero_only,0.042,50,417,0.0,2,0.39064315,0.39064315,1.0372319,0.0,0.09178424,0.0,0.0,0.042,-27.262987,2.2819557,0.76065195,0.16800001,0.0,0.16847968,0.0,0.0,1337600
hardzero_only__c0p58__z1p00__lam0p000__nu0p50__psi0p00,hardzero_only,0.042,50,418,0.0,2,0.39064315,0.39486104,0.9981535,0.10042608,0.10042608,1.0,0.004217895,0.042,-26.748838,2.1959815,0.73199385,0.224,0.0,0.15216775,0.0,0.0,1340800
hardzero_only__c0p58__z1p00__lam0p000__nu0p50__psi0p00,hardzero_only,0.042,50,419,0.0,2,0.39486104,0.39486104,1.016088,0.0,0.096363366,0.0,0.0,0.042,-27.44951,2.2354383,0.74514616,0.128,0.0,0.14297083,0.0,0.0,1344000
hardzero_only__c0p58__z1p00__lam0p000__nu0p50__psi0p00,hardzero_only,0.042,50,420,0.0,2,0.39486104,0.39486104,1.0348092,0.0,0.092297666,0.0,0.0,0.042,-27.419497,2.2766259,0.7588753,0.104,0.0,0.14437042,0.0,0.0,1347200
hardzero_only__c0p58__z1p00__lam0p000__nu0p50__psi0p00,hardzero_only,0.042,50,421,0.0,2,0.39486104,0.39486104,1.0154026,0.0,0.09651557,0.0,0.0,0.042,-27.251902,2.2339303,0.74464345,0.14400001,0.0,0.1665957,0.0,0.0,1350400
hardzero_only__c0p58__z1p00__lam0p000__nu0p50__psi0p00,hardzero_only,0.042,50,422,0.0,2,0.39486104,0.39486104,1.0291971,0.0,0.09349812,0.0,0.0,0.042,-27.88362,2.264279,0.75475967,0.15200001,0.0,0.14973025,0.0,0.0,1353600
hardzero_only__c0p58__z1p00__lam0p000__nu0p50__psi0p00,hardzero_only,0.042,50,423,0.0,2,0.39486104,0.39486104,1.0406691,0.0,0.09106067,0.0,0.0,0.042,-27.647518,2.2895176,0.76317257,0.14400001,0.0,0.14562276,0.0,0.0,1356800
hardzero_only__c0p58__z1p00__lam0p000__nu0p50__psi0p00,hardzero_only,0.042,50,424,0.0,2,0.39486104,0.39924788,0.98109597,0.10444892,0.10444892,1.0,0.004386855,0.042,-27.205439,2.1584542,0.71948475,0.136,0.0,0.14416632,0.0,0.0,1360000
hardzero_only__c0p58__z1p00__lam0p000__nu0p50__psi0p00,hardzero_only,0.042,50,425,0.0,2,0.39924788,0.39924788,1.0387706,0.0,0.09145963,0.0,0.0,0.042,-27.501022,2.2853408,0.76178026,0.136,0.0,0.13835435,0.0,0.0,1363200
hardzero_only__c0p58__z1p00__lam0p000__nu0p50__psi0p00,hardzero_only,0.042,50,426,0.0,2,0.39924788,0.39924788,1.0337692,0.0,0.09251895,0.0,0.0,0.042,-27.778172,2.2743378,0.7581126,0.15200001,0.0,0.18595734,0.0,0.0,1366400
hardzero_only__c0p58__z1p00__lam0p000__nu0p50__psi0p00,hardzero_only,0.042,50,427,0.0,2,0.39924788,0.39924788,1.0220141,0.0,0.09505738,0.0,0.0,0.042,-26.780704,2.248476,0.74949205,0.16800001,0.0,0.15287524,0.0,0.0,1369600
hardzero_only__c0p58__z1p00__lam0p000__nu0p50__psi0p00,hardzero_only,0.042,50,428,0.0,2,0.39924788,0.39924788,1.0799942,0.0,0.08317749,0.0,0.0,0.042,-28.678766,2.3760347,0.7920116,0.112,0.0,0.2040728,0.0,0.0,1372800
hardzero_only__c0p58__z1p00__lam0p000__nu0p50__psi0p00,hardzero_only,0.042,50,429,0.0,2,0.39924788,0.39924788,1.0296863,0.0,0.09339286,0.0,0.0,0.042,-27.023403,2.265355,0.75511837,0.14999999,0.0,0.158455,0.0,0.0,1376000
hardzero_only__c0p58__z1p00__lam0p000__nu0p50__psi0p00,hardzero_only,0.042,50,430,0.0,2,0.39924788,0.39924788,1.0805326,0.0,0.083074436,0.0,0.0,0.042,-28.592724,2.377219,0.7924063,0.16000001,0.0,0.1570986,0.0,0.0,1379200
hardzero_only__c0p58__z1p00__lam0p000__nu0p50__psi0p00,hardzero_only,0.042,50,431,0.0,2,0.39924788,0.40369055,0.9756057,0.10577774,0.10577774,1.0,0.0044426653,0.042,-26.542255,2.1463754,0.7154585,0.16000001,0.0,0.12738666,0.0,0.0,1382400
hardzero_only__c0p58__z1p00__lam0p000__nu0p50__psi0p00,hardzero_only,0.042,50,432,0.0,2,0.40369055,0.40369055,1.0185647,0.0,0.09581539,0.0,0.0,0.042,-26.453,2.2408872,0.7469624,0.192,0.0,0.15677369,0.0,0.0,1385600
hardzero_only__c0p58__z1p00__lam0p000__nu0p50__psi0p00,hardzero_only,0.042,50,433,0.0,2,0.40369055,0.40369055,1.0051752,0.0,0.098815426,0.0,0.0,0.042,-27.20115,2.2114296,0.7371432,0.224,0.0,0.1814809,0.0,0.0,1388800
hardzero_only__c0p58__z1p00__lam0p000__nu0p50__psi0p00,hardzero_only,0.042,50,434,0.0,2,0.40369055,0.40369055,1.0006883,0.0,0.099841624,0.0,0.0,0.042,-26.277925,2.2015584,0.7338528,0.096,0.0,0.16430958,0.0,0.0,1392000
hardzero_only__c0p58__z1p00__lam0p000__nu0p50__psi0p00,hardzero_only,0.042,50,435,0.0,2,0.40369055,0.40369055,1.0326912,0.0,0.09274889,0.0,0.0,0.042,-27.670868,2.2719662,0.7573221,0.15200001,0.0,0.1425443,0.0,0.0,1395200
hardzero_only__c0p58__z1p00__lam0p000__nu0p50__psi0p00,hardzero_only,0.042,50,436,0.0,2,0.40369055,0.40817502,0.9715387,0.10677297,0.10677297,1.0,0.0044844644,0.042,-25.835918,2.1374278,0.71247596,0.17600001,0.0,0.15616691,0.0,0.0,1398400
hardzero_only__c0p58__z1p00__lam0p000__nu0p50__psi0p00,hardzero_only,0.042,50,437,0.0,2,0.40817502,0.41242957,0.9943965,0.10129861,0.10129861,1.0,0.0042545414,0.042,-26.488028,2.187716,0.7292387,0.128,0.0,0.14220436,0.0,0.0,1401600
hardzero_only__c0p58__z1p00__lam0p000__nu0p50__psi0p00,hardzero_only,0.042,50,438,0.0,2,0.41242957,0.41242957,1.0140953,0.0,0.096806526,0.0,0.0,0.042,-27.594564,2.2310543,0.74368477,0.120000005,0.0,0.17978841,0.0,0.0,1404800
hardzero_only__c0p58__z1p00__lam0p000__nu0p50__psi0p00,hardzero_only,0.042,50,439,0.0,2,0.41242957,0.41667867,0.9949531,0.10116887,0.10116887,1.0,0.0042490927,0.042,-26.710546,2.1889405,0.72964686,0.15200001,0.0,0.14215757,0.0,0.0,1408000
hardzero_only__c0p58__z1p00__lam0p000__nu0p50__psi0p00,hardzero_only,0.042,50,440,0.0,2,0.41667867,0.41667867,1.0227486,0.0,0.094896756,0.0,0.0,0.042,-28.238123,2.2500918,0.75003064,0.16000001,0.0,0.18832847,0.0,0.0,1411200
hardzero_only__c0p58__z1p00__lam0p000__nu0p50__psi0p00,hardzero_only,0.042,50,441,0.0,2,0.41667867,0.42092136,0.99560773,0.10101648,0.10101648,1.0,0.004242692,0.042,-27.090425,2.1903808,0.730127,0.112,0.0,0.1475596,0.0,0.0,1414400
hardzero_only__c0p58__z1p00__lam0p000__nu0p50__psi0p00,hardzero_only,0.042,50,442,0.0,2,0.42092136,0.42545888,0.96643156,0.10803598,0.10803598,1.0,0.004537511,0.042,-26.178339,2.1261919,0.70873064,0.11,0.0,0.12693383,0.0,0.0,1417600
hardzero_only__c0p58__z1p00__lam0p000__nu0p50__psi0p00,hardzero_only,0.042,50,443,0.0,2,0.42545888,0.42545888,1.009055,0.0,0.097936586,0.0,0.0,0.042,-26.63599,2.2199655,0.7399885,0.208,0.0,0.13177732,0.0,0.0,1420800
hardzero_only__c0p58__z1p00__lam0p000__nu0p50__psi0p00,hardzero_only,0.042,50,444,0.0,2,0.42545888,0.42975956,0.9897128,0.10239699,0.10239699,1.0,0.0043006735,0.042,-27.273361,2.1774116,0.72580385,0.16800001,0.0,0.1464875,0.0,0.0,1424000
hardzero_only__c0p58__z1p00__lam0p000__nu0p50__psi0p00,hardzero_only,0.042,50,445,0.0,2,0.42975956,0.4341294,0.98278576,0.104043335,0.104043335,1.0,0.00436982,0.042,-26.027351,2.1621718,0.720724,0.104,0.0,0.1351257,0.0,0.0,1427200
hardzero_only__c0p58__z1p00__lam0p000__nu0p50__psi0p00,hardzero_only,0.042,50,446,0.0,2,0.4341294,0.43876478,0.95716166,0.11036678,0.11036678,1.0,0.0046354043,0.042,-25.758791,2.1057978,0.7019326,0.16800001,0.0,0.12858862,0.0,0.0,1430400
hardzero_only__c0p58__z1p00__lam0p000__nu0p50__psi0p00,hardzero_only,0.042,50,447,0.0,2,0.43876478,0.4430206,0.99426365,0.101329595,0.101329595,1.0,0.004255843,0.042,-26.842031,2.1874237,0.72914124,0.128,0.0,0.13451687,0.0,0.0,1433600
hardzero_only__c0p58__z1p00__lam0p000__nu0p50__psi0p00,hardzero_only,0.042,50,448,0.0,2,0.4430206,0.44738472,0.9833544,0.10390719,0.10390719,1.0,0.004364102,0.042,-26.130833,2.1634228,0.721141,0.16800001,0.008,0.14338519,0.0,0.0,1436800
hardzero_only__c0p58__z1p00__lam0p000__nu0p50__psi0p00,hardzero_only,0.042,50,449,0.0,2,0.44738472,0.44738472,1.0403007,0.0,0.091137946,0.0,0.0,0.042,-28.277773,2.2887073,0.76290244,0.136,0.0,0.17504118,0.0,0.0,1440000
hardzero_only__c0p58__z1p00__lam0p000__nu0p50__psi0p00,hardzero_only,0.042,50,450,0.0,2,0.44738472,0.4518042,0.97787756,0.10522585,0.10522585,1.0,0.0044194856,0.042,-26.295048,2.1513736,0.7171246,0.272,0.008,0.13287367,0.0,0.0,1443200
hardzero_only__c0p58__z1p00__lam0p000__nu0p50__psi0p00,hardzero_only,0.042,50,451,0.0,2,0.4518042,0.4518042,1.0548943,0.0,0.08812633,0.0,0.0,0.042,-28.285383,2.320814,0.77360463,0.136,0.0,0.16829473,0.0,0.0,1446400
hardzero_only__c0p58__z1p00__lam0p000__nu0p50__psi0p00,hardzero_only,0.042,50,452,0.0,2,0.4518042,0.4518042,1.0992765,0.0,0.07956526,0.0,0.0,0.042,-27.685713,2.4184568,0.8061523,0.08800001,0.0,0.14801,0.0,0.0,1449600
hardzero_only__c0p58__z1p00__lam0p000__nu0p50__psi0p00,hardzero_only,0.042,50,453,0.0,2,0.4518042,0.4518042,1.0130597,0.0,0.097037636,0.0,0.0,0.042,-26.188345,2.228776,0.74292535,0.15200001,0.0,0.14379135,0.0,0.0,1452800
hardzero_only__c0p58__z1p00__lam0p000__nu0p50__psi0p00,hardzero_only,0.042,50,454,0.0,2,0.4518042,0.45609587,0.99062157,0.10218293,0.10218293,1.0,0.004291683,0.042,-26.834719,2.179411,0.72647035,0.136,0.0,0.14382268,0.0,0.0,1456000
hardzero_only__c0p58__z1p00__lam0p000__nu0p50__psi0p00,hardzero_only,0.042,50,455,0.0,2,0.45609587,0.4604373,0.9856166,0.10336734,0.10336734,1.0,0.004341428,0.042,-26.744053,2.1683998,0.72279996,0.14,0.0,0.14440711,0.0,0.0,1459200
hardzero_only__c0p58__z1p00__lam0p000__nu0p50__psi0p00,hardzero_only,0.042,50,456,0.0,2,0.4604373,0.4604373,1.0171257,0.0,0.09613339,0.0,0.0,0.042,-26.262585,2.2377212,0.74590707,0.16800001,0.0,0.1534849,0.0,0.0,1462400
hardzero_only__c0p58__z1p00__lam0p000__nu0p50__psi0p00,hardzero_only,0.042,50,457,0.0,2,0.4604373,0.4604373,1.0134878,0.0,0.09694204,0.0,0.0,0.042,-27.178614,2.2297177,0.7432393,0.128,0.0,0.1271252,0.0,0.0,1465600
hardzero_only__c0p58__z1p00__lam0p000__nu0p50__psi0p00,hardzero_only,0.042,50,458,0.0,2,0.4604373,0.46470192,0.99336916,0.101538524,0.101538524,1.0,0.004264618,0.042,-27.393085,2.1854558,0.7284853,0.16000001,0.0,0.16937712,0.0,0.0,1468800
hardzero_only__c0p58__z1p00__lam0p000__nu0p50__psi0p00,hardzero_only,0.042,50,459,0.0,2,0.46470192,0.46900883,0.9890839,0.10254538,0.10254538,1.0,0.004306906,0.042,-26.20766,2.176028,0.7253427,0.15200001,0.0,0.14232056,0.0,0.0,1472000
hardzero_only__c0p58__z1p00__lam0p000__nu0p50__psi0p00,hardzero_only,0.042,50,460,0.0,2,0.46900883,0.47345603,0.975162,0.10588586,0.10588586,1.0,0.0044472064,0.042,-26.57168,2.1453993,0.71513313,0.16000001,0.0,0.14476003,0.0,0.0,1475200
hardzero_only__c0p58__z1p00__lam0p000__nu0p50__psi0p00,hardzero_only,0.042,50,461,0.0,2,0.47345603,0.47345603,1.0000743,0.0,0.0999829,0.0,0.0,0.042,-26.969603,2.2002072,0.73340243,0.128,0.0,0.15835136,0.0,0.0,1478400
hardzero_only__c0p58__z1p00__lam0p000__nu0p50__psi0p00,hardzero_only,0.042,50,462,0.0,2,0.47345603,0.47345603,1.0242434,0.0,0.094570704,0.0,0.0,0.042,-27.056675,2.2533803,0.75112677,0.14400001,0.0,0.15716152,0.0,0.0,1481600
hardzero_only__c0p58__z1p00__lam0p000__nu0p50__psi0p00,hardzero_only,0.042,50,463,0.0,2,0.47345603,0.47345603,1.0198125,0.0,0.0955405,0.0,0.0,0.042,-27.303877,2.2436323,0.7478775,0.136,0.0,0.15783496,0.0,0.0,1484800
hardzero_only__c0p58__z1p00__lam0p000__nu0p50__psi0p00,hardzero_only,0.042,50,464,0.0,2,0.47345603,0.47345603,1.0051464,0.0,0.098822005,0.0,0.0,0.042,-26.127907,2.2113662,0.73712206,0.16800001,0.0,0.15302707,0.0,0.0,1488000
hardzero_only__c0p58__z1p00__lam0p000__nu0p50__psi0p00,hardzero_only,0.042,50,465,0.0,2,0.47345603,0.47774735,0.9906568,0.10217465,0.10217465,1.0,0.004291335,0.042,-26.403475,2.1794884,0.72649616,0.216,0.0,0.17863494,0.0,0.0,1491200
hardzero_only__c0p58__z1p00__lam0p000__nu0p50__psi0p00,hardzero_only,0.042,50,466,0.0,2,0.47774735,0.48211032,0.9834657,0.103880554,0.103880554,1.0,0.004362983,0.042,-26.256876,2.1636677,0.7212226,0.120000005,0.0,0.1238804,0.0,0.0,1494400
hardzero_only__c0p58__z1p00__lam0p000__nu0p50__psi0p00,hardzero_only,0.042,50,467,0.0,2,0.48211032,0.4864449,0.98630357,0.10320398,0.10320398,1.0,0.004334567,0.042,-27.267693,2.1699111,0.72330374,0.2,0.0,0.1823419,0.0,0.0,1497600
hardzero_only__c0p58__z1p00__lam0p000__nu0p50__psi0p00,hardzero_only,0.042,50,468,0.0,2,0.4864449,0.4864449,1.037753,0.0,0.091674164,0.0,0.0,0.042,-27.34702,2.2831023,0.76103413,0.17,0.0,0.15425253,0.0,0.0,1500800
hardzero_only__c0p58__z1p00__lam0p000__nu0p50__psi0p00,hardzero_only,0.042,50,469,0.0,2,0.4864449,0.4864449,1.0376719,0.0,0.091691285,0.0,0.0,0.042,-28.039644,2.2829237,0.7609746,0.16000001,0.0,0.18056919,0.0,0.0,1504000
hardzero_only__c0p58__z1p00__lam0p000__nu0p50__psi0p00,hardzero_only,0.042,50,470,0.0,2,0.4864449,0.49076286,0.9879687,0.102809034,0.102809034,1.0,0.0043179793,0.042,-26.099401,2.1735744,0.72452486,0.2,0.0,0.12566824,0.0,0.0,1507200
hardzero_only__c0p58__z1p00__lam0p000__nu0p50__psi0p00,hardzero_only,0.042,50,471,0.0,2,0.49076286,0.49076286,1.0067513,0.0,0.09845748,0.0,0.0,0.042,-26.962614,2.2148972,0.7382991,0.16000001,0.0,0.14309044,0.0,0.0,1510400
hardzero_only__c0p58__z1p00__lam0p000__nu0p50__psi0p00,hardzero_only,0.042,50,472,0.0,2,0.49076286,0.49076286,1.0292381,0.0,0.0934893,0.0,0.0,0.042,-26.456131,2.264369,0.7547897,0.128,0.0,0.14864512,0.0,0.0,1513600
hardzero_only__c0p58__z1p00__lam0p000__nu0p50__psi0p00,hardzero_only,0.042,50,473,0.0,2,0.49076286,0.49076286,1.0270922,0.0,0.093952365,0.0,0.0,0.042,-26.951126,2.259648,0.753216,0.128,0.0,0.15988106,0.0,0.0,1516800
hardzero_only__c0p58__z1p00__lam0p000__nu0p50__psi0p00,hardzero_only,0.042,50,474,0.0,2,0.49076286,0.49076286,1.0168333,0.0,0.096198134,0.0,0.0,0.042,-27.521217,2.237078,0.7456927,0.15200001,0.0,0.16509338,0.0,0.0,1520000
hardzero_only__c0p58__z1p00__lam0p000__nu0p50__psi0p00,hardzero_only,0.042,50,475,0.0,2,0.49076286,0.49076286,1.0660422,0.0,0.08589301,0.0,0.0,0.042,-27.835882,2.3453395,0.7817799,0.15200001,0.0,0.15994367,0.0,0.0,1523200
hardzero_only__c0p58__z1p00__lam0p000__nu0p50__psi0p00,hardzero_only,0.042,50,476,0.0,2,0.49076286,0.49076286,1.0538491,0.0,0.08833867,0.0,0.0,0.042,-27.866323,2.3185143,0.7728381,0.14400001,0.0,0.15278347,0.0,0.0,1526400
hardzero_only__c0p58__z1p00__lam0p000__nu0p50__psi0p00,hardzero_only,0.042,50,477,0.0,2,0.49076286,0.49076286,1.0685923,0.0,0.08539013,0.0,0.0,0.042,-27.71346,2.35095,0.78365004,0.208,0.008,0.1667456,0.0,0.0,1529600
hardzero_only__c0p58__z1p00__lam0p000__nu0p50__psi0p00,hardzero_only,0.042,50,478,0.0,2,0.49076286,0.49517184,0.97890913,0.1049762,0.1049762,1.0,0.0044090003,0.042,-26.190388,2.1536431,0.7178811,0.128,0.0,0.13176994,0.0,0.0,1532800
hardzero_only__c0p58__z1p00__lam0p000__nu0p50__psi0p00,hardzero_only,0.042,50,479,0.0,2,0.49517184,0.49517184,1.038871,0.0,0.09143846,0.0,0.0,0.042,-28.322603,2.285562,0.76185405,0.14400001,0.0,0.19678764,0.0,0.0,1536000
hardzero_only__c0p58__z1p00__lam0p000__nu0p50__psi0p00,hardzero_only,0.042,50,480,0.0,2,0.49517184,0.49517184,1.0057508,0.0,0.09868455,0.0,0.0,0.042,-26.91818,2.2126958,0.7375653,0.136,0.0,0.17151964,0.0,0.0,1539200
hardzero_only__c0p58__z1p00__lam0p000__nu0p50__psi0p00,hardzero_only,0.042,50,481,0.0,2,0.49517184,0.49517184,1.0020207,0.0,0.09953578,0.0,0.0,0.042,-26.806143,2.2044897,0.7348299,0.24,0.0,0.14732186,0.0,0.0,1542400
hardzero_only__c0p58__z1p00__lam0p000__nu0p50__psi0p00,hardzero_only,0.042,50,482,0.0,2,0.49517184,0.49517184,1.0319959,0.0,0.09289752,0.0,0.0,0.042,-27.354841,2.2704363,0.7568121,0.104,0.0,0.13729039,0.0,0.0,1545600
hardzero_only__c0p58__z1p00__lam0p000__nu0p50__psi0p00,hardzero_only,0.042,50,483,0.0,2,0.49517184,0.49962276,0.9747988,0.105974466,0.105974466,1.0,0.0044509275,0.042,-25.384188,2.1446002,0.71486676,0.216,0.0,0.16708495,0.0,0.0,1548800
hardzero_only__c0p58__z1p00__lam0p000__nu0p50__psi0p00,hardzero_only,0.042,50,484,0.0,2,0.49962276,0.49962276,1.0026768,0.0,0.09938554,0.0,0.0,0.042,-26.923096,2.205933,0.73531103,0.16800001,0.0,0.15000156,0.0,0.0,1552000
hardzero_only__c0p58__z1p00__lam0p000__nu0p50__psi0p00,hardzero_only,0.042,50,485,0.0,2,0.49962276,0.5042273,0.9600655,0.10963128,0.10963128,1.0,0.0046045138,0.042,-25.922623,2.1121862,0.7040621,0.208,0.0,0.13527322,0.0,0.0,1555200
hardzero_only__c0p58__z1p00__lam0p000__nu0p50__psi0p00,hardzero_only,0.042,50,486,0.0,2,0.5042273,0.5042273,1.0218751,0.0,0.095087826,0.0,0.0,0.042,-27.504671,2.2481701,0.74939007,0.120000005,0.0,0.16139102,0.0,0.0,1558400
hardzero_only__c0p58__z1p00__lam0p000__nu0p50__psi0p00,hardzero_only,0.042,50,487,0.0,2,0.5042273,0.5042273,1.0459931,0.0,0.089951195,0.0,0.0,0.042,-27.73566,2.3012307,0.7670769,0.192,0.0,0.14993925,0.0,0.0,1561600
hardzero_only__c0p58__z1p00__lam0p000__nu0p50__psi0p00,hardzero_only,0.042,50,488,0.0,2,0.5042273,0.5042273,1.0298154,0.0,0.093365096,0.0,0.0,0.042,-26.938412,2.2656393,0.75521314,0.16000001,0.0,0.15916131,0.0,0.0,1564800
hardzero_only__c0p58__z1p00__lam0p000__nu0p50__psi0p00,hardzero_only,0.042,50,489,0.0,2,0.5042273,0.5042273,1.0247222,0.0,0.094466485,0.0,0.0,0.042,-27.62451,2.2544339,0.75147796,0.15200001,0.0,0.14242212,0.0,0.0,1568000
hardzero_only__c0p58__z1p00__lam0p000__nu0p50__psi0p00,hardzero_only,0.042,50,490,0.0,2,0.5042273,0.5042273,1.0114995,0.0,0.09738689,0.0,0.0,0.042,-27.045277,2.2253435,0.7417812,0.14400001,0.0,0.13707475,0.0,0.0,1571200
hardzero_only__c0p58__z1p00__lam0p000__nu0p50__psi0p00,hardzero_only,0.042,50,491,0.0,2,0.5042273,0.50852954,0.98955435,0.102434345,0.102434345,1.0,0.0043022423,0.042,-27.157782,2.177063,0.7256877,0.16000001,0.0,0.16764486,0.0,0.0,1574400
hardzero_only__c0p58__z1p00__lam0p000__nu0p50__psi0p00,hardzero_only,0.042,50,492,0.0,2,0.50852954,0.5130158,0.97136456,0.10681579,0.10681579,1.0,0.0044862633,0.042,-26.025154,2.1370447,0.7123482,0.208,0.0,0.14679304,0.0,0.0,1577600
hardzero_only__c0p58__z1p00__lam0p000__nu0p50__psi0p00,hardzero_only,0.042,50,493,0.0,2,0.5130158,0.5130158,1.0255327,0.0,0.09429036,0.0,0.0,0.042,-27.941029,2.256217,0.75207233,0.23200001,0.008,0.18298829,0.0,0.0,1580800
hardzero_only__c0p58__z1p00__lam0p000__nu0p50__psi0p00,hardzero_only,0.042,50,494,0.0,2,0.5130158,0.5174517,0.9762707,0.10561591,0.10561591,1.0,0.004435868,0.042,-26.292572,2.1478384,0.71594614,0.22999999,0.0,0.14679545,0.0,0.0,1584000
hardzero_only__c0p58__z1p00__lam0p000__nu0p50__psi0p00,hardzero_only,0.042,50,495,0.0,2,0.5174517,0.5174517,1.0101545,0.0,0.097688965,0.0,0.0,0.042,-27.418383,2.2223842,0.7407948,0.08800001,0.0,0.12894225,0.0,0.0,1587200
hardzero_only__c0p58__z1p00__lam0p000__nu0p50__psi0p00,hardzero_only,0.042,50,496,0.0,2,0.5174517,0.5219525,0.9699617,0.10716137,0.10716137,1.0,0.0045007775,0.042,-26.623783,2.1339583,0.71131945,0.192,0.0,0.15001366,0.0,0.0,1590400
hardzero_only__c0p58__z1p00__lam0p000__nu0p50__psi0p00,hardzero_only,0.042,50,497,0.0,2,0.5219525,0.5219525,1.0000484,0.0,0.09998886,0.0,0.0,0.042,-27.393707,2.2001505,0.73338354,0.17600001,0.0,0.1541035,0.0,0.0,1593600
hardzero_only__c0p58__z1p00__lam0p000__nu0p50__psi0p00,hardzero_only,0.042,50,498,0.0,2,0.5219525,0.5219525,1.0192009,0.0,0.095675126,0.0,0.0,0.042,-26.84742,2.2422867,0.7474289,0.128,0.0,0.15295042,0.0,0.0,1596800
hardzero_only__c0p58__z1p00__lam0p000__nu0p50__psi0p00,hardzero_only,0.042,50,499,0.0,2,0.5219525,0.5219525,1.023365,0.0,0.09476217,0.0,0.0,0.042,-27.20271,2.251448,0.7504827,0.104,0.0,0.15665306,0.0,0.0,1600000
hardzero_only__c0p58__z1p00__lam0p000__nu0p50__psi0p00,hardzero_only,0.042,50,500,0.0,2,0.5219525,0.52621853,0.99322414,0.101572424,0.101572424,1.0,0.004266042,0.042,-26.689238,2.1851368,0.72837895,0.208,0.0,0.1385585,0.0,0.0,1603200
hardzero_only__c0p58__z1p00__lam0p000__nu0p50__psi0p00,hardzero_only,0.042,50,501,0.0,2,0.52621853,0.5305672,0.9848928,0.10353979,0.10353979,1.0,0.004348671,0.042,-27.230263,2.1668074,0.7222692,0.208,0.0,0.14893374,0.0,0.0,1606400
hardzero_only__c0p58__z1p00__lam0p000__nu0p50__psi0p00,hardzero_only,0.042,50,502,0.0,2,0.5305672,0.53484243,0.9922953,0.1017899,0.1017899,1.0,0.0042751757,0.042,-27.655958,2.1830933,0.7276978,0.18400002,0.0,0.18195896,0.0,0.0,1609600
hardzero_only__c0p58__z1p00__lam0p000__nu0p50__psi0p00,hardzero_only,0.042,50,503,0.0,2,0.53484243,0.53484243,1.0075058,0.0,0.09828658,0.0,0.0,0.042,-27.662233,2.216557,0.7388524,0.16000001,0.0,0.15640509,0.0,0.0,1612800
hardzero_only__c0p58__z1p00__lam0p000__nu0p50__psi0p00,hardzero_only,0.042,50,504,0.0,2,0.53484243,0.53484243,1.0053251,0.0,0.09878135,0.0,0.0,0.042,-25.992945,2.2117593,0.7372531,0.192,0.0,0.15903766,0.0,0.0,1616000
hardzero_only__c0p58__z1p00__lam0p000__nu0p50__psi0p00,hardzero_only,0.042,50,505,0.0,2,0.53484243,0.53484243,1.0301781,0.0,0.09328717,0.0,0.0,0.042,-27.891958,2.266437,0.75547904,0.14400001,0.0,0.1582072,0.0,0.0,1619200
hardzero_only__c0p58__z1p00__lam0p000__nu0p50__psi0p00,hardzero_only,0.042,50,506,0.0,2,0.53484243,0.53484243,1.0407532,0.0,0.09104304,0.0,0.0,0.042,-27.358368,2.289703,0.7632343,0.16800001,0.0,0.16134612,0.0,0.0,1622400
hardzero_only__c0p58__z1p00__lam0p000__nu0p50__psi0p00,hardzero_only,0.042,50,507,0.0,2,0.53484243,0.53484243,1.0416118,0.0,0.090863235,0.0,0.0,0.042,-27.79838,2.2915916,0.7638639,0.14,0.0,0.16395278,0.0,0.0,1625600
hardzero_only__c0p58__z1p00__lam0p000__nu0p50__psi0p00,hardzero_only,0.042,50,508,0.0,2,0.53484243,0.53484243,1.0315518,0.0,0.092992544,0.0,0.0,0.042,-28.113686,2.2694595,0.75648654,0.128,0.0,0.15380812,0.0,0.0,1628800
hardzero_only__c0p58__z1p00__lam0p000__nu0p50__psi0p00,hardzero_only,0.042,50,509,0.0,2,0.53484243,0.53921664,0.98235106,0.104147516,0.104147516,1.0,0.004374196,0.042,-26.22587,2.1612155,0.7204052,0.216,0.0,0.13715997,0.0,0.0,1632000
hardzero_only__c0p58__z1p00__lam0p000__nu0p50__psi0p00,hardzero_only,0.042,50,510,0.0,2,0.53921664,0.54342186,0.99945796,0.10012489,0.10012489,1.0,0.004205245,0.042,-26.363161,2.1988513,0.73295045,0.15200001,0.0,0.15527979,0.0,0.0,1635200
hardzero_only__c0p58__z1p00__lam0p000__nu0p50__psi0p00,hardzero_only,0.042,50,511,0.0,2,0.54342186,0.5476431,0.99780583,0.10050651,0.10050651,1.0,0.004221273,0.042,-26.355421,2.1952167,0.7317389,0.15200001,0.0,0.12286166,0.0,0.0,1638400
hardzero_only__c0p58__z1p00__lam0p000__nu0p50__psi0p00,hardzero_only,0.042,50,512,0.0,2,0.5476431,0.5476431,1.0180492,0.0,0.09592918,0.0,0.0,0.042,-27.360752,2.239753,0.74658436,0.15200001,0.0,0.13927749,0.0,0.0,1641600
hardzero_only__c0p58__z1p00__lam0p000__nu0p50__psi0p00,hardzero_only,0.042,50,513,0.0,2,0.5476431,0.5527298,0.916816,0.12111112,0.12111112,1.0,0.005086667,0.042,-25.176878,2.0170355,0.67234516,0.24000001,0.0,0.121051565,0.0,0.0,1644800
hardzero_only__c0p58__z1p00__lam0p000__nu0p50__psi0p00,hardzero_only,0.042,50,514,0.0,2,0.5527298,0.5527298,1.008622,0.0,0.09803426,0.0,0.0,0.042,-26.603815,2.2190127,0.73967093,0.15200001,0.008,0.14694695,0.0,0.0,1648000
hardzero_only__c0p58__z1p00__lam0p000__nu0p50__psi0p00,hardzero_only,0.042,50,515,0.0,2,0.5527298,0.5527298,1.0310786,0.0,0.09309394,0.0,0.0,0.042,-26.76708,2.268418,0.7561394,0.096,0.0,0.13827972,0.0,0.0,1651200
hardzero_only__c0p58__z1p00__lam0p000__nu0p50__psi0p00,hardzero_only,0.042,50,516,0.0,2,0.5527298,0.5571744,0.975414,0.10582443,0.10582443,1.0,0.004444626,0.042,-26.351553,2.1459537,0.7153179,0.2,0.0,0.14066994,0.0,0.0,1654400
hardzero_only__c0p58__z1p00__lam0p000__nu0p50__psi0p00,hardzero_only,0.042,50,517,0.0,2,0.5571744,0.56145036,0.99221385,0.101808995,0.101808995,1.0,0.0042759776,0.042,-26.862162,2.182914,0.727638,0.23200001,0.0,0.13944449,0.0,0.0,1657600
hardzero_only__c0p58__z1p00__lam0p000__nu0p50__psi0p00,hardzero_only,0.042,50,518,0.0,2,0.56145036,0.56145036,1.0145202,0.0,0.09671188,0.0,0.0,0.042,-26.646288,2.231989,0.7439963,0.136,0.0,0.12791698,0.0,0.0,1660800
hardzero_only__c0p58__z1p00__lam0p000__nu0p50__psi0p00,hardzero_only,0.042,50,519,0.0,2,0.56145036,0.56145036,1.0230509,0.0,0.094830714,0.0,0.0,0.042,-27.935535,2.250757,0.75025237,0.17600001,0.0,0.16351007,0.0,0.0,1664000
hardzero_only__c0p58__z1p00__lam0p000__nu0p50__psi0p00,hardzero_only,0.042,50,520,0.0,2,0.56145036,0.56145036,1.0866295,0.0,0.08191633,0.0,0.0,0.042,-28.659819,2.3906326,0.79687756,0.16,0.0,0.18076709,0.0,0.0,1667200
hardzero_only__c0p58__z1p00__lam0p000__nu0p50__psi0p00,hardzero_only,0.042,50,521,0.0,2,0.56145036,0.56145036,1.0589966,0.0,0.08729781,0.0,0.0,0.042,-28.559618,2.329839,0.776613,0.104,0.0,0.15026067,0.0,0.0,1670400
hardzero_only__c0p58__z1p00__lam0p000__nu0p50__psi0p00,hardzero_only,0.042,50,522,0.0,2,0.56145036,0.56577426,0.9873752,0.10294963,0.10294963,1.0,0.0043238844,0.042,-26.756115,2.1722689,0.7240896,0.2,0.0,0.14618167,0.0,0.0,1673600
hardzero_only__c0p58__z1p00__lam0p000__nu0p50__psi0p00,hardzero_only,0.042,50,523,0.0,2,0.56577426,0.56577426,1.0550812,0.0,0.08808841,0.0,0.0,0.042,-28.685621,2.3212252,0.7737417,0.16800001,0.0,0.17846799,0.0,0.0,1676800
hardzero_only__c0p58__z1p00__lam0p000__nu0p50__psi0p00,hardzero_only,0.042,50,524,0.0,2,0.56577426,0.5701377,0.98342484,0.103890345,0.103890345,1.0,0.0043633943,0.042,-27.420473,2.1635778,0.7211926,0.216,0.0,0.14020447,0.0,0.0,1680000
hardzero_only__c0p58__z1p00__lam0p000__nu0p50__psi0p00,hardzero_only,0.042,50,525,0.0,2,0.5701377,0.57454723,0.9788544,0.10498944,0.10498944,1.0,0.0044095563,0.042,-26.17604,2.1535227,0.7178409,0.23200001,0.0,0.1394056,0.0,0.0,1683200
hardzero_only__c0p58__z1p00__lam0p000__nu0p50__psi0p00,hardzero_only,0.042,50,526,0.0,2,0.57454723,0.57909226,0.9657125,0.10821501,0.10821501,1.0,0.0045450306,0.042,-27.170767,2.12461,0.7082033,0.24800001,0.0,0.18252511,0.0,0.0,1686400
hardzero_only__c0p58__z1p00__lam0p000__nu0p50__psi0p00,hardzero_only,0.042,50,527,0.0,2,0.57909226,0.57909226,1.0442556,0.0,0.09031178,0.0,0.0,0.042,-27.702095,2.297408,0.76580274,0.072000004,0.0,0.15261744,0.0,0.0,1689600
hardzero_only__c0p58__z1p00__lam0p000__nu0p50__psi0p00,hardzero_only,0.042,50,528,0.0,2,0.57909226,0.583537,0.9754059,0.10582643,0.10582643,1.0,0.00444471,0.042,-26.213308,2.1459358,0.71531194,0.17600001,0.0,0.13144964,0.0,0.0,1692800
hardzero_only__c0p58__z1p00__lam0p000__nu0p50__psi0p00,hardzero_only,0.042,50,529,1.0,3,0.583537,0.0035369992,1.058585,0.0,0.08738059,0.0,0.0,0.042,-27.518547,2.3289337,0.7763113,0.128,0.0,0.17947909,0.0,0.0,1696000
hardzero_only__c0p58__z1p00__lam0p000__nu0p50__psi0p00,hardzero_only,0.042,50,530,0.0,3,0.0035369992,0.008431362,0.9335531,0.116532445,0.116532445,1.0,0.0048943628,0.042,-26.1251,2.0538578,0.6846193,0.208,0.0,0.13197038,0.0,0.0,1699200
hardzero_only__c0p58__z1p00__lam0p000__nu0p50__psi0p00,hardzero_only,0.042,50,531,0.0,3,0.008431362,0.013033513,0.9602884,0.10957502,0.10957502,1.0,0.0046021505,0.042,-26.644564,2.1126766,0.70422554,0.216,0.0,0.1556898,0.0,0.0,1702400
hardzero_only__c0p58__z1p00__lam0p000__nu0p50__psi0p00,hardzero_only,0.042,50,532,0.0,3,0.013033513,0.017634397,0.9604079,0.10954487,0.10954487,1.0,0.0046008844,0.042,-25.74178,2.1129396,0.7043132,0.14400001,0.0,0.15264022,0.0,0.0,1705600
hardzero_only__c0p58__z1p00__lam0p000__nu0p50__psi0p00,hardzero_only,0.042,50,533,0.0,3,0.017634397,0.017634397,1.0134975,0.0,0.09693989,0.0,0.0,0.042,-27.013308,2.229739,0.7432463,0.13,0.0,0.17521311,0.0,0.0,1708800
hardzero_only__c0p58__z1p00__lam0p000__nu0p50__psi0p00,hardzero_only,0.042,50,534,0.0,3,0.017634397,0.017634397,1.0410075,0.0,0.09098975,0.0,0.0,0.042,-27.371607,2.2902622,0.76342076,0.136,0.0,0.2063012,0.0,0.0,1712000
hardzero_only__c0p58__z1p00__lam0p000__nu0p50__psi0p00,hardzero_only,0.042,50,535,0.0,3,0.017634397,0.021956325,0.9875717,0.102903046,0.102903046,1.0,0.0043219277,0.042,-26.558329,2.1727011,0.72423375,0.192,0.0,0.18243185,0.0,0.0,1715200
hardzero_only__c0p58__z1p00__lam0p000__nu0p50__psi0p00,hardzero_only,0.042,50,536,0.0,3,0.021956325,0.021956325,1.0341796,0.0,0.0924316,0.0,0.0,0.042,-27.289747,2.2752404,0.7584135,0.120000005,0.0,0.16827655,0.0,0.0,1718400
hardzero_only__c0p58__z1p00__lam0p000__nu0p50__psi0p00,hardzero_only,0.042,50,537,0.0,3,0.021956325,0.026227463,0.9927055,0.101693794,0.101693794,1.0,0.0042711394,0.042,-26.39245,2.1839957,0.7279986,0.120000005,0.0,0.16258793,0.0,0.0,1721600
hardzero_only__c0p58__z1p00__lam0p000__nu0p50__psi0p00,hardzero_only,0.042,50,538,0.0,3,0.026227463,0.030673927,0.97523457,0.10586817,0.10586817,1.0,0.004446463,0.042,-26.4427,2.1455588,0.7151863,0.136,0.0,0.13997492,0.0,0.0,1724800
hardzero_only__c0p58__z1p00__lam0p000__nu0p50__psi0p00,hardzero_only,0.042,50,539,0.0,3,0.030673927,0.035335165,0.954748,0.11098185,0.11098185,1.0,0.004661238,0.042,-25.169807,2.1004875,0.70016253,0.216,0.0,0.14815474,0.0,0.0,1728000
hardzero_only__c0p58__z1p00__lam0p000__nu0p50__psi0p00,hardzero_only,0.042,50,540,0.0,3,0.035335165,0.04017684,0.9382538,0.11527793,0.11527793,1.0,0.004841673,0.042,-25.414919,2.0641997,0.6880666,0.16800001,0.0,0.13630848,0.0,0.0,1731200
hardzero_only__c0p58__z1p00__lam0p000__nu0p50__psi0p00,hardzero_only,0.042,50,541,0.0,3,0.04017684,0.04017684,1.01411,0.0,0.09680328,0.0,0.0,0.042,-26.717085,2.2310865,0.7436955,0.120000005,0.0,0.15643115,0.0,0.0,1734400
hardzero_only__c0p58__z1p00__lam0p000__nu0p50__psi0p00,hardzero_only,0.042,50,542,0.0,3,0.04017684,0.04452991,0.98445326,0.1036446,0.1036446,1.0,0.0043530734,0.042,-26.901297,2.1658404,0.72194684,0.17600001,0.0,0.1669108,0.0,0.0,1737600
hardzero_only__c0p58__z1p00__lam0p000__nu0p50__psi0p00,hardzero_only,0.042,50,543,0.0,3,0.04452991,0.04452991,1.0012788,0.0,0.09970598,0.0,0.0,0.042,-27.12025,2.2028573,0.7342858,0.128,0.0,0.15065102,0.0,0.0,1740800
hardzero_only__c0p58__z1p00__lam0p000__nu0p50__psi0p00,hardzero_only,0.042,50,544,0.0,3,0.04452991,0.04452991,1.0150287,0.0,0.0965987,0.0,0.0,0.042,-27.049854,2.2331078,0.74436927,0.2,0.0,0.14511581,0.0,0.0,1744000
hardzero_only__c0p58__z1p00__lam0p000__nu0p50__psi0p00,hardzero_only,0.042,50,545,0.0,3,0.04452991,0.04452991,1.0271652,0.0,0.0939366,0.0,0.0,0.042,-26.740246,2.2598085,0.75326955,0.16800001,0.0,0.15096228,0.0,0.0,1747200
hardzero_only__c0p58__z1p00__lam0p000__nu0p50__psi0p00,hardzero_only,0.042,50,546,0.0,3,0.04452991,0.049316105,0.943259,0.113957,0.113957,1.0,0.004786194,0.042,-26.095284,2.0752113,0.6917371,0.19999999,0.0,0.13579509,0.0,0.0,1750400
hardzero_only__c0p58__z1p00__lam0p000__nu0p50__psi0p00,hardzero_only,0.042,50,547,0.0,3,0.049316105,0.05405288,0.94776666,0.11278032,0.11278032,1.0,0.004736773,0.042,-26.486568,2.0851283,0.6950428,0.17600001,0.008,0.13798578,0.0,0.0,1753600
hardzero_only__c0p58__z1p00__lam0p000__nu0p50__psi0p00,hardzero_only,0.042,50,548,0.0,3,0.05405288,0.05405288,1.0150063,0.0,0.096603684,0.0,0.0,0.042,-27.310152,2.2330585,0.7443528,0.17600001,0.0,0.16294342,0.0,0.0,1756800
hardzero_only__c0p58__z1p00__lam0p000__nu0p50__psi0p00,hardzero_only,0.042,50,549,0.0,3,0.05405288,0.05827488,0.997731,0.10052384,0.10052384,1.0,0.004222001,0.042,-26.50363,2.195052,0.73168397,0.120000005,0.0,0.17045642,0.0,0.0,1760000
hardzero_only__c0p58__z1p00__lam0p000__nu0p50__psi0p00,hardzero_only,0.042,50,550,0.0,3,0.05827488,0.06329102,0.92287964,0.11943191,0.11943191,1.0,0.00501614,0.042,-25.957167,2.0303757,0.6767919,0.28,0.008,0.1411791,0.0,0.0,1763200
hardzero_only__c0p58__z1p00__lam0p000__nu0p50__psi0p00,hardzero_only,0.042,50,551,0.0,3,0.06329102,0.06750924,0.9981202,0.10043379,0.10043379,1.0,0.0042182193,0.042,-26.876764,2.1959083,0.7319695,0.15200001,0.0,0.13233714,0.0,0.0,1766400
hardzero_only__c0p58__z1p00__lam0p000__nu0p50__psi0p00,hardzero_only,0.042,50,552,0.0,3,0.06750924,0.07188926,0.98177356,0.10428609,0.10428609,1.0,0.0043800157,0.042,-26.75598,2.159945,0.7199817,0.16000001,0.0,0.11896306,0.0,0.0,1769600
hardzero_only__c0p58__z1p00__lam0p000__nu0p50__psi0p00,hardzero_only,0.042,50,553,0.0,3,0.07188926,0.07188926,1.0007409,0.0,0.099829555,0.0,0.0,0.042,-26.916868,2.201674,0.73389137,0.16800001,0.0,0.15227062,0.0,0.0,1772800
hardzero_only__c0p58__z1p00__lam0p000__nu0p50__psi0p00,hardzero_only,0.042,50,554,0.0,3,0.07188926,0.07635623,0.97323567,0.10635657,0.10635657,1.0,0.004466976,0.042,-26.717571,2.1411612,0.71372044,0.14400001,0.0,0.13260464,0.0,0.0,1776000
hardzero_only__c0p58__z1p00__lam0p000__nu0p50__psi0p00,hardzero_only,0.042,50,555,0.0,3,0.07635623,0.07635623,1.0160933,0.0,0.09636222,0.0,0.0,0.042,-27.876625,2.2354498,0.74514997,0.136,0.0,0.1512784,0.0,0.0,1779200
hardzero_only__c0p58__z1p00__lam0p000__nu0p50__psi0p00,hardzero_only,0.042,50,556,0.0,3,0.07635623,0.080654755,0.98993015,0.10234576,0.10234576,1.0,0.0042985217,0.042,-26.660446,2.1778898,0.7259633,0.192,0.0,0.12807563,0.0,0.0,1782400
hardzero_only__c0p58__z1p00__lam0p000__nu0p50__psi0p00,hardzero_only,0.042,50,557,0.0,3,0.080654755,0.080654755,1.0070121,0.0,0.098398365,0.0,0.0,0.042,-27.069424,2.215471,0.73849034,0.2,0.0,0.15952078,0.0,0.0,1785600
hardzero_only__c0p58__z1p00__lam0p000__nu0p50__psi0p00,hardzero_only,0.042,50,558,0.0,3,0.080654755,0.0849063,0.9947021,0.101227365,0.101227365,1.0,0.0042515495,0.042,-26.940382,2.1883883,0.7294628,0.15200001,0.0,0.17242695,0.0,0.0,1788800
hardzero_only__c0p58__z1p00__lam0p000__nu0p50__psi0p00,hardzero_only,0.042,50,559,0.0,3,0.0849063,0.08954635,0.95672625,0.11047748,0.11047748,1.0,0.004640054,0.042,-26.729084,2.1048398,0.7016133,0.16,0.0,0.13671644,0.0,0.0,1792000
hardzero_only__c0p58__z1p00__lam0p000__nu0p50__psi0p00,hardzero_only,0.042,50,560,0.0,3,0.08954635,0.09386055,0.988349,0.102719046,0.102719046,1.0,0.0043142,0.042,-27.026714,2.1744113,0.7248038,0.208,0.0,0.13866743,0.0,0.0,1795200
hardzero_only__c0p58__z1p00__lam0p000__nu0p50__psi0p00,hardzero_only,0.042,50,561,0.0,3,0.09386055,0.09824598,0.9812375,0.10441492,0.10441492,1.0,0.0043854266,0.042,-27.248274,2.1587656,0.7195885,0.136,0.0,0.15975069,0.0,0.0,1798400
hardzero_only__c0p58__z1p00__lam0p000__nu0p50__psi0p00,hardzero_only,0.042,50,562,0.0,3,0.09824598,0.10303939,0.9426046,0.114128835,0.114128835,1.0,0.004793411,0.042,-26.212381,2.0737715,0.6912572,0.272,0.0,0.14461723,0.0,0.0,1801600
hardzero_only__c0p58__z1p00__lam0p000__nu0p50__psi0p00,hardzero_only,0.042,50,563,0.0,3,0.10303939,0.107547894,0.969217,0.10734528,0.10734528,1.0,0.004508502,0.042,-26.458057,2.13232,0.71077335,0.192,0.0,0.136589,0.0,0.0,1804800
hardzero_only__c0p58__z1p00__lam0p000__nu0p50__psi0p00,hardzero_only,0.042,50,564,0.0,3,0.107547894,0.112217695,0.9539506,0.11118581,0.11118581,1.0,0.004669804,0.042,-25.76942,2.0987332,0.69957775,0.16000001,0.0,0.15296596,0.0,0.0,1808000
hardzero_only__c0p58__z1p00__lam0p000__nu0p50__psi0p00,hardzero_only,0.042,50,565,0.0,3,0.112217695,0.11654923,0.986607,0.10313188,0.10313188,1.0,0.004331539,0.042,-26.633873,2.1705787,0.72352624,0.216,0.0,0.1356019,0.0,0.0,1811200
hardzero_only__c0p58__z1p00__lam0p000__nu0p50__psi0p00,hardzero_only,0.042,50,566,0.0,3,0.11654923,0.12124355,0.95167685,0.11176947,0.11176947,1.0,0.0046943175,0.042,-26.198246,2.093731,0.6979103,0.208,0.0,0.15276952,0.0,0.0,1814400
hardzero_only__c0p58__z1p00__lam0p000__nu0p50__psi0p00,hardzero_only,0.042,50,567,0.0,3,0.12124355,0.12124355,1.0119373,0.0,0.09728878,0.0,0.0,0.042,-27.880798,2.2263064,0.74210215,0.16800001,0.0,0.1389,0.0,0.0,1817600
hardzero_only__c0p58__z1p00__lam0p000__nu0p50__psi0p00,hardzero_only,0.042,50,568,0.0,3,0.12124355,0.12124355,1.0073155,0.0,0.098329656,0.0,0.0,0.042,-27.217577,2.2161384,0.7387128,0.16000001,0.0,0.13914365,0.0,0.0,1820800
hardzero_only__c0p58__z1p00__lam0p000__nu0p50__psi0p00,hardzero_only,0.042,50,569,0.0,3,0.12124355,0.12124355,1.0015726,0.0,0.09963854,0.0,0.0,0.042,-26.831795,2.2035038,0.7345013,0.112,0.0,0.13246633,0.0,0.0,1824000
hardzero_only__c0p58__z1p00__lam0p000__nu0p50__psi0p00,hardzero_only,0.042,50,570,0.0,3,0.12124355,0.12560228,0.98389035,0.10377904,0.10377904,1.0,0.0043587196,0.042,-25.872988,2.164602,0.721534,0.216,0.0,0.16730808,0.0,0.0,1827200
hardzero_only__c0p58__z1p00__lam0p000__nu0p50__psi0p00,hardzero_only,0.042,50,571,0.0,3,0.12560228,0.12988326,0.99170524,0.10192829,0.10192829,1.0,0.004280988,0.042,-26.727468,2.1817951,0.72726506,0.2,0.0,0.19836694,0.0,0.0,1830400
hardzero_only__c0p58__z1p00__lam0p000__nu0p50__psi0p00,hardzero_only,0.042,50,572,0.0,3,0.12988326,0.13422883,0.9852036,0.103465706,0.103465706,1.0,0.0043455595,0.042,-27.333513,2.1674912,0.7224971,0.13,0.0,0.1607367,0.0,0.0,1833600
hardzero_only__c0p58__z1p00__lam0p000__nu0p50__psi0p00,hardzero_only,0.042,50,573,0.0,3,0.13422883,0.13422883,1.0208509,0.0,0.09531232,0.0,0.0,0.042,-27.564837,2.2459168,0.748639,0.15200001,0.0,0.17314371,0.0,0.0,1836800
hardzero_only__c0p58__z1p00__lam0p000__nu0p50__psi0p00,hardzero_only,0.042,50,574,0.0,3,0.13422883,0.13886622,0.9569757,0.11041404,0.11041404,1.0,0.00463739,0.042,-26.927324,2.1053886,0.70179623,0.216,0.008,0.16652611,0.0,0.0,1840000
hardzero_only__c0p58__z1p00__lam0p000__nu0p50__psi0p00,hardzero_only,0.042,50,575,0.0,3,0.13886622,0.13886622,1.0048947,0.0,0.09887927,0.0,0.0,0.042,-27.10777,2.2108126,0.7369375,0.14400001,0.0,0.13939908,0.0,0.0,1843200
hardzero_only__c0p58__z1p00__lam0p000__nu0p50__psi0p00,hardzero_only,0.042,50,576,0.0,3,0.13886622,0.14334807,0.97179186,0.10671074,0.10671074,1.0,0.004481851,0.042,-26.822552,2.1379848,0.7126616,0.192,0.0,0.15818143,0.0,0.0,1846400
hardzero_only__c0p58__z1p00__lam0p000__nu0p50__psi0p00,hardzero_only,0.042,50,577,0.0,3,0.14334807,0.14837909,0.92159307,0.11978624,0.11978624,1.0,0.0050310222,0.042,-26.194204,2.0275452,0.6758484,0.24800001,0.0,0.13840397,0.0,0.0,1849600
hardzero_only__c0p58__z1p00__lam0p000__nu0p50__psi0p00,hardzero_only,0.042,50,578,0.0,3,0.14837909,0.15284304,0.97352904,0.10628476,0.10628476,1.0,0.00446396,0.042,-26.189709,2.1418066,0.71393555,0.16000001,0.0,0.13516675,0.0,0.0,1852800
hardzero_only__c0p58__z1p00__lam0p000__nu0p50__psi0p00,hardzero_only,0.042,50,579,0.0,3,0.15284304,0.15710829,0.9933045,0.101553634,0.101553634,1.0,0.0042652525,0.042,-27.10082,2.1853135,0.72843784,0.14400001,0.0,0.14923991,0.0,0.0,1856000
hardzero_only__c0p58__z1p00__lam0p000__nu0p50__psi0p00,hardzero_only,0.042,50,580,0.0,3,0.15710829,0.16140677,0.9899347,0.102344684,0.102344684,1.0,0.0042984765,0.042,-27.491552,2.1778998,0.72596663,0.216,0.0,0.14619999,0.0,0.0,1859200
hardzero_only__c0p58__z1p00__lam0p000__nu0p50__psi0p00,hardzero_only,0.042,50,581,0.0,3,0.16140677,0.16140677,1.0009284,0.0,0.09978646,0.0,0.0,0.042,-27.062029,2.2020864,0.7340288,0.192,0.0,0.14999245,0.0,0.0,1862400
hardzero_only__c0p58__z1p00__lam0p000__nu0p50__psi0p00,hardzero_only,0.042,50,582,0.0,3,0.16140677,0.16567197,0.9933097,0.10155242,0.10155242,1.0,0.0042652017,0.042,-26.941053,2.185325,0.72844166,0.208,0.0,0.13614988,0.0,0.0,1865600
hardzero_only__c0p58__z1p00__lam0p000__nu0p50__psi0p00,hardzero_only,0.042,50,583,0.0,3,0.16567197,0.16567197,1.0598719,0.0,0.08712205,0.0,0.0,0.042,-28.977947,2.3317647,0.77725494,0.128,0.0,0.18751733,0.0,0.0,1868800
hardzero_only__c0p58__z1p00__lam0p000__nu0p50__psi0p00,hardzero_only,0.042,50,584,0.0,3,0.16567197,0.16567197,1.0232822,0.0,0.094780244,0.0,0.0,0.042,-28.012983,2.2512658,0.75042194,0.112,0.0,0.14417447,0.0,0.0,1872000
hardzero_only__c0p58__z1p00__lam0p000__nu0p50__psi0p00,hardzero_only,0.042,50,585,0.0,3,0.16567197,0.17045175,0.94384176,0.11380419,0.11380419,1.0,0.004779776,0.042,-25.616379,2.0764933,0.6921644,0.19,0.01,0.12555337,0.0,0.0,1875200
hardzero_only__c0p58__z1p00__lam0p000__nu0p50__psi0p00,hardzero_only,0.042,50,586,0.0,3,0.17045175,0.17045175,1.0120065,0.0,0.09727325,0.0,0.0,0.042,-27.106611,2.2264588,0.7421529,0.136,0.0,0.13275295,0.0,0.0,1878400
hardzero_only__c0p58__z1p00__lam0p000__nu0p50__psi0p00,hardzero_only,0.042,50,587,0.0,3,0.17045175,0.17045175,1.0156101,0.0,0.09646948,0.0,0.0,0.042,-26.68234,2.234387,0.7447957,0.112,0.0,0.1620058,0.0,0.0,1881600
hardzero_only__c0p58__z1p00__lam0p000__nu0p50__psi0p00,hardzero_only,0.042,50,588,0.0,3,0.17045175,0.17470662,0.99436164,0.10130675,0.10130675,1.0,0.0042548836,0.042,-27.157314,2.1876392,0.7292131,0.16800001,0.0,0.14630541,0.0,0.0,1884800
hardzero_only__c0p58__z1p00__lam0p000__nu0p50__psi0p00,hardzero_only,0.042,50,589,0.0,3,0.17470662,0.17907402,0.9830263,0.1039857,0.1039857,1.0,0.004367399,0.042,-26.676256,2.1627011,0.7209004,0.15200001,0.0,0.15694645,0.0,0.0,1888000
hardzero_only__c0p58__z1p00__lam0p000__nu0p50__psi0p00,hardzero_only,0.042,50,590,0.0,3,0.17907402,0.18335485,0.9917214,0.1019245,0.1019245,1.0,0.004280829,0.042,-26.771496,2.1818306,0.7272769,0.2,0.0,0.17109653,0.0,0.0,1891200
hardzero_only__c0p58__z1p00__lam0p000__nu0p50__psi0p00,hardzero_only,0.042,50,591,0.0,3,0.18335485,0.18831487,0.9277659,0.118095696,0.118095696,1.0,0.004960019,0.042,-26.243227,2.0411258,0.6803753,0.24000001,0.0,0.16187164,0.0,0.0,1894400
hardzero_only__c0p58__z1p00__lam0p000__nu0p50__psi0p00,hardzero_only,0.042,50,592,0.0,3,0.18831487,0.19261673,0.989593,0.10242523,0.10242523,1.0,0.0043018595,0.042,-26.553953,2.177148,0.72571605,0.18400002,0.008,0.14197737,0.0,0.0,1897600
hardzero_only__c0p58__z1p00__lam0p000__nu0p50__psi0p00,hardzero_only,0.042,50,593,0.0,3,0.19261673,0.19261673,1.0014906,0.0,0.099657364,0.0,0.0,0.042,-28.014124,2.2033234,0.73444116,0.15200001,0.0,0.15164272,0.0,0.0,1900800
hardzero_only__c0p58__z1p00__lam0p000__nu0p50__psi0p00,hardzero_only,0.042,50,594,0.0,3,0.19261673,0.19691105,0.9903547,0.102245755,0.102245755,1.0,0.004294322,0.042,-27.188795,2.178824,0.72627467,0.14400001,0.0,0.16770735,0.0,0.0,1904000
hardzero_only__c0p58__z1p00__lam0p000__nu0p50__psi0p00,hardzero_only,0.042,50,595,0.0,3,0.19691105,0.20181449,0.9327494,0.11674831,0.11674831,1.0,0.004903429,0.042,-25.855494,2.0520897,0.68402994,0.16800001,0.0,0.10941906,0.0,0.0,1907200
hardzero_only__c0p58__z1p00__lam0p000__nu0p50__psi0p00,hardzero_only,0.042,50,596,0.0,3,0.20181449,0.20635961,0.9657041,0.1082171,0.1082171,1.0,0.004545118,0.042,-26.50606,2.1245914,0.7081971,0.224,0.0,0.15524586,0.0,0.0,1910400
hardzero_only__c0p58__z1p00__lam0p000__nu0p50__psi0p00,hardzero_only,0.042,50,597,0.0,3,0.20635961,0.2117242,0.89371204,0.12772855,0.12772855,1.0,0.005364599,0.042,-25.372696,1.9662057,0.65540195,0.24000001,0.0,0.1209373,0.0,0.0,1913600
hardzero_only__c0p58__z1p00__lam0p000__nu0p50__psi0p00,hardzero_only,0.042,50,598,0.0,3,0.2117242,0.21618974,0.9733758,0.106322266,0.106322266,1.0,0.0044655353,0.042,-26.110481,2.1414695,0.7138232,0.22,0.0,0.1480718,0.0,0.0,1916800
hardzero_only__c0p58__z1p00__lam0p000__nu0p50__psi0p00,hardzero_only,0.042,50,599,0.0,3,0.21618974,0.220502,0.98854345,0.10267306,0.10267306,1.0,0.0043122685,0.042,-26.68775,2.174839,0.7249464,0.192,0.0,0.15435095,0.0,0.0,1920000
hardzero_only__c0p58__z1p00__lam0p000__nu0p50__psi0p00,hardzero_only,0.042,50,600,0.0,3,0.220502,0.220502,1.0022475,0.0,0.09948384,0.0,0.0,0.042,-26.433067,2.2049885,0.7349962,0.128,0.0,0.14311671,0.0,0.0,1923200
hardzero_only__c0p58__z1p00__lam0p000__nu0p50__psi0p00,hardzero_only,0.042,50,601,0.0,3,0.220502,0.22473207,0.99690264,0.10071573,0.10071573,1.0,0.0042300606,0.042,-27.29601,2.1932297,0.7310766,0.192,0.0,0.16806862,0.0,0.0,1926400
hardzero_only__c0p58__z1p00__lam0p000__nu0p50__psi0p00,hardzero_only,0.042,50,602,0.0,3,0.22473207,0.22916147,0.9769037,0.10546207,0.10546207,1.0,0.004429407,0.042,-27.142637,2.149231,0.71641034,0.23200001,0.0,0.16612066,0.0,0.0,1929600
hardzero_only__c0p58__z1p00__lam0p000__nu0p50__psi0p00,hardzero_only,0.042,50,603,0.0,3,0.22916147,0.22916147,1.0185716,0.0,0.09581386,0.0,0.0,0.042,-26.656235,2.2409024,0.7469675,0.16000001,0.0,0.13228534,0.0,0.0,1932800
hardzero_only__c0p58__z1p00__lam0p000__nu0p50__psi0p00,hardzero_only,0.042,50,604,0.0,3,0.22916147,0.23372722,0.96373814,0.10870809,0.10870809,1.0,0.0045657395,0.042,-26.469433,2.1202662,0.7067554,0.256,0.0,0.13871434,0.0,0.0,1936000
hardzero_only__c0p58__z1p00__lam0p000__nu0p50__psi0p00,hardzero_only,0.042,50,605,0.0,3,0.23372722,0.23802896,0.98960495,0.10242243,0.10242243,1.0,0.004301742,0.042,-26.382896,2.1771743,0.7257248,0.17600001,0.0,0.15076366,0.0,0.0,1939200
hardzero_only__c0p58__z1p00__lam0p000__nu0p50__psi0p00,hardzero_only,0.042,50,606,0.0,3,0.23802896,0.24271692,0.9522652,0.11161813,0.11161813,1.0,0.0046879617,0.042,-26.431288,2.0950253,0.6983418,0.17600001,0.0,0.144044,0.0,0.0,1942400
hardzero_only__c0p58__z1p00__lam0p000__nu0p50__psi0p00,hardzero_only,0.042,50,607,0.0,3,0.24271692,0.24704343,0.987112,0.10301204,0.10301204,1.0,0.0043265056,0.042,-26.511772,2.1716897,0.7238966,0.16000001,0.0,0.14496055,0.0,0.0,1945600
hardzero_only__c0p58__z1p00__lam0p000__nu0p50__psi0p00,hardzero_only,0.042,50,608,0.0,3,0.24704343,0.25137419,0.98668456,0.10311347,0.10311347,1.0,0.004330766,0.042,-26.668457,2.1707494,0.72358316,0.14400001,0.0,0.123163484,0.0,0.0,1948800
hardzero_only__c0p58__z1p00__lam0p000__nu0p50__psi0p00,hardzero_only,0.042,50,609,0.0,3,0.25137419,0.25567424,0.98977506,0.10238232,0.10238232,1.0,0.0043000574,0.042,-26.269892,2.1775486,0.72584957,0.120000005,0.0,0.13403863,0.0,0.0,1952000
hardzero_only__c0p58__z1p00__lam0p000__nu0p50__psi0p00,hardzero_only,0.042,50,610,0.0,3,0.25567424,0.25567424,1.0174203,0.0,0.0960682,0.0,0.0,0.042,-27.812075,2.2383695,0.7461232,0.18400002,0.0,0.16244245,0.0,0.0,1955200
hardzero_only__c0p58__z1p00__lam0p000__nu0p50__psi0p00,hardzero_only,0.042,50,611,0.0,3,0.25567424,0.26030904,0.9572177,0.110352516,0.110352516,1.0,0.0046348055,0.042,-26.590414,2.105921,0.7019737,0.17999999,0.0,0.17403165,0.0,0.0,1958400
hardzero_only__c0p58__z1p00__lam0p000__nu0p50__psi0p00,hardzero_only,0.042,50,612,0.0,3,0.26030904,0.26030904,1.0019804,0.0,0.09954504,0.0,0.0,0.042,-27.060627,2.204401,0.73480034,0.17600001,0.0,0.14817967,0.0,0.0,1961600
hardzero_only__c0p58__z1p00__lam0p000__nu0p50__psi0p00,hardzero_only,0.042,50,613,0.0,3,0.26030904,0.2646248,0.98819244,0.102756076,0.102756076,1.0,0.0043157553,0.042,-26.144295,2.1740668,0.72468895,0.136,0.0,0.11994782,0.0,0.0,1964800
hardzero_only__c0p58__z1p00__lam0p000__nu0p50__psi0p00,hardzero_only,0.042,50,614,0.0,3,0.2646248,0.26891035,0.99124295,0.10203684,0.10203684,1.0,0.0042855474,0.042,-27.406372,2.180778,0.726926,0.16800001,0.0,0.14442267,0.0,0.0,1968000
hardzero_only__c0p58__z1p00__lam0p000__nu0p50__psi0p00,hardzero_only,0.042,50,615,0.0,3,0.26891035,0.26891035,1.03951,0.0,0.09130404,0.0,0.0,0.042,-27.864454,2.2869678,0.7623226,0.120000005,0.0,0.16816702,0.0,0.0,1971200
hardzero_only__c0p58__z1p00__lam0p000__nu0p50__psi0p00,hardzero_only,0.042,50,616,0.0,3,0.26891035,0.27342495,0.9686293,0.107490644,0.107490644,1.0,0.004514607,0.042,-27.019981,2.131027,0.71034235,0.136,0.0,0.15607555,0.0,0.0,1974400
hardzero_only__c0p58__z1p00__lam0p000__nu0p50__psi0p00,hardzero_only,0.042,50,617,0.0,3,0.27342495,0.2778136,0.98091596,0.10449224,0.10449224,1.0,0.004388674,0.042,-26.598845,2.1580582,0.7193527,0.16000001,0.0,0.1432558,0.0,0.0,1977600
hardzero_only__c0p58__z1p00__lam0p000__nu0p50__psi0p00,hardzero_only,0.042,50,618,0.0,3,0.2778136,0.2778136,1.0066704,0.0,0.098475814,0.0,0.0,0.042,-26.77685,2.214719,0.7382397,0.16000001,0.0,0.15882023,0.0,0.0,1980800
hardzero_only__c0p58__z1p00__lam0p000__nu0p50__psi0p00,hardzero_only,0.042,50,619,0.0,3,0.2778136,0.28210735,0.99041325,0.10223196,0.10223196,1.0,0.004293742,0.042,-26.5503,2.1789527,0.7263176,0.17600001,0.0,0.13956892,0.0,0.0,1984000
hardzero_only__c0p58__z1p00__lam0p000__nu0p50__psi0p00,hardzero_only,0.042,50,620,0.0,3,0.28210735,0.28663397,0.9674746,0.10777683,0.10777683,1.0,0.004526627,0.042,-26.534174,2.1284866,0.70949554,0.17600001,0.0,0.14739093,0.0,0.0,1987200
hardzero_only__c0p58__z1p00__lam0p000__nu0p50__psi0p00,hardzero_only,0.042,50,621,0.0,3,0.28663397,0.28663397,1.0212387,0.0,0.09522726,0.0,0.0,0.042,-27.347002,2.24677,0.7489233,0.16000001,0.0,0.16802402,0.0,0.0,1990400
hardzero_only__c0p58__z1p00__lam0p000__nu0p50__psi0p00,hardzero_only,0.042,50,622,0.0,3,0.28663397,0.28663397,1.0334684,0.0,0.092583075,0.0,0.0,0.042,-27.18649,2.273676,0.757892,0.192,0.0,0.14263067,0.0,0.0,1993600
hardzero_only__c0p58__z1p00__lam0p000__nu0p50__psi0p00,hardzero_only,0.042,50,623,0.0,3,0.28663397,0.2911002,0.9733072,0.106339045,0.106339045,1.0,0.00446624,0.042,-26.735579,2.1413186,0.7137729,0.14400001,0.0,0.12973203,0.0,0.0,1996800
hardzero_only__c0p58__z1p00__lam0p000__nu0p50__psi0p00,hardzero_only,0.042,50,624,0.0,3,0.2911002,0.29536858,0.9929857,0.10162821,0.10162821,1.0,0.0042683845,0.042,-26.888817,2.1846123,0.72820413,0.17,0.0,0.14184275,0.0,0.0,2000000
hardzero_only__c0p58__z1p00__lam0p000__nu0p50__psi0p00,hardzero_only,0.042,50,625,0.0,3,0.29536858,0.29981238,0.9754966,0.105804324,0.105804324,1.0,0.0044437815,0.042,-27.23287,2.1461353,0.71537846,0.192,0.0,0.14193755,0.0,0.0,2003200
hardzero_only__c0p58__z1p00__lam0p000__nu0p50__psi0p00,hardzero_only,0.042,50,626,0.0,3,0.29981238,0.29981238,1.0344399,0.0,0.09237619,0.0,0.0,0.042,-28.613583,2.2758133,0.75860447,0.2,0.0,0.20077713,0.0,0.0,2006400
hardzero_only__c0p58__z1p00__lam0p000__nu0p50__psi0p00,hardzero_only,0.042,50,627,0.0,3,0.29981238,0.29981238,1.0342933,0.0,0.09240738,0.0,0.0,0.042,-27.740908,2.2754908,0.75849694,0.128,0.0,0.1737447,0.0,0.0,2009600
hardzero_only__c0p58__z1p00__lam0p000__nu0p50__psi0p00,hardzero_only,0.042,50,628,0.0,3,0.29981238,0.29981238,1.000391,0.0,0.099910006,0.0,0.0,0.042,-27.583904,2.2009041,0.7336347,0.136,0.0,0.16005568,0.0,0.0,2012800
hardzero_only__c0p58__z1p00__lam0p000__nu0p50__psi0p00,hardzero_only,0.042,50,629,0.0,3,0.29981238,0.30446887,0.95519054,0.11086882,0.11086882,1.0,0.0046564904,0.042,-26.32399,2.1014612,0.7004871,0.192,0.0,0.15145539,0.0,0.0,2016000
hardzero_only__c0p58__z1p00__lam0p000__nu0p50__psi0p00,hardzero_only,0.042,50,630,0.0,3,0.30446887,0.30883816,0.982839,0.10403059,0.10403059,1.0,0.0043692845,0.042,-27.285189,2.162289,0.72076297,0.15200001,0.0,0.158348,0.0,0.0,2019200
hardzero_only__c0p58__z1p00__lam0p000__nu0p50__psi0p00,hardzero_only,0.042,50,631,0.0,3,0.30883816,0.31304467,0.9993281,0.10015483,0.10015483,1.0,0.004206503,0.042,-27.18192,2.1985657,0.73285526,0.16800001,0.0,0.1703511,0.0,0.0,2022400
hardzero_only__c0p58__z1p00__lam0p000__nu0p50__psi0p00,hardzero_only,0.042,50,632,0.0,3,0.31304467,0.31737304,0.9869264,0.10305609,0.10305609,1.0,0.0043283557,0.042,-27.022131,2.1712813,0.7237605,0.16800001,0.0,0.15795974,0.0,0.0,2025600
hardzero_only__c0p58__z1p00__lam0p000__nu0p50__psi0p00,hardzero_only,0.042,50,633,0.0,3,0.31737304,0.32187834,0.9695246,0.10726927,0.10726927,1.0,0.0045053093,0.042,-26.717974,2.1329968,0.71099895,0.192,0.0,0.12497156,0.0,0.0,2028800
hardzero_only__c0p58__z1p00__lam0p000__nu0p50__psi0p00,hardzero_only,0.042,50,634,0.0,3,0.32187834,0.3265756,0.9514042,0.11183965,0.11183965,1.0,0.004697265,0.042,-26.536322,2.093131,0.6977104,0.16800001,0.0,0.14529037,0.0,0.0,2032000
hardzero_only__c0p58__z1p00__lam0p000__nu0p50__psi0p00,hardzero_only,0.042,50,635,0.0,3,0.3265756,0.33088,0.9893393,0.10248508,0.10248508,1.0,0.0043043736,0.042,-26.163189,2.17659,0.72553,0.15200001,0.0,0.15424678,0.0,0.0,2035200
hardzero_only__c0p58__z1p00__lam0p000__nu0p50__psi0p00,hardzero_only,0.042,50,636,0.0,3,0.33088,0.3353685,0.9711451,0.106869765,0.106869765,1.0,0.00448853,0.042,-26.658741,2.1365619,0.7121873,0.136,0.0,0.14773333,0.0,0.0,2038400
hardzero_only__c0p58__z1p00__lam0p000__nu0p50__psi0p00,hardzero_only,0.042,50,637,0.0,3,0.3353685,0.3353685,1.0041887,0.0,0.09904016,0.0,0.0,0.042,-27.715506,2.209259,0.7364197,0.26,0.0,0.14495093,0.0,0.0,2041600
hardzero_only__c0p58__z1p00__lam0p000__nu0p50__psi0p00,hardzero_only,0.042,50,638,0.0,3,0.3353685,0.3353685,1.0190686,0.0,0.09570427,0.0,0.0,0.042,-27.287844,2.2419956,0.74733186,0.16800001,0.0,0.17977291,0.0,0.0,2044800
hardzero_only__c0p58__z1p00__lam0p000__nu0p50__psi0p00,hardzero_only,0.042,50,639,0.0,3,0.3353685,0.3353685,1.0115827,0.0,0.097368225,0.0,0.0,0.042,-26.423841,2.2255263,0.74184215,0.17600001,0.0,0.14158693,0.0,0.0,2048000
hardzero_only__c0p58__z1p00__lam0p000__nu0p50__psi0p00,hardzero_only,0.042,50,640,0.0,3,0.3353685,0.33977413,0.9792411,0.10489599,0.10489599,1.0,0.004405631,0.042,-26.623966,2.1543734,0.7181245,0.23200001,0.0,0.15247034,0.0,0.0,2051200
hardzero_only__c0p58__z1p00__lam0p000__nu0p50__psi0p00,hardzero_only,0.042,50,641,0.0,3,0.33977413,0.33977413,1.0273364,0.0,0.09389956,0.0,0.0,0.042,-28.3733,2.260185,0.753395,0.08800001,0.0,0.15150753,0.0,0.0,2054400
hardzero_only__c0p58__z1p00__lam0p000__nu0p50__psi0p00,hardzero_only,0.042,50,642,0.0,3,0.33977413,0.3441144,0.9857347,0.103339255,0.103339255,1.0,0.0043402486,0.042,-26.329489,2.1686597,0.72288656,0.192,0.0,0.16002688,0.0,0.0,2057600
hardzero_only__c0p58__z1p00__lam0p000__nu0p50__psi0p00,hardzero_only,0.042,50,643,0.0,3,0.3441144,0.3441144,1.0004938,0.0,0.09988636,0.0,0.0,0.042,-27.696619,2.2011302,0.73371005,0.128,0.0,0.16034001,0.0,0.0,2060800
hardzero_only__c0p58__z1p00__lam0p000__nu0p50__psi0p00,hardzero_only,0.042,50,644,0.0,3,0.3441144,0.34905037,0.92987645,0.11752318,0.11752318,1.0,0.0049359733,0.042,-25.345411,2.045769,0.68192303,0.24000001,0.0,0.13864604,0.0,0.0,2064000
hardzero_only__c0p58__z1p00__lam0p000__nu0p50__psi0p00,hardzero_only,0.042,50,645,0.0,3,0.34905037,0.34905037,1.0007204,0.0,0.09983426,0.0,0.0,0.042,-27.198997,2.201629,0.73387635,0.16000001,0.0,0.16746132,0.0,0.0,2067200
hardzero_only__c0p58__z1p00__lam0p000__nu0p50__psi0p00,hardzero_only,0.042,50,646,0.0,3,0.34905037,0.35361987,0.9633819,0.10879729,0.10879729,1.0,0.0045694862,0.042,-26.04308,2.1194825,0.7064942,0.128,0.0,0.12612908,0.0,0.0,2070400
hardzero_only__c0p58__z1p00__lam0p000__nu0p50__psi0p00,hardzero_only,0.042,50,647,0.0,3,0.35361987,0.35822466,0.960039,0.10963797,0.10963797,1.0,0.0046047946,0.042,-26.429771,2.112128,0.7040427,0.16800001,0.0,0.13329467,0.0,0.0,2073600
hardzero_only__c0p58__z1p00__lam0p000__nu0p50__psi0p00,hardzero_only,0.042,50,648,0.0,3,0.35822466,0.36265323,0.97698635,0.105441995,0.105441995,1.0,0.0044285636,0.042,-26.548452,2.1494129,0.71647096,0.18400002,0.0,0.16849388,0.0,0.0,2076800
hardzero_only__c0p58__z1p00__lam0p000__nu0p50__psi0p00,hardzero_only,0.042,50,649,0.0,3,0.36265323,0.36265323,1.0188652,0.0,0.0957491,0.0,0.0,0.042,-26.809788,2.2415483,0.7471828,0.224,0.008,0.16826783,0.0,0.0,2080000
hardzero_only__c0p58__z1p00__lam0p000__nu0p50__psi0p00,hardzero_only,0.042,50,650,0.0,3,0.36265323,0.36265323,1.0110401,0.0,0.09748997,0.0,0.0,0.042,-27.063654,2.2243326,0.74144423,0.16,0.0,0.16743569,0.0,0.0,2083200
hardzero_only__c0p58__z1p00__lam0p000__nu0p50__psi0p00,hardzero_only,0.042,50,651,0.0,3,0.36265323,0.36731985,0.9542462,0.11111015,0.11111015,1.0,0.0046666265,0.042,-26.941902,2.0993836,0.69979453,0.208,0.0,0.13694753,0.0,0.0,2086400
hardzero_only__c0p58__z1p00__lam0p000__nu0p50__psi0p00,hardzero_only,0.042,50,652,0.0,3,0.36731985,0.37192178,0.9603106,0.10956943,0.10956943,1.0,0.004601916,0.042,-26.03665,2.1127255,0.7042419,0.2,0.0,0.15628774,0.0,0.0,2089600
hardzero_only__c0p58__z1p00__lam0p000__nu0p50__psi0p00,hardzero_only,0.042,50,653,0.0,3,0.37192178,0.3764153,0.97066253,0.106988594,0.106988594,1.0,0.004493521,0.042,-27.121944,2.1355002,0.7118334,0.18400002,0.0,0.1410546,0.0,0.0,2092800
hardzero_only__c0p58__z1p00__lam0p000__nu0p50__psi0p00,hardzero_only,0.042,50,654,0.0,3,0.3764153,0.38097134,0.96466327,0.10847676,0.10847676,1.0,0.004556024,0.042,-26.715317,2.1223016,0.7074339,0.208,0.0,0.14807995,0.0,0.0,2096000
hardzero_only__c0p58__z1p00__lam0p000__nu0p50__psi0p00,hardzero_only,0.042,50,655,0.0,3,0.38097134,0.38097134,1.0095403,0.0,0.09782721,0.0,0.0,0.042,-27.769556,2.221033,0.7403444,0.17600001,0.0,0.18612152,0.0,0.0,2099200
hardzero_only__c0p58__z1p00__lam0p000__nu0p50__psi0p00,hardzero_only,0.042,50,656,0.0,3,0.38097134,0.38097134,1.0358276,0.0,0.092081495,0.0,0.0,0.042,-27.09699,2.2788663,0.7596221,0.16800001,0.0,0.1664348,0.0,0.0,2102400
hardzero_only__c0p58__z1p00__lam0p000__nu0p50__psi0p00,hardzero_only,0.042,50,657,0.0,3,0.38097134,0.38579586,0.93979496,0.11486958,0.11486958,1.0,0.0048245224,0.042,-26.032747,2.0675902,0.68919677,0.17600001,0.0,0.15837793,0.0,0.0,2105600
hardzero_only__c0p58__z1p00__lam0p000__nu0p50__psi0p00,hardzero_only,0.042,50,658,0.0,3,0.38579586,0.39018062,0.98130435,0.10439884,0.10439884,1.0,0.004384751,0.042,-26.295513,2.1589127,0.7196376,0.14400001,0.0,0.13064389,0.0,0.0,2108800
hardzero_only__c0p58__z1p00__lam0p000__nu0p50__psi0p00,hardzero_only,0.042,50,659,0.0,3,0.39018062,0.39440084,0.99791324,0.10048164,0.10048164,1.0,0.0042202286,0.042,-26.91582,2.195453,0.73181766,0.15200001,0.0,0.14305745,0.0,0.0,2112000
hardzero_only__c0p58__z1p00__lam0p000__nu0p50__psi0p00,hardzero_only,0.042,50,660,0.0,3,0.39440084,0.39440084,1.0080323,0.0,0.09816748,0.0,0.0,0.042,-27.612595,2.2177155,0.7392385,0.15200001,0.0,0.16554432,0.0,0.0,2115200
hardzero_only__c0p58__z1p00__lam0p000__nu0p50__psi0p00,hardzero_only,0.042,50,661,0.0,3,0.39440084,0.39440084,1.0048668,0.0,0.09888562,0.0,0.0,0.042,-27.945917,2.2107513,0.73691714,0.16000001,0.0,0.19058539,0.0,0.0,2118400
hardzero_only__c0p58__z1p00__lam0p000__nu0p50__psi0p00,hardzero_only,0.042,50,662,0.0,3,0.39440084,0.39440084,1.0577198,0.0,0.08755484,0.0,0.0,0.042,-28.338406,2.3270302,0.7756767,0.17600001,0.0,0.17086963,0.0,0.0,2121600
hardzero_only__c0p58__z1p00__lam0p000__nu0p50__psi0p00,hardzero_only,0.042,50,663,0.0,3,0.39440084,0.3989147,0.96870154,0.107472755,0.107472755,1.0,0.0045138556,0.042,-27.099873,2.131186,0.71039534,0.13,0.0,0.15073922,0.0,0.0,2124800
hardzero_only__c0p58__z1p00__lam0p000__nu0p50__psi0p00,hardzero_only,0.042,50,664,0.0,3,0.3989147,0.40349072,0.9627605,0.10895306,0.10895306,1.0,0.0045760283,0.042,-25.834833,2.1181154,0.7060385,0.15200001,0.0,0.1352381,0.0,0.0,2128000
hardzero_only__c0p58__z1p00__lam0p000__nu0p50__psi0p00,hardzero_only,0.042,50,665,0.0,3,0.40349072,0.4082407,0.9465568,0.113094956,0.113094956,1.0,0.004749988,0.042,-26.6056,2.0824666,0.6941556,0.18400002,0.0,0.12541619,0.0,0.0,2131200
hardzero_only__c0p58__z1p00__lam0p000__nu0p50__psi0p00,hardzero_only,0.042,50,666,0.0,3,0.4082407,0.41317403,0.9301093,0.117460184,0.117460184,1.0,0.0049333274,0.042,-26.03547,2.0462813,0.6820938,0.224,0.0,0.18566254,0.0,0.0,2134400
hardzero_only__c0p58__z1p00__lam0p000__nu0p50__psi0p00,hardzero_only,0.042,50,667,0.0,3,0.41317403,0.41753587,0.9835797,0.10385329,0.10385329,1.0,0.004361838,0.042,-26.715977,2.1639185,0.7213062,0.18400002,0.0,0.17113243,0.0,0.0,2137600
hardzero_only__c0p58__z1p00__lam0p000__nu0p50__psi0p00,hardzero_only,0.042,50,668,0.0,3,0.41753587,0.42203605,0.9700197,0.10714707,0.10714707,1.0,0.0045001768,0.042,-26.385658,2.134086,0.711362,0.192,0.0,0.15566564,0.0,0.0,2140800
hardzero_only__c0p58__z1p00__lam0p000__nu0p50__psi0p00,hardzero_only,0.042,50,669,0.0,3,0.42203605,0.42678544,0.9466122,0.113080524,0.113080524,1.0,0.004749382,0.042,-26.709528,2.0825884,0.69419616,0.16800001,0.0,0.14478338,0.0,0.0,2144000
hardzero_only__c0p58__z1p00__lam0p000__nu0p50__psi0p00,hardzero_only,0.042,50,670,0.0,3,0.42678544,0.431017,0.9967462,0.10075204,0.10075204,1.0,0.0042315857,0.042,-27.297148,2.1928854,0.7309618,0.224,0.0,0.15866217,0.0,0.0,2147200
hardzero_only__c0p58__z1p00__lam0p000__nu0p50__psi0p00,hardzero_only,0.042,50,671,0.0,3,0.431017,0.43530056,0.9914464,0.10198907,0.10198907,1.0,0.004283541,0.042,-26.245502,2.1812255,0.7270752,0.104,0.0,0.13870127,0.0,0.0,2150400
hardzero_only__c0p58__z1p00__lam0p000__nu0p50__psi0p00,hardzero_only,0.042,50,672,0.0,3,0.43530056,0.43972272,0.97761583,0.10528929,0.10528929,1.0,0.00442215,0.042,-26.450846,2.1507978,0.71693265,0.14400001,0.0,0.119320095,0.0,0.0,2153600
hardzero_only__c0p58__z1p00__lam0p000__nu0p50__psi0p00,hardzero_only,0.042,50,673,0.0,3,0.43972272,0.44420657,0.97159714,0.1067586,0.1067586,1.0,0.0044838614,0.042,-25.558804,2.1375563,0.7125188,0.2,0.0,0.12857728,0.0,0.0,2156800
hardzero_only__c0p58__z1p00__lam0p000__nu0p50__psi0p00,hardzero_only,0.042,50,674,0.0,3,0.44420657,0.4486885,0.9717818,0.106713206,0.106713206,1.0,0.0044819545,0.042,-26.936981,2.1379626,0.71265423,0.16000001,0.0,0.14722596,0.0,0.0,2160000
hardzero_only__c0p58__z1p00__lam0p000__nu0p50__psi0p00,hardzero_only,0.042,50,675,0.0,3,0.4486885,0.4486885,1.0050702,0.0,0.09883932,0.0,0.0,0.042,-26.804161,2.2111986,0.7370662,0.192,0.0,0.13379629,0.0,0.0,2163200
hardzero_only__c0p58__z1p00__lam0p000__nu0p50__psi0p00,hardzero_only,0.042,50,676,0.0,3,0.4486885,0.45347404,0.94331735,0.11394168,0.11394168,1.0,0.0047855503,0.042,-26.290588,2.0753396,0.69177985,0.16,0.0,0.122346155,0.0,0.0,2166400
hardzero_only__c0p58__z1p00__lam0p000__nu0p50__psi0p00,hardzero_only,0.042,50,677,0.0,3,0.45347404,0.45822588,0.94638765,0.113138996,0.113138996,1.0,0.004751838,0.042,-25.58783,2.0820944,0.6940315,0.15200001,0.0,0.12712035,0.0,0.0,2169600
hardzero_only__c0p58__z1p00__lam0p000__nu0p50__psi0p00,hardzero_only,0.042,50,678,0.0,3,0.45822588,0.4624996,0.99244344,0.10175518,0.10175518,1.0,0.0042737173,0.042,-26.376358,2.1834192,0.72780645,0.120000005,0.0,0.17778194,0.0,0.0,2172800
hardzero_only__c0p58__z1p00__lam0p000__nu0p50__psi0p00,hardzero_only,0.042,50,679,0.0,3,0.4624996,0.4624996,1.0283871,0.0,0.09367268,0.0,0.0,0.042,-26.947384,2.2624967,0.7541656,0.14400001,0.0,0.1379989,0.0,0.0,2176000
hardzero_only__c0p58__z1p00__lam0p000__nu0p50__psi0p00,hardzero_only,0.042,50,680,0.0,3,0.4624996,0.46707827,0.9625103,0.10901586,0.10901586,1.0,0.004578666,0.042,-25.939163,2.117565,0.705855,0.16000001,0.0,0.1210553,0.0,0.0,2179200
hardzero_only__c0p58__z1p00__lam0p000__nu0p50__psi0p00,hardzero_only,0.042,50,681,0.0,3,0.46707827,0.47245148,0.89301515,0.12793367,0.12793367,1.0,0.005373214,0.042,-25.525393,1.9646726,0.6548909,0.24000001,0.0,0.14402397,0.0,0.0,2182400
hardzero_only__c0p58__z1p00__lam0p000__nu0p50__psi0p00,hardzero_only,0.042,50,682,0.0,3,0.47245148,0.4768117,0.98374104,0.10381473,0.10381473,1.0,0.0043602185,0.042,-26.715494,2.1642735,0.7214245,0.208,0.0,0.12912518,0.0,0.0,2185600
hardzero_only__c0p58__z1p00__lam0p000__nu0p50__psi0p00,hardzero_only,0.042,50,683,0.0,3,0.4768117,0.4814254,0.95920086,0.10984977,0.10984977,1.0,0.0046136905,0.042,-25.958279,2.110284,0.70342803,0.136,0.0,0.14792456,0.0,0.0,2188800
hardzero_only__c0p58__z1p00__lam0p000__nu0p50__psi0p00,hardzero_only,0.042,50,684,0.0,3,0.4814254,0.48580453,0.9818633,0.10426454,0.10426454,1.0,0.004379111,0.042,-26.799713,2.1601424,0.7200475,0.192,0.0,0.13737366,0.0,0.0,2192000
hardzero_only__c0p58__z1p00__lam0p000__nu0p50__psi0p00,hardzero_only,0.042,50,685,0.0,3,0.48580453,0.48580453,1.010508,0.0,0.09760949,0.0,0.0,0.042,-27.08505,2.223162,0.741054,0.14400001,0.0,0.13598913,0.0,0.0,2195200
hardzero_only__c0p58__z1p00__lam0p000__nu0p50__psi0p00,hardzero_only,0.042,50,686,0.0,3,0.48580453,0.48580453,1.0096499,0.0,0.097802535,0.0,0.0,0.042,-26.874075,2.2212741,0.74042475,0.14400001,0.0,0.13337491,0.0,0.0,2198400
hardzero_only__c0p58__z1p00__lam0p000__nu0p50__psi0p00,hardzero_only,0.042,50,687,0.0,3,0.48580453,0.49010813,0.9894166,0.10246685,0.10246685,1.0,0.0043036076,0.042,-27.188768,2.17676,0.72558665,0.24800001,0.0,0.14615916,0.0,0.0,2201600
hardzero_only__c0p58__z1p00__lam0p000__nu0p50__psi0p00,hardzero_only,0.042,50,688,0.0,3,0.49010813,0.49010813,1.0097226,0.0,0.09778616,0.0,0.0,0.042,-26.558432,2.221434,0.74047804,0.08800001,0.0,0.14246936,0.0,0.0,2204800
hardzero_only__c0p58__z1p00__lam0p000__nu0p50__psi0p00,hardzero_only,0.042,50,689,0.0,3,0.49010813,0.4947109,0.96023095,0.10958952,0.10958952,1.0,0.0046027596,0.042,-26.415869,2.1125503,0.70418346,0.26999998,0.0,0.13618198,0.0,0.0,2208000
hardzero_only__c0p58__z1p00__lam0p000__nu0p50__psi0p00,hardzero_only,0.042,50,690,0.0,3,0.4947109,0.4947109,1.0098668,0.0,0.097753696,0.0,0.0,0.042,-27.866877,2.2217515,0.74058384,0.096,0.0,0.1697183,0.0,0.0,2211200
hardzero_only__c0p58__z1p00__lam0p000__nu0p50__psi0p00,hardzero_only,0.042,50,691,0.0,3,0.4947109,0.4947109,1.0403936,0.0,0.09111846,0.0,0.0,0.042,-28.933569,2.2889116,0.76297057,0.16800001,0.0,0.17601268,0.0,0.0,2214400
hardzero_only__c0p58__z1p00__lam0p000__nu0p50__psi0p00,hardzero_only,0.042,50,692,0.0,3,0.4947109,0.4947109,1.0139236,0.0,0.0968448,0.0,0.0,0.042,-27.5346,2.2306767,0.7435589,0.2,0.0,0.1704388,0.0,0.0,2217600
hardzero_only__c0p58__z1p00__lam0p000__nu0p50__psi0p00,hardzero_only,0.042,50,693,0.0,3,0.4947109,0.4947109,1.0490372,0.0,0.08932289,0.0,0.0,0.042,-27.829243,2.307928,0.7693094,0.192,0.0,0.15103854,0.0,0.0,2220800
hardzero_only__c0p58__z1p00__lam0p000__nu0p50__psi0p00,hardzero_only,0.042,50,694,0.0,3,0.4947109,0.49901453,0.9894128,0.10246776,0.10246776,1.0,0.004303646,0.042,-26.81367,2.1767516,0.7255839,0.112,0.0,0.12819138,0.0,0.0,2224000
hardzero_only__c0p58__z1p00__lam0p000__nu0p50__psi0p00,hardzero_only,0.042,50,695,0.0,3,0.49901453,0.50342536,0.9787274,0.105020136,0.105020136,1.0,0.0044108457,0.042,-27.179094,2.1532433,0.7177478,0.18400002,0.0,0.17953679,0.0,0.0,2227200
hardzero_only__c0p58__z1p00__lam0p000__nu0p50__psi0p00,hardzero_only,0.042,50,696,0.0,3,0.50342536,0.50342536,1.0069597,0.0,0.09841024,0.0,0.0,0.042,-27.253904,2.2153554,0.73845184,0.136,0.0,0.1308634,0.0,0.0,2230400
hardzero_only__c0p58__z1p00__lam0p000__nu0p50__psi0p00,hardzero_only,0.042,50,697,0.0,3,0.50342536,0.50342536,1.032617,0.0,0.09276476,0.0,0.0,0.042,-27.875078,2.2718027,0.7572676,0.192,0.0,0.15321936,0.0,0.0,2233600
hardzero_only__c0p58__z1p00__lam0p000__nu0p50__psi0p00,hardzero_only,0.042,50,698,0.0,3,0.50342536,0.50762933,0.9995881,0.100094885,0.100094885,1.0,0.004203985,0.042,-27.294601,2.1991377,0.73304594,0.16800001,0.0,0.15319479,0.0,0.0,2236800
hardzero_only__c0p58__z1p00__lam0p000__nu0p50__psi0p00,hardzero_only,0.042,50,699,0.0,3,0.50762933,0.51273483,0.91521233,0.12155913,0.12155913,1.0,0.0051054833,0.042,-25.477821,2.0135074,0.67116916,0.192,0.0,0.1315936,0.0,0.0,2240000
hardzero_only__c0p58__z1p00__lam0p000__nu0p50__psi0p00,hardzero_only,0.042,50,700,0.0,3,0.51273483,0.5175092,0.9443304,0.11367621,0.11367621,1.0,0.004774401,0.042,-26.40206,2.0775683,0.69252276,0.24800001,0.0,0.14904885,0.0,0.0,2243200
hardzero_only__c0p58__z1p00__lam0p000__nu0p50__psi0p00,hardzero_only,0.042,50,701,0.0,3,0.5175092,0.5175092,1.0386529,0.0,0.091484405,0.0,0.0,0.042,-27.537266,2.285082,0.7616941,0.120000005,0.0,0.15179414,0.0,0.0,2246400
hardzero_only__c0p58__z1p00__lam0p000__nu0p50__psi0p00,hardzero_only,0.042,50,702,0.0,3,0.5175092,0.5225302,0.92246014,0.11954732,0.11954732,1.0,0.0050209872,0.042,-25.36794,2.0294528,0.6764843,0.17999999,0.0,0.12449644,0.0,0.0,2249600
hardzero_only__c0p58__z1p00__lam0p000__nu0p50__psi0p00,hardzero_only,0.042,50,703,0.0,3,0.5225302,0.52704155,0.9689428,0.10741307,0.10741307,1.0,0.004511349,0.042,-26.385118,2.1317167,0.71057224,0.24800001,0.0,0.13796028,0.0,0.0,2252800
hardzero_only__c0p58__z1p00__lam0p000__nu0p50__psi0p00,hardzero_only,0.042,50,704,0.0,3,0.52704155,0.53163594,0.9610226,0.10938995,0.10938995,1.0,0.004594378,0.042,-25.893438,2.114292,0.704764,0.128,0.0,0.14333194,0.0,0.0,2256000
hardzero_only__c0p58__z1p00__lam0p000__nu0p50__psi0p00,hardzero_only,0.042,50,705,0.0,3,0.53163594,0.53163594,1.0252142,0.0,0.09435955,0.0,0.0,0.042,-27.620054,2.2555163,0.7518388,0.15200001,0.0,0.16436486,0.0,0.0,2259200
hardzero_only__c0p58__z1p00__lam0p000__nu0p50__psi0p00,hardzero_only,0.042,50,706,0.0,3,0.53163594,0.5364766,0.9383451,0.115253694,0.115253694,1.0,0.0048406553,0.042,-26.108671,2.0644004,0.6881335,0.14400001,0.0,0.13096423,0.0,0.0,2262400
hardzero_only__c0p58__z1p00__lam0p000__nu0p50__psi0p00,hardzero_only,0.042,50,707,0.0,3,0.5364766,0.5406988,0.9977109,0.100528486,0.100528486,1.0,0.0042221965,0.042,-26.853159,2.1950078,0.7316693,0.18400002,0.0,0.17964557,0.0,0.0,2265600
hardzero_only__c0p58__z1p00__lam0p000__nu0p50__psi0p00,hardzero_only,0.042,50,708,0.0,3,0.5406988,0.5406988,1.0434139,0.0,0.09048698,0.0,0.0,0.042,-28.034235,2.2955563,0.7651855,0.192,0.0,0.17660683,0.0,0.0,2268800
hardzero_only__c0p58__z1p00__lam0p000__nu0p50__psi0p00,hardzero_only,0.042,50,709,0.0,3,0.5406988,0.5406988,1.015972,0.0,0.0963891,0.0,0.0,0.042,-26.989248,2.235183,0.74506104,0.136,0.0,0.1673022,0.0,0.0,2272000
hardzero_only__c0p58__z1p00__lam0p000__nu0p50__psi0p00,hardzero_only,0.042,50,710,0.0,3,0.5406988,0.5455491,0.9374846,0.11548227,0.11548227,1.0,0.0048502553,0.042,-25.63517,2.0625074,0.6875025,0.192,0.0,0.1254099,0.0,0.0,2275200
hardzero_only__c0p58__z1p00__lam0p000__nu0p50__psi0p00,hardzero_only,0.042,50,711,0.0,3,0.5455491,0.5455491,1.0515833,0.0,0.088800766,0.0,0.0,0.042,-28.086473,2.3135295,0.7711765,0.128,0.0,0.16610374,0.0,0.0,2278400
hardzero_only__c0p58__z1p00__lam0p000__nu0p50__psi0p00,hardzero_only,0.042,50,712,0.0,3,0.5455491,0.5502759,0.94868034,0.11254329,0.11254329,1.0,0.0047268183,0.042,-26.200727,2.0871384,0.6957128,0.224,0.0,0.16059597,0.0,0.0,2281600
hardzero_only__c0p58__z1p00__lam0p000__nu0p50__psi0p00,hardzero_only,0.042,50,713,0.0,3,0.5502759,0.5502759,1.0033822,0.0,0.09922425,0.0,0.0,0.042,-27.882254,2.207485,0.73582834,0.17600001,0.0,0.15288003,0.0,0.0,2284800
hardzero_only__c0p58__z1p00__lam0p000__nu0p50__psi0p00,hardzero_only,0.042,50,714,0.0,3,0.5502759,0.5548099,0.96676725,0.1079525,0.1079525,1.0,0.0045340047,0.042,-26.63791,2.1269305,0.70897686,0.14400001,0.0,0.13797773,0.0,0.0,2288000
hardzero_only__c0p58__z1p00__lam0p000__nu0p50__psi0p00,hardzero_only,0.042,50,715,0.0,3,0.5548099,0.5590374,0.99717253,0.10065317,0.10065317,1.0,0.0042274334,0.042,-27.53733,2.1938233,0.7312745,0.19,0.0,0.14146684,0.0,0.0,2291200
hardzero_only__c0p58__z1p00__lam0p000__nu0p50__psi0p00,hardzero_only,0.042,50,716,0.0,3,0.5590374,0.56340855,0.9826513,0.104075536,0.104075536,1.0,0.0043711723,0.042,-25.881466,2.161876,0.72062534,0.18400002,0.0,0.14817327,0.0,0.0,2294400
hardzero_only__c0p58__z1p00__lam0p000__nu0p50__psi0p00,hardzero_only,0.042,50,717,0.0,3,0.56340855,0.5678296,0.9777214,0.10526369,0.10526369,1.0,0.004421075,0.042,-27.145775,2.15103,0.71701,0.23200001,0.0,0.13917673,0.0,0.0,2297600
hardzero_only__c0p58__z1p00__lam0p000__nu0p50__psi0p00,hardzero_only,0.042,50,718,0.0,3,0.5678296,0.5726271,0.9422331,0.11422651,0.11422651,1.0,0.0047975136,0.042,-25.590252,2.0729542,0.6909847,0.216,0.0,0.13254018,0.0,0.0,2300800
hardzero_only__c0p58__z1p00__lam0p000__nu0p50__psi0p00,hardzero_only,0.042,50,719,0.0,3,0.5726271,0.5773789,0.9463932,0.113137566,0.113137566,1.0,0.0047517777,0.042,-26.106094,2.0821066,0.69403553,0.15200001,0.0,0.13724747,0.0,0.0,2304000
hardzero_only__c0p58__z1p00__lam0p000__nu0p50__psi0p00,hardzero_only,0.042,50,720,0.0,3,0.5773789,0.582243,0.936249,0.11581132,0.11581132,1.0,0.004864075,0.042,-26.090227,2.059789,0.68659633,0.23200001,0.0,0.14516428,0.0,0.0,2307200
hardzero_only__c0p58__z1p00__lam0p000__nu0p50__psi0p00,hardzero_only,0.042,50,721,1.0,4,0.582243,0.0068689273,0.9580544,0.11014013,0.11014013,1.0,0.0046258853,0.042,-26.293966,2.1077619,0.7025873,0.14400001,0.0,0.1510582,0.0,0.0,2310400
hardzero_only__c0p58__z1p00__lam0p000__nu0p50__psi0p00,hardzero_only,0.042,50,722,0.0,4,0.0068689273,0.011477757,0.9596586,0.10973405,0.10973405,1.0,0.00460883,0.042,-26.285349,2.1112912,0.7037637,0.23200001,0.0,0.1373393,0.0,0.0,2313600
hardzero_only__c0p58__z1p00__lam0p000__nu0p50__psi0p00,hardzero_only,0.042,50,723,0.0,4,0.011477757,0.011477757,1.0157315,0.0,0.09644252,0.0,0.0,0.042,-28.028341,2.234654,0.74488467,0.112,0.0,0.16977267,0.0,0.0,2316800
hardzero_only__c0p58__z1p00__lam0p000__nu0p50__psi0p00,hardzero_only,0.042,50,724,0.0,4,0.011477757,0.01615356,0.9533932,0.1113286,0.1113286,1.0,0.0046758014,0.042,-26.977932,2.097507,0.69916904,0.16800001,0.0,0.15242824,0.0,0.0,2320000
hardzero_only__c0p58__z1p00__lam0p000__nu0p50__psi0p00,hardzero_only,0.042,50,725,0.0,4,0.01615356,0.020610437,0.97421855,0.10611615,0.10611615,1.0,0.004456878,0.042,-27.253048,2.1433237,0.71444124,0.216,0.0,0.14641812,0.0,0.0,2323200
hardzero_only__c0p58__z1p00__lam0p000__nu0p50__psi0p00,hardzero_only,0.042,50,726,0.0,4,0.020610437,0.025274156,0.95451695,0.111040935,0.111040935,1.0,0.0046637193,0.042,-26.488052,2.0999792,0.6999931,0.216,0.008,0.13897863,0.0,0.0,2326400
hardzero_only__c0p58__z1p00__lam0p000__nu0p50__psi0p00,hardzero_only,0.042,50,727,0.0,4,0.025274156,0.029947806,0.9535931,0.11127739,0.11127739,1.0,0.00467365,0.042,-26.261623,2.0979466,0.69931555,0.17600001,0.0,0.15683483,0.0,0.0,2329600
hardzero_only__c0p58__z1p00__lam0p000__nu0p50__psi0p00,hardzero_only,0.042,50,728,0.0,4,0.029947806,0.03487552,0.9306038,0.117326535,0.117326535,1.0,0.0049277144,0.042,-26.372345,2.0473692,0.68245643,0.25,0.0,0.17001252,0.0,0.0,2332800
hardzero_only__c0p58__z1p00__lam0p000__nu0p50__psi0p00,hardzero_only,0.042,50,729,0.0,4,0.03487552,0.03979532,0.9313016,0.11713814,0.11713814,1.0,0.004919802,0.042,-25.63819,2.0489044,0.68296814,0.24000001,0.0,0.13525246,0.0,0.0,2336000
hardzero_only__c0p58__z1p00__lam0p000__nu0p50__psi0p00,hardzero_only,0.042,50,730,0.0,4,0.03979532,0.03979532,1.0442832,0.0,0.09030605,0.0,0.0,0.042,-27.77981,2.297469,0.765823,0.16000001,0.0,0.15790538,0.0,0.0,2339200
hardzero_only__c0p58__z1p00__lam0p000__nu0p50__psi0p00,hardzero_only,0.042,50,731,0.0,4,0.03979532,0.044371694,0.9627279,0.10896125,0.10896125,1.0,0.0045763724,0.042,-26.6069,2.1180437,0.7060146,0.224,0.0,0.124864325,0.0,0.0,2342400
hardzero_only__c0p58__z1p00__lam0p000__nu0p50__psi0p00,hardzero_only,0.042,50,732,0.0,4,0.044371694,0.049713016,0.8956007,0.1271743,0.1271743,1.0,0.0053413208,0.042,-26.063166,1.9703609,0.656787,0.208,0.0,0.12205709,0.0,0.0,2345600
hardzero_only__c0p58__z1p00__lam0p000__nu0p50__psi0p00,hardzero_only,0.042,50,733,0.0,4,0.049713016,0.054510277,0.94225574,0.114220545,0.114220545,1.0,0.0047972626,0.042,-26.631868,2.073004,0.69100136,0.2,0.0,0.1342804,0.0,0.0,2348800
hardzero_only__c0p58__z1p00__lam0p000__nu0p50__psi0p00,hardzero_only,0.042,50,734,0.0,4,0.054510277,0.059079554,0.96340185,0.10879228,0.10879228,1.0,0.004569276,0.042,-25.964058,2.1195264,0.7065088,0.2,0.0,0.12512091,0.0,0.0,2352000
hardzero_only__c0p58__z1p00__lam0p000__nu0p50__psi0p00,hardzero_only,0.042,50,735,0.0,4,0.059079554,0.0636055,0.96753955,0.10776072,0.10776072,1.0,0.00452595,0.042,-26.68062,2.1286294,0.70954317,0.192,0.0,0.1438414,0.0,0.0,2355200
hardzero_only__c0p58__z1p00__lam0p000__nu0p50__psi0p00,hardzero_only,0.042,50,736,0.0,4,0.0636055,0.06813887,0.96682894,0.10793719,0.10793719,1.0,0.0045333616,0.042,-26.258219,2.1270661,0.70902205,0.224,0.0,0.14872582,0.0,0.0,2358400
hardzero_only__c0p58__z1p00__lam0p000__nu0p50__psi0p00,hardzero_only,0.042,50,737,0.0,4,0.06813887,0.072591126,0.97466916,0.1060061,0.1060061,1.0,0.004452256,0.042,-27.023653,2.144315,0.7147717,0.216,0.0,0.17640963,0.0,0.0,2361600
hardzero_only__c0p58__z1p00__lam0p000__nu0p50__psi0p00,hardzero_only,0.042,50,738,0.0,4,0.072591126,0.07737855,0.9431477,0.1139862,0.1139862,1.0,0.0047874204,0.042,-25.507275,2.0749664,0.6916555,0.18400002,0.0,0.14519414,0.0,0.0,2364800
hardzero_only__c0p58__z1p00__lam0p000__nu0p50__psi0p00,hardzero_only,0.042,50,739,0.0,4,0.07737855,0.08193816,0.96432114,0.108562246,0.108562246,1.0,0.004559614,0.042,-26.692247,2.121549,0.707183,0.2,0.0,0.1513457,0.0,0.0,2368000
hardzero_only__c0p58__z1p00__lam0p000__nu0p50__psi0p00,hardzero_only,0.042,50,740,0.0,4,0.08193816,0.08678591,0.93770885,0.11542267,0.11542267,1.0,0.0048477524,0.042,-25.910141,2.0630007,0.6876669,0.2,0.0,0.13773157,0.0,0.0,2371200
hardzero_only__c0p58__z1p00__lam0p000__nu0p50__psi0p00,hardzero_only,0.042,50,741,0.0,4,0.08678591,0.092064425,0.90073794,0.1256788,0.1256788,1.0,0.005278509,0.042,-25.144777,1.981663,0.66055435,0.22,0.0,0.12669241,0.0,0.0,2374400
hardzero_only__c0p58__z1p00__lam0p000__nu0p50__psi0p00,hardzero_only,0.042,50,742,0.0,4,0.092064425,0.092064425,1.014768,0.0,0.096656695,0.0,0.0,0.042,-26.677717,2.2325342,0.74417806,0.08800001,0.0,0.13978857,0.0,0.0,2377600
hardzero_only__c0p58__z1p00__lam0p000__nu0p50__psi0p00,hardzero_only,0.042,50,743,0.0,4,0.092064425,0.09686553,0.9419082,0.114312,0.114312,1.0,0.004801104,0.042,-26.621363,2.0722394,0.6907465,0.28,0.0,0.15029658,0.0,0.0,2380800
hardzero_only__c0p58__z1p00__lam0p000__nu0p50__psi0p00,hardzero_only,0.042,50,744,0.0,4,0.09686553,0.10196672,0.91557777,0.1214569,0.1214569,1.0,0.0051011895,0.042,-25.955486,2.0143113,0.67143714,0.192,0.0,0.10176495,0.0,0.0,2384000
hardzero_only__c0p58__z1p00__lam0p000__nu0p50__psi0p00,hardzero_only,0.042,50,745,0.0,4,0.10196672,0.10700924,0.9206015,0.12006004,0.12006004,1.0,0.0050425217,0.042,-25.407633,2.0253637,0.67512125,0.216,0.0,0.13458438,0.0,0.0,2387200
hardzero_only__c0p58__z1p00__lam0p000__nu0p50__psi0p00,hardzero_only,0.042,50,746,0.0,4,0.10700924,0.11149217,0.97168726,0.10673644,0.10673644,1.0,0.00448293,0.042,-25.854424,2.1377547,0.7125849,0.192,0.0,0.14849836,0.0,0.0,2390400
hardzero_only__c0p58__z1p00__lam0p000__nu0p50__psi0p00,hardzero_only,0.042,50,747,0.0,4,0.11149217,0.11149217,1.0046823,0.0,0.098927654,0.0,0.0,0.042,-27.287445,2.2103453,0.7367818,0.120000005,0.0,0.14306185,0.0,0.0,2393600
hardzero_only__c0p58__z1p00__lam0p000__nu0p50__psi0p00,hardzero_only,0.042,50,748,0.0,4,0.11149217,0.11588936,0.9800739,0.10469503,0.10469503,1.0,0.004397191,0.042,-26.09269,2.1562057,0.7187352,0.128,0.0,0.13947935,0.0,0.0,2396800
hardzero_only__c0p58__z1p00__lam0p000__nu0p50__psi0p00,hardzero_only,0.042,50,749,0.0,4,0.11588936,0.120765276,0.9351936,0.11609311,0.11609311,1.0,0.0048759105,0.042,-26.034687,2.057467,0.68582237,0.24000001,0.0,0.15204,0.0,0.0,2400000
hardzero_only__c0p58__z1p00__lam0p000__nu0p50__psi0p00,hardzero_only,0.042,50,750,0.0,4,0.120765276,0.1251031,0.9859772,0.103281565,0.103281565,1.0,0.004337826,0.042,-26.546574,2.169193,0.72306436,0.18400002,0.0,0.1645882,0.0,0.0,2403200
hardzero_only__c0p58__z1p00__lam0p000__nu0p50__psi0p00,hardzero_only,0.042,50,751,0.0,4,0.1251031,0.13002479,0.93113446,0.11718325,0.11718325,1.0,0.0049216966,0.042,-26.101688,2.0485368,0.6828456,0.2,0.0,0.14956768,0.0,0.0,2406400
hardzero_only__c0p58__z1p00__lam0p000__nu0p50__psi0p00,hardzero_only,0.042,50,752,0.0,4,0.13002479,0.13422598,0.9998767,0.100028396,0.100028396,1.0,0.0042011924,0.042,-26.983982,2.1997726,0.73325753,0.216,0.0,0.15012339,0.0,0.0,2409600
hardzero_only__c0p58__z1p00__lam0p000__nu0p50__psi0p00,hardzero_only,0.042,50,753,0.0,4,0.13422598,0.13422598,1.0007128,0.0,0.09983601,0.0,0.0,0.042,-27.89875,2.201612,0.7338707,0.128,0.0,0.15120582,0.0,0.0,2412800
hardzero_only__c0p58__z1p00__lam0p000__nu0p50__psi0p00,hardzero_only,0.042,50,754,0.0,4,0.13422598,0.139306,0.91738427,0.12095273,0.12095273,1.0,0.005080015,0.042,-26.089622,2.0182858,0.6727619,0.21,0.0,0.15250415,0.0,0.0,2416000
hardzero_only__c0p58__z1p00__lam0p000__nu0p50__psi0p00,hardzero_only,0.042,50,755,0.0,4,0.139306,0.14384875,0.96593076,0.10816064,0.10816064,1.0,0.0045427466,0.042,-26.513048,2.1250901,0.7083634,0.224,0.0,0.15506373,0.0,0.0,2419200
hardzero_only__c0p58__z1p00__lam0p000__nu0p50__psi0p00,hardzero_only,0.042,50,756,0.0,4,0.14384875,0.14877272,0.9309338,0.11723741,0.11723741,1.0,0.0049239714,0.042,-25.668184,2.0480952,0.6826984,0.2,0.0,0.14507218,0.0,0.0,2422400
hardzero_only__c0p58__z1p00__lam0p000__nu0p50__psi0p00,hardzero_only,0.042,50,757,0.0,4,0.14877272,0.15404421,0.90131587,0.12551168,0.12551168,1.0,0.00527149,0.042,-25.147427,1.9829345,0.6609782,0.24000001,0.0,0.14515977,0.0,0.0,2425600
hardzero_only__c0p58__z1p00__lam0p000__nu0p50__psi0p00,hardzero_only,0.042,50,758,0.0,4,0.15404421,0.15878588,0.947318,0.11289688,0.11289688,1.0,0.004741669,0.042,-26.771313,2.0841413,0.6947138,0.264,0.0,0.14499334,0.0,0.0,2428800
hardzero_only__c0p58__z1p00__lam0p000__nu0p50__psi0p00,hardzero_only,0.042,50,759,0.0,4,0.15878588,0.16300711,0.9978095,0.10050564,0.10050564,1.0,0.004221237,0.042,-27.535057,2.1952248,0.7317416,0.14400001,0.0,0.17938446,0.0,0.0,2432000
hardzero_only__c0p58__z1p00__lam0p000__nu0p50__psi0p00,hardzero_only,0.042,50,760,0.0,4,0.16300711,0.16792205,0.9317317,0.11702222,0.11702222,1.0,0.004914933,0.042,-25.633121,2.0498507,0.68328357,0.16000001,0.0,0.13017426,0.0,0.0,2435200
hardzero_only__c0p58__z1p00__lam0p000__nu0p50__psi0p00,hardzero_only,0.042,50,761,0.0,4,0.16792205,0.172284,0.9835685,0.10385597,0.10385597,1.0,0.004361951,0.042,-26.569244,2.163894,0.721298,0.24000001,0.0,0.17165576,0.0,0.0,2438400
hardzero_only__c0p58__z1p00__lam0p000__nu0p50__psi0p00,hardzero_only,0.042,50,762,0.0,4,0.172284,0.172284,1.0013566,0.0,0.099688105,0.0,0.0,0.042,-28.092775,2.2030284,0.7343428,0.16800001,0.0,0.16768196,0.0,0.0,2441600
hardzero_only__c0p58__z1p00__lam0p000__nu0p50__psi0p00,hardzero_only,0.042,50,763,0.0,4,0.172284,0.17721803,0.930048,0.11747676,0.11747676,1.0,0.004934024,0.042,-26.808937,2.0461464,0.6820488,0.208,0.0,0.14551386,0.0,0.0,2444800
hardzero_only__c0p58__z1p00__lam0p000__nu0p50__psi0p00,hardzero_only,0.042,50,764,0.0,4,0.17721803,0.18183272,0.95910794,0.109873265,0.109873265,1.0,0.0046146773,0.042,-27.285042,2.1100795,0.70335984,0.192,0.0,0.14760758,0.0,0.0,2448000
hardzero_only__c0p58__z1p00__lam0p000__nu0p50__psi0p00,hardzero_only,0.042,50,765,0.0,4,0.18183272,0.18646774,0.957198,0.11035751,0.11035751,1.0,0.0046350155,0.042,-26.574219,2.1058776,0.70195925,0.18400002,0.0,0.14990689,0.0,0.0,2451200
hardzero_only__c0p58__z1p00__lam0p000__nu0p50__psi0p00,hardzero_only,0.042,50,766,0.0,4,0.18646774,0.19154957,0.9172287,0.12099607,0.12099607,1.0,0.005081835,0.042,-25.362045,2.0179434,0.67264783,0.256,0.0,0.124361955,0.0,0.0,2454400
hardzero_only__c0p58__z1p00__lam0p000__nu0p50__psi0p00,hardzero_only,0.042,50,767,0.0,4,0.19154957,0.19154957,1.006655,0.0,0.098479316,0.0,0.0,0.042,-28.29997,2.2146852,0.73822844,0.14999999,0.0,0.18142547,0.0,0.0,2457600
hardzero_only__c0p58__z1p00__lam0p000__nu0p50__psi0p00,hardzero_only,0.042,50,768,0.0,4,0.19154957,0.196189,0.9567841,0.110462755,0.110462755,1.0,0.0046394356,0.042,-26.438553,2.104967,0.70165575,0.192,0.0,0.14190285,0.0,0.0,2460800
hardzero_only__c0p58__z1p00__lam0p000__nu0p50__psi0p00,hardzero_only,0.042,50,769,0.0,4,0.196189,0.20098154,0.9426838,0.114108026,0.114108026,1.0,0.004792537,0.042,-25.796371,2.0739458,0.6913153,0.18400002,0.008,0.15153043,0.0,0.0,2464000
hardzero_only__c0p58__z1p00__lam0p000__nu0p50__psi0p00,hardzero_only,0.042,50,770,0.0,4,0.20098154,0.20567875,0.9514092,0.11183835,0.11183835,1.0,0.0046972106,0.042,-25.630625,2.093142,0.69771403,0.16800001,0.0,0.14860149,0.0,0.0,2467200
hardzero_only__c0p58__z1p00__lam0p000__nu0p50__psi0p00,hardzero_only,0.042,50,771,0.0,4,0.20567875,0.21129714,0.87363696,0.13377135,0.13377135,1.0,0.005618396,0.042,-24.991306,1.9220396,0.6406799,0.23200001,0.0,0.12944344,0.0,0.0,2470400
hardzero_only__c0p58__z1p00__lam0p000__nu0p50__psi0p00,hardzero_only,0.042,50,772,0.0,4,0.21129714,0.21600302,0.95060843,0.11204476,0.11204476,1.0,0.00470588,0.042,-26.145555,2.0913804,0.6971268,0.16000001,0.0,0.15123017,0.0,0.0,2473600
hardzero_only__c0p58__z1p00__lam0p000__nu0p50__psi0p00,hardzero_only,0.042,50,773,0.0,4,0.21600302,0.22079225,0.9429829,0.11402945,0.11402945,1.0,0.004789237,0.042,-26.317755,2.0746038,0.69153464,0.136,0.0,0.14696337,0.0,0.0,2476800
hardzero_only__c0p58__z1p00__lam0p000__nu0p50__psi0p00,hardzero_only,0.042,50,774,0.0,4,0.22079225,0.22509152,0.9898544,0.102363616,0.102363616,1.0,0.004299272,0.042,-26.613216,2.1777232,0.72590774,0.192,0.0,0.13961183,0.0,0.0,2480000
hardzero_only__c0p58__z1p00__lam0p000__nu0p50__psi0p00,hardzero_only,0.042,50,775,0.0,4,0.22509152,0.23016676,0.9177925,0.120839104,0.120839104,1.0,0.0050752424,0.042,-25.874857,2.0191839,0.6730613,0.18400002,0.0,0.12594655,0.0,0.0,2483200
hardzero_only__c0p58__z1p00__lam0p000__nu0p50__psi0p00,hardzero_only,0.042,50,776,0.0,4,0.23016676,0.23454756,0.981696,0.104304716,0.104304716,1.0,0.004380798,0.042,-27.052004,2.1597743,0.7199248,0.14400001,0.0,0.14282788,0.0,0.0,2486400
hardzero_only__c0p58__z1p00__lam0p000__nu0p50__psi0p00,hardzero_only,0.042,50,777,0.0,4,0.23454756,0.23945034,0.9328075,0.116732694,0.116732694,1.0,0.004902773,0.042,-26.266323,2.0522175,0.6840725,0.17600001,0.0,0.13947916,0.0,0.0,2489600
hardzero_only__c0p58__z1p00__lam0p000__nu0p50__psi0p00,hardzero_only,0.042,50,778,0.0,4,0.23945034,0.24424487,0.9425028,0.11415559,0.11415559,1.0,0.0047945348,0.042,-26.384048,2.0735476,0.69118255,0.2,0.0,0.13843752,0.0,0.0,2492800
hardzero_only__c0p58__z1p00__lam0p000__nu0p50__psi0p00,hardzero_only,0.042,50,779,0.0,4,0.24424487,0.24860768,0.9834838,0.103876226,0.103876226,1.0,0.0043628016,0.042,-26.996435,2.1637075,0.7212359,0.216,0.0,0.17736806,0.0,0.0,2496000
hardzero_only__c0p58__z1p00__lam0p000__nu0p50__psi0p00,hardzero_only,0.042,50,780,0.0,4,0.24860768,0.24860768,1.0174634,0.0,0.096058674,0.0,0.0,0.042,-28.455639,2.2384644,0.7461548,0.17,0.0,0.14746575,0.0,0.0,2499200
hardzero_only__c0p58__z1p00__lam0p000__nu0p50__psi0p00,hardzero_only,0.042,50,781,0.0,4,0.24860768,0.25345644,0.93761915,0.115446515,0.115446515,1.0,0.0048487536,0.042,-26.336475,2.0628033,0.6876011,0.216,0.008,0.15402703,0.0,0.0,2502400
hardzero_only__c0p58__z1p00__lam0p000__nu0p50__psi0p00,hardzero_only,0.042,50,782,0.0,4,0.25345644,0.25808978,0.9573565,0.11031727,0.11031727,1.0,0.004633325,0.042,-25.680803,2.1062264,0.7020755,0.216,0.0,0.12785396,0.0,0.0,2505600
hardzero_only__c0p58__z1p00__lam0p000__nu0p50__psi0p00,hardzero_only,0.042,50,783,0.0,4,0.25808978,0.25808978,1.0030549,0.0,0.09929906,0.0,0.0,0.042,-27.732355,2.2067647,0.73558825,0.192,0.0,0.1762467,0.0,0.0,2508800
hardzero_only__c0p58__z1p00__lam0p000__nu0p50__psi0p00,hardzero_only,0.042,50,784,0.0,4,0.25808978,0.2628715,0.9436638,0.11385085,0.11385085,1.0,0.0047817356,0.042,-25.315865,2.0761018,0.69203395,0.208,0.0,0.11977064,0.0,0.0,2512000
hardzero_only__c0p58__z1p00__lam0p000__nu0p50__psi0p00,hardzero_only,0.042,50,785,0.0,4,0.2628715,0.267637,0.94513905,0.11346475,0.11346475,1.0,0.0047655194,0.042,-25.473673,2.0793474,0.69311583,0.15200001,0.0,0.13084094,0.0,0.0,2515200
hardzero_only__c0p58__z1p00__lam0p000__nu0p50__psi0p00,hardzero_only,0.042,50,786,0.0,4,0.267637,0.272328,0.95198715,0.111689635,0.111689635,1.0,0.0046909647,0.042,-26.559547,2.0944135,0.6981379,0.18400002,0.0,0.14294986,0.0,0.0,2518400
hardzero_only__c0p58__z1p00__lam0p000__nu0p50__psi0p00,hardzero_only,0.042,50,787,0.0,4,0.272328,0.27667147,0.9854109,0.1034163,0.1034163,1.0,0.0043434845,0.042,-27.060764,2.1679473,0.7226491,0.15200001,0.0,0.15148918,0.0,0.0,2521600
hardzero_only__c0p58__z1p00__lam0p000__nu0p50__psi0p00,hardzero_only,0.042,50,788,0.0,4,0.27667147,0.28127486,0.9601733,0.109604076,0.109604076,1.0,0.004603371,0.042,-27.271006,2.1124234,0.70414114,0.192,0.0,0.133354,0.0,0.0,2524800
hardzero_only__c0p58__z1p00__lam0p000__nu0p50__psi0p00,hardzero_only,0.042,50,789,0.0,4,0.28127486,0.28618243,0.9323829,0.11684688,0.11684688,1.0,0.004907569,0.042,-25.44246,2.0512834,0.6837611,0.192,0.0,0.12730883,0.0,0.0,2528000
hardzero_only__c0p58__z1p00__lam0p000__nu0p50__psi0p00,hardzero_only,0.042,50,790,0.0,4,0.28618243,0.29126188,0.91743374,0.12093897,0.12093897,1.0,0.0050794366,0.042,-25.912748,2.0183945,0.67279816,0.2,0.0,0.1305768,0.0,0.0,2531200
hardzero_only__c0p58__z1p00__lam0p000__nu0p50__psi0p00,hardzero_only,0.042,50,791,0.0,4,0.29126188,0.29126188,1.0438939,0.0,0.090387024,0.0,0.0,0.042,-28.233034,2.2966125,0.7655375,0.112,0.0,0.16154903,0.0,0.0,2534400
hardzero_only__c0p58__z1p00__lam0p000__nu0p50__psi0p00,hardzero_only,0.042,50,792,0.0,4,0.29126188,0.2959188,0.95515174,0.11087873,0.11087873,1.0,0.0046569067,0.042,-26.654848,2.1013758,0.70045865,0.15200001,0.0,0.15641285,0.0,0.0,2537600
hardzero_only__c0p58__z1p00__lam0p000__nu0p50__psi0p00,hardzero_only,0.042,50,793,0.0,4,0.2959188,0.3007292,0.941068,0.11453335,0.11453335,1.0,0.004810401,0.042,-26.465824,2.070391,0.69013035,0.19999999,0.0,0.10394741,0.0,0.0,2540800
hardzero_only__c0p58__z1p00__lam0p000__nu0p50__psi0p00,hardzero_only,0.042,50,794,0.0,4,0.3007292,0.30569363,0.92737913,0.11820093,0.11820093,1.0,0.0049644387,0.042,-25.382532,2.0402749,0.6800916,0.2,0.0,0.1298902,0.0,0.0,2544000
hardzero_only__c0p58__z1p00__lam0p000__nu0p50__psi0p00,hardzero_only,0.042,50,795,0.0,4,0.30569363,0.3101944,0.96996105,0.10716152,0.10716152,1.0,0.004500784,0.042,-26.977955,2.133957,0.71131897,0.192,0.0,0.1510176,0.0,0.0,2547200
hardzero_only__c0p58__z1p00__lam0p000__nu0p50__psi0p00,hardzero_only,0.042,50,796,0.0,4,0.3101944,0.31499004,0.942403,0.11418183,0.11418183,1.0,0.004795637,0.042,-26.418987,2.073328,0.69110936,0.15200001,0.0,0.14111178,0.0,0.0,2550400
hardzero_only__c0p58__z1p00__lam0p000__nu0p50__psi0p00,hardzero_only,0.042,50,797,0.0,4,0.31499004,0.31963995,0.95580447,0.11071221,0.11071221,1.0,0.0046499125,0.042,-26.659046,2.1028118,0.7009373,0.216,0.0,0.13803057,0.0,0.0,2553600
hardzero_only__c0p58__z1p00__lam0p000__nu0p50__psi0p00,hardzero_only,0.042,50,798,0.0,4,0.31963995,0.31963995,1.0001471,0.0,0.09996613,0.0,0.0,0.042,-27.978369,2.2003677,0.7334559,0.112,0.0,0.1617466,0.0,0.0,2556800
hardzero_only__c0p58__z1p00__lam0p000__nu0p50__psi0p00,hardzero_only,0.042,50,799,0.0,4,0.31963995,0.32432812,0.95224506,0.111623324,0.111623324,1.0,0.0046881796,0.042,-27.409885,2.094981,0.698327,0.18400002,0.0,0.15039657,0.0,0.0,2560000
hardzero_only__c0p58__z1p00__lam0p000__nu0p50__psi0p00,hardzero_only,0.042,50,800,0.0,4,0.32432812,0.32977244,0.88730687,0.12962629,0.12962629,1.0,0.005444304,0.042,-24.808641,1.9521141,0.65070474,0.18400002,0.0,0.13138194,0.0,0.0,2563200
hardzero_only__c0p58__z1p00__lam0p000__nu0p50__psi0p00,hardzero_only,0.042,50,801,0.0,4,0.32977244,0.3345532,0.94375175,0.11382777,0.11382777,1.0,0.0047807666,0.042,-24.825077,2.0762954,0.6920985,0.128,0.0,0.13323103,0.0,0.0,2566400
hardzero_only__c0p58__z1p00__lam0p000__nu0p50__psi0p00,hardzero_only,0.042,50,802,0.0,4,0.3345532,0.33959916,0.9203067,0.12014155,0.12014155,1.0,0.0050459453,0.042,-26.006294,2.0247152,0.67490506,0.216,0.0,0.14136015,0.0,0.0,2569600
hardzero_only__c0p58__z1p00__lam0p000__nu0p50__psi0p00,hardzero_only,0.042,50,803,0.0,4,0.33959916,0.34410867,0.9691187,0.10736957,0.10736957,1.0,0.004509522,0.042,-27.436064,2.1321037,0.7107012,0.192,0.0,0.16387282,0.0,0.0,2572800
hardzero_only__c0p58__z1p00__lam0p000__nu0p50__psi0p00,hardzero_only,0.042,50,804,0.0,4,0.34410867,0.34862602,0.9683672,0.10755552,0.10755552,1.0,0.0045173317,0.042,-26.310043,2.1304505,0.7101502,0.216,0.0,0.177289,0.0,0.0,2576000
hardzero_only__c0p58__z1p00__lam0p000__nu0p50__psi0p00,hardzero_only,0.042,50,805,0.0,4,0.34862602,0.35287693,0.9947658,0.101212494,0.101212494,1.0,0.0042509246,0.042,-27.421486,2.1885285,0.72950953,0.15200001,0.0,0.1557029,0.0,0.0,2579200
hardzero_only__c0p58__z1p00__lam0p000__nu0p50__psi0p00,hardzero_only,0.042,50,806,0.0,4,0.35287693,0.35795233,0.9177805,0.12084245,0.12084245,1.0,0.005075383,0.042,-26.369864,2.0191574,0.6730525,0.17999999,0.0,0.14235626,0.0,0.0,2582400
hardzero_only__c0p58__z1p00__lam0p000__nu0p50__psi0p00,hardzero_only,0.042,50,807,0.0,4,0.35795233,0.36313188,0.9089576,0.12332252,0.12332252,1.0,0.005179546,0.042,-25.356237,1.9997467,0.6665822,0.2,0.0,0.118446045,0.0,0.0,2585600
hardzero_only__c0p58__z1p00__lam0p000__nu0p50__psi0p00,hardzero_only,0.042,50,808,0.0,4,0.36313188,0.36842063,0.8998957,0.12592277,0.12592277,1.0,0.0052887565,0.042,-25.880192,1.9798101,0.6599367,0.208,0.0,0.14034711,0.0,0.0,2588800
hardzero_only__c0p58__z1p00__lam0p000__nu0p50__psi0p00,hardzero_only,0.042,50,809,0.0,4,0.36842063,0.37277293,0.9845314,0.103625976,0.103625976,1.0,0.004352291,0.042,-27.325153,2.1660123,0.7220041,0.14400001,0.0,0.14892805,0.0,0.0,2592000
hardzero_only__c0p58__z1p00__lam0p000__nu0p50__psi0p00,hardzero_only,0.042,50,810,0.0,4,0.37277293,0.37708375,0.98868865,0.102638744,0.102638744,1.0,0.0043108272,0.042,-27.745045,2.1751585,0.72505283,0.15200001,0.0,0.15096973,0.0,0.0,2595200
hardzero_only__c0p58__z1p00__lam0p000__nu0p50__psi0p00,hardzero_only,0.042,50,811,0.0,4,0.37708375,0.3814337,0.9847651,0.10357023,0.10357023,1.0,0.00434995,0.042,-26.618092,2.1665266,0.72217554,0.208,0.0,0.17287685,0.0,0.0,2598400
hardzero_only__c0p58__z1p00__lam0p000__nu0p50__psi0p00,hardzero_only,0.042,50,812,0.0,4,0.3814337,0.38599867,0.96381086,0.108689874,0.108689874,1.0,0.0045649745,0.042,-26.783115,2.1204262,0.70680875,0.208,0.0,0.13272543,0.0,0.0,2601600
hardzero_only__c0p58__z1p00__lam0p000__nu0p50__psi0p00,hardzero_only,0.042,50,813,0.0,4,0.38599867,0.39022347,0.99744093,0.10059099,0.10059099,1.0,0.0042248215,0.042,-27.910683,2.194414,0.7314713,0.17600001,0.0,0.15599632,0.0,0.0,2604800
hardzero_only__c0p58__z1p00__lam0p000__nu0p50__psi0p00,hardzero_only,0.042,50,814,0.0,4,0.39022347,0.39481744,0.96106106,0.109380245,0.109380245,1.0,0.0045939703,0.042,-26.485228,2.1143765,0.7047922,0.224,0.0,0.14212841,0.0,0.0,2608000
hardzero_only__c0p58__z1p00__lam0p000__nu0p50__psi0p00,hardzero_only,0.042,50,815,0.0,4,0.39481744,0.39938885,0.9631996,0.10884298,0.10884298,1.0,0.004571405,0.042,-26.127363,2.1190815,0.7063605,0.15200001,0.0,0.12900518,0.0,0.0,2611200
hardzero_only__c0p58__z1p00__lam0p000__nu0p50__psi0p00,hardzero_only,0.042,50,816,0.0,4,0.39938885,0.40444106,0.919769,0.1202904,0.1202904,1.0,0.005052197,0.042,-25.619928,2.0235322,0.6745107,0.2,0.0,0.13751051,0.0,0.0,2614400
hardzero_only__c0p58__z1p00__lam0p000__nu0p50__psi0p00,hardzero_only,0.042,50,817,0.0,4,0.40444106,0.40908748,0.95612955,0.11062936,0.11062936,1.0,0.004646433,0.042,-25.957418,2.103527,0.7011757,0.216,0.0,0.15134588,0.0,0.0,2617600
hardzero_only__c0p58__z1p00__lam0p000__nu0p50__psi0p00,hardzero_only,0.042,50,818,0.0,4,0.40908748,0.41367504,0.9616668,0.1092278,0.1092278,1.0,0.0045875674,0.042,-26.409313,2.1157093,0.70523643,0.216,0.0,0.14881073,0.0,0.0,2620800
hardzero_only__c0p58__z1p00__lam0p000__nu0p50__psi0p00,hardzero_only,0.042,50,819,0.0,4,0.41367504,0.41842294,0.94674844,0.11304505,0.11304505,1.0,0.0047478923,0.042,-25.369467,2.0828881,0.69429606,0.17999999,0.0,0.13459674,0.0,0.0,2624000
hardzero_only__c0p58__z1p00__lam0p000__nu0p50__psi0p00,hardzero_only,0.042,50,820,0.0,4,0.41842294,0.4232637,0.9383359,0.11525614,0.11525614,1.0,0.0048407577,0.042,-26.012062,2.0643802,0.68812674,0.216,0.0,0.12982206,0.0,0.0,2627200
hardzero_only__c0p58__z1p00__lam0p000__nu0p50__psi0p00,hardzero_only,0.042,50,821,0.0,4,0.4232637,0.4277844,0.96804255,0.107635975,0.107635975,1.0,0.004520711,0.042,-26.389494,2.1297362,0.70991206,0.216,0.0,0.13612567,0.0,0.0,2630400
hardzero_only__c0p58__z1p00__lam0p000__nu0p50__psi0p00,hardzero_only,0.042,50,822,0.0,4,0.4277844,0.43255094,0.9450469,0.11348883,0.11348883,1.0,0.004766531,0.042,-25.286444,2.0791447,0.69304824,0.16800001,0.0,0.14101338,0.0,0.0,2633600
hardzero_only__c0p58__z1p00__lam0p000__nu0p50__psi0p00,hardzero_only,0.042,50,823,0.0,4,0.43255094,0.4372581,0.9504892,0.112075515,0.112075515,1.0,0.0047071716,0.042,-26.054232,2.091118,0.69703937,0.216,0.0,0.13992219,0.0,0.0,2636800
hardzero_only__c0p58__z1p00__lam0p000__nu0p50__psi0p00,hardzero_only,0.042,50,824,0.0,4,0.4372581,0.4422129,0.92822105,0.11797201,0.11797201,1.0,0.004954824,0.042,-24.879795,2.0421271,0.68070906,0.208,0.0,0.12699407,0.0,0.0,2640000
hardzero_only__c0p58__z1p00__lam0p000__nu0p50__psi0p00,hardzero_only,0.042,50,825,0.0,4,0.4422129,0.4465451,0.9865416,0.1031474,0.1031474,1.0,0.004332191,0.042,-26.70688,2.170435,0.7234783,0.17600001,0.0,0.14076716,0.0,0.0,2643200
hardzero_only__c0p58__z1p00__lam0p000__nu0p50__psi0p00,hardzero_only,0.042,50,826,0.0,4,0.4465451,0.4510215,0.9723196,0.10658114,0.10658114,1.0,0.0044764075,0.042,-26.936558,2.1391459,0.71304864,0.2,0.0,0.15129334,0.0,0.0,2646400
hardzero_only__c0p58__z1p00__lam0p000__nu0p50__psi0p00,hardzero_only,0.042,50,827,0.0,4,0.4510215,0.45576262,0.947366,0.112884425,0.112884425,1.0,0.0047411458,0.042,-27.036873,2.0842469,0.694749,0.208,0.0,0.15629713,0.0,0.0,2649600
hardzero_only__c0p58__z1p00__lam0p000__nu0p50__psi0p00,hardzero_only,0.042,50,828,0.0,4,0.45576262,0.46076474,0.9240951,0.11909812,0.11909812,1.0,0.005002121,0.042,-26.049494,2.0330498,0.6776833,0.272,0.0,0.1457019,0.0,0.0,2652800
hardzero_only__c0p58__z1p00__lam0p000__nu0p50__psi0p00,hardzero_only,0.042,50,829,0.0,4,0.46076474,0.46501568,0.9947654,0.1012126,0.1012126,1.0,0.004250929,0.042,-27.227049,2.1885276,0.72950923,0.17600001,0.0,0.13726649,0.0,0.0,2656000
hardzero_only__c0p58__z1p00__lam0p000__nu0p50__psi0p00,hardzero_only,0.042,50,830,0.0,4,0.46501568,0.46984744,0.93914455,0.115041725,0.115041725,1.0,0.0048317523,0.042,-26.023302,2.0661592,0.68871975,0.17600001,0.0,0.13726345,0.0,0.0,2659200
hardzero_only__c0p58__z1p00__lam0p000__nu0p50__psi0p00,hardzero_only,0.042,50,831,0.0,4,0.46984744,0.47435838,0.9689816,0.107403465,0.107403465,1.0,0.0045109456,0.042,-27.269196,2.131802,0.71060073,0.224,0.0,0.16217034,0.0,0.0,2662400
hardzero_only__c0p58__z1p00__lam0p000__nu0p50__psi0p00,hardzero_only,0.042,50,832,0.0,4,0.47435838,0.47861066,0.9946266,0.101244956,0.101244956,1.0,0.004252288,0.042,-26.751791,2.1882222,0.7294074,0.17,0.0,0.15120603,0.0,0.0,2665600
hardzero_only__c0p58__z1p00__lam0p000__nu0p50__psi0p00,hardzero_only,0.042,50,833,0.0,4,0.47861066,0.47861066,1.0056448,0.0,0.098708645,0.0,0.0,0.042,-27.589403,2.2124627,0.73748755,0.192,0.0,0.16083847,0.0,0.0,2668800
hardzero_only__c0p58__z1p00__lam0p000__nu0p50__psi0p00,hardzero_only,0.042,50,834,0.0,4,0.47861066,0.48336688,0.94598764,0.113243245,0.113243245,1.0,0.0047562164,0.042,-26.202026,2.0812144,0.69373816,0.14400001,0.0,0.11630783,0.0,0.0,2672000
hardzero_only__c0p58__z1p00__lam0p000__nu0p50__psi0p00,hardzero_only,0.042,50,835,0.0,4,0.48336688,0.48846087,0.9161908,0.12128559,0.12128559,1.0,0.0050939946,0.042,-25.647196,2.01566,0.6718867,0.2,0.0,0.13929299,0.0,0.0,2675200
hardzero_only__c0p58__z1p00__lam0p000__nu0p50__psi0p00,hardzero_only,0.042,50,836,0.0,4,0.48846087,0.49295005,0.971083,0.10688505,0.10688505,1.0,0.0044891723,0.042,-26.5315,2.1364253,0.71214175,0.2,0.0,0.13661587,0.0,0.0,2678400
hardzero_only__c0p58__z1p00__lam0p000__nu0p50__psi0p00,hardzero_only,0.042,50,837,0.0,4,0.49295005,0.49295005,1.0019096,0.0,0.099561244,0.0,0.0,0.042,-27.245201,2.204245,0.73474836,0.16000001,0.0,0.13665883,0.0,0.0,2681600
hardzero_only__c0p58__z1p00__lam0p000__nu0p50__psi0p00,hardzero_only,0.042,50,838,0.0,4,0.49295005,0.49763948,0.9521303,0.111652814,0.111652814,1.0,0.0046894182,0.042,-26.709702,2.0947285,0.69824284,0.17600001,0.0,0.17433195,0.0,0.0,2684800
hardzero_only__c0p58__z1p00__lam0p000__nu0p50__psi0p00,hardzero_only,0.042,50,839,0.0,4,0.49763948,0.502431,0.94277734,0.114083454,0.114083454,1.0,0.004791505,0.042,-26.558113,2.0741515,0.69138384,0.208,0.0,0.14009504,0.0,0.0,2688000
hardzero_only__c0p58__z1p00__lam0p000__nu0p50__psi0p00,hardzero_only,0.042,50,840,0.0,4,0.502431,0.50688815,0.97419006,0.106123105,0.106123105,1.0,0.00445717,0.042,-26.75877,2.143261,0.7144203,0.192,0.0,0.1434126,0.0,0.0,2691200
hardzero_only__c0p58__z1p00__lam0p000__nu0p50__psi0p00,hardzero_only,0.042,50,841,0.0,4,0.50688815,0.5118337,0.9290344,0.117751256,0.117751256,1.0,0.0049455524,0.042,-25.648884,2.0439165,0.6813055,0.192,0.0,0.14813013,0.0,0.0,2694400
hardzero_only__c0p58__z1p00__lam0p000__nu0p50__psi0p00,hardzero_only,0.042,50,842,0.0,4,0.5118337,0.5166582,0.93979836,0.11486868,0.11486868,1.0,0.004824484,0.042,-27.043854,2.0675976,0.6891992,0.208,0.0,0.16236052,0.0,0.0,2697600
hardzero_only__c0p58__z1p00__lam0p000__nu0p50__psi0p00,hardzero_only,0.042,50,843,0.0,4,0.5166582,0.5214434,0.94334364,0.1139348,0.1139348,1.0,0.0047852616,0.042,-26.278067,2.0753975,0.69179916,0.17600001,0.0,0.1558244,0.0,0.0,2700800
hardzero_only__c0p58__z1p00__lam0p000__nu0p50__psi0p00,hardzero_only,0.042,50,844,0.0,4,0.5214434,0.5260113,0.963536,0.1087587,0.1087587,1.0,0.0045678653,0.042,-27.877293,2.1198215,0.7066072,0.216,0.0,0.15328425,0.0,0.0,2704000
hardzero_only__c0p58__z1p00__lam0p000__nu0p50__psi0p00,hardzero_only,0.042,50,845,0.0,4,0.5260113,0.5260113,1.0149115,0.0,0.09662476,0.0,0.0,0.042,-28.0655,2.2328498,0.7442833,0.22999999,0.0,0.16200389,0.0,0.0,2707200
hardzero_only__c0p58__z1p00__lam0p000__nu0p50__psi0p00,hardzero_only,0.042,50,846,0.0,4,0.5260113,0.53069085,0.95304525,0.11141785,0.11141785,1.0,0.00467955,0.042,-26.467987,2.0967414,0.6989138,0.192,0.0,0.16835237,0.0,0.0,2710400
hardzero_only__c0p58__z1p00__lam0p000__nu0p50__psi0p00,hardzero_only,0.042,50,847,0.0,4,0.53069085,0.53522295,0.96694964,0.10790718,0.10790718,1.0,0.0045321016,0.042,-26.707653,2.1273317,0.7091106,0.192,0.008,0.13721047,0.0,0.0,2713600
hardzero_only__c0p58__z1p00__lam0p000__nu0p50__psi0p00,hardzero_only,0.042,50,848,0.0,4,0.53522295,0.5398586,0.9571402,0.11037222,0.11037222,1.0,0.0046356334,0.042,-27.001528,2.1057506,0.7019169,0.17600001,0.0,0.15428218,0.0,0.0,2716800
hardzero_only__c0p58__z1p00__lam0p000__nu0p50__psi0p00,hardzero_only,0.042,50,849,0.0,4,0.5398586,0.5442066,0.98495597,0.1035247,0.1035247,1.0,0.0043480373,0.042,-26.904074,2.1669464,0.7223155,0.120000005,0.0,0.14812814,0.0,0.0,2720000
hardzero_only__c0p58__z1p00__lam0p000__nu0p50__psi0p00,hardzero_only,0.042,50,850,0.0,4,0.5442066,0.54966724,0.88600546,0.13001533,0.13001533,1.0,0.0054606437,0.042,-25.297485,1.9492509,0.64975035,0.224,0.0,0.1531942,0.0,0.0,2723200
hardzero_only__c0p58__z1p00__lam0p000__nu0p50__psi0p00,hardzero_only,0.042,50,851,0.0,4,0.54966724,0.5542653,0.960674,0.10947777,0.10947777,1.0,0.004598066,0.042,-26.398779,2.113525,0.7045083,0.15200001,0.0,0.13792637,0.0,0.0,2726400
hardzero_only__c0p58__z1p00__lam0p000__nu0p50__psi0p00,hardzero_only,0.042,50,852,0.0,4,0.5542653,0.55854744,0.9915901,0.101955324,0.101955324,1.0,0.0042821234,0.042,-27.586325,2.1815417,0.7271806,0.15200001,0.0,0.15757018,0.0,0.0,2729600
hardzero_only__c0p58__z1p00__lam0p000__nu0p50__psi0p00,hardzero_only,0.042,50,853,0.0,4,0.55854744,0.55854744,1.0010602,0.0,0.09975615,0.0,0.0,0.042,-26.801264,2.2023766,0.73412555,0.16800001,0.0,0.15092875,0.0,0.0,2732800
hardzero_only__c0p58__z1p00__lam0p000__nu0p50__psi0p00,hardzero_only,0.042,50,854,0.0,4,0.55854744,0.5633199,0.9445028,0.1136311,0.1136311,1.0,0.004772506,0.042,-25.906181,2.0779476,0.69264925,0.224,0.0,0.16636819,0.0,0.0,2736000
hardzero_only__c0p58__z1p00__lam0p000__nu0p50__psi0p00,hardzero_only,0.042,50,855,0.0,4,0.5633199,0.5681192,0.94207186,0.11426893,0.11426893,1.0,0.0047992948,0.042,-26.83273,2.0725994,0.6908665,0.224,0.0,0.13780226,0.0,0.0,2739200
hardzero_only__c0p58__z1p00__lam0p000__nu0p50__psi0p00,hardzero_only,0.042,50,856,0.0,4,0.5681192,0.5731417,0.9223301,0.11958313,0.11958313,1.0,0.0050224913,0.042,-26.42583,2.0291667,0.6763889,0.18400002,0.0,0.1372129,0.0,0.0,2742400
hardzero_only__c0p58__z1p00__lam0p000__nu0p50__psi0p00,hardzero_only,0.042,50,857,0.0,4,0.5731417,0.5781806,0.9209104,0.11997467,0.11997467,1.0,0.005038936,0.042,-25.30841,2.0260434,0.6753478,0.256,0.0,0.14260425,0.0,0.0,2745600
hardzero_only__c0p58__z1p00__lam0p000__nu0p50__psi0p00,hardzero_only,0.042,50,858,0.0,4,0.5781806,0.5781806,1.0087664,0.0,0.09800168,0.0,0.0,0.042,-26.71929,2.2193303,0.7397768,0.14,0.0,0.1751976,0.0,0.0,2748800
hardzero_only__c0p58__z1p00__lam0p000__nu0p50__psi0p00,hardzero_only,0.042,50,859,0.0,4,0.5781806,0.5832233,0.9205893,0.12006341,0.12006341,1.0,0.0050426633,0.042,-25.782318,2.025337,0.67511237,0.216,0.0,0.12975572,0.0,0.0,2752000
hardzero_only__c0p58__z1p00__lam0p000__nu0p50__psi0p00,hardzero_only,0.042,50,860,1.0,5,0.5832233,0.007841942,0.958735,0.109967664,0.109967664,1.0,0.004618642,0.042,-26.026098,2.1092591,0.7030864,0.14400001,0.0,0.12780073,0.0,0.0,2755200
hardzero_only__c0p58__z1p00__lam0p000__nu0p50__psi0p00,hardzero_only,0.042,50,861,0.0,5,0.007841942,0.013188511,0.895174,0.12729928,0.12729928,1.0,0.0053465697,0.042,-25.248497,1.9694222,0.6564741,0.15200001,0.0,0.12588625,0.0,0.0,2758400
hardzero_only__c0p58__z1p00__lam0p000__nu0p50__psi0p00,hardzero_only,0.042,50,862,0.0,5,0.013188511,0.017734097,0.9656593,0.10822825,0.10822825,1.0,0.0045455866,0.042,-26.071249,2.124493,0.70816433,0.16000001,0.0,0.14572184,0.0,0.0,2761600
hardzero_only__c0p58__z1p00__lam0p000__nu0p50__psi0p00,hardzero_only,0.042,50,863,0.0,5,0.017734097,0.023003558,0.9014832,0.12546334,0.12546334,1.0,0.00526946,0.042,-26.111246,1.9833026,0.66110086,0.208,0.0,0.15071203,0.0,0.0,2764800
hardzero_only__c0p58__z1p00__lam0p000__nu0p50__psi0p00,hardzero_only,0.042,50,864,0.0,5,0.023003558,0.028106662,0.91541487,0.12150246,0.12150246,1.0,0.0051031034,0.042,-25.249592,2.013953,0.6713177,0.14400001,0.0,0.12195626,0.0,0.0,2768000
hardzero_only__c0p58__z1p00__lam0p000__nu0p50__psi0p00,hardzero_only,0.042,50,865,0.0,5,0.028106662,0.032529615,0.97753686,0.10530842,0.10530842,1.0,0.004422954,0.042,-27.382788,2.150624,0.7168747,0.208,0.0,0.16369446,0.0,0.0,2771200
hardzero_only__c0p58__z1p00__lam0p000__nu0p50__psi0p00,hardzero_only,0.042,50,866,0.0,5,0.032529615,0.03778422,0.90270936,0.1251096,0.1251096,1.0,0.005254603,0.042,-26.091467,1.9860003,0.6620001,0.23200001,0.0,0.15451983,0.0,0.0,2774400
hardzero_only__c0p58__z1p00__lam0p000__nu0p50__psi0p00,hardzero_only,0.042,50,867,0.0,5,0.03778422,0.04289271,0.91495657,0.121630765,0.121630765,1.0,0.005108492,0.042,-25.399115,2.0129447,0.6709816,0.16800001,0.0,0.118777454,0.0,0.0,2777600
hardzero_only__c0p58__z1p00__lam0p000__nu0p50__psi0p00,hardzero_only,0.042,50,868,0.0,5,0.04289271,0.047267362,0.9823056,0.10415842,0.10415842,1.0,0.0043746536,0.042,-26.894962,2.1611154,0.72037184,0.16800001,0.0,0.15959345,0.0,0.0,2780800
hardzero_only__c0p58__z1p00__lam0p000__nu0p50__psi0p00,hardzero_only,0.042,50,869,0.0,5,0.047267362,0.05262831,0.89400774,0.12764162,0.12764162,1.0,0.005360948,0.042,-25.924635,1.9668562,0.6556188,0.208,0.0,0.1160907,0.0,0.0,2784000
hardzero_only__c0p58__z1p00__lam0p000__nu0p50__psi0p00,hardzero_only,0.042,50,870,0.0,5,0.05262831,0.057336897,0.95035857,0.11210924,0.11210924,1.0,0.0047085877,0.042,-26.91878,2.0908306,0.6969435,0.24000001,0.008,0.15138078,0.0,0.0,2787200
hardzero_only__c0p58__z1p00__lam0p000__nu0p50__psi0p00,hardzero_only,0.042,50,871,0.0,5,0.057336897,0.06264116,0.89862454,0.12629189,0.12629189,1.0,0.0053042592,0.042,-25.00307,1.9770135,0.6590045,0.22999999,0.0,0.12950116,0.0,0.0,2790400
hardzero_only__c0p58__z1p00__lam0p000__nu0p50__psi0p00,hardzero_only,0.042,50,872,0.0,5,0.06264116,0.06780824,0.9100042,0.12302568,0.12302568,1.0,0.005167078,0.042,-25.840178,2.0020492,0.66734976,0.272,0.0,0.14386807,0.0,0.0,2793600
hardzero_only__c0p58__z1p00__lam0p000__nu0p50__psi0p00,hardzero_only,0.042,50,873,0.0,5,0.06780824,0.07283554,0.92191416,0.119697705,0.119697705,1.0,0.0050273035,0.042,-26.07825,2.0282516,0.6760839,0.2,0.0,0.15930815,0.0,0.0,2796800
hardzero_only__c0p58__z1p00__lam0p000__nu0p50__psi0p00,hardzero_only,0.042,50,874,0.0,5,0.07283554,0.07753582,0.95112514,0.111911535,0.111911535,1.0,0.0047002845,0.042,-26.305511,2.0925171,0.6975057,0.104,0.0,0.15292782,0.0,0.0,2800000
hardzero_only__c0p58__z1p00__lam0p000__nu0p50__psi0p00,hardzero_only,0.042,50,875,0.0,5,0.07753582,0.082307056,0.94461906,0.113600686,0.113600686,1.0,0.004771229,0.042,-26.598818,2.0782034,0.6927345,0.17600001,0.0,0.19759214,0.0,0.0,2803200
hardzero_only__c0p58__z1p00__lam0p000__nu0p50__psi0p00,hardzero_only,0.042,50,876,0.0,5,0.082307056,0.086838104,0.96705085,0.10788202,0.10788202,1.0,0.004531045,0.042,-26.206099,2.1275544,0.7091848,0.136,0.0,0.12674995,0.0,0.0,2806400
hardzero_only__c0p58__z1p00__lam0p000__nu0p50__psi0p00,hardzero_only,0.042,50,877,0.0,5,0.086838104,0.091560096,0.9491242,0.11242833,0.11242833,1.0,0.00472199,0.042,-25.868689,2.088115,0.69603837,0.224,0.0,0.13454083,0.0,0.0,2809600
hardzero_only__c0p58__z1p00__lam0p000__nu0p50__psi0p00,hardzero_only,0.042,50,878,0.0,5,0.091560096,0.09603294,0.9726653,0.10649633,0.10649633,1.0,0.0044728457,0.042,-27.318354,2.1399064,0.71330214,0.192,0.0,0.16465797,0.0,0.0,2812800
hardzero_only__c0p58__z1p00__lam0p000__nu0p50__psi0p00,hardzero_only,0.042,50,879,0.0,5,0.09603294,0.10098113,0.9288025,0.11781416,0.11781416,1.0,0.0049481946,0.042,-26.338232,2.0434062,0.6811354,0.17600001,0.0,0.14311185,0.0,0.0,2816000
hardzero_only__c0p58__z1p00__lam0p000__nu0p50__psi0p00,hardzero_only,0.042,50,880,0.0,5,0.10098113,0.106329545,0.8950241,0.12734324,0.12734324,1.0,0.005348416,0.042,-26.611307,1.9690924,0.65636414,0.216,0.0,0.1402187,0.0,0.0,2819200
hardzero_only__c0p58__z1p00__lam0p000__nu0p50__psi0p00,hardzero_only,0.042,50,881,0.0,5,0.106329545,0.111323416,0.9248121,0.11890167,0.11890167,1.0,0.00499387,0.042,-25.685543,2.0346272,0.67820907,0.15200001,0.0,0.13756126,0.0,0.0,2822400
hardzero_only__c0p58__z1p00__lam0p000__nu0p50__psi0p00,hardzero_only,0.042,50,882,0.0,5,0.111323416,0.1163154,0.92497605,0.11885677,0.11885677,1.0,0.0049919845,0.042,-25.98659,2.034988,0.67832935,0.256,0.0,0.12569179,0.0,0.0,2825600
hardzero_only__c0p58__z1p00__lam0p000__nu0p50__psi0p00,hardzero_only,0.042,50,883,0.0,5,0.1163154,0.121118896,0.94169223,0.11436883,0.11436883,1.0,0.004803491,0.042,-26.566755,2.0717642,0.6905881,0.17600001,0.0,0.15052143,0.0,0.0,2828800
hardzero_only__c0p58__z1p00__lam0p000__nu0p50__psi0p00,hardzero_only,0.042,50,884,0.0,5,0.121118896,0.12618199,0.91883266,0.12055003,0.12055003,1.0,0.005063101,0.042,-24.670776,2.0214722,0.6738241,0.14999999,0.0,0.12565918,0.0,0.0,2832000
hardzero_only__c0p58__z1p00__lam0p000__nu0p50__psi0p00,hardzero_only,0.042,50,885,0.0,5,0.12618199,0.1312544,0.9180343,0.120771825,0.120771825,1.0,0.0050724167,0.042,-26.015026,2.0197158,0.67323864,0.18400002,0.0,0.13806191,0.0,0.0,2835200
hardzero_only__c0p58__z1p00__lam0p000__nu0p50__psi0p00,hardzero_only,0.042,50,886,0.0,5,0.1312544,0.13587618,0.95844054,0.11004226,0.11004226,1.0,0.004621775,0.042,-26.169975,2.1086113,0.7028705,0.18400002,0.0,0.1789699,0.0,0.0,2838400
hardzero_only__c0p58__z1p00__lam0p000__nu0p50__psi0p00,hardzero_only,0.042,50,887,0.0,5,0.13587618,0.14034677,0.97288424,0.10644267,0.10644267,1.0,0.004470592,0.042,-26.365276,2.140388,0.7134627,0.208,0.0,0.14214106,0.0,0.0,2841600
hardzero_only__c0p58__z1p00__lam0p000__nu0p50__psi0p00,hardzero_only,0.042,50,888,0.0,5,0.14034677,0.14457086,0.9975154,0.10057374,0.10057374,1.0,0.004224097,0.042,-27.647306,2.1945777,0.7315259,0.18400002,0.0,0.15936366,0.0,0.0,2844800
hardzero_only__c0p58__z1p00__lam0p000__nu0p50__psi0p00,hardzero_only,0.042,50,889,0.0,5,0.14457086,0.14938249,0.9409566,0.114562735,0.114562735,1.0,0.004811635,0.042,-26.013023,2.0701458,0.69004864,0.2,0.0,0.1230125,0.0,0.0,2848000
hardzero_only__c0p58__z1p00__lam0p000__nu0p50__psi0p00,hardzero_only,0.042,50,890,0.0,5,0.14938249,0.15446366,0.91728514,0.12098036,0.12098036,1.0,0.005081175,0.042,-26.663025,2.0180676,0.6726892,0.18400002,0.0,0.14002629,0.0,0.0,2851200
hardzero_only__c0p58__z1p00__lam0p000__nu0p50__psi0p00,hardzero_only,0.042,50,891,0.0,5,0.15446366,0.15894452,0.9718879,0.10668716,0.10668716,1.0,0.0044808607,0.042,-26.823072,2.138196,0.712732,0.14400001,0.0,0.15167816,0.0,0.0,2854400
hardzero_only__c0p58__z1p00__lam0p000__nu0p50__psi0p00,hardzero_only,0.042,50,892,0.0,5,0.15894452,0.16316535,0.99785197,0.10049582,0.10049582,1.0,0.0042208247,0.042,-27.175009,2.1953182,0.7317728,0.208,0.0,0.14840686,0.0,0.0,2857600
hardzero_only__c0p58__z1p00__lam0p000__nu0p50__psi0p00,hardzero_only,0.042,50,893,0.0,5,0.16316535,0.16782834,0.9545849,0.11102354,0.11102354,1.0,0.0046629887,0.042,-26.339878,2.1001287,0.7000429,0.24800001,0.0,0.15112491,0.0,0.0,2860800
hardzero_only__c0p58__z1p00__lam0p000__nu0p50__psi0p00,hardzero_only,0.042,50,894,0.0,5,0.16782834,0.17207997,0.9946939,0.101229265,0.101229265,1.0,0.004251629,0.042,-27.44191,2.1883702,0.7294568,0.18400002,0.0,0.15847556,0.0,0.0,2864000
hardzero_only__c0p58__z1p00__lam0p000__nu0p50__psi0p00,hardzero_only,0.042,50,895,0.0,5,0.17207997,0.17718737,0.91504925,0.12160479,0.12160479,1.0,0.0051074014,0.042,-26.171373,2.0131485,0.67104954,0.16800001,0.0,0.14699076,0.0,0.0,2867200
hardzero_only__c0p58__z1p00__lam0p000__nu0p50__psi0p00,hardzero_only,0.042,50,896,0.0,5,0.17718737,0.18144529,0.9940524,0.10137889,0.10137889,1.0,0.004257913,0.042,-27.842176,2.186959,0.7289864,0.16000001,0.0,0.16629414,0.0,0.0,2870400
hardzero_only__c0p58__z1p00__lam0p000__nu0p50__psi0p00,hardzero_only,0.042,50,897,0.0,5,0.18144529,0.18589953,0.9744756,0.106053345,0.106053345,1.0,0.00445424,0.042,-27.141174,2.1438892,0.71462977,0.22999999,0.0,0.14060435,0.0,0.0,2873600
hardzero_only__c0p58__z1p00__lam0p000__nu0p50__psi0p00,hardzero_only,0.042,50,898,0.0,5,0.18589953,0.19098653,0.9167878,0.12111897,0.12111897,1.0,0.0050869966,0.042,-25.87065,2.0169735,0.67232454,0.17600001,0.0,0.1400299,0.0,0.0,2876800
hardzero_only__c0p58__z1p00__lam0p000__nu0p50__psi0p00,hardzero_only,0.042,50,899,0.0,5,0.19098653,0.19602472,0.9209745,0.11995697,0.11995697,1.0,0.0050381925,0.042,-26.158106,2.0261843,0.6753948,0.192,0.0,0.145677,0.0,0.0,2880000
hardzero_only__c0p58__z1p00__lam0p000__nu0p50__psi0p00,hardzero_only,0.042,50,900,0.0,5,0.19602472,0.20058338,0.96441174,0.1085396,0.1085396,1.0,0.0045586633,0.042,-26.08119,2.1217482,0.7072494,0.192,0.0,0.1539407,0.0,0.0,2883200
hardzero_only__c0p58__z1p00__lam0p000__nu0p50__psi0p00,hardzero_only,0.042,50,901,0.0,5,0.20058338,0.20573777,0.91107184,0.1227236,0.1227236,1.0,0.0051543913,0.042,-25.675077,2.004398,0.6681327,0.216,0.0,0.13662605,0.0,0.0,2886400
hardzero_only__c0p58__z1p00__lam0p000__nu0p50__psi0p00,hardzero_only,0.042,50,902,0.0,5,0.20573777,0.21012291,0.9812651,0.104408264,0.104408264,1.0,0.0043851472,0.042,-26.204014,2.1588264,0.7196088,0.15200001,0.0,0.15081795,0.0,0.0,2889600
hardzero_only__c0p58__z1p00__lam0p000__nu0p50__psi0p00,hardzero_only,0.042,50,903,0.0,5,0.21012291,0.21525212,0.9131988,0.12212403,0.12212403,1.0,0.0051292093,0.042,-25.65946,2.0090775,0.6696925,0.16800001,0.008,0.1391714,0.0,0.0,2892800
hardzero_only__c0p58__z1p00__lam0p000__nu0p50__psi0p00,hardzero_only,0.042,50,904,0.0,5,0.21525212,0.21957932,0.98704153,0.10302877,0.10302877,1.0,0.0043272083,0.042,-27.409113,2.1715348,0.72384495,0.208,0.0,0.18725866,0.0,0.0,2896000
hardzero_only__c0p58__z1p00__lam0p000__nu0p50__psi0p00,hardzero_only,0.042,50,905,0.0,5,0.21957932,0.2245265,0.92889285,0.11778967,0.11778967,1.0,0.004947166,0.042,-26.259504,2.043605,0.6812017,0.2,0.0,0.17490253,0.0,0.0,2899200
hardzero_only__c0p58__z1p00__lam0p000__nu0p50__psi0p00,hardzero_only,0.042,50,906,0.0,5,0.2245265,0.22897904,0.97464156,0.10601282,0.10601282,1.0,0.004452538,0.042,-27.214136,2.1442542,0.7147514,0.14400001,0.0,0.16621128,0.0,0.0,2902400
hardzero_only__c0p58__z1p00__lam0p000__nu0p50__psi0p00,hardzero_only,0.042,50,907,0.0,5,0.22897904,0.23336197,0.9814837,0.10435573,0.10435573,1.0,0.0043829405,0.042,-25.781296,2.1593072,0.7197691,0.17600001,0.0,0.14091763,0.0,0.0,2905600
hardzero_only__c0p58__z1p00__lam0p000__nu0p50__psi0p00,hardzero_only,0.042,50,908,0.0,5,0.23336197,0.23892826,0.87768394,0.13253057,0.13253057,1.0,0.005566284,0.042,-25.754475,1.9309433,0.6436478,0.2,0.0,0.12983951,0.0,0.0,2908800
hardzero_only__c0p58__z1p00__lam0p000__nu0p50__psi0p00,hardzero_only,0.042,50,909,0.0,5,0.23892826,0.24333192,0.97943527,0.10484911,0.10484911,1.0,0.0044036624,0.042,-27.141378,2.1548007,0.7182669,0.17600001,0.0,0.1363391,0.0,0.0,2912000
hardzero_only__c0p58__z1p00__lam0p000__nu0p50__psi0p00,hardzero_only,0.042,50,910,0.0,5,0.24333192,0.24333192,1.0278256,0.0,0.09379386,0.0,0.0,0.042,-27.392073,2.2612615,0.75375384,0.08,0.0,0.14884998,0.0,0.0,2915200
hardzero_only__c0p58__z1p00__lam0p000__nu0p50__psi0p00,hardzero_only,0.042,50,911,0.0,5,0.24333192,0.24837554,0.92050827,0.12008583,0.12008583,1.0,0.005043605,0.042,-25.919971,2.0251586,0.6750529,0.18400002,0.0,0.124841385,0.0,0.0,2918400
hardzero_only__c0p58__z1p00__lam0p000__nu0p50__psi0p00,hardzero_only,0.042,50,912,0.0,5,0.24837554,0.25308716,0.9500778,0.11218175,0.11218175,1.0,0.0047116335,0.042,-25.720146,2.0902128,0.69673765,0.17600001,0.0,0.13312928,0.0,0.0,2921600
hardzero_only__c0p58__z1p00__lam0p000__nu0p50__psi0p00,hardzero_only,0.042,50,913,0.0,5,0.25308716,0.25747064,0.9814319,0.10436817,0.10436817,1.0,0.0043834634,0.042,-27.02422,2.1591933,0.7197311,0.264,0.0,0.19197963,0.0,0.0,2924800
hardzero_only__c0p58__z1p00__lam0p000__nu0p50__psi0p00,hardzero_only,0.042,50,914,0.0,5,0.25747064,0.26226997,0.9420671,0.11427017,0.11427017,1.0,0.0047993474,0.042,-25.98821,2.072589,0.690863,0.216,0.0,0.16235645,0.0,0.0,2928000
hardzero_only__c0p58__z1p00__lam0p000__nu0p50__psi0p00,hardzero_only,0.042,50,915,0.0,5,0.26226997,0.26691625,0.9561442,0.11062564,0.11062564,1.0,0.0046462766,0.042,-26.351706,2.1035593,0.7011864,0.17600001,0.0,0.151916,0.0,0.0,2931200
hardzero_only__c0p58__z1p00__lam0p000__nu0p50__psi0p00,hardzero_only,0.042,50,916,0.0,5,0.26691625,0.2721064,0.9080685,0.123575255,0.123575255,1.0,0.0051901606,0.042,-25.522812,1.9977906,0.6659302,0.2,0.0,0.13864385,0.0,0.0,2934400
hardzero_only__c0p58__z1p00__lam0p000__nu0p50__psi0p00,hardzero_only,0.042,50,917,0.0,5,0.2721064,0.27686456,0.94581246,0.11328893,0.11328893,1.0,0.004758135,0.042,-26.481829,2.080829,0.69360965,0.15200001,0.0,0.13110445,0.0,0.0,2937600
hardzero_only__c0p58__z1p00__lam0p000__nu0p50__psi0p00,hardzero_only,0.042,50,918,0.0,5,0.27686456,0.28185895,0.9247673,0.11891392,0.11891392,1.0,0.0049943845,0.042,-25.900436,2.0345287,0.6781763,0.192,0.0,0.15019578,0.0,0.0,2940800
hardzero_only__c0p58__z1p00__lam0p000__nu0p50__psi0p00,hardzero_only,0.042,50,919,0.0,5,0.28185895,0.28663084,0.94456,0.113616124,0.113616124,1.0,0.004771877,0.042,-26.674112,2.0780735,0.6926912,0.24800001,0.0,0.16305575,0.0,0.0,2944000
hardzero_only__c0p58__z1p00__lam0p000__nu0p50__psi0p00,hardzero_only,0.042,50,920,0.0,5,0.28663084,0.29111058,0.9719961,0.10666055,0.10666055,1.0,0.004479743,0.042,-26.206339,2.1384342,0.7128114,0.18400002,0.0,0.13558479,0.0,0.0,2947200
hardzero_only__c0p58__z1p00__lam0p000__nu0p50__psi0p00,hardzero_only,0.042,50,921,0.0,5,0.29111058,0.29638785,0.90083885,0.12564962,0.12564962,1.0,0.005277284,0.042,-26.006348,1.9818851,0.6606284,0.264,0.0,0.12884323,0.0,0.0,2950400
hardzero_only__c0p58__z1p00__lam0p000__nu0p50__psi0p00,hardzero_only,0.042,50,922,0.0,5,0.29638785,0.300807,0.9779116,0.1052176,0.1052176,1.0,0.004419139,0.042,-26.859577,2.1514485,0.7171495,0.208,0.0,0.1633606,0.0,0.0,2953600
hardzero_only__c0p58__z1p00__lam0p000__nu0p50__psi0p00,hardzero_only,0.042,50,923,0.0,5,0.300807,0.30510646,0.9898352,0.10236813,0.10236813,1.0,0.0042994614,0.042,-26.96616,2.177681,0.7258937,0.16,0.0,0.1691726,0.0,0.0,2956800
hardzero_only__c0p58__z1p00__lam0p000__nu0p50__psi0p00,hardzero_only,0.042,50,924,0.0,5,0.30510646,0.3096291,0.9678565,0.10768208,0.10768208,1.0,0.0045226472,0.042,-26.8407,2.1293268,0.7097756,0.136,0.0,0.13535355,0.0,0.0,2960000
hardzero_only__c0p58__z1p00__lam0p000__nu0p50__psi0p00,hardzero_only,0.042,50,925,0.0,5,0.3096291,0.31471872,0.9165655,0.12118099,0.12118099,1.0,0.0050896015,0.042,-25.399971,2.0164843,0.67216146,0.208,0.0,0.12723002,0.0,0.0,2963200
hardzero_only__c0p58__z1p00__lam0p000__nu0p50__psi0p00,hardzero_only,0.042,50,926,0.0,5,0.31471872,0.31921974,0.9699396,0.10716684,0.10716684,1.0,0.0045010075,0.042,-26.823603,2.1339097,0.71130323,0.23200001,0.0,0.14957659,0.0,0.0,2966400
hardzero_only__c0p58__z1p00__lam0p000__nu0p50__psi0p00,hardzero_only,0.042,50,927,0.0,5,0.31921974,0.32411543,0.9334351,0.11656413,0.11656413,1.0,0.0048956936,0.042,-25.93274,2.0535982,0.68453276,0.264,0.0,0.1585952,0.0,0.0,2969600
hardzero_only__c0p58__z1p00__lam0p000__nu0p50__psi0p00,hardzero_only,0.042,50,928,0.0,5,0.32411543,0.32895115,0.9387872,0.11513642,0.11513642,1.0,0.0048357295,0.042,-25.854578,2.0653732,0.6884577,0.16800001,0.0,0.13688336,0.0,0.0,2972800
hardzero_only__c0p58__z1p00__lam0p000__nu0p50__psi0p00,hardzero_only,0.042,50,929,0.0,5,0.32895115,0.33389693,0.9290148,0.11775659,0.11775659,1.0,0.004945777,0.042,-26.038942,2.0438733,0.6812911,0.23200001,0.008,0.12865815,0.0,0.0,2976000
hardzero_only__c0p58__z1p00__lam0p000__nu0p50__psi0p00,hardzero_only,0.042,50,930,0.0,5,0.33389693,0.33916163,0.90187454,0.12535031,0.12535031,1.0,0.005264713,0.042,-25.338526,1.9841636,0.6613879,0.224,0.0,0.13244514,0.0,0.0,2979200
hardzero_only__c0p58__z1p00__lam0p000__nu0p50__psi0p00,hardzero_only,0.042,50,931,0.0,5,0.33916163,0.343903,0.9473457,0.1128897,0.1128897,1.0,0.0047413674,0.042,-26.286686,2.084202,0.69473404,0.17600001,0.0,0.15947053,0.0,0.0,2982400
hardzero_only__c0p58__z1p00__lam0p000__nu0p50__psi0p00,hardzero_only,0.042,50,932,0.0,5,0.343903,0.3484853,0.9621676,0.10910191,0.10910191,1.0,0.00458228,0.042,-26.207287,2.116811,0.7056037,0.216,0.0,0.13657995,0.0,0.0,2985600
hardzero_only__c0p58__z1p00__lam0p000__nu0p50__psi0p00,hardzero_only,0.042,50,933,0.0,5,0.3484853,0.35311505,0.95768976,0.11023264,0.11023264,1.0,0.0046297708,0.042,-26.873625,2.1069596,0.70231986,0.128,0.0,0.16359293,0.0,0.0,2988800
hardzero_only__c0p58__z1p00__lam0p000__nu0p50__psi0p00,hardzero_only,0.042,50,934,0.0,5,0.35311505,0.3580073,0.93374014,0.11648228,0.11648228,1.0,0.0048922556,0.042,-26.666182,2.0542693,0.68475646,0.128,0.0,0.16044575,0.0,0.0,2992000
hardzero_only__c0p58__z1p00__lam0p000__nu0p50__psi0p00,hardzero_only,0.042,50,935,0.0,5,0.3580073,0.36299103,0.925694,0.118660435,0.118660435,1.0,0.004983738,0.042,-26.38094,2.0365674,0.67885584,0.2,0.0,0.15327428,0.0,0.0,2995200
hardzero_only__c0p58__z1p00__lam0p000__nu0p50__psi0p00,hardzero_only,0.042,50,936,0.0,5,0.36299103,0.3677906,0.942047,0.114275455,0.114275455,1.0,0.004799569,0.042,-26.52446,2.0725448,0.6908483,0.22,0.0,0.13552138,0.0,0.0,2998400
hardzero_only__c0p58__z1p00__lam0p000__nu0p50__psi0p00,hardzero_only,0.042,50,937,0.0,5,0.3677906,0.37279275,0.9240923,0.11909888,0.11909888,1.0,0.0050021526,0.042,-25.634039,2.0330436,0.6776812,0.224,0.0,0.13019916,0.0,0.0,3001600
hardzero_only__c0p58__z1p00__lam0p000__nu0p50__psi0p00,hardzero_only,0.042,50,938,0.0,5,0.37279275,0.3775186,0.9487706,0.1125199,0.1125199,1.0,0.0047258358,0.042,-26.810783,2.087337,0.695779,0.24800001,0.0,0.16678636,0.0,0.0,3004800
hardzero_only__c0p58__z1p00__lam0p000__nu0p50__psi0p00,hardzero_only,0.042,50,939,0.0,5,0.3775186,0.38226822,0.9465888,0.11308659,0.11308659,1.0,0.0047496366,0.042,-26.361994,2.082537,0.694179,0.23200001,0.008,0.19797713,0.0,0.0,3008000
hardzero_only__c0p58__z1p00__lam0p000__nu0p50__psi0p00,hardzero_only,0.042,50,940,0.0,5,0.38226822,0.38695273,0.9525852,0.11153593,0.11153593,1.0,0.004684509,0.042,-26.906803,2.0957294,0.69857645,0.2,0.0,0.17533697,0.0,0.0,3011200
hardzero_only__c0p58__z1p00__lam0p000__nu0p50__psi0p00,hardzero_only,0.042,50,941,0.0,5,0.38695273,0.39147583,0.9678122,0.10769309,0.10769309,1.0,0.0045231096,0.042,-26.532148,2.1292293,0.70974314,0.16800001,0.0,0.14117756,0.0,0.0,3014400
hardzero_only__c0p58__z1p00__lam0p000__nu0p50__psi0p00,hardzero_only,0.042,50,942,0.0,5,0.39147583,0.39603496,0.96436626,0.108550966,0.108550966,1.0,0.0045591407,0.042,-27.011751,2.121648,0.707216,0.120000005,0.0,0.15621147,0.0,0.0,3017600
hardzero_only__c0p58__z1p00__lam0p000__nu0p50__psi0p00,hardzero_only,0.042,50,943,0.0,5,0.39603496,0.40071258,0.95322526,0.11137166,0.11137166,1.0,0.0046776095,0.042,-26.515636,2.0971375,0.69904584,0.15200001,0.0,0.14808677,0.0,0.0,3020800
hardzero_only__c0p58__z1p00__lam0p000__nu0p50__psi0p00,hardzero_only,0.042,50,944,0.0,5,0.40071258,0.40531284,0.9604682,0.109529674,0.109529674,1.0,0.0046002464,0.042,-26.273407,2.1130722,0.7043574,0.16000001,0.0,0.14580189,0.0,0.0,3024000
hardzero_only__c0p58__z1p00__lam0p000__nu0p50__psi0p00,hardzero_only,0.042,50,945,0.0,5,0.40531284,0.40983325,0.96807194,0.10762869,0.10762869,1.0,0.0045204046,0.042,-26.553091,2.1298008,0.70993364,0.112,0.0,0.19146633,0.0,0.0,3027200
hardzero_only__c0p58__z1p00__lam0p000__nu0p50__psi0p00,hardzero_only,0.042,50,946,0.0,5,0.40983325,0.41437927,0.9656191,0.10823829,0.10823829,1.0,0.004546008,0.042,-26.99444,2.1244044,0.70813483,0.096,0.0,0.13809489,0.0,0.0,3030400
hardzero_only__c0p58__z1p00__lam0p000__nu0p50__psi0p00,hardzero_only,0.042,50,947,0.0,5,0.41437927,0.4195617,0.9087147,0.12339151,0.12339151,1.0,0.005182443,0.042,-25.59047,1.9992123,0.6664041,0.17600001,0.0,0.15712437,0.0,0.0,3033600
hardzero_only__c0p58__z1p00__lam0p000__nu0p50__psi0p00,hardzero_only,0.042,50,948,0.0,5,0.4195617,0.42472225,0.9105548,0.12286978,0.12286978,1.0,0.0051605306,0.042,-26.158941,2.0032606,0.6677536,0.216,0.0,0.14614946,0.0,0.0,3036800
hardzero_only__c0p58__z1p00__lam0p000__nu0p50__psi0p00,hardzero_only,0.042,50,949,0.0,5,0.42472225,0.43033138,0.874355,0.13355035,0.13355035,1.0,0.0056091147,0.042,-24.93438,1.9236195,0.6412065,0.25,0.0,0.1374051,0.0,0.0,3040000
hardzero_only__c0p58__z1p00__lam0p000__nu0p50__psi0p00,hardzero_only,0.042,50,950,0.0,5,0.43033138,0.43541628,0.91696656,0.12106914,0.12106914,1.0,0.005084904,0.042,-25.238365,2.0173666,0.67245555,0.14400001,0.0,0.11804998,0.0,0.0,3043200
hardzero_only__c0p58__z1p00__lam0p000__nu0p50__psi0p00,hardzero_only,0.042,50,951,0.0,5,0.43541628,0.4409955,0.87667507,0.13283879,0.13283879,1.0,0.005579229,0.042,-25.39155,1.9287237,0.6429079,0.272,0.0,0.14518507,0.0,0.0,3046400
hardzero_only__c0p58__z1p00__lam0p000__nu0p50__psi0p00,hardzero_only,0.042,50,952,0.0,5,0.4409955,0.44568542,0.95208573,0.111664295,0.111664295,1.0,0.0046899,0.042,-26.497494,2.0946305,0.6982102,0.136,0.0,0.16138358,0.0,0.0,3049600
hardzero_only__c0p58__z1p00__lam0p000__nu0p50__psi0p00,hardzero_only,0.042,50,953,0.0,5,0.44568542,0.45009482,0.9788706,0.104985535,0.104985535,1.0,0.0044093924,0.042,-27.028946,2.1535583,0.7178528,0.192,0.0,0.16896616,0.0,0.0,3052800
hardzero_only__c0p58__z1p00__lam0p000__nu0p50__psi0p00,hardzero_only,0.042,50,954,0.0,5,0.45009482,0.45468137,0.96176255,0.10920372,0.10920372,1.0,0.004586556,0.042,-26.724396,2.1159198,0.70530665,0.14400001,0.0,0.13793498,0.0,0.0,3056000
hardzero_only__c0p58__z1p00__lam0p000__nu0p50__psi0p00,hardzero_only,0.042,50,955,0.0,5,0.45468137,0.45944813,0.94502544,0.113494426,0.113494426,1.0,0.004766766,0.042,-25.85547,2.0790975,0.6930325,0.16800001,0.0,0.15118511,0.0,0.0,3059200
hardzero_only__c0p58__z1p00__lam0p000__nu0p50__psi0p00,hardzero_only,0.042,50,956,0.0,5,0.45944813,0.45944813,1.0007752,0.0,0.09982166,0.0,0.0,0.042,-27.24348,2.2017496,0.7339165,0.120000005,0.0,0.16456744,0.0,0.0,3062400
hardzero_only__c0p58__z1p00__lam0p000__nu0p50__psi0p00,hardzero_only,0.042,50,957,0.0,5,0.45944813,0.4647874,0.8957683,0.1271252,0.1271252,1.0,0.0053392584,0.042,-25.845903,1.9707296,0.6569099,0.23200001,0.0,0.13236612,0.0,0.0,3065600
hardzero_only__c0p58__z1p00__lam0p000__nu0p50__psi0p00,hardzero_only,0.042,50,958,0.0,5,0.4647874,0.46931118,0.96774834,0.10770891,0.10770891,1.0,0.004523774,0.042,-26.512676,2.1290889,0.7096963,0.23200001,0.0,0.14040661,0.0,0.0,3068800
hardzero_only__c0p58__z1p00__lam0p000__nu0p50__psi0p00,hardzero_only,0.042,50,959,0.0,5,0.46931118,0.47415623,0.9379511,0.1153583,0.1153583,1.0,0.0048450488,0.042,-26.350586,2.0635335,0.6878445,0.192,0.0,0.14207844,0.0,0.0,3072000
hardzero_only__c0p58__z1p00__lam0p000__nu0p50__psi0p00,hardzero_only,0.042,50,960,0.0,5,0.47415623,0.47917843,0.9223564,0.11957589,0.11957589,1.0,0.0050221873,0.042,-25.535456,2.0292246,0.67640823,0.24000001,0.0,0.1332401,0.0,0.0,3075200
hardzero_only__c0p58__z1p00__lam0p000__nu0p50__psi0p00,hardzero_only,0.042,50,961,0.0,5,0.47917843,0.48394358,0.9451724,0.11345603,0.11345603,1.0,0.0047651534,0.042,-26.251663,2.0794208,0.69314027,0.16800001,0.0,0.148474,0.0,0.0,3078400
hardzero_only__c0p58__z1p00__lam0p000__nu0p50__psi0p00,hardzero_only,0.042,50,962,0.0,5,0.48394358,0.48886043,0.9315632,0.11706762,0.11706762,1.0,0.00491684,0.042,-25.954794,2.04948,0.68316,0.14999999,0.0,0.1439475,0.0,0.0,3081600
hardzero_only__c0p58__z1p00__lam0p000__nu0p50__psi0p00,hardzero_only,0.042,50,963,0.0,5,0.48886043,0.49404237,0.90875703,0.123379484,0.123379484,1.0,0.0051819384,0.042,-25.681356,1.9993054,0.6664351,0.16000001,0.0,0.11967209,0.0,0.0,3084800
hardzero_only__c0p58__z1p00__lam0p000__nu0p50__psi0p00,hardzero_only,0.042,50,964,0.0,5,0.49404237,0.49947733,0.88805175,0.12940414,0.12940414,1.0,0.005434974,0.042,-25.277931,1.9537529,0.65125096,0.192,0.0,0.1386487,0.0,0.0,3088000
hardzero_only__c0p58__z1p00__lam0p000__nu0p50__psi0p00,hardzero_only,0.042,50,965,0.0,5,0.49947733,0.5038854,0.9789988,0.104954526,0.104954526,1.0,0.00440809,0.042,-27.33112,2.1538403,0.71794677,0.18400002,0.0,0.15882379,0.0,0.0,3091200
hardzero_only__c0p58__z1p00__lam0p000__nu0p50__psi0p00,hardzero_only,0.042,50,966,0.0,5,0.5038854,0.508282,0.98013026,0.10468145,0.10468145,1.0,0.0043966207,0.042,-26.972818,2.1563296,0.7187766,0.16000001,0.0,0.12431913,0.0,0.0,3094400
hardzero_only__c0p58__z1p00__lam0p000__nu0p50__psi0p00,hardzero_only,0.042,50,967,0.0,5,0.508282,0.51383156,0.8789913,0.13213222,0.13213222,1.0,0.005549553,0.042,-25.97581,1.9338195,0.64460653,0.28,0.0,0.15262039,0.0,0.0,3097600
hardzero_only__c0p58__z1p00__lam0p000__nu0p50__psi0p00,hardzero_only,0.042,50,968,0.0,5,0.51383156,0.51869476,0.9363268,0.11579056,0.11579056,1.0,0.0048632035,0.042,-26.669147,2.0599601,0.6866534,0.224,0.0,0.13878368,0.0,0.0,3100800
hardzero_only__c0p58__z1p00__lam0p000__nu0p50__psi0p00,hardzero_only,0.042,50,969,0.0,5,0.51869476,0.52338594,0.9519653,0.11169525,0.11169525,1.0,0.0046912003,0.042,-26.739832,2.0943654,0.6981218,0.224,0.0,0.16001526,0.0,0.0,3104000
hardzero_only__c0p58__z1p00__lam0p000__nu0p50__psi0p00,hardzero_only,0.042,50,970,0.0,5,0.52338594,0.5278659,0.97197837,0.106664926,0.106664926,1.0,0.004479927,0.042,-26.676888,2.138395,0.71279836,0.17600001,0.0,0.14863181,0.0,0.0,3107200
hardzero_only__c0p58__z1p00__lam0p000__nu0p50__psi0p00,hardzero_only,0.042,50,971,0.0,5,0.5278659,0.53274363,0.9350275,0.11613751,0.11613751,1.0,0.0048777754,0.042,-26.9275,2.0571015,0.68570054,0.23200001,0.0,0.14499255,0.0,0.0,3110400
hardzero_only__c0p58__z1p00__lam0p000__nu0p50__psi0p00,hardzero_only,0.042,50,972,0.0,5,0.53274363,0.53791296,0.90981543,0.12307916,0.12307916,1.0,0.0051693246,0.042,-25.621622,2.001634,0.6672113,0.264,0.0,0.14822336,0.0,0.0,3113600
hardzero_only__c0p58__z1p00__lam0p000__nu0p50__psi0p00,hardzero_only,0.042,50,973,0.0,5,0.53791296,0.5424301,0.9683849,0.10755114,0.10755114,1.0,0.004517148,0.042,-26.330814,2.1304893,0.7101631,0.112,0.0,0.16793036,0.0,0.0,3116800
hardzero_only__c0p58__z1p00__lam0p000__nu0p50__psi0p00,hardzero_only,0.042,50,974,0.0,5,0.5424301,0.54712635,0.9514986,0.11181534,0.11181534,1.0,0.0046962444,0.042,-26.404552,2.0933387,0.6977796,0.2,0.0,0.14380567,0.0,0.0,3120000
hardzero_only__c0p58__z1p00__lam0p000__nu0p50__psi0p00,hardzero_only,0.042,50,975,0.0,5,0.54712635,0.5517749,0.9559319,0.110679716,0.110679716,1.0,0.004648548,0.042,-26.791513,2.1030922,0.70103073,0.24,0.0,0.16077754,0.0,0.0,3123200
hardzero_only__c0p58__z1p00__lam0p000__nu0p50__psi0p00,hardzero_only,0.042,50,976,0.0,5,0.5517749,0.55610687,0.9865668,0.10314146,0.10314146,1.0,0.0043319413,0.042,-27.122282,2.1704903,0.7234968,0.16800001,0.0,0.15320583,0.0,0.0,3126400
hardzero_only__c0p58__z1p00__lam0p000__nu0p50__psi0p00,hardzero_only,0.042,50,977,0.0,5,0.55610687,0.5610143,0.9323954,0.116843514,0.116843514,1.0,0.0049074274,0.042,-25.587967,2.0513108,0.6837703,0.2,0.0,0.13884452,0.0,0.0,3129600
hardzero_only__c0p58__z1p00__lam0p000__nu0p50__psi0p00,hardzero_only,0.042,50,978,0.0,5,0.5610143,0.56596285,0.928769,0.11782326,0.11782326,1.0,0.004948577,0.042,-25.828924,2.0433326,0.68111086,0.208,0.0,0.15898928,0.0,0.0,3132800
hardzero_only__c0p58__z1p00__lam0p000__nu0p50__psi0p00,hardzero_only,0.042,50,979,0.0,5,0.56596285,0.57039165,0.9769616,0.10544801,0.10544801,1.0,0.004428816,0.042,-26.607576,2.1493585,0.71645284,0.2,0.0,0.14433469,0.0,0.0,3136000
hardzero_only__c0p58__z1p00__lam0p000__nu0p50__psi0p00,hardzero_only,0.042,50,980,0.0,5,0.57039165,0.5746265,0.9964116,0.10082968,0.10082968,1.0,0.0042348467,0.042,-27.366648,2.1921494,0.73071647,0.136,0.0,0.17840579,0.0,0.0,3139200
hardzero_only__c0p58__z1p00__lam0p000__nu0p50__psi0p00,hardzero_only,0.042,50,981,0.0,5,0.5746265,0.5793017,0.9534458,0.111315146,0.111315146,1.0,0.004675236,0.042,-26.341331,2.0976226,0.69920754,0.16000001,0.0,0.15889913,0.0,0.0,3142400
hardzero_only__c0p58__z1p00__lam0p000__nu0p50__psi0p00,hardzero_only,0.042,50,982,0.0,5,0.5793017,0.5845257,0.9052474,0.12438058,0.12438058,1.0,0.0052239844,0.042,-25.633507,1.9915841,0.6638614,0.15200001,0.0,0.13609438,0.0,0.0,3145600
hardzero_only__c0p58__z1p00__lam0p000__nu0p50__psi0p00,hardzero_only,0.042,50,983,1.0,6,0.5845257,0.009423631,0.9332384,0.11661691,0.11661691,1.0,0.00489791,0.042,-26.073101,2.0531654,0.6843885,0.16000001,0.0,0.15835318,0.0,0.0,3148800
hardzero_only__c0p58__z1p00__lam0p000__nu0p50__psi0p00,hardzero_only,0.042,50,984,0.0,6,0.009423631,0.014590695,0.9100055,0.12302532,0.12302532,1.0,0.0051670633,0.042,-25.288519,2.002052,0.6673507,0.18400002,0.0,0.13693668,0.0,0.0,3152000
hardzero_only__c0p58__z1p00__lam0p000__nu0p50__psi0p00,hardzero_only,0.042,50,985,0.0,6,0.014590695,0.019628199,0.92103386,0.11994059,0.11994059,1.0,0.0050375047,0.042,-26.096107,2.026315,0.67543834,0.24800001,0.0,0.1440698,0.0,0.0,3155200
hardzero_only__c0p58__z1p00__lam0p000__nu0p50__psi0p00,hardzero_only,0.042,50,986,0.0,6,0.019628199,0.024187595,0.96434194,0.108557045,0.108557045,1.0,0.004559396,0.042,-27.465252,2.1215947,0.70719826,0.2,0.0,0.17321193,0.0,0.0,3158400
hardzero_only__c0p58__z1p00__lam0p000__nu0p50__psi0p00,hardzero_only,0.042,50,987,0.0,6,0.024187595,0.028696328,0.96919465,0.10735081,0.10735081,1.0,0.004508734,0.042,-26.475517,2.1322708,0.71075696,0.192,0.0,0.13709287,0.0,0.0,3161600
hardzero_only__c0p58__z1p00__lam0p000__nu0p50__psi0p00,hardzero_only,0.042,50,988,0.0,6,0.028696328,0.033647843,0.9285112,0.117893204,0.117893204,1.0,0.0049515143,0.042,-26.159845,2.0427654,0.6809218,0.17999999,0.0,0.14176565,0.0,0.0,3164800
hardzero_only__c0p58__z1p00__lam0p000__nu0p50__psi0p00,hardzero_only,0.042,50,989,0.0,6,0.033647843,0.038558453,0.9321137,0.11691931,0.11691931,1.0,0.004910611,0.042,-25.954067,2.0506911,0.6835637,0.272,0.0,0.14607601,0.0,0.0,3168000
hardzero_only__c0p58__z1p00__lam0p000__nu0p50__psi0p00,hardzero_only,0.042,50,990,0.0,6,0.038558453,0.044035375,0.8847128,0.13040288,0.13040288,1.0,0.005476921,0.042,-26.297892,1.9464071,0.6488024,0.30400002,0.016,0.14544243,0.0,0.0,3171200
hardzero_only__c0p58__z1p00__lam0p000__nu0p50__psi0p00,hardzero_only,0.042,50,991,0.0,6,0.044035375,0.048652843,0.95884544,0.109939694,0.109939694,1.0,0.004617467,0.042,-27.12077,2.109502,0.7031674,0.192,0.0,0.1675352,0.0,0.0,3174400
hardzero_only__c0p58__z1p00__lam0p000__nu0p50__psi0p00,hardzero_only,0.042,50,992,0.0,6,0.048652843,0.053825878,0.90950376,0.12316752,0.12316752,1.0,0.005173036,0.042,-26.407784,2.0009482,0.66698277,0.18400002,0.0,0.15911353,0.0,0.0,3177600
hardzero_only__c0p58__z1p00__lam0p000__nu0p50__psi0p00,hardzero_only,0.042,50,993,0.0,6,0.053825878,0.05913842,0.8979469,0.1264891,0.1264891,1.0,0.0053125424,0.042,-25.529083,1.9755226,0.6585076,0.224,0.0,0.14592457,0.0,0.0,3180800
hardzero_only__c0p58__z1p00__lam0p000__nu0p50__psi0p00,hardzero_only,0.042,50,994,0.0,6,0.05913842,0.063807696,0.95399976,0.11117322,0.11117322,1.0,0.004669275,0.042,-26.660591,2.0988414,0.6996138,0.16800001,0.0,0.14539075,0.0,0.0,3184000
hardzero_only__c0p58__z1p00__lam0p000__nu0p50__psi0p00,hardzero_only,0.042,50,995,0.0,6,0.063807696,0.0691837,0.89278966,0.12800011,0.12800011,1.0,0.0053760046,0.042,-24.774488,1.9641764,0.6547255,0.18400002,0.0,0.12135852,0.0,0.0,3187200
hardzero_only__c0p58__z1p00__lam0p000__nu0p50__psi0p00,hardzero_only,0.042,50,996,0.0,6,0.0691837,0.07368356,0.9700502,0.10713953,0.10713953,1.0,0.00449986,0.042,-26.701298,2.1341531,0.7113844,0.16800001,0.0,0.16096547,0.0,0.0,3190400
hardzero_only__c0p58__z1p00__lam0p000__nu0p50__psi0p00,hardzero_only,0.042,50,997,0.0,6,0.07368356,0.07843995,0.9459717,0.1132474,0.1132474,1.0,0.004756391,0.042,-25.951498,2.0811794,0.6937265,0.17600001,0.0,0.16436005,0.0,0.0,3193600
hardzero_only__c0p58__z1p00__lam0p000__nu0p50__psi0p00,hardzero_only,0.042,50,998,0.0,6,0.07843995,0.08322806,0.9430851,0.11400265,0.11400265,1.0,0.0047881114,0.042,-26.406677,2.0748286,0.69160956,0.16800001,0.0,0.14908786,0.0,0.0,3196800
hardzero_only__c0p58__z1p00__lam0p000__nu0p50__psi0p00,hardzero_only,0.042,50,999,0.0,6,0.08322806,0.08768162,0.97454184,0.10603717,0.10603717,1.0,0.0044535613,0.042,-26.395618,2.1440349,0.7146783,0.136,0.0,0.13502006,0.0,0.0,3200000
hardzero_only__c0p58__z1p00__lam0p000__nu0p50__psi0p00,hardzero_only,0.042,50,1000,0.0,6,0.08768162,0.09249651,0.9406636,0.11464007,0.11464007,1.0,0.0048148828,0.042,-26.322536,2.0695012,0.68983376,0.2,0.0,0.16546503,0.0,0.0,3203200
hardzero_only__c0p58__z1p00__lam0p000__nu0p50__psi0p00,hardzero_only,0.042,50,1001,0.0,6,0.09249651,0.09802151,0.88091666,0.1315477,0.1315477,1.0,0.0055250037,0.042,-25.239204,1.9380553,0.64601845,0.21,0.01,0.13691589,0.0,0.0,3206400
hardzero_only__c0p58__z1p00__lam0p000__nu0p50__psi0p00,hardzero_only,0.042,50,1002,0.0,6,0.09802151,0.10257422,0.96497893,0.10839794,0.10839794,1.0,0.004552713,0.042,-27.415909,2.122996,0.7076654,0.16000001,0.0,0.16683772,0.0,0.0,3209600
hardzero_only__c0p58__z1p00__lam0p000__nu0p50__psi0p00,hardzero_only,0.042,50,1003,0.0,6,0.10257422,0.10801966,0.88721657,0.12965325,0.12965325,1.0,0.005445436,0.042,-25.752735,1.9519154,0.65063846,0.16800001,0.0,0.13573508,0.0,0.0,3212800
hardzero_only__c0p58__z1p00__lam0p000__nu0p50__psi0p00,hardzero_only,0.042,50,1004,0.0,6,0.10801966,0.11245172,0.9766439,0.105525166,0.105525166,1.0,0.004432057,0.042,-26.718937,2.1486595,0.71621984,0.14400001,0.0,0.16678934,0.0,0.0,3216000
hardzero_only__c0p58__z1p00__lam0p000__nu0p50__psi0p00,hardzero_only,0.042,50,1005,0.0,6,0.11245172,0.11770982,0.9024197,0.12519306,0.12519306,1.0,0.0052581085,0.042,-25.543491,1.9853629,0.6617876,0.224,0.0,0.14992185,0.0,0.0,3219200
hardzero_only__c0p58__z1p00__lam0p000__nu0p50__psi0p00,hardzero_only,0.042,50,1006,0.0,6,0.11770982,0.12317503,0.88564265,0.13012399,0.13012399,1.0,0.0054652076,0.042,-25.402077,1.9484527,0.6494843,0.256,0.0,0.13219033,0.0,0.0,3222400
hardzero_only__c0p58__z1p00__lam0p000__nu0p50__psi0p00,hardzero_only,0.042,50,1007,0.0,6,0.12317503,0.12792052,0.9469682,0.112987846,0.112987846,1.0,0.0047454895,0.042,-26.061808,2.0833716,0.69445723,0.18400002,0.0,0.15547937,0.0,0.0,3225600
hardzero_only__c0p58__z1p00__lam0p000__nu0p50__psi0p00,hardzero_only,0.042,50,1008,0.0,6,0.12792052,0.13273084,0.9410759,0.11453128,0.11453128,1.0,0.0048103137,0.042,-26.4865,2.0704083,0.69013613,0.208,0.0,0.12904997,0.0,0.0,3228800
hardzero_only__c0p58__z1p00__lam0p000__nu0p50__psi0p00,hardzero_only,0.042,50,1009,0.0,6,0.13273084,0.13772331,0.9249337,0.118868366,0.118868366,1.0,0.004992471,0.042,-26.175575,2.0348947,0.67829823,0.272,0.0,0.1647255,0.0,0.0,3232000
hardzero_only__c0p58__z1p00__lam0p000__nu0p50__psi0p00,hardzero_only,0.042,50,1010,0.0,6,0.13772331,0.14325967,0.8800252,0.13181804,0.13181804,1.0,0.005536358,0.042,-24.980957,1.9360942,0.64536476,0.256,0.0,0.13034792,0.0,0.0,3235200
hardzero_only__c0p58__z1p00__lam0p000__nu0p50__psi0p00,hardzero_only,0.042,50,1011,0.0,6,0.14325967,0.14851709,0.9024767,0.12517665,0.12517665,1.0,0.0052574193,0.042,-25.59526,1.9854884,0.6618295,0.24000001,0.0,0.14820136,0.0,0.0,3238400
hardzero_only__c0p58__z1p00__lam0p000__nu0p50__psi0p00,hardzero_only,0.042,50,1012,0.0,6,0.14851709,0.15322821,0.95012546,0.11216942,0.11216942,1.0,0.0047111157,0.042,-26.26568,2.0903177,0.6967726,0.16800001,0.0,0.16958253,0.0,0.0,3241600
hardzero_only__c0p58__z1p00__lam0p000__nu0p50__psi0p00,hardzero_only,0.042,50,1013,0.0,6,0.15322821,0.15776834,0.966181,0.10809833,0.10809833,1.0,0.0045401296,0.042,-26.319916,2.1256406,0.7085469,0.16800001,0.0,0.14007866,0.0,0.0,3244800
hardzero_only__c0p58__z1p00__lam0p000__nu0p50__psi0p00,hardzero_only,0.042,50,1014,0.0,6,0.15776834,0.16331808,0.8789762,0.13213679,0.13213679,1.0,0.005549745,0.042,-24.803556,1.9337863,0.64459544,0.24,0.0,0.15219979,0.0,0.0,3248000
hardzero_only__c0p58__z1p00__lam0p000__nu0p50__psi0p00,hardzero_only,0.042,50,1015,0.0,6,0.16331808,0.16818035,0.9364113,0.11576803,0.11576803,1.0,0.0048622573,0.042,-25.859144,2.060146,0.68671536,0.16000001,0.0,0.1716061,0.0,0.0,3251200
hardzero_only__c0p58__z1p00__lam0p000__nu0p50__psi0p00,hardzero_only,0.042,50,1016,0.0,6,0.16818035,0.17283392,0.95546204,0.110799536,0.110799536,1.0,0.0046535805,0.042,-26.506094,2.1020584,0.70068616,0.17600001,0.0,0.13624117,0.0,0.0,3254400
hardzero_only__c0p58__z1p00__lam0p000__nu0p50__psi0p00,hardzero_only,0.042,50,1017,0.0,6,0.17283392,0.17783801,0.92392397,0.11914506,0.11914506,1.0,0.0050040926,0.042,-26.344095,2.0326734,0.6775578,0.192,0.0,0.14769517,0.0,0.0,3257600
hardzero_only__c0p58__z1p00__lam0p000__nu0p50__psi0p00,hardzero_only,0.042,50,1018,0.0,6,0.17783801,0.1826192,0.9437141,0.113837644,0.113837644,1.0,0.004781181,0.042,-26.074282,2.0762124,0.69207084,0.15200001,0.0,0.13420713,0.0,0.0,3260800
hardzero_only__c0p58__z1p00__lam0p000__nu0p50__psi0p00,hardzero_only,0.042,50,1019,0.0,6,0.1826192,0.18793814,0.8974243,0.1266414,0.1266414,1.0,0.0053189383,0.042,-24.81641,1.9743729,0.6581243,0.192,0.0,0.14114913,0.0,0.0,3264000
hardzero_only__c0p58__z1p00__lam0p000__nu0p50__psi0p00,hardzero_only,0.042,50,1020,0.0,6,0.18793814,0.19266993,0.94822335,0.112661794,0.112661794,1.0,0.0047317953,0.042,-26.580954,2.086133,0.6953777,0.216,0.0,0.15955114,0.0,0.0,3267200
hardzero_only__c0p58__z1p00__lam0p000__nu0p50__psi0p00,hardzero_only,0.042,50,1021,0.0,6,0.19266993,0.1976222,0.9284458,0.11791096,0.11791096,1.0,0.0049522603,0.042,-26.310015,2.0426216,0.6808739,0.208,0.0,0.14889768,0.0,0.0,3270400
hardzero_only__c0p58__z1p00__lam0p000__nu0p50__psi0p00,hardzero_only,0.042,50,1022,0.0,6,0.1976222,0.20225762,0.9571604,0.1103671,0.1103671,1.0,0.004635418,0.042,-26.386572,2.105795,0.70193166,0.18400002,0.0,0.14031504,0.0,0.0,3273600
hardzero_only__c0p58__z1p00__lam0p000__nu0p50__psi0p00,hardzero_only,0.042,50,1023,0.0,6,0.20225762,0.20687361,0.9589848,0.10990442,0.10990442,1.0,0.004615986,0.042,-26.881702,2.1098087,0.7032696,0.128,0.0,0.13266464,0.0,0.0,3276800
hardzero_only__c0p58__z1p00__lam0p000__nu0p50__psi0p00,hardzero_only,0.042,50,1024,0.0,6,0.20687361,0.21214232,0.9015446,0.12544559,0.12544559,1.0,0.005268715,0.042,-25.523357,1.9834377,0.6611459,0.256,0.0,0.12643752,0.0,0.0,3280000
hardzero_only__c0p58__z1p00__lam0p000__nu0p50__psi0p00,hardzero_only,0.042,50,1025,0.0,6,0.21214232,0.21699782,0.93701553,0.1156071,0.1156071,1.0,0.004855498,0.042,-25.88901,2.0614753,0.68715847,0.17600001,0.0,0.12619978,0.0,0.0,3283200
hardzero_only__c0p58__z1p00__lam0p000__nu0p50__psi0p00,hardzero_only,0.042,50,1026,0.0,6,0.21699782,0.22163576,0.95692456,0.11042705,0.11042705,1.0,0.004637936,0.042,-26.195024,2.105276,0.70175874,0.18400002,0.0,0.12262682,0.0,0.0,3286400
hardzero_only__c0p58__z1p00__lam0p000__nu0p50__psi0p00,hardzero_only,0.042,50,1027,0.0,6,0.22163576,0.22683738,0.90711033,0.12384818,0.12384818,1.0,0.0052016233,0.042,-25.236694,1.9956826,0.66522753,0.25,0.0,0.1478425,0.0,0.0,3289600
hardzero_only__c0p58__z1p00__lam0p000__nu0p50__psi0p00,hardzero_only,0.042,50,1028,0.0,6,0.22683738,0.2320851,0.9032798,0.12494539,0.12494539,1.0,0.005247706,0.042,-25.360395,1.9872552,0.6624184,0.216,0.0,0.12838586,0.0,0.0,3292800
hardzero_only__c0p58__z1p00__lam0p000__nu0p50__psi0p00,hardzero_only,0.042,50,1029,0.0,6,0.2320851,0.23723023,0.9118529,0.1225031,0.1225031,1.0,0.00514513,0.042,-25.566288,2.0061164,0.66870546,0.120000005,0.0,0.13150686,0.0,0.0,3296000
hardzero_only__c0p58__z1p00__lam0p000__nu0p50__psi0p00,hardzero_only,0.042,50,1030,0.0,6,0.23723023,0.24234289,0.91460145,0.121730246,0.121730246,1.0,0.0051126704,0.042,-25.857357,2.0121634,0.6707212,0.216,0.0,0.15204038,0.0,0.0,3299200
hardzero_only__c0p58__z1p00__lam0p000__nu0p50__psi0p00,hardzero_only,0.042,50,1031,0.0,6,0.24234289,0.24790238,0.87821424,0.13236882,0.13236882,1.0,0.00555949,0.042,-25.685787,1.93211,0.64403665,0.272,0.0,0.14782178,0.0,0.0,3302400
hardzero_only__c0p58__z1p00__lam0p000__nu0p50__psi0p00,hardzero_only,0.042,50,1032,0.0,6,0.24790238,0.25313178,0.90479714,0.12450961,0.12450961,1.0,0.0052294037,0.042,-25.48942,1.9905934,0.6635312,0.24800001,0.0,0.13213101,0.0,0.0,3305600
hardzero_only__c0p58__z1p00__lam0p000__nu0p50__psi0p00,hardzero_only,0.042,50,1033,0.0,6,0.25313178,0.2583197,0.9082564,0.12352179,0.12352179,1.0,0.005187915,0.042,-25.224634,1.998204,0.666068,0.208,0.016,0.13056034,0.0,0.0,3308800
hardzero_only__c0p58__z1p00__lam0p000__nu0p50__psi0p00,hardzero_only,0.042,50,1034,0.0,6,0.2583197,0.26384005,0.8812843,0.13143642,0.13143642,1.0,0.00552033,0.042,-24.446148,1.9388641,0.64628804,0.2,0.0,0.13232933,0.0,0.0,3312000
hardzero_only__c0p58__z1p00__lam0p000__nu0p50__psi0p00,hardzero_only,0.042,50,1035,0.0,6,0.26384005,0.26906374,0.90527105,0.124373816,0.124373816,1.0,0.0052237003,0.042,-25.66459,1.991636,0.6638787,0.18400002,0.0,0.14359114,0.0,0.0,3315200
hardzero_only__c0p58__z1p00__lam0p000__nu0p50__psi0p00,hardzero_only,0.042,50,1036,0.0,6,0.26906374,0.27406567,0.92411137,0.119093664,0.119093664,1.0,0.005001934,0.042,-26.655943,2.0330856,0.6776952,0.17600001,0.0,0.13691197,0.0,0.0,3318400
hardzero_only__c0p58__z1p00__lam0p000__nu0p50__psi0p00,hardzero_only,0.042,50,1037,0.0,6,0.27406567,0.2796201,0.87860847,0.13224873,0.13224873,1.0,0.0055544465,0.042,-25.542204,1.9329772,0.64432573,0.16800001,0.0,0.12645552,0.0,0.0,3321600
hardzero_only__c0p58__z1p00__lam0p000__nu0p50__psi0p00,hardzero_only,0.042,50,1038,0.0,6,0.2796201,0.28472927,0.9149,0.121646605,0.121646605,1.0,0.0051091574,0.042,-26.151766,2.0128202,0.6709401,0.16800001,0.0,0.16567884,0.0,0.0,3324800
hardzero_only__c0p58__z1p00__lam0p000__nu0p50__psi0p00,hardzero_only,0.042,50,1039,0.0,6,0.28472927,0.28944588,0.94961935,0.112300225,0.112300225,1.0,0.004716609,0.042,-26.00118,2.0892043,0.6964015,0.18400002,0.008,0.14820391,0.0,0.0,3328000
hardzero_only__c0p58__z1p00__lam0p000__nu0p50__psi0p00,hardzero_only,0.042,50,1040,0.0,6,0.28944588,0.29401922,0.9630139,0.10888952,0.10888952,1.0,0.0045733596,0.042,-26.041435,2.1186728,0.7062243,0.26999998,0.0,0.13194126,0.0,0.0,3331200
hardzero_only__c0p58__z1p00__lam0p000__nu0p50__psi0p00,hardzero_only,0.042,50,1041,0.0,6,0.29401922,0.298945,0.9307727,0.11728089,0.11728089,1.0,0.004925797,0.042,-26.807707,2.047741,0.68258035,0.2,0.0,0.1493688,0.0,0.0,3334400
hardzero_only__c0p58__z1p00__lam0p000__nu0p50__psi0p00,hardzero_only,0.042,50,1042,0.0,6,0.298945,0.30471987,0.8617076,0.13749672,0.13749672,1.0,0.005774862,0.042,-25.415186,1.8957946,0.63193154,0.23200001,0.0,0.13731185,0.0,0.0,3337600
hardzero_only__c0p58__z1p00__lam0p000__nu0p50__psi0p00,hardzero_only,0.042,50,1043,0.0,6,0.30471987,0.3093213,0.960356,0.109557986,0.109557986,1.0,0.0046014353,0.042,-26.580608,2.1128254,0.70427513,0.24000001,0.0,0.15303133,0.0,0.0,3340800
hardzero_only__c0p58__z1p00__lam0p000__nu0p50__psi0p00,hardzero_only,0.042,50,1044,0.0,6,0.3093213,0.31391388,0.9611935,0.109346904,0.109346904,1.0,0.00459257,0.042,-26.510918,2.114668,0.7048893,0.216,0.0,0.13225624,0.0,0.0,3344000
hardzero_only__c0p58__z1p00__lam0p000__nu0p50__psi0p00,hardzero_only,0.042,50,1045,0.0,6,0.31391388,0.31912702,0.90614945,0.12412249,0.12412249,1.0,0.0052131447,0.042,-26.129696,1.9935685,0.6645229,0.296,0.0,0.16210692,0.0,0.0,3347200
hardzero_only__c0p58__z1p00__lam0p000__nu0p50__psi0p00,hardzero_only,0.042,50,1046,0.0,6,0.31912702,0.32443744,0.89811987,0.12643872,0.12643872,1.0,0.0053104265,0.042,-25.977865,1.9759032,0.6586344,0.256,0.0,0.16487204,0.0,0.0,3350400
hardzero_only__c0p58__z1p00__lam0p000__nu0p50__psi0p00,hardzero_only,0.042,50,1047,0.0,6,0.32443744,0.32960638,0.9098463,0.12307041,0.12307041,1.0,0.005168957,0.042,-26.2916,2.0017018,0.66723394,0.208,0.0,0.13355792,0.0,0.0,3353600
hardzero_only__c0p58__z1p00__lam0p000__nu0p50__psi0p00,hardzero_only,0.042,50,1048,0.0,6,0.32960638,0.33512318,0.8815623,0.1313523,0.1313523,1.0,0.005516797,0.042,-24.98799,1.9394758,0.64649194,0.18400002,0.0,0.1271732,0.0,0.0,3356800
hardzero_only__c0p58__z1p00__lam0p000__nu0p50__psi0p00,hardzero_only,0.042,50,1049,0.0,6,0.33512318,0.3399907,0.9359416,0.11589333,0.11589333,1.0,0.0048675197,0.042,-25.298439,2.0591125,0.68637085,0.16800001,0.0,0.14641042,0.0,0.0,3360000
hardzero_only__c0p58__z1p00__lam0p000__nu0p50__psi0p00,hardzero_only,0.042,50,1050,0.0,6,0.3399907,0.34499568,0.92384815,0.11916585,0.11916585,1.0,0.0050049657,0.042,-26.154585,2.0325065,0.67750216,0.192,0.0,0.16467796,0.0,0.0,3363200
hardzero_only__c0p58__z1p00__lam0p000__nu0p50__psi0p00,hardzero_only,0.042,50,1051,0.0,6,0.34499568,0.35000136,0.9237858,0.11918296,0.11918296,1.0,0.005005684,0.042,-26.255844,2.0323694,0.6774565,0.216,0.0,0.16605747,0.0,0.0,3366400
hardzero_only__c0p58__z1p00__lam0p000__nu0p50__psi0p00,hardzero_only,0.042,50,1052,0.0,6,0.35000136,0.3555962,0.87546045,0.13321084,0.13321084,1.0,0.005594855,0.042,-24.869513,1.9260514,0.6420171,0.24000001,0.0,0.12662609,0.0,0.0,3369600
hardzero_only__c0p58__z1p00__lam0p000__nu0p50__psi0p00,hardzero_only,0.042,50,1053,0.0,6,0.3555962,0.36096412,0.89344424,0.12780733,0.12780733,1.0,0.005367908,0.042,-25.769762,1.9656166,0.65520555,0.14999999,0.0,0.13823926,0.0,0.0,3372800
hardzero_only__c0p58__z1p00__lam0p000__nu0p50__psi0p00,hardzero_only,0.042,50,1054,0.0,6,0.36096412,0.36581987,0.9369933,0.11561299,0.11561299,1.0,0.0048557455,0.042,-26.037264,2.0614264,0.68714213,0.16800001,0.0,0.13338858,0.0,0.0,3376000
hardzero_only__c0p58__z1p00__lam0p000__nu0p50__psi0p00,hardzero_only,0.042,50,1055,0.0,6,0.36581987,0.37052172,0.9509805,0.11194882,0.11194882,1.0,0.0047018505,0.042,-26.428955,2.0921988,0.6973996,0.120000005,0.0,0.1154679,0.0,0.0,3379200
hardzero_only__c0p58__z1p00__lam0p000__nu0p50__psi0p00,hardzero_only,0.042,50,1056,0.0,6,0.37052172,0.3759301,0.8901832,0.1287706,0.1287706,1.0,0.0054083653,0.042,-25.652637,1.9584422,0.6528141,0.272,0.008,0.15062362,0.0,0.0,3382400
hardzero_only__c0p58__z1p00__lam0p000__nu0p50__psi0p00,hardzero_only,0.042,50,1057,0.0,6,0.3759301,0.38150302,0.8771676,0.13268824,0.13268824,1.0,0.0055729058,0.042,-24.97663,1.9298072,0.64326906,0.224,0.0,0.13195336,0.0,0.0,3385600
hardzero_only__c0p58__z1p00__lam0p000__nu0p50__psi0p00,hardzero_only,0.042,50,1058,0.0,6,0.38150302,0.3869752,0.8850898,0.13028973,0.13028973,1.0,0.005472169,0.042,-25.222967,1.9472364,0.64907885,0.18400002,0.0,0.1374612,0.0,0.0,3388800
hardzero_only__c0p58__z1p00__lam0p000__nu0p50__psi0p00,hardzero_only,0.042,50,1059,0.0,6,0.3869752,0.39212394,0.91154826,0.12258906,0.12258906,1.0,0.0051487405,0.042,-24.78697,2.0054462,0.66848207,0.264,0.0,0.13917999,0.0,0.0,3392000
hardzero_only__c0p58__z1p00__lam0p000__nu0p50__psi0p00,hardzero_only,0.042,50,1060,0.0,6,0.39212394,0.3966117,0.971219,0.10685158,0.10685158,1.0,0.0044877664,0.042,-26.024487,2.1367245,0.71224153,0.136,0.0,0.1480472,0.0,0.0,3395200
hardzero_only__c0p58__z1p00__lam0p000__nu0p50__psi0p00,hardzero_only,0.042,50,1061,0.0,6,0.3966117,0.40205756,0.8871812,0.12966381,0.12966381,1.0,0.00544588,0.042,-25.89368,1.9518377,0.6506126,0.264,0.0,0.15293512,0.0,0.0,3398400
hardzero_only__c0p58__z1p00__lam0p000__nu0p50__psi0p00,hardzero_only,0.042,50,1062,0.0,6,0.40205756,0.4070451,0.92536294,0.11875092,0.11875092,1.0,0.004987539,0.042,-25.622236,2.035839,0.67861307,0.17600001,0.0,0.12696983,0.0,0.0,3401600
hardzero_only__c0p58__z1p00__lam0p000__nu0p50__psi0p00,hardzero_only,0.042,50,1063,0.0,6,0.4070451,0.41225487,0.90642995,0.12404235,0.12404235,1.0,0.0052097784,0.042,-25.404562,1.9941857,0.6647286,0.216,0.0,0.1441019,0.0,0.0,3404800
hardzero_only__c0p58__z1p00__lam0p000__nu0p50__psi0p00,hardzero_only,0.042,50,1064,0.0,6,0.41225487,0.41754973,0.89939606,0.12606774,0.12606774,1.0,0.005294845,0.042,-26.209932,1.9787109,0.65957034,0.264,0.0,0.15169927,0.0,0.0,3408000
hardzero_only__c0p58__z1p00__lam0p000__nu0p50__psi0p00,hardzero_only,0.042,50,1065,0.0,6,0.41754973,0.42251265,0.9275107,0.11816511,0.11816511,1.0,0.0049629346,0.042,-26.39156,2.0405643,0.6801881,0.216,0.0,0.16364892,0.0,0.0,3411200
hardzero_only__c0p58__z1p00__lam0p000__nu0p50__psi0p00,hardzero_only,0.042,50,1066,0.0,6,0.42251265,0.42751676,0.9239225,0.11914545,0.11914545,1.0,0.005004109,0.042,-25.619877,2.03267,0.6775567,0.19,0.0,0.14017516,0.0,0.0,3414400
hardzero_only__c0p58__z1p00__lam0p000__nu0p50__psi0p00,hardzero_only,0.042,50,1067,0.0,6,0.42751676,0.43233907,0.9399933,0.11481712,0.11481712,1.0,0.004822319,0.042,-26.761164,2.0680265,0.6893422,0.192,0.0,0.16478291,0.0,0.0,3417600
hardzero_only__c0p58__z1p00__lam0p000__nu0p50__psi0p00,hardzero_only,0.042,50,1068,0.0,6,0.43233907,0.43725827,0.9313539,0.117124036,0.117124036,1.0,0.0049192095,0.042,-26.12007,2.0490196,0.6830065,0.216,0.0,0.142432,0.0,0.0,3420800
hardzero_only__c0p58__z1p00__lam0p000__nu0p50__psi0p00,hardzero_only,0.042,50,1069,0.0,6,0.43725827,0.44225043,0.92496043,0.11886105,0.11886105,1.0,0.004992164,0.042,-26.079626,2.0349536,0.6783179,0.264,0.0,0.14877708,0.0,0.0,3424000
hardzero_only__c0p58__z1p00__lam0p000__nu0p50__psi0p00,hardzero_only,0.042,50,1070,0.0,6,0.44225043,0.4473974,0.91169745,0.12254695,0.12254695,1.0,0.005146972,0.042,-25.865644,2.0057745,0.6685915,0.192,0.0,0.15848756,0.0,0.0,3427200
hardzero_only__c0p58__z1p00__lam0p000__nu0p50__psi0p00,hardzero_only,0.042,50,1071,0.0,6,0.4473974,0.4520486,0.9556867,0.11074225,0.11074225,1.0,0.0046511744,0.042,-25.890724,2.1025527,0.7008509,0.14400001,0.0,0.16778633,0.0,0.0,3430400
hardzero_only__c0p58__z1p00__lam0p000__nu0p50__psi0p00,hardzero_only,0.042,50,1072,0.0,6,0.4520486,0.456914,0.93613064,0.11584288,0.11584288,1.0,0.004865401,0.042,-26.076185,2.0595286,0.68650955,0.192,0.0,0.15212138,0.0,0.0,3433600
hardzero_only__c0p58__z1p00__lam0p000__nu0p50__psi0p00,hardzero_only,0.042,50,1073,0.0,6,0.456914,0.46190792,0.9248089,0.11890252,0.11890252,1.0,0.004993906,0.042,-26.261902,2.0346203,0.6782068,0.216,0.0,0.15232794,0.0,0.0,3436800
hardzero_only__c0p58__z1p00__lam0p000__nu0p50__psi0p00,hardzero_only,0.042,50,1074,0.0,6,0.46190792,0.4664256,0.96833515,0.10756348,0.10756348,1.0,0.004517666,0.042,-26.715858,2.13038,0.71012664,0.16800001,0.0,0.16316082,0.0,0.0,3440000
hardzero_only__c0p58__z1p00__lam0p000__nu0p50__psi0p00,hardzero_only,0.042,50,1075,0.0,6,0.4664256,0.47128895,0.93631285,0.115794286,0.115794286,1.0,0.00486336,0.042,-26.905077,2.0599294,0.6866431,0.24000001,0.0,0.15108582,0.0,0.0,3443200
hardzero_only__c0p58__z1p00__lam0p000__nu0p50__psi0p00,hardzero_only,0.042,50,1076,0.0,6,0.47128895,0.47661194,0.8970943,0.12673767,0.12673767,1.0,0.005322982,0.042,-25.668653,1.9736469,0.65788233,0.30400002,0.0,0.12762563,0.0,0.0,3446400
hardzero_only__c0p58__z1p00__lam0p000__nu0p50__psi0p00,hardzero_only,0.042,50,1077,0.0,6,0.47661194,0.48158142,0.9269398,0.11832056,0.11832056,1.0,0.0049694637,0.042,-26.522137,2.0393083,0.67976946,0.192,0.0,0.14552674,0.0,0.0,3449600
hardzero_only__c0p58__z1p00__lam0p000__nu0p50__psi0p00,hardzero_only,0.042,50,1078,0.0,6,0.48158142,0.48655966,0.92617416,0.118529335,0.118529335,1.0,0.004978232,0.042,-24.919714,2.037624,0.679208,0.136,0.0,0.1368233,0.0,0.0,3452800
hardzero_only__c0p58__z1p00__lam0p000__nu0p50__psi0p00,hardzero_only,0.042,50,1079,0.0,6,0.48655966,0.4912282,0.95406795,0.111155786,0.111155786,1.0,0.004668543,0.042,-26.610449,2.0989914,0.6996638,0.14999999,0.0,0.16150495,0.0,0.0,3456000
hardzero_only__c0p58__z1p00__lam0p000__nu0p50__psi0p00,hardzero_only,0.042,50,1080,0.0,6,0.4912282,0.49632424,0.91601646,0.12133428,0.12133428,1.0,0.0050960397,0.042,-26.051186,2.0152764,0.67175883,0.192,0.0,0.17749044,0.0,0.0,3459200
hardzero_only__c0p58__z1p00__lam0p000__nu0p50__psi0p00,hardzero_only,0.042,50,1081,0.0,6,0.49632424,0.49632424,1.0078738,0.0,0.098203324,0.0,0.0,0.042,-28.170807,2.2173665,0.73912215,0.16000001,0.0,0.17567028,0.0,0.0,3462400
hardzero_only__c0p58__z1p00__lam0p000__nu0p50__psi0p00,hardzero_only,0.042,50,1082,0.0,6,0.49632424,0.50158334,0.9023367,0.125217,0.125217,1.0,0.0052591143,0.042,-24.729887,1.9851804,0.66172683,0.224,0.0,0.12402279,0.0,0.0,3465600
hardzero_only__c0p58__z1p00__lam0p000__nu0p50__psi0p00,hardzero_only,0.042,50,1083,0.0,6,0.50158334,0.50660735,0.9221963,0.11961997,0.11961997,1.0,0.0050240387,0.042,-25.262869,2.0288725,0.67629087,0.216,0.0,0.14225675,0.0,0.0,3468800
hardzero_only__c0p58__z1p00__lam0p000__nu0p50__psi0p00,hardzero_only,0.042,50,1084,0.0,6,0.50660735,0.5114095,0.94181305,0.11433705,0.11433705,1.0,0.0048021562,0.042,-26.556843,2.07203,0.6906767,0.208,0.0,0.13034338,0.0,0.0,3472000
hardzero_only__c0p58__z1p00__lam0p000__nu0p50__psi0p00,hardzero_only,0.042,50,1085,0.0,6,0.5114095,0.51629853,0.93403065,0.116404384,0.116404384,1.0,0.004888984,0.042,-26.398525,2.0549085,0.68496954,0.14400001,0.0,0.14036198,0.0,0.0,3475200
hardzero_only__c0p58__z1p00__lam0p000__nu0p50__psi0p00,hardzero_only,0.042,50,1086,0.0,6,0.51629853,0.5215946,0.89929485,0.12609711,0.12609711,1.0,0.0052960785,0.042,-25.103756,1.9784882,0.65949607,0.28,0.0,0.13158941,0.0,0.0,3478400
hardzero_only__c0p58__z1p00__lam0p000__nu0p50__psi0p00,hardzero_only,0.042,50,1087,0.0,6,0.5215946,0.5262081,0.95921725,0.10984561,0.10984561,1.0,0.0046135155,0.042,-26.391811,2.11032,0.70344007,0.208,0.0,0.13999905,0.0,0.0,3481600
hardzero_only__c0p58__z1p00__lam0p000__nu0p50__psi0p00,hardzero_only,0.042,50,1088,0.0,6,0.5262081,0.53107315,0.93616277,0.115834296,0.115834296,1.0,0.0048650405,0.042,-26.061005,2.0595992,0.6865331,0.17600001,0.0,0.15846927,0.0,0.0,3484800
hardzero_only__c0p58__z1p00__lam0p000__nu0p50__psi0p00,hardzero_only,0.042,50,1089,0.0,6,0.53107315,0.5360302,0.92802775,0.11802451,0.11802451,1.0,0.0049570296,0.042,-25.592005,2.0417018,0.68056726,0.2,0.0,0.1350779,0.0,0.0,3488000
hardzero_only__c0p58__z1p00__lam0p000__nu0p50__psi0p00,hardzero_only,0.042,50,1090,0.0,6,0.5360302,0.541081,0.91988784,0.12025751,0.12025751,1.0,0.0050508156,0.042,-25.806784,2.0237937,0.6745979,0.18400002,0.0,0.15159577,0.0,0.0,3491200
hardzero_only__c0p58__z1p00__lam0p000__nu0p50__psi0p00,hardzero_only,0.042,50,1091,0.0,6,0.541081,0.54612994,0.92004955,0.120212734,0.120212734,1.0,0.005048935,0.042,-25.169605,2.0241494,0.6747165,0.216,0.0,0.15145363,0.0,0.0,3494400
hardzero_only__c0p58__z1p00__lam0p000__nu0p50__psi0p00,hardzero_only,0.042,50,1092,0.0,6,0.54612994,0.55079234,0.95464027,0.111009404,0.111009404,1.0,0.004662395,0.042,-26.942656,2.1002505,0.7000835,0.19999999,0.0,0.15525165,0.0,0.0,3497600
hardzero_only__c0p58__z1p00__lam0p000__nu0p50__psi0p00,hardzero_only,0.042,50,1093,0.0,6,0.55079234,0.5562333,0.8875756,0.12954612,0.12954612,1.0,0.005440937,0.042,-25.226204,1.9527054,0.6509018,0.23200001,0.0,0.14486463,0.0,0.0,3500800
hardzero_only__c0p58__z1p00__lam0p000__nu0p50__psi0p00,hardzero_only,0.042,50,1094,0.0,6,0.5562333,0.56096464,0.94826335,0.11265141,0.11265141,1.0,0.004731359,0.042,-26.526184,2.086221,0.69540703,0.15200001,0.0,0.15842749,0.0,0.0,3504000
hardzero_only__c0p58__z1p00__lam0p000__nu0p50__psi0p00,hardzero_only,0.042,50,1095,0.0,6,0.56096464,0.5656317,0.9542097,0.11111951,0.11111951,1.0,0.0046670195,0.042,-27.109188,2.0993032,0.69976777,0.256,0.0,0.13897502,0.0,0.0,3507200
hardzero_only__c0p58__z1p00__lam0p000__nu0p50__psi0p00,hardzero_only,0.042,50,1096,0.0,6,0.5656317,0.57075554,0.9136513,0.12199689,0.12199689,1.0,0.005123869,0.042,-26.056557,2.010073,0.67002434,0.23200001,0.0,0.16200183,0.0,0.0,3510400
hardzero_only__c0p58__z1p00__lam0p000__nu0p50__psi0p00,hardzero_only,0.042,50,1097,0.0,6,0.57075554,0.576201,0.88721466,0.12965383,0.12965383,1.0,0.005445461,0.042,-25.121744,1.9519112,0.6506371,0.208,0.0,0.11529305,0.0,0.0,3513600
hardzero_only__c0p58__z1p00__lam0p000__nu0p50__psi0p00,hardzero_only,0.042,50,1098,0.0,6,0.576201,0.5810199,0.9403069,0.11473426,0.11473426,1.0,0.004818839,0.042,-26.19856,2.0687165,0.6895722,0.16800001,0.0,0.15640205,0.0,0.0,3516800
hardzero_only__c0p58__z1p00__lam0p000__nu0p50__psi0p00,hardzero_only,0.042,50,1099,1.0,7,0.5810199,0.0055100475,0.97098815,0.106908396,0.106908396,1.0,0.0044901525,0.042,-26.825352,2.1362166,0.71207225,0.16800001,0.0,0.16071856,0.0,0.0,3520000
hardzero_only__c0p58__z1p00__lam0p000__nu0p50__psi0p00,hardzero_only,0.042,50,1100,0.0,7,0.0055100475,0.010139176,0.95775,0.11021733,0.11021733,1.0,0.004629128,0.042,-27.658424,2.1070921,0.7023641,0.18400002,0.0,0.17289244,0.0,0.0,3523200
hardzero_only__c0p58__z1p00__lam0p000__nu0p50__psi0p00,hardzero_only,0.042,50,1101,0.0,7,0.010139176,0.015600901,0.8859194,0.1300411,0.1300411,1.0,0.005461726,0.042,-25.461391,1.9490616,0.64968723,0.208,0.0,0.14691342,0.0,0.0,3526400
hardzero_only__c0p58__z1p00__lam0p000__nu0p50__psi0p00,hardzero_only,0.042,50,1102,0.0,7,0.015600901,0.020790296,0.9081326,0.123557016,0.123557016,1.0,0.0051893946,0.042,-25.367176,1.9979316,0.66597724,0.216,0.0,0.14040533,0.0,0.0,3529600
hardzero_only__c0p58__z1p00__lam0p000__nu0p50__psi0p00,hardzero_only,0.042,50,1103,0.0,7,0.020790296,0.025606498,0.94054455,0.114671476,0.114671476,1.0,0.004816202,0.042,-26.708778,2.0692394,0.6897465,0.208,0.0,0.13201058,0.0,0.0,3532800
hardzero_only__c0p58__z1p00__lam0p000__nu0p50__psi0p00,hardzero_only,0.042,50,1104,0.0,7,0.025606498,0.03075575,0.911505,0.12260128,0.12260128,1.0,0.0051492536,0.042,-25.372036,2.005351,0.66845036,0.2,0.0,0.13831419,0.0,0.0,3536000
hardzero_only__c0p58__z1p00__lam0p000__nu0p50__psi0p00,hardzero_only,0.042,50,1105,0.0,7,0.03075575,0.036185995,0.8884298,0.12929156,0.12929156,1.0,0.005430246,0.042,-25.374023,1.9545846,0.65152824,0.26,0.0,0.131556,0.0,0.0,3539200
hardzero_only__c0p58__z1p00__lam0p000__nu0p50__psi0p00,hardzero_only,0.042,50,1106,0.0,7,0.036185995,0.041287877,0.91551894,0.12147335,0.12147335,1.0,0.0051018805,0.042,-25.945091,2.0141819,0.671394,0.2,0.0,0.14384346,0.0,0.0,3542400
hardzero_only__c0p58__z1p00__lam0p000__nu0p50__psi0p00,hardzero_only,0.042,50,1107,0.0,7,0.041287877,0.04595377,0.9543145,0.1110927,0.1110927,1.0,0.0046658935,0.042,-26.592236,2.0995338,0.6998446,0.096,0.0,0.16714954,0.0,0.0,3545600
hardzero_only__c0p58__z1p00__lam0p000__nu0p50__psi0p00,hardzero_only,0.042,50,1108,0.0,7,0.04595377,0.051038556,0.9169767,0.12106631,0.12106631,1.0,0.0050847847,0.042,-25.654902,2.017389,0.67246306,0.224,0.0,0.15866707,0.0,0.0,3548800
hardzero_only__c0p58__z1p00__lam0p000__nu0p50__psi0p00,hardzero_only,0.042,50,1109,0.0,7,0.051038556,0.05653479,0.8831842,0.13086267,0.13086267,1.0,0.005496232,0.042,-25.200233,1.9430441,0.64768136,0.23200001,0.0,0.13663587,0.0,0.0,3552000
hardzero_only__c0p58__z1p00__lam0p000__nu0p50__psi0p00,hardzero_only,0.042,50,1110,0.0,7,0.05653479,0.061982352,0.8870471,0.12970385,0.12970385,1.0,0.0054475614,0.042,-25.385412,1.9515426,0.65051425,0.17600001,0.0,0.13926332,0.0,0.0,3555200
hardzero_only__c0p58__z1p00__lam0p000__nu0p50__psi0p00,hardzero_only,0.042,50,1111,0.0,7,0.061982352,0.067087695,0.9152244,0.121555775,0.121555775,1.0,0.0051053427,0.042,-25.781923,2.0135338,0.671178,0.24000001,0.0,0.12937336,0.0,0.0,3558400
hardzero_only__c0p58__z1p00__lam0p000__nu0p50__psi0p00,hardzero_only,0.042,50,1112,0.0,7,0.067087695,0.07156174,0.9725494,0.106524765,0.106524765,1.0,0.00447404,0.042,-26.234837,2.1396513,0.71321714,0.256,0.0,0.1810854,0.0,0.0,3561600
hardzero_only__c0p58__z1p00__lam0p000__nu0p50__psi0p00,hardzero_only,0.042,50,1113,0.0,7,0.07156174,0.07662247,0.9190361,0.12049359,0.12049359,1.0,0.005060731,0.042,-25.68193,2.0219197,0.67397326,0.224,0.0,0.15605582,0.0,0.0,3564800
hardzero_only__c0p58__z1p00__lam0p000__nu0p50__psi0p00,hardzero_only,0.042,50,1114,0.0,7,0.07662247,0.081942305,0.89735097,0.12666278,0.12666278,1.0,0.0053198365,0.042,-24.971903,1.9742116,0.65807056,0.224,0.0,0.14593357,0.0,0.0,3568000
hardzero_only__c0p58__z1p00__lam0p000__nu0p50__psi0p00,hardzero_only,0.042,50,1115,0.0,7,0.081942305,0.08698848,0.920287,0.120147005,0.120147005,1.0,0.005046174,0.042,-25.656172,2.0246718,0.67489064,0.208,0.0,0.14897169,0.0,0.0,3571200
hardzero_only__c0p58__z1p00__lam0p000__nu0p50__psi0p00,hardzero_only,0.042,50,1116,0.0,7,0.08698848,0.09261185,0.8732528,0.1338897,0.1338897,1.0,0.0056233676,0.042,-25.111635,1.9211946,0.6403982,0.208,0.0,0.1492208,0.0,0.0,3574400
hardzero_only__c0p58__z1p00__lam0p000__nu0p50__psi0p00,hardzero_only,0.042,50,1117,0.0,7,0.09261185,0.09762646,0.92301214,0.11939547,0.11939547,1.0,0.0050146095,0.042,-25.912113,2.0306673,0.6768891,0.208,0.008,0.1444218,0.0,0.0,3577600
hardzero_only__c0p58__z1p00__lam0p000__nu0p50__psi0p00,hardzero_only,0.042,50,1118,0.0,7,0.09762646,0.102779485,0.91118705,0.12269107,0.12269107,1.0,0.005153025,0.042,-26.313023,2.0046515,0.6682172,0.19999999,0.0,0.13541667,0.0,0.0,3580800
hardzero_only__c0p58__z1p00__lam0p000__nu0p50__psi0p00,hardzero_only,0.042,50,1119,0.0,7,0.102779485,0.10851828,0.86442834,0.13663805,0.13663805,1.0,0.0057387976,0.042,-24.854935,1.9017804,0.6339268,0.24800001,0.0,0.12884445,0.0,0.0,3584000
hardzero_only__c0p58__z1p00__lam0p000__nu0p50__psi0p00,hardzero_only,0.042,50,1120,0.0,7,0.10851828,0.11436232,0.856536,0.13914385,0.13914385,1.0,0.0058440417,0.042,-25.700546,1.8844167,0.6281389,0.16800001,0.0,0.12807572,0.0,0.0,3587200
hardzero_only__c0p58__z1p00__lam0p000__nu0p50__psi0p00,hardzero_only,0.042,50,1121,0.0,7,0.11436232,0.11962283,0.90222174,0.12525015,0.12525015,1.0,0.005260506,0.042,-26.061483,1.9849274,0.6616425,0.24800001,0.0,0.14599755,0.0,0.0,3590400
hardzero_only__c0p58__z1p00__lam0p000__nu0p50__psi0p00,hardzero_only,0.042,50,1122,0.0,7,0.11962283,0.12433654,0.94988585,0.11223135,0.11223135,1.0,0.004713717,0.042,-27.136364,2.0897906,0.69659686,0.192,0.0,0.17205775,0.0,0.0,3593600
hardzero_only__c0p58__z1p00__lam0p000__nu0p50__psi0p00,hardzero_only,0.042,50,1123,0.0,7,0.12433654,0.129539,0.9070402,0.1238682,0.1238682,1.0,0.0052024643,0.042,-26.535196,1.9955282,0.6651761,0.2,0.0,0.15339652,0.0,0.0,3596800
hardzero_only__c0p58__z1p00__lam0p000__nu0p50__psi0p00,hardzero_only,0.042,50,1124,0.0,7,0.129539,0.13487808,0.8957827,0.127121,0.127121,1.0,0.005339082,0.042,-25.528748,1.9707613,0.65692043,0.192,0.0,0.14663538,0.0,0.0,3600000
hardzero_only__c0p58__z1p00__lam0p000__nu0p50__psi0p00,hardzero_only,0.042,50,1125,0.0,7,0.13487808,0.14012025,0.9037382,0.12481358,0.12481358,1.0,0.0052421703,0.042,-25.304451,1.9882637,0.6627546,0.208,0.0,0.15285297,0.0,0.0,3603200
hardzero_only__c0p58__z1p00__lam0p000__nu0p50__psi0p00,hardzero_only,0.042,50,1126,0.0,7,0.14012025,0.14523639,0.9143075,0.12181267,0.12181267,1.0,0.005116132,0.042,-26.479677,2.0115166,0.6705055,0.17600001,0.0,0.14485988,0.0,0.0,3606400
hardzero_only__c0p58__z1p00__lam0p000__nu0p50__psi0p00,hardzero_only,0.042,50,1127,0.0,7,0.14523639,0.15042269,0.9083918,0.12348331,0.12348331,1.0,0.005186299,0.042,-26.50366,1.9985018,0.66616726,0.208,0.0,0.13180624,0.0,0.0,3609600
hardzero_only__c0p58__z1p00__lam0p000__nu0p50__psi0p00,hardzero_only,0.042,50,1128,0.0,7,0.15042269,0.15572195,0.899035,0.12617259,0.12617259,1.0,0.0052992487,0.042,-26.150997,1.9779165,0.6593055,0.2,0.0,0.14944,0.0,0.0,3612800
hardzero_only__c0p58__z1p00__lam0p000__nu0p50__psi0p00,hardzero_only,0.042,50,1129,0.0,7,0.15572195,0.16073178,0.92342645,0.11928163,0.11928163,1.0,0.005009828,0.042,-26.282679,2.0315788,0.6771929,0.18400002,0.0,0.14479788,0.0,0.0,3616000
hardzero_only__c0p58__z1p00__lam0p000__nu0p50__psi0p00,hardzero_only,0.042,50,1130,0.0,7,0.16073178,0.16583094,0.9157505,0.121408604,0.121408604,1.0,0.0050991615,0.042,-25.616833,2.0146914,0.6715638,0.15200001,0.0,0.15713741,0.0,0.0,3619200
hardzero_only__c0p58__z1p00__lam0p000__nu0p50__psi0p00,hardzero_only,0.042,50,1131,0.0,7,0.16583094,0.17080809,0.926269,0.11850345,0.11850345,1.0,0.0049771448,0.042,-26.171814,2.0378325,0.67927754,0.19,0.0,0.13883981,0.0,0.0,3622400
hardzero_only__c0p58__z1p00__lam0p000__nu0p50__psi0p00,hardzero_only,0.042,50,1132,0.0,7,0.17080809,0.17578253,0.92650527,0.11843899,0.11843899,1.0,0.0049744374,0.042,-26.15009,2.0383523,0.67945075,0.17600001,0.0,0.17998633,0.0,0.0,3625600
hardzero_only__c0p58__z1p00__lam0p000__nu0p50__psi0p00,hardzero_only,0.042,50,1133,0.0,7,0.17578253,0.18094496,0.91039485,0.12291505,0.12291505,1.0,0.0051624323,0.042,-25.89245,2.0029087,0.6676363,0.208,0.0,0.14548397,0.0,0.0,3628800
hardzero_only__c0p58__z1p00__lam0p000__nu0p50__psi0p00,hardzero_only,0.042,50,1134,0.0,7,0.18094496,0.18565676,0.9500625,0.11218568,0.11218568,1.0,0.0047117984,0.042,-26.618328,2.0901792,0.69672644,0.216,0.0,0.15631552,0.0,0.0,3632000
hardzero_only__c0p58__z1p00__lam0p000__nu0p50__psi0p00,hardzero_only,0.042,50,1135,0.0,7,0.18565676,0.19051059,0.9371647,0.11556738,0.11556738,1.0,0.0048538297,0.042,-27.160666,2.0618036,0.6872679,0.17600001,0.0,0.15675941,0.0,0.0,3635200
hardzero_only__c0p58__z1p00__lam0p000__nu0p50__psi0p00,hardzero_only,0.042,50,1136,0.0,7,0.19051059,0.19546607,0.92816263,0.11798788,0.11798788,1.0,0.004955491,0.042,-26.841156,2.0419986,0.6806662,0.18400002,0.0,0.16032115,0.0,0.0,3638400
hardzero_only__c0p58__z1p00__lam0p000__nu0p50__psi0p00,hardzero_only,0.042,50,1137,0.0,7,0.19546607,0.20075524,0.8998618,0.1259326,0.1259326,1.0,0.0052891695,0.042,-25.227978,1.9797355,0.6599119,0.120000005,0.0,0.129915,0.0,0.0,3641600
hardzero_only__c0p58__z1p00__lam0p000__nu0p50__psi0p00,hardzero_only,0.042,50,1138,0.0,7,0.20075524,0.20627852,0.88105273,0.13150652,0.13150652,1.0,0.0055232737,0.042,-25.544838,1.9383547,0.6461183,0.264,0.0,0.14151144,0.0,0.0,3644800
hardzero_only__c0p58__z1p00__lam0p000__nu0p50__psi0p00,hardzero_only,0.042,50,1139,0.0,7,0.20627852,0.21167648,0.8910192,0.12852298,0.12852298,1.0,0.005397965,0.042,-24.728567,1.9602814,0.6534271,0.23200001,0.0,0.15450066,0.0,0.0,3648000
hardzero_only__c0p58__z1p00__lam0p000__nu0p50__psi0p00,hardzero_only,0.042,50,1140,0.0,7,0.21167648,0.21658264,0.932507,0.11681348,0.11681348,1.0,0.0049061663,0.042,-26.614231,2.0515563,0.68385214,0.17600001,0.008,0.1708461,0.0,0.0,3651200
hardzero_only__c0p58__z1p00__lam0p000__nu0p50__psi0p00,hardzero_only,0.042,50,1141,0.0,7,0.21658264,0.2219677,0.89205843,0.1282158,0.1282158,1.0,0.0053850636,0.042,-25.088238,1.9625677,0.6541892,0.15200001,0.0,0.13150088,0.0,0.0,3654400
hardzero_only__c0p58__z1p00__lam0p000__nu0p50__psi0p00,hardzero_only,0.042,50,1142,0.0,7,0.2219677,0.2271845,0.90584403,0.12420982,0.12420982,1.0,0.0052168122,0.042,-25.19979,1.9928967,0.6642989,0.16000001,0.0,0.12006376,0.0,0.0,3657600
hardzero_only__c0p58__z1p00__lam0p000__nu0p50__psi0p00,hardzero_only,0.042,50,1143,0.0,7,0.2271845,0.23249644,0.8979967,0.12647457,0.12647457,1.0,0.005311932,0.042,-25.260347,1.9756322,0.65854406,0.16800001,0.0,0.1324013,0.0,0.0,3660800
hardzero_only__c0p58__z1p00__lam0p000__nu0p50__psi0p00,hardzero_only,0.042,50,1144,0.0,7,0.23249644,0.23727696,0.9437752,0.11382164,0.11382164,1.0,0.004780509,0.042,-26.925297,2.0763469,0.69211566,0.17999999,0.0,0.15428528,0.0,0.0,3664000
hardzero_only__c0p58__z1p00__lam0p000__nu0p50__psi0p00,hardzero_only,0.042,50,1145,0.0,7,0.23727696,0.24248332,0.9067144,0.123961136,0.123961136,1.0,0.0052063675,0.042,-24.9412,1.9948114,0.66493714,0.18400002,0.0,0.16058126,0.0,0.0,3667200
hardzero_only__c0p58__z1p00__lam0p000__nu0p50__psi0p00,hardzero_only,0.042,50,1146,0.0,7,0.24248332,0.2471955,0.9500277,0.1121947,0.1121947,1.0,0.0047121774,0.042,-27.052658,2.0901027,0.69670093,0.192,0.0,0.17073569,0.0,0.0,3670400
hardzero_only__c0p58__z1p00__lam0p000__nu0p50__psi0p00,hardzero_only,0.042,50,1147,0.0,7,0.2471955,0.25226814,0.9180151,0.12077718,0.12077718,1.0,0.0050726417,0.042,-26.374725,2.0196736,0.67322457,0.272,0.0,0.1596329,0.0,0.0,3673600
hardzero_only__c0p58__z1p00__lam0p000__nu0p50__psi0p00,hardzero_only,0.042,50,1148,0.0,7,0.25226814,0.25719035,0.93108976,0.1171953,0.1171953,1.0,0.004922203,0.042,-26.253716,2.0484383,0.6828128,0.16800001,0.0,0.13604406,0.0,0.0,3676800
hardzero_only__c0p58__z1p00__lam0p000__nu0p50__psi0p00,hardzero_only,0.042,50,1149,0.0,7,0.25719035,0.2625558,0.89364326,0.12774877,0.12774877,1.0,0.0053654485,0.042,-25.455175,1.9660544,0.6553515,0.28800002,0.0,0.12035889,0.0,0.0,3680000
hardzero_only__c0p58__z1p00__lam0p000__nu0p50__psi0p00,hardzero_only,0.042,50,1150,0.0,7,0.2625558,0.26810762,0.87881523,0.13218577,0.13218577,1.0,0.0055518025,0.042,-25.1482,1.9334321,0.64447737,0.17600001,0.0,0.13822728,0.0,0.0,3683200
hardzero_only__c0p58__z1p00__lam0p000__nu0p50__psi0p00,hardzero_only,0.042,50,1151,0.0,7,0.26810762,0.2735881,0.8844323,0.13048713,0.13048713,1.0,0.0054804594,0.042,-25.167854,1.9457899,0.64859664,0.15200001,0.0,0.14144833,0.0,0.0,3686400
hardzero_only__c0p58__z1p00__lam0p000__nu0p50__psi0p00,hardzero_only,0.042,50,1152,0.0,7,0.2735881,0.27845177,0.93628466,0.1158018,0.1158018,1.0,0.004863675,0.042,-25.998995,2.0598674,0.6866225,0.15200001,0.0,0.13866895,0.0,0.0,3689600
hardzero_only__c0p58__z1p00__lam0p000__nu0p50__psi0p00,hardzero_only,0.042,50,1153,0.0,7,0.27845177,0.2837079,0.90258354,0.12514585,0.12514585,1.0,0.0052561257,0.042,-25.97176,1.9857235,0.66190785,0.16800001,0.0,0.13973607,0.0,0.0,3692800
hardzero_only__c0p58__z1p00__lam0p000__nu0p50__psi0p00,hardzero_only,0.042,50,1154,0.0,7,0.2837079,0.28892308,0.90597737,0.12417169,0.12417169,1.0,0.005215211,0.042,-26.462387,1.99319,0.6643967,0.15200001,0.0,0.16851439,0.0,0.0,3696000
hardzero_only__c0p58__z1p00__lam0p000__nu0p50__psi0p00,hardzero_only,0.042,50,1155,0.0,7,0.28892308,0.29395485,0.92152846,0.11980406,0.11980406,1.0,0.0050317706,0.042,-26.65227,2.027403,0.67580104,0.224,0.0,0.15162726,0.0,0.0,3699200
hardzero_only__c0p58__z1p00__lam0p000__nu0p50__psi0p00,hardzero_only,0.042,50,1156,0.0,7,0.29395485,0.29933664,0.89232326,0.12813763,0.12813763,1.0,0.0053817807,0.042,-25.78331,1.9631504,0.6543835,0.224,0.0,0.1502702,0.0,0.0,3702400
hardzero_only__c0p58__z1p00__lam0p000__nu0p50__psi0p00,hardzero_only,0.042,50,1157,0.0,7,0.29933664,0.30460334,0.9017107,0.12539764,0.12539764,1.0,0.005266701,0.042,-26.552809,1.9838032,0.66126776,0.22999999,0.0,0.15901335,0.0,0.0,3705600
hardzero_only__c0p58__z1p00__lam0p000__nu0p50__psi0p00,hardzero_only,0.042,50,1158,0.0,7,0.30460334,0.30995125,0.8950665,0.12733081,0.12733081,1.0,0.005347894,0.042,-25.693306,1.9691856,0.6563952,0.24000001,0.0,0.15063988,0.0,0.0,3708800
hardzero_only__c0p58__z1p00__lam0p000__nu0p50__psi0p00,hardzero_only,0.042,50,1159,0.0,7,0.30995125,0.31523943,0.8999424,0.12590925,0.12590925,1.0,0.005288189,0.042,-25.095217,1.9799128,0.65997094,0.192,0.0,0.13472931,0.0,0.0,3712000
hardzero_only__c0p58__z1p00__lam0p000__nu0p50__psi0p00,hardzero_only,0.042,50,1160,0.0,7,0.31523943,0.32035124,0.9146752,0.121709585,0.121709585,1.0,0.0051118024,0.042,-25.80224,2.0123255,0.6707752,0.256,0.0,0.13424568,0.0,0.0,3715200
hardzero_only__c0p58__z1p00__lam0p000__nu0p50__psi0p00,hardzero_only,0.042,50,1161,0.0,7,0.32035124,0.32592005,0.87748706,0.13259065,0.13259065,1.0,0.0055688075,0.042,-25.518179,1.93051,0.64350337,0.192,0.0,0.15570603,0.0,0.0,3718400
hardzero_only__c0p58__z1p00__lam0p000__nu0p50__psi0p00,hardzero_only,0.042,50,1162,0.0,7,0.32592005,0.3308489,0.93050325,0.1173537,0.1173537,1.0,0.004928855,0.042,-26.109028,2.047148,0.6823827,0.24800001,0.008,0.14971836,0.0,0.0,3721600
hardzero_only__c0p58__z1p00__lam0p000__nu0p50__psi0p00,hardzero_only,0.042,50,1163,0.0,7,0.3308489,0.33556795,0.9493948,0.11235831,0.11235831,1.0,0.0047190487,0.042,-26.456884,2.0887103,0.6962368,0.136,0.0,0.17431381,0.0,0.0,3724800
hardzero_only__c0p58__z1p00__lam0p000__nu0p50__psi0p00,hardzero_only,0.042,50,1164,0.0,7,0.33556795,0.34043643,0.93585694,0.1159159,0.1159159,1.0,0.004868468,0.042,-25.96926,2.0589263,0.6863088,0.208,0.0,0.14974904,0.0,0.0,3728000
hardzero_only__c0p58__z1p00__lam0p000__nu0p50__psi0p00,hardzero_only,0.042,50,1165,0.0,7,0.34043643,0.34539774,0.92765194,0.11812669,0.11812669,1.0,0.004961321,0.042,-26.348906,2.040875,0.68029165,0.216,0.0,0.13274755,0.0,0.0,3731200
hardzero_only__c0p58__z1p00__lam0p000__nu0p50__psi0p00,hardzero_only,0.042,50,1166,0.0,7,0.34539774,0.35058057,0.9086812,0.123401016,0.123401016,1.0,0.0051828427,0.042,-26.059614,1.9991386,0.6663796,0.296,0.008,0.16506097,0.0,0.0,3734400
hardzero_only__c0p58__z1p00__lam0p000__nu0p50__psi0p00,hardzero_only,0.042,50,1167,0.0,7,0.35058057,0.35544416,0.936293,0.11579958,0.11579958,1.0,0.0048635826,0.042,-26.537022,2.0598857,0.6866286,0.256,0.0,0.1506855,0.0,0.0,3737600
hardzero_only__c0p58__z1p00__lam0p000__nu0p50__psi0p00,hardzero_only,0.042,50,1168,0.0,7,0.35544416,0.36046076,0.9228407,0.11944259,0.11944259,1.0,0.0050165886,0.042,-25.503086,2.0302901,0.6767634,0.17600001,0.0,0.1355011,0.0,0.0,3740800
hardzero_only__c0p58__z1p00__lam0p000__nu0p50__psi0p00,hardzero_only,0.042,50,1169,0.0,7,0.36046076,0.36585352,0.8914385,0.12839895,0.12839895,1.0,0.005392756,0.042,-25.251717,1.9612038,0.6537346,0.216,0.0,0.13820522,0.0,0.0,3744000
hardzero_only__c0p58__z1p00__lam0p000__nu0p50__psi0p00,hardzero_only,0.042,50,1170,0.0,7,0.36585352,0.3708148,0.92765594,0.118125595,0.118125595,1.0,0.004961275,0.042,-26.220636,2.0408838,0.68029463,0.25,0.0,0.15965338,0.0,0.0,3747200
hardzero_only__c0p58__z1p00__lam0p000__nu0p50__psi0p00,hardzero_only,0.042,50,1171,0.0,7,0.3708148,0.3762983,0.8841912,0.13055958,0.13055958,1.0,0.005483502,0.042,-24.64294,1.9452596,0.64841986,0.18400002,0.0,0.12509817,0.0,0.0,3750400
hardzero_only__c0p58__z1p00__lam0p000__nu0p50__psi0p00,hardzero_only,0.042,50,1172,0.0,7,0.3762983,0.38077605,0.9721911,0.10661268,0.10661268,1.0,0.004477733,0.042,-26.958717,2.138863,0.7129544,0.136,0.0,0.14871778,0.0,0.0,3753600
hardzero_only__c0p58__z1p00__lam0p000__nu0p50__psi0p00,hardzero_only,0.042,50,1173,0.0,7,0.38077605,0.3855473,0.9446152,0.113601685,0.113601685,1.0,0.004771271,0.042,-25.735,2.0781949,0.6927316,0.17600001,0.0,0.111477435,0.0,0.0,3756800
hardzero_only__c0p58__z1p00__lam0p000__nu0p50__psi0p00,hardzero_only,0.042,50,1174,0.0,7,0.3855473,0.39133096,0.86104774,0.1377058,0.1377058,1.0,0.0057836436,0.042,-24.875717,1.8943429,0.6314477,0.272,0.0,0.12818927,0.0,0.0,3760000
hardzero_only__c0p58__z1p00__lam0p000__nu0p50__psi0p00,hardzero_only,0.042,50,1175,0.0,7,0.39133096,0.39610657,0.9442207,0.11370493,0.11370493,1.0,0.004775607,0.042,-25.281883,2.077327,0.69244236,0.16800001,0.0,0.14940557,0.0,0.0,3763200
hardzero_only__c0p58__z1p00__lam0p000__nu0p50__psi0p00,hardzero_only,0.042,50,1176,0.0,7,0.39610657,0.40142584,0.8973962,0.12664959,0.12664959,1.0,0.0053192824,0.042,-25.36766,1.9743111,0.6581037,0.17600001,0.0,0.13691857,0.0,0.0,3766400
hardzero_only__c0p58__z1p00__lam0p000__nu0p50__psi0p00,hardzero_only,0.042,50,1177,0.0,7,0.40142584,0.4063048,0.9349222,0.116165645,0.116165645,1.0,0.004878957,0.042,-26.02892,2.05687,0.68562335,0.18400002,0.0,0.13036408,0.0,0.0,3769600
hardzero_only__c0p58__z1p00__lam0p000__nu0p50__psi0p00,hardzero_only,0.042,50,1178,0.0,7,0.4063048,0.4114004,0.9160533,0.121323995,0.121323995,1.0,0.0050956076,0.042,-26.550993,2.0153575,0.67178583,0.14400001,0.0,0.15476835,0.0,0.0,3772800
hardzero_only__c0p58__z1p00__lam0p000__nu0p50__psi0p00,hardzero_only,0.042,50,1179,0.0,7,0.4114004,0.4162939,0.9336314,0.11651145,0.11651145,1.0,0.004893481,0.042,-26.561014,2.0540302,0.68467677,0.18400002,0.0,0.17756635,0.0,0.0,3776000
hardzero_only__c0p58__z1p00__lam0p000__nu0p50__psi0p00,hardzero_only,0.042,50,1180,0.0,7,0.4162939,0.42119047,0.9333552,0.11658555,0.11658555,1.0,0.0048965933,0.042,-26.23381,2.0534225,0.6844742,0.224,0.0,0.1294791,0.0,0.0,3779200
hardzero_only__c0p58__z1p00__lam0p000__nu0p50__psi0p00,hardzero_only,0.042,50,1181,0.0,7,0.42119047,0.42644468,0.90274304,0.1250999,0.1250999,1.0,0.0052541955,0.042,-26.470783,1.9860743,0.6620248,0.216,0.0,0.1483305,0.0,0.0,3782400
hardzero_only__c0p58__z1p00__lam0p000__nu0p50__psi0p00,hardzero_only,0.042,50,1182,0.0,7,0.42644468,0.4312076,0.9453771,0.11340257,0.11340257,1.0,0.004762908,0.042,-26.198956,2.0798712,0.6932904,0.14400001,0.0,0.12561189,0.0,0.0,3785600
hardzero_only__c0p58__z1p00__lam0p000__nu0p50__psi0p00,hardzero_only,0.042,50,1183,0.0,7,0.4312076,0.4364359,0.90488714,0.12448379,0.12448379,1.0,0.0052283187,0.042,-24.80359,1.9907914,0.66359717,0.22999999,0.0,0.13426925,0.0,0.0,3788800
hardzero_only__c0p58__z1p00__lam0p000__nu0p50__psi0p00,hardzero_only,0.042,50,1184,0.0,7,0.4364359,0.4417828,0.89514804,0.1273069,0.1273069,1.0,0.0053468896,0.042,-25.154345,1.969365,0.65645504,0.15200001,0.0,0.13080305,0.0,0.0,3792000
hardzero_only__c0p58__z1p00__lam0p000__nu0p50__psi0p00,hardzero_only,0.042,50,1185,0.0,7,0.4417828,0.44736093,0.8767613,0.13281241,0.13281241,1.0,0.005578121,0.042,-25.790771,1.9289134,0.64297116,0.264,0.0,0.1474104,0.0,0.0,3795200
hardzero_only__c0p58__z1p00__lam0p000__nu0p50__psi0p00,hardzero_only,0.042,50,1186,0.0,7,0.44736093,0.45234612,0.9255686,0.11869471,0.11869471,1.0,0.004985178,0.042,-26.119474,2.0362916,0.67876387,0.17600001,0.0,0.14702632,0.0,0.0,3798400
hardzero_only__c0p58__z1p00__lam0p000__nu0p50__psi0p00,hardzero_only,0.042,50,1187,0.0,7,0.45234612,0.45742077,0.91784316,0.120825015,0.120825015,1.0,0.0050746505,0.042,-26.473724,2.0192952,0.67309844,0.2,0.0,0.15592675,0.0,0.0,3801600
hardzero_only__c0p58__z1p00__lam0p000__nu0p50__psi0p00,hardzero_only,0.042,50,1188,0.0,7,0.45742077,0.4620529,0.95746696,0.1102892,0.1102892,1.0,0.0046321466,0.042,-26.485619,2.1064694,0.7021565,0.2,0.0,0.13666533,0.0,0.0,3804800
hardzero_only__c0p58__z1p00__lam0p000__nu0p50__psi0p00,hardzero_only,0.042,50,1189,0.0,7,0.4620529,0.46751577,0.88582915,0.13006812,0.13006812,1.0,0.005462861,0.042,-25.409063,1.948863,0.649621,0.16800001,0.0,0.14086026,0.0,0.0,3808000
hardzero_only__c0p58__z1p00__lam0p000__nu0p50__psi0p00,hardzero_only,0.042,50,1190,0.0,7,0.46751577,0.47238863,0.9354645,0.116020694,0.116020694,1.0,0.0048728692,0.042,-26.459173,2.058063,0.68602103,0.24800001,0.0,0.18035983,0.0,0.0,3811200
hardzero_only__c0p58__z1p00__lam0p000__nu0p50__psi0p00,hardzero_only,0.042,50,1191,0.0,7,0.47238863,0.4774041,0.9229379,0.11941589,0.11941589,1.0,0.0050154673,0.042,-26.247408,2.030504,0.6768347,0.18400002,0.0,0.16957664,0.0,0.0,3814400
hardzero_only__c0p58__z1p00__lam0p000__nu0p50__psi0p00,hardzero_only,0.042,50,1192,0.0,7,0.4774041,0.48292345,0.881361,0.1314132,0.1314132,1.0,0.0055193547,0.042,-25.687109,1.9390329,0.6463443,0.24800001,0.0,0.14350629,0.0,0.0,3817600
hardzero_only__c0p58__z1p00__lam0p000__nu0p50__psi0p00,hardzero_only,0.042,50,1193,0.0,7,0.48292345,0.48791823,0.92473394,0.118923046,0.118923046,1.0,0.0049947677,0.042,-25.586794,2.0344553,0.6781518,0.18400002,0.0,0.12607306,0.0,0.0,3820800
hardzero_only__c0p58__z1p00__lam0p000__nu0p50__psi0p00,hardzero_only,0.042,50,1194,0.0,7,0.48791823,0.49308783,0.90979254,0.12308564,0.12308564,1.0,0.005169597,0.042,-26.065079,2.0015836,0.66719455,0.192,0.0,0.15520877,0.0,0.0,3824000
hardzero_only__c0p58__z1p00__lam0p000__nu0p50__psi0p00,hardzero_only,0.042,50,1195,0.0,7,0.49308783,0.4979314,0.9380853,0.115322664,0.115322664,1.0,0.0048435517,0.042,-27.139725,2.063829,0.687943,0.224,0.0,0.1950682,0.0,0.0,3827200
hardzero_only__c0p58__z1p00__lam0p000__nu0p50__psi0p00,hardzero_only,0.042,50,1196,0.0,7,0.4979314,0.50314295,0.90628237,0.12408453,0.12408453,1.0,0.0052115503,0.042,-25.834692,1.9938611,0.6646204,0.17999999,0.0,0.13407964,0.0,0.0,3830400
hardzero_only__c0p58__z1p00__lam0p000__nu0p50__psi0p00,hardzero_only,0.042,50,1197,0.0,7,0.50314295,0.5081485,0.92379653,0.11918001,0.11918001,1.0,0.0050055603,0.042,-25.933353,2.032393,0.67746437,0.2,0.0,0.12866494,0.0,0.0,3833600
hardzero_only__c0p58__z1p00__lam0p000__nu0p50__psi0p00,hardzero_only,0.042,50,1198,0.0,7,0.5081485,0.5135976,0.88692385,0.12974067,0.12974067,1.0,0.005449108,0.042,-25.015656,1.9512714,0.6504238,0.208,0.0,0.13869709,0.0,0.0,3836800
hardzero_only__c0p58__z1p00__lam0p000__nu0p50__psi0p00,hardzero_only,0.042,50,1199,0.0,7,0.5135976,0.51914394,0.8792428,0.13205571,0.13205571,1.0,0.00554634,0.042,-25.08808,1.9343728,0.64479095,0.2,0.0,0.13811173,0.0,0.0,3840000
hardzero_only__c0p58__z1p00__lam0p000__nu0p50__psi0p00,hardzero_only,0.042,50,1200,0.0,7,0.51914394,0.5242429,0.91577065,0.12140296,0.12140296,1.0,0.005098924,0.042,-25.837729,2.0147357,0.6715786,0.16800001,0.0,0.13580535,0.0,0.0,3843200
hardzero_only__c0p58__z1p00__lam0p000__nu0p50__psi0p00,hardzero_only,0.042,50,1201,0.0,7,0.5242429,0.52929604,0.9196845,0.12031381,0.12031381,1.0,0.00505318,0.042,-25.234135,2.0233464,0.67444885,0.16000001,0.0,0.1329241,0.0,0.0,3846400
hardzero_only__c0p58__z1p00__lam0p000__nu0p50__psi0p00,hardzero_only,0.042,50,1202,0.0,7,0.52929604,0.5349286,0.87254417,0.13410836,0.13410836,1.0,0.0056325514,0.042,-26.100588,1.9196355,0.6398785,0.24800001,0.0,0.16399182,0.0,0.0,3849600
hardzero_only__c0p58__z1p00__lam0p000__nu0p50__psi0p00,hardzero_only,0.042,50,1203,0.0,7,0.5349286,0.5402284,0.89899075,0.12618543,0.12618543,1.0,0.005299788,0.042,-25.482485,1.9778192,0.6592731,0.18400002,0.0,0.14819779,0.0,0.0,3852800
hardzero_only__c0p58__z1p00__lam0p000__nu0p50__psi0p00,hardzero_only,0.042,50,1204,0.0,7,0.5402284,0.54498684,0.9457856,0.11329596,0.11329596,1.0,0.00475843,0.042,-25.823896,2.0807698,0.6935899,0.208,0.0,0.1255554,0.0,0.0,3856000
hardzero_only__c0p58__z1p00__lam0p000__nu0p50__psi0p00,hardzero_only,0.042,50,1205,0.0,7,0.54498684,0.549956,0.92696583,0.118313454,0.118313454,1.0,0.004969165,0.042,-25.819675,2.0393655,0.67978853,0.14400001,0.0,0.1469339,0.0,0.0,3859200
hardzero_only__c0p58__z1p00__lam0p000__nu0p50__psi0p00,hardzero_only,0.042,50,1206,0.0,7,0.549956,0.5553554,0.8909017,0.12855776,0.12855776,1.0,0.0053994255,0.042,-26.002048,1.9600228,0.65334094,0.18400002,0.0,0.15980092,0.0,0.0,3862400
hardzero_only__c0p58__z1p00__lam0p000__nu0p50__psi0p00,hardzero_only,0.042,50,1207,0.0,7,0.5553554,0.5607329,0.89267,0.1280354,0.1280354,1.0,0.0053774863,0.042,-25.179874,1.9639132,0.65463775,0.224,0.0,0.14478491,0.0,0.0,3865600
hardzero_only__c0p58__z1p00__lam0p000__nu0p50__psi0p00,hardzero_only,0.042,50,1208,0.0,7,0.5607329,0.5660562,0.89706945,0.12674491,0.12674491,1.0,0.005323286,0.042,-26.621988,1.9735922,0.6578641,0.224,0.0,0.16874473,0.0,0.0,3868800
hardzero_only__c0p58__z1p00__lam0p000__nu0p50__psi0p00,hardzero_only,0.042,50,1209,0.0,7,0.5660562,0.57165956,0.87480146,0.1334131,0.1334131,1.0,0.0056033502,0.042,-24.683546,1.9246017,0.6415339,0.21,0.0,0.13200688,0.0,0.0,3872000
hardzero_only__c0p58__z1p00__lam0p000__nu0p50__psi0p00,hardzero_only,0.042,50,1210,0.0,7,0.57165956,0.57165956,1.0016209,0.0,0.09962747,0.0,0.0,0.042,-26.823172,2.20361,0.73453665,0.192,0.0,0.15334648,0.0,0.0,3875200
hardzero_only__c0p58__z1p00__lam0p000__nu0p50__psi0p00,hardzero_only,0.042,50,1211,0.0,7,0.57165956,0.577349,0.86817956,0.13546292,0.13546292,1.0,0.0056894426,0.042,-24.995768,1.9100332,0.63667774,0.2,0.0,0.12713367,0.0,0.0,3878400
hardzero_only__c0p58__z1p00__lam0p000__nu0p50__psi0p00,hardzero_only,0.042,50,1212,0.0,7,0.577349,0.5826362,0.90002745,0.12588459,0.12588459,1.0,0.0052871527,0.042,-26.345457,1.9800999,0.66003335,0.2,0.0,0.14775017,0.0,0.0,3881600
hardzero_only__c0p58__z1p00__lam0p000__nu0p50__psi0p00,hardzero_only,0.042,50,1213,1.0,8,0.5826362,0.007872121,0.9042557,0.12466494,0.12466494,1.0,0.005235927,0.042,-25.632313,1.9894023,0.6631341,0.17600001,0.0,0.12973028,0.0,0.0,3884800
hardzero_only__c0p58__z1p00__lam0p000__nu0p50__psi0p00,hardzero_only,0.042,50,1214,0.0,8,0.007872121,0.013147968,0.90095717,0.12561539,0.12561539,1.0,0.0052758465,0.042,-25.65472,1.9821453,0.6607151,0.216,0.0,0.15749232,0.0,0.0,3888000
hardzero_only__c0p58__z1p00__lam0p000__nu0p50__psi0p00,hardzero_only,0.042,50,1215,0.0,8,0.013147968,0.018111173,0.92748696,0.11817157,0.11817157,1.0,0.004963206,0.042,-26.572432,2.040512,0.6801707,0.208,0.0,0.16694088,0.0,0.0,3891200
hardzero_only__c0p58__z1p00__lam0p000__nu0p50__psi0p00,hardzero_only,0.042,50,1216,0.0,8,0.018111173,0.023410764,0.8990071,0.12618071,0.12618071,1.0,0.0052995896,0.042,-25.31137,1.9778551,0.65928507,0.2,0.0,0.15244794,0.0,0.0,3894400
hardzero_only__c0p58__z1p00__lam0p000__nu0p50__psi0p00,hardzero_only,0.042,50,1217,0.0,8,0.023410764,0.028608717,0.9074169,0.123760805,0.123760805,1.0,0.005197954,0.042,-26.128506,1.996357,0.66545236,0.2,0.0,0.18458694,0.0,0.0,3897600
hardzero_only__c0p58__z1p00__lam0p000__nu0p50__psi0p00,hardzero_only,0.042,50,1218,0.0,8,0.028608717,0.03357798,0.9269576,0.11831571,0.11831571,1.0,0.0049692597,0.042,-26.981762,2.0393474,0.6797825,0.208,0.0,0.1664531,0.0,0.0,3900800
hardzero_only__c0p58__z1p00__lam0p000__nu0p50__psi0p00,hardzero_only,0.042,50,1219,0.0,8,0.03357798,0.039479584,0.8522791,0.1405144,0.1405144,1.0,0.005901605,0.042,-25.130373,1.8750515,0.62501717,0.216,0.0,0.14720847,0.0,0.0,3904000
hardzero_only__c0p58__z1p00__lam0p000__nu0p50__psi0p00,hardzero_only,0.042,50,1220,0.0,8,0.039479584,0.0450918,0.8741148,0.13362423,0.13362423,1.0,0.0056122174,0.042,-24.95567,1.9230909,0.6410303,0.23200001,0.0,0.14257424,0.0,0.0,3907200
hardzero_only__c0p58__z1p00__lam0p000__nu0p50__psi0p00,hardzero_only,0.042,50,1221,0.0,8,0.0450918,0.04965594,0.9638904,0.108669974,0.108669974,1.0,0.004564139,0.042,-26.510038,2.1206012,0.7068671,0.16800001,0.0,0.16840695,0.0,0.0,3910400
hardzero_only__c0p58__z1p00__lam0p000__nu0p50__psi0p00,hardzero_only,0.042,50,1222,0.0,8,0.04965594,0.05416435,0.96922594,0.107343085,0.107343085,1.0,0.0045084096,0.042,-26.58682,2.1323397,0.7107799,0.19,0.0,0.15144838,0.0,0.0,3913600
hardzero_only__c0p58__z1p00__lam0p000__nu0p50__psi0p00,hardzero_only,0.042,50,1223,0.0,8,0.05416435,0.059401695,0.904138,0.124698706,0.124698706,1.0,0.0052373456,0.042,-25.96485,1.9891434,0.6630478,0.192,0.0,0.16285452,0.0,0.0,3916800
hardzero_only__c0p58__z1p00__lam0p000__nu0p50__psi0p00,hardzero_only,0.042,50,1224,0.0,8,0.059401695,0.064174645,0.94446224,0.113641694,0.113641694,1.0,0.004772951,0.042,-26.104418,2.0778584,0.6926195,0.17600001,0.0,0.15857877,0.0,0.0,3920000
hardzero_only__c0p58__z1p00__lam0p000__nu0p50__psi0p00,hardzero_only,0.042,50,1225,0.0,8,0.064174645,0.06954098,0.8935715,0.12776989,0.12776989,1.0,0.005366335,0.042,-25.014994,1.9658966,0.6552989,0.128,0.0,0.13961723,0.0,0.0,3923200
hardzero_only__c0p58__z1p00__lam0p000__nu0p50__psi0p00,hardzero_only,0.042,50,1226,0.0,8,0.06954098,0.074885234,0.8953622,0.12724414,0.12724414,1.0,0.005344254,0.042,-25.528008,1.9698361,0.65661204,0.23200001,0.0,0.14446299,0.0,0.0,3926400
hardzero_only__c0p58__z1p00__lam0p000__nu0p50__psi0p00,hardzero_only,0.042,50,1227,0.0,8,0.074885234,0.08034499,0.88607633,0.1299941,0.1299941,1.0,0.005459752,0.042,-25.553757,1.9494069,0.6498023,0.216,0.0,0.1564014,0.0,0.0,3929600
hardzero_only__c0p58__z1p00__lam0p000__nu0p50__psi0p00,hardzero_only,0.042,50,1228,0.0,8,0.08034499,0.08554155,0.9075335,0.12372755,0.12372755,1.0,0.005196557,0.042,-26.039831,1.9966136,0.6655379,0.24000001,0.0,0.15673961,0.0,0.0,3932800
hardzero_only__c0p58__z1p00__lam0p000__nu0p50__psi0p00,hardzero_only,0.042,50,1229,0.0,8,0.08554155,0.09073559,0.9077436,0.12366774,0.12366774,1.0,0.005194045,0.042,-25.343464,1.9970758,0.665692,0.15200001,0.0,0.13487945,0.0,0.0,3936000
hardzero_only__c0p58__z1p00__lam0p000__nu0p50__psi0p00,hardzero_only,0.042,50,1230,0.0,8,0.09073559,0.096284576,0.8790357,0.1321187,0.1321187,1.0,0.005548985,0.042,-25.28328,1.9339172,0.6446391,0.32000002,0.0,0.14405502,0.0,0.0,3939200
hardzero_only__c0p58__z1p00__lam0p000__nu0p50__psi0p00,hardzero_only,0.042,50,1231,0.0,8,0.096284576,0.1013468,0.91890776,0.12052919,0.12052919,1.0,0.0050622257,0.042,-26.022268,2.0216374,0.67387915,0.14400001,0.0,0.1462686,0.0,0.0,3942400
hardzero_only__c0p58__z1p00__lam0p000__nu0p50__psi0p00,hardzero_only,0.042,50,1232,0.0,8,0.1013468,0.1071391,0.8603979,0.13791202,0.13791202,1.0,0.005792305,0.042,-25.597893,1.8929131,0.6309711,0.23200001,0.0,0.14496282,0.0,0.0,3945600
hardzero_only__c0p58__z1p00__lam0p000__nu0p50__psi0p00,hardzero_only,0.042,50,1233,0.0,8,0.1071391,0.111985475,0.9378327,0.115389764,0.115389764,1.0,0.00484637,0.042,-26.46659,2.0632732,0.68775773,0.14400001,0.0,0.16103794,0.0,0.0,3948800
hardzero_only__c0p58__z1p00__lam0p000__nu0p50__psi0p00,hardzero_only,0.042,50,1234,0.0,8,0.111985475,0.11692506,0.9295589,0.11760914,0.11760914,1.0,0.004939584,0.042,-26.52747,2.0450704,0.68169016,0.18400002,0.0,0.15693013,0.0,0.0,3952000
hardzero_only__c0p58__z1p00__lam0p000__nu0p50__psi0p00,hardzero_only,0.042,50,1235,0.0,8,0.11692506,0.12145608,0.9670532,0.107881464,0.107881464,1.0,0.004531021,0.042,-26.605556,2.1275594,0.7091865,0.14999999,0.0,0.1735789,0.0,0.0,3955200
hardzero_only__c0p58__z1p00__lam0p000__nu0p50__psi0p00,hardzero_only,0.042,50,1236,0.0,8,0.12145608,0.12726133,0.8594283,0.13822027,0.13822027,1.0,0.005805251,0.042,-24.799974,1.89078,0.63026,0.224,0.0,0.13547774,0.0,0.0,3958400
hardzero_only__c0p58__z1p00__lam0p000__nu0p50__psi0p00,hardzero_only,0.042,50,1237,0.0,8,0.12726133,0.13247097,0.90644205,0.12403892,0.12403892,1.0,0.0052096345,0.042,-25.91992,1.9942123,0.66473746,0.16000001,0.0,0.16535103,0.0,0.0,3961600
hardzero_only__c0p58__z1p00__lam0p000__nu0p50__psi0p00,hardzero_only,0.042,50,1238,0.0,8,0.13247097,0.13782579,0.8945041,0.1274958,0.1274958,1.0,0.0053548235,0.042,-25.94009,1.9679482,0.65598273,0.192,0.0,0.15872923,0.0,0.0,3964800
hardzero_only__c0p58__z1p00__lam0p000__nu0p50__psi0p00,hardzero_only,0.042,50,1239,0.0,8,0.13782579,0.14313547,0.8981802,0.12642115,0.12642115,1.0,0.0053096884,0.042,-25.960516,1.9760358,0.65867865,0.16800001,0.0,0.1281068,0.0,0.0,3968000
hardzero_only__c0p58__z1p00__lam0p000__nu0p50__psi0p00,hardzero_only,0.042,50,1240,0.0,8,0.14313547,0.14856395,0.8885711,0.12924951,0.12924951,1.0,0.0054284795,0.042,-25.523851,1.9548954,0.65163183,0.216,0.0,0.16255519,0.0,0.0,3971200
hardzero_only__c0p58__z1p00__lam0p000__nu0p50__psi0p00,hardzero_only,0.042,50,1241,0.0,8,0.14856395,0.15434171,0.86148924,0.13756588,0.13756588,1.0,0.005777767,0.042,-24.91726,1.8953142,0.63177145,0.224,0.0,0.16381878,0.0,0.0,3974400
hardzero_only__c0p58__z1p00__lam0p000__nu0p50__psi0p00,hardzero_only,0.042,50,1242,0.0,8,0.15434171,0.15969346,0.89475346,0.12742262,0.12742262,1.0,0.0053517497,0.042,-25.590668,1.9684969,0.65616566,0.23200001,0.0,0.15826371,0.0,0.0,3977600
hardzero_only__c0p58__z1p00__lam0p000__nu0p50__psi0p00,hardzero_only,0.042,50,1243,0.0,8,0.15969346,0.1652901,0.87532246,0.13325317,0.13325317,1.0,0.005596633,0.042,-24.857569,1.9257479,0.641916,0.30400002,0.0,0.15566753,0.0,0.0,3980800
hardzero_only__c0p58__z1p00__lam0p000__nu0p50__psi0p00,hardzero_only,0.042,50,1244,0.0,8,0.1652901,0.17045541,0.91015255,0.12298365,0.12298365,1.0,0.0051653134,0.042,-26.535185,2.0023756,0.66745853,0.192,0.0,0.15504494,0.0,0.0,3984000
hardzero_only__c0p58__z1p00__lam0p000__nu0p50__psi0p00,hardzero_only,0.042,50,1245,0.0,8,0.17045541,0.17541455,0.92784375,0.11807452,0.11807452,1.0,0.0049591297,0.042,-25.894075,2.041297,0.6804323,0.128,0.0,0.15191741,0.0,0.0,3987200
hardzero_only__c0p58__z1p00__lam0p000__nu0p50__psi0p00,hardzero_only,0.042,50,1246,0.0,8,0.17541455,0.18085079,0.88795,0.12943448,0.12943448,1.0,0.005436248,0.042,-25.272497,1.953529,0.65117633,0.224,0.0,0.14934085,0.0,0.0,3990400
hardzero_only__c0p58__z1p00__lam0p000__nu0p50__psi0p00,hardzero_only,0.042,50,1247,0.0,8,0.18085079,0.18549103,0.9567093,0.11048177,0.11048177,1.0,0.004640234,0.042,-26.57562,2.1048026,0.7016009,0.192,0.0,0.16999823,0.0,0.0,3993600
hardzero_only__c0p58__z1p00__lam0p000__nu0p50__psi0p00,hardzero_only,0.042,50,1248,0.0,8,0.18549103,0.19055185,0.9190286,0.12049566,0.12049566,1.0,0.0050608176,0.042,-26.64115,2.0219033,0.6739678,0.24,0.0,0.15616041,0.0,0.0,3996800
hardzero_only__c0p58__z1p00__lam0p000__nu0p50__psi0p00,hardzero_only,0.042,50,1249,0.0,8,0.19055185,0.19609264,0.87967825,0.13192336,0.13192336,1.0,0.005540781,0.042,-26.025692,1.9353307,0.64511025,0.24000001,0.0,0.15093814,0.0,0.0,4000000
