mechanism_tag,alpha,family,seed,update,update_u,update_counter,energy_E_pre,energy_E_post,energy_E_raw,funding_z,funding_g,funding_g_raw,funding_cut_active,funding_income,funding_alpha_eff,support_s,debt_charge,debt_level_pre,debt_level_post,episode_return_end_mean,terminal_min_dists_end_mean,terminal_dbar_end,terminal_occupied_end_mean,terminal_CSR_train,vartd_VarTD,depr_F,depr_F_post
hardzero_only__c0p58__z1p00__lam0p000__nu0p50__psi0p00,0.093,borrow,47,0,1.0,1,1.0,0.4295179,0.4295179,0.98994327,0.10234266,0.10234266,1.0,0.009517867,0.093,0.0,0.0,0.0,0.0,-26.397152,2.1779187,0.7259729,0.19,0.0,0.1483468,0.0,0.0
hardzero_only__c0p58__z1p00__lam0p000__nu0p50__psi0p00,0.093,borrow,47,1,1.0,2,0.4295179,-0.15048209,-0.15048209,1.0298421,0.0,0.09335934,0.0,0.0,0.093,0.0,0.0,0.0,0.15048209,-27.071619,2.265698,0.7552327,0.17600001,0.0,0.16381386,0.0,0.0
hardzero_only__c0p58__z1p00__lam0p000__nu0p50__psi0p00,0.093,borrow,47,2,0.0,2,-0.15048209,-0.15349174,-0.15349174,1.0629233,0.0,0.08651207,0.0,0.0,0.093,0.0,0.0030096418,0.15048209,0.15349174,-28.577482,2.338478,0.77949274,0.208,0.0,0.1865244,0.0,0.0
hardzero_only__c0p58__z1p00__lam0p000__nu0p50__psi0p00,0.093,borrow,47,3,0.0,2,-0.15349174,-0.15656157,-0.15656157,1.0317088,0.0,0.09295893,0.0,0.0,0.093,0.0,0.0030698346,0.15349174,0.15656157,-26.989973,2.2698047,0.7566016,0.16000001,0.0,0.14084531,0.0,0.0
hardzero_only__c0p58__z1p00__lam0p000__nu0p50__psi0p00,0.093,borrow,47,4,0.0,2,-0.15656157,-0.1493367,-0.1493367,0.9532868,0.111355886,0.111355886,1.0,0.0103560975,0.093,0.0,0.0031312313,0.15656157,0.1493367,-25.906551,2.0972729,0.69909096,0.24800001,0.0,0.15119742,0.0,0.0
hardzero_only__c0p58__z1p00__lam0p000__nu0p50__psi0p00,0.093,borrow,47,5,0.0,2,-0.1493367,-0.14302331,-0.14302331,0.9999949,0.10000119,0.10000119,1.0,0.009300111,0.093,0.0,0.0029867338,0.1493367,0.14302331,-27.185652,2.2000327,0.73334426,0.16000001,0.0,0.14636323,0.0,0.0
hardzero_only__c0p58__z1p00__lam0p000__nu0p50__psi0p00,0.093,borrow,47,6,0.0,2,-0.14302331,-0.13635972,-0.13635972,0.989661,0.10240922,0.10240922,1.0,0.009524058,0.093,0.0,0.0028604663,0.14302331,0.13635972,-26.051176,2.1772976,0.7257659,0.208,0.0,0.15087524,0.0,0.0
hardzero_only__c0p58__z1p00__lam0p000__nu0p50__psi0p00,0.093,borrow,47,7,0.0,2,-0.13635972,-0.13908692,-0.13908692,1.0400954,0.0,0.09118105,0.0,0.0,0.093,0.0,0.0027271945,0.13635972,0.13908692,-27.151619,2.2882557,0.76275194,0.15200001,0.0,0.15714023,0.0,0.0
hardzero_only__c0p58__z1p00__lam0p000__nu0p50__psi0p00,0.093,borrow,47,8,0.0,2,-0.13908692,-0.14186865,-0.14186865,1.0175257,0.0,0.09604491,0.0,0.0,0.093,0.0,0.0027817383,0.13908692,0.14186865,-26.624302,2.2386012,0.74620044,0.18400002,0.0,0.13846292,0.0,0.0
hardzero_only__c0p58__z1p00__lam0p000__nu0p50__psi0p00,0.093,borrow,47,9,0.0,2,-0.14186865,-0.14470603,-0.14470603,1.0012412,0.0,0.09971461,0.0,0.0,0.093,0.0,0.002837373,0.14186865,0.14470603,-26.549845,2.2027745,0.7342582,0.18400002,0.0,0.14297839,0.0,0.0
hardzero_only__c0p58__z1p00__lam0p000__nu0p50__psi0p00,0.093,borrow,47,10,0.0,2,-0.14470603,-0.14760014,-0.14760014,1.0375396,0.0,0.091719225,0.0,0.0,0.093,0.0,0.0028941205,0.14470603,0.14760014,-27.163715,2.2826328,0.7608776,0.16800001,0.008,0.15756816,0.0,0.0
hardzero_only__c0p58__z1p00__lam0p000__nu0p50__psi0p00,0.093,borrow,47,11,0.0,2,-0.14760014,-0.14068498,-0.14068498,0.9742901,0.10609867,0.10609867,1.0,0.009867176,0.093,0.0,0.002952003,0.14760014,0.14068498,-26.415619,2.143481,0.7144937,0.18400002,0.0,0.15833643,0.0,0.0
hardzero_only__c0p58__z1p00__lam0p000__nu0p50__psi0p00,0.093,borrow,47,12,0.0,2,-0.14068498,-0.14349867,-0.14349867,1.0075679,0.0,0.09827251,0.0,0.0,0.093,0.0,0.0028136994,0.14068498,0.14349867,-27.041348,2.2166936,0.7388979,0.15200001,0.0,0.1661321,0.0,0.0
hardzero_only__c0p58__z1p00__lam0p000__nu0p50__psi0p00,0.093,borrow,47,13,0.0,2,-0.14349867,-0.14636865,-0.14636865,1.0131754,0.0,0.09701182,0.0,0.0,0.093,0.0,0.0028699734,0.14349867,0.14636865,-26.983027,2.2290304,0.74301016,0.22999999,0.0,0.14455837,0.0,0.0
hardzero_only__c0p58__z1p00__lam0p000__nu0p50__psi0p00,0.093,borrow,47,14,0.0,2,-0.14636865,-0.14929603,-0.14929603,1.0259271,0.0,0.094204776,0.0,0.0,0.093,0.0,0.002927373,0.14636865,0.14929603,-27.156744,2.2570846,0.75236154,0.14400001,0.0,0.17543721,0.0,0.0
hardzero_only__c0p58__z1p00__lam0p000__nu0p50__psi0p00,0.093,borrow,47,15,0.0,2,-0.14929603,-0.15228195,-0.15228195,1.015145,0.0,0.096572846,0.0,0.0,0.093,0.0,0.0029859205,0.14929603,0.15228195,-27.21495,2.2333634,0.7444545,0.16800001,0.0,0.15480997,0.0,0.0
hardzero_only__c0p58__z1p00__lam0p000__nu0p50__psi0p00,0.093,borrow,47,16,0.0,2,-0.15228195,-0.14553973,-0.14553973,0.9777953,0.10524577,0.10524577,1.0,0.009787857,0.093,0.0,0.003045639,0.15228195,0.14553973,-26.797146,2.1511927,0.71706426,0.17600001,0.0,0.14452985,0.0,0.0
hardzero_only__c0p58__z1p00__lam0p000__nu0p50__psi0p00,0.093,borrow,47,17,0.0,2,-0.14553973,-0.14845052,-0.14845052,1.0301427,0.0,0.09329478,0.0,0.0,0.093,0.0,0.0029107945,0.14553973,0.14845052,-27.328306,2.266359,0.75545305,0.120000005,0.0,0.14189735,0.0,0.0
hardzero_only__c0p58__z1p00__lam0p000__nu0p50__psi0p00,0.093,borrow,47,18,0.0,2,-0.14845052,-0.14122735,-0.14122735,0.96021545,0.109593436,0.109593436,1.0,0.010192189,0.093,0.0,0.0029690105,0.14845052,0.14122735,-25.472462,2.1125162,0.7041721,0.18400002,0.0,0.14485352,0.0,0.0
hardzero_only__c0p58__z1p00__lam0p000__nu0p50__psi0p00,0.093,borrow,47,19,0.0,2,-0.14122735,-0.1440519,-0.1440519,1.0316342,0.0,0.092974916,0.0,0.0,0.093,0.0,0.002824547,0.14122735,0.1440519,-27.346945,2.2696407,0.7565469,0.15200001,0.0,0.16367434,0.0,0.0
hardzero_only__c0p58__z1p00__lam0p000__nu0p50__psi0p00,0.093,borrow,47,20,0.0,2,-0.1440519,-0.14693293,-0.14693293,1.061435,0.0,0.08680905,0.0,0.0,0.093,0.0,0.0028810378,0.1440519,0.14693293,-27.73035,2.3352036,0.77840126,0.17600001,0.0,0.16657662,0.0,0.0
hardzero_only__c0p58__z1p00__lam0p000__nu0p50__psi0p00,0.093,borrow,47,21,0.0,2,-0.14693293,-0.14987159,-0.14987159,1.0229406,0.0,0.0948548,0.0,0.0,0.093,0.0,0.0029386585,0.14693293,0.14987159,-26.583357,2.2505143,0.7501714,0.096,0.0,0.13634865,0.0,0.0
hardzero_only__c0p58__z1p00__lam0p000__nu0p50__psi0p00,0.093,borrow,47,22,0.0,2,-0.14987159,-0.1433192,-0.1433192,0.9884883,0.10268611,0.10268611,1.0,0.009549808,0.093,0.0,0.0029974317,0.14987159,0.1433192,-26.79826,2.1747177,0.7249059,0.18400002,0.0,0.13308638,0.0,0.0
hardzero_only__c0p58__z1p00__lam0p000__nu0p50__psi0p00,0.093,borrow,47,23,0.0,2,-0.1433192,-0.14618559,-0.14618559,1.033214,0.0,0.09263732,0.0,0.0,0.093,0.0,0.002866384,0.1433192,0.14618559,-26.620901,2.273116,0.7577054,0.128,0.0,0.1751016,0.0,0.0
hardzero_only__c0p58__z1p00__lam0p000__nu0p50__psi0p00,0.093,borrow,47,24,0.0,2,-0.14618559,-0.1491093,-0.1491093,1.0159712,0.0,0.096389286,0.0,0.0,0.093,0.0,0.0029237117,0.14618559,0.1491093,-27.200823,2.2351813,0.74506044,0.128,0.0,0.1426694,0.0,0.0
hardzero_only__c0p58__z1p00__lam0p000__nu0p50__psi0p00,0.093,borrow,47,25,0.0,2,-0.1491093,-0.15209149,-0.15209149,1.006564,0.0,0.09849993,0.0,0.0,0.093,0.0,0.002982186,0.1491093,0.15209149,-27.576916,2.2144852,0.73816174,0.08800001,0.0,0.14781082,0.0,0.0
hardzero_only__c0p58__z1p00__lam0p000__nu0p50__psi0p00,0.093,borrow,47,26,0.0,2,-0.15209149,-0.14541514,-0.14541514,0.9808977,0.10449663,0.10449663,1.0,0.009718186,0.093,0.0,0.0030418297,0.15209149,0.14541514,-27.164232,2.158018,0.7193394,0.19999999,0.0,0.14388919,0.0,0.0
hardzero_only__c0p58__z1p00__lam0p000__nu0p50__psi0p00,0.093,borrow,47,27,0.0,2,-0.14541514,-0.14832345,-0.14832345,1.0575724,0.0,0.08758458,0.0,0.0,0.093,0.0,0.0029083027,0.14541514,0.14832345,-27.867386,2.3267057,0.7755686,0.208,0.0,0.20140453,0.0,0.0
hardzero_only__c0p58__z1p00__lam0p000__nu0p50__psi0p00,0.093,borrow,47,28,0.0,2,-0.14832345,-0.14151537,-0.14151537,0.978387,0.10510249,0.10510249,1.0,0.009774531,0.093,0.0,0.002966469,0.14832345,0.14151537,-26.371065,2.1524944,0.7174982,0.17600001,0.0,0.13293631,0.0,0.0
hardzero_only__c0p58__z1p00__lam0p000__nu0p50__psi0p00,0.093,borrow,47,29,0.0,2,-0.14151537,-0.14434569,-0.14434569,1.0244431,0.0,0.0945272,0.0,0.0,0.093,0.0,0.0028303075,0.14151537,0.14434569,-27.70357,2.25382,0.75127333,0.128,0.0,0.17563282,0.0,0.0
hardzero_only__c0p58__z1p00__lam0p000__nu0p50__psi0p00,0.093,borrow,47,30,0.0,2,-0.14434569,-0.14723259,-0.14723259,1.0027268,0.0,0.09937409,0.0,0.0,0.093,0.0,0.0028869137,0.14434569,0.14723259,-27.793385,2.206043,0.7353477,0.216,0.0,0.15906715,0.0,0.0
hardzero_only__c0p58__z1p00__lam0p000__nu0p50__psi0p00,0.093,borrow,47,31,0.0,2,-0.14723259,-0.14082618,-0.14082618,0.997622,0.10054906,0.10054906,1.0,0.009351063,0.093,0.0,0.0029446518,0.14723259,0.14082618,-27.380661,2.1948123,0.7316041,0.14400001,0.0,0.15479471,0.0,0.0
hardzero_only__c0p58__z1p00__lam0p000__nu0p50__psi0p00,0.093,borrow,47,32,0.0,2,-0.14082618,-0.14364271,-0.14364271,1.0458962,0.0,0.089971274,0.0,0.0,0.093,0.0,0.0028165237,0.14082618,0.14364271,-28.31116,2.3010175,0.76700586,0.14400001,0.0,0.16443175,0.0,0.0
hardzero_only__c0p58__z1p00__lam0p000__nu0p50__psi0p00,0.093,borrow,47,33,0.0,2,-0.14364271,-0.14651556,-0.14651556,1.0079545,0.0,0.098185085,0.0,0.0,0.093,0.0,0.002872854,0.14364271,0.14651556,-27.29157,2.217544,0.7391814,0.16800001,0.0,0.14250696,0.0,0.0
hardzero_only__c0p58__z1p00__lam0p000__nu0p50__psi0p00,0.093,borrow,47,34,0.0,2,-0.14651556,-0.14944588,-0.14944588,1.0072081,0.0,0.09835397,0.0,0.0,0.093,0.0,0.0029303113,0.14651556,0.14944588,-27.182922,2.215902,0.73863405,0.16800001,0.0,0.1578482,0.0,0.0
hardzero_only__c0p58__z1p00__lam0p000__nu0p50__psi0p00,0.093,borrow,47,35,0.0,2,-0.14944588,-0.1524348,-0.1524348,1.0089858,0.0,0.09795221,0.0,0.0,0.093,0.0,0.0029889175,0.14944588,0.1524348,-26.827059,2.219813,0.7399377,0.15200001,0.0,0.14330503,0.0,0.0
hardzero_only__c0p58__z1p00__lam0p000__nu0p50__psi0p00,0.093,borrow,47,36,0.0,2,-0.1524348,-0.14539021,-0.14539021,0.9644504,0.108529955,0.108529955,1.0,0.010093286,0.093,0.0,0.0030486959,0.1524348,0.14539021,-26.046696,2.1218333,0.7072778,0.2,0.0,0.15203878,0.0,0.0
hardzero_only__c0p58__z1p00__lam0p000__nu0p50__psi0p00,0.093,borrow,47,37,0.0,2,-0.14539021,-0.14829801,-0.14829801,1.0618796,0.0,0.0867202,0.0,0.0,0.093,0.0,0.0029078042,0.14539021,0.14829801,-28.545738,2.3361819,0.7787273,0.136,0.0,0.24165535,0.0,0.0
hardzero_only__c0p58__z1p00__lam0p000__nu0p50__psi0p00,0.093,borrow,47,38,0.0,2,-0.14829801,-0.15126397,-0.15126397,1.0261234,0.0,0.094162196,0.0,0.0,0.093,0.0,0.0029659602,0.14829801,0.15126397,-27.363432,2.2575166,0.75250554,0.17600001,0.0,0.16052163,0.0,0.0
hardzero_only__c0p58__z1p00__lam0p000__nu0p50__psi0p00,0.093,borrow,47,39,0.0,2,-0.15126397,-0.15428925,-0.15428925,1.0352465,0.0,0.09220478,0.0,0.0,0.093,0.0,0.0030252794,0.15126397,0.15428925,-27.706533,2.2775877,0.7591959,0.14999999,0.0,0.16733272,0.0,0.0
hardzero_only__c0p58__z1p00__lam0p000__nu0p50__psi0p00,0.093,borrow,47,40,0.0,2,-0.15428925,-0.14792034,-0.14792034,0.99283546,0.101663366,0.101663366,1.0,0.009454694,0.093,0.0,0.0030857848,0.15428925,0.14792034,-26.965372,2.1842816,0.72809386,0.136,0.0,0.1565454,0.0,0.0
hardzero_only__c0p58__z1p00__lam0p000__nu0p50__psi0p00,0.093,borrow,47,41,0.0,2,-0.14792034,-0.15087874,-0.15087874,1.0787731,0.0,0.083411664,0.0,0.0,0.093,0.0,0.0029584067,0.14792034,0.15087874,-28.361565,2.3733482,0.7911161,0.112,0.0,0.19060689,0.0,0.0
hardzero_only__c0p58__z1p00__lam0p000__nu0p50__psi0p00,0.093,borrow,47,42,0.0,2,-0.15087874,-0.15389632,-0.15389632,1.0729862,0.0,0.08453056,0.0,0.0,0.093,0.0,0.0030175748,0.15087874,0.15389632,-28.064482,2.360617,0.7868723,0.17600001,0.0,0.18780579,0.0,0.0
hardzero_only__c0p58__z1p00__lam0p000__nu0p50__psi0p00,0.093,borrow,47,43,0.0,2,-0.15389632,-0.15697424,-0.15697424,1.0646259,0.0,0.08617357,0.0,0.0,0.093,0.0,0.0030779263,0.15389632,0.15697424,-28.240225,2.3422236,0.7807412,0.136,0.0,0.18386155,0.0,0.0
hardzero_only__c0p58__z1p00__lam0p000__nu0p50__psi0p00,0.093,borrow,47,44,0.0,2,-0.15697424,-0.16011372,-0.16011372,1.0180329,0.0,0.0959328,0.0,0.0,0.093,0.0,0.0031394847,0.15697424,0.16011372,-26.773457,2.2397172,0.74657243,0.16000001,0.0,0.16031402,0.0,0.0
hardzero_only__c0p58__z1p00__lam0p000__nu0p50__psi0p00,0.093,borrow,47,45,0.0,2,-0.16011372,-0.15397039,-0.15397039,0.99787575,0.10049031,0.10049031,1.0,0.009345599,0.093,0.0,0.0032022744,0.16011372,0.15397039,-26.630405,2.1953704,0.7317902,0.16800001,0.0,0.15579216,0.0,0.0
hardzero_only__c0p58__z1p00__lam0p000__nu0p50__psi0p00,0.093,borrow,47,46,0.0,2,-0.15397039,-0.1570498,-0.1570498,1.007463,0.0,0.09829625,0.0,0.0,0.093,0.0,0.0030794078,0.15397039,0.1570498,-27.10303,2.2164629,0.73882097,0.208,0.0,0.17328715,0.0,0.0
hardzero_only__c0p58__z1p00__lam0p000__nu0p50__psi0p00,0.093,borrow,47,47,0.0,2,-0.1570498,-0.1601908,-0.1601908,1.0425636,0.0,0.09066432,0.0,0.0,0.093,0.0,0.003140996,0.1570498,0.1601908,-28.054913,2.2936857,0.7645619,0.14400001,0.0,0.15231201,0.0,0.0
hardzero_only__c0p58__z1p00__lam0p000__nu0p50__psi0p00,0.093,borrow,47,48,0.0,2,-0.1601908,-0.16339462,-0.16339462,1.0830652,0.0,0.0825914,0.0,0.0,0.093,0.0,0.003203816,0.1601908,0.16339462,-28.789907,2.3827908,0.7942636,0.096,0.0,0.17002249,0.0,0.0
hardzero_only__c0p58__z1p00__lam0p000__nu0p50__psi0p00,0.093,borrow,47,49,0.0,2,-0.16339462,-0.15663454,-0.15663454,0.96727,0.10782762,0.10782762,1.0,0.010027968,0.093,0.0,0.0032678922,0.16339462,0.15663454,-26.031242,2.1280365,0.7093455,0.28800002,0.0,0.14419721,0.0,0.0
hardzero_only__c0p58__z1p00__lam0p000__nu0p50__psi0p00,0.093,borrow,47,50,0.0,2,-0.15663454,-0.14909886,-0.14909886,0.9403849,0.11471364,0.11471364,1.0,0.010668369,0.093,0.0,0.0031326907,0.15663454,0.14909886,-25.983122,2.0688882,0.68962944,0.17600001,0.0,0.14644161,0.0,0.0
hardzero_only__c0p58__z1p00__lam0p000__nu0p50__psi0p00,0.093,borrow,47,51,0.0,2,-0.14909886,-0.1420105,-0.1420105,0.9654388,0.10828323,0.10828323,1.0,0.010070341,0.093,0.0,0.002981977,0.14909886,0.1420105,-26.034306,2.1240077,0.70800257,0.16800001,0.0,0.13930076,0.0,0.0
hardzero_only__c0p58__z1p00__lam0p000__nu0p50__psi0p00,0.093,borrow,47,52,0.0,2,-0.1420105,-0.1448507,-0.1448507,1.0418932,0.0,0.09080437,0.0,0.0,0.093,0.0,0.0028402098,0.1420105,0.1448507,-27.896627,2.2922108,0.7640703,0.17,0.0,0.18454757,0.0,0.0
hardzero_only__c0p58__z1p00__lam0p000__nu0p50__psi0p00,0.093,borrow,47,53,0.0,2,-0.1448507,-0.14774771,-0.14774771,1.007755,0.0,0.09823018,0.0,0.0,0.093,0.0,0.002897014,0.1448507,0.14774771,-26.656084,2.2171054,0.7390351,0.112,0.0,0.15335844,0.0,0.0
hardzero_only__c0p58__z1p00__lam0p000__nu0p50__psi0p00,0.093,borrow,47,54,0.0,2,-0.14774771,-0.14140221,-0.14140221,0.99997866,0.10000491,0.10000491,1.0,0.009300457,0.093,0.0,0.002954954,0.14774771,0.14140221,-26.959139,2.199997,0.73333234,0.128,0.0,0.14591417,0.0,0.0
hardzero_only__c0p58__z1p00__lam0p000__nu0p50__psi0p00,0.093,borrow,47,55,0.0,2,-0.14140221,-0.14423026,-0.14423026,1.0206455,0.0,0.09535742,0.0,0.0,0.093,0.0,0.0028280441,0.14140221,0.14423026,-27.497072,2.245465,0.74848837,0.136,0.0,0.13947734,0.0,0.0
hardzero_only__c0p58__z1p00__lam0p000__nu0p50__psi0p00,0.093,borrow,47,56,0.0,2,-0.14423026,-0.14711487,-0.14711487,1.0342711,0.0,0.09241209,0.0,0.0,0.093,0.0,0.0028846052,0.14423026,0.14711487,-27.511684,2.275442,0.75848067,0.16800001,0.0,0.171689,0.0,0.0
hardzero_only__c0p58__z1p00__lam0p000__nu0p50__psi0p00,0.093,borrow,47,57,0.0,2,-0.14711487,-0.15005717,-0.15005717,1.0022297,0.0,0.0994879,0.0,0.0,0.093,0.0,0.0029422974,0.14711487,0.15005717,-26.176207,2.2049494,0.73498315,0.16800001,0.0,0.13737366,0.0,0.0
hardzero_only__c0p58__z1p00__lam0p000__nu0p50__psi0p00,0.093,borrow,47,58,0.0,2,-0.15005717,-0.1530583,-0.1530583,1.0552881,0.0,0.08804646,0.0,0.0,0.093,0.0,0.0030011432,0.15005717,0.1530583,-28.033588,2.32168,0.77389336,0.16000001,0.0,0.18669178,0.0,0.0
hardzero_only__c0p58__z1p00__lam0p000__nu0p50__psi0p00,0.093,borrow,47,59,0.0,2,-0.1530583,-0.14631721,-0.14631721,0.9771571,0.105400555,0.105400555,1.0,0.009802252,0.093,0.0,0.003061166,0.1530583,0.14631721,-25.984453,2.1497886,0.71659625,0.16800001,0.0,0.12366519,0.0,0.0
hardzero_only__c0p58__z1p00__lam0p000__nu0p50__psi0p00,0.093,borrow,47,60,0.0,2,-0.14631721,-0.14924356,-0.14924356,1.0812095,0.0,0.082945034,0.0,0.0,0.093,0.0,0.0029263443,0.14631721,0.14924356,-28.773396,2.3787086,0.7929029,0.112,0.0,0.1877894,0.0,0.0
hardzero_only__c0p58__z1p00__lam0p000__nu0p50__psi0p00,0.093,borrow,47,61,0.0,2,-0.14924356,-0.15222843,-0.15222843,1.022985,0.0,0.09484512,0.0,0.0,0.093,0.0,0.0029848712,0.14924356,0.15222843,-27.42634,2.2506118,0.75020397,0.17600001,0.0,0.14080216,0.0,0.0
hardzero_only__c0p58__z1p00__lam0p000__nu0p50__psi0p00,0.093,borrow,47,62,0.0,2,-0.15222843,-0.14527597,-0.14527597,0.9686116,0.10749503,0.10749503,1.0,0.009997038,0.093,0.0,0.0030445685,0.15222843,0.14527597,-26.960554,2.1309881,0.7103294,0.14400001,0.0,0.14146985,0.0,0.0
hardzero_only__c0p58__z1p00__lam0p000__nu0p50__psi0p00,0.093,borrow,47,63,0.0,2,-0.14527597,-0.13839182,-0.13839182,0.977715,0.105265245,0.105265245,1.0,0.009789668,0.093,0.0,0.0029055192,0.14527597,0.13839182,-26.024204,2.151016,0.7170054,0.128,0.0,0.14368907,0.0,0.0
hardzero_only__c0p58__z1p00__lam0p000__nu0p50__psi0p00,0.093,borrow,47,64,0.0,2,-0.13839182,-0.14115965,-0.14115965,1.0421628,0.0,0.090748034,0.0,0.0,0.093,0.0,0.0027678364,0.13839182,0.14115965,-28.34082,2.2928038,0.7642679,0.16000001,0.0,0.15160777,0.0,0.0
hardzero_only__c0p58__z1p00__lam0p000__nu0p50__psi0p00,0.093,borrow,47,65,0.0,2,-0.14115965,-0.14398284,-0.14398284,1.0105766,0.0,0.09759406,0.0,0.0,0.093,0.0,0.002823193,0.14115965,0.14398284,-26.854301,2.2233129,0.7411043,0.14,0.0,0.15923889,0.0,0.0
hardzero_only__c0p58__z1p00__lam0p000__nu0p50__psi0p00,0.093,borrow,47,66,0.0,2,-0.14398284,-0.1468625,-0.1468625,1.0569382,0.0,0.08771257,0.0,0.0,0.093,0.0,0.0028796569,0.14398284,0.1468625,-26.833258,2.3253105,0.7751035,0.128,0.0,0.16978158,0.0,0.0
hardzero_only__c0p58__z1p00__lam0p000__nu0p50__psi0p00,0.093,borrow,47,67,0.0,2,-0.1468625,-0.14005178,-0.14005178,0.97956824,0.10481701,0.10481701,1.0,0.009747982,0.093,0.0,0.00293725,0.1468625,0.14005178,-26.546051,2.1550932,0.7183644,0.16800001,0.0,0.16829641,0.0,0.0
hardzero_only__c0p58__z1p00__lam0p000__nu0p50__psi0p00,0.093,borrow,47,68,0.0,2,-0.14005178,-0.14285281,-0.14285281,1.0091866,0.0,0.09790691,0.0,0.0,0.093,0.0,0.0028010355,0.14005178,0.14285281,-27.34141,2.220255,0.740085,0.17600001,0.0,0.15479445,0.0,0.0
hardzero_only__c0p58__z1p00__lam0p000__nu0p50__psi0p00,0.093,borrow,47,69,0.0,2,-0.14285281,-0.13633719,-0.13633719,0.99661887,0.10078157,0.10078157,1.0,0.009372686,0.093,0.0,0.0028570562,0.14285281,0.13633719,-26.935658,2.1926053,0.73086846,0.15200001,0.0,0.15182918,0.0,0.0
hardzero_only__c0p58__z1p00__lam0p000__nu0p50__psi0p00,0.093,borrow,47,70,0.0,2,-0.13633719,-0.12971553,-0.12971553,0.9977453,0.10052053,0.10052053,1.0,0.009348409,0.093,0.0,0.0027267437,0.13633719,0.12971553,-26.661907,2.1950834,0.73169446,0.17600001,0.0,0.15928902,0.0,0.0
hardzero_only__c0p58__z1p00__lam0p000__nu0p50__psi0p00,0.093,borrow,47,71,0.0,2,-0.12971553,-0.13230984,-0.13230984,1.0349808,0.0,0.09226123,0.0,0.0,0.093,0.0,0.0025943106,0.12971553,0.13230984,-28.382925,2.2770033,0.75900114,0.14400001,0.0,0.15380055,0.0,0.0
hardzero_only__c0p58__z1p00__lam0p000__nu0p50__psi0p00,0.093,borrow,47,72,0.0,2,-0.13230984,-0.13495603,-0.13495603,1.0136746,0.0,0.09690036,0.0,0.0,0.093,0.0,0.0026461966,0.13230984,0.13495603,-26.792782,2.2301288,0.74337626,0.16000001,0.0,0.12455776,0.0,0.0
hardzero_only__c0p58__z1p00__lam0p000__nu0p50__psi0p00,0.093,borrow,47,73,0.0,2,-0.13495603,-0.13765515,-0.13765515,1.0082512,0.0,0.09811802,0.0,0.0,0.093,0.0,0.0026991207,0.13495603,0.13765515,-27.820646,2.2181969,0.73939896,0.264,0.0,0.16304807,0.0,0.0
hardzero_only__c0p58__z1p00__lam0p000__nu0p50__psi0p00,0.093,borrow,47,74,0.0,2,-0.13765515,-0.14040826,-0.14040826,1.0051092,0.0,0.09883046,0.0,0.0,0.093,0.0,0.002753103,0.13765515,0.14040826,-27.34352,2.2112844,0.7370948,0.15200001,0.0,0.16633955,0.0,0.0
hardzero_only__c0p58__z1p00__lam0p000__nu0p50__psi0p00,0.093,borrow,47,75,0.0,2,-0.14040826,-0.13340974,-0.13340974,0.97696066,0.10544824,0.10544824,1.0,0.009806686,0.093,0.0,0.0028081653,0.14040826,0.13340974,-27.20859,2.1493564,0.7164521,0.2,0.008,0.15247199,0.0,0.0
hardzero_only__c0p58__z1p00__lam0p000__nu0p50__psi0p00,0.093,borrow,47,76,0.0,2,-0.13340974,-0.12560222,-0.12560222,0.948299,0.11264216,0.11264216,1.0,0.010475721,0.093,0.0,0.0026681947,0.13340974,0.12560222,-25.853954,2.0862994,0.69543314,0.192,0.0,0.1188721,0.0,0.0
hardzero_only__c0p58__z1p00__lam0p000__nu0p50__psi0p00,0.093,borrow,47,77,0.0,2,-0.12560222,-0.12811425,-0.12811425,1.0574983,0.0,0.08759951,0.0,0.0,0.093,0.0,0.0025120443,0.12560222,0.12811425,-27.963964,2.3265429,0.7755143,0.14400001,0.0,0.15049404,0.0,0.0
hardzero_only__c0p58__z1p00__lam0p000__nu0p50__psi0p00,0.093,borrow,47,78,0.0,2,-0.12811425,-0.13067654,-0.13067654,1.0105345,0.0,0.09760351,0.0,0.0,0.093,0.0,0.002562285,0.12811425,0.13067654,-26.782854,2.2232203,0.7410735,0.14,0.0,0.14181638,0.0,0.0
hardzero_only__c0p58__z1p00__lam0p000__nu0p50__psi0p00,0.093,borrow,47,79,0.0,2,-0.13067654,-0.13329007,-0.13329007,1.0381612,0.0,0.09158804,0.0,0.0,0.093,0.0,0.0026135307,0.13067654,0.13329007,-27.481697,2.2840002,0.7613334,0.120000005,0.0,0.20886222,0.0,0.0
hardzero_only__c0p58__z1p00__lam0p000__nu0p50__psi0p00,0.093,borrow,47,80,0.0,2,-0.13329007,-0.13595587,-0.13595587,1.0068903,0.0,0.098425955,0.0,0.0,0.093,0.0,0.0026658012,0.13329007,0.13595587,-27.813732,2.2152028,0.73840094,0.18400002,0.0,0.14099808,0.0,0.0
hardzero_only__c0p58__z1p00__lam0p000__nu0p50__psi0p00,0.093,borrow,47,81,0.0,2,-0.13595587,-0.13867499,-0.13867499,1.0056629,0.0,0.09870453,0.0,0.0,0.093,0.0,0.0027191173,0.13595587,0.13867499,-28.592667,2.2125027,0.7375009,0.224,0.0,0.17545083,0.0,0.0
hardzero_only__c0p58__z1p00__lam0p000__nu0p50__psi0p00,0.093,borrow,47,82,0.0,2,-0.13867499,-0.14144848,-0.14144848,1.0099683,0.0,0.09773085,0.0,0.0,0.093,0.0,0.0027734998,0.13867499,0.14144848,-26.412682,2.2219746,0.7406582,0.208,0.0,0.1498613,0.0,0.0
hardzero_only__c0p58__z1p00__lam0p000__nu0p50__psi0p00,0.093,borrow,47,83,0.0,2,-0.14144848,-0.14427745,-0.14427745,1.0178192,0.0,0.09598001,0.0,0.0,0.093,0.0,0.0028289696,0.14144848,0.14427745,-26.565102,2.2392468,0.7464156,0.104,0.0,0.1480387,0.0,0.0
hardzero_only__c0p58__z1p00__lam0p000__nu0p50__psi0p00,0.093,borrow,47,84,0.0,2,-0.14427745,-0.147163,-0.147163,1.0949299,0.0,0.08036557,0.0,0.0,0.093,0.0,0.002885549,0.14427745,0.147163,-28.749107,2.4088938,0.8029646,0.2,0.0,0.19974118,0.0,0.0
hardzero_only__c0p58__z1p00__lam0p000__nu0p50__psi0p00,0.093,borrow,47,85,0.0,2,-0.147163,-0.15010627,-0.15010627,1.0022538,0.0,0.099482395,0.0,0.0,0.093,0.0,0.00294326,0.147163,0.15010627,-27.024662,2.2050023,0.7350008,0.17600001,0.0,0.14787295,0.0,0.0
hardzero_only__c0p58__z1p00__lam0p000__nu0p50__psi0p00,0.093,borrow,47,86,0.0,2,-0.15010627,-0.15310839,-0.15310839,1.0242473,0.0,0.09456985,0.0,0.0,0.093,0.0,0.0030021253,0.15010627,0.15310839,-27.097607,2.2533891,0.75112975,0.14400001,0.0,0.14209513,0.0,0.0
hardzero_only__c0p58__z1p00__lam0p000__nu0p50__psi0p00,0.093,borrow,47,87,0.0,2,-0.15310839,-0.15617056,-0.15617056,1.0203316,0.0,0.09542635,0.0,0.0,0.093,0.0,0.0030621677,0.15310839,0.15617056,-27.431091,2.2447743,0.7482581,0.15200001,0.0,0.14838763,0.0,0.0
hardzero_only__c0p58__z1p00__lam0p000__nu0p50__psi0p00,0.093,borrow,47,88,0.0,2,-0.15617056,-0.14987175,-0.14987175,0.9943291,0.101314336,0.101314336,1.0,0.009422233,0.093,0.0,0.0031234112,0.15617056,0.14987175,-27.135517,2.1875677,0.7291893,0.216,0.0,0.17187984,0.0,0.0
hardzero_only__c0p58__z1p00__lam0p000__nu0p50__psi0p00,0.093,borrow,47,89,0.0,2,-0.14987175,-0.15286918,-0.15286918,1.0397259,0.0,0.09125867,0.0,0.0,0.093,0.0,0.002997435,0.14987175,0.15286918,-28.255106,2.2874427,0.7624809,0.208,0.0,0.15739344,0.0,0.0
hardzero_only__c0p58__z1p00__lam0p000__nu0p50__psi0p00,0.093,borrow,47,90,0.0,2,-0.15286918,-0.15592657,-0.15592657,1.0443568,0.0,0.090290725,0.0,0.0,0.093,0.0,0.0030573835,0.15286918,0.15592657,-27.142687,2.2976308,0.76587695,0.16000001,0.0,0.15248233,0.0,0.0
hardzero_only__c0p58__z1p00__lam0p000__nu0p50__psi0p00,0.093,borrow,47,91,0.0,2,-0.15592657,-0.1493831,-0.1493831,0.9834159,0.103892475,0.103892475,1.0,0.009662,0.093,0.0,0.0031185313,0.15592657,0.1493831,-25.988527,2.1635582,0.7211861,0.14,0.0,0.13545081,0.0,0.0
hardzero_only__c0p58__z1p00__lam0p000__nu0p50__psi0p00,0.093,borrow,47,92,0.0,2,-0.1493831,-0.14207985,-0.14207985,0.9560288,0.11065502,0.11065502,1.0,0.010290917,0.093,0.0,0.0029876619,0.1493831,0.14207985,-26.757011,2.1033053,0.7011018,0.216,0.008,0.15285306,0.0,0.0
hardzero_only__c0p58__z1p00__lam0p000__nu0p50__psi0p00,0.093,borrow,47,93,0.0,2,-0.14207985,-0.13544966,-0.13544966,0.9920517,0.10184699,0.10184699,1.0,0.00947177,0.093,0.0,0.0028415967,0.14207985,0.13544966,-26.622828,2.1825573,0.72751915,0.192,0.0,0.14516014,0.0,0.0
hardzero_only__c0p58__z1p00__lam0p000__nu0p50__psi0p00,0.093,borrow,47,94,0.0,2,-0.13544966,-0.12802716,-0.12802716,0.9628096,0.10894075,0.10894075,1.0,0.01013149,0.093,0.0,0.0027089932,0.13544966,0.12802716,-25.685846,2.1182234,0.7060745,0.16800001,0.0,0.13367903,0.0,0.0
hardzero_only__c0p58__z1p00__lam0p000__nu0p50__psi0p00,0.093,borrow,47,95,0.0,2,-0.12802716,-0.119765915,-0.119765915,0.93418413,0.116363265,0.116363265,1.0,0.010821784,0.093,0.0,0.0025605431,0.12802716,0.119765915,-25.937443,2.055246,0.6850821,0.224,0.0,0.12943634,0.0,0.0
hardzero_only__c0p58__z1p00__lam0p000__nu0p50__psi0p00,0.093,borrow,47,96,0.0,2,-0.119765915,-0.12216123,-0.12216123,1.0138565,0.0,0.09685977,0.0,0.0,0.093,0.0,0.0023953184,0.119765915,0.12216123,-27.03889,2.2305288,0.74350965,0.16800001,0.0,0.16289498,0.0,0.0
hardzero_only__c0p58__z1p00__lam0p000__nu0p50__psi0p00,0.093,borrow,47,97,0.0,2,-0.12216123,-0.124604456,-0.124604456,1.0107423,0.0,0.09755684,0.0,0.0,0.093,0.0,0.0024432247,0.12216123,0.124604456,-27.550005,2.2236774,0.74122584,0.112,0.0,0.17597103,0.0,0.0
hardzero_only__c0p58__z1p00__lam0p000__nu0p50__psi0p00,0.093,borrow,47,98,0.0,2,-0.124604456,-0.12709655,-0.12709655,1.0379009,0.0,0.09164296,0.0,0.0,0.093,0.0,0.002492089,0.124604456,0.12709655,-27.024364,2.2834277,0.7611426,0.080000006,0.0,0.16761307,0.0,0.0
hardzero_only__c0p58__z1p00__lam0p000__nu0p50__psi0p00,0.093,borrow,47,99,0.0,2,-0.12709655,-0.12963848,-0.12963848,1.0339895,0.0,0.09247205,0.0,0.0,0.093,0.0,0.0025419309,0.12709655,0.12963848,-27.615086,2.2748225,0.7582742,0.128,0.0,0.17866828,0.0,0.0
hardzero_only__c0p58__z1p00__lam0p000__nu0p50__psi0p00,0.093,borrow,47,100,0.0,2,-0.12963848,-0.13223125,-0.13223125,1.018079,0.0,0.0959226,0.0,0.0,0.093,0.0,0.0025927695,0.12963848,0.13223125,-26.981543,2.2398186,0.74660623,0.120000005,0.0,0.16259308,0.0,0.0
hardzero_only__c0p58__z1p00__lam0p000__nu0p50__psi0p00,0.093,borrow,47,101,0.0,2,-0.13223125,-0.13487588,-0.13487588,1.0120957,0.0,0.09725329,0.0,0.0,0.093,0.0,0.002644625,0.13223125,0.13487588,-26.697794,2.226655,0.7422184,0.208,0.0,0.14997678,0.0,0.0
hardzero_only__c0p58__z1p00__lam0p000__nu0p50__psi0p00,0.093,borrow,47,102,0.0,2,-0.13487588,-0.12794183,-0.12794183,0.98478615,0.103565186,0.103565186,1.0,0.009631563,0.093,0.0,0.0026975176,0.13487588,0.12794183,-27.124107,2.1665728,0.722191,0.14400001,0.0,0.17336784,0.0,0.0
hardzero_only__c0p58__z1p00__lam0p000__nu0p50__psi0p00,0.093,borrow,47,103,0.0,2,-0.12794183,-0.13050067,-0.13050067,1.0473582,0.0,0.08966889,0.0,0.0,0.093,0.0,0.0025588365,0.12794183,0.13050067,-27.446907,2.304234,0.768078,0.16800001,0.0,0.14084171,0.0,0.0
hardzero_only__c0p58__z1p00__lam0p000__nu0p50__psi0p00,0.093,borrow,47,104,0.0,2,-0.13050067,-0.123479046,-0.123479046,0.9847828,0.103566,0.103566,1.0,0.009631638,0.093,0.0,0.0026100134,0.13050067,0.123479046,-26.978615,2.1665654,0.7221885,0.19,0.0,0.17241174,0.0,0.0
hardzero_only__c0p58__z1p00__lam0p000__nu0p50__psi0p00,0.093,borrow,47,105,0.0,2,-0.123479046,-0.12594862,-0.12594862,1.0370983,0.0,0.09181248,0.0,0.0,0.093,0.0,0.0024695809,0.123479046,0.12594862,-27.548765,2.2816617,0.76055396,0.16800001,0.0,0.14777197,0.0,0.0
hardzero_only__c0p58__z1p00__lam0p000__nu0p50__psi0p00,0.093,borrow,47,106,0.0,2,-0.12594862,-0.12846759,-0.12846759,1.0056537,0.0,0.098706625,0.0,0.0,0.093,0.0,0.0025189724,0.12594862,0.12846759,-27.268347,2.2124825,0.7374942,0.16800001,0.0,0.16343312,0.0,0.0
hardzero_only__c0p58__z1p00__lam0p000__nu0p50__psi0p00,0.093,borrow,47,107,0.0,2,-0.12846759,-0.13103694,-0.13103694,1.0186136,0.0,0.09580462,0.0,0.0,0.093,0.0,0.0025693518,0.12846759,0.13103694,-26.739801,2.2409947,0.74699825,0.14400001,0.0,0.17702195,0.0,0.0
hardzero_only__c0p58__z1p00__lam0p000__nu0p50__psi0p00,0.093,borrow,47,108,0.0,2,-0.13103694,-0.13365768,-0.13365768,1.0045561,0.0,0.09895642,0.0,0.0,0.093,0.0,0.0026207387,0.13103694,0.13365768,-26.828096,2.2100675,0.7366892,0.16000001,0.0,0.17589623,0.0,0.0
hardzero_only__c0p58__z1p00__lam0p000__nu0p50__psi0p00,0.093,borrow,47,109,0.0,2,-0.13365768,-0.12665732,-0.12665732,0.9828989,0.10401622,0.10401622,1.0,0.009673509,0.093,0.0,0.0026731535,0.13365768,0.12665732,-26.40083,2.1624207,0.72080696,0.15200001,0.0,0.13674653,0.0,0.0
hardzero_only__c0p58__z1p00__lam0p000__nu0p50__psi0p00,0.093,borrow,47,110,0.0,2,-0.12665732,-0.12919047,-0.12919047,1.0881218,0.0,0.08163535,0.0,0.0,0.093,0.0,0.0025331464,0.12665732,0.12919047,-28.713568,2.3939157,0.7979719,0.16800001,0.0,0.1548536,0.0,0.0
hardzero_only__c0p58__z1p00__lam0p000__nu0p50__psi0p00,0.093,borrow,47,111,0.0,2,-0.12919047,-0.122441664,-0.122441664,0.99847925,0.100350775,0.100350775,1.0,0.009332622,0.093,0.0,0.0025838094,0.12919047,0.122441664,-26.756023,2.1966982,0.73223275,0.216,0.008,0.17306972,0.0,0.0
hardzero_only__c0p58__z1p00__lam0p000__nu0p50__psi0p00,0.093,borrow,47,112,0.0,2,-0.122441664,-0.1248905,-0.1248905,1.0195113,0.0,0.09560676,0.0,0.0,0.093,0.0,0.0024488333,0.122441664,0.1248905,-27.76344,2.2429698,0.7476566,0.16000001,0.0,0.17073795,0.0,0.0
hardzero_only__c0p58__z1p00__lam0p000__nu0p50__psi0p00,0.093,borrow,47,113,0.0,2,-0.1248905,-0.12738831,-0.12738831,1.0244654,0.0,0.09452236,0.0,0.0,0.093,0.0,0.00249781,0.1248905,0.12738831,-27.499567,2.253869,0.7512897,0.192,0.0,0.17931715,0.0,0.0
hardzero_only__c0p58__z1p00__lam0p000__nu0p50__psi0p00,0.093,borrow,47,114,0.0,2,-0.12738831,-0.12032928,-0.12032928,0.98590434,0.10329889,0.10329889,1.0,0.009606796,0.093,0.0,0.0025477663,0.12738831,0.12032928,-25.513767,2.1690328,0.72301096,0.208,0.008,0.16348447,0.0,0.0
hardzero_only__c0p58__z1p00__lam0p000__nu0p50__psi0p00,0.093,borrow,47,115,0.0,2,-0.12032928,-0.112978116,-0.112978116,0.97913325,0.10492205,0.10492205,1.0,0.009757751,0.093,0.0,0.0024065855,0.12032928,0.112978116,-26.857033,2.1541362,0.7180454,0.24800001,0.0,0.17704415,0.0,0.0
hardzero_only__c0p58__z1p00__lam0p000__nu0p50__psi0p00,0.093,borrow,47,116,0.0,2,-0.112978116,-0.115237676,-0.115237676,1.0712116,0.0,0.08487669,0.0,0.0,0.093,0.0,0.0022595623,0.112978116,0.115237676,-28.314665,2.3567126,0.78557086,0.18400002,0.0,0.1919716,0.0,0.0
hardzero_only__c0p58__z1p00__lam0p000__nu0p50__psi0p00,0.093,borrow,47,117,0.0,2,-0.115237676,-0.11754243,-0.11754243,1.0174264,0.0,0.09606687,0.0,0.0,0.093,0.0,0.0023047535,0.115237676,0.11754243,-27.69465,2.2383828,0.7461276,0.13,0.0,0.16006406,0.0,0.0
hardzero_only__c0p58__z1p00__lam0p000__nu0p50__psi0p00,0.093,borrow,47,118,0.0,2,-0.11754243,-0.11008324,-0.11008324,0.97681177,0.105484396,0.105484396,1.0,0.009810049,0.093,0.0,0.0023508486,0.11754243,0.11008324,-26.647549,2.1490288,0.7163429,0.23200001,0.0,0.14235255,0.0,0.0
hardzero_only__c0p58__z1p00__lam0p000__nu0p50__psi0p00,0.093,borrow,47,119,0.0,2,-0.11008324,-0.1122849,-0.1122849,1.063362,0.0,0.086424716,0.0,0.0,0.093,0.0,0.0022016647,0.11008324,0.1122849,-28.167213,2.3394432,0.7798144,0.192,0.0,0.16996117,0.0,0.0
hardzero_only__c0p58__z1p00__lam0p000__nu0p50__psi0p00,0.093,borrow,47,120,0.0,2,-0.1122849,-0.11453059,-0.11453059,1.0265553,0.0,0.09406861,0.0,0.0,0.093,0.0,0.002245698,0.1122849,0.11453059,-27.346754,2.2584667,0.7528223,0.096,0.0,0.13341647,0.0,0.0
hardzero_only__c0p58__z1p00__lam0p000__nu0p50__psi0p00,0.093,borrow,47,121,0.0,2,-0.11453059,-0.10739067,-0.10739067,0.99394655,0.101403624,0.101403624,1.0,0.009430537,0.093,0.0,0.0022906119,0.11453059,0.10739067,-27.121208,2.186726,0.7289087,0.2,0.0,0.16269258,0.0,0.0
hardzero_only__c0p58__z1p00__lam0p000__nu0p50__psi0p00,0.093,borrow,47,122,0.0,2,-0.10739067,-0.09919769,-0.09919769,0.953929,0.111191355,0.111191355,1.0,0.010340796,0.093,0.0,0.0021478133,0.10739067,0.09919769,-25.29806,2.0986857,0.69956195,0.136,0.0,0.14273737,0.0,0.0
hardzero_only__c0p58__z1p00__lam0p000__nu0p50__psi0p00,0.093,borrow,47,123,0.0,2,-0.09919769,-0.09148537,-0.09148537,0.9818779,0.10426103,0.10426103,1.0,0.009696276,0.093,0.0,0.0019839539,0.09919769,0.09148537,-26.118538,2.1601746,0.7200582,0.17600001,0.0,0.14566988,0.0,0.0
hardzero_only__c0p58__z1p00__lam0p000__nu0p50__psi0p00,0.093,borrow,47,124,0.0,2,-0.09148537,-0.09331508,-0.09331508,1.0115187,0.0,0.097382575,0.0,0.0,0.093,0.0,0.0018297074,0.09148537,0.09331508,-26.858194,2.2253857,0.74179524,0.15200001,0.0,0.17137356,0.0,0.0
hardzero_only__c0p58__z1p00__lam0p000__nu0p50__psi0p00,0.093,borrow,47,125,0.0,2,-0.09331508,-0.08552238,-0.08552238,0.9835507,0.10386023,0.10386023,1.0,0.009659002,0.093,0.0,0.0018663015,0.09331508,0.08552238,-26.6565,2.1638548,0.721285,0.18400002,0.0,0.13204332,0.0,0.0
hardzero_only__c0p58__z1p00__lam0p000__nu0p50__psi0p00,0.093,borrow,47,126,0.0,2,-0.08552238,-0.08723283,-0.08723283,1.005769,0.0,0.09868041,0.0,0.0,0.093,0.0,0.0017104476,0.08552238,0.08723283,-27.813765,2.2127361,0.73757875,0.14400001,0.0,0.17149201,0.0,0.0
hardzero_only__c0p58__z1p00__lam0p000__nu0p50__psi0p00,0.093,borrow,47,127,0.0,2,-0.08723283,-0.088977486,-0.088977486,1.0346066,0.0,0.09234076,0.0,0.0,0.093,0.0,0.0017446565,0.08723283,0.088977486,-27.679201,2.2761798,0.7587266,0.080000006,0.0,0.17495853,0.0,0.0
hardzero_only__c0p58__z1p00__lam0p000__nu0p50__psi0p00,0.093,borrow,47,128,0.0,2,-0.088977486,-0.08100469,-0.08100469,0.97937363,0.10486398,0.10486398,1.0,0.00975235,0.093,0.0,0.0017795496,0.088977486,0.08100469,-26.532885,2.154665,0.71822166,0.15200001,0.0,0.13180889,0.0,0.0
hardzero_only__c0p58__z1p00__lam0p000__nu0p50__psi0p00,0.093,borrow,47,129,0.0,2,-0.08100469,-0.07328751,-0.07328751,0.99826324,0.10040069,0.10040069,1.0,0.009337265,0.093,0.0,0.0016200937,0.08100469,0.07328751,-26.57733,2.196223,0.7320744,0.17600001,0.0,0.16448458,0.0,0.0
hardzero_only__c0p58__z1p00__lam0p000__nu0p50__psi0p00,0.093,borrow,47,130,0.0,2,-0.07328751,-0.06501481,-0.06501481,0.979993,0.10471455,0.10471455,1.0,0.009738454,0.093,0.0,0.0014657502,0.07328751,0.06501481,-26.348686,2.1560276,0.71867585,0.17999999,0.0,0.12885593,0.0,0.0
hardzero_only__c0p58__z1p00__lam0p000__nu0p50__psi0p00,0.093,borrow,47,131,0.0,2,-0.06501481,-0.056542385,-0.056542385,0.9784674,0.10508302,0.10508302,1.0,0.009772721,0.093,0.0,0.0013002962,0.06501481,0.056542385,-26.10082,2.1526713,0.71755713,0.192,0.0,0.15901612,0.0,0.0
hardzero_only__c0p58__z1p00__lam0p000__nu0p50__psi0p00,0.093,borrow,47,132,0.0,2,-0.056542385,-0.057673234,-0.057673234,1.0065475,0.0,0.098503694,0.0,0.0,0.093,0.0,0.0011308477,0.056542385,0.057673234,-25.981403,2.2144487,0.7381496,0.15200001,0.0,0.14150047,0.0,0.0
hardzero_only__c0p58__z1p00__lam0p000__nu0p50__psi0p00,0.093,borrow,47,133,0.0,2,-0.057673234,-0.0588267,-0.0588267,1.0489706,0.0,0.089336604,0.0,0.0,0.093,0.0,0.0011534647,0.057673234,0.0588267,-27.14953,2.3077815,0.7692605,0.096,0.0,0.15027495,0.0,0.0
hardzero_only__c0p58__z1p00__lam0p000__nu0p50__psi0p00,0.093,borrow,47,134,0.0,2,-0.0588267,-0.060003232,-0.060003232,1.0207127,0.0,0.095342666,0.0,0.0,0.093,0.0,0.001176534,0.0588267,0.060003232,-27.23377,2.2456129,0.74853766,0.120000005,0.0,0.17061007,0.0,0.0
hardzero_only__c0p58__z1p00__lam0p000__nu0p50__psi0p00,0.093,borrow,47,135,0.0,2,-0.060003232,-0.061203297,-0.061203297,1.0022022,0.0,0.09949421,0.0,0.0,0.093,0.0,0.0012000647,0.060003232,0.061203297,-26.644516,2.2048888,0.73496294,0.16000001,0.008,0.15389104,0.0,0.0
hardzero_only__c0p58__z1p00__lam0p000__nu0p50__psi0p00,0.093,borrow,47,136,0.0,2,-0.061203297,-0.062427364,-0.062427364,1.0112407,0.0,0.09744494,0.0,0.0,0.093,0.0,0.0012240659,0.061203297,0.062427364,-27.100307,2.224774,0.74159133,0.15200001,0.0,0.14416629,0.0,0.0
hardzero_only__c0p58__z1p00__lam0p000__nu0p50__psi0p00,0.093,borrow,47,137,0.0,2,-0.062427364,-0.06367591,-0.06367591,1.0275784,0.0,0.09384725,0.0,0.0,0.093,0.0,0.0012485472,0.062427364,0.06367591,-27.583822,2.2607176,0.7535726,0.16800001,0.0,0.17130513,0.0,0.0
hardzero_only__c0p58__z1p00__lam0p000__nu0p50__psi0p00,0.093,borrow,47,138,0.0,2,-0.06367591,-0.055596914,-0.055596914,0.9975547,0.10056464,0.10056464,1.0,0.009352512,0.093,0.0,0.0012735182,0.06367591,0.055596914,-26.190817,2.1946642,0.73155475,0.208,0.0,0.16468695,0.0,0.0
hardzero_only__c0p58__z1p00__lam0p000__nu0p50__psi0p00,0.093,borrow,47,139,0.0,2,-0.055596914,-0.047245692,-0.047245692,0.9924467,0.10175443,0.10175443,1.0,0.009463162,0.093,0.0,0.0011119383,0.055596914,0.047245692,-26.675789,2.1834264,0.72780883,0.136,0.0,0.1567721,0.0,0.0
hardzero_only__c0p58__z1p00__lam0p000__nu0p50__psi0p00,0.093,borrow,47,140,0.0,2,-0.047245692,-0.048190605,-0.048190605,1.0280213,0.0,0.09375159,0.0,0.0,0.093,0.0,0.00094491383,0.047245692,0.048190605,-28.248001,2.261692,0.75389737,0.112,0.0,0.14826022,0.0,0.0
hardzero_only__c0p58__z1p00__lam0p000__nu0p50__psi0p00,0.093,borrow,47,141,0.0,2,-0.048190605,-0.03943853,-0.03943853,0.9810006,0.10447187,0.10447187,1.0,0.009715884,0.093,0.0,0.00096381205,0.048190605,0.03943853,-26.464985,2.1582444,0.71941483,0.16000001,0.0,0.13250789,0.0,0.0
hardzero_only__c0p58__z1p00__lam0p000__nu0p50__psi0p00,0.093,borrow,47,142,0.0,2,-0.03943853,-0.0402273,-0.0402273,1.016523,0.0,0.0962669,0.0,0.0,0.093,0.0,0.0007887706,0.03943853,0.0402273,-25.864317,2.2363954,0.74546516,0.112,0.0,0.1389603,0.0,0.0
hardzero_only__c0p58__z1p00__lam0p000__nu0p50__psi0p00,0.093,borrow,47,143,0.0,2,-0.0402273,-0.04103185,-0.04103185,1.1075965,0.0,0.0780555,0.0,0.0,0.093,0.0,0.000804546,0.0402273,0.04103185,-27.99811,2.436761,0.81225365,0.14,0.0,0.21193512,0.0,0.0
hardzero_only__c0p58__z1p00__lam0p000__nu0p50__psi0p00,0.093,borrow,47,144,0.0,2,-0.04103185,-0.03213345,-0.03213345,0.9808597,0.10450577,0.10450577,1.0,0.0097190365,0.093,0.0,0.000820637,0.04103185,0.03213345,-27.038221,2.1579344,0.7193115,0.16800001,0.0,0.13808884,0.0,0.0
hardzero_only__c0p58__z1p00__lam0p000__nu0p50__psi0p00,0.093,borrow,47,145,0.0,2,-0.03213345,-0.032776117,-0.032776117,1.0313318,0.0,0.093039684,0.0,0.0,0.093,0.0,0.000642669,0.03213345,0.032776117,-28.026503,2.2689753,0.7563251,0.15200001,0.0,0.14404859,0.0,0.0
hardzero_only__c0p58__z1p00__lam0p000__nu0p50__psi0p00,0.093,borrow,47,146,0.0,2,-0.032776117,-0.033431638,-0.033431638,1.022583,0.0,0.09493294,0.0,0.0,0.093,0.0,0.00065552234,0.032776117,0.033431638,-27.49423,2.2497275,0.74990916,0.2,0.0,0.15792756,0.0,0.0
hardzero_only__c0p58__z1p00__lam0p000__nu0p50__psi0p00,0.093,borrow,47,147,0.0,2,-0.033431638,-0.03410027,-0.03410027,1.0558076,0.0,0.08794121,0.0,0.0,0.093,0.0,0.00066863274,0.033431638,0.03410027,-28.44113,2.322823,0.77427435,0.17600001,0.0,0.1930673,0.0,0.0
hardzero_only__c0p58__z1p00__lam0p000__nu0p50__psi0p00,0.093,borrow,47,148,0.0,2,-0.03410027,-0.025164662,-0.025164662,0.9854156,0.10341521,0.10341521,1.0,0.0096176155,0.093,0.0,0.0006820054,0.03410027,0.025164662,-26.531599,2.1679575,0.72265255,0.14400001,0.0,0.15973757,0.0,0.0
hardzero_only__c0p58__z1p00__lam0p000__nu0p50__psi0p00,0.093,borrow,47,149,0.0,2,-0.025164662,-0.025667954,-0.025667954,1.0221418,0.0,0.095029436,0.0,0.0,0.093,0.0,0.00050329324,0.025164662,0.025667954,-27.428892,2.248757,0.7495856,0.112,0.0,0.19288695,0.0,0.0
hardzero_only__c0p58__z1p00__lam0p000__nu0p50__psi0p00,0.093,borrow,47,150,0.0,2,-0.025667954,-0.026181314,-0.026181314,1.0250338,0.0,0.09439874,0.0,0.0,0.093,0.0,0.0005133591,0.025667954,0.026181314,-27.323175,2.2551196,0.75170654,0.136,0.0,0.18374607,0.0,0.0
hardzero_only__c0p58__z1p00__lam0p000__nu0p50__psi0p00,0.093,borrow,47,151,0.0,2,-0.026181314,-0.026704941,-0.026704941,1.0221131,0.0,0.09503574,0.0,0.0,0.093,0.0,0.0005236263,0.026181314,0.026704941,-27.209991,2.2486937,0.7495646,0.208,0.0,0.1523458,0.0,0.0
hardzero_only__c0p58__z1p00__lam0p000__nu0p50__psi0p00,0.093,borrow,47,152,0.0,2,-0.026704941,-0.02723904,-0.02723904,1.0324194,0.0,0.09280695,0.0,0.0,0.093,0.0,0.0005340988,0.026704941,0.02723904,-27.69396,2.271368,0.7571227,0.136,0.0,0.15809952,0.0,0.0
hardzero_only__c0p58__z1p00__lam0p000__nu0p50__psi0p00,0.093,borrow,47,153,0.0,2,-0.02723904,-0.017838804,-0.017838804,0.9708774,0.10693566,0.10693566,1.0,0.009945016,0.093,0.0,0.0005447808,0.02723904,0.017838804,-26.313679,2.135973,0.711991,0.096,0.0,0.15634334,0.0,0.0
hardzero_only__c0p58__z1p00__lam0p000__nu0p50__psi0p00,0.093,borrow,47,154,1.0,3,-0.017838804,-0.59819555,-0.59819555,1.0010455,0.0,0.09975956,0.0,0.0,0.093,0.0,0.0003567761,0.017838804,0.59819555,-26.634466,2.202344,0.73411465,0.18400002,0.0,0.1774871,0.0,0.0
hardzero_only__c0p58__z1p00__lam0p000__nu0p50__psi0p00,0.093,borrow,47,155,0.0,3,-0.59819555,-0.6,-0.61015946,1.0171113,0.0,0.09613658,0.0,0.0,0.093,0.0,0.01196391,0.59819555,0.6,-26.928923,2.2376895,0.7458965,0.136,0.0,0.15255381,0.0,0.0
hardzero_only__c0p58__z1p00__lam0p000__nu0p50__psi0p00,0.093,borrow,47,156,0.0,3,-0.6,-0.6,-0.61200005,1.063945,0.0,0.08630877,0.0,0.0,0.093,0.0,0.012,0.6,0.6,-28.0073,2.340726,0.78024197,0.13,0.0,0.15597919,0.0,0.0
hardzero_only__c0p58__z1p00__lam0p000__nu0p50__psi0p00,0.093,borrow,47,157,0.0,3,-0.6,-0.6,-0.61200005,1.0101153,0.0,0.09769777,0.0,0.0,0.093,0.0,0.012,0.6,0.6,-26.843075,2.222298,0.740766,0.104,0.0,0.13906066,0.0,0.0
hardzero_only__c0p58__z1p00__lam0p000__nu0p50__psi0p00,0.093,borrow,47,158,0.0,3,-0.6,-0.6,-0.61200005,1.0291893,0.0,0.093499795,0.0,0.0,0.093,0.0,0.012,0.6,0.6,-27.386034,2.2642617,0.75475395,0.16800001,0.0,0.15280597,0.0,0.0
hardzero_only__c0p58__z1p00__lam0p000__nu0p50__psi0p00,0.093,borrow,47,159,0.0,3,-0.6,-0.6,-0.60218704,0.9766803,0.105516344,0.105516344,1.0,0.00981302,0.093,0.0,0.012,0.6,0.6,-27.164698,2.1487396,0.71624655,0.16800001,0.0,0.14718586,0.0,0.0
hardzero_only__c0p58__z1p00__lam0p000__nu0p50__psi0p00,0.093,borrow,47,160,0.0,3,-0.6,-0.6,-0.6024289,0.98751915,0.10291552,0.10291552,1.0,0.009571143,0.093,0.0,0.012,0.6,0.6,-26.92217,2.1725855,0.7241952,0.14400001,0.0,0.17193812,0.0,0.0
hardzero_only__c0p58__z1p00__lam0p000__nu0p50__psi0p00,0.093,borrow,47,161,0.0,3,-0.6,-0.6,-0.60249174,0.9903801,0.102239765,0.102239765,1.0,0.009508299,0.093,0.0,0.012,0.6,0.6,-26.465363,2.1788797,0.72629327,0.272,0.0,0.16251013,0.0,0.0
hardzero_only__c0p58__z1p00__lam0p000__nu0p50__psi0p00,0.093,borrow,47,162,0.0,3,-0.6,-0.6,-0.6025838,0.9946059,0.101249784,0.101249784,1.0,0.00941623,0.093,0.0,0.012,0.6,0.6,-27.087214,2.1881766,0.72939223,0.15200001,0.0,0.14348596,0.0,0.0
hardzero_only__c0p58__z1p00__lam0p000__nu0p50__psi0p00,0.093,borrow,47,163,0.0,3,-0.6,-0.6,-0.61200005,1.0126692,0.0,0.09712494,0.0,0.0,0.093,0.0,0.012,0.6,0.6,-26.686258,2.2279167,0.74263895,0.16000001,0.0,0.15522385,0.0,0.0
hardzero_only__c0p58__z1p00__lam0p000__nu0p50__psi0p00,0.093,borrow,47,164,0.0,3,-0.6,-0.6,-0.61200005,1.0064111,0.0,0.09853462,0.0,0.0,0.093,0.0,0.012,0.6,0.6,-27.154213,2.2141485,0.7380495,0.16800001,0.0,0.1631844,0.0,0.0
hardzero_only__c0p58__z1p00__lam0p000__nu0p50__psi0p00,0.093,borrow,47,165,0.0,3,-0.6,-0.6,-0.6026269,0.9965988,0.10078623,0.10078623,1.0,0.00937312,0.093,0.0,0.012,0.6,0.6,-26.572582,2.1925611,0.73085374,0.192,0.0,0.17488444,0.0,0.0
hardzero_only__c0p58__z1p00__lam0p000__nu0p50__psi0p00,0.093,borrow,47,166,0.0,3,-0.6,-0.6,-0.61200005,1.0040448,0.0,0.09907299,0.0,0.0,0.093,0.0,0.012,0.6,0.6,-26.633274,2.2089427,0.73631424,0.17600001,0.0,0.16461124,0.0,0.0
hardzero_only__c0p58__z1p00__lam0p000__nu0p50__psi0p00,0.093,borrow,47,167,0.0,3,-0.6,-0.6,-0.61200005,1.0186864,0.0,0.09578853,0.0,0.0,0.093,0.0,0.012,0.6,0.6,-27.377647,2.241155,0.74705166,0.16000001,0.0,0.17204514,0.0,0.0
hardzero_only__c0p58__z1p00__lam0p000__nu0p50__psi0p00,0.093,borrow,47,168,0.0,3,-0.6,-0.6,-0.61200005,1.0220289,0.0,0.09505414,0.0,0.0,0.093,0.0,0.012,0.6,0.6,-27.948269,2.2485085,0.74950284,0.192,0.0,0.16136391,0.0,0.0
hardzero_only__c0p58__z1p00__lam0p000__nu0p50__psi0p00,0.093,borrow,47,169,0.0,3,-0.6,-0.6,-0.60148233,0.9465613,0.11309377,0.11309377,1.0,0.010517721,0.093,0.0,0.012,0.6,0.6,-26.760277,2.0824764,0.6941588,0.14,0.0,0.16147579,0.0,0.0
hardzero_only__c0p58__z1p00__lam0p000__nu0p50__psi0p00,0.093,borrow,47,170,0.0,3,-0.6,-0.6,-0.6017951,0.9596701,0.109731145,0.109731145,1.0,0.010204997,0.093,0.0,0.012,0.6,0.6,-26.25054,2.1113164,0.7037722,0.136,0.0,0.12131935,0.0,0.0
hardzero_only__c0p58__z1p00__lam0p000__nu0p50__psi0p00,0.093,borrow,47,171,0.0,3,-0.6,-0.6,-0.6019113,0.964647,0.10848082,0.10848082,1.0,0.010088717,0.093,0.0,0.012,0.6,0.6,-26.112743,2.1222658,0.70742196,0.15200001,0.0,0.15479857,0.0,0.0
hardzero_only__c0p58__z1p00__lam0p000__nu0p50__psi0p00,0.093,borrow,47,172,0.0,3,-0.6,-0.6,-0.61200005,1.0339273,0.0,0.092485294,0.0,0.0,0.093,0.0,0.012,0.6,0.6,-27.631762,2.2746856,0.75822854,0.128,0.0,0.17884444,0.0,0.0
hardzero_only__c0p58__z1p00__lam0p000__nu0p50__psi0p00,0.093,borrow,47,173,0.0,3,-0.6,-0.6,-0.61200005,1.0218294,0.0,0.09509784,0.0,0.0,0.093,0.0,0.012,0.6,0.6,-27.215046,2.2480695,0.7493565,0.16000001,0.0,0.1661603,0.0,0.0
hardzero_only__c0p58__z1p00__lam0p000__nu0p50__psi0p00,0.093,borrow,47,174,0.0,3,-0.6,-0.6,-0.6021252,0.97395253,0.10618116,0.10618116,1.0,0.009874848,0.093,0.0,0.012,0.6,0.6,-26.954443,2.1427383,0.71424615,0.18400002,0.0,0.16875964,0.0,0.0
hardzero_only__c0p58__z1p00__lam0p000__nu0p50__psi0p00,0.093,borrow,47,175,0.0,3,-0.6,-0.6,-0.60146123,0.94569075,0.1133207,0.1133207,1.0,0.010538826,0.093,0.0,0.012,0.6,0.6,-26.897299,2.0805612,0.6935204,0.216,0.0,0.15797155,0.0,0.0
hardzero_only__c0p58__z1p00__lam0p000__nu0p50__psi0p00,0.093,borrow,47,176,0.0,3,-0.6,-0.6,-0.6023318,0.9831356,0.103959545,0.103959545,1.0,0.0096682375,0.093,0.0,0.012,0.6,0.6,-26.840488,2.1629415,0.7209805,0.16800001,0.0,0.16556257,0.0,0.0
hardzero_only__c0p58__z1p00__lam0p000__nu0p50__psi0p00,0.093,borrow,47,177,0.0,3,-0.6,-0.6,-0.61200005,1.0310823,0.0,0.09309314,0.0,0.0,0.093,0.0,0.012,0.6,0.6,-27.504398,2.2684262,0.7561421,0.112,0.0,0.14765994,0.0,0.0
hardzero_only__c0p58__z1p00__lam0p000__nu0p50__psi0p00,0.093,borrow,47,178,0.0,3,-0.6,-0.6,-0.61200005,1.007429,0.0,0.098303966,0.0,0.0,0.093,0.0,0.012,0.6,0.6,-27.22544,2.216388,0.738796,0.14400001,0.0,0.17454597,0.0,0.0
hardzero_only__c0p58__z1p00__lam0p000__nu0p50__psi0p00,0.093,borrow,47,179,0.0,3,-0.6,-0.6,-0.6023628,0.98452955,0.103626415,0.103626415,1.0,0.009637257,0.093,0.0,0.012,0.6,0.6,-26.310114,2.1660082,0.72200274,0.256,0.0,0.15613616,0.0,0.0
hardzero_only__c0p58__z1p00__lam0p000__nu0p50__psi0p00,0.093,borrow,47,180,0.0,3,-0.6,-0.6,-0.61200005,1.03392,0.0,0.09248684,0.0,0.0,0.093,0.0,0.012,0.6,0.6,-26.573053,2.2746696,0.75822324,0.16000001,0.0,0.181879,0.0,0.0
hardzero_only__c0p58__z1p00__lam0p000__nu0p50__psi0p00,0.093,borrow,47,181,0.0,3,-0.6,-0.6,-0.6024804,0.9898618,0.10236186,0.10236186,1.0,0.009519653,0.093,0.0,0.012,0.6,0.6,-26.23035,2.1777394,0.72591317,0.112,0.0,0.1291492,0.0,0.0
hardzero_only__c0p58__z1p00__lam0p000__nu0p50__psi0p00,0.093,borrow,47,182,0.0,3,-0.6,-0.6,-0.6026932,0.9996805,0.100073576,0.100073576,1.0,0.009306842,0.093,0.0,0.012,0.6,0.6,-27.483559,2.199341,0.7331137,0.13,0.0,0.13571285,0.0,0.0
hardzero_only__c0p58__z1p00__lam0p000__nu0p50__psi0p00,0.093,borrow,47,183,0.0,3,-0.6,-0.6,-0.60235006,0.9839564,0.10376325,0.10376325,1.0,0.009649983,0.093,0.0,0.012,0.6,0.6,-26.87719,2.1647472,0.7215824,0.224,0.0,0.16692866,0.0,0.0
hardzero_only__c0p58__z1p00__lam0p000__nu0p50__psi0p00,0.093,borrow,47,184,0.0,3,-0.6,-0.6,-0.6019175,0.96491337,0.10841432,0.10841432,1.0,0.010082533,0.093,0.0,0.012,0.6,0.6,-26.166056,2.1228518,0.7076173,0.224,0.0,0.15759929,0.0,0.0
hardzero_only__c0p58__z1p00__lam0p000__nu0p50__psi0p00,0.093,borrow,47,185,0.0,3,-0.6,-0.6,-0.61200005,1.0038241,0.0,0.09912333,0.0,0.0,0.093,0.0,0.012,0.6,0.6,-27.496845,2.2084572,0.7361524,0.14400001,0.0,0.14117648,0.0,0.0
hardzero_only__c0p58__z1p00__lam0p000__nu0p50__psi0p00,0.093,borrow,47,186,0.0,3,-0.6,-0.6,-0.6025926,0.9950116,0.10115522,0.10115522,1.0,0.009407436,0.093,0.0,0.012,0.6,0.6,-27.404982,2.1890693,0.7296898,0.208,0.0,0.15645218,0.0,0.0
hardzero_only__c0p58__z1p00__lam0p000__nu0p50__psi0p00,0.093,borrow,47,187,0.0,3,-0.6,-0.6,-0.60254997,0.9930474,0.10161377,0.10161377,1.0,0.009450081,0.093,0.0,0.012,0.6,0.6,-26.831322,2.184748,0.7282493,0.120000005,0.0,0.1322245,0.0,0.0
hardzero_only__c0p58__z1p00__lam0p000__nu0p50__psi0p00,0.093,borrow,47,188,0.0,3,-0.6,-0.6,-0.60260624,0.9956406,0.10100884,0.10100884,1.0,0.009393822,0.093,0.0,0.012,0.6,0.6,-26.715134,2.190453,0.73015106,0.2,0.0,0.12896049,0.0,0.0
hardzero_only__c0p58__z1p00__lam0p000__nu0p50__psi0p00,0.093,borrow,47,189,0.0,3,-0.6,-0.6,-0.61200005,1.06102,0.0,0.08689202,0.0,0.0,0.093,0.0,0.012,0.6,0.6,-28.291973,2.3342907,0.7780969,0.192,0.0,0.1834326,0.0,0.0
hardzero_only__c0p58__z1p00__lam0p000__nu0p50__psi0p00,0.093,borrow,47,190,0.0,3,-0.6,-0.6,-0.6025884,0.9948185,0.10120024,0.10120024,1.0,0.009411623,0.093,0.0,0.012,0.6,0.6,-27.04888,2.1886444,0.72954816,0.128,0.0,0.15967384,0.0,0.0
hardzero_only__c0p58__z1p00__lam0p000__nu0p50__psi0p00,0.093,borrow,47,191,0.0,3,-0.6,-0.6,-0.61200005,1.0510621,0.0,0.08890739,0.0,0.0,0.093,0.0,0.012,0.6,0.6,-28.273846,2.3123827,0.7707943,0.128,0.0,0.2166126,0.0,0.0
hardzero_only__c0p58__z1p00__lam0p000__nu0p50__psi0p00,0.093,borrow,47,192,0.0,3,-0.6,-0.6,-0.61200005,1.0255793,0.0,0.09428023,0.0,0.0,0.093,0.0,0.012,0.6,0.6,-27.894682,2.2563195,0.75210655,0.15200001,0.0,0.16475867,0.0,0.0
hardzero_only__c0p58__z1p00__lam0p000__nu0p50__psi0p00,0.093,borrow,47,193,0.0,3,-0.6,-0.6,-0.6016124,0.9519646,0.111695416,0.111695416,1.0,0.010387674,0.093,0.0,0.012,0.6,0.6,-25.306376,2.094364,0.6981213,0.16000001,0.0,0.13244446,0.0,0.0
hardzero_only__c0p58__z1p00__lam0p000__nu0p50__psi0p00,0.093,borrow,47,194,0.0,3,-0.6,-0.6,-0.6026756,0.9988605,0.10026272,0.10026272,1.0,0.009324433,0.093,0.0,0.012,0.6,0.6,-27.194742,2.197537,0.73251235,0.16800001,0.0,0.15419818,0.0,0.0
hardzero_only__c0p58__z1p00__lam0p000__nu0p50__psi0p00,0.093,borrow,47,195,0.0,3,-0.6,-0.6,-0.602245,0.9792528,0.10489316,0.10489316,1.0,0.009755065,0.093,0.0,0.012,0.6,0.6,-27.202559,2.1543992,0.7181331,0.17,0.0,0.15686676,0.0,0.0
hardzero_only__c0p58__z1p00__lam0p000__nu0p50__psi0p00,0.093,borrow,47,196,0.0,3,-0.6,-0.6,-0.6017928,0.95957357,0.10975553,0.10975553,1.0,0.010207265,0.093,0.0,0.012,0.6,0.6,-25.410872,2.111104,0.7037014,0.15200001,0.0,0.1593205,0.0,0.0
hardzero_only__c0p58__z1p00__lam0p000__nu0p50__psi0p00,0.093,borrow,47,197,0.0,3,-0.6,-0.6,-0.61200005,1.0288225,0.0,0.093578786,0.0,0.0,0.093,0.0,0.012,0.6,0.6,-27.099571,2.2634547,0.7544849,0.16800001,0.0,0.14979434,0.0,0.0
hardzero_only__c0p58__z1p00__lam0p000__nu0p50__psi0p00,0.093,borrow,47,198,0.0,3,-0.6,-0.6,-0.60243106,0.9876172,0.10289228,0.10289228,1.0,0.009568982,0.093,0.0,0.012,0.6,0.6,-26.631842,2.1728013,0.7242671,0.17600001,0.0,0.15239948,0.0,0.0
hardzero_only__c0p58__z1p00__lam0p000__nu0p50__psi0p00,0.093,borrow,47,199,0.0,3,-0.6,-0.6,-0.61200005,1.0052422,0.0,0.09880019,0.0,0.0,0.093,0.0,0.012,0.6,0.6,-26.440226,2.211577,0.73719233,0.128,0.0,0.14578384,0.0,0.0
hardzero_only__c0p58__z1p00__lam0p000__nu0p50__psi0p00,0.093,borrow,47,200,0.0,3,-0.6,-0.6,-0.61200005,1.0311915,0.0,0.09306975,0.0,0.0,0.093,0.0,0.012,0.6,0.6,-28.057981,2.2686665,0.7562222,0.14400001,0.0,0.17226906,0.0,0.0
hardzero_only__c0p58__z1p00__lam0p000__nu0p50__psi0p00,0.093,borrow,47,201,0.0,3,-0.6,-0.6,-0.6025984,0.99527997,0.101092756,0.101092756,1.0,0.009401627,0.093,0.0,0.012,0.6,0.6,-27.281502,2.1896596,0.72988653,0.24000001,0.0,0.14569877,0.0,0.0
hardzero_only__c0p58__z1p00__lam0p000__nu0p50__psi0p00,0.093,borrow,47,202,0.0,3,-0.6,-0.6,-0.60249925,0.9907236,0.10215894,0.10215894,1.0,0.009500782,0.093,0.0,0.012,0.6,0.6,-27.214754,2.1796355,0.7265452,0.2,0.0,0.14090362,0.0,0.0
hardzero_only__c0p58__z1p00__lam0p000__nu0p50__psi0p00,0.093,borrow,47,203,0.0,3,-0.6,-0.6,-0.60242075,0.98714787,0.10300354,0.10300354,1.0,0.00957933,0.093,0.0,0.012,0.6,0.6,-26.314201,2.1717687,0.7239229,0.2,0.0,0.15014254,0.0,0.0
hardzero_only__c0p58__z1p00__lam0p000__nu0p50__psi0p00,0.093,borrow,47,204,0.0,3,-0.6,-0.6,-0.60227364,0.98053056,0.10458501,0.10458501,1.0,0.009726406,0.093,0.0,0.012,0.6,0.6,-27.14748,2.1572104,0.71907014,0.104,0.0,0.16432935,0.0,0.0
hardzero_only__c0p58__z1p00__lam0p000__nu0p50__psi0p00,0.093,borrow,47,205,0.0,3,-0.6,-0.6,-0.61200005,1.0178627,0.0,0.0959704,0.0,0.0,0.093,0.0,0.012,0.6,0.6,-27.789568,2.2393427,0.74644756,0.136,0.0,0.17574169,0.0,0.0
hardzero_only__c0p58__z1p00__lam0p000__nu0p50__psi0p00,0.093,borrow,47,206,0.0,3,-0.6,-0.6,-0.61200005,1.0003489,0.0,0.099919684,0.0,0.0,0.093,0.0,0.012,0.6,0.6,-27.288269,2.2008116,0.7336039,0.2,0.0,0.15598738,0.0,0.0
hardzero_only__c0p58__z1p00__lam0p000__nu0p50__psi0p00,0.093,borrow,47,207,0.0,3,-0.6,-0.6,-0.601966,0.96700686,0.10789295,0.10789295,1.0,0.010034045,0.093,0.0,0.012,0.6,0.6,-26.855865,2.1274576,0.7091526,0.208,0.0,0.1617858,0.0,0.0
hardzero_only__c0p58__z1p00__lam0p000__nu0p50__psi0p00,0.093,borrow,47,208,0.0,3,-0.6,-0.6,-0.601242,0.93675023,0.11567773,0.11567773,1.0,0.010758029,0.093,0.0,0.012,0.6,0.6,-26.14705,2.0608916,0.6869639,0.19999999,0.0,0.1487153,0.0,0.0
hardzero_only__c0p58__z1p00__lam0p000__nu0p50__psi0p00,0.093,borrow,47,209,0.0,3,-0.6,-0.6,-0.61200005,1.0258647,0.0,0.0942183,0.0,0.0,0.093,0.0,0.012,0.6,0.6,-27.552048,2.2569475,0.7523159,0.08800001,0.0,0.1453241,0.0,0.0
hardzero_only__c0p58__z1p00__lam0p000__nu0p50__psi0p00,0.093,borrow,47,210,0.0,3,-0.6,-0.6,-0.61200005,1.002281,0.0,0.09947616,0.0,0.0,0.093,0.0,0.012,0.6,0.6,-26.11599,2.2050622,0.73502076,0.16000001,0.0,0.13243513,0.0,0.0
hardzero_only__c0p58__z1p00__lam0p000__nu0p50__psi0p00,0.093,borrow,47,211,0.0,3,-0.6,-0.6,-0.61200005,1.0602162,0.0,0.087053016,0.0,0.0,0.093,0.0,0.012,0.6,0.6,-27.57825,2.3325222,0.7775074,0.112,0.0,0.180468,0.0,0.0
hardzero_only__c0p58__z1p00__lam0p000__nu0p50__psi0p00,0.093,borrow,47,212,0.0,3,-0.6,-0.6,-0.61200005,1.071537,0.0,0.0848131,0.0,0.0,0.093,0.0,0.012,0.6,0.6,-28.343693,2.3574286,0.7858095,0.15200001,0.0,0.15702187,0.0,0.0
hardzero_only__c0p58__z1p00__lam0p000__nu0p50__psi0p00,0.093,borrow,47,213,0.0,3,-0.6,-0.6,-0.61200005,1.0483062,0.0,0.08947337,0.0,0.0,0.093,0.0,0.012,0.6,0.6,-27.428799,2.3063197,0.76877326,0.14400001,0.0,0.14806959,0.0,0.0
hardzero_only__c0p58__z1p00__lam0p000__nu0p50__psi0p00,0.093,borrow,47,214,0.0,3,-0.6,-0.6,-0.6023867,0.9856095,0.10336905,0.10336905,1.0,0.009613322,0.093,0.0,0.012,0.6,0.6,-26.47097,2.168384,0.7227947,0.2,0.008,0.1538339,0.0,0.0
hardzero_only__c0p58__z1p00__lam0p000__nu0p50__psi0p00,0.093,borrow,47,215,0.0,3,-0.6,-0.6,-0.60258526,0.99467283,0.10123417,0.10123417,1.0,0.009414778,0.093,0.0,0.012,0.6,0.6,-26.481443,2.188324,0.72944134,0.136,0.0,0.14773177,0.0,0.0
hardzero_only__c0p58__z1p00__lam0p000__nu0p50__psi0p00,0.093,borrow,47,216,0.0,3,-0.6,-0.6,-0.6020239,0.96952087,0.10727022,0.10727022,1.0,0.009976131,0.093,0.0,0.012,0.6,0.6,-26.570618,2.1329885,0.71099615,0.216,0.0,0.14602989,0.0,0.0
hardzero_only__c0p58__z1p00__lam0p000__nu0p50__psi0p00,0.093,borrow,47,217,0.0,3,-0.6,-0.6,-0.6017501,0.95776045,0.11021471,0.11021471,1.0,0.010249969,0.093,0.0,0.012,0.6,0.6,-27.08206,2.107115,0.7023717,0.14400001,0.0,0.14460473,0.0,0.0
hardzero_only__c0p58__z1p00__lam0p000__nu0p50__psi0p00,0.093,borrow,47,218,0.0,3,-0.6,-0.6,-0.6025401,0.9925932,0.1017201,0.1017201,1.0,0.00945997,0.093,0.0,0.012,0.6,0.6,-26.53583,2.1837487,0.72791624,0.23200001,0.0,0.13780774,0.0,0.0
hardzero_only__c0p58__z1p00__lam0p000__nu0p50__psi0p00,0.093,borrow,47,219,0.0,3,-0.6,-0.6,-0.60155505,0.94957536,0.1123116,0.1123116,1.0,0.010444979,0.093,0.0,0.012,0.6,0.6,-26.436224,2.0891075,0.6963692,0.136,0.0,0.14220956,0.0,0.0
hardzero_only__c0p58__z1p00__lam0p000__nu0p50__psi0p00,0.093,borrow,47,220,0.0,3,-0.6,-0.6,-0.6024508,0.9885127,0.10268033,0.10268033,1.0,0.009549271,0.093,0.0,0.012,0.6,0.6,-26.514643,2.1747713,0.7249238,0.072000004,0.0,0.14243494,0.0,0.0
hardzero_only__c0p58__z1p00__lam0p000__nu0p50__psi0p00,0.093,borrow,47,221,0.0,3,-0.6,-0.6,-0.6023529,0.9840857,0.10373237,0.10373237,1.0,0.0096471105,0.093,0.0,0.012,0.6,0.6,-26.4924,2.1650317,0.72167724,0.17999999,0.0,0.13192606,0.0,0.0
hardzero_only__c0p58__z1p00__lam0p000__nu0p50__psi0p00,0.093,borrow,47,222,0.0,3,-0.6,-0.6,-0.6025636,0.9936766,0.10146667,0.10146667,1.0,0.009436401,0.093,0.0,0.012,0.6,0.6,-27.145708,2.1861322,0.7287108,0.224,0.0,0.16589202,0.0,0.0
hardzero_only__c0p58__z1p00__lam0p000__nu0p50__psi0p00,0.093,borrow,47,223,0.0,3,-0.6,-0.6,-0.60172355,0.95663786,0.11049995,0.11049995,1.0,0.0102764955,0.093,0.0,0.012,0.6,0.6,-26.866032,2.1046453,0.70154846,0.18400002,0.0,0.13932724,0.0,0.0
hardzero_only__c0p58__z1p00__lam0p000__nu0p50__psi0p00,0.093,borrow,47,224,0.0,3,-0.6,-0.6,-0.60260665,0.9956604,0.10100424,0.10100424,1.0,0.009393395,0.093,0.0,0.012,0.6,0.6,-25.774872,2.1904967,0.7301656,0.136,0.0,0.169397,0.0,0.0
hardzero_only__c0p58__z1p00__lam0p000__nu0p50__psi0p00,0.093,borrow,47,225,0.0,3,-0.6,-0.6,-0.61200005,1.0155485,0.0,0.09648316,0.0,0.0,0.093,0.0,0.012,0.6,0.6,-27.141172,2.2342513,0.74475044,0.136,0.0,0.18513156,0.0,0.0
hardzero_only__c0p58__z1p00__lam0p000__nu0p50__psi0p00,0.093,borrow,47,226,0.0,3,-0.6,-0.6,-0.60212064,0.9737528,0.106230006,0.106230006,1.0,0.009879391,0.093,0.0,0.012,0.6,0.6,-26.402056,2.142299,0.71409965,0.15200001,0.0,0.14460172,0.0,0.0
hardzero_only__c0p58__z1p00__lam0p000__nu0p50__psi0p00,0.093,borrow,47,227,0.0,3,-0.6,-0.6,-0.61200005,1.0036621,0.0,0.099160306,0.0,0.0,0.093,0.0,0.012,0.6,0.6,-26.679422,2.2081008,0.7360336,0.128,0.0,0.17421283,0.0,0.0
hardzero_only__c0p58__z1p00__lam0p000__nu0p50__psi0p00,0.093,borrow,47,228,0.0,3,-0.6,-0.6,-0.61200005,1.0065277,0.0,0.0985082,0.0,0.0,0.093,0.0,0.012,0.6,0.6,-26.913143,2.214405,0.73813504,0.16000001,0.0,0.13243721,0.0,0.0
hardzero_only__c0p58__z1p00__lam0p000__nu0p50__psi0p00,0.093,borrow,47,229,0.0,3,-0.6,-0.6,-0.61200005,1.0098989,0.0,0.09774646,0.0,0.0,0.093,0.0,0.012,0.6,0.6,-27.428352,2.221822,0.7406074,0.15200001,0.0,0.15955994,0.0,0.0
hardzero_only__c0p58__z1p00__lam0p000__nu0p50__psi0p00,0.093,borrow,47,230,0.0,3,-0.6,-0.6,-0.6024039,0.9863844,0.10318477,0.10318477,1.0,0.009596184,0.093,0.0,0.012,0.6,0.6,-26.189653,2.170089,0.72336304,0.24000001,0.0,0.12889706,0.0,0.0
hardzero_only__c0p58__z1p00__lam0p000__nu0p50__psi0p00,0.093,borrow,47,231,0.0,3,-0.6,-0.6,-0.60255325,0.9931972,0.10157874,0.10157874,1.0,0.009446823,0.093,0.0,0.012,0.6,0.6,-26.234398,2.1850774,0.72835916,0.15200001,0.0,0.16433701,0.0,0.0
hardzero_only__c0p58__z1p00__lam0p000__nu0p50__psi0p00,0.093,borrow,47,232,0.0,3,-0.6,-0.6,-0.61200005,1.0461267,0.0,0.089923516,0.0,0.0,0.093,0.0,0.012,0.6,0.6,-28.455662,2.3015246,0.7671749,0.136,0.0,0.17766267,0.0,0.0
hardzero_only__c0p58__z1p00__lam0p000__nu0p50__psi0p00,0.093,borrow,47,233,0.0,3,-0.6,-0.6,-0.61200005,1.006501,0.0,0.09851423,0.0,0.0,0.093,0.0,0.012,0.6,0.6,-26.724733,2.2143464,0.7381155,0.15200001,0.0,0.15945122,0.0,0.0
hardzero_only__c0p58__z1p00__lam0p000__nu0p50__psi0p00,0.093,borrow,47,234,0.0,3,-0.6,-0.6,-0.61200005,1.0287766,0.0,0.093588695,0.0,0.0,0.093,0.0,0.012,0.6,0.6,-27.13738,2.2633538,0.7544513,0.16,0.0,0.14701386,0.0,0.0
hardzero_only__c0p58__z1p00__lam0p000__nu0p50__psi0p00,0.093,borrow,47,235,0.0,3,-0.6,-0.6,-0.60254556,0.9928462,0.10166087,0.10166087,1.0,0.009454461,0.093,0.0,0.012,0.6,0.6,-26.511913,2.1843052,0.72810173,0.14400001,0.0,0.15347314,0.0,0.0
hardzero_only__c0p58__z1p00__lam0p000__nu0p50__psi0p00,0.093,borrow,47,236,0.0,3,-0.6,-0.6,-0.61200005,1.0401528,0.0,0.09116901,0.0,0.0,0.093,0.0,0.012,0.6,0.6,-27.184072,2.2883818,0.76279396,0.136,0.0,0.15673104,0.0,0.0
hardzero_only__c0p58__z1p00__lam0p000__nu0p50__psi0p00,0.093,borrow,47,237,0.0,3,-0.6,-0.6,-0.61200005,1.0053902,0.0,0.098766536,0.0,0.0,0.093,0.0,0.012,0.6,0.6,-26.58759,2.2119026,0.7373009,0.120000005,0.0,0.17554863,0.0,0.0
hardzero_only__c0p58__z1p00__lam0p000__nu0p50__psi0p00,0.093,borrow,47,238,0.0,3,-0.6,-0.6,-0.61200005,1.0732328,0.0,0.084482595,0.0,0.0,0.093,0.0,0.012,0.6,0.6,-28.110788,2.3611593,0.7870531,0.14400001,0.0,0.15054761,0.0,0.0
hardzero_only__c0p58__z1p00__lam0p000__nu0p50__psi0p00,0.093,borrow,47,239,0.0,3,-0.6,-0.6,-0.60234475,0.9837173,0.1038204,0.1038204,1.0,0.009655298,0.093,0.0,0.012,0.6,0.6,-26.267475,2.1642213,0.7214071,0.14400001,0.0,0.15420829,0.0,0.0
hardzero_only__c0p58__z1p00__lam0p000__nu0p50__psi0p00,0.093,borrow,47,240,0.0,3,-0.6,-0.6,-0.6024588,0.9888769,0.102594264,0.102594264,1.0,0.009541267,0.093,0.0,0.012,0.6,0.6,-27.086042,2.1755726,0.7251909,0.2,0.0,0.15515065,0.0,0.0
hardzero_only__c0p58__z1p00__lam0p000__nu0p50__psi0p00,0.093,borrow,47,241,0.0,3,-0.6,-0.6,-0.60181844,0.9606665,0.10947967,0.10947967,1.0,0.01018161,0.093,0.0,0.012,0.6,0.6,-26.536537,2.1135085,0.7045028,0.17600001,0.0,0.16123584,0.0,0.0
hardzero_only__c0p58__z1p00__lam0p000__nu0p50__psi0p00,0.093,borrow,47,242,0.0,3,-0.6,-0.6,-0.61200005,1.0267917,0.0,0.09401742,0.0,0.0,0.093,0.0,0.012,0.6,0.6,-28.015076,2.2589867,0.7529956,0.192,0.0,0.17391574,0.0,0.0
hardzero_only__c0p58__z1p00__lam0p000__nu0p50__psi0p00,0.093,borrow,47,243,0.0,3,-0.6,-0.6,-0.61200005,1.0125732,0.0,0.097146414,0.0,0.0,0.093,0.0,0.012,0.6,0.6,-26.783724,2.2277057,0.7425686,0.17600001,0.0,0.14568754,0.0,0.0
hardzero_only__c0p58__z1p00__lam0p000__nu0p50__psi0p00,0.093,borrow,47,244,0.0,3,-0.6,-0.6,-0.61200005,1.0035108,0.0,0.099194854,0.0,0.0,0.093,0.0,0.012,0.6,0.6,-26.795141,2.207768,0.7359227,0.14400001,0.0,0.15235579,0.0,0.0
hardzero_only__c0p58__z1p00__lam0p000__nu0p50__psi0p00,0.093,borrow,47,245,0.0,3,-0.6,-0.6,-0.6026454,0.99745405,0.10058795,0.10058795,1.0,0.00935468,0.093,0.0,0.012,0.6,0.6,-27.397642,2.1944427,0.73148096,0.2,0.0,0.16082306,0.0,0.0
hardzero_only__c0p58__z1p00__lam0p000__nu0p50__psi0p00,0.093,borrow,47,246,0.0,3,-0.6,-0.6,-0.60248953,0.990278,0.10226382,0.10226382,1.0,0.009510536,0.093,0.0,0.012,0.6,0.6,-27.435768,2.1786551,0.7262184,0.18400002,0.0,0.15007056,0.0,0.0
hardzero_only__c0p58__z1p00__lam0p000__nu0p50__psi0p00,0.093,borrow,47,247,0.0,3,-0.6,-0.6,-0.61200005,1.070392,0.0,0.08503701,0.0,0.0,0.093,0.0,0.012,0.6,0.6,-27.819092,2.3549094,0.7849698,0.08,0.0,0.15163358,0.0,0.0
hardzero_only__c0p58__z1p00__lam0p000__nu0p50__psi0p00,0.093,borrow,47,248,0.0,3,-0.6,-0.6,-0.6022198,0.9781332,0.10516393,0.10516393,1.0,0.009780246,0.093,0.0,0.012,0.6,0.6,-26.2586,2.151936,0.71731204,0.17600001,0.0,0.14427209,0.0,0.0
hardzero_only__c0p58__z1p00__lam0p000__nu0p50__psi0p00,0.093,borrow,47,249,0.0,3,-0.6,-0.6,-0.6017822,0.9591248,0.109869,0.109869,1.0,0.0102178175,0.093,0.0,0.012,0.6,0.6,-26.274704,2.1101167,0.70337224,0.216,0.0,0.15217529,0.0,0.0
hardzero_only__c0p58__z1p00__lam0p000__nu0p50__psi0p00,0.093,borrow,47,250,0.0,3,-0.6,-0.6,-0.60243523,0.9878063,0.10284747,0.10284747,1.0,0.009564815,0.093,0.0,0.012,0.6,0.6,-26.729115,2.1732173,0.72440577,0.14400001,0.0,0.15294564,0.0,0.0
hardzero_only__c0p58__z1p00__lam0p000__nu0p50__psi0p00,0.093,borrow,47,251,0.0,3,-0.6,-0.6,-0.61200005,1.0343422,0.0,0.09239698,0.0,0.0,0.093,0.0,0.012,0.6,0.6,-27.316422,2.2755983,0.75853276,0.104,0.0,0.16249104,0.0,0.0
hardzero_only__c0p58__z1p00__lam0p000__nu0p50__psi0p00,0.093,borrow,47,252,0.0,3,-0.6,-0.6,-0.6026559,0.9979436,0.10047462,0.10047462,1.0,0.00934414,0.093,0.0,0.012,0.6,0.6,-26.824934,2.1955197,0.7318399,0.16000001,0.0,0.14788553,0.0,0.0
hardzero_only__c0p58__z1p00__lam0p000__nu0p50__psi0p00,0.093,borrow,47,253,0.0,3,-0.6,-0.6,-0.6017841,0.95920455,0.10984883,0.10984883,1.0,0.010215941,0.093,0.0,0.012,0.6,0.6,-26.155186,2.1102922,0.7034308,0.15200001,0.0,0.15200552,0.0,0.0
hardzero_only__c0p58__z1p00__lam0p000__nu0p50__psi0p00,0.093,borrow,47,254,0.0,3,-0.6,-0.6,-0.61200005,1.0313344,0.0,0.09303911,0.0,0.0,0.093,0.0,0.012,0.6,0.6,-27.301361,2.268981,0.75632703,0.128,0.0,0.16517255,0.0,0.0
hardzero_only__c0p58__z1p00__lam0p000__nu0p50__psi0p00,0.093,borrow,47,255,0.0,3,-0.6,-0.6,-0.6024844,0.9900461,0.10231843,0.10231843,1.0,0.009515614,0.093,0.0,0.012,0.6,0.6,-26.45395,2.178145,0.72604835,0.120000005,0.0,0.16257142,0.0,0.0
hardzero_only__c0p58__z1p00__lam0p000__nu0p50__psi0p00,0.093,borrow,47,256,0.0,3,-0.6,-0.6,-0.601587,0.9509041,0.111968525,0.111968525,1.0,0.010413073,0.093,0.0,0.012,0.6,0.6,-25.999027,2.0920308,0.6973436,0.17600001,0.0,0.14407225,0.0,0.0
hardzero_only__c0p58__z1p00__lam0p000__nu0p50__psi0p00,0.093,borrow,47,257,0.0,3,-0.6,-0.6,-0.6013526,0.9412351,0.11448929,0.11448929,1.0,0.010647504,0.093,0.0,0.012,0.6,0.6,-25.147606,2.0707586,0.6902529,0.208,0.0,0.13282552,0.0,0.0
hardzero_only__c0p58__z1p00__lam0p000__nu0p50__psi0p00,0.093,borrow,47,258,0.0,3,-0.6,-0.6,-0.61200005,1.025359,0.0,0.094328076,0.0,0.0,0.093,0.0,0.012,0.6,0.6,-27.909185,2.2558348,0.75194496,0.16800001,0.0,0.16361831,0.0,0.0
hardzero_only__c0p58__z1p00__lam0p000__nu0p50__psi0p00,0.093,borrow,47,259,0.0,3,-0.6,-0.6,-0.61200005,1.023287,0.0,0.09477918,0.0,0.0,0.093,0.0,0.012,0.6,0.6,-26.163002,2.2512765,0.7504255,0.14400001,0.0,0.13967474,0.0,0.0
hardzero_only__c0p58__z1p00__lam0p000__nu0p50__psi0p00,0.093,borrow,47,260,0.0,3,-0.6,-0.6,-0.6024778,0.98974395,0.10238964,0.10238964,1.0,0.009522237,0.093,0.0,0.012,0.6,0.6,-25.865568,2.1774802,0.72582674,0.17,0.0,0.13830897,0.0,0.0
hardzero_only__c0p58__z1p00__lam0p000__nu0p50__psi0p00,0.093,borrow,47,261,0.0,3,-0.6,-0.6,-0.61200005,1.0029767,0.0,0.09931693,0.0,0.0,0.093,0.0,0.012,0.6,0.6,-26.444872,2.2065928,0.735531,0.208,0.0,0.16821235,0.0,0.0
hardzero_only__c0p58__z1p00__lam0p000__nu0p50__psi0p00,0.093,borrow,47,262,0.0,3,-0.6,-0.6,-0.61200005,1.0216864,0.0,0.09512914,0.0,0.0,0.093,0.0,0.012,0.6,0.6,-27.154282,2.247755,0.7492517,0.224,0.0,0.16654041,0.0,0.0
hardzero_only__c0p58__z1p00__lam0p000__nu0p50__psi0p00,0.093,borrow,47,263,0.0,3,-0.6,-0.6,-0.6017838,0.959192,0.109852,0.109852,1.0,0.010216236,0.093,0.0,0.012,0.6,0.6,-26.74423,2.1102645,0.70342153,0.224,0.008,0.14947513,0.0,0.0
hardzero_only__c0p58__z1p00__lam0p000__nu0p50__psi0p00,0.093,borrow,47,264,0.0,3,-0.6,-0.6,-0.6022098,0.97768956,0.10527139,0.10527139,1.0,0.00979024,0.093,0.0,0.012,0.6,0.6,-27.469658,2.15096,0.71698666,0.14400001,0.0,0.1512986,0.0,0.0
hardzero_only__c0p58__z1p00__lam0p000__nu0p50__psi0p00,0.093,borrow,47,265,0.0,3,-0.6,-0.6,-0.60160714,0.9517459,0.111751676,0.111751676,1.0,0.010392906,0.093,0.0,0.012,0.6,0.6,-26.124868,2.0938828,0.697961,0.216,0.0,0.1382306,0.0,0.0
hardzero_only__c0p58__z1p00__lam0p000__nu0p50__psi0p00,0.093,borrow,47,266,0.0,3,-0.6,-0.6,-0.60188776,0.96363366,0.10873425,0.10873425,1.0,0.010112286,0.093,0.0,0.012,0.6,0.6,-26.433952,2.1200364,0.7066788,0.192,0.0,0.13847822,0.0,0.0
hardzero_only__c0p58__z1p00__lam0p000__nu0p50__psi0p00,0.093,borrow,47,267,0.0,3,-0.6,-0.6,-0.60145295,0.94534916,0.11340987,0.11340987,1.0,0.010547118,0.093,0.0,0.012,0.6,0.6,-25.7023,2.0798097,0.6932699,0.208,0.008,0.13798389,0.0,0.0
hardzero_only__c0p58__z1p00__lam0p000__nu0p50__psi0p00,0.093,borrow,47,268,0.0,3,-0.6,-0.6,-0.6025916,0.9949637,0.10116639,0.10116639,1.0,0.009408475,0.093,0.0,0.012,0.6,0.6,-26.749096,2.188964,0.72965467,0.17600001,0.0,0.14683387,0.0,0.0
hardzero_only__c0p58__z1p00__lam0p000__nu0p50__psi0p00,0.093,borrow,47,269,0.0,3,-0.6,-0.6,-0.61200005,1.0258715,0.0,0.09421683,0.0,0.0,0.093,0.0,0.012,0.6,0.6,-28.172733,2.2569623,0.75232077,0.120000005,0.0,0.14538655,0.0,0.0
hardzero_only__c0p58__z1p00__lam0p000__nu0p50__psi0p00,0.093,borrow,47,270,0.0,3,-0.6,-0.6,-0.602258,0.9798331,0.104753084,0.104753084,1.0,0.009742037,0.093,0.0,0.012,0.6,0.6,-26.38826,2.155676,0.71855867,0.2,0.0,0.13702713,0.0,0.0
hardzero_only__c0p58__z1p00__lam0p000__nu0p50__psi0p00,0.093,borrow,47,271,0.0,3,-0.6,-0.6,-0.6019627,0.96686274,0.107928775,0.107928775,1.0,0.010037377,0.093,0.0,0.012,0.6,0.6,-26.502459,2.1271405,0.70904684,0.24800001,0.0,0.14112195,0.0,0.0
hardzero_only__c0p58__z1p00__lam0p000__nu0p50__psi0p00,0.093,borrow,47,272,0.0,3,-0.6,-0.6,-0.6022922,0.9813593,0.10438562,0.10438562,1.0,0.009707863,0.093,0.0,0.012,0.6,0.6,-26.187199,2.1590335,0.71967787,0.15200001,0.0,0.15180148,0.0,0.0
hardzero_only__c0p58__z1p00__lam0p000__nu0p50__psi0p00,0.093,borrow,47,273,0.0,3,-0.6,-0.6,-0.61200005,1.0258181,0.0,0.0942284,0.0,0.0,0.093,0.0,0.012,0.6,0.6,-27.963043,2.256845,0.75228167,0.12,0.0,0.13797918,0.0,0.0
hardzero_only__c0p58__z1p00__lam0p000__nu0p50__psi0p00,0.093,borrow,47,274,0.0,3,-0.6,-0.6,-0.60216194,0.975572,0.10578594,0.10578594,1.0,0.009838093,0.093,0.0,0.012,0.6,0.6,-27.967817,2.1463013,0.7154338,0.136,0.0,0.16636632,0.0,0.0
hardzero_only__c0p58__z1p00__lam0p000__nu0p50__psi0p00,0.093,borrow,47,275,0.0,3,-0.6,-0.6,-0.61200005,1.0040026,0.0,0.099082604,0.0,0.0,0.093,0.0,0.012,0.6,0.6,-26.485876,2.2088497,0.73628324,0.16800001,0.0,0.17687558,0.0,0.0
hardzero_only__c0p58__z1p00__lam0p000__nu0p50__psi0p00,0.093,borrow,47,276,0.0,3,-0.6,-0.6,-0.61200005,1.0069643,0.0,0.09840918,0.0,0.0,0.093,0.0,0.012,0.6,0.6,-27.426958,2.2153656,0.73845524,0.192,0.0,0.15905942,0.0,0.0
hardzero_only__c0p58__z1p00__lam0p000__nu0p50__psi0p00,0.093,borrow,47,277,0.0,3,-0.6,-0.6,-0.60181737,0.96062154,0.10949101,0.10949101,1.0,0.010182665,0.093,0.0,0.012,0.6,0.6,-26.658783,2.1134095,0.70446986,0.18400002,0.0,0.155355,0.0,0.0
hardzero_only__c0p58__z1p00__lam0p000__nu0p50__psi0p00,0.093,borrow,47,278,0.0,3,-0.6,-0.6,-0.61200005,1.0273788,0.0,0.093890406,0.0,0.0,0.093,0.0,0.012,0.6,0.6,-27.576723,2.2602785,0.7534262,0.14400001,0.0,0.16259846,0.0,0.0
hardzero_only__c0p58__z1p00__lam0p000__nu0p50__psi0p00,0.093,borrow,47,279,0.0,3,-0.6,-0.6,-0.61200005,1.0604913,0.0,0.08699787,0.0,0.0,0.093,0.0,0.012,0.6,0.6,-27.695982,2.3331275,0.7777092,0.15200001,0.0,0.16924503,0.0,0.0
hardzero_only__c0p58__z1p00__lam0p000__nu0p50__psi0p00,0.093,borrow,47,280,0.0,3,-0.6,-0.6,-0.61200005,1.0111096,0.0,0.09747435,0.0,0.0,0.093,0.0,0.012,0.6,0.6,-27.385244,2.2244854,0.74149513,0.128,0.0,0.15815547,0.0,0.0
hardzero_only__c0p58__z1p00__lam0p000__nu0p50__psi0p00,0.093,borrow,47,281,0.0,3,-0.6,-0.6,-0.60251546,0.99146426,0.101984866,0.101984866,1.0,0.009484593,0.093,0.0,0.012,0.6,0.6,-26.830856,2.1812649,0.72708833,0.18400002,0.0,0.1557064,0.0,0.0
hardzero_only__c0p58__z1p00__lam0p000__nu0p50__psi0p00,0.093,borrow,47,282,0.0,3,-0.6,-0.6,-0.6025581,0.9934211,0.1015264,0.1015264,1.0,0.009441956,0.093,0.0,0.012,0.6,0.6,-26.606848,2.18557,0.7285234,0.14400001,0.0,0.14485705,0.0,0.0
hardzero_only__c0p58__z1p00__lam0p000__nu0p50__psi0p00,0.093,borrow,47,283,0.0,3,-0.6,-0.6,-0.61200005,1.0478764,0.0,0.08956196,0.0,0.0,0.093,0.0,0.012,0.6,0.6,-27.343992,2.3053741,0.76845807,0.128,0.0,0.15060262,0.0,0.0
hardzero_only__c0p58__z1p00__lam0p000__nu0p50__psi0p00,0.093,borrow,47,284,0.0,3,-0.6,-0.6,-0.6026797,0.999052,0.100218534,0.100218534,1.0,0.009320324,0.093,0.0,0.012,0.6,0.6,-27.116072,2.1979582,0.7326528,0.16000001,0.0,0.1317151,0.0,0.0
hardzero_only__c0p58__z1p00__lam0p000__nu0p50__psi0p00,0.093,borrow,47,285,0.0,3,-0.6,-0.6,-0.61200005,1.0335901,0.0,0.09255715,0.0,0.0,0.093,0.0,0.012,0.6,0.6,-27.919983,2.2739437,0.75798124,0.136,0.0,0.16380343,0.0,0.0
hardzero_only__c0p58__z1p00__lam0p000__nu0p50__psi0p00,0.093,borrow,47,286,0.0,3,-0.6,-0.6,-0.6021069,0.97315013,0.10637751,0.10637751,1.0,0.009893109,0.093,0.0,0.012,0.6,0.6,-26.823887,2.140973,0.71365774,0.16,0.01,0.17151785,0.0,0.0
hardzero_only__c0p58__z1p00__lam0p000__nu0p50__psi0p00,0.093,borrow,47,287,0.0,3,-0.6,-0.6,-0.61200005,1.0154377,0.0,0.09650775,0.0,0.0,0.093,0.0,0.012,0.6,0.6,-26.847534,2.2340076,0.7446692,0.136,0.0,0.14792982,0.0,0.0
hardzero_only__c0p58__z1p00__lam0p000__nu0p50__psi0p00,0.093,borrow,47,288,0.0,3,-0.6,-0.6,-0.602319,0.98256123,0.10409712,0.10409712,1.0,0.009681032,0.093,0.0,0.012,0.6,0.6,-27.438032,2.1616778,0.7205593,0.18400002,0.0,0.18089458,0.0,0.0
hardzero_only__c0p58__z1p00__lam0p000__nu0p50__psi0p00,0.093,borrow,47,289,0.0,3,-0.6,-0.6,-0.61200005,1.0011139,0.0,0.099743836,0.0,0.0,0.093,0.0,0.012,0.6,0.6,-26.869835,2.2024946,0.7341649,0.16800001,0.0,0.16723575,0.0,0.0
hardzero_only__c0p58__z1p00__lam0p000__nu0p50__psi0p00,0.093,borrow,47,290,0.0,3,-0.6,-0.6,-0.61200005,1.008555,0.0,0.09804938,0.0,0.0,0.093,0.0,0.012,0.6,0.6,-27.462229,2.2188654,0.7396218,0.136,0.0,0.16667324,0.0,0.0
hardzero_only__c0p58__z1p00__lam0p000__nu0p50__psi0p00,0.093,borrow,47,291,0.0,3,-0.6,-0.6,-0.61200005,1.0187904,0.0,0.09576563,0.0,0.0,0.093,0.0,0.012,0.6,0.6,-27.11123,2.2413836,0.7471279,0.16800001,0.0,0.1505132,0.0,0.0
hardzero_only__c0p58__z1p00__lam0p000__nu0p50__psi0p00,0.093,borrow,47,292,0.0,3,-0.6,-0.6,-0.61200005,1.0382695,0.0,0.09156521,0.0,0.0,0.093,0.0,0.012,0.6,0.6,-27.423618,2.2842386,0.76141286,0.17600001,0.0,0.14219679,0.0,0.0
hardzero_only__c0p58__z1p00__lam0p000__nu0p50__psi0p00,0.093,borrow,47,293,0.0,3,-0.6,-0.6,-0.6025983,0.99527377,0.1010942,0.1010942,1.0,0.009401761,0.093,0.0,0.012,0.6,0.6,-27.28517,2.189646,0.729882,0.17600001,0.0,0.14662103,0.0,0.0
hardzero_only__c0p58__z1p00__lam0p000__nu0p50__psi0p00,0.093,borrow,47,294,0.0,3,-0.6,-0.6,-0.61200005,1.040201,0.0,0.0911589,0.0,0.0,0.093,0.0,0.012,0.6,0.6,-28.37093,2.288488,0.7628293,0.136,0.0,0.17590435,0.0,0.0
hardzero_only__c0p58__z1p00__lam0p000__nu0p50__psi0p00,0.093,borrow,47,295,0.0,3,-0.6,-0.6,-0.61200005,1.0082669,0.0,0.09811446,0.0,0.0,0.093,0.0,0.012,0.6,0.6,-26.383114,2.2182314,0.7394105,0.16800001,0.0,0.13912673,0.0,0.0
hardzero_only__c0p58__z1p00__lam0p000__nu0p50__psi0p00,0.093,borrow,47,296,0.0,3,-0.6,-0.6,-0.61200005,1.0219193,0.0,0.09507816,0.0,0.0,0.093,0.0,0.012,0.6,0.6,-26.714298,2.2482672,0.74942243,0.17600001,0.0,0.14864878,0.0,0.0
hardzero_only__c0p58__z1p00__lam0p000__nu0p50__psi0p00,0.093,borrow,47,297,0.0,3,-0.6,-0.6,-0.60146946,0.94602984,0.11323225,0.11323225,1.0,0.010530599,0.093,0.0,0.012,0.6,0.6,-26.619688,2.0813072,0.6937691,0.2,0.0,0.13305005,0.0,0.0
hardzero_only__c0p58__z1p00__lam0p000__nu0p50__psi0p00,0.093,borrow,47,298,0.0,3,-0.6,-0.6,-0.61200005,1.0436412,0.0,0.09043962,0.0,0.0,0.093,0.0,0.012,0.6,0.6,-26.923372,2.2960565,0.7653522,0.072000004,0.0,0.14476743,0.0,0.0
hardzero_only__c0p58__z1p00__lam0p000__nu0p50__psi0p00,0.093,borrow,47,299,0.0,3,-0.6,-0.6,-0.61200005,1.0511953,0.0,0.08888013,0.0,0.0,0.093,0.0,0.012,0.6,0.6,-27.545858,2.3126757,0.7708919,0.16,0.0,0.18072447,0.0,0.0
hardzero_only__c0p58__z1p00__lam0p000__nu0p50__psi0p00,0.093,borrow,47,300,0.0,3,-0.6,-0.6,-0.61200005,1.0292137,0.0,0.09349455,0.0,0.0,0.093,0.0,0.012,0.6,0.6,-27.726114,2.2643154,0.7547718,0.15200001,0.0,0.18523957,0.0,0.0
hardzero_only__c0p58__z1p00__lam0p000__nu0p50__psi0p00,0.093,borrow,47,301,0.0,3,-0.6,-0.6,-0.6009271,0.9242206,0.1190637,0.1190637,1.0,0.011072924,0.093,0.0,0.012,0.6,0.6,-26.043653,2.033326,0.6777753,0.16800001,0.0,0.14685377,0.0,0.0
hardzero_only__c0p58__z1p00__lam0p000__nu0p50__psi0p00,0.093,borrow,47,302,0.0,3,-0.6,-0.6,-0.60196173,0.96682084,0.10793919,0.10793919,1.0,0.010038345,0.093,0.0,0.012,0.6,0.6,-26.42178,2.1270483,0.7090161,0.18400002,0.0,0.14884897,0.0,0.0
hardzero_only__c0p58__z1p00__lam0p000__nu0p50__psi0p00,0.093,borrow,47,303,0.0,3,-0.6,-0.6,-0.61200005,1.072402,0.0,0.08464435,0.0,0.0,0.093,0.0,0.012,0.6,0.6,-28.06898,2.3593316,0.7864439,0.072000004,0.0,0.16744609,0.0,0.0
hardzero_only__c0p58__z1p00__lam0p000__nu0p50__psi0p00,0.093,borrow,47,304,0.0,3,-0.6,-0.6,-0.60183775,0.9614922,0.109271735,0.109271735,1.0,0.010162272,0.093,0.0,0.012,0.6,0.6,-26.50785,2.115325,0.70510834,0.208,0.0,0.16771303,0.0,0.0
hardzero_only__c0p58__z1p00__lam0p000__nu0p50__psi0p00,0.093,borrow,47,305,0.0,3,-0.6,-0.6,-0.6019952,0.9682747,0.10757846,0.10757846,1.0,0.010004797,0.093,0.0,0.012,0.6,0.6,-26.289518,2.1302469,0.7100823,0.14400001,0.0,0.14325267,0.0,0.0
hardzero_only__c0p58__z1p00__lam0p000__nu0p50__psi0p00,0.093,borrow,47,306,0.0,3,-0.6,-0.6,-0.61200005,1.0056268,0.0,0.09871274,0.0,0.0,0.093,0.0,0.012,0.6,0.6,-26.929657,2.212423,0.7374744,0.17600001,0.0,0.16643488,0.0,0.0
hardzero_only__c0p58__z1p00__lam0p000__nu0p50__psi0p00,0.093,borrow,47,307,0.0,3,-0.6,-0.6,-0.61200005,1.005029,0.0,0.09884872,0.0,0.0,0.093,0.0,0.012,0.6,0.6,-26.47766,2.211108,0.737036,0.136,0.0,0.15583788,0.0,0.0
hardzero_only__c0p58__z1p00__lam0p000__nu0p50__psi0p00,0.093,borrow,47,308,0.0,3,-0.6,-0.6,-0.6012393,0.9366411,0.1157068,0.1157068,1.0,0.010760733,0.093,0.0,0.012,0.6,0.6,-26.001457,2.0606515,0.68688387,0.18400002,0.0,0.14772138,0.0,0.0
hardzero_only__c0p58__z1p00__lam0p000__nu0p50__psi0p00,0.093,borrow,47,309,0.0,3,-0.6,-0.6,-0.60232574,0.9828622,0.10402503,0.10402503,1.0,0.009674327,0.093,0.0,0.012,0.6,0.6,-26.4562,2.16234,0.72078,0.192,0.0,0.1438658,0.0,0.0
hardzero_only__c0p58__z1p00__lam0p000__nu0p50__psi0p00,0.093,borrow,47,310,0.0,3,-0.6,-0.6,-0.61200005,1.0288577,0.0,0.093571216,0.0,0.0,0.093,0.0,0.012,0.6,0.6,-27.656006,2.2635322,0.75451076,0.16800001,0.0,0.1594447,0.0,0.0
hardzero_only__c0p58__z1p00__lam0p000__nu0p50__psi0p00,0.093,borrow,47,311,0.0,3,-0.6,-0.6,-0.61200005,1.0530524,0.0,0.088500865,0.0,0.0,0.093,0.0,0.012,0.6,0.6,-27.94429,2.3167615,0.7722539,0.23200001,0.0,0.18638834,0.0,0.0
hardzero_only__c0p58__z1p00__lam0p000__nu0p50__psi0p00,0.093,borrow,47,312,0.0,3,-0.6,-0.6,-0.6025392,0.9925526,0.10172961,0.10172961,1.0,0.009460853,0.093,0.0,0.012,0.6,0.6,-27.057524,2.1836593,0.72788644,0.14,0.0,0.13773331,0.0,0.0
hardzero_only__c0p58__z1p00__lam0p000__nu0p50__psi0p00,0.093,borrow,47,313,0.0,3,-0.6,-0.6,-0.60100865,0.9274291,0.11818732,0.11818732,1.0,0.0109914215,0.093,0.0,0.012,0.6,0.6,-25.902502,2.0403848,0.6801283,0.224,0.0,0.15789987,0.0,0.0
hardzero_only__c0p58__z1p00__lam0p000__nu0p50__psi0p00,0.093,borrow,47,314,0.0,3,-0.6,-0.6,-0.60244226,0.9881261,0.10277178,0.10277178,1.0,0.009557776,0.093,0.0,0.012,0.6,0.6,-27.12164,2.1739209,0.7246403,0.136,0.0,0.16631706,0.0,0.0
hardzero_only__c0p58__z1p00__lam0p000__nu0p50__psi0p00,0.093,borrow,47,315,0.0,3,-0.6,-0.6,-0.61200005,1.0237114,0.0,0.0946866,0.0,0.0,0.093,0.0,0.012,0.6,0.6,-27.546005,2.2522101,0.7507367,0.216,0.0,0.16964681,0.0,0.0
hardzero_only__c0p58__z1p00__lam0p000__nu0p50__psi0p00,0.093,borrow,47,316,0.0,3,-0.6,-0.6,-0.61200005,1.0129999,0.0,0.09705101,0.0,0.0,0.093,0.0,0.012,0.6,0.6,-26.787914,2.2286441,0.7428814,0.2,0.0,0.17481863,0.0,0.0
hardzero_only__c0p58__z1p00__lam0p000__nu0p50__psi0p00,0.093,borrow,47,317,0.0,3,-0.6,-0.6,-0.6013801,0.9423616,0.11419272,0.11419272,1.0,0.010619923,0.093,0.0,0.012,0.6,0.6,-26.479528,2.073237,0.691079,0.216,0.0,0.16118503,0.0,0.0
hardzero_only__c0p58__z1p00__lam0p000__nu0p50__psi0p00,0.093,borrow,47,318,0.0,3,-0.6,-0.6,-0.61200005,1.0087736,0.0,0.09800007,0.0,0.0,0.093,0.0,0.012,0.6,0.6,-27.172482,2.219346,0.73978204,0.17600001,0.0,0.16313392,0.0,0.0
hardzero_only__c0p58__z1p00__lam0p000__nu0p50__psi0p00,0.093,borrow,47,319,0.0,3,-0.6,-0.6,-0.6025616,0.99358267,0.10148861,0.10148861,1.0,0.009438441,0.093,0.0,0.012,0.6,0.6,-26.80271,2.1859255,0.72864187,0.216,0.0,0.17088267,0.0,0.0
hardzero_only__c0p58__z1p00__lam0p000__nu0p50__psi0p00,0.093,borrow,47,320,0.0,3,-0.6,-0.6,-0.61200005,1.04492,0.0,0.090173736,0.0,0.0,0.093,0.0,0.012,0.6,0.6,-27.832949,2.2988698,0.76628995,0.15200001,0.0,0.15345092,0.0,0.0
hardzero_only__c0p58__z1p00__lam0p000__nu0p50__psi0p00,0.093,borrow,47,321,0.0,3,-0.6,-0.6,-0.602338,0.9834155,0.10389257,0.10389257,1.0,0.00966201,0.093,0.0,0.012,0.6,0.6,-26.290937,2.1635573,0.7211858,0.18400002,0.0,0.16914397,0.0,0.0
hardzero_only__c0p58__z1p00__lam0p000__nu0p50__psi0p00,0.093,borrow,47,322,0.0,3,-0.6,-0.6,-0.60266536,0.9983844,0.100372694,0.100372694,1.0,0.009334661,0.093,0.0,0.012,0.6,0.6,-27.718313,2.1964896,0.7321632,0.104,0.0,0.16382469,0.0,0.0
hardzero_only__c0p58__z1p00__lam0p000__nu0p50__psi0p00,0.093,borrow,47,323,0.0,3,-0.6,-0.6,-0.6006566,0.9137394,0.121972136,0.121972136,1.0,0.011343409,0.093,0.0,0.012,0.6,0.6,-25.598232,2.0102668,0.67008895,0.23200001,0.0,0.14714496,0.0,0.0
hardzero_only__c0p58__z1p00__lam0p000__nu0p50__psi0p00,0.093,borrow,47,324,0.0,3,-0.6,-0.6,-0.60255796,0.99341565,0.10152765,0.10152765,1.0,0.009442072,0.093,0.0,0.012,0.6,0.6,-27.511381,2.185558,0.7285194,0.15200001,0.008,0.15619998,0.0,0.0
hardzero_only__c0p58__z1p00__lam0p000__nu0p50__psi0p00,0.093,borrow,47,325,0.0,3,-0.6,-0.6,-0.61200005,1.0156916,0.0,0.09645135,0.0,0.0,0.093,0.0,0.012,0.6,0.6,-28.068438,2.2345662,0.7448554,0.099999994,0.0,0.15921909,0.0,0.0
hardzero_only__c0p58__z1p00__lam0p000__nu0p50__psi0p00,0.093,borrow,47,326,0.0,3,-0.6,-0.6,-0.61200005,1.0457228,0.0,0.090007186,0.0,0.0,0.093,0.0,0.012,0.6,0.6,-27.818043,2.3006363,0.7668788,0.112,0.0,0.17607653,0.0,0.0
hardzero_only__c0p58__z1p00__lam0p000__nu0p50__psi0p00,0.093,borrow,47,327,0.0,3,-0.6,-0.6,-0.61200005,1.0077074,0.0,0.098240964,0.0,0.0,0.093,0.0,0.012,0.6,0.6,-26.37758,2.2170005,0.7390002,0.14400001,0.0,0.16600548,0.0,0.0
hardzero_only__c0p58__z1p00__lam0p000__nu0p50__psi0p00,0.093,borrow,47,328,0.0,3,-0.6,-0.6,-0.61200005,1.0315176,0.0,0.092999876,0.0,0.0,0.093,0.0,0.012,0.6,0.6,-26.795738,2.2693841,0.7564614,0.104,0.0,0.13005294,0.0,0.0
hardzero_only__c0p58__z1p00__lam0p000__nu0p50__psi0p00,0.093,borrow,47,329,0.0,3,-0.6,-0.6,-0.60206705,0.9714028,0.10680636,0.10680636,1.0,0.009932992,0.093,0.0,0.012,0.6,0.6,-27.565691,2.1371288,0.7123763,0.17600001,0.0,0.15801693,0.0,0.0
hardzero_only__c0p58__z1p00__lam0p000__nu0p50__psi0p00,0.093,borrow,47,330,0.0,3,-0.6,-0.6,-0.61200005,1.0015671,0.0,0.099639796,0.0,0.0,0.093,0.0,0.012,0.6,0.6,-27.956734,2.2034917,0.73449725,0.128,0.0,0.14422996,0.0,0.0
hardzero_only__c0p58__z1p00__lam0p000__nu0p50__psi0p00,0.093,borrow,47,331,0.0,3,-0.6,-0.6,-0.60162294,0.9524075,0.11158158,0.11158158,1.0,0.010377087,0.093,0.0,0.012,0.6,0.6,-26.200459,2.0953383,0.69844615,0.17600001,0.0,0.14933099,0.0,0.0
hardzero_only__c0p58__z1p00__lam0p000__nu0p50__psi0p00,0.093,borrow,47,332,0.0,3,-0.6,-0.6,-0.61200005,1.0022607,0.0,0.09948081,0.0,0.0,0.093,0.0,0.012,0.6,0.6,-26.998806,2.2050176,0.73500586,0.18400002,0.0,0.13267624,0.0,0.0
hardzero_only__c0p58__z1p00__lam0p000__nu0p50__psi0p00,0.093,borrow,47,333,0.0,3,-0.6,-0.6,-0.6026088,0.9957591,0.10098127,0.10098127,1.0,0.0093912585,0.093,0.0,0.012,0.6,0.6,-26.860977,2.190714,0.73023796,0.136,0.0,0.14512762,0.0,0.0
hardzero_only__c0p58__z1p00__lam0p000__nu0p50__psi0p00,0.093,borrow,47,334,0.0,3,-0.6,-0.6,-0.6020309,0.9698232,0.10719556,0.10719556,1.0,0.009969188,0.093,0.0,0.012,0.6,0.6,-26.68884,2.1336536,0.7112179,0.208,0.008,0.14868258,0.0,0.0
hardzero_only__c0p58__z1p00__lam0p000__nu0p50__psi0p00,0.093,borrow,47,335,0.0,3,-0.6,-0.6,-0.61200005,1.000635,0.0,0.09985389,0.0,0.0,0.093,0.0,0.012,0.6,0.6,-27.093258,2.201441,0.7338137,0.136,0.0,0.15462177,0.0,0.0
hardzero_only__c0p58__z1p00__lam0p000__nu0p50__psi0p00,0.093,borrow,47,336,0.0,3,-0.6,-0.6,-0.6024898,0.99029374,0.10226012,0.10226012,1.0,0.009510191,0.093,0.0,0.012,0.6,0.6,-26.887716,2.1786897,0.7262299,0.128,0.0,0.1429288,0.0,0.0
hardzero_only__c0p58__z1p00__lam0p000__nu0p50__psi0p00,0.093,borrow,47,337,0.0,3,-0.6,-0.6,-0.61200005,1.0269603,0.0,0.09398093,0.0,0.0,0.093,0.0,0.012,0.6,0.6,-27.418144,2.2593577,0.75311923,0.136,0.0,0.17788778,0.0,0.0
hardzero_only__c0p58__z1p00__lam0p000__nu0p50__psi0p00,0.093,borrow,47,338,0.0,3,-0.6,-0.6,-0.6025591,0.99346745,0.101515554,0.101515554,1.0,0.009440946,0.093,0.0,0.012,0.6,0.6,-27.16578,2.185672,0.72855735,0.17,0.0,0.15611945,0.0,0.0
hardzero_only__c0p58__z1p00__lam0p000__nu0p50__psi0p00,0.093,borrow,47,339,0.0,3,-0.6,-0.6,-0.6021315,0.97422975,0.10611339,0.10611339,1.0,0.009868545,0.093,0.0,0.012,0.6,0.6,-26.385181,2.1433482,0.7144494,0.2,0.0,0.14789253,0.0,0.0
hardzero_only__c0p58__z1p00__lam0p000__nu0p50__psi0p00,0.093,borrow,47,340,0.0,3,-0.6,-0.6,-0.6023592,0.984366,0.103665434,0.103665434,1.0,0.0096408855,0.093,0.0,0.012,0.6,0.6,-27.094973,2.1656485,0.7218828,0.128,0.0,0.15845942,0.0,0.0
hardzero_only__c0p58__z1p00__lam0p000__nu0p50__psi0p00,0.093,borrow,47,341,0.0,3,-0.6,-0.6,-0.61200005,1.001775,0.0,0.099592105,0.0,0.0,0.093,0.0,0.012,0.6,0.6,-26.717915,2.203949,0.73464966,0.2,0.0,0.13961309,0.0,0.0
hardzero_only__c0p58__z1p00__lam0p000__nu0p50__psi0p00,0.093,borrow,47,342,0.0,3,-0.6,-0.6,-0.6024603,0.9889476,0.10257758,0.10257758,1.0,0.009539715,0.093,0.0,0.012,0.6,0.6,-28.131584,2.175728,0.72524273,0.18400002,0.0,0.15443611,0.0,0.0
hardzero_only__c0p58__z1p00__lam0p000__nu0p50__psi0p00,0.093,borrow,47,343,0.0,3,-0.6,-0.6,-0.6024758,0.9896545,0.10241073,0.10241073,1.0,0.009524198,0.093,0.0,0.012,0.6,0.6,-26.898632,2.1772833,0.7257611,0.14400001,0.0,0.14810199,0.0,0.0
hardzero_only__c0p58__z1p00__lam0p000__nu0p50__psi0p00,0.093,borrow,47,344,0.0,3,-0.6,-0.6,-0.6023515,0.98402107,0.10374779,0.10374779,1.0,0.009648545,0.093,0.0,0.012,0.6,0.6,-26.580782,2.1648896,0.72162986,0.17600001,0.0,0.15602393,0.0,0.0
hardzero_only__c0p58__z1p00__lam0p000__nu0p50__psi0p00,0.093,borrow,47,345,0.0,3,-0.6,-0.6,-0.601673,0.954506,0.11104373,0.11104373,1.0,0.010327067,0.093,0.0,0.012,0.6,0.6,-26.852463,2.099955,0.699985,0.216,0.0,0.13525394,0.0,0.0
hardzero_only__c0p58__z1p00__lam0p000__nu0p50__psi0p00,0.093,borrow,47,346,0.0,3,-0.6,-0.6,-0.61200005,1.0243942,0.0,0.094537884,0.0,0.0,0.093,0.0,0.012,0.6,0.6,-27.576677,2.2537122,0.7512374,0.18400002,0.0,0.17240806,0.0,0.0
hardzero_only__c0p58__z1p00__lam0p000__nu0p50__psi0p00,0.093,borrow,47,347,0.0,3,-0.6,-0.6,-0.61200005,1.0624369,0.0,0.086609,0.0,0.0,0.093,0.0,0.012,0.6,0.6,-28.567022,2.3374078,0.77913594,0.120000005,0.0,0.16773766,0.0,0.0
hardzero_only__c0p58__z1p00__lam0p000__nu0p50__psi0p00,0.093,borrow,47,348,0.0,3,-0.6,-0.6,-0.61200005,1.0381554,0.0,0.09158927,0.0,0.0,0.093,0.0,0.012,0.6,0.6,-27.30706,2.2839875,0.7613292,0.15200001,0.0,0.13612467,0.0,0.0
hardzero_only__c0p58__z1p00__lam0p000__nu0p50__psi0p00,0.093,borrow,47,349,0.0,3,-0.6,-0.6,-0.60228807,0.9811747,0.10443,0.10443,1.0,0.00971199,0.093,0.0,0.012,0.6,0.6,-26.513697,2.1586275,0.7195425,0.16800001,0.0,0.15382823,0.0,0.0
hardzero_only__c0p58__z1p00__lam0p000__nu0p50__psi0p00,0.093,borrow,47,350,0.0,3,-0.6,-0.6,-0.6018371,0.96146226,0.10927927,0.10927927,1.0,0.010162972,0.093,0.0,0.012,0.6,0.6,-26.005169,2.1152592,0.7050864,0.16000001,0.0,0.14684403,0.0,0.0
hardzero_only__c0p58__z1p00__lam0p000__nu0p50__psi0p00,0.093,borrow,47,351,0.0,3,-0.6,-0.6,-0.6023372,0.98337716,0.10390174,0.10390174,1.0,0.009662862,0.093,0.0,0.012,0.6,0.6,-26.667114,2.163473,0.72115767,0.21,0.0,0.13522047,0.0,0.0
hardzero_only__c0p58__z1p00__lam0p000__nu0p50__psi0p00,0.093,borrow,47,352,0.0,3,-0.6,-0.6,-0.61200005,1.0154707,0.0,0.09650044,0.0,0.0,0.093,0.0,0.012,0.6,0.6,-26.672863,2.2340803,0.74469346,0.16800001,0.0,0.17880523,0.0,0.0
hardzero_only__c0p58__z1p00__lam0p000__nu0p50__psi0p00,0.093,borrow,47,353,0.0,3,-0.6,-0.6,-0.60221785,0.9780463,0.105184965,0.105184965,1.0,0.009782202,0.093,0.0,0.012,0.6,0.6,-26.737404,2.1517448,0.7172483,0.224,0.0,0.14780325,0.0,0.0
hardzero_only__c0p58__z1p00__lam0p000__nu0p50__psi0p00,0.093,borrow,47,354,0.0,3,-0.6,-0.6,-0.6025336,0.9922962,0.10178968,0.10178968,1.0,0.00946644,0.093,0.0,0.012,0.6,0.6,-26.645884,2.1830952,0.72769845,0.17600001,0.0,0.15129866,0.0,0.0
hardzero_only__c0p58__z1p00__lam0p000__nu0p50__psi0p00,0.093,borrow,47,355,0.0,3,-0.6,-0.6,-0.6024825,0.98995876,0.102339014,0.102339014,1.0,0.009517528,0.093,0.0,0.012,0.6,0.6,-26.887848,2.1779528,0.7259843,0.216,0.008,0.15989631,0.0,0.0
hardzero_only__c0p58__z1p00__lam0p000__nu0p50__psi0p00,0.093,borrow,47,356,0.0,3,-0.6,-0.6,-0.6025949,0.99511683,0.101130724,0.101130724,1.0,0.0094051575,0.093,0.0,0.012,0.6,0.6,-26.96411,2.1893008,0.72976696,0.17600001,0.0,0.1512495,0.0,0.0
hardzero_only__c0p58__z1p00__lam0p000__nu0p50__psi0p00,0.093,borrow,47,357,0.0,3,-0.6,-0.6,-0.61200005,1.0144296,0.0,0.09673205,0.0,0.0,0.093,0.0,0.012,0.6,0.6,-27.697699,2.2317896,0.74392986,0.216,0.0,0.15821305,0.0,0.0
hardzero_only__c0p58__z1p00__lam0p000__nu0p50__psi0p00,0.093,borrow,47,358,0.0,3,-0.6,-0.6,-0.6020332,0.9699254,0.10717034,0.10717034,1.0,0.009966842,0.093,0.0,0.012,0.6,0.6,-26.104103,2.1338785,0.71129286,0.15200001,0.0,0.15560059,0.0,0.0
hardzero_only__c0p58__z1p00__lam0p000__nu0p50__psi0p00,0.093,borrow,47,359,0.0,3,-0.6,-0.6,-0.61200005,1.0016524,0.0,0.09962025,0.0,0.0,0.093,0.0,0.012,0.6,0.6,-27.329283,2.2036793,0.7345598,0.18400002,0.0,0.14773358,0.0,0.0
hardzero_only__c0p58__z1p00__lam0p000__nu0p50__psi0p00,0.093,borrow,47,360,0.0,3,-0.6,-0.6,-0.61200005,1.0211222,0.0,0.0952528,0.0,0.0,0.093,0.0,0.012,0.6,0.6,-26.880077,2.2465138,0.74883795,0.14400001,0.0,0.1267224,0.0,0.0
hardzero_only__c0p58__z1p00__lam0p000__nu0p50__psi0p00,0.093,borrow,47,361,0.0,3,-0.6,-0.6,-0.61200005,1.0622191,0.0,0.08665246,0.0,0.0,0.093,0.0,0.012,0.6,0.6,-28.550493,2.3369288,0.7789763,0.128,0.0,0.17181729,0.0,0.0
hardzero_only__c0p58__z1p00__lam0p000__nu0p50__psi0p00,0.093,borrow,47,362,0.0,3,-0.6,-0.6,-0.61200005,1.018128,0.0,0.09591178,0.0,0.0,0.093,0.0,0.012,0.6,0.6,-27.336542,2.2399263,0.7466421,0.096,0.0,0.15850571,0.0,0.0
hardzero_only__c0p58__z1p00__lam0p000__nu0p50__psi0p00,0.093,borrow,47,363,0.0,3,-0.6,-0.6,-0.61200005,1.0191964,0.0,0.095676124,0.0,0.0,0.093,0.0,0.012,0.6,0.6,-26.739485,2.242277,0.7474257,0.14400001,0.0,0.15097298,0.0,0.0
hardzero_only__c0p58__z1p00__lam0p000__nu0p50__psi0p00,0.093,borrow,47,364,0.0,3,-0.6,-0.6,-0.60255426,0.9932445,0.10156767,0.10156767,1.0,0.009445794,0.093,0.0,0.012,0.6,0.6,-27.284042,2.1851816,0.7283939,0.16,0.0,0.15248255,0.0,0.0
hardzero_only__c0p58__z1p00__lam0p000__nu0p50__psi0p00,0.093,borrow,47,365,0.0,3,-0.6,-0.6,-0.61200005,1.0160588,0.0,0.09636985,0.0,0.0,0.093,0.0,0.012,0.6,0.6,-27.573868,2.235374,0.7451247,0.17600001,0.0,0.15315071,0.0,0.0
hardzero_only__c0p58__z1p00__lam0p000__nu0p50__psi0p00,0.093,borrow,47,366,0.0,3,-0.6,-0.6,-0.6014743,0.94622844,0.11318048,0.11318048,1.0,0.010525785,0.093,0.0,0.012,0.6,0.6,-26.252794,2.0817442,0.6939148,0.18400002,0.0,0.15096204,0.0,0.0
hardzero_only__c0p58__z1p00__lam0p000__nu0p50__psi0p00,0.093,borrow,47,367,0.0,3,-0.6,-0.6,-0.61200005,1.022887,0.0,0.09486652,0.0,0.0,0.093,0.0,0.012,0.6,0.6,-28.347256,2.2503963,0.7501321,0.23200001,0.0,0.17515516,0.0,0.0
hardzero_only__c0p58__z1p00__lam0p000__nu0p50__psi0p00,0.093,borrow,47,368,0.0,3,-0.6,-0.6,-0.61200005,1.0231011,0.0,0.09481978,0.0,0.0,0.093,0.0,0.012,0.6,0.6,-27.232395,2.2508674,0.75028914,0.128,0.0,0.17187874,0.0,0.0
hardzero_only__c0p58__z1p00__lam0p000__nu0p50__psi0p00,0.093,borrow,47,369,0.0,3,-0.6,-0.6,-0.60240686,0.98651886,0.10315282,0.10315282,1.0,0.009593212,0.093,0.0,0.012,0.6,0.6,-26.366745,2.170385,0.7234616,0.128,0.008,0.14324676,0.0,0.0
hardzero_only__c0p58__z1p00__lam0p000__nu0p50__psi0p00,0.093,borrow,47,370,0.0,3,-0.6,-0.6,-0.60266995,0.9985978,0.10032339,0.10032339,1.0,0.009330075,0.093,0.0,0.012,0.6,0.6,-27.50941,2.196959,0.7323197,0.16000001,0.0,0.16713695,0.0,0.0
hardzero_only__c0p58__z1p00__lam0p000__nu0p50__psi0p00,0.093,borrow,47,371,0.0,3,-0.6,-0.6,-0.61200005,1.039128,0.0,0.09138438,0.0,0.0,0.093,0.0,0.012,0.6,0.6,-26.757992,2.286127,0.7620424,0.24000001,0.0,0.14420263,0.0,0.0
hardzero_only__c0p58__z1p00__lam0p000__nu0p50__psi0p00,0.093,borrow,47,372,0.0,3,-0.6,-0.6,-0.61200005,1.0209199,0.0,0.09529719,0.0,0.0,0.093,0.0,0.012,0.6,0.6,-27.391102,2.2460687,0.7486896,0.15200001,0.0,0.16885643,0.0,0.0
hardzero_only__c0p58__z1p00__lam0p000__nu0p50__psi0p00,0.093,borrow,47,373,0.0,3,-0.6,-0.6,-0.61200005,1.0122733,0.0,0.09721354,0.0,0.0,0.093,0.0,0.012,0.6,0.6,-27.181103,2.2270458,0.7423486,0.15200001,0.0,0.160162,0.0,0.0
hardzero_only__c0p58__z1p00__lam0p000__nu0p50__psi0p00,0.093,borrow,47,374,0.0,3,-0.6,-0.6,-0.61200005,1.0760573,0.0,0.08393492,0.0,0.0,0.093,0.0,0.012,0.6,0.6,-27.805748,2.3673735,0.7891245,0.120000005,0.0,0.1616522,0.0,0.0
hardzero_only__c0p58__z1p00__lam0p000__nu0p50__psi0p00,0.093,borrow,47,375,0.0,3,-0.6,-0.6,-0.6022264,0.97842395,0.105093546,0.105093546,1.0,0.0097737,0.093,0.0,0.012,0.6,0.6,-26.343384,2.1525757,0.71752524,0.208,0.0,0.17167167,0.0,0.0
hardzero_only__c0p58__z1p00__lam0p000__nu0p50__psi0p00,0.093,borrow,47,376,0.0,3,-0.6,-0.6,-0.60112953,0.9322317,0.11688757,0.11688757,1.0,0.010870544,0.093,0.0,0.012,0.6,0.6,-25.990578,2.0509508,0.68365026,0.272,0.0,0.15665573,0.0,0.0
hardzero_only__c0p58__z1p00__lam0p000__nu0p50__psi0p00,0.093,borrow,47,377,0.0,3,-0.6,-0.6,-0.6017597,0.95816714,0.11011154,0.11011154,1.0,0.010240373,0.093,0.0,0.012,0.6,0.6,-26.173862,2.1080098,0.70267,0.24,0.0,0.15909249,0.0,0.0
hardzero_only__c0p58__z1p00__lam0p000__nu0p50__psi0p00,0.093,borrow,47,378,0.0,3,-0.6,-0.6,-0.6022902,0.9812712,0.1044068,0.1044068,1.0,0.009709832,0.093,0.0,0.012,0.6,0.6,-26.099836,2.1588397,0.71961325,0.16800001,0.0,0.15220624,0.0,0.0
hardzero_only__c0p58__z1p00__lam0p000__nu0p50__psi0p00,0.093,borrow,47,379,0.0,3,-0.6,-0.6,-0.61200005,1.0390408,0.0,0.09140273,0.0,0.0,0.093,0.0,0.012,0.6,0.6,-27.313723,2.2859354,0.7619785,0.16000001,0.0,0.15189393,0.0,0.0
hardzero_only__c0p58__z1p00__lam0p000__nu0p50__psi0p00,0.093,borrow,47,380,0.0,3,-0.6,-0.6,-0.602062,0.9711803,0.10686111,0.10686111,1.0,0.009938084,0.093,0.0,0.012,0.6,0.6,-26.228394,2.1366394,0.71221316,0.192,0.0,0.16642554,0.0,0.0
hardzero_only__c0p58__z1p00__lam0p000__nu0p50__psi0p00,0.093,borrow,47,381,0.0,3,-0.6,-0.6,-0.61200005,1.0322815,0.0,0.092836425,0.0,0.0,0.093,0.0,0.012,0.6,0.6,-27.628834,2.2710648,0.7570216,0.128,0.0,0.16445392,0.0,0.0
hardzero_only__c0p58__z1p00__lam0p000__nu0p50__psi0p00,0.093,borrow,47,382,0.0,3,-0.6,-0.6,-0.60206884,0.9714817,0.10678698,0.10678698,1.0,0.00993119,0.093,0.0,0.012,0.6,0.6,-26.876722,2.1373024,0.7124342,0.2,0.0,0.14712347,0.0,0.0
hardzero_only__c0p58__z1p00__lam0p000__nu0p50__psi0p00,0.093,borrow,47,383,0.0,3,-0.6,-0.6,-0.60262394,0.99645954,0.10081855,0.10081855,1.0,0.009376125,0.093,0.0,0.012,0.6,0.6,-26.626822,2.1922548,0.73075163,0.16000001,0.0,0.18195343,0.0,0.0
hardzero_only__c0p58__z1p00__lam0p000__nu0p50__psi0p00,0.093,borrow,47,384,0.0,3,-0.6,-0.6,-0.60139316,0.94289446,0.1140527,0.1140527,1.0,0.010606901,0.093,0.0,0.012,0.6,0.6,-25.677229,2.0744092,0.6914698,0.17600001,0.0,0.12909286,0.0,0.0
hardzero_only__c0p58__z1p00__lam0p000__nu0p50__psi0p00,0.093,borrow,47,385,0.0,3,-0.6,-0.6,-0.61200005,1.0313039,0.0,0.09304565,0.0,0.0,0.093,0.0,0.012,0.6,0.6,-27.418583,2.2689137,0.7563046,0.15200001,0.0,0.14932951,0.0,0.0
hardzero_only__c0p58__z1p00__lam0p000__nu0p50__psi0p00,0.093,borrow,47,386,0.0,3,-0.6,-0.6,-0.61200005,1.0382609,0.0,0.091567025,0.0,0.0,0.093,0.0,0.012,0.6,0.6,-27.7141,2.2842197,0.7614066,0.136,0.0,0.20045952,0.0,0.0
hardzero_only__c0p58__z1p00__lam0p000__nu0p50__psi0p00,0.093,borrow,47,387,0.0,3,-0.6,-0.6,-0.61200005,1.0359861,0.0,0.092047915,0.0,0.0,0.093,0.0,0.012,0.6,0.6,-26.968052,2.2792149,0.7597383,0.136,0.0,0.13673532,0.0,0.0
hardzero_only__c0p58__z1p00__lam0p000__nu0p50__psi0p00,0.093,borrow,47,388,0.0,3,-0.6,-0.6,-0.6025568,0.9933631,0.10153995,0.10153995,1.0,0.009443215,0.093,0.0,0.012,0.6,0.6,-27.121637,2.1854424,0.7284808,0.2,0.0,0.1815043,0.0,0.0
hardzero_only__c0p58__z1p00__lam0p000__nu0p50__psi0p00,0.093,borrow,47,389,0.0,3,-0.6,-0.6,-0.61200005,1.0492197,0.0,0.08928537,0.0,0.0,0.093,0.0,0.012,0.6,0.6,-27.51831,2.3083296,0.7694432,0.14400001,0.0,0.16155623,0.0,0.0
hardzero_only__c0p58__z1p00__lam0p000__nu0p50__psi0p00,0.093,borrow,47,390,0.0,3,-0.6,-0.6,-0.61200005,1.0208126,0.0,0.09532073,0.0,0.0,0.093,0.0,0.012,0.6,0.6,-26.891073,2.2458327,0.7486109,0.17,0.0,0.13654193,0.0,0.0
hardzero_only__c0p58__z1p00__lam0p000__nu0p50__psi0p00,0.093,borrow,47,391,0.0,3,-0.6,-0.6,-0.61200005,1.0002964,0.0,0.09993179,0.0,0.0,0.093,0.0,0.012,0.6,0.6,-26.930075,2.200696,0.73356533,0.120000005,0.0,0.15823853,0.0,0.0
hardzero_only__c0p58__z1p00__lam0p000__nu0p50__psi0p00,0.093,borrow,47,392,0.0,3,-0.6,-0.6,-0.61200005,1.0468419,0.0,0.089775555,0.0,0.0,0.093,0.0,0.012,0.6,0.6,-27.790087,2.3030982,0.7676994,0.080000006,0.0,0.16920456,0.0,0.0
hardzero_only__c0p58__z1p00__lam0p000__nu0p50__psi0p00,0.093,borrow,47,393,0.0,3,-0.6,-0.6,-0.61200005,1.0401171,0.0,0.09117648,0.0,0.0,0.093,0.0,0.012,0.6,0.6,-28.292856,2.2883034,0.7627678,0.208,0.0,0.20663677,0.0,0.0
hardzero_only__c0p58__z1p00__lam0p000__nu0p50__psi0p00,0.093,borrow,47,394,0.0,3,-0.6,-0.6,-0.61200005,1.0013542,0.0,0.09968866,0.0,0.0,0.093,0.0,0.012,0.6,0.6,-27.312431,2.2030232,0.7343411,0.128,0.0,0.15033807,0.0,0.0
hardzero_only__c0p58__z1p00__lam0p000__nu0p50__psi0p00,0.093,borrow,47,395,0.0,3,-0.6,-0.6,-0.61200005,1.0031444,0.0,0.099278584,0.0,0.0,0.093,0.0,0.012,0.6,0.6,-26.963974,2.2069616,0.7356539,0.2,0.0,0.18042,0.0,0.0
hardzero_only__c0p58__z1p00__lam0p000__nu0p50__psi0p00,0.093,borrow,47,396,0.0,3,-0.6,-0.6,-0.61200005,1.0007745,0.0,0.09982182,0.0,0.0,0.093,0.0,0.012,0.6,0.6,-26.805464,2.201748,0.733916,0.136,0.0,0.14984179,0.0,0.0
hardzero_only__c0p58__z1p00__lam0p000__nu0p50__psi0p00,0.093,borrow,47,397,0.0,3,-0.6,-0.6,-0.61200005,1.0572956,0.0,0.087640405,0.0,0.0,0.093,0.0,0.012,0.6,0.6,-27.371622,2.3260968,0.7753656,0.208,0.0,0.13774003,0.0,0.0
hardzero_only__c0p58__z1p00__lam0p000__nu0p50__psi0p00,0.093,borrow,47,398,0.0,3,-0.6,-0.6,-0.602236,0.9788528,0.10498981,0.10498981,1.0,0.009764053,0.093,0.0,0.012,0.6,0.6,-26.07997,2.1535192,0.7178397,0.120000005,0.0,0.14126784,0.0,0.0
hardzero_only__c0p58__z1p00__lam0p000__nu0p50__psi0p00,0.093,borrow,47,399,0.0,3,-0.6,-0.6,-0.60150295,0.94741434,0.112871855,0.112871855,1.0,0.010497083,0.093,0.0,0.012,0.6,0.6,-25.133821,2.0843532,0.6947844,0.18400002,0.0,0.1260028,0.0,0.0
hardzero_only__c0p58__z1p00__lam0p000__nu0p50__psi0p00,0.093,borrow,47,400,0.0,3,-0.6,-0.6,-0.61200005,1.001035,0.0,0.099761955,0.0,0.0,0.093,0.0,0.012,0.6,0.6,-26.979609,2.2023208,0.73410696,0.192,0.0,0.14771886,0.0,0.0
hardzero_only__c0p58__z1p00__lam0p000__nu0p50__psi0p00,0.093,borrow,47,401,0.0,3,-0.6,-0.6,-0.61200005,1.0485903,0.0,0.08941485,0.0,0.0,0.093,0.0,0.012,0.6,0.6,-27.772211,2.3069446,0.7689816,0.104,0.0,0.16570775,0.0,0.0
hardzero_only__c0p58__z1p00__lam0p000__nu0p50__psi0p00,0.093,borrow,47,402,0.0,3,-0.6,-0.6,-0.61200005,1.005763,0.0,0.09868178,0.0,0.0,0.093,0.0,0.012,0.6,0.6,-26.99434,2.212723,0.73757434,0.192,0.0,0.16354308,0.0,0.0
hardzero_only__c0p58__z1p00__lam0p000__nu0p50__psi0p00,0.093,borrow,47,403,0.0,3,-0.6,-0.6,-0.60157657,0.95047,0.11208048,0.11208048,1.0,0.010423484,0.093,0.0,0.012,0.6,0.6,-25.197365,2.0910757,0.69702524,0.22,0.01,0.14168727,0.0,0.0
hardzero_only__c0p58__z1p00__lam0p000__nu0p50__psi0p00,0.093,borrow,47,404,0.0,3,-0.6,-0.6,-0.61200005,1.0102929,0.0,0.09765784,0.0,0.0,0.093,0.0,0.012,0.6,0.6,-26.931622,2.2226887,0.7408962,0.16000001,0.0,0.17168656,0.0,0.0
hardzero_only__c0p58__z1p00__lam0p000__nu0p50__psi0p00,0.093,borrow,47,405,0.0,3,-0.6,-0.6,-0.61200005,1.0495223,0.0,0.08922319,0.0,0.0,0.093,0.0,0.012,0.6,0.6,-28.179083,2.308995,0.769665,0.192,0.0,0.1935175,0.0,0.0
hardzero_only__c0p58__z1p00__lam0p000__nu0p50__psi0p00,0.093,borrow,47,406,0.0,3,-0.6,-0.6,-0.61200005,1.0392947,0.0,0.09134931,0.0,0.0,0.093,0.0,0.012,0.6,0.6,-27.780231,2.286494,0.7621647,0.08800001,0.0,0.20231181,0.0,0.0
hardzero_only__c0p58__z1p00__lam0p000__nu0p50__psi0p00,0.093,borrow,47,407,0.0,3,-0.6,-0.6,-0.61200005,1.0117782,0.0,0.09732441,0.0,0.0,0.093,0.0,0.012,0.6,0.6,-26.961409,2.2259567,0.74198556,0.2,0.0,0.16688044,0.0,0.0
hardzero_only__c0p58__z1p00__lam0p000__nu0p50__psi0p00,0.093,borrow,47,408,0.0,3,-0.6,-0.6,-0.61200005,1.0007452,0.0,0.09982855,0.0,0.0,0.093,0.0,0.012,0.6,0.6,-28.07485,2.2016833,0.73389447,0.14400001,0.0,0.1706274,0.0,0.0
hardzero_only__c0p58__z1p00__lam0p000__nu0p50__psi0p00,0.093,borrow,47,409,0.0,3,-0.6,-0.6,-0.60266286,0.99826616,0.10040002,0.10040002,1.0,0.009337203,0.093,0.0,0.012,0.6,0.6,-26.650103,2.1962295,0.7320765,0.18400002,0.0,0.13546285,0.0,0.0
hardzero_only__c0p58__z1p00__lam0p000__nu0p50__psi0p00,0.093,borrow,47,410,0.0,3,-0.6,-0.6,-0.6023058,0.9819697,0.10423901,0.10423901,1.0,0.009694228,0.093,0.0,0.012,0.6,0.6,-26.293816,2.1603765,0.72012556,0.192,0.0,0.14386472,0.0,0.0
hardzero_only__c0p58__z1p00__lam0p000__nu0p50__psi0p00,0.093,borrow,47,411,0.0,3,-0.6,-0.6,-0.61200005,1.0415971,0.0,0.090866305,0.0,0.0,0.093,0.0,0.012,0.6,0.6,-28.153042,2.2915595,0.7638532,0.14400001,0.0,0.17101093,0.0,0.0
hardzero_only__c0p58__z1p00__lam0p000__nu0p50__psi0p00,0.093,borrow,47,412,0.0,3,-0.6,-0.6,-0.61200005,1.0215629,0.0,0.0951562,0.0,0.0,0.093,0.0,0.012,0.6,0.6,-27.17518,2.2474833,0.7491611,0.16800001,0.0,0.15866043,0.0,0.0
hardzero_only__c0p58__z1p00__lam0p000__nu0p50__psi0p00,0.093,borrow,47,413,0.0,3,-0.6,-0.6,-0.61200005,1.0019679,0.0,0.099547885,0.0,0.0,0.093,0.0,0.012,0.6,0.6,-27.531979,2.2043734,0.73479116,0.16000001,0.0,0.14596187,0.0,0.0
hardzero_only__c0p58__z1p00__lam0p000__nu0p50__psi0p00,0.093,borrow,47,414,0.0,3,-0.6,-0.6,-0.6025787,0.99437064,0.10130465,0.10130465,1.0,0.009421333,0.093,0.0,0.012,0.6,0.6,-26.6683,2.187659,0.7292197,0.15200001,0.0,0.12900895,0.0,0.0
hardzero_only__c0p58__z1p00__lam0p000__nu0p50__psi0p00,0.093,borrow,47,415,0.0,3,-0.6,-0.6,-0.61200005,1.0380017,0.0,0.091621704,0.0,0.0,0.093,0.0,0.012,0.6,0.6,-27.365133,2.2836492,0.7612164,0.128,0.0,0.14504021,0.0,0.0
hardzero_only__c0p58__z1p00__lam0p000__nu0p50__psi0p00,0.093,borrow,47,416,0.0,3,-0.6,-0.6,-0.61200005,1.0927495,0.0,0.080770075,0.0,0.0,0.093,0.0,0.012,0.6,0.6,-28.365862,2.4040968,0.8013656,0.14999999,0.0,0.19746435,0.0,0.0
hardzero_only__c0p58__z1p00__lam0p000__nu0p50__psi0p00,0.093,borrow,47,417,0.0,3,-0.6,-0.6,-0.60261637,0.99611026,0.10089966,0.10089966,1.0,0.009383668,0.093,0.0,0.012,0.6,0.6,-27.168737,2.1914864,0.73049545,0.17600001,0.0,0.18150795,0.0,0.0
hardzero_only__c0p58__z1p00__lam0p000__nu0p50__psi0p00,0.093,borrow,47,418,0.0,3,-0.6,-0.6,-0.60159683,0.95131534,0.11186254,0.11186254,1.0,0.010403217,0.093,0.0,0.012,0.6,0.6,-26.001842,2.0929356,0.6976452,0.120000005,0.0,0.1458848,0.0,0.0
hardzero_only__c0p58__z1p00__lam0p000__nu0p50__psi0p00,0.093,borrow,47,419,0.0,3,-0.6,-0.6,-0.61200005,1.0110989,0.0,0.097476766,0.0,0.0,0.093,0.0,0.012,0.6,0.6,-26.475718,2.224462,0.7414874,0.18400002,0.0,0.18103638,0.0,0.0
hardzero_only__c0p58__z1p00__lam0p000__nu0p50__psi0p00,0.093,borrow,47,420,0.0,3,-0.6,-0.6,-0.6023771,0.98517436,0.103472665,0.103472665,1.0,0.0096229585,0.093,0.0,0.012,0.6,0.6,-27.237103,2.1674268,0.72247565,0.216,0.0,0.13405195,0.0,0.0
hardzero_only__c0p58__z1p00__lam0p000__nu0p50__psi0p00,0.093,borrow,47,421,0.0,3,-0.6,-0.6,-0.61200005,1.0199165,0.0,0.095517606,0.0,0.0,0.093,0.0,0.012,0.6,0.6,-27.461151,2.2438612,0.7479538,0.16000001,0.0,0.16303606,0.0,0.0
hardzero_only__c0p58__z1p00__lam0p000__nu0p50__psi0p00,0.093,borrow,47,422,0.0,3,-0.6,-0.6,-0.6021808,0.976403,0.105583735,0.105583735,1.0,0.009819288,0.093,0.0,0.012,0.6,0.6,-27.498877,2.1481295,0.7160432,0.2,0.0,0.13987684,0.0,0.0
hardzero_only__c0p58__z1p00__lam0p000__nu0p50__psi0p00,0.093,borrow,47,423,0.0,3,-0.6,-0.6,-0.61200005,1.0645264,0.0,0.0861933,0.0,0.0,0.093,0.0,0.012,0.6,0.6,-28.289072,2.342005,0.7806684,0.17600001,0.008,0.18410586,0.0,0.0
hardzero_only__c0p58__z1p00__lam0p000__nu0p50__psi0p00,0.093,borrow,47,424,0.0,3,-0.6,-0.6,-0.6019217,0.96509266,0.10836957,0.10836957,1.0,0.01007837,0.093,0.0,0.012,0.6,0.6,-25.531227,2.1232462,0.7077488,0.192,0.0,0.12440361,0.0,0.0
hardzero_only__c0p58__z1p00__lam0p000__nu0p50__psi0p00,0.093,borrow,47,425,0.0,3,-0.6,-0.6,-0.60180277,0.95999926,0.10964801,0.10964801,1.0,0.010197265,0.093,0.0,0.012,0.6,0.6,-25.653908,2.1120405,0.7040135,0.208,0.0,0.14575765,0.0,0.0
hardzero_only__c0p58__z1p00__lam0p000__nu0p50__psi0p00,0.093,borrow,47,426,0.0,3,-0.6,-0.6,-0.6021526,0.975159,0.1058866,0.1058866,1.0,0.009847454,0.093,0.0,0.012,0.6,0.6,-26.555157,2.1453927,0.7151309,0.2,0.0,0.1562419,0.0,0.0
hardzero_only__c0p58__z1p00__lam0p000__nu0p50__psi0p00,0.093,borrow,47,427,0.0,3,-0.6,-0.6,-0.61200005,1.0168823,0.0,0.096187286,0.0,0.0,0.093,0.0,0.012,0.6,0.6,-25.842192,2.2371857,0.7457286,0.17600001,0.0,0.13458712,0.0,0.0
hardzero_only__c0p58__z1p00__lam0p000__nu0p50__psi0p00,0.093,borrow,47,428,0.0,3,-0.6,-0.6,-0.60240096,0.98625314,0.10321597,0.10321597,1.0,0.009599086,0.093,0.0,0.012,0.6,0.6,-26.801046,2.1698003,0.7232668,0.104,0.0,0.13230409,0.0,0.0
hardzero_only__c0p58__z1p00__lam0p000__nu0p50__psi0p00,0.093,borrow,47,429,0.0,3,-0.6,-0.6,-0.6024834,0.9899997,0.10232936,0.10232936,1.0,0.00951663,0.093,0.0,0.012,0.6,0.6,-26.85412,2.178043,0.7260143,0.16,0.0,0.14924495,0.0,0.0
hardzero_only__c0p58__z1p00__lam0p000__nu0p50__psi0p00,0.093,borrow,47,430,0.0,3,-0.6,-0.6,-0.61200005,1.0147107,0.0,0.096669465,0.0,0.0,0.093,0.0,0.012,0.6,0.6,-26.021048,2.232408,0.74413604,0.16800001,0.0,0.16151322,0.0,0.0
hardzero_only__c0p58__z1p00__lam0p000__nu0p50__psi0p00,0.093,borrow,47,431,0.0,3,-0.6,-0.6,-0.6026794,0.9990368,0.10022203,0.10022203,1.0,0.009320649,0.093,0.0,0.012,0.6,0.6,-27.026606,2.1979249,0.73264164,0.16800001,0.0,0.13827582,0.0,0.0
hardzero_only__c0p58__z1p00__lam0p000__nu0p50__psi0p00,0.093,borrow,47,432,0.0,3,-0.6,-0.6,-0.6018187,0.9606781,0.10947675,0.10947675,1.0,0.0101813385,0.093,0.0,0.012,0.6,0.6,-25.560495,2.113534,0.70451134,0.15200001,0.0,0.13517433,0.0,0.0
hardzero_only__c0p58__z1p00__lam0p000__nu0p50__psi0p00,0.093,borrow,47,433,0.0,3,-0.6,-0.6,-0.60244274,0.9881467,0.10276691,0.10276691,1.0,0.009557323,0.093,0.0,0.012,0.6,0.6,-26.470766,2.1739662,0.7246554,0.2,0.0,0.14359365,0.0,0.0
hardzero_only__c0p58__z1p00__lam0p000__nu0p50__psi0p00,0.093,borrow,47,434,0.0,3,-0.6,-0.6,-0.61200005,1.0126877,0.0,0.09712082,0.0,0.0,0.093,0.0,0.012,0.6,0.6,-26.265259,2.2279575,0.74265254,0.14400001,0.0,0.16745056,0.0,0.0
hardzero_only__c0p58__z1p00__lam0p000__nu0p50__psi0p00,0.093,borrow,47,435,0.0,3,-0.6,-0.6,-0.60245496,0.9887044,0.102635026,0.102635026,1.0,0.009545058,0.093,0.0,0.012,0.6,0.6,-26.703526,2.175193,0.7250644,0.192,0.0,0.14720395,0.0,0.0
hardzero_only__c0p58__z1p00__lam0p000__nu0p50__psi0p00,0.093,borrow,47,436,0.0,3,-0.6,-0.6,-0.6022007,0.9772845,0.10536965,0.10536965,1.0,0.009799378,0.093,0.0,0.012,0.6,0.6,-25.852104,2.1500688,0.7166896,0.24800001,0.0,0.16872942,0.0,0.0
hardzero_only__c0p58__z1p00__lam0p000__nu0p50__psi0p00,0.093,borrow,47,437,0.0,3,-0.6,-0.6,-0.61200005,1.0375463,0.0,0.091717824,0.0,0.0,0.093,0.0,0.012,0.6,0.6,-27.742813,2.2826474,0.7608825,0.14400001,0.008,0.15616673,0.0,0.0
hardzero_only__c0p58__z1p00__lam0p000__nu0p50__psi0p00,0.093,borrow,47,438,0.0,3,-0.6,-0.6,-0.61200005,1.0257373,0.0,0.094245955,0.0,0.0,0.093,0.0,0.012,0.6,0.6,-27.622532,2.2566671,0.7522224,0.14400001,0.0,0.16700475,0.0,0.0
hardzero_only__c0p58__z1p00__lam0p000__nu0p50__psi0p00,0.093,borrow,47,439,0.0,3,-0.6,-0.6,-0.61200005,1.0185817,0.0,0.09581163,0.0,0.0,0.093,0.0,0.012,0.6,0.6,-27.252172,2.2409246,0.7469749,0.18400002,0.0,0.17010768,0.0,0.0
hardzero_only__c0p58__z1p00__lam0p000__nu0p50__psi0p00,0.093,borrow,47,440,0.0,3,-0.6,-0.6,-0.61200005,1.0019621,0.0,0.099549234,0.0,0.0,0.093,0.0,0.012,0.6,0.6,-27.226673,2.2043605,0.73478687,0.17600001,0.0,0.16606891,0.0,0.0
hardzero_only__c0p58__z1p00__lam0p000__nu0p50__psi0p00,0.093,borrow,47,441,0.0,3,-0.6,-0.6,-0.61200005,1.0544518,0.0,0.088216156,0.0,0.0,0.093,0.0,0.012,0.6,0.6,-26.992382,2.3198404,0.77328014,0.104,0.0,0.15830736,0.0,0.0
hardzero_only__c0p58__z1p00__lam0p000__nu0p50__psi0p00,0.093,borrow,47,442,0.0,3,-0.6,-0.6,-0.61200005,1.0739365,0.0,0.08434582,0.0,0.0,0.093,0.0,0.012,0.6,0.6,-27.897919,2.3627074,0.78756917,0.12,0.0,0.1628045,0.0,0.0
hardzero_only__c0p58__z1p00__lam0p000__nu0p50__psi0p00,0.093,borrow,47,443,0.0,3,-0.6,-0.6,-0.6024751,0.9896215,0.10241852,0.10241852,1.0,0.009524923,0.093,0.0,0.012,0.6,0.6,-26.966545,2.1772108,0.725737,0.18400002,0.0,0.13458882,0.0,0.0
hardzero_only__c0p58__z1p00__lam0p000__nu0p50__psi0p00,0.093,borrow,47,444,0.0,3,-0.6,-0.6,-0.6016995,0.95562166,0.110758826,0.110758826,1.0,0.010300571,0.093,0.0,0.012,0.6,0.6,-26.23457,2.1024096,0.7008032,0.192,0.0,0.13906816,0.0,0.0
hardzero_only__c0p58__z1p00__lam0p000__nu0p50__psi0p00,0.093,borrow,47,445,0.0,3,-0.6,-0.6,-0.6026947,0.9997503,0.1000575,0.1000575,1.0,0.009305348,0.093,0.0,0.012,0.6,0.6,-27.701788,2.1994946,0.7331649,0.2,0.0,0.16048826,0.0,0.0
hardzero_only__c0p58__z1p00__lam0p000__nu0p50__psi0p00,0.093,borrow,47,446,0.0,3,-0.6,-0.6,-0.60238487,0.98552483,0.10338919,0.10338919,1.0,0.009615195,0.093,0.0,0.012,0.6,0.6,-26.5066,2.1681979,0.72273266,0.16800001,0.0,0.15501708,0.0,0.0
hardzero_only__c0p58__z1p00__lam0p000__nu0p50__psi0p00,0.093,borrow,47,447,0.0,3,-0.6,-0.6,-0.6025767,0.99427533,0.10132687,0.10132687,1.0,0.009423399,0.093,0.0,0.012,0.6,0.6,-27.491741,2.1874495,0.7291498,0.136,0.0,0.17146121,0.0,0.0
hardzero_only__c0p58__z1p00__lam0p000__nu0p50__psi0p00,0.093,borrow,47,448,0.0,3,-0.6,-0.6,-0.61200005,1.0199684,0.0,0.09550619,0.0,0.0,0.093,0.0,0.012,0.6,0.6,-26.892008,2.2439752,0.74799174,0.17600001,0.0,0.16403794,0.0,0.0
hardzero_only__c0p58__z1p00__lam0p000__nu0p50__psi0p00,0.093,borrow,47,449,0.0,3,-0.6,-0.6,-0.601804,0.96005124,0.10963488,0.10963488,1.0,0.010196044,0.093,0.0,0.012,0.6,0.6,-26.249842,2.112155,0.7040517,0.224,0.0,0.15853842,0.0,0.0
hardzero_only__c0p58__z1p00__lam0p000__nu0p50__psi0p00,0.093,borrow,47,450,0.0,3,-0.6,-0.6,-0.61200005,1.011295,0.0,0.09743276,0.0,0.0,0.093,0.0,0.012,0.6,0.6,-26.122414,2.2248933,0.74163115,0.16800001,0.0,0.1413585,0.0,0.0
hardzero_only__c0p58__z1p00__lam0p000__nu0p50__psi0p00,0.093,borrow,47,451,0.0,3,-0.6,-0.6,-0.60266405,0.9983224,0.10038704,0.10038704,1.0,0.009335995,0.093,0.0,0.012,0.6,0.6,-27.142052,2.1963532,0.7321178,0.208,0.0,0.15510346,0.0,0.0
hardzero_only__c0p58__z1p00__lam0p000__nu0p50__psi0p00,0.093,borrow,47,452,0.0,3,-0.6,-0.6,-0.6022363,0.9788661,0.10498661,0.10498661,1.0,0.009763755,0.093,0.0,0.012,0.6,0.6,-26.706877,2.1535485,0.7178495,0.192,0.0,0.14989018,0.0,0.0
hardzero_only__c0p58__z1p00__lam0p000__nu0p50__psi0p00,0.093,borrow,47,453,0.0,3,-0.6,-0.6,-0.60101837,0.9278137,0.11808272,0.11808272,1.0,0.010981693,0.093,0.0,0.012,0.6,0.6,-26.028307,2.041231,0.6804103,0.15200001,0.0,0.1386823,0.0,0.0
hardzero_only__c0p58__z1p00__lam0p000__nu0p50__psi0p00,0.093,borrow,47,454,0.0,3,-0.6,-0.6,-0.61200005,1.0253193,0.0,0.09433669,0.0,0.0,0.093,0.0,0.012,0.6,0.6,-27.136057,2.2557476,0.7519159,0.17600001,0.0,0.1875672,0.0,0.0
hardzero_only__c0p58__z1p00__lam0p000__nu0p50__psi0p00,0.093,borrow,47,455,0.0,3,-0.6,-0.6,-0.6020161,0.96917903,0.10735468,0.10735468,1.0,0.009983986,0.093,0.0,0.012,0.6,0.6,-26.221518,2.1322365,0.7107455,0.12,0.0,0.11879832,0.0,0.0
hardzero_only__c0p58__z1p00__lam0p000__nu0p50__psi0p00,0.093,borrow,47,456,0.0,3,-0.6,-0.6,-0.60212183,0.97380435,0.10621739,0.10621739,1.0,0.009878217,0.093,0.0,0.012,0.6,0.6,-26.737413,2.1424124,0.7141375,0.16800001,0.0,0.13970889,0.0,0.0
hardzero_only__c0p58__z1p00__lam0p000__nu0p50__psi0p00,0.093,borrow,47,457,0.0,3,-0.6,-0.6,-0.61200005,1.0556667,0.0,0.08796974,0.0,0.0,0.093,0.0,0.012,0.6,0.6,-28.142633,2.322513,0.77417105,0.18400002,0.0,0.16655721,0.0,0.0
hardzero_only__c0p58__z1p00__lam0p000__nu0p50__psi0p00,0.093,borrow,47,458,0.0,3,-0.6,-0.6,-0.6023079,0.98206335,0.104216546,0.104216546,1.0,0.009692139,0.093,0.0,0.012,0.6,0.6,-26.415216,2.1605825,0.7201942,0.256,0.008,0.12425733,0.0,0.0
hardzero_only__c0p58__z1p00__lam0p000__nu0p50__psi0p00,0.093,borrow,47,459,0.0,3,-0.6,-0.6,-0.61200005,1.0165156,0.0,0.09626852,0.0,0.0,0.093,0.0,0.012,0.6,0.6,-28.64947,2.236379,0.7454597,0.17600001,0.0,0.15508609,0.0,0.0
hardzero_only__c0p58__z1p00__lam0p000__nu0p50__psi0p00,0.093,borrow,47,460,0.0,3,-0.6,-0.6,-0.61200005,1.045233,0.0,0.09010875,0.0,0.0,0.093,0.0,0.012,0.6,0.6,-27.947813,2.2995586,0.76651955,0.136,0.0,0.16502409,0.0,0.0
hardzero_only__c0p58__z1p00__lam0p000__nu0p50__psi0p00,0.093,borrow,47,461,0.0,3,-0.6,-0.6,-0.61200005,1.0106817,0.0,0.09757042,0.0,0.0,0.093,0.0,0.012,0.6,0.6,-27.561499,2.2235441,0.7411814,0.17600001,0.0,0.18767239,0.0,0.0
hardzero_only__c0p58__z1p00__lam0p000__nu0p50__psi0p00,0.093,borrow,47,462,0.0,3,-0.6,-0.6,-0.61200005,1.0063334,0.0,0.09855227,0.0,0.0,0.093,0.0,0.012,0.6,0.6,-27.312305,2.2139776,0.7379925,0.080000006,0.0,0.14329517,0.0,0.0
hardzero_only__c0p58__z1p00__lam0p000__nu0p50__psi0p00,0.093,borrow,47,463,0.0,3,-0.6,-0.6,-0.6010021,0.927171,0.11825758,0.11825758,1.0,0.010997956,0.093,0.0,0.012,0.6,0.6,-25.597178,2.0398169,0.679939,0.208,0.0,0.14631602,0.0,0.0
hardzero_only__c0p58__z1p00__lam0p000__nu0p50__psi0p00,0.093,borrow,47,464,0.0,3,-0.6,-0.6,-0.61200005,1.0094291,0.0,0.09785225,0.0,0.0,0.093,0.0,0.012,0.6,0.6,-27.680027,2.2207882,0.74026275,0.136,0.0,0.15264536,0.0,0.0
hardzero_only__c0p58__z1p00__lam0p000__nu0p50__psi0p00,0.093,borrow,47,465,0.0,3,-0.6,-0.6,-0.6015178,0.9480272,0.11271268,0.11271268,1.0,0.01048228,0.093,0.0,0.012,0.6,0.6,-25.68031,2.0857015,0.6952338,0.16000001,0.0,0.12964594,0.0,0.0
hardzero_only__c0p58__z1p00__lam0p000__nu0p50__psi0p00,0.093,borrow,47,466,0.0,3,-0.6,-0.6,-0.61200005,1.005643,0.0,0.09870905,0.0,0.0,0.093,0.0,0.012,0.6,0.6,-27.821442,2.2124588,0.7374863,0.17600001,0.0,0.1518243,0.0,0.0
hardzero_only__c0p58__z1p00__lam0p000__nu0p50__psi0p00,0.093,borrow,47,467,0.0,3,-0.6,-0.6,-0.6020316,0.96985465,0.1071878,0.1071878,1.0,0.009968465,0.093,0.0,0.012,0.6,0.6,-26.223734,2.1337228,0.71124095,0.16800001,0.0,0.14410885,0.0,0.0
hardzero_only__c0p58__z1p00__lam0p000__nu0p50__psi0p00,0.093,borrow,47,468,0.0,3,-0.6,-0.6,-0.61200005,1.0038078,0.0,0.09912704,0.0,0.0,0.093,0.0,0.012,0.6,0.6,-27.520098,2.2084212,0.73614043,0.16,0.0,0.18228532,0.0,0.0
hardzero_only__c0p58__z1p00__lam0p000__nu0p50__psi0p00,0.093,borrow,47,469,0.0,3,-0.6,-0.6,-0.61200005,1.0108687,0.0,0.09752844,0.0,0.0,0.093,0.0,0.012,0.6,0.6,-27.257893,2.2239554,0.74131846,0.16000001,0.0,0.1394299,0.0,0.0
hardzero_only__c0p58__z1p00__lam0p000__nu0p50__psi0p00,0.093,borrow,47,470,0.0,3,-0.6,-0.6,-0.61200005,1.0215963,0.0,0.09514887,0.0,0.0,0.093,0.0,0.012,0.6,0.6,-27.05884,2.2475567,0.74918556,0.2,0.0,0.14873672,0.0,0.0
hardzero_only__c0p58__z1p00__lam0p000__nu0p50__psi0p00,0.093,borrow,47,471,0.0,3,-0.6,-0.6,-0.60173965,0.95731837,0.110326946,0.110326946,1.0,0.010260406,0.093,0.0,0.012,0.6,0.6,-26.067598,2.1061425,0.7020475,0.18400002,0.0,0.13679224,0.0,0.0
hardzero_only__c0p58__z1p00__lam0p000__nu0p50__psi0p00,0.093,borrow,47,472,0.0,3,-0.6,-0.6,-0.61200005,1.0163269,0.0,0.09631037,0.0,0.0,0.093,0.0,0.012,0.6,0.6,-27.795687,2.2359638,0.7453213,0.192,0.008,0.15109701,0.0,0.0
hardzero_only__c0p58__z1p00__lam0p000__nu0p50__psi0p00,0.093,borrow,47,473,0.0,3,-0.6,-0.6,-0.6022815,0.98088145,0.10450054,0.10450054,1.0,0.00971855,0.093,0.0,0.012,0.6,0.6,-26.264606,2.1579823,0.71932745,0.17600001,0.0,0.12595119,0.0,0.0
hardzero_only__c0p58__z1p00__lam0p000__nu0p50__psi0p00,0.093,borrow,47,474,0.0,3,-0.6,-0.6,-0.61200005,1.0037315,0.0,0.099144466,0.0,0.0,0.093,0.0,0.012,0.6,0.6,-27.050508,2.2082534,0.73608446,0.18400002,0.0,0.14978549,0.0,0.0
hardzero_only__c0p58__z1p00__lam0p000__nu0p50__psi0p00,0.093,borrow,47,475,0.0,3,-0.6,-0.6,-0.61200005,1.0238488,0.0,0.09465667,0.0,0.0,0.093,0.0,0.012,0.6,0.6,-27.080952,2.2525122,0.75083745,0.136,0.0,0.128169,0.0,0.0
hardzero_only__c0p58__z1p00__lam0p000__nu0p50__psi0p00,0.093,borrow,47,476,0.0,3,-0.6,-0.6,-0.60262483,0.9965031,0.100808434,0.100808434,1.0,0.009375185,0.093,0.0,0.012,0.6,0.6,-27.181036,2.1923506,0.7307836,0.2,0.0,0.14992982,0.0,0.0
hardzero_only__c0p58__z1p00__lam0p000__nu0p50__psi0p00,0.093,borrow,47,477,0.0,3,-0.6,-0.6,-0.60260457,0.9955642,0.10102662,0.10102662,1.0,0.0093954755,0.093,0.0,0.012,0.6,0.6,-26.920557,2.190285,0.730095,0.18400002,0.0,0.15715897,0.0,0.0
hardzero_only__c0p58__z1p00__lam0p000__nu0p50__psi0p00,0.093,borrow,47,478,0.0,3,-0.6,-0.6,-0.60224587,0.97929335,0.10488339,0.10488339,1.0,0.009754155,0.093,0.0,0.012,0.6,0.6,-26.888758,2.1544883,0.7181628,0.16000001,0.0,0.19877723,0.0,0.0
hardzero_only__c0p58__z1p00__lam0p000__nu0p50__psi0p00,0.093,borrow,47,479,0.0,3,-0.6,-0.6,-0.60179585,0.95970285,0.10972285,0.10972285,1.0,0.010204226,0.093,0.0,0.012,0.6,0.6,-26.03404,2.1113884,0.70379615,0.15200001,0.0,0.1422763,0.0,0.0
hardzero_only__c0p58__z1p00__lam0p000__nu0p50__psi0p00,0.093,borrow,47,480,0.0,3,-0.6,-0.6,-0.6022515,0.9795455,0.10482251,0.10482251,1.0,0.009748493,0.093,0.0,0.012,0.6,0.6,-27.336794,2.1550431,0.7183477,0.192,0.0,0.1821216,0.0,0.0
hardzero_only__c0p58__z1p00__lam0p000__nu0p50__psi0p00,0.093,borrow,47,481,0.0,3,-0.6,-0.6,-0.6026637,0.9983068,0.10039063,0.10039063,1.0,0.009336329,0.093,0.0,0.012,0.6,0.6,-26.809025,2.1963189,0.7321063,0.14999999,0.0,0.1382759,0.0,0.0
hardzero_only__c0p58__z1p00__lam0p000__nu0p50__psi0p00,0.093,borrow,47,482,0.0,3,-0.6,-0.6,-0.61200005,1.0184774,0.0,0.09583466,0.0,0.0,0.093,0.0,0.012,0.6,0.6,-26.842184,2.2406952,0.7468984,0.16000001,0.0,0.14771408,0.0,0.0
hardzero_only__c0p58__z1p00__lam0p000__nu0p50__psi0p00,0.093,borrow,47,483,0.0,3,-0.6,-0.6,-0.60196334,0.96689147,0.107921645,0.107921645,1.0,0.010036713,0.093,0.0,0.012,0.6,0.6,-26.584202,2.1272037,0.70906794,0.14400001,0.0,0.16515444,0.0,0.0
hardzero_only__c0p58__z1p00__lam0p000__nu0p50__psi0p00,0.093,borrow,47,484,0.0,3,-0.6,-0.6,-0.61200005,1.0197467,0.0,0.095554985,0.0,0.0,0.093,0.0,0.012,0.6,0.6,-27.651178,2.2434874,0.74782914,0.128,0.0,0.15742056,0.0,0.0
hardzero_only__c0p58__z1p00__lam0p000__nu0p50__psi0p00,0.093,borrow,47,485,0.0,3,-0.6,-0.6,-0.60268104,0.9991144,0.100204125,0.100204125,1.0,0.009318984,0.093,0.0,0.012,0.6,0.6,-26.6755,2.1980956,0.73269856,0.112,0.0,0.1417643,0.0,0.0
hardzero_only__c0p58__z1p00__lam0p000__nu0p50__psi0p00,0.093,borrow,47,486,0.0,3,-0.6,-0.6,-0.60232675,0.9829083,0.104013965,0.104013965,1.0,0.009673299,0.093,0.0,0.012,0.6,0.6,-26.555283,2.1624415,0.7208139,0.14400001,0.0,0.16098242,0.0,0.0
hardzero_only__c0p58__z1p00__lam0p000__nu0p50__psi0p00,0.093,borrow,47,487,0.0,3,-0.6,-0.6,-0.61200005,1.0193284,0.0,0.09564707,0.0,0.0,0.093,0.0,0.012,0.6,0.6,-27.638819,2.242567,0.74752235,0.112,0.0,0.16309518,0.0,0.0
hardzero_only__c0p58__z1p00__lam0p000__nu0p50__psi0p00,0.093,borrow,47,488,0.0,3,-0.6,-0.6,-0.6025784,0.99435556,0.101308174,0.101308174,1.0,0.009421661,0.093,0.0,0.012,0.6,0.6,-27.708755,2.187626,0.72920865,0.16800001,0.0,0.17700627,0.0,0.0
hardzero_only__c0p58__z1p00__lam0p000__nu0p50__psi0p00,0.093,borrow,47,489,0.0,3,-0.6,-0.6,-0.61200005,1.0882028,0.0,0.08162011,0.0,0.0,0.093,0.0,0.012,0.6,0.6,-28.179964,2.394094,0.79803133,0.15200001,0.0,0.16668849,0.0,0.0
hardzero_only__c0p58__z1p00__lam0p000__nu0p50__psi0p00,0.093,borrow,47,490,0.0,3,-0.6,-0.6,-0.61200005,1.0775372,0.0,0.0836494,0.0,0.0,0.093,0.0,0.012,0.6,0.6,-28.18957,2.370629,0.7902097,0.136,0.0,0.15956414,0.0,0.0
hardzero_only__c0p58__z1p00__lam0p000__nu0p50__psi0p00,0.093,borrow,47,491,0.0,3,-0.6,-0.6,-0.61200005,1.0133091,0.0,0.09698194,0.0,0.0,0.093,0.0,0.012,0.6,0.6,-26.738266,2.2293246,0.7431082,0.16000001,0.0,0.1599957,0.0,0.0
hardzero_only__c0p58__z1p00__lam0p000__nu0p50__psi0p00,0.093,borrow,47,492,0.0,3,-0.6,-0.6,-0.61200005,1.0376941,0.0,0.0916866,0.0,0.0,0.093,0.0,0.012,0.6,0.6,-27.513798,2.2829726,0.76099086,0.192,0.0,0.14468555,0.0,0.0
hardzero_only__c0p58__z1p00__lam0p000__nu0p50__psi0p00,0.093,borrow,47,493,0.0,3,-0.6,-0.6,-0.61200005,1.0129359,0.0,0.09706534,0.0,0.0,0.093,0.0,0.012,0.6,0.6,-27.011576,2.2285035,0.7428345,0.16800001,0.0,0.16908945,0.0,0.0
hardzero_only__c0p58__z1p00__lam0p000__nu0p50__psi0p00,0.093,borrow,47,494,0.0,3,-0.6,-0.6,-0.6018661,0.96270436,0.10896717,0.10896717,1.0,0.010133947,0.093,0.0,0.012,0.6,0.6,-26.998842,2.117992,0.70599735,0.19,0.0,0.1356159,0.0,0.0
hardzero_only__c0p58__z1p00__lam0p000__nu0p50__psi0p00,0.093,borrow,47,495,0.0,3,-0.6,-0.6,-0.60213715,0.97447723,0.10605294,0.10605294,1.0,0.009862924,0.093,0.0,0.012,0.6,0.6,-25.46135,2.1438928,0.71463096,0.16800001,0.0,0.15973479,0.0,0.0
hardzero_only__c0p58__z1p00__lam0p000__nu0p50__psi0p00,0.093,borrow,47,496,0.0,3,-0.6,-0.6,-0.60175097,0.95779836,0.11020509,0.11020509,1.0,0.010249074,0.093,0.0,0.012,0.6,0.6,-26.45333,2.1071985,0.7023995,0.15200001,0.0,0.15680404,0.0,0.0
hardzero_only__c0p58__z1p00__lam0p000__nu0p50__psi0p00,0.093,borrow,47,497,0.0,3,-0.6,-0.6,-0.61200005,1.0293509,0.0,0.09346502,0.0,0.0,0.093,0.0,0.012,0.6,0.6,-27.922308,2.2646172,0.75487244,0.16800001,0.0,0.1713414,0.0,0.0
hardzero_only__c0p58__z1p00__lam0p000__nu0p50__psi0p00,0.093,borrow,47,498,0.0,3,-0.6,-0.6,-0.60158974,0.95101863,0.111938976,0.111938976,1.0,0.010410325,0.093,0.0,0.012,0.6,0.6,-26.137798,2.0922828,0.69742763,0.192,0.0,0.14750503,0.0,0.0
hardzero_only__c0p58__z1p00__lam0p000__nu0p50__psi0p00,0.093,borrow,47,499,0.0,3,-0.6,-0.6,-0.60246193,0.9890218,0.10256005,0.10256005,1.0,0.009538085,0.093,0.0,0.012,0.6,0.6,-26.544394,2.1758914,0.72529715,0.16800001,0.0,0.1571928,0.0,0.0
hardzero_only__c0p58__z1p00__lam0p000__nu0p50__psi0p00,0.093,borrow,47,500,0.0,3,-0.6,-0.6,-0.6023998,0.9862029,0.103227906,0.103227906,1.0,0.009600195,0.093,0.0,0.012,0.6,0.6,-26.111343,2.1696897,0.7232299,0.128,0.0,0.14118661,0.0,0.0
hardzero_only__c0p58__z1p00__lam0p000__nu0p50__psi0p00,0.093,borrow,47,501,0.0,3,-0.6,-0.6,-0.6024622,0.98903114,0.10255783,0.10255783,1.0,0.009537878,0.093,0.0,0.012,0.6,0.6,-26.324432,2.175912,0.725304,0.120000005,0.0,0.13940178,0.0,0.0
hardzero_only__c0p58__z1p00__lam0p000__nu0p50__psi0p00,0.093,borrow,47,502,0.0,3,-0.6,-0.6,-0.61200005,1.0048126,0.0,0.09889797,0.0,0.0,0.093,0.0,0.012,0.6,0.6,-27.345387,2.2106318,0.7368773,0.14400001,0.0,0.17236337,0.0,0.0
hardzero_only__c0p58__z1p00__lam0p000__nu0p50__psi0p00,0.093,borrow,47,503,0.0,3,-0.6,-0.6,-0.61200005,1.0174882,0.0,0.09605318,0.0,0.0,0.093,0.0,0.012,0.6,0.6,-27.684841,2.2385187,0.7461729,0.15200001,0.0,0.17261119,0.0,0.0
hardzero_only__c0p58__z1p00__lam0p000__nu0p50__psi0p00,0.093,borrow,47,504,0.0,3,-0.6,-0.6,-0.61200005,1.0230784,0.0,0.09482471,0.0,0.0,0.093,0.0,0.012,0.6,0.6,-27.442305,2.2508175,0.7502725,0.16000001,0.0,0.17457101,0.0,0.0
hardzero_only__c0p58__z1p00__lam0p000__nu0p50__psi0p00,0.093,borrow,47,505,0.0,3,-0.6,-0.6,-0.61200005,1.0135608,0.0,0.09692577,0.0,0.0,0.093,0.0,0.012,0.6,0.6,-28.194464,2.2298782,0.74329275,0.080000006,0.0,0.14860189,0.0,0.0
hardzero_only__c0p58__z1p00__lam0p000__nu0p50__psi0p00,0.093,borrow,47,506,0.0,3,-0.6,-0.6,-0.61200005,1.005903,0.0,0.09864997,0.0,0.0,0.093,0.0,0.012,0.6,0.6,-26.49296,2.2130308,0.737677,0.128,0.0,0.13612992,0.0,0.0
hardzero_only__c0p58__z1p00__lam0p000__nu0p50__psi0p00,0.093,borrow,47,507,0.0,3,-0.6,-0.6,-0.61200005,1.0324696,0.0,0.09279624,0.0,0.0,0.093,0.0,0.012,0.6,0.6,-27.97178,2.2714787,0.7571596,0.14999999,0.0,0.16316755,0.0,0.0
hardzero_only__c0p58__z1p00__lam0p000__nu0p50__psi0p00,0.093,borrow,47,508,0.0,3,-0.6,-0.6,-0.61200005,1.0215733,0.0,0.095153935,0.0,0.0,0.093,0.0,0.012,0.6,0.6,-27.20902,2.2475061,0.74916875,0.16000001,0.0,0.17030472,0.0,0.0
hardzero_only__c0p58__z1p00__lam0p000__nu0p50__psi0p00,0.093,borrow,47,509,0.0,3,-0.6,-0.6,-0.61200005,1.0076762,0.0,0.098248005,0.0,0.0,0.093,0.0,0.012,0.6,0.6,-26.787634,2.216932,0.7389774,0.16800001,0.0,0.14429024,0.0,0.0
hardzero_only__c0p58__z1p00__lam0p000__nu0p50__psi0p00,0.093,borrow,47,510,0.0,3,-0.6,-0.6,-0.60180026,0.9598925,0.10967497,0.10967497,1.0,0.010199772,0.093,0.0,0.012,0.6,0.6,-26.099943,2.1118057,0.70393527,0.17600001,0.0,0.16384384,0.0,0.0
hardzero_only__c0p58__z1p00__lam0p000__nu0p50__psi0p00,0.093,borrow,47,511,0.0,3,-0.6,-0.6,-0.61200005,1.0134121,0.0,0.096958935,0.0,0.0,0.093,0.0,0.012,0.6,0.6,-28.108942,2.229551,0.74318373,0.192,0.0,0.17020215,0.0,0.0
hardzero_only__c0p58__z1p00__lam0p000__nu0p50__psi0p00,0.093,borrow,47,512,0.0,3,-0.6,-0.6,-0.61200005,1.061596,0.0,0.08677685,0.0,0.0,0.093,0.0,0.012,0.6,0.6,-28.269762,2.335558,0.77851933,0.14400001,0.0,0.16746363,0.0,0.0
hardzero_only__c0p58__z1p00__lam0p000__nu0p50__psi0p00,0.093,borrow,47,513,0.0,3,-0.6,-0.6,-0.6015191,0.94808334,0.112698115,0.112698115,1.0,0.010480925,0.093,0.0,0.012,0.6,0.6,-26.101532,2.085825,0.695275,0.264,0.0,0.1559696,0.0,0.0
hardzero_only__c0p58__z1p00__lam0p000__nu0p50__psi0p00,0.093,borrow,47,514,0.0,3,-0.6,-0.6,-0.60239273,0.9858818,0.10330425,0.10330425,1.0,0.0096072955,0.093,0.0,0.012,0.6,0.6,-26.371908,2.1689832,0.72299445,0.096,0.0,0.14273413,0.0,0.0
hardzero_only__c0p58__z1p00__lam0p000__nu0p50__psi0p00,0.093,borrow,47,515,0.0,3,-0.6,-0.6,-0.60223526,0.9788204,0.10499765,0.10499765,1.0,0.009764781,0.093,0.0,0.012,0.6,0.6,-26.586206,2.1534479,0.717816,0.24000001,0.0,0.14505252,0.0,0.0
hardzero_only__c0p58__z1p00__lam0p000__nu0p50__psi0p00,0.093,borrow,47,516,0.0,3,-0.6,-0.6,-0.61200005,1.0155492,0.0,0.096483,0.0,0.0,0.093,0.0,0.012,0.6,0.6,-26.328466,2.234253,0.744751,0.18400002,0.0,0.15500101,0.0,0.0
hardzero_only__c0p58__z1p00__lam0p000__nu0p50__psi0p00,0.093,borrow,47,517,0.0,3,-0.6,-0.6,-0.60247546,0.9896369,0.10241488,0.10241488,1.0,0.009524585,0.093,0.0,0.012,0.6,0.6,-26.725222,2.1772447,0.72574824,0.18400002,0.0,0.13449906,0.0,0.0
hardzero_only__c0p58__z1p00__lam0p000__nu0p50__psi0p00,0.093,borrow,47,518,0.0,3,-0.6,-0.6,-0.6025811,0.99447876,0.10127943,0.10127943,1.0,0.009418988,0.093,0.0,0.012,0.6,0.6,-26.742476,2.187897,0.729299,0.192,0.0,0.15208527,0.0,0.0
hardzero_only__c0p58__z1p00__lam0p000__nu0p50__psi0p00,0.093,borrow,47,519,0.0,3,-0.6,-0.6,-0.6019763,0.96745205,0.10778243,0.10778243,1.0,0.010023766,0.093,0.0,0.012,0.6,0.6,-26.56395,2.128437,0.70947903,0.208,0.0,0.14538711,0.0,0.0
hardzero_only__c0p58__z1p00__lam0p000__nu0p50__psi0p00,0.093,borrow,47,520,0.0,3,-0.6,-0.6,-0.61200005,1.023277,0.0,0.09478135,0.0,0.0,0.093,0.0,0.012,0.6,0.6,-27.570116,2.2512543,0.7504181,0.17,0.0,0.15194778,0.0,0.0
hardzero_only__c0p58__z1p00__lam0p000__nu0p50__psi0p00,0.093,borrow,47,521,0.0,3,-0.6,-0.6,-0.6016887,0.95516735,0.11087474,0.11087474,1.0,0.010311351,0.093,0.0,0.012,0.6,0.6,-26.290533,2.1014102,0.7004701,0.14400001,0.0,0.1321654,0.0,0.0
hardzero_only__c0p58__z1p00__lam0p000__nu0p50__psi0p00,0.093,borrow,47,522,0.0,3,-0.6,-0.6,-0.61200005,1.0019735,0.0,0.0995466,0.0,0.0,0.093,0.0,0.012,0.6,0.6,-26.938435,2.2043858,0.7347953,0.14400001,0.0,0.16258557,0.0,0.0
hardzero_only__c0p58__z1p00__lam0p000__nu0p50__psi0p00,0.093,borrow,47,523,0.0,3,-0.6,-0.6,-0.60244894,0.98843056,0.10269977,0.10269977,1.0,0.009551079,0.093,0.0,0.012,0.6,0.6,-27.213852,2.1745906,0.7248635,0.16000001,0.0,0.15093231,0.0,0.0
hardzero_only__c0p58__z1p00__lam0p000__nu0p50__psi0p00,0.093,borrow,47,524,0.0,3,-0.6,-0.6,-0.61200005,1.0078293,0.0,0.0982134,0.0,0.0,0.093,0.0,0.012,0.6,0.6,-27.3257,2.2172687,0.7390896,0.17600001,0.008,0.1753847,0.0,0.0
hardzero_only__c0p58__z1p00__lam0p000__nu0p50__psi0p00,0.093,borrow,47,525,0.0,3,-0.6,-0.6,-0.60239786,0.9861124,0.103249416,0.103249416,1.0,0.009602196,0.093,0.0,0.012,0.6,0.6,-26.25614,2.1694906,0.72316355,0.16000001,0.0,0.16253756,0.0,0.0
hardzero_only__c0p58__z1p00__lam0p000__nu0p50__psi0p00,0.093,borrow,47,526,0.0,3,-0.6,-0.6,-0.61200005,1.0121863,0.0,0.097233005,0.0,0.0,0.093,0.0,0.012,0.6,0.6,-27.909286,2.2268543,0.7422848,0.128,0.0,0.15158415,0.0,0.0
hardzero_only__c0p58__z1p00__lam0p000__nu0p50__psi0p00,0.093,borrow,47,527,0.0,3,-0.6,-0.6,-0.602509,0.9911696,0.10205408,0.10205408,1.0,0.00949103,0.093,0.0,0.012,0.6,0.6,-26.73182,2.1806166,0.7268722,0.120000005,0.0,0.16266778,0.0,0.0
hardzero_only__c0p58__z1p00__lam0p000__nu0p50__psi0p00,0.093,borrow,47,528,0.0,3,-0.6,-0.6,-0.61200005,1.0335398,0.0,0.09256787,0.0,0.0,0.093,0.0,0.012,0.6,0.6,-27.616692,2.2738328,0.7579443,0.128,0.0,0.15138403,0.0,0.0
hardzero_only__c0p58__z1p00__lam0p000__nu0p50__psi0p00,0.093,borrow,47,529,0.0,3,-0.6,-0.6,-0.61200005,1.0631118,0.0,0.08647453,0.0,0.0,0.093,0.0,0.012,0.6,0.6,-28.802294,2.3388927,0.7796309,0.136,0.0,0.16386013,0.0,0.0
hardzero_only__c0p58__z1p00__lam0p000__nu0p50__psi0p00,0.093,borrow,47,530,0.0,3,-0.6,-0.6,-0.61200005,1.0055813,0.0,0.09872309,0.0,0.0,0.093,0.0,0.012,0.6,0.6,-27.576271,2.212323,0.737441,0.15200001,0.0,0.14103436,0.0,0.0
hardzero_only__c0p58__z1p00__lam0p000__nu0p50__psi0p00,0.093,borrow,47,531,0.0,3,-0.6,-0.6,-0.61200005,1.0349352,0.0,0.0922709,0.0,0.0,0.093,0.0,0.012,0.6,0.6,-27.77561,2.276903,0.75896764,0.128,0.0,0.17727683,0.0,0.0
hardzero_only__c0p58__z1p00__lam0p000__nu0p50__psi0p00,0.093,borrow,47,532,0.0,3,-0.6,-0.6,-0.61200005,1.0025114,0.0,0.0994234,0.0,0.0,0.093,0.0,0.012,0.6,0.6,-27.194006,2.205569,0.7351897,0.112,0.0,0.1621074,0.0,0.0
hardzero_only__c0p58__z1p00__lam0p000__nu0p50__psi0p00,0.093,borrow,47,533,0.0,3,-0.6,-0.6,-0.61200005,1.0097568,0.0,0.09777845,0.0,0.0,0.093,0.0,0.012,0.6,0.6,-27.168457,2.2215092,0.7405031,0.17999999,0.0,0.15710142,0.0,0.0
hardzero_only__c0p58__z1p00__lam0p000__nu0p50__psi0p00,0.093,borrow,47,534,0.0,3,-0.6,-0.6,-0.6015435,0.949093,0.11243642,0.11243642,1.0,0.010456587,0.093,0.0,0.012,0.6,0.6,-26.362158,2.0880463,0.6960155,0.24800001,0.0,0.17947246,0.0,0.0
hardzero_only__c0p58__z1p00__lam0p000__nu0p50__psi0p00,0.093,borrow,47,535,0.0,3,-0.6,-0.6,-0.60266906,0.9985562,0.100333005,0.100333005,1.0,0.009330969,0.093,0.0,0.012,0.6,0.6,-26.280888,2.1968675,0.7322892,0.16800001,0.0,0.15793084,0.0,0.0
hardzero_only__c0p58__z1p00__lam0p000__nu0p50__psi0p00,0.093,borrow,47,536,0.0,3,-0.6,-0.6,-0.61200005,1.0071701,0.0,0.09836257,0.0,0.0,0.093,0.0,0.012,0.6,0.6,-26.461449,2.2158184,0.73860615,0.192,0.0,0.13709791,0.0,0.0
hardzero_only__c0p58__z1p00__lam0p000__nu0p50__psi0p00,0.093,borrow,47,537,0.0,3,-0.6,-0.6,-0.61200005,1.0376276,0.0,0.091700666,0.0,0.0,0.093,0.0,0.012,0.6,0.6,-27.994057,2.2828262,0.7609421,0.2,0.0,0.13999803,0.0,0.0
hardzero_only__c0p58__z1p00__lam0p000__nu0p50__psi0p00,0.093,borrow,47,538,0.0,3,-0.6,-0.6,-0.61200005,1.0254917,0.0,0.09429927,0.0,0.0,0.093,0.0,0.012,0.6,0.6,-27.315071,2.2561269,0.7520423,0.112,0.0,0.16111909,0.0,0.0
hardzero_only__c0p58__z1p00__lam0p000__nu0p50__psi0p00,0.093,borrow,47,539,0.0,3,-0.6,-0.6,-0.6024754,0.9896341,0.10241554,0.10241554,1.0,0.009524645,0.093,0.0,0.012,0.6,0.6,-26.89941,2.1772385,0.72574615,0.2,0.0,0.14732504,0.0,0.0
hardzero_only__c0p58__z1p00__lam0p000__nu0p50__psi0p00,0.093,borrow,47,540,0.0,3,-0.6,-0.6,-0.61200005,1.0087676,0.0,0.09800143,0.0,0.0,0.093,0.0,0.012,0.6,0.6,-27.254524,2.2193332,0.73977774,0.16000001,0.0,0.14365196,0.0,0.0
hardzero_only__c0p58__z1p00__lam0p000__nu0p50__psi0p00,0.093,borrow,47,541,0.0,3,-0.6,-0.6,-0.61200005,1.0462445,0.0,0.08989914,0.0,0.0,0.093,0.0,0.012,0.6,0.6,-27.562012,2.3017838,0.76726127,0.16800001,0.0,0.17575137,0.0,0.0
hardzero_only__c0p58__z1p00__lam0p000__nu0p50__psi0p00,0.093,borrow,47,542,0.0,3,-0.6,-0.6,-0.6021887,0.9767548,0.105498224,0.105498224,1.0,0.009811335,0.093,0.0,0.012,0.6,0.6,-26.761211,2.1489034,0.71630114,0.18400002,0.0,0.16457303,0.0,0.0
hardzero_only__c0p58__z1p00__lam0p000__nu0p50__psi0p00,0.093,borrow,47,543,0.0,3,-0.6,-0.6,-0.61200005,1.0228579,0.0,0.09487287,0.0,0.0,0.093,0.0,0.012,0.6,0.6,-26.688454,2.2503324,0.7501108,0.136,0.0,0.15552819,0.0,0.0
hardzero_only__c0p58__z1p00__lam0p000__nu0p50__psi0p00,0.093,borrow,47,544,0.0,3,-0.6,-0.6,-0.61200005,1.093211,0.0,0.08068429,0.0,0.0,0.093,0.0,0.012,0.6,0.6,-29.006897,2.4051123,0.8017041,0.112,0.0,0.21115537,0.0,0.0
hardzero_only__c0p58__z1p00__lam0p000__nu0p50__psi0p00,0.093,borrow,47,545,0.0,3,-0.6,-0.6,-0.61200005,1.0163814,0.0,0.0962983,0.0,0.0,0.093,0.0,0.012,0.6,0.6,-26.939262,2.2360837,0.74536127,0.128,0.0,0.15508445,0.0,0.0
hardzero_only__c0p58__z1p00__lam0p000__nu0p50__psi0p00,0.093,borrow,47,546,0.0,3,-0.6,-0.6,-0.61200005,1.0215894,0.0,0.09515039,0.0,0.0,0.093,0.0,0.012,0.6,0.6,-27.29408,2.2475414,0.7491805,0.17,0.0,0.16985415,0.0,0.0
hardzero_only__c0p58__z1p00__lam0p000__nu0p50__psi0p00,0.093,borrow,47,547,0.0,3,-0.6,-0.6,-0.61200005,1.0540096,0.0,0.08830605,0.0,0.0,0.093,0.0,0.012,0.6,0.6,-28.730566,2.3188672,0.7729558,0.192,0.0,0.17479245,0.0,0.0
hardzero_only__c0p58__z1p00__lam0p000__nu0p50__psi0p00,0.093,borrow,47,548,0.0,3,-0.6,-0.6,-0.60222787,0.97849125,0.10507726,0.10507726,1.0,0.009772185,0.093,0.0,0.012,0.6,0.6,-26.90449,2.1527238,0.7175746,0.14400001,0.0,0.18621293,0.0,0.0
hardzero_only__c0p58__z1p00__lam0p000__nu0p50__psi0p00,0.093,borrow,47,549,0.0,3,-0.6,-0.6,-0.6017018,0.95572025,0.11073367,0.11073367,1.0,0.010298232,0.093,0.0,0.012,0.6,0.6,-26.210787,2.1026266,0.7008755,0.216,0.0,0.15693624,0.0,0.0
hardzero_only__c0p58__z1p00__lam0p000__nu0p50__psi0p00,0.093,borrow,47,550,0.0,3,-0.6,-0.6,-0.61200005,1.0211096,0.0,0.09525557,0.0,0.0,0.093,0.0,0.012,0.6,0.6,-27.228455,2.246486,0.74882865,0.112,0.0,0.1326869,0.0,0.0
hardzero_only__c0p58__z1p00__lam0p000__nu0p50__psi0p00,0.093,borrow,47,551,0.0,3,-0.6,-0.6,-0.60193396,0.9656217,0.10823764,0.10823764,1.0,0.0100661,0.093,0.0,0.012,0.6,0.6,-26.794506,2.1244102,0.70813674,0.208,0.0,0.1557957,0.0,0.0
hardzero_only__c0p58__z1p00__lam0p000__nu0p50__psi0p00,0.093,borrow,47,552,0.0,3,-0.6,-0.6,-0.61200005,1.0159055,0.0,0.096403874,0.0,0.0,0.093,0.0,0.012,0.6,0.6,-27.309814,2.2350366,0.7450122,0.128,0.0,0.16124447,0.0,0.0
hardzero_only__c0p58__z1p00__lam0p000__nu0p50__psi0p00,0.093,borrow,47,553,0.0,3,-0.6,-0.6,-0.60123867,0.9366139,0.11571403,0.11571403,1.0,0.010761405,0.093,0.0,0.012,0.6,0.6,-26.648201,2.0605917,0.6868639,0.17600001,0.0,0.13372102,0.0,0.0
hardzero_only__c0p58__z1p00__lam0p000__nu0p50__psi0p00,0.093,borrow,47,554,0.0,3,-0.6,-0.6,-0.61200005,1.0095407,0.0,0.09782714,0.0,0.0,0.093,0.0,0.012,0.6,0.6,-27.443777,2.2210338,0.74034464,0.16800001,0.0,0.15325627,0.0,0.0
hardzero_only__c0p58__z1p00__lam0p000__nu0p50__psi0p00,0.093,borrow,47,555,0.0,3,-0.6,-0.6,-0.6021535,0.9751976,0.10587718,0.10587718,1.0,0.009846578,0.093,0.0,0.012,0.6,0.6,-26.893326,2.1454775,0.7151592,0.208,0.0,0.14790997,0.0,0.0
hardzero_only__c0p58__z1p00__lam0p000__nu0p50__psi0p00,0.093,borrow,47,556,0.0,3,-0.6,-0.6,-0.6022326,0.97870034,0.10502669,0.10502669,1.0,0.009767483,0.093,0.0,0.012,0.6,0.6,-26.443895,2.1531837,0.7177279,0.15200001,0.0,0.14536916,0.0,0.0
hardzero_only__c0p58__z1p00__lam0p000__nu0p50__psi0p00,0.093,borrow,47,557,0.0,3,-0.6,-0.6,-0.61200005,1.1387329,0.0,0.07265525,0.0,0.0,0.093,0.0,0.012,0.6,0.6,-29.804308,2.5052624,0.8350875,0.08800001,0.0,0.19305967,0.0,0.0
hardzero_only__c0p58__z1p00__lam0p000__nu0p50__psi0p00,0.093,borrow,47,558,0.0,3,-0.6,-0.6,-0.61200005,1.0088353,0.0,0.09798615,0.0,0.0,0.093,0.0,0.012,0.6,0.6,-27.064184,2.219482,0.73982733,0.080000006,0.008,0.13372856,0.0,0.0
hardzero_only__c0p58__z1p00__lam0p000__nu0p50__psi0p00,0.093,borrow,47,559,0.0,3,-0.6,-0.6,-0.61200005,1.0054519,0.0,0.0987525,0.0,0.0,0.093,0.0,0.012,0.6,0.6,-27.496426,2.2120385,0.7373462,0.14999999,0.0,0.16788228,0.0,0.0
hardzero_only__c0p58__z1p00__lam0p000__nu0p50__psi0p00,0.093,borrow,47,560,0.0,3,-0.6,-0.6,-0.6024028,0.98633695,0.10319603,0.10319603,1.0,0.009597232,0.093,0.0,0.012,0.6,0.6,-26.699005,2.1699846,0.72332823,0.17600001,0.0,0.13792588,0.0,0.0
hardzero_only__c0p58__z1p00__lam0p000__nu0p50__psi0p00,0.093,borrow,47,561,0.0,3,-0.6,-0.6,-0.60219866,0.9771947,0.105391406,0.105391406,1.0,0.009801401,0.093,0.0,0.012,0.6,0.6,-27.844378,2.1498713,0.7166238,0.192,0.0,0.16606338,0.0,0.0
hardzero_only__c0p58__z1p00__lam0p000__nu0p50__psi0p00,0.093,borrow,47,562,0.0,3,-0.6,-0.6,-0.61200005,1.0216507,0.0,0.09513696,0.0,0.0,0.093,0.0,0.012,0.6,0.6,-27.64585,2.2476764,0.7492255,0.16800001,0.0,0.14834051,0.0,0.0
hardzero_only__c0p58__z1p00__lam0p000__nu0p50__psi0p00,0.093,borrow,47,563,0.0,3,-0.6,-0.6,-0.61200005,1.0119625,0.0,0.09728312,0.0,0.0,0.093,0.0,0.012,0.6,0.6,-28.287464,2.226362,0.7421207,0.16800001,0.0,0.18358576,0.0,0.0
hardzero_only__c0p58__z1p00__lam0p000__nu0p50__psi0p00,0.093,borrow,47,564,0.0,3,-0.6,-0.6,-0.61200005,1.0290219,0.0,0.09353585,0.0,0.0,0.093,0.0,0.012,0.6,0.6,-27.573587,2.2638934,0.75463116,0.16000001,0.0,0.17749655,0.0,0.0
hardzero_only__c0p58__z1p00__lam0p000__nu0p50__psi0p00,0.093,borrow,47,565,0.0,3,-0.6,-0.6,-0.61200005,1.0268068,0.0,0.094014145,0.0,0.0,0.093,0.0,0.012,0.6,0.6,-26.876722,2.25902,0.7530067,0.15200001,0.0,0.15652202,0.0,0.0
hardzero_only__c0p58__z1p00__lam0p000__nu0p50__psi0p00,0.093,borrow,47,566,0.0,3,-0.6,-0.6,-0.6024195,0.98709106,0.103017,0.103017,1.0,0.009580581,0.093,0.0,0.012,0.6,0.6,-26.656254,2.1716437,0.72388124,0.208,0.0,0.15030882,0.0,0.0
hardzero_only__c0p58__z1p00__lam0p000__nu0p50__psi0p00,0.093,borrow,47,567,0.0,3,-0.6,-0.6,-0.61200005,1.0103252,0.0,0.097650565,0.0,0.0,0.093,0.0,0.012,0.6,0.6,-26.902256,2.2227597,0.74091995,0.17600001,0.0,0.17207281,0.0,0.0
hardzero_only__c0p58__z1p00__lam0p000__nu0p50__psi0p00,0.093,borrow,47,568,0.0,3,-0.6,-0.6,-0.61200005,1.0331528,0.0,0.09265038,0.0,0.0,0.093,0.0,0.012,0.6,0.6,-27.736067,2.2729816,0.75766057,0.17600001,0.0,0.16694605,0.0,0.0
hardzero_only__c0p58__z1p00__lam0p000__nu0p50__psi0p00,0.093,borrow,47,569,0.0,3,-0.6,-0.6,-0.6012462,0.93691885,0.11563281,0.11563281,1.0,0.010753851,0.093,0.0,0.012,0.6,0.6,-25.755201,2.0612626,0.68708754,0.18400002,0.0,0.12221098,0.0,0.0
hardzero_only__c0p58__z1p00__lam0p000__nu0p50__psi0p00,0.093,borrow,47,570,0.0,3,-0.6,-0.6,-0.61200005,1.0425906,0.0,0.09065868,0.0,0.0,0.093,0.0,0.012,0.6,0.6,-28.038715,2.293745,0.7645817,0.14400001,0.0,0.18293607,0.0,0.0
hardzero_only__c0p58__z1p00__lam0p000__nu0p50__psi0p00,0.093,borrow,47,571,0.0,3,-0.6,-0.6,-0.60239893,0.9861618,0.10323765,0.10323765,1.0,0.009601102,0.093,0.0,0.012,0.6,0.6,-26.779411,2.1695993,0.7231998,0.136,0.0,0.14876628,0.0,0.0
hardzero_only__c0p58__z1p00__lam0p000__nu0p50__psi0p00,0.093,borrow,47,572,0.0,3,-0.6,-0.6,-0.6019716,0.96725017,0.10783253,0.10783253,1.0,0.010028426,0.093,0.0,0.012,0.6,0.6,-26.73075,2.1279929,0.709331,0.19,0.0,0.13291192,0.0,0.0
hardzero_only__c0p58__z1p00__lam0p000__nu0p50__psi0p00,0.093,borrow,47,573,0.0,3,-0.6,-0.6,-0.60204244,0.97032887,0.10707081,0.10707081,1.0,0.0099575855,0.093,0.0,0.012,0.6,0.6,-26.54729,2.134766,0.71158874,0.23200001,0.0,0.16924171,0.0,0.0
hardzero_only__c0p58__z1p00__lam0p000__nu0p50__psi0p00,0.093,borrow,47,574,0.0,3,-0.6,-0.6,-0.61200005,1.0354984,0.0,0.09215134,0.0,0.0,0.093,0.0,0.012,0.6,0.6,-27.969213,2.278142,0.7593807,0.136,0.0,0.17220859,0.0,0.0
hardzero_only__c0p58__z1p00__lam0p000__nu0p50__psi0p00,0.093,borrow,47,575,0.0,3,-0.6,-0.6,-0.60239875,0.9861543,0.10323945,0.10323945,1.0,0.009601269,0.093,0.0,0.012,0.6,0.6,-27.259537,2.1695828,0.7231943,0.24000001,0.0,0.18160896,0.0,0.0
hardzero_only__c0p58__z1p00__lam0p000__nu0p50__psi0p00,0.093,borrow,47,576,0.0,3,-0.6,-0.6,-0.61200005,1.0963396,0.0,0.08010514,0.0,0.0,0.093,0.0,0.012,0.6,0.6,-28.019419,2.4119952,0.8039984,0.15200001,0.0,0.18430945,0.0,0.0
hardzero_only__c0p58__z1p00__lam0p000__nu0p50__psi0p00,0.093,borrow,47,577,0.0,3,-0.6,-0.6,-0.6020413,0.9702792,0.10708307,0.10708307,1.0,0.009958725,0.093,0.0,0.012,0.6,0.6,-26.277256,2.134657,0.7115523,0.24800001,0.0,0.15120599,0.0,0.0
hardzero_only__c0p58__z1p00__lam0p000__nu0p50__psi0p00,0.093,borrow,47,578,0.0,3,-0.6,-0.6,-0.61200005,1.007104,0.0,0.09837754,0.0,0.0,0.093,0.0,0.012,0.6,0.6,-27.049177,2.2156732,0.73855776,0.18400002,0.0,0.13703102,0.0,0.0
hardzero_only__c0p58__z1p00__lam0p000__nu0p50__psi0p00,0.093,borrow,47,579,0.0,3,-0.6,-0.6,-0.6025417,0.9926674,0.101702735,0.101702735,1.0,0.009458355,0.093,0.0,0.012,0.6,0.6,-26.94727,2.1839118,0.7279706,0.15200001,0.0,0.1445613,0.0,0.0
hardzero_only__c0p58__z1p00__lam0p000__nu0p50__psi0p00,0.093,borrow,47,580,0.0,3,-0.6,-0.6,-0.6024568,0.98878825,0.10261521,0.10261521,1.0,0.009543215,0.093,0.0,0.012,0.6,0.6,-27.170868,2.1753776,0.7251259,0.192,0.0,0.19341837,0.0,0.0
hardzero_only__c0p58__z1p00__lam0p000__nu0p50__psi0p00,0.093,borrow,47,581,0.0,3,-0.6,-0.6,-0.6020923,0.97250885,0.1065347,0.1065347,1.0,0.009907727,0.093,0.0,0.012,0.6,0.6,-26.726124,2.1395621,0.7131874,0.224,0.0,0.15292469,0.0,0.0
hardzero_only__c0p58__z1p00__lam0p000__nu0p50__psi0p00,0.093,borrow,47,582,0.0,3,-0.6,-0.6,-0.61200005,1.0037944,0.0,0.0991301,0.0,0.0,0.093,0.0,0.012,0.6,0.6,-27.12795,2.208392,0.73613065,0.17600001,0.0,0.13767608,0.0,0.0
hardzero_only__c0p58__z1p00__lam0p000__nu0p50__psi0p00,0.093,borrow,47,583,0.0,3,-0.6,-0.6,-0.6023642,0.98459315,0.10361122,0.10361122,1.0,0.009635844,0.093,0.0,0.012,0.6,0.6,-26.244606,2.1661482,0.7220494,0.17600001,0.0,0.15431203,0.0,0.0
hardzero_only__c0p58__z1p00__lam0p000__nu0p50__psi0p00,0.093,borrow,47,584,0.0,3,-0.6,-0.6,-0.61200005,1.0234761,0.0,0.09473793,0.0,0.0,0.093,0.0,0.012,0.6,0.6,-27.109808,2.2516925,0.7505642,0.120000005,0.0,0.16611351,0.0,0.0
hardzero_only__c0p58__z1p00__lam0p000__nu0p50__psi0p00,0.093,borrow,47,585,0.0,3,-0.6,-0.6,-0.61200005,1.0318004,0.0,0.09293935,0.0,0.0,0.093,0.0,0.012,0.6,0.6,-27.81335,2.2700062,0.75666875,0.14,0.0,0.14061485,0.0,0.0
hardzero_only__c0p58__z1p00__lam0p000__nu0p50__psi0p00,0.093,borrow,47,586,0.0,3,-0.6,-0.6,-0.6009501,0.9251239,0.11881631,0.11881631,1.0,0.011049917,0.093,0.0,0.012,0.6,0.6,-25.677174,2.0353131,0.6784377,0.208,0.0,0.12698385,0.0,0.0
hardzero_only__c0p58__z1p00__lam0p000__nu0p50__psi0p00,0.093,borrow,47,587,0.0,3,-0.6,-0.6,-0.600929,0.9242958,0.1190431,0.1190431,1.0,0.011071009,0.093,0.0,0.012,0.6,0.6,-25.416975,2.0334914,0.67783046,0.14400001,0.0,0.14973234,0.0,0.0
hardzero_only__c0p58__z1p00__lam0p000__nu0p50__psi0p00,0.093,borrow,47,588,0.0,3,-0.6,-0.6,-0.61200005,1.0366668,0.0,0.09190375,0.0,0.0,0.093,0.0,0.012,0.6,0.6,-27.364292,2.2807124,0.76023746,0.15200001,0.0,0.15810898,0.0,0.0
hardzero_only__c0p58__z1p00__lam0p000__nu0p50__psi0p00,0.093,borrow,47,589,0.0,3,-0.6,-0.6,-0.60237485,0.9850737,0.10349664,0.10349664,1.0,0.009625188,0.093,0.0,0.012,0.6,0.6,-26.65277,2.1672053,0.7224018,0.16000001,0.0,0.13877295,0.0,0.0
hardzero_only__c0p58__z1p00__lam0p000__nu0p50__psi0p00,0.093,borrow,47,590,0.0,3,-0.6,-0.6,-0.61200005,1.0087898,0.0,0.09799643,0.0,0.0,0.093,0.0,0.012,0.6,0.6,-27.500269,2.2193818,0.73979396,0.16800001,0.0,0.16013014,0.0,0.0
hardzero_only__c0p58__z1p00__lam0p000__nu0p50__psi0p00,0.093,borrow,47,591,0.0,3,-0.6,-0.6,-0.61200005,1.0066181,0.0,0.098487675,0.0,0.0,0.093,0.0,0.012,0.6,0.6,-26.679258,2.2146041,0.7382014,0.17600001,0.0,0.13684942,0.0,0.0
hardzero_only__c0p58__z1p00__lam0p000__nu0p50__psi0p00,0.093,borrow,47,592,0.0,3,-0.6,-0.6,-0.61200005,1.019407,0.0,0.09562974,0.0,0.0,0.093,0.0,0.012,0.6,0.6,-26.262154,2.2427402,0.74758005,0.18400002,0.0,0.15423732,0.0,0.0
hardzero_only__c0p58__z1p00__lam0p000__nu0p50__psi0p00,0.093,borrow,47,593,0.0,3,-0.6,-0.6,-0.60081756,0.91994387,0.12024197,0.12024197,1.0,0.011182504,0.093,0.0,0.012,0.6,0.6,-25.313356,2.023917,0.674639,0.2,0.0,0.12714088,0.0,0.0
hardzero_only__c0p58__z1p00__lam0p000__nu0p50__psi0p00,0.093,borrow,47,594,0.0,3,-0.6,-0.6,-0.6022186,0.97808003,0.10517679,0.10517679,1.0,0.009781442,0.093,0.0,0.012,0.6,0.6,-26.931572,2.151819,0.717273,0.208,0.0,0.15395254,0.0,0.0
hardzero_only__c0p58__z1p00__lam0p000__nu0p50__psi0p00,0.093,borrow,47,595,0.0,3,-0.6,-0.6,-0.61200005,1.0254905,0.0,0.09429951,0.0,0.0,0.093,0.0,0.012,0.6,0.6,-27.561787,2.2561243,0.75204146,0.14400001,0.0,0.15785296,0.0,0.0
hardzero_only__c0p58__z1p00__lam0p000__nu0p50__psi0p00,0.093,borrow,47,596,0.0,3,-0.6,-0.6,-0.6023376,0.983396,0.10389723,0.10389723,1.0,0.009662443,0.093,0.0,0.012,0.6,0.6,-26.280426,2.1635144,0.7211715,0.2,0.0,0.14291558,0.0,0.0
hardzero_only__c0p58__z1p00__lam0p000__nu0p50__psi0p00,0.093,borrow,47,597,0.0,3,-0.6,-0.6,-0.61200005,1.0378752,0.0,0.09164838,0.0,0.0,0.093,0.0,0.012,0.6,0.6,-28.572031,2.283371,0.76112366,0.128,0.0,0.18430756,0.0,0.0
hardzero_only__c0p58__z1p00__lam0p000__nu0p50__psi0p00,0.093,borrow,47,598,0.0,3,-0.6,-0.6,-0.61200005,1.0179145,0.0,0.09595895,0.0,0.0,0.093,0.0,0.012,0.6,0.6,-26.851767,2.2394567,0.7464856,0.14,0.0,0.1511334,0.0,0.0
hardzero_only__c0p58__z1p00__lam0p000__nu0p50__psi0p00,0.093,borrow,47,599,0.0,3,-0.6,-0.6,-0.6022948,0.9814759,0.1043576,0.1043576,1.0,0.009705257,0.093,0.0,0.012,0.6,0.6,-25.973799,2.15929,0.7197634,0.136,0.0,0.14139347,0.0,0.0
hardzero_only__c0p58__z1p00__lam0p000__nu0p50__psi0p00,0.093,borrow,47,600,0.0,3,-0.6,-0.6,-0.60216916,0.9758904,0.10570841,0.10570841,1.0,0.009830883,0.093,0.0,0.012,0.6,0.6,-27.44496,2.1470017,0.71566725,0.120000005,0.0,0.15821673,0.0,0.0
hardzero_only__c0p58__z1p00__lam0p000__nu0p50__psi0p00,0.093,borrow,47,601,0.0,3,-0.6,-0.6,-0.601626,0.9525334,0.11154923,0.11154923,1.0,0.0103740785,0.093,0.0,0.012,0.6,0.6,-26.383307,2.0956154,0.6985385,0.2,0.0,0.14839986,0.0,0.0
hardzero_only__c0p58__z1p00__lam0p000__nu0p50__psi0p00,0.093,borrow,47,602,0.0,3,-0.6,-0.6,-0.61200005,1.0358821,0.0,0.09206995,0.0,0.0,0.093,0.0,0.012,0.6,0.6,-27.60385,2.2789862,0.7596621,0.080000006,0.0,0.15139176,0.0,0.0
hardzero_only__c0p58__z1p00__lam0p000__nu0p50__psi0p00,0.093,borrow,47,603,0.0,3,-0.6,-0.6,-0.60214317,0.9747437,0.10598791,0.10598791,1.0,0.009856876,0.093,0.0,0.012,0.6,0.6,-26.28563,2.144479,0.71482635,0.192,0.0,0.13316229,0.0,0.0
hardzero_only__c0p58__z1p00__lam0p000__nu0p50__psi0p00,0.093,borrow,47,604,0.0,3,-0.6,-0.6,-0.61200005,1.018829,0.0,0.09575709,0.0,0.0,0.093,0.0,0.012,0.6,0.6,-27.42924,2.2414684,0.74715614,0.18400002,0.0,0.15560512,0.0,0.0
hardzero_only__c0p58__z1p00__lam0p000__nu0p50__psi0p00,0.093,borrow,47,605,0.0,3,-0.6,-0.6,-0.61200005,1.0417998,0.0,0.0908239,0.0,0.0,0.093,0.0,0.012,0.6,0.6,-28.156387,2.2920053,0.7640018,0.136,0.0,0.18248004,0.0,0.0
hardzero_only__c0p58__z1p00__lam0p000__nu0p50__psi0p00,0.093,borrow,47,606,0.0,3,-0.6,-0.6,-0.60152113,0.9481671,0.11267638,0.11267638,1.0,0.010478904,0.093,0.0,0.012,0.6,0.6,-25.859571,2.0860093,0.69533646,0.24800001,0.0,0.15335386,0.0,0.0
hardzero_only__c0p58__z1p00__lam0p000__nu0p50__psi0p00,0.093,borrow,47,607,0.0,3,-0.6,-0.6,-0.61200005,1.0055673,0.0,0.09872625,0.0,0.0,0.093,0.0,0.012,0.6,0.6,-26.973997,2.2122922,0.73743075,0.136,0.0,0.12644148,0.0,0.0
hardzero_only__c0p58__z1p00__lam0p000__nu0p50__psi0p00,0.093,borrow,47,608,0.0,3,-0.6,-0.6,-0.60264874,0.997609,0.100552045,0.100552045,1.0,0.00935134,0.093,0.0,0.012,0.6,0.6,-26.74811,2.1947837,0.73159456,0.128,0.0,0.1468993,0.0,0.0
hardzero_only__c0p58__z1p00__lam0p000__nu0p50__psi0p00,0.093,borrow,47,609,0.0,3,-0.6,-0.6,-0.60202605,0.9696121,0.10724766,0.10724766,1.0,0.009974033,0.093,0.0,0.012,0.6,0.6,-26.6593,2.1331892,0.7110631,0.192,0.0,0.14548978,0.0,0.0
hardzero_only__c0p58__z1p00__lam0p000__nu0p50__psi0p00,0.093,borrow,47,610,0.0,3,-0.6,-0.6,-0.60214305,0.9747376,0.1059894,0.1059894,1.0,0.009857014,0.093,0.0,0.012,0.6,0.6,-26.72691,2.1444654,0.7148218,0.216,0.0,0.17319477,0.0,0.0
hardzero_only__c0p58__z1p00__lam0p000__nu0p50__psi0p00,0.093,borrow,47,611,0.0,3,-0.6,-0.6,-0.6022491,0.97943455,0.10484928,0.10484928,1.0,0.009750983,0.093,0.0,0.012,0.6,0.6,-27.214542,2.154799,0.71826637,0.19999999,0.0,0.15083273,0.0,0.0
hardzero_only__c0p58__z1p00__lam0p000__nu0p50__psi0p00,0.093,borrow,47,612,0.0,3,-0.6,-0.6,-0.60106504,0.92966455,0.11758055,0.11758055,1.0,0.010934991,0.093,0.0,0.012,0.6,0.6,-26.06834,2.0453029,0.68176764,0.216,0.0,0.13757324,0.0,0.0
hardzero_only__c0p58__z1p00__lam0p000__nu0p50__psi0p00,0.093,borrow,47,613,0.0,3,-0.6,-0.6,-0.61200005,1.0054431,0.0,0.098754495,0.0,0.0,0.093,0.0,0.012,0.6,0.6,-26.829699,2.212019,0.7373397,0.208,0.0,0.1637029,0.0,0.0
hardzero_only__c0p58__z1p00__lam0p000__nu0p50__psi0p00,0.093,borrow,47,614,0.0,3,-0.6,-0.6,-0.6023382,0.983422,0.103891015,0.103891015,1.0,0.0096618645,0.093,0.0,0.012,0.6,0.6,-26.979868,2.1635716,0.7211906,0.216,0.0,0.18174201,0.0,0.0
hardzero_only__c0p58__z1p00__lam0p000__nu0p50__psi0p00,0.093,borrow,47,615,0.0,3,-0.6,-0.6,-0.6026478,0.9975653,0.10056217,0.10056217,1.0,0.009352282,0.093,0.0,0.012,0.6,0.6,-26.616526,2.1946876,0.73156255,0.224,0.0,0.13971505,0.0,0.0
hardzero_only__c0p58__z1p00__lam0p000__nu0p50__psi0p00,0.093,borrow,47,616,0.0,3,-0.6,-0.6,-0.61200005,1.0254673,0.0,0.09430458,0.0,0.0,0.093,0.0,0.012,0.6,0.6,-27.127623,2.256073,0.75202435,0.136,0.0,0.20155342,0.0,0.0
hardzero_only__c0p58__z1p00__lam0p000__nu0p50__psi0p00,0.093,borrow,47,617,0.0,3,-0.6,-0.6,-0.60117537,0.9340689,0.11639411,0.11639411,1.0,0.010824652,0.093,0.0,0.012,0.6,0.6,-26.153519,2.0549927,0.68499756,0.18400002,0.0,0.14095256,0.0,0.0
hardzero_only__c0p58__z1p00__lam0p000__nu0p50__psi0p00,0.093,borrow,47,618,0.0,3,-0.6,-0.6,-0.61200005,1.0535895,0.0,0.088391505,0.0,0.0,0.093,0.0,0.012,0.6,0.6,-27.990244,2.317943,0.77264774,0.120000005,0.0,0.16285637,0.0,0.0
hardzero_only__c0p58__z1p00__lam0p000__nu0p50__psi0p00,0.093,borrow,47,619,0.0,3,-0.6,-0.6,-0.6017666,0.95846117,0.11003701,0.11003701,1.0,0.010233442,0.093,0.0,0.012,0.6,0.6,-26.316902,2.1086566,0.70288557,0.17600001,0.0,0.14454064,0.0,0.0
hardzero_only__c0p58__z1p00__lam0p000__nu0p50__psi0p00,0.093,borrow,47,620,0.0,3,-0.6,-0.6,-0.6026444,0.9974093,0.100598305,0.100598305,1.0,0.009355643,0.093,0.0,0.012,0.6,0.6,-27.51511,2.1943443,0.7314481,0.15200001,0.0,0.1560432,0.0,0.0
hardzero_only__c0p58__z1p00__lam0p000__nu0p50__psi0p00,0.093,borrow,47,621,0.0,3,-0.6,-0.6,-0.6024728,0.9895157,0.10244346,0.10244346,1.0,0.009527242,0.093,0.0,0.012,0.6,0.6,-26.763681,2.176978,0.7256594,0.2,0.008,0.1555802,0.0,0.0
hardzero_only__c0p58__z1p00__lam0p000__nu0p50__psi0p00,0.093,borrow,47,622,0.0,3,-0.6,-0.6,-0.61200005,1.0142747,0.0,0.09676654,0.0,0.0,0.093,0.0,0.012,0.6,0.6,-27.707838,2.231449,0.7438163,0.120000005,0.0,0.1545665,0.0,0.0
hardzero_only__c0p58__z1p00__lam0p000__nu0p50__psi0p00,0.093,borrow,47,623,0.0,3,-0.6,-0.6,-0.61200005,1.026384,0.0,0.094105706,0.0,0.0,0.093,0.0,0.012,0.6,0.6,-28.158852,2.2580898,0.75269663,0.112,0.0,0.16175728,0.0,0.0
hardzero_only__c0p58__z1p00__lam0p000__nu0p50__psi0p00,0.093,borrow,47,624,0.0,3,-0.6,-0.6,-0.61200005,1.0434928,0.0,0.09047055,0.0,0.0,0.093,0.0,0.012,0.6,0.6,-28.804976,2.2957299,0.7652433,0.17999999,0.0,0.16830768,0.0,0.0
hardzero_only__c0p58__z1p00__lam0p000__nu0p50__psi0p00,0.093,borrow,47,625,0.0,3,-0.6,-0.6,-0.61200005,1.0252217,0.0,0.0943579,0.0,0.0,0.093,0.0,0.012,0.6,0.6,-27.87402,2.2555327,0.7518443,0.208,0.0,0.15060148,0.0,0.0
hardzero_only__c0p58__z1p00__lam0p000__nu0p50__psi0p00,0.093,borrow,47,626,0.0,3,-0.6,-0.6,-0.60252625,0.9919583,0.101868905,0.101868905,1.0,0.009473808,0.093,0.0,0.012,0.6,0.6,-26.47538,2.1823518,0.7274506,0.14400001,0.0,0.14886169,0.0,0.0
hardzero_only__c0p58__z1p00__lam0p000__nu0p50__psi0p00,0.093,borrow,47,627,0.0,3,-0.6,-0.6,-0.61200005,1.0150435,0.0,0.096595414,0.0,0.0,0.093,0.0,0.012,0.6,0.6,-26.83226,2.2331402,0.7443801,0.17600001,0.0,0.13727897,0.0,0.0
hardzero_only__c0p58__z1p00__lam0p000__nu0p50__psi0p00,0.093,borrow,47,628,0.0,3,-0.6,-0.6,-0.60263515,0.9969807,0.10069762,0.10069762,1.0,0.009364879,0.093,0.0,0.012,0.6,0.6,-27.225357,2.1934013,0.7311338,0.208,0.0,0.1790021,0.0,0.0
hardzero_only__c0p58__z1p00__lam0p000__nu0p50__psi0p00,0.093,borrow,47,629,0.0,3,-0.6,-0.6,-0.61200005,1.0496148,0.0,0.08920418,0.0,0.0,0.093,0.0,0.012,0.6,0.6,-28.229836,2.3091986,0.7697329,0.14400001,0.0,0.17195863,0.0,0.0
hardzero_only__c0p58__z1p00__lam0p000__nu0p50__psi0p00,0.093,borrow,47,630,0.0,3,-0.6,-0.6,-0.60257596,0.99424404,0.101334184,0.101334184,1.0,0.009424079,0.093,0.0,0.012,0.6,0.6,-27.610111,2.1873806,0.7291269,0.208,0.0,0.16596916,0.0,0.0
hardzero_only__c0p58__z1p00__lam0p000__nu0p50__psi0p00,0.093,borrow,47,631,0.0,3,-0.6,-0.6,-0.61200005,1.0204706,0.0,0.095395826,0.0,0.0,0.093,0.0,0.012,0.6,0.6,-26.724213,2.2450802,0.7483601,0.18400002,0.0,0.14982131,0.0,0.0
hardzero_only__c0p58__z1p00__lam0p000__nu0p50__psi0p00,0.093,borrow,47,632,0.0,3,-0.6,-0.6,-0.61200005,1.0151751,0.0,0.09656615,0.0,0.0,0.093,0.0,0.012,0.6,0.6,-26.890303,2.23343,0.7444767,0.16000001,0.0,0.15892139,0.0,0.0
hardzero_only__c0p58__z1p00__lam0p000__nu0p50__psi0p00,0.093,borrow,47,633,0.0,3,-0.6,-0.6,-0.60207653,0.9718184,0.10670422,0.10670422,1.0,0.009923493,0.093,0.0,0.012,0.6,0.6,-26.63842,2.1380432,0.71268106,0.128,0.0,0.164139,0.0,0.0
hardzero_only__c0p58__z1p00__lam0p000__nu0p50__psi0p00,0.093,borrow,47,634,0.0,3,-0.6,-0.6,-0.61200005,1.0170697,0.0,0.096145794,0.0,0.0,0.093,0.0,0.012,0.6,0.6,-27.662165,2.237598,0.745866,0.120000005,0.0,0.1495656,0.0,0.0
hardzero_only__c0p58__z1p00__lam0p000__nu0p50__psi0p00,0.093,borrow,47,635,0.0,3,-0.6,-0.6,-0.6021459,0.9748633,0.105958715,0.105958715,1.0,0.009854161,0.093,0.0,0.012,0.6,0.6,-27.062649,2.144742,0.714914,0.16800001,0.0,0.1470721,0.0,0.0
hardzero_only__c0p58__z1p00__lam0p000__nu0p50__psi0p00,0.093,borrow,47,636,0.0,3,-0.6,-0.6,-0.6022253,0.97837704,0.10510489,0.10510489,1.0,0.009774756,0.093,0.0,0.012,0.6,0.6,-26.704498,2.1524725,0.71749085,0.18400002,0.0,0.1414601,0.0,0.0
hardzero_only__c0p58__z1p00__lam0p000__nu0p50__psi0p00,0.093,borrow,47,637,0.0,3,-0.6,-0.6,-0.61200005,1.0330732,0.0,0.09266736,0.0,0.0,0.093,0.0,0.012,0.6,0.6,-27.207607,2.2728064,0.75760216,0.13,0.0,0.16275719,0.0,0.0
hardzero_only__c0p58__z1p00__lam0p000__nu0p50__psi0p00,0.093,borrow,47,638,0.0,3,-0.6,-0.6,-0.61200005,1.0488751,0.0,0.08935624,0.0,0.0,0.093,0.0,0.012,0.6,0.6,-28.465872,2.3075712,0.76919043,0.15200001,0.0,0.15744154,0.0,0.0
hardzero_only__c0p58__z1p00__lam0p000__nu0p50__psi0p00,0.093,borrow,47,639,0.0,3,-0.6,-0.6,-0.61200005,1.0064301,0.0,0.0985303,0.0,0.0,0.093,0.0,0.012,0.6,0.6,-27.026834,2.2141905,0.7380635,0.136,0.0,0.1562003,0.0,0.0
hardzero_only__c0p58__z1p00__lam0p000__nu0p50__psi0p00,0.093,borrow,47,640,0.0,3,-0.6,-0.6,-0.6019827,0.96773136,0.10771312,0.10771312,1.0,0.0100173205,0.093,0.0,0.012,0.6,0.6,-26.283936,2.1290514,0.70968384,0.16800001,0.0,0.14785065,0.0,0.0
hardzero_only__c0p58__z1p00__lam0p000__nu0p50__psi0p00,0.093,borrow,47,641,0.0,3,-0.6,-0.6,-0.6018583,0.96236974,0.109051146,0.109051146,1.0,0.010141756,0.093,0.0,0.012,0.6,0.6,-26.323055,2.1172557,0.7057519,0.16800001,0.0,0.14336874,0.0,0.0
hardzero_only__c0p58__z1p00__lam0p000__nu0p50__psi0p00,0.093,borrow,47,642,0.0,3,-0.6,-0.6,-0.602454,0.98865855,0.10264587,0.10264587,1.0,0.009546066,0.093,0.0,0.012,0.6,0.6,-26.557434,2.1750922,0.7250308,0.18400002,0.0,0.13640548,0.0,0.0
hardzero_only__c0p58__z1p00__lam0p000__nu0p50__psi0p00,0.093,borrow,47,643,0.0,3,-0.6,-0.6,-0.6013207,0.93993825,0.114831686,0.114831686,1.0,0.010679347,0.093,0.0,0.012,0.6,0.6,-25.282925,2.0679054,0.68930185,0.16800001,0.0,0.13334519,0.0,0.0
hardzero_only__c0p58__z1p00__lam0p000__nu0p50__psi0p00,0.093,borrow,47,644,0.0,3,-0.6,-0.6,-0.61200005,1.0068667,0.0,0.09843131,0.0,0.0,0.093,0.0,0.012,0.6,0.6,-27.690502,2.215151,0.7383837,0.17600001,0.0,0.15656772,0.0,0.0
hardzero_only__c0p58__z1p00__lam0p000__nu0p50__psi0p00,0.093,borrow,47,645,0.0,3,-0.6,-0.6,-0.6026316,0.99681705,0.10073559,0.10073559,1.0,0.00936841,0.093,0.0,0.012,0.6,0.6,-27.389957,2.1930413,0.7310138,0.128,0.0,0.15331164,0.0,0.0
hardzero_only__c0p58__z1p00__lam0p000__nu0p50__psi0p00,0.093,borrow,47,646,0.0,3,-0.6,-0.6,-0.61200005,1.0058231,0.0,0.09866813,0.0,0.0,0.093,0.0,0.012,0.6,0.6,-26.507164,2.212855,0.7376184,0.2,0.0,0.1706069,0.0,0.0
hardzero_only__c0p58__z1p00__lam0p000__nu0p50__psi0p00,0.093,borrow,47,647,0.0,3,-0.6,-0.6,-0.60185164,0.96208537,0.10912259,0.10912259,1.0,0.010148401,0.093,0.0,0.012,0.6,0.6,-26.103336,2.11663,0.7055434,0.16800001,0.0,0.14863427,0.0,0.0
hardzero_only__c0p58__z1p00__lam0p000__nu0p50__psi0p00,0.093,borrow,47,648,0.0,3,-0.6,-0.6,-0.61200005,1.0243967,0.0,0.094537325,0.0,0.0,0.093,0.0,0.012,0.6,0.6,-26.84181,2.2537177,0.75123924,0.16000001,0.0,0.14668657,0.0,0.0
hardzero_only__c0p58__z1p00__lam0p000__nu0p50__psi0p00,0.093,borrow,47,649,0.0,3,-0.6,-0.6,-0.6020378,0.9701253,0.10712101,0.10712101,1.0,0.009962254,0.093,0.0,0.012,0.6,0.6,-26.298748,2.1343184,0.7114395,0.17600001,0.0,0.16461144,0.0,0.0
hardzero_only__c0p58__z1p00__lam0p000__nu0p50__psi0p00,0.093,borrow,47,650,0.0,3,-0.6,-0.6,-0.61200005,1.0295603,0.0,0.093419954,0.0,0.0,0.093,0.0,0.012,0.6,0.6,-27.812363,2.2650778,0.755026,0.13,0.0,0.16377336,0.0,0.0
hardzero_only__c0p58__z1p00__lam0p000__nu0p50__psi0p00,0.093,borrow,47,651,0.0,3,-0.6,-0.6,-0.60225993,0.97991765,0.10473271,0.10473271,1.0,0.009740142,0.093,0.0,0.012,0.6,0.6,-26.143501,2.1558619,0.71862066,0.192,0.0,0.14046243,0.0,0.0
hardzero_only__c0p58__z1p00__lam0p000__nu0p50__psi0p00,0.093,borrow,47,652,0.0,3,-0.6,-0.6,-0.60252386,0.99185026,0.10189426,0.10189426,1.0,0.009476166,0.093,0.0,0.012,0.6,0.6,-26.9219,2.1821141,0.7273714,0.14400001,0.0,0.17557049,0.0,0.0
hardzero_only__c0p58__z1p00__lam0p000__nu0p50__psi0p00,0.093,borrow,47,653,0.0,3,-0.6,-0.6,-0.61200005,1.02001,0.0,0.095497064,0.0,0.0,0.093,0.0,0.012,0.6,0.6,-28.305252,2.2440667,0.74802226,0.16000001,0.0,0.15420449,0.0,0.0
hardzero_only__c0p58__z1p00__lam0p000__nu0p50__psi0p00,0.093,borrow,47,654,0.0,3,-0.6,-0.6,-0.6026205,0.996301,0.10085536,0.10085536,1.0,0.009379549,0.093,0.0,0.012,0.6,0.6,-27.152718,2.191906,0.73063534,0.18400002,0.0,0.14965276,0.0,0.0
hardzero_only__c0p58__z1p00__lam0p000__nu0p50__psi0p00,0.093,borrow,47,655,0.0,3,-0.6,-0.6,-0.61200005,1.0017325,0.0,0.099601865,0.0,0.0,0.093,0.0,0.012,0.6,0.6,-26.98169,2.2038555,0.73461854,0.104,0.0,0.15066949,0.0,0.0
hardzero_only__c0p58__z1p00__lam0p000__nu0p50__psi0p00,0.093,borrow,47,656,0.0,3,-0.6,-0.6,-0.61200005,1.068446,0.0,0.0854189,0.0,0.0,0.093,0.0,0.012,0.6,0.6,-29.173475,2.3506281,0.78354275,0.096,0.0,0.17071958,0.0,0.0
hardzero_only__c0p58__z1p00__lam0p000__nu0p50__psi0p00,0.093,borrow,47,657,0.0,3,-0.6,-0.6,-0.60243094,0.9876121,0.10289349,0.10289349,1.0,0.0095690945,0.093,0.0,0.012,0.6,0.6,-26.850637,2.17279,0.72426337,0.120000005,0.0,0.13300979,0.0,0.0
hardzero_only__c0p58__z1p00__lam0p000__nu0p50__psi0p00,0.093,borrow,47,658,0.0,3,-0.6,-0.6,-0.61200005,1.0187083,0.0,0.09578371,0.0,0.0,0.093,0.0,0.012,0.6,0.6,-27.2386,2.241203,0.7470677,0.136,0.0,0.1628794,0.0,0.0
hardzero_only__c0p58__z1p00__lam0p000__nu0p50__psi0p00,0.093,borrow,47,659,0.0,3,-0.6,-0.6,-0.60221225,0.97779924,0.105244815,0.105244815,1.0,0.009787768,0.093,0.0,0.012,0.6,0.6,-26.778671,2.1512012,0.7170671,0.14400001,0.0,0.1588777,0.0,0.0
hardzero_only__c0p58__z1p00__lam0p000__nu0p50__psi0p00,0.093,borrow,47,660,0.0,3,-0.6,-0.6,-0.61200005,1.0435358,0.0,0.090461574,0.0,0.0,0.093,0.0,0.012,0.6,0.6,-27.081978,2.2958248,0.76527494,0.136,0.0,0.15085563,0.0,0.0
hardzero_only__c0p58__z1p00__lam0p000__nu0p50__psi0p00,0.093,borrow,47,661,0.0,3,-0.6,-0.6,-0.6026547,0.99788797,0.100487486,0.100487486,1.0,0.009345337,0.093,0.0,0.012,0.6,0.6,-26.941496,2.1953974,0.7317991,0.096,0.0,0.13984254,0.0,0.0
hardzero_only__c0p58__z1p00__lam0p000__nu0p50__psi0p00,0.093,borrow,47,662,0.0,3,-0.6,-0.6,-0.61200005,1.0063492,0.0,0.09854867,0.0,0.0,0.093,0.0,0.012,0.6,0.6,-27.241009,2.2140124,0.73800415,0.128,0.0,0.14155127,0.0,0.0
hardzero_only__c0p58__z1p00__lam0p000__nu0p50__psi0p00,0.093,borrow,47,663,0.0,3,-0.6,-0.6,-0.61200005,1.0841986,0.0,0.08237614,0.0,0.0,0.093,0.0,0.012,0.6,0.6,-28.139025,2.3852844,0.79509485,0.12,0.0,0.16311148,0.0,0.0
hardzero_only__c0p58__z1p00__lam0p000__nu0p50__psi0p00,0.093,borrow,47,664,0.0,3,-0.6,-0.6,-0.602271,0.9804146,0.10461292,0.10461292,1.0,0.009729002,0.093,0.0,0.012,0.6,0.6,-27.473923,2.1569552,0.7189851,0.16000001,0.0,0.17792974,0.0,0.0
hardzero_only__c0p58__z1p00__lam0p000__nu0p50__psi0p00,0.093,borrow,47,665,0.0,3,-0.6,-0.6,-0.6023085,0.9820897,0.104210205,0.104210205,1.0,0.009691549,0.093,0.0,0.012,0.6,0.6,-26.652575,2.1606405,0.72021353,0.14400001,0.0,0.16846375,0.0,0.0
hardzero_only__c0p58__z1p00__lam0p000__nu0p50__psi0p00,0.093,borrow,47,666,0.0,3,-0.6,-0.6,-0.60136724,0.9418345,0.11433138,0.11433138,1.0,0.010632819,0.093,0.0,0.012,0.6,0.6,-26.64545,2.0720773,0.6906924,0.14400001,0.0,0.1708299,0.0,0.0
hardzero_only__c0p58__z1p00__lam0p000__nu0p50__psi0p00,0.093,borrow,47,667,0.0,3,-0.6,-0.6,-0.61200005,1.0099792,0.0,0.09772838,0.0,0.0,0.093,0.0,0.012,0.6,0.6,-27.530138,2.2219987,0.7406663,0.136,0.0,0.1592927,0.0,0.0
hardzero_only__c0p58__z1p00__lam0p000__nu0p50__psi0p00,0.093,borrow,47,668,0.0,3,-0.6,-0.6,-0.61200005,1.0317935,0.0,0.09294083,0.0,0.0,0.093,0.0,0.012,0.6,0.6,-27.56032,2.269991,0.7566637,0.16800001,0.0,0.16047084,0.0,0.0
hardzero_only__c0p58__z1p00__lam0p000__nu0p50__psi0p00,0.093,borrow,47,669,0.0,3,-0.6,-0.6,-0.60253733,0.9924685,0.10174933,0.10174933,1.0,0.009462688,0.093,0.0,0.012,0.6,0.6,-27.18985,2.1834743,0.7278248,0.18400002,0.0,0.14457057,0.0,0.0
hardzero_only__c0p58__z1p00__lam0p000__nu0p50__psi0p00,0.093,borrow,47,670,0.0,3,-0.6,-0.6,-0.61200005,1.0037256,0.0,0.09914581,0.0,0.0,0.093,0.0,0.012,0.6,0.6,-26.280367,2.2082405,0.73608017,0.18400002,0.0,0.14093798,0.0,0.0
hardzero_only__c0p58__z1p00__lam0p000__nu0p50__psi0p00,0.093,borrow,47,671,0.0,3,-0.6,-0.6,-0.6024432,0.9881695,0.102761514,0.102761514,1.0,0.009556821,0.093,0.0,0.012,0.6,0.6,-26.54463,2.1740162,0.7246721,0.15200001,0.0,0.15119454,0.0,0.0
hardzero_only__c0p58__z1p00__lam0p000__nu0p50__psi0p00,0.093,borrow,47,672,0.0,3,-0.6,-0.6,-0.61200005,1.0002897,0.0,0.099933304,0.0,0.0,0.093,0.0,0.012,0.6,0.6,-25.976355,2.2006812,0.73356044,0.16800001,0.0,0.13827161,0.0,0.0
hardzero_only__c0p58__z1p00__lam0p000__nu0p50__psi0p00,0.093,borrow,47,673,0.0,3,-0.6,-0.6,-0.61200005,1.0313323,0.0,0.09303958,0.0,0.0,0.093,0.0,0.012,0.6,0.6,-27.874619,2.2689762,0.7563254,0.14400001,0.0,0.1556251,0.0,0.0
hardzero_only__c0p58__z1p00__lam0p000__nu0p50__psi0p00,0.093,borrow,47,674,0.0,3,-0.6,-0.6,-0.6024681,0.98930097,0.10249415,0.10249415,1.0,0.009531956,0.093,0.0,0.012,0.6,0.6,-27.390993,2.1765056,0.7255019,0.16800001,0.0,0.1660893,0.0,0.0
hardzero_only__c0p58__z1p00__lam0p000__nu0p50__psi0p00,0.093,borrow,47,675,0.0,3,-0.6,-0.6,-0.6016259,0.95253223,0.11154953,0.11154953,1.0,0.0103741065,0.093,0.0,0.012,0.6,0.6,-26.328638,2.0956128,0.6985376,0.2,0.0,0.14610992,0.0,0.0
hardzero_only__c0p58__z1p00__lam0p000__nu0p50__psi0p00,0.093,borrow,47,676,0.0,3,-0.6,-0.6,-0.60213095,0.97420514,0.10611942,0.10611942,1.0,0.009869106,0.093,0.0,0.012,0.6,0.6,-26.545448,2.143294,0.7144314,0.14,0.0,0.14504796,0.0,0.0
hardzero_only__c0p58__z1p00__lam0p000__nu0p50__psi0p00,0.093,borrow,47,677,0.0,3,-0.6,-0.6,-0.61200005,1.0001185,0.0,0.099972725,0.0,0.0,0.093,0.0,0.012,0.6,0.6,-26.848293,2.2003047,0.7334349,0.208,0.0,0.1856651,0.0,0.0
hardzero_only__c0p58__z1p00__lam0p000__nu0p50__psi0p00,0.093,borrow,47,678,0.0,3,-0.6,-0.6,-0.61200005,1.0300237,0.0,0.09332034,0.0,0.0,0.093,0.0,0.012,0.6,0.6,-27.095472,2.2660973,0.7553658,0.16800001,0.0,0.14100298,0.0,0.0
hardzero_only__c0p58__z1p00__lam0p000__nu0p50__psi0p00,0.093,borrow,47,679,0.0,3,-0.6,-0.6,-0.6017729,0.9587295,0.10996905,0.10996905,1.0,0.010227121,0.093,0.0,0.012,0.6,0.6,-26.325466,2.109247,0.7030823,0.15200001,0.0,0.1529879,0.0,0.0
hardzero_only__c0p58__z1p00__lam0p000__nu0p50__psi0p00,0.093,borrow,47,680,0.0,3,-0.6,-0.6,-0.6025855,0.9946839,0.10123158,0.10123158,1.0,0.009414538,0.093,0.0,0.012,0.6,0.6,-26.047556,2.1883483,0.72944945,0.136,0.0,0.13263986,0.0,0.0
hardzero_only__c0p58__z1p00__lam0p000__nu0p50__psi0p00,0.093,borrow,47,681,0.0,3,-0.6,-0.6,-0.6025601,0.99351364,0.10150476,0.10150476,1.0,0.009439942,0.093,0.0,0.012,0.6,0.6,-26.614592,2.1857736,0.7285912,0.17600001,0.0,0.16034673,0.0,0.0
hardzero_only__c0p58__z1p00__lam0p000__nu0p50__psi0p00,0.093,borrow,47,682,0.0,3,-0.6,-0.6,-0.61200005,1.0262588,0.0,0.09413284,0.0,0.0,0.093,0.0,0.012,0.6,0.6,-27.766283,2.2578144,0.75260484,0.128,0.0,0.16446865,0.0,0.0
hardzero_only__c0p58__z1p00__lam0p000__nu0p50__psi0p00,0.093,borrow,47,683,0.0,3,-0.6,-0.6,-0.6020705,0.97155356,0.10676929,0.10676929,1.0,0.009929544,0.093,0.0,0.012,0.6,0.6,-25.642622,2.1374605,0.71248686,0.17600001,0.0,0.12929083,0.0,0.0
hardzero_only__c0p58__z1p00__lam0p000__nu0p50__psi0p00,0.093,borrow,47,684,0.0,3,-0.6,-0.6,-0.6021609,0.97552335,0.1057978,0.1057978,1.0,0.009839196,0.093,0.0,0.012,0.6,0.6,-26.141684,2.1461942,0.7153981,0.136,0.0,0.12137469,0.0,0.0
hardzero_only__c0p58__z1p00__lam0p000__nu0p50__psi0p00,0.093,borrow,47,685,0.0,3,-0.6,-0.6,-0.6015671,0.9500743,0.11218263,0.11218263,1.0,0.010432985,0.093,0.0,0.012,0.6,0.6,-26.29535,2.0902052,0.6967351,0.224,0.0,0.16240256,0.0,0.0
hardzero_only__c0p58__z1p00__lam0p000__nu0p50__psi0p00,0.093,borrow,47,686,0.0,3,-0.6,-0.6,-0.61200005,1.004587,0.0,0.098949336,0.0,0.0,0.093,0.0,0.012,0.6,0.6,-27.194017,2.2101357,0.7367119,0.136,0.0,0.14421634,0.0,0.0
hardzero_only__c0p58__z1p00__lam0p000__nu0p50__psi0p00,0.093,borrow,47,687,0.0,3,-0.6,-0.6,-0.60169,0.9552209,0.11086108,0.11086108,1.0,0.010310081,0.093,0.0,0.012,0.6,0.6,-26.686665,2.101528,0.7005093,0.272,0.0,0.16706437,0.0,0.0
hardzero_only__c0p58__z1p00__lam0p000__nu0p50__psi0p00,0.093,borrow,47,688,0.0,3,-0.6,-0.6,-0.6019441,0.96606046,0.10812833,0.10812833,1.0,0.010055935,0.093,0.0,0.012,0.6,0.6,-26.637516,2.1253755,0.70845854,0.2,0.0,0.14444901,0.0,0.0
hardzero_only__c0p58__z1p00__lam0p000__nu0p50__psi0p00,0.093,borrow,47,689,0.0,3,-0.6,-0.6,-0.60175866,0.95812356,0.1101226,0.1101226,1.0,0.010241402,0.093,0.0,0.012,0.6,0.6,-25.913246,2.107914,0.70263803,0.13,0.0,0.14137663,0.0,0.0
hardzero_only__c0p58__z1p00__lam0p000__nu0p50__psi0p00,0.093,borrow,47,690,0.0,3,-0.6,-0.6,-0.60210073,0.97287697,0.10644444,0.10644444,1.0,0.009899333,0.093,0.0,0.012,0.6,0.6,-26.243439,2.140372,0.71345735,0.18400002,0.0,0.15016533,0.0,0.0
hardzero_only__c0p58__z1p00__lam0p000__nu0p50__psi0p00,0.093,borrow,47,691,0.0,3,-0.6,-0.6,-0.61200005,1.0021243,0.0,0.09951205,0.0,0.0,0.093,0.0,0.012,0.6,0.6,-26.883194,2.2047174,0.73490584,0.2,0.0,0.163399,0.0,0.0
hardzero_only__c0p58__z1p00__lam0p000__nu0p50__psi0p00,0.093,borrow,47,692,0.0,3,-0.6,-0.6,-0.61200005,1.0029528,0.0,0.09932238,0.0,0.0,0.093,0.0,0.012,0.6,0.6,-27.04095,2.2065403,0.73551345,0.18400002,0.0,0.15632777,0.0,0.0
hardzero_only__c0p58__z1p00__lam0p000__nu0p50__psi0p00,0.093,borrow,47,693,0.0,3,-0.6,-0.6,-0.60236883,0.98480123,0.10356161,0.10356161,1.0,0.00963123,0.093,0.0,0.012,0.6,0.6,-26.039389,2.166606,0.722202,0.120000005,0.0,0.13915505,0.0,0.0
hardzero_only__c0p58__z1p00__lam0p000__nu0p50__psi0p00,0.093,borrow,47,694,0.0,3,-0.6,-0.6,-0.61200005,1.0469816,0.0,0.089746684,0.0,0.0,0.093,0.0,0.012,0.6,0.6,-27.043344,2.3034055,0.7678019,0.17600001,0.0,0.15403463,0.0,0.0
hardzero_only__c0p58__z1p00__lam0p000__nu0p50__psi0p00,0.093,borrow,47,695,0.0,3,-0.6,-0.6,-0.61200005,1.0222143,0.0,0.09501358,0.0,0.0,0.093,0.0,0.012,0.6,0.6,-27.06377,2.2489164,0.7496388,0.16800001,0.0,0.15421726,0.0,0.0
hardzero_only__c0p58__z1p00__lam0p000__nu0p50__psi0p00,0.093,borrow,47,696,0.0,3,-0.6,-0.6,-0.6014385,0.9447551,0.1135651,0.1135651,1.0,0.010561555,0.093,0.0,0.012,0.6,0.6,-26.360294,2.0785027,0.69283426,0.2,0.0,0.15803279,0.0,0.0
hardzero_only__c0p58__z1p00__lam0p000__nu0p50__psi0p00,0.093,borrow,47,697,0.0,3,-0.6,-0.6,-0.61200005,1.0200421,0.0,0.09549001,0.0,0.0,0.093,0.0,0.012,0.6,0.6,-27.432583,2.2441373,0.7480458,0.128,0.0,0.19772232,0.0,0.0
hardzero_only__c0p58__z1p00__lam0p000__nu0p50__psi0p00,0.093,borrow,47,698,0.0,3,-0.6,-0.6,-0.60156566,0.95001644,0.112197585,0.112197585,1.0,0.010434376,0.093,0.0,0.012,0.6,0.6,-26.070654,2.0900779,0.69669265,0.24000001,0.0,0.15124461,0.0,0.0
hardzero_only__c0p58__z1p00__lam0p000__nu0p50__psi0p00,0.093,borrow,47,699,0.0,3,-0.6,-0.6,-0.61200005,1.0441395,0.0,0.09033592,0.0,0.0,0.093,0.0,0.012,0.6,0.6,-27.259008,2.2971528,0.7657176,0.072000004,0.0,0.13783045,0.0,0.0
hardzero_only__c0p58__z1p00__lam0p000__nu0p50__psi0p00,0.093,borrow,47,700,0.0,3,-0.6,-0.6,-0.6022915,0.9813284,0.10439304,0.10439304,1.0,0.009708554,0.093,0.0,0.012,0.6,0.6,-26.683517,2.1589656,0.7196552,0.216,0.0,0.15417,0.0,0.0
hardzero_only__c0p58__z1p00__lam0p000__nu0p50__psi0p00,0.093,borrow,47,701,0.0,3,-0.6,-0.6,-0.61200005,1.0000571,0.0,0.099986866,0.0,0.0,0.093,0.0,0.012,0.6,0.6,-26.693794,2.2001696,0.73338985,0.136,0.0,0.1686049,0.0,0.0
hardzero_only__c0p58__z1p00__lam0p000__nu0p50__psi0p00,0.093,borrow,47,702,0.0,3,-0.6,-0.6,-0.6017311,0.9569579,0.110418566,0.110418566,1.0,0.010268927,0.093,0.0,0.012,0.6,0.6,-27.247702,2.1053493,0.7017831,0.21,0.0,0.14842373,0.0,0.0
hardzero_only__c0p58__z1p00__lam0p000__nu0p50__psi0p00,0.093,borrow,47,703,0.0,3,-0.6,-0.6,-0.60200804,0.9688309,0.107440755,0.107440755,1.0,0.00999199,0.093,0.0,0.012,0.6,0.6,-25.649157,2.1314704,0.71049017,0.18400002,0.0,0.13351263,0.0,0.0
hardzero_only__c0p58__z1p00__lam0p000__nu0p50__psi0p00,0.093,borrow,47,704,0.0,3,-0.6,-0.6,-0.61200005,1.0020735,0.0,0.09952368,0.0,0.0,0.093,0.0,0.012,0.6,0.6,-26.705978,2.2046058,0.73486865,0.216,0.0,0.14800505,0.0,0.0
hardzero_only__c0p58__z1p00__lam0p000__nu0p50__psi0p00,0.093,borrow,47,705,0.0,3,-0.6,-0.6,-0.61200005,1.074755,0.0,0.084187,0.0,0.0,0.093,0.0,0.012,0.6,0.6,-27.56339,2.3645082,0.7881694,0.136,0.008,0.15679751,0.0,0.0
hardzero_only__c0p58__z1p00__lam0p000__nu0p50__psi0p00,0.093,borrow,47,706,0.0,3,-0.6,-0.6,-0.61200005,1.0076256,0.0,0.098259464,0.0,0.0,0.093,0.0,0.012,0.6,0.6,-27.081953,2.2168205,0.7389402,0.16000001,0.0,0.1482871,0.0,0.0
hardzero_only__c0p58__z1p00__lam0p000__nu0p50__psi0p00,0.093,borrow,47,707,0.0,3,-0.6,-0.6,-0.60236984,0.98484784,0.10355049,0.10355049,1.0,0.009630196,0.093,0.0,0.012,0.6,0.6,-26.749096,2.1667085,0.72223616,0.15200001,0.0,0.17140435,0.0,0.0
hardzero_only__c0p58__z1p00__lam0p000__nu0p50__psi0p00,0.093,borrow,47,708,0.0,3,-0.6,-0.6,-0.61200005,1.0368073,0.0,0.091874026,0.0,0.0,0.093,0.0,0.012,0.6,0.6,-27.615019,2.2810216,0.7603406,0.120000005,0.0,0.14856443,0.0,0.0
hardzero_only__c0p58__z1p00__lam0p000__nu0p50__psi0p00,0.093,borrow,47,709,0.0,3,-0.6,-0.6,-0.61200005,1.0023425,0.0,0.09946207,0.0,0.0,0.093,0.0,0.012,0.6,0.6,-27.551785,2.2051973,0.7350658,0.18400002,0.0,0.16733195,0.0,0.0
hardzero_only__c0p58__z1p00__lam0p000__nu0p50__psi0p00,0.093,borrow,47,710,0.0,3,-0.6,-0.6,-0.6024614,0.9889962,0.10256609,0.10256609,1.0,0.009538647,0.093,0.0,0.012,0.6,0.6,-26.668121,2.1758351,0.7252784,0.136,0.0,0.12566254,0.0,0.0
hardzero_only__c0p58__z1p00__lam0p000__nu0p50__psi0p00,0.093,borrow,47,711,0.0,3,-0.6,-0.6,-0.6026561,0.9979542,0.100472175,0.100472175,1.0,0.009343913,0.093,0.0,0.012,0.6,0.6,-26.675844,2.195543,0.7318477,0.136,0.0,0.14703195,0.0,0.0
hardzero_only__c0p58__z1p00__lam0p000__nu0p50__psi0p00,0.093,borrow,47,712,0.0,3,-0.6,-0.6,-0.6024405,0.9880434,0.10279133,0.10279133,1.0,0.009559594,0.093,0.0,0.012,0.6,0.6,-26.426632,2.173739,0.7245797,0.224,0.0,0.14991614,0.0,0.0
hardzero_only__c0p58__z1p00__lam0p000__nu0p50__psi0p00,0.093,borrow,47,713,0.0,3,-0.6,-0.6,-0.6026353,0.9969883,0.10069587,0.10069587,1.0,0.009364716,0.093,0.0,0.012,0.6,0.6,-27.238329,2.193418,0.73113936,0.112,0.0,0.16042893,0.0,0.0
hardzero_only__c0p58__z1p00__lam0p000__nu0p50__psi0p00,0.093,borrow,47,714,0.0,3,-0.6,-0.6,-0.60242546,0.9873634,0.10295243,0.10295243,1.0,0.009574576,0.093,0.0,0.012,0.6,0.6,-27.11448,2.1722429,0.724081,0.16800001,0.0,0.1336089,0.0,0.0
hardzero_only__c0p58__z1p00__lam0p000__nu0p50__psi0p00,0.093,borrow,47,715,0.0,3,-0.6,-0.6,-0.61200005,1.0083681,0.0,0.09809161,0.0,0.0,0.093,0.0,0.012,0.6,0.6,-27.821571,2.2184541,0.7394847,0.13,0.0,0.15855925,0.0,0.0
hardzero_only__c0p58__z1p00__lam0p000__nu0p50__psi0p00,0.093,borrow,47,716,0.0,3,-0.6,-0.6,-0.61200005,1.0373693,0.0,0.091755204,0.0,0.0,0.093,0.0,0.012,0.6,0.6,-27.264082,2.2822578,0.7607526,0.136,0.0,0.16519089,0.0,0.0
hardzero_only__c0p58__z1p00__lam0p000__nu0p50__psi0p00,0.093,borrow,47,717,0.0,3,-0.6,-0.6,-0.60223883,0.9789787,0.10495938,0.10495938,1.0,0.009761223,0.093,0.0,0.012,0.6,0.6,-26.750433,2.1537962,0.7179321,0.15200001,0.0,0.14616469,0.0,0.0
hardzero_only__c0p58__z1p00__lam0p000__nu0p50__psi0p00,0.093,borrow,47,718,0.0,3,-0.6,-0.6,-0.61200005,1.0093746,0.0,0.09786453,0.0,0.0,0.093,0.0,0.012,0.6,0.6,-27.313429,2.2206686,0.7402229,0.16000001,0.0,0.16102232,0.0,0.0
hardzero_only__c0p58__z1p00__lam0p000__nu0p50__psi0p00,0.093,borrow,47,719,0.0,3,-0.6,-0.6,-0.601921,0.9650636,0.10837682,0.10837682,1.0,0.010079045,0.093,0.0,0.012,0.6,0.6,-26.695538,2.1231823,0.70772743,0.192,0.0,0.17793983,0.0,0.0
hardzero_only__c0p58__z1p00__lam0p000__nu0p50__psi0p00,0.093,borrow,47,720,0.0,3,-0.6,-0.6,-0.602485,0.99007106,0.10231255,0.10231255,1.0,0.009515068,0.093,0.0,0.012,0.6,0.6,-26.826153,2.1781998,0.7260666,0.23200001,0.0,0.13758978,0.0,0.0
hardzero_only__c0p58__z1p00__lam0p000__nu0p50__psi0p00,0.093,borrow,47,721,0.0,3,-0.6,-0.6,-0.6025649,0.99373394,0.101453274,0.101453274,1.0,0.0094351545,0.093,0.0,0.012,0.6,0.6,-27.334192,2.1862583,0.7287528,0.15200001,0.0,0.1556575,0.0,0.0
hardzero_only__c0p58__z1p00__lam0p000__nu0p50__psi0p00,0.093,borrow,47,722,0.0,3,-0.6,-0.6,-0.6021754,0.9761672,0.10564107,0.10564107,1.0,0.00982462,0.093,0.0,0.012,0.6,0.6,-26.676031,2.1476107,0.71587026,0.16800001,0.0,0.15532587,0.0,0.0
hardzero_only__c0p58__z1p00__lam0p000__nu0p50__psi0p00,0.093,borrow,47,723,0.0,3,-0.6,-0.6,-0.60235393,0.98413074,0.103721604,0.103721604,1.0,0.009646109,0.093,0.0,0.012,0.6,0.6,-27.135826,2.1651309,0.7217103,0.2,0.0,0.18120739,0.0,0.0
hardzero_only__c0p58__z1p00__lam0p000__nu0p50__psi0p00,0.093,borrow,47,724,0.0,3,-0.6,-0.6,-0.6026293,0.9967084,0.10076078,0.10076078,1.0,0.009370753,0.093,0.0,0.012,0.6,0.6,-26.988905,2.1928022,0.7309341,0.16000001,0.0,0.13784242,0.0,0.0
hardzero_only__c0p58__z1p00__lam0p000__nu0p50__psi0p00,0.093,borrow,47,725,0.0,3,-0.6,-0.6,-0.60218835,0.9767384,0.105502225,0.105502225,1.0,0.009811707,0.093,0.0,0.012,0.6,0.6,-26.595257,2.1488674,0.71628916,0.192,0.0,0.15160203,0.0,0.0
hardzero_only__c0p58__z1p00__lam0p000__nu0p50__psi0p00,0.093,borrow,47,726,0.0,3,-0.6,-0.6,-0.61200005,1.0742782,0.0,0.08427946,0.0,0.0,0.093,0.0,0.012,0.6,0.6,-28.861595,2.3634593,0.7878198,0.23200001,0.008,0.17913583,0.0,0.0
hardzero_only__c0p58__z1p00__lam0p000__nu0p50__psi0p00,0.093,borrow,47,727,0.0,3,-0.6,-0.6,-0.61200005,1.041163,0.0,0.090957195,0.0,0.0,0.093,0.0,0.012,0.6,0.6,-28.657703,2.2906044,0.7635348,0.192,0.0,0.13278496,0.0,0.0
hardzero_only__c0p58__z1p00__lam0p000__nu0p50__psi0p00,0.093,borrow,47,728,0.0,3,-0.6,-0.6,-0.60237545,0.98509955,0.1034905,0.1034905,1.0,0.009624617,0.093,0.0,0.012,0.6,0.6,-27.048124,2.1672623,0.7224208,0.14,0.0,0.14127226,0.0,0.0
hardzero_only__c0p58__z1p00__lam0p000__nu0p50__psi0p00,0.093,borrow,47,729,0.0,3,-0.6,-0.6,-0.61200005,1.0103599,0.0,0.09764277,0.0,0.0,0.093,0.0,0.012,0.6,0.6,-26.696552,2.2228363,0.74094546,0.208,0.008,0.17922223,0.0,0.0
hardzero_only__c0p58__z1p00__lam0p000__nu0p50__psi0p00,0.093,borrow,47,730,0.0,3,-0.6,-0.6,-0.61200005,1.01924,0.0,0.09566652,0.0,0.0,0.093,0.0,0.012,0.6,0.6,-27.635883,2.2423728,0.7474576,0.128,0.0,0.16725582,0.0,0.0
hardzero_only__c0p58__z1p00__lam0p000__nu0p50__psi0p00,0.093,borrow,47,731,0.0,3,-0.6,-0.6,-0.61200005,1.0195277,0.0,0.095603175,0.0,0.0,0.093,0.0,0.012,0.6,0.6,-27.100111,2.2430058,0.7476686,0.15200001,0.0,0.16394398,0.0,0.0
hardzero_only__c0p58__z1p00__lam0p000__nu0p50__psi0p00,0.093,borrow,47,732,0.0,3,-0.6,-0.6,-0.6022431,0.9791699,0.10491319,0.10491319,1.0,0.009756926,0.093,0.0,0.012,0.6,0.6,-25.816883,2.1542168,0.7180723,0.14400001,0.0,0.14202763,0.0,0.0
hardzero_only__c0p58__z1p00__lam0p000__nu0p50__psi0p00,0.093,borrow,47,733,0.0,3,-0.6,-0.6,-0.61200005,1.0600798,0.0,0.08708035,0.0,0.0,0.093,0.0,0.012,0.6,0.6,-28.712683,2.3322222,0.7774074,0.15200001,0.0,0.19932993,0.0,0.0
hardzero_only__c0p58__z1p00__lam0p000__nu0p50__psi0p00,0.093,borrow,47,734,0.0,3,-0.6,-0.6,-0.6023167,0.982457,0.104122125,0.104122125,1.0,0.009683358,0.093,0.0,0.012,0.6,0.6,-26.443283,2.1614485,0.7204828,0.208,0.0,0.16029479,0.0,0.0
hardzero_only__c0p58__z1p00__lam0p000__nu0p50__psi0p00,0.093,borrow,47,735,0.0,3,-0.6,-0.6,-0.61200005,1.0044776,0.0,0.09897428,0.0,0.0,0.093,0.0,0.012,0.6,0.6,-27.226536,2.209895,0.73663163,0.120000005,0.0,0.17058907,0.0,0.0
hardzero_only__c0p58__z1p00__lam0p000__nu0p50__psi0p00,0.093,borrow,47,736,0.0,3,-0.6,-0.6,-0.61200005,1.0248405,0.0,0.094440766,0.0,0.0,0.093,0.0,0.012,0.6,0.6,-27.771687,2.254694,0.7515647,0.2,0.0,0.15977697,0.0,0.0
hardzero_only__c0p58__z1p00__lam0p000__nu0p50__psi0p00,0.093,borrow,47,737,0.0,3,-0.6,-0.6,-0.61200005,1.0169216,0.0,0.09617858,0.0,0.0,0.093,0.0,0.012,0.6,0.6,-28.192194,2.2372723,0.74575746,0.2,0.008,0.17369659,0.0,0.0
hardzero_only__c0p58__z1p00__lam0p000__nu0p50__psi0p00,0.093,borrow,47,738,0.0,3,-0.6,-0.6,-0.61200005,1.0287585,0.0,0.0935926,0.0,0.0,0.093,0.0,0.012,0.6,0.6,-27.745121,2.263314,0.75443804,0.17600001,0.0,0.16444103,0.0,0.0
hardzero_only__c0p58__z1p00__lam0p000__nu0p50__psi0p00,0.093,borrow,47,739,0.0,3,-0.6,-0.6,-0.61200005,1.0168546,0.0,0.09619342,0.0,0.0,0.093,0.0,0.012,0.6,0.6,-27.716227,2.237125,0.74570835,0.18400002,0.0,0.17381081,0.0,0.0
hardzero_only__c0p58__z1p00__lam0p000__nu0p50__psi0p00,0.093,borrow,47,740,0.0,3,-0.6,-0.6,-0.61200005,1.0100371,0.0,0.097715385,0.0,0.0,0.093,0.0,0.012,0.6,0.6,-26.407831,2.222126,0.7407087,0.17600001,0.0,0.16384809,0.0,0.0
hardzero_only__c0p58__z1p00__lam0p000__nu0p50__psi0p00,0.093,borrow,47,741,0.0,3,-0.6,-0.6,-0.60188633,0.96357244,0.10874957,0.10874957,1.0,0.010113711,0.093,0.0,0.012,0.6,0.6,-26.429966,2.1199017,0.7066339,0.19999999,0.0,0.14506495,0.0,0.0
hardzero_only__c0p58__z1p00__lam0p000__nu0p50__psi0p00,0.093,borrow,47,742,0.0,3,-0.6,-0.6,-0.6019049,0.9643704,0.10854992,0.10854992,1.0,0.010095143,0.093,0.0,0.012,0.6,0.6,-26.538559,2.1216574,0.7072191,0.208,0.0,0.1727573,0.0,0.0
hardzero_only__c0p58__z1p00__lam0p000__nu0p50__psi0p00,0.093,borrow,47,743,0.0,3,-0.6,-0.6,-0.61200005,1.0300751,0.0,0.093309306,0.0,0.0,0.093,0.0,0.012,0.6,0.6,-27.67426,2.2662103,0.75540346,0.128,0.0,0.176603,0.0,0.0
hardzero_only__c0p58__z1p00__lam0p000__nu0p50__psi0p00,0.093,borrow,47,744,0.0,3,-0.6,-0.6,-0.61200005,1.0331242,0.0,0.09265648,0.0,0.0,0.093,0.0,0.012,0.6,0.6,-28.12634,2.2729187,0.7576396,0.15200001,0.0,0.15550509,0.0,0.0
hardzero_only__c0p58__z1p00__lam0p000__nu0p50__psi0p00,0.093,borrow,47,745,0.0,3,-0.6,-0.6,-0.60252714,0.99199903,0.10185935,0.10185935,1.0,0.009472921,0.093,0.0,0.012,0.6,0.6,-26.658892,2.1824415,0.72748053,0.16800001,0.0,0.17131747,0.0,0.0
hardzero_only__c0p58__z1p00__lam0p000__nu0p50__psi0p00,0.093,borrow,47,746,0.0,3,-0.6,-0.6,-0.60206616,0.971363,0.10681617,0.10681617,1.0,0.009933905,0.093,0.0,0.012,0.6,0.6,-26.335,2.1370413,0.71234715,0.208,0.008,0.1382001,0.0,0.0
hardzero_only__c0p58__z1p00__lam0p000__nu0p50__psi0p00,0.093,borrow,47,747,0.0,3,-0.6,-0.6,-0.60245377,0.9886501,0.10264788,0.10264788,1.0,0.009546253,0.093,0.0,0.012,0.6,0.6,-26.049229,2.1750736,0.7250246,0.16800001,0.0,0.15799205,0.0,0.0
hardzero_only__c0p58__z1p00__lam0p000__nu0p50__psi0p00,0.093,borrow,47,748,0.0,3,-0.6,-0.6,-0.61200005,1.0049199,0.0,0.09887354,0.0,0.0,0.093,0.0,0.012,0.6,0.6,-27.08094,2.210868,0.736956,0.17600001,0.0,0.14035752,0.0,0.0
hardzero_only__c0p58__z1p00__lam0p000__nu0p50__psi0p00,0.093,borrow,47,749,0.0,3,-0.6,-0.6,-0.61200005,1.0138848,0.0,0.096853465,0.0,0.0,0.093,0.0,0.012,0.6,0.6,-27.276081,2.230591,0.7435304,0.216,0.0,0.18150708,0.0,0.0
hardzero_only__c0p58__z1p00__lam0p000__nu0p50__psi0p00,0.093,borrow,47,750,0.0,3,-0.6,-0.6,-0.6024556,0.98873377,0.102628075,0.102628075,1.0,0.009544411,0.093,0.0,0.012,0.6,0.6,-25.665634,2.1752577,0.7250859,0.112,0.0,0.13209529,0.0,0.0
hardzero_only__c0p58__z1p00__lam0p000__nu0p50__psi0p00,0.093,borrow,47,751,0.0,3,-0.6,-0.6,-0.61200005,1.0290397,0.0,0.09353201,0.0,0.0,0.093,0.0,0.012,0.6,0.6,-27.864191,2.2639327,0.7546443,0.096,0.0,0.17288883,0.0,0.0
hardzero_only__c0p58__z1p00__lam0p000__nu0p50__psi0p00,0.093,borrow,47,752,0.0,3,-0.6,-0.6,-0.6015977,0.95135254,0.11185296,0.11185296,1.0,0.010402326,0.093,0.0,0.012,0.6,0.6,-25.704815,2.0930173,0.6976725,0.15200001,0.0,0.12313812,0.0,0.0
hardzero_only__c0p58__z1p00__lam0p000__nu0p50__psi0p00,0.093,borrow,47,753,0.0,3,-0.6,-0.6,-0.60196775,0.96708184,0.107874334,0.107874334,1.0,0.010032313,0.093,0.0,0.012,0.6,0.6,-26.179262,2.1276226,0.70920753,0.224,0.0,0.12914965,0.0,0.0
hardzero_only__c0p58__z1p00__lam0p000__nu0p50__psi0p00,0.093,borrow,47,754,0.0,3,-0.6,-0.6,-0.61200005,1.0251662,0.0,0.09436998,0.0,0.0,0.093,0.0,0.012,0.6,0.6,-26.889278,2.2554107,0.7518036,0.11,0.0,0.17428508,0.0,0.0
hardzero_only__c0p58__z1p00__lam0p000__nu0p50__psi0p00,0.093,borrow,47,755,0.0,3,-0.6,-0.6,-0.60165364,0.953692,0.111252055,0.111252055,1.0,0.0103464415,0.093,0.0,0.012,0.6,0.6,-26.025429,2.0981643,0.69938815,0.15200001,0.0,0.13344069,0.0,0.0
hardzero_only__c0p58__z1p00__lam0p000__nu0p50__psi0p00,0.093,borrow,47,756,0.0,3,-0.6,-0.6,-0.6022461,0.9793025,0.10488116,0.10488116,1.0,0.009753948,0.093,0.0,0.012,0.6,0.6,-26.916834,2.1545086,0.71816957,0.120000005,0.0,0.14152835,0.0,0.0
hardzero_only__c0p58__z1p00__lam0p000__nu0p50__psi0p00,0.093,borrow,47,757,0.0,3,-0.6,-0.6,-0.60268694,0.9993877,0.1001411,0.1001411,1.0,0.009313122,0.093,0.0,0.012,0.6,0.6,-27.201654,2.1986969,0.73289895,0.16000001,0.0,0.16131812,0.0,0.0
hardzero_only__c0p58__z1p00__lam0p000__nu0p50__psi0p00,0.093,borrow,47,758,0.0,3,-0.6,-0.6,-0.61200005,1.0419574,0.0,0.09079095,0.0,0.0,0.093,0.0,0.012,0.6,0.6,-26.75643,2.292352,0.76411736,0.120000005,0.0,0.17179456,0.0,0.0
hardzero_only__c0p58__z1p00__lam0p000__nu0p50__psi0p00,0.093,borrow,47,759,0.0,3,-0.6,-0.6,-0.6025482,0.9929666,0.10163269,0.10163269,1.0,0.009451841,0.093,0.0,0.012,0.6,0.6,-26.628977,2.18457,0.72819006,0.216,0.0,0.15539846,0.0,0.0
hardzero_only__c0p58__z1p00__lam0p000__nu0p50__psi0p00,0.093,borrow,47,760,0.0,3,-0.6,-0.6,-0.6020669,0.97139466,0.10680838,0.10680838,1.0,0.009933179,0.093,0.0,0.012,0.6,0.6,-25.713318,2.137111,0.71237034,0.208,0.0,0.16534239,0.0,0.0
hardzero_only__c0p58__z1p00__lam0p000__nu0p50__psi0p00,0.093,borrow,47,761,0.0,3,-0.6,-0.6,-0.61200005,1.0347042,0.0,0.09232,0.0,0.0,0.093,0.0,0.012,0.6,0.6,-27.859777,2.2763946,0.75879824,0.16800001,0.0,0.14391719,0.0,0.0
hardzero_only__c0p58__z1p00__lam0p000__nu0p50__psi0p00,0.093,borrow,47,762,0.0,3,-0.6,-0.6,-0.61200005,1.0333451,0.0,0.09260937,0.0,0.0,0.093,0.0,0.012,0.6,0.6,-27.273317,2.2734046,0.75780153,0.16800001,0.0,0.14675719,0.0,0.0
hardzero_only__c0p58__z1p00__lam0p000__nu0p50__psi0p00,0.093,borrow,47,763,0.0,3,-0.6,-0.6,-0.61200005,1.0455134,0.0,0.090050586,0.0,0.0,0.093,0.0,0.012,0.6,0.6,-27.498564,2.3001754,0.7667252,0.192,0.0,0.18755575,0.0,0.0
hardzero_only__c0p58__z1p00__lam0p000__nu0p50__psi0p00,0.093,borrow,47,764,0.0,3,-0.6,-0.6,-0.6023356,0.9833046,0.103919104,0.103919104,1.0,0.009664477,0.093,0.0,0.012,0.6,0.6,-26.809916,2.1633134,0.7211045,0.128,0.0,0.1512306,0.0,0.0
hardzero_only__c0p58__z1p00__lam0p000__nu0p50__psi0p00,0.093,borrow,47,765,0.0,3,-0.6,-0.6,-0.61200005,1.0516176,0.0,0.08879374,0.0,0.0,0.093,0.0,0.012,0.6,0.6,-28.540678,2.313605,0.7712017,0.18400002,0.0,0.1786173,0.0,0.0
hardzero_only__c0p58__z1p00__lam0p000__nu0p50__psi0p00,0.093,borrow,47,766,0.0,3,-0.6,-0.6,-0.61200005,1.0118403,0.0,0.09731048,0.0,0.0,0.093,0.0,0.012,0.6,0.6,-26.901608,2.2260933,0.7420311,0.16800001,0.0,0.18773295,0.0,0.0
hardzero_only__c0p58__z1p00__lam0p000__nu0p50__psi0p00,0.093,borrow,47,767,0.0,3,-0.6,-0.6,-0.61200005,1.045098,0.0,0.09013679,0.0,0.0,0.093,0.0,0.012,0.6,0.6,-27.847433,2.2992613,0.7664205,0.14,0.0,0.15626554,0.0,0.0
hardzero_only__c0p58__z1p00__lam0p000__nu0p50__psi0p00,0.093,borrow,47,768,0.0,3,-0.6,-0.6,-0.61200005,1.0208801,0.0,0.09530591,0.0,0.0,0.093,0.0,0.012,0.6,0.6,-27.740896,2.245981,0.7486603,0.17600001,0.0,0.16851403,0.0,0.0
hardzero_only__c0p58__z1p00__lam0p000__nu0p50__psi0p00,0.093,borrow,47,769,0.0,3,-0.6,-0.6,-0.61200005,1.0247456,0.0,0.09446142,0.0,0.0,0.093,0.0,0.012,0.6,0.6,-27.017931,2.2544854,0.7514951,0.136,0.0,0.15845904,0.0,0.0
hardzero_only__c0p58__z1p00__lam0p000__nu0p50__psi0p00,0.093,borrow,47,770,0.0,3,-0.6,-0.6,-0.6020582,0.97101486,0.106901824,0.106901824,1.0,0.00994187,0.093,0.0,0.012,0.6,0.6,-26.114676,2.1362753,0.7120918,0.128,0.0,0.13258134,0.0,0.0
hardzero_only__c0p58__z1p00__lam0p000__nu0p50__psi0p00,0.093,borrow,47,771,0.0,3,-0.6,-0.6,-0.61200005,1.0170704,0.0,0.09614562,0.0,0.0,0.093,0.0,0.012,0.6,0.6,-27.299232,2.2375996,0.74586654,0.15200001,0.0,0.1507937,0.0,0.0
hardzero_only__c0p58__z1p00__lam0p000__nu0p50__psi0p00,0.093,borrow,47,772,0.0,3,-0.6,-0.6,-0.60267526,0.99884325,0.10026671,0.10026671,1.0,0.009324804,0.093,0.0,0.012,0.6,0.6,-26.885437,2.197499,0.7324997,0.15200001,0.0,0.14645566,0.0,0.0
hardzero_only__c0p58__z1p00__lam0p000__nu0p50__psi0p00,0.093,borrow,47,773,0.0,3,-0.6,-0.6,-0.6024362,0.9878483,0.10283754,0.10283754,1.0,0.009563891,0.093,0.0,0.012,0.6,0.6,-26.22154,2.1733096,0.7244365,0.18400002,0.0,0.14578304,0.0,0.0
hardzero_only__c0p58__z1p00__lam0p000__nu0p50__psi0p00,0.093,borrow,47,774,0.0,3,-0.6,-0.6,-0.6023661,0.9846779,0.10359102,0.10359102,1.0,0.009633965,0.093,0.0,0.012,0.6,0.6,-26.551744,2.1663346,0.7221116,0.16800001,0.0,0.16532269,0.0,0.0
hardzero_only__c0p58__z1p00__lam0p000__nu0p50__psi0p00,0.093,borrow,47,775,0.0,3,-0.6,-0.6,-0.61200005,1.0284392,0.0,0.093661435,0.0,0.0,0.093,0.0,0.012,0.6,0.6,-27.232431,2.2626114,0.7542038,0.136,0.0,0.16519554,0.0,0.0
hardzero_only__c0p58__z1p00__lam0p000__nu0p50__psi0p00,0.093,borrow,47,776,0.0,3,-0.6,-0.6,-0.61200005,1.0459611,0.0,0.0899578,0.0,0.0,0.093,0.0,0.012,0.6,0.6,-28.216303,2.3011603,0.7670535,0.120000005,0.0,0.15725315,0.0,0.0
hardzero_only__c0p58__z1p00__lam0p000__nu0p50__psi0p00,0.093,borrow,47,777,0.0,3,-0.6,-0.6,-0.60245377,0.98864913,0.102648094,0.102648094,1.0,0.009546273,0.093,0.0,0.012,0.6,0.6,-27.081923,2.1750715,0.72502387,0.192,0.0,0.14688088,0.0,0.0
hardzero_only__c0p58__z1p00__lam0p000__nu0p50__psi0p00,0.093,borrow,47,778,0.0,3,-0.6,-0.6,-0.61200005,1.0214225,0.0,0.09518697,0.0,0.0,0.093,0.0,0.012,0.6,0.6,-26.735565,2.2471743,0.7490581,0.096,0.0,0.13793477,0.0,0.0
hardzero_only__c0p58__z1p00__lam0p000__nu0p50__psi0p00,0.093,borrow,47,779,0.0,3,-0.6,-0.6,-0.61200005,1.0381951,0.0,0.09158088,0.0,0.0,0.093,0.0,0.012,0.6,0.6,-27.536213,2.2840748,0.76135826,0.15200001,0.0,0.15923579,0.0,0.0
hardzero_only__c0p58__z1p00__lam0p000__nu0p50__psi0p00,0.093,borrow,47,780,0.0,3,-0.6,-0.6,-0.6026679,0.9985031,0.10034528,0.10034528,1.0,0.009332111,0.093,0.0,0.012,0.6,0.6,-26.369904,2.1967506,0.7322502,0.14999999,0.0,0.12980314,0.0,0.0
hardzero_only__c0p58__z1p00__lam0p000__nu0p50__psi0p00,0.093,borrow,47,781,0.0,3,-0.6,-0.6,-0.60250753,0.9911013,0.10207012,0.10207012,1.0,0.009492522,0.093,0.0,0.012,0.6,0.6,-26.430794,2.1804664,0.72682214,0.14400001,0.0,0.14456166,0.0,0.0
hardzero_only__c0p58__z1p00__lam0p000__nu0p50__psi0p00,0.093,borrow,47,782,0.0,3,-0.6,-0.6,-0.61200005,1.0070883,0.0,0.0983811,0.0,0.0,0.093,0.0,0.012,0.6,0.6,-26.482784,2.2156386,0.73854625,0.14400001,0.0,0.16235563,0.0,0.0
hardzero_only__c0p58__z1p00__lam0p000__nu0p50__psi0p00,0.093,borrow,47,783,0.0,3,-0.6,-0.6,-0.6021927,0.97693217,0.105455145,0.105455145,1.0,0.009807329,0.093,0.0,0.012,0.6,0.6,-27.046267,2.1492937,0.71643126,0.192,0.0,0.13846414,0.0,0.0
hardzero_only__c0p58__z1p00__lam0p000__nu0p50__psi0p00,0.093,borrow,47,784,0.0,3,-0.6,-0.6,-0.60237545,0.9851011,0.10349012,0.10349012,1.0,0.009624582,0.093,0.0,0.012,0.6,0.6,-26.51268,2.1672657,0.7224219,0.23200001,0.0,0.165077,0.0,0.0
hardzero_only__c0p58__z1p00__lam0p000__nu0p50__psi0p00,0.093,borrow,47,785,0.0,3,-0.6,-0.6,-0.602621,0.9963258,0.10084961,0.10084961,1.0,0.009379014,0.093,0.0,0.012,0.6,0.6,-27.279594,2.1919606,0.7306535,0.208,0.0,0.15835212,0.0,0.0
hardzero_only__c0p58__z1p00__lam0p000__nu0p50__psi0p00,0.093,borrow,47,786,0.0,3,-0.6,-0.6,-0.61200005,1.0326669,0.0,0.09275408,0.0,0.0,0.093,0.0,0.012,0.6,0.6,-27.794434,2.2719126,0.7573042,0.192,0.0,0.17482407,0.0,0.0
hardzero_only__c0p58__z1p00__lam0p000__nu0p50__psi0p00,0.093,borrow,47,787,0.0,3,-0.6,-0.6,-0.60210884,0.9732323,0.10635737,0.10635737,1.0,0.009891236,0.093,0.0,0.012,0.6,0.6,-26.640554,2.1411538,0.71371794,0.16000001,0.0,0.14735116,0.0,0.0
hardzero_only__c0p58__z1p00__lam0p000__nu0p50__psi0p00,0.093,borrow,47,788,0.0,3,-0.6,-0.6,-0.61200005,1.0310545,0.0,0.09309911,0.0,0.0,0.093,0.0,0.012,0.6,0.6,-26.725958,2.2683651,0.75612175,0.15200001,0.0,0.17444298,0.0,0.0
hardzero_only__c0p58__z1p00__lam0p000__nu0p50__psi0p00,0.093,borrow,47,789,0.0,3,-0.6,-0.6,-0.61200005,1.0107486,0.0,0.09755542,0.0,0.0,0.093,0.0,0.012,0.6,0.6,-27.339453,2.2236915,0.7412305,0.17600001,0.0,0.14765489,0.0,0.0
hardzero_only__c0p58__z1p00__lam0p000__nu0p50__psi0p00,0.093,borrow,47,790,0.0,3,-0.6,-0.6,-0.61200005,1.0027447,0.0,0.09937002,0.0,0.0,0.093,0.0,0.012,0.6,0.6,-26.376627,2.2060823,0.7353608,0.16000001,0.0,0.1427593,0.0,0.0
hardzero_only__c0p58__z1p00__lam0p000__nu0p50__psi0p00,0.093,borrow,47,791,0.0,3,-0.6,-0.6,-0.60199255,0.9681563,0.10760778,0.10760778,1.0,0.010007524,0.093,0.0,0.012,0.6,0.6,-26.854649,2.1299863,0.70999545,0.192,0.0,0.140159,0.0,0.0
hardzero_only__c0p58__z1p00__lam0p000__nu0p50__psi0p00,0.093,borrow,47,792,0.0,3,-0.6,-0.6,-0.6014322,0.9444969,0.11363262,0.11363262,1.0,0.010567834,0.093,0.0,0.012,0.6,0.6,-26.226778,2.0779347,0.69264495,0.23200001,0.0,0.13822533,0.0,0.0
hardzero_only__c0p58__z1p00__lam0p000__nu0p50__psi0p00,0.093,borrow,47,793,0.0,3,-0.6,-0.6,-0.6015665,0.95004994,0.11218894,0.11218894,1.0,0.010433572,0.093,0.0,0.012,0.6,0.6,-25.87773,2.0901515,0.6967172,0.17999999,0.0,0.14449742,0.0,0.0
hardzero_only__c0p58__z1p00__lam0p000__nu0p50__psi0p00,0.093,borrow,47,794,0.0,3,-0.6,-0.6,-0.60070664,0.91565734,0.121434666,0.121434666,1.0,0.011293424,0.093,0.0,0.012,0.6,0.6,-25.79233,2.0144863,0.67149544,0.256,0.0,0.1166611,0.0,0.0
hardzero_only__c0p58__z1p00__lam0p000__nu0p50__psi0p00,0.093,borrow,47,795,0.0,3,-0.6,-0.6,-0.602227,0.97845066,0.10508708,0.10508708,1.0,0.009773099,0.093,0.0,0.012,0.6,0.6,-26.614231,2.1526344,0.7175448,0.224,0.0,0.15470383,0.0,0.0
hardzero_only__c0p58__z1p00__lam0p000__nu0p50__psi0p00,0.093,borrow,47,796,0.0,3,-0.6,-0.6,-0.6025958,0.99515814,0.1011211,0.1011211,1.0,0.0094042625,0.093,0.0,0.012,0.6,0.6,-26.67625,2.1893916,0.72979724,0.14400001,0.0,0.1579627,0.0,0.0
hardzero_only__c0p58__z1p00__lam0p000__nu0p50__psi0p00,0.093,borrow,47,797,0.0,3,-0.6,-0.6,-0.61200005,1.0009468,0.0,0.09978223,0.0,0.0,0.093,0.0,0.012,0.6,0.6,-27.195833,2.2021267,0.7340423,0.15200001,0.0,0.14128518,0.0,0.0
hardzero_only__c0p58__z1p00__lam0p000__nu0p50__psi0p00,0.093,borrow,47,798,0.0,3,-0.6,-0.6,-0.61200005,1.0009636,0.0,0.09977837,0.0,0.0,0.093,0.0,0.012,0.6,0.6,-25.938587,2.2021637,0.73405457,0.136,0.0,0.1477689,0.0,0.0
hardzero_only__c0p58__z1p00__lam0p000__nu0p50__psi0p00,0.093,borrow,47,799,0.0,3,-0.6,-0.6,-0.61200005,1.031792,0.0,0.092941135,0.0,0.0,0.093,0.0,0.012,0.6,0.6,-27.404818,2.2699878,0.7566626,0.18400002,0.0,0.14924571,0.0,0.0
hardzero_only__c0p58__z1p00__lam0p000__nu0p50__psi0p00,0.093,borrow,47,800,0.0,3,-0.6,-0.6,-0.6025488,0.9929938,0.10162632,0.10162632,1.0,0.009451248,0.093,0.0,0.012,0.6,0.6,-26.096977,2.18463,0.72821,0.120000005,0.0,0.124733254,0.0,0.0
hardzero_only__c0p58__z1p00__lam0p000__nu0p50__psi0p00,0.093,borrow,47,801,0.0,3,-0.6,-0.6,-0.60241026,0.9866734,0.10311613,0.10311613,1.0,0.009589801,0.093,0.0,0.012,0.6,0.6,-26.686764,2.1707249,0.723575,0.15200001,0.0,0.16249809,0.0,0.0
hardzero_only__c0p58__z1p00__lam0p000__nu0p50__psi0p00,0.093,borrow,47,802,0.0,3,-0.6,-0.6,-0.6025602,0.99351805,0.101503715,0.101503715,1.0,0.009439846,0.093,0.0,0.012,0.6,0.6,-26.583633,2.1857834,0.7285945,0.17600001,0.0,0.16096528,0.0,0.0
hardzero_only__c0p58__z1p00__lam0p000__nu0p50__psi0p00,0.093,borrow,47,803,0.0,3,-0.6,-0.6,-0.6021178,0.97362566,0.10626112,0.10626112,1.0,0.009882284,0.093,0.0,0.012,0.6,0.6,-26.935368,2.1420193,0.7140064,0.216,0.0,0.16712761,0.0,0.0
hardzero_only__c0p58__z1p00__lam0p000__nu0p50__psi0p00,0.093,borrow,47,804,0.0,3,-0.6,-0.6,-0.60195714,0.9666231,0.107988335,0.107988335,1.0,0.010042915,0.093,0.0,0.012,0.6,0.6,-26.351133,2.1266134,0.7088711,0.216,0.0,0.14273573,0.0,0.0
hardzero_only__c0p58__z1p00__lam0p000__nu0p50__psi0p00,0.093,borrow,47,805,0.0,3,-0.6,-0.6,-0.61200005,1.0084485,0.0,0.09807347,0.0,0.0,0.093,0.0,0.012,0.6,0.6,-26.713408,2.218631,0.7395437,0.15200001,0.0,0.13452645,0.0,0.0
hardzero_only__c0p58__z1p00__lam0p000__nu0p50__psi0p00,0.093,borrow,47,806,0.0,3,-0.6,-0.6,-0.6019735,0.96733093,0.10781247,0.10781247,1.0,0.01002656,0.093,0.0,0.012,0.6,0.6,-26.762419,2.1281705,0.70939016,0.19999999,0.0,0.16267124,0.0,0.0
hardzero_only__c0p58__z1p00__lam0p000__nu0p50__psi0p00,0.093,borrow,47,807,0.0,3,-0.6,-0.6,-0.61200005,1.0304899,0.0,0.093220204,0.0,0.0,0.093,0.0,0.012,0.6,0.6,-27.67347,2.2671232,0.75570774,0.17600001,0.0,0.15178056,0.0,0.0
hardzero_only__c0p58__z1p00__lam0p000__nu0p50__psi0p00,0.093,borrow,47,808,0.0,3,-0.6,-0.6,-0.60259044,0.9949123,0.101178356,0.101178356,1.0,0.009409587,0.093,0.0,0.012,0.6,0.6,-26.72699,2.1888509,0.729617,0.192,0.0,0.1514617,0.0,0.0
hardzero_only__c0p58__z1p00__lam0p000__nu0p50__psi0p00,0.093,borrow,47,809,0.0,3,-0.6,-0.6,-0.61200005,1.0127583,0.0,0.097105026,0.0,0.0,0.093,0.0,0.012,0.6,0.6,-26.904146,2.2281127,0.7427043,0.15200001,0.0,0.1473206,0.0,0.0
hardzero_only__c0p58__z1p00__lam0p000__nu0p50__psi0p00,0.093,borrow,47,810,0.0,3,-0.6,-0.6,-0.6017347,0.95710903,0.11038014,0.11038014,1.0,0.010265353,0.093,0.0,0.012,0.6,0.6,-25.874435,2.105682,0.701894,0.17600001,0.0,0.13285863,0.0,0.0
hardzero_only__c0p58__z1p00__lam0p000__nu0p50__psi0p00,0.093,borrow,47,811,0.0,3,-0.6,-0.6,-0.602083,0.9721029,0.106634334,0.106634334,1.0,0.009916993,0.093,0.0,0.012,0.6,0.6,-26.543463,2.138669,0.7128897,0.136,0.0,0.1252739,0.0,0.0
hardzero_only__c0p58__z1p00__lam0p000__nu0p50__psi0p00,0.093,borrow,47,812,0.0,3,-0.6,-0.6,-0.6021918,0.9768925,0.1054648,0.1054648,1.0,0.0098082265,0.093,0.0,0.012,0.6,0.6,-25.257507,2.1492064,0.7164022,0.14400001,0.0,0.14597255,0.0,0.0
hardzero_only__c0p58__z1p00__lam0p000__nu0p50__psi0p00,0.093,borrow,47,813,0.0,3,-0.6,-0.6,-0.60205746,0.9709845,0.10690929,0.10690929,1.0,0.009942564,0.093,0.0,0.012,0.6,0.6,-26.996502,2.1362085,0.7120695,0.17600001,0.0,0.16194949,0.0,0.0
hardzero_only__c0p58__z1p00__lam0p000__nu0p50__psi0p00,0.093,borrow,47,814,0.0,3,-0.6,-0.6,-0.61200005,1.0005726,0.0,0.09986824,0.0,0.0,0.093,0.0,0.012,0.6,0.6,-27.097141,2.2013037,0.7337679,0.14400001,0.0,0.15180595,0.0,0.0
hardzero_only__c0p58__z1p00__lam0p000__nu0p50__psi0p00,0.093,borrow,47,815,0.0,3,-0.6,-0.6,-0.61200005,1.0627433,0.0,0.08654792,0.0,0.0,0.093,0.0,0.012,0.6,0.6,-28.382122,2.338082,0.7793607,0.192,0.0,0.1660795,0.0,0.0
hardzero_only__c0p58__z1p00__lam0p000__nu0p50__psi0p00,0.093,borrow,47,816,0.0,3,-0.6,-0.6,-0.6026861,0.99934846,0.10015013,0.10015013,1.0,0.009313962,0.093,0.0,0.012,0.6,0.6,-27.092974,2.1986105,0.7328702,0.104,0.0,0.14971358,0.0,0.0
hardzero_only__c0p58__z1p00__lam0p000__nu0p50__psi0p00,0.093,borrow,47,817,0.0,3,-0.6,-0.6,-0.602242,0.97911865,0.10492558,0.10492558,1.0,0.009758079,0.093,0.0,0.012,0.6,0.6,-26.148743,2.154104,0.7180347,0.112,0.0,0.15128621,0.0,0.0
hardzero_only__c0p58__z1p00__lam0p000__nu0p50__psi0p00,0.093,borrow,47,818,0.0,3,-0.6,-0.6,-0.61200005,1.0001183,0.0,0.09997278,0.0,0.0,0.093,0.0,0.012,0.6,0.6,-27.953424,2.200304,0.7334347,0.216,0.0,0.17125821,0.0,0.0
hardzero_only__c0p58__z1p00__lam0p000__nu0p50__psi0p00,0.093,borrow,47,819,0.0,3,-0.6,-0.6,-0.60264987,0.9976633,0.10053948,0.10053948,1.0,0.009350172,0.093,0.0,0.012,0.6,0.6,-26.626923,2.1949031,0.7316344,0.089999996,0.0,0.12470808,0.0,0.0
hardzero_only__c0p58__z1p00__lam0p000__nu0p50__psi0p00,0.093,borrow,47,820,0.0,3,-0.6,-0.6,-0.6012128,0.9355728,0.115991764,0.115991764,1.0,0.010787235,0.093,0.0,0.012,0.6,0.6,-25.887424,2.0583012,0.6861004,0.16000001,0.0,0.14424017,0.0,0.0
hardzero_only__c0p58__z1p00__lam0p000__nu0p50__psi0p00,0.093,borrow,47,821,0.0,3,-0.6,-0.6,-0.60229313,0.9814011,0.10437559,0.10437559,1.0,0.00970693,0.093,0.0,0.012,0.6,0.6,-26.141224,2.1591256,0.71970856,0.17600001,0.0,0.15946572,0.0,0.0
hardzero_only__c0p58__z1p00__lam0p000__nu0p50__psi0p00,0.093,borrow,47,822,0.0,3,-0.6,-0.6,-0.61200005,1.01471,0.0,0.09666962,0.0,0.0,0.093,0.0,0.012,0.6,0.6,-27.399454,2.2324064,0.7441355,0.16000001,0.0,0.17379327,0.0,0.0
hardzero_only__c0p58__z1p00__lam0p000__nu0p50__psi0p00,0.093,borrow,47,823,0.0,3,-0.6,-0.6,-0.6026141,0.99600405,0.10092435,0.10092435,1.0,0.009385965,0.093,0.0,0.012,0.6,0.6,-26.400509,2.1912527,0.7304176,0.2,0.0,0.16521417,0.0,0.0
hardzero_only__c0p58__z1p00__lam0p000__nu0p50__psi0p00,0.093,borrow,47,824,0.0,3,-0.6,-0.6,-0.61200005,1.0300938,0.0,0.093305275,0.0,0.0,0.093,0.0,0.012,0.6,0.6,-27.657938,2.2662516,0.7554172,0.16000001,0.0,0.15116568,0.0,0.0
hardzero_only__c0p58__z1p00__lam0p000__nu0p50__psi0p00,0.093,borrow,47,825,0.0,3,-0.6,-0.6,-0.61200005,1.021041,0.0,0.095270604,0.0,0.0,0.093,0.0,0.012,0.6,0.6,-26.968712,2.246335,0.74877834,0.17600001,0.0,0.15860893,0.0,0.0
hardzero_only__c0p58__z1p00__lam0p000__nu0p50__psi0p00,0.093,borrow,47,826,0.0,3,-0.6,-0.6,-0.61200005,1.0653436,0.0,0.08603127,0.0,0.0,0.093,0.0,0.012,0.6,0.6,-27.920801,2.3438027,0.7812676,0.08800001,0.0,0.16387379,0.0,0.0
hardzero_only__c0p58__z1p00__lam0p000__nu0p50__psi0p00,0.093,borrow,47,827,0.0,3,-0.6,-0.6,-0.61200005,1.0078874,0.0,0.09820026,0.0,0.0,0.093,0.0,0.012,0.6,0.6,-27.343681,2.2173965,0.73913217,0.16800001,0.0,0.15360515,0.0,0.0
hardzero_only__c0p58__z1p00__lam0p000__nu0p50__psi0p00,0.093,borrow,47,828,0.0,3,-0.6,-0.6,-0.61200005,1.0285416,0.0,0.09363936,0.0,0.0,0.093,0.0,0.012,0.6,0.6,-27.284723,2.2628367,0.7542789,0.136,0.0,0.16499586,0.0,0.0
hardzero_only__c0p58__z1p00__lam0p000__nu0p50__psi0p00,0.093,borrow,47,829,0.0,3,-0.6,-0.6,-0.60255945,0.99348295,0.10151192,0.10151192,1.0,0.009440608,0.093,0.0,0.012,0.6,0.6,-27.501741,2.1857061,0.72856873,0.17600001,0.0,0.14867526,0.0,0.0
hardzero_only__c0p58__z1p00__lam0p000__nu0p50__psi0p00,0.093,borrow,47,830,0.0,3,-0.6,-0.6,-0.60252935,0.99210024,0.10183563,0.10183563,1.0,0.009470714,0.093,0.0,0.012,0.6,0.6,-27.020306,2.1826642,0.72755474,0.18400002,0.0,0.1611213,0.0,0.0
hardzero_only__c0p58__z1p00__lam0p000__nu0p50__psi0p00,0.093,borrow,47,831,0.0,3,-0.6,-0.6,-0.60171336,0.956207,0.11060965,0.11060965,1.0,0.010286698,0.093,0.0,0.012,0.6,0.6,-25.557684,2.1036973,0.70123243,0.17600001,0.0,0.12914008,0.0,0.0
hardzero_only__c0p58__z1p00__lam0p000__nu0p50__psi0p00,0.093,borrow,47,832,0.0,3,-0.6,-0.6,-0.61200005,1.0569525,0.0,0.08770969,0.0,0.0,0.093,0.0,0.012,0.6,0.6,-28.104214,2.325342,0.775114,0.16,0.0,0.17489217,0.0,0.0
hardzero_only__c0p58__z1p00__lam0p000__nu0p50__psi0p00,0.093,borrow,47,833,0.0,3,-0.6,-0.6,-0.6020072,0.9687953,0.10744957,0.10744957,1.0,0.00999281,0.093,0.0,0.012,0.6,0.6,-26.548046,2.1313922,0.7104641,0.16800001,0.0,0.13005273,0.0,0.0
hardzero_only__c0p58__z1p00__lam0p000__nu0p50__psi0p00,0.093,borrow,47,834,0.0,3,-0.6,-0.6,-0.61200005,1.0085616,0.0,0.09804791,0.0,0.0,0.093,0.0,0.012,0.6,0.6,-27.50085,2.21888,0.73962665,0.16800001,0.0,0.14942464,0.0,0.0
hardzero_only__c0p58__z1p00__lam0p000__nu0p50__psi0p00,0.093,borrow,47,835,0.0,3,-0.6,-0.6,-0.61200005,1.0170777,0.0,0.09614402,0.0,0.0,0.093,0.0,0.012,0.6,0.6,-27.88652,2.2376156,0.7458719,0.15200001,0.0,0.1602416,0.0,0.0
hardzero_only__c0p58__z1p00__lam0p000__nu0p50__psi0p00,0.093,borrow,47,836,0.0,3,-0.6,-0.6,-0.61200005,1.0554733,0.0,0.08800891,0.0,0.0,0.093,0.0,0.012,0.6,0.6,-27.872974,2.3220878,0.77402925,0.14400001,0.0,0.16126926,0.0,0.0
hardzero_only__c0p58__z1p00__lam0p000__nu0p50__psi0p00,0.093,borrow,47,837,0.0,3,-0.6,-0.6,-0.6022757,0.98062354,0.10456262,0.10456262,1.0,0.009724324,0.093,0.0,0.012,0.6,0.6,-25.897953,2.157415,0.7191383,0.16000001,0.0,0.14568792,0.0,0.0
hardzero_only__c0p58__z1p00__lam0p000__nu0p50__psi0p00,0.093,borrow,47,838,0.0,3,-0.6,-0.6,-0.6015938,0.95118886,0.11189511,0.11189511,1.0,0.0104062455,0.093,0.0,0.012,0.6,0.6,-26.173374,2.0926573,0.69755244,0.23200001,0.0,0.16386452,0.0,0.0
hardzero_only__c0p58__z1p00__lam0p000__nu0p50__psi0p00,0.093,borrow,47,839,0.0,3,-0.6,-0.6,-0.61200005,1.0334016,0.0,0.09259731,0.0,0.0,0.093,0.0,0.012,0.6,0.6,-28.12035,2.2735288,0.75784296,0.104,0.0,0.16987191,0.0,0.0
hardzero_only__c0p58__z1p00__lam0p000__nu0p50__psi0p00,0.093,borrow,47,840,0.0,3,-0.6,-0.6,-0.6020253,0.96958077,0.10725541,0.10725541,1.0,0.0099747535,0.093,0.0,0.012,0.6,0.6,-26.228634,2.1331203,0.71104014,0.18400002,0.0,0.14221874,0.0,0.0
hardzero_only__c0p58__z1p00__lam0p000__nu0p50__psi0p00,0.093,borrow,47,841,0.0,3,-0.6,-0.6,-0.61200005,1.0121784,0.0,0.09723477,0.0,0.0,0.093,0.0,0.012,0.6,0.6,-26.081936,2.226837,0.742279,0.224,0.0,0.12622114,0.0,0.0
hardzero_only__c0p58__z1p00__lam0p000__nu0p50__psi0p00,0.093,borrow,47,842,0.0,3,-0.6,-0.6,-0.61200005,1.0372301,0.0,0.09178461,0.0,0.0,0.093,0.0,0.012,0.6,0.6,-27.66222,2.281952,0.76065063,0.16800001,0.0,0.15685397,0.0,0.0
hardzero_only__c0p58__z1p00__lam0p000__nu0p50__psi0p00,0.093,borrow,47,843,0.0,3,-0.6,-0.6,-0.61200005,1.0074039,0.0,0.09830966,0.0,0.0,0.093,0.0,0.012,0.6,0.6,-26.925436,2.2163327,0.7387776,0.16000001,0.0,0.17622532,0.0,0.0
hardzero_only__c0p58__z1p00__lam0p000__nu0p50__psi0p00,0.093,borrow,47,844,0.0,3,-0.6,-0.6,-0.61200005,1.0389678,0.0,0.091418095,0.0,0.0,0.093,0.0,0.012,0.6,0.6,-28.033901,2.285775,0.761925,0.120000005,0.0,0.19711077,0.0,0.0
hardzero_only__c0p58__z1p00__lam0p000__nu0p50__psi0p00,0.093,borrow,47,845,0.0,3,-0.6,-0.6,-0.61200005,1.0394359,0.0,0.091319636,0.0,0.0,0.093,0.0,0.012,0.6,0.6,-27.975414,2.2868047,0.76226825,0.12,0.0,0.17636211,0.0,0.0
hardzero_only__c0p58__z1p00__lam0p000__nu0p50__psi0p00,0.093,borrow,47,846,0.0,3,-0.6,-0.6,-0.61200005,1.0259169,0.0,0.094206974,0.0,0.0,0.093,0.0,0.012,0.6,0.6,-26.750126,2.2570624,0.75235415,0.104,0.0,0.16524458,0.0,0.0
hardzero_only__c0p58__z1p00__lam0p000__nu0p50__psi0p00,0.093,borrow,47,847,0.0,3,-0.6,-0.6,-0.6026216,0.99635196,0.100843534,0.100843534,1.0,0.009378449,0.093,0.0,0.012,0.6,0.6,-27.405155,2.192018,0.7306727,0.2,0.0,0.15393612,0.0,0.0
hardzero_only__c0p58__z1p00__lam0p000__nu0p50__psi0p00,0.093,borrow,47,848,0.0,3,-0.6,-0.6,-0.60186386,0.9626083,0.10899128,0.10899128,1.0,0.010136189,0.093,0.0,0.012,0.6,0.6,-26.772053,2.1177804,0.70592684,0.16000001,0.0,0.15071014,0.0,0.0
hardzero_only__c0p58__z1p00__lam0p000__nu0p50__psi0p00,0.093,borrow,47,849,0.0,3,-0.6,-0.6,-0.61200005,1.0134236,0.0,0.096956395,0.0,0.0,0.093,0.0,0.012,0.6,0.6,-27.135084,2.2295763,0.74319214,0.14400001,0.0,0.20000787,0.0,0.0
hardzero_only__c0p58__z1p00__lam0p000__nu0p50__psi0p00,0.093,borrow,47,850,0.0,3,-0.6,-0.6,-0.6023189,0.98255634,0.10409829,0.10409829,1.0,0.009681141,0.093,0.0,0.012,0.6,0.6,-26.749378,2.161667,0.7205557,0.18400002,0.0,0.15928696,0.0,0.0
hardzero_only__c0p58__z1p00__lam0p000__nu0p50__psi0p00,0.093,borrow,47,851,0.0,3,-0.6,-0.6,-0.61200005,1.0145748,0.0,0.09669973,0.0,0.0,0.093,0.0,0.012,0.6,0.6,-28.317268,2.232109,0.7440364,0.15200001,0.0,0.16747983,0.0,0.0
hardzero_only__c0p58__z1p00__lam0p000__nu0p50__psi0p00,0.093,borrow,47,852,0.0,3,-0.6,-0.6,-0.6025587,0.9934484,0.10152001,0.10152001,1.0,0.009441361,0.093,0.0,0.012,0.6,0.6,-26.997494,2.18563,0.7285434,0.15200001,0.0,0.14827196,0.0,0.0
hardzero_only__c0p58__z1p00__lam0p000__nu0p50__psi0p00,0.093,borrow,47,853,0.0,3,-0.6,-0.6,-0.61200005,1.0143023,0.0,0.09676042,0.0,0.0,0.093,0.0,0.012,0.6,0.6,-27.51735,2.2315094,0.7438365,0.2,0.0,0.17175311,0.0,0.0
hardzero_only__c0p58__z1p00__lam0p000__nu0p50__psi0p00,0.093,borrow,47,854,0.0,3,-0.6,-0.6,-0.61200005,1.0078408,0.0,0.09821079,0.0,0.0,0.093,0.0,0.012,0.6,0.6,-27.787064,2.217294,0.739098,0.17600001,0.0,0.16786377,0.0,0.0
hardzero_only__c0p58__z1p00__lam0p000__nu0p50__psi0p00,0.093,borrow,47,855,0.0,3,-0.6,-0.6,-0.6015467,0.9492287,0.112401284,0.112401284,1.0,0.01045332,0.093,0.0,0.012,0.6,0.6,-26.048302,2.0883448,0.69611496,0.2,0.0,0.1430037,0.0,0.0
hardzero_only__c0p58__z1p00__lam0p000__nu0p50__psi0p00,0.093,borrow,47,856,0.0,3,-0.6,-0.6,-0.60264957,0.99764824,0.10054299,0.10054299,1.0,0.009350498,0.093,0.0,0.012,0.6,0.6,-26.876726,2.19487,0.73162335,0.17600001,0.0,0.14008226,0.0,0.0
hardzero_only__c0p58__z1p00__lam0p000__nu0p50__psi0p00,0.093,borrow,47,857,0.0,3,-0.6,-0.6,-0.6024646,0.9891422,0.10253161,0.10253161,1.0,0.00953544,0.093,0.0,0.012,0.6,0.6,-26.98538,2.1761563,0.7253854,0.16000001,0.0,0.14688805,0.0,0.0
hardzero_only__c0p58__z1p00__lam0p000__nu0p50__psi0p00,0.093,borrow,47,858,0.0,3,-0.6,-0.6,-0.6021111,0.9733318,0.10633303,0.10633303,1.0,0.009888972,0.093,0.0,0.012,0.6,0.6,-26.128876,2.1413727,0.7137909,0.14999999,0.0,0.13798437,0.0,0.0
hardzero_only__c0p58__z1p00__lam0p000__nu0p50__psi0p00,0.093,borrow,47,859,0.0,3,-0.6,-0.6,-0.61200005,1.0078813,0.0,0.09820164,0.0,0.0,0.093,0.0,0.012,0.6,0.6,-26.737783,2.2173831,0.73912776,0.136,0.0,0.1519732,0.0,0.0
hardzero_only__c0p58__z1p00__lam0p000__nu0p50__psi0p00,0.093,borrow,47,860,0.0,3,-0.6,-0.6,-0.61200005,1.0174154,0.0,0.0960693,0.0,0.0,0.093,0.0,0.012,0.6,0.6,-28.230427,2.2383585,0.7461195,0.2,0.0,0.17866111,0.0,0.0
hardzero_only__c0p58__z1p00__lam0p000__nu0p50__psi0p00,0.093,borrow,47,861,0.0,3,-0.6,-0.6,-0.61200005,1.0135974,0.0,0.096917585,0.0,0.0,0.093,0.0,0.012,0.6,0.6,-27.185308,2.2299588,0.74331963,0.208,0.0,0.13134873,0.0,0.0
hardzero_only__c0p58__z1p00__lam0p000__nu0p50__psi0p00,0.093,borrow,47,862,0.0,3,-0.6,-0.6,-0.6019402,0.96589184,0.10817033,0.10817033,1.0,0.010059841,0.093,0.0,0.012,0.6,0.6,-26.519384,2.1250045,0.70833486,0.16800001,0.0,0.15299441,0.0,0.0
hardzero_only__c0p58__z1p00__lam0p000__nu0p50__psi0p00,0.093,borrow,47,863,0.0,3,-0.6,-0.6,-0.61200005,1.0105377,0.0,0.097602785,0.0,0.0,0.093,0.0,0.012,0.6,0.6,-27.395298,2.2232275,0.7410759,0.16000001,0.0,0.17415726,0.0,0.0
hardzero_only__c0p58__z1p00__lam0p000__nu0p50__psi0p00,0.093,borrow,47,864,0.0,3,-0.6,-0.6,-0.61200005,1.0257423,0.0,0.094244875,0.0,0.0,0.093,0.0,0.012,0.6,0.6,-28.006666,2.256678,0.75222605,0.136,0.0,0.17459218,0.0,0.0
hardzero_only__c0p58__z1p00__lam0p000__nu0p50__psi0p00,0.093,borrow,47,865,0.0,3,-0.6,-0.6,-0.61200005,1.0018191,0.0,0.099581994,0.0,0.0,0.093,0.0,0.012,0.6,0.6,-26.33579,2.204046,0.734682,0.128,0.0,0.15481636,0.0,0.0
hardzero_only__c0p58__z1p00__lam0p000__nu0p50__psi0p00,0.093,borrow,47,866,0.0,3,-0.6,-0.6,-0.6017867,0.9593126,0.10982149,0.10982149,1.0,0.010213399,0.093,0.0,0.012,0.6,0.6,-27.09817,2.11053,0.70351,0.192,0.0,0.15224732,0.0,0.0
hardzero_only__c0p58__z1p00__lam0p000__nu0p50__psi0p00,0.093,borrow,47,867,0.0,3,-0.6,-0.6,-0.60158855,0.9509691,0.11195176,0.11195176,1.0,0.010411514,0.093,0.0,0.012,0.6,0.6,-26.15113,2.0921738,0.6973913,0.208,0.0,0.14206424,0.0,0.0
hardzero_only__c0p58__z1p00__lam0p000__nu0p50__psi0p00,0.093,borrow,47,868,0.0,3,-0.6,-0.6,-0.61200005,1.0253013,0.0,0.0943406,0.0,0.0,0.093,0.0,0.012,0.6,0.6,-27.531292,2.255708,0.7519027,0.2,0.0,0.164316,0.0,0.0
hardzero_only__c0p58__z1p00__lam0p000__nu0p50__psi0p00,0.093,borrow,47,869,0.0,3,-0.6,-0.6,-0.6020586,0.9710317,0.10689767,0.10689767,1.0,0.009941483,0.093,0.0,0.012,0.6,0.6,-26.45025,2.1363125,0.7121042,0.192,0.0,0.14667343,0.0,0.0
hardzero_only__c0p58__z1p00__lam0p000__nu0p50__psi0p00,0.093,borrow,47,870,0.0,3,-0.6,-0.6,-0.6024934,0.9904548,0.10222218,0.10222218,1.0,0.009506663,0.093,0.0,0.012,0.6,0.6,-26.597824,2.179044,0.72634804,0.16800001,0.0,0.13598786,0.0,0.0
hardzero_only__c0p58__z1p00__lam0p000__nu0p50__psi0p00,0.093,borrow,47,871,0.0,3,-0.6,-0.6,-0.60191596,0.96484554,0.10843125,0.10843125,1.0,0.010084107,0.093,0.0,0.012,0.6,0.6,-25.910492,2.1227026,0.7075676,0.26999998,0.0,0.11951981,0.0,0.0
hardzero_only__c0p58__z1p00__lam0p000__nu0p50__psi0p00,0.093,borrow,47,872,0.0,3,-0.6,-0.6,-0.61200005,1.0067563,0.0,0.09845633,0.0,0.0,0.093,0.0,0.012,0.6,0.6,-26.848642,2.2149081,0.7383027,0.136,0.0,0.14520666,0.0,0.0
hardzero_only__c0p58__z1p00__lam0p000__nu0p50__psi0p00,0.093,borrow,47,873,0.0,3,-0.6,-0.6,-0.60255766,0.99340135,0.101531,0.101531,1.0,0.009442383,0.093,0.0,0.012,0.6,0.6,-26.074236,2.1855266,0.7285089,0.16000001,0.0,0.16197555,0.0,0.0
hardzero_only__c0p58__z1p00__lam0p000__nu0p50__psi0p00,0.093,borrow,47,874,0.0,3,-0.6,-0.6,-0.61200005,1.0231351,0.0,0.09481236,0.0,0.0,0.093,0.0,0.012,0.6,0.6,-26.554478,2.250942,0.750314,0.14400001,0.0,0.15639529,0.0,0.0
hardzero_only__c0p58__z1p00__lam0p000__nu0p50__psi0p00,0.093,borrow,47,875,0.0,3,-0.6,-0.6,-0.61200005,1.0198661,0.0,0.0955287,0.0,0.0,0.093,0.0,0.012,0.6,0.6,-27.67084,2.2437503,0.7479168,0.18400002,0.0,0.15101229,0.0,0.0
hardzero_only__c0p58__z1p00__lam0p000__nu0p50__psi0p00,0.093,borrow,47,876,0.0,3,-0.6,-0.6,-0.6014768,0.9463321,0.11315348,0.11315348,1.0,0.010523274,0.093,0.0,0.012,0.6,0.6,-25.85408,2.0819721,0.6939907,0.17600001,0.0,0.14983091,0.0,0.0
hardzero_only__c0p58__z1p00__lam0p000__nu0p50__psi0p00,0.093,borrow,47,877,0.0,3,-0.6,-0.6,-0.6024728,0.9895151,0.1024436,0.1024436,1.0,0.009527255,0.093,0.0,0.012,0.6,0.6,-27.086458,2.1769767,0.7256589,0.17600001,0.0,0.16599116,0.0,0.0
hardzero_only__c0p58__z1p00__lam0p000__nu0p50__psi0p00,0.093,borrow,47,878,0.0,3,-0.6,-0.6,-0.6010555,0.9292857,0.11768314,0.11768314,1.0,0.010944532,0.093,0.0,0.012,0.6,0.6,-25.630682,2.0444694,0.6814898,0.128,0.0,0.14145778,0.0,0.0
hardzero_only__c0p58__z1p00__lam0p000__nu0p50__psi0p00,0.093,borrow,47,879,0.0,3,-0.6,-0.6,-0.61200005,1.0140033,0.0,0.096827045,0.0,0.0,0.093,0.0,0.012,0.6,0.6,-27.609444,2.2308517,0.74361724,0.15200001,0.0,0.13920528,0.0,0.0
hardzero_only__c0p58__z1p00__lam0p000__nu0p50__psi0p00,0.093,borrow,47,880,0.0,3,-0.6,-0.6,-0.60171944,0.9564638,0.11054425,0.11054425,1.0,0.010280616,0.093,0.0,0.012,0.6,0.6,-25.42351,2.1042624,0.7014208,0.14400001,0.0,0.17113551,0.0,0.0
hardzero_only__c0p58__z1p00__lam0p000__nu0p50__psi0p00,0.093,borrow,47,881,0.0,3,-0.6,-0.6,-0.60197157,0.967249,0.10783283,0.10783283,1.0,0.010028454,0.093,0.0,0.012,0.6,0.6,-26.187452,2.1279902,0.7093301,0.208,0.0,0.15049647,0.0,0.0
hardzero_only__c0p58__z1p00__lam0p000__nu0p50__psi0p00,0.093,borrow,47,882,0.0,3,-0.6,-0.6,-0.60175157,0.9578226,0.11019892,0.11019892,1.0,0.0102485,0.093,0.0,0.012,0.6,0.6,-26.933489,2.107252,0.7024173,0.16800001,0.0,0.16718845,0.0,0.0
hardzero_only__c0p58__z1p00__lam0p000__nu0p50__psi0p00,0.093,borrow,47,883,0.0,3,-0.6,-0.6,-0.61200005,1.0312904,0.0,0.093048535,0.0,0.0,0.093,0.0,0.012,0.6,0.6,-27.713797,2.2688842,0.7562947,0.128,0.0,0.19214213,0.0,0.0
hardzero_only__c0p58__z1p00__lam0p000__nu0p50__psi0p00,0.093,borrow,47,884,0.0,3,-0.6,-0.6,-0.6024293,0.9875352,0.10291171,0.10291171,1.0,0.0095707895,0.093,0.0,0.012,0.6,0.6,-26.636765,2.1726208,0.7242069,0.08,0.0,0.14027044,0.0,0.0
hardzero_only__c0p58__z1p00__lam0p000__nu0p50__psi0p00,0.093,borrow,47,885,0.0,3,-0.6,-0.6,-0.61200005,1.0113583,0.0,0.09741857,0.0,0.0,0.093,0.0,0.012,0.6,0.6,-27.473001,2.2250326,0.7416775,0.18400002,0.0,0.19370176,0.0,0.0
hardzero_only__c0p58__z1p00__lam0p000__nu0p50__psi0p00,0.093,borrow,47,886,0.0,3,-0.6,-0.6,-0.60241354,0.9868231,0.10308058,0.10308058,1.0,0.009586494,0.093,0.0,0.012,0.6,0.6,-27.453693,2.1710541,0.7236847,0.216,0.0,0.1534635,0.0,0.0
hardzero_only__c0p58__z1p00__lam0p000__nu0p50__psi0p00,0.093,borrow,47,887,0.0,3,-0.6,-0.6,-0.6024656,0.9891893,0.102520496,0.102520496,1.0,0.0095344065,0.093,0.0,0.012,0.6,0.6,-26.274622,2.17626,0.72542,0.15200001,0.0,0.1296578,0.0,0.0
hardzero_only__c0p58__z1p00__lam0p000__nu0p50__psi0p00,0.093,borrow,47,888,0.0,3,-0.6,-0.6,-0.61200005,1.0041047,0.0,0.09905931,0.0,0.0,0.093,0.0,0.012,0.6,0.6,-26.310863,2.2090745,0.73635817,0.16800001,0.0,0.12184794,0.0,0.0
hardzero_only__c0p58__z1p00__lam0p000__nu0p50__psi0p00,0.093,borrow,47,889,0.0,3,-0.6,-0.6,-0.61200005,1.0025176,0.0,0.09942198,0.0,0.0,0.093,0.0,0.012,0.6,0.6,-27.19398,2.2055826,0.7351942,0.16800001,0.0,0.1830002,0.0,0.0
hardzero_only__c0p58__z1p00__lam0p000__nu0p50__psi0p00,0.093,borrow,47,890,0.0,3,-0.6,-0.6,-0.61200005,1.009936,0.0,0.097738124,0.0,0.0,0.093,0.0,0.012,0.6,0.6,-26.755964,2.2219036,0.74063456,0.120000005,0.0,0.15744224,0.0,0.0
hardzero_only__c0p58__z1p00__lam0p000__nu0p50__psi0p00,0.093,borrow,47,891,0.0,3,-0.6,-0.6,-0.61200005,1.0531048,0.0,0.08849021,0.0,0.0,0.093,0.0,0.012,0.6,0.6,-27.86901,2.3168766,0.77229226,0.18400002,0.0,0.16490264,0.0,0.0
hardzero_only__c0p58__z1p00__lam0p000__nu0p50__psi0p00,0.093,borrow,47,892,0.0,3,-0.6,-0.6,-0.6010953,0.9308681,0.11725514,0.11725514,1.0,0.0109047275,0.093,0.0,0.012,0.6,0.6,-25.579113,2.0479507,0.68265027,0.224,0.0,0.13859032,0.0,0.0
hardzero_only__c0p58__z1p00__lam0p000__nu0p50__psi0p00,0.093,borrow,47,893,0.0,3,-0.6,-0.6,-0.6025517,0.99312794,0.10159495,0.10159495,1.0,0.00944833,0.093,0.0,0.012,0.6,0.6,-26.927221,2.184925,0.7283084,0.16000001,0.0,0.15447682,0.0,0.0
hardzero_only__c0p58__z1p00__lam0p000__nu0p50__psi0p00,0.093,borrow,47,894,0.0,3,-0.6,-0.6,-0.6015456,0.9491805,0.11241377,0.11241377,1.0,0.010454481,0.093,0.0,0.012,0.6,0.6,-25.522203,2.0882387,0.6960796,0.2,0.0,0.15176736,0.0,0.0
hardzero_only__c0p58__z1p00__lam0p000__nu0p50__psi0p00,0.093,borrow,47,895,0.0,3,-0.6,-0.6,-0.61200005,1.0455029,0.0,0.09005278,0.0,0.0,0.093,0.0,0.012,0.6,0.6,-27.819437,2.3001523,0.76671743,0.16800001,0.0,0.17037027,0.0,0.0
hardzero_only__c0p58__z1p00__lam0p000__nu0p50__psi0p00,0.093,borrow,47,896,0.0,3,-0.6,-0.6,-0.602228,0.9784966,0.105075955,0.105075955,1.0,0.009772064,0.093,0.0,0.012,0.6,0.6,-26.97702,2.1527355,0.71757853,0.15200001,0.0,0.14874426,0.0,0.0
hardzero_only__c0p58__z1p00__lam0p000__nu0p50__psi0p00,0.093,borrow,47,897,0.0,3,-0.6,-0.6,-0.61200005,1.0210944,0.0,0.09525889,0.0,0.0,0.093,0.0,0.012,0.6,0.6,-27.234062,2.2464526,0.74881756,0.17999999,0.0,0.14658023,0.0,0.0
hardzero_only__c0p58__z1p00__lam0p000__nu0p50__psi0p00,0.093,borrow,47,898,0.0,3,-0.6,-0.6,-0.60189325,0.9638686,0.10867544,0.10867544,1.0,0.010106816,0.093,0.0,0.012,0.6,0.6,-26.320055,2.1205533,0.7068511,0.264,0.0,0.135802,0.0,0.0
hardzero_only__c0p58__z1p00__lam0p000__nu0p50__psi0p00,0.093,borrow,47,899,0.0,3,-0.6,-0.6,-0.61200005,1.0065645,0.0,0.09849984,0.0,0.0,0.093,0.0,0.012,0.6,0.6,-27.243317,2.2144861,0.73816204,0.16800001,0.0,0.13682498,0.0,0.0
hardzero_only__c0p58__z1p00__lam0p000__nu0p50__psi0p00,0.093,borrow,47,900,0.0,3,-0.6,-0.6,-0.61200005,1.0061907,0.0,0.09858465,0.0,0.0,0.093,0.0,0.012,0.6,0.6,-27.15354,2.2136636,0.73788786,0.192,0.0,0.16068822,0.0,0.0
hardzero_only__c0p58__z1p00__lam0p000__nu0p50__psi0p00,0.093,borrow,47,901,0.0,3,-0.6,-0.6,-0.61200005,1.0189929,0.0,0.095720954,0.0,0.0,0.093,0.0,0.012,0.6,0.6,-26.401178,2.2418292,0.7472764,0.104,0.0,0.16330977,0.0,0.0
hardzero_only__c0p58__z1p00__lam0p000__nu0p50__psi0p00,0.093,borrow,47,902,0.0,3,-0.6,-0.6,-0.61200005,1.0056996,0.0,0.09869617,0.0,0.0,0.093,0.0,0.012,0.6,0.6,-26.729511,2.2125833,0.7375278,0.16000001,0.0,0.13530901,0.0,0.0
hardzero_only__c0p58__z1p00__lam0p000__nu0p50__psi0p00,0.093,borrow,47,903,0.0,3,-0.6,-0.6,-0.61200005,1.0627654,0.0,0.08654353,0.0,0.0,0.093,0.0,0.012,0.6,0.6,-27.790075,2.3381305,0.77937686,0.208,0.0,0.15257442,0.0,0.0
hardzero_only__c0p58__z1p00__lam0p000__nu0p50__psi0p00,0.093,borrow,47,904,0.0,3,-0.6,-0.6,-0.60219663,0.9771061,0.105412915,0.105412915,1.0,0.009803401,0.093,0.0,0.012,0.6,0.6,-26.763834,2.1496763,0.7165588,0.192,0.0,0.15746804,0.0,0.0
hardzero_only__c0p58__z1p00__lam0p000__nu0p50__psi0p00,0.093,borrow,47,905,0.0,3,-0.6,-0.6,-0.602216,0.9779648,0.1052047,0.1052047,1.0,0.009784037,0.093,0.0,0.012,0.6,0.6,-26.894533,2.1515656,0.71718854,0.18400002,0.0,0.16185053,0.0,0.0
hardzero_only__c0p58__z1p00__lam0p000__nu0p50__psi0p00,0.093,borrow,47,906,0.0,3,-0.6,-0.6,-0.61200005,1.0465547,0.0,0.08983495,0.0,0.0,0.093,0.0,0.012,0.6,0.6,-27.952158,2.3024664,0.76748884,0.128,0.0,0.19275904,0.0,0.0
hardzero_only__c0p58__z1p00__lam0p000__nu0p50__psi0p00,0.093,borrow,47,907,0.0,3,-0.6,-0.6,-0.60242087,0.9871537,0.10300214,0.10300214,1.0,0.009579199,0.093,0.0,0.012,0.6,0.6,-27.475151,2.1717815,0.7239272,0.15200001,0.0,0.16355021,0.0,0.0
hardzero_only__c0p58__z1p00__lam0p000__nu0p50__psi0p00,0.093,borrow,47,908,0.0,3,-0.6,-0.6,-0.61200005,1.0124023,0.0,0.09718466,0.0,0.0,0.093,0.0,0.012,0.6,0.6,-26.610401,2.2273295,0.7424432,0.224,0.0,0.16899341,0.0,0.0
hardzero_only__c0p58__z1p00__lam0p000__nu0p50__psi0p00,0.093,borrow,47,909,0.0,3,-0.6,-0.6,-0.61200005,1.0051676,0.0,0.09881717,0.0,0.0,0.093,0.0,0.012,0.6,0.6,-25.782808,2.211413,0.7371377,0.136,0.0,0.13472855,0.0,0.0
hardzero_only__c0p58__z1p00__lam0p000__nu0p50__psi0p00,0.093,borrow,47,910,0.0,3,-0.6,-0.6,-0.60232604,0.9828772,0.10402143,0.10402143,1.0,0.009673993,0.093,0.0,0.012,0.6,0.6,-26.364668,2.162373,0.72079104,0.22,0.0,0.17574802,0.0,0.0
hardzero_only__c0p58__z1p00__lam0p000__nu0p50__psi0p00,0.093,borrow,47,911,0.0,3,-0.6,-0.6,-0.61200005,1.0426835,0.0,0.09063929,0.0,0.0,0.093,0.0,0.012,0.6,0.6,-28.073343,2.2939494,0.7646498,0.18400002,0.0,0.1662797,0.0,0.0
hardzero_only__c0p58__z1p00__lam0p000__nu0p50__psi0p00,0.093,borrow,47,912,0.0,3,-0.6,-0.6,-0.61200005,1.0477864,0.0,0.089580536,0.0,0.0,0.093,0.0,0.012,0.6,0.6,-28.040142,2.305176,0.768392,0.080000006,0.0,0.14731202,0.0,0.0
hardzero_only__c0p58__z1p00__lam0p000__nu0p50__psi0p00,0.093,borrow,47,913,0.0,3,-0.6,-0.6,-0.60155123,0.9494159,0.11235284,0.11235284,1.0,0.010448814,0.093,0.0,0.012,0.6,0.6,-26.52,2.0887568,0.6962523,0.2,0.0,0.16389555,0.0,0.0
hardzero_only__c0p58__z1p00__lam0p000__nu0p50__psi0p00,0.093,borrow,47,914,0.0,3,-0.6,-0.6,-0.61200005,1.0071009,0.0,0.09837824,0.0,0.0,0.093,0.0,0.012,0.6,0.6,-26.127058,2.2156663,0.73855543,0.192,0.0,0.14167342,0.0,0.0
hardzero_only__c0p58__z1p00__lam0p000__nu0p50__psi0p00,0.093,borrow,47,915,0.0,3,-0.6,-0.6,-0.60212857,0.9741012,0.106144816,0.106144816,1.0,0.009871468,0.093,0.0,0.012,0.6,0.6,-27.14542,2.1430655,0.7143552,0.192,0.0,0.13844164,0.0,0.0
hardzero_only__c0p58__z1p00__lam0p000__nu0p50__psi0p00,0.093,borrow,47,916,0.0,3,-0.6,-0.6,-0.61200005,1.0264283,0.0,0.0940961,0.0,0.0,0.093,0.0,0.012,0.6,0.6,-27.026121,2.2581875,0.7527292,0.096,0.008,0.16219027,0.0,0.0
hardzero_only__c0p58__z1p00__lam0p000__nu0p50__psi0p00,0.093,borrow,47,917,0.0,3,-0.6,-0.6,-0.61200005,1.0338799,0.0,0.09249539,0.0,0.0,0.093,0.0,0.012,0.6,0.6,-26.761486,2.2745812,0.75819373,0.16000001,0.0,0.17643788,0.0,0.0
hardzero_only__c0p58__z1p00__lam0p000__nu0p50__psi0p00,0.093,borrow,47,918,0.0,3,-0.6,-0.6,-0.61200005,1.034404,0.0,0.09238384,0.0,0.0,0.093,0.0,0.012,0.6,0.6,-27.27227,2.2757344,0.7585782,0.18400002,0.0,0.15260783,0.0,0.0
hardzero_only__c0p58__z1p00__lam0p000__nu0p50__psi0p00,0.093,borrow,47,919,0.0,3,-0.6,-0.6,-0.61200005,1.0060099,0.0,0.0986257,0.0,0.0,0.093,0.0,0.012,0.6,0.6,-27.01165,2.2132661,0.7377554,0.224,0.0,0.14972048,0.0,0.0
hardzero_only__c0p58__z1p00__lam0p000__nu0p50__psi0p00,0.093,borrow,47,920,0.0,3,-0.6,-0.6,-0.6017238,0.9566469,0.11049765,0.11049765,1.0,0.010276282,0.093,0.0,0.012,0.6,0.6,-26.073797,2.1046653,0.70155513,0.23200001,0.008,0.15172501,0.0,0.0
hardzero_only__c0p58__z1p00__lam0p000__nu0p50__psi0p00,0.093,borrow,47,921,0.0,3,-0.6,-0.6,-0.61200005,1.0098529,0.0,0.09775682,0.0,0.0,0.093,0.0,0.012,0.6,0.6,-27.462603,2.2217207,0.7405736,0.16000001,0.0,0.13816147,0.0,0.0
hardzero_only__c0p58__z1p00__lam0p000__nu0p50__psi0p00,0.093,borrow,47,922,0.0,3,-0.6,-0.6,-0.6023082,0.9820775,0.10421315,0.10421315,1.0,0.009691823,0.093,0.0,0.012,0.6,0.6,-26.47192,2.1606135,0.72020453,0.16800001,0.0,0.15273333,0.0,0.0
hardzero_only__c0p58__z1p00__lam0p000__nu0p50__psi0p00,0.093,borrow,47,923,0.0,3,-0.6,-0.6,-0.6019398,0.96587497,0.10817454,0.10817454,1.0,0.010060232,0.093,0.0,0.012,0.6,0.6,-26.011099,2.1249673,0.70832247,0.24,0.0,0.13440605,0.0,0.0
hardzero_only__c0p58__z1p00__lam0p000__nu0p50__psi0p00,0.093,borrow,47,924,0.0,3,-0.6,-0.6,-0.60158867,0.9509752,0.11195018,0.11195018,1.0,0.010411367,0.093,0.0,0.012,0.6,0.6,-26.130653,2.0921872,0.69739574,0.17600001,0.0,0.14301105,0.0,0.0
hardzero_only__c0p58__z1p00__lam0p000__nu0p50__psi0p00,0.093,borrow,47,925,0.0,3,-0.6,-0.6,-0.6024291,0.987528,0.10291341,0.10291341,1.0,0.009570947,0.093,0.0,0.012,0.6,0.6,-27.415787,2.172605,0.7242017,0.17600001,0.0,0.1621616,0.0,0.0
hardzero_only__c0p58__z1p00__lam0p000__nu0p50__psi0p00,0.093,borrow,47,926,0.0,3,-0.6,-0.6,-0.61200005,1.0163484,0.0,0.09630562,0.0,0.0,0.093,0.0,0.012,0.6,0.6,-26.914371,2.236011,0.745337,0.192,0.0,0.17575781,0.0,0.0
hardzero_only__c0p58__z1p00__lam0p000__nu0p50__psi0p00,0.093,borrow,47,927,0.0,3,-0.6,-0.6,-0.61200005,1.0797938,0.0,0.08321587,0.0,0.0,0.093,0.0,0.012,0.6,0.6,-28.067944,2.375594,0.79186463,0.14400001,0.0,0.15706833,0.0,0.0
hardzero_only__c0p58__z1p00__lam0p000__nu0p50__psi0p00,0.093,borrow,47,928,0.0,3,-0.6,-0.6,-0.602551,0.99309415,0.101602845,0.101602845,1.0,0.009449065,0.093,0.0,0.012,0.6,0.6,-27.54974,2.1848507,0.7282836,0.18400002,0.0,0.15698688,0.0,0.0
hardzero_only__c0p58__z1p00__lam0p000__nu0p50__psi0p00,0.093,borrow,47,929,0.0,3,-0.6,-0.6,-0.61200005,1.0217848,0.0,0.09510759,0.0,0.0,0.093,0.0,0.012,0.6,0.6,-27.04894,2.2479713,0.7493238,0.136,0.0,0.15164609,0.0,0.0
hardzero_only__c0p58__z1p00__lam0p000__nu0p50__psi0p00,0.093,borrow,47,930,0.0,3,-0.6,-0.6,-0.61200005,1.0413662,0.0,0.09091464,0.0,0.0,0.093,0.0,0.012,0.6,0.6,-27.708803,2.2910514,0.7636838,0.15200001,0.0,0.18475893,0.0,0.0
hardzero_only__c0p58__z1p00__lam0p000__nu0p50__psi0p00,0.093,borrow,47,931,0.0,3,-0.6,-0.6,-0.60235107,0.9840005,0.10375272,0.10375272,1.0,0.009649003,0.093,0.0,0.012,0.6,0.6,-27.219162,2.1648443,0.7216148,0.08800001,0.0,0.14447571,0.0,0.0
hardzero_only__c0p58__z1p00__lam0p000__nu0p50__psi0p00,0.093,borrow,47,932,0.0,3,-0.6,-0.6,-0.6017446,0.9575292,0.110273406,0.110273406,1.0,0.010255427,0.093,0.0,0.012,0.6,0.6,-26.033146,2.1066062,0.7022021,0.192,0.0,0.17110845,0.0,0.0
hardzero_only__c0p58__z1p00__lam0p000__nu0p50__psi0p00,0.093,borrow,47,933,0.0,3,-0.6,-0.6,-0.61200005,1.0218947,0.0,0.095083535,0.0,0.0,0.093,0.0,0.012,0.6,0.6,-27.177698,2.2482133,0.74940443,0.17600001,0.0,0.14639539,0.0,0.0
hardzero_only__c0p58__z1p00__lam0p000__nu0p50__psi0p00,0.093,borrow,47,934,0.0,3,-0.6,-0.6,-0.60221314,0.9778382,0.10523538,0.10523538,1.0,0.009786891,0.093,0.0,0.012,0.6,0.6,-25.488201,2.151287,0.71709573,0.16800001,0.0,0.13588797,0.0,0.0
hardzero_only__c0p58__z1p00__lam0p000__nu0p50__psi0p00,0.093,borrow,47,935,0.0,3,-0.6,-0.6,-0.61200005,1.0519925,0.0,0.08871713,0.0,0.0,0.093,0.0,0.012,0.6,0.6,-28.0181,2.3144298,0.7714766,0.112,0.0,0.21237631,0.0,0.0
hardzero_only__c0p58__z1p00__lam0p000__nu0p50__psi0p00,0.093,borrow,47,936,0.0,3,-0.6,-0.6,-0.6026436,0.99737203,0.10060694,0.10060694,1.0,0.009356446,0.093,0.0,0.012,0.6,0.6,-27.63721,2.1942623,0.73142076,0.17,0.0,0.14469095,0.0,0.0
hardzero_only__c0p58__z1p00__lam0p000__nu0p50__psi0p00,0.093,borrow,47,937,0.0,3,-0.6,-0.6,-0.6024314,0.98763335,0.10288845,0.10288845,1.0,0.009568626,0.093,0.0,0.012,0.6,0.6,-26.357693,2.1728368,0.7242789,0.2,0.008,0.18443963,0.0,0.0
hardzero_only__c0p58__z1p00__lam0p000__nu0p50__psi0p00,0.093,borrow,47,938,0.0,3,-0.6,-0.6,-0.61200005,1.0494815,0.0,0.08923155,0.0,0.0,0.093,0.0,0.012,0.6,0.6,-28.081036,2.3089054,0.76963514,0.136,0.0,0.19437581,0.0,0.0
hardzero_only__c0p58__z1p00__lam0p000__nu0p50__psi0p00,0.093,borrow,47,939,0.0,3,-0.6,-0.6,-0.61200005,1.0340627,0.0,0.09245646,0.0,0.0,0.093,0.0,0.012,0.6,0.6,-27.343258,2.2749834,0.75832784,0.14400001,0.0,0.13591637,0.0,0.0
hardzero_only__c0p58__z1p00__lam0p000__nu0p50__psi0p00,0.093,borrow,47,940,0.0,3,-0.6,-0.6,-0.61200005,1.0198734,0.0,0.095527105,0.0,0.0,0.093,0.0,0.012,0.6,0.6,-27.387348,2.2437663,0.7479221,0.16800001,0.0,0.1665504,0.0,0.0
hardzero_only__c0p58__z1p00__lam0p000__nu0p50__psi0p00,0.093,borrow,47,941,0.0,3,-0.6,-0.6,-0.61200005,1.008166,0.0,0.098137274,0.0,0.0,0.093,0.0,0.012,0.6,0.6,-26.81356,2.2180095,0.7393365,0.17600001,0.0,0.14871222,0.0,0.0
hardzero_only__c0p58__z1p00__lam0p000__nu0p50__psi0p00,0.093,borrow,47,942,0.0,3,-0.6,-0.6,-0.6023447,0.9837134,0.10382133,0.10382133,1.0,0.009655384,0.093,0.0,0.012,0.6,0.6,-26.379187,2.1642127,0.72140425,0.2,0.0,0.14673585,0.0,0.0
hardzero_only__c0p58__z1p00__lam0p000__nu0p50__psi0p00,0.093,borrow,47,943,0.0,3,-0.6,-0.6,-0.61200005,1.0370492,0.0,0.09182287,0.0,0.0,0.093,0.0,0.012,0.6,0.6,-27.145895,2.2815537,0.76051795,0.136,0.0,0.14544378,0.0,0.0
hardzero_only__c0p58__z1p00__lam0p000__nu0p50__psi0p00,0.093,borrow,47,944,0.0,3,-0.6,-0.6,-0.61200005,1.0369369,0.0,0.0918466,0.0,0.0,0.093,0.0,0.012,0.6,0.6,-27.904842,2.2813067,0.7604356,0.18400002,0.0,0.18164334,0.0,0.0
hardzero_only__c0p58__z1p00__lam0p000__nu0p50__psi0p00,0.093,borrow,47,945,0.0,3,-0.6,-0.6,-0.601606,0.95169824,0.111763954,0.111763954,1.0,0.010394048,0.093,0.0,0.012,0.6,0.6,-26.342455,2.093778,0.697926,0.192,0.0,0.15102462,0.0,0.0
hardzero_only__c0p58__z1p00__lam0p000__nu0p50__psi0p00,0.093,borrow,47,946,0.0,3,-0.6,-0.6,-0.60160774,0.9517715,0.11174509,0.11174509,1.0,0.010392293,0.093,0.0,0.012,0.6,0.6,-25.445038,2.093939,0.6979797,0.112,0.0,0.12588407,0.0,0.0
hardzero_only__c0p58__z1p00__lam0p000__nu0p50__psi0p00,0.093,borrow,47,947,0.0,3,-0.6,-0.6,-0.61200005,1.0397046,0.0,0.09126315,0.0,0.0,0.093,0.0,0.012,0.6,0.6,-28.586664,2.2873957,0.76246524,0.18400002,0.0,0.14990373,0.0,0.0
hardzero_only__c0p58__z1p00__lam0p000__nu0p50__psi0p00,0.093,borrow,47,948,0.0,3,-0.6,-0.6,-0.61200005,1.0181082,0.0,0.095916145,0.0,0.0,0.093,0.0,0.012,0.6,0.6,-26.822447,2.239883,0.7466277,0.112,0.0,0.13567661,0.0,0.0
hardzero_only__c0p58__z1p00__lam0p000__nu0p50__psi0p00,0.093,borrow,47,949,0.0,3,-0.6,-0.6,-0.6026497,0.99765563,0.100541264,0.100541264,1.0,0.009350338,0.093,0.0,0.012,0.6,0.6,-27.366806,2.1948862,0.7316288,0.22,0.0,0.16249678,0.0,0.0
hardzero_only__c0p58__z1p00__lam0p000__nu0p50__psi0p00,0.093,borrow,47,950,0.0,3,-0.6,-0.6,-0.6011947,0.9348441,0.11618656,0.11618656,1.0,0.01080535,0.093,0.0,0.012,0.6,0.6,-26.518332,2.056698,0.68556607,0.216,0.008,0.14811234,0.0,0.0
hardzero_only__c0p58__z1p00__lam0p000__nu0p50__psi0p00,0.093,borrow,47,951,0.0,3,-0.6,-0.6,-0.61200005,1.01816,0.0,0.09590473,0.0,0.0,0.093,0.0,0.012,0.6,0.6,-27.340193,2.2399967,0.7466656,0.16800001,0.0,0.15352374,0.0,0.0
hardzero_only__c0p58__z1p00__lam0p000__nu0p50__psi0p00,0.093,borrow,47,952,0.0,3,-0.6,-0.6,-0.61200005,1.0135887,0.0,0.09691954,0.0,0.0,0.093,0.0,0.012,0.6,0.6,-26.704462,2.2299397,0.74331325,0.128,0.0,0.14973427,0.0,0.0
hardzero_only__c0p58__z1p00__lam0p000__nu0p50__psi0p00,0.093,borrow,47,953,0.0,3,-0.6,-0.6,-0.60145986,0.945635,0.11333524,0.11333524,1.0,0.010540177,0.093,0.0,0.012,0.6,0.6,-26.26527,2.0804386,0.69347954,0.208,0.0,0.14794162,0.0,0.0
hardzero_only__c0p58__z1p00__lam0p000__nu0p50__psi0p00,0.093,borrow,47,954,0.0,3,-0.6,-0.6,-0.6026234,0.9964343,0.100824416,0.100824416,1.0,0.009376671,0.093,0.0,0.012,0.6,0.6,-25.940971,2.1921992,0.7307331,0.16800001,0.0,0.15218028,0.0,0.0
hardzero_only__c0p58__z1p00__lam0p000__nu0p50__psi0p00,0.093,borrow,47,955,0.0,3,-0.6,-0.6,-0.6018996,0.96414405,0.10860655,0.10860655,1.0,0.010100409,0.093,0.0,0.012,0.6,0.6,-26.88714,2.1211593,0.7070531,0.16800001,0.0,0.14186572,0.0,0.0
hardzero_only__c0p58__z1p00__lam0p000__nu0p50__psi0p00,0.093,borrow,47,956,0.0,3,-0.6,-0.6,-0.61200005,1.0264772,0.0,0.09408552,0.0,0.0,0.093,0.0,0.012,0.6,0.6,-27.367264,2.258295,0.75276506,0.23200001,0.0,0.15094556,0.0,0.0
hardzero_only__c0p58__z1p00__lam0p000__nu0p50__psi0p00,0.093,borrow,47,957,0.0,3,-0.6,-0.6,-0.601786,0.959286,0.10982825,0.10982825,1.0,0.010214027,0.093,0.0,0.012,0.6,0.6,-26.031876,2.1104712,0.70349044,0.18400002,0.0,0.16154437,0.0,0.0
hardzero_only__c0p58__z1p00__lam0p000__nu0p50__psi0p00,0.093,borrow,47,958,0.0,3,-0.6,-0.6,-0.60107166,0.9299255,0.117509894,0.117509894,1.0,0.01092842,0.093,0.0,0.012,0.6,0.6,-26.278568,2.045877,0.68195903,0.2,0.0,0.13183537,0.0,0.0
hardzero_only__c0p58__z1p00__lam0p000__nu0p50__psi0p00,0.093,borrow,47,959,0.0,3,-0.6,-0.6,-0.61200005,1.0221467,0.0,0.09502837,0.0,0.0,0.093,0.0,0.012,0.6,0.6,-27.031994,2.2487676,0.7495892,0.136,0.0,0.1492345,0.0,0.0
hardzero_only__c0p58__z1p00__lam0p000__nu0p50__psi0p00,0.093,borrow,47,960,0.0,3,-0.6,-0.6,-0.60213375,0.97432965,0.10608901,0.10608901,1.0,0.009866279,0.093,0.0,0.012,0.6,0.6,-26.412764,2.143568,0.7145227,0.15200001,0.0,0.15673816,0.0,0.0
hardzero_only__c0p58__z1p00__lam0p000__nu0p50__psi0p00,0.093,borrow,47,961,0.0,3,-0.6,-0.6,-0.61200005,1.0191756,0.0,0.09568071,0.0,0.0,0.093,0.0,0.012,0.6,0.6,-27.336927,2.2422311,0.7474104,0.17600001,0.0,0.1523282,0.0,0.0
hardzero_only__c0p58__z1p00__lam0p000__nu0p50__psi0p00,0.093,borrow,47,962,0.0,3,-0.6,-0.6,-0.6026593,0.9981007,0.10043828,0.10043828,1.0,0.00934076,0.093,0.0,0.012,0.6,0.6,-27.039207,2.1958654,0.7319552,0.13,0.0,0.16140494,0.0,0.0
hardzero_only__c0p58__z1p00__lam0p000__nu0p50__psi0p00,0.093,borrow,47,963,0.0,3,-0.6,-0.6,-0.61200005,1.0141976,0.0,0.096783735,0.0,0.0,0.093,0.0,0.012,0.6,0.6,-26.997036,2.2312794,0.7437598,0.16000001,0.0,0.14777993,0.0,0.0
hardzero_only__c0p58__z1p00__lam0p000__nu0p50__psi0p00,0.093,borrow,47,964,0.0,3,-0.6,-0.6,-0.61200005,1.0090251,0.0,0.09794333,0.0,0.0,0.093,0.0,0.012,0.6,0.6,-27.39537,2.2198994,0.7399665,0.136,0.0,0.1414891,0.0,0.0
hardzero_only__c0p58__z1p00__lam0p000__nu0p50__psi0p00,0.093,borrow,47,965,0.0,3,-0.6,-0.6,-0.61200005,1.0204929,0.0,0.09539094,0.0,0.0,0.093,0.0,0.012,0.6,0.6,-26.936613,2.2451293,0.7483765,0.112,0.0,0.14952274,0.0,0.0
hardzero_only__c0p58__z1p00__lam0p000__nu0p50__psi0p00,0.093,borrow,47,966,0.0,3,-0.6,-0.6,-0.61200005,1.0142548,0.0,0.096770994,0.0,0.0,0.093,0.0,0.012,0.6,0.6,-27.161606,2.231405,0.7438017,0.14400001,0.0,0.15776987,0.0,0.0
hardzero_only__c0p58__z1p00__lam0p000__nu0p50__psi0p00,0.093,borrow,47,967,0.0,3,-0.6,-0.6,-0.6019843,0.96779996,0.107696116,0.107696116,1.0,0.010015739,0.093,0.0,0.012,0.6,0.6,-26.465563,2.1292024,0.70973414,0.208,0.0,0.17716502,0.0,0.0
hardzero_only__c0p58__z1p00__lam0p000__nu0p50__psi0p00,0.093,borrow,47,968,0.0,3,-0.6,-0.6,-0.60229,0.9812593,0.104409665,0.104409665,1.0,0.009710099,0.093,0.0,0.012,0.6,0.6,-26.467361,2.1588135,0.7196045,0.128,0.0,0.132621,0.0,0.0
hardzero_only__c0p58__z1p00__lam0p000__nu0p50__psi0p00,0.093,borrow,47,969,0.0,3,-0.6,-0.6,-0.6020229,0.9694768,0.10728108,0.10728108,1.0,0.00997714,0.093,0.0,0.012,0.6,0.6,-27.101536,2.1328917,0.7109639,0.16000001,0.0,0.16504711,0.0,0.0
hardzero_only__c0p58__z1p00__lam0p000__nu0p50__psi0p00,0.093,borrow,47,970,0.0,3,-0.6,-0.6,-0.61200005,1.0080912,0.0,0.09815417,0.0,0.0,0.093,0.0,0.012,0.6,0.6,-26.718601,2.217845,0.73928165,0.128,0.0,0.13769044,0.0,0.0
hardzero_only__c0p58__z1p00__lam0p000__nu0p50__psi0p00,0.093,borrow,47,971,0.0,3,-0.6,-0.6,-0.61200005,1.0286925,0.0,0.093606815,0.0,0.0,0.093,0.0,0.012,0.6,0.6,-28.025303,2.2631686,0.7543895,0.16000001,0.0,0.1586719,0.0,0.0
hardzero_only__c0p58__z1p00__lam0p000__nu0p50__psi0p00,0.093,borrow,47,972,0.0,3,-0.6,-0.6,-0.61200005,1.0024759,0.0,0.09943154,0.0,0.0,0.093,0.0,0.012,0.6,0.6,-26.436312,2.2054908,0.7351636,0.208,0.0,0.14838085,0.0,0.0
hardzero_only__c0p58__z1p00__lam0p000__nu0p50__psi0p00,0.093,borrow,47,973,0.0,3,-0.6,-0.6,-0.602395,0.9859832,0.10328014,0.10328014,1.0,0.009605054,0.093,0.0,0.012,0.6,0.6,-25.989641,2.1692064,0.72306883,0.16800001,0.0,0.13960196,0.0,0.0
hardzero_only__c0p58__z1p00__lam0p000__nu0p50__psi0p00,0.093,borrow,47,974,0.0,3,-0.6,-0.6,-0.60263133,0.9968018,0.10073912,0.10073912,1.0,0.009368738,0.093,0.0,0.012,0.6,0.6,-27.350103,2.1930077,0.73100257,0.112,0.0,0.15869832,0.0,0.0
hardzero_only__c0p58__z1p00__lam0p000__nu0p50__psi0p00,0.093,borrow,47,975,0.0,3,-0.6,-0.6,-0.6020545,0.9708528,0.106941715,0.106941715,1.0,0.00994558,0.093,0.0,0.012,0.6,0.6,-26.621717,2.1359189,0.71197295,0.25,0.0,0.14726983,0.0,0.0
hardzero_only__c0p58__z1p00__lam0p000__nu0p50__psi0p00,0.093,borrow,47,976,0.0,3,-0.6,-0.6,-0.60168105,0.9548459,0.11095685,0.11095685,1.0,0.010318987,0.093,0.0,0.012,0.6,0.6,-26.611437,2.100703,0.70023435,0.208,0.0,0.15146147,0.0,0.0
hardzero_only__c0p58__z1p00__lam0p000__nu0p50__psi0p00,0.093,borrow,47,977,0.0,3,-0.6,-0.6,-0.6026784,0.99899,0.100232825,0.100232825,1.0,0.009321653,0.093,0.0,0.012,0.6,0.6,-26.808899,2.1978219,0.7326073,0.208,0.0,0.17683703,0.0,0.0
hardzero_only__c0p58__z1p00__lam0p000__nu0p50__psi0p00,0.093,borrow,47,978,0.0,3,-0.6,-0.6,-0.61200005,1.0194607,0.0,0.09561793,0.0,0.0,0.093,0.0,0.012,0.6,0.6,-27.135477,2.2428582,0.7476194,0.18400002,0.0,0.176299,0.0,0.0
hardzero_only__c0p58__z1p00__lam0p000__nu0p50__psi0p00,0.093,borrow,47,979,0.0,3,-0.6,-0.6,-0.6023345,0.9832561,0.1039307,0.1039307,1.0,0.009665555,0.093,0.0,0.012,0.6,0.6,-26.272785,2.1632066,0.72106886,0.216,0.0,0.16000251,0.0,0.0
hardzero_only__c0p58__z1p00__lam0p000__nu0p50__psi0p00,0.093,borrow,47,980,0.0,3,-0.6,-0.6,-0.61200005,1.0493733,0.0,0.08925381,0.0,0.0,0.093,0.0,0.012,0.6,0.6,-28.281239,2.3086674,0.7695558,0.15200001,0.0,0.17139685,0.0,0.0
hardzero_only__c0p58__z1p00__lam0p000__nu0p50__psi0p00,0.093,borrow,47,981,0.0,3,-0.6,-0.6,-0.60207045,0.9715504,0.10677009,0.10677009,1.0,0.009929619,0.093,0.0,0.012,0.6,0.6,-27.056616,2.1374536,0.71248454,0.16800001,0.0,0.13654567,0.0,0.0
hardzero_only__c0p58__z1p00__lam0p000__nu0p50__psi0p00,0.093,borrow,47,982,0.0,3,-0.6,-0.6,-0.61200005,1.0151526,0.0,0.09657115,0.0,0.0,0.093,0.0,0.012,0.6,0.6,-27.979103,2.2333803,0.7444601,0.24000001,0.016,0.18560547,0.0,0.0
hardzero_only__c0p58__z1p00__lam0p000__nu0p50__psi0p00,0.093,borrow,47,983,0.0,3,-0.6,-0.6,-0.60159725,0.95133376,0.11185779,0.11185779,1.0,0.010402774,0.093,0.0,0.012,0.6,0.6,-25.93493,2.092976,0.6976587,0.15200001,0.0,0.12906517,0.0,0.0
hardzero_only__c0p58__z1p00__lam0p000__nu0p50__psi0p00,0.093,borrow,47,984,0.0,3,-0.6,-0.6,-0.61200005,1.0537981,0.0,0.08834905,0.0,0.0,0.093,0.0,0.012,0.6,0.6,-28.390305,2.318402,0.7728007,0.120000005,0.0,0.14919598,0.0,0.0
hardzero_only__c0p58__z1p00__lam0p000__nu0p50__psi0p00,0.093,borrow,47,985,0.0,3,-0.6,-0.6,-0.60245526,0.9887164,0.10263219,0.10263219,1.0,0.0095447935,0.093,0.0,0.012,0.6,0.6,-27.175491,2.1752195,0.7250732,0.192,0.0,0.14743505,0.0,0.0
hardzero_only__c0p58__z1p00__lam0p000__nu0p50__psi0p00,0.093,borrow,47,986,0.0,3,-0.6,-0.6,-0.61200005,1.0448484,0.0,0.09018857,0.0,0.0,0.093,0.0,0.012,0.6,0.6,-28.256092,2.2987125,0.7662375,0.15200001,0.0,0.1837862,0.0,0.0
hardzero_only__c0p58__z1p00__lam0p000__nu0p50__psi0p00,0.093,borrow,47,987,0.0,3,-0.6,-0.6,-0.6018409,0.9616274,0.10923769,0.10923769,1.0,0.010159106,0.093,0.0,0.012,0.6,0.6,-25.8024,2.1156225,0.7052075,0.16800001,0.0,0.14297722,0.0,0.0
hardzero_only__c0p58__z1p00__lam0p000__nu0p50__psi0p00,0.093,borrow,47,988,0.0,3,-0.6,-0.6,-0.6025464,0.99288213,0.101652466,0.101652466,1.0,0.009453679,0.093,0.0,0.012,0.6,0.6,-26.822912,2.1843843,0.72812814,0.19999999,0.0,0.1489559,0.0,0.0
hardzero_only__c0p58__z1p00__lam0p000__nu0p50__psi0p00,0.093,borrow,47,989,0.0,3,-0.6,-0.6,-0.6026796,0.9990471,0.10021966,0.10021966,1.0,0.009320429,0.093,0.0,0.012,0.6,0.6,-26.500051,2.1979475,0.7326492,0.112,0.0,0.13576645,0.0,0.0
hardzero_only__c0p58__z1p00__lam0p000__nu0p50__psi0p00,0.093,borrow,47,990,0.0,3,-0.6,-0.6,-0.6021566,0.97533554,0.10584356,0.10584356,1.0,0.009843451,0.093,0.0,0.012,0.6,0.6,-26.912506,2.145781,0.7152604,0.18400002,0.0,0.12867951,0.0,0.0
hardzero_only__c0p58__z1p00__lam0p000__nu0p50__psi0p00,0.093,borrow,47,991,0.0,3,-0.6,-0.6,-0.61200005,1.00423,0.0,0.09903074,0.0,0.0,0.093,0.0,0.012,0.6,0.6,-26.78886,2.20935,0.7364501,0.216,0.0,0.14973938,0.0,0.0
hardzero_only__c0p58__z1p00__lam0p000__nu0p50__psi0p00,0.093,borrow,47,992,0.0,3,-0.6,-0.6,-0.61200005,1.0023137,0.0,0.09946867,0.0,0.0,0.093,0.0,0.012,0.6,0.6,-27.037983,2.2051342,0.7350447,0.2,0.0,0.1861472,0.0,0.0
hardzero_only__c0p58__z1p00__lam0p000__nu0p50__psi0p00,0.093,borrow,47,993,0.0,3,-0.6,-0.6,-0.60210675,0.9731416,0.1063796,0.1063796,1.0,0.009893303,0.093,0.0,0.012,0.6,0.6,-26.790394,2.1409543,0.7136514,0.18400002,0.0,0.14857389,0.0,0.0
hardzero_only__c0p58__z1p00__lam0p000__nu0p50__psi0p00,0.093,borrow,47,994,0.0,3,-0.6,-0.6,-0.6012703,0.9378951,0.11537318,0.11537318,1.0,0.010729706,0.093,0.0,0.012,0.6,0.6,-25.584549,2.0634105,0.6878035,0.2,0.0,0.15220395,0.0,0.0
hardzero_only__c0p58__z1p00__lam0p000__nu0p50__psi0p00,0.093,borrow,47,995,0.0,3,-0.6,-0.6,-0.61200005,1.0074263,0.0,0.09830458,0.0,0.0,0.093,0.0,0.012,0.6,0.6,-26.978197,2.216382,0.738794,0.128,0.0,0.16116782,0.0,0.0
hardzero_only__c0p58__z1p00__lam0p000__nu0p50__psi0p00,0.093,borrow,47,996,0.0,3,-0.6,-0.6,-0.61200005,1.0072358,0.0,0.09834771,0.0,0.0,0.093,0.0,0.012,0.6,0.6,-27.682,2.215963,0.7386543,0.17600001,0.0,0.15011473,0.0,0.0
hardzero_only__c0p58__z1p00__lam0p000__nu0p50__psi0p00,0.093,borrow,47,997,0.0,3,-0.6,-0.6,-0.61200005,1.0400348,0.0,0.09119379,0.0,0.0,0.093,0.0,0.012,0.6,0.6,-27.634954,2.2881222,0.7627074,0.096,0.0,0.15759712,0.0,0.0
hardzero_only__c0p58__z1p00__lam0p000__nu0p50__psi0p00,0.093,borrow,47,998,0.0,3,-0.6,-0.6,-0.602474,0.9895681,0.102431096,0.102431096,1.0,0.009526093,0.093,0.0,0.012,0.6,0.6,-26.994835,2.1770933,0.72569776,0.128,0.0,0.1634505,0.0,0.0
hardzero_only__c0p58__z1p00__lam0p000__nu0p50__psi0p00,0.093,borrow,47,999,0.0,3,-0.6,-0.6,-0.61200005,1.0172969,0.0,0.09609551,0.0,0.0,0.093,0.0,0.012,0.6,0.6,-26.863611,2.238098,0.74603266,0.16000001,0.0,0.16190007,0.0,0.0
hardzero_only__c0p58__z1p00__lam0p000__nu0p50__psi0p00,0.093,borrow,47,1000,0.0,3,-0.6,-0.6,-0.61200005,1.0294352,0.0,0.09344689,0.0,0.0,0.093,0.0,0.012,0.6,0.6,-27.051416,2.2648025,0.7549342,0.17600001,0.0,0.18609627,0.0,0.0
hardzero_only__c0p58__z1p00__lam0p000__nu0p50__psi0p00,0.093,borrow,47,1001,0.0,3,-0.6,-0.6,-0.61200005,1.0612499,0.0,0.08684606,0.0,0.0,0.093,0.0,0.012,0.6,0.6,-28.333393,2.3347962,0.7782654,0.14999999,0.0,0.16316473,0.0,0.0
hardzero_only__c0p58__z1p00__lam0p000__nu0p50__psi0p00,0.093,borrow,47,1002,0.0,3,-0.6,-0.6,-0.61200005,1.070242,0.0,0.08506637,0.0,0.0,0.093,0.0,0.012,0.6,0.6,-27.86293,2.3545794,0.78485984,0.128,0.0,0.16954565,0.0,0.0
hardzero_only__c0p58__z1p00__lam0p000__nu0p50__psi0p00,0.093,borrow,47,1003,0.0,3,-0.6,-0.6,-0.61200005,1.0135201,0.0,0.09693483,0.0,0.0,0.093,0.0,0.012,0.6,0.6,-26.928925,2.2297888,0.74326295,0.136,0.0,0.17503524,0.0,0.0
hardzero_only__c0p58__z1p00__lam0p000__nu0p50__psi0p00,0.093,borrow,47,1004,0.0,3,-0.6,-0.6,-0.61200005,1.0102988,0.0,0.09765648,0.0,0.0,0.093,0.0,0.012,0.6,0.6,-26.322247,2.2227018,0.74090064,0.16800001,0.0,0.1330263,0.0,0.0
hardzero_only__c0p58__z1p00__lam0p000__nu0p50__psi0p00,0.093,borrow,47,1005,0.0,3,-0.6,-0.6,-0.6012602,0.9374853,0.11548211,0.11548211,1.0,0.010739836,0.093,0.0,0.012,0.6,0.6,-26.08981,2.0625088,0.687503,0.23200001,0.008,0.14621349,0.0,0.0
hardzero_only__c0p58__z1p00__lam0p000__nu0p50__psi0p00,0.093,borrow,47,1006,0.0,3,-0.6,-0.6,-0.60202235,0.96945244,0.107287094,0.107287094,1.0,0.0099777,0.093,0.0,0.012,0.6,0.6,-25.91402,2.132838,0.710946,0.14400001,0.0,0.16067947,0.0,0.0
hardzero_only__c0p58__z1p00__lam0p000__nu0p50__psi0p00,0.093,borrow,47,1007,0.0,3,-0.6,-0.6,-0.61200005,1.0268011,0.0,0.094015375,0.0,0.0,0.093,0.0,0.012,0.6,0.6,-27.985962,2.2590075,0.7530025,0.16800001,0.0,0.18875763,0.0,0.0
hardzero_only__c0p58__z1p00__lam0p000__nu0p50__psi0p00,0.093,borrow,47,1008,0.0,3,-0.6,-0.6,-0.6023142,0.9823435,0.104149334,0.104149334,1.0,0.009685888,0.093,0.0,0.012,0.6,0.6,-26.803276,2.1611989,0.7203996,0.15200001,0.0,0.15702207,0.0,0.0
hardzero_only__c0p58__z1p00__lam0p000__nu0p50__psi0p00,0.093,borrow,47,1009,0.0,3,-0.6,-0.6,-0.60177046,0.9586241,0.10999575,0.10999575,1.0,0.010229605,0.093,0.0,0.012,0.6,0.6,-26.014454,2.1090152,0.7030051,0.208,0.0,0.1345805,0.0,0.0
hardzero_only__c0p58__z1p00__lam0p000__nu0p50__psi0p00,0.093,borrow,47,1010,0.0,3,-0.6,-0.6,-0.60267055,0.99862486,0.10031715,0.10031715,1.0,0.009329495,0.093,0.0,0.012,0.6,0.6,-27.231077,2.1970186,0.73233956,0.2,0.0,0.14911993,0.0,0.0
hardzero_only__c0p58__z1p00__lam0p000__nu0p50__psi0p00,0.093,borrow,47,1011,0.0,3,-0.6,-0.6,-0.60246164,0.9890076,0.102563396,0.102563396,1.0,0.009538396,0.093,0.0,0.012,0.6,0.6,-26.604637,2.1758602,0.7252867,0.136,0.0,0.1534862,0.0,0.0
hardzero_only__c0p58__z1p00__lam0p000__nu0p50__psi0p00,0.093,borrow,47,1012,0.0,3,-0.6,-0.6,-0.61200005,1.0401229,0.0,0.091175295,0.0,0.0,0.093,0.0,0.012,0.6,0.6,-27.217052,2.288316,0.762772,0.136,0.0,0.15151466,0.0,0.0
hardzero_only__c0p58__z1p00__lam0p000__nu0p50__psi0p00,0.093,borrow,47,1013,0.0,3,-0.6,-0.6,-0.61200005,1.0317826,0.0,0.092943154,0.0,0.0,0.093,0.0,0.012,0.6,0.6,-27.566833,2.269967,0.7566557,0.104,0.0,0.15483104,0.0,0.0
hardzero_only__c0p58__z1p00__lam0p000__nu0p50__psi0p00,0.093,borrow,47,1014,0.0,3,-0.6,-0.6,-0.61200005,1.0405507,0.0,0.09108551,0.0,0.0,0.093,0.0,0.012,0.6,0.6,-27.596249,2.2892573,0.7630858,0.12,0.0,0.17809789,0.0,0.0
hardzero_only__c0p58__z1p00__lam0p000__nu0p50__psi0p00,0.093,borrow,47,1015,0.0,3,-0.6,-0.6,-0.61200005,1.0331991,0.0,0.092640504,0.0,0.0,0.093,0.0,0.012,0.6,0.6,-27.218227,2.2730834,0.7576945,0.2,0.0,0.15976499,0.0,0.0
hardzero_only__c0p58__z1p00__lam0p000__nu0p50__psi0p00,0.093,borrow,47,1016,0.0,3,-0.6,-0.6,-0.602599,0.99530673,0.10108651,0.10108651,1.0,0.009401046,0.093,0.0,0.012,0.6,0.6,-26.744944,2.1897185,0.7299062,0.120000005,0.0,0.13704199,0.0,0.0
hardzero_only__c0p58__z1p00__lam0p000__nu0p50__psi0p00,0.093,borrow,47,1017,0.0,3,-0.6,-0.6,-0.6022255,0.97838646,0.10510261,0.10510261,1.0,0.009774543,0.093,0.0,0.012,0.6,0.6,-26.816925,2.1524932,0.71749777,0.14400001,0.0,0.16656232,0.0,0.0
hardzero_only__c0p58__z1p00__lam0p000__nu0p50__psi0p00,0.093,borrow,47,1018,0.0,3,-0.6,-0.6,-0.6026133,0.9959657,0.10093325,0.10093325,1.0,0.009386792,0.093,0.0,0.012,0.6,0.6,-26.948431,2.1911683,0.7303895,0.192,0.008,0.146755,0.0,0.0
hardzero_only__c0p58__z1p00__lam0p000__nu0p50__psi0p00,0.093,borrow,47,1019,0.0,3,-0.6,-0.6,-0.6020342,0.96997017,0.10715927,0.10715927,1.0,0.009965813,0.093,0.0,0.012,0.6,0.6,-26.266783,2.133977,0.71132565,0.224,0.0,0.15110637,0.0,0.0
hardzero_only__c0p58__z1p00__lam0p000__nu0p50__psi0p00,0.093,borrow,47,1020,0.0,3,-0.6,-0.6,-0.61200005,1.0587184,0.0,0.087353736,0.0,0.0,0.093,0.0,0.012,0.6,0.6,-27.860716,2.3292272,0.7764091,0.16000001,0.0,0.15550375,0.0,0.0
hardzero_only__c0p58__z1p00__lam0p000__nu0p50__psi0p00,0.093,borrow,47,1021,0.0,3,-0.6,-0.6,-0.60177517,0.9588243,0.109945066,0.109945066,1.0,0.010224892,0.093,0.0,0.012,0.6,0.6,-26.034817,2.1094556,0.7031519,0.224,0.0,0.14915118,0.0,0.0
hardzero_only__c0p58__z1p00__lam0p000__nu0p50__psi0p00,0.093,borrow,47,1022,0.0,3,-0.6,-0.6,-0.61200005,1.0185843,0.0,0.09581108,0.0,0.0,0.093,0.0,0.012,0.6,0.6,-27.205698,2.24093,0.74697673,0.112,0.0,0.14605744,0.0,0.0
hardzero_only__c0p58__z1p00__lam0p000__nu0p50__psi0p00,0.093,borrow,47,1023,0.0,3,-0.6,-0.6,-0.60235095,0.9839956,0.10375388,0.10375388,1.0,0.009649111,0.093,0.0,0.012,0.6,0.6,-26.25892,2.1648335,0.7216112,0.17600001,0.0,0.1278226,0.0,0.0
hardzero_only__c0p58__z1p00__lam0p000__nu0p50__psi0p00,0.093,borrow,47,1024,0.0,3,-0.6,-0.6,-0.61200005,1.0328163,0.0,0.0927222,0.0,0.0,0.093,0.0,0.012,0.6,0.6,-27.79913,2.272241,0.75741374,0.14400001,0.0,0.16277781,0.0,0.0
hardzero_only__c0p58__z1p00__lam0p000__nu0p50__psi0p00,0.093,borrow,47,1025,0.0,3,-0.6,-0.6,-0.6023673,0.984731,0.10357835,0.10357835,1.0,0.009632787,0.093,0.0,0.012,0.6,0.6,-26.579826,2.1664515,0.7221505,0.192,0.008,0.14262891,0.0,0.0
hardzero_only__c0p58__z1p00__lam0p000__nu0p50__psi0p00,0.093,borrow,47,1026,0.0,3,-0.6,-0.6,-0.60191447,0.9647815,0.10844723,0.10844723,1.0,0.010085593,0.093,0.0,0.012,0.6,0.6,-26.59328,2.1225617,0.7075206,0.216,0.0,0.14707619,0.0,0.0
hardzero_only__c0p58__z1p00__lam0p000__nu0p50__psi0p00,0.093,borrow,47,1027,0.0,3,-0.6,-0.6,-0.60223824,0.9789536,0.10496546,0.10496546,1.0,0.009761788,0.093,0.0,0.012,0.6,0.6,-26.702667,2.153741,0.7179136,0.17999999,0.0,0.1601611,0.0,0.0
hardzero_only__c0p58__z1p00__lam0p000__nu0p50__psi0p00,0.093,borrow,47,1028,0.0,3,-0.6,-0.6,-0.61200005,1.0440086,0.0,0.09036315,0.0,0.0,0.093,0.0,0.012,0.6,0.6,-27.76585,2.2968647,0.7656216,0.136,0.0,0.17354865,0.0,0.0
hardzero_only__c0p58__z1p00__lam0p000__nu0p50__psi0p00,0.093,borrow,47,1029,0.0,3,-0.6,-0.6,-0.61200005,1.0029466,0.0,0.0993238,0.0,0.0,0.093,0.0,0.012,0.6,0.6,-27.421316,2.2065265,0.73550886,0.16800001,0.0,0.16444242,0.0,0.0
hardzero_only__c0p58__z1p00__lam0p000__nu0p50__psi0p00,0.093,borrow,47,1030,0.0,3,-0.6,-0.6,-0.6026251,0.9965132,0.1008061,0.1008061,1.0,0.009374968,0.093,0.0,0.012,0.6,0.6,-26.453339,2.1923728,0.730791,0.208,0.008,0.13494001,0.0,0.0
hardzero_only__c0p58__z1p00__lam0p000__nu0p50__psi0p00,0.093,borrow,47,1031,0.0,3,-0.6,-0.6,-0.61200005,1.07786,0.0,0.08358724,0.0,0.0,0.093,0.0,0.012,0.6,0.6,-28.28929,2.3713393,0.79044646,0.18400002,0.0,0.17375156,0.0,0.0
hardzero_only__c0p58__z1p00__lam0p000__nu0p50__psi0p00,0.093,borrow,47,1032,0.0,3,-0.6,-0.6,-0.61200005,1.0522034,0.0,0.08867405,0.0,0.0,0.093,0.0,0.012,0.6,0.6,-27.997835,2.3148937,0.77163124,0.128,0.0,0.16522565,0.0,0.0
hardzero_only__c0p58__z1p00__lam0p000__nu0p50__psi0p00,0.093,borrow,47,1033,0.0,3,-0.6,-0.6,-0.6024732,0.98953414,0.10243913,0.10243913,1.0,0.0095268395,0.093,0.0,0.012,0.6,0.6,-26.21609,2.1770186,0.7256729,0.192,0.008,0.1591246,0.0,0.0
hardzero_only__c0p58__z1p00__lam0p000__nu0p50__psi0p00,0.093,borrow,47,1034,0.0,3,-0.6,-0.6,-0.6020449,0.9704343,0.10704483,0.10704483,1.0,0.00995517,0.093,0.0,0.012,0.6,0.6,-26.374002,2.134998,0.71166605,0.16000001,0.0,0.13941365,0.0,0.0
hardzero_only__c0p58__z1p00__lam0p000__nu0p50__psi0p00,0.093,borrow,47,1035,0.0,3,-0.6,-0.6,-0.6022891,0.981221,0.10441888,0.10441888,1.0,0.009710956,0.093,0.0,0.012,0.6,0.6,-26.791777,2.1587293,0.7195765,0.104,0.0,0.14645635,0.0,0.0
hardzero_only__c0p58__z1p00__lam0p000__nu0p50__psi0p00,0.093,borrow,47,1036,0.0,3,-0.6,-0.6,-0.6025771,0.99429584,0.101322085,0.101322085,1.0,0.009422954,0.093,0.0,0.012,0.6,0.6,-26.263214,2.1874945,0.72916484,0.14400001,0.0,0.15016843,0.0,0.0
hardzero_only__c0p58__z1p00__lam0p000__nu0p50__psi0p00,0.093,borrow,47,1037,0.0,3,-0.6,-0.6,-0.6021829,0.97649854,0.105560504,0.105560504,1.0,0.009817127,0.093,0.0,0.012,0.6,0.6,-26.281126,2.1483397,0.71611327,0.23200001,0.0,0.13237414,0.0,0.0
hardzero_only__c0p58__z1p00__lam0p000__nu0p50__psi0p00,0.093,borrow,47,1038,0.0,3,-0.6,-0.6,-0.61200005,1.0115039,0.0,0.0973859,0.0,0.0,0.093,0.0,0.012,0.6,0.6,-27.025639,2.225353,0.74178433,0.18400002,0.0,0.1554652,0.0,0.0
hardzero_only__c0p58__z1p00__lam0p000__nu0p50__psi0p00,0.093,borrow,47,1039,0.0,3,-0.6,-0.6,-0.61200005,1.0276461,0.0,0.09383263,0.0,0.0,0.093,0.0,0.012,0.6,0.6,-28.580376,2.2608664,0.7536222,0.15200001,0.0,0.16969037,0.0,0.0
hardzero_only__c0p58__z1p00__lam0p000__nu0p50__psi0p00,0.093,borrow,47,1040,0.0,3,-0.6,-0.6,-0.60074216,0.917027,0.12105229,0.12105229,1.0,0.011257863,0.093,0.0,0.012,0.6,0.6,-25.24836,2.0174997,0.6724999,0.17999999,0.0,0.16356377,0.0,0.0
hardzero_only__c0p58__z1p00__lam0p000__nu0p50__psi0p00,0.093,borrow,47,1041,0.0,3,-0.6,-0.6,-0.61200005,1.027595,0.0,0.093843654,0.0,0.0,0.093,0.0,0.012,0.6,0.6,-28.044657,2.260754,0.75358474,0.136,0.0,0.15396228,0.0,0.0
hardzero_only__c0p58__z1p00__lam0p000__nu0p50__psi0p00,0.093,borrow,47,1042,0.0,3,-0.6,-0.6,-0.602012,0.9690024,0.107398346,0.107398346,1.0,0.009988046,0.093,0.0,0.012,0.6,0.6,-25.931536,2.1318479,0.710616,0.16800001,0.0,0.15055472,0.0,0.0
hardzero_only__c0p58__z1p00__lam0p000__nu0p50__psi0p00,0.093,borrow,47,1043,0.0,3,-0.6,-0.6,-0.61200005,1.0155966,0.0,0.096472465,0.0,0.0,0.093,0.0,0.012,0.6,0.6,-26.97324,2.234357,0.7447857,0.15200001,0.0,0.14564931,0.0,0.0
hardzero_only__c0p58__z1p00__lam0p000__nu0p50__psi0p00,0.093,borrow,47,1044,0.0,3,-0.6,-0.6,-0.60205007,0.9706612,0.1069889,0.1069889,1.0,0.009949968,0.093,0.0,0.012,0.6,0.6,-26.415329,2.1354973,0.71183246,0.14400001,0.0,0.14631566,0.0,0.0
hardzero_only__c0p58__z1p00__lam0p000__nu0p50__psi0p00,0.093,borrow,47,1045,0.0,3,-0.6,-0.6,-0.61200005,1.0197017,0.0,0.09556487,0.0,0.0,0.093,0.0,0.012,0.6,0.6,-27.684046,2.2433887,0.74779624,0.18400002,0.008,0.15694912,0.0,0.0
hardzero_only__c0p58__z1p00__lam0p000__nu0p50__psi0p00,0.093,borrow,47,1046,0.0,3,-0.6,-0.6,-0.6013016,0.93916166,0.1150372,0.1150372,1.0,0.01069846,0.093,0.0,0.012,0.6,0.6,-25.18335,2.066197,0.6887323,0.2,0.0,0.11439722,0.0,0.0
hardzero_only__c0p58__z1p00__lam0p000__nu0p50__psi0p00,0.093,borrow,47,1047,0.0,3,-0.6,-0.6,-0.6018899,0.96372586,0.10871115,0.10871115,1.0,0.010110137,0.093,0.0,0.012,0.6,0.6,-26.115833,2.1202393,0.70674646,0.208,0.0,0.14711182,0.0,0.0
hardzero_only__c0p58__z1p00__lam0p000__nu0p50__psi0p00,0.093,borrow,47,1048,0.0,3,-0.6,-0.6,-0.6018376,0.96148264,0.10927414,0.10927414,1.0,0.010162495,0.093,0.0,0.012,0.6,0.6,-26.641075,2.115304,0.7051014,0.16800001,0.0,0.1519057,0.0,0.0
hardzero_only__c0p58__z1p00__lam0p000__nu0p50__psi0p00,0.093,borrow,47,1049,0.0,3,-0.6,-0.6,-0.6025168,0.9915243,0.10197076,0.10197076,1.0,0.0094832815,0.093,0.0,0.012,0.6,0.6,-26.785187,2.181397,0.7271323,0.14400001,0.0,0.15652439,0.0,0.0
hardzero_only__c0p58__z1p00__lam0p000__nu0p50__psi0p00,0.093,borrow,47,1050,0.0,3,-0.6,-0.6,-0.60265565,0.9979311,0.100477524,0.100477524,1.0,0.00934441,0.093,0.0,0.012,0.6,0.6,-26.892424,2.1954923,0.7318308,0.15200001,0.0,0.14185756,0.0,0.0
hardzero_only__c0p58__z1p00__lam0p000__nu0p50__psi0p00,0.093,borrow,47,1051,0.0,3,-0.6,-0.6,-0.60235274,0.9840774,0.10373434,0.10373434,1.0,0.009647294,0.093,0.0,0.012,0.6,0.6,-27.232613,2.1650136,0.7216712,0.216,0.0,0.15995942,0.0,0.0
hardzero_only__c0p58__z1p00__lam0p000__nu0p50__psi0p00,0.093,borrow,47,1052,0.0,3,-0.6,-0.6,-0.61200005,1.0136653,0.0,0.09690243,0.0,0.0,0.093,0.0,0.012,0.6,0.6,-27.579533,2.2301083,0.74336946,0.096,0.0,0.16431883,0.0,0.0
hardzero_only__c0p58__z1p00__lam0p000__nu0p50__psi0p00,0.093,borrow,47,1053,0.0,3,-0.6,-0.6,-0.61200005,1.0144663,0.0,0.09672387,0.0,0.0,0.093,0.0,0.012,0.6,0.6,-26.933018,2.2318704,0.7439568,0.11,0.0,0.17074154,0.0,0.0
hardzero_only__c0p58__z1p00__lam0p000__nu0p50__psi0p00,0.093,borrow,47,1054,0.0,3,-0.6,-0.6,-0.61200005,1.0298512,0.0,0.093357414,0.0,0.0,0.093,0.0,0.012,0.6,0.6,-28.203238,2.265718,0.75523937,0.120000005,0.0,0.1621429,0.0,0.0
hardzero_only__c0p58__z1p00__lam0p000__nu0p50__psi0p00,0.093,borrow,47,1055,0.0,3,-0.6,-0.6,-0.60180074,0.959912,0.10967004,0.10967004,1.0,0.010199314,0.093,0.0,0.012,0.6,0.6,-26.220377,2.1118486,0.7039496,0.17600001,0.0,0.15035422,0.0,0.0
hardzero_only__c0p58__z1p00__lam0p000__nu0p50__psi0p00,0.093,borrow,47,1056,0.0,3,-0.6,-0.6,-0.60233486,0.98327243,0.10392681,0.10392681,1.0,0.009665193,0.093,0.0,0.012,0.6,0.6,-26.565603,2.1632426,0.7210809,0.224,0.0,0.14778724,0.0,0.0
hardzero_only__c0p58__z1p00__lam0p000__nu0p50__psi0p00,0.093,borrow,47,1057,0.0,3,-0.6,-0.6,-0.60155725,0.94966745,0.1122878,0.1122878,1.0,0.010442765,0.093,0.0,0.012,0.6,0.6,-25.555592,2.0893102,0.69643676,0.24800001,0.008,0.12376668,0.0,0.0
hardzero_only__c0p58__z1p00__lam0p000__nu0p50__psi0p00,0.093,borrow,47,1058,0.0,3,-0.6,-0.6,-0.6024852,0.9900796,0.102310546,0.102310546,1.0,0.009514881,0.093,0.0,0.012,0.6,0.6,-27.106806,2.1782186,0.7260729,0.17600001,0.0,0.14975968,0.0,0.0
hardzero_only__c0p58__z1p00__lam0p000__nu0p50__psi0p00,0.093,borrow,47,1059,0.0,3,-0.6,-0.6,-0.61200005,1.0262235,0.0,0.09414049,0.0,0.0,0.093,0.0,0.012,0.6,0.6,-28.254572,2.257737,0.752579,0.128,0.0,0.17042796,0.0,0.0
hardzero_only__c0p58__z1p00__lam0p000__nu0p50__psi0p00,0.093,borrow,47,1060,0.0,3,-0.6,-0.6,-0.60255486,0.9932711,0.10156146,0.10156146,1.0,0.009445216,0.093,0.0,0.012,0.6,0.6,-27.037216,2.18524,0.72841334,0.15200001,0.0,0.1669124,0.0,0.0
hardzero_only__c0p58__z1p00__lam0p000__nu0p50__psi0p00,0.093,borrow,47,1061,0.0,3,-0.6,-0.6,-0.61200005,1.0097064,0.0,0.097789794,0.0,0.0,0.093,0.0,0.012,0.6,0.6,-27.50383,2.2213984,0.7404661,0.16000001,0.0,0.16775389,0.0,0.0
hardzero_only__c0p58__z1p00__lam0p000__nu0p50__psi0p00,0.093,borrow,47,1062,0.0,3,-0.6,-0.6,-0.601762,0.95826435,0.110086896,0.110086896,1.0,0.010238081,0.093,0.0,0.012,0.6,0.6,-27.27833,2.1082237,0.70274127,0.192,0.0,0.1754718,0.0,0.0
hardzero_only__c0p58__z1p00__lam0p000__nu0p50__psi0p00,0.093,borrow,47,1063,0.0,3,-0.6,-0.6,-0.60200405,0.9686578,0.107483596,0.107483596,1.0,0.009995975,0.093,0.0,0.012,0.6,0.6,-26.689114,2.1310897,0.71036327,0.128,0.0,0.14326042,0.0,0.0
hardzero_only__c0p58__z1p00__lam0p000__nu0p50__psi0p00,0.093,borrow,47,1064,0.0,3,-0.6,-0.6,-0.61200005,1.0385848,0.0,0.091498755,0.0,0.0,0.093,0.0,0.012,0.6,0.6,-27.192015,2.2849321,0.76164407,0.128,0.0,0.1434462,0.0,0.0
hardzero_only__c0p58__z1p00__lam0p000__nu0p50__psi0p00,0.093,borrow,47,1065,0.0,3,-0.6,-0.6,-0.60209006,0.97240925,0.106559135,0.106559135,1.0,0.00991,0.093,0.0,0.012,0.6,0.6,-26.41266,2.139343,0.7131144,0.23200001,0.0,0.1513115,0.0,0.0
hardzero_only__c0p58__z1p00__lam0p000__nu0p50__psi0p00,0.093,borrow,47,1066,0.0,3,-0.6,-0.6,-0.61200005,1.0004284,0.0,0.099901386,0.0,0.0,0.093,0.0,0.012,0.6,0.6,-27.057045,2.2009866,0.73366225,0.19,0.01,0.16572124,0.0,0.0
hardzero_only__c0p58__z1p00__lam0p000__nu0p50__psi0p00,0.093,borrow,47,1067,0.0,3,-0.6,-0.6,-0.6021623,0.97558695,0.10578231,0.10578231,1.0,0.009837755,0.093,0.0,0.012,0.6,0.6,-26.791536,2.1463342,0.71544474,0.2,0.0,0.16322154,0.0,0.0
hardzero_only__c0p58__z1p00__lam0p000__nu0p50__psi0p00,0.093,borrow,47,1068,0.0,3,-0.6,-0.6,-0.6018931,0.963864,0.10867658,0.10867658,1.0,0.010106922,0.093,0.0,0.012,0.6,0.6,-26.737595,2.1205432,0.7068478,0.18400002,0.0,0.15280968,0.0,0.0
hardzero_only__c0p58__z1p00__lam0p000__nu0p50__psi0p00,0.093,borrow,47,1069,0.0,3,-0.6,-0.6,-0.6026438,0.99738145,0.10060475,0.10060475,1.0,0.009356242,0.093,0.0,0.012,0.6,0.6,-26.522482,2.194283,0.73142767,0.16000001,0.0,0.16204156,0.0,0.0
hardzero_only__c0p58__z1p00__lam0p000__nu0p50__psi0p00,0.093,borrow,47,1070,0.0,3,-0.6,-0.6,-0.61200005,1.0138135,0.0,0.09686937,0.0,0.0,0.093,0.0,0.012,0.6,0.6,-27.703665,2.2304342,0.74347806,0.23200001,0.0,0.15621713,0.0,0.0
hardzero_only__c0p58__z1p00__lam0p000__nu0p50__psi0p00,0.093,borrow,47,1071,0.0,3,-0.6,-0.6,-0.60173476,0.9571121,0.11037938,0.11037938,1.0,0.010265283,0.093,0.0,0.012,0.6,0.6,-26.44865,2.1056886,0.7018962,0.128,0.008,0.15706638,0.0,0.0
hardzero_only__c0p58__z1p00__lam0p000__nu0p50__psi0p00,0.093,borrow,47,1072,0.0,3,-0.6,-0.6,-0.6012464,0.9369274,0.11563055,0.11563055,1.0,0.010753642,0.093,0.0,0.012,0.6,0.6,-25.524973,2.0612814,0.68709385,0.216,0.0,0.15664208,0.0,0.0
hardzero_only__c0p58__z1p00__lam0p000__nu0p50__psi0p00,0.093,borrow,47,1073,0.0,3,-0.6,-0.6,-0.61200005,1.028254,0.0,0.09370137,0.0,0.0,0.093,0.0,0.012,0.6,0.6,-27.631044,2.2622042,0.7540681,0.136,0.0,0.14777353,0.0,0.0
hardzero_only__c0p58__z1p00__lam0p000__nu0p50__psi0p00,0.093,borrow,47,1074,0.0,3,-0.6,-0.6,-0.60245854,0.9888648,0.102597125,0.102597125,1.0,0.009541533,0.093,0.0,0.012,0.6,0.6,-26.743235,2.175546,0.725182,0.18400002,0.008,0.18650323,0.0,0.0
hardzero_only__c0p58__z1p00__lam0p000__nu0p50__psi0p00,0.093,borrow,47,1075,0.0,3,-0.6,-0.6,-0.61200005,1.0078901,0.0,0.09819963,0.0,0.0,0.093,0.0,0.012,0.6,0.6,-27.21707,2.2174025,0.7391342,0.14400001,0.0,0.1459963,0.0,0.0
hardzero_only__c0p58__z1p00__lam0p000__nu0p50__psi0p00,0.093,borrow,47,1076,0.0,3,-0.6,-0.6,-0.61200005,1.0634133,0.0,0.086414516,0.0,0.0,0.093,0.0,0.012,0.6,0.6,-28.456188,2.339556,0.77985203,0.14400001,0.0,0.18110454,0.0,0.0
hardzero_only__c0p58__z1p00__lam0p000__nu0p50__psi0p00,0.093,borrow,47,1077,0.0,3,-0.6,-0.6,-0.61200005,1.0561566,0.0,0.08787056,0.0,0.0,0.093,0.0,0.012,0.6,0.6,-28.492838,2.323591,0.77453035,0.136,0.0,0.1619742,0.0,0.0
hardzero_only__c0p58__z1p00__lam0p000__nu0p50__psi0p00,0.093,borrow,47,1078,0.0,3,-0.6,-0.6,-0.6024537,0.9886464,0.10264873,0.10264873,1.0,0.009546332,0.093,0.0,0.012,0.6,0.6,-27.165901,2.1750655,0.72502184,0.16800001,0.0,0.16708423,0.0,0.0
hardzero_only__c0p58__z1p00__lam0p000__nu0p50__psi0p00,0.093,borrow,47,1079,0.0,3,-0.6,-0.6,-0.61200005,1.042487,0.0,0.090680294,0.0,0.0,0.093,0.0,0.012,0.6,0.6,-27.583925,2.2935174,0.7645058,0.14999999,0.0,0.16871157,0.0,0.0
hardzero_only__c0p58__z1p00__lam0p000__nu0p50__psi0p00,0.093,borrow,47,1080,0.0,3,-0.6,-0.6,-0.60132354,0.94005454,0.11480095,0.11480095,1.0,0.010676489,0.093,0.0,0.012,0.6,0.6,-26.296133,2.0681612,0.6893871,0.17600001,0.0,0.1773966,0.0,0.0
hardzero_only__c0p58__z1p00__lam0p000__nu0p50__psi0p00,0.093,borrow,47,1081,0.0,3,-0.6,-0.6,-0.61200005,1.0319487,0.0,0.092907615,0.0,0.0,0.093,0.0,0.012,0.6,0.6,-27.576967,2.2703323,0.75677747,0.224,0.0,0.13570943,0.0,0.0
hardzero_only__c0p58__z1p00__lam0p000__nu0p50__psi0p00,0.093,borrow,47,1082,0.0,3,-0.6,-0.6,-0.61200005,1.0031404,0.0,0.099279486,0.0,0.0,0.093,0.0,0.012,0.6,0.6,-26.474497,2.206953,0.735651,0.17600001,0.0,0.14361079,0.0,0.0
hardzero_only__c0p58__z1p00__lam0p000__nu0p50__psi0p00,0.093,borrow,47,1083,0.0,3,-0.6,-0.6,-0.61200005,1.0465544,0.0,0.089834996,0.0,0.0,0.093,0.0,0.012,0.6,0.6,-27.268286,2.3024657,0.7674886,0.112,0.0,0.14994048,0.0,0.0
hardzero_only__c0p58__z1p00__lam0p000__nu0p50__psi0p00,0.093,borrow,47,1084,0.0,3,-0.6,-0.6,-0.6021009,0.97288424,0.10644267,0.10644267,1.0,0.009899168,0.093,0.0,0.012,0.6,0.6,-26.547792,2.140388,0.7134627,0.128,0.0,0.1396509,0.0,0.0
hardzero_only__c0p58__z1p00__lam0p000__nu0p50__psi0p00,0.093,borrow,47,1085,0.0,3,-0.6,-0.6,-0.60246956,0.98936707,0.102478534,0.102478534,1.0,0.009530504,0.093,0.0,0.012,0.6,0.6,-27.547037,2.176651,0.72555035,0.128,0.0,0.15441085,0.0,0.0
hardzero_only__c0p58__z1p00__lam0p000__nu0p50__psi0p00,0.093,borrow,47,1086,0.0,3,-0.6,-0.6,-0.6020587,0.97103816,0.106896095,0.106896095,1.0,0.009941337,0.093,0.0,0.012,0.6,0.6,-26.97386,2.1363266,0.71210885,0.216,0.0,0.15297699,0.0,0.0
hardzero_only__c0p58__z1p00__lam0p000__nu0p50__psi0p00,0.093,borrow,47,1087,0.0,3,-0.6,-0.6,-0.60231614,0.98243314,0.104127824,0.104127824,1.0,0.0096838875,0.093,0.0,0.012,0.6,0.6,-26.660664,2.161396,0.72046536,0.16000001,0.0,0.1588368,0.0,0.0
hardzero_only__c0p58__z1p00__lam0p000__nu0p50__psi0p00,0.093,borrow,47,1088,0.0,3,-0.6,-0.6,-0.61200005,1.0021209,0.0,0.09951283,0.0,0.0,0.093,0.0,0.012,0.6,0.6,-26.996286,2.20471,0.73490334,0.16800001,0.0,0.15132111,0.0,0.0
hardzero_only__c0p58__z1p00__lam0p000__nu0p50__psi0p00,0.093,borrow,47,1089,0.0,3,-0.6,-0.6,-0.6021406,0.9746298,0.106015705,0.106015705,1.0,0.00985946,0.093,0.0,0.012,0.6,0.6,-26.576174,2.1442285,0.71474284,0.136,0.0,0.16726544,0.0,0.0
hardzero_only__c0p58__z1p00__lam0p000__nu0p50__psi0p00,0.093,borrow,47,1090,0.0,3,-0.6,-0.6,-0.61200005,1.0067344,0.0,0.09846131,0.0,0.0,0.093,0.0,0.012,0.6,0.6,-27.184744,2.21486,0.7382867,0.15200001,0.0,0.14914061,0.0,0.0
hardzero_only__c0p58__z1p00__lam0p000__nu0p50__psi0p00,0.093,borrow,47,1091,0.0,3,-0.6,-0.6,-0.60149235,0.9469751,0.11298607,0.11298607,1.0,0.010507705,0.093,0.0,0.012,0.6,0.6,-26.089235,2.083387,0.6944623,0.16800001,0.0,0.15999903,0.0,0.0
hardzero_only__c0p58__z1p00__lam0p000__nu0p50__psi0p00,0.093,borrow,47,1092,0.0,3,-0.6,-0.6,-0.61200005,1.0451726,0.0,0.0901213,0.0,0.0,0.093,0.0,0.012,0.6,0.6,-27.265228,2.2994256,0.7664752,0.19,0.0,0.15704224,0.0,0.0
hardzero_only__c0p58__z1p00__lam0p000__nu0p50__psi0p00,0.093,borrow,47,1093,0.0,3,-0.6,-0.6,-0.61200005,1.0874377,0.0,0.08176403,0.0,0.0,0.093,0.0,0.012,0.6,0.6,-28.559502,2.3924108,0.7974703,0.16000001,0.0,0.18070327,0.0,0.0
hardzero_only__c0p58__z1p00__lam0p000__nu0p50__psi0p00,0.093,borrow,47,1094,0.0,3,-0.6,-0.6,-0.61200005,1.0058463,0.0,0.09866286,0.0,0.0,0.093,0.0,0.012,0.6,0.6,-27.188385,2.212906,0.7376353,0.16000001,0.0,0.16668154,0.0,0.0
hardzero_only__c0p58__z1p00__lam0p000__nu0p50__psi0p00,0.093,borrow,47,1095,0.0,3,-0.6,-0.6,-0.6023692,0.9848177,0.10355768,0.10355768,1.0,0.0096308645,0.093,0.0,0.012,0.6,0.6,-26.854162,2.1666422,0.7222141,0.128,0.0,0.15032998,0.0,0.0
hardzero_only__c0p58__z1p00__lam0p000__nu0p50__psi0p00,0.093,borrow,47,1096,0.0,3,-0.6,-0.6,-0.6025148,0.9914338,0.10199201,0.10199201,1.0,0.009485257,0.093,0.0,0.012,0.6,0.6,-26.836826,2.181198,0.727066,0.120000005,0.0,0.14816271,0.0,0.0
hardzero_only__c0p58__z1p00__lam0p000__nu0p50__psi0p00,0.093,borrow,47,1097,0.0,3,-0.6,-0.6,-0.61200005,1.0301585,0.0,0.09329137,0.0,0.0,0.093,0.0,0.012,0.6,0.6,-27.068449,2.266394,0.7554647,0.15200001,0.0,0.1627145,0.0,0.0
hardzero_only__c0p58__z1p00__lam0p000__nu0p50__psi0p00,0.093,borrow,47,1098,0.0,3,-0.6,-0.6,-0.61200005,1.0037744,0.0,0.099134676,0.0,0.0,0.093,0.0,0.012,0.6,0.6,-26.858019,2.2083478,0.73611593,0.17600001,0.0,0.13566104,0.0,0.0
hardzero_only__c0p58__z1p00__lam0p000__nu0p50__psi0p00,0.093,borrow,47,1099,0.0,3,-0.6,-0.6,-0.61200005,1.0273256,0.0,0.093901895,0.0,0.0,0.093,0.0,0.012,0.6,0.6,-27.982307,2.2601616,0.7533872,0.16000001,0.0,0.15118201,0.0,0.0
hardzero_only__c0p58__z1p00__lam0p000__nu0p50__psi0p00,0.093,borrow,47,1100,0.0,3,-0.6,-0.6,-0.61200005,1.0038414,0.0,0.099119395,0.0,0.0,0.093,0.0,0.012,0.6,0.6,-26.451168,2.2084951,0.73616505,0.23200001,0.0,0.17665999,0.0,0.0
hardzero_only__c0p58__z1p00__lam0p000__nu0p50__psi0p00,0.093,borrow,47,1101,0.0,3,-0.6,-0.6,-0.60146755,0.9459509,0.113252826,0.113252826,1.0,0.010532513,0.093,0.0,0.012,0.6,0.6,-26.959698,2.0811336,0.6937112,0.208,0.0,0.16602272,0.0,0.0
hardzero_only__c0p58__z1p00__lam0p000__nu0p50__psi0p00,0.093,borrow,47,1102,0.0,3,-0.6,-0.6,-0.61200005,1.0296601,0.0,0.09339849,0.0,0.0,0.093,0.0,0.012,0.6,0.6,-27.327566,2.2652974,0.7550992,0.15200001,0.0,0.18418016,0.0,0.0
hardzero_only__c0p58__z1p00__lam0p000__nu0p50__psi0p00,0.093,borrow,47,1103,0.0,3,-0.6,-0.6,-0.61200005,1.0137314,0.0,0.0968877,0.0,0.0,0.093,0.0,0.012,0.6,0.6,-27.078108,2.2302535,0.74341786,0.112,0.0,0.14166075,0.0,0.0
hardzero_only__c0p58__z1p00__lam0p000__nu0p50__psi0p00,0.093,borrow,47,1104,0.0,3,-0.6,-0.6,-0.61200005,1.0438697,0.0,0.090392046,0.0,0.0,0.093,0.0,0.012,0.6,0.6,-27.521324,2.2965593,0.7655198,0.08800001,0.0,0.15930676,0.0,0.0
hardzero_only__c0p58__z1p00__lam0p000__nu0p50__psi0p00,0.093,borrow,47,1105,0.0,3,-0.6,-0.6,-0.60179836,0.9598097,0.10969586,0.10969586,1.0,0.010201715,0.093,0.0,0.012,0.6,0.6,-26.467186,2.1116235,0.7038745,0.19,0.0,0.15288724,0.0,0.0
hardzero_only__c0p58__z1p00__lam0p000__nu0p50__psi0p00,0.093,borrow,47,1106,0.0,3,-0.6,-0.6,-0.61200005,1.0179684,0.0,0.09594704,0.0,0.0,0.093,0.0,0.012,0.6,0.6,-27.17026,2.2395751,0.74652505,0.104,0.0,0.1267778,0.0,0.0
hardzero_only__c0p58__z1p00__lam0p000__nu0p50__psi0p00,0.093,borrow,47,1107,0.0,3,-0.6,-0.6,-0.6026927,0.9996568,0.10007907,0.10007907,1.0,0.009307354,0.093,0.0,0.012,0.6,0.6,-27.772627,2.1992888,0.7330963,0.17600001,0.0,0.1635669,0.0,0.0
hardzero_only__c0p58__z1p00__lam0p000__nu0p50__psi0p00,0.093,borrow,47,1108,0.0,3,-0.6,-0.6,-0.61200005,1.0057595,0.0,0.098682575,0.0,0.0,0.093,0.0,0.012,0.6,0.6,-26.600231,2.2127151,0.7375717,0.16800001,0.0,0.16179232,0.0,0.0
hardzero_only__c0p58__z1p00__lam0p000__nu0p50__psi0p00,0.093,borrow,47,1109,0.0,3,-0.6,-0.6,-0.61200005,1.0079062,0.0,0.098196,0.0,0.0,0.093,0.0,0.012,0.6,0.6,-27.176939,2.217438,0.739146,0.208,0.0,0.18023996,0.0,0.0
hardzero_only__c0p58__z1p00__lam0p000__nu0p50__psi0p00,0.093,borrow,47,1110,0.0,3,-0.6,-0.6,-0.61200005,1.0413022,0.0,0.09092803,0.0,0.0,0.093,0.0,0.012,0.6,0.6,-27.471432,2.2909107,0.76363695,0.17600001,0.0,0.1575814,0.0,0.0
hardzero_only__c0p58__z1p00__lam0p000__nu0p50__psi0p00,0.093,borrow,47,1111,0.0,3,-0.6,-0.6,-0.6018034,0.9600263,0.10964116,0.10964116,1.0,0.010196628,0.093,0.0,0.012,0.6,0.6,-25.55763,2.1121001,0.7040334,0.16800001,0.0,0.1377387,0.0,0.0
hardzero_only__c0p58__z1p00__lam0p000__nu0p50__psi0p00,0.093,borrow,47,1112,0.0,3,-0.6,-0.6,-0.61200005,1.0195551,0.0,0.09559714,0.0,0.0,0.093,0.0,0.012,0.6,0.6,-26.92655,2.243066,0.7476887,0.14400001,0.0,0.15546367,0.0,0.0
hardzero_only__c0p58__z1p00__lam0p000__nu0p50__psi0p00,0.093,borrow,47,1113,0.0,3,-0.6,-0.6,-0.6015961,0.95128644,0.111869976,0.111869976,1.0,0.010403908,0.093,0.0,0.012,0.6,0.6,-26.069141,2.092872,0.69762397,0.136,0.0,0.13560648,0.0,0.0
hardzero_only__c0p58__z1p00__lam0p000__nu0p50__psi0p00,0.093,borrow,47,1114,0.0,3,-0.6,-0.6,-0.60205424,0.970842,0.10694437,0.10694437,1.0,0.009945827,0.093,0.0,0.012,0.6,0.6,-26.029263,2.135895,0.711965,0.192,0.0,0.14278917,0.0,0.0
hardzero_only__c0p58__z1p00__lam0p000__nu0p50__psi0p00,0.093,borrow,47,1115,0.0,3,-0.6,-0.6,-0.6026853,0.9993103,0.10015893,0.10015893,1.0,0.009314781,0.093,0.0,0.012,0.6,0.6,-27.096924,2.1985266,0.7328422,0.14400001,0.0,0.18818429,0.0,0.0
hardzero_only__c0p58__z1p00__lam0p000__nu0p50__psi0p00,0.093,borrow,47,1116,0.0,3,-0.6,-0.6,-0.6021833,0.9765152,0.10555645,0.10555645,1.0,0.00981675,0.093,0.0,0.012,0.6,0.6,-26.602427,2.1483762,0.7161254,0.136,0.0,0.1511949,0.0,0.0
hardzero_only__c0p58__z1p00__lam0p000__nu0p50__psi0p00,0.093,borrow,47,1117,0.0,3,-0.6,-0.6,-0.6023995,0.9861869,0.10323169,0.10323169,1.0,0.009600547,0.093,0.0,0.012,0.6,0.6,-26.46372,2.1696546,0.7232182,0.17600001,0.0,0.14248477,0.0,0.0
hardzero_only__c0p58__z1p00__lam0p000__nu0p50__psi0p00,0.093,borrow,47,1118,0.0,3,-0.6,-0.6,-0.60231346,0.9823108,0.10415718,0.10415718,1.0,0.009686618,0.093,0.0,0.012,0.6,0.6,-26.266548,2.1611269,0.72037566,0.19999999,0.0,0.14303249,0.0,0.0
hardzero_only__c0p58__z1p00__lam0p000__nu0p50__psi0p00,0.093,borrow,47,1119,0.0,3,-0.6,-0.6,-0.6021359,0.9744222,0.10606639,0.10606639,1.0,0.009864175,0.093,0.0,0.012,0.6,0.6,-26.984257,2.1437716,0.71459055,0.17600001,0.0,0.16937073,0.0,0.0
hardzero_only__c0p58__z1p00__lam0p000__nu0p50__psi0p00,0.093,borrow,47,1120,0.0,3,-0.6,-0.6,-0.6023906,0.98578286,0.10332777,0.10332777,1.0,0.009609483,0.093,0.0,0.012,0.6,0.6,-26.610224,2.1687655,0.72292185,0.15200001,0.0,0.14269,0.0,0.0
hardzero_only__c0p58__z1p00__lam0p000__nu0p50__psi0p00,0.093,borrow,47,1121,0.0,3,-0.6,-0.6,-0.6022348,0.9787997,0.10500266,0.10500266,1.0,0.009765247,0.093,0.0,0.012,0.6,0.6,-26.169424,2.1534023,0.7178008,0.16800001,0.0,0.14499214,0.0,0.0
hardzero_only__c0p58__z1p00__lam0p000__nu0p50__psi0p00,0.093,borrow,47,1122,0.0,3,-0.6,-0.6,-0.61200005,1.02395,0.0,0.0946346,0.0,0.0,0.093,0.0,0.012,0.6,0.6,-27.21101,2.252735,0.75091165,0.17600001,0.0,0.16581628,0.0,0.0
hardzero_only__c0p58__z1p00__lam0p000__nu0p50__psi0p00,0.093,borrow,47,1123,0.0,3,-0.6,-0.6,-0.61200005,1.0414122,0.0,0.09090499,0.0,0.0,0.093,0.0,0.012,0.6,0.6,-28.11263,2.2911527,0.7637176,0.16000001,0.0,0.17458786,0.0,0.0
hardzero_only__c0p58__z1p00__lam0p000__nu0p50__psi0p00,0.093,borrow,47,1124,0.0,3,-0.6,-0.6,-0.61200005,1.0069016,0.0,0.09842341,0.0,0.0,0.093,0.0,0.012,0.6,0.6,-26.643064,2.2152278,0.7384093,0.16000001,0.0,0.1604667,0.0,0.0
hardzero_only__c0p58__z1p00__lam0p000__nu0p50__psi0p00,0.093,borrow,47,1125,0.0,3,-0.6,-0.6,-0.60205925,0.9710624,0.10689013,0.10689013,1.0,0.009940782,0.093,0.0,0.012,0.6,0.6,-26.241837,2.13638,0.7121267,0.18400002,0.0,0.15131381,0.0,0.0
hardzero_only__c0p58__z1p00__lam0p000__nu0p50__psi0p00,0.093,borrow,47,1126,0.0,3,-0.6,-0.6,-0.6026085,0.9957457,0.1009844,0.1009844,1.0,0.00939155,0.093,0.0,0.012,0.6,0.6,-26.9173,2.1906843,0.7302281,0.216,0.0,0.18890844,0.0,0.0
hardzero_only__c0p58__z1p00__lam0p000__nu0p50__psi0p00,0.093,borrow,47,1127,0.0,3,-0.6,-0.6,-0.60192406,0.9651959,0.10834381,0.10834381,1.0,0.010075974,0.093,0.0,0.012,0.6,0.6,-25.922611,2.1234734,0.70782447,0.224,0.0,0.16910283,0.0,0.0
hardzero_only__c0p58__z1p00__lam0p000__nu0p50__psi0p00,0.093,borrow,47,1128,0.0,3,-0.6,-0.6,-0.61200005,1.0166779,0.0,0.09623259,0.0,0.0,0.093,0.0,0.012,0.6,0.6,-27.424454,2.236736,0.7455787,0.128,0.0,0.13108918,0.0,0.0
hardzero_only__c0p58__z1p00__lam0p000__nu0p50__psi0p00,0.093,borrow,47,1129,0.0,3,-0.6,-0.6,-0.61200005,1.039126,0.0,0.0913848,0.0,0.0,0.093,0.0,0.012,0.6,0.6,-27.37715,2.286123,0.76204103,0.14400001,0.0,0.18326515,0.0,0.0
hardzero_only__c0p58__z1p00__lam0p000__nu0p50__psi0p00,0.093,borrow,47,1130,0.0,3,-0.6,-0.6,-0.61200005,1.0388826,0.0,0.091436036,0.0,0.0,0.093,0.0,0.012,0.6,0.6,-27.190722,2.2855873,0.76186246,0.080000006,0.0,0.14965543,0.0,0.0
hardzero_only__c0p58__z1p00__lam0p000__nu0p50__psi0p00,0.093,borrow,47,1131,0.0,3,-0.6,-0.6,-0.61200005,1.0686798,0.0,0.085372925,0.0,0.0,0.093,0.0,0.012,0.6,0.6,-27.862133,2.3511424,0.7837142,0.089999996,0.0,0.14178655,0.0,0.0
hardzero_only__c0p58__z1p00__lam0p000__nu0p50__psi0p00,0.093,borrow,47,1132,0.0,3,-0.6,-0.6,-0.602519,0.9916255,0.10194701,0.10194701,1.0,0.009481072,0.093,0.0,0.012,0.6,0.6,-25.921286,2.1816196,0.7272066,0.16000001,0.0,0.13256738,0.0,0.0
hardzero_only__c0p58__z1p00__lam0p000__nu0p50__psi0p00,0.093,borrow,47,1133,0.0,3,-0.6,-0.6,-0.6024448,0.98824316,0.102744095,0.102744095,1.0,0.009555201,0.093,0.0,0.012,0.6,0.6,-26.776398,2.1741784,0.72472614,0.17600001,0.0,0.17031786,0.0,0.0
hardzero_only__c0p58__z1p00__lam0p000__nu0p50__psi0p00,0.093,borrow,47,1134,0.0,3,-0.6,-0.6,-0.602231,0.97863215,0.105043165,0.105043165,1.0,0.009769015,0.093,0.0,0.012,0.6,0.6,-26.729063,2.1530337,0.71767795,0.18400002,0.0,0.14784959,0.0,0.0
hardzero_only__c0p58__z1p00__lam0p000__nu0p50__psi0p00,0.093,borrow,47,1135,0.0,3,-0.6,-0.6,-0.60208607,0.97223365,0.10660224,0.10660224,1.0,0.009914008,0.093,0.0,0.012,0.6,0.6,-26.667051,2.1389568,0.71298563,0.17600001,0.0,0.1558267,0.0,0.0
hardzero_only__c0p58__z1p00__lam0p000__nu0p50__psi0p00,0.093,borrow,47,1136,0.0,3,-0.6,-0.6,-0.61200005,1.0511705,0.0,0.08888522,0.0,0.0,0.093,0.0,0.012,0.6,0.6,-28.660019,2.312621,0.7708737,0.128,0.0,0.29784787,0.0,0.0
hardzero_only__c0p58__z1p00__lam0p000__nu0p50__psi0p00,0.093,borrow,47,1137,0.0,3,-0.6,-0.6,-0.601389,0.9427253,0.11409712,0.11409712,1.0,0.010611032,0.093,0.0,0.012,0.6,0.6,-26.244093,2.074037,0.6913457,0.224,0.0,0.14406866,0.0,0.0
hardzero_only__c0p58__z1p00__lam0p000__nu0p50__psi0p00,0.093,borrow,47,1138,0.0,3,-0.6,-0.6,-0.6025446,0.99279976,0.10167173,0.10167173,1.0,0.009455471,0.093,0.0,0.012,0.6,0.6,-26.75988,2.1842031,0.72806776,0.192,0.0,0.14956196,0.0,0.0
hardzero_only__c0p58__z1p00__lam0p000__nu0p50__psi0p00,0.093,borrow,47,1139,0.0,3,-0.6,-0.6,-0.60223025,0.9785988,0.10505126,0.10505126,1.0,0.0097697675,0.093,0.0,0.012,0.6,0.6,-27.193703,2.1529603,0.71765345,0.192,0.0,0.14964126,0.0,0.0
hardzero_only__c0p58__z1p00__lam0p000__nu0p50__psi0p00,0.093,borrow,47,1140,0.0,3,-0.6,-0.6,-0.6023305,0.983078,0.10397333,0.10397333,1.0,0.00966952,0.093,0.0,0.012,0.6,0.6,-26.506475,2.1628149,0.7209383,0.15200001,0.0,0.13257493,0.0,0.0
hardzero_only__c0p58__z1p00__lam0p000__nu0p50__psi0p00,0.093,borrow,47,1141,0.0,3,-0.6,-0.6,-0.60234576,0.98376393,0.10380925,0.10380925,1.0,0.00965426,0.093,0.0,0.012,0.6,0.6,-26.394096,2.1643238,0.72144127,0.16800001,0.0,0.14271122,0.0,0.0
hardzero_only__c0p58__z1p00__lam0p000__nu0p50__psi0p00,0.093,borrow,47,1142,0.0,3,-0.6,-0.6,-0.61200005,1.0163184,0.0,0.09631226,0.0,0.0,0.093,0.0,0.012,0.6,0.6,-28.204092,2.2359452,0.7453151,0.16000001,0.0,0.16359682,0.0,0.0
hardzero_only__c0p58__z1p00__lam0p000__nu0p50__psi0p00,0.093,borrow,47,1143,0.0,3,-0.6,-0.6,-0.6019952,0.9682747,0.10757846,0.10757846,1.0,0.010004797,0.093,0.0,0.012,0.6,0.6,-26.792059,2.1302469,0.7100823,0.18400002,0.0,0.14465223,0.0,0.0
hardzero_only__c0p58__z1p00__lam0p000__nu0p50__psi0p00,0.093,borrow,47,1144,0.0,3,-0.6,-0.6,-0.61200005,1.0039065,0.0,0.09910453,0.0,0.0,0.093,0.0,0.012,0.6,0.6,-26.56952,2.2086384,0.73621285,0.14,0.0,0.13516884,0.0,0.0
hardzero_only__c0p58__z1p00__lam0p000__nu0p50__psi0p00,0.093,borrow,47,1145,0.0,3,-0.6,-0.6,-0.61200005,1.001304,0.0,0.09970018,0.0,0.0,0.093,0.0,0.012,0.6,0.6,-27.550447,2.2029128,0.7343043,0.136,0.0,0.15827164,0.0,0.0
hardzero_only__c0p58__z1p00__lam0p000__nu0p50__psi0p00,0.093,borrow,47,1146,0.0,3,-0.6,-0.6,-0.61200005,1.0761583,0.0,0.083915405,0.0,0.0,0.093,0.0,0.012,0.6,0.6,-28.499826,2.3675954,0.7891985,0.16000001,0.0,0.1574193,0.0,0.0
hardzero_only__c0p58__z1p00__lam0p000__nu0p50__psi0p00,0.093,borrow,47,1147,0.0,3,-0.6,-0.6,-0.6024386,0.98796093,0.102810875,0.102810875,1.0,0.009561411,0.093,0.0,0.012,0.6,0.6,-26.225414,2.1735575,0.7245192,0.216,0.0,0.1471835,0.0,0.0
hardzero_only__c0p58__z1p00__lam0p000__nu0p50__psi0p00,0.093,borrow,47,1148,0.0,3,-0.6,-0.6,-0.60232776,0.98295426,0.10400295,0.10400295,1.0,0.009672275,0.093,0.0,0.012,0.6,0.6,-26.090511,2.1625426,0.72084755,0.224,0.0,0.13299108,0.0,0.0
hardzero_only__c0p58__z1p00__lam0p000__nu0p50__psi0p00,0.093,borrow,47,1149,0.0,3,-0.6,-0.6,-0.6019536,0.96647173,0.10802598,0.10802598,1.0,0.010046417,0.093,0.0,0.012,0.6,0.6,-26.64593,2.1262803,0.70876014,0.18400002,0.0,0.1520925,0.0,0.0
hardzero_only__c0p58__z1p00__lam0p000__nu0p50__psi0p00,0.093,borrow,47,1150,0.0,3,-0.6,-0.6,-0.61200005,1.0164622,0.0,0.096280366,0.0,0.0,0.093,0.0,0.012,0.6,0.6,-27.641582,2.2362616,0.7454206,0.17600001,0.0,0.17388947,0.0,0.0
hardzero_only__c0p58__z1p00__lam0p000__nu0p50__psi0p00,0.093,borrow,47,1151,0.0,3,-0.6,-0.6,-0.61200005,1.0705569,0.0,0.08500473,0.0,0.0,0.093,0.0,0.012,0.6,0.6,-26.953344,2.355272,0.7850907,0.14400001,0.008,0.14042364,0.0,0.0
hardzero_only__c0p58__z1p00__lam0p000__nu0p50__psi0p00,0.093,borrow,47,1152,0.0,3,-0.6,-0.6,-0.60256135,0.9935709,0.101491354,0.101491354,1.0,0.009438696,0.093,0.0,0.012,0.6,0.6,-25.860537,2.1858997,0.7286333,0.18400002,0.0,0.14860624,0.0,0.0
hardzero_only__c0p58__z1p00__lam0p000__nu0p50__psi0p00,0.093,borrow,47,1153,0.0,3,-0.6,-0.6,-0.6014746,0.9462405,0.11317736,0.11317736,1.0,0.010525495,0.093,0.0,0.012,0.6,0.6,-25.13002,2.0817707,0.6939236,0.16800001,0.0,0.12846294,0.0,0.0
hardzero_only__c0p58__z1p00__lam0p000__nu0p50__psi0p00,0.093,borrow,47,1154,0.0,3,-0.6,-0.6,-0.6025031,0.99090123,0.10211717,0.10211717,1.0,0.009496897,0.093,0.0,0.012,0.6,0.6,-26.236473,2.1800263,0.72667545,0.136,0.0,0.14092974,0.0,0.0
hardzero_only__c0p58__z1p00__lam0p000__nu0p50__psi0p00,0.093,borrow,47,1155,0.0,3,-0.6,-0.6,-0.61200005,1.0094821,0.0,0.09784031,0.0,0.0,0.093,0.0,0.012,0.6,0.6,-27.540056,2.220905,0.7403017,0.128,0.0,0.14609161,0.0,0.0
hardzero_only__c0p58__z1p00__lam0p000__nu0p50__psi0p00,0.093,borrow,47,1156,0.0,3,-0.6,-0.6,-0.61200005,1.0038635,0.0,0.09911436,0.0,0.0,0.093,0.0,0.012,0.6,0.6,-27.22822,2.2085438,0.73618126,0.14400001,0.0,0.14809817,0.0,0.0
hardzero_only__c0p58__z1p00__lam0p000__nu0p50__psi0p00,0.093,borrow,47,1157,0.0,3,-0.6,-0.6,-0.6012706,0.9379061,0.11537027,0.11537027,1.0,0.010729436,0.093,0.0,0.012,0.6,0.6,-25.981205,2.0634346,0.68781155,0.25,0.0,0.13111901,0.0,0.0
hardzero_only__c0p58__z1p00__lam0p000__nu0p50__psi0p00,0.093,borrow,47,1158,0.0,3,-0.6,-0.6,-0.61200005,1.0149928,0.0,0.09660668,0.0,0.0,0.093,0.0,0.012,0.6,0.6,-27.026247,2.233029,0.744343,0.192,0.0,0.1733162,0.0,0.0
hardzero_only__c0p58__z1p00__lam0p000__nu0p50__psi0p00,0.093,borrow,47,1159,0.0,3,-0.6,-0.6,-0.60197294,0.9673071,0.10781842,0.10781842,1.0,0.010027113,0.093,0.0,0.012,0.6,0.6,-27.352936,2.128118,0.7093727,0.16800001,0.0,0.17617771,0.0,0.0
hardzero_only__c0p58__z1p00__lam0p000__nu0p50__psi0p00,0.093,borrow,47,1160,0.0,3,-0.6,-0.6,-0.61200005,1.009234,0.0,0.09789624,0.0,0.0,0.093,0.0,0.012,0.6,0.6,-28.455944,2.220359,0.7401197,0.18400002,0.0,0.17455918,0.0,0.0
hardzero_only__c0p58__z1p00__lam0p000__nu0p50__psi0p00,0.093,borrow,47,1161,0.0,3,-0.6,-0.6,-0.61200005,1.005791,0.0,0.09867544,0.0,0.0,0.093,0.0,0.012,0.6,0.6,-26.788548,2.2127843,0.7375948,0.14400001,0.0,0.16156732,0.0,0.0
hardzero_only__c0p58__z1p00__lam0p000__nu0p50__psi0p00,0.093,borrow,47,1162,0.0,3,-0.6,-0.6,-0.61200005,1.021174,0.0,0.09524145,0.0,0.0,0.093,0.0,0.012,0.6,0.6,-27.453497,2.2466276,0.74887586,0.104,0.0,0.15333676,0.0,0.0
hardzero_only__c0p58__z1p00__lam0p000__nu0p50__psi0p00,0.093,borrow,47,1163,0.0,3,-0.6,-0.6,-0.60196537,0.96698046,0.10789952,0.10789952,1.0,0.010034655,0.093,0.0,0.012,0.6,0.6,-26.200579,2.1273994,0.70913315,0.24800001,0.0,0.14883995,0.0,0.0
hardzero_only__c0p58__z1p00__lam0p000__nu0p50__psi0p00,0.093,borrow,47,1164,0.0,3,-0.6,-0.6,-0.61200005,1.0132031,0.0,0.0970056,0.0,0.0,0.093,0.0,0.012,0.6,0.6,-27.441486,2.2290914,0.7430305,0.16000001,0.0,0.17489667,0.0,0.0
hardzero_only__c0p58__z1p00__lam0p000__nu0p50__psi0p00,0.093,borrow,47,1165,0.0,3,-0.6,-0.6,-0.61200005,1.00639,0.0,0.09853942,0.0,0.0,0.093,0.0,0.012,0.6,0.6,-25.90582,2.214102,0.738034,0.16800001,0.0,0.14066845,0.0,0.0
hardzero_only__c0p58__z1p00__lam0p000__nu0p50__psi0p00,0.093,borrow,47,1166,0.0,3,-0.6,-0.6,-0.61200005,1.0431386,0.0,0.09054435,0.0,0.0,0.093,0.0,0.012,0.6,0.6,-27.581959,2.2949507,0.7649836,0.128,0.0,0.18500665,0.0,0.0
hardzero_only__c0p58__z1p00__lam0p000__nu0p50__psi0p00,0.093,borrow,47,1167,0.0,3,-0.6,-0.6,-0.61200005,1.0118177,0.0,0.097315565,0.0,0.0,0.093,0.0,0.012,0.6,0.6,-27.322853,2.2260435,0.7420145,0.16000001,0.0,0.14171489,0.0,0.0
hardzero_only__c0p58__z1p00__lam0p000__nu0p50__psi0p00,0.093,borrow,47,1168,0.0,3,-0.6,-0.6,-0.61200005,1.0059191,0.0,0.09864632,0.0,0.0,0.093,0.0,0.012,0.6,0.6,-27.07605,2.213066,0.7376887,0.16000001,0.0,0.15994237,0.0,0.0
hardzero_only__c0p58__z1p00__lam0p000__nu0p50__psi0p00,0.093,borrow,47,1169,0.0,3,-0.6,-0.6,-0.61200005,1.0000973,0.0,0.09997761,0.0,0.0,0.093,0.0,0.012,0.6,0.6,-26.444115,2.200258,0.73341936,0.17600001,0.0,0.15936425,0.0,0.0
hardzero_only__c0p58__z1p00__lam0p000__nu0p50__psi0p00,0.093,borrow,47,1170,0.0,3,-0.6,-0.6,-0.61200005,1.0555284,0.0,0.08799775,0.0,0.0,0.093,0.0,0.012,0.6,0.6,-27.731623,2.322209,0.77406967,0.099999994,0.0,0.13989967,0.0,0.0
hardzero_only__c0p58__z1p00__lam0p000__nu0p50__psi0p00,0.093,borrow,47,1171,0.0,3,-0.6,-0.6,-0.6026644,0.99833804,0.100383416,0.100383416,1.0,0.009335658,0.093,0.0,0.012,0.6,0.6,-27.215858,2.1963875,0.7321292,0.17600001,0.0,0.14390826,0.0,0.0
hardzero_only__c0p58__z1p00__lam0p000__nu0p50__psi0p00,0.093,borrow,47,1172,0.0,3,-0.6,-0.6,-0.61200005,1.051158,0.0,0.08888778,0.0,0.0,0.093,0.0,0.012,0.6,0.6,-27.294231,2.3125937,0.7708646,0.18400002,0.0,0.16776086,0.0,0.0
hardzero_only__c0p58__z1p00__lam0p000__nu0p50__psi0p00,0.093,borrow,47,1173,0.0,3,-0.6,-0.6,-0.61200005,1.0005047,0.0,0.09988383,0.0,0.0,0.093,0.0,0.012,0.6,0.6,-26.374105,2.2011545,0.73371816,0.08800001,0.0,0.14216362,0.0,0.0
hardzero_only__c0p58__z1p00__lam0p000__nu0p50__psi0p00,0.093,borrow,47,1174,0.0,3,-0.6,-0.6,-0.60250306,0.9908978,0.10211798,0.10211798,1.0,0.009496972,0.093,0.0,0.012,0.6,0.6,-27.088497,2.1800187,0.7266729,0.216,0.0,0.16672583,0.0,0.0
hardzero_only__c0p58__z1p00__lam0p000__nu0p50__psi0p00,0.093,borrow,47,1175,0.0,3,-0.6,-0.6,-0.61200005,1.0321897,0.0,0.092856064,0.0,0.0,0.093,0.0,0.012,0.6,0.6,-26.75862,2.2708628,0.7569543,0.18400002,0.0,0.18054801,0.0,0.0
hardzero_only__c0p58__z1p00__lam0p000__nu0p50__psi0p00,0.093,borrow,47,1176,0.0,3,-0.6,-0.6,-0.6020721,0.97162396,0.106752016,0.106752016,1.0,0.009927938,0.093,0.0,0.012,0.6,0.6,-26.08881,2.1376154,0.7125385,0.23200001,0.0,0.15089992,0.0,0.0
hardzero_only__c0p58__z1p00__lam0p000__nu0p50__psi0p00,0.093,borrow,47,1177,0.0,3,-0.6,-0.6,-0.6019769,0.9674776,0.107776076,0.107776076,1.0,0.010023175,0.093,0.0,0.012,0.6,0.6,-25.888605,2.1284933,0.7094978,0.192,0.0,0.14611346,0.0,0.0
hardzero_only__c0p58__z1p00__lam0p000__nu0p50__psi0p00,0.093,borrow,47,1178,0.0,3,-0.6,-0.6,-0.61200005,1.0286604,0.0,0.09361373,0.0,0.0,0.093,0.0,0.012,0.6,0.6,-26.661985,2.263098,0.75436604,0.16000001,0.0,0.14863989,0.0,0.0
hardzero_only__c0p58__z1p00__lam0p000__nu0p50__psi0p00,0.093,borrow,47,1179,0.0,3,-0.6,-0.6,-0.61200005,1.0725175,0.0,0.08462185,0.0,0.0,0.093,0.0,0.012,0.6,0.6,-27.87652,2.3595858,0.7865286,0.16000001,0.0,0.17220417,0.0,0.0
hardzero_only__c0p58__z1p00__lam0p000__nu0p50__psi0p00,0.093,borrow,47,1180,0.0,3,-0.6,-0.6,-0.6023524,0.98406136,0.10373818,0.10373818,1.0,0.009647651,0.093,0.0,0.012,0.6,0.6,-26.70911,2.1649783,0.7216594,0.16000001,0.0,0.14106199,0.0,0.0
hardzero_only__c0p58__z1p00__lam0p000__nu0p50__psi0p00,0.093,borrow,47,1181,0.0,3,-0.6,-0.6,-0.61200005,1.024168,0.0,0.094587125,0.0,0.0,0.093,0.0,0.012,0.6,0.6,-27.026758,2.2532146,0.7510716,0.112,0.0,0.15494561,0.0,0.0
hardzero_only__c0p58__z1p00__lam0p000__nu0p50__psi0p00,0.093,borrow,47,1182,0.0,3,-0.6,-0.6,-0.6026229,0.9964124,0.10082949,0.10082949,1.0,0.009377142,0.093,0.0,0.012,0.6,0.6,-27.54464,2.192151,0.73071706,0.16800001,0.0,0.15403211,0.0,0.0
hardzero_only__c0p58__z1p00__lam0p000__nu0p50__psi0p00,0.093,borrow,47,1183,0.0,3,-0.6,-0.6,-0.6019299,0.965447,0.10828119,0.10828119,1.0,0.010070151,0.093,0.0,0.012,0.6,0.6,-26.625406,2.1240258,0.70800865,0.17999999,0.0,0.15646109,0.0,0.0
hardzero_only__c0p58__z1p00__lam0p000__nu0p50__psi0p00,0.093,borrow,47,1184,0.0,3,-0.6,-0.6,-0.602651,0.9977143,0.1005277,0.1005277,1.0,0.009349076,0.093,0.0,0.012,0.6,0.6,-28.273,2.1950152,0.73167175,0.17600001,0.0,0.13550866,0.0,0.0
hardzero_only__c0p58__z1p00__lam0p000__nu0p50__psi0p00,0.093,borrow,47,1185,0.0,3,-0.6,-0.6,-0.61200005,1.0279027,0.0,0.0937772,0.0,0.0,0.093,0.0,0.012,0.6,0.6,-27.339025,2.2614312,0.7538104,0.16800001,0.0,0.14455874,0.0,0.0
hardzero_only__c0p58__z1p00__lam0p000__nu0p50__psi0p00,0.093,borrow,47,1186,0.0,3,-0.6,-0.6,-0.60195893,0.9667011,0.10796895,0.10796895,1.0,0.010041112,0.093,0.0,0.012,0.6,0.6,-26.188364,2.1267848,0.7089283,0.2,0.0,0.1574513,0.0,0.0
hardzero_only__c0p58__z1p00__lam0p000__nu0p50__psi0p00,0.093,borrow,47,1187,0.0,3,-0.6,-0.6,-0.61200005,1.0120082,0.0,0.09727289,0.0,0.0,0.093,0.0,0.012,0.6,0.6,-27.324675,2.2264626,0.74215424,0.136,0.0,0.15088132,0.0,0.0
hardzero_only__c0p58__z1p00__lam0p000__nu0p50__psi0p00,0.093,borrow,47,1188,0.0,3,-0.6,-0.6,-0.61200005,1.035328,0.0,0.09218748,0.0,0.0,0.093,0.0,0.012,0.6,0.6,-27.422102,2.2777672,0.75925577,0.096,0.0,0.14553188,0.0,0.0
hardzero_only__c0p58__z1p00__lam0p000__nu0p50__psi0p00,0.093,borrow,47,1189,0.0,3,-0.6,-0.6,-0.61200005,1.0124369,0.0,0.097176924,0.0,0.0,0.093,0.0,0.012,0.6,0.6,-26.960806,2.2274055,0.74246854,0.120000005,0.0,0.15124986,0.0,0.0
hardzero_only__c0p58__z1p00__lam0p000__nu0p50__psi0p00,0.093,borrow,47,1190,0.0,3,-0.6,-0.6,-0.61200005,1.0025654,0.0,0.09941103,0.0,0.0,0.093,0.0,0.012,0.6,0.6,-27.156185,2.2056878,0.73522925,0.208,0.0,0.17184027,0.0,0.0
hardzero_only__c0p58__z1p00__lam0p000__nu0p50__psi0p00,0.093,borrow,47,1191,0.0,3,-0.6,-0.6,-0.6018751,0.96309114,0.10887015,0.10887015,1.0,0.010124924,0.093,0.0,0.012,0.6,0.6,-25.972544,2.1188428,0.70628095,0.18400002,0.0,0.15769619,0.0,0.0
hardzero_only__c0p58__z1p00__lam0p000__nu0p50__psi0p00,0.093,borrow,47,1192,0.0,3,-0.6,-0.6,-0.60233265,0.98317426,0.10395031,0.10395031,1.0,0.009667379,0.093,0.0,0.012,0.6,0.6,-26.765537,2.1630266,0.7210089,0.18400002,0.0,0.18149886,0.0,0.0
hardzero_only__c0p58__z1p00__lam0p000__nu0p50__psi0p00,0.093,borrow,47,1193,0.0,3,-0.6,-0.6,-0.61200005,1.0048786,0.0,0.09888293,0.0,0.0,0.093,0.0,0.012,0.6,0.6,-26.674774,2.210777,0.7369257,0.16800001,0.0,0.16082507,0.0,0.0
hardzero_only__c0p58__z1p00__lam0p000__nu0p50__psi0p00,0.093,borrow,47,1194,0.0,3,-0.6,-0.6,-0.61200005,1.0028117,0.0,0.09935469,0.0,0.0,0.093,0.0,0.012,0.6,0.6,-27.793705,2.2062297,0.7354099,0.192,0.0,0.16421558,0.0,0.0
hardzero_only__c0p58__z1p00__lam0p000__nu0p50__psi0p00,0.093,borrow,47,1195,0.0,3,-0.6,-0.6,-0.61200005,1.0138838,0.0,0.096853696,0.0,0.0,0.093,0.0,0.012,0.6,0.6,-27.10953,2.230589,0.7435297,0.14400001,0.0,0.15561013,0.0,0.0
hardzero_only__c0p58__z1p00__lam0p000__nu0p50__psi0p00,0.093,borrow,47,1196,0.0,3,-0.6,-0.6,-0.6011724,0.93394893,0.116426274,0.116426274,1.0,0.010827644,0.093,0.0,0.012,0.6,0.6,-25.74268,2.0547287,0.6849096,0.17,0.0,0.13288213,0.0,0.0
hardzero_only__c0p58__z1p00__lam0p000__nu0p50__psi0p00,0.093,borrow,47,1197,0.0,3,-0.6,-0.6,-0.6020118,0.96899414,0.107400395,0.107400395,1.0,0.009988237,0.093,0.0,0.012,0.6,0.6,-26.43938,2.1318297,0.7106099,0.15200001,0.0,0.16744442,0.0,0.0
hardzero_only__c0p58__z1p00__lam0p000__nu0p50__psi0p00,0.093,borrow,47,1198,0.0,3,-0.6,-0.6,-0.6018226,0.96084476,0.109434746,0.109434746,1.0,0.010177432,0.093,0.0,0.012,0.6,0.6,-26.463163,2.1139007,0.7046336,0.128,0.0,0.13676451,0.0,0.0
hardzero_only__c0p58__z1p00__lam0p000__nu0p50__psi0p00,0.093,borrow,47,1199,0.0,3,-0.6,-0.6,-0.60178196,0.95911366,0.109871835,0.109871835,1.0,0.010218081,0.093,0.0,0.012,0.6,0.6,-26.230099,2.1100922,0.7033641,0.120000005,0.0,0.13904433,0.0,0.0
hardzero_only__c0p58__z1p00__lam0p000__nu0p50__psi0p00,0.093,borrow,47,1200,0.0,3,-0.6,-0.6,-0.6013191,0.9398731,0.11484891,0.11484891,1.0,0.010680949,0.093,0.0,0.012,0.6,0.6,-26.343798,2.0677621,0.68925405,0.14400001,0.0,0.16749601,0.0,0.0
hardzero_only__c0p58__z1p00__lam0p000__nu0p50__psi0p00,0.093,borrow,47,1201,0.0,3,-0.6,-0.6,-0.61200005,1.0289754,0.0,0.09354586,0.0,0.0,0.093,0.0,0.012,0.6,0.6,-27.489367,2.263791,0.75459707,0.104,0.0,0.15439588,0.0,0.0
hardzero_only__c0p58__z1p00__lam0p000__nu0p50__psi0p00,0.093,borrow,47,1202,0.0,3,-0.6,-0.6,-0.61200005,1.0354555,0.0,0.092160426,0.0,0.0,0.093,0.0,0.012,0.6,0.6,-28.16529,2.2780476,0.7593492,0.14400001,0.0,0.16695446,0.0,0.0
hardzero_only__c0p58__z1p00__lam0p000__nu0p50__psi0p00,0.093,borrow,47,1203,0.0,3,-0.6,-0.6,-0.60255,0.9930498,0.10161321,0.10161321,1.0,0.009450029,0.093,0.0,0.012,0.6,0.6,-26.966076,2.1847532,0.7282511,0.18400002,0.0,0.13756791,0.0,0.0
hardzero_only__c0p58__z1p00__lam0p000__nu0p50__psi0p00,0.093,borrow,47,1204,0.0,3,-0.6,-0.6,-0.60225034,0.97949004,0.10483588,0.10483588,1.0,0.009749738,0.093,0.0,0.012,0.6,0.6,-26.348272,2.154921,0.718307,0.15200001,0.0,0.13310434,0.0,0.0
hardzero_only__c0p58__z1p00__lam0p000__nu0p50__psi0p00,0.093,borrow,47,1205,0.0,3,-0.6,-0.6,-0.60258746,0.994773,0.10121083,0.10121083,1.0,0.009412608,0.093,0.0,0.012,0.6,0.6,-26.76459,2.1885443,0.7295148,0.15200001,0.0,0.14863226,0.0,0.0
hardzero_only__c0p58__z1p00__lam0p000__nu0p50__psi0p00,0.093,borrow,47,1206,0.0,3,-0.6,-0.6,-0.61200005,1.0072846,0.0,0.098336644,0.0,0.0,0.093,0.0,0.012,0.6,0.6,-26.885866,2.2160704,0.73869014,0.136,0.0,0.14418653,0.0,0.0
hardzero_only__c0p58__z1p00__lam0p000__nu0p50__psi0p00,0.093,borrow,47,1207,0.0,3,-0.6,-0.6,-0.60166603,0.9542127,0.11111874,0.11111874,1.0,0.010334043,0.093,0.0,0.012,0.6,0.6,-26.017513,2.09931,0.69977,0.16800001,0.0,0.13627923,0.0,0.0
hardzero_only__c0p58__z1p00__lam0p000__nu0p50__psi0p00,0.093,borrow,47,1208,0.0,3,-0.6,-0.6,-0.60214585,0.9748625,0.1059589,0.1059589,1.0,0.009854178,0.093,0.0,0.012,0.6,0.6,-26.814386,2.1447403,0.7149135,0.136,0.0,0.14594486,0.0,0.0
hardzero_only__c0p58__z1p00__lam0p000__nu0p50__psi0p00,0.093,borrow,47,1209,0.0,3,-0.6,-0.6,-0.61200005,1.007304,0.0,0.098332256,0.0,0.0,0.093,0.0,0.012,0.6,0.6,-27.348625,2.2161129,0.7387043,0.17999999,0.0,0.1541792,0.0,0.0
hardzero_only__c0p58__z1p00__lam0p000__nu0p50__psi0p00,0.093,borrow,47,1210,0.0,3,-0.6,-0.6,-0.61200005,1.0017242,0.0,0.099603765,0.0,0.0,0.093,0.0,0.012,0.6,0.6,-26.392376,2.2038374,0.73461246,0.16000001,0.0,0.16870235,0.0,0.0
hardzero_only__c0p58__z1p00__lam0p000__nu0p50__psi0p00,0.093,borrow,47,1211,0.0,3,-0.6,-0.6,-0.6017509,0.9577965,0.11020554,0.11020554,1.0,0.0102491155,0.093,0.0,0.012,0.6,0.6,-25.934393,2.1071944,0.7023982,0.08800001,0.0,0.14574291,0.0,0.0
hardzero_only__c0p58__z1p00__lam0p000__nu0p50__psi0p00,0.093,borrow,47,1212,0.0,3,-0.6,-0.6,-0.60234827,0.98387474,0.10378278,0.10378278,1.0,0.009651799,0.093,0.0,0.012,0.6,0.6,-26.897825,2.1645677,0.72152257,0.2,0.0,0.17070231,0.0,0.0
hardzero_only__c0p58__z1p00__lam0p000__nu0p50__psi0p00,0.093,borrow,47,1213,0.0,3,-0.6,-0.6,-0.61200005,1.0483999,0.0,0.08945406,0.0,0.0,0.093,0.0,0.012,0.6,0.6,-27.563305,2.306526,0.768842,0.17600001,0.0,0.1601996,0.0,0.0
hardzero_only__c0p58__z1p00__lam0p000__nu0p50__psi0p00,0.093,borrow,47,1214,0.0,3,-0.6,-0.6,-0.61200005,1.0555906,0.0,0.08798514,0.0,0.0,0.093,0.0,0.012,0.6,0.6,-26.819603,2.3223457,0.77411526,0.14400001,0.0,0.14816464,0.0,0.0
hardzero_only__c0p58__z1p00__lam0p000__nu0p50__psi0p00,0.093,borrow,47,1215,0.0,3,-0.6,-0.6,-0.6020092,0.9688802,0.107428566,0.107428566,1.0,0.009990857,0.093,0.0,0.012,0.6,0.6,-26.461313,2.131579,0.71052635,0.192,0.0,0.15943907,0.0,0.0
hardzero_only__c0p58__z1p00__lam0p000__nu0p50__psi0p00,0.093,borrow,47,1216,0.0,3,-0.6,-0.6,-0.61200005,1.0099856,0.0,0.09772696,0.0,0.0,0.093,0.0,0.012,0.6,0.6,-26.367743,2.2220125,0.74067086,0.15200001,0.0,0.14745161,0.0,0.0
hardzero_only__c0p58__z1p00__lam0p000__nu0p50__psi0p00,0.093,borrow,47,1217,0.0,3,-0.6,-0.6,-0.60191935,0.9649912,0.10839488,0.10839488,1.0,0.010080724,0.093,0.0,0.012,0.6,0.6,-25.683558,2.123023,0.7076744,0.216,0.0,0.14740562,0.0,0.0
hardzero_only__c0p58__z1p00__lam0p000__nu0p50__psi0p00,0.093,borrow,47,1218,0.0,3,-0.6,-0.6,-0.61200005,1.0322108,0.0,0.09285155,0.0,0.0,0.093,0.0,0.012,0.6,0.6,-27.66022,2.270909,0.7569697,0.2,0.0,0.15192269,0.0,0.0
hardzero_only__c0p58__z1p00__lam0p000__nu0p50__psi0p00,0.093,borrow,47,1219,0.0,3,-0.6,-0.6,-0.61200005,1.0355866,0.0,0.09213261,0.0,0.0,0.093,0.0,0.012,0.6,0.6,-27.733446,2.278336,0.75944537,0.2,0.0,0.17907144,0.0,0.0
hardzero_only__c0p58__z1p00__lam0p000__nu0p50__psi0p00,0.093,borrow,47,1220,0.0,3,-0.6,-0.6,-0.6022052,0.9774848,0.10532105,0.10532105,1.0,0.009794858,0.093,0.0,0.012,0.6,0.6,-26.175688,2.1505096,0.7168366,0.18400002,0.0,0.1550207,0.0,0.0
hardzero_only__c0p58__z1p00__lam0p000__nu0p50__psi0p00,0.093,borrow,47,1221,0.0,3,-0.6,-0.6,-0.61200005,1.0146613,0.0,0.096680455,0.0,0.0,0.093,0.0,0.012,0.6,0.6,-27.54111,2.2322996,0.74409986,0.17600001,0.0,0.13446648,0.0,0.0
hardzero_only__c0p58__z1p00__lam0p000__nu0p50__psi0p00,0.093,borrow,47,1222,0.0,3,-0.6,-0.6,-0.6022617,0.979999,0.10471308,0.10471308,1.0,0.009738317,0.093,0.0,0.012,0.6,0.6,-26.835659,2.156041,0.7186803,0.22999999,0.0,0.15595394,0.0,0.0
hardzero_only__c0p58__z1p00__lam0p000__nu0p50__psi0p00,0.093,borrow,47,1223,0.0,3,-0.6,-0.6,-0.61200005,1.0370244,0.0,0.0918281,0.0,0.0,0.093,0.0,0.012,0.6,0.6,-26.8468,2.2814991,0.7604997,0.096,0.0,0.1494277,0.0,0.0
hardzero_only__c0p58__z1p00__lam0p000__nu0p50__psi0p00,0.093,borrow,47,1224,0.0,3,-0.6,-0.6,-0.60211277,0.97340524,0.10631505,0.10631505,1.0,0.0098872995,0.093,0.0,0.012,0.6,0.6,-26.590319,2.1415343,0.7138448,0.24800001,0.0,0.1555505,0.0,0.0
hardzero_only__c0p58__z1p00__lam0p000__nu0p50__psi0p00,0.093,borrow,47,1225,0.0,3,-0.6,-0.6,-0.61200005,1.0118209,0.0,0.09731485,0.0,0.0,0.093,0.0,0.012,0.6,0.6,-26.568113,2.2260504,0.7420168,0.2,0.0,0.14000925,0.0,0.0
hardzero_only__c0p58__z1p00__lam0p000__nu0p50__psi0p00,0.093,borrow,47,1226,0.0,3,-0.6,-0.6,-0.6010636,0.92960626,0.117596336,0.117596336,1.0,0.0109364595,0.093,0.0,0.012,0.6,0.6,-25.56876,2.0451746,0.6817249,0.216,0.0,0.14151253,0.0,0.0
hardzero_only__c0p58__z1p00__lam0p000__nu0p50__psi0p00,0.093,borrow,47,1227,0.0,3,-0.6,-0.6,-0.60221153,0.9777667,0.10525272,0.10525272,1.0,0.009788503,0.093,0.0,0.012,0.6,0.6,-27.060472,2.1511297,0.7170433,0.120000005,0.0,0.15943031,0.0,0.0
hardzero_only__c0p58__z1p00__lam0p000__nu0p50__psi0p00,0.093,borrow,47,1228,0.0,3,-0.6,-0.6,-0.61200005,1.063207,0.0,0.08645557,0.0,0.0,0.093,0.0,0.012,0.6,0.6,-27.877186,2.3391023,0.77970076,0.136,0.0,0.15583748,0.0,0.0
hardzero_only__c0p58__z1p00__lam0p000__nu0p50__psi0p00,0.093,borrow,47,1229,0.0,3,-0.6,-0.6,-0.61200005,1.0069538,0.0,0.09841158,0.0,0.0,0.093,0.0,0.012,0.6,0.6,-27.129152,2.2153428,0.7384476,0.18400002,0.0,0.16464831,0.0,0.0
hardzero_only__c0p58__z1p00__lam0p000__nu0p50__psi0p00,0.093,borrow,47,1230,0.0,3,-0.6,-0.6,-0.6025747,0.9941867,0.10134755,0.10134755,1.0,0.0094253225,0.093,0.0,0.012,0.6,0.6,-26.536707,2.1872544,0.72908485,0.136,0.0,0.18015522,0.0,0.0
hardzero_only__c0p58__z1p00__lam0p000__nu0p50__psi0p00,0.093,borrow,47,1231,0.0,3,-0.6,-0.6,-0.61200005,1.0187895,0.0,0.095765814,0.0,0.0,0.093,0.0,0.012,0.6,0.6,-28.065762,2.2413816,0.74712723,0.18400002,0.0,0.19642429,0.0,0.0
hardzero_only__c0p58__z1p00__lam0p000__nu0p50__psi0p00,0.093,borrow,47,1232,0.0,3,-0.6,-0.6,-0.60161185,0.9519432,0.11170093,0.11170093,1.0,0.010388187,0.093,0.0,0.012,0.6,0.6,-26.523724,2.094317,0.6981057,0.224,0.0,0.16762336,0.0,0.0
hardzero_only__c0p58__z1p00__lam0p000__nu0p50__psi0p00,0.093,borrow,47,1233,0.0,3,-0.6,-0.6,-0.61200005,1.0103744,0.0,0.09763949,0.0,0.0,0.093,0.0,0.012,0.6,0.6,-26.162,2.2228682,0.74095607,0.096,0.0,0.14312854,0.0,0.0
hardzero_only__c0p58__z1p00__lam0p000__nu0p50__psi0p00,0.093,borrow,47,1234,0.0,3,-0.6,-0.6,-0.61200005,1.009682,0.0,0.09779528,0.0,0.0,0.093,0.0,0.012,0.6,0.6,-27.750801,2.221345,0.74044836,0.2,0.0,0.17699943,0.0,0.0
hardzero_only__c0p58__z1p00__lam0p000__nu0p50__psi0p00,0.093,borrow,47,1235,0.0,3,-0.6,-0.6,-0.6024789,0.9897935,0.102377966,0.102377966,1.0,0.009521151,0.093,0.0,0.012,0.6,0.6,-26.0773,2.1775892,0.7258631,0.22,0.0,0.15254164,0.0,0.0
hardzero_only__c0p58__z1p00__lam0p000__nu0p50__psi0p00,0.093,borrow,47,1236,0.0,3,-0.6,-0.6,-0.60176194,0.95826405,0.11008697,0.11008697,1.0,0.010238089,0.093,0.0,0.012,0.6,0.6,-26.738789,2.108223,0.702741,0.17600001,0.0,0.14139165,0.0,0.0
hardzero_only__c0p58__z1p00__lam0p000__nu0p50__psi0p00,0.093,borrow,47,1237,0.0,3,-0.6,-0.6,-0.60172325,0.956626,0.11050298,0.11050298,1.0,0.010276778,0.093,0.0,0.012,0.6,0.6,-25.74403,2.1046193,0.70153975,0.216,0.008,0.17285499,0.0,0.0
hardzero_only__c0p58__z1p00__lam0p000__nu0p50__psi0p00,0.093,borrow,47,1238,0.0,3,-0.6,-0.6,-0.61200005,1.0172104,0.0,0.096114665,0.0,0.0,0.093,0.0,0.012,0.6,0.6,-27.062912,2.2379074,0.7459692,0.120000005,0.0,0.16649547,0.0,0.0
hardzero_only__c0p58__z1p00__lam0p000__nu0p50__psi0p00,0.093,borrow,47,1239,0.0,3,-0.6,-0.6,-0.60250294,0.9908905,0.102119684,0.102119684,1.0,0.009497131,0.093,0.0,0.012,0.6,0.6,-26.757683,2.1800027,0.7266676,0.16000001,0.0,0.17527978,0.0,0.0
hardzero_only__c0p58__z1p00__lam0p000__nu0p50__psi0p00,0.093,borrow,47,1240,0.0,3,-0.6,-0.6,-0.602016,0.9691758,0.10735547,0.10735547,1.0,0.009984058,0.093,0.0,0.012,0.6,0.6,-26.465893,2.1322293,0.7107431,0.208,0.0,0.13740768,0.0,0.0
hardzero_only__c0p58__z1p00__lam0p000__nu0p50__psi0p00,0.093,borrow,47,1241,0.0,3,-0.6,-0.6,-0.602098,0.97275734,0.10647378,0.10647378,1.0,0.009902062,0.093,0.0,0.012,0.6,0.6,-26.475563,2.1401088,0.7133696,0.192,0.0,0.12484491,0.0,0.0
hardzero_only__c0p58__z1p00__lam0p000__nu0p50__psi0p00,0.093,borrow,47,1242,0.0,3,-0.6,-0.6,-0.60266316,0.998282,0.100396365,0.100396365,1.0,0.009336862,0.093,0.0,0.012,0.6,0.6,-26.35652,2.1962643,0.7320881,0.18400002,0.0,0.16125384,0.0,0.0
hardzero_only__c0p58__z1p00__lam0p000__nu0p50__psi0p00,0.093,borrow,47,1243,0.0,3,-0.6,-0.6,-0.61200005,1.0028329,0.0,0.09934983,0.0,0.0,0.093,0.0,0.012,0.6,0.6,-26.678783,2.2062764,0.7354255,0.14400001,0.0,0.14722267,0.0,0.0
hardzero_only__c0p58__z1p00__lam0p000__nu0p50__psi0p00,0.093,borrow,47,1244,0.0,3,-0.6,-0.6,-0.61200005,1.0370892,0.0,0.0918144,0.0,0.0,0.093,0.0,0.012,0.6,0.6,-27.626116,2.281642,0.76054734,0.128,0.0,0.21037962,0.0,0.0
hardzero_only__c0p58__z1p00__lam0p000__nu0p50__psi0p00,0.093,borrow,47,1245,0.0,3,-0.6,-0.6,-0.60207844,0.97190183,0.10668372,0.10668372,1.0,0.009921586,0.093,0.0,0.012,0.6,0.6,-26.632095,2.1382267,0.71274227,0.128,0.008,0.18116954,0.0,0.0
hardzero_only__c0p58__z1p00__lam0p000__nu0p50__psi0p00,0.093,borrow,47,1246,0.0,3,-0.6,-0.6,-0.6022018,0.97733575,0.105357185,0.105357185,1.0,0.0097982185,0.093,0.0,0.012,0.6,0.6,-25.3366,2.1501815,0.7167272,0.24800001,0.0,0.16246898,0.0,0.0
hardzero_only__c0p58__z1p00__lam0p000__nu0p50__psi0p00,0.093,borrow,47,1247,0.0,3,-0.6,-0.6,-0.6016292,0.95266855,0.11151453,0.11151453,1.0,0.0103708515,0.093,0.0,0.012,0.6,0.6,-26.5627,2.0959127,0.6986376,0.208,0.0,0.15315686,0.0,0.0
hardzero_only__c0p58__z1p00__lam0p000__nu0p50__psi0p00,0.093,borrow,47,1248,0.0,3,-0.6,-0.6,-0.61200005,1.018579,0.0,0.09581224,0.0,0.0,0.093,0.0,0.012,0.6,0.6,-27.341366,2.2409186,0.7469729,0.14999999,0.0,0.16786942,0.0,0.0
hardzero_only__c0p58__z1p00__lam0p000__nu0p50__psi0p00,0.093,borrow,47,1249,0.0,3,-0.6,-0.6,-0.61200005,1.0379082,0.0,0.091641404,0.0,0.0,0.093,0.0,0.012,0.6,0.6,-28.15837,2.2834437,0.7611479,0.15200001,0.0,0.15481018,0.0,0.0
