mechanism_tag,mechanism,alpha,seed,update,update_u,update_counter,energy_E_pre,energy_E_post,funding_z,funding_g,funding_g_raw,funding_cut_active,funding_income,funding_alpha_eff,episode_return_end_mean,terminal_min_dists_end_mean,terminal_dbar_end,terminal_occupied_end_mean,terminal_CSR_train,vartd_VarTD,depr_F,depr_F_post,env_steps
hardzero_plus_depr__c0p54__z1p05__lam0p030__nu0p50__psi1p00,hardzero_plus_depr,0.02,30,0,1.0,1,1.0,0.45999998,1.0860325,0.0,0.08202901,0.0,0.0,0.02,-27.772104,2.3893192,0.79643977,0.07,0.0,0.21411662,0.0,0.0,3200
hardzero_plus_depr__c0p54__z1p05__lam0p030__nu0p50__psi1p00,hardzero_plus_depr,0.02,30,1,0.0,1,0.45999998,0.46188328,1.0261097,0.09416516,0.09416516,1.0,0.0018833032,0.02,-26.503872,2.2574863,0.75249547,0.128,0.0,0.15564354,0.0,0.03,6400
hardzero_plus_depr__c0p54__z1p05__lam0p030__nu0p50__psi1p00,hardzero_plus_depr,0.02,30,2,0.0,1,0.46188328,0.4637718,1.0118793,0.09730176,0.09730176,1.0,0.0018885212,0.019408911,-26.903313,2.226179,0.74205965,0.208,0.0,0.18118379,0.03,0.06,9600
hardzero_plus_depr__c0p54__z1p05__lam0p030__nu0p50__psi1p00,hardzero_plus_depr,0.02,30,3,0.0,1,0.4637718,0.4637718,1.0790346,0.0,0.08336149,0.0,0.0,0.018835291,-28.520424,2.3739235,0.79130787,0.15200001,0.0,0.16178016,0.06,0.089999996,12800
hardzero_plus_depr__c0p54__z1p05__lam0p030__nu0p50__psi1p00,hardzero_plus_depr,0.02,30,4,0.0,1,0.4637718,0.46550667,1.0226703,0.09491387,0.09491387,1.0,0.001734895,0.018278625,-27.013454,2.2499194,0.7499732,0.16000001,0.0,0.14080787,0.089999996,0.12,16000
hardzero_plus_depr__c0p54__z1p05__lam0p030__nu0p50__psi1p00,hardzero_plus_depr,0.02,30,5,0.0,1,0.46550667,0.46709743,1.0473131,0.0896782,0.0896782,1.0,0.0015907484,0.017738407,-27.907997,2.3041348,0.76804495,0.16000001,0.0,0.15698737,0.12,0.14999999,19200
hardzero_plus_depr__c0p54__z1p05__lam0p030__nu0p50__psi1p00,hardzero_plus_depr,0.02,30,6,0.0,1,0.46709743,0.46880174,1.0043395,0.09900579,0.09900579,1.0,0.0017043013,0.017214159,-26.854574,2.209591,0.7365303,0.14400001,0.0,0.13123047,0.14999999,0.17999999,22400
hardzero_plus_depr__c0p54__z1p05__lam0p030__nu0p50__psi1p00,hardzero_plus_depr,0.02,30,7,0.0,1,0.46880174,0.47046337,1.0023216,0.09946686,0.09946686,1.0,0.0016616342,0.016705405,-26.82901,2.2051516,0.73505056,0.16000001,0.0,0.13964114,0.17999999,0.21,25600
hardzero_plus_depr__c0p54__z1p05__lam0p030__nu0p50__psi1p00,hardzero_plus_depr,0.02,30,8,0.0,1,0.47046337,0.47192937,1.0436885,0.09042976,0.09042976,1.0,0.0014660187,0.016211685,-27.258774,2.2961607,0.76538694,0.192,0.0,0.17142312,0.21,0.24,28800
hardzero_plus_depr__c0p54__z1p05__lam0p030__nu0p50__psi1p00,hardzero_plus_depr,0.02,30,9,0.0,1,0.47192937,0.47192937,1.0609101,0.0,0.086914025,0.0,0.0,0.015732557,-27.706799,2.3340487,0.77801627,0.224,0.0,0.18060046,0.24,0.26999998,32000
hardzero_plus_depr__c0p54__z1p05__lam0p030__nu0p50__psi1p00,hardzero_plus_depr,0.02,30,10,0.0,1,0.47192937,0.47333202,1.0368247,0.091870345,0.091870345,1.0,0.0014026387,0.01526759,-26.629507,2.28106,0.7603533,0.136,0.0,0.17860019,0.26999998,0.29999998,35200
hardzero_plus_depr__c0p54__z1p05__lam0p030__nu0p50__psi1p00,hardzero_plus_depr,0.02,30,11,0.0,1,0.47333202,0.4746969,1.0356411,0.092121065,0.092121065,1.0,0.0013648992,0.014816363,-28.173532,2.278456,0.75948536,0.136,0.0,0.15427917,0.29999998,0.32999998,38400
hardzero_plus_depr__c0p54__z1p05__lam0p030__nu0p50__psi1p00,hardzero_plus_depr,0.02,30,12,0.0,1,0.4746969,0.47609237,1.0129904,0.09705313,0.09705313,1.0,0.0013954762,0.014378476,-27.975718,2.2286234,0.7428745,0.14400001,0.0,0.16307916,0.32999998,0.35999998,41600
hardzero_plus_depr__c0p54__z1p05__lam0p030__nu0p50__psi1p00,hardzero_plus_depr,0.02,30,13,0.0,1,0.47609237,0.47609237,1.0517963,0.0,0.08875723,0.0,0.0,0.0139535265,-27.396416,2.313998,0.7713327,0.17,0.0,0.17355146,0.35999998,0.39,44800
hardzero_plus_depr__c0p54__z1p05__lam0p030__nu0p50__psi1p00,hardzero_plus_depr,0.02,30,14,0.0,1,0.47609237,0.47609237,1.0848879,0.0,0.0822455,0.0,0.0,0.013541138,-27.578556,2.386801,0.79560035,0.128,0.0,0.1684076,0.39,0.42,48000
hardzero_plus_depr__c0p54__z1p05__lam0p030__nu0p50__psi1p00,hardzero_plus_depr,0.02,30,15,0.0,1,0.47609237,0.47732815,1.0266877,0.09403993,0.09403993,1.0,0.0012357727,0.013140936,-26.709309,2.258758,0.7529194,0.16800001,0.0,0.18150944,0.42,0.45,51200
hardzero_plus_depr__c0p54__z1p05__lam0p030__nu0p50__psi1p00,hardzero_plus_depr,0.02,30,16,0.0,1,0.47732815,0.47864684,0.98545307,0.103406295,0.103406295,1.0,0.0013186953,0.012752563,-25.615942,2.16804,0.72268003,0.256,0.0,0.15804552,0.45,0.48,54400
hardzero_plus_depr__c0p54__z1p05__lam0p030__nu0p50__psi1p00,hardzero_plus_depr,0.02,30,17,0.0,1,0.47864684,0.4798129,1.0258576,0.09421985,0.09421985,1.0,0.0011660336,0.012375668,-26.584513,2.2569318,0.75231063,0.14400001,0.0,0.14220299,0.48,0.51,57600
hardzero_plus_depr__c0p54__z1p05__lam0p030__nu0p50__psi1p00,hardzero_plus_depr,0.02,30,18,0.0,1,0.4798129,0.4798129,1.0848048,0.0,0.08226123,0.0,0.0,0.012009911,-27.600737,2.3866181,0.7955394,0.104,0.0,0.15697162,0.51,0.53999996,60800
hardzero_plus_depr__c0p54__z1p05__lam0p030__nu0p50__psi1p00,hardzero_plus_depr,0.02,30,19,0.0,1,0.4798129,0.48087397,1.040757,0.09104226,0.09104226,1.0,0.0010610943,0.011654965,-27.71724,2.289711,0.763237,0.136,0.0,0.16395324,0.53999996,0.56999993,64000
hardzero_plus_depr__c0p54__z1p05__lam0p030__nu0p50__psi1p00,hardzero_plus_depr,0.02,30,20,0.0,1,0.48087397,0.4820108,0.99778396,0.100511566,0.100511566,1.0,0.0011368371,0.011310509,-27.565777,2.1951685,0.73172283,0.128,0.0,0.14877638,0.56999993,0.5999999,67200
hardzero_plus_depr__c0p54__z1p05__lam0p030__nu0p50__psi1p00,hardzero_plus_depr,0.02,30,21,0.0,1,0.4820108,0.48322958,0.95453125,0.111037254,0.111037254,1.0,0.0012187709,0.0109762335,-26.28376,2.1000106,0.70000356,0.216,0.008,0.13767613,0.5999999,0.6299999,70400
hardzero_plus_depr__c0p54__z1p05__lam0p030__nu0p50__psi1p00,hardzero_plus_depr,0.02,30,22,0.0,1,0.48322958,0.48428673,1.0032899,0.09924533,0.09924533,1.0,0.0010571451,0.010651837,-26.592037,2.207282,0.7357607,0.15200001,0.0,0.13298188,0.6299999,0.65999985,73600
hardzero_plus_depr__c0p54__z1p05__lam0p030__nu0p50__psi1p00,hardzero_plus_depr,0.02,30,23,0.0,1,0.48428673,0.48428673,1.0818297,0.0,0.08282669,0.0,0.0,0.010337027,-28.916494,2.3800728,0.7933576,0.15200001,0.0,0.21635559,0.65999985,0.6899998,76800
hardzero_plus_depr__c0p54__z1p05__lam0p030__nu0p50__psi1p00,hardzero_plus_depr,0.02,30,24,0.0,1,0.48428673,0.48535138,0.97415084,0.1061327,0.1061327,1.0,0.0010646726,0.010031523,-26.703876,2.1431746,0.7143916,0.24000001,0.0,0.13605975,0.6899998,0.7199998,80000
hardzero_plus_depr__c0p54__z1p05__lam0p030__nu0p50__psi1p00,hardzero_plus_depr,0.02,30,25,0.0,1,0.48535138,0.48622558,1.046725,0.089799725,0.089799725,1.0,0.0008742045,0.009735047,-27.554874,2.3028412,0.76761377,0.18400002,0.0,0.1908322,0.7199998,0.74999976,83200
hardzero_plus_depr__c0p54__z1p05__lam0p030__nu0p50__psi1p00,hardzero_plus_depr,0.02,30,26,0.0,1,0.48622558,0.48622558,1.0509895,0.0,0.08892225,0.0,0.0,0.009447333,-28.329462,2.312223,0.770741,0.19999999,0.0,0.18504314,0.74999976,0.77999973,86400
hardzero_plus_depr__c0p54__z1p05__lam0p030__nu0p50__psi1p00,hardzero_plus_depr,0.02,30,27,0.0,1,0.48622558,0.48704848,1.046936,0.0897561,0.0897561,1.0,0.000822895,0.009168123,-27.361658,2.3033054,0.7677685,0.14400001,0.0,0.16740797,0.77999973,0.8099997,89600
hardzero_plus_depr__c0p54__z1p05__lam0p030__nu0p50__psi1p00,hardzero_plus_depr,0.02,30,28,0.0,1,0.48704848,0.48704848,1.0562277,0.0,0.08785618,0.0,0.0,0.008897164,-28.061674,2.3237474,0.7745825,0.15200001,0.0,0.19060914,0.8099997,0.8399997,92800
hardzero_plus_depr__c0p54__z1p05__lam0p030__nu0p50__psi1p00,hardzero_plus_depr,0.02,30,29,0.0,1,0.48704848,0.48782644,1.045265,0.09010213,0.09010213,1.0,0.000777961,0.008634213,-27.935658,2.2996287,0.7665429,0.224,0.0,0.17055054,0.8399997,0.86999965,96000
hardzero_plus_depr__c0p54__z1p05__lam0p030__nu0p50__psi1p00,hardzero_plus_depr,0.02,30,30,0.0,1,0.48782644,0.48782644,1.0529081,0.0,0.0885303,0.0,0.0,0.008379034,-27.52399,2.316444,0.772148,0.18400002,0.0,0.17422926,0.86999965,0.8999996,99200
hardzero_plus_depr__c0p54__z1p05__lam0p030__nu0p50__psi1p00,hardzero_plus_depr,0.02,30,31,0.0,1,0.48782644,0.48782644,1.0997851,0.0,0.07947213,0.0,0.0,0.008131397,-28.230618,2.4195755,0.8065252,0.08800001,0.0,0.19645105,0.8999996,0.9299996,102400
hardzero_plus_depr__c0p54__z1p05__lam0p030__nu0p50__psi1p00,hardzero_plus_depr,0.02,30,32,0.0,1,0.48782644,0.4885977,1.0099417,0.09773684,0.09773684,1.0,0.000771249,0.007891078,-27.69513,2.2219162,0.74063873,0.23200001,0.0,0.17373775,0.9299996,0.95999956,105600
hardzero_plus_depr__c0p54__z1p05__lam0p030__nu0p50__psi1p00,hardzero_plus_depr,0.02,30,33,0.0,1,0.4885977,0.48928612,1.0462368,0.08990073,0.08990073,1.0,0.0006884473,0.007657861,-27.607359,2.3017669,0.76725566,0.136,0.0,0.19009417,0.95999956,0.98999953,108800
hardzero_plus_depr__c0p54__z1p05__lam0p030__nu0p50__psi1p00,hardzero_plus_depr,0.02,30,34,0.0,1,0.48928612,0.48928612,1.0729966,0.0,0.08452855,0.0,0.0,0.0074315374,-27.732197,2.3606396,0.7868799,0.136,0.0,0.15304185,0.98999953,1.0199995,112000
hardzero_plus_depr__c0p54__z1p05__lam0p030__nu0p50__psi1p00,hardzero_plus_depr,0.02,30,35,0.0,1,0.48928612,0.48928612,1.0776091,0.0,0.08363555,0.0,0.0,0.0072119026,-28.213266,2.3707874,0.79026246,0.112,0.0,0.16242239,1.0199995,1.0499995,115200
hardzero_plus_depr__c0p54__z1p05__lam0p030__nu0p50__psi1p00,hardzero_plus_depr,0.02,30,36,0.0,1,0.48928612,0.4899694,1.0104331,0.09762631,0.09762631,1.0,0.000683263,0.0069987588,-26.73414,2.2229972,0.7409991,0.16000001,0.0,0.15746987,1.0499995,1.0799994,118400
hardzero_plus_depr__c0p54__z1p05__lam0p030__nu0p50__psi1p00,hardzero_plus_depr,0.02,30,37,0.0,1,0.4899694,0.4899694,1.0607675,0.0,0.08694256,0.0,0.0,0.006791914,-27.841185,2.3337352,0.7779118,0.120000005,0.0,0.18945733,1.0799994,1.1099994,121600
hardzero_plus_depr__c0p54__z1p05__lam0p030__nu0p50__psi1p00,hardzero_plus_depr,0.02,30,38,0.0,1,0.4899694,0.49062455,1.0026245,0.0993975,0.0993975,1.0,0.0006551471,0.0065911827,-27.237474,2.205818,0.73527265,0.136,0.0,0.15476008,1.1099994,1.1399994,124800
hardzero_plus_depr__c0p54__z1p05__lam0p030__nu0p50__psi1p00,hardzero_plus_depr,0.02,30,39,0.0,1,0.49062455,0.49131566,0.9663795,0.10804893,0.10804893,1.0,0.00069112243,0.006396384,-26.335093,2.1260774,0.7086925,0.14999999,0.0,0.16526902,1.1399994,1.1699994,128000
hardzero_plus_depr__c0p54__z1p05__lam0p030__nu0p50__psi1p00,hardzero_plus_depr,0.02,30,40,0.0,1,0.49131566,0.49131566,1.054002,0.0,0.08830757,0.0,0.0,0.006207343,-27.046259,2.3188508,0.7729503,0.14400001,0.0,0.15231176,1.1699994,1.1999993,131200
hardzero_plus_depr__c0p54__z1p05__lam0p030__nu0p50__psi1p00,hardzero_plus_depr,0.02,30,41,0.0,1,0.49131566,0.4918982,1.0145515,0.096704885,0.096704885,1.0,0.0005825394,0.006023888,-26.718807,2.2320578,0.74401927,0.16800001,0.0,0.16586238,1.1999993,1.2299993,134400
hardzero_plus_depr__c0p54__z1p05__lam0p030__nu0p50__psi1p00,hardzero_plus_depr,0.02,30,42,0.0,1,0.4918982,0.4925052,0.9836603,0.10383404,0.10383404,1.0,0.0006069988,0.0058458555,-26.860832,2.1640959,0.72136533,0.216,0.0,0.15094933,1.2299993,1.2599993,137600
hardzero_plus_depr__c0p54__z1p05__lam0p030__nu0p50__psi1p00,hardzero_plus_depr,0.02,30,43,0.0,1,0.4925052,0.4925052,1.0650572,0.0,0.08608805,0.0,0.0,0.005673084,-27.047146,2.3431726,0.78105754,0.15200001,0.0,0.1780469,1.2599993,1.2899992,140800
hardzero_plus_depr__c0p54__z1p05__lam0p030__nu0p50__psi1p00,hardzero_plus_depr,0.02,30,44,0.0,1,0.4925052,0.49304056,1.0121334,0.09724485,0.09724485,1.0,0.00053537375,0.00550542,-27.398674,2.2267377,0.7422459,0.216,0.0,0.15668157,1.2899992,1.3199992,144000
hardzero_plus_depr__c0p54__z1p05__lam0p030__nu0p50__psi1p00,hardzero_plus_depr,0.02,30,45,0.0,1,0.49304056,0.49304056,1.0510526,0.0,0.088909335,0.0,0.0,0.00534271,-28.031431,2.312362,0.77078736,0.136,0.0,0.17097822,1.3199992,1.3499992,147200
hardzero_plus_depr__c0p54__z1p05__lam0p030__nu0p50__psi1p00,hardzero_plus_depr,0.02,30,46,0.0,1,0.49304056,0.49352002,1.0339794,0.09247421,0.09247421,1.0,0.00047946116,0.0051848097,-27.132833,2.2748,0.7582667,0.16000001,0.0,0.1588033,1.3499992,1.3799992,150400
hardzero_plus_depr__c0p54__z1p05__lam0p030__nu0p50__psi1p00,hardzero_plus_depr,0.02,30,47,0.0,1,0.49352002,0.49403808,0.9873397,0.102958046,0.102958046,1.0,0.0005180412,0.0050315754,-26.369064,2.1721907,0.7240636,0.216,0.0,0.14699148,1.3799992,1.4099991,153600
hardzero_plus_depr__c0p54__z1p05__lam0p030__nu0p50__psi1p00,hardzero_plus_depr,0.02,30,48,0.0,1,0.49403808,0.4945079,1.0167407,0.09621866,0.09621866,1.0,0.0004698232,0.00488287,-27.00919,2.236874,0.7456247,0.128,0.0,0.14229086,1.4099991,1.4399991,156800
hardzero_plus_depr__c0p54__z1p05__lam0p030__nu0p50__psi1p00,hardzero_plus_depr,0.02,30,49,0.0,1,0.4945079,0.4949436,1.0364921,0.09194073,0.09194073,1.0,0.00043566662,0.0047385595,-27.861126,2.2803283,0.7601094,0.16800001,0.0,0.16381443,1.4399991,1.4699991,160000
hardzero_plus_depr__c0p54__z1p05__lam0p030__nu0p50__psi1p00,hardzero_plus_depr,0.02,30,50,0.0,1,0.4949436,0.4953728,1.0299479,0.09333663,0.09333663,1.0,0.00042920982,0.004598514,-27.350079,2.2659307,0.75531024,0.136,0.0,0.14814886,1.4699991,1.499999,163200
hardzero_plus_depr__c0p54__z1p05__lam0p030__nu0p50__psi1p00,hardzero_plus_depr,0.02,30,51,0.0,1,0.4953728,0.4953728,1.0795438,0.0,0.08326378,0.0,0.0,0.0044626077,-28.526936,2.3750439,0.7916813,0.16000001,0.0,0.1957864,1.499999,1.529999,166400
hardzero_plus_depr__c0p54__z1p05__lam0p030__nu0p50__psi1p00,hardzero_plus_depr,0.02,30,52,0.0,1,0.4953728,0.4953728,1.0564159,0.0,0.087818116,0.0,0.0,0.004330718,-27.280758,2.3241613,0.77472043,0.16,0.0,0.1320251,1.529999,1.559999,169600
hardzero_plus_depr__c0p54__z1p05__lam0p030__nu0p50__psi1p00,hardzero_plus_depr,0.02,30,53,0.0,1,0.4953728,0.49577487,1.0192419,0.09566609,0.09566609,1.0,0.0004020583,0.0042027254,-27.52963,2.242377,0.74745905,0.224,0.0,0.1643958,1.559999,1.589999,172800
hardzero_plus_depr__c0p54__z1p05__lam0p030__nu0p50__psi1p00,hardzero_plus_depr,0.02,30,54,0.0,1,0.49577487,0.49577487,1.0557544,0.0,0.087951966,0.0,0.0,0.0040785163,-26.730688,2.322706,0.77423537,0.112,0.0,0.15092164,1.589999,1.6199989,176000
hardzero_plus_depr__c0p54__z1p05__lam0p030__nu0p50__psi1p00,hardzero_plus_depr,0.02,30,55,0.0,1,0.49577487,0.49619132,0.977914,0.10521702,0.10521702,1.0,0.00041644665,0.003957978,-26.632305,2.1514537,0.7171513,0.23200001,0.0,0.16589965,1.6199989,1.6499989,179200
hardzero_plus_depr__c0p54__z1p05__lam0p030__nu0p50__psi1p00,hardzero_plus_depr,0.02,30,56,0.0,1,0.49619132,0.49619132,1.0766118,0.0,0.08382782,0.0,0.0,0.0038410025,-28.467451,2.3685932,0.7895311,0.112,0.0,0.18266624,1.6499989,1.6799989,182400
hardzero_plus_depr__c0p54__z1p05__lam0p030__nu0p50__psi1p00,hardzero_plus_depr,0.02,30,57,0.0,1,0.49619132,0.496542,1.0264933,0.09408201,0.09408201,1.0,0.00035068917,0.0037274836,-26.350544,2.2583303,0.7527768,0.136,0.0,0.1368688,1.6799989,1.7099988,185600
hardzero_plus_depr__c0p54__z1p05__lam0p030__nu0p50__psi1p00,hardzero_plus_depr,0.02,30,58,0.0,1,0.496542,0.49687356,1.037848,0.09165413,0.09165413,1.0,0.0003315423,0.00361732,-27.921246,2.2833111,0.76110375,0.17600001,0.0,0.16851683,1.7099988,1.7399988,188800
hardzero_plus_depr__c0p54__z1p05__lam0p030__nu0p50__psi1p00,hardzero_plus_depr,0.02,30,59,0.0,1,0.49687356,0.49687356,1.065041,0.0,0.08609125,0.0,0.0,0.0035104118,-28.386803,2.3431368,0.7810456,0.18400002,0.0,0.17755936,1.7399988,1.7699988,192000
hardzero_plus_depr__c0p54__z1p05__lam0p030__nu0p50__psi1p00,hardzero_plus_depr,0.02,30,60,0.0,1,0.49687356,0.4971869,1.0363096,0.09197936,0.09197936,1.0,0.00031334278,0.0034066641,-27.835632,2.2799265,0.75997555,0.136,0.0,0.16689444,1.7699988,1.7999988,195200
hardzero_plus_depr__c0p54__z1p05__lam0p030__nu0p50__psi1p00,hardzero_plus_depr,0.02,30,61,0.0,1,0.4971869,0.4975214,0.99489987,0.10118127,0.10118127,1.0,0.00033450345,0.0033059819,-26.916685,2.1888235,0.7296078,0.136,0.0,0.17311737,1.7999988,1.8299987,198400
hardzero_plus_depr__c0p54__z1p05__lam0p030__nu0p50__psi1p00,hardzero_plus_depr,0.02,30,62,0.0,1,0.4975214,0.4978146,1.039129,0.09138417,0.09138417,1.0,0.00029318559,0.0032082754,-27.319874,2.2861295,0.7620432,0.14400001,0.0,0.14473802,1.8299987,1.8599987,201600
hardzero_plus_depr__c0p54__z1p05__lam0p030__nu0p50__psi1p00,hardzero_plus_depr,0.02,30,63,0.0,1,0.4978146,0.4981162,1.0137928,0.09687399,0.09687399,1.0,0.00030161295,0.0031134563,-26.89674,2.2303886,0.7434629,0.16800001,0.0,0.18862602,1.8599987,1.8899987,204800
hardzero_plus_depr__c0p54__z1p05__lam0p030__nu0p50__psi1p00,hardzero_plus_depr,0.02,30,64,0.0,1,0.4981162,0.49838683,1.0478204,0.089573495,0.089573495,1.0,0.00027064097,0.0030214402,-26.59181,2.3052511,0.76841706,0.16000001,0.0,0.13311964,1.8899987,1.9199986,208000
hardzero_plus_depr__c0p54__z1p05__lam0p030__nu0p50__psi1p00,hardzero_plus_depr,0.02,30,65,0.0,1,0.49838683,0.49838683,1.0843794,0.0,0.082341835,0.0,0.0,0.0029321432,-27.711962,2.3856823,0.79522747,0.14,0.0,0.12967768,1.9199986,1.9499986,211200
hardzero_plus_depr__c0p54__z1p05__lam0p030__nu0p50__psi1p00,hardzero_plus_depr,0.02,30,66,0.0,1,0.49838683,0.49865982,1.0180116,0.095937505,0.095937505,1.0,0.00027298875,0.0028454852,-26.786072,2.2396703,0.74655676,0.15200001,0.0,0.16853793,1.9499986,1.9799986,214400
hardzero_plus_depr__c0p54__z1p05__lam0p030__nu0p50__psi1p00,hardzero_plus_depr,0.02,30,67,0.0,1,0.49865982,0.49891797,1.0292664,0.09348321,0.09348321,1.0,0.00025814347,0.0027613884,-27.55955,2.2644312,0.75481045,0.2,0.0,0.13994052,1.9799986,2.0099986,217600
hardzero_plus_depr__c0p54__z1p05__lam0p030__nu0p50__psi1p00,hardzero_plus_depr,0.02,30,68,0.0,1,0.49891797,0.49891797,1.0541991,0.0,0.08826751,0.0,0.0,0.0026797773,-28.037724,2.3192842,0.7730948,0.15200001,0.0,0.17245357,2.0099986,2.0399985,220800
hardzero_plus_depr__c0p54__z1p05__lam0p030__nu0p50__psi1p00,hardzero_plus_depr,0.02,30,69,0.0,1,0.49891797,0.49891797,1.0664701,0.0,0.0858084,0.0,0.0,0.0026005781,-28.373384,2.3462813,0.78209376,0.16000001,0.0,0.18525772,2.0399985,2.0699985,224000
hardzero_plus_depr__c0p54__z1p05__lam0p030__nu0p50__psi1p00,hardzero_plus_depr,0.02,30,70,0.0,1,0.49891797,0.4991572,1.0232452,0.09478831,0.09478831,1.0,0.0002392191,0.0025237193,-26.812819,2.2511845,0.7503948,0.16800001,0.0,0.16311896,2.0699985,2.0999985,227200
hardzero_plus_depr__c0p54__z1p05__lam0p030__nu0p50__psi1p00,hardzero_plus_depr,0.02,30,71,0.0,1,0.4991572,0.49938467,1.0320607,0.092883654,0.092883654,1.0,0.00022748433,0.002449132,-27.275833,2.2705789,0.75685966,0.16000001,0.0,0.13390173,2.0999985,2.1299984,230400
hardzero_plus_depr__c0p54__z1p05__lam0p030__nu0p50__psi1p00,hardzero_plus_depr,0.02,30,72,0.0,1,0.49938467,0.49959937,1.044164,0.09033085,0.09033085,1.0,0.00021469379,0.0023767494,-27.745523,2.2972066,0.76573557,0.128,0.0,0.1506779,2.1299984,2.1599984,233600
hardzero_plus_depr__c0p54__z1p05__lam0p030__nu0p50__psi1p00,hardzero_plus_depr,0.02,30,73,0.0,1,0.49959937,0.499805,1.049841,0.089157715,0.089157715,1.0,0.0002056428,0.002306506,-28.684647,2.3096964,0.76989883,0.16000001,0.0,0.17562215,2.1599984,2.1899984,236800
hardzero_plus_depr__c0p54__z1p05__lam0p030__nu0p50__psi1p00,hardzero_plus_depr,0.02,30,74,0.0,1,0.499805,0.50002307,1.011297,0.09743232,0.09743232,1.0,0.00021808653,0.0022383386,-27.428135,2.2248979,0.74163264,0.16000001,0.008,0.15127029,2.1899984,2.2199984,240000
hardzero_plus_depr__c0p54__z1p05__lam0p030__nu0p50__psi1p00,hardzero_plus_depr,0.02,30,75,0.0,1,0.50002307,0.50002307,1.0801528,0.0,0.083147116,0.0,0.0,0.0021721856,-27.642256,2.3763835,0.79212785,0.15200001,0.0,0.17889816,2.2199984,2.2499983,243200
hardzero_plus_depr__c0p54__z1p05__lam0p030__nu0p50__psi1p00,hardzero_plus_depr,0.02,30,76,0.0,1,0.50002307,0.5002198,1.0300075,0.093323804,0.093323804,1.0,0.00019672545,0.0021079879,-27.650728,2.2660618,0.7553539,0.136,0.0,0.1445989,2.2499983,2.2799983,246400
hardzero_plus_depr__c0p54__z1p05__lam0p030__nu0p50__psi1p00,hardzero_plus_depr,0.02,30,77,0.0,1,0.5002198,0.5004168,1.0163825,0.09629805,0.09629805,1.0,0.00019699571,0.0020456875,-26.216856,2.2360861,0.74536204,0.18400002,0.0,0.15847664,2.2799983,2.3099983,249600
hardzero_plus_depr__c0p54__z1p05__lam0p030__nu0p50__psi1p00,hardzero_plus_depr,0.02,30,78,0.0,1,0.5004168,0.50064576,0.93806624,0.11532772,0.11532772,1.0,0.00022895187,0.0019852284,-25.6342,2.063787,0.68792903,0.17,0.0,0.12431318,2.3099983,2.3399982,252800
hardzero_plus_depr__c0p54__z1p05__lam0p030__nu0p50__psi1p00,hardzero_plus_depr,0.02,30,79,0.0,1,0.50064576,0.50084835,0.97813064,0.10516456,0.10516456,1.0,0.00020260541,0.001926556,-26.459236,2.1519303,0.71731013,0.2,0.0,0.14027975,2.3399982,2.3699982,256000
hardzero_plus_depr__c0p54__z1p05__lam0p030__nu0p50__psi1p00,hardzero_plus_depr,0.02,30,80,0.0,1,0.50084835,0.50084835,1.05243,0.0,0.08862779,0.0,0.0,0.0018696178,-28.644962,2.3153923,0.7717974,0.18400002,0.0,0.14145564,2.3699982,2.3999982,259200
hardzero_plus_depr__c0p54__z1p05__lam0p030__nu0p50__psi1p00,hardzero_plus_depr,0.02,30,81,0.0,1,0.50084835,0.50102323,1.0159225,0.09640009,0.09640009,1.0,0.0001749047,0.0018143624,-26.533781,2.2350743,0.7450248,0.120000005,0.0,0.14392486,2.3999982,2.4299982,262400
hardzero_plus_depr__c0p54__z1p05__lam0p030__nu0p50__psi1p00,hardzero_plus_depr,0.02,30,82,0.0,1,0.50102323,0.50118613,1.0338209,0.092507966,0.092507966,1.0,0.00016288245,0.0017607398,-27.625338,2.2744513,0.75815046,0.136,0.0,0.1738176,2.4299982,2.4599981,265600
hardzero_plus_depr__c0p54__z1p05__lam0p030__nu0p50__psi1p00,hardzero_plus_depr,0.02,30,83,0.0,1,0.50118613,0.5013655,0.97890234,0.104977846,0.104977846,1.0,0.00017937586,0.0017087021,-26.447104,2.153628,0.7178761,0.2,0.0,0.1423862,2.4599981,2.489998,268800
hardzero_plus_depr__c0p54__z1p05__lam0p030__nu0p50__psi1p00,hardzero_plus_depr,0.02,30,84,0.0,1,0.5013655,0.5013655,1.0660125,0.0,0.08589887,0.0,0.0,0.0016582025,-27.397673,2.3452742,0.78175807,0.192,0.0,0.16385302,2.489998,2.519998,272000
hardzero_plus_depr__c0p54__z1p05__lam0p030__nu0p50__psi1p00,hardzero_plus_depr,0.02,30,85,0.0,1,0.5013655,0.5015376,0.97074133,0.106969185,0.106969185,1.0,0.0001721343,0.0016091953,-26.263409,2.1356735,0.7118912,0.14400001,0.0,0.14316918,2.519998,2.549998,275200
hardzero_plus_depr__c0p54__z1p05__lam0p030__nu0p50__psi1p00,hardzero_plus_depr,0.02,30,86,0.0,1,0.5015376,0.5016903,1.009798,0.09776917,0.09776917,1.0,0.00015267989,0.0015616363,-27.0102,2.2216,0.74053335,0.16800001,0.0,0.14332065,2.549998,2.579998,278400
hardzero_plus_depr__c0p54__z1p05__lam0p030__nu0p50__psi1p00,hardzero_plus_depr,0.02,30,87,0.0,1,0.5016903,0.5018325,1.0278296,0.093792975,0.093792975,1.0,0.00014214165,0.0015154829,-26.839384,2.2612703,0.75375676,0.136,0.0,0.19752778,2.579998,2.609998,281600
hardzero_plus_depr__c0p54__z1p05__lam0p030__nu0p50__psi1p00,hardzero_plus_depr,0.02,30,88,0.0,1,0.5018325,0.5019855,0.98283184,0.10403229,0.10403229,1.0,0.00015299967,0.001470694,-26.897352,2.1622732,0.7207577,0.15200001,0.0,0.14567102,2.609998,2.639998,284800
hardzero_plus_depr__c0p54__z1p05__lam0p030__nu0p50__psi1p00,hardzero_plus_depr,0.02,30,89,0.0,1,0.5019855,0.5021258,1.0074964,0.09828871,0.09828871,1.0,0.00014028042,0.0014272282,-26.70281,2.2165363,0.73884547,0.16000001,0.0,0.16963692,2.639998,2.669998,288000
hardzero_plus_depr__c0p54__z1p05__lam0p030__nu0p50__psi1p00,hardzero_plus_depr,0.02,30,90,0.0,1,0.5021258,0.5021258,1.0616163,0.0,0.08677282,0.0,0.0,0.0013850472,-27.756535,2.3356025,0.7785342,0.15200001,0.0,0.14024803,2.669998,2.699998,291200
hardzero_plus_depr__c0p54__z1p05__lam0p030__nu0p50__psi1p00,hardzero_plus_depr,0.02,30,91,0.0,1,0.5021258,0.5021258,1.05063,0.0,0.08899591,0.0,0.0,0.001344113,-27.032389,2.3114321,0.7704774,0.11,0.0,0.15897304,2.699998,2.7299979,294400
hardzero_plus_depr__c0p54__z1p05__lam0p030__nu0p50__psi1p00,hardzero_plus_depr,0.02,30,92,0.0,1,0.5021258,0.5022462,1.0346975,0.09232141,0.09232141,1.0,0.000120423,0.0013043886,-26.772064,2.27638,0.75879335,0.14400001,0.0,0.15951097,2.7299979,2.7599978,297600
hardzero_plus_depr__c0p54__z1p05__lam0p030__nu0p50__psi1p00,hardzero_plus_depr,0.02,30,93,0.0,1,0.5022462,0.5022462,1.0932231,0.0,0.08068204,0.0,0.0,0.0012658379,-28.305878,2.4051387,0.80171293,0.072000004,0.0,0.14823928,2.7599978,2.7899978,300800
hardzero_plus_depr__c0p54__z1p05__lam0p030__nu0p50__psi1p00,hardzero_plus_depr,0.02,30,94,0.0,1,0.5022462,0.50236213,1.0251456,0.09437443,0.09437443,1.0,0.0001159321,0.0012284269,-26.022644,2.2553654,0.7517885,0.192,0.0,0.13911407,2.7899978,2.8199978,304000
hardzero_plus_depr__c0p54__z1p05__lam0p030__nu0p50__psi1p00,hardzero_plus_depr,0.02,30,95,0.0,1,0.50236213,0.50236213,1.0867863,0.0,0.081886776,0.0,0.0,0.0011921215,-28.249989,2.3909776,0.79699254,0.16800001,0.0,0.16711077,2.8199978,2.8499978,307200
hardzero_plus_depr__c0p54__z1p05__lam0p030__nu0p50__psi1p00,hardzero_plus_depr,0.02,30,96,0.0,1,0.50236213,0.5024791,0.9953555,0.10107519,0.10107519,1.0,0.00011693277,0.001156889,-27.547857,2.1898258,0.72994196,0.136,0.0,0.17390129,2.8499978,2.8799977,310400
hardzero_plus_depr__c0p54__z1p05__lam0p030__nu0p50__psi1p00,hardzero_plus_depr,0.02,30,97,0.0,1,0.5024791,0.50258535,1.0238732,0.09465135,0.09465135,1.0,0.000106264866,0.0011226978,-27.315237,2.252566,0.7508554,0.14400001,0.0,0.16788262,2.8799977,2.9099977,313600
hardzero_plus_depr__c0p54__z1p05__lam0p030__nu0p50__psi1p00,hardzero_plus_depr,0.02,30,98,0.0,1,0.50258535,0.5026898,1.0184923,0.095831364,0.095831364,1.0,0.000104409904,0.001089517,-27.051083,2.240728,0.7469093,0.16800001,0.0,0.15661491,2.9099977,2.9399977,316800
hardzero_plus_depr__c0p54__z1p05__lam0p030__nu0p50__psi1p00,hardzero_plus_depr,0.02,30,99,0.0,1,0.5026898,0.502788,1.0320942,0.09287648,0.09287648,1.0,9.819989e-05,0.0010573171,-26.849823,2.2706528,0.7568843,0.128,0.0,0.14308631,2.9399977,2.9699976,320000
hardzero_plus_depr__c0p54__z1p05__lam0p030__nu0p50__psi1p00,hardzero_plus_depr,0.02,30,100,0.0,1,0.502788,0.5028851,1.023958,0.094632864,0.094632864,1.0,9.709981e-05,0.0010260686,-26.753775,2.2527525,0.75091755,0.2,0.0,0.15049326,2.9699976,2.9999976,323200
hardzero_plus_depr__c0p54__z1p05__lam0p030__nu0p50__psi1p00,hardzero_plus_depr,0.02,30,101,0.0,1,0.5028851,0.50297713,1.0342189,0.09242322,0.09242322,1.0,9.202984e-05,0.0009957437,-27.471546,2.275327,0.75844234,0.136,0.0,0.16921096,2.9999976,3.0299976,326400
hardzero_plus_depr__c0p54__z1p05__lam0p030__nu0p50__psi1p00,hardzero_plus_depr,0.02,30,102,0.0,1,0.50297713,0.5030709,1.0131761,0.09701166,0.09701166,1.0,9.374383e-05,0.00096631504,-26.968235,2.2290318,0.74301064,0.208,0.0,0.1569085,3.0299976,3.0599976,329600
hardzero_plus_depr__c0p54__z1p05__lam0p030__nu0p50__psi1p00,hardzero_plus_depr,0.02,30,103,0.0,1,0.5030709,0.5030709,1.0540346,0.0,0.08830096,0.0,0.0,0.0009377562,-27.216656,2.3189223,0.77297413,0.14400001,0.0,0.15816012,3.0599976,3.0899975,332800
hardzero_plus_depr__c0p54__z1p05__lam0p030__nu0p50__psi1p00,hardzero_plus_depr,0.02,30,104,0.0,1,0.5030709,0.5031644,0.98804724,0.10279045,0.10279045,1.0,9.354356e-05,0.00091004133,-26.688734,2.1737473,0.72458243,0.17999999,0.0,0.17345595,3.0899975,3.1199975,336000
hardzero_plus_depr__c0p54__z1p05__lam0p030__nu0p50__psi1p00,hardzero_plus_depr,0.02,30,105,0.0,1,0.5031644,0.50324386,1.0458728,0.0899761,0.0899761,1.0,7.946199e-05,0.00088314555,-27.624367,2.300966,0.7669887,0.224,0.0,0.1838102,3.1199975,3.1499975,339200
hardzero_plus_depr__c0p54__z1p05__lam0p030__nu0p50__psi1p00,hardzero_plus_depr,0.02,30,106,0.0,1,0.50324386,0.503334,0.9782431,0.10513731,0.10513731,1.0,9.010737e-05,0.00085704465,-26.445621,2.1521778,0.7173926,0.18400002,0.0,0.1440562,3.1499975,3.1799974,342400
hardzero_plus_depr__c0p54__z1p05__lam0p030__nu0p50__psi1p00,hardzero_plus_depr,0.02,30,107,0.0,1,0.503334,0.503334,1.0892705,0.0,0.08141971,0.0,0.0,0.00083171524,-28.075937,2.396443,0.7988143,0.15200001,0.0,0.14480156,3.1799974,3.2099974,345600
hardzero_plus_depr__c0p54__z1p05__lam0p030__nu0p50__psi1p00,hardzero_plus_depr,0.02,30,108,0.0,1,0.503334,0.503334,1.0690075,0.0,0.08530853,0.0,0.0,0.0008071343,-27.531248,2.3518636,0.78395456,0.120000005,0.0,0.17446177,3.2099974,3.2399974,348800
hardzero_plus_depr__c0p54__z1p05__lam0p030__nu0p50__psi1p00,hardzero_plus_depr,0.02,30,109,0.0,1,0.503334,0.503334,1.0699837,0.0,0.08511699,0.0,0.0,0.00078327995,-28.083828,2.354011,0.78467035,0.18400002,0.0,0.1727852,3.2399974,3.2699974,352000
hardzero_plus_depr__c0p54__z1p05__lam0p030__nu0p50__psi1p00,hardzero_plus_depr,0.02,30,110,0.0,1,0.503334,0.5034072,1.0163836,0.09629779,0.09629779,1.0,7.3198884e-05,0.00076013047,-27.341772,2.2360888,0.74536294,0.16800001,0.0,0.14299583,3.2699974,3.2999973,355200
hardzero_plus_depr__c0p54__z1p05__lam0p030__nu0p50__psi1p00,hardzero_plus_depr,0.02,30,111,0.0,1,0.5034072,0.5034072,1.0631486,0.0,0.08646719,0.0,0.0,0.0007376653,-27.828585,2.3389738,0.77965796,0.096,0.0,0.15252404,3.2999973,3.3299973,358400
hardzero_plus_depr__c0p54__z1p05__lam0p030__nu0p50__psi1p00,hardzero_plus_depr,0.02,30,112,0.0,1,0.5034072,0.5034072,1.0504874,0.0,0.08902513,0.0,0.0,0.00071586407,-27.506845,2.3111184,0.7703728,0.16000001,0.0,0.16631122,3.3299973,3.3599973,361600
hardzero_plus_depr__c0p54__z1p05__lam0p030__nu0p50__psi1p00,hardzero_plus_depr,0.02,30,113,0.0,1,0.5034072,0.50347924,0.98406845,0.10373649,0.10373649,1.0,7.2066476e-05,0.0006947071,-26.057646,2.1649938,0.7216646,0.2,0.0,0.15021312,3.3599973,3.3899972,364800
hardzero_plus_depr__c0p54__z1p05__lam0p030__nu0p50__psi1p00,hardzero_plus_depr,0.02,30,114,0.0,1,0.50347924,0.5035425,1.0279303,0.09377126,0.09377126,1.0,6.321827e-05,0.0006741754,-27.134098,2.2614918,0.7538306,0.14400001,0.0,0.15782428,3.3899972,3.4199972,368000
hardzero_plus_depr__c0p54__z1p05__lam0p030__nu0p50__psi1p00,hardzero_plus_depr,0.02,30,115,0.0,1,0.5035425,0.5036019,1.0415752,0.0908709,0.0908709,1.0,5.9452334e-05,0.0006542505,-28.256681,2.291511,0.76383704,0.15200001,0.0,0.1780501,3.4199972,3.4499972,371200
hardzero_plus_depr__c0p54__z1p05__lam0p030__nu0p50__psi1p00,hardzero_plus_depr,0.02,30,116,0.0,1,0.5036019,0.5036649,1.0034404,0.09921096,0.09921096,1.0,6.2990475e-05,0.0006349145,-26.773403,2.207613,0.735871,0.192,0.0,0.1526765,3.4499972,3.4799972,374400
hardzero_plus_depr__c0p54__z1p05__lam0p030__nu0p50__psi1p00,hardzero_plus_depr,0.02,30,117,0.0,1,0.5036649,0.5036649,1.0516484,0.0,0.08878745,0.0,0.0,0.00061615,-26.81028,2.3136725,0.7712242,0.099999994,0.0,0.17680177,3.4799972,3.5099971,377600
hardzero_plus_depr__c0p54__z1p05__lam0p030__nu0p50__psi1p00,hardzero_plus_depr,0.02,30,118,0.0,1,0.5036649,0.5037235,1.0087343,0.09800892,0.09800892,1.0,5.860345e-05,0.00059793994,-26.555294,2.21926,0.73975337,0.17600001,0.0,0.16381969,3.5099971,3.539997,380800
hardzero_plus_depr__c0p54__z1p05__lam0p030__nu0p50__psi1p00,hardzero_plus_depr,0.02,30,119,0.0,1,0.5037235,0.5037769,1.035969,0.09205151,0.09205151,1.0,5.3414566e-05,0.0005802682,-27.488367,2.2791774,0.7597258,0.16800001,0.0,0.17009066,3.539997,3.569997,384000
hardzero_plus_depr__c0p54__z1p05__lam0p030__nu0p50__psi1p00,hardzero_plus_depr,0.02,30,120,0.0,1,0.5037769,0.5037769,1.0590616,0.0,0.087284744,0.0,0.0,0.0005631187,-27.610405,2.329982,0.7766607,0.136,0.0,0.17679437,3.569997,3.599997,387200
hardzero_plus_depr__c0p54__z1p05__lam0p030__nu0p50__psi1p00,hardzero_plus_depr,0.02,30,121,0.0,1,0.5037769,0.5037769,1.0513828,0.0,0.088841766,0.0,0.0,0.00054647605,-27.657396,2.3130884,0.7710295,0.128,0.0,0.18145093,3.599997,3.629997,390400
hardzero_plus_depr__c0p54__z1p05__lam0p030__nu0p50__psi1p00,hardzero_plus_depr,0.02,30,122,0.0,1,0.5037769,0.5037769,1.0971729,0.0,0.07995161,0.0,0.0,0.0005303252,-29.28574,2.4138286,0.80460954,0.096,0.0,0.16798969,3.629997,3.659997,393600
hardzero_plus_depr__c0p54__z1p05__lam0p030__nu0p50__psi1p00,hardzero_plus_depr,0.02,30,123,0.0,1,0.5037769,0.5038254,1.0257865,0.09423526,0.09423526,1.0,4.8498347e-05,0.0005146518,-26.93616,2.2567754,0.7522585,0.104,0.0,0.14503232,3.659997,3.689997,396800
hardzero_plus_depr__c0p54__z1p05__lam0p030__nu0p50__psi1p00,hardzero_plus_depr,0.02,30,124,0.0,1,0.5038254,0.50387746,0.9824113,0.10413307,0.10413307,1.0,5.2008385e-05,0.0004994416,-26.30706,2.161348,0.7204494,0.16000001,0.0,0.15601079,3.689997,3.719997,400000
hardzero_plus_depr__c0p54__z1p05__lam0p030__nu0p50__psi1p00,hardzero_plus_depr,0.02,30,125,0.0,1,0.50387746,0.5039337,0.935036,0.11613525,0.11613525,1.0,5.6288525e-05,0.00048468082,-25.869213,2.0571203,0.6857068,0.224,0.008,0.1493116,3.719997,3.749997,403200
hardzero_plus_depr__c0p54__z1p05__lam0p030__nu0p50__psi1p00,hardzero_plus_depr,0.02,30,126,0.0,1,0.5039337,0.50398,1.0074791,0.09829262,0.09829262,1.0,4.6232562e-05,0.0004703564,-26.699656,2.2164981,0.7388327,0.216,0.0,0.16186339,3.749997,3.7799969,406400
hardzero_plus_depr__c0p54__z1p05__lam0p030__nu0p50__psi1p00,hardzero_plus_depr,0.02,30,127,0.0,1,0.50398,0.5040231,1.0250878,0.094386995,0.094386995,1.0,4.308344e-05,0.00045645525,-27.09899,2.2552383,0.7517461,0.17600001,0.0,0.15717395,3.7799969,3.8099968,409600
hardzero_plus_depr__c0p54__z1p05__lam0p030__nu0p50__psi1p00,hardzero_plus_depr,0.02,30,128,0.0,1,0.5040231,0.5040627,1.0480136,0.08953367,0.08953367,1.0,3.966028e-05,0.00044296499,-27.461773,2.305676,0.7685587,0.16000001,0.0,0.14221089,3.8099968,3.8399968,412800
hardzero_plus_depr__c0p54__z1p05__lam0p030__nu0p50__psi1p00,hardzero_plus_depr,0.02,30,129,0.0,1,0.5040627,0.50410306,1.0275484,0.09385372,0.09385372,1.0,4.0345218e-05,0.00042987338,-27.293211,2.2606516,0.7535505,0.16000001,0.0,0.1872989,3.8399968,3.8699968,416000
hardzero_plus_depr__c0p54__z1p05__lam0p030__nu0p50__psi1p00,hardzero_plus_depr,0.02,30,130,0.0,1,0.50410306,0.50414056,1.0464438,0.08985789,0.08985789,1.0,3.74859e-05,0.00041716872,-26.984764,2.3022225,0.76740754,0.17,0.0,0.16236569,3.8699968,3.8999968,419200
hardzero_plus_depr__c0p54__z1p05__lam0p030__nu0p50__psi1p00,hardzero_plus_depr,0.02,30,131,0.0,1,0.50414056,0.5041822,0.9872284,0.102984436,0.102984436,1.0,4.169217e-05,0.00040483952,-26.468092,2.1719458,0.723982,0.16000001,0.0,0.18064922,3.8999968,3.9299967,422400
hardzero_plus_depr__c0p54__z1p05__lam0p030__nu0p50__psi1p00,hardzero_plus_depr,0.02,30,132,0.0,1,0.5041822,0.5042178,1.0432949,0.09051178,0.09051178,1.0,3.555979e-05,0.00039287473,-27.541298,2.2952945,0.7650982,0.16800001,0.0,0.15762733,3.9299967,3.9599967,425600
hardzero_plus_depr__c0p54__z1p05__lam0p030__nu0p50__psi1p00,hardzero_plus_depr,0.02,30,133,0.0,1,0.5042178,0.5042178,1.0662705,0.0,0.08584787,0.0,0.0,0.00038126353,-27.83547,2.345842,0.7819473,0.136,0.0,0.1733088,3.9599967,3.9899967,428800
hardzero_plus_depr__c0p54__z1p05__lam0p030__nu0p50__psi1p00,hardzero_plus_depr,0.02,30,134,0.0,1,0.5042178,0.5042521,1.033562,0.09256312,0.09256312,1.0,3.4247936e-05,0.00036999548,-28.03786,2.2738817,0.75796056,0.14400001,0.0,0.16274153,3.9899967,4.0199966,432000
hardzero_plus_depr__c0p54__z1p05__lam0p030__nu0p50__psi1p00,hardzero_plus_depr,0.02,30,135,0.0,1,0.5042521,0.5042851,1.0363201,0.09197714,0.09197714,1.0,3.302536e-05,0.00035906053,-27.379269,2.2799497,0.75998324,0.128,0.0,0.15435438,4.0199966,4.049997,435200
hardzero_plus_depr__c0p54__z1p05__lam0p030__nu0p50__psi1p00,hardzero_plus_depr,0.02,30,136,0.0,1,0.5042851,0.50431967,1.00311,0.099286444,0.099286444,1.0,3.4596218e-05,0.00034844855,-26.8979,2.206886,0.7356287,0.224,0.0,0.14313653,4.049997,4.079997,438400
hardzero_plus_depr__c0p54__z1p05__lam0p030__nu0p50__psi1p00,hardzero_plus_depr,0.02,30,137,0.0,1,0.50431967,0.50435424,0.99021876,0.10227777,0.10227777,1.0,3.458526e-05,0.0003381503,-25.665298,2.1785247,0.72617495,0.15200001,0.0,0.14296694,4.079997,4.1099973,441600
hardzero_plus_depr__c0p54__z1p05__lam0p030__nu0p50__psi1p00,hardzero_plus_depr,0.02,30,138,0.0,1,0.50435424,0.50435424,1.0872968,0.0,0.08179056,0.0,0.0,0.00032815637,-27.89532,2.3921008,0.797367,0.14400001,0.0,0.18509407,4.1099973,4.1399975,444800
hardzero_plus_depr__c0p54__z1p05__lam0p030__nu0p50__psi1p00,hardzero_plus_depr,0.02,30,139,0.0,1,0.50435424,0.50438577,1.0041907,0.09903968,0.09903968,1.0,3.153996e-05,0.0003184578,-26.772818,2.2092636,0.7364212,0.16000001,0.0,0.16613646,4.1399975,4.1699977,448000
hardzero_plus_depr__c0p54__z1p05__lam0p030__nu0p50__psi1p00,hardzero_plus_depr,0.02,30,140,0.0,1,0.50438577,0.5044142,1.0364544,0.09194868,0.09194868,1.0,2.8416365e-05,0.00030904592,-27.385754,2.2802453,0.76008177,0.16000001,0.0,0.17694789,4.1699977,4.199998,451200
hardzero_plus_depr__c0p54__z1p05__lam0p030__nu0p50__psi1p00,hardzero_plus_depr,0.02,30,141,0.0,1,0.5044142,0.5044429,1.0197073,0.09556364,0.09556364,1.0,2.8660697e-05,0.00029991215,-26.939016,2.2434008,0.7478003,0.2,0.0,0.1539319,4.199998,4.229998,454400
hardzero_plus_depr__c0p54__z1p05__lam0p030__nu0p50__psi1p00,hardzero_plus_depr,0.02,30,142,0.0,1,0.5044429,0.5044429,1.0836524,0.0,0.082479805,0.0,0.0,0.00029104835,-28.737234,2.3840828,0.7946943,0.120000005,0.0,0.19898778,4.229998,4.2599983,457600
hardzero_plus_depr__c0p54__z1p05__lam0p030__nu0p50__psi1p00,hardzero_plus_depr,0.02,30,143,0.0,1,0.5044429,0.5044712,0.9986532,0.100310594,0.100310594,1.0,2.8332379e-05,0.00028244653,-26.479145,2.1970809,0.7323603,0.16,0.0,0.15535346,4.2599983,4.2899985,460800
hardzero_plus_depr__c0p54__z1p05__lam0p030__nu0p50__psi1p00,hardzero_plus_depr,0.02,30,144,0.0,1,0.5044712,0.5044958,1.046518,0.08984253,0.08984253,1.0,2.4625739e-05,0.00027409891,-27.318981,2.3023856,0.7674619,0.15200001,0.0,0.16016175,4.2899985,4.3199987,464000
hardzero_plus_depr__c0p54__z1p05__lam0p030__nu0p50__psi1p00,hardzero_plus_depr,0.02,30,145,0.0,1,0.5044958,0.50452113,1.0211132,0.0952548,0.0952548,1.0,2.5337587e-05,0.000265998,-27.287672,2.2464938,0.7488313,0.14400001,0.0,0.14249636,4.3199987,4.349999,467200
hardzero_plus_depr__c0p54__z1p05__lam0p030__nu0p50__psi1p00,hardzero_plus_depr,0.02,30,146,0.0,1,0.50452113,0.5045448,1.0380207,0.09161768,0.09161768,1.0,2.364987e-05,0.00025813654,-27.995947,2.2836912,0.7612304,0.15200001,0.0,0.15860988,4.349999,4.379999,470400
hardzero_plus_depr__c0p54__z1p05__lam0p030__nu0p50__psi1p00,hardzero_plus_depr,0.02,30,147,0.0,1,0.5045448,0.5045448,1.054482,0.0,0.08821003,0.0,0.0,0.00025050738,-28.12819,2.3199067,0.77330226,0.112,0.0,0.16165484,4.379999,4.4099994,473600
hardzero_plus_depr__c0p54__z1p05__lam0p030__nu0p50__psi1p00,hardzero_plus_depr,0.02,30,148,0.0,1,0.5045448,0.50456756,1.0281162,0.09373111,0.09373111,1.0,2.2786384e-05,0.00024310374,-27.656153,2.261901,0.753967,0.16000001,0.0,0.14959559,4.4099994,4.4399996,476800
hardzero_plus_depr__c0p54__z1p05__lam0p030__nu0p50__psi1p00,hardzero_plus_depr,0.02,30,149,0.0,1,0.50456756,0.504589,1.0408355,0.091025785,0.091025785,1.0,2.14747e-05,0.00023591887,-26.893787,2.2898839,0.76329464,0.17600001,0.0,0.15611152,4.4399996,4.47,480000
hardzero_plus_depr__c0p54__z1p05__lam0p030__nu0p50__psi1p00,hardzero_plus_depr,0.02,30,150,0.0,1,0.504589,0.50461185,1.0017196,0.09960484,0.09960484,1.0,2.2804164e-05,0.00022894636,-26.757832,2.2038271,0.73460907,0.15200001,0.0,0.17803061,4.47,4.5,483200
hardzero_plus_depr__c0p54__z1p05__lam0p030__nu0p50__psi1p00,hardzero_plus_depr,0.02,30,151,0.0,1,0.50461185,0.50461185,1.0617797,0.0,0.08674016,0.0,0.0,0.00022217994,-27.711695,2.335962,0.77865404,0.14400001,0.0,0.17660782,4.5,4.53,486400
hardzero_plus_depr__c0p54__z1p05__lam0p030__nu0p50__psi1p00,hardzero_plus_depr,0.02,30,152,0.0,1,0.50461185,0.50461185,1.1060942,0.0,0.07832596,0.0,0.0,0.00021561349,-29.392616,2.433456,0.811152,0.112,0.0,0.17496897,4.53,4.5600004,489600
hardzero_plus_depr__c0p54__z1p05__lam0p030__nu0p50__psi1p00,hardzero_plus_depr,0.02,30,153,0.0,1,0.50461185,0.504633,0.99547523,0.10104731,0.10104731,1.0,2.1143247e-05,0.00020924107,-26.99142,2.1900892,0.73002976,0.224,0.0,0.1488814,4.5600004,4.5900006,492800
hardzero_plus_depr__c0p54__z1p05__lam0p030__nu0p50__psi1p00,hardzero_plus_depr,0.02,30,154,0.0,1,0.504633,0.50465226,1.0237069,0.094687596,0.094687596,1.0,1.9226982e-05,0.00020305702,-26.732712,2.2522001,0.7507334,0.216,0.0,0.17019005,4.5900006,4.620001,496000
hardzero_plus_depr__c0p54__z1p05__lam0p030__nu0p50__psi1p00,hardzero_plus_depr,0.02,30,155,0.0,1,0.50465226,0.50467074,1.0281636,0.0937209,0.0937209,1.0,1.8468241e-05,0.00019705575,-26.77007,2.2620049,0.7540016,0.112,0.0,0.15876341,4.620001,4.650001,499200
hardzero_plus_depr__c0p54__z1p05__lam0p030__nu0p50__psi1p00,hardzero_plus_depr,0.02,30,156,0.0,1,0.50467074,0.5046878,1.0499053,0.08914452,0.08914452,1.0,1.7047269e-05,0.00019123183,-28.207558,2.3098378,0.769946,0.16,0.0,0.16252507,4.650001,4.6800013,502400
hardzero_plus_depr__c0p54__z1p05__lam0p030__nu0p50__psi1p00,hardzero_plus_depr,0.02,30,157,0.0,1,0.5046878,0.50470597,1.0089308,0.09796461,0.09796461,1.0,1.8180277e-05,0.00018558005,-27.40506,2.219692,0.7398974,0.2,0.008,0.17541614,4.6800013,4.7100015,505600
hardzero_plus_depr__c0p54__z1p05__lam0p030__nu0p50__psi1p00,hardzero_plus_depr,0.02,30,158,0.0,1,0.50470597,0.50472474,0.98149335,0.10435339,0.10435339,1.0,1.8793553e-05,0.00018009527,-26.651892,2.1593285,0.71977615,0.16000001,0.0,0.13775988,4.7100015,4.7400017,508800
hardzero_plus_depr__c0p54__z1p05__lam0p030__nu0p50__psi1p00,hardzero_plus_depr,0.02,30,159,0.0,1,0.50472474,0.5047407,1.0392201,0.091364995,0.091364995,1.0,1.59681e-05,0.00017477262,-27.302526,2.2863297,0.76210994,0.16800001,0.0,0.19173025,4.7400017,4.770002,512000
hardzero_plus_depr__c0p54__z1p05__lam0p030__nu0p50__psi1p00,hardzero_plus_depr,0.02,30,160,0.0,1,0.5047407,0.5047572,1.0122907,0.09720962,0.09720962,1.0,1.648746e-05,0.00016960729,-27.087753,2.2270842,0.7423614,0.15200001,0.0,0.17853615,4.770002,4.800002,515200
hardzero_plus_depr__c0p54__z1p05__lam0p030__nu0p50__psi1p00,hardzero_plus_depr,0.02,30,161,0.0,1,0.5047572,0.5047572,1.0739206,0.0,0.084348895,0.0,0.0,0.00016459459,-28.140694,2.3626726,0.78755754,0.104,0.0,0.18272719,4.800002,4.8300023,518400
hardzero_plus_depr__c0p54__z1p05__lam0p030__nu0p50__psi1p00,hardzero_plus_depr,0.02,30,162,0.0,1,0.5047572,0.5047747,0.96064514,0.10948506,0.10948506,1.0,1.7488055e-05,0.00015973006,-25.847181,2.1134615,0.7044872,0.208,0.0,0.12923838,4.8300023,4.8600025,521600
hardzero_plus_depr__c0p54__z1p05__lam0p030__nu0p50__psi1p00,hardzero_plus_depr,0.02,30,163,0.0,1,0.5047747,0.50478894,1.0372245,0.09178579,0.09178579,1.0,1.4227649e-05,0.00015500929,-27.225986,2.2819395,0.7606465,0.2,0.0,0.18369503,4.8600025,4.8900027,524800
hardzero_plus_depr__c0p54__z1p05__lam0p030__nu0p50__psi1p00,hardzero_plus_depr,0.02,30,164,0.0,1,0.50478894,0.50480264,1.0395739,0.09129059,0.09129059,1.0,1.3732665e-05,0.00015042804,-26.72461,2.2871082,0.7623694,0.18400002,0.0,0.13896765,4.8900027,4.920003,528000
hardzero_plus_depr__c0p54__z1p05__lam0p030__nu0p50__psi1p00,hardzero_plus_depr,0.02,30,165,0.0,1,0.50480264,0.50481623,1.0309434,0.09312293,0.09312293,1.0,1.3594288e-05,0.00014598218,-27.266165,2.2681208,0.7560403,0.096,0.0,0.16019513,4.920003,4.950003,531200
hardzero_plus_depr__c0p54__z1p05__lam0p030__nu0p50__psi1p00,hardzero_plus_depr,0.02,30,166,0.0,1,0.50481623,0.50481623,1.0969173,0.0,0.079998665,0.0,0.0,0.00014166773,-29.64299,2.4132662,0.8044221,0.104,0.0,0.20533581,4.950003,4.9800034,534400
hardzero_plus_depr__c0p54__z1p05__lam0p030__nu0p50__psi1p00,hardzero_plus_depr,0.02,30,167,0.0,1,0.50481623,0.50481623,1.0750372,0.0,0.08413231,0.0,0.0,0.00013748078,-28.25589,2.3651292,0.78837645,0.136,0.008,0.14489107,4.9800034,5.0100036,537600
hardzero_plus_depr__c0p54__z1p05__lam0p030__nu0p50__psi1p00,hardzero_plus_depr,0.02,30,168,0.0,1,0.50481623,0.50481623,1.0587312,0.0,0.08735118,0.0,0.0,0.00013341759,-28.416946,2.329255,0.7764184,0.14400001,0.0,0.18205075,5.0100036,5.040004,540800
hardzero_plus_depr__c0p54__z1p05__lam0p030__nu0p50__psi1p00,hardzero_plus_depr,0.02,30,169,0.0,1,0.50481623,0.50482893,1.0086938,0.098018065,0.098018065,1.0,1.2690837e-05,0.00012947447,-27.284338,2.2191708,0.7397236,0.22999999,0.0,0.17880325,5.040004,5.070004,544000
hardzero_plus_depr__c0p54__z1p05__lam0p030__nu0p50__psi1p00,hardzero_plus_depr,0.02,30,170,0.0,1,0.50482893,0.50484073,1.0266109,0.09405657,0.09405657,1.0,1.1818009e-05,0.00012564789,-26.839699,2.258589,0.75286305,0.15200001,0.0,0.14658275,5.070004,5.100004,547200
hardzero_plus_depr__c0p54__z1p05__lam0p030__nu0p50__psi1p00,hardzero_plus_depr,0.02,30,171,0.0,1,0.50484073,0.50484073,1.0761027,0.0,0.083926134,0.0,0.0,0.00012193442,-28.228874,2.3674734,0.7891578,0.096,0.0,0.14661016,5.100004,5.1300044,550400
hardzero_plus_depr__c0p54__z1p05__lam0p030__nu0p50__psi1p00,hardzero_plus_depr,0.02,30,172,0.0,1,0.50484073,0.5048519,1.0260483,0.094178475,0.094178475,1.0,1.1144204e-05,0.00011833069,-27.603706,2.2573514,0.75245047,0.120000005,0.0,0.15451394,5.1300044,5.1600046,553600
hardzero_plus_depr__c0p54__z1p05__lam0p030__nu0p50__psi1p00,hardzero_plus_depr,0.02,30,173,0.0,1,0.5048519,0.50486445,0.96024245,0.10958662,0.10958662,1.0,1.258421e-05,0.000114833456,-27.193073,2.1125755,0.70419186,0.15200001,0.0,0.15317383,5.1600046,5.190005,556800
hardzero_plus_depr__c0p54__z1p05__lam0p030__nu0p50__psi1p00,hardzero_plus_depr,0.02,30,174,0.0,1,0.50486445,0.504875,1.0226681,0.09491434,0.09491434,1.0,1.0577216e-05,0.0001114396,-26.654696,2.249915,0.7499716,0.18400002,0.0,0.17933047,5.190005,5.220005,560000
hardzero_plus_depr__c0p54__z1p05__lam0p030__nu0p50__psi1p00,hardzero_plus_depr,0.02,30,175,0.0,1,0.504875,0.50488514,1.029121,0.09351449,0.09351449,1.0,1.011322e-05,0.00010814603,-26.517673,2.2641115,0.7547039,0.136,0.0,0.1472097,5.220005,5.2500052,563200
hardzero_plus_depr__c0p54__z1p05__lam0p030__nu0p50__psi1p00,hardzero_plus_depr,0.02,30,176,0.0,1,0.50488514,0.50489503,1.0243539,0.094546646,0.094546646,1.0,9.922654e-06,0.000104949824,-27.26605,2.2536235,0.7512078,0.192,0.0,0.17571734,5.2500052,5.2800055,566400
hardzero_plus_depr__c0p54__z1p05__lam0p030__nu0p50__psi1p00,hardzero_plus_depr,0.02,30,177,0.0,1,0.50489503,0.50490516,1.0010747,0.09975284,0.09975284,1.0,1.0159633e-05,0.000101848054,-27.292803,2.2024083,0.7341361,0.256,0.0,0.1779686,5.2800055,5.3100057,569600
hardzero_plus_depr__c0p54__z1p05__lam0p030__nu0p50__psi1p00,hardzero_plus_depr,0.02,30,178,0.0,1,0.50490516,0.50491464,1.0186031,0.09580692,0.09580692,1.0,9.469362e-06,9.8837976e-05,-27.336273,2.2409716,0.74699056,0.23200001,0.0,0.16364986,5.3100057,5.340006,572800
hardzero_plus_depr__c0p54__z1p05__lam0p030__nu0p50__psi1p00,hardzero_plus_depr,0.02,30,179,0.0,1,0.50491464,0.50491464,1.076154,0.0,0.083916225,0.0,0.0,9.5916854e-05,-28.531788,2.3675861,0.7891954,0.14400001,0.0,0.17363088,5.340006,5.370006,576000
hardzero_plus_depr__c0p54__z1p05__lam0p030__nu0p50__psi1p00,hardzero_plus_depr,0.02,30,180,0.0,1,0.50491464,0.504924,0.99688077,0.100720815,0.100720815,1.0,9.3753015e-06,9.308206e-05,-26.093336,2.1931815,0.7310605,0.15200001,0.0,0.14908841,5.370006,5.4000063,579200
hardzero_plus_depr__c0p54__z1p05__lam0p030__nu0p50__psi1p00,hardzero_plus_depr,0.02,30,181,0.0,1,0.504924,0.50493234,1.0352554,0.092202894,0.092202894,1.0,8.328784e-06,9.033105e-05,-27.410587,2.2776074,0.7592025,0.14400001,0.0,0.18631452,5.4000063,5.4300065,582400
hardzero_plus_depr__c0p54__z1p05__lam0p030__nu0p50__psi1p00,hardzero_plus_depr,0.02,30,182,0.0,1,0.50493234,0.5049407,1.0198836,0.09552485,0.09552485,1.0,8.373837e-06,8.766135e-05,-27.135288,2.2437887,0.7479296,0.17,0.0,0.15828758,5.4300065,5.4600067,585600
hardzero_plus_depr__c0p54__z1p05__lam0p030__nu0p50__psi1p00,hardzero_plus_depr,0.02,30,183,0.0,1,0.5049407,0.50494885,1.0163401,0.096307434,0.096307434,1.0,8.192926e-06,8.507054e-05,-27.24924,2.235993,0.745331,0.128,0.0,0.14937815,5.4600067,5.490007,588800
hardzero_plus_depr__c0p54__z1p05__lam0p030__nu0p50__psi1p00,hardzero_plus_depr,0.02,30,184,0.0,1,0.50494885,0.5049572,0.9951604,0.1011206,0.1011206,1.0,8.348143e-06,8.2556304e-05,-25.793636,2.1893966,0.7297989,0.18400002,0.0,0.17243147,5.490007,5.520007,592000
hardzero_plus_depr__c0p54__z1p05__lam0p030__nu0p50__psi1p00,hardzero_plus_depr,0.02,30,185,0.0,1,0.5049572,0.504965,1.0120034,0.09727395,0.09727395,1.0,7.793238e-06,8.011639e-05,-26.530708,2.226452,0.7421507,0.14400001,0.0,0.16163427,5.520007,5.5500073,595200
hardzero_plus_depr__c0p54__z1p05__lam0p030__nu0p50__psi1p00,hardzero_plus_depr,0.02,30,186,0.0,1,0.504965,0.5049726,1.0104101,0.09763148,0.09763148,1.0,7.590708e-06,7.774857e-05,-26.497553,2.2229466,0.74098223,0.24000001,0.0,0.13226059,5.5500073,5.5800076,598400
hardzero_plus_depr__c0p54__z1p05__lam0p030__nu0p50__psi1p00,hardzero_plus_depr,0.02,30,187,0.0,1,0.5049726,0.5049811,0.9462414,0.11317712,0.11317712,1.0,8.539298e-06,7.545074e-05,-25.783974,2.0817726,0.6939242,0.16000001,0.0,0.16173069,5.5800076,5.610008,601600
hardzero_plus_depr__c0p54__z1p05__lam0p030__nu0p50__psi1p00,hardzero_plus_depr,0.02,30,188,0.0,1,0.5049811,0.50498796,1.0272266,0.09392332,0.09392332,1.0,6.877142e-06,7.3220814e-05,-27.680735,2.2599435,0.7533145,0.128,0.0,0.17167936,5.610008,5.640008,604800
hardzero_plus_depr__c0p54__z1p05__lam0p030__nu0p50__psi1p00,hardzero_plus_depr,0.02,30,189,0.0,1,0.50498796,0.50499463,1.0255089,0.09429554,0.09429554,1.0,6.700339e-06,7.10568e-05,-27.77563,2.2561646,0.75205487,0.136,0.0,0.1756158,5.640008,5.670008,608000
hardzero_plus_depr__c0p54__z1p05__lam0p030__nu0p50__psi1p00,hardzero_plus_depr,0.02,30,190,0.0,1,0.50499463,0.50500154,0.9997576,0.10005582,0.10005582,1.0,6.899523e-06,6.895674e-05,-26.722643,2.1995106,0.7331702,0.24000001,0.008,0.14329965,5.670008,5.7000084,611200
hardzero_plus_depr__c0p54__z1p05__lam0p030__nu0p50__psi1p00,hardzero_plus_depr,0.02,30,191,0.0,1,0.50500154,0.50500154,1.0510033,0.0,0.08891943,0.0,0.0,6.691875e-05,-26.830376,2.3122535,0.7707512,0.14400001,0.0,0.16881374,5.7000084,5.7300086,614400
hardzero_plus_depr__c0p54__z1p05__lam0p030__nu0p50__psi1p00,hardzero_plus_depr,0.02,30,192,0.0,1,0.50500154,0.5050085,0.9703748,0.10705948,0.10705948,1.0,6.952548e-06,6.4940985e-05,-26.33783,2.1348672,0.7116224,0.208,0.0,0.14401358,5.7300086,5.760009,617600
hardzero_plus_depr__c0p54__z1p05__lam0p030__nu0p50__psi1p00,hardzero_plus_depr,0.02,30,193,0.0,1,0.5050085,0.5050085,1.0633745,0.0,0.08642223,0.0,0.0,6.3021675e-05,-27.976748,2.3394706,0.77982354,0.112,0.0,0.16455063,5.760009,5.790009,620800
hardzero_plus_depr__c0p54__z1p05__lam0p030__nu0p50__psi1p00,hardzero_plus_depr,0.02,30,194,0.0,1,0.5050085,0.5050085,1.066221,0.0,0.08585765,0.0,0.0,6.115909e-05,-27.61065,2.3457332,0.7819111,0.120000005,0.0,0.15269867,5.790009,5.820009,624000
hardzero_plus_depr__c0p54__z1p05__lam0p030__nu0p50__psi1p00,hardzero_plus_depr,0.02,30,195,0.0,1,0.5050085,0.5050085,1.0605,0.0,0.08699612,0.0,0.0,5.9351558e-05,-28.138498,2.3331466,0.77771556,0.089999996,0.0,0.15611595,5.820009,5.8500094,627200
hardzero_plus_depr__c0p54__z1p05__lam0p030__nu0p50__psi1p00,hardzero_plus_depr,0.02,30,196,0.0,1,0.5050085,0.5050085,1.0523534,0.0,0.08864345,0.0,0.0,5.7597437e-05,-28.427553,2.3152237,0.7717413,0.208,0.008,0.16566765,5.8500094,5.8800097,630400
hardzero_plus_depr__c0p54__z1p05__lam0p030__nu0p50__psi1p00,hardzero_plus_depr,0.02,30,197,0.0,1,0.5050085,0.5050135,1.0494925,0.0892293,0.0892293,1.0,4.987486e-06,5.589516e-05,-27.694134,2.3089297,0.76964325,0.112,0.0,0.16968907,5.8800097,5.91001,633600
hardzero_plus_depr__c0p54__z1p05__lam0p030__nu0p50__psi1p00,hardzero_plus_depr,0.02,30,198,0.0,1,0.5050135,0.5050135,1.0701696,0.0,0.085080564,0.0,0.0,5.4243203e-05,-28.042751,2.3544202,0.7848067,0.136,0.0,0.17591053,5.91001,5.94001,636800
hardzero_plus_depr__c0p54__z1p05__lam0p030__nu0p50__psi1p00,hardzero_plus_depr,0.02,30,199,0.0,1,0.5050135,0.5050189,0.98956335,0.10243225,0.10243225,1.0,5.3920403e-06,5.2640065e-05,-27.207651,2.1770828,0.7256943,0.16000001,0.0,0.16319923,5.94001,5.9700103,640000
hardzero_plus_depr__c0p54__z1p05__lam0p030__nu0p50__psi1p00,hardzero_plus_depr,0.02,30,200,0.0,1,0.5050189,0.5050242,0.98347497,0.103878334,0.103878334,1.0,5.306552e-06,5.10843e-05,-26.662424,2.1636882,0.72122943,0.18400002,0.0,0.16830368,5.9700103,6.0000105,643200
hardzero_plus_depr__c0p54__z1p05__lam0p030__nu0p50__psi1p00,hardzero_plus_depr,0.02,30,201,0.0,1,0.5050242,0.5050288,1.0341438,0.092439204,0.092439204,1.0,4.5826296e-06,4.9574523e-05,-26.585531,2.2751617,0.75838727,0.120000005,0.0,0.14848925,6.0000105,6.0300107,646400
hardzero_plus_depr__c0p54__z1p05__lam0p030__nu0p50__psi1p00,hardzero_plus_depr,0.02,30,202,0.0,1,0.5050288,0.50503355,1.0059474,0.098639905,0.098639905,1.0,4.745503e-06,4.8109363e-05,-26.77293,2.2131283,0.73770946,0.16800001,0.0,0.15797196,6.0300107,6.060011,649600
hardzero_plus_depr__c0p54__z1p05__lam0p030__nu0p50__psi1p00,hardzero_plus_depr,0.02,30,203,0.0,1,0.50503355,0.505038,1.0185674,0.09581479,0.09581479,1.0,4.4733533e-06,4.6687506e-05,-26.162922,2.2408931,0.7469644,0.08800001,0.0,0.14903449,6.060011,6.090011,652800
hardzero_plus_depr__c0p54__z1p05__lam0p030__nu0p50__psi1p00,hardzero_plus_depr,0.02,30,204,0.0,1,0.505038,0.5050421,1.0466915,0.08980664,0.08980664,1.0,4.0689297e-06,4.5307672e-05,-26.310755,2.3027673,0.7675891,0.16800001,0.0,0.13888998,6.090011,6.1200113,656000
hardzero_plus_depr__c0p54__z1p05__lam0p030__nu0p50__psi1p00,hardzero_plus_depr,0.02,30,205,0.0,1,0.5050421,0.505046,1.0499005,0.08914552,0.08914552,1.0,3.919605e-06,4.396862e-05,-27.466564,2.3098273,0.76994246,0.08800001,0.0,0.12970419,6.1200113,6.1500115,659200
hardzero_plus_depr__c0p54__z1p05__lam0p030__nu0p50__psi1p00,hardzero_plus_depr,0.02,30,206,0.0,1,0.505046,0.50505054,0.9730318,0.1064065,0.1064065,1.0,4.540274e-06,4.266914e-05,-26.301949,2.1407127,0.71357095,0.208,0.0,0.16804008,6.1500115,6.1800117,662400
hardzero_plus_depr__c0p54__z1p05__lam0p030__nu0p50__psi1p00,hardzero_plus_depr,0.02,30,207,0.0,1,0.50505054,0.50505483,0.9867244,0.10310403,0.10310403,1.0,4.269339e-06,4.140807e-05,-26.748518,2.170837,0.7236123,0.120000005,0.0,0.14926961,6.1800117,6.210012,665600
hardzero_plus_depr__c0p54__z1p05__lam0p030__nu0p50__psi1p00,hardzero_plus_depr,0.02,30,208,0.0,1,0.50505483,0.50505483,1.064903,0.0,0.086118594,0.0,0.0,4.0184266e-05,-27.88463,2.3428335,0.7809445,0.24,0.0,0.17425363,6.210012,6.240012,668800
hardzero_plus_depr__c0p54__z1p05__lam0p030__nu0p50__psi1p00,hardzero_plus_depr,0.02,30,209,0.0,1,0.50505483,0.50505483,1.0757669,0.0,0.08399107,0.0,0.0,3.8996637e-05,-28.86722,2.3667345,0.7889115,0.17600001,0.0,0.19350901,6.240012,6.2700124,672000
hardzero_plus_depr__c0p54__z1p05__lam0p030__nu0p50__psi1p00,hardzero_plus_depr,0.02,30,210,0.0,1,0.50505483,0.50505483,1.0839738,0.0,0.08241879,0.0,0.0,3.7844104e-05,-28.32631,2.38479,0.79493,0.15200001,0.0,0.16820782,6.2700124,6.3000126,675200
hardzero_plus_depr__c0p54__z1p05__lam0p030__nu0p50__psi1p00,hardzero_plus_depr,0.02,30,211,0.0,1,0.50505483,0.50505483,1.0555316,0.0,0.0879971,0.0,0.0,3.6725633e-05,-27.888384,2.322216,0.77407205,0.136,0.0,0.1623112,6.3000126,6.330013,678400
hardzero_plus_depr__c0p54__z1p05__lam0p030__nu0p50__psi1p00,hardzero_plus_depr,0.02,30,212,0.0,1,0.50505483,0.50505483,1.0598125,0.0,0.08713395,0.0,0.0,3.564022e-05,-27.556435,2.3316343,0.7772114,0.136,0.0,0.16887203,6.330013,6.360013,681600
hardzero_plus_depr__c0p54__z1p05__lam0p030__nu0p50__psi1p00,hardzero_plus_depr,0.02,30,213,0.0,1,0.50505483,0.50505847,0.9766507,0.10552351,0.10552351,1.0,3.6497293e-06,3.4586883e-05,-26.282211,2.1486745,0.71622485,0.15200001,0.0,0.14066343,6.360013,6.390013,684800
hardzero_plus_depr__c0p54__z1p05__lam0p030__nu0p50__psi1p00,hardzero_plus_depr,0.02,30,214,0.0,1,0.50505847,0.50506157,1.0307103,0.09317289,0.09317289,1.0,3.1273185e-06,3.356468e-05,-27.970762,2.267608,0.7558693,0.15200001,0.0,0.1532029,6.390013,6.4200134,688000
hardzero_plus_depr__c0p54__z1p05__lam0p030__nu0p50__psi1p00,hardzero_plus_depr,0.02,30,215,0.0,1,0.50506157,0.5050647,1.0097847,0.09777217,0.09777217,1.0,3.1847023e-06,3.2572687e-05,-26.669107,2.2215707,0.7405236,0.208,0.0,0.12799747,6.4200134,6.4500136,691200
hardzero_plus_depr__c0p54__z1p05__lam0p030__nu0p50__psi1p00,hardzero_plus_depr,0.02,30,216,0.0,1,0.5050647,0.50506806,0.97892034,0.104973495,0.104973495,1.0,3.3182134e-06,3.1610012e-05,-26.28034,2.1536677,0.71788925,0.18400002,0.0,0.14858194,6.4500136,6.480014,694400
hardzero_plus_depr__c0p54__z1p05__lam0p030__nu0p50__psi1p00,hardzero_plus_depr,0.02,30,217,0.0,1,0.50506806,0.50507087,1.0439281,0.090379894,0.090379894,1.0,2.7724743e-06,3.0675787e-05,-27.90235,2.2966878,0.76556265,0.216,0.0,0.16833685,6.480014,6.510014,697600
hardzero_plus_depr__c0p54__z1p05__lam0p030__nu0p50__psi1p00,hardzero_plus_depr,0.02,30,218,0.0,1,0.50507087,0.50507087,1.0561163,0.0,0.087878704,0.0,0.0,2.9769177e-05,-27.717161,2.3235023,0.7745008,0.136,0.0,0.17208865,6.510014,6.5400143,700800
hardzero_plus_depr__c0p54__z1p05__lam0p030__nu0p50__psi1p00,hardzero_plus_depr,0.02,30,219,0.0,1,0.50507087,0.5050737,1.0005801,0.099866524,0.099866524,1.0,2.8850795e-06,2.8889355e-05,-26.028091,2.2013202,0.7337734,0.192,0.0,0.14497279,6.5400143,6.5700145,704000
hardzero_plus_depr__c0p54__z1p05__lam0p030__nu0p50__psi1p00,hardzero_plus_depr,0.02,30,220,0.0,1,0.5050737,0.50507635,1.0310086,0.09310894,0.09310894,1.0,2.6103594e-06,2.8035542e-05,-26.903065,2.2682643,0.75608814,0.136,0.0,0.18763043,6.5700145,6.6000147,707200
hardzero_plus_depr__c0p54__z1p05__lam0p030__nu0p50__psi1p00,hardzero_plus_depr,0.02,30,221,0.0,1,0.50507635,0.5050792,0.97372377,0.1062371,0.1062371,1.0,2.8903885e-06,2.720696e-05,-26.501835,2.142235,0.71407837,0.14,0.0,0.17832813,6.6000147,6.630015,710400
hardzero_plus_depr__c0p54__z1p05__lam0p030__nu0p50__psi1p00,hardzero_plus_depr,0.02,30,222,0.0,1,0.5050792,0.5050792,1.0698988,0.0,0.08513363,0.0,0.0,2.640287e-05,-27.680735,2.3538244,0.7846081,0.2,0.0,0.15299518,6.630015,6.660015,713600
hardzero_plus_depr__c0p54__z1p05__lam0p030__nu0p50__psi1p00,hardzero_plus_depr,0.02,30,223,0.0,1,0.5050792,0.5050817,1.0112565,0.0974414,0.0974414,1.0,2.496696e-06,2.562254e-05,-27.27988,2.2248087,0.7416029,0.17600001,0.0,0.17588082,6.660015,6.6900153,716800
hardzero_plus_depr__c0p54__z1p05__lam0p030__nu0p50__psi1p00,hardzero_plus_depr,0.02,30,224,0.0,1,0.5050817,0.5050817,1.0730841,0.0,0.084511496,0.0,0.0,2.4865274e-05,-28.616516,2.3608322,0.7869441,0.17600001,0.0,0.18573456,6.6900153,6.7200155,720000
hardzero_plus_depr__c0p54__z1p05__lam0p030__nu0p50__psi1p00,hardzero_plus_depr,0.02,30,225,0.0,1,0.5050817,0.50508404,1.0142236,0.09677794,0.09677794,1.0,2.3352893e-06,2.413039e-05,-26.979294,2.2313364,0.7437788,0.14400001,0.0,0.14959176,6.7200155,6.7500157,723200
hardzero_plus_depr__c0p54__z1p05__lam0p030__nu0p50__psi1p00,hardzero_plus_depr,0.02,30,226,0.0,1,0.50508404,0.5050862,1.038424,0.09153264,0.09153264,1.0,2.1434403e-06,2.3417224e-05,-27.516235,2.2845783,0.7615261,0.16800001,0.0,0.17568664,6.7500157,6.780016,726400
hardzero_plus_depr__c0p54__z1p05__lam0p030__nu0p50__psi1p00,hardzero_plus_depr,0.02,30,227,0.0,1,0.5050862,0.5050883,1.0249213,0.094423205,0.094423205,1.0,2.14578e-06,2.2725135e-05,-26.811773,2.2548718,0.751624,0.2,0.0,0.15839282,6.780016,6.810016,729600
hardzero_plus_depr__c0p54__z1p05__lam0p030__nu0p50__psi1p00,hardzero_plus_depr,0.02,30,228,0.0,1,0.5050883,0.5050906,0.98491806,0.10353376,0.10353376,1.0,2.2832817e-06,2.2053498e-05,-26.522919,2.166863,0.72228765,0.15200001,0.0,0.1448075,6.810016,6.8400164,732800
hardzero_plus_depr__c0p54__z1p05__lam0p030__nu0p50__psi1p00,hardzero_plus_depr,0.02,30,229,0.0,1,0.5050906,0.5050925,1.046869,0.08976995,0.08976995,1.0,1.9212312e-06,2.1401718e-05,-27.575745,2.3031578,0.76771927,0.128,0.0,0.1721495,6.8400164,6.8700166,736000
hardzero_plus_depr__c0p54__z1p05__lam0p030__nu0p50__psi1p00,hardzero_plus_depr,0.02,30,230,0.0,1,0.5050925,0.5050944,1.0390738,0.09139578,0.09139578,1.0,1.8982169e-06,2.0769196e-05,-27.270828,2.2860081,0.7620027,0.208,0.0,0.15420397,6.8700166,6.900017,739200
hardzero_plus_depr__c0p54__z1p05__lam0p030__nu0p50__psi1p00,hardzero_plus_depr,0.02,30,231,0.0,1,0.5050944,0.5050964,1.0169082,0.09618156,0.09618156,1.0,1.938575e-06,2.015537e-05,-27.049578,2.2372427,0.74574757,0.14400001,0.0,0.15922676,6.900017,6.930017,742400
hardzero_plus_depr__c0p54__z1p05__lam0p030__nu0p50__psi1p00,hardzero_plus_depr,0.02,30,232,0.0,1,0.5050964,0.5050983,1.0071188,0.09837418,0.09837418,1.0,1.9241681e-06,1.9559686e-05,-26.868277,2.2157056,0.73856854,0.16000001,0.008,0.15283133,6.930017,6.960017,745600
hardzero_plus_depr__c0p54__z1p05__lam0p030__nu0p50__psi1p00,hardzero_plus_depr,0.02,30,233,0.0,1,0.5050983,0.5050983,1.0892563,0.0,0.081422366,0.0,0.0,1.8981606e-05,-28.757559,2.3964117,0.7988039,0.096,0.0,0.18444034,6.960017,6.9900174,748800
hardzero_plus_depr__c0p54__z1p05__lam0p030__nu0p50__psi1p00,hardzero_plus_depr,0.02,30,234,0.0,1,0.5050983,0.50509995,1.0444201,0.09027757,0.09027757,1.0,1.662968e-06,1.8420611e-05,-27.054577,2.29777,0.7659234,0.08,0.0,0.16697595,6.9900174,7.0200176,752000
hardzero_plus_depr__c0p54__z1p05__lam0p030__nu0p50__psi1p00,hardzero_plus_depr,0.02,30,235,0.0,1,0.50509995,0.50509995,1.0520705,0.0,0.0887012,0.0,0.0,1.7876195e-05,-27.428953,2.3146012,0.7715337,0.08800001,0.0,0.13478707,7.0200176,7.050018,755200
hardzero_plus_depr__c0p54__z1p05__lam0p030__nu0p50__psi1p00,hardzero_plus_depr,0.02,30,236,0.0,1,0.50509995,0.50510174,0.99215096,0.10182374,0.10182374,1.0,1.7664249e-06,1.734787e-05,-27.558937,2.1827757,0.72759193,0.15200001,0.0,0.16403814,7.050018,7.080018,758400
hardzero_plus_depr__c0p54__z1p05__lam0p030__nu0p50__psi1p00,hardzero_plus_depr,0.02,30,237,0.0,1,0.50510174,0.5051033,1.0292363,0.09348968,0.09348968,1.0,1.5739137e-06,1.683516e-05,-27.52756,2.2643652,0.7547884,0.17600001,0.0,0.15773423,7.080018,7.1100183,761600
hardzero_plus_depr__c0p54__z1p05__lam0p030__nu0p50__psi1p00,hardzero_plus_depr,0.02,30,238,0.0,1,0.5051033,0.5051049,1.0044978,0.0989697,0.0989697,1.0,1.6169276e-06,1.6337603e-05,-27.378172,2.2099392,0.7366464,0.208,0.0,0.16930388,7.1100183,7.1400185,764800
hardzero_plus_depr__c0p54__z1p05__lam0p030__nu0p50__psi1p00,hardzero_plus_depr,0.02,30,239,0.0,1,0.5051049,0.5051064,1.0196568,0.09557476,0.09557476,1.0,1.5153139e-06,1.585475e-05,-27.167465,2.2432897,0.7477633,0.23200001,0.008,0.1617156,7.1400185,7.1700187,768000
hardzero_plus_depr__c0p54__z1p05__lam0p030__nu0p50__psi1p00,hardzero_plus_depr,0.02,30,240,0.0,1,0.5051064,0.50510794,0.9990863,0.1002106,0.1002106,1.0,1.541857e-06,1.5386167e-05,-27.1966,2.1980338,0.73267794,0.208,0.0,0.15904567,7.1700187,7.200019,771200
hardzero_plus_depr__c0p54__z1p05__lam0p030__nu0p50__psi1p00,hardzero_plus_depr,0.02,30,241,0.0,1,0.50510794,0.5051096,0.9475443,0.11283809,0.11283809,1.0,1.6848345e-06,1.4931435e-05,-25.746822,2.084639,0.6948797,0.15200001,0.0,0.15164495,7.200019,7.230019,774400
hardzero_plus_depr__c0p54__z1p05__lam0p030__nu0p50__psi1p00,hardzero_plus_depr,0.02,30,242,0.0,1,0.5051096,0.5051096,1.0626132,0.0,0.08657385,0.0,0.0,1.44901405e-05,-27.631586,2.3377957,0.7792653,0.104,0.0,0.16461223,7.230019,7.2600193,777600
hardzero_plus_depr__c0p54__z1p05__lam0p030__nu0p50__psi1p00,hardzero_plus_depr,0.02,30,243,0.0,1,0.5051096,0.5051096,1.099502,0.0,0.07952397,0.0,0.0,1.40618895e-05,-27.837044,2.4189527,0.80631757,0.08800001,0.0,0.17590761,7.2600193,7.2900195,780800
hardzero_plus_depr__c0p54__z1p05__lam0p030__nu0p50__psi1p00,hardzero_plus_depr,0.02,30,244,0.0,1,0.5051096,0.5051096,1.0676522,0.0,0.08557516,0.0,0.0,1.3646293e-05,-27.026024,2.3488817,0.7829606,0.104,0.0,0.17053412,7.2900195,7.3200197,784000
hardzero_plus_depr__c0p54__z1p05__lam0p030__nu0p50__psi1p00,hardzero_plus_depr,0.02,30,245,0.0,1,0.5051096,0.5051096,1.0888216,0.0,0.08150388,0.0,0.0,1.3242983e-05,-27.208134,2.3954554,0.79848516,0.08800001,0.0,0.1618694,7.3200197,7.35002,787200
hardzero_plus_depr__c0p54__z1p05__lam0p030__nu0p50__psi1p00,hardzero_plus_depr,0.02,30,246,0.0,1,0.5051096,0.50511074,1.0478799,0.08956124,0.08956124,1.0,1.1510044e-06,1.2851591e-05,-27.68963,2.3053818,0.76846063,0.104,0.0,0.16245688,7.35002,7.38002,790400
hardzero_plus_depr__c0p54__z1p05__lam0p030__nu0p50__psi1p00,hardzero_plus_depr,0.02,30,247,0.0,1,0.50511074,0.50511074,1.0598112,0.0,0.08713423,0.0,0.0,1.2471766e-05,-27.318138,2.3316312,0.7772104,0.19,0.0,0.15008682,7.38002,7.4100204,793600
hardzero_plus_depr__c0p54__z1p05__lam0p030__nu0p50__psi1p00,hardzero_plus_depr,0.02,30,248,0.0,1,0.50511074,0.50511074,1.0769333,0.0,0.08376579,0.0,0.0,1.2103167e-05,-28.37611,2.3693006,0.7897669,0.104,0.0,0.19226463,7.4100204,7.4400206,796800
hardzero_plus_depr__c0p54__z1p05__lam0p030__nu0p50__psi1p00,hardzero_plus_depr,0.02,30,249,0.0,1,0.50511074,0.50511193,1.0043331,0.09900723,0.09900723,1.0,1.1628856e-06,1.1745462e-05,-26.7629,2.209577,0.7365257,0.136,0.0,0.1373274,7.4400206,7.470021,800000
hardzero_plus_depr__c0p54__z1p05__lam0p030__nu0p50__psi1p00,hardzero_plus_depr,0.02,30,250,0.0,1,0.50511193,0.50511295,1.0484707,0.08943948,0.08943948,1.0,1.0194606e-06,1.1398329e-05,-26.624979,2.3066816,0.7688939,0.096,0.0,0.16210225,7.470021,7.500021,803200
hardzero_plus_depr__c0p54__z1p05__lam0p030__nu0p50__psi1p00,hardzero_plus_depr,0.02,30,251,0.0,1,0.50511295,0.505114,1.017919,0.095957965,0.095957965,1.0,1.0614348e-06,1.1061456e-05,-26.977411,2.2394664,0.7464888,0.15200001,0.0,0.17314728,7.500021,7.530021,806400
hardzero_plus_depr__c0p54__z1p05__lam0p030__nu0p50__psi1p00,hardzero_plus_depr,0.02,30,252,0.0,1,0.505114,0.505114,1.0885291,0.0,0.081558816,0.0,0.0,1.0734537e-05,-28.837261,2.3948119,0.79827064,0.136,0.0,0.18684787,7.530021,7.5600214,809600
hardzero_plus_depr__c0p54__z1p05__lam0p030__nu0p50__psi1p00,hardzero_plus_depr,0.02,30,253,0.0,1,0.505114,0.50511503,1.0240097,0.094621584,0.094621584,1.0,9.856997e-07,1.0417281e-05,-26.237993,2.2528663,0.75095546,0.224,0.0,0.15858844,7.5600214,7.5900216,812800
hardzero_plus_depr__c0p54__z1p05__lam0p030__nu0p50__psi1p00,hardzero_plus_depr,0.02,30,254,0.0,1,0.50511503,0.505116,1.0348125,0.09229698,0.09229698,1.0,9.3306727e-07,1.0109402e-05,-26.691303,2.2766328,0.75887764,0.192,0.0,0.16564141,7.5900216,7.620022,816000
hardzero_plus_depr__c0p54__z1p05__lam0p030__nu0p50__psi1p00,hardzero_plus_depr,0.02,30,255,0.0,1,0.505116,0.505117,0.9946259,0.1012451,0.1012451,1.0,9.932775e-07,9.810623e-06,-26.800217,2.1882207,0.72940695,0.15200001,0.0,0.17738228,7.620022,7.650022,819200
hardzero_plus_depr__c0p54__z1p05__lam0p030__nu0p50__psi1p00,hardzero_plus_depr,0.02,30,256,0.0,1,0.505117,0.5051179,1.0388536,0.091442145,0.091442145,1.0,8.705907e-07,9.520672e-06,-27.503574,2.2855237,0.76184124,0.128,0.0,0.15972924,7.650022,7.6800222,822400
hardzero_plus_depr__c0p54__z1p05__lam0p030__nu0p50__psi1p00,hardzero_plus_depr,0.02,30,257,0.0,1,0.5051179,0.5051188,1.0220424,0.09505119,0.09505119,1.0,8.782058e-07,9.239293e-06,-27.107729,2.2485383,0.7495128,0.16000001,0.0,0.1550103,7.6800222,7.7100224,825600
hardzero_plus_depr__c0p54__z1p05__lam0p030__nu0p50__psi1p00,hardzero_plus_depr,0.02,30,258,0.0,1,0.5051188,0.5051188,1.0803288,0.0,0.08311342,0.0,0.0,8.966228e-06,-28.021702,2.376771,0.792257,0.16800001,0.0,0.15364467,7.7100224,7.7400227,828800
hardzero_plus_depr__c0p54__z1p05__lam0p030__nu0p50__psi1p00,hardzero_plus_depr,0.02,30,259,0.0,1,0.5051188,0.5051197,1.0002295,0.099947184,0.099947184,1.0,8.6966384e-07,8.701234e-06,-26.80936,2.200549,0.73351634,0.16000001,0.0,0.17045349,7.7400227,7.770023,832000
hardzero_plus_depr__c0p54__z1p05__lam0p030__nu0p50__psi1p00,hardzero_plus_depr,0.02,30,260,0.0,1,0.5051197,0.50512046,1.0445637,0.09024774,0.09024774,1.0,7.620585e-07,8.444073e-06,-26.996407,2.298086,0.76602864,0.14,0.0,0.1544238,7.770023,7.800023,835200
hardzero_plus_depr__c0p54__z1p05__lam0p030__nu0p50__psi1p00,hardzero_plus_depr,0.02,30,261,0.0,1,0.50512046,0.50512123,1.0316099,0.092980124,0.092980124,1.0,7.619266e-07,8.19451e-06,-27.314665,2.269587,0.75652903,0.17600001,0.0,0.17027006,7.800023,7.8300233,838400
hardzero_plus_depr__c0p54__z1p05__lam0p030__nu0p50__psi1p00,hardzero_plus_depr,0.02,30,262,0.0,1,0.50512123,0.505122,1.000274,0.09993693,0.09993693,1.0,7.947309e-07,7.952324e-06,-26.78782,2.2006466,0.7335489,0.112,0.0,0.14334342,7.8300233,7.8600235,841600
hardzero_plus_depr__c0p54__z1p05__lam0p030__nu0p50__psi1p00,hardzero_plus_depr,0.02,30,263,0.0,1,0.505122,0.5051228,0.9864802,0.10316201,0.10316201,1.0,7.961317e-07,7.717295e-06,-26.11983,2.1702998,0.72343326,0.15200001,0.0,0.14159009,7.8600235,7.8900237,844800
hardzero_plus_depr__c0p54__z1p05__lam0p030__nu0p50__psi1p00,hardzero_plus_depr,0.02,30,264,0.0,1,0.5051228,0.50512356,0.98254865,0.10410015,0.10410015,1.0,7.7962835e-07,7.489214e-06,-26.767952,2.1616502,0.72055006,0.18400002,0.0,0.13238007,7.8900237,7.920024,848000
hardzero_plus_depr__c0p54__z1p05__lam0p030__nu0p50__psi1p00,hardzero_plus_depr,0.02,30,265,0.0,1,0.50512356,0.50512356,1.0837978,0.0,0.08245218,0.0,0.0,7.267872e-06,-28.115248,2.3844028,0.79480094,0.128,0.0,0.17324367,7.920024,7.950024,851200
hardzero_plus_depr__c0p54__z1p05__lam0p030__nu0p50__psi1p00,hardzero_plus_depr,0.02,30,266,0.0,1,0.50512356,0.5051242,1.0357019,0.092108175,0.092108175,1.0,6.4964564e-07,7.0530727e-06,-26.853767,2.2785897,0.75952995,0.136,0.0,0.15953542,7.950024,7.9800243,854400
hardzero_plus_depr__c0p54__z1p05__lam0p030__nu0p50__psi1p00,hardzero_plus_depr,0.02,30,267,0.0,1,0.5051242,0.50512487,1.0033684,0.0992274,0.0992274,1.0,6.7917404e-07,6.844622e-06,-27.48058,2.2074544,0.73581815,0.16000001,0.0,0.15156943,7.9800243,8.010024,857600
hardzero_plus_depr__c0p54__z1p05__lam0p030__nu0p50__psi1p00,hardzero_plus_depr,0.02,30,268,0.0,1,0.50512487,0.5051255,1.0064898,0.0985168,0.0985168,1.0,6.5438155e-07,6.6423345e-06,-26.772602,2.2143216,0.7381072,0.120000005,0.0,0.14716971,8.010024,8.040024,860800
hardzero_plus_depr__c0p54__z1p05__lam0p030__nu0p50__psi1p00,hardzero_plus_depr,0.02,30,269,0.0,1,0.5051255,0.5051262,0.9829081,0.10401402,0.10401402,1.0,6.70477e-07,6.4460255e-06,-26.341263,2.162441,0.7208137,0.136,0.0,0.12833184,8.040024,8.070024,864000
hardzero_plus_depr__c0p54__z1p05__lam0p030__nu0p50__psi1p00,hardzero_plus_depr,0.02,30,270,0.0,1,0.5051262,0.5051262,1.0963554,0.0,0.08010222,0.0,0.0,6.255518e-06,-28.30816,2.4120302,0.8040101,0.128,0.0,0.16525073,8.070024,8.100023,867200
hardzero_plus_depr__c0p54__z1p05__lam0p030__nu0p50__psi1p00,hardzero_plus_depr,0.02,30,271,0.0,1,0.5051262,0.5051268,1.0176538,0.09601656,0.09601656,1.0,5.828821e-07,6.070641e-06,-26.820099,2.238883,0.7462944,0.16800001,0.0,0.14713822,8.100023,8.130023,870400
hardzero_plus_depr__c0p54__z1p05__lam0p030__nu0p50__psi1p00,hardzero_plus_depr,0.02,30,272,0.0,1,0.5051268,0.5051268,1.0524813,0.0,0.08861733,0.0,0.0,5.8912287e-06,-27.586815,2.315505,0.771835,0.128,0.0,0.16402479,8.130023,8.160023,873600
hardzero_plus_depr__c0p54__z1p05__lam0p030__nu0p50__psi1p00,hardzero_plus_depr,0.02,30,273,0.0,1,0.5051268,0.5051274,0.9853683,0.103426464,0.103426464,1.0,5.913013e-07,5.717118e-06,-26.080849,2.1678536,0.72261786,0.19,0.0,0.15517469,8.160023,8.190022,876800
hardzero_plus_depr__c0p54__z1p05__lam0p030__nu0p50__psi1p00,hardzero_plus_depr,0.02,30,274,0.0,1,0.5051274,0.5051279,1.0173838,0.09607629,0.09607629,1.0,5.330459e-07,5.548153e-06,-26.529339,2.238289,0.7460964,0.17600001,0.0,0.16621408,8.190022,8.220022,880000
hardzero_plus_depr__c0p54__z1p05__lam0p030__nu0p50__psi1p00,hardzero_plus_depr,0.02,30,275,0.0,1,0.5051279,0.5051284,1.0322254,0.09284845,0.09284845,1.0,4.999129e-07,5.384182e-06,-27.969059,2.2709413,0.7569804,0.16000001,0.0,0.17319305,8.220022,8.250022,883200
hardzero_plus_depr__c0p54__z1p05__lam0p030__nu0p50__psi1p00,hardzero_plus_depr,0.02,30,276,0.0,1,0.5051284,0.5051284,1.090067,0.0,0.0812705,0.0,0.0,5.2250566e-06,-28.714355,2.3981953,0.7993984,0.136,0.0,0.17983563,8.250022,8.280022,886400
hardzero_plus_depr__c0p54__z1p05__lam0p030__nu0p50__psi1p00,hardzero_plus_depr,0.02,30,277,0.0,1,0.5051284,0.5051284,1.1065826,0.0,0.07823792,0.0,0.0,5.070634e-06,-28.22501,2.4345305,0.8115102,0.136,0.0,0.17530908,8.280022,8.310021,889600
hardzero_plus_depr__c0p54__z1p05__lam0p030__nu0p50__psi1p00,hardzero_plus_depr,0.02,30,278,0.0,1,0.5051284,0.5051284,1.0623031,0.0,0.0866357,0.0,0.0,4.9207756e-06,-28.192669,2.3371134,0.77903783,0.120000005,0.0,0.16316076,8.310021,8.340021,892800
hardzero_plus_depr__c0p54__z1p05__lam0p030__nu0p50__psi1p00,hardzero_plus_depr,0.02,30,279,0.0,1,0.5051284,0.5051284,1.1020486,0.0,0.07905901,0.0,0.0,4.7753456e-06,-28.106506,2.4245553,0.8081851,0.112,0.0,0.16058312,8.340021,8.370021,896000
hardzero_plus_depr__c0p54__z1p05__lam0p030__nu0p50__psi1p00,hardzero_plus_depr,0.02,30,280,0.0,1,0.5051284,0.50512886,1.0083839,0.098088056,0.098088056,1.0,4.5456108e-07,4.6342143e-06,-26.091953,2.2184887,0.73949623,0.16800001,0.0,0.15467428,8.370021,8.400021,899200
hardzero_plus_depr__c0p54__z1p05__lam0p030__nu0p50__psi1p00,hardzero_plus_depr,0.02,30,281,0.0,1,0.50512886,0.5051293,1.0292361,0.093489714,0.093489714,1.0,4.2044695e-07,4.4972535e-06,-27.001364,2.2643645,0.75478816,0.208,0.0,0.14763314,8.400021,8.43002,902400
hardzero_plus_depr__c0p54__z1p05__lam0p030__nu0p50__psi1p00,hardzero_plus_depr,0.02,30,282,0.0,1,0.5051293,0.5051297,1.0274626,0.09387227,0.09387227,1.0,4.0969059e-07,4.364341e-06,-27.05685,2.2604628,0.7534876,0.136,0.0,0.19418582,8.43002,8.46002,905600
hardzero_plus_depr__c0p54__z1p05__lam0p030__nu0p50__psi1p00,hardzero_plus_depr,0.02,30,283,0.0,1,0.5051297,0.5051301,0.9959236,0.10094305,0.10094305,1.0,4.2752978e-07,4.2353563e-06,-26.324463,2.1910756,0.73035854,0.15200001,0.0,0.14468858,8.46002,8.49002,908800
hardzero_plus_depr__c0p54__z1p05__lam0p030__nu0p50__psi1p00,hardzero_plus_depr,0.02,30,284,0.0,1,0.5051301,0.50513047,1.0327008,0.09274685,0.09274685,1.0,3.812066e-07,4.110184e-06,-26.7602,2.271987,0.757329,0.16800001,0.0,0.1458721,8.49002,8.52002,912000
hardzero_plus_depr__c0p54__z1p05__lam0p030__nu0p50__psi1p00,hardzero_plus_depr,0.02,30,285,0.0,1,0.50513047,0.5051309,1.0027655,0.09936523,0.09936523,1.0,3.9633912e-07,3.9887104e-06,-26.418646,2.2061284,0.7353761,0.15200001,0.0,0.15331854,8.52002,8.550019,915200
hardzero_plus_depr__c0p54__z1p05__lam0p030__nu0p50__psi1p00,hardzero_plus_depr,0.02,30,286,0.0,1,0.5051309,0.50513124,1.0123172,0.09720371,0.09720371,1.0,3.7625875e-07,3.870827e-06,-26.806206,2.2271423,0.7423808,0.14999999,0.0,0.14292519,8.550019,8.580019,918400
hardzero_plus_depr__c0p54__z1p05__lam0p030__nu0p50__psi1p00,hardzero_plus_depr,0.02,30,287,0.0,1,0.50513124,0.50513166,0.98355055,0.103860274,0.103860274,1.0,3.901437e-07,3.7564284e-06,-26.6349,2.1638544,0.7212848,0.192,0.0,0.14515322,8.580019,8.610019,921600
hardzero_plus_depr__c0p54__z1p05__lam0p030__nu0p50__psi1p00,hardzero_plus_depr,0.02,30,288,0.0,1,0.50513166,0.50513166,1.095131,0.0,0.080328375,0.0,0.0,3.6454098e-06,-27.965242,2.4093363,0.80311215,0.112,0.0,0.19235614,8.610019,8.640018,924800
hardzero_plus_depr__c0p54__z1p05__lam0p030__nu0p50__psi1p00,hardzero_plus_depr,0.02,30,289,0.0,1,0.50513166,0.505132,0.98246866,0.104119316,0.104119316,1.0,3.6834007e-07,3.5376727e-06,-26.986147,2.1614742,0.7204914,0.17600001,0.0,0.15458217,8.640018,8.670018,928000
hardzero_plus_depr__c0p54__z1p05__lam0p030__nu0p50__psi1p00,hardzero_plus_depr,0.02,30,290,0.0,1,0.505132,0.505132,1.062868,0.0,0.08652308,0.0,0.0,3.4331194e-06,-27.99725,2.3383563,0.7794521,0.128,0.0,0.14222948,8.670018,8.700018,931200
hardzero_plus_depr__c0p54__z1p05__lam0p030__nu0p50__psi1p00,hardzero_plus_depr,0.02,30,291,0.0,1,0.505132,0.505132,1.1163462,0.0,0.07649864,0.0,0.0,3.3316562e-06,-28.52382,2.4560108,0.8186703,0.120000005,0.0,0.18161021,8.700018,8.730018,934400
hardzero_plus_depr__c0p54__z1p05__lam0p030__nu0p50__psi1p00,hardzero_plus_depr,0.02,30,292,0.0,1,0.505132,0.5051323,1.0098319,0.09776154,0.09776154,1.0,3.160818e-07,3.2331918e-06,-27.504053,2.2216747,0.74055827,0.16000001,0.0,0.15738802,8.730018,8.760017,937600
hardzero_plus_depr__c0p54__z1p05__lam0p030__nu0p50__psi1p00,hardzero_plus_depr,0.02,30,293,0.0,1,0.5051323,0.5051326,1.0455056,0.0900522,0.0900522,1.0,2.8255116e-07,3.1376373e-06,-28.200798,2.3001583,0.76671946,0.208,0.0,0.18549283,8.760017,8.790017,940800
hardzero_plus_depr__c0p54__z1p05__lam0p030__nu0p50__psi1p00,hardzero_plus_depr,0.02,30,294,0.0,1,0.5051326,0.5051329,1.0181497,0.095907,0.095907,1.0,2.9202792e-07,3.044907e-06,-27.085474,2.239974,0.746658,0.17600001,0.0,0.18822564,8.790017,8.820017,944000
hardzero_plus_depr__c0p54__z1p05__lam0p030__nu0p50__psi1p00,hardzero_plus_depr,0.02,30,295,0.0,1,0.5051329,0.5051329,1.07267,0.0,0.084592134,0.0,0.0,2.9549174e-06,-27.45356,2.359921,0.78664035,0.14400001,0.0,0.19445461,8.820017,8.850017,947200
hardzero_plus_depr__c0p54__z1p05__lam0p030__nu0p50__psi1p00,hardzero_plus_depr,0.02,30,296,0.0,1,0.5051329,0.5051332,1.0150104,0.09660278,0.09660278,1.0,2.7701688e-07,2.867587e-06,-26.876747,2.2330673,0.7443558,0.24000001,0.0,0.15904737,8.850017,8.880016,950400
hardzero_plus_depr__c0p54__z1p05__lam0p030__nu0p50__psi1p00,hardzero_plus_depr,0.02,30,297,0.0,1,0.5051332,0.50513345,1.0285168,0.09364469,0.09364469,1.0,2.60598e-07,2.7828378e-06,-26.778671,2.262782,0.7542607,0.17600001,0.0,0.16763814,8.880016,8.910016,953600
hardzero_plus_depr__c0p54__z1p05__lam0p030__nu0p50__psi1p00,hardzero_plus_depr,0.02,30,298,0.0,1,0.50513345,0.50513345,1.0626086,0.0,0.08657477,0.0,0.0,2.7005933e-06,-28.238787,2.3377857,0.77926195,0.15200001,0.0,0.1575328,8.910016,8.940016,956800
hardzero_plus_depr__c0p54__z1p05__lam0p030__nu0p50__psi1p00,hardzero_plus_depr,0.02,30,299,0.0,1,0.50513345,0.5051337,1.0225439,0.094941504,0.094941504,1.0,2.4882073e-07,2.6207792e-06,-28.185238,2.2496414,0.7498805,0.16,0.0,0.15565774,8.940016,8.970016,960000
hardzero_plus_depr__c0p54__z1p05__lam0p030__nu0p50__psi1p00,hardzero_plus_depr,0.02,30,300,0.0,1,0.5051337,0.5051339,1.0065651,0.09849969,0.09849969,1.0,2.5051668e-07,2.5433244e-06,-27.189827,2.2144876,0.7381625,0.15200001,0.0,0.19309121,8.970016,9.000015,963200
hardzero_plus_depr__c0p54__z1p05__lam0p030__nu0p50__psi1p00,hardzero_plus_depr,0.02,30,301,0.0,1,0.5051339,0.5051339,1.0535457,0.0,0.0884004,0.0,0.0,2.468158e-06,-28.37476,2.3178468,0.7726156,0.16000001,0.0,0.16969435,9.000015,9.030015,966400
hardzero_plus_depr__c0p54__z1p05__lam0p030__nu0p50__psi1p00,hardzero_plus_depr,0.02,30,302,0.0,1,0.5051339,0.50513417,0.99552846,0.101034924,0.101034924,1.0,2.4200025e-07,2.3952139e-06,-26.639307,2.1902063,0.7300688,0.15200001,0.0,0.17409444,9.030015,9.060015,969600
hardzero_plus_depr__c0p54__z1p05__lam0p030__nu0p50__psi1p00,hardzero_plus_depr,0.02,30,303,0.0,1,0.50513417,0.5051344,0.9954153,0.10106126,0.10106126,1.0,2.3490934e-07,2.3244252e-06,-26.984398,2.1899574,0.72998583,0.208,0.0,0.14605078,9.060015,9.090014,972800
hardzero_plus_depr__c0p54__z1p05__lam0p030__nu0p50__psi1p00,hardzero_plus_depr,0.02,30,304,0.0,1,0.5051344,0.50513464,1.0172343,0.096109346,0.096109346,1.0,2.1679662e-07,2.2557288e-06,-26.239101,2.23796,0.7459867,0.112,0.0,0.14169642,9.090014,9.120014,976000
hardzero_plus_depr__c0p54__z1p05__lam0p030__nu0p50__psi1p00,hardzero_plus_depr,0.02,30,305,0.0,1,0.50513464,0.5051349,1.0021726,0.09950099,0.09950099,1.0,2.1781389e-07,2.1890626e-06,-26.475079,2.2048237,0.73494124,0.16000001,0.0,0.1757319,9.120014,9.150014,979200
hardzero_plus_depr__c0p54__z1p05__lam0p030__nu0p50__psi1p00,hardzero_plus_depr,0.02,30,306,0.0,1,0.5051349,0.5051349,1.0693243,0.0,0.08524633,0.0,0.0,2.1243663e-06,-28.633423,2.3525603,0.7841868,0.112,0.0,0.19523594,9.150014,9.180014,982400
hardzero_plus_depr__c0p54__z1p05__lam0p030__nu0p50__psi1p00,hardzero_plus_depr,0.02,30,307,0.0,1,0.5051349,0.50513506,1.0324136,0.09280821,0.09280821,1.0,1.9133176e-07,2.0615823e-06,-27.325312,2.2713554,0.75711846,0.17600001,0.008,0.16245933,9.180014,9.210013,985600
hardzero_plus_depr__c0p54__z1p05__lam0p030__nu0p50__psi1p00,hardzero_plus_depr,0.02,30,308,0.0,1,0.50513506,0.50513506,1.0753006,0.0,0.08408129,0.0,0.0,2.0006541e-06,-28.139599,2.3657086,0.78856957,0.14400001,0.0,0.15546538,9.210013,9.240013,988800
hardzero_plus_depr__c0p54__z1p05__lam0p030__nu0p50__psi1p00,hardzero_plus_depr,0.02,30,309,0.0,1,0.50513506,0.50513524,1.0272287,0.093922846,0.093922846,1.0,1.8235367e-07,1.9415263e-06,-26.563087,2.2599483,0.7533161,0.192,0.0,0.13989931,9.240013,9.270013,992000
hardzero_plus_depr__c0p54__z1p05__lam0p030__nu0p50__psi1p00,hardzero_plus_depr,0.02,30,310,0.0,1,0.50513524,0.50513524,1.078835,0.0,0.083399795,0.0,0.0,1.884146e-06,-27.95097,2.3734844,0.7911615,0.17600001,0.0,0.16629992,9.270013,9.300013,995200
hardzero_plus_depr__c0p54__z1p05__lam0p030__nu0p50__psi1p00,hardzero_plus_depr,0.02,30,311,0.0,1,0.50513524,0.5051354,0.97051495,0.107024945,0.107024945,1.0,1.9569099e-07,1.8284614e-06,-27.693983,2.1351755,0.7117252,0.18400002,0.0,0.15309136,9.300013,9.330012,998400
hardzero_plus_depr__c0p54__z1p05__lam0p030__nu0p50__psi1p00,hardzero_plus_depr,0.02,30,312,0.0,1,0.5051354,0.5051356,1.0171641,0.09612488,0.09612488,1.0,1.7056618e-07,1.7744228e-06,-27.41494,2.2378056,0.7459352,0.17999999,0.0,0.17110817,9.330012,9.360012,1001600
hardzero_plus_depr__c0p54__z1p05__lam0p030__nu0p50__psi1p00,hardzero_plus_depr,0.02,30,313,0.0,1,0.5051356,0.5051358,1.0196362,0.09557929,0.09557929,1.0,1.6458574e-07,1.7219812e-06,-27.14996,2.2432444,0.74774814,0.2,0.0,0.15575004,9.360012,9.390012,1004800
hardzero_plus_depr__c0p54__z1p05__lam0p030__nu0p50__psi1p00,hardzero_plus_depr,0.02,30,314,0.0,1,0.5051358,0.5051358,1.0526143,0.0,0.08859018,0.0,0.0,1.6710894e-06,-26.721176,2.3157978,0.7719326,0.15200001,0.0,0.15921484,9.390012,9.4200115,1008000
hardzero_plus_depr__c0p54__z1p05__lam0p030__nu0p50__psi1p00,hardzero_plus_depr,0.02,30,315,0.0,1,0.5051358,0.5051359,1.0428131,0.09061224,0.09061224,1.0,1.4694601e-07,1.6217016e-06,-28.17337,2.2942345,0.7647449,0.112,0.0,0.17279312,9.4200115,9.450011,1011200
hardzero_plus_depr__c0p54__z1p05__lam0p030__nu0p50__psi1p00,hardzero_plus_depr,0.02,30,316,0.0,1,0.5051359,0.5051361,0.9950722,0.10114114,0.10114114,1.0,1.5917325e-07,1.5737736e-06,-27.35439,2.1892025,0.7297342,0.192,0.0,0.15843304,9.450011,9.480011,1014400
hardzero_plus_depr__c0p54__z1p05__lam0p030__nu0p50__psi1p00,hardzero_plus_depr,0.02,30,317,0.0,1,0.5051361,0.5051361,1.0595222,0.0,0.08719223,0.0,0.0,1.527262e-06,-28.257145,2.3309953,0.77699846,0.128,0.0,0.17113814,9.480011,9.510011,1017600
hardzero_plus_depr__c0p54__z1p05__lam0p030__nu0p50__psi1p00,hardzero_plus_depr,0.02,30,318,0.0,1,0.5051361,0.5051362,1.0127836,0.097099364,0.097099364,1.0,1.439134e-07,1.482125e-06,-27.137041,2.2281685,0.74272287,0.16800001,0.0,0.16661233,9.510011,9.54001,1020800
hardzero_plus_depr__c0p54__z1p05__lam0p030__nu0p50__psi1p00,hardzero_plus_depr,0.02,30,319,0.0,1,0.5051362,0.5051363,0.9899504,0.102340974,0.102340974,1.0,1.4719926e-07,1.4383219e-06,-25.967058,2.1779344,0.72597814,0.16800001,0.0,0.16185845,9.54001,9.57001,1024000
hardzero_plus_depr__c0p54__z1p05__lam0p030__nu0p50__psi1p00,hardzero_plus_depr,0.02,30,320,0.0,1,0.5051363,0.50513643,0.9955527,0.10102929,0.10102929,1.0,1.4101805e-07,1.3958135e-06,-26.923489,2.1902597,0.73008657,0.14400001,0.0,0.16872068,9.57001,9.60001,1027200
hardzero_plus_depr__c0p54__z1p05__lam0p030__nu0p50__psi1p00,hardzero_plus_depr,0.02,30,321,0.0,1,0.50513643,0.50513655,1.0218828,0.09508614,0.09508614,1.0,1.288e-07,1.3545612e-06,-26.672157,2.248187,0.7493957,0.112,0.0,0.14602125,9.60001,9.63001,1030400
hardzero_plus_depr__c0p54__z1p05__lam0p030__nu0p50__psi1p00,hardzero_plus_depr,0.02,30,322,0.0,1,0.50513655,0.50513667,1.0384202,0.09153345,0.09153345,1.0,1.203233e-07,1.3145283e-06,-27.05942,2.28457,0.76152337,0.136,0.0,0.16473587,9.63001,9.660009,1033600
hardzero_plus_depr__c0p54__z1p05__lam0p030__nu0p50__psi1p00,hardzero_plus_depr,0.02,30,323,0.0,1,0.50513667,0.5051368,1.0304996,0.09321813,0.09321813,1.0,1.1891637e-07,1.2756785e-06,-27.722914,2.2671444,0.75571483,0.16000001,0.0,0.15991643,9.660009,9.690009,1036800
hardzero_plus_depr__c0p54__z1p05__lam0p030__nu0p50__psi1p00,hardzero_plus_depr,0.02,30,324,0.0,1,0.5051368,0.5051369,1.040137,0.09117231,0.09117231,1.0,1.128692e-07,1.2379768e-06,-27.763317,2.2883472,0.76278245,0.16800001,0.0,0.16528189,9.690009,9.720009,1040000
hardzero_plus_depr__c0p54__z1p05__lam0p030__nu0p50__psi1p00,hardzero_plus_depr,0.02,30,325,0.0,1,0.5051369,0.505137,0.98603314,0.10326825,0.10326825,1.0,1.2406538e-07,1.2013894e-06,-27.304522,2.1693163,0.72310543,0.17,0.0,0.1554994,9.720009,9.750009,1043200
hardzero_plus_depr__c0p54__z1p05__lam0p030__nu0p50__psi1p00,hardzero_plus_depr,0.02,30,326,0.0,1,0.505137,0.50513715,1.030049,0.09331491,0.09331491,1.0,1.08794296e-07,1.1658833e-06,-27.968111,2.266153,0.7553844,0.16000001,0.0,0.15223311,9.750009,9.780008,1046400
hardzero_plus_depr__c0p54__z1p05__lam0p030__nu0p50__psi1p00,hardzero_plus_depr,0.02,30,327,0.0,1,0.50513715,0.50513726,1.0485907,0.08941478,0.08941478,1.0,1.0116626e-07,1.1314265e-06,-26.771658,2.3069456,0.7689819,0.128,0.0,0.1489529,9.780008,9.810008,1049600
hardzero_plus_depr__c0p54__z1p05__lam0p030__nu0p50__psi1p00,hardzero_plus_depr,0.02,30,328,0.0,1,0.50513726,0.5051374,1.0076857,0.09824588,0.09824588,1.0,1.078728e-07,1.097988e-06,-26.452862,2.2169528,0.7389843,0.14400001,0.0,0.13742907,9.810008,9.840008,1052800
hardzero_plus_depr__c0p54__z1p05__lam0p030__nu0p50__psi1p00,hardzero_plus_depr,0.02,30,329,0.0,1,0.5051374,0.5051374,1.07172,0.0,0.08477738,0.0,0.0,1.065538e-06,-28.009424,2.357831,0.7859437,0.14400001,0.0,0.14833915,9.840008,9.8700075,1056000
hardzero_plus_depr__c0p54__z1p05__lam0p030__nu0p50__psi1p00,hardzero_plus_depr,0.02,30,330,0.0,1,0.5051374,0.5051375,1.0036224,0.09916938,0.09916938,1.0,1.0254578e-07,1.0340468e-06,-27.264011,2.2080133,0.7360045,0.216,0.0,0.16328433,9.8700075,9.900007,1059200
hardzero_plus_depr__c0p54__z1p05__lam0p030__nu0p50__psi1p00,hardzero_plus_depr,0.02,30,331,0.0,1,0.5051375,0.5051376,1.0024441,0.099438794,0.099438794,1.0,9.978547e-08,1.0034863e-06,-27.558968,2.2054212,0.73514044,0.128,0.0,0.16062653,9.900007,9.930007,1062400
hardzero_plus_depr__c0p54__z1p05__lam0p030__nu0p50__psi1p00,hardzero_plus_depr,0.02,30,332,0.0,1,0.5051376,0.50513774,0.96469504,0.10846883,0.10846883,1.0,1.05630114e-07,9.738292e-07,-26.38349,2.1223714,0.7074572,0.23200001,0.0,0.1490705,9.930007,9.960007,1065600
hardzero_plus_depr__c0p54__z1p05__lam0p030__nu0p50__psi1p00,hardzero_plus_depr,0.02,30,333,0.0,1,0.50513774,0.50513774,1.066313,0.0,0.08583946,0.0,0.0,9.450484e-07,-27.227375,2.3459356,0.78197855,0.08800001,0.0,0.16081136,9.960007,9.990006,1068800
hardzero_plus_depr__c0p54__z1p05__lam0p030__nu0p50__psi1p00,hardzero_plus_depr,0.02,30,334,0.0,1,0.50513774,0.5051378,1.0315726,0.0929881,0.0929881,1.0,8.528108e-08,9.171182e-07,-27.402905,2.269505,0.7565017,0.16800001,0.0,0.14911067,9.990006,10.020006,1072000
hardzero_plus_depr__c0p54__z1p05__lam0p030__nu0p50__psi1p00,hardzero_plus_depr,0.02,30,335,0.0,1,0.5051378,0.50513786,1.0231113,0.09481754,0.09481754,1.0,8.438889e-08,8.9001344e-07,-27.13664,2.2508898,0.7502966,0.136,0.0,0.13762808,10.020006,10.050006,1075200
hardzero_plus_depr__c0p54__z1p05__lam0p030__nu0p50__psi1p00,hardzero_plus_depr,0.02,30,336,0.0,1,0.50513786,0.5051379,1.0480304,0.089530215,0.089530215,1.0,7.732814e-08,8.6370994e-07,-27.664396,2.305713,0.768571,0.16800001,0.0,0.18251261,10.050006,10.080006,1078400
hardzero_plus_depr__c0p54__z1p05__lam0p030__nu0p50__psi1p00,hardzero_plus_depr,0.02,30,337,0.0,1,0.5051379,0.505138,0.9958044,0.10097075,0.10097075,1.0,8.463203e-08,8.3818355e-07,-27.27469,2.1908135,0.7302712,0.16800001,0.0,0.13136302,10.080006,10.110005,1081600
hardzero_plus_depr__c0p54__z1p05__lam0p030__nu0p50__psi1p00,hardzero_plus_depr,0.02,30,338,0.0,1,0.505138,0.50513804,0.9982473,0.10040439,0.10040439,1.0,8.167011e-08,8.1341176e-07,-26.454279,2.196188,0.7320627,0.13,0.0,0.1425567,10.110005,10.140005,1084800
hardzero_plus_depr__c0p54__z1p05__lam0p030__nu0p50__psi1p00,hardzero_plus_depr,0.02,30,339,0.0,1,0.50513804,0.5051381,1.0316055,0.092981055,0.092981055,1.0,7.339665e-08,7.8937205e-07,-27.25506,2.2695773,0.75652575,0.17600001,0.0,0.18949407,10.140005,10.170005,1088000
hardzero_plus_depr__c0p54__z1p05__lam0p030__nu0p50__psi1p00,hardzero_plus_depr,0.02,30,340,0.0,1,0.5051381,0.5051381,1.1057327,0.0,0.078391194,0.0,0.0,7.660428e-07,-27.83222,2.4326603,0.8108868,0.104,0.0,0.17516772,10.170005,10.200005,1091200
hardzero_plus_depr__c0p54__z1p05__lam0p030__nu0p50__psi1p00,hardzero_plus_depr,0.02,30,341,0.0,1,0.5051381,0.50513816,0.9897031,0.102399275,0.102399275,1.0,7.612393e-08,7.43403e-07,-26.841074,2.1773903,0.7257968,0.2,0.0,0.18643916,10.200005,10.230004,1094400
hardzero_plus_depr__c0p54__z1p05__lam0p030__nu0p50__psi1p00,hardzero_plus_depr,0.02,30,342,0.0,1,0.50513816,0.5051382,1.0319786,0.092901215,0.092901215,1.0,6.7021936e-08,7.214323e-07,-27.22694,2.2703981,0.7567994,0.136,0.0,0.13444565,10.230004,10.260004,1097600
hardzero_plus_depr__c0p54__z1p05__lam0p030__nu0p50__psi1p00,hardzero_plus_depr,0.02,30,343,0.0,1,0.5051382,0.5051383,1.0388027,0.091452844,0.091452844,1.0,6.4027134e-08,7.001109e-07,-27.677525,2.2854116,0.76180387,0.128,0.0,0.18837395,10.260004,10.290004,1100800
hardzero_plus_depr__c0p54__z1p05__lam0p030__nu0p50__psi1p00,hardzero_plus_depr,0.02,30,344,0.0,1,0.5051383,0.50513834,1.0128062,0.097094305,0.097094305,1.0,6.596778e-08,6.7941966e-07,-26.540724,2.228218,0.7427394,0.192,0.0,0.13492668,10.290004,10.3200035,1104000
hardzero_plus_depr__c0p54__z1p05__lam0p030__nu0p50__psi1p00,hardzero_plus_depr,0.02,30,345,0.0,1,0.50513834,0.5051384,1.0452377,0.09010778,0.09010778,1.0,5.9411665e-08,6.5934e-07,-27.169064,2.2995687,0.7665229,0.15200001,0.0,0.17394695,10.3200035,10.350003,1107200
hardzero_plus_depr__c0p54__z1p05__lam0p030__nu0p50__psi1p00,hardzero_plus_depr,0.02,30,346,0.0,1,0.5051384,0.5051384,1.0905344,0.0,0.08118309,0.0,0.0,6.3985374e-07,-28.106634,2.3992238,0.79974127,0.104,0.0,0.1867231,10.350003,10.380003,1110400
hardzero_plus_depr__c0p54__z1p05__lam0p030__nu0p50__psi1p00,hardzero_plus_depr,0.02,30,347,0.0,1,0.5051384,0.5051384,1.0603728,0.0,0.08702162,0.0,0.0,6.2094335e-07,-27.732443,2.332867,0.77762234,0.136,0.0,0.16282736,10.380003,10.410003,1113600
hardzero_plus_depr__c0p54__z1p05__lam0p030__nu0p50__psi1p00,hardzero_plus_depr,0.02,30,348,0.0,1,0.5051384,0.5051384,1.0684745,0.0,0.0854133,0.0,0.0,6.0259185e-07,-28.1444,2.3506908,0.7835636,0.120000005,0.0,0.16439246,10.410003,10.440002,1116800
hardzero_plus_depr__c0p54__z1p05__lam0p030__nu0p50__psi1p00,hardzero_plus_depr,0.02,30,349,0.0,1,0.5051384,0.50513846,1.0416865,0.09084759,0.09084759,1.0,5.3126097e-08,5.847827e-07,-27.287306,2.2917562,0.76391876,0.112,0.0,0.13943549,10.440002,10.470002,1120000
hardzero_plus_depr__c0p54__z1p05__lam0p030__nu0p50__psi1p00,hardzero_plus_depr,0.02,30,350,0.0,1,0.50513846,0.5051385,0.99716127,0.10065578,0.10065578,1.0,5.712215e-08,5.6749997e-07,-26.94557,2.1937985,0.7312662,0.16800001,0.0,0.1526001,10.470002,10.500002,1123200
hardzero_plus_depr__c0p54__z1p05__lam0p030__nu0p50__psi1p00,hardzero_plus_depr,0.02,30,351,0.0,1,0.5051385,0.5051385,1.062959,0.0,0.08650497,0.0,0.0,5.50728e-07,-27.88081,2.3385565,0.77951884,0.16,0.0,0.15514413,10.500002,10.530002,1126400
hardzero_plus_depr__c0p54__z1p05__lam0p030__nu0p50__psi1p00,hardzero_plus_depr,0.02,30,352,0.0,1,0.5051385,0.5051386,1.024986,0.094409116,0.094409116,1.0,5.0457107e-08,5.3445166e-07,-28.084757,2.2550142,0.75167143,0.17600001,0.0,0.16919094,10.530002,10.560001,1129600
hardzero_plus_depr__c0p54__z1p05__lam0p030__nu0p50__psi1p00,hardzero_plus_depr,0.02,30,353,0.0,1,0.5051386,0.50513864,0.98793876,0.10281611,0.10281611,1.0,5.332623e-08,5.1865635e-07,-26.879248,2.1735086,0.7245029,0.16800001,0.0,0.14589229,10.560001,10.590001,1132800
hardzero_plus_depr__c0p54__z1p05__lam0p030__nu0p50__psi1p00,hardzero_plus_depr,0.02,30,354,0.0,1,0.50513864,0.5051387,1.0408165,0.091029756,0.091029756,1.0,4.581781e-08,5.0332784e-07,-27.585419,2.2898421,0.76328075,0.128,0.0,0.17577659,10.590001,10.620001,1136000
hardzero_plus_depr__c0p54__z1p05__lam0p030__nu0p50__psi1p00,hardzero_plus_depr,0.02,30,355,0.0,1,0.5051387,0.50513875,1.04962,0.08920312,0.08920312,1.0,4.3571475e-08,4.884524e-07,-27.816624,2.30921,0.7697367,0.128,0.0,0.14119095,10.620001,10.650001,1139200
hardzero_plus_depr__c0p54__z1p05__lam0p030__nu0p50__psi1p00,hardzero_plus_depr,0.02,30,356,0.0,1,0.50513875,0.5051388,1.0096749,0.097796895,0.097796895,1.0,4.6357346e-08,4.7401656e-07,-27.194733,2.2213292,0.7404431,0.14400001,0.0,0.16776454,10.650001,10.68,1142400
hardzero_plus_depr__c0p54__z1p05__lam0p030__nu0p50__psi1p00,hardzero_plus_depr,0.02,30,357,0.0,1,0.5051388,0.5051389,1.0169753,0.09616669,0.09616669,1.0,4.423739e-08,4.6000739e-07,-27.251743,2.2373903,0.7457968,0.16800001,0.0,0.15855703,10.68,10.71,1145600
hardzero_plus_depr__c0p54__z1p05__lam0p030__nu0p50__psi1p00,hardzero_plus_depr,0.02,30,358,0.0,1,0.5051389,0.50513893,1.028844,0.09357417,0.09357417,1.0,4.177265e-08,4.4641223e-07,-27.85152,2.2635021,0.75450075,0.2,0.0,0.1778099,10.71,10.74,1148800
hardzero_plus_depr__c0p54__z1p05__lam0p030__nu0p50__psi1p00,hardzero_plus_depr,0.02,30,359,0.0,1,0.50513893,0.50513893,1.0506483,0.0,0.088992134,0.0,0.0,4.3321887e-07,-27.230644,2.3114724,0.7704908,0.120000005,0.0,0.16328572,10.74,10.7699995,1152000
hardzero_plus_depr__c0p54__z1p05__lam0p030__nu0p50__psi1p00,hardzero_plus_depr,0.02,30,360,0.0,1,0.50513893,0.505139,1.0158634,0.09641321,0.09641321,1.0,4.0533603e-08,4.2041543e-07,-27.02055,2.234944,0.7449814,0.208,0.0,0.16221583,10.7699995,10.799999,1155200
hardzero_plus_depr__c0p54__z1p05__lam0p030__nu0p50__psi1p00,hardzero_plus_depr,0.02,30,361,0.0,1,0.505139,0.50513905,1.0273328,0.09390035,0.09390035,1.0,3.831044e-08,4.0799037e-07,-26.90927,2.2601774,0.75339246,0.18400002,0.0,0.13967302,10.799999,10.829999,1158400
hardzero_plus_depr__c0p54__z1p05__lam0p030__nu0p50__psi1p00,hardzero_plus_depr,0.02,30,362,0.0,1,0.50513905,0.5051391,1.0391698,0.09137559,0.09137559,1.0,3.617857e-08,3.9593255e-07,-28.121862,2.2862191,0.76207304,0.128,0.0,0.16388372,10.829999,10.859999,1161600
hardzero_plus_depr__c0p54__z1p05__lam0p030__nu0p50__psi1p00,hardzero_plus_depr,0.02,30,363,0.0,1,0.5051391,0.5051392,1.0392586,0.09135692,0.09135692,1.0,3.5102165e-08,3.8423104e-07,-28.054878,2.2864146,0.76213825,0.128,0.0,0.1839988,10.859999,10.889998,1164800
hardzero_plus_depr__c0p54__z1p05__lam0p030__nu0p50__psi1p00,hardzero_plus_depr,0.02,30,364,0.0,1,0.5051392,0.5051392,1.1047585,0.0,0.07856723,0.0,0.0,3.7287543e-07,-28.935738,2.4305172,0.81017244,0.17,0.0,0.19484706,10.889998,10.919998,1168000
hardzero_plus_depr__c0p54__z1p05__lam0p030__nu0p50__psi1p00,hardzero_plus_depr,0.02,30,365,0.0,1,0.5051392,0.50513923,1.0450017,0.09015676,0.09015676,1.0,3.2623706e-08,3.6185537e-07,-27.623772,2.2990496,0.7663499,0.14400001,0.0,0.1507967,10.919998,10.949998,1171200
hardzero_plus_depr__c0p54__z1p05__lam0p030__nu0p50__psi1p00,hardzero_plus_depr,0.02,30,366,0.0,1,0.50513923,0.5051393,1.0496968,0.08918734,0.08918734,1.0,3.1319118e-08,3.5116102e-07,-27.178234,2.309379,0.76979303,0.15200001,0.0,0.15306862,10.949998,10.979998,1174400
hardzero_plus_depr__c0p54__z1p05__lam0p030__nu0p50__psi1p00,hardzero_plus_depr,0.02,30,367,0.0,1,0.5051393,0.50513935,0.9762283,0.1056262,0.1056262,1.0,3.5995583e-08,3.4078272e-07,-27.20269,2.1477451,0.7159151,0.208,0.0,0.15277869,10.979998,11.009997,1177600
hardzero_plus_depr__c0p54__z1p05__lam0p030__nu0p50__psi1p00,hardzero_plus_depr,0.02,30,368,0.0,1,0.50513935,0.50513935,1.0527842,0.0,0.08855555,0.0,0.0,3.3071123e-07,-27.742414,2.3161714,0.7720572,0.14400001,0.0,0.19143507,11.009997,11.039997,1180800
hardzero_plus_depr__c0p54__z1p05__lam0p030__nu0p50__psi1p00,hardzero_plus_depr,0.02,30,369,0.0,1,0.50513935,0.50513935,1.0350316,0.09225043,0.09225043,1.0,2.9606603e-08,3.209373e-07,-27.057188,2.2771149,0.7590383,0.136,0.0,0.17239222,11.039997,11.069997,1184000
hardzero_plus_depr__c0p54__z1p05__lam0p030__nu0p50__psi1p00,hardzero_plus_depr,0.02,30,370,0.0,1,0.50513935,0.50513935,1.019608,0.095585495,0.095585495,1.0,2.9770316e-08,3.1145223e-07,-27.708408,2.2431824,0.7477275,0.208,0.0,0.17053355,11.069997,11.099997,1187200
hardzero_plus_depr__c0p54__z1p05__lam0p030__nu0p50__psi1p00,hardzero_plus_depr,0.02,30,371,0.0,1,0.50513935,0.50513935,1.0432256,0.090526216,0.090526216,1.0,2.7361324e-08,3.022475e-07,-27.949865,2.2951422,0.76504743,0.136,0.0,0.19384898,11.099997,11.129996,1190400
hardzero_plus_depr__c0p54__z1p05__lam0p030__nu0p50__psi1p00,hardzero_plus_depr,0.02,30,372,0.0,1,0.50513935,0.50513935,1.0302858,0.09326401,0.09326401,1.0,2.7355718e-08,2.9331483e-07,-27.245447,2.266674,0.755558,0.17600001,0.0,0.14295347,11.129996,11.159996,1193600
hardzero_plus_depr__c0p54__z1p05__lam0p030__nu0p50__psi1p00,hardzero_plus_depr,0.02,30,373,0.0,1,0.50513935,0.50513935,1.073508,0.0,0.084429055,0.0,0.0,2.8464612e-07,-28.653513,2.361765,0.787255,0.16800001,0.0,0.17536907,11.159996,11.189996,1196800
hardzero_plus_depr__c0p54__z1p05__lam0p030__nu0p50__psi1p00,hardzero_plus_depr,0.02,30,374,0.0,1,0.50513935,0.50513935,1.0090501,0.09793768,0.09793768,1.0,2.7053682e-08,2.7623364e-07,-27.431444,2.2199547,0.7399849,0.16800001,0.0,0.16100617,11.189996,11.2199955,1200000
hardzero_plus_depr__c0p54__z1p05__lam0p030__nu0p50__psi1p00,hardzero_plus_depr,0.02,30,375,0.0,1,0.50513935,0.50513935,1.0188401,0.095754646,0.095754646,1.0,2.5668927e-08,2.6806978e-07,-27.120842,2.241493,0.74716437,0.16000001,0.0,0.14663886,11.2199955,11.249995,1203200
hardzero_plus_depr__c0p54__z1p05__lam0p030__nu0p50__psi1p00,hardzero_plus_depr,0.02,30,376,0.0,1,0.50513935,0.50513935,1.0889667,0.0,0.08147666,0.0,0.0,2.6014717e-07,-28.606308,2.3957746,0.79859155,0.128,0.0,0.17812257,11.249995,11.279995,1206400
hardzero_plus_depr__c0p54__z1p05__lam0p030__nu0p50__psi1p00,hardzero_plus_depr,0.02,30,377,0.0,1,0.50513935,0.50513935,1.0970752,0.0,0.07996958,0.0,0.0,2.5245876e-07,-28.632917,2.4136138,0.80453795,0.14999999,0.0,0.20254466,11.279995,11.309995,1209600
hardzero_plus_depr__c0p54__z1p05__lam0p030__nu0p50__psi1p00,hardzero_plus_depr,0.02,30,378,0.0,1,0.50513935,0.50513935,1.0030309,0.099304534,0.099304534,1.0,2.4329365e-08,2.4499752e-07,-27.029238,2.206712,0.73557067,0.15200001,0.0,0.13813294,11.309995,11.339994,1212800
hardzero_plus_depr__c0p54__z1p05__lam0p030__nu0p50__psi1p00,hardzero_plus_depr,0.02,30,379,0.0,1,0.50513935,0.50513935,1.0197207,0.0955607,0.0955607,1.0,2.2720208e-08,2.3775682e-07,-26.517904,2.2434304,0.7478101,0.2,0.0,0.13892564,11.339994,11.369994,1216000
hardzero_plus_depr__c0p54__z1p05__lam0p030__nu0p50__psi1p00,hardzero_plus_depr,0.02,30,380,0.0,1,0.50513935,0.50513935,1.022356,0.09498257,0.09498257,1.0,2.1915337e-08,2.307301e-07,-27.805292,2.2492282,0.74974275,0.208,0.0,0.16756207,11.369994,11.399994,1219200
hardzero_plus_depr__c0p54__z1p05__lam0p030__nu0p50__psi1p00,hardzero_plus_depr,0.02,30,381,0.0,1,0.50513935,0.50513935,1.0533577,0.0,0.08843868,0.0,0.0,2.2391106e-07,-27.50547,2.3174334,0.7724778,0.18400002,0.008,0.17555813,11.399994,11.429994,1222400
hardzero_plus_depr__c0p54__z1p05__lam0p030__nu0p50__psi1p00,hardzero_plus_depr,0.02,30,382,0.0,1,0.50513935,0.50513935,1.0926828,0.0,0.08078247,0.0,0.0,2.1729356e-07,-28.934786,2.4039502,0.80131674,0.136,0.0,0.17667975,11.429994,11.459993,1225600
hardzero_plus_depr__c0p54__z1p05__lam0p030__nu0p50__psi1p00,hardzero_plus_depr,0.02,30,383,0.0,1,0.50513935,0.50513935,1.01852,0.09582527,0.09582527,1.0,2.020683e-08,2.1087162e-07,-27.565355,2.2407887,0.7469296,0.17600001,0.0,0.16709664,11.459993,11.489993,1228800
hardzero_plus_depr__c0p54__z1p05__lam0p030__nu0p50__psi1p00,hardzero_plus_depr,0.02,30,384,0.0,1,0.50513935,0.50513935,1.0277834,0.093802966,0.093802966,1.0,1.9195788e-08,2.0463946e-07,-27.2369,2.2611687,0.7537229,0.14400001,0.0,0.16646835,11.489993,11.519993,1232000
hardzero_plus_depr__c0p54__z1p05__lam0p030__nu0p50__psi1p00,hardzero_plus_depr,0.02,30,385,0.0,1,0.50513935,0.50513935,1.1017843,0.0,0.079107136,0.0,0.0,1.9859151e-07,-29.362297,2.423974,0.8079914,0.17600001,0.0,0.1895799,11.519993,11.549993,1235200
hardzero_plus_depr__c0p54__z1p05__lam0p030__nu0p50__psi1p00,hardzero_plus_depr,0.02,30,386,0.0,1,0.50513935,0.50513935,1.0688632,0.0,0.08533689,0.0,0.0,1.9272228e-07,-27.430592,2.3515458,0.78384864,0.064,0.0,0.17302692,11.549993,11.579992,1238400
hardzero_plus_depr__c0p54__z1p05__lam0p030__nu0p50__psi1p00,hardzero_plus_depr,0.02,30,387,0.0,1,0.50513935,0.50513935,1.0360719,0.09202972,0.09202972,1.0,1.7212e-08,1.8702654e-07,-27.563139,2.2794037,0.75980127,0.16800001,0.0,0.1594562,11.579992,11.609992,1241600
hardzero_plus_depr__c0p54__z1p05__lam0p030__nu0p50__psi1p00,hardzero_plus_depr,0.02,30,388,0.0,1,0.50513935,0.50513935,0.96462846,0.10848545,0.10848545,1.0,1.9690013e-08,1.8149912e-07,-25.510674,2.122225,0.70740837,0.18400002,0.0,0.13021345,11.609992,11.639992,1244800
hardzero_plus_depr__c0p54__z1p05__lam0p030__nu0p50__psi1p00,hardzero_plus_depr,0.02,30,389,0.0,1,0.50513935,0.50513935,1.0557505,0.0,0.08795276,0.0,0.0,1.7613505e-07,-28.216242,2.3226974,0.7742325,0.104,0.0,0.1705699,11.639992,11.6699915,1248000
hardzero_plus_depr__c0p54__z1p05__lam0p030__nu0p50__psi1p00,hardzero_plus_depr,0.02,30,390,0.0,1,0.50513935,0.50513935,1.0360863,0.09202667,0.09202667,1.0,1.5730075e-08,1.7092952e-07,-27.517712,2.2794354,0.7598118,0.17999999,0.0,0.14697312,11.6699915,11.699991,1251200
hardzero_plus_depr__c0p54__z1p05__lam0p030__nu0p50__psi1p00,hardzero_plus_depr,0.02,30,391,0.0,1,0.50513935,0.50513935,0.98836726,0.10271473,0.10271473,1.0,1.7038097e-08,1.6587784e-07,-25.994278,2.1744514,0.72481716,0.136,0.0,0.12629613,11.699991,11.729991,1254400
hardzero_plus_depr__c0p54__z1p05__lam0p030__nu0p50__psi1p00,hardzero_plus_depr,0.02,30,392,0.0,1,0.50513935,0.50513935,1.0112087,0.097452134,0.097452134,1.0,1.5687402e-08,1.6097545e-07,-27.11258,2.2247036,0.74156785,0.17600001,0.0,0.15699328,11.729991,11.759991,1257600
hardzero_plus_depr__c0p54__z1p05__lam0p030__nu0p50__psi1p00,hardzero_plus_depr,0.02,30,393,0.0,1,0.50513935,0.50513935,1.0505929,0.0,0.08900351,0.0,0.0,1.5621795e-07,-27.39035,2.3113506,0.77045023,0.096,0.0,0.20052041,11.759991,11.78999,1260800
hardzero_plus_depr__c0p54__z1p05__lam0p030__nu0p50__psi1p00,hardzero_plus_depr,0.02,30,394,0.0,1,0.50513935,0.50513935,1.0821661,0.0,0.082762554,0.0,0.0,1.5160104e-07,-28.278028,2.380813,0.7936043,0.16000001,0.0,0.19748122,11.78999,11.81999,1264000
hardzero_plus_depr__c0p54__z1p05__lam0p030__nu0p50__psi1p00,hardzero_plus_depr,0.02,30,395,0.0,1,0.50513935,0.50513935,1.0449039,0.090177074,0.090177074,1.0,1.3266906e-08,1.471206e-07,-28.02999,2.2988343,0.76627815,0.16000001,0.0,0.16516231,11.81999,11.84999,1267200
hardzero_plus_depr__c0p54__z1p05__lam0p030__nu0p50__psi1p00,hardzero_plus_depr,0.02,30,396,0.0,1,0.50513935,0.50513935,1.0417504,0.09083423,0.09083423,1.0,1.2968636e-08,1.4277256e-07,-27.061228,2.2918966,0.76396555,0.192,0.0,0.1681588,11.84999,11.87999,1270400
hardzero_plus_depr__c0p54__z1p05__lam0p030__nu0p50__psi1p00,hardzero_plus_depr,0.02,30,397,0.0,1,0.50513935,0.50513935,1.0353457,0.09218375,0.09218375,1.0,1.2772338e-08,1.3855303e-07,-27.826372,2.277806,0.7592687,0.136,0.0,0.14816837,11.87999,11.909989,1273600
hardzero_plus_depr__c0p54__z1p05__lam0p030__nu0p50__psi1p00,hardzero_plus_depr,0.02,30,398,0.0,1,0.50513935,0.50513935,1.0418242,0.09081879,0.09081879,1.0,1.22113315e-08,1.344582e-07,-26.975708,2.2920592,0.7640197,0.16000001,0.0,0.14820664,11.909989,11.939989,1276800
hardzero_plus_depr__c0p54__z1p05__lam0p030__nu0p50__psi1p00,hardzero_plus_depr,0.02,30,399,0.0,1,0.50513935,0.50513935,1.0821954,0.0,0.08275697,0.0,0.0,1.304844e-07,-28.237717,2.3808775,0.79362583,0.128,0.0,0.16179107,11.939989,11.969989,1280000
hardzero_plus_depr__c0p54__z1p05__lam0p030__nu0p50__psi1p00,hardzero_plus_depr,0.02,30,400,0.0,1,0.50513935,0.50513935,1.097628,0.0,0.07986785,0.0,0.0,1.2662804e-07,-28.4769,2.4148297,0.80494326,0.096,0.0,0.16595817,11.969989,11.999989,1283200
hardzero_plus_depr__c0p54__z1p05__lam0p030__nu0p50__psi1p00,hardzero_plus_depr,0.02,30,401,0.0,1,0.50513935,0.50513935,0.9999754,0.10000567,0.10000567,1.0,1.2289262e-08,1.2288565e-07,-26.705511,2.1999898,0.73332995,0.17600001,0.0,0.17372367,11.999989,12.029988,1286400
hardzero_plus_depr__c0p54__z1p05__lam0p030__nu0p50__psi1p00,hardzero_plus_depr,0.02,30,402,0.0,1,0.50513935,0.50513935,1.0431135,0.090549596,0.090549596,1.0,1.0798388e-08,1.1925385e-07,-27.390015,2.2948954,0.7649652,0.112,0.0,0.18966576,12.029988,12.059988,1289600
hardzero_plus_depr__c0p54__z1p05__lam0p030__nu0p50__psi1p00,hardzero_plus_depr,0.02,30,403,0.0,1,0.50513935,0.50513935,1.0164553,0.09628191,0.09628191,1.0,1.1142649e-08,1.15729414e-07,-27.19344,2.2362463,0.74541545,0.17999999,0.0,0.15684073,12.059988,12.089988,1292800
hardzero_plus_depr__c0p54__z1p05__lam0p030__nu0p50__psi1p00,hardzero_plus_depr,0.02,30,404,0.0,1,0.50513935,0.50513935,1.0871377,0.0,0.08182054,0.0,0.0,1.12309124e-07,-27.921154,2.3917506,0.7972502,0.16800001,0.0,0.19030288,12.089988,12.1199875,1296000
hardzero_plus_depr__c0p54__z1p05__lam0p030__nu0p50__psi1p00,hardzero_plus_depr,0.02,30,405,0.0,1,0.50513935,0.50513935,1.0600199,0.0,0.08709238,0.0,0.0,1.08989916e-07,-27.674244,2.3320901,0.7773634,0.104,0.0,0.1925779,12.1199875,12.149987,1299200
hardzero_plus_depr__c0p54__z1p05__lam0p030__nu0p50__psi1p00,hardzero_plus_depr,0.02,30,406,0.0,1,0.50513935,0.50513935,1.0270435,0.093962915,0.093962915,1.0,9.938345e-09,1.05768805e-07,-27.550388,2.2595408,0.75318027,0.112,0.0,0.15767069,12.149987,12.179987,1302400
hardzero_plus_depr__c0p54__z1p05__lam0p030__nu0p50__psi1p00,hardzero_plus_depr,0.02,30,407,0.0,1,0.50513935,0.50513935,1.0270784,0.09395537,0.09395537,1.0,9.64385e-09,1.02642886e-07,-27.637564,2.2596176,0.7532059,0.192,0.0,0.15584154,12.179987,12.209987,1305600
hardzero_plus_depr__c0p54__z1p05__lam0p030__nu0p50__psi1p00,hardzero_plus_depr,0.02,30,408,0.0,1,0.50513935,0.50513935,0.9983562,0.100379206,0.100379206,1.0,9.9987085e-09,9.960936e-08,-26.462435,2.1964276,0.73214257,0.14400001,0.0,0.1875827,12.209987,12.239986,1308800
hardzero_plus_depr__c0p54__z1p05__lam0p030__nu0p50__psi1p00,hardzero_plus_depr,0.02,30,409,0.0,1,0.50513935,0.50513935,1.082159,0.0,0.082763895,0.0,0.0,9.666549e-08,-28.546686,2.3807974,0.7935991,0.16800001,0.0,0.19054359,12.239986,12.269986,1312000
hardzero_plus_depr__c0p54__z1p05__lam0p030__nu0p50__psi1p00,hardzero_plus_depr,0.02,30,410,0.0,1,0.50513935,0.50513935,1.0147616,0.09665815,0.09665815,1.0,9.067366e-09,9.380861e-08,-27.037369,2.23252,0.7441734,0.192,0.0,0.15274501,12.269986,12.299986,1315200
hardzero_plus_depr__c0p54__z1p05__lam0p030__nu0p50__psi1p00,hardzero_plus_depr,0.02,30,411,0.0,1,0.50513935,0.50513935,1.021159,0.09524472,0.09524472,1.0,8.670716e-09,9.103618e-08,-26.972649,2.246595,0.748865,0.08800001,0.0,0.17705639,12.299986,12.329986,1318400
hardzero_plus_depr__c0p54__z1p05__lam0p030__nu0p50__psi1p00,hardzero_plus_depr,0.02,30,412,0.0,1,0.50513935,0.50513935,1.0622809,0.0,0.08664013,0.0,0.0,8.834568e-08,-28.535189,2.3370647,0.7790216,0.17600001,0.0,0.1609736,12.329986,12.359985,1321600
hardzero_plus_depr__c0p54__z1p05__lam0p030__nu0p50__psi1p00,hardzero_plus_depr,0.02,30,413,0.0,1,0.50513935,0.50513935,1.0620055,0.0,0.08669509,0.0,0.0,8.573469e-08,-27.931833,2.3364587,0.77881956,0.16000001,0.0,0.17409013,12.359985,12.389985,1324800
hardzero_plus_depr__c0p54__z1p05__lam0p030__nu0p50__psi1p00,hardzero_plus_depr,0.02,30,414,0.0,1,0.50513935,0.50513935,0.98556274,0.10338016,0.10338016,1.0,8.601319e-09,8.320087e-08,-26.53229,2.1682813,0.72276044,0.16000001,0.0,0.1631617,12.389985,12.419985,1328000
hardzero_plus_depr__c0p54__z1p05__lam0p030__nu0p50__psi1p00,hardzero_plus_depr,0.02,30,415,0.0,1,0.50513935,0.50513935,1.0369256,0.091849014,0.091849014,1.0,7.4160664e-09,8.074193e-08,-27.377426,2.2812817,0.76042724,0.128,0.0,0.15274182,12.419985,12.449985,1331200
hardzero_plus_depr__c0p54__z1p05__lam0p030__nu0p50__psi1p00,hardzero_plus_depr,0.02,30,416,0.0,1,0.50513935,0.50513935,1.0070571,0.09838819,0.09838819,1.0,7.709271e-09,7.835566e-08,-27.484917,2.2155697,0.73852324,0.12,0.0,0.12614481,12.449985,12.479984,1334400
hardzero_plus_depr__c0p54__z1p05__lam0p030__nu0p50__psi1p00,hardzero_plus_depr,0.02,30,417,0.0,1,0.50513935,0.50513935,0.9758047,0.10572929,0.10572929,1.0,8.039647e-09,7.6039925e-08,-25.855106,2.1468132,0.7156044,0.16800001,0.0,0.1350989,12.479984,12.509984,1337600
hardzero_plus_depr__c0p54__z1p05__lam0p030__nu0p50__psi1p00,hardzero_plus_depr,0.02,30,418,0.0,1,0.50513935,0.50513935,1.1053985,0.0,0.07845153,0.0,0.0,7.379263e-08,-28.10062,2.4319253,0.81064177,0.16000001,0.0,0.17620806,12.509984,12.539984,1340800
hardzero_plus_depr__c0p54__z1p05__lam0p030__nu0p50__psi1p00,hardzero_plus_depr,0.02,30,419,0.0,1,0.50513935,0.50513935,1.0411531,0.09095925,0.09095925,1.0,6.5137504e-09,7.1611744e-08,-26.843864,2.2905824,0.7635275,0.112,0.0,0.13995919,12.539984,12.5699835,1344000
hardzero_plus_depr__c0p54__z1p05__lam0p030__nu0p50__psi1p00,hardzero_plus_depr,0.02,30,420,0.0,1,0.50513935,0.50513935,1.0442885,0.090304926,0.090304926,1.0,6.2757692e-09,6.9495314e-08,-27.63552,2.2974806,0.7658269,0.136,0.008,0.1719641,12.5699835,12.599983,1347200
hardzero_plus_depr__c0p54__z1p05__lam0p030__nu0p50__psi1p00,hardzero_plus_depr,0.02,30,421,0.0,1,0.50513935,0.50513935,1.0455251,0.09004819,0.09004819,1.0,6.072979e-09,6.7441434e-08,-27.327696,2.3002012,0.76673377,0.16800001,0.0,0.15830739,12.599983,12.629983,1350400
hardzero_plus_depr__c0p54__z1p05__lam0p030__nu0p50__psi1p00,hardzero_plus_depr,0.02,30,422,0.0,1,0.50513935,0.50513935,1.0221155,0.09503522,0.09503522,1.0,6.219889e-09,6.5448255e-08,-27.22135,2.248699,0.7495663,0.16800001,0.0,0.14087886,12.629983,12.659983,1353600
hardzero_plus_depr__c0p54__z1p05__lam0p030__nu0p50__psi1p00,hardzero_plus_depr,0.02,30,423,0.0,1,0.50513935,0.50513935,1.0031499,0.099277325,0.099277325,1.0,6.305499e-09,6.351399e-08,-26.707651,2.2069738,0.73565793,0.15200001,0.0,0.16810067,12.659983,12.689982,1356800
hardzero_plus_depr__c0p54__z1p05__lam0p030__nu0p50__psi1p00,hardzero_plus_depr,0.02,30,424,0.0,1,0.50513935,0.50513935,1.0684149,0.0,0.085425004,0.0,0.0,6.163688e-08,-27.718473,2.3505597,0.7835199,0.136,0.0,0.17605174,12.689982,12.719982,1360000
hardzero_plus_depr__c0p54__z1p05__lam0p030__nu0p50__psi1p00,hardzero_plus_depr,0.02,30,425,0.0,1,0.50513935,0.50513935,1.0514522,0.0,0.08882757,0.0,0.0,5.981525e-08,-27.717884,2.313241,0.7710804,0.080000006,0.0,0.16030473,12.719982,12.749982,1363200
hardzero_plus_depr__c0p54__z1p05__lam0p030__nu0p50__psi1p00,hardzero_plus_depr,0.02,30,426,0.0,1,0.50513935,0.50513935,0.9921344,0.101827614,0.101827614,1.0,5.9108345e-09,5.8047462e-08,-26.955067,2.1827393,0.7275798,0.136,0.0,0.1498281,12.749982,12.779982,1366400
hardzero_plus_depr__c0p54__z1p05__lam0p030__nu0p50__psi1p00,hardzero_plus_depr,0.02,30,427,0.0,1,0.50513935,0.50513935,1.0133264,0.096978076,0.096978076,1.0,5.4629608e-09,5.6331913e-08,-26.2433,2.2293627,0.7431209,0.104,0.0,0.12207353,12.779982,12.809981,1369600
hardzero_plus_depr__c0p54__z1p05__lam0p030__nu0p50__psi1p00,hardzero_plus_depr,0.02,30,428,0.0,1,0.50513935,0.50513935,1.0282375,0.09370495,0.09370495,1.0,5.122575e-09,5.466707e-08,-27.089777,2.2621677,0.7540559,0.18400002,0.0,0.16307795,12.809981,12.839981,1372800
hardzero_plus_depr__c0p54__z1p05__lam0p030__nu0p50__psi1p00,hardzero_plus_depr,0.02,30,429,0.0,1,0.50513935,0.50513935,1.058721,0.0,0.08735324,0.0,0.0,5.3051426e-08,-27.51418,2.3292327,0.77641094,0.17999999,0.0,0.1888541,12.839981,12.869981,1376000
hardzero_plus_depr__c0p54__z1p05__lam0p030__nu0p50__psi1p00,hardzero_plus_depr,0.02,30,430,0.0,1,0.50513935,0.50513935,1.0082945,0.09810825,0.09810825,1.0,5.050959e-09,5.1483532e-08,-27.947922,2.218292,0.73943067,0.14400001,0.0,0.18567856,12.869981,12.899981,1379200
hardzero_plus_depr__c0p54__z1p05__lam0p030__nu0p50__psi1p00,hardzero_plus_depr,0.02,30,431,0.0,1,0.50513935,0.50513935,1.0737563,0.0,0.08438079,0.0,0.0,4.9961976e-08,-28.904093,2.3623111,0.7874371,0.192,0.0,0.19597381,12.899981,12.92998,1382400
hardzero_plus_depr__c0p54__z1p05__lam0p030__nu0p50__psi1p00,hardzero_plus_depr,0.02,30,432,0.0,1,0.50513935,0.50513935,1.022891,0.094865635,0.094865635,1.0,4.5995976e-09,4.8485393e-08,-27.060669,2.2504053,0.7501351,0.15200001,0.0,0.15161036,12.92998,12.95998,1385600
hardzero_plus_depr__c0p54__z1p05__lam0p030__nu0p50__psi1p00,hardzero_plus_depr,0.02,30,433,0.0,1,0.50513935,0.50513935,1.0602956,0.0,0.0870371,0.0,0.0,4.7052442e-08,-28.045908,2.332697,0.77756566,0.17600001,0.0,0.16235404,12.95998,12.98998,1388800
hardzero_plus_depr__c0p54__z1p05__lam0p030__nu0p50__psi1p00,hardzero_plus_depr,0.02,30,434,0.0,1,0.50513935,0.50513935,1.073908,0.0,0.084351346,0.0,0.0,4.566185e-08,-27.690552,2.3626447,0.78754824,0.08800001,0.0,0.16804841,12.98998,13.0199795,1392000
hardzero_plus_depr__c0p54__z1p05__lam0p030__nu0p50__psi1p00,hardzero_plus_depr,0.02,30,435,0.0,1,0.50513935,0.50513935,1.0380585,0.09160972,0.09160972,1.0,4.0594412e-09,4.4312344e-08,-27.758389,2.2837744,0.7612581,0.16800001,0.0,0.14753081,13.0199795,13.049979,1395200
hardzero_plus_depr__c0p54__z1p05__lam0p030__nu0p50__psi1p00,hardzero_plus_depr,0.02,30,436,0.0,1,0.50513935,0.50513935,1.0758147,0.0,0.08398182,0.0,0.0,4.3002732e-08,-27.601492,2.3668396,0.78894657,0.104,0.0,0.18109013,13.049979,13.079979,1398400
hardzero_plus_depr__c0p54__z1p05__lam0p030__nu0p50__psi1p00,hardzero_plus_depr,0.02,30,437,0.0,1,0.50513935,0.50513935,0.9279146,0.11805526,0.11805526,1.0,4.9266604e-09,4.1731816e-08,-24.866669,2.041453,0.6804843,0.192,0.0,0.12357537,13.079979,13.109979,1401600
hardzero_plus_depr__c0p54__z1p05__lam0p030__nu0p50__psi1p00,hardzero_plus_depr,0.02,30,438,0.0,1,0.50513935,0.50513935,1.0062033,0.09858178,0.09858178,1.0,3.9924113e-09,4.049847e-08,-27.03247,2.2136915,0.73789716,0.096,0.0,0.14098246,13.109979,13.139978,1404800
hardzero_plus_depr__c0p54__z1p05__lam0p030__nu0p50__psi1p00,hardzero_plus_depr,0.02,30,439,0.0,1,0.50513935,0.50513935,1.0343616,0.09239287,0.09239287,1.0,3.6311842e-09,3.9301565e-08,-27.194,2.275641,0.758547,0.18400002,0.0,0.17178811,13.139978,13.169978,1408000
hardzero_plus_depr__c0p54__z1p05__lam0p030__nu0p50__psi1p00,hardzero_plus_depr,0.02,30,440,0.0,1,0.50513935,0.50513935,1.0482947,0.08947576,0.08947576,1.0,3.412609e-09,3.814004e-08,-27.373386,2.3062942,0.76876473,0.16000001,0.0,0.16957149,13.169978,13.199978,1411200
hardzero_plus_depr__c0p54__z1p05__lam0p030__nu0p50__psi1p00,hardzero_plus_depr,0.02,30,441,0.0,1,0.50513935,0.50513935,0.9952824,0.101092175,0.101092175,1.0,3.7417087e-09,3.7012843e-08,-26.356365,2.189665,0.7298884,0.128,0.008,0.1642983,13.199978,13.229978,1414400
hardzero_plus_depr__c0p54__z1p05__lam0p030__nu0p50__psi1p00,hardzero_plus_depr,0.02,30,442,0.0,1,0.50513935,0.50513935,1.1147096,0.0,0.07678747,0.0,0.0,3.591896e-08,-28.935444,2.4524102,0.8174701,0.099999994,0.0,0.18258275,13.229978,13.259977,1417600
hardzero_plus_depr__c0p54__z1p05__lam0p030__nu0p50__psi1p00,hardzero_plus_depr,0.02,30,443,0.0,1,0.50513935,0.50513935,1.0413837,0.09091095,0.09091095,1.0,3.1689193e-09,3.48574e-08,-27.321045,2.29109,0.7636967,0.18400002,0.0,0.14907151,13.259977,13.289977,1420800
hardzero_plus_depr__c0p54__z1p05__lam0p030__nu0p50__psi1p00,hardzero_plus_depr,0.02,30,444,0.0,1,0.50513935,0.50513935,1.0252537,0.09435097,0.09435097,1.0,3.1916307e-09,3.3827217e-08,-27.235384,2.255603,0.7518677,0.23200001,0.0,0.16732329,13.289977,13.319977,1424000
hardzero_plus_depr__c0p54__z1p05__lam0p030__nu0p50__psi1p00,hardzero_plus_depr,0.02,30,445,0.0,1,0.50513935,0.50513935,0.99784213,0.100498095,0.100498095,1.0,3.2990992e-09,3.282748e-08,-26.160872,2.1952965,0.7317655,0.14400001,0.0,0.1256378,13.319977,13.349977,1427200
hardzero_plus_depr__c0p54__z1p05__lam0p030__nu0p50__psi1p00,hardzero_plus_depr,0.02,30,446,0.0,1,0.50513935,0.50513935,1.0086913,0.09801865,0.09801865,1.0,3.122609e-09,3.1857294e-08,-26.29419,2.2191653,0.7397218,0.14400001,0.0,0.12098728,13.349977,13.379976,1430400
hardzero_plus_depr__c0p54__z1p05__lam0p030__nu0p50__psi1p00,hardzero_plus_depr,0.02,30,447,0.0,1,0.50513935,0.50513935,1.024541,0.0945059,0.0945059,1.0,2.921723e-09,3.0915775e-08,-26.636047,2.2540352,0.7513451,0.216,0.0,0.14813596,13.379976,13.409976,1433600
hardzero_plus_depr__c0p54__z1p05__lam0p030__nu0p50__psi1p00,hardzero_plus_depr,0.02,30,448,0.0,1,0.50513935,0.50513935,1.0189737,0.0957252,0.0957252,1.0,2.8719556e-09,3.0002084e-08,-26.786871,2.241787,0.74726236,0.104,0.0,0.13563424,13.409976,13.439976,1436800
hardzero_plus_depr__c0p54__z1p05__lam0p030__nu0p50__psi1p00,hardzero_plus_depr,0.02,30,449,0.0,1,0.50513935,0.50513935,1.039787,0.091245815,0.091245815,1.0,2.656658e-09,2.9115396e-08,-27.800951,2.2875772,0.76252574,0.16800001,0.0,0.1821225,13.439976,13.469975,1440000
hardzero_plus_depr__c0p54__z1p05__lam0p030__nu0p50__psi1p00,hardzero_plus_depr,0.02,30,450,0.0,1,0.50513935,0.50513935,1.0189062,0.095740065,0.095740065,1.0,2.705127e-09,2.8254911e-08,-27.700287,2.2416384,0.7472128,0.16800001,0.0,0.15737404,13.469975,13.499975,1443200
hardzero_plus_depr__c0p54__z1p05__lam0p030__nu0p50__psi1p00,hardzero_plus_depr,0.02,30,451,0.0,1,0.50513935,0.50513935,1.0272303,0.09392251,0.09392251,1.0,2.5753424e-09,2.7419862e-08,-28.32974,2.2599516,0.75331724,0.18400002,0.0,0.18133219,13.499975,13.529975,1446400
hardzero_plus_depr__c0p54__z1p05__lam0p030__nu0p50__psi1p00,hardzero_plus_depr,0.02,30,452,0.0,1,0.50513935,0.50513935,1.0408655,0.0910195,0.0910195,1.0,2.4219822e-09,2.6609488e-08,-27.623707,2.28995,0.76331663,0.14400001,0.0,0.16078605,13.529975,13.559975,1449600
hardzero_plus_depr__c0p54__z1p05__lam0p030__nu0p50__psi1p00,hardzero_plus_depr,0.02,30,453,0.0,1,0.50513935,0.50513935,1.0188838,0.09574502,0.09574502,1.0,2.47243e-09,2.5823066e-08,-27.548046,2.241589,0.7471964,0.16800001,0.0,0.16593456,13.559975,13.589974,1452800
hardzero_plus_depr__c0p54__z1p05__lam0p030__nu0p50__psi1p00,hardzero_plus_depr,0.02,30,454,0.0,1,0.50513935,0.50513935,1.0632948,0.0,0.08643809,0.0,0.0,2.5059885e-08,-27.457993,2.3392951,0.77976507,0.16000001,0.0,0.18362087,13.589974,13.619974,1456000
hardzero_plus_depr__c0p54__z1p05__lam0p030__nu0p50__psi1p00,hardzero_plus_depr,0.02,30,455,0.0,1,0.50513935,0.50513935,1.0828264,0.0,0.08263682,0.0,0.0,2.4319263e-08,-28.274284,2.3822656,0.79408854,0.17999999,0.0,0.18252681,13.619974,13.649974,1459200
hardzero_plus_depr__c0p54__z1p05__lam0p030__nu0p50__psi1p00,hardzero_plus_depr,0.02,30,456,0.0,1,0.50513935,0.50513935,1.0611892,0.0,0.0868582,0.0,0.0,2.3600526e-08,-27.891466,2.3346627,0.7782209,0.16000001,0.0,0.15644522,13.649974,13.679974,1462400
hardzero_plus_depr__c0p54__z1p05__lam0p030__nu0p50__psi1p00,hardzero_plus_depr,0.02,30,457,0.0,1,0.50513935,0.50513935,1.0229089,0.094861746,0.094861746,1.0,2.1726212e-09,2.2903029e-08,-27.425913,2.2504447,0.75014824,0.208,0.0,0.17136768,13.679974,13.709973,1465600
hardzero_plus_depr__c0p54__z1p05__lam0p030__nu0p50__psi1p00,hardzero_plus_depr,0.02,30,458,0.0,1,0.50513935,0.50513935,0.9944912,0.10127651,0.10127651,1.0,2.250987e-09,2.222615e-08,-26.41472,2.1879244,0.7293081,0.16800001,0.0,0.16599554,13.709973,13.739973,1468800
hardzero_plus_depr__c0p54__z1p05__lam0p030__nu0p50__psi1p00,hardzero_plus_depr,0.02,30,459,0.0,1,0.50513935,0.50513935,1.0007732,0.09982213,0.09982213,1.0,2.1530904e-09,2.156927e-08,-26.72552,2.201745,0.73391503,0.208,0.0,0.13718474,13.739973,13.769973,1472000
hardzero_plus_depr__c0p54__z1p05__lam0p030__nu0p50__psi1p00,hardzero_plus_depr,0.02,30,460,0.0,1,0.50513935,0.50513935,1.0202696,0.095439985,0.095439985,1.0,1.9977315e-09,2.093181e-08,-27.319897,2.244638,0.7482127,0.16800001,0.008,0.16136183,13.769973,13.799973,1475200
hardzero_plus_depr__c0p54__z1p05__lam0p030__nu0p50__psi1p00,hardzero_plus_depr,0.02,30,461,0.0,1,0.50513935,0.50513935,0.9819648,0.10424018,0.10424018,1.0,2.1174502e-09,2.0313186e-08,-25.929358,2.1603658,0.720122,0.16000001,0.0,0.15279742,13.799973,13.829972,1478400
hardzero_plus_depr__c0p54__z1p05__lam0p030__nu0p50__psi1p00,hardzero_plus_depr,0.02,30,462,0.0,1,0.50513935,0.50513935,1.0078561,0.098207325,0.098207325,1.0,1.9359458e-09,1.9712845e-08,-27.328072,2.2173278,0.7391093,0.192,0.0,0.16073374,13.829972,13.859972,1481600
hardzero_plus_depr__c0p54__z1p05__lam0p030__nu0p50__psi1p00,hardzero_plus_depr,0.02,30,463,0.0,1,0.50513935,0.50513935,0.9649017,0.10841721,0.10841721,1.0,2.0740483e-09,1.913025e-08,-26.421635,2.122826,0.7076087,0.208,0.0,0.1414928,13.859972,13.889972,1484800
hardzero_plus_depr__c0p54__z1p05__lam0p030__nu0p50__psi1p00,hardzero_plus_depr,0.02,30,464,0.0,1,0.50513935,0.50513935,1.0357589,0.092096075,0.092096075,1.0,1.7097517e-09,1.856487e-08,-27.888296,2.278715,0.7595717,0.136,0.0,0.1760044,13.889972,13.919971,1488000
hardzero_plus_depr__c0p54__z1p05__lam0p030__nu0p50__psi1p00,hardzero_plus_depr,0.02,30,465,0.0,1,0.50513935,0.50513935,0.9660141,0.10813989,0.10813989,1.0,1.9482698e-09,1.80162e-08,-26.828617,2.1252735,0.7084245,0.17600001,0.0,0.1419396,13.919971,13.949971,1491200
hardzero_plus_depr__c0p54__z1p05__lam0p030__nu0p50__psi1p00,hardzero_plus_depr,0.02,30,466,0.0,1,0.50513935,0.50513935,1.037362,0.09175676,0.09175676,1.0,1.6042517e-09,1.7483744e-08,-27.724775,2.2822418,0.7607473,0.136,0.0,0.16450752,13.949971,13.979971,1494400
hardzero_plus_depr__c0p54__z1p05__lam0p030__nu0p50__psi1p00,hardzero_plus_depr,0.02,30,467,0.0,1,0.50513935,0.50513935,1.0686445,0.0,0.08537986,0.0,0.0,1.6967027e-08,-28.657318,2.351065,0.7836883,0.128,0.0,0.2002515,13.979971,14.009971,1497600
hardzero_plus_depr__c0p54__z1p05__lam0p030__nu0p50__psi1p00,hardzero_plus_depr,0.02,30,468,0.0,1,0.50513935,0.50513935,1.0009528,0.09978084,0.09978084,1.0,1.6429493e-09,1.646558e-08,-25.783821,2.20214,0.7340467,0.14999999,0.0,0.13819207,14.009971,14.03997,1500800
hardzero_plus_depr__c0p54__z1p05__lam0p030__nu0p50__psi1p00,hardzero_plus_depr,0.02,30,469,0.0,1,0.50513935,0.50513935,1.0155386,0.09648535,0.09648535,1.0,1.5417346e-09,1.5978951e-08,-27.030317,2.2342296,0.7447432,0.120000005,0.0,0.15813959,14.03997,14.06997,1504000
hardzero_plus_depr__c0p54__z1p05__lam0p030__nu0p50__psi1p00,hardzero_plus_depr,0.02,30,470,0.0,1,0.50513935,0.50513935,1.0535156,0.0,0.088406555,0.0,0.0,1.5506709e-08,-27.77828,2.3177805,0.7725935,0.16800001,0.0,0.15737714,14.06997,14.09997,1507200
hardzero_plus_depr__c0p54__z1p05__lam0p030__nu0p50__psi1p00,hardzero_plus_depr,0.02,30,471,0.0,1,0.50513935,0.50513935,0.9984787,0.1003509,0.1003509,1.0,1.5101225e-09,1.504842e-08,-27.333763,2.196697,0.73223233,0.120000005,0.0,0.1535688,14.09997,14.12997,1510400
hardzero_plus_depr__c0p54__z1p05__lam0p030__nu0p50__psi1p00,hardzero_plus_depr,0.02,30,472,0.0,1,0.50513935,0.50513935,1.0027847,0.099360846,0.099360846,1.0,1.4510335e-09,1.4603676e-08,-26.842947,2.2061706,0.7353902,0.16000001,0.0,0.15007633,14.12997,14.159969,1513600
hardzero_plus_depr__c0p54__z1p05__lam0p030__nu0p50__psi1p00,hardzero_plus_depr,0.02,30,473,0.0,1,0.50513935,0.50513935,1.0437014,0.0904271,0.0904271,1.0,1.2815397e-09,1.4172075e-08,-26.77327,2.296189,0.76539636,0.08800001,0.0,0.15677379,14.159969,14.189969,1516800
hardzero_plus_depr__c0p54__z1p05__lam0p030__nu0p50__psi1p00,hardzero_plus_depr,0.02,30,474,0.0,1,0.50513935,0.50513935,1.0204746,0.095394954,0.095394954,1.0,1.3119889e-09,1.37532306e-08,-27.742487,2.2450888,0.74836296,0.16000001,0.0,0.14169823,14.189969,14.219969,1520000
hardzero_plus_depr__c0p54__z1p05__lam0p030__nu0p50__psi1p00,hardzero_plus_depr,0.02,30,475,0.0,1,0.50513935,0.50513935,1.0830202,0.0,0.082599945,0.0,0.0,1.3346764e-08,-27.623903,2.382692,0.7942307,0.15200001,0.0,0.1802185,14.219969,14.249969,1523200
hardzero_plus_depr__c0p54__z1p05__lam0p030__nu0p50__psi1p00,hardzero_plus_depr,0.02,30,476,0.0,1,0.50513935,0.50513935,1.0441164,0.090340726,0.090340726,1.0,1.1701211e-09,1.295231e-08,-27.559006,2.297102,0.7657007,0.096,0.0,0.1635925,14.249969,14.279968,1526400
hardzero_plus_depr__c0p54__z1p05__lam0p030__nu0p50__psi1p00,hardzero_plus_depr,0.02,30,477,0.0,1,0.50513935,0.50513935,1.0268925,0.093995586,0.093995586,1.0,1.1814791e-09,1.2569517e-08,-27.681107,2.2592087,0.7530696,0.256,0.0,0.19809078,14.279968,14.309968,1529600
hardzero_plus_depr__c0p54__z1p05__lam0p030__nu0p50__psi1p00,hardzero_plus_depr,0.02,30,478,0.0,1,0.50513935,0.50513935,1.0185544,0.095817655,0.095817655,1.0,1.1687871e-09,1.2198035e-08,-27.055376,2.2408645,0.74695486,0.14400001,0.0,0.16287129,14.309968,14.339968,1532800
hardzero_plus_depr__c0p54__z1p05__lam0p030__nu0p50__psi1p00,hardzero_plus_depr,0.02,30,479,0.0,1,0.50513935,0.50513935,1.0394958,0.09130702,0.09130702,1.0,1.0808497e-09,1.1837532e-08,-28.216663,2.2869365,0.7623122,0.2,0.0,0.20337313,14.339968,14.369967,1536000
hardzero_plus_depr__c0p54__z1p05__lam0p030__nu0p50__psi1p00,hardzero_plus_depr,0.02,30,480,0.0,1,0.50513935,0.50513935,1.0929754,0.0,0.08072808,0.0,0.0,1.1487682e-08,-28.671423,2.404594,0.8015313,0.096,0.0,0.15565118,14.369967,14.399967,1539200
hardzero_plus_depr__c0p54__z1p05__lam0p030__nu0p50__psi1p00,hardzero_plus_depr,0.02,30,481,0.0,1,0.50513935,0.50513935,1.0587903,0.0,0.08733928,0.0,0.0,1.1148172e-08,-27.54548,2.3293853,0.7764618,0.14,0.0,0.15509371,14.399967,14.429967,1542400
hardzero_plus_depr__c0p54__z1p05__lam0p030__nu0p50__psi1p00,hardzero_plus_depr,0.02,30,482,0.0,1,0.50513935,0.50513935,1.0069948,0.098402284,0.098402284,1.0,1.0645845e-09,1.0818697e-08,-26.809177,2.215433,0.73847765,0.208,0.0,0.16937277,14.429967,14.459967,1545600
hardzero_plus_depr__c0p54__z1p05__lam0p030__nu0p50__psi1p00,hardzero_plus_depr,0.02,30,483,0.0,1,0.50513935,0.50513935,1.0722892,0.0,0.08466633,0.0,0.0,1.0498959e-08,-28.67372,2.3590834,0.78636116,0.112,0.0,0.18063408,14.459967,14.489966,1548800
hardzero_plus_depr__c0p54__z1p05__lam0p030__nu0p50__psi1p00,hardzero_plus_depr,0.02,30,484,0.0,1,0.50513935,0.50513935,1.0217799,0.09510866,0.09510866,1.0,9.690306e-10,1.01886695e-08,-25.703445,2.2479606,0.7493202,0.17600001,0.0,0.14938253,14.489966,14.519966,1552000
hardzero_plus_depr__c0p54__z1p05__lam0p030__nu0p50__psi1p00,hardzero_plus_depr,0.02,30,485,0.0,1,0.50513935,0.50513935,1.0456893,0.09001412,0.09001412,1.0,8.900194e-10,9.887553e-09,-27.463982,2.3005626,0.7668542,0.14400001,0.0,0.1638181,14.519966,14.549966,1555200
hardzero_plus_depr__c0p54__z1p05__lam0p030__nu0p50__psi1p00,hardzero_plus_depr,0.02,30,486,0.0,1,0.50513935,0.50513935,0.999531,0.10010806,0.10010806,1.0,9.605704e-10,9.595335e-09,-27.206923,2.199012,0.73300403,0.18400002,0.0,0.15938996,14.549966,14.579966,1558400
hardzero_plus_depr__c0p54__z1p05__lam0p030__nu0p50__psi1p00,hardzero_plus_depr,0.02,30,487,0.0,1,0.50513935,0.50513935,1.0022353,0.09948662,0.09948662,1.0,9.263947e-10,9.311751e-09,-26.727425,2.2049618,0.73498726,0.14400001,0.0,0.12603359,14.579966,14.609965,1561600
hardzero_plus_depr__c0p54__z1p05__lam0p030__nu0p50__psi1p00,hardzero_plus_depr,0.02,30,488,0.0,1,0.50513935,0.50513935,1.0311861,0.0930709,0.0930709,1.0,8.4103985e-10,9.03655e-09,-27.480646,2.2686548,0.7562183,0.17600001,0.0,0.14248438,14.609965,14.639965,1564800
hardzero_plus_depr__c0p54__z1p05__lam0p030__nu0p50__psi1p00,hardzero_plus_depr,0.02,30,489,0.0,1,0.50513935,0.50513935,1.0004272,0.099901676,0.099901676,1.0,8.76086e-10,8.769482e-09,-26.724398,2.2009838,0.7336613,0.136,0.0,0.15222672,14.639965,14.669965,1568000
hardzero_plus_depr__c0p54__z1p05__lam0p030__nu0p50__psi1p00,hardzero_plus_depr,0.02,30,490,0.0,1,0.50513935,0.50513935,1.0150274,0.09659898,0.09659898,1.0,8.22087e-10,8.510307e-09,-27.680515,2.233105,0.7443683,0.136,0.0,0.17570834,14.669965,14.699965,1571200
hardzero_plus_depr__c0p54__z1p05__lam0p030__nu0p50__psi1p00,hardzero_plus_depr,0.02,30,491,0.0,1,0.50513935,0.50513935,1.0081962,0.09813044,0.09813044,1.0,8.104389e-10,8.258792e-09,-26.42278,2.218076,0.73935866,0.18400002,0.0,0.14036775,14.699965,14.729964,1574400
hardzero_plus_depr__c0p54__z1p05__lam0p030__nu0p50__psi1p00,hardzero_plus_depr,0.02,30,492,0.0,1,0.50513935,0.50513935,0.9908681,0.10212497,0.10212497,1.0,8.18502e-10,8.01471e-09,-26.584522,2.1799533,0.72665113,0.224,0.008,0.13892536,14.729964,14.759964,1577600
hardzero_plus_depr__c0p54__z1p05__lam0p030__nu0p50__psi1p00,hardzero_plus_depr,0.02,30,493,0.0,1,0.50513935,0.50513935,1.0735633,0.0,0.084418304,0.0,0.0,7.7778415e-09,-27.53445,2.3618865,0.7872955,0.14400001,0.0,0.17328835,14.759964,14.789964,1580800
hardzero_plus_depr__c0p54__z1p05__lam0p030__nu0p50__psi1p00,hardzero_plus_depr,0.02,30,494,0.0,1,0.50513935,0.50513935,1.0427068,0.09063441,0.09063441,1.0,6.841061e-10,7.547973e-09,-28.892626,2.2940009,0.764667,0.17,0.0,0.17782952,14.789964,14.819963,1584000
hardzero_plus_depr__c0p54__z1p05__lam0p030__nu0p50__psi1p00,hardzero_plus_depr,0.02,30,495,0.0,1,0.50513935,0.50513935,0.9974015,0.10060012,0.10060012,1.0,7.368857e-10,7.324899e-09,-26.269232,2.194327,0.7314424,0.17600001,0.0,0.1542947,14.819963,14.849963,1587200
hardzero_plus_depr__c0p54__z1p05__lam0p030__nu0p50__psi1p00,hardzero_plus_depr,0.02,30,496,0.0,1,0.50513935,0.50513935,1.0343134,0.09240311,0.09240311,1.0,6.568398e-10,7.108417e-09,-27.835337,2.275535,0.7585117,0.192,0.0,0.17987707,14.849963,14.879963,1590400
hardzero_plus_depr__c0p54__z1p05__lam0p030__nu0p50__psi1p00,hardzero_plus_depr,0.02,30,497,0.0,1,0.50513935,0.50513935,1.0540222,0.0,0.088303484,0.0,0.0,6.8983335e-09,-27.487658,2.318895,0.7729651,0.15200001,0.0,0.16431148,14.879963,14.909963,1593600
hardzero_plus_depr__c0p54__z1p05__lam0p030__nu0p50__psi1p00,hardzero_plus_depr,0.02,30,498,0.0,1,0.50513935,0.50513935,1.0776747,0.0,0.083622895,0.0,0.0,6.6944583e-09,-28.702837,2.3709319,0.7903106,0.120000005,0.0,0.17540342,14.909963,14.939962,1596800
hardzero_plus_depr__c0p54__z1p05__lam0p030__nu0p50__psi1p00,hardzero_plus_depr,0.02,30,499,0.0,1,0.50513935,0.50513935,1.0244823,0.0945187,0.0945187,1.0,6.1405114e-10,6.49661e-09,-26.584976,2.253906,0.751302,0.14400001,0.0,0.14881493,14.939962,14.969962,1600000
hardzero_plus_depr__c0p54__z1p05__lam0p030__nu0p50__psi1p00,hardzero_plus_depr,0.02,30,500,0.0,1,0.50513935,0.50513935,1.014701,0.0966716,0.0966716,1.0,6.094765e-10,6.3046075e-09,-27.74887,2.2323868,0.74412894,0.18400002,0.0,0.14366204,14.969962,14.999962,1603200
hardzero_plus_depr__c0p54__z1p05__lam0p030__nu0p50__psi1p00,hardzero_plus_depr,0.02,30,501,0.0,1,0.50513935,0.50513935,1.0353341,0.09218619,0.09218619,1.0,5.640209e-10,6.1182797e-09,-27.828514,2.2777805,0.7592602,0.17600001,0.0,0.17069738,14.999962,15.029962,1606400
hardzero_plus_depr__c0p54__z1p05__lam0p030__nu0p50__psi1p00,hardzero_plus_depr,0.02,30,502,0.0,1,0.50513935,0.50513935,1.0523183,0.0,0.08865059,0.0,0.0,5.9374585e-09,-27.584408,2.3151467,0.7717156,0.16000001,0.0,0.16182733,15.029962,15.059961,1609600
hardzero_plus_depr__c0p54__z1p05__lam0p030__nu0p50__psi1p00,hardzero_plus_depr,0.02,30,503,0.0,1,0.50513935,0.50513935,1.012055,0.097262405,0.097262405,1.0,5.604242e-10,5.761982e-09,-26.79874,2.2265656,0.7421886,0.120000005,0.0,0.14573437,15.059961,15.089961,1612800
hardzero_plus_depr__c0p54__z1p05__lam0p030__nu0p50__psi1p00,hardzero_plus_depr,0.02,30,504,0.0,1,0.50513935,0.50513935,1.0054829,0.098745435,0.098745435,1.0,5.52154e-10,5.591691e-09,-26.57959,2.2121067,0.73736894,0.192,0.0,0.13878164,15.089961,15.119961,1616000
hardzero_plus_depr__c0p54__z1p05__lam0p030__nu0p50__psi1p00,hardzero_plus_depr,0.02,30,505,0.0,1,0.50513935,0.50513935,1.0465976,0.08982606,0.08982606,1.0,4.874351e-10,5.426433e-09,-27.804243,2.3025606,0.7675202,0.16000001,0.0,0.17647983,15.119961,15.1499605,1619200
hardzero_plus_depr__c0p54__z1p05__lam0p030__nu0p50__psi1p00,hardzero_plus_depr,0.02,30,506,0.0,1,0.50513935,0.50513935,1.0482216,0.08949079,0.08949079,1.0,4.7126375e-10,5.2660587e-09,-27.827162,2.3061335,0.7687112,0.18400002,0.0,0.16581894,15.1499605,15.17996,1622400
hardzero_plus_depr__c0p54__z1p05__lam0p030__nu0p50__psi1p00,hardzero_plus_depr,0.02,30,507,0.0,1,0.50513935,0.50513935,1.1117198,0.0,0.07731792,0.0,0.0,5.110425e-09,-28.04321,2.4458325,0.8152775,0.089999996,0.0,0.17746347,15.17996,15.20996,1625600
hardzero_plus_depr__c0p54__z1p05__lam0p030__nu0p50__psi1p00,hardzero_plus_depr,0.02,30,508,0.0,1,0.50513935,0.50513935,1.1014203,0.0,0.079173476,0.0,0.0,4.9593902e-09,-29.257317,2.423173,0.80772436,0.08800001,0.0,0.21723902,15.20996,15.23996,1628800
hardzero_plus_depr__c0p54__z1p05__lam0p030__nu0p50__psi1p00,hardzero_plus_depr,0.02,30,509,0.0,1,0.50513935,0.50513935,1.0222219,0.095011905,0.095011905,1.0,4.5727513e-10,4.8128195e-09,-26.925413,2.248933,0.7496444,0.15200001,0.0,0.15159397,15.23996,15.269959,1632000
hardzero_plus_depr__c0p54__z1p05__lam0p030__nu0p50__psi1p00,hardzero_plus_depr,0.02,30,510,0.0,1,0.50513935,0.50513935,1.017712,0.096003704,0.096003704,1.0,4.4839302e-10,4.6705804e-09,-26.41894,2.239011,0.74633706,0.16000001,0.0,0.16073453,15.269959,15.299959,1635200
hardzero_plus_depr__c0p54__z1p05__lam0p030__nu0p50__psi1p00,hardzero_plus_depr,0.02,30,511,0.0,1,0.50513935,0.50513935,1.0541891,0.0,0.088269554,0.0,0.0,4.532545e-09,-27.38025,2.3192623,0.77308744,0.16000001,0.0,0.15101723,15.299959,15.329959,1638400
hardzero_plus_depr__c0p54__z1p05__lam0p030__nu0p50__psi1p00,hardzero_plus_depr,0.02,30,512,0.0,1,0.50513935,0.50513935,1.0628109,0.0,0.08653447,0.0,0.0,4.398589e-09,-27.982056,2.3382306,0.77941024,0.128,0.0,0.17444539,15.329959,15.359959,1641600
hardzero_plus_depr__c0p54__z1p05__lam0p030__nu0p50__psi1p00,hardzero_plus_depr,0.02,30,513,0.0,1,0.50513935,0.50513935,1.0473949,0.08966133,0.08966133,1.0,3.8272768e-10,4.2685926e-09,-27.994402,2.3043149,0.768105,0.136,0.0,0.1842588,15.359959,15.389958,1644800
hardzero_plus_depr__c0p54__z1p05__lam0p030__nu0p50__psi1p00,hardzero_plus_depr,0.02,30,514,0.0,1,0.50513935,0.50513935,1.023282,0.09478027,0.09478027,1.0,3.9262138e-10,4.142438e-09,-26.705288,2.2512655,0.7504219,0.136,0.0,0.17339024,15.389958,15.419958,1648000
hardzero_plus_depr__c0p54__z1p05__lam0p030__nu0p50__psi1p00,hardzero_plus_depr,0.02,30,515,0.0,1,0.50513935,0.50513935,0.9924529,0.10175297,0.10175297,1.0,4.0904805e-10,4.020011e-09,-27.013956,2.18344,0.72781336,0.120000005,0.0,0.1608608,15.419958,15.449958,1651200
hardzero_plus_depr__c0p54__z1p05__lam0p030__nu0p50__psi1p00,hardzero_plus_depr,0.02,30,516,0.0,1,0.50513935,0.50513935,1.0322745,0.09283793,0.09283793,1.0,3.621796e-10,3.901203e-09,-27.282673,2.2710493,0.7570164,0.16000001,0.0,0.16353384,15.449958,15.479958,1654400
hardzero_plus_depr__c0p54__z1p05__lam0p030__nu0p50__psi1p00,hardzero_plus_depr,0.02,30,517,0.0,1,0.50513935,0.50513935,1.0606861,0.0,0.086958855,0.0,0.0,3.7859063e-09,-27.466896,2.333556,0.777852,0.15200001,0.0,0.15813577,15.479958,15.509957,1657600
hardzero_plus_depr__c0p54__z1p05__lam0p030__nu0p50__psi1p00,hardzero_plus_depr,0.02,30,518,0.0,1,0.50513935,0.50513935,0.9736815,0.10624743,0.10624743,1.0,3.9035483e-10,3.6740166e-09,-26.308153,2.142142,0.7140474,0.14400001,0.0,0.14442854,15.509957,15.539957,1660800
hardzero_plus_depr__c0p54__z1p05__lam0p030__nu0p50__psi1p00,hardzero_plus_depr,0.02,30,519,0.0,1,0.50513935,0.50513935,1.0497854,0.08916916,0.08916916,1.0,3.1792674e-10,3.5654337e-09,-28.532173,2.309574,0.769858,0.120000005,0.0,0.19739115,15.539957,15.569957,1664000
hardzero_plus_depr__c0p54__z1p05__lam0p030__nu0p50__psi1p00,hardzero_plus_depr,0.02,30,520,0.0,1,0.50513935,0.50513935,1.0498023,0.08916567,0.08916567,1.0,3.0851863e-10,3.4600605e-09,-27.147617,2.309611,0.7698704,0.08,0.0,0.15992568,15.569957,15.5999565,1667200
hardzero_plus_depr__c0p54__z1p05__lam0p030__nu0p50__psi1p00,hardzero_plus_depr,0.02,30,521,0.0,1,0.50513935,0.50513935,1.054693,0.0,0.08816719,0.0,0.0,3.3578011e-09,-28.418396,2.320371,0.773457,0.17600001,0.0,0.15994774,15.5999565,15.629956,1670400
hardzero_plus_depr__c0p54__z1p05__lam0p030__nu0p50__psi1p00,hardzero_plus_depr,0.02,30,522,0.0,1,0.50513935,0.50513935,0.98100895,0.10446987,0.10446987,1.0,3.4042177e-10,3.258564e-09,-26.175486,2.1582627,0.7194209,0.17600001,0.0,0.1449299,15.629956,15.659956,1673600
hardzero_plus_depr__c0p54__z1p05__lam0p030__nu0p50__psi1p00,hardzero_plus_depr,0.02,30,523,0.0,1,0.50513935,0.50513935,1.0332611,0.09262727,0.09262727,1.0,2.9291147e-10,3.1622596e-09,-26.725481,2.2732198,0.75773996,0.104,0.0,0.16216281,15.659956,15.689956,1676800
hardzero_plus_depr__c0p54__z1p05__lam0p030__nu0p50__psi1p00,hardzero_plus_depr,0.02,30,524,0.0,1,0.50513935,0.50513935,1.0438025,0.09040605,0.09040605,1.0,2.7743824e-10,3.0688017e-09,-27.927002,2.2964113,0.76547045,0.17600001,0.0,0.1808239,15.689956,15.719955,1680000
hardzero_plus_depr__c0p54__z1p05__lam0p030__nu0p50__psi1p00,hardzero_plus_depr,0.02,30,525,0.0,1,0.50513935,0.50513935,1.0372236,0.09178598,0.09178598,1.0,2.7334832e-10,2.9781053e-09,-26.757864,2.2819374,0.7606458,0.128,0.0,0.15265602,15.719955,15.749955,1683200
hardzero_plus_depr__c0p54__z1p05__lam0p030__nu0p50__psi1p00,hardzero_plus_depr,0.02,30,526,0.0,1,0.50513935,0.50513935,1.0539873,0.0,0.08831058,0.0,0.0,2.89009e-09,-28.08203,2.3188183,0.77293944,0.104,0.0,0.16964988,15.749955,15.779955,1686400
hardzero_plus_depr__c0p54__z1p05__lam0p030__nu0p50__psi1p00,hardzero_plus_depr,0.02,30,527,0.0,1,0.50513935,0.50513935,1.06541,0.0,0.08601812,0.0,0.0,2.8046756e-09,-28.166128,2.3439488,0.7813163,0.16000001,0.0,0.16204248,15.779955,15.809955,1689600
hardzero_plus_depr__c0p54__z1p05__lam0p030__nu0p50__psi1p00,hardzero_plus_depr,0.02,30,528,0.0,1,0.50513935,0.50513935,0.9960885,0.10090471,0.10090471,1.0,2.7464103e-10,2.721786e-09,-27.061993,2.1914384,0.7304795,0.15200001,0.0,0.15408425,15.809955,15.839954,1692800
hardzero_plus_depr__c0p54__z1p05__lam0p030__nu0p50__psi1p00,hardzero_plus_depr,0.02,30,529,0.0,1,0.50513935,0.50513935,1.0234686,0.09473955,0.09473955,1.0,2.5023988e-10,2.6413456e-09,-27.056238,2.2516758,0.7505586,0.136,0.0,0.16116574,15.839954,15.869954,1696000
hardzero_plus_depr__c0p54__z1p05__lam0p030__nu0p50__psi1p00,hardzero_plus_depr,0.02,30,530,0.0,1,0.50513935,0.50513935,0.98795575,0.1028121,0.1028121,1.0,2.6353644e-10,2.5632825e-09,-26.107702,2.173546,0.7245154,0.16000001,0.0,0.14375085,15.869954,15.899954,1699200
hardzero_plus_depr__c0p54__z1p05__lam0p030__nu0p50__psi1p00,hardzero_plus_depr,0.02,30,531,0.0,1,0.50513935,0.50513935,1.0305878,0.0931992,0.0931992,1.0,2.3183551e-10,2.4875269e-09,-26.638348,2.2673385,0.7557795,0.16000001,0.0,0.1535106,15.899954,15.929954,1702400
hardzero_plus_depr__c0p54__z1p05__lam0p030__nu0p50__psi1p00,hardzero_plus_depr,0.02,30,532,0.0,1,0.50513935,0.50513935,1.0210209,0.09527504,0.09527504,1.0,2.2999488e-10,2.4140099e-09,-27.57965,2.2462907,0.74876356,0.128,0.0,0.15118574,15.929954,15.959953,1705600
hardzero_plus_depr__c0p54__z1p05__lam0p030__nu0p50__psi1p00,hardzero_plus_depr,0.02,30,533,0.0,1,0.50513935,0.50513935,1.0368466,0.091865696,0.091865696,1.0,2.1521063e-10,2.3426658e-09,-27.547577,2.2811081,0.7603694,0.14999999,0.0,0.16826986,15.959953,15.989953,1708800
hardzero_plus_depr__c0p54__z1p05__lam0p030__nu0p50__psi1p00,hardzero_plus_depr,0.02,30,534,0.0,1,0.50513935,0.50513935,1.0259194,0.09420644,0.09420644,1.0,2.1417175e-10,2.27343e-09,-27.660603,2.257068,0.752356,0.18400002,0.0,0.18240704,15.989953,16.019953,1712000
hardzero_plus_depr__c0p54__z1p05__lam0p030__nu0p50__psi1p00,hardzero_plus_depr,0.02,30,535,0.0,1,0.50513935,0.50513935,1.0057142,0.09869288,0.09869288,1.0,2.1774026e-10,2.2062407e-09,-27.138302,2.2126153,0.73753846,0.136,0.0,0.14362292,16.019953,16.049953,1715200
hardzero_plus_depr__c0p54__z1p05__lam0p030__nu0p50__psi1p00,hardzero_plus_depr,0.02,30,536,0.0,1,0.50513935,0.50513935,1.0402772,0.09114288,0.09114288,1.0,1.9514008e-10,2.141035e-09,-27.251253,2.2886558,0.7628853,0.192,0.0,0.17389242,16.049953,16.079954,1718400
hardzero_plus_depr__c0p54__z1p05__lam0p030__nu0p50__psi1p00,hardzero_plus_depr,0.02,30,537,0.0,1,0.50513935,0.50513935,0.9755614,0.10578854,0.10578854,1.0,2.1980281e-10,2.0777564e-09,-26.52742,2.146278,0.71542597,0.256,0.0,0.13980134,16.079954,16.109955,1721600
hardzero_plus_depr__c0p54__z1p05__lam0p030__nu0p50__psi1p00,hardzero_plus_depr,0.02,30,538,0.0,1,0.50513935,0.50513935,0.96308863,0.10887077,0.10887077,1.0,2.1952137e-10,2.0163482e-09,-26.281195,2.1188374,0.70627916,0.15200001,0.0,0.1331958,16.109955,16.139956,1724800
hardzero_plus_depr__c0p54__z1p05__lam0p030__nu0p50__psi1p00,hardzero_plus_depr,0.02,30,539,0.0,1,0.50513935,0.50513935,0.9874749,0.10292599,0.10292599,1.0,2.0140091e-10,1.9567545e-09,-26.850845,2.1724882,0.72416276,0.16800001,0.0,0.15138435,16.139956,16.169956,1728000
hardzero_plus_depr__c0p54__z1p05__lam0p030__nu0p50__psi1p00,hardzero_plus_depr,0.02,30,540,0.0,1,0.50513935,0.50513935,1.0765524,0.0,0.0838393,0.0,0.0,1.8989226e-09,-27.487549,2.3684626,0.78948754,0.120000005,0.008,0.1581602,16.169956,16.199957,1731200
hardzero_plus_depr__c0p54__z1p05__lam0p030__nu0p50__psi1p00,hardzero_plus_depr,0.02,30,541,0.0,1,0.50513935,0.50513935,1.0525671,0.0,0.088599816,0.0,0.0,1.8427995e-09,-28.154913,2.3156939,0.771898,0.192,0.0,0.18047722,16.199957,16.229958,1734400
hardzero_plus_depr__c0p54__z1p05__lam0p030__nu0p50__psi1p00,hardzero_plus_depr,0.02,30,542,0.0,1,0.50513935,0.50513935,1.1129661,0.0,0.07709637,0.0,0.0,1.7883354e-09,-28.951277,2.4485743,0.81619143,0.136,0.0,0.17614673,16.229958,16.259958,1737600
hardzero_plus_depr__c0p54__z1p05__lam0p030__nu0p50__psi1p00,hardzero_plus_depr,0.02,30,543,0.0,1,0.50513935,0.50513935,0.98802316,0.102796145,0.102796145,1.0,1.7840075e-10,1.735481e-09,-25.832258,2.1736944,0.7245648,0.16800001,0.0,0.14764988,16.259958,16.289959,1740800
hardzero_plus_depr__c0p54__z1p05__lam0p030__nu0p50__psi1p00,hardzero_plus_depr,0.02,30,544,0.0,1,0.50513935,0.50513935,0.9863547,0.10319183,0.10319183,1.0,1.7379449e-10,1.6841885e-09,-26.406773,2.1700237,0.7233412,0.16000001,0.0,0.12460172,16.289959,16.31996,1744000
hardzero_plus_depr__c0p54__z1p05__lam0p030__nu0p50__psi1p00,hardzero_plus_depr,0.02,30,545,0.0,1,0.50513935,0.50513935,1.0009104,0.099790595,0.099790595,1.0,1.6309894e-10,1.6344119e-09,-26.980036,2.2020469,0.73401564,0.128,0.0,0.15067077,16.31996,16.34996,1747200
hardzero_plus_depr__c0p54__z1p05__lam0p030__nu0p50__psi1p00,hardzero_plus_depr,0.02,30,546,0.0,1,0.50513935,0.50513935,1.0779805,0.0,0.08356404,0.0,0.0,1.5861068e-09,-27.13541,2.3716044,0.79053485,0.08,0.0,0.15512161,16.34996,16.379961,1750400
hardzero_plus_depr__c0p54__z1p05__lam0p030__nu0p50__psi1p00,hardzero_plus_depr,0.02,30,547,0.0,1,0.50513935,0.50513935,1.0189998,0.09571945,0.09571945,1.0,1.4733419e-10,1.5392294e-09,-26.99598,2.2418444,0.7472815,0.2,0.0,0.15871291,16.379961,16.409962,1753600
hardzero_plus_depr__c0p54__z1p05__lam0p030__nu0p50__psi1p00,hardzero_plus_depr,0.02,30,548,0.0,1,0.50513935,0.50513935,0.98234415,0.104149185,0.104149185,1.0,1.555715e-10,1.4937371e-09,-26.48931,2.1612003,0.7204001,0.16800001,0.0,0.13572067,16.409962,16.439962,1756800
hardzero_plus_depr__c0p54__z1p05__lam0p030__nu0p50__psi1p00,hardzero_plus_depr,0.02,30,549,0.0,1,0.50513935,0.50513935,1.0501695,0.0,0.08909032,0.0,0.0,1.4495896e-09,-27.850384,2.310419,0.7701397,0.096,0.0,0.17712666,16.439962,16.469963,1760000
hardzero_plus_depr__c0p54__z1p05__lam0p030__nu0p50__psi1p00,hardzero_plus_depr,0.02,30,550,0.0,1,0.50513935,0.50513935,1.0620623,0.0,0.086683765,0.0,0.0,1.4067467e-09,-28.3657,2.3365836,0.7788612,0.16000001,0.0,0.16809748,16.469963,16.499964,1763200
hardzero_plus_depr__c0p54__z1p05__lam0p030__nu0p50__psi1p00,hardzero_plus_depr,0.02,30,551,0.0,1,0.50513935,0.50513935,1.0029861,0.09931478,0.09931478,1.0,1.3558156e-10,1.3651701e-09,-26.678474,2.2066135,0.7355379,0.208,0.0,0.15588619,16.499964,16.529964,1766400
hardzero_plus_depr__c0p54__z1p05__lam0p030__nu0p50__psi1p00,hardzero_plus_depr,0.02,30,552,0.0,1,0.50513935,0.50513935,1.0067823,0.098450445,0.098450445,1.0,1.3042935e-10,1.3248224e-09,-27.871153,2.2149653,0.7383218,0.136,0.0,0.1607327,16.529964,16.559965,1769600
hardzero_plus_depr__c0p54__z1p05__lam0p030__nu0p50__psi1p00,hardzero_plus_depr,0.02,30,553,0.0,1,0.50513935,0.50513935,1.000767,0.09982356,0.09982356,1.0,1.2833984e-10,1.2856669e-09,-27.09982,2.2017314,0.7339105,0.16800001,0.0,0.13527003,16.559965,16.589966,1772800
hardzero_plus_depr__c0p54__z1p05__lam0p030__nu0p50__psi1p00,hardzero_plus_depr,0.02,30,554,0.0,1,0.50513935,0.50513935,1.0827724,0.0,0.0826471,0.0,0.0,1.247669e-09,-28.017044,2.3821468,0.79404896,0.14400001,0.0,0.1698314,16.589966,16.619967,1776000
hardzero_plus_depr__c0p54__z1p05__lam0p030__nu0p50__psi1p00,hardzero_plus_depr,0.02,30,555,0.0,1,0.50513935,0.50513935,1.0299882,0.09332797,0.09332797,1.0,1.13000935e-10,1.2107939e-09,-27.550165,2.266019,0.75533974,0.15200001,0.0,0.16636853,16.619967,16.649967,1779200
hardzero_plus_depr__c0p54__z1p05__lam0p030__nu0p50__psi1p00,hardzero_plus_depr,0.02,30,556,0.0,1,0.50513935,0.50513935,0.9699592,0.107161984,0.107161984,1.0,1.2591626e-10,1.1750088e-09,-26.689081,2.1339529,0.71131766,0.18400002,0.0,0.1580484,16.649967,16.679968,1782400
hardzero_plus_depr__c0p54__z1p05__lam0p030__nu0p50__psi1p00,hardzero_plus_depr,0.02,30,557,0.0,1,0.50513935,0.50513935,1.0586382,0.0,0.08736988,0.0,0.0,1.1402813e-09,-27.360867,2.3290505,0.7763502,0.15200001,0.0,0.1970457,16.679968,16.709969,1785600
hardzero_plus_depr__c0p54__z1p05__lam0p030__nu0p50__psi1p00,hardzero_plus_depr,0.02,30,558,0.0,1,0.50513935,0.50513935,1.0147445,0.096661925,0.096661925,1.0,1.0696417e-10,1.1065802e-09,-27.263786,2.2324824,0.74416083,0.16800001,0.0,0.1493146,16.709969,16.73997,1788800
hardzero_plus_depr__c0p54__z1p05__lam0p030__nu0p50__psi1p00,hardzero_plus_depr,0.02,30,559,0.0,1,0.50513935,0.50513935,1.04482,0.090194486,0.090194486,1.0,9.6857605e-11,1.073875e-09,-27.553114,2.2986498,0.76621664,0.19999999,0.0,0.17778726,16.73997,16.76997,1792000
hardzero_plus_depr__c0p54__z1p05__lam0p030__nu0p50__psi1p00,hardzero_plus_depr,0.02,30,560,0.0,1,0.50513935,0.50513935,1.0386993,0.09147463,0.09147463,1.0,9.532905e-11,1.0421365e-09,-27.493233,2.285184,0.761728,0.16800001,0.0,0.1451166,16.76997,16.79997,1795200
hardzero_plus_depr__c0p54__z1p05__lam0p030__nu0p50__psi1p00,hardzero_plus_depr,0.02,30,561,0.0,1,0.50513935,0.50513935,1.0487769,0.08937646,0.08937646,1.0,9.038963e-11,1.011336e-09,-27.090958,2.3073552,0.7691184,0.14400001,0.0,0.16214065,16.79997,16.829971,1798400
hardzero_plus_depr__c0p54__z1p05__lam0p030__nu0p50__psi1p00,hardzero_plus_depr,0.02,30,562,0.0,1,0.50513935,0.50513935,1.0900316,0.0,0.08127713,0.0,0.0,9.814458e-10,-28.023169,2.3981175,0.79937255,0.120000005,0.0,0.15769304,16.829971,16.859972,1801600
hardzero_plus_depr__c0p54__z1p05__lam0p030__nu0p50__psi1p00,hardzero_plus_depr,0.02,30,563,0.0,1,0.50513935,0.50513935,1.0345656,0.09234948,0.09234948,1.0,8.795725e-11,9.524391e-10,-27.468338,2.2760897,0.75869656,0.208,0.0,0.18481566,16.859972,16.889973,1804800
hardzero_plus_depr__c0p54__z1p05__lam0p030__nu0p50__psi1p00,hardzero_plus_depr,0.02,30,564,0.0,1,0.50513935,0.50513935,0.96231437,0.10906505,0.10906505,1.0,1.0080769e-10,9.242896e-10,-26.335423,2.1171339,0.7057113,0.16800001,0.0,0.16215076,16.889973,16.919973,1808000
hardzero_plus_depr__c0p54__z1p05__lam0p030__nu0p50__psi1p00,hardzero_plus_depr,0.02,30,565,0.0,1,0.50513935,0.50513935,1.0542514,0.0,0.08825688,0.0,0.0,8.9697205e-10,-28.020151,2.3193994,0.77313316,0.14400001,0.0,0.15858549,16.919973,16.949974,1811200
hardzero_plus_depr__c0p54__z1p05__lam0p030__nu0p50__psi1p00,hardzero_plus_depr,0.02,30,566,0.0,1,0.50513935,0.50513935,1.0483057,0.08947347,0.08947347,1.0,7.788325e-11,8.704619e-10,-28.691587,2.3063188,0.76877296,0.14400001,0.0,0.17900473,16.949974,16.979975,1814400
hardzero_plus_depr__c0p54__z1p05__lam0p030__nu0p50__psi1p00,hardzero_plus_depr,0.02,30,567,0.0,1,0.50513935,0.50513935,0.9965391,0.10080007,0.10080007,1.0,8.514938e-11,8.4473534e-10,-27.46544,2.1924298,0.7308099,0.15200001,0.0,0.16619895,16.979975,17.009975,1817600
hardzero_plus_depr__c0p54__z1p05__lam0p030__nu0p50__psi1p00,hardzero_plus_depr,0.02,30,568,0.0,1,0.50513935,0.50513935,0.94680166,0.1130312,0.1130312,1.0,9.265948e-11,8.1976903e-10,-26.589884,2.0830052,0.6943351,0.18400002,0.0,0.13878807,17.009975,17.039976,1820800
hardzero_plus_depr__c0p54__z1p05__lam0p030__nu0p50__psi1p00,hardzero_plus_depr,0.02,30,569,0.0,1,0.50513935,0.50513935,1.0302782,0.09326567,0.09326567,1.0,7.4196635e-11,7.955407e-10,-27.29306,2.2666574,0.7555525,0.192,0.0,0.15658918,17.039976,17.069977,1824000
hardzero_plus_depr__c0p54__z1p05__lam0p030__nu0p50__psi1p00,hardzero_plus_depr,0.02,30,570,0.0,1,0.50513935,0.50513935,1.0500412,0.0,0.08911664,0.0,0.0,7.7202833e-10,-27.82513,2.3101368,0.77004564,0.15200001,0.0,0.1606207,17.069977,17.099977,1827200
hardzero_plus_depr__c0p54__z1p05__lam0p030__nu0p50__psi1p00,hardzero_plus_depr,0.02,30,571,0.0,1,0.50513935,0.50513935,1.0520349,0.0,0.08870848,0.0,0.0,7.4921097e-10,-28.183884,2.314523,0.7715077,0.112,0.0,0.16001849,17.099977,17.129978,1830400
hardzero_plus_depr__c0p54__z1p05__lam0p030__nu0p50__psi1p00,hardzero_plus_depr,0.02,30,572,0.0,1,0.50513935,0.50513935,1.0399122,0.09121951,0.09121951,1.0,6.632278e-11,7.2706796e-10,-28.013437,2.2878525,0.7626175,0.19999999,0.0,0.16629225,17.129978,17.159979,1833600
hardzero_plus_depr__c0p54__z1p05__lam0p030__nu0p50__psi1p00,hardzero_plus_depr,0.02,30,573,0.0,1,0.50513935,0.50513935,1.0455109,0.09005112,0.09005112,1.0,6.3538216e-11,7.055794e-10,-27.70467,2.30017,0.76672333,0.136,0.0,0.15624507,17.159979,17.18998,1836800
hardzero_plus_depr__c0p54__z1p05__lam0p030__nu0p50__psi1p00,hardzero_plus_depr,0.02,30,574,0.0,1,0.50513935,0.50513935,1.0686815,0.0,0.0853726,0.0,0.0,6.847259e-10,-27.912998,2.3511462,0.7837154,0.216,0.0,0.1792354,17.18998,17.21998,1840000
hardzero_plus_depr__c0p54__z1p05__lam0p030__nu0p50__psi1p00,hardzero_plus_depr,0.02,30,575,0.0,1,0.50513935,0.50513935,0.99981284,0.10004311,0.10004311,1.0,6.647752e-11,6.644887e-10,-26.495996,2.1996322,0.73321074,0.08800001,0.0,0.13979007,17.21998,17.24998,1843200
hardzero_plus_depr__c0p54__z1p05__lam0p030__nu0p50__psi1p00,hardzero_plus_depr,0.02,30,576,0.0,1,0.50513935,0.50513935,0.9903475,0.10224745,0.10224745,1.0,6.593423e-11,6.448496e-10,-27.10233,2.178808,0.72626936,0.120000005,0.0,0.16081393,17.24998,17.279982,1846400
hardzero_plus_depr__c0p54__z1p05__lam0p030__nu0p50__psi1p00,hardzero_plus_depr,0.02,30,577,0.0,1,0.50513935,0.50513935,0.9909649,0.102102205,0.102102205,1.0,6.389464e-11,6.25791e-10,-26.734196,2.1801662,0.7267221,0.15200001,0.0,0.1463159,17.279982,17.309982,1849600
hardzero_plus_depr__c0p54__z1p05__lam0p030__nu0p50__psi1p00,hardzero_plus_depr,0.02,30,578,0.0,1,0.50513935,0.50513935,0.99864733,0.10031195,0.10031195,1.0,6.091901e-11,6.0729566e-10,-26.381706,2.197068,0.732356,0.2,0.0,0.1339792,17.309982,17.339983,1852800
hardzero_plus_depr__c0p54__z1p05__lam0p030__nu0p50__psi1p00,hardzero_plus_depr,0.02,30,579,0.0,1,0.50513935,0.50513935,1.0257353,0.0942464,0.0942464,1.0,5.554383e-11,5.8934696e-10,-26.919325,2.2566626,0.75222087,0.15200001,0.0,0.14669788,17.339983,17.369984,1856000
hardzero_plus_depr__c0p54__z1p05__lam0p030__nu0p50__psi1p00,hardzero_plus_depr,0.02,30,580,0.0,1,0.50513935,0.50513935,1.0923617,0.0,0.08084224,0.0,0.0,5.719287e-10,-28.73791,2.4032438,0.8010813,0.14400001,0.0,0.16573063,17.369984,17.399984,1859200
hardzero_plus_depr__c0p54__z1p05__lam0p030__nu0p50__psi1p00,hardzero_plus_depr,0.02,30,581,0.0,1,0.50513935,0.50513935,0.98291993,0.104011185,0.104011185,1.0,5.772884e-11,5.550253e-10,-25.482037,2.162467,0.72082233,0.192,0.0,0.1320778,17.399984,17.429985,1862400
hardzero_plus_depr__c0p54__z1p05__lam0p030__nu0p50__psi1p00,hardzero_plus_depr,0.02,30,582,0.0,1,0.50513935,0.50513935,1.0617816,0.0,0.086739786,0.0,0.0,5.386214e-10,-27.426506,2.3359663,0.77865547,0.16000001,0.0,0.19106987,17.429985,17.459986,1865600
hardzero_plus_depr__c0p54__z1p05__lam0p030__nu0p50__psi1p00,hardzero_plus_depr,0.02,30,583,0.0,1,0.50513935,0.50513935,1.0491376,0.08930226,0.08930226,1.0,4.667851e-11,5.2270244e-10,-27.321247,2.3081489,0.76938295,0.17600001,0.0,0.17194287,17.459986,17.489986,1868800
hardzero_plus_depr__c0p54__z1p05__lam0p030__nu0p50__psi1p00,hardzero_plus_depr,0.02,30,584,0.0,1,0.50513935,0.50513935,1.0159571,0.09639241,0.09639241,1.0,4.8895426e-11,5.072539e-10,-27.055086,2.2351503,0.74505013,0.16000001,0.0,0.17229667,17.489986,17.519987,1872000
hardzero_plus_depr__c0p54__z1p05__lam0p030__nu0p50__psi1p00,hardzero_plus_depr,0.02,30,585,0.0,1,0.50513935,0.50513935,1.0675213,0.0,0.08560095,0.0,0.0,4.9226195e-10,-27.776258,2.3485937,0.7828646,0.14,0.0,0.20803493,17.519987,17.549988,1875200
hardzero_plus_depr__c0p54__z1p05__lam0p030__nu0p50__psi1p00,hardzero_plus_depr,0.02,30,586,0.0,1,0.50513935,0.50513935,1.0918113,0.0,0.08094475,0.0,0.0,4.777131e-10,-28.21162,2.4020329,0.80067766,0.120000005,0.0,0.17239927,17.549988,17.579988,1878400
hardzero_plus_depr__c0p54__z1p05__lam0p030__nu0p50__psi1p00,hardzero_plus_depr,0.02,30,587,0.0,1,0.50513935,0.50513935,1.0537986,0.0,0.08834895,0.0,0.0,4.635942e-10,-27.90761,2.318403,0.77280104,0.17600001,0.008,0.1797638,17.579988,17.60999,1881600
hardzero_plus_depr__c0p54__z1p05__lam0p030__nu0p50__psi1p00,hardzero_plus_depr,0.02,30,588,0.0,1,0.50513935,0.50513935,1.062415,0.0,0.08661338,0.0,0.0,4.4989262e-10,-28.815435,2.3373597,0.7791199,0.128,0.0,0.15312763,17.60999,17.63999,1884800
hardzero_plus_depr__c0p54__z1p05__lam0p030__nu0p50__psi1p00,hardzero_plus_depr,0.02,30,589,0.0,1,0.50513935,0.50513935,1.0129392,0.09706457,0.09706457,1.0,4.2378e-11,4.3659598e-10,-27.487726,2.2285109,0.74283695,0.112,0.0,0.13853623,17.63999,17.66999,1888000
hardzero_plus_depr__c0p54__z1p05__lam0p030__nu0p50__psi1p00,hardzero_plus_depr,0.02,30,590,0.0,1,0.50513935,0.50513935,1.0601293,0.0,0.08707043,0.0,0.0,4.2369233e-10,-27.857155,2.332331,0.77744365,0.18400002,0.0,0.16894354,17.66999,17.699991,1891200
hardzero_plus_depr__c0p54__z1p05__lam0p030__nu0p50__psi1p00,hardzero_plus_depr,0.02,30,591,0.0,1,0.50513935,0.50513935,1.0189923,0.095721096,0.095721096,1.0,3.9357646e-11,4.1117004e-10,-26.824274,2.2418277,0.74727595,0.112,0.0,0.14192697,17.699991,17.729992,1894400
hardzero_plus_depr__c0p54__z1p05__lam0p030__nu0p50__psi1p00,hardzero_plus_depr,0.02,30,592,0.0,1,0.50513935,0.50513935,1.0385126,0.09151396,0.09151396,1.0,3.6515707e-11,3.9901787e-10,-27.138412,2.2847733,0.76159114,0.15200001,0.0,0.16688868,17.729992,17.759993,1897600
hardzero_plus_depr__c0p54__z1p05__lam0p030__nu0p50__psi1p00,hardzero_plus_depr,0.02,30,593,0.0,1,0.50513935,0.50513935,1.033887,0.09249387,0.09249387,1.0,3.581592e-11,3.872248e-10,-27.800127,2.274597,0.758199,0.16800001,0.0,0.15374139,17.759993,17.789993,1900800
hardzero_plus_depr__c0p54__z1p05__lam0p030__nu0p50__psi1p00,hardzero_plus_depr,0.02,30,594,0.0,1,0.50513935,0.50513935,1.0438753,0.09039088,0.09039088,1.0,3.3967117e-11,3.7578035e-10,-28.111439,2.2965715,0.76552385,0.08800001,0.0,0.17380369,17.789993,17.819994,1904000
hardzero_plus_depr__c0p54__z1p05__lam0p030__nu0p50__psi1p00,hardzero_plus_depr,0.02,30,595,0.0,1,0.50513935,0.50513935,1.0576571,0.0,0.08756748,0.0,0.0,3.6467412e-10,-27.77802,2.3268921,0.7756307,0.16800001,0.0,0.17463537,17.819994,17.849995,1907200
hardzero_plus_depr__c0p54__z1p05__lam0p030__nu0p50__psi1p00,hardzero_plus_depr,0.02,30,596,0.0,1,0.50513935,0.50513935,1.0273933,0.093887255,0.093887255,1.0,3.3226335e-11,3.5389613e-10,-27.203571,2.2603104,0.7534368,0.120000005,0.0,0.17360374,17.849995,17.879995,1910400
hardzero_plus_depr__c0p54__z1p05__lam0p030__nu0p50__psi1p00,hardzero_plus_depr,0.02,30,597,0.0,1,0.50513935,0.50513935,1.0510494,0.0,0.08891002,0.0,0.0,3.4343667e-10,-27.638119,2.3123548,0.770785,0.16800001,0.0,0.1961148,17.879995,17.909996,1913600
hardzero_plus_depr__c0p54__z1p05__lam0p030__nu0p50__psi1p00,hardzero_plus_depr,0.02,30,598,0.0,1,0.50513935,0.50513935,1.0200697,0.09548393,0.09548393,1.0,3.182349e-11,3.3328634e-10,-27.019115,2.2441983,0.7480661,0.17999999,0.0,0.1605488,17.909996,17.939997,1916800
hardzero_plus_depr__c0p54__z1p05__lam0p030__nu0p50__psi1p00,hardzero_plus_depr,0.02,30,599,0.0,1,0.50513935,0.50513935,1.0099607,0.09773258,0.09773258,1.0,3.1610242e-11,3.2343606e-10,-26.743845,2.221958,0.7406527,0.128,0.0,0.1714509,17.939997,17.969997,1920000
hardzero_plus_depr__c0p54__z1p05__lam0p030__nu0p50__psi1p00,hardzero_plus_depr,0.02,30,600,0.0,1,0.50513935,0.50513935,1.0511172,0.0,0.08889611,0.0,0.0,3.1387684e-10,-27.437546,2.312504,0.7708347,0.128,0.0,0.16317932,17.969997,17.999998,1923200
hardzero_plus_depr__c0p54__z1p05__lam0p030__nu0p50__psi1p00,hardzero_plus_depr,0.02,30,601,0.0,1,0.50513935,0.50513935,1.0515183,0.0,0.08881404,0.0,0.0,3.0460018e-10,-27.652962,2.3133864,0.77112883,0.17600001,0.0,0.17143653,17.999998,18.029999,1926400
hardzero_plus_depr__c0p54__z1p05__lam0p030__nu0p50__psi1p00,hardzero_plus_depr,0.02,30,602,0.0,1,0.50513935,0.50513935,1.0352119,0.092212126,0.092212126,1.0,2.725769e-11,2.9559766e-10,-27.145702,2.2775116,0.75917053,0.120000005,0.0,0.16107778,18.029999,18.06,1929600
hardzero_plus_depr__c0p54__z1p05__lam0p030__nu0p50__psi1p00,hardzero_plus_depr,0.02,30,603,0.0,1,0.50513935,0.50513935,0.99708515,0.10067342,0.10067342,1.0,2.8879305e-11,2.8686126e-10,-27.151794,2.1936312,0.7312104,0.208,0.0,0.15311371,18.06,18.09,1932800
hardzero_plus_depr__c0p54__z1p05__lam0p030__nu0p50__psi1p00,hardzero_plus_depr,0.02,30,604,0.0,1,0.50513935,0.50513935,1.0116707,0.097348504,0.097348504,1.0,2.7100173e-11,2.7838304e-10,-26.8831,2.22572,0.74190664,0.128,0.0,0.16499613,18.09,18.12,1936000
hardzero_plus_depr__c0p54__z1p05__lam0p030__nu0p50__psi1p00,hardzero_plus_depr,0.02,30,605,0.0,1,0.50513935,0.50513935,1.0411264,0.09096485,0.09096485,1.0,2.4574641e-11,2.7015537e-10,-26.442133,2.2905238,0.76350796,0.16000001,0.0,0.16899832,18.12,18.150002,1939200
hardzero_plus_depr__c0p54__z1p05__lam0p030__nu0p50__psi1p00,hardzero_plus_depr,0.02,30,606,0.0,1,0.50513935,0.50513935,1.0432515,0.09052082,0.09052082,1.0,2.3731924e-11,2.621709e-10,-28.036087,2.2951992,0.7650664,0.128,0.0,0.18226334,18.150002,18.180002,1942400
hardzero_plus_depr__c0p54__z1p05__lam0p030__nu0p50__psi1p00,hardzero_plus_depr,0.02,30,607,0.0,1,0.50513935,0.50513935,1.0658664,0.0,0.08592779,0.0,0.0,2.5442237e-10,-28.419731,2.3449528,0.78165096,0.16000001,0.0,0.15700823,18.180002,18.210003,1945600
hardzero_plus_depr__c0p54__z1p05__lam0p030__nu0p50__psi1p00,hardzero_plus_depr,0.02,30,608,0.0,1,0.50513935,0.50513935,1.0358471,0.09207737,0.09207737,1.0,2.273417e-11,2.4690291e-10,-28.009392,2.278909,0.75963634,0.208,0.0,0.16744037,18.210003,18.240004,1948800
hardzero_plus_depr__c0p54__z1p05__lam0p030__nu0p50__psi1p00,hardzero_plus_depr,0.02,30,609,0.0,1,0.50513935,0.50513935,1.0960174,0.0,0.0801646,0.0,0.0,2.3960567e-10,-28.569735,2.4112864,0.80376214,0.17600001,0.0,0.19850159,18.240004,18.270004,1952000
hardzero_plus_depr__c0p54__z1p05__lam0p030__nu0p50__psi1p00,hardzero_plus_depr,0.02,30,610,0.0,1,0.50513935,0.50513935,1.0661271,0.0,0.08587622,0.0,0.0,2.3252407e-10,-27.957382,2.3455265,0.7818422,0.15200001,0.0,0.1547,18.270004,18.300005,1955200
hardzero_plus_depr__c0p54__z1p05__lam0p030__nu0p50__psi1p00,hardzero_plus_depr,0.02,30,611,0.0,1,0.50513935,0.50513935,1.0448089,0.0901968,0.0901968,1.0,2.0353072e-11,2.2565182e-10,-26.708963,2.2986255,0.7662085,0.13,0.0,0.14561036,18.300005,18.330006,1958400
hardzero_plus_depr__c0p54__z1p05__lam0p030__nu0p50__psi1p00,hardzero_plus_depr,0.02,30,612,0.0,1,0.50513935,0.50513935,1.0288141,0.09358061,0.09358061,1.0,2.049253e-11,2.1898264e-10,-27.84049,2.263436,0.7544787,0.17600001,0.0,0.1425174,18.330006,18.360006,1961600
hardzero_plus_depr__c0p54__z1p05__lam0p030__nu0p50__psi1p00,hardzero_plus_depr,0.02,30,613,0.0,1,0.50513935,0.50513935,1.0181172,0.09591418,0.09591418,1.0,2.0382777e-11,2.1251058e-10,-28.023481,2.2399025,0.7466342,0.096,0.0,0.15925482,18.360006,18.390007,1964800
hardzero_plus_depr__c0p54__z1p05__lam0p030__nu0p50__psi1p00,hardzero_plus_depr,0.02,30,614,0.0,1,0.50513935,0.50513935,1.0423915,0.09070023,0.09070023,1.0,1.870509e-11,2.062298e-10,-26.987339,2.2933073,0.76443577,0.128,0.0,0.15019698,18.390007,18.420008,1968000
hardzero_plus_depr__c0p54__z1p05__lam0p030__nu0p50__psi1p00,hardzero_plus_depr,0.02,30,615,0.0,1,0.50513935,0.50513935,1.0754906,0.0,0.084044516,0.0,0.0,2.0013464e-10,-27.177237,2.3661265,0.78870887,0.112,0.0,0.13817352,18.420008,18.450008,1971200
hardzero_plus_depr__c0p54__z1p05__lam0p030__nu0p50__psi1p00,hardzero_plus_depr,0.02,30,616,0.0,1,0.50513935,0.50513935,1.0505694,0.0,0.089008324,0.0,0.0,1.9421964e-10,-27.745222,2.3112988,0.77043295,0.136,0.0,0.16954653,18.450008,18.48001,1974400
hardzero_plus_depr__c0p54__z1p05__lam0p030__nu0p50__psi1p00,hardzero_plus_depr,0.02,30,617,0.0,1,0.50513935,0.50513935,1.0218273,0.09509827,0.09509827,1.0,1.792407e-11,1.8847945e-10,-27.577473,2.248065,0.749355,0.17600001,0.0,0.19428036,18.48001,18.51001,1977600
hardzero_plus_depr__c0p54__z1p05__lam0p030__nu0p50__psi1p00,hardzero_plus_depr,0.02,30,618,0.0,1,0.50513935,0.50513935,1.0829508,0.0,0.08261314,0.0,0.0,1.8290892e-10,-28.559855,2.3825393,0.7941798,0.15200001,0.0,0.20422304,18.51001,18.54001,1980800
hardzero_plus_depr__c0p54__z1p05__lam0p030__nu0p50__psi1p00,hardzero_plus_depr,0.02,30,619,0.0,1,0.50513935,0.50513935,1.0126772,0.09712316,0.09712316,1.0,1.7239654e-11,1.7750303e-10,-26.262571,2.2279344,0.7426448,0.208,0.0,0.16308087,18.54001,18.570011,1984000
hardzero_plus_depr__c0p54__z1p05__lam0p030__nu0p50__psi1p00,hardzero_plus_depr,0.02,30,620,0.0,1,0.50513935,0.50513935,1.016381,0.09629837,0.09629837,1.0,1.6588059e-11,1.722569e-10,-27.359058,2.236083,0.74536103,0.15200001,0.0,0.14513364,18.570011,18.600012,1987200
hardzero_plus_depr__c0p54__z1p05__lam0p030__nu0p50__psi1p00,hardzero_plus_depr,0.02,30,621,0.0,1,0.50513935,0.50513935,1.018648,0.09579701,0.09579701,1.0,1.6013987e-11,1.6716584e-10,-27.655443,2.2410705,0.7470235,0.14400001,0.0,0.15799737,18.600012,18.630013,1990400
hardzero_plus_depr__c0p54__z1p05__lam0p030__nu0p50__psi1p00,hardzero_plus_depr,0.02,30,622,0.0,1,0.50513935,0.50513935,1.030897,0.093132876,0.093132876,1.0,1.5108501e-11,1.6222522e-10,-27.650599,2.2680187,0.75600624,0.16000001,0.0,0.19115372,18.630013,18.660013,1993600
hardzero_plus_depr__c0p54__z1p05__lam0p030__nu0p50__psi1p00,hardzero_plus_depr,0.02,30,623,0.0,1,0.50513935,0.50513935,1.0202123,0.095452584,0.095452584,1.0,1.5027162e-11,1.5743064e-10,-26.99131,2.2445118,0.7481706,0.136,0.0,0.14325638,18.660013,18.690014,1996800
hardzero_plus_depr__c0p54__z1p05__lam0p030__nu0p50__psi1p00,hardzero_plus_depr,0.02,30,624,0.0,1,0.50513935,0.50513935,1.0313017,0.09304612,0.09304612,1.0,1.4215375e-11,1.5277773e-10,-28.514723,2.2689092,0.7563031,0.14,0.0,0.18209656,18.690014,18.720015,2000000
hardzero_plus_depr__c0p54__z1p05__lam0p030__nu0p50__psi1p00,hardzero_plus_depr,0.02,30,625,0.0,1,0.50513935,0.50513935,1.0187315,0.0957786,0.0957786,1.0,1.4200362e-11,1.4826237e-10,-26.815186,2.241254,0.74708474,0.16000001,0.0,0.15535954,18.720015,18.750015,2003200
hardzero_plus_depr__c0p54__z1p05__lam0p030__nu0p50__psi1p00,hardzero_plus_depr,0.02,30,626,0.0,1,0.50513935,0.50513935,1.0435808,0.09045222,0.09045222,1.0,1.3014307e-11,1.4388046e-10,-27.028893,2.2959235,0.76530784,0.16000001,0.0,0.14890943,18.750015,18.780016,2006400
hardzero_plus_depr__c0p54__z1p05__lam0p030__nu0p50__psi1p00,hardzero_plus_depr,0.02,30,627,0.0,1,0.50513935,0.50513935,1.1058353,0.0,0.07837268,0.0,0.0,1.3962805e-10,-28.873142,2.4328864,0.81096214,0.104,0.0,0.19520509,18.780016,18.810017,2009600
hardzero_plus_depr__c0p54__z1p05__lam0p030__nu0p50__psi1p00,hardzero_plus_depr,0.02,30,628,0.0,1,0.50513935,0.50513935,1.0348163,0.09229617,0.09229617,1.0,1.2506254e-11,1.3550133e-10,-27.575935,2.2766411,0.7588804,0.16000001,0.0,0.20082517,18.810017,18.840017,2012800
hardzero_plus_depr__c0p54__z1p05__lam0p030__nu0p50__psi1p00,hardzero_plus_depr,0.02,30,629,0.0,1,0.50513935,0.50513935,1.0651869,0.0,0.086062334,0.0,0.0,1.3149658e-10,-28.390766,2.343458,0.78115267,0.128,0.0,0.16078629,18.840017,18.870018,2016000
hardzero_plus_depr__c0p54__z1p05__lam0p030__nu0p50__psi1p00,hardzero_plus_depr,0.02,30,630,0.0,1,0.50513935,0.50513935,1.0375789,0.09171092,0.09171092,1.0,1.1703246e-11,1.2761017e-10,-27.1077,2.2827191,0.7609064,0.208,0.0,0.16203575,18.870018,18.900019,2019200
hardzero_plus_depr__c0p54__z1p05__lam0p030__nu0p50__psi1p00,hardzero_plus_depr,0.02,30,631,0.0,1,0.50513935,0.50513935,1.0700432,0.0,0.08510534,0.0,0.0,1.2383865e-10,-27.571133,2.3541422,0.7847141,0.136,0.0,0.1612228,18.900019,18.93002,2022400
hardzero_plus_depr__c0p54__z1p05__lam0p030__nu0p50__psi1p00,hardzero_plus_depr,0.02,30,632,0.0,1,0.50513935,0.50513935,1.0023593,0.09945823,0.09945823,1.0,1.1952747e-11,1.2017856e-10,-26.555145,2.2052345,0.7350782,0.216,0.0,0.14391774,18.93002,18.96002,2025600
hardzero_plus_depr__c0p54__z1p05__lam0p030__nu0p50__psi1p00,hardzero_plus_depr,0.02,30,633,0.0,1,0.50513935,0.50513935,0.95895725,0.1099114,0.1099114,1.0,1.28185995e-11,1.1662667e-10,-25.94018,2.1097481,0.7032494,0.17600001,0.0,0.14357193,18.96002,18.99002,2028800
hardzero_plus_depr__c0p54__z1p05__lam0p030__nu0p50__psi1p00,hardzero_plus_depr,0.02,30,634,0.0,1,0.50513935,0.50513935,0.980546,0.10458129,0.10458129,1.0,1.1836486e-11,1.13179764e-10,-26.951536,2.1572442,0.7190814,0.2,0.0,0.15961762,18.99002,19.020021,2032000
hardzero_plus_depr__c0p54__z1p05__lam0p030__nu0p50__psi1p00,hardzero_plus_depr,0.02,30,635,0.0,1,0.50513935,0.50513935,1.0220761,0.0950438,0.0950438,1.0,1.0439109e-11,1.0983472e-10,-27.419037,2.2486124,0.74953747,0.128,0.0,0.17678043,19.020021,19.050022,2035200
hardzero_plus_depr__c0p54__z1p05__lam0p030__nu0p50__psi1p00,hardzero_plus_depr,0.02,30,636,0.0,1,0.50513935,0.50513935,1.0529052,0.0,0.088530876,0.0,0.0,1.0658854e-10,-27.727327,2.3164377,0.7721459,0.17600001,0.0,0.18065071,19.050022,19.080023,2038400
hardzero_plus_depr__c0p54__z1p05__lam0p030__nu0p50__psi1p00,hardzero_plus_depr,0.02,30,637,0.0,1,0.50513935,0.50513935,0.99143106,0.10199267,0.10199267,1.0,1.0549947e-11,1.0343829e-10,-26.685175,2.181192,0.727064,0.19,0.0,0.15748154,19.080023,19.110023,2041600
hardzero_plus_depr__c0p54__z1p05__lam0p030__nu0p50__psi1p00,hardzero_plus_depr,0.02,30,638,0.0,1,0.50513935,0.50513935,1.030181,0.09328652,0.09328652,1.0,9.36421e-12,1.0038117e-10,-27.34606,2.2664435,0.7554812,0.072000004,0.0,0.1445165,19.110023,19.140024,2044800
hardzero_plus_depr__c0p54__z1p05__lam0p030__nu0p50__psi1p00,hardzero_plus_depr,0.02,30,639,0.0,1,0.50513935,0.50513935,0.9781796,0.1051527,0.1051527,1.0,1.0243386e-11,9.7414396e-11,-26.269659,2.152038,0.7173461,0.112,0.0,0.13765933,19.140024,19.170025,2048000
hardzero_plus_depr__c0p54__z1p05__lam0p030__nu0p50__psi1p00,hardzero_plus_depr,0.02,30,640,0.0,1,0.50513935,0.50513935,1.0121906,0.09723205,0.09723205,1.0,9.191861e-12,9.4535296e-11,-26.80853,2.2268636,0.7422879,0.16800001,0.0,0.15212162,19.170025,19.200026,2051200
hardzero_plus_depr__c0p54__z1p05__lam0p030__nu0p50__psi1p00,hardzero_plus_depr,0.02,30,641,0.0,1,0.50513935,0.50513935,1.1033652,0.0,0.07881971,0.0,0.0,9.174129e-11,-28.677547,2.4274518,0.80915064,0.120000005,0.0,0.17772757,19.200026,19.230026,2054400
hardzero_plus_depr__c0p54__z1p05__lam0p030__nu0p50__psi1p00,hardzero_plus_depr,0.02,30,642,0.0,1,0.50513935,0.50513935,1.0340834,0.09245208,0.09245208,1.0,8.230996e-12,8.902986e-11,-26.94311,2.2750287,0.7583429,0.18400002,0.0,0.15875469,19.230026,19.260027,2057600
hardzero_plus_depr__c0p54__z1p05__lam0p030__nu0p50__psi1p00,hardzero_plus_depr,0.02,30,643,0.0,1,0.50513935,0.50513935,1.0772812,0.0,0.08369871,0.0,0.0,8.6398576e-11,-27.253471,2.3700662,0.7900221,0.120000005,0.0,0.14757203,19.260027,19.290028,2060800
hardzero_plus_depr__c0p54__z1p05__lam0p030__nu0p50__psi1p00,hardzero_plus_depr,0.02,30,644,0.0,1,0.50513935,0.50513935,1.0230818,0.09482398,0.09482398,1.0,7.950522e-12,8.3845056e-11,-26.369326,2.250825,0.750275,0.15200001,0.0,0.16117717,19.290028,19.320028,2064000
hardzero_plus_depr__c0p54__z1p05__lam0p030__nu0p50__psi1p00,hardzero_plus_depr,0.02,30,645,0.0,1,0.50513935,0.50513935,0.99472517,0.10122198,0.10122198,1.0,8.236129e-12,8.1367e-11,-26.322838,2.1884391,0.72947973,0.14400001,0.0,0.12717232,19.320028,19.350029,2067200
hardzero_plus_depr__c0p54__z1p05__lam0p030__nu0p50__psi1p00,hardzero_plus_depr,0.02,30,646,0.0,1,0.50513935,0.50513935,0.97826606,0.10513177,0.10513177,1.0,8.301434e-12,7.8962184e-11,-26.217144,2.1522284,0.7174095,0.208,0.0,0.1773941,19.350029,19.38003,2070400
hardzero_plus_depr__c0p54__z1p05__lam0p030__nu0p50__psi1p00,hardzero_plus_depr,0.02,30,647,0.0,1,0.50513935,0.50513935,1.0389868,0.09141411,0.09141411,1.0,7.004922e-12,7.6628454e-11,-28.837906,2.2858167,0.7619389,0.16000001,0.0,0.15993413,19.38003,19.41003,2073600
hardzero_plus_depr__c0p54__z1p05__lam0p030__nu0p50__psi1p00,hardzero_plus_depr,0.02,30,648,0.0,1,0.50513935,0.50513935,1.0787627,0.0,0.0834137,0.0,0.0,7.436369e-11,-28.364689,2.3733253,0.7911085,0.104,0.0,0.1605807,19.41003,19.440031,2076800
hardzero_plus_depr__c0p54__z1p05__lam0p030__nu0p50__psi1p00,hardzero_plus_depr,0.02,30,649,0.0,1,0.50513935,0.50513935,0.9807401,0.10453455,0.10453455,1.0,7.543826e-12,7.216586e-11,-27.315445,2.1576712,0.71922374,0.216,0.008,0.1848307,19.440031,19.470032,2080000
hardzero_plus_depr__c0p54__z1p05__lam0p030__nu0p50__psi1p00,hardzero_plus_depr,0.02,30,650,0.0,1,0.50513935,0.50513935,1.0630258,0.0,0.086491644,0.0,0.0,7.0032986e-11,-27.672602,2.3387036,0.7795679,0.16,0.0,0.13254198,19.470032,19.500032,2083200
hardzero_plus_depr__c0p54__z1p05__lam0p030__nu0p50__psi1p00,hardzero_plus_depr,0.02,30,651,0.0,1,0.50513935,0.50513935,1.0553689,0.0,0.08803007,0.0,0.0,6.7963156e-11,-26.526388,2.321858,0.77395266,0.08800001,0.0,0.1499696,19.500032,19.530033,2086400
hardzero_plus_depr__c0p54__z1p05__lam0p030__nu0p50__psi1p00,hardzero_plus_depr,0.02,30,652,0.0,1,0.50513935,0.50513935,1.0723966,0.0,0.08464539,0.0,0.0,6.595449e-11,-27.911728,2.3593197,0.7864399,0.112,0.0,0.17146584,19.530033,19.560034,2089600
hardzero_plus_depr__c0p54__z1p05__lam0p030__nu0p50__psi1p00,hardzero_plus_depr,0.02,30,653,0.0,1,0.50513935,0.50513935,1.047166,0.08970858,0.08970858,1.0,5.7418154e-12,6.40052e-11,-27.214373,2.303811,0.76793706,0.15200001,0.0,0.14472356,19.560034,19.590034,2092800
hardzero_plus_depr__c0p54__z1p05__lam0p030__nu0p50__psi1p00,hardzero_plus_depr,0.02,30,654,0.0,1,0.50513935,0.50513935,1.0422883,0.09072179,0.09072179,1.0,5.6350497e-12,6.2113516e-11,-27.4813,2.29308,0.7643601,0.16800001,0.0,0.12945956,19.590034,19.620035,2096000
hardzero_plus_depr__c0p54__z1p05__lam0p030__nu0p50__psi1p00,hardzero_plus_depr,0.02,30,655,0.0,1,0.50513935,0.50513935,1.0127642,0.097103715,0.097103715,1.0,5.8531925e-12,6.027774e-11,-27.487976,2.2281258,0.7427086,0.16800001,0.0,0.1497532,19.620035,19.650036,2099200
hardzero_plus_depr__c0p54__z1p05__lam0p030__nu0p50__psi1p00,hardzero_plus_depr,0.02,30,656,0.0,1,0.50513935,0.50513935,1.022046,0.095050424,0.095050424,1.0,5.5600914e-12,5.849623e-11,-27.184464,2.2485461,0.7495154,0.16800001,0.0,0.16993435,19.650036,19.680037,2102400
hardzero_plus_depr__c0p54__z1p05__lam0p030__nu0p50__psi1p00,hardzero_plus_depr,0.02,30,657,0.0,1,0.50513935,0.50513935,1.0293704,0.09346081,0.09346081,1.0,5.305524e-12,5.676736e-11,-26.723299,2.2646601,0.75488675,0.104,0.0,0.164883,19.680037,19.710037,2105600
hardzero_plus_depr__c0p54__z1p05__lam0p030__nu0p50__psi1p00,hardzero_plus_depr,0.02,30,658,0.0,1,0.50513935,0.50513935,1.0321406,0.092866555,0.092866555,1.0,5.1159806e-12,5.5089593e-11,-26.474062,2.2707546,0.7569182,0.064,0.0,0.17770796,19.710037,19.740038,2108800
hardzero_plus_depr__c0p54__z1p05__lam0p030__nu0p50__psi1p00,hardzero_plus_depr,0.02,30,659,0.0,1,0.50513935,0.50513935,1.0266912,0.09403916,0.09403916,1.0,5.0274667e-12,5.346142e-11,-26.34327,2.2587657,0.75292194,0.120000005,0.0,0.14113472,19.740038,19.770039,2112000
hardzero_plus_depr__c0p54__z1p05__lam0p030__nu0p50__psi1p00,hardzero_plus_depr,0.02,30,660,0.0,1,0.50513935,0.50513935,1.005198,0.09881025,0.09881025,1.0,5.1264097e-12,5.1881357e-11,-27.148819,2.2114797,0.7371599,0.14400001,0.0,0.15787761,19.770039,19.80004,2115200
hardzero_plus_depr__c0p54__z1p05__lam0p030__nu0p50__psi1p00,hardzero_plus_depr,0.02,30,661,0.0,1,0.50513935,0.50513935,1.0437487,0.09041724,0.09041724,1.0,4.5523273e-12,5.0347997e-11,-27.246058,2.296293,0.76543105,0.17600001,0.0,0.15174942,19.80004,19.83004,2118400
hardzero_plus_depr__c0p54__z1p05__lam0p030__nu0p50__psi1p00,hardzero_plus_depr,0.02,30,662,0.0,1,0.50513935,0.50513935,1.0401068,0.09117866,0.09117866,1.0,4.454985e-12,4.885995e-11,-28.294811,2.2882805,0.76276016,0.14400001,0.0,0.1709969,19.83004,19.86004,2121600
hardzero_plus_depr__c0p54__z1p05__lam0p030__nu0p50__psi1p00,hardzero_plus_depr,0.02,30,663,0.0,1,0.50513935,0.50513935,1.0074658,0.098295614,0.098295614,1.0,4.660774e-12,4.741589e-11,-27.093454,2.216469,0.73882306,0.12,0.0,0.15471344,19.86004,19.890041,2124800
hardzero_plus_depr__c0p54__z1p05__lam0p030__nu0p50__psi1p00,hardzero_plus_depr,0.02,30,664,0.0,1,0.50513935,0.50513935,1.0332431,0.092631124,0.092631124,1.0,4.2623756e-12,4.6014508e-11,-27.672544,2.27318,0.75772667,0.2,0.0,0.21575797,19.890041,19.920042,2128000
hardzero_plus_depr__c0p54__z1p05__lam0p030__nu0p50__psi1p00,hardzero_plus_depr,0.02,30,665,0.0,1,0.50513935,0.50513935,1.0084614,0.09807054,0.09807054,1.0,4.3792955e-12,4.4654547e-11,-26.203817,2.2186594,0.73955315,0.2,0.0,0.14181928,19.920042,19.950043,2131200
hardzero_plus_depr__c0p54__z1p05__lam0p030__nu0p50__psi1p00,hardzero_plus_depr,0.02,30,666,0.0,1,0.50513935,0.50513935,1.0714078,0.0,0.084838346,0.0,0.0,4.333477e-11,-28.824547,2.357144,0.78571475,0.120000005,0.0,0.15403345,19.950043,19.980043,2134400
hardzero_plus_depr__c0p54__z1p05__lam0p030__nu0p50__psi1p00,hardzero_plus_depr,0.02,30,667,0.0,1,0.50513935,0.50513935,0.9780542,0.10518306,0.10518306,1.0,4.4233692e-12,4.205401e-11,-26.926674,2.1517622,0.7172541,0.18400002,0.0,0.13868447,19.980043,20.010044,2137600
hardzero_plus_depr__c0p54__z1p05__lam0p030__nu0p50__psi1p00,hardzero_plus_depr,0.02,30,668,0.0,1,0.50513935,0.50513935,1.0513273,0.0,0.08885311,0.0,0.0,4.0811094e-11,-27.771152,2.3129663,0.7709888,0.16000001,0.0,0.17544565,20.010044,20.040045,2140800
hardzero_plus_depr__c0p54__z1p05__lam0p030__nu0p50__psi1p00,hardzero_plus_depr,0.02,30,669,0.0,1,0.50513935,0.50513935,1.0503497,0.0,0.08905334,0.0,0.0,3.960492e-11,-27.059132,2.3108156,0.7702719,0.136,0.0,0.16906244,20.040045,20.070045,2144000
hardzero_plus_depr__c0p54__z1p05__lam0p030__nu0p50__psi1p00,hardzero_plus_depr,0.02,30,670,0.0,1,0.50513935,0.50513935,1.0222212,0.09501206,0.09501206,1.0,3.651731e-12,3.843439e-11,-27.126509,2.2489316,0.7496439,0.136,0.0,0.16696653,20.070045,20.100046,2147200
hardzero_plus_depr__c0p54__z1p05__lam0p030__nu0p50__psi1p00,hardzero_plus_depr,0.02,30,671,0.0,1,0.50513935,0.50513935,1.053366,0.0,0.088437,0.0,0.0,3.7298456e-11,-27.703098,2.3174515,0.7724838,0.16800001,0.0,0.17775574,20.100046,20.130047,2150400
hardzero_plus_depr__c0p54__z1p05__lam0p030__nu0p50__psi1p00,hardzero_plus_depr,0.02,30,672,0.0,1,0.50513935,0.50513935,0.9845578,0.10361967,0.10361967,1.0,3.7506274e-12,3.6196095e-11,-26.375034,2.1660705,0.7220235,0.136,0.0,0.1703878,20.130047,20.160048,2153600
hardzero_plus_depr__c0p54__z1p05__lam0p030__nu0p50__psi1p00,hardzero_plus_depr,0.02,30,673,0.0,1,0.50513935,0.50513935,1.0728878,0.0,0.08454973,0.0,0.0,3.5126315e-11,-28.21546,2.3604002,0.7868001,0.096,0.0,0.1845011,20.160048,20.190048,2156800
hardzero_plus_depr__c0p54__z1p05__lam0p030__nu0p50__psi1p00,hardzero_plus_depr,0.02,30,674,0.0,1,0.50513935,0.50513935,1.1119623,0.0,0.07727477,0.0,0.0,3.4088152e-11,-28.843885,2.4463658,0.8154553,0.15200001,0.0,0.17879286,20.190048,20.220049,2160000
hardzero_plus_depr__c0p54__z1p05__lam0p030__nu0p50__psi1p00,hardzero_plus_depr,0.02,30,675,0.0,1,0.50513935,0.50513935,1.0671004,0.0,0.08568397,0.0,0.0,3.3080674e-11,-27.848982,2.3476677,0.78255594,0.120000005,0.0,0.13597618,20.220049,20.25005,2163200
hardzero_plus_depr__c0p54__z1p05__lam0p030__nu0p50__psi1p00,hardzero_plus_depr,0.02,30,676,0.0,1,0.50513935,0.50513935,1.0460732,0.0899346,0.0899346,1.0,2.8871675e-12,3.2102966e-11,-28.282507,2.3014069,0.7671356,0.16,0.0,0.18783492,20.25005,20.28005,2166400
hardzero_plus_depr__c0p54__z1p05__lam0p030__nu0p50__psi1p00,hardzero_plus_depr,0.02,30,677,0.0,1,0.50513935,0.50513935,1.0472972,0.08968147,0.08968147,1.0,2.7939508e-12,3.115416e-11,-27.926928,2.3041,0.7680334,0.16000001,0.0,0.20124018,20.28005,20.310051,2169600
hardzero_plus_depr__c0p54__z1p05__lam0p030__nu0p50__psi1p00,hardzero_plus_depr,0.02,30,678,0.0,1,0.50513935,0.50513935,1.1206125,0.0,0.07575085,0.0,0.0,3.0233396e-11,-28.406227,2.4653966,0.8217989,0.056,0.0,0.1858614,20.310051,20.340052,2172800
hardzero_plus_depr__c0p54__z1p05__lam0p030__nu0p50__psi1p00,hardzero_plus_depr,0.02,30,679,0.0,1,0.50513935,0.50513935,1.0157758,0.09643266,0.09643266,1.0,2.8293192e-12,2.9339843e-11,-26.370455,2.2347515,0.74491715,0.16800001,0.0,0.12392151,20.340052,20.370052,2176000
hardzero_plus_depr__c0p54__z1p05__lam0p030__nu0p50__psi1p00,hardzero_plus_depr,0.02,30,680,0.0,1,0.50513935,0.50513935,1.0467705,0.08979033,0.08979033,1.0,2.5565732e-12,2.8472702e-11,-27.902678,2.302941,0.767647,0.16800001,0.0,0.16318148,20.370052,20.400053,2179200
hardzero_plus_depr__c0p54__z1p05__lam0p030__nu0p50__psi1p00,hardzero_plus_depr,0.02,30,681,0.0,1,0.50513935,0.50513935,0.9950257,0.10115197,0.10115197,1.0,2.794949e-12,2.7631186e-11,-26.485132,2.1891003,0.7297001,0.192,0.0,0.12472692,20.400053,20.430054,2182400
hardzero_plus_depr__c0p54__z1p05__lam0p030__nu0p50__psi1p00,hardzero_plus_depr,0.02,30,682,0.0,1,0.50513935,0.50513935,1.0614967,0.0,0.0867967,0.0,0.0,2.6814544e-11,-27.722607,2.3353395,0.77844656,0.136,0.0,0.16342357,20.430054,20.460054,2185600
hardzero_plus_depr__c0p54__z1p05__lam0p030__nu0p50__psi1p00,hardzero_plus_depr,0.02,30,683,0.0,1,0.50513935,0.50513935,1.0029504,0.099322945,0.099322945,1.0,2.584585e-12,2.6022035e-11,-27.439327,2.206535,0.7355117,0.16800001,0.008,0.16666748,20.460054,20.490055,2188800
hardzero_plus_depr__c0p54__z1p05__lam0p030__nu0p50__psi1p00,hardzero_plus_depr,0.02,30,684,0.0,1,0.50513935,0.50513935,0.98839337,0.10270856,0.10270856,1.0,2.5936944e-12,2.525295e-11,-26.862915,2.1745088,0.7248363,0.16800001,0.0,0.12946093,20.490055,20.520056,2192000
hardzero_plus_depr__c0p54__z1p05__lam0p030__nu0p50__psi1p00,hardzero_plus_depr,0.02,30,685,0.0,1,0.50513935,0.50513935,1.0642264,0.0,0.086252876,0.0,0.0,2.4506596e-11,-28.241205,2.3413448,0.7804483,0.16000001,0.0,0.18559858,20.520056,20.550056,2195200
hardzero_plus_depr__c0p54__z1p05__lam0p030__nu0p50__psi1p00,hardzero_plus_depr,0.02,30,686,0.0,1,0.50513935,0.50513935,1.0268638,0.0940018,0.0940018,1.0,2.2355791e-12,2.37823e-11,-27.743698,2.2591455,0.75304854,0.208,0.0,0.16574085,20.550056,20.580057,2198400
hardzero_plus_depr__c0p54__z1p05__lam0p030__nu0p50__psi1p00,hardzero_plus_depr,0.02,30,687,0.0,1,0.50513935,0.50513935,0.96938366,0.10730411,0.10730411,1.0,2.4765157e-12,2.3079412e-11,-26.897688,2.1326866,0.71089554,0.104,0.0,0.13868381,20.580057,20.610058,2201600
hardzero_plus_depr__c0p54__z1p05__lam0p030__nu0p50__psi1p00,hardzero_plus_depr,0.02,30,688,0.0,1,0.50513935,0.50513935,1.0318245,0.09293418,0.09293418,1.0,2.0814743e-12,2.2397298e-11,-27.02786,2.270059,0.7566864,0.16000001,0.0,0.15929139,20.610058,20.640059,2204800
hardzero_plus_depr__c0p54__z1p05__lam0p030__nu0p50__psi1p00,hardzero_plus_depr,0.02,30,689,0.0,1,0.50513935,0.50513935,1.0480098,0.08953446,0.08953446,1.0,1.9460622e-12,2.1735343e-11,-27.154806,2.3056674,0.7685558,0.099999994,0.0,0.14435461,20.640059,20.67006,2208000
hardzero_plus_depr__c0p54__z1p05__lam0p030__nu0p50__psi1p00,hardzero_plus_depr,0.02,30,690,0.0,1,0.50513935,0.50513935,0.99894047,0.10024427,0.10024427,1.0,2.1144475e-12,2.1092952e-11,-25.702326,2.197713,0.732571,0.17600001,0.0,0.14879616,20.67006,20.70006,2211200
hardzero_plus_depr__c0p54__z1p05__lam0p030__nu0p50__psi1p00,hardzero_plus_depr,0.02,30,691,0.0,1,0.50513935,0.50513935,1.072152,0.0,0.08469308,0.0,0.0,2.0469546e-11,-28.137026,2.3587816,0.78626055,0.15200001,0.0,0.17146552,20.70006,20.73006,2214400
hardzero_plus_depr__c0p54__z1p05__lam0p030__nu0p50__psi1p00,hardzero_plus_depr,0.02,30,692,0.0,1,0.50513935,0.50513935,1.065524,0.0,0.08599555,0.0,0.0,1.9864565e-11,-27.939508,2.3441997,0.7813999,0.136,0.0,0.18993871,20.73006,20.760061,2217600
hardzero_plus_depr__c0p54__z1p05__lam0p030__nu0p50__psi1p00,hardzero_plus_depr,0.02,30,693,0.0,1,0.50513935,0.50513935,1.0960596,0.0,0.08015682,0.0,0.0,1.9277463e-11,-27.09629,2.411379,0.8037931,0.104,0.0,0.17573053,20.760061,20.790062,2220800
hardzero_plus_depr__c0p54__z1p05__lam0p030__nu0p50__psi1p00,hardzero_plus_depr,0.02,30,694,0.0,1,0.50513935,0.50513935,1.0355794,0.09213414,0.09213414,1.0,1.7236195e-12,1.8707718e-11,-27.54047,2.2783203,0.7594401,0.224,0.0,0.16604231,20.790062,20.820063,2224000
hardzero_plus_depr__c0p54__z1p05__lam0p030__nu0p50__psi1p00,hardzero_plus_depr,0.02,30,695,0.0,1,0.50513935,0.50513935,1.0681392,0.0,0.08547926,0.0,0.0,1.8154808e-11,-27.870186,2.3499532,0.78331774,0.15200001,0.0,0.1606518,20.820063,20.850063,2227200
hardzero_plus_depr__c0p54__z1p05__lam0p030__nu0p50__psi1p00,hardzero_plus_depr,0.02,30,696,0.0,1,0.50513935,0.50513935,1.0669765,0.0,0.08570841,0.0,0.0,1.761824e-11,-28.52073,2.3473952,0.7824651,0.136,0.0,0.17487076,20.850063,20.880064,2230400
hardzero_plus_depr__c0p54__z1p05__lam0p030__nu0p50__psi1p00,hardzero_plus_depr,0.02,30,697,0.0,1,0.50513935,0.50513935,1.0526606,0.0,0.088580765,0.0,0.0,1.709753e-11,-27.950943,2.3158996,0.7719666,0.096,0.0,0.18402085,20.880064,20.910065,2233600
hardzero_plus_depr__c0p54__z1p05__lam0p030__nu0p50__psi1p00,hardzero_plus_depr,0.02,30,698,0.0,1,0.50513935,0.50513935,0.94959843,0.11230563,0.11230563,1.0,1.863399e-12,1.6592212e-11,-26.476032,2.0891583,0.6963861,0.264,0.0,0.15808962,20.910065,20.940065,2236800
hardzero_plus_depr__c0p54__z1p05__lam0p030__nu0p50__psi1p00,hardzero_plus_depr,0.02,30,699,0.0,1,0.50513935,0.50513935,1.0095639,0.09782189,0.09782189,1.0,1.5751111e-12,1.6101826e-11,-26.842104,2.221085,0.7403617,0.16000001,0.0,0.1433513,20.940065,20.970066,2240000
hardzero_plus_depr__c0p54__z1p05__lam0p030__nu0p50__psi1p00,hardzero_plus_depr,0.02,30,700,0.0,1,0.50513935,0.50513935,1.0250068,0.09440461,0.09440461,1.0,1.4751603e-12,1.5625935e-11,-26.997568,2.25506,0.7516867,0.216,0.0,0.1597743,20.970066,21.000067,2243200
hardzero_plus_depr__c0p54__z1p05__lam0p030__nu0p50__psi1p00,hardzero_plus_depr,0.02,30,701,0.0,1,0.50513935,0.50513935,1.0013467,0.099690385,0.099690385,1.0,1.5117158e-12,1.5164108e-11,-27.31161,2.2030067,0.7343356,0.17600001,0.0,0.15977347,21.000067,21.030067,2246400
hardzero_plus_depr__c0p54__z1p05__lam0p030__nu0p50__psi1p00,hardzero_plus_depr,0.02,30,702,0.0,1,0.50513935,0.50513935,1.0652411,0.0,0.086051576,0.0,0.0,1.4715932e-11,-28.038187,2.3435771,0.7811924,0.16,0.0,0.17367005,21.030067,21.060068,2249600
hardzero_plus_depr__c0p54__z1p05__lam0p030__nu0p50__psi1p00,hardzero_plus_depr,0.02,30,703,0.0,1,0.50513935,0.50513935,1.0415257,0.090881236,0.090881236,1.0,1.297875e-12,1.4281001e-11,-27.49374,2.2914023,0.7638008,0.216,0.0,0.18126898,21.060068,21.090069,2252800
hardzero_plus_depr__c0p54__z1p05__lam0p030__nu0p50__psi1p00,hardzero_plus_depr,0.02,30,704,0.0,1,0.50513935,0.50513935,1.0074286,0.09830403,0.09830403,1.0,1.362388e-12,1.3858923e-11,-26.16172,2.2163873,0.73879576,0.120000005,0.0,0.13499494,21.090069,21.12007,2256000
hardzero_plus_depr__c0p54__z1p05__lam0p030__nu0p50__psi1p00,hardzero_plus_depr,0.02,30,705,0.0,1,0.50513935,0.50513935,1.0553185,0.0,0.08804029,0.0,0.0,1.3449321e-11,-27.938606,2.321747,0.7739157,0.17600001,0.0,0.20960824,21.12007,21.15007,2259200
hardzero_plus_depr__c0p54__z1p05__lam0p030__nu0p50__psi1p00,hardzero_plus_depr,0.02,30,706,0.0,1,0.50513935,0.50513935,0.9692769,0.107330486,0.107330486,1.0,1.4008586e-12,1.30518235e-11,-25.987806,2.1324518,0.7108173,0.136,0.0,0.16350718,21.15007,21.18007,2262400
hardzero_plus_depr__c0p54__z1p05__lam0p030__nu0p50__psi1p00,hardzero_plus_depr,0.02,30,707,0.0,1,0.50513935,0.50513935,1.0312414,0.09305903,0.09305903,1.0,1.1786928e-12,1.2666076e-11,-26.667297,2.2687764,0.75625885,0.072000004,0.0,0.15117374,21.18007,21.210072,2265600
hardzero_plus_depr__c0p54__z1p05__lam0p030__nu0p50__psi1p00,hardzero_plus_depr,0.02,30,708,0.0,1,0.50513935,0.50513935,1.0730804,0.0,0.08451223,0.0,0.0,1.22917275e-11,-27.978369,2.360824,0.7869414,0.104,0.0,0.18295614,21.210072,21.240072,2268800
hardzero_plus_depr__c0p54__z1p05__lam0p030__nu0p50__psi1p00,hardzero_plus_depr,0.02,30,709,0.0,1,0.50513935,0.50513935,1.0244149,0.094533354,0.094533354,1.0,1.1276359e-12,1.1928444e-11,-28.097048,2.2537577,0.7512526,0.16800001,0.0,0.1484982,21.240072,21.270073,2272000
hardzero_plus_depr__c0p54__z1p05__lam0p030__nu0p50__psi1p00,hardzero_plus_depr,0.02,30,710,0.0,1,0.50513935,0.50513935,1.008127,0.098146096,0.098146096,1.0,1.1361292e-12,1.1575897e-11,-27.103354,2.2179236,0.7393079,0.17600001,0.0,0.1269629,21.270073,21.300074,2275200
hardzero_plus_depr__c0p54__z1p05__lam0p030__nu0p50__psi1p00,hardzero_plus_depr,0.02,30,711,0.0,1,0.50513935,0.50513935,1.0479125,0.08955453,0.08955453,1.0,1.006035e-12,1.123377e-11,-26.890783,2.3054535,0.76848453,0.096,0.0,0.15864909,21.300074,21.330074,2278400
hardzero_plus_depr__c0p54__z1p05__lam0p030__nu0p50__psi1p00,hardzero_plus_depr,0.02,30,712,0.0,1,0.50513935,0.50513935,1.0112984,0.097432,0.097432,1.0,1.0621799e-12,1.0901755e-11,-26.818026,2.224901,0.74163365,0.16800001,0.0,0.16683874,21.330074,21.360075,2281600
hardzero_plus_depr__c0p54__z1p05__lam0p030__nu0p50__psi1p00,hardzero_plus_depr,0.02,30,713,0.0,1,0.50513935,0.50513935,0.9805713,0.10457519,0.10457519,1.0,1.1063585e-12,1.0579551e-11,-25.840397,2.1573,0.7191,0.16000001,0.0,0.1204598,21.360075,21.390076,2284800
hardzero_plus_depr__c0p54__z1p05__lam0p030__nu0p50__psi1p00,hardzero_plus_depr,0.02,30,714,0.0,1,0.50513935,0.50513935,1.069089,0.0,0.08529252,0.0,0.0,1.0266872e-11,-27.730743,2.352043,0.78401434,0.120000005,0.0,0.21619146,21.390076,21.420076,2288000
hardzero_plus_depr__c0p54__z1p05__lam0p030__nu0p50__psi1p00,hardzero_plus_depr,0.02,30,715,0.0,1,0.50513935,0.50513935,1.0401106,0.09117785,0.09117785,1.0,9.084444e-13,9.963433e-12,-27.835278,2.288289,0.762763,0.21,0.02,0.16628858,21.420076,21.450077,2291200
hardzero_plus_depr__c0p54__z1p05__lam0p030__nu0p50__psi1p00,hardzero_plus_depr,0.02,30,716,0.0,1,0.50513935,0.50513935,1.0573035,0.0,0.087638795,0.0,0.0,9.668962e-12,-28.351786,2.3261142,0.77537143,0.14400001,0.0,0.15641539,21.450077,21.480078,2294400
hardzero_plus_depr__c0p54__z1p05__lam0p030__nu0p50__psi1p00,hardzero_plus_depr,0.02,30,717,0.0,1,0.50513935,0.50513935,1.0501412,0.0,0.08909612,0.0,0.0,9.3831965e-12,-27.264511,2.3103569,0.77011895,0.16800001,0.0,0.15335162,21.480078,21.510078,2297600
hardzero_plus_depr__c0p54__z1p05__lam0p030__nu0p50__psi1p00,hardzero_plus_depr,0.02,30,718,0.0,1,0.50513935,0.50513935,0.9881671,0.10276208,0.10276208,1.0,9.357386e-13,9.105874e-12,-26.129932,2.174011,0.72467035,0.15200001,0.0,0.13305883,21.510078,21.54008,2300800
hardzero_plus_depr__c0p54__z1p05__lam0p030__nu0p50__psi1p00,hardzero_plus_depr,0.02,30,719,0.0,1,0.50513935,0.50513935,1.0337359,0.09252608,0.09252608,1.0,8.1762966e-13,8.836748e-12,-27.09846,2.2742643,0.7580881,0.16000001,0.0,0.1696817,21.54008,21.57008,2304000
hardzero_plus_depr__c0p54__z1p05__lam0p030__nu0p50__psi1p00,hardzero_plus_depr,0.02,30,720,0.0,1,0.50513935,0.50513935,1.013711,0.096892245,0.096892245,1.0,8.309069e-13,8.575577e-12,-27.187338,2.2302086,0.7434029,0.17600001,0.0,0.15955307,21.57008,21.60008,2307200
hardzero_plus_depr__c0p54__z1p05__lam0p030__nu0p50__psi1p00,hardzero_plus_depr,0.02,30,721,0.0,1,0.50513935,0.50513935,1.0795273,0.0,0.08326696,0.0,0.0,8.322125e-12,-28.678818,2.3750074,0.79166913,0.15200001,0.0,0.17681216,21.60008,21.630081,2310400
hardzero_plus_depr__c0p54__z1p05__lam0p030__nu0p50__psi1p00,hardzero_plus_depr,0.02,30,722,0.0,1,0.50513935,0.50513935,1.0692388,0.0,0.085263126,0.0,0.0,8.076164e-12,-27.47733,2.3523724,0.78412414,0.136,0.0,0.16625641,21.630081,21.660082,2313600
hardzero_plus_depr__c0p54__z1p05__lam0p030__nu0p50__psi1p00,hardzero_plus_depr,0.02,30,723,0.0,1,0.50513935,0.50513935,0.9636678,0.10872569,0.10872569,1.0,8.5213455e-13,7.837472e-12,-25.753788,2.1201115,0.70670384,0.272,0.0,0.15272895,21.660082,21.690083,2316800
hardzero_plus_depr__c0p54__z1p05__lam0p030__nu0p50__psi1p00,hardzero_plus_depr,0.02,30,724,0.0,1,0.50513935,0.50513935,1.0901704,0.0,0.081251174,0.0,0.0,7.6058335e-12,-27.931393,2.3984227,0.79947424,0.112,0.0,0.19411646,21.690083,21.720083,2320000
hardzero_plus_depr__c0p54__z1p05__lam0p030__nu0p50__psi1p00,hardzero_plus_depr,0.02,30,725,0.0,1,0.50513935,0.50513935,1.0037545,0.09913921,0.09913921,1.0,7.317507e-13,7.381042e-12,-27.1195,2.208304,0.7361013,0.14400001,0.0,0.15520664,21.720083,21.750084,2323200
hardzero_plus_depr__c0p54__z1p05__lam0p030__nu0p50__psi1p00,hardzero_plus_depr,0.02,30,726,0.0,1,0.50513935,0.50513935,1.0048687,0.09888519,0.09888519,1.0,7.083042e-13,7.1628944e-12,-26.612896,2.2107553,0.73691845,0.208,0.0,0.1590815,21.750084,21.780085,2326400
hardzero_plus_depr__c0p54__z1p05__lam0p030__nu0p50__psi1p00,hardzero_plus_depr,0.02,30,727,0.0,1,0.50513935,0.50513935,1.0083243,0.09810151,0.09810151,1.0,6.8192267e-13,6.9511944e-12,-27.824799,2.2183576,0.73945254,0.216,0.0,0.188069,21.780085,21.810085,2329600
hardzero_plus_depr__c0p54__z1p05__lam0p030__nu0p50__psi1p00,hardzero_plus_depr,0.02,30,728,0.0,1,0.50513935,0.50513935,1.0227231,0.09490233,0.09490233,1.0,6.401875e-13,6.745751e-12,-26.357662,2.2500358,0.7500119,0.11,0.0,0.14474851,21.810085,21.840086,2332800
hardzero_plus_depr__c0p54__z1p05__lam0p030__nu0p50__psi1p00,hardzero_plus_depr,0.02,30,729,0.0,1,0.50513935,0.50513935,0.9708808,0.10693483,0.10693483,1.0,7.0003595e-13,6.5463793e-12,-25.678783,2.1359804,0.71199346,0.128,0.0,0.14725192,21.840086,21.870087,2336000
hardzero_plus_depr__c0p54__z1p05__lam0p030__nu0p50__psi1p00,hardzero_plus_depr,0.02,30,730,0.0,1,0.50513935,0.50513935,1.0472032,0.08970091,0.08970091,1.0,5.6986094e-13,6.3529004e-12,-27.607468,2.303893,0.76796436,0.18400002,0.0,0.16513346,21.870087,21.900087,2339200
hardzero_plus_depr__c0p54__z1p05__lam0p030__nu0p50__psi1p00,hardzero_plus_depr,0.02,30,731,0.0,1,0.50513935,0.50513935,0.999732,0.10006172,0.10006172,1.0,6.168945e-13,6.1651396e-12,-26.588737,2.1994543,0.73315144,0.17600001,0.0,0.1652162,21.900087,21.930088,2342400
hardzero_plus_depr__c0p54__z1p05__lam0p030__nu0p50__psi1p00,hardzero_plus_depr,0.02,30,732,0.0,1,0.50513935,0.50513935,1.0711819,0.0,0.08488249,0.0,0.0,5.9829277e-12,-27.899961,2.3566473,0.7855491,0.128,0.0,0.15815347,21.930088,21.960089,2345600
hardzero_plus_depr__c0p54__z1p05__lam0p030__nu0p50__psi1p00,hardzero_plus_depr,0.02,30,733,0.0,1,0.50513935,0.50513935,1.0682786,0.0,0.085451834,0.0,0.0,5.806101e-12,-27.478556,2.3502598,0.78341997,0.080000006,0.0,0.16684057,21.960089,21.99009,2348800
hardzero_plus_depr__c0p54__z1p05__lam0p030__nu0p50__psi1p00,hardzero_plus_depr,0.02,30,734,0.0,1,0.50513935,0.50513935,1.0567701,0.0,0.087746516,0.0,0.0,5.6345015e-12,-28.150908,2.3249407,0.77498025,0.14400001,0.0,0.16919681,21.99009,22.02009,2352000
hardzero_plus_depr__c0p54__z1p05__lam0p030__nu0p50__psi1p00,hardzero_plus_depr,0.02,30,735,0.0,1,0.50513935,0.50513935,1.089395,0.0,0.081396356,0.0,0.0,5.4679733e-12,-27.418888,2.396717,0.79890573,0.120000005,0.0,0.17023787,22.02009,22.05009,2355200
hardzero_plus_depr__c0p54__z1p05__lam0p030__nu0p50__psi1p00,hardzero_plus_depr,0.02,30,736,0.0,1,0.50513935,0.50513935,1.0193727,0.095637284,0.095637284,1.0,5.0748647e-13,5.3063665e-12,-27.240025,2.2426648,0.74755496,0.2,0.0,0.15599851,22.05009,22.080091,2358400
hardzero_plus_depr__c0p54__z1p05__lam0p030__nu0p50__psi1p00,hardzero_plus_depr,0.02,30,737,0.0,1,0.50513935,0.50513935,1.0379634,0.09162976,0.09162976,1.0,4.7185075e-13,5.149536e-12,-27.410677,2.283565,0.7611884,0.18400002,0.0,0.15353377,22.080091,22.110092,2361600
hardzero_plus_depr__c0p54__z1p05__lam0p030__nu0p50__psi1p00,hardzero_plus_depr,0.02,30,738,0.0,1,0.50513935,0.50513935,1.0519845,0.0,0.088718764,0.0,0.0,4.9973406e-12,-28.280588,2.314412,0.7714707,0.15200001,0.0,0.17855442,22.110092,22.140093,2364800
hardzero_plus_depr__c0p54__z1p05__lam0p030__nu0p50__psi1p00,hardzero_plus_depr,0.02,30,739,0.0,1,0.50513935,0.50513935,1.0113122,0.09742888,0.09742888,1.0,4.724954e-13,4.849644e-12,-27.282232,2.2249312,0.7416438,0.104,0.0,0.16126654,22.140093,22.170094,2368000
hardzero_plus_depr__c0p54__z1p05__lam0p030__nu0p50__psi1p00,hardzero_plus_depr,0.02,30,740,0.0,1,0.50513935,0.50513935,1.0165888,0.09625232,0.09625232,1.0,4.5299344e-13,4.7063117e-12,-27.662876,2.23654,0.7455134,0.128,0.0,0.15651658,22.170094,22.200094,2371200
hardzero_plus_depr__c0p54__z1p05__lam0p030__nu0p50__psi1p00,hardzero_plus_depr,0.02,30,741,0.0,1,0.50513935,0.50513935,1.0262249,0.0941402,0.0941402,1.0,4.2995864e-13,4.567216e-12,-27.235928,2.2577398,0.7525799,0.14999999,0.0,0.16217087,22.200094,22.230095,2374400
hardzero_plus_depr__c0p54__z1p05__lam0p030__nu0p50__psi1p00,hardzero_plus_depr,0.02,30,742,0.0,1,0.50513935,0.50513935,1.0096769,0.09779645,0.09779645,1.0,4.334565e-13,4.4322315e-12,-27.158504,2.2213335,0.74044454,0.14400001,0.0,0.15215996,22.230095,22.260096,2377600
hardzero_plus_depr__c0p54__z1p05__lam0p030__nu0p50__psi1p00,hardzero_plus_depr,0.02,30,743,0.0,1,0.50513935,0.50513935,1.0512542,0.0,0.08886809,0.0,0.0,4.3012365e-12,-27.347654,2.3128054,0.7709352,0.15200001,0.0,0.16259962,22.260096,22.290096,2380800
hardzero_plus_depr__c0p54__z1p05__lam0p030__nu0p50__psi1p00,hardzero_plus_depr,0.02,30,744,0.0,1,0.50513935,0.50513935,1.0882585,0.0,0.081609644,0.0,0.0,4.1741124e-12,-28.263102,2.3942165,0.7980722,0.136,0.0,0.16538998,22.290096,22.320097,2384000
hardzero_plus_depr__c0p54__z1p05__lam0p030__nu0p50__psi1p00,hardzero_plus_depr,0.02,30,745,0.0,1,0.50513935,0.50513935,1.0053117,0.09878438,0.09878438,1.0,4.0015045e-13,4.0507463e-12,-26.722116,2.21173,0.73724335,0.216,0.0,0.14328855,22.320097,22.350098,2387200
hardzero_plus_depr__c0p54__z1p05__lam0p030__nu0p50__psi1p00,hardzero_plus_depr,0.02,30,746,0.0,1,0.50513935,0.50513935,1.0322499,0.0928432,0.0928432,1.0,3.64969e-13,3.9310256e-12,-27.14201,2.2709951,0.7569984,0.18400002,0.0,0.15658937,22.350098,22.380098,2390400
hardzero_plus_depr__c0p54__z1p05__lam0p030__nu0p50__psi1p00,hardzero_plus_depr,0.02,30,747,0.0,1,0.50513935,0.50513935,0.9842455,0.10369421,0.10369421,1.0,3.955772e-13,3.814844e-12,-27.181625,2.1653833,0.7217945,0.16000001,0.0,0.14279988,22.380098,22.410099,2393600
hardzero_plus_depr__c0p54__z1p05__lam0p030__nu0p50__psi1p00,hardzero_plus_depr,0.02,30,748,0.0,1,0.50513935,0.50513935,1.0534399,0.0,0.08842196,0.0,0.0,3.702096e-12,-27.452938,2.317614,0.77253807,0.14400001,0.0,0.15353651,22.410099,22.4401,2396800
hardzero_plus_depr__c0p54__z1p05__lam0p030__nu0p50__psi1p00,hardzero_plus_depr,0.02,30,749,0.0,1,0.50513935,0.50513935,1.0077959,0.09822094,0.09822094,1.0,3.5287637e-13,3.5926798e-12,-26.4505,2.2171953,0.7390651,0.136,0.0,0.17351535,22.4401,22.4701,2400000
hardzero_plus_depr__c0p54__z1p05__lam0p030__nu0p50__psi1p00,hardzero_plus_depr,0.02,30,750,0.0,1,0.50513935,0.50513935,0.9631535,0.108854525,0.108854525,1.0,3.7952107e-13,3.4864978e-12,-26.36017,2.11898,0.70632666,0.192,0.0,0.14531021,22.4701,22.500101,2403200
hardzero_plus_depr__c0p54__z1p05__lam0p030__nu0p50__psi1p00,hardzero_plus_depr,0.02,30,751,0.0,1,0.50513935,0.50513935,1.0346823,0.09232467,0.09232467,1.0,3.1237624e-13,3.3834537e-12,-27.298374,2.2763464,0.75878215,0.120000005,0.0,0.1760259,22.500101,22.530102,2406400
hardzero_plus_depr__c0p54__z1p05__lam0p030__nu0p50__psi1p00,hardzero_plus_depr,0.02,30,752,0.0,1,0.50513935,0.50513935,1.0489503,0.089340754,0.089340754,1.0,2.9334637e-13,3.2834553e-12,-28.05484,2.3077369,0.7692456,0.128,0.0,0.19006902,22.530102,22.560102,2409600
hardzero_plus_depr__c0p54__z1p05__lam0p030__nu0p50__psi1p00,hardzero_plus_depr,0.02,30,753,0.0,1,0.50513935,0.50513935,0.9943084,0.101319164,0.101319164,1.0,3.2284464e-13,3.1864125e-12,-26.19438,2.1875222,0.7291741,0.2,0.0,0.14494824,22.560102,22.590103,2412800
hardzero_plus_depr__c0p54__z1p05__lam0p030__nu0p50__psi1p00,hardzero_plus_depr,0.02,30,754,0.0,1,0.50513935,0.50513935,1.0429982,0.090573646,0.090573646,1.0,2.8007523e-13,3.0922374e-12,-27.556559,2.2946417,0.7648806,0.13,0.0,0.16702294,22.590103,22.620104,2416000
hardzero_plus_depr__c0p54__z1p05__lam0p030__nu0p50__psi1p00,hardzero_plus_depr,0.02,30,755,0.0,1,0.50513935,0.50513935,1.0363672,0.091967165,0.091967165,1.0,2.759793e-13,3.0008459e-12,-27.657705,2.2800534,0.7600178,0.208,0.0,0.18219674,22.620104,22.650105,2419200
hardzero_plus_depr__c0p54__z1p05__lam0p030__nu0p50__psi1p00,hardzero_plus_depr,0.02,30,756,0.0,1,0.50513935,0.50513935,1.0180756,0.09592337,0.09592337,1.0,2.793438e-13,2.9121558e-12,-27.426176,2.239811,0.74660367,0.17600001,0.0,0.16571635,22.650105,22.680105,2422400
hardzero_plus_depr__c0p54__z1p05__lam0p030__nu0p50__psi1p00,hardzero_plus_depr,0.02,30,757,0.0,1,0.50513935,0.50513935,1.0641159,0.0,0.086274825,0.0,0.0,2.8260866e-12,-28.166656,2.3411016,0.78036726,0.2,0.0,0.18153475,22.680105,22.710106,2425600
hardzero_plus_depr__c0p54__z1p05__lam0p030__nu0p50__psi1p00,hardzero_plus_depr,0.02,30,758,0.0,1,0.50513935,0.50513935,1.0324545,0.09279948,0.09279948,1.0,2.5450825e-13,2.7425612e-12,-26.992113,2.2714453,0.75714844,0.16800001,0.0,0.1411763,22.710106,22.740107,2428800
hardzero_plus_depr__c0p54__z1p05__lam0p030__nu0p50__psi1p00,hardzero_plus_depr,0.02,30,759,0.0,1,0.50513935,0.50513935,1.0714676,0.0,0.084826656,0.0,0.0,2.6615043e-12,-27.86986,2.357276,0.7857587,0.104,0.0,0.15943922,22.740107,22.770107,2432000
hardzero_plus_depr__c0p54__z1p05__lam0p030__nu0p50__psi1p00,hardzero_plus_depr,0.02,30,760,0.0,1,0.50513935,0.50513935,0.96068525,0.10947495,0.10947495,1.0,2.8275662e-13,2.582843e-12,-25.625341,2.1135497,0.7045166,0.17600001,0.0,0.15683018,22.770107,22.800108,2435200
hardzero_plus_depr__c0p54__z1p05__lam0p030__nu0p50__psi1p00,hardzero_plus_depr,0.02,30,761,0.0,1,0.50513935,0.50513935,1.034231,0.092420645,0.092420645,1.0,2.31653e-13,2.506507e-12,-27.306658,2.2753534,0.75845116,0.16000001,0.0,0.16148077,22.800108,22.830109,2438400
hardzero_plus_depr__c0p54__z1p05__lam0p030__nu0p50__psi1p00,hardzero_plus_depr,0.02,30,762,0.0,1,0.50513935,0.50513935,1.0287656,0.09359108,0.09359108,1.0,2.2765348e-13,2.432427e-12,-26.64796,2.2633295,0.75444317,0.136,0.0,0.1637471,22.830109,22.86011,2441600
hardzero_plus_depr__c0p54__z1p05__lam0p030__nu0p50__psi1p00,hardzero_plus_depr,0.02,30,763,0.0,1,0.50513935,0.50513935,1.051923,0.0,0.088731326,0.0,0.0,2.3605358e-12,-28.341784,2.314277,0.77142566,0.104,0.0,0.18478426,22.86011,22.89011,2444800
hardzero_plus_depr__c0p54__z1p05__lam0p030__nu0p50__psi1p00,hardzero_plus_depr,0.02,30,764,0.0,1,0.50513935,0.50513935,0.9979297,0.10047783,0.10047783,1.0,2.3017162e-13,2.2907702e-12,-26.580715,2.1954892,0.73182976,0.14400001,0.0,0.1510015,22.89011,22.92011,2448000
hardzero_plus_depr__c0p54__z1p05__lam0p030__nu0p50__psi1p00,hardzero_plus_depr,0.02,30,765,0.0,1,0.50513935,0.50513935,1.0540142,0.0,0.0883051,0.0,0.0,2.2230663e-12,-27.346928,2.3188775,0.7729592,0.104,0.0,0.13986894,22.92011,22.950111,2451200
hardzero_plus_depr__c0p54__z1p05__lam0p030__nu0p50__psi1p00,hardzero_plus_depr,0.02,30,766,0.0,1,0.50513935,0.50513935,1.0471535,0.089711174,0.089711174,1.0,1.9353957e-13,2.157363e-12,-28.580004,2.3037837,0.7679279,0.2,0.0,0.15682557,22.950111,22.980112,2454400
hardzero_plus_depr__c0p54__z1p05__lam0p030__nu0p50__psi1p00,hardzero_plus_depr,0.02,30,767,0.0,1,0.50513935,0.50513935,1.0145378,0.096707955,0.096707955,1.0,2.0246797e-13,2.093602e-12,-26.938532,2.2320278,0.74400926,0.16,0.0,0.16775417,22.980112,23.010113,2457600
hardzero_plus_depr__c0p54__z1p05__lam0p030__nu0p50__psi1p00,hardzero_plus_depr,0.02,30,768,0.0,1,0.50513935,0.50513935,0.99350536,0.101506695,0.101506695,1.0,2.0623374e-13,2.0317255e-12,-26.34123,2.1857555,0.7285852,0.16000001,0.0,0.12769128,23.010113,23.040113,2460800
hardzero_plus_depr__c0p54__z1p05__lam0p030__nu0p50__psi1p00,hardzero_plus_depr,0.02,30,769,0.0,1,0.50513935,0.50513935,1.0089843,0.09795254,0.09795254,1.0,1.931308e-13,1.9716774e-12,-27.571833,2.2198098,0.7399366,0.14400001,0.0,0.17484829,23.040113,23.070114,2464000
hardzero_plus_depr__c0p54__z1p05__lam0p030__nu0p50__psi1p00,hardzero_plus_depr,0.02,30,770,0.0,1,0.50513935,0.50513935,1.0847213,0.0,0.08227703,0.0,0.0,1.9134043e-12,-28.699322,2.3864346,0.7954782,0.112,0.0,0.14648488,23.070114,23.100115,2467200
hardzero_plus_depr__c0p54__z1p05__lam0p030__nu0p50__psi1p00,hardzero_plus_depr,0.02,30,771,0.0,1,0.50513935,0.50513935,0.9988132,0.10027365,0.10027365,1.0,1.8619344e-13,1.8568532e-12,-26.462702,2.197433,0.73247766,0.14400001,0.0,0.15742102,23.100115,23.130116,2470400
hardzero_plus_depr__c0p54__z1p05__lam0p030__nu0p50__psi1p00,hardzero_plus_depr,0.02,30,772,0.0,1,0.50513935,0.50513935,1.0366231,0.09191298,0.09191298,1.0,1.6562478e-13,1.8019738e-12,-26.759228,2.2806165,0.7602055,0.112,0.0,0.16156368,23.130116,23.160116,2473600
hardzero_plus_depr__c0p54__z1p05__lam0p030__nu0p50__psi1p00,hardzero_plus_depr,0.02,30,773,0.0,1,0.50513935,0.50513935,1.0248417,0.09444052,0.09444052,1.0,1.6514967e-13,1.7487163e-12,-27.56479,2.2546966,0.7515656,0.16800001,0.008,0.16949175,23.160116,23.190117,2476800
hardzero_plus_depr__c0p54__z1p05__lam0p030__nu0p50__psi1p00,hardzero_plus_depr,0.02,30,774,0.0,1,0.50513935,0.50513935,1.0013808,0.09968257,0.09968257,1.0,1.6916457e-13,1.6970326e-12,-27.194517,2.2030818,0.73436064,0.18400002,0.0,0.12810338,23.190117,23.220118,2480000
hardzero_plus_depr__c0p54__z1p05__lam0p030__nu0p50__psi1p00,hardzero_plus_depr,0.02,30,775,0.0,1,0.50513935,0.50513935,1.0342104,0.092425,0.092425,1.0,1.5221257e-13,1.6468765e-12,-26.988766,2.2753084,0.75843614,0.15200001,0.0,0.16604604,23.220118,23.250118,2483200
hardzero_plus_depr__c0p54__z1p05__lam0p030__nu0p50__psi1p00,hardzero_plus_depr,0.02,30,776,0.0,1,0.50513935,0.50513935,0.98025584,0.10465118,0.10465118,1.0,1.6725382e-13,1.5982029e-12,-26.81547,2.156606,0.7188687,0.24000001,0.0,0.12313914,23.250118,23.280119,2486400
hardzero_plus_depr__c0p54__z1p05__lam0p030__nu0p50__psi1p00,hardzero_plus_depr,0.02,30,777,0.0,1,0.50513935,0.50513935,0.9968202,0.10073487,0.10073487,1.0,1.5623654e-13,1.5509679e-12,-26.388216,2.1930482,0.7310161,0.16800001,0.0,0.14676681,23.280119,23.31012,2489600
hardzero_plus_depr__c0p54__z1p05__lam0p030__nu0p50__psi1p00,hardzero_plus_depr,0.02,30,778,0.0,1,0.50513935,0.50513935,1.0028363,0.09934902,0.09934902,1.0,1.4953307e-13,1.5051288e-12,-26.381096,2.206284,0.73542804,0.16800001,0.0,0.15981826,23.31012,23.34012,2492800
hardzero_plus_depr__c0p54__z1p05__lam0p030__nu0p50__psi1p00,hardzero_plus_depr,0.02,30,779,0.0,1,0.50513935,0.50513935,1.023284,0.094779864,0.094779864,1.0,1.384397e-13,1.4606446e-12,-27.365746,2.2512696,0.7504232,0.16000001,0.008,0.15510027,23.34012,23.370121,2496000
hardzero_plus_depr__c0p54__z1p05__lam0p030__nu0p50__psi1p00,hardzero_plus_depr,0.02,30,780,0.0,1,0.50513935,0.50513935,1.0129248,0.09706781,0.09706781,1.0,1.3759118e-13,1.4174749e-12,-27.40014,2.228479,0.74282634,0.22,0.0,0.16009097,23.370121,23.400122,2499200
hardzero_plus_depr__c0p54__z1p05__lam0p030__nu0p50__psi1p00,hardzero_plus_depr,0.02,30,781,0.0,1,0.50513935,0.50513935,1.0203838,0.095414884,0.095414884,1.0,1.3125093e-13,1.3755813e-12,-26.591017,2.2448893,0.74829644,0.136,0.0,0.15862155,23.400122,23.430122,2502400
hardzero_plus_depr__c0p54__z1p05__lam0p030__nu0p50__psi1p00,hardzero_plus_depr,0.02,30,782,0.0,1,0.50513935,0.50513935,1.0240172,0.09461997,0.09461997,1.0,1.2631064e-13,1.3349259e-12,-27.465315,2.252883,0.750961,0.18400002,0.0,0.19851665,23.430122,23.460123,2505600
hardzero_plus_depr__c0p54__z1p05__lam0p030__nu0p50__psi1p00,hardzero_plus_depr,0.02,30,783,0.0,1,0.50513935,0.50513935,1.0485975,0.08941338,0.08941338,1.0,1.1583251e-13,1.2954719e-12,-27.911774,2.3069606,0.7689869,0.15200001,0.0,0.1691911,23.460123,23.490124,2508800
hardzero_plus_depr__c0p54__z1p05__lam0p030__nu0p50__psi1p00,hardzero_plus_depr,0.02,30,784,0.0,1,0.50513935,0.50513935,1.0624312,0.0,0.08661014,0.0,0.0,1.257184e-12,-27.889645,2.3373954,0.7791318,0.208,0.0,0.17784867,23.490124,23.520124,2512000
hardzero_plus_depr__c0p54__z1p05__lam0p030__nu0p50__psi1p00,hardzero_plus_depr,0.02,30,785,0.0,1,0.50513935,0.50513935,1.0252718,0.09434703,0.09434703,1.0,1.1510599e-13,1.2200278e-12,-27.33887,2.255643,0.751881,0.18400002,0.0,0.16220593,23.520124,23.550125,2515200
hardzero_plus_depr__c0p54__z1p05__lam0p030__nu0p50__psi1p00,hardzero_plus_depr,0.02,30,786,0.0,1,0.50513935,0.50513935,1.0494555,0.08923689,0.08923689,1.0,1.05653774e-13,1.1839697e-12,-27.89278,2.3088481,0.76961607,0.096,0.0,0.15891281,23.550125,23.580126,2518400
hardzero_plus_depr__c0p54__z1p05__lam0p030__nu0p50__psi1p00,hardzero_plus_depr,0.02,30,787,0.0,1,0.50513935,0.50513935,1.0678146,0.0,0.08554318,0.0,0.0,1.1489773e-12,-27.650005,2.3492389,0.7830796,0.104,0.0,0.17759477,23.580126,23.610126,2521600
hardzero_plus_depr__c0p54__z1p05__lam0p030__nu0p50__psi1p00,hardzero_plus_depr,0.02,30,788,0.0,1,0.50513935,0.50513935,1.0394512,0.09131639,0.09131639,1.0,1.0181953e-13,1.1150192e-12,-27.636215,2.2868383,0.76227945,0.16000001,0.0,0.14918569,23.610126,23.640127,2524800
hardzero_plus_depr__c0p54__z1p05__lam0p030__nu0p50__psi1p00,hardzero_plus_depr,0.02,30,789,0.0,1,0.50513935,0.50513935,0.9927899,0.101674035,0.101674035,1.0,1.10017884e-13,1.0820647e-12,-27.780619,2.1841815,0.7280605,0.18400002,0.0,0.1775725,23.640127,23.670128,2528000
hardzero_plus_depr__c0p54__z1p05__lam0p030__nu0p50__psi1p00,hardzero_plus_depr,0.02,30,790,0.0,1,0.50513935,0.50513935,1.027644,0.093833074,0.093833074,1.0,9.853262e-14,1.0500841e-12,-27.657822,2.260862,0.75362074,0.208,0.0,0.16356722,23.670128,23.700129,2531200
hardzero_plus_depr__c0p54__z1p05__lam0p030__nu0p50__psi1p00,hardzero_plus_depr,0.02,30,791,0.0,1,0.50513935,0.50513935,1.1175512,0.0,0.076286696,0.0,0.0,1.0190487e-12,-28.921747,2.4586618,0.819554,0.112,0.0,0.16749251,23.700129,23.73013,2534400
hardzero_plus_depr__c0p54__z1p05__lam0p030__nu0p50__psi1p00,hardzero_plus_depr,0.02,30,792,0.0,1,0.50513935,0.50513935,1.0836812,0.0,0.08247432,0.0,0.0,9.889305e-13,-27.26358,2.3841462,0.7947154,0.14400001,0.0,0.17980956,23.73013,23.76013,2537600
hardzero_plus_depr__c0p54__z1p05__lam0p030__nu0p50__psi1p00,hardzero_plus_depr,0.02,30,793,0.0,1,0.50513935,0.50513935,0.9632339,0.108834386,0.108834386,1.0,1.0444864e-13,9.597026e-13,-26.416649,2.1191568,0.7063856,0.19,0.0,0.14609098,23.76013,23.79013,2540800
hardzero_plus_depr__c0p54__z1p05__lam0p030__nu0p50__psi1p00,hardzero_plus_depr,0.02,30,794,0.0,1,0.50513935,0.50513935,1.0209969,0.09528029,0.09528029,1.0,8.8738194e-14,9.313384e-13,-26.583256,2.246238,0.74874604,0.18400002,0.0,0.18243317,23.79013,23.820131,2544000
hardzero_plus_depr__c0p54__z1p05__lam0p030__nu0p50__psi1p00,hardzero_plus_depr,0.02,30,795,0.0,1,0.50513935,0.50513935,1.0468277,0.08977849,0.08977849,1.0,8.114293e-14,9.038126e-13,-27.642584,2.303067,0.767689,0.136,0.0,0.18633029,23.820131,23.850132,2547200
hardzero_plus_depr__c0p54__z1p05__lam0p030__nu0p50__psi1p00,hardzero_plus_depr,0.02,30,796,0.0,1,0.50513935,0.50513935,1.0282621,0.093699634,0.093699634,1.0,8.218398e-14,8.771003e-13,-27.42028,2.2622218,0.754074,0.192,0.0,0.17646937,23.850132,23.880133,2550400
hardzero_plus_depr__c0p54__z1p05__lam0p030__nu0p50__psi1p00,hardzero_plus_depr,0.02,30,797,0.0,1,0.50513935,0.50513935,1.0357213,0.09210405,0.09210405,1.0,7.8396884e-14,8.511774e-13,-27.334244,2.2786324,0.75954413,0.136,0.0,0.1583186,23.880133,23.910133,2553600
hardzero_plus_depr__c0p54__z1p05__lam0p030__nu0p50__psi1p00,hardzero_plus_depr,0.02,30,798,0.0,1,0.50513935,0.50513935,1.0465336,0.08983932,0.08983932,1.0,7.4209146e-14,8.2602084e-13,-27.381805,2.30242,0.76747334,0.136,0.0,0.16994566,23.910133,23.940134,2556800
hardzero_plus_depr__c0p54__z1p05__lam0p030__nu0p50__psi1p00,hardzero_plus_depr,0.02,30,799,0.0,1,0.50513935,0.50513935,1.0477268,0.08959282,0.08959282,1.0,7.18183e-14,8.016077e-13,-27.875895,2.305045,0.76834834,0.128,0.0,0.16610304,23.940134,23.970135,2560000
hardzero_plus_depr__c0p54__z1p05__lam0p030__nu0p50__psi1p00,hardzero_plus_depr,0.02,30,800,0.0,1,0.50513935,0.50513935,1.0428939,0.090595394,0.090595394,1.0,7.047561e-14,7.7791603e-13,-27.6789,2.2944124,0.7648041,0.17600001,0.0,0.18437305,23.970135,24.000135,2563200
hardzero_plus_depr__c0p54__z1p05__lam0p030__nu0p50__psi1p00,hardzero_plus_depr,0.02,30,801,0.0,1,0.50513935,0.50513935,1.040065,0.091187425,0.091187425,1.0,6.8839635e-14,7.5492466e-13,-27.059544,2.2881887,0.7627296,0.14400001,0.008,0.17190713,24.000135,24.030136,2566400
hardzero_plus_depr__c0p54__z1p05__lam0p030__nu0p50__psi1p00,hardzero_plus_depr,0.02,30,802,0.0,1,0.50513935,0.50513935,1.0446995,0.0902195,0.0902195,1.0,6.609595e-14,7.326127e-13,-27.227633,2.298385,0.7661283,0.128,0.0,0.13849226,24.030136,24.060137,2569600
hardzero_plus_depr__c0p54__z1p05__lam0p030__nu0p50__psi1p00,hardzero_plus_depr,0.02,30,803,0.0,1,0.50513935,0.50513935,1.0546663,0.0,0.08817261,0.0,0.0,7.109603e-13,-27.472265,2.3203123,0.77343744,0.136,0.0,0.15970017,24.060137,24.090137,2572800
hardzero_plus_depr__c0p54__z1p05__lam0p030__nu0p50__psi1p00,hardzero_plus_depr,0.02,30,804,0.0,1,0.50513935,0.50513935,1.0493528,0.08925802,0.08925802,1.0,6.158338e-14,6.8994783e-13,-27.71031,2.3086221,0.7695407,0.120000005,0.0,0.1545135,24.090137,24.120138,2576000
hardzero_plus_depr__c0p54__z1p05__lam0p030__nu0p50__psi1p00,hardzero_plus_depr,0.02,30,805,0.0,1,0.50513935,0.50513935,1.0388322,0.09144665,0.09144665,1.0,6.122868e-14,6.6955626e-13,-28.069067,2.2854764,0.7618255,0.192,0.0,0.18880314,24.120138,24.150139,2579200
hardzero_plus_depr__c0p54__z1p05__lam0p030__nu0p50__psi1p00,hardzero_plus_depr,0.02,30,806,0.0,1,0.50513935,0.50513935,0.9972665,0.10063141,0.10063141,1.0,6.538701e-14,6.4976746e-13,-26.836962,2.19403,0.7313434,0.17999999,0.0,0.1564325,24.150139,24.18014,2582400
hardzero_plus_depr__c0p54__z1p05__lam0p030__nu0p50__psi1p00,hardzero_plus_depr,0.02,30,807,0.0,1,0.50513935,0.50513935,1.0102423,0.0976692,0.0976692,1.0,6.1586634e-14,6.305635e-13,-27.242775,2.2225776,0.7408592,0.15200001,0.0,0.15152998,24.18014,24.21014,2585600
hardzero_plus_depr__c0p54__z1p05__lam0p030__nu0p50__psi1p00,hardzero_plus_depr,0.02,30,808,0.0,1,0.50513935,0.50513935,1.0574844,0.0,0.087602325,0.0,0.0,6.1192707e-13,-28.566706,2.326512,0.77550405,0.18400002,0.0,0.14835994,24.21014,24.24014,2588800
hardzero_plus_depr__c0p54__z1p05__lam0p030__nu0p50__psi1p00,hardzero_plus_depr,0.02,30,809,0.0,1,0.50513935,0.50513935,1.0540906,0.0,0.08828957,0.0,0.0,5.938415e-13,-28.001444,2.3190458,0.77301526,0.096,0.0,0.17375007,24.24014,24.270142,2592000
hardzero_plus_depr__c0p54__z1p05__lam0p030__nu0p50__psi1p00,hardzero_plus_depr,0.02,30,810,0.0,1,0.50513935,0.50513935,1.0252472,0.094352365,0.094352365,1.0,5.4374365e-14,5.762904e-13,-27.704613,2.255589,0.751863,0.120000005,0.0,0.16247243,24.270142,24.300142,2595200
hardzero_plus_depr__c0p54__z1p05__lam0p030__nu0p50__psi1p00,hardzero_plus_depr,0.02,30,811,0.0,1,0.50513935,0.50513935,1.0294759,0.09343811,0.09343811,1.0,5.225602e-14,5.592581e-13,-26.505936,2.2648923,0.7549641,0.120000005,0.0,0.17880037,24.300142,24.330143,2598400
hardzero_plus_depr__c0p54__z1p05__lam0p030__nu0p50__psi1p00,hardzero_plus_depr,0.02,30,812,0.0,1,0.50513935,0.50513935,1.047487,0.08964231,0.08964231,1.0,4.865149e-14,5.427291e-13,-27.207884,2.3045175,0.7681725,0.104,0.0,0.1488556,24.330143,24.360144,2601600
hardzero_plus_depr__c0p54__z1p05__lam0p030__nu0p50__psi1p00,hardzero_plus_depr,0.02,30,813,0.0,1,0.50513935,0.50513935,1.0544649,0.0,0.0882135,0.0,0.0,5.266887e-13,-28.037666,2.3198693,0.7732898,0.16800001,0.0,0.182156,24.360144,24.390144,2604800
hardzero_plus_depr__c0p54__z1p05__lam0p030__nu0p50__psi1p00,hardzero_plus_depr,0.02,30,814,0.0,1,0.50513935,0.50513935,1.0122371,0.09722164,0.09722164,1.0,4.969216e-14,5.111224e-13,-26.92266,2.2269661,0.7423221,0.16800001,0.0,0.16970474,24.390144,24.420145,2608000
hardzero_plus_depr__c0p54__z1p05__lam0p030__nu0p50__psi1p00,hardzero_plus_depr,0.02,30,815,0.0,1,0.50513935,0.50513935,1.033869,0.09249771,0.09249771,1.0,4.5880346e-14,4.9601604e-13,-27.150042,2.2745574,0.7581858,0.14400001,0.0,0.16161653,24.420145,24.450146,2611200
hardzero_plus_depr__c0p54__z1p05__lam0p030__nu0p50__psi1p00,hardzero_plus_depr,0.02,30,816,0.0,1,0.50513935,0.50513935,1.0219809,0.095064655,0.095064655,1.0,4.575997e-14,4.813563e-13,-27.730652,2.2484028,0.7494676,0.15200001,0.0,0.16560306,24.450146,24.480146,2614400
hardzero_plus_depr__c0p54__z1p05__lam0p030__nu0p50__psi1p00,hardzero_plus_depr,0.02,30,817,0.0,1,0.50513935,0.50513935,1.0189769,0.0957245,0.0957245,1.0,4.4715757e-14,4.671297e-13,-27.17456,2.241794,0.74726474,0.192,0.0,0.14614953,24.480146,24.510147,2617600
hardzero_plus_depr__c0p54__z1p05__lam0p030__nu0p50__psi1p00,hardzero_plus_depr,0.02,30,818,0.0,1,0.50513935,0.50513935,1.0623949,0.0,0.08661741,0.0,0.0,4.5332363e-13,-27.548697,2.3373153,0.7791051,0.16000001,0.0,0.16309799,24.510147,24.540148,2620800
hardzero_plus_depr__c0p54__z1p05__lam0p030__nu0p50__psi1p00,hardzero_plus_depr,0.02,30,819,0.0,1,0.50513935,0.50513935,1.0481523,0.08950507,0.08950507,1.0,3.937557e-14,4.3992558e-13,-27.153177,2.3059812,0.7686604,0.19,0.0,0.17040744,24.540148,24.570148,2624000
hardzero_plus_depr__c0p54__z1p05__lam0p030__nu0p50__psi1p00,hardzero_plus_depr,0.02,30,820,0.0,1,0.50513935,0.50513935,1.0668616,0.0,0.0857311,0.0,0.0,4.2692352e-13,-27.592783,2.3471425,0.7823808,0.16000001,0.0,0.161284,24.570148,24.60015,2627200
hardzero_plus_depr__c0p54__z1p05__lam0p030__nu0p50__psi1p00,hardzero_plus_depr,0.02,30,821,0.0,1,0.50513935,0.50513935,0.9994025,0.10013766,0.10013766,1.0,4.148761e-14,4.1430577e-13,-26.969875,2.1987295,0.73290986,0.16800001,0.0,0.16316298,24.60015,24.63015,2630400
hardzero_plus_depr__c0p54__z1p05__lam0p030__nu0p50__psi1p00,hardzero_plus_depr,0.02,30,822,0.0,1,0.50513935,0.50513935,0.9879748,0.10280758,0.10280758,1.0,4.1334906e-14,4.0206087e-13,-26.125381,2.173588,0.7245294,0.136,0.0,0.13643189,24.63015,24.66015,2633600
hardzero_plus_depr__c0p54__z1p05__lam0p030__nu0p50__psi1p00,hardzero_plus_depr,0.02,30,823,0.0,1,0.50513935,0.50513935,1.0393355,0.091340736,0.091340736,1.0,3.5639138e-14,3.901779e-13,-27.888943,2.2865837,0.7621946,0.128,0.0,0.19603631,24.66015,24.690151,2636800
hardzero_plus_depr__c0p54__z1p05__lam0p030__nu0p50__psi1p00,hardzero_plus_depr,0.02,30,824,0.0,1,0.50513935,0.50513935,1.0752574,0.0,0.08408965,0.0,0.0,3.7864617e-13,-28.143261,2.3656135,0.78853786,0.14400001,0.0,0.14896485,24.690151,24.720152,2640000
hardzero_plus_depr__c0p54__z1p05__lam0p030__nu0p50__psi1p00,hardzero_plus_depr,0.02,30,825,0.0,1,0.50513935,0.50513935,1.0473344,0.089673795,0.089673795,1.0,3.2951103e-14,3.6745523e-13,-27.472313,2.3041818,0.7680606,0.16800001,0.0,0.18058111,24.720152,24.750153,2643200
hardzero_plus_depr__c0p54__z1p05__lam0p030__nu0p50__psi1p00,hardzero_plus_depr,0.02,30,826,0.0,1,0.50513935,0.50513935,1.018194,0.09589721,0.09589721,1.0,3.4196472e-14,3.5659507e-13,-27.066061,2.2400715,0.7466905,0.16000001,0.0,0.14426498,24.750153,24.780153,2646400
hardzero_plus_depr__c0p54__z1p05__lam0p030__nu0p50__psi1p00,hardzero_plus_depr,0.02,30,827,0.0,1,0.50513935,0.50513935,1.0395033,0.09130544,0.09130544,1.0,3.159678e-14,3.460558e-13,-27.047846,2.286953,0.76231766,0.17600001,0.0,0.15878633,24.780153,24.810154,2649600
hardzero_plus_depr__c0p54__z1p05__lam0p030__nu0p50__psi1p00,hardzero_plus_depr,0.02,30,828,0.0,1,0.50513935,0.50513935,1.0401733,0.0911647,0.0911647,1.0,3.0615667e-14,3.358281e-13,-27.209597,2.2884269,0.762809,0.15200001,0.0,0.1822964,24.810154,24.840155,2652800
hardzero_plus_depr__c0p54__z1p05__lam0p030__nu0p50__psi1p00,hardzero_plus_depr,0.02,30,829,0.0,1,0.50513935,0.50513935,1.0495906,0.089209154,0.089209154,1.0,2.9073498e-14,3.2590263e-13,-27.908924,2.3091455,0.7697152,0.192,0.0,0.17398232,24.840155,24.870155,2656000
hardzero_plus_depr__c0p54__z1p05__lam0p030__nu0p50__psi1p00,hardzero_plus_depr,0.02,30,830,0.0,1,0.50513935,0.50513935,1.0002651,0.09993898,0.09993898,1.0,3.160776e-14,3.1627058e-13,-27.042347,2.200627,0.7335424,0.2,0.0,0.17724407,24.870155,24.900156,2659200
hardzero_plus_depr__c0p54__z1p05__lam0p030__nu0p50__psi1p00,hardzero_plus_depr,0.02,30,831,0.0,1,0.50513935,0.50513935,1.0462149,0.089905255,0.089905255,1.0,2.7594004e-14,3.0692316e-13,-27.075098,2.3017187,0.7672396,0.136,0.0,0.15145703,24.900156,24.930157,2662400
hardzero_plus_depr__c0p54__z1p05__lam0p030__nu0p50__psi1p00,hardzero_plus_depr,0.02,30,832,0.0,1,0.50513935,0.50513935,1.1030374,0.0,0.07887923,0.0,0.0,2.9785197e-13,-28.542826,2.4267306,0.80891025,0.07,0.0,0.15437144,24.930157,24.960157,2665600
hardzero_plus_depr__c0p54__z1p05__lam0p030__nu0p50__psi1p00,hardzero_plus_depr,0.02,30,833,0.0,1,0.50513935,0.50513935,0.9942121,0.10134163,0.10134163,1.0,2.929269e-14,2.8904892e-13,-26.863234,2.1873102,0.72910345,0.18400002,0.0,0.14892977,24.960157,24.990158,2668800
hardzero_plus_depr__c0p54__z1p05__lam0p030__nu0p50__psi1p00,hardzero_plus_depr,0.02,30,834,0.0,1,0.50513935,0.50513935,1.0742841,0.0,0.084278345,0.0,0.0,2.8050606e-13,-28.261118,2.3634722,0.7878241,0.08800001,0.0,0.15061176,24.990158,25.020159,2672000
hardzero_plus_depr__c0p54__z1p05__lam0p030__nu0p50__psi1p00,hardzero_plus_depr,0.02,30,835,0.0,1,0.50513935,0.50513935,1.0216569,0.09513562,0.09513562,1.0,2.5897406e-14,2.7221565e-13,-26.984692,2.24769,0.74923,0.2,0.016,0.14940715,25.020159,25.05016,2675200
hardzero_plus_depr__c0p54__z1p05__lam0p030__nu0p50__psi1p00,hardzero_plus_depr,0.02,30,836,0.0,1,0.50513935,0.50513935,1.0762604,0.0,0.08389566,0.0,0.0,2.641703e-13,-28.8098,2.3678203,0.78927344,0.112,0.0,0.15779664,25.05016,25.08016,2678400
hardzero_plus_depr__c0p54__z1p05__lam0p030__nu0p50__psi1p00,hardzero_plus_depr,0.02,30,837,0.0,1,0.50513935,0.50513935,0.981273,0.10440638,0.10440638,1.0,2.67659e-14,2.563627e-13,-25.654661,2.1588438,0.7196146,0.24800001,0.0,0.16867086,25.08016,25.11016,2681600
hardzero_plus_depr__c0p54__z1p05__lam0p030__nu0p50__psi1p00,hardzero_plus_depr,0.02,30,838,0.0,1,0.50513935,0.50513935,1.0543711,0.0,0.08823256,0.0,0.0,2.4878586e-13,-27.523087,2.3196628,0.77322096,0.120000005,0.0,0.17635173,25.11016,25.140162,2684800
hardzero_plus_depr__c0p54__z1p05__lam0p030__nu0p50__psi1p00,hardzero_plus_depr,0.02,30,839,0.0,1,0.50513935,0.50513935,1.0315797,0.09298657,0.09298657,1.0,2.2450026e-14,2.4143299e-13,-26.917137,2.2695208,0.7565069,0.16000001,0.0,0.17306419,25.140162,25.170162,2688000
hardzero_plus_depr__c0p54__z1p05__lam0p030__nu0p50__psi1p00,hardzero_plus_depr,0.02,30,840,0.0,1,0.50513935,0.50513935,1.0202663,0.09544071,0.09544071,1.0,2.2361509e-14,2.342974e-13,-27.634281,2.2446306,0.7482102,0.136,0.0,0.16468766,25.170162,25.200163,2691200
hardzero_plus_depr__c0p54__z1p05__lam0p030__nu0p50__psi1p00,hardzero_plus_depr,0.02,30,841,0.0,1,0.50513935,0.50513935,1.0235461,0.09472266,0.09472266,1.0,2.1537346e-14,2.2737269e-13,-27.1176,2.2518463,0.7506155,0.136,0.0,0.15676858,25.200163,25.230164,2694400
hardzero_plus_depr__c0p54__z1p05__lam0p030__nu0p50__psi1p00,hardzero_plus_depr,0.02,30,842,0.0,1,0.50513935,0.50513935,0.99726886,0.10063086,0.10063086,1.0,2.2204466e-14,2.2065265e-13,-26.798075,2.1940353,0.7313451,0.128,0.0,0.1385743,25.230164,25.260164,2697600
hardzero_plus_depr__c0p54__z1p05__lam0p030__nu0p50__psi1p00,hardzero_plus_depr,0.02,30,843,0.0,1,0.50513935,0.50513935,1.0680753,0.0,0.085491836,0.0,0.0,2.1413124e-13,-28.99432,2.3498125,0.78327084,0.192,0.0,0.18508789,25.260164,25.290165,2700800
hardzero_plus_depr__c0p54__z1p05__lam0p030__nu0p50__psi1p00,hardzero_plus_depr,0.02,30,844,0.0,1,0.50513935,0.50513935,1.0485876,0.08941542,0.08941542,1.0,1.8580755e-14,2.0780257e-13,-27.711805,2.3069386,0.76897955,0.104,0.0,0.1667312,25.290165,25.320166,2704000
hardzero_plus_depr__c0p54__z1p05__lam0p030__nu0p50__psi1p00,hardzero_plus_depr,0.02,30,845,0.0,1,0.50513935,0.50513935,0.98994416,0.10234246,0.10234246,1.0,2.0638474e-14,2.0166093e-13,-27.180271,2.1779206,0.72597355,0.19,0.0,0.15022515,25.320166,25.350166,2707200
hardzero_plus_depr__c0p54__z1p05__lam0p030__nu0p50__psi1p00,hardzero_plus_depr,0.02,30,846,0.0,1,0.50513935,0.50513935,1.0232316,0.09479127,0.09479127,1.0,1.855073e-14,1.9570082e-13,-27.618185,2.2511544,0.7503848,0.18400002,0.0,0.15519525,25.350166,25.380167,2710400
hardzero_plus_depr__c0p54__z1p05__lam0p030__nu0p50__psi1p00,hardzero_plus_depr,0.02,30,847,0.0,1,0.50513935,0.50513935,1.0405486,0.09108595,0.09108595,1.0,1.7298756e-14,1.8991685e-13,-27.030682,2.2892525,0.7630842,0.16000001,0.0,0.1575497,25.380167,25.410168,2713600
hardzero_plus_depr__c0p54__z1p05__lam0p030__nu0p50__psi1p00,hardzero_plus_depr,0.02,30,848,0.0,1,0.50513935,0.50513935,1.0486115,0.08941048,0.08941048,1.0,1.6478694e-14,1.8430384e-13,-27.718927,2.3069913,0.76899713,0.15200001,0.0,0.1491457,25.410168,25.440168,2716800
hardzero_plus_depr__c0p54__z1p05__lam0p030__nu0p50__psi1p00,hardzero_plus_depr,0.02,30,849,0.0,1,0.50513935,0.50513935,1.0293758,0.09345966,0.09345966,1.0,1.6715887e-14,1.7885671e-13,-26.924416,2.264672,0.7548907,0.136,0.0,0.17095824,25.440168,25.47017,2720000
hardzero_plus_depr__c0p54__z1p05__lam0p030__nu0p50__psi1p00,hardzero_plus_depr,0.02,30,850,0.0,1,0.50513935,0.50513935,0.9865266,0.10315099,0.10315099,1.0,1.7903978e-14,1.7357058e-13,-26.410173,2.1704018,0.7234673,0.17600001,0.0,0.14526774,25.47017,25.50017,2723200
hardzero_plus_depr__c0p54__z1p05__lam0p030__nu0p50__psi1p00,hardzero_plus_depr,0.02,30,851,0.0,1,0.50513935,0.50513935,1.0170012,0.09616096,0.09616096,1.0,1.6197418e-14,1.6844069e-13,-27.674545,2.2374473,0.74581575,0.192,0.0,0.17571959,25.50017,25.53017,2726400
hardzero_plus_depr__c0p54__z1p05__lam0p030__nu0p50__psi1p00,hardzero_plus_depr,0.02,30,852,0.0,1,0.50513935,0.50513935,1.0351268,0.0922302,0.0922302,1.0,1.5076168e-14,1.6346238e-13,-26.957792,2.2773244,0.7591082,0.15200001,0.0,0.18067639,25.53017,25.560171,2729600
hardzero_plus_depr__c0p54__z1p05__lam0p030__nu0p50__psi1p00,hardzero_plus_depr,0.02,30,853,0.0,1,0.50513935,0.50513935,1.0225126,0.09494836,0.09494836,1.0,1.5061776e-14,1.5863123e-13,-27.268438,2.2495725,0.74985754,0.16000001,0.0,0.1691644,25.560171,25.590172,2732800
hardzero_plus_depr__c0p54__z1p05__lam0p030__nu0p50__psi1p00,hardzero_plus_depr,0.02,30,854,0.0,1,0.50513935,0.50513935,0.9851941,0.10346797,0.10346797,1.0,1.5928155e-14,1.5394286e-13,-26.400743,2.1674702,0.7224901,0.18400002,0.0,0.14814654,25.590172,25.620173,2736000
hardzero_plus_depr__c0p54__z1p05__lam0p030__nu0p50__psi1p00,hardzero_plus_depr,0.02,30,855,0.0,1,0.50513935,0.50513935,1.0719926,0.0,0.08472418,0.0,0.0,1.4939306e-13,-28.3939,2.3584309,0.78614366,0.096,0.0,0.18529633,25.620173,25.650173,2739200
hardzero_plus_depr__c0p54__z1p05__lam0p030__nu0p50__psi1p00,hardzero_plus_depr,0.02,30,856,0.0,1,0.50513935,0.50513935,1.0000113,0.0999974,0.0999974,1.0,1.4497397e-14,1.4497774e-13,-27.33397,2.200069,0.73335636,0.128,0.0,0.17127044,25.650173,25.680174,2742400
hardzero_plus_depr__c0p54__z1p05__lam0p030__nu0p50__psi1p00,hardzero_plus_depr,0.02,30,857,0.0,1,0.50513935,0.50513935,1.0316699,0.09296729,0.09296729,1.0,1.3079836e-14,1.4069289e-13,-27.525177,2.269719,0.75657296,0.16800001,0.0,0.16939072,25.680174,25.710175,2745600
hardzero_plus_depr__c0p54__z1p05__lam0p030__nu0p50__psi1p00,hardzero_plus_depr,0.02,30,858,0.0,1,0.50513935,0.50513935,0.9824994,0.10411195,0.10411195,1.0,1.4214893e-14,1.365347e-13,-26.775951,2.161542,0.720514,0.099999994,0.0,0.13894582,25.710175,25.740175,2748800
hardzero_plus_depr__c0p54__z1p05__lam0p030__nu0p50__psi1p00,hardzero_plus_depr,0.02,30,859,0.0,1,0.50513935,0.50513935,1.0723485,0.0,0.08465478,0.0,0.0,1.3249941e-13,-27.64374,2.3592138,0.7864046,0.16800001,0.0,0.17272237,25.740175,25.770176,2752000
hardzero_plus_depr__c0p54__z1p05__lam0p030__nu0p50__psi1p00,hardzero_plus_depr,0.02,30,860,0.0,1,0.50513935,0.50513935,1.0161273,0.09635463,0.09635463,1.0,1.2389602e-14,1.2858336e-13,-27.01817,2.235525,0.745175,0.136,0.0,0.16039668,25.770176,25.800177,2755200
hardzero_plus_depr__c0p54__z1p05__lam0p030__nu0p50__psi1p00,hardzero_plus_depr,0.02,30,861,0.0,1,0.50513935,0.50513935,1.0442146,0.09032031,0.09032031,1.0,1.1270447e-14,1.2478308e-13,-27.75953,2.297318,0.7657727,0.14400001,0.0,0.15352577,25.800177,25.830177,2758400
hardzero_plus_depr__c0p54__z1p05__lam0p030__nu0p50__psi1p00,hardzero_plus_depr,0.02,30,862,0.0,1,0.50513935,0.50513935,1.0116475,0.09735372,0.09735372,1.0,1.1789057e-14,1.2109508e-13,-26.868338,2.225669,0.74188966,0.16800001,0.0,0.15002485,25.830177,25.860178,2761600
hardzero_plus_depr__c0p54__z1p05__lam0p030__nu0p50__psi1p00,hardzero_plus_depr,0.02,30,863,0.0,1,0.50513935,0.50513935,1.0621802,0.0,0.08666022,0.0,0.0,1.175161e-13,-28.128225,2.336843,0.7789477,0.128,0.0,0.17764732,25.860178,25.890179,2764800
hardzero_plus_depr__c0p54__z1p05__lam0p030__nu0p50__psi1p00,hardzero_plus_depr,0.02,30,864,0.0,1,0.50513935,0.50513935,1.0044484,0.09898093,0.09898093,1.0,1.1288073e-14,1.140429e-13,-27.299034,2.2098308,0.7366103,0.16800001,0.0,0.17599015,25.890179,25.92018,2768000
hardzero_plus_depr__c0p54__z1p05__lam0p030__nu0p50__psi1p00,hardzero_plus_depr,0.02,30,865,0.0,1,0.50513935,0.50513935,1.0400592,0.09118863,0.09118863,1.0,1.009206e-14,1.1067234e-13,-27.844479,2.2881758,0.7627253,0.192,0.0,0.17354447,25.92018,25.95018,2771200
hardzero_plus_depr__c0p54__z1p05__lam0p030__nu0p50__psi1p00,hardzero_plus_depr,0.02,30,866,0.0,1,0.50513935,0.50513935,1.005957,0.098637715,0.098637715,1.0,1.059383e-14,1.0740141e-13,-26.412802,2.2131495,0.73771656,0.216,0.0,0.1652479,25.95018,25.98018,2774400
hardzero_plus_depr__c0p54__z1p05__lam0p030__nu0p50__psi1p00,hardzero_plus_depr,0.02,30,867,0.0,1,0.50513935,0.50513935,1.0641314,0.0,0.086271755,0.0,0.0,1.0422715e-13,-27.157854,2.3411357,0.7803786,0.18400002,0.0,0.1591993,25.98018,26.010181,2777600
hardzero_plus_depr__c0p54__z1p05__lam0p030__nu0p50__psi1p00,hardzero_plus_depr,0.02,30,868,0.0,1,0.50513935,0.50513935,1.0356798,0.092112854,0.092112854,1.0,9.316912e-15,1.01146705e-13,-27.320494,2.278541,0.75951374,0.096,0.0,0.15572722,26.010181,26.040182,2780800
hardzero_plus_depr__c0p54__z1p05__lam0p030__nu0p50__psi1p00,hardzero_plus_depr,0.02,30,869,0.0,1,0.50513935,0.50513935,1.1281319,0.0,0.074450575,0.0,0.0,9.8157295e-14,-28.776869,2.4819396,0.8273132,0.120000005,0.008,0.1982747,26.040182,26.070183,2784000
hardzero_plus_depr__c0p54__z1p05__lam0p030__nu0p50__psi1p00,hardzero_plus_depr,0.02,30,870,0.0,1,0.50513935,0.50513935,1.0517896,0.0,0.08875858,0.0,0.0,9.525625e-14,-27.330381,2.3139834,0.77132785,0.136,0.0,0.16456437,26.070183,26.100183,2787200
hardzero_plus_depr__c0p54__z1p05__lam0p030__nu0p50__psi1p00,hardzero_plus_depr,0.02,30,871,0.0,1,0.50513935,0.50513935,0.9489042,0.112485304,0.112485304,1.0,1.0398247e-14,9.2440934e-14,-26.287088,2.087631,0.695877,0.16,0.0,0.1266373,26.100183,26.130184,2790400
hardzero_plus_depr__c0p54__z1p05__lam0p030__nu0p50__psi1p00,hardzero_plus_depr,0.02,30,872,0.0,1,0.50513935,0.50513935,1.045071,0.09014238,0.09014238,1.0,8.086567e-15,8.9708826e-14,-26.894371,2.2992022,0.76640075,0.2,0.0,0.15724608,26.130184,26.160185,2793600
hardzero_plus_depr__c0p54__z1p05__lam0p030__nu0p50__psi1p00,hardzero_plus_depr,0.02,30,873,0.0,1,0.50513935,0.50513935,1.072435,0.0,0.08463791,0.0,0.0,8.705748e-14,-27.898083,2.359404,0.786468,0.14400001,0.0,0.17851174,26.160185,26.190186,2796800
hardzero_plus_depr__c0p54__z1p05__lam0p030__nu0p50__psi1p00,hardzero_plus_depr,0.02,30,874,0.0,1,0.50513935,0.50513935,1.0068746,0.09842953,0.09842953,1.0,8.315767e-15,8.4484476e-14,-26.613537,2.2151682,0.73838943,0.16000001,0.0,0.15418842,26.190186,26.220186,2800000
hardzero_plus_depr__c0p54__z1p05__lam0p030__nu0p50__psi1p00,hardzero_plus_depr,0.02,30,875,0.0,1,0.50513935,0.50513935,1.0360997,0.09202384,0.09202384,1.0,7.544808e-15,8.198753e-14,-27.752333,2.2794647,0.7598216,0.08800001,0.0,0.18233986,26.220186,26.250187,2803200
hardzero_plus_depr__c0p54__z1p05__lam0p030__nu0p50__psi1p00,hardzero_plus_depr,0.02,30,876,0.0,1,0.50513935,0.50513935,1.0656761,0.0,0.08596544,0.0,0.0,7.956437e-14,-28.6934,2.3445342,0.7815114,0.112,0.0,0.1774298,26.250187,26.280188,2806400
hardzero_plus_depr__c0p54__z1p05__lam0p030__nu0p50__psi1p00,hardzero_plus_depr,0.02,30,877,0.0,1,0.50513935,0.50513935,1.022994,0.094843134,0.094843134,1.0,7.323108e-15,7.721285e-14,-27.131895,2.2506318,0.75021064,0.17600001,0.0,0.1577627,26.280188,26.310188,2809600
hardzero_plus_depr__c0p54__z1p05__lam0p030__nu0p50__psi1p00,hardzero_plus_depr,0.02,30,878,0.0,1,0.50513935,0.50513935,0.99933124,0.10015411,0.10015411,1.0,7.504628e-15,7.4930805e-14,-25.76166,2.1985726,0.7328576,0.16800001,0.0,0.17753376,26.310188,26.340189,2812800
hardzero_plus_depr__c0p54__z1p05__lam0p030__nu0p50__psi1p00,hardzero_plus_depr,0.02,30,879,0.0,1,0.50513935,0.50513935,1.0276868,0.093823835,0.093823835,1.0,6.822514e-15,7.271621e-14,-27.704514,2.2609563,0.7536521,0.192,0.0,0.19068441,26.340189,26.37019,2816000
hardzero_plus_depr__c0p54__z1p05__lam0p030__nu0p50__psi1p00,hardzero_plus_depr,0.02,30,880,0.0,1,0.50513935,0.50513935,1.0048891,0.098880544,0.098880544,1.0,6.9777105e-15,7.0567074e-14,-26.854288,2.2108002,0.7369334,0.17600001,0.0,0.16700324,26.37019,26.40019,2819200
hardzero_plus_depr__c0p54__z1p05__lam0p030__nu0p50__psi1p00,hardzero_plus_depr,0.02,30,881,0.0,1,0.50513935,0.50513935,0.97401774,0.10616522,0.10616522,1.0,7.270349e-15,6.8481455e-14,-26.398172,2.1428819,0.71429396,0.136,0.0,0.15702316,26.40019,26.430191,2822400
hardzero_plus_depr__c0p54__z1p05__lam0p030__nu0p50__psi1p00,hardzero_plus_depr,0.02,30,882,0.0,1,0.50513935,0.50513935,0.9849719,0.10352092,0.10352092,1.0,6.8797397e-15,6.645748e-14,-26.200226,2.1669815,0.7223272,0.120000005,0.008,0.1471631,26.430191,26.460192,2825600
hardzero_plus_depr__c0p54__z1p05__lam0p030__nu0p50__psi1p00,hardzero_plus_depr,0.02,30,883,0.0,1,0.50513935,0.50513935,0.96209294,0.10912068,0.10912068,1.0,7.037555e-15,6.449332e-14,-25.989521,2.1166468,0.70554894,0.15200001,0.0,0.125104,26.460192,26.490192,2828800
hardzero_plus_depr__c0p54__z1p05__lam0p030__nu0p50__psi1p00,hardzero_plus_depr,0.02,30,884,0.0,1,0.50513935,0.50513935,1.0149906,0.09660718,0.09660718,1.0,6.0463736e-15,6.258721e-14,-26.936981,2.233024,0.7443413,0.17999999,0.0,0.14844832,26.490192,26.520193,2832000
hardzero_plus_depr__c0p54__z1p05__lam0p030__nu0p50__psi1p00,hardzero_plus_depr,0.02,30,885,0.0,1,0.50513935,0.50513935,0.9839004,0.10377664,0.10377664,1.0,6.3031275e-15,6.073744e-14,-25.687601,2.1646242,0.7215414,0.17600001,0.0,0.15605266,26.520193,26.550194,2835200
hardzero_plus_depr__c0p54__z1p05__lam0p030__nu0p50__psi1p00,hardzero_plus_depr,0.02,30,886,0.0,1,0.50513935,0.50513935,1.0332226,0.09263549,0.09263549,1.0,5.460152e-15,5.894233e-14,-26.881779,2.273135,0.75771165,0.096,0.0,0.18009095,26.550194,26.580194,2838400
hardzero_plus_depr__c0p54__z1p05__lam0p030__nu0p50__psi1p00,hardzero_plus_depr,0.02,30,887,0.0,1,0.50513935,0.50513935,1.0371728,0.09179673,0.09179673,1.0,5.250799e-15,5.7200284e-14,-27.918077,2.2818258,0.7606086,0.128,0.0,0.15494016,26.580194,26.610195,2841600
hardzero_plus_depr__c0p54__z1p05__lam0p030__nu0p50__psi1p00,hardzero_plus_depr,0.02,30,888,0.0,1,0.50513935,0.50513935,1.0222944,0.09499605,0.09499605,1.0,5.2732045e-15,5.5509725e-14,-27.175623,2.2490926,0.74969757,0.15200001,0.0,0.14904584,26.610195,26.640196,2844800
hardzero_plus_depr__c0p54__z1p05__lam0p030__nu0p50__psi1p00,hardzero_plus_depr,0.02,30,889,0.0,1,0.50513935,0.50513935,1.0832696,0.0,0.08255254,0.0,0.0,5.3869127e-14,-28.74141,2.3832407,0.79441357,0.120000005,0.0,0.16343074,26.640196,26.670197,2848000
hardzero_plus_depr__c0p54__z1p05__lam0p030__nu0p50__psi1p00,hardzero_plus_depr,0.02,30,890,0.0,1,0.50513935,0.50513935,1.0652734,0.0,0.08604518,0.0,0.0,5.2277017e-14,-27.838997,2.3436482,0.7812161,0.15200001,0.0,0.17688948,26.670197,26.700197,2851200
hardzero_plus_depr__c0p54__z1p05__lam0p030__nu0p50__psi1p00,hardzero_plus_depr,0.02,30,891,0.0,1,0.50513935,0.50513935,0.9807135,0.10454096,0.10454096,1.0,5.303568e-15,5.073196e-14,-27.05849,2.1576128,0.7192043,0.15200001,0.0,0.16936709,26.700197,26.730198,2854400
hardzero_plus_depr__c0p54__z1p05__lam0p030__nu0p50__psi1p00,hardzero_plus_depr,0.02,30,892,0.0,1,0.50513935,0.50513935,1.018939,0.09573285,0.09573285,1.0,4.7131747e-15,4.9232574e-14,-27.304607,2.2417107,0.7472369,0.192,0.0,0.16784815,26.730198,26.760199,2857600
hardzero_plus_depr__c0p54__z1p05__lam0p030__nu0p50__psi1p00,hardzero_plus_depr,0.02,30,893,0.0,1,0.50513935,0.50513935,1.0140783,0.09681033,0.09681033,1.0,4.6253555e-15,4.77775e-14,-26.811148,2.2310166,0.74367225,0.17600001,0.0,0.17518504,26.760199,26.7902,2860800
hardzero_plus_depr__c0p54__z1p05__lam0p030__nu0p50__psi1p00,hardzero_plus_depr,0.02,30,894,0.0,1,0.50513935,0.50513935,1.0610968,0.0,0.086876675,0.0,0.0,4.6365428e-14,-27.725853,2.3344595,0.7781532,0.08800001,0.0,0.15491615,26.7902,26.8202,2864000
hardzero_plus_depr__c0p54__z1p05__lam0p030__nu0p50__psi1p00,hardzero_plus_depr,0.02,30,895,0.0,1,0.50513935,0.50513935,1.071013,0.0,0.084915504,0.0,0.0,4.499509e-14,-29.02339,2.3562756,0.7854252,0.16800001,0.0,0.19822933,26.8202,26.8502,2867200
hardzero_plus_depr__c0p54__z1p05__lam0p030__nu0p50__psi1p00,hardzero_plus_depr,0.02,30,896,0.0,1,0.50513935,0.50513935,1.0287976,0.093584165,0.093584165,1.0,4.086376e-15,4.3665253e-14,-27.171276,2.2634,0.7544667,0.16000001,0.0,0.14230041,26.8502,26.880201,2870400
hardzero_plus_depr__c0p54__z1p05__lam0p030__nu0p50__psi1p00,hardzero_plus_depr,0.02,30,897,0.0,1,0.50513935,0.50513935,1.067357,0.0,0.08563337,0.0,0.0,4.2374724e-14,-27.507591,2.3482323,0.7827441,0.17,0.0,0.17483412,26.880201,26.910202,2873600
hardzero_plus_depr__c0p54__z1p05__lam0p030__nu0p50__psi1p00,hardzero_plus_depr,0.02,30,898,0.0,1,0.50513935,0.50513935,1.0789254,0.0,0.08338244,0.0,0.0,4.112233e-14,-27.856865,2.3736832,0.79122776,0.136,0.0,0.15426028,26.910202,26.940203,2876800
hardzero_plus_depr__c0p54__z1p05__lam0p030__nu0p50__psi1p00,hardzero_plus_depr,0.02,30,899,0.0,1,0.50513935,0.50513935,1.0576875,0.0,0.087561354,0.0,0.0,3.9906958e-14,-27.774921,2.3269591,0.77565306,0.18400002,0.0,0.15939602,26.940203,26.970203,2880000
hardzero_plus_depr__c0p54__z1p05__lam0p030__nu0p50__psi1p00,hardzero_plus_depr,0.02,30,900,0.0,1,0.50513935,0.50513935,0.95821905,0.110098384,0.110098384,1.0,4.2638355e-15,3.8727502e-14,-26.202896,2.108124,0.702708,0.18400002,0.0,0.15722169,26.970203,27.000204,2883200
hardzero_plus_depr__c0p54__z1p05__lam0p030__nu0p50__psi1p00,hardzero_plus_depr,0.02,30,901,0.0,1,0.50513935,0.50513935,1.0700848,0.0,0.085097186,0.0,0.0,3.7582906e-14,-28.612812,2.3542335,0.7847445,0.15200001,0.0,0.18091764,27.000204,27.030205,2886400
hardzero_plus_depr__c0p54__z1p05__lam0p030__nu0p50__psi1p00,hardzero_plus_depr,0.02,30,902,0.0,1,0.50513935,0.50513935,1.016167,0.096345834,0.096345834,1.0,3.5139388e-15,3.647214e-14,-26.909666,2.2356122,0.7452041,0.208,0.0,0.16656137,27.030205,27.060205,2889600
hardzero_plus_depr__c0p54__z1p05__lam0p030__nu0p50__psi1p00,hardzero_plus_depr,0.02,30,903,0.0,1,0.50513935,0.50513935,1.0210686,0.09526457,0.09526457,1.0,3.3718129e-15,3.5394197e-14,-27.169725,2.2463958,0.7487986,0.120000005,0.0,0.16764417,27.060205,27.090206,2892800
hardzero_plus_depr__c0p54__z1p05__lam0p030__nu0p50__psi1p00,hardzero_plus_depr,0.02,30,904,0.0,1,0.50513935,0.50513935,1.1092803,0.0,0.07775345,0.0,0.0,3.4348118e-14,-28.483253,2.4404655,0.8134885,0.112,0.0,0.17135844,27.090206,27.120207,2896000
hardzero_plus_depr__c0p54__z1p05__lam0p030__nu0p50__psi1p00,hardzero_plus_depr,0.02,30,905,0.0,1,0.50513935,0.50513935,1.0316004,0.09298216,0.09298216,1.0,3.0993698e-15,3.3332952e-14,-27.465317,2.269566,0.75652206,0.104,0.0,0.13989535,27.120207,27.150208,2899200
hardzero_plus_depr__c0p54__z1p05__lam0p030__nu0p50__psi1p00,hardzero_plus_depr,0.02,30,906,0.0,1,0.50513935,0.50513935,0.9952884,0.1010908,0.1010908,1.0,3.270064e-15,3.2347792e-14,-26.515343,2.1896782,0.72989273,0.16800001,0.0,0.13870443,27.150208,27.180208,2902400
hardzero_plus_depr__c0p54__z1p05__lam0p030__nu0p50__psi1p00,hardzero_plus_depr,0.02,30,907,0.0,1,0.50513935,0.50513935,1.0224748,0.09495662,0.09495662,1.0,2.9808548e-15,3.1391753e-14,-26.372307,2.2494893,0.74982977,0.14400001,0.0,0.13899724,27.180208,27.210209,2905600
hardzero_plus_depr__c0p54__z1p05__lam0p030__nu0p50__psi1p00,hardzero_plus_depr,0.02,30,908,0.0,1,0.50513935,0.50513935,1.0480155,0.08953329,0.08953329,1.0,2.7275393e-15,3.0463967e-14,-27.408012,2.30568,0.76856005,0.14400001,0.0,0.19468653,27.210209,27.24021,2908800
hardzero_plus_depr__c0p54__z1p05__lam0p030__nu0p50__psi1p00,hardzero_plus_depr,0.02,30,909,0.0,1,0.50513935,0.50513935,0.9978351,0.10049973,0.10049973,1.0,2.9711334e-15,2.9563598e-14,-26.694017,2.195281,0.7317604,0.18400002,0.0,0.17166792,27.24021,27.27021,2912000
hardzero_plus_depr__c0p54__z1p05__lam0p030__nu0p50__psi1p00,hardzero_plus_depr,0.02,30,910,0.0,1,0.50513935,0.50513935,1.0901304,0.0,0.08125863,0.0,0.0,2.8689843e-14,-28.53863,2.398335,0.79944503,0.13,0.0,0.17806001,27.27021,27.30021,2915200
hardzero_plus_depr__c0p54__z1p05__lam0p030__nu0p50__psi1p00,hardzero_plus_depr,0.02,30,911,0.0,1,0.50513935,0.50513935,1.036538,0.09193099,0.09193099,1.0,2.5595343e-15,2.7841909e-14,-27.363514,2.2804291,0.76014304,0.16800001,0.0,0.14749876,27.30021,27.330212,2918400
hardzero_plus_depr__c0p54__z1p05__lam0p030__nu0p50__psi1p00,hardzero_plus_depr,0.02,30,912,0.0,1,0.50513935,0.50513935,0.9959415,0.10093888,0.10093888,1.0,2.7272714e-15,2.7019038e-14,-26.868305,2.1911151,0.7303717,0.15200001,0.0,0.16286339,27.330212,27.360212,2921600
hardzero_plus_depr__c0p54__z1p05__lam0p030__nu0p50__psi1p00,hardzero_plus_depr,0.02,30,913,0.0,1,0.50513935,0.50513935,1.0764672,0.0,0.08385575,0.0,0.0,2.6220488e-14,-28.511604,2.368275,0.789425,0.136,0.0,0.18820761,27.360212,27.390213,2924800
hardzero_plus_depr__c0p54__z1p05__lam0p030__nu0p50__psi1p00,hardzero_plus_depr,0.02,30,914,0.0,1,0.50513935,0.50513935,1.0263221,0.09411913,0.09411913,1.0,2.3949118e-15,2.5445536e-14,-26.948345,2.2579536,0.7526512,0.15200001,0.0,0.16244693,27.390213,27.420214,2928000
hardzero_plus_depr__c0p54__z1p05__lam0p030__nu0p50__psi1p00,hardzero_plus_depr,0.02,30,915,0.0,1,0.50513935,0.50513935,1.0138597,0.09685906,0.09685906,1.0,2.3917883e-15,2.469349e-14,-26.784513,2.230536,0.74351203,0.128,0.0,0.14738812,27.420214,27.450214,2931200
hardzero_plus_depr__c0p54__z1p05__lam0p030__nu0p50__psi1p00,hardzero_plus_depr,0.02,30,916,0.0,1,0.50513935,0.50513935,1.0473905,0.08966223,0.08966223,1.0,2.1486363e-15,2.3963672e-14,-27.68476,2.304305,0.7681017,0.112,0.0,0.181179,27.450214,27.480215,2934400
hardzero_plus_depr__c0p54__z1p05__lam0p030__nu0p50__psi1p00,hardzero_plus_depr,0.02,30,917,0.0,1,0.50513935,0.50513935,1.0669287,0.0,0.085717835,0.0,0.0,2.3255423e-14,-27.61166,2.34729,0.78243005,0.16000001,0.0,0.1748143,27.480215,27.510216,2937600
hardzero_plus_depr__c0p54__z1p05__lam0p030__nu0p50__psi1p00,hardzero_plus_depr,0.02,30,918,0.0,1,0.50513935,0.50513935,1.0558785,0.0,0.08792685,0.0,0.0,2.2568104e-14,-27.82882,2.3229792,0.77432644,0.128,0.0,0.14992893,27.510216,27.540216,2940800
hardzero_plus_depr__c0p54__z1p05__lam0p030__nu0p50__psi1p00,hardzero_plus_depr,0.02,30,919,0.0,1,0.50513935,0.50513935,0.94563526,0.113335185,0.113335185,1.0,2.4821653e-15,2.19011e-14,-25.156792,2.080439,0.6934797,0.16800001,0.0,0.15306707,27.540216,27.570217,2944000
hardzero_plus_depr__c0p54__z1p05__lam0p030__nu0p50__psi1p00,hardzero_plus_depr,0.02,30,920,0.0,1,0.50513935,0.50513935,0.9654266,0.10828627,0.10828627,1.0,2.3014959e-15,2.1253812e-14,-26.937107,2.123981,0.7079937,0.136,0.0,0.13988666,27.570217,27.600218,2947200
hardzero_plus_depr__c0p54__z1p05__lam0p030__nu0p50__psi1p00,hardzero_plus_depr,0.02,30,921,0.0,1,0.50513935,0.50513935,0.9795609,0.10481876,0.10481876,1.0,2.1619552e-15,2.0625652e-14,-27.181122,2.155077,0.718359,0.208,0.0,0.16915223,27.600218,27.630219,2950400
hardzero_plus_depr__c0p54__z1p05__lam0p030__nu0p50__psi1p00,hardzero_plus_depr,0.02,30,922,0.0,1,0.50513935,0.50513935,1.0256861,0.09425706,0.09425706,1.0,1.886655e-15,2.001606e-14,-27.641119,2.2565546,0.75218487,0.216,0.008,0.162204,27.630219,27.66022,2953600
hardzero_plus_depr__c0p54__z1p05__lam0p030__nu0p50__psi1p00,hardzero_plus_depr,0.02,30,923,0.0,1,0.50513935,0.50513935,1.0798154,0.0,0.08321174,0.0,0.0,1.942448e-14,-28.372868,2.3756413,0.7918805,0.14999999,0.0,0.19140135,27.66022,27.69022,2956800
hardzero_plus_depr__c0p54__z1p05__lam0p030__nu0p50__psi1p00,hardzero_plus_depr,0.02,30,924,0.0,1,0.50513935,0.50513935,1.0270245,0.09396701,0.09396701,1.0,1.7713147e-15,1.8850388e-14,-27.833714,2.259499,0.7531664,0.128,0.0,0.18037137,27.69022,27.72022,2960000
hardzero_plus_depr__c0p54__z1p05__lam0p030__nu0p50__psi1p00,hardzero_plus_depr,0.02,30,925,0.0,1,0.50513935,0.50513935,0.9931597,0.101587504,0.101587504,1.0,1.858367e-15,1.8293264e-14,-27.04896,2.184995,0.7283317,0.18400002,0.0,0.15128845,27.72022,27.750221,2963200
hardzero_plus_depr__c0p54__z1p05__lam0p030__nu0p50__psi1p00,hardzero_plus_depr,0.02,30,926,0.0,1,0.50513935,0.50513935,1.0843469,0.0,0.082348,0.0,0.0,1.7752601e-14,-27.99154,2.3856108,0.7952036,0.104,0.0,0.17924239,27.750221,27.780222,2966400
hardzero_plus_depr__c0p54__z1p05__lam0p030__nu0p50__psi1p00,hardzero_plus_depr,0.02,30,927,0.0,1,0.50513935,0.50513935,1.0394509,0.09131648,0.09131648,1.0,1.5731931e-15,1.7227922e-14,-28.040829,2.2868376,0.7622792,0.14400001,0.0,0.17197712,27.780222,27.810223,2969600
hardzero_plus_depr__c0p54__z1p05__lam0p030__nu0p50__psi1p00,hardzero_plus_depr,0.02,30,928,0.0,1,0.50513935,0.50513935,1.0175731,0.0960344,0.0960344,1.0,1.605575e-15,1.6718748e-14,-27.491526,2.2387056,0.74623525,0.192,0.0,0.17124793,27.810223,27.840223,2972800
hardzero_plus_depr__c0p54__z1p05__lam0p030__nu0p50__psi1p00,hardzero_plus_depr,0.02,30,929,0.0,1,0.50513935,0.50513935,1.0231476,0.09480963,0.09480963,1.0,1.5382505e-15,1.6224623e-14,-27.531103,2.2509696,0.75032324,0.16000001,0.0,0.15950492,27.840223,27.870224,2976000
hardzero_plus_depr__c0p54__z1p05__lam0p030__nu0p50__psi1p00,hardzero_plus_depr,0.02,30,930,0.0,1,0.50513935,0.50513935,1.0143111,0.09675844,0.09675844,1.0,1.5234718e-15,1.5745104e-14,-26.651514,2.231529,0.743843,0.128,0.0,0.13814309,27.870224,27.900225,2979200
hardzero_plus_depr__c0p54__z1p05__lam0p030__nu0p50__psi1p00,hardzero_plus_depr,0.02,30,931,0.0,1,0.50513935,0.50513935,1.021635,0.09514039,0.09514039,1.0,1.4537217e-15,1.5279753e-14,-27.31391,2.247642,0.74921405,0.17600001,0.0,0.14800836,27.900225,27.930225,2982400
hardzero_plus_depr__c0p54__z1p05__lam0p030__nu0p50__psi1p00,hardzero_plus_depr,0.02,30,932,0.0,1,0.50513935,0.50513935,1.0186821,0.09578949,0.09578949,1.0,1.4203818e-15,1.4828159e-14,-26.154194,2.2411454,0.7470485,0.16000001,0.0,0.14538336,27.930225,27.960226,2985600
hardzero_plus_depr__c0p54__z1p05__lam0p030__nu0p50__psi1p00,hardzero_plus_depr,0.02,30,933,0.0,1,0.50513935,0.50513935,1.0358409,0.092078686,0.092078686,1.0,1.3250041e-15,1.438991e-14,-27.718578,2.2788954,0.7596318,0.15200001,0.0,0.15311587,27.960226,27.990227,2988800
hardzero_plus_depr__c0p54__z1p05__lam0p030__nu0p50__psi1p00,hardzero_plus_depr,0.02,30,934,0.0,1,0.50513935,0.50513935,1.0438105,0.09040439,0.09040439,1.0,1.2624625e-15,1.3964615e-14,-27.797771,2.296429,0.76547635,0.136,0.0,0.15742005,27.990227,28.020227,2992000
hardzero_plus_depr__c0p54__z1p05__lam0p030__nu0p50__psi1p00,hardzero_plus_depr,0.02,30,935,0.0,1,0.50513935,0.50513935,1.0595057,0.0,0.08719554,0.0,0.0,1.3551889e-14,-27.537476,2.330959,0.77698636,0.072000004,0.0,0.16582376,28.020227,28.050228,2995200
hardzero_plus_depr__c0p54__z1p05__lam0p030__nu0p50__psi1p00,hardzero_plus_depr,0.02,30,936,0.0,1,0.50513935,0.50513935,1.0013267,0.099694975,0.099694975,1.0,1.3111246e-15,1.3151361e-14,-26.493795,2.2029626,0.7343209,0.14999999,0.0,0.1380612,28.050228,28.080229,2998400
hardzero_plus_depr__c0p54__z1p05__lam0p030__nu0p50__psi1p00,hardzero_plus_depr,0.02,30,937,0.0,1,0.50513935,0.50513935,1.0182792,0.09587839,0.09587839,1.0,1.2236645e-15,1.27626715e-14,-27.211735,2.240259,0.746753,0.128,0.0,0.13670555,28.080229,28.11023,3001600
hardzero_plus_depr__c0p54__z1p05__lam0p030__nu0p50__psi1p00,hardzero_plus_depr,0.02,30,938,0.0,1,0.50513935,0.50513935,1.049148,0.089300126,0.089300126,1.0,1.1060239e-15,1.2385468e-14,-27.25553,2.3081715,0.7693905,0.136,0.0,0.16517732,28.11023,28.14023,3004800
hardzero_plus_depr__c0p54__z1p05__lam0p030__nu0p50__psi1p00,hardzero_plus_depr,0.02,30,939,0.0,1,0.50513935,0.50513935,1.0052023,0.09880928,0.09880928,1.0,1.1876297e-15,1.20194145e-14,-26.325409,2.2114892,0.73716307,0.224,0.0,0.14641935,28.14023,28.17023,3008000
hardzero_plus_depr__c0p54__z1p05__lam0p030__nu0p50__psi1p00,hardzero_plus_depr,0.02,30,940,0.0,1,0.50513935,0.50513935,0.98605853,0.103262216,0.103262216,1.0,1.2044691e-15,1.166418e-14,-26.234068,2.169372,0.723124,0.17600001,0.0,0.14459164,28.17023,28.200232,3011200
hardzero_plus_depr__c0p54__z1p05__lam0p030__nu0p50__psi1p00,hardzero_plus_depr,0.02,30,941,0.0,1,0.50513935,0.50513935,1.0687016,0.0,0.08536863,0.0,0.0,1.13194425e-14,-27.008865,2.3511906,0.7837302,0.064,0.0,0.1719667,28.200232,28.230232,3014400
hardzero_plus_depr__c0p54__z1p05__lam0p030__nu0p50__psi1p00,hardzero_plus_depr,0.02,30,942,0.0,1,0.50513935,0.50513935,1.0299834,0.09332899,0.09332899,1.0,1.0252091e-15,1.0984894e-14,-27.631666,2.2660086,0.7553362,0.208,0.0,0.1584813,28.230232,28.260233,3017600
hardzero_plus_depr__c0p54__z1p05__lam0p030__nu0p50__psi1p00,hardzero_plus_depr,0.02,30,943,0.0,1,0.50513935,0.50513935,1.0298262,0.09336279,0.09336279,1.0,9.952692e-16,1.0660234e-14,-28.696308,2.265663,0.755221,0.136,0.0,0.16008937,28.260233,28.290234,3020800
hardzero_plus_depr__c0p54__z1p05__lam0p030__nu0p50__psi1p00,hardzero_plus_depr,0.02,30,944,0.0,1,0.50513935,0.50513935,1.0697803,0.0,0.08515685,0.0,0.0,1.0345171e-14,-28.166355,2.3535638,0.7845213,0.096,0.0,0.17307621,28.290234,28.320234,3024000
hardzero_plus_depr__c0p54__z1p05__lam0p030__nu0p50__psi1p00,hardzero_plus_depr,0.02,30,945,0.0,1,0.50513935,0.50513935,0.9767,0.10551154,0.10551154,1.0,1.0592744e-15,1.0039417e-14,-26.342001,2.148783,0.716261,0.16800001,0.0,0.16442809,28.320234,28.350235,3027200
hardzero_plus_depr__c0p54__z1p05__lam0p030__nu0p50__psi1p00,hardzero_plus_depr,0.02,30,946,0.0,1,0.50513935,0.50513935,1.046072,0.08993484,0.08993484,1.0,8.7620826e-16,9.742701e-15,-26.615267,2.3014042,0.7671348,0.08800001,0.0,0.16781846,28.350235,28.380236,3030400
hardzero_plus_depr__c0p54__z1p05__lam0p030__nu0p50__psi1p00,hardzero_plus_depr,0.02,30,947,0.0,1,0.50513935,0.50513935,1.0065767,0.09849706,0.09849706,1.0,9.312655e-16,9.4547546e-15,-27.386189,2.2145128,0.738171,0.112,0.0,0.16658397,28.380236,28.410236,3033600
hardzero_plus_depr__c0p54__z1p05__lam0p030__nu0p50__psi1p00,hardzero_plus_depr,0.02,30,948,0.0,1,0.50513935,0.50513935,1.0604041,0.0,0.08701535,0.0,0.0,9.1753175e-15,-28.176805,2.3329356,0.77764523,0.16800001,0.0,0.15050903,28.410236,28.440237,3036800
hardzero_plus_depr__c0p54__z1p05__lam0p030__nu0p50__psi1p00,hardzero_plus_depr,0.02,30,949,0.0,1,0.50513935,0.50513935,0.99078715,0.10214398,0.10214398,1.0,9.095043e-16,8.90414e-15,-26.29691,2.1797752,0.72659177,0.14,0.0,0.14069949,28.440237,28.470238,3040000
hardzero_plus_depr__c0p54__z1p05__lam0p030__nu0p50__psi1p00,hardzero_plus_depr,0.02,30,950,0.0,1,0.50513935,0.50513935,0.9951902,0.101113655,0.101113655,1.0,8.737208e-16,8.640977e-15,-26.486986,2.1894622,0.7298207,0.192,0.008,0.16923736,28.470238,28.500238,3043200
hardzero_plus_depr__c0p54__z1p05__lam0p030__nu0p50__psi1p00,hardzero_plus_depr,0.02,30,951,0.0,1,0.50513935,0.50513935,0.98233265,0.104151934,0.104151934,1.0,8.7337557e-16,8.3855914e-15,-27.266628,2.161175,0.7203917,0.23200001,0.0,0.16778784,28.500238,28.53024,3046400
hardzero_plus_depr__c0p54__z1p05__lam0p030__nu0p50__psi1p00,hardzero_plus_depr,0.02,30,952,0.0,1,0.50513935,0.50513935,1.0380993,0.0916011,0.0916011,1.0,7.454273e-16,8.137755e-15,-27.381626,2.283864,0.76128805,0.112,0.0,0.15394875,28.53024,28.56024,3049600
hardzero_plus_depr__c0p54__z1p05__lam0p030__nu0p50__psi1p00,hardzero_plus_depr,0.02,30,953,0.0,1,0.50513935,0.50513935,0.9916015,0.10195263,0.10195263,1.0,8.051446e-16,7.897242e-15,-26.172153,2.181567,0.727189,0.104,0.0,0.14439103,28.56024,28.59024,3052800
hardzero_plus_depr__c0p54__z1p05__lam0p030__nu0p50__psi1p00,hardzero_plus_depr,0.02,30,954,0.0,1,0.50513935,0.50513935,1.0556226,0.0,0.08797867,0.0,0.0,7.663838e-15,-27.88799,2.322416,0.7741387,0.18400002,0.0,0.1973513,28.59024,28.620241,3056000
hardzero_plus_depr__c0p54__z1p05__lam0p030__nu0p50__psi1p00,hardzero_plus_depr,0.02,30,955,0.0,1,0.50513935,0.50513935,1.0669441,0.0,0.08571481,0.0,0.0,7.437332e-15,-27.85611,2.347324,0.7824413,0.16000001,0.0,0.16899443,28.620241,28.650242,3059200
hardzero_plus_depr__c0p54__z1p05__lam0p030__nu0p50__psi1p00,hardzero_plus_depr,0.02,30,956,0.0,1,0.50513935,0.50513935,1.0181537,0.09590613,0.09590613,1.0,6.9220443e-16,7.21752e-15,-27.5874,2.2399828,0.74666095,0.136,0.0,0.15856652,28.650242,28.680243,3062400
hardzero_plus_depr__c0p54__z1p05__lam0p030__nu0p50__psi1p00,hardzero_plus_depr,0.02,30,957,0.0,1,0.50513935,0.50513935,0.99162775,0.10194648,0.10194648,1.0,7.140542e-16,7.004206e-15,-26.587433,2.1816247,0.72720826,0.192,0.0,0.14501505,28.680243,28.710243,3065600
hardzero_plus_depr__c0p54__z1p05__lam0p030__nu0p50__psi1p00,hardzero_plus_depr,0.02,30,958,0.0,1,0.50513935,0.50513935,1.0254878,0.09430012,0.09430012,1.0,6.4097646e-16,6.7971963e-15,-27.037334,2.256118,0.7520394,0.216,0.0,0.15288466,28.710243,28.740244,3068800
hardzero_plus_depr__c0p54__z1p05__lam0p030__nu0p50__psi1p00,hardzero_plus_depr,0.02,30,959,0.0,1,0.50513935,0.50513935,1.0250311,0.094399326,0.094399326,1.0,6.2268664e-16,6.596304e-15,-26.910595,2.2551134,0.75170445,0.17600001,0.0,0.14280264,28.740244,28.770245,3072000
hardzero_plus_depr__c0p54__z1p05__lam0p030__nu0p50__psi1p00,hardzero_plus_depr,0.02,30,960,0.0,1,0.50513935,0.50513935,1.0427659,0.09062209,0.09062209,1.0,5.8010364e-16,6.401349e-15,-27.163046,2.2941306,0.7647102,0.192,0.0,0.16952428,28.770245,28.800245,3075200
hardzero_plus_depr__c0p54__z1p05__lam0p030__nu0p50__psi1p00,hardzero_plus_depr,0.02,30,961,0.0,1,0.50513935,0.50513935,0.993244,0.1015678,0.1015678,1.0,6.30955e-16,6.212156e-15,-27.00789,2.1851804,0.7283935,0.2,0.0,0.14473735,28.800245,28.830246,3078400
hardzero_plus_depr__c0p54__z1p05__lam0p030__nu0p50__psi1p00,hardzero_plus_depr,0.02,30,962,0.0,1,0.50513935,0.50513935,1.0519947,0.0,0.088716686,0.0,0.0,6.0285554e-15,-27.731632,2.3144345,0.7714782,0.12,0.0,0.19865108,28.830246,28.860247,3081600
hardzero_plus_depr__c0p54__z1p05__lam0p030__nu0p50__psi1p00,hardzero_plus_depr,0.02,30,963,0.0,1,0.50513935,0.50513935,1.037561,0.091714695,0.091714695,1.0,5.3656583e-16,5.8503803e-15,-27.283459,2.2826798,0.7608933,0.120000005,0.0,0.15363204,28.860247,28.890247,3084800
hardzero_plus_depr__c0p54__z1p05__lam0p030__nu0p50__psi1p00,hardzero_plus_depr,0.02,30,964,0.0,1,0.50513935,0.50513935,1.0335213,0.092571795,0.092571795,1.0,5.255737e-16,5.6774717e-15,-27.244934,2.2737923,0.75793076,0.136,0.0,0.19976468,28.890247,28.920248,3088000
hardzero_plus_depr__c0p54__z1p05__lam0p030__nu0p50__psi1p00,hardzero_plus_depr,0.02,30,965,0.0,1,0.50513935,0.50513935,1.0194438,0.09562164,0.09562164,1.0,5.2684396e-16,5.509673e-15,-27.507242,2.242821,0.747607,0.208,0.0,0.15750025,28.920248,28.950249,3091200
hardzero_plus_depr__c0p54__z1p05__lam0p030__nu0p50__psi1p00,hardzero_plus_depr,0.02,30,966,0.0,1,0.50513935,0.50513935,1.0467091,0.089803025,0.089803025,1.0,4.8016185e-16,5.346834e-15,-27.331999,2.302806,0.76760197,0.17600001,0.0,0.16250789,28.950249,28.98025,3094400
hardzero_plus_depr__c0p54__z1p05__lam0p030__nu0p50__psi1p00,hardzero_plus_depr,0.02,30,967,0.0,1,0.50513935,0.50513935,0.9724078,0.10655949,0.10655949,1.0,5.5291674e-16,5.188808e-15,-26.192791,2.13934,0.7131133,0.15200001,0.0,0.14614233,28.98025,29.01025,3097600
hardzero_plus_depr__c0p54__z1p05__lam0p030__nu0p50__psi1p00,hardzero_plus_depr,0.02,30,968,0.0,1,0.50513935,0.50513935,0.99098665,0.102097094,0.102097094,1.0,5.1410495e-16,5.0354516e-15,-25.421528,2.1802142,0.7267381,0.18400002,0.0,0.1338616,29.01025,29.04025,3100800
hardzero_plus_depr__c0p54__z1p05__lam0p030__nu0p50__psi1p00,hardzero_plus_depr,0.02,30,969,0.0,1,0.50513935,0.50513935,1.0214975,0.09517054,0.09517054,1.0,4.650631e-16,4.8866288e-15,-26.375057,2.2473392,0.7491131,0.24000001,0.0,0.18420042,29.04025,29.070251,3104000
hardzero_plus_depr__c0p54__z1p05__lam0p030__nu0p50__psi1p00,hardzero_plus_depr,0.02,30,970,0.0,1,0.50513935,0.50513935,1.0729669,0.0,0.08453432,0.0,0.0,4.7422037e-15,-28.137594,2.3605745,0.7868582,0.17600001,0.0,0.18903573,29.070251,29.100252,3107200
hardzero_plus_depr__c0p54__z1p05__lam0p030__nu0p50__psi1p00,hardzero_plus_depr,0.02,30,971,0.0,1,0.50513935,0.50513935,1.009596,0.09781466,0.09781466,1.0,4.501476e-16,4.602047e-15,-26.009386,2.2211556,0.74038523,0.15200001,0.0,0.15865813,29.100252,29.130253,3110400
hardzero_plus_depr__c0p54__z1p05__lam0p030__nu0p50__psi1p00,hardzero_plus_depr,0.02,30,972,0.0,1,0.50513935,0.50513935,0.99874896,0.10028847,0.10028847,1.0,4.478916e-16,4.466033e-15,-26.764196,2.1972916,0.7324306,0.136,0.0,0.14636356,29.130253,29.160254,3113600
hardzero_plus_depr__c0p54__z1p05__lam0p030__nu0p50__psi1p00,hardzero_plus_depr,0.02,30,973,0.0,1,0.50513935,0.50513935,1.0354003,0.09217214,0.09217214,1.0,3.9947763e-16,4.334039e-15,-27.303095,2.2779262,0.75930876,0.104,0.0,0.18364125,29.160254,29.190254,3116800
hardzero_plus_depr__c0p54__z1p05__lam0p030__nu0p50__psi1p00,hardzero_plus_depr,0.02,30,974,0.0,1,0.50513935,0.50513935,0.9858005,0.103323594,0.103323594,1.0,4.345734e-16,4.2059455e-15,-25.971525,2.1688044,0.72293484,0.2,0.0,0.13871339,29.190254,29.220255,3120000
hardzero_plus_depr__c0p54__z1p05__lam0p030__nu0p50__psi1p00,hardzero_plus_depr,0.02,30,975,0.0,1,0.50513935,0.50513935,1.0347553,0.092309125,0.092309125,1.0,3.767725e-16,4.0816387e-15,-26.809174,2.2765071,0.75883573,0.19999999,0.0,0.15543112,29.220255,29.250256,3123200
hardzero_plus_depr__c0p54__z1p05__lam0p030__nu0p50__psi1p00,hardzero_plus_depr,0.02,30,976,0.0,1,0.50513935,0.50513935,1.017684,0.09600991,0.09600991,1.0,3.8029574e-16,3.961005e-15,-27.380892,2.2389495,0.74631655,0.136,0.0,0.16297354,29.250256,29.280256,3126400
hardzero_plus_depr__c0p54__z1p05__lam0p030__nu0p50__psi1p00,hardzero_plus_depr,0.02,30,977,0.0,1,0.50513935,0.50513935,1.0399226,0.09121734,0.09121734,1.0,3.506337e-16,3.843937e-15,-27.924885,2.2878754,0.76262516,0.14400001,0.0,0.16961457,29.280256,29.310257,3129600
hardzero_plus_depr__c0p54__z1p05__lam0p030__nu0p50__psi1p00,hardzero_plus_depr,0.02,30,978,0.0,1,0.50513935,0.50513935,1.0360937,0.092025094,0.092025094,1.0,3.432839e-16,3.7303293e-15,-27.493793,2.2794516,0.75981724,0.16800001,0.0,0.14049505,29.310257,29.340258,3132800
hardzero_plus_depr__c0p54__z1p05__lam0p030__nu0p50__psi1p00,hardzero_plus_depr,0.02,30,979,0.0,1,0.50513935,0.50513935,1.0035709,0.09918113,0.09918113,1.0,3.590435e-16,3.6200786e-15,-26.749638,2.2079,0.7359667,0.192,0.0,0.13840795,29.340258,29.370258,3136000
hardzero_plus_depr__c0p54__z1p05__lam0p030__nu0p50__psi1p00,hardzero_plus_depr,0.02,30,980,0.0,1,0.50513935,0.50513935,1.0045419,0.09895965,0.09895965,1.0,3.4765382e-16,3.5130867e-15,-26.751442,2.2100363,0.7366788,0.17600001,0.0,0.14519885,29.370258,29.400259,3139200
hardzero_plus_depr__c0p54__z1p05__lam0p030__nu0p50__psi1p00,hardzero_plus_depr,0.02,30,981,0.0,1,0.50513935,0.50513935,1.0203434,0.09542376,0.09542376,1.0,3.253241e-16,3.4092568e-15,-27.773989,2.2448003,0.7482668,0.224,0.0,0.155806,29.400259,29.43026,3142400
hardzero_plus_depr__c0p54__z1p05__lam0p030__nu0p50__psi1p00,hardzero_plus_depr,0.02,30,982,0.0,1,0.50513935,0.50513935,1.0426943,0.09063703,0.09063703,1.0,2.9987222e-16,3.3084957e-15,-26.359394,2.2939732,0.76465774,0.120000005,0.0,0.17409506,29.43026,29.46026,3145600
hardzero_plus_depr__c0p54__z1p05__lam0p030__nu0p50__psi1p00,hardzero_plus_depr,0.02,30,983,0.0,1,0.50513935,0.50513935,1.0486155,0.08940967,0.08940967,1.0,2.8706878e-16,3.210713e-15,-27.595005,2.3070002,0.76900005,0.2,0.008,0.19195157,29.46026,29.490261,3148800
hardzero_plus_depr__c0p54__z1p05__lam0p030__nu0p50__psi1p00,hardzero_plus_depr,0.02,30,984,0.0,1,0.50513935,0.50513935,1.0363637,0.09196791,0.09196791,1.0,2.8655543e-16,3.1158198e-15,-26.628565,2.2800457,0.76001525,0.096,0.0,0.1781651,29.490261,29.520262,3152000
hardzero_plus_depr__c0p54__z1p05__lam0p030__nu0p50__psi1p00,hardzero_plus_depr,0.02,30,985,0.0,1,0.50513935,0.50513935,1.1010679,0.0,0.07923774,0.0,0.0,3.023731e-15,-28.550123,2.4223979,0.807466,0.120000005,0.0,0.17923221,29.520262,29.550262,3155200
hardzero_plus_depr__c0p54__z1p05__lam0p030__nu0p50__psi1p00,hardzero_plus_depr,0.02,30,986,0.0,1,0.50513935,0.50513935,1.0076818,0.09824674,0.09824674,1.0,2.8829174e-16,2.9343646e-15,-26.932425,2.2169442,0.7389814,0.18400002,0.0,0.16214144,29.550262,29.580263,3158400
hardzero_plus_depr__c0p54__z1p05__lam0p030__nu0p50__psi1p00,hardzero_plus_depr,0.02,30,987,0.0,1,0.50513935,0.50513935,1.0323554,0.09282065,0.09282065,1.0,2.643197e-16,2.847639e-15,-28.06256,2.2712274,0.7570758,0.192,0.0,0.18004759,29.580263,29.610264,3161600
hardzero_plus_depr__c0p54__z1p05__lam0p030__nu0p50__psi1p00,hardzero_plus_depr,0.02,30,988,0.0,1,0.50513935,0.50513935,0.96711224,0.10786677,0.10786677,1.0,2.980873e-16,2.7634765e-15,-25.62542,2.1276894,0.7092298,0.16,0.0,0.14303873,29.610264,29.640265,3164800
hardzero_plus_depr__c0p54__z1p05__lam0p030__nu0p50__psi1p00,hardzero_plus_depr,0.02,30,989,0.0,1,0.50513935,0.50513935,1.0759131,0.0,0.0839628,0.0,0.0,2.681802e-15,-28.737017,2.367056,0.78901863,0.096,0.0,0.15765543,29.640265,29.670265,3168000
hardzero_plus_depr__c0p54__z1p05__lam0p030__nu0p50__psi1p00,hardzero_plus_depr,0.02,30,990,0.0,1,0.50513935,0.50513935,1.0079923,0.09817655,0.09817655,1.0,2.5550847e-16,2.6025407e-15,-27.020025,2.2176273,0.7392091,0.14400001,0.0,0.15329602,29.670265,29.700266,3171200
hardzero_plus_depr__c0p54__z1p05__lam0p030__nu0p50__psi1p00,hardzero_plus_depr,0.02,30,991,0.0,1,0.50513935,0.50513935,1.0178788,0.09596683,0.09596683,1.0,2.4237596e-16,2.5256223e-15,-27.471926,2.239378,0.74645936,0.16800001,0.0,0.14932682,29.700266,29.730267,3174400
hardzero_plus_depr__c0p54__z1p05__lam0p030__nu0p50__psi1p00,hardzero_plus_depr,0.02,30,992,0.0,1,0.50513935,0.50513935,1.0291022,0.09351854,0.09351854,1.0,2.2921183e-16,2.4509773e-15,-27.633482,2.26407,0.75469005,0.2,0.0,0.15405393,29.730267,29.760267,3177600
hardzero_plus_depr__c0p54__z1p05__lam0p030__nu0p50__psi1p00,hardzero_plus_depr,0.02,30,993,0.0,1,0.50513935,0.50513935,1.0074604,0.09829686,0.09829686,1.0,2.3380283e-16,2.3785382e-15,-27.362555,2.2164571,0.73881906,0.16000001,0.0,0.17104898,29.760267,29.790268,3180800
hardzero_plus_depr__c0p54__z1p05__lam0p030__nu0p50__psi1p00,hardzero_plus_depr,0.02,30,994,0.0,1,0.50513935,0.50513935,0.9995443,0.10010498,0.10010498,1.0,2.3106633e-16,2.3082402e-15,-26.064896,2.1990414,0.7330138,0.112,0.0,0.15409063,29.790268,29.820269,3184000
hardzero_plus_depr__c0p54__z1p05__lam0p030__nu0p50__psi1p00,hardzero_plus_depr,0.02,30,995,0.0,1,0.50513935,0.50513935,1.076065,0.0,0.083933435,0.0,0.0,2.2400197e-15,-28.665192,2.3673902,0.7891301,0.14400001,0.0,0.16501354,29.820269,29.85027,3187200
hardzero_plus_depr__c0p54__z1p05__lam0p030__nu0p50__psi1p00,hardzero_plus_depr,0.02,30,996,0.0,1,0.50513935,0.50513935,0.949282,0.11238748,0.11238748,1.0,2.4430969e-16,2.1738158e-15,-25.388058,2.088462,0.69615406,0.18400002,0.0,0.1429155,29.85027,29.88027,3190400
hardzero_plus_depr__c0p54__z1p05__lam0p030__nu0p50__psi1p00,hardzero_plus_depr,0.02,30,997,0.0,1,0.50513935,0.50513935,1.089523,0.0,0.08137237,0.0,0.0,2.1095684e-15,-28.433178,2.3969984,0.7989995,0.096,0.0,0.1793497,29.88027,29.91027,3193600
hardzero_plus_depr__c0p54__z1p05__lam0p030__nu0p50__psi1p00,hardzero_plus_depr,0.02,30,998,0.0,1,0.50513935,0.50513935,0.99436367,0.10130627,0.10130627,1.0,2.0739619e-16,2.0472198e-15,-27.195189,2.1876438,0.7292146,0.17600001,0.0,0.17858963,29.91027,29.940271,3196800
hardzero_plus_depr__c0p54__z1p05__lam0p030__nu0p50__psi1p00,hardzero_plus_depr,0.02,30,999,0.0,1,0.50513935,0.50513935,0.96454865,0.10850539,0.10850539,1.0,2.1556917e-16,1.9867139e-15,-26.107262,2.1220493,0.7073498,0.23200001,0.0,0.15198499,29.940271,29.970272,3200000
hardzero_plus_depr__c0p54__z1p05__lam0p030__nu0p50__psi1p00,hardzero_plus_depr,0.02,30,1000,0.0,1,0.50513935,0.50513935,1.0758626,0.0,0.08397255,0.0,0.0,1.9279963e-15,-28.066154,2.366945,0.7889817,0.096,0.0,0.18122071,29.970272,30.000273,3203200
hardzero_plus_depr__c0p54__z1p05__lam0p030__nu0p50__psi1p00,hardzero_plus_depr,0.02,30,1001,0.0,1,0.50513935,0.50513935,1.0424281,0.090692595,0.090692595,1.0,1.6968714e-16,1.8710143e-15,-27.944897,2.2933877,0.7644626,0.17,0.0,0.1680849,30.000273,30.030273,3206400
hardzero_plus_depr__c0p54__z1p05__lam0p030__nu0p50__psi1p00,hardzero_plus_depr,0.02,30,1002,0.0,1,0.50513935,0.50513935,0.9993498,0.10014984,0.10014984,1.0,1.8184368e-16,1.8157161e-15,-27.76813,2.1986134,0.7328712,0.16000001,0.0,0.1562261,30.030273,30.060274,3209600
hardzero_plus_depr__c0p54__z1p05__lam0p030__nu0p50__psi1p00,hardzero_plus_depr,0.02,30,1003,0.0,1,0.50513935,0.50513935,1.0723203,0.0,0.08466027,0.0,0.0,1.7620524e-15,-27.355598,2.3591518,0.786384,0.128,0.0,0.15727302,30.060274,30.090275,3212800
hardzero_plus_depr__c0p54__z1p05__lam0p030__nu0p50__psi1p00,hardzero_plus_depr,0.02,30,1004,0.0,1,0.50513935,0.50513935,1.038933,0.09142543,0.09142543,1.0,1.5633518e-16,1.7099748e-15,-27.907522,2.2856984,0.7618995,0.14400001,0.0,0.16360539,30.090275,30.120275,3216000
hardzero_plus_depr__c0p54__z1p05__lam0p030__nu0p50__psi1p00,hardzero_plus_depr,0.02,30,1005,0.0,1,0.50513935,0.50513935,1.0676087,0.0,0.08558373,0.0,0.0,1.659436e-15,-27.94387,2.348786,0.7829287,0.136,0.0,0.15704788,30.120275,30.150276,3219200
hardzero_plus_depr__c0p54__z1p05__lam0p030__nu0p50__psi1p00,hardzero_plus_depr,0.02,30,1006,0.0,1,0.50513935,0.50513935,1.0625424,0.0,0.08658796,0.0,0.0,1.6103913e-15,-27.020441,2.33764,0.77921337,0.096,0.0,0.14397246,30.150276,30.180277,3222400
hardzero_plus_depr__c0p54__z1p05__lam0p030__nu0p50__psi1p00,hardzero_plus_depr,0.02,30,1007,0.0,1,0.50513935,0.50513935,1.0244657,0.09452231,0.09452231,1.0,1.4771908e-16,1.5627959e-15,-27.444538,2.2538695,0.75128984,0.104,0.0,0.15507841,30.180277,30.210278,3225600
hardzero_plus_depr__c0p54__z1p05__lam0p030__nu0p50__psi1p00,hardzero_plus_depr,0.02,30,1008,0.0,1,0.50513935,0.50513935,1.0395204,0.09130185,0.09130185,1.0,1.3846906e-16,1.5166073e-15,-28.111664,2.2869904,0.7623302,0.16000001,0.0,0.17901482,30.210278,30.240278,3228800
hardzero_plus_depr__c0p54__z1p05__lam0p030__nu0p50__psi1p00,hardzero_plus_depr,0.02,30,1009,0.0,1,0.50513935,0.50513935,1.0398551,0.09123152,0.09123152,1.0,1.3427307e-16,1.4717838e-15,-26.964132,2.2877269,0.7625756,0.136,0.0,0.16917898,30.240278,30.270279,3232000
hardzero_plus_depr__c0p54__z1p05__lam0p030__nu0p50__psi1p00,hardzero_plus_depr,0.02,30,1010,0.0,1,0.50513935,0.50513935,1.0217198,0.09512184,0.09512184,1.0,1.358611e-16,1.428285e-15,-27.12177,2.2478285,0.74927616,0.096,0.0,0.13755456,30.270279,30.30028,3235200
hardzero_plus_depr__c0p54__z1p05__lam0p030__nu0p50__psi1p00,hardzero_plus_depr,0.02,30,1011,0.0,1,0.50513935,0.50513935,1.0570521,0.0,0.08768955,0.0,0.0,1.3860719e-15,-28.742107,2.325561,0.775187,0.15200001,0.0,0.15908751,30.30028,30.33028,3238400
hardzero_plus_depr__c0p54__z1p05__lam0p030__nu0p50__psi1p00,hardzero_plus_depr,0.02,30,1012,0.0,1,0.50513935,0.50513935,1.06339,0.0,0.08641915,0.0,0.0,1.3451063e-15,-27.879904,2.3395047,0.7798349,0.18400002,0.0,0.19060117,30.33028,30.360281,3241600
hardzero_plus_depr__c0p54__z1p05__lam0p030__nu0p50__psi1p00,hardzero_plus_depr,0.02,30,1013,0.0,1,0.50513935,0.50513935,1.0674165,0.0,0.08562161,0.0,0.0,1.3053516e-15,-27.720606,2.3483634,0.7827878,0.15200001,0.0,0.13615935,30.360281,30.390282,3244800
hardzero_plus_depr__c0p54__z1p05__lam0p030__nu0p50__psi1p00,hardzero_plus_depr,0.02,30,1014,0.0,1,0.50513935,0.50513935,1.0590905,0.0,0.08727893,0.0,0.0,1.2667718e-15,-28.315264,2.3300457,0.7766819,0.12,0.0,0.17623752,30.390282,30.420282,3248000
hardzero_plus_depr__c0p54__z1p05__lam0p030__nu0p50__psi1p00,hardzero_plus_depr,0.02,30,1015,0.0,1,0.50513935,0.50513935,1.0488392,0.08936362,0.08936362,1.0,1.0985756e-16,1.2293321e-15,-27.424088,2.3074923,0.7691641,0.112,0.0,0.14601012,30.420282,30.450283,3251200
hardzero_plus_depr__c0p54__z1p05__lam0p030__nu0p50__psi1p00,hardzero_plus_depr,0.02,30,1016,0.0,1,0.50513935,0.50513935,0.982587,0.10409095,0.10409095,1.0,1.241804e-16,1.192999e-15,-26.435411,2.1617346,0.7205782,0.224,0.0,0.15164343,30.450283,30.480284,3254400
hardzero_plus_depr__c0p54__z1p05__lam0p030__nu0p50__psi1p00,hardzero_plus_depr,0.02,30,1017,0.0,1,0.50513935,0.50513935,1.045656,0.09002103,0.09002103,1.0,1.04220926e-16,1.1577398e-15,-27.722448,2.300489,0.76682967,0.08800001,0.0,0.17260067,30.480284,30.510284,3257600
hardzero_plus_depr__c0p54__z1p05__lam0p030__nu0p50__psi1p00,hardzero_plus_depr,0.02,30,1018,0.0,1,0.50513935,0.50513935,1.074918,0.0,0.084155396,0.0,0.0,1.1235226e-15,-28.248983,2.364867,0.788289,0.136,0.0,0.17545041,30.510284,30.540285,3260800
hardzero_plus_depr__c0p54__z1p05__lam0p030__nu0p50__psi1p00,hardzero_plus_depr,0.02,30,1019,0.0,1,0.50513935,0.50513935,1.046718,0.089801185,0.089801185,1.0,9.791174e-17,1.0903168e-15,-28.192463,2.3028257,0.7676086,0.120000005,0.0,0.16492227,30.540285,30.570286,3264000
hardzero_plus_depr__c0p54__z1p05__lam0p030__nu0p50__psi1p00,hardzero_plus_depr,0.02,30,1020,0.0,1,0.50513935,0.50513935,0.9955821,0.10102245,0.10102245,1.0,1.0689108e-16,1.0580923e-15,-25.873257,2.1903243,0.73010814,0.16800001,0.0,0.1417279,30.570286,30.600286,3267200
hardzero_plus_depr__c0p54__z1p05__lam0p030__nu0p50__psi1p00,hardzero_plus_depr,0.02,30,1021,0.0,1,0.50513935,0.50513935,1.0174137,0.096069664,0.096069664,1.0,9.864628e-17,1.0268202e-15,-26.529207,2.238355,0.7461183,0.16800001,0.008,0.15574919,30.600286,30.630287,3270400
hardzero_plus_depr__c0p54__z1p05__lam0p030__nu0p50__psi1p00,hardzero_plus_depr,0.02,30,1022,0.0,1,0.50513935,0.50513935,1.027142,0.09394159,0.09394159,1.0,9.3610204e-17,9.964724e-16,-27.094004,2.2597578,0.7532526,0.16800001,0.0,0.16537723,30.630287,30.660288,3273600
hardzero_plus_depr__c0p54__z1p05__lam0p030__nu0p50__psi1p00,hardzero_plus_depr,0.02,30,1023,0.0,1,0.50513935,0.50513935,0.9966196,0.100781396,0.100781396,1.0,9.745778e-17,9.670215e-16,-26.151451,2.192607,0.730869,0.096,0.0,0.14836124,30.660288,30.690289,3276800
hardzero_plus_depr__c0p54__z1p05__lam0p030__nu0p50__psi1p00,hardzero_plus_depr,0.02,30,1024,0.0,1,0.50513935,0.50513935,1.067288,0.0,0.08564695,0.0,0.0,9.384411e-16,-28.236166,2.3480806,0.78269356,0.120000005,0.0,0.18763486,30.690289,30.72029,3280000
hardzero_plus_depr__c0p54__z1p05__lam0p030__nu0p50__psi1p00,hardzero_plus_depr,0.02,30,1025,0.0,1,0.50513935,0.50513935,1.0179801,0.09594446,0.09594446,1.0,8.737713e-17,9.107054e-16,-26.925224,2.239601,0.74653363,0.15200001,0.0,0.15266511,30.72029,30.75029,3283200
hardzero_plus_depr__c0p54__z1p05__lam0p030__nu0p50__psi1p00,hardzero_plus_depr,0.02,30,1026,0.0,1,0.50513935,0.50513935,1.034028,0.09246384,0.09246384,1.0,8.171856e-17,8.8378936e-16,-26.78232,2.274907,0.7583024,0.112,0.0,0.14654449,30.75029,30.78029,3286400
hardzero_plus_depr__c0p54__z1p05__lam0p030__nu0p50__psi1p00,hardzero_plus_depr,0.02,30,1027,0.0,1,0.50513935,0.50513935,1.0264764,0.0940857,0.0940857,1.0,8.0694374e-17,8.576688e-16,-26.669638,2.2582932,0.7527644,0.14999999,0.0,0.13120475,30.78029,30.810291,3289600
hardzero_plus_depr__c0p54__z1p05__lam0p030__nu0p50__psi1p00,hardzero_plus_depr,0.02,30,1028,0.0,1,0.50513935,0.50513935,1.0338342,0.09250512,0.09250512,1.0,7.699389e-17,8.323203e-16,-27.600477,2.2744806,0.75816023,0.16800001,0.0,0.1754355,30.810291,30.840292,3292800
hardzero_plus_depr__c0p54__z1p05__lam0p030__nu0p50__psi1p00,hardzero_plus_depr,0.02,30,1029,0.0,1,0.50513935,0.50513935,1.0852282,0.0,0.082181066,0.0,0.0,8.07721e-16,-28.430935,2.3875496,0.7958499,0.096,0.0,0.18423104,30.840292,30.870293,3296000
hardzero_plus_depr__c0p54__z1p05__lam0p030__nu0p50__psi1p00,hardzero_plus_depr,0.02,30,1030,0.0,1,0.50513935,0.50513935,1.0523621,0.0,0.08864165,0.0,0.0,7.838487e-16,-28.050941,2.3152428,0.7717476,0.16000001,0.0,0.17556891,30.870293,30.900293,3299200
hardzero_plus_depr__c0p54__z1p05__lam0p030__nu0p50__psi1p00,hardzero_plus_depr,0.02,30,1031,0.0,1,0.50513935,0.50513935,1.0104684,0.09761838,0.09761838,1.0,7.425653e-17,7.606819e-16,-26.394127,2.2230747,0.7410249,0.16800001,0.0,0.16664281,30.900293,30.930294,3302400
hardzero_plus_depr__c0p54__z1p05__lam0p030__nu0p50__psi1p00,hardzero_plus_depr,0.02,30,1032,0.0,1,0.50513935,0.50513935,1.0181255,0.09591232,0.09591232,1.0,7.0802465e-17,7.3819985e-16,-26.435223,2.2399209,0.7466403,0.15200001,0.0,0.1703534,30.930294,30.960295,3305600
hardzero_plus_depr__c0p54__z1p05__lam0p030__nu0p50__psi1p00,hardzero_plus_depr,0.02,30,1033,0.0,1,0.50513935,0.50513935,0.99430656,0.1013196,0.1013196,1.0,7.258357e-17,7.163823e-16,-26.788597,2.1875181,0.7291727,0.14400001,0.0,0.17193402,30.960295,30.990295,3308800
hardzero_plus_depr__c0p54__z1p05__lam0p030__nu0p50__psi1p00,hardzero_plus_depr,0.02,30,1034,0.0,1,0.50513935,0.50513935,1.0011338,0.09973927,0.09973927,1.0,6.933969e-17,6.9520954e-16,-26.641611,2.2025383,0.73417944,0.2,0.0,0.14906205,30.990295,31.020296,3312000
hardzero_plus_depr__c0p54__z1p05__lam0p030__nu0p50__psi1p00,hardzero_plus_depr,0.02,30,1035,0.0,1,0.50513935,0.50513935,1.0383474,0.091548786,0.091548786,1.0,6.176453e-17,6.746625e-16,-27.423986,2.2844098,0.76146996,0.17600001,0.0,0.1608743,31.020296,31.050297,3315200
hardzero_plus_depr__c0p54__z1p05__lam0p030__nu0p50__psi1p00,hardzero_plus_depr,0.02,30,1036,0.0,1,0.50513935,0.50513935,1.0377038,0.09168457,0.09168457,1.0,6.002798e-17,6.547228e-16,-27.387947,2.2829938,0.76099795,0.15200001,0.0,0.15945484,31.050297,31.080297,3318400
hardzero_plus_depr__c0p54__z1p05__lam0p030__nu0p50__psi1p00,hardzero_plus_depr,0.02,30,1037,0.0,1,0.50513935,0.50513935,1.0561403,0.0,0.08787385,0.0,0.0,6.353723e-16,-27.97253,2.323555,0.7745184,0.16800001,0.0,0.17976288,31.080297,31.110298,3321600
hardzero_plus_depr__c0p54__z1p05__lam0p030__nu0p50__psi1p00,hardzero_plus_depr,0.02,30,1038,0.0,1,0.50513935,0.50513935,1.0327243,0.092741854,0.092741854,1.0,5.7184055e-17,6.165938e-16,-25.899649,2.2720387,0.7573463,0.18400002,0.0,0.14467342,31.110298,31.140299,3324800
hardzero_plus_depr__c0p54__z1p05__lam0p030__nu0p50__psi1p00,hardzero_plus_depr,0.02,30,1039,0.0,1,0.50513935,0.50513935,1.0304452,0.09322981,0.09322981,1.0,5.578595e-17,5.983703e-16,-27.592909,2.2670248,0.75567496,0.18400002,0.0,0.1547646,31.140299,31.1703,3328000
hardzero_plus_depr__c0p54__z1p05__lam0p030__nu0p50__psi1p00,hardzero_plus_depr,0.02,30,1040,0.0,1,0.50513935,0.50513935,1.0288006,0.09358352,0.09358352,1.0,5.434258e-17,5.806854e-16,-26.251074,2.2634065,0.75446886,0.16,0.0,0.13981393,31.1703,31.2003,3331200
hardzero_plus_depr__c0p54__z1p05__lam0p030__nu0p50__psi1p00,hardzero_plus_depr,0.02,30,1041,0.0,1,0.50513935,0.50513935,1.048355,0.089463316,0.089463316,1.0,5.0414647e-17,5.6352313e-16,-27.495228,2.306427,0.768809,0.17600001,0.0,0.15828453,31.2003,31.2303,3334400
hardzero_plus_depr__c0p54__z1p05__lam0p030__nu0p50__psi1p00,hardzero_plus_depr,0.02,30,1042,0.0,1,0.50513935,0.50513935,1.0684081,0.0,0.08542635,0.0,0.0,5.4686813e-16,-27.667727,2.350545,0.783515,0.128,0.0,0.14809036,31.2303,31.260302,3337600
hardzero_plus_depr__c0p54__z1p05__lam0p030__nu0p50__psi1p00,hardzero_plus_depr,0.02,30,1043,0.0,1,0.50513935,0.50513935,1.0207797,0.09532796,0.09532796,1.0,5.0591064e-17,5.307054e-16,-27.126444,2.2457602,0.7485868,0.18400002,0.0,0.18694079,31.260302,31.290302,3340800
hardzero_plus_depr__c0p54__z1p05__lam0p030__nu0p50__psi1p00,hardzero_plus_depr,0.02,30,1044,0.0,1,0.50513935,0.50513935,1.0680252,0.0,0.08550171,0.0,0.0,5.1502033e-16,-27.677488,2.3497024,0.7832341,0.14400001,0.0,0.17242584,31.290302,31.320303,3344000
hardzero_plus_depr__c0p54__z1p05__lam0p030__nu0p50__psi1p00,hardzero_plus_depr,0.02,30,1045,0.0,1,0.50513935,0.50513935,1.048367,0.08946085,0.08946085,1.0,4.4712427e-17,4.9979883e-16,-28.453365,2.3064535,0.76881784,0.128,0.0,0.18470857,31.320303,31.350304,3347200
hardzero_plus_depr__c0p54__z1p05__lam0p030__nu0p50__psi1p00,hardzero_plus_depr,0.02,30,1046,0.0,1,0.50513935,0.50513935,1.0109274,0.09751526,0.09751526,1.0,4.7297555e-17,4.850272e-16,-27.139353,2.2240849,0.7413616,0.18400002,0.0,0.13146922,31.350304,31.380304,3350400
hardzero_plus_depr__c0p54__z1p05__lam0p030__nu0p50__psi1p00,hardzero_plus_depr,0.02,30,1047,0.0,1,0.50513935,0.50513935,1.0532794,0.0,0.08845463,0.0,0.0,4.706922e-16,-27.984821,2.317261,0.77242035,0.14400001,0.0,0.17150886,31.380304,31.410305,3353600
hardzero_plus_depr__c0p54__z1p05__lam0p030__nu0p50__psi1p00,hardzero_plus_depr,0.02,30,1048,0.0,1,0.50513935,0.50513935,1.0295384,0.09342468,0.09342468,1.0,4.26746e-17,4.567808e-16,-26.913893,2.2650297,0.7550099,0.14400001,0.0,0.16282384,31.410305,31.440306,3356800
hardzero_plus_depr__c0p54__z1p05__lam0p030__nu0p50__psi1p00,hardzero_plus_depr,0.02,30,1049,0.0,1,0.50513935,0.50513935,1.0134238,0.09695633,0.09695633,1.0,4.297886e-17,4.4328058e-16,-26.919521,2.2295768,0.7431923,0.120000005,0.0,0.15811546,31.440306,31.470306,3360000
hardzero_plus_depr__c0p54__z1p05__lam0p030__nu0p50__psi1p00,hardzero_plus_depr,0.02,30,1050,0.0,1,0.50513935,0.50513935,1.0492978,0.0892693,0.0892693,1.0,3.8401814e-17,4.3017937e-16,-27.521986,2.3085012,0.76950043,0.15200001,0.0,0.17789607,31.470306,31.500307,3363200
hardzero_plus_depr__c0p54__z1p05__lam0p030__nu0p50__psi1p00,hardzero_plus_depr,0.02,30,1051,0.0,1,0.50513935,0.50513935,1.0549607,0.0,0.08811284,0.0,0.0,4.1746535e-16,-27.602112,2.32096,0.7736534,0.16000001,0.0,0.17352712,31.500307,31.530308,3366400
hardzero_plus_depr__c0p54__z1p05__lam0p030__nu0p50__psi1p00,hardzero_plus_depr,0.02,30,1052,0.0,1,0.50513935,0.50513935,0.98584014,0.103314154,0.103314154,1.0,4.1855362e-17,4.051271e-16,-26.742481,2.1688917,0.7229639,0.17600001,0.0,0.13301168,31.530308,31.560308,3369600
hardzero_plus_depr__c0p54__z1p05__lam0p030__nu0p50__psi1p00,hardzero_plus_depr,0.02,30,1053,0.0,1,0.50513935,0.50513935,1.046688,0.08980738,0.08980738,1.0,3.530809e-17,3.9315352e-16,-27.610703,2.3027594,0.76758647,0.17,0.0,0.18662432,31.560308,31.59031,3372800
hardzero_plus_depr__c0p54__z1p05__lam0p030__nu0p50__psi1p00,hardzero_plus_depr,0.02,30,1054,0.0,1,0.50513935,0.50513935,1.0176837,0.09600995,0.09600995,1.0,3.6631045e-17,3.8153384e-16,-27.72024,2.2389488,0.7463163,0.15200001,0.0,0.15022454,31.59031,31.62031,3376000
hardzero_plus_depr__c0p54__z1p05__lam0p030__nu0p50__psi1p00,hardzero_plus_depr,0.02,30,1055,0.0,1,0.50513935,0.50513935,1.0515044,0.0,0.088816896,0.0,0.0,3.7025753e-16,-26.90888,2.313356,0.77111864,0.120000005,0.0,0.15160501,31.62031,31.65031,3379200
hardzero_plus_depr__c0p54__z1p05__lam0p030__nu0p50__psi1p00,hardzero_plus_depr,0.02,30,1056,0.0,1,0.50513935,0.50513935,1.0586538,0.0,0.08736673,0.0,0.0,3.5931455e-16,-28.578623,2.3290849,0.77636164,0.136,0.0,0.1657719,31.65031,31.680311,3382400
hardzero_plus_depr__c0p54__z1p05__lam0p030__nu0p50__psi1p00,hardzero_plus_depr,0.02,30,1057,0.0,1,0.50513935,0.50513935,1.0420837,0.090764545,0.090764545,1.0,3.1649138e-17,3.4869493e-16,-27.47837,2.29263,0.76421,0.128,0.0,0.14706457,31.680311,31.710312,3385600
hardzero_plus_depr__c0p54__z1p05__lam0p030__nu0p50__psi1p00,hardzero_plus_depr,0.02,30,1058,0.0,1,0.50513935,0.50513935,1.0626482,0.0,0.08656689,0.0,0.0,3.383892e-16,-28.013914,2.3378727,0.7792909,0.16000001,0.0,0.16525832,31.710312,31.740313,3388800
hardzero_plus_depr__c0p54__z1p05__lam0p030__nu0p50__psi1p00,hardzero_plus_depr,0.02,30,1059,0.0,1,0.50513935,0.50513935,1.0152874,0.096541174,0.096541174,1.0,3.1702968e-17,3.2838806e-16,-27.52788,2.233677,0.744559,0.23200001,0.0,0.1606612,31.740313,31.770313,3392000
hardzero_plus_depr__c0p54__z1p05__lam0p030__nu0p50__psi1p00,hardzero_plus_depr,0.02,30,1060,0.0,1,0.50513935,0.50513935,0.99309283,0.10160315,0.10160315,1.0,3.2379148e-17,3.1868251e-16,-26.926708,2.1848478,0.72828263,0.18400002,0.0,0.14135697,31.770313,31.800314,3395200
hardzero_plus_depr__c0p54__z1p05__lam0p030__nu0p50__psi1p00,hardzero_plus_depr,0.02,30,1061,0.0,1,0.50513935,0.50513935,1.0500028,0.0,0.089124516,0.0,0.0,3.0926385e-16,-27.329216,2.3100524,0.7700175,0.128,0.0,0.15835077,31.800314,31.830315,3398400
hardzero_plus_depr__c0p54__z1p05__lam0p030__nu0p50__psi1p00,hardzero_plus_depr,0.02,30,1062,0.0,1,0.50513935,0.50513935,1.042151,0.0907505,0.0907505,1.0,2.7236358e-17,3.001235e-16,-26.735706,2.292778,0.76425934,0.120000005,0.0,0.13684106,31.830315,31.860315,3401600
hardzero_plus_depr__c0p54__z1p05__lam0p030__nu0p50__psi1p00,hardzero_plus_depr,0.02,30,1063,0.0,1,0.50513935,0.50513935,1.0267655,0.09402309,0.09402309,1.0,2.7384535e-17,2.9125328e-16,-28.057735,2.2589293,0.7529764,0.15200001,0.0,0.16920856,31.860315,31.890316,3404800
hardzero_plus_depr__c0p54__z1p05__lam0p030__nu0p50__psi1p00,hardzero_plus_depr,0.02,30,1064,0.0,1,0.50513935,0.50513935,1.0344204,0.09238035,0.09238035,1.0,2.6110871e-17,2.8264529e-16,-27.398357,2.2757702,0.7585901,0.16000001,0.0,0.17198059,31.890316,31.920317,3408000
hardzero_plus_depr__c0p54__z1p05__lam0p030__nu0p50__psi1p00,hardzero_plus_depr,0.02,30,1065,0.0,1,0.50513935,0.50513935,1.0254864,0.09430041,0.09430041,1.0,2.5865817e-17,2.7429166e-16,-27.203426,2.256115,0.75203836,0.18400002,0.0,0.16003218,31.920317,31.950317,3411200
hardzero_plus_depr__c0p54__z1p05__lam0p030__nu0p50__psi1p00,hardzero_plus_depr,0.02,30,1066,0.0,1,0.50513935,0.50513935,1.0198976,0.09552178,0.09552178,1.0,2.5426457e-17,2.6618492e-16,-27.157444,2.2438195,0.7479398,0.12,0.0,0.14404652,31.950317,31.980318,3414400
hardzero_plus_depr__c0p54__z1p05__lam0p030__nu0p50__psi1p00,hardzero_plus_depr,0.02,30,1067,0.0,1,0.50513935,0.50513935,1.0051662,0.09881748,0.09881748,1.0,2.5526314e-17,2.5831779e-16,-26.831312,2.2114098,0.7371366,0.15200001,0.0,0.16112743,31.980318,32.01032,3417600
hardzero_plus_depr__c0p54__z1p05__lam0p030__nu0p50__psi1p00,hardzero_plus_depr,0.02,30,1068,0.0,1,0.50513935,0.50513935,1.0116857,0.09734513,0.09734513,1.0,2.4402788e-17,2.5068319e-16,-26.89058,2.225753,0.7419177,0.16800001,0.0,0.16086252,32.01032,32.040318,3420800
hardzero_plus_depr__c0p54__z1p05__lam0p030__nu0p50__psi1p00,hardzero_plus_depr,0.02,30,1069,0.0,1,0.50513935,0.50513935,1.081639,0.0,0.082863055,0.0,0.0,2.4327467e-16,-29.12035,2.3796535,0.79321784,0.16800001,0.0,0.19091077,32.040318,32.070316,3424000
hardzero_plus_depr__c0p54__z1p05__lam0p030__nu0p50__psi1p00,hardzero_plus_depr,0.02,30,1070,0.0,1,0.50513935,0.50513935,0.976666,0.10551982,0.10551982,1.0,2.4911656e-17,2.360851e-16,-26.768658,2.148708,0.71623605,0.15200001,0.0,0.1406724,32.070316,32.100315,3427200
hardzero_plus_depr__c0p54__z1p05__lam0p030__nu0p50__psi1p00,hardzero_plus_depr,0.02,30,1071,0.0,1,0.50513935,0.50513935,1.0825124,0.0,0.082696594,0.0,0.0,2.29108e-16,-27.8541,2.3815749,0.7938583,0.112,0.0,0.16215892,32.100315,32.130314,3430400
hardzero_plus_depr__c0p54__z1p05__lam0p030__nu0p50__psi1p00,hardzero_plus_depr,0.02,30,1072,0.0,1,0.50513935,0.50513935,1.0785354,0.0,0.083457336,0.0,0.0,2.2233712e-16,-27.647635,2.3728254,0.79094183,0.096,0.0,0.17470457,32.130314,32.160313,3433600
hardzero_plus_depr__c0p54__z1p05__lam0p030__nu0p50__psi1p00,hardzero_plus_depr,0.02,30,1073,0.0,1,0.50513935,0.50513935,1.0051625,0.09881833,0.09881833,1.0,2.1321669e-17,2.1576633e-16,-26.867556,2.2114017,0.7371339,0.17600001,0.0,0.14894512,32.160313,32.19031,3436800
hardzero_plus_depr__c0p54__z1p05__lam0p030__nu0p50__psi1p00,hardzero_plus_depr,0.02,30,1074,0.0,1,0.50513935,0.50513935,1.0246294,0.09448668,0.09448668,1.0,1.978454e-17,2.0938972e-16,-27.127321,2.2542295,0.7514099,0.192,0.0,0.17213252,32.19031,32.22031,3440000
hardzero_plus_depr__c0p54__z1p05__lam0p030__nu0p50__psi1p00,hardzero_plus_depr,0.02,30,1075,0.0,1,0.50513935,0.50513935,0.9961301,0.10089504,0.10089504,1.0,2.050203e-17,2.0320158e-16,-26.272419,2.19153,0.73051,0.15200001,0.0,0.15440965,32.22031,32.25031,3443200
hardzero_plus_depr__c0p54__z1p05__lam0p030__nu0p50__psi1p00,hardzero_plus_depr,0.02,30,1076,0.0,1,0.50513935,0.50513935,1.0317898,0.09294163,0.09294163,1.0,1.8327743e-17,1.9719628e-16,-27.909365,2.2699828,0.75666094,0.17600001,0.0,0.1716156,32.25031,32.280308,3446400
hardzero_plus_depr__c0p54__z1p05__lam0p030__nu0p50__psi1p00,hardzero_plus_depr,0.02,30,1077,0.0,1,0.50513935,0.50513935,1.0159165,0.09640144,0.09640144,1.0,1.84482e-17,1.9136851e-16,-27.203697,2.235061,0.74502033,0.112,0.0,0.16596884,32.280308,32.310307,3449600
hardzero_plus_depr__c0p54__z1p05__lam0p030__nu0p50__psi1p00,hardzero_plus_depr,0.02,30,1078,0.0,1,0.50513935,0.50513935,0.9837885,0.103803396,0.103803396,1.0,1.9277634e-17,1.8571294e-16,-26.586552,2.164378,0.7214593,0.17600001,0.0,0.14091402,32.310307,32.340305,3452800
hardzero_plus_depr__c0p54__z1p05__lam0p030__nu0p50__psi1p00,hardzero_plus_depr,0.02,30,1079,0.0,1,0.50513935,0.50513935,1.0075185,0.09828369,0.09828369,1.0,1.771313e-17,1.802245e-16,-27.513472,2.216585,0.7388617,0.14999999,0.0,0.17832582,32.340305,32.370304,3456000
hardzero_plus_depr__c0p54__z1p05__lam0p030__nu0p50__psi1p00,hardzero_plus_depr,0.02,30,1080,0.0,1,0.50513935,0.50513935,1.0455039,0.09005259,0.09005259,1.0,1.5750043e-17,1.7489827e-16,-27.940332,2.3001544,0.76671815,0.080000006,0.0,0.14300627,32.370304,32.400303,3459200
hardzero_plus_depr__c0p54__z1p05__lam0p030__nu0p50__psi1p00,hardzero_plus_depr,0.02,30,1081,0.0,1,0.50513935,0.50513935,1.0360171,0.09204135,0.09204135,1.0,1.5622128e-17,1.6972945e-16,-27.949299,2.279283,0.75976104,0.14400001,0.0,0.15345587,32.400303,32.4303,3462400
hardzero_plus_depr__c0p54__z1p05__lam0p030__nu0p50__psi1p00,hardzero_plus_depr,0.02,30,1082,0.0,1,0.50513935,0.50513935,1.0274569,0.09387353,0.09387353,1.0,1.5462227e-17,1.6471339e-16,-28.369303,2.2604504,0.7534835,0.136,0.0,0.17853135,32.4303,32.4603,3465600
hardzero_plus_depr__c0p54__z1p05__lam0p030__nu0p50__psi1p00,hardzero_plus_depr,0.02,30,1083,0.0,1,0.50513935,0.50513935,1.1087072,0.0,0.07785612,0.0,0.0,1.5984559e-16,-28.438778,2.4392045,0.81306815,0.136,0.008,0.15146045,32.4603,32.4903,3468800
hardzero_plus_depr__c0p54__z1p05__lam0p030__nu0p50__psi1p00,hardzero_plus_depr,0.02,30,1084,0.0,1,0.50513935,0.50513935,1.0897382,0.0,0.08133204,0.0,0.0,1.5512163e-16,-28.563488,2.397472,0.7991573,0.128,0.0,0.18266043,32.4903,32.520298,3472000
hardzero_plus_depr__c0p54__z1p05__lam0p030__nu0p50__psi1p00,hardzero_plus_depr,0.02,30,1085,0.0,1,0.50513935,0.50513935,1.01806,0.09592681,0.09592681,1.0,1.4440558e-17,1.5053726e-16,-27.562805,2.2397766,0.7465922,0.136,0.0,0.17155433,32.520298,32.550297,3475200
hardzero_plus_depr__c0p54__z1p05__lam0p030__nu0p50__psi1p00,hardzero_plus_depr,0.02,30,1086,0.0,1,0.50513935,0.50513935,1.0399817,0.09120492,0.09120492,1.0,1.33239805e-17,1.460884e-16,-27.489983,2.2880054,0.7626685,0.14400001,0.0,0.16125105,32.550297,32.580296,3478400
hardzero_plus_depr__c0p54__z1p05__lam0p030__nu0p50__psi1p00,hardzero_plus_depr,0.02,30,1087,0.0,1,0.50513935,0.50513935,1.0505949,0.0,0.08900308,0.0,0.0,1.41771e-16,-27.286783,2.311355,0.7704517,0.15200001,0.0,0.1749896,32.580296,32.610294,3481600
hardzero_plus_depr__c0p54__z1p05__lam0p030__nu0p50__psi1p00,hardzero_plus_depr,0.02,30,1088,0.0,1,0.50513935,0.50513935,1.0297788,0.09337297,0.09337297,1.0,1.28463655e-17,1.375812e-16,-26.868942,2.2655587,0.75518626,0.136,0.0,0.15434107,32.610294,32.640293,3484800
hardzero_plus_depr__c0p54__z1p05__lam0p030__nu0p50__psi1p00,hardzero_plus_depr,0.02,30,1089,0.0,1,0.50513935,0.50513935,1.0505297,0.0,0.08901645,0.0,0.0,1.3351522e-16,-26.82015,2.3112116,0.77040386,0.08800001,0.0,0.15514696,32.640293,32.67029,3488000
hardzero_plus_depr__c0p54__z1p05__lam0p030__nu0p50__psi1p00,hardzero_plus_depr,0.02,30,1090,0.0,1,0.50513935,0.50513935,1.0455245,0.0900483,0.0900483,1.0,1.1667505e-17,1.2956941e-16,-27.583115,2.3001997,0.7667333,0.16800001,0.0,0.14704186,32.67029,32.70029,3491200
hardzero_plus_depr__c0p54__z1p05__lam0p030__nu0p50__psi1p00,hardzero_plus_depr,0.02,30,1091,0.0,1,0.50513935,0.50513935,1.0228885,0.09486617,0.09486617,1.0,1.1928493e-17,1.2574021e-16,-26.856508,2.2503998,0.7501333,0.15200001,0.0,0.16244864,32.70029,32.73029,3494400
hardzero_plus_depr__c0p54__z1p05__lam0p030__nu0p50__psi1p00,hardzero_plus_depr,0.02,30,1092,0.0,1,0.50513935,0.50513935,0.9936117,0.10148185,0.10148185,1.0,1.2383239e-17,1.2202418e-16,-26.913853,2.1859894,0.72866315,0.14999999,0.0,0.16611026,32.73029,32.76029,3497600
hardzero_plus_depr__c0p54__z1p05__lam0p030__nu0p50__psi1p00,hardzero_plus_depr,0.02,30,1093,0.0,1,0.50513935,0.50513935,1.0195415,0.09560013,0.09560013,1.0,1.1320772e-17,1.1841796e-16,-27.567526,2.243036,0.7476787,0.256,0.0,0.17426458,32.76029,32.790287,3500800
hardzero_plus_depr__c0p54__z1p05__lam0p030__nu0p50__psi1p00,hardzero_plus_depr,0.02,30,1094,0.0,1,0.50513935,0.50513935,1.0202289,0.09544894,0.09544894,1.0,1.0968833e-17,1.1491832e-16,-26.147219,2.2445483,0.7481828,0.16000001,0.0,0.16265987,32.790287,32.820286,3504000
hardzero_plus_depr__c0p54__z1p05__lam0p030__nu0p50__psi1p00,hardzero_plus_depr,0.02,30,1095,0.0,1,0.50513935,0.50513935,1.0560504,0.0,0.087892056,0.0,0.0,1.115221e-16,-27.999369,2.3233573,0.77445245,0.192,0.0,0.16601408,32.820286,32.850285,3507200
hardzero_plus_depr__c0p54__z1p05__lam0p030__nu0p50__psi1p00,hardzero_plus_depr,0.02,30,1096,0.0,1,0.50513935,0.50513935,1.0521799,0.0,0.08867885,0.0,0.0,1.08226267e-16,-28.137552,2.314842,0.771614,0.192,0.0,0.17095554,32.850285,32.880283,3510400
hardzero_plus_depr__c0p54__z1p05__lam0p030__nu0p50__psi1p00,hardzero_plus_depr,0.02,30,1097,0.0,1,0.50513935,0.50513935,1.0312172,0.09306422,0.09306422,1.0,9.774332e-18,1.0502782e-16,-27.694302,2.2687232,0.7562411,0.17600001,0.0,0.16306303,32.880283,32.910282,3513600
hardzero_plus_depr__c0p54__z1p05__lam0p030__nu0p50__psi1p00,hardzero_plus_depr,0.02,30,1098,0.0,1,0.50513935,0.50513935,1.007864,0.09820555,0.09820555,1.0,1.0009493e-17,1.01923905e-16,-27.246529,2.217345,0.739115,0.18400002,0.0,0.14814718,32.910282,32.94028,3516800
hardzero_plus_depr__c0p54__z1p05__lam0p030__nu0p50__psi1p00,hardzero_plus_depr,0.02,30,1099,0.0,1,0.50513935,0.50513935,1.0410048,0.09099031,0.09099031,1.0,9.000008e-18,9.8911717e-17,-27.604002,2.2902563,0.7634188,0.096,0.0,0.18335877,32.94028,32.97028,3520000
hardzero_plus_depr__c0p54__z1p05__lam0p030__nu0p50__psi1p00,hardzero_plus_depr,0.02,30,1100,0.0,1,0.50513935,0.50513935,0.9931649,0.1015863,0.1015863,1.0,9.751123e-18,9.598856e-17,-26.968937,2.1850064,0.7283355,0.192,0.008,0.15615492,32.97028,33.00028,3523200
hardzero_plus_depr__c0p54__z1p05__lam0p030__nu0p50__psi1p00,hardzero_plus_depr,0.02,30,1101,0.0,1,0.50513935,0.50513935,1.0580413,0.0,0.08749005,0.0,0.0,9.315178e-17,-28.2528,2.3277373,0.77591246,0.096,0.0,0.16648702,33.00028,33.030277,3526400
hardzero_plus_depr__c0p54__z1p05__lam0p030__nu0p50__psi1p00,hardzero_plus_depr,0.02,30,1102,0.0,1,0.50513935,0.50513935,1.0230105,0.09483956,0.09483956,1.0,8.5733854e-18,9.039884e-17,-27.378132,2.250668,0.7502227,0.120000005,0.0,0.15304114,33.030277,33.060276,3529600
hardzero_plus_depr__c0p54__z1p05__lam0p030__nu0p50__psi1p00,hardzero_plus_depr,0.02,30,1103,0.0,1,0.50513935,0.50513935,0.97928864,0.10488451,0.10488451,1.0,9.201231e-18,8.772726e-17,-26.299538,2.154478,0.7181594,0.17600001,0.0,0.14676762,33.060276,33.090275,3532800
hardzero_plus_depr__c0p54__z1p05__lam0p030__nu0p50__psi1p00,hardzero_plus_depr,0.02,30,1104,0.0,1,0.50513935,0.50513935,1.0478704,0.0895632,0.0895632,1.0,7.624929e-18,8.5134626e-17,-27.10053,2.305361,0.7684537,0.16000001,0.0,0.16715531,33.090275,33.120274,3536000
hardzero_plus_depr__c0p54__z1p05__lam0p030__nu0p50__psi1p00,hardzero_plus_depr,0.02,30,1105,0.0,1,0.50513935,0.50513935,0.95295835,0.11144014,0.11144014,1.0,9.207031e-18,8.261862e-17,-26.874228,2.0965502,0.6988501,0.24,0.0,0.1588492,33.120274,33.150272,3539200
hardzero_plus_depr__c0p54__z1p05__lam0p030__nu0p50__psi1p00,hardzero_plus_depr,0.02,30,1106,0.0,1,0.50513935,0.50513935,1.053998,0.0,0.08830839,0.0,0.0,8.017696e-17,-26.956963,2.318842,0.7729473,0.136,0.0,0.1559396,33.150272,33.18027,3542400
hardzero_plus_depr__c0p54__z1p05__lam0p030__nu0p50__psi1p00,hardzero_plus_depr,0.02,30,1107,0.0,1,0.50513935,0.50513935,1.0431774,0.090536274,0.090536274,1.0,7.044399e-18,7.7807474e-17,-27.204845,2.295036,0.765012,0.15200001,0.0,0.17211935,33.18027,33.21027,3545600
hardzero_plus_depr__c0p54__z1p05__lam0p030__nu0p50__psi1p00,hardzero_plus_depr,0.02,30,1108,0.0,1,0.50513935,0.50513935,1.0377642,0.09167181,0.09167181,1.0,6.921956e-18,7.550801e-17,-27.753305,2.2831268,0.7610423,0.16000001,0.0,0.14825411,33.21027,33.24027,3548800
hardzero_plus_depr__c0p54__z1p05__lam0p030__nu0p50__psi1p00,hardzero_plus_depr,0.02,30,1109,0.0,1,0.50513935,0.50513935,1.064697,0.0,0.08615946,0.0,0.0,7.3276496e-17,-28.072727,2.3423803,0.7807934,0.15200001,0.0,0.18100968,33.24027,33.270267,3552000
hardzero_plus_depr__c0p54__z1p05__lam0p030__nu0p50__psi1p00,hardzero_plus_depr,0.02,30,1110,0.0,1,0.50513935,0.50513935,1.0541096,0.0,0.088285714,0.0,0.0,7.111094e-17,-27.910631,2.3190873,0.7730291,0.2,0.0,0.16759504,33.270267,33.300266,3555200
hardzero_plus_depr__c0p54__z1p05__lam0p030__nu0p50__psi1p00,hardzero_plus_depr,0.02,30,1111,0.0,1,0.50513935,0.50513935,1.021463,0.09517809,0.09517809,1.0,6.5681805e-18,6.9009376e-17,-27.425135,2.2472637,0.7490879,0.17600001,0.0,0.16088663,33.300266,33.330265,3558400
hardzero_plus_depr__c0p54__z1p05__lam0p030__nu0p50__psi1p00,hardzero_plus_depr,0.02,30,1112,0.0,1,0.50513935,0.50513935,1.0077587,0.09822934,0.09822934,1.0,6.5784115e-18,6.6969925e-17,-27.335749,2.2171135,0.7390379,0.18400002,0.0,0.18748614,33.330265,33.360264,3561600
hardzero_plus_depr__c0p54__z1p05__lam0p030__nu0p50__psi1p00,hardzero_plus_depr,0.02,30,1113,0.0,1,0.50513935,0.50513935,1.0226414,0.09492018,0.09492018,1.0,6.1689327e-18,6.499074e-17,-27.08079,2.249856,0.749952,0.216,0.0,0.15919293,33.360264,33.390263,3564800
hardzero_plus_depr__c0p54__z1p05__lam0p030__nu0p50__psi1p00,hardzero_plus_depr,0.02,30,1114,0.0,1,0.50513935,0.50513935,1.0599403,0.0,0.08710833,0.0,0.0,6.3070053e-17,-27.768988,2.3319154,0.7773051,0.112,0.0,0.16312845,33.390263,33.42026,3568000
hardzero_plus_depr__c0p54__z1p05__lam0p030__nu0p50__psi1p00,hardzero_plus_depr,0.02,30,1115,0.0,1,0.50513935,0.50513935,1.1183808,0.0,0.07614111,0.0,0.0,6.1206124e-17,-29.302534,2.460487,0.8201623,0.18400002,0.0,0.27281502,33.42026,33.45026,3571200
hardzero_plus_depr__c0p54__z1p05__lam0p030__nu0p50__psi1p00,hardzero_plus_depr,0.02,30,1116,0.0,1,0.50513935,0.50513935,0.99931425,0.10015803,0.10015803,1.0,5.9491144e-18,5.939728e-17,-26.755606,2.1985352,0.73284507,0.16000001,0.0,0.13983046,33.45026,33.48026,3574400
hardzero_plus_depr__c0p54__z1p05__lam0p030__nu0p50__psi1p00,hardzero_plus_depr,0.02,30,1117,0.0,1,0.50513935,0.50513935,1.0207151,0.095342144,0.095342144,1.0,5.4957024e-18,5.76419e-17,-27.284334,2.245618,0.7485394,0.16800001,0.0,0.13302127,33.48026,33.510258,3577600
hardzero_plus_depr__c0p54__z1p05__lam0p030__nu0p50__psi1p00,hardzero_plus_depr,0.02,30,1118,0.0,1,0.50513935,0.50513935,1.0063392,0.09855095,0.09855095,1.0,5.512782e-18,5.5938393e-17,-26.697832,2.2139904,0.7379968,0.14,0.0,0.17527072,33.510258,33.540257,3580800
hardzero_plus_depr__c0p54__z1p05__lam0p030__nu0p50__psi1p00,hardzero_plus_depr,0.02,30,1119,0.0,1,0.50513935,0.50513935,1.0359563,0.09205423,0.09205423,1.0,4.997185e-18,5.4285227e-17,-28.07239,2.2791493,0.75971645,0.15200001,0.0,0.15300237,33.540257,33.570255,3584000
hardzero_plus_depr__c0p54__z1p05__lam0p030__nu0p50__psi1p00,hardzero_plus_depr,0.02,30,1120,0.0,1,0.50513935,0.50513935,0.98643327,0.10317316,0.10317316,1.0,5.435257e-18,5.268092e-17,-26.605303,2.1701965,0.72339886,0.18400002,0.0,0.16194429,33.570255,33.600254,3587200
hardzero_plus_depr__c0p54__z1p05__lam0p030__nu0p50__psi1p00,hardzero_plus_depr,0.02,30,1121,0.0,1,0.50513935,0.50513935,1.0396749,0.091269374,0.091269374,1.0,4.6660584e-18,5.1124033e-17,-27.407099,2.2873304,0.7624435,0.15200001,0.0,0.16111468,33.600254,33.630253,3590400
hardzero_plus_depr__c0p54__z1p05__lam0p030__nu0p50__psi1p00,hardzero_plus_depr,0.02,30,1122,0.0,1,0.50513935,0.50513935,0.97538465,0.10583161,0.10583161,1.0,5.2506385e-18,4.9613142e-17,-26.657372,2.145889,0.7152964,0.128,0.0,0.15798147,33.630253,33.66025,3593600
hardzero_plus_depr__c0p54__z1p05__lam0p030__nu0p50__psi1p00,hardzero_plus_depr,0.02,30,1123,0.0,1,0.50513935,0.50513935,1.0200832,0.09548097,0.09548097,1.0,4.5971137e-18,4.814691e-17,-26.921366,2.244228,0.74807596,0.112,0.0,0.13282847,33.66025,33.69025,3596800
hardzero_plus_depr__c0p54__z1p05__lam0p030__nu0p50__psi1p00,hardzero_plus_depr,0.02,30,1124,0.0,1,0.50513935,0.50513935,1.0291344,0.09351163,0.09351163,1.0,4.369239e-18,4.6724015e-17,-26.391155,2.2641408,0.75471365,0.15200001,0.0,0.14494197,33.69025,33.72025,3600000
hardzero_plus_depr__c0p54__z1p05__lam0p030__nu0p50__psi1p00,hardzero_plus_depr,0.02,30,1125,0.0,1,0.50513935,0.50513935,1.0074303,0.09830366,0.09830366,1.0,4.457399e-18,4.5343163e-17,-26.108707,2.2163908,0.73879695,0.208,0.0,0.14505164,33.72025,33.750248,3603200
hardzero_plus_depr__c0p54__z1p05__lam0p030__nu0p50__psi1p00,hardzero_plus_depr,0.02,30,1126,0.0,1,0.50513935,0.50513935,1.0423185,0.090715505,0.090715505,1.0,3.991766e-18,4.4003127e-17,-27.478685,2.2931464,0.7643821,0.120000005,0.0,0.16715752,33.750248,33.780247,3606400
hardzero_plus_depr__c0p54__z1p05__lam0p030__nu0p50__psi1p00,hardzero_plus_depr,0.02,30,1127,0.0,1,0.50513935,0.50513935,1.059912,0.0,0.087114014,0.0,0.0,4.270269e-17,-27.858646,2.331853,0.7772843,0.14400001,0.0,0.1551104,33.780247,33.810246,3609600
hardzero_plus_depr__c0p54__z1p05__lam0p030__nu0p50__psi1p00,hardzero_plus_depr,0.02,30,1128,0.0,1,0.50513935,0.50513935,1.1086524,0.0,0.077865966,0.0,0.0,4.1440683e-17,-28.672148,2.4390838,0.813028,0.112,0.0,0.16814645,33.810246,33.840244,3612800
hardzero_plus_depr__c0p54__z1p05__lam0p030__nu0p50__psi1p00,hardzero_plus_depr,0.02,30,1129,0.0,1,0.50513935,0.50513935,1.0385323,0.09150982,0.09150982,1.0,3.6801567e-18,4.0215976e-17,-28.717913,2.2848165,0.7616055,0.192,0.0,0.175373,33.840244,33.870243,3616000
hardzero_plus_depr__c0p54__z1p05__lam0p030__nu0p50__psi1p00,hardzero_plus_depr,0.02,30,1130,0.0,1,0.50513935,0.50513935,0.9987206,0.10029503,0.10029503,1.0,3.9142604e-18,3.902746e-17,-27.257912,2.1972291,0.7324097,0.16800001,0.0,0.16040428,33.870243,33.90024,3619200
hardzero_plus_depr__c0p54__z1p05__lam0p030__nu0p50__psi1p00,hardzero_plus_depr,0.02,30,1131,0.0,1,0.50513935,0.50513935,1.0412169,0.0909459,0.0909459,1.0,3.4444915e-18,3.7874072e-17,-27.279175,2.2907228,0.7635743,0.12,0.01,0.15113142,33.90024,33.93024,3622400
hardzero_plus_depr__c0p54__z1p05__lam0p030__nu0p50__psi1p00,hardzero_plus_depr,0.02,30,1132,0.0,1,0.50513935,0.50513935,1.0585297,0.0,0.08739171,0.0,0.0,3.675477e-17,-27.947826,2.328812,0.7762706,0.15200001,0.0,0.1792538,33.93024,33.96024,3625600
hardzero_plus_depr__c0p54__z1p05__lam0p030__nu0p50__psi1p00,hardzero_plus_depr,0.02,30,1133,0.0,1,0.50513935,0.50513935,1.0021071,0.09951599,0.09951599,1.0,3.549591e-18,3.5668547e-17,-26.086742,2.2046797,0.73489326,0.14400001,0.0,0.14331117,33.96024,33.99024,3628800
hardzero_plus_depr__c0p54__z1p05__lam0p030__nu0p50__psi1p00,hardzero_plus_depr,0.02,30,1134,0.0,1,0.50513935,0.50513935,1.0276715,0.09382714,0.09382714,1.0,3.2477727e-18,3.4614425e-17,-27.26629,2.2609224,0.75364083,0.16800001,0.0,0.16154547,33.99024,34.020237,3632000
hardzero_plus_depr__c0p54__z1p05__lam0p030__nu0p50__psi1p00,hardzero_plus_depr,0.02,30,1135,0.0,1,0.50513935,0.50513935,1.0532395,0.0,0.08846276,0.0,0.0,3.359145e-17,-27.68691,2.317173,0.772391,0.120000005,0.0,0.16059947,34.020237,34.050236,3635200
hardzero_plus_depr__c0p54__z1p05__lam0p030__nu0p50__psi1p00,hardzero_plus_depr,0.02,30,1136,0.0,1,0.50513935,0.50513935,1.0912709,0.0,0.08104553,0.0,0.0,3.2598718e-17,-28.125256,2.4008439,0.8002813,0.16800001,0.0,0.19204204,34.050236,34.080235,3638400
hardzero_plus_depr__c0p54__z1p05__lam0p030__nu0p50__psi1p00,hardzero_plus_depr,0.02,30,1137,0.0,1,0.50513935,0.50513935,1.0769067,0.0,0.083770916,0.0,0.0,3.1635317e-17,-28.291103,2.369242,0.78974736,0.120000005,0.0,0.17439927,34.080235,34.110233,3641600
hardzero_plus_depr__c0p54__z1p05__lam0p030__nu0p50__psi1p00,hardzero_plus_depr,0.02,30,1138,0.0,1,0.50513935,0.50513935,0.9794269,0.104851104,0.104851104,1.0,3.2189696e-18,3.0700388e-17,-26.999817,2.1547823,0.71826077,0.192,0.0,0.15327176,34.110233,34.140232,3644800
hardzero_plus_depr__c0p54__z1p05__lam0p030__nu0p50__psi1p00,hardzero_plus_depr,0.02,30,1139,0.0,1,0.50513935,0.50513935,1.0902346,0.0,0.08123914,0.0,0.0,2.979309e-17,-28.031057,2.398564,0.7995214,0.120000005,0.0,0.16746433,34.140232,34.17023,3648000
hardzero_plus_depr__c0p54__z1p05__lam0p030__nu0p50__psi1p00,hardzero_plus_depr,0.02,30,1140,0.0,1,0.50513935,0.50513935,1.0606375,0.0,0.08696861,0.0,0.0,2.891261e-17,-27.535162,2.3334491,0.7778164,0.128,0.0,0.1323192,34.17023,34.20023,3651200
hardzero_plus_depr__c0p54__z1p05__lam0p030__nu0p50__psi1p00,hardzero_plus_depr,0.02,30,1141,0.0,1,0.50513935,0.50513935,0.9973599,0.100609764,0.100609764,1.0,2.8229234e-18,2.8058145e-17,-26.95722,2.1942356,0.7314119,0.208,0.0,0.16210745,34.20023,34.23023,3654400
hardzero_plus_depr__c0p54__z1p05__lam0p030__nu0p50__psi1p00,hardzero_plus_depr,0.02,30,1142,0.0,1,0.50513935,0.50513935,1.0594914,0.0,0.0871984,0.0,0.0,2.7228936e-17,-27.745283,2.3309276,0.77697587,0.120000005,0.0,0.15700963,34.23023,34.260227,3657600
hardzero_plus_depr__c0p54__z1p05__lam0p030__nu0p50__psi1p00,hardzero_plus_depr,0.02,30,1143,0.0,1,0.50513935,0.50513935,1.0278629,0.09378579,0.09378579,1.0,2.4782176e-18,2.6424232e-17,-27.16195,2.2613435,0.7537812,0.18400002,0.0,0.15660319,34.260227,34.290226,3660800
hardzero_plus_depr__c0p54__z1p05__lam0p030__nu0p50__psi1p00,hardzero_plus_depr,0.02,30,1144,0.0,1,0.50513935,0.50513935,1.1067833,0.0,0.0782018,0.0,0.0,2.5643307e-17,-28.465023,2.4349718,0.8116573,0.12,0.0,0.16504051,34.290226,34.320225,3664000
hardzero_plus_depr__c0p54__z1p05__lam0p030__nu0p50__psi1p00,hardzero_plus_depr,0.02,30,1145,0.0,1,0.50513935,0.50513935,0.9920786,0.101840705,0.101840705,1.0,2.5343534e-18,2.4885466e-17,-26.378916,2.1826165,0.7275388,0.18400002,0.0,0.14096706,34.320225,34.350224,3667200
hardzero_plus_depr__c0p54__z1p05__lam0p030__nu0p50__psi1p00,hardzero_plus_depr,0.02,30,1146,0.0,1,0.50513935,0.50513935,0.9865025,0.1031567,0.1031567,1.0,2.4912362e-18,2.4150018e-17,-26.638063,2.170349,0.72344965,0.136,0.0,0.1491447,34.350224,34.380222,3670400
hardzero_plus_depr__c0p54__z1p05__lam0p030__nu0p50__psi1p00,hardzero_plus_depr,0.02,30,1147,0.0,1,0.50513935,0.50513935,1.0432838,0.09051408,0.09051408,1.0,2.1213156e-18,2.3436305e-17,-27.387548,2.2952702,0.7650901,0.120000005,0.0,0.1386754,34.380222,34.41022,3673600
hardzero_plus_depr__c0p54__z1p05__lam0p030__nu0p50__psi1p00,hardzero_plus_depr,0.02,30,1148,0.0,1,0.50513935,0.50513935,1.0375369,0.09171981,0.09171981,1.0,2.0860465e-18,2.2743685e-17,-26.76547,2.2826266,0.7608756,0.112,0.0,0.15595107,34.41022,34.44022,3676800
hardzero_plus_depr__c0p54__z1p05__lam0p030__nu0p50__psi1p00,hardzero_plus_depr,0.02,30,1149,0.0,1,0.50513935,0.50513935,1.0502737,0.0,0.08906895,0.0,0.0,2.2071535e-17,-27.151342,2.3106482,0.7702161,0.2,0.0,0.20384003,34.44022,34.47022,3680000
hardzero_plus_depr__c0p54__z1p05__lam0p030__nu0p50__psi1p00,hardzero_plus_depr,0.02,30,1150,0.0,1,0.50513935,0.50513935,1.0441974,0.09032389,0.09032389,1.0,1.9346698e-18,2.1419248e-17,-27.94101,2.2972803,0.7657601,0.14400001,0.0,0.16504069,34.47022,34.500217,3683200
hardzero_plus_depr__c0p54__z1p05__lam0p030__nu0p50__psi1p00,hardzero_plus_depr,0.02,30,1151,0.0,1,0.50513935,0.50513935,1.0838721,0.0,0.08243808,0.0,0.0,2.0786238e-17,-27.493435,2.384566,0.79485536,0.112,0.0,0.1421731,34.500217,34.530216,3686400
hardzero_plus_depr__c0p54__z1p05__lam0p030__nu0p50__psi1p00,hardzero_plus_depr,0.02,30,1152,0.0,1,0.50513935,0.50513935,1.0664707,0.0,0.08580829,0.0,0.0,2.0171939e-17,-28.309513,2.3462825,0.7820942,0.18400002,0.0,0.16659309,34.530216,34.560215,3689600
hardzero_plus_depr__c0p54__z1p05__lam0p030__nu0p50__psi1p00,hardzero_plus_depr,0.02,30,1153,0.0,1,0.50513935,0.50513935,1.0489538,0.08934005,0.08934005,1.0,1.7489022e-18,1.957579e-17,-27.99869,2.3077443,0.7692481,0.136,0.0,0.18348725,34.560215,34.590214,3692800
hardzero_plus_depr__c0p54__z1p05__lam0p030__nu0p50__psi1p00,hardzero_plus_depr,0.02,30,1154,0.0,1,0.50513935,0.50513935,0.96033573,0.109563075,0.109563075,1.0,2.0813984e-18,1.8997262e-17,-25.975826,2.1127808,0.7042603,0.18400002,0.0,0.13937482,34.590214,34.620213,3696000
hardzero_plus_depr__c0p54__z1p05__lam0p030__nu0p50__psi1p00,hardzero_plus_depr,0.02,30,1155,0.0,1,0.50513935,0.50513935,1.0514014,0.0,0.08883797,0.0,0.0,1.8435831e-17,-26.639723,2.3131292,0.77104306,0.104,0.0,0.16270551,34.620213,34.65021,3699200
hardzero_plus_depr__c0p54__z1p05__lam0p030__nu0p50__psi1p00,hardzero_plus_depr,0.02,30,1156,0.0,1,0.50513935,0.50513935,1.0627422,0.0,0.08654815,0.0,0.0,1.7890992e-17,-27.411028,2.3380797,0.77935994,0.120000005,0.0,0.17855097,34.65021,34.68021,3702400
hardzero_plus_depr__c0p54__z1p05__lam0p030__nu0p50__psi1p00,hardzero_plus_depr,0.02,30,1157,0.0,1,0.50513935,0.50513935,1.0511167,0.0,0.088896215,0.0,0.0,1.7362253e-17,-27.907694,2.3125029,0.7708343,0.19,0.0,0.16696191,34.68021,34.71021,3705600
hardzero_plus_depr__c0p54__z1p05__lam0p030__nu0p50__psi1p00,hardzero_plus_depr,0.02,30,1158,0.0,1,0.50513935,0.50513935,1.0502008,0.0,0.08908389,0.0,0.0,1.6849141e-17,-27.58761,2.310488,0.7701627,0.136,0.0,0.18405612,34.71021,34.740208,3708800
hardzero_plus_depr__c0p54__z1p05__lam0p030__nu0p50__psi1p00,hardzero_plus_depr,0.02,30,1159,0.0,1,0.50513935,0.50513935,1.0608208,0.0,0.086931884,0.0,0.0,1.6351195e-17,-28.170828,2.3338523,0.77795076,0.17600001,0.0,0.15817925,34.740208,34.770206,3712000
hardzero_plus_depr__c0p54__z1p05__lam0p030__nu0p50__psi1p00,hardzero_plus_depr,0.02,30,1160,0.0,1,0.50513935,0.50513935,1.0475646,0.08962628,0.08962628,1.0,1.4221865e-18,1.5867963e-17,-27.13164,2.3046882,0.7682294,0.18400002,0.0,0.20565975,34.770206,34.800205,3715200
hardzero_plus_depr__c0p54__z1p05__lam0p030__nu0p50__psi1p00,hardzero_plus_depr,0.02,30,1161,0.0,1,0.50513935,0.50513935,1.0033628,0.09922868,0.09922868,1.0,1.5280237e-18,1.5399013e-17,-27.44505,2.2074423,0.7358141,0.096,0.0,0.17441592,34.800205,34.830204,3718400
hardzero_plus_depr__c0p54__z1p05__lam0p030__nu0p50__psi1p00,hardzero_plus_depr,0.02,30,1162,0.0,1,0.50513935,0.50513935,1.0495182,0.08922402,0.08922402,1.0,1.3333568e-18,1.4943923e-17,-27.304928,2.3089862,0.7696621,0.128,0.0,0.13628067,34.830204,34.860203,3721600
hardzero_plus_depr__c0p54__z1p05__lam0p030__nu0p50__psi1p00,hardzero_plus_depr,0.02,30,1163,0.0,1,0.50513935,0.50513935,0.9943122,0.10131827,0.10131827,1.0,1.4693458e-18,1.450228e-17,-26.442793,2.1875305,0.7291769,0.18400002,0.0,0.1362144,34.860203,34.8902,3724800
hardzero_plus_depr__c0p54__z1p05__lam0p030__nu0p50__psi1p00,hardzero_plus_depr,0.02,30,1164,0.0,1,0.50513935,0.50513935,1.0241194,0.0945977,0.0945977,1.0,1.3313387e-18,1.407369e-17,-27.121946,2.2531075,0.75103587,0.17600001,0.0,0.14964361,34.8902,34.9202,3728000
hardzero_plus_depr__c0p54__z1p05__lam0p030__nu0p50__psi1p00,hardzero_plus_depr,0.02,30,1165,0.0,1,0.50513935,0.50513935,1.0300899,0.09330612,0.09330612,1.0,1.2743532e-18,1.3657767e-17,-27.64124,2.266243,0.75541437,0.15200001,0.0,0.15819903,34.9202,34.9502,3731200
hardzero_plus_depr__c0p54__z1p05__lam0p030__nu0p50__psi1p00,hardzero_plus_depr,0.02,30,1166,0.0,1,0.50513935,0.50513935,0.9989047,0.10025252,0.10025252,1.0,1.3287604e-18,1.3254135e-17,-26.69936,2.1976342,0.7325448,0.16800001,0.008,0.15035084,34.9502,34.980198,3734400
hardzero_plus_depr__c0p54__z1p05__lam0p030__nu0p50__psi1p00,hardzero_plus_depr,0.02,30,1167,0.0,1,0.50513935,0.50513935,1.0589914,0.0,0.087298855,0.0,0.0,1.2862431e-17,-27.81315,2.3298275,0.7766092,0.128,0.0,0.16286439,34.980198,35.010197,3737600
hardzero_plus_depr__c0p54__z1p05__lam0p030__nu0p50__psi1p00,hardzero_plus_depr,0.02,30,1168,0.0,1,0.50513935,0.50513935,1.07019,0.0,0.08507659,0.0,0.0,1.2482304e-17,-27.27348,2.354465,0.7848217,0.18400002,0.0,0.16903827,35.010197,35.040195,3740800
hardzero_plus_depr__c0p54__z1p05__lam0p030__nu0p50__psi1p00,hardzero_plus_depr,0.02,30,1169,0.0,1,0.50513935,0.50513935,1.0521646,0.0,0.08868198,0.0,0.0,1.2113411e-17,-27.184874,2.3148084,0.7716028,0.136,0.0,0.15551884,35.040195,35.070194,3744000
hardzero_plus_depr__c0p54__z1p05__lam0p030__nu0p50__psi1p00,hardzero_plus_depr,0.02,30,1170,0.0,1,0.50513935,0.50513935,1.0591761,0.0,0.08726175,0.0,0.0,1.175542e-17,-27.264301,2.330234,0.7767447,0.11,0.0,0.16063032,35.070194,35.100193,3747200
hardzero_plus_depr__c0p54__z1p05__lam0p030__nu0p50__psi1p00,hardzero_plus_depr,0.02,30,1171,0.0,1,0.50513935,0.50513935,0.99129725,0.10202409,0.10202409,1.0,1.1638917e-18,1.14080085e-17,-26.808895,2.1808975,0.72696584,0.128,0.0,0.14743438,35.100193,35.13019,3750400
hardzero_plus_depr__c0p54__z1p05__lam0p030__nu0p50__psi1p00,hardzero_plus_depr,0.02,30,1172,0.0,1,0.50513935,0.50513935,1.0911977,0.0,0.081059195,0.0,0.0,1.10708646e-17,-29.08096,2.400683,0.80022764,0.15200001,0.0,0.16970974,35.13019,35.16019,3753600
hardzero_plus_depr__c0p54__z1p05__lam0p030__nu0p50__psi1p00,hardzero_plus_depr,0.02,30,1173,0.0,1,0.50513935,0.50513935,1.0479803,0.08954055,0.08954055,1.0,9.619953e-19,1.0743684e-17,-27.828072,2.3056028,0.7685343,0.2,0.0,0.17449997,35.16019,35.19019,3756800
hardzero_plus_depr__c0p54__z1p05__lam0p030__nu0p50__psi1p00,hardzero_plus_depr,0.02,30,1174,0.0,1,0.50513935,0.50513935,1.0419506,0.09079238,0.09079238,1.0,9.46617e-19,1.0426172e-17,-27.153353,2.2923372,0.7641124,0.14400001,0.0,0.15985352,35.19019,35.22019,3760000
hardzero_plus_depr__c0p54__z1p05__lam0p030__nu0p50__psi1p00,hardzero_plus_depr,0.02,30,1175,0.0,1,0.50513935,0.50513935,1.0648181,0.0,0.08613543,0.0,0.0,1.0118045e-17,-28.744785,2.3426466,0.78088224,0.128,0.0,0.19794026,35.22019,35.250187,3763200
hardzero_plus_depr__c0p54__z1p05__lam0p030__nu0p50__psi1p00,hardzero_plus_depr,0.02,30,1176,0.0,1,0.50513935,0.50513935,1.0370553,0.09182157,0.09182157,1.0,9.015982e-19,9.8190235e-18,-27.591848,2.281567,0.76052237,0.112,0.0,0.16281937,35.250187,35.280186,3766400
hardzero_plus_depr__c0p54__z1p05__lam0p030__nu0p50__psi1p00,hardzero_plus_depr,0.02,30,1177,0.0,1,0.50513935,0.50513935,1.0809065,0.0,0.08300295,0.0,0.0,9.52884e-18,-28.066973,2.3780417,0.7926806,0.104,0.0,0.19922914,35.280186,35.310184,3769600
hardzero_plus_depr__c0p54__z1p05__lam0p030__nu0p50__psi1p00,hardzero_plus_depr,0.02,30,1178,0.0,1,0.50513935,0.50513935,1.0662965,0.0,0.08584273,0.0,0.0,9.247231e-18,-27.92956,2.345899,0.7819664,0.104,0.0,0.1754729,35.310184,35.340183,3772800
hardzero_plus_depr__c0p54__z1p05__lam0p030__nu0p50__psi1p00,hardzero_plus_depr,0.02,30,1179,0.0,1,0.50513935,0.50513935,1.0572596,0.0,0.087647684,0.0,0.0,8.973945e-18,-27.125597,2.3260174,0.7753391,0.16800001,0.0,0.16841577,35.340183,35.370182,3776000
hardzero_plus_depr__c0p54__z1p05__lam0p030__nu0p50__psi1p00,hardzero_plus_depr,0.02,30,1180,0.0,1,0.50513935,0.50513935,1.0582566,0.0,0.0874467,0.0,0.0,8.708735e-18,-27.302975,2.328211,0.77607036,0.16000001,0.0,0.1666527,35.370182,35.40018,3779200
hardzero_plus_depr__c0p54__z1p05__lam0p030__nu0p50__psi1p00,hardzero_plus_depr,0.02,30,1181,0.0,1,0.50513935,0.50513935,1.061465,0.0,0.08680305,0.0,0.0,8.451364e-18,-28.418736,2.3352697,0.77842325,0.128,0.0,0.15606001,35.40018,35.43018,3782400
hardzero_plus_depr__c0p54__z1p05__lam0p030__nu0p50__psi1p00,hardzero_plus_depr,0.02,30,1182,0.0,1,0.50513935,0.50513935,1.0093641,0.097866915,0.097866915,1.0,8.0266515e-19,8.201598e-18,-27.275713,2.2206454,0.7402152,0.16000001,0.0,0.14150676,35.43018,35.46018,3785600
hardzero_plus_depr__c0p54__z1p05__lam0p030__nu0p50__psi1p00,hardzero_plus_depr,0.02,30,1183,0.0,1,0.50513935,0.50513935,1.0928835,0.0,0.08074516,0.0,0.0,7.9592146e-18,-28.15602,2.4043915,0.80146384,0.13,0.0,0.16916542,35.46018,35.490177,3788800
hardzero_plus_depr__c0p54__z1p05__lam0p030__nu0p50__psi1p00,hardzero_plus_depr,0.02,30,1184,0.0,1,0.50513935,0.50513935,1.0300907,0.09330594,0.09330594,1.0,7.2069445e-19,7.723993e-18,-27.558342,2.266245,0.75541496,0.136,0.0,0.1541917,35.490177,35.520176,3792000
hardzero_plus_depr__c0p54__z1p05__lam0p030__nu0p50__psi1p00,hardzero_plus_depr,0.02,30,1185,0.0,1,0.50513935,0.50513935,1.0725241,0.0,0.08462056,0.0,0.0,7.495725e-18,-28.193087,2.3596,0.78653336,0.15200001,0.0,0.16921237,35.520176,35.550175,3795200
hardzero_plus_depr__c0p54__z1p05__lam0p030__nu0p50__psi1p00,hardzero_plus_depr,0.02,30,1186,0.0,1,0.50513935,0.50513935,1.0341614,0.09243546,0.09243546,1.0,6.723941e-19,7.274201e-18,-28.151653,2.2752006,0.7584002,0.16000001,0.008,0.16986525,35.550175,35.580173,3798400
hardzero_plus_depr__c0p54__z1p05__lam0p030__nu0p50__psi1p00,hardzero_plus_depr,0.02,30,1187,0.0,1,0.50513935,0.50513935,1.0378984,0.09164348,0.09164348,1.0,6.4693196e-19,7.059225e-18,-27.107069,2.2834222,0.76114076,0.104,0.0,0.16248597,35.580173,35.610172,3801600
hardzero_plus_depr__c0p54__z1p05__lam0p030__nu0p50__psi1p00,hardzero_plus_depr,0.02,30,1188,0.0,1,0.50513935,0.50513935,1.0060639,0.098613426,0.098613426,1.0,6.755612e-19,6.8506006e-18,-26.959963,2.2133849,0.737795,0.224,0.0,0.16498068,35.610172,35.64017,3804800
hardzero_plus_depr__c0p54__z1p05__lam0p030__nu0p50__psi1p00,hardzero_plus_depr,0.02,30,1189,0.0,1,0.50513935,0.50513935,1.1050847,0.0,0.07850825,0.0,0.0,6.6481432e-18,-28.95153,2.4312348,0.81041163,0.16800001,0.0,0.16976061,35.64017,35.67017,3808000
hardzero_plus_depr__c0p54__z1p05__lam0p030__nu0p50__psi1p00,hardzero_plus_depr,0.02,30,1190,0.0,1,0.50513935,0.50513935,0.9896382,0.102414586,0.102414586,1.0,6.6074495e-19,6.4516684e-18,-26.394676,2.1772475,0.7257492,0.208,0.0,0.13221121,35.67017,35.70017,3811200
hardzero_plus_depr__c0p54__z1p05__lam0p030__nu0p50__psi1p00,hardzero_plus_depr,0.02,30,1191,0.0,1,0.50513935,0.50513935,1.0309004,0.09313214,0.09313214,1.0,5.831004e-19,6.2610008e-18,-26.339762,2.268026,0.75600874,0.18400002,0.0,0.14717022,35.70017,35.730167,3814400
hardzero_plus_depr__c0p54__z1p05__lam0p030__nu0p50__psi1p00,hardzero_plus_depr,0.02,30,1192,0.0,1,0.50513935,0.50513935,1.0980285,0.0,0.07979423,0.0,0.0,6.075968e-18,-29.644474,2.415711,0.805237,0.112,0.0,0.14990363,35.730167,35.760166,3817600
hardzero_plus_depr__c0p54__z1p05__lam0p030__nu0p50__psi1p00,hardzero_plus_depr,0.02,30,1193,0.0,1,0.50513935,0.50513935,1.0095338,0.09782867,0.09782867,1.0,5.768373e-19,5.896403e-18,-26.360617,2.2210186,0.7403395,0.128,0.0,0.15673384,35.760166,35.790165,3820800
hardzero_plus_depr__c0p54__z1p05__lam0p030__nu0p50__psi1p00,hardzero_plus_depr,0.02,30,1194,0.0,1,0.50513935,0.50513935,1.0732287,0.0,0.08448338,0.0,0.0,5.7221447e-18,-27.52861,2.3611503,0.7870501,0.112,0.0,0.13713583,35.790165,35.820164,3824000
hardzero_plus_depr__c0p54__z1p05__lam0p030__nu0p50__psi1p00,hardzero_plus_depr,0.02,30,1195,0.0,1,0.50513935,0.50513935,0.9777112,0.105266154,0.105266154,1.0,5.845468e-19,5.5530367e-18,-26.058477,2.1510077,0.7170026,0.136,0.0,0.13044418,35.820164,35.850163,3827200
hardzero_plus_depr__c0p54__z1p05__lam0p030__nu0p50__psi1p00,hardzero_plus_depr,0.02,30,1196,0.0,1,0.50513935,0.50513935,1.104269,0.0,0.07865585,0.0,0.0,5.388926e-18,-28.149572,2.4294405,0.8098135,0.11,0.0,0.15652984,35.850163,35.88016,3830400
hardzero_plus_depr__c0p54__z1p05__lam0p030__nu0p50__psi1p00,hardzero_plus_depr,0.02,30,1197,0.0,1,0.50513935,0.50513935,1.0615922,0.0,0.08677761,0.0,0.0,5.2296654e-18,-27.019297,2.3355496,0.77851653,0.15200001,0.0,0.16845734,35.88016,35.91016,3833600
hardzero_plus_depr__c0p54__z1p05__lam0p030__nu0p50__psi1p00,hardzero_plus_depr,0.02,30,1198,0.0,1,0.50513935,0.50513935,1.0586035,0.0,0.087376855,0.0,0.0,5.075112e-18,-27.88009,2.3289742,0.77632475,0.136,0.0,0.15483394,35.91016,35.94016,3836800
hardzero_plus_depr__c0p54__z1p05__lam0p030__nu0p50__psi1p00,hardzero_plus_depr,0.02,30,1199,0.0,1,0.50513935,0.50513935,1.0076578,0.09825218,0.09825218,1.0,4.8390433e-19,4.925126e-18,-26.688086,2.2168913,0.7389638,0.14400001,0.0,0.1702147,35.94016,35.970158,3840000
hardzero_plus_depr__c0p54__z1p05__lam0p030__nu0p50__psi1p00,hardzero_plus_depr,0.02,30,1200,0.0,1,0.50513935,0.50513935,1.0130045,0.09704997,0.09704997,1.0,4.6385735e-19,4.7795724e-18,-27.293148,2.2286544,0.7428848,0.23200001,0.0,0.16074532,35.970158,36.000156,3843200
hardzero_plus_depr__c0p54__z1p05__lam0p030__nu0p50__psi1p00,hardzero_plus_depr,0.02,30,1201,0.0,1,0.50513935,0.50513935,1.016332,0.09630923,0.09630923,1.0,4.467131e-19,4.6383206e-18,-27.383966,2.235975,0.745325,0.16800001,0.0,0.1610076,36.000156,36.030155,3846400
hardzero_plus_depr__c0p54__z1p05__lam0p030__nu0p50__psi1p00,hardzero_plus_depr,0.02,30,1202,0.0,1,0.50513935,0.50513935,1.1043507,0.0,0.07864105,0.0,0.0,4.5012427e-18,-28.349129,2.42962,0.80987334,0.104,0.0,0.17438047,36.030155,36.060154,3849600
hardzero_plus_depr__c0p54__z1p05__lam0p030__nu0p50__psi1p00,hardzero_plus_depr,0.02,30,1203,0.0,1,0.50513935,0.50513935,1.0031773,0.099271074,0.099271074,1.0,4.336375e-19,4.368216e-18,-27.231209,2.207034,0.7356781,0.15200001,0.0,0.14703095,36.060154,36.090153,3852800
hardzero_plus_depr__c0p54__z1p05__lam0p030__nu0p50__psi1p00,hardzero_plus_depr,0.02,30,1204,0.0,1,0.50513935,0.50513935,1.026725,0.09403183,0.09403183,1.0,3.986123e-19,4.2391207e-18,-26.403381,2.2588403,0.7529468,0.128,0.0,0.14832877,36.090153,36.12015,3856000
hardzero_plus_depr__c0p54__z1p05__lam0p030__nu0p50__psi1p00,hardzero_plus_depr,0.02,30,1205,0.0,1,0.50513935,0.50513935,1.0630805,0.0,0.086480744,0.0,0.0,4.113841e-18,-27.631298,2.3388238,0.77960795,0.104,0.0,0.15825322,36.12015,36.15015,3859200
hardzero_plus_depr__c0p54__z1p05__lam0p030__nu0p50__psi1p00,hardzero_plus_depr,0.02,30,1206,0.0,1,0.50513935,0.50513935,1.0121716,0.0972363,0.0972363,1.0,3.8819294e-19,3.9922636e-18,-27.813616,2.2268221,0.74227405,0.120000005,0.0,0.16002461,36.15015,36.18015,3862400
hardzero_plus_depr__c0p54__z1p05__lam0p030__nu0p50__psi1p00,hardzero_plus_depr,0.02,30,1207,0.0,1,0.50513935,0.50513935,1.0116855,0.0973452,0.0973452,1.0,3.7714248e-19,3.874279e-18,-27.113224,2.2257526,0.74191755,0.192,0.0,0.147622,36.18015,36.210148,3865600
hardzero_plus_depr__c0p54__z1p05__lam0p030__nu0p50__psi1p00,hardzero_plus_depr,0.02,30,1208,0.0,1,0.50513935,0.50513935,1.0327626,0.09273365,0.09273365,1.0,3.4865828e-19,3.7597816e-18,-27.479998,2.272123,0.7573744,0.224,0.0,0.16409986,36.210148,36.240147,3868800
hardzero_plus_depr__c0p54__z1p05__lam0p030__nu0p50__psi1p00,hardzero_plus_depr,0.02,30,1209,0.0,1,0.50513935,0.50513935,1.0411859,0.0909524,0.0909524,1.0,3.3185504e-19,3.6486672e-18,-27.139702,2.2906547,0.7635516,0.13,0.0,0.11974068,36.240147,36.270145,3872000
hardzero_plus_depr__c0p54__z1p05__lam0p030__nu0p50__psi1p00,hardzero_plus_depr,0.02,30,1210,0.0,1,0.50513935,0.50513935,0.9519086,0.111709826,0.111709826,1.0,3.9554632e-19,3.540837e-18,-26.219059,2.0942407,0.69808024,0.24800001,0.0,0.15821603,36.270145,36.300144,3875200
hardzero_plus_depr__c0p54__z1p05__lam0p030__nu0p50__psi1p00,hardzero_plus_depr,0.02,30,1211,0.0,1,0.50513935,0.50513935,1.0353065,0.092192054,0.092192054,1.0,3.1678978e-19,3.4361939e-18,-26.443571,2.2777197,0.7592399,0.096,0.0,0.15903723,36.300144,36.330143,3878400
hardzero_plus_depr__c0p54__z1p05__lam0p030__nu0p50__psi1p00,hardzero_plus_depr,0.02,30,1212,0.0,1,0.50513935,0.50513935,1.0428395,0.090606734,0.090606734,1.0,3.021411e-19,3.334643e-18,-27.985804,2.2942927,0.76476425,0.104,0.0,0.15929423,36.330143,36.36014,3881600
hardzero_plus_depr__c0p54__z1p05__lam0p030__nu0p50__psi1p00,hardzero_plus_depr,0.02,30,1213,0.0,1,0.50513935,0.50513935,1.020208,0.095453516,0.095453516,1.0,3.088965e-19,3.2360935e-18,-26.704681,2.2445025,0.7481675,0.16000001,0.0,0.17433608,36.36014,36.39014,3884800
hardzero_plus_depr__c0p54__z1p05__lam0p030__nu0p50__psi1p00,hardzero_plus_depr,0.02,30,1214,0.0,1,0.50513935,0.50513935,1.0765485,0.0,0.08384006,0.0,0.0,3.1404563e-18,-27.192019,2.368454,0.7894847,0.136,0.0,0.16331065,36.39014,36.42014,3888000
hardzero_plus_depr__c0p54__z1p05__lam0p030__nu0p50__psi1p00,hardzero_plus_depr,0.02,30,1215,0.0,1,0.50513935,0.50513935,1.051599,0.0,0.08879755,0.0,0.0,3.0476454e-18,-28.368633,2.313564,0.771188,0.112,0.0,0.17293417,36.42014,36.450138,3891200
hardzero_plus_depr__c0p54__z1p05__lam0p030__nu0p50__psi1p00,hardzero_plus_depr,0.02,30,1216,0.0,1,0.50513935,0.50513935,1.0564029,0.0,0.08782073,0.0,0.0,2.9575775e-18,-28.219189,2.324133,0.774711,0.16000001,0.0,0.18572658,36.450138,36.480137,3894400
hardzero_plus_depr__c0p54__z1p05__lam0p030__nu0p50__psi1p00,hardzero_plus_depr,0.02,30,1217,0.0,1,0.50513935,0.50513935,1.0651891,0.0,0.08606188,0.0,0.0,2.8701716e-18,-27.6176,2.343463,0.78115433,0.16800001,0.0,0.1844042,36.480137,36.510136,3897600
hardzero_plus_depr__c0p54__z1p05__lam0p030__nu0p50__psi1p00,hardzero_plus_depr,0.02,30,1218,0.0,1,0.50513935,0.50513935,0.99056333,0.10219665,0.10219665,1.0,2.8465327e-19,2.7853483e-18,-26.532774,2.179283,0.7264277,0.136,0.0,0.14173794,36.510136,36.540134,3900800
hardzero_plus_depr__c0p54__z1p05__lam0p030__nu0p50__psi1p00,hardzero_plus_depr,0.02,30,1219,0.0,1,0.50513935,0.50513935,1.0831355,0.0,0.082578026,0.0,0.0,2.703032e-18,-28.747839,2.3829455,0.7943152,0.17600001,0.0,0.1750314,36.540134,36.570133,3904000
hardzero_plus_depr__c0p54__z1p05__lam0p030__nu0p50__psi1p00,hardzero_plus_depr,0.02,30,1220,0.0,1,0.50513935,0.50513935,1.0356688,0.092115164,0.092115164,1.0,2.416318e-19,2.6231487e-18,-27.329563,2.278517,0.7595057,0.072000004,0.0,0.18187635,36.570133,36.600132,3907200
hardzero_plus_depr__c0p54__z1p05__lam0p030__nu0p50__psi1p00,hardzero_plus_depr,0.02,30,1221,0.0,1,0.50513935,0.50513935,0.98116064,0.104433395,0.104433395,1.0,2.658484e-19,2.5456264e-18,-25.926487,2.1585965,0.7195322,0.17600001,0.0,0.12671952,36.600132,36.63013,3910400
hardzero_plus_depr__c0p54__z1p05__lam0p030__nu0p50__psi1p00,hardzero_plus_depr,0.02,30,1222,0.0,1,0.50513935,0.50513935,1.0051359,0.09882438,0.09882438,1.0,2.4413522e-19,2.4703945e-18,-27.099234,2.211343,0.73711437,0.14,0.0,0.1931114,36.63013,36.66013,3913600
hardzero_plus_depr__c0p54__z1p05__lam0p030__nu0p50__psi1p00,hardzero_plus_depr,0.02,30,1223,0.0,1,0.50513935,0.50513935,1.1082509,0.0,0.077937976,0.0,0.0,2.3973863e-18,-28.97365,2.4382005,0.81273353,0.15200001,0.0,0.16999729,36.66013,36.69013,3916800
hardzero_plus_depr__c0p54__z1p05__lam0p030__nu0p50__psi1p00,hardzero_plus_depr,0.02,30,1224,0.0,1,0.50513935,0.50513935,1.0071537,0.09836628,0.09836628,1.0,2.2885267e-19,2.3265356e-18,-27.270536,2.2157824,0.7385942,0.17600001,0.0,0.14047265,36.69013,36.720127,3920000
hardzero_plus_depr__c0p54__z1p05__lam0p030__nu0p50__psi1p00,hardzero_plus_depr,0.02,30,1225,0.0,1,0.50513935,0.50513935,1.0338501,0.092501745,0.092501745,1.0,2.0884847e-19,2.2577787e-18,-27.635391,2.2745156,0.7581719,0.15200001,0.0,0.158633,36.720127,36.750126,3923200
hardzero_plus_depr__c0p54__z1p05__lam0p030__nu0p50__psi1p00,hardzero_plus_depr,0.02,30,1226,0.0,1,0.50513935,0.50513935,1.0149419,0.096618004,0.096618004,1.0,2.1169527e-19,2.191054e-18,-26.859509,2.2329168,0.7443056,0.15200001,0.0,0.15684573,36.750126,36.780125,3926400
hardzero_plus_depr__c0p54__z1p05__lam0p030__nu0p50__psi1p00,hardzero_plus_depr,0.02,30,1227,0.0,1,0.50513935,0.50513935,1.0540067,0.0,0.08830662,0.0,0.0,2.1263013e-18,-28.050858,2.318861,0.7729537,0.16800001,0.0,0.16797766,36.780125,36.810123,3929600
hardzero_plus_depr__c0p54__z1p05__lam0p030__nu0p50__psi1p00,hardzero_plus_depr,0.02,30,1228,0.0,1,0.50513935,0.50513935,1.0165241,0.09626667,0.09626667,1.0,1.9864262e-19,2.063462e-18,-27.78274,2.2363975,0.7454659,0.224,0.008,0.16425705,36.810123,36.840122,3932800
hardzero_plus_depr__c0p54__z1p05__lam0p030__nu0p50__psi1p00,hardzero_plus_depr,0.02,30,1229,0.0,1,0.50513935,0.50513935,1.0416598,0.090853184,0.090853184,1.0,1.8193168e-19,2.00248e-18,-27.248268,2.2916973,0.7638991,0.136,0.0,0.14669178,36.840122,36.87012,3936000
hardzero_plus_depr__c0p54__z1p05__lam0p030__nu0p50__psi1p00,hardzero_plus_depr,0.02,30,1230,0.0,1,0.50513935,0.50513935,1.032758,0.09273465,0.09273465,1.0,1.8021126e-19,1.9433002e-18,-27.749937,2.272113,0.75737107,0.14400001,0.0,0.15135023,36.87012,36.90012,3939200
hardzero_plus_depr__c0p54__z1p05__lam0p030__nu0p50__psi1p00,hardzero_plus_depr,0.02,30,1231,0.0,1,0.50513935,0.50513935,1.0403231,0.09113326,0.09113326,1.0,1.7186541e-19,1.8858692e-18,-27.068985,2.2887566,0.7629189,0.16000001,0.0,0.15982603,36.90012,36.93012,3942400
hardzero_plus_depr__c0p54__z1p05__lam0p030__nu0p50__psi1p00,hardzero_plus_depr,0.02,30,1232,0.0,1,0.50513935,0.50513935,1.0146576,0.09668129,0.09668129,1.0,1.7693988e-19,1.8301357e-18,-27.316072,2.2322915,0.7440972,0.112,0.0,0.15914728,36.93012,36.960117,3945600
hardzero_plus_depr__c0p54__z1p05__lam0p030__nu0p50__psi1p00,hardzero_plus_depr,0.02,30,1233,0.0,1,0.50513935,0.50513935,1.0272887,0.09390989,0.09390989,1.0,1.6678859e-19,1.7760492e-18,-26.983461,2.26008,0.75336003,0.17600001,0.008,0.14983666,36.960117,36.990116,3948800
hardzero_plus_depr__c0p54__z1p05__lam0p030__nu0p50__psi1p00,hardzero_plus_depr,0.02,30,1234,0.0,1,0.50513935,0.50513935,1.0486429,0.08940404,0.08940404,1.0,1.5409332e-19,1.723561e-18,-27.624825,2.3070605,0.7690202,0.17600001,0.0,0.1716182,36.990116,37.020115,3952000
hardzero_plus_depr__c0p54__z1p05__lam0p030__nu0p50__psi1p00,hardzero_plus_depr,0.02,30,1235,0.0,1,0.50513935,0.50513935,1.0271049,0.09394963,0.09394963,1.0,1.5714242e-19,1.6726241e-18,-27.189344,2.2596757,0.75322527,0.17999999,0.0,0.16932085,37.020115,37.050114,3955200
hardzero_plus_depr__c0p54__z1p05__lam0p030__nu0p50__psi1p00,hardzero_plus_depr,0.02,30,1236,0.0,1,0.50513935,0.50513935,1.0308684,0.093139,0.093139,1.0,1.5118253e-19,1.6231926e-18,-27.391127,2.2679558,0.75598526,0.15200001,0.0,0.17914101,37.050114,37.080112,3958400
hardzero_plus_depr__c0p54__z1p05__lam0p030__nu0p50__psi1p00,hardzero_plus_depr,0.02,30,1237,0.0,1,0.50513935,0.50513935,1.015468,0.09650104,0.09650104,1.0,1.5201055e-19,1.575222e-18,-27.854439,2.234074,0.7446914,0.17600001,0.0,0.17388621,37.080112,37.11011,3961600
hardzero_plus_depr__c0p54__z1p05__lam0p030__nu0p50__psi1p00,hardzero_plus_depr,0.02,30,1238,0.0,1,0.50513935,0.50513935,1.0723764,0.0,0.084649354,0.0,0.0,1.528669e-18,-27.689146,2.359275,0.78642505,0.120000005,0.0,0.20102492,37.11011,37.14011,3964800
hardzero_plus_depr__c0p54__z1p05__lam0p030__nu0p50__psi1p00,hardzero_plus_depr,0.02,30,1239,0.0,1,0.50513935,0.50513935,1.0395418,0.091297336,0.091297336,1.0,1.3543886e-19,1.4834919e-18,-27.462095,2.2870376,0.7623459,0.15200001,0.0,0.17769425,37.14011,37.17011,3968000
hardzero_plus_depr__c0p54__z1p05__lam0p030__nu0p50__psi1p00,hardzero_plus_depr,0.02,30,1240,0.0,1,0.50513935,0.50513935,1.0184339,0.095844254,0.095844254,1.0,1.3798215e-19,1.4396497e-18,-27.35817,2.2405994,0.74686646,0.112,0.0,0.16888583,37.17011,37.200108,3971200
hardzero_plus_depr__c0p54__z1p05__lam0p030__nu0p50__psi1p00,hardzero_plus_depr,0.02,30,1241,0.0,1,0.50513935,0.50513935,1.0403082,0.091136366,0.091136366,1.0,1.2732693e-19,1.3971034e-18,-27.714834,2.2887237,0.7629079,0.192,0.0,0.16553944,37.200108,37.230106,3974400
hardzero_plus_depr__c0p54__z1p05__lam0p030__nu0p50__psi1p00,hardzero_plus_depr,0.02,30,1242,0.0,1,0.50513935,0.50513935,1.0757964,0.0,0.083985366,0.0,0.0,1.3558144e-18,-28.625216,2.3667994,0.78893316,0.192,0.0,0.18752082,37.230106,37.260105,3977600
hardzero_plus_depr__c0p54__z1p05__lam0p030__nu0p50__psi1p00,hardzero_plus_depr,0.02,30,1243,0.0,1,0.50513935,0.50513935,1.0617236,0.0,0.08675137,0.0,0.0,1.3157456e-18,-28.032026,2.3358386,0.77861285,0.16000001,0.0,0.20049974,37.260105,37.290104,3980800
hardzero_plus_depr__c0p54__z1p05__lam0p030__nu0p50__psi1p00,hardzero_plus_depr,0.02,30,1244,0.0,1,0.50513935,0.50513935,1.0218757,0.095087685,0.095087685,1.0,1.2141376e-19,1.2768611e-18,-27.836866,2.2481716,0.74939054,0.120000005,0.0,0.16541497,37.290104,37.320103,3984000
hardzero_plus_depr__c0p54__z1p05__lam0p030__nu0p50__psi1p00,hardzero_plus_depr,0.02,30,1245,0.0,1,0.50513935,0.50513935,1.0554739,0.0,0.08800879,0.0,0.0,1.2391256e-18,-28.31334,2.322089,0.7740297,0.16000001,0.0,0.16570038,37.320103,37.3501,3987200
hardzero_plus_depr__c0p54__z1p05__lam0p030__nu0p50__psi1p00,hardzero_plus_depr,0.02,30,1246,0.0,1,0.50513935,0.50513935,1.1396699,0.0,0.07249867,0.0,0.0,1.2025053e-18,-29.060513,2.5073237,0.8357746,0.15200001,0.0,0.18868719,37.3501,37.3801,3990400
hardzero_plus_depr__c0p54__z1p05__lam0p030__nu0p50__psi1p00,hardzero_plus_depr,0.02,30,1247,0.0,1,0.50513935,0.50513935,0.99254763,0.10173078,0.10173078,1.0,1.187165e-19,1.1669673e-18,-26.895235,2.1836483,0.7278828,0.136,0.0,0.14277942,37.3801,37.4101,3993600
hardzero_plus_depr__c0p54__z1p05__lam0p030__nu0p50__psi1p00,hardzero_plus_depr,0.02,30,1248,0.0,1,0.50513935,0.50513935,1.0725362,0.0,0.084618196,0.0,0.0,1.1324797e-18,-29.074553,2.3596268,0.7865423,0.12,0.0,0.16895293,37.4101,37.440098,3996800
hardzero_plus_depr__c0p54__z1p05__lam0p030__nu0p50__psi1p00,hardzero_plus_depr,0.02,30,1249,0.0,1,0.50513935,0.50513935,1.057141,0.0,0.08767161,0.0,0.0,1.0990112e-18,-27.642984,2.3257565,0.7752522,0.15200001,0.0,0.19475676,37.440098,37.470097,4000000
hardzero_plus_depr__c0p54__z1p05__lam0p030__nu0p50__psi1p00,hardzero_plus_depr,0.02,31,0,1.0,1,1.0,0.45999998,1.0543426,0.0,0.08823835,0.0,0.0,0.02,-28.133818,2.3196,0.77320004,0.22,0.0,0.13735205,0.0,0.0,3200
hardzero_plus_depr__c0p54__z1p05__lam0p030__nu0p50__psi1p00,hardzero_plus_depr,0.02,31,1,0.0,1,0.45999998,0.46211478,0.9757627,0.10573949,0.10573949,1.0,0.0021147898,0.02,-25.809076,2.146721,0.71557367,0.16800001,0.0,0.13332689,0.0,0.03,6400
hardzero_plus_depr__c0p54__z1p05__lam0p030__nu0p50__psi1p00,hardzero_plus_depr,0.02,31,2,0.0,1,0.46211478,0.46391287,1.0331919,0.09264203,0.09264203,1.0,0.001798081,0.019408911,-27.359123,2.2730677,0.75768924,0.16800001,0.0,0.13883123,0.03,0.06,9600
hardzero_plus_depr__c0p54__z1p05__lam0p030__nu0p50__psi1p00,hardzero_plus_depr,0.02,31,3,0.0,1,0.46391287,0.46391287,1.0735608,0.0,0.08441879,0.0,0.0,0.018835291,-27.975704,2.361881,0.7872937,0.080000006,0.0,0.16461343,0.06,0.089999996,12800
hardzero_plus_depr__c0p54__z1p05__lam0p030__nu0p50__psi1p00,hardzero_plus_depr,0.02,31,4,0.0,1,0.46391287,0.46391287,1.0536997,0.0,0.088369064,0.0,0.0,0.018278625,-28.111158,2.3181856,0.77272856,0.14400001,0.0,0.1629376,0.089999996,0.12,16000
hardzero_plus_depr__c0p54__z1p05__lam0p030__nu0p50__psi1p00,hardzero_plus_depr,0.02,31,5,0.0,1,0.46391287,0.46553236,1.0395344,0.091298886,0.091298886,1.0,0.0016194968,0.017738407,-27.4937,2.2870214,0.7623405,0.16800001,0.0,0.15533362,0.12,0.14999999,19200
hardzero_plus_depr__c0p54__z1p05__lam0p030__nu0p50__psi1p00,hardzero_plus_depr,0.02,31,6,0.0,1,0.46553236,0.46717745,1.019696,0.09556612,0.09556612,1.0,0.0016450904,0.017214159,-27.168457,2.243376,0.747792,0.23200001,0.0,0.14556813,0.14999999,0.17999999,22400
hardzero_plus_depr__c0p54__z1p05__lam0p030__nu0p50__psi1p00,hardzero_plus_depr,0.02,31,7,0.0,1,0.46717745,0.46717745,1.0864192,0.0,0.08195599,0.0,0.0,0.016705405,-27.365583,2.39017,0.79672337,0.128,0.0,0.16971922,0.17999999,0.21,25600
hardzero_plus_depr__c0p54__z1p05__lam0p030__nu0p50__psi1p00,hardzero_plus_depr,0.02,31,8,0.0,1,0.46717745,0.46863577,1.0459735,0.08995523,0.08995523,1.0,0.0014583259,0.016211685,-28.027979,2.3011878,0.7670626,0.128,0.0,0.1835905,0.21,0.24,28800
hardzero_plus_depr__c0p54__z1p05__lam0p030__nu0p50__psi1p00,hardzero_plus_depr,0.02,31,9,0.0,1,0.46863577,0.47025287,0.9880587,0.10278773,0.10278773,1.0,0.0016171138,0.015732557,-26.301424,2.1737726,0.7245909,0.16000001,0.0,0.14571661,0.24,0.26999998,32000
hardzero_plus_depr__c0p54__z1p05__lam0p030__nu0p50__psi1p00,hardzero_plus_depr,0.02,31,10,0.0,1,0.47025287,0.47167367,1.0312346,0.09306049,0.09306049,1.0,0.0014208094,0.01526759,-28.457836,2.2687614,0.75625384,0.18400002,0.0,0.15853511,0.26999998,0.29999998,35200
hardzero_plus_depr__c0p54__z1p05__lam0p030__nu0p50__psi1p00,hardzero_plus_depr,0.02,31,11,0.0,1,0.47167367,0.4730088,1.0452151,0.09011246,0.09011246,1.0,0.001335139,0.014816363,-26.980114,2.2995193,0.76650643,0.136,0.0,0.1224344,0.29999998,0.32999998,38400
hardzero_plus_depr__c0p54__z1p05__lam0p030__nu0p50__psi1p00,hardzero_plus_depr,0.02,31,12,0.0,1,0.4730088,0.47432876,1.0371548,0.09180054,0.09180054,1.0,0.0013199518,0.014378476,-27.341097,2.2817862,0.76059544,0.136,0.0,0.14319625,0.32999998,0.35999998,41600
hardzero_plus_depr__c0p54__z1p05__lam0p030__nu0p50__psi1p00,hardzero_plus_depr,0.02,31,13,0.0,1,0.47432876,0.47559774,1.04123,0.090943165,0.090943165,1.0,0.0012689779,0.0139535265,-28.192152,2.2907517,0.7635839,0.11,0.0,0.17045574,0.35999998,0.39,44800
hardzero_plus_depr__c0p54__z1p05__lam0p030__nu0p50__psi1p00,hardzero_plus_depr,0.02,31,14,0.0,1,0.47559774,0.4768572,1.0314773,0.0930085,0.0930085,1.0,0.0012594409,0.013541138,-27.820738,2.2692955,0.7564318,0.18400002,0.0,0.13435356,0.39,0.42,48000
hardzero_plus_depr__c0p54__z1p05__lam0p030__nu0p50__psi1p00,hardzero_plus_depr,0.02,31,15,0.0,1,0.4768572,0.4768572,1.086392,0.0,0.08196113,0.0,0.0,0.013140936,-28.378933,2.3901103,0.79670346,0.16000001,0.0,0.14323309,0.42,0.45,51200
hardzero_plus_depr__c0p54__z1p05__lam0p030__nu0p50__psi1p00,hardzero_plus_depr,0.02,31,16,0.0,1,0.4768572,0.4780114,1.0433141,0.09050778,0.09050778,1.0,0.0011542062,0.012752563,-28.603165,2.295337,0.76511234,0.14400001,0.0,0.16340826,0.45,0.48,54400
hardzero_plus_depr__c0p54__z1p05__lam0p030__nu0p50__psi1p00,hardzero_plus_depr,0.02,31,17,0.0,1,0.4780114,0.4780114,1.0525787,0.0,0.08859748,0.0,0.0,0.012375668,-27.445099,2.3157194,0.7719065,0.104,0.0,0.14031667,0.48,0.51,57600
hardzero_plus_depr__c0p54__z1p05__lam0p030__nu0p50__psi1p00,hardzero_plus_depr,0.02,31,18,0.0,1,0.4780114,0.4780114,1.0775815,0.0,0.08364086,0.0,0.0,0.012009911,-28.590044,2.3707266,0.7902422,0.16800001,0.0,0.15327322,0.51,0.53999996,60800
hardzero_plus_depr__c0p54__z1p05__lam0p030__nu0p50__psi1p00,hardzero_plus_depr,0.02,31,19,0.0,1,0.4780114,0.47919294,0.9940626,0.101376526,0.101376526,1.0,0.0011815398,0.011654965,-26.08415,2.1869814,0.72899383,0.17600001,0.0,0.1353034,0.53999996,0.56999993,64000
hardzero_plus_depr__c0p54__z1p05__lam0p030__nu0p50__psi1p00,hardzero_plus_depr,0.02,31,20,0.0,1,0.47919294,0.48035532,0.9881332,0.10277012,0.10277012,1.0,0.0011623824,0.011310509,-26.685947,2.1739364,0.7246455,0.208,0.0,0.13257454,0.56999993,0.5999999,67200
hardzero_plus_depr__c0p54__z1p05__lam0p030__nu0p50__psi1p00,hardzero_plus_depr,0.02,31,21,0.0,1,0.48035532,0.48035532,1.0682087,0.0,0.08546559,0.0,0.0,0.0109762335,-27.30553,2.350106,0.7833687,0.16000001,0.0,0.13717349,0.5999999,0.6299999,70400
hardzero_plus_depr__c0p54__z1p05__lam0p030__nu0p50__psi1p00,hardzero_plus_depr,0.02,31,22,0.0,1,0.48035532,0.48142353,0.99876726,0.10028426,0.10028426,1.0,0.0010682116,0.010651837,-26.434687,2.197332,0.732444,0.128,0.0,0.12570411,0.6299999,0.65999985,73600
hardzero_plus_depr__c0p54__z1p05__lam0p030__nu0p50__psi1p00,hardzero_plus_depr,0.02,31,23,0.0,1,0.48142353,0.48260623,0.94151515,0.114415504,0.114415504,1.0,0.0011827161,0.010337027,-26.425581,2.0713747,0.69045824,0.18400002,0.0,0.14299983,0.65999985,0.6899998,76800
hardzero_plus_depr__c0p54__z1p05__lam0p030__nu0p50__psi1p00,hardzero_plus_depr,0.02,31,24,0.0,1,0.48260623,0.48260623,1.052723,0.0,0.08856801,0.0,0.0,0.010031523,-27.176956,2.316037,0.77201235,0.18400002,0.0,0.15745032,0.6899998,0.7199998,80000
hardzero_plus_depr__c0p54__z1p05__lam0p030__nu0p50__psi1p00,hardzero_plus_depr,0.02,31,25,0.0,1,0.48260623,0.48260623,1.0587808,0.0,0.0873412,0.0,0.0,0.009735047,-27.22175,2.3293643,0.7764548,0.17600001,0.0,0.17290983,0.7199998,0.74999976,83200
hardzero_plus_depr__c0p54__z1p05__lam0p030__nu0p50__psi1p00,hardzero_plus_depr,0.02,31,26,0.0,1,0.48260623,0.48354527,1.0026221,0.09939805,0.09939805,1.0,0.0009390465,0.009447333,-27.780989,2.2058127,0.7352709,0.12,0.0,0.19708142,0.74999976,0.77999973,86400
hardzero_plus_depr__c0p54__z1p05__lam0p030__nu0p50__psi1p00,hardzero_plus_depr,0.02,31,27,0.0,1,0.48354527,0.4844112,1.0247996,0.09444966,0.09444966,1.0,0.0008659261,0.009168123,-27.093378,2.254604,0.7515347,0.16800001,0.0,0.15242843,0.77999973,0.8099997,89600
hardzero_plus_depr__c0p54__z1p05__lam0p030__nu0p50__psi1p00,hardzero_plus_depr,0.02,31,28,0.0,1,0.4844112,0.48521483,1.0441958,0.09032423,0.09032423,1.0,0.00080362946,0.008897164,-27.29662,2.2972765,0.7657589,0.14400001,0.0,0.14653659,0.8099997,0.8399997,92800
hardzero_plus_depr__c0p54__z1p05__lam0p030__nu0p50__psi1p00,hardzero_plus_depr,0.02,31,29,0.0,1,0.48521483,0.48521483,1.0600379,0.0,0.08708876,0.0,0.0,0.008634213,-28.009693,2.3321297,0.7773766,0.17600001,0.0,0.15074928,0.8399997,0.86999965,96000
hardzero_plus_depr__c0p54__z1p05__lam0p030__nu0p50__psi1p00,hardzero_plus_depr,0.02,31,30,0.0,1,0.48521483,0.48598325,1.0375925,0.09170805,0.09170805,1.0,0.0007684248,0.008379034,-27.69179,2.2827492,0.7609164,0.16000001,0.0,0.16604522,0.86999965,0.8999996,99200
hardzero_plus_depr__c0p54__z1p05__lam0p030__nu0p50__psi1p00,hardzero_plus_depr,0.02,31,31,0.0,1,0.48598325,0.48676816,1.0153564,0.09652584,0.09652584,1.0,0.0007848899,0.008131397,-26.787193,2.2338288,0.7446096,0.16000001,0.0,0.14010496,0.8999996,0.9299996,102400
hardzero_plus_depr__c0p54__z1p05__lam0p030__nu0p50__psi1p00,hardzero_plus_depr,0.02,31,32,0.0,1,0.48676816,0.4875943,0.9800701,0.10469596,0.10469596,1.0,0.000826164,0.007891078,-26.704494,2.1561973,0.7187325,0.224,0.0,0.14756455,0.9299996,0.95999956,105600
hardzero_plus_depr__c0p54__z1p05__lam0p030__nu0p50__psi1p00,hardzero_plus_depr,0.02,31,33,0.0,1,0.4875943,0.4875943,1.0777675,0.0,0.08360505,0.0,0.0,0.007657861,-28.54926,2.3711357,0.7903786,0.17600001,0.0,0.1888982,0.95999956,0.98999953,108800
hardzero_plus_depr__c0p54__z1p05__lam0p030__nu0p50__psi1p00,hardzero_plus_depr,0.02,31,34,0.0,1,0.4875943,0.4875943,1.080604,0.0,0.083060786,0.0,0.0,0.0074315374,-27.841234,2.377376,0.7924587,0.136,0.0,0.16905868,0.98999953,1.0199995,112000
hardzero_plus_depr__c0p54__z1p05__lam0p030__nu0p50__psi1p00,hardzero_plus_depr,0.02,31,35,0.0,1,0.4875943,0.48830718,1.0050426,0.098845616,0.098845616,1.0,0.000712865,0.0072119026,-26.738241,2.2111378,0.73704594,0.17600001,0.0,0.14547412,1.0199995,1.0499995,115200
hardzero_plus_depr__c0p54__z1p05__lam0p030__nu0p50__psi1p00,hardzero_plus_depr,0.02,31,36,0.0,1,0.48830718,0.4889855,1.0135862,0.09692009,0.09692009,1.0,0.0006783203,0.0069987588,-27.328068,2.229934,0.74331135,0.136,0.0,0.12299818,1.0499995,1.0799994,118400
hardzero_plus_depr__c0p54__z1p05__lam0p030__nu0p50__psi1p00,hardzero_plus_depr,0.02,31,37,0.0,1,0.4889855,0.4889855,1.0583012,0.0,0.08743771,0.0,0.0,0.006791914,-27.666498,2.328309,0.776103,0.192,0.0,0.15534277,1.0799994,1.1099994,121600
hardzero_plus_depr__c0p54__z1p05__lam0p030__nu0p50__psi1p00,hardzero_plus_depr,0.02,31,38,0.0,1,0.4889855,0.48962563,1.0127068,0.09711654,0.09711654,1.0,0.00064011285,0.0065911827,-27.065918,2.2279994,0.7426665,0.16800001,0.0,0.15671393,1.1099994,1.1399994,124800
hardzero_plus_depr__c0p54__z1p05__lam0p030__nu0p50__psi1p00,hardzero_plus_depr,0.02,31,39,0.0,1,0.48962563,0.4902503,1.0102891,0.097658694,0.097658694,1.0,0.0006246625,0.006396384,-27.357416,2.2226803,0.7408935,0.16,0.0,0.13097112,1.1399994,1.1699994,128000
hardzero_plus_depr__c0p54__z1p05__lam0p030__nu0p50__psi1p00,hardzero_plus_depr,0.02,31,40,0.0,1,0.4902503,0.490827,1.0319415,0.09290914,0.09290914,1.0,0.00057671894,0.006207343,-27.488401,2.2703166,0.7567722,0.14400001,0.0,0.13412103,1.1699994,1.1999993,131200
hardzero_plus_depr__c0p54__z1p05__lam0p030__nu0p50__psi1p00,hardzero_plus_depr,0.02,31,41,0.0,1,0.490827,0.49138403,1.0339999,0.09246984,0.09246984,1.0,0.000557028,0.006023888,-27.37003,2.2748454,0.7582818,0.14400001,0.0,0.14325188,1.1999993,1.2299993,134400
hardzero_plus_depr__c0p54__z1p05__lam0p030__nu0p50__psi1p00,hardzero_plus_depr,0.02,31,42,0.0,1,0.49138403,0.4919585,1.0075707,0.09827188,0.09827188,1.0,0.0005744832,0.0058458555,-26.833645,2.2166998,0.73889995,0.2,0.0,0.14812978,1.2299993,1.2599993,137600
hardzero_plus_depr__c0p54__z1p05__lam0p030__nu0p50__psi1p00,hardzero_plus_depr,0.02,31,43,0.0,1,0.4919585,0.4919585,1.1031498,0.0,0.07885881,0.0,0.0,0.005673084,-28.123947,2.4269779,0.8089926,0.112,0.0,0.14698014,1.2599993,1.2899992,140800
hardzero_plus_depr__c0p54__z1p05__lam0p030__nu0p50__psi1p00,hardzero_plus_depr,0.02,31,44,0.0,1,0.4919585,0.4925662,0.95710784,0.110380426,0.110380426,1.0,0.0006076906,0.00550542,-25.712551,2.1056793,0.7018931,0.16800001,0.0,0.14180993,1.2899992,1.3199992,144000
hardzero_plus_depr__c0p54__z1p05__lam0p030__nu0p50__psi1p00,hardzero_plus_depr,0.02,31,45,0.0,1,0.4925662,0.4925662,1.076389,0.0,0.08387084,0.0,0.0,0.00534271,-28.18697,2.368103,0.7893677,0.208,0.0,0.1516255,1.3199992,1.3499992,147200
hardzero_plus_depr__c0p54__z1p05__lam0p030__nu0p50__psi1p00,hardzero_plus_depr,0.02,31,46,0.0,1,0.4925662,0.49304184,1.0374409,0.091740064,0.091740064,1.0,0.0004756548,0.0051848097,-27.224537,2.2824156,0.76080525,0.120000005,0.0,0.13951482,1.3499992,1.3799992,150400
hardzero_plus_depr__c0p54__z1p05__lam0p030__nu0p50__psi1p00,hardzero_plus_depr,0.02,31,47,0.0,1,0.49304184,0.49350646,1.0345994,0.09234228,0.09234228,1.0,0.00046462714,0.0050315754,-27.251358,2.276164,0.75872135,0.136,0.0,0.15912727,1.3799992,1.4099991,153600
hardzero_plus_depr__c0p54__z1p05__lam0p030__nu0p50__psi1p00,hardzero_plus_depr,0.02,31,48,0.0,1,0.49350646,0.4939476,1.0441113,0.0903418,0.0903418,1.0,0.00044112725,0.00488287,-27.759418,2.2970905,0.7656969,0.136,0.0,0.13076286,1.4099991,1.4399991,156800
hardzero_plus_depr__c0p54__z1p05__lam0p030__nu0p50__psi1p00,hardzero_plus_depr,0.02,31,49,0.0,1,0.4939476,0.49438995,1.0298609,0.09335534,0.09335534,1.0,0.00044236984,0.0047385595,-27.454067,2.2657392,0.7552464,0.136,0.0,0.15322693,1.4399991,1.4699991,160000
hardzero_plus_depr__c0p54__z1p05__lam0p030__nu0p50__psi1p00,hardzero_plus_depr,0.02,31,50,0.0,1,0.49438995,0.49438995,1.0555937,0.0,0.08798452,0.0,0.0,0.004598514,-28.04836,2.3223526,0.7741176,0.17600001,0.0,0.1694857,1.4699991,1.499999,163200
hardzero_plus_depr__c0p54__z1p05__lam0p030__nu0p50__psi1p00,hardzero_plus_depr,0.02,31,51,0.0,1,0.49438995,0.49438995,1.073828,0.0,0.08436688,0.0,0.0,0.0044626077,-27.682713,2.3624687,0.7874896,0.08800001,0.0,0.18501411,1.499999,1.529999,166400
hardzero_plus_depr__c0p54__z1p05__lam0p030__nu0p50__psi1p00,hardzero_plus_depr,0.02,31,52,0.0,1,0.49438995,0.49484503,0.97845876,0.10508512,0.10508512,1.0,0.000455094,0.004330718,-25.656494,2.1526523,0.71755075,0.24,0.0,0.12619928,1.529999,1.559999,169600
hardzero_plus_depr__c0p54__z1p05__lam0p030__nu0p50__psi1p00,hardzero_plus_depr,0.02,31,53,0.0,1,0.49484503,0.49484503,1.0895594,0.0,0.08136554,0.0,0.0,0.0042027254,-28.868591,2.3970788,0.79902625,0.16800001,0.0,0.17665188,1.559999,1.589999,172800
hardzero_plus_depr__c0p54__z1p05__lam0p030__nu0p50__psi1p00,hardzero_plus_depr,0.02,31,54,0.0,1,0.49484503,0.49484503,1.052408,0.0,0.08863229,0.0,0.0,0.0040785163,-27.613653,2.3153439,0.7717813,0.096,0.0,0.14552641,1.589999,1.6199989,176000
hardzero_plus_depr__c0p54__z1p05__lam0p030__nu0p50__psi1p00,hardzero_plus_depr,0.02,31,55,0.0,1,0.49484503,0.49521443,1.0299733,0.09333117,0.09333117,1.0,0.00036940273,0.003957978,-26.81523,2.2659864,0.75532883,0.136,0.0,0.12895684,1.6199989,1.6499989,179200
hardzero_plus_depr__c0p54__z1p05__lam0p030__nu0p50__psi1p00,hardzero_plus_depr,0.02,31,56,0.0,1,0.49521443,0.4955822,1.018889,0.09574387,0.09574387,1.0,0.00036775245,0.0038410025,-27.541895,2.2416005,0.7472002,0.16000001,0.0,0.17734864,1.6499989,1.6799989,182400
hardzero_plus_depr__c0p54__z1p05__lam0p030__nu0p50__psi1p00,hardzero_plus_depr,0.02,31,57,0.0,1,0.4955822,0.4955822,1.0743732,0.0,0.084261015,0.0,0.0,0.0037274836,-28.0092,2.3636684,0.7878895,0.15200001,0.0,0.16671556,1.6799989,1.7099988,185600
hardzero_plus_depr__c0p54__z1p05__lam0p030__nu0p50__psi1p00,hardzero_plus_depr,0.02,31,58,0.0,1,0.4955822,0.4955822,1.0923542,0.0,0.08084363,0.0,0.0,0.00361732,-28.194029,2.403227,0.8010757,0.15200001,0.0,0.17349055,1.7099988,1.7399988,188800
hardzero_plus_depr__c0p54__z1p05__lam0p030__nu0p50__psi1p00,hardzero_plus_depr,0.02,31,59,0.0,1,0.4955822,0.49591827,1.0189004,0.09574136,0.09574136,1.0,0.00033609162,0.0035104118,-26.946136,2.2416255,0.74720854,0.136,0.008,0.11766117,1.7399988,1.7699988,192000
hardzero_plus_depr__c0p54__z1p05__lam0p030__nu0p50__psi1p00,hardzero_plus_depr,0.02,31,60,0.0,1,0.49591827,0.49591827,1.0633894,0.0,0.08641926,0.0,0.0,0.0034066641,-28.124159,2.3395035,0.7798345,0.128,0.0,0.15127224,1.7699988,1.7999988,195200
hardzero_plus_depr__c0p54__z1p05__lam0p030__nu0p50__psi1p00,hardzero_plus_depr,0.02,31,61,0.0,1,0.49591827,0.4962377,1.0149481,0.096616626,0.096616626,1.0,0.00031941282,0.0033059819,-26.228046,2.2329304,0.74431014,0.192,0.0,0.16054286,1.7999988,1.8299987,198400
hardzero_plus_depr__c0p54__z1p05__lam0p030__nu0p50__psi1p00,hardzero_plus_depr,0.02,31,62,0.0,1,0.4962377,0.4965387,1.0276841,0.09382442,0.09382442,1.0,0.00030101457,0.0032082754,-26.436905,2.26095,0.75365007,0.14400001,0.0,0.12805374,1.8299987,1.8599987,201600
hardzero_plus_depr__c0p54__z1p05__lam0p030__nu0p50__psi1p00,hardzero_plus_depr,0.02,31,63,0.0,1,0.4965387,0.4965387,1.0921714,0.0,0.080877654,0.0,0.0,0.0031134563,-27.568777,2.402825,0.8009417,0.120000005,0.0,0.14881358,1.8599987,1.8899987,204800
hardzero_plus_depr__c0p54__z1p05__lam0p030__nu0p50__psi1p00,hardzero_plus_depr,0.02,31,64,0.0,1,0.4965387,0.49682924,1.0169817,0.09616527,0.09616527,1.0,0.00029055763,0.0030214402,-27.683495,2.2374043,0.74580145,0.23200001,0.0,0.1624113,1.8899987,1.9199986,208000
hardzero_plus_depr__c0p54__z1p05__lam0p030__nu0p50__psi1p00,hardzero_plus_depr,0.02,31,65,0.0,1,0.49682924,0.49715078,0.95997214,0.10965486,0.10965486,1.0,0.00032152375,0.0029321432,-26.343397,2.111981,0.7039937,0.14,0.0,0.15712723,1.9199986,1.9499986,211200
hardzero_plus_depr__c0p54__z1p05__lam0p030__nu0p50__psi1p00,hardzero_plus_depr,0.02,31,66,0.0,1,0.49715078,0.49741843,1.0265926,0.09406051,0.09406051,1.0,0.0002676478,0.0028454852,-26.713848,2.2585487,0.7528496,0.16800001,0.0,0.12570578,1.9499986,1.9799986,214400
hardzero_plus_depr__c0p54__z1p05__lam0p030__nu0p50__psi1p00,hardzero_plus_depr,0.02,31,67,0.0,1,0.49741843,0.49741843,1.0537062,0.0,0.08836775,0.0,0.0,0.0027613884,-27.263763,2.3181999,0.77273333,0.112,0.0,0.14838982,1.9799986,2.0099986,217600
hardzero_plus_depr__c0p54__z1p05__lam0p030__nu0p50__psi1p00,hardzero_plus_depr,0.02,31,68,0.0,1,0.49741843,0.49741843,1.058943,0.0,0.08730857,0.0,0.0,0.0026797773,-27.712852,2.3297212,0.7765738,0.136,0.0,0.1620027,2.0099986,2.0399985,220800
hardzero_plus_depr__c0p54__z1p05__lam0p030__nu0p50__psi1p00,hardzero_plus_depr,0.02,31,69,0.0,1,0.49741843,0.49766695,1.0196918,0.09556703,0.09556703,1.0,0.00024852954,0.0026005781,-27.922903,2.2433667,0.7477889,0.2,0.0,0.16659674,2.0399985,2.0699985,224000
hardzero_plus_depr__c0p54__z1p05__lam0p030__nu0p50__psi1p00,hardzero_plus_depr,0.02,31,70,0.0,1,0.49766695,0.49766695,1.0710244,0.0,0.08491326,0.0,0.0,0.0025237193,-27.993174,2.3563008,0.78543365,0.17600001,0.0,0.17141946,2.0699985,2.0999985,227200
hardzero_plus_depr__c0p54__z1p05__lam0p030__nu0p50__psi1p00,hardzero_plus_depr,0.02,31,71,0.0,1,0.49766695,0.49766695,1.0624259,0.0,0.08661121,0.0,0.0,0.002449132,-27.58644,2.3373835,0.77912784,0.15200001,0.0,0.18387738,2.0999985,2.1299984,230400
hardzero_plus_depr__c0p54__z1p05__lam0p030__nu0p50__psi1p00,hardzero_plus_depr,0.02,31,72,0.0,1,0.49766695,0.49789903,1.0103884,0.097636364,0.097636364,1.0,0.00023205717,0.0023767494,-26.97024,2.2228987,0.74096626,0.2,0.0,0.13507141,2.1299984,2.1599984,233600
hardzero_plus_depr__c0p54__z1p05__lam0p030__nu0p50__psi1p00,hardzero_plus_depr,0.02,31,73,0.0,1,0.49789903,0.4981131,1.0323735,0.09281678,0.09281678,1.0,0.00021408245,0.002306506,-27.659327,2.2712672,0.7570891,0.16800001,0.0,0.15706095,2.1599984,2.1899984,236800
hardzero_plus_depr__c0p54__z1p05__lam0p030__nu0p50__psi1p00,hardzero_plus_depr,0.02,31,74,0.0,1,0.4981131,0.49834013,0.99386054,0.101423696,0.101423696,1.0,0.00022702057,0.0022383386,-25.53815,2.1865368,0.7288456,0.17600001,0.0,0.13306299,2.1899984,2.2199984,240000
hardzero_plus_depr__c0p54__z1p05__lam0p030__nu0p50__psi1p00,hardzero_plus_depr,0.02,31,75,0.0,1,0.49834013,0.4985433,1.0290258,0.093535006,0.093535006,1.0,0.0002031754,0.0021721856,-27.40124,2.263902,0.754634,0.15200001,0.0,0.14571622,2.2199984,2.2499983,243200
hardzero_plus_depr__c0p54__z1p05__lam0p030__nu0p50__psi1p00,hardzero_plus_depr,0.02,31,76,0.0,1,0.4985433,0.4985433,1.0945867,0.0,0.080429114,0.0,0.0,0.0021079879,-28.465448,2.408139,0.80271304,0.128,0.0,0.1401615,2.2499983,2.2799983,246400
hardzero_plus_depr__c0p54__z1p05__lam0p030__nu0p50__psi1p00,hardzero_plus_depr,0.02,31,77,0.0,1,0.4985433,0.4985433,1.0855758,0.0,0.082115315,0.0,0.0,0.0020456875,-28.680555,2.3883145,0.79610485,0.136,0.0,0.17193182,2.2799983,2.3099983,249600
hardzero_plus_depr__c0p54__z1p05__lam0p030__nu0p50__psi1p00,hardzero_plus_depr,0.02,31,78,0.0,1,0.4985433,0.4985433,1.112361,0.0,0.07720386,0.0,0.0,0.0019852284,-28.470583,2.447243,0.8157477,0.12,0.0,0.15157257,2.3099983,2.3399982,252800
hardzero_plus_depr__c0p54__z1p05__lam0p030__nu0p50__psi1p00,hardzero_plus_depr,0.02,31,79,0.0,1,0.4985433,0.4985433,1.0822212,0.0,0.08275206,0.0,0.0,0.001926556,-28.588467,2.380934,0.79364467,0.120000005,0.0,0.17067239,2.3399982,2.3699982,256000
hardzero_plus_depr__c0p54__z1p05__lam0p030__nu0p50__psi1p00,hardzero_plus_depr,0.02,31,80,0.0,1,0.4985433,0.49871305,1.0419229,0.090798154,0.090798154,1.0,0.00016975786,0.0018696178,-26.138924,2.2922761,0.7640921,0.112,0.0,0.12194809,2.3699982,2.3999982,259200
hardzero_plus_depr__c0p54__z1p05__lam0p030__nu0p50__psi1p00,hardzero_plus_depr,0.02,31,81,0.0,1,0.49871305,0.49888974,1.011484,0.09739035,0.09739035,1.0,0.00017670139,0.0018143624,-27.748322,2.2253094,0.7417698,0.128,0.0,0.1560183,2.3999982,2.4299982,262400
hardzero_plus_depr__c0p54__z1p05__lam0p030__nu0p50__psi1p00,hardzero_plus_depr,0.02,31,82,0.0,1,0.49888974,0.4990599,1.0148526,0.09663787,0.09663787,1.0,0.00017015415,0.0017607398,-26.982027,2.2327204,0.74424016,0.16800001,0.0,0.13468812,2.4299982,2.4599981,265600
hardzero_plus_depr__c0p54__z1p05__lam0p030__nu0p50__psi1p00,hardzero_plus_depr,0.02,31,83,0.0,1,0.4990599,0.4990599,1.0592885,0.0,0.08723915,0.0,0.0,0.0017087021,-27.461863,2.3304813,0.7768271,0.16800001,0.0,0.14979851,2.4599981,2.489998,268800
hardzero_plus_depr__c0p54__z1p05__lam0p030__nu0p50__psi1p00,hardzero_plus_depr,0.02,31,84,0.0,1,0.4990599,0.49923092,0.9865555,0.10314411,0.10314411,1.0,0.00017103383,0.0016582025,-26.131027,2.1704655,0.7234885,0.14400001,0.0,0.130698,2.489998,2.519998,272000
hardzero_plus_depr__c0p54__z1p05__lam0p030__nu0p50__psi1p00,hardzero_plus_depr,0.02,31,85,0.0,1,0.49923092,0.49940208,0.97320414,0.1063643,0.1063643,1.0,0.00017116094,0.0016091953,-26.023478,2.1410918,0.7136973,0.16800001,0.008,0.13646032,2.519998,2.549998,275200
hardzero_plus_depr__c0p54__z1p05__lam0p030__nu0p50__psi1p00,hardzero_plus_depr,0.02,31,86,0.0,1,0.49940208,0.49940208,1.0836635,0.0,0.082477696,0.0,0.0,0.0015616363,-28.218239,2.384107,0.7947024,0.136,0.0,0.15847418,2.549998,2.579998,278400
hardzero_plus_depr__c0p54__z1p05__lam0p030__nu0p50__psi1p00,hardzero_plus_depr,0.02,31,87,0.0,1,0.49940208,0.4995419,1.0349288,0.09227227,0.09227227,1.0,0.00013983704,0.0015154829,-27.956337,2.2768888,0.758963,0.128,0.0,0.14845857,2.579998,2.609998,281600
hardzero_plus_depr__c0p54__z1p05__lam0p030__nu0p50__psi1p00,hardzero_plus_depr,0.02,31,88,0.0,1,0.4995419,0.4996887,1.0008008,0.09981577,0.09981577,1.0,0.00014679845,0.001470694,-26.95247,2.2018058,0.7339353,0.23200001,0.0,0.15612394,2.609998,2.639998,284800
hardzero_plus_depr__c0p54__z1p05__lam0p030__nu0p50__psi1p00,hardzero_plus_depr,0.02,31,89,0.0,1,0.4996887,0.49982044,1.0348097,0.09229758,0.09229758,1.0,0.0001317297,0.0014272282,-27.221205,2.2766268,0.7588756,0.15200001,0.0,0.14436981,2.639998,2.669998,288000
hardzero_plus_depr__c0p54__z1p05__lam0p030__nu0p50__psi1p00,hardzero_plus_depr,0.02,31,90,0.0,1,0.49982044,0.4999649,0.9817229,0.10429828,0.10429828,1.0,0.00014445804,0.0013850472,-26.729986,2.1598334,0.7199445,0.216,0.0,0.1529671,2.669998,2.699998,291200
hardzero_plus_depr__c0p54__z1p05__lam0p030__nu0p50__psi1p00,hardzero_plus_depr,0.02,31,91,0.0,1,0.4999649,0.5000848,1.0494949,0.08922881,0.08922881,1.0,0.000119933604,0.001344113,-27.799294,2.308935,0.769645,0.13,0.0,0.12543587,2.699998,2.7299979,294400
hardzero_plus_depr__c0p54__z1p05__lam0p030__nu0p50__psi1p00,hardzero_plus_depr,0.02,31,92,0.0,1,0.5000848,0.5000848,1.0618256,0.0,0.086731,0.0,0.0,0.0013043886,-26.9992,2.3360631,0.7786877,0.14400001,0.0,0.13290018,2.7299979,2.7599978,297600
hardzero_plus_depr__c0p54__z1p05__lam0p030__nu0p50__psi1p00,hardzero_plus_depr,0.02,31,93,0.0,1,0.5000848,0.50020635,1.017627,0.096022494,0.096022494,1.0,0.00012154892,0.0012658379,-27.361647,2.2388241,0.7462747,0.136,0.0,0.11301641,2.7599978,2.7899978,300800
hardzero_plus_depr__c0p54__z1p05__lam0p030__nu0p50__psi1p00,hardzero_plus_depr,0.02,31,94,0.0,1,0.50020635,0.50033677,0.9740618,0.10615446,0.10615446,1.0,0.00013040299,0.0012284269,-25.985697,2.1429787,0.71432626,0.14400001,0.0,0.12778749,2.7899978,2.8199978,304000
hardzero_plus_depr__c0p54__z1p05__lam0p030__nu0p50__psi1p00,hardzero_plus_depr,0.02,31,95,0.0,1,0.50033677,0.5004594,0.9878781,0.10283048,0.10283048,1.0,0.00012258643,0.0011921215,-26.24802,2.1733751,0.7244584,0.17600001,0.0,0.14660406,2.8199978,2.8499978,307200
hardzero_plus_depr__c0p54__z1p05__lam0p030__nu0p50__psi1p00,hardzero_plus_depr,0.02,31,96,0.0,1,0.5004594,0.5005737,1.0052081,0.09880793,0.09880793,1.0,0.00011430981,0.001156889,-26.4452,2.211502,0.73716736,0.15200001,0.0,0.120984614,2.8499978,2.8799977,310400
hardzero_plus_depr__c0p54__z1p05__lam0p030__nu0p50__psi1p00,hardzero_plus_depr,0.02,31,97,0.0,1,0.5005737,0.5005737,1.0808885,0.0,0.08300639,0.0,0.0,0.0011226978,-27.957466,2.3780022,0.7926674,0.120000005,0.0,0.146832,2.8799977,2.9099977,313600
hardzero_plus_depr__c0p54__z1p05__lam0p030__nu0p50__psi1p00,hardzero_plus_depr,0.02,31,98,0.0,1,0.5005737,0.5006745,1.0337433,0.092524484,0.092524484,1.0,0.000100807,0.001089517,-27.55336,2.2742805,0.75809354,0.136,0.0,0.1530083,2.9099977,2.9399977,316800
hardzero_plus_depr__c0p54__z1p05__lam0p030__nu0p50__psi1p00,hardzero_plus_depr,0.02,31,99,0.0,1,0.5006745,0.5006745,1.1022935,0.0,0.07901444,0.0,0.0,0.0010573171,-28.838587,2.4250941,0.80836475,0.14400001,0.0,0.16168855,2.9399977,2.9699976,320000
hardzero_plus_depr__c0p54__z1p05__lam0p030__nu0p50__psi1p00,hardzero_plus_depr,0.02,31,100,0.0,1,0.5006745,0.50076985,1.0317186,0.09295685,0.09295685,1.0,9.53801e-05,0.0010260686,-26.761177,2.2698262,0.7566087,0.16800001,0.0,0.15013954,2.9699976,2.9999976,323200
hardzero_plus_depr__c0p54__z1p05__lam0p030__nu0p50__psi1p00,hardzero_plus_depr,0.02,31,101,0.0,1,0.50076985,0.50086045,1.0411406,0.09096188,0.09096188,1.0,9.0574715e-05,0.0009957437,-27.757286,2.290555,0.76351833,0.18400002,0.0,0.19670795,2.9999976,3.0299976,326400
hardzero_plus_depr__c0p54__z1p05__lam0p030__nu0p50__psi1p00,hardzero_plus_depr,0.02,31,102,0.0,1,0.50086045,0.5009477,1.0442734,0.09030808,0.09030808,1.0,8.726605e-05,0.00096631504,-27.412891,2.2974472,0.76581573,0.14400001,0.0,0.1457399,3.0299976,3.0599976,329600
hardzero_plus_depr__c0p54__z1p05__lam0p030__nu0p50__psi1p00,hardzero_plus_depr,0.02,31,103,0.0,1,0.5009477,0.5009477,1.0805116,0.0,0.08307846,0.0,0.0,0.0009377562,-27.959002,2.377173,0.792391,0.096,0.0,0.14141688,3.0599976,3.0899975,332800
hardzero_plus_depr__c0p54__z1p05__lam0p030__nu0p50__psi1p00,hardzero_plus_depr,0.02,31,104,0.0,1,0.5009477,0.5009477,1.0724598,0.0,0.08463308,0.0,0.0,0.00091004133,-27.821867,2.3594587,0.78648627,0.16,0.0,0.12721707,3.0899975,3.1199975,336000
hardzero_plus_depr__c0p54__z1p05__lam0p030__nu0p50__psi1p00,hardzero_plus_depr,0.02,31,105,0.0,1,0.5009477,0.5010323,1.0189128,0.09573863,0.09573863,1.0,8.4551146e-05,0.00088314555,-27.019257,2.241653,0.74721766,0.16800001,0.0,0.14638871,3.1199975,3.1499975,339200
hardzero_plus_depr__c0p54__z1p05__lam0p030__nu0p50__psi1p00,hardzero_plus_depr,0.02,31,106,0.0,1,0.5010323,0.5011087,1.0497962,0.089166924,0.089166924,1.0,7.642004e-05,0.00085704465,-27.32766,2.3095977,0.76986593,0.14400001,0.0,0.18144827,3.1499975,3.1799974,342400
hardzero_plus_depr__c0p54__z1p05__lam0p030__nu0p50__psi1p00,hardzero_plus_depr,0.02,31,107,0.0,1,0.5011087,0.50119436,0.98727626,0.102973096,0.102973096,1.0,8.564429e-05,0.00083171524,-26.88643,2.1720512,0.7240171,0.14400001,0.0,0.1442487,3.1799974,3.2099974,345600
hardzero_plus_depr__c0p54__z1p05__lam0p030__nu0p50__psi1p00,hardzero_plus_depr,0.02,31,108,0.0,1,0.50119436,0.5012767,0.9915573,0.101963006,0.101963006,1.0,8.229784e-05,0.0008071343,-27.039497,2.1814697,0.7271566,0.16000001,0.0,0.14451964,3.2099974,3.2399974,348800
hardzero_plus_depr__c0p54__z1p05__lam0p030__nu0p50__psi1p00,hardzero_plus_depr,0.02,31,109,0.0,1,0.5012767,0.5012767,1.0778999,0.0,0.08357956,0.0,0.0,0.00078327995,-27.578176,2.3714273,0.7904758,0.136,0.0,0.1645268,3.2399974,3.2699974,352000
hardzero_plus_depr__c0p54__z1p05__lam0p030__nu0p50__psi1p00,hardzero_plus_depr,0.02,31,110,0.0,1,0.5012767,0.5013515,1.0070133,0.09839809,0.09839809,1.0,7.479539e-05,0.00076013047,-25.807177,2.2154737,0.73849124,0.128,0.0,0.13858767,3.2699974,3.2999973,355200
hardzero_plus_depr__c0p54__z1p05__lam0p030__nu0p50__psi1p00,hardzero_plus_depr,0.02,31,111,0.0,1,0.5013515,0.5013515,1.0781535,0.0,0.083530776,0.0,0.0,0.0007376653,-28.135855,2.371985,0.7906617,0.16800001,0.0,0.14676115,3.2999973,3.3299973,358400
hardzero_plus_depr__c0p54__z1p05__lam0p030__nu0p50__psi1p00,hardzero_plus_depr,0.02,31,112,0.0,1,0.5013515,0.50141674,1.0402474,0.09114914,0.09114914,1.0,6.5250395e-05,0.00071586407,-27.901571,2.28859,0.76286334,0.08800001,0.0,0.1548172,3.3299973,3.3599973,361600
hardzero_plus_depr__c0p54__z1p05__lam0p030__nu0p50__psi1p00,hardzero_plus_depr,0.02,31,113,0.0,1,0.50141674,0.50141674,1.0791343,0.0,0.08334233,0.0,0.0,0.0006947071,-28.035421,2.374143,0.791381,0.2,0.0,0.16526593,3.3599973,3.3899972,364800
hardzero_plus_depr__c0p54__z1p05__lam0p030__nu0p50__psi1p00,hardzero_plus_depr,0.02,31,114,0.0,1,0.50141674,0.50148064,1.0233794,0.09475901,0.09475901,1.0,6.3884196e-05,0.0006741754,-26.85506,2.2514799,0.7504933,0.16800001,0.0,0.12560499,3.3899972,3.4199972,368000
hardzero_plus_depr__c0p54__z1p05__lam0p030__nu0p50__psi1p00,hardzero_plus_depr,0.02,31,115,0.0,1,0.50148064,0.5015428,1.0222116,0.09501419,0.09501419,1.0,6.216308e-05,0.0006542505,-27.39081,2.2489104,0.7496368,0.072000004,0.0,0.122603595,3.4199972,3.4499972,371200
hardzero_plus_depr__c0p54__z1p05__lam0p030__nu0p50__psi1p00,hardzero_plus_depr,0.02,31,116,0.0,1,0.5015428,0.50159985,1.0463947,0.089868054,0.089868054,1.0,5.705853e-05,0.0006349145,-27.926275,2.3021142,0.7673714,0.16000001,0.0,0.15287313,3.4499972,3.4799972,374400
hardzero_plus_depr__c0p54__z1p05__lam0p030__nu0p50__psi1p00,hardzero_plus_depr,0.02,31,117,0.0,1,0.50159985,0.50166094,1.0035827,0.09917843,0.09917843,1.0,6.110879e-05,0.00061615,-27.830767,2.207926,0.7359754,0.28,0.0,0.15953386,3.4799972,3.5099971,377600
hardzero_plus_depr__c0p54__z1p05__lam0p030__nu0p50__psi1p00,hardzero_plus_depr,0.02,31,118,0.0,1,0.50166094,0.5017149,1.0445112,0.090258636,0.090258636,1.0,5.3969245e-05,0.00059793994,-27.37391,2.2979705,0.7659902,0.128,0.0,0.14182872,3.5099971,3.539997,380800
hardzero_plus_depr__c0p54__z1p05__lam0p030__nu0p50__psi1p00,hardzero_plus_depr,0.02,31,119,0.0,1,0.5017149,0.5017149,1.0637605,0.0,0.08634544,0.0,0.0,0.0005802682,-27.946703,2.3403199,0.78010666,0.120000005,0.0,0.13786745,3.539997,3.569997,384000
hardzero_plus_depr__c0p54__z1p05__lam0p030__nu0p50__psi1p00,hardzero_plus_depr,0.02,31,120,0.0,1,0.5017149,0.5017149,1.0715315,0.0,0.084814176,0.0,0.0,0.0005631187,-27.99131,2.3574164,0.78580546,0.112,0.0,0.1480464,3.569997,3.599997,387200
hardzero_plus_depr__c0p54__z1p05__lam0p030__nu0p50__psi1p00,hardzero_plus_depr,0.02,31,121,0.0,1,0.5017149,0.5017691,1.0031921,0.0992677,0.0992677,1.0,5.424742e-05,0.00054647605,-27.51539,2.2070665,0.73568887,0.24000001,0.0,0.1465898,3.599997,3.629997,390400
hardzero_plus_depr__c0p54__z1p05__lam0p030__nu0p50__psi1p00,hardzero_plus_depr,0.02,31,122,0.0,1,0.5017691,0.5017691,1.0607375,0.0,0.08694857,0.0,0.0,0.0005303252,-28.180426,2.333669,0.77788967,0.15200001,0.0,0.17530386,3.629997,3.659997,393600
hardzero_plus_depr__c0p54__z1p05__lam0p030__nu0p50__psi1p00,hardzero_plus_depr,0.02,31,123,0.0,1,0.5017691,0.5017691,1.0929084,0.0,0.080740534,0.0,0.0,0.0005146518,-27.784586,2.4044464,0.80148214,0.128,0.0,0.18984309,3.659997,3.689997,396800
hardzero_plus_depr__c0p54__z1p05__lam0p030__nu0p50__psi1p00,hardzero_plus_depr,0.02,31,124,0.0,1,0.5017691,0.5017691,1.0724186,0.0,0.08464112,0.0,0.0,0.0004994416,-28.85119,2.359368,0.78645605,0.112,0.0,0.16180822,3.689997,3.719997,400000
hardzero_plus_depr__c0p54__z1p05__lam0p030__nu0p50__psi1p00,hardzero_plus_depr,0.02,31,125,0.0,1,0.5017691,0.5017691,1.0594026,0.0,0.08721624,0.0,0.0,0.00048468082,-27.210102,2.3307323,0.7769108,0.112,0.0,0.1416324,3.719997,3.749997,403200
hardzero_plus_depr__c0p54__z1p05__lam0p030__nu0p50__psi1p00,hardzero_plus_depr,0.02,31,126,0.0,1,0.5017691,0.5017691,1.0601583,0.0,0.08706462,0.0,0.0,0.0004703564,-27.193853,2.3323948,0.777465,0.15200001,0.0,0.15219936,3.749997,3.7799969,406400
hardzero_plus_depr__c0p54__z1p05__lam0p030__nu0p50__psi1p00,hardzero_plus_depr,0.02,31,127,0.0,1,0.5017691,0.5017691,1.0902238,0.0,0.081241176,0.0,0.0,0.00045645525,-27.52187,2.3985403,0.79951346,0.104,0.0,0.13117066,3.7799969,3.8099968,409600
hardzero_plus_depr__c0p54__z1p05__lam0p030__nu0p50__psi1p00,hardzero_plus_depr,0.02,31,128,0.0,1,0.5017691,0.5017691,1.101778,0.0,0.07910828,0.0,0.0,0.00044296499,-28.305971,2.42396,0.8079867,0.16000001,0.008,0.15630797,3.8099968,3.8399968,412800
hardzero_plus_depr__c0p54__z1p05__lam0p030__nu0p50__psi1p00,hardzero_plus_depr,0.02,31,129,0.0,1,0.5017691,0.50180835,1.0400494,0.0911907,0.0911907,1.0,3.9200455e-05,0.00042987338,-27.583733,2.2881544,0.76271814,0.2,0.0,0.14232486,3.8399968,3.8699968,416000
hardzero_plus_depr__c0p54__z1p05__lam0p030__nu0p50__psi1p00,hardzero_plus_depr,0.02,31,130,0.0,1,0.50180835,0.5018477,1.0253931,0.09432068,0.09432068,1.0,3.9347637e-05,0.00041716872,-27.308386,2.25591,0.75197,0.14999999,0.0,0.14997886,3.8699968,3.8999968,419200
hardzero_plus_depr__c0p54__z1p05__lam0p030__nu0p50__psi1p00,hardzero_plus_depr,0.02,31,131,0.0,1,0.5018477,0.50188625,1.0209776,0.09528453,0.09528453,1.0,3.8574944e-05,0.00040483952,-28.105314,2.2461956,0.74873185,0.16000001,0.0,0.17890885,3.8999968,3.9299967,422400
hardzero_plus_depr__c0p54__z1p05__lam0p030__nu0p50__psi1p00,hardzero_plus_depr,0.02,31,132,0.0,1,0.50188625,0.50188625,1.0647252,0.0,0.08615387,0.0,0.0,0.00039287473,-27.93488,2.342442,0.78081405,0.08800001,0.0,0.14804336,3.9299967,3.9599967,425600
hardzero_plus_depr__c0p54__z1p05__lam0p030__nu0p50__psi1p00,hardzero_plus_depr,0.02,31,133,0.0,1,0.50188625,0.50188625,1.0737524,0.0,0.08438156,0.0,0.0,0.00038126353,-28.418549,2.3623025,0.7874342,0.14400001,0.0,0.15707839,3.9599967,3.9899967,428800
hardzero_plus_depr__c0p54__z1p05__lam0p030__nu0p50__psi1p00,hardzero_plus_depr,0.02,31,134,0.0,1,0.50188625,0.50188625,1.0840791,0.0,0.08239879,0.0,0.0,0.00036999548,-28.095505,2.3850217,0.7950072,0.104,0.0,0.14404891,3.9899967,4.0199966,432000
hardzero_plus_depr__c0p54__z1p05__lam0p030__nu0p50__psi1p00,hardzero_plus_depr,0.02,31,135,0.0,1,0.50188625,0.5019206,1.0194279,0.09562513,0.09562513,1.0,3.433521e-05,0.00035906053,-26.934301,2.2427862,0.7475954,0.104,0.0,0.13645658,4.0199966,4.049997,435200
hardzero_plus_depr__c0p54__z1p05__lam0p030__nu0p50__psi1p00,hardzero_plus_depr,0.02,31,136,0.0,1,0.5019206,0.5019556,0.9973869,0.100603506,0.100603506,1.0,3.5055145e-05,0.00034844855,-26.828154,2.194295,0.73143166,0.080000006,0.0,0.13380767,4.049997,4.079997,438400
hardzero_plus_depr__c0p54__z1p05__lam0p030__nu0p50__psi1p00,hardzero_plus_depr,0.02,31,137,0.0,1,0.5019556,0.5019904,0.9880038,0.10280072,0.10280072,1.0,3.4762095e-05,0.0003381503,-26.282598,2.1736517,0.7245506,0.16800001,0.0,0.12984042,4.079997,4.1099973,441600
hardzero_plus_depr__c0p54__z1p05__lam0p030__nu0p50__psi1p00,hardzero_plus_depr,0.02,31,138,0.0,1,0.5019904,0.5020213,1.0258547,0.09422048,0.09422048,1.0,3.091905e-05,0.00032815637,-26.32534,2.2569253,0.7523085,0.136,0.0,0.14745413,4.1099973,4.1399975,444800
hardzero_plus_depr__c0p54__z1p05__lam0p030__nu0p50__psi1p00,hardzero_plus_depr,0.02,31,139,0.0,1,0.5020213,0.5020213,1.0543606,0.0,0.088234685,0.0,0.0,0.0003184578,-27.689655,2.3196397,0.77321327,0.14400001,0.0,0.14101166,4.1399975,4.1699977,448000
hardzero_plus_depr__c0p54__z1p05__lam0p030__nu0p50__psi1p00,hardzero_plus_depr,0.02,31,140,0.0,1,0.5020213,0.5020213,1.0942873,0.0,0.08048459,0.0,0.0,0.00030904592,-28.774044,2.40748,0.80249333,0.17600001,0.0,0.17407371,4.1699977,4.199998,451200
hardzero_plus_depr__c0p54__z1p05__lam0p030__nu0p50__psi1p00,hardzero_plus_depr,0.02,31,141,0.0,1,0.5020213,0.5020213,1.1357237,0.0,0.073160425,0.0,0.0,0.00029991215,-29.456175,2.498642,0.8328807,0.128,0.0,0.17117578,4.199998,4.229998,454400
hardzero_plus_depr__c0p54__z1p05__lam0p030__nu0p50__psi1p00,hardzero_plus_depr,0.02,31,142,0.0,1,0.5020213,0.50205135,0.98620504,0.103227384,0.103227384,1.0,3.0044159e-05,0.00029104835,-26.20238,2.1696944,0.7232315,0.14400001,0.0,0.12147578,4.229998,4.2599983,457600
hardzero_plus_depr__c0p54__z1p05__lam0p030__nu0p50__psi1p00,hardzero_plus_depr,0.02,31,143,0.0,1,0.50205135,0.50205135,1.0809141,0.0,0.08300147,0.0,0.0,0.00028244653,-28.637148,2.3780587,0.7926862,0.13,0.0,0.1422654,4.2599983,4.2899985,460800
hardzero_plus_depr__c0p54__z1p05__lam0p030__nu0p50__psi1p00,hardzero_plus_depr,0.02,31,144,0.0,1,0.50205135,0.502076,1.0454326,0.090067364,0.090067364,1.0,2.4687366e-05,0.00027409891,-27.014822,2.2999976,0.7666659,0.2,0.0,0.13345033,4.2899985,4.3199987,464000
hardzero_plus_depr__c0p54__z1p05__lam0p030__nu0p50__psi1p00,hardzero_plus_depr,0.02,31,145,0.0,1,0.502076,0.5021015,1.0190318,0.0957124,0.0957124,1.0,2.5459309e-05,0.000265998,-26.166306,2.2419147,0.7473049,0.136,0.0,0.15371479,4.3199987,4.349999,467200
hardzero_plus_depr__c0p54__z1p05__lam0p030__nu0p50__psi1p00,hardzero_plus_depr,0.02,31,146,0.0,1,0.5021015,0.5021015,1.0521535,0.0,0.088684246,0.0,0.0,0.00025813654,-27.416807,2.3147838,0.77159464,0.136,0.0,0.15175708,4.349999,4.379999,470400
hardzero_plus_depr__c0p54__z1p05__lam0p030__nu0p50__psi1p00,hardzero_plus_depr,0.02,31,147,0.0,1,0.5021015,0.50212455,1.0363507,0.09197065,0.09197065,1.0,2.3039327e-05,0.00025050738,-27.592163,2.2800171,0.7600057,0.128,0.0,0.14603168,4.379999,4.4099994,473600
hardzero_plus_depr__c0p54__z1p05__lam0p030__nu0p50__psi1p00,hardzero_plus_depr,0.02,31,148,0.0,1,0.50212455,0.5021475,1.0248812,0.09443189,0.09443189,1.0,2.2956747e-05,0.00024310374,-27.07513,2.2547839,0.75159466,0.16000001,0.0,0.15958399,4.4099994,4.4399996,476800
hardzero_plus_depr__c0p54__z1p05__lam0p030__nu0p50__psi1p00,hardzero_plus_depr,0.02,31,149,0.0,1,0.5021475,0.50216997,1.0206076,0.09536574,0.09536574,1.0,2.2498578e-05,0.00023591887,-27.02982,2.2453816,0.74846053,0.208,0.0,0.16223954,4.4399996,4.47,480000
hardzero_plus_depr__c0p54__z1p05__lam0p030__nu0p50__psi1p00,hardzero_plus_depr,0.02,31,150,0.0,1,0.50216997,0.5021919,1.0181098,0.0959158,0.0959158,1.0,2.1959573e-05,0.00022894636,-26.624062,2.2398863,0.74662876,0.136,0.0,0.14766566,4.47,4.5,483200
hardzero_plus_depr__c0p54__z1p05__lam0p030__nu0p50__psi1p00,hardzero_plus_depr,0.02,31,151,0.0,1,0.5021919,0.5021919,1.0571457,0.0,0.087670654,0.0,0.0,0.00022217994,-27.675125,2.325767,0.7752557,0.16000001,0.0,0.14279768,4.5,4.53,486400
hardzero_plus_depr__c0p54__z1p05__lam0p030__nu0p50__psi1p00,hardzero_plus_depr,0.02,31,152,0.0,1,0.5021919,0.50221205,1.0291077,0.09351736,0.09351736,1.0,2.0163605e-05,0.00021561349,-27.362783,2.2640822,0.7546941,0.104,0.0,0.17673995,4.53,4.5600004,489600
hardzero_plus_depr__c0p54__z1p05__lam0p030__nu0p50__psi1p00,hardzero_plus_depr,0.02,31,153,0.0,1,0.50221205,0.50221205,1.0538747,0.0,0.088333465,0.0,0.0,0.00020924107,-27.31125,2.3185706,0.7728569,0.136,0.0,0.13942789,4.5600004,4.5900006,492800
hardzero_plus_depr__c0p54__z1p05__lam0p030__nu0p50__psi1p00,hardzero_plus_depr,0.02,31,154,0.0,1,0.50221205,0.5022313,1.0228235,0.0948804,0.0948804,1.0,1.9266132e-05,0.00020305702,-28.005589,2.2502565,0.75008553,0.16000001,0.0,0.16495533,4.5900006,4.620001,496000
hardzero_plus_depr__c0p54__z1p05__lam0p030__nu0p50__psi1p00,hardzero_plus_depr,0.02,31,155,0.0,1,0.5022313,0.5022511,0.9983027,0.10039158,0.10039158,1.0,1.9782738e-05,0.00019705575,-27.308832,2.1963098,0.7321033,0.256,0.0,0.15027437,4.620001,4.650001,499200
hardzero_plus_depr__c0p54__z1p05__lam0p030__nu0p50__psi1p00,hardzero_plus_depr,0.02,31,156,0.0,1,0.5022511,0.5022511,1.0935993,0.0,0.08061218,0.0,0.0,0.00019123183,-28.407236,2.4059665,0.80198884,0.12,0.0,0.16698973,4.650001,4.6800013,502400
hardzero_plus_depr__c0p54__z1p05__lam0p030__nu0p50__psi1p00,hardzero_plus_depr,0.02,31,157,0.0,1,0.5022511,0.5022511,1.062271,0.0,0.08664211,0.0,0.0,0.00018558005,-28.148804,2.3370428,0.7790143,0.15200001,0.0,0.16050345,4.6800013,4.7100015,505600
hardzero_plus_depr__c0p54__z1p05__lam0p030__nu0p50__psi1p00,hardzero_plus_depr,0.02,31,158,0.0,1,0.5022511,0.5022511,1.0636523,0.0,0.086366974,0.0,0.0,0.00018009527,-28.655834,2.3400817,0.7800273,0.16800001,0.0,0.15417157,4.7100015,4.7400017,508800
hardzero_plus_depr__c0p54__z1p05__lam0p030__nu0p50__psi1p00,hardzero_plus_depr,0.02,31,159,0.0,1,0.5022511,0.50226814,1.0109223,0.097516395,0.097516395,1.0,1.7043196e-05,0.00017477262,-26.626833,2.2240734,0.7413578,0.16800001,0.0,0.14098056,4.7400017,4.770002,512000
hardzero_plus_depr__c0p54__z1p05__lam0p030__nu0p50__psi1p00,hardzero_plus_depr,0.02,31,160,0.0,1,0.50226814,0.50226814,1.1393985,0.0,0.07254401,0.0,0.0,0.00016960729,-29.51572,2.5067267,0.8355756,0.104,0.0,0.23114268,4.770002,4.800002,515200
hardzero_plus_depr__c0p54__z1p05__lam0p030__nu0p50__psi1p00,hardzero_plus_depr,0.02,31,161,0.0,1,0.50226814,0.50226814,1.0539523,0.0,0.08831767,0.0,0.0,0.00016459459,-27.35813,2.3187416,0.7729139,0.16000001,0.0,0.17725147,4.800002,4.8300023,518400
hardzero_plus_depr__c0p54__z1p05__lam0p030__nu0p50__psi1p00,hardzero_plus_depr,0.02,31,162,0.0,1,0.50226814,0.502283,1.032689,0.09274937,0.09274937,1.0,1.4814863e-05,0.00015973006,-27.393457,2.2719612,0.7573204,0.136,0.0,0.15210061,4.8300023,4.8600025,521600
hardzero_plus_depr__c0p54__z1p05__lam0p030__nu0p50__psi1p00,hardzero_plus_depr,0.02,31,163,0.0,1,0.502283,0.502283,1.0683186,0.0,0.08544397,0.0,0.0,0.00015500929,-27.532763,2.3503478,0.7834493,0.192,0.0,0.13845523,4.8600025,4.8900027,524800
hardzero_plus_depr__c0p54__z1p05__lam0p030__nu0p50__psi1p00,hardzero_plus_depr,0.02,31,164,0.0,1,0.502283,0.5022982,0.9957949,0.100972965,0.100972965,1.0,1.5189165e-05,0.00015042804,-26.385618,2.1907926,0.7302642,0.24800001,0.0,0.13736685,4.8900027,4.920003,528000
hardzero_plus_depr__c0p54__z1p05__lam0p030__nu0p50__psi1p00,hardzero_plus_depr,0.02,31,165,0.0,1,0.5022982,0.5023117,1.033776,0.09251752,0.09251752,1.0,1.3505909e-05,0.00014598218,-27.756111,2.2743528,0.7581176,0.16000001,0.0,0.18056102,4.920003,4.950003,531200
hardzero_plus_depr__c0p54__z1p05__lam0p030__nu0p50__psi1p00,hardzero_plus_depr,0.02,31,166,0.0,1,0.5023117,0.5023249,1.0309492,0.09312167,0.09312167,1.0,1.3192335e-05,0.00014166773,-27.574183,2.2681336,0.75604457,0.14400001,0.0,0.11852935,4.950003,4.9800034,534400
hardzero_plus_depr__c0p54__z1p05__lam0p030__nu0p50__psi1p00,hardzero_plus_depr,0.02,31,167,0.0,1,0.5023249,0.5023377,1.0313857,0.09302813,0.09302813,1.0,1.2789579e-05,0.00013748078,-27.837563,2.2690938,0.7563646,0.14400001,0.0,0.13691057,4.9800034,5.0100036,537600
hardzero_plus_depr__c0p54__z1p05__lam0p030__nu0p50__psi1p00,hardzero_plus_depr,0.02,31,168,0.0,1,0.5023377,0.5023377,1.0651579,0.0,0.08606808,0.0,0.0,0.00013341759,-27.424942,2.343394,0.7811314,0.128,0.0,0.17786258,5.0100036,5.040004,540800
hardzero_plus_depr__c0p54__z1p05__lam0p030__nu0p50__psi1p00,hardzero_plus_depr,0.02,31,169,0.0,1,0.5023377,0.5023377,1.0807781,0.0,0.08302749,0.0,0.0,0.00012947447,-28.956799,2.3777592,0.79258645,0.16,0.0,0.15340218,5.040004,5.070004,544000
hardzero_plus_depr__c0p54__z1p05__lam0p030__nu0p50__psi1p00,hardzero_plus_depr,0.02,31,170,0.0,1,0.5023377,0.50234956,1.0251119,0.094381765,0.094381765,1.0,1.185887e-05,0.00012564789,-27.344013,2.2552912,0.75176376,0.216,0.0,0.16553204,5.070004,5.100004,547200
hardzero_plus_depr__c0p54__z1p05__lam0p030__nu0p50__psi1p00,hardzero_plus_depr,0.02,31,171,0.0,1,0.50234956,0.50234956,1.0737306,0.0,0.084385805,0.0,0.0,0.00012193442,-28.372665,2.3622544,0.7874181,0.208,0.0,0.17468618,5.100004,5.1300044,550400
hardzero_plus_depr__c0p54__z1p05__lam0p030__nu0p50__psi1p00,hardzero_plus_depr,0.02,31,172,0.0,1,0.50234956,0.50234956,1.0688572,0.0,0.08533807,0.0,0.0,0.00011833069,-28.155867,2.3515327,0.78384423,0.14400001,0.0,0.1322807,5.1300044,5.1600046,553600
hardzero_plus_depr__c0p54__z1p05__lam0p030__nu0p50__psi1p00,hardzero_plus_depr,0.02,31,173,0.0,1,0.50234956,0.5023601,1.0375491,0.09171721,0.09171721,1.0,1.0532204e-05,0.000114833456,-27.840357,2.2826536,0.7608845,0.14400001,0.0,0.16842112,5.1600046,5.190005,556800
hardzero_plus_depr__c0p54__z1p05__lam0p030__nu0p50__psi1p00,hardzero_plus_depr,0.02,31,174,0.0,1,0.5023601,0.50237054,1.0289868,0.0935434,0.0935434,1.0,1.0424439e-05,0.0001114396,-27.43036,2.263816,0.7546054,0.192,0.0,0.17682369,5.190005,5.220005,560000
hardzero_plus_depr__c0p54__z1p05__lam0p030__nu0p50__psi1p00,hardzero_plus_depr,0.02,31,175,0.0,1,0.50237054,0.50238115,1.0078936,0.09819885,0.09819885,1.0,1.0619816e-05,0.00010814603,-26.105703,2.21741,0.7391367,0.16000001,0.0,0.13818425,5.220005,5.2500052,563200
hardzero_plus_depr__c0p54__z1p05__lam0p030__nu0p50__psi1p00,hardzero_plus_depr,0.02,31,176,0.0,1,0.50238115,0.5023909,1.0318742,0.092923544,0.092923544,1.0,9.75231e-06,0.000104949824,-26.672802,2.2701685,0.75672287,0.128,0.0,0.12788987,5.2500052,5.2800055,566400
hardzero_plus_depr__c0p54__z1p05__lam0p030__nu0p50__psi1p00,hardzero_plus_depr,0.02,31,177,0.0,1,0.5023909,0.5023909,1.0705752,0.0,0.08500114,0.0,0.0,0.000101848054,-28.070204,2.3553126,0.7851042,0.120000005,0.0,0.15311308,5.2800055,5.3100057,569600
hardzero_plus_depr__c0p54__z1p05__lam0p030__nu0p50__psi1p00,hardzero_plus_depr,0.02,31,178,0.0,1,0.5023909,0.50240004,1.0363343,0.09197414,0.09197414,1.0,9.090538e-06,9.8837976e-05,-28.037033,2.279981,0.7599937,0.112,0.0,0.15273008,5.3100057,5.340006,572800
hardzero_plus_depr__c0p54__z1p05__lam0p030__nu0p50__psi1p00,hardzero_plus_depr,0.02,31,179,0.0,1,0.50240004,0.50240004,1.0566752,0.0,0.0877657,0.0,0.0,9.5916854e-05,-26.42495,2.3247318,0.7749106,0.18400002,0.0,0.12424057,5.340006,5.370006,576000
hardzero_plus_depr__c0p54__z1p05__lam0p030__nu0p50__psi1p00,hardzero_plus_depr,0.02,31,180,0.0,1,0.50240004,0.50240004,1.0758871,0.0,0.08396783,0.0,0.0,9.308206e-05,-28.404728,2.366999,0.7889997,0.112,0.0,0.16829921,5.370006,5.4000063,579200
hardzero_plus_depr__c0p54__z1p05__lam0p030__nu0p50__psi1p00,hardzero_plus_depr,0.02,31,181,0.0,1,0.50240004,0.5024094,0.9851989,0.103466816,0.103466816,1.0,9.346266e-06,9.033105e-05,-27.057579,2.167481,0.72249365,0.15200001,0.0,0.14923817,5.4000063,5.4300065,582400
hardzero_plus_depr__c0p54__z1p05__lam0p030__nu0p50__psi1p00,hardzero_plus_depr,0.02,31,182,0.0,1,0.5024094,0.5024094,1.0825019,0.0,0.08269859,0.0,0.0,8.766135e-05,-27.543764,2.3815517,0.7938506,0.12,0.0,0.15215795,5.4300065,5.4600067,585600
hardzero_plus_depr__c0p54__z1p05__lam0p030__nu0p50__psi1p00,hardzero_plus_depr,0.02,31,183,0.0,1,0.5024094,0.5024094,1.0617359,0.0,0.08674893,0.0,0.0,8.507054e-05,-28.12563,2.3358655,0.77862185,0.192,0.0,0.15551232,5.4600067,5.490007,588800
hardzero_plus_depr__c0p54__z1p05__lam0p030__nu0p50__psi1p00,hardzero_plus_depr,0.02,31,184,0.0,1,0.5024094,0.5024094,1.0986795,0.0,0.07967469,0.0,0.0,8.2556304e-05,-28.366724,2.4171433,0.8057145,0.17600001,0.0,0.1475411,5.490007,5.520007,592000
hardzero_plus_depr__c0p54__z1p05__lam0p030__nu0p50__psi1p00,hardzero_plus_depr,0.02,31,185,0.0,1,0.5024094,0.50241655,1.0492032,0.08928878,0.08928878,1.0,7.1534946e-06,8.011639e-05,-27.251572,2.308293,0.76943105,0.128,0.0,0.14949541,5.520007,5.5500073,595200
hardzero_plus_depr__c0p54__z1p05__lam0p030__nu0p50__psi1p00,hardzero_plus_depr,0.02,31,186,0.0,1,0.50241655,0.50241655,1.0745919,0.0,0.08421862,0.0,0.0,7.774857e-05,-28.067463,2.3641493,0.7880498,0.112,0.0,0.16906159,5.5500073,5.5800076,598400
hardzero_plus_depr__c0p54__z1p05__lam0p030__nu0p50__psi1p00,hardzero_plus_depr,0.02,31,187,0.0,1,0.50241655,0.5024237,1.0221055,0.09503739,0.09503739,1.0,7.1706418e-06,7.545074e-05,-27.335226,2.2486768,0.7495589,0.096,0.0,0.13159046,5.5800076,5.610008,601600
hardzero_plus_depr__c0p54__z1p05__lam0p030__nu0p50__psi1p00,hardzero_plus_depr,0.02,31,188,0.0,1,0.5024237,0.5024237,1.0664965,0.0,0.0858032,0.0,0.0,7.3220814e-05,-27.711458,2.3463392,0.7821131,0.216,0.008,0.16240624,5.610008,5.640008,604800
hardzero_plus_depr__c0p54__z1p05__lam0p030__nu0p50__psi1p00,hardzero_plus_depr,0.02,31,189,0.0,1,0.5024237,0.50243026,1.0350263,0.09225155,0.09225155,1.0,6.5550994e-06,7.10568e-05,-27.610659,2.2771034,0.7590345,0.136,0.0,0.16664924,5.640008,5.670008,608000
hardzero_plus_depr__c0p54__z1p05__lam0p030__nu0p50__psi1p00,hardzero_plus_depr,0.02,31,190,0.0,1,0.50243026,0.50243026,1.0987327,0.0,0.079664946,0.0,0.0,6.895674e-05,-28.484266,2.4172602,0.8057534,0.096,0.0,0.16787931,5.670008,5.7000084,611200
hardzero_plus_depr__c0p54__z1p05__lam0p030__nu0p50__psi1p00,hardzero_plus_depr,0.02,31,191,0.0,1,0.50243026,0.50243026,1.0691605,0.0,0.08527849,0.0,0.0,6.691875e-05,-27.390455,2.3522,0.7840667,0.16800001,0.0,0.15745954,5.7000084,5.7300086,614400
hardzero_plus_depr__c0p54__z1p05__lam0p030__nu0p50__psi1p00,hardzero_plus_depr,0.02,31,192,0.0,1,0.50243026,0.5024364,1.0227518,0.09489606,0.09489606,1.0,6.162644e-06,6.4940985e-05,-27.88806,2.250099,0.750033,0.16000001,0.0,0.14741077,5.7300086,5.760009,617600
hardzero_plus_depr__c0p54__z1p05__lam0p030__nu0p50__psi1p00,hardzero_plus_depr,0.02,31,193,0.0,1,0.5024364,0.5024364,1.0747662,0.0,0.08418483,0.0,0.0,6.3021675e-05,-27.916456,2.3645327,0.7881776,0.17600001,0.0,0.15724154,5.760009,5.790009,620800
hardzero_plus_depr__c0p54__z1p05__lam0p030__nu0p50__psi1p00,hardzero_plus_depr,0.02,31,194,0.0,1,0.5024364,0.5024364,1.0776831,0.0,0.0836213,0.0,0.0,6.115909e-05,-27.847042,2.3709502,0.79031676,0.128,0.0,0.13997015,5.790009,5.820009,624000
hardzero_plus_depr__c0p54__z1p05__lam0p030__nu0p50__psi1p00,hardzero_plus_depr,0.02,31,195,0.0,1,0.5024364,0.502442,1.0246592,0.094480194,0.094480194,1.0,5.607547e-06,5.9351558e-05,-27.351,2.254295,0.7514317,0.14999999,0.0,0.12681417,5.820009,5.8500094,627200
hardzero_plus_depr__c0p54__z1p05__lam0p030__nu0p50__psi1p00,hardzero_plus_depr,0.02,31,196,0.0,1,0.502442,0.5024477,1.0038813,0.09911027,0.09911027,1.0,5.7084976e-06,5.7597437e-05,-27.10092,2.208583,0.7361944,0.112,0.0,0.15760298,5.8500094,5.8800097,630400
hardzero_plus_depr__c0p54__z1p05__lam0p030__nu0p50__psi1p00,hardzero_plus_depr,0.02,31,197,0.0,1,0.5024477,0.50245285,1.0385514,0.09150578,0.09150578,1.0,5.1147304e-06,5.589516e-05,-26.97844,2.284859,0.7616197,0.192,0.0,0.1362888,5.8800097,5.91001,633600
hardzero_plus_depr__c0p54__z1p05__lam0p030__nu0p50__psi1p00,hardzero_plus_depr,0.02,31,198,0.0,1,0.50245285,0.50245863,0.9704086,0.107051164,0.107051164,1.0,5.806798e-06,5.4243203e-05,-25.85317,2.1349416,0.7116472,0.2,0.0,0.12975085,5.91001,5.94001,636800
hardzero_plus_depr__c0p54__z1p05__lam0p030__nu0p50__psi1p00,hardzero_plus_depr,0.02,31,199,0.0,1,0.50245863,0.50246423,0.9735599,0.106277205,0.106277205,1.0,5.5944392e-06,5.2640065e-05,-27.043865,2.1418746,0.7139582,0.24000001,0.0,0.12628278,5.94001,5.9700103,640000
hardzero_plus_depr__c0p54__z1p05__lam0p030__nu0p50__psi1p00,hardzero_plus_depr,0.02,31,200,0.0,1,0.50246423,0.5024688,1.0482519,0.089484565,0.089484565,1.0,4.5712563e-06,5.10843e-05,-27.31326,2.3062003,0.76873344,0.136,0.0,0.15142788,5.9700103,6.0000105,643200
hardzero_plus_depr__c0p54__z1p05__lam0p030__nu0p50__psi1p00,hardzero_plus_depr,0.02,31,201,0.0,1,0.5024688,0.5024688,1.0539237,0.0,0.088323504,0.0,0.0,4.9574523e-05,-27.427261,2.3186784,0.77289283,0.16000001,0.0,0.16637963,6.0000105,6.0300107,646400
hardzero_plus_depr__c0p54__z1p05__lam0p030__nu0p50__psi1p00,hardzero_plus_depr,0.02,31,202,0.0,1,0.5024688,0.5024739,0.9750085,0.10592331,0.10592331,1.0,5.095903e-06,4.8109363e-05,-26.724298,2.1450615,0.71502054,0.14400001,0.0,0.12703952,6.0300107,6.060011,649600
hardzero_plus_depr__c0p54__z1p05__lam0p030__nu0p50__psi1p00,hardzero_plus_depr,0.02,31,203,0.0,1,0.5024739,0.5024785,1.0090637,0.097934626,0.097934626,1.0,4.5723236e-06,4.6687506e-05,-26.66025,2.2199845,0.7399949,0.16000001,0.0,0.13749817,6.060011,6.090011,652800
hardzero_plus_depr__c0p54__z1p05__lam0p030__nu0p50__psi1p00,hardzero_plus_depr,0.02,31,204,0.0,1,0.5024785,0.5024828,1.0235214,0.09472804,0.09472804,1.0,4.291907e-06,4.5307672e-05,-26.5135,2.2517922,0.7505974,0.120000005,0.0,0.15133753,6.090011,6.1200113,656000
hardzero_plus_depr__c0p54__z1p05__lam0p030__nu0p50__psi1p00,hardzero_plus_depr,0.02,31,205,0.0,1,0.5024828,0.5024828,1.0877362,0.0,0.08170784,0.0,0.0,4.396862e-05,-27.665588,2.3930676,0.7976892,0.16000001,0.0,0.13870336,6.1200113,6.1500115,659200
hardzero_plus_depr__c0p54__z1p05__lam0p030__nu0p50__psi1p00,hardzero_plus_depr,0.02,31,206,0.0,1,0.5024828,0.502487,1.005852,0.098661564,0.098661564,1.0,4.209804e-06,4.266914e-05,-27.52131,2.2129185,0.73763955,0.18400002,0.0,0.14265607,6.1500115,6.1800117,662400
hardzero_plus_depr__c0p54__z1p05__lam0p030__nu0p50__psi1p00,hardzero_plus_depr,0.02,31,207,0.0,1,0.502487,0.50249076,1.0428463,0.0906053,0.0906053,1.0,3.751791e-06,4.140807e-05,-27.55097,2.2943077,0.76476926,0.112,0.0,0.13236703,6.1800117,6.210012,665600
hardzero_plus_depr__c0p54__z1p05__lam0p030__nu0p50__psi1p00,hardzero_plus_depr,0.02,31,208,0.0,1,0.50249076,0.50249076,1.0518619,0.0,0.088743806,0.0,0.0,4.0184266e-05,-27.804707,2.3141425,0.77138084,0.14,0.0,0.15080728,6.210012,6.240012,668800
hardzero_plus_depr__c0p54__z1p05__lam0p030__nu0p50__psi1p00,hardzero_plus_depr,0.02,31,209,0.0,1,0.50249076,0.5024944,1.0315001,0.09300362,0.09300362,1.0,3.6268286e-06,3.8996637e-05,-27.178482,2.2693455,0.7564485,0.15200001,0.0,0.15681338,6.240012,6.2700124,672000
hardzero_plus_depr__c0p54__z1p05__lam0p030__nu0p50__psi1p00,hardzero_plus_depr,0.02,31,210,0.0,1,0.5024944,0.5024944,1.0790225,0.0,0.083363794,0.0,0.0,3.7844104e-05,-28.531971,2.3738968,0.791299,0.120000005,0.0,0.14468871,6.2700124,6.3000126,675200
hardzero_plus_depr__c0p54__z1p05__lam0p030__nu0p50__psi1p00,hardzero_plus_depr,0.02,31,211,0.0,1,0.5024944,0.5024944,1.0587039,0.0,0.08735667,0.0,0.0,3.6725633e-05,-27.100601,2.329195,0.77639836,0.120000005,0.0,0.13229655,6.3000126,6.330013,678400
hardzero_plus_depr__c0p54__z1p05__lam0p030__nu0p50__psi1p00,hardzero_plus_depr,0.02,31,212,0.0,1,0.5024944,0.50249785,1.010532,0.097604066,0.097604066,1.0,3.4786303e-06,3.564022e-05,-26.327383,2.2232149,0.74107164,0.096,0.0,0.15762152,6.330013,6.360013,681600
hardzero_plus_depr__c0p54__z1p05__lam0p030__nu0p50__psi1p00,hardzero_plus_depr,0.02,31,213,0.0,1,0.50249785,0.50249785,1.1205121,0.0,0.07576835,0.0,0.0,3.4586883e-05,-29.086044,2.4651759,0.8217253,0.16800001,0.0,0.20410293,6.360013,6.390013,684800
hardzero_plus_depr__c0p54__z1p05__lam0p030__nu0p50__psi1p00,hardzero_plus_depr,0.02,31,214,0.0,1,0.50249785,0.5025011,1.0165707,0.09625634,0.09625634,1.0,3.2308133e-06,3.356468e-05,-27.421217,2.2365003,0.7455001,0.120000005,0.0,0.13562556,6.390013,6.4200134,688000
hardzero_plus_depr__c0p54__z1p05__lam0p030__nu0p50__psi1p00,hardzero_plus_depr,0.02,31,215,0.0,1,0.5025011,0.5025043,1.0016547,0.0996197,0.0996197,1.0,3.2448813e-06,3.2572687e-05,-26.174517,2.2036843,0.73456144,0.15200001,0.0,0.124403395,6.4200134,6.4500136,691200
hardzero_plus_depr__c0p54__z1p05__lam0p030__nu0p50__psi1p00,hardzero_plus_depr,0.02,31,216,0.0,1,0.5025043,0.5025043,1.0608885,0.0,0.08691833,0.0,0.0,3.1610012e-05,-27.244335,2.3340013,0.7780005,0.128,0.0,0.16630642,6.4500136,6.480014,694400
hardzero_plus_depr__c0p54__z1p05__lam0p030__nu0p50__psi1p00,hardzero_plus_depr,0.02,31,217,0.0,1,0.5025043,0.50250715,1.0323781,0.0928158,0.0928158,1.0,2.8471977e-06,3.0675787e-05,-26.334766,2.2712772,0.7570924,0.08800001,0.0,0.108547725,6.480014,6.510014,697600
hardzero_plus_depr__c0p54__z1p05__lam0p030__nu0p50__psi1p00,hardzero_plus_depr,0.02,31,218,0.0,1,0.50250715,0.50250995,1.0250394,0.09439752,0.09439752,1.0,2.8101365e-06,2.9769177e-05,-27.520502,2.2551317,0.7517106,0.128,0.0,0.20288484,6.510014,6.5400143,700800
hardzero_plus_depr__c0p54__z1p05__lam0p030__nu0p50__psi1p00,hardzero_plus_depr,0.02,31,219,0.0,1,0.50250995,0.50250995,1.0535328,0.0,0.08840304,0.0,0.0,2.8889355e-05,-28.09982,2.3178184,0.77260613,0.17600001,0.0,0.18168269,6.5400143,6.5700145,704000
hardzero_plus_depr__c0p54__z1p05__lam0p030__nu0p50__psi1p00,hardzero_plus_depr,0.02,31,220,0.0,1,0.50250995,0.50251275,0.9992711,0.10016799,0.10016799,1.0,2.8082638e-06,2.8035542e-05,-26.593864,2.1984403,0.7328135,0.17600001,0.0,0.17413631,6.5700145,6.6000147,707200
hardzero_plus_depr__c0p54__z1p05__lam0p030__nu0p50__psi1p00,hardzero_plus_depr,0.02,31,221,0.0,1,0.50251275,0.50251275,1.1194196,0.0,0.07595921,0.0,0.0,2.720696e-05,-29.199718,2.4627724,0.82092416,0.089999996,0.0,0.1709494,6.6000147,6.630015,710400
hardzero_plus_depr__c0p54__z1p05__lam0p030__nu0p50__psi1p00,hardzero_plus_depr,0.02,31,222,0.0,1,0.50251275,0.50251275,1.0845703,0.0,0.08230566,0.0,0.0,2.640287e-05,-28.495298,2.3861022,0.7953674,0.08800001,0.0,0.14149132,6.630015,6.660015,713600
hardzero_plus_depr__c0p54__z1p05__lam0p030__nu0p50__psi1p00,hardzero_plus_depr,0.02,31,223,0.0,1,0.50251275,0.50251275,1.0677061,0.0,0.085564554,0.0,0.0,2.562254e-05,-27.842468,2.3490002,0.7830001,0.08800001,0.0,0.1578817,6.660015,6.6900153,716800
hardzero_plus_depr__c0p54__z1p05__lam0p030__nu0p50__psi1p00,hardzero_plus_depr,0.02,31,224,0.0,1,0.50251275,0.50251275,1.064057,0.0,0.08628653,0.0,0.0,2.4865274e-05,-27.26666,2.3409722,0.7803241,0.15200001,0.0,0.13418932,6.6900153,6.7200155,720000
hardzero_plus_depr__c0p54__z1p05__lam0p030__nu0p50__psi1p00,hardzero_plus_depr,0.02,31,225,0.0,1,0.50251275,0.5025151,1.0215316,0.09516307,0.09516307,1.0,2.296322e-06,2.413039e-05,-26.770521,2.2474144,0.7491381,0.16800001,0.0,0.14841701,6.7200155,6.7500157,723200
hardzero_plus_depr__c0p54__z1p05__lam0p030__nu0p50__psi1p00,hardzero_plus_depr,0.02,31,226,0.0,1,0.5025151,0.50251716,1.0447797,0.090202875,0.090202875,1.0,2.112301e-06,2.3417224e-05,-28.058315,2.298561,0.7661871,0.136,0.0,0.18700685,6.7500157,6.780016,726400
hardzero_plus_depr__c0p54__z1p05__lam0p030__nu0p50__psi1p00,hardzero_plus_depr,0.02,31,227,0.0,1,0.50251716,0.5025193,1.0248185,0.09444554,0.09444554,1.0,2.1462877e-06,2.2725135e-05,-27.245499,2.2546458,0.75154865,0.15200001,0.0,0.13013534,6.780016,6.810016,729600
hardzero_plus_depr__c0p54__z1p05__lam0p030__nu0p50__psi1p00,hardzero_plus_depr,0.02,31,228,0.0,1,0.5025193,0.50252163,0.9799367,0.10472811,0.10472811,1.0,2.3096213e-06,2.2053498e-05,-26.268745,2.1559038,0.7186346,0.136,0.0,0.13236405,6.810016,6.8400164,732800
hardzero_plus_depr__c0p54__z1p05__lam0p030__nu0p50__psi1p00,hardzero_plus_depr,0.02,31,229,0.0,1,0.50252163,0.5025237,1.0076894,0.09824504,0.09824504,1.0,2.1026126e-06,2.1401718e-05,-27.598515,2.216961,0.73898697,0.15200001,0.0,0.13819623,6.8400164,6.8700166,736000
hardzero_plus_depr__c0p54__z1p05__lam0p030__nu0p50__psi1p00,hardzero_plus_depr,0.02,31,230,0.0,1,0.5025237,0.5025257,1.0281937,0.09371438,0.09371438,1.0,1.9463723e-06,2.0769196e-05,-27.263556,2.2620714,0.7540238,0.208,0.0,0.16228856,6.8700166,6.900017,739200
hardzero_plus_depr__c0p54__z1p05__lam0p030__nu0p50__psi1p00,hardzero_plus_depr,0.02,31,231,0.0,1,0.5025257,0.50252765,1.006572,0.09849812,0.09849812,1.0,1.9852662e-06,2.015537e-05,-26.619411,2.2145026,0.7381675,0.112,0.0,0.13384391,6.900017,6.930017,742400
hardzero_plus_depr__c0p54__z1p05__lam0p030__nu0p50__psi1p00,hardzero_plus_depr,0.02,31,232,0.0,1,0.50252765,0.50252765,1.0650681,0.0,0.08608587,0.0,0.0,1.9559686e-05,-27.07981,2.3431966,0.7810656,0.128,0.0,0.15550095,6.930017,6.960017,745600
hardzero_plus_depr__c0p54__z1p05__lam0p030__nu0p50__psi1p00,hardzero_plus_depr,0.02,31,233,0.0,1,0.50252765,0.50252765,1.0959604,0.0,0.08017511,0.0,0.0,1.8981606e-05,-28.425262,2.411161,0.80372036,0.192,0.0,0.23930538,6.960017,6.9900174,748800
hardzero_plus_depr__c0p54__z1p05__lam0p030__nu0p50__psi1p00,hardzero_plus_depr,0.02,31,234,0.0,1,0.50252765,0.50252765,1.0716016,0.0,0.08480048,0.0,0.0,1.8420611e-05,-27.961123,2.3575706,0.7858569,0.07,0.0,0.12702669,6.9900174,7.0200176,752000
hardzero_plus_depr__c0p54__z1p05__lam0p030__nu0p50__psi1p00,hardzero_plus_depr,0.02,31,235,0.0,1,0.50252765,0.5025295,0.98358965,0.103850916,0.103850916,1.0,1.8564592e-06,1.7876195e-05,-26.635538,2.1639404,0.7213135,0.16000001,0.0,0.1473208,7.0200176,7.050018,755200
hardzero_plus_depr__c0p54__z1p05__lam0p030__nu0p50__psi1p00,hardzero_plus_depr,0.02,31,236,0.0,1,0.5025295,0.50253135,0.97738284,0.105345786,0.105345786,1.0,1.8275249e-06,1.734787e-05,-26.308107,2.1502852,0.71676177,0.208,0.0,0.15043308,7.050018,7.080018,758400
hardzero_plus_depr__c0p54__z1p05__lam0p030__nu0p50__psi1p00,hardzero_plus_depr,0.02,31,237,0.0,1,0.50253135,0.5025329,1.0435683,0.090454824,0.090454824,1.0,1.5228214e-06,1.683516e-05,-28.46267,2.295896,0.7652987,0.17600001,0.0,0.15974444,7.080018,7.1100183,761600
hardzero_plus_depr__c0p54__z1p05__lam0p030__nu0p50__psi1p00,hardzero_plus_depr,0.02,31,238,0.0,1,0.5025329,0.50253445,1.0303735,0.09324521,0.09324521,1.0,1.5234032e-06,1.6337603e-05,-27.471779,2.266867,0.7556223,0.136,0.0,0.1553628,7.1100183,7.1400185,764800
hardzero_plus_depr__c0p54__z1p05__lam0p030__nu0p50__psi1p00,hardzero_plus_depr,0.02,31,239,0.0,1,0.50253445,0.50253594,1.0286878,0.09360781,0.09360781,1.0,1.4841285e-06,1.585475e-05,-27.034504,2.2631583,0.7543861,0.136,0.0,0.13653176,7.1400185,7.1700187,768000
hardzero_plus_depr__c0p54__z1p05__lam0p030__nu0p50__psi1p00,hardzero_plus_depr,0.02,31,240,0.0,1,0.50253594,0.5025374,1.0108526,0.09753207,0.09753207,1.0,1.5006448e-06,1.5386167e-05,-26.694122,2.22392,0.7413067,0.14400001,0.0,0.16306512,7.1700187,7.200019,771200
hardzero_plus_depr__c0p54__z1p05__lam0p030__nu0p50__psi1p00,hardzero_plus_depr,0.02,31,241,0.0,1,0.5025374,0.50253886,1.0254905,0.09429951,0.09429951,1.0,1.408027e-06,1.4931435e-05,-27.393755,2.2561243,0.75204146,0.120000005,0.0,0.15749301,7.200019,7.230019,774400
hardzero_plus_depr__c0p54__z1p05__lam0p030__nu0p50__psi1p00,hardzero_plus_depr,0.02,31,242,0.0,1,0.50253886,0.50254023,1.0153824,0.096520066,0.096520066,1.0,1.3985893e-06,1.44901405e-05,-26.481201,2.233886,0.74462867,0.112,0.0,0.12863566,7.230019,7.2600193,777600
hardzero_plus_depr__c0p54__z1p05__lam0p030__nu0p50__psi1p00,hardzero_plus_depr,0.02,31,243,0.0,1,0.50254023,0.50254166,0.9938537,0.10142529,0.10142529,1.0,1.4262312e-06,1.40618895e-05,-25.971968,2.1865218,0.7288406,0.16800001,0.0,0.14312571,7.2600193,7.2900195,780800
hardzero_plus_depr__c0p54__z1p05__lam0p030__nu0p50__psi1p00,hardzero_plus_depr,0.02,31,244,0.0,1,0.50254166,0.50254166,1.0840153,0.0,0.08241091,0.0,0.0,1.3646293e-05,-27.98578,2.3848813,0.79496044,0.14400001,0.0,0.15774614,7.2900195,7.3200197,784000
hardzero_plus_depr__c0p54__z1p05__lam0p030__nu0p50__psi1p00,hardzero_plus_depr,0.02,31,245,0.0,1,0.50254166,0.502543,1.0048271,0.09889467,0.09889467,1.0,1.3096604e-06,1.3242983e-05,-27.305662,2.2106638,0.73688793,0.14400001,0.0,0.14657618,7.3200197,7.35002,787200
hardzero_plus_depr__c0p54__z1p05__lam0p030__nu0p50__psi1p00,hardzero_plus_depr,0.02,31,246,0.0,1,0.502543,0.502543,1.0673691,0.0,0.08563098,0.0,0.0,1.2851591e-05,-27.045078,2.348259,0.782753,0.16000001,0.008,0.1425384,7.35002,7.38002,790400
hardzero_plus_depr__c0p54__z1p05__lam0p030__nu0p50__psi1p00,hardzero_plus_depr,0.02,31,247,0.0,1,0.502543,0.5025441,1.0375928,0.091708004,0.091708004,1.0,1.1437608e-06,1.2471766e-05,-27.601158,2.2827497,0.7609166,0.11,0.0,0.1525645,7.38002,7.4100204,793600
hardzero_plus_depr__c0p54__z1p05__lam0p030__nu0p50__psi1p00,hardzero_plus_depr,0.02,31,248,0.0,1,0.5025441,0.50254536,0.97938967,0.10486011,0.10486011,1.0,1.2691395e-06,1.2103167e-05,-27.110981,2.1547003,0.71823347,0.264,0.0,0.14472692,7.4100204,7.4400206,796800
hardzero_plus_depr__c0p54__z1p05__lam0p030__nu0p50__psi1p00,hardzero_plus_depr,0.02,31,249,0.0,1,0.50254536,0.5025464,1.0486853,0.0893953,0.0893953,1.0,1.0499891e-06,1.1745462e-05,-28.172682,2.3071537,0.76905125,0.136,0.0,0.15696189,7.4400206,7.470021,800000
hardzero_plus_depr__c0p54__z1p05__lam0p030__nu0p50__psi1p00,hardzero_plus_depr,0.02,31,250,0.0,1,0.5025464,0.50254744,1.03853,0.091510296,0.091510296,1.0,1.0430645e-06,1.1398329e-05,-27.555595,2.2848117,0.76160395,0.15200001,0.0,0.14153387,7.470021,7.500021,803200
hardzero_plus_depr__c0p54__z1p05__lam0p030__nu0p50__psi1p00,hardzero_plus_depr,0.02,31,251,0.0,1,0.50254744,0.50254744,1.105138,0.0,0.078498624,0.0,0.0,1.1061456e-05,-29.083488,2.4313521,0.81045073,0.15200001,0.0,0.17302087,7.500021,7.530021,806400
hardzero_plus_depr__c0p54__z1p05__lam0p030__nu0p50__psi1p00,hardzero_plus_depr,0.02,31,252,0.0,1,0.50254744,0.50254744,1.0620817,0.0,0.086679876,0.0,0.0,1.0734537e-05,-27.451626,2.3366263,0.77887547,0.15200001,0.0,0.14316346,7.530021,7.5600214,809600
hardzero_plus_depr__c0p54__z1p05__lam0p030__nu0p50__psi1p00,hardzero_plus_depr,0.02,31,253,0.0,1,0.50254744,0.5025484,1.0442691,0.09030898,0.09030898,1.0,9.4077404e-07,1.0417281e-05,-27.055435,2.297438,0.76581264,0.14400001,0.0,0.13888262,7.5600214,7.5900216,812800
hardzero_plus_depr__c0p54__z1p05__lam0p030__nu0p50__psi1p00,hardzero_plus_depr,0.02,31,254,0.0,1,0.5025484,0.5025494,1.0102302,0.09767194,0.09767194,1.0,9.874049e-07,1.0109402e-05,-26.976889,2.2225509,0.7408503,0.16000001,0.0,0.16046757,7.5900216,7.620022,816000
hardzero_plus_depr__c0p54__z1p05__lam0p030__nu0p50__psi1p00,hardzero_plus_depr,0.02,31,255,0.0,1,0.5025494,0.5025494,1.0569855,0.0,0.08770301,0.0,0.0,9.810623e-06,-27.367838,2.3254144,0.77513814,0.216,0.0,0.19824092,7.620022,7.650022,819200
hardzero_plus_depr__c0p54__z1p05__lam0p030__nu0p50__psi1p00,hardzero_plus_depr,0.02,31,256,0.0,1,0.5025494,0.5025494,1.0983871,0.0,0.07972838,0.0,0.0,9.520672e-06,-29.371603,2.4164999,0.8055,0.16000001,0.0,0.17134519,7.650022,7.6800222,822400
hardzero_plus_depr__c0p54__z1p05__lam0p030__nu0p50__psi1p00,hardzero_plus_depr,0.02,31,257,0.0,1,0.5025494,0.50255024,1.0306143,0.093193516,0.093193516,1.0,8.6104217e-07,9.239293e-06,-27.788755,2.2673967,0.75579894,0.136,0.0,0.15496589,7.6800222,7.7100224,825600
hardzero_plus_depr__c0p54__z1p05__lam0p030__nu0p50__psi1p00,hardzero_plus_depr,0.02,31,258,0.0,1,0.50255024,0.50255024,1.1023612,0.0,0.07900213,0.0,0.0,8.966228e-06,-28.814997,2.4252431,0.8084144,0.15200001,0.0,0.16003713,7.7100224,7.7400227,828800
hardzero_plus_depr__c0p54__z1p05__lam0p030__nu0p50__psi1p00,hardzero_plus_depr,0.02,31,259,0.0,1,0.50255024,0.5025511,1.0220909,0.09504058,0.09504058,1.0,8.2697034e-07,8.701234e-06,-28.154068,2.2486448,0.7495483,0.14400001,0.0,0.14065062,7.7400227,7.770023,832000
hardzero_plus_depr__c0p54__z1p05__lam0p030__nu0p50__psi1p00,hardzero_plus_depr,0.02,31,260,0.0,1,0.5025511,0.5025511,1.0525287,0.0,0.088607654,0.0,0.0,8.444073e-06,-27.888641,2.3156095,0.77186984,0.16,0.0,0.17374265,7.770023,7.800023,835200
hardzero_plus_depr__c0p54__z1p05__lam0p030__nu0p50__psi1p00,hardzero_plus_depr,0.02,31,261,0.0,1,0.5025511,0.5025511,1.0591534,0.0,0.08726629,0.0,0.0,8.19451e-06,-28.044874,2.3301842,0.7767281,0.16800001,0.0,0.14106375,7.800023,7.8300233,838400
hardzero_plus_depr__c0p54__z1p05__lam0p030__nu0p50__psi1p00,hardzero_plus_depr,0.02,31,262,0.0,1,0.5025511,0.5025518,1.041496,0.09088745,0.09088745,1.0,7.2276646e-07,7.952324e-06,-27.019323,2.291337,0.76377904,0.136,0.0,0.14392085,7.8300233,7.8600235,841600
hardzero_plus_depr__c0p54__z1p05__lam0p030__nu0p50__psi1p00,hardzero_plus_depr,0.02,31,263,0.0,1,0.5025518,0.5025526,0.9586909,0.10997884,0.10997884,1.0,8.487392e-07,7.717295e-06,-26.777714,2.109162,0.7030541,0.2,0.0,0.13380846,7.8600235,7.8900237,844800
hardzero_plus_depr__c0p54__z1p05__lam0p030__nu0p50__psi1p00,hardzero_plus_depr,0.02,31,264,0.0,1,0.5025526,0.5025526,1.0615726,0.0,0.086781554,0.0,0.0,7.489214e-06,-27.229649,2.3355062,0.7785021,0.17600001,0.0,0.14811368,7.8900237,7.920024,848000
hardzero_plus_depr__c0p54__z1p05__lam0p030__nu0p50__psi1p00,hardzero_plus_depr,0.02,31,265,0.0,1,0.5025526,0.5025533,1.0270196,0.09396807,0.09396807,1.0,6.829479e-07,7.267872e-06,-26.764278,2.2594883,0.7531628,0.14400001,0.0,0.13998055,7.920024,7.950024,851200
hardzero_plus_depr__c0p54__z1p05__lam0p030__nu0p50__psi1p00,hardzero_plus_depr,0.02,31,266,0.0,1,0.5025533,0.502554,0.9888897,0.10259123,0.10259123,1.0,7.235834e-07,7.0530727e-06,-27.428747,2.1756008,0.7252003,0.16000001,0.0,0.15469784,7.950024,7.9800243,854400
hardzero_plus_depr__c0p54__z1p05__lam0p030__nu0p50__psi1p00,hardzero_plus_depr,0.02,31,267,0.0,1,0.502554,0.50255466,1.0021447,0.09950738,0.09950738,1.0,6.810904e-07,6.844622e-06,-27.330833,2.2047625,0.73492086,0.216,0.0,0.13036944,7.9800243,8.010024,857600
hardzero_plus_depr__c0p54__z1p05__lam0p030__nu0p50__psi1p00,hardzero_plus_depr,0.02,31,268,0.0,1,0.50255466,0.50255525,1.0352185,0.09221074,0.09221074,1.0,6.124946e-07,6.6423345e-06,-27.295473,2.2775261,0.7591754,0.16000001,0.0,0.14335386,8.010024,8.040024,860800
hardzero_plus_depr__c0p54__z1p05__lam0p030__nu0p50__psi1p00,hardzero_plus_depr,0.02,31,269,0.0,1,0.50255525,0.5025559,0.9972813,0.100627944,0.100627944,1.0,6.486503e-07,6.4460255e-06,-26.74338,2.1940627,0.73135424,0.15200001,0.0,0.13551499,8.040024,8.070024,864000
hardzero_plus_depr__c0p54__z1p05__lam0p030__nu0p50__psi1p00,hardzero_plus_depr,0.02,31,270,0.0,1,0.5025559,0.5025559,1.0891387,0.0,0.081444405,0.0,0.0,6.255518e-06,-28.55059,2.396153,0.7987177,0.18400002,0.0,0.15547144,8.070024,8.100023,867200
hardzero_plus_depr__c0p54__z1p05__lam0p030__nu0p50__psi1p00,hardzero_plus_depr,0.02,31,271,0.0,1,0.5025559,0.5025559,1.0683948,0.0,0.08542898,0.0,0.0,6.070641e-06,-27.846455,2.3505154,0.78350514,0.136,0.0,0.13066138,8.100023,8.130023,870400
hardzero_plus_depr__c0p54__z1p05__lam0p030__nu0p50__psi1p00,hardzero_plus_depr,0.02,31,272,0.0,1,0.5025559,0.5025559,1.0561594,0.0,0.087869994,0.0,0.0,5.8912287e-06,-29.275122,2.323597,0.7745323,0.136,0.0,0.20233727,8.130023,8.160023,873600
hardzero_plus_depr__c0p54__z1p05__lam0p030__nu0p50__psi1p00,hardzero_plus_depr,0.02,31,273,0.0,1,0.5025559,0.5025565,1.0015537,0.09964289,0.09964289,1.0,5.6967014e-07,5.717118e-06,-26.613518,2.2034621,0.7344874,0.13,0.0,0.13513875,8.160023,8.190022,876800
hardzero_plus_depr__c0p54__z1p05__lam0p030__nu0p50__psi1p00,hardzero_plus_depr,0.02,31,274,0.0,1,0.5025565,0.5025565,1.0806321,0.0,0.0830554,0.0,0.0,5.548153e-06,-28.248772,2.377438,0.7924794,0.136,0.0,0.15707397,8.190022,8.220022,880000
hardzero_plus_depr__c0p54__z1p05__lam0p030__nu0p50__psi1p00,hardzero_plus_depr,0.02,31,275,0.0,1,0.5025565,0.50255704,1.0011435,0.099737056,0.099737056,1.0,5.3700245e-07,5.384182e-06,-26.212404,2.2025597,0.7341866,0.136,0.0,0.11970334,8.220022,8.250022,883200
hardzero_plus_depr__c0p54__z1p05__lam0p030__nu0p50__psi1p00,hardzero_plus_depr,0.02,31,276,0.0,1,0.50255704,0.5025575,1.0229028,0.09486306,0.09486306,1.0,4.9566484e-07,5.2250566e-06,-26.759962,2.2504313,0.75014377,0.14400001,0.0,0.16334717,8.250022,8.280022,886400
hardzero_plus_depr__c0p54__z1p05__lam0p030__nu0p50__psi1p00,hardzero_plus_depr,0.02,31,277,0.0,1,0.5025575,0.502558,1.0128075,0.09709404,0.09709404,1.0,4.923283e-07,5.070634e-06,-27.476772,2.228221,0.74274033,0.23200001,0.0,0.16295111,8.280022,8.310021,889600
hardzero_plus_depr__c0p54__z1p05__lam0p030__nu0p50__psi1p00,hardzero_plus_depr,0.02,31,278,0.0,1,0.502558,0.50255847,1.0367118,0.091894224,0.091894224,1.0,4.5219085e-07,4.9207756e-06,-27.02898,2.2808115,0.76027054,0.14400001,0.0,0.15483117,8.310021,8.340021,892800
hardzero_plus_depr__c0p54__z1p05__lam0p030__nu0p50__psi1p00,hardzero_plus_depr,0.02,31,279,0.0,1,0.50255847,0.5025589,1.0451268,0.09013079,0.09013079,1.0,4.3040566e-07,4.7753456e-06,-27.46839,2.2993248,0.7664416,0.136,0.0,0.13882709,8.340021,8.370021,896000
hardzero_plus_depr__c0p54__z1p05__lam0p030__nu0p50__psi1p00,hardzero_plus_depr,0.02,31,280,0.0,1,0.5025589,0.5025589,1.0683521,0.0,0.08543737,0.0,0.0,4.6342143e-06,-27.738035,2.3504214,0.78347385,0.16000001,0.0,0.15366335,8.370021,8.400021,899200
hardzero_plus_depr__c0p54__z1p05__lam0p030__nu0p50__psi1p00,hardzero_plus_depr,0.02,31,281,0.0,1,0.5025589,0.5025593,1.0040737,0.09906638,0.09906638,1.0,4.455266e-07,4.4972535e-06,-26.38562,2.2090063,0.73633546,0.16800001,0.0,0.15150727,8.400021,8.43002,902400
hardzero_plus_depr__c0p54__z1p05__lam0p030__nu0p50__psi1p00,hardzero_plus_depr,0.02,31,282,0.0,1,0.5025593,0.5025597,1.0370395,0.091824904,0.091824904,1.0,4.0075517e-07,4.364341e-06,-27.793951,2.2815325,0.76051086,0.136,0.0,0.13002144,8.43002,8.46002,905600
hardzero_plus_depr__c0p54__z1p05__lam0p030__nu0p50__psi1p00,hardzero_plus_depr,0.02,31,283,0.0,1,0.5025597,0.50256014,1.0070425,0.09839147,0.09839147,1.0,4.1672294e-07,4.2353563e-06,-26.42263,2.2155378,0.73851264,0.216,0.0,0.14524081,8.46002,8.49002,908800
hardzero_plus_depr__c0p54__z1p05__lam0p030__nu0p50__psi1p00,hardzero_plus_depr,0.02,31,284,0.0,1,0.50256014,0.50256056,1.0171846,0.09612035,0.09612035,1.0,3.950723e-07,4.110184e-06,-27.733496,2.237851,0.74595034,0.14400001,0.0,0.14467435,8.49002,8.52002,912000
hardzero_plus_depr__c0p54__z1p05__lam0p030__nu0p50__psi1p00,hardzero_plus_depr,0.02,31,285,0.0,1,0.50256056,0.50256056,1.0592358,0.0,0.08724975,0.0,0.0,3.9887104e-06,-28.57394,2.3303654,0.7767885,0.16000001,0.0,0.16193713,8.52002,8.550019,915200
hardzero_plus_depr__c0p54__z1p05__lam0p030__nu0p50__psi1p00,hardzero_plus_depr,0.02,31,286,0.0,1,0.50256056,0.50256056,1.0680957,0.0,0.08548782,0.0,0.0,3.870827e-06,-28.491556,2.3498573,0.7832858,0.12,0.0,0.1662124,8.550019,8.580019,918400
hardzero_plus_depr__c0p54__z1p05__lam0p030__nu0p50__psi1p00,hardzero_plus_depr,0.02,31,287,0.0,1,0.50256056,0.5025609,1.0075984,0.098265626,0.098265626,1.0,3.691278e-07,3.7564284e-06,-26.362383,2.2167606,0.7389202,0.16000001,0.0,0.12985912,8.580019,8.610019,921600
hardzero_plus_depr__c0p54__z1p05__lam0p030__nu0p50__psi1p00,hardzero_plus_depr,0.02,31,288,0.0,1,0.5025609,0.5025609,1.0920354,0.0,0.08090299,0.0,0.0,3.6454098e-06,-28.01613,2.402526,0.800842,0.15200001,0.0,0.13953659,8.610019,8.640018,924800
hardzero_plus_depr__c0p54__z1p05__lam0p030__nu0p50__psi1p00,hardzero_plus_depr,0.02,31,289,0.0,1,0.5025609,0.5025613,1.0127273,0.097111955,0.097111955,1.0,3.435503e-07,3.5376727e-06,-26.9016,2.2280445,0.7426815,0.16000001,0.0,0.12783994,8.640018,8.670018,928000
hardzero_plus_depr__c0p54__z1p05__lam0p030__nu0p50__psi1p00,hardzero_plus_depr,0.02,31,290,0.0,1,0.5025613,0.5025613,1.0605533,0.0,0.08698546,0.0,0.0,3.4331194e-06,-28.013704,2.3332639,0.77775466,0.2,0.0,0.14191535,8.670018,8.700018,931200
hardzero_plus_depr__c0p54__z1p05__lam0p030__nu0p50__psi1p00,hardzero_plus_depr,0.02,31,291,0.0,1,0.5025613,0.50256157,1.0370065,0.091831885,0.091831885,1.0,3.0595228e-07,3.3316562e-06,-27.561861,2.2814598,0.7604866,0.17600001,0.0,0.14585103,8.700018,8.730018,934400
hardzero_plus_depr__c0p54__z1p05__lam0p030__nu0p50__psi1p00,hardzero_plus_depr,0.02,31,292,0.0,1,0.50256157,0.50256187,1.0314237,0.09301999,0.09301999,1.0,3.0075148e-07,3.2331918e-06,-27.427183,2.2691774,0.7563925,0.14400001,0.0,0.13636602,8.730018,8.760017,937600
hardzero_plus_depr__c0p54__z1p05__lam0p030__nu0p50__psi1p00,hardzero_plus_depr,0.02,31,293,0.0,1,0.50256187,0.50256217,1.0437188,0.09042347,0.09042347,1.0,2.8371608e-07,3.1376373e-06,-27.452847,2.2962272,0.7654091,0.128,0.0,0.13987355,8.760017,8.790017,940800
hardzero_plus_depr__c0p54__z1p05__lam0p030__nu0p50__psi1p00,hardzero_plus_depr,0.02,31,294,0.0,1,0.50256217,0.50256217,1.0542114,0.0,0.08826501,0.0,0.0,3.044907e-06,-27.18872,2.3193114,0.77310383,0.136,0.0,0.14088032,8.790017,8.820017,944000
hardzero_plus_depr__c0p54__z1p05__lam0p030__nu0p50__psi1p00,hardzero_plus_depr,0.02,31,295,0.0,1,0.50256217,0.50256246,1.0196037,0.095586434,0.095586434,1.0,2.8245e-07,2.9549174e-06,-27.36683,2.243173,0.7477243,0.15200001,0.0,0.14942461,8.820017,8.850017,947200
hardzero_plus_depr__c0p54__z1p05__lam0p030__nu0p50__psi1p00,hardzero_plus_depr,0.02,31,296,0.0,1,0.50256246,0.50256276,1.0070179,0.09839706,0.09839706,1.0,2.8216212e-07,2.867587e-06,-26.506247,2.2154834,0.7384945,0.15200001,0.0,0.14571065,8.850017,8.880016,950400
hardzero_plus_depr__c0p54__z1p05__lam0p030__nu0p50__psi1p00,hardzero_plus_depr,0.02,31,297,0.0,1,0.50256276,0.50256276,1.1175008,0.0,0.076295555,0.0,0.0,2.7828378e-06,-27.662565,2.458551,0.819517,0.080000006,0.0,0.1592069,8.880016,8.910016,953600
hardzero_plus_depr__c0p54__z1p05__lam0p030__nu0p50__psi1p00,hardzero_plus_depr,0.02,31,298,0.0,1,0.50256276,0.502563,1.0370239,0.091828205,0.091828205,1.0,2.4799064e-07,2.7005933e-06,-27.241615,2.2814982,0.7604994,0.16000001,0.0,0.17187668,8.910016,8.940016,956800
hardzero_plus_depr__c0p54__z1p05__lam0p030__nu0p50__psi1p00,hardzero_plus_depr,0.02,31,299,0.0,1,0.502563,0.502563,1.0722295,0.0,0.08467797,0.0,0.0,2.6207792e-06,-27.76998,2.358952,0.78631735,0.14999999,0.0,0.16690382,8.940016,8.970016,960000
hardzero_plus_depr__c0p54__z1p05__lam0p030__nu0p50__psi1p00,hardzero_plus_depr,0.02,31,300,0.0,1,0.502563,0.50256324,0.9980563,0.100448556,0.100448556,1.0,2.5547325e-07,2.5433244e-06,-26.91147,2.1957676,0.73192257,0.14400001,0.0,0.13611206,8.970016,9.000015,963200
hardzero_plus_depr__c0p54__z1p05__lam0p030__nu0p50__psi1p00,hardzero_plus_depr,0.02,31,301,0.0,1,0.50256324,0.5025635,1.0000536,0.09998765,0.09998765,1.0,2.4678533e-07,2.468158e-06,-27.432241,2.200162,0.73338735,0.08800001,0.0,0.13991229,9.000015,9.030015,966400
hardzero_plus_depr__c0p54__z1p05__lam0p030__nu0p50__psi1p00,hardzero_plus_depr,0.02,31,302,0.0,1,0.5025635,0.5025635,1.0550116,0.0,0.08810253,0.0,0.0,2.3952139e-06,-27.02122,2.3210719,0.77369064,0.208,0.0,0.17372549,9.030015,9.060015,969600
hardzero_plus_depr__c0p54__z1p05__lam0p030__nu0p50__psi1p00,hardzero_plus_depr,0.02,31,303,0.0,1,0.5025635,0.5025635,1.0880561,0.0,0.08164769,0.0,0.0,2.3244252e-06,-28.070568,2.3937712,0.79792374,0.120000005,0.0,0.16735728,9.060015,9.090014,972800
hardzero_plus_depr__c0p54__z1p05__lam0p030__nu0p50__psi1p00,hardzero_plus_depr,0.02,31,304,0.0,1,0.5025635,0.5025637,1.0081216,0.09814731,0.09814731,1.0,2.213937e-07,2.2557288e-06,-26.9069,2.217912,0.739304,0.112,0.0,0.13031755,9.090014,9.120014,976000
hardzero_plus_depr__c0p54__z1p05__lam0p030__nu0p50__psi1p00,hardzero_plus_depr,0.02,31,305,0.0,1,0.5025637,0.5025637,1.0841105,0.0,0.08239285,0.0,0.0,2.1890626e-06,-28.108852,2.3850908,0.7950303,0.16800001,0.0,0.15271002,9.120014,9.150014,979200
hardzero_plus_depr__c0p54__z1p05__lam0p030__nu0p50__psi1p00,hardzero_plus_depr,0.02,31,306,0.0,1,0.5025637,0.5025637,1.0705664,0.0,0.08500287,0.0,0.0,2.1243663e-06,-27.215796,2.3552933,0.7850978,0.064,0.0,0.12321511,9.150014,9.180014,982400
hardzero_plus_depr__c0p54__z1p05__lam0p030__nu0p50__psi1p00,hardzero_plus_depr,0.02,31,307,0.0,1,0.5025637,0.50256395,0.9890636,0.10255017,0.10255017,1.0,2.1141562e-07,2.0615823e-06,-26.628006,2.1759834,0.72532785,0.14400001,0.0,0.12924159,9.180014,9.210013,985600
hardzero_plus_depr__c0p54__z1p05__lam0p030__nu0p50__psi1p00,hardzero_plus_depr,0.02,31,308,0.0,1,0.50256395,0.50256413,1.0302806,0.093265146,0.093265146,1.0,1.8659131e-07,2.0006541e-06,-26.959698,2.2666626,0.7555542,0.16800001,0.0,0.13287066,9.210013,9.240013,988800
hardzero_plus_depr__c0p54__z1p05__lam0p030__nu0p50__psi1p00,hardzero_plus_depr,0.02,31,309,0.0,1,0.50256413,0.50256413,1.0580649,0.0,0.0874853,0.0,0.0,1.9415263e-06,-28.606304,2.3277893,0.7759298,0.18400002,0.0,0.1577712,9.240013,9.270013,992000
hardzero_plus_depr__c0p54__z1p05__lam0p030__nu0p50__psi1p00,hardzero_plus_depr,0.02,31,310,0.0,1,0.50256413,0.5025643,1.0389091,0.091430455,0.091430455,1.0,1.7226832e-07,1.884146e-06,-26.727009,2.2856455,0.7618818,0.08800001,0.0,0.14302564,9.270013,9.300013,995200
hardzero_plus_depr__c0p54__z1p05__lam0p030__nu0p50__psi1p00,hardzero_plus_depr,0.02,31,311,0.0,1,0.5025643,0.5025645,1.0459434,0.08996149,0.08996149,1.0,1.6449111e-07,1.8284614e-06,-27.391966,2.3011215,0.7670405,0.23200001,0.0,0.16349688,9.300013,9.330012,998400
hardzero_plus_depr__c0p54__z1p05__lam0p030__nu0p50__psi1p00,hardzero_plus_depr,0.02,31,312,0.0,1,0.5025645,0.5025645,1.055129,0.0,0.08807871,0.0,0.0,1.7744228e-06,-28.180727,2.3213303,0.77377677,0.16,0.0,0.18236898,9.330012,9.360012,1001600
hardzero_plus_depr__c0p54__z1p05__lam0p030__nu0p50__psi1p00,hardzero_plus_depr,0.02,31,313,0.0,1,0.5025645,0.50256467,0.9800039,0.10471191,0.10471191,1.0,1.8031194e-07,1.7219812e-06,-26.106735,2.1560516,0.7186839,0.2,0.0,0.14710036,9.360012,9.390012,1004800
hardzero_plus_depr__c0p54__z1p05__lam0p030__nu0p50__psi1p00,hardzero_plus_depr,0.02,31,314,0.0,1,0.50256467,0.50256485,1.0450071,0.09015564,0.09015564,1.0,1.5065814e-07,1.6710894e-06,-27.341524,2.2990615,0.76635385,0.112,0.0,0.110120066,9.390012,9.4200115,1008000
hardzero_plus_depr__c0p54__z1p05__lam0p030__nu0p50__psi1p00,hardzero_plus_depr,0.02,31,315,0.0,1,0.50256485,0.502565,1.0323882,0.09281363,0.09281363,1.0,1.5051602e-07,1.6217016e-06,-27.222235,2.2712994,0.7570998,0.208,0.0,0.18534377,9.4200115,9.450011,1011200
hardzero_plus_depr__c0p54__z1p05__lam0p030__nu0p50__psi1p00,hardzero_plus_depr,0.02,31,316,0.0,1,0.502565,0.502565,1.0603656,0.0,0.08702307,0.0,0.0,1.5737736e-06,-27.291576,2.332851,0.777617,0.18400002,0.0,0.16821192,9.450011,9.480011,1014400
hardzero_plus_depr__c0p54__z1p05__lam0p030__nu0p50__psi1p00,hardzero_plus_depr,0.02,31,317,0.0,1,0.502565,0.50256515,1.0468371,0.08977654,0.08977654,1.0,1.371123e-07,1.527262e-06,-27.643167,2.3030875,0.76769584,0.192,0.0,0.14866456,9.480011,9.510011,1017600
hardzero_plus_depr__c0p54__z1p05__lam0p030__nu0p50__psi1p00,hardzero_plus_depr,0.02,31,318,0.0,1,0.50256515,0.50256526,1.0327268,0.0927413,0.0927413,1.0,1.374542e-07,1.482125e-06,-26.938261,2.2720442,0.75734806,0.16000001,0.0,0.16512495,9.510011,9.54001,1020800
hardzero_plus_depr__c0p54__z1p05__lam0p030__nu0p50__psi1p00,hardzero_plus_depr,0.02,31,319,0.0,1,0.50256526,0.5025654,1.0170928,0.096140675,0.096140675,1.0,1.3828124e-07,1.4383219e-06,-26.620958,2.237649,0.745883,0.128,0.0,0.12915759,9.54001,9.57001,1024000
hardzero_plus_depr__c0p54__z1p05__lam0p030__nu0p50__psi1p00,hardzero_plus_depr,0.02,31,320,0.0,1,0.5025654,0.5025655,1.0316246,0.09297697,0.09297697,1.0,1.2977851e-07,1.3958135e-06,-27.058458,2.2696192,0.75653976,0.2,0.0,0.14027813,9.57001,9.60001,1027200
hardzero_plus_depr__c0p54__z1p05__lam0p030__nu0p50__psi1p00,hardzero_plus_depr,0.02,31,321,0.0,1,0.5025655,0.5025656,1.0347016,0.092320554,0.092320554,1.0,1.2505383e-07,1.3545612e-06,-26.949705,2.276389,0.75879633,0.16800001,0.0,0.15793261,9.60001,9.63001,1030400
hardzero_plus_depr__c0p54__z1p05__lam0p030__nu0p50__psi1p00,hardzero_plus_depr,0.02,31,322,0.0,1,0.5025656,0.50256574,1.037225,0.091785684,0.091785684,1.0,1.2065487e-07,1.3145283e-06,-27.016653,2.2819407,0.76064694,0.14400001,0.0,0.15023026,9.63001,9.660009,1033600
hardzero_plus_depr__c0p54__z1p05__lam0p030__nu0p50__psi1p00,hardzero_plus_depr,0.02,31,323,0.0,1,0.50256574,0.50256586,1.0334067,0.09259621,0.09259621,1.0,1.18123e-07,1.2756785e-06,-26.871658,2.2735403,0.7578468,0.17600001,0.0,0.14152619,9.660009,9.690009,1036800
hardzero_plus_depr__c0p54__z1p05__lam0p030__nu0p50__psi1p00,hardzero_plus_depr,0.02,31,324,0.0,1,0.50256586,0.502566,1.0387057,0.09147328,0.09147328,1.0,1.13241796e-07,1.2379768e-06,-27.268456,2.2851982,0.76173276,0.104,0.0,0.15934364,9.690009,9.720009,1040000
hardzero_plus_depr__c0p54__z1p05__lam0p030__nu0p50__psi1p00,hardzero_plus_depr,0.02,31,325,0.0,1,0.502566,0.502566,1.0963924,0.0,0.0800954,0.0,0.0,1.2013894e-06,-28.644846,2.4121115,0.8040372,0.12,0.0,0.17444643,9.720009,9.750009,1043200
hardzero_plus_depr__c0p54__z1p05__lam0p030__nu0p50__psi1p00,hardzero_plus_depr,0.02,31,326,0.0,1,0.502566,0.502566,1.1182033,0.0,0.07617223,0.0,0.0,1.1658833e-06,-27.974936,2.4600964,0.8200321,0.08800001,0.0,0.16108246,9.750009,9.780008,1046400
hardzero_plus_depr__c0p54__z1p05__lam0p030__nu0p50__psi1p00,hardzero_plus_depr,0.02,31,327,0.0,1,0.502566,0.5025661,1.0494305,0.08924204,0.08924204,1.0,1.00970816e-07,1.1314265e-06,-26.841982,2.308793,0.7695977,0.128,0.0,0.12210495,9.780008,9.810008,1049600
hardzero_plus_depr__c0p54__z1p05__lam0p030__nu0p50__psi1p00,hardzero_plus_depr,0.02,31,328,0.0,1,0.5025661,0.5025662,0.9869774,0.10304397,0.10304397,1.0,1.1314105e-07,1.097988e-06,-26.565474,2.1713936,0.7237979,0.16800001,0.0,0.16075797,9.810008,9.840008,1052800
hardzero_plus_depr__c0p54__z1p05__lam0p030__nu0p50__psi1p00,hardzero_plus_depr,0.02,31,329,0.0,1,0.5025662,0.5025662,1.1003039,0.0,0.07937726,0.0,0.0,1.065538e-06,-28.322578,2.4207168,0.8069056,0.16800001,0.0,0.16078232,9.840008,9.8700075,1056000
hardzero_plus_depr__c0p54__z1p05__lam0p030__nu0p50__psi1p00,hardzero_plus_depr,0.02,31,330,0.0,1,0.5025662,0.50256634,1.037472,0.0917335,0.0917335,1.0,9.485674e-08,1.0340468e-06,-27.112526,2.282484,0.760828,0.17600001,0.0,0.14426169,9.8700075,9.900007,1059200
hardzero_plus_depr__c0p54__z1p05__lam0p030__nu0p50__psi1p00,hardzero_plus_depr,0.02,31,331,0.0,1,0.50256634,0.50256634,1.0558138,0.0,0.08793995,0.0,0.0,1.0034863e-06,-27.458368,2.3228366,0.7742789,0.224,0.0,0.16343091,9.900007,9.930007,1062400
hardzero_plus_depr__c0p54__z1p05__lam0p030__nu0p50__psi1p00,hardzero_plus_depr,0.02,31,332,0.0,1,0.50256634,0.50256634,1.1020147,0.0,0.079065196,0.0,0.0,9.738292e-07,-27.560091,2.4244807,0.80816025,0.096,0.0,0.15724082,9.930007,9.960007,1065600
hardzero_plus_depr__c0p54__z1p05__lam0p030__nu0p50__psi1p00,hardzero_plus_depr,0.02,31,333,0.0,1,0.50256634,0.5025664,1.0357968,0.092088036,0.092088036,1.0,8.702765e-08,9.450484e-07,-28.181078,2.2787983,0.75959945,0.192,0.0,0.16988571,9.960007,9.990006,1068800
hardzero_plus_depr__c0p54__z1p05__lam0p030__nu0p50__psi1p00,hardzero_plus_depr,0.02,31,334,0.0,1,0.5025664,0.5025665,0.98014075,0.10467894,0.10467894,1.0,9.600296e-08,9.171182e-07,-26.49154,2.1563528,0.7187843,0.112,0.0,0.1345335,9.990006,10.020006,1072000
hardzero_plus_depr__c0p54__z1p05__lam0p030__nu0p50__psi1p00,hardzero_plus_depr,0.02,31,335,0.0,1,0.5025665,0.5025666,1.0212816,0.09521786,0.09521786,1.0,8.4745174e-08,8.9001344e-07,-27.63037,2.2468643,0.7489548,0.23200001,0.008,0.15187173,10.020006,10.050006,1075200
hardzero_plus_depr__c0p54__z1p05__lam0p030__nu0p50__psi1p00,hardzero_plus_depr,0.02,31,336,0.0,1,0.5025666,0.50256664,1.0249834,0.0944097,0.0944097,1.0,8.1542595e-08,8.6370994e-07,-27.55338,2.2550085,0.7516695,0.120000005,0.0,0.13936508,10.050006,10.080006,1078400
hardzero_plus_depr__c0p54__z1p05__lam0p030__nu0p50__psi1p00,hardzero_plus_depr,0.02,31,337,0.0,1,0.50256664,0.5025667,1.0199614,0.09550774,0.09550774,1.0,8.005302e-08,8.3818355e-07,-27.09882,2.2439597,0.74798656,0.18400002,0.0,0.15264994,10.080006,10.110005,1081600
hardzero_plus_depr__c0p54__z1p05__lam0p030__nu0p50__psi1p00,hardzero_plus_depr,0.02,31,338,0.0,1,0.5025667,0.5025667,1.1201127,0.0,0.07583808,0.0,0.0,8.1341176e-07,-29.598776,2.464297,0.82143235,0.12,0.0,0.16918966,10.110005,10.140005,1084800
hardzero_plus_depr__c0p54__z1p05__lam0p030__nu0p50__psi1p00,hardzero_plus_depr,0.02,31,339,0.0,1,0.5025667,0.5025667,1.0635362,0.0,0.08639006,0.0,0.0,7.8937205e-07,-27.653252,2.3398263,0.77994215,0.136,0.0,0.17860334,10.140005,10.170005,1088000
hardzero_plus_depr__c0p54__z1p05__lam0p030__nu0p50__psi1p00,hardzero_plus_depr,0.02,31,340,0.0,1,0.5025667,0.50256675,1.0465108,0.08984403,0.08984403,1.0,6.882437e-08,7.660428e-07,-26.731735,2.3023698,0.76745665,0.16800001,0.0,0.13283873,10.170005,10.200005,1091200
hardzero_plus_depr__c0p54__z1p05__lam0p030__nu0p50__psi1p00,hardzero_plus_depr,0.02,31,341,0.0,1,0.50256675,0.5025668,1.0449514,0.0901672,0.0901672,1.0,6.703057e-08,7.43403e-07,-27.697458,2.298939,0.766313,0.18400002,0.0,0.15507104,10.200005,10.230004,1094400
hardzero_plus_depr__c0p54__z1p05__lam0p030__nu0p50__psi1p00,hardzero_plus_depr,0.02,31,342,0.0,1,0.5025668,0.5025669,1.0217785,0.09510898,0.09510898,1.0,6.861469e-08,7.214323e-07,-26.702791,2.2479575,0.7493192,0.16800001,0.0,0.12584199,10.230004,10.260004,1097600
hardzero_plus_depr__c0p54__z1p05__lam0p030__nu0p50__psi1p00,hardzero_plus_depr,0.02,31,343,0.0,1,0.5025669,0.5025669,1.077406,0.0,0.08367465,0.0,0.0,7.001109e-07,-28.651485,2.3703406,0.79011357,0.112,0.0,0.125389,10.260004,10.290004,1100800
hardzero_plus_depr__c0p54__z1p05__lam0p030__nu0p50__psi1p00,hardzero_plus_depr,0.02,31,344,0.0,1,0.5025669,0.50256693,1.0475345,0.089632496,0.089632496,1.0,6.089808e-08,6.7941966e-07,-27.378777,2.304622,0.7682073,0.112,0.0,0.1382826,10.290004,10.3200035,1104000
hardzero_plus_depr__c0p54__z1p05__lam0p030__nu0p50__psi1p00,hardzero_plus_depr,0.02,31,345,0.0,1,0.50256693,0.502567,1.01267,0.09712476,0.09712476,1.0,6.403824e-08,6.5934e-07,-27.107168,2.2279186,0.74263954,0.17600001,0.0,0.14953639,10.3200035,10.350003,1107200
hardzero_plus_depr__c0p54__z1p05__lam0p030__nu0p50__psi1p00,hardzero_plus_depr,0.02,31,346,0.0,1,0.502567,0.50256705,1.0133914,0.096963584,0.096963584,1.0,6.204251e-08,6.3985374e-07,-27.070818,2.2295055,0.74316853,0.16800001,0.0,0.14080374,10.350003,10.380003,1110400
hardzero_plus_depr__c0p54__z1p05__lam0p030__nu0p50__psi1p00,hardzero_plus_depr,0.02,31,347,0.0,1,0.50256705,0.5025671,1.0212168,0.09523207,0.09523207,1.0,5.9133722e-08,6.2094335e-07,-27.729773,2.2467217,0.74890727,0.14400001,0.0,0.14120206,10.380003,10.410003,1113600
hardzero_plus_depr__c0p54__z1p05__lam0p030__nu0p50__psi1p00,hardzero_plus_depr,0.02,31,348,0.0,1,0.5025671,0.5025671,1.053873,0.0,0.08833382,0.0,0.0,6.0259185e-07,-26.472872,2.3185668,0.77285564,0.14400001,0.0,0.1351618,10.410003,10.440002,1116800
hardzero_plus_depr__c0p54__z1p05__lam0p030__nu0p50__psi1p00,hardzero_plus_depr,0.02,31,349,0.0,1,0.5025671,0.5025672,1.007132,0.09837118,0.09837118,1.0,5.7525764e-08,5.847827e-07,-26.665892,2.2157347,0.73857826,0.18400002,0.0,0.13723966,10.440002,10.470002,1120000
hardzero_plus_depr__c0p54__z1p05__lam0p030__nu0p50__psi1p00,hardzero_plus_depr,0.02,31,350,0.0,1,0.5025672,0.5025672,1.077786,0.0,0.08360149,0.0,0.0,5.6749997e-07,-27.86029,2.3711765,0.79039216,0.14400001,0.0,0.15715948,10.470002,10.500002,1123200
hardzero_plus_depr__c0p54__z1p05__lam0p030__nu0p50__psi1p00,hardzero_plus_depr,0.02,31,351,0.0,1,0.5025672,0.50256723,1.0256634,0.094262,0.094262,1.0,5.1912718e-08,5.50728e-07,-27.713593,2.2565045,0.7521682,0.22,0.0,0.14986114,10.500002,10.530002,1126400
hardzero_plus_depr__c0p54__z1p05__lam0p030__nu0p50__psi1p00,hardzero_plus_depr,0.02,31,352,0.0,1,0.50256723,0.5025673,1.0459546,0.08995916,0.08995916,1.0,4.807882e-08,5.3445166e-07,-27.388588,2.301146,0.7670487,0.15200001,0.0,0.12655167,10.530002,10.560001,1129600
hardzero_plus_depr__c0p54__z1p05__lam0p030__nu0p50__psi1p00,hardzero_plus_depr,0.02,31,353,0.0,1,0.5025673,0.50256735,0.99516076,0.1011205,0.1011205,1.0,5.244679e-08,5.1865635e-07,-26.38495,2.1893973,0.72979915,0.17600001,0.0,0.11385661,10.560001,10.590001,1132800
hardzero_plus_depr__c0p54__z1p05__lam0p030__nu0p50__psi1p00,hardzero_plus_depr,0.02,31,354,0.0,1,0.50256735,0.50256735,1.0574552,0.0,0.08760821,0.0,0.0,5.0332784e-07,-27.412268,2.3264477,0.7754826,0.136,0.0,0.17807844,10.590001,10.620001,1136000
hardzero_plus_depr__c0p54__z1p05__lam0p030__nu0p50__psi1p00,hardzero_plus_depr,0.02,31,355,0.0,1,0.50256735,0.5025674,1.0476891,0.08960059,0.08960059,1.0,4.376562e-08,4.884524e-07,-27.398502,2.304962,0.7683207,0.14400001,0.008,0.16531637,10.620001,10.650001,1139200
hardzero_plus_depr__c0p54__z1p05__lam0p030__nu0p50__psi1p00,hardzero_plus_depr,0.02,31,356,0.0,1,0.5025674,0.5025674,1.0955244,0.0,0.08025564,0.0,0.0,4.7401656e-07,-28.057932,2.4102018,0.80340064,0.136,0.0,0.14647646,10.650001,10.68,1142400
hardzero_plus_depr__c0p54__z1p05__lam0p030__nu0p50__psi1p00,hardzero_plus_depr,0.02,31,357,0.0,1,0.5025674,0.5025674,1.0538319,0.0,0.08834217,0.0,0.0,4.6000739e-07,-27.812527,2.3184767,0.7728256,0.15200001,0.0,0.15687394,10.68,10.71,1145600
hardzero_plus_depr__c0p54__z1p05__lam0p030__nu0p50__psi1p00,hardzero_plus_depr,0.02,31,358,0.0,1,0.5025674,0.50256747,1.0484037,0.08945327,0.08945327,1.0,3.9933035e-08,4.4641223e-07,-27.997377,2.3065343,0.7688448,0.192,0.0,0.15457654,10.71,10.74,1148800
hardzero_plus_depr__c0p54__z1p05__lam0p030__nu0p50__psi1p00,hardzero_plus_depr,0.02,31,359,0.0,1,0.50256747,0.50256747,1.1125294,0.0,0.07717392,0.0,0.0,4.3321887e-07,-28.759237,2.4476135,0.8158712,0.08800001,0.0,0.155077,10.74,10.7699995,1152000
hardzero_plus_depr__c0p54__z1p05__lam0p030__nu0p50__psi1p00,hardzero_plus_depr,0.02,31,360,0.0,1,0.50256747,0.5025675,1.0179114,0.095959626,0.095959626,1.0,4.0342908e-08,4.2041543e-07,-26.445318,2.23945,0.7464833,0.096,0.0,0.1633855,10.7699995,10.799999,1155200
hardzero_plus_depr__c0p54__z1p05__lam0p030__nu0p50__psi1p00,hardzero_plus_depr,0.02,31,361,0.0,1,0.5025675,0.5025676,1.0437102,0.09042526,0.09042526,1.0,3.6892637e-08,4.0799037e-07,-26.957882,2.2962084,0.7654028,0.120000005,0.0,0.15366964,10.799999,10.829999,1158400
hardzero_plus_depr__c0p54__z1p05__lam0p030__nu0p50__psi1p00,hardzero_plus_depr,0.02,31,362,0.0,1,0.5025676,0.50256765,1.0471075,0.089720674,0.089720674,1.0,3.5523335e-08,3.9593255e-07,-27.68376,2.3036823,0.76789415,0.128,0.0,0.14932396,10.829999,10.859999,1161600
hardzero_plus_depr__c0p54__z1p05__lam0p030__nu0p50__psi1p00,hardzero_plus_depr,0.02,31,363,0.0,1,0.50256765,0.50256765,1.0836533,0.0,0.082479626,0.0,0.0,3.8423104e-07,-28.373053,2.384085,0.794695,0.112,0.0,0.17813852,10.859999,10.889998,1164800
hardzero_plus_depr__c0p54__z1p05__lam0p030__nu0p50__psi1p00,hardzero_plus_depr,0.02,31,364,0.0,1,0.50256765,0.5025677,0.99381036,0.101435415,0.101435415,1.0,3.7822776e-08,3.7287543e-07,-27.16554,2.1864264,0.7288088,0.19,0.0,0.14224008,10.889998,10.919998,1168000
hardzero_plus_depr__c0p54__z1p05__lam0p030__nu0p50__psi1p00,hardzero_plus_depr,0.02,31,365,0.0,1,0.5025677,0.50256777,1.0259775,0.09419383,0.09419383,1.0,3.4084543e-08,3.6185537e-07,-27.689953,2.2571955,0.7523985,0.16800001,0.0,0.15494157,10.919998,10.949998,1171200
hardzero_plus_depr__c0p54__z1p05__lam0p030__nu0p50__psi1p00,hardzero_plus_depr,0.02,31,366,0.0,1,0.50256777,0.50256777,1.1153795,0.0,0.07666913,0.0,0.0,3.5116102e-07,-29.036274,2.453884,0.81796134,0.096,0.0,0.1667325,10.949998,10.979998,1174400
hardzero_plus_depr__c0p54__z1p05__lam0p030__nu0p50__psi1p00,hardzero_plus_depr,0.02,31,367,0.0,1,0.50256777,0.50256777,1.0674764,0.0,0.08560981,0.0,0.0,3.4078272e-07,-28.093021,2.348495,0.78283167,0.15200001,0.0,0.15869828,10.979998,11.009997,1177600
hardzero_plus_depr__c0p54__z1p05__lam0p030__nu0p50__psi1p00,hardzero_plus_depr,0.02,31,368,0.0,1,0.50256777,0.50256777,1.0661819,0.0,0.08586537,0.0,0.0,3.3071123e-07,-28.352537,2.345647,0.7818824,0.128,0.0,0.14800367,11.009997,11.039997,1180800
hardzero_plus_depr__c0p54__z1p05__lam0p030__nu0p50__psi1p00,hardzero_plus_depr,0.02,31,369,0.0,1,0.50256777,0.5025678,1.0228381,0.0948772,0.0948772,1.0,3.044963e-08,3.209373e-07,-26.88816,2.2502887,0.75009626,0.16800001,0.0,0.133947,11.039997,11.069997,1184000
hardzero_plus_depr__c0p54__z1p05__lam0p030__nu0p50__psi1p00,hardzero_plus_depr,0.02,31,370,0.0,1,0.5025678,0.5025678,1.049401,0.08924808,0.08924808,1.0,2.7796514e-08,3.1145223e-07,-27.449177,2.3087285,0.7695762,0.128,0.0,0.14464264,11.069997,11.099997,1187200
hardzero_plus_depr__c0p54__z1p05__lam0p030__nu0p50__psi1p00,hardzero_plus_depr,0.02,31,371,0.0,1,0.5025678,0.5025678,1.037976,0.0916271,0.0916271,1.0,2.7694062e-08,3.022475e-07,-27.597483,2.283593,0.7611977,0.18400002,0.0,0.15976569,11.099997,11.129996,1190400
hardzero_plus_depr__c0p54__z1p05__lam0p030__nu0p50__psi1p00,hardzero_plus_depr,0.02,31,372,0.0,1,0.5025678,0.5025678,1.0320019,0.09289623,0.09289623,1.0,2.7247841e-08,2.9331483e-07,-27.047447,2.2704494,0.7568165,0.16000001,0.0,0.14737824,11.129996,11.159996,1193600
hardzero_plus_depr__c0p54__z1p05__lam0p030__nu0p50__psi1p00,hardzero_plus_depr,0.02,31,373,0.0,1,0.5025678,0.5025678,1.0056796,0.09870074,0.09870074,1.0,2.8094783e-08,2.8464612e-07,-26.706387,2.2125392,0.73751307,0.23200001,0.0,0.17570744,11.159996,11.189996,1196800
hardzero_plus_depr__c0p54__z1p05__lam0p030__nu0p50__psi1p00,hardzero_plus_depr,0.02,31,374,0.0,1,0.5025678,0.5025678,1.0235145,0.09472955,0.09472955,1.0,2.6167488e-08,2.7623364e-07,-27.691412,2.251777,0.75059235,0.192,0.0,0.13826813,11.189996,11.2199955,1200000
hardzero_plus_depr__c0p54__z1p05__lam0p030__nu0p50__psi1p00,hardzero_plus_depr,0.02,31,375,0.0,1,0.5025678,0.5025678,1.0385143,0.09151361,0.09151361,1.0,2.4532033e-08,2.6806978e-07,-26.918499,2.284777,0.7615923,0.128,0.0,0.14342469,11.2199955,11.249995,1203200
hardzero_plus_depr__c0p54__z1p05__lam0p030__nu0p50__psi1p00,hardzero_plus_depr,0.02,31,376,0.0,1,0.5025678,0.5025678,0.9750996,0.10590106,0.10590106,1.0,2.7549863e-08,2.6014717e-07,-26.006994,2.145262,0.71508735,0.2,0.0,0.12051969,11.249995,11.279995,1206400
hardzero_plus_depr__c0p54__z1p05__lam0p030__nu0p50__psi1p00,hardzero_plus_depr,0.02,31,377,0.0,1,0.5025678,0.5025678,1.0791965,0.0,0.08333041,0.0,0.0,2.5245876e-07,-27.95782,2.3742795,0.79142654,0.11,0.0,0.14352563,11.279995,11.309995,1209600
hardzero_plus_depr__c0p54__z1p05__lam0p030__nu0p50__psi1p00,hardzero_plus_depr,0.02,31,378,0.0,1,0.5025678,0.5025678,1.0222435,0.09500719,0.09500719,1.0,2.3276526e-08,2.4499752e-07,-27.058445,2.2489805,0.7496602,0.15200001,0.0,0.1423852,11.309995,11.339994,1212800
hardzero_plus_depr__c0p54__z1p05__lam0p030__nu0p50__psi1p00,hardzero_plus_depr,0.02,31,379,0.0,1,0.5025678,0.5025678,1.0640043,0.0,0.086297,0.0,0.0,2.3775682e-07,-27.724573,2.340856,0.78028536,0.072000004,0.0,0.13656531,11.339994,11.369994,1216000
hardzero_plus_depr__c0p54__z1p05__lam0p030__nu0p50__psi1p00,hardzero_plus_depr,0.02,31,380,0.0,1,0.5025678,0.5025678,1.0318918,0.09291978,0.09291978,1.0,2.143939e-08,2.307301e-07,-27.21286,2.2702074,0.7567358,0.192,0.0,0.15060845,11.369994,11.399994,1219200
hardzero_plus_depr__c0p54__z1p05__lam0p030__nu0p50__psi1p00,hardzero_plus_depr,0.02,31,381,0.0,1,0.5025678,0.5025678,1.0547105,0.0,0.08816363,0.0,0.0,2.2391106e-07,-28.387463,2.3204095,0.77346987,0.15200001,0.0,0.13866515,11.399994,11.429994,1222400
hardzero_plus_depr__c0p54__z1p05__lam0p030__nu0p50__psi1p00,hardzero_plus_depr,0.02,31,382,0.0,1,0.5025678,0.5025678,1.0644205,0.0,0.08621435,0.0,0.0,2.1729356e-07,-27.508173,2.3417718,0.78059065,0.18400002,0.0,0.13496089,11.429994,11.459993,1225600
hardzero_plus_depr__c0p54__z1p05__lam0p030__nu0p50__psi1p00,hardzero_plus_depr,0.02,31,383,0.0,1,0.5025678,0.5025678,1.0511198,0.0,0.08889558,0.0,0.0,2.1087162e-07,-28.016497,2.3125098,0.7708366,0.16800001,0.0,0.16051178,11.459993,11.489993,1228800
hardzero_plus_depr__c0p54__z1p05__lam0p030__nu0p50__psi1p00,hardzero_plus_depr,0.02,31,384,0.0,1,0.5025678,0.5025678,1.045808,0.08998955,0.08998955,1.0,1.8415413e-08,2.0463946e-07,-27.237915,2.3008235,0.7669412,0.16000001,0.0,0.14027819,11.489993,11.519993,1232000
hardzero_plus_depr__c0p54__z1p05__lam0p030__nu0p50__psi1p00,hardzero_plus_depr,0.02,31,385,0.0,1,0.5025678,0.5025678,1.0752658,0.0,0.08408804,0.0,0.0,1.9859151e-07,-28.079548,2.3656318,0.78854394,0.128,0.0,0.17783953,11.519993,11.549993,1235200
hardzero_plus_depr__c0p54__z1p05__lam0p030__nu0p50__psi1p00,hardzero_plus_depr,0.02,31,386,0.0,1,0.5025678,0.5025678,1.0419935,0.09078342,0.09078342,1.0,1.7495987e-08,1.9272228e-07,-26.304968,2.2924316,0.7641439,0.104,0.0,0.14321807,11.549993,11.579992,1238400
hardzero_plus_depr__c0p54__z1p05__lam0p030__nu0p50__psi1p00,hardzero_plus_depr,0.02,31,387,0.0,1,0.5025678,0.5025678,1.0751708,0.0,0.08410643,0.0,0.0,1.8702654e-07,-28.397964,2.365423,0.7884743,0.15200001,0.0,0.1538114,11.579992,11.609992,1241600
hardzero_plus_depr__c0p54__z1p05__lam0p030__nu0p50__psi1p00,hardzero_plus_depr,0.02,31,388,0.0,1,0.5025678,0.5025678,1.0450441,0.090147965,0.090147965,1.0,1.6361776e-08,1.8149912e-07,-27.490376,2.2991428,0.76638097,0.136,0.0,0.16125277,11.609992,11.639992,1244800
hardzero_plus_depr__c0p54__z1p05__lam0p030__nu0p50__psi1p00,hardzero_plus_depr,0.02,31,389,0.0,1,0.5025678,0.5025678,1.0408789,0.091016695,0.091016695,1.0,1.603123e-08,1.7613505e-07,-27.959246,2.2899792,0.7633264,0.23200001,0.0,0.16225843,11.639992,11.6699915,1248000
hardzero_plus_depr__c0p54__z1p05__lam0p030__nu0p50__psi1p00,hardzero_plus_depr,0.02,31,390,0.0,1,0.5025678,0.5025678,1.0427783,0.09061953,0.09061953,1.0,1.5489553e-08,1.7092952e-07,-27.838451,2.294158,0.76471937,0.16,0.0,0.14391315,11.6699915,11.699991,1251200
hardzero_plus_depr__c0p54__z1p05__lam0p030__nu0p50__psi1p00,hardzero_plus_depr,0.02,31,391,0.0,1,0.5025678,0.5025678,1.0008066,0.09981444,0.09981444,1.0,1.6557003e-08,1.6587784e-07,-27.296886,2.2018185,0.7339395,0.264,0.0,0.15280083,11.699991,11.729991,1254400
hardzero_plus_depr__c0p54__z1p05__lam0p030__nu0p50__psi1p00,hardzero_plus_depr,0.02,31,392,0.0,1,0.5025678,0.5025678,1.0758575,0.0,0.08397355,0.0,0.0,1.6097545e-07,-29.377207,2.3669338,0.788978,0.16000001,0.0,0.17483172,11.729991,11.759991,1257600
hardzero_plus_depr__c0p54__z1p05__lam0p030__nu0p50__psi1p00,hardzero_plus_depr,0.02,31,393,0.0,1,0.5025678,0.5025678,1.0221906,0.09501877,0.09501877,1.0,1.4843637e-08,1.5621795e-07,-26.300575,2.2488642,0.7496214,0.216,0.0,0.13474053,11.759991,11.78999,1260800
hardzero_plus_depr__c0p54__z1p05__lam0p030__nu0p50__psi1p00,hardzero_plus_depr,0.02,31,394,0.0,1,0.5025678,0.5025678,1.0939264,0.0,0.08055149,0.0,0.0,1.5160104e-07,-29.368378,2.4066863,0.8022288,0.08800001,0.0,0.18030798,11.78999,11.81999,1264000
hardzero_plus_depr__c0p54__z1p05__lam0p030__nu0p50__psi1p00,hardzero_plus_depr,0.02,31,395,0.0,1,0.5025678,0.5025678,1.0024196,0.09944441,0.09944441,1.0,1.4630322e-08,1.471206e-07,-26.535753,2.205367,0.7351224,0.14400001,0.0,0.117906906,11.81999,11.84999,1267200
hardzero_plus_depr__c0p54__z1p05__lam0p030__nu0p50__psi1p00,hardzero_plus_depr,0.02,31,396,0.0,1,0.5025678,0.5025678,1.034773,0.09230537,0.09230537,1.0,1.3178674e-08,1.4277256e-07,-27.545107,2.276546,0.75884867,0.16000001,0.0,0.13637672,11.84999,11.87999,1270400
hardzero_plus_depr__c0p54__z1p05__lam0p030__nu0p50__psi1p00,hardzero_plus_depr,0.02,31,397,0.0,1,0.5025678,0.5025678,0.9982691,0.10039936,0.10039936,1.0,1.3910636e-08,1.3855303e-07,-26.639708,2.196236,0.7320787,0.136,0.0,0.12455132,11.87999,11.909989,1273600
hardzero_plus_depr__c0p54__z1p05__lam0p030__nu0p50__psi1p00,hardzero_plus_depr,0.02,31,398,0.0,1,0.5025678,0.5025678,1.0519013,0.0,0.08873575,0.0,0.0,1.344582e-07,-28.218607,2.3142292,0.77140975,0.16000001,0.0,0.15840597,11.909989,11.939989,1276800
hardzero_plus_depr__c0p54__z1p05__lam0p030__nu0p50__psi1p00,hardzero_plus_depr,0.02,31,399,0.0,1,0.5025678,0.5025678,0.9833438,0.103909716,0.103909716,1.0,1.3558596e-08,1.304844e-07,-26.183146,2.1633995,0.7211332,0.16800001,0.0,0.14726189,11.939989,11.969989,1280000
hardzero_plus_depr__c0p54__z1p05__lam0p030__nu0p50__psi1p00,hardzero_plus_depr,0.02,31,400,0.0,1,0.5025678,0.5025678,0.97040176,0.10705284,0.10705284,1.0,1.35558915e-08,1.2662804e-07,-27.051579,2.1349266,0.7116422,0.18400002,0.0,0.15647444,11.969989,11.999989,1283200
hardzero_plus_depr__c0p54__z1p05__lam0p030__nu0p50__psi1p00,hardzero_plus_depr,0.02,31,401,0.0,1,0.5025678,0.5025678,1.1200286,0.0,0.07585277,0.0,0.0,1.2288565e-07,-28.56813,2.464112,0.8213707,0.128,0.0,0.15056786,11.999989,12.029988,1286400
hardzero_plus_depr__c0p54__z1p05__lam0p030__nu0p50__psi1p00,hardzero_plus_depr,0.02,31,402,0.0,1,0.5025678,0.5025678,1.0589715,0.0,0.087302856,0.0,0.0,1.1925385e-07,-27.747162,2.329784,0.77659464,0.112,0.008,0.14792609,12.029988,12.059988,1289600
hardzero_plus_depr__c0p54__z1p05__lam0p030__nu0p50__psi1p00,hardzero_plus_depr,0.02,31,403,0.0,1,0.5025678,0.5025678,1.0200617,0.09548568,0.09548568,1.0,1.1050502e-08,1.15729414e-07,-28.438162,2.2441807,0.7480602,0.16,0.0,0.1406531,12.059988,12.089988,1292800
hardzero_plus_depr__c0p54__z1p05__lam0p030__nu0p50__psi1p00,hardzero_plus_depr,0.02,31,404,0.0,1,0.5025678,0.5025678,1.009281,0.09788563,0.09788563,1.0,1.099345e-08,1.12309124e-07,-27.180628,2.2204626,0.7401542,0.16000001,0.0,0.1459696,12.089988,12.1199875,1296000
hardzero_plus_depr__c0p54__z1p05__lam0p030__nu0p50__psi1p00,hardzero_plus_depr,0.02,31,405,0.0,1,0.5025678,0.5025678,1.0144845,0.09671981,0.09671981,1.0,1.0541484e-08,1.08989916e-07,-26.93063,2.2319105,0.74397016,0.14400001,0.0,0.1494057,12.1199875,12.149987,1299200
hardzero_plus_depr__c0p54__z1p05__lam0p030__nu0p50__psi1p00,hardzero_plus_depr,0.02,31,406,0.0,1,0.5025678,0.5025678,1.0449264,0.09017239,0.09017239,1.0,9.537426e-09,1.05768805e-07,-27.234516,2.298884,0.76629466,0.112,0.0,0.13672991,12.149987,12.179987,1302400
hardzero_plus_depr__c0p54__z1p05__lam0p030__nu0p50__psi1p00,hardzero_plus_depr,0.02,31,407,0.0,1,0.5025678,0.5025678,1.039556,0.091294356,0.091294356,1.0,9.370716e-09,1.02642886e-07,-26.699432,2.2870688,0.7623563,0.18400002,0.0,0.12525386,12.179987,12.209987,1305600
hardzero_plus_depr__c0p54__z1p05__lam0p030__nu0p50__psi1p00,hardzero_plus_depr,0.02,31,408,0.0,1,0.5025678,0.5025678,1.0932544,0.0,0.08067623,0.0,0.0,9.960936e-08,-27.81793,2.4052079,0.801736,0.14400001,0.0,0.1945091,12.209987,12.239986,1308800
hardzero_plus_depr__c0p54__z1p05__lam0p030__nu0p50__psi1p00,hardzero_plus_depr,0.02,31,409,0.0,1,0.5025678,0.5025678,1.0547457,0.0,0.088156484,0.0,0.0,9.666549e-08,-27.643286,2.3204868,0.7734956,0.136,0.0,0.16079582,12.239986,12.269986,1312000
hardzero_plus_depr__c0p54__z1p05__lam0p030__nu0p50__psi1p00,hardzero_plus_depr,0.02,31,410,0.0,1,0.5025678,0.5025678,1.0031596,0.099275105,0.099275105,1.0,9.31286e-09,9.380861e-08,-27.900557,2.2069952,0.7356651,0.18400002,0.0,0.16280988,12.269986,12.299986,1315200
hardzero_plus_depr__c0p54__z1p05__lam0p030__nu0p50__psi1p00,hardzero_plus_depr,0.02,31,411,0.0,1,0.5025678,0.5025678,1.021959,0.09506945,0.09506945,1.0,8.65476e-09,9.103618e-08,-26.998743,2.2483547,0.7494516,0.18400002,0.0,0.119816385,12.299986,12.329986,1318400
hardzero_plus_depr__c0p54__z1p05__lam0p030__nu0p50__psi1p00,hardzero_plus_depr,0.02,31,412,0.0,1,0.5025678,0.5025678,1.1015457,0.0,0.07915062,0.0,0.0,8.834568e-08,-28.816774,2.4234488,0.80781627,0.136,0.0,0.1674971,12.329986,12.359985,1321600
hardzero_plus_depr__c0p54__z1p05__lam0p030__nu0p50__psi1p00,hardzero_plus_depr,0.02,31,413,0.0,1,0.5025678,0.5025678,1.0572389,0.0,0.08765184,0.0,0.0,8.573469e-08,-26.731018,2.325972,0.77532405,0.16800001,0.0,0.14803171,12.359985,12.389985,1324800
hardzero_plus_depr__c0p54__z1p05__lam0p030__nu0p50__psi1p00,hardzero_plus_depr,0.02,31,414,0.0,1,0.5025678,0.5025678,1.0566945,0.0,0.08776179,0.0,0.0,8.320087e-08,-27.896301,2.3247743,0.77492476,0.128,0.0,0.18405773,12.389985,12.419985,1328000
hardzero_plus_depr__c0p54__z1p05__lam0p030__nu0p50__psi1p00,hardzero_plus_depr,0.02,31,415,0.0,1,0.5025678,0.5025678,1.0443517,0.0902918,0.0902918,1.0,7.2903337e-09,8.074193e-08,-27.037352,2.2976196,0.7658732,0.112,0.0,0.15406026,12.419985,12.449985,1331200
hardzero_plus_depr__c0p54__z1p05__lam0p030__nu0p50__psi1p00,hardzero_plus_depr,0.02,31,416,0.0,1,0.5025678,0.5025678,1.0143336,0.09675343,0.09675343,1.0,7.581179e-09,7.835566e-08,-27.154472,2.2315786,0.7438595,0.24,0.0,0.13904604,12.449985,12.479984,1334400
hardzero_plus_depr__c0p54__z1p05__lam0p030__nu0p50__psi1p00,hardzero_plus_depr,0.02,31,417,0.0,1,0.5025678,0.5025678,0.9856539,0.10335847,0.10335847,1.0,7.85937e-09,7.6039925e-08,-26.783422,2.1684818,0.7228273,0.16800001,0.0,0.13956605,12.479984,12.509984,1337600
hardzero_plus_depr__c0p54__z1p05__lam0p030__nu0p50__psi1p00,hardzero_plus_depr,0.02,31,418,0.0,1,0.5025678,0.5025678,1.0237575,0.09467658,0.09467658,1.0,6.986433e-09,7.379263e-08,-26.975552,2.2523115,0.7507705,0.16000001,0.0,0.1365749,12.509984,12.539984,1340800
hardzero_plus_depr__c0p54__z1p05__lam0p030__nu0p50__psi1p00,hardzero_plus_depr,0.02,31,419,0.0,1,0.5025678,0.5025678,1.0707457,0.0,0.08496778,0.0,0.0,7.1611744e-08,-28.551773,2.3556876,0.7852292,0.136,0.0,0.17322238,12.539984,12.5699835,1344000
hardzero_plus_depr__c0p54__z1p05__lam0p030__nu0p50__psi1p00,hardzero_plus_depr,0.02,31,420,0.0,1,0.5025678,0.5025678,0.9989627,0.10023913,0.10023913,1.0,6.96615e-09,6.9495314e-08,-26.247461,2.1977618,0.7325873,0.18400002,0.0,0.12953101,12.5699835,12.599983,1347200
hardzero_plus_depr__c0p54__z1p05__lam0p030__nu0p50__psi1p00,hardzero_plus_depr,0.02,31,421,0.0,1,0.5025678,0.5025678,1.0145997,0.09669417,0.09669417,1.0,6.5211934e-09,6.7441434e-08,-26.57011,2.232164,0.7440547,0.128,0.0,0.15405543,12.599983,12.629983,1350400
hardzero_plus_depr__c0p54__z1p05__lam0p030__nu0p50__psi1p00,hardzero_plus_depr,0.02,31,422,0.0,1,0.5025678,0.5025678,1.0079813,0.09817903,0.09817903,1.0,6.425646e-09,6.5448255e-08,-26.878326,2.2176032,0.73920107,0.208,0.0,0.14013477,12.629983,12.659983,1353600
hardzero_plus_depr__c0p54__z1p05__lam0p030__nu0p50__psi1p00,hardzero_plus_depr,0.02,31,423,0.0,1,0.5025678,0.5025678,1.065933,0.0,0.0859146,0.0,0.0,6.351399e-08,-27.07701,2.3450994,0.78169984,0.120000005,0.0,0.14716159,12.659983,12.689982,1356800
hardzero_plus_depr__c0p54__z1p05__lam0p030__nu0p50__psi1p00,hardzero_plus_depr,0.02,31,424,0.0,1,0.5025678,0.5025678,1.0681275,0.0,0.08548156,0.0,0.0,6.163688e-08,-27.685322,2.3499274,0.78330916,0.128,0.0,0.15280324,12.689982,12.719982,1360000
hardzero_plus_depr__c0p54__z1p05__lam0p030__nu0p50__psi1p00,hardzero_plus_depr,0.02,31,425,0.0,1,0.5025678,0.5025678,0.98669034,0.1031121,0.1031121,1.0,6.167676e-09,5.981525e-08,-26.027159,2.170762,0.7235874,0.15200001,0.0,0.14532538,12.719982,12.749982,1363200
hardzero_plus_depr__c0p54__z1p05__lam0p030__nu0p50__psi1p00,hardzero_plus_depr,0.02,31,426,0.0,1,0.5025678,0.5025678,1.0851856,0.0,0.08218912,0.0,0.0,5.8047462e-08,-28.792604,2.3874562,0.79581875,0.104,0.0,0.17018285,12.749982,12.779982,1366400
hardzero_plus_depr__c0p54__z1p05__lam0p030__nu0p50__psi1p00,hardzero_plus_depr,0.02,31,427,0.0,1,0.5025678,0.5025678,1.0629251,0.0,0.086511716,0.0,0.0,5.6331913e-08,-27.13267,2.338482,0.779494,0.080000006,0.0,0.14288163,12.779982,12.809981,1369600
hardzero_plus_depr__c0p54__z1p05__lam0p030__nu0p50__psi1p00,hardzero_plus_depr,0.02,31,428,0.0,1,0.5025678,0.5025678,1.0518047,0.0,0.08875551,0.0,0.0,5.466707e-08,-27.28368,2.3140166,0.7713389,0.15200001,0.0,0.14045076,12.809981,12.839981,1372800
hardzero_plus_depr__c0p54__z1p05__lam0p030__nu0p50__psi1p00,hardzero_plus_depr,0.02,31,429,0.0,1,0.5025678,0.5025678,0.99776316,0.10051639,0.10051639,1.0,5.3325375e-09,5.3051426e-08,-26.634819,2.1951227,0.7317076,0.19999999,0.0,0.12708293,12.839981,12.869981,1376000
hardzero_plus_depr__c0p54__z1p05__lam0p030__nu0p50__psi1p00,hardzero_plus_depr,0.02,31,430,0.0,1,0.5025678,0.5025678,1.0327893,0.092727944,0.092727944,1.0,4.773962e-09,5.1483532e-08,-26.817837,2.272182,0.757394,0.16000001,0.0,0.1721353,12.869981,12.899981,1379200
hardzero_plus_depr__c0p54__z1p05__lam0p030__nu0p50__psi1p00,hardzero_plus_depr,0.02,31,431,0.0,1,0.5025678,0.5025678,1.0546678,0.0,0.088172294,0.0,0.0,4.9961976e-08,-27.989725,2.3203156,0.7734386,0.16000001,0.0,0.14397494,12.899981,12.92998,1382400
hardzero_plus_depr__c0p54__z1p05__lam0p030__nu0p50__psi1p00,hardzero_plus_depr,0.02,31,432,0.0,1,0.5025678,0.5025678,1.0581104,0.0,0.087476134,0.0,0.0,4.8485393e-08,-26.677603,2.3278892,0.77596307,0.16000001,0.0,0.15418197,12.92998,12.95998,1385600
hardzero_plus_depr__c0p54__z1p05__lam0p030__nu0p50__psi1p00,hardzero_plus_depr,0.02,31,433,0.0,1,0.5025678,0.5025678,1.0499591,0.089133486,0.089133486,1.0,4.1939483e-09,4.7052442e-08,-28.04574,2.309956,0.7699854,0.16800001,0.0,0.16445251,12.95998,12.98998,1388800
hardzero_plus_depr__c0p54__z1p05__lam0p030__nu0p50__psi1p00,hardzero_plus_depr,0.02,31,434,0.0,1,0.5025678,0.5025678,1.0360088,0.09204309,0.09204309,1.0,4.2028576e-09,4.566185e-08,-27.34411,2.279265,0.759755,0.192,0.0,0.15880926,12.98998,13.0199795,1392000
hardzero_plus_depr__c0p54__z1p05__lam0p030__nu0p50__psi1p00,hardzero_plus_depr,0.02,31,435,0.0,1,0.5025678,0.5025678,1.0691127,0.0,0.085287884,0.0,0.0,4.4312344e-08,-28.252459,2.352095,0.7840316,0.128,0.0,0.15218964,13.0199795,13.049979,1395200
hardzero_plus_depr__c0p54__z1p05__lam0p030__nu0p50__psi1p00,hardzero_plus_depr,0.02,31,436,0.0,1,0.5025678,0.5025678,1.0341882,0.09242977,0.09242977,1.0,3.9747325e-09,4.3002732e-08,-27.345903,2.2752593,0.75841975,0.16000001,0.0,0.17594667,13.049979,13.079979,1398400
hardzero_plus_depr__c0p54__z1p05__lam0p030__nu0p50__psi1p00,hardzero_plus_depr,0.02,31,437,0.0,1,0.5025678,0.5025678,1.018187,0.09589874,0.09589874,1.0,4.0020285e-09,4.1731816e-08,-26.638275,2.2400563,0.74668545,0.28,0.0,0.13892895,13.079979,13.109979,1401600
hardzero_plus_depr__c0p54__z1p05__lam0p030__nu0p50__psi1p00,hardzero_plus_depr,0.02,31,438,0.0,1,0.5025678,0.5025678,1.0292742,0.09348152,0.09348152,1.0,3.7858583e-09,4.049847e-08,-27.355736,2.2644484,0.7548162,0.16000001,0.0,0.1413579,13.109979,13.139978,1404800
hardzero_plus_depr__c0p54__z1p05__lam0p030__nu0p50__psi1p00,hardzero_plus_depr,0.02,31,439,0.0,1,0.5025678,0.5025678,1.0161439,0.09635096,0.09635096,1.0,3.7867434e-09,3.9301565e-08,-27.804285,2.2355611,0.74518704,0.192,0.0,0.15246767,13.139978,13.169978,1408000
hardzero_plus_depr__c0p54__z1p05__lam0p030__nu0p50__psi1p00,hardzero_plus_depr,0.02,31,440,0.0,1,0.5025678,0.5025678,1.090625,0.0,0.081166156,0.0,0.0,3.814004e-08,-28.504963,2.3994231,0.7998077,0.128,0.0,0.1784825,13.169978,13.199978,1411200
hardzero_plus_depr__c0p54__z1p05__lam0p030__nu0p50__psi1p00,hardzero_plus_depr,0.02,31,441,0.0,1,0.5025678,0.5025678,1.0022832,0.09947564,0.09947564,1.0,3.6818761e-09,3.7012843e-08,-26.313581,2.2050672,0.7350224,0.14400001,0.0,0.13371196,13.199978,13.229978,1414400
hardzero_plus_depr__c0p54__z1p05__lam0p030__nu0p50__psi1p00,hardzero_plus_depr,0.02,31,442,0.0,1,0.5025678,0.5025678,1.0591761,0.0,0.08726175,0.0,0.0,3.591896e-08,-27.360117,2.330234,0.7767447,0.17,0.0,0.15028478,13.229978,13.259977,1417600
hardzero_plus_depr__c0p54__z1p05__lam0p030__nu0p50__psi1p00,hardzero_plus_depr,0.02,31,443,0.0,1,0.5025678,0.5025678,0.97537315,0.1058344,0.1058344,1.0,3.6891121e-09,3.48574e-08,-26.171135,2.1458638,0.7152879,0.14400001,0.0,0.12774964,13.259977,13.289977,1420800
hardzero_plus_depr__c0p54__z1p05__lam0p030__nu0p50__psi1p00,hardzero_plus_depr,0.02,31,444,0.0,1,0.5025678,0.5025678,1.0067812,0.0984507,0.0984507,1.0,3.3303131e-09,3.3827217e-08,-27.248638,2.214963,0.738321,0.14400001,0.0,0.14993377,13.289977,13.319977,1424000
hardzero_plus_depr__c0p54__z1p05__lam0p030__nu0p50__psi1p00,hardzero_plus_depr,0.02,31,445,0.0,1,0.5025678,0.5025678,1.0219283,0.09507617,0.09507617,1.0,3.1211111e-09,3.282748e-08,-27.641167,2.2482872,0.7494291,0.15200001,0.0,0.1466935,13.319977,13.349977,1427200
hardzero_plus_depr__c0p54__z1p05__lam0p030__nu0p50__psi1p00,hardzero_plus_depr,0.02,31,446,0.0,1,0.5025678,0.5025678,0.9809107,0.104493484,0.104493484,1.0,3.3288796e-09,3.1857294e-08,-26.203644,2.1580467,0.7193489,0.16800001,0.0,0.1479693,13.349977,13.379976,1430400
hardzero_plus_depr__c0p54__z1p05__lam0p030__nu0p50__psi1p00,hardzero_plus_depr,0.02,31,447,0.0,1,0.5025678,0.5025678,1.0548066,0.0,0.08814412,0.0,0.0,3.0915775e-08,-28.220871,2.3206208,0.77354026,0.16000001,0.0,0.15944675,13.379976,13.409976,1433600
hardzero_plus_depr__c0p54__z1p05__lam0p030__nu0p50__psi1p00,hardzero_plus_depr,0.02,31,448,0.0,1,0.5025678,0.5025678,1.0374753,0.0917328,0.0917328,1.0,2.7521752e-09,3.0002084e-08,-26.596312,2.2824914,0.7608305,0.15200001,0.0,0.14415462,13.409976,13.439976,1436800
hardzero_plus_depr__c0p54__z1p05__lam0p030__nu0p50__psi1p00,hardzero_plus_depr,0.02,31,449,0.0,1,0.5025678,0.5025678,1.0790776,0.0,0.08335322,0.0,0.0,2.9115396e-08,-27.185947,2.3740182,0.7913394,0.080000006,0.0,0.13897,13.439976,13.469975,1440000
hardzero_plus_depr__c0p54__z1p05__lam0p030__nu0p50__psi1p00,hardzero_plus_depr,0.02,31,450,0.0,1,0.5025678,0.5025678,1.0949153,0.0,0.080368295,0.0,0.0,2.8254911e-08,-28.566074,2.4088616,0.8029539,0.136,0.0,0.17407158,13.469975,13.499975,1443200
hardzero_plus_depr__c0p54__z1p05__lam0p030__nu0p50__psi1p00,hardzero_plus_depr,0.02,31,451,0.0,1,0.5025678,0.5025678,1.031266,0.09305377,0.09305377,1.0,2.5515217e-09,2.7419862e-08,-27.893003,2.2688305,0.75627685,0.192,0.0,0.14623271,13.499975,13.529975,1446400
hardzero_plus_depr__c0p54__z1p05__lam0p030__nu0p50__psi1p00,hardzero_plus_depr,0.02,31,452,0.0,1,0.5025678,0.5025678,1.1090859,0.0,0.077788256,0.0,0.0,2.6609488e-08,-29.072685,2.4400377,0.8133459,0.104,0.0,0.2162825,13.529975,13.559975,1449600
hardzero_plus_depr__c0p54__z1p05__lam0p030__nu0p50__psi1p00,hardzero_plus_depr,0.02,31,453,0.0,1,0.5025678,0.5025678,1.056456,0.0,0.08781001,0.0,0.0,2.5823066e-08,-28.244501,2.3242495,0.7747499,0.112,0.0,0.1447663,13.559975,13.589974,1452800
hardzero_plus_depr__c0p54__z1p05__lam0p030__nu0p50__psi1p00,hardzero_plus_depr,0.02,31,454,0.0,1,0.5025678,0.5025678,0.9733113,0.10633806,0.10633806,1.0,2.6648195e-09,2.5059885e-08,-25.936283,2.1413276,0.7137759,0.216,0.0,0.10873938,13.589974,13.619974,1456000
hardzero_plus_depr__c0p54__z1p05__lam0p030__nu0p50__psi1p00,hardzero_plus_depr,0.02,31,455,0.0,1,0.5025678,0.5025678,1.0341719,0.09243321,0.09243321,1.0,2.2479074e-09,2.4319263e-08,-27.398373,2.2752237,0.75840795,0.17999999,0.0,0.14728214,13.619974,13.649974,1459200
hardzero_plus_depr__c0p54__z1p05__lam0p030__nu0p50__psi1p00,hardzero_plus_depr,0.02,31,456,0.0,1,0.5025678,0.5025678,1.0497156,0.089183465,0.089183465,1.0,2.1047766e-09,2.3600526e-08,-28.620903,2.3094206,0.76980686,0.16800001,0.0,0.1264244,13.649974,13.679974,1462400
hardzero_plus_depr__c0p54__z1p05__lam0p030__nu0p50__psi1p00,hardzero_plus_depr,0.02,31,457,0.0,1,0.5025678,0.5025678,0.9912317,0.102039486,0.102039486,1.0,2.3370132e-09,2.2903029e-08,-27.221321,2.1807532,0.72691774,0.23200001,0.0,0.15225676,13.679974,13.709973,1465600
hardzero_plus_depr__c0p54__z1p05__lam0p030__nu0p50__psi1p00,hardzero_plus_depr,0.02,31,458,0.0,1,0.5025678,0.5025678,0.9997734,0.1000522,0.1000522,1.0,2.2237752e-09,2.222615e-08,-27.131649,2.1995454,0.73318183,0.16000001,0.0,0.116440356,13.709973,13.739973,1468800
hardzero_plus_depr__c0p54__z1p05__lam0p030__nu0p50__psi1p00,hardzero_plus_depr,0.02,31,459,0.0,1,0.5025678,0.5025678,0.9887562,0.10262279,0.10262279,1.0,2.2134987e-09,2.156927e-08,-27.168762,2.175307,0.72510237,0.17600001,0.0,0.14873922,13.739973,13.769973,1472000
hardzero_plus_depr__c0p54__z1p05__lam0p030__nu0p50__psi1p00,hardzero_plus_depr,0.02,31,460,0.0,1,0.5025678,0.5025678,1.0183531,0.095862076,0.095862076,1.0,2.0065667e-09,2.093181e-08,-27.029285,2.2404215,0.7468072,0.17600001,0.0,0.13665746,13.769973,13.799973,1475200
hardzero_plus_depr__c0p54__z1p05__lam0p030__nu0p50__psi1p00,hardzero_plus_depr,0.02,31,461,0.0,1,0.5025678,0.5025678,1.0430515,0.09056252,0.09056252,1.0,1.8396134e-09,2.0313186e-08,-26.627794,2.294759,0.7649197,0.16000001,0.0,0.15635802,13.799973,13.829972,1478400
hardzero_plus_depr__c0p54__z1p05__lam0p030__nu0p50__psi1p00,hardzero_plus_depr,0.02,31,462,0.0,1,0.5025678,0.5025678,0.99441665,0.10129393,0.10129393,1.0,1.9967914e-09,1.9712845e-08,-26.578728,2.1877604,0.7292535,0.136,0.0,0.13641082,13.829972,13.859972,1481600
hardzero_plus_depr__c0p54__z1p05__lam0p030__nu0p50__psi1p00,hardzero_plus_depr,0.02,31,463,0.0,1,0.5025678,0.5025678,1.0746415,0.0,0.084209,0.0,0.0,1.913025e-08,-28.31349,2.3642585,0.7880862,0.16000001,0.0,0.14893045,13.859972,13.889972,1484800
hardzero_plus_depr__c0p54__z1p05__lam0p030__nu0p50__psi1p00,hardzero_plus_depr,0.02,31,464,0.0,1,0.5025678,0.5025678,1.0520986,0.0,0.08869545,0.0,0.0,1.856487e-08,-27.17817,2.3146632,0.7715544,0.120000005,0.0,0.1387681,13.889972,13.919971,1488000
hardzero_plus_depr__c0p54__z1p05__lam0p030__nu0p50__psi1p00,hardzero_plus_depr,0.02,31,465,0.0,1,0.5025678,0.5025678,1.0207517,0.09533409,0.09533409,1.0,1.7175581e-09,1.80162e-08,-27.033901,2.2456987,0.74856627,0.064,0.0,0.14311808,13.919971,13.949971,1491200
hardzero_plus_depr__c0p54__z1p05__lam0p030__nu0p50__psi1p00,hardzero_plus_depr,0.02,31,466,0.0,1,0.5025678,0.5025678,0.97767764,0.10527431,0.10527431,1.0,1.8405891e-09,1.7483744e-08,-26.31168,2.1509337,0.71697795,0.192,0.0,0.14114839,13.949971,13.979971,1494400
hardzero_plus_depr__c0p54__z1p05__lam0p030__nu0p50__psi1p00,hardzero_plus_depr,0.02,31,467,0.0,1,0.5025678,0.5025678,1.1088356,0.0,0.077833116,0.0,0.0,1.6967027e-08,-29.353025,2.439487,0.8131623,0.16800001,0.0,0.19575092,13.979971,14.009971,1497600
hardzero_plus_depr__c0p54__z1p05__lam0p030__nu0p50__psi1p00,hardzero_plus_depr,0.02,31,468,0.0,1,0.5025678,0.5025678,1.0751469,0.0,0.08411105,0.0,0.0,1.646558e-08,-27.390547,2.3653705,0.78845686,0.16,0.0,0.16677035,14.009971,14.03997,1500800
hardzero_plus_depr__c0p54__z1p05__lam0p030__nu0p50__psi1p00,hardzero_plus_depr,0.02,31,469,0.0,1,0.5025678,0.5025678,1.0155606,0.096480444,0.096480444,1.0,1.5416564e-09,1.5978951e-08,-27.668804,2.234278,0.7447593,0.15200001,0.0,0.14928839,14.03997,14.06997,1504000
hardzero_plus_depr__c0p54__z1p05__lam0p030__nu0p50__psi1p00,hardzero_plus_depr,0.02,31,470,0.0,1,0.5025678,0.5025678,1.0468004,0.08978414,0.08978414,1.0,1.3922565e-09,1.5506709e-08,-27.536118,2.303007,0.76766896,0.120000005,0.0,0.1257402,14.06997,14.09997,1507200
hardzero_plus_depr__c0p54__z1p05__lam0p030__nu0p50__psi1p00,hardzero_plus_depr,0.02,31,471,0.0,1,0.5025678,0.5025678,1.045704,0.090011075,0.090011075,1.0,1.3545244e-09,1.504842e-08,-26.729033,2.3005948,0.76686496,0.136,0.0,0.13710809,14.09997,14.12997,1510400
hardzero_plus_depr__c0p54__z1p05__lam0p030__nu0p50__psi1p00,hardzero_plus_depr,0.02,31,472,0.0,1,0.5025678,0.5025678,1.0345608,0.09235049,0.09235049,1.0,1.3486566e-09,1.4603676e-08,-26.822285,2.2760792,0.7586931,0.192,0.0,0.14604862,14.12997,14.159969,1513600
hardzero_plus_depr__c0p54__z1p05__lam0p030__nu0p50__psi1p00,hardzero_plus_depr,0.02,31,473,0.0,1,0.5025678,0.5025678,1.0012913,0.0997031,0.0997031,1.0,1.4129998e-09,1.4172075e-08,-27.480356,2.202885,0.734295,0.192,0.0,0.1575211,14.159969,14.189969,1516800
hardzero_plus_depr__c0p54__z1p05__lam0p030__nu0p50__psi1p00,hardzero_plus_depr,0.02,31,474,0.0,1,0.5025678,0.5025678,0.9995727,0.100098446,0.100098446,1.0,1.376677e-09,1.37532306e-08,-25.987644,2.1991038,0.7330346,0.18400002,0.0,0.13954668,14.189969,14.219969,1520000
hardzero_plus_depr__c0p54__z1p05__lam0p030__nu0p50__psi1p00,hardzero_plus_depr,0.02,31,475,0.0,1,0.5025678,0.5025678,1.0045701,0.0989532,0.0989532,1.0,1.320705e-09,1.3346764e-08,-26.656359,2.2100985,0.7366995,0.128,0.008,0.1255244,14.219969,14.249969,1523200
hardzero_plus_depr__c0p54__z1p05__lam0p030__nu0p50__psi1p00,hardzero_plus_depr,0.02,31,476,0.0,1,0.5025678,0.5025678,1.0163195,0.096312,0.096312,1.0,1.2474629e-09,1.295231e-08,-26.889397,2.2359476,0.7453159,0.15200001,0.0,0.1542552,14.249969,14.279968,1526400
hardzero_plus_depr__c0p54__z1p05__lam0p030__nu0p50__psi1p00,hardzero_plus_depr,0.02,31,477,0.0,1,0.5025678,0.5025678,1.0113819,0.09741327,0.09741327,1.0,1.2244378e-09,1.2569517e-08,-27.24528,2.2250845,0.74169487,0.128,0.0,0.17129456,14.279968,14.309968,1529600
hardzero_plus_depr__c0p54__z1p05__lam0p030__nu0p50__psi1p00,hardzero_plus_depr,0.02,31,478,0.0,1,0.5025678,0.5025678,1.036784,0.09187893,0.09187893,1.0,1.1207424e-09,1.2198035e-08,-28.079851,2.2809706,0.7603235,0.15200001,0.0,0.16220425,14.309968,14.339968,1532800
hardzero_plus_depr__c0p54__z1p05__lam0p030__nu0p50__psi1p00,hardzero_plus_depr,0.02,31,479,0.0,1,0.5025678,0.5025678,1.0873743,0.0,0.081775956,0.0,0.0,1.1837532e-08,-27.841284,2.3922713,0.7974238,0.120000005,0.0,0.21477152,14.339968,14.369967,1536000
hardzero_plus_depr__c0p54__z1p05__lam0p030__nu0p50__psi1p00,hardzero_plus_depr,0.02,31,480,0.0,1,0.5025678,0.5025678,1.0726889,0.0,0.084588446,0.0,0.0,1.1487682e-08,-27.95485,2.3599627,0.78665423,0.120000005,0.0,0.13915591,14.369967,14.399967,1539200
hardzero_plus_depr__c0p54__z1p05__lam0p030__nu0p50__psi1p00,hardzero_plus_depr,0.02,31,481,0.0,1,0.5025678,0.5025678,1.1173441,0.0,0.076323085,0.0,0.0,1.1148172e-08,-28.165058,2.4582062,0.8194021,0.08,0.0,0.16931246,14.399967,14.429967,1542400
hardzero_plus_depr__c0p54__z1p05__lam0p030__nu0p50__psi1p00,hardzero_plus_depr,0.02,31,482,0.0,1,0.5025678,0.5025678,1.0293465,0.09346596,0.09346596,1.0,1.0111799e-09,1.0818697e-08,-27.222311,2.2646074,0.75486916,0.128,0.0,0.12774068,14.429967,14.459967,1545600
hardzero_plus_depr__c0p54__z1p05__lam0p030__nu0p50__psi1p00,hardzero_plus_depr,0.02,31,483,0.0,1,0.5025678,0.5025678,1.0357358,0.09210095,0.09210095,1.0,9.669641e-10,1.0498959e-08,-27.29169,2.2786644,0.7595548,0.16000001,0.0,0.1609138,14.459967,14.489966,1548800
hardzero_plus_depr__c0p54__z1p05__lam0p030__nu0p50__psi1p00,hardzero_plus_depr,0.02,31,484,0.0,1,0.5025678,0.5025678,1.0614119,0.0,0.086813666,0.0,0.0,1.01886695e-08,-27.247766,2.3351526,0.7783842,0.120000005,0.0,0.13998827,14.489966,14.519966,1552000
hardzero_plus_depr__c0p54__z1p05__lam0p030__nu0p50__psi1p00,hardzero_plus_depr,0.02,31,485,0.0,1,0.5025678,0.5025678,0.9891512,0.10252949,0.10252949,1.0,1.0137657e-09,9.887553e-09,-26.395782,2.176176,0.72539204,0.192,0.0,0.14200798,14.519966,14.549966,1555200
hardzero_plus_depr__c0p54__z1p05__lam0p030__nu0p50__psi1p00,hardzero_plus_depr,0.02,31,486,0.0,1,0.5025678,0.5025678,1.0773566,0.0,0.08368418,0.0,0.0,9.595335e-09,-28.106646,2.3702319,0.7900773,0.14400001,0.0,0.1624071,14.549966,14.579966,1558400
hardzero_plus_depr__c0p54__z1p05__lam0p030__nu0p50__psi1p00,hardzero_plus_depr,0.02,31,487,0.0,1,0.5025678,0.5025678,1.0842069,0.0,0.08237455,0.0,0.0,9.311751e-09,-28.678797,2.3853028,0.7951009,0.104,0.0,0.17493337,14.579966,14.609965,1561600
hardzero_plus_depr__c0p54__z1p05__lam0p030__nu0p50__psi1p00,hardzero_plus_depr,0.02,31,488,0.0,1,0.5025678,0.5025678,1.0286673,0.09361224,0.09361224,1.0,8.459317e-10,9.03655e-09,-27.687254,2.2631133,0.7543711,0.16000001,0.0,0.13646345,14.609965,14.639965,1564800
hardzero_plus_depr__c0p54__z1p05__lam0p030__nu0p50__psi1p00,hardzero_plus_depr,0.02,31,489,0.0,1,0.5025678,0.5025678,1.0096741,0.09779708,0.09779708,1.0,8.5762974e-10,8.769482e-09,-26.938055,2.2213273,0.74044245,0.2,0.0,0.13881543,14.639965,14.669965,1568000
hardzero_plus_depr__c0p54__z1p05__lam0p030__nu0p50__psi1p00,hardzero_plus_depr,0.02,31,490,0.0,1,0.5025678,0.5025678,1.097917,0.0,0.07981472,0.0,0.0,8.510307e-09,-29.227388,2.4154656,0.8051552,0.104,0.0,0.17244673,14.669965,14.699965,1571200
hardzero_plus_depr__c0p54__z1p05__lam0p030__nu0p50__psi1p00,hardzero_plus_depr,0.02,31,491,0.0,1,0.5025678,0.5025678,1.0400529,0.09118999,0.09118999,1.0,7.531191e-10,8.258792e-09,-28.0093,2.288162,0.7627207,0.15200001,0.0,0.13548715,14.699965,14.729964,1574400
hardzero_plus_depr__c0p54__z1p05__lam0p030__nu0p50__psi1p00,hardzero_plus_depr,0.02,31,492,0.0,1,0.5025678,0.5025678,1.0777501,0.0,0.083608404,0.0,0.0,8.01471e-09,-27.78987,2.3710976,0.7903659,0.128,0.0,0.14627747,14.729964,14.759964,1577600
hardzero_plus_depr__c0p54__z1p05__lam0p030__nu0p50__psi1p00,hardzero_plus_depr,0.02,31,493,0.0,1,0.5025678,0.5025678,1.0389646,0.09141878,0.09141878,1.0,7.110408e-10,7.7778415e-09,-27.117216,2.2857678,0.7619226,0.16000001,0.0,0.17027958,14.759964,14.789964,1580800
hardzero_plus_depr__c0p54__z1p05__lam0p030__nu0p50__psi1p00,hardzero_plus_depr,0.02,31,494,0.0,1,0.5025678,0.5025678,1.0680978,0.0,0.08548741,0.0,0.0,7.547973e-09,-28.102997,2.349862,0.7832874,0.14,0.0,0.17806192,14.789964,14.819963,1584000
hardzero_plus_depr__c0p54__z1p05__lam0p030__nu0p50__psi1p00,hardzero_plus_depr,0.02,31,495,0.0,1,0.5025678,0.5025678,1.0401461,0.09117039,0.09117039,1.0,6.678139e-10,7.324899e-09,-27.858927,2.2883673,0.76278913,0.17600001,0.0,0.13940108,14.819963,14.849963,1587200
hardzero_plus_depr__c0p54__z1p05__lam0p030__nu0p50__psi1p00,hardzero_plus_depr,0.02,31,496,0.0,1,0.5025678,0.5025678,0.99812585,0.10043247,0.10043247,1.0,7.1391587e-10,7.108417e-09,-26.75016,2.1959207,0.7319736,0.16000001,0.0,0.15279813,14.849963,14.879963,1590400
hardzero_plus_depr__c0p54__z1p05__lam0p030__nu0p50__psi1p00,hardzero_plus_depr,0.02,31,497,0.0,1,0.5025678,0.5025678,1.0451661,0.09012263,0.09012263,1.0,6.21696e-10,6.8983335e-09,-28.2042,2.2994113,0.76647043,0.2,0.0,0.17040223,14.879963,14.909963,1593600
hardzero_plus_depr__c0p54__z1p05__lam0p030__nu0p50__psi1p00,hardzero_plus_depr,0.02,31,498,0.0,1,0.5025678,0.5025678,1.0669339,0.0,0.085716836,0.0,0.0,6.6944583e-09,-27.288654,2.3473015,0.78243387,0.120000005,0.0,0.13403346,14.909963,14.939962,1596800
hardzero_plus_depr__c0p54__z1p05__lam0p030__nu0p50__psi1p00,hardzero_plus_depr,0.02,31,499,0.0,1,0.5025678,0.5025678,1.0176358,0.09602055,0.09602055,1.0,6.2380806e-10,6.49661e-09,-26.447584,2.2388434,0.74628115,0.096,0.0,0.14143471,14.939962,14.969962,1600000
hardzero_plus_depr__c0p54__z1p05__lam0p030__nu0p50__psi1p00,hardzero_plus_depr,0.02,31,500,0.0,1,0.5025678,0.5025678,1.0709838,0.0,0.08492122,0.0,0.0,6.3046075e-09,-27.272686,2.3562114,0.78540385,0.120000005,0.008,0.1559428,14.969962,14.999962,1603200
hardzero_plus_depr__c0p54__z1p05__lam0p030__nu0p50__psi1p00,hardzero_plus_depr,0.02,31,501,0.0,1,0.5025678,0.5025678,1.0215893,0.09515041,0.09515041,1.0,5.821568e-10,6.1182797e-09,-26.865301,2.2475412,0.74918044,0.104,0.0,0.13773003,14.999962,15.029962,1606400
hardzero_plus_depr__c0p54__z1p05__lam0p030__nu0p50__psi1p00,hardzero_plus_depr,0.02,31,502,0.0,1,0.5025678,0.5025678,1.0721961,0.0,0.084684476,0.0,0.0,5.9374585e-09,-28.274397,2.3588786,0.7862929,0.08800001,0.0,0.15443085,15.029962,15.059961,1609600
hardzero_plus_depr__c0p54__z1p05__lam0p030__nu0p50__psi1p00,hardzero_plus_depr,0.02,31,503,0.0,1,0.5025678,0.5025678,1.0409235,0.09100737,0.09100737,1.0,5.243828e-10,5.761982e-09,-27.137453,2.2900774,0.7633592,0.16800001,0.0,0.13871291,15.059961,15.089961,1612800
hardzero_plus_depr__c0p54__z1p05__lam0p030__nu0p50__psi1p00,hardzero_plus_depr,0.02,31,504,0.0,1,0.5025678,0.5025678,1.0467494,0.08979469,0.08979469,1.0,5.0210414e-10,5.591691e-09,-27.693832,2.3028946,0.76763153,0.192,0.0,0.16972801,15.089961,15.119961,1616000
hardzero_plus_depr__c0p54__z1p05__lam0p030__nu0p50__psi1p00,hardzero_plus_depr,0.02,31,505,0.0,1,0.5025678,0.5025678,1.0373045,0.0917689,0.0917689,1.0,4.9797777e-10,5.426433e-09,-27.867449,2.2821155,0.7607052,0.120000005,0.0,0.15234165,15.119961,15.1499605,1619200
hardzero_plus_depr__c0p54__z1p05__lam0p030__nu0p50__psi1p00,hardzero_plus_depr,0.02,31,506,0.0,1,0.5025678,0.5025678,0.9887767,0.10261795,0.10261795,1.0,5.403921e-10,5.2660587e-09,-26.464231,2.175352,0.7251174,0.16000001,0.0,0.11889206,15.1499605,15.17996,1622400
hardzero_plus_depr__c0p54__z1p05__lam0p030__nu0p50__psi1p00,hardzero_plus_depr,0.02,31,507,0.0,1,0.5025678,0.5025678,0.972971,0.106421396,0.106421396,1.0,5.4385857e-10,5.110425e-09,-26.784292,2.140579,0.71352637,0.16,0.0,0.12676018,15.17996,15.20996,1625600
hardzero_plus_depr__c0p54__z1p05__lam0p030__nu0p50__psi1p00,hardzero_plus_depr,0.02,31,508,0.0,1,0.5025678,0.5025678,1.018855,0.09575139,0.09575139,1.0,4.7486853e-10,4.9593902e-09,-26.628752,2.2415257,0.7471752,0.15200001,0.0,0.14143863,15.20996,15.23996,1628800
hardzero_plus_depr__c0p54__z1p05__lam0p030__nu0p50__psi1p00,hardzero_plus_depr,0.02,31,509,0.0,1,0.5025678,0.5025678,1.0128812,0.09707755,0.09707755,1.0,4.672167e-10,4.8128195e-09,-26.315868,2.228383,0.7427944,0.112,0.0,0.12820293,15.23996,15.269959,1632000
hardzero_plus_depr__c0p54__z1p05__lam0p030__nu0p50__psi1p00,hardzero_plus_depr,0.02,31,510,0.0,1,0.5025678,0.5025678,1.0972818,0.0,0.079931535,0.0,0.0,4.6705804e-09,-29.016603,2.4140682,0.8046894,0.136,0.0,0.14125936,15.269959,15.299959,1635200
hardzero_plus_depr__c0p54__z1p05__lam0p030__nu0p50__psi1p00,hardzero_plus_depr,0.02,31,511,0.0,1,0.5025678,0.5025678,1.0575466,0.0,0.08758977,0.0,0.0,4.532545e-09,-27.187775,2.326649,0.77554965,0.17600001,0.008,0.1557819,15.299959,15.329959,1638400
hardzero_plus_depr__c0p54__z1p05__lam0p030__nu0p50__psi1p00,hardzero_plus_depr,0.02,31,512,0.0,1,0.5025678,0.5025678,1.0119791,0.09727941,0.09727941,1.0,4.2789214e-10,4.398589e-09,-26.904404,2.2263985,0.74213284,0.14400001,0.0,0.11467448,15.329959,15.359959,1641600
hardzero_plus_depr__c0p54__z1p05__lam0p030__nu0p50__psi1p00,hardzero_plus_depr,0.02,31,513,0.0,1,0.5025678,0.5025678,1.0257025,0.0942535,0.0942535,1.0,4.023298e-10,4.2685926e-09,-26.899948,2.2565906,0.7521969,0.15200001,0.0,0.14195992,15.359959,15.389958,1644800
hardzero_plus_depr__c0p54__z1p05__lam0p030__nu0p50__psi1p00,hardzero_plus_depr,0.02,31,514,0.0,1,0.5025678,0.5025678,1.053975,0.0,0.08831308,0.0,0.0,4.142438e-09,-27.973515,2.3187914,0.7729305,0.15200001,0.0,0.16374414,15.389958,15.419958,1648000
hardzero_plus_depr__c0p54__z1p05__lam0p030__nu0p50__psi1p00,hardzero_plus_depr,0.02,31,515,0.0,1,0.5025678,0.5025678,1.0597829,0.0,0.08713992,0.0,0.0,4.020011e-09,-28.4679,2.331569,0.7771897,0.104,0.0,0.14187148,15.419958,15.449958,1651200
hardzero_plus_depr__c0p54__z1p05__lam0p030__nu0p50__psi1p00,hardzero_plus_depr,0.02,31,516,0.0,1,0.5025678,0.5025678,1.0016255,0.09962641,0.09962641,1.0,3.8866282e-10,3.901203e-09,-26.442417,2.2036202,0.7345401,0.18400002,0.0,0.14106964,15.449958,15.479958,1654400
hardzero_plus_depr__c0p54__z1p05__lam0p030__nu0p50__psi1p00,hardzero_plus_depr,0.02,31,517,0.0,1,0.5025678,0.5025678,1.0169027,0.09618277,0.09618277,1.0,3.6413894e-10,3.7859063e-09,-26.477688,2.2372305,0.7457435,0.15200001,0.0,0.14629975,15.479958,15.509957,1657600
hardzero_plus_depr__c0p54__z1p05__lam0p030__nu0p50__psi1p00,hardzero_plus_depr,0.02,31,518,0.0,1,0.5025678,0.5025678,1.032428,0.09280511,0.09280511,1.0,3.4096753e-10,3.6740166e-09,-26.883392,2.271387,0.7571291,0.14400001,0.0,0.13840818,15.509957,15.539957,1660800
hardzero_plus_depr__c0p54__z1p05__lam0p030__nu0p50__psi1p00,hardzero_plus_depr,0.02,31,519,0.0,1,0.5025678,0.5025678,1.0574291,0.0,0.08761348,0.0,0.0,3.5654337e-09,-27.30008,2.3263905,0.7754635,0.14400001,0.0,0.13213886,15.539957,15.569957,1664000
hardzero_plus_depr__c0p54__z1p05__lam0p030__nu0p50__psi1p00,hardzero_plus_depr,0.02,31,520,0.0,1,0.5025678,0.5025678,1.0467758,0.08978921,0.08978921,1.0,3.106761e-10,3.4600605e-09,-27.351921,2.3029528,0.76765096,0.13,0.0,0.15170011,15.569957,15.5999565,1667200
hardzero_plus_depr__c0p54__z1p05__lam0p030__nu0p50__psi1p00,hardzero_plus_depr,0.02,31,521,0.0,1,0.5025678,0.5025678,1.0604943,0.0,0.086997285,0.0,0.0,3.3578011e-09,-27.708279,2.333134,0.77771133,0.128,0.0,0.13492431,15.5999565,15.629956,1670400
hardzero_plus_depr__c0p54__z1p05__lam0p030__nu0p50__psi1p00,hardzero_plus_depr,0.02,31,522,0.0,1,0.5025678,0.5025678,0.9973804,0.10060502,0.10060502,1.0,3.278279e-10,3.258564e-09,-26.72322,2.1942806,0.7314269,0.192,0.0,0.15148044,15.629956,15.659956,1673600
hardzero_plus_depr__c0p54__z1p05__lam0p030__nu0p50__psi1p00,hardzero_plus_depr,0.02,31,523,0.0,1,0.5025678,0.5025678,1.0755192,0.0,0.08403899,0.0,0.0,3.1622596e-09,-28.200422,2.3661895,0.78872985,0.120000005,0.0,0.17501047,15.659956,15.689956,1676800
hardzero_plus_depr__c0p54__z1p05__lam0p030__nu0p50__psi1p00,hardzero_plus_depr,0.02,31,524,0.0,1,0.5025678,0.5025678,1.0116571,0.097351566,0.097351566,1.0,2.9875263e-10,3.0688017e-09,-27.259014,2.2256901,0.74189675,0.224,0.0,0.15593491,15.689956,15.719955,1680000
hardzero_plus_depr__c0p54__z1p05__lam0p030__nu0p50__psi1p00,hardzero_plus_depr,0.02,31,525,0.0,1,0.5025678,0.5025678,1.0426921,0.0906375,0.0906375,1.0,2.6992802e-10,2.9781053e-09,-27.46586,2.2939684,0.7646562,0.16800001,0.0,0.14223616,15.719955,15.749955,1683200
hardzero_plus_depr__c0p54__z1p05__lam0p030__nu0p50__psi1p00,hardzero_plus_depr,0.02,31,526,0.0,1,0.5025678,0.5025678,1.0203332,0.09542601,0.09542601,1.0,2.7578975e-10,2.89009e-09,-27.725931,2.2447777,0.74825925,0.16800001,0.0,0.15149866,15.749955,15.779955,1686400
hardzero_plus_depr__c0p54__z1p05__lam0p030__nu0p50__psi1p00,hardzero_plus_depr,0.02,31,527,0.0,1,0.5025678,0.5025678,1.0782473,0.0,0.08351273,0.0,0.0,2.8046756e-09,-27.725977,2.3721914,0.7907305,0.208,0.0,0.18554723,15.779955,15.809955,1689600
hardzero_plus_depr__c0p54__z1p05__lam0p030__nu0p50__psi1p00,hardzero_plus_depr,0.02,31,528,0.0,1,0.5025678,0.5025678,1.0735973,0.0,0.0844117,0.0,0.0,2.721786e-09,-28.157822,2.3619611,0.7873204,0.17600001,0.0,0.15844639,15.809955,15.839954,1692800
hardzero_plus_depr__c0p54__z1p05__lam0p030__nu0p50__psi1p00,hardzero_plus_depr,0.02,31,529,0.0,1,0.5025678,0.5025678,1.1171969,0.0,0.076348945,0.0,0.0,2.6413456e-09,-28.883884,2.4578824,0.81929415,0.128,0.0,0.18457653,15.839954,15.869954,1696000
hardzero_plus_depr__c0p54__z1p05__lam0p030__nu0p50__psi1p00,hardzero_plus_depr,0.02,31,530,0.0,1,0.5025678,0.5025678,1.0380577,0.09160989,0.09160989,1.0,2.3482202e-10,2.5632825e-09,-27.72926,2.2837725,0.7612575,0.112,0.0,0.15803407,15.869954,15.899954,1699200
hardzero_plus_depr__c0p54__z1p05__lam0p030__nu0p50__psi1p00,hardzero_plus_depr,0.02,31,531,0.0,1,0.5025678,0.5025678,1.047864,0.089564525,0.089564525,1.0,2.2279416e-10,2.4875269e-09,-27.447205,2.3053467,0.76844895,0.16800001,0.0,0.15585591,15.899954,15.929954,1702400
hardzero_plus_depr__c0p54__z1p05__lam0p030__nu0p50__psi1p00,hardzero_plus_depr,0.02,31,532,0.0,1,0.5025678,0.5025678,0.99830484,0.100391075,0.100391075,1.0,2.4234506e-10,2.4140099e-09,-27.269156,2.1963146,0.7321049,0.16800001,0.0,0.17842768,15.929954,15.959953,1705600
hardzero_plus_depr__c0p54__z1p05__lam0p030__nu0p50__psi1p00,hardzero_plus_depr,0.02,31,533,0.0,1,0.5025678,0.5025678,1.0661387,0.0,0.08587391,0.0,0.0,2.3426658e-09,-27.455315,2.345552,0.7818507,0.14,0.0,0.13386944,15.959953,15.989953,1708800
hardzero_plus_depr__c0p54__z1p05__lam0p030__nu0p50__psi1p00,hardzero_plus_depr,0.02,31,534,0.0,1,0.5025678,0.5025678,1.0142769,0.09676608,0.09676608,1.0,2.1999091e-10,2.27343e-09,-27.115248,2.2314537,0.7438179,0.136,0.0,0.14726794,15.989953,16.019953,1712000
hardzero_plus_depr__c0p54__z1p05__lam0p030__nu0p50__psi1p00,hardzero_plus_depr,0.02,31,535,0.0,1,0.5025678,0.5025678,1.0143118,0.09675828,0.09675828,1.0,2.1347207e-10,2.2062407e-09,-27.295303,2.2315304,0.7438435,0.17600001,0.0,0.14583339,16.019953,16.049953,1715200
hardzero_plus_depr__c0p54__z1p05__lam0p030__nu0p50__psi1p00,hardzero_plus_depr,0.02,31,536,0.0,1,0.5025678,0.5025678,1.0791366,0.0,0.0833419,0.0,0.0,2.141035e-09,-27.658625,2.374148,0.7913827,0.112,0.0,0.122889064,16.049953,16.079954,1718400
hardzero_plus_depr__c0p54__z1p05__lam0p030__nu0p50__psi1p00,hardzero_plus_depr,0.02,31,537,0.0,1,0.5025678,0.5025678,1.001604,0.09963134,0.09963134,1.0,2.0700966e-10,2.0777564e-09,-26.860481,2.2035728,0.73452425,0.224,0.0,0.11546209,16.079954,16.109955,1721600
hardzero_plus_depr__c0p54__z1p05__lam0p030__nu0p50__psi1p00,hardzero_plus_depr,0.02,31,538,0.0,1,0.5025678,0.5025678,1.0047555,0.09891098,0.09891098,1.0,1.9943898e-10,2.0163482e-09,-27.207518,2.2105062,0.7368354,0.224,0.0,0.1629672,16.109955,16.139956,1724800
hardzero_plus_depr__c0p54__z1p05__lam0p030__nu0p50__psi1p00,hardzero_plus_depr,0.02,31,539,0.0,1,0.5025678,0.5025678,1.0407896,0.09103543,0.09103543,1.0,1.78134e-10,1.9567545e-09,-26.824034,2.2897828,0.76326096,0.128,0.0,0.13371003,16.139956,16.169956,1728000
hardzero_plus_depr__c0p54__z1p05__lam0p030__nu0p50__psi1p00,hardzero_plus_depr,0.02,31,540,0.0,1,0.5025678,0.5025678,1.0674043,0.0,0.08562404,0.0,0.0,1.8989226e-09,-28.58633,2.3483362,0.78277874,0.120000005,0.0,0.15807489,16.169956,16.199957,1731200
hardzero_plus_depr__c0p54__z1p05__lam0p030__nu0p50__psi1p00,hardzero_plus_depr,0.02,31,541,0.0,1,0.5025678,0.5025678,1.0654057,0.0,0.086018965,0.0,0.0,1.8427995e-09,-28.272797,2.3439393,0.7813131,0.18400002,0.0,0.17375341,16.199957,16.229958,1734400
hardzero_plus_depr__c0p54__z1p05__lam0p030__nu0p50__psi1p00,hardzero_plus_depr,0.02,31,542,0.0,1,0.5025678,0.5025678,1.0794095,0.0,0.083289556,0.0,0.0,1.7883354e-09,-28.31999,2.3747482,0.79158276,0.112,0.0,0.1442907,16.229958,16.259958,1737600
hardzero_plus_depr__c0p54__z1p05__lam0p030__nu0p50__psi1p00,hardzero_plus_depr,0.02,31,543,0.0,1,0.5025678,0.5025678,0.98106146,0.104457244,0.104457244,1.0,1.8128356e-10,1.735481e-09,-25.953362,2.1583784,0.7194595,0.16800001,0.0,0.12857097,16.259958,16.289959,1740800
hardzero_plus_depr__c0p54__z1p05__lam0p030__nu0p50__psi1p00,hardzero_plus_depr,0.02,31,544,0.0,1,0.5025678,0.5025678,1.0245748,0.09449856,0.09449856,1.0,1.5915338e-10,1.6841885e-09,-27.10406,2.2541094,0.75136983,0.14400001,0.0,0.1441359,16.289959,16.31996,1744000
hardzero_plus_depr__c0p54__z1p05__lam0p030__nu0p50__psi1p00,hardzero_plus_depr,0.02,31,545,0.0,1,0.5025678,0.5025678,1.0278339,0.09379205,0.09379205,1.0,1.5329485e-10,1.6344119e-09,-26.945553,2.2612798,0.75376,0.14400001,0.0,0.14167382,16.31996,16.34996,1747200
hardzero_plus_depr__c0p54__z1p05__lam0p030__nu0p50__psi1p00,hardzero_plus_depr,0.02,31,546,0.0,1,0.5025678,0.5025678,1.0541947,0.0,0.088268414,0.0,0.0,1.5861068e-09,-27.481981,2.3192747,0.77309155,0.11,0.0,0.16916883,16.34996,16.379961,1750400
hardzero_plus_depr__c0p54__z1p05__lam0p030__nu0p50__psi1p00,hardzero_plus_depr,0.02,31,547,0.0,1,0.5025678,0.5025678,1.0410432,0.09098229,0.09098229,1.0,1.4004262e-10,1.5392294e-09,-27.299675,2.2903407,0.7634469,0.128,0.008,0.14642332,16.379961,16.409962,1753600
hardzero_plus_depr__c0p54__z1p05__lam0p030__nu0p50__psi1p00,hardzero_plus_depr,0.02,31,548,0.0,1,0.5025678,0.5025678,1.0599347,0.0,0.08710945,0.0,0.0,1.4937371e-09,-27.752653,2.331903,0.777301,0.128,0.0,0.13694166,16.409962,16.439962,1756800
hardzero_plus_depr__c0p54__z1p05__lam0p030__nu0p50__psi1p00,hardzero_plus_depr,0.02,31,549,0.0,1,0.5025678,0.5025678,1.0265887,0.09406136,0.09406136,1.0,1.3635036e-10,1.4495896e-09,-26.707907,2.2585402,0.7528467,0.18400002,0.0,0.16118762,16.439962,16.469963,1760000
hardzero_plus_depr__c0p54__z1p05__lam0p030__nu0p50__psi1p00,hardzero_plus_depr,0.02,31,550,0.0,1,0.5025678,0.5025678,1.0993135,0.0,0.079558484,0.0,0.0,1.4067467e-09,-28.495737,2.418538,0.8061794,0.128,0.0,0.15488277,16.469963,16.499964,1763200
hardzero_plus_depr__c0p54__z1p05__lam0p030__nu0p50__psi1p00,hardzero_plus_depr,0.02,31,551,0.0,1,0.5025678,0.5025678,1.0379615,0.091630176,0.091630176,1.0,1.2509077e-10,1.3651701e-09,-27.646614,2.2835608,0.76118696,0.16800001,0.0,0.15989198,16.499964,16.529964,1766400
hardzero_plus_depr__c0p54__z1p05__lam0p030__nu0p50__psi1p00,hardzero_plus_depr,0.02,31,552,0.0,1,0.5025678,0.5025678,1.0587754,0.0,0.08734228,0.0,0.0,1.3248224e-09,-28.096205,2.3293524,0.7764508,0.136,0.0,0.16218297,16.529964,16.559965,1769600
hardzero_plus_depr__c0p54__z1p05__lam0p030__nu0p50__psi1p00,hardzero_plus_depr,0.02,31,553,0.0,1,0.5025678,0.5025678,0.9963705,0.10083923,0.10083923,1.0,1.2964566e-10,1.2856669e-09,-25.820108,2.1920588,0.7306863,0.16800001,0.0,0.12405505,16.559965,16.589966,1772800
hardzero_plus_depr__c0p54__z1p05__lam0p030__nu0p50__psi1p00,hardzero_plus_depr,0.02,31,554,0.0,1,0.5025678,0.5025678,1.0948123,0.0,0.08038736,0.0,0.0,1.247669e-09,-29.236286,2.4086351,0.8028784,0.15200001,0.0,0.19079344,16.589966,16.619967,1776000
hardzero_plus_depr__c0p54__z1p05__lam0p030__nu0p50__psi1p00,hardzero_plus_depr,0.02,31,555,0.0,1,0.5025678,0.5025678,0.9984648,0.1003541,0.1003541,1.0,1.2150814e-10,1.2107939e-09,-26.206924,2.1966665,0.7322222,0.14400001,0.0,0.13774478,16.619967,16.649967,1779200
hardzero_plus_depr__c0p54__z1p05__lam0p030__nu0p50__psi1p00,hardzero_plus_depr,0.02,31,556,0.0,1,0.5025678,0.5025678,1.0495529,0.089216895,0.089216895,1.0,1.0483063e-10,1.1750088e-09,-27.864923,2.3090625,0.76968753,0.192,0.0,0.18276851,16.649967,16.679968,1782400
hardzero_plus_depr__c0p54__z1p05__lam0p030__nu0p50__psi1p00,hardzero_plus_depr,0.02,31,557,0.0,1,0.5025678,0.5025678,1.0402905,0.0911401,0.0911401,1.0,1.03925354e-10,1.1402813e-09,-27.15721,2.2886848,0.762895,0.208,0.0,0.14227395,16.679968,16.709969,1785600
hardzero_plus_depr__c0p54__z1p05__lam0p030__nu0p50__psi1p00,hardzero_plus_depr,0.02,31,558,0.0,1,0.5025678,0.5025678,1.0352299,0.092208326,0.092208326,1.0,1.0203591e-10,1.1065802e-09,-27.25202,2.2775514,0.7591838,0.112,0.0,0.1331991,16.709969,16.73997,1788800
hardzero_plus_depr__c0p54__z1p05__lam0p030__nu0p50__psi1p00,hardzero_plus_depr,0.02,31,559,0.0,1,0.5025678,0.5025678,1.0550547,0.0,0.08809379,0.0,0.0,1.073875e-09,-27.863771,2.3211665,0.7737222,0.14999999,0.0,0.12824613,16.73997,16.76997,1792000
hardzero_plus_depr__c0p54__z1p05__lam0p030__nu0p50__psi1p00,hardzero_plus_depr,0.02,31,560,0.0,1,0.5025678,0.5025678,1.0428617,0.09060211,0.09060211,1.0,9.4419764e-11,1.0421365e-09,-27.891888,2.2943416,0.7647805,0.128,0.0,0.15861067,16.76997,16.79997,1795200
hardzero_plus_depr__c0p54__z1p05__lam0p030__nu0p50__psi1p00,hardzero_plus_depr,0.02,31,561,0.0,1,0.5025678,0.5025678,1.0238919,0.094647266,0.094647266,1.0,9.572019e-11,1.011336e-09,-28.177814,2.2526073,0.75086915,0.120000005,0.0,0.13133056,16.79997,16.829971,1798400
hardzero_plus_depr__c0p54__z1p05__lam0p030__nu0p50__psi1p00,hardzero_plus_depr,0.02,31,562,0.0,1,0.5025678,0.5025678,1.0490295,0.08932448,0.08932448,1.0,8.766714e-11,9.814458e-10,-27.583858,2.307911,0.7693037,0.15200001,0.0,0.16399874,16.829971,16.859972,1801600
hardzero_plus_depr__c0p54__z1p05__lam0p030__nu0p50__psi1p00,hardzero_plus_depr,0.02,31,563,0.0,1,0.5025678,0.5025678,1.1369009,0.0,0.07296239,0.0,0.0,9.524391e-10,-28.904058,2.501232,0.833744,0.136,0.0,0.1633164,16.859972,16.889973,1804800
hardzero_plus_depr__c0p54__z1p05__lam0p030__nu0p50__psi1p00,hardzero_plus_depr,0.02,31,564,0.0,1,0.5025678,0.5025678,1.0443407,0.09029408,0.09029408,1.0,8.345788e-11,9.242896e-10,-27.072794,2.2975955,0.7658652,0.120000005,0.0,0.14102519,16.889973,16.919973,1808000
hardzero_plus_depr__c0p54__z1p05__lam0p030__nu0p50__psi1p00,hardzero_plus_depr,0.02,31,565,0.0,1,0.5025678,0.5025678,1.0064481,0.09852622,0.09852622,1.0,8.8375265e-11,8.9697205e-10,-26.96277,2.21423,0.7380767,0.16800001,0.0,0.1260933,16.919973,16.949974,1811200
hardzero_plus_depr__c0p54__z1p05__lam0p030__nu0p50__psi1p00,hardzero_plus_depr,0.02,31,566,0.0,1,0.5025678,0.5025678,1.0746671,0.0,0.084204026,0.0,0.0,8.704619e-10,-27.14006,2.3643148,0.78810495,0.104,0.0,0.15436827,16.949974,16.979975,1814400
hardzero_plus_depr__c0p54__z1p05__lam0p030__nu0p50__psi1p00,hardzero_plus_depr,0.02,31,567,0.0,1,0.5025678,0.5025678,1.0038651,0.09911398,0.09911398,1.0,8.372508e-11,8.4473534e-10,-27.166716,2.2085474,0.73618245,0.136,0.0,0.124024436,16.979975,17.009975,1817600
hardzero_plus_depr__c0p54__z1p05__lam0p030__nu0p50__psi1p00,hardzero_plus_depr,0.02,31,568,0.0,1,0.5025678,0.5025678,0.9927441,0.10168477,0.10168477,1.0,8.335803e-11,8.1976903e-10,-26.306377,2.1840806,0.72802687,0.128,0.0,0.1490572,17.009975,17.039976,1820800
hardzero_plus_depr__c0p54__z1p05__lam0p030__nu0p50__psi1p00,hardzero_plus_depr,0.02,31,569,0.0,1,0.5025678,0.5025678,1.0397981,0.09124348,0.09124348,1.0,7.25879e-11,7.955407e-10,-26.697353,2.2876017,0.7625339,0.15200001,0.0,0.16367239,17.039976,17.069977,1824000
hardzero_plus_depr__c0p54__z1p05__lam0p030__nu0p50__psi1p00,hardzero_plus_depr,0.02,31,570,0.0,1,0.5025678,0.5025678,1.0507432,0.0,0.0889727,0.0,0.0,7.7202833e-10,-28.452936,2.3116813,0.77056044,0.17600001,0.0,0.16739921,17.069977,17.099977,1827200
hardzero_plus_depr__c0p54__z1p05__lam0p030__nu0p50__psi1p00,hardzero_plus_depr,0.02,31,571,0.0,1,0.5025678,0.5025678,1.0237212,0.09468448,0.09468448,1.0,7.093865e-11,7.4921097e-10,-27.223915,2.2522316,0.75074387,0.16800001,0.0,0.15377533,17.099977,17.129978,1830400
hardzero_plus_depr__c0p54__z1p05__lam0p030__nu0p50__psi1p00,hardzero_plus_depr,0.02,31,572,0.0,1,0.5025678,0.5025678,0.96669596,0.10797023,0.10797023,1.0,7.85017e-11,7.2706796e-10,-26.568075,2.1267736,0.70892453,0.29999998,0.0,0.13450128,17.129978,17.159979,1833600
hardzero_plus_depr__c0p54__z1p05__lam0p030__nu0p50__psi1p00,hardzero_plus_depr,0.02,31,573,0.0,1,0.5025678,0.5025678,1.0170478,0.096150644,0.096150644,1.0,6.784191e-11,7.055794e-10,-27.11276,2.2375498,0.74584997,0.14400001,0.0,0.11750338,17.159979,17.18998,1836800
hardzero_plus_depr__c0p54__z1p05__lam0p030__nu0p50__psi1p00,hardzero_plus_depr,0.02,31,574,0.0,1,0.5025678,0.5025678,1.0152233,0.09655544,0.09655544,1.0,6.611401e-11,6.847259e-10,-26.873837,2.2335358,0.74451196,0.16800001,0.0,0.14203481,17.18998,17.21998,1840000
hardzero_plus_depr__c0p54__z1p05__lam0p030__nu0p50__psi1p00,hardzero_plus_depr,0.02,31,575,0.0,1,0.5025678,0.5025678,1.0513239,0.0,0.08885382,0.0,0.0,6.644887e-10,-27.138622,2.3129587,0.77098626,0.080000006,0.0,0.13209611,17.21998,17.24998,1843200
hardzero_plus_depr__c0p54__z1p05__lam0p030__nu0p50__psi1p00,hardzero_plus_depr,0.02,31,576,0.0,1,0.5025678,0.5025678,1.114565,0.0,0.07681305,0.0,0.0,6.448496e-10,-28.82259,2.452092,0.817364,0.096,0.0,0.174022,17.24998,17.279982,1846400
hardzero_plus_depr__c0p54__z1p05__lam0p030__nu0p50__psi1p00,hardzero_plus_depr,0.02,31,577,0.0,1,0.5025678,0.5025678,1.0754863,0.0,0.08404535,0.0,0.0,6.25791e-10,-28.70444,2.3661172,0.78870577,0.16000001,0.0,0.16827673,17.279982,17.309982,1849600
hardzero_plus_depr__c0p54__z1p05__lam0p030__nu0p50__psi1p00,hardzero_plus_depr,0.02,31,578,0.0,1,0.5025678,0.5025678,1.0410179,0.09098758,0.09098758,1.0,5.5256362e-11,6.0729566e-10,-26.869736,2.290285,0.7634284,0.14400001,0.0,0.1518968,17.309982,17.339983,1852800
hardzero_plus_depr__c0p54__z1p05__lam0p030__nu0p50__psi1p00,hardzero_plus_depr,0.02,31,579,0.0,1,0.5025678,0.5025678,1.0003903,0.099910185,0.099910185,1.0,5.888176e-11,5.8934696e-10,-26.800396,2.2009025,0.7336342,0.16000001,0.0,0.13436882,17.339983,17.369984,1856000
hardzero_plus_depr__c0p54__z1p05__lam0p030__nu0p50__psi1p00,hardzero_plus_depr,0.02,31,580,0.0,1,0.5025678,0.5025678,1.0710883,0.0,0.08490077,0.0,0.0,5.719287e-10,-27.660837,2.3564413,0.78548044,0.120000005,0.0,0.1478095,17.369984,17.399984,1859200
hardzero_plus_depr__c0p54__z1p05__lam0p030__nu0p50__psi1p00,hardzero_plus_depr,0.02,31,581,0.0,1,0.5025678,0.5025678,1.036191,0.092004485,0.092004485,1.0,5.106482e-11,5.550253e-10,-26.783476,2.2796657,0.7598886,0.16800001,0.0,0.146755,17.399984,17.429985,1862400
hardzero_plus_depr__c0p54__z1p05__lam0p030__nu0p50__psi1p00,hardzero_plus_depr,0.02,31,582,0.0,1,0.5025678,0.5025678,1.0209944,0.09528083,0.09528083,1.0,5.13203e-11,5.386214e-10,-28.077833,2.2462325,0.7487442,0.16000001,0.0,0.1645223,17.429985,17.459986,1865600
hardzero_plus_depr__c0p54__z1p05__lam0p030__nu0p50__psi1p00,hardzero_plus_depr,0.02,31,583,0.0,1,0.5025678,0.5025678,1.0425131,0.09067485,0.09067485,1.0,4.7395962e-11,5.2270244e-10,-27.24325,2.2935748,0.76452494,0.096,0.008,0.15829472,17.459986,17.489986,1868800
hardzero_plus_depr__c0p54__z1p05__lam0p030__nu0p50__psi1p00,hardzero_plus_depr,0.02,31,584,0.0,1,0.5025678,0.5025678,1.0270085,0.09397049,0.09397049,1.0,4.7666898e-11,5.072539e-10,-26.264761,2.2594638,0.75315464,0.08800001,0.0,0.1332523,17.489986,17.519987,1872000
hardzero_plus_depr__c0p54__z1p05__lam0p030__nu0p50__psi1p00,hardzero_plus_depr,0.02,31,585,0.0,1,0.5025678,0.5025678,1.0242429,0.094570816,0.094570816,1.0,4.6553615e-11,4.9226195e-10,-26.900375,2.2533793,0.75112647,0.17,0.0,0.12652576,17.519987,17.549988,1875200
hardzero_plus_depr__c0p54__z1p05__lam0p030__nu0p50__psi1p00,hardzero_plus_depr,0.02,31,586,0.0,1,0.5025678,0.5025678,1.0714852,0.0,0.08482324,0.0,0.0,4.777131e-10,-27.697264,2.3573143,0.7857715,0.17600001,0.0,0.15171188,17.549988,17.579988,1878400
hardzero_plus_depr__c0p54__z1p05__lam0p030__nu0p50__psi1p00,hardzero_plus_depr,0.02,31,587,0.0,1,0.5025678,0.5025678,1.0279846,0.09375952,0.09375952,1.0,4.346637e-11,4.635942e-10,-26.704632,2.2616112,0.7538704,0.104,0.0,0.13494541,17.579988,17.60999,1881600
hardzero_plus_depr__c0p54__z1p05__lam0p030__nu0p50__psi1p00,hardzero_plus_depr,0.02,31,588,0.0,1,0.5025678,0.5025678,0.9786494,0.10503901,0.10503901,1.0,4.7256275e-11,4.4989262e-10,-25.943176,2.1530716,0.7176906,0.16000001,0.0,0.1308286,17.60999,17.63999,1884800
hardzero_plus_depr__c0p54__z1p05__lam0p030__nu0p50__psi1p00,hardzero_plus_depr,0.02,31,589,0.0,1,0.5025678,0.5025678,1.0395112,0.09130379,0.09130379,1.0,3.9862866e-11,4.3659598e-10,-27.471058,2.2869704,0.7623235,0.14400001,0.0,0.14351092,17.63999,17.66999,1888000
hardzero_plus_depr__c0p54__z1p05__lam0p030__nu0p50__psi1p00,hardzero_plus_depr,0.02,31,590,0.0,1,0.5025678,0.5025678,1.029527,0.09342712,0.09342712,1.0,3.9584357e-11,4.2369233e-10,-26.822151,2.2650046,0.75500154,0.16000001,0.0,0.16151252,17.66999,17.699991,1891200
hardzero_plus_depr__c0p54__z1p05__lam0p030__nu0p50__psi1p00,hardzero_plus_depr,0.02,31,591,0.0,1,0.5025678,0.5025678,0.98373324,0.10381658,0.10381658,1.0,4.2686268e-11,4.1117004e-10,-27.191677,2.1642563,0.7214188,0.128,0.0,0.14761995,17.699991,17.729992,1894400
hardzero_plus_depr__c0p54__z1p05__lam0p030__nu0p50__psi1p00,hardzero_plus_depr,0.02,31,592,0.0,1,0.5025678,0.5025678,1.0586661,0.0,0.08736427,0.0,0.0,3.9901787e-10,-27.535439,2.329112,0.7763707,0.16000001,0.0,0.13709933,17.729992,17.759993,1897600
hardzero_plus_depr__c0p54__z1p05__lam0p030__nu0p50__psi1p00,hardzero_plus_depr,0.02,31,593,0.0,1,0.5025678,0.5025678,1.0574758,0.0,0.08760406,0.0,0.0,3.872248e-10,-27.314184,2.3264933,0.7754978,0.17600001,0.0,0.1397575,17.759993,17.789993,1900800
hardzero_plus_depr__c0p54__z1p05__lam0p030__nu0p50__psi1p00,hardzero_plus_depr,0.02,31,594,0.0,1,0.5025678,0.5025678,1.0421653,0.09074751,0.09074751,1.0,3.410113e-11,3.7578035e-10,-27.591614,2.2928095,0.7642698,0.16800001,0.0,0.16568786,17.789993,17.819994,1904000
hardzero_plus_depr__c0p54__z1p05__lam0p030__nu0p50__psi1p00,hardzero_plus_depr,0.02,31,595,0.0,1,0.5025678,0.5025678,1.005477,0.0987468,0.0987468,1.0,3.6010403e-11,3.6467412e-10,-27.139296,2.2120934,0.7373645,0.2,0.0,0.1492511,17.819994,17.849995,1907200
hardzero_plus_depr__c0p54__z1p05__lam0p030__nu0p50__psi1p00,hardzero_plus_depr,0.02,31,596,0.0,1,0.5025678,0.5025678,1.095504,0.0,0.08025941,0.0,0.0,3.5389613e-10,-28.713427,2.410157,0.8033857,0.128,0.0,0.16800623,17.849995,17.879995,1910400
hardzero_plus_depr__c0p54__z1p05__lam0p030__nu0p50__psi1p00,hardzero_plus_depr,0.02,31,597,0.0,1,0.5025678,0.5025678,1.0305132,0.09321523,0.09321523,1.0,3.2013527e-11,3.4343667e-10,-26.652037,2.2671742,0.7557248,0.14400001,0.0,0.13037826,17.879995,17.909996,1913600
hardzero_plus_depr__c0p54__z1p05__lam0p030__nu0p50__psi1p00,hardzero_plus_depr,0.02,31,598,0.0,1,0.5025678,0.5025678,1.0118006,0.09731938,0.09731938,1.0,3.243522e-11,3.3328634e-10,-26.866207,2.2260058,0.74200195,0.11,0.0,0.119586475,17.909996,17.939997,1916800
hardzero_plus_depr__c0p54__z1p05__lam0p030__nu0p50__psi1p00,hardzero_plus_depr,0.02,31,599,0.0,1,0.5025678,0.5025678,1.0375224,0.09172285,0.09172285,1.0,2.9666478e-11,3.2343606e-10,-27.470272,2.282595,0.760865,0.080000006,0.0,0.12339053,17.939997,17.969997,1920000
hardzero_plus_depr__c0p54__z1p05__lam0p030__nu0p50__psi1p00,hardzero_plus_depr,0.02,31,600,0.0,1,0.5025678,0.5025678,1.0732821,0.0,0.08447299,0.0,0.0,3.1387684e-10,-28.522564,2.3612678,0.7870893,0.2,0.0,0.1687631,17.969997,17.999998,1923200
hardzero_plus_depr__c0p54__z1p05__lam0p030__nu0p50__psi1p00,hardzero_plus_depr,0.02,31,601,0.0,1,0.5025678,0.5025678,0.979296,0.10488273,0.10488273,1.0,3.19473e-11,3.0460018e-10,-25.929028,2.1544943,0.7181648,0.192,0.0,0.13465317,17.999998,18.029999,1926400
hardzero_plus_depr__c0p54__z1p05__lam0p030__nu0p50__psi1p00,hardzero_plus_depr,0.02,31,602,0.0,1,0.5025678,0.5025678,1.0634174,0.0,0.0864137,0.0,0.0,2.9559766e-10,-27.948872,2.339565,0.779855,0.104,0.0,0.14223704,18.029999,18.06,1929600
hardzero_plus_depr__c0p54__z1p05__lam0p030__nu0p50__psi1p00,hardzero_plus_depr,0.02,31,603,0.0,1,0.5025678,0.5025678,1.0731374,0.0,0.08450115,0.0,0.0,2.8686126e-10,-27.6667,2.3609495,0.7869832,0.16000001,0.0,0.16534743,18.06,18.09,1932800
hardzero_plus_depr__c0p54__z1p05__lam0p030__nu0p50__psi1p00,hardzero_plus_depr,0.02,31,604,0.0,1,0.5025678,0.5025678,1.0138166,0.09686869,0.09686869,1.0,2.6966599e-11,2.7838304e-10,-26.133911,2.230441,0.7434804,0.17600001,0.0,0.13206655,18.09,18.12,1936000
hardzero_plus_depr__c0p54__z1p05__lam0p030__nu0p50__psi1p00,hardzero_plus_depr,0.02,31,605,0.0,1,0.5025678,0.5025678,0.9939582,0.10140089,0.10140089,1.0,2.7393995e-11,2.7015537e-10,-26.73179,2.1867516,0.72891724,0.192,0.0,0.14586118,18.12,18.150002,1939200
hardzero_plus_depr__c0p54__z1p05__lam0p030__nu0p50__psi1p00,hardzero_plus_depr,0.02,31,606,0.0,1,0.5025678,0.5025678,1.0261735,0.09415133,0.09415133,1.0,2.468374e-11,2.621709e-10,-27.874681,2.2576268,0.75254226,0.128,0.0,0.15949327,18.150002,18.180002,1942400
hardzero_plus_depr__c0p54__z1p05__lam0p030__nu0p50__psi1p00,hardzero_plus_depr,0.02,31,607,0.0,1,0.5025678,0.5025678,1.0249026,0.09442726,0.09442726,1.0,2.4024407e-11,2.5442237e-10,-26.642927,2.2548306,0.7516102,0.136,0.0,0.13336587,18.180002,18.210003,1945600
hardzero_plus_depr__c0p54__z1p05__lam0p030__nu0p50__psi1p00,hardzero_plus_depr,0.02,31,608,0.0,1,0.5025678,0.5025678,1.0157531,0.09643769,0.09643769,1.0,2.3810747e-11,2.4690291e-10,-27.597767,2.2347016,0.7449006,0.18400002,0.0,0.13894904,18.210003,18.240004,1948800
hardzero_plus_depr__c0p54__z1p05__lam0p030__nu0p50__psi1p00,hardzero_plus_depr,0.02,31,609,0.0,1,0.5025678,0.5025678,1.0559676,0.0,0.08790882,0.0,0.0,2.3960567e-10,-28.306332,2.323175,0.77439165,0.216,0.0,0.13281465,18.240004,18.270004,1952000
hardzero_plus_depr__c0p54__z1p05__lam0p030__nu0p50__psi1p00,hardzero_plus_depr,0.02,31,610,0.0,1,0.5025678,0.5025678,1.0001479,0.09996593,0.09996593,1.0,2.3244484e-11,2.3252407e-10,-27.035767,2.2003694,0.7334565,0.16800001,0.0,0.1365332,18.270004,18.300005,1955200
hardzero_plus_depr__c0p54__z1p05__lam0p030__nu0p50__psi1p00,hardzero_plus_depr,0.02,31,611,0.0,1,0.5025678,0.5025678,1.082317,0.0,0.08273381,0.0,0.0,2.2565182e-10,-28.426872,2.381145,0.793715,0.14999999,0.0,0.17318323,18.300005,18.330006,1958400
hardzero_plus_depr__c0p54__z1p05__lam0p030__nu0p50__psi1p00,hardzero_plus_depr,0.02,31,612,0.0,1,0.5025678,0.5025678,0.99179,0.10190839,0.10190839,1.0,2.2316168e-11,2.1898264e-10,-26.600504,2.1819816,0.7273272,0.16800001,0.0,0.12978274,18.330006,18.360006,1961600
hardzero_plus_depr__c0p54__z1p05__lam0p030__nu0p50__psi1p00,hardzero_plus_depr,0.02,31,613,0.0,1,0.5025678,0.5025678,1.039306,0.09134691,0.09134691,1.0,1.9412185e-11,2.1251058e-10,-27.571161,2.286519,0.76217306,0.14400001,0.0,0.14716433,18.360006,18.390007,1964800
hardzero_plus_depr__c0p54__z1p05__lam0p030__nu0p50__psi1p00,hardzero_plus_depr,0.02,31,614,0.0,1,0.5025678,0.5025678,1.0581193,0.0,0.087474346,0.0,0.0,2.062298e-10,-27.774197,2.327909,0.7759697,0.08800001,0.0,0.14863396,18.390007,18.420008,1968000
hardzero_plus_depr__c0p54__z1p05__lam0p030__nu0p50__psi1p00,hardzero_plus_depr,0.02,31,615,0.0,1,0.5025678,0.5025678,1.0474916,0.08964137,0.08964137,1.0,1.7940344e-11,2.0013464e-10,-27.14806,2.3045275,0.76817584,0.136,0.0,0.14210966,18.420008,18.450008,1971200
hardzero_plus_depr__c0p54__z1p05__lam0p030__nu0p50__psi1p00,hardzero_plus_depr,0.02,31,616,0.0,1,0.5025678,0.5025678,1.0831336,0.0,0.08257838,0.0,0.0,1.9421964e-10,-27.61072,2.3829415,0.79431385,0.14400001,0.0,0.1470582,18.450008,18.48001,1974400
hardzero_plus_depr__c0p54__z1p05__lam0p030__nu0p50__psi1p00,hardzero_plus_depr,0.02,31,617,0.0,1,0.5025678,0.5025678,0.97978586,0.1047645,0.1047645,1.0,1.9745955e-11,1.8847945e-10,-26.03943,2.155572,0.718524,0.16800001,0.0,0.11217963,18.48001,18.51001,1977600
hardzero_plus_depr__c0p54__z1p05__lam0p030__nu0p50__psi1p00,hardzero_plus_depr,0.02,31,618,0.0,1,0.5025678,0.5025678,1.0145142,0.096713215,0.096713215,1.0,1.768971e-11,1.8290892e-10,-27.070316,2.2319758,0.743992,0.14400001,0.0,0.1368317,18.51001,18.54001,1980800
hardzero_plus_depr__c0p54__z1p05__lam0p030__nu0p50__psi1p00,hardzero_plus_depr,0.02,31,619,0.0,1,0.5025678,0.5025678,1.0209887,0.0952821,0.0952821,1.0,1.6912862e-11,1.7750303e-10,-27.207142,2.2462199,0.74873996,0.136,0.0,0.15491349,18.54001,18.570011,1984000
hardzero_plus_depr__c0p54__z1p05__lam0p030__nu0p50__psi1p00,hardzero_plus_depr,0.02,31,620,0.0,1,0.5025678,0.5025678,1.0124862,0.09716587,0.09716587,1.0,1.6737492e-11,1.722569e-10,-26.816074,2.2275143,0.7425048,0.16000001,0.0,0.123076305,18.570011,18.600012,1987200
hardzero_plus_depr__c0p54__z1p05__lam0p030__nu0p50__psi1p00,hardzero_plus_depr,0.02,31,621,0.0,1,0.5025678,0.5025678,1.1101978,0.0,0.07758936,0.0,0.0,1.6716584e-10,-28.740294,2.442484,0.8141613,0.112,0.0,0.14974655,18.600012,18.630013,1990400
hardzero_plus_depr__c0p54__z1p05__lam0p030__nu0p50__psi1p00,hardzero_plus_depr,0.02,31,622,0.0,1,0.5025678,0.5025678,1.0346564,0.09233015,0.09233015,1.0,1.4978279e-11,1.6222522e-10,-26.943005,2.2762895,0.7587632,0.18400002,0.0,0.1264664,18.630013,18.660013,1993600
hardzero_plus_depr__c0p54__z1p05__lam0p030__nu0p50__psi1p00,hardzero_plus_depr,0.02,31,623,0.0,1,0.5025678,0.5025678,1.0671965,0.0,0.08566502,0.0,0.0,1.5743064e-10,-28.942505,2.3478792,0.7826264,0.080000006,0.0,0.14898428,18.660013,18.690014,1996800
hardzero_plus_depr__c0p54__z1p05__lam0p030__nu0p50__psi1p00,hardzero_plus_depr,0.02,31,624,0.0,1,0.5025678,0.5025678,1.0926144,0.0,0.080795206,0.0,0.0,1.5277773e-10,-28.625397,2.4037998,0.8012666,0.14999999,0.0,0.17968531,18.690014,18.720015,2000000
hardzero_plus_depr__c0p54__z1p05__lam0p030__nu0p50__psi1p00,hardzero_plus_depr,0.02,31,625,0.0,1,0.5025678,0.5025678,0.98206985,0.10421498,0.10421498,1.0,1.5451161e-11,1.4826237e-10,-26.000698,2.1605968,0.720199,0.16000001,0.0,0.15329292,18.720015,18.750015,2003200
hardzero_plus_depr__c0p54__z1p05__lam0p030__nu0p50__psi1p00,hardzero_plus_depr,0.02,31,626,0.0,1,0.5025678,0.5025678,1.072711,0.0,0.08458415,0.0,0.0,1.4388046e-10,-28.200628,2.3600113,0.78667045,0.136,0.0,0.13656586,18.750015,18.780016,2006400
hardzero_plus_depr__c0p54__z1p05__lam0p030__nu0p50__psi1p00,hardzero_plus_depr,0.02,31,627,0.0,1,0.5025678,0.5025678,1.0220411,0.09505148,0.09505148,1.0,1.3271852e-11,1.3962805e-10,-26.787294,2.2485352,0.7495117,0.18400002,0.0,0.150551,18.780016,18.810017,2009600
hardzero_plus_depr__c0p54__z1p05__lam0p030__nu0p50__psi1p00,hardzero_plus_depr,0.02,31,628,0.0,1,0.5025678,0.5025678,1.0040185,0.09907897,0.09907897,1.0,1.3425332e-11,1.3550133e-10,-26.543823,2.208885,0.736295,0.15200001,0.008,0.14945523,18.810017,18.840017,2012800
hardzero_plus_depr__c0p54__z1p05__lam0p030__nu0p50__psi1p00,hardzero_plus_depr,0.02,31,629,0.0,1,0.5025678,0.5025678,1.0150193,0.09660078,0.09660078,1.0,1.2702671e-11,1.3149658e-10,-26.697329,2.233087,0.74436235,0.16800001,0.0,0.14674959,18.840017,18.870018,2016000
hardzero_plus_depr__c0p54__z1p05__lam0p030__nu0p50__psi1p00,hardzero_plus_depr,0.02,31,630,0.0,1,0.5025678,0.5025678,0.99552953,0.10103468,0.10103468,1.0,1.2893053e-11,1.2761017e-10,-26.63326,2.1902087,0.7300696,0.17600001,0.0,0.15032203,18.870018,18.900019,2019200
hardzero_plus_depr__c0p54__z1p05__lam0p030__nu0p50__psi1p00,hardzero_plus_depr,0.02,31,631,0.0,1,0.5025678,0.5025678,0.99769473,0.100532226,0.100532226,1.0,1.2449775e-11,1.2383865e-10,-27.77236,2.1949723,0.73165745,0.16800001,0.0,0.14261861,18.900019,18.93002,2022400
hardzero_plus_depr__c0p54__z1p05__lam0p030__nu0p50__psi1p00,hardzero_plus_depr,0.02,31,632,0.0,1,0.5025678,0.5025678,1.0525858,0.0,0.08859601,0.0,0.0,1.2017856e-10,-27.911337,2.315735,0.77191174,0.15200001,0.0,0.15776052,18.93002,18.96002,2025600
hardzero_plus_depr__c0p54__z1p05__lam0p030__nu0p50__psi1p00,hardzero_plus_depr,0.02,31,633,0.0,1,0.5025678,0.5025678,1.0144371,0.096730374,0.096730374,1.0,1.1281341e-11,1.1662667e-10,-27.275717,2.231806,0.74393535,0.2,0.0,0.13861774,18.96002,18.99002,2028800
hardzero_plus_depr__c0p54__z1p05__lam0p030__nu0p50__psi1p00,hardzero_plus_depr,0.02,31,634,0.0,1,0.5025678,0.5025678,1.0062052,0.09858136,0.09858136,1.0,1.1157415e-11,1.13179764e-10,-27.148735,2.2136955,0.7378985,0.192,0.0,0.14006698,18.99002,19.020021,2032000
hardzero_plus_depr__c0p54__z1p05__lam0p030__nu0p50__psi1p00,hardzero_plus_depr,0.02,31,635,0.0,1,0.5025678,0.5025678,1.050072,0.0,0.08911033,0.0,0.0,1.0983472e-10,-28.185226,2.3102045,0.77006817,0.08800001,0.0,0.15463689,19.020021,19.050022,2035200
hardzero_plus_depr__c0p54__z1p05__lam0p030__nu0p50__psi1p00,hardzero_plus_depr,0.02,31,636,0.0,1,0.5025678,0.5025678,1.0009065,0.099791504,0.099791504,1.0,1.06366305e-11,1.0658854e-10,-27.201824,2.2020383,0.7340128,0.192,0.0,0.15640673,19.050022,19.080023,2038400
hardzero_plus_depr__c0p54__z1p05__lam0p030__nu0p50__psi1p00,hardzero_plus_depr,0.02,31,637,0.0,1,0.5025678,0.5025678,1.0212322,0.095228665,0.095228665,1.0,9.850291e-12,1.0343829e-10,-26.850773,2.2467558,0.74891865,0.22,0.0,0.15214641,19.080023,19.110023,2041600
hardzero_plus_depr__c0p54__z1p05__lam0p030__nu0p50__psi1p00,hardzero_plus_depr,0.02,31,638,0.0,1,0.5025678,0.5025678,1.0633973,0.0,0.08641769,0.0,0.0,1.0038117e-10,-28.107653,2.3395207,0.77984023,0.192,0.0,0.14894335,19.110023,19.140024,2044800
hardzero_plus_depr__c0p54__z1p05__lam0p030__nu0p50__psi1p00,hardzero_plus_depr,0.02,31,639,0.0,1,0.5025678,0.5025678,1.118691,0.0,0.07608674,0.0,0.0,9.7414396e-11,-28.858248,2.4611692,0.82038975,0.120000005,0.0,0.18375075,19.140024,19.170025,2048000
hardzero_plus_depr__c0p54__z1p05__lam0p030__nu0p50__psi1p00,hardzero_plus_depr,0.02,31,640,0.0,1,0.5025678,0.5025678,1.0675101,0.0,0.08560318,0.0,0.0,9.4535296e-11,-28.294062,2.3485692,0.7828564,0.2,0.0,0.20479082,19.170025,19.200026,2051200
hardzero_plus_depr__c0p54__z1p05__lam0p030__nu0p50__psi1p00,hardzero_plus_depr,0.02,31,641,0.0,1,0.5025678,0.5025678,1.0374404,0.09174017,0.09174017,1.0,8.416361e-12,9.174129e-11,-28.614927,2.2824144,0.76080483,0.136,0.0,0.16358006,19.200026,19.230026,2054400
hardzero_plus_depr__c0p54__z1p05__lam0p030__nu0p50__psi1p00,hardzero_plus_depr,0.02,31,642,0.0,1,0.5025678,0.5025678,1.0767263,0.0,0.083805725,0.0,0.0,8.902986e-11,-28.607365,2.3688452,0.7896151,0.208,0.0,0.16459605,19.230026,19.260027,2057600
hardzero_plus_depr__c0p54__z1p05__lam0p030__nu0p50__psi1p00,hardzero_plus_depr,0.02,31,643,0.0,1,0.5025678,0.5025678,1.0517387,0.0,0.088769,0.0,0.0,8.6398576e-11,-27.681374,2.3138714,0.7712905,0.15200001,0.0,0.18288402,19.260027,19.290028,2060800
hardzero_plus_depr__c0p54__z1p05__lam0p030__nu0p50__psi1p00,hardzero_plus_depr,0.02,31,644,0.0,1,0.5025678,0.5025678,0.99785167,0.1004959,0.1004959,1.0,8.4260845e-12,8.3845056e-11,-27.133331,2.1953175,0.73177254,0.136,0.0,0.14450075,19.290028,19.320028,2064000
hardzero_plus_depr__c0p54__z1p05__lam0p030__nu0p50__psi1p00,hardzero_plus_depr,0.02,31,645,0.0,1,0.5025678,0.5025678,1.0493588,0.08925677,0.08925677,1.0,7.262556e-12,8.1367e-11,-27.456303,2.3086355,0.7695452,0.120000005,0.0,0.13987964,19.320028,19.350029,2067200
hardzero_plus_depr__c0p54__z1p05__lam0p030__nu0p50__psi1p00,hardzero_plus_depr,0.02,31,646,0.0,1,0.5025678,0.5025678,1.0221819,0.09502067,0.09502067,1.0,7.503039e-12,7.8962184e-11,-27.564178,2.248845,0.7496151,0.17600001,0.0,0.13361298,19.350029,19.38003,2070400
hardzero_plus_depr__c0p54__z1p05__lam0p030__nu0p50__psi1p00,hardzero_plus_depr,0.02,31,647,0.0,1,0.5025678,0.5025678,1.010599,0.09758901,0.09758901,1.0,7.4780945e-12,7.6628454e-11,-26.501492,2.2233622,0.74112076,0.120000005,0.0,0.14253463,19.38003,19.41003,2073600
hardzero_plus_depr__c0p54__z1p05__lam0p030__nu0p50__psi1p00,hardzero_plus_depr,0.02,31,648,0.0,1,0.5025678,0.5025678,1.003328,0.09923662,0.09923662,1.0,7.379601e-12,7.436369e-11,-26.755995,2.2073655,0.7357885,0.096,0.0,0.10920484,19.41003,19.440031,2076800
hardzero_plus_depr__c0p54__z1p05__lam0p030__nu0p50__psi1p00,hardzero_plus_depr,0.02,31,649,0.0,1,0.5025678,0.5025678,1.0069711,0.09840766,0.09840766,1.0,7.1016734e-12,7.216586e-11,-26.884275,2.2153807,0.73846024,0.128,0.0,0.1486645,19.440031,19.470032,2080000
hardzero_plus_depr__c0p54__z1p05__lam0p030__nu0p50__psi1p00,hardzero_plus_depr,0.02,31,650,0.0,1,0.5025678,0.5025678,1.0441271,0.090338506,0.090338506,1.0,6.3266753e-12,7.0032986e-11,-27.62346,2.2971256,0.76570857,0.24,0.0,0.14124925,19.470032,19.500032,2083200
hardzero_plus_depr__c0p54__z1p05__lam0p030__nu0p50__psi1p00,hardzero_plus_depr,0.02,31,651,0.0,1,0.5025678,0.5025678,1.0523554,0.0,0.08864302,0.0,0.0,6.7963156e-11,-26.910614,2.3152282,0.77174276,0.128,0.0,0.1694906,19.500032,19.530033,2086400
hardzero_plus_depr__c0p54__z1p05__lam0p030__nu0p50__psi1p00,hardzero_plus_depr,0.02,31,652,0.0,1,0.5025678,0.5025678,1.068346,0.0,0.08543857,0.0,0.0,6.595449e-11,-27.72231,2.350408,0.7834694,0.120000005,0.0,0.15910108,19.530033,19.560034,2089600
hardzero_plus_depr__c0p54__z1p05__lam0p030__nu0p50__psi1p00,hardzero_plus_depr,0.02,31,653,0.0,1,0.5025678,0.5025678,1.029496,0.09343381,0.09343381,1.0,5.9802497e-12,6.40052e-11,-27.154663,2.2649362,0.7549788,0.15200001,0.0,0.15794884,19.560034,19.590034,2092800
hardzero_plus_depr__c0p54__z1p05__lam0p030__nu0p50__psi1p00,hardzero_plus_depr,0.02,31,654,0.0,1,0.5025678,0.5025678,1.0199714,0.09550556,0.09550556,1.0,5.932186e-12,6.2113516e-11,-27.508503,2.2439818,0.74799395,0.16800001,0.0,0.14520966,19.590034,19.620035,2096000
hardzero_plus_depr__c0p54__z1p05__lam0p030__nu0p50__psi1p00,hardzero_plus_depr,0.02,31,655,0.0,1,0.5025678,0.5025678,1.0229523,0.09485225,0.09485225,1.0,5.717479e-12,6.027774e-11,-27.44561,2.25054,0.75018,0.16800001,0.0,0.14817384,19.620035,19.650036,2099200
hardzero_plus_depr__c0p54__z1p05__lam0p030__nu0p50__psi1p00,hardzero_plus_depr,0.02,31,656,0.0,1,0.5025678,0.5025678,0.97956455,0.10481789,0.10481789,1.0,6.1314512e-12,5.849623e-11,-26.261692,2.155085,0.71836174,0.2,0.0,0.14148268,19.650036,19.680037,2102400
hardzero_plus_depr__c0p54__z1p05__lam0p030__nu0p50__psi1p00,hardzero_plus_depr,0.02,31,657,0.0,1,0.5025678,0.5025678,1.0140201,0.09682331,0.09682331,1.0,5.496404e-12,5.676736e-11,-25.6909,2.2308886,0.7436296,0.08800001,0.0,0.1440901,19.680037,19.710037,2105600
hardzero_plus_depr__c0p54__z1p05__lam0p030__nu0p50__psi1p00,hardzero_plus_depr,0.02,31,658,0.0,1,0.5025678,0.5025678,1.0388412,0.09144474,0.09144474,1.0,5.0376535e-12,5.5089593e-11,-28.122684,2.2854965,0.7618322,0.15200001,0.0,0.1414563,19.710037,19.740038,2108800
hardzero_plus_depr__c0p54__z1p05__lam0p030__nu0p50__psi1p00,hardzero_plus_depr,0.02,31,659,0.0,1,0.5025678,0.5025678,1.0898358,0.0,0.08131378,0.0,0.0,5.346142e-11,-27.888514,2.3976865,0.79922885,0.112,0.0,0.14649759,19.740038,19.770039,2112000
hardzero_plus_depr__c0p54__z1p05__lam0p030__nu0p50__psi1p00,hardzero_plus_depr,0.02,31,660,0.0,1,0.5025678,0.5025678,1.0483781,0.08945856,0.08945856,1.0,4.6412314e-12,5.1881357e-11,-27.733105,2.3064778,0.76882595,0.120000005,0.0,0.17006788,19.770039,19.80004,2115200
hardzero_plus_depr__c0p54__z1p05__lam0p030__nu0p50__psi1p00,hardzero_plus_depr,0.02,31,661,0.0,1,0.5025678,0.5025678,1.0205338,0.09538195,0.09538195,1.0,4.80229e-12,5.0347997e-11,-26.449537,2.2452192,0.7484064,0.192,0.0,0.14067116,19.80004,19.83004,2118400
hardzero_plus_depr__c0p54__z1p05__lam0p030__nu0p50__psi1p00,hardzero_plus_depr,0.02,31,662,0.0,1,0.5025678,0.5025678,1.0765451,0.0,0.08384069,0.0,0.0,4.885995e-11,-27.316162,2.3684466,0.78948224,0.15200001,0.0,0.20184553,19.83004,19.86004,2121600
hardzero_plus_depr__c0p54__z1p05__lam0p030__nu0p50__psi1p00,hardzero_plus_depr,0.02,31,663,0.0,1,0.5025678,0.5025678,1.0010462,0.09975939,0.09975939,1.0,4.7301807e-12,4.741589e-11,-26.825386,2.2023456,0.73411524,0.14999999,0.0,0.14092548,19.86004,19.890041,2124800
hardzero_plus_depr__c0p54__z1p05__lam0p030__nu0p50__psi1p00,hardzero_plus_depr,0.02,31,664,0.0,1,0.5025678,0.5025678,1.054616,0.0,0.08818282,0.0,0.0,4.6014508e-11,-27.295206,2.3202014,0.7734005,0.120000005,0.0,0.14114572,19.890041,19.920042,2128000
hardzero_plus_depr__c0p54__z1p05__lam0p030__nu0p50__psi1p00,hardzero_plus_depr,0.02,31,665,0.0,1,0.5025678,0.5025678,1.0522615,0.0,0.08866219,0.0,0.0,4.4654547e-11,-27.619265,2.3150215,0.77167386,0.16000001,0.0,0.16419822,19.920042,19.950043,2131200
hardzero_plus_depr__c0p54__z1p05__lam0p030__nu0p50__psi1p00,hardzero_plus_depr,0.02,31,666,0.0,1,0.5025678,0.5025678,1.0917703,0.0,0.08095239,0.0,0.0,4.333477e-11,-28.53933,2.4019425,0.8006475,0.104,0.0,0.15105861,19.950043,19.980043,2134400
hardzero_plus_depr__c0p54__z1p05__lam0p030__nu0p50__psi1p00,hardzero_plus_depr,0.02,31,667,0.0,1,0.5025678,0.5025678,0.99160206,0.1019525,0.1019525,1.0,4.2875113e-12,4.205401e-11,-25.96931,2.1815681,0.7271894,0.14400001,0.0,0.13758202,19.980043,20.010044,2137600
hardzero_plus_depr__c0p54__z1p05__lam0p030__nu0p50__psi1p00,hardzero_plus_depr,0.02,31,668,0.0,1,0.5025678,0.5025678,1.0754128,0.0,0.08405958,0.0,0.0,4.0811094e-11,-27.821814,2.3659554,0.7886518,0.14400001,0.0,0.14829536,20.010044,20.040045,2140800
hardzero_plus_depr__c0p54__z1p05__lam0p030__nu0p50__psi1p00,hardzero_plus_depr,0.02,31,669,0.0,1,0.5025678,0.5025678,1.0576794,0.0,0.087562986,0.0,0.0,3.960492e-11,-28.010588,2.3269413,0.7756471,0.128,0.0,0.14249322,20.040045,20.070045,2144000
hardzero_plus_depr__c0p54__z1p05__lam0p030__nu0p50__psi1p00,hardzero_plus_depr,0.02,31,670,0.0,1,0.5025678,0.5025678,1.063522,0.0,0.08639289,0.0,0.0,3.843439e-11,-28.617872,2.339795,0.7799317,0.16000001,0.0,0.16684695,20.070045,20.100046,2147200
hardzero_plus_depr__c0p54__z1p05__lam0p030__nu0p50__psi1p00,hardzero_plus_depr,0.02,31,671,0.0,1,0.5025678,0.5025678,1.0256222,0.094270915,0.094270915,1.0,3.5161596e-12,3.7298456e-11,-27.288359,2.256414,0.752138,0.104,0.0,0.121206544,20.100046,20.130047,2150400
hardzero_plus_depr__c0p54__z1p05__lam0p030__nu0p50__psi1p00,hardzero_plus_depr,0.02,31,672,0.0,1,0.5025678,0.5025678,1.0644219,0.0,0.08621406,0.0,0.0,3.6196095e-11,-27.909155,2.341775,0.78059167,0.15200001,0.0,0.16675788,20.130047,20.160048,2153600
hardzero_plus_depr__c0p54__z1p05__lam0p030__nu0p50__psi1p00,hardzero_plus_depr,0.02,31,673,0.0,1,0.5025678,0.5025678,1.0712224,0.0,0.08487456,0.0,0.0,3.5126315e-11,-27.422045,2.3567364,0.78557885,0.104,0.0,0.16514638,20.160048,20.190048,2156800
hardzero_plus_depr__c0p54__z1p05__lam0p030__nu0p50__psi1p00,hardzero_plus_depr,0.02,31,674,0.0,1,0.5025678,0.5025678,1.0482247,0.08949015,0.08949015,1.0,3.050554e-12,3.4088152e-11,-26.747116,2.3061404,0.7687135,0.16800001,0.0,0.14893705,20.190048,20.220049,2160000
hardzero_plus_depr__c0p54__z1p05__lam0p030__nu0p50__psi1p00,hardzero_plus_depr,0.02,31,675,0.0,1,0.5025678,0.5025678,1.0370061,0.09183196,0.09183196,1.0,3.0378631e-12,3.3080674e-11,-27.044209,2.281459,0.76048636,0.2,0.0,0.14248078,20.220049,20.25005,2163200
hardzero_plus_depr__c0p54__z1p05__lam0p030__nu0p50__psi1p00,hardzero_plus_depr,0.02,31,676,0.0,1,0.5025678,0.5025678,0.99915296,0.10019524,0.10019524,1.0,3.2165644e-12,3.2102966e-11,-26.351582,2.1981804,0.7327268,0.14,0.0,0.15402237,20.25005,20.28005,2166400
hardzero_plus_depr__c0p54__z1p05__lam0p030__nu0p50__psi1p00,hardzero_plus_depr,0.02,31,677,0.0,1,0.5025678,0.5025678,1.0321658,0.092861176,0.092861176,1.0,2.8930118e-12,3.115416e-11,-28.004791,2.2708101,0.7569367,0.16000001,0.0,0.16146238,20.28005,20.310051,2169600
hardzero_plus_depr__c0p54__z1p05__lam0p030__nu0p50__psi1p00,hardzero_plus_depr,0.02,31,678,0.0,1,0.5025678,0.5025678,1.0498985,0.08914592,0.08914592,1.0,2.695184e-12,3.0233396e-11,-27.762796,2.3098228,0.769941,0.16800001,0.0,0.13770643,20.310051,20.340052,2172800
hardzero_plus_depr__c0p54__z1p05__lam0p030__nu0p50__psi1p00,hardzero_plus_depr,0.02,31,679,0.0,1,0.5025678,0.5025678,1.0417686,0.09083044,0.09083044,1.0,2.6649507e-12,2.9339843e-11,-27.1192,2.2919366,0.7639789,0.17600001,0.0,0.15077925,20.340052,20.370052,2176000
hardzero_plus_depr__c0p54__z1p05__lam0p030__nu0p50__psi1p00,hardzero_plus_depr,0.02,31,680,0.0,1,0.5025678,0.5025678,1.0480635,0.08952338,0.08952338,1.0,2.5489725e-12,2.8472702e-11,-27.347769,2.305786,0.76859534,0.15200001,0.0,0.13393934,20.370052,20.400053,2179200
hardzero_plus_depr__c0p54__z1p05__lam0p030__nu0p50__psi1p00,hardzero_plus_depr,0.02,31,681,0.0,1,0.5025678,0.5025678,1.0203797,0.09541579,0.09541579,1.0,2.6364514e-12,2.7631186e-11,-27.359486,2.2448802,0.7482934,0.2,0.0,0.14016859,20.400053,20.430054,2182400
hardzero_plus_depr__c0p54__z1p05__lam0p030__nu0p50__psi1p00,hardzero_plus_depr,0.02,31,682,0.0,1,0.5025678,0.5025678,1.0356518,0.092118785,0.092118785,1.0,2.4701233e-12,2.6814544e-11,-27.86252,2.2784796,0.75949323,0.120000005,0.0,0.15311936,20.430054,20.460054,2185600
hardzero_plus_depr__c0p54__z1p05__lam0p030__nu0p50__psi1p00,hardzero_plus_depr,0.02,31,683,0.0,1,0.5025678,0.5025678,1.0047556,0.09891094,0.09891094,1.0,2.573864e-12,2.6022035e-11,-27.156092,2.2105064,0.7368355,0.112,0.0,0.12159369,20.460054,20.490055,2188800
hardzero_plus_depr__c0p54__z1p05__lam0p030__nu0p50__psi1p00,hardzero_plus_depr,0.02,31,684,0.0,1,0.5025678,0.5025678,1.012886,0.09707647,0.09707647,1.0,2.4514672e-12,2.525295e-11,-26.314102,2.2283938,0.742798,0.216,0.0,0.1472713,20.490055,20.520056,2192000
hardzero_plus_depr__c0p54__z1p05__lam0p030__nu0p50__psi1p00,hardzero_plus_depr,0.02,31,685,0.0,1,0.5025678,0.5025678,1.010525,0.09760565,0.09760565,1.0,2.3919824e-12,2.4506596e-11,-27.044682,2.2231994,0.74106646,0.208,0.008,0.15072404,20.520056,20.550056,2195200
hardzero_plus_depr__c0p54__z1p05__lam0p030__nu0p50__psi1p00,hardzero_plus_depr,0.02,31,686,0.0,1,0.5025678,0.5025678,1.0112306,0.09744721,0.09744721,1.0,2.3175188e-12,2.37823e-11,-27.234001,2.2247517,0.74158394,0.208,0.0,0.14648376,20.550056,20.580057,2198400
hardzero_plus_depr__c0p54__z1p05__lam0p030__nu0p50__psi1p00,hardzero_plus_depr,0.02,31,687,0.0,1,0.5025678,0.5025678,1.0631024,0.0,0.086476415,0.0,0.0,2.3079412e-11,-27.613985,2.338872,0.779624,0.136,0.0,0.13507593,20.580057,20.610058,2201600
hardzero_plus_depr__c0p54__z1p05__lam0p030__nu0p50__psi1p00,hardzero_plus_depr,0.02,31,688,0.0,1,0.5025678,0.5025678,1.0050532,0.09884321,0.09884321,1.0,2.2138207e-12,2.2397298e-11,-27.48663,2.2111611,0.73705375,0.16800001,0.0,0.12814543,20.610058,20.640059,2204800
hardzero_plus_depr__c0p54__z1p05__lam0p030__nu0p50__psi1p00,hardzero_plus_depr,0.02,31,689,0.0,1,0.5025678,0.5025678,1.0645508,0.0,0.08618847,0.0,0.0,2.1735343e-11,-27.685312,2.3420584,0.78068614,0.12,0.0,0.168158,20.640059,20.67006,2208000
hardzero_plus_depr__c0p54__z1p05__lam0p030__nu0p50__psi1p00,hardzero_plus_depr,0.02,31,690,0.0,1,0.5025678,0.5025678,1.0119362,0.09728901,0.09728901,1.0,2.0521124e-12,2.1092952e-11,-26.71863,2.226304,0.7421014,0.17600001,0.0,0.16779165,20.67006,20.70006,2211200
hardzero_plus_depr__c0p54__z1p05__lam0p030__nu0p50__psi1p00,hardzero_plus_depr,0.02,31,691,0.0,1,0.5025678,0.5025678,1.0162781,0.09632119,0.09632119,1.0,1.971651e-12,2.0469546e-11,-26.515636,2.2358565,0.7452855,0.16000001,0.0,0.122048676,20.70006,20.73006,2214400
hardzero_plus_depr__c0p54__z1p05__lam0p030__nu0p50__psi1p00,hardzero_plus_depr,0.02,31,692,0.0,1,0.5025678,0.5025678,1.0202163,0.095451705,0.095451705,1.0,1.8961065e-12,1.9864565e-11,-27.77605,2.2445207,0.7481736,0.18400002,0.0,0.1373757,20.73006,20.760061,2217600
hardzero_plus_depr__c0p54__z1p05__lam0p030__nu0p50__psi1p00,hardzero_plus_depr,0.02,31,693,0.0,1,0.5025678,0.5025678,1.073044,0.0,0.08451932,0.0,0.0,1.9277463e-11,-27.788677,2.3607438,0.7869146,0.14400001,0.0,0.15954745,20.760061,20.790062,2220800
hardzero_plus_depr__c0p54__z1p05__lam0p030__nu0p50__psi1p00,hardzero_plus_depr,0.02,31,694,0.0,1,0.5025678,0.5025678,1.1170588,0.0,0.07637325,0.0,0.0,1.8707718e-11,-28.773813,2.4575784,0.8191928,0.128,0.0,0.18522686,20.790062,20.820063,2224000
hardzero_plus_depr__c0p54__z1p05__lam0p030__nu0p50__psi1p00,hardzero_plus_depr,0.02,31,695,0.0,1,0.5025678,0.5025678,1.021814,0.0951012,0.0951012,1.0,1.7265439e-12,1.8154808e-11,-26.834557,2.2480357,0.74934524,0.136,0.0,0.1419239,20.820063,20.850063,2227200
hardzero_plus_depr__c0p54__z1p05__lam0p030__nu0p50__psi1p00,hardzero_plus_depr,0.02,31,696,0.0,1,0.5025678,0.5025678,1.0141499,0.09679437,0.09679437,1.0,1.7053464e-12,1.761824e-11,-26.773699,2.2311742,0.74372476,0.18400002,0.0,0.12609407,20.850063,20.880064,2230400
hardzero_plus_depr__c0p54__z1p05__lam0p030__nu0p50__psi1p00,hardzero_plus_depr,0.02,31,697,0.0,1,0.5025678,0.5025678,1.024912,0.09442521,0.09442521,1.0,1.6144379e-12,1.709753e-11,-26.77167,2.2548513,0.75161713,0.112,0.0,0.15340015,20.880064,20.910065,2233600
hardzero_plus_depr__c0p54__z1p05__lam0p030__nu0p50__psi1p00,hardzero_plus_depr,0.02,31,698,0.0,1,0.5025678,0.5025678,1.0690895,0.0,0.08529242,0.0,0.0,1.6592212e-11,-28.29485,2.3520439,0.78401464,0.08800001,0.0,0.1609655,20.910065,20.940065,2236800
hardzero_plus_depr__c0p54__z1p05__lam0p030__nu0p50__psi1p00,hardzero_plus_depr,0.02,31,699,0.0,1,0.5025678,0.5025678,1.0128682,0.09708047,0.09708047,1.0,1.5631729e-12,1.6101826e-11,-27.385958,2.2283545,0.74278486,0.16000001,0.0,0.1372818,20.940065,20.970066,2240000
hardzero_plus_depr__c0p54__z1p05__lam0p030__nu0p50__psi1p00,hardzero_plus_depr,0.02,31,700,0.0,1,0.5025678,0.5025678,1.0472065,0.08970022,0.08970022,1.0,1.4016498e-12,1.5625935e-11,-27.4824,2.3039002,0.76796675,0.16000001,0.0,0.15825981,20.970066,21.000067,2243200
hardzero_plus_depr__c0p54__z1p05__lam0p030__nu0p50__psi1p00,hardzero_plus_depr,0.02,31,701,0.0,1,0.5025678,0.5025678,0.99529827,0.10108849,0.10108849,1.0,1.5329167e-12,1.5164108e-11,-26.43547,2.1897,0.7299,0.18400002,0.0,0.12908743,21.000067,21.030067,2246400
hardzero_plus_depr__c0p54__z1p05__lam0p030__nu0p50__psi1p00,hardzero_plus_depr,0.02,31,702,0.0,1,0.5025678,0.5025678,1.0211661,0.09524318,0.09524318,1.0,1.4015921e-12,1.4715932e-11,-27.459093,2.2466102,0.7488701,0.12,0.0,0.11750893,21.030067,21.060068,2249600
hardzero_plus_depr__c0p54__z1p05__lam0p030__nu0p50__psi1p00,hardzero_plus_depr,0.02,31,703,0.0,1,0.5025678,0.5025678,1.0396253,0.0912798,0.0912798,1.0,1.3035668e-12,1.4281001e-11,-28.377224,2.2872212,0.76240706,0.14400001,0.0,0.15093015,21.060068,21.090069,2252800
hardzero_plus_depr__c0p54__z1p05__lam0p030__nu0p50__psi1p00,hardzero_plus_depr,0.02,31,704,0.0,1,0.5025678,0.5025678,1.0241486,0.09459134,0.09459134,1.0,1.3109341e-12,1.3858923e-11,-26.79812,2.253172,0.7510573,0.17600001,0.0,0.14951798,21.090069,21.12007,2256000
hardzero_plus_depr__c0p54__z1p05__lam0p030__nu0p50__psi1p00,hardzero_plus_depr,0.02,31,705,0.0,1,0.5025678,0.5025678,1.041469,0.09089312,0.09089312,1.0,1.2224507e-12,1.3449321e-11,-26.907654,2.2912774,0.76375914,0.128,0.0,0.1245591,21.12007,21.15007,2259200
hardzero_plus_depr__c0p54__z1p05__lam0p030__nu0p50__psi1p00,hardzero_plus_depr,0.02,31,706,0.0,1,0.5025678,0.5025678,1.0726311,0.0,0.084599696,0.0,0.0,1.30518235e-11,-28.28337,2.3598356,0.7866119,0.072000004,0.0,0.14002433,21.15007,21.18007,2262400
hardzero_plus_depr__c0p54__z1p05__lam0p030__nu0p50__psi1p00,hardzero_plus_depr,0.02,31,707,0.0,1,0.5025678,0.5025678,1.0050778,0.0988376,0.0988376,1.0,1.2518846e-12,1.2666076e-11,-26.468693,2.2112155,0.7370719,0.192,0.0,0.1608934,21.18007,21.210072,2265600
hardzero_plus_depr__c0p54__z1p05__lam0p030__nu0p50__psi1p00,hardzero_plus_depr,0.02,31,708,0.0,1,0.5025678,0.5025678,1.0289664,0.0935478,0.0935478,1.0,1.1498641e-12,1.22917275e-11,-27.797047,2.2637713,0.75459045,0.224,0.0,0.1708149,21.210072,21.240072,2268800
hardzero_plus_depr__c0p54__z1p05__lam0p030__nu0p50__psi1p00,hardzero_plus_depr,0.02,31,709,0.0,1,0.5025678,0.5025678,1.0236382,0.094702564,0.094702564,1.0,1.1296543e-12,1.1928444e-11,-26.948298,2.2520492,0.75068307,0.208,0.0,0.14710368,21.240072,21.270073,2272000
hardzero_plus_depr__c0p54__z1p05__lam0p030__nu0p50__psi1p00,hardzero_plus_depr,0.02,31,710,0.0,1,0.5025678,0.5025678,1.0224868,0.09495398,0.09495398,1.0,1.0991775e-12,1.1575897e-11,-27.02401,2.249516,0.7498387,0.14400001,0.0,0.15216358,21.270073,21.300074,2275200
hardzero_plus_depr__c0p54__z1p05__lam0p030__nu0p50__psi1p00,hardzero_plus_depr,0.02,31,711,0.0,1,0.5025678,0.5025678,1.086355,0.0,0.08196813,0.0,0.0,1.123377e-11,-28.681364,2.3900287,0.7966763,0.064,0.0,0.13284798,21.300074,21.330074,2278400
hardzero_plus_depr__c0p54__z1p05__lam0p030__nu0p50__psi1p00,hardzero_plus_depr,0.02,31,712,0.0,1,0.5025678,0.5025678,1.0045282,0.09896276,0.09896276,1.0,1.0788678e-12,1.0901755e-11,-27.566822,2.210006,0.7366687,0.16800001,0.0,0.14959906,21.330074,21.360075,2281600
hardzero_plus_depr__c0p54__z1p05__lam0p030__nu0p50__psi1p00,hardzero_plus_depr,0.02,31,713,0.0,1,0.5025678,0.5025678,1.0618013,0.0,0.08673586,0.0,0.0,1.0579551e-11,-27.039371,2.3360095,0.77866983,0.136,0.0,0.14369425,21.360075,21.390076,2284800
hardzero_plus_depr__c0p54__z1p05__lam0p030__nu0p50__psi1p00,hardzero_plus_depr,0.02,31,714,0.0,1,0.5025678,0.5025678,1.0495526,0.08921696,0.08921696,1.0,9.159792e-13,1.0266872e-11,-27.469027,2.3090618,0.7696873,0.08800001,0.0,0.14435653,21.390076,21.420076,2288000
hardzero_plus_depr__c0p54__z1p05__lam0p030__nu0p50__psi1p00,hardzero_plus_depr,0.02,31,715,0.0,1,0.5025678,0.5025678,0.9681028,0.10762104,0.10762104,1.0,1.072275e-12,9.963433e-12,-26.880524,2.1298687,0.7099563,0.21,0.0,0.14427322,21.420076,21.450077,2291200
hardzero_plus_depr__c0p54__z1p05__lam0p030__nu0p50__psi1p00,hardzero_plus_depr,0.02,31,716,0.0,1,0.5025678,0.5025678,1.0157735,0.09643316,0.09643316,1.0,9.324086e-13,9.668962e-12,-27.712286,2.2347465,0.7449155,0.256,0.0,0.1439133,21.450077,21.480078,2294400
hardzero_plus_depr__c0p54__z1p05__lam0p030__nu0p50__psi1p00,hardzero_plus_depr,0.02,31,717,0.0,1,0.5025678,0.5025678,1.0481434,0.089506924,0.089506924,1.0,8.3986106e-13,9.3831965e-12,-27.388174,2.3059616,0.76865387,0.15200001,0.0,0.13804679,21.480078,21.510078,2297600
hardzero_plus_depr__c0p54__z1p05__lam0p030__nu0p50__psi1p00,hardzero_plus_depr,0.02,31,718,0.0,1,0.5025678,0.5025678,1.0746973,0.0,0.084198184,0.0,0.0,9.105874e-12,-28.166504,2.364381,0.78812706,0.080000006,0.0,0.14300846,21.510078,21.54008,2300800
hardzero_plus_depr__c0p54__z1p05__lam0p030__nu0p50__psi1p00,hardzero_plus_depr,0.02,31,719,0.0,1,0.5025678,0.5025678,1.072678,0.0,0.084590584,0.0,0.0,8.836748e-12,-28.294462,2.3599386,0.78664625,0.192,0.008,0.16593756,21.54008,21.57008,2304000
hardzero_plus_depr__c0p54__z1p05__lam0p030__nu0p50__psi1p00,hardzero_plus_depr,0.02,31,720,0.0,1,0.5025678,0.5025678,1.0241486,0.09459134,0.09459134,1.0,8.1117535e-13,8.575577e-12,-27.005386,2.253172,0.7510573,0.104,0.0,0.13712944,21.57008,21.60008,2307200
hardzero_plus_depr__c0p54__z1p05__lam0p030__nu0p50__psi1p00,hardzero_plus_depr,0.02,31,721,0.0,1,0.5025678,0.5025678,1.1039586,0.0,0.07871208,0.0,0.0,8.322125e-12,-28.445982,2.4287574,0.8095858,0.216,0.008,0.18186907,21.60008,21.630081,2310400
hardzero_plus_depr__c0p54__z1p05__lam0p030__nu0p50__psi1p00,hardzero_plus_depr,0.02,31,722,0.0,1,0.5025678,0.5025678,1.0215237,0.0951648,0.0951648,1.0,7.685665e-13,8.076164e-12,-26.999514,2.247397,0.74913234,0.136,0.0,0.14286995,21.630081,21.660082,2313600
hardzero_plus_depr__c0p54__z1p05__lam0p030__nu0p50__psi1p00,hardzero_plus_depr,0.02,31,723,0.0,1,0.5025678,0.5025678,0.9955384,0.101032615,0.101032615,1.0,7.918403e-13,7.837472e-12,-26.14592,2.1902282,0.7300761,0.16800001,0.0,0.15407084,21.660082,21.690083,2316800
hardzero_plus_depr__c0p54__z1p05__lam0p030__nu0p50__psi1p00,hardzero_plus_depr,0.02,31,724,0.0,1,0.5025678,0.5025678,1.0494828,0.0892313,0.0892313,1.0,6.786784e-13,7.6058335e-12,-27.485373,2.3089082,0.7696361,0.15200001,0.0,0.16319674,21.690083,21.720083,2320000
hardzero_plus_depr__c0p54__z1p05__lam0p030__nu0p50__psi1p00,hardzero_plus_depr,0.02,31,725,0.0,1,0.5025678,0.5025678,1.0203532,0.09542162,0.09542162,1.0,7.0431096e-13,7.381042e-12,-26.8226,2.2448218,0.74827397,0.192,0.0,0.1326717,21.720083,21.750084,2323200
hardzero_plus_depr__c0p54__z1p05__lam0p030__nu0p50__psi1p00,hardzero_plus_depr,0.02,31,726,0.0,1,0.5025678,0.5025678,1.0139658,0.09683538,0.09683538,1.0,6.936216e-13,7.1628944e-12,-26.76691,2.2307694,0.7435898,0.128,0.0,0.1736036,21.750084,21.780085,2326400
hardzero_plus_depr__c0p54__z1p05__lam0p030__nu0p50__psi1p00,hardzero_plus_depr,0.02,31,727,0.0,1,0.5025678,0.5025678,1.0219307,0.095075645,0.095075645,1.0,6.608893e-13,6.9511944e-12,-27.076914,2.2482924,0.74943084,0.14400001,0.0,0.13275178,21.780085,21.810085,2329600
hardzero_plus_depr__c0p54__z1p05__lam0p030__nu0p50__psi1p00,hardzero_plus_depr,0.02,31,728,0.0,1,0.5025678,0.5025678,1.0426401,0.090648346,0.090648346,1.0,6.1149116e-13,6.745751e-12,-27.031288,2.293854,0.76461804,0.12,0.0,0.13278243,21.810085,21.840086,2332800
hardzero_plus_depr__c0p54__z1p05__lam0p030__nu0p50__psi1p00,hardzero_plus_depr,0.02,31,729,0.0,1,0.5025678,0.5025678,1.0587329,0.0,0.08735084,0.0,0.0,6.5463793e-12,-28.183916,2.329259,0.77641964,0.14400001,0.0,0.14817259,21.840086,21.870087,2336000
hardzero_plus_depr__c0p54__z1p05__lam0p030__nu0p50__psi1p00,hardzero_plus_depr,0.02,31,730,0.0,1,0.5025678,0.5025678,0.99826306,0.100400746,0.100400746,1.0,6.378359e-13,6.3529004e-12,-25.759102,2.1962225,0.7320742,0.17600001,0.0,0.1523092,21.870087,21.900087,2339200
hardzero_plus_depr__c0p54__z1p05__lam0p030__nu0p50__psi1p00,hardzero_plus_depr,0.02,31,731,0.0,1,0.5025678,0.5025678,1.0196736,0.09557107,0.09557107,1.0,5.8920897e-13,6.1651396e-12,-27.175835,2.2433267,0.74777555,0.112,0.0,0.13345404,21.900087,21.930088,2342400
hardzero_plus_depr__c0p54__z1p05__lam0p030__nu0p50__psi1p00,hardzero_plus_depr,0.02,31,732,0.0,1,0.5025678,0.5025678,1.0293367,0.09346808,0.09346808,1.0,5.592127e-13,5.9829277e-12,-27.352463,2.264586,0.754862,0.14400001,0.0,0.14849514,21.930088,21.960089,2345600
hardzero_plus_depr__c0p54__z1p05__lam0p030__nu0p50__psi1p00,hardzero_plus_depr,0.02,31,733,0.0,1,0.5025678,0.5025678,1.1058352,0.0,0.0783727,0.0,0.0,5.806101e-12,-28.371525,2.4328861,0.8109621,0.18400002,0.0,0.17988004,21.960089,21.99009,2348800
hardzero_plus_depr__c0p54__z1p05__lam0p030__nu0p50__psi1p00,hardzero_plus_depr,0.02,31,734,0.0,1,0.5025678,0.5025678,0.9957999,0.10097179,0.10097179,1.0,5.689257e-13,5.6345015e-12,-27.093609,2.1908035,0.7302679,0.192,0.008,0.14064395,21.99009,22.02009,2352000
hardzero_plus_depr__c0p54__z1p05__lam0p030__nu0p50__psi1p00,hardzero_plus_depr,0.02,31,735,0.0,1,0.5025678,0.5025678,1.0744385,0.0,0.08424838,0.0,0.0,5.4679733e-12,-28.50248,2.3638117,0.7879373,0.128,0.0,0.16239746,22.02009,22.05009,2355200
hardzero_plus_depr__c0p54__z1p05__lam0p030__nu0p50__psi1p00,hardzero_plus_depr,0.02,31,736,0.0,1,0.5025678,0.5025678,1.0796392,0.0,0.0832455,0.0,0.0,5.3063665e-12,-27.961428,2.3752537,0.79175127,0.128,0.0,0.15925197,22.05009,22.080091,2358400
hardzero_plus_depr__c0p54__z1p05__lam0p030__nu0p50__psi1p00,hardzero_plus_depr,0.02,31,737,0.0,1,0.5025678,0.5025678,1.0634996,0.0,0.08639736,0.0,0.0,5.149536e-12,-28.19147,2.3397458,0.7799153,0.120000005,0.0,0.13722835,22.080091,22.110092,2361600
hardzero_plus_depr__c0p54__z1p05__lam0p030__nu0p50__psi1p00,hardzero_plus_depr,0.02,31,738,0.0,1,0.5025678,0.5025678,1.0817995,0.0,0.08283243,0.0,0.0,4.9973406e-12,-27.126839,2.3800063,0.79333544,0.136,0.008,0.16155078,22.110092,22.140093,2364800
hardzero_plus_depr__c0p54__z1p05__lam0p030__nu0p50__psi1p00,hardzero_plus_depr,0.02,31,739,0.0,1,0.5025678,0.5025678,1.1191429,0.0,0.07600762,0.0,0.0,4.849644e-12,-29.340061,2.4621634,0.82072115,0.136,0.0,0.1733115,22.140093,22.170094,2368000
hardzero_plus_depr__c0p54__z1p05__lam0p030__nu0p50__psi1p00,hardzero_plus_depr,0.02,31,740,0.0,1,0.5025678,0.5025678,1.0274839,0.09386767,0.09386767,1.0,4.417705e-13,4.7063117e-12,-26.855394,2.2605097,0.75350326,0.15200001,0.0,0.15089379,22.170094,22.200094,2371200
hardzero_plus_depr__c0p54__z1p05__lam0p030__nu0p50__psi1p00,hardzero_plus_depr,0.02,31,741,0.0,1,0.5025678,0.5025678,1.0745225,0.0,0.08423207,0.0,0.0,4.567216e-12,-28.292803,2.3639967,0.7879989,0.19999999,0.0,0.14880651,22.200094,22.230095,2374400
hardzero_plus_depr__c0p54__z1p05__lam0p030__nu0p50__psi1p00,hardzero_plus_depr,0.02,31,742,0.0,1,0.5025678,0.5025678,1.0541158,0.0,0.088284455,0.0,0.0,4.4322315e-12,-27.399302,2.319101,0.77303374,0.16000001,0.0,0.16067778,22.230095,22.260096,2377600
hardzero_plus_depr__c0p54__z1p05__lam0p030__nu0p50__psi1p00,hardzero_plus_depr,0.02,31,743,0.0,1,0.5025678,0.5025678,1.0052935,0.09878853,0.09878853,1.0,4.2491282e-13,4.3012365e-12,-27.055845,2.2116897,0.73722994,0.096,0.0,0.131934,22.260096,22.290096,2380800
hardzero_plus_depr__c0p54__z1p05__lam0p030__nu0p50__psi1p00,hardzero_plus_depr,0.02,31,744,0.0,1,0.5025678,0.5025678,0.99379766,0.101438396,0.101438396,1.0,4.2341526e-13,4.1741124e-12,-26.826181,2.1863985,0.7287995,0.208,0.0,0.13886607,22.290096,22.320097,2384000
hardzero_plus_depr__c0p54__z1p05__lam0p030__nu0p50__psi1p00,hardzero_plus_depr,0.02,31,745,0.0,1,0.5025678,0.5025678,1.083751,0.0,0.08246108,0.0,0.0,4.0507463e-12,-28.542011,2.3842998,0.7947666,0.15200001,0.0,0.15821543,22.320097,22.350098,2387200
hardzero_plus_depr__c0p54__z1p05__lam0p030__nu0p50__psi1p00,hardzero_plus_depr,0.02,31,746,0.0,1,0.5025678,0.5025678,1.0208418,0.095314324,0.095314324,1.0,3.7468306e-13,3.9310256e-12,-26.942509,2.2458968,0.7486323,0.120000005,0.0,0.18614161,22.350098,22.380098,2390400
hardzero_plus_depr__c0p54__z1p05__lam0p030__nu0p50__psi1p00,hardzero_plus_depr,0.02,31,747,0.0,1,0.5025678,0.5025678,1.0310602,0.093097866,0.093097866,1.0,3.551538e-13,3.814844e-12,-27.47969,2.2683778,0.7561259,0.2,0.0,0.1363248,22.380098,22.410099,2393600
hardzero_plus_depr__c0p54__z1p05__lam0p030__nu0p50__psi1p00,hardzero_plus_depr,0.02,31,748,0.0,1,0.5025678,0.5025678,1.025135,0.09437673,0.09437673,1.0,3.493917e-13,3.702096e-12,-26.807817,2.2553422,0.75178075,0.096,0.0,0.14780381,22.410099,22.4401,2396800
hardzero_plus_depr__c0p54__z1p05__lam0p030__nu0p50__psi1p00,hardzero_plus_depr,0.02,31,749,0.0,1,0.5025678,0.5025678,1.0587479,0.0,0.08734782,0.0,0.0,3.5926798e-12,-27.02767,2.3292918,0.7764306,0.15200001,0.0,0.14415136,22.4401,22.4701,2400000
hardzero_plus_depr__c0p54__z1p05__lam0p030__nu0p50__psi1p00,hardzero_plus_depr,0.02,31,750,0.0,1,0.5025678,0.5025678,0.98024017,0.10465495,0.10465495,1.0,3.6487927e-13,3.4864978e-12,-26.473671,2.1565714,0.71885717,0.23200001,0.0,0.14223447,22.4701,22.500101,2403200
hardzero_plus_depr__c0p54__z1p05__lam0p030__nu0p50__psi1p00,hardzero_plus_depr,0.02,31,751,0.0,1,0.5025678,0.5025678,1.0142381,0.096774705,0.096774705,1.0,3.2743274e-13,3.3834537e-12,-27.04681,2.2313683,0.74378943,0.16000001,0.0,0.13456936,22.500101,22.530102,2406400
hardzero_plus_depr__c0p54__z1p05__lam0p030__nu0p50__psi1p00,hardzero_plus_depr,0.02,31,752,0.0,1,0.5025678,0.5025678,1.0832833,0.0,0.08254992,0.0,0.0,3.2834553e-12,-27.898674,2.383271,0.7944237,0.080000006,0.0,0.17558172,22.530102,22.560102,2409600
hardzero_plus_depr__c0p54__z1p05__lam0p030__nu0p50__psi1p00,hardzero_plus_depr,0.02,31,753,0.0,1,0.5025678,0.5025678,1.0742077,0.0,0.08429317,0.0,0.0,3.1864125e-12,-28.546091,2.3633041,0.78776807,0.16000001,0.0,0.17005277,22.560102,22.590103,2412800
hardzero_plus_depr__c0p54__z1p05__lam0p030__nu0p50__psi1p00,hardzero_plus_depr,0.02,31,754,0.0,1,0.5025678,0.5025678,1.0267078,0.09403558,0.09403558,1.0,2.9078034e-13,3.0922374e-12,-27.454908,2.2588022,0.7529341,0.17999999,0.0,0.14267711,22.590103,22.620104,2416000
hardzero_plus_depr__c0p54__z1p05__lam0p030__nu0p50__psi1p00,hardzero_plus_depr,0.02,31,755,0.0,1,0.5025678,0.5025678,1.0742735,0.0,0.08428039,0.0,0.0,3.0008459e-12,-28.233479,2.3634489,0.7878163,0.14400001,0.0,0.17323063,22.620104,22.650105,2419200
hardzero_plus_depr__c0p54__z1p05__lam0p030__nu0p50__psi1p00,hardzero_plus_depr,0.02,31,756,0.0,1,0.5025678,0.5025678,1.0392315,0.0913626,0.0913626,1.0,2.6606213e-13,2.9121558e-12,-26.875181,2.286355,0.76211834,0.128,0.0,0.15015694,22.650105,22.680105,2422400
hardzero_plus_depr__c0p54__z1p05__lam0p030__nu0p50__psi1p00,hardzero_plus_depr,0.02,31,757,0.0,1,0.5025678,0.5025678,0.991337,0.10201475,0.10201475,1.0,2.8830253e-13,2.8260866e-12,-26.509071,2.180985,0.726995,0.128,0.0,0.12463326,22.680105,22.710106,2425600
hardzero_plus_depr__c0p54__z1p05__lam0p030__nu0p50__psi1p00,hardzero_plus_depr,0.02,31,758,0.0,1,0.5025678,0.5025678,1.0440003,0.090364896,0.090364896,1.0,2.4783124e-13,2.7425612e-12,-26.631012,2.2968464,0.76561546,0.128,0.0,0.11198045,22.710106,22.740107,2428800
hardzero_plus_depr__c0p54__z1p05__lam0p030__nu0p50__psi1p00,hardzero_plus_depr,0.02,31,759,0.0,1,0.5025678,0.5025678,1.0160345,0.09637524,0.09637524,1.0,2.5650312e-13,2.6615043e-12,-27.247892,2.2353206,0.7451069,0.224,0.0,0.12795828,22.740107,22.770107,2432000
hardzero_plus_depr__c0p54__z1p05__lam0p030__nu0p50__psi1p00,hardzero_plus_depr,0.02,31,760,0.0,1,0.5025678,0.5025678,1.0776402,0.0,0.08362955,0.0,0.0,2.582843e-12,-27.718231,2.3708558,0.7902853,0.104,0.0,0.17663477,22.770107,22.800108,2435200
hardzero_plus_depr__c0p54__z1p05__lam0p030__nu0p50__psi1p00,hardzero_plus_depr,0.02,31,761,0.0,1,0.5025678,0.5025678,0.9913615,0.10200898,0.10200898,1.0,2.5568623e-13,2.506507e-12,-27.54249,2.1810389,0.727013,0.120000005,0.0,0.13578075,22.800108,22.830109,2438400
hardzero_plus_depr__c0p54__z1p05__lam0p030__nu0p50__psi1p00,hardzero_plus_depr,0.02,31,762,0.0,1,0.5025678,0.5025678,1.1612949,0.0,0.06897712,0.0,0.0,2.432427e-12,-28.908894,2.5549,0.8516333,0.14400001,0.0,0.1810652,22.830109,22.86011,2441600
hardzero_plus_depr__c0p54__z1p05__lam0p030__nu0p50__psi1p00,hardzero_plus_depr,0.02,31,763,0.0,1,0.5025678,0.5025678,1.0338256,0.09250695,0.09250695,1.0,2.1836597e-13,2.3605358e-12,-27.378775,2.2744617,0.7581539,0.16000001,0.0,0.12687266,22.86011,22.89011,2444800
hardzero_plus_depr__c0p54__z1p05__lam0p030__nu0p50__psi1p00,hardzero_plus_depr,0.02,31,764,0.0,1,0.5025678,0.5025678,1.0780914,0.0,0.08354273,0.0,0.0,2.2907702e-12,-27.862732,2.3718483,0.79061615,0.136,0.0,0.14330661,22.89011,22.92011,2448000
hardzero_plus_depr__c0p54__z1p05__lam0p030__nu0p50__psi1p00,hardzero_plus_depr,0.02,31,765,0.0,1,0.5025678,0.5025678,1.0267825,0.09401939,0.09401939,1.0,2.0901134e-13,2.2230663e-12,-25.978405,2.2589667,0.75298893,0.17600001,0.0,0.12983038,22.92011,22.950111,2451200
hardzero_plus_depr__c0p54__z1p05__lam0p030__nu0p50__psi1p00,hardzero_plus_depr,0.02,31,766,0.0,1,0.5025678,0.5025678,1.0080097,0.09817261,0.09817261,1.0,2.1179396e-13,2.157363e-12,-27.003387,2.2176657,0.73922193,0.120000005,0.0,0.14353155,22.950111,22.980112,2454400
hardzero_plus_depr__c0p54__z1p05__lam0p030__nu0p50__psi1p00,hardzero_plus_depr,0.02,31,767,0.0,1,0.5025678,0.5025678,1.1016632,0.0,0.079129204,0.0,0.0,2.093602e-12,-29.580795,2.4237075,0.8079025,0.14,0.0,0.1214414,22.980112,23.010113,2457600
hardzero_plus_depr__c0p54__z1p05__lam0p030__nu0p50__psi1p00,hardzero_plus_depr,0.02,31,768,0.0,1,0.5025678,0.5025678,1.0635035,0.0,0.086396575,0.0,0.0,2.0317255e-12,-27.822462,2.3397543,0.77991813,0.120000005,0.0,0.1638014,23.010113,23.040113,2460800
hardzero_plus_depr__c0p54__z1p05__lam0p030__nu0p50__psi1p00,hardzero_plus_depr,0.02,31,769,0.0,1,0.5025678,0.5025678,1.0455309,0.090046965,0.090046965,1.0,1.7754357e-13,1.9716774e-12,-28.539907,2.3002138,0.76673794,0.17600001,0.0,0.14157207,23.040113,23.070114,2464000
hardzero_plus_depr__c0p54__z1p05__lam0p030__nu0p50__psi1p00,hardzero_plus_depr,0.02,31,770,0.0,1,0.5025678,0.5025678,1.0234617,0.09474107,0.09474107,1.0,1.8127797e-13,1.9134043e-12,-27.555038,2.2516608,0.7505536,0.14400001,0.0,0.1399905,23.070114,23.100115,2467200
hardzero_plus_depr__c0p54__z1p05__lam0p030__nu0p50__psi1p00,hardzero_plus_depr,0.02,31,771,0.0,1,0.5025678,0.5025678,1.0432819,0.09051447,0.09051447,1.0,1.6807209e-13,1.8568532e-12,-26.508327,2.2952662,0.76508874,0.15200001,0.0,0.12000323,23.100115,23.130116,2470400
hardzero_plus_depr__c0p54__z1p05__lam0p030__nu0p50__psi1p00,hardzero_plus_depr,0.02,31,772,0.0,1,0.5025678,0.5025678,1.0411164,0.09096695,0.09096695,1.0,1.6392005e-13,1.8019738e-12,-28.092047,2.2905016,0.7635006,0.128,0.0,0.17012037,23.130116,23.160116,2473600
hardzero_plus_depr__c0p54__z1p05__lam0p030__nu0p50__psi1p00,hardzero_plus_depr,0.02,31,773,0.0,1,0.5025678,0.5025678,1.0930887,0.0,0.08070701,0.0,0.0,1.7487163e-12,-28.19339,2.4048433,0.80161446,0.16000001,0.0,0.16600373,23.160116,23.190117,2476800
hardzero_plus_depr__c0p54__z1p05__lam0p030__nu0p50__psi1p00,hardzero_plus_depr,0.02,31,774,0.0,1,0.5025678,0.5025678,1.0144465,0.09672827,0.09672827,1.0,1.6415103e-13,1.6970326e-12,-27.416414,2.2318268,0.74394226,0.14400001,0.0,0.1694808,23.190117,23.220118,2480000
hardzero_plus_depr__c0p54__z1p05__lam0p030__nu0p50__psi1p00,hardzero_plus_depr,0.02,31,775,0.0,1,0.5025678,0.5025678,1.0750239,0.0,0.08413489,0.0,0.0,1.6468765e-12,-27.322607,2.3650997,0.78836656,0.112,0.0,0.17117473,23.220118,23.250118,2483200
hardzero_plus_depr__c0p54__z1p05__lam0p030__nu0p50__psi1p00,hardzero_plus_depr,0.02,31,776,0.0,1,0.5025678,0.5025678,1.0038835,0.09910977,0.09910977,1.0,1.5839752e-13,1.5982029e-12,-25.691668,2.208588,0.736196,0.128,0.0,0.13671042,23.250118,23.280119,2486400
hardzero_plus_depr__c0p54__z1p05__lam0p030__nu0p50__psi1p00,hardzero_plus_depr,0.02,31,777,0.0,1,0.5025678,0.5025678,0.9874556,0.10293058,0.10293058,1.0,1.5964203e-13,1.5509679e-12,-26.328878,2.1724458,0.72414863,0.192,0.0,0.14602977,23.280119,23.31012,2489600
hardzero_plus_depr__c0p54__z1p05__lam0p030__nu0p50__psi1p00,hardzero_plus_depr,0.02,31,778,0.0,1,0.5025678,0.5025678,1.0350693,0.092242405,0.092242405,1.0,1.388367e-13,1.5051288e-12,-27.6527,2.277198,0.75906605,0.14400001,0.0,0.14870872,23.31012,23.34012,2492800
hardzero_plus_depr__c0p54__z1p05__lam0p030__nu0p50__psi1p00,hardzero_plus_depr,0.02,31,779,0.0,1,0.5025678,0.5025678,1.0686103,0.0,0.08538658,0.0,0.0,1.4606446e-12,-27.256142,2.3509896,0.7836632,0.18400002,0.0,0.17175323,23.34012,23.370121,2496000
hardzero_plus_depr__c0p54__z1p05__lam0p030__nu0p50__psi1p00,hardzero_plus_depr,0.02,31,780,0.0,1,0.5025678,0.5025678,1.0213066,0.09521236,0.09521236,1.0,1.3496113e-13,1.4174749e-12,-27.550024,2.2469194,0.74897313,0.17999999,0.0,0.13692664,23.370121,23.400122,2499200
hardzero_plus_depr__c0p54__z1p05__lam0p030__nu0p50__psi1p00,hardzero_plus_depr,0.02,31,781,0.0,1,0.5025678,0.5025678,1.0596452,0.0,0.08716753,0.0,0.0,1.3755813e-12,-27.97649,2.331266,0.77708864,0.17600001,0.0,0.14941597,23.400122,23.430122,2502400
hardzero_plus_depr__c0p54__z1p05__lam0p030__nu0p50__psi1p00,hardzero_plus_depr,0.02,31,782,0.0,1,0.5025678,0.5025678,1.035015,0.09225395,0.09225395,1.0,1.231522e-13,1.3349259e-12,-27.654438,2.2770784,0.75902617,0.120000005,0.0,0.14574595,23.430122,23.460123,2505600
hardzero_plus_depr__c0p54__z1p05__lam0p030__nu0p50__psi1p00,hardzero_plus_depr,0.02,31,783,0.0,1,0.5025678,0.5025678,1.036168,0.092009366,0.092009366,1.0,1.1919555e-13,1.2954719e-12,-28.383984,2.2796152,0.7598717,0.17600001,0.0,0.16683795,23.460123,23.490124,2508800
hardzero_plus_depr__c0p54__z1p05__lam0p030__nu0p50__psi1p00,hardzero_plus_depr,0.02,31,784,0.0,1,0.5025678,0.5025678,0.9759047,0.10570493,0.10570493,1.0,1.3289055e-13,1.257184e-12,-26.616974,2.1470332,0.71567774,0.16000001,0.0,0.13619576,23.490124,23.520124,2512000
hardzero_plus_depr__c0p54__z1p05__lam0p030__nu0p50__psi1p00,hardzero_plus_depr,0.02,31,785,0.0,1,0.5025678,0.5025678,1.0288008,0.09358347,0.09358347,1.0,1.1417443e-13,1.2200278e-12,-27.027054,2.263407,0.75446904,0.2,0.0,0.15161143,23.520124,23.550125,2515200
hardzero_plus_depr__c0p54__z1p05__lam0p030__nu0p50__psi1p00,hardzero_plus_depr,0.02,31,786,0.0,1,0.5025678,0.5025678,1.097042,0.0,0.0799757,0.0,0.0,1.1839697e-12,-28.399565,2.4135406,0.8045136,0.16000001,0.0,0.15137143,23.550125,23.580126,2518400
hardzero_plus_depr__c0p54__z1p05__lam0p030__nu0p50__psi1p00,hardzero_plus_depr,0.02,31,787,0.0,1,0.5025678,0.5025678,1.0253569,0.09432854,0.09432854,1.0,1.0838135e-13,1.1489773e-12,-26.666079,2.2558303,0.75194347,0.18400002,0.0,0.1382465,23.580126,23.610126,2521600
hardzero_plus_depr__c0p54__z1p05__lam0p030__nu0p50__psi1p00,hardzero_plus_depr,0.02,31,788,0.0,1,0.5025678,0.5025678,1.0553552,0.0,0.088032864,0.0,0.0,1.1150192e-12,-27.196566,2.321828,0.77394265,0.17600001,0.0,0.15018828,23.610126,23.640127,2524800
hardzero_plus_depr__c0p54__z1p05__lam0p030__nu0p50__psi1p00,hardzero_plus_depr,0.02,31,789,0.0,1,0.5025678,0.5025678,1.0439941,0.090366185,0.090366185,1.0,9.778205e-14,1.0820647e-12,-26.817196,2.2968328,0.76561093,0.15200001,0.0,0.15138322,23.640127,23.670128,2528000
hardzero_plus_depr__c0p54__z1p05__lam0p030__nu0p50__psi1p00,hardzero_plus_depr,0.02,31,790,0.0,1,0.5025678,0.5025678,1.0007931,0.09981754,0.09981754,1.0,1.04816804e-13,1.0500841e-12,-26.914858,2.2017887,0.7339296,0.16800001,0.0,0.14907788,23.670128,23.700129,2531200
hardzero_plus_depr__c0p54__z1p05__lam0p030__nu0p50__psi1p00,hardzero_plus_depr,0.02,31,791,0.0,1,0.5025678,0.5025678,1.0274575,0.0938734,0.0938734,1.0,9.5661556e-14,1.0190487e-12,-27.101109,2.2604516,0.7534839,0.128,0.0,0.15055735,23.700129,23.73013,2534400
hardzero_plus_depr__c0p54__z1p05__lam0p030__nu0p50__psi1p00,hardzero_plus_depr,0.02,31,792,0.0,1,0.5025678,0.5025678,1.027429,0.09387955,0.09387955,1.0,9.2840354e-14,9.889305e-13,-27.53703,2.2603889,0.753463,0.2,0.0,0.15816087,23.73013,23.76013,2537600
hardzero_plus_depr__c0p54__z1p05__lam0p030__nu0p50__psi1p00,hardzero_plus_depr,0.02,31,793,0.0,1,0.5025678,0.5025678,0.9967009,0.10076254,0.10076254,1.0,9.670207e-14,9.597026e-13,-27.982697,2.1927857,0.7309286,0.14,0.0,0.15195723,23.76013,23.79013,2540800
hardzero_plus_depr__c0p54__z1p05__lam0p030__nu0p50__psi1p00,hardzero_plus_depr,0.02,31,794,0.0,1,0.5025678,0.5025678,1.0564754,0.0,0.087806076,0.0,0.0,9.313384e-13,-27.425863,2.3242922,0.77476406,0.14400001,0.0,0.14180608,23.79013,23.820131,2544000
hardzero_plus_depr__c0p54__z1p05__lam0p030__nu0p50__psi1p00,hardzero_plus_depr,0.02,31,795,0.0,1,0.5025678,0.5025678,0.9778921,0.105222315,0.105222315,1.0,9.5101254e-14,9.038126e-13,-26.120893,2.1514056,0.7171352,0.23200001,0.0,0.128761,23.820131,23.850132,2547200
hardzero_plus_depr__c0p54__z1p05__lam0p030__nu0p50__psi1p00,hardzero_plus_depr,0.02,31,796,0.0,1,0.5025678,0.5025678,1.0087276,0.09801047,0.09801047,1.0,8.5965015e-14,8.771003e-13,-27.457788,2.219245,0.73974836,0.120000005,0.0,0.14239779,23.850132,23.880133,2550400
hardzero_plus_depr__c0p54__z1p05__lam0p030__nu0p50__psi1p00,hardzero_plus_depr,0.02,31,797,0.0,1,0.5025678,0.5025678,1.0818709,0.0,0.08281883,0.0,0.0,8.511774e-13,-27.911823,2.3801634,0.79338783,0.14400001,0.0,0.14523284,23.880133,23.910133,2553600
hardzero_plus_depr__c0p54__z1p05__lam0p030__nu0p50__psi1p00,hardzero_plus_depr,0.02,31,798,0.0,1,0.5025678,0.5025678,1.0446409,0.090231694,0.090231694,1.0,7.453326e-14,8.2602084e-13,-27.617737,2.298256,0.7660853,0.16000001,0.0,0.15030217,23.910133,23.940134,2556800
hardzero_plus_depr__c0p54__z1p05__lam0p030__nu0p50__psi1p00,hardzero_plus_depr,0.02,31,799,0.0,1,0.5025678,0.5025678,1.0309681,0.09311762,0.09311762,1.0,7.4643796e-14,8.016077e-13,-27.147997,2.2681751,0.7560584,0.136,0.0,0.12644339,23.940134,23.970135,2560000
hardzero_plus_depr__c0p54__z1p05__lam0p030__nu0p50__psi1p00,hardzero_plus_depr,0.02,31,800,0.0,1,0.5025678,0.5025678,1.0762159,0.0,0.08390429,0.0,0.0,7.7791603e-13,-27.442028,2.3677223,0.7892408,0.120000005,0.0,0.12958226,23.970135,24.000135,2563200
hardzero_plus_depr__c0p54__z1p05__lam0p030__nu0p50__psi1p00,hardzero_plus_depr,0.02,31,801,0.0,1,0.5025678,0.5025678,1.0025558,0.099413216,0.099413216,1.0,7.504949e-14,7.5492466e-13,-27.00711,2.205667,0.73522234,0.208,0.0,0.15814987,24.000135,24.030136,2566400
hardzero_plus_depr__c0p54__z1p05__lam0p030__nu0p50__psi1p00,hardzero_plus_depr,0.02,31,802,0.0,1,0.5025678,0.5025678,1.0269645,0.09397999,0.09397999,1.0,6.885094e-14,7.326127e-13,-27.0889,2.2593672,0.75312245,0.14400001,0.0,0.15130006,24.030136,24.060137,2569600
hardzero_plus_depr__c0p54__z1p05__lam0p030__nu0p50__psi1p00,hardzero_plus_depr,0.02,31,803,0.0,1,0.5025678,0.5025678,1.0097759,0.097774155,0.097774155,1.0,6.951355e-14,7.109603e-13,-26.430428,2.2215512,0.7405171,0.128,0.0,0.13034196,24.060137,24.090137,2572800
hardzero_plus_depr__c0p54__z1p05__lam0p030__nu0p50__psi1p00,hardzero_plus_depr,0.02,31,804,0.0,1,0.5025678,0.5025678,1.052383,0.0,0.088637404,0.0,0.0,6.8994783e-13,-27.364714,2.3152888,0.77176297,0.120000005,0.0,0.13012508,24.090137,24.120138,2576000
hardzero_plus_depr__c0p54__z1p05__lam0p030__nu0p50__psi1p00,hardzero_plus_depr,0.02,31,805,0.0,1,0.5025678,0.5025678,1.0482064,0.08949393,0.08949393,1.0,5.992122e-14,6.6955626e-13,-27.208765,2.3061001,0.76870006,0.136,0.0,0.15763474,24.120138,24.150139,2579200
hardzero_plus_depr__c0p54__z1p05__lam0p030__nu0p50__psi1p00,hardzero_plus_depr,0.02,31,806,0.0,1,0.5025678,0.5025678,0.9753116,0.10584939,0.10584939,1.0,6.877749e-14,6.4976746e-13,-26.469938,2.1457283,0.7152428,0.19999999,0.0,0.14005794,24.150139,24.18014,2582400
hardzero_plus_depr__c0p54__z1p05__lam0p030__nu0p50__psi1p00,hardzero_plus_depr,0.02,31,807,0.0,1,0.5025678,0.5025678,1.0530668,0.0,0.08849793,0.0,0.0,6.305635e-13,-27.338097,2.3167934,0.7722645,0.120000005,0.0,0.18043646,24.18014,24.21014,2585600
hardzero_plus_depr__c0p54__z1p05__lam0p030__nu0p50__psi1p00,hardzero_plus_depr,0.02,31,808,0.0,1,0.5025678,0.5025678,1.0917372,0.0,0.08095857,0.0,0.0,6.1192707e-13,-28.115793,2.4018698,0.8006233,0.104,0.0,0.1812965,24.21014,24.24014,2588800
hardzero_plus_depr__c0p54__z1p05__lam0p030__nu0p50__psi1p00,hardzero_plus_depr,0.02,31,809,0.0,1,0.5025678,0.5025678,1.0210403,0.095270775,0.095270775,1.0,5.657574e-14,5.938415e-13,-27.028543,2.2463336,0.74877787,0.16800001,0.0,0.17385633,24.24014,24.270142,2592000
hardzero_plus_depr__c0p54__z1p05__lam0p030__nu0p50__psi1p00,hardzero_plus_depr,0.02,31,810,0.0,1,0.5025678,0.5025678,1.0819123,0.0,0.08281093,0.0,0.0,5.762904e-13,-28.532606,2.3802545,0.79341817,0.08800001,0.0,0.15877841,24.270142,24.300142,2595200
hardzero_plus_depr__c0p54__z1p05__lam0p030__nu0p50__psi1p00,hardzero_plus_depr,0.02,31,811,0.0,1,0.5025678,0.5025678,1.0708314,0.0,0.084951006,0.0,0.0,5.592581e-13,-26.826855,2.3558762,0.7852921,0.14400001,0.0,0.12821117,24.300142,24.330143,2598400
hardzero_plus_depr__c0p54__z1p05__lam0p030__nu0p50__psi1p00,hardzero_plus_depr,0.02,31,812,0.0,1,0.5025678,0.5025678,1.0421191,0.09075715,0.09075715,1.0,4.9256545e-14,5.427291e-13,-27.890999,2.292708,0.764236,0.14400001,0.0,0.17473496,24.330143,24.360144,2601600
hardzero_plus_depr__c0p54__z1p05__lam0p030__nu0p50__psi1p00,hardzero_plus_depr,0.02,31,813,0.0,1,0.5025678,0.5025678,1.0530994,0.0,0.088491306,0.0,0.0,5.266887e-13,-28.768942,2.316865,0.7722883,0.120000005,0.0,0.14900178,24.360144,24.390144,2604800
hardzero_plus_depr__c0p54__z1p05__lam0p030__nu0p50__psi1p00,hardzero_plus_depr,0.02,31,814,0.0,1,0.5025678,0.5025678,1.0393116,0.09134574,0.09134574,1.0,4.6688856e-14,5.111224e-13,-27.691105,2.2865312,0.7621771,0.16000001,0.0,0.13535582,24.390144,24.420145,2608000
hardzero_plus_depr__c0p54__z1p05__lam0p030__nu0p50__psi1p00,hardzero_plus_depr,0.02,31,815,0.0,1,0.5025678,0.5025678,1.0400175,0.0911974,0.0911974,1.0,4.5235374e-14,4.9601604e-13,-27.031622,2.288084,0.7626947,0.16800001,0.0,0.15312532,24.420145,24.450146,2611200
hardzero_plus_depr__c0p54__z1p05__lam0p030__nu0p50__psi1p00,hardzero_plus_depr,0.02,31,816,0.0,1,0.5025678,0.5025678,1.009647,0.09780319,0.09780319,1.0,4.707818e-14,4.813563e-13,-26.683794,2.2212677,0.7404226,0.18400002,0.0,0.14513591,24.450146,24.480146,2614400
hardzero_plus_depr__c0p54__z1p05__lam0p030__nu0p50__psi1p00,hardzero_plus_depr,0.02,31,817,0.0,1,0.5025678,0.5025678,0.9936439,0.101474315,0.101474315,1.0,4.7401665e-14,4.671297e-13,-26.388193,2.1860602,0.72868675,0.16800001,0.0,0.17008623,24.480146,24.510147,2617600
hardzero_plus_depr__c0p54__z1p05__lam0p030__nu0p50__psi1p00,hardzero_plus_depr,0.02,31,818,0.0,1,0.5025678,0.5025678,1.0389265,0.09142679,0.09142679,1.0,4.1445925e-14,4.5332363e-13,-27.496254,2.2856839,0.76189464,0.14400001,0.0,0.15092547,24.510147,24.540148,2620800
hardzero_plus_depr__c0p54__z1p05__lam0p030__nu0p50__psi1p00,hardzero_plus_depr,0.02,31,819,0.0,1,0.5025678,0.5025678,0.9866171,0.1031295,0.1031295,1.0,4.5369304e-14,4.3992558e-13,-25.76788,2.170601,0.72353363,0.14999999,0.0,0.10899366,24.540148,24.570148,2624000
hardzero_plus_depr__c0p54__z1p05__lam0p030__nu0p50__psi1p00,hardzero_plus_depr,0.02,31,820,0.0,1,0.5025678,0.5025678,1.0257525,0.09424265,0.09424265,1.0,4.0234404e-14,4.2692352e-13,-26.42085,2.2567008,0.7522336,0.14400001,0.0,0.14557987,24.570148,24.60015,2627200
hardzero_plus_depr__c0p54__z1p05__lam0p030__nu0p50__psi1p00,hardzero_plus_depr,0.02,31,821,0.0,1,0.5025678,0.5025678,1.0384858,0.09151962,0.09151962,1.0,3.7917105e-14,4.1430577e-13,-27.920286,2.2847142,0.7615714,0.17600001,0.0,0.1485685,24.60015,24.63015,2630400
hardzero_plus_depr__c0p54__z1p05__lam0p030__nu0p50__psi1p00,hardzero_plus_depr,0.02,31,822,0.0,1,0.5025678,0.5025678,1.0378066,0.09166285,0.09166285,1.0,3.6854044e-14,4.0206087e-13,-27.00468,2.28322,0.76107335,0.15200001,0.0,0.13718084,24.63015,24.66015,2633600
hardzero_plus_depr__c0p54__z1p05__lam0p030__nu0p50__psi1p00,hardzero_plus_depr,0.02,31,823,0.0,1,0.5025678,0.5025678,1.117907,0.0,0.07622421,0.0,0.0,3.901779e-13,-28.29256,2.4594445,0.81981486,0.14400001,0.0,0.16442816,24.66015,24.690151,2636800
hardzero_plus_depr__c0p54__z1p05__lam0p030__nu0p50__psi1p00,hardzero_plus_depr,0.02,31,824,0.0,1,0.5025678,0.5025678,0.9898763,0.102358446,0.102358446,1.0,3.8757632e-14,3.7864617e-13,-26.626627,2.1777713,0.7259238,0.112,0.0,0.13193832,24.690151,24.720152,2640000
hardzero_plus_depr__c0p54__z1p05__lam0p030__nu0p50__psi1p00,hardzero_plus_depr,0.02,31,825,0.0,1,0.5025678,0.5025678,1.0468824,0.08976719,0.08976719,1.0,3.298542e-14,3.6745523e-13,-27.814726,2.3031871,0.76772904,0.16000001,0.0,0.1334656,24.720152,24.750153,2643200
hardzero_plus_depr__c0p54__z1p05__lam0p030__nu0p50__psi1p00,hardzero_plus_depr,0.02,31,826,0.0,1,0.5025678,0.5025678,1.0556674,0.0,0.0879696,0.0,0.0,3.5659507e-13,-28.125257,2.3225145,0.77417153,0.080000006,0.0,0.1684722,24.750153,24.780153,2646400
hardzero_plus_depr__c0p54__z1p05__lam0p030__nu0p50__psi1p00,hardzero_plus_depr,0.02,31,827,0.0,1,0.5025678,0.5025678,1.0286044,0.093625806,0.093625806,1.0,3.2399756e-14,3.460558e-13,-27.585377,2.2629747,0.7543249,0.18400002,0.0,0.13016185,24.780153,24.810154,2649600
hardzero_plus_depr__c0p54__z1p05__lam0p030__nu0p50__psi1p00,hardzero_plus_depr,0.02,31,828,0.0,1,0.5025678,0.5025678,1.0534894,0.0,0.08841187,0.0,0.0,3.358281e-13,-28.318827,2.317723,0.77257437,0.128,0.0,0.14925008,24.810154,24.840155,2652800
hardzero_plus_depr__c0p54__z1p05__lam0p030__nu0p50__psi1p00,hardzero_plus_depr,0.02,31,829,0.0,1,0.5025678,0.5025678,1.0106996,0.097566426,0.097566426,1.0,3.1797156e-14,3.2590263e-13,-27.382414,2.2235837,0.7411946,0.104,0.0,0.12507315,24.840155,24.870155,2656000
hardzero_plus_depr__c0p54__z1p05__lam0p030__nu0p50__psi1p00,hardzero_plus_depr,0.02,31,830,0.0,1,0.5025678,0.5025678,0.99565893,0.101004586,0.101004586,1.0,3.194478e-14,3.1627058e-13,-27.135014,2.1904933,0.73016447,0.15200001,0.0,0.14668226,24.870155,24.900156,2659200
hardzero_plus_depr__c0p54__z1p05__lam0p030__nu0p50__psi1p00,hardzero_plus_depr,0.02,31,831,0.0,1,0.5025678,0.5025678,1.0038707,0.099112704,0.099112704,1.0,3.0419986e-14,3.0692316e-13,-26.750078,2.2085598,0.7361866,0.192,0.0,0.12982717,24.900156,24.930157,2662400
hardzero_plus_depr__c0p54__z1p05__lam0p030__nu0p50__psi1p00,hardzero_plus_depr,0.02,31,832,0.0,1,0.5025678,0.5025678,1.0425639,0.09066425,0.09066425,1.0,2.7004527e-14,2.9785197e-13,-27.761208,2.2936864,0.76456213,0.17,0.0,0.151541,24.930157,24.960157,2665600
hardzero_plus_depr__c0p54__z1p05__lam0p030__nu0p50__psi1p00,hardzero_plus_depr,0.02,31,833,0.0,1,0.5025678,0.5025678,1.0030984,0.09928911,0.09928911,1.0,2.869941e-14,2.8904892e-13,-26.97725,2.2068605,0.7356202,0.192,0.0,0.13854565,24.960157,24.990158,2668800
hardzero_plus_depr__c0p54__z1p05__lam0p030__nu0p50__psi1p00,hardzero_plus_depr,0.02,31,834,0.0,1,0.5025678,0.5025678,1.0774982,0.0,0.08365689,0.0,0.0,2.8050606e-13,-27.597244,2.3705432,0.7901811,0.18400002,0.0,0.14279976,24.990158,25.020159,2672000
hardzero_plus_depr__c0p54__z1p05__lam0p030__nu0p50__psi1p00,hardzero_plus_depr,0.02,31,835,0.0,1,0.5025678,0.5025678,1.0252709,0.09434721,0.09434721,1.0,2.5682788e-14,2.7221565e-13,-27.343811,2.2556412,0.7518804,0.16800001,0.0,0.12887612,25.020159,25.05016,2675200
hardzero_plus_depr__c0p54__z1p05__lam0p030__nu0p50__psi1p00,hardzero_plus_depr,0.02,31,836,0.0,1,0.5025678,0.5025678,1.0429645,0.090580665,0.090580665,1.0,2.3928721e-14,2.641703e-13,-27.192636,2.2945676,0.76485586,0.15200001,0.0,0.15201905,25.05016,25.08016,2678400
hardzero_plus_depr__c0p54__z1p05__lam0p030__nu0p50__psi1p00,hardzero_plus_depr,0.02,31,837,0.0,1,0.5025678,0.5025678,1.0917065,0.0,0.08096428,0.0,0.0,2.563627e-13,-27.548637,2.4018023,0.80060077,0.16000001,0.0,0.18291914,25.08016,25.11016,2681600
hardzero_plus_depr__c0p54__z1p05__lam0p030__nu0p50__psi1p00,hardzero_plus_depr,0.02,31,838,0.0,1,0.5025678,0.5025678,1.0325867,0.092771225,0.092771225,1.0,2.3080169e-14,2.4878586e-13,-26.679693,2.2717361,0.7572454,0.112,0.0,0.13308935,25.11016,25.140162,2684800
hardzero_plus_depr__c0p54__z1p05__lam0p030__nu0p50__psi1p00,hardzero_plus_depr,0.02,31,839,0.0,1,0.5025678,0.5025678,1.0543408,0.0,0.0882387,0.0,0.0,2.4143299e-13,-27.393684,2.319596,0.7731987,0.16800001,0.0,0.17263922,25.140162,25.170162,2688000
hardzero_plus_depr__c0p54__z1p05__lam0p030__nu0p50__psi1p00,hardzero_plus_depr,0.02,31,840,0.0,1,0.5025678,0.5025678,1.0320776,0.09288004,0.09288004,1.0,2.176155e-14,2.342974e-13,-26.23205,2.270616,0.75687206,0.15200001,0.0,0.13392064,25.170162,25.200163,2691200
hardzero_plus_depr__c0p54__z1p05__lam0p030__nu0p50__psi1p00,hardzero_plus_depr,0.02,31,841,0.0,1,0.5025678,0.5025678,1.0738767,0.0,0.084357426,0.0,0.0,2.2737269e-13,-27.07501,2.362576,0.78752536,0.128,0.0,0.16380194,25.200163,25.230164,2694400
hardzero_plus_depr__c0p54__z1p05__lam0p030__nu0p50__psi1p00,hardzero_plus_depr,0.02,31,842,0.0,1,0.5025678,0.5025678,1.0640799,0.0,0.08628198,0.0,0.0,2.2065265e-13,-27.895145,2.3410225,0.78034085,0.112,0.0,0.14671619,25.230164,25.260164,2697600
hardzero_plus_depr__c0p54__z1p05__lam0p030__nu0p50__psi1p00,hardzero_plus_depr,0.02,31,843,0.0,1,0.5025678,0.5025678,1.0656108,0.0,0.08597837,0.0,0.0,2.1413124e-13,-28.225883,2.3443904,0.7814635,0.15200001,0.0,0.15000981,25.260164,25.290165,2700800
hardzero_plus_depr__c0p54__z1p05__lam0p030__nu0p50__psi1p00,hardzero_plus_depr,0.02,31,844,0.0,1,0.5025678,0.5025678,1.0665561,0.0,0.08579142,0.0,0.0,2.0780257e-13,-27.55115,2.3464704,0.7821568,0.16800001,0.0,0.15439092,25.290165,25.320166,2704000
hardzero_plus_depr__c0p54__z1p05__lam0p030__nu0p50__psi1p00,hardzero_plus_depr,0.02,31,845,0.0,1,0.5025678,0.5025678,1.0086187,0.09803503,0.09803503,1.0,1.9769835e-14,2.0166093e-13,-27.871464,2.2190056,0.73966855,0.17,0.0,0.17607358,25.320166,25.350166,2707200
hardzero_plus_depr__c0p54__z1p05__lam0p030__nu0p50__psi1p00,hardzero_plus_depr,0.02,31,846,0.0,1,0.5025678,0.5025678,1.1159503,0.0,0.0765684,0.0,0.0,1.9570082e-13,-28.499651,2.4551399,0.81838,0.136,0.0,0.18903972,25.350166,25.380167,2710400
hardzero_plus_depr__c0p54__z1p05__lam0p030__nu0p50__psi1p00,hardzero_plus_depr,0.02,31,847,0.0,1,0.5025678,0.5025678,1.0597304,0.0,0.08715044,0.0,0.0,1.8991685e-13,-27.698254,2.3314536,0.7771512,0.14400001,0.0,0.14271016,25.380167,25.410168,2713600
hardzero_plus_depr__c0p54__z1p05__lam0p030__nu0p50__psi1p00,hardzero_plus_depr,0.02,31,848,0.0,1,0.5025678,0.5025678,1.0602394,0.0,0.087048344,0.0,0.0,1.8430384e-13,-27.61178,2.3325734,0.7775245,0.104,0.0,0.14989947,25.410168,25.440168,2716800
hardzero_plus_depr__c0p54__z1p05__lam0p030__nu0p50__psi1p00,hardzero_plus_depr,0.02,31,849,0.0,1,0.5025678,0.5025678,1.0445831,0.0902437,0.0902437,1.0,1.614069e-14,1.7885671e-13,-27.270018,2.2981286,0.7660429,0.224,0.0,0.13856171,25.440168,25.47017,2720000
hardzero_plus_depr__c0p54__z1p05__lam0p030__nu0p50__psi1p00,hardzero_plus_depr,0.02,31,850,0.0,1,0.5025678,0.5025678,1.0208229,0.09531848,0.09531848,1.0,1.6544483e-14,1.7357058e-13,-27.087002,2.245855,0.74861836,0.128,0.0,0.14191465,25.47017,25.50017,2723200
hardzero_plus_depr__c0p54__z1p05__lam0p030__nu0p50__psi1p00,hardzero_plus_depr,0.02,31,851,0.0,1,0.5025678,0.5025678,0.98307306,0.10397452,0.10397452,1.0,1.751354e-14,1.6844069e-13,-26.485004,2.162804,0.7209346,0.224,0.0,0.14399107,25.50017,25.53017,2726400
hardzero_plus_depr__c0p54__z1p05__lam0p030__nu0p50__psi1p00,hardzero_plus_depr,0.02,31,852,0.0,1,0.5025678,0.5025678,1.0100847,0.09770464,0.09770464,1.0,1.5971033e-14,1.6346238e-13,-26.821661,2.222231,0.74074364,0.15200001,0.0,0.13964252,25.53017,25.560171,2729600
hardzero_plus_depr__c0p54__z1p05__lam0p030__nu0p50__psi1p00,hardzero_plus_depr,0.02,31,853,0.0,1,0.5025678,0.5025678,1.0540111,0.0,0.088305734,0.0,0.0,1.5863123e-13,-27.616013,2.3188708,0.77295697,0.128,0.0,0.14362065,25.560171,25.590172,2732800
hardzero_plus_depr__c0p54__z1p05__lam0p030__nu0p50__psi1p00,hardzero_plus_depr,0.02,31,854,0.0,1,0.5025678,0.5025678,1.1059006,0.0,0.078360885,0.0,0.0,1.5394286e-13,-28.57554,2.43303,0.81101,0.072000004,0.0,0.16001032,25.590172,25.620173,2736000
hardzero_plus_depr__c0p54__z1p05__lam0p030__nu0p50__psi1p00,hardzero_plus_depr,0.02,31,855,0.0,1,0.5025678,0.5025678,1.1087339,0.0,0.07785133,0.0,0.0,1.4939306e-13,-28.560984,2.4392633,0.8130878,0.128,0.0,0.15908577,25.620173,25.650173,2739200
hardzero_plus_depr__c0p54__z1p05__lam0p030__nu0p50__psi1p00,hardzero_plus_depr,0.02,31,856,0.0,1,0.5025678,0.5025678,1.0273963,0.0938866,0.0938866,1.0,1.3611467e-14,1.4497774e-13,-28.21131,2.260317,0.75343907,0.15200001,0.0,0.16352108,25.650173,25.680174,2742400
hardzero_plus_depr__c0p54__z1p05__lam0p030__nu0p50__psi1p00,hardzero_plus_depr,0.02,31,857,0.0,1,0.5025678,0.5025678,1.0515969,0.0,0.088797994,0.0,0.0,1.4069289e-13,-27.44599,2.3135593,0.7711865,0.128,0.0,0.1461588,25.680174,25.710175,2745600
hardzero_plus_depr__c0p54__z1p05__lam0p030__nu0p50__psi1p00,hardzero_plus_depr,0.02,31,858,0.0,1,0.5025678,0.5025678,1.0642658,0.0,0.086245045,0.0,0.0,1.365347e-13,-27.344368,2.3414316,0.7804772,0.14,0.0,0.16937265,25.710175,25.740175,2748800
hardzero_plus_depr__c0p54__z1p05__lam0p030__nu0p50__psi1p00,hardzero_plus_depr,0.02,31,859,0.0,1,0.5025678,0.5025678,1.0745219,0.0,0.084232196,0.0,0.0,1.3249941e-13,-27.74181,2.3639953,0.78799844,0.120000005,0.0,0.16082197,25.740175,25.770176,2752000
hardzero_plus_depr__c0p54__z1p05__lam0p030__nu0p50__psi1p00,hardzero_plus_depr,0.02,31,860,0.0,1,0.5025678,0.5025678,1.0571092,0.0,0.08767803,0.0,0.0,1.2858336e-13,-27.60612,2.3256867,0.7752289,0.120000005,0.0,0.1690377,25.770176,25.800177,2755200
hardzero_plus_depr__c0p54__z1p05__lam0p030__nu0p50__psi1p00,hardzero_plus_depr,0.02,31,861,0.0,1,0.5025678,0.5025678,1.0708922,0.0,0.084939115,0.0,0.0,1.2478308e-13,-27.475332,2.35601,0.7853367,0.128,0.0,0.16689047,25.800177,25.830177,2758400
hardzero_plus_depr__c0p54__z1p05__lam0p030__nu0p50__psi1p00,hardzero_plus_depr,0.02,31,862,0.0,1,0.5025678,0.5025678,1.04083,0.09102694,0.09102694,1.0,1.1022915e-14,1.2109508e-13,-27.475935,2.2898717,0.7632906,0.18400002,0.0,0.15078959,25.830177,25.860178,2761600
hardzero_plus_depr__c0p54__z1p05__lam0p030__nu0p50__psi1p00,hardzero_plus_depr,0.02,31,863,0.0,1,0.5025678,0.5025678,1.0149384,0.096618794,0.096618794,1.0,1.1354264e-14,1.175161e-13,-26.866432,2.232909,0.744303,0.18400002,0.0,0.15429315,25.860178,25.890179,2764800
hardzero_plus_depr__c0p54__z1p05__lam0p030__nu0p50__psi1p00,hardzero_plus_depr,0.02,31,864,0.0,1,0.5025678,0.5025678,1.0420835,0.09076459,0.09076459,1.0,1.0351058e-14,1.140429e-13,-27.758863,2.2926295,0.76420987,0.15200001,0.0,0.15448686,25.890179,25.92018,2768000
hardzero_plus_depr__c0p54__z1p05__lam0p030__nu0p50__psi1p00,hardzero_plus_depr,0.02,31,865,0.0,1,0.5025678,0.5025678,1.0022528,0.09948261,0.09948261,1.0,1.1009974e-14,1.1067234e-13,-26.180826,2.2050002,0.7350001,0.120000005,0.0,0.14034684,25.92018,25.95018,2771200
hardzero_plus_depr__c0p54__z1p05__lam0p030__nu0p50__psi1p00,hardzero_plus_depr,0.02,31,866,0.0,1,0.5025678,0.5025678,1.0162623,0.096324705,0.096324705,1.0,1.034541e-14,1.0740141e-13,-25.929325,2.2358217,0.74527395,0.112,0.0,0.14124642,25.95018,25.98018,2774400
hardzero_plus_depr__c0p54__z1p05__lam0p030__nu0p50__psi1p00,hardzero_plus_depr,0.02,31,867,0.0,1,0.5025678,0.5025678,1.0617291,0.0,0.08675029,0.0,0.0,1.0422715e-13,-27.963303,2.3358507,0.7786169,0.15200001,0.0,0.18181323,25.98018,26.010181,2777600
hardzero_plus_depr__c0p54__z1p05__lam0p030__nu0p50__psi1p00,hardzero_plus_depr,0.02,31,868,0.0,1,0.5025678,0.5025678,1.0733128,0.0,0.08446702,0.0,0.0,1.01146705e-13,-27.775465,2.3613353,0.78711176,0.14400001,0.0,0.1378547,26.010181,26.040182,2780800
hardzero_plus_depr__c0p54__z1p05__lam0p030__nu0p50__psi1p00,hardzero_plus_depr,0.02,31,869,0.0,1,0.5025678,0.5025678,1.0075157,0.09828434,0.09828434,1.0,9.647325e-15,9.8157295e-14,-26.537302,2.2165787,0.7388596,0.2,0.0,0.11768661,26.040182,26.070183,2784000
hardzero_plus_depr__c0p54__z1p05__lam0p030__nu0p50__psi1p00,hardzero_plus_depr,0.02,31,870,0.0,1,0.5025678,0.5025678,1.0189366,0.095733374,0.095733374,1.0,9.1192024e-15,9.525625e-14,-26.738558,2.2417054,0.7472352,0.15200001,0.0,0.13749665,26.070183,26.100183,2787200
hardzero_plus_depr__c0p54__z1p05__lam0p030__nu0p50__psi1p00,hardzero_plus_depr,0.02,31,871,0.0,1,0.5025678,0.5025678,1.0149332,0.09661995,0.09661995,1.0,8.931638e-15,9.2440934e-14,-27.375458,2.2328978,0.7442993,0.14,0.0,0.12461337,26.100183,26.130184,2790400
hardzero_plus_depr__c0p54__z1p05__lam0p030__nu0p50__psi1p00,hardzero_plus_depr,0.02,31,872,0.0,1,0.5025678,0.5025678,1.0425459,0.09066802,0.09066802,1.0,8.133722e-15,8.9708826e-14,-27.122091,2.2936468,0.76454896,0.16800001,0.0,0.17774098,26.130184,26.160185,2793600
hardzero_plus_depr__c0p54__z1p05__lam0p030__nu0p50__psi1p00,hardzero_plus_depr,0.02,31,873,0.0,1,0.5025678,0.5025678,1.061199,0.0,0.08685623,0.0,0.0,8.705748e-14,-28.019627,2.3346844,0.77822816,0.128,0.0,0.18311585,26.160185,26.190186,2796800
hardzero_plus_depr__c0p54__z1p05__lam0p030__nu0p50__psi1p00,hardzero_plus_depr,0.02,31,874,0.0,1,0.5025678,0.5025678,1.0991389,0.0,0.07959049,0.0,0.0,8.4484476e-14,-27.961752,2.4181538,0.80605125,0.128,0.0,0.13089105,26.190186,26.220186,2800000
hardzero_plus_depr__c0p54__z1p05__lam0p030__nu0p50__psi1p00,hardzero_plus_depr,0.02,31,875,0.0,1,0.5025678,0.5025678,1.0164735,0.09627787,0.09627787,1.0,7.893585e-15,8.198753e-14,-26.561314,2.2362864,0.7454288,0.17600001,0.0,0.15717226,26.220186,26.250187,2803200
hardzero_plus_depr__c0p54__z1p05__lam0p030__nu0p50__psi1p00,hardzero_plus_depr,0.02,31,876,0.0,1,0.5025678,0.5025678,1.1154929,0.0,0.0766491,0.0,0.0,7.956437e-14,-28.543165,2.4541335,0.81804454,0.112,0.0,0.1680355,26.250187,26.280188,2806400
hardzero_plus_depr__c0p54__z1p05__lam0p030__nu0p50__psi1p00,hardzero_plus_depr,0.02,31,877,0.0,1,0.5025678,0.5025678,1.04256,0.09066508,0.09066508,1.0,7.0005088e-15,7.721285e-14,-26.429304,2.2936778,0.76455927,0.17600001,0.0,0.15158544,26.280188,26.310188,2809600
hardzero_plus_depr__c0p54__z1p05__lam0p030__nu0p50__psi1p00,hardzero_plus_depr,0.02,31,878,0.0,1,0.5025678,0.5025678,1.0420198,0.0907779,0.0907779,1.0,6.802061e-15,7.4930805e-14,-27.312847,2.2924895,0.7641632,0.15200001,0.0,0.14689997,26.310188,26.340189,2812800
hardzero_plus_depr__c0p54__z1p05__lam0p030__nu0p50__psi1p00,hardzero_plus_depr,0.02,31,879,0.0,1,0.5025678,0.5025678,1.0562313,0.0,0.08785545,0.0,0.0,7.271621e-14,-26.917677,2.3237553,0.7745851,0.17600001,0.0,0.14404048,26.340189,26.37019,2816000
hardzero_plus_depr__c0p54__z1p05__lam0p030__nu0p50__psi1p00,hardzero_plus_depr,0.02,31,880,0.0,1,0.5025678,0.5025678,1.0804348,0.0,0.08309314,0.0,0.0,7.0567074e-14,-28.49898,2.377004,0.7923347,0.14400001,0.0,0.14796814,26.37019,26.40019,2819200
hardzero_plus_depr__c0p54__z1p05__lam0p030__nu0p50__psi1p00,hardzero_plus_depr,0.02,31,881,0.0,1,0.5025678,0.5025678,1.1259463,0.0,0.074826196,0.0,0.0,6.8481455e-14,-29.364119,2.4771314,0.8257105,0.104,0.0,0.18639547,26.40019,26.430191,2822400
hardzero_plus_depr__c0p54__z1p05__lam0p030__nu0p50__psi1p00,hardzero_plus_depr,0.02,31,882,0.0,1,0.5025678,0.5025678,1.0585309,0.0,0.08739146,0.0,0.0,6.645748e-14,-27.358044,2.3288145,0.7762715,0.104,0.0,0.14197904,26.430191,26.460192,2825600
hardzero_plus_depr__c0p54__z1p05__lam0p030__nu0p50__psi1p00,hardzero_plus_depr,0.02,31,883,0.0,1,0.5025678,0.5025678,1.0322294,0.09284758,0.09284758,1.0,5.9880486e-15,6.449332e-14,-26.986664,2.27095,0.7569834,0.128,0.0,0.1370443,26.460192,26.490192,2828800
hardzero_plus_depr__c0p54__z1p05__lam0p030__nu0p50__psi1p00,hardzero_plus_depr,0.02,31,884,0.0,1,0.5025678,0.5025678,1.0267833,0.094019204,0.094019204,1.0,5.8843997e-15,6.258721e-14,-28.032055,2.2589684,0.7529895,0.19999999,0.0,0.14361615,26.490192,26.520193,2832000
hardzero_plus_depr__c0p54__z1p05__lam0p030__nu0p50__psi1p00,hardzero_plus_depr,0.02,31,885,0.0,1,0.5025678,0.5025678,1.0869193,0.0,0.08186169,0.0,0.0,6.073744e-14,-29.25826,2.3912702,0.79709005,0.18400002,0.0,0.13894911,26.520193,26.550194,2835200
hardzero_plus_depr__c0p54__z1p05__lam0p030__nu0p50__psi1p00,hardzero_plus_depr,0.02,31,886,0.0,1,0.5025678,0.5025678,1.081696,0.0,0.082852185,0.0,0.0,5.894233e-14,-27.691534,2.3797789,0.7932596,0.080000006,0.0,0.14834748,26.550194,26.580194,2838400
hardzero_plus_depr__c0p54__z1p05__lam0p030__nu0p50__psi1p00,hardzero_plus_depr,0.02,31,887,0.0,1,0.5025678,0.5025678,1.0522999,0.0,0.088654354,0.0,0.0,5.7200284e-14,-27.628077,2.315106,0.771702,0.128,0.0,0.13651314,26.580194,26.610195,2841600
hardzero_plus_depr__c0p54__z1p05__lam0p030__nu0p50__psi1p00,hardzero_plus_depr,0.02,31,888,0.0,1,0.5025678,0.5025678,1.0394003,0.0913271,0.0913271,1.0,5.069542e-15,5.5509725e-14,-28.25905,2.2867265,0.7622422,0.17600001,0.0,0.19035469,26.610195,26.640196,2844800
hardzero_plus_depr__c0p54__z1p05__lam0p030__nu0p50__psi1p00,hardzero_plus_depr,0.02,31,889,0.0,1,0.5025678,0.5025678,0.9419443,0.114302486,0.114302486,1.0,6.157375e-15,5.3869127e-14,-25.894009,2.0723188,0.69077295,0.2,0.008,0.14428394,26.640196,26.670197,2848000
hardzero_plus_depr__c0p54__z1p05__lam0p030__nu0p50__psi1p00,hardzero_plus_depr,0.02,31,890,0.0,1,0.5025678,0.5025678,1.0070195,0.098396674,0.098396674,1.0,5.1438846e-15,5.2277017e-14,-27.147036,2.2154872,0.73849577,0.136,0.0,0.15551578,26.670197,26.700197,2851200
hardzero_plus_depr__c0p54__z1p05__lam0p030__nu0p50__psi1p00,hardzero_plus_depr,0.02,31,891,0.0,1,0.5025678,0.5025678,1.0383887,0.09154008,0.09154008,1.0,4.644008e-15,5.073196e-14,-27.410084,2.2845008,0.7615003,0.2,0.0,0.16592906,26.700197,26.730198,2854400
hardzero_plus_depr__c0p54__z1p05__lam0p030__nu0p50__psi1p00,hardzero_plus_depr,0.02,31,892,0.0,1,0.5025678,0.5025678,1.0162755,0.09632177,0.09632177,1.0,4.7421686e-15,4.9232574e-14,-27.351362,2.2358508,0.7452836,0.17600001,0.0,0.13600937,26.730198,26.760199,2857600
hardzero_plus_depr__c0p54__z1p05__lam0p030__nu0p50__psi1p00,hardzero_plus_depr,0.02,31,893,0.0,1,0.5025678,0.5025678,1.0600084,0.0,0.08709466,0.0,0.0,4.77775e-14,-27.9392,2.332065,0.7773551,0.17600001,0.0,0.13649969,26.760199,26.7902,2860800
hardzero_plus_depr__c0p54__z1p05__lam0p030__nu0p50__psi1p00,hardzero_plus_depr,0.02,31,894,0.0,1,0.5025678,0.5025678,1.0170329,0.09615395,0.09615395,1.0,4.458219e-15,4.6365428e-14,-26.862541,2.2375169,0.745839,0.14400001,0.0,0.13360289,26.7902,26.8202,2864000
hardzero_plus_depr__c0p54__z1p05__lam0p030__nu0p50__psi1p00,hardzero_plus_depr,0.02,31,895,0.0,1,0.5025678,0.5025678,1.0419258,0.09079757,0.09079757,1.0,4.0854453e-15,4.499509e-14,-27.784399,2.2922826,0.76409423,0.096,0.0,0.14443779,26.8202,26.8502,2867200
hardzero_plus_depr__c0p54__z1p05__lam0p030__nu0p50__psi1p00,hardzero_plus_depr,0.02,31,896,0.0,1,0.5025678,0.5025678,0.995542,0.101031765,0.101031765,1.0,4.4115776e-15,4.3665253e-14,-26.713459,2.190236,0.7300787,0.136,0.0,0.1330757,26.8502,26.880201,2870400
hardzero_plus_depr__c0p54__z1p05__lam0p030__nu0p50__psi1p00,hardzero_plus_depr,0.02,31,897,0.0,1,0.5025678,0.5025678,1.0333725,0.09260352,0.09260352,1.0,3.9240487e-15,4.2374724e-14,-28.009575,2.273465,0.7578217,0.089999996,0.0,0.15722622,26.880201,26.910202,2873600
hardzero_plus_depr__c0p54__z1p05__lam0p030__nu0p50__psi1p00,hardzero_plus_depr,0.02,31,898,0.0,1,0.5025678,0.5025678,1.0472587,0.08968942,0.08968942,1.0,3.688238e-15,4.112233e-14,-27.484869,2.3040152,0.7680051,0.216,0.0,0.14889853,26.910202,26.940203,2876800
hardzero_plus_depr__c0p54__z1p05__lam0p030__nu0p50__psi1p00,hardzero_plus_depr,0.02,31,899,0.0,1,0.5025678,0.5025678,1.0974284,0.0,0.07990455,0.0,0.0,3.9906958e-14,-29.521648,2.4143908,0.80479693,0.136,0.0,0.17098235,26.940203,26.970203,2880000
hardzero_plus_depr__c0p54__z1p05__lam0p030__nu0p50__psi1p00,hardzero_plus_depr,0.02,31,900,0.0,1,0.5025678,0.5025678,1.0770992,0.0,0.083733805,0.0,0.0,3.8727502e-14,-27.094015,2.3696656,0.78988856,0.14400001,0.0,0.15753624,26.970203,27.000204,2883200
hardzero_plus_depr__c0p54__z1p05__lam0p030__nu0p50__psi1p00,hardzero_plus_depr,0.02,31,901,0.0,1,0.5025678,0.5025678,0.9982118,0.10041259,0.10041259,1.0,3.773797e-15,3.7582906e-14,-26.732794,2.1961098,0.7320366,0.16800001,0.008,0.15757103,27.000204,27.030205,2886400
hardzero_plus_depr__c0p54__z1p05__lam0p030__nu0p50__psi1p00,hardzero_plus_depr,0.02,31,902,0.0,1,0.5025678,0.5025678,1.0456795,0.09001618,0.09001618,1.0,3.2830828e-15,3.647214e-14,-27.054707,2.3005407,0.7668469,0.15200001,0.0,0.14014052,27.030205,27.060205,2889600
hardzero_plus_depr__c0p54__z1p05__lam0p030__nu0p50__psi1p00,hardzero_plus_depr,0.02,31,903,0.0,1,0.5025678,0.5025678,1.0587795,0.0,0.08734147,0.0,0.0,3.5394197e-14,-27.4099,2.3293614,0.77645385,0.15200001,0.0,0.13649163,27.060205,27.090206,2892800
hardzero_plus_depr__c0p54__z1p05__lam0p030__nu0p50__psi1p00,hardzero_plus_depr,0.02,31,904,0.0,1,0.5025678,0.5025678,1.027792,0.09380111,0.09380111,1.0,3.2218916e-15,3.4348118e-14,-27.175968,2.2611876,0.7537292,0.14400001,0.0,0.14102486,27.090206,27.120207,2896000
hardzero_plus_depr__c0p54__z1p05__lam0p030__nu0p50__psi1p00,hardzero_plus_depr,0.02,31,905,0.0,1,0.5025678,0.5025678,1.0586619,0.0,0.087365106,0.0,0.0,3.3332952e-14,-27.584108,2.3291028,0.7763676,0.128,0.0,0.14445576,27.120207,27.150208,2899200
hardzero_plus_depr__c0p54__z1p05__lam0p030__nu0p50__psi1p00,hardzero_plus_depr,0.02,31,906,0.0,1,0.5025678,0.5025678,1.0411564,0.090958565,0.090958565,1.0,2.9423087e-15,3.2347792e-14,-26.676086,2.2905898,0.76352996,0.192,0.0,0.14699012,27.150208,27.180208,2902400
hardzero_plus_depr__c0p54__z1p05__lam0p030__nu0p50__psi1p00,hardzero_plus_depr,0.02,31,907,0.0,1,0.5025678,0.5025678,1.0235487,0.0947221,0.0947221,1.0,2.9734926e-15,3.1391753e-14,-27.007914,2.2518523,0.75061744,0.14400001,0.0,0.13267004,27.180208,27.210209,2905600
hardzero_plus_depr__c0p54__z1p05__lam0p030__nu0p50__psi1p00,hardzero_plus_depr,0.02,31,908,0.0,1,0.5025678,0.5025678,1.0860827,0.0,0.08201954,0.0,0.0,3.0463967e-14,-28.222101,2.3894296,0.79647654,0.128,0.0,0.16098326,27.210209,27.24021,2908800
hardzero_plus_depr__c0p54__z1p05__lam0p030__nu0p50__psi1p00,hardzero_plus_depr,0.02,31,909,0.0,1,0.5025678,0.5025678,1.0270879,0.09395331,0.09395331,1.0,2.7775979e-15,2.9563598e-14,-26.486052,2.2596385,0.75321287,0.16000001,0.0,0.14176969,27.24021,27.27021,2912000
hardzero_plus_depr__c0p54__z1p05__lam0p030__nu0p50__psi1p00,hardzero_plus_depr,0.02,31,910,0.0,1,0.5025678,0.5025678,1.0129296,0.097066745,0.097066745,1.0,2.7848296e-15,2.8689843e-14,-26.521816,2.2284896,0.7428299,0.14999999,0.0,0.1334648,27.27021,27.30021,2915200
hardzero_plus_depr__c0p54__z1p05__lam0p030__nu0p50__psi1p00,hardzero_plus_depr,0.02,31,911,0.0,1,0.5025678,0.5025678,1.0230156,0.094838426,0.094838426,1.0,2.6404827e-15,2.7841909e-14,-27.330118,2.2506793,0.75022644,0.14400001,0.0,0.1548975,27.30021,27.330212,2918400
hardzero_plus_depr__c0p54__z1p05__lam0p030__nu0p50__psi1p00,hardzero_plus_depr,0.02,31,912,0.0,1,0.5025678,0.5025678,1.0325179,0.09278591,0.09278591,1.0,2.506986e-15,2.7019038e-14,-27.114553,2.2715847,0.75719494,0.14400001,0.0,0.11904246,27.330212,27.360212,2921600
hardzero_plus_depr__c0p54__z1p05__lam0p030__nu0p50__psi1p00,hardzero_plus_depr,0.02,31,913,0.0,1,0.5025678,0.5025678,1.0192823,0.09565719,0.09565719,1.0,2.5081783e-15,2.6220488e-14,-27.112814,2.242466,0.7474887,0.208,0.0,0.13924007,27.360212,27.390213,2924800
hardzero_plus_depr__c0p54__z1p05__lam0p030__nu0p50__psi1p00,hardzero_plus_depr,0.02,31,914,0.0,1,0.5025678,0.5025678,1.0879099,0.0,0.08167518,0.0,0.0,2.5445536e-14,-28.423088,2.3934498,0.79781663,0.112,0.0,0.15959091,27.390213,27.420214,2928000
hardzero_plus_depr__c0p54__z1p05__lam0p030__nu0p50__psi1p00,hardzero_plus_depr,0.02,31,915,0.0,1,0.5025678,0.5025678,1.030349,0.09325045,0.09325045,1.0,2.3026792e-15,2.469349e-14,-26.61024,2.266813,0.7556044,0.120000005,0.0,0.12658171,27.420214,27.450214,2931200
hardzero_plus_depr__c0p54__z1p05__lam0p030__nu0p50__psi1p00,hardzero_plus_depr,0.02,31,916,0.0,1,0.5025678,0.5025678,1.0225185,0.09494705,0.09494705,1.0,2.2752798e-15,2.3963672e-14,-27.088327,2.2495856,0.7498619,0.17600001,0.0,0.15744255,27.450214,27.480215,2934400
hardzero_plus_depr__c0p54__z1p05__lam0p030__nu0p50__psi1p00,hardzero_plus_depr,0.02,31,917,0.0,1,0.5025678,0.5025678,0.9854895,0.103397615,0.103397615,1.0,2.4045552e-15,2.3255423e-14,-26.460562,2.1681201,0.72270674,0.23200001,0.0,0.1401996,27.480215,27.510216,2937600
hardzero_plus_depr__c0p54__z1p05__lam0p030__nu0p50__psi1p00,hardzero_plus_depr,0.02,31,918,0.0,1,0.5025678,0.5025678,0.9641148,0.10861384,0.10861384,1.0,2.4512083e-15,2.2568104e-14,-26.100946,2.121095,0.70703167,0.2,0.0,0.11430578,27.510216,27.540216,2940800
hardzero_plus_depr__c0p54__z1p05__lam0p030__nu0p50__psi1p00,hardzero_plus_depr,0.02,31,919,0.0,1,0.5025678,0.5025678,1.0532826,0.0,0.08845397,0.0,0.0,2.19011e-14,-27.119688,2.3172681,0.77242273,0.136,0.0,0.1384832,27.540216,27.570217,2944000
hardzero_plus_depr__c0p54__z1p05__lam0p030__nu0p50__psi1p00,hardzero_plus_depr,0.02,31,920,0.0,1,0.5025678,0.5025678,1.0131124,0.09702588,0.09702588,1.0,2.0621697e-15,2.1253812e-14,-27.271475,2.2288918,0.74296397,0.18400002,0.0,0.14964995,27.570217,27.600218,2947200
hardzero_plus_depr__c0p54__z1p05__lam0p030__nu0p50__psi1p00,hardzero_plus_depr,0.02,31,921,0.0,1,0.5025678,0.5025678,1.0707535,0.0,0.08496626,0.0,0.0,2.0625652e-14,-27.607372,2.3557045,0.78523487,0.128,0.0,0.16625595,27.600218,27.630219,2950400
hardzero_plus_depr__c0p54__z1p05__lam0p030__nu0p50__psi1p00,hardzero_plus_depr,0.02,31,922,0.0,1,0.5025678,0.5025678,1.0384521,0.0915267,0.0915267,1.0,1.832004e-15,2.001606e-14,-27.047827,2.2846403,0.7615468,0.15200001,0.0,0.14168717,27.630219,27.66022,2953600
hardzero_plus_depr__c0p54__z1p05__lam0p030__nu0p50__psi1p00,hardzero_plus_depr,0.02,31,923,0.0,1,0.5025678,0.5025678,1.0309546,0.093120515,0.093120515,1.0,1.8088175e-15,1.942448e-14,-26.629978,2.2681453,0.75604844,0.14,0.0,0.13434547,27.66022,27.69022,2956800
hardzero_plus_depr__c0p54__z1p05__lam0p030__nu0p50__psi1p00,hardzero_plus_depr,0.02,31,924,0.0,1,0.5025678,0.5025678,1.0518844,0.0,0.08873922,0.0,0.0,1.8850388e-14,-27.14489,2.3141918,0.7713973,0.112,0.0,0.16819204,27.69022,27.72022,2960000
hardzero_plus_depr__c0p54__z1p05__lam0p030__nu0p50__psi1p00,hardzero_plus_depr,0.02,31,925,0.0,1,0.5025678,0.5025678,1.0436431,0.09043923,0.09043923,1.0,1.6544287e-15,1.8293264e-14,-27.390884,2.2960608,0.7653536,0.15200001,0.0,0.13219891,27.72022,27.750221,2963200
hardzero_plus_depr__c0p54__z1p05__lam0p030__nu0p50__psi1p00,hardzero_plus_depr,0.02,31,926,0.0,1,0.5025678,0.5025678,1.0471605,0.089709714,0.089709714,1.0,1.5925808e-15,1.7752601e-14,-26.982555,2.3037992,0.7679331,0.128,0.0,0.12679876,27.750221,27.780222,2966400
hardzero_plus_depr__c0p54__z1p05__lam0p030__nu0p50__psi1p00,hardzero_plus_depr,0.02,31,927,0.0,1,0.5025678,0.5025678,1.0455432,0.09004443,0.09004443,1.0,1.5512784e-15,1.7227922e-14,-26.536774,2.300241,0.766747,0.16800001,0.0,0.14117196,27.780222,27.810223,2969600
hardzero_plus_depr__c0p54__z1p05__lam0p030__nu0p50__psi1p00,hardzero_plus_depr,0.02,31,928,0.0,1,0.5025678,0.5025678,1.0761539,0.0,0.08391627,0.0,0.0,1.6718748e-14,-27.53804,2.367586,0.7891953,0.096,0.0,0.15578835,27.810223,27.840223,2972800
hardzero_plus_depr__c0p54__z1p05__lam0p030__nu0p50__psi1p00,hardzero_plus_depr,0.02,31,929,0.0,1,0.5025678,0.5025678,1.0318958,0.09291893,0.09291893,1.0,1.5075747e-15,1.6224623e-14,-27.506924,2.270216,0.75673866,0.192,0.008,0.15894,27.840223,27.870224,2976000
hardzero_plus_depr__c0p54__z1p05__lam0p030__nu0p50__psi1p00,hardzero_plus_depr,0.02,31,930,0.0,1,0.5025678,0.5025678,1.0279454,0.093768,0.093768,1.0,1.4763869e-15,1.5745104e-14,-28.19915,2.261525,0.75384164,0.15200001,0.0,0.15973109,27.870224,27.900225,2979200
hardzero_plus_depr__c0p54__z1p05__lam0p030__nu0p50__psi1p00,hardzero_plus_depr,0.02,31,931,0.0,1,0.5025678,0.5025678,1.0401021,0.09117964,0.09117964,1.0,1.3932023e-15,1.5279753e-14,-26.68481,2.2882705,0.7627568,0.128,0.0,0.1558491,27.900225,27.930225,2982400
hardzero_plus_depr__c0p54__z1p05__lam0p030__nu0p50__psi1p00,hardzero_plus_depr,0.02,31,932,0.0,1,0.5025678,0.5025678,1.0488291,0.0893657,0.0893657,1.0,1.3251287e-15,1.4828159e-14,-27.308863,2.30747,0.7691567,0.18400002,0.0,0.16022341,27.930225,27.960226,2985600
hardzero_plus_depr__c0p54__z1p05__lam0p030__nu0p50__psi1p00,hardzero_plus_depr,0.02,31,933,0.0,1,0.5025678,0.5025678,1.0167298,0.09622107,0.09622107,1.0,1.3846126e-15,1.438991e-14,-26.518888,2.2368503,0.7456168,0.128,0.0,0.1324353,27.960226,27.990227,2988800
hardzero_plus_depr__c0p54__z1p05__lam0p030__nu0p50__psi1p00,hardzero_plus_depr,0.02,31,934,0.0,1,0.5025678,0.5025678,1.0787133,0.0,0.08342316,0.0,0.0,1.3964615e-14,-28.374132,2.3732166,0.79107225,0.16000001,0.0,0.17762764,27.990227,28.020227,2992000
hardzero_plus_depr__c0p54__z1p05__lam0p030__nu0p50__psi1p00,hardzero_plus_depr,0.02,31,935,0.0,1,0.5025678,0.5025678,0.9695771,0.10725633,0.10725633,1.0,1.4535259e-15,1.3551889e-14,-25.98831,2.1331122,0.7110374,0.2,0.0,0.12811072,28.020227,28.050228,2995200
hardzero_plus_depr__c0p54__z1p05__lam0p030__nu0p50__psi1p00,hardzero_plus_depr,0.02,31,936,0.0,1,0.5025678,0.5025678,1.1189293,0.0,0.076045014,0.0,0.0,1.3151361e-14,-27.428232,2.4616935,0.8205645,0.13,0.0,0.14727391,28.050228,28.080229,2998400
hardzero_plus_depr__c0p54__z1p05__lam0p030__nu0p50__psi1p00,hardzero_plus_depr,0.02,31,937,0.0,1,0.5025678,0.5025678,1.0319952,0.09289767,0.09289767,1.0,1.1856224e-15,1.27626715e-14,-27.897387,2.2704346,0.75681156,0.128,0.0,0.17157878,28.080229,28.11023,3001600
hardzero_plus_depr__c0p54__z1p05__lam0p030__nu0p50__psi1p00,hardzero_plus_depr,0.02,31,938,0.0,1,0.5025678,0.5025678,0.9998542,0.100033574,0.100033574,1.0,1.2389626e-15,1.2385468e-14,-26.496044,2.1997232,0.7332411,0.18400002,0.0,0.11964826,28.11023,28.14023,3004800
hardzero_plus_depr__c0p54__z1p05__lam0p030__nu0p50__psi1p00,hardzero_plus_depr,0.02,31,939,0.0,1,0.5025678,0.5025678,1.0156213,0.09646697,0.09646697,1.0,1.1594765e-15,1.20194145e-14,-27.223978,2.2344115,0.74480385,0.15200001,0.0,0.14060016,28.14023,28.17023,3008000
hardzero_plus_depr__c0p54__z1p05__lam0p030__nu0p50__psi1p00,hardzero_plus_depr,0.02,31,940,0.0,1,0.5025678,0.5025678,1.0593041,0.0,0.087236024,0.0,0.0,1.166418e-14,-27.95717,2.3305156,0.77683854,0.15200001,0.0,0.14860502,28.17023,28.200232,3011200
hardzero_plus_depr__c0p54__z1p05__lam0p030__nu0p50__psi1p00,hardzero_plus_depr,0.02,31,941,0.0,1,0.5025678,0.5025678,1.0335982,0.0925554,0.0925554,1.0,1.0476756e-15,1.13194425e-14,-27.127869,2.2739613,0.75798714,0.2,0.0,0.12966584,28.200232,28.230232,3014400
hardzero_plus_depr__c0p54__z1p05__lam0p030__nu0p50__psi1p00,hardzero_plus_depr,0.02,31,942,0.0,1,0.5025678,0.5025678,1.0647564,0.0,0.08614767,0.0,0.0,1.0984894e-14,-27.355146,2.342511,0.780837,0.096,0.0,0.14016576,28.230232,28.260233,3017600
hardzero_plus_depr__c0p54__z1p05__lam0p030__nu0p50__psi1p00,hardzero_plus_depr,0.02,31,943,0.0,1,0.5025678,0.5025678,1.0574154,0.0,0.087616235,0.0,0.0,1.0660234e-14,-27.760876,2.3263602,0.77545345,0.2,0.0,0.18437749,28.260233,28.290234,3020800
hardzero_plus_depr__c0p54__z1p05__lam0p030__nu0p50__psi1p00,hardzero_plus_depr,0.02,31,944,0.0,1,0.5025678,0.5025678,1.051508,0.0,0.08881618,0.0,0.0,1.0345171e-14,-27.29044,2.3133638,0.77112126,0.120000005,0.0,0.13592868,28.290234,28.320234,3024000
hardzero_plus_depr__c0p54__z1p05__lam0p030__nu0p50__psi1p00,hardzero_plus_depr,0.02,31,945,0.0,1,0.5025678,0.5025678,1.0116551,0.097352,0.097352,1.0,9.773573e-16,1.0039417e-14,-26.990921,2.2256856,0.7418952,0.208,0.0,0.13009574,28.320234,28.350235,3027200
hardzero_plus_depr__c0p54__z1p05__lam0p030__nu0p50__psi1p00,hardzero_plus_depr,0.02,31,946,0.0,1,0.5025678,0.5025678,0.99859315,0.10032446,0.10032446,1.0,9.774312e-16,9.742701e-15,-26.09848,2.1969488,0.73231626,0.18400002,0.0,0.12762642,28.350235,28.380236,3030400
hardzero_plus_depr__c0p54__z1p05__lam0p030__nu0p50__psi1p00,hardzero_plus_depr,0.02,31,947,0.0,1,0.5025678,0.5025678,1.0436625,0.090435185,0.090435185,1.0,8.550425e-16,9.4547546e-15,-27.438135,2.2961035,0.76536787,0.15200001,0.0,0.14337134,28.380236,28.410236,3033600
hardzero_plus_depr__c0p54__z1p05__lam0p030__nu0p50__psi1p00,hardzero_plus_depr,0.02,31,948,0.0,1,0.5025678,0.5025678,1.0218021,0.09510381,0.09510381,1.0,8.726076e-16,9.1753175e-15,-25.901337,2.2480094,0.7493365,0.128,0.0,0.13287616,28.410236,28.440237,3036800
hardzero_plus_depr__c0p54__z1p05__lam0p030__nu0p50__psi1p00,hardzero_plus_depr,0.02,31,949,0.0,1,0.5025678,0.5025678,0.9777738,0.10525099,0.10525099,1.0,9.371695e-16,8.90414e-15,-26.937138,2.1511452,0.7170484,0.14,0.0,0.15112332,28.440237,28.470238,3040000
hardzero_plus_depr__c0p54__z1p05__lam0p030__nu0p50__psi1p00,hardzero_plus_depr,0.02,31,950,0.0,1,0.5025678,0.5025678,0.9963803,0.10083694,0.10083694,1.0,8.7132966e-16,8.640977e-15,-26.24758,2.1920805,0.7306935,0.17600001,0.0,0.12565185,28.470238,28.500238,3043200
hardzero_plus_depr__c0p54__z1p05__lam0p030__nu0p50__psi1p00,hardzero_plus_depr,0.02,31,951,0.0,1,0.5025678,0.5025678,0.98126704,0.1044078,0.1044078,1.0,8.7552115e-16,8.3855914e-15,-27.154032,2.1588306,0.7196102,0.14400001,0.0,0.12910815,28.500238,28.53024,3046400
hardzero_plus_depr__c0p54__z1p05__lam0p030__nu0p50__psi1p00,hardzero_plus_depr,0.02,31,952,0.0,1,0.5025678,0.5025678,0.9738671,0.10620205,0.10620205,1.0,8.6424624e-16,8.137755e-15,-25.792313,2.1425505,0.7141835,0.14400001,0.0,0.14454022,28.53024,28.56024,3049600
hardzero_plus_depr__c0p54__z1p05__lam0p030__nu0p50__psi1p00,hardzero_plus_depr,0.02,31,953,0.0,1,0.5025678,0.5025678,1.0046048,0.098945305,0.098945305,1.0,7.8139504e-16,7.897242e-15,-26.97129,2.2101748,0.736725,0.16800001,0.0,0.14480627,28.56024,28.59024,3052800
hardzero_plus_depr__c0p54__z1p05__lam0p030__nu0p50__psi1p00,hardzero_plus_depr,0.02,31,954,0.0,1,0.5025678,0.5025678,1.0081859,0.09813278,0.09813278,1.0,7.520737e-16,7.663838e-15,-26.593851,2.218053,0.73935103,0.16800001,0.0,0.1231232,28.59024,28.620241,3056000
hardzero_plus_depr__c0p54__z1p05__lam0p030__nu0p50__psi1p00,hardzero_plus_depr,0.02,31,955,0.0,1,0.5025678,0.5025678,1.043965,0.09037224,0.09037224,1.0,6.7212837e-16,7.437332e-15,-27.05891,2.296769,0.76558965,0.120000005,0.0,0.1320624,28.620241,28.650242,3059200
hardzero_plus_depr__c0p54__z1p05__lam0p030__nu0p50__psi1p00,hardzero_plus_depr,0.02,31,956,0.0,1,0.5025678,0.5025678,0.9882363,0.10274572,0.10274572,1.0,7.415693e-16,7.21752e-15,-26.934004,2.1741633,0.72472113,0.18400002,0.0,0.13627051,28.650242,28.680243,3062400
hardzero_plus_depr__c0p54__z1p05__lam0p030__nu0p50__psi1p00,hardzero_plus_depr,0.02,31,957,0.0,1,0.5025678,0.5025678,1.0363214,0.09197686,0.09197686,1.0,6.442249e-16,7.004206e-15,-26.713282,2.2799525,0.7599842,0.16000001,0.008,0.1363405,28.680243,28.710243,3065600
hardzero_plus_depr__c0p54__z1p05__lam0p030__nu0p50__psi1p00,hardzero_plus_depr,0.02,31,958,0.0,1,0.5025678,0.5025678,1.0850037,0.0,0.08222356,0.0,0.0,6.7971963e-15,-28.958658,2.3870559,0.7956853,0.14400001,0.0,0.17358169,28.710243,28.740244,3068800
hardzero_plus_depr__c0p54__z1p05__lam0p030__nu0p50__psi1p00,hardzero_plus_depr,0.02,31,959,0.0,1,0.5025678,0.5025678,1.0287453,0.09359543,0.09359543,1.0,6.173839e-16,6.596304e-15,-27.372133,2.263285,0.7544283,0.16000001,0.0,0.13248043,28.740244,28.770245,3072000
hardzero_plus_depr__c0p54__z1p05__lam0p030__nu0p50__psi1p00,hardzero_plus_depr,0.02,31,960,0.0,1,0.5025678,0.5025678,1.0649047,0.0,0.086118266,0.0,0.0,6.401349e-15,-27.59308,2.342837,0.7809457,0.120000005,0.0,0.14582159,28.770245,28.800245,3075200
hardzero_plus_depr__c0p54__z1p05__lam0p030__nu0p50__psi1p00,hardzero_plus_depr,0.02,31,961,0.0,1,0.5025678,0.5025678,1.0388423,0.091444515,0.091444515,1.0,5.680676e-16,6.212156e-15,-27.60634,2.2854986,0.7618329,0.216,0.0,0.13476142,28.800245,28.830246,3078400
hardzero_plus_depr__c0p54__z1p05__lam0p030__nu0p50__psi1p00,hardzero_plus_depr,0.02,31,962,0.0,1,0.5025678,0.5025678,1.0542525,0.0,0.08825665,0.0,0.0,6.0285554e-15,-27.317114,2.3194017,0.77313393,0.16,0.0,0.15152697,28.830246,28.860247,3081600
hardzero_plus_depr__c0p54__z1p05__lam0p030__nu0p50__psi1p00,hardzero_plus_depr,0.02,31,963,0.0,1,0.5025678,0.5025678,1.0592238,0.0,0.08725216,0.0,0.0,5.8503803e-15,-27.888813,2.3303387,0.7767796,0.136,0.0,0.18361,28.860247,28.890247,3084800
hardzero_plus_depr__c0p54__z1p05__lam0p030__nu0p50__psi1p00,hardzero_plus_depr,0.02,31,964,0.0,1,0.5025678,0.5025678,1.0153936,0.096517555,0.096517555,1.0,5.479757e-16,5.6774717e-15,-26.328775,2.2339106,0.7446369,0.120000005,0.0,0.12241333,28.890247,28.920248,3088000
hardzero_plus_depr__c0p54__z1p05__lam0p030__nu0p50__psi1p00,hardzero_plus_depr,0.02,31,965,0.0,1,0.5025678,0.5025678,1.0068941,0.0984251,0.0984251,1.0,5.4229013e-16,5.509673e-15,-27.656334,2.2152114,0.7384038,0.2,0.0,0.16920426,28.920248,28.950249,3091200
hardzero_plus_depr__c0p54__z1p05__lam0p030__nu0p50__psi1p00,hardzero_plus_depr,0.02,31,966,0.0,1,0.5025678,0.5025678,1.0367247,0.09189148,0.09189148,1.0,4.913285e-16,5.346834e-15,-27.407154,2.28084,0.76028,0.18400002,0.0,0.16117236,28.950249,28.98025,3094400
hardzero_plus_depr__c0p54__z1p05__lam0p030__nu0p50__psi1p00,hardzero_plus_depr,0.02,31,967,0.0,1,0.5025678,0.5025678,1.062672,0.0,0.086562134,0.0,0.0,5.188808e-15,-28.487558,2.3379252,0.77930844,0.120000005,0.0,0.16713154,28.98025,29.01025,3097600
hardzero_plus_depr__c0p54__z1p05__lam0p030__nu0p50__psi1p00,hardzero_plus_depr,0.02,31,968,0.0,1,0.5025678,0.5025678,1.1002753,0.0,0.07938249,0.0,0.0,5.0354516e-15,-29.068144,2.4206538,0.80688465,0.136,0.0,0.17108239,29.01025,29.04025,3100800
hardzero_plus_depr__c0p54__z1p05__lam0p030__nu0p50__psi1p00,hardzero_plus_depr,0.02,31,969,0.0,1,0.5025678,0.5025678,1.0304152,0.093236245,0.093236245,1.0,4.556109e-16,4.8866288e-15,-26.879673,2.2669587,0.7556529,0.16000001,0.0,0.13828084,29.04025,29.070251,3104000
hardzero_plus_depr__c0p54__z1p05__lam0p030__nu0p50__psi1p00,hardzero_plus_depr,0.02,31,970,0.0,1,0.5025678,0.5025678,1.0504252,0.0,0.08903789,0.0,0.0,4.7422037e-15,-27.233486,2.3109815,0.7703272,0.112,0.0,0.13411824,29.070251,29.100252,3107200
hardzero_plus_depr__c0p54__z1p05__lam0p030__nu0p50__psi1p00,hardzero_plus_depr,0.02,31,971,0.0,1,0.5025678,0.5025678,1.045131,0.090129934,0.090129934,1.0,4.147822e-16,4.602047e-15,-27.798313,2.299334,0.7664447,0.2,0.0,0.18232353,29.100252,29.130253,3110400
hardzero_plus_depr__c0p54__z1p05__lam0p030__nu0p50__psi1p00,hardzero_plus_depr,0.02,31,972,0.0,1,0.5025678,0.5025678,1.076284,0.0,0.0838911,0.0,0.0,4.466033e-15,-28.392517,2.3678722,0.7892908,0.112,0.0,0.16375157,29.130253,29.160254,3113600
hardzero_plus_depr__c0p54__z1p05__lam0p030__nu0p50__psi1p00,hardzero_plus_depr,0.02,31,973,0.0,1,0.5025678,0.5025678,1.0440834,0.090347596,0.090347596,1.0,3.9157e-16,4.334039e-15,-26.860783,2.2970293,0.76567644,0.16000001,0.0,0.20290945,29.160254,29.190254,3116800
hardzero_plus_depr__c0p54__z1p05__lam0p030__nu0p50__psi1p00,hardzero_plus_depr,0.02,31,974,0.0,1,0.5025678,0.5025678,1.0834249,0.0,0.08252302,0.0,0.0,4.2059455e-15,-28.324986,2.3835824,0.7945275,0.16800001,0.0,0.16205692,29.190254,29.220255,3120000
hardzero_plus_depr__c0p54__z1p05__lam0p030__nu0p50__psi1p00,hardzero_plus_depr,0.02,31,975,0.0,1,0.5025678,0.5025678,1.0845027,0.0,0.08231847,0.0,0.0,4.0816387e-15,-27.719595,2.3859537,0.7953179,0.22,0.0,0.13683635,29.220255,29.250256,3123200
hardzero_plus_depr__c0p54__z1p05__lam0p030__nu0p50__psi1p00,hardzero_plus_depr,0.02,31,976,0.0,1,0.5025678,0.5025678,1.0130173,0.09704712,0.09704712,1.0,3.8440414e-16,3.961005e-15,-26.028385,2.2286825,0.7428942,0.136,0.0,0.13850445,29.250256,29.280256,3126400
hardzero_plus_depr__c0p54__z1p05__lam0p030__nu0p50__psi1p00,hardzero_plus_depr,0.02,31,977,0.0,1,0.5025678,0.5025678,1.0027072,0.09937856,0.09937856,1.0,3.8200495e-16,3.843937e-15,-25.940794,2.206,0.7353334,0.17600001,0.0,0.12637176,29.280256,29.310257,3129600
hardzero_plus_depr__c0p54__z1p05__lam0p030__nu0p50__psi1p00,hardzero_plus_depr,0.02,31,978,0.0,1,0.5025678,0.5025678,1.0091789,0.09790866,0.09790866,1.0,3.6523155e-16,3.7303293e-15,-26.49746,2.220238,0.74007934,0.16800001,0.0,0.1384888,29.310257,29.340258,3132800
hardzero_plus_depr__c0p54__z1p05__lam0p030__nu0p50__psi1p00,hardzero_plus_depr,0.02,31,979,0.0,1,0.5025678,0.5025678,1.050452,0.0,0.0890324,0.0,0.0,3.6200786e-15,-28.107231,2.3110406,0.7703469,0.16800001,0.0,0.15093972,29.340258,29.370258,3136000
hardzero_plus_depr__c0p54__z1p05__lam0p030__nu0p50__psi1p00,hardzero_plus_depr,0.02,31,980,0.0,1,0.5025678,0.5025678,1.0466563,0.08981394,0.08981394,1.0,3.1552417e-16,3.5130867e-15,-27.272163,2.3026898,0.7675633,0.15200001,0.0,0.14511949,29.370258,29.400259,3139200
hardzero_plus_depr__c0p54__z1p05__lam0p030__nu0p50__psi1p00,hardzero_plus_depr,0.02,31,981,0.0,1,0.5025678,0.5025678,0.9676932,0.107722595,0.107722595,1.0,3.6725398e-16,3.4092568e-15,-25.668716,2.1289675,0.7096559,0.08800001,0.0,0.14862055,29.400259,29.43026,3142400
hardzero_plus_depr__c0p54__z1p05__lam0p030__nu0p50__psi1p00,hardzero_plus_depr,0.02,31,982,0.0,1,0.5025678,0.5025678,1.0406016,0.091074824,0.091074824,1.0,3.0132067e-16,3.3084957e-15,-27.983444,2.2893693,0.76312315,0.17600001,0.0,0.1784858,29.43026,29.46026,3145600
hardzero_plus_depr__c0p54__z1p05__lam0p030__nu0p50__psi1p00,hardzero_plus_depr,0.02,31,983,0.0,1,0.5025678,0.5025678,0.99170405,0.10192856,0.10192856,1.0,3.2726336e-16,3.210713e-15,-26.571962,2.1817925,0.72726417,0.104,0.0,0.14280151,29.46026,29.490261,3148800
hardzero_plus_depr__c0p54__z1p05__lam0p030__nu0p50__psi1p00,hardzero_plus_depr,0.02,31,984,0.0,1,0.5025678,0.5025678,1.0499156,0.08914242,0.08914242,1.0,2.777517e-16,3.1158198e-15,-27.304066,2.3098605,0.7699535,0.112,0.0,0.1370425,29.490261,29.520262,3152000
hardzero_plus_depr__c0p54__z1p05__lam0p030__nu0p50__psi1p00,hardzero_plus_depr,0.02,31,985,0.0,1,0.5025678,0.5025678,1.037131,0.09180558,0.09180558,1.0,2.7759538e-16,3.023731e-15,-26.742125,2.2817338,0.7605779,0.08800001,0.0,0.13803777,29.520262,29.550262,3155200
hardzero_plus_depr__c0p54__z1p05__lam0p030__nu0p50__psi1p00,hardzero_plus_depr,0.02,31,986,0.0,1,0.5025678,0.5025678,0.98849976,0.10268339,0.10268339,1.0,3.013105e-16,2.9343646e-15,-26.320723,2.174743,0.7249143,0.17600001,0.0,0.14965901,29.550262,29.580263,3158400
hardzero_plus_depr__c0p54__z1p05__lam0p030__nu0p50__psi1p00,hardzero_plus_depr,0.02,31,987,0.0,1,0.5025678,0.5025678,0.9816466,0.104316585,0.104316585,1.0,2.9705596e-16,2.847639e-15,-26.965532,2.1596656,0.71988857,0.18400002,0.0,0.12974694,29.580263,29.610264,3161600
hardzero_plus_depr__c0p54__z1p05__lam0p030__nu0p50__psi1p00,hardzero_plus_depr,0.02,31,988,0.0,1,0.5025678,0.5025678,1.0215764,0.09515325,0.09515325,1.0,2.6295378e-16,2.7634765e-15,-26.886543,2.247513,0.749171,0.11,0.0,0.1103684,29.610264,29.640265,3164800
hardzero_plus_depr__c0p54__z1p05__lam0p030__nu0p50__psi1p00,hardzero_plus_depr,0.02,31,989,0.0,1,0.5025678,0.5025678,1.0007406,0.0998296,0.0998296,1.0,2.677232e-16,2.681802e-15,-26.457373,2.2016735,0.7338912,0.2,0.0,0.12933375,29.640265,29.670265,3168000
hardzero_plus_depr__c0p54__z1p05__lam0p030__nu0p50__psi1p00,hardzero_plus_depr,0.02,31,990,0.0,1,0.5025678,0.5025678,1.0889895,0.0,0.08147239,0.0,0.0,2.6025407e-15,-28.115582,2.3958247,0.79860824,0.15200001,0.0,0.15175734,29.670265,29.700266,3171200
hardzero_plus_depr__c0p54__z1p05__lam0p030__nu0p50__psi1p00,hardzero_plus_depr,0.02,31,991,0.0,1,0.5025678,0.5025678,1.0066069,0.098490216,0.098490216,1.0,2.487491e-16,2.5256223e-15,-26.847511,2.2145796,0.7381932,0.15200001,0.0,0.14677244,29.700266,29.730267,3174400
hardzero_plus_depr__c0p54__z1p05__lam0p030__nu0p50__psi1p00,hardzero_plus_depr,0.02,31,992,0.0,1,0.5025678,0.5025678,1.0464672,0.08985305,0.08985305,1.0,2.2022779e-16,2.4509773e-15,-27.777071,2.3022738,0.7674246,0.16000001,0.008,0.14639276,29.730267,29.760267,3177600
hardzero_plus_depr__c0p54__z1p05__lam0p030__nu0p50__psi1p00,hardzero_plus_depr,0.02,31,993,0.0,1,0.5025678,0.5025678,1.0382857,0.09156178,0.09156178,1.0,2.1778318e-16,2.3785382e-15,-27.392498,2.284274,0.7614247,0.17600001,0.0,0.14537361,29.760267,29.790268,3180800
hardzero_plus_depr__c0p54__z1p05__lam0p030__nu0p50__psi1p00,hardzero_plus_depr,0.02,31,994,0.0,1,0.5025678,0.5025678,1.0214841,0.09517346,0.09517346,1.0,2.1968321e-16,2.3082402e-15,-26.695162,2.24731,0.7491033,0.18400002,0.0,0.13480349,29.790268,29.820269,3184000
hardzero_plus_depr__c0p54__z1p05__lam0p030__nu0p50__psi1p00,hardzero_plus_depr,0.02,31,995,0.0,1,0.5025678,0.5025678,1.0434892,0.09047128,0.09047128,1.0,2.0265745e-16,2.2400197e-15,-27.086172,2.2957222,0.7652408,0.15200001,0.0,0.15230489,29.820269,29.85027,3187200
hardzero_plus_depr__c0p54__z1p05__lam0p030__nu0p50__psi1p00,hardzero_plus_depr,0.02,31,996,0.0,1,0.5025678,0.5025678,1.0400574,0.09118903,0.09118903,1.0,1.9822816e-16,2.1738158e-15,-28.126352,2.288172,0.76272404,0.16000001,0.0,0.16034636,29.85027,29.88027,3190400
hardzero_plus_depr__c0p54__z1p05__lam0p030__nu0p50__psi1p00,hardzero_plus_depr,0.02,31,997,0.0,1,0.5025678,0.5025678,0.97955734,0.10481963,0.10481963,1.0,2.2112418e-16,2.1095684e-15,-26.414005,2.155069,0.7183564,0.2,0.0,0.13807838,29.88027,29.91027,3193600
hardzero_plus_depr__c0p54__z1p05__lam0p030__nu0p50__psi1p00,hardzero_plus_depr,0.02,31,998,0.0,1,0.5025678,0.5025678,1.0181736,0.09590172,0.09590172,1.0,1.963319e-16,2.0472198e-15,-27.34487,2.2400265,0.7466755,0.17600001,0.0,0.14236732,29.91027,29.940271,3196800
hardzero_plus_depr__c0p54__z1p05__lam0p030__nu0p50__psi1p00,hardzero_plus_depr,0.02,31,999,0.0,1,0.5025678,0.5025678,1.0890418,0.0,0.081462584,0.0,0.0,1.9867139e-15,-27.264465,2.3959398,0.7986466,0.2,0.0,0.13892917,29.940271,29.970272,3200000
hardzero_plus_depr__c0p54__z1p05__lam0p030__nu0p50__psi1p00,hardzero_plus_depr,0.02,31,1000,0.0,1,0.5025678,0.5025678,1.080607,0.0,0.08306019,0.0,0.0,1.9279963e-15,-28.715134,2.377383,0.79246104,0.16800001,0.0,0.14725472,29.970272,30.000273,3203200
hardzero_plus_depr__c0p54__z1p05__lam0p030__nu0p50__psi1p00,hardzero_plus_depr,0.02,31,1001,0.0,1,0.5025678,0.5025678,1.0280807,0.09373878,0.09373878,1.0,1.7538659e-16,1.8710143e-15,-27.59703,2.2618227,0.75394094,0.19,0.0,0.16774526,30.000273,30.030273,3206400
hardzero_plus_depr__c0p54__z1p05__lam0p030__nu0p50__psi1p00,hardzero_plus_depr,0.02,31,1002,0.0,1,0.5025678,0.5025678,1.0508021,0.0,0.088960625,0.0,0.0,1.8157161e-15,-27.70308,2.3118107,0.7706036,0.16800001,0.0,0.16452701,30.030273,30.060274,3209600
hardzero_plus_depr__c0p54__z1p05__lam0p030__nu0p50__psi1p00,hardzero_plus_depr,0.02,31,1003,0.0,1,0.5025678,0.5025678,1.0117284,0.09733558,0.09733558,1.0,1.7151038e-16,1.7620524e-15,-27.010792,2.225847,0.741949,0.208,0.0,0.13052562,30.060274,30.090275,3212800
hardzero_plus_depr__c0p54__z1p05__lam0p030__nu0p50__psi1p00,hardzero_plus_depr,0.02,31,1004,0.0,1,0.5025678,0.5025678,0.98422927,0.10369809,0.10369809,1.0,1.7732112e-16,1.7099748e-15,-27.34575,2.1653476,0.72178257,0.14400001,0.0,0.12995102,30.090275,30.120275,3216000
hardzero_plus_depr__c0p54__z1p05__lam0p030__nu0p50__psi1p00,hardzero_plus_depr,0.02,31,1005,0.0,1,0.5025678,0.5025678,1.0449773,0.09016183,0.09016183,1.0,1.4961778e-16,1.659436e-15,-27.1537,2.298996,0.76633203,0.208,0.0,0.1329445,30.120275,30.150276,3219200
hardzero_plus_depr__c0p54__z1p05__lam0p030__nu0p50__psi1p00,hardzero_plus_depr,0.02,31,1006,0.0,1,0.5025678,0.5025678,1.015598,0.096472144,0.096472144,1.0,1.553579e-16,1.6103913e-15,-27.247768,2.2343602,0.74478674,0.192,0.008,0.14521486,30.150276,30.180277,3222400
hardzero_plus_depr__c0p54__z1p05__lam0p030__nu0p50__psi1p00,hardzero_plus_depr,0.02,31,1007,0.0,1,0.5025678,0.5025678,1.0173208,0.096090235,0.096090235,1.0,1.5016943e-16,1.5627959e-15,-27.147993,2.2381504,0.7460501,0.2,0.008,0.1476255,30.180277,30.210278,3225600
hardzero_plus_depr__c0p54__z1p05__lam0p030__nu0p50__psi1p00,hardzero_plus_depr,0.02,31,1008,0.0,1,0.5025678,0.5025678,1.0516964,0.0,0.088777624,0.0,0.0,1.5166073e-15,-27.638042,2.3137784,0.7712595,0.096,0.0,0.12308813,30.210278,30.240278,3228800
hardzero_plus_depr__c0p54__z1p05__lam0p030__nu0p50__psi1p00,hardzero_plus_depr,0.02,31,1009,0.0,1,0.5025678,0.5025678,1.101983,0.0,0.07907097,0.0,0.0,1.4717838e-15,-28.060537,2.4244108,0.80813694,0.17600001,0.0,0.1636081,30.240278,30.270279,3232000
hardzero_plus_depr__c0p54__z1p05__lam0p030__nu0p50__psi1p00,hardzero_plus_depr,0.02,31,1010,0.0,1,0.5025678,0.5025678,1.0167756,0.096210934,0.096210934,1.0,1.3741663e-16,1.428285e-15,-28.247498,2.2369509,0.7456503,0.15200001,0.0,0.15781876,30.270279,30.30028,3235200
hardzero_plus_depr__c0p54__z1p05__lam0p030__nu0p50__psi1p00,hardzero_plus_depr,0.02,31,1011,0.0,1,0.5025678,0.5025678,0.96824825,0.10758499,0.10758499,1.0,1.4912053e-16,1.3860719e-15,-25.560795,2.1301887,0.7100629,0.192,0.0,0.13818532,30.30028,30.33028,3238400
hardzero_plus_depr__c0p54__z1p05__lam0p030__nu0p50__psi1p00,hardzero_plus_depr,0.02,31,1012,0.0,1,0.5025678,0.5025678,1.0306469,0.09318651,0.09318651,1.0,1.2534576e-16,1.3451063e-15,-27.824594,2.2674685,0.75582284,0.23200001,0.0,0.15791853,30.33028,30.360281,3241600
hardzero_plus_depr__c0p54__z1p05__lam0p030__nu0p50__psi1p00,hardzero_plus_depr,0.02,31,1013,0.0,1,0.5025678,0.5025678,1.0319005,0.09291791,0.09291791,1.0,1.2129054e-16,1.3053516e-15,-27.240728,2.2702265,0.7567422,0.136,0.0,0.17355493,30.360281,30.390282,3244800
hardzero_plus_depr__c0p54__z1p05__lam0p030__nu0p50__psi1p00,hardzero_plus_depr,0.02,31,1014,0.0,1,0.5025678,0.5025678,1.0420345,0.09077484,0.09077484,1.0,1.1499101e-16,1.2667718e-15,-26.481955,2.2925217,0.7641739,0.22,0.0,0.13337255,30.390282,30.420282,3248000
hardzero_plus_depr__c0p54__z1p05__lam0p030__nu0p50__psi1p00,hardzero_plus_depr,0.02,31,1015,0.0,1,0.5025678,0.5025678,1.066531,0.0,0.085796386,0.0,0.0,1.2293321e-15,-27.546219,2.3464148,0.7821383,0.136,0.0,0.14672364,30.420282,30.450283,3251200
hardzero_plus_depr__c0p54__z1p05__lam0p030__nu0p50__psi1p00,hardzero_plus_depr,0.02,31,1016,0.0,1,0.5025678,0.5025678,1.0515419,0.0,0.088809215,0.0,0.0,1.192999e-15,-27.971825,2.3134384,0.7711462,0.16800001,0.0,0.16749027,30.450283,30.480284,3254400
hardzero_plus_depr__c0p54__z1p05__lam0p030__nu0p50__psi1p00,hardzero_plus_depr,0.02,31,1017,0.0,1,0.5025678,0.5025678,1.0361723,0.092008464,0.092008464,1.0,1.0652186e-16,1.1577398e-15,-26.826267,2.2796245,0.7598748,0.17600001,0.0,0.1282527,30.480284,30.510284,3257600
hardzero_plus_depr__c0p54__z1p05__lam0p030__nu0p50__psi1p00,hardzero_plus_depr,0.02,31,1018,0.0,1,0.5025678,0.5025678,0.99006635,0.10231367,0.10231367,1.0,1.1495171e-16,1.1235226e-15,-26.975658,2.1781895,0.7260632,0.120000005,0.0,0.12603138,30.510284,30.540285,3260800
hardzero_plus_depr__c0p54__z1p05__lam0p030__nu0p50__psi1p00,hardzero_plus_depr,0.02,31,1019,0.0,1,0.5025678,0.5025678,1.0216929,0.09512773,0.09512773,1.0,1.0371936e-16,1.0903168e-15,-26.365028,2.247769,0.7492564,0.18400002,0.0,0.12694776,30.540285,30.570286,3264000
hardzero_plus_depr__c0p54__z1p05__lam0p030__nu0p50__psi1p00,hardzero_plus_depr,0.02,31,1020,0.0,1,0.5025678,0.5025678,0.97615767,0.105643384,0.105643384,1.0,1.1178045e-16,1.0580923e-15,-26.7288,2.1475897,0.7158632,0.17600001,0.0,0.1237763,30.570286,30.600286,3267200
hardzero_plus_depr__c0p54__z1p05__lam0p030__nu0p50__psi1p00,hardzero_plus_depr,0.02,31,1021,0.0,1,0.5025678,0.5025678,1.0701361,0.0,0.085087135,0.0,0.0,1.0268202e-15,-29.141523,2.3543463,0.7847821,0.14400001,0.0,0.17843738,30.600286,30.630287,3270400
hardzero_plus_depr__c0p54__z1p05__lam0p030__nu0p50__psi1p00,hardzero_plus_depr,0.02,31,1022,0.0,1,0.5025678,0.5025678,1.0576959,0.0,0.08755967,0.0,0.0,9.964724e-16,-28.171618,2.3269773,0.7756591,0.128,0.0,0.13733257,30.630287,30.660288,3273600
hardzero_plus_depr__c0p54__z1p05__lam0p030__nu0p50__psi1p00,hardzero_plus_depr,0.02,31,1023,0.0,1,0.5025678,0.5025678,1.0670058,0.0,0.08570265,0.0,0.0,9.670215e-16,-28.457293,2.3474596,0.78248656,0.128,0.0,0.15150784,30.660288,30.690289,3276800
hardzero_plus_depr__c0p54__z1p05__lam0p030__nu0p50__psi1p00,hardzero_plus_depr,0.02,31,1024,0.0,1,0.5025678,0.5025678,1.0518683,0.0,0.088742495,0.0,0.0,9.384411e-16,-27.39139,2.3141565,0.77138555,0.15200001,0.0,0.13467999,30.690289,30.72029,3280000
hardzero_plus_depr__c0p54__z1p05__lam0p030__nu0p50__psi1p00,hardzero_plus_depr,0.02,31,1025,0.0,1,0.5025678,0.5025678,1.0578376,0.0,0.08753109,0.0,0.0,9.107054e-16,-27.840052,2.327289,0.77576303,0.15200001,0.0,0.17008094,30.72029,30.75029,3283200
hardzero_plus_depr__c0p54__z1p05__lam0p030__nu0p50__psi1p00,hardzero_plus_depr,0.02,31,1026,0.0,1,0.5025678,0.5025678,1.0043675,0.09899939,0.09899939,1.0,8.7494606e-17,8.8378936e-16,-27.601835,2.2096527,0.7365509,0.17600001,0.0,0.1508433,30.75029,30.78029,3286400
hardzero_plus_depr__c0p54__z1p05__lam0p030__nu0p50__psi1p00,hardzero_plus_depr,0.02,31,1027,0.0,1,0.5025678,0.5025678,0.9732709,0.10634795,0.10634795,1.0,9.121132e-17,8.576688e-16,-26.16641,2.1412387,0.71374625,0.19999999,0.0,0.11735802,30.78029,30.810291,3289600
hardzero_plus_depr__c0p54__z1p05__lam0p030__nu0p50__psi1p00,hardzero_plus_depr,0.02,31,1028,0.0,1,0.5025678,0.5025678,1.0715716,0.0,0.08480635,0.0,0.0,8.323203e-16,-27.389057,2.3575046,0.7858349,0.136,0.0,0.13229877,30.810291,30.840292,3292800
hardzero_plus_depr__c0p54__z1p05__lam0p030__nu0p50__psi1p00,hardzero_plus_depr,0.02,31,1029,0.0,1,0.5025678,0.5025678,1.017389,0.09607512,0.09607512,1.0,7.760189e-17,8.07721e-16,-27.093615,2.2383006,0.7461002,0.136,0.0,0.15053032,30.840292,30.870293,3296000
hardzero_plus_depr__c0p54__z1p05__lam0p030__nu0p50__psi1p00,hardzero_plus_depr,0.02,31,1030,0.0,1,0.5025678,0.5025678,1.047951,0.08954658,0.08954658,1.0,7.0190973e-17,7.838487e-16,-27.822382,2.3055382,0.7685127,0.112,0.0,0.15630643,30.870293,30.900293,3299200
hardzero_plus_depr__c0p54__z1p05__lam0p030__nu0p50__psi1p00,hardzero_plus_depr,0.02,31,1031,0.0,1,0.5025678,0.5025678,1.0594385,0.0,0.087209046,0.0,0.0,7.606819e-16,-27.304668,2.3308113,0.7769371,0.128,0.008,0.16017003,30.900293,30.930294,3302400
hardzero_plus_depr__c0p54__z1p05__lam0p030__nu0p50__psi1p00,hardzero_plus_depr,0.02,31,1032,0.0,1,0.5025678,0.5025678,1.001493,0.09965681,0.09965681,1.0,7.3566645e-17,7.3819985e-16,-27.1405,2.2033286,0.7344429,0.192,0.0,0.1668499,30.930294,30.960295,3305600
hardzero_plus_depr__c0p54__z1p05__lam0p030__nu0p50__psi1p00,hardzero_plus_depr,0.02,31,1033,0.0,1,0.5025678,0.5025678,1.037822,0.09165961,0.09165961,1.0,6.5663324e-17,7.163823e-16,-27.588984,2.283254,0.7610847,0.15200001,0.0,0.13980299,30.960295,30.990295,3308800
hardzero_plus_depr__c0p54__z1p05__lam0p030__nu0p50__psi1p00,hardzero_plus_depr,0.02,31,1034,0.0,1,0.5025678,0.5025678,1.0099373,0.09773782,0.09773782,1.0,6.794826e-17,6.9520954e-16,-26.84177,2.2219064,0.7406355,0.216,0.0,0.15228035,30.990295,31.020296,3312000
hardzero_plus_depr__c0p54__z1p05__lam0p030__nu0p50__psi1p00,hardzero_plus_depr,0.02,31,1035,0.0,1,0.5025678,0.5025678,1.0273687,0.093892574,0.093892574,1.0,6.3345796e-17,6.746625e-16,-26.700209,2.2602563,0.7534188,0.17600001,0.0,0.14193669,31.020296,31.050297,3315200
hardzero_plus_depr__c0p54__z1p05__lam0p030__nu0p50__psi1p00,hardzero_plus_depr,0.02,31,1036,0.0,1,0.5025678,0.5025678,1.0066891,0.0984716,0.0984716,1.0,6.44716e-17,6.547228e-16,-27.434666,2.2147603,0.7382535,0.15200001,0.0,0.1347044,31.050297,31.080297,3318400
hardzero_plus_depr__c0p54__z1p05__lam0p030__nu0p50__psi1p00,hardzero_plus_depr,0.02,31,1037,0.0,1,0.5025678,0.5025678,1.0601679,0.0,0.08706269,0.0,0.0,6.353723e-16,-27.433477,2.332416,0.777472,0.14400001,0.0,0.13204417,31.080297,31.110298,3321600
hardzero_plus_depr__c0p54__z1p05__lam0p030__nu0p50__psi1p00,hardzero_plus_depr,0.02,31,1038,0.0,1,0.5025678,0.5025678,1.0474062,0.089658976,0.089658976,1.0,5.528317e-17,6.165938e-16,-27.414064,2.3043396,0.76811326,0.14400001,0.0,0.1397528,31.110298,31.140299,3324800
hardzero_plus_depr__c0p54__z1p05__lam0p030__nu0p50__psi1p00,hardzero_plus_depr,0.02,31,1039,0.0,1,0.5025678,0.5025678,0.9589446,0.10991459,0.10991459,1.0,6.576963e-17,5.983703e-16,-26.291521,2.1097202,0.7032401,0.17600001,0.0,0.13294435,31.140299,31.1703,3328000
hardzero_plus_depr__c0p54__z1p05__lam0p030__nu0p50__psi1p00,hardzero_plus_depr,0.02,31,1040,0.0,1,0.5025678,0.5025678,1.018425,0.09584622,0.09584622,1.0,5.5656503e-17,5.806854e-16,-27.196507,2.2405796,0.7468599,0.12,0.0,0.12783575,31.1703,31.2003,3331200
hardzero_plus_depr__c0p54__z1p05__lam0p030__nu0p50__psi1p00,hardzero_plus_depr,0.02,31,1041,0.0,1,0.5025678,0.5025678,0.9625213,0.10901309,0.10901309,1.0,6.1431395e-17,5.6352313e-16,-25.392027,2.1175892,0.7058631,0.18400002,0.0,0.12766983,31.2003,31.2303,3334400
hardzero_plus_depr__c0p54__z1p05__lam0p030__nu0p50__psi1p00,hardzero_plus_depr,0.02,31,1042,0.0,1,0.5025678,0.5025678,1.0226887,0.09490984,0.09490984,1.0,5.1903168e-17,5.4686813e-16,-27.23176,2.2499602,0.74998677,0.2,0.0,0.13719505,31.2303,31.260302,3337600
hardzero_plus_depr__c0p54__z1p05__lam0p030__nu0p50__psi1p00,hardzero_plus_depr,0.02,31,1043,0.0,1,0.5025678,0.5025678,1.0244058,0.094535336,0.094535336,1.0,5.0170417e-17,5.307054e-16,-28.083086,2.253738,0.751246,0.216,0.0,0.15002973,31.260302,31.290302,3340800
hardzero_plus_depr__c0p54__z1p05__lam0p030__nu0p50__psi1p00,hardzero_plus_depr,0.02,31,1044,0.0,1,0.5025678,0.5025678,1.075568,0.0,0.08402955,0.0,0.0,5.1502033e-16,-28.746756,2.3662968,0.7887656,0.120000005,0.0,0.17629021,31.290302,31.320303,3344000
hardzero_plus_depr__c0p54__z1p05__lam0p030__nu0p50__psi1p00,hardzero_plus_depr,0.02,31,1045,0.0,1,0.5025678,0.5025678,1.033291,0.092620894,0.092620894,1.0,4.6291816e-17,4.9979883e-16,-27.71608,2.2732856,0.7577619,0.136,0.0,0.15955576,31.320303,31.350304,3347200
hardzero_plus_depr__c0p54__z1p05__lam0p030__nu0p50__psi1p00,hardzero_plus_depr,0.02,31,1046,0.0,1,0.5025678,0.5025678,1.077268,0.0,0.08370126,0.0,0.0,4.850272e-16,-28.070885,2.3700368,0.7900123,0.15200001,0.0,0.16642918,31.350304,31.380304,3350400
hardzero_plus_depr__c0p54__z1p05__lam0p030__nu0p50__psi1p00,hardzero_plus_depr,0.02,31,1047,0.0,1,0.5025678,0.5025678,1.1141838,0.0,0.07688049,0.0,0.0,4.706922e-16,-29.251534,2.4512532,0.81708443,0.16000001,0.0,0.17032391,31.380304,31.410305,3353600
hardzero_plus_depr__c0p54__z1p05__lam0p030__nu0p50__psi1p00,hardzero_plus_depr,0.02,31,1048,0.0,1,0.5025678,0.5025678,1.0219791,0.095065065,0.095065065,1.0,4.3423895e-17,4.567808e-16,-26.88249,2.248399,0.74946636,0.2,0.0,0.13748932,31.410305,31.440306,3356800
hardzero_plus_depr__c0p54__z1p05__lam0p030__nu0p50__psi1p00,hardzero_plus_depr,0.02,31,1049,0.0,1,0.5025678,0.5025678,1.0582548,0.0,0.08744705,0.0,0.0,4.4328058e-16,-27.88417,2.328207,0.77606905,0.16000001,0.0,0.14503075,31.440306,31.470306,3360000
hardzero_plus_depr__c0p54__z1p05__lam0p030__nu0p50__psi1p00,hardzero_plus_depr,0.02,31,1050,0.0,1,0.5025678,0.5025678,1.0333766,0.092602655,0.092602655,1.0,3.983575e-17,4.3017937e-16,-27.531437,2.2734737,0.7578246,0.16800001,0.0,0.14265135,31.470306,31.500307,3363200
hardzero_plus_depr__c0p54__z1p05__lam0p030__nu0p50__psi1p00,hardzero_plus_depr,0.02,31,1051,0.0,1,0.5025678,0.5025678,1.0651833,0.0,0.08606305,0.0,0.0,4.1746535e-16,-28.23671,2.34345,0.78115004,0.17600001,0.0,0.15581803,31.500307,31.530308,3366400
hardzero_plus_depr__c0p54__z1p05__lam0p030__nu0p50__psi1p00,hardzero_plus_depr,0.02,31,1052,0.0,1,0.5025678,0.5025678,1.0641575,0.0,0.08626658,0.0,0.0,4.051271e-16,-27.460993,2.3411932,0.7803978,0.128,0.0,0.14298746,31.530308,31.560308,3369600
hardzero_plus_depr__c0p54__z1p05__lam0p030__nu0p50__psi1p00,hardzero_plus_depr,0.02,31,1053,0.0,1,0.5025678,0.5025678,1.0351967,0.09221538,0.09221538,1.0,3.62548e-17,3.9315352e-16,-27.591396,2.2774782,0.75915945,0.13,0.0,0.1529415,31.560308,31.59031,3372800
hardzero_plus_depr__c0p54__z1p05__lam0p030__nu0p50__psi1p00,hardzero_plus_depr,0.02,31,1054,0.0,1,0.5025678,0.5025678,1.0556293,0.0,0.08797732,0.0,0.0,3.8153384e-16,-27.476463,2.3224306,0.7741436,0.128,0.0,0.15299112,31.59031,31.62031,3376000
hardzero_plus_depr__c0p54__z1p05__lam0p030__nu0p50__psi1p00,hardzero_plus_depr,0.02,31,1055,0.0,1,0.5025678,0.5025678,1.053983,0.0,0.08831144,0.0,0.0,3.7025753e-16,-27.34224,2.3188088,0.7729363,0.120000005,0.0,0.15024482,31.62031,31.65031,3379200
hardzero_plus_depr__c0p54__z1p05__lam0p030__nu0p50__psi1p00,hardzero_plus_depr,0.02,31,1056,0.0,1,0.5025678,0.5025678,1.073733,0.0,0.08438535,0.0,0.0,3.5931455e-16,-27.26512,2.3622596,0.7874199,0.14400001,0.0,0.1483374,31.65031,31.680311,3382400
hardzero_plus_depr__c0p54__z1p05__lam0p030__nu0p50__psi1p00,hardzero_plus_depr,0.02,31,1057,0.0,1,0.5025678,0.5025678,1.101498,0.0,0.0791593,0.0,0.0,3.4869493e-16,-28.489386,2.423344,0.80778134,0.14400001,0.0,0.18326773,31.680311,31.710312,3385600
hardzero_plus_depr__c0p54__z1p05__lam0p030__nu0p50__psi1p00,hardzero_plus_depr,0.02,31,1058,0.0,1,0.5025678,0.5025678,1.0345823,0.092345916,0.092345916,1.0,3.1248862e-17,3.383892e-16,-27.692574,2.2761264,0.75870883,0.18400002,0.0,0.14160162,31.710312,31.740313,3388800
hardzero_plus_depr__c0p54__z1p05__lam0p030__nu0p50__psi1p00,hardzero_plus_depr,0.02,31,1059,0.0,1,0.5025678,0.5025678,1.1146508,0.0,0.076797865,0.0,0.0,3.2838806e-16,-28.33918,2.4522808,0.8174269,0.128,0.0,0.14558542,31.740313,31.770313,3392000
hardzero_plus_depr__c0p54__z1p05__lam0p030__nu0p50__psi1p00,hardzero_plus_depr,0.02,31,1060,0.0,1,0.5025678,0.5025678,1.0633774,0.0,0.08642167,0.0,0.0,3.1868251e-16,-27.329514,2.3394768,0.7798256,0.16000001,0.0,0.123123474,31.770313,31.800314,3395200
hardzero_plus_depr__c0p54__z1p05__lam0p030__nu0p50__psi1p00,hardzero_plus_depr,0.02,31,1061,0.0,1,0.5025678,0.5025678,1.0092735,0.09788733,0.09788733,1.0,3.0273014e-17,3.0926385e-16,-26.583347,2.220446,0.7401487,0.16800001,0.0,0.12248978,31.800314,31.830315,3398400
hardzero_plus_depr__c0p54__z1p05__lam0p030__nu0p50__psi1p00,hardzero_plus_depr,0.02,31,1062,0.0,1,0.5025678,0.5025678,0.99742764,0.10059405,0.10059405,1.0,3.0190637e-17,3.001235e-16,-26.399397,2.1943846,0.7314615,0.128,0.0,0.14590791,31.830315,31.860315,3401600
hardzero_plus_depr__c0p54__z1p05__lam0p030__nu0p50__psi1p00,hardzero_plus_depr,0.02,31,1063,0.0,1,0.5025678,0.5025678,0.9846946,0.10358704,0.10358704,1.0,3.0170066e-17,2.9125328e-16,-26.483921,2.1663713,0.7221238,0.192,0.0,0.12129339,31.860315,31.890316,3404800
hardzero_plus_depr__c0p54__z1p05__lam0p030__nu0p50__psi1p00,hardzero_plus_depr,0.02,31,1064,0.0,1,0.5025678,0.5025678,1.083184,0.0,0.082568794,0.0,0.0,2.8264529e-16,-28.189318,2.3830523,0.7943508,0.18400002,0.0,0.23968247,31.890316,31.920317,3408000
hardzero_plus_depr__c0p54__z1p05__lam0p030__nu0p50__psi1p00,hardzero_plus_depr,0.02,31,1065,0.0,1,0.5025678,0.5025678,1.0376716,0.09169137,0.09169137,1.0,2.5150177e-17,2.7429166e-16,-27.65704,2.282923,0.76097435,0.17600001,0.0,0.14398564,31.920317,31.950317,3411200
hardzero_plus_depr__c0p54__z1p05__lam0p030__nu0p50__psi1p00,hardzero_plus_depr,0.02,31,1066,0.0,1,0.5025678,0.5025678,1.066687,0.0,0.08576557,0.0,0.0,2.6618492e-16,-27.250467,2.3467581,0.7822527,0.14,0.0,0.11601952,31.950317,31.980318,3414400
hardzero_plus_depr__c0p54__z1p05__lam0p030__nu0p50__psi1p00,hardzero_plus_depr,0.02,31,1067,0.0,1,0.5025678,0.5025678,1.0358198,0.09208317,0.09208317,1.0,2.378672e-17,2.5831779e-16,-27.593243,2.278849,0.7596163,0.128,0.0,0.13326149,31.980318,32.01032,3417600
hardzero_plus_depr__c0p54__z1p05__lam0p030__nu0p50__psi1p00,hardzero_plus_depr,0.02,31,1068,0.0,1,0.5025678,0.5025678,1.024023,0.0946187,0.0946187,1.0,2.3719318e-17,2.5068319e-16,-26.60549,2.2528958,0.7509653,0.128,0.0,0.17646421,32.01032,32.040318,3420800
hardzero_plus_depr__c0p54__z1p05__lam0p030__nu0p50__psi1p00,hardzero_plus_depr,0.02,31,1069,0.0,1,0.5025678,0.5025678,1.095328,0.0,0.08029196,0.0,0.0,2.4327467e-16,-27.93903,2.4097698,0.80325663,0.14400001,0.0,0.1712253,32.040318,32.070316,3424000
hardzero_plus_depr__c0p54__z1p05__lam0p030__nu0p50__psi1p00,hardzero_plus_depr,0.02,31,1070,0.0,1,0.5025678,0.5025678,1.0255541,0.09428571,0.09428571,1.0,2.2259452e-17,2.360851e-16,-26.87612,2.256264,0.752088,0.24800001,0.0,0.14722385,32.070316,32.100315,3427200
hardzero_plus_depr__c0p54__z1p05__lam0p030__nu0p50__psi1p00,hardzero_plus_depr,0.02,31,1071,0.0,1,0.5025678,0.5025678,1.0442048,0.09032233,0.09032233,1.0,2.0693569e-17,2.29108e-16,-26.891123,2.2972965,0.76576555,0.15200001,0.0,0.13858129,32.100315,32.130314,3430400
hardzero_plus_depr__c0p54__z1p05__lam0p030__nu0p50__psi1p00,hardzero_plus_depr,0.02,31,1072,0.0,1,0.5025678,0.5025678,1.0001639,0.099962264,0.099962264,1.0,2.2225322e-17,2.2233712e-16,-26.61356,2.2004046,0.73346823,0.16800001,0.0,0.13421577,32.130314,32.160313,3433600
hardzero_plus_depr__c0p54__z1p05__lam0p030__nu0p50__psi1p00,hardzero_plus_depr,0.02,31,1073,0.0,1,0.5025678,0.5025678,1.0180352,0.09593229,0.09593229,1.0,2.0698957e-17,2.1576633e-16,-27.11227,2.239722,0.74657404,0.17600001,0.0,0.16006589,32.160313,32.19031,3436800
hardzero_plus_depr__c0p54__z1p05__lam0p030__nu0p50__psi1p00,hardzero_plus_depr,0.02,31,1074,0.0,1,0.5025678,0.5025678,0.97398114,0.10617415,0.10617415,1.0,2.2231776e-17,2.0938972e-16,-25.921797,2.1428013,0.71426713,0.18400002,0.0,0.13753465,32.19031,32.22031,3440000
hardzero_plus_depr__c0p54__z1p05__lam0p030__nu0p50__psi1p00,hardzero_plus_depr,0.02,31,1075,0.0,1,0.5025678,0.5025678,1.0265739,0.09406457,0.09406457,1.0,1.911407e-17,2.0320158e-16,-28.093174,2.2585077,0.7528359,0.128,0.0,0.13899647,32.22031,32.25031,3443200
hardzero_plus_depr__c0p54__z1p05__lam0p030__nu0p50__psi1p00,hardzero_plus_depr,0.02,31,1076,0.0,1,0.5025678,0.5025678,1.0107378,0.097557835,0.097557835,1.0,1.9238042e-17,1.9719628e-16,-26.759457,2.2236674,0.7412225,0.136,0.0,0.13930395,32.25031,32.280308,3446400
hardzero_plus_depr__c0p54__z1p05__lam0p030__nu0p50__psi1p00,hardzero_plus_depr,0.02,31,1077,0.0,1,0.5025678,0.5025678,0.98420423,0.10370405,0.10370405,1.0,1.9845689e-17,1.9136851e-16,-27.023064,2.1652925,0.7217642,0.14400001,0.0,0.1501772,32.280308,32.310307,3449600
hardzero_plus_depr__c0p54__z1p05__lam0p030__nu0p50__psi1p00,hardzero_plus_depr,0.02,31,1078,0.0,1,0.5025678,0.5025678,1.0478007,0.08957759,0.08957759,1.0,1.6635719e-17,1.8571294e-16,-27.446823,2.3052075,0.7684025,0.136,0.0,0.14123711,32.310307,32.340305,3452800
hardzero_plus_depr__c0p54__z1p05__lam0p030__nu0p50__psi1p00,hardzero_plus_depr,0.02,31,1079,0.0,1,0.5025678,0.5025678,1.0446253,0.09023494,0.09023494,1.0,1.6262548e-17,1.802245e-16,-28.506733,2.2982216,0.7660739,0.099999994,0.0,0.14705156,32.340305,32.370304,3456000
hardzero_plus_depr__c0p54__z1p05__lam0p030__nu0p50__psi1p00,hardzero_plus_depr,0.02,31,1080,0.0,1,0.5025678,0.5025678,1.0252182,0.09435866,0.09435866,1.0,1.6503166e-17,1.7489827e-16,-26.86741,2.255525,0.7518417,0.14400001,0.0,0.13048768,32.370304,32.400303,3459200
hardzero_plus_depr__c0p54__z1p05__lam0p030__nu0p50__psi1p00,hardzero_plus_depr,0.02,31,1081,0.0,1,0.5025678,0.5025678,1.0628318,0.0,0.0865303,0.0,0.0,1.6972945e-16,-26.70314,2.3382766,0.77942556,0.136,0.0,0.14410007,32.400303,32.4303,3462400
hardzero_plus_depr__c0p54__z1p05__lam0p030__nu0p50__psi1p00,hardzero_plus_depr,0.02,31,1082,0.0,1,0.5025678,0.5025678,0.99259347,0.101720035,0.101720035,1.0,1.6754652e-17,1.6471339e-16,-26.50023,2.1837492,0.7279164,0.15200001,0.0,0.14290331,32.4303,32.4603,3465600
hardzero_plus_depr__c0p54__z1p05__lam0p030__nu0p50__psi1p00,hardzero_plus_depr,0.02,31,1083,0.0,1,0.5025678,0.5025678,1.0333606,0.09260606,0.09260606,1.0,1.480267e-17,1.5984559e-16,-26.992369,2.2734387,0.7578129,0.16000001,0.0,0.13881898,32.4603,32.4903,3468800
hardzero_plus_depr__c0p54__z1p05__lam0p030__nu0p50__psi1p00,hardzero_plus_depr,0.02,31,1084,0.0,1,0.5025678,0.5025678,1.0412122,0.09094687,0.09094687,1.0,1.4107827e-17,1.5512163e-16,-26.972486,2.2907126,0.7635709,0.16800001,0.0,0.133202,32.4903,32.520298,3472000
hardzero_plus_depr__c0p54__z1p05__lam0p030__nu0p50__psi1p00,hardzero_plus_depr,0.02,31,1085,0.0,1,0.5025678,0.5025678,1.0886918,0.0,0.081528254,0.0,0.0,1.5053726e-16,-28.589481,2.3951697,0.7983899,0.064,0.0,0.15851822,32.520298,32.550297,3475200
hardzero_plus_depr__c0p54__z1p05__lam0p030__nu0p50__psi1p00,hardzero_plus_depr,0.02,31,1086,0.0,1,0.5025678,0.5025678,1.0474375,0.0896525,0.0896525,1.0,1.309719e-17,1.460884e-16,-27.404116,2.3044086,0.7681362,0.216,0.0,0.1696516,32.550297,32.580296,3478400
hardzero_plus_depr__c0p54__z1p05__lam0p030__nu0p50__psi1p00,hardzero_plus_depr,0.02,31,1087,0.0,1,0.5025678,0.5025678,1.0845664,0.0,0.08230641,0.0,0.0,1.41771e-16,-28.03886,2.3860936,0.79536456,0.18400002,0.0,0.17699413,32.580296,32.610294,3481600
hardzero_plus_depr__c0p54__z1p05__lam0p030__nu0p50__psi1p00,hardzero_plus_depr,0.02,31,1088,0.0,1,0.5025678,0.5025678,1.0791757,0.0,0.08333439,0.0,0.0,1.375812e-16,-28.491943,2.374234,0.79141134,0.096,0.0,0.1468275,32.610294,32.640293,3484800
hardzero_plus_depr__c0p54__z1p05__lam0p030__nu0p50__psi1p00,hardzero_plus_depr,0.02,31,1089,0.0,1,0.5025678,0.5025678,1.084373,0.0,0.08234305,0.0,0.0,1.3351522e-16,-28.411314,2.3856683,0.79522276,0.18400002,0.008,0.17805739,32.640293,32.67029,3488000
hardzero_plus_depr__c0p54__z1p05__lam0p030__nu0p50__psi1p00,hardzero_plus_depr,0.02,31,1090,0.0,1,0.5025678,0.5025678,0.9914917,0.10197842,0.10197842,1.0,1.3213284e-17,1.2956941e-16,-26.212582,2.1813252,0.7271084,0.16800001,0.0,0.14179248,32.67029,32.70029,3491200
hardzero_plus_depr__c0p54__z1p05__lam0p030__nu0p50__psi1p00,hardzero_plus_depr,0.02,31,1091,0.0,1,0.5025678,0.5025678,1.0259112,0.09420821,0.09420821,1.0,1.1845761e-17,1.2574021e-16,-27.361279,2.2570498,0.75235,0.15200001,0.0,0.14199342,32.70029,32.73029,3494400
hardzero_plus_depr__c0p54__z1p05__lam0p030__nu0p50__psi1p00,hardzero_plus_depr,0.02,31,1092,0.0,1,0.5025678,0.5025678,1.0593387,0.0,0.08722907,0.0,0.0,1.2202418e-16,-27.976004,2.3305917,0.77686393,0.08,0.0,0.16176222,32.73029,32.76029,3497600
hardzero_plus_depr__c0p54__z1p05__lam0p030__nu0p50__psi1p00,hardzero_plus_depr,0.02,31,1093,0.0,1,0.5025678,0.5025678,1.0446287,0.09023421,0.09023421,1.0,1.0685351e-17,1.1841796e-16,-27.367134,2.2982292,0.76607645,0.120000005,0.0,0.12882361,32.76029,32.790287,3500800
hardzero_plus_depr__c0p54__z1p05__lam0p030__nu0p50__psi1p00,hardzero_plus_depr,0.02,31,1094,0.0,1,0.5025678,0.5025678,1.037917,0.09163955,0.09163955,1.0,1.0531063e-17,1.1491832e-16,-27.043575,2.283463,0.76115435,0.15200001,0.0,0.13701263,32.790287,32.820286,3504000
hardzero_plus_depr__c0p54__z1p05__lam0p030__nu0p50__psi1p00,hardzero_plus_depr,0.02,31,1095,0.0,1,0.5025678,0.5025678,1.0352378,0.09220665,0.09220665,1.0,1.0283079e-17,1.115221e-16,-27.288277,2.2775686,0.75918955,0.208,0.008,0.16654396,32.820286,32.850285,3507200
hardzero_plus_depr__c0p54__z1p05__lam0p030__nu0p50__psi1p00,hardzero_plus_depr,0.02,31,1096,0.0,1,0.5025678,0.5025678,1.0584244,0.0,0.08741292,0.0,0.0,1.08226267e-16,-27.375406,2.3285801,0.7761934,0.18400002,0.0,0.14746504,32.850285,32.880283,3510400
hardzero_plus_depr__c0p54__z1p05__lam0p030__nu0p50__psi1p00,hardzero_plus_depr,0.02,31,1097,0.0,1,0.5025678,0.5025678,1.0422446,0.09073094,0.09073094,1.0,9.529273e-18,1.0502782e-16,-27.399143,2.2929838,0.76432794,0.136,0.0,0.13247856,32.880283,32.910282,3513600
hardzero_plus_depr__c0p54__z1p05__lam0p030__nu0p50__psi1p00,hardzero_plus_depr,0.02,31,1098,0.0,1,0.5025678,0.5025678,1.0270921,0.09395239,0.09395239,1.0,9.5759945e-18,1.01923905e-16,-26.78697,2.2596476,0.7532159,0.16000001,0.0,0.15100795,32.910282,32.94028,3516800
hardzero_plus_depr__c0p54__z1p05__lam0p030__nu0p50__psi1p00,hardzero_plus_depr,0.02,31,1099,0.0,1,0.5025678,0.5025678,1.0369335,0.0918473,0.0918473,1.0,9.084774e-18,9.8911717e-17,-26.765114,2.2812994,0.76043314,0.192,0.0,0.15685101,32.94028,32.97028,3520000
hardzero_plus_depr__c0p54__z1p05__lam0p030__nu0p50__psi1p00,hardzero_plus_depr,0.02,31,1100,0.0,1,0.5025678,0.5025678,1.0210584,0.0952668,0.0952668,1.0,9.144522e-18,9.598856e-17,-26.730772,2.2463734,0.74879116,0.16000001,0.0,0.12687334,32.97028,33.00028,3523200
hardzero_plus_depr__c0p54__z1p05__lam0p030__nu0p50__psi1p00,hardzero_plus_depr,0.02,31,1101,0.0,1,0.5025678,0.5025678,0.99437475,0.101303674,0.101303674,1.0,9.436618e-18,9.315178e-17,-27.085573,2.187668,0.7292227,0.16800001,0.0,0.1353089,33.00028,33.030277,3526400
hardzero_plus_depr__c0p54__z1p05__lam0p030__nu0p50__psi1p00,hardzero_plus_depr,0.02,31,1102,0.0,1,0.5025678,0.5025678,1.0438915,0.09038752,0.09038752,1.0,8.170927e-18,9.039884e-17,-26.956661,2.2966073,0.7655358,0.104,0.0,0.15193997,33.030277,33.060276,3529600
hardzero_plus_depr__c0p54__z1p05__lam0p030__nu0p50__psi1p00,hardzero_plus_depr,0.02,31,1103,0.0,1,0.5025678,0.5025678,1.0358943,0.09206736,0.09206736,1.0,8.076817e-18,8.772726e-17,-27.463455,2.279013,0.759671,0.15200001,0.0,0.14842308,33.060276,33.090275,3532800
hardzero_plus_depr__c0p54__z1p05__lam0p030__nu0p50__psi1p00,hardzero_plus_depr,0.02,31,1104,0.0,1,0.5025678,0.5025678,0.9980841,0.10044212,0.10044212,1.0,8.551102e-18,8.5134626e-17,-26.400152,2.195829,0.731943,0.216,0.0,0.14930905,33.090275,33.120274,3536000
hardzero_plus_depr__c0p54__z1p05__lam0p030__nu0p50__psi1p00,hardzero_plus_depr,0.02,31,1105,0.0,1,0.5025678,0.5025678,1.0395119,0.09130363,0.09130363,1.0,7.54338e-18,8.261862e-17,-27.230234,2.2869718,0.762324,0.14,0.0,0.14221433,33.120274,33.150272,3539200
hardzero_plus_depr__c0p54__z1p05__lam0p030__nu0p50__psi1p00,hardzero_plus_depr,0.02,31,1106,0.0,1,0.5025678,0.5025678,1.0482448,0.08948602,0.08948602,1.0,7.174717e-18,8.017696e-17,-28.256508,2.3061848,0.76872826,0.14400001,0.0,0.14575338,33.150272,33.18027,3542400
hardzero_plus_depr__c0p54__z1p05__lam0p030__nu0p50__psi1p00,hardzero_plus_depr,0.02,31,1107,0.0,1,0.5025678,0.5025678,1.0747777,0.0,0.08418259,0.0,0.0,7.7807474e-17,-28.116993,2.3645582,0.7881861,0.104,0.0,0.20025088,33.18027,33.21027,3545600
hardzero_plus_depr__c0p54__z1p05__lam0p030__nu0p50__psi1p00,hardzero_plus_depr,0.02,31,1108,0.0,1,0.5025678,0.5025678,1.0230329,0.09483465,0.09483465,1.0,7.160776e-18,7.550801e-17,-26.656033,2.2507174,0.75023913,0.15200001,0.0,0.13379529,33.21027,33.24027,3548800
hardzero_plus_depr__c0p54__z1p05__lam0p030__nu0p50__psi1p00,hardzero_plus_depr,0.02,31,1109,0.0,1,0.5025678,0.5025678,1.0525973,0.0,0.08859367,0.0,0.0,7.3276496e-17,-26.480618,2.3157601,0.7719201,0.18400002,0.008,0.15377468,33.24027,33.270267,3552000
hardzero_plus_depr__c0p54__z1p05__lam0p030__nu0p50__psi1p00,hardzero_plus_depr,0.02,31,1110,0.0,1,0.5025678,0.5025678,1.0197217,0.09556045,0.09556045,1.0,6.795393e-18,7.111094e-17,-27.405838,2.2434328,0.74781096,0.128,0.0,0.13016477,33.270267,33.300266,3555200
hardzero_plus_depr__c0p54__z1p05__lam0p030__nu0p50__psi1p00,hardzero_plus_depr,0.02,31,1111,0.0,1,0.5025678,0.5025678,0.99234986,0.10177711,0.10177711,1.0,7.023575e-18,6.9009376e-17,-27.207973,2.1832132,0.7277378,0.14400001,0.0,0.1341099,33.300266,33.330265,3558400
hardzero_plus_depr__c0p54__z1p05__lam0p030__nu0p50__psi1p00,hardzero_plus_depr,0.02,31,1112,0.0,1,0.5025678,0.5025678,1.0297691,0.093375064,0.093375064,1.0,6.2533212e-18,6.6969925e-17,-27.07362,2.2655373,0.7551791,0.192,0.0,0.146337,33.330265,33.360264,3561600
hardzero_plus_depr__c0p54__z1p05__lam0p030__nu0p50__psi1p00,hardzero_plus_depr,0.02,31,1113,0.0,1,0.5025678,0.5025678,0.9978596,0.10049406,0.10049406,1.0,6.531183e-18,6.499074e-17,-26.192266,2.195335,0.7317783,0.128,0.0,0.14202671,33.360264,33.390263,3564800
hardzero_plus_depr__c0p54__z1p05__lam0p030__nu0p50__psi1p00,hardzero_plus_depr,0.02,31,1114,0.0,1,0.5025678,0.5025678,1.0834587,0.0,0.08251661,0.0,0.0,6.3070053e-17,-27.922262,2.3836567,0.79455227,0.16800001,0.0,0.1726088,33.390263,33.42026,3568000
hardzero_plus_depr__c0p54__z1p05__lam0p030__nu0p50__psi1p00,hardzero_plus_depr,0.02,31,1115,0.0,1,0.5025678,0.5025678,0.968961,0.10740859,0.10740859,1.0,6.5740634e-18,6.1206124e-17,-26.343185,2.1317568,0.7105856,0.192,0.0,0.11317001,33.42026,33.45026,3571200
hardzero_plus_depr__c0p54__z1p05__lam0p030__nu0p50__psi1p00,hardzero_plus_depr,0.02,31,1116,0.0,1,0.5025678,0.5025678,1.0267968,0.09401629,0.09401629,1.0,5.584312e-18,5.939728e-17,-26.474485,2.2589982,0.7529994,0.136,0.0,0.1546034,33.45026,33.48026,3574400
hardzero_plus_depr__c0p54__z1p05__lam0p030__nu0p50__psi1p00,hardzero_plus_depr,0.02,31,1117,0.0,1,0.5025678,0.5025678,1.0116383,0.09735576,0.09735576,1.0,5.611771e-18,5.76419e-17,-26.801424,2.2256486,0.7418829,0.16000001,0.0,0.14052916,33.48026,33.510258,3577600
hardzero_plus_depr__c0p54__z1p05__lam0p030__nu0p50__psi1p00,hardzero_plus_depr,0.02,31,1118,0.0,1,0.5025678,0.5025678,1.013982,0.09683178,0.09683178,1.0,5.4166144e-18,5.5938393e-17,-27.096045,2.2308052,0.74360174,0.12,0.0,0.13667245,33.510258,33.540257,3580800
hardzero_plus_depr__c0p54__z1p05__lam0p030__nu0p50__psi1p00,hardzero_plus_depr,0.02,31,1119,0.0,1,0.5025678,0.5025678,1.0315055,0.09300247,0.09300247,1.0,5.04866e-18,5.4285227e-17,-27.851665,2.2693574,0.7564525,0.14400001,0.0,0.13783818,33.540257,33.570255,3584000
hardzero_plus_depr__c0p54__z1p05__lam0p030__nu0p50__psi1p00,hardzero_plus_depr,0.02,31,1120,0.0,1,0.5025678,0.5025678,1.016951,0.09617208,0.09617208,1.0,5.0664337e-18,5.268092e-17,-27.122297,2.2373369,0.745779,0.120000005,0.0,0.15140551,33.570255,33.600254,3587200
hardzero_plus_depr__c0p54__z1p05__lam0p030__nu0p50__psi1p00,hardzero_plus_depr,0.02,31,1121,0.0,1,0.5025678,0.5025678,1.0241781,0.09458491,0.09458491,1.0,4.835562e-18,5.1124033e-17,-27.5545,2.253237,0.751079,0.16800001,0.0,0.14446409,33.600254,33.630253,3590400
hardzero_plus_depr__c0p54__z1p05__lam0p030__nu0p50__psi1p00,hardzero_plus_depr,0.02,31,1122,0.0,1,0.5025678,0.5025678,1.1028222,0.0,0.078918315,0.0,0.0,4.9613142e-17,-27.90301,2.4262574,0.8087525,0.08800001,0.0,0.14332995,33.630253,33.66025,3593600
hardzero_plus_depr__c0p54__z1p05__lam0p030__nu0p50__psi1p00,hardzero_plus_depr,0.02,31,1123,0.0,1,0.5025678,0.5025678,0.97509885,0.10590126,0.10590126,1.0,5.0988186e-18,4.814691e-17,-26.43609,2.1452603,0.7150868,0.136,0.0,0.1459529,33.66025,33.69025,3596800
hardzero_plus_depr__c0p54__z1p05__lam0p030__nu0p50__psi1p00,hardzero_plus_depr,0.02,31,1124,0.0,1,0.5025678,0.5025678,1.031161,0.093076296,0.093076296,1.0,4.3488983e-18,4.6724015e-17,-26.97103,2.2685995,0.75619984,0.14400001,0.0,0.14180234,33.69025,33.72025,3600000
hardzero_plus_depr__c0p54__z1p05__lam0p030__nu0p50__psi1p00,hardzero_plus_depr,0.02,31,1125,0.0,1,0.5025678,0.5025678,1.0994625,0.0,0.07953119,0.0,0.0,4.5343163e-17,-27.86236,2.418866,0.80628866,0.128,0.0,0.1663472,33.72025,33.750248,3603200
hardzero_plus_depr__c0p54__z1p05__lam0p030__nu0p50__psi1p00,hardzero_plus_depr,0.02,31,1126,0.0,1,0.5025678,0.5025678,1.0334764,0.09258138,0.09258138,1.0,4.07387e-18,4.4003127e-17,-26.353838,2.2736933,0.7578978,0.120000005,0.0,0.13500966,33.750248,33.780247,3606400
hardzero_plus_depr__c0p54__z1p05__lam0p030__nu0p50__psi1p00,hardzero_plus_depr,0.02,31,1127,0.0,1,0.5025678,0.5025678,1.0319198,0.09291378,0.09291378,1.0,3.967668e-18,4.270269e-17,-27.816011,2.270269,0.7567563,0.15200001,0.0,0.16004139,33.780247,33.810246,3609600
hardzero_plus_depr__c0p54__z1p05__lam0p030__nu0p50__psi1p00,hardzero_plus_depr,0.02,31,1128,0.0,1,0.5025678,0.5025678,1.0384246,0.09153251,0.09153251,1.0,3.79317e-18,4.1440683e-17,-27.627172,2.2845798,0.7615266,0.18400002,0.0,0.14275342,33.810246,33.840244,3612800
hardzero_plus_depr__c0p54__z1p05__lam0p030__nu0p50__psi1p00,hardzero_plus_depr,0.02,31,1129,0.0,1,0.5025678,0.5025678,1.0232923,0.09477803,0.09477803,1.0,3.811591e-18,4.0215976e-17,-27.911041,2.251288,0.75042933,0.120000005,0.0,0.1594317,33.840244,33.870243,3616000
hardzero_plus_depr__c0p54__z1p05__lam0p030__nu0p50__psi1p00,hardzero_plus_depr,0.02,31,1130,0.0,1,0.5025678,0.5025678,1.0197742,0.09554892,0.09554892,1.0,3.7290315e-18,3.902746e-17,-26.3984,2.243548,0.74784935,0.14400001,0.0,0.14556366,33.870243,33.90024,3619200
hardzero_plus_depr__c0p54__z1p05__lam0p030__nu0p50__psi1p00,hardzero_plus_depr,0.02,31,1131,0.0,1,0.5025678,0.5025678,0.9885204,0.102678515,0.102678515,1.0,3.8888536e-18,3.7874072e-17,-26.752121,2.1747882,0.72492945,0.099999994,0.0,0.14279546,33.90024,33.93024,3622400
hardzero_plus_depr__c0p54__z1p05__lam0p030__nu0p50__psi1p00,hardzero_plus_depr,0.02,31,1132,0.0,1,0.5025678,0.5025678,0.9955481,0.10103035,0.10103035,1.0,3.7133474e-18,3.675477e-17,-26.443138,2.1902497,0.7300832,0.208,0.0,0.13466404,33.93024,33.96024,3625600
hardzero_plus_depr__c0p54__z1p05__lam0p030__nu0p50__psi1p00,hardzero_plus_depr,0.02,31,1133,0.0,1,0.5025678,0.5025678,1.0686451,0.0,0.08537974,0.0,0.0,3.5668547e-17,-28.2609,2.351066,0.7836887,0.104,0.0,0.1341861,33.96024,33.99024,3628800
hardzero_plus_depr__c0p54__z1p05__lam0p030__nu0p50__psi1p00,hardzero_plus_depr,0.02,31,1134,0.0,1,0.5025678,0.5025678,1.0349573,0.092266224,0.092266224,1.0,3.1937423e-18,3.4614425e-17,-27.697218,2.2769516,0.75898385,0.208,0.0,0.19062765,33.99024,34.020237,3632000
hardzero_plus_depr__c0p54__z1p05__lam0p030__nu0p50__psi1p00,hardzero_plus_depr,0.02,31,1135,0.0,1,0.5025678,0.5025678,1.0924472,0.0,0.08082632,0.0,0.0,3.359145e-17,-28.2918,2.4034317,0.8011439,0.08800001,0.0,0.13815941,34.020237,34.050236,3635200
hardzero_plus_depr__c0p54__z1p05__lam0p030__nu0p50__psi1p00,hardzero_plus_depr,0.02,31,1136,0.0,1,0.5025678,0.5025678,1.0233827,0.0947583,0.0947583,1.0,3.088999e-18,3.2598718e-17,-27.078892,2.2514868,0.7504956,0.16800001,0.0,0.14600675,34.050236,34.080235,3638400
hardzero_plus_depr__c0p54__z1p05__lam0p030__nu0p50__psi1p00,hardzero_plus_depr,0.02,31,1137,0.0,1,0.5025678,0.5025678,1.0268811,0.09399805,0.09399805,1.0,2.9736583e-18,3.1635317e-17,-26.835232,2.2591834,0.7530612,0.192,0.0,0.16469407,34.080235,34.110233,3641600
hardzero_plus_depr__c0p54__z1p05__lam0p030__nu0p50__psi1p00,hardzero_plus_depr,0.02,31,1138,0.0,1,0.5025678,0.5025678,1.0447456,0.090209946,0.090209946,1.0,2.7694803e-18,3.0700388e-17,-27.347466,2.2984862,0.7661621,0.14400001,0.0,0.14113137,34.110233,34.140232,3644800
hardzero_plus_depr__c0p54__z1p05__lam0p030__nu0p50__psi1p00,hardzero_plus_depr,0.02,31,1139,0.0,1,0.5025678,0.5025678,1.0176713,0.096012704,0.096012704,1.0,2.8605153e-18,2.979309e-17,-26.31521,2.2389216,0.74630725,0.18400002,0.0,0.16074222,34.140232,34.17023,3648000
hardzero_plus_depr__c0p54__z1p05__lam0p030__nu0p50__psi1p00,hardzero_plus_depr,0.02,31,1140,0.0,1,0.5025678,0.5025678,1.0141745,0.0967889,0.0967889,1.0,2.7984196e-18,2.891261e-17,-26.89291,2.2312284,0.7437428,0.16000001,0.0,0.14645925,34.17023,34.20023,3651200
hardzero_plus_depr__c0p54__z1p05__lam0p030__nu0p50__psi1p00,hardzero_plus_depr,0.02,31,1141,0.0,1,0.5025678,0.5025678,1.0494876,0.08923032,0.08923032,1.0,2.5036373e-18,2.8058145e-17,-28.318724,2.3089187,0.7696396,0.16000001,0.0,0.13795626,34.20023,34.23023,3654400
hardzero_plus_depr__c0p54__z1p05__lam0p030__nu0p50__psi1p00,hardzero_plus_depr,0.02,31,1142,0.0,1,0.5025678,0.5025678,1.0438325,0.09039981,0.09039981,1.0,2.4614906e-18,2.7228936e-17,-27.4064,2.2964773,0.76549244,0.096,0.0,0.15149926,34.23023,34.260227,3657600
hardzero_plus_depr__c0p54__z1p05__lam0p030__nu0p50__psi1p00,hardzero_plus_depr,0.02,31,1143,0.0,1,0.5025678,0.5025678,1.0026449,0.09939283,0.09939283,1.0,2.6263793e-18,2.6424232e-17,-26.943945,2.2058628,0.7352876,0.2,0.008,0.117348105,34.260227,34.290226,3660800
hardzero_plus_depr__c0p54__z1p05__lam0p030__nu0p50__psi1p00,hardzero_plus_depr,0.02,31,1144,0.0,1,0.5025678,0.5025678,1.1026187,0.0,0.07895529,0.0,0.0,2.5643307e-17,-29.136915,2.4258096,0.8086032,0.14999999,0.0,0.1612468,34.290226,34.320225,3664000
hardzero_plus_depr__c0p54__z1p05__lam0p030__nu0p50__psi1p00,hardzero_plus_depr,0.02,31,1145,0.0,1,0.5025678,0.5025678,1.0028436,0.09934737,0.09934737,1.0,2.4723055e-18,2.4885466e-17,-26.812511,2.2063,0.73543334,0.192,0.0,0.1477416,34.320225,34.350224,3667200
hardzero_plus_depr__c0p54__z1p05__lam0p030__nu0p50__psi1p00,hardzero_plus_depr,0.02,31,1146,0.0,1,0.5025678,0.5025678,1.0426531,0.09064565,0.09064565,1.0,2.189094e-18,2.4150018e-17,-26.849377,2.2938826,0.7646276,0.136,0.0,0.1415615,34.350224,34.380222,3670400
hardzero_plus_depr__c0p54__z1p05__lam0p030__nu0p50__psi1p00,hardzero_plus_depr,0.02,31,1147,0.0,1,0.5025678,0.5025678,1.0929228,0.0,0.08073786,0.0,0.0,2.3436305e-17,-28.517525,2.404478,0.8014927,0.08800001,0.0,0.16614029,34.380222,34.41022,3673600
hardzero_plus_depr__c0p54__z1p05__lam0p030__nu0p50__psi1p00,hardzero_plus_depr,0.02,31,1148,0.0,1,0.5025678,0.5025678,1.0768871,0.0,0.0837747,0.0,0.0,2.2743685e-17,-28.204344,2.369199,0.78973305,0.16000001,0.0,0.17723191,34.41022,34.44022,3676800
hardzero_plus_depr__c0p54__z1p05__lam0p030__nu0p50__psi1p00,hardzero_plus_depr,0.02,31,1149,0.0,1,0.5025678,0.5025678,1.0207295,0.09533896,0.09533896,1.0,2.1042772e-18,2.2071535e-17,-27.179977,2.2456498,0.74854994,0.17600001,0.0,0.13464707,34.44022,34.47022,3680000
hardzero_plus_depr__c0p54__z1p05__lam0p030__nu0p50__psi1p00,hardzero_plus_depr,0.02,31,1150,0.0,1,0.5025678,0.5025678,0.99493796,0.1011724,0.1011724,1.0,2.1670368e-18,2.1419248e-17,-27.39604,2.1889071,0.7296357,0.136,0.0,0.13431875,34.47022,34.500217,3683200
hardzero_plus_depr__c0p54__z1p05__lam0p030__nu0p50__psi1p00,hardzero_plus_depr,0.02,31,1151,0.0,1,0.5025678,0.5025678,1.0381314,0.09159433,0.09159433,1.0,1.9039016e-18,2.0786238e-17,-27.526295,2.2839346,0.76131153,0.136,0.0,0.1341769,34.500217,34.530216,3686400
hardzero_plus_depr__c0p54__z1p05__lam0p030__nu0p50__psi1p00,hardzero_plus_depr,0.02,31,1152,0.0,1,0.5025678,0.5025678,1.0251666,0.094369866,0.094369866,1.0,1.9036232e-18,2.0171939e-17,-26.889517,2.2554116,0.7518039,0.17600001,0.0,0.15870056,34.530216,34.560215,3689600
hardzero_plus_depr__c0p54__z1p05__lam0p030__nu0p50__psi1p00,hardzero_plus_depr,0.02,31,1153,0.0,1,0.5025678,0.5025678,1.0487695,0.08937798,0.08937798,1.0,1.7496446e-18,1.957579e-17,-27.560684,2.307339,0.769113,0.192,0.0,0.14257559,34.560215,34.590214,3692800
hardzero_plus_depr__c0p54__z1p05__lam0p030__nu0p50__psi1p00,hardzero_plus_depr,0.02,31,1154,0.0,1,0.5025678,0.5025678,1.0383471,0.09154884,0.09154884,1.0,1.7391772e-18,1.8997262e-17,-28.513039,2.2844093,0.7614698,0.128,0.0,0.15501773,34.590214,34.620213,3696000
hardzero_plus_depr__c0p54__z1p05__lam0p030__nu0p50__psi1p00,hardzero_plus_depr,0.02,31,1155,0.0,1,0.5025678,0.5025678,1.089561,0.0,0.08136525,0.0,0.0,1.8435831e-17,-28.533087,2.397082,0.7990274,0.104,0.0,0.16225189,34.620213,34.65021,3699200
hardzero_plus_depr__c0p54__z1p05__lam0p030__nu0p50__psi1p00,hardzero_plus_depr,0.02,31,1156,0.0,1,0.5025678,0.5025678,1.08551,0.0,0.08212775,0.0,0.0,1.7890992e-17,-28.275267,2.3881698,0.7960566,0.128,0.0,0.1867922,34.65021,34.68021,3702400
hardzero_plus_depr__c0p54__z1p05__lam0p030__nu0p50__psi1p00,hardzero_plus_depr,0.02,31,1157,0.0,1,0.5025678,0.5025678,1.0126309,0.09713351,0.09713351,1.0,1.6864566e-18,1.7362253e-17,-26.555874,2.2278326,0.7426109,0.14,0.0,0.12724854,34.68021,34.71021,3705600
hardzero_plus_depr__c0p54__z1p05__lam0p030__nu0p50__psi1p00,hardzero_plus_depr,0.02,31,1158,0.0,1,0.5025678,0.5025678,0.99533063,0.10108097,0.10108097,1.0,1.7031276e-18,1.6849141e-17,-26.336388,2.1897712,0.7299237,0.128,0.0,0.13396281,34.71021,34.740208,3708800
hardzero_plus_depr__c0p54__z1p05__lam0p030__nu0p50__psi1p00,hardzero_plus_depr,0.02,31,1159,0.0,1,0.5025678,0.5025678,1.0072862,0.098336294,0.098336294,1.0,1.607916e-18,1.6351195e-17,-27.61409,2.216074,0.73869133,0.208,0.0,0.15937859,34.740208,34.770206,3712000
hardzero_plus_depr__c0p54__z1p05__lam0p030__nu0p50__psi1p00,hardzero_plus_depr,0.02,31,1160,0.0,1,0.5025678,0.5025678,1.0531836,0.0,0.088474154,0.0,0.0,1.5867963e-17,-27.635468,2.31705,0.77235,0.192,0.008,0.15892461,34.770206,34.800205,3715200
hardzero_plus_depr__c0p54__z1p05__lam0p030__nu0p50__psi1p00,hardzero_plus_depr,0.02,31,1161,0.0,1,0.5025678,0.5025678,1.1013207,0.0,0.07919162,0.0,0.0,1.5399013e-17,-28.31969,2.422954,0.8076514,0.136,0.0,0.15997854,34.800205,34.830204,3718400
hardzero_plus_depr__c0p54__z1p05__lam0p030__nu0p50__psi1p00,hardzero_plus_depr,0.02,31,1162,0.0,1,0.5025678,0.5025678,1.0612559,0.0,0.08684484,0.0,0.0,1.4943923e-17,-26.89838,2.3348098,0.77826995,0.14400001,0.0,0.14659159,34.830204,34.860203,3721600
hardzero_plus_depr__c0p54__z1p05__lam0p030__nu0p50__psi1p00,hardzero_plus_depr,0.02,31,1163,0.0,1,0.5025678,0.5025678,1.0553746,0.0,0.088028915,0.0,0.0,1.450228e-17,-28.080372,2.3218706,0.7739569,0.136,0.0,0.14536475,34.860203,34.8902,3724800
hardzero_plus_depr__c0p54__z1p05__lam0p030__nu0p50__psi1p00,hardzero_plus_depr,0.02,31,1164,0.0,1,0.5025678,0.5025678,1.0734074,0.0,0.08444862,0.0,0.0,1.407369e-17,-27.756372,2.3615434,0.78718114,0.16000001,0.0,0.15863381,34.8902,34.9202,3728000
hardzero_plus_depr__c0p54__z1p05__lam0p030__nu0p50__psi1p00,hardzero_plus_depr,0.02,31,1165,0.0,1,0.5025678,0.5025678,1.0593688,0.0,0.087223016,0.0,0.0,1.3657767e-17,-27.612402,2.330658,0.776886,0.136,0.0,0.14530848,34.9202,34.9502,3731200
hardzero_plus_depr__c0p54__z1p05__lam0p030__nu0p50__psi1p00,hardzero_plus_depr,0.02,31,1166,0.0,1,0.5025678,0.5025678,1.0556014,0.0,0.08798296,0.0,0.0,1.3254135e-17,-27.986067,2.3223693,0.77412313,0.16000001,0.0,0.15815549,34.9502,34.980198,3734400
hardzero_plus_depr__c0p54__z1p05__lam0p030__nu0p50__psi1p00,hardzero_plus_depr,0.02,31,1167,0.0,1,0.5025678,0.5025678,1.0138165,0.09686871,0.09686871,1.0,1.2459671e-18,1.2862431e-17,-27.56173,2.2304409,0.7434803,0.136,0.0,0.14961699,34.980198,35.010197,3737600
hardzero_plus_depr__c0p54__z1p05__lam0p030__nu0p50__psi1p00,hardzero_plus_depr,0.02,31,1168,0.0,1,0.5025678,0.5025678,1.0551177,0.0,0.088081,0.0,0.0,1.2482304e-17,-27.284626,2.3213053,0.7737684,0.14400001,0.0,0.16282038,35.010197,35.040195,3740800
hardzero_plus_depr__c0p54__z1p05__lam0p030__nu0p50__psi1p00,hardzero_plus_depr,0.02,31,1169,0.0,1,0.5025678,0.5025678,1.0784243,0.0,0.08347869,0.0,0.0,1.2113411e-17,-28.269735,2.372581,0.79086035,0.08800001,0.0,0.14040416,35.040195,35.070194,3744000
hardzero_plus_depr__c0p54__z1p05__lam0p030__nu0p50__psi1p00,hardzero_plus_depr,0.02,31,1170,0.0,1,0.5025678,0.5025678,1.061739,0.0,0.08674831,0.0,0.0,1.175542e-17,-27.291573,2.3358724,0.7786242,0.13,0.0,0.122361965,35.070194,35.100193,3747200
hardzero_plus_depr__c0p54__z1p05__lam0p030__nu0p50__psi1p00,hardzero_plus_depr,0.02,31,1171,0.0,1,0.5025678,0.5025678,1.0477964,0.089578465,0.089578465,1.0,1.0219119e-18,1.14080085e-17,-27.527744,2.305198,0.76839936,0.072000004,0.0,0.13598473,35.100193,35.13019,3750400
hardzero_plus_depr__c0p54__z1p05__lam0p030__nu0p50__psi1p00,hardzero_plus_depr,0.02,31,1172,0.0,1,0.5025678,0.5025678,1.0465451,0.08983692,0.08983692,1.0,9.945724e-19,1.10708646e-17,-27.117075,2.3024454,0.7674818,0.18400002,0.0,0.16138068,35.13019,35.16019,3753600
hardzero_plus_depr__c0p54__z1p05__lam0p030__nu0p50__psi1p00,hardzero_plus_depr,0.02,31,1173,0.0,1,0.5025678,0.5025678,1.0498068,0.089164734,0.089164734,1.0,9.579578e-19,1.0743684e-17,-27.268692,2.309621,0.76987374,0.136,0.0,0.1819487,35.16019,35.19019,3756800
hardzero_plus_depr__c0p54__z1p05__lam0p030__nu0p50__psi1p00,hardzero_plus_depr,0.02,31,1174,0.0,1,0.5025678,0.5025678,1.0339369,0.09248327,0.09248327,1.0,9.642465e-19,1.0426172e-17,-27.169645,2.2747066,0.7582356,0.18400002,0.0,0.13986376,35.19019,35.22019,3760000
hardzero_plus_depr__c0p54__z1p05__lam0p030__nu0p50__psi1p00,hardzero_plus_depr,0.02,31,1175,0.0,1,0.5025678,0.5025678,1.0655171,0.0,0.085996926,0.0,0.0,1.0118045e-17,-27.905523,2.3441844,0.78139484,0.120000005,0.0,0.14190724,35.22019,35.250187,3763200
hardzero_plus_depr__c0p54__z1p05__lam0p030__nu0p50__psi1p00,hardzero_plus_depr,0.02,31,1176,0.0,1,0.5025678,0.5025678,1.0365773,0.09192266,0.09192266,1.0,9.025907e-19,9.8190235e-18,-27.383636,2.2805157,0.7601719,0.15200001,0.0,0.15117949,35.250187,35.280186,3766400
hardzero_plus_depr__c0p54__z1p05__lam0p030__nu0p50__psi1p00,hardzero_plus_depr,0.02,31,1177,0.0,1,0.5025678,0.5025678,1.0893247,0.0,0.08140954,0.0,0.0,9.52884e-18,-28.364408,2.3965623,0.7988541,0.128,0.0,0.15025827,35.280186,35.310184,3769600
hardzero_plus_depr__c0p54__z1p05__lam0p030__nu0p50__psi1p00,hardzero_plus_depr,0.02,31,1178,0.0,1,0.5025678,0.5025678,1.0209812,0.09528374,0.09528374,1.0,8.811107e-19,9.247231e-18,-26.884716,2.2462034,0.7487345,0.2,0.0,0.15659112,35.310184,35.340183,3772800
hardzero_plus_depr__c0p54__z1p05__lam0p030__nu0p50__psi1p00,hardzero_plus_depr,0.02,31,1179,0.0,1,0.5025678,0.5025678,0.95654786,0.11052287,0.11052287,1.0,9.918262e-19,8.973945e-18,-26.265453,2.1044474,0.7014825,0.208,0.0,0.14115535,35.340183,35.370182,3776000
hardzero_plus_depr__c0p54__z1p05__lam0p030__nu0p50__psi1p00,hardzero_plus_depr,0.02,31,1180,0.0,1,0.5025678,0.5025678,1.0549011,0.0,0.088124946,0.0,0.0,8.708735e-18,-27.323967,2.320829,0.77360964,0.18400002,0.0,0.15293893,35.370182,35.40018,3779200
hardzero_plus_depr__c0p54__z1p05__lam0p030__nu0p50__psi1p00,hardzero_plus_depr,0.02,31,1181,0.0,1,0.5025678,0.5025678,1.0650219,0.0,0.08609504,0.0,0.0,8.451364e-18,-28.112036,2.3430948,0.7810316,0.24000001,0.0,0.15366745,35.40018,35.43018,3782400
hardzero_plus_depr__c0p54__z1p05__lam0p030__nu0p50__psi1p00,hardzero_plus_depr,0.02,31,1182,0.0,1,0.5025678,0.5025678,1.1175878,0.0,0.07628025,0.0,0.0,8.201598e-18,-29.26787,2.4587421,0.81958073,0.16000001,0.0,0.19829214,35.43018,35.46018,3785600
hardzero_plus_depr__c0p54__z1p05__lam0p030__nu0p50__psi1p00,hardzero_plus_depr,0.02,31,1183,0.0,1,0.5025678,0.5025678,1.0341346,0.09244116,0.09244116,1.0,7.35759e-19,7.9592146e-18,-26.416542,2.2751415,0.75838053,0.13,0.0,0.15030234,35.46018,35.490177,3788800
hardzero_plus_depr__c0p54__z1p05__lam0p030__nu0p50__psi1p00,hardzero_plus_depr,0.02,31,1184,0.0,1,0.5025678,0.5025678,1.0387994,0.091453545,0.091453545,1.0,7.0638655e-19,7.723993e-18,-27.338158,2.2854042,0.7618014,0.112,0.0,0.16145544,35.490177,35.520176,3792000
hardzero_plus_depr__c0p54__z1p05__lam0p030__nu0p50__psi1p00,hardzero_plus_depr,0.02,31,1185,0.0,1,0.5025678,0.5025678,1.0356796,0.09211289,0.09211289,1.0,6.904529e-19,7.495725e-18,-27.449314,2.2785406,0.75951356,0.14400001,0.0,0.1524565,35.520176,35.550175,3795200
hardzero_plus_depr__c0p54__z1p05__lam0p030__nu0p50__psi1p00,hardzero_plus_depr,0.02,31,1186,0.0,1,0.5025678,0.5025678,1.0351725,0.0922205,0.0922205,1.0,6.7083045e-19,7.274201e-18,-27.681337,2.2774248,0.7591416,0.16800001,0.0,0.1675904,35.550175,35.580173,3798400
hardzero_plus_depr__c0p54__z1p05__lam0p030__nu0p50__psi1p00,hardzero_plus_depr,0.02,31,1187,0.0,1,0.5025678,0.5025678,1.066624,0.0,0.085778,0.0,0.0,7.059225e-18,-27.154823,2.3466198,0.78220665,0.120000005,0.0,0.14057182,35.580173,35.610172,3801600
hardzero_plus_depr__c0p54__z1p05__lam0p030__nu0p50__psi1p00,hardzero_plus_depr,0.02,31,1188,0.0,1,0.5025678,0.5025678,1.0927234,0.0,0.08077495,0.0,0.0,6.8506006e-18,-27.924292,2.4040394,0.8013465,0.16000001,0.0,0.15301572,35.610172,35.64017,3804800
hardzero_plus_depr__c0p54__z1p05__lam0p030__nu0p50__psi1p00,hardzero_plus_depr,0.02,31,1189,0.0,1,0.5025678,0.5025678,1.0173734,0.09607858,0.09607858,1.0,6.3874416e-19,6.6481432e-18,-26.878212,2.2382662,0.74608874,0.15200001,0.0,0.14818332,35.64017,35.67017,3808000
hardzero_plus_depr__c0p54__z1p05__lam0p030__nu0p50__psi1p00,hardzero_plus_depr,0.02,31,1190,0.0,1,0.5025678,0.5025678,1.0668131,0.0,0.08574066,0.0,0.0,6.4516684e-18,-27.622292,2.3470356,0.78234524,0.120000005,0.0,0.14163418,35.67017,35.70017,3811200
hardzero_plus_depr__c0p54__z1p05__lam0p030__nu0p50__psi1p00,hardzero_plus_depr,0.02,31,1191,0.0,1,0.5025678,0.5025678,1.0604784,0.0,0.08700046,0.0,0.0,6.2610008e-18,-27.86637,2.3330991,0.7776997,0.14400001,0.008,0.13407776,35.70017,35.730167,3814400
hardzero_plus_depr__c0p54__z1p05__lam0p030__nu0p50__psi1p00,hardzero_plus_depr,0.02,31,1192,0.0,1,0.5025678,0.5025678,0.9943533,0.10130868,0.10130868,1.0,6.155483e-19,6.075968e-18,-26.841225,2.1876209,0.729207,0.17600001,0.0,0.12182145,35.730167,35.760166,3817600
hardzero_plus_depr__c0p54__z1p05__lam0p030__nu0p50__psi1p00,hardzero_plus_depr,0.02,31,1193,0.0,1,0.5025678,0.5025678,1.0383478,0.09154868,0.09154868,1.0,5.3980793e-19,5.896403e-18,-28.34717,2.284411,0.7614703,0.096,0.0,0.1483888,35.760166,35.790165,3820800
hardzero_plus_depr__c0p54__z1p05__lam0p030__nu0p50__psi1p00,hardzero_plus_depr,0.02,31,1194,0.0,1,0.5025678,0.5025678,1.0656192,0.0,0.08597669,0.0,0.0,5.7221447e-18,-28.307333,2.344409,0.7814697,0.16000001,0.0,0.17254062,35.790165,35.820164,3824000
hardzero_plus_depr__c0p54__z1p05__lam0p030__nu0p50__psi1p00,hardzero_plus_depr,0.02,31,1195,0.0,1,0.5025678,0.5025678,1.043576,0.09045321,0.09045321,1.0,5.0228997e-19,5.5530367e-18,-27.0864,2.295913,0.7653043,0.128,0.0,0.13924938,35.820164,35.850163,3827200
hardzero_plus_depr__c0p54__z1p05__lam0p030__nu0p50__psi1p00,hardzero_plus_depr,0.02,31,1196,0.0,1,0.5025678,0.5025678,1.0096775,0.097796306,0.097796306,1.0,5.270171e-19,5.388926e-18,-27.028027,2.221335,0.740445,0.14,0.0,0.1589207,35.850163,35.88016,3830400
hardzero_plus_depr__c0p54__z1p05__lam0p030__nu0p50__psi1p00,hardzero_plus_depr,0.02,31,1197,0.0,1,0.5025678,0.5025678,0.98815095,0.102765895,0.102765895,1.0,5.3743124e-19,5.2296654e-18,-25.60999,2.1739755,0.7246585,0.216,0.0,0.1421038,35.88016,35.91016,3833600
hardzero_plus_depr__c0p54__z1p05__lam0p030__nu0p50__psi1p00,hardzero_plus_depr,0.02,31,1198,0.0,1,0.5025678,0.5025678,1.0943329,0.0,0.08047613,0.0,0.0,5.075112e-18,-28.576794,2.4075806,0.8025269,0.08800001,0.0,0.14164788,35.91016,35.94016,3836800
hardzero_plus_depr__c0p54__z1p05__lam0p030__nu0p50__psi1p00,hardzero_plus_depr,0.02,31,1199,0.0,1,0.5025678,0.5025678,1.023898,0.09464593,0.09464593,1.0,4.6614316e-19,4.925126e-18,-26.704067,2.2526207,0.75087357,0.192,0.0,0.16211304,35.94016,35.970158,3840000
hardzero_plus_depr__c0p54__z1p05__lam0p030__nu0p50__psi1p00,hardzero_plus_depr,0.02,31,1200,0.0,1,0.5025678,0.5025678,1.0915248,0.0,0.08099817,0.0,0.0,4.7795724e-18,-28.629993,2.4014025,0.8004675,0.16800001,0.0,0.16025786,35.970158,36.000156,3843200
hardzero_plus_depr__c0p54__z1p05__lam0p030__nu0p50__psi1p00,hardzero_plus_depr,0.02,31,1201,0.0,1,0.5025678,0.5025678,1.0312029,0.09306728,0.09306728,1.0,4.3167589e-19,4.6383206e-18,-27.208208,2.2686918,0.7562306,0.14400001,0.0,0.16747724,36.000156,36.030155,3846400
hardzero_plus_depr__c0p54__z1p05__lam0p030__nu0p50__psi1p00,hardzero_plus_depr,0.02,31,1202,0.0,1,0.5025678,0.5025678,1.0466882,0.08980733,0.08980733,1.0,4.0424459e-19,4.5012427e-18,-27.26974,2.3027601,0.7675867,0.120000005,0.0,0.14504321,36.030155,36.060154,3849600
hardzero_plus_depr__c0p54__z1p05__lam0p030__nu0p50__psi1p00,hardzero_plus_depr,0.02,31,1203,0.0,1,0.5025678,0.5025678,1.0225327,0.09494394,0.09494394,1.0,4.1473564e-19,4.368216e-18,-27.425896,2.2496169,0.7498723,0.15200001,0.0,0.14704667,36.060154,36.090153,3852800
hardzero_plus_depr__c0p54__z1p05__lam0p030__nu0p50__psi1p00,hardzero_plus_depr,0.02,31,1204,0.0,1,0.5025678,0.5025678,1.0257798,0.09423672,0.09423672,1.0,3.9948083e-19,4.2391207e-18,-27.348114,2.2567606,0.75225353,0.16000001,0.0,0.14296277,36.090153,36.12015,3856000
hardzero_plus_depr__c0p54__z1p05__lam0p030__nu0p50__psi1p00,hardzero_plus_depr,0.02,31,1205,0.0,1,0.5025678,0.5025678,1.0321609,0.09286224,0.09286224,1.0,3.820205e-19,4.113841e-18,-26.7014,2.2707994,0.75693315,0.120000005,0.0,0.14398333,36.12015,36.15015,3859200
hardzero_plus_depr__c0p54__z1p05__lam0p030__nu0p50__psi1p00,hardzero_plus_depr,0.02,31,1206,0.0,1,0.5025678,0.5025678,1.0420724,0.09076691,0.09076691,1.0,3.6236541e-19,3.9922636e-18,-27.710606,2.2926052,0.76420176,0.14400001,0.0,0.1635637,36.15015,36.18015,3862400
hardzero_plus_depr__c0p54__z1p05__lam0p030__nu0p50__psi1p00,hardzero_plus_depr,0.02,31,1207,0.0,1,0.5025678,0.5025678,0.98668146,0.10311421,0.10311421,1.0,3.9949324e-19,3.874279e-18,-26.580679,2.1707425,0.72358084,0.128,0.0,0.12519127,36.18015,36.210148,3865600
hardzero_plus_depr__c0p54__z1p05__lam0p030__nu0p50__psi1p00,hardzero_plus_depr,0.02,31,1208,0.0,1,0.5025678,0.5025678,1.0419036,0.09080221,0.09080221,1.0,3.4139646e-19,3.7597816e-18,-28.229002,2.2922337,0.7640779,0.16800001,0.0,0.1764057,36.210148,36.240147,3868800
hardzero_plus_depr__c0p54__z1p05__lam0p030__nu0p50__psi1p00,hardzero_plus_depr,0.02,31,1209,0.0,1,0.5025678,0.5025678,1.0283878,0.093672514,0.093672514,1.0,3.4177984e-19,3.6486672e-18,-27.664972,2.2624984,0.7541661,0.14,0.0,0.14207882,36.240147,36.270145,3872000
hardzero_plus_depr__c0p54__z1p05__lam0p030__nu0p50__psi1p00,hardzero_plus_depr,0.02,31,1210,0.0,1,0.5025678,0.5025678,1.0847944,0.0,0.0822632,0.0,0.0,3.540837e-18,-27.3794,2.3865952,0.79553175,0.096,0.0,0.1669043,36.270145,36.300144,3875200
hardzero_plus_depr__c0p54__z1p05__lam0p030__nu0p50__psi1p00,hardzero_plus_depr,0.02,31,1211,0.0,1,0.5025678,0.5025678,1.0050516,0.09884356,0.09884356,1.0,3.3964563e-19,3.4361939e-18,-26.737589,2.2111578,0.7370526,0.128,0.0,0.13878262,36.300144,36.330143,3878400
hardzero_plus_depr__c0p54__z1p05__lam0p030__nu0p50__psi1p00,hardzero_plus_depr,0.02,31,1212,0.0,1,0.5025678,0.5025678,1.0566518,0.0,0.08777041,0.0,0.0,3.334643e-18,-28.357725,2.3246806,0.7748935,0.15200001,0.0,0.20716682,36.330143,36.36014,3881600
hardzero_plus_depr__c0p54__z1p05__lam0p030__nu0p50__psi1p00,hardzero_plus_depr,0.02,31,1213,0.0,1,0.5025678,0.5025678,1.070196,0.0,0.08507539,0.0,0.0,3.2360935e-18,-28.600687,2.3544784,0.78482616,0.112,0.0,0.17219941,36.36014,36.39014,3884800
hardzero_plus_depr__c0p54__z1p05__lam0p030__nu0p50__psi1p00,hardzero_plus_depr,0.02,31,1214,0.0,1,0.5025678,0.5025678,1.0435629,0.09045594,0.09045594,1.0,2.8407293e-19,3.1404563e-18,-27.944065,2.2958841,0.76529473,0.136,0.0,0.14794652,36.39014,36.42014,3888000
hardzero_plus_depr__c0p54__z1p05__lam0p030__nu0p50__psi1p00,hardzero_plus_depr,0.02,31,1215,0.0,1,0.5025678,0.5025678,1.0346917,0.09232266,0.09232266,1.0,2.8136675e-19,3.0476454e-18,-27.012365,2.2763672,0.75878906,0.120000005,0.0,0.13353798,36.42014,36.450138,3891200
hardzero_plus_depr__c0p54__z1p05__lam0p030__nu0p50__psi1p00,hardzero_plus_depr,0.02,31,1216,0.0,1,0.5025678,0.5025678,0.9958979,0.10094901,0.10094901,1.0,2.985645e-19,2.9575775e-18,-25.349218,2.191019,0.7303397,0.15200001,0.0,0.13366197,36.450138,36.480137,3894400
hardzero_plus_depr__c0p54__z1p05__lam0p030__nu0p50__psi1p00,hardzero_plus_depr,0.02,31,1217,0.0,1,0.5025678,0.5025678,1.040798,0.09103367,0.09103367,1.0,2.6128224e-19,2.8701716e-18,-27.578243,2.2898011,0.76326704,0.112,0.0,0.14961094,36.480137,36.510136,3897600
hardzero_plus_depr__c0p54__z1p05__lam0p030__nu0p50__psi1p00,hardzero_plus_depr,0.02,31,1218,0.0,1,0.5025678,0.5025678,1.0359067,0.092064746,0.092064746,1.0,2.5643237e-19,2.7853483e-18,-27.131481,2.27904,0.75968003,0.104,0.0,0.13492829,36.510136,36.540134,3900800
hardzero_plus_depr__c0p54__z1p05__lam0p030__nu0p50__psi1p00,hardzero_plus_depr,0.02,31,1219,0.0,1,0.5025678,0.5025678,1.0000392,0.099990964,0.099990964,1.0,2.7027878e-19,2.703032e-18,-26.574377,2.2001302,0.73337674,0.16000001,0.0,0.1324114,36.540134,36.570133,3904000
hardzero_plus_depr__c0p54__z1p05__lam0p030__nu0p50__psi1p00,hardzero_plus_depr,0.02,31,1220,0.0,1,0.5025678,0.5025678,1.0308748,0.09313763,0.09313763,1.0,2.4431387e-19,2.6231487e-18,-27.591986,2.2679698,0.75598997,0.2,0.0,0.15738933,36.570133,36.600132,3907200
hardzero_plus_depr__c0p54__z1p05__lam0p030__nu0p50__psi1p00,hardzero_plus_depr,0.02,31,1221,0.0,1,0.5025678,0.5025678,1.0390278,0.09140546,0.09140546,1.0,2.3268415e-19,2.5456264e-18,-26.865057,2.2859068,0.761969,0.16800001,0.0,0.14888561,36.600132,36.63013,3910400
hardzero_plus_depr__c0p54__z1p05__lam0p030__nu0p50__psi1p00,hardzero_plus_depr,0.02,31,1222,0.0,1,0.5025678,0.5025678,0.98657274,0.10314003,0.10314003,1.0,2.5479655e-19,2.4703945e-18,-26.268013,2.1705034,0.72350115,0.17999999,0.0,0.12632802,36.63013,36.66013,3913600
hardzero_plus_depr__c0p54__z1p05__lam0p030__nu0p50__psi1p00,hardzero_plus_depr,0.02,31,1223,0.0,1,0.5025678,0.5025678,1.0190036,0.09571861,0.09571861,1.0,2.2947448e-19,2.3973863e-18,-27.545618,2.2418528,0.7472843,0.208,0.0,0.15572634,36.66013,36.69013,3916800
hardzero_plus_depr__c0p54__z1p05__lam0p030__nu0p50__psi1p00,hardzero_plus_depr,0.02,31,1224,0.0,1,0.5025678,0.5025678,1.0756439,0.0,0.08401486,0.0,0.0,2.3265356e-18,-28.248648,2.366464,0.78882134,0.128,0.0,0.15195277,36.69013,36.720127,3920000
hardzero_plus_depr__c0p54__z1p05__lam0p030__nu0p50__psi1p00,hardzero_plus_depr,0.02,31,1225,0.0,1,0.5025678,0.5025678,1.032465,0.092797235,0.092797235,1.0,2.0951562e-19,2.2577787e-18,-27.481544,2.2714684,0.75715613,0.17600001,0.0,0.15078396,36.720127,36.750126,3923200
hardzero_plus_depr__c0p54__z1p05__lam0p030__nu0p50__psi1p00,hardzero_plus_depr,0.02,31,1226,0.0,1,0.5025678,0.5025678,0.9796608,0.10479467,0.10479467,1.0,2.2961078e-19,2.191054e-18,-26.5035,2.1552968,0.7184323,0.17600001,0.0,0.12024055,36.750126,36.780125,3926400
hardzero_plus_depr__c0p54__z1p05__lam0p030__nu0p50__psi1p00,hardzero_plus_depr,0.02,31,1227,0.0,1,0.5025678,0.5025678,0.98404264,0.10374265,0.10374265,1.0,2.2058813e-19,2.1263013e-18,-26.148829,2.164937,0.7216457,0.192,0.0,0.14072695,36.780125,36.810123,3929600
hardzero_plus_depr__c0p54__z1p05__lam0p030__nu0p50__psi1p00,hardzero_plus_depr,0.02,31,1228,0.0,1,0.5025678,0.5025678,1.0334628,0.09258427,0.09258427,1.0,1.9104412e-19,2.063462e-18,-27.453861,2.2736635,0.75788784,0.128,0.0,0.15651055,36.810123,36.840122,3932800
hardzero_plus_depr__c0p54__z1p05__lam0p030__nu0p50__psi1p00,hardzero_plus_depr,0.02,31,1229,0.0,1,0.5025678,0.5025678,1.0654655,0.0,0.08600715,0.0,0.0,2.00248e-18,-27.599411,2.344071,0.781357,0.216,0.0,0.15010533,36.840122,36.87012,3936000
hardzero_plus_depr__c0p54__z1p05__lam0p030__nu0p50__psi1p00,hardzero_plus_depr,0.02,31,1230,0.0,1,0.5025678,0.5025678,1.0478936,0.089558415,0.089558415,1.0,1.7403888e-19,1.9433002e-18,-28.018803,2.305412,0.7684707,0.104,0.0,0.16389641,36.87012,36.90012,3939200
hardzero_plus_depr__c0p54__z1p05__lam0p030__nu0p50__psi1p00,hardzero_plus_depr,0.02,31,1231,0.0,1,0.5025678,0.5025678,1.0540981,0.0,0.08828803,0.0,0.0,1.8858692e-18,-27.37655,2.3190622,0.77302074,0.096,0.0,0.15095091,36.90012,36.93012,3942400
hardzero_plus_depr__c0p54__z1p05__lam0p030__nu0p50__psi1p00,hardzero_plus_depr,0.02,31,1232,0.0,1,0.5025678,0.5025678,1.0677545,0.0,0.085555,0.0,0.0,1.8301357e-18,-28.347662,2.3491068,0.78303564,0.18400002,0.0,0.16601396,36.93012,36.960117,3945600
hardzero_plus_depr__c0p54__z1p05__lam0p030__nu0p50__psi1p00,hardzero_plus_depr,0.02,31,1233,0.0,1,0.5025678,0.5025678,1.0481172,0.089512326,0.089512326,1.0,1.589783e-19,1.7760492e-18,-27.061668,2.305904,0.7686347,0.08800001,0.0,0.1449671,36.960117,36.990116,3948800
hardzero_plus_depr__c0p54__z1p05__lam0p030__nu0p50__psi1p00,hardzero_plus_depr,0.02,31,1234,0.0,1,0.5025678,0.5025678,1.029744,0.09338045,0.09338045,1.0,1.609469e-19,1.723561e-18,-27.17953,2.2654822,0.75516075,0.136,0.0,0.16579714,36.990116,37.020115,3952000
hardzero_plus_depr__c0p54__z1p05__lam0p030__nu0p50__psi1p00,hardzero_plus_depr,0.02,31,1235,0.0,1,0.5025678,0.5025678,1.0290902,0.093521155,0.093521155,1.0,1.5642575e-19,1.6726241e-18,-28.317867,2.2640436,0.7546812,0.19,0.0,0.15978523,37.020115,37.050114,3955200
hardzero_plus_depr__c0p54__z1p05__lam0p030__nu0p50__psi1p00,hardzero_plus_depr,0.02,31,1236,0.0,1,0.5025678,0.5025678,1.0829139,0.0,0.08262017,0.0,0.0,1.6231926e-18,-27.958569,2.3824582,0.79415274,0.104,0.0,0.15312043,37.050114,37.080112,3958400
hardzero_plus_depr__c0p54__z1p05__lam0p030__nu0p50__psi1p00,hardzero_plus_depr,0.02,31,1237,0.0,1,0.5025678,0.5025678,1.0031276,0.099282436,0.099282436,1.0,1.5639187e-19,1.575222e-18,-27.055292,2.2069247,0.7356416,0.2,0.0,0.13046001,37.080112,37.11011,3961600
hardzero_plus_depr__c0p54__z1p05__lam0p030__nu0p50__psi1p00,hardzero_plus_depr,0.02,31,1238,0.0,1,0.5025678,0.5025678,1.0535814,0.0,0.088393144,0.0,0.0,1.528669e-18,-27.713308,2.3179252,0.7726418,0.064,0.0,0.17608203,37.11011,37.14011,3964800
hardzero_plus_depr__c0p54__z1p05__lam0p030__nu0p50__psi1p00,hardzero_plus_depr,0.02,31,1239,0.0,1,0.5025678,0.5025678,1.0429239,0.09058913,0.09058913,1.0,1.3438823e-19,1.4834919e-18,-27.763908,2.2944784,0.7648262,0.15200001,0.0,0.1624538,37.14011,37.17011,3968000
hardzero_plus_depr__c0p54__z1p05__lam0p030__nu0p50__psi1p00,hardzero_plus_depr,0.02,31,1240,0.0,1,0.5025678,0.5025678,1.0477617,0.089585625,0.089585625,1.0,1.2897192e-19,1.4396497e-18,-27.617424,2.3051217,0.7683739,0.136,0.0,0.120962985,37.17011,37.200108,3971200
hardzero_plus_depr__c0p54__z1p05__lam0p030__nu0p50__psi1p00,hardzero_plus_depr,0.02,31,1241,0.0,1,0.5025678,0.5025678,1.0357698,0.09209374,0.09209374,1.0,1.2866448e-19,1.3971034e-18,-27.737188,2.278739,0.75957966,0.15200001,0.0,0.15890735,37.200108,37.230106,3974400
hardzero_plus_depr__c0p54__z1p05__lam0p030__nu0p50__psi1p00,hardzero_plus_depr,0.02,31,1242,0.0,1,0.5025678,0.5025678,1.0147384,0.09666328,0.09666328,1.0,1.3105746e-19,1.3558144e-18,-26.984438,2.232469,0.74415636,0.120000005,0.0,0.1444552,37.230106,37.260105,3977600
hardzero_plus_depr__c0p54__z1p05__lam0p030__nu0p50__psi1p00,hardzero_plus_depr,0.02,31,1243,0.0,1,0.5025678,0.5025678,1.1379001,0.0,0.07279472,0.0,0.0,1.3157456e-18,-29.118866,2.5034304,0.8344768,0.064,0.0,0.15211047,37.260105,37.290104,3980800
hardzero_plus_depr__c0p54__z1p05__lam0p030__nu0p50__psi1p00,hardzero_plus_depr,0.02,31,1244,0.0,1,0.5025678,0.5025678,1.0495753,0.089212276,0.089212276,1.0,1.1391169e-19,1.2768611e-18,-27.929974,2.3091118,0.769704,0.192,0.0,0.17258418,37.290104,37.320103,3984000
hardzero_plus_depr__c0p54__z1p05__lam0p030__nu0p50__psi1p00,hardzero_plus_depr,0.02,31,1245,0.0,1,0.5025678,0.5025678,1.0554885,0.0,0.08800585,0.0,0.0,1.2391256e-18,-29.097185,2.322121,0.77404034,0.136,0.0,0.16676757,37.320103,37.3501,3987200
hardzero_plus_depr__c0p54__z1p05__lam0p030__nu0p50__psi1p00,hardzero_plus_depr,0.02,31,1246,0.0,1,0.5025678,0.5025678,0.9960852,0.10090548,0.10090548,1.0,1.2133937e-19,1.2025053e-18,-26.753456,2.1914313,0.7304771,0.18400002,0.0,0.13394758,37.3501,37.3801,3990400
hardzero_plus_depr__c0p54__z1p05__lam0p030__nu0p50__psi1p00,hardzero_plus_depr,0.02,31,1247,0.0,1,0.5025678,0.5025678,1.0630977,0.0,0.08647734,0.0,0.0,1.1669673e-18,-27.50304,2.3388617,0.7796206,0.096,0.0,0.14979301,37.3801,37.4101,3993600
hardzero_plus_depr__c0p54__z1p05__lam0p030__nu0p50__psi1p00,hardzero_plus_depr,0.02,31,1248,0.0,1,0.5025678,0.5025678,0.96582836,0.10818615,0.10818615,1.0,1.2251862e-19,1.1324797e-18,-26.570864,2.1248648,0.7082883,0.19,0.0,0.13071078,37.4101,37.440098,3996800
hardzero_plus_depr__c0p54__z1p05__lam0p030__nu0p50__psi1p00,hardzero_plus_depr,0.02,31,1249,0.0,1,0.5025678,0.5025678,1.058405,0.0,0.087416805,0.0,0.0,1.0990112e-18,-28.243717,2.3285377,0.77617925,0.104,0.0,0.12513065,37.440098,37.470097,4000000
hardzero_plus_depr__c0p54__z1p05__lam0p030__nu0p50__psi1p00,hardzero_plus_depr,0.02,32,0,1.0,1,1.0,0.45999998,1.0750173,0.0,0.08413616,0.0,0.0,0.02,-27.862705,2.3650854,0.7883618,0.16,0.0,0.13813628,0.0,0.0,3200
hardzero_plus_depr__c0p54__z1p05__lam0p030__nu0p50__psi1p00,hardzero_plus_depr,0.02,32,1,0.0,1,0.45999998,0.46183094,1.0383499,0.091548264,0.091548264,1.0,0.0018309653,0.02,-27.47996,2.2844152,0.76147175,0.120000005,0.0,0.1479145,0.0,0.03,6400
hardzero_plus_depr__c0p54__z1p05__lam0p030__nu0p50__psi1p00,hardzero_plus_depr,0.02,32,2,0.0,1,0.46183094,0.46183094,1.1137079,0.0,0.07696478,0.0,0.0,0.019408911,-28.397125,2.4502063,0.81673545,0.112,0.0,0.20101668,0.03,0.06,9600
hardzero_plus_depr__c0p54__z1p05__lam0p030__nu0p50__psi1p00,hardzero_plus_depr,0.02,32,3,0.0,1,0.46183094,0.46356535,1.0358211,0.09208288,0.09208288,1.0,0.0017344079,0.018835291,-27.555174,2.278852,0.7596173,0.112,0.0,0.17420982,0.06,0.089999996,12800
hardzero_plus_depr__c0p54__z1p05__lam0p030__nu0p50__psi1p00,hardzero_plus_depr,0.02,32,4,0.0,1,0.46356535,0.46356535,1.1202445,0.0,0.07581507,0.0,0.0,0.018278625,-28.973904,2.4645872,0.8215291,0.112,0.0,0.16229096,0.089999996,0.12,16000
hardzero_plus_depr__c0p54__z1p05__lam0p030__nu0p50__psi1p00,hardzero_plus_depr,0.02,32,5,0.0,1,0.46356535,0.4651862,1.0391663,0.09137633,0.09137633,1.0,0.0016208705,0.017738407,-27.75104,2.2862115,0.76207054,0.14400001,0.0,0.15836409,0.12,0.14999999,19200
hardzero_plus_depr__c0p54__z1p05__lam0p030__nu0p50__psi1p00,hardzero_plus_depr,0.02,32,6,0.0,1,0.4651862,0.4651862,1.0738661,0.0,0.084359474,0.0,0.0,0.017214159,-27.881058,2.3625526,0.78751755,0.17600001,0.0,0.1682328,0.14999999,0.17999999,22400
hardzero_plus_depr__c0p54__z1p05__lam0p030__nu0p50__psi1p00,hardzero_plus_depr,0.02,32,7,0.0,1,0.4651862,0.4651862,1.0703629,0.0,0.0850427,0.0,0.0,0.016705405,-28.000082,2.3548455,0.7849485,0.14400001,0.0,0.16595183,0.17999999,0.21,25600
hardzero_plus_depr__c0p54__z1p05__lam0p030__nu0p50__psi1p00,hardzero_plus_depr,0.02,32,8,0.0,1,0.4651862,0.4666958,1.0309716,0.093116865,0.093116865,1.0,0.0015095812,0.016211685,-27.392563,2.268183,0.756061,0.128,0.0,0.15734054,0.21,0.24,28800
hardzero_plus_depr__c0p54__z1p05__lam0p030__nu0p50__psi1p00,hardzero_plus_depr,0.02,32,9,0.0,1,0.4666958,0.4666958,1.0889696,0.0,0.08147614,0.0,0.0,0.015732557,-28.535433,2.395781,0.7985937,0.120000005,0.0,0.16492502,0.24,0.26999998,32000
hardzero_plus_depr__c0p54__z1p05__lam0p030__nu0p50__psi1p00,hardzero_plus_depr,0.02,32,10,0.0,1,0.4666958,0.46843567,0.9432497,0.11395944,0.11395944,1.0,0.001739886,0.01526759,-25.936928,2.0751908,0.69173026,0.192,0.0,0.12223647,0.26999998,0.29999998,35200
hardzero_plus_depr__c0p54__z1p05__lam0p030__nu0p50__psi1p00,hardzero_plus_depr,0.02,32,11,0.0,1,0.46843567,0.46978116,1.04186,0.09081132,0.09081132,1.0,0.0013454935,0.014816363,-27.985228,2.2921376,0.7640459,0.192,0.0,0.17427549,0.29999998,0.32999998,38400
hardzero_plus_depr__c0p54__z1p05__lam0p030__nu0p50__psi1p00,hardzero_plus_depr,0.02,32,12,0.0,1,0.46978116,0.47115615,1.0194128,0.095628485,0.095628485,1.0,0.0013749918,0.014378476,-27.367311,2.2427528,0.7475843,0.208,0.0,0.18707192,0.32999998,0.35999998,41600
hardzero_plus_depr__c0p54__z1p05__lam0p030__nu0p50__psi1p00,hardzero_plus_depr,0.02,32,13,0.0,1,0.47115615,0.47115615,1.0533626,0.0,0.08843769,0.0,0.0,0.0139535265,-27.59672,2.317444,0.7724814,0.13,0.0,0.15763474,0.35999998,0.39,44800
hardzero_plus_depr__c0p54__z1p05__lam0p030__nu0p50__psi1p00,hardzero_plus_depr,0.02,32,14,0.0,1,0.47115615,0.47252497,0.99531156,0.1010854,0.1010854,1.0,0.0013688114,0.013541138,-26.742264,2.1897292,0.7299098,0.112,0.0,0.14025426,0.39,0.42,48000
hardzero_plus_depr__c0p54__z1p05__lam0p030__nu0p50__psi1p00,hardzero_plus_depr,0.02,32,15,0.0,1,0.47252497,0.47252497,1.0690889,0.0,0.08529254,0.0,0.0,0.013140936,-28.021444,2.3520427,0.7840142,0.14400001,0.0,0.15656753,0.42,0.45,51200
hardzero_plus_depr__c0p54__z1p05__lam0p030__nu0p50__psi1p00,hardzero_plus_depr,0.02,32,16,0.0,1,0.47252497,0.47366956,1.0469536,0.08975248,0.08975248,1.0,0.0011445741,0.012752563,-27.291317,2.3033438,0.76778126,0.16800001,0.0,0.17413463,0.45,0.48,54400
hardzero_plus_depr__c0p54__z1p05__lam0p030__nu0p50__psi1p00,hardzero_plus_depr,0.02,32,17,0.0,1,0.47366956,0.4747949,1.041283,0.09093204,0.09093204,1.0,0.0011253448,0.012375668,-27.603254,2.2908683,0.76362276,0.096,0.0,0.14666061,0.48,0.51,57600
hardzero_plus_depr__c0p54__z1p05__lam0p030__nu0p50__psi1p00,hardzero_plus_depr,0.02,32,18,0.0,1,0.4747949,0.47593716,1.0217723,0.095110334,0.095110334,1.0,0.0011422667,0.012009911,-27.353075,2.2479439,0.74931467,0.17600001,0.0,0.19058879,0.51,0.53999996,60800
hardzero_plus_depr__c0p54__z1p05__lam0p030__nu0p50__psi1p00,hardzero_plus_depr,0.02,32,19,0.0,1,0.47593716,0.47704104,1.0235887,0.094713375,0.094713375,1.0,0.001103881,0.011654965,-27.373102,2.25194,0.7506467,0.128,0.0,0.14003088,0.53999996,0.56999993,64000
hardzero_plus_depr__c0p54__z1p05__lam0p030__nu0p50__psi1p00,hardzero_plus_depr,0.02,32,20,0.0,1,0.47704104,0.4780701,1.0410377,0.090983436,0.090983436,1.0,0.001029069,0.011310509,-27.446903,2.2903285,0.7634429,0.16800001,0.0,0.16256131,0.56999993,0.5999999,67200
hardzero_plus_depr__c0p54__z1p05__lam0p030__nu0p50__psi1p00,hardzero_plus_depr,0.02,32,21,0.0,1,0.4780701,0.4780701,1.0523728,0.0,0.088639475,0.0,0.0,0.0109762335,-26.803913,2.3152664,0.77175546,0.15200001,0.0,0.16738614,0.5999999,0.6299999,70400
hardzero_plus_depr__c0p54__z1p05__lam0p030__nu0p50__psi1p00,hardzero_plus_depr,0.02,32,22,0.0,1,0.4780701,0.47907224,1.0265019,0.09408018,0.09408018,1.0,0.0010021267,0.010651837,-27.098791,2.2583492,0.75278306,0.16000001,0.0,0.15205814,0.6299999,0.65999985,73600
hardzero_plus_depr__c0p54__z1p05__lam0p030__nu0p50__psi1p00,hardzero_plus_depr,0.02,32,23,0.0,1,0.47907224,0.47907224,1.0800942,0.0,0.08315834,0.0,0.0,0.010337027,-29.362396,2.3762548,0.79208493,0.18400002,0.0,0.19828907,0.65999985,0.6899998,76800
hardzero_plus_depr__c0p54__z1p05__lam0p030__nu0p50__psi1p00,hardzero_plus_depr,0.02,32,24,0.0,1,0.47907224,0.4801016,0.9888109,0.10260985,0.10260985,1.0,0.0010293331,0.010031523,-26.130201,2.1754274,0.7251425,0.216,0.008,0.15253487,0.6899998,0.7199998,80000
hardzero_plus_depr__c0p54__z1p05__lam0p030__nu0p50__psi1p00,hardzero_plus_depr,0.02,32,25,0.0,1,0.4801016,0.48114994,0.9678237,0.10769024,0.10769024,1.0,0.0010483696,0.009735047,-26.122704,2.1292546,0.70975155,0.2,0.0,0.165199,0.7199998,0.74999976,83200
hardzero_plus_depr__c0p54__z1p05__lam0p030__nu0p50__psi1p00,hardzero_plus_depr,0.02,32,26,0.0,1,0.48114994,0.48114994,1.0561626,0.0,0.08786934,0.0,0.0,0.009447333,-27.310322,2.323604,0.7745347,0.14999999,0.0,0.14040181,0.74999976,0.77999973,86400
hardzero_plus_depr__c0p54__z1p05__lam0p030__nu0p50__psi1p00,hardzero_plus_depr,0.02,32,27,0.0,1,0.48114994,0.48197526,1.0456672,0.09001871,0.09001871,1.0,0.0008253026,0.009168123,-27.249552,2.3005137,0.76683795,0.14400001,0.0,0.14640264,0.77999973,0.8099997,89600
hardzero_plus_depr__c0p54__z1p05__lam0p030__nu0p50__psi1p00,hardzero_plus_depr,0.02,32,28,0.0,1,0.48197526,0.48278406,1.041409,0.09090566,0.09090566,1.0,0.00080880255,0.008897164,-27.928205,2.2911456,0.7637152,0.17600001,0.0,0.142323,0.8099997,0.8399997,92800
hardzero_plus_depr__c0p54__z1p05__lam0p030__nu0p50__psi1p00,hardzero_plus_depr,0.02,32,29,0.0,1,0.48278406,0.4836146,1.0168744,0.09618904,0.09618904,1.0,0.0008305167,0.008634213,-26.552677,2.2371683,0.7457228,0.128,0.0,0.17417064,0.8399997,0.86999965,96000
hardzero_plus_depr__c0p54__z1p05__lam0p030__nu0p50__psi1p00,hardzero_plus_depr,0.02,32,30,0.0,1,0.4836146,0.4845377,0.95794934,0.110166766,0.110166766,1.0,0.000923091,0.008379034,-25.650331,2.1075306,0.70251024,0.208,0.0,0.15764278,0.86999965,0.8999996,99200
hardzero_plus_depr__c0p54__z1p05__lam0p030__nu0p50__psi1p00,hardzero_plus_depr,0.02,32,31,0.0,1,0.4845377,0.48528183,1.038506,0.09151536,0.09151536,1.0,0.00074414775,0.008131397,-27.257013,2.2847588,0.7615863,0.2,0.0,0.15116277,0.8999996,0.9299996,102400
hardzero_plus_depr__c0p54__z1p05__lam0p030__nu0p50__psi1p00,hardzero_plus_depr,0.02,32,32,0.0,1,0.48528183,0.48604465,1.0147207,0.09666723,0.09666723,1.0,0.0007628086,0.007891078,-26.310844,2.23243,0.74414337,0.16000001,0.0,0.1644491,0.9299996,0.95999956,105600
hardzero_plus_depr__c0p54__z1p05__lam0p030__nu0p50__psi1p00,hardzero_plus_depr,0.02,32,33,0.0,1,0.48604465,0.48676282,1.027878,0.09378253,0.09378253,1.0,0.0007181736,0.007657861,-27.505243,2.2613769,0.7537923,0.208,0.0,0.20010328,0.95999956,0.98999953,108800
hardzero_plus_depr__c0p54__z1p05__lam0p030__nu0p50__psi1p00,hardzero_plus_depr,0.02,32,34,0.0,1,0.48676282,0.48749593,1.0059097,0.098648466,0.098648466,1.0,0.0007331098,0.0074315374,-27.058182,2.2130456,0.73768187,0.192,0.0,0.13891368,0.98999953,1.0199995,112000
hardzero_plus_depr__c0p54__z1p05__lam0p030__nu0p50__psi1p00,hardzero_plus_depr,0.02,32,35,0.0,1,0.48749593,0.4881889,1.0173339,0.09608733,0.09608733,1.0,0.00069297245,0.0072119026,-27.520147,2.2381792,0.7460598,0.136,0.0,0.15819228,1.0199995,1.0499995,115200
hardzero_plus_depr__c0p54__z1p05__lam0p030__nu0p50__psi1p00,hardzero_plus_depr,0.02,32,36,0.0,1,0.4881889,0.4881889,1.1068655,0.0,0.078186974,0.0,0.0,0.0069987588,-28.094013,2.4351528,0.8117176,0.128,0.0,0.15992579,1.0499995,1.0799994,118400
hardzero_plus_depr__c0p54__z1p05__lam0p030__nu0p50__psi1p00,hardzero_plus_depr,0.02,32,37,0.0,1,0.4881889,0.4888018,1.0445837,0.09024357,0.09024357,1.0,0.00061292655,0.006791914,-27.716583,2.29813,0.76604337,0.15200001,0.0,0.16151345,1.0799994,1.1099994,121600
hardzero_plus_depr__c0p54__z1p05__lam0p030__nu0p50__psi1p00,hardzero_plus_depr,0.02,32,38,0.0,1,0.4888018,0.48948336,0.98547345,0.10340144,0.10340144,1.0,0.0006815378,0.0065911827,-27.028963,2.1680849,0.722695,0.208,0.0,0.1402585,1.1099994,1.1399994,124800
hardzero_plus_depr__c0p54__z1p05__lam0p030__nu0p50__psi1p00,hardzero_plus_depr,0.02,32,39,0.0,1,0.48948336,0.4900572,1.0471306,0.0897159,0.0897159,1.0,0.00057385734,0.006396384,-27.232878,2.3037333,0.76791114,0.14999999,0.0,0.16202147,1.1399994,1.1699994,128000
hardzero_plus_depr__c0p54__z1p05__lam0p030__nu0p50__psi1p00,hardzero_plus_depr,0.02,32,40,0.0,1,0.4900572,0.49066848,1.0066745,0.09847488,0.09847488,1.0,0.0006112674,0.006207343,-26.318258,2.214728,0.73824275,0.2,0.0,0.15095824,1.1699994,1.1999993,131200
hardzero_plus_depr__c0p54__z1p05__lam0p030__nu0p50__psi1p00,hardzero_plus_depr,0.02,32,41,0.0,1,0.49066848,0.49066848,1.0620033,0.0,0.08669554,0.0,0.0,0.006023888,-27.323812,2.336454,0.778818,0.17600001,0.0,0.16895652,1.1999993,1.2299993,134400
hardzero_plus_depr__c0p54__z1p05__lam0p030__nu0p50__psi1p00,hardzero_plus_depr,0.02,32,42,0.0,1,0.49066848,0.49124572,1.0054803,0.098746054,0.098746054,1.0,0.00057725515,0.0058458555,-26.592499,2.2121007,0.7373669,0.136,0.0,0.18482636,1.2299993,1.2599993,137600
hardzero_plus_depr__c0p54__z1p05__lam0p030__nu0p50__psi1p00,hardzero_plus_depr,0.02,32,43,0.0,1,0.49124572,0.49124572,1.0873393,0.0,0.081782565,0.0,0.0,0.005673084,-28.144966,2.3921943,0.7973981,0.120000005,0.0,0.17967138,1.2599993,1.2899992,140800
hardzero_plus_depr__c0p54__z1p05__lam0p030__nu0p50__psi1p00,hardzero_plus_depr,0.02,32,44,0.0,1,0.49124572,0.49180612,0.99229014,0.10179111,0.10179111,1.0,0.0005604028,0.00550542,-26.447632,2.1830819,0.727694,0.2,0.0,0.15344761,1.2899992,1.3199992,144000
hardzero_plus_depr__c0p54__z1p05__lam0p030__nu0p50__psi1p00,hardzero_plus_depr,0.02,32,45,0.0,1,0.49180612,0.4923016,1.0327235,0.09274199,0.09274199,1.0,0.0004954935,0.00534271,-26.873194,2.2720373,0.7573458,0.16000001,0.0,0.15730311,1.3199992,1.3499992,147200
hardzero_plus_depr__c0p54__z1p05__lam0p030__nu0p50__psi1p00,hardzero_plus_depr,0.02,32,46,0.0,1,0.4923016,0.49286112,0.9669293,0.107912235,0.107912235,1.0,0.0005595044,0.0051848097,-26.109455,2.127287,0.70909566,0.216,0.0,0.14188834,1.3499992,1.3799992,150400
hardzero_plus_depr__c0p54__z1p05__lam0p030__nu0p50__psi1p00,hardzero_plus_depr,0.02,32,47,0.0,1,0.49286112,0.49337482,0.99099433,0.10209527,0.10209527,1.0,0.00051370007,0.0050315754,-27.095549,2.180231,0.7267437,0.18400002,0.0,0.15039268,1.3799992,1.4099991,153600
hardzero_plus_depr__c0p54__z1p05__lam0p030__nu0p50__psi1p00,hardzero_plus_depr,0.02,32,48,0.0,1,0.49337482,0.49387646,0.98828846,0.102733366,0.102733366,1.0,0.0005016336,0.00488287,-25.930592,2.174278,0.72475934,0.120000005,0.0,0.14596936,1.4099991,1.4399991,156800
hardzero_plus_depr__c0p54__z1p05__lam0p030__nu0p50__psi1p00,hardzero_plus_depr,0.02,32,49,0.0,1,0.49387646,0.49433914,1.0103725,0.09763993,0.09763993,1.0,0.00046267264,0.0047385595,-27.84978,2.222864,0.74095464,0.17600001,0.0,0.15285996,1.4399991,1.4699991,160000
hardzero_plus_depr__c0p54__z1p05__lam0p030__nu0p50__psi1p00,hardzero_plus_depr,0.02,32,50,0.0,1,0.49433914,0.49477446,1.0238125,0.09466457,0.09466457,1.0,0.00043531638,0.004598514,-27.183966,2.2524326,0.75081086,0.136,0.0,0.15998589,1.4699991,1.499999,163200
hardzero_plus_depr__c0p54__z1p05__lam0p030__nu0p50__psi1p00,hardzero_plus_depr,0.02,32,51,0.0,1,0.49477446,0.49519083,1.0301226,0.09329907,0.09329907,1.0,0.00041635713,0.0044626077,-27.05857,2.266315,0.7554383,0.208,0.0,0.14136061,1.499999,1.529999,166400
hardzero_plus_depr__c0p54__z1p05__lam0p030__nu0p50__psi1p00,hardzero_plus_depr,0.02,32,52,0.0,1,0.49519083,0.49519083,1.0985162,0.0,0.07970467,0.0,0.0,0.004330718,-28.085152,2.416784,0.8055947,0.14999999,0.0,0.15024278,1.529999,1.559999,169600
hardzero_plus_depr__c0p54__z1p05__lam0p030__nu0p50__psi1p00,hardzero_plus_depr,0.02,32,53,0.0,1,0.49519083,0.49561504,0.9959641,0.100933634,0.100933634,1.0,0.00042419633,0.0042027254,-27.439045,2.1911647,0.7303883,0.16000001,0.0,0.15738615,1.559999,1.589999,172800
hardzero_plus_depr__c0p54__z1p05__lam0p030__nu0p50__psi1p00,hardzero_plus_depr,0.02,32,54,0.0,1,0.49561504,0.49604258,0.9795262,0.104827136,0.104827136,1.0,0.00042753917,0.0040785163,-26.558723,2.1550007,0.7183336,0.18400002,0.0,0.14546145,1.589999,1.6199989,176000
hardzero_plus_depr__c0p54__z1p05__lam0p030__nu0p50__psi1p00,hardzero_plus_depr,0.02,32,55,0.0,1,0.49604258,0.49604258,1.0531001,0.0,0.088491164,0.0,0.0,0.003957978,-27.886393,2.3168664,0.7722888,0.128,0.0,0.17012833,1.6199989,1.6499989,179200
hardzero_plus_depr__c0p54__z1p05__lam0p030__nu0p50__psi1p00,hardzero_plus_depr,0.02,32,56,0.0,1,0.49604258,0.4964089,1.0205632,0.09537547,0.09537547,1.0,0.00036633742,0.0038410025,-26.6354,2.2452838,0.748428,0.16800001,0.0,0.15296197,1.6499989,1.6799989,182400
hardzero_plus_depr__c0p54__z1p05__lam0p030__nu0p50__psi1p00,hardzero_plus_depr,0.02,32,57,0.0,1,0.4964089,0.4967957,0.9839404,0.10376707,0.10376707,1.0,0.00038679002,0.0037274836,-26.726,2.1647122,0.72157073,0.192,0.0,0.14744031,1.6799989,1.7099988,185600
hardzero_plus_depr__c0p54__z1p05__lam0p030__nu0p50__psi1p00,hardzero_plus_depr,0.02,32,58,0.0,1,0.4967957,0.49712777,1.03716,0.09179942,0.09179942,1.0,0.0003320679,0.00361732,-27.558834,2.2817976,0.76059926,0.16000001,0.0,0.17939879,1.7099988,1.7399988,188800
hardzero_plus_depr__c0p54__z1p05__lam0p030__nu0p50__psi1p00,hardzero_plus_depr,0.02,32,59,0.0,1,0.49712777,0.4974696,1.0115353,0.097378865,0.097378865,1.0,0.0003418399,0.0035104118,-26.233082,2.2254221,0.7418074,0.16800001,0.0,0.16706797,1.7399988,1.7699988,192000
hardzero_plus_depr__c0p54__z1p05__lam0p030__nu0p50__psi1p00,hardzero_plus_depr,0.02,32,60,0.0,1,0.4974696,0.49780124,1.011665,0.09734979,0.09734979,1.0,0.00033163806,0.0034066641,-28.172127,2.2257073,0.7419025,0.16800001,0.0,0.17972821,1.7699988,1.7999988,195200
hardzero_plus_depr__c0p54__z1p05__lam0p030__nu0p50__psi1p00,hardzero_plus_depr,0.02,32,61,0.0,1,0.49780124,0.4981297,1.0028454,0.099346966,0.099346966,1.0,0.00032843926,0.0033059819,-26.570988,2.2063038,0.73543465,0.18400002,0.008,0.15887779,1.7999988,1.8299987,198400
hardzero_plus_depr__c0p54__z1p05__lam0p030__nu0p50__psi1p00,hardzero_plus_depr,0.02,32,62,0.0,1,0.4981297,0.4984236,1.0380667,0.091607966,0.091607966,1.0,0.00029390358,0.0032082754,-27.759918,2.2837925,0.7612642,0.104,0.0,0.17750953,1.8299987,1.8599987,201600
hardzero_plus_depr__c0p54__z1p05__lam0p030__nu0p50__psi1p00,hardzero_plus_depr,0.02,32,63,0.0,1,0.4984236,0.4984236,1.0952786,0.0,0.08030108,0.0,0.0,0.0031134563,-28.491869,2.409661,0.8032204,0.120000005,0.0,0.18590489,1.8599987,1.8899987,204800
hardzero_plus_depr__c0p54__z1p05__lam0p030__nu0p50__psi1p00,hardzero_plus_depr,0.02,32,64,0.0,1,0.4984236,0.49869558,1.0456821,0.09001563,0.09001563,1.0,0.00027197684,0.0030214402,-28.647352,2.3005464,0.7668488,0.14400001,0.0,0.17580585,1.8899987,1.9199986,208000
hardzero_plus_depr__c0p54__z1p05__lam0p030__nu0p50__psi1p00,hardzero_plus_depr,0.02,32,65,0.0,1,0.49869558,0.4989988,0.98543614,0.10341031,0.10341031,1.0,0.00030321383,0.0029321432,-27.240658,2.1680028,0.72266763,0.14999999,0.0,0.15707165,1.9199986,1.9499986,211200
hardzero_plus_depr__c0p54__z1p05__lam0p030__nu0p50__psi1p00,hardzero_plus_depr,0.02,32,66,0.0,1,0.4989988,0.49926424,1.0301683,0.093289256,0.093289256,1.0,0.0002654532,0.0028454852,-27.287334,2.2664156,0.7554719,0.16800001,0.0,0.15091738,1.9499986,1.9799986,214400
hardzero_plus_depr__c0p54__z1p05__lam0p030__nu0p50__psi1p00,hardzero_plus_depr,0.02,32,67,0.0,1,0.49926424,0.4995184,1.0360076,0.09204333,0.09204333,1.0,0.0002541674,0.0027613884,-27.266815,2.2792623,0.7597541,0.2,0.0,0.16253546,1.9799986,2.0099986,217600
hardzero_plus_depr__c0p54__z1p05__lam0p030__nu0p50__psi1p00,hardzero_plus_depr,0.02,32,68,0.0,1,0.4995184,0.4995184,1.0728269,0.0,0.08456159,0.0,0.0,0.0026797773,-28.117521,2.3602662,0.78675544,0.120000005,0.0,0.20219311,2.0099986,2.0399985,220800
hardzero_plus_depr__c0p54__z1p05__lam0p030__nu0p50__psi1p00,hardzero_plus_depr,0.02,32,69,0.0,1,0.4995184,0.49975702,1.0373526,0.09175874,0.09175874,1.0,0.00023862578,0.0026005781,-27.17261,2.2822213,0.76074046,0.14400001,0.0,0.14841527,2.0399985,2.0699985,224000
hardzero_plus_depr__c0p54__z1p05__lam0p030__nu0p50__psi1p00,hardzero_plus_depr,0.02,32,70,0.0,1,0.49975702,0.49975702,1.0994463,0.0,0.07953415,0.0,0.0,0.0025237193,-28.427757,2.4188302,0.80627674,0.136,0.0,0.18936448,2.0699985,2.0999985,227200
hardzero_plus_depr__c0p54__z1p05__lam0p030__nu0p50__psi1p00,hardzero_plus_depr,0.02,32,71,0.0,1,0.49975702,0.5000045,0.9955717,0.10102488,0.10102488,1.0,0.00024742328,0.002449132,-26.898735,2.1903014,0.7301005,0.15200001,0.0,0.16575803,2.0999985,2.1299984,230400
hardzero_plus_depr__c0p54__z1p05__lam0p030__nu0p50__psi1p00,hardzero_plus_depr,0.02,32,72,0.0,1,0.5000045,0.5002334,1.0162129,0.09633566,0.09633566,1.0,0.00022896571,0.0023767494,-27.131868,2.235713,0.7452377,0.192,0.0,0.20958365,2.1299984,2.1599984,233600
hardzero_plus_depr__c0p54__z1p05__lam0p030__nu0p50__psi1p00,hardzero_plus_depr,0.02,32,73,0.0,1,0.5002334,0.50044703,1.0332608,0.09262734,0.09262734,1.0,0.00021364552,0.002306506,-27.407368,2.273219,0.7577397,0.120000005,0.0,0.14689955,2.1599984,2.1899984,236800
hardzero_plus_depr__c0p54__z1p05__lam0p030__nu0p50__psi1p00,hardzero_plus_depr,0.02,32,74,0.0,1,0.50044703,0.50066185,1.0178881,0.0959648,0.0959648,1.0,0.00021480171,0.0022383386,-27.825966,2.2393985,0.74646616,0.18400002,0.0,0.13925473,2.1899984,2.2199984,240000
hardzero_plus_depr__c0p54__z1p05__lam0p030__nu0p50__psi1p00,hardzero_plus_depr,0.02,32,75,0.0,1,0.50066185,0.50066185,1.0597152,0.0,0.08715349,0.0,0.0,0.0021721856,-28.084959,2.33142,0.77714,0.128,0.0,0.19444369,2.2199984,2.2499983,243200
hardzero_plus_depr__c0p54__z1p05__lam0p030__nu0p50__psi1p00,hardzero_plus_depr,0.02,32,76,0.0,1,0.50066185,0.5008824,0.9803341,0.104632325,0.104632325,1.0,0.00022056367,0.0021079879,-25.787615,2.156778,0.7189261,0.2,0.0,0.15590884,2.2499983,2.2799983,246400
hardzero_plus_depr__c0p54__z1p05__lam0p030__nu0p50__psi1p00,hardzero_plus_depr,0.02,32,77,0.0,1,0.5008824,0.5008824,1.0701996,0.0,0.085074686,0.0,0.0,0.0020456875,-27.811337,2.3544862,0.7848288,0.120000005,0.0,0.17003833,2.2799983,2.3099983,249600
hardzero_plus_depr__c0p54__z1p05__lam0p030__nu0p50__psi1p00,hardzero_plus_depr,0.02,32,78,0.0,1,0.5008824,0.50106174,1.0441658,0.09033045,0.09033045,1.0,0.00017932658,0.0019852284,-27.675507,2.2972107,0.76573694,0.16,0.0,0.14483926,2.3099983,2.3399982,252800
hardzero_plus_depr__c0p54__z1p05__lam0p030__nu0p50__psi1p00,hardzero_plus_depr,0.02,32,79,0.0,1,0.50106174,0.5012472,1.0164387,0.09628558,0.09628558,1.0,0.00018549956,0.001926556,-27.807077,2.2362099,0.7454033,0.224,0.0,0.1762045,2.3399982,2.3699982,256000
hardzero_plus_depr__c0p54__z1p05__lam0p030__nu0p50__psi1p00,hardzero_plus_depr,0.02,32,80,0.0,1,0.5012472,0.5014265,1.0181857,0.095899045,0.095899045,1.0,0.00017929457,0.0018696178,-27.197603,2.2400534,0.7466845,0.15200001,0.0,0.15557595,2.3699982,2.3999982,259200
hardzero_plus_depr__c0p54__z1p05__lam0p030__nu0p50__psi1p00,hardzero_plus_depr,0.02,32,81,0.0,1,0.5014265,0.5014265,1.0677555,0.0,0.08555482,0.0,0.0,0.0018143624,-28.293297,2.349109,0.78303635,0.136,0.0,0.18343219,2.3999982,2.4299982,262400
hardzero_plus_depr__c0p54__z1p05__lam0p030__nu0p50__psi1p00,hardzero_plus_depr,0.02,32,82,0.0,1,0.5014265,0.5015877,1.038398,0.09153812,0.09153812,1.0,0.0001611748,0.0017607398,-27.712252,2.2845213,0.76150715,0.136,0.0,0.15330218,2.4299982,2.4599981,265600
hardzero_plus_depr__c0p54__z1p05__lam0p030__nu0p50__psi1p00,hardzero_plus_depr,0.02,32,83,0.0,1,0.5015877,0.501754,1.0118417,0.097310185,0.097310185,1.0,0.00016627411,0.0017087021,-26.956594,2.2260962,0.74203205,0.18400002,0.0,0.13913961,2.4599981,2.489998,268800
hardzero_plus_depr__c0p54__z1p05__lam0p030__nu0p50__psi1p00,hardzero_plus_depr,0.02,32,84,0.0,1,0.501754,0.5019257,0.9847966,0.10356271,0.10356271,1.0,0.00017172795,0.0016582025,-27.017696,2.1665957,0.7221986,0.192,0.0,0.16779307,2.489998,2.519998,272000
hardzero_plus_depr__c0p54__z1p05__lam0p030__nu0p50__psi1p00,hardzero_plus_depr,0.02,32,85,0.0,1,0.5019257,0.5019257,1.058743,0.0,0.087348804,0.0,0.0,0.0016091953,-28.125008,2.329281,0.77642703,0.120000005,0.0,0.16304015,2.519998,2.549998,275200
hardzero_plus_depr__c0p54__z1p05__lam0p030__nu0p50__psi1p00,hardzero_plus_depr,0.02,32,86,0.0,1,0.5019257,0.50208503,0.99135727,0.10200998,0.10200998,1.0,0.0001593025,0.0015616363,-27.008944,2.1810296,0.7270099,0.136,0.0,0.15203483,2.549998,2.579998,278400
hardzero_plus_depr__c0p54__z1p05__lam0p030__nu0p50__psi1p00,hardzero_plus_depr,0.02,32,87,0.0,1,0.50208503,0.5022372,0.99814177,0.10042878,0.10042878,1.0,0.0001521981,0.0015154829,-26.929798,2.1959558,0.7319853,0.136,0.0,0.17262799,2.579998,2.609998,281600
hardzero_plus_depr__c0p54__z1p05__lam0p030__nu0p50__psi1p00,hardzero_plus_depr,0.02,32,88,0.0,1,0.5022372,0.502382,1.0067463,0.09845861,0.09845861,1.0,0.00014480249,0.001470694,-26.461344,2.2148862,0.73829544,0.15200001,0.0,0.17294776,2.609998,2.639998,284800
hardzero_plus_depr__c0p54__z1p05__lam0p030__nu0p50__psi1p00,hardzero_plus_depr,0.02,32,89,0.0,1,0.502382,0.5025219,1.0087253,0.09801096,0.09801096,1.0,0.00013988401,0.0014272282,-26.096731,2.21924,0.7397467,0.18400002,0.0,0.14884888,2.639998,2.669998,288000
hardzero_plus_depr__c0p54__z1p05__lam0p030__nu0p50__psi1p00,hardzero_plus_depr,0.02,32,90,0.0,1,0.5025219,0.5026603,1.00024,0.09994475,0.09994475,1.0,0.0001384282,0.0013850472,-25.931116,2.2005718,0.73352396,0.224,0.0,0.15213196,2.669998,2.699998,291200
hardzero_plus_depr__c0p54__z1p05__lam0p030__nu0p50__psi1p00,hardzero_plus_depr,0.02,32,91,0.0,1,0.5026603,0.50279444,1.0007696,0.09982294,0.09982294,1.0,0.00013417332,0.001344113,-26.477657,2.2017372,0.7339124,0.19999999,0.0,0.15855762,2.699998,2.7299979,294400
hardzero_plus_depr__c0p54__z1p05__lam0p030__nu0p50__psi1p00,hardzero_plus_depr,0.02,32,92,0.0,1,0.50279444,0.5029226,1.0076332,0.098257735,0.098257735,1.0,0.00012816627,0.0013043886,-27.631445,2.2168374,0.73894584,0.15200001,0.0,0.15331544,2.7299979,2.7599978,297600
hardzero_plus_depr__c0p54__z1p05__lam0p030__nu0p50__psi1p00,hardzero_plus_depr,0.02,32,93,0.0,1,0.5029226,0.5029226,1.0583049,0.0,0.08743696,0.0,0.0,0.0012658379,-27.936047,2.3283172,0.77610576,0.104,0.0,0.15921703,2.7599978,2.7899978,300800
hardzero_plus_depr__c0p54__z1p05__lam0p030__nu0p50__psi1p00,hardzero_plus_depr,0.02,32,94,0.0,1,0.5029226,0.50304735,0.993244,0.1015678,0.1015678,1.0,0.00012476862,0.0012284269,-25.836845,2.1851804,0.7283935,0.15200001,0.0,0.15488744,2.7899978,2.8199978,304000
hardzero_plus_depr__c0p54__z1p05__lam0p030__nu0p50__psi1p00,hardzero_plus_depr,0.02,32,95,0.0,1,0.50304735,0.50316036,1.023315,0.09477308,0.09477308,1.0,0.000112981026,0.0011921215,-26.226704,2.2513378,0.75044596,0.18400002,0.0,0.15960743,2.8199978,2.8499978,307200
hardzero_plus_depr__c0p54__z1p05__lam0p030__nu0p50__psi1p00,hardzero_plus_depr,0.02,32,96,0.0,1,0.50316036,0.50327814,0.9923263,0.10178262,0.10178262,1.0,0.000117751195,0.001156889,-26.120749,2.1831615,0.7277205,0.112,0.0,0.13120852,2.8499978,2.8799977,310400
hardzero_plus_depr__c0p54__z1p05__lam0p030__nu0p50__psi1p00,hardzero_plus_depr,0.02,32,97,0.0,1,0.50327814,0.5033912,0.9969198,0.10071176,0.10071176,1.0,0.000113068876,0.0011226978,-26.279364,2.1932673,0.7310891,0.16000001,0.0,0.14816745,2.8799977,2.9099977,313600
hardzero_plus_depr__c0p54__z1p05__lam0p030__nu0p50__psi1p00,hardzero_plus_depr,0.02,32,98,0.0,1,0.5033912,0.5033912,1.0671682,0.0,0.0856706,0.0,0.0,0.001089517,-28.710735,2.347817,0.78260565,0.120000005,0.0,0.16864818,2.9099977,2.9399977,316800
hardzero_plus_depr__c0p54__z1p05__lam0p030__nu0p50__psi1p00,hardzero_plus_depr,0.02,32,99,0.0,1,0.5033912,0.5033912,1.0647244,0.0,0.086154014,0.0,0.0,0.0010573171,-28.021357,2.3424406,0.7808136,0.16000001,0.0,0.1925256,2.9399977,2.9699976,320000
hardzero_plus_depr__c0p54__z1p05__lam0p030__nu0p50__psi1p00,hardzero_plus_depr,0.02,32,100,0.0,1,0.5033912,0.5034994,0.97706836,0.105422094,0.105422094,1.0,0.0001081703,0.0010260686,-25.939795,2.1495934,0.71653116,0.17600001,0.0,0.14043671,2.9699976,2.9999976,323200
hardzero_plus_depr__c0p54__z1p05__lam0p030__nu0p50__psi1p00,hardzero_plus_depr,0.02,32,101,0.0,1,0.5034994,0.5035981,1.003698,0.099152125,0.099152125,1.0,9.87301e-05,0.0009957437,-26.911203,2.2081797,0.7360599,0.120000005,0.0,0.16327374,2.9999976,3.0299976,326400
hardzero_plus_depr__c0p54__z1p05__lam0p030__nu0p50__psi1p00,hardzero_plus_depr,0.02,32,102,0.0,1,0.5035981,0.50368464,1.0478054,0.08957661,0.08957661,1.0,8.655922e-05,0.00096631504,-27.391829,2.305218,0.76840603,0.16000001,0.0,0.17371681,3.0299976,3.0599976,329600
hardzero_plus_depr__c0p54__z1p05__lam0p030__nu0p50__psi1p00,hardzero_plus_depr,0.02,32,103,0.0,1,0.50368464,0.5037716,1.032693,0.092748515,0.092748515,1.0,8.6975495e-05,0.0009377562,-27.116467,2.27197,0.7573234,0.18400002,0.0,0.1763222,3.0599976,3.0899975,332800
hardzero_plus_depr__c0p54__z1p05__lam0p030__nu0p50__psi1p00,hardzero_plus_depr,0.02,32,104,0.0,1,0.5037716,0.50386655,0.98160064,0.10432763,0.10432763,1.0,9.494245e-05,0.00091004133,-26.078606,2.1595645,0.71985483,0.17999999,0.0,0.13350806,3.0899975,3.1199975,336000
hardzero_plus_depr__c0p54__z1p05__lam0p030__nu0p50__psi1p00,hardzero_plus_depr,0.02,32,105,0.0,1,0.50386655,0.50386655,1.0501964,0.0,0.0890848,0.0,0.0,0.00088314555,-27.352425,2.3104782,0.7701594,0.16000001,0.0,0.1558294,3.1199975,3.1499975,339200
hardzero_plus_depr__c0p54__z1p05__lam0p030__nu0p50__psi1p00,hardzero_plus_depr,0.02,32,106,0.0,1,0.50386655,0.5039493,1.0152707,0.09654487,0.09654487,1.0,8.274327e-05,0.00085704465,-26.922815,2.2336402,0.7445468,0.192,0.0,0.15412408,3.1499975,3.1799974,342400
hardzero_plus_depr__c0p54__z1p05__lam0p030__nu0p50__psi1p00,hardzero_plus_depr,0.02,32,107,0.0,1,0.5039493,0.5040338,0.9931354,0.1015932,0.1015932,1.0,8.449661e-05,0.00083171524,-25.834421,2.1849415,0.72831386,0.17600001,0.0,0.15208003,3.1799974,3.2099974,345600
hardzero_plus_depr__c0p54__z1p05__lam0p030__nu0p50__psi1p00,hardzero_plus_depr,0.02,32,108,0.0,1,0.5040338,0.5040338,1.0694913,0.0,0.08521356,0.0,0.0,0.0008071343,-27.708921,2.3529277,0.78430927,0.14400001,0.0,0.16989523,3.2099974,3.2399974,348800
hardzero_plus_depr__c0p54__z1p05__lam0p030__nu0p50__psi1p00,hardzero_plus_depr,0.02,32,109,0.0,1,0.5040338,0.5040338,1.0802857,0.0,0.08312169,0.0,0.0,0.00078327995,-28.157978,2.3766758,0.7922253,0.112,0.0,0.19127376,3.2399974,3.2699974,352000
hardzero_plus_depr__c0p54__z1p05__lam0p030__nu0p50__psi1p00,hardzero_plus_depr,0.02,32,110,0.0,1,0.5040338,0.5041076,1.0129303,0.09706659,0.09706659,1.0,7.3783274e-05,0.00076013047,-27.764524,2.228491,0.7428304,0.16800001,0.0,0.15594447,3.2699974,3.2999973,355200
hardzero_plus_depr__c0p54__z1p05__lam0p030__nu0p50__psi1p00,hardzero_plus_depr,0.02,32,111,0.0,1,0.5041076,0.5041745,1.042561,0.090664834,0.090664834,1.0,6.68803e-05,0.0007376653,-27.336887,2.2936802,0.7645601,0.18400002,0.0,0.16066343,3.2999973,3.3299973,358400
hardzero_plus_depr__c0p54__z1p05__lam0p030__nu0p50__psi1p00,hardzero_plus_depr,0.02,32,112,0.0,1,0.5041745,0.50424105,1.031464,0.09301136,0.09301136,1.0,6.658349e-05,0.00071586407,-27.819384,2.2692661,0.75642204,0.128,0.0,0.14372908,3.3299973,3.3599973,361600
hardzero_plus_depr__c0p54__z1p05__lam0p030__nu0p50__psi1p00,hardzero_plus_depr,0.02,32,113,0.0,1,0.50424105,0.504311,0.9968193,0.10073506,0.10073506,1.0,6.998136e-05,0.0006947071,-26.764814,2.1930463,0.73101544,0.192,0.0,0.14427911,3.3599973,3.3899972,364800
hardzero_plus_depr__c0p54__z1p05__lam0p030__nu0p50__psi1p00,hardzero_plus_depr,0.02,32,114,0.0,1,0.504311,0.5043717,1.0459516,0.08995978,0.08995978,1.0,6.064867e-05,0.0006741754,-27.38771,2.3011394,0.76704645,0.120000005,0.0,0.18653993,3.3899972,3.4199972,368000
hardzero_plus_depr__c0p54__z1p05__lam0p030__nu0p50__psi1p00,hardzero_plus_depr,0.02,32,115,0.0,1,0.5043717,0.5044357,1.0093061,0.097879976,0.097879976,1.0,6.4038024e-05,0.0006542505,-27.60396,2.2205176,0.74017256,0.208,0.0,0.17726973,3.4199972,3.4499972,371200
hardzero_plus_depr__c0p54__z1p05__lam0p030__nu0p50__psi1p00,hardzero_plus_depr,0.02,32,116,0.0,1,0.5044357,0.50449693,1.0156684,0.09645653,0.09645653,1.0,6.124165e-05,0.0006349145,-26.772575,2.2345152,0.7448384,0.16000001,0.0,0.15452085,3.4499972,3.4799972,374400
hardzero_plus_depr__c0p54__z1p05__lam0p030__nu0p50__psi1p00,hardzero_plus_depr,0.02,32,117,0.0,1,0.50449693,0.5045568,1.0125947,0.097141616,0.097141616,1.0,5.9853803e-05,0.00061615,-27.884346,2.227753,0.74258435,0.16,0.0,0.15835184,3.4799972,3.5099971,377600
hardzero_plus_depr__c0p54__z1p05__lam0p030__nu0p50__psi1p00,hardzero_plus_depr,0.02,32,118,0.0,1,0.5045568,0.50461787,0.9908503,0.10212913,0.10212913,1.0,6.106709e-05,0.00059793994,-26.061253,2.1799142,0.7266381,0.208,0.008,0.13057561,3.5099971,3.539997,380800
hardzero_plus_depr__c0p54__z1p05__lam0p030__nu0p50__psi1p00,hardzero_plus_depr,0.02,32,119,0.0,1,0.50461787,0.50467473,1.0089401,0.097962506,0.097962506,1.0,5.684453e-05,0.0005802682,-26.642462,2.2197125,0.73990417,0.224,0.0,0.1610263,3.539997,3.569997,384000
hardzero_plus_depr__c0p54__z1p05__lam0p030__nu0p50__psi1p00,hardzero_plus_depr,0.02,32,120,0.0,1,0.50467473,0.5047276,1.0275382,0.09385594,0.09385594,1.0,5.2852036e-05,0.0005631187,-27.075098,2.2606292,0.7535431,0.18400002,0.0,0.16966718,3.569997,3.599997,387200
hardzero_plus_depr__c0p54__z1p05__lam0p030__nu0p50__psi1p00,hardzero_plus_depr,0.02,32,121,0.0,1,0.5047276,0.5047276,1.0575371,0.0,0.08759169,0.0,0.0,0.00054647605,-27.710411,2.326628,0.7755427,0.14400001,0.008,0.1599831,3.599997,3.629997,390400
hardzero_plus_depr__c0p54__z1p05__lam0p030__nu0p50__psi1p00,hardzero_plus_depr,0.02,32,122,0.0,1,0.5047276,0.5047755,1.0439582,0.09037364,0.09037364,1.0,4.7927424e-05,0.0005303252,-27.400898,2.296754,0.76558465,0.16800001,0.0,0.15260716,3.629997,3.659997,393600
hardzero_plus_depr__c0p54__z1p05__lam0p030__nu0p50__psi1p00,hardzero_plus_depr,0.02,32,123,0.0,1,0.5047755,0.5047755,1.0750442,0.0,0.084130965,0.0,0.0,0.0005146518,-27.915508,2.3651443,0.78838146,0.136,0.0,0.16144161,3.659997,3.689997,396800
hardzero_plus_depr__c0p54__z1p05__lam0p030__nu0p50__psi1p00,hardzero_plus_depr,0.02,32,124,0.0,1,0.5047755,0.5047755,1.0717899,0.0,0.08476374,0.0,0.0,0.0004994416,-28.03868,2.3579848,0.78599495,0.120000005,0.0,0.14721444,3.689997,3.719997,400000
hardzero_plus_depr__c0p54__z1p05__lam0p030__nu0p50__psi1p00,hardzero_plus_depr,0.02,32,125,0.0,1,0.5047755,0.5047755,1.0511864,0.0,0.088881955,0.0,0.0,0.00048468082,-27.77303,2.3126564,0.77088547,0.120000005,0.0,0.18200773,3.719997,3.749997,403200
hardzero_plus_depr__c0p54__z1p05__lam0p030__nu0p50__psi1p00,hardzero_plus_depr,0.02,32,126,0.0,1,0.5047755,0.50481963,1.0278746,0.09378326,0.09378326,1.0,4.4111555e-05,0.0004703564,-26.738054,2.2613692,0.7537898,0.16800001,0.0,0.12972067,3.749997,3.7799969,406400
hardzero_plus_depr__c0p54__z1p05__lam0p030__nu0p50__psi1p00,hardzero_plus_depr,0.02,32,127,0.0,1,0.50481963,0.50486207,1.0317732,0.09294517,0.09294517,1.0,4.2425312e-05,0.00045645525,-26.985872,2.2699463,0.7566488,0.15200001,0.0,0.16496515,3.7799969,3.8099968,409600
hardzero_plus_depr__c0p54__z1p05__lam0p030__nu0p50__psi1p00,hardzero_plus_depr,0.02,32,128,0.0,1,0.50486207,0.50486207,1.0616287,0.0,0.08677034,0.0,0.0,0.00044296499,-28.005547,2.3356297,0.77854323,0.15200001,0.0,0.17927645,3.8099968,3.8399968,412800
hardzero_plus_depr__c0p54__z1p05__lam0p030__nu0p50__psi1p00,hardzero_plus_depr,0.02,32,129,0.0,1,0.50486207,0.5049057,0.9933542,0.10154201,0.10154201,1.0,4.365021e-05,0.00042987338,-26.512356,2.185423,0.7284743,0.16800001,0.0,0.14830638,3.8399968,3.8699968,416000
hardzero_plus_depr__c0p54__z1p05__lam0p030__nu0p50__psi1p00,hardzero_plus_depr,0.02,32,130,0.0,1,0.5049057,0.504945,1.0261352,0.09415964,0.09415964,1.0,3.9280458e-05,0.00041716872,-27.237507,2.2575426,0.75251424,0.22,0.0,0.16327468,3.8699968,3.8999968,419200
hardzero_plus_depr__c0p54__z1p05__lam0p030__nu0p50__psi1p00,hardzero_plus_depr,0.02,32,131,0.0,1,0.504945,0.5049844,1.0115238,0.097381435,0.097381435,1.0,3.9423852e-05,0.00040483952,-26.555002,2.2253969,0.741799,0.112,0.0,0.16020474,3.8999968,3.9299967,422400
hardzero_plus_depr__c0p54__z1p05__lam0p030__nu0p50__psi1p00,hardzero_plus_depr,0.02,32,132,0.0,1,0.5049844,0.5050206,1.0354142,0.0921692,0.0921692,1.0,3.621095e-05,0.00039287473,-27.253532,2.2779567,0.75931895,0.18400002,0.0,0.17295395,3.9299967,3.9599967,425600
hardzero_plus_depr__c0p54__z1p05__lam0p030__nu0p50__psi1p00,hardzero_plus_depr,0.02,32,133,0.0,1,0.5050206,0.5050576,1.0137714,0.09687875,0.09687875,1.0,3.6936333e-05,0.00038126353,-27.304056,2.2303417,0.74344724,0.192,0.0,0.17785439,3.9599967,3.9899967,428800
hardzero_plus_depr__c0p54__z1p05__lam0p030__nu0p50__psi1p00,hardzero_plus_depr,0.02,32,134,0.0,1,0.5050576,0.50509834,0.9579221,0.11017367,0.11017367,1.0,4.076376e-05,0.00036999548,-26.519608,2.1074708,0.70249027,0.192,0.0,0.14905815,3.9899967,4.0199966,432000
hardzero_plus_depr__c0p54__z1p05__lam0p030__nu0p50__psi1p00,hardzero_plus_depr,0.02,32,135,0.0,1,0.50509834,0.50513273,1.0190761,0.09570263,0.09570263,1.0,3.4363038e-05,0.00035906053,-27.188694,2.2420123,0.74733746,0.14400001,0.0,0.15517981,4.0199966,4.049997,435200
hardzero_plus_depr__c0p54__z1p05__lam0p030__nu0p50__psi1p00,hardzero_plus_depr,0.02,32,136,0.0,1,0.50513273,0.5051681,0.9937891,0.10144038,0.10144038,1.0,3.534675e-05,0.00034844855,-26.458239,2.1863797,0.72879326,0.16800001,0.0,0.15970697,4.049997,4.079997,438400
hardzero_plus_depr__c0p54__z1p05__lam0p030__nu0p50__psi1p00,hardzero_plus_depr,0.02,32,137,0.0,1,0.5051681,0.5051999,1.0265485,0.09407007,0.09407007,1.0,3.180982e-05,0.0003381503,-28.02022,2.2584517,0.7528173,0.208,0.0,0.17875418,4.079997,4.1099973,441600
hardzero_plus_depr__c0p54__z1p05__lam0p030__nu0p50__psi1p00,hardzero_plus_depr,0.02,32,138,0.0,1,0.5051999,0.50523,1.0374,0.09174871,0.09174871,1.0,3.0107922e-05,0.00032815637,-26.726301,2.2823255,0.7607752,0.15200001,0.0,0.14158577,4.1099973,4.1399975,444800
hardzero_plus_depr__c0p54__z1p05__lam0p030__nu0p50__psi1p00,hardzero_plus_depr,0.02,32,139,0.0,1,0.50523,0.50523,1.0798957,0.0,0.08319635,0.0,0.0,0.0003184578,-27.711813,2.375818,0.7919394,0.18400002,0.0,0.19740936,4.1399975,4.1699977,448000
hardzero_plus_depr__c0p54__z1p05__lam0p030__nu0p50__psi1p00,hardzero_plus_depr,0.02,32,140,0.0,1,0.50523,0.5052605,1.0057069,0.09869452,0.09869452,1.0,3.0501138e-05,0.00030904592,-27.64289,2.2125993,0.7375331,0.16800001,0.0,0.2063953,4.1699977,4.199998,451200
hardzero_plus_depr__c0p54__z1p05__lam0p030__nu0p50__psi1p00,hardzero_plus_depr,0.02,32,141,0.0,1,0.5052605,0.5052926,0.97101885,0.106900826,0.106900826,1.0,3.2060856e-05,0.00029991215,-26.294834,2.136284,0.7120947,0.14400001,0.0,0.18931286,4.199998,4.229998,454400
hardzero_plus_depr__c0p54__z1p05__lam0p030__nu0p50__psi1p00,hardzero_plus_depr,0.02,32,142,0.0,1,0.5052926,0.5052926,1.0599958,0.0,0.08709719,0.0,0.0,0.00029104835,-27.50407,2.3320372,0.7773458,0.128,0.0,0.14904162,4.229998,4.2599983,457600
hardzero_plus_depr__c0p54__z1p05__lam0p030__nu0p50__psi1p00,hardzero_plus_depr,0.02,32,143,0.0,1,0.5052926,0.5053206,1.0033962,0.09922106,0.09922106,1.0,2.8024644e-05,0.00028244653,-27.271807,2.2075157,0.7358386,0.14,0.0,0.15521406,4.2599983,4.2899985,460800
hardzero_plus_depr__c0p54__z1p05__lam0p030__nu0p50__psi1p00,hardzero_plus_depr,0.02,32,144,0.0,1,0.5053206,0.5053455,1.0418953,0.090803936,0.090803936,1.0,2.4889261e-05,0.00027409891,-27.201797,2.2922153,0.7640718,0.128,0.0,0.16591938,4.2899985,4.3199987,464000
hardzero_plus_depr__c0p54__z1p05__lam0p030__nu0p50__psi1p00,hardzero_plus_depr,0.02,32,145,0.0,1,0.5053455,0.5053455,1.082244,0.0,0.0827477,0.0,0.0,0.000265998,-27.916899,2.3809845,0.79366153,0.128,0.0,0.1546548,4.3199987,4.349999,467200
hardzero_plus_depr__c0p54__z1p05__lam0p030__nu0p50__psi1p00,hardzero_plus_depr,0.02,32,146,0.0,1,0.5053455,0.50537026,1.0188116,0.09576096,0.09576096,1.0,2.4719402e-05,0.00025813654,-27.01244,2.2414303,0.74714345,0.192,0.0,0.1590139,4.349999,4.379999,470400
hardzero_plus_depr__c0p54__z1p05__lam0p030__nu0p50__psi1p00,hardzero_plus_depr,0.02,32,147,0.0,1,0.50537026,0.50537026,1.0851439,0.0,0.08219702,0.0,0.0,0.00025050738,-28.233555,2.3873644,0.79578817,0.136,0.0,0.18136606,4.379999,4.4099994,473600
hardzero_plus_depr__c0p54__z1p05__lam0p030__nu0p50__psi1p00,hardzero_plus_depr,0.02,32,148,0.0,1,0.50537026,0.5053933,1.0226969,0.09490807,0.09490807,1.0,2.3072507e-05,0.00024310374,-27.247272,2.249978,0.7499927,0.15200001,0.0,0.16145532,4.4099994,4.4399996,476800
hardzero_plus_depr__c0p54__z1p05__lam0p030__nu0p50__psi1p00,hardzero_plus_depr,0.02,32,149,0.0,1,0.5053933,0.5054149,1.0386366,0.09148785,0.09148785,1.0,2.158371e-05,0.00023591887,-26.723217,2.285046,0.76168203,0.15200001,0.0,0.17757958,4.4399996,4.47,480000
hardzero_plus_depr__c0p54__z1p05__lam0p030__nu0p50__psi1p00,hardzero_plus_depr,0.02,32,150,0.0,1,0.5054149,0.5054365,1.0251489,0.09437373,0.09437373,1.0,2.1606522e-05,0.00022894636,-26.723797,2.2553725,0.7517909,0.080000006,0.0,0.13964358,4.47,4.5,483200
hardzero_plus_depr__c0p54__z1p05__lam0p030__nu0p50__psi1p00,hardzero_plus_depr,0.02,32,151,0.0,1,0.5054365,0.5054573,1.0288987,0.09356239,0.09356239,1.0,2.0787686e-05,0.00022217994,-27.061474,2.2636223,0.7545408,0.16000001,0.0,0.15697987,4.5,4.53,486400
hardzero_plus_depr__c0p54__z1p05__lam0p030__nu0p50__psi1p00,hardzero_plus_depr,0.02,32,152,0.0,1,0.5054573,0.5054777,1.0226281,0.0949231,0.0949231,1.0,2.0466701e-05,0.00021561349,-27.273787,2.2498267,0.74994224,0.136,0.0,0.17700219,4.53,4.5600004,489600
hardzero_plus_depr__c0p54__z1p05__lam0p030__nu0p50__psi1p00,hardzero_plus_depr,0.02,32,153,0.0,1,0.5054777,0.5054985,1.0031239,0.09928326,0.09928326,1.0,2.0774136e-05,0.00020924107,-26.72458,2.2069166,0.73563886,0.23200001,0.0,0.16057643,4.5600004,4.5900006,492800
hardzero_plus_depr__c0p54__z1p05__lam0p030__nu0p50__psi1p00,hardzero_plus_depr,0.02,32,154,0.0,1,0.5054985,0.5055179,1.0199598,0.09550809,0.09550809,1.0,1.9393588e-05,0.00020305702,-26.92323,2.2439563,0.7479855,0.14400001,0.0,0.14971164,4.5900006,4.620001,496000
hardzero_plus_depr__c0p54__z1p05__lam0p030__nu0p50__psi1p00,hardzero_plus_depr,0.02,32,155,0.0,1,0.5055179,0.5055179,1.0657755,0.0,0.08594576,0.0,0.0,0.00019705575,-29.150892,2.344753,0.7815844,0.104,0.0,0.15890194,4.620001,4.650001,499200
hardzero_plus_depr__c0p54__z1p05__lam0p030__nu0p50__psi1p00,hardzero_plus_depr,0.02,32,156,0.0,1,0.5055179,0.5055179,1.0615574,0.0,0.08678457,0.0,0.0,0.00019123183,-27.233477,2.3354728,0.77849096,0.14999999,0.0,0.16064903,4.650001,4.6800013,502400
hardzero_plus_depr__c0p54__z1p05__lam0p030__nu0p50__psi1p00,hardzero_plus_depr,0.02,32,157,0.0,1,0.5055179,0.5055371,0.985914,0.10329659,0.10329659,1.0,1.9169787e-05,0.00018558005,-25.87123,2.169054,0.72301805,0.192,0.0,0.15516432,4.6800013,4.7100015,505600
hardzero_plus_depr__c0p54__z1p05__lam0p030__nu0p50__psi1p00,hardzero_plus_depr,0.02,32,158,0.0,1,0.5055371,0.5055576,0.94328827,0.11394931,0.11394931,1.0,2.0521731e-05,0.00018009527,-25.862211,2.0752757,0.6917586,0.16800001,0.0,0.12525114,4.7100015,4.7400017,508800
hardzero_plus_depr__c0p54__z1p05__lam0p030__nu0p50__psi1p00,hardzero_plus_depr,0.02,32,159,0.0,1,0.5055576,0.5055754,0.99128187,0.10202769,0.10202769,1.0,1.7831648e-05,0.00017477262,-26.292376,2.1808636,0.7269546,0.2,0.0,0.17458591,4.7400017,4.770002,512000
hardzero_plus_depr__c0p54__z1p05__lam0p030__nu0p50__psi1p00,hardzero_plus_depr,0.02,32,160,0.0,1,0.5055754,0.505592,1.0096596,0.097800344,0.097800344,1.0,1.6587652e-05,0.00016960729,-27.096567,2.2212956,0.7404319,0.17600001,0.0,0.16979015,4.770002,4.800002,515200
hardzero_plus_depr__c0p54__z1p05__lam0p030__nu0p50__psi1p00,hardzero_plus_depr,0.02,32,161,0.0,1,0.505592,0.5056079,1.0144596,0.096725374,0.096725374,1.0,1.5920474e-05,0.00016459459,-27.582033,2.2318556,0.7439519,0.224,0.0,0.16932674,4.800002,4.8300023,518400
hardzero_plus_depr__c0p54__z1p05__lam0p030__nu0p50__psi1p00,hardzero_plus_depr,0.02,32,162,0.0,1,0.5056079,0.5056079,1.0712061,0.0,0.08487776,0.0,0.0,0.00015973006,-28.01568,2.3567004,0.7855668,0.15200001,0.0,0.17010513,4.8300023,4.8600025,521600
hardzero_plus_depr__c0p54__z1p05__lam0p030__nu0p50__psi1p00,hardzero_plus_depr,0.02,32,163,0.0,1,0.5056079,0.5056224,1.028916,0.09355866,0.09355866,1.0,1.4502461e-05,0.00015500929,-27.494867,2.2636604,0.7545535,0.14400001,0.0,0.16990437,4.8600025,4.8900027,524800
hardzero_plus_depr__c0p54__z1p05__lam0p030__nu0p50__psi1p00,hardzero_plus_depr,0.02,32,164,0.0,1,0.5056224,0.5056369,1.0157845,0.09643073,0.09643073,1.0,1.4505885e-05,0.00015042804,-25.940811,2.2347705,0.74492353,0.16800001,0.0,0.1882664,4.8900027,4.920003,528000
hardzero_plus_depr__c0p54__z1p05__lam0p030__nu0p50__psi1p00,hardzero_plus_depr,0.02,32,165,0.0,1,0.5056369,0.50565106,1.0123247,0.09720202,0.09720202,1.0,1.4189763e-05,0.00014598218,-27.009417,2.2271588,0.7423863,0.18400002,0.0,0.14674819,4.920003,4.950003,531200
hardzero_plus_depr__c0p54__z1p05__lam0p030__nu0p50__psi1p00,hardzero_plus_depr,0.02,32,166,0.0,1,0.50565106,0.50565106,1.0848631,0.0,0.082250185,0.0,0.0,0.00014166773,-27.541946,2.3867464,0.7955822,0.16000001,0.0,0.15522152,4.950003,4.9800034,534400
hardzero_plus_depr__c0p54__z1p05__lam0p030__nu0p50__psi1p00,hardzero_plus_depr,0.02,32,167,0.0,1,0.50565106,0.50566447,1.0101289,0.097694725,0.097694725,1.0,1.3431147e-05,0.00013748078,-27.750582,2.222328,0.740776,0.17600001,0.0,0.14509927,4.9800034,5.0100036,537600
hardzero_plus_depr__c0p54__z1p05__lam0p030__nu0p50__psi1p00,hardzero_plus_depr,0.02,32,168,0.0,1,0.50566447,0.50567764,1.0060418,0.098618455,0.098618455,1.0,1.3157437e-05,0.00013341759,-27.363422,2.213336,0.73777866,0.18400002,0.0,0.19473012,5.0100036,5.040004,540800
hardzero_plus_depr__c0p54__z1p05__lam0p030__nu0p50__psi1p00,hardzero_plus_depr,0.02,32,169,0.0,1,0.50567764,0.50567764,1.10552,0.0,0.0784296,0.0,0.0,0.00012947447,-28.27516,2.4321926,0.8107309,0.17,0.0,0.17279772,5.040004,5.070004,544000
hardzero_plus_depr__c0p54__z1p05__lam0p030__nu0p50__psi1p00,hardzero_plus_depr,0.02,32,170,0.0,1,0.50567764,0.50568944,1.0272763,0.09391257,0.09391257,1.0,1.1799916e-05,0.00012564789,-26.597387,2.260053,0.753351,0.16000001,0.0,0.15905286,5.070004,5.100004,547200
hardzero_plus_depr__c0p54__z1p05__lam0p030__nu0p50__psi1p00,hardzero_plus_depr,0.02,32,171,0.0,1,0.50568944,0.50568944,1.0982217,0.0,0.079758756,0.0,0.0,0.00012193442,-29.24824,2.416136,0.8053787,0.120000005,0.0,0.1774273,5.100004,5.1300044,550400
hardzero_plus_depr__c0p54__z1p05__lam0p030__nu0p50__psi1p00,hardzero_plus_depr,0.02,32,172,0.0,1,0.50568944,0.50568944,1.0590364,0.0,0.08728982,0.0,0.0,0.00011833069,-28.015179,2.3299265,0.7766422,0.104,0.0,0.18591468,5.1300044,5.1600046,553600
hardzero_plus_depr__c0p54__z1p05__lam0p030__nu0p50__psi1p00,hardzero_plus_depr,0.02,32,173,0.0,1,0.50568944,0.50568944,1.0863324,0.0,0.08197239,0.0,0.0,0.000114833456,-27.885532,2.3899791,0.7966597,0.128,0.0,0.18527517,5.1600046,5.190005,556800
hardzero_plus_depr__c0p54__z1p05__lam0p030__nu0p50__psi1p00,hardzero_plus_depr,0.02,32,174,0.0,1,0.50568944,0.50568944,1.0545218,0.0,0.088201955,0.0,0.0,0.0001114396,-27.116438,2.3199942,0.7733314,0.16800001,0.0,0.18532562,5.190005,5.220005,560000
hardzero_plus_depr__c0p54__z1p05__lam0p030__nu0p50__psi1p00,hardzero_plus_depr,0.02,32,175,0.0,1,0.50568944,0.5056994,1.0359594,0.09205358,0.09205358,1.0,9.955229e-06,0.00010814603,-27.363686,2.2791562,0.7597188,0.136,0.0,0.17481846,5.220005,5.2500052,563200
hardzero_plus_depr__c0p54__z1p05__lam0p030__nu0p50__psi1p00,hardzero_plus_depr,0.02,32,176,0.0,1,0.5056994,0.5056994,1.0614963,0.0,0.0867968,0.0,0.0,0.000104949824,-28.531742,2.3353384,0.77844614,0.16800001,0.0,0.17221723,5.2500052,5.2800055,566400
hardzero_plus_depr__c0p54__z1p05__lam0p030__nu0p50__psi1p00,hardzero_plus_depr,0.02,32,177,0.0,1,0.5056994,0.5057091,1.0214114,0.09518939,0.09518939,1.0,9.694854e-06,0.000101848054,-26.908371,2.24715,0.74905,0.24000001,0.0,0.15492615,5.2800055,5.3100057,569600
hardzero_plus_depr__c0p54__z1p05__lam0p030__nu0p50__psi1p00,hardzero_plus_depr,0.02,32,178,0.0,1,0.5057091,0.5057187,1.012361,0.09719388,0.09719388,1.0,9.606447e-06,9.8837976e-05,-28.14991,2.227239,0.742413,0.072000004,0.0,0.16895092,5.3100057,5.340006,572800
hardzero_plus_depr__c0p54__z1p05__lam0p030__nu0p50__psi1p00,hardzero_plus_depr,0.02,32,179,0.0,1,0.5057187,0.5057187,1.0620811,0.0,0.086679995,0.0,0.0,9.5916854e-05,-28.10287,2.336625,0.77887505,0.16800001,0.0,0.19010521,5.340006,5.370006,576000
hardzero_plus_depr__c0p54__z1p05__lam0p030__nu0p50__psi1p00,hardzero_plus_depr,0.02,32,180,0.0,1,0.5057187,0.5057279,1.0059729,0.09863412,0.09863412,1.0,9.181067e-06,9.308206e-05,-27.049349,2.2131846,0.73772824,0.14400001,0.0,0.16943347,5.370006,5.4000063,579200
hardzero_plus_depr__c0p54__z1p05__lam0p030__nu0p50__psi1p00,hardzero_plus_depr,0.02,32,181,0.0,1,0.5057279,0.5057279,1.0597374,0.0,0.08714902,0.0,0.0,9.033105e-05,-27.143265,2.3314688,0.7771563,0.14400001,0.0,0.15939763,5.4000063,5.4300065,582400
hardzero_plus_depr__c0p54__z1p05__lam0p030__nu0p50__psi1p00,hardzero_plus_depr,0.02,32,182,0.0,1,0.5057279,0.5057359,1.0394305,0.09132074,0.09132074,1.0,8.005299e-06,8.766135e-05,-26.8614,2.2867928,0.76226425,0.17,0.0,0.16687799,5.4300065,5.4600067,585600
hardzero_plus_depr__c0p54__z1p05__lam0p030__nu0p50__psi1p00,hardzero_plus_depr,0.02,32,183,0.0,1,0.5057359,0.50574464,0.9870031,0.10303788,0.10303788,1.0,8.765488e-06,8.507054e-05,-27.000252,2.1714501,0.72381675,0.120000005,0.0,0.14406441,5.4600067,5.490007,588800
hardzero_plus_depr__c0p54__z1p05__lam0p030__nu0p50__psi1p00,hardzero_plus_depr,0.02,32,184,0.0,1,0.50574464,0.5057524,1.0277832,0.09380301,0.09380301,1.0,7.74403e-06,8.2556304e-05,-27.246313,2.261168,0.75372267,0.14400001,0.0,0.1499034,5.490007,5.520007,592000
hardzero_plus_depr__c0p54__z1p05__lam0p030__nu0p50__psi1p00,hardzero_plus_depr,0.02,32,185,0.0,1,0.5057524,0.5057601,1.0183003,0.095873736,0.095873736,1.0,7.6810575e-06,8.011639e-05,-27.517488,2.2403054,0.7467685,0.15200001,0.0,0.14715157,5.520007,5.5500073,595200
hardzero_plus_depr__c0p54__z1p05__lam0p030__nu0p50__psi1p00,hardzero_plus_depr,0.02,32,186,0.0,1,0.5057601,0.5057601,1.0600406,0.0,0.087088205,0.0,0.0,7.774857e-05,-29.271765,2.332136,0.7773787,0.14400001,0.0,0.17222346,5.5500073,5.5800076,598400
hardzero_plus_depr__c0p54__z1p05__lam0p030__nu0p50__psi1p00,hardzero_plus_depr,0.02,32,187,0.0,1,0.5057601,0.5057674,1.0137272,0.09688862,0.09688862,1.0,7.310318e-06,7.545074e-05,-26.814802,2.2302444,0.7434148,0.16000001,0.0,0.1273885,5.5800076,5.610008,601600
hardzero_plus_depr__c0p54__z1p05__lam0p030__nu0p50__psi1p00,hardzero_plus_depr,0.02,32,188,0.0,1,0.5057674,0.5057674,1.0553457,0.0,0.088034794,0.0,0.0,7.3220814e-05,-27.745716,2.321807,0.7739357,0.072000004,0.0,0.15858887,5.610008,5.640008,604800
hardzero_plus_depr__c0p54__z1p05__lam0p030__nu0p50__psi1p00,hardzero_plus_depr,0.02,32,189,0.0,1,0.5057674,0.50577426,1.0157743,0.096433006,0.096433006,1.0,6.852221e-06,7.10568e-05,-27.208416,2.234748,0.74491596,0.18400002,0.0,0.15854132,5.640008,5.670008,608000
hardzero_plus_depr__c0p54__z1p05__lam0p030__nu0p50__psi1p00,hardzero_plus_depr,0.02,32,190,0.0,1,0.50577426,0.5057809,1.0166371,0.09624161,0.09624161,1.0,6.6365074e-06,6.895674e-05,-27.715954,2.2366462,0.7455487,0.136,0.0,0.14894791,5.670008,5.7000084,611200
hardzero_plus_depr__c0p54__z1p05__lam0p030__nu0p50__psi1p00,hardzero_plus_depr,0.02,32,191,0.0,1,0.5057809,0.5057877,0.9928091,0.10166955,0.10166955,1.0,6.8035993e-06,6.691875e-05,-26.630106,2.1842237,0.72807455,0.136,0.0,0.14505962,5.7000084,5.7300086,614400
hardzero_plus_depr__c0p54__z1p05__lam0p030__nu0p50__psi1p00,hardzero_plus_depr,0.02,32,192,0.0,1,0.5057877,0.50579363,1.0372605,0.091778174,0.091778174,1.0,5.960165e-06,6.4940985e-05,-27.653532,2.2820187,0.7606729,0.136,0.0,0.16548832,5.7300086,5.760009,617600
hardzero_plus_depr__c0p54__z1p05__lam0p030__nu0p50__psi1p00,hardzero_plus_depr,0.02,32,193,0.0,1,0.50579363,0.5057999,1.0047262,0.09891766,0.09891766,1.0,6.233957e-06,6.3021675e-05,-27.035034,2.2104416,0.7368139,0.2,0.0,0.16842183,5.760009,5.790009,620800
hardzero_plus_depr__c0p54__z1p05__lam0p030__nu0p50__psi1p00,hardzero_plus_depr,0.02,32,194,0.0,1,0.5057999,0.5058058,1.0146904,0.09667398,0.09667398,1.0,5.9124923e-06,6.115909e-05,-26.828144,2.2323635,0.7441212,0.136,0.0,0.15075634,5.790009,5.820009,624000
hardzero_plus_depr__c0p54__z1p05__lam0p030__nu0p50__psi1p00,hardzero_plus_depr,0.02,32,195,0.0,1,0.5058058,0.50581115,1.0452738,0.0901003,0.0901003,1.0,5.3475933e-06,5.9351558e-05,-26.804556,2.2996483,0.76654947,0.16,0.0,0.15657762,5.820009,5.8500094,627200
hardzero_plus_depr__c0p54__z1p05__lam0p030__nu0p50__psi1p00,hardzero_plus_depr,0.02,32,196,0.0,1,0.50581115,0.50581634,1.045729,0.090005904,0.090005904,1.0,5.1841093e-06,5.7597437e-05,-27.573622,2.30065,0.7668833,0.14400001,0.0,0.17873771,5.8500094,5.8800097,630400
hardzero_plus_depr__c0p54__z1p05__lam0p030__nu0p50__psi1p00,hardzero_plus_depr,0.02,32,197,0.0,1,0.50581634,0.5058216,1.0294735,0.09343862,0.09343862,1.0,5.2227665e-06,5.589516e-05,-27.287432,2.264887,0.7549624,0.17600001,0.008,0.1721802,5.8800097,5.91001,633600
hardzero_plus_depr__c0p54__z1p05__lam0p030__nu0p50__psi1p00,hardzero_plus_depr,0.02,32,198,0.0,1,0.5058216,0.5058267,1.0235897,0.09471314,0.09471314,1.0,5.1375437e-06,5.4243203e-05,-26.11819,2.2519424,0.7506475,0.112,0.0,0.13724221,5.91001,5.94001,636800
hardzero_plus_depr__c0p54__z1p05__lam0p030__nu0p50__psi1p00,hardzero_plus_depr,0.02,32,199,0.0,1,0.5058267,0.5058318,1.014224,0.09677785,0.09677785,1.0,5.0943922e-06,5.2640065e-05,-27.058014,2.2313375,0.7437792,0.16800001,0.0,0.1369422,5.94001,5.9700103,640000
hardzero_plus_depr__c0p54__z1p05__lam0p030__nu0p50__psi1p00,hardzero_plus_depr,0.02,32,200,0.0,1,0.5058318,0.5058369,0.99875873,0.10028622,0.10028622,1.0,5.1230513e-06,5.10843e-05,-26.68398,2.197313,0.73243773,0.18400002,0.0,0.13638532,5.9700103,6.0000105,643200
hardzero_plus_depr__c0p54__z1p05__lam0p030__nu0p50__psi1p00,hardzero_plus_depr,0.02,32,201,0.0,1,0.5058369,0.5058418,1.0079865,0.098177835,0.098177835,1.0,4.8671195e-06,4.9574523e-05,-26.839987,2.2176147,0.7392049,0.16000001,0.0,0.14407282,6.0000105,6.0300107,646400
hardzero_plus_depr__c0p54__z1p05__lam0p030__nu0p50__psi1p00,hardzero_plus_depr,0.02,32,202,0.0,1,0.5058418,0.5058418,1.0735375,0.0,0.08442333,0.0,0.0,4.8109363e-05,-28.328829,2.3618295,0.7872765,0.128,0.0,0.1935309,6.0300107,6.060011,649600
hardzero_plus_depr__c0p54__z1p05__lam0p030__nu0p50__psi1p00,hardzero_plus_depr,0.02,32,203,0.0,1,0.5058418,0.5058464,1.0072908,0.09833524,0.09833524,1.0,4.591027e-06,4.6687506e-05,-25.988813,2.216084,0.73869467,0.136,0.0,0.15883578,6.060011,6.090011,652800
hardzero_plus_depr__c0p54__z1p05__lam0p030__nu0p50__psi1p00,hardzero_plus_depr,0.02,32,204,0.0,1,0.5058464,0.5058464,1.061244,0.0,0.08684722,0.0,0.0,4.5307672e-05,-28.153294,2.3347833,0.7782611,0.128,0.0,0.15674731,6.090011,6.1200113,656000
hardzero_plus_depr__c0p54__z1p05__lam0p030__nu0p50__psi1p00,hardzero_plus_depr,0.02,32,205,0.0,1,0.5058464,0.5058509,0.98810184,0.10277752,0.10277752,1.0,4.5189854e-06,4.396862e-05,-26.670296,2.1738675,0.7246225,0.216,0.008,0.13590544,6.1200113,6.1500115,659200
hardzero_plus_depr__c0p54__z1p05__lam0p030__nu0p50__psi1p00,hardzero_plus_depr,0.02,32,206,0.0,1,0.5058509,0.5058549,1.0277845,0.09380274,0.09380274,1.0,4.0024825e-06,4.266914e-05,-26.880493,2.261171,0.75372374,0.14400001,0.0,0.1571874,6.1500115,6.1800117,662400
hardzero_plus_depr__c0p54__z1p05__lam0p030__nu0p50__psi1p00,hardzero_plus_depr,0.02,32,207,0.0,1,0.5058549,0.5058587,1.0346005,0.092342034,0.092342034,1.0,3.8237054e-06,4.140807e-05,-27.465189,2.2761664,0.7587222,0.192,0.0,0.18267973,6.1800117,6.210012,665600
hardzero_plus_depr__c0p54__z1p05__lam0p030__nu0p50__psi1p00,hardzero_plus_depr,0.02,32,208,0.0,1,0.5058587,0.5058627,1.0033016,0.09924266,0.09924266,1.0,3.9879933e-06,4.0184266e-05,-26.344282,2.2073076,0.7357692,0.17,0.0,0.14265884,6.210012,6.240012,668800
hardzero_plus_depr__c0p54__z1p05__lam0p030__nu0p50__psi1p00,hardzero_plus_depr,0.02,32,209,0.0,1,0.5058627,0.5058627,1.0585432,0.0,0.087389,0.0,0.0,3.8996637e-05,-28.683071,2.3288414,0.7762805,0.208,0.0,0.2223966,6.240012,6.2700124,672000
hardzero_plus_depr__c0p54__z1p05__lam0p030__nu0p50__psi1p00,hardzero_plus_depr,0.02,32,210,0.0,1,0.5058627,0.5058627,1.0597376,0.0,0.087148994,0.0,0.0,3.7844104e-05,-27.920212,2.3314693,0.7771565,0.15200001,0.0,0.1598151,6.2700124,6.3000126,675200
hardzero_plus_depr__c0p54__z1p05__lam0p030__nu0p50__psi1p00,hardzero_plus_depr,0.02,32,211,0.0,1,0.5058627,0.5058627,1.0844359,0.0,0.08233111,0.0,0.0,3.6725633e-05,-27.871656,2.3858068,0.79526895,0.14400001,0.0,0.1772251,6.3000126,6.330013,678400
hardzero_plus_depr__c0p54__z1p05__lam0p030__nu0p50__psi1p00,hardzero_plus_depr,0.02,32,212,0.0,1,0.5058627,0.50586593,1.044843,0.09018971,0.09018971,1.0,3.2143812e-06,3.564022e-05,-27.5526,2.2987003,0.76623344,0.136,0.0,0.16393669,6.330013,6.360013,681600
hardzero_plus_depr__c0p54__z1p05__lam0p030__nu0p50__psi1p00,hardzero_plus_depr,0.02,32,213,0.0,1,0.50586593,0.50586593,1.1107693,0.0,0.077487335,0.0,0.0,3.4586883e-05,-29.959019,2.4437413,0.81458044,0.128,0.0,0.20474635,6.360013,6.390013,684800
hardzero_plus_depr__c0p54__z1p05__lam0p030__nu0p50__psi1p00,hardzero_plus_depr,0.02,32,214,0.0,1,0.50586593,0.5058692,1.0141854,0.096786454,0.096786454,1.0,3.2486064e-06,3.356468e-05,-26.606161,2.2312524,0.7437508,0.136,0.0,0.16556077,6.390013,6.4200134,688000
hardzero_plus_depr__c0p54__z1p05__lam0p030__nu0p50__psi1p00,hardzero_plus_depr,0.02,32,215,0.0,1,0.5058692,0.50587255,0.98605937,0.10326202,0.10326202,1.0,3.3635215e-06,3.2572687e-05,-27.28082,2.169374,0.7231247,0.2,0.0,0.15468395,6.4200134,6.4500136,691200
hardzero_plus_depr__c0p54__z1p05__lam0p030__nu0p50__psi1p00,hardzero_plus_depr,0.02,32,216,0.0,1,0.50587255,0.5058758,0.9811079,0.10444606,0.10444606,1.0,3.3015413e-06,3.1610012e-05,-26.637203,2.1584804,0.7194935,0.23200001,0.0,0.15344119,6.4500136,6.480014,694400
hardzero_plus_depr__c0p54__z1p05__lam0p030__nu0p50__psi1p00,hardzero_plus_depr,0.02,32,217,0.0,1,0.5058758,0.50587887,1.0070506,0.09838964,0.09838964,1.0,3.0181795e-06,3.0675787e-05,-27.094337,2.2155557,0.7385186,0.120000005,0.0,0.14500347,6.480014,6.510014,697600
hardzero_plus_depr__c0p54__z1p05__lam0p030__nu0p50__psi1p00,hardzero_plus_depr,0.02,32,218,0.0,1,0.50587887,0.50587887,1.0559227,0.0,0.087917894,0.0,0.0,2.9769177e-05,-28.954943,2.3230765,0.77435887,0.17600001,0.0,0.18463679,6.510014,6.5400143,700800
hardzero_plus_depr__c0p54__z1p05__lam0p030__nu0p50__psi1p00,hardzero_plus_depr,0.02,32,219,0.0,1,0.50587887,0.50588167,1.0168763,0.09618862,0.09618862,1.0,2.7788271e-06,2.8889355e-05,-27.220991,2.2371726,0.7457242,0.16800001,0.0,0.15852597,6.5400143,6.5700145,704000
hardzero_plus_depr__c0p54__z1p05__lam0p030__nu0p50__psi1p00,hardzero_plus_depr,0.02,32,220,0.0,1,0.50588167,0.50588167,1.0948957,0.0,0.08037191,0.0,0.0,2.8035542e-05,-28.491123,2.4088187,0.8029396,0.17600001,0.0,0.1779775,6.5700145,6.6000147,707200
hardzero_plus_depr__c0p54__z1p05__lam0p030__nu0p50__psi1p00,hardzero_plus_depr,0.02,32,221,0.0,1,0.50588167,0.50588447,0.99138784,0.10200281,0.10200281,1.0,2.7751862e-06,2.720696e-05,-26.266262,2.1810968,0.7270323,0.17,0.0,0.13600822,6.6000147,6.630015,710400
hardzero_plus_depr__c0p54__z1p05__lam0p030__nu0p50__psi1p00,hardzero_plus_depr,0.02,32,222,0.0,1,0.50588447,0.50588715,0.99662936,0.10077914,0.10077914,1.0,2.6608584e-06,2.640287e-05,-26.943865,2.1926284,0.73087615,0.128,0.0,0.15759973,6.630015,6.660015,713600
hardzero_plus_depr__c0p54__z1p05__lam0p030__nu0p50__psi1p00,hardzero_plus_depr,0.02,32,223,0.0,1,0.50588715,0.5058895,1.042386,0.09070138,0.09070138,1.0,2.3239998e-06,2.562254e-05,-28.049402,2.2932951,0.7644317,0.120000005,0.0,0.13036692,6.660015,6.6900153,716800
hardzero_plus_depr__c0p54__z1p05__lam0p030__nu0p50__psi1p00,hardzero_plus_depr,0.02,32,224,0.0,1,0.5058895,0.50589174,1.0400636,0.09118772,0.09118772,1.0,2.2674078e-06,2.4865274e-05,-27.196573,2.2881856,0.7627286,0.16800001,0.0,0.17765203,6.6900153,6.7200155,720000
hardzero_plus_depr__c0p54__z1p05__lam0p030__nu0p50__psi1p00,hardzero_plus_depr,0.02,32,225,0.0,1,0.50589174,0.50589174,1.0743711,0.0,0.08426144,0.0,0.0,2.413039e-05,-28.01944,2.3636637,0.78788793,0.136,0.0,0.17287096,6.7200155,6.7500157,723200
hardzero_plus_depr__c0p54__z1p05__lam0p030__nu0p50__psi1p00,hardzero_plus_depr,0.02,32,226,0.0,1,0.50589174,0.50589406,1.006135,0.098597296,0.098597296,1.0,2.3088749e-06,2.3417224e-05,-26.719618,2.2135413,0.7378471,0.17600001,0.0,0.15836245,6.7500157,6.780016,726400
hardzero_plus_depr__c0p54__z1p05__lam0p030__nu0p50__psi1p00,hardzero_plus_depr,0.02,32,227,0.0,1,0.50589406,0.50589633,1.0042053,0.09903635,0.09903635,1.0,2.2506144e-06,2.2725135e-05,-26.373472,2.2092957,0.73643196,0.18400002,0.0,0.16078839,6.780016,6.810016,729600
hardzero_plus_depr__c0p54__z1p05__lam0p030__nu0p50__psi1p00,hardzero_plus_depr,0.02,32,228,0.0,1,0.50589633,0.50589854,1.0004377,0.09989924,0.09989924,1.0,2.2031277e-06,2.2053498e-05,-26.895548,2.201007,0.733669,0.224,0.0,0.17608932,6.810016,6.8400164,732800
hardzero_plus_depr__c0p54__z1p05__lam0p030__nu0p50__psi1p00,hardzero_plus_depr,0.02,32,229,0.0,1,0.50589854,0.5059008,0.9733182,0.106336355,0.106336355,1.0,2.2757806e-06,2.1401718e-05,-25.891193,2.1413429,0.713781,0.14400001,0.0,0.13877058,6.8400164,6.8700166,736000
hardzero_plus_depr__c0p54__z1p05__lam0p030__nu0p50__psi1p00,hardzero_plus_depr,0.02,32,230,0.0,1,0.5059008,0.50590277,1.0188104,0.0957612,0.0957612,1.0,1.9888832e-06,2.0769196e-05,-26.82431,2.2414277,0.74714255,0.15200001,0.0,0.14440899,6.8700166,6.900017,739200
hardzero_plus_depr__c0p54__z1p05__lam0p030__nu0p50__psi1p00,hardzero_plus_depr,0.02,32,231,0.0,1,0.50590277,0.5059046,1.0395565,0.09129425,0.09129425,1.0,1.8400694e-06,2.015537e-05,-28.271229,2.28707,0.7623567,0.120000005,0.0,0.16247933,6.900017,6.930017,742400
hardzero_plus_depr__c0p54__z1p05__lam0p030__nu0p50__psi1p00,hardzero_plus_depr,0.02,32,232,0.0,1,0.5059046,0.50590634,1.0483323,0.08946799,0.08946799,1.0,1.7499657e-06,1.9559686e-05,-27.054073,2.3063772,0.7687924,0.136,0.0,0.16636348,6.930017,6.960017,745600
hardzero_plus_depr__c0p54__z1p05__lam0p030__nu0p50__psi1p00,hardzero_plus_depr,0.02,32,233,0.0,1,0.50590634,0.5059082,1.0146792,0.09667647,0.09667647,1.0,1.8350746e-06,1.8981606e-05,-27.204418,2.232339,0.74411297,0.16800001,0.0,0.15015323,6.960017,6.9900174,748800
hardzero_plus_depr__c0p54__z1p05__lam0p030__nu0p50__psi1p00,hardzero_plus_depr,0.02,32,234,0.0,1,0.5059082,0.5059099,1.031155,0.093077555,0.093077555,1.0,1.7145454e-06,1.8420611e-05,-27.639904,2.2685864,0.7561955,0.13,0.0,0.16071986,6.9900174,7.0200176,752000
hardzero_plus_depr__c0p54__z1p05__lam0p030__nu0p50__psi1p00,hardzero_plus_depr,0.02,32,235,0.0,1,0.5059099,0.5059117,1.0009047,0.09979191,0.09979191,1.0,1.7838995e-06,1.7876195e-05,-26.584988,2.2020342,0.7340114,0.15200001,0.008,0.15405583,7.0200176,7.050018,755200
hardzero_plus_depr__c0p54__z1p05__lam0p030__nu0p50__psi1p00,hardzero_plus_depr,0.02,32,236,0.0,1,0.5059117,0.5059117,1.0583837,0.0,0.0874211,0.0,0.0,1.734787e-05,-27.723331,2.3284907,0.7761636,0.128,0.0,0.1843885,7.050018,7.080018,758400
hardzero_plus_depr__c0p54__z1p05__lam0p030__nu0p50__psi1p00,hardzero_plus_depr,0.02,32,237,0.0,1,0.5059117,0.5059117,1.052908,0.0,0.088530324,0.0,0.0,1.683516e-05,-27.833632,2.3164437,0.7721479,0.128,0.0,0.14152212,7.080018,7.1100183,761600
hardzero_plus_depr__c0p54__z1p05__lam0p030__nu0p50__psi1p00,hardzero_plus_depr,0.02,32,238,0.0,1,0.5059117,0.50591326,1.0290421,0.093531504,0.093531504,1.0,1.5280806e-06,1.6337603e-05,-27.313013,2.263938,0.754646,0.17600001,0.008,0.16665342,7.1100183,7.1400185,764800
hardzero_plus_depr__c0p54__z1p05__lam0p030__nu0p50__psi1p00,hardzero_plus_depr,0.02,32,239,0.0,1,0.50591326,0.50591475,1.0288032,0.09358296,0.09358296,1.0,1.4837344e-06,1.585475e-05,-27.058796,2.2634122,0.75447077,0.14400001,0.0,0.16920957,7.1400185,7.1700187,768000
hardzero_plus_depr__c0p54__z1p05__lam0p030__nu0p50__psi1p00,hardzero_plus_depr,0.02,32,240,0.0,1,0.50591475,0.50591624,1.0215156,0.09516657,0.09516657,1.0,1.4642488e-06,1.5386167e-05,-27.179739,2.2473793,0.74912643,0.17600001,0.0,0.152522,7.1700187,7.200019,771200
hardzero_plus_depr__c0p54__z1p05__lam0p030__nu0p50__psi1p00,hardzero_plus_depr,0.02,32,241,0.0,1,0.50591624,0.50591755,1.0468701,0.089769736,0.089769736,1.0,1.3403909e-06,1.4931435e-05,-27.215408,2.3031602,0.7677201,0.17600001,0.0,0.17832558,7.200019,7.230019,774400
hardzero_plus_depr__c0p54__z1p05__lam0p030__nu0p50__psi1p00,hardzero_plus_depr,0.02,32,242,0.0,1,0.50591755,0.5059191,0.96371776,0.1087132,0.1087132,1.0,1.5752696e-06,1.44901405e-05,-25.743862,2.1202214,0.7067405,0.18400002,0.0,0.14384034,7.230019,7.2600193,777600
hardzero_plus_depr__c0p54__z1p05__lam0p030__nu0p50__psi1p00,hardzero_plus_depr,0.02,32,243,0.0,1,0.5059191,0.5059205,0.99170816,0.10192759,0.10192759,1.0,1.4332945e-06,1.40618895e-05,-26.434805,2.1818016,0.7272672,0.136,0.0,0.15687229,7.2600193,7.2900195,780800
hardzero_plus_depr__c0p54__z1p05__lam0p030__nu0p50__psi1p00,hardzero_plus_depr,0.02,32,244,0.0,1,0.5059205,0.5059205,1.1052121,0.0,0.07848523,0.0,0.0,1.3646293e-05,-29.277061,2.4315152,0.8105051,0.096,0.0,0.15744519,7.2900195,7.3200197,784000
hardzero_plus_depr__c0p54__z1p05__lam0p030__nu0p50__psi1p00,hardzero_plus_depr,0.02,32,245,0.0,1,0.5059205,0.5059218,1.0335,0.09257634,0.09257634,1.0,1.2259869e-06,1.3242983e-05,-27.711824,2.2737453,0.75791514,0.120000005,0.0,0.16010088,7.3200197,7.35002,787200
hardzero_plus_depr__c0p54__z1p05__lam0p030__nu0p50__psi1p00,hardzero_plus_depr,0.02,32,246,0.0,1,0.5059218,0.5059218,1.0509884,0.0,0.08892248,0.0,0.0,1.2851591e-05,-27.225424,2.3122208,0.7707403,0.096,0.0,0.14214432,7.35002,7.38002,790400
hardzero_plus_depr__c0p54__z1p05__lam0p030__nu0p50__psi1p00,hardzero_plus_depr,0.02,32,247,0.0,1,0.5059218,0.5059218,1.0766678,0.0,0.08381701,0.0,0.0,1.2471766e-05,-28.63713,2.3687165,0.7895722,0.089999996,0.0,0.1636065,7.38002,7.4100204,793600
hardzero_plus_depr__c0p54__z1p05__lam0p030__nu0p50__psi1p00,hardzero_plus_depr,0.02,32,248,0.0,1,0.5059218,0.5059218,1.0529464,0.0,0.08852248,0.0,0.0,1.2103167e-05,-27.501797,2.3165283,0.77217615,0.15200001,0.0,0.19135258,7.4100204,7.4400206,796800
hardzero_plus_depr__c0p54__z1p05__lam0p030__nu0p50__psi1p00,hardzero_plus_depr,0.02,32,249,0.0,1,0.5059218,0.5059229,1.0225405,0.09494225,0.09494225,1.0,1.1151405e-06,1.1745462e-05,-28.176397,2.2496338,0.7498779,0.16800001,0.0,0.16464093,7.4400206,7.470021,800000
hardzero_plus_depr__c0p54__z1p05__lam0p030__nu0p50__psi1p00,hardzero_plus_depr,0.02,32,250,0.0,1,0.5059229,0.50592405,1.0072802,0.09833763,0.09833763,1.0,1.1208846e-06,1.1398329e-05,-27.34833,2.2160606,0.7386869,0.136,0.0,0.15351197,7.470021,7.500021,803200
hardzero_plus_depr__c0p54__z1p05__lam0p030__nu0p50__psi1p00,hardzero_plus_depr,0.02,32,251,0.0,1,0.50592405,0.50592524,0.9694185,0.10729549,0.10729549,1.0,1.1868443e-06,1.1061456e-05,-26.02778,2.1327634,0.71092117,0.16800001,0.0,0.13010612,7.500021,7.530021,806400
hardzero_plus_depr__c0p54__z1p05__lam0p030__nu0p50__psi1p00,hardzero_plus_depr,0.02,32,252,0.0,1,0.50592524,0.5059262,1.039905,0.091221035,0.091221035,1.0,9.792155e-07,1.0734537e-05,-27.543224,2.2878366,0.7626122,0.136,0.0,0.18890534,7.530021,7.5600214,809600
hardzero_plus_depr__c0p54__z1p05__lam0p030__nu0p50__psi1p00,hardzero_plus_depr,0.02,32,253,0.0,1,0.5059262,0.5059272,1.0026627,0.09938878,0.09938878,1.0,1.0353609e-06,1.0417281e-05,-26.876345,2.2059019,0.73530066,0.120000005,0.0,0.15992911,7.5600214,7.5900216,812800
hardzero_plus_depr__c0p54__z1p05__lam0p030__nu0p50__psi1p00,hardzero_plus_depr,0.02,32,254,0.0,1,0.5059272,0.5059281,1.0480754,0.08952093,0.08952093,1.0,9.050031e-07,1.0109402e-05,-27.915735,2.3058121,0.76860404,0.16800001,0.0,0.1877206,7.5900216,7.620022,816000
hardzero_plus_depr__c0p54__z1p05__lam0p030__nu0p50__psi1p00,hardzero_plus_depr,0.02,32,255,0.0,1,0.5059281,0.505929,1.0404311,0.09111058,0.09111058,1.0,8.9385156e-07,9.810623e-06,-27.980331,2.2889943,0.7629981,0.16000001,0.0,0.18021339,7.620022,7.650022,819200
hardzero_plus_depr__c0p54__z1p05__lam0p030__nu0p50__psi1p00,hardzero_plus_depr,0.02,32,256,0.0,1,0.505929,0.505929,1.0803157,0.0,0.083115935,0.0,0.0,9.520672e-06,-28.146856,2.3767421,0.7922474,0.096,0.0,0.19062117,7.650022,7.6800222,822400
hardzero_plus_depr__c0p54__z1p05__lam0p030__nu0p50__psi1p00,hardzero_plus_depr,0.02,32,257,0.0,1,0.505929,0.5059298,1.0293958,0.09345535,0.09345535,1.0,8.6346137e-07,9.239293e-06,-26.801626,2.264716,0.75490534,0.18400002,0.008,0.15707947,7.6800222,7.7100224,825600
hardzero_plus_depr__c0p54__z1p05__lam0p030__nu0p50__psi1p00,hardzero_plus_depr,0.02,32,258,0.0,1,0.5059298,0.50593066,1.0302123,0.09327983,0.09327983,1.0,8.3636826e-07,8.966228e-06,-26.67791,2.2665124,0.75550413,0.18400002,0.0,0.14237982,7.7100224,7.7400227,828800
hardzero_plus_depr__c0p54__z1p05__lam0p030__nu0p50__psi1p00,hardzero_plus_depr,0.02,32,259,0.0,1,0.50593066,0.50593156,0.9888975,0.1025894,0.1025894,1.0,8.926544e-07,8.701234e-06,-26.480726,2.175618,0.725206,0.14400001,0.0,0.15800102,7.7400227,7.770023,832000
hardzero_plus_depr__c0p54__z1p05__lam0p030__nu0p50__psi1p00,hardzero_plus_depr,0.02,32,260,0.0,1,0.50593156,0.50593156,1.0916286,0.0,0.08097882,0.0,0.0,8.444073e-06,-28.281445,2.4016309,0.80054367,0.12,0.0,0.1935632,7.770023,7.800023,835200
hardzero_plus_depr__c0p54__z1p05__lam0p030__nu0p50__psi1p00,hardzero_plus_depr,0.02,32,261,0.0,1,0.50593156,0.50593233,1.0225431,0.09494168,0.09494168,1.0,7.780006e-07,8.19451e-06,-26.226822,2.2496397,0.74987996,0.128,0.0,0.14219628,7.800023,7.8300233,838400
hardzero_plus_depr__c0p54__z1p05__lam0p030__nu0p50__psi1p00,hardzero_plus_depr,0.02,32,262,0.0,1,0.50593233,0.5059331,1.0115013,0.09738647,0.09738647,1.0,7.744488e-07,7.952324e-06,-26.844162,2.2253473,0.7417824,0.18400002,0.0,0.16992077,7.8300233,7.8600235,841600
hardzero_plus_depr__c0p54__z1p05__lam0p030__nu0p50__psi1p00,hardzero_plus_depr,0.02,32,263,0.0,1,0.5059331,0.5059331,1.0633309,0.0,0.08643092,0.0,0.0,7.717295e-06,-28.393463,2.3393748,0.7797916,0.120000005,0.0,0.1790346,7.8600235,7.8900237,844800
hardzero_plus_depr__c0p54__z1p05__lam0p030__nu0p50__psi1p00,hardzero_plus_depr,0.02,32,264,0.0,1,0.5059331,0.5059331,1.0641447,0.0,0.0862691,0.0,0.0,7.489214e-06,-27.938002,2.341165,0.78038836,0.15200001,0.0,0.14499648,7.8900237,7.920024,848000
hardzero_plus_depr__c0p54__z1p05__lam0p030__nu0p50__psi1p00,hardzero_plus_depr,0.02,32,265,0.0,1,0.5059331,0.5059338,1.0250576,0.09439358,0.09439358,1.0,6.860405e-07,7.267872e-06,-26.703156,2.2551718,0.75172395,0.18400002,0.0,0.13950267,7.920024,7.950024,851200
hardzero_plus_depr__c0p54__z1p05__lam0p030__nu0p50__psi1p00,hardzero_plus_depr,0.02,32,266,0.0,1,0.5059338,0.50593454,0.9947438,0.101217635,0.101217635,1.0,7.1389536e-07,7.0530727e-06,-27.507217,2.1884801,0.7294934,0.096,0.0,0.16023989,7.950024,7.9800243,854400
hardzero_plus_depr__c0p54__z1p05__lam0p030__nu0p50__psi1p00,hardzero_plus_depr,0.02,32,267,0.0,1,0.50593454,0.50593454,1.0821451,0.0,0.08276656,0.0,0.0,6.844622e-06,-28.546469,2.3807666,0.7935889,0.136,0.0,0.17478251,7.9800243,8.010024,857600
hardzero_plus_depr__c0p54__z1p05__lam0p030__nu0p50__psi1p00,hardzero_plus_depr,0.02,32,268,0.0,1,0.50593454,0.5059352,1.0037713,0.09913539,0.09913539,1.0,6.584904e-07,6.6423345e-06,-27.490677,2.208341,0.73611367,0.192,0.0,0.1844068,8.010024,8.040024,860800
hardzero_plus_depr__c0p54__z1p05__lam0p030__nu0p50__psi1p00,hardzero_plus_depr,0.02,32,269,0.0,1,0.5059352,0.5059358,1.033988,0.092472374,0.092472374,1.0,5.960793e-07,6.4460255e-06,-26.95263,2.2748191,0.75827307,0.08800001,0.0,0.15961923,8.040024,8.070024,864000
hardzero_plus_depr__c0p54__z1p05__lam0p030__nu0p50__psi1p00,hardzero_plus_depr,0.02,32,270,0.0,1,0.5059358,0.5059363,1.0476936,0.089599654,0.089599654,1.0,5.6049225e-07,6.255518e-06,-27.341255,2.304972,0.768324,0.14400001,0.0,0.15437225,8.070024,8.100023,867200
hardzero_plus_depr__c0p54__z1p05__lam0p030__nu0p50__psi1p00,hardzero_plus_depr,0.02,32,271,0.0,1,0.5059363,0.5059363,1.0687068,0.0,0.085367635,0.0,0.0,6.070641e-06,-27.987099,2.3512018,0.78373396,0.15200001,0.0,0.17621094,8.100023,8.130023,870400
hardzero_plus_depr__c0p54__z1p05__lam0p030__nu0p50__psi1p00,hardzero_plus_depr,0.02,32,272,0.0,1,0.5059363,0.5059369,1.0068645,0.0984318,0.0984318,1.0,5.798843e-07,5.8912287e-06,-26.595064,2.2151463,0.7383821,0.16800001,0.0,0.1328902,8.130023,8.160023,873600
hardzero_plus_depr__c0p54__z1p05__lam0p030__nu0p50__psi1p00,hardzero_plus_depr,0.02,32,273,0.0,1,0.5059369,0.50593746,1.028427,0.09366405,0.09366405,1.0,5.354884e-07,5.717118e-06,-27.36357,2.2625847,0.7541949,0.089999996,0.0,0.15097384,8.160023,8.190022,876800
hardzero_plus_depr__c0p54__z1p05__lam0p030__nu0p50__psi1p00,hardzero_plus_depr,0.02,32,274,0.0,1,0.50593746,0.50593805,0.9787237,0.10502103,0.10502103,1.0,5.826727e-07,5.548153e-06,-26.769073,2.1532352,0.71774507,0.15200001,0.0,0.15821335,8.190022,8.220022,880000
hardzero_plus_depr__c0p54__z1p05__lam0p030__nu0p50__psi1p00,hardzero_plus_depr,0.02,32,275,0.0,1,0.50593805,0.50593853,1.0356153,0.09212651,0.09212651,1.0,4.960259e-07,5.384182e-06,-27.067162,2.2783992,0.7594664,0.128,0.0,0.16169491,8.220022,8.250022,883200
hardzero_plus_depr__c0p54__z1p05__lam0p030__nu0p50__psi1p00,hardzero_plus_depr,0.02,32,276,0.0,1,0.50593853,0.50593907,0.9694842,0.10727927,0.10727927,1.0,5.605403e-07,5.2250566e-06,-26.324171,2.1329079,0.7109693,0.216,0.0,0.1499257,8.250022,8.280022,886400
hardzero_plus_depr__c0p54__z1p05__lam0p030__nu0p50__psi1p00,hardzero_plus_depr,0.02,32,277,0.0,1,0.50593907,0.50593954,1.0434566,0.0904781,0.0904781,1.0,4.5878133e-07,5.070634e-06,-27.294813,2.2956502,0.76521677,0.096,0.0,0.14261949,8.280022,8.310021,889600
hardzero_plus_depr__c0p54__z1p05__lam0p030__nu0p50__psi1p00,hardzero_plus_depr,0.02,32,278,0.0,1,0.50593954,0.50594,1.0176096,0.09602634,0.09602634,1.0,4.7252408e-07,4.9207756e-06,-27.185978,2.2387857,0.74626195,0.15200001,0.0,0.13599981,8.310021,8.340021,892800
hardzero_plus_depr__c0p54__z1p05__lam0p030__nu0p50__psi1p00,hardzero_plus_depr,0.02,32,279,0.0,1,0.50594,0.5059405,1.0279101,0.0937756,0.0937756,1.0,4.478109e-07,4.7753456e-06,-27.078375,2.2614474,0.7538158,0.136,0.0,0.15871555,8.340021,8.370021,896000
hardzero_plus_depr__c0p54__z1p05__lam0p030__nu0p50__psi1p00,hardzero_plus_depr,0.02,32,280,0.0,1,0.5059405,0.5059405,1.0565948,0.0,0.08778194,0.0,0.0,4.6342143e-06,-28.369148,2.3245552,0.77485174,0.136,0.0,0.17464498,8.370021,8.400021,899200
hardzero_plus_depr__c0p54__z1p05__lam0p030__nu0p50__psi1p00,hardzero_plus_depr,0.02,32,281,0.0,1,0.5059405,0.5059405,1.0611243,0.0,0.08687116,0.0,0.0,4.4972535e-06,-27.464254,2.33452,0.7781734,0.15200001,0.0,0.16250758,8.400021,8.43002,902400
hardzero_plus_depr__c0p54__z1p05__lam0p030__nu0p50__psi1p00,hardzero_plus_depr,0.02,32,282,0.0,1,0.5059405,0.5059405,1.0614047,0.0,0.0868151,0.0,0.0,4.364341e-06,-27.938158,2.335137,0.77837896,0.16800001,0.0,0.15886958,8.43002,8.46002,905600
hardzero_plus_depr__c0p54__z1p05__lam0p030__nu0p50__psi1p00,hardzero_plus_depr,0.02,32,283,0.0,1,0.5059405,0.5059405,1.0776819,0.0,0.083621524,0.0,0.0,4.2353563e-06,-27.449474,2.3709476,0.79031587,0.08800001,0.0,0.13776535,8.46002,8.49002,908800
hardzero_plus_depr__c0p54__z1p05__lam0p030__nu0p50__psi1p00,hardzero_plus_depr,0.02,32,284,0.0,1,0.5059405,0.50594085,1.0456178,0.09002896,0.09002896,1.0,3.7003556e-07,4.110184e-06,-28.205154,2.300405,0.7668017,0.18400002,0.0,0.15552269,8.49002,8.52002,912000
hardzero_plus_depr__c0p54__z1p05__lam0p030__nu0p50__psi1p00,hardzero_plus_depr,0.02,32,285,0.0,1,0.50594085,0.5059413,0.99299246,0.10162663,0.10162663,1.0,4.0535917e-07,3.9887104e-06,-26.646372,2.184627,0.728209,0.2,0.0,0.14491487,8.52002,8.550019,915200
hardzero_plus_depr__c0p54__z1p05__lam0p030__nu0p50__psi1p00,hardzero_plus_depr,0.02,32,286,0.0,1,0.5059413,0.5059413,1.0591676,0.0,0.08726344,0.0,0.0,3.870827e-06,-27.498991,2.3302152,0.7767384,0.22,0.0,0.16976042,8.550019,8.580019,918400
hardzero_plus_depr__c0p54__z1p05__lam0p030__nu0p50__psi1p00,hardzero_plus_depr,0.02,32,287,0.0,1,0.5059413,0.5059417,0.98160106,0.10432752,0.10432752,1.0,3.9189888e-07,3.7564284e-06,-26.407303,2.1595654,0.7198552,0.18400002,0.0,0.18006474,8.580019,8.610019,921600
hardzero_plus_depr__c0p54__z1p05__lam0p030__nu0p50__psi1p00,hardzero_plus_depr,0.02,32,288,0.0,1,0.5059417,0.50594205,1.0392431,0.09136016,0.09136016,1.0,3.3304522e-07,3.6454098e-06,-27.248507,2.2863805,0.76212686,0.17600001,0.0,0.14140312,8.610019,8.640018,924800
hardzero_plus_depr__c0p54__z1p05__lam0p030__nu0p50__psi1p00,hardzero_plus_depr,0.02,32,289,0.0,1,0.50594205,0.50594234,1.0448217,0.09019412,0.09019412,1.0,3.190773e-07,3.5376727e-06,-27.481747,2.2986538,0.76621795,0.24800001,0.008,0.19943988,8.640018,8.670018,928000
hardzero_plus_depr__c0p54__z1p05__lam0p030__nu0p50__psi1p00,hardzero_plus_depr,0.02,32,290,0.0,1,0.50594234,0.5059427,0.9944421,0.10128798,0.10128798,1.0,3.4773373e-07,3.4331194e-06,-25.963638,2.1878164,0.7292721,0.15200001,0.0,0.14480424,8.670018,8.700018,931200
hardzero_plus_depr__c0p54__z1p05__lam0p030__nu0p50__psi1p00,hardzero_plus_depr,0.02,32,291,0.0,1,0.5059427,0.505943,1.0236795,0.09469358,0.09469358,1.0,3.1548646e-07,3.3316562e-06,-27.309282,2.2521398,0.7507133,0.16800001,0.0,0.15848225,8.700018,8.730018,934400
hardzero_plus_depr__c0p54__z1p05__lam0p030__nu0p50__psi1p00,hardzero_plus_depr,0.02,32,292,0.0,1,0.505943,0.505943,1.0720174,0.0,0.08471933,0.0,0.0,3.2331918e-06,-27.42454,2.3584855,0.78616184,0.208,0.0,0.16087192,8.730018,8.760017,937600
hardzero_plus_depr__c0p54__z1p05__lam0p030__nu0p50__psi1p00,hardzero_plus_depr,0.02,32,293,0.0,1,0.505943,0.505943,1.0516477,0.0,0.0887876,0.0,0.0,3.1376373e-06,-26.84252,2.313671,0.7712237,0.120000005,0.0,0.14971726,8.760017,8.790017,940800
hardzero_plus_depr__c0p54__z1p05__lam0p030__nu0p50__psi1p00,hardzero_plus_depr,0.02,32,294,0.0,1,0.505943,0.5059433,1.0211958,0.09523668,0.09523668,1.0,2.8998684e-07,3.044907e-06,-27.298239,2.2466755,0.74889183,0.16000001,0.0,0.17079465,8.790017,8.820017,944000
hardzero_plus_depr__c0p54__z1p05__lam0p030__nu0p50__psi1p00,hardzero_plus_depr,0.02,32,295,0.0,1,0.5059433,0.5059436,1.0412832,0.090932,0.090932,1.0,2.6869654e-07,2.9549174e-06,-27.781582,2.290869,0.763623,0.136,0.0,0.17608008,8.820017,8.850017,947200
hardzero_plus_depr__c0p54__z1p05__lam0p030__nu0p50__psi1p00,hardzero_plus_depr,0.02,32,296,0.0,1,0.5059436,0.50594383,1.033298,0.09261939,0.09261939,1.0,2.6559417e-07,2.867587e-06,-27.35892,2.2733011,0.7577671,0.08800001,0.0,0.17387666,8.850017,8.880016,950400
hardzero_plus_depr__c0p54__z1p05__lam0p030__nu0p50__psi1p00,hardzero_plus_depr,0.02,32,297,0.0,1,0.50594383,0.50594383,1.0847836,0.0,0.08226524,0.0,0.0,2.7828378e-06,-28.280989,2.3865714,0.7955238,0.128,0.0,0.14941938,8.880016,8.910016,953600
hardzero_plus_depr__c0p54__z1p05__lam0p030__nu0p50__psi1p00,hardzero_plus_depr,0.02,32,298,0.0,1,0.50594383,0.5059441,1.0066901,0.098471336,0.098471336,1.0,2.6593102e-07,2.7005933e-06,-27.13082,2.2147624,0.7382542,0.18400002,0.0,0.16174571,8.910016,8.940016,956800
hardzero_plus_depr__c0p54__z1p05__lam0p030__nu0p50__psi1p00,hardzero_plus_depr,0.02,32,299,0.0,1,0.5059441,0.5059443,1.0273104,0.09390518,0.09390518,1.0,2.4610475e-07,2.6207792e-06,-26.923708,2.260128,0.753376,0.08,0.0,0.15444952,8.940016,8.970016,960000
hardzero_plus_depr__c0p54__z1p05__lam0p030__nu0p50__psi1p00,hardzero_plus_depr,0.02,32,300,0.0,1,0.5059443,0.5059443,1.050148,0.0,0.08909471,0.0,0.0,2.5433244e-06,-28.25472,2.3103719,0.77012396,0.120000005,0.0,0.15883172,8.970016,9.000015,963200
hardzero_plus_depr__c0p54__z1p05__lam0p030__nu0p50__psi1p00,hardzero_plus_depr,0.02,32,301,0.0,1,0.5059443,0.50594455,0.9689882,0.10740186,0.10740186,1.0,2.6508476e-07,2.468158e-06,-25.193218,2.1318166,0.71060556,0.16800001,0.0,0.13752179,9.000015,9.030015,966400
hardzero_plus_depr__c0p54__z1p05__lam0p030__nu0p50__psi1p00,hardzero_plus_depr,0.02,32,302,0.0,1,0.50594455,0.5059448,1.0123389,0.09719884,0.09719884,1.0,2.32812e-07,2.3952139e-06,-27.399393,2.22719,0.7423967,0.14400001,0.0,0.14203878,9.030015,9.060015,969600
hardzero_plus_depr__c0p54__z1p05__lam0p030__nu0p50__psi1p00,hardzero_plus_depr,0.02,32,303,0.0,1,0.5059448,0.5059448,1.0831127,0.0,0.08258236,0.0,0.0,2.3244252e-06,-28.919857,2.3828955,0.7942985,0.14400001,0.0,0.17681652,9.060015,9.090014,972800
hardzero_plus_depr__c0p54__z1p05__lam0p030__nu0p50__psi1p00,hardzero_plus_depr,0.02,32,304,0.0,1,0.5059448,0.505945,0.98980594,0.10237504,0.10237504,1.0,2.3093031e-07,2.2557288e-06,-26.240871,2.1776166,0.7258722,0.136,0.0,0.18609643,9.090014,9.120014,976000
hardzero_plus_depr__c0p54__z1p05__lam0p030__nu0p50__psi1p00,hardzero_plus_depr,0.02,32,305,0.0,1,0.505945,0.505945,1.1182911,0.0,0.07615683,0.0,0.0,2.1890626e-06,-29.075344,2.4602897,0.8200966,0.120000005,0.0,0.18504442,9.120014,9.150014,979200
hardzero_plus_depr__c0p54__z1p05__lam0p030__nu0p50__psi1p00,hardzero_plus_depr,0.02,32,306,0.0,1,0.505945,0.505945,1.06635,0.0,0.085832156,0.0,0.0,2.1243663e-06,-27.812399,2.346017,0.78200567,0.112,0.0,0.14580338,9.150014,9.180014,982400
hardzero_plus_depr__c0p54__z1p05__lam0p030__nu0p50__psi1p00,hardzero_plus_depr,0.02,32,307,0.0,1,0.505945,0.5059452,1.0431938,0.09053284,0.09053284,1.0,1.866409e-07,2.0615823e-06,-26.595497,2.2950723,0.7650241,0.16000001,0.0,0.1463073,9.180014,9.210013,985600
hardzero_plus_depr__c0p54__z1p05__lam0p030__nu0p50__psi1p00,hardzero_plus_depr,0.02,32,308,0.0,1,0.5059452,0.50594544,0.9766181,0.10553144,0.10553144,1.0,2.111319e-07,2.0006541e-06,-26.007673,2.1486027,0.71620095,0.08800001,0.0,0.13697833,9.210013,9.240013,988800
hardzero_plus_depr__c0p54__z1p05__lam0p030__nu0p50__psi1p00,hardzero_plus_depr,0.02,32,309,0.0,1,0.50594544,0.50594544,1.0792894,0.0,0.08331257,0.0,0.0,1.9415263e-06,-28.166044,2.374484,0.7914947,0.2,0.0,0.17211874,9.240013,9.270013,992000
hardzero_plus_depr__c0p54__z1p05__lam0p030__nu0p50__psi1p00,hardzero_plus_depr,0.02,32,310,0.0,1,0.50594544,0.50594544,1.0500864,0.0,0.08910738,0.0,0.0,1.884146e-06,-27.128014,2.3102362,0.7700788,0.128,0.0,0.14467238,9.270013,9.300013,995200
hardzero_plus_depr__c0p54__z1p05__lam0p030__nu0p50__psi1p00,hardzero_plus_depr,0.02,32,311,0.0,1,0.50594544,0.50594544,1.0607941,0.0,0.08693724,0.0,0.0,1.8284614e-06,-27.503132,2.3337936,0.7779312,0.136,0.0,0.18601017,9.300013,9.330012,998400
hardzero_plus_depr__c0p54__z1p05__lam0p030__nu0p50__psi1p00,hardzero_plus_depr,0.02,32,312,0.0,1,0.50594544,0.50594544,1.0790515,0.0,0.083358236,0.0,0.0,1.7744228e-06,-27.73612,2.3739607,0.79132026,0.14,0.0,0.17393589,9.330012,9.360012,1001600
hardzero_plus_depr__c0p54__z1p05__lam0p030__nu0p50__psi1p00,hardzero_plus_depr,0.02,32,313,0.0,1,0.50594544,0.50594544,1.1193094,0.0,0.075978465,0.0,0.0,1.7219812e-06,-29.095264,2.46253,0.82084334,0.17600001,0.0,0.17657383,9.360012,9.390012,1004800
hardzero_plus_depr__c0p54__z1p05__lam0p030__nu0p50__psi1p00,hardzero_plus_depr,0.02,32,314,0.0,1,0.50594544,0.5059456,1.0030409,0.09930226,0.09930226,1.0,1.6594296e-07,1.6710894e-06,-26.899433,2.2067342,0.73557806,0.16800001,0.0,0.1605938,9.390012,9.4200115,1008000
hardzero_plus_depr__c0p54__z1p05__lam0p030__nu0p50__psi1p00,hardzero_plus_depr,0.02,32,315,0.0,1,0.5059456,0.5059456,1.0522374,0.0,0.088667125,0.0,0.0,1.6217016e-06,-27.50212,2.3149686,0.7716562,0.16000001,0.0,0.18385738,9.4200115,9.450011,1011200
hardzero_plus_depr__c0p54__z1p05__lam0p030__nu0p50__psi1p00,hardzero_plus_depr,0.02,32,316,0.0,1,0.5059456,0.5059458,1.0027088,0.09937821,0.09937821,1.0,1.5639881e-07,1.5737736e-06,-25.901442,2.2060034,0.7353345,0.18400002,0.0,0.14346217,9.450011,9.480011,1014400
hardzero_plus_depr__c0p54__z1p05__lam0p030__nu0p50__psi1p00,hardzero_plus_depr,0.02,32,317,0.0,1,0.5059458,0.505946,1.0022315,0.0994875,0.0994875,1.0,1.5194348e-07,1.527262e-06,-27.177942,2.2049532,0.7349844,0.224,0.0,0.14815754,9.480011,9.510011,1017600
hardzero_plus_depr__c0p54__z1p05__lam0p030__nu0p50__psi1p00,hardzero_plus_depr,0.02,32,318,0.0,1,0.505946,0.5059461,1.016199,0.09633874,0.09633874,1.0,1.4278605e-07,1.482125e-06,-26.209627,2.2356825,0.7452275,0.17600001,0.0,0.14673962,9.510011,9.54001,1020800
hardzero_plus_depr__c0p54__z1p05__lam0p030__nu0p50__psi1p00,hardzero_plus_depr,0.02,32,319,0.0,1,0.5059461,0.5059462,1.0337739,0.09251796,0.09251796,1.0,1.330706e-07,1.4383219e-06,-26.906506,2.274348,0.758116,0.112,0.0,0.15517716,9.54001,9.57001,1024000
hardzero_plus_depr__c0p54__z1p05__lam0p030__nu0p50__psi1p00,hardzero_plus_depr,0.02,32,320,0.0,1,0.5059462,0.5059462,1.0554394,0.0,0.0880158,0.0,0.0,1.3958135e-06,-27.469023,2.322013,0.77400434,0.128,0.0,0.15847468,9.57001,9.60001,1027200
hardzero_plus_depr__c0p54__z1p05__lam0p030__nu0p50__psi1p00,hardzero_plus_depr,0.02,32,321,0.0,1,0.5059462,0.50594634,1.0152147,0.09655735,0.09655735,1.0,1.3079284e-07,1.3545612e-06,-27.006655,2.233517,0.74450564,0.128,0.0,0.13280818,9.60001,9.63001,1030400
hardzero_plus_depr__c0p54__z1p05__lam0p030__nu0p50__psi1p00,hardzero_plus_depr,0.02,32,322,0.0,1,0.50594634,0.50594634,1.1001294,0.0,0.07940915,0.0,0.0,1.3145283e-06,-28.672373,2.420333,0.80677766,0.14400001,0.0,0.19671252,9.63001,9.660009,1033600
hardzero_plus_depr__c0p54__z1p05__lam0p030__nu0p50__psi1p00,hardzero_plus_depr,0.02,32,323,0.0,1,0.50594634,0.50594646,1.0272394,0.09392052,0.09392052,1.0,1.198124e-07,1.2756785e-06,-27.064968,2.2599719,0.753324,0.16000001,0.0,0.14223178,9.660009,9.690009,1036800
hardzero_plus_depr__c0p54__z1p05__lam0p030__nu0p50__psi1p00,hardzero_plus_depr,0.02,32,324,0.0,1,0.50594646,0.5059466,1.0181913,0.09589781,0.09589781,1.0,1.18719264e-07,1.2379768e-06,-26.751724,2.2400656,0.74668854,0.14400001,0.0,0.14546898,9.690009,9.720009,1040000
hardzero_plus_depr__c0p54__z1p05__lam0p030__nu0p50__psi1p00,hardzero_plus_depr,0.02,32,325,0.0,1,0.5059466,0.5059466,1.0556322,0.0,0.08797671,0.0,0.0,1.2013894e-06,-27.47195,2.3224373,0.7741458,0.12,0.0,0.17158662,9.720009,9.750009,1043200
hardzero_plus_depr__c0p54__z1p05__lam0p030__nu0p50__psi1p00,hardzero_plus_depr,0.02,32,326,0.0,1,0.5059466,0.5059467,1.0237863,0.09467028,0.09467028,1.0,1.103745e-07,1.1658833e-06,-27.668577,2.252375,0.75079167,0.136,0.0,0.163931,9.750009,9.780008,1046400
hardzero_plus_depr__c0p54__z1p05__lam0p030__nu0p50__psi1p00,hardzero_plus_depr,0.02,32,327,0.0,1,0.5059467,0.5059467,1.0638119,0.0,0.086335234,0.0,0.0,1.1314265e-06,-27.951778,2.340433,0.78014433,0.128,0.0,0.16533591,9.780008,9.810008,1049600
hardzero_plus_depr__c0p54__z1p05__lam0p030__nu0p50__psi1p00,hardzero_plus_depr,0.02,32,328,0.0,1,0.5059467,0.5059467,1.0612714,0.0,0.08684173,0.0,0.0,1.097988e-06,-28.065256,2.3348436,0.7782812,0.112,0.0,0.15728736,9.810008,9.840008,1052800
hardzero_plus_depr__c0p54__z1p05__lam0p030__nu0p50__psi1p00,hardzero_plus_depr,0.02,32,329,0.0,1,0.5059467,0.5059468,0.990194,0.102283604,0.102283604,1.0,1.0898707e-07,1.065538e-06,-26.706627,2.1784704,0.72615683,0.224,0.0,0.1596324,9.840008,9.8700075,1056000
hardzero_plus_depr__c0p54__z1p05__lam0p030__nu0p50__psi1p00,hardzero_plus_depr,0.02,32,330,0.0,1,0.5059468,0.50594693,1.0116079,0.097362585,0.097362585,1.0,1.0067747e-07,1.0340468e-06,-26.661999,2.225582,0.7418606,0.136,0.0,0.1849801,9.8700075,9.900007,1059200
hardzero_plus_depr__c0p54__z1p05__lam0p030__nu0p50__psi1p00,hardzero_plus_depr,0.02,32,331,0.0,1,0.50594693,0.50594705,1.0010844,0.099750616,0.099750616,1.0,1.00098376e-07,1.0034863e-06,-27.392544,2.2024298,0.73414326,0.18400002,0.0,0.17443778,9.900007,9.930007,1062400
hardzero_plus_depr__c0p54__z1p05__lam0p030__nu0p50__psi1p00,hardzero_plus_depr,0.02,32,332,0.0,1,0.50594705,0.5059472,1.0287697,0.09359016,0.09359016,1.0,9.114083e-08,9.738292e-07,-27.626717,2.2633386,0.7544462,0.16800001,0.0,0.17466132,9.930007,9.960007,1065600
hardzero_plus_depr__c0p54__z1p05__lam0p030__nu0p50__psi1p00,hardzero_plus_depr,0.02,32,333,0.0,1,0.5059472,0.5059473,0.9718336,0.10670049,0.10670049,1.0,1.0083712e-07,9.450484e-07,-26.811876,2.1380765,0.7126922,0.18400002,0.0,0.1449304,9.960007,9.990006,1068800
hardzero_plus_depr__c0p54__z1p05__lam0p030__nu0p50__psi1p00,hardzero_plus_depr,0.02,32,334,0.0,1,0.5059473,0.50594735,1.0256873,0.09425678,0.09425678,1.0,8.644461e-08,9.171182e-07,-27.305275,2.2565572,0.75218576,0.216,0.0,0.18488571,9.990006,10.020006,1072000
hardzero_plus_depr__c0p54__z1p05__lam0p030__nu0p50__psi1p00,hardzero_plus_depr,0.02,32,335,0.0,1,0.50594735,0.5059474,1.0485837,0.08941621,0.08941621,1.0,7.958163e-08,8.9001344e-07,-27.506302,2.3069303,0.7689768,0.192,0.0,0.1713372,10.020006,10.050006,1075200
hardzero_plus_depr__c0p54__z1p05__lam0p030__nu0p50__psi1p00,hardzero_plus_depr,0.02,32,336,0.0,1,0.5059474,0.5059475,1.0368663,0.09186154,0.09186154,1.0,7.9341724e-08,8.6370994e-07,-26.993214,2.2811515,0.76038384,0.18400002,0.0,0.1475318,10.050006,10.080006,1078400
hardzero_plus_depr__c0p54__z1p05__lam0p030__nu0p50__psi1p00,hardzero_plus_depr,0.02,32,337,0.0,1,0.5059475,0.5059475,1.0867195,0.0,0.081899345,0.0,0.0,8.3818355e-07,-28.907824,2.3908308,0.7969436,0.17600001,0.0,0.18655482,10.080006,10.110005,1081600
hardzero_plus_depr__c0p54__z1p05__lam0p030__nu0p50__psi1p00,hardzero_plus_depr,0.02,32,338,0.0,1,0.5059475,0.50594753,0.9767833,0.10549131,0.10549131,1.0,8.580787e-08,8.1341176e-07,-26.709822,2.148966,0.71632206,0.29,0.0,0.12739214,10.110005,10.140005,1084800
hardzero_plus_depr__c0p54__z1p05__lam0p030__nu0p50__psi1p00,hardzero_plus_depr,0.02,32,339,0.0,1,0.50594753,0.5059476,1.0140569,0.096815094,0.096815094,1.0,7.642313e-08,7.8937205e-07,-27.6628,2.2309697,0.7436566,0.18400002,0.0,0.14504205,10.140005,10.170005,1088000
hardzero_plus_depr__c0p54__z1p05__lam0p030__nu0p50__psi1p00,hardzero_plus_depr,0.02,32,340,0.0,1,0.5059476,0.50594765,1.0024315,0.099441685,0.099441685,1.0,7.617658e-08,7.660428e-07,-26.344425,2.2053933,0.73513114,0.14400001,0.0,0.12586121,10.170005,10.200005,1091200
hardzero_plus_depr__c0p54__z1p05__lam0p030__nu0p50__psi1p00,hardzero_plus_depr,0.02,32,341,0.0,1,0.50594765,0.5059477,1.0455899,0.09003472,0.09003472,1.0,6.693208e-08,7.43403e-07,-27.791391,2.3003438,0.7667813,0.14400001,0.0,0.18646353,10.200005,10.230004,1094400
hardzero_plus_depr__c0p54__z1p05__lam0p030__nu0p50__psi1p00,hardzero_plus_depr,0.02,32,342,0.0,1,0.5059477,0.50594777,0.99474156,0.101218164,0.101218164,1.0,7.302205e-08,7.214323e-07,-27.241823,2.1884751,0.7294917,0.17600001,0.0,0.15930858,10.230004,10.260004,1097600
hardzero_plus_depr__c0p54__z1p05__lam0p030__nu0p50__psi1p00,hardzero_plus_depr,0.02,32,343,0.0,1,0.50594777,0.5059478,1.0364189,0.09195623,0.09195623,1.0,6.4379556e-08,7.001109e-07,-27.951984,2.280167,0.7600557,0.136,0.0,0.1715144,10.260004,10.290004,1100800
hardzero_plus_depr__c0p54__z1p05__lam0p030__nu0p50__psi1p00,hardzero_plus_depr,0.02,32,344,0.0,1,0.5059478,0.5059479,0.99788624,0.100487895,0.100487895,1.0,6.827345e-08,6.7941966e-07,-26.917404,2.1953936,0.7317979,0.208,0.0,0.14676982,10.290004,10.3200035,1104000
hardzero_plus_depr__c0p54__z1p05__lam0p030__nu0p50__psi1p00,hardzero_plus_depr,0.02,32,345,0.0,1,0.5059479,0.50594795,0.9924429,0.1017553,0.1017553,1.0,6.709134e-08,6.5934e-07,-26.067907,2.183418,0.72780603,0.18400002,0.0,0.173222,10.3200035,10.350003,1107200
hardzero_plus_depr__c0p54__z1p05__lam0p030__nu0p50__psi1p00,hardzero_plus_depr,0.02,32,346,0.0,1,0.50594795,0.50594795,1.0509858,0.0,0.088923015,0.0,0.0,6.3985374e-07,-27.750547,2.3122149,0.7707383,0.16800001,0.0,0.1716468,10.350003,10.380003,1110400
hardzero_plus_depr__c0p54__z1p05__lam0p030__nu0p50__psi1p00,hardzero_plus_depr,0.02,32,347,0.0,1,0.50594795,0.505948,1.0311522,0.09307816,0.09307816,1.0,5.7796264e-08,6.2094335e-07,-27.237118,2.2685802,0.7561934,0.16000001,0.0,0.17340052,10.380003,10.410003,1113600
hardzero_plus_depr__c0p54__z1p05__lam0p030__nu0p50__psi1p00,hardzero_plus_depr,0.02,32,348,0.0,1,0.505948,0.505948,1.0646594,0.0,0.08616694,0.0,0.0,6.0259185e-07,-27.384727,2.3422973,0.7807658,0.128,0.0,0.20225137,10.410003,10.440002,1116800
hardzero_plus_depr__c0p54__z1p05__lam0p030__nu0p50__psi1p00,hardzero_plus_depr,0.02,32,349,0.0,1,0.505948,0.50594807,1.0279804,0.093760416,0.093760416,1.0,5.4829467e-08,5.847827e-07,-27.153904,2.2616022,0.7538674,0.136,0.0,0.14369492,10.440002,10.470002,1120000
hardzero_plus_depr__c0p54__z1p05__lam0p030__nu0p50__psi1p00,hardzero_plus_depr,0.02,32,350,0.0,1,0.50594807,0.50594807,1.0598853,0.0,0.08711938,0.0,0.0,5.6749997e-07,-26.595732,2.331794,0.7772647,0.128,0.0,0.1352003,10.470002,10.500002,1123200
hardzero_plus_depr__c0p54__z1p05__lam0p030__nu0p50__psi1p00,hardzero_plus_depr,0.02,32,351,0.0,1,0.50594807,0.5059481,1.0227003,0.094907306,0.094907306,1.0,5.226811e-08,5.50728e-07,-26.837717,2.2499857,0.74999523,0.17999999,0.0,0.1512295,10.500002,10.530002,1126400
hardzero_plus_depr__c0p54__z1p05__lam0p030__nu0p50__psi1p00,hardzero_plus_depr,0.02,32,352,0.0,1,0.5059481,0.5059482,1.0283073,0.09368987,0.09368987,1.0,5.0072703e-08,5.3445166e-07,-27.982676,2.2623212,0.7541071,0.14400001,0.0,0.1620068,10.530002,10.560001,1129600
hardzero_plus_depr__c0p54__z1p05__lam0p030__nu0p50__psi1p00,hardzero_plus_depr,0.02,32,353,0.0,1,0.5059482,0.50594825,1.040648,0.0910651,0.0910651,1.0,4.723149e-08,5.1865635e-07,-27.976404,2.2894711,0.76315707,0.136,0.0,0.1583721,10.560001,10.590001,1132800
hardzero_plus_depr__c0p54__z1p05__lam0p030__nu0p50__psi1p00,hardzero_plus_depr,0.02,32,354,0.0,1,0.50594825,0.5059483,1.0492195,0.08928541,0.08928541,1.0,4.493983e-08,5.0332784e-07,-27.711298,2.3083289,0.769443,0.16800001,0.0,0.17439893,10.590001,10.620001,1136000
hardzero_plus_depr__c0p54__z1p05__lam0p030__nu0p50__psi1p00,hardzero_plus_depr,0.02,32,355,0.0,1,0.5059483,0.50594836,1.045597,0.09003327,0.09003327,1.0,4.3976964e-08,4.884524e-07,-28.011124,2.3003592,0.76678646,0.14400001,0.0,0.1472381,10.620001,10.650001,1139200
hardzero_plus_depr__c0p54__z1p05__lam0p030__nu0p50__psi1p00,hardzero_plus_depr,0.02,32,356,0.0,1,0.50594836,0.50594836,1.0523695,0.0,0.08864015,0.0,0.0,4.7401656e-07,-27.873856,2.315259,0.771753,0.15200001,0.0,0.16789979,10.650001,10.68,1142400
hardzero_plus_depr__c0p54__z1p05__lam0p030__nu0p50__psi1p00,hardzero_plus_depr,0.02,32,357,0.0,1,0.50594836,0.5059484,0.9880576,0.10278798,0.10278798,1.0,4.728323e-08,4.6000739e-07,-26.005898,2.1737702,0.72459006,0.128,0.0,0.13480492,10.68,10.71,1145600
hardzero_plus_depr__c0p54__z1p05__lam0p030__nu0p50__psi1p00,hardzero_plus_depr,0.02,32,358,0.0,1,0.5059484,0.5059485,1.042284,0.0907227,0.0907227,1.0,4.0499724e-08,4.4641223e-07,-27.342348,2.2930706,0.76435685,0.16000001,0.0,0.18352997,10.71,10.74,1148800
hardzero_plus_depr__c0p54__z1p05__lam0p030__nu0p50__psi1p00,hardzero_plus_depr,0.02,32,359,0.0,1,0.5059485,0.50594854,1.0195311,0.0956024,0.0956024,1.0,4.1416765e-08,4.3321887e-07,-28.113693,2.2430134,0.7476711,0.14400001,0.0,0.20077123,10.74,10.7699995,1152000
hardzero_plus_depr__c0p54__z1p05__lam0p030__nu0p50__psi1p00,hardzero_plus_depr,0.02,32,360,0.0,1,0.50594854,0.5059486,0.99125814,0.10203328,0.10203328,1.0,4.2896364e-08,4.2041543e-07,-26.247093,2.1808114,0.7269372,0.272,0.008,0.15882427,10.7699995,10.799999,1155200
hardzero_plus_depr__c0p54__z1p05__lam0p030__nu0p50__psi1p00,hardzero_plus_depr,0.02,32,361,0.0,1,0.5059486,0.50594866,0.99945587,0.100125365,0.100125365,1.0,4.0850185e-08,4.0799037e-07,-25.634335,2.1988468,0.73294896,0.14400001,0.0,0.1420264,10.799999,10.829999,1158400
hardzero_plus_depr__c0p54__z1p05__lam0p030__nu0p50__psi1p00,hardzero_plus_depr,0.02,32,362,0.0,1,0.50594866,0.5059487,1.0256236,0.09427063,0.09427063,1.0,3.732481e-08,3.9593255e-07,-27.444994,2.2564168,0.752139,0.16000001,0.0,0.16889755,10.829999,10.859999,1161600
hardzero_plus_depr__c0p54__z1p05__lam0p030__nu0p50__psi1p00,hardzero_plus_depr,0.02,32,363,0.0,1,0.5059487,0.5059487,1.0691388,0.0,0.08528276,0.0,0.0,3.8423104e-07,-27.535938,2.3521523,0.7840508,0.15200001,0.0,0.16711374,10.859999,10.889998,1164800
hardzero_plus_depr__c0p54__z1p05__lam0p030__nu0p50__psi1p00,hardzero_plus_depr,0.02,32,364,0.0,1,0.5059487,0.5059488,1.0357044,0.092107624,0.092107624,1.0,3.434467e-08,3.7287543e-07,-27.057991,2.2785952,0.75953174,0.17,0.0,0.15456161,10.889998,10.919998,1168000
hardzero_plus_depr__c0p54__z1p05__lam0p030__nu0p50__psi1p00,hardzero_plus_depr,0.02,32,365,0.0,1,0.5059488,0.50594884,1.0294453,0.093444705,0.093444705,1.0,3.3813468e-08,3.6185537e-07,-27.62674,2.2648249,0.75494164,0.17600001,0.0,0.17659383,10.919998,10.949998,1171200
hardzero_plus_depr__c0p54__z1p05__lam0p030__nu0p50__psi1p00,hardzero_plus_depr,0.02,32,366,0.0,1,0.50594884,0.5059489,0.9997363,0.100060746,0.100060746,1.0,3.5137433e-08,3.5116102e-07,-26.191954,2.1994638,0.73315465,0.120000005,0.0,0.14133136,10.949998,10.979998,1174400
hardzero_plus_depr__c0p54__z1p05__lam0p030__nu0p50__psi1p00,hardzero_plus_depr,0.02,32,367,0.0,1,0.5059489,0.50594896,1.0069928,0.09840273,0.09840273,1.0,3.353395e-08,3.4078272e-07,-27.015783,2.2154284,0.73847616,0.192,0.0,0.17596538,10.979998,11.009997,1177600
hardzero_plus_depr__c0p54__z1p05__lam0p030__nu0p50__psi1p00,hardzero_plus_depr,0.02,32,368,0.0,1,0.50594896,0.505949,1.0414312,0.090901025,0.090901025,1.0,3.006199e-08,3.3071123e-07,-26.699974,2.2911944,0.7637315,0.096,0.0,0.14636996,11.009997,11.039997,1180800
hardzero_plus_depr__c0p54__z1p05__lam0p030__nu0p50__psi1p00,hardzero_plus_depr,0.02,32,369,0.0,1,0.505949,0.5059491,1.0218667,0.09508965,0.09508965,1.0,3.0517814e-08,3.209373e-07,-27.43922,2.2481515,0.74938387,0.120000005,0.0,0.14762607,11.039997,11.069997,1184000
hardzero_plus_depr__c0p54__z1p05__lam0p030__nu0p50__psi1p00,hardzero_plus_depr,0.02,32,370,0.0,1,0.5059491,0.50594914,1.0019718,0.09954698,0.09954698,1.0,3.1004127e-08,3.1145223e-07,-25.86756,2.204382,0.734794,0.15200001,0.0,0.15341784,11.069997,11.099997,1187200
hardzero_plus_depr__c0p54__z1p05__lam0p030__nu0p50__psi1p00,hardzero_plus_depr,0.02,32,371,0.0,1,0.50594914,0.50594914,1.0628493,0.0,0.08652682,0.0,0.0,3.022475e-07,-28.051058,2.338315,0.7794384,0.16000001,0.0,0.21392408,11.099997,11.129996,1190400
hardzero_plus_depr__c0p54__z1p05__lam0p030__nu0p50__psi1p00,hardzero_plus_depr,0.02,32,372,0.0,1,0.50594914,0.50594914,1.0182614,0.095882334,0.095882334,1.0,2.812371e-08,2.9331483e-07,-27.75975,2.2402198,0.74674,0.112,0.0,0.15728387,11.129996,11.159996,1193600
hardzero_plus_depr__c0p54__z1p05__lam0p030__nu0p50__psi1p00,hardzero_plus_depr,0.02,32,373,0.0,1,0.50594914,0.50594914,1.026144,0.09415773,0.09415773,1.0,2.6801633e-08,2.8464612e-07,-27.269506,2.257562,0.7525207,0.128,0.0,0.16872838,11.159996,11.189996,1196800
hardzero_plus_depr__c0p54__z1p05__lam0p030__nu0p50__psi1p00,hardzero_plus_depr,0.02,32,374,0.0,1,0.50594914,0.50594914,1.0886489,0.0,0.08153632,0.0,0.0,2.7623364e-07,-27.602354,2.3950756,0.79835856,0.136,0.0,0.14276254,11.189996,11.2199955,1200000
hardzero_plus_depr__c0p54__z1p05__lam0p030__nu0p50__psi1p00,hardzero_plus_depr,0.02,32,375,0.0,1,0.50594914,0.50594914,1.06678,0.0,0.08574721,0.0,0.0,2.6806978e-07,-27.991743,2.3469627,0.7823209,0.14400001,0.0,0.14619446,11.2199955,11.249995,1203200
hardzero_plus_depr__c0p54__z1p05__lam0p030__nu0p50__psi1p00,hardzero_plus_depr,0.02,32,376,0.0,1,0.50594914,0.50594914,1.0349537,0.09226697,0.09226697,1.0,2.4002992e-08,2.6014717e-07,-27.386505,2.2769437,0.7589812,0.192,0.0,0.17185563,11.249995,11.279995,1206400
hardzero_plus_depr__c0p54__z1p05__lam0p030__nu0p50__psi1p00,hardzero_plus_depr,0.02,32,377,0.0,1,0.50594914,0.50594914,0.9900578,0.10231567,0.10231567,1.0,2.5830488e-08,2.5245876e-07,-26.236986,2.1781707,0.72605693,0.17999999,0.0,0.14504318,11.279995,11.309995,1209600
hardzero_plus_depr__c0p54__z1p05__lam0p030__nu0p50__psi1p00,hardzero_plus_depr,0.02,32,378,0.0,1,0.50594914,0.50594914,1.0060117,0.09862528,0.09862528,1.0,2.4162949e-08,2.4499752e-07,-26.368374,2.21327,0.73775667,0.16800001,0.0,0.14512785,11.309995,11.339994,1212800
hardzero_plus_depr__c0p54__z1p05__lam0p030__nu0p50__psi1p00,hardzero_plus_depr,0.02,32,379,0.0,1,0.50594914,0.50594914,1.0559478,0.0,0.08791283,0.0,0.0,2.3775682e-07,-27.718956,2.3231316,0.7743772,0.136,0.0,0.1618542,11.339994,11.369994,1216000
hardzero_plus_depr__c0p54__z1p05__lam0p030__nu0p50__psi1p00,hardzero_plus_depr,0.02,32,380,0.0,1,0.50594914,0.50594914,1.0847683,0.0,0.08226815,0.0,0.0,2.307301e-07,-28.175713,2.386538,0.7955127,0.136,0.0,0.15809286,11.369994,11.399994,1219200
hardzero_plus_depr__c0p54__z1p05__lam0p030__nu0p50__psi1p00,hardzero_plus_depr,0.02,32,381,0.0,1,0.50594914,0.50594914,0.9748739,0.105956115,0.105956115,1.0,2.3724747e-08,2.2391106e-07,-26.176859,2.1447654,0.71492183,0.216,0.0,0.13652945,11.399994,11.429994,1222400
hardzero_plus_depr__c0p54__z1p05__lam0p030__nu0p50__psi1p00,hardzero_plus_depr,0.02,32,382,0.0,1,0.50594914,0.50594914,1.0419515,0.09079219,0.09079219,1.0,1.9728558e-08,2.1729356e-07,-27.33698,2.292339,0.76411307,0.136,0.008,0.16432,11.429994,11.459993,1225600
hardzero_plus_depr__c0p54__z1p05__lam0p030__nu0p50__psi1p00,hardzero_plus_depr,0.02,32,383,0.0,1,0.50594914,0.50594914,0.99752355,0.100571856,0.100571856,1.0,2.120775e-08,2.1087162e-07,-27.156412,2.1945956,0.73153186,0.208,0.0,0.15074977,11.459993,11.489993,1228800
hardzero_plus_depr__c0p54__z1p05__lam0p030__nu0p50__psi1p00,hardzero_plus_depr,0.02,32,384,0.0,1,0.50594914,0.50594914,1.0349522,0.0922673,0.0922673,1.0,1.8881531e-08,2.0463946e-07,-27.685566,2.2769403,0.75898015,0.136,0.0,0.1586353,11.489993,11.519993,1232000
hardzero_plus_depr__c0p54__z1p05__lam0p030__nu0p50__psi1p00,hardzero_plus_depr,0.02,32,385,0.0,1,0.50594914,0.50594914,0.9566023,0.110509016,0.110509016,1.0,2.1946152e-08,1.9859151e-07,-26.275301,2.104567,0.70152235,0.192,0.0,0.14274687,11.519993,11.549993,1235200
hardzero_plus_depr__c0p54__z1p05__lam0p030__nu0p50__psi1p00,hardzero_plus_depr,0.02,32,386,0.0,1,0.50594914,0.50594914,0.996885,0.10071983,0.10071983,1.0,1.9410956e-08,1.9272228e-07,-26.689695,2.1931908,0.7310636,0.16800001,0.0,0.17812914,11.549993,11.579992,1238400
hardzero_plus_depr__c0p54__z1p05__lam0p030__nu0p50__psi1p00,hardzero_plus_depr,0.02,32,387,0.0,1,0.50594914,0.50594914,1.0806952,0.0,0.083043344,0.0,0.0,1.8702654e-07,-28.204454,2.3775768,0.79252565,0.18400002,0.0,0.1885169,11.579992,11.609992,1241600
hardzero_plus_depr__c0p54__z1p05__lam0p030__nu0p50__psi1p00,hardzero_plus_depr,0.02,32,388,0.0,1,0.50594914,0.50594914,1.0263544,0.09411213,0.09411213,1.0,1.7081268e-08,1.8149912e-07,-26.754633,2.258025,0.752675,0.18400002,0.0,0.14231263,11.609992,11.639992,1244800
hardzero_plus_depr__c0p54__z1p05__lam0p030__nu0p50__psi1p00,hardzero_plus_depr,0.02,32,389,0.0,1,0.50594914,0.50594914,1.0475934,0.08962036,0.08962036,1.0,1.5785286e-08,1.7613505e-07,-27.342726,2.3047514,0.76825047,0.2,0.0,0.18838023,11.639992,11.6699915,1248000
hardzero_plus_depr__c0p54__z1p05__lam0p030__nu0p50__psi1p00,hardzero_plus_depr,0.02,32,390,0.0,1,0.50594914,0.50594914,1.0664891,0.0,0.085804656,0.0,0.0,1.7092952e-07,-28.684702,2.3463228,0.7821076,0.14999999,0.0,0.1586683,11.6699915,11.699991,1251200
hardzero_plus_depr__c0p54__z1p05__lam0p030__nu0p50__psi1p00,hardzero_plus_depr,0.02,32,391,0.0,1,0.50594914,0.50594914,1.0121044,0.09725135,0.09725135,1.0,1.6131843e-08,1.6587784e-07,-27.364353,2.226674,0.7422247,0.136,0.0,0.15857026,11.699991,11.729991,1254400
hardzero_plus_depr__c0p54__z1p05__lam0p030__nu0p50__psi1p00,hardzero_plus_depr,0.02,32,392,0.0,1,0.50594914,0.50594914,1.007637,0.098256886,0.098256886,1.0,1.5816946e-08,1.6097545e-07,-27.04933,2.2168458,0.7389486,0.104,0.0,0.1600721,11.729991,11.759991,1257600
hardzero_plus_depr__c0p54__z1p05__lam0p030__nu0p50__psi1p00,hardzero_plus_depr,0.02,32,393,0.0,1,0.50594914,0.50594914,1.0044032,0.098991245,0.098991245,1.0,1.546421e-08,1.5621795e-07,-26.86169,2.2097313,0.73657715,0.17600001,0.0,0.14929275,11.759991,11.78999,1260800
hardzero_plus_depr__c0p54__z1p05__lam0p030__nu0p50__psi1p00,hardzero_plus_depr,0.02,32,394,0.0,1,0.50594914,0.50594914,1.1121026,0.0,0.0772498,0.0,0.0,1.5160104e-07,-28.967272,2.4466746,0.8155582,0.136,0.0,0.16704471,11.78999,11.81999,1264000
hardzero_plus_depr__c0p54__z1p05__lam0p030__nu0p50__psi1p00,hardzero_plus_depr,0.02,32,395,0.0,1,0.50594914,0.50594914,1.059045,0.0,0.0872881,0.0,0.0,1.471206e-07,-28.298815,2.3299453,0.77664846,0.128,0.0,0.16233498,11.81999,11.84999,1267200
hardzero_plus_depr__c0p54__z1p05__lam0p030__nu0p50__psi1p00,hardzero_plus_depr,0.02,32,396,0.0,1,0.50594914,0.50594914,0.9722977,0.1065865,0.1065865,1.0,1.5217628e-08,1.4277256e-07,-26.283546,2.1390977,0.7130326,0.208,0.0,0.123108394,11.84999,11.87999,1270400
hardzero_plus_depr__c0p54__z1p05__lam0p030__nu0p50__psi1p00,hardzero_plus_depr,0.02,32,397,0.0,1,0.50594914,0.50594914,1.0518311,0.0,0.088750094,0.0,0.0,1.3855303e-07,-27.836044,2.3140748,0.77135825,0.15200001,0.0,0.14763819,11.87999,11.909989,1273600
hardzero_plus_depr__c0p54__z1p05__lam0p030__nu0p50__psi1p00,hardzero_plus_depr,0.02,32,398,0.0,1,0.50594914,0.50594914,1.0130699,0.09703539,0.09703539,1.0,1.3047205e-08,1.344582e-07,-26.735697,2.2287982,0.74293274,0.16800001,0.0,0.14356214,11.909989,11.939989,1276800
hardzero_plus_depr__c0p54__z1p05__lam0p030__nu0p50__psi1p00,hardzero_plus_depr,0.02,32,399,0.0,1,0.50594914,0.50594914,1.0281808,0.093717165,0.093717165,1.0,1.2228628e-08,1.304844e-07,-27.171986,2.262043,0.7540144,0.192,0.0,0.16159919,11.939989,11.969989,1280000
hardzero_plus_depr__c0p54__z1p05__lam0p030__nu0p50__psi1p00,hardzero_plus_depr,0.02,32,400,0.0,1,0.50594914,0.50594914,1.0186749,0.09579109,0.09579109,1.0,1.2129838e-08,1.2662804e-07,-26.622961,2.2411294,0.74704313,0.18400002,0.0,0.13787816,11.969989,11.999989,1283200
hardzero_plus_depr__c0p54__z1p05__lam0p030__nu0p50__psi1p00,hardzero_plus_depr,0.02,32,401,0.0,1,0.50594914,0.50594914,1.0452267,0.090110056,0.090110056,1.0,1.1073233e-08,1.2288565e-07,-27.509808,2.2995446,0.7665149,0.136,0.0,0.19505288,11.999989,12.029988,1286400
hardzero_plus_depr__c0p54__z1p05__lam0p030__nu0p50__psi1p00,hardzero_plus_depr,0.02,32,402,0.0,1,0.50594914,0.50594914,1.0238348,0.0946597,0.0946597,1.0,1.12885346e-08,1.1925385e-07,-27.266788,2.2524815,0.7508272,0.17600001,0.0,0.17088385,12.029988,12.059988,1289600
hardzero_plus_depr__c0p54__z1p05__lam0p030__nu0p50__psi1p00,hardzero_plus_depr,0.02,32,403,0.0,1,0.50594914,0.50594914,1.0210402,0.0952708,0.0952708,1.0,1.1025634e-08,1.15729414e-07,-27.141052,2.2463334,0.7487778,0.08,0.0,0.14651647,12.059988,12.089988,1292800
hardzero_plus_depr__c0p54__z1p05__lam0p030__nu0p50__psi1p00,hardzero_plus_depr,0.02,32,404,0.0,1,0.50594914,0.50594914,1.0227115,0.094904855,0.094904855,1.0,1.0658681e-08,1.12309124e-07,-27.257378,2.2500103,0.75000346,0.120000005,0.0,0.17142372,12.089988,12.1199875,1296000
hardzero_plus_depr__c0p54__z1p05__lam0p030__nu0p50__psi1p00,hardzero_plus_depr,0.02,32,405,0.0,1,0.50594914,0.50594914,1.0334657,0.09258363,0.09258363,1.0,1.0090682e-08,1.08989916e-07,-27.464113,2.27367,0.75789,0.14400001,0.0,0.16196994,12.1199875,12.149987,1299200
hardzero_plus_depr__c0p54__z1p05__lam0p030__nu0p50__psi1p00,hardzero_plus_depr,0.02,32,406,0.0,1,0.50594914,0.50594914,0.9860103,0.10327369,0.10327369,1.0,1.0923134e-08,1.05768805e-07,-26.319748,2.169266,0.7230887,0.17600001,0.0,0.15626611,12.149987,12.179987,1302400
hardzero_plus_depr__c0p54__z1p05__lam0p030__nu0p50__psi1p00,hardzero_plus_depr,0.02,32,407,0.0,1,0.50594914,0.50594914,1.0872549,0.0,0.08179846,0.0,0.0,1.02642886e-07,-28.370832,2.3920085,0.7973362,0.096,0.0,0.17473404,12.179987,12.209987,1305600
hardzero_plus_depr__c0p54__z1p05__lam0p030__nu0p50__psi1p00,hardzero_plus_depr,0.02,32,408,0.0,1,0.50594914,0.50594914,1.0268555,0.09400361,0.09400361,1.0,9.36364e-09,9.960936e-08,-26.527021,2.2591271,0.7530424,0.08800001,0.0,0.13495845,12.209987,12.239986,1308800
hardzero_plus_depr__c0p54__z1p05__lam0p030__nu0p50__psi1p00,hardzero_plus_depr,0.02,32,409,0.0,1,0.50594914,0.50594914,1.0621519,0.0,0.08666587,0.0,0.0,9.666549e-08,-27.40712,2.3367808,0.77892697,0.136,0.0,0.15345415,12.239986,12.269986,1312000
hardzero_plus_depr__c0p54__z1p05__lam0p030__nu0p50__psi1p00,hardzero_plus_depr,0.02,32,410,0.0,1,0.50594914,0.50594914,1.0678834,0.0,0.08552964,0.0,0.0,9.380861e-08,-28.110435,2.3493903,0.7831301,0.136,0.0,0.17396541,12.269986,12.299986,1315200
hardzero_plus_depr__c0p54__z1p05__lam0p030__nu0p50__psi1p00,hardzero_plus_depr,0.02,32,411,0.0,1,0.50594914,0.50594914,1.0385337,0.091509536,0.091509536,1.0,8.330678e-09,9.103618e-08,-27.71185,2.2848198,0.76160663,0.16000001,0.0,0.15929732,12.299986,12.329986,1318400
hardzero_plus_depr__c0p54__z1p05__lam0p030__nu0p50__psi1p00,hardzero_plus_depr,0.02,32,412,0.0,1,0.50594914,0.50594914,1.00654,0.09850541,0.09850541,1.0,8.702527e-09,8.834568e-08,-27.207294,2.214432,0.73814404,0.14400001,0.0,0.15467235,12.329986,12.359985,1321600
hardzero_plus_depr__c0p54__z1p05__lam0p030__nu0p50__psi1p00,hardzero_plus_depr,0.02,32,413,0.0,1,0.50594914,0.50594914,1.027047,0.093962155,0.093962155,1.0,8.0558165e-09,8.573469e-08,-28.170794,2.2595487,0.7531829,0.136,0.0,0.1520192,12.359985,12.389985,1324800
hardzero_plus_depr__c0p54__z1p05__lam0p030__nu0p50__psi1p00,hardzero_plus_depr,0.02,32,414,0.0,1,0.50594914,0.50594914,0.93119204,0.117167726,0.117167726,1.0,9.748456e-09,8.320087e-08,-25.830658,2.0486634,0.6828878,0.18400002,0.0,0.13430142,12.389985,12.419985,1328000
hardzero_plus_depr__c0p54__z1p05__lam0p030__nu0p50__psi1p00,hardzero_plus_depr,0.02,32,415,0.0,1,0.50594914,0.50594914,0.95343095,0.11131894,0.11131894,1.0,8.988105e-09,8.074193e-08,-26.670362,2.09759,0.6991967,0.18400002,0.0,0.16915916,12.419985,12.449985,1331200
hardzero_plus_depr__c0p54__z1p05__lam0p030__nu0p50__psi1p00,hardzero_plus_depr,0.02,32,416,0.0,1,0.50594914,0.50594914,1.0714082,0.0,0.08483826,0.0,0.0,7.835566e-08,-27.614052,2.357145,0.78571504,0.12,0.0,0.15880913,12.449985,12.479984,1334400
hardzero_plus_depr__c0p54__z1p05__lam0p030__nu0p50__psi1p00,hardzero_plus_depr,0.02,32,417,0.0,1,0.50594914,0.50594914,0.95250416,0.11155676,0.11155676,1.0,8.482767e-09,7.6039925e-08,-26.49549,2.095551,0.698517,0.24800001,0.0,0.15216011,12.479984,12.509984,1337600
hardzero_plus_depr__c0p54__z1p05__lam0p030__nu0p50__psi1p00,hardzero_plus_depr,0.02,32,418,0.0,1,0.50594914,0.50594914,1.036035,0.09203756,0.09203756,1.0,6.7916934e-09,7.379263e-08,-27.793354,2.2793224,0.75977415,0.104,0.0,0.15116672,12.509984,12.539984,1340800
hardzero_plus_depr__c0p54__z1p05__lam0p030__nu0p50__psi1p00,hardzero_plus_depr,0.02,32,419,0.0,1,0.50594914,0.50594914,1.0067104,0.098466754,0.098466754,1.0,7.051376e-09,7.1611744e-08,-27.01172,2.214807,0.73826903,0.14400001,0.0,0.16129878,12.539984,12.5699835,1344000
hardzero_plus_depr__c0p54__z1p05__lam0p030__nu0p50__psi1p00,hardzero_plus_depr,0.02,32,420,0.0,1,0.50594914,0.50594914,1.0036699,0.09915853,0.09915853,1.0,6.8910535e-09,6.9495314e-08,-26.59861,2.2081177,0.7360393,0.216,0.0,0.15828894,12.5699835,12.599983,1347200
hardzero_plus_depr__c0p54__z1p05__lam0p030__nu0p50__psi1p00,hardzero_plus_depr,0.02,32,421,0.0,1,0.50594914,0.50594914,1.0383953,0.09153868,0.09153868,1.0,6.1735e-09,6.7441434e-08,-27.689041,2.2845151,0.76150507,0.15200001,0.0,0.1733128,12.599983,12.629983,1350400
hardzero_plus_depr__c0p54__z1p05__lam0p030__nu0p50__psi1p00,hardzero_plus_depr,0.02,32,422,0.0,1,0.50594914,0.50594914,1.0109816,0.0975031,0.0975031,1.0,6.381408e-09,6.5448255e-08,-27.196829,2.2242038,0.7414013,0.120000005,0.0,0.16550946,12.629983,12.659983,1353600
hardzero_plus_depr__c0p54__z1p05__lam0p030__nu0p50__psi1p00,hardzero_plus_depr,0.02,32,423,0.0,1,0.50594914,0.50594914,0.9918642,0.101890974,0.101890974,1.0,6.471502e-09,6.351399e-08,-26.682041,2.1821449,0.72738165,0.18400002,0.0,0.13275337,12.659983,12.689982,1356800
hardzero_plus_depr__c0p54__z1p05__lam0p030__nu0p50__psi1p00,hardzero_plus_depr,0.02,32,424,0.0,1,0.50594914,0.50594914,1.0708454,0.0,0.08494829,0.0,0.0,6.163688e-08,-27.20081,2.355907,0.78530234,0.104,0.0,0.14734092,12.689982,12.719982,1360000
hardzero_plus_depr__c0p54__z1p05__lam0p030__nu0p50__psi1p00,hardzero_plus_depr,0.02,32,425,0.0,1,0.50594914,0.50594914,1.0086901,0.09801891,0.09801891,1.0,5.863025e-09,5.981525e-08,-26.185637,2.2191627,0.73972094,0.15200001,0.0,0.14296836,12.719982,12.749982,1363200
hardzero_plus_depr__c0p54__z1p05__lam0p030__nu0p50__psi1p00,hardzero_plus_depr,0.02,32,426,0.0,1,0.50594914,0.50594914,1.0115975,0.09736491,0.09736491,1.0,5.6517857e-09,5.8047462e-08,-26.78154,2.225559,0.741853,0.192,0.0,0.14422178,12.749982,12.779982,1366400
hardzero_plus_depr__c0p54__z1p05__lam0p030__nu0p50__psi1p00,hardzero_plus_depr,0.02,32,427,0.0,1,0.50594914,0.50594914,1.0450882,0.090138815,0.090138815,1.0,5.077692e-09,5.6331913e-08,-27.530703,2.2992399,0.76641333,0.136,0.0,0.15367359,12.779982,12.809981,1369600
hardzero_plus_depr__c0p54__z1p05__lam0p030__nu0p50__psi1p00,hardzero_plus_depr,0.02,32,428,0.0,1,0.50594914,0.50594914,1.0535425,0.0,0.08840105,0.0,0.0,5.466707e-08,-28.029161,2.3178399,0.7726133,0.104,0.0,0.18564743,12.809981,12.839981,1372800
hardzero_plus_depr__c0p54__z1p05__lam0p030__nu0p50__psi1p00,hardzero_plus_depr,0.02,32,429,0.0,1,0.50594914,0.50594914,0.98968136,0.10240441,0.10240441,1.0,5.4327e-09,5.3051426e-08,-26.64625,2.1773424,0.72578084,0.14999999,0.0,0.14176063,12.839981,12.869981,1376000
hardzero_plus_depr__c0p54__z1p05__lam0p030__nu0p50__psi1p00,hardzero_plus_depr,0.02,32,430,0.0,1,0.50594914,0.50594914,1.0615091,0.0,0.08679423,0.0,0.0,5.1483532e-08,-28.306856,2.3353667,0.7784556,0.17600001,0.0,0.16791818,12.869981,12.899981,1379200
hardzero_plus_depr__c0p54__z1p05__lam0p030__nu0p50__psi1p00,hardzero_plus_depr,0.02,32,431,0.0,1,0.50594914,0.50594914,1.0814358,0.0,0.08290184,0.0,0.0,4.9961976e-08,-28.731897,2.3792062,0.79306877,0.136,0.0,0.18129736,12.899981,12.92998,1382400
hardzero_plus_depr__c0p54__z1p05__lam0p030__nu0p50__psi1p00,hardzero_plus_depr,0.02,32,432,0.0,1,0.50594914,0.50594914,1.0251547,0.09437246,0.09437246,1.0,4.5756856e-09,4.8485393e-08,-26.869688,2.2553854,0.7517952,0.120000005,0.0,0.15930651,12.92998,12.95998,1385600
hardzero_plus_depr__c0p54__z1p05__lam0p030__nu0p50__psi1p00,hardzero_plus_depr,0.02,32,433,0.0,1,0.50594914,0.50594914,1.0758523,0.0,0.08397455,0.0,0.0,4.7052442e-08,-28.08672,2.3669224,0.78897417,0.15200001,0.0,0.16833176,12.95998,12.98998,1388800
hardzero_plus_depr__c0p54__z1p05__lam0p030__nu0p50__psi1p00,hardzero_plus_depr,0.02,32,434,0.0,1,0.50594914,0.50594914,1.0609173,0.0,0.086912595,0.0,0.0,4.566185e-08,-27.491684,2.3340645,0.7780215,0.18400002,0.0,0.16303173,12.98998,13.0199795,1392000
hardzero_plus_depr__c0p54__z1p05__lam0p030__nu0p50__psi1p00,hardzero_plus_depr,0.02,32,435,0.0,1,0.50594914,0.50594914,1.0450076,0.09015553,0.09015553,1.0,3.9950026e-09,4.4312344e-08,-27.60569,2.2990625,0.7663542,0.16000001,0.0,0.1351744,13.0199795,13.049979,1395200
hardzero_plus_depr__c0p54__z1p05__lam0p030__nu0p50__psi1p00,hardzero_plus_depr,0.02,32,436,0.0,1,0.50594914,0.50594914,0.9995185,0.100110926,0.100110926,1.0,4.3050434e-09,4.3002732e-08,-26.433815,2.1989846,0.7329949,0.2,0.0,0.15251718,13.049979,13.079979,1398400
hardzero_plus_depr__c0p54__z1p05__lam0p030__nu0p50__psi1p00,hardzero_plus_depr,0.02,32,437,0.0,1,0.50594914,0.50594914,1.0575342,0.0,0.08759226,0.0,0.0,4.1731816e-08,-27.47361,2.3266218,0.7755406,0.128,0.0,0.1727192,13.079979,13.109979,1401600
hardzero_plus_depr__c0p54__z1p05__lam0p030__nu0p50__psi1p00,hardzero_plus_depr,0.02,32,438,0.0,1,0.50594914,0.50594914,1.0524753,0.0,0.088618554,0.0,0.0,4.049847e-08,-28.184374,2.315492,0.7718307,0.136,0.0,0.153356,13.109979,13.139978,1404800
hardzero_plus_depr__c0p54__z1p05__lam0p030__nu0p50__psi1p00,hardzero_plus_depr,0.02,32,439,0.0,1,0.50594914,0.50594914,1.0396324,0.0912783,0.0912783,1.0,3.58738e-09,3.9301565e-08,-27.398764,2.287237,0.7624123,0.08800001,0.0,0.14781794,13.139978,13.169978,1408000
hardzero_plus_depr__c0p54__z1p05__lam0p030__nu0p50__psi1p00,hardzero_plus_depr,0.02,32,440,0.0,1,0.50594914,0.50594914,1.0476925,0.08959989,0.08959989,1.0,3.4173435e-09,3.814004e-08,-26.836117,2.3049695,0.7683232,0.192,0.008,0.19102672,13.169978,13.199978,1411200
hardzero_plus_depr__c0p54__z1p05__lam0p030__nu0p50__psi1p00,hardzero_plus_depr,0.02,32,441,0.0,1,0.50594914,0.50594914,1.0209789,0.09528424,0.09528424,1.0,3.5267405e-09,3.7012843e-08,-26.375551,2.2461984,0.7487328,0.16800001,0.0,0.15156597,13.199978,13.229978,1414400
hardzero_plus_depr__c0p54__z1p05__lam0p030__nu0p50__psi1p00,hardzero_plus_depr,0.02,32,442,0.0,1,0.50594914,0.50594914,1.0393113,0.091345824,0.091345824,1.0,3.2810468e-09,3.591896e-08,-27.103655,2.2865305,0.7621769,0.12,0.0,0.16629858,13.229978,13.259977,1417600
hardzero_plus_depr__c0p54__z1p05__lam0p030__nu0p50__psi1p00,hardzero_plus_depr,0.02,32,443,0.0,1,0.50594914,0.50594914,1.0541384,0.0,0.08827984,0.0,0.0,3.48574e-08,-28.183624,2.319151,0.7730503,0.15200001,0.0,0.18157965,13.259977,13.289977,1420800
hardzero_plus_depr__c0p54__z1p05__lam0p030__nu0p50__psi1p00,hardzero_plus_depr,0.02,32,444,0.0,1,0.50594914,0.50594914,0.99056065,0.10219728,0.10219728,1.0,3.4570495e-09,3.3827217e-08,-27.064653,2.179277,0.72642565,0.16000001,0.0,0.14804283,13.289977,13.319977,1424000
hardzero_plus_depr__c0p54__z1p05__lam0p030__nu0p50__psi1p00,hardzero_plus_depr,0.02,32,445,0.0,1,0.50594914,0.50594914,1.0132515,0.096994795,0.096994795,1.0,3.1840945e-09,3.282748e-08,-26.752798,2.229198,0.743066,0.136,0.0,0.15478106,13.319977,13.349977,1427200
hardzero_plus_depr__c0p54__z1p05__lam0p030__nu0p50__psi1p00,hardzero_plus_depr,0.02,32,446,0.0,1,0.50594914,0.50594914,1.0359914,0.092046775,0.092046775,1.0,2.9323612e-09,3.1857294e-08,-27.64934,2.2792268,0.75974226,0.15200001,0.0,0.16482583,13.349977,13.379976,1430400
hardzero_plus_depr__c0p54__z1p05__lam0p030__nu0p50__psi1p00,hardzero_plus_depr,0.02,32,447,0.0,1,0.50594914,0.50594914,1.0212072,0.095234156,0.095234156,1.0,2.9442377e-09,3.0915775e-08,-27.461016,2.2467008,0.7489003,0.15200001,0.0,0.1326236,13.379976,13.409976,1433600
hardzero_plus_depr__c0p54__z1p05__lam0p030__nu0p50__psi1p00,hardzero_plus_depr,0.02,32,448,0.0,1,0.50594914,0.50594914,1.0336254,0.09254962,0.09254962,1.0,2.7766816e-09,3.0002084e-08,-27.344925,2.2740211,0.75800705,0.224,0.0,0.18418355,13.409976,13.439976,1436800
hardzero_plus_depr__c0p54__z1p05__lam0p030__nu0p50__psi1p00,hardzero_plus_depr,0.02,32,449,0.0,1,0.50594914,0.50594914,1.0487958,0.08937256,0.08937256,1.0,2.6021174e-09,2.9115396e-08,-27.959393,2.307397,0.7691323,0.16800001,0.0,0.16435303,13.439976,13.469975,1440000
hardzero_plus_depr__c0p54__z1p05__lam0p030__nu0p50__psi1p00,hardzero_plus_depr,0.02,32,450,0.0,1,0.50594914,0.50594914,1.0689923,0.0,0.08531154,0.0,0.0,2.8254911e-08,-28.407404,2.35183,0.78394336,0.136,0.008,0.15470813,13.469975,13.499975,1443200
hardzero_plus_depr__c0p54__z1p05__lam0p030__nu0p50__psi1p00,hardzero_plus_depr,0.02,32,451,0.0,1,0.50594914,0.50594914,0.9883823,0.10271118,0.10271118,1.0,2.8163263e-09,2.7419862e-08,-26.589329,2.1744845,0.7248282,0.18400002,0.0,0.13098764,13.499975,13.529975,1446400
hardzero_plus_depr__c0p54__z1p05__lam0p030__nu0p50__psi1p00,hardzero_plus_depr,0.02,32,452,0.0,1,0.50594914,0.50594914,1.0509484,0.0,0.08893069,0.0,0.0,2.6609488e-08,-28.321526,2.3121326,0.7707109,0.17600001,0.008,0.15890412,13.529975,13.559975,1449600
hardzero_plus_depr__c0p54__z1p05__lam0p030__nu0p50__psi1p00,hardzero_plus_depr,0.02,32,453,0.0,1,0.50594914,0.50594914,1.0208181,0.09531953,0.09531953,1.0,2.4614426e-09,2.5823066e-08,-27.443554,2.2458446,0.7486149,0.18400002,0.0,0.14342235,13.559975,13.589974,1452800
hardzero_plus_depr__c0p54__z1p05__lam0p030__nu0p50__psi1p00,hardzero_plus_depr,0.02,32,454,0.0,1,0.50594914,0.50594914,1.0558106,0.0,0.0879406,0.0,0.0,2.5059885e-08,-27.412613,2.3228297,0.7742766,0.136,0.0,0.17331623,13.589974,13.619974,1456000
hardzero_plus_depr__c0p54__z1p05__lam0p030__nu0p50__psi1p00,hardzero_plus_depr,0.02,32,455,0.0,1,0.50594914,0.50594914,1.0103625,0.09764219,0.09764219,1.0,2.374586e-09,2.4319263e-08,-27.67258,2.222842,0.74094737,0.22999999,0.0,0.17288388,13.619974,13.649974,1459200
hardzero_plus_depr__c0p54__z1p05__lam0p030__nu0p50__psi1p00,hardzero_plus_depr,0.02,32,456,0.0,1,0.50594914,0.50594914,1.0720109,0.0,0.08472062,0.0,0.0,2.3600526e-08,-28.811268,2.358471,0.786157,0.120000005,0.0,0.1518411,13.649974,13.679974,1462400
hardzero_plus_depr__c0p54__z1p05__lam0p030__nu0p50__psi1p00,hardzero_plus_depr,0.02,32,457,0.0,1,0.50594914,0.50594914,1.0739177,0.0,0.08434944,0.0,0.0,2.2903029e-08,-28.252472,2.3626661,0.7875554,0.120000005,0.0,0.14998676,13.679974,13.709973,1465600
hardzero_plus_depr__c0p54__z1p05__lam0p030__nu0p50__psi1p00,hardzero_plus_depr,0.02,32,458,0.0,1,0.50594914,0.50594914,1.0647259,0.0,0.08615373,0.0,0.0,2.222615e-08,-27.988403,2.3424437,0.7808146,0.14400001,0.0,0.15783377,13.709973,13.739973,1468800
hardzero_plus_depr__c0p54__z1p05__lam0p030__nu0p50__psi1p00,hardzero_plus_depr,0.02,32,459,0.0,1,0.50594914,0.50594914,1.0627974,0.0,0.08653715,0.0,0.0,2.156927e-08,-28.769491,2.338201,0.77940035,0.104,0.0,0.16376315,13.739973,13.769973,1472000
hardzero_plus_depr__c0p54__z1p05__lam0p030__nu0p50__psi1p00,hardzero_plus_depr,0.02,32,460,0.0,1,0.50594914,0.50594914,0.9994973,0.10011581,0.10011581,1.0,2.095605e-09,2.093181e-08,-26.815235,2.198938,0.7329793,0.14400001,0.0,0.17334849,13.769973,13.799973,1475200
hardzero_plus_depr__c0p54__z1p05__lam0p030__nu0p50__psi1p00,hardzero_plus_depr,0.02,32,461,0.0,1,0.50594914,0.50594914,0.97406447,0.1061538,0.1061538,1.0,2.1563218e-09,2.0313186e-08,-26.176228,2.1429846,0.7143282,0.16800001,0.0,0.13807611,13.799973,13.829972,1478400
hardzero_plus_depr__c0p54__z1p05__lam0p030__nu0p50__psi1p00,hardzero_plus_depr,0.02,32,462,0.0,1,0.50594914,0.50594914,1.0779552,0.0,0.0835689,0.0,0.0,1.9712845e-08,-28.018095,2.371549,0.7905163,0.112,0.0,0.14115816,13.829972,13.859972,1481600
hardzero_plus_depr__c0p54__z1p05__lam0p030__nu0p50__psi1p00,hardzero_plus_depr,0.02,32,463,0.0,1,0.50594914,0.50594914,1.0214686,0.095176846,0.095176846,1.0,1.8207568e-09,1.913025e-08,-26.948368,2.2472758,0.749092,0.16800001,0.0,0.16217141,13.859972,13.889972,1484800
hardzero_plus_depr__c0p54__z1p05__lam0p030__nu0p50__psi1p00,hardzero_plus_depr,0.02,32,464,0.0,1,0.50594914,0.50594914,1.0102885,0.097658835,0.097658835,1.0,1.8130236e-09,1.856487e-08,-26.880093,2.2226791,0.74089307,0.16800001,0.0,0.13741197,13.889972,13.919971,1488000
hardzero_plus_depr__c0p54__z1p05__lam0p030__nu0p50__psi1p00,hardzero_plus_depr,0.02,32,465,0.0,1,0.50594914,0.50594914,1.0196515,0.09557592,0.09557592,1.0,1.7219149e-09,1.80162e-08,-27.89222,2.2432783,0.74775946,0.104,0.0,0.14602847,13.919971,13.949971,1491200
hardzero_plus_depr__c0p54__z1p05__lam0p030__nu0p50__psi1p00,hardzero_plus_depr,0.02,32,466,0.0,1,0.50594914,0.50594914,1.0024422,0.09943922,0.09943922,1.0,1.7385698e-09,1.7483744e-08,-26.146938,2.205417,0.735139,0.192,0.0,0.14542787,13.949971,13.979971,1494400
hardzero_plus_depr__c0p54__z1p05__lam0p030__nu0p50__psi1p00,hardzero_plus_depr,0.02,32,467,0.0,1,0.50594914,0.50594914,1.0107303,0.09755954,0.09755954,1.0,1.6552953e-09,1.6967027e-08,-26.869831,2.223651,0.741217,0.208,0.0,0.15639906,13.979971,14.009971,1497600
hardzero_plus_depr__c0p54__z1p05__lam0p030__nu0p50__psi1p00,hardzero_plus_depr,0.02,32,468,0.0,1,0.50594914,0.50594914,1.0197644,0.09555106,0.09555106,1.0,1.5733035e-09,1.646558e-08,-27.529903,2.2435265,0.7478422,0.13,0.0,0.14690766,14.009971,14.03997,1500800
hardzero_plus_depr__c0p54__z1p05__lam0p030__nu0p50__psi1p00,hardzero_plus_depr,0.02,32,469,0.0,1,0.50594914,0.50594914,1.0915724,0.0,0.08098929,0.0,0.0,1.5978951e-08,-27.720205,2.4015071,0.8005024,0.15200001,0.0,0.16333951,14.03997,14.06997,1504000
hardzero_plus_depr__c0p54__z1p05__lam0p030__nu0p50__psi1p00,hardzero_plus_depr,0.02,32,470,0.0,1,0.50594914,0.50594914,1.0463159,0.08988435,0.08988435,1.0,1.3938104e-09,1.5506709e-08,-27.01625,2.301941,0.76731366,0.18400002,0.0,0.14263916,14.06997,14.09997,1507200
hardzero_plus_depr__c0p54__z1p05__lam0p030__nu0p50__psi1p00,hardzero_plus_depr,0.02,32,471,0.0,1,0.50594914,0.50594914,1.014733,0.0966645,0.0966645,1.0,1.454648e-09,1.504842e-08,-27.382696,2.2324572,0.7441524,0.16800001,0.0,0.15841067,14.09997,14.12997,1510400
hardzero_plus_depr__c0p54__z1p05__lam0p030__nu0p50__psi1p00,hardzero_plus_depr,0.02,32,472,0.0,1,0.50594914,0.50594914,1.0426745,0.09064115,0.09064115,1.0,1.3236939e-09,1.4603676e-08,-27.958101,2.2939298,0.7646433,0.120000005,0.0,0.20092326,14.12997,14.159969,1513600
hardzero_plus_depr__c0p54__z1p05__lam0p030__nu0p50__psi1p00,hardzero_plus_depr,0.02,32,473,0.0,1,0.50594914,0.50594914,1.0269502,0.09398311,0.09398311,1.0,1.3319357e-09,1.4172075e-08,-26.050083,2.2593355,0.75311184,0.16000001,0.0,0.15218194,14.159969,14.189969,1516800
hardzero_plus_depr__c0p54__z1p05__lam0p030__nu0p50__psi1p00,hardzero_plus_depr,0.02,32,474,0.0,1,0.50594914,0.50594914,1.0512775,0.0,0.088863306,0.0,0.0,1.37532306e-08,-27.832905,2.3128567,0.7709522,0.096,0.0,0.14830075,14.189969,14.219969,1520000
hardzero_plus_depr__c0p54__z1p05__lam0p030__nu0p50__psi1p00,hardzero_plus_depr,0.02,32,475,0.0,1,0.50594914,0.50594914,0.9861302,0.103245184,0.103245184,1.0,1.3779891e-09,1.3346764e-08,-26.383844,2.1695297,0.7231766,0.096,0.0,0.13636342,14.219969,14.249969,1523200
hardzero_plus_depr__c0p54__z1p05__lam0p030__nu0p50__psi1p00,hardzero_plus_depr,0.02,32,476,0.0,1,0.50594914,0.50594914,1.0778785,0.0,0.08358369,0.0,0.0,1.295231e-08,-29.017439,2.37138,0.79046005,0.120000005,0.0,0.17013167,14.249969,14.279968,1526400
hardzero_plus_depr__c0p54__z1p05__lam0p030__nu0p50__psi1p00,hardzero_plus_depr,0.02,32,477,0.0,1,0.50594914,0.50594914,1.0081666,0.098137155,0.098137155,1.0,1.2335366e-09,1.2569517e-08,-27.304707,2.2180107,0.7393369,0.2,0.0,0.1588835,14.279968,14.309968,1529600
hardzero_plus_depr__c0p54__z1p05__lam0p030__nu0p50__psi1p00,hardzero_plus_depr,0.02,32,478,0.0,1,0.50594914,0.50594914,1.0304267,0.09323376,0.09323376,1.0,1.1372686e-09,1.2198035e-08,-27.106264,2.266984,0.75566137,0.14400001,0.0,0.16483685,14.309968,14.339968,1532800
hardzero_plus_depr__c0p54__z1p05__lam0p030__nu0p50__psi1p00,hardzero_plus_depr,0.02,32,479,0.0,1,0.50594914,0.50594914,1.0712057,0.0,0.08487781,0.0,0.0,1.1837532e-08,-28.572817,2.3566997,0.78556657,0.128,0.0,0.16304691,14.339968,14.369967,1536000
hardzero_plus_depr__c0p54__z1p05__lam0p030__nu0p50__psi1p00,hardzero_plus_depr,0.02,32,480,0.0,1,0.50594914,0.50594914,1.0259265,0.09420491,0.09420491,1.0,1.082196e-09,1.1487682e-08,-27.237623,2.2570834,0.7523612,0.224,0.0,0.1694853,14.369967,14.399967,1539200
hardzero_plus_depr__c0p54__z1p05__lam0p030__nu0p50__psi1p00,hardzero_plus_depr,0.02,32,481,0.0,1,0.50594914,0.50594914,1.067916,0.0,0.085523196,0.0,0.0,1.1148172e-08,-27.67893,2.3494623,0.78315413,0.17999999,0.0,0.16594887,14.399967,14.429967,1542400
hardzero_plus_depr__c0p54__z1p05__lam0p030__nu0p50__psi1p00,hardzero_plus_depr,0.02,32,482,0.0,1,0.50594914,0.50594914,1.0126694,0.0971249,0.0971249,1.0,1.0507648e-09,1.0818697e-08,-26.798626,2.2279172,0.74263906,0.136,0.0,0.1739275,14.429967,14.459967,1545600
hardzero_plus_depr__c0p54__z1p05__lam0p030__nu0p50__psi1p00,hardzero_plus_depr,0.02,32,483,0.0,1,0.50594914,0.50594914,1.0122142,0.09722677,0.09722677,1.0,1.0207799e-09,1.0498959e-08,-26.481535,2.2269156,0.7423052,0.16800001,0.0,0.14730817,14.459967,14.489966,1548800
hardzero_plus_depr__c0p54__z1p05__lam0p030__nu0p50__psi1p00,hardzero_plus_depr,0.02,32,484,0.0,1,0.50594914,0.50594914,1.0222237,0.09501152,0.09501152,1.0,9.68041e-10,1.01886695e-08,-27.223766,2.2489371,0.7496457,0.14400001,0.0,0.17631885,14.489966,14.519966,1552000
hardzero_plus_depr__c0p54__z1p05__lam0p030__nu0p50__psi1p00,hardzero_plus_depr,0.02,32,485,0.0,1,0.50594914,0.50594914,1.0491759,0.089294374,0.089294374,1.0,8.8290286e-10,9.887553e-09,-27.894716,2.308233,0.769411,0.128,0.0,0.17995171,14.519966,14.549966,1555200
hardzero_plus_depr__c0p54__z1p05__lam0p030__nu0p50__psi1p00,hardzero_plus_depr,0.02,32,486,0.0,1,0.50594914,0.50594914,1.017169,0.096123815,0.096123815,1.0,9.223402e-10,9.595335e-09,-26.673025,2.2378166,0.7459389,0.2,0.0,0.14924775,14.549966,14.579966,1558400
hardzero_plus_depr__c0p54__z1p05__lam0p030__nu0p50__psi1p00,hardzero_plus_depr,0.02,32,487,0.0,1,0.50594914,0.50594914,1.0417068,0.09084335,0.09084335,1.0,8.459107e-10,9.311751e-09,-27.570269,2.2918007,0.7639336,0.096,0.0,0.13200267,14.579966,14.609965,1561600
hardzero_plus_depr__c0p54__z1p05__lam0p030__nu0p50__psi1p00,hardzero_plus_depr,0.02,32,488,0.0,1,0.50594914,0.50594914,1.0363816,0.09196411,0.09196411,1.0,8.310383e-10,9.03655e-09,-27.465164,2.280085,0.76002836,0.136,0.0,0.14599298,14.609965,14.639965,1564800
hardzero_plus_depr__c0p54__z1p05__lam0p030__nu0p50__psi1p00,hardzero_plus_depr,0.02,32,489,0.0,1,0.50594914,0.50594914,1.0188485,0.095752805,0.095752805,1.0,8.3970253e-10,8.769482e-09,-26.353453,2.2415116,0.74717057,0.120000005,0.0,0.1567227,14.639965,14.669965,1568000
hardzero_plus_depr__c0p54__z1p05__lam0p030__nu0p50__psi1p00,hardzero_plus_depr,0.02,32,490,0.0,1,0.50594914,0.50594914,0.98663896,0.10312429,0.10312429,1.0,8.7761937e-10,8.510307e-09,-26.738903,2.170649,0.7235497,0.224,0.0,0.15826988,14.669965,14.699965,1571200
hardzero_plus_depr__c0p54__z1p05__lam0p030__nu0p50__psi1p00,hardzero_plus_depr,0.02,32,491,0.0,1,0.50594914,0.50594914,1.0054685,0.098748736,0.098748736,1.0,8.1554524e-10,8.258792e-09,-27.644663,2.2120748,0.7373583,0.14400001,0.0,0.15503739,14.699965,14.729964,1574400
hardzero_plus_depr__c0p54__z1p05__lam0p030__nu0p50__psi1p00,hardzero_plus_depr,0.02,32,492,0.0,1,0.50594914,0.50594914,1.0916393,0.0,0.080976814,0.0,0.0,8.01471e-09,-28.352863,2.4016542,0.8005514,0.136,0.008,0.17009722,14.729964,14.759964,1577600
hardzero_plus_depr__c0p54__z1p05__lam0p030__nu0p50__psi1p00,hardzero_plus_depr,0.02,32,493,0.0,1,0.50594914,0.50594914,0.99526215,0.1010969,0.1010969,1.0,7.863156e-10,7.7778415e-09,-26.971191,2.1896205,0.72987354,0.17600001,0.0,0.16430569,14.759964,14.789964,1580800
hardzero_plus_depr__c0p54__z1p05__lam0p030__nu0p50__psi1p00,hardzero_plus_depr,0.02,32,494,0.0,1,0.50594914,0.50594914,1.0520899,0.0,0.08869723,0.0,0.0,7.547973e-09,-27.814018,2.314644,0.77154803,0.13,0.0,0.1886236,14.789964,14.819963,1584000
hardzero_plus_depr__c0p54__z1p05__lam0p030__nu0p50__psi1p00,hardzero_plus_depr,0.02,32,495,0.0,1,0.50594914,0.50594914,1.0368197,0.091871396,0.091871396,1.0,6.729487e-10,7.324899e-09,-27.26421,2.2810488,0.76034963,0.16800001,0.0,0.1721238,14.819963,14.849963,1587200
hardzero_plus_depr__c0p54__z1p05__lam0p030__nu0p50__psi1p00,hardzero_plus_depr,0.02,32,496,0.0,1,0.50594914,0.50594914,1.0059556,0.09863805,0.09863805,1.0,7.011604e-10,7.108417e-09,-27.57119,2.2131464,0.7377155,0.120000005,0.0,0.16587651,14.849963,14.879963,1590400
hardzero_plus_depr__c0p54__z1p05__lam0p030__nu0p50__psi1p00,hardzero_plus_depr,0.02,32,497,0.0,1,0.50594914,0.50594914,1.0188112,0.095761016,0.095761016,1.0,6.605914e-10,6.8983335e-09,-27.291803,2.2414296,0.7471432,0.15200001,0.0,0.14967218,14.879963,14.909963,1593600
hardzero_plus_depr__c0p54__z1p05__lam0p030__nu0p50__psi1p00,hardzero_plus_depr,0.02,32,498,0.0,1,0.50594914,0.50594914,1.0846611,0.0,0.08228845,0.0,0.0,6.6944583e-09,-27.851322,2.3863022,0.7954341,0.15200001,0.0,0.17727782,14.909963,14.939962,1596800
hardzero_plus_depr__c0p54__z1p05__lam0p030__nu0p50__psi1p00,hardzero_plus_depr,0.02,32,499,0.0,1,0.50594914,0.50594914,1.0002675,0.09993841,0.09993841,1.0,6.4926087e-10,6.49661e-09,-26.756239,2.2006323,0.7335441,0.16800001,0.0,0.16835774,14.939962,14.969962,1600000
hardzero_plus_depr__c0p54__z1p05__lam0p030__nu0p50__psi1p00,hardzero_plus_depr,0.02,32,500,0.0,1,0.50594914,0.50594914,1.082832,0.0,0.08263575,0.0,0.0,6.3046075e-09,-27.922155,2.382278,0.79409266,0.14400001,0.0,0.18937369,14.969962,14.999962,1603200
hardzero_plus_depr__c0p54__z1p05__lam0p030__nu0p50__psi1p00,hardzero_plus_depr,0.02,32,501,0.0,1,0.50594914,0.50594914,1.0273212,0.093902856,0.093902856,1.0,5.7452393e-10,6.1182797e-09,-27.417858,2.2601519,0.753384,0.128,0.0,0.18658698,14.999962,15.029962,1606400
hardzero_plus_depr__c0p54__z1p05__lam0p030__nu0p50__psi1p00,hardzero_plus_depr,0.02,32,502,0.0,1,0.50594914,0.50594914,1.0728022,0.0,0.084566385,0.0,0.0,5.9374585e-09,-28.491951,2.3602118,0.7867373,0.14400001,0.0,0.17053246,15.029962,15.059961,1609600
hardzero_plus_depr__c0p54__z1p05__lam0p030__nu0p50__psi1p00,hardzero_plus_depr,0.02,32,503,0.0,1,0.50594914,0.50594914,1.0700843,0.0,0.08509728,0.0,0.0,5.761982e-09,-28.69298,2.3542325,0.7847442,0.16800001,0.0,0.15905388,15.059961,15.089961,1612800
hardzero_plus_depr__c0p54__z1p05__lam0p030__nu0p50__psi1p00,hardzero_plus_depr,0.02,32,504,0.0,1,0.50594914,0.50594914,1.0086449,0.0980291,0.0980291,1.0,5.4814847e-10,5.591691e-09,-27.146305,2.219063,0.7396877,0.24800001,0.0,0.15607058,15.089961,15.119961,1616000
hardzero_plus_depr__c0p54__z1p05__lam0p030__nu0p50__psi1p00,hardzero_plus_depr,0.02,32,505,0.0,1,0.50594914,0.50594914,1.0143011,0.09676068,0.09676068,1.0,5.250654e-10,5.426433e-09,-26.751646,2.2315068,0.7438356,0.128,0.0,0.16263095,15.119961,15.1499605,1619200
hardzero_plus_depr__c0p54__z1p05__lam0p030__nu0p50__psi1p00,hardzero_plus_depr,0.02,32,506,0.0,1,0.50594914,0.50594914,0.98353505,0.10386397,0.10386397,1.0,5.4695376e-10,5.2660587e-09,-26.67524,2.1638203,0.7212734,0.16000001,0.0,0.1614999,15.1499605,15.17996,1622400
hardzero_plus_depr__c0p54__z1p05__lam0p030__nu0p50__psi1p00,hardzero_plus_depr,0.02,32,507,0.0,1,0.50594914,0.50594914,1.016042,0.09637359,0.09637359,1.0,4.9251e-10,5.110425e-09,-27.513248,2.235337,0.74511236,0.12,0.0,0.15972172,15.17996,15.20996,1625600
hardzero_plus_depr__c0p54__z1p05__lam0p030__nu0p50__psi1p00,hardzero_plus_depr,0.02,32,508,0.0,1,0.50594914,0.50594914,1.0318701,0.09292443,0.09292443,1.0,4.6084853e-10,4.9593902e-09,-27.450838,2.2701597,0.75671995,0.17600001,0.0,0.19133003,15.20996,15.23996,1628800
hardzero_plus_depr__c0p54__z1p05__lam0p030__nu0p50__psi1p00,hardzero_plus_depr,0.02,32,509,0.0,1,0.50594914,0.50594914,1.0412176,0.09094574,0.09094574,1.0,4.3770546e-10,4.8128195e-09,-28.324474,2.2907243,0.7635748,0.128,0.0,0.15529953,15.23996,15.269959,1632000
hardzero_plus_depr__c0p54__z1p05__lam0p030__nu0p50__psi1p00,hardzero_plus_depr,0.02,32,510,0.0,1,0.50594914,0.50594914,1.0131865,0.097009346,0.097009346,1.0,4.5308995e-10,4.6705804e-09,-26.26211,2.2290547,0.74301827,0.14400001,0.0,0.15443343,15.269959,15.299959,1635200
hardzero_plus_depr__c0p54__z1p05__lam0p030__nu0p50__psi1p00,hardzero_plus_depr,0.02,32,511,0.0,1,0.50594914,0.50594914,1.0304298,0.09323309,0.09323309,1.0,4.225832e-10,4.532545e-09,-27.48819,2.266991,0.75566363,0.192,0.0,0.15095927,15.299959,15.329959,1638400
hardzero_plus_depr__c0p54__z1p05__lam0p030__nu0p50__psi1p00,hardzero_plus_depr,0.02,32,512,0.0,1,0.50594914,0.50594914,1.0554637,0.0,0.08801087,0.0,0.0,4.398589e-09,-27.902422,2.3220665,0.7740222,0.128,0.0,0.17664579,15.329959,15.359959,1641600
hardzero_plus_depr__c0p54__z1p05__lam0p030__nu0p50__psi1p00,hardzero_plus_depr,0.02,32,513,0.0,1,0.50594914,0.50594914,0.9982354,0.10040713,0.10040713,1.0,4.2859713e-10,4.2685926e-09,-26.527012,2.1961617,0.73205394,0.17600001,0.0,0.1443588,15.359959,15.389958,1644800
hardzero_plus_depr__c0p54__z1p05__lam0p030__nu0p50__psi1p00,hardzero_plus_depr,0.02,32,514,0.0,1,0.50594914,0.50594914,1.0474174,0.08965667,0.08965667,1.0,3.7139722e-10,4.142438e-09,-27.860836,2.3043642,0.7681214,0.14400001,0.0,0.15410078,15.389958,15.419958,1648000
hardzero_plus_depr__c0p54__z1p05__lam0p030__nu0p50__psi1p00,hardzero_plus_depr,0.02,32,515,0.0,1,0.50594914,0.50594914,1.0258957,0.09421158,0.09421158,1.0,3.7873157e-10,4.020011e-09,-27.615576,2.2570157,0.7523386,0.192,0.0,0.19741927,15.419958,15.449958,1651200
hardzero_plus_depr__c0p54__z1p05__lam0p030__nu0p50__psi1p00,hardzero_plus_depr,0.02,32,516,0.0,1,0.50594914,0.50594914,1.045665,0.09001917,0.09001917,1.0,3.5118303e-10,3.901203e-09,-27.536541,2.300509,0.76683635,0.136,0.0,0.16221693,15.449958,15.479958,1654400
hardzero_plus_depr__c0p54__z1p05__lam0p030__nu0p50__psi1p00,hardzero_plus_depr,0.02,32,517,0.0,1,0.50594914,0.50594914,1.004105,0.09905924,0.09905924,1.0,3.7502898e-10,3.7859063e-09,-27.487709,2.209075,0.73635834,0.128,0.0,0.1620497,15.479958,15.509957,1657600
hardzero_plus_depr__c0p54__z1p05__lam0p030__nu0p50__psi1p00,hardzero_plus_depr,0.02,32,518,0.0,1,0.50594914,0.50594914,1.110754,0.0,0.07749005,0.0,0.0,3.6740166e-09,-28.13425,2.4437077,0.81456923,0.128,0.0,0.18803124,15.509957,15.539957,1660800
hardzero_plus_depr__c0p54__z1p05__lam0p030__nu0p50__psi1p00,hardzero_plus_depr,0.02,32,519,0.0,1,0.50594914,0.50594914,0.9953687,0.101072095,0.101072095,1.0,3.6036585e-10,3.5654337e-09,-26.642776,2.1898549,0.7299516,0.17600001,0.0,0.16632763,15.539957,15.569957,1664000
hardzero_plus_depr__c0p54__z1p05__lam0p030__nu0p50__psi1p00,hardzero_plus_depr,0.02,32,520,0.0,1,0.50594914,0.50594914,1.0186995,0.09578566,0.09578566,1.0,3.314242e-10,3.4600605e-09,-26.98763,2.2411838,0.74706125,0.17999999,0.0,0.15059373,15.569957,15.5999565,1667200
hardzero_plus_depr__c0p54__z1p05__lam0p030__nu0p50__psi1p00,hardzero_plus_depr,0.02,32,521,0.0,1,0.50594914,0.50594914,0.9711515,0.106868215,0.106868215,1.0,3.588422e-10,3.3578011e-09,-26.441868,2.136576,0.712192,0.15200001,0.0,0.13890259,15.5999565,15.629956,1670400
hardzero_plus_depr__c0p54__z1p05__lam0p030__nu0p50__psi1p00,hardzero_plus_depr,0.02,32,522,0.0,1,0.50594914,0.50594914,1.0543343,0.0,0.08824006,0.0,0.0,3.258564e-09,-27.861517,2.3195817,0.77319396,0.112,0.0,0.16173492,15.629956,15.659956,1673600
hardzero_plus_depr__c0p54__z1p05__lam0p030__nu0p50__psi1p00,hardzero_plus_depr,0.02,32,523,0.0,1,0.50594914,0.50594914,1.0974566,0.0,0.07989939,0.0,0.0,3.1622596e-09,-28.76971,2.4144526,0.80481756,0.08800001,0.0,0.16703328,15.659956,15.689956,1676800
hardzero_plus_depr__c0p54__z1p05__lam0p030__nu0p50__psi1p00,hardzero_plus_depr,0.02,32,524,0.0,1,0.50594914,0.50594914,1.0178555,0.09597198,0.09597198,1.0,2.9451896e-10,3.0688017e-09,-27.471481,2.239327,0.7464423,0.24000001,0.0,0.1582292,15.689956,15.719955,1680000
hardzero_plus_depr__c0p54__z1p05__lam0p030__nu0p50__psi1p00,hardzero_plus_depr,0.02,32,525,0.0,1,0.50594914,0.50594914,0.9874626,0.10292891,0.10292891,1.0,3.0653313e-10,2.9781053e-09,-25.77309,2.172461,0.7241537,0.216,0.0,0.16788872,15.719955,15.749955,1683200
hardzero_plus_depr__c0p54__z1p05__lam0p030__nu0p50__psi1p00,hardzero_plus_depr,0.02,32,526,0.0,1,0.50594914,0.50594914,1.0556637,0.0,0.08797033,0.0,0.0,2.89009e-09,-27.97472,2.3225064,0.77416885,0.136,0.0,0.18881086,15.749955,15.779955,1686400
hardzero_plus_depr__c0p54__z1p05__lam0p030__nu0p50__psi1p00,hardzero_plus_depr,0.02,32,527,0.0,1,0.50594914,0.50594914,0.952277,0.1116151,0.1116151,1.0,3.1304415e-10,2.8046756e-09,-26.47851,2.0950513,0.6983504,0.23200001,0.008,0.13230538,15.779955,15.809955,1689600
hardzero_plus_depr__c0p54__z1p05__lam0p030__nu0p50__psi1p00,hardzero_plus_depr,0.02,32,528,0.0,1,0.50594914,0.50594914,1.0742828,0.0,0.084278576,0.0,0.0,2.721786e-09,-28.566261,2.3634694,0.78782314,0.17600001,0.0,0.17179841,15.809955,15.839954,1692800
hardzero_plus_depr__c0p54__z1p05__lam0p030__nu0p50__psi1p00,hardzero_plus_depr,0.02,32,529,0.0,1,0.50594914,0.50594914,0.9990239,0.10022501,0.10022501,1.0,2.6472888e-10,2.6413456e-09,-25.284328,2.1978965,0.73263216,0.18400002,0.0,0.15748277,15.839954,15.869954,1696000
hardzero_plus_depr__c0p54__z1p05__lam0p030__nu0p50__psi1p00,hardzero_plus_depr,0.02,32,530,0.0,1,0.50594914,0.50594914,0.9914236,0.101994425,0.101994425,1.0,2.6144054e-10,2.5632825e-09,-27.691853,2.1811755,0.72705853,0.18400002,0.0,0.17574058,15.869954,15.899954,1699200
hardzero_plus_depr__c0p54__z1p05__lam0p030__nu0p50__psi1p00,hardzero_plus_depr,0.02,32,531,0.0,1,0.50594914,0.50594914,1.0145099,0.09671416,0.09671416,1.0,2.4057908e-10,2.4875269e-09,-26.822302,2.2319665,0.7439889,0.2,0.0,0.17852868,15.899954,15.929954,1702400
hardzero_plus_depr__c0p54__z1p05__lam0p030__nu0p50__psi1p00,hardzero_plus_depr,0.02,32,532,0.0,1,0.50594914,0.50594914,0.9632739,0.10882435,0.10882435,1.0,2.6270305e-10,2.4140099e-09,-26.177288,2.1192448,0.70641494,0.216,0.0,0.16504851,15.929954,15.959953,1705600
hardzero_plus_depr__c0p54__z1p05__lam0p030__nu0p50__psi1p00,hardzero_plus_depr,0.02,32,533,0.0,1,0.50594914,0.50594914,1.0490242,0.08932557,0.08932557,1.0,2.0925996e-10,2.3426658e-09,-27.248266,2.3078995,0.76929986,0.22,0.0,0.15711327,15.959953,15.989953,1708800
hardzero_plus_depr__c0p54__z1p05__lam0p030__nu0p50__psi1p00,hardzero_plus_depr,0.02,32,534,0.0,1,0.50594914,0.50594914,1.0711203,0.0,0.08489454,0.0,0.0,2.27343e-09,-27.670658,2.3565116,0.78550386,0.14400001,0.0,0.15680383,15.989953,16.019953,1712000
hardzero_plus_depr__c0p54__z1p05__lam0p030__nu0p50__psi1p00,hardzero_plus_depr,0.02,32,535,0.0,1,0.50594914,0.50594914,1.0592136,0.0,0.087254204,0.0,0.0,2.2062407e-09,-27.091158,2.3303165,0.7767722,0.16000001,0.0,0.14968477,16.019953,16.049953,1715200
hardzero_plus_depr__c0p54__z1p05__lam0p030__nu0p50__psi1p00,hardzero_plus_depr,0.02,32,536,0.0,1,0.50594914,0.50594914,0.993979,0.10139603,0.10139603,1.0,2.1709244e-10,2.141035e-09,-26.748825,2.1867974,0.7289325,0.14400001,0.0,0.14303909,16.049953,16.079954,1718400
hardzero_plus_depr__c0p54__z1p05__lam0p030__nu0p50__psi1p00,hardzero_plus_depr,0.02,32,537,0.0,1,0.50594914,0.50594914,0.9882971,0.10273133,0.10273133,1.0,2.1345069e-10,2.0777564e-09,-26.384869,2.174297,0.7247657,0.120000005,0.0,0.16362925,16.079954,16.109955,1721600
hardzero_plus_depr__c0p54__z1p05__lam0p030__nu0p50__psi1p00,hardzero_plus_depr,0.02,32,538,0.0,1,0.50594914,0.50594914,1.0344108,0.09238238,0.09238238,1.0,1.8627504e-10,2.0163482e-09,-27.530731,2.2757492,0.75858307,0.216,0.0,0.15820488,16.109955,16.139956,1724800
hardzero_plus_depr__c0p54__z1p05__lam0p030__nu0p50__psi1p00,hardzero_plus_depr,0.02,32,539,0.0,1,0.50594914,0.50594914,1.0301355,0.09329631,0.09329631,1.0,1.8255798e-10,1.9567545e-09,-27.13382,2.2663434,0.7554478,0.128,0.0,0.1467569,16.139956,16.169956,1728000
hardzero_plus_depr__c0p54__z1p05__lam0p030__nu0p50__psi1p00,hardzero_plus_depr,0.02,32,540,0.0,1,0.50594914,0.50594914,1.0239004,0.09464541,0.09464541,1.0,1.797243e-10,1.8989226e-09,-26.941208,2.252626,0.75087535,0.128,0.0,0.14665143,16.169956,16.199957,1731200
hardzero_plus_depr__c0p54__z1p05__lam0p030__nu0p50__psi1p00,hardzero_plus_depr,0.02,32,541,0.0,1,0.50594914,0.50594914,0.9591224,0.1098696,0.1098696,1.0,2.0246764e-10,1.8427995e-09,-25.21592,2.1101115,0.7033705,0.208,0.008,0.1612463,16.199957,16.229958,1734400
hardzero_plus_depr__c0p54__z1p05__lam0p030__nu0p50__psi1p00,hardzero_plus_depr,0.02,32,542,0.0,1,0.50594914,0.50594914,1.0309856,0.09311387,0.09311387,1.0,1.6651883e-10,1.7883354e-09,-27.202795,2.2682135,0.7560712,0.18400002,0.0,0.15881343,16.229958,16.259958,1737600
hardzero_plus_depr__c0p54__z1p05__lam0p030__nu0p50__psi1p00,hardzero_plus_depr,0.02,32,543,0.0,1,0.50594914,0.50594914,1.015065,0.09659065,0.09659065,1.0,1.6763124e-10,1.735481e-09,-26.704678,2.2331874,0.74439585,0.192,0.0,0.15084694,16.259958,16.289959,1740800
hardzero_plus_depr__c0p54__z1p05__lam0p030__nu0p50__psi1p00,hardzero_plus_depr,0.02,32,544,0.0,1,0.50594914,0.50594914,1.0215378,0.095161706,0.095161706,1.0,1.6027024e-10,1.6841885e-09,-26.627447,2.247428,0.74914265,0.128,0.0,0.15825571,16.289959,16.31996,1744000
hardzero_plus_depr__c0p54__z1p05__lam0p030__nu0p50__psi1p00,hardzero_plus_depr,0.02,32,545,0.0,1,0.50594914,0.50594914,1.0500159,0.0,0.089121826,0.0,0.0,1.6344119e-09,-27.871801,2.3100812,0.7700271,0.136,0.0,0.16255997,16.31996,16.34996,1747200
hardzero_plus_depr__c0p54__z1p05__lam0p030__nu0p50__psi1p00,hardzero_plus_depr,0.02,32,546,0.0,1,0.50594914,0.50594914,1.0733312,0.0,0.08446344,0.0,0.0,1.5861068e-09,-27.755209,2.3613758,0.7871253,0.13,0.0,0.1341983,16.34996,16.379961,1750400
hardzero_plus_depr__c0p54__z1p05__lam0p030__nu0p50__psi1p00,hardzero_plus_depr,0.02,32,547,0.0,1,0.50594914,0.50594914,1.0381256,0.09159554,0.09159554,1.0,1.4098654e-10,1.5392294e-09,-27.821531,2.283922,0.76130736,0.16800001,0.0,0.15824725,16.379961,16.409962,1753600
hardzero_plus_depr__c0p54__z1p05__lam0p030__nu0p50__psi1p00,hardzero_plus_depr,0.02,32,548,0.0,1,0.50594914,0.50594914,1.0678375,0.0,0.08553867,0.0,0.0,1.4937371e-09,-27.42118,2.3492894,0.7830965,0.192,0.0,0.18373324,16.409962,16.439962,1756800
hardzero_plus_depr__c0p54__z1p05__lam0p030__nu0p50__psi1p00,hardzero_plus_depr,0.02,32,549,0.0,1,0.50594914,0.50594914,1.043879,0.09039012,0.09039012,1.0,1.3102858e-10,1.4495896e-09,-26.984655,2.2965798,0.76552665,0.104,0.0,0.15594073,16.439962,16.469963,1760000
hardzero_plus_depr__c0p54__z1p05__lam0p030__nu0p50__psi1p00,hardzero_plus_depr,0.02,32,550,0.0,1,0.50594914,0.50594914,1.0751145,0.0,0.084117346,0.0,0.0,1.4067467e-09,-29.227169,2.3652992,0.7884331,0.14400001,0.0,0.17316765,16.469963,16.499964,1763200
hardzero_plus_depr__c0p54__z1p05__lam0p030__nu0p50__psi1p00,hardzero_plus_depr,0.02,32,551,0.0,1,0.50594914,0.50594914,1.0925294,0.0,0.08081102,0.0,0.0,1.3651701e-09,-28.880016,2.4036126,0.8012042,0.080000006,0.0,0.17005669,16.499964,16.529964,1766400
hardzero_plus_depr__c0p54__z1p05__lam0p030__nu0p50__psi1p00,hardzero_plus_depr,0.02,32,552,0.0,1,0.50594914,0.50594914,1.0833936,0.0,0.08252896,0.0,0.0,1.3248224e-09,-27.904978,2.3835135,0.7945045,0.112,0.0,0.19392097,16.529964,16.559965,1769600
hardzero_plus_depr__c0p54__z1p05__lam0p030__nu0p50__psi1p00,hardzero_plus_depr,0.02,32,553,0.0,1,0.50594914,0.50594914,1.0315694,0.09298879,0.09298879,1.0,1.195526e-10,1.2856669e-09,-27.44391,2.2694979,0.7564993,0.104,0.0,0.16366379,16.559965,16.589966,1772800
hardzero_plus_depr__c0p54__z1p05__lam0p030__nu0p50__psi1p00,hardzero_plus_depr,0.02,32,554,0.0,1,0.50594914,0.50594914,1.0244398,0.09452794,0.09452794,1.0,1.1793957e-10,1.247669e-09,-27.086952,2.2538126,0.7512709,0.16000001,0.0,0.15927817,16.589966,16.619967,1776000
hardzero_plus_depr__c0p54__z1p05__lam0p030__nu0p50__psi1p00,hardzero_plus_depr,0.02,32,555,0.0,1,0.50594914,0.50594914,1.014825,0.09664402,0.09664402,1.0,1.17016e-10,1.2107939e-09,-26.956507,2.2326596,0.7442199,0.16800001,0.0,0.14009398,16.619967,16.649967,1779200
hardzero_plus_depr__c0p54__z1p05__lam0p030__nu0p50__psi1p00,hardzero_plus_depr,0.02,32,556,0.0,1,0.50594914,0.50594914,0.9933123,0.101551816,0.101551816,1.0,1.1932427e-10,1.1750088e-09,-26.77408,2.1853306,0.72844356,0.16000001,0.0,0.14118588,16.649967,16.679968,1782400
hardzero_plus_depr__c0p54__z1p05__lam0p030__nu0p50__psi1p00,hardzero_plus_depr,0.02,32,557,0.0,1,0.50594914,0.50594914,1.0836773,0.0,0.082475066,0.0,0.0,1.1402813e-09,-27.733616,2.3841376,0.79471254,0.18400002,0.0,0.1806757,16.679968,16.709969,1785600
hardzero_plus_depr__c0p54__z1p05__lam0p030__nu0p50__psi1p00,hardzero_plus_depr,0.02,32,558,0.0,1,0.50594914,0.50594914,0.9883228,0.10272524,0.10272524,1.0,1.1367371e-10,1.1065802e-09,-27.05039,2.1743536,0.72478455,0.192,0.0,0.14698812,16.709969,16.73997,1788800
hardzero_plus_depr__c0p54__z1p05__lam0p030__nu0p50__psi1p00,hardzero_plus_depr,0.02,32,559,0.0,1,0.50594914,0.50594914,0.99978685,0.1000491,0.1000491,1.0,1.0744023e-10,1.073875e-09,-26.678213,2.199575,0.73319167,0.19,0.0,0.1372636,16.73997,16.76997,1792000
hardzero_plus_depr__c0p54__z1p05__lam0p030__nu0p50__psi1p00,hardzero_plus_depr,0.02,32,560,0.0,1,0.50594914,0.50594914,1.0222139,0.09501367,0.09501367,1.0,9.901721e-11,1.0421365e-09,-27.965513,2.2489154,0.7496385,0.15200001,0.0,0.19617553,16.76997,16.79997,1795200
hardzero_plus_depr__c0p54__z1p05__lam0p030__nu0p50__psi1p00,hardzero_plus_depr,0.02,32,561,0.0,1,0.50594914,0.50594914,1.0238023,0.09466681,0.09466681,1.0,9.573995e-11,1.011336e-09,-27.261919,2.25241,0.75080335,0.16800001,0.0,0.15620284,16.79997,16.829971,1798400
hardzero_plus_depr__c0p54__z1p05__lam0p030__nu0p50__psi1p00,hardzero_plus_depr,0.02,32,562,0.0,1,0.50594914,0.50594914,1.0706851,0.0,0.08497962,0.0,0.0,9.814458e-10,-27.679068,2.3555543,0.7851848,0.080000006,0.0,0.16143176,16.829971,16.859972,1801600
hardzero_plus_depr__c0p54__z1p05__lam0p030__nu0p50__psi1p00,hardzero_plus_depr,0.02,32,563,0.0,1,0.50594914,0.50594914,1.1045634,0.0,0.078602545,0.0,0.0,9.524391e-10,-28.610266,2.4300878,0.81002927,0.136,0.0,0.20398866,16.859972,16.889973,1804800
hardzero_plus_depr__c0p54__z1p05__lam0p030__nu0p50__psi1p00,hardzero_plus_depr,0.02,32,564,0.0,1,0.50594914,0.50594914,1.0100787,0.09770602,0.09770602,1.0,9.0308656e-11,9.242896e-10,-26.430723,2.2222173,0.7407391,0.17600001,0.0,0.18060504,16.889973,16.919973,1808000
hardzero_plus_depr__c0p54__z1p05__lam0p030__nu0p50__psi1p00,hardzero_plus_depr,0.02,32,565,0.0,1,0.50594914,0.50594914,0.9960434,0.1009152,0.1009152,1.0,9.0518114e-11,8.9697205e-10,-26.078495,2.1913393,0.73044646,0.120000005,0.0,0.14601408,16.919973,16.949974,1811200
hardzero_plus_depr__c0p54__z1p05__lam0p030__nu0p50__psi1p00,hardzero_plus_depr,0.02,32,566,0.0,1,0.50594914,0.50594914,1.0666679,0.0,0.08576933,0.0,0.0,8.704619e-10,-27.920517,2.3467162,0.7822387,0.080000006,0.0,0.16641411,16.949974,16.979975,1814400
hardzero_plus_depr__c0p54__z1p05__lam0p030__nu0p50__psi1p00,hardzero_plus_depr,0.02,32,567,0.0,1,0.50594914,0.50594914,0.99862975,0.10031602,0.10031602,1.0,8.4740485e-11,8.4473534e-10,-26.878311,2.1970294,0.73234314,0.2,0.0,0.15911567,16.979975,17.009975,1817600
hardzero_plus_depr__c0p54__z1p05__lam0p030__nu0p50__psi1p00,hardzero_plus_depr,0.02,32,568,0.0,1,0.50594914,0.50594914,1.0453093,0.09009291,0.09009291,1.0,7.385538e-11,8.1976903e-10,-28.029402,2.2997265,0.7665755,0.2,0.0,0.17130679,17.009975,17.039976,1820800
hardzero_plus_depr__c0p54__z1p05__lam0p030__nu0p50__psi1p00,hardzero_plus_depr,0.02,32,569,0.0,1,0.50594914,0.50594914,1.0559378,0.0,0.08791484,0.0,0.0,7.955407e-10,-27.956932,2.3231094,0.77436984,0.14400001,0.0,0.16935529,17.039976,17.069977,1824000
hardzero_plus_depr__c0p54__z1p05__lam0p030__nu0p50__psi1p00,hardzero_plus_depr,0.02,32,570,0.0,1,0.50594914,0.50594914,1.0522113,0.0,0.08867245,0.0,0.0,7.7202833e-10,-27.449434,2.3149111,0.7716371,0.208,0.0,0.16948494,17.069977,17.099977,1827200
hardzero_plus_depr__c0p54__z1p05__lam0p030__nu0p50__psi1p00,hardzero_plus_depr,0.02,32,571,0.0,1,0.50594914,0.50594914,1.0445058,0.09025975,0.09025975,1.0,6.7623594e-11,7.4921097e-10,-28.203209,2.2979589,0.7659863,0.104,0.0,0.15180245,17.099977,17.129978,1830400
hardzero_plus_depr__c0p54__z1p05__lam0p030__nu0p50__psi1p00,hardzero_plus_depr,0.02,32,572,0.0,1,0.50594914,0.50594914,1.1055341,0.0,0.078427054,0.0,0.0,7.2706796e-10,-28.871878,2.4322236,0.8107412,0.13,0.0,0.17775281,17.129978,17.159979,1833600
hardzero_plus_depr__c0p54__z1p05__lam0p030__nu0p50__psi1p00,hardzero_plus_depr,0.02,32,573,0.0,1,0.50594914,0.50594914,1.0078315,0.098212905,0.098212905,1.0,6.9297e-11,7.055794e-10,-27.439882,2.2172735,0.73909116,0.192,0.008,0.16312373,17.159979,17.18998,1836800
hardzero_plus_depr__c0p54__z1p05__lam0p030__nu0p50__psi1p00,hardzero_plus_depr,0.02,32,574,0.0,1,0.50594914,0.50594914,1.0095818,0.09781785,0.09781785,1.0,6.6978416e-11,6.847259e-10,-27.095165,2.2211244,0.7403748,0.16000001,0.0,0.16816281,17.18998,17.21998,1840000
hardzero_plus_depr__c0p54__z1p05__lam0p030__nu0p50__psi1p00,hardzero_plus_depr,0.02,32,575,0.0,1,0.50594914,0.50594914,1.0238284,0.094661124,0.094661124,1.0,6.290125e-11,6.644887e-10,-26.855307,2.2524674,0.7508225,0.208,0.0,0.16276579,17.21998,17.24998,1843200
hardzero_plus_depr__c0p54__z1p05__lam0p030__nu0p50__psi1p00,hardzero_plus_depr,0.02,32,576,0.0,1,0.50594914,0.50594914,1.0439168,0.09038226,0.09038226,1.0,5.828297e-11,6.448496e-10,-26.85305,2.2966628,0.7655543,0.128,0.0,0.15365565,17.24998,17.279982,1846400
hardzero_plus_depr__c0p54__z1p05__lam0p030__nu0p50__psi1p00,hardzero_plus_depr,0.02,32,577,0.0,1,0.50594914,0.50594914,1.054452,0.0,0.08821613,0.0,0.0,6.25791e-10,-28.212923,2.3198407,0.77328026,0.112,0.0,0.15199503,17.279982,17.309982,1849600
hardzero_plus_depr__c0p54__z1p05__lam0p030__nu0p50__psi1p00,hardzero_plus_depr,0.02,32,578,0.0,1,0.50594914,0.50594914,1.0257592,0.09424119,0.09424119,1.0,5.7232264e-11,6.0729566e-10,-27.98437,2.2567153,0.75223845,0.2,0.0,0.14800537,17.309982,17.339983,1852800
hardzero_plus_depr__c0p54__z1p05__lam0p030__nu0p50__psi1p00,hardzero_plus_depr,0.02,32,579,0.0,1,0.50594914,0.50594914,1.0140941,0.09680681,0.09680681,1.0,5.70528e-11,5.8934696e-10,-26.998657,2.2310517,0.74368393,0.15200001,0.0,0.16247526,17.339983,17.369984,1856000
hardzero_plus_depr__c0p54__z1p05__lam0p030__nu0p50__psi1p00,hardzero_plus_depr,0.02,32,580,0.0,1,0.50594914,0.50594914,1.0418149,0.09082074,0.09082074,1.0,5.1942988e-11,5.719287e-10,-27.23802,2.2920387,0.76401293,0.14400001,0.0,0.15170291,17.369984,17.399984,1859200
hardzero_plus_depr__c0p54__z1p05__lam0p030__nu0p50__psi1p00,hardzero_plus_depr,0.02,32,581,0.0,1,0.50594914,0.50594914,1.0312756,0.09305171,0.09305171,1.0,5.1646052e-11,5.550253e-10,-26.751842,2.2688518,0.75628394,0.120000005,0.0,0.15532649,17.399984,17.429985,1862400
hardzero_plus_depr__c0p54__z1p05__lam0p030__nu0p50__psi1p00,hardzero_plus_depr,0.02,32,582,0.0,1,0.50594914,0.50594914,0.9607026,0.10947057,0.10947057,1.0,5.8963195e-11,5.386214e-10,-26.986717,2.1135879,0.7045293,0.2,0.0,0.15605472,17.429985,17.459986,1865600
hardzero_plus_depr__c0p54__z1p05__lam0p030__nu0p50__psi1p00,hardzero_plus_depr,0.02,32,583,0.0,1,0.50594914,0.50594914,1.0001354,0.09996882,0.09996882,1.0,5.2253948e-11,5.2270244e-10,-26.47715,2.200342,0.7334473,0.18400002,0.0,0.16986144,17.459986,17.489986,1868800
hardzero_plus_depr__c0p54__z1p05__lam0p030__nu0p50__psi1p00,hardzero_plus_depr,0.02,32,584,0.0,1,0.50594914,0.50594914,0.9932709,0.101561494,0.101561494,1.0,5.1517464e-11,5.072539e-10,-26.614338,2.1852396,0.7284132,0.192,0.0,0.16340645,17.489986,17.519987,1872000
hardzero_plus_depr__c0p54__z1p05__lam0p030__nu0p50__psi1p00,hardzero_plus_depr,0.02,32,585,0.0,1,0.50594914,0.50594914,1.01929,0.0956555,0.0956555,1.0,4.7087563e-11,4.9226195e-10,-27.536648,2.2424827,0.7474942,0.19999999,0.0,0.13113773,17.519987,17.549988,1875200
hardzero_plus_depr__c0p54__z1p05__lam0p030__nu0p50__psi1p00,hardzero_plus_depr,0.02,32,586,0.0,1,0.50594914,0.50594914,1.0199116,0.09551867,0.09551867,1.0,4.563052e-11,4.777131e-10,-27.41367,2.2438505,0.7479502,0.128,0.0,0.15805459,17.549988,17.579988,1878400
hardzero_plus_depr__c0p54__z1p05__lam0p030__nu0p50__psi1p00,hardzero_plus_depr,0.02,32,587,0.0,1,0.50594914,0.50594914,1.0214834,0.09517362,0.09517362,1.0,4.412194e-11,4.635942e-10,-26.522455,2.2473085,0.74910283,0.16000001,0.0,0.16146058,17.579988,17.60999,1881600
hardzero_plus_depr__c0p54__z1p05__lam0p030__nu0p50__psi1p00,hardzero_plus_depr,0.02,32,588,0.0,1,0.50594914,0.50594914,0.9837298,0.103817426,0.103817426,1.0,4.6706694e-11,4.4989262e-10,-26.184052,2.1642487,0.72141623,0.136,0.0,0.13083598,17.60999,17.63999,1884800
hardzero_plus_depr__c0p54__z1p05__lam0p030__nu0p50__psi1p00,hardzero_plus_depr,0.02,32,589,0.0,1,0.50594914,0.50594914,1.0497198,0.089182615,0.089182615,1.0,3.893677e-11,4.3659598e-10,-27.465952,2.3094296,0.7698099,0.16800001,0.0,0.1669782,17.63999,17.66999,1888000
hardzero_plus_depr__c0p54__z1p05__lam0p030__nu0p50__psi1p00,hardzero_plus_depr,0.02,32,590,0.0,1,0.50594914,0.50594914,1.0181489,0.09590718,0.09590718,1.0,4.0635138e-11,4.2369233e-10,-27.63279,2.2399724,0.7466575,0.18400002,0.0,0.16690105,17.66999,17.699991,1891200
hardzero_plus_depr__c0p54__z1p05__lam0p030__nu0p50__psi1p00,hardzero_plus_depr,0.02,32,591,0.0,1,0.50594914,0.50594914,1.0304667,0.0932252,0.0932252,1.0,3.833141e-11,4.1117004e-10,-27.138271,2.267072,0.7556907,0.112,0.0,0.14951122,17.699991,17.729992,1894400
hardzero_plus_depr__c0p54__z1p05__lam0p030__nu0p50__psi1p00,hardzero_plus_depr,0.02,32,592,0.0,1,0.50594914,0.50594914,1.0594288,0.0,0.08721098,0.0,0.0,3.9901787e-10,-27.793034,2.3307898,0.77693,0.16000001,0.0,0.1707399,17.729992,17.759993,1897600
hardzero_plus_depr__c0p54__z1p05__lam0p030__nu0p50__psi1p00,hardzero_plus_depr,0.02,32,593,0.0,1,0.50594914,0.50594914,0.9610408,0.109385364,0.109385364,1.0,4.2356726e-11,3.872248e-10,-26.133154,2.114332,0.70477736,0.16800001,0.0,0.1492309,17.759993,17.789993,1900800
hardzero_plus_depr__c0p54__z1p05__lam0p030__nu0p50__psi1p00,hardzero_plus_depr,0.02,32,594,0.0,1,0.50594914,0.50594914,1.022644,0.09491962,0.09491962,1.0,3.566893e-11,3.7578035e-10,-28.021397,2.2498617,0.7499539,0.18400002,0.0,0.15852787,17.789993,17.819994,1904000
hardzero_plus_depr__c0p54__z1p05__lam0p030__nu0p50__psi1p00,hardzero_plus_depr,0.02,32,595,0.0,1,0.50594914,0.50594914,1.0041997,0.09903763,0.09903763,1.0,3.611646e-11,3.6467412e-10,-26.575012,2.2092836,0.7364279,0.16000001,0.0,0.1471803,17.819994,17.849995,1907200
hardzero_plus_depr__c0p54__z1p05__lam0p030__nu0p50__psi1p00,hardzero_plus_depr,0.02,32,596,0.0,1,0.50594914,0.50594914,1.0029709,0.099318236,0.099318236,1.0,3.514834e-11,3.5389613e-10,-26.850454,2.2065802,0.73552674,0.16800001,0.0,0.1646996,17.849995,17.879995,1910400
hardzero_plus_depr__c0p54__z1p05__lam0p030__nu0p50__psi1p00,hardzero_plus_depr,0.02,32,597,0.0,1,0.50594914,0.50594914,1.0335321,0.092569485,0.092569485,1.0,3.1791757e-11,3.4343667e-10,-28.033258,2.273816,0.75793874,0.16800001,0.0,0.16044933,17.879995,17.909996,1913600
hardzero_plus_depr__c0p54__z1p05__lam0p030__nu0p50__psi1p00,hardzero_plus_depr,0.02,32,598,0.0,1,0.50594914,0.50594914,1.0072367,0.0983475,0.0983475,1.0,3.2777878e-11,3.3328634e-10,-28.049189,2.215965,0.73865503,0.17999999,0.0,0.18571356,17.909996,17.939997,1916800
hardzero_plus_depr__c0p54__z1p05__lam0p030__nu0p50__psi1p00,hardzero_plus_depr,0.02,32,599,0.0,1,0.50594914,0.50594914,1.0133185,0.09697984,0.09697984,1.0,3.1366777e-11,3.2343606e-10,-26.588625,2.2293453,0.7431151,0.14400001,0.0,0.15724884,17.939997,17.969997,1920000
hardzero_plus_depr__c0p54__z1p05__lam0p030__nu0p50__psi1p00,hardzero_plus_depr,0.02,32,600,0.0,1,0.50594914,0.50594914,0.9979918,0.10046349,0.10046349,1.0,3.153316e-11,3.1387684e-10,-25.797031,2.1956258,0.7318753,0.136,0.0,0.15746033,17.969997,17.999998,1923200
hardzero_plus_depr__c0p54__z1p05__lam0p030__nu0p50__psi1p00,hardzero_plus_depr,0.02,32,601,0.0,1,0.50594914,0.50594914,1.0844879,0.0,0.08232128,0.0,0.0,3.0460018e-10,-28.90687,2.385921,0.79530704,0.14400001,0.0,0.1825071,17.999998,18.029999,1926400
hardzero_plus_depr__c0p54__z1p05__lam0p030__nu0p50__psi1p00,hardzero_plus_depr,0.02,32,602,0.0,1,0.50594914,0.50594914,1.0533234,0.0,0.08844566,0.0,0.0,2.9559766e-10,-28.11009,2.3173578,0.7724526,0.16800001,0.0,0.16222994,18.029999,18.06,1929600
hardzero_plus_depr__c0p54__z1p05__lam0p030__nu0p50__psi1p00,hardzero_plus_depr,0.02,32,603,0.0,1,0.50594914,0.50594914,0.99952406,0.10010966,0.10010966,1.0,2.8717582e-11,2.8686126e-10,-27.49611,2.1989968,0.73299897,0.120000005,0.0,0.17014095,18.06,18.09,1932800
hardzero_plus_depr__c0p54__z1p05__lam0p030__nu0p50__psi1p00,hardzero_plus_depr,0.02,32,604,0.0,1,0.50594914,0.50594914,1.0379361,0.09163553,0.09163553,1.0,2.5509778e-11,2.7838304e-10,-27.283283,2.283505,0.76116836,0.24000001,0.0,0.15108252,18.09,18.12,1936000
hardzero_plus_depr__c0p54__z1p05__lam0p030__nu0p50__psi1p00,hardzero_plus_depr,0.02,32,605,0.0,1,0.50594914,0.50594914,1.0412552,0.090937875,0.090937875,1.0,2.4567355e-11,2.7015537e-10,-27.60601,2.2908072,0.76360244,0.14400001,0.0,0.14617883,18.12,18.150002,1939200
hardzero_plus_depr__c0p54__z1p05__lam0p030__nu0p50__psi1p00,hardzero_plus_depr,0.02,32,606,0.0,1,0.50594914,0.50594914,1.0573285,0.0,0.087633766,0.0,0.0,2.621709e-10,-28.207655,2.326169,0.7753897,0.14400001,0.0,0.16626415,18.150002,18.180002,1942400
hardzero_plus_depr__c0p54__z1p05__lam0p030__nu0p50__psi1p00,hardzero_plus_depr,0.02,32,607,0.0,1,0.50594914,0.50594914,1.0611554,0.0,0.08686495,0.0,0.0,2.5442237e-10,-27.63201,2.3345885,0.7781962,0.17600001,0.0,0.1741817,18.180002,18.210003,1945600
hardzero_plus_depr__c0p54__z1p05__lam0p030__nu0p50__psi1p00,hardzero_plus_depr,0.02,32,608,0.0,1,0.50594914,0.50594914,1.0227412,0.094898365,0.094898365,1.0,2.3430683e-11,2.4690291e-10,-26.942846,2.2500756,0.7500252,0.216,0.0,0.15878002,18.210003,18.240004,1948800
hardzero_plus_depr__c0p54__z1p05__lam0p030__nu0p50__psi1p00,hardzero_plus_depr,0.02,32,609,0.0,1,0.50594914,0.50594914,1.0477798,0.089581884,0.089581884,1.0,2.1464327e-11,2.3960567e-10,-27.641403,2.3051617,0.76838726,0.136,0.0,0.14560911,18.240004,18.270004,1952000
hardzero_plus_depr__c0p54__z1p05__lam0p030__nu0p50__psi1p00,hardzero_plus_depr,0.02,32,610,0.0,1,0.50594914,0.50594914,1.0374277,0.091742866,0.091742866,1.0,2.1332424e-11,2.3252407e-10,-28.006557,2.2823865,0.76079553,0.16000001,0.0,0.13935393,18.270004,18.300005,1955200
hardzero_plus_depr__c0p54__z1p05__lam0p030__nu0p50__psi1p00,hardzero_plus_depr,0.02,32,611,0.0,1,0.50594914,0.50594914,1.0387079,0.09147284,0.09147284,1.0,2.0641013e-11,2.2565182e-10,-27.473495,2.285203,0.76173437,0.099999994,0.0,0.18090029,18.300005,18.330006,1958400
hardzero_plus_depr__c0p54__z1p05__lam0p030__nu0p50__psi1p00,hardzero_plus_depr,0.02,32,612,0.0,1,0.50594914,0.50594914,1.0609901,0.0,0.086898014,0.0,0.0,2.1898264e-10,-28.342106,2.3342247,0.7780749,0.120000005,0.0,0.14014171,18.330006,18.360006,1961600
hardzero_plus_depr__c0p54__z1p05__lam0p030__nu0p50__psi1p00,hardzero_plus_depr,0.02,32,613,0.0,1,0.50594914,0.50594914,1.0643392,0.0,0.08623049,0.0,0.0,2.1251058e-10,-27.724852,2.341593,0.78053105,0.128,0.0,0.19062836,18.360006,18.390007,1964800
hardzero_plus_depr__c0p54__z1p05__lam0p030__nu0p50__psi1p00,hardzero_plus_depr,0.02,32,614,0.0,1,0.50594914,0.50594914,1.0113943,0.09741049,0.09741049,1.0,2.0088946e-11,2.062298e-10,-27.059956,2.2251117,0.7417039,0.14400001,0.0,0.16105784,18.390007,18.420008,1968000
hardzero_plus_depr__c0p54__z1p05__lam0p030__nu0p50__psi1p00,hardzero_plus_depr,0.02,32,615,0.0,1,0.50594914,0.50594914,1.0076978,0.09824311,0.09824311,1.0,1.966185e-11,2.0013464e-10,-27.260252,2.2169795,0.73899317,0.17600001,0.0,0.14070639,18.420008,18.450008,1971200
hardzero_plus_depr__c0p54__z1p05__lam0p030__nu0p50__psi1p00,hardzero_plus_depr,0.02,32,616,0.0,1,0.50594914,0.50594914,1.0789046,0.0,0.083386414,0.0,0.0,1.9421964e-10,-27.988216,2.3736377,0.79121256,0.14400001,0.0,0.1793481,18.450008,18.48001,1974400
hardzero_plus_depr__c0p54__z1p05__lam0p030__nu0p50__psi1p00,hardzero_plus_depr,0.02,32,617,0.0,1,0.50594914,0.50594914,1.0644077,0.0,0.086216874,0.0,0.0,1.8847945e-10,-27.798983,2.3417437,0.78058124,0.17600001,0.0,0.16907498,18.48001,18.51001,1977600
hardzero_plus_depr__c0p54__z1p05__lam0p030__nu0p50__psi1p00,hardzero_plus_depr,0.02,32,618,0.0,1,0.50594914,0.50594914,1.0242114,0.094577655,0.094577655,1.0,1.7299098e-11,1.8290892e-10,-27.440996,2.25331,0.75110334,0.16800001,0.0,0.18998046,18.51001,18.54001,1980800
hardzero_plus_depr__c0p54__z1p05__lam0p030__nu0p50__psi1p00,hardzero_plus_depr,0.02,32,619,0.0,1,0.50594914,0.50594914,1.0142888,0.096763425,0.096763425,1.0,1.71758e-11,1.7750303e-10,-27.271667,2.23148,0.7438266,0.16000001,0.0,0.16998194,18.54001,18.570011,1984000
hardzero_plus_depr__c0p54__z1p05__lam0p030__nu0p50__psi1p00,hardzero_plus_depr,0.02,32,620,0.0,1,0.50594914,0.50594914,1.0390109,0.091409035,0.091409035,1.0,1.5745837e-11,1.722569e-10,-26.734467,2.2858696,0.7619566,0.224,0.0,0.16719608,18.570011,18.600012,1987200
hardzero_plus_depr__c0p54__z1p05__lam0p030__nu0p50__psi1p00,hardzero_plus_depr,0.02,32,621,0.0,1,0.50594914,0.50594914,1.0399861,0.09120399,0.09120399,1.0,1.5246191e-11,1.6716584e-10,-27.261505,2.2880151,0.7626717,0.192,0.0,0.13985518,18.600012,18.630013,1990400
hardzero_plus_depr__c0p54__z1p05__lam0p030__nu0p50__psi1p00,hardzero_plus_depr,0.02,32,622,0.0,1,0.50594914,0.50594914,1.0292817,0.09347991,0.09347991,1.0,1.5164798e-11,1.6222522e-10,-26.961348,2.264465,0.7548217,0.128,0.0,0.18226667,18.630013,18.660013,1993600
hardzero_plus_depr__c0p54__z1p05__lam0p030__nu0p50__psi1p00,hardzero_plus_depr,0.02,32,623,0.0,1,0.50594914,0.50594914,1.0524542,0.0,0.08862287,0.0,0.0,1.5743064e-10,-27.942635,2.3154454,0.7718152,0.15200001,0.0,0.16613078,18.660013,18.690014,1996800
hardzero_plus_depr__c0p54__z1p05__lam0p030__nu0p50__psi1p00,hardzero_plus_depr,0.02,32,624,0.0,1,0.50594914,0.50594914,1.1062016,0.0,0.07830659,0.0,0.0,1.5277773e-10,-29.626144,2.4336922,0.8112308,0.14999999,0.0,0.16940331,18.690014,18.720015,2000000
hardzero_plus_depr__c0p54__z1p05__lam0p030__nu0p50__psi1p00,hardzero_plus_depr,0.02,32,625,0.0,1,0.50594914,0.50594914,0.9702584,0.10708819,0.10708819,1.0,1.587715e-11,1.4826237e-10,-27.508245,2.1346111,0.71153706,0.17600001,0.0,0.16371872,18.720015,18.750015,2003200
hardzero_plus_depr__c0p54__z1p05__lam0p030__nu0p50__psi1p00,hardzero_plus_depr,0.02,32,626,0.0,1,0.50594914,0.50594914,1.0181843,0.09589936,0.09589936,1.0,1.3798044e-11,1.4388046e-10,-26.832575,2.24005,0.74668336,0.15200001,0.0,0.16524756,18.750015,18.780016,2006400
hardzero_plus_depr__c0p54__z1p05__lam0p030__nu0p50__psi1p00,hardzero_plus_depr,0.02,32,627,0.0,1,0.50594914,0.50594914,1.0408069,0.091031805,0.091031805,1.0,1.2710593e-11,1.3962805e-10,-27.006292,2.289821,0.76327366,0.18400002,0.0,0.16116703,18.780016,18.810017,2009600
hardzero_plus_depr__c0p54__z1p05__lam0p030__nu0p50__psi1p00,hardzero_plus_depr,0.02,32,628,0.0,1,0.50594914,0.50594914,1.0593541,0.0,0.087225996,0.0,0.0,1.3550133e-10,-29.056108,2.3306255,0.7768752,0.17600001,0.0,0.17256568,18.810017,18.840017,2012800
hardzero_plus_depr__c0p54__z1p05__lam0p030__nu0p50__psi1p00,hardzero_plus_depr,0.02,32,629,0.0,1,0.50594914,0.50594914,1.0505997,0.0,0.0890021,0.0,0.0,1.3149658e-10,-27.94104,2.3113654,0.7704551,0.216,0.0,0.16961454,18.840017,18.870018,2016000
hardzero_plus_depr__c0p54__z1p05__lam0p030__nu0p50__psi1p00,hardzero_plus_depr,0.02,32,630,0.0,1,0.50594914,0.50594914,0.95342976,0.11131923,0.11131923,1.0,1.4205466e-11,1.2761017e-10,-26.503435,2.0975873,0.6991958,0.16800001,0.0,0.14697836,18.870018,18.900019,2019200
hardzero_plus_depr__c0p54__z1p05__lam0p030__nu0p50__psi1p00,hardzero_plus_depr,0.02,32,631,0.0,1,0.50594914,0.50594914,1.0206599,0.09535426,0.09535426,1.0,1.1808543e-11,1.2383865e-10,-27.864418,2.2454967,0.7484989,0.14400001,0.0,0.17712726,18.900019,18.93002,2022400
hardzero_plus_depr__c0p54__z1p05__lam0p030__nu0p50__psi1p00,hardzero_plus_depr,0.02,32,632,0.0,1,0.50594914,0.50594914,1.0440328,0.09035811,0.09035811,1.0,1.0859108e-11,1.2017856e-10,-27.643517,2.2969182,0.7656394,0.14400001,0.0,0.14268062,18.93002,18.96002,2025600
hardzero_plus_depr__c0p54__z1p05__lam0p030__nu0p50__psi1p00,hardzero_plus_depr,0.02,32,633,0.0,1,0.50594914,0.50594914,1.0588714,0.0,0.08732298,0.0,0.0,1.1662667e-10,-28.049608,2.3295636,0.7765212,0.120000005,0.0,0.147929,18.96002,18.99002,2028800
hardzero_plus_depr__c0p54__z1p05__lam0p030__nu0p50__psi1p00,hardzero_plus_depr,0.02,32,634,0.0,1,0.50594914,0.50594914,0.9738455,0.10620735,0.10620735,1.0,1.2020523e-11,1.13179764e-10,-25.795183,2.1425028,0.7141676,0.15200001,0.0,0.12568927,18.99002,19.020021,2032000
hardzero_plus_depr__c0p54__z1p05__lam0p030__nu0p50__psi1p00,hardzero_plus_depr,0.02,32,635,0.0,1,0.50594914,0.50594914,0.97927976,0.10488666,0.10488666,1.0,1.1520196e-11,1.0983472e-10,-27.151512,2.1544585,0.7181529,0.14400001,0.0,0.14944458,19.020021,19.050022,2035200
hardzero_plus_depr__c0p54__z1p05__lam0p030__nu0p50__psi1p00,hardzero_plus_depr,0.02,32,636,0.0,1,0.50594914,0.50594914,0.99490565,0.10117993,0.10117993,1.0,1.0784621e-11,1.0658854e-10,-26.355995,2.188836,0.72961205,0.15200001,0.0,0.15690857,19.050022,19.080023,2038400
hardzero_plus_depr__c0p54__z1p05__lam0p030__nu0p50__psi1p00,hardzero_plus_depr,0.02,32,637,0.0,1,0.50594914,0.50594914,1.0396675,0.09127094,0.09127094,1.0,9.44091e-12,1.0343829e-10,-27.699514,2.2873142,0.76243806,0.19999999,0.0,0.16089569,19.080023,19.110023,2041600
hardzero_plus_depr__c0p54__z1p05__lam0p030__nu0p50__psi1p00,hardzero_plus_depr,0.02,32,638,0.0,1,0.50594914,0.50594914,1.0490916,0.08931171,0.08931171,1.0,8.965214e-12,1.0038117e-10,-27.316898,2.3080475,0.7693492,0.15200001,0.0,0.16298692,19.110023,19.140024,2044800
hardzero_plus_depr__c0p54__z1p05__lam0p030__nu0p50__psi1p00,hardzero_plus_depr,0.02,32,639,0.0,1,0.50594914,0.50594914,0.99863344,0.10031516,0.10031516,1.0,9.7721406e-12,9.7414396e-11,-26.103039,2.1970375,0.7323458,0.15200001,0.0,0.13561879,19.140024,19.170025,2048000
hardzero_plus_depr__c0p54__z1p05__lam0p030__nu0p50__psi1p00,hardzero_plus_depr,0.02,32,640,0.0,1,0.50594914,0.50594914,1.1071318,0.0,0.078139044,0.0,0.0,9.4535296e-11,-27.40474,2.4357386,0.8119129,0.096,0.0,0.1839335,19.170025,19.200026,2051200
hardzero_plus_depr__c0p54__z1p05__lam0p030__nu0p50__psi1p00,hardzero_plus_depr,0.02,32,641,0.0,1,0.50594914,0.50594914,1.0343606,0.092393056,0.092393056,1.0,8.476258e-12,9.174129e-11,-27.941013,2.2756388,0.7585463,0.136,0.0,0.15895925,19.200026,19.230026,2054400
hardzero_plus_depr__c0p54__z1p05__lam0p030__nu0p50__psi1p00,hardzero_plus_depr,0.02,32,642,0.0,1,0.50594914,0.50594914,1.0569631,0.0,0.08770753,0.0,0.0,8.902986e-11,-26.988258,2.3253653,0.7751218,0.096,0.0,0.16045769,19.230026,19.260027,2057600
hardzero_plus_depr__c0p54__z1p05__lam0p030__nu0p50__psi1p00,hardzero_plus_depr,0.02,32,643,0.0,1,0.50594914,0.50594914,1.0745388,0.0,0.0842289,0.0,0.0,8.6398576e-11,-27.363085,2.3640325,0.78801084,0.08800001,0.0,0.17235525,19.260027,19.290028,2060800
hardzero_plus_depr__c0p54__z1p05__lam0p030__nu0p50__psi1p00,hardzero_plus_depr,0.02,32,644,0.0,1,0.50594914,0.50594914,1.024058,0.09461108,0.09461108,1.0,7.932671e-12,8.3845056e-11,-27.331808,2.2529726,0.75099087,0.18400002,0.0,0.14010367,19.290028,19.320028,2064000
hardzero_plus_depr__c0p54__z1p05__lam0p030__nu0p50__psi1p00,hardzero_plus_depr,0.02,32,645,0.0,1,0.50594914,0.50594914,1.0338826,0.09249479,0.09249479,1.0,7.526024e-12,8.1367e-11,-27.294605,2.2745872,0.75819576,0.136,0.0,0.16454242,19.320028,19.350029,2067200
hardzero_plus_depr__c0p54__z1p05__lam0p030__nu0p50__psi1p00,hardzero_plus_depr,0.02,32,646,0.0,1,0.50594914,0.50594914,0.99493337,0.10117346,0.10117346,1.0,7.988878e-12,7.8962184e-11,-27.61322,2.1888971,0.7296324,0.192,0.0,0.15358126,19.350029,19.38003,2070400
hardzero_plus_depr__c0p54__z1p05__lam0p030__nu0p50__psi1p00,hardzero_plus_depr,0.02,32,647,0.0,1,0.50594914,0.50594914,1.0222664,0.09500219,0.09500219,1.0,7.279871e-12,7.6628454e-11,-27.78523,2.249031,0.74967706,0.16800001,0.0,0.16687077,19.38003,19.41003,2073600
hardzero_plus_depr__c0p54__z1p05__lam0p030__nu0p50__psi1p00,hardzero_plus_depr,0.02,32,648,0.0,1,0.50594914,0.50594914,1.0536295,0.0,0.088383354,0.0,0.0,7.436369e-11,-27.255173,2.3180313,0.7726771,0.16800001,0.0,0.1515959,19.41003,19.440031,2076800
hardzero_plus_depr__c0p54__z1p05__lam0p030__nu0p50__psi1p00,hardzero_plus_depr,0.02,32,649,0.0,1,0.50594914,0.50594914,1.0308837,0.093135715,0.093135715,1.0,6.7212186e-12,7.216586e-11,-27.275414,2.2679894,0.75599647,0.120000005,0.0,0.17677897,19.440031,19.470032,2080000
hardzero_plus_depr__c0p54__z1p05__lam0p030__nu0p50__psi1p00,hardzero_plus_depr,0.02,32,650,0.0,1,0.50594914,0.50594914,0.9876868,0.10287579,0.10287579,1.0,7.204699e-12,7.0032986e-11,-25.951586,2.1729543,0.72431815,0.17999999,0.0,0.14134069,19.470032,19.500032,2083200
hardzero_plus_depr__c0p54__z1p05__lam0p030__nu0p50__psi1p00,hardzero_plus_depr,0.02,32,651,0.0,1,0.50594914,0.50594914,0.9728449,0.1064523,0.1064523,1.0,7.2348343e-12,6.7963156e-11,-24.997278,2.1403015,0.71343386,0.192,0.0,0.14460067,19.500032,19.530033,2086400
hardzero_plus_depr__c0p54__z1p05__lam0p030__nu0p50__psi1p00,hardzero_plus_depr,0.02,32,652,0.0,1,0.50594914,0.50594914,1.0645199,0.0,0.08619462,0.0,0.0,6.595449e-11,-27.386286,2.3419905,0.7806635,0.15200001,0.0,0.17053357,19.530033,19.560034,2089600
hardzero_plus_depr__c0p54__z1p05__lam0p030__nu0p50__psi1p00,hardzero_plus_depr,0.02,32,653,0.0,1,0.50594914,0.50594914,0.97043884,0.107043706,0.107043706,1.0,6.8513537e-12,6.40052e-11,-25.895508,2.135008,0.7116694,0.128,0.0,0.13846534,19.560034,19.590034,2092800
hardzero_plus_depr__c0p54__z1p05__lam0p030__nu0p50__psi1p00,hardzero_plus_depr,0.02,32,654,0.0,1,0.50594914,0.50594914,1.0204736,0.09539516,0.09539516,1.0,5.925329e-12,6.2113516e-11,-27.16373,2.2450867,0.74836224,0.14400001,0.0,0.1647176,19.590034,19.620035,2096000
hardzero_plus_depr__c0p54__z1p05__lam0p030__nu0p50__psi1p00,hardzero_plus_depr,0.02,32,655,0.0,1,0.50594914,0.50594914,1.0036905,0.09915383,0.09915383,1.0,5.976769e-12,6.027774e-11,-26.768099,2.208163,0.73605436,0.17600001,0.0,0.13154507,19.620035,19.650036,2099200
hardzero_plus_depr__c0p54__z1p05__lam0p030__nu0p50__psi1p00,hardzero_plus_depr,0.02,32,656,0.0,1,0.50594914,0.50594914,1.0110399,0.09749001,0.09749001,1.0,5.702798e-12,5.849623e-11,-27.41446,2.224332,0.74144405,0.128,0.0,0.15946218,19.650036,19.680037,2102400
hardzero_plus_depr__c0p54__z1p05__lam0p030__nu0p50__psi1p00,hardzero_plus_depr,0.02,32,657,0.0,1,0.50594914,0.50594914,1.0609468,0.0,0.08690667,0.0,0.0,5.676736e-11,-28.71281,2.3341296,0.7780432,0.15200001,0.0,0.19001463,19.680037,19.710037,2105600
hardzero_plus_depr__c0p54__z1p05__lam0p030__nu0p50__psi1p00,hardzero_plus_depr,0.02,32,658,0.0,1,0.50594914,0.50594914,1.0410318,0.09098466,0.09098466,1.0,5.012308e-12,5.5089593e-11,-27.215668,2.2903159,0.76343864,0.120000005,0.0,0.19310829,19.710037,19.740038,2108800
hardzero_plus_depr__c0p54__z1p05__lam0p030__nu0p50__psi1p00,hardzero_plus_depr,0.02,32,659,0.0,1,0.50594914,0.50594914,0.99838096,0.10037349,0.10037349,1.0,5.3661095e-12,5.346142e-11,-27.223648,2.196482,0.7321607,0.17600001,0.0,0.14900799,19.740038,19.770039,2112000
hardzero_plus_depr__c0p54__z1p05__lam0p030__nu0p50__psi1p00,hardzero_plus_depr,0.02,32,660,0.0,1,0.50594914,0.50594914,1.0516943,0.0,0.08877807,0.0,0.0,5.1881357e-11,-27.321224,2.3137736,0.7712579,0.128,0.0,0.16565676,19.770039,19.80004,2115200
hardzero_plus_depr__c0p54__z1p05__lam0p030__nu0p50__psi1p00,hardzero_plus_depr,0.02,32,661,0.0,1,0.50594914,0.50594914,1.0071613,0.09836456,0.09836456,1.0,4.9524586e-12,5.0347997e-11,-27.100792,2.215799,0.7385997,0.16000001,0.0,0.15172231,19.80004,19.83004,2118400
hardzero_plus_depr__c0p54__z1p05__lam0p030__nu0p50__psi1p00,hardzero_plus_depr,0.02,32,662,0.0,1,0.50594914,0.50594914,0.9914535,0.10198739,0.10198739,1.0,4.983099e-12,4.885995e-11,-26.279484,2.1812413,0.72708046,0.15200001,0.0,0.14453815,19.83004,19.86004,2121600
hardzero_plus_depr__c0p54__z1p05__lam0p030__nu0p50__psi1p00,hardzero_plus_depr,0.02,32,663,0.0,1,0.50594914,0.50594914,1.0318186,0.09293544,0.09293544,1.0,4.406617e-12,4.741589e-11,-27.817822,2.2700462,0.7566821,0.14999999,0.0,0.1445317,19.86004,19.890041,2124800
hardzero_plus_depr__c0p54__z1p05__lam0p030__nu0p50__psi1p00,hardzero_plus_depr,0.02,32,664,0.0,1,0.50594914,0.50594914,1.0278001,0.09379937,0.09379937,1.0,4.3161317e-12,4.6014508e-11,-26.943151,2.2612054,0.7537352,0.16000001,0.0,0.17645857,19.890041,19.920042,2128000
hardzero_plus_depr__c0p54__z1p05__lam0p030__nu0p50__psi1p00,hardzero_plus_depr,0.02,32,665,0.0,1,0.50594914,0.50594914,1.0092458,0.09789359,0.09789359,1.0,4.371394e-12,4.4654547e-11,-25.230074,2.220385,0.7401284,0.17600001,0.0,0.16181754,19.920042,19.950043,2131200
hardzero_plus_depr__c0p54__z1p05__lam0p030__nu0p50__psi1p00,hardzero_plus_depr,0.02,32,666,0.0,1,0.50594914,0.50594914,1.0245394,0.09450627,0.09450627,1.0,4.0954076e-12,4.333477e-11,-27.200644,2.2540317,0.7513439,0.14400001,0.0,0.13950506,19.950043,19.980043,2134400
hardzero_plus_depr__c0p54__z1p05__lam0p030__nu0p50__psi1p00,hardzero_plus_depr,0.02,32,667,0.0,1,0.50594914,0.50594914,1.03658,0.09192212,0.09192212,1.0,3.865694e-12,4.205401e-11,-27.053963,2.2805214,0.7601738,0.17600001,0.0,0.15606186,19.980043,20.010044,2137600
hardzero_plus_depr__c0p54__z1p05__lam0p030__nu0p50__psi1p00,hardzero_plus_depr,0.02,32,668,0.0,1,0.50594914,0.50594914,1.0381935,0.09158123,0.09158123,1.0,3.7375303e-12,4.0811094e-11,-26.448254,2.2840712,0.76135707,0.14400001,0.0,0.15497413,20.010044,20.040045,2140800
hardzero_plus_depr__c0p54__z1p05__lam0p030__nu0p50__psi1p00,hardzero_plus_depr,0.02,32,669,0.0,1,0.50594914,0.50594914,1.0153257,0.09653267,0.09653267,1.0,3.8231688e-12,3.960492e-11,-27.10386,2.233761,0.74458706,0.14400001,0.0,0.15613222,20.040045,20.070045,2144000
hardzero_plus_depr__c0p54__z1p05__lam0p030__nu0p50__psi1p00,hardzero_plus_depr,0.02,32,670,0.0,1,0.50594914,0.50594914,1.1064411,0.0,0.078263424,0.0,0.0,3.843439e-11,-28.223007,2.4342191,0.8114064,0.08800001,0.0,0.1753464,20.070045,20.100046,2147200
hardzero_plus_depr__c0p54__z1p05__lam0p030__nu0p50__psi1p00,hardzero_plus_depr,0.02,32,671,0.0,1,0.50594914,0.50594914,1.0562469,0.0,0.08785229,0.0,0.0,3.7298456e-11,-27.99041,2.3237896,0.7745966,0.104,0.0,0.1824446,20.100046,20.130047,2150400
hardzero_plus_depr__c0p54__z1p05__lam0p030__nu0p50__psi1p00,hardzero_plus_depr,0.02,32,672,0.0,1,0.50594914,0.50594914,1.051321,0.0,0.08885441,0.0,0.0,3.6196095e-11,-27.34856,2.3129525,0.7709842,0.16000001,0.0,0.1630762,20.130047,20.160048,2153600
hardzero_plus_depr__c0p54__z1p05__lam0p030__nu0p50__psi1p00,hardzero_plus_depr,0.02,32,673,0.0,1,0.50594914,0.50594914,1.0350926,0.09223748,0.09223748,1.0,3.2399628e-12,3.5126315e-11,-27.25309,2.277249,0.75908303,0.16000001,0.0,0.13763443,20.160048,20.190048,2156800
hardzero_plus_depr__c0p54__z1p05__lam0p030__nu0p50__psi1p00,hardzero_plus_depr,0.02,32,674,0.0,1,0.50594914,0.50594914,1.074108,0.0,0.084312506,0.0,0.0,3.4088152e-11,-28.565079,2.3630848,0.78769493,0.120000005,0.0,0.18388937,20.190048,20.220049,2160000
hardzero_plus_depr__c0p54__z1p05__lam0p030__nu0p50__psi1p00,hardzero_plus_depr,0.02,32,675,0.0,1,0.50594914,0.50594914,0.98674613,0.10309885,0.10309885,1.0,3.4105793e-12,3.3080674e-11,-26.185236,2.1708848,0.7236283,0.192,0.0,0.15877558,20.220049,20.25005,2163200
hardzero_plus_depr__c0p54__z1p05__lam0p030__nu0p50__psi1p00,hardzero_plus_depr,0.02,32,676,0.0,1,0.50594914,0.50594914,1.0450156,0.09015387,0.09015387,1.0,2.8942068e-12,3.2102966e-11,-27.630863,2.2990801,0.76636004,0.17999999,0.0,0.15480413,20.25005,20.28005,2166400
hardzero_plus_depr__c0p54__z1p05__lam0p030__nu0p50__psi1p00,hardzero_plus_depr,0.02,32,677,0.0,1,0.50594914,0.50594914,1.0756755,0.0,0.08400875,0.0,0.0,3.115416e-11,-28.230766,2.3665333,0.78884447,0.18400002,0.0,0.17343067,20.28005,20.310051,2169600
hardzero_plus_depr__c0p54__z1p05__lam0p030__nu0p50__psi1p00,hardzero_plus_depr,0.02,32,678,0.0,1,0.50594914,0.50594914,1.042967,0.09058014,0.09058014,1.0,2.7385453e-12,3.0233396e-11,-28.01135,2.294573,0.7648577,0.136,0.0,0.1699757,20.310051,20.340052,2172800
hardzero_plus_depr__c0p54__z1p05__lam0p030__nu0p50__psi1p00,hardzero_plus_depr,0.02,32,679,0.0,1,0.50594914,0.50594914,1.0553465,0.0,0.08803462,0.0,0.0,2.9339843e-11,-27.939487,2.3218086,0.7739362,0.16800001,0.0,0.21059522,20.340052,20.370052,2176000
hardzero_plus_depr__c0p54__z1p05__lam0p030__nu0p50__psi1p00,hardzero_plus_depr,0.02,32,680,0.0,1,0.50594914,0.50594914,1.0219785,0.09506518,0.09506518,1.0,2.7067623e-12,2.8472702e-11,-26.563238,2.2483976,0.7494659,0.136,0.0,0.14677206,20.370052,20.400053,2179200
hardzero_plus_depr__c0p54__z1p05__lam0p030__nu0p50__psi1p00,hardzero_plus_depr,0.02,32,681,0.0,1,0.50594914,0.50594914,1.0339849,0.09247304,0.09247304,1.0,2.5551397e-12,2.7631186e-11,-26.965248,2.2748122,0.75827074,0.15200001,0.0,0.17989565,20.400053,20.430054,2182400
hardzero_plus_depr__c0p54__z1p05__lam0p030__nu0p50__psi1p00,hardzero_plus_depr,0.02,32,682,0.0,1,0.50594914,0.50594914,1.0116984,0.0973423,0.0973423,1.0,2.6101892e-12,2.6814544e-11,-26.873913,2.225781,0.741927,0.15200001,0.0,0.16220611,20.430054,20.460054,2185600
hardzero_plus_depr__c0p54__z1p05__lam0p030__nu0p50__psi1p00,hardzero_plus_depr,0.02,32,683,0.0,1,0.50594914,0.50594914,1.0468887,0.089765884,0.089765884,1.0,2.335891e-12,2.6022035e-11,-28.176626,2.3032012,0.76773375,0.136,0.0,0.17370379,20.460054,20.490055,2188800
hardzero_plus_depr__c0p54__z1p05__lam0p030__nu0p50__psi1p00,hardzero_plus_depr,0.02,32,684,0.0,1,0.50594914,0.50594914,1.0935189,0.0,0.08062712,0.0,0.0,2.525295e-11,-29.240963,2.4057896,0.8019299,0.16800001,0.0,0.15648147,20.490055,20.520056,2192000
hardzero_plus_depr__c0p54__z1p05__lam0p030__nu0p50__psi1p00,hardzero_plus_depr,0.02,32,685,0.0,1,0.50594914,0.50594914,0.9981526,0.100426294,0.100426294,1.0,2.4611066e-12,2.4506596e-11,-26.689512,2.1959796,0.7319932,0.216,0.0,0.14861697,20.520056,20.550056,2195200
hardzero_plus_depr__c0p54__z1p05__lam0p030__nu0p50__psi1p00,hardzero_plus_depr,0.02,32,686,0.0,1,0.50594914,0.50594914,1.0164505,0.09628296,0.09628296,1.0,2.2898302e-12,2.37823e-11,-27.152164,2.2362359,0.745412,0.16800001,0.0,0.15712081,20.550056,20.580057,2198400
hardzero_plus_depr__c0p54__z1p05__lam0p030__nu0p50__psi1p00,hardzero_plus_depr,0.02,32,687,0.0,1,0.50594914,0.50594914,0.9944899,0.10127683,0.10127683,1.0,2.3374096e-12,2.3079412e-11,-26.180285,2.1879215,0.7293072,0.18400002,0.0,0.15325435,20.580057,20.610058,2201600
hardzero_plus_depr__c0p54__z1p05__lam0p030__nu0p50__psi1p00,hardzero_plus_depr,0.02,32,688,0.0,1,0.50594914,0.50594914,0.9964277,0.100825936,0.100825936,1.0,2.2582285e-12,2.2397298e-11,-27.328497,2.1921847,0.73072827,0.18400002,0.0,0.14349335,20.610058,20.640059,2204800
hardzero_plus_depr__c0p54__z1p05__lam0p030__nu0p50__psi1p00,hardzero_plus_depr,0.02,32,689,0.0,1,0.50594914,0.50594914,1.0173529,0.09608311,0.09608311,1.0,2.0883993e-12,2.1735343e-11,-26.842394,2.2382212,0.7460737,0.12,0.0,0.15778454,20.640059,20.67006,2208000
hardzero_plus_depr__c0p54__z1p05__lam0p030__nu0p50__psi1p00,hardzero_plus_depr,0.02,32,690,0.0,1,0.50594914,0.50594914,1.0423763,0.090703435,0.090703435,1.0,1.913203e-12,2.1092952e-11,-27.194302,2.2932737,0.76442456,0.128,0.0,0.18817398,20.67006,20.70006,2211200
hardzero_plus_depr__c0p54__z1p05__lam0p030__nu0p50__psi1p00,hardzero_plus_depr,0.02,32,691,0.0,1,0.50594914,0.50594914,1.0162638,0.09632436,0.09632436,1.0,1.971716e-12,2.0469546e-11,-26.60387,2.235825,0.745275,0.136,0.0,0.16049086,20.70006,20.73006,2214400
hardzero_plus_depr__c0p54__z1p05__lam0p030__nu0p50__psi1p00,hardzero_plus_depr,0.02,32,692,0.0,1,0.50594914,0.50594914,1.0444413,0.090273164,0.090273164,1.0,1.7932371e-12,1.9864565e-11,-27.455282,2.2978168,0.76593894,0.136,0.0,0.14055756,20.73006,20.760061,2217600
hardzero_plus_depr__c0p54__z1p05__lam0p030__nu0p50__psi1p00,hardzero_plus_depr,0.02,32,693,0.0,1,0.50594914,0.50594914,1.041574,0.09087114,0.09087114,1.0,1.7517651e-12,1.9277463e-11,-27.18797,2.2915087,0.76383626,0.192,0.0,0.15396221,20.760061,20.790062,2220800
hardzero_plus_depr__c0p54__z1p05__lam0p030__nu0p50__psi1p00,hardzero_plus_depr,0.02,32,694,0.0,1,0.50594914,0.50594914,1.0237862,0.0946703,0.0946703,1.0,1.7710653e-12,1.8707718e-11,-27.838398,2.2523746,0.75079155,0.2,0.0,0.16013409,20.790062,20.820063,2224000
hardzero_plus_depr__c0p54__z1p05__lam0p030__nu0p50__psi1p00,hardzero_plus_depr,0.02,32,695,0.0,1,0.50594914,0.50594914,0.99825656,0.10040226,0.10040226,1.0,1.8227837e-12,1.8154808e-11,-27.627335,2.1962082,0.73206943,0.216,0.0,0.19166878,20.820063,20.850063,2227200
hardzero_plus_depr__c0p54__z1p05__lam0p030__nu0p50__psi1p00,hardzero_plus_depr,0.02,32,696,0.0,1,0.50594914,0.50594914,1.0615023,0.0,0.08679558,0.0,0.0,1.761824e-11,-28.595274,2.3353517,0.7784506,0.14400001,0.0,0.15267782,20.850063,20.880064,2230400
hardzero_plus_depr__c0p54__z1p05__lam0p030__nu0p50__psi1p00,hardzero_plus_depr,0.02,32,697,0.0,1,0.50594914,0.50594914,1.0900536,0.0,0.08127302,0.0,0.0,1.709753e-11,-27.819765,2.3981657,0.7993886,0.14400001,0.0,0.17423186,20.880064,20.910065,2233600
hardzero_plus_depr__c0p54__z1p05__lam0p030__nu0p50__psi1p00,hardzero_plus_depr,0.02,32,698,0.0,1,0.50594914,0.50594914,1.0566341,0.0,0.08777401,0.0,0.0,1.6592212e-11,-28.605639,2.3246415,0.7748805,0.17600001,0.0,0.1758011,20.910065,20.940065,2236800
hardzero_plus_depr__c0p54__z1p05__lam0p030__nu0p50__psi1p00,hardzero_plus_depr,0.02,32,699,0.0,1,0.50594914,0.50594914,1.0823871,0.0,0.08272046,0.0,0.0,1.6101826e-11,-28.262907,2.381299,0.7937664,0.16000001,0.0,0.17304696,20.940065,20.970066,2240000
hardzero_plus_depr__c0p54__z1p05__lam0p030__nu0p50__psi1p00,hardzero_plus_depr,0.02,32,700,0.0,1,0.50594914,0.50594914,0.99323153,0.1015707,0.1015707,1.0,1.5871372e-12,1.5625935e-11,-26.255074,2.185153,0.7283844,0.192,0.0,0.16177681,20.970066,21.000067,2243200
hardzero_plus_depr__c0p54__z1p05__lam0p030__nu0p50__psi1p00,hardzero_plus_depr,0.02,32,701,0.0,1,0.50594914,0.50594914,0.98550636,0.1033936,0.1033936,1.0,1.5678717e-12,1.5164108e-11,-26.27166,2.1681573,0.72271913,0.120000005,0.0,0.14761725,21.000067,21.030067,2246400
hardzero_plus_depr__c0p54__z1p05__lam0p030__nu0p50__psi1p00,hardzero_plus_depr,0.02,32,702,0.0,1,0.50594914,0.50594914,1.0233175,0.09477254,0.09477254,1.0,1.3946662e-12,1.4715932e-11,-26.837719,2.2513433,0.75044775,0.08,0.0,0.14874023,21.030067,21.060068,2249600
hardzero_plus_depr__c0p54__z1p05__lam0p030__nu0p50__psi1p00,hardzero_plus_depr,0.02,32,703,0.0,1,0.50594914,0.50594914,1.0585934,0.0,0.0873789,0.0,0.0,1.4281001e-11,-27.950897,2.3289518,0.7763173,0.112,0.0,0.18823537,21.060068,21.090069,2252800
hardzero_plus_depr__c0p54__z1p05__lam0p030__nu0p50__psi1p00,hardzero_plus_depr,0.02,32,704,0.0,1,0.50594914,0.50594914,1.0648985,0.0,0.086119495,0.0,0.0,1.3858923e-11,-28.76018,2.3428235,0.7809412,0.16000001,0.0,0.15595116,21.090069,21.12007,2256000
hardzero_plus_depr__c0p54__z1p05__lam0p030__nu0p50__psi1p00,hardzero_plus_depr,0.02,32,705,0.0,1,0.50594914,0.50594914,1.0410401,0.09098294,0.09098294,1.0,1.2236587e-12,1.3449321e-11,-27.244926,2.290334,0.76344466,0.18400002,0.008,0.16250378,21.12007,21.15007,2259200
hardzero_plus_depr__c0p54__z1p05__lam0p030__nu0p50__psi1p00,hardzero_plus_depr,0.02,32,706,0.0,1,0.50594914,0.50594914,1.074576,0.0,0.0842217,0.0,0.0,1.30518235e-11,-28.620228,2.3641145,0.7880382,0.112,0.0,0.16560756,21.15007,21.18007,2262400
hardzero_plus_depr__c0p54__z1p05__lam0p030__nu0p50__psi1p00,hardzero_plus_depr,0.02,32,707,0.0,1,0.50594914,0.50594914,1.0470719,0.089728005,0.089728005,1.0,1.1365017e-12,1.2666076e-11,-27.444176,2.3036044,0.76786816,0.104,0.0,0.15915762,21.18007,21.210072,2265600
hardzero_plus_depr__c0p54__z1p05__lam0p030__nu0p50__psi1p00,hardzero_plus_depr,0.02,32,708,0.0,1,0.50594914,0.50594914,1.0692722,0.0,0.085256554,0.0,0.0,1.22917275e-11,-27.290155,2.3524458,0.78414863,0.192,0.0,0.175408,21.210072,21.240072,2268800
hardzero_plus_depr__c0p54__z1p05__lam0p030__nu0p50__psi1p00,hardzero_plus_depr,0.02,32,709,0.0,1,0.50594914,0.50594914,1.0092598,0.09789041,0.09789041,1.0,1.1676803e-12,1.1928444e-11,-26.516455,2.2204158,0.74013865,0.2,0.0,0.17130601,21.240072,21.270073,2272000
hardzero_plus_depr__c0p54__z1p05__lam0p030__nu0p50__psi1p00,hardzero_plus_depr,0.02,32,710,0.0,1,0.50594914,0.50594914,0.99751604,0.10057358,0.10057358,1.0,1.1642294e-12,1.1575897e-11,-26.930397,2.1945791,0.7315264,0.136,0.0,0.15584181,21.270073,21.300074,2275200
hardzero_plus_depr__c0p54__z1p05__lam0p030__nu0p50__psi1p00,hardzero_plus_depr,0.02,32,711,0.0,1,0.50594914,0.50594914,1.027707,0.09381948,0.09381948,1.0,1.0539464e-12,1.123377e-11,-26.95139,2.2610006,0.7536669,0.16000001,0.0,0.15814395,21.300074,21.330074,2278400
hardzero_plus_depr__c0p54__z1p05__lam0p030__nu0p50__psi1p00,hardzero_plus_depr,0.02,32,712,0.0,1,0.50594914,0.50594914,1.039754,0.09125275,0.09125275,1.0,9.948151e-13,1.0901755e-11,-27.116959,2.2875047,0.7625016,0.112,0.0,0.15555036,21.330074,21.360075,2281600
hardzero_plus_depr__c0p54__z1p05__lam0p030__nu0p50__psi1p00,hardzero_plus_depr,0.02,32,713,0.0,1,0.50594914,0.50594914,1.0514284,0.0,0.08883242,0.0,0.0,1.0579551e-11,-27.360422,2.3131888,0.77106297,0.18400002,0.0,0.16638815,21.360075,21.390076,2284800
hardzero_plus_depr__c0p54__z1p05__lam0p030__nu0p50__psi1p00,hardzero_plus_depr,0.02,32,714,0.0,1,0.50594914,0.50594914,1.0828316,0.0,0.082635835,0.0,0.0,1.0266872e-11,-27.867292,2.382277,0.79409236,0.08800001,0.0,0.15227069,21.390076,21.420076,2288000
hardzero_plus_depr__c0p54__z1p05__lam0p030__nu0p50__psi1p00,hardzero_plus_depr,0.02,32,715,0.0,1,0.50594914,0.50594914,1.0148338,0.09664206,0.09664206,1.0,9.628867e-13,9.963433e-12,-28.051653,2.232679,0.74422634,0.14999999,0.0,0.16835107,21.420076,21.450077,2291200
hardzero_plus_depr__c0p54__z1p05__lam0p030__nu0p50__psi1p00,hardzero_plus_depr,0.02,32,716,0.0,1,0.50594914,0.50594914,1.0318047,0.09293843,0.09293843,1.0,8.9861815e-13,9.668962e-12,-27.232302,2.2700157,0.7566719,0.14400001,0.0,0.15325662,21.450077,21.480078,2294400
hardzero_plus_depr__c0p54__z1p05__lam0p030__nu0p50__psi1p00,hardzero_plus_depr,0.02,32,717,0.0,1,0.50594914,0.50594914,1.0748508,0.0,0.08416842,0.0,0.0,9.3831965e-12,-28.523796,2.364719,0.78823966,0.16800001,0.0,0.1695142,21.480078,21.510078,2297600
hardzero_plus_depr__c0p54__z1p05__lam0p030__nu0p50__psi1p00,hardzero_plus_depr,0.02,32,718,0.0,1,0.50594914,0.50594914,1.0581149,0.0,0.08747522,0.0,0.0,9.105874e-12,-27.493048,2.3278992,0.7759664,0.16800001,0.0,0.18041728,21.510078,21.54008,2300800
hardzero_plus_depr__c0p54__z1p05__lam0p030__nu0p50__psi1p00,hardzero_plus_depr,0.02,32,719,0.0,1,0.50594914,0.50594914,1.0438273,0.09040088,0.09040088,1.0,7.988498e-13,8.836748e-12,-27.872236,2.2964659,0.7654886,0.120000005,0.0,0.20620362,21.54008,21.57008,2304000
hardzero_plus_depr__c0p54__z1p05__lam0p030__nu0p50__psi1p00,hardzero_plus_depr,0.02,32,720,0.0,1,0.50594914,0.50594914,1.0036647,0.09915971,0.09915971,1.0,8.5035174e-13,8.575577e-12,-27.43125,2.2081065,0.7360355,0.136,0.0,0.14503597,21.57008,21.60008,2307200
hardzero_plus_depr__c0p54__z1p05__lam0p030__nu0p50__psi1p00,hardzero_plus_depr,0.02,32,721,0.0,1,0.50594914,0.50594914,1.0453883,0.09007653,0.09007653,1.0,7.496281e-13,8.322125e-12,-26.753925,2.2999003,0.76663345,0.16800001,0.0,0.16159436,21.60008,21.630081,2310400
hardzero_plus_depr__c0p54__z1p05__lam0p030__nu0p50__psi1p00,hardzero_plus_depr,0.02,32,722,0.0,1,0.50594914,0.50594914,1.0880315,0.0,0.0816523,0.0,0.0,8.076164e-12,-28.10788,2.393717,0.7979057,0.128,0.0,0.1791374,21.630081,21.660082,2313600
hardzero_plus_depr__c0p54__z1p05__lam0p030__nu0p50__psi1p00,hardzero_plus_depr,0.02,32,723,0.0,1,0.50594914,0.50594914,1.0469813,0.08974673,0.08974673,1.0,7.033875e-13,7.837472e-12,-27.335222,2.303405,0.7678017,0.112,0.0,0.19549976,21.660082,21.690083,2316800
hardzero_plus_depr__c0p54__z1p05__lam0p030__nu0p50__psi1p00,hardzero_plus_depr,0.02,32,724,0.0,1,0.50594914,0.50594914,1.0649232,0.0,0.08611461,0.0,0.0,7.6058335e-12,-28.45501,2.3428779,0.7809593,0.17600001,0.0,0.1933945,21.690083,21.720083,2320000
hardzero_plus_depr__c0p54__z1p05__lam0p030__nu0p50__psi1p00,hardzero_plus_depr,0.02,32,725,0.0,1,0.50594914,0.50594914,1.0419533,0.09079182,0.09079182,1.0,6.7013826e-13,7.381042e-12,-26.81218,2.2923431,0.7641144,0.120000005,0.0,0.12576474,21.720083,21.750084,2323200
hardzero_plus_depr__c0p54__z1p05__lam0p030__nu0p50__psi1p00,hardzero_plus_depr,0.02,32,726,0.0,1,0.50594914,0.50594914,0.9826704,0.10407097,0.10407097,1.0,7.454494e-13,7.1628944e-12,-26.554075,2.1619182,0.7206394,0.28,0.0,0.146355,21.750084,21.780085,2326400
hardzero_plus_depr__c0p54__z1p05__lam0p030__nu0p50__psi1p00,hardzero_plus_depr,0.02,32,727,0.0,1,0.50594914,0.50594914,0.98212796,0.10420105,0.10420105,1.0,7.2432175e-13,6.9511944e-12,-25.922293,2.1607246,0.72024155,0.15200001,0.0,0.15620738,21.780085,21.810085,2329600
hardzero_plus_depr__c0p54__z1p05__lam0p030__nu0p50__psi1p00,hardzero_plus_depr,0.02,32,728,0.0,1,0.50594914,0.50594914,1.042892,0.09059578,0.09059578,1.0,6.111366e-13,6.745751e-12,-27.822151,2.294408,0.7648027,0.16,0.0,0.18914805,21.810085,21.840086,2332800
hardzero_plus_depr__c0p54__z1p05__lam0p030__nu0p50__psi1p00,hardzero_plus_depr,0.02,32,729,0.0,1,0.50594914,0.50594914,1.0771741,0.0,0.083719365,0.0,0.0,6.5463793e-12,-27.85278,2.3698304,0.78994346,0.08800001,0.0,0.16058798,21.840086,21.870087,2336000
hardzero_plus_depr__c0p54__z1p05__lam0p030__nu0p50__psi1p00,hardzero_plus_depr,0.02,32,730,0.0,1,0.50594914,0.50594914,1.0079869,0.09817776,0.09817776,1.0,6.2371354e-13,6.3529004e-12,-26.90741,2.2176154,0.7392051,0.17600001,0.0,0.14174722,21.870087,21.900087,2339200
hardzero_plus_depr__c0p54__z1p05__lam0p030__nu0p50__psi1p00,hardzero_plus_depr,0.02,32,731,0.0,1,0.50594914,0.50594914,1.0644635,0.0,0.086205795,0.0,0.0,6.1651396e-12,-28.288849,2.3418665,0.7806222,0.18400002,0.0,0.1709308,21.900087,21.930088,2342400
hardzero_plus_depr__c0p54__z1p05__lam0p030__nu0p50__psi1p00,hardzero_plus_depr,0.02,32,732,0.0,1,0.50594914,0.50594914,1.0023665,0.09945657,0.09945657,1.0,5.950415e-13,5.9829277e-12,-27.071821,2.2052505,0.7350835,0.24800001,0.0,0.15773189,21.930088,21.960089,2345600
hardzero_plus_depr__c0p54__z1p05__lam0p030__nu0p50__psi1p00,hardzero_plus_depr,0.02,32,733,0.0,1,0.50594914,0.50594914,1.0403697,0.09112346,0.09112346,1.0,5.29072e-13,5.806101e-12,-27.14311,2.2888591,0.76295304,0.136,0.0,0.16016978,21.960089,21.99009,2348800
hardzero_plus_depr__c0p54__z1p05__lam0p030__nu0p50__psi1p00,hardzero_plus_depr,0.02,32,734,0.0,1,0.50594914,0.50594914,0.9716467,0.10674641,0.10674641,1.0,6.0146284e-13,5.6345015e-12,-25.918142,2.1376655,0.71255517,0.23200001,0.0,0.14026037,21.99009,22.02009,2352000
hardzero_plus_depr__c0p54__z1p05__lam0p030__nu0p50__psi1p00,hardzero_plus_depr,0.02,32,735,0.0,1,0.50594914,0.50594914,1.0674751,0.0,0.08561008,0.0,0.0,5.4679733e-12,-28.21915,2.3484921,0.7828307,0.17600001,0.0,0.14671974,22.02009,22.05009,2355200
hardzero_plus_depr__c0p54__z1p05__lam0p030__nu0p50__psi1p00,hardzero_plus_depr,0.02,32,736,0.0,1,0.50594914,0.50594914,1.0128418,0.09708635,0.09708635,1.0,5.1517574e-13,5.3063665e-12,-26.955713,2.2282965,0.74276555,0.136,0.0,0.15736865,22.05009,22.080091,2358400
hardzero_plus_depr__c0p54__z1p05__lam0p030__nu0p50__psi1p00,hardzero_plus_depr,0.02,32,737,0.0,1,0.50594914,0.50594914,1.0261614,0.09415396,0.09415396,1.0,4.8484925e-13,5.149536e-12,-27.865786,2.2576003,0.75253344,0.15200001,0.0,0.1665257,22.080091,22.110092,2361600
hardzero_plus_depr__c0p54__z1p05__lam0p030__nu0p50__psi1p00,hardzero_plus_depr,0.02,32,738,0.0,1,0.50594914,0.50594914,1.0307876,0.09315633,0.09315633,1.0,4.655339e-13,4.9973406e-12,-27.632973,2.267778,0.755926,0.16800001,0.0,0.16569354,22.110092,22.140093,2364800
hardzero_plus_depr__c0p54__z1p05__lam0p030__nu0p50__psi1p00,hardzero_plus_depr,0.02,32,739,0.0,1,0.50594914,0.50594914,1.0650347,0.0,0.08609248,0.0,0.0,4.849644e-12,-28.093422,2.3431232,0.7810411,0.112,0.0,0.18686219,22.140093,22.170094,2368000
hardzero_plus_depr__c0p54__z1p05__lam0p030__nu0p50__psi1p00,hardzero_plus_depr,0.02,32,740,0.0,1,0.50594914,0.50594914,1.0056882,0.09869879,0.09869879,1.0,4.645073e-13,4.7063117e-12,-26.046833,2.2125583,0.73751944,0.23200001,0.0,0.15560326,22.170094,22.200094,2371200
hardzero_plus_depr__c0p54__z1p05__lam0p030__nu0p50__psi1p00,hardzero_plus_depr,0.02,32,741,0.0,1,0.50594914,0.50594914,1.0607175,0.0,0.086952575,0.0,0.0,4.567216e-12,-27.934544,2.333625,0.77787507,0.089999996,0.0,0.1320389,22.200094,22.230095,2374400
hardzero_plus_depr__c0p54__z1p05__lam0p030__nu0p50__psi1p00,hardzero_plus_depr,0.02,32,742,0.0,1,0.50594914,0.50594914,1.0266138,0.09405591,0.09405591,1.0,4.1687758e-13,4.4322315e-12,-26.856236,2.2585955,0.7528652,0.136,0.0,0.14525975,22.230095,22.260096,2377600
hardzero_plus_depr__c0p54__z1p05__lam0p030__nu0p50__psi1p00,hardzero_plus_depr,0.02,32,743,0.0,1,0.50594914,0.50594914,1.0104465,0.09762329,0.09762329,1.0,4.1990085e-13,4.3012365e-12,-26.358067,2.2230268,0.74100894,0.16000001,0.0,0.13330354,22.260096,22.290096,2380800
hardzero_plus_depr__c0p54__z1p05__lam0p030__nu0p50__psi1p00,hardzero_plus_depr,0.02,32,744,0.0,1,0.50594914,0.50594914,1.0266773,0.09404219,0.09404219,1.0,3.9254266e-13,4.1741124e-12,-27.402716,2.258735,0.7529117,0.2,0.0,0.1873667,22.290096,22.320097,2384000
hardzero_plus_depr__c0p54__z1p05__lam0p030__nu0p50__psi1p00,hardzero_plus_depr,0.02,32,745,0.0,1,0.50594914,0.50594914,1.0435318,0.09046242,0.09046242,1.0,3.664403e-13,4.0507463e-12,-27.426634,2.2958157,0.7652719,0.224,0.0,0.15802178,22.320097,22.350098,2387200
hardzero_plus_depr__c0p54__z1p05__lam0p030__nu0p50__psi1p00,hardzero_plus_depr,0.02,32,746,0.0,1,0.50594914,0.50594914,1.0027443,0.099370085,0.099370085,1.0,3.9062636e-13,3.9310256e-12,-27.026367,2.2060816,0.73536056,0.120000005,0.0,0.14231518,22.350098,22.380098,2390400
hardzero_plus_depr__c0p54__z1p05__lam0p030__nu0p50__psi1p00,hardzero_plus_depr,0.02,32,747,0.0,1,0.50594914,0.50594914,1.0349495,0.09226785,0.09226785,1.0,3.5198743e-13,3.814844e-12,-28.270569,2.2769344,0.7589781,0.16000001,0.0,0.16364093,22.380098,22.410099,2393600
hardzero_plus_depr__c0p54__z1p05__lam0p030__nu0p50__psi1p00,hardzero_plus_depr,0.02,32,748,0.0,1,0.50594914,0.50594914,1.0554358,0.0,0.08801653,0.0,0.0,3.702096e-12,-27.392593,2.322005,0.7740017,0.136,0.0,0.16795842,22.410099,22.4401,2396800
hardzero_plus_depr__c0p54__z1p05__lam0p030__nu0p50__psi1p00,hardzero_plus_depr,0.02,32,749,0.0,1,0.50594914,0.50594914,1.0371904,0.09179299,0.09179299,1.0,3.2978283e-13,3.5926798e-12,-26.731504,2.2818644,0.7606215,0.17600001,0.0,0.1511835,22.4401,22.4701,2400000
hardzero_plus_depr__c0p54__z1p05__lam0p030__nu0p50__psi1p00,hardzero_plus_depr,0.02,32,750,0.0,1,0.50594914,0.50594914,1.0258229,0.094227366,0.094227366,1.0,3.285235e-13,3.4864978e-12,-26.939676,2.2568555,0.7522852,0.18400002,0.0,0.1406988,22.4701,22.500101,2403200
hardzero_plus_depr__c0p54__z1p05__lam0p030__nu0p50__psi1p00,hardzero_plus_depr,0.02,32,751,0.0,1,0.50594914,0.50594914,1.00998,0.09772822,0.09772822,1.0,3.3065892e-13,3.3834537e-12,-27.3145,2.2220004,0.7406668,0.23200001,0.0,0.14940715,22.500101,22.530102,2406400
hardzero_plus_depr__c0p54__z1p05__lam0p030__nu0p50__psi1p00,hardzero_plus_depr,0.02,32,752,0.0,1,0.50594914,0.50594914,1.0675647,0.0,0.085592404,0.0,0.0,3.2834553e-12,-27.940458,2.3486893,0.78289646,0.16800001,0.0,0.19506018,22.530102,22.560102,2409600
hardzero_plus_depr__c0p54__z1p05__lam0p030__nu0p50__psi1p00,hardzero_plus_depr,0.02,32,753,0.0,1,0.50594914,0.50594914,1.0014374,0.099669576,0.099669576,1.0,3.1758838e-13,3.1864125e-12,-27.351002,2.2032063,0.7344021,0.14400001,0.0,0.16465153,22.560102,22.590103,2412800
hardzero_plus_depr__c0p54__z1p05__lam0p030__nu0p50__psi1p00,hardzero_plus_depr,0.02,32,754,0.0,1,0.50594914,0.50594914,1.0367671,0.09188252,0.09188252,1.0,2.8412255e-13,3.0922374e-12,-26.479763,2.2809331,0.76031107,0.11,0.0,0.13260633,22.590103,22.620104,2416000
hardzero_plus_depr__c0p54__z1p05__lam0p030__nu0p50__psi1p00,hardzero_plus_depr,0.02,32,755,0.0,1,0.50594914,0.50594914,1.0252411,0.09435369,0.09435369,1.0,2.831409e-13,3.0008459e-12,-26.749313,2.2555754,0.7518585,0.15200001,0.0,0.16649708,22.620104,22.650105,2419200
hardzero_plus_depr__c0p54__z1p05__lam0p030__nu0p50__psi1p00,hardzero_plus_depr,0.02,32,756,0.0,1,0.50594914,0.50594914,1.0496879,0.089189164,0.089189164,1.0,2.5973275e-13,2.9121558e-12,-27.046177,2.3093593,0.7697865,0.17600001,0.0,0.17470226,22.650105,22.680105,2422400
hardzero_plus_depr__c0p54__z1p05__lam0p030__nu0p50__psi1p00,hardzero_plus_depr,0.02,32,757,0.0,1,0.50594914,0.50594914,1.0179833,0.09594376,0.09594376,1.0,2.7114536e-13,2.8260866e-12,-27.209047,2.239608,0.746536,0.16000001,0.0,0.16876264,22.680105,22.710106,2425600
hardzero_plus_depr__c0p54__z1p05__lam0p030__nu0p50__psi1p00,hardzero_plus_depr,0.02,32,758,0.0,1,0.50594914,0.50594914,1.0121844,0.09723342,0.09723342,1.0,2.666686e-13,2.7425612e-12,-27.837912,2.22685,0.74228334,0.16000001,0.0,0.16778418,22.710106,22.740107,2428800
hardzero_plus_depr__c0p54__z1p05__lam0p030__nu0p50__psi1p00,hardzero_plus_depr,0.02,32,759,0.0,1,0.50594914,0.50594914,0.9862835,0.10320876,0.10320876,1.0,2.7469056e-13,2.6615043e-12,-26.434032,2.169867,0.723289,0.104,0.0,0.14333351,22.740107,22.770107,2432000
hardzero_plus_depr__c0p54__z1p05__lam0p030__nu0p50__psi1p00,hardzero_plus_depr,0.02,32,760,0.0,1,0.50594914,0.50594914,1.0674325,0.0,0.085618466,0.0,0.0,2.582843e-12,-28.030449,2.3483984,0.7827995,0.120000005,0.0,0.15726066,22.770107,22.800108,2435200
hardzero_plus_depr__c0p54__z1p05__lam0p030__nu0p50__psi1p00,hardzero_plus_depr,0.02,32,761,0.0,1,0.50594914,0.50594914,1.0471911,0.08970339,0.08970339,1.0,2.2484217e-13,2.506507e-12,-27.122467,2.3038664,0.7679555,0.14400001,0.008,0.17776375,22.800108,22.830109,2438400
hardzero_plus_depr__c0p54__z1p05__lam0p030__nu0p50__psi1p00,hardzero_plus_depr,0.02,32,762,0.0,1,0.50594914,0.50594914,1.0314088,0.09302318,0.09302318,1.0,2.262721e-13,2.432427e-12,-27.628553,2.2691445,0.7563815,0.18400002,0.0,0.13881265,22.830109,22.86011,2441600
hardzero_plus_depr__c0p54__z1p05__lam0p030__nu0p50__psi1p00,hardzero_plus_depr,0.02,32,763,0.0,1,0.50594914,0.50594914,1.0867878,0.0,0.081886485,0.0,0.0,2.3605358e-12,-28.43528,2.390981,0.7969937,0.192,0.0,0.16602105,22.86011,22.89011,2444800
hardzero_plus_depr__c0p54__z1p05__lam0p030__nu0p50__psi1p00,hardzero_plus_depr,0.02,32,764,0.0,1,0.50594914,0.50594914,0.9686084,0.10749582,0.10749582,1.0,2.4624823e-13,2.2907702e-12,-25.696672,2.130981,0.710327,0.14400001,0.0,0.14357957,22.89011,22.92011,2448000
hardzero_plus_depr__c0p54__z1p05__lam0p030__nu0p50__psi1p00,hardzero_plus_depr,0.02,32,765,0.0,1,0.50594914,0.50594914,1.0860811,0.0,0.08201982,0.0,0.0,2.2230663e-12,-27.939342,2.3894262,0.7964754,0.120000005,0.0,0.16451904,22.92011,22.950111,2451200
hardzero_plus_depr__c0p54__z1p05__lam0p030__nu0p50__psi1p00,hardzero_plus_depr,0.02,32,766,0.0,1,0.50594914,0.50594914,0.99664354,0.100775845,0.100775845,1.0,2.1741009e-13,2.157363e-12,-27.208548,2.1926596,0.7308866,0.16800001,0.0,0.15025944,22.950111,22.980112,2454400
hardzero_plus_depr__c0p54__z1p05__lam0p030__nu0p50__psi1p00,hardzero_plus_depr,0.02,32,767,0.0,1,0.50594914,0.50594914,0.9744412,0.106061764,0.106061764,1.0,2.2205112e-13,2.093602e-12,-25.739946,2.1438134,0.7146045,0.16,0.0,0.13609216,22.980112,23.010113,2457600
hardzero_plus_depr__c0p54__z1p05__lam0p030__nu0p50__psi1p00,hardzero_plus_depr,0.02,32,768,0.0,1,0.50594914,0.50594914,1.0300298,0.09331903,0.09331903,1.0,1.8959865e-13,2.0317255e-12,-27.929295,2.2661107,0.75537026,0.14400001,0.0,0.17832373,23.010113,23.040113,2460800
hardzero_plus_depr__c0p54__z1p05__lam0p030__nu0p50__psi1p00,hardzero_plus_depr,0.02,32,769,0.0,1,0.50594914,0.50594914,1.0025458,0.09941552,0.09941552,1.0,1.9601532e-13,1.9716774e-12,-26.663536,2.2056448,0.73521495,0.208,0.0,0.15981573,23.040113,23.070114,2464000
hardzero_plus_depr__c0p54__z1p05__lam0p030__nu0p50__psi1p00,hardzero_plus_depr,0.02,32,770,0.0,1,0.50594914,0.50594914,1.0120285,0.09726834,0.09726834,1.0,1.8611367e-13,1.9134043e-12,-27.206882,2.226507,0.742169,0.17600001,0.0,0.16321333,23.070114,23.100115,2467200
hardzero_plus_depr__c0p54__z1p05__lam0p030__nu0p50__psi1p00,hardzero_plus_depr,0.02,32,771,0.0,1,0.50594914,0.50594914,1.0420312,0.09077554,0.09077554,1.0,1.6855686e-13,1.8568532e-12,-27.27682,2.2925143,0.7641715,0.120000005,0.0,0.13587335,23.100115,23.130116,2470400
hardzero_plus_depr__c0p54__z1p05__lam0p030__nu0p50__psi1p00,hardzero_plus_depr,0.02,32,772,0.0,1,0.50594914,0.50594914,0.9956808,0.1009995,0.1009995,1.0,1.8199845e-13,1.8019738e-12,-26.238174,2.1905415,0.7301805,0.192,0.0,0.16385221,23.130116,23.160116,2473600
hardzero_plus_depr__c0p54__z1p05__lam0p030__nu0p50__psi1p00,hardzero_plus_depr,0.02,32,773,0.0,1,0.50594914,0.50594914,1.0383184,0.0915549,0.0915549,1.0,1.6010355e-13,1.7487163e-12,-27.483212,2.284346,0.76144874,0.16000001,0.0,0.17184377,23.160116,23.190117,2476800
hardzero_plus_depr__c0p54__z1p05__lam0p030__nu0p50__psi1p00,hardzero_plus_depr,0.02,32,774,0.0,1,0.50594914,0.50594914,1.0086907,0.098018765,0.098018765,1.0,1.6634103e-13,1.6970326e-12,-26.962536,2.219164,0.7397213,0.112,0.0,0.14881396,23.190117,23.220118,2480000
hardzero_plus_depr__c0p54__z1p05__lam0p030__nu0p50__psi1p00,hardzero_plus_depr,0.02,32,775,0.0,1,0.50594914,0.50594914,1.0570582,0.0,0.08768831,0.0,0.0,1.6468765e-12,-27.7351,2.3255744,0.7751915,0.17600001,0.0,0.17245848,23.220118,23.250118,2483200
hardzero_plus_depr__c0p54__z1p05__lam0p030__nu0p50__psi1p00,hardzero_plus_depr,0.02,32,776,0.0,1,0.50594914,0.50594914,1.0481275,0.089510195,0.089510195,1.0,1.4305545e-13,1.5982029e-12,-27.715214,2.3059266,0.7686422,0.14400001,0.0,0.1588318,23.250118,23.280119,2486400
hardzero_plus_depr__c0p54__z1p05__lam0p030__nu0p50__psi1p00,hardzero_plus_depr,0.02,32,777,0.0,1,0.50594914,0.50594914,1.0407319,0.09104752,0.09104752,1.0,1.4121178e-13,1.5509679e-12,-27.01255,2.289656,0.76321864,0.16000001,0.0,0.1353572,23.280119,23.31012,2489600
hardzero_plus_depr__c0p54__z1p05__lam0p030__nu0p50__psi1p00,hardzero_plus_depr,0.02,32,778,0.0,1,0.50594914,0.50594914,1.0247523,0.09445995,0.09445995,1.0,1.421744e-13,1.5051288e-12,-27.757137,2.2545,0.7515,0.128,0.0,0.14601357,23.31012,23.34012,2492800
hardzero_plus_depr__c0p54__z1p05__lam0p030__nu0p50__psi1p00,hardzero_plus_depr,0.02,32,779,0.0,1,0.50594914,0.50594914,1.003511,0.099194825,0.099194825,1.0,1.4488839e-13,1.4606446e-12,-27.327139,2.2077682,0.73592275,0.16800001,0.0,0.16766219,23.34012,23.370121,2496000
hardzero_plus_depr__c0p54__z1p05__lam0p030__nu0p50__psi1p00,hardzero_plus_depr,0.02,32,780,0.0,1,0.50594914,0.50594914,1.0315435,0.09299433,0.09299433,1.0,1.3181712e-13,1.4174749e-12,-27.985989,2.2694411,0.7564804,0.12,0.0,0.15416446,23.370121,23.400122,2499200
hardzero_plus_depr__c0p54__z1p05__lam0p030__nu0p50__psi1p00,hardzero_plus_depr,0.02,32,781,0.0,1,0.50594914,0.50594914,1.0339893,0.09247209,0.09247209,1.0,1.2720288e-13,1.3755813e-12,-27.641727,2.274822,0.758274,0.17600001,0.0,0.1633331,23.400122,23.430122,2502400
hardzero_plus_depr__c0p54__z1p05__lam0p030__nu0p50__psi1p00,hardzero_plus_depr,0.02,32,782,0.0,1,0.50594914,0.50594914,1.0275664,0.09384985,0.09384985,1.0,1.252826e-13,1.3349259e-12,-27.52465,2.2606912,0.75356376,0.208,0.008,0.16739626,23.430122,23.460123,2505600
hardzero_plus_depr__c0p54__z1p05__lam0p030__nu0p50__psi1p00,hardzero_plus_depr,0.02,32,783,0.0,1,0.50594914,0.50594914,1.0058573,0.09866034,0.09866034,1.0,1.278117e-13,1.2954719e-12,-26.442383,2.2129304,0.7376435,0.2,0.0,0.16355763,23.460123,23.490124,2508800
hardzero_plus_depr__c0p54__z1p05__lam0p030__nu0p50__psi1p00,hardzero_plus_depr,0.02,32,784,0.0,1,0.50594914,0.50594914,0.9992323,0.100176916,0.100176916,1.0,1.2594082e-13,1.257184e-12,-25.949009,2.198355,0.732785,0.120000005,0.0,0.11482435,23.490124,23.520124,2512000
hardzero_plus_depr__c0p54__z1p05__lam0p030__nu0p50__psi1p00,hardzero_plus_depr,0.02,32,785,0.0,1,0.50594914,0.50594914,1.0363474,0.09197135,0.09197135,1.0,1.12207606e-13,1.2200278e-12,-27.467525,2.2800097,0.76000327,0.16800001,0.0,0.17407025,23.520124,23.550125,2515200
hardzero_plus_depr__c0p54__z1p05__lam0p030__nu0p50__psi1p00,hardzero_plus_depr,0.02,32,786,0.0,1,0.50594914,0.50594914,0.97987884,0.104742065,0.104742065,1.0,1.2401144e-13,1.1839697e-12,-26.862497,2.1557765,0.71859217,0.192,0.0,0.17984422,23.550125,23.580126,2518400
hardzero_plus_depr__c0p54__z1p05__lam0p030__nu0p50__psi1p00,hardzero_plus_depr,0.02,32,787,0.0,1,0.50594914,0.50594914,1.0391761,0.091374256,0.091374256,1.0,1.0498694e-13,1.1489773e-12,-27.734615,2.2862332,0.76207775,0.2,0.0,0.16834053,23.580126,23.610126,2521600
hardzero_plus_depr__c0p54__z1p05__lam0p030__nu0p50__psi1p00,hardzero_plus_depr,0.02,32,788,0.0,1,0.50594914,0.50594914,1.0205585,0.095376536,0.095376536,1.0,1.0634667e-13,1.1150192e-12,-27.242832,2.2452734,0.7484245,0.15200001,0.0,0.14766176,23.610126,23.640127,2524800
hardzero_plus_depr__c0p54__z1p05__lam0p030__nu0p50__psi1p00,hardzero_plus_depr,0.02,32,789,0.0,1,0.50594914,0.50594914,1.0748667,0.0,0.08416534,0.0,0.0,1.0820647e-12,-28.659988,2.364754,0.78825134,0.17600001,0.008,0.20893496,23.640127,23.670128,2528000
hardzero_plus_depr__c0p54__z1p05__lam0p030__nu0p50__psi1p00,hardzero_plus_depr,0.02,32,790,0.0,1,0.50594914,0.50594914,1.0147582,0.09665888,0.09665888,1.0,1.01499945e-13,1.0500841e-12,-27.160002,2.2325127,0.7441709,0.18400002,0.0,0.18143764,23.670128,23.700129,2531200
hardzero_plus_depr__c0p54__z1p05__lam0p030__nu0p50__psi1p00,hardzero_plus_depr,0.02,32,791,0.0,1,0.50594914,0.50594914,0.98727965,0.102972284,0.102972284,1.0,1.0493377e-13,1.0190487e-12,-26.00518,2.1720586,0.7240195,0.17600001,0.0,0.1260798,23.700129,23.73013,2534400
hardzero_plus_depr__c0p54__z1p05__lam0p030__nu0p50__psi1p00,hardzero_plus_depr,0.02,32,792,0.0,1,0.50594914,0.50594914,1.018896,0.09574232,0.09574232,1.0,9.46825e-14,9.889305e-13,-26.33085,2.241616,0.7472054,0.18400002,0.0,0.14341456,23.73013,23.76013,2537600
hardzero_plus_depr__c0p54__z1p05__lam0p030__nu0p50__psi1p00,hardzero_plus_depr,0.02,32,793,0.0,1,0.50594914,0.50594914,1.0692875,0.0,0.08525355,0.0,0.0,9.597026e-13,-28.456852,2.3524795,0.78415984,0.17,0.0,0.14292489,23.76013,23.79013,2540800
hardzero_plus_depr__c0p54__z1p05__lam0p030__nu0p50__psi1p00,hardzero_plus_depr,0.02,32,794,0.0,1,0.50594914,0.50594914,1.0392944,0.091349386,0.091349386,1.0,8.5077195e-14,9.313384e-13,-27.074097,2.2864933,0.7621645,0.136,0.0,0.13878566,23.79013,23.820131,2544000
hardzero_plus_depr__c0p54__z1p05__lam0p030__nu0p50__psi1p00,hardzero_plus_depr,0.02,32,795,0.0,1,0.50594914,0.50594914,0.9925813,0.10172289,0.10172289,1.0,9.193843e-14,9.038126e-13,-26.864271,2.1837225,0.72790754,0.136,0.0,0.14576189,23.820131,23.850132,2547200
hardzero_plus_depr__c0p54__z1p05__lam0p030__nu0p50__psi1p00,hardzero_plus_depr,0.02,32,796,0.0,1,0.50594914,0.50594914,1.0497292,0.08918068,0.08918068,1.0,7.82204e-14,8.771003e-13,-27.868076,2.3094504,0.7698168,0.104,0.0,0.18488091,23.850132,23.880133,2550400
hardzero_plus_depr__c0p54__z1p05__lam0p030__nu0p50__psi1p00,hardzero_plus_depr,0.02,32,797,0.0,1,0.50594914,0.50594914,1.0421487,0.09075098,0.09075098,1.0,7.724518e-14,8.511774e-13,-27.672495,2.292773,0.76425767,0.16800001,0.0,0.16768448,23.880133,23.910133,2553600
hardzero_plus_depr__c0p54__z1p05__lam0p030__nu0p50__psi1p00,hardzero_plus_depr,0.02,32,798,0.0,1,0.50594914,0.50594914,0.98288685,0.104019105,0.104019105,1.0,8.592195e-14,8.2602084e-13,-26.52979,2.1623943,0.72079813,0.128,0.0,0.12525514,23.910133,23.940134,2556800
hardzero_plus_depr__c0p54__z1p05__lam0p030__nu0p50__psi1p00,hardzero_plus_depr,0.02,32,799,0.0,1,0.50594914,0.50594914,1.0802249,0.0,0.08313332,0.0,0.0,8.016077e-13,-27.44335,2.376542,0.7921807,0.2,0.0,0.17747453,23.940134,23.970135,2560000
hardzero_plus_depr__c0p54__z1p05__lam0p030__nu0p50__psi1p00,hardzero_plus_depr,0.02,32,800,0.0,1,0.50594914,0.50594914,0.9909714,0.10210067,0.10210067,1.0,7.942575e-14,7.7791603e-13,-26.173965,2.1801805,0.7267269,0.17600001,0.0,0.16601187,23.970135,24.000135,2563200
hardzero_plus_depr__c0p54__z1p05__lam0p030__nu0p50__psi1p00,hardzero_plus_depr,0.02,32,801,0.0,1,0.50594914,0.50594914,1.0833071,0.0,0.08254539,0.0,0.0,7.5492466e-13,-27.376598,2.3833232,0.7944411,0.15200001,0.0,0.16384947,24.000135,24.030136,2566400
hardzero_plus_depr__c0p54__z1p05__lam0p030__nu0p50__psi1p00,hardzero_plus_depr,0.02,32,802,0.0,1,0.50594914,0.50594914,1.0874063,0.0,0.08176995,0.0,0.0,7.326127e-13,-29.176388,2.3923416,0.7974472,0.16000001,0.0,0.1580556,24.030136,24.060137,2569600
hardzero_plus_depr__c0p54__z1p05__lam0p030__nu0p50__psi1p00,hardzero_plus_depr,0.02,32,803,0.0,1,0.50594914,0.50594914,1.0647016,0.0,0.08615856,0.0,0.0,7.109603e-13,-28.28316,2.3423903,0.78079677,0.15200001,0.0,0.15231477,24.060137,24.090137,2572800
hardzero_plus_depr__c0p54__z1p05__lam0p030__nu0p50__psi1p00,hardzero_plus_depr,0.02,32,804,0.0,1,0.50594914,0.50594914,0.9521023,0.111660026,0.111660026,1.0,7.703959e-14,6.8994783e-13,-26.514444,2.094667,0.69822234,0.192,0.0,0.15041962,24.090137,24.120138,2576000
hardzero_plus_depr__c0p54__z1p05__lam0p030__nu0p50__psi1p00,hardzero_plus_depr,0.02,32,805,0.0,1,0.50594914,0.50594914,1.0073016,0.0983328,0.0983328,1.0,6.583934e-14,6.6955626e-13,-27.34102,2.2161076,0.73870254,0.192,0.0,0.14125699,24.120138,24.150139,2579200
hardzero_plus_depr__c0p54__z1p05__lam0p030__nu0p50__psi1p00,hardzero_plus_depr,0.02,32,806,0.0,1,0.50594914,0.50594914,0.98730975,0.10296514,0.10296514,1.0,6.69034e-14,6.4976746e-13,-26.479418,2.1721249,0.72404164,0.14999999,0.0,0.1645656,24.150139,24.18014,2582400
hardzero_plus_depr__c0p54__z1p05__lam0p030__nu0p50__psi1p00,hardzero_plus_depr,0.02,32,807,0.0,1,0.50594914,0.50594914,1.0487173,0.08938872,0.08938872,1.0,5.6365265e-14,6.305635e-13,-27.278017,2.307224,0.7690747,0.136,0.0,0.16200201,24.18014,24.21014,2585600
hardzero_plus_depr__c0p54__z1p05__lam0p030__nu0p50__psi1p00,hardzero_plus_depr,0.02,32,808,0.0,1,0.50594914,0.50594914,1.0674293,0.0,0.0856191,0.0,0.0,6.1192707e-13,-27.944887,2.3483913,0.7827971,0.14400001,0.0,0.18173958,24.21014,24.24014,2588800
hardzero_plus_depr__c0p54__z1p05__lam0p030__nu0p50__psi1p00,hardzero_plus_depr,0.02,32,809,0.0,1,0.50594914,0.50594914,1.041029,0.09098525,0.09098525,1.0,5.403082e-14,5.938415e-13,-27.59317,2.2903094,0.7634365,0.112,0.0,0.15733035,24.24014,24.270142,2592000
hardzero_plus_depr__c0p54__z1p05__lam0p030__nu0p50__psi1p00,hardzero_plus_depr,0.02,32,810,0.0,1,0.50594914,0.50594914,1.0080389,0.09816601,0.09816601,1.0,5.657213e-14,5.762904e-13,-26.498653,2.2177298,0.73924327,0.136,0.0,0.15761255,24.270142,24.300142,2595200
hardzero_plus_depr__c0p54__z1p05__lam0p030__nu0p50__psi1p00,hardzero_plus_depr,0.02,32,811,0.0,1,0.50594914,0.50594914,1.0300525,0.09331413,0.09331413,1.0,5.2186686e-14,5.592581e-13,-27.649845,2.2661607,0.75538695,0.16000001,0.0,0.16419902,24.300142,24.330143,2598400
hardzero_plus_depr__c0p54__z1p05__lam0p030__nu0p50__psi1p00,hardzero_plus_depr,0.02,32,812,0.0,1,0.50594914,0.50594914,1.0313542,0.09303487,0.09303487,1.0,5.0492732e-14,5.427291e-13,-27.906036,2.2690246,0.7563416,0.16800001,0.0,0.17530248,24.330143,24.360144,2601600
hardzero_plus_depr__c0p54__z1p05__lam0p030__nu0p50__psi1p00,hardzero_plus_depr,0.02,32,813,0.0,1,0.50594914,0.50594914,1.0392418,0.09136044,0.09136044,1.0,4.8118515e-14,5.266887e-13,-27.045036,2.2863777,0.7621259,0.216,0.0,0.14522639,24.360144,24.390144,2604800
hardzero_plus_depr__c0p54__z1p05__lam0p030__nu0p50__psi1p00,hardzero_plus_depr,0.02,32,814,0.0,1,0.50594914,0.50594914,0.99381226,0.10143499,0.10143499,1.0,5.1845694e-14,5.111224e-13,-26.426924,2.1864307,0.72881025,0.14400001,0.0,0.15176407,24.390144,24.420145,2608000
hardzero_plus_depr__c0p54__z1p05__lam0p030__nu0p50__psi1p00,hardzero_plus_depr,0.02,32,815,0.0,1,0.50594914,0.50594914,0.9949102,0.10117886,0.10117886,1.0,5.018634e-14,4.9601604e-13,-26.801994,2.188846,0.7296154,0.15200001,0.0,0.13529505,24.420145,24.450146,2611200
hardzero_plus_depr__c0p54__z1p05__lam0p030__nu0p50__psi1p00,hardzero_plus_depr,0.02,32,816,0.0,1,0.50594914,0.50594914,1.0456855,0.09001492,0.09001492,1.0,4.3329245e-14,4.813563e-13,-28.382862,2.300554,0.76685137,0.216,0.0,0.18896024,24.450146,24.480146,2614400
hardzero_plus_depr__c0p54__z1p05__lam0p030__nu0p50__psi1p00,hardzero_plus_depr,0.02,32,817,0.0,1,0.50594914,0.50594914,1.0579963,0.0,0.08749913,0.0,0.0,4.671297e-13,-28.568548,2.3276381,0.7758794,0.16000001,0.0,0.18374774,24.480146,24.510147,2617600
hardzero_plus_depr__c0p54__z1p05__lam0p030__nu0p50__psi1p00,hardzero_plus_depr,0.02,32,818,0.0,1,0.50594914,0.50594914,1.0658233,0.0,0.08593629,0.0,0.0,4.5332363e-13,-27.285055,2.3448582,0.7816194,0.17600001,0.0,0.15143105,24.510147,24.540148,2620800
hardzero_plus_depr__c0p54__z1p05__lam0p030__nu0p50__psi1p00,hardzero_plus_depr,0.02,32,819,0.0,1,0.50594914,0.50594914,0.9466944,0.113059126,0.113059126,1.0,4.9737602e-14,4.3992558e-13,-26.673746,2.0827692,0.6942564,0.19,0.0,0.17363794,24.540148,24.570148,2624000
hardzero_plus_depr__c0p54__z1p05__lam0p030__nu0p50__psi1p00,hardzero_plus_depr,0.02,32,820,0.0,1,0.50594914,0.50594914,1.0726678,0.0,0.084592566,0.0,0.0,4.2692352e-13,-27.548235,2.3599164,0.78663886,0.16800001,0.0,0.17483106,24.570148,24.60015,2627200
hardzero_plus_depr__c0p54__z1p05__lam0p030__nu0p50__psi1p00,hardzero_plus_depr,0.02,32,821,0.0,1,0.50594914,0.50594914,1.0136589,0.09690386,0.09690386,1.0,4.0147827e-14,4.1430577e-13,-26.813826,2.230094,0.7433647,0.16800001,0.0,0.15991981,24.60015,24.63015,2630400
hardzero_plus_depr__c0p54__z1p05__lam0p030__nu0p50__psi1p00,hardzero_plus_depr,0.02,32,822,0.0,1,0.50594914,0.50594914,1.0096542,0.09780158,0.09780158,1.0,3.932219e-14,4.0206087e-13,-26.620554,2.2212834,0.74042785,0.16800001,0.0,0.1739444,24.63015,24.66015,2633600
hardzero_plus_depr__c0p54__z1p05__lam0p030__nu0p50__psi1p00,hardzero_plus_depr,0.02,32,823,0.0,1,0.50594914,0.50594914,0.99813753,0.10042976,0.10042976,1.0,3.9185472e-14,3.901779e-13,-26.743998,2.1959465,0.7319822,0.18400002,0.0,0.16918916,24.66015,24.690151,2636800
hardzero_plus_depr__c0p54__z1p05__lam0p030__nu0p50__psi1p00,hardzero_plus_depr,0.02,32,824,0.0,1,0.50594914,0.50594914,0.9574026,0.11030556,0.11030556,1.0,4.1766778e-14,3.7864617e-13,-26.567852,2.1063278,0.7021093,0.17600001,0.0,0.1558135,24.690151,24.720152,2640000
hardzero_plus_depr__c0p54__z1p05__lam0p030__nu0p50__psi1p00,hardzero_plus_depr,0.02,32,825,0.0,1,0.50594914,0.50594914,1.079775,0.0,0.08321948,0.0,0.0,3.6745523e-13,-28.3899,2.3755524,0.7918508,0.224,0.008,0.19322488,24.720152,24.750153,2643200
hardzero_plus_depr__c0p54__z1p05__lam0p030__nu0p50__psi1p00,hardzero_plus_depr,0.02,32,826,0.0,1,0.50594914,0.50594914,1.0213586,0.09520097,0.09520097,1.0,3.3948196e-14,3.5659507e-13,-27.069168,2.2470338,0.7490113,0.112,0.0,0.1479585,24.750153,24.780153,2646400
hardzero_plus_depr__c0p54__z1p05__lam0p030__nu0p50__psi1p00,hardzero_plus_depr,0.02,32,827,0.0,1,0.50594914,0.50594914,1.0786482,0.0,0.08343568,0.0,0.0,3.460558e-13,-28.665195,2.3730733,0.79102445,0.136,0.0,0.17211603,24.780153,24.810154,2649600
hardzero_plus_depr__c0p54__z1p05__lam0p030__nu0p50__psi1p00,hardzero_plus_depr,0.02,32,828,0.0,1,0.50594914,0.50594914,1.0834365,0.0,0.08252081,0.0,0.0,3.358281e-13,-28.419695,2.3836079,0.794536,0.18400002,0.0,0.17539646,24.810154,24.840155,2652800
hardzero_plus_depr__c0p54__z1p05__lam0p030__nu0p50__psi1p00,hardzero_plus_depr,0.02,32,829,0.0,1,0.50594914,0.50594914,1.0063791,0.098541886,0.098541886,1.0,3.211506e-14,3.2590263e-13,-26.475138,2.2140782,0.7380261,0.17600001,0.0,0.16723475,24.840155,24.870155,2656000
hardzero_plus_depr__c0p54__z1p05__lam0p030__nu0p50__psi1p00,hardzero_plus_depr,0.02,32,830,0.0,1,0.50594914,0.50594914,0.97884446,0.10499184,0.10499184,1.0,3.320583e-14,3.1627058e-13,-26.39644,2.1535008,0.71783364,0.192,0.0,0.18755884,24.870155,24.900156,2659200
hardzero_plus_depr__c0p54__z1p05__lam0p030__nu0p50__psi1p00,hardzero_plus_depr,0.02,32,831,0.0,1,0.50594914,0.50594914,1.02997,0.093331866,0.093331866,1.0,2.8645712e-14,3.0692316e-13,-27.088501,2.2659793,0.75532645,0.08800001,0.0,0.14887184,24.900156,24.930157,2662400
hardzero_plus_depr__c0p54__z1p05__lam0p030__nu0p50__psi1p00,hardzero_plus_depr,0.02,32,832,0.0,1,0.50594914,0.50594914,1.0051117,0.0988299,0.0988299,1.0,2.9436682e-14,2.9785197e-13,-26.0971,2.21129,0.73709667,0.19,0.0,0.14722377,24.930157,24.960157,2665600
hardzero_plus_depr__c0p54__z1p05__lam0p030__nu0p50__psi1p00,hardzero_plus_depr,0.02,32,833,0.0,1,0.50594914,0.50594914,1.0336113,0.09255262,0.09255262,1.0,2.6752235e-14,2.8904892e-13,-26.667034,2.2739902,0.75799674,0.208,0.0,0.15954982,24.960157,24.990158,2668800
hardzero_plus_depr__c0p54__z1p05__lam0p030__nu0p50__psi1p00,hardzero_plus_depr,0.02,32,834,0.0,1,0.50594914,0.50594914,1.0393132,0.091345415,0.091345415,1.0,2.5622943e-14,2.8050606e-13,-27.728283,2.2865348,0.7621783,0.208,0.0,0.17215523,24.990158,25.020159,2672000
hardzero_plus_depr__c0p54__z1p05__lam0p030__nu0p50__psi1p00,hardzero_plus_depr,0.02,32,835,0.0,1,0.50594914,0.50594914,1.0547676,0.0,0.08815205,0.0,0.0,2.7221565e-13,-28.038782,2.3205352,0.77351177,0.112,0.0,0.15935375,25.020159,25.05016,2675200
hardzero_plus_depr__c0p54__z1p05__lam0p030__nu0p50__psi1p00,hardzero_plus_depr,0.02,32,836,0.0,1,0.50594914,0.50594914,1.0030773,0.09929395,0.09929395,1.0,2.6230513e-14,2.641703e-13,-26.26296,2.206814,0.7356047,0.17600001,0.0,0.1686506,25.05016,25.08016,2678400
hardzero_plus_depr__c0p54__z1p05__lam0p030__nu0p50__psi1p00,hardzero_plus_depr,0.02,32,837,0.0,1,0.50594914,0.50594914,1.0371869,0.09179376,0.09179376,1.0,2.3532496e-14,2.563627e-13,-27.857607,2.2818565,0.76061887,0.17600001,0.0,0.14476636,25.08016,25.11016,2681600
hardzero_plus_depr__c0p54__z1p05__lam0p030__nu0p50__psi1p00,hardzero_plus_depr,0.02,32,838,0.0,1,0.50594914,0.50594914,1.0489883,0.089332946,0.089332946,1.0,2.2224774e-14,2.4878586e-13,-27.425459,2.3078203,0.76927346,0.128,0.0,0.15633558,25.11016,25.140162,2684800
hardzero_plus_depr__c0p54__z1p05__lam0p030__nu0p50__psi1p00,hardzero_plus_depr,0.02,32,839,0.0,1,0.50594914,0.50594914,1.0240505,0.09461272,0.09461272,1.0,2.284263e-14,2.4143299e-13,-27.684065,2.2529562,0.7509854,0.16800001,0.0,0.15416074,25.140162,25.170162,2688000
hardzero_plus_depr__c0p54__z1p05__lam0p030__nu0p50__psi1p00,hardzero_plus_depr,0.02,32,840,0.0,1,0.50594914,0.50594914,1.0265342,0.094073184,0.094073184,1.0,2.2041102e-14,2.342974e-13,-27.660671,2.2584202,0.7528068,0.14400001,0.0,0.17044152,25.170162,25.200163,2691200
hardzero_plus_depr__c0p54__z1p05__lam0p030__nu0p50__psi1p00,hardzero_plus_depr,0.02,32,841,0.0,1,0.50594914,0.50594914,1.0198015,0.09554291,0.09554291,1.0,2.1723847e-14,2.2737269e-13,-27.265953,2.243608,0.7478694,0.18400002,0.0,0.15245517,25.200163,25.230164,2694400
hardzero_plus_depr__c0p54__z1p05__lam0p030__nu0p50__psi1p00,hardzero_plus_depr,0.02,32,842,0.0,1,0.50594914,0.50594914,1.0585798,0.0,0.08738163,0.0,0.0,2.2065265e-13,-28.026709,2.328922,0.77630734,0.23200001,0.0,0.1603336,25.230164,25.260164,2697600
hardzero_plus_depr__c0p54__z1p05__lam0p030__nu0p50__psi1p00,hardzero_plus_depr,0.02,32,843,0.0,1,0.50594914,0.50594914,1.0362493,0.09199214,0.09199214,1.0,1.9698392e-14,2.1413124e-13,-27.656536,2.279794,0.7599313,0.16000001,0.0,0.15959038,25.260164,25.290165,2700800
hardzero_plus_depr__c0p54__z1p05__lam0p030__nu0p50__psi1p00,hardzero_plus_depr,0.02,32,844,0.0,1,0.50594914,0.50594914,1.0043697,0.09899887,0.09899887,1.0,2.0572218e-14,2.0780257e-13,-27.149649,2.2096577,0.7365526,0.136,0.0,0.14432468,25.290165,25.320166,2704000
hardzero_plus_depr__c0p54__z1p05__lam0p030__nu0p50__psi1p00,hardzero_plus_depr,0.02,32,845,0.0,1,0.50594914,0.50594914,1.0589533,0.0,0.087306514,0.0,0.0,2.0166093e-13,-27.95858,2.3297439,0.7765813,0.17,0.0,0.13472144,25.320166,25.350166,2707200
hardzero_plus_depr__c0p54__z1p05__lam0p030__nu0p50__psi1p00,hardzero_plus_depr,0.02,32,846,0.0,1,0.50594914,0.50594914,1.0586851,0.0,0.08736046,0.0,0.0,1.9570082e-13,-27.701782,2.3291535,0.77638453,0.15200001,0.0,0.16900317,25.350166,25.380167,2710400
hardzero_plus_depr__c0p54__z1p05__lam0p030__nu0p50__psi1p00,hardzero_plus_depr,0.02,32,847,0.0,1,0.50594914,0.50594914,1.058056,0.0,0.08748709,0.0,0.0,1.8991685e-13,-27.488688,2.3277698,0.77592325,0.16000001,0.0,0.18847594,25.380167,25.410168,2713600
hardzero_plus_depr__c0p54__z1p05__lam0p030__nu0p50__psi1p00,hardzero_plus_depr,0.02,32,848,0.0,1,0.50594914,0.50594914,1.0353591,0.09218089,0.09218089,1.0,1.6989292e-14,1.8430384e-13,-28.041039,2.2778356,0.75927854,0.16000001,0.0,0.16842082,25.410168,25.440168,2716800
hardzero_plus_depr__c0p54__z1p05__lam0p030__nu0p50__psi1p00,hardzero_plus_depr,0.02,32,849,0.0,1,0.50594914,0.50594914,1.0343692,0.09239123,0.09239123,1.0,1.6524791e-14,1.7885671e-13,-28.163023,2.2756577,0.75855255,0.15200001,0.0,0.1619958,25.440168,25.47017,2720000
hardzero_plus_depr__c0p54__z1p05__lam0p030__nu0p50__psi1p00,hardzero_plus_depr,0.02,32,850,0.0,1,0.50594914,0.50594914,1.0049456,0.09886768,0.09886768,1.0,1.716052e-14,1.7357058e-13,-26.652185,2.2109246,0.7369749,0.17600001,0.0,0.1636803,25.47017,25.50017,2723200
hardzero_plus_depr__c0p54__z1p05__lam0p030__nu0p50__psi1p00,hardzero_plus_depr,0.02,32,851,0.0,1,0.50594914,0.50594914,1.0391486,0.091380045,0.091380045,1.0,1.5392118e-14,1.6844069e-13,-27.603508,2.2861724,0.7620575,0.208,0.0,0.15424657,25.50017,25.53017,2726400
hardzero_plus_depr__c0p54__z1p05__lam0p030__nu0p50__psi1p00,hardzero_plus_depr,0.02,32,852,0.0,1,0.50594914,0.50594914,1.0303398,0.093252435,0.093252435,1.0,1.5243266e-14,1.6346238e-13,-26.675226,2.266793,0.7555977,0.16800001,0.0,0.15427801,25.53017,25.560171,2729600
hardzero_plus_depr__c0p54__z1p05__lam0p030__nu0p50__psi1p00,hardzero_plus_depr,0.02,32,853,0.0,1,0.50594914,0.50594914,1.0278803,0.09378204,0.09378204,1.0,1.487676e-14,1.5863123e-13,-27.102066,2.2613819,0.75379395,0.16800001,0.0,0.17083529,25.560171,25.590172,2732800
hardzero_plus_depr__c0p54__z1p05__lam0p030__nu0p50__psi1p00,hardzero_plus_depr,0.02,32,854,0.0,1,0.50594914,0.50594914,1.0331668,0.092647396,0.092647396,1.0,1.4262405e-14,1.5394286e-13,-26.715141,2.2730124,0.7576708,0.128,0.0,0.13434103,25.590172,25.620173,2736000
hardzero_plus_depr__c0p54__z1p05__lam0p030__nu0p50__psi1p00,hardzero_plus_depr,0.02,32,855,0.0,1,0.50594914,0.50594914,1.0630597,0.0,0.08648491,0.0,0.0,1.4939306e-13,-28.164783,2.338778,0.7795927,0.2,0.0,0.19075978,25.620173,25.650173,2739200
hardzero_plus_depr__c0p54__z1p05__lam0p030__nu0p50__psi1p00,hardzero_plus_depr,0.02,32,856,0.0,1,0.50594914,0.50594914,0.9906025,0.10218744,0.10218744,1.0,1.4814904e-14,1.4497774e-13,-26.536282,2.179369,0.72645634,0.17600001,0.0,0.15916082,25.650173,25.680174,2742400
hardzero_plus_depr__c0p54__z1p05__lam0p030__nu0p50__psi1p00,hardzero_plus_depr,0.02,32,857,0.0,1,0.50594914,0.50594914,0.97048783,0.10703163,0.10703163,1.0,1.5058589e-14,1.4069289e-13,-26.957071,2.1351159,0.7117053,0.14400001,0.0,0.15111898,25.680174,25.710175,2745600
hardzero_plus_depr__c0p54__z1p05__lam0p030__nu0p50__psi1p00,hardzero_plus_depr,0.02,32,858,0.0,1,0.50594914,0.50594914,1.024967,0.09441328,0.09441328,1.0,1.28906895e-14,1.365347e-13,-27.382046,2.2549725,0.7516575,0.14,0.0,0.13485092,25.710175,25.740175,2748800
hardzero_plus_depr__c0p54__z1p05__lam0p030__nu0p50__psi1p00,hardzero_plus_depr,0.02,32,859,0.0,1,0.50594914,0.50594914,1.039801,0.09124287,0.09124287,1.0,1.2089627e-14,1.3249941e-13,-27.889656,2.287608,0.762536,0.18400002,0.0,0.1745784,25.740175,25.770176,2752000
hardzero_plus_depr__c0p54__z1p05__lam0p030__nu0p50__psi1p00,hardzero_plus_depr,0.02,32,860,0.0,1,0.50594914,0.50594914,1.0424887,0.09067995,0.09067995,1.0,1.1659932e-14,1.2858336e-13,-27.13495,2.293521,0.764507,0.128,0.0,0.1403733,25.770176,25.800177,2755200
hardzero_plus_depr__c0p54__z1p05__lam0p030__nu0p50__psi1p00,hardzero_plus_depr,0.02,32,861,0.0,1,0.50594914,0.50594914,1.0079752,0.09818038,0.09818038,1.0,1.2251251e-14,1.2478308e-13,-27.209639,2.2175899,0.73919666,0.136,0.0,0.13180298,25.800177,25.830177,2758400
hardzero_plus_depr__c0p54__z1p05__lam0p030__nu0p50__psi1p00,hardzero_plus_depr,0.02,32,862,0.0,1,0.50594914,0.50594914,1.0298592,0.0933557,0.0933557,1.0,1.1304916e-14,1.2109508e-13,-27.61592,2.2657354,0.75524515,0.16800001,0.0,0.16025871,25.830177,25.860178,2761600
hardzero_plus_depr__c0p54__z1p05__lam0p030__nu0p50__psi1p00,hardzero_plus_depr,0.02,32,863,0.0,1,0.50594914,0.50594914,1.083393,0.0,0.08252908,0.0,0.0,1.175161e-13,-28.536823,2.383512,0.79450405,0.128,0.0,0.16957751,25.860178,25.890179,2764800
hardzero_plus_depr__c0p54__z1p05__lam0p030__nu0p50__psi1p00,hardzero_plus_depr,0.02,32,864,0.0,1,0.50594914,0.50594914,0.988598,0.10266019,0.10266019,1.0,1.1707666e-14,1.140429e-13,-26.668482,2.174959,0.7249863,0.14400001,0.0,0.13086937,25.890179,25.92018,2768000
hardzero_plus_depr__c0p54__z1p05__lam0p030__nu0p50__psi1p00,hardzero_plus_depr,0.02,32,865,0.0,1,0.50594914,0.50594914,1.0520449,0.0,0.088706434,0.0,0.0,1.1067234e-13,-26.969233,2.314545,0.771515,0.136,0.0,0.15387502,25.92018,25.95018,2771200
hardzero_plus_depr__c0p54__z1p05__lam0p030__nu0p50__psi1p00,hardzero_plus_depr,0.02,32,866,0.0,1,0.50594914,0.50594914,1.0299504,0.09333609,0.09333609,1.0,1.0024428e-14,1.0740141e-13,-27.281517,2.2659361,0.7553121,0.16000001,0.0,0.15967023,25.95018,25.98018,2774400
hardzero_plus_depr__c0p54__z1p05__lam0p030__nu0p50__psi1p00,hardzero_plus_depr,0.02,32,867,0.0,1,0.50594914,0.50594914,0.97897536,0.1049602,0.1049602,1.0,1.0939702e-14,1.0422715e-13,-26.465954,2.1537888,0.7179296,0.104,0.0,0.13833398,25.98018,26.010181,2777600
hardzero_plus_depr__c0p54__z1p05__lam0p030__nu0p50__psi1p00,hardzero_plus_depr,0.02,32,868,0.0,1,0.50594914,0.50594914,1.0135692,0.09692387,0.09692387,1.0,9.8035305e-15,1.01146705e-13,-26.756052,2.2298968,0.74329895,0.120000005,0.0,0.15651467,26.010181,26.040182,2780800
hardzero_plus_depr__c0p54__z1p05__lam0p030__nu0p50__psi1p00,hardzero_plus_depr,0.02,32,869,0.0,1,0.50594914,0.50594914,1.0133744,0.09696735,0.09696735,1.0,9.5180525e-15,9.8157295e-14,-26.717928,2.2294683,0.74315614,0.120000005,0.0,0.15640244,26.040182,26.070183,2784000
hardzero_plus_depr__c0p54__z1p05__lam0p030__nu0p50__psi1p00,hardzero_plus_depr,0.02,32,870,0.0,1,0.50594914,0.50594914,1.0621884,0.0,0.08665859,0.0,0.0,9.525625e-14,-27.696634,2.3368611,0.77895373,0.14400001,0.0,0.16360307,26.070183,26.100183,2787200
hardzero_plus_depr__c0p54__z1p05__lam0p030__nu0p50__psi1p00,hardzero_plus_depr,0.02,32,871,0.0,1,0.50594914,0.50594914,1.0599174,0.0,0.08711292,0.0,0.0,9.2440934e-14,-28.074385,2.331865,0.7772884,0.14999999,0.0,0.16410688,26.100183,26.130184,2790400
hardzero_plus_depr__c0p54__z1p05__lam0p030__nu0p50__psi1p00,hardzero_plus_depr,0.02,32,872,0.0,1,0.50594914,0.50594914,1.0170707,0.096145585,0.096145585,1.0,8.625108e-15,8.9708826e-14,-26.7812,2.2376,0.7458667,0.080000006,0.0,0.16861668,26.130184,26.160185,2793600
hardzero_plus_depr__c0p54__z1p05__lam0p030__nu0p50__psi1p00,hardzero_plus_depr,0.02,32,873,0.0,1,0.50594914,0.50594914,1.0304275,0.09323361,0.09323361,1.0,8.116683e-15,8.705748e-14,-27.259817,2.2669857,0.7556619,0.16800001,0.0,0.16407938,26.160185,26.190186,2796800
hardzero_plus_depr__c0p54__z1p05__lam0p030__nu0p50__psi1p00,hardzero_plus_depr,0.02,32,874,0.0,1,0.50594914,0.50594914,1.0263721,0.09410829,0.09410829,1.0,7.95069e-15,8.4484476e-14,-26.377731,2.2580636,0.7526879,0.080000006,0.0,0.1459131,26.190186,26.220186,2800000
hardzero_plus_depr__c0p54__z1p05__lam0p030__nu0p50__psi1p00,hardzero_plus_depr,0.02,32,875,0.0,1,0.50594914,0.50594914,1.0070711,0.09838499,0.09838499,1.0,8.066342e-15,8.198753e-14,-27.405506,2.2156007,0.7385336,0.192,0.0,0.14786816,26.220186,26.250187,2803200
hardzero_plus_depr__c0p54__z1p05__lam0p030__nu0p50__psi1p00,hardzero_plus_depr,0.02,32,876,0.0,1,0.50594914,0.50594914,0.97308576,0.10639329,0.10639329,1.0,8.465116e-15,7.956437e-14,-26.832258,2.1408315,0.71361053,0.120000005,0.0,0.123799734,26.250187,26.280188,2806400
hardzero_plus_depr__c0p54__z1p05__lam0p030__nu0p50__psi1p00,hardzero_plus_depr,0.02,32,877,0.0,1,0.50594914,0.50594914,1.0462984,0.08988798,0.08988798,1.0,6.9405067e-15,7.721285e-14,-27.558632,2.3019025,0.76730084,0.136,0.0,0.15761523,26.280188,26.310188,2809600
hardzero_plus_depr__c0p54__z1p05__lam0p030__nu0p50__psi1p00,hardzero_plus_depr,0.02,32,878,0.0,1,0.50594914,0.50594914,1.0061959,0.09858348,0.09858348,1.0,7.38694e-15,7.4930805e-14,-26.711845,2.2136753,0.7378918,0.17600001,0.008,0.1412296,26.310188,26.340189,2812800
hardzero_plus_depr__c0p54__z1p05__lam0p030__nu0p50__psi1p00,hardzero_plus_depr,0.02,32,879,0.0,1,0.50594914,0.50594914,1.0059245,0.0986451,0.0986451,1.0,7.173098e-15,7.271621e-14,-26.668348,2.213078,0.7376927,0.136,0.0,0.13236156,26.340189,26.37019,2816000
hardzero_plus_depr__c0p54__z1p05__lam0p030__nu0p50__psi1p00,hardzero_plus_depr,0.02,32,880,0.0,1,0.50594914,0.50594914,1.0269139,0.093990974,0.093990974,1.0,6.632668e-15,7.0567074e-14,-27.31574,2.2592556,0.75308526,0.136,0.0,0.15385427,26.37019,26.40019,2819200
hardzero_plus_depr__c0p54__z1p05__lam0p030__nu0p50__psi1p00,hardzero_plus_depr,0.02,32,881,0.0,1,0.50594914,0.50594914,0.98735255,0.102955,0.102955,1.0,7.0505083e-15,6.8481455e-14,-26.2481,2.172219,0.72407305,0.16800001,0.0,0.1361402,26.40019,26.430191,2822400
hardzero_plus_depr__c0p54__z1p05__lam0p030__nu0p50__psi1p00,hardzero_plus_depr,0.02,32,882,0.0,1,0.50594914,0.50594914,0.9689345,0.10741515,0.10741515,1.0,7.1385396e-15,6.645748e-14,-26.60285,2.1316984,0.71056616,0.15200001,0.0,0.13035016,26.430191,26.460192,2825600
hardzero_plus_depr__c0p54__z1p05__lam0p030__nu0p50__psi1p00,hardzero_plus_depr,0.02,32,883,0.0,1,0.50594914,0.50594914,0.98829466,0.1027319,0.1027319,1.0,6.625521e-15,6.449332e-14,-27.008501,2.1742916,0.7247639,0.216,0.0,0.17763336,26.460192,26.490192,2828800
hardzero_plus_depr__c0p54__z1p05__lam0p030__nu0p50__psi1p00,hardzero_plus_depr,0.02,32,884,0.0,1,0.50594914,0.50594914,1.0133377,0.096975565,0.096975565,1.0,6.0694303e-15,6.258721e-14,-27.45873,2.2293875,0.7431292,0.14,0.0,0.16134846,26.490192,26.520193,2832000
hardzero_plus_depr__c0p54__z1p05__lam0p030__nu0p50__psi1p00,hardzero_plus_depr,0.02,32,885,0.0,1,0.50594914,0.50594914,1.0344443,0.09237526,0.09237526,1.0,5.610637e-15,6.073744e-14,-27.27184,2.2758229,0.7586076,0.17600001,0.0,0.17134413,26.520193,26.550194,2835200
hardzero_plus_depr__c0p54__z1p05__lam0p030__nu0p50__psi1p00,hardzero_plus_depr,0.02,32,886,0.0,1,0.50594914,0.50594914,0.97948927,0.10483606,0.10483606,1.0,6.179282e-15,5.894233e-14,-26.402891,2.1549194,0.7183065,0.208,0.0,0.15145202,26.550194,26.580194,2838400
hardzero_plus_depr__c0p54__z1p05__lam0p030__nu0p50__psi1p00,hardzero_plus_depr,0.02,32,887,0.0,1,0.50594914,0.50594914,1.103163,0.0,0.0788564,0.0,0.0,5.7200284e-14,-29.546476,2.4270072,0.8090024,0.18400002,0.0,0.17514947,26.580194,26.610195,2841600
hardzero_plus_depr__c0p54__z1p05__lam0p030__nu0p50__psi1p00,hardzero_plus_depr,0.02,32,888,0.0,1,0.50594914,0.50594914,1.0417136,0.09084194,0.09084194,1.0,5.042611e-15,5.5509725e-14,-27.839254,2.2918158,0.7639386,0.16000001,0.0,0.16649012,26.610195,26.640196,2844800
hardzero_plus_depr__c0p54__z1p05__lam0p030__nu0p50__psi1p00,hardzero_plus_depr,0.02,32,889,0.0,1,0.50594914,0.50594914,1.0510147,0.0,0.088917114,0.0,0.0,5.3869127e-14,-26.714315,2.3122785,0.7707595,0.080000006,0.0,0.15910833,26.640196,26.670197,2848000
hardzero_plus_depr__c0p54__z1p05__lam0p030__nu0p50__psi1p00,hardzero_plus_depr,0.02,32,890,0.0,1,0.50594914,0.50594914,0.9969201,0.100711696,0.100711696,1.0,5.264907e-15,5.2277017e-14,-26.373457,2.193268,0.73108935,0.18400002,0.0,0.15293762,26.670197,26.700197,2851200
hardzero_plus_depr__c0p54__z1p05__lam0p030__nu0p50__psi1p00,hardzero_plus_depr,0.02,32,891,0.0,1,0.50594914,0.50594914,1.0163578,0.09630354,0.09630354,1.0,4.8856674e-15,5.073196e-14,-27.450323,2.2360318,0.7453439,0.128,0.0,0.16080733,26.700197,26.730198,2854400
hardzero_plus_depr__c0p54__z1p05__lam0p030__nu0p50__psi1p00,hardzero_plus_depr,0.02,32,892,0.0,1,0.50594914,0.50594914,0.97161746,0.106753595,0.106753595,1.0,5.2557543e-15,4.9232574e-14,-25.80507,2.1376011,0.7125337,0.16800001,0.0,0.12865593,26.730198,26.760199,2857600
hardzero_plus_depr__c0p54__z1p05__lam0p030__nu0p50__psi1p00,hardzero_plus_depr,0.02,32,893,0.0,1,0.50594914,0.50594914,1.0630484,0.0,0.08648715,0.0,0.0,4.77775e-14,-26.999083,2.338753,0.77958435,0.136,0.0,0.16395971,26.760199,26.7902,2860800
hardzero_plus_depr__c0p54__z1p05__lam0p030__nu0p50__psi1p00,hardzero_plus_depr,0.02,32,894,0.0,1,0.50594914,0.50594914,1.08003,0.0,0.08317063,0.0,0.0,4.6365428e-14,-28.493587,2.3761134,0.79203784,0.16800001,0.0,0.1763872,26.7902,26.8202,2864000
hardzero_plus_depr__c0p54__z1p05__lam0p030__nu0p50__psi1p00,hardzero_plus_depr,0.02,32,895,0.0,1,0.50594914,0.50594914,0.99671966,0.100758195,0.100758195,1.0,4.533624e-15,4.499509e-14,-27.404127,2.192827,0.73094237,0.16800001,0.0,0.15993513,26.8202,26.8502,2867200
hardzero_plus_depr__c0p54__z1p05__lam0p030__nu0p50__psi1p00,hardzero_plus_depr,0.02,32,896,0.0,1,0.50594914,0.50594914,1.0964808,0.0,0.0800791,0.0,0.0,4.3665253e-14,-28.943165,2.412306,0.80410206,0.14400001,0.0,0.17629449,26.8502,26.880201,2870400
hardzero_plus_depr__c0p54__z1p05__lam0p030__nu0p50__psi1p00,hardzero_plus_depr,0.02,32,897,0.0,1,0.50594914,0.50594914,1.0551044,0.0,0.08808371,0.0,0.0,4.2374724e-14,-28.01811,2.321276,0.77375865,0.17999999,0.0,0.14033179,26.880201,26.910202,2873600
hardzero_plus_depr__c0p54__z1p05__lam0p030__nu0p50__psi1p00,hardzero_plus_depr,0.02,32,898,0.0,1,0.50594914,0.50594914,1.0089059,0.09797021,0.09797021,1.0,4.0287636e-15,4.112233e-14,-26.480354,2.2196374,0.73987913,0.2,0.0,0.17392804,26.910202,26.940203,2876800
hardzero_plus_depr__c0p54__z1p05__lam0p030__nu0p50__psi1p00,hardzero_plus_depr,0.02,32,899,0.0,1,0.50594914,0.50594914,1.0857605,0.0,0.0820804,0.0,0.0,3.9906958e-14,-28.645895,2.3887208,0.79624027,0.096,0.0,0.18837298,26.940203,26.970203,2880000
hardzero_plus_depr__c0p54__z1p05__lam0p030__nu0p50__psi1p00,hardzero_plus_depr,0.02,32,900,0.0,1,0.50594914,0.50594914,0.96947944,0.10728045,0.10728045,1.0,4.154704e-15,3.8727502e-14,-26.4935,2.1328974,0.7109658,0.16800001,0.0,0.15365964,26.970203,27.000204,2883200
hardzero_plus_depr__c0p54__z1p05__lam0p030__nu0p50__psi1p00,hardzero_plus_depr,0.02,32,901,0.0,1,0.50594914,0.50594914,1.0419879,0.09078459,0.09078459,1.0,3.4119487e-15,3.7582906e-14,-28.010414,2.2924192,0.7641398,0.16800001,0.0,0.15063019,27.000204,27.030205,2886400
hardzero_plus_depr__c0p54__z1p05__lam0p030__nu0p50__psi1p00,hardzero_plus_depr,0.02,32,902,0.0,1,0.50594914,0.50594914,1.0510155,0.0,0.08891693,0.0,0.0,3.647214e-14,-27.9436,2.3122802,0.77076006,0.128,0.0,0.16274664,27.030205,27.060205,2889600
hardzero_plus_depr__c0p54__z1p05__lam0p030__nu0p50__psi1p00,hardzero_plus_depr,0.02,32,903,0.0,1,0.50594914,0.50594914,1.0480729,0.08952144,0.08952144,1.0,3.1685393e-15,3.5394197e-14,-28.614628,2.3058064,0.76860213,0.216,0.0,0.19142629,27.060205,27.090206,2892800
hardzero_plus_depr__c0p54__z1p05__lam0p030__nu0p50__psi1p00,hardzero_plus_depr,0.02,32,904,0.0,1,0.50594914,0.50594914,1.0203623,0.09541964,0.09541964,1.0,3.277485e-15,3.4348118e-14,-26.918493,2.2448418,0.74828064,0.136,0.0,0.16164427,27.090206,27.120207,2896000
hardzero_plus_depr__c0p54__z1p05__lam0p030__nu0p50__psi1p00,hardzero_plus_depr,0.02,32,905,0.0,1,0.50594914,0.50594914,1.008066,0.09815986,0.09815986,1.0,3.2719578e-15,3.3332952e-14,-26.32926,2.2177896,0.73926324,0.16000001,0.0,0.14538829,27.120207,27.150208,2899200
hardzero_plus_depr__c0p54__z1p05__lam0p030__nu0p50__psi1p00,hardzero_plus_depr,0.02,32,906,0.0,1,0.50594914,0.50594914,1.0153874,0.09651894,0.09651894,1.0,3.1221747e-15,3.2347792e-14,-27.36418,2.233897,0.74463236,0.208,0.0,0.1553475,27.150208,27.180208,2902400
hardzero_plus_depr__c0p54__z1p05__lam0p030__nu0p50__psi1p00,hardzero_plus_depr,0.02,32,907,0.0,1,0.50594914,0.50594914,0.996763,0.10074813,0.10074813,1.0,3.1626603e-15,3.1391753e-14,-27.550615,2.1929224,0.73097414,0.192,0.0,0.14075214,27.180208,27.210209,2905600
hardzero_plus_depr__c0p54__z1p05__lam0p030__nu0p50__psi1p00,hardzero_plus_depr,0.02,32,908,0.0,1,0.50594914,0.50594914,1.0432991,0.09051091,0.09051091,1.0,2.7573214e-15,3.0463967e-14,-27.594145,2.2953038,0.7651013,0.104,0.0,0.18471162,27.210209,27.24021,2908800
hardzero_plus_depr__c0p54__z1p05__lam0p030__nu0p50__psi1p00,hardzero_plus_depr,0.02,32,909,0.0,1,0.50594914,0.50594914,1.0336926,0.092535295,0.092535295,1.0,2.7356763e-15,2.9563598e-14,-27.596548,2.2741692,0.7580564,0.18400002,0.0,0.19608879,27.24021,27.27021,2912000
hardzero_plus_depr__c0p54__z1p05__lam0p030__nu0p50__psi1p00,hardzero_plus_depr,0.02,32,910,0.0,1,0.50594914,0.50594914,1.0343158,0.0924026,0.0924026,1.0,2.651016e-15,2.8689843e-14,-27.021053,2.2755404,0.75851345,0.17,0.0,0.14348206,27.27021,27.30021,2915200
hardzero_plus_depr__c0p54__z1p05__lam0p030__nu0p50__psi1p00,hardzero_plus_depr,0.02,32,911,0.0,1,0.50594914,0.50594914,1.0414609,0.090894826,0.090894826,1.0,2.5306854e-15,2.7841909e-14,-27.699638,2.2912598,0.7637533,0.17600001,0.0,0.1526934,27.30021,27.330212,2918400
hardzero_plus_depr__c0p54__z1p05__lam0p030__nu0p50__psi1p00,hardzero_plus_depr,0.02,32,912,0.0,1,0.50594914,0.50594914,1.0088816,0.0979757,0.0979757,1.0,2.6472092e-15,2.7019038e-14,-26.78272,2.2195837,0.73986125,0.14400001,0.0,0.12244426,27.330212,27.360212,2921600
hardzero_plus_depr__c0p54__z1p05__lam0p030__nu0p50__psi1p00,hardzero_plus_depr,0.02,32,913,0.0,1,0.50594914,0.50594914,0.9976232,0.10054877,0.10054877,1.0,2.6364377e-15,2.6220488e-14,-26.269285,2.194815,0.731605,0.15200001,0.0,0.14256744,27.360212,27.390213,2924800
hardzero_plus_depr__c0p54__z1p05__lam0p030__nu0p50__psi1p00,hardzero_plus_depr,0.02,32,914,0.0,1,0.50594914,0.50594914,1.058825,0.0,0.08733231,0.0,0.0,2.5445536e-14,-28.009415,2.3294616,0.77648723,0.128,0.0,0.16871333,27.390213,27.420214,2928000
hardzero_plus_depr__c0p54__z1p05__lam0p030__nu0p50__psi1p00,hardzero_plus_depr,0.02,32,915,0.0,1,0.50594914,0.50594914,1.0025284,0.09941949,0.09941949,1.0,2.4550142e-15,2.469349e-14,-26.812391,2.2056065,0.7352022,0.128,0.0,0.15301694,27.420214,27.450214,2931200
hardzero_plus_depr__c0p54__z1p05__lam0p030__nu0p50__psi1p00,hardzero_plus_depr,0.02,32,916,0.0,1,0.50594914,0.50594914,1.0402938,0.091139406,0.091139406,1.0,2.1840349e-15,2.3963672e-14,-28.487413,2.288692,0.7628974,0.18400002,0.0,0.15451092,27.450214,27.480215,2934400
hardzero_plus_depr__c0p54__z1p05__lam0p030__nu0p50__psi1p00,hardzero_plus_depr,0.02,32,917,0.0,1,0.50594914,0.50594914,1.0334957,0.09257727,0.09257727,1.0,2.1529235e-15,2.3255423e-14,-27.87919,2.2737358,0.7579119,0.16000001,0.0,0.18287648,27.480215,27.510216,2937600
hardzero_plus_depr__c0p54__z1p05__lam0p030__nu0p50__psi1p00,hardzero_plus_depr,0.02,32,918,0.0,1,0.50594914,0.50594914,1.0012287,0.09971749,0.09971749,1.0,2.2504346e-15,2.2568104e-14,-26.390036,2.202747,0.73424906,0.136,0.0,0.15302819,27.510216,27.540216,2940800
hardzero_plus_depr__c0p54__z1p05__lam0p030__nu0p50__psi1p00,hardzero_plus_depr,0.02,32,919,0.0,1,0.50594914,0.50594914,0.9963329,0.10084796,0.10084796,1.0,2.2086814e-15,2.19011e-14,-26.598778,2.191976,0.7306587,0.16000001,0.0,0.13105434,27.540216,27.570217,2944000
hardzero_plus_depr__c0p54__z1p05__lam0p030__nu0p50__psi1p00,hardzero_plus_depr,0.02,32,920,0.0,1,0.50594914,0.50594914,1.0386759,0.09147956,0.09147956,1.0,1.9442894e-15,2.1253812e-14,-27.381058,2.2851326,0.7617109,0.18400002,0.0,0.15938662,27.570217,27.600218,2947200
hardzero_plus_depr__c0p54__z1p05__lam0p030__nu0p50__psi1p00,hardzero_plus_depr,0.02,32,921,0.0,1,0.50594914,0.50594914,1.0340395,0.0924614,0.0924614,1.0,1.9070767e-15,2.0625652e-14,-27.47044,2.2749324,0.7583108,0.15200001,0.0,0.1497031,27.600218,27.630219,2950400
hardzero_plus_depr__c0p54__z1p05__lam0p030__nu0p50__psi1p00,hardzero_plus_depr,0.02,32,922,0.0,1,0.50594914,0.50594914,1.0411311,0.090963855,0.090963855,1.0,1.820738e-15,2.001606e-14,-27.71311,2.2905343,0.7635114,0.16800001,0.0,0.16707565,27.630219,27.66022,2953600
hardzero_plus_depr__c0p54__z1p05__lam0p030__nu0p50__psi1p00,hardzero_plus_depr,0.02,32,923,0.0,1,0.50594914,0.50594914,1.0061015,0.09860489,0.09860489,1.0,1.9153486e-15,1.942448e-14,-26.95169,2.2134676,0.73782253,0.17,0.0,0.1463357,27.66022,27.69022,2956800
hardzero_plus_depr__c0p54__z1p05__lam0p030__nu0p50__psi1p00,hardzero_plus_depr,0.02,32,924,0.0,1,0.50594914,0.50594914,1.0203788,0.095415995,0.095415995,1.0,1.7986285e-15,1.8850388e-14,-28.093248,2.2448783,0.7482928,0.16800001,0.0,0.16820943,27.69022,27.72022,2960000
hardzero_plus_depr__c0p54__z1p05__lam0p030__nu0p50__psi1p00,hardzero_plus_depr,0.02,32,925,0.0,1,0.50594914,0.50594914,1.0404541,0.09110575,0.09110575,1.0,1.6666216e-15,1.8293264e-14,-27.531857,2.2890449,0.763015,0.16000001,0.0,0.1681991,27.72022,27.750221,2963200
hardzero_plus_depr__c0p54__z1p05__lam0p030__nu0p50__psi1p00,hardzero_plus_depr,0.02,32,926,0.0,1,0.50594914,0.50594914,1.0097209,0.09778653,0.09778653,1.0,1.7359652e-15,1.7752601e-14,-27.627596,2.2214303,0.7404768,0.16000001,0.0,0.16996154,27.750221,27.780222,2966400
hardzero_plus_depr__c0p54__z1p05__lam0p030__nu0p50__psi1p00,hardzero_plus_depr,0.02,32,927,0.0,1,0.50594914,0.50594914,1.0512203,0.0,0.088875026,0.0,0.0,1.7227922e-14,-27.681747,2.3127308,0.77091026,0.072000004,0.0,0.15539266,27.780222,27.810223,2969600
hardzero_plus_depr__c0p54__z1p05__lam0p030__nu0p50__psi1p00,hardzero_plus_depr,0.02,32,928,0.0,1,0.50594914,0.50594914,0.9829231,0.104010426,0.104010426,1.0,1.7389241e-15,1.6718748e-14,-26.278957,2.162474,0.72082466,0.17600001,0.0,0.15693675,27.810223,27.840223,2972800
hardzero_plus_depr__c0p54__z1p05__lam0p030__nu0p50__psi1p00,hardzero_plus_depr,0.02,32,929,0.0,1,0.50594914,0.50594914,1.0323526,0.09282125,0.09282125,1.0,1.5059897e-15,1.6224623e-14,-27.571667,2.271221,0.75707364,0.15200001,0.0,0.16986994,27.840223,27.870224,2976000
hardzero_plus_depr__c0p54__z1p05__lam0p030__nu0p50__psi1p00,hardzero_plus_depr,0.02,32,930,0.0,1,0.50594914,0.50594914,1.0636691,0.0,0.08636362,0.0,0.0,1.5745104e-14,-28.184002,2.3401186,0.78003955,0.08800001,0.0,0.1693572,27.870224,27.900225,2979200
hardzero_plus_depr__c0p54__z1p05__lam0p030__nu0p50__psi1p00,hardzero_plus_depr,0.02,32,931,0.0,1,0.50594914,0.50594914,1.0016447,0.09962201,0.09962201,1.0,1.5221997e-15,1.5279753e-14,-26.439857,2.2036624,0.7345542,0.128,0.0,0.14177714,27.900225,27.930225,2982400
hardzero_plus_depr__c0p54__z1p05__lam0p030__nu0p50__psi1p00,hardzero_plus_depr,0.02,32,932,0.0,1,0.50594914,0.50594914,1.091191,0.0,0.08106043,0.0,0.0,1.4828159e-14,-28.472212,2.4006681,0.80022275,0.120000005,0.0,0.15920347,27.930225,27.960226,2985600
hardzero_plus_depr__c0p54__z1p05__lam0p030__nu0p50__psi1p00,hardzero_plus_depr,0.02,32,933,0.0,1,0.50594914,0.50594914,1.0865546,0.0,0.08193046,0.0,0.0,1.438991e-14,-29.076393,2.390468,0.79682267,0.15200001,0.0,0.2081,27.960226,27.990227,2988800
hardzero_plus_depr__c0p54__z1p05__lam0p030__nu0p50__psi1p00,hardzero_plus_depr,0.02,32,934,0.0,1,0.50594914,0.50594914,1.0399578,0.09120995,0.09120995,1.0,1.2737118e-15,1.3964615e-14,-27.547672,2.2879527,0.7626509,0.16000001,0.0,0.14641958,27.990227,28.020227,2992000
hardzero_plus_depr__c0p54__z1p05__lam0p030__nu0p50__psi1p00,hardzero_plus_depr,0.02,32,935,0.0,1,0.50594914,0.50594914,1.011792,0.097321324,0.097321324,1.0,1.3188878e-15,1.3551889e-14,-27.360668,2.2259867,0.7419956,0.128,0.0,0.16439784,28.020227,28.050228,2995200
hardzero_plus_depr__c0p54__z1p05__lam0p030__nu0p50__psi1p00,hardzero_plus_depr,0.02,32,936,0.0,1,0.50594914,0.50594914,1.009126,0.09792059,0.09792059,1.0,1.2877891e-15,1.3151361e-14,-27.042456,2.2201214,0.7400405,0.17999999,0.01,0.15960029,28.050228,28.080229,2998400
hardzero_plus_depr__c0p54__z1p05__lam0p030__nu0p50__psi1p00,hardzero_plus_depr,0.02,32,937,0.0,1,0.50594914,0.50594914,1.0688491,0.0,0.08533966,0.0,0.0,1.27626715e-14,-27.305193,2.3515148,0.7838383,0.192,0.0,0.15883479,28.080229,28.11023,3001600
hardzero_plus_depr__c0p54__z1p05__lam0p030__nu0p50__psi1p00,hardzero_plus_depr,0.02,32,938,0.0,1,0.50594914,0.50594914,1.0389149,0.09142924,0.09142924,1.0,1.132394e-15,1.2385468e-14,-28.347946,2.2856584,0.7618861,0.15200001,0.0,0.15172915,28.11023,28.14023,3004800
hardzero_plus_depr__c0p54__z1p05__lam0p030__nu0p50__psi1p00,hardzero_plus_depr,0.02,32,939,0.0,1,0.50594914,0.50594914,1.0414187,0.09090365,0.09090365,1.0,1.0926087e-15,1.20194145e-14,-26.777292,2.2911668,0.7637223,0.15200001,0.0,0.160438,28.14023,28.17023,3008000
hardzero_plus_depr__c0p54__z1p05__lam0p030__nu0p50__psi1p00,hardzero_plus_depr,0.02,32,940,0.0,1,0.50594914,0.50594914,1.0405337,0.09108907,0.09108907,1.0,1.0624793e-15,1.166418e-14,-27.710922,2.2892199,0.7630733,0.14400001,0.0,0.16052793,28.17023,28.200232,3011200
hardzero_plus_depr__c0p54__z1p05__lam0p030__nu0p50__psi1p00,hardzero_plus_depr,0.02,32,941,0.0,1,0.50594914,0.50594914,1.0259302,0.0942041,0.0942041,1.0,1.0663378e-15,1.13194425e-14,-27.680655,2.2570915,0.75236386,0.136,0.0,0.15168178,28.200232,28.230232,3014400
hardzero_plus_depr__c0p54__z1p05__lam0p030__nu0p50__psi1p00,hardzero_plus_depr,0.02,32,942,0.0,1,0.50594914,0.50594914,1.0755919,0.0,0.08402491,0.0,0.0,1.0984894e-14,-28.331337,2.3663495,0.7887832,0.136,0.0,0.20987743,28.230232,28.260233,3017600
hardzero_plus_depr__c0p54__z1p05__lam0p030__nu0p50__psi1p00,hardzero_plus_depr,0.02,32,943,0.0,1,0.50594914,0.50594914,1.0750264,0.0,0.08413439,0.0,0.0,1.0660234e-14,-28.044245,2.3651054,0.78836846,0.136,0.0,0.16359206,28.260233,28.290234,3020800
hardzero_plus_depr__c0p54__z1p05__lam0p030__nu0p50__psi1p00,hardzero_plus_depr,0.02,32,944,0.0,1,0.50594914,0.50594914,1.0292515,0.09348641,0.09348641,1.0,9.671329e-16,1.0345171e-14,-27.55294,2.2643983,0.7547995,0.16000001,0.0,0.1640774,28.290234,28.320234,3024000
hardzero_plus_depr__c0p54__z1p05__lam0p030__nu0p50__psi1p00,hardzero_plus_depr,0.02,32,945,0.0,1,0.50594914,0.50594914,1.0408224,0.09102855,0.09102855,1.0,9.138736e-16,1.0039417e-14,-27.257376,2.289855,0.76328504,0.14400001,0.0,0.16422966,28.320234,28.350235,3027200
hardzero_plus_depr__c0p54__z1p05__lam0p030__nu0p50__psi1p00,hardzero_plus_depr,0.02,32,946,0.0,1,0.50594914,0.50594914,1.0224788,0.09495572,0.09495572,1.0,9.251251e-16,9.742701e-15,-26.48437,2.2494984,0.7498328,0.208,0.0,0.18514661,28.350235,28.380236,3030400
hardzero_plus_depr__c0p54__z1p05__lam0p030__nu0p50__psi1p00,hardzero_plus_depr,0.02,32,947,0.0,1,0.50594914,0.50594914,0.9810282,0.10446524,0.10446524,1.0,9.876931e-16,9.4547546e-15,-26.189331,2.1583052,0.7194351,0.256,0.0,0.15522395,28.380236,28.410236,3033600
hardzero_plus_depr__c0p54__z1p05__lam0p030__nu0p50__psi1p00,hardzero_plus_depr,0.02,32,948,0.0,1,0.50594914,0.50594914,1.0073031,0.09833244,0.09833244,1.0,9.022313e-16,9.1753175e-15,-27.091438,2.2161112,0.7387037,0.24800001,0.0,0.17091082,28.410236,28.440237,3036800
hardzero_plus_depr__c0p54__z1p05__lam0p030__nu0p50__psi1p00,hardzero_plus_depr,0.02,32,949,0.0,1,0.50594914,0.50594914,1.051672,0.0,0.08878262,0.0,0.0,8.90414e-15,-27.234484,2.3137245,0.77124155,0.02,0.0,0.158934,28.440237,28.470238,3040000
hardzero_plus_depr__c0p54__z1p05__lam0p030__nu0p50__psi1p00,hardzero_plus_depr,0.02,32,950,0.0,1,0.50594914,0.50594914,1.0193537,0.09564149,0.09564149,1.0,8.2643586e-16,8.640977e-15,-26.951332,2.242623,0.74754107,0.112,0.0,0.14277682,28.470238,28.500238,3043200
hardzero_plus_depr__c0p54__z1p05__lam0p030__nu0p50__psi1p00,hardzero_plus_depr,0.02,32,951,0.0,1,0.50594914,0.50594914,1.0074966,0.098288655,0.098288655,1.0,8.2420853e-16,8.3855914e-15,-27.308643,2.2165368,0.7388456,0.18400002,0.0,0.16152187,28.500238,28.53024,3046400
hardzero_plus_depr__c0p54__z1p05__lam0p030__nu0p50__psi1p00,hardzero_plus_depr,0.02,32,952,0.0,1,0.50594914,0.50594914,1.0517408,0.0,0.088768564,0.0,0.0,8.137755e-15,-27.540298,2.313876,0.771292,0.120000005,0.0,0.2130594,28.53024,28.56024,3049600
hardzero_plus_depr__c0p54__z1p05__lam0p030__nu0p50__psi1p00,hardzero_plus_depr,0.02,32,953,0.0,1,0.50594914,0.50594914,1.0185729,0.09581357,0.09581357,1.0,7.56663e-16,7.897242e-15,-26.159988,2.2409053,0.74696845,0.120000005,0.0,0.13587333,28.56024,28.59024,3052800
hardzero_plus_depr__c0p54__z1p05__lam0p030__nu0p50__psi1p00,hardzero_plus_depr,0.02,32,954,0.0,1,0.50594914,0.50594914,1.0213073,0.095212206,0.095212206,1.0,7.2969093e-16,7.663838e-15,-27.586794,2.246921,0.7489737,0.16800001,0.0,0.1746814,28.59024,28.620241,3056000
hardzero_plus_depr__c0p54__z1p05__lam0p030__nu0p50__psi1p00,hardzero_plus_depr,0.02,32,955,0.0,1,0.50594914,0.50594914,0.9929718,0.10163148,0.10163148,1.0,7.5586706e-16,7.437332e-15,-27.856344,2.1845815,0.7281939,0.192,0.0,0.14950092,28.620241,28.650242,3059200
hardzero_plus_depr__c0p54__z1p05__lam0p030__nu0p50__psi1p00,hardzero_plus_depr,0.02,32,956,0.0,1,0.50594914,0.50594914,1.045923,0.08996572,0.08996572,1.0,6.493294e-16,7.21752e-15,-27.182758,2.3010767,0.7670256,0.136,0.0,0.15700129,28.650242,28.680243,3062400
hardzero_plus_depr__c0p54__z1p05__lam0p030__nu0p50__psi1p00,hardzero_plus_depr,0.02,32,957,0.0,1,0.50594914,0.50594914,0.9590252,0.1098942,0.1098942,1.0,7.6972166e-16,7.004206e-15,-26.380028,2.1098976,0.7032992,0.18400002,0.0,0.1217313,28.680243,28.710243,3065600
hardzero_plus_depr__c0p54__z1p05__lam0p030__nu0p50__psi1p00,hardzero_plus_depr,0.02,32,958,0.0,1,0.50594914,0.50594914,1.0336031,0.09255436,0.09255436,1.0,6.2911016e-16,6.7971963e-15,-27.934544,2.2739723,0.7579908,0.136,0.0,0.16096403,28.710243,28.740244,3068800
hardzero_plus_depr__c0p54__z1p05__lam0p030__nu0p50__psi1p00,hardzero_plus_depr,0.02,32,959,0.0,1,0.50594914,0.50594914,1.01804,0.09593125,0.09593125,1.0,6.3279163e-16,6.596304e-15,-26.96501,2.2397325,0.7465775,0.128,0.0,0.16242644,28.740244,28.770245,3072000
hardzero_plus_depr__c0p54__z1p05__lam0p030__nu0p50__psi1p00,hardzero_plus_depr,0.02,32,960,0.0,1,0.50594914,0.50594914,1.1006911,0.0,0.079306535,0.0,0.0,6.401349e-15,-28.913654,2.4215686,0.8071896,0.14400001,0.0,0.19177105,28.770245,28.800245,3075200
hardzero_plus_depr__c0p54__z1p05__lam0p030__nu0p50__psi1p00,hardzero_plus_depr,0.02,32,961,0.0,1,0.50594914,0.50594914,1.0889877,0.0,0.08147274,0.0,0.0,6.212156e-15,-28.966759,2.3958209,0.798607,0.120000005,0.0,0.17259781,28.800245,28.830246,3078400
hardzero_plus_depr__c0p54__z1p05__lam0p030__nu0p50__psi1p00,hardzero_plus_depr,0.02,32,962,0.0,1,0.50594914,0.50594914,1.0575712,0.0,0.08758481,0.0,0.0,6.0285554e-15,-27.088535,2.326703,0.7755677,0.17,0.0,0.14674054,28.830246,28.860247,3081600
hardzero_plus_depr__c0p54__z1p05__lam0p030__nu0p50__psi1p00,hardzero_plus_depr,0.02,32,963,0.0,1,0.50594914,0.50594914,1.059012,0.0,0.08729471,0.0,0.0,5.8503803e-15,-27.74269,2.329873,0.7766244,0.16000001,0.0,0.17741631,28.860247,28.890247,3084800
hardzero_plus_depr__c0p54__z1p05__lam0p030__nu0p50__psi1p00,hardzero_plus_depr,0.02,32,964,0.0,1,0.50594914,0.50594914,1.0197954,0.095544256,0.095544256,1.0,5.424498e-16,5.6774717e-15,-28.013962,2.2435946,0.7478649,0.18400002,0.0,0.13744594,28.890247,28.920248,3088000
hardzero_plus_depr__c0p54__z1p05__lam0p030__nu0p50__psi1p00,hardzero_plus_depr,0.02,32,965,0.0,1,0.50594914,0.50594914,1.0264673,0.09408765,0.09408765,1.0,5.183922e-16,5.509673e-15,-27.205994,2.2582731,0.7527577,0.104,0.0,0.13691506,28.920248,28.950249,3091200
hardzero_plus_depr__c0p54__z1p05__lam0p030__nu0p50__psi1p00,hardzero_plus_depr,0.02,32,966,0.0,1,0.50594914,0.50594914,0.9875641,0.10290487,0.10290487,1.0,5.502153e-16,5.346834e-15,-26.27507,2.1726844,0.72422814,0.208,0.0,0.16364214,28.950249,28.98025,3094400
hardzero_plus_depr__c0p54__z1p05__lam0p030__nu0p50__psi1p00,hardzero_plus_depr,0.02,32,967,0.0,1,0.50594914,0.50594914,1.0057269,0.09868999,0.09868999,1.0,5.120834e-16,5.188808e-15,-26.55036,2.2126434,0.7375478,0.192,0.0,0.14911199,28.98025,29.01025,3097600
hardzero_plus_depr__c0p54__z1p05__lam0p030__nu0p50__psi1p00,hardzero_plus_depr,0.02,32,968,0.0,1,0.50594914,0.50594914,1.0021955,0.09949575,0.09949575,1.0,5.0100607e-16,5.0354516e-15,-26.268265,2.204874,0.73495805,0.14400001,0.0,0.13429834,29.01025,29.04025,3100800
hardzero_plus_depr__c0p54__z1p05__lam0p030__nu0p50__psi1p00,hardzero_plus_depr,0.02,32,969,0.0,1,0.50594914,0.50594914,1.0030214,0.09930671,0.09930671,1.0,4.85275e-16,4.8866288e-15,-26.882154,2.206691,0.7355637,0.16000001,0.0,0.16462396,29.04025,29.070251,3104000
hardzero_plus_depr__c0p54__z1p05__lam0p030__nu0p50__psi1p00,hardzero_plus_depr,0.02,32,970,0.0,1,0.50594914,0.50594914,1.0114146,0.09740591,0.09740591,1.0,4.6191867e-16,4.7422037e-15,-26.838755,2.2251568,0.74171895,0.208,0.0,0.17725098,29.070251,29.100252,3107200
hardzero_plus_depr__c0p54__z1p05__lam0p030__nu0p50__psi1p00,hardzero_plus_depr,0.02,32,971,0.0,1,0.50594914,0.50594914,0.98708045,0.10301953,0.10301953,1.0,4.741007e-16,4.602047e-15,-26.550545,2.1716204,0.7238735,0.136,0.0,0.14082159,29.100252,29.130253,3110400
hardzero_plus_depr__c0p54__z1p05__lam0p030__nu0p50__psi1p00,hardzero_plus_depr,0.02,32,972,0.0,1,0.50594914,0.50594914,1.0165383,0.09626352,0.09626352,1.0,4.2991605e-16,4.466033e-15,-27.339466,2.2364287,0.74547625,0.15200001,0.0,0.15809551,29.130253,29.160254,3113600
hardzero_plus_depr__c0p54__z1p05__lam0p030__nu0p50__psi1p00,hardzero_plus_depr,0.02,32,973,0.0,1,0.50594914,0.50594914,1.0584611,0.0,0.08740553,0.0,0.0,4.334039e-15,-27.244762,2.328661,0.7762203,0.112,0.0,0.15124075,29.160254,29.190254,3116800
hardzero_plus_depr__c0p54__z1p05__lam0p030__nu0p50__psi1p00,hardzero_plus_depr,0.02,32,974,0.0,1,0.50594914,0.50594914,1.0731505,0.0,0.08449859,0.0,0.0,4.2059455e-15,-27.834408,2.3609784,0.7869928,0.136,0.0,0.18956994,29.190254,29.220255,3120000
hardzero_plus_depr__c0p54__z1p05__lam0p030__nu0p50__psi1p00,hardzero_plus_depr,0.02,32,975,0.0,1,0.50594914,0.50594914,1.1089154,0.0,0.0778188,0.0,0.0,4.0816387e-15,-29.498924,2.4396627,0.8132209,0.12,0.0,0.196341,29.220255,29.250256,3123200
hardzero_plus_depr__c0p54__z1p05__lam0p030__nu0p50__psi1p00,hardzero_plus_depr,0.02,32,976,0.0,1,0.50594914,0.50594914,1.016983,0.09616498,0.09616498,1.0,3.8090998e-16,3.961005e-15,-27.52095,2.2374074,0.7458025,0.112,0.0,0.14496848,29.250256,29.280256,3126400
hardzero_plus_depr__c0p54__z1p05__lam0p030__nu0p50__psi1p00,hardzero_plus_depr,0.02,32,977,0.0,1,0.50594914,0.50594914,1.0355743,0.09213521,0.09213521,1.0,3.5416197e-16,3.843937e-15,-27.445076,2.2783089,0.7594363,0.15200001,0.0,0.1566154,29.280256,29.310257,3129600
hardzero_plus_depr__c0p54__z1p05__lam0p030__nu0p50__psi1p00,hardzero_plus_depr,0.02,32,978,0.0,1,0.50594914,0.50594914,1.0053909,0.09876637,0.09876637,1.0,3.684311e-16,3.7303293e-15,-26.565542,2.211904,0.73730135,0.15200001,0.0,0.14834376,29.310257,29.340258,3132800
hardzero_plus_depr__c0p54__z1p05__lam0p030__nu0p50__psi1p00,hardzero_plus_depr,0.02,32,979,0.0,1,0.50594914,0.50594914,1.0193825,0.095635146,0.095635146,1.0,3.4620674e-16,3.6200786e-15,-26.880978,2.2426863,0.7475621,0.14400001,0.0,0.15051451,29.340258,29.370258,3136000
hardzero_plus_depr__c0p54__z1p05__lam0p030__nu0p50__psi1p00,hardzero_plus_depr,0.02,32,980,0.0,1,0.50594914,0.50594914,1.0977387,0.0,0.07984748,0.0,0.0,3.5130867e-15,-28.191273,2.4150734,0.8050245,0.136,0.0,0.17441231,29.370258,29.400259,3139200
hardzero_plus_depr__c0p54__z1p05__lam0p030__nu0p50__psi1p00,hardzero_plus_depr,0.02,32,981,0.0,1,0.50594914,0.50594914,1.0477479,0.08958848,0.08958848,1.0,3.0543013e-16,3.4092568e-15,-28.566542,2.3050914,0.76836383,0.17600001,0.0,0.1892506,29.400259,29.43026,3142400
hardzero_plus_depr__c0p54__z1p05__lam0p030__nu0p50__psi1p00,hardzero_plus_depr,0.02,32,982,0.0,1,0.50594914,0.50594914,1.0321658,0.092861176,0.092861176,1.0,3.072308e-16,3.3084957e-15,-27.408419,2.2708101,0.7569367,0.16000001,0.0,0.15881924,29.43026,29.46026,3145600
hardzero_plus_depr__c0p54__z1p05__lam0p030__nu0p50__psi1p00,hardzero_plus_depr,0.02,32,983,0.0,1,0.50594914,0.50594914,1.0441862,0.090326205,0.090326205,1.0,2.900115e-16,3.210713e-15,-27.089884,2.2972555,0.76575184,0.104,0.0,0.16121385,29.46026,29.490261,3148800
hardzero_plus_depr__c0p54__z1p05__lam0p030__nu0p50__psi1p00,hardzero_plus_depr,0.02,32,984,0.0,1,0.50594914,0.50594914,1.0744351,0.0,0.08424903,0.0,0.0,3.1158198e-15,-28.861954,2.3638043,0.7879348,0.15200001,0.0,0.19849722,29.490261,29.520262,3152000
hardzero_plus_depr__c0p54__z1p05__lam0p030__nu0p50__psi1p00,hardzero_plus_depr,0.02,32,985,0.0,1,0.50594914,0.50594914,1.0452088,0.090113774,0.090113774,1.0,2.724798e-16,3.023731e-15,-27.46846,2.2995052,0.7665018,0.136,0.0,0.14601995,29.520262,29.550262,3155200
hardzero_plus_depr__c0p54__z1p05__lam0p030__nu0p50__psi1p00,hardzero_plus_depr,0.02,32,986,0.0,1,0.50594914,0.50594914,1.0029714,0.09931815,0.09931815,1.0,2.9143566e-16,2.9343646e-15,-26.467146,2.206581,0.73552704,0.16000001,0.0,0.14459933,29.550262,29.580263,3158400
hardzero_plus_depr__c0p54__z1p05__lam0p030__nu0p50__psi1p00,hardzero_plus_depr,0.02,32,987,0.0,1,0.50594914,0.50594914,1.0294226,0.093449585,0.093449585,1.0,2.6611067e-16,2.847639e-15,-26.827703,2.264775,0.754925,0.096,0.0,0.15524587,29.580263,29.610264,3161600
hardzero_plus_depr__c0p54__z1p05__lam0p030__nu0p50__psi1p00,hardzero_plus_depr,0.02,32,988,0.0,1,0.50594914,0.50594914,1.0347028,0.09232031,0.09232031,1.0,2.55125e-16,2.7634765e-15,-26.836185,2.2763915,0.75879717,0.08,0.0,0.1694685,29.610264,29.640265,3164800
hardzero_plus_depr__c0p54__z1p05__lam0p030__nu0p50__psi1p00,hardzero_plus_depr,0.02,32,989,0.0,1,0.50594914,0.50594914,1.1423838,0.0,0.07204705,0.0,0.0,2.681802e-15,-29.898928,2.5132945,0.83776486,0.096,0.0,0.21176624,29.640265,29.670265,3168000
hardzero_plus_depr__c0p54__z1p05__lam0p030__nu0p50__psi1p00,hardzero_plus_depr,0.02,32,990,0.0,1,0.50594914,0.50594914,0.98110807,0.104446016,0.104446016,1.0,2.71825e-16,2.6025407e-15,-27.176455,2.158481,0.7194936,0.15200001,0.0,0.14871188,29.670265,29.700266,3171200
hardzero_plus_depr__c0p54__z1p05__lam0p030__nu0p50__psi1p00,hardzero_plus_depr,0.02,32,991,0.0,1,0.50594914,0.50594914,1.036811,0.091873236,0.091873236,1.0,2.3203708e-16,2.5256223e-15,-27.98012,2.2810297,0.76034325,0.16000001,0.0,0.15657215,29.700266,29.730267,3174400
hardzero_plus_depr__c0p54__z1p05__lam0p030__nu0p50__psi1p00,hardzero_plus_depr,0.02,32,992,0.0,1,0.50594914,0.50594914,1.0205044,0.095388405,0.095388405,1.0,2.337948e-16,2.4509773e-15,-26.959852,2.2451544,0.74838483,0.112,0.0,0.14907257,29.730267,29.760267,3177600
hardzero_plus_depr__c0p54__z1p05__lam0p030__nu0p50__psi1p00,hardzero_plus_depr,0.02,32,993,0.0,1,0.50594914,0.50594914,0.97048587,0.10703212,0.10703212,1.0,2.5458e-16,2.3785382e-15,-26.35225,2.1351116,0.7117039,0.14400001,0.0,0.14423218,29.760267,29.790268,3180800
hardzero_plus_depr__c0p54__z1p05__lam0p030__nu0p50__psi1p00,hardzero_plus_depr,0.02,32,994,0.0,1,0.50594914,0.50594914,1.0683137,0.0,0.08544493,0.0,0.0,2.3082402e-15,-28.28468,2.350337,0.7834457,0.17600001,0.0,0.1551796,29.790268,29.820269,3184000
hardzero_plus_depr__c0p54__z1p05__lam0p030__nu0p50__psi1p00,hardzero_plus_depr,0.02,32,995,0.0,1,0.50594914,0.50594914,0.99432033,0.101316385,0.101316385,1.0,2.269507e-16,2.2400197e-15,-25.558239,2.1875484,0.72918284,0.216,0.0,0.14616983,29.820269,29.85027,3187200
hardzero_plus_depr__c0p54__z1p05__lam0p030__nu0p50__psi1p00,hardzero_plus_depr,0.02,32,996,0.0,1,0.50594914,0.50594914,1.0177544,0.09599432,0.09599432,1.0,2.0867398e-16,2.1738158e-15,-27.209557,2.2391045,0.74636817,0.16800001,0.0,0.16004792,29.85027,29.88027,3190400
hardzero_plus_depr__c0p54__z1p05__lam0p030__nu0p50__psi1p00,hardzero_plus_depr,0.02,32,997,0.0,1,0.50594914,0.50594914,1.0712371,0.0,0.08487171,0.0,0.0,2.1095684e-15,-28.479437,2.3567686,0.7855896,0.08800001,0.0,0.15424657,29.88027,29.91027,3193600
hardzero_plus_depr__c0p54__z1p05__lam0p030__nu0p50__psi1p00,hardzero_plus_depr,0.02,32,998,0.0,1,0.50594914,0.50594914,0.9646686,0.10847544,0.10847544,1.0,2.2207306e-16,2.0472198e-15,-25.517778,2.1223133,0.70743775,0.16000001,0.0,0.12967253,29.91027,29.940271,3196800
hardzero_plus_depr__c0p54__z1p05__lam0p030__nu0p50__psi1p00,hardzero_plus_depr,0.02,32,999,0.0,1,0.50594914,0.50594914,1.0281519,0.093723424,0.093723424,1.0,1.8620162e-16,1.9867139e-15,-27.244556,2.2619793,0.75399315,0.17600001,0.0,0.195087,29.940271,29.970272,3200000
hardzero_plus_depr__c0p54__z1p05__lam0p030__nu0p50__psi1p00,hardzero_plus_depr,0.02,32,1000,0.0,1,0.50594914,0.50594914,1.0005279,0.09987853,0.09987853,1.0,1.9256542e-16,1.9279963e-15,-26.090506,2.2012053,0.7337351,0.17600001,0.0,0.14430046,29.970272,30.000273,3203200
hardzero_plus_depr__c0p54__z1p05__lam0p030__nu0p50__psi1p00,hardzero_plus_depr,0.02,32,1001,0.0,1,0.50594914,0.50594914,1.0240257,0.09461811,0.09461811,1.0,1.7703183e-16,1.8710143e-15,-27.318798,2.2529016,0.7509672,0.17999999,0.0,0.15780917,30.000273,30.030273,3206400
hardzero_plus_depr__c0p54__z1p05__lam0p030__nu0p50__psi1p00,hardzero_plus_depr,0.02,32,1002,0.0,1,0.50594914,0.50594914,1.0149843,0.09660859,0.09660859,1.0,1.7541377e-16,1.8157161e-15,-26.567963,2.23301,0.7443367,0.128,0.0,0.1353586,30.030273,30.060274,3209600
hardzero_plus_depr__c0p54__z1p05__lam0p030__nu0p50__psi1p00,hardzero_plus_depr,0.02,32,1003,0.0,1,0.50594914,0.50594914,1.0540901,0.0,0.08828965,0.0,0.0,1.7620524e-15,-27.67989,2.3190446,0.7730149,0.15200001,0.0,0.15426318,30.060274,30.090275,3212800
hardzero_plus_depr__c0p54__z1p05__lam0p030__nu0p50__psi1p00,hardzero_plus_depr,0.02,32,1004,0.0,1,0.50594914,0.50594914,0.99864155,0.10031329,0.10031329,1.0,1.715332e-16,1.7099748e-15,-26.999872,2.1970553,0.7323518,0.18400002,0.0,0.15785988,30.090275,30.120275,3216000
hardzero_plus_depr__c0p54__z1p05__lam0p030__nu0p50__psi1p00,hardzero_plus_depr,0.02,32,1005,0.0,1,0.50594914,0.50594914,1.0830672,0.0,0.08259102,0.0,0.0,1.659436e-15,-28.339506,2.3827953,0.79426515,0.14400001,0.0,0.14118823,30.120275,30.150276,3219200
hardzero_plus_depr__c0p54__z1p05__lam0p030__nu0p50__psi1p00,hardzero_plus_depr,0.02,32,1006,0.0,1,0.50594914,0.50594914,1.0182043,0.09589493,0.09589493,1.0,1.5442837e-16,1.6103913e-15,-26.612509,2.2400942,0.7466981,0.17600001,0.0,0.13849308,30.150276,30.180277,3222400
hardzero_plus_depr__c0p54__z1p05__lam0p030__nu0p50__psi1p00,hardzero_plus_depr,0.02,32,1007,0.0,1,0.50594914,0.50594914,1.0457919,0.08999287,0.08999287,1.0,1.4064049e-16,1.5627959e-15,-28.345888,2.300788,0.7669293,0.120000005,0.0,0.1601081,30.180277,30.210278,3225600
hardzero_plus_depr__c0p54__z1p05__lam0p030__nu0p50__psi1p00,hardzero_plus_depr,0.02,32,1008,0.0,1,0.50594914,0.50594914,0.9900873,0.10230874,0.10230874,1.0,1.5516218e-16,1.5166073e-15,-25.839636,2.1782355,0.7260785,0.136,0.0,0.124077365,30.210278,30.240278,3228800
hardzero_plus_depr__c0p54__z1p05__lam0p030__nu0p50__psi1p00,hardzero_plus_depr,0.02,32,1009,0.0,1,0.50594914,0.50594914,1.0013831,0.09968204,0.09968204,1.0,1.4671041e-16,1.4717838e-15,-27.48617,2.2030866,0.73436224,0.16800001,0.0,0.18919589,30.240278,30.270279,3232000
hardzero_plus_depr__c0p54__z1p05__lam0p030__nu0p50__psi1p00,hardzero_plus_depr,0.02,32,1010,0.0,1,0.50594914,0.50594914,0.9875778,0.1029016,0.1029016,1.0,1.469728e-16,1.428285e-15,-25.547619,2.1727145,0.72423816,0.23200001,0.0,0.13725892,30.270279,30.30028,3235200
hardzero_plus_depr__c0p54__z1p05__lam0p030__nu0p50__psi1p00,hardzero_plus_depr,0.02,32,1011,0.0,1,0.50594914,0.50594914,1.0069494,0.098412566,0.098412566,1.0,1.3640689e-16,1.3860719e-15,-26.964458,2.215333,0.7384443,0.2,0.0,0.13663632,30.30028,30.33028,3238400
hardzero_plus_depr__c0p54__z1p05__lam0p030__nu0p50__psi1p00,hardzero_plus_depr,0.02,32,1012,0.0,1,0.50594914,0.50594914,0.98817694,0.10275975,0.10275975,1.0,1.382228e-16,1.3451063e-15,-25.463581,2.1740327,0.72467756,0.192,0.0,0.13022634,30.33028,30.360281,3241600
hardzero_plus_depr__c0p54__z1p05__lam0p030__nu0p50__psi1p00,hardzero_plus_depr,0.02,32,1013,0.0,1,0.50594914,0.50594914,1.0554717,0.0,0.08800925,0.0,0.0,1.3053516e-15,-27.093323,2.322084,0.774028,0.14400001,0.0,0.16280954,30.360281,30.390282,3244800
hardzero_plus_depr__c0p54__z1p05__lam0p030__nu0p50__psi1p00,hardzero_plus_depr,0.02,32,1014,0.0,1,0.50594914,0.50594914,0.99036485,0.10224337,0.10224337,1.0,1.2951901e-16,1.2667718e-15,-27.225355,2.1788461,0.72628206,0.22999999,0.0,0.16414963,30.390282,30.420282,3248000
hardzero_plus_depr__c0p54__z1p05__lam0p030__nu0p50__psi1p00,hardzero_plus_depr,0.02,32,1015,0.0,1,0.50594914,0.50594914,1.0214174,0.09518808,0.09518808,1.0,1.1701776e-16,1.2293321e-15,-26.792854,2.247163,0.7490544,0.16000001,0.0,0.1659348,30.420282,30.450283,3251200
hardzero_plus_depr__c0p54__z1p05__lam0p030__nu0p50__psi1p00,hardzero_plus_depr,0.02,32,1016,0.0,1,0.50594914,0.50594914,1.0345147,0.09236029,0.09236029,1.0,1.1018573e-16,1.192999e-15,-27.373365,2.2759776,0.75865924,0.216,0.0,0.15969951,30.450283,30.480284,3254400
hardzero_plus_depr__c0p54__z1p05__lam0p030__nu0p50__psi1p00,hardzero_plus_depr,0.02,32,1017,0.0,1,0.50594914,0.50594914,1.0504993,0.0,0.08902269,0.0,0.0,1.1577398e-15,-27.273115,2.3111446,0.77038157,0.096,0.0,0.14844568,30.480284,30.510284,3257600
hardzero_plus_depr__c0p54__z1p05__lam0p030__nu0p50__psi1p00,hardzero_plus_depr,0.02,32,1018,0.0,1,0.50594914,0.50594914,1.0172257,0.096111245,0.096111245,1.0,1.07983155e-16,1.1235226e-15,-27.223372,2.2379413,0.74598044,0.14400001,0.0,0.16230637,30.510284,30.540285,3260800
hardzero_plus_depr__c0p54__z1p05__lam0p030__nu0p50__psi1p00,hardzero_plus_depr,0.02,32,1019,0.0,1,0.50594914,0.50594914,0.998533,0.10033836,0.10033836,1.0,1.09400605e-16,1.0903168e-15,-26.68652,2.1968164,0.73227215,0.18400002,0.0,0.16387965,30.540285,30.570286,3264000
hardzero_plus_depr__c0p54__z1p05__lam0p030__nu0p50__psi1p00,hardzero_plus_depr,0.02,32,1020,0.0,1,0.50594914,0.50594914,1.0295589,0.09342027,0.09342027,1.0,9.884726e-17,1.0580923e-15,-27.192474,2.2650747,0.7550249,0.18400002,0.0,0.18894799,30.570286,30.600286,3267200
hardzero_plus_depr__c0p54__z1p05__lam0p030__nu0p50__psi1p00,hardzero_plus_depr,0.02,32,1021,0.0,1,0.50594914,0.50594914,1.012368,0.097192325,0.097192325,1.0,9.979905e-17,1.0268202e-15,-27.039484,2.227254,0.742418,0.2,0.0,0.20502248,30.600286,30.630287,3270400
hardzero_plus_depr__c0p54__z1p05__lam0p030__nu0p50__psi1p00,hardzero_plus_depr,0.02,32,1022,0.0,1,0.50594914,0.50594914,0.9953127,0.101085134,0.101085134,1.0,1.0072855e-16,9.964724e-16,-26.352911,2.1897316,0.72991055,0.16000001,0.0,0.152436,30.630287,30.660288,3273600
hardzero_plus_depr__c0p54__z1p05__lam0p030__nu0p50__psi1p00,hardzero_plus_depr,0.02,32,1023,0.0,1,0.50594914,0.50594914,0.97519726,0.10587728,0.10587728,1.0,1.0238561e-16,9.670215e-16,-26.199528,2.1454768,0.71515894,0.224,0.0,0.12430306,30.660288,30.690289,3276800
hardzero_plus_depr__c0p54__z1p05__lam0p030__nu0p50__psi1p00,hardzero_plus_depr,0.02,32,1024,0.0,1,0.50594914,0.50594914,1.0003229,0.09992566,0.09992566,1.0,9.377435e-17,9.384411e-16,-27.066208,2.2007544,0.7335848,0.112,0.0,0.15652074,30.690289,30.72029,3280000
hardzero_plus_depr__c0p54__z1p05__lam0p030__nu0p50__psi1p00,hardzero_plus_depr,0.02,32,1025,0.0,1,0.50594914,0.50594914,0.97386736,0.10620198,0.10620198,1.0,9.671871e-17,9.107054e-16,-26.033524,2.142551,0.7141837,0.224,0.0,0.12971531,30.72029,30.75029,3283200
hardzero_plus_depr__c0p54__z1p05__lam0p030__nu0p50__psi1p00,hardzero_plus_depr,0.02,32,1026,0.0,1,0.50594914,0.50594914,1.0216836,0.09512977,0.09512977,1.0,8.4074684e-17,8.8378936e-16,-27.02531,2.2477489,0.74924964,0.18400002,0.0,0.22966614,30.75029,30.78029,3286400
hardzero_plus_depr__c0p54__z1p05__lam0p030__nu0p50__psi1p00,hardzero_plus_depr,0.02,32,1027,0.0,1,0.50594914,0.50594914,1.0411971,0.09095004,0.09095004,1.0,7.800502e-17,8.576688e-16,-27.05012,2.2906792,0.76355976,0.22999999,0.0,0.1741013,30.78029,30.810291,3289600
hardzero_plus_depr__c0p54__z1p05__lam0p030__nu0p50__psi1p00,hardzero_plus_depr,0.02,32,1028,0.0,1,0.50594914,0.50594914,1.0013522,0.099689126,0.099689126,1.0,8.297328e-17,8.323203e-16,-26.878345,2.203019,0.73433965,0.16000001,0.008,0.16450758,30.810291,30.840292,3292800
hardzero_plus_depr__c0p54__z1p05__lam0p030__nu0p50__psi1p00,hardzero_plus_depr,0.02,32,1029,0.0,1,0.50594914,0.50594914,1.0017016,0.09960894,0.09960894,1.0,8.045623e-17,8.07721e-16,-27.296045,2.2037876,0.7345959,0.17600001,0.0,0.16849995,30.840292,30.870293,3296000
hardzero_plus_depr__c0p54__z1p05__lam0p030__nu0p50__psi1p00,hardzero_plus_depr,0.02,32,1030,0.0,1,0.50594914,0.50594914,1.0084457,0.09807407,0.09807407,1.0,7.6875235e-17,7.838487e-16,-26.853981,2.2186248,0.73954165,0.18400002,0.0,0.16147019,30.870293,30.900293,3299200
hardzero_plus_depr__c0p54__z1p05__lam0p030__nu0p50__psi1p00,hardzero_plus_depr,0.02,32,1031,0.0,1,0.50594914,0.50594914,1.0522456,0.0,0.08866543,0.0,0.0,7.606819e-16,-27.889093,2.3149867,0.77166224,0.192,0.0,0.16989626,30.900293,30.930294,3302400
hardzero_plus_depr__c0p54__z1p05__lam0p030__nu0p50__psi1p00,hardzero_plus_depr,0.02,32,1032,0.0,1,0.50594914,0.50594914,1.0634409,0.0,0.08640902,0.0,0.0,7.3819985e-16,-27.434956,2.3396168,0.7798723,0.17600001,0.0,0.13657527,30.930294,30.960295,3305600
hardzero_plus_depr__c0p54__z1p05__lam0p030__nu0p50__psi1p00,hardzero_plus_depr,0.02,32,1033,0.0,1,0.50594914,0.50594914,1.0565587,0.0,0.08778922,0.0,0.0,7.163823e-16,-28.572577,2.3244755,0.7748252,0.14400001,0.0,0.15281658,30.960295,30.990295,3308800
hardzero_plus_depr__c0p54__z1p05__lam0p030__nu0p50__psi1p00,hardzero_plus_depr,0.02,32,1034,0.0,1,0.50594914,0.50594914,1.0237564,0.09467681,0.09467681,1.0,6.582022e-17,6.9520954e-16,-27.11994,2.252309,0.75076973,0.16800001,0.0,0.16609308,30.990295,31.020296,3312000
hardzero_plus_depr__c0p54__z1p05__lam0p030__nu0p50__psi1p00,hardzero_plus_depr,0.02,32,1035,0.0,1,0.50594914,0.50594914,1.0206454,0.09535743,0.09535743,1.0,6.4334085e-17,6.746625e-16,-27.022463,2.2454648,0.7484883,0.192,0.0,0.17238824,31.020296,31.050297,3315200
hardzero_plus_depr__c0p54__z1p05__lam0p030__nu0p50__psi1p00,hardzero_plus_depr,0.02,32,1036,0.0,1,0.50594914,0.50594914,1.0009446,0.09978272,0.09978272,1.0,6.5330023e-17,6.547228e-16,-26.082512,2.2021222,0.73404074,0.112,0.0,0.14211792,31.050297,31.080297,3318400
hardzero_plus_depr__c0p54__z1p05__lam0p030__nu0p50__psi1p00,hardzero_plus_depr,0.02,32,1037,0.0,1,0.50594914,0.50594914,1.0354422,0.09216325,0.09216325,1.0,5.8557975e-17,6.353723e-16,-27.382118,2.2780185,0.7593395,0.192,0.0,0.14815329,31.080297,31.110298,3321600
hardzero_plus_depr__c0p54__z1p05__lam0p030__nu0p50__psi1p00,hardzero_plus_depr,0.02,32,1038,0.0,1,0.50594914,0.50594914,0.9850165,0.10351029,0.10351029,1.0,6.382381e-17,6.165938e-16,-26.989916,2.1670797,0.7223599,0.192,0.0,0.14001332,31.110298,31.140299,3324800
hardzero_plus_depr__c0p54__z1p05__lam0p030__nu0p50__psi1p00,hardzero_plus_depr,0.02,32,1039,0.0,1,0.50594914,0.50594914,1.0314937,0.093004994,0.093004994,1.0,5.565142e-17,5.983703e-16,-27.278326,2.2693315,0.75644386,0.2,0.0,0.15026174,31.140299,31.1703,3328000
hardzero_plus_depr__c0p54__z1p05__lam0p030__nu0p50__psi1p00,hardzero_plus_depr,0.02,32,1040,0.0,1,0.50594914,0.50594914,0.95749784,0.11028137,0.11028137,1.0,6.403878e-17,5.806854e-16,-26.664726,2.1065373,0.70217913,0.12,0.0,0.15126318,31.1703,31.2003,3331200
hardzero_plus_depr__c0p54__z1p05__lam0p030__nu0p50__psi1p00,hardzero_plus_depr,0.02,32,1041,0.0,1,0.50594914,0.50594914,1.0217578,0.095113486,0.095113486,1.0,5.359865e-17,5.6352313e-16,-27.022825,2.2479122,0.74930406,0.15200001,0.0,0.14264093,31.2003,31.2303,3334400
hardzero_plus_depr__c0p54__z1p05__lam0p030__nu0p50__psi1p00,hardzero_plus_depr,0.02,32,1042,0.0,1,0.50594914,0.50594914,1.0251635,0.09437054,0.09437054,1.0,5.160824e-17,5.4686813e-16,-27.311262,2.2554047,0.7518016,0.096,0.0,0.15525904,31.2303,31.260302,3337600
hardzero_plus_depr__c0p54__z1p05__lam0p030__nu0p50__psi1p00,hardzero_plus_depr,0.02,32,1043,0.0,1,0.50594914,0.50594914,1.0833247,0.0,0.08254206,0.0,0.0,5.307054e-16,-28.31615,2.3833618,0.794454,0.096,0.0,0.16458154,31.260302,31.290302,3340800
hardzero_plus_depr__c0p54__z1p05__lam0p030__nu0p50__psi1p00,hardzero_plus_depr,0.02,32,1044,0.0,1,0.50594914,0.50594914,1.0323046,0.09283149,0.09283149,1.0,4.7810106e-17,5.1502033e-16,-27.134806,2.2711155,0.75703853,0.23200001,0.0,0.17405018,31.290302,31.320303,3344000
hardzero_plus_depr__c0p54__z1p05__lam0p030__nu0p50__psi1p00,hardzero_plus_depr,0.02,32,1045,0.0,1,0.50594914,0.50594914,1.0348239,0.09229456,0.09229456,1.0,4.6128713e-17,4.9979883e-16,-27.367674,2.276658,0.75888604,0.16000001,0.0,0.15193625,31.320303,31.350304,3347200
hardzero_plus_depr__c0p54__z1p05__lam0p030__nu0p50__psi1p00,hardzero_plus_depr,0.02,32,1046,0.0,1,0.50594914,0.50594914,1.0567813,0.0,0.08774426,0.0,0.0,4.850272e-16,-27.700348,2.3249652,0.7749884,0.128,0.0,0.15578873,31.350304,31.380304,3350400
hardzero_plus_depr__c0p54__z1p05__lam0p030__nu0p50__psi1p00,hardzero_plus_depr,0.02,32,1047,0.0,1,0.50594914,0.50594914,1.0585656,0.0,0.08738448,0.0,0.0,4.706922e-16,-28.570284,2.3288908,0.776297,0.216,0.0,0.17863232,31.380304,31.410305,3353600
hardzero_plus_depr__c0p54__z1p05__lam0p030__nu0p50__psi1p00,hardzero_plus_depr,0.02,32,1048,0.0,1,0.50594914,0.50594914,1.0106987,0.097566634,0.097566634,1.0,4.4566562e-17,4.567808e-16,-27.371119,2.2235816,0.7411939,0.16000001,0.0,0.15949747,31.410305,31.440306,3356800
hardzero_plus_depr__c0p54__z1p05__lam0p030__nu0p50__psi1p00,hardzero_plus_depr,0.02,32,1049,0.0,1,0.50594914,0.50594914,1.0527586,0.0,0.08856077,0.0,0.0,4.4328058e-16,-27.749283,2.3161151,0.7720384,0.16800001,0.0,0.158615,31.440306,31.470306,3360000
hardzero_plus_depr__c0p54__z1p05__lam0p030__nu0p50__psi1p00,hardzero_plus_depr,0.02,32,1050,0.0,1,0.50594914,0.50594914,1.0516424,0.0,0.08878867,0.0,0.0,4.3017937e-16,-27.62835,2.3136594,0.77121985,0.14400001,0.0,0.13423193,31.470306,31.500307,3363200
hardzero_plus_depr__c0p54__z1p05__lam0p030__nu0p50__psi1p00,hardzero_plus_depr,0.02,32,1051,0.0,1,0.50594914,0.50594914,1.0301903,0.093284525,0.093284525,1.0,3.8943058e-17,4.1746535e-16,-27.232689,2.266464,0.75548804,0.136,0.0,0.15092622,31.500307,31.530308,3366400
hardzero_plus_depr__c0p54__z1p05__lam0p030__nu0p50__psi1p00,hardzero_plus_depr,0.02,32,1052,0.0,1,0.50594914,0.50594914,1.0471042,0.08972133,0.08972133,1.0,3.6348543e-17,4.051271e-16,-27.318478,2.3036754,0.7678918,0.16000001,0.0,0.14825158,31.530308,31.560308,3369600
hardzero_plus_depr__c0p54__z1p05__lam0p030__nu0p50__psi1p00,hardzero_plus_depr,0.02,32,1053,0.0,1,0.50594914,0.50594914,1.0270972,0.09395129,0.09395129,1.0,3.693728e-17,3.9315352e-16,-27.060429,2.259659,0.7532197,0.14999999,0.0,0.16107893,31.560308,31.59031,3372800
hardzero_plus_depr__c0p54__z1p05__lam0p030__nu0p50__psi1p00,hardzero_plus_depr,0.02,32,1054,0.0,1,0.50594914,0.50594914,1.0335102,0.09257416,0.09257416,1.0,3.5320172e-17,3.8153384e-16,-27.177258,2.273768,0.75792265,0.18400002,0.0,0.16179128,31.59031,31.62031,3376000
hardzero_plus_depr__c0p54__z1p05__lam0p030__nu0p50__psi1p00,hardzero_plus_depr,0.02,32,1055,0.0,1,0.50594914,0.50594914,1.0697137,0.0,0.08516993,0.0,0.0,3.7025753e-16,-27.44107,2.3534172,0.7844724,0.15200001,0.0,0.18086228,31.62031,31.65031,3379200
hardzero_plus_depr__c0p54__z1p05__lam0p030__nu0p50__psi1p00,hardzero_plus_depr,0.02,32,1056,0.0,1,0.50594914,0.50594914,1.0158421,0.09641795,0.09641795,1.0,3.4644372e-17,3.5931455e-16,-26.29608,2.2348971,0.74496573,0.15200001,0.0,0.13119988,31.65031,31.680311,3382400
hardzero_plus_depr__c0p54__z1p05__lam0p030__nu0p50__psi1p00,hardzero_plus_depr,0.02,32,1057,0.0,1,0.50594914,0.50594914,1.0087613,0.09800285,0.09800285,1.0,3.4173098e-17,3.4869493e-16,-26.207285,2.219319,0.73977304,0.128,0.0,0.1707503,31.680311,31.710312,3385600
hardzero_plus_depr__c0p54__z1p05__lam0p030__nu0p50__psi1p00,hardzero_plus_depr,0.02,32,1058,0.0,1,0.50594914,0.50594914,1.0650473,0.0,0.08609,0.0,0.0,3.383892e-16,-27.865479,2.3431509,0.7810503,0.08800001,0.0,0.20423852,31.710312,31.740313,3388800
hardzero_plus_depr__c0p54__z1p05__lam0p030__nu0p50__psi1p00,hardzero_plus_depr,0.02,32,1059,0.0,1,0.50594914,0.50594914,1.0397983,0.09124346,0.09124346,1.0,2.996326e-17,3.2838806e-16,-27.219097,2.287602,0.762534,0.2,0.0,0.16270696,31.740313,31.770313,3392000
hardzero_plus_depr__c0p54__z1p05__lam0p030__nu0p50__psi1p00,hardzero_plus_depr,0.02,32,1060,0.0,1,0.50594914,0.50594914,0.97748476,0.10532105,0.10532105,1.0,3.3563978e-17,3.1868251e-16,-26.140087,2.1505094,0.71683645,0.120000005,0.0,0.1357609,31.770313,31.800314,3395200
hardzero_plus_depr__c0p54__z1p05__lam0p030__nu0p50__psi1p00,hardzero_plus_depr,0.02,32,1061,0.0,1,0.50594914,0.50594914,1.0583146,0.0,0.087435015,0.0,0.0,3.0926385e-16,-27.483223,2.3283386,0.7761129,0.17600001,0.0,0.17924248,31.800314,31.830315,3398400
hardzero_plus_depr__c0p54__z1p05__lam0p030__nu0p50__psi1p00,hardzero_plus_depr,0.02,32,1062,0.0,1,0.50594914,0.50594914,1.0114563,0.097396575,0.097396575,1.0,2.9231e-17,3.001235e-16,-26.916334,2.225248,0.7417494,0.16000001,0.0,0.15752882,31.830315,31.860315,3401600
hardzero_plus_depr__c0p54__z1p05__lam0p030__nu0p50__psi1p00,hardzero_plus_depr,0.02,32,1063,0.0,1,0.50594914,0.50594914,1.0390396,0.09140299,0.09140299,1.0,2.6621422e-17,2.9125328e-16,-27.893007,2.2859328,0.7619776,0.136,0.0,0.14368942,31.860315,31.890316,3404800
hardzero_plus_depr__c0p54__z1p05__lam0p030__nu0p50__psi1p00,hardzero_plus_depr,0.02,32,1064,0.0,1,0.50594914,0.50594914,1.0061241,0.09859976,0.09859976,1.0,2.7868757e-17,2.8264529e-16,-26.665646,2.2135172,0.7378391,0.18400002,0.0,0.16040394,31.890316,31.920317,3408000
hardzero_plus_depr__c0p54__z1p05__lam0p030__nu0p50__psi1p00,hardzero_plus_depr,0.02,32,1065,0.0,1,0.50594914,0.50594914,1.0102834,0.097659975,0.097659975,1.0,2.6787318e-17,2.7429166e-16,-26.946213,2.2226677,0.74088925,0.16000001,0.0,0.14316,31.920317,31.950317,3411200
hardzero_plus_depr__c0p54__z1p05__lam0p030__nu0p50__psi1p00,hardzero_plus_depr,0.02,32,1066,0.0,1,0.50594914,0.50594914,1.0518106,0.0,0.08875428,0.0,0.0,2.6618492e-16,-27.330988,2.3140297,0.77134323,0.12,0.0,0.15921906,31.950317,31.980318,3414400
hardzero_plus_depr__c0p54__z1p05__lam0p030__nu0p50__psi1p00,hardzero_plus_depr,0.02,32,1067,0.0,1,0.50594914,0.50594914,1.0287805,0.09358787,0.09358787,1.0,2.417541e-17,2.5831779e-16,-26.85332,2.2633622,0.7544541,0.18400002,0.0,0.15161252,31.980318,32.01032,3417600
hardzero_plus_depr__c0p54__z1p05__lam0p030__nu0p50__psi1p00,hardzero_plus_depr,0.02,32,1068,0.0,1,0.50594914,0.50594914,1.0841235,0.0,0.08239038,0.0,0.0,2.5068319e-16,-28.358206,2.3851192,0.7950398,0.17600001,0.0,0.2068484,32.01032,32.040318,3420800
hardzero_plus_depr__c0p54__z1p05__lam0p030__nu0p50__psi1p00,hardzero_plus_depr,0.02,32,1069,0.0,1,0.50594914,0.50594914,1.0274895,0.09386646,0.09386646,1.0,2.2835332e-17,2.4327467e-16,-26.983768,2.2605221,0.7535074,0.112,0.0,0.1780077,32.040318,32.070316,3424000
hardzero_plus_depr__c0p54__z1p05__lam0p030__nu0p50__psi1p00,hardzero_plus_depr,0.02,32,1070,0.0,1,0.50594914,0.50594914,0.99713165,0.10066265,0.10066265,1.0,2.3764952e-17,2.360851e-16,-27.762009,2.1937335,0.7312445,0.15200001,0.0,0.16181423,32.070316,32.100315,3427200
hardzero_plus_depr__c0p54__z1p05__lam0p030__nu0p50__psi1p00,hardzero_plus_depr,0.02,32,1071,0.0,1,0.50594914,0.50594914,1.068718,0.0,0.08536544,0.0,0.0,2.29108e-16,-28.082989,2.3512266,0.7837422,0.080000006,0.0,0.18127282,32.100315,32.130314,3430400
hardzero_plus_depr__c0p54__z1p05__lam0p030__nu0p50__psi1p00,hardzero_plus_depr,0.02,32,1072,0.0,1,0.50594914,0.50594914,0.9889493,0.10257717,0.10257717,1.0,2.2806713e-17,2.2233712e-16,-26.034622,2.175732,0.725244,0.2,0.0,0.1457014,32.130314,32.160313,3433600
hardzero_plus_depr__c0p54__z1p05__lam0p030__nu0p50__psi1p00,hardzero_plus_depr,0.02,32,1073,0.0,1,0.50594914,0.50594914,1.0227879,0.094888166,0.094888166,1.0,2.0473671e-17,2.1576633e-16,-27.118979,2.2501783,0.7500595,0.14400001,0.0,0.16089046,32.160313,32.19031,3436800
hardzero_plus_depr__c0p54__z1p05__lam0p030__nu0p50__psi1p00,hardzero_plus_depr,0.02,32,1074,0.0,1,0.50594914,0.50594914,1.0242606,0.09456694,0.09456694,1.0,1.9801346e-17,2.0938972e-16,-26.903316,2.2534184,0.7511395,0.24800001,0.0,0.15532024,32.19031,32.22031,3440000
hardzero_plus_depr__c0p54__z1p05__lam0p030__nu0p50__psi1p00,hardzero_plus_depr,0.02,32,1075,0.0,1,0.50594914,0.50594914,1.0196232,0.095582165,0.095582165,1.0,1.9422447e-17,2.0320158e-16,-26.30275,2.2432158,0.7477386,0.080000006,0.0,0.13841224,32.22031,32.25031,3443200
hardzero_plus_depr__c0p54__z1p05__lam0p030__nu0p50__psi1p00,hardzero_plus_depr,0.02,32,1076,0.0,1,0.50594914,0.50594914,1.0394895,0.091308355,0.091308355,1.0,1.8005669e-17,1.9719628e-16,-27.15319,2.2869225,0.7623075,0.17600001,0.0,0.18452065,32.25031,32.280308,3446400
hardzero_plus_depr__c0p54__z1p05__lam0p030__nu0p50__psi1p00,hardzero_plus_depr,0.02,32,1077,0.0,1,0.50594914,0.50594914,1.0460352,0.08994247,0.08994247,1.0,1.7212156e-17,1.9136851e-16,-26.8732,2.3013234,0.76710784,0.104,0.0,0.16995206,32.280308,32.310307,3449600
hardzero_plus_depr__c0p54__z1p05__lam0p030__nu0p50__psi1p00,hardzero_plus_depr,0.02,32,1078,0.0,1,0.50594914,0.50594914,1.0006092,0.09985983,0.09985983,1.0,1.8545264e-17,1.8571294e-16,-27.180809,2.201384,0.7337947,0.14400001,0.0,0.12976345,32.310307,32.340305,3452800
hardzero_plus_depr__c0p54__z1p05__lam0p030__nu0p50__psi1p00,hardzero_plus_depr,0.02,32,1079,0.0,1,0.50594914,0.50594914,1.0689478,0.0,0.085320264,0.0,0.0,1.802245e-16,-27.156208,2.351732,0.7839107,0.12,0.0,0.15631278,32.340305,32.370304,3456000
hardzero_plus_depr__c0p54__z1p05__lam0p030__nu0p50__psi1p00,hardzero_plus_depr,0.02,32,1080,0.0,1,0.50594914,0.50594914,1.0291705,0.093503855,0.093503855,1.0,1.6353663e-17,1.7489827e-16,-26.13462,2.2642202,0.7547401,0.23200001,0.0,0.16293454,32.370304,32.400303,3459200
hardzero_plus_depr__c0p54__z1p05__lam0p030__nu0p50__psi1p00,hardzero_plus_depr,0.02,32,1081,0.0,1,0.50594914,0.50594914,1.0212352,0.095228024,0.095228024,1.0,1.6163e-17,1.6972945e-16,-26.752867,2.2467623,0.7489208,0.216,0.0,0.15204324,32.400303,32.4303,3462400
hardzero_plus_depr__c0p54__z1p05__lam0p030__nu0p50__psi1p00,hardzero_plus_depr,0.02,32,1082,0.0,1,0.50594914,0.50594914,1.0212866,0.09521674,0.09521674,1.0,1.5683473e-17,1.6471339e-16,-26.978981,2.2468755,0.7489585,0.15200001,0.0,0.16019177,32.4303,32.4603,3465600
hardzero_plus_depr__c0p54__z1p05__lam0p030__nu0p50__psi1p00,hardzero_plus_depr,0.02,32,1083,0.0,1,0.50594914,0.50594914,0.9955996,0.10101838,0.10101838,1.0,1.6147341e-17,1.5984559e-16,-26.4061,2.190363,0.730121,0.192,0.0,0.13254195,32.4603,32.4903,3468800
hardzero_plus_depr__c0p54__z1p05__lam0p030__nu0p50__psi1p00,hardzero_plus_depr,0.02,32,1084,0.0,1,0.50594914,0.50594914,1.029077,0.09352396,0.09352396,1.0,1.4507588e-17,1.5512163e-16,-27.639704,2.2640147,0.7546716,0.15200001,0.0,0.1715311,32.4903,32.520298,3472000
hardzero_plus_depr__c0p54__z1p05__lam0p030__nu0p50__psi1p00,hardzero_plus_depr,0.02,32,1085,0.0,1,0.50594914,0.50594914,1.0581905,0.0,0.08746002,0.0,0.0,1.5053726e-16,-27.823708,2.3280656,0.7760219,0.16000001,0.0,0.180589,32.520298,32.550297,3475200
hardzero_plus_depr__c0p54__z1p05__lam0p030__nu0p50__psi1p00,hardzero_plus_depr,0.02,32,1086,0.0,1,0.50594914,0.50594914,1.029268,0.09348286,0.09348286,1.0,1.3656761e-17,1.460884e-16,-27.250679,2.2644348,0.75481164,0.14400001,0.0,0.1546355,32.550297,32.580296,3478400
hardzero_plus_depr__c0p54__z1p05__lam0p030__nu0p50__psi1p00,hardzero_plus_depr,0.02,32,1087,0.0,1,0.50594914,0.50594914,1.0893419,0.0,0.08140632,0.0,0.0,1.41771e-16,-28.417625,2.3966,0.7988667,0.136,0.0,0.18059385,32.580296,32.610294,3481600
hardzero_plus_depr__c0p54__z1p05__lam0p030__nu0p50__psi1p00,hardzero_plus_depr,0.02,32,1088,0.0,1,0.50594914,0.50594914,1.0175998,0.09602849,0.09602849,1.0,1.32117155e-17,1.375812e-16,-27.648382,2.2387643,0.7462548,0.192,0.0,0.18206514,32.610294,32.640293,3484800
hardzero_plus_depr__c0p54__z1p05__lam0p030__nu0p50__psi1p00,hardzero_plus_depr,0.02,32,1089,0.0,1,0.50594914,0.50594914,0.990864,0.10212591,0.10212591,1.0,1.3635364e-17,1.3351522e-16,-26.1195,2.1799443,0.7266481,0.192,0.0,0.15256603,32.640293,32.67029,3488000
hardzero_plus_depr__c0p54__z1p05__lam0p030__nu0p50__psi1p00,hardzero_plus_depr,0.02,32,1090,0.0,1,0.50594914,0.50594914,1.0534929,0.0,0.08841115,0.0,0.0,1.2956941e-16,-28.092924,2.3177307,0.7725769,0.17600001,0.0,0.18121341,32.67029,32.70029,3491200
hardzero_plus_depr__c0p54__z1p05__lam0p030__nu0p50__psi1p00,hardzero_plus_depr,0.02,32,1091,0.0,1,0.50594914,0.50594914,1.0002549,0.09994134,0.09994134,1.0,1.2566646e-17,1.2574021e-16,-26.6467,2.2006047,0.73353493,0.18400002,0.0,0.15425512,32.70029,32.73029,3494400
hardzero_plus_depr__c0p54__z1p05__lam0p030__nu0p50__psi1p00,hardzero_plus_depr,0.02,32,1092,0.0,1,0.50594914,0.50594914,1.057176,0.0,0.087664545,0.0,0.0,1.2202418e-16,-29.21461,2.3258336,0.77527785,0.12,0.0,0.1747918,32.73029,32.76029,3497600
hardzero_plus_depr__c0p54__z1p05__lam0p030__nu0p50__psi1p00,hardzero_plus_depr,0.02,32,1093,0.0,1,0.50594914,0.50594914,1.0059144,0.09864738,0.09864738,1.0,1.1681621e-17,1.1841796e-16,-27.436312,2.213056,0.7376854,0.16000001,0.0,0.15831602,32.76029,32.790287,3500800
hardzero_plus_depr__c0p54__z1p05__lam0p030__nu0p50__psi1p00,hardzero_plus_depr,0.02,32,1094,0.0,1,0.50594914,0.50594914,1.0473614,0.08966824,0.08966824,1.0,1.0304523e-17,1.1491832e-16,-27.647654,2.304241,0.76808035,0.128,0.0,0.1590155,32.790287,32.820286,3504000
hardzero_plus_depr__c0p54__z1p05__lam0p030__nu0p50__psi1p00,hardzero_plus_depr,0.02,32,1095,0.0,1,0.50594914,0.50594914,1.0705712,0.0,0.08500194,0.0,0.0,1.115221e-16,-27.459875,2.3553035,0.7851012,0.128,0.0,0.15506762,32.820286,32.850285,3507200
hardzero_plus_depr__c0p54__z1p05__lam0p030__nu0p50__psi1p00,hardzero_plus_depr,0.02,32,1096,0.0,1,0.50594914,0.50594914,1.0496625,0.089194395,0.089194395,1.0,9.653176e-18,1.08226267e-16,-27.477694,2.3093035,0.7697679,0.112,0.0,0.15305641,32.850285,32.880283,3510400
hardzero_plus_depr__c0p54__z1p05__lam0p030__nu0p50__psi1p00,hardzero_plus_depr,0.02,32,1097,0.0,1,0.50594914,0.50594914,1.043298,0.09051113,0.09051113,1.0,9.506186e-18,1.0502782e-16,-27.41406,2.2953014,0.7651005,0.208,0.0,0.16421992,32.880283,32.910282,3513600
hardzero_plus_depr__c0p54__z1p05__lam0p030__nu0p50__psi1p00,hardzero_plus_depr,0.02,32,1098,0.0,1,0.50594914,0.50594914,1.0218304,0.095097594,0.095097594,1.0,9.692718e-18,1.01923905e-16,-27.002514,2.248072,0.74935734,0.16800001,0.0,0.15473525,32.910282,32.94028,3516800
hardzero_plus_depr__c0p54__z1p05__lam0p030__nu0p50__psi1p00,hardzero_plus_depr,0.02,32,1099,0.0,1,0.50594914,0.50594914,1.0387306,0.09146804,0.09146804,1.0,9.0472615e-18,9.8911717e-17,-27.009045,2.285253,0.76175106,0.18400002,0.0,0.16213116,32.94028,32.97028,3520000
hardzero_plus_depr__c0p54__z1p05__lam0p030__nu0p50__psi1p00,hardzero_plus_depr,0.02,32,1100,0.0,1,0.50594914,0.50594914,1.064153,0.0,0.08626746,0.0,0.0,9.598856e-17,-27.323673,2.3411832,0.78039443,0.120000005,0.0,0.19097582,32.97028,33.00028,3523200
hardzero_plus_depr__c0p54__z1p05__lam0p030__nu0p50__psi1p00,hardzero_plus_depr,0.02,32,1101,0.0,1,0.50594914,0.50594914,1.0332509,0.09262944,0.09262944,1.0,8.628597e-18,9.315178e-17,-26.701061,2.2731974,0.7577325,0.17600001,0.0,0.12963577,33.00028,33.030277,3526400
hardzero_plus_depr__c0p54__z1p05__lam0p030__nu0p50__psi1p00,hardzero_plus_depr,0.02,32,1102,0.0,1,0.50594914,0.50594914,1.0390254,0.09140598,0.09140598,1.0,8.262994e-18,9.039884e-17,-27.569622,2.2859015,0.7619672,0.136,0.0,0.16298951,33.030277,33.060276,3529600
hardzero_plus_depr__c0p54__z1p05__lam0p030__nu0p50__psi1p00,hardzero_plus_depr,0.02,32,1103,0.0,1,0.50594914,0.50594914,0.9984187,0.100364774,0.100364774,1.0,8.804727e-18,8.772726e-17,-27.046408,2.196565,0.73218834,0.16800001,0.0,0.13139404,33.060276,33.090275,3532800
hardzero_plus_depr__c0p54__z1p05__lam0p030__nu0p50__psi1p00,hardzero_plus_depr,0.02,32,1104,0.0,1,0.50594914,0.50594914,1.0405269,0.09109051,0.09109051,1.0,7.754956e-18,8.5134626e-17,-27.867664,2.2892048,0.7630683,0.16000001,0.0,0.14015351,33.090275,33.120274,3536000
hardzero_plus_depr__c0p54__z1p05__lam0p030__nu0p50__psi1p00,hardzero_plus_depr,0.02,32,1105,0.0,1,0.50594914,0.50594914,1.0752614,0.0,0.084088884,0.0,0.0,8.261862e-17,-28.02016,2.3656223,0.7885408,0.14,0.0,0.17736204,33.120274,33.150272,3539200
hardzero_plus_depr__c0p54__z1p05__lam0p030__nu0p50__psi1p00,hardzero_plus_depr,0.02,32,1106,0.0,1,0.50594914,0.50594914,1.0234658,0.09474019,0.09474019,1.0,7.5959805e-18,8.017696e-17,-27.060024,2.2516696,0.7505566,0.120000005,0.0,0.15547033,33.150272,33.18027,3542400
hardzero_plus_depr__c0p54__z1p05__lam0p030__nu0p50__psi1p00,hardzero_plus_depr,0.02,32,1107,0.0,1,0.50594914,0.50594914,1.0571529,0.0,0.08766921,0.0,0.0,7.7807474e-17,-28.020224,2.3257828,0.7752609,0.2,0.0,0.17036521,33.18027,33.21027,3545600
hardzero_plus_depr__c0p54__z1p05__lam0p030__nu0p50__psi1p00,hardzero_plus_depr,0.02,32,1108,0.0,1,0.50594914,0.50594914,1.0628816,0.0,0.086520374,0.0,0.0,7.550801e-17,-28.181372,2.3383863,0.7794621,0.18400002,0.0,0.15124978,33.21027,33.24027,3548800
hardzero_plus_depr__c0p54__z1p05__lam0p030__nu0p50__psi1p00,hardzero_plus_depr,0.02,32,1109,0.0,1,0.50594914,0.50594914,1.0345882,0.09234466,0.09234466,1.0,6.7666927e-18,7.3276496e-17,-27.346596,2.2761395,0.7587132,0.136,0.0,0.1492863,33.24027,33.270267,3552000
hardzero_plus_depr__c0p54__z1p05__lam0p030__nu0p50__psi1p00,hardzero_plus_depr,0.02,32,1110,0.0,1,0.50594914,0.50594914,0.98026496,0.104648985,0.104648985,1.0,7.441687e-18,7.111094e-17,-26.175459,2.156626,0.71887535,0.112,0.0,0.12323293,33.270267,33.300266,3555200
hardzero_plus_depr__c0p54__z1p05__lam0p030__nu0p50__psi1p00,hardzero_plus_depr,0.02,32,1111,0.0,1,0.50594914,0.50594914,0.98803425,0.102793515,0.102793515,1.0,7.0937165e-18,6.9009376e-17,-26.979311,2.1737187,0.7245729,0.16800001,0.0,0.15114377,33.300266,33.330265,3558400
hardzero_plus_depr__c0p54__z1p05__lam0p030__nu0p50__psi1p00,hardzero_plus_depr,0.02,32,1112,0.0,1,0.50594914,0.50594914,1.0544249,0.0,0.08822165,0.0,0.0,6.6969925e-17,-27.637165,2.319781,0.77326035,0.112,0.0,0.18093562,33.330265,33.360264,3561600
hardzero_plus_depr__c0p54__z1p05__lam0p030__nu0p50__psi1p00,hardzero_plus_depr,0.02,32,1113,0.0,1,0.50594914,0.50594914,1.0200807,0.095481515,0.095481515,1.0,6.2054142e-18,6.499074e-17,-26.390968,2.2442224,0.7480742,0.14400001,0.0,0.14654732,33.360264,33.390263,3564800
hardzero_plus_depr__c0p54__z1p05__lam0p030__nu0p50__psi1p00,hardzero_plus_depr,0.02,32,1114,0.0,1,0.50594914,0.50594914,0.963877,0.10867332,0.10867332,1.0,6.854032e-18,6.3070053e-17,-25.968424,2.1205719,0.7068573,0.128,0.0,0.14422023,33.390263,33.42026,3568000
hardzero_plus_depr__c0p54__z1p05__lam0p030__nu0p50__psi1p00,hardzero_plus_depr,0.02,32,1115,0.0,1,0.50594914,0.50594914,1.0079331,0.09818991,0.09818991,1.0,6.009824e-18,6.1206124e-17,-26.974089,2.217497,0.7391657,0.16800001,0.0,0.17619729,33.42026,33.45026,3571200
hardzero_plus_depr__c0p54__z1p05__lam0p030__nu0p50__psi1p00,hardzero_plus_depr,0.02,32,1116,0.0,1,0.50594914,0.50594914,0.98474693,0.103574544,0.103574544,1.0,6.152046e-18,5.939728e-17,-26.497831,2.1664865,0.7221622,0.14400001,0.0,0.13068248,33.45026,33.48026,3574400
hardzero_plus_depr__c0p54__z1p05__lam0p030__nu0p50__psi1p00,hardzero_plus_depr,0.02,32,1117,0.0,1,0.50594914,0.50594914,1.022079,0.09504319,0.09504319,1.0,5.47847e-18,5.76419e-17,-26.223372,2.2486186,0.74953955,0.112,0.0,0.12525795,33.48026,33.510258,3577600
hardzero_plus_depr__c0p54__z1p05__lam0p030__nu0p50__psi1p00,hardzero_plus_depr,0.02,32,1118,0.0,1,0.50594914,0.50594914,1.0093766,0.097864084,0.097864084,1.0,5.4743595e-18,5.5938393e-17,-27.162207,2.220673,0.74022436,0.089999996,0.0,0.14949478,33.510258,33.540257,3580800
hardzero_plus_depr__c0p54__z1p05__lam0p030__nu0p50__psi1p00,hardzero_plus_depr,0.02,32,1119,0.0,1,0.50594914,0.50594914,1.0008639,0.09980129,0.09980129,1.0,5.4177356e-18,5.4285227e-17,-26.80818,2.2019446,0.73398155,0.16800001,0.0,0.16405313,33.540257,33.570255,3584000
hardzero_plus_depr__c0p54__z1p05__lam0p030__nu0p50__psi1p00,hardzero_plus_depr,0.02,32,1120,0.0,1,0.50594914,0.50594914,1.0061225,0.09860014,0.09860014,1.0,5.194346e-18,5.268092e-17,-26.763597,2.2135136,0.7378379,0.16000001,0.0,0.14133276,33.570255,33.600254,3587200
hardzero_plus_depr__c0p54__z1p05__lam0p030__nu0p50__psi1p00,hardzero_plus_depr,0.02,32,1121,0.0,1,0.50594914,0.50594914,1.0396861,0.09126703,0.09126703,1.0,4.6659385e-18,5.1124033e-17,-27.052362,2.287355,0.76245165,0.14400001,0.0,0.16533011,33.600254,33.630253,3590400
hardzero_plus_depr__c0p54__z1p05__lam0p030__nu0p50__psi1p00,hardzero_plus_depr,0.02,32,1122,0.0,1,0.50594914,0.50594914,1.0830216,0.0,0.08259967,0.0,0.0,4.9613142e-17,-28.32951,2.3826952,0.7942318,0.112,0.0,0.16535299,33.630253,33.66025,3593600
hardzero_plus_depr__c0p54__z1p05__lam0p030__nu0p50__psi1p00,hardzero_plus_depr,0.02,32,1123,0.0,1,0.50594914,0.50594914,1.0445507,0.09025044,0.09025044,1.0,4.34528e-18,4.814691e-17,-27.423744,2.2980573,0.7660191,0.17600001,0.0,0.16536167,33.66025,33.69025,3596800
hardzero_plus_depr__c0p54__z1p05__lam0p030__nu0p50__psi1p00,hardzero_plus_depr,0.02,32,1124,0.0,1,0.50594914,0.50594914,0.99971086,0.10006659,0.10006659,1.0,4.6755127e-18,4.6724015e-17,-26.538559,2.1994078,0.73313594,0.128,0.0,0.15460852,33.69025,33.72025,3600000
hardzero_plus_depr__c0p54__z1p05__lam0p030__nu0p50__psi1p00,hardzero_plus_depr,0.02,32,1125,0.0,1,0.50594914,0.50594914,1.006544,0.09850449,0.09850449,1.0,4.4665052e-18,4.5343163e-17,-27.0739,2.214441,0.738147,0.16000001,0.0,0.17083053,33.72025,33.750248,3603200
hardzero_plus_depr__c0p54__z1p05__lam0p030__nu0p50__psi1p00,hardzero_plus_depr,0.02,32,1126,0.0,1,0.50594914,0.50594914,0.9824085,0.10413374,0.10413374,1.0,4.58221e-18,4.4003127e-17,-27.17594,2.161342,0.7204473,0.18400002,0.0,0.16757922,33.750248,33.780247,3606400
hardzero_plus_depr__c0p54__z1p05__lam0p030__nu0p50__psi1p00,hardzero_plus_depr,0.02,32,1127,0.0,1,0.50594914,0.50594914,0.99840707,0.10036745,0.10036745,1.0,4.28596e-18,4.270269e-17,-26.480688,2.1965394,0.7321798,0.16000001,0.0,0.13255005,33.780247,33.810246,3609600
hardzero_plus_depr__c0p54__z1p05__lam0p030__nu0p50__psi1p00,hardzero_plus_depr,0.02,32,1128,0.0,1,0.50594914,0.50594914,1.029361,0.09346285,0.09346285,1.0,3.8731644e-18,4.1440683e-17,-28.042158,2.2646394,0.75487983,0.14400001,0.0,0.1847016,33.810246,33.840244,3612800
hardzero_plus_depr__c0p54__z1p05__lam0p030__nu0p50__psi1p00,hardzero_plus_depr,0.02,32,1129,0.0,1,0.50594914,0.50594914,1.0461792,0.089912646,0.089912646,1.0,3.615925e-18,4.0215976e-17,-27.156824,2.30164,0.76721334,0.120000005,0.0,0.17907758,33.840244,33.870243,3616000
hardzero_plus_depr__c0p54__z1p05__lam0p030__nu0p50__psi1p00,hardzero_plus_depr,0.02,32,1130,0.0,1,0.50594914,0.50594914,1.0534801,0.0,0.08841376,0.0,0.0,3.902746e-17,-28.37687,2.3177025,0.7725675,0.18400002,0.0,0.17205644,33.870243,33.90024,3619200
hardzero_plus_depr__c0p54__z1p05__lam0p030__nu0p50__psi1p00,hardzero_plus_depr,0.02,32,1131,0.0,1,0.50594914,0.50594914,0.9796849,0.10478885,0.10478885,1.0,3.9687803e-18,3.7874072e-17,-26.010324,2.1553497,0.71844995,0.14,0.0,0.16394724,33.90024,33.93024,3622400
hardzero_plus_depr__c0p54__z1p05__lam0p030__nu0p50__psi1p00,hardzero_plus_depr,0.02,32,1132,0.0,1,0.50594914,0.50594914,0.9798576,0.10474719,0.10474719,1.0,3.849959e-18,3.675477e-17,-26.90093,2.1557298,0.7185766,0.136,0.0,0.16237521,33.93024,33.96024,3625600
hardzero_plus_depr__c0p54__z1p05__lam0p030__nu0p50__psi1p00,hardzero_plus_depr,0.02,32,1133,0.0,1,0.50594914,0.50594914,1.0761052,0.0,0.08392565,0.0,0.0,3.5668547e-17,-27.663464,2.3674788,0.78915966,0.080000006,0.0,0.14867425,33.96024,33.99024,3628800
hardzero_plus_depr__c0p54__z1p05__lam0p030__nu0p50__psi1p00,hardzero_plus_depr,0.02,32,1134,0.0,1,0.50594914,0.50594914,1.0265886,0.09406141,0.09406141,1.0,3.2558817e-18,3.4614425e-17,-26.8277,2.25854,0.75284666,0.14400001,0.0,0.1861992,33.99024,34.020237,3632000
hardzero_plus_depr__c0p54__z1p05__lam0p030__nu0p50__psi1p00,hardzero_plus_depr,0.02,32,1135,0.0,1,0.50594914,0.50594914,1.0102156,0.097675204,0.097675204,1.0,3.2810518e-18,3.359145e-17,-26.361614,2.2225187,0.7408396,0.136,0.0,0.15640445,34.020237,34.050236,3635200
hardzero_plus_depr__c0p54__z1p05__lam0p030__nu0p50__psi1p00,hardzero_plus_depr,0.02,32,1136,0.0,1,0.50594914,0.50594914,1.0743067,0.0,0.08427394,0.0,0.0,3.2598718e-17,-28.29848,2.363522,0.7878407,0.128,0.0,0.15154712,34.050236,34.080235,3638400
hardzero_plus_depr__c0p54__z1p05__lam0p030__nu0p50__psi1p00,hardzero_plus_depr,0.02,32,1137,0.0,1,0.50594914,0.50594914,1.0383865,0.091540545,0.091540545,1.0,2.8959142e-18,3.1635317e-17,-27.759388,2.2844958,0.76149863,0.104,0.0,0.16117711,34.080235,34.110233,3641600
hardzero_plus_depr__c0p54__z1p05__lam0p030__nu0p50__psi1p00,hardzero_plus_depr,0.02,32,1138,0.0,1,0.50594914,0.50594914,1.0180289,0.09593368,0.09593368,1.0,2.9452014e-18,3.0700388e-17,-27.512493,2.2397082,0.7465694,0.17600001,0.0,0.16647163,34.110233,34.140232,3644800
hardzero_plus_depr__c0p54__z1p05__lam0p030__nu0p50__psi1p00,hardzero_plus_depr,0.02,32,1139,0.0,1,0.50594914,0.50594914,1.0143449,0.0967509,0.0967509,1.0,2.8825083e-18,2.979309e-17,-27.385237,2.2316034,0.7438678,0.120000005,0.0,0.15417665,34.140232,34.17023,3648000
hardzero_plus_depr__c0p54__z1p05__lam0p030__nu0p50__psi1p00,hardzero_plus_depr,0.02,32,1140,0.0,1,0.50594914,0.50594914,0.9872218,0.10298601,0.10298601,1.0,2.9775942e-18,2.891261e-17,-26.37538,2.1719313,0.7239771,0.224,0.0,0.18296812,34.17023,34.20023,3651200
hardzero_plus_depr__c0p54__z1p05__lam0p030__nu0p50__psi1p00,hardzero_plus_depr,0.02,32,1141,0.0,1,0.50594914,0.50594914,1.0482008,0.089495085,0.089495085,1.0,2.511066e-18,2.8058145e-17,-27.5028,2.306088,0.768696,0.136,0.0,0.19911481,34.20023,34.23023,3654400
hardzero_plus_depr__c0p54__z1p05__lam0p030__nu0p50__psi1p00,hardzero_plus_depr,0.02,32,1142,0.0,1,0.50594914,0.50594914,1.0359962,0.09204576,0.09204576,1.0,2.5063082e-18,2.7228936e-17,-27.075575,2.2792373,0.7597458,0.18400002,0.0,0.16530931,34.23023,34.260227,3657600
hardzero_plus_depr__c0p54__z1p05__lam0p030__nu0p50__psi1p00,hardzero_plus_depr,0.02,32,1143,0.0,1,0.50594914,0.50594914,1.1040553,0.0,0.07869456,0.0,0.0,2.6424232e-17,-28.432238,2.42897,0.80965674,0.136,0.0,0.17415783,34.260227,34.290226,3660800
hardzero_plus_depr__c0p54__z1p05__lam0p030__nu0p50__psi1p00,hardzero_plus_depr,0.02,32,1144,0.0,1,0.50594914,0.50594914,1.0282097,0.09371094,0.09371094,1.0,2.4030583e-18,2.5643307e-17,-27.526327,2.2621064,0.7540355,0.12,0.0,0.1468419,34.290226,34.320225,3664000
hardzero_plus_depr__c0p54__z1p05__lam0p030__nu0p50__psi1p00,hardzero_plus_depr,0.02,32,1145,0.0,1,0.50594914,0.50594914,1.0342472,0.09241721,0.09241721,1.0,2.2998454e-18,2.4885466e-17,-27.723186,2.2753892,0.7584631,0.18400002,0.0,0.13681184,34.320225,34.350224,3667200
hardzero_plus_depr__c0p54__z1p05__lam0p030__nu0p50__psi1p00,hardzero_plus_depr,0.02,32,1146,0.0,1,0.50594914,0.50594914,1.0052338,0.09880212,0.09880212,1.0,2.386073e-18,2.4150018e-17,-26.61403,2.2115583,0.73718613,0.15200001,0.0,0.15743496,34.350224,34.380222,3670400
hardzero_plus_depr__c0p54__z1p05__lam0p030__nu0p50__psi1p00,hardzero_plus_depr,0.02,32,1147,0.0,1,0.50594914,0.50594914,1.0616645,0.0,0.086763196,0.0,0.0,2.3436305e-17,-28.29898,2.3357084,0.77856946,0.192,0.0,0.1697205,34.380222,34.41022,3673600
hardzero_plus_depr__c0p54__z1p05__lam0p030__nu0p50__psi1p00,hardzero_plus_depr,0.02,32,1148,0.0,1,0.50594914,0.50594914,1.0009049,0.099791855,0.099791855,1.0,2.2696345e-18,2.2743685e-17,-26.436768,2.2020347,0.7340116,0.17600001,0.0,0.15485266,34.41022,34.44022,3676800
hardzero_plus_depr__c0p54__z1p05__lam0p030__nu0p50__psi1p00,hardzero_plus_depr,0.02,32,1149,0.0,1,0.50594914,0.50594914,1.0159274,0.096399,0.096399,1.0,2.127674e-18,2.2071535e-17,-27.39417,2.235085,0.7450284,0.112,0.0,0.16424726,34.44022,34.47022,3680000
hardzero_plus_depr__c0p54__z1p05__lam0p030__nu0p50__psi1p00,hardzero_plus_depr,0.02,32,1150,0.0,1,0.50594914,0.50594914,1.0231837,0.09480174,0.09480174,1.0,2.030582e-18,2.1419248e-17,-27.145164,2.251049,0.7503497,0.2,0.0,0.19304813,34.47022,34.500217,3683200
hardzero_plus_depr__c0p54__z1p05__lam0p030__nu0p50__psi1p00,hardzero_plus_depr,0.02,32,1151,0.0,1,0.50594914,0.50594914,1.0414286,0.09090159,0.09090159,1.0,1.8895022e-18,2.0786238e-17,-28.230429,2.2911887,0.7637296,0.16000001,0.0,0.15713134,34.500217,34.530216,3686400
hardzero_plus_depr__c0p54__z1p05__lam0p030__nu0p50__psi1p00,hardzero_plus_depr,0.02,32,1152,0.0,1,0.50594914,0.50594914,1.0618304,0.0,0.08673005,0.0,0.0,2.0171939e-17,-28.416094,2.3360734,0.7786912,0.120000005,0.0,0.14207922,34.530216,34.560215,3689600
hardzero_plus_depr__c0p54__z1p05__lam0p030__nu0p50__psi1p00,hardzero_plus_depr,0.02,32,1153,0.0,1,0.50594914,0.50594914,1.0182443,0.095886126,0.095886126,1.0,1.8770467e-18,1.957579e-17,-26.649326,2.2401822,0.7467274,0.136,0.0,0.16760461,34.560215,34.590214,3692800
hardzero_plus_depr__c0p54__z1p05__lam0p030__nu0p50__psi1p00,hardzero_plus_depr,0.02,32,1154,0.0,1,0.50594914,0.50594914,1.0228779,0.09486851,0.09486851,1.0,1.8022419e-18,1.8997262e-17,-27.220762,2.2503765,0.7501255,0.17600001,0.0,0.17175075,34.590214,34.620213,3696000
hardzero_plus_depr__c0p54__z1p05__lam0p030__nu0p50__psi1p00,hardzero_plus_depr,0.02,32,1155,0.0,1,0.50594914,0.50594914,0.98136234,0.1043849,0.1043849,1.0,1.9244223e-18,1.8435831e-17,-26.874685,2.1590402,0.7196801,0.192,0.0,0.15117547,34.620213,34.65021,3699200
hardzero_plus_depr__c0p54__z1p05__lam0p030__nu0p50__psi1p00,hardzero_plus_depr,0.02,32,1156,0.0,1,0.50594914,0.50594914,1.0615685,0.0,0.08678236,0.0,0.0,1.7890992e-17,-27.633345,2.3354974,0.7784991,0.17600001,0.0,0.1716735,34.65021,34.68021,3702400
hardzero_plus_depr__c0p54__z1p05__lam0p030__nu0p50__psi1p00,hardzero_plus_depr,0.02,32,1157,0.0,1,0.50594914,0.50594914,1.0629619,0.0,0.08650437,0.0,0.0,1.7362253e-17,-27.942997,2.338563,0.779521,0.14,0.0,0.16816458,34.68021,34.71021,3705600
hardzero_plus_depr__c0p54__z1p05__lam0p030__nu0p50__psi1p00,hardzero_plus_depr,0.02,32,1158,0.0,1,0.50594914,0.50594914,1.0122466,0.09721949,0.09721949,1.0,1.6380649e-18,1.6849141e-17,-26.968204,2.2269871,0.74232906,0.16800001,0.0,0.15665017,34.71021,34.740208,3708800
hardzero_plus_depr__c0p54__z1p05__lam0p030__nu0p50__psi1p00,hardzero_plus_depr,0.02,32,1159,0.0,1,0.50594914,0.50594914,1.0122758,0.09721295,0.09721295,1.0,1.5895479e-18,1.6351195e-17,-27.214577,2.2270513,0.74235046,0.192,0.0,0.13795207,34.740208,34.770206,3712000
hardzero_plus_depr__c0p54__z1p05__lam0p030__nu0p50__psi1p00,hardzero_plus_depr,0.02,32,1160,0.0,1,0.50594914,0.50594914,0.99976844,0.10005332,0.10005332,1.0,1.5876423e-18,1.5867963e-17,-26.75767,2.1995344,0.73317814,0.18400002,0.0,0.16083845,34.770206,34.800205,3715200
hardzero_plus_depr__c0p54__z1p05__lam0p030__nu0p50__psi1p00,hardzero_plus_depr,0.02,32,1161,0.0,1,0.50594914,0.50594914,1.0541645,0.0,0.08827454,0.0,0.0,1.5399013e-17,-27.530724,2.3192081,0.7730694,0.128,0.0,0.16220441,34.800205,34.830204,3718400
hardzero_plus_depr__c0p54__z1p05__lam0p030__nu0p50__psi1p00,hardzero_plus_depr,0.02,32,1162,0.0,1,0.50594914,0.50594914,1.0368485,0.09186528,0.09186528,1.0,1.3728276e-18,1.4943923e-17,-26.85477,2.2811124,0.76037085,0.128,0.0,0.15439558,34.830204,34.860203,3721600
hardzero_plus_depr__c0p54__z1p05__lam0p030__nu0p50__psi1p00,hardzero_plus_depr,0.02,32,1163,0.0,1,0.50594914,0.50594914,1.0275098,0.09386208,0.09386208,1.0,1.3612141e-18,1.450228e-17,-27.6726,2.2605667,0.7535223,0.14400001,0.0,0.17230794,34.860203,34.8902,3724800
hardzero_plus_depr__c0p54__z1p05__lam0p030__nu0p50__psi1p00,hardzero_plus_depr,0.02,32,1164,0.0,1,0.50594914,0.50594914,1.0352553,0.09220292,0.09220292,1.0,1.2976353e-18,1.407369e-17,-27.999403,2.2776072,0.7592024,0.15200001,0.0,0.17166133,34.8902,34.9202,3728000
hardzero_plus_depr__c0p54__z1p05__lam0p030__nu0p50__psi1p00,hardzero_plus_depr,0.02,32,1165,0.0,1,0.50594914,0.50594914,1.0419432,0.09079392,0.09079392,1.0,1.2400423e-18,1.3657767e-17,-27.539444,2.2923207,0.7641069,0.216,0.0,0.18500695,34.9202,34.9502,3731200
hardzero_plus_depr__c0p54__z1p05__lam0p030__nu0p50__psi1p00,hardzero_plus_depr,0.02,32,1166,0.0,1,0.50594914,0.50594914,1.05003,0.0,0.089118935,0.0,0.0,1.3254135e-17,-27.349318,2.3101122,0.7700374,0.18400002,0.0,0.16442637,34.9502,34.980198,3734400
hardzero_plus_depr__c0p54__z1p05__lam0p030__nu0p50__psi1p00,hardzero_plus_depr,0.02,32,1167,0.0,1,0.50594914,0.50594914,1.040643,0.09106617,0.09106617,1.0,1.1713323e-18,1.2862431e-17,-27.595377,2.2894602,0.76315343,0.120000005,0.0,0.15714148,34.980198,35.010197,3737600
hardzero_plus_depr__c0p54__z1p05__lam0p030__nu0p50__psi1p00,hardzero_plus_depr,0.02,32,1168,0.0,1,0.50594914,0.50594914,1.0242063,0.09457878,0.09457878,1.0,1.1805612e-18,1.2482304e-17,-26.52078,2.2532988,0.7510996,0.136,0.0,0.1442811,35.010197,35.040195,3740800
hardzero_plus_depr__c0p54__z1p05__lam0p030__nu0p50__psi1p00,hardzero_plus_depr,0.02,32,1169,0.0,1,0.50594914,0.50594914,1.0495659,0.08921421,0.08921421,1.0,1.0806884e-18,1.2113411e-17,-26.64171,2.309091,0.76969707,0.16800001,0.0,0.1546783,35.040195,35.070194,3744000
hardzero_plus_depr__c0p54__z1p05__lam0p030__nu0p50__psi1p00,hardzero_plus_depr,0.02,32,1170,0.0,1,0.50594914,0.50594914,1.0313162,0.09304304,0.09304304,1.0,1.09376e-18,1.175542e-17,-27.484589,2.268941,0.7563137,0.099999994,0.0,0.17421031,35.070194,35.100193,3747200
hardzero_plus_depr__c0p54__z1p05__lam0p030__nu0p50__psi1p00,hardzero_plus_depr,0.02,32,1171,0.0,1,0.50594914,0.50594914,1.0605236,0.0,0.0869914,0.0,0.0,1.14080085e-17,-28.249353,2.3331985,0.77773285,0.128,0.008,0.16427043,35.100193,35.13019,3750400
hardzero_plus_depr__c0p54__z1p05__lam0p030__nu0p50__psi1p00,hardzero_plus_depr,0.02,32,1172,0.0,1,0.50594914,0.50594914,1.0536911,0.0,0.088370815,0.0,0.0,1.10708646e-17,-27.800535,2.3181667,0.77272224,0.192,0.0,0.14893307,35.13019,35.16019,3753600
hardzero_plus_depr__c0p54__z1p05__lam0p030__nu0p50__psi1p00,hardzero_plus_depr,0.02,32,1173,0.0,1,0.50594914,0.50594914,1.0314893,0.09300595,0.09300595,1.0,9.992265e-19,1.0743684e-17,-26.608295,2.2693217,0.7564406,0.104,0.0,0.1439796,35.16019,35.19019,3756800
hardzero_plus_depr__c0p54__z1p05__lam0p030__nu0p50__psi1p00,hardzero_plus_depr,0.02,32,1174,0.0,1,0.50594914,0.50594914,1.001711,0.09960679,0.09960679,1.0,1.0385176e-18,1.0426172e-17,-26.633028,2.2038083,0.7346028,0.18400002,0.0,0.14884683,35.19019,35.22019,3760000
hardzero_plus_depr__c0p54__z1p05__lam0p030__nu0p50__psi1p00,hardzero_plus_depr,0.02,32,1175,0.0,1,0.50594914,0.50594914,1.0357811,0.09209135,0.09209135,1.0,9.317844e-19,1.0118045e-17,-28.297491,2.278764,0.759588,0.192,0.0,0.17073593,35.22019,35.250187,3763200
hardzero_plus_depr__c0p54__z1p05__lam0p030__nu0p50__psi1p00,hardzero_plus_depr,0.02,32,1176,0.0,1,0.50594914,0.50594914,1.0450476,0.090147234,0.090147234,1.0,8.851578e-19,9.8190235e-18,-28.388603,2.2991507,0.7663836,0.15200001,0.0,0.18656947,35.250187,35.280186,3766400
hardzero_plus_depr__c0p54__z1p05__lam0p030__nu0p50__psi1p00,hardzero_plus_depr,0.02,32,1177,0.0,1,0.50594914,0.50594914,1.0511975,0.0,0.08887967,0.0,0.0,9.52884e-18,-28.058,2.3126807,0.7708936,0.14400001,0.0,0.15573741,35.280186,35.310184,3769600
hardzero_plus_depr__c0p54__z1p05__lam0p030__nu0p50__psi1p00,hardzero_plus_depr,0.02,32,1178,0.0,1,0.50594914,0.50594914,1.0271156,0.09394733,0.09394733,1.0,8.687526e-19,9.247231e-18,-27.05629,2.2596993,0.75323313,0.16800001,0.0,0.1621303,35.310184,35.340183,3772800
hardzero_plus_depr__c0p54__z1p05__lam0p030__nu0p50__psi1p00,hardzero_plus_depr,0.02,32,1179,0.0,1,0.50594914,0.50594914,1.0501161,0.0,0.08910128,0.0,0.0,8.973945e-18,-27.805334,2.3103015,0.77010053,0.112,0.0,0.17817448,35.340183,35.370182,3776000
hardzero_plus_depr__c0p54__z1p05__lam0p030__nu0p50__psi1p00,hardzero_plus_depr,0.02,32,1180,0.0,1,0.50594914,0.50594914,0.98692536,0.10305631,0.10305631,1.0,8.974901e-19,8.708735e-18,-26.546053,2.1712792,0.7237598,0.16000001,0.0,0.15495169,35.370182,35.40018,3779200
hardzero_plus_depr__c0p54__z1p05__lam0p030__nu0p50__psi1p00,hardzero_plus_depr,0.02,32,1181,0.0,1,0.50594914,0.50594914,0.97763896,0.10528367,0.10528367,1.0,8.897906e-19,8.451364e-18,-26.99833,2.1508486,0.7169496,0.192,0.0,0.13681272,35.40018,35.43018,3782400
hardzero_plus_depr__c0p54__z1p05__lam0p030__nu0p50__psi1p00,hardzero_plus_depr,0.02,32,1182,0.0,1,0.50594914,0.50594914,1.04523,0.09010938,0.09010938,1.0,7.3904095e-19,8.201598e-18,-27.77216,2.299552,0.76651734,0.112,0.0,0.16240786,35.43018,35.46018,3785600
hardzero_plus_depr__c0p54__z1p05__lam0p030__nu0p50__psi1p00,hardzero_plus_depr,0.02,32,1183,0.0,1,0.50594914,0.50594914,1.0733737,0.0,0.084455185,0.0,0.0,7.9592146e-18,-28.102818,2.3614693,0.78715646,0.14,0.0,0.17175372,35.46018,35.490177,3788800
hardzero_plus_depr__c0p54__z1p05__lam0p030__nu0p50__psi1p00,hardzero_plus_depr,0.02,32,1184,0.0,1,0.50594914,0.50594914,1.0277624,0.0938075,0.0938075,1.0,7.2456855e-19,7.723993e-18,-27.008825,2.2611225,0.7537075,0.18400002,0.0,0.16269402,35.490177,35.520176,3792000
hardzero_plus_depr__c0p54__z1p05__lam0p030__nu0p50__psi1p00,hardzero_plus_depr,0.02,32,1185,0.0,1,0.50594914,0.50594914,1.0667971,0.0,0.085743815,0.0,0.0,7.495725e-18,-27.936413,2.3470006,0.78233355,0.15200001,0.0,0.17589249,35.520176,35.550175,3795200
hardzero_plus_depr__c0p54__z1p05__lam0p030__nu0p50__psi1p00,hardzero_plus_depr,0.02,32,1186,0.0,1,0.50594914,0.50594914,0.9637807,0.10869744,0.10869744,1.0,7.9068695e-19,7.274201e-18,-26.160292,2.12036,0.70678663,0.17600001,0.0,0.1522212,35.550175,35.580173,3798400
hardzero_plus_depr__c0p54__z1p05__lam0p030__nu0p50__psi1p00,hardzero_plus_depr,0.02,32,1187,0.0,1,0.50594914,0.50594914,1.0677761,0.0,0.08555076,0.0,0.0,7.059225e-18,-27.653605,2.3491542,0.78305143,0.08800001,0.0,0.16284294,35.580173,35.610172,3801600
hardzero_plus_depr__c0p54__z1p05__lam0p030__nu0p50__psi1p00,hardzero_plus_depr,0.02,32,1188,0.0,1,0.50594914,0.50594914,1.0006834,0.099842764,0.099842764,1.0,6.8398293e-19,6.8506006e-18,-26.941183,2.2015474,0.73384917,0.136,0.0,0.15534167,35.610172,35.64017,3804800
hardzero_plus_depr__c0p54__z1p05__lam0p030__nu0p50__psi1p00,hardzero_plus_depr,0.02,32,1189,0.0,1,0.50594914,0.50594914,1.0535399,0.0,0.0884016,0.0,0.0,6.6481432e-18,-26.937181,2.317834,0.7726113,0.128,0.0,0.16144463,35.64017,35.67017,3808000
hardzero_plus_depr__c0p54__z1p05__lam0p030__nu0p50__psi1p00,hardzero_plus_depr,0.02,32,1190,0.0,1,0.50594914,0.50594914,1.0865904,0.0,0.08192369,0.0,0.0,6.4516684e-18,-27.986576,2.3905466,0.7968489,0.08800001,0.0,0.18937063,35.67017,35.70017,3811200
hardzero_plus_depr__c0p54__z1p05__lam0p030__nu0p50__psi1p00,hardzero_plus_depr,0.02,32,1191,0.0,1,0.50594914,0.50594914,1.0071908,0.098357886,0.098357886,1.0,6.158188e-19,6.2610008e-18,-27.055754,2.2158642,0.7386214,0.17600001,0.0,0.1514919,35.70017,35.730167,3814400
hardzero_plus_depr__c0p54__z1p05__lam0p030__nu0p50__psi1p00,hardzero_plus_depr,0.02,32,1192,0.0,1,0.50594914,0.50594914,0.98874336,0.102625825,0.102625825,1.0,6.2355123e-19,6.075968e-18,-26.901052,2.175279,0.725093,0.14400001,0.0,0.15095744,35.730167,35.760166,3817600
hardzero_plus_depr__c0p54__z1p05__lam0p030__nu0p50__psi1p00,hardzero_plus_depr,0.02,32,1193,0.0,1,0.50594914,0.50594914,1.0652653,0.0,0.0860468,0.0,0.0,5.896403e-18,-27.407627,2.3436306,0.7812102,0.128,0.0,0.1972977,35.760166,35.790165,3820800
hardzero_plus_depr__c0p54__z1p05__lam0p030__nu0p50__psi1p00,hardzero_plus_depr,0.02,32,1194,0.0,1,0.50594914,0.50594914,1.046328,0.08988187,0.08988187,1.0,5.1431707e-19,5.7221447e-18,-27.184448,2.3019674,0.7673225,0.16800001,0.0,0.16232674,35.790165,35.820164,3824000
hardzero_plus_depr__c0p54__z1p05__lam0p030__nu0p50__psi1p00,hardzero_plus_depr,0.02,32,1195,0.0,1,0.50594914,0.50594914,1.0346893,0.09232317,0.09232317,1.0,5.1267393e-19,5.5530367e-18,-28.042707,2.276362,0.75878733,0.2,0.0,0.15824069,35.820164,35.850163,3827200
hardzero_plus_depr__c0p54__z1p05__lam0p030__nu0p50__psi1p00,hardzero_plus_depr,0.02,32,1196,0.0,1,0.50594914,0.50594914,1.0141423,0.09679607,0.09679607,1.0,5.2162687e-19,5.388926e-18,-27.024483,2.2311575,0.7437192,0.17999999,0.0,0.14490204,35.850163,35.88016,3830400
hardzero_plus_depr__c0p54__z1p05__lam0p030__nu0p50__psi1p00,hardzero_plus_depr,0.02,32,1197,0.0,1,0.50594914,0.50594914,1.0187823,0.09576741,0.09576741,1.0,5.008315e-19,5.2296654e-18,-27.655766,2.2413657,0.74712193,0.14400001,0.0,0.18184988,35.88016,35.91016,3833600
hardzero_plus_depr__c0p54__z1p05__lam0p030__nu0p50__psi1p00,hardzero_plus_depr,0.02,32,1198,0.0,1,0.50594914,0.50594914,1.0618339,0.0,0.08672936,0.0,0.0,5.075112e-18,-27.956194,2.336081,0.7786937,0.136,0.0,0.15457697,35.91016,35.94016,3836800
hardzero_plus_depr__c0p54__z1p05__lam0p030__nu0p50__psi1p00,hardzero_plus_depr,0.02,32,1199,0.0,1,0.50594914,0.50594914,1.0040728,0.099066585,0.099066585,1.0,4.8791543e-19,4.925126e-18,-27.25576,2.2090042,0.73633474,0.264,0.0,0.15941979,35.94016,35.970158,3840000
hardzero_plus_depr__c0p54__z1p05__lam0p030__nu0p50__psi1p00,hardzero_plus_depr,0.02,32,1200,0.0,1,0.50594914,0.50594914,1.0940292,0.0,0.080532424,0.0,0.0,4.7795724e-18,-28.026653,2.4069123,0.80230415,0.15200001,0.0,0.20248884,35.970158,36.000156,3843200
hardzero_plus_depr__c0p54__z1p05__lam0p030__nu0p50__psi1p00,hardzero_plus_depr,0.02,32,1201,0.0,1,0.50594914,0.50594914,1.0283983,0.093670264,0.093670264,1.0,4.344727e-19,4.6383206e-18,-27.078028,2.2625215,0.7541739,0.112,0.0,0.15719335,36.000156,36.030155,3846400
hardzero_plus_depr__c0p54__z1p05__lam0p030__nu0p50__psi1p00,hardzero_plus_depr,0.02,32,1202,0.0,1,0.50594914,0.50594914,1.0508918,0.0,0.08894228,0.0,0.0,4.5012427e-18,-27.601688,2.312008,0.77066934,0.16000001,0.0,0.16850115,36.030155,36.060154,3849600
hardzero_plus_depr__c0p54__z1p05__lam0p030__nu0p50__psi1p00,hardzero_plus_depr,0.02,32,1203,0.0,1,0.50594914,0.50594914,1.0548218,0.0,0.08814104,0.0,0.0,4.368216e-18,-27.16712,2.3206544,0.77355146,0.112,0.0,0.1636305,36.060154,36.090153,3852800
hardzero_plus_depr__c0p54__z1p05__lam0p030__nu0p50__psi1p00,hardzero_plus_depr,0.02,32,1204,0.0,1,0.50594914,0.50594914,1.0357475,0.09209849,0.09209849,1.0,3.904166e-19,4.2391207e-18,-27.616901,2.27869,0.7595634,0.15200001,0.0,0.16328688,36.090153,36.12015,3856000
hardzero_plus_depr__c0p54__z1p05__lam0p030__nu0p50__psi1p00,hardzero_plus_depr,0.02,32,1205,0.0,1,0.50594914,0.50594914,1.0367892,0.09187786,0.09187786,1.0,3.779709e-19,4.113841e-18,-27.42672,2.2809818,0.7603273,0.120000005,0.0,0.16797458,36.12015,36.15015,3859200
hardzero_plus_depr__c0p54__z1p05__lam0p030__nu0p50__psi1p00,hardzero_plus_depr,0.02,32,1206,0.0,1,0.50594914,0.50594914,1.0278078,0.09379768,0.09379768,1.0,3.7446508e-19,3.9922636e-18,-27.092388,2.2612224,0.7537408,0.16000001,0.0,0.14110042,36.15015,36.18015,3862400
hardzero_plus_depr__c0p54__z1p05__lam0p030__nu0p50__psi1p00,hardzero_plus_depr,0.02,32,1207,0.0,1,0.50594914,0.50594914,0.97592336,0.1057004,0.1057004,1.0,4.0951285e-19,3.874279e-18,-26.427326,2.1470742,0.71569145,0.2,0.0,0.1346667,36.18015,36.210148,3865600
hardzero_plus_depr__c0p54__z1p05__lam0p030__nu0p50__psi1p00,hardzero_plus_depr,0.02,32,1208,0.0,1,0.50594914,0.50594914,1.0513871,0.0,0.088840894,0.0,0.0,3.7597816e-18,-27.461437,2.3130977,0.7710326,0.16800001,0.0,0.16437368,36.210148,36.240147,3868800
hardzero_plus_depr__c0p54__z1p05__lam0p030__nu0p50__psi1p00,hardzero_plus_depr,0.02,32,1209,0.0,1,0.50594914,0.50594914,0.99881583,0.10027303,0.10027303,1.0,3.6586292e-19,3.6486672e-18,-26.379917,2.1974387,0.7324796,0.11,0.0,0.13609767,36.240147,36.270145,3872000
hardzero_plus_depr__c0p54__z1p05__lam0p030__nu0p50__psi1p00,hardzero_plus_depr,0.02,32,1210,0.0,1,0.50594914,0.50594914,1.0791597,0.0,0.08333746,0.0,0.0,3.540837e-18,-28.350277,2.374199,0.79139966,0.264,0.0,0.18019967,36.270145,36.300144,3875200
hardzero_plus_depr__c0p54__z1p05__lam0p030__nu0p50__psi1p00,hardzero_plus_depr,0.02,32,1211,0.0,1,0.50594914,0.50594914,1.0243438,0.094548814,0.094548814,1.0,3.2488806e-19,3.4361939e-18,-27.488932,2.2536016,0.75120056,0.18400002,0.0,0.19541697,36.300144,36.330143,3878400
hardzero_plus_depr__c0p54__z1p05__lam0p030__nu0p50__psi1p00,hardzero_plus_depr,0.02,32,1212,0.0,1,0.50594914,0.50594914,1.0164107,0.0962918,0.0962918,1.0,3.210988e-19,3.334643e-18,-27.280752,2.236148,0.7453827,0.136,0.0,0.14313409,36.330143,36.36014,3881600
hardzero_plus_depr__c0p54__z1p05__lam0p030__nu0p50__psi1p00,hardzero_plus_depr,0.02,32,1213,0.0,1,0.50594914,0.50594914,1.0058227,0.098668225,0.098668225,1.0,3.192996e-19,3.2360935e-18,-26.18984,2.212854,0.73761797,0.17600001,0.0,0.1703434,36.36014,36.39014,3884800
hardzero_plus_depr__c0p54__z1p05__lam0p030__nu0p50__psi1p00,hardzero_plus_depr,0.02,32,1214,0.0,1,0.50594914,0.50594914,0.9800219,0.10470756,0.10470756,1.0,3.2882952e-19,3.1404563e-18,-27.217337,2.1560912,0.7186971,0.23200001,0.0,0.1658273,36.39014,36.42014,3888000
hardzero_plus_depr__c0p54__z1p05__lam0p030__nu0p50__psi1p00,hardzero_plus_depr,0.02,32,1215,0.0,1,0.50594914,0.50594914,1.0499065,0.08914429,0.08914429,1.0,2.7168018e-19,3.0476454e-18,-28.198208,2.3098404,0.7699468,0.16800001,0.0,0.17747809,36.42014,36.450138,3891200
hardzero_plus_depr__c0p54__z1p05__lam0p030__nu0p50__psi1p00,hardzero_plus_depr,0.02,32,1216,0.0,1,0.50594914,0.50594914,1.0619478,0.0,0.0867066,0.0,0.0,2.9575775e-18,-28.067917,2.3363318,0.7787773,0.128,0.0,0.18589415,36.450138,36.480137,3894400
hardzero_plus_depr__c0p54__z1p05__lam0p030__nu0p50__psi1p00,hardzero_plus_depr,0.02,32,1217,0.0,1,0.50594914,0.50594914,1.0372571,0.09177892,0.09177892,1.0,2.6342125e-19,2.8701716e-18,-27.188147,2.282011,0.76067036,0.064,0.0,0.1595118,36.480137,36.510136,3897600
hardzero_plus_depr__c0p54__z1p05__lam0p030__nu0p50__psi1p00,hardzero_plus_depr,0.02,32,1218,0.0,1,0.50594914,0.50594914,0.9642997,0.1085676,0.1085676,1.0,3.023986e-19,2.7853483e-18,-25.910013,2.1215017,0.70716727,0.216,0.0,0.14786004,36.510136,36.540134,3900800
hardzero_plus_depr__c0p54__z1p05__lam0p030__nu0p50__psi1p00,hardzero_plus_depr,0.02,32,1219,0.0,1,0.50594914,0.50594914,1.0023383,0.09946302,0.09946302,1.0,2.6885174e-19,2.703032e-18,-27.32713,2.2051883,0.7350628,0.272,0.0,0.15032746,36.540134,36.570133,3904000
hardzero_plus_depr__c0p54__z1p05__lam0p030__nu0p50__psi1p00,hardzero_plus_depr,0.02,32,1220,0.0,1,0.50594914,0.50594914,0.9985552,0.100333236,0.100333236,1.0,2.63189e-19,2.6231487e-18,-27.254967,2.1968653,0.7322885,0.16000001,0.0,0.1782645,36.570133,36.600132,3907200
hardzero_plus_depr__c0p54__z1p05__lam0p030__nu0p50__psi1p00,hardzero_plus_depr,0.02,32,1221,0.0,1,0.50594914,0.50594914,1.0503991,0.0,0.08904324,0.0,0.0,2.5456264e-18,-27.863037,2.310924,0.770308,0.17600001,0.0,0.18004464,36.600132,36.63013,3910400
hardzero_plus_depr__c0p54__z1p05__lam0p030__nu0p50__psi1p00,hardzero_plus_depr,0.02,32,1222,0.0,1,0.50594914,0.50594914,1.1084167,0.0,0.077908225,0.0,0.0,2.4703945e-18,-28.595703,2.4385653,0.8128551,0.16,0.0,0.17183127,36.63013,36.66013,3913600
hardzero_plus_depr__c0p54__z1p05__lam0p030__nu0p50__psi1p00,hardzero_plus_depr,0.02,32,1223,0.0,1,0.50594914,0.50594914,1.0940859,0.0,0.080521904,0.0,0.0,2.3973863e-18,-28.768478,2.407037,0.8023457,0.128,0.0,0.1742966,36.66013,36.69013,3916800
hardzero_plus_depr__c0p54__z1p05__lam0p030__nu0p50__psi1p00,hardzero_plus_depr,0.02,32,1224,0.0,1,0.50594914,0.50594914,1.0113014,0.097431324,0.097431324,1.0,2.2667745e-19,2.3265356e-18,-27.515879,2.2249074,0.7416358,0.18400002,0.0,0.16981016,36.69013,36.720127,3920000
hardzero_plus_depr__c0p54__z1p05__lam0p030__nu0p50__psi1p00,hardzero_plus_depr,0.02,32,1225,0.0,1,0.50594914,0.50594914,1.0576055,0.0,0.087577894,0.0,0.0,2.2577787e-18,-27.456934,2.3267787,0.7755929,0.080000006,0.0,0.14578123,36.720127,36.750126,3923200
hardzero_plus_depr__c0p54__z1p05__lam0p030__nu0p50__psi1p00,hardzero_plus_depr,0.02,32,1226,0.0,1,0.50594914,0.50594914,1.0216942,0.09512743,0.09512743,1.0,2.0842934e-19,2.191054e-18,-26.705826,2.247772,0.7492573,0.192,0.0,0.13991554,36.750126,36.780125,3926400
hardzero_plus_depr__c0p54__z1p05__lam0p030__nu0p50__psi1p00,hardzero_plus_depr,0.02,32,1227,0.0,1,0.50594914,0.50594914,0.9867787,0.10309113,0.10309113,1.0,2.1920278e-19,2.1263013e-18,-27.270834,2.1709564,0.7236521,0.17600001,0.0,0.15681572,36.780125,36.810123,3929600
hardzero_plus_depr__c0p54__z1p05__lam0p030__nu0p50__psi1p00,hardzero_plus_depr,0.02,32,1228,0.0,1,0.50594914,0.50594914,1.0250866,0.094387256,0.094387256,1.0,1.9476452e-19,2.063462e-18,-27.90055,2.2552357,0.7517452,0.136,0.0,0.1355553,36.810123,36.840122,3932800
hardzero_plus_depr__c0p54__z1p05__lam0p030__nu0p50__psi1p00,hardzero_plus_depr,0.02,32,1229,0.0,1,0.50594914,0.50594914,1.0356889,0.092110924,0.092110924,1.0,1.8445028e-19,2.00248e-18,-27.425486,2.278561,0.7595204,0.14400001,0.0,0.15819955,36.840122,36.87012,3936000
hardzero_plus_depr__c0p54__z1p05__lam0p030__nu0p50__psi1p00,hardzero_plus_depr,0.02,32,1230,0.0,1,0.50594914,0.50594914,1.0324163,0.09280761,0.09280761,1.0,1.8035305e-19,1.9433002e-18,-28.036873,2.2713614,0.7571205,0.136,0.0,0.18484129,36.87012,36.90012,3939200
hardzero_plus_depr__c0p54__z1p05__lam0p030__nu0p50__psi1p00,hardzero_plus_depr,0.02,32,1231,0.0,1,0.50594914,0.50594914,1.111,0.0,0.077446185,0.0,0.0,1.8858692e-18,-28.602474,2.4442487,0.8147496,0.128,0.0,0.17102572,36.90012,36.93012,3942400
hardzero_plus_depr__c0p54__z1p05__lam0p030__nu0p50__psi1p00,hardzero_plus_depr,0.02,32,1232,0.0,1,0.50594914,0.50594914,1.0849968,0.0,0.08222487,0.0,0.0,1.8301357e-18,-27.50003,2.3870406,0.7956802,0.16800001,0.0,0.15063721,36.93012,36.960117,3945600
hardzero_plus_depr__c0p54__z1p05__lam0p030__nu0p50__psi1p00,hardzero_plus_depr,0.02,32,1233,0.0,1,0.50594914,0.50594914,1.1095275,0.0,0.07770921,0.0,0.0,1.7760492e-18,-28.54335,2.4410093,0.8136698,0.17600001,0.0,0.18481512,36.960117,36.990116,3948800
hardzero_plus_depr__c0p54__z1p05__lam0p030__nu0p50__psi1p00,hardzero_plus_depr,0.02,32,1234,0.0,1,0.50594914,0.50594914,1.0541435,0.0,0.088278815,0.0,0.0,1.723561e-18,-28.470495,2.3191621,0.77305406,0.096,0.0,0.1575937,36.990116,37.020115,3952000
hardzero_plus_depr__c0p54__z1p05__lam0p030__nu0p50__psi1p00,hardzero_plus_depr,0.02,32,1235,0.0,1,0.50594914,0.50594914,1.046658,0.089813575,0.089813575,1.0,1.5022435e-19,1.6726241e-18,-27.63416,2.3026936,0.76756454,0.19999999,0.0,0.16609633,37.020115,37.050114,3955200
hardzero_plus_depr__c0p54__z1p05__lam0p030__nu0p50__psi1p00,hardzero_plus_depr,0.02,32,1236,0.0,1,0.50594914,0.50594914,1.0136839,0.09689827,0.09689827,1.0,1.5728457e-19,1.6231926e-18,-26.945314,2.230149,0.74338305,0.16000001,0.0,0.15628073,37.050114,37.080112,3958400
hardzero_plus_depr__c0p54__z1p05__lam0p030__nu0p50__psi1p00,hardzero_plus_depr,0.02,32,1237,0.0,1,0.50594914,0.50594914,1.0623449,0.0,0.08662736,0.0,0.0,1.575222e-18,-27.490274,2.3372054,0.77906847,0.16800001,0.0,0.1472232,37.080112,37.11011,3961600
hardzero_plus_depr__c0p54__z1p05__lam0p030__nu0p50__psi1p00,hardzero_plus_depr,0.02,32,1238,0.0,1,0.50594914,0.50594914,1.0358138,0.092084415,0.092084415,1.0,1.4076659e-19,1.528669e-18,-27.741724,2.278836,0.759612,0.16000001,0.0,0.14972442,37.11011,37.14011,3964800
hardzero_plus_depr__c0p54__z1p05__lam0p030__nu0p50__psi1p00,hardzero_plus_depr,0.02,32,1239,0.0,1,0.50594914,0.50594914,0.9631828,0.108847186,0.108847186,1.0,1.6147391e-19,1.4834919e-18,-26.092094,2.1190445,0.7063482,0.224,0.0,0.17408049,37.14011,37.17011,3968000
hardzero_plus_depr__c0p54__z1p05__lam0p030__nu0p50__psi1p00,hardzero_plus_depr,0.02,32,1240,0.0,1,0.50594914,0.50594914,1.0151392,0.09657411,0.09657411,1.0,1.3903289e-19,1.4396497e-18,-26.496063,2.233351,0.74445033,0.120000005,0.0,0.14455487,37.17011,37.200108,3971200
hardzero_plus_depr__c0p54__z1p05__lam0p030__nu0p50__psi1p00,hardzero_plus_depr,0.02,32,1241,0.0,1,0.50594914,0.50594914,1.0613286,0.0,0.08683031,0.0,0.0,1.3971034e-18,-27.369556,2.3349698,0.7783233,0.136,0.0,0.18291894,37.200108,37.230106,3974400
hardzero_plus_depr__c0p54__z1p05__lam0p030__nu0p50__psi1p00,hardzero_plus_depr,0.02,32,1242,0.0,1,0.50594914,0.50594914,0.98601705,0.10327209,0.10327209,1.0,1.4001778e-19,1.3558144e-18,-26.147093,2.1692808,0.7230936,0.208,0.008,0.1868173,37.230106,37.260105,3977600
hardzero_plus_depr__c0p54__z1p05__lam0p030__nu0p50__psi1p00,hardzero_plus_depr,0.02,32,1243,0.0,1,0.50594914,0.50594914,1.1130159,0.0,0.07708753,0.0,0.0,1.3157456e-18,-28.994114,2.448684,0.81622803,0.120000005,0.0,0.16986735,37.260105,37.290104,3980800
hardzero_plus_depr__c0p54__z1p05__lam0p030__nu0p50__psi1p00,hardzero_plus_depr,0.02,32,1244,0.0,1,0.50594914,0.50594914,1.0358568,0.09207531,0.09207531,1.0,1.1756739e-19,1.2768611e-18,-27.513466,2.2789307,0.75964355,0.128,0.0,0.14511834,37.290104,37.320103,3984000
hardzero_plus_depr__c0p54__z1p05__lam0p030__nu0p50__psi1p00,hardzero_plus_depr,0.02,32,1245,0.0,1,0.50594914,0.50594914,0.9805775,0.10457369,0.10457369,1.0,1.2957994e-19,1.2391256e-18,-26.30297,2.1573136,0.7191045,0.208,0.0,0.15138052,37.320103,37.3501,3987200
hardzero_plus_depr__c0p54__z1p05__lam0p030__nu0p50__psi1p00,hardzero_plus_depr,0.02,32,1246,0.0,1,0.50594914,0.50594914,1.0152458,0.09655043,0.09655043,1.0,1.161024e-19,1.2025053e-18,-27.372002,2.2335854,0.7445285,0.192,0.0,0.13997543,37.3501,37.3801,3990400
hardzero_plus_depr__c0p54__z1p05__lam0p030__nu0p50__psi1p00,hardzero_plus_depr,0.02,32,1247,0.0,1,0.50594914,0.50594914,1.0518575,0.0,0.088744715,0.0,0.0,1.1669673e-18,-28.300686,2.3141327,0.77137756,0.192,0.0,0.1759873,37.3801,37.4101,3993600
hardzero_plus_depr__c0p54__z1p05__lam0p030__nu0p50__psi1p00,hardzero_plus_depr,0.02,32,1248,0.0,1,0.50594914,0.50594914,1.0532159,0.0,0.088467576,0.0,0.0,1.1324797e-18,-28.08334,2.3171213,0.7723738,0.17,0.0,0.16819371,37.4101,37.440098,3996800
hardzero_plus_depr__c0p54__z1p05__lam0p030__nu0p50__psi1p00,hardzero_plus_depr,0.02,32,1249,0.0,1,0.50594914,0.50594914,1.0238214,0.09466266,0.09466266,1.0,1.0403532e-19,1.0990112e-18,-26.595474,2.252452,0.7508173,0.16000001,0.0,0.13567014,37.440098,37.470097,4000000
hardzero_plus_depr__c0p54__z1p05__lam0p030__nu0p50__psi1p00,hardzero_plus_depr,0.02,33,0,1.0,1,1.0,0.45999998,1.0589974,0.0,0.08729765,0.0,0.0,0.02,-27.979776,2.329841,0.77661365,0.13,0.0,0.16999096,0.0,0.0,3200
hardzero_plus_depr__c0p54__z1p05__lam0p030__nu0p50__psi1p00,hardzero_plus_depr,0.02,33,1,0.0,1,0.45999998,0.4618536,1.0330085,0.09268118,0.09268118,1.0,0.0018536235,0.02,-27.69807,2.272664,0.7575547,0.136,0.0,0.17679247,0.0,0.03,6400
hardzero_plus_depr__c0p54__z1p05__lam0p030__nu0p50__psi1p00,hardzero_plus_depr,0.02,33,2,0.0,1,0.4618536,0.4618536,1.0681951,0.0,0.08546826,0.0,0.0,0.019408911,-28.263306,2.3500762,0.78335875,0.136,0.0,0.16946341,0.03,0.06,9600
hardzero_plus_depr__c0p54__z1p05__lam0p030__nu0p50__psi1p00,hardzero_plus_depr,0.02,33,3,0.0,1,0.4618536,0.4618536,1.0898097,0.0,0.081318684,0.0,0.0,0.018835291,-27.912682,2.397629,0.7992097,0.096,0.0,0.1608768,0.06,0.089999996,12800
hardzero_plus_depr__c0p54__z1p05__lam0p030__nu0p50__psi1p00,hardzero_plus_depr,0.02,33,4,0.0,1,0.4618536,0.46368265,0.99971735,0.10006511,0.10006511,1.0,0.0018290527,0.018278625,-26.24902,2.1994221,0.7331407,0.120000005,0.0,0.16527367,0.089999996,0.12,16000
hardzero_plus_depr__c0p54__z1p05__lam0p030__nu0p50__psi1p00,hardzero_plus_depr,0.02,33,5,0.0,1,0.46368265,0.46545106,1.0013285,0.09969457,0.09969457,1.0,0.0017684229,0.017738407,-27.16512,2.2029667,0.73432225,0.128,0.0,0.15339002,0.12,0.14999999,19200
hardzero_plus_depr__c0p54__z1p05__lam0p030__nu0p50__psi1p00,hardzero_plus_depr,0.02,33,6,0.0,1,0.46545106,0.46717587,0.9991469,0.10019662,0.10019662,1.0,0.0017248006,0.017214159,-27.342846,2.198167,0.7327224,0.16800001,0.0,0.13046943,0.14999999,0.17999999,22400
hardzero_plus_depr__c0p54__z1p05__lam0p030__nu0p50__psi1p00,hardzero_plus_depr,0.02,33,7,0.0,1,0.46717587,0.46866742,1.049217,0.089285925,0.089285925,1.0,0.0014915576,0.016705405,-27.557114,2.3083234,0.7694411,0.17600001,0.0,0.16982032,0.17999999,0.21,25600
hardzero_plus_depr__c0p54__z1p05__lam0p030__nu0p50__psi1p00,hardzero_plus_depr,0.02,33,8,0.0,1,0.46866742,0.4701521,1.0381944,0.09158104,0.09158104,1.0,0.0014846829,0.016211685,-28.206205,2.2840734,0.7613578,0.192,0.0,0.1867958,0.21,0.24,28800
hardzero_plus_depr__c0p54__z1p05__lam0p030__nu0p50__psi1p00,hardzero_plus_depr,0.02,33,9,0.0,1,0.4701521,0.4717359,0.9971037,0.10066913,0.10066913,1.0,0.0015837828,0.015732557,-27.252432,2.193672,0.731224,0.128,0.0,0.16467625,0.24,0.26999998,32000
hardzero_plus_depr__c0p54__z1p05__lam0p030__nu0p50__psi1p00,hardzero_plus_depr,0.02,33,10,0.0,1,0.4717359,0.47321206,1.0146307,0.09668728,0.09668728,1.0,0.0014761818,0.01526759,-28.362158,2.232232,0.7440774,0.16000001,0.0,0.1486604,0.26999998,0.29999998,35200
hardzero_plus_depr__c0p54__z1p05__lam0p030__nu0p50__psi1p00,hardzero_plus_depr,0.02,33,11,0.0,1,0.47321206,0.47471315,0.9943369,0.10131252,0.10131252,1.0,0.001501083,0.014816363,-25.998514,2.1875849,0.729195,0.120000005,0.0,0.15144797,0.29999998,0.32999998,38400
hardzero_plus_depr__c0p54__z1p05__lam0p030__nu0p50__psi1p00,hardzero_plus_depr,0.02,33,12,0.0,1,0.47471315,0.47471315,1.0521417,0.0,0.08868666,0.0,0.0,0.014378476,-27.585146,2.3147578,0.77158594,0.16000001,0.0,0.18659566,0.32999998,0.35999998,41600
hardzero_plus_depr__c0p54__z1p05__lam0p030__nu0p50__psi1p00,hardzero_plus_depr,0.02,33,13,0.0,1,0.47471315,0.47471315,1.0571467,0.0,0.08767046,0.0,0.0,0.0139535265,-27.40969,2.3257692,0.7752564,0.14,0.0,0.16742946,0.35999998,0.39,44800
hardzero_plus_depr__c0p54__z1p05__lam0p030__nu0p50__psi1p00,hardzero_plus_depr,0.02,33,14,0.0,1,0.47471315,0.47605094,1.0052675,0.09879444,0.09879444,1.0,0.0013377891,0.013541138,-26.56192,2.2116327,0.7372109,0.16800001,0.0,0.13172854,0.39,0.42,48000
hardzero_plus_depr__c0p54__z1p05__lam0p030__nu0p50__psi1p00,hardzero_plus_depr,0.02,33,15,0.0,1,0.47605094,0.47605094,1.0924863,0.0,0.080819055,0.0,0.0,0.013140936,-27.972486,2.4035177,0.8011726,0.096,0.0,0.13876863,0.42,0.45,51200
hardzero_plus_depr__c0p54__z1p05__lam0p030__nu0p50__psi1p00,hardzero_plus_depr,0.02,33,16,0.0,1,0.47605094,0.4773316,0.99816424,0.10042359,0.10042359,1.0,0.0012806582,0.012752563,-26.62712,2.196005,0.7320017,0.16000001,0.0,0.17196079,0.45,0.48,54400
hardzero_plus_depr__c0p54__z1p05__lam0p030__nu0p50__psi1p00,hardzero_plus_depr,0.02,33,17,0.0,1,0.4773316,0.4773316,1.070837,0.0,0.08494991,0.0,0.0,0.012375668,-28.317947,2.3558886,0.7852962,0.120000005,0.0,0.18291496,0.48,0.51,57600
hardzero_plus_depr__c0p54__z1p05__lam0p030__nu0p50__psi1p00,hardzero_plus_depr,0.02,33,18,0.0,1,0.4773316,0.4773316,1.0592031,0.0,0.0872563,0.0,0.0,0.012009911,-27.761473,2.3302934,0.7767645,0.216,0.0,0.14382733,0.51,0.53999996,60800
hardzero_plus_depr__c0p54__z1p05__lam0p030__nu0p50__psi1p00,hardzero_plus_depr,0.02,33,19,0.0,1,0.4773316,0.47845706,1.0151839,0.09656419,0.09656419,1.0,0.0011254522,0.011654965,-26.63935,2.2334492,0.7444831,0.128,0.0,0.16095622,0.53999996,0.56999993,64000
hardzero_plus_depr__c0p54__z1p05__lam0p030__nu0p50__psi1p00,hardzero_plus_depr,0.02,33,20,0.0,1,0.47845706,0.4796699,0.9696781,0.10723137,0.10723137,1.0,0.0012128415,0.011310509,-25.360792,2.1333344,0.7111115,0.2,0.0,0.13380353,0.56999993,0.5999999,67200
hardzero_plus_depr__c0p54__z1p05__lam0p030__nu0p50__psi1p00,hardzero_plus_depr,0.02,33,21,0.0,1,0.4796699,0.4796699,1.0782309,0.0,0.0835159,0.0,0.0,0.0109762335,-28.07587,2.3721552,0.79071844,0.080000006,0.0,0.14293218,0.5999999,0.6299999,70400
hardzero_plus_depr__c0p54__z1p05__lam0p030__nu0p50__psi1p00,hardzero_plus_depr,0.02,33,22,0.0,1,0.4796699,0.4796699,1.0505315,0.0,0.089016095,0.0,0.0,0.010651837,-27.118868,2.3112154,0.7704052,0.16000001,0.0,0.14283042,0.6299999,0.65999985,73600
hardzero_plus_depr__c0p54__z1p05__lam0p030__nu0p50__psi1p00,hardzero_plus_depr,0.02,33,23,0.0,1,0.4796699,0.4806732,1.0129665,0.09705848,0.09705848,1.0,0.0010032961,0.010337027,-26.220325,2.2285707,0.7428569,0.14400001,0.0,0.14839995,0.65999985,0.6899998,76800
hardzero_plus_depr__c0p54__z1p05__lam0p030__nu0p50__psi1p00,hardzero_plus_depr,0.02,33,24,0.0,1,0.4806732,0.48159322,1.0375679,0.09171326,0.09171326,1.0,0.00092002365,0.010031523,-27.09418,2.2826948,0.7608983,0.18400002,0.0,0.14042184,0.6899998,0.7199998,80000
hardzero_plus_depr__c0p54__z1p05__lam0p030__nu0p50__psi1p00,hardzero_plus_depr,0.02,33,25,0.0,1,0.48159322,0.48253387,1.0149136,0.09662432,0.09662432,1.0,0.0009406423,0.009735047,-27.07713,2.2328544,0.7442848,0.23200001,0.0,0.15431489,0.7199998,0.74999976,83200
hardzero_plus_depr__c0p54__z1p05__lam0p030__nu0p50__psi1p00,hardzero_plus_depr,0.02,33,26,0.0,1,0.48253387,0.48353684,0.9740245,0.10616357,0.10616357,1.0,0.0010029626,0.009447333,-26.312635,2.1428967,0.7142989,0.14999999,0.0,0.14120126,0.74999976,0.77999973,86400
hardzero_plus_depr__c0p54__z1p05__lam0p030__nu0p50__psi1p00,hardzero_plus_depr,0.02,33,27,0.0,1,0.48353684,0.48449257,0.9819505,0.10424361,0.10424361,1.0,0.0009557182,0.009168123,-26.923649,2.1603343,0.7201115,0.15200001,0.0,0.15167649,0.77999973,0.8099997,89600
hardzero_plus_depr__c0p54__z1p05__lam0p030__nu0p50__psi1p00,hardzero_plus_depr,0.02,33,28,0.0,1,0.48449257,0.48540622,0.9884751,0.102689244,0.102689244,1.0,0.00091364305,0.008897164,-27.129963,2.1746886,0.7248962,0.120000005,0.0,0.13121986,0.8099997,0.8399997,92800
hardzero_plus_depr__c0p54__z1p05__lam0p030__nu0p50__psi1p00,hardzero_plus_depr,0.02,33,29,0.0,1,0.48540622,0.48631194,0.9792318,0.10489824,0.10489824,1.0,0.00090571376,0.008634213,-26.747902,2.154353,0.71811765,0.120000005,0.0,0.14277156,0.8399997,0.86999965,96000
hardzero_plus_depr__c0p54__z1p05__lam0p030__nu0p50__psi1p00,hardzero_plus_depr,0.02,33,30,0.0,1,0.48631194,0.4872086,0.9705656,0.107012466,0.107012466,1.0,0.0008966611,0.008379034,-26.24178,2.135287,0.71176237,0.17600001,0.0,0.114053145,0.86999965,0.8999996,99200
hardzero_plus_depr__c0p54__z1p05__lam0p030__nu0p50__psi1p00,hardzero_plus_depr,0.02,33,31,0.0,1,0.4872086,0.48806405,0.9779671,0.10520415,0.10520415,1.0,0.0008554567,0.008131397,-26.63641,2.1515706,0.7171902,0.16800001,0.008,0.11687807,0.8999996,0.9299996,102400
hardzero_plus_depr__c0p54__z1p05__lam0p030__nu0p50__psi1p00,hardzero_plus_depr,0.02,33,32,0.0,1,0.48806405,0.48892125,0.96405846,0.10862794,0.10862794,1.0,0.0008571915,0.007891078,-26.202858,2.120971,0.70699036,0.18400002,0.0,0.16485593,0.9299996,0.95999956,105600
hardzero_plus_depr__c0p54__z1p05__lam0p030__nu0p50__psi1p00,hardzero_plus_depr,0.02,33,33,0.0,1,0.48892125,0.48977748,0.95152235,0.11180924,0.11180924,1.0,0.0008562196,0.007657861,-25.763487,2.093391,0.697797,0.208,0.0,0.1287006,0.95999956,0.98999953,108800
hardzero_plus_depr__c0p54__z1p05__lam0p030__nu0p50__psi1p00,hardzero_plus_depr,0.02,33,34,0.0,1,0.48977748,0.48977748,1.0604554,0.0,0.087005064,0.0,0.0,0.0074315374,-27.719193,2.3330486,0.7776829,0.128,0.0,0.14460038,0.98999953,1.0199995,112000
hardzero_plus_depr__c0p54__z1p05__lam0p030__nu0p50__psi1p00,hardzero_plus_depr,0.02,33,35,0.0,1,0.48977748,0.49044117,1.0360878,0.09202636,0.09202636,1.0,0.00066368515,0.0072119026,-27.43097,2.2794385,0.75981283,0.14400001,0.0,0.14376989,1.0199995,1.0499995,115200
hardzero_plus_depr__c0p54__z1p05__lam0p030__nu0p50__psi1p00,hardzero_plus_depr,0.02,33,36,0.0,1,0.49044117,0.49044117,1.1275053,0.0,0.07455808,0.0,0.0,0.0069987588,-29.67676,2.4805613,0.82685375,0.17600001,0.0,0.19844547,1.0499995,1.0799994,118400
hardzero_plus_depr__c0p54__z1p05__lam0p030__nu0p50__psi1p00,hardzero_plus_depr,0.02,33,37,0.0,1,0.49044117,0.49044117,1.0679619,0.0,0.08551416,0.0,0.0,0.006791914,-28.475466,2.3495631,0.78318775,0.16000001,0.0,0.17984816,1.0799994,1.1099994,121600
hardzero_plus_depr__c0p54__z1p05__lam0p030__nu0p50__psi1p00,hardzero_plus_depr,0.02,33,38,0.0,1,0.49044117,0.49044117,1.0569009,0.0,0.0877201,0.0,0.0,0.0065911827,-27.794666,2.3252282,0.7750761,0.136,0.0,0.22195509,1.1099994,1.1399994,124800
hardzero_plus_depr__c0p54__z1p05__lam0p030__nu0p50__psi1p00,hardzero_plus_depr,0.02,33,39,0.0,1,0.49044117,0.49103475,1.0324616,0.09279795,0.09279795,1.0,0.00059357134,0.006396384,-26.956648,2.271461,0.7571537,0.22999999,0.0,0.17108522,1.1399994,1.1699994,128000
hardzero_plus_depr__c0p54__z1p05__lam0p030__nu0p50__psi1p00,hardzero_plus_depr,0.02,33,40,0.0,1,0.49103475,0.49161348,1.0304321,0.093232624,0.093232624,1.0,0.0005787269,0.006207343,-27.407732,2.266996,0.7556653,0.120000005,0.0,0.15719879,1.1699994,1.1999993,131200
hardzero_plus_depr__c0p54__z1p05__lam0p030__nu0p50__psi1p00,hardzero_plus_depr,0.02,33,41,0.0,1,0.49161348,0.49161348,1.1016577,0.0,0.0791302,0.0,0.0,0.006023888,-28.317951,2.4236956,0.8078985,0.064,0.0,0.167215,1.1999993,1.2299993,134400
hardzero_plus_depr__c0p54__z1p05__lam0p030__nu0p50__psi1p00,hardzero_plus_depr,0.02,33,42,0.0,1,0.49161348,0.49161348,1.1442487,0.0,0.07173833,0.0,0.0,0.0058458555,-29.3371,2.5173974,0.8391325,0.14400001,0.0,0.19969523,1.2299993,1.2599993,137600
hardzero_plus_depr__c0p54__z1p05__lam0p030__nu0p50__psi1p00,hardzero_plus_depr,0.02,33,43,0.0,1,0.49161348,0.49215108,1.0233672,0.09476169,0.09476169,1.0,0.00053759106,0.005673084,-26.573687,2.2514527,0.7504842,0.14400001,0.008,0.14427918,1.2599993,1.2899992,140800
hardzero_plus_depr__c0p54__z1p05__lam0p030__nu0p50__psi1p00,hardzero_plus_depr,0.02,33,44,0.0,1,0.49215108,0.49264222,1.0495954,0.08920817,0.08920817,1.0,0.0004911284,0.00550542,-27.380863,2.309156,0.76971865,0.112,0.0,0.15227994,1.2899992,1.3199992,144000
hardzero_plus_depr__c0p54__z1p05__lam0p030__nu0p50__psi1p00,hardzero_plus_depr,0.02,33,45,0.0,1,0.49264222,0.49315843,1.014937,0.09661909,0.09661909,1.0,0.0005162078,0.00534271,-26.84707,2.232906,0.74430203,0.16000001,0.0,0.12188182,1.3199992,1.3499992,147200
hardzero_plus_depr__c0p54__z1p05__lam0p030__nu0p50__psi1p00,hardzero_plus_depr,0.02,33,46,0.0,1,0.49315843,0.49315843,1.0511467,0.0,0.088890076,0.0,0.0,0.0051848097,-27.17957,2.312569,0.7708563,0.192,0.0,0.17258798,1.3499992,1.3799992,150400
hardzero_plus_depr__c0p54__z1p05__lam0p030__nu0p50__psi1p00,hardzero_plus_depr,0.02,33,47,0.0,1,0.49315843,0.49362895,1.0291218,0.09351435,0.09351435,1.0,0.00047052454,0.0050315754,-26.27541,2.264113,0.75470436,0.128,0.0,0.18097344,1.3799992,1.4099991,153600
hardzero_plus_depr__c0p54__z1p05__lam0p030__nu0p50__psi1p00,hardzero_plus_depr,0.02,33,48,0.0,1,0.49362895,0.49409056,1.0243917,0.09453842,0.09453842,1.0,0.0004616188,0.00488287,-28.283407,2.2537067,0.7512356,0.15200001,0.0,0.14932752,1.4099991,1.4399991,156800
hardzero_plus_depr__c0p54__z1p05__lam0p030__nu0p50__psi1p00,hardzero_plus_depr,0.02,33,49,0.0,1,0.49409056,0.49455076,1.0126997,0.09711812,0.09711812,1.0,0.00046019998,0.0047385595,-27.08279,2.227984,0.74266136,0.2,0.0,0.15401578,1.4399991,1.4699991,160000
hardzero_plus_depr__c0p54__z1p05__lam0p030__nu0p50__psi1p00,hardzero_plus_depr,0.02,33,50,0.0,1,0.49455076,0.49455076,1.0789644,0.0,0.08337496,0.0,0.0,0.004598514,-28.447832,2.373769,0.79125637,0.128,0.0,0.1750778,1.4699991,1.499999,163200
hardzero_plus_depr__c0p54__z1p05__lam0p030__nu0p50__psi1p00,hardzero_plus_depr,0.02,33,51,0.0,1,0.49455076,0.49496555,1.031749,0.09295034,0.09295034,1.0,0.0004148009,0.0044626077,-28.066248,2.2698932,0.7566311,0.2,0.0,0.18892016,1.499999,1.529999,166400
hardzero_plus_depr__c0p54__z1p05__lam0p030__nu0p50__psi1p00,hardzero_plus_depr,0.02,33,52,0.0,1,0.49496555,0.49535927,1.041361,0.09091572,0.09091572,1.0,0.00039373033,0.004330718,-27.289843,2.29104,0.76368,0.14999999,0.0,0.1307814,1.529999,1.559999,169600
hardzero_plus_depr__c0p54__z1p05__lam0p030__nu0p50__psi1p00,hardzero_plus_depr,0.02,33,53,0.0,1,0.49535927,0.49577647,1.0031819,0.099270016,0.099270016,1.0,0.0004172046,0.0042027254,-27.340336,2.2070444,0.7356815,0.216,0.0,0.14514641,1.559999,1.589999,172800
hardzero_plus_depr__c0p54__z1p05__lam0p030__nu0p50__psi1p00,hardzero_plus_depr,0.02,33,54,0.0,1,0.49577647,0.49620143,0.98216623,0.104191855,0.104191855,1.0,0.00042494817,0.0040785163,-26.294088,2.1608088,0.7202696,0.128,0.0,0.13814777,1.589999,1.6199989,176000
hardzero_plus_depr__c0p54__z1p05__lam0p030__nu0p50__psi1p00,hardzero_plus_depr,0.02,33,55,0.0,1,0.49620143,0.49656445,1.0375481,0.09171743,0.09171743,1.0,0.00036301557,0.003957978,-26.844736,2.2826514,0.7608838,0.120000005,0.0,0.15720205,1.6199989,1.6499989,179200
hardzero_plus_depr__c0p54__z1p05__lam0p030__nu0p50__psi1p00,hardzero_plus_depr,0.02,33,56,0.0,1,0.49656445,0.49694127,1.0083122,0.09810424,0.09810424,1.0,0.0003768186,0.0038410025,-26.741966,2.218331,0.7394437,0.128,0.0,0.1276361,1.6499989,1.6799989,182400
hardzero_plus_depr__c0p54__z1p05__lam0p030__nu0p50__psi1p00,hardzero_plus_depr,0.02,33,57,0.0,1,0.49694127,0.49694127,1.0534089,0.0,0.08842827,0.0,0.0,0.0037274836,-27.731075,2.317546,0.7725153,0.128,0.0,0.14153962,1.6799989,1.7099988,185600
hardzero_plus_depr__c0p54__z1p05__lam0p030__nu0p50__psi1p00,hardzero_plus_depr,0.02,33,58,0.0,1,0.49694127,0.49694127,1.0671159,0.0,0.08568091,0.0,0.0,0.00361732,-27.763866,2.3477018,0.78256726,0.128,0.0,0.15138926,1.7099988,1.7399988,188800
hardzero_plus_depr__c0p54__z1p05__lam0p030__nu0p50__psi1p00,hardzero_plus_depr,0.02,33,59,0.0,1,0.49694127,0.49728304,1.0116167,0.09736062,0.09736062,1.0,0.00034177586,0.0035104118,-26.866951,2.2256012,0.74186707,0.14400001,0.0,0.12076705,1.7399988,1.7699988,192000
hardzero_plus_depr__c0p54__z1p05__lam0p030__nu0p50__psi1p00,hardzero_plus_depr,0.02,33,60,0.0,1,0.49728304,0.4976063,1.022767,0.09489276,0.09489276,1.0,0.00032326777,0.0034066641,-26.620079,2.2501323,0.7500441,0.16800001,0.0,0.14863327,1.7699988,1.7999988,195200
hardzero_plus_depr__c0p54__z1p05__lam0p030__nu0p50__psi1p00,hardzero_plus_depr,0.02,33,61,0.0,1,0.4976063,0.49797463,0.9530732,0.11141068,0.11141068,1.0,0.0003683217,0.0033059819,-25.72956,2.096803,0.6989343,0.24800001,0.0,0.11758271,1.7999988,1.8299987,198400
hardzero_plus_depr__c0p54__z1p05__lam0p030__nu0p50__psi1p00,hardzero_plus_depr,0.02,33,62,0.0,1,0.49797463,0.49826762,1.0394355,0.0913197,0.0913197,1.0,0.00029297874,0.0032082754,-27.451319,2.2868037,0.76226795,0.16800001,0.0,0.1586919,1.8299987,1.8599987,201600
hardzero_plus_depr__c0p54__z1p05__lam0p030__nu0p50__psi1p00,hardzero_plus_depr,0.02,33,63,0.0,1,0.49826762,0.49857417,1.0067406,0.0984599,0.0984599,1.0,0.0003065506,0.0031134563,-27.096848,2.2148736,0.7382912,0.16000001,0.0,0.14622031,1.8599987,1.8899987,204800
hardzero_plus_depr__c0p54__z1p05__lam0p030__nu0p50__psi1p00,hardzero_plus_depr,0.02,33,64,0.0,1,0.49857417,0.49857417,1.0912192,0.0,0.081055194,0.0,0.0,0.0030214402,-28.728516,2.4007301,0.8002434,0.136,0.0,0.18358746,1.8899987,1.9199986,208000
hardzero_plus_depr__c0p54__z1p05__lam0p030__nu0p50__psi1p00,hardzero_plus_depr,0.02,33,65,0.0,1,0.49857417,0.4988618,1.0083553,0.098094516,0.098094516,1.0,0.00028762716,0.0029321432,-27.237362,2.2184258,0.73947525,0.099999994,0.0,0.14743768,1.9199986,1.9499986,211200
hardzero_plus_depr__c0p54__z1p05__lam0p030__nu0p50__psi1p00,hardzero_plus_depr,0.02,33,66,0.0,1,0.4988618,0.4988618,1.0513753,0.0,0.088843316,0.0,0.0,0.0028454852,-27.886658,2.3130717,0.7710239,0.104,0.0,0.14019944,1.9499986,1.9799986,214400
hardzero_plus_depr__c0p54__z1p05__lam0p030__nu0p50__psi1p00,hardzero_plus_depr,0.02,33,67,0.0,1,0.4988618,0.49915066,0.9804128,0.104613364,0.104613364,1.0,0.00028887813,0.0027613884,-26.318306,2.1569512,0.71898377,0.14400001,0.0,0.12385303,1.9799986,2.0099986,217600
hardzero_plus_depr__c0p54__z1p05__lam0p030__nu0p50__psi1p00,hardzero_plus_depr,0.02,33,68,0.0,1,0.49915066,0.49915066,1.0704921,0.0,0.0850174,0.0,0.0,0.0026797773,-27.067501,2.3551297,0.78504324,0.128,0.0,0.15196918,2.0099986,2.0399985,220800
hardzero_plus_depr__c0p54__z1p05__lam0p030__nu0p50__psi1p00,hardzero_plus_depr,0.02,33,69,0.0,1,0.49915066,0.49915066,1.0500454,0.0,0.08911579,0.0,0.0,0.0026005781,-27.971785,2.3101459,0.7700486,0.16000001,0.0,0.16740637,2.0399985,2.0699985,224000
hardzero_plus_depr__c0p54__z1p05__lam0p030__nu0p50__psi1p00,hardzero_plus_depr,0.02,33,70,0.0,1,0.49915066,0.49940705,0.993116,0.101597734,0.101597734,1.0,0.00025640416,0.0025237193,-27.134932,2.1848989,0.7282996,0.15200001,0.0,0.15241499,2.0699985,2.0999985,227200
hardzero_plus_depr__c0p54__z1p05__lam0p030__nu0p50__psi1p00,hardzero_plus_depr,0.02,33,71,0.0,1,0.49940705,0.49964818,1.0067801,0.09845093,0.09845093,1.0,0.00024111933,0.002449132,-27.409271,2.2149606,0.73832023,0.16800001,0.0,0.14156727,2.0999985,2.1299984,230400
hardzero_plus_depr__c0p54__z1p05__lam0p030__nu0p50__psi1p00,hardzero_plus_depr,0.02,33,72,0.0,1,0.49964818,0.49964818,1.0704902,0.0,0.08501776,0.0,0.0,0.0023767494,-28.768604,2.3551254,0.7850418,0.120000005,0.0,0.12648493,2.1299984,2.1599984,233600
hardzero_plus_depr__c0p54__z1p05__lam0p030__nu0p50__psi1p00,hardzero_plus_depr,0.02,33,73,0.0,1,0.49964818,0.49991354,0.9391244,0.115047075,0.115047075,1.0,0.00026535676,0.002306506,-25.666363,2.066115,0.68870497,0.2,0.0,0.13637488,2.1599984,2.1899984,236800
hardzero_plus_depr__c0p54__z1p05__lam0p030__nu0p50__psi1p00,hardzero_plus_depr,0.02,33,74,0.0,1,0.49991354,0.5001429,0.9894203,0.10246597,0.10246597,1.0,0.00022935354,0.0022383386,-26.656693,2.176768,0.7255894,0.112,0.0,0.13409112,2.1899984,2.2199984,240000
hardzero_plus_depr__c0p54__z1p05__lam0p030__nu0p50__psi1p00,hardzero_plus_depr,0.02,33,75,0.0,1,0.5001429,0.5001429,1.0618174,0.0,0.08673263,0.0,0.0,0.0021721856,-27.55166,2.336045,0.7786817,0.104,0.0,0.16720268,2.2199984,2.2499983,243200
hardzero_plus_depr__c0p54__z1p05__lam0p030__nu0p50__psi1p00,hardzero_plus_depr,0.02,33,76,0.0,1,0.5001429,0.5003342,1.0421336,0.09075414,0.09075414,1.0,0.00019130862,0.0021079879,-28.039318,2.2927396,0.7642466,0.16800001,0.0,0.13280207,2.2499983,2.2799983,246400
hardzero_plus_depr__c0p54__z1p05__lam0p030__nu0p50__psi1p00,hardzero_plus_depr,0.02,33,77,0.0,1,0.5003342,0.5005586,0.9597471,0.109711684,0.109711684,1.0,0.00022443582,0.0020456875,-25.641249,2.1114857,0.7038286,0.120000005,0.0,0.14578974,2.2799983,2.3099983,249600
hardzero_plus_depr__c0p54__z1p05__lam0p030__nu0p50__psi1p00,hardzero_plus_depr,0.02,33,78,0.0,1,0.5005586,0.5007386,1.0425438,0.09066845,0.09066845,1.0,0.00017999757,0.0019852284,-27.934855,2.293642,0.76454735,0.14999999,0.0,0.17011476,2.3099983,2.3399982,252800
hardzero_plus_depr__c0p54__z1p05__lam0p030__nu0p50__psi1p00,hardzero_plus_depr,0.02,33,79,0.0,1,0.5007386,0.5007386,1.066599,0.0,0.085782945,0.0,0.0,0.001926556,-28.402884,2.3465648,0.7821883,0.17600001,0.0,0.16668637,2.3399982,2.3699982,256000
hardzero_plus_depr__c0p54__z1p05__lam0p030__nu0p50__psi1p00,hardzero_plus_depr,0.02,33,80,0.0,1,0.5007386,0.5009202,1.0128115,0.097093105,0.097093105,1.0,0.00018152701,0.0018696178,-26.868973,2.2282298,0.74274325,0.216,0.0,0.14357905,2.3699982,2.3999982,259200
hardzero_plus_depr__c0p54__z1p05__lam0p030__nu0p50__psi1p00,hardzero_plus_depr,0.02,33,81,0.0,1,0.5009202,0.5009202,1.0616428,0.0,0.086767524,0.0,0.0,0.0018143624,-27.89015,2.3356607,0.7785536,0.16000001,0.0,0.15144905,2.3999982,2.4299982,262400
hardzero_plus_depr__c0p54__z1p05__lam0p030__nu0p50__psi1p00,hardzero_plus_depr,0.02,33,82,0.0,1,0.5009202,0.50108683,1.0239367,0.0946375,0.0946375,1.0,0.00016663202,0.0017607398,-27.303959,2.2527058,0.75090194,0.120000005,0.0,0.14122255,2.4299982,2.4599981,265600
hardzero_plus_depr__c0p54__z1p05__lam0p030__nu0p50__psi1p00,hardzero_plus_depr,0.02,33,83,0.0,1,0.50108683,0.5012547,1.0077385,0.09823393,0.09823393,1.0,0.00016785252,0.0017087021,-26.846306,2.217069,0.739023,0.120000005,0.0,0.14940849,2.4599981,2.489998,268800
hardzero_plus_depr__c0p54__z1p05__lam0p030__nu0p50__psi1p00,hardzero_plus_depr,0.02,33,84,0.0,1,0.5012547,0.5012547,1.0789974,0.0,0.08336863,0.0,0.0,0.0016582025,-27.469423,2.3738415,0.7912805,0.16000001,0.0,0.13685885,2.489998,2.519998,272000
hardzero_plus_depr__c0p54__z1p05__lam0p030__nu0p50__psi1p00,hardzero_plus_depr,0.02,33,85,0.0,1,0.5012547,0.5012547,1.0575773,0.0,0.087583594,0.0,0.0,0.0016091953,-28.490244,2.3267164,0.7755722,0.14400001,0.0,0.16520333,2.519998,2.549998,275200
hardzero_plus_depr__c0p54__z1p05__lam0p030__nu0p50__psi1p00,hardzero_plus_depr,0.02,33,86,0.0,1,0.5012547,0.50140715,1.0103729,0.09763984,0.09763984,1.0,0.00015247792,0.0015616363,-27.216778,2.2228646,0.7409549,0.14400001,0.0,0.14310451,2.549998,2.579998,278400
hardzero_plus_depr__c0p54__z1p05__lam0p030__nu0p50__psi1p00,hardzero_plus_depr,0.02,33,87,0.0,1,0.50140715,0.5015427,1.0485674,0.089419566,0.089419566,1.0,0.00013551382,0.0015154829,-27.584782,2.3068943,0.76896477,0.192,0.0,0.16073306,2.579998,2.609998,281600
hardzero_plus_depr__c0p54__z1p05__lam0p030__nu0p50__psi1p00,hardzero_plus_depr,0.02,33,88,0.0,1,0.5015427,0.5015427,1.0890297,0.0,0.08146485,0.0,0.0,0.001470694,-28.401217,2.3959131,0.79863775,0.072000004,0.0,0.17640091,2.609998,2.639998,284800
hardzero_plus_depr__c0p54__z1p05__lam0p030__nu0p50__psi1p00,hardzero_plus_depr,0.02,33,89,0.0,1,0.5015427,0.5015427,1.0784031,0.0,0.08348277,0.0,0.0,0.0014272282,-27.765661,2.3725343,0.7908448,0.16800001,0.0,0.17272031,2.639998,2.669998,288000
hardzero_plus_depr__c0p54__z1p05__lam0p030__nu0p50__psi1p00,hardzero_plus_depr,0.02,33,90,0.0,1,0.5015427,0.50166774,1.0443931,0.090283185,0.090283185,1.0,0.00012504647,0.0013850472,-27.88826,2.2977107,0.7659036,0.16000001,0.0,0.17764963,2.669998,2.699998,291200
hardzero_plus_depr__c0p54__z1p05__lam0p030__nu0p50__psi1p00,hardzero_plus_depr,0.02,33,91,0.0,1,0.50166774,0.50166774,1.0695077,0.0,0.08521032,0.0,0.0,0.001344113,-27.646486,2.352964,0.7843213,0.21,0.0,0.1624845,2.699998,2.7299979,294400
hardzero_plus_depr__c0p54__z1p05__lam0p030__nu0p50__psi1p00,hardzero_plus_depr,0.02,33,92,0.0,1,0.50166774,0.50179267,1.0186653,0.095793195,0.095793195,1.0,0.00012495155,0.0013043886,-27.233688,2.2411084,0.74703616,0.17600001,0.0,0.14598985,2.7299979,2.7599978,297600
hardzero_plus_depr__c0p54__z1p05__lam0p030__nu0p50__psi1p00,hardzero_plus_depr,0.02,33,93,0.0,1,0.50179267,0.50191164,1.0270057,0.093971096,0.093971096,1.0,0.00011895218,0.0012658379,-27.813269,2.2594576,0.75315255,0.112,0.0,0.14034843,2.7599978,2.7899978,300800
hardzero_plus_depr__c0p54__z1p05__lam0p030__nu0p50__psi1p00,hardzero_plus_depr,0.02,33,94,0.0,1,0.50191164,0.5020266,1.0286696,0.09361174,0.09361174,1.0,0.00011499518,0.0012284269,-28.056396,2.2631183,0.7543728,0.192,0.008,0.17640427,2.7899978,2.8199978,304000
hardzero_plus_depr__c0p54__z1p05__lam0p030__nu0p50__psi1p00,hardzero_plus_depr,0.02,33,95,0.0,1,0.5020266,0.5021456,1.0008408,0.099806584,0.099806584,1.0,0.00011898158,0.0011921215,-26.85836,2.2018938,0.7339646,0.208,0.0,0.15155707,2.8199978,2.8499978,307200
hardzero_plus_depr__c0p54__z1p05__lam0p030__nu0p50__psi1p00,hardzero_plus_depr,0.02,33,96,0.0,1,0.5021456,0.50225335,1.0307105,0.09317287,0.09317287,1.0,0.00010779067,0.001156889,-27.043236,2.2676082,0.7558694,0.14400001,0.0,0.12950526,2.8499978,2.8799977,310400
hardzero_plus_depr__c0p54__z1p05__lam0p030__nu0p50__psi1p00,hardzero_plus_depr,0.02,33,97,0.0,1,0.50225335,0.50235754,1.0323719,0.09281713,0.09281713,1.0,0.00010420559,0.0011226978,-27.956383,2.2712634,0.7570878,0.15200001,0.0,0.15595442,2.8799977,2.9099977,313600
hardzero_plus_depr__c0p54__z1p05__lam0p030__nu0p50__psi1p00,hardzero_plus_depr,0.02,33,98,0.0,1,0.50235754,0.50235754,1.0515496,0.0,0.088807665,0.0,0.0,0.001089517,-27.441235,2.313455,0.7711517,0.216,0.0,0.20012863,2.9099977,2.9399977,316800
hardzero_plus_depr__c0p54__z1p05__lam0p030__nu0p50__psi1p00,hardzero_plus_depr,0.02,33,99,0.0,1,0.50235754,0.50235754,1.0686378,0.0,0.08538117,0.0,0.0,0.0010573171,-28.24821,2.3510501,0.7836834,0.16800001,0.0,0.1447079,2.9399977,2.9699976,320000
hardzero_plus_depr__c0p54__z1p05__lam0p030__nu0p50__psi1p00,hardzero_plus_depr,0.02,33,100,0.0,1,0.50235754,0.50246143,0.9945817,0.10125543,0.10125543,1.0,0.000103895014,0.0010260686,-26.278484,2.1881235,0.7293745,0.120000005,0.0,0.13972552,2.9699976,2.9999976,323200
hardzero_plus_depr__c0p54__z1p05__lam0p030__nu0p50__psi1p00,hardzero_plus_depr,0.02,33,101,0.0,1,0.50246143,0.5025541,1.0311844,0.09307126,0.09307126,1.0,9.2675116e-05,0.0009957437,-28.15295,2.268651,0.756217,0.18400002,0.0,0.19778478,2.9999976,3.0299976,326400
hardzero_plus_depr__c0p54__z1p05__lam0p030__nu0p50__psi1p00,hardzero_plus_depr,0.02,33,102,0.0,1,0.5025541,0.5026514,0.9970649,0.10067813,0.10067813,1.0,9.728679e-05,0.00096631504,-26.716587,2.1935866,0.73119557,0.128,0.0,0.15867737,3.0299976,3.0599976,329600
hardzero_plus_depr__c0p54__z1p05__lam0p030__nu0p50__psi1p00,hardzero_plus_depr,0.02,33,103,0.0,1,0.5026514,0.50273657,1.0418603,0.09081126,0.09081126,1.0,8.515883e-05,0.0009377562,-27.450119,2.2921386,0.7640462,0.112,0.0,0.14894584,3.0599976,3.0899975,332800
hardzero_plus_depr__c0p54__z1p05__lam0p030__nu0p50__psi1p00,hardzero_plus_depr,0.02,33,104,0.0,1,0.50273657,0.5028216,1.0292423,0.0934884,0.0934884,1.0,8.507831e-05,0.00091004133,-26.972065,2.2643783,0.7547928,0.13,0.0,0.14832313,3.0899975,3.1199975,336000
hardzero_plus_depr__c0p54__z1p05__lam0p030__nu0p50__psi1p00,hardzero_plus_depr,0.02,33,105,0.0,1,0.5028216,0.5028216,1.0552578,0.0,0.08805259,0.0,0.0,0.00088314555,-28.68233,2.3216136,0.7738712,0.16000001,0.0,0.18787183,3.1199975,3.1499975,339200
hardzero_plus_depr__c0p54__z1p05__lam0p030__nu0p50__psi1p00,hardzero_plus_depr,0.02,33,106,0.0,1,0.5028216,0.50290996,0.98676497,0.1030944,0.1030944,1.0,8.83565e-05,0.00085704465,-26.963066,2.1709263,0.7236421,0.16000001,0.0,0.14515658,3.1499975,3.1799974,342400
hardzero_plus_depr__c0p54__z1p05__lam0p030__nu0p50__psi1p00,hardzero_plus_depr,0.02,33,107,0.0,1,0.50290996,0.50290996,1.0880877,0.0,0.08164175,0.0,0.0,0.00083171524,-27.976864,2.3938408,0.79794693,0.096,0.0,0.15376714,3.1799974,3.2099974,345600
hardzero_plus_depr__c0p54__z1p05__lam0p030__nu0p50__psi1p00,hardzero_plus_depr,0.02,33,108,0.0,1,0.50290996,0.50299054,1.0008084,0.099814035,0.099814035,1.0,8.056333e-05,0.0008071343,-27.122019,2.2018223,0.7339408,0.096,0.0,0.14852482,3.2099974,3.2399974,348800
hardzero_plus_depr__c0p54__z1p05__lam0p030__nu0p50__psi1p00,hardzero_plus_depr,0.02,33,109,0.0,1,0.50299054,0.5030655,1.0190624,0.09570564,0.09570564,1.0,7.496431e-05,0.00078327995,-26.871002,2.241982,0.7473273,0.128,0.0,0.13655454,3.2399974,3.2699974,352000
hardzero_plus_depr__c0p54__z1p05__lam0p030__nu0p50__psi1p00,hardzero_plus_depr,0.02,33,110,0.0,1,0.5030655,0.50314003,1.0088686,0.09797865,0.09797865,1.0,7.447656e-05,0.00076013047,-26.502724,2.2195551,0.7398517,0.2,0.0,0.13769422,3.2699974,3.2999973,355200
hardzero_plus_depr__c0p54__z1p05__lam0p030__nu0p50__psi1p00,hardzero_plus_depr,0.02,33,111,0.0,1,0.50314003,0.5032094,1.0264453,0.09409243,0.09409243,1.0,6.940872e-05,0.0007376653,-26.880993,2.2582247,0.7527416,0.096,0.0,0.13167824,3.2999973,3.3299973,358400
hardzero_plus_depr__c0p54__z1p05__lam0p030__nu0p50__psi1p00,hardzero_plus_depr,0.02,33,112,0.0,1,0.5032094,0.5032733,1.0493451,0.08925958,0.08925958,1.0,6.389773e-05,0.00071586407,-27.062588,2.3086054,0.7695352,0.16800001,0.0,0.15374291,3.3299973,3.3599973,361600
hardzero_plus_depr__c0p54__z1p05__lam0p030__nu0p50__psi1p00,hardzero_plus_depr,0.02,33,113,0.0,1,0.5032733,0.50333786,1.0317637,0.09294721,0.09294721,1.0,6.457108e-05,0.0006947071,-27.442211,2.2699254,0.7566418,0.136,0.0,0.13927683,3.3599973,3.3899972,364800
hardzero_plus_depr__c0p54__z1p05__lam0p030__nu0p50__psi1p00,hardzero_plus_depr,0.02,33,114,0.0,1,0.50333786,0.5034132,0.95159906,0.11178949,0.11178949,1.0,7.536572e-05,0.0006741754,-26.045776,2.0935597,0.69785327,0.24800001,0.0,0.14184423,3.3899972,3.4199972,368000
hardzero_plus_depr__c0p54__z1p05__lam0p030__nu0p50__psi1p00,hardzero_plus_depr,0.02,33,115,0.0,1,0.5034132,0.50347406,1.0315982,0.09298263,0.09298263,1.0,6.083393e-05,0.0006542505,-28.260479,2.2695613,0.75652045,0.17600001,0.008,0.16277345,3.4199972,3.4499972,371200
hardzero_plus_depr__c0p54__z1p05__lam0p030__nu0p50__psi1p00,hardzero_plus_depr,0.02,33,116,0.0,1,0.50347406,0.5035351,1.0170213,0.096156515,0.096156515,1.0,6.105116e-05,0.0006349145,-26.638338,2.2374916,0.74583054,0.18400002,0.0,0.15083121,3.4499972,3.4799972,374400
hardzero_plus_depr__c0p54__z1p05__lam0p030__nu0p50__psi1p00,hardzero_plus_depr,0.02,33,117,0.0,1,0.5035351,0.5035351,1.0612357,0.0,0.08684891,0.0,0.0,0.00061615,-27.980553,2.3347652,0.7782551,0.12,0.0,0.14603671,3.4799972,3.5099971,377600
hardzero_plus_depr__c0p54__z1p05__lam0p030__nu0p50__psi1p00,hardzero_plus_depr,0.02,33,118,0.0,1,0.5035351,0.5035946,1.0024105,0.0994465,0.0994465,1.0,5.9463033e-05,0.00059793994,-26.604437,2.2053473,0.73511577,0.096,0.0,0.16152461,3.5099971,3.539997,380800
hardzero_plus_depr__c0p54__z1p05__lam0p030__nu0p50__psi1p00,hardzero_plus_depr,0.02,33,119,0.0,1,0.5035946,0.50365037,1.0170505,0.09615005,0.09615005,1.0,5.5792818e-05,0.0005802682,-27.29843,2.2375557,0.74585193,0.120000005,0.0,0.12682396,3.539997,3.569997,384000
hardzero_plus_depr__c0p54__z1p05__lam0p030__nu0p50__psi1p00,hardzero_plus_depr,0.02,33,120,0.0,1,0.50365037,0.5037015,1.0420616,0.09076917,0.09076917,1.0,5.111382e-05,0.0005631187,-26.903894,2.2925813,0.7641938,0.112,0.0,0.11990166,3.569997,3.599997,387200
hardzero_plus_depr__c0p54__z1p05__lam0p030__nu0p50__psi1p00,hardzero_plus_depr,0.02,33,121,0.0,1,0.5037015,0.5037509,1.0439919,0.09036662,0.09036662,1.0,4.938319e-05,0.00054647605,-27.835522,2.296828,0.7656094,0.14400001,0.0,0.16683428,3.599997,3.629997,390400
hardzero_plus_depr__c0p54__z1p05__lam0p030__nu0p50__psi1p00,hardzero_plus_depr,0.02,33,122,0.0,1,0.5037509,0.50380486,0.99269044,0.10169733,0.10169733,1.0,5.393266e-05,0.0005303252,-25.85487,2.1839626,0.7279875,0.16800001,0.0,0.13634999,3.629997,3.659997,393600
hardzero_plus_depr__c0p54__z1p05__lam0p030__nu0p50__psi1p00,hardzero_plus_depr,0.02,33,123,0.0,1,0.50380486,0.50385433,1.0171273,0.09613304,0.09613304,1.0,4.9475042e-05,0.0005146518,-27.825134,2.2377248,0.74590826,0.136,0.0,0.12427335,3.659997,3.689997,396800
hardzero_plus_depr__c0p54__z1p05__lam0p030__nu0p50__psi1p00,hardzero_plus_depr,0.02,33,124,0.0,1,0.50385433,0.503903,1.0113373,0.09742326,0.09742326,1.0,4.8657228e-05,0.0004994416,-27.185884,2.2249863,0.74166214,0.2,0.0,0.14261541,3.689997,3.719997,400000
hardzero_plus_depr__c0p54__z1p05__lam0p030__nu0p50__psi1p00,hardzero_plus_depr,0.02,33,125,0.0,1,0.503903,0.5039483,1.0291015,0.0935187,0.0935187,1.0,4.5326717e-05,0.00048468082,-27.883951,2.2640684,0.75468946,0.14400001,0.0,0.19247104,3.719997,3.749997,403200
hardzero_plus_depr__c0p54__z1p05__lam0p030__nu0p50__psi1p00,hardzero_plus_depr,0.02,33,126,0.0,1,0.5039483,0.5039921,1.0306954,0.0931761,0.0931761,1.0,4.3825974e-05,0.0004703564,-27.006481,2.2675753,0.7558584,0.16000001,0.0,0.14994572,3.749997,3.7799969,406400
hardzero_plus_depr__c0p54__z1p05__lam0p030__nu0p50__psi1p00,hardzero_plus_depr,0.02,33,127,0.0,1,0.5039921,0.5040334,1.0435034,0.090468325,0.090468325,1.0,4.129474e-05,0.00045645525,-27.54025,2.2957532,0.7652511,0.14400001,0.0,0.14262411,3.7799969,3.8099968,409600
hardzero_plus_depr__c0p54__z1p05__lam0p030__nu0p50__psi1p00,hardzero_plus_depr,0.02,33,128,0.0,1,0.5040334,0.50407714,1.005158,0.09881937,0.09881937,1.0,4.3773518e-05,0.00044296499,-26.609365,2.2113917,0.7371306,0.16000001,0.0,0.15426399,3.8099968,3.8399968,412800
hardzero_plus_depr__c0p54__z1p05__lam0p030__nu0p50__psi1p00,hardzero_plus_depr,0.02,33,129,0.0,1,0.50407714,0.50407714,1.0758259,0.0,0.08397965,0.0,0.0,0.00042987338,-28.682156,2.3668642,0.78895473,0.128,0.0,0.14110719,3.8399968,3.8699968,416000
hardzero_plus_depr__c0p54__z1p05__lam0p030__nu0p50__psi1p00,hardzero_plus_depr,0.02,33,130,0.0,1,0.50407714,0.5041153,1.0387247,0.09146929,0.09146929,1.0,3.8158127e-05,0.00041716872,-27.6398,2.28524,0.76174664,0.16,0.0,0.16497356,3.8699968,3.8999968,419200
hardzero_plus_depr__c0p54__z1p05__lam0p030__nu0p50__psi1p00,hardzero_plus_depr,0.02,33,131,0.0,1,0.5041153,0.50415415,1.0178903,0.0959643,0.0959643,1.0,3.885014e-05,0.00040483952,-26.420975,2.2394035,0.7464678,0.128,0.0,0.14299217,3.8999968,3.9299967,422400
hardzero_plus_depr__c0p54__z1p05__lam0p030__nu0p50__psi1p00,hardzero_plus_depr,0.02,33,132,0.0,1,0.50415415,0.5041921,1.0150237,0.09659981,0.09659981,1.0,3.7951624e-05,0.00039287473,-26.543653,2.2330968,0.74436563,0.15200001,0.0,0.13650401,3.9299967,3.9599967,425600
hardzero_plus_depr__c0p54__z1p05__lam0p030__nu0p50__psi1p00,hardzero_plus_depr,0.02,33,133,0.0,1,0.5041921,0.50422865,1.0187073,0.09578394,0.09578394,1.0,3.6518923e-05,0.00038126353,-27.165083,2.2412007,0.7470669,0.192,0.0,0.14114687,3.9599967,3.9899967,428800
hardzero_plus_depr__c0p54__z1p05__lam0p030__nu0p50__psi1p00,hardzero_plus_depr,0.02,33,134,0.0,1,0.50422865,0.50426173,1.0486296,0.08940675,0.08940675,1.0,3.3080094e-05,0.00036999548,-27.822456,2.3070312,0.7690104,0.16000001,0.0,0.14804967,3.9899967,4.0199966,432000
hardzero_plus_depr__c0p54__z1p05__lam0p030__nu0p50__psi1p00,hardzero_plus_depr,0.02,33,135,0.0,1,0.50426173,0.5042945,1.0395944,0.09128629,0.09128629,1.0,3.27773e-05,0.00035906053,-26.835327,2.2871532,0.7623844,0.16800001,0.0,0.16722159,4.0199966,4.049997,435200
hardzero_plus_depr__c0p54__z1p05__lam0p030__nu0p50__psi1p00,hardzero_plus_depr,0.02,33,136,0.0,1,0.5042945,0.5043285,1.0111226,0.097471446,0.097471446,1.0,3.3963785e-05,0.00034844855,-26.524826,2.224514,0.74150467,0.216,0.0,0.14840047,4.049997,4.079997,438400
hardzero_plus_depr__c0p54__z1p05__lam0p030__nu0p50__psi1p00,hardzero_plus_depr,0.02,33,137,0.0,1,0.5043285,0.50436324,0.9878849,0.10282889,0.10282889,1.0,3.477162e-05,0.0003381503,-25.937263,2.1733902,0.7244634,0.15200001,0.0,0.13581899,4.079997,4.1099973,441600
hardzero_plus_depr__c0p54__z1p05__lam0p030__nu0p50__psi1p00,hardzero_plus_depr,0.02,33,138,0.0,1,0.50436324,0.50439316,1.0403247,0.09113293,0.09113293,1.0,2.9905852e-05,0.00032815637,-27.480139,2.28876,0.76292,0.15200001,0.0,0.15853557,4.1099973,4.1399975,444800
hardzero_plus_depr__c0p54__z1p05__lam0p030__nu0p50__psi1p00,hardzero_plus_depr,0.02,33,139,0.0,1,0.50439316,0.5044243,1.0098501,0.097757444,0.097757444,1.0,3.113162e-05,0.0003184578,-27.068974,2.2217147,0.7405716,0.17600001,0.0,0.14307289,4.1399975,4.1699977,448000
hardzero_plus_depr__c0p54__z1p05__lam0p030__nu0p50__psi1p00,hardzero_plus_depr,0.02,33,140,0.0,1,0.5044243,0.5044538,1.0200497,0.095488325,0.095488325,1.0,2.9510278e-05,0.00030904592,-27.786705,2.2441542,0.7480514,0.192,0.0,0.16349036,4.1699977,4.199998,451200
hardzero_plus_depr__c0p54__z1p05__lam0p030__nu0p50__psi1p00,hardzero_plus_depr,0.02,33,141,0.0,1,0.5044538,0.50448614,0.9672536,0.10783168,0.10783168,1.0,3.234003e-05,0.00029991215,-26.446884,2.1280005,0.70933354,0.2,0.0,0.13616015,4.199998,4.229998,454400
hardzero_plus_depr__c0p54__z1p05__lam0p030__nu0p50__psi1p00,hardzero_plus_depr,0.02,33,142,0.0,1,0.50448614,0.504516,0.98881674,0.10260848,0.10260848,1.0,2.9864028e-05,0.00029104835,-27.048302,2.1754403,0.7251468,0.24800001,0.0,0.15520303,4.229998,4.2599983,457600
hardzero_plus_depr__c0p54__z1p05__lam0p030__nu0p50__psi1p00,hardzero_plus_depr,0.02,33,143,0.0,1,0.504516,0.504516,1.0544274,0.0,0.08822112,0.0,0.0,0.00028244653,-27.93138,2.3197865,0.7732622,0.14999999,0.0,0.14080705,4.2599983,4.2899985,460800
hardzero_plus_depr__c0p54__z1p05__lam0p030__nu0p50__psi1p00,hardzero_plus_depr,0.02,33,144,0.0,1,0.504516,0.5045452,0.9726925,0.10648967,0.10648967,1.0,2.9188705e-05,0.00027409891,-25.877743,2.1399662,0.7133221,0.2,0.0,0.12294202,4.2899985,4.3199987,464000
hardzero_plus_depr__c0p54__z1p05__lam0p030__nu0p50__psi1p00,hardzero_plus_depr,0.02,33,145,0.0,1,0.5045452,0.5045452,1.0538546,0.0,0.088337556,0.0,0.0,0.000265998,-27.540392,2.3185263,0.7728421,0.128,0.0,0.151123,4.3199987,4.349999,467200
hardzero_plus_depr__c0p54__z1p05__lam0p030__nu0p50__psi1p00,hardzero_plus_depr,0.02,33,146,0.0,1,0.5045452,0.50457126,0.99587953,0.10095327,0.10095327,1.0,2.6059728e-05,0.00025813654,-26.472021,2.1909788,0.7303263,0.16800001,0.008,0.14789699,4.349999,4.379999,470400
hardzero_plus_depr__c0p54__z1p05__lam0p030__nu0p50__psi1p00,hardzero_plus_depr,0.02,33,147,0.0,1,0.50457126,0.50457126,1.0705212,0.0,0.085011706,0.0,0.0,0.00025050738,-28.487408,2.3551939,0.78506464,0.17600001,0.0,0.17778763,4.379999,4.4099994,473600
hardzero_plus_depr__c0p54__z1p05__lam0p030__nu0p50__psi1p00,hardzero_plus_depr,0.02,33,148,0.0,1,0.50457126,0.5045955,1.0006648,0.099847026,0.099847026,1.0,2.4273186e-05,0.00024310374,-27.496674,2.2015066,0.7338356,0.17600001,0.0,0.15124138,4.4099994,4.4399996,476800
hardzero_plus_depr__c0p54__z1p05__lam0p030__nu0p50__psi1p00,hardzero_plus_depr,0.02,33,149,0.0,1,0.5045955,0.50461847,1.0115272,0.097380675,0.097380675,1.0,2.2973938e-05,0.00023591887,-26.86337,2.2254043,0.74180144,0.136,0.0,0.13502692,4.4399996,4.47,480000
hardzero_plus_depr__c0p54__z1p05__lam0p030__nu0p50__psi1p00,hardzero_plus_depr,0.02,33,150,0.0,1,0.50461847,0.5046425,0.9788243,0.104996696,0.104996696,1.0,2.403861e-05,0.00022894636,-26.772203,2.1534564,0.71781886,0.18400002,0.0,0.14238584,4.47,4.5,483200
hardzero_plus_depr__c0p54__z1p05__lam0p030__nu0p50__psi1p00,hardzero_plus_depr,0.02,33,151,0.0,1,0.5046425,0.50466335,1.0277541,0.0938093,0.0938093,1.0,2.0842544e-05,0.00022217994,-27.207548,2.261104,0.7537014,0.208,0.0,0.1538436,4.5,4.53,486400
hardzero_plus_depr__c0p54__z1p05__lam0p030__nu0p50__psi1p00,hardzero_plus_depr,0.02,33,152,0.0,1,0.50466335,0.50468403,1.0180677,0.09592511,0.09592511,1.0,2.0682746e-05,0.00021561349,-27.42919,2.2397938,0.74659795,0.120000005,0.0,0.14604554,4.53,4.5600004,489600
hardzero_plus_depr__c0p54__z1p05__lam0p030__nu0p50__psi1p00,hardzero_plus_depr,0.02,33,153,0.0,1,0.50468403,0.5047036,1.0296946,0.0933911,0.0933911,1.0,1.9541254e-05,0.00020924107,-27.070105,2.2653732,0.75512445,0.128,0.0,0.18171951,4.5600004,4.5900006,492800
hardzero_plus_depr__c0p54__z1p05__lam0p030__nu0p50__psi1p00,hardzero_plus_depr,0.02,33,154,0.0,1,0.5047036,0.50472385,1.0011412,0.099737585,0.099737585,1.0,2.0252417e-05,0.00020305702,-26.777523,2.2025547,0.7341849,0.16800001,0.0,0.15675716,4.5900006,4.620001,496000
hardzero_plus_depr__c0p54__z1p05__lam0p030__nu0p50__psi1p00,hardzero_plus_depr,0.02,33,155,0.0,1,0.50472385,0.50472385,1.055898,0.0,0.0879229,0.0,0.0,0.00019705575,-27.602734,2.323022,0.7743406,0.096,0.0,0.15937135,4.620001,4.650001,499200
hardzero_plus_depr__c0p54__z1p05__lam0p030__nu0p50__psi1p00,hardzero_plus_depr,0.02,33,156,0.0,1,0.50472385,0.5047411,1.0458487,0.089981094,0.089981094,1.0,1.7207249e-05,0.00019123183,-27.694443,2.300913,0.76697105,0.14,0.0,0.13730772,4.650001,4.6800013,502400
hardzero_plus_depr__c0p54__z1p05__lam0p030__nu0p50__psi1p00,hardzero_plus_depr,0.02,33,157,0.0,1,0.5047411,0.5047581,1.036308,0.09197968,0.09197968,1.0,1.7069595e-05,0.00018558005,-27.310688,2.2799232,0.7599744,0.15200001,0.0,0.17912023,4.6800013,4.7100015,505600
hardzero_plus_depr__c0p54__z1p05__lam0p030__nu0p50__psi1p00,hardzero_plus_depr,0.02,33,158,0.0,1,0.5047581,0.5047581,1.0729569,0.0,0.08453627,0.0,0.0,0.00018009527,-27.484526,2.3605523,0.7868508,0.136,0.0,0.15387604,4.7100015,4.7400017,508800
hardzero_plus_depr__c0p54__z1p05__lam0p030__nu0p50__psi1p00,hardzero_plus_depr,0.02,33,159,0.0,1,0.5047581,0.5047742,1.03521,0.09221254,0.09221254,1.0,1.6116228e-05,0.00017477262,-27.579111,2.2775075,0.7591692,0.16800001,0.0,0.14909275,4.7400017,4.770002,512000
hardzero_plus_depr__c0p54__z1p05__lam0p030__nu0p50__psi1p00,hardzero_plus_depr,0.02,33,160,0.0,1,0.5047742,0.50479066,1.0129756,0.09705645,0.09705645,1.0,1.6461481e-05,0.00016960729,-27.007519,2.2285907,0.7428636,0.128,0.0,0.13988046,4.770002,4.800002,515200
hardzero_plus_depr__c0p54__z1p05__lam0p030__nu0p50__psi1p00,hardzero_plus_depr,0.02,33,161,0.0,1,0.50479066,0.50479066,1.0855134,0.0,0.082127124,0.0,0.0,0.00016459459,-27.895603,2.3881772,0.7960591,0.112,0.0,0.14233617,4.800002,4.8300023,518400
hardzero_plus_depr__c0p54__z1p05__lam0p030__nu0p50__psi1p00,hardzero_plus_depr,0.02,33,162,0.0,1,0.50479066,0.5048061,1.0153283,0.09653208,0.09653208,1.0,1.5419075e-05,0.00015973006,-26.718355,2.2337668,0.744589,0.18400002,0.0,0.124223545,4.8300023,4.8600025,521600
hardzero_plus_depr__c0p54__z1p05__lam0p030__nu0p50__psi1p00,hardzero_plus_depr,0.02,33,163,0.0,1,0.5048061,0.5048219,0.9923365,0.101780236,0.101780236,1.0,1.577688e-05,0.00015500929,-26.902063,2.183184,0.727728,0.15200001,0.008,0.14589031,4.8600025,4.8900027,524800
hardzero_plus_depr__c0p54__z1p05__lam0p030__nu0p50__psi1p00,hardzero_plus_depr,0.02,33,164,0.0,1,0.5048219,0.5048365,1.0131488,0.09701774,0.09701774,1.0,1.45941885e-05,0.00015042804,-28.509275,2.228972,0.7429907,0.14400001,0.0,0.15058583,4.8900027,4.920003,528000
hardzero_plus_depr__c0p54__z1p05__lam0p030__nu0p50__psi1p00,hardzero_plus_depr,0.02,33,165,0.0,1,0.5048365,0.5048515,0.98702705,0.10303218,0.10303218,1.0,1.5040862e-05,0.00014598218,-25.993198,2.1715028,0.7238343,0.136,0.0,0.14609279,4.920003,4.950003,531200
hardzero_plus_depr__c0p54__z1p05__lam0p030__nu0p50__psi1p00,hardzero_plus_depr,0.02,33,166,0.0,1,0.5048515,0.5048662,0.9847103,0.10358329,0.10358329,1.0,1.467441e-05,0.00014166773,-27.178213,2.166406,0.7221353,0.2,0.008,0.18796276,4.950003,4.9800034,534400
hardzero_plus_depr__c0p54__z1p05__lam0p030__nu0p50__psi1p00,hardzero_plus_depr,0.02,33,167,0.0,1,0.5048662,0.5048662,1.0877393,0.0,0.08170726,0.0,0.0,0.00013748078,-28.48468,2.3930743,0.79769146,0.16000001,0.0,0.16331613,4.9800034,5.0100036,537600
hardzero_plus_depr__c0p54__z1p05__lam0p030__nu0p50__psi1p00,hardzero_plus_depr,0.02,33,168,0.0,1,0.5048662,0.5048808,0.96048325,0.1095259,0.1095259,1.0,1.4612681e-05,0.00013341759,-25.987488,2.1131053,0.7043685,0.16000001,0.0,0.12770076,5.0100036,5.040004,540800
hardzero_plus_depr__c0p54__z1p05__lam0p030__nu0p50__psi1p00,hardzero_plus_depr,0.02,33,169,0.0,1,0.5048808,0.5048933,1.0156112,0.096469216,0.096469216,1.0,1.2490301e-05,0.00012947447,-27.692871,2.234389,0.7447964,0.11,0.0,0.13255534,5.040004,5.070004,544000
hardzero_plus_depr__c0p54__z1p05__lam0p030__nu0p50__psi1p00,hardzero_plus_depr,0.02,33,170,0.0,1,0.5048933,0.5049049,1.0347972,0.09230024,0.09230024,1.0,1.1597331e-05,0.00012564789,-27.67256,2.2765992,0.7588664,0.192,0.0,0.15969206,5.070004,5.100004,547200
hardzero_plus_depr__c0p54__z1p05__lam0p030__nu0p50__psi1p00,hardzero_plus_depr,0.02,33,171,0.0,1,0.5049049,0.50491667,1.016388,0.0962968,0.0962968,1.0,1.1741895e-05,0.00012193442,-25.985332,2.2360983,0.7453661,0.080000006,0.0,0.13875344,5.100004,5.1300044,550400
hardzero_plus_depr__c0p54__z1p05__lam0p030__nu0p50__psi1p00,hardzero_plus_depr,0.02,33,172,0.0,1,0.50491667,0.5049284,1.0042799,0.099019356,0.099019356,1.0,1.1717028e-05,0.00011833069,-26.980448,2.2094598,0.7364866,0.16800001,0.0,0.16058731,5.1300044,5.1600046,553600
hardzero_plus_depr__c0p54__z1p05__lam0p030__nu0p50__psi1p00,hardzero_plus_depr,0.02,33,173,0.0,1,0.5049284,0.5049284,1.0775135,0.0,0.083653964,0.0,0.0,0.000114833456,-28.322771,2.3705769,0.7901923,0.2,0.0,0.14824057,5.1600046,5.190005,556800
hardzero_plus_depr__c0p54__z1p05__lam0p030__nu0p50__psi1p00,hardzero_plus_depr,0.02,33,174,0.0,1,0.5049284,0.5049284,1.0635148,0.0,0.08639431,0.0,0.0,0.0001114396,-27.76791,2.3397794,0.7799265,0.056,0.0,0.15842706,5.190005,5.220005,560000
hardzero_plus_depr__c0p54__z1p05__lam0p030__nu0p50__psi1p00,hardzero_plus_depr,0.02,33,175,0.0,1,0.5049284,0.5049284,1.0742052,0.0,0.08429365,0.0,0.0,0.00010814603,-28.28861,2.3632984,0.78776616,0.192,0.0,0.1698118,5.220005,5.2500052,563200
hardzero_plus_depr__c0p54__z1p05__lam0p030__nu0p50__psi1p00,hardzero_plus_depr,0.02,33,176,0.0,1,0.5049284,0.50493836,1.0235615,0.0947193,0.0947193,1.0,9.940773e-06,0.000104949824,-27.420326,2.2518802,0.75062674,0.192,0.0,0.17583983,5.2500052,5.2800055,566400
hardzero_plus_depr__c0p54__z1p05__lam0p030__nu0p50__psi1p00,hardzero_plus_depr,0.02,33,177,0.0,1,0.50493836,0.50493836,1.0615202,0.0,0.08679202,0.0,0.0,0.000101848054,-27.839819,2.335391,0.7784637,0.096,0.0,0.16153888,5.2800055,5.3100057,569600
hardzero_plus_depr__c0p54__z1p05__lam0p030__nu0p50__psi1p00,hardzero_plus_depr,0.02,33,178,0.0,1,0.50493836,0.5049484,0.99488765,0.10118412,0.10118412,1.0,1.0000834e-05,9.8837976e-05,-27.59954,2.1887965,0.7295989,0.192,0.0,0.12556413,5.3100057,5.340006,572800
hardzero_plus_depr__c0p54__z1p05__lam0p030__nu0p50__psi1p00,hardzero_plus_depr,0.02,33,179,0.0,1,0.5049484,0.5049577,1.0145864,0.09669712,0.09669712,1.0,9.274883e-06,9.5916854e-05,-26.8255,2.2321348,0.74404496,0.16000001,0.0,0.13465871,5.340006,5.370006,576000
hardzero_plus_depr__c0p54__z1p05__lam0p030__nu0p50__psi1p00,hardzero_plus_depr,0.02,33,180,0.0,1,0.5049577,0.5049674,0.9814756,0.10435767,0.10435767,1.0,9.713826e-06,9.308206e-05,-27.264784,2.1592894,0.71976316,0.16000001,0.0,0.14318891,5.370006,5.4000063,579200
hardzero_plus_depr__c0p54__z1p05__lam0p030__nu0p50__psi1p00,hardzero_plus_depr,0.02,33,181,0.0,1,0.5049674,0.50497633,1.0058676,0.09865801,0.09865801,1.0,8.911882e-06,9.033105e-05,-26.621899,2.2129529,0.737651,0.14400001,0.0,0.13980652,5.4000063,5.4300065,582400
hardzero_plus_depr__c0p54__z1p05__lam0p030__nu0p50__psi1p00,hardzero_plus_depr,0.02,33,182,0.0,1,0.50497633,0.504986,0.95703286,0.110399514,0.110399514,1.0,9.67777e-06,8.766135e-05,-25.89837,2.1055143,0.70183814,0.17,0.0,0.13390392,5.4300065,5.4600067,585600
hardzero_plus_depr__c0p54__z1p05__lam0p030__nu0p50__psi1p00,hardzero_plus_depr,0.02,33,183,0.0,1,0.504986,0.50499475,0.98754925,0.10290837,0.10290837,1.0,8.754471e-06,8.507054e-05,-26.657518,2.1726518,0.7242173,0.208,0.0,0.14459096,5.4600067,5.490007,588800
hardzero_plus_depr__c0p54__z1p05__lam0p030__nu0p50__psi1p00,hardzero_plus_depr,0.02,33,184,0.0,1,0.50499475,0.50499475,1.0574467,0.0,0.08760991,0.0,0.0,8.2556304e-05,-28.22791,2.3264291,0.7754764,0.112,0.0,0.17805737,5.490007,5.520007,592000
hardzero_plus_depr__c0p54__z1p05__lam0p030__nu0p50__psi1p00,hardzero_plus_depr,0.02,33,185,0.0,1,0.50499475,0.50499475,1.0588932,0.0,0.08731861,0.0,0.0,8.011639e-05,-27.468863,2.3296115,0.7765372,0.104,0.0,0.17072882,5.520007,5.5500073,595200
hardzero_plus_depr__c0p54__z1p05__lam0p030__nu0p50__psi1p00,hardzero_plus_depr,0.02,33,186,0.0,1,0.50499475,0.5050018,1.0432748,0.09051598,0.09051598,1.0,7.0374876e-06,7.774857e-05,-27.27695,2.2952502,0.76508343,0.16800001,0.008,0.15271434,5.5500073,5.5800076,598400
hardzero_plus_depr__c0p54__z1p05__lam0p030__nu0p50__psi1p00,hardzero_plus_depr,0.02,33,187,0.0,1,0.5050018,0.5050018,1.0793563,0.0,0.08329974,0.0,0.0,7.545074e-05,-27.636515,2.3746314,0.79154384,0.16000001,0.0,0.16335694,5.5800076,5.610008,601600
hardzero_plus_depr__c0p54__z1p05__lam0p030__nu0p50__psi1p00,hardzero_plus_depr,0.02,33,188,0.0,1,0.5050018,0.5050018,1.0910231,0.0,0.0810918,0.0,0.0,7.3220814e-05,-28.06218,2.4002986,0.80009955,0.16800001,0.0,0.16087557,5.610008,5.640008,604800
hardzero_plus_depr__c0p54__z1p05__lam0p030__nu0p50__psi1p00,hardzero_plus_depr,0.02,33,189,0.0,1,0.5050018,0.5050088,1.0028673,0.09934194,0.09934194,1.0,7.05892e-06,7.10568e-05,-27.411955,2.2063522,0.73545074,0.14400001,0.0,0.15142052,5.640008,5.670008,608000
hardzero_plus_depr__c0p54__z1p05__lam0p030__nu0p50__psi1p00,hardzero_plus_depr,0.02,33,190,0.0,1,0.5050088,0.5050088,1.085275,0.0,0.08217221,0.0,0.0,6.895674e-05,-28.14775,2.3876529,0.7958843,0.056,0.0,0.15166959,5.670008,5.7000084,611200
hardzero_plus_depr__c0p54__z1p05__lam0p030__nu0p50__psi1p00,hardzero_plus_depr,0.02,33,191,0.0,1,0.5050088,0.5050088,1.0520347,0.0,0.088708505,0.0,0.0,6.691875e-05,-27.512604,2.3145225,0.7715075,0.15200001,0.0,0.17634092,5.7000084,5.7300086,614400
hardzero_plus_depr__c0p54__z1p05__lam0p030__nu0p50__psi1p00,hardzero_plus_depr,0.02,33,192,0.0,1,0.5050088,0.5050088,1.0664642,0.0,0.08580958,0.0,0.0,6.4940985e-05,-28.583433,2.3462682,0.7820894,0.14400001,0.0,0.153048,5.7300086,5.760009,617600
hardzero_plus_depr__c0p54__z1p05__lam0p030__nu0p50__psi1p00,hardzero_plus_depr,0.02,33,193,0.0,1,0.5050088,0.5050088,1.0818158,0.0,0.082829334,0.0,0.0,6.3021675e-05,-28.288727,2.3800423,0.7933475,0.16800001,0.0,0.15605314,5.760009,5.790009,620800
hardzero_plus_depr__c0p54__z1p05__lam0p030__nu0p50__psi1p00,hardzero_plus_depr,0.02,33,194,0.0,1,0.5050088,0.5050157,0.94898975,0.112463154,0.112463154,1.0,6.8781437e-06,6.115909e-05,-25.13169,2.087819,0.6959397,0.208,0.0,0.12738436,5.790009,5.820009,624000
hardzero_plus_depr__c0p54__z1p05__lam0p030__nu0p50__psi1p00,hardzero_plus_depr,0.02,33,195,0.0,1,0.5050157,0.5050215,1.004814,0.098897636,0.098897636,1.0,5.8697287e-06,5.9351558e-05,-26.811846,2.210635,0.73687834,0.17,0.0,0.16187073,5.820009,5.8500094,627200
hardzero_plus_depr__c0p54__z1p05__lam0p030__nu0p50__psi1p00,hardzero_plus_depr,0.02,33,196,0.0,1,0.5050215,0.5050267,1.0473737,0.08966569,0.08966569,1.0,5.164514e-06,5.7597437e-05,-28.16247,2.3042681,0.7680894,0.128,0.0,0.17642653,5.8500094,5.8800097,630400
hardzero_plus_depr__c0p54__z1p05__lam0p030__nu0p50__psi1p00,hardzero_plus_depr,0.02,33,197,0.0,1,0.5050267,0.5050321,1.0139911,0.09682975,0.09682975,1.0,5.4123143e-06,5.589516e-05,-26.853504,2.230825,0.74360836,0.14400001,0.0,0.12446104,5.8800097,5.91001,633600
hardzero_plus_depr__c0p54__z1p05__lam0p030__nu0p50__psi1p00,hardzero_plus_depr,0.02,33,198,0.0,1,0.5050321,0.5050372,1.0307441,0.09316567,0.09316567,1.0,5.0536046e-06,5.4243203e-05,-27.785889,2.2676823,0.7558941,0.216,0.0,0.14828917,5.91001,5.94001,636800
hardzero_plus_depr__c0p54__z1p05__lam0p030__nu0p50__psi1p00,hardzero_plus_depr,0.02,33,199,0.0,1,0.5050372,0.5050432,0.94106597,0.1145339,0.1145339,1.0,6.029072e-06,5.2640065e-05,-25.834959,2.0703864,0.6901288,0.224,0.0,0.11091427,5.94001,5.9700103,640000
hardzero_plus_depr__c0p54__z1p05__lam0p030__nu0p50__psi1p00,hardzero_plus_depr,0.02,33,200,0.0,1,0.5050432,0.50504804,1.0219593,0.09506939,0.09506939,1.0,4.8565535e-06,5.10843e-05,-27.136635,2.2483554,0.7494518,0.120000005,0.0,0.13095371,5.9700103,6.0000105,643200
hardzero_plus_depr__c0p54__z1p05__lam0p030__nu0p50__psi1p00,hardzero_plus_depr,0.02,33,201,0.0,1,0.50504804,0.5050525,1.0420833,0.09076465,0.09076465,1.0,4.499614e-06,4.9574523e-05,-27.713188,2.292629,0.7642097,0.18400002,0.0,0.17612396,6.0000105,6.0300107,646400
hardzero_plus_depr__c0p54__z1p05__lam0p030__nu0p50__psi1p00,hardzero_plus_depr,0.02,33,202,0.0,1,0.5050525,0.5050571,1.0176747,0.096011944,0.096011944,1.0,4.6190735e-06,4.8109363e-05,-26.763506,2.238929,0.7463097,0.15200001,0.0,0.1541531,6.0300107,6.060011,649600
hardzero_plus_depr__c0p54__z1p05__lam0p030__nu0p50__psi1p00,hardzero_plus_depr,0.02,33,203,0.0,1,0.5050571,0.5050619,0.9829863,0.1039953,0.1039953,1.0,4.855281e-06,4.6687506e-05,-26.94936,2.162613,0.720871,0.2,0.0,0.14311413,6.060011,6.090011,652800
hardzero_plus_depr__c0p54__z1p05__lam0p030__nu0p50__psi1p00,hardzero_plus_depr,0.02,33,204,0.0,1,0.5050619,0.5050619,1.0574864,0.0,0.08760191,0.0,0.0,4.5307672e-05,-28.39602,2.3265166,0.77550554,0.104,0.0,0.14934057,6.090011,6.1200113,656000
hardzero_plus_depr__c0p54__z1p05__lam0p030__nu0p50__psi1p00,hardzero_plus_depr,0.02,33,205,0.0,1,0.5050619,0.5050659,1.042096,0.090762,0.090762,1.0,3.9906795e-06,4.396862e-05,-27.04922,2.2926571,0.76421905,0.2,0.0,0.15133148,6.1200113,6.1500115,659200
hardzero_plus_depr__c0p54__z1p05__lam0p030__nu0p50__psi1p00,hardzero_plus_depr,0.02,33,206,0.0,1,0.5050659,0.5050698,1.0412295,0.09094325,0.09094325,1.0,3.88047e-06,4.266914e-05,-28.092884,2.2907505,0.76358354,0.15200001,0.0,0.16612265,6.1500115,6.1800117,662400
hardzero_plus_depr__c0p54__z1p05__lam0p030__nu0p50__psi1p00,hardzero_plus_depr,0.02,33,207,0.0,1,0.5050698,0.5050738,1.0175251,0.09604503,0.09604503,1.0,3.9770393e-06,4.140807e-05,-26.396076,2.2385998,0.74619997,0.104,0.0,0.15613894,6.1800117,6.210012,665600
hardzero_plus_depr__c0p54__z1p05__lam0p030__nu0p50__psi1p00,hardzero_plus_depr,0.02,33,208,0.0,1,0.5050738,0.50507736,1.0472939,0.08968218,0.08968218,1.0,3.6038125e-06,4.0184266e-05,-27.449308,2.3040926,0.7680309,0.11,0.0,0.16171382,6.210012,6.240012,668800
hardzero_plus_depr__c0p54__z1p05__lam0p030__nu0p50__psi1p00,hardzero_plus_depr,0.02,33,209,0.0,1,0.50507736,0.50508094,1.0404226,0.091112375,0.091112375,1.0,3.5530763e-06,3.8996637e-05,-27.110224,2.2889752,0.7629918,0.208,0.0,0.14157313,6.240012,6.2700124,672000
hardzero_plus_depr__c0p54__z1p05__lam0p030__nu0p50__psi1p00,hardzero_plus_depr,0.02,33,210,0.0,1,0.50508094,0.50508434,1.0452594,0.09010329,0.09010329,1.0,3.4098782e-06,3.7844104e-05,-27.562096,2.2996166,0.76653886,0.112,0.0,0.15445046,6.2700124,6.3000126,675200
hardzero_plus_depr__c0p54__z1p05__lam0p030__nu0p50__psi1p00,hardzero_plus_depr,0.02,33,211,0.0,1,0.50508434,0.5050881,0.987565,0.10290465,0.10290465,1.0,3.7792383e-06,3.6725633e-05,-26.558882,2.1726863,0.7242288,0.120000005,0.0,0.13745084,6.3000126,6.330013,678400
hardzero_plus_depr__c0p54__z1p05__lam0p030__nu0p50__psi1p00,hardzero_plus_depr,0.02,33,212,0.0,1,0.5050881,0.50509167,0.997054,0.10068065,0.10068065,1.0,3.5882804e-06,3.564022e-05,-26.87479,2.1935625,0.7311875,0.18400002,0.0,0.12583758,6.330013,6.360013,681600
hardzero_plus_depr__c0p54__z1p05__lam0p030__nu0p50__psi1p00,hardzero_plus_depr,0.02,33,213,0.0,1,0.50509167,0.50509506,1.0111592,0.097463235,0.097463235,1.0,3.3709496e-06,3.4586883e-05,-27.369852,2.2245946,0.74153155,0.14400001,0.0,0.14902657,6.360013,6.390013,684800
hardzero_plus_depr__c0p54__z1p05__lam0p030__nu0p50__psi1p00,hardzero_plus_depr,0.02,33,214,0.0,1,0.50509506,0.50509834,1.0115134,0.09738378,0.09738378,1.0,3.2686555e-06,3.356468e-05,-27.466803,2.2253737,0.74179125,0.192,0.0,0.1592497,6.390013,6.4200134,688000
hardzero_plus_depr__c0p54__z1p05__lam0p030__nu0p50__psi1p00,hardzero_plus_depr,0.02,33,215,0.0,1,0.50509834,0.5051015,1.0168223,0.09620057,0.09620057,1.0,3.133511e-06,3.2572687e-05,-26.989807,2.2370539,0.7456846,0.16800001,0.0,0.15687062,6.4200134,6.4500136,691200
hardzero_plus_depr__c0p54__z1p05__lam0p030__nu0p50__psi1p00,hardzero_plus_depr,0.02,33,216,0.0,1,0.5051015,0.5051048,0.9830619,0.103977196,0.103977196,1.0,3.2867204e-06,3.1610012e-05,-26.159771,2.1627793,0.72092646,0.2,0.0,0.14186242,6.4500136,6.480014,694400
hardzero_plus_depr__c0p54__z1p05__lam0p030__nu0p50__psi1p00,hardzero_plus_depr,0.02,33,217,0.0,1,0.5051048,0.5051075,1.0476719,0.08960414,0.08960414,1.0,2.7486774e-06,3.0675787e-05,-27.50727,2.3049242,0.7683081,0.192,0.0,0.16042578,6.480014,6.510014,697600
hardzero_plus_depr__c0p54__z1p05__lam0p030__nu0p50__psi1p00,hardzero_plus_depr,0.02,33,218,0.0,1,0.5051075,0.5051107,0.9776153,0.10528942,0.10528942,1.0,3.1343793e-06,2.9769177e-05,-26.5745,2.1507967,0.71693224,0.18400002,0.0,0.13478853,6.510014,6.5400143,700800
hardzero_plus_depr__c0p54__z1p05__lam0p030__nu0p50__psi1p00,hardzero_plus_depr,0.02,33,219,0.0,1,0.5051107,0.5051133,1.0456291,0.09002661,0.09002661,1.0,2.6008106e-06,2.8889355e-05,-27.309643,2.30043,0.76681006,0.136,0.0,0.18828472,6.5400143,6.5700145,704000
hardzero_plus_depr__c0p54__z1p05__lam0p030__nu0p50__psi1p00,hardzero_plus_depr,0.02,33,220,0.0,1,0.5051133,0.505116,1.018193,0.09589744,0.09589744,1.0,2.6885368e-06,2.8035542e-05,-27.062372,2.2400694,0.7466898,0.16800001,0.0,0.14224559,6.5700145,6.6000147,707200
hardzero_plus_depr__c0p54__z1p05__lam0p030__nu0p50__psi1p00,hardzero_plus_depr,0.02,33,221,0.0,1,0.505116,0.50511855,1.0258982,0.09421104,0.09421104,1.0,2.563196e-06,2.720696e-05,-26.493547,2.2570212,0.75234044,0.12,0.0,0.12753788,6.6000147,6.630015,710400
hardzero_plus_depr__c0p54__z1p05__lam0p030__nu0p50__psi1p00,hardzero_plus_depr,0.02,33,222,0.0,1,0.50511855,0.5051212,1.0012228,0.09971882,0.09971882,1.0,2.6328628e-06,2.640287e-05,-27.252563,2.2027342,0.73424476,0.15200001,0.0,0.12910509,6.630015,6.660015,713600
hardzero_plus_depr__c0p54__z1p05__lam0p030__nu0p50__psi1p00,hardzero_plus_depr,0.02,33,223,0.0,1,0.5051212,0.5051237,1.0098668,0.097753696,0.097753696,1.0,2.504698e-06,2.562254e-05,-27.420296,2.2217515,0.74058384,0.192,0.008,0.14521883,6.660015,6.6900153,716800
hardzero_plus_depr__c0p54__z1p05__lam0p030__nu0p50__psi1p00,hardzero_plus_depr,0.02,33,224,0.0,1,0.5051237,0.5051237,1.1110363,0.0,0.0774397,0.0,0.0,2.4865274e-05,-28.907309,2.4443288,0.8147763,0.136,0.0,0.1837881,6.6900153,6.7200155,720000
hardzero_plus_depr__c0p54__z1p05__lam0p030__nu0p50__psi1p00,hardzero_plus_depr,0.02,33,225,0.0,1,0.5051237,0.5051263,0.96168524,0.109223165,0.109223165,1.0,2.6355974e-06,2.413039e-05,-26.142227,2.1157498,0.70524997,0.272,0.008,0.14629298,6.7200155,6.7500157,723200
hardzero_plus_depr__c0p54__z1p05__lam0p030__nu0p50__psi1p00,hardzero_plus_depr,0.02,33,226,0.0,1,0.5051263,0.5051285,1.0227746,0.09489108,0.09489108,1.0,2.2220856e-06,2.3417224e-05,-28.06479,2.250149,0.7500497,0.14400001,0.0,0.16426475,6.7500157,6.780016,726400
hardzero_plus_depr__c0p54__z1p05__lam0p030__nu0p50__psi1p00,hardzero_plus_depr,0.02,33,227,0.0,1,0.5051285,0.5051306,1.0314925,0.09300527,0.09300527,1.0,2.1135572e-06,2.2725135e-05,-27.101852,2.2693288,0.75644296,0.18400002,0.0,0.14852765,6.780016,6.810016,729600
hardzero_plus_depr__c0p54__z1p05__lam0p030__nu0p50__psi1p00,hardzero_plus_depr,0.02,33,228,0.0,1,0.5051306,0.5051327,1.0199242,0.095515944,0.095515944,1.0,2.1064607e-06,2.2053498e-05,-27.072742,2.243878,0.7479593,0.112,0.0,0.14202169,6.810016,6.8400164,732800
hardzero_plus_depr__c0p54__z1p05__lam0p030__nu0p50__psi1p00,hardzero_plus_depr,0.02,33,229,0.0,1,0.5051327,0.5051327,1.0716618,0.0,0.08478874,0.0,0.0,2.1401718e-05,-28.768934,2.3577032,0.78590107,0.120000005,0.0,0.15350275,6.8400164,6.8700166,736000
hardzero_plus_depr__c0p54__z1p05__lam0p030__nu0p50__psi1p00,hardzero_plus_depr,0.02,33,230,0.0,1,0.5051327,0.5051345,1.0491375,0.08930228,0.08930228,1.0,1.8547365e-06,2.0769196e-05,-27.231892,2.3081486,0.7693829,0.18400002,0.0,0.15091921,6.8700166,6.900017,739200
hardzero_plus_depr__c0p54__z1p05__lam0p030__nu0p50__psi1p00,hardzero_plus_depr,0.02,33,231,0.0,1,0.5051345,0.5051345,1.0506929,0.0,0.08898301,0.0,0.0,2.015537e-05,-28.28306,2.3115706,0.77052355,0.136,0.0,0.13730222,6.900017,6.930017,742400
hardzero_plus_depr__c0p54__z1p05__lam0p030__nu0p50__psi1p00,hardzero_plus_depr,0.02,33,232,0.0,1,0.5051345,0.50513625,1.0475154,0.08963645,0.08963645,1.0,1.7532609e-06,1.9559686e-05,-26.910692,2.30458,0.76819336,0.120000005,0.0,0.12607646,6.930017,6.960017,745600
hardzero_plus_depr__c0p54__z1p05__lam0p030__nu0p50__psi1p00,hardzero_plus_depr,0.02,33,233,0.0,1,0.50513625,0.50513625,1.0634824,0.0,0.08640076,0.0,0.0,1.8981606e-05,-27.435255,2.339708,0.7799027,0.080000006,0.0,0.13691643,6.960017,6.9900174,748800
hardzero_plus_depr__c0p54__z1p05__lam0p030__nu0p50__psi1p00,hardzero_plus_depr,0.02,33,234,0.0,1,0.50513625,0.50513625,1.0550308,0.0,0.088098645,0.0,0.0,1.8420611e-05,-27.91436,2.321114,0.7737047,0.17999999,0.0,0.16997957,6.9900174,7.0200176,752000
hardzero_plus_depr__c0p54__z1p05__lam0p030__nu0p50__psi1p00,hardzero_plus_depr,0.02,33,235,0.0,1,0.50513625,0.50513625,1.0544057,0.0,0.088225536,0.0,0.0,1.7876195e-05,-27.98564,2.3197389,0.7732463,0.128,0.0,0.16224045,7.0200176,7.050018,755200
hardzero_plus_depr__c0p54__z1p05__lam0p030__nu0p50__psi1p00,hardzero_plus_depr,0.02,33,236,0.0,1,0.50513625,0.505138,1.0025114,0.0994234,0.0994234,1.0,1.7247842e-06,1.734787e-05,-26.944876,2.205569,0.7351897,0.17600001,0.0,0.15314281,7.050018,7.080018,758400
hardzero_plus_depr__c0p54__z1p05__lam0p030__nu0p50__psi1p00,hardzero_plus_depr,0.02,33,237,0.0,1,0.505138,0.5051397,0.9898649,0.10236113,0.10236113,1.0,1.723266e-06,1.683516e-05,-27.174135,2.1777463,0.72591543,0.128,0.0,0.15035158,7.080018,7.1100183,761600
hardzero_plus_depr__c0p54__z1p05__lam0p030__nu0p50__psi1p00,hardzero_plus_depr,0.02,33,238,0.0,1,0.5051397,0.5051397,1.0529943,0.0,0.088512726,0.0,0.0,1.6337603e-05,-27.28345,2.3166337,0.77221125,0.15200001,0.0,0.14463031,7.1100183,7.1400185,764800
hardzero_plus_depr__c0p54__z1p05__lam0p030__nu0p50__psi1p00,hardzero_plus_depr,0.02,33,239,0.0,1,0.5051397,0.5051397,1.0594193,0.0,0.08721289,0.0,0.0,1.585475e-05,-27.638113,2.330769,0.77692306,0.120000005,0.0,0.16930793,7.1400185,7.1700187,768000
hardzero_plus_depr__c0p54__z1p05__lam0p030__nu0p50__psi1p00,hardzero_plus_depr,0.02,33,240,0.0,1,0.5051397,0.5051413,0.9786135,0.10504768,0.10504768,1.0,1.6162812e-06,1.5386167e-05,-26.511494,2.1529927,0.71766424,0.15200001,0.0,0.13984194,7.1700187,7.200019,771200
hardzero_plus_depr__c0p54__z1p05__lam0p030__nu0p50__psi1p00,hardzero_plus_depr,0.02,33,241,0.0,1,0.5051413,0.5051428,0.9950515,0.10114594,0.10114594,1.0,1.5102539e-06,1.4931435e-05,-26.0469,2.189157,0.72971904,0.14400001,0.0,0.123964824,7.200019,7.230019,774400
hardzero_plus_depr__c0p54__z1p05__lam0p030__nu0p50__psi1p00,hardzero_plus_depr,0.02,33,242,0.0,1,0.5051428,0.5051442,1.0154897,0.0964962,0.0964962,1.0,1.3982435e-06,1.44901405e-05,-27.131569,2.234122,0.74470735,0.208,0.0,0.1374675,7.230019,7.2600193,777600
hardzero_plus_depr__c0p54__z1p05__lam0p030__nu0p50__psi1p00,hardzero_plus_depr,0.02,33,243,0.0,1,0.5051442,0.5051455,1.0394247,0.09132199,0.09132199,1.0,1.2841597e-06,1.40618895e-05,-27.745031,2.2867799,0.76225996,0.192,0.0,0.15434209,7.2600193,7.2900195,780800
hardzero_plus_depr__c0p54__z1p05__lam0p030__nu0p50__psi1p00,hardzero_plus_depr,0.02,33,244,0.0,1,0.5051455,0.5051468,1.0261171,0.09416357,0.09416357,1.0,1.2849837e-06,1.3646293e-05,-27.457212,2.2575028,0.75250095,0.16800001,0.0,0.14159834,7.2900195,7.3200197,784000
hardzero_plus_depr__c0p54__z1p05__lam0p030__nu0p50__psi1p00,hardzero_plus_depr,0.02,33,245,0.0,1,0.5051468,0.5051468,1.086227,0.0,0.08199227,0.0,0.0,1.3242983e-05,-27.821394,2.3897471,0.7965824,0.16000001,0.0,0.16607097,7.3200197,7.35002,787200
hardzero_plus_depr__c0p54__z1p05__lam0p030__nu0p50__psi1p00,hardzero_plus_depr,0.02,33,246,0.0,1,0.5051468,0.5051468,1.081868,0.0,0.08281936,0.0,0.0,1.2851591e-05,-28.490429,2.3801572,0.79338574,0.14400001,0.0,0.17342113,7.35002,7.38002,790400
hardzero_plus_depr__c0p54__z1p05__lam0p030__nu0p50__psi1p00,hardzero_plus_depr,0.02,33,247,0.0,1,0.5051468,0.50514793,1.0371847,0.091794215,0.091794215,1.0,1.144836e-06,1.2471766e-05,-28.214455,2.281852,0.7606174,0.19999999,0.0,0.13597977,7.38002,7.4100204,793600
hardzero_plus_depr__c0p54__z1p05__lam0p030__nu0p50__psi1p00,hardzero_plus_depr,0.02,33,248,0.0,1,0.50514793,0.50514793,1.0670164,0.0,0.08570054,0.0,0.0,1.2103167e-05,-27.773579,2.347483,0.7824943,0.128,0.0,0.16016701,7.4100204,7.4400206,796800
hardzero_plus_depr__c0p54__z1p05__lam0p030__nu0p50__psi1p00,hardzero_plus_depr,0.02,33,249,0.0,1,0.50514793,0.50514907,1.0086814,0.09802087,0.09802087,1.0,1.1513004e-06,1.1745462e-05,-26.29975,2.2191434,0.7397145,0.18400002,0.0,0.12158094,7.4400206,7.470021,800000
hardzero_plus_depr__c0p54__z1p05__lam0p030__nu0p50__psi1p00,hardzero_plus_depr,0.02,33,250,0.0,1,0.50514907,0.50514907,1.0634071,0.0,0.08641575,0.0,0.0,1.1398329e-05,-28.123785,2.3395422,0.7798474,0.104,0.0,0.15703061,7.470021,7.500021,803200
hardzero_plus_depr__c0p54__z1p05__lam0p030__nu0p50__psi1p00,hardzero_plus_depr,0.02,33,251,0.0,1,0.50514907,0.5051502,1.0005226,0.09987974,0.09987974,1.0,1.1048153e-06,1.1061456e-05,-26.040585,2.2011938,0.73373127,0.136,0.0,0.14294998,7.500021,7.530021,806400
hardzero_plus_depr__c0p54__z1p05__lam0p030__nu0p50__psi1p00,hardzero_plus_depr,0.02,33,252,0.0,1,0.5051502,0.5051502,1.0714059,0.0,0.08483871,0.0,0.0,1.0734537e-05,-27.724415,2.35714,0.7857134,0.14400001,0.0,0.13422589,7.530021,7.5600214,809600
hardzero_plus_depr__c0p54__z1p05__lam0p030__nu0p50__psi1p00,hardzero_plus_depr,0.02,33,253,0.0,1,0.5051502,0.5051502,1.0684061,0.0,0.08542673,0.0,0.0,1.0417281e-05,-28.25303,2.3505404,0.7835135,0.112,0.0,0.18551779,7.5600214,7.5900216,812800
hardzero_plus_depr__c0p54__z1p05__lam0p030__nu0p50__psi1p00,hardzero_plus_depr,0.02,33,254,0.0,1,0.5051502,0.5051511,1.0476576,0.0896071,0.0896071,1.0,9.058742e-07,1.0109402e-05,-28.181068,2.3048928,0.7682976,0.16000001,0.0,0.14278081,7.5900216,7.620022,816000
hardzero_plus_depr__c0p54__z1p05__lam0p030__nu0p50__psi1p00,hardzero_plus_depr,0.02,33,255,0.0,1,0.5051511,0.50515217,0.9654824,0.10827236,0.10827236,1.0,1.0622193e-06,9.810623e-06,-26.497671,2.1241038,0.70803463,0.15200001,0.0,0.13100979,7.620022,7.650022,819200
hardzero_plus_depr__c0p54__z1p05__lam0p030__nu0p50__psi1p00,hardzero_plus_depr,0.02,33,256,0.0,1,0.50515217,0.5051531,1.0021231,0.09951232,0.09951232,1.0,9.4742416e-07,9.520672e-06,-26.593433,2.2047148,0.73490494,0.15200001,0.0,0.13259268,7.650022,7.6800222,822400
hardzero_plus_depr__c0p54__z1p05__lam0p030__nu0p50__psi1p00,hardzero_plus_depr,0.02,33,257,0.0,1,0.5051531,0.5051531,1.0700431,0.0,0.08510535,0.0,0.0,9.239293e-06,-28.083935,2.3541417,0.7847139,0.15200001,0.0,0.17089003,7.6800222,7.7100224,825600
hardzero_plus_depr__c0p54__z1p05__lam0p030__nu0p50__psi1p00,hardzero_plus_depr,0.02,33,258,0.0,1,0.5051531,0.5051541,0.9782031,0.105147004,0.105147004,1.0,9.4277203e-07,8.966228e-06,-27.968845,2.1520898,0.7173633,0.17600001,0.0,0.14737128,7.7100224,7.7400227,828800
hardzero_plus_depr__c0p54__z1p05__lam0p030__nu0p50__psi1p00,hardzero_plus_depr,0.02,33,259,0.0,1,0.5051541,0.5051541,1.084085,0.0,0.082397684,0.0,0.0,8.701234e-06,-28.018303,2.3850346,0.7950115,0.14400001,0.0,0.16989808,7.7400227,7.770023,832000
hardzero_plus_depr__c0p54__z1p05__lam0p030__nu0p50__psi1p00,hardzero_plus_depr,0.02,33,260,0.0,1,0.5051541,0.5051541,1.100523,0.0,0.079337224,0.0,0.0,8.444073e-06,-27.878578,2.4211988,0.8070663,0.089999996,0.0,0.14655612,7.770023,7.800023,835200
hardzero_plus_depr__c0p54__z1p05__lam0p030__nu0p50__psi1p00,hardzero_plus_depr,0.02,33,261,0.0,1,0.5051541,0.50515497,0.9708318,0.10694689,0.10694689,1.0,8.763774e-07,8.19451e-06,-26.125856,2.1358726,0.7119576,0.136,0.0,0.1383293,7.800023,7.8300233,838400
hardzero_plus_depr__c0p54__z1p05__lam0p030__nu0p50__psi1p00,hardzero_plus_depr,0.02,33,262,0.0,1,0.50515497,0.50515497,1.0676942,0.0,0.08556689,0.0,0.0,7.952324e-06,-27.944027,2.348974,0.78299135,0.136,0.0,0.1495443,7.8300233,7.8600235,841600
hardzero_plus_depr__c0p54__z1p05__lam0p030__nu0p50__psi1p00,hardzero_plus_depr,0.02,33,263,0.0,1,0.50515497,0.50515497,1.0551575,0.0,0.08807294,0.0,0.0,7.717295e-06,-27.706669,2.321393,0.7737977,0.136,0.0,0.14339936,7.8600235,7.8900237,844800
hardzero_plus_depr__c0p54__z1p05__lam0p030__nu0p50__psi1p00,hardzero_plus_depr,0.02,33,264,0.0,1,0.50515497,0.50515497,1.0729817,0.0,0.084531434,0.0,0.0,7.489214e-06,-28.500301,2.360607,0.786869,0.14400001,0.0,0.16005091,7.8900237,7.920024,848000
hardzero_plus_depr__c0p54__z1p05__lam0p030__nu0p50__psi1p00,hardzero_plus_depr,0.02,33,265,0.0,1,0.50515497,0.50515574,0.9726393,0.1065027,0.1065027,1.0,7.74048e-07,7.267872e-06,-25.88501,2.1398492,0.71328306,0.16000001,0.0,0.13339536,7.920024,7.950024,851200
hardzero_plus_depr__c0p54__z1p05__lam0p030__nu0p50__psi1p00,hardzero_plus_depr,0.02,33,266,0.0,1,0.50515574,0.50515646,0.97808856,0.10517473,0.10517473,1.0,7.41805e-07,7.0530727e-06,-26.791388,2.1518378,0.7172793,0.112,0.0,0.13010915,7.950024,7.9800243,854400
hardzero_plus_depr__c0p54__z1p05__lam0p030__nu0p50__psi1p00,hardzero_plus_depr,0.02,33,267,0.0,1,0.50515646,0.50515646,1.0681576,0.0,0.08547565,0.0,0.0,6.844622e-06,-27.838594,2.3499935,0.78333116,0.136,0.0,0.16144769,7.9800243,8.010024,857600
hardzero_plus_depr__c0p54__z1p05__lam0p030__nu0p50__psi1p00,hardzero_plus_depr,0.02,33,268,0.0,1,0.50515646,0.50515646,1.06552,0.0,0.08599633,0.0,0.0,6.6423345e-06,-27.918324,2.3441908,0.781397,0.136,0.0,0.14266972,8.010024,8.040024,860800
hardzero_plus_depr__c0p54__z1p05__lam0p030__nu0p50__psi1p00,hardzero_plus_depr,0.02,33,269,0.0,1,0.50515646,0.50515705,1.0371505,0.09180144,0.09180144,1.0,5.9175443e-07,6.4460255e-06,-27.672363,2.2817767,0.7605922,0.096,0.0,0.17218475,8.040024,8.070024,864000
hardzero_plus_depr__c0p54__z1p05__lam0p030__nu0p50__psi1p00,hardzero_plus_depr,0.02,33,270,0.0,1,0.50515705,0.50515765,1.0167406,0.09621868,0.09621868,1.0,6.0189774e-07,6.255518e-06,-27.249279,2.2368739,0.74562466,0.16000001,0.0,0.14997752,8.070024,8.100023,867200
hardzero_plus_depr__c0p54__z1p05__lam0p030__nu0p50__psi1p00,hardzero_plus_depr,0.02,33,271,0.0,1,0.50515765,0.5051582,1.0332177,0.092636526,0.092636526,1.0,5.623631e-07,6.070641e-06,-27.9492,2.2731242,0.7577081,0.14400001,0.0,0.16778862,8.100023,8.130023,870400
hardzero_plus_depr__c0p54__z1p05__lam0p030__nu0p50__psi1p00,hardzero_plus_depr,0.02,33,272,0.0,1,0.5051582,0.5051582,1.0614811,0.0,0.086799815,0.0,0.0,5.8912287e-06,-28.316622,2.335305,0.778435,0.128,0.0,0.1632571,8.130023,8.160023,873600
hardzero_plus_depr__c0p54__z1p05__lam0p030__nu0p50__psi1p00,hardzero_plus_depr,0.02,33,273,0.0,1,0.5051582,0.5051588,1.0040096,0.099080995,0.099080995,1.0,5.6645774e-07,5.717118e-06,-26.601469,2.2088652,0.7362884,0.19999999,0.0,0.15673245,8.160023,8.190022,876800
hardzero_plus_depr__c0p54__z1p05__lam0p030__nu0p50__psi1p00,hardzero_plus_depr,0.02,33,274,0.0,1,0.5051588,0.5051593,1.0382457,0.09157023,0.09157023,1.0,5.080456e-07,5.548153e-06,-27.906641,2.2841861,0.7613954,0.120000005,0.0,0.1587323,8.190022,8.220022,880000
hardzero_plus_depr__c0p54__z1p05__lam0p030__nu0p50__psi1p00,hardzero_plus_depr,0.02,33,275,0.0,1,0.5051593,0.5051598,1.0458915,0.08997224,0.08997224,1.0,4.844269e-07,5.384182e-06,-27.540506,2.3010073,0.76700246,0.16000001,0.0,0.16168636,8.220022,8.250022,883200
hardzero_plus_depr__c0p54__z1p05__lam0p030__nu0p50__psi1p00,hardzero_plus_depr,0.02,33,276,0.0,1,0.5051598,0.5051598,1.1018162,0.0,0.07910134,0.0,0.0,5.2250566e-06,-28.262411,2.424044,0.80801463,0.15200001,0.008,0.18149227,8.250022,8.280022,886400
hardzero_plus_depr__c0p54__z1p05__lam0p030__nu0p50__psi1p00,hardzero_plus_depr,0.02,33,277,0.0,1,0.5051598,0.5051603,1.0451684,0.090122156,0.090122156,1.0,4.5697647e-07,5.070634e-06,-28.026836,2.2994163,0.7664721,0.18400002,0.0,0.17995581,8.280022,8.310021,889600
hardzero_plus_depr__c0p54__z1p05__lam0p030__nu0p50__psi1p00,hardzero_plus_depr,0.02,33,278,0.0,1,0.5051603,0.5051603,1.0556662,0.0,0.08796983,0.0,0.0,4.9207756e-06,-27.372412,2.3225121,0.77417076,0.112,0.0,0.1695444,8.310021,8.340021,892800
hardzero_plus_depr__c0p54__z1p05__lam0p030__nu0p50__psi1p00,hardzero_plus_depr,0.02,33,279,0.0,1,0.5051603,0.50516075,0.9997114,0.10006647,0.10006647,1.0,4.77852e-07,4.7753456e-06,-26.651384,2.199409,0.73313636,0.18400002,0.0,0.13563399,8.340021,8.370021,896000
hardzero_plus_depr__c0p54__z1p05__lam0p030__nu0p50__psi1p00,hardzero_plus_depr,0.02,33,280,0.0,1,0.50516075,0.5051612,0.9895606,0.102432884,0.102432884,1.0,4.7469592e-07,4.6342143e-06,-26.630985,2.1770768,0.7256923,0.15200001,0.0,0.16802709,8.370021,8.400021,899200
hardzero_plus_depr__c0p54__z1p05__lam0p030__nu0p50__psi1p00,hardzero_plus_depr,0.02,33,281,0.0,1,0.5051612,0.50516164,1.0364318,0.091953486,0.091953486,1.0,4.1353815e-07,4.4972535e-06,-27.26787,2.2801955,0.7600652,0.15200001,0.0,0.13804284,8.400021,8.43002,902400
hardzero_plus_depr__c0p54__z1p05__lam0p030__nu0p50__psi1p00,hardzero_plus_depr,0.02,33,282,0.0,1,0.50516164,0.50516206,1.0278192,0.093795255,0.093795255,1.0,4.0935447e-07,4.364341e-06,-27.866335,2.2612474,0.75374913,0.16000001,0.0,0.14516923,8.43002,8.46002,905600
hardzero_plus_depr__c0p54__z1p05__lam0p030__nu0p50__psi1p00,hardzero_plus_depr,0.02,33,283,0.0,1,0.50516206,0.5051624,1.0495032,0.0892271,0.0892271,1.0,3.7790858e-07,4.2353563e-06,-28.156075,2.308953,0.76965106,0.136,0.0,0.1735663,8.46002,8.49002,908800
hardzero_plus_depr__c0p54__z1p05__lam0p030__nu0p50__psi1p00,hardzero_plus_depr,0.02,33,284,0.0,1,0.5051624,0.5051628,1.0444002,0.0902817,0.0902817,1.0,3.710744e-07,4.110184e-06,-28.304153,2.2977264,0.76590884,0.18400002,0.0,0.1440956,8.49002,8.52002,912000
hardzero_plus_depr__c0p54__z1p05__lam0p030__nu0p50__psi1p00,hardzero_plus_depr,0.02,33,285,0.0,1,0.5051628,0.5051628,1.0714407,0.0,0.08483191,0.0,0.0,3.9887104e-06,-28.25514,2.3572166,0.7857389,0.136,0.0,0.17244466,8.52002,8.550019,915200
hardzero_plus_depr__c0p54__z1p05__lam0p030__nu0p50__psi1p00,hardzero_plus_depr,0.02,33,286,0.0,1,0.5051628,0.5051632,0.9909692,0.102101184,0.102101184,1.0,3.9521603e-07,3.870827e-06,-26.308973,2.1801758,0.7267253,0.13,0.0,0.14335003,8.550019,8.580019,918400
hardzero_plus_depr__c0p54__z1p05__lam0p030__nu0p50__psi1p00,hardzero_plus_depr,0.02,33,287,0.0,1,0.5051632,0.5051632,1.0503999,0.0,0.089043066,0.0,0.0,3.7564284e-06,-27.577381,2.310926,0.7703087,0.224,0.0,0.16676302,8.580019,8.610019,921600
hardzero_plus_depr__c0p54__z1p05__lam0p030__nu0p50__psi1p00,hardzero_plus_depr,0.02,33,288,0.0,1,0.5051632,0.50516355,0.9796583,0.10479528,0.10479528,1.0,3.8202174e-07,3.6454098e-06,-27.118166,2.1552913,0.71843046,0.2,0.0,0.13491046,8.610019,8.640018,924800
hardzero_plus_depr__c0p54__z1p05__lam0p030__nu0p50__psi1p00,hardzero_plus_depr,0.02,33,289,0.0,1,0.50516355,0.5051639,1.0176908,0.0960084,0.0960084,1.0,3.3964628e-07,3.5376727e-06,-27.380589,2.2389643,0.74632144,0.136,0.0,0.15714961,8.640018,8.670018,928000
hardzero_plus_depr__c0p54__z1p05__lam0p030__nu0p50__psi1p00,hardzero_plus_depr,0.02,33,290,0.0,1,0.5051639,0.50516427,0.99878764,0.100279555,0.100279555,1.0,3.4427168e-07,3.4331194e-06,-26.411274,2.1973767,0.73245895,0.14400001,0.0,0.14457557,8.670018,8.700018,931200
hardzero_plus_depr__c0p54__z1p05__lam0p030__nu0p50__psi1p00,hardzero_plus_depr,0.02,33,291,0.0,1,0.50516427,0.5051646,0.9910995,0.10207056,0.10207056,1.0,3.4006402e-07,3.3316562e-06,-26.899853,2.1804624,0.7268208,0.2,0.0,0.1375362,8.700018,8.730018,934400
hardzero_plus_depr__c0p54__z1p05__lam0p030__nu0p50__psi1p00,hardzero_plus_depr,0.02,33,292,0.0,1,0.5051646,0.505165,0.9640873,0.10862073,0.10862073,1.0,3.5119166e-07,3.2331918e-06,-26.22166,2.1210344,0.70701146,0.16000001,0.008,0.13445148,8.730018,8.760017,937600
hardzero_plus_depr__c0p54__z1p05__lam0p030__nu0p50__psi1p00,hardzero_plus_depr,0.02,33,293,0.0,1,0.505165,0.505165,1.0596699,0.0,0.087162584,0.0,0.0,3.1376373e-06,-27.638186,2.3313203,0.77710676,0.112,0.0,0.16449472,8.760017,8.790017,940800
hardzero_plus_depr__c0p54__z1p05__lam0p030__nu0p50__psi1p00,hardzero_plus_depr,0.02,33,294,0.0,1,0.505165,0.505165,1.0866704,0.0,0.08190862,0.0,0.0,3.044907e-06,-27.696095,2.3907225,0.79690754,0.120000005,0.0,0.13454622,8.790017,8.820017,944000
hardzero_plus_depr__c0p54__z1p05__lam0p030__nu0p50__psi1p00,hardzero_plus_depr,0.02,33,295,0.0,1,0.505165,0.5051653,0.9925592,0.10172806,0.10172806,1.0,3.00598e-07,2.9549174e-06,-26.33941,2.1836739,0.7278913,0.14400001,0.0,0.13956617,8.820017,8.850017,947200
hardzero_plus_depr__c0p54__z1p05__lam0p030__nu0p50__psi1p00,hardzero_plus_depr,0.02,33,296,0.0,1,0.5051653,0.5051656,0.9973795,0.10060521,0.10060521,1.0,2.884942e-07,2.867587e-06,-26.53024,2.1942787,0.73142624,0.136,0.0,0.14416066,8.850017,8.880016,950400
hardzero_plus_depr__c0p54__z1p05__lam0p030__nu0p50__psi1p00,hardzero_plus_depr,0.02,33,297,0.0,1,0.5051656,0.5051656,1.0850885,0.0,0.08220751,0.0,0.0,2.7828378e-06,-28.562551,2.3872423,0.79574746,0.128,0.0,0.19345054,8.880016,8.910016,953600
hardzero_plus_depr__c0p54__z1p05__lam0p030__nu0p50__psi1p00,hardzero_plus_depr,0.02,33,298,0.0,1,0.5051656,0.5051658,1.0452753,0.09009999,0.09009999,1.0,2.4332343e-07,2.7005933e-06,-27.425386,2.2996516,0.76655054,0.15200001,0.0,0.14960897,8.910016,8.940016,956800
hardzero_plus_depr__c0p54__z1p05__lam0p030__nu0p50__psi1p00,hardzero_plus_depr,0.02,33,299,0.0,1,0.5051658,0.50516605,0.9965483,0.10079795,0.10079795,1.0,2.641692e-07,2.6207792e-06,-26.710335,2.19245,0.7308167,0.13,0.0,0.14456685,8.940016,8.970016,960000
hardzero_plus_depr__c0p54__z1p05__lam0p030__nu0p50__psi1p00,hardzero_plus_depr,0.02,33,300,0.0,1,0.50516605,0.5051663,1.0193063,0.095651925,0.095651925,1.0,2.4327386e-07,2.5433244e-06,-26.543003,2.2425187,0.74750626,0.14400001,0.0,0.12914251,8.970016,9.000015,963200
hardzero_plus_depr__c0p54__z1p05__lam0p030__nu0p50__psi1p00,hardzero_plus_depr,0.02,33,301,0.0,1,0.5051663,0.50516653,0.99267584,0.10170075,0.10170075,1.0,2.5101355e-07,2.468158e-06,-27.33365,2.1839304,0.7279768,0.128,0.0,0.15529284,9.000015,9.030015,966400
hardzero_plus_depr__c0p54__z1p05__lam0p030__nu0p50__psi1p00,hardzero_plus_depr,0.02,33,302,0.0,1,0.50516653,0.50516677,1.0379901,0.091624126,0.091624126,1.0,2.1945938e-07,2.3952139e-06,-27.20501,2.283624,0.761208,0.096,0.0,0.16409561,9.030015,9.060015,969600
hardzero_plus_depr__c0p54__z1p05__lam0p030__nu0p50__psi1p00,hardzero_plus_depr,0.02,33,303,0.0,1,0.50516677,0.505167,1.0330476,0.092672825,0.092672825,1.0,2.1541105e-07,2.3244252e-06,-27.623291,2.27275,0.7575833,0.17600001,0.0,0.17044581,9.060015,9.090014,972800
hardzero_plus_depr__c0p54__z1p05__lam0p030__nu0p50__psi1p00,hardzero_plus_depr,0.02,33,304,0.0,1,0.505167,0.505167,1.0605265,0.0,0.08699084,0.0,0.0,2.2557288e-06,-27.926596,2.3332047,0.77773494,0.128,0.0,0.14332382,9.090014,9.120014,976000
hardzero_plus_depr__c0p54__z1p05__lam0p030__nu0p50__psi1p00,hardzero_plus_depr,0.02,33,305,0.0,1,0.505167,0.5051672,1.0248206,0.09444509,0.09444509,1.0,2.0674621e-07,2.1890626e-06,-26.995943,2.2546504,0.75155014,0.104,0.0,0.14502667,9.120014,9.150014,979200
hardzero_plus_depr__c0p54__z1p05__lam0p030__nu0p50__psi1p00,hardzero_plus_depr,0.02,33,306,0.0,1,0.5051672,0.5051672,1.0926099,0.0,0.080796055,0.0,0.0,2.1243663e-06,-29.215626,2.4037898,0.8012633,0.15200001,0.0,0.1699969,9.150014,9.180014,982400
hardzero_plus_depr__c0p54__z1p05__lam0p030__nu0p50__psi1p00,hardzero_plus_depr,0.02,33,307,0.0,1,0.5051672,0.50516737,1.0392811,0.091352165,0.091352165,1.0,1.8833e-07,2.0615823e-06,-27.186747,2.2864642,0.76215476,0.120000005,0.0,0.15655166,9.180014,9.210013,985600
hardzero_plus_depr__c0p54__z1p05__lam0p030__nu0p50__psi1p00,hardzero_plus_depr,0.02,33,308,0.0,1,0.50516737,0.50516754,1.0406088,0.09107333,0.09107333,1.0,1.8220624e-07,2.0006541e-06,-27.486755,2.289385,0.7631284,0.2,0.0,0.16381636,9.210013,9.240013,988800
hardzero_plus_depr__c0p54__z1p05__lam0p030__nu0p50__psi1p00,hardzero_plus_depr,0.02,33,309,0.0,1,0.50516754,0.5051677,0.98952526,0.10244121,0.10244121,1.0,1.988923e-07,1.9415263e-06,-26.35529,2.176999,0.7256664,0.104,0.0,0.12704028,9.240013,9.270013,992000
hardzero_plus_depr__c0p54__z1p05__lam0p030__nu0p50__psi1p00,hardzero_plus_depr,0.02,33,310,0.0,1,0.5051677,0.5051677,1.0555339,0.0,0.08799665,0.0,0.0,1.884146e-06,-27.854366,2.3222208,0.7740736,0.136,0.0,0.15269814,9.270013,9.300013,995200
hardzero_plus_depr__c0p54__z1p05__lam0p030__nu0p50__psi1p00,hardzero_plus_depr,0.02,33,311,0.0,1,0.5051677,0.5051679,1.0447049,0.09021838,0.09021838,1.0,1.6496082e-07,1.8284614e-06,-27.876904,2.2983966,0.76613224,0.17600001,0.0,0.1630669,9.300013,9.330012,998400
hardzero_plus_depr__c0p54__z1p05__lam0p030__nu0p50__psi1p00,hardzero_plus_depr,0.02,33,312,0.0,1,0.5051679,0.5051681,1.0310105,0.09310854,0.09310854,1.0,1.6521392e-07,1.7744228e-06,-27.411123,2.2682683,0.75608945,0.12,0.0,0.13921835,9.330012,9.360012,1001600
hardzero_plus_depr__c0p54__z1p05__lam0p030__nu0p50__psi1p00,hardzero_plus_depr,0.02,33,313,0.0,1,0.5051681,0.50516826,1.0154225,0.096511155,0.096511155,1.0,1.661904e-07,1.7219812e-06,-27.09915,2.233974,0.744658,0.16800001,0.0,0.13204251,9.360012,9.390012,1004800
hardzero_plus_depr__c0p54__z1p05__lam0p030__nu0p50__psi1p00,hardzero_plus_depr,0.02,33,314,0.0,1,0.50516826,0.50516844,0.97802496,0.10519013,0.10519013,1.0,1.757821e-07,1.6710894e-06,-26.171364,2.1516979,0.71723264,0.224,0.0,0.1259098,9.390012,9.4200115,1008000
hardzero_plus_depr__c0p54__z1p05__lam0p030__nu0p50__psi1p00,hardzero_plus_depr,0.02,33,315,0.0,1,0.50516844,0.50516844,1.0620824,0.0,0.086679734,0.0,0.0,1.6217016e-06,-27.762823,2.336628,0.778876,0.136,0.0,0.151171,9.4200115,9.450011,1011200
hardzero_plus_depr__c0p54__z1p05__lam0p030__nu0p50__psi1p00,hardzero_plus_depr,0.02,33,316,0.0,1,0.50516844,0.50516844,1.0646727,0.0,0.08616429,0.0,0.0,1.5737736e-06,-28.93933,2.3423266,0.78077555,0.23200001,0.0,0.1694478,9.450011,9.480011,1014400
hardzero_plus_depr__c0p54__z1p05__lam0p030__nu0p50__psi1p00,hardzero_plus_depr,0.02,33,317,0.0,1,0.50516844,0.50516856,1.0284145,0.093666755,0.093666755,1.0,1.4305368e-07,1.527262e-06,-26.899832,2.262557,0.7541857,0.192,0.0,0.15086792,9.480011,9.510011,1017600
hardzero_plus_depr__c0p54__z1p05__lam0p030__nu0p50__psi1p00,hardzero_plus_depr,0.02,33,318,0.0,1,0.50516856,0.5051687,1.0135626,0.096925355,0.096925355,1.0,1.4365548e-07,1.482125e-06,-27.872808,2.2298822,0.7432941,0.128,0.0,0.17509225,9.510011,9.54001,1020800
hardzero_plus_depr__c0p54__z1p05__lam0p030__nu0p50__psi1p00,hardzero_plus_depr,0.02,33,319,0.0,1,0.5051687,0.5051687,1.0658889,0.0,0.08592332,0.0,0.0,1.4383219e-06,-28.207607,2.3450024,0.7816675,0.208,0.0,0.16985187,9.54001,9.57001,1024000
hardzero_plus_depr__c0p54__z1p05__lam0p030__nu0p50__psi1p00,hardzero_plus_depr,0.02,33,320,0.0,1,0.5051687,0.5051688,1.0427933,0.09061639,0.09061639,1.0,1.2648357e-07,1.3958135e-06,-26.870604,2.294191,0.76473033,0.216,0.0,0.16071253,9.57001,9.60001,1027200
hardzero_plus_depr__c0p54__z1p05__lam0p030__nu0p50__psi1p00,hardzero_plus_depr,0.02,33,321,0.0,1,0.5051688,0.5051689,1.0267411,0.09402836,0.09402836,1.0,1.2736717e-07,1.3545612e-06,-26.998388,2.2588756,0.75295854,0.136,0.0,0.14465702,9.60001,9.63001,1030400
hardzero_plus_depr__c0p54__z1p05__lam0p030__nu0p50__psi1p00,hardzero_plus_depr,0.02,33,322,0.0,1,0.5051689,0.50516903,1.0402145,0.09115603,0.09115603,1.0,1.1982718e-07,1.3145283e-06,-28.083271,2.2885177,0.76283926,0.104,0.0,0.15117897,9.63001,9.660009,1033600
hardzero_plus_depr__c0p54__z1p05__lam0p030__nu0p50__psi1p00,hardzero_plus_depr,0.02,33,323,0.0,1,0.50516903,0.50516915,0.9930126,0.10162191,0.10162191,1.0,1.2963689e-07,1.2756785e-06,-26.823212,2.1846714,0.7282238,0.136,0.0,0.13926339,9.660009,9.690009,1036800
hardzero_plus_depr__c0p54__z1p05__lam0p030__nu0p50__psi1p00,hardzero_plus_depr,0.02,33,324,0.0,1,0.50516915,0.5051693,1.0304049,0.09323845,0.09323845,1.0,1.15427035e-07,1.2379768e-06,-27.690825,2.266936,0.7556454,0.14400001,0.0,0.14679138,9.690009,9.720009,1040000
hardzero_plus_depr__c0p54__z1p05__lam0p030__nu0p50__psi1p00,hardzero_plus_depr,0.02,33,325,0.0,1,0.5051693,0.5051694,1.0116206,0.09735973,0.09735973,1.0,1.1696695e-07,1.2013894e-06,-27.211557,2.2256098,0.7418699,0.14,0.0,0.13241705,9.720009,9.750009,1043200
hardzero_plus_depr__c0p54__z1p05__lam0p030__nu0p50__psi1p00,hardzero_plus_depr,0.02,33,326,0.0,1,0.5051694,0.5051695,1.0041753,0.099043205,0.099043205,1.0,1.1547282e-07,1.1658833e-06,-26.49668,2.2092297,0.7364099,0.16000001,0.0,0.13863699,9.750009,9.780008,1046400
hardzero_plus_depr__c0p54__z1p05__lam0p030__nu0p50__psi1p00,hardzero_plus_depr,0.02,33,327,0.0,1,0.5051695,0.50516963,0.9639551,0.10865379,0.10865379,1.0,1.2293378e-07,1.1314265e-06,-26.363045,2.1207435,0.70691454,0.192,0.0,0.14023899,9.780008,9.810008,1049600
hardzero_plus_depr__c0p54__z1p05__lam0p030__nu0p50__psi1p00,hardzero_plus_depr,0.02,33,328,0.0,1,0.50516963,0.50516975,1.0260627,0.09417536,0.09417536,1.0,1.0340342e-07,1.097988e-06,-26.991426,2.257383,0.7524611,0.14400001,0.0,0.13882796,9.810008,9.840008,1052800
hardzero_plus_depr__c0p54__z1p05__lam0p030__nu0p50__psi1p00,hardzero_plus_depr,0.02,33,329,0.0,1,0.50516975,0.50516987,0.9988239,0.10027119,0.10027119,1.0,1.06842755e-07,1.065538e-06,-26.928444,2.1974564,0.7324855,0.15200001,0.0,0.1471858,9.840008,9.8700075,1056000
hardzero_plus_depr__c0p54__z1p05__lam0p030__nu0p50__psi1p00,hardzero_plus_depr,0.02,33,330,0.0,1,0.50516987,0.50517,1.0353113,0.092191026,0.092191026,1.0,9.532984e-08,1.0340468e-06,-27.62394,2.2777305,0.7592435,0.15200001,0.0,0.18198632,9.8700075,9.900007,1059200
hardzero_plus_depr__c0p54__z1p05__lam0p030__nu0p50__psi1p00,hardzero_plus_depr,0.02,33,331,0.0,1,0.50517,0.5051701,1.0363008,0.09198122,0.09198122,1.0,9.2301896e-08,1.0034863e-06,-26.963661,2.2799072,0.7599691,0.136,0.0,0.14584349,9.900007,9.930007,1062400
hardzero_plus_depr__c0p54__z1p05__lam0p030__nu0p50__psi1p00,hardzero_plus_depr,0.02,33,332,0.0,1,0.5051701,0.5051702,1.0033232,0.09923771,0.09923771,1.0,9.6640576e-08,9.738292e-07,-26.131805,2.207355,0.735785,0.15200001,0.0,0.13355024,9.930007,9.960007,1065600
hardzero_plus_depr__c0p54__z1p05__lam0p030__nu0p50__psi1p00,hardzero_plus_depr,0.02,33,333,0.0,1,0.5051702,0.5051703,1.0425215,0.09067312,0.09067312,1.0,8.569049e-08,9.450484e-07,-27.44045,2.2935932,0.7645311,0.128,0.0,0.140297,9.960007,9.990006,1068800
hardzero_plus_depr__c0p54__z1p05__lam0p030__nu0p50__psi1p00,hardzero_plus_depr,0.02,33,334,0.0,1,0.5051703,0.5051703,1.0773083,0.0,0.08369348,0.0,0.0,9.171182e-07,-28.603962,2.3701255,0.79004186,0.16800001,0.0,0.15924808,9.990006,10.020006,1072000
hardzero_plus_depr__c0p54__z1p05__lam0p030__nu0p50__psi1p00,hardzero_plus_depr,0.02,33,335,0.0,1,0.5051703,0.50517035,1.0125692,0.097147316,0.097147316,1.0,8.6462414e-08,8.9001344e-07,-26.773752,2.2276967,0.7425656,0.136,0.0,0.14642921,10.020006,10.050006,1075200
hardzero_plus_depr__c0p54__z1p05__lam0p030__nu0p50__psi1p00,hardzero_plus_depr,0.02,33,336,0.0,1,0.50517035,0.50517035,1.050673,0.0,0.08898708,0.0,0.0,8.6370994e-07,-27.34644,2.3115268,0.77050894,0.072000004,0.0,0.1468614,10.050006,10.080006,1078400
hardzero_plus_depr__c0p54__z1p05__lam0p030__nu0p50__psi1p00,hardzero_plus_depr,0.02,33,337,0.0,1,0.50517035,0.5051704,1.008683,0.098020524,0.098020524,1.0,8.215919e-08,8.3818355e-07,-27.091831,2.2191467,0.7397156,0.16800001,0.0,0.14407529,10.080006,10.110005,1081600
hardzero_plus_depr__c0p54__z1p05__lam0p030__nu0p50__psi1p00,hardzero_plus_depr,0.02,33,338,0.0,1,0.5051704,0.5051704,1.0689739,0.0,0.08531514,0.0,0.0,8.1341176e-07,-27.439676,2.3517895,0.7839298,0.21,0.0,0.17511505,10.110005,10.140005,1084800
hardzero_plus_depr__c0p54__z1p05__lam0p030__nu0p50__psi1p00,hardzero_plus_depr,0.02,33,339,0.0,1,0.5051704,0.50517046,1.0265638,0.09406676,0.09406676,1.0,7.425367e-08,7.8937205e-07,-27.38973,2.2584853,0.7528285,0.16000001,0.0,0.14088044,10.140005,10.170005,1088000
hardzero_plus_depr__c0p54__z1p05__lam0p030__nu0p50__psi1p00,hardzero_plus_depr,0.02,33,340,0.0,1,0.50517046,0.50517046,1.050737,0.0,0.08897397,0.0,0.0,7.660428e-07,-26.91074,2.3116677,0.7705559,0.16000001,0.0,0.14083016,10.170005,10.200005,1091200
hardzero_plus_depr__c0p54__z1p05__lam0p030__nu0p50__psi1p00,hardzero_plus_depr,0.02,33,341,0.0,1,0.50517046,0.5051705,0.9755561,0.10578982,0.10578982,1.0,7.864447e-08,7.43403e-07,-26.784847,2.1462662,0.7154221,0.17600001,0.0,0.13631764,10.200005,10.230004,1094400
hardzero_plus_depr__c0p54__z1p05__lam0p030__nu0p50__psi1p00,hardzero_plus_depr,0.02,33,342,0.0,1,0.5051705,0.5051706,1.0278836,0.093781315,0.093781315,1.0,6.765687e-08,7.214323e-07,-27.33464,2.2613893,0.75379646,0.17600001,0.0,0.15792303,10.230004,10.260004,1097600
hardzero_plus_depr__c0p54__z1p05__lam0p030__nu0p50__psi1p00,hardzero_plus_depr,0.02,33,343,0.0,1,0.5051706,0.50517064,1.0021256,0.099511735,0.099511735,1.0,6.966925e-08,7.001109e-07,-26.30845,2.2047203,0.7349068,0.192,0.0,0.1421593,10.260004,10.290004,1100800
hardzero_plus_depr__c0p54__z1p05__lam0p030__nu0p50__psi1p00,hardzero_plus_depr,0.02,33,344,0.0,1,0.50517064,0.5051707,0.9918842,0.10188631,0.10188631,1.0,6.922356e-08,6.7941966e-07,-26.447763,2.1821887,0.72739625,0.216,0.0,0.15400134,10.290004,10.3200035,1104000
hardzero_plus_depr__c0p54__z1p05__lam0p030__nu0p50__psi1p00,hardzero_plus_depr,0.02,33,345,0.0,1,0.5051707,0.50517076,0.95919245,0.1098519,0.1098519,1.0,7.242975e-08,6.5934e-07,-26.677736,2.1102655,0.70342183,0.224,0.0,0.13085629,10.3200035,10.350003,1107200
hardzero_plus_depr__c0p54__z1p05__lam0p030__nu0p50__psi1p00,hardzero_plus_depr,0.02,33,346,0.0,1,0.50517076,0.5051708,1.0346076,0.09234052,0.09234052,1.0,5.9084428e-08,6.3985374e-07,-27.344341,2.2761822,0.75872743,0.15200001,0.0,0.12949458,10.350003,10.380003,1110400
hardzero_plus_depr__c0p54__z1p05__lam0p030__nu0p50__psi1p00,hardzero_plus_depr,0.02,33,347,0.0,1,0.5051708,0.5051709,1.0495707,0.08921324,0.08921324,1.0,5.5396367e-08,6.2094335e-07,-27.585905,2.3091016,0.7697005,0.104,0.0,0.16642411,10.380003,10.410003,1113600
hardzero_plus_depr__c0p54__z1p05__lam0p030__nu0p50__psi1p00,hardzero_plus_depr,0.02,33,348,0.0,1,0.5051709,0.5051709,1.078429,0.0,0.083477795,0.0,0.0,6.0259185e-07,-28.385965,2.372591,0.7908637,0.112,0.0,0.14210564,10.410003,10.440002,1116800
hardzero_plus_depr__c0p54__z1p05__lam0p030__nu0p50__psi1p00,hardzero_plus_depr,0.02,33,349,0.0,1,0.5051709,0.50517094,1.0197092,0.0955632,0.0955632,1.0,5.5883707e-08,5.847827e-07,-26.647474,2.243405,0.7478017,0.14400001,0.0,0.1387445,10.440002,10.470002,1120000
hardzero_plus_depr__c0p54__z1p05__lam0p030__nu0p50__psi1p00,hardzero_plus_depr,0.02,33,350,0.0,1,0.50517094,0.505171,1.0322818,0.09283638,0.09283638,1.0,5.2684644e-08,5.6749997e-07,-26.895166,2.2710652,0.7570218,0.16800001,0.0,0.13374995,10.470002,10.500002,1123200
hardzero_plus_depr__c0p54__z1p05__lam0p030__nu0p50__psi1p00,hardzero_plus_depr,0.02,33,351,0.0,1,0.505171,0.505171,1.0557913,0.0,0.0879445,0.0,0.0,5.50728e-07,-28.325113,2.322787,0.77426237,0.14999999,0.0,0.14667517,10.500002,10.530002,1126400
hardzero_plus_depr__c0p54__z1p05__lam0p030__nu0p50__psi1p00,hardzero_plus_depr,0.02,33,352,0.0,1,0.505171,0.50517106,1.0063986,0.09853747,0.09853747,1.0,5.2663513e-08,5.3445166e-07,-26.77324,2.214121,0.7380404,0.120000005,0.0,0.14830707,10.530002,10.560001,1129600
hardzero_plus_depr__c0p54__z1p05__lam0p030__nu0p50__psi1p00,hardzero_plus_depr,0.02,33,353,0.0,1,0.50517106,0.5051711,1.0189977,0.09571991,0.09571991,1.0,4.9645738e-08,5.1865635e-07,-27.219799,2.2418396,0.7472799,0.104,0.0,0.13215049,10.560001,10.590001,1132800
hardzero_plus_depr__c0p54__z1p05__lam0p030__nu0p50__psi1p00,hardzero_plus_depr,0.02,33,354,0.0,1,0.5051711,0.5051712,1.0259956,0.09418991,0.09418991,1.0,4.7408406e-08,5.0332784e-07,-27.657703,2.2572355,0.75241184,0.23200001,0.0,0.1813722,10.590001,10.620001,1136000
hardzero_plus_depr__c0p54__z1p05__lam0p030__nu0p50__psi1p00,hardzero_plus_depr,0.02,33,355,0.0,1,0.5051712,0.50517124,0.985118,0.103486106,0.103486106,1.0,5.0548035e-08,4.884524e-07,-26.677011,2.1673028,0.7224343,0.15200001,0.0,0.15718395,10.620001,10.650001,1139200
hardzero_plus_depr__c0p54__z1p05__lam0p030__nu0p50__psi1p00,hardzero_plus_depr,0.02,33,356,0.0,1,0.50517124,0.50517124,1.0510641,0.0,0.08890698,0.0,0.0,4.7401656e-07,-27.044027,2.3123872,0.77079576,0.16800001,0.0,0.15527532,10.650001,10.68,1142400
hardzero_plus_depr__c0p54__z1p05__lam0p030__nu0p50__psi1p00,hardzero_plus_depr,0.02,33,357,0.0,1,0.50517124,0.50517124,1.0868338,0.0,0.0818778,0.0,0.0,4.6000739e-07,-29.175985,2.3910823,0.79702747,0.128,0.0,0.17957391,10.68,10.71,1145600
hardzero_plus_depr__c0p54__z1p05__lam0p030__nu0p50__psi1p00,hardzero_plus_depr,0.02,33,358,0.0,1,0.50517124,0.5051713,1.0263507,0.09411292,0.09411292,1.0,4.201316e-08,4.4641223e-07,-26.657007,2.2580168,0.7526723,0.14400001,0.0,0.14396869,10.71,10.74,1148800
hardzero_plus_depr__c0p54__z1p05__lam0p030__nu0p50__psi1p00,hardzero_plus_depr,0.02,33,359,0.0,1,0.5051713,0.50517136,0.9872105,0.10298868,0.10298868,1.0,4.461664e-08,4.3321887e-07,-26.388336,2.1719065,0.72396886,0.16800001,0.0,0.13625117,10.74,10.7699995,1152000
hardzero_plus_depr__c0p54__z1p05__lam0p030__nu0p50__psi1p00,hardzero_plus_depr,0.02,33,360,0.0,1,0.50517136,0.50517136,1.0510299,0.0,0.08891398,0.0,0.0,4.2041543e-07,-27.660486,2.3123121,0.7707707,0.16000001,0.0,0.14740926,10.7699995,10.799999,1155200
hardzero_plus_depr__c0p54__z1p05__lam0p030__nu0p50__psi1p00,hardzero_plus_depr,0.02,33,361,0.0,1,0.50517136,0.5051714,0.98356026,0.10385795,0.10385795,1.0,4.2373042e-08,4.0799037e-07,-27.084711,2.1638758,0.72129196,0.16800001,0.0,0.11790399,10.799999,10.829999,1158400
hardzero_plus_depr__c0p54__z1p05__lam0p030__nu0p50__psi1p00,hardzero_plus_depr,0.02,33,362,0.0,1,0.5051714,0.5051715,0.96039927,0.10954707,0.10954707,1.0,4.337325e-08,3.9593255e-07,-26.055317,2.1129205,0.70430684,0.192,0.0,0.13553081,10.829999,10.859999,1161600
hardzero_plus_depr__c0p54__z1p05__lam0p030__nu0p50__psi1p00,hardzero_plus_depr,0.02,33,363,0.0,1,0.5051715,0.50517154,1.0144368,0.09673044,0.09673044,1.0,3.716684e-08,3.8423104e-07,-26.815105,2.2318056,0.7439352,0.14400001,0.0,0.1349289,10.859999,10.889998,1164800
hardzero_plus_depr__c0p54__z1p05__lam0p030__nu0p50__psi1p00,hardzero_plus_depr,0.02,33,364,0.0,1,0.50517154,0.5051716,0.9416726,0.11437403,0.11437403,1.0,4.2647265e-08,3.7287543e-07,-25.430815,2.071721,0.6905737,0.14999999,0.0,0.14947985,10.889998,10.919998,1168000
hardzero_plus_depr__c0p54__z1p05__lam0p030__nu0p50__psi1p00,hardzero_plus_depr,0.02,33,365,0.0,1,0.5051716,0.50517166,1.0431582,0.09054026,0.09054026,1.0,3.276248e-08,3.6185537e-07,-27.689611,2.2949939,0.76499796,0.104,0.0,0.15510984,10.919998,10.949998,1171200
hardzero_plus_depr__c0p54__z1p05__lam0p030__nu0p50__psi1p00,hardzero_plus_depr,0.02,33,366,0.0,1,0.50517166,0.5051717,0.97276807,0.106471136,0.106471136,1.0,3.7388514e-08,3.5116102e-07,-27.250492,2.1401324,0.7133775,0.192,0.0,0.15257455,10.949998,10.979998,1174400
hardzero_plus_depr__c0p54__z1p05__lam0p030__nu0p50__psi1p00,hardzero_plus_depr,0.02,33,367,0.0,1,0.5051717,0.5051718,1.0147965,0.09665036,0.09665036,1.0,3.293677e-08,3.4078272e-07,-26.812548,2.2325969,0.744199,0.104,0.0,0.14867729,10.979998,11.009997,1177600
hardzero_plus_depr__c0p54__z1p05__lam0p030__nu0p50__psi1p00,hardzero_plus_depr,0.02,33,368,0.0,1,0.5051718,0.50517184,0.97913367,0.104921944,0.104921944,1.0,3.4698864e-08,3.3071123e-07,-26.274513,2.1541371,0.7180457,0.18400002,0.0,0.122539714,11.009997,11.039997,1180800
hardzero_plus_depr__c0p54__z1p05__lam0p030__nu0p50__psi1p00,hardzero_plus_depr,0.02,33,369,0.0,1,0.50517184,0.5051719,1.0119283,0.09729077,0.09729077,1.0,3.1224236e-08,3.209373e-07,-27.19314,2.2262866,0.7420956,0.136,0.0,0.14356783,11.039997,11.069997,1184000
hardzero_plus_depr__c0p54__z1p05__lam0p030__nu0p50__psi1p00,hardzero_plus_depr,0.02,33,370,0.0,1,0.5051719,0.50517195,1.0066079,0.09849,0.09849,1.0,3.067493e-08,3.1145223e-07,-26.884977,2.2145815,0.73819387,0.17600001,0.0,0.13888392,11.069997,11.099997,1187200
hardzero_plus_depr__c0p54__z1p05__lam0p030__nu0p50__psi1p00,hardzero_plus_depr,0.02,33,371,0.0,1,0.50517195,0.505172,0.96939003,0.107302524,0.107302524,1.0,3.243192e-08,3.022475e-07,-26.377354,2.1327007,0.71090025,0.23200001,0.0,0.14086941,11.099997,11.129996,1190400
hardzero_plus_depr__c0p54__z1p05__lam0p030__nu0p50__psi1p00,hardzero_plus_depr,0.02,33,372,0.0,1,0.505172,0.505172,1.0390908,0.09139223,0.09139223,1.0,2.6806696e-08,2.9331483e-07,-27.724018,2.2860453,0.7620151,0.2,0.0,0.17230175,11.129996,11.159996,1193600
hardzero_plus_depr__c0p54__z1p05__lam0p030__nu0p50__psi1p00,hardzero_plus_depr,0.02,33,373,0.0,1,0.505172,0.505172,1.0140961,0.09680635,0.09680635,1.0,2.755555e-08,2.8464612e-07,-26.800667,2.231056,0.74368536,0.136,0.0,0.13442507,11.159996,11.189996,1196800
hardzero_plus_depr__c0p54__z1p05__lam0p030__nu0p50__psi1p00,hardzero_plus_depr,0.02,33,374,0.0,1,0.505172,0.505172,0.99786186,0.10049354,0.10049354,1.0,2.7759697e-08,2.7623364e-07,-26.313456,2.19534,0.73178,0.080000006,0.0,0.123774,11.189996,11.2199955,1200000
hardzero_plus_depr__c0p54__z1p05__lam0p030__nu0p50__psi1p00,hardzero_plus_depr,0.02,33,375,0.0,1,0.505172,0.505172,1.0467433,0.089795955,0.089795955,1.0,2.4071582e-08,2.6806978e-07,-27.000849,2.3028812,0.7676271,0.15200001,0.0,0.13809495,11.2199955,11.249995,1203200
hardzero_plus_depr__c0p54__z1p05__lam0p030__nu0p50__psi1p00,hardzero_plus_depr,0.02,33,376,0.0,1,0.505172,0.505172,1.0108061,0.09754252,0.09754252,1.0,2.537541e-08,2.6014717e-07,-27.325563,2.2238178,0.7412726,0.18400002,0.0,0.13709137,11.249995,11.279995,1206400
hardzero_plus_depr__c0p54__z1p05__lam0p030__nu0p50__psi1p00,hardzero_plus_depr,0.02,33,377,0.0,1,0.505172,0.505172,1.0339665,0.092476934,0.092476934,1.0,2.3346612e-08,2.5245876e-07,-26.881748,2.274772,0.7582573,0.17999999,0.0,0.17263955,11.279995,11.309995,1209600
hardzero_plus_depr__c0p54__z1p05__lam0p030__nu0p50__psi1p00,hardzero_plus_depr,0.02,33,378,0.0,1,0.505172,0.505172,1.0530645,0.0,0.08849841,0.0,0.0,2.4499752e-07,-27.966936,2.3167882,0.77226275,0.16000001,0.0,0.17681554,11.309995,11.339994,1212800
hardzero_plus_depr__c0p54__z1p05__lam0p030__nu0p50__psi1p00,hardzero_plus_depr,0.02,33,379,0.0,1,0.505172,0.505172,0.9642532,0.10857923,0.10857923,1.0,2.5815453e-08,2.3775682e-07,-25.702812,2.1213994,0.7071332,0.15200001,0.0,0.11698195,11.339994,11.369994,1216000
hardzero_plus_depr__c0p54__z1p05__lam0p030__nu0p50__psi1p00,hardzero_plus_depr,0.02,33,380,0.0,1,0.505172,0.505172,1.0554756,0.0,0.088008456,0.0,0.0,2.307301e-07,-28.199392,2.3220928,0.7740309,0.18400002,0.0,0.1509623,11.369994,11.399994,1219200
hardzero_plus_depr__c0p54__z1p05__lam0p030__nu0p50__psi1p00,hardzero_plus_depr,0.02,33,381,0.0,1,0.505172,0.505172,1.0326233,0.09276341,0.09276341,1.0,2.0770752e-08,2.2391106e-07,-27.51931,2.2718165,0.7572722,0.128,0.0,0.14394478,11.399994,11.429994,1222400
hardzero_plus_depr__c0p54__z1p05__lam0p030__nu0p50__psi1p00,hardzero_plus_depr,0.02,33,382,0.0,1,0.505172,0.505172,1.0715592,0.0,0.084808774,0.0,0.0,2.1729356e-07,-27.854162,2.3574772,0.7858257,0.128,0.0,0.15372902,11.429994,11.459993,1225600
hardzero_plus_depr__c0p54__z1p05__lam0p030__nu0p50__psi1p00,hardzero_plus_depr,0.02,33,383,0.0,1,0.505172,0.505172,1.0426415,0.09064804,0.09064804,1.0,1.9115099e-08,2.1087162e-07,-27.413946,2.293857,0.76461905,0.2,0.0,0.16032387,11.459993,11.489993,1228800
hardzero_plus_depr__c0p54__z1p05__lam0p030__nu0p50__psi1p00,hardzero_plus_depr,0.02,33,384,0.0,1,0.505172,0.505172,1.033461,0.09258467,0.09258467,1.0,1.8946476e-08,2.0463946e-07,-27.14843,2.2736595,0.7578865,0.208,0.0,0.16745657,11.489993,11.519993,1232000
hardzero_plus_depr__c0p54__z1p05__lam0p030__nu0p50__psi1p00,hardzero_plus_depr,0.02,33,385,0.0,1,0.505172,0.505172,1.0464933,0.089847654,0.089847654,1.0,1.784298e-08,1.9859151e-07,-26.832384,2.3023312,0.7674438,0.096,0.0,0.14566138,11.519993,11.549993,1235200
hardzero_plus_depr__c0p54__z1p05__lam0p030__nu0p50__psi1p00,hardzero_plus_depr,0.02,33,386,0.0,1,0.505172,0.505172,1.0061966,0.09858331,0.09858331,1.0,1.89992e-08,1.9272228e-07,-27.384083,2.2136767,0.73789227,0.16800001,0.0,0.13976017,11.549993,11.579992,1238400
hardzero_plus_depr__c0p54__z1p05__lam0p030__nu0p50__psi1p00,hardzero_plus_depr,0.02,33,387,0.0,1,0.505172,0.505172,1.0785252,0.0,0.08345931,0.0,0.0,1.8702654e-07,-27.658295,2.3728027,0.79093426,0.120000005,0.0,0.15760307,11.579992,11.609992,1241600
hardzero_plus_depr__c0p54__z1p05__lam0p030__nu0p50__psi1p00,hardzero_plus_depr,0.02,33,388,0.0,1,0.505172,0.505172,1.0293696,0.09346099,0.09346099,1.0,1.6963087e-08,1.8149912e-07,-28.013403,2.2646585,0.75488615,0.17600001,0.0,0.1729751,11.609992,11.639992,1244800
hardzero_plus_depr__c0p54__z1p05__lam0p030__nu0p50__psi1p00,hardzero_plus_depr,0.02,33,389,0.0,1,0.505172,0.505172,0.9779334,0.10521231,0.10521231,1.0,1.8531574e-08,1.7613505e-07,-25.507051,2.1514964,0.71716547,0.192,0.0,0.12970607,11.639992,11.6699915,1248000
hardzero_plus_depr__c0p54__z1p05__lam0p030__nu0p50__psi1p00,hardzero_plus_depr,0.02,33,390,0.0,1,0.505172,0.505172,1.0138361,0.09686432,0.09686432,1.0,1.6556973e-08,1.7092952e-07,-27.48284,2.230484,0.7434947,0.17999999,0.0,0.12611122,11.6699915,11.699991,1251200
hardzero_plus_depr__c0p54__z1p05__lam0p030__nu0p50__psi1p00,hardzero_plus_depr,0.02,33,391,0.0,1,0.505172,0.505172,1.0201796,0.09545976,0.09545976,1.0,1.5834658e-08,1.6587784e-07,-26.386417,2.24444,0.7481467,0.16000001,0.0,0.1232493,11.699991,11.729991,1254400
hardzero_plus_depr__c0p54__z1p05__lam0p030__nu0p50__psi1p00,hardzero_plus_depr,0.02,33,392,0.0,1,0.505172,0.505172,0.9803088,0.104638435,0.104638435,1.0,1.6844218e-08,1.6097545e-07,-26.828663,2.1567223,0.7189075,0.16000001,0.0,0.1319576,11.729991,11.759991,1257600
hardzero_plus_depr__c0p54__z1p05__lam0p030__nu0p50__psi1p00,hardzero_plus_depr,0.02,33,393,0.0,1,0.505172,0.505172,1.045392,0.09007575,0.09007575,1.0,1.407145e-08,1.5621795e-07,-28.182,2.2999084,0.76663613,0.208,0.0,0.18946825,11.759991,11.78999,1260800
hardzero_plus_depr__c0p54__z1p05__lam0p030__nu0p50__psi1p00,hardzero_plus_depr,0.02,33,394,0.0,1,0.505172,0.505172,1.024883,0.09443151,0.09443151,1.0,1.4315916e-08,1.5160104e-07,-27.760962,2.2547877,0.7515959,0.14400001,0.0,0.16358358,11.78999,11.81999,1264000
hardzero_plus_depr__c0p54__z1p05__lam0p030__nu0p50__psi1p00,hardzero_plus_depr,0.02,33,395,0.0,1,0.505172,0.505172,0.99008423,0.10230945,0.10230945,1.0,1.5051828e-08,1.471206e-07,-25.57997,2.1782289,0.7260763,0.17600001,0.0,0.12391991,11.81999,11.84999,1267200
hardzero_plus_depr__c0p54__z1p05__lam0p030__nu0p50__psi1p00,hardzero_plus_depr,0.02,33,396,0.0,1,0.505172,0.505172,1.0061986,0.09858284,0.09858284,1.0,1.4074925e-08,1.4277256e-07,-26.676836,2.2136812,0.73789376,0.18400002,0.0,0.14241585,11.84999,11.87999,1270400
hardzero_plus_depr__c0p54__z1p05__lam0p030__nu0p50__psi1p00,hardzero_plus_depr,0.02,33,397,0.0,1,0.505172,0.505172,1.0089103,0.097969234,0.097969234,1.0,1.3573935e-08,1.3855303e-07,-26.60512,2.219647,0.73988235,0.16000001,0.0,0.14917412,11.87999,11.909989,1273600
hardzero_plus_depr__c0p54__z1p05__lam0p030__nu0p50__psi1p00,hardzero_plus_depr,0.02,33,398,0.0,1,0.505172,0.505172,1.0138472,0.09686185,0.09686185,1.0,1.302387e-08,1.344582e-07,-27.076986,2.2305083,0.7435028,0.23200001,0.0,0.160884,11.909989,11.939989,1276800
hardzero_plus_depr__c0p54__z1p05__lam0p030__nu0p50__psi1p00,hardzero_plus_depr,0.02,33,399,0.0,1,0.505172,0.505172,1.0216876,0.095128864,0.095128864,1.0,1.24128325e-08,1.304844e-07,-27.14557,2.2477577,0.74925256,0.15200001,0.0,0.17085047,11.939989,11.969989,1280000
hardzero_plus_depr__c0p54__z1p05__lam0p030__nu0p50__psi1p00,hardzero_plus_depr,0.02,33,400,0.0,1,0.505172,0.505172,1.039661,0.09127229,0.09127229,1.0,1.155763e-08,1.2662804e-07,-27.662573,2.2872999,0.7624333,0.16800001,0.0,0.15489148,11.969989,11.999989,1283200
hardzero_plus_depr__c0p54__z1p05__lam0p030__nu0p50__psi1p00,hardzero_plus_depr,0.02,33,401,0.0,1,0.505172,0.505172,1.0682658,0.0,0.08545436,0.0,0.0,1.2288565e-07,-27.579838,2.3502316,0.78341055,0.2,0.0,0.18117693,11.999989,12.029988,1286400
hardzero_plus_depr__c0p54__z1p05__lam0p030__nu0p50__psi1p00,hardzero_plus_depr,0.02,33,402,0.0,1,0.505172,0.505172,1.0172435,0.096107334,0.096107334,1.0,1.146117e-08,1.1925385e-07,-27.094479,2.2379804,0.7459935,0.16800001,0.008,0.16467683,12.029988,12.059988,1289600
hardzero_plus_depr__c0p54__z1p05__lam0p030__nu0p50__psi1p00,hardzero_plus_depr,0.02,33,403,0.0,1,0.505172,0.505172,0.99171674,0.1019256,0.1019256,1.0,1.1795789e-08,1.15729414e-07,-27.010473,2.1818204,0.72727346,0.17,0.0,0.15876597,12.059988,12.089988,1292800
hardzero_plus_depr__c0p54__z1p05__lam0p030__nu0p50__psi1p00,hardzero_plus_depr,0.02,33,404,0.0,1,0.505172,0.505172,1.1034986,0.0,0.078795485,0.0,0.0,1.12309124e-07,-29.249266,2.4277453,0.80924845,0.15200001,0.0,0.13813497,12.089988,12.1199875,1296000
hardzero_plus_depr__c0p54__z1p05__lam0p030__nu0p50__psi1p00,hardzero_plus_depr,0.02,33,405,0.0,1,0.505172,0.505172,1.0171235,0.09613389,0.09613389,1.0,1.0477624e-08,1.08989916e-07,-27.134186,2.2377162,0.7459054,0.128,0.0,0.1452551,12.1199875,12.149987,1299200
hardzero_plus_depr__c0p54__z1p05__lam0p030__nu0p50__psi1p00,hardzero_plus_depr,0.02,33,406,0.0,1,0.505172,0.505172,1.0417055,0.090843625,0.090843625,1.0,9.608422e-09,1.05768805e-07,-27.697525,2.2917979,0.76393265,0.17600001,0.0,0.17223722,12.149987,12.179987,1302400
hardzero_plus_depr__c0p54__z1p05__lam0p030__nu0p50__psi1p00,hardzero_plus_depr,0.02,33,407,0.0,1,0.505172,0.505172,1.0353409,0.09218476,0.09218476,1.0,9.46211e-09,1.02642886e-07,-27.55947,2.2777956,0.7592652,0.2,0.0,0.16699053,12.179987,12.209987,1305600
hardzero_plus_depr__c0p54__z1p05__lam0p030__nu0p50__psi1p00,hardzero_plus_depr,0.02,33,408,0.0,1,0.505172,0.505172,1.0250134,0.09440317,0.09440317,1.0,9.403439e-09,9.960936e-08,-27.545912,2.2550747,0.7516916,0.192,0.0,0.14956714,12.209987,12.239986,1308800
hardzero_plus_depr__c0p54__z1p05__lam0p030__nu0p50__psi1p00,hardzero_plus_depr,0.02,33,409,0.0,1,0.505172,0.505172,1.0279382,0.09376954,0.09376954,1.0,9.064278e-09,9.666549e-08,-27.629961,2.2615094,0.7538365,0.208,0.0,0.1483526,12.239986,12.269986,1312000
hardzero_plus_depr__c0p54__z1p05__lam0p030__nu0p50__psi1p00,hardzero_plus_depr,0.02,33,410,0.0,1,0.505172,0.505172,1.0481266,0.08951039,0.08951039,1.0,8.396845e-09,9.380861e-08,-27.017956,2.3059244,0.7686415,0.16000001,0.0,0.1472536,12.269986,12.299986,1315200
hardzero_plus_depr__c0p54__z1p05__lam0p030__nu0p50__psi1p00,hardzero_plus_depr,0.02,33,411,0.0,1,0.505172,0.505172,1.0202733,0.095439166,0.095439166,1.0,8.688417e-09,9.103618e-08,-27.339,2.244646,0.7482154,0.16800001,0.0,0.15458113,12.299986,12.329986,1318400
hardzero_plus_depr__c0p54__z1p05__lam0p030__nu0p50__psi1p00,hardzero_plus_depr,0.02,33,412,0.0,1,0.505172,0.505172,0.9875354,0.102911666,0.102911666,1.0,9.091801e-09,8.834568e-08,-25.795063,2.1726213,0.7242071,0.08800001,0.0,0.14187072,12.329986,12.359985,1321600
hardzero_plus_depr__c0p54__z1p05__lam0p030__nu0p50__psi1p00,hardzero_plus_depr,0.02,33,413,0.0,1,0.505172,0.505172,1.0106786,0.09757112,0.09757112,1.0,8.365229e-09,8.573469e-08,-27.087168,2.2235374,0.74117917,0.14400001,0.0,0.14296573,12.359985,12.389985,1324800
hardzero_plus_depr__c0p54__z1p05__lam0p030__nu0p50__psi1p00,hardzero_plus_depr,0.02,33,414,0.0,1,0.505172,0.505172,0.99101686,0.10208998,0.10208998,1.0,8.493974e-09,8.320087e-08,-26.555386,2.1802807,0.72676027,0.2,0.0,0.13910317,12.389985,12.419985,1328000
hardzero_plus_depr__c0p54__z1p05__lam0p030__nu0p50__psi1p00,hardzero_plus_depr,0.02,33,415,0.0,1,0.505172,0.505172,1.0340592,0.09245721,0.09245721,1.0,7.465173e-09,8.074193e-08,-27.749937,2.2749755,0.7583252,0.136,0.0,0.16444904,12.419985,12.449985,1331200
hardzero_plus_depr__c0p54__z1p05__lam0p030__nu0p50__psi1p00,hardzero_plus_depr,0.02,33,416,0.0,1,0.505172,0.505172,1.072229,0.0,0.084678076,0.0,0.0,7.835566e-08,-27.598503,2.3589509,0.786317,0.19999999,0.0,0.181338,12.449985,12.479984,1334400
hardzero_plus_depr__c0p54__z1p05__lam0p030__nu0p50__psi1p00,hardzero_plus_depr,0.02,33,417,0.0,1,0.505172,0.505172,1.0016099,0.09962999,0.09962999,1.0,7.575857e-09,7.6039925e-08,-26.25101,2.2035859,0.73452866,0.08800001,0.0,0.13657033,12.479984,12.509984,1337600
hardzero_plus_depr__c0p54__z1p05__lam0p030__nu0p50__psi1p00,hardzero_plus_depr,0.02,33,418,0.0,1,0.505172,0.505172,1.0316377,0.09297418,0.09297418,1.0,6.860809e-09,7.379263e-08,-26.763515,2.2696483,0.7565495,0.14400001,0.0,0.14646684,12.509984,12.539984,1340800
hardzero_plus_depr__c0p54__z1p05__lam0p030__nu0p50__psi1p00,hardzero_plus_depr,0.02,33,419,0.0,1,0.505172,0.505172,1.0673199,0.0,0.08564068,0.0,0.0,7.1611744e-08,-28.318401,2.3481507,0.78271693,0.120000005,0.0,0.13843021,12.539984,12.5699835,1344000
hardzero_plus_depr__c0p54__z1p05__lam0p030__nu0p50__psi1p00,hardzero_plus_depr,0.02,33,420,0.0,1,0.505172,0.505172,1.035302,0.09219301,0.09219301,1.0,6.406982e-09,6.9495314e-08,-27.217257,2.27771,0.7592367,0.16000001,0.0,0.14770976,12.5699835,12.599983,1347200
hardzero_plus_depr__c0p54__z1p05__lam0p030__nu0p50__psi1p00,hardzero_plus_depr,0.02,33,421,0.0,1,0.505172,0.505172,1.0452164,0.09011219,0.09011219,1.0,6.077295e-09,6.7441434e-08,-28.163189,2.2995222,0.7665074,0.18400002,0.008,0.15147367,12.599983,12.629983,1350400
hardzero_plus_depr__c0p54__z1p05__lam0p030__nu0p50__psi1p00,hardzero_plus_depr,0.02,33,422,0.0,1,0.505172,0.505172,1.0539665,0.0,0.088314794,0.0,0.0,6.5448255e-08,-28.035498,2.3187726,0.7729242,0.120000005,0.0,0.1419222,12.629983,12.659983,1353600
hardzero_plus_depr__c0p54__z1p05__lam0p030__nu0p50__psi1p00,hardzero_plus_depr,0.02,33,423,0.0,1,0.505172,0.505172,1.0008692,0.09980007,0.09980007,1.0,6.3387007e-09,6.351399e-08,-27.075365,2.201956,0.73398536,0.17600001,0.0,0.14793417,12.659983,12.689982,1356800
hardzero_plus_depr__c0p54__z1p05__lam0p030__nu0p50__psi1p00,hardzero_plus_depr,0.02,33,424,0.0,1,0.505172,0.505172,1.0504347,0.0,0.089035936,0.0,0.0,6.163688e-08,-27.71139,2.3110025,0.7703342,0.120000005,0.0,0.14311856,12.689982,12.719982,1360000
hardzero_plus_depr__c0p54__z1p05__lam0p030__nu0p50__psi1p00,hardzero_plus_depr,0.02,33,425,0.0,1,0.505172,0.505172,1.0261364,0.094159365,0.094159365,1.0,5.632166e-09,5.981525e-08,-26.746912,2.2575452,0.7525151,0.120000005,0.0,0.12924366,12.719982,12.749982,1363200
hardzero_plus_depr__c0p54__z1p05__lam0p030__nu0p50__psi1p00,hardzero_plus_depr,0.02,33,426,0.0,1,0.505172,0.505172,1.073067,0.0,0.08451485,0.0,0.0,5.8047462e-08,-28.460478,2.3607945,0.7869315,0.112,0.0,0.15975465,12.749982,12.779982,1366400
hardzero_plus_depr__c0p54__z1p05__lam0p030__nu0p50__psi1p00,hardzero_plus_depr,0.02,33,427,0.0,1,0.505172,0.505172,0.9793964,0.10485848,0.10485848,1.0,5.906879e-09,5.6331913e-08,-25.776484,2.154715,0.71823835,0.272,0.0,0.13315092,12.779982,12.809981,1369600
hardzero_plus_depr__c0p54__z1p05__lam0p030__nu0p50__psi1p00,hardzero_plus_depr,0.02,33,428,0.0,1,0.505172,0.505172,1.0040027,0.099082574,0.099082574,1.0,5.416554e-09,5.466707e-08,-27.268654,2.2088501,0.7362834,0.104,0.0,0.13564369,12.809981,12.839981,1372800
hardzero_plus_depr__c0p54__z1p05__lam0p030__nu0p50__psi1p00,hardzero_plus_depr,0.02,33,429,0.0,1,0.505172,0.505172,1.059978,0.0,0.08710077,0.0,0.0,5.3051426e-08,-28.277319,2.331998,0.7773327,0.16,0.0,0.17049763,12.839981,12.869981,1376000
hardzero_plus_depr__c0p54__z1p05__lam0p030__nu0p50__psi1p00,hardzero_plus_depr,0.02,33,430,0.0,1,0.505172,0.505172,1.0198694,0.09552797,0.09552797,1.0,4.9181175e-09,5.1483532e-08,-27.495377,2.2437575,0.7479192,0.136,0.0,0.1609365,12.869981,12.899981,1379200
hardzero_plus_depr__c0p54__z1p05__lam0p030__nu0p50__psi1p00,hardzero_plus_depr,0.02,33,431,0.0,1,0.505172,0.505172,1.0192348,0.09566766,0.09566766,1.0,4.7797455e-09,4.9961976e-08,-26.879322,2.2423613,0.7474538,0.224,0.0,0.14265484,12.899981,12.92998,1382400
hardzero_plus_depr__c0p54__z1p05__lam0p030__nu0p50__psi1p00,hardzero_plus_depr,0.02,33,432,0.0,1,0.505172,0.505172,0.96294725,0.10890624,0.10890624,1.0,5.280362e-09,4.8485393e-08,-25.854446,2.1185262,0.70617545,0.2,0.0,0.123151906,12.92998,12.95998,1385600
hardzero_plus_depr__c0p54__z1p05__lam0p030__nu0p50__psi1p00,hardzero_plus_depr,0.02,33,433,0.0,1,0.505172,0.505172,1.0885142,0.0,0.08156161,0.0,0.0,4.7052442e-08,-28.522484,2.3947792,0.79825974,0.136,0.0,0.18904537,12.95998,12.98998,1388800
hardzero_plus_depr__c0p54__z1p05__lam0p030__nu0p50__psi1p00,hardzero_plus_depr,0.02,33,434,0.0,1,0.505172,0.505172,0.97360176,0.10626694,0.10626694,1.0,4.8523447e-09,4.566185e-08,-26.621231,2.1419666,0.7139889,0.216,0.008,0.13450748,12.98998,13.0199795,1392000
hardzero_plus_depr__c0p54__z1p05__lam0p030__nu0p50__psi1p00,hardzero_plus_depr,0.02,33,435,0.0,1,0.505172,0.505172,1.0355613,0.092137985,0.092137985,1.0,4.08285e-09,4.4312344e-08,-27.587019,2.2782805,0.75942683,0.14400001,0.0,0.16233094,13.0199795,13.049979,1395200
hardzero_plus_depr__c0p54__z1p05__lam0p030__nu0p50__psi1p00,hardzero_plus_depr,0.02,33,436,0.0,1,0.505172,0.505172,1.0808641,0.0,0.08301106,0.0,0.0,4.3002732e-08,-27.378912,2.3779485,0.7926495,0.128,0.0,0.14173654,13.049979,13.079979,1398400
hardzero_plus_depr__c0p54__z1p05__lam0p030__nu0p50__psi1p00,hardzero_plus_depr,0.02,33,437,0.0,1,0.505172,0.505172,1.023624,0.09470568,0.09470568,1.0,3.95224e-09,4.1731816e-08,-27.28147,2.2520177,0.7506726,0.18400002,0.0,0.13965824,13.079979,13.109979,1401600
hardzero_plus_depr__c0p54__z1p05__lam0p030__nu0p50__psi1p00,hardzero_plus_depr,0.02,33,438,0.0,1,0.505172,0.505172,1.0107895,0.09754623,0.09754623,1.0,3.950473e-09,4.049847e-08,-27.007414,2.2237813,0.74126047,0.120000005,0.0,0.15126677,13.109979,13.139978,1404800
hardzero_plus_depr__c0p54__z1p05__lam0p030__nu0p50__psi1p00,hardzero_plus_depr,0.02,33,439,0.0,1,0.505172,0.505172,0.9891729,0.10252438,0.10252438,1.0,4.0293684e-09,3.9301565e-08,-27.641373,2.1762238,0.72540796,0.15200001,0.0,0.12909366,13.139978,13.169978,1408000
hardzero_plus_depr__c0p54__z1p05__lam0p030__nu0p50__psi1p00,hardzero_plus_depr,0.02,33,440,0.0,1,0.505172,0.505172,1.0225149,0.094947845,0.094947845,1.0,3.6213146e-09,3.814004e-08,-27.55722,2.2495778,0.7498593,0.120000005,0.0,0.14720352,13.169978,13.199978,1411200
hardzero_plus_depr__c0p54__z1p05__lam0p030__nu0p50__psi1p00,hardzero_plus_depr,0.02,33,441,0.0,1,0.505172,0.505172,1.0126415,0.097131126,0.097131126,1.0,3.595099e-09,3.7012843e-08,-26.687637,2.227856,0.7426187,0.2,0.0,0.13030139,13.199978,13.229978,1414400
hardzero_plus_depr__c0p54__z1p05__lam0p030__nu0p50__psi1p00,hardzero_plus_depr,0.02,33,442,0.0,1,0.505172,0.505172,1.0142473,0.096772656,0.096772656,1.0,3.475973e-09,3.591896e-08,-27.118961,2.2313886,0.7437962,0.17,0.0,0.15044214,13.229978,13.259977,1417600
hardzero_plus_depr__c0p54__z1p05__lam0p030__nu0p50__psi1p00,hardzero_plus_depr,0.02,33,443,0.0,1,0.505172,0.505172,1.0005047,0.09988383,0.09988383,1.0,3.4816907e-09,3.48574e-08,-26.530756,2.2011545,0.73371816,0.23200001,0.0,0.1268718,13.259977,13.289977,1420800
hardzero_plus_depr__c0p54__z1p05__lam0p030__nu0p50__psi1p00,hardzero_plus_depr,0.02,33,444,0.0,1,0.505172,0.505172,1.0443238,0.09029759,0.09029759,1.0,3.054516e-09,3.3827217e-08,-27.052563,2.2975583,0.7658528,0.14400001,0.0,0.16957134,13.289977,13.319977,1424000
hardzero_plus_depr__c0p54__z1p05__lam0p030__nu0p50__psi1p00,hardzero_plus_depr,0.02,33,445,0.0,1,0.505172,0.505172,1.0628175,0.0,0.08653315,0.0,0.0,3.282748e-08,-28.137257,2.3382452,0.7794151,0.120000005,0.0,0.15858875,13.319977,13.349977,1427200
hardzero_plus_depr__c0p54__z1p05__lam0p030__nu0p50__psi1p00,hardzero_plus_depr,0.02,33,446,0.0,1,0.505172,0.505172,1.0114383,0.09740061,0.09740061,1.0,3.10292e-09,3.1857294e-08,-26.55876,2.2252085,0.7417362,0.2,0.0,0.14637144,13.349977,13.379976,1430400
hardzero_plus_depr__c0p54__z1p05__lam0p030__nu0p50__psi1p00,hardzero_plus_depr,0.02,33,447,0.0,1,0.505172,0.505172,0.99058557,0.10219141,0.10219141,1.0,3.1593266e-09,3.0915775e-08,-26.201551,2.1793318,0.72644395,0.2,0.0,0.13671196,13.379976,13.409976,1433600
hardzero_plus_depr__c0p54__z1p05__lam0p030__nu0p50__psi1p00,hardzero_plus_depr,0.02,33,448,0.0,1,0.505172,0.505172,1.0297542,0.093378276,0.093378276,1.0,2.801543e-09,3.0002084e-08,-27.725073,2.2655044,0.75516814,0.18400002,0.0,0.17874742,13.409976,13.439976,1436800
hardzero_plus_depr__c0p54__z1p05__lam0p030__nu0p50__psi1p00,hardzero_plus_depr,0.02,33,449,0.0,1,0.505172,0.505172,1.1308544,0.0,0.07398532,0.0,0.0,2.9115396e-08,-29.874836,2.4879293,0.8293098,0.15200001,0.0,0.20931417,13.439976,13.469975,1440000
hardzero_plus_depr__c0p54__z1p05__lam0p030__nu0p50__psi1p00,hardzero_plus_depr,0.02,33,450,0.0,1,0.505172,0.505172,1.0061436,0.09859535,0.09859535,1.0,2.785803e-09,2.8254911e-08,-26.37299,2.21356,0.7378534,0.128,0.0,0.13590398,13.469975,13.499975,1443200
hardzero_plus_depr__c0p54__z1p05__lam0p030__nu0p50__psi1p00,hardzero_plus_depr,0.02,33,451,0.0,1,0.505172,0.505172,1.052521,0.0,0.08860924,0.0,0.0,2.7419862e-08,-27.71683,2.3155923,0.7718641,0.128,0.0,0.15431221,13.499975,13.529975,1446400
hardzero_plus_depr__c0p54__z1p05__lam0p030__nu0p50__psi1p00,hardzero_plus_depr,0.02,33,452,0.0,1,0.505172,0.505172,1.0209517,0.09529019,0.09529019,1.0,2.5356233e-09,2.6609488e-08,-27.133007,2.2461388,0.74871296,0.224,0.0,0.16374359,13.529975,13.559975,1449600
hardzero_plus_depr__c0p54__z1p05__lam0p030__nu0p50__psi1p00,hardzero_plus_depr,0.02,33,453,0.0,1,0.505172,0.505172,1.0981368,0.0,0.079774335,0.0,0.0,2.5823066e-08,-28.000443,2.415949,0.8053164,0.16000001,0.0,0.1759079,13.559975,13.589974,1452800
hardzero_plus_depr__c0p54__z1p05__lam0p030__nu0p50__psi1p00,hardzero_plus_depr,0.02,33,454,0.0,1,0.505172,0.505172,1.0008699,0.0997999,0.0997999,1.0,2.500974e-09,2.5059885e-08,-26.714315,2.2019577,0.7339859,0.15200001,0.0,0.12671122,13.589974,13.619974,1456000
hardzero_plus_depr__c0p54__z1p05__lam0p030__nu0p50__psi1p00,hardzero_plus_depr,0.02,33,455,0.0,1,0.505172,0.505172,1.0408745,0.091017626,0.091017626,1.0,2.2134816e-09,2.4319263e-08,-27.724234,2.2899697,0.76332325,0.22999999,0.0,0.17879082,13.619974,13.649974,1459200
hardzero_plus_depr__c0p54__z1p05__lam0p030__nu0p50__psi1p00,hardzero_plus_depr,0.02,33,456,0.0,1,0.505172,0.505172,1.0290247,0.093535244,0.093535244,1.0,2.2074809e-09,2.3600526e-08,-26.389294,2.2638996,0.7546332,0.16000001,0.0,0.12689781,13.649974,13.679974,1462400
hardzero_plus_depr__c0p54__z1p05__lam0p030__nu0p50__psi1p00,hardzero_plus_depr,0.02,33,457,0.0,1,0.505172,0.505172,1.0083386,0.09809827,0.09809827,1.0,2.2467475e-09,2.2903029e-08,-26.718195,2.218389,0.73946303,0.15200001,0.0,0.13932765,13.679974,13.709973,1465600
hardzero_plus_depr__c0p54__z1p05__lam0p030__nu0p50__psi1p00,hardzero_plus_depr,0.02,33,458,0.0,1,0.505172,0.505172,1.0866731,0.0,0.08190809,0.0,0.0,2.222615e-08,-28.440027,2.3907287,0.7969096,0.16800001,0.0,0.15072553,13.709973,13.739973,1468800
hardzero_plus_depr__c0p54__z1p05__lam0p030__nu0p50__psi1p00,hardzero_plus_depr,0.02,33,459,0.0,1,0.505172,0.505172,1.065146,0.0,0.08607044,0.0,0.0,2.156927e-08,-27.686543,2.343368,0.7811227,0.192,0.0,0.17044786,13.739973,13.769973,1472000
hardzero_plus_depr__c0p54__z1p05__lam0p030__nu0p50__psi1p00,hardzero_plus_depr,0.02,33,460,0.0,1,0.505172,0.505172,0.9863287,0.103198,0.103198,1.0,2.1601207e-09,2.093181e-08,-26.574228,2.1699665,0.72332215,0.18400002,0.0,0.13702637,13.769973,13.799973,1475200
hardzero_plus_depr__c0p54__z1p05__lam0p030__nu0p50__psi1p00,hardzero_plus_depr,0.02,33,461,0.0,1,0.505172,0.505172,1.0426776,0.0906405,0.0906405,1.0,1.8411973e-09,2.0313186e-08,-27.418812,2.2939367,0.7646456,0.104,0.0,0.16743138,13.799973,13.829972,1478400
hardzero_plus_depr__c0p54__z1p05__lam0p030__nu0p50__psi1p00,hardzero_plus_depr,0.02,33,462,0.0,1,0.505172,0.505172,0.9737696,0.106225885,0.106225885,1.0,2.0940143e-09,1.9712845e-08,-26.31575,2.142336,0.714112,0.2,0.0,0.166674,13.829972,13.859972,1481600
hardzero_plus_depr__c0p54__z1p05__lam0p030__nu0p50__psi1p00,hardzero_plus_depr,0.02,33,463,0.0,1,0.505172,0.505172,1.0677038,0.0,0.085565,0.0,0.0,1.913025e-08,-27.739548,2.3489954,0.7829985,0.15200001,0.0,0.17015691,13.859972,13.889972,1484800
hardzero_plus_depr__c0p54__z1p05__lam0p030__nu0p50__psi1p00,hardzero_plus_depr,0.02,33,464,0.0,1,0.505172,0.505172,1.0280108,0.093753844,0.093753844,1.0,1.7405279e-09,1.856487e-08,-27.117306,2.261669,0.7538897,0.2,0.008,0.14510491,13.889972,13.919971,1488000
hardzero_plus_depr__c0p54__z1p05__lam0p030__nu0p50__psi1p00,hardzero_plus_depr,0.02,33,465,0.0,1,0.505172,0.505172,1.0186727,0.09579157,0.09579157,1.0,1.7258001e-09,1.80162e-08,-26.51559,2.2411246,0.7470416,0.17600001,0.0,0.12624235,13.919971,13.949971,1491200
hardzero_plus_depr__c0p54__z1p05__lam0p030__nu0p50__psi1p00,hardzero_plus_depr,0.02,33,466,0.0,1,0.505172,0.505172,1.0334868,0.09257914,0.09257914,1.0,1.61863e-09,1.7483744e-08,-27.311005,2.2737164,0.7579055,0.24000001,0.0,0.13914537,13.949971,13.979971,1494400
hardzero_plus_depr__c0p54__z1p05__lam0p030__nu0p50__psi1p00,hardzero_plus_depr,0.02,33,467,0.0,1,0.505172,0.505172,1.0128274,0.09708957,0.09708957,1.0,1.6473213e-09,1.6967027e-08,-27.9739,2.2282648,0.74275494,0.15200001,0.0,0.17058285,13.979971,14.009971,1497600
hardzero_plus_depr__c0p54__z1p05__lam0p030__nu0p50__psi1p00,hardzero_plus_depr,0.02,33,468,0.0,1,0.505172,0.505172,1.0835907,0.0,0.0824915,0.0,0.0,1.646558e-08,-28.261137,2.3839471,0.79464906,0.11,0.0,0.15008748,14.009971,14.03997,1500800
hardzero_plus_depr__c0p54__z1p05__lam0p030__nu0p50__psi1p00,hardzero_plus_depr,0.02,33,469,0.0,1,0.505172,0.505172,1.0272499,0.09391826,0.09391826,1.0,1.5007152e-09,1.5978951e-08,-26.543867,2.259995,0.75333166,0.14400001,0.0,0.15296398,14.03997,14.06997,1504000
hardzero_plus_depr__c0p54__z1p05__lam0p030__nu0p50__psi1p00,hardzero_plus_depr,0.02,33,470,0.0,1,0.505172,0.505172,1.0221496,0.09502774,0.09502774,1.0,1.4735675e-09,1.5506709e-08,-27.214018,2.2487738,0.7495913,0.216,0.0,0.14755116,14.06997,14.09997,1507200
hardzero_plus_depr__c0p54__z1p05__lam0p030__nu0p50__psi1p00,hardzero_plus_depr,0.02,33,471,0.0,1,0.505172,0.505172,0.9941087,0.101365775,0.101365775,1.0,1.5253947e-09,1.504842e-08,-26.516312,2.1870828,0.7290276,0.16800001,0.0,0.12949017,14.09997,14.12997,1510400
hardzero_plus_depr__c0p54__z1p05__lam0p030__nu0p50__psi1p00,hardzero_plus_depr,0.02,33,472,0.0,1,0.505172,0.505172,1.0601544,0.0,0.08706539,0.0,0.0,1.4603676e-08,-27.11003,2.3323863,0.7774621,0.104,0.0,0.15229976,14.12997,14.159969,1513600
hardzero_plus_depr__c0p54__z1p05__lam0p030__nu0p50__psi1p00,hardzero_plus_depr,0.02,33,473,0.0,1,0.505172,0.505172,1.0388211,0.09144899,0.09144899,1.0,1.296022e-09,1.4172075e-08,-27.076689,2.2854521,0.7618174,0.136,0.0,0.15748881,14.159969,14.189969,1516800
hardzero_plus_depr__c0p54__z1p05__lam0p030__nu0p50__psi1p00,hardzero_plus_depr,0.02,33,474,0.0,1,0.505172,0.505172,1.025548,0.09428704,0.09428704,1.0,1.2967514e-09,1.37532306e-08,-27.0179,2.2562506,0.75208354,0.112,0.0,0.14054632,14.189969,14.219969,1520000
hardzero_plus_depr__c0p54__z1p05__lam0p030__nu0p50__psi1p00,hardzero_plus_depr,0.02,33,475,0.0,1,0.505172,0.505172,1.0420005,0.09078195,0.09078195,1.0,1.2116452e-09,1.3346764e-08,-27.299112,2.2924469,0.76414895,0.18400002,0.0,0.15528758,14.219969,14.249969,1523200
hardzero_plus_depr__c0p54__z1p05__lam0p030__nu0p50__psi1p00,hardzero_plus_depr,0.02,33,476,0.0,1,0.505172,0.505172,0.99005216,0.10231702,0.10231702,1.0,1.3252418e-09,1.295231e-08,-26.459362,2.1781583,0.72605276,0.16800001,0.0,0.13012236,14.249969,14.279968,1526400
hardzero_plus_depr__c0p54__z1p05__lam0p030__nu0p50__psi1p00,hardzero_plus_depr,0.02,33,477,0.0,1,0.505172,0.505172,1.0304071,0.09323798,0.09323798,1.0,1.1719564e-09,1.2569517e-08,-27.820332,2.2669408,0.75564694,0.16800001,0.0,0.16396382,14.279968,14.309968,1529600
hardzero_plus_depr__c0p54__z1p05__lam0p030__nu0p50__psi1p00,hardzero_plus_depr,0.02,33,478,0.0,1,0.505172,0.505172,1.0056051,0.09871766,0.09871766,1.0,1.2041614e-09,1.2198035e-08,-26.117186,2.2123754,0.73745847,0.17600001,0.0,0.15553084,14.309968,14.339968,1532800
hardzero_plus_depr__c0p54__z1p05__lam0p030__nu0p50__psi1p00,hardzero_plus_depr,0.02,33,479,0.0,1,0.505172,0.505172,1.0034188,0.09921588,0.09921588,1.0,1.1744712e-09,1.1837532e-08,-27.059908,2.2075655,0.7358552,0.17600001,0.0,0.14595011,14.339968,14.369967,1536000
hardzero_plus_depr__c0p54__z1p05__lam0p030__nu0p50__psi1p00,hardzero_plus_depr,0.02,33,480,0.0,1,0.505172,0.505172,1.0397749,0.091248356,0.091248356,1.0,1.0482321e-09,1.1487682e-08,-27.65822,2.2875504,0.76251686,0.15200001,0.0,0.15378264,14.369967,14.399967,1539200
hardzero_plus_depr__c0p54__z1p05__lam0p030__nu0p50__psi1p00,hardzero_plus_depr,0.02,33,481,0.0,1,0.505172,0.505172,1.0011935,0.09972555,0.09972555,1.0,1.1117576e-09,1.1148172e-08,-27.389824,2.2026696,0.73422325,0.12,0.0,0.16082792,14.399967,14.429967,1542400
hardzero_plus_depr__c0p54__z1p05__lam0p030__nu0p50__psi1p00,hardzero_plus_depr,0.02,33,482,0.0,1,0.505172,0.505172,1.0843055,0.0,0.08235585,0.0,0.0,1.0818697e-08,-28.540926,2.3855197,0.7951733,0.17600001,0.0,0.17647599,14.429967,14.459967,1545600
hardzero_plus_depr__c0p54__z1p05__lam0p030__nu0p50__psi1p00,hardzero_plus_depr,0.02,33,483,0.0,1,0.505172,0.505172,1.0315876,0.092984885,0.092984885,1.0,9.762445e-10,1.0498959e-08,-27.407028,2.2695382,0.75651276,0.14400001,0.0,0.1361858,14.459967,14.489966,1548800
hardzero_plus_depr__c0p54__z1p05__lam0p030__nu0p50__psi1p00,hardzero_plus_depr,0.02,33,484,0.0,1,0.505172,0.505172,1.0316893,0.09296312,0.09296312,1.0,9.471706e-10,1.01886695e-08,-27.999857,2.2697618,0.75658727,0.192,0.0,0.1629554,14.489966,14.519966,1552000
hardzero_plus_depr__c0p54__z1p05__lam0p030__nu0p50__psi1p00,hardzero_plus_depr,0.02,33,485,0.0,1,0.505172,0.505172,0.9930045,0.10162382,0.10162382,1.0,1.0048109e-09,9.887553e-09,-26.714546,2.1846535,0.72821784,0.23200001,0.0,0.16042018,14.519966,14.549966,1555200
hardzero_plus_depr__c0p54__z1p05__lam0p030__nu0p50__psi1p00,hardzero_plus_depr,0.02,33,486,0.0,1,0.505172,0.505172,1.0289443,0.093552575,0.093552575,1.0,8.9766833e-10,9.595335e-09,-27.811005,2.2637227,0.75457424,0.120000005,0.0,0.13643849,14.549966,14.579966,1558400
hardzero_plus_depr__c0p54__z1p05__lam0p030__nu0p50__psi1p00,hardzero_plus_depr,0.02,33,487,0.0,1,0.505172,0.505172,1.0696077,0.0,0.085190706,0.0,0.0,9.311751e-09,-27.72356,2.353184,0.7843947,0.08800001,0.0,0.15869406,14.579966,14.609965,1561600
hardzero_plus_depr__c0p54__z1p05__lam0p030__nu0p50__psi1p00,hardzero_plus_depr,0.02,33,488,0.0,1,0.505172,0.505172,1.0140579,0.096814886,0.096814886,1.0,8.7487256e-10,9.03655e-09,-27.564606,2.2309718,0.7436573,0.18400002,0.008,0.15126382,14.609965,14.639965,1564800
hardzero_plus_depr__c0p54__z1p05__lam0p030__nu0p50__psi1p00,hardzero_plus_depr,0.02,33,489,0.0,1,0.505172,0.505172,0.9825972,0.104088515,0.104088515,1.0,9.128024e-10,8.769482e-09,-26.344557,2.161757,0.7205857,0.208,0.0,0.13209254,14.639965,14.669965,1568000
hardzero_plus_depr__c0p54__z1p05__lam0p030__nu0p50__psi1p00,hardzero_plus_depr,0.02,33,490,0.0,1,0.505172,0.505172,1.0201697,0.09546194,0.09546194,1.0,8.1241047e-10,8.510307e-09,-27.203875,2.2444181,0.7481394,0.14400001,0.0,0.16297826,14.669965,14.699965,1571200
hardzero_plus_depr__c0p54__z1p05__lam0p030__nu0p50__psi1p00,hardzero_plus_depr,0.02,33,491,0.0,1,0.505172,0.505172,1.0134196,0.09695727,0.09695727,1.0,8.007499e-10,8.258792e-09,-26.645594,2.2295678,0.7431893,0.16800001,0.0,0.14618596,14.699965,14.729964,1574400
hardzero_plus_depr__c0p54__z1p05__lam0p030__nu0p50__psi1p00,hardzero_plus_depr,0.02,33,492,0.0,1,0.505172,0.505172,1.0751573,0.0,0.08410904,0.0,0.0,8.01471e-09,-27.894781,2.3653932,0.7884644,0.128,0.0,0.13937896,14.729964,14.759964,1577600
hardzero_plus_depr__c0p54__z1p05__lam0p030__nu0p50__psi1p00,hardzero_plus_depr,0.02,33,493,0.0,1,0.505172,0.505172,1.0341247,0.09244325,0.09244325,1.0,7.1900896e-10,7.7778415e-09,-27.628235,2.2751198,0.75837326,0.2,0.0,0.15195021,14.759964,14.789964,1580800
hardzero_plus_depr__c0p54__z1p05__lam0p030__nu0p50__psi1p00,hardzero_plus_depr,0.02,33,494,0.0,1,0.505172,0.505172,0.987182,0.10299544,0.10299544,1.0,7.774068e-10,7.547973e-09,-25.923517,2.1718438,0.72394794,0.19,0.0,0.12872541,14.789964,14.819963,1584000
hardzero_plus_depr__c0p54__z1p05__lam0p030__nu0p50__psi1p00,hardzero_plus_depr,0.02,33,495,0.0,1,0.505172,0.505172,1.0369943,0.091834456,0.091834456,1.0,6.726781e-10,7.324899e-09,-26.716602,2.281433,0.7604777,0.15200001,0.0,0.12310353,14.819963,14.849963,1587200
hardzero_plus_depr__c0p54__z1p05__lam0p030__nu0p50__psi1p00,hardzero_plus_depr,0.02,33,496,0.0,1,0.505172,0.505172,1.0297033,0.09338922,0.09338922,1.0,6.6384953e-10,7.108417e-09,-26.98058,2.2653923,0.75513077,0.136,0.0,0.16610649,14.849963,14.879963,1590400
hardzero_plus_depr__c0p54__z1p05__lam0p030__nu0p50__psi1p00,hardzero_plus_depr,0.02,33,497,0.0,1,0.505172,0.505172,0.98424876,0.10369342,0.10369342,1.0,7.1531175e-10,6.8983335e-09,-26.732672,2.1653905,0.7217969,0.192,0.0,0.15005364,14.879963,14.909963,1593600
hardzero_plus_depr__c0p54__z1p05__lam0p030__nu0p50__psi1p00,hardzero_plus_depr,0.02,33,498,0.0,1,0.505172,0.505172,1.0200977,0.09547776,0.09547776,1.0,6.391719e-10,6.6944583e-09,-26.999008,2.2442598,0.74808663,0.23200001,0.008,0.13313675,14.909963,14.939962,1596800
hardzero_plus_depr__c0p54__z1p05__lam0p030__nu0p50__psi1p00,hardzero_plus_depr,0.02,33,499,0.0,1,0.505172,0.505172,1.0657836,0.0,0.08594417,0.0,0.0,6.49661e-09,-27.392149,2.3447707,0.7815902,0.18400002,0.0,0.16810952,14.939962,14.969962,1600000
hardzero_plus_depr__c0p54__z1p05__lam0p030__nu0p50__psi1p00,hardzero_plus_depr,0.02,33,500,0.0,1,0.505172,0.505172,1.0004555,0.09989517,0.09989517,1.0,6.297998e-10,6.3046075e-09,-26.669897,2.201046,0.73368204,0.064,0.0,0.15106459,14.969962,14.999962,1603200
hardzero_plus_depr__c0p54__z1p05__lam0p030__nu0p50__psi1p00,hardzero_plus_depr,0.02,33,501,0.0,1,0.505172,0.505172,1.0353752,0.092177466,0.092177466,1.0,5.6396754e-10,6.1182797e-09,-27.976143,2.2778711,0.7592904,0.16000001,0.0,0.17057936,14.999962,15.029962,1606400
hardzero_plus_depr__c0p54__z1p05__lam0p030__nu0p50__psi1p00,hardzero_plus_depr,0.02,33,502,0.0,1,0.505172,0.505172,0.9995716,0.100098684,0.100098684,1.0,5.943318e-10,5.9374585e-09,-27.546507,2.1991014,0.73303384,0.24000001,0.0,0.16691956,15.029962,15.059961,1609600
hardzero_plus_depr__c0p54__z1p05__lam0p030__nu0p50__psi1p00,hardzero_plus_depr,0.02,33,503,0.0,1,0.505172,0.505172,1.0103468,0.09764573,0.09764573,1.0,5.6263294e-10,5.761982e-09,-27.081089,2.2228072,0.74093574,0.128,0.0,0.15596148,15.059961,15.089961,1612800
hardzero_plus_depr__c0p54__z1p05__lam0p030__nu0p50__psi1p00,hardzero_plus_depr,0.02,33,504,0.0,1,0.505172,0.505172,1.0463573,0.08987578,0.08987578,1.0,5.025576e-10,5.591691e-09,-28.230555,2.302032,0.767344,0.112,0.0,0.15009664,15.089961,15.119961,1616000
hardzero_plus_depr__c0p54__z1p05__lam0p030__nu0p50__psi1p00,hardzero_plus_depr,0.02,33,505,0.0,1,0.505172,0.505172,1.0370511,0.09182246,0.09182246,1.0,4.982684e-10,5.426433e-09,-28.673506,2.281558,0.7605194,0.104,0.0,0.14048065,15.119961,15.1499605,1619200
hardzero_plus_depr__c0p54__z1p05__lam0p030__nu0p50__psi1p00,hardzero_plus_depr,0.02,33,506,0.0,1,0.505172,0.505172,1.0190632,0.095705464,0.095705464,1.0,5.0399057e-10,5.2660587e-09,-27.108124,2.241984,0.747328,0.2,0.0,0.1589566,15.1499605,15.17996,1622400
hardzero_plus_depr__c0p54__z1p05__lam0p030__nu0p50__psi1p00,hardzero_plus_depr,0.02,33,507,0.0,1,0.505172,0.505172,1.0103648,0.09764168,0.09764168,1.0,4.9899046e-10,5.110425e-09,-26.721771,2.222847,0.74094903,0.17999999,0.0,0.14660367,15.17996,15.20996,1625600
hardzero_plus_depr__c0p54__z1p05__lam0p030__nu0p50__psi1p00,hardzero_plus_depr,0.02,33,508,0.0,1,0.505172,0.505172,0.9830945,0.10396938,0.10396938,1.0,5.156247e-10,4.9593902e-09,-26.915798,2.162851,0.72095037,0.16800001,0.0,0.15857825,15.20996,15.23996,1628800
hardzero_plus_depr__c0p54__z1p05__lam0p030__nu0p50__psi1p00,hardzero_plus_depr,0.02,33,509,0.0,1,0.505172,0.505172,0.95387095,0.1112062,0.1112062,1.0,5.3521537e-10,4.8128195e-09,-25.75926,2.098558,0.69951934,0.216,0.0,0.13449158,15.23996,15.269959,1632000
hardzero_plus_depr__c0p54__z1p05__lam0p030__nu0p50__psi1p00,hardzero_plus_depr,0.02,33,510,0.0,1,0.505172,0.505172,0.99707454,0.10067588,0.10067588,1.0,4.702148e-10,4.6705804e-09,-26.45778,2.1936078,0.7312026,0.120000005,0.0,0.13378452,15.269959,15.299959,1635200
hardzero_plus_depr__c0p54__z1p05__lam0p030__nu0p50__psi1p00,hardzero_plus_depr,0.02,33,511,0.0,1,0.505172,0.505172,1.0179929,0.09594165,0.09594165,1.0,4.3485984e-10,4.532545e-09,-26.591455,2.239629,0.74654305,0.16000001,0.0,0.12918602,15.299959,15.329959,1638400
hardzero_plus_depr__c0p54__z1p05__lam0p030__nu0p50__psi1p00,hardzero_plus_depr,0.02,33,512,0.0,1,0.505172,0.505172,1.0296016,0.093411095,0.093411095,1.0,4.1087703e-10,4.398589e-09,-26.542719,2.2651687,0.75505626,0.15200001,0.0,0.168629,15.329959,15.359959,1641600
hardzero_plus_depr__c0p54__z1p05__lam0p030__nu0p50__psi1p00,hardzero_plus_depr,0.02,33,513,0.0,1,0.505172,0.505172,1.041314,0.09092556,0.09092556,1.0,3.8812417e-10,4.2685926e-09,-27.931587,2.2909365,0.7636455,0.112,0.0,0.17190966,15.359959,15.389958,1644800
hardzero_plus_depr__c0p54__z1p05__lam0p030__nu0p50__psi1p00,hardzero_plus_depr,0.02,33,514,0.0,1,0.505172,0.505172,1.018432,0.09584466,0.09584466,1.0,3.9703058e-10,4.142438e-09,-28.182337,2.240595,0.74686503,0.16000001,0.008,0.14180994,15.389958,15.419958,1648000
hardzero_plus_depr__c0p54__z1p05__lam0p030__nu0p50__psi1p00,hardzero_plus_depr,0.02,33,515,0.0,1,0.505172,0.505172,1.045755,0.09000052,0.09000052,1.0,3.6180306e-10,4.020011e-09,-28.054943,2.300707,0.7669024,0.120000005,0.0,0.1671275,15.419958,15.449958,1651200
hardzero_plus_depr__c0p54__z1p05__lam0p030__nu0p50__psi1p00,hardzero_plus_depr,0.02,33,516,0.0,1,0.505172,0.505172,1.0402265,0.09115353,0.09115353,1.0,3.5560843e-10,3.901203e-09,-27.679523,2.288544,0.762848,0.112,0.0,0.1334805,15.449958,15.479958,1654400
hardzero_plus_depr__c0p54__z1p05__lam0p030__nu0p50__psi1p00,hardzero_plus_depr,0.02,33,517,0.0,1,0.505172,0.505172,1.0520322,0.0,0.08870901,0.0,0.0,3.7859063e-09,-27.696785,2.314517,0.7715057,0.14400001,0.0,0.1349195,15.479958,15.509957,1657600
hardzero_plus_depr__c0p54__z1p05__lam0p030__nu0p50__psi1p00,hardzero_plus_depr,0.02,33,518,0.0,1,0.505172,0.505172,1.0368664,0.091861516,0.091861516,1.0,3.3750075e-10,3.6740166e-09,-26.580376,2.2811518,0.76038396,0.104,0.0,0.13594446,15.509957,15.539957,1660800
hardzero_plus_depr__c0p54__z1p05__lam0p030__nu0p50__psi1p00,hardzero_plus_depr,0.02,33,519,0.0,1,0.505172,0.505172,1.0457826,0.08999481,0.08999481,1.0,3.2087052e-10,3.5654337e-09,-28.58193,2.3007677,0.7669226,0.104,0.0,0.15346654,15.539957,15.569957,1664000
hardzero_plus_depr__c0p54__z1p05__lam0p030__nu0p50__psi1p00,hardzero_plus_depr,0.02,33,520,0.0,1,0.505172,0.505172,1.02579,0.09423452,0.09423452,1.0,3.2605713e-10,3.4600605e-09,-27.302526,2.256783,0.75226104,0.19,0.0,0.1643994,15.569957,15.5999565,1667200
hardzero_plus_depr__c0p54__z1p05__lam0p030__nu0p50__psi1p00,hardzero_plus_depr,0.02,33,521,0.0,1,0.505172,0.505172,0.9831516,0.10395571,0.10395571,1.0,3.4906258e-10,3.3578011e-09,-26.466946,2.1629767,0.72099227,0.208,0.0,0.14654328,15.5999565,15.629956,1670400
hardzero_plus_depr__c0p54__z1p05__lam0p030__nu0p50__psi1p00,hardzero_plus_depr,0.02,33,522,0.0,1,0.505172,0.505172,1.0253572,0.094328456,0.094328456,1.0,3.0737532e-10,3.258564e-09,-26.991903,2.255831,0.7519437,0.16800001,0.0,0.16756184,15.629956,15.659956,1673600
hardzero_plus_depr__c0p54__z1p05__lam0p030__nu0p50__psi1p00,hardzero_plus_depr,0.02,33,523,0.0,1,0.505172,0.505172,1.035054,0.09224568,0.09224568,1.0,2.917048e-10,3.1622596e-09,-27.910843,2.2771642,0.7590548,0.2,0.0,0.16559851,15.659956,15.689956,1676800
hardzero_plus_depr__c0p54__z1p05__lam0p030__nu0p50__psi1p00,hardzero_plus_depr,0.02,33,524,0.0,1,0.505172,0.505172,1.0085162,0.09805817,0.09805817,1.0,3.0092107e-10,3.0688017e-09,-27.150162,2.2187798,0.73959327,0.16800001,0.0,0.15365092,15.689956,15.719955,1680000
hardzero_plus_depr__c0p54__z1p05__lam0p030__nu0p50__psi1p00,hardzero_plus_depr,0.02,33,525,0.0,1,0.505172,0.505172,1.0092396,0.09789499,0.09789499,1.0,2.915416e-10,2.9781053e-09,-26.909088,2.2203712,0.74012375,0.14400001,0.0,0.13329053,15.719955,15.749955,1683200
hardzero_plus_depr__c0p54__z1p05__lam0p030__nu0p50__psi1p00,hardzero_plus_depr,0.02,33,526,0.0,1,0.505172,0.505172,1.0571717,0.0,0.0876654,0.0,0.0,2.89009e-09,-27.821234,2.3258243,0.77527475,0.17600001,0.0,0.17855896,15.749955,15.779955,1686400
hardzero_plus_depr__c0p54__z1p05__lam0p030__nu0p50__psi1p00,hardzero_plus_depr,0.02,33,527,0.0,1,0.505172,0.505172,1.0401474,0.09117014,0.09117014,1.0,2.5570265e-10,2.8046756e-09,-27.649275,2.2883701,0.7627901,0.112,0.0,0.14109024,15.779955,15.809955,1689600
hardzero_plus_depr__c0p54__z1p05__lam0p030__nu0p50__psi1p00,hardzero_plus_depr,0.02,33,528,0.0,1,0.505172,0.505172,0.9948609,0.10119034,0.10119034,1.0,2.7541844e-10,2.721786e-09,-26.342497,2.1887376,0.7295792,0.096,0.0,0.12842695,15.809955,15.839954,1692800
hardzero_plus_depr__c0p54__z1p05__lam0p030__nu0p50__psi1p00,hardzero_plus_depr,0.02,33,529,0.0,1,0.505172,0.505172,1.0042696,0.099021696,0.099021696,1.0,2.6155053e-10,2.6413456e-09,-26.922924,2.2094371,0.73647904,0.128,0.0,0.1426909,15.839954,15.869954,1696000
hardzero_plus_depr__c0p54__z1p05__lam0p030__nu0p50__psi1p00,hardzero_plus_depr,0.02,33,530,0.0,1,0.505172,0.505172,0.98315495,0.10395491,0.10395491,1.0,2.664658e-10,2.5632825e-09,-26.612017,2.1629841,0.7209947,0.192,0.0,0.15998563,15.869954,15.899954,1699200
hardzero_plus_depr__c0p54__z1p05__lam0p030__nu0p50__psi1p00,hardzero_plus_depr,0.02,33,531,0.0,1,0.505172,0.505172,0.9990667,0.10021512,0.10021512,1.0,2.492878e-10,2.4875269e-09,-27.192402,2.1979907,0.7326636,0.136,0.0,0.14755148,15.899954,15.929954,1702400
hardzero_plus_depr__c0p54__z1p05__lam0p030__nu0p50__psi1p00,hardzero_plus_depr,0.02,33,532,0.0,1,0.505172,0.505172,1.0103396,0.09764733,0.09764733,1.0,2.3572164e-10,2.4140099e-09,-26.539017,2.2227914,0.7409305,0.208,0.0,0.15820175,15.929954,15.959953,1705600
hardzero_plus_depr__c0p54__z1p05__lam0p030__nu0p50__psi1p00,hardzero_plus_depr,0.02,33,533,0.0,1,0.505172,0.505172,0.9483745,0.11262259,0.11262259,1.0,2.638371e-10,2.3426658e-09,-25.610725,2.0864656,0.6954886,0.17999999,0.0,0.12124624,15.959953,15.989953,1708800
hardzero_plus_depr__c0p54__z1p05__lam0p030__nu0p50__psi1p00,hardzero_plus_depr,0.02,33,534,0.0,1,0.505172,0.505172,1.0967362,0.0,0.08003203,0.0,0.0,2.27343e-09,-28.83395,2.4128678,0.8042893,0.08800001,0.0,0.16922066,15.989953,16.019953,1712000
hardzero_plus_depr__c0p54__z1p05__lam0p030__nu0p50__psi1p00,hardzero_plus_depr,0.02,33,535,0.0,1,0.505172,0.505172,1.0840235,0.0,0.08240936,0.0,0.0,2.2062407e-09,-28.676338,2.3848994,0.79496646,0.136,0.0,0.14676756,16.019953,16.049953,1715200
hardzero_plus_depr__c0p54__z1p05__lam0p030__nu0p50__psi1p00,hardzero_plus_depr,0.02,33,536,0.0,1,0.505172,0.505172,1.0172096,0.09611483,0.09611483,1.0,2.0578521e-10,2.141035e-09,-26.484818,2.237906,0.7459687,0.120000005,0.0,0.18396716,16.049953,16.079954,1718400
hardzero_plus_depr__c0p54__z1p05__lam0p030__nu0p50__psi1p00,hardzero_plus_depr,0.02,33,537,0.0,1,0.505172,0.505172,1.1038897,0.0,0.07872456,0.0,0.0,2.0777564e-09,-29.217571,2.4286058,0.80953526,0.104,0.0,0.17283663,16.079954,16.109955,1721600
hardzero_plus_depr__c0p54__z1p05__lam0p030__nu0p50__psi1p00,hardzero_plus_depr,0.02,33,538,0.0,1,0.505172,0.505172,1.0831288,0.0,0.08257929,0.0,0.0,2.0163482e-09,-28.219212,2.382931,0.79431033,0.136,0.0,0.15104704,16.109955,16.139956,1724800
hardzero_plus_depr__c0p54__z1p05__lam0p030__nu0p50__psi1p00,hardzero_plus_depr,0.02,33,539,0.0,1,0.505172,0.505172,1.0403124,0.091135494,0.091135494,1.0,1.783298e-10,1.9567545e-09,-27.84346,2.288733,0.762911,0.2,0.0,0.15857898,16.139956,16.169956,1728000
hardzero_plus_depr__c0p54__z1p05__lam0p030__nu0p50__psi1p00,hardzero_plus_depr,0.02,33,540,0.0,1,0.505172,0.505172,0.9867448,0.10309917,0.10309917,1.0,1.9577734e-10,1.8989226e-09,-26.323679,2.170882,0.7236273,0.2,0.0,0.1534707,16.169956,16.199957,1731200
hardzero_plus_depr__c0p54__z1p05__lam0p030__nu0p50__psi1p00,hardzero_plus_depr,0.02,33,541,0.0,1,0.505172,0.505172,1.0244029,0.094535984,0.094535984,1.0,1.7421087e-10,1.8427995e-09,-27.937756,2.2537313,0.75124377,0.18400002,0.0,0.15528692,16.199957,16.229958,1734400
hardzero_plus_depr__c0p54__z1p05__lam0p030__nu0p50__psi1p00,hardzero_plus_depr,0.02,33,542,0.0,1,0.505172,0.505172,1.0931132,0.0,0.08070247,0.0,0.0,1.7883354e-09,-28.349434,2.404897,0.80163234,0.15200001,0.0,0.17092721,16.229958,16.259958,1737600
hardzero_plus_depr__c0p54__z1p05__lam0p030__nu0p50__psi1p00,hardzero_plus_depr,0.02,33,543,0.0,1,0.505172,0.505172,0.998295,0.10039335,0.10039335,1.0,1.7423074e-10,1.735481e-09,-26.61163,2.1962929,0.7320976,0.16800001,0.0,0.16107263,16.259958,16.289959,1740800
hardzero_plus_depr__c0p54__z1p05__lam0p030__nu0p50__psi1p00,hardzero_plus_depr,0.02,33,544,0.0,1,0.505172,0.505172,1.0940102,0.0,0.08053593,0.0,0.0,1.6841885e-09,-27.468168,2.4068706,0.8022902,0.15200001,0.0,0.1786758,16.289959,16.31996,1744000
hardzero_plus_depr__c0p54__z1p05__lam0p030__nu0p50__psi1p00,hardzero_plus_depr,0.02,33,545,0.0,1,0.505172,0.505172,1.0434,0.09048987,0.09048987,1.0,1.4789772e-10,1.6344119e-09,-27.521875,2.295526,0.76517534,0.16000001,0.0,0.16736645,16.31996,16.34996,1747200
hardzero_plus_depr__c0p54__z1p05__lam0p030__nu0p50__psi1p00,hardzero_plus_depr,0.02,33,546,0.0,1,0.505172,0.505172,1.0053828,0.098768234,0.098768234,1.0,1.5665697e-10,1.5861068e-09,-26.88537,2.2118862,0.7372954,0.13,0.0,0.13836478,16.34996,16.379961,1750400
hardzero_plus_depr__c0p54__z1p05__lam0p030__nu0p50__psi1p00,hardzero_plus_depr,0.02,33,547,0.0,1,0.505172,0.505172,1.0321448,0.092865676,0.092865676,1.0,1.4294158e-10,1.5392294e-09,-27.191204,2.2707639,0.7569213,0.120000005,0.0,0.14536227,16.379961,16.409962,1753600
hardzero_plus_depr__c0p54__z1p05__lam0p030__nu0p50__psi1p00,hardzero_plus_depr,0.02,33,548,0.0,1,0.505172,0.505172,1.0112382,0.09744549,0.09744549,1.0,1.4555794e-10,1.4937371e-09,-26.489748,2.2247684,0.7415895,0.18400002,0.0,0.13497654,16.409962,16.439962,1756800
hardzero_plus_depr__c0p54__z1p05__lam0p030__nu0p50__psi1p00,hardzero_plus_depr,0.02,33,549,0.0,1,0.505172,0.505172,1.0580802,0.0,0.08748221,0.0,0.0,1.4495896e-09,-27.536945,2.327823,0.775941,0.16000001,0.0,0.15575074,16.439962,16.469963,1760000
hardzero_plus_depr__c0p54__z1p05__lam0p030__nu0p50__psi1p00,hardzero_plus_depr,0.02,33,550,0.0,1,0.505172,0.505172,0.9806553,0.10455497,0.10455497,1.0,1.4708236e-10,1.4067467e-09,-26.68076,2.1574848,0.7191616,0.216,0.0,0.12723434,16.469963,16.499964,1763200
hardzero_plus_depr__c0p54__z1p05__lam0p030__nu0p50__psi1p00,hardzero_plus_depr,0.02,33,551,0.0,1,0.505172,0.505172,1.0231924,0.09479984,0.09479984,1.0,1.2941791e-10,1.3651701e-09,-27.411943,2.2510684,0.75035614,0.14400001,0.0,0.12611145,16.499964,16.529964,1766400
hardzero_plus_depr__c0p54__z1p05__lam0p030__nu0p50__psi1p00,hardzero_plus_depr,0.02,33,552,0.0,1,0.505172,0.505172,0.97210556,0.10663368,0.10663368,1.0,1.4127068e-10,1.3248224e-09,-26.203999,2.138675,0.7128917,0.2,0.0,0.1268657,16.529964,16.559965,1769600
hardzero_plus_depr__c0p54__z1p05__lam0p030__nu0p50__psi1p00,hardzero_plus_depr,0.02,33,553,0.0,1,0.505172,0.505172,0.96967703,0.10723163,0.10723163,1.0,1.3786416e-10,1.2856669e-09,-25.778479,2.133332,0.7111107,0.128,0.0,0.14393006,16.559965,16.589966,1772800
hardzero_plus_depr__c0p54__z1p05__lam0p030__nu0p50__psi1p00,hardzero_plus_depr,0.02,33,554,0.0,1,0.505172,0.505172,1.0517211,0.0,0.08877259,0.0,0.0,1.247669e-09,-27.202072,2.3138325,0.77127755,0.15200001,0.0,0.16923559,16.589966,16.619967,1776000
hardzero_plus_depr__c0p54__z1p05__lam0p030__nu0p50__psi1p00,hardzero_plus_depr,0.02,33,555,0.0,1,0.505172,0.505172,1.0629272,0.0,0.086511284,0.0,0.0,1.2107939e-09,-27.674494,2.3384867,0.7794956,0.18400002,0.0,0.16590555,16.619967,16.649967,1779200
hardzero_plus_depr__c0p54__z1p05__lam0p030__nu0p50__psi1p00,hardzero_plus_depr,0.02,33,556,0.0,1,0.505172,0.505172,1.0666724,0.0,0.08576845,0.0,0.0,1.1750088e-09,-27.61738,2.3467262,0.78224206,0.192,0.0,0.16745695,16.649967,16.679968,1782400
hardzero_plus_depr__c0p54__z1p05__lam0p030__nu0p50__psi1p00,hardzero_plus_depr,0.02,33,557,0.0,1,0.505172,0.505172,1.0128571,0.09708295,0.09708295,1.0,1.1070187e-10,1.1402813e-09,-27.06985,2.2283301,0.74277675,0.15200001,0.0,0.13543047,16.679968,16.709969,1785600
hardzero_plus_depr__c0p54__z1p05__lam0p030__nu0p50__psi1p00,hardzero_plus_depr,0.02,33,558,0.0,1,0.505172,0.505172,1.0523146,0.0,0.08865135,0.0,0.0,1.1065802e-09,-27.20427,2.3151383,0.7717128,0.16000001,0.0,0.13632073,16.709969,16.73997,1788800
hardzero_plus_depr__c0p54__z1p05__lam0p030__nu0p50__psi1p00,hardzero_plus_depr,0.02,33,559,0.0,1,0.505172,0.505172,1.0040157,0.099079624,0.099079624,1.0,1.0639913e-10,1.073875e-09,-27.570408,2.2088785,0.73629284,0.16,0.0,0.16499169,16.73997,16.76997,1792000
hardzero_plus_depr__c0p54__z1p05__lam0p030__nu0p50__psi1p00,hardzero_plus_depr,0.02,33,560,0.0,1,0.505172,0.505172,1.0578109,0.0,0.08753648,0.0,0.0,1.0421365e-09,-28.517527,2.3272305,0.7757435,0.128,0.0,0.14693439,16.76997,16.79997,1795200
hardzero_plus_depr__c0p54__z1p05__lam0p030__nu0p50__psi1p00,hardzero_plus_depr,0.02,33,561,0.0,1,0.505172,0.505172,1.0258864,0.094213605,0.094213605,1.0,9.528161e-11,1.011336e-09,-26.848797,2.2569952,0.75233173,0.15200001,0.0,0.14136513,16.79997,16.829971,1798400
hardzero_plus_depr__c0p54__z1p05__lam0p030__nu0p50__psi1p00,hardzero_plus_depr,0.02,33,562,0.0,1,0.505172,0.505172,0.97598726,0.105684854,0.105684854,1.0,1.0372396e-10,9.814458e-10,-25.825298,2.147215,0.7157383,0.112,0.0,0.1340708,16.829971,16.859972,1801600
hardzero_plus_depr__c0p54__z1p05__lam0p030__nu0p50__psi1p00,hardzero_plus_depr,0.02,33,563,0.0,1,0.505172,0.505172,1.0435894,0.09045043,0.09045043,1.0,8.6148526e-11,9.524391e-10,-27.291508,2.2959425,0.7653142,0.18400002,0.0,0.14789927,16.859972,16.889973,1804800
hardzero_plus_depr__c0p54__z1p05__lam0p030__nu0p50__psi1p00,hardzero_plus_depr,0.02,33,564,0.0,1,0.505172,0.505172,0.9769123,0.10545997,0.10545997,1.0,9.7475555e-11,9.242896e-10,-26.900286,2.14925,0.7164167,0.18400002,0.0,0.14754613,16.889973,16.919973,1808000
hardzero_plus_depr__c0p54__z1p05__lam0p030__nu0p50__psi1p00,hardzero_plus_depr,0.02,33,565,0.0,1,0.505172,0.505172,1.036779,0.09187998,0.09187998,1.0,8.241377e-11,8.9697205e-10,-27.21828,2.2809594,0.7603198,0.15200001,0.0,0.1525955,16.919973,16.949974,1811200
hardzero_plus_depr__c0p54__z1p05__lam0p030__nu0p50__psi1p00,hardzero_plus_depr,0.02,33,566,0.0,1,0.505172,0.505172,1.0103703,0.09764044,0.09764044,1.0,8.4992284e-11,8.704619e-10,-26.866282,2.222859,0.74095297,0.136,0.0,0.15962975,16.949974,16.979975,1814400
hardzero_plus_depr__c0p54__z1p05__lam0p030__nu0p50__psi1p00,hardzero_plus_depr,0.02,33,567,0.0,1,0.505172,0.505172,1.019498,0.095609695,0.095609695,1.0,8.076489e-11,8.4473534e-10,-27.079443,2.2429404,0.7476468,0.16800001,0.0,0.15076788,16.979975,17.009975,1817600
hardzero_plus_depr__c0p54__z1p05__lam0p030__nu0p50__psi1p00,hardzero_plus_depr,0.02,33,568,0.0,1,0.505172,0.505172,1.0860444,0.0,0.08202676,0.0,0.0,8.1976903e-10,-28.282827,2.3893454,0.79644847,0.16000001,0.0,0.16732733,17.009975,17.039976,1820800
hardzero_plus_depr__c0p54__z1p05__lam0p030__nu0p50__psi1p00,hardzero_plus_depr,0.02,33,569,0.0,1,0.505172,0.505172,1.0255622,0.09428396,0.09428396,1.0,7.500673e-11,7.955407e-10,-27.621593,2.2562819,0.752094,0.136,0.0,0.1595163,17.039976,17.069977,1824000
hardzero_plus_depr__c0p54__z1p05__lam0p030__nu0p50__psi1p00,hardzero_plus_depr,0.02,33,570,0.0,1,0.505172,0.505172,1.011038,0.09749043,0.09749043,1.0,7.526537e-11,7.7202833e-10,-26.748913,2.2243278,0.7414426,0.16000001,0.0,0.1384124,17.069977,17.099977,1827200
hardzero_plus_depr__c0p54__z1p05__lam0p030__nu0p50__psi1p00,hardzero_plus_depr,0.02,33,571,0.0,1,0.505172,0.505172,1.00734,0.09832412,0.09832412,1.0,7.366551e-11,7.4921097e-10,-27.20178,2.2161922,0.7387308,0.16800001,0.0,0.14123854,17.099977,17.129978,1830400
hardzero_plus_depr__c0p54__z1p05__lam0p030__nu0p50__psi1p00,hardzero_plus_depr,0.02,33,572,0.0,1,0.505172,0.505172,1.0392038,0.09136844,0.09136844,1.0,6.643106e-11,7.2706796e-10,-27.933868,2.286294,0.762098,0.16,0.0,0.15185083,17.129978,17.159979,1833600
hardzero_plus_depr__c0p54__z1p05__lam0p030__nu0p50__psi1p00,hardzero_plus_depr,0.02,33,573,0.0,1,0.505172,0.505172,1.0344248,0.092379406,0.092379406,1.0,6.5181006e-11,7.055794e-10,-27.974533,2.27578,0.7585933,0.15200001,0.0,0.1617949,17.159979,17.18998,1836800
hardzero_plus_depr__c0p54__z1p05__lam0p030__nu0p50__psi1p00,hardzero_plus_depr,0.02,33,574,0.0,1,0.505172,0.505172,1.0164208,0.096289545,0.096289545,1.0,6.593195e-11,6.847259e-10,-27.35568,2.2361705,0.7453902,0.17600001,0.0,0.17494382,17.18998,17.21998,1840000
hardzero_plus_depr__c0p54__z1p05__lam0p030__nu0p50__psi1p00,hardzero_plus_depr,0.02,33,575,0.0,1,0.505172,0.505172,1.0353236,0.092188425,0.092188425,1.0,6.1258165e-11,6.644887e-10,-27.313414,2.2777574,0.7592525,0.16800001,0.0,0.1470704,17.21998,17.24998,1843200
hardzero_plus_depr__c0p54__z1p05__lam0p030__nu0p50__psi1p00,hardzero_plus_depr,0.02,33,576,0.0,1,0.505172,0.505172,0.99214286,0.10182563,0.10182563,1.0,6.566222e-11,6.448496e-10,-26.611603,2.1827579,0.727586,0.192,0.0,0.14249201,17.24998,17.279982,1846400
hardzero_plus_depr__c0p54__z1p05__lam0p030__nu0p50__psi1p00,hardzero_plus_depr,0.02,33,577,0.0,1,0.505172,0.505172,0.9908189,0.10213653,0.10213653,1.0,6.3916115e-11,6.25791e-10,-26.386314,2.179845,0.7266151,0.192,0.0,0.14344452,17.279982,17.309982,1849600
hardzero_plus_depr__c0p54__z1p05__lam0p030__nu0p50__psi1p00,hardzero_plus_depr,0.02,33,578,0.0,1,0.505172,0.505172,0.97351277,0.10628874,0.10628874,1.0,6.454869e-11,6.0729566e-10,-26.708754,2.1417708,0.71392363,0.17600001,0.0,0.13790293,17.309982,17.339983,1852800
hardzero_plus_depr__c0p54__z1p05__lam0p030__nu0p50__psi1p00,hardzero_plus_depr,0.02,33,579,0.0,1,0.505172,0.505172,0.9958322,0.10096427,0.10096427,1.0,5.9502986e-11,5.8934696e-10,-26.935637,2.1908746,0.73029155,0.17600001,0.0,0.13834925,17.339983,17.369984,1856000
hardzero_plus_depr__c0p54__z1p05__lam0p030__nu0p50__psi1p00,hardzero_plus_depr,0.02,33,580,0.0,1,0.505172,0.505172,1.0166936,0.0962291,0.0962291,1.0,5.5036187e-11,5.719287e-10,-26.457275,2.2367706,0.7455902,0.192,0.0,0.1509018,17.369984,17.399984,1859200
hardzero_plus_depr__c0p54__z1p05__lam0p030__nu0p50__psi1p00,hardzero_plus_depr,0.02,33,581,0.0,1,0.505172,0.505172,0.9897574,0.10238646,0.10238646,1.0,5.6827074e-11,5.550253e-10,-26.796997,2.1775098,0.72583663,0.17600001,0.0,0.13440391,17.399984,17.429985,1862400
hardzero_plus_depr__c0p54__z1p05__lam0p030__nu0p50__psi1p00,hardzero_plus_depr,0.02,33,582,0.0,1,0.505172,0.505172,1.0072662,0.09834081,0.09834081,1.0,5.2968466e-11,5.386214e-10,-27.280733,2.21603,0.73867667,0.120000005,0.0,0.15382063,17.429985,17.459986,1865600
hardzero_plus_depr__c0p54__z1p05__lam0p030__nu0p50__psi1p00,hardzero_plus_depr,0.02,33,583,0.0,1,0.505172,0.505172,0.9968356,0.10073129,0.10073129,1.0,5.265249e-11,5.2270244e-10,-27.270643,2.193082,0.73102736,0.17600001,0.0,0.1475971,17.459986,17.489986,1868800
hardzero_plus_depr__c0p54__z1p05__lam0p030__nu0p50__psi1p00,hardzero_plus_depr,0.02,33,584,0.0,1,0.505172,0.505172,1.1077085,0.0,0.078035384,0.0,0.0,5.072539e-10,-28.031046,2.4370072,0.8123357,0.08800001,0.0,0.1694179,17.489986,17.519987,1872000
hardzero_plus_depr__c0p54__z1p05__lam0p030__nu0p50__psi1p00,hardzero_plus_depr,0.02,33,585,0.0,1,0.505172,0.505172,0.9512163,0.11188806,0.11188806,1.0,5.5078234e-11,4.9226195e-10,-26.810282,2.0927176,0.6975726,0.24,0.0,0.13759044,17.519987,17.549988,1875200
hardzero_plus_depr__c0p54__z1p05__lam0p030__nu0p50__psi1p00,hardzero_plus_depr,0.02,33,586,0.0,1,0.505172,0.505172,1.0544548,0.0,0.08821557,0.0,0.0,4.777131e-10,-26.909384,2.3198469,0.7732823,0.14400001,0.0,0.16627754,17.549988,17.579988,1878400
hardzero_plus_depr__c0p54__z1p05__lam0p030__nu0p50__psi1p00,hardzero_plus_depr,0.02,33,587,0.0,1,0.505172,0.505172,1.054838,0.0,0.08813776,0.0,0.0,4.635942e-10,-27.952572,2.32069,0.7735633,0.16000001,0.0,0.14991191,17.579988,17.60999,1881600
hardzero_plus_depr__c0p54__z1p05__lam0p030__nu0p50__psi1p00,hardzero_plus_depr,0.02,33,588,0.0,1,0.505172,0.505172,1.0462941,0.08988887,0.08988887,1.0,4.044034e-11,4.4989262e-10,-27.524553,2.301893,0.7672977,0.216,0.0,0.15967609,17.60999,17.63999,1884800
hardzero_plus_depr__c0p54__z1p05__lam0p030__nu0p50__psi1p00,hardzero_plus_depr,0.02,33,589,0.0,1,0.505172,0.505172,1.0320067,0.09289519,0.09289519,1.0,4.0557665e-11,4.3659598e-10,-27.099695,2.2704601,0.7568201,0.17600001,0.0,0.13365987,17.63999,17.66999,1888000
hardzero_plus_depr__c0p54__z1p05__lam0p030__nu0p50__psi1p00,hardzero_plus_depr,0.02,33,590,0.0,1,0.505172,0.505172,1.0403416,0.09112937,0.09112937,1.0,3.8610816e-11,4.2369233e-10,-27.567966,2.2887974,0.7629325,0.224,0.0,0.1422141,17.66999,17.699991,1891200
hardzero_plus_depr__c0p54__z1p05__lam0p030__nu0p50__psi1p00,hardzero_plus_depr,0.02,33,591,0.0,1,0.505172,0.505172,1.0504525,0.0,0.089032285,0.0,0.0,4.1117004e-10,-27.930199,2.3110416,0.77034724,0.192,0.0,0.15661956,17.699991,17.729992,1894400
hardzero_plus_depr__c0p54__z1p05__lam0p030__nu0p50__psi1p00,hardzero_plus_depr,0.02,33,592,0.0,1,0.505172,0.505172,1.0478331,0.08957089,0.08957089,1.0,3.5740386e-11,3.9901787e-10,-27.55689,2.3052788,0.7684263,0.16000001,0.0,0.15046774,17.729992,17.759993,1897600
hardzero_plus_depr__c0p54__z1p05__lam0p030__nu0p50__psi1p00,hardzero_plus_depr,0.02,33,593,0.0,1,0.505172,0.505172,1.009379,0.09786355,0.09786355,1.0,3.7895194e-11,3.872248e-10,-26.10051,2.220678,0.74022603,0.16800001,0.0,0.14976595,17.759993,17.789993,1900800
hardzero_plus_depr__c0p54__z1p05__lam0p030__nu0p50__psi1p00,hardzero_plus_depr,0.02,33,594,0.0,1,0.505172,0.505172,1.047917,0.089553595,0.089553595,1.0,3.365248e-11,3.7578035e-10,-27.280447,2.3054636,0.7684879,0.08800001,0.0,0.13670096,17.789993,17.819994,1904000
hardzero_plus_depr__c0p54__z1p05__lam0p030__nu0p50__psi1p00,hardzero_plus_depr,0.02,33,595,0.0,1,0.505172,0.505172,1.0441787,0.09032776,0.09032776,1.0,3.29402e-11,3.6467412e-10,-27.386667,2.297239,0.76574636,0.15200001,0.0,0.15275253,17.819994,17.849995,1907200
hardzero_plus_depr__c0p54__z1p05__lam0p030__nu0p50__psi1p00,hardzero_plus_depr,0.02,33,596,0.0,1,0.505172,0.505172,1.0311948,0.09306903,0.09306903,1.0,3.293677e-11,3.5389613e-10,-26.504215,2.268674,0.75622463,0.16800001,0.0,0.15645143,17.849995,17.879995,1910400
hardzero_plus_depr__c0p54__z1p05__lam0p030__nu0p50__psi1p00,hardzero_plus_depr,0.02,33,597,0.0,1,0.505172,0.505172,1.0796134,0.0,0.08325045,0.0,0.0,3.4343667e-10,-27.958069,2.375197,0.7917323,0.112,0.0,0.16512312,17.879995,17.909996,1913600
hardzero_plus_depr__c0p54__z1p05__lam0p030__nu0p50__psi1p00,hardzero_plus_depr,0.02,33,598,0.0,1,0.505172,0.505172,0.9893815,0.10247514,0.10247514,1.0,3.4153562e-11,3.3328634e-10,-26.41948,2.1766827,0.7255609,0.21,0.0,0.10857965,17.909996,17.939997,1916800
hardzero_plus_depr__c0p54__z1p05__lam0p030__nu0p50__psi1p00,hardzero_plus_depr,0.02,33,599,0.0,1,0.505172,0.505172,1.1006141,0.0,0.07932058,0.0,0.0,3.2343606e-10,-28.692717,2.4213994,0.80713314,0.112,0.0,0.14357407,17.939997,17.969997,1920000
hardzero_plus_depr__c0p54__z1p05__lam0p030__nu0p50__psi1p00,hardzero_plus_depr,0.02,33,600,0.0,1,0.505172,0.505172,1.0282254,0.09370755,0.09370755,1.0,2.941263e-11,3.1387684e-10,-26.34567,2.2621412,0.7540471,0.18400002,0.0,0.12420224,17.969997,17.999998,1923200
hardzero_plus_depr__c0p54__z1p05__lam0p030__nu0p50__psi1p00,hardzero_plus_depr,0.02,33,601,0.0,1,0.505172,0.505172,1.0570321,0.0,0.0876936,0.0,0.0,3.0460018e-10,-27.28927,2.3255172,0.7751724,0.136,0.0,0.16083163,17.999998,18.029999,1926400
hardzero_plus_depr__c0p54__z1p05__lam0p030__nu0p50__psi1p00,hardzero_plus_depr,0.02,33,602,0.0,1,0.505172,0.505172,0.9936452,0.101474,0.101474,1.0,2.999548e-11,2.9559766e-10,-26.219896,2.186063,0.7286877,0.14400001,0.0,0.14885579,18.029999,18.06,1929600
hardzero_plus_depr__c0p54__z1p05__lam0p030__nu0p50__psi1p00,hardzero_plus_depr,0.02,33,603,0.0,1,0.505172,0.505172,1.0203865,0.09541432,0.09541432,1.0,2.7370672e-11,2.8686126e-10,-26.787235,2.244895,0.74829835,0.216,0.0,0.1587545,18.06,18.09,1932800
hardzero_plus_depr__c0p54__z1p05__lam0p030__nu0p50__psi1p00,hardzero_plus_depr,0.02,33,604,0.0,1,0.505172,0.505172,1.0040438,0.0990732,0.0990732,1.0,2.75803e-11,2.7838304e-10,-27.076859,2.2089405,0.7363135,0.192,0.0,0.13800263,18.09,18.12,1936000
hardzero_plus_depr__c0p54__z1p05__lam0p030__nu0p50__psi1p00,hardzero_plus_depr,0.02,33,605,0.0,1,0.505172,0.505172,1.0156505,0.096460484,0.096460484,1.0,2.6059318e-11,2.7015537e-10,-26.053493,2.2344756,0.74482524,0.2,0.0,0.15910047,18.12,18.150002,1939200
hardzero_plus_depr__c0p54__z1p05__lam0p030__nu0p50__psi1p00,hardzero_plus_depr,0.02,33,606,0.0,1,0.505172,0.505172,1.0913043,0.0,0.08103931,0.0,0.0,2.621709e-10,-28.58476,2.4009175,0.80030584,0.17600001,0.0,0.1627937,18.150002,18.180002,1942400
hardzero_plus_depr__c0p54__z1p05__lam0p030__nu0p50__psi1p00,hardzero_plus_depr,0.02,33,607,0.0,1,0.505172,0.505172,1.0802234,0.0,0.0831336,0.0,0.0,2.5442237e-10,-27.884329,2.376539,0.7921797,0.128,0.0,0.16078664,18.180002,18.210003,1945600
hardzero_plus_depr__c0p54__z1p05__lam0p030__nu0p50__psi1p00,hardzero_plus_depr,0.02,33,608,0.0,1,0.505172,0.505172,1.0165204,0.09626748,0.09626748,1.0,2.3768721e-11,2.4690291e-10,-27.45745,2.2363894,0.74546313,0.224,0.0,0.16630648,18.210003,18.240004,1948800
hardzero_plus_depr__c0p54__z1p05__lam0p030__nu0p50__psi1p00,hardzero_plus_depr,0.02,33,609,0.0,1,0.505172,0.505172,1.0665247,0.0,0.085797615,0.0,0.0,2.3960567e-10,-28.34176,2.3464012,0.78213376,0.2,0.0,0.17998436,18.240004,18.270004,1952000
hardzero_plus_depr__c0p54__z1p05__lam0p030__nu0p50__psi1p00,hardzero_plus_depr,0.02,33,610,0.0,1,0.505172,0.505172,1.0291716,0.09350361,0.09350361,1.0,2.174184e-11,2.3252407e-10,-27.402977,2.2642226,0.7547409,0.224,0.0,0.15435934,18.270004,18.300005,1955200
hardzero_plus_depr__c0p54__z1p05__lam0p030__nu0p50__psi1p00,hardzero_plus_depr,0.02,33,611,0.0,1,0.505172,0.505172,1.090514,0.0,0.08118692,0.0,0.0,2.2565182e-10,-28.605228,2.3991785,0.7997262,0.17,0.0,0.17917107,18.300005,18.330006,1958400
hardzero_plus_depr__c0p54__z1p05__lam0p030__nu0p50__psi1p00,hardzero_plus_depr,0.02,33,612,0.0,1,0.505172,0.505172,1.0033119,0.09924031,0.09924031,1.0,2.1731904e-11,2.1898264e-10,-26.621252,2.2073302,0.7357768,0.16000001,0.0,0.13434416,18.330006,18.360006,1961600
hardzero_plus_depr__c0p54__z1p05__lam0p030__nu0p50__psi1p00,hardzero_plus_depr,0.02,33,613,0.0,1,0.505172,0.505172,1.0862294,0.0,0.08199182,0.0,0.0,2.1251058e-10,-28.17986,2.3897524,0.7965841,0.112,0.0,0.15189154,18.360006,18.390007,1964800
hardzero_plus_depr__c0p54__z1p05__lam0p030__nu0p50__psi1p00,hardzero_plus_depr,0.02,33,614,0.0,1,0.505172,0.505172,1.0253012,0.09434062,0.09434062,1.0,1.9455847e-11,2.062298e-10,-27.338806,2.2557077,0.7519026,0.120000005,0.0,0.17972805,18.390007,18.420008,1968000
hardzero_plus_depr__c0p54__z1p05__lam0p030__nu0p50__psi1p00,hardzero_plus_depr,0.02,33,615,0.0,1,0.505172,0.505172,0.99932194,0.10015626,0.10015626,1.0,2.0044738e-11,2.0013464e-10,-26.73578,2.1985521,0.73285073,0.14400001,0.0,0.16445392,18.420008,18.450008,1971200
hardzero_plus_depr__c0p54__z1p05__lam0p030__nu0p50__psi1p00,hardzero_plus_depr,0.02,33,616,0.0,1,0.505172,0.505172,0.9773745,0.1053478,0.1053478,1.0,2.046061e-11,1.9421964e-10,-26.415865,2.150267,0.7167556,0.16800001,0.0,0.14882988,18.450008,18.48001,1974400
hardzero_plus_depr__c0p54__z1p05__lam0p030__nu0p50__psi1p00,hardzero_plus_depr,0.02,33,617,0.0,1,0.505172,0.505172,1.0067501,0.09845774,0.09845774,1.0,1.8557262e-11,1.8847945e-10,-26.676542,2.2148945,0.7382982,0.15200001,0.0,0.15986459,18.48001,18.51001,1977600
hardzero_plus_depr__c0p54__z1p05__lam0p030__nu0p50__psi1p00,hardzero_plus_depr,0.02,33,618,0.0,1,0.505172,0.505172,1.0323212,0.09282795,0.09282795,1.0,1.697906e-11,1.8290892e-10,-27.912224,2.271152,0.7570507,0.15200001,0.0,0.16831063,18.51001,18.54001,1980800
hardzero_plus_depr__c0p54__z1p05__lam0p030__nu0p50__psi1p00,hardzero_plus_depr,0.02,33,619,0.0,1,0.505172,0.505172,1.0261489,0.094156675,0.094156675,1.0,1.6713094e-11,1.7750303e-10,-27.672855,2.2575727,0.75252426,0.192,0.0,0.16886479,18.54001,18.570011,1984000
hardzero_plus_depr__c0p54__z1p05__lam0p030__nu0p50__psi1p00,hardzero_plus_depr,0.02,33,620,0.0,1,0.505172,0.505172,1.0422784,0.090723865,0.090723865,1.0,1.5627812e-11,1.722569e-10,-28.450829,2.2930584,0.7643528,0.16000001,0.0,0.14322266,18.570011,18.600012,1987200
hardzero_plus_depr__c0p54__z1p05__lam0p030__nu0p50__psi1p00,hardzero_plus_depr,0.02,33,621,0.0,1,0.505172,0.505172,0.97468036,0.106003374,0.106003374,1.0,1.7720143e-11,1.6716584e-10,-25.804262,2.1443396,0.71477985,0.136,0.008,0.13887683,18.600012,18.630013,1990400
hardzero_plus_depr__c0p54__z1p05__lam0p030__nu0p50__psi1p00,hardzero_plus_depr,0.02,33,622,0.0,1,0.505172,0.505172,1.0636979,0.0,0.0863579,0.0,0.0,1.6222522e-10,-27.74914,2.3401823,0.78006077,0.120000005,0.0,0.1644236,18.630013,18.660013,1993600
hardzero_plus_depr__c0p54__z1p05__lam0p030__nu0p50__psi1p00,hardzero_plus_depr,0.02,33,623,0.0,1,0.505172,0.505172,1.0562851,0.0,0.087844566,0.0,0.0,1.5743064e-10,-28.060934,2.3238738,0.7746246,0.096,0.0,0.15937161,18.660013,18.690014,1996800
hardzero_plus_depr__c0p54__z1p05__lam0p030__nu0p50__psi1p00,hardzero_plus_depr,0.02,33,624,0.0,1,0.505172,0.505172,1.0041434,0.09905051,0.09905051,1.0,1.5132713e-11,1.5277773e-10,-27.140825,2.2091596,0.73638654,0.08,0.0,0.14734729,18.690014,18.720015,2000000
hardzero_plus_depr__c0p54__z1p05__lam0p030__nu0p50__psi1p00,hardzero_plus_depr,0.02,33,625,0.0,1,0.505172,0.505172,1.002526,0.09942004,0.09942004,1.0,1.474025e-11,1.4826237e-10,-26.881294,2.2056015,0.7352005,0.2,0.0,0.15842551,18.720015,18.750015,2003200
hardzero_plus_depr__c0p54__z1p05__lam0p030__nu0p50__psi1p00,hardzero_plus_depr,0.02,33,626,0.0,1,0.505172,0.505172,1.0539511,0.0,0.08831793,0.0,0.0,1.4388046e-10,-27.41037,2.3187387,0.7729129,0.16800001,0.0,0.14916149,18.750015,18.780016,2006400
hardzero_plus_depr__c0p54__z1p05__lam0p030__nu0p50__psi1p00,hardzero_plus_depr,0.02,33,627,0.0,1,0.505172,0.505172,1.0392101,0.09136711,0.09136711,1.0,1.27574114e-11,1.3962805e-10,-27.76397,2.2863078,0.7621026,0.17600001,0.0,0.15226093,18.780016,18.810017,2009600
hardzero_plus_depr__c0p54__z1p05__lam0p030__nu0p50__psi1p00,hardzero_plus_depr,0.02,33,628,0.0,1,0.505172,0.505172,0.9508007,0.11199516,0.11199516,1.0,1.5175493e-11,1.3550133e-10,-26.438923,2.0918033,0.6972678,0.18400002,0.0,0.13056733,18.810017,18.840017,2012800
hardzero_plus_depr__c0p54__z1p05__lam0p030__nu0p50__psi1p00,hardzero_plus_depr,0.02,33,629,0.0,1,0.505172,0.505172,1.019831,0.09553644,0.09553644,1.0,1.2562715e-11,1.3149658e-10,-28.28435,2.2436728,0.74789095,0.16000001,0.0,0.16675329,18.840017,18.870018,2016000
hardzero_plus_depr__c0p54__z1p05__lam0p030__nu0p50__psi1p00,hardzero_plus_depr,0.02,33,630,0.0,1,0.505172,0.505172,1.007167,0.09836328,0.09836328,1.0,1.25521555e-11,1.2761017e-10,-26.865408,2.2158117,0.73860395,0.112,0.0,0.13827315,18.870018,18.900019,2019200
hardzero_plus_depr__c0p54__z1p05__lam0p030__nu0p50__psi1p00,hardzero_plus_depr,0.02,33,631,0.0,1,0.505172,0.505172,1.0462618,0.08989557,0.08989557,1.0,1.1132545e-11,1.2383865e-10,-27.696795,2.301822,0.767274,0.18400002,0.0,0.15340862,18.900019,18.93002,2022400
hardzero_plus_depr__c0p54__z1p05__lam0p030__nu0p50__psi1p00,hardzero_plus_depr,0.02,33,632,0.0,1,0.505172,0.505172,1.0140857,0.09680868,0.09680868,1.0,1.1634328e-11,1.2017856e-10,-27.025349,2.231033,0.74367774,0.15200001,0.0,0.13343468,18.93002,18.96002,2025600
hardzero_plus_depr__c0p54__z1p05__lam0p030__nu0p50__psi1p00,hardzero_plus_depr,0.02,33,633,0.0,1,0.505172,0.505172,1.015641,0.09646262,0.09646262,1.0,1.1250114e-11,1.1662667e-10,-27.093748,2.2344546,0.7448182,0.16800001,0.0,0.13730073,18.96002,18.99002,2028800
hardzero_plus_depr__c0p54__z1p05__lam0p030__nu0p50__psi1p00,hardzero_plus_depr,0.02,33,634,0.0,1,0.505172,0.505172,1.0529851,0.0,0.088514596,0.0,0.0,1.13179764e-10,-27.222393,2.3166134,0.7722045,0.136,0.0,0.1230776,18.99002,19.020021,2032000
hardzero_plus_depr__c0p54__z1p05__lam0p030__nu0p50__psi1p00,hardzero_plus_depr,0.02,33,635,0.0,1,0.505172,0.505172,1.0008818,0.09979717,0.09979717,1.0,1.0961194e-11,1.0983472e-10,-27.687023,2.201984,0.73399466,0.17600001,0.0,0.1744798,19.020021,19.050022,2035200
hardzero_plus_depr__c0p54__z1p05__lam0p030__nu0p50__psi1p00,hardzero_plus_depr,0.02,33,636,0.0,1,0.505172,0.505172,1.0302377,0.093274355,0.093274355,1.0,9.941977e-12,1.0658854e-10,-28.037596,2.2665682,0.7555227,0.136,0.0,0.1227623,19.050022,19.080023,2038400
hardzero_plus_depr__c0p54__z1p05__lam0p030__nu0p50__psi1p00,hardzero_plus_depr,0.02,33,637,0.0,1,0.505172,0.505172,1.0555725,0.0,0.087988816,0.0,0.0,1.0343829e-10,-27.955034,2.322306,0.774102,0.14999999,0.0,0.15141897,19.080023,19.110023,2041600
hardzero_plus_depr__c0p54__z1p05__lam0p030__nu0p50__psi1p00,hardzero_plus_depr,0.02,33,638,0.0,1,0.505172,0.505172,0.9927248,0.10168929,0.10168929,1.0,1.020769e-11,1.0038117e-10,-26.846214,2.1840382,0.72801274,0.2,0.0,0.17420448,19.110023,19.140024,2044800
hardzero_plus_depr__c0p54__z1p05__lam0p030__nu0p50__psi1p00,hardzero_plus_depr,0.02,33,639,0.0,1,0.505172,0.505172,1.0698122,0.0,0.08515062,0.0,0.0,9.7414396e-11,-27.62565,2.3536339,0.78454465,0.17600001,0.0,0.1561072,19.140024,19.170025,2048000
hardzero_plus_depr__c0p54__z1p05__lam0p030__nu0p50__psi1p00,hardzero_plus_depr,0.02,33,640,0.0,1,0.505172,0.505172,0.9907062,0.10216303,0.10216303,1.0,9.658012e-12,9.4535296e-11,-26.512386,2.1795971,0.7265324,0.14400001,0.0,0.12823619,19.170025,19.200026,2051200
hardzero_plus_depr__c0p54__z1p05__lam0p030__nu0p50__psi1p00,hardzero_plus_depr,0.02,33,641,0.0,1,0.505172,0.505172,1.0204618,0.095397756,0.095397756,1.0,8.751913e-12,9.174129e-11,-27.665161,2.2450607,0.7483536,0.15200001,0.0,0.15572995,19.200026,19.230026,2054400
hardzero_plus_depr__c0p54__z1p05__lam0p030__nu0p50__psi1p00,hardzero_plus_depr,0.02,33,642,0.0,1,0.505172,0.505172,1.0608249,0.0,0.08693108,0.0,0.0,8.902986e-11,-27.993593,2.3338614,0.7779538,0.096,0.0,0.1380956,19.230026,19.260027,2057600
hardzero_plus_depr__c0p54__z1p05__lam0p030__nu0p50__psi1p00,hardzero_plus_depr,0.02,33,643,0.0,1,0.505172,0.505172,1.00951,0.09783401,0.09783401,1.0,8.452719e-12,8.6398576e-11,-27.152208,2.2209663,0.7403221,0.136,0.0,0.13662794,19.260027,19.290028,2060800
hardzero_plus_depr__c0p54__z1p05__lam0p030__nu0p50__psi1p00,hardzero_plus_depr,0.02,33,644,0.0,1,0.505172,0.505172,1.029665,0.09339744,0.09339744,1.0,7.830914e-12,8.3845056e-11,-27.469427,2.2653081,0.75510275,0.16800001,0.0,0.13608536,19.290028,19.320028,2064000
hardzero_plus_depr__c0p54__z1p05__lam0p030__nu0p50__psi1p00,hardzero_plus_depr,0.02,33,645,0.0,1,0.505172,0.505172,1.0489371,0.08934348,0.08934348,1.0,7.269611e-12,8.1367e-11,-27.842726,2.3077078,0.76923597,0.16000001,0.0,0.1678101,19.320028,19.350029,2067200
hardzero_plus_depr__c0p54__z1p05__lam0p030__nu0p50__psi1p00,hardzero_plus_depr,0.02,33,646,0.0,1,0.505172,0.505172,1.0291672,0.09350456,0.09350456,1.0,7.383325e-12,7.8962184e-11,-27.987679,2.264213,0.75473773,0.18400002,0.0,0.17021996,19.350029,19.38003,2070400
hardzero_plus_depr__c0p54__z1p05__lam0p030__nu0p50__psi1p00,hardzero_plus_depr,0.02,33,647,0.0,1,0.505172,0.505172,1.0032928,0.09924467,0.09924467,1.0,7.604965e-12,7.6628454e-11,-25.988869,2.2072883,0.7357628,0.128,0.0,0.12485502,19.38003,19.41003,2073600
hardzero_plus_depr__c0p54__z1p05__lam0p030__nu0p50__psi1p00,hardzero_plus_depr,0.02,33,648,0.0,1,0.505172,0.505172,1.0370886,0.091814525,0.091814525,1.0,6.827667e-12,7.436369e-11,-27.83474,2.2816405,0.76054686,0.16800001,0.0,0.146646,19.41003,19.440031,2076800
hardzero_plus_depr__c0p54__z1p05__lam0p030__nu0p50__psi1p00,hardzero_plus_depr,0.02,33,649,0.0,1,0.505172,0.505172,1.0040668,0.099067956,0.099067956,1.0,7.149324e-12,7.216586e-11,-27.03976,2.208991,0.7363304,0.17600001,0.0,0.14951766,19.440031,19.470032,2080000
hardzero_plus_depr__c0p54__z1p05__lam0p030__nu0p50__psi1p00,hardzero_plus_depr,0.02,33,650,0.0,1,0.505172,0.505172,1.0523198,0.0,0.08865029,0.0,0.0,7.0032986e-11,-27.512085,2.3151498,0.7717166,0.17,0.0,0.14568855,19.470032,19.500032,2083200
hardzero_plus_depr__c0p54__z1p05__lam0p030__nu0p50__psi1p00,hardzero_plus_depr,0.02,33,651,0.0,1,0.505172,0.505172,1.0312415,0.09305901,0.09305901,1.0,6.324584e-12,6.7963156e-11,-27.06957,2.2687767,0.7562589,0.136,0.0,0.14293076,19.500032,19.530033,2086400
hardzero_plus_depr__c0p54__z1p05__lam0p030__nu0p50__psi1p00,hardzero_plus_depr,0.02,33,652,0.0,1,0.505172,0.505172,1.0101812,0.09768296,0.09768296,1.0,6.44263e-12,6.595449e-11,-26.200825,2.2224429,0.7408143,0.15200001,0.0,0.13304274,19.530033,19.560034,2089600
hardzero_plus_depr__c0p54__z1p05__lam0p030__nu0p50__psi1p00,hardzero_plus_depr,0.02,33,653,0.0,1,0.505172,0.505172,1.0336893,0.092536,0.092536,1.0,5.9227853e-12,6.40052e-11,-27.190395,2.2741618,0.75805396,0.120000005,0.0,0.122448936,19.560034,19.590034,2092800
hardzero_plus_depr__c0p54__z1p05__lam0p030__nu0p50__psi1p00,hardzero_plus_depr,0.02,33,654,0.0,1,0.505172,0.505172,1.0132914,0.0969859,0.0969859,1.0,6.024135e-12,6.2113516e-11,-26.984545,2.2292855,0.74309516,0.112,0.0,0.13165304,19.590034,19.620035,2096000
hardzero_plus_depr__c0p54__z1p05__lam0p030__nu0p50__psi1p00,hardzero_plus_depr,0.02,33,655,0.0,1,0.505172,0.505172,1.0467024,0.08980439,0.08980439,1.0,5.4132055e-12,6.027774e-11,-28.28511,2.3027914,0.76759714,0.16800001,0.0,0.13897495,19.620035,19.650036,2099200
hardzero_plus_depr__c0p54__z1p05__lam0p030__nu0p50__psi1p00,hardzero_plus_depr,0.02,33,656,0.0,1,0.505172,0.505172,1.0526305,0.0,0.08858689,0.0,0.0,5.849623e-11,-28.164278,2.3158333,0.77194446,0.15200001,0.0,0.16849816,19.650036,19.680037,2102400
hardzero_plus_depr__c0p54__z1p05__lam0p030__nu0p50__psi1p00,hardzero_plus_depr,0.02,33,657,0.0,1,0.505172,0.505172,1.0183434,0.09586422,0.09586422,1.0,5.441959e-12,5.676736e-11,-27.480883,2.2404003,0.7468001,0.208,0.0,0.13316867,19.680037,19.710037,2105600
hardzero_plus_depr__c0p54__z1p05__lam0p030__nu0p50__psi1p00,hardzero_plus_depr,0.02,33,658,0.0,1,0.505172,0.505172,0.982776,0.10404567,0.10404567,1.0,5.7318334e-12,5.5089593e-11,-26.475697,2.1621504,0.72071683,0.17600001,0.0,0.14877228,19.710037,19.740038,2108800
hardzero_plus_depr__c0p54__z1p05__lam0p030__nu0p50__psi1p00,hardzero_plus_depr,0.02,33,659,0.0,1,0.505172,0.505172,1.0925708,0.0,0.08080332,0.0,0.0,5.346142e-11,-29.01573,2.4037037,0.8012346,0.128,0.008,0.16758853,19.740038,19.770039,2112000
hardzero_plus_depr__c0p54__z1p05__lam0p030__nu0p50__psi1p00,hardzero_plus_depr,0.02,33,660,0.0,1,0.505172,0.505172,1.0222458,0.0950067,0.0950067,1.0,4.9290762e-12,5.1881357e-11,-27.079721,2.2489855,0.74966186,0.192,0.0,0.1384405,19.770039,19.80004,2115200
hardzero_plus_depr__c0p54__z1p05__lam0p030__nu0p50__psi1p00,hardzero_plus_depr,0.02,33,661,0.0,1,0.505172,0.505172,1.0524135,0.0,0.088631175,0.0,0.0,5.0347997e-11,-27.465828,2.3153558,0.77178526,0.096,0.0,0.14569663,19.80004,19.83004,2118400
hardzero_plus_depr__c0p54__z1p05__lam0p030__nu0p50__psi1p00,hardzero_plus_depr,0.02,33,662,0.0,1,0.505172,0.505172,1.0306712,0.0931813,0.0931813,1.0,4.552834e-12,4.885995e-11,-28.063435,2.267522,0.7558407,0.17600001,0.0,0.15252405,19.83004,19.86004,2121600
hardzero_plus_depr__c0p54__z1p05__lam0p030__nu0p50__psi1p00,hardzero_plus_depr,0.02,33,663,0.0,1,0.505172,0.505172,1.0183989,0.09585198,0.09585198,1.0,4.544907e-12,4.741589e-11,-26.698427,2.2405221,0.7468407,0.17,0.0,0.15675467,19.86004,19.890041,2124800
hardzero_plus_depr__c0p54__z1p05__lam0p030__nu0p50__psi1p00,hardzero_plus_depr,0.02,33,664,0.0,1,0.505172,0.505172,0.9693611,0.10730966,0.10730966,1.0,4.9378015e-12,4.6014508e-11,-26.314219,2.132637,0.710879,0.14400001,0.0,0.14219858,19.890041,19.920042,2128000
hardzero_plus_depr__c0p54__z1p05__lam0p030__nu0p50__psi1p00,hardzero_plus_depr,0.02,33,665,0.0,1,0.505172,0.505172,1.0208479,0.09531298,0.09531298,1.0,4.256158e-12,4.4654547e-11,-26.821236,2.2459102,0.7486367,0.16000001,0.0,0.14032336,19.920042,19.950043,2131200
hardzero_plus_depr__c0p54__z1p05__lam0p030__nu0p50__psi1p00,hardzero_plus_depr,0.02,33,666,0.0,1,0.505172,0.505172,1.0812881,0.0,0.08293005,0.0,0.0,4.333477e-11,-27.878885,2.3788812,0.7929604,0.120000005,0.0,0.14822154,19.950043,19.980043,2134400
hardzero_plus_depr__c0p54__z1p05__lam0p030__nu0p50__psi1p00,hardzero_plus_depr,0.02,33,667,0.0,1,0.505172,0.505172,0.9678202,0.10769109,0.10769109,1.0,4.528842e-12,4.205401e-11,-26.126957,2.129247,0.709749,0.16000001,0.0,0.14145565,19.980043,20.010044,2137600
hardzero_plus_depr__c0p54__z1p05__lam0p030__nu0p50__psi1p00,hardzero_plus_depr,0.02,33,668,0.0,1,0.505172,0.505172,1.028942,0.093553066,0.093553066,1.0,3.818003e-12,4.0811094e-11,-27.833427,2.2637177,0.7545726,0.16800001,0.0,0.17330627,20.010044,20.040045,2140800
hardzero_plus_depr__c0p54__z1p05__lam0p030__nu0p50__psi1p00,hardzero_plus_depr,0.02,33,669,0.0,1,0.505172,0.505172,0.9821933,0.10418537,0.10418537,1.0,4.126253e-12,3.960492e-11,-26.935537,2.1608684,0.72028947,0.17600001,0.0,0.12947275,20.040045,20.070045,2144000
hardzero_plus_depr__c0p54__z1p05__lam0p030__nu0p50__psi1p00,hardzero_plus_depr,0.02,33,670,0.0,1,0.505172,0.505172,0.9768334,0.105479136,0.105479136,1.0,4.054026e-12,3.843439e-11,-27.069555,2.1490765,0.71635884,0.24000001,0.0,0.1515093,20.070045,20.100046,2147200
hardzero_plus_depr__c0p54__z1p05__lam0p030__nu0p50__psi1p00,hardzero_plus_depr,0.02,33,671,0.0,1,0.505172,0.505172,1.0010455,0.09975956,0.09975956,1.0,3.7208773e-12,3.7298456e-11,-27.043766,2.202344,0.73411465,0.16000001,0.0,0.14356779,20.100046,20.130047,2150400
hardzero_plus_depr__c0p54__z1p05__lam0p030__nu0p50__psi1p00,hardzero_plus_depr,0.02,33,672,0.0,1,0.505172,0.505172,0.95158553,0.11179295,0.11179295,1.0,4.0464685e-12,3.6196095e-11,-26.385017,2.09353,0.6978433,0.2,0.0,0.13868836,20.130047,20.160048,2153600
hardzero_plus_depr__c0p54__z1p05__lam0p030__nu0p50__psi1p00,hardzero_plus_depr,0.02,33,673,0.0,1,0.505172,0.505172,0.98660165,0.103133164,0.103133164,1.0,3.622688e-12,3.5126315e-11,-26.607141,2.170567,0.72352237,0.128,0.0,0.13267522,20.160048,20.190048,2156800
hardzero_plus_depr__c0p54__z1p05__lam0p030__nu0p50__psi1p00,hardzero_plus_depr,0.02,33,674,0.0,1,0.505172,0.505172,1.0417572,0.09083281,0.09083281,1.0,3.0963227e-12,3.4088152e-11,-27.300095,2.2919116,0.76397055,0.15200001,0.0,0.1531377,20.190048,20.220049,2160000
hardzero_plus_depr__c0p54__z1p05__lam0p030__nu0p50__psi1p00,hardzero_plus_depr,0.02,33,675,0.0,1,0.505172,0.505172,1.0142431,0.0967736,0.0967736,1.0,3.201336e-12,3.3080674e-11,-26.561224,2.2313795,0.7437932,0.17600001,0.0,0.15299797,20.220049,20.25005,2163200
hardzero_plus_depr__c0p54__z1p05__lam0p030__nu0p50__psi1p00,hardzero_plus_depr,0.02,33,676,0.0,1,0.505172,0.505172,1.0513303,0.0,0.0888525,0.0,0.0,3.2102966e-11,-27.508492,2.312973,0.770991,0.13,0.0,0.14622504,20.25005,20.28005,2166400
hardzero_plus_depr__c0p54__z1p05__lam0p030__nu0p50__psi1p00,hardzero_plus_depr,0.02,33,677,0.0,1,0.505172,0.505172,0.98407537,0.103734836,0.103734836,1.0,3.2317716e-12,3.115416e-11,-26.458574,2.165009,0.7216697,0.15200001,0.0,0.15780728,20.28005,20.310051,2169600
hardzero_plus_depr__c0p54__z1p05__lam0p030__nu0p50__psi1p00,hardzero_plus_depr,0.02,33,678,0.0,1,0.505172,0.505172,0.9771236,0.10540867,0.10540867,1.0,3.186862e-12,3.0233396e-11,-26.798439,2.149715,0.7165717,0.16800001,0.0,0.15601546,20.310051,20.340052,2172800
hardzero_plus_depr__c0p54__z1p05__lam0p030__nu0p50__psi1p00,hardzero_plus_depr,0.02,33,679,0.0,1,0.505172,0.505172,1.0888941,0.0,0.08149028,0.0,0.0,2.9339843e-11,-27.936018,2.3956149,0.7985383,0.136,0.0,0.17262012,20.340052,20.370052,2176000
hardzero_plus_depr__c0p54__z1p05__lam0p030__nu0p50__psi1p00,hardzero_plus_depr,0.02,33,680,0.0,1,0.505172,0.505172,1.0144782,0.09672122,0.09672122,1.0,2.7539143e-12,2.8472702e-11,-27.010769,2.2318966,0.74396557,0.16000001,0.0,0.13086614,20.370052,20.400053,2179200
hardzero_plus_depr__c0p54__z1p05__lam0p030__nu0p50__psi1p00,hardzero_plus_depr,0.02,33,681,0.0,1,0.505172,0.505172,1.0041605,0.09904658,0.09904658,1.0,2.7367743e-12,2.7631186e-11,-27.076181,2.2091973,0.7363991,0.16000001,0.0,0.12384312,20.400053,20.430054,2182400
hardzero_plus_depr__c0p54__z1p05__lam0p030__nu0p50__psi1p00,hardzero_plus_depr,0.02,33,682,0.0,1,0.505172,0.505172,0.98505884,0.103500195,0.103500195,1.0,2.7753106e-12,2.6814544e-11,-26.489737,2.1671727,0.7223909,0.224,0.008,0.13287404,20.430054,20.460054,2185600
hardzero_plus_depr__c0p54__z1p05__lam0p030__nu0p50__psi1p00,hardzero_plus_depr,0.02,33,683,0.0,1,0.505172,0.505172,1.0133132,0.09698104,0.09698104,1.0,2.523644e-12,2.6022035e-11,-26.952225,2.2293334,0.74311113,0.16000001,0.0,0.13256669,20.460054,20.490055,2188800
hardzero_plus_depr__c0p54__z1p05__lam0p030__nu0p50__psi1p00,hardzero_plus_depr,0.02,33,684,0.0,1,0.505172,0.505172,0.99890655,0.100252084,0.100252084,1.0,2.5316609e-12,2.525295e-11,-26.984856,2.1976383,0.7325461,0.2,0.0,0.1390161,20.490055,20.520056,2192000
hardzero_plus_depr__c0p54__z1p05__lam0p030__nu0p50__psi1p00,hardzero_plus_depr,0.02,33,685,0.0,1,0.505172,0.505172,1.0349109,0.09227606,0.09227606,1.0,2.261372e-12,2.4506596e-11,-27.50513,2.2768495,0.7589499,0.16000001,0.0,0.16283508,20.520056,20.550056,2195200
hardzero_plus_depr__c0p54__z1p05__lam0p030__nu0p50__psi1p00,hardzero_plus_depr,0.02,33,686,0.0,1,0.505172,0.505172,1.0076156,0.09826174,0.09826174,1.0,2.3368902e-12,2.37823e-11,-27.203962,2.2167985,0.73893285,0.17600001,0.0,0.14695732,20.550056,20.580057,2198400
hardzero_plus_depr__c0p54__z1p05__lam0p030__nu0p50__psi1p00,hardzero_plus_depr,0.02,33,687,0.0,1,0.505172,0.505172,1.0141815,0.09678733,0.09678733,1.0,2.2337947e-12,2.3079412e-11,-27.102022,2.2312438,0.74374795,0.18400002,0.0,0.14521137,20.580057,20.610058,2201600
hardzero_plus_depr__c0p54__z1p05__lam0p030__nu0p50__psi1p00,hardzero_plus_depr,0.02,33,688,0.0,1,0.505172,0.505172,1.0037106,0.09914924,0.09914924,1.0,2.220675e-12,2.2397298e-11,-27.603292,2.2082074,0.73606914,0.14400001,0.0,0.12905757,20.610058,20.640059,2204800
hardzero_plus_depr__c0p54__z1p05__lam0p030__nu0p50__psi1p00,hardzero_plus_depr,0.02,33,689,0.0,1,0.505172,0.505172,1.0749379,0.0,0.08415154,0.0,0.0,2.1735343e-11,-28.312456,2.3649106,0.78830355,0.14,0.0,0.19327338,20.640059,20.67006,2208000
hardzero_plus_depr__c0p54__z1p05__lam0p030__nu0p50__psi1p00,hardzero_plus_depr,0.02,33,690,0.0,1,0.505172,0.505172,1.0554127,0.0,0.08802121,0.0,0.0,2.1092952e-11,-28.30196,2.3219543,0.7739848,0.112,0.0,0.15411492,20.67006,20.70006,2211200
hardzero_plus_depr__c0p54__z1p05__lam0p030__nu0p50__psi1p00,hardzero_plus_depr,0.02,33,691,0.0,1,0.505172,0.505172,0.9951756,0.10111706,0.10111706,1.0,2.0698202e-12,2.0469546e-11,-26.64636,2.18943,0.72981,0.17600001,0.0,0.1376368,20.70006,20.73006,2214400
hardzero_plus_depr__c0p54__z1p05__lam0p030__nu0p50__psi1p00,hardzero_plus_depr,0.02,33,692,0.0,1,0.505172,0.505172,1.0298722,0.09335289,0.09335289,1.0,1.8544146e-12,1.9864565e-11,-27.439064,2.265764,0.7552547,0.16000001,0.0,0.13792886,20.73006,20.760061,2217600
hardzero_plus_depr__c0p54__z1p05__lam0p030__nu0p50__psi1p00,hardzero_plus_depr,0.02,33,693,0.0,1,0.505172,0.505172,1.0434837,0.09047242,0.09047242,1.0,1.7440788e-12,1.9277463e-11,-28.083994,2.29571,0.76523674,0.15200001,0.0,0.13534506,20.760061,20.790062,2220800
hardzero_plus_depr__c0p54__z1p05__lam0p030__nu0p50__psi1p00,hardzero_plus_depr,0.02,33,694,0.0,1,0.505172,0.505172,1.0309237,0.09312715,0.09312715,1.0,1.7421963e-12,1.8707718e-11,-27.18315,2.2680776,0.7560259,0.16800001,0.0,0.13892922,20.790062,20.820063,2224000
hardzero_plus_depr__c0p54__z1p05__lam0p030__nu0p50__psi1p00,hardzero_plus_depr,0.02,33,695,0.0,1,0.505172,0.505172,1.0412515,0.090938635,0.090938635,1.0,1.6509734e-12,1.8154808e-11,-28.087626,2.2907991,0.76359975,0.18400002,0.0,0.1513563,20.820063,20.850063,2227200
hardzero_plus_depr__c0p54__z1p05__lam0p030__nu0p50__psi1p00,hardzero_plus_depr,0.02,33,696,0.0,1,0.505172,0.505172,1.0487441,0.08938319,0.08938319,1.0,1.5747746e-12,1.761824e-11,-27.565191,2.3072832,0.7690944,0.16000001,0.008,0.1463625,20.850063,20.880064,2230400
hardzero_plus_depr__c0p54__z1p05__lam0p030__nu0p50__psi1p00,hardzero_plus_depr,0.02,33,697,0.0,1,0.505172,0.505172,1.055033,0.0,0.0880982,0.0,0.0,1.709753e-11,-27.686728,2.3211188,0.7737063,0.104,0.0,0.176648,20.880064,20.910065,2233600
hardzero_plus_depr__c0p54__z1p05__lam0p030__nu0p50__psi1p00,hardzero_plus_depr,0.02,33,698,0.0,1,0.505172,0.505172,1.030945,0.093122594,0.093122594,1.0,1.5451099e-12,1.6592212e-11,-27.08811,2.268124,0.7560414,0.16000001,0.0,0.13330328,20.910065,20.940065,2236800
hardzero_plus_depr__c0p54__z1p05__lam0p030__nu0p50__psi1p00,hardzero_plus_depr,0.02,33,699,0.0,1,0.505172,0.505172,1.0326039,0.09276755,0.09276755,1.0,1.493727e-12,1.6101826e-11,-27.61825,2.2717738,0.75725794,0.136,0.0,0.15184496,20.940065,20.970066,2240000
hardzero_plus_depr__c0p54__z1p05__lam0p030__nu0p50__psi1p00,hardzero_plus_depr,0.02,33,700,0.0,1,0.505172,0.505172,1.0403633,0.09112483,0.09112483,1.0,1.4239107e-12,1.5625935e-11,-27.17232,2.288845,0.7629484,0.112,0.0,0.16850808,20.970066,21.000067,2243200
hardzero_plus_depr__c0p54__z1p05__lam0p030__nu0p50__psi1p00,hardzero_plus_depr,0.02,33,701,0.0,1,0.505172,0.505172,1.0051819,0.09881389,0.09881389,1.0,1.4984245e-12,1.5164108e-11,-26.956068,2.2114444,0.73714817,0.18400002,0.0,0.1486629,21.000067,21.030067,2246400
hardzero_plus_depr__c0p54__z1p05__lam0p030__nu0p50__psi1p00,hardzero_plus_depr,0.02,33,702,0.0,1,0.505172,0.505172,0.97498614,0.10592874,0.10592874,1.0,1.5588401e-12,1.4715932e-11,-26.621548,2.1450124,0.71500415,0.16,0.0,0.1396355,21.030067,21.060068,2249600
hardzero_plus_depr__c0p54__z1p05__lam0p030__nu0p50__psi1p00,hardzero_plus_depr,0.02,33,703,0.0,1,0.505172,0.505172,1.0858297,0.0,0.082067326,0.0,0.0,1.4281001e-11,-28.373568,2.388873,0.79629105,0.16800001,0.0,0.15563394,21.060068,21.090069,2252800
hardzero_plus_depr__c0p54__z1p05__lam0p030__nu0p50__psi1p00,hardzero_plus_depr,0.02,33,704,0.0,1,0.505172,0.505172,1.0716538,0.0,0.0847903,0.0,0.0,1.3858923e-11,-28.501762,2.3576856,0.7858952,0.128,0.0,0.13757198,21.090069,21.12007,2256000
hardzero_plus_depr__c0p54__z1p05__lam0p030__nu0p50__psi1p00,hardzero_plus_depr,0.02,33,705,0.0,1,0.505172,0.505172,1.0992472,0.0,0.07957063,0.0,0.0,1.3449321e-11,-28.98479,2.4183922,0.80613077,0.112,0.0,0.16900742,21.12007,21.15007,2259200
hardzero_plus_depr__c0p54__z1p05__lam0p030__nu0p50__psi1p00,hardzero_plus_depr,0.02,33,706,0.0,1,0.505172,0.505172,1.0576227,0.0,0.08757443,0.0,0.0,1.30518235e-11,-27.675468,2.3268163,0.77560544,0.112,0.0,0.19182222,21.15007,21.18007,2262400
hardzero_plus_depr__c0p54__z1p05__lam0p030__nu0p50__psi1p00,hardzero_plus_depr,0.02,33,707,0.0,1,0.505172,0.505172,1.0371138,0.09180921,0.09180921,1.0,1.1628624e-12,1.2666076e-11,-26.495981,2.2816958,0.7605653,0.2,0.0,0.1558725,21.18007,21.210072,2265600
hardzero_plus_depr__c0p54__z1p05__lam0p030__nu0p50__psi1p00,hardzero_plus_depr,0.02,33,708,0.0,1,0.505172,0.505172,1.0260296,0.09418254,0.09418254,1.0,1.1576662e-12,1.22917275e-11,-27.213066,2.2573102,0.75243676,0.14400001,0.0,0.12390544,21.210072,21.240072,2268800
hardzero_plus_depr__c0p54__z1p05__lam0p030__nu0p50__psi1p00,hardzero_plus_depr,0.02,33,709,0.0,1,0.505172,0.505172,1.028446,0.09365997,0.09365997,1.0,1.1172178e-12,1.1928444e-11,-27.000427,2.2626262,0.75420874,0.128,0.0,0.11904968,21.240072,21.270073,2272000
hardzero_plus_depr__c0p54__z1p05__lam0p030__nu0p50__psi1p00,hardzero_plus_depr,0.02,33,710,0.0,1,0.505172,0.505172,0.9798612,0.10474632,0.10474632,1.0,1.2125327e-12,1.1575897e-11,-26.346384,2.1557376,0.71857923,0.24000001,0.0,0.1383798,21.270073,21.300074,2275200
hardzero_plus_depr__c0p54__z1p05__lam0p030__nu0p50__psi1p00,hardzero_plus_depr,0.02,33,711,0.0,1,0.505172,0.505172,1.0342339,0.09242003,0.09242003,1.0,1.0382253e-12,1.123377e-11,-26.838673,2.27536,0.75845337,0.14400001,0.0,0.147024,21.300074,21.330074,2278400
hardzero_plus_depr__c0p54__z1p05__lam0p030__nu0p50__psi1p00,hardzero_plus_depr,0.02,33,712,0.0,1,0.505172,0.505172,1.0648824,0.0,0.0861227,0.0,0.0,1.0901755e-11,-28.01278,2.342788,0.7809293,0.15200001,0.008,0.15648769,21.330074,21.360075,2281600
hardzero_plus_depr__c0p54__z1p05__lam0p030__nu0p50__psi1p00,hardzero_plus_depr,0.02,33,713,0.0,1,0.505172,0.505172,1.0506333,0.0,0.088995226,0.0,0.0,1.0579551e-11,-28.12062,2.3114395,0.77047986,0.15200001,0.0,0.1624718,21.360075,21.390076,2284800
hardzero_plus_depr__c0p54__z1p05__lam0p030__nu0p50__psi1p00,hardzero_plus_depr,0.02,33,714,0.0,1,0.505172,0.505172,1.0389577,0.09142021,0.09142021,1.0,9.385997e-13,1.0266872e-11,-28.364918,2.2857525,0.76191753,0.208,0.0,0.14781739,21.390076,21.420076,2288000
hardzero_plus_depr__c0p54__z1p05__lam0p030__nu0p50__psi1p00,hardzero_plus_depr,0.02,33,715,0.0,1,0.505172,0.505172,1.0401667,0.09116607,0.09116607,1.0,9.08327e-13,9.963433e-12,-27.633745,2.2884126,0.7628042,0.22,0.0,0.14784628,21.420076,21.450077,2291200
hardzero_plus_depr__c0p54__z1p05__lam0p030__nu0p50__psi1p00,hardzero_plus_depr,0.02,33,716,0.0,1,0.505172,0.505172,1.0492026,0.08928888,0.08928888,1.0,8.633308e-13,9.668962e-12,-27.754753,2.3082917,0.7694306,0.096,0.0,0.17378835,21.450077,21.480078,2294400
hardzero_plus_depr__c0p54__z1p05__lam0p030__nu0p50__psi1p00,hardzero_plus_depr,0.02,33,717,0.0,1,0.505172,0.505172,1.0458974,0.08997101,0.08997101,1.0,8.442157e-13,9.3831965e-12,-26.687632,2.3010201,0.76700675,0.096,0.0,0.13650532,21.480078,21.510078,2297600
hardzero_plus_depr__c0p54__z1p05__lam0p030__nu0p50__psi1p00,hardzero_plus_depr,0.02,33,718,0.0,1,0.505172,0.505172,1.0293936,0.09345584,0.09345584,1.0,8.509971e-13,9.105874e-12,-26.927523,2.2647111,0.75490373,0.17600001,0.0,0.14314781,21.510078,21.54008,2300800
hardzero_plus_depr__c0p54__z1p05__lam0p030__nu0p50__psi1p00,hardzero_plus_depr,0.02,33,719,0.0,1,0.505172,0.505172,1.0303373,0.093252964,0.093252964,1.0,8.2405296e-13,8.836748e-12,-27.131693,2.2667873,0.7555958,0.15200001,0.0,0.14414917,21.54008,21.57008,2304000
hardzero_plus_depr__c0p54__z1p05__lam0p030__nu0p50__psi1p00,hardzero_plus_depr,0.02,33,720,0.0,1,0.505172,0.505172,1.0586911,0.0,0.087359235,0.0,0.0,8.575577e-12,-28.190823,2.3291671,0.77638906,0.120000005,0.0,0.14790691,21.57008,21.60008,2307200
hardzero_plus_depr__c0p54__z1p05__lam0p030__nu0p50__psi1p00,hardzero_plus_depr,0.02,33,721,0.0,1,0.505172,0.505172,1.0407476,0.09104422,0.09104422,1.0,7.5768135e-13,8.322125e-12,-26.964996,2.2896905,0.7632302,0.15200001,0.0,0.1433289,21.60008,21.630081,2310400
hardzero_plus_depr__c0p54__z1p05__lam0p030__nu0p50__psi1p00,hardzero_plus_depr,0.02,33,722,0.0,1,0.505172,0.505172,1.0100735,0.09770716,0.09770716,1.0,7.8909904e-13,8.076164e-12,-27.01486,2.222206,0.7407354,0.2,0.0,0.13746826,21.630081,21.660082,2313600
hardzero_plus_depr__c0p54__z1p05__lam0p030__nu0p50__psi1p00,hardzero_plus_depr,0.02,33,723,0.0,1,0.505172,0.505172,1.0412165,0.09094598,0.09094598,1.0,7.127866e-13,7.837472e-12,-27.53254,2.290722,0.763574,0.17600001,0.0,0.16801995,21.660082,21.690083,2316800
hardzero_plus_depr__c0p54__z1p05__lam0p030__nu0p50__psi1p00,hardzero_plus_depr,0.02,33,724,0.0,1,0.505172,0.505172,1.0742663,0.0,0.08428177,0.0,0.0,7.6058335e-12,-28.325483,2.3634331,0.78781104,0.192,0.0,0.15636754,21.690083,21.720083,2320000
hardzero_plus_depr__c0p54__z1p05__lam0p030__nu0p50__psi1p00,hardzero_plus_depr,0.02,33,725,0.0,1,0.505172,0.505172,1.015342,0.09652904,0.09652904,1.0,7.1248487e-13,7.381042e-12,-26.697325,2.233797,0.74459904,0.136,0.0,0.13457751,21.720083,21.750084,2323200
hardzero_plus_depr__c0p54__z1p05__lam0p030__nu0p50__psi1p00,hardzero_plus_depr,0.02,33,726,0.0,1,0.505172,0.505172,0.98712707,0.10300846,0.10300846,1.0,7.378387e-13,7.1628944e-12,-26.876116,2.171723,0.72390765,0.224,0.0,0.16155083,21.750084,21.780085,2326400
hardzero_plus_depr__c0p54__z1p05__lam0p030__nu0p50__psi1p00,hardzero_plus_depr,0.02,33,727,0.0,1,0.505172,0.505172,0.99870586,0.10029842,0.10029842,1.0,6.971938e-13,6.9511944e-12,-27.116947,2.1971967,0.7323989,0.15200001,0.0,0.15021805,21.780085,21.810085,2329600
hardzero_plus_depr__c0p54__z1p05__lam0p030__nu0p50__psi1p00,hardzero_plus_depr,0.02,33,728,0.0,1,0.505172,0.505172,0.9877649,0.102857284,0.102857284,1.0,6.9384965e-13,6.745751e-12,-26.592001,2.1731262,0.7243754,0.16,0.0,0.14299752,21.810085,21.840086,2332800
hardzero_plus_depr__c0p54__z1p05__lam0p030__nu0p50__psi1p00,hardzero_plus_depr,0.02,33,729,0.0,1,0.505172,0.505172,1.0248646,0.09443554,0.09443554,1.0,6.182109e-13,6.5463793e-12,-27.30247,2.2547472,0.7515824,0.128,0.0,0.1394875,21.840086,21.870087,2336000
hardzero_plus_depr__c0p54__z1p05__lam0p030__nu0p50__psi1p00,hardzero_plus_depr,0.02,33,730,0.0,1,0.505172,0.505172,1.0219315,0.095075466,0.095075466,1.0,6.0400496e-13,6.3529004e-12,-27.331865,2.2482944,0.7494315,0.18400002,0.008,0.15822399,21.870087,21.900087,2339200
hardzero_plus_depr__c0p54__z1p05__lam0p030__nu0p50__psi1p00,hardzero_plus_depr,0.02,33,731,0.0,1,0.505172,0.505172,1.0756279,0.0,0.08401795,0.0,0.0,6.1651396e-12,-28.224173,2.3664286,0.78880954,0.08800001,0.0,0.15965647,21.900087,21.930088,2342400
hardzero_plus_depr__c0p54__z1p05__lam0p030__nu0p50__psi1p00,hardzero_plus_depr,0.02,33,732,0.0,1,0.505172,0.505172,1.0326755,0.09275224,0.09275224,1.0,5.5492996e-13,5.9829277e-12,-26.35549,2.2719314,0.7573105,0.15200001,0.0,0.13842934,21.930088,21.960089,2345600
hardzero_plus_depr__c0p54__z1p05__lam0p030__nu0p50__psi1p00,hardzero_plus_depr,0.02,33,733,0.0,1,0.505172,0.505172,1.0631846,0.0,0.086460024,0.0,0.0,5.806101e-12,-28.065153,2.339053,0.7796843,0.128,0.0,0.14596477,21.960089,21.99009,2348800
hardzero_plus_depr__c0p54__z1p05__lam0p030__nu0p50__psi1p00,hardzero_plus_depr,0.02,33,734,0.0,1,0.505172,0.505172,1.0784042,0.0,0.08348258,0.0,0.0,5.6345015e-12,-28.042866,2.3725367,0.7908456,0.112,0.0,0.16828656,21.99009,22.02009,2352000
hardzero_plus_depr__c0p54__z1p05__lam0p030__nu0p50__psi1p00,hardzero_plus_depr,0.02,33,735,0.0,1,0.505172,0.505172,0.9723828,0.10656564,0.10656564,1.0,5.8269806e-13,5.4679733e-12,-26.886808,2.1392848,0.71309495,0.120000005,0.0,0.14444162,22.02009,22.05009,2355200
hardzero_plus_depr__c0p54__z1p05__lam0p030__nu0p50__psi1p00,hardzero_plus_depr,0.02,33,736,0.0,1,0.505172,0.505172,0.98732775,0.10296087,0.10296087,1.0,5.463481e-13,5.3063665e-12,-26.95309,2.1721644,0.7240548,0.2,0.0,0.13974892,22.05009,22.080091,2358400
hardzero_plus_depr__c0p54__z1p05__lam0p030__nu0p50__psi1p00,hardzero_plus_depr,0.02,33,737,0.0,1,0.505172,0.505172,1.0358427,0.09207831,0.09207831,1.0,4.741606e-13,5.149536e-12,-27.267572,2.2788994,0.7596332,0.16000001,0.0,0.1233275,22.080091,22.110092,2361600
hardzero_plus_depr__c0p54__z1p05__lam0p030__nu0p50__psi1p00,hardzero_plus_depr,0.02,33,738,0.0,1,0.505172,0.505172,1.0575264,0.0,0.087593846,0.0,0.0,4.9973406e-12,-28.561596,2.3266044,0.7755348,0.17600001,0.0,0.15937196,22.110092,22.140093,2364800
hardzero_plus_depr__c0p54__z1p05__lam0p030__nu0p50__psi1p00,hardzero_plus_depr,0.02,33,739,0.0,1,0.505172,0.505172,1.0428799,0.09059831,0.09059831,1.0,4.3936954e-13,4.849644e-12,-27.812145,2.2943816,0.7647939,0.17600001,0.0,0.16020381,22.140093,22.170094,2368000
hardzero_plus_depr__c0p54__z1p05__lam0p030__nu0p50__psi1p00,hardzero_plus_depr,0.02,33,740,0.0,1,0.505172,0.505172,1.0453492,0.09008464,0.09008464,1.0,4.2396642e-13,4.7063117e-12,-27.38997,2.2998142,0.7666048,0.192,0.0,0.15708575,22.170094,22.200094,2371200
hardzero_plus_depr__c0p54__z1p05__lam0p030__nu0p50__psi1p00,hardzero_plus_depr,0.02,33,741,0.0,1,0.505172,0.505172,1.0108253,0.09753819,0.09753819,1.0,4.4547796e-13,4.567216e-12,-26.634369,2.22386,0.7412867,0.08,0.0,0.12361985,22.200094,22.230095,2374400
hardzero_plus_depr__c0p54__z1p05__lam0p030__nu0p50__psi1p00,hardzero_plus_depr,0.02,33,742,0.0,1,0.505172,0.505172,1.016716,0.09622412,0.09622412,1.0,4.264876e-13,4.4322315e-12,-26.987396,2.23682,0.74560666,0.128,0.0,0.1641245,22.230095,22.260096,2377600
hardzero_plus_depr__c0p54__z1p05__lam0p030__nu0p50__psi1p00,hardzero_plus_depr,0.02,33,743,0.0,1,0.505172,0.505172,1.0352111,0.092212304,0.092212304,1.0,3.9662693e-13,4.3012365e-12,-26.537731,2.27751,0.75917,0.14400001,0.0,0.16084586,22.260096,22.290096,2380800
hardzero_plus_depr__c0p54__z1p05__lam0p030__nu0p50__psi1p00,hardzero_plus_depr,0.02,33,744,0.0,1,0.505172,0.505172,1.0484332,0.089447215,0.089447215,1.0,3.7336274e-13,4.1741124e-12,-28.156044,2.3065991,0.7688664,0.14400001,0.0,0.17186354,22.290096,22.320097,2384000
hardzero_plus_depr__c0p54__z1p05__lam0p030__nu0p50__psi1p00,hardzero_plus_depr,0.02,33,745,0.0,1,0.505172,0.505172,1.0016595,0.099618606,0.099618606,1.0,4.035297e-13,4.0507463e-12,-26.956234,2.2036948,0.73456496,0.112,0.0,0.12995562,22.320097,22.350098,2387200
hardzero_plus_depr__c0p54__z1p05__lam0p030__nu0p50__psi1p00,hardzero_plus_depr,0.02,33,746,0.0,1,0.505172,0.505172,1.0028667,0.099342085,0.099342085,1.0,3.905163e-13,3.9310256e-12,-26.382294,2.2063508,0.73545027,0.16000001,0.0,0.12129433,22.350098,22.380098,2390400
hardzero_plus_depr__c0p54__z1p05__lam0p030__nu0p50__psi1p00,hardzero_plus_depr,0.02,33,747,0.0,1,0.505172,0.505172,1.0503474,0.0,0.08905381,0.0,0.0,3.814844e-12,-27.01888,2.3108106,0.7702702,0.17600001,0.0,0.1539903,22.380098,22.410099,2393600
hardzero_plus_depr__c0p54__z1p05__lam0p030__nu0p50__psi1p00,hardzero_plus_depr,0.02,33,748,0.0,1,0.505172,0.505172,1.0197479,0.09555471,0.09555471,1.0,3.537527e-13,3.702096e-12,-27.21641,2.24349,0.74783003,0.096,0.0,0.12629966,22.410099,22.4401,2396800
hardzero_plus_depr__c0p54__z1p05__lam0p030__nu0p50__psi1p00,hardzero_plus_depr,0.02,33,749,0.0,1,0.505172,0.505172,1.0172434,0.096107356,0.096107356,1.0,3.4528297e-13,3.5926798e-12,-27.252766,2.2379801,0.7459934,0.112,0.0,0.15852866,22.4401,22.4701,2400000
hardzero_plus_depr__c0p54__z1p05__lam0p030__nu0p50__psi1p00,hardzero_plus_depr,0.02,33,750,0.0,1,0.505172,0.505172,0.989163,0.1025267,0.1025267,1.0,3.5745913e-13,3.4864978e-12,-26.178492,2.176202,0.7254007,0.16800001,0.0,0.13139486,22.4701,22.500101,2403200
hardzero_plus_depr__c0p54__z1p05__lam0p030__nu0p50__psi1p00,hardzero_plus_depr,0.02,33,751,0.0,1,0.505172,0.505172,1.0753474,0.0,0.08407223,0.0,0.0,3.3834537e-12,-27.475983,2.3658116,0.7886039,0.15200001,0.0,0.14617977,22.500101,22.530102,2406400
hardzero_plus_depr__c0p54__z1p05__lam0p030__nu0p50__psi1p00,hardzero_plus_depr,0.02,33,752,0.0,1,0.505172,0.505172,1.014336,0.09675291,0.09675291,1.0,3.1768387e-13,3.2834553e-12,-26.934875,2.2315838,0.7438613,0.128,0.0,0.14959154,22.530102,22.560102,2409600
hardzero_plus_depr__c0p54__z1p05__lam0p030__nu0p50__psi1p00,hardzero_plus_depr,0.02,33,753,0.0,1,0.505172,0.505172,1.0715532,0.0,0.08480993,0.0,0.0,3.1864125e-12,-27.817997,2.357464,0.7858214,0.08800001,0.0,0.17427655,22.560102,22.590103,2412800
hardzero_plus_depr__c0p54__z1p05__lam0p030__nu0p50__psi1p00,hardzero_plus_depr,0.02,33,754,0.0,1,0.505172,0.505172,1.0176976,0.096006885,0.096006885,1.0,2.9687608e-13,3.0922374e-12,-26.178507,2.2389793,0.74632645,0.14999999,0.0,0.15411237,22.590103,22.620104,2416000
hardzero_plus_depr__c0p54__z1p05__lam0p030__nu0p50__psi1p00,hardzero_plus_depr,0.02,33,755,0.0,1,0.505172,0.505172,1.0351228,0.09223108,0.09223108,1.0,2.7677125e-13,3.0008459e-12,-27.814463,2.2773156,0.7591052,0.15200001,0.0,0.13312267,22.620104,22.650105,2419200
hardzero_plus_depr__c0p54__z1p05__lam0p030__nu0p50__psi1p00,hardzero_plus_depr,0.02,33,756,0.0,1,0.505172,0.505172,1.0326704,0.09275336,0.09275336,1.0,2.7011222e-13,2.9121558e-12,-27.253992,2.2719202,0.75730675,0.15200001,0.0,0.13735642,22.650105,22.680105,2422400
hardzero_plus_depr__c0p54__z1p05__lam0p030__nu0p50__psi1p00,hardzero_plus_depr,0.02,33,757,0.0,1,0.505172,0.505172,1.0256107,0.09427343,0.09427343,1.0,2.6642488e-13,2.8260866e-12,-27.201597,2.2563887,0.75212955,0.128,0.0,0.14863841,22.680105,22.710106,2425600
hardzero_plus_depr__c0p54__z1p05__lam0p030__nu0p50__psi1p00,hardzero_plus_depr,0.02,33,758,0.0,1,0.505172,0.505172,1.0921643,0.0,0.08087899,0.0,0.0,2.7425612e-12,-27.873995,2.4028094,0.80093646,0.120000005,0.0,0.17260535,22.710106,22.740107,2428800
hardzero_plus_depr__c0p54__z1p05__lam0p030__nu0p50__psi1p00,hardzero_plus_depr,0.02,33,759,0.0,1,0.505172,0.505172,1.0357662,0.09209451,0.09209451,1.0,2.4510992e-13,2.6615043e-12,-27.255293,2.278731,0.75957704,0.17600001,0.0,0.14303456,22.740107,22.770107,2432000
hardzero_plus_depr__c0p54__z1p05__lam0p030__nu0p50__psi1p00,hardzero_plus_depr,0.02,33,760,0.0,1,0.505172,0.505172,1.0033662,0.0992279,0.0992279,1.0,2.5629008e-13,2.582843e-12,-26.8641,2.20745,0.73581666,0.18400002,0.0,0.14951548,22.770107,22.800108,2435200
hardzero_plus_depr__c0p54__z1p05__lam0p030__nu0p50__psi1p00,hardzero_plus_depr,0.02,33,761,0.0,1,0.505172,0.505172,1.0520658,0.0,0.088702135,0.0,0.0,2.506507e-12,-28.113026,2.3145912,0.7715304,0.16000001,0.0,0.13958591,22.800108,22.830109,2438400
hardzero_plus_depr__c0p54__z1p05__lam0p030__nu0p50__psi1p00,hardzero_plus_depr,0.02,33,762,0.0,1,0.505172,0.505172,1.014098,0.09680593,0.09680593,1.0,2.3547337e-13,2.432427e-12,-26.749346,2.2310603,0.7436868,0.120000005,0.0,0.15246743,22.830109,22.86011,2441600
hardzero_plus_depr__c0p54__z1p05__lam0p030__nu0p50__psi1p00,hardzero_plus_depr,0.02,33,763,0.0,1,0.505172,0.505172,1.0888884,0.0,0.081491366,0.0,0.0,2.3605358e-12,-27.90206,2.3956022,0.7985341,0.104,0.0,0.18334737,22.86011,22.89011,2444800
hardzero_plus_depr__c0p54__z1p05__lam0p030__nu0p50__psi1p00,hardzero_plus_depr,0.02,33,764,0.0,1,0.505172,0.505172,0.95767766,0.110235706,0.110235706,1.0,2.5252467e-13,2.2907702e-12,-26.55401,2.1069329,0.702311,0.208,0.0,0.119764864,22.89011,22.92011,2448000
hardzero_plus_depr__c0p54__z1p05__lam0p030__nu0p50__psi1p00,hardzero_plus_depr,0.02,33,765,0.0,1,0.505172,0.505172,1.0862468,0.0,0.081988536,0.0,0.0,2.2230663e-12,-27.293787,2.3897908,0.79659694,0.136,0.0,0.17265345,22.92011,22.950111,2451200
hardzero_plus_depr__c0p54__z1p05__lam0p030__nu0p50__psi1p00,hardzero_plus_depr,0.02,33,766,0.0,1,0.505172,0.505172,1.0765619,0.0,0.08383746,0.0,0.0,2.157363e-12,-27.68404,2.3684835,0.7894945,0.18400002,0.0,0.1551841,22.950111,22.980112,2454400
hardzero_plus_depr__c0p54__z1p05__lam0p030__nu0p50__psi1p00,hardzero_plus_depr,0.02,33,767,0.0,1,0.505172,0.505172,0.99233216,0.10178126,0.10178126,1.0,2.1308945e-13,2.093602e-12,-26.491756,2.1831744,0.7277248,0.24,0.0,0.18216552,22.980112,23.010113,2457600
hardzero_plus_depr__c0p54__z1p05__lam0p030__nu0p50__psi1p00,hardzero_plus_depr,0.02,33,768,0.0,1,0.505172,0.505172,0.9973886,0.100603096,0.100603096,1.0,2.0439787e-13,2.0317255e-12,-26.156054,2.1942987,0.7314329,0.15200001,0.0,0.1458506,23.010113,23.040113,2460800
hardzero_plus_depr__c0p54__z1p05__lam0p030__nu0p50__psi1p00,hardzero_plus_depr,0.02,33,769,0.0,1,0.505172,0.505172,1.0060631,0.09861361,0.09861361,1.0,1.9443423e-13,1.9716774e-12,-26.419641,2.213383,0.73779434,0.136,0.0,0.13107364,23.040113,23.070114,2464000
hardzero_plus_depr__c0p54__z1p05__lam0p030__nu0p50__psi1p00,hardzero_plus_depr,0.02,33,770,0.0,1,0.505172,0.505172,1.0394073,0.09132564,0.09132564,1.0,1.7474287e-13,1.9134043e-12,-27.82048,2.2867415,0.7622472,0.112,0.0,0.1367609,23.070114,23.100115,2467200
hardzero_plus_depr__c0p54__z1p05__lam0p030__nu0p50__psi1p00,hardzero_plus_depr,0.02,33,771,0.0,1,0.505172,0.505172,1.0443553,0.090291046,0.090291046,1.0,1.6765722e-13,1.8568532e-12,-27.409613,2.2976274,0.7658758,0.136,0.0,0.1378573,23.100115,23.130116,2470400
hardzero_plus_depr__c0p54__z1p05__lam0p030__nu0p50__psi1p00,hardzero_plus_depr,0.02,33,772,0.0,1,0.505172,0.505172,1.0266361,0.094051085,0.094051085,1.0,1.6947759e-13,1.8019738e-12,-27.378914,2.2586446,0.7528815,0.14400001,0.0,0.15843862,23.130116,23.160116,2473600
hardzero_plus_depr__c0p54__z1p05__lam0p030__nu0p50__psi1p00,hardzero_plus_depr,0.02,33,773,0.0,1,0.505172,0.505172,1.0658114,0.0,0.08593867,0.0,0.0,1.7487163e-12,-27.991436,2.344832,0.78161067,0.16800001,0.0,0.17568229,23.160116,23.190117,2476800
hardzero_plus_depr__c0p54__z1p05__lam0p030__nu0p50__psi1p00,hardzero_plus_depr,0.02,33,774,0.0,1,0.505172,0.505172,0.96876293,0.107457586,0.107457586,1.0,1.8235902e-13,1.6970326e-12,-25.746107,2.131321,0.71044034,0.24000001,0.0,0.14342353,23.190117,23.220118,2480000
hardzero_plus_depr__c0p54__z1p05__lam0p030__nu0p50__psi1p00,hardzero_plus_depr,0.02,33,775,0.0,1,0.505172,0.505172,1.0846757,0.0,0.08228569,0.0,0.0,1.6468765e-12,-27.738247,2.3863342,0.7954447,0.104,0.0,0.13744497,23.220118,23.250118,2483200
hardzero_plus_depr__c0p54__z1p05__lam0p030__nu0p50__psi1p00,hardzero_plus_depr,0.02,33,776,0.0,1,0.505172,0.505172,1.0152428,0.09655108,0.09655108,1.0,1.5430822e-13,1.5982029e-12,-27.031065,2.233579,0.7445263,0.16800001,0.0,0.16730233,23.250118,23.280119,2486400
hardzero_plus_depr__c0p54__z1p05__lam0p030__nu0p50__psi1p00,hardzero_plus_depr,0.02,33,777,0.0,1,0.505172,0.505172,1.069696,0.0,0.08517342,0.0,0.0,1.5509679e-12,-28.329065,2.353378,0.78445935,0.16000001,0.0,0.15338844,23.280119,23.31012,2489600
hardzero_plus_depr__c0p54__z1p05__lam0p030__nu0p50__psi1p00,hardzero_plus_depr,0.02,33,778,0.0,1,0.505172,0.505172,1.0105113,0.09760874,0.09760874,1.0,1.4691372e-13,1.5051288e-12,-26.292356,2.223169,0.7410564,0.14400001,0.0,0.15976019,23.31012,23.34012,2492800
hardzero_plus_depr__c0p54__z1p05__lam0p030__nu0p50__psi1p00,hardzero_plus_depr,0.02,33,779,0.0,1,0.505172,0.505172,1.0493857,0.08925125,0.08925125,1.0,1.3036436e-13,1.4606446e-12,-27.45217,2.3086946,0.76956487,0.128,0.0,0.15169907,23.34012,23.370121,2496000
hardzero_plus_depr__c0p54__z1p05__lam0p030__nu0p50__psi1p00,hardzero_plus_depr,0.02,33,780,0.0,1,0.505172,0.505172,1.0204629,0.095397525,0.095397525,1.0,1.3522359e-13,1.4174749e-12,-26.00143,2.245063,0.7483544,0.17,0.0,0.14763263,23.370121,23.400122,2499200
hardzero_plus_depr__c0p54__z1p05__lam0p030__nu0p50__psi1p00,hardzero_plus_depr,0.02,33,781,0.0,1,0.505172,0.505172,1.0826954,0.0,0.08266177,0.0,0.0,1.3755813e-12,-29.014442,2.3819773,0.79399246,0.16000001,0.0,0.15348539,23.400122,23.430122,2502400
hardzero_plus_depr__c0p54__z1p05__lam0p030__nu0p50__psi1p00,hardzero_plus_depr,0.02,33,782,0.0,1,0.505172,0.505172,1.031178,0.09307263,0.09307263,1.0,1.2424507e-13,1.3349259e-12,-26.924456,2.268637,0.75621235,0.08800001,0.0,0.13323669,23.430122,23.460123,2505600
hardzero_plus_depr__c0p54__z1p05__lam0p030__nu0p50__psi1p00,hardzero_plus_depr,0.02,33,783,0.0,1,0.505172,0.505172,0.999209,0.100182295,0.100182295,1.0,1.2978335e-13,1.2954719e-12,-27.222395,2.1983037,0.73276794,0.17600001,0.0,0.13622072,23.460123,23.490124,2508800
hardzero_plus_depr__c0p54__z1p05__lam0p030__nu0p50__psi1p00,hardzero_plus_depr,0.02,33,784,0.0,1,0.505172,0.505172,1.0796562,0.0,0.083242245,0.0,0.0,1.257184e-12,-27.803514,2.375291,0.7917637,0.15200001,0.0,0.14347911,23.490124,23.520124,2512000
hardzero_plus_depr__c0p54__z1p05__lam0p030__nu0p50__psi1p00,hardzero_plus_depr,0.02,33,785,0.0,1,0.505172,0.505172,1.0185798,0.09581206,0.09581206,1.0,1.1689338e-13,1.2200278e-12,-27.897394,2.2409203,0.74697345,0.112,0.0,0.1268918,23.520124,23.550125,2515200
hardzero_plus_depr__c0p54__z1p05__lam0p030__nu0p50__psi1p00,hardzero_plus_depr,0.02,33,786,0.0,1,0.505172,0.505172,1.0830257,0.0,0.082598895,0.0,0.0,1.1839697e-12,-28.572966,2.382704,0.7942347,0.136,0.0,0.16157678,23.550125,23.580126,2518400
hardzero_plus_depr__c0p54__z1p05__lam0p030__nu0p50__psi1p00,hardzero_plus_depr,0.02,33,787,0.0,1,0.505172,0.505172,0.9804916,0.10459438,0.10459438,1.0,1.2017656e-13,1.1489773e-12,-26.009956,2.1571245,0.7190415,0.216,0.0,0.13003078,23.580126,23.610126,2521600
hardzero_plus_depr__c0p54__z1p05__lam0p030__nu0p50__psi1p00,hardzero_plus_depr,0.02,33,788,0.0,1,0.505172,0.505172,1.0453881,0.09007657,0.09007657,1.0,1.0043711e-13,1.1150192e-12,-27.723154,2.2998998,0.7666333,0.136,0.0,0.17705998,23.610126,23.640127,2524800
hardzero_plus_depr__c0p54__z1p05__lam0p030__nu0p50__psi1p00,hardzero_plus_depr,0.02,33,789,0.0,1,0.505172,0.505172,1.0308726,0.09313812,0.09313812,1.0,1.0078147e-13,1.0820647e-12,-28.13419,2.267965,0.75598836,0.15200001,0.0,0.167385,23.640127,23.670128,2528000
hardzero_plus_depr__c0p54__z1p05__lam0p030__nu0p50__psi1p00,hardzero_plus_depr,0.02,33,790,0.0,1,0.505172,0.505172,1.0538801,0.0,0.08833237,0.0,0.0,1.0500841e-12,-28.044943,2.3185825,0.7728609,0.136,0.0,0.16648303,23.670128,23.700129,2531200
hardzero_plus_depr__c0p54__z1p05__lam0p030__nu0p50__psi1p00,hardzero_plus_depr,0.02,33,791,0.0,1,0.505172,0.505172,1.085381,0.0,0.08215216,0.0,0.0,1.0190487e-12,-27.52956,2.387886,0.79596204,0.104,0.0,0.15521012,23.700129,23.73013,2534400
hardzero_plus_depr__c0p54__z1p05__lam0p030__nu0p50__psi1p00,hardzero_plus_depr,0.02,33,792,0.0,1,0.505172,0.505172,1.0469326,0.08975681,0.08975681,1.0,8.8763246e-14,9.889305e-13,-28.032703,2.3032978,0.76776594,0.15200001,0.0,0.16141178,23.73013,23.76013,2537600
hardzero_plus_depr__c0p54__z1p05__lam0p030__nu0p50__psi1p00,hardzero_plus_depr,0.02,33,793,0.0,1,0.505172,0.505172,1.0740839,0.0,0.084317185,0.0,0.0,9.597026e-13,-27.051525,2.3630319,0.7876773,0.16,0.0,0.14517729,23.76013,23.79013,2540800
hardzero_plus_depr__c0p54__z1p05__lam0p030__nu0p50__psi1p00,hardzero_plus_depr,0.02,33,794,0.0,1,0.505172,0.505172,0.99036807,0.10224261,0.10224261,1.0,9.5222475e-14,9.313384e-13,-26.99413,2.1788533,0.72628444,0.2,0.0,0.13411793,23.79013,23.820131,2544000
hardzero_plus_depr__c0p54__z1p05__lam0p030__nu0p50__psi1p00,hardzero_plus_depr,0.02,33,795,0.0,1,0.505172,0.505172,1.0346668,0.092327945,0.092327945,1.0,8.344716e-14,9.038126e-13,-26.611921,2.2763124,0.7587708,0.17600001,0.0,0.15791929,23.820131,23.850132,2547200
hardzero_plus_depr__c0p54__z1p05__lam0p030__nu0p50__psi1p00,hardzero_plus_depr,0.02,33,796,0.0,1,0.505172,0.505172,1.0619823,0.0,0.08669972,0.0,0.0,8.771003e-13,-27.956577,2.3364077,0.7788026,0.192,0.0,0.1695273,23.850132,23.880133,2550400
hardzero_plus_depr__c0p54__z1p05__lam0p030__nu0p50__psi1p00,hardzero_plus_depr,0.02,33,797,0.0,1,0.505172,0.505172,1.0532688,0.0,0.088456795,0.0,0.0,8.511774e-13,-27.899569,2.3172376,0.77241254,0.15200001,0.0,0.15768641,23.880133,23.910133,2553600
hardzero_plus_depr__c0p54__z1p05__lam0p030__nu0p50__psi1p00,hardzero_plus_depr,0.02,33,798,0.0,1,0.505172,0.505172,0.9961804,0.10088338,0.10088338,1.0,8.333177e-14,8.2602084e-13,-26.934744,2.1916406,0.7305469,0.14400001,0.0,0.121304095,23.910133,23.940134,2556800
hardzero_plus_depr__c0p54__z1p05__lam0p030__nu0p50__psi1p00,hardzero_plus_depr,0.02,33,799,0.0,1,0.505172,0.505172,1.0334231,0.092592746,0.092592746,1.0,7.422306e-14,8.016077e-13,-27.364588,2.273576,0.7578587,0.128,0.0,0.16860932,23.940134,23.970135,2560000
hardzero_plus_depr__c0p54__z1p05__lam0p030__nu0p50__psi1p00,hardzero_plus_depr,0.02,33,800,0.0,1,0.505172,0.505172,1.0579381,0.0,0.087510854,0.0,0.0,7.7791603e-13,-27.423548,2.3275104,0.7758368,0.18400002,0.0,0.160845,23.970135,24.000135,2563200
hardzero_plus_depr__c0p54__z1p05__lam0p030__nu0p50__psi1p00,hardzero_plus_depr,0.02,33,801,0.0,1,0.505172,0.505172,1.0361265,0.09201816,0.09201816,1.0,6.946678e-14,7.5492466e-13,-26.844677,2.2795238,0.7598413,0.15200001,0.0,0.1405456,24.000135,24.030136,2566400
hardzero_plus_depr__c0p54__z1p05__lam0p030__nu0p50__psi1p00,hardzero_plus_depr,0.02,33,802,0.0,1,0.505172,0.505172,1.013826,0.09686658,0.09686658,1.0,7.096569e-14,7.326127e-13,-27.192114,2.2304618,0.7434873,0.120000005,0.0,0.17102692,24.030136,24.060137,2569600
hardzero_plus_depr__c0p54__z1p05__lam0p030__nu0p50__psi1p00,hardzero_plus_depr,0.02,33,803,0.0,1,0.505172,0.505172,1.1057684,0.0,0.07838475,0.0,0.0,7.109603e-13,-28.050978,2.432739,0.810913,0.104,0.0,0.17227972,24.060137,24.090137,2572800
hardzero_plus_depr__c0p54__z1p05__lam0p030__nu0p50__psi1p00,hardzero_plus_depr,0.02,33,804,0.0,1,0.505172,0.505172,1.0277741,0.09380498,0.09380498,1.0,6.472054e-14,6.8994783e-13,-26.776339,2.2611482,0.7537161,0.136,0.0,0.1311909,24.090137,24.120138,2576000
hardzero_plus_depr__c0p54__z1p05__lam0p030__nu0p50__psi1p00,hardzero_plus_depr,0.02,33,805,0.0,1,0.505172,0.505172,1.0399233,0.09121719,0.09121719,1.0,6.107504e-14,6.6955626e-13,-27.026018,2.287877,0.7626257,0.104,0.0,0.13929759,24.120138,24.150139,2579200
hardzero_plus_depr__c0p54__z1p05__lam0p030__nu0p50__psi1p00,hardzero_plus_depr,0.02,33,806,0.0,1,0.505172,0.505172,1.0192145,0.09567214,0.09567214,1.0,6.216464e-14,6.4976746e-13,-26.927631,2.2423167,0.7474389,0.14999999,0.0,0.15350461,24.150139,24.18014,2582400
hardzero_plus_depr__c0p54__z1p05__lam0p030__nu0p50__psi1p00,hardzero_plus_depr,0.02,33,807,0.0,1,0.505172,0.505172,1.00722,0.09835127,0.09835127,1.0,6.2016723e-14,6.305635e-13,-26.873032,2.2159283,0.7386428,0.224,0.0,0.17671709,24.18014,24.21014,2585600
hardzero_plus_depr__c0p54__z1p05__lam0p030__nu0p50__psi1p00,hardzero_plus_depr,0.02,33,808,0.0,1,0.505172,0.505172,1.0562454,0.0,0.08785258,0.0,0.0,6.1192707e-13,-28.11215,2.3237863,0.77459544,0.15200001,0.0,0.13749649,24.21014,24.24014,2588800
hardzero_plus_depr__c0p54__z1p05__lam0p030__nu0p50__psi1p00,hardzero_plus_depr,0.02,33,809,0.0,1,0.505172,0.505172,1.0477755,0.089582756,0.089582756,1.0,5.319796e-14,5.938415e-13,-28.345232,2.3051522,0.7683841,0.136,0.0,0.1674105,24.24014,24.270142,2592000
hardzero_plus_depr__c0p54__z1p05__lam0p030__nu0p50__psi1p00,hardzero_plus_depr,0.02,33,810,0.0,1,0.505172,0.505172,1.050727,0.0,0.08897603,0.0,0.0,5.762904e-13,-27.553965,2.3116455,0.7705485,0.216,0.008,0.13794518,24.270142,24.300142,2595200
hardzero_plus_depr__c0p54__z1p05__lam0p030__nu0p50__psi1p00,hardzero_plus_depr,0.02,33,811,0.0,1,0.505172,0.505172,1.0295205,0.09342853,0.09342853,1.0,5.225066e-14,5.592581e-13,-27.448475,2.2649903,0.7549968,0.128,0.0,0.15509813,24.300142,24.330143,2598400
hardzero_plus_depr__c0p54__z1p05__lam0p030__nu0p50__psi1p00,hardzero_plus_depr,0.02,33,812,0.0,1,0.505172,0.505172,1.0590124,0.0,0.08729463,0.0,0.0,5.427291e-13,-27.56723,2.3298738,0.7766246,0.216,0.0,0.14484869,24.330143,24.360144,2601600
hardzero_plus_depr__c0p54__z1p05__lam0p030__nu0p50__psi1p00,hardzero_plus_depr,0.02,33,813,0.0,1,0.505172,0.505172,1.0175881,0.096031085,0.096031085,1.0,5.057849e-14,5.266887e-13,-26.96841,2.2387385,0.7462462,0.15200001,0.0,0.1445465,24.360144,24.390144,2604800
hardzero_plus_depr__c0p54__z1p05__lam0p030__nu0p50__psi1p00,hardzero_plus_depr,0.02,33,814,0.0,1,0.505172,0.505172,1.0086769,0.098021895,0.098021895,1.0,5.0101186e-14,5.111224e-13,-26.97296,2.2191334,0.73971117,0.16800001,0.008,0.1362777,24.390144,24.420145,2608000
hardzero_plus_depr__c0p54__z1p05__lam0p030__nu0p50__psi1p00,hardzero_plus_depr,0.02,33,815,0.0,1,0.505172,0.505172,1.0659738,0.0,0.08590653,0.0,0.0,4.9601604e-13,-27.92068,2.345189,0.7817297,0.16800001,0.0,0.17345977,24.420145,24.450146,2611200
hardzero_plus_depr__c0p54__z1p05__lam0p030__nu0p50__psi1p00,hardzero_plus_depr,0.02,33,816,0.0,1,0.505172,0.505172,1.0720617,0.0,0.08471071,0.0,0.0,4.813563e-13,-28.609138,2.3585827,0.78619426,0.136,0.0,0.18899512,24.450146,24.480146,2614400
hardzero_plus_depr__c0p54__z1p05__lam0p030__nu0p50__psi1p00,hardzero_plus_depr,0.02,33,817,0.0,1,0.505172,0.505172,1.0203284,0.09542708,0.09542708,1.0,4.4576823e-14,4.671297e-13,-27.181295,2.2447672,0.7482557,0.16800001,0.0,0.1328874,24.480146,24.510147,2617600
hardzero_plus_depr__c0p54__z1p05__lam0p030__nu0p50__psi1p00,hardzero_plus_depr,0.02,33,818,0.0,1,0.505172,0.505172,1.0199759,0.09550455,0.09550455,1.0,4.329447e-14,4.5332363e-13,-27.025423,2.2439919,0.7479973,0.112,0.0,0.12914298,24.510147,24.540148,2620800
hardzero_plus_depr__c0p54__z1p05__lam0p030__nu0p50__psi1p00,hardzero_plus_depr,0.02,33,819,0.0,1,0.505172,0.505172,0.9858251,0.10331772,0.10331772,1.0,4.545211e-14,4.3992558e-13,-26.07615,2.1688585,0.72295284,0.14,0.0,0.12422586,24.540148,24.570148,2624000
hardzero_plus_depr__c0p54__z1p05__lam0p030__nu0p50__psi1p00,hardzero_plus_depr,0.02,33,820,0.0,1,0.505172,0.505172,1.0514596,0.0,0.08882607,0.0,0.0,4.2692352e-13,-27.309032,2.3132572,0.77108574,0.192,0.0,0.14746569,24.570148,24.60015,2627200
hardzero_plus_depr__c0p54__z1p05__lam0p030__nu0p50__psi1p00,hardzero_plus_depr,0.02,33,821,0.0,1,0.505172,0.505172,1.0235106,0.09473041,0.09473041,1.0,3.9247353e-14,4.1430577e-13,-27.099842,2.2517684,0.7505895,0.192,0.0,0.16791056,24.60015,24.63015,2630400
hardzero_plus_depr__c0p54__z1p05__lam0p030__nu0p50__psi1p00,hardzero_plus_depr,0.02,33,822,0.0,1,0.505172,0.505172,0.9887539,0.10262333,0.10262333,1.0,4.1260825e-14,4.0206087e-13,-26.905306,2.175302,0.7251007,0.17600001,0.0,0.15581918,24.63015,24.66015,2633600
hardzero_plus_depr__c0p54__z1p05__lam0p030__nu0p50__psi1p00,hardzero_plus_depr,0.02,33,823,0.0,1,0.505172,0.505172,1.0719603,0.0,0.084730476,0.0,0.0,3.901779e-13,-27.94465,2.3583598,0.78611994,0.136,0.0,0.17449093,24.66015,24.690151,2636800
hardzero_plus_depr__c0p54__z1p05__lam0p030__nu0p50__psi1p00,hardzero_plus_depr,0.02,33,824,0.0,1,0.505172,0.505172,1.0260787,0.0941719,0.0941719,1.0,3.5657827e-14,3.7864617e-13,-27.00509,2.2574182,0.75247276,0.16000001,0.0,0.15730506,24.690151,24.720152,2640000
hardzero_plus_depr__c0p54__z1p05__lam0p030__nu0p50__psi1p00,hardzero_plus_depr,0.02,33,825,0.0,1,0.505172,0.505172,1.0415924,0.0908673,0.0908673,1.0,3.3389666e-14,3.6745523e-13,-27.32176,2.291549,0.7638497,0.112,0.0,0.14183919,24.720152,24.750153,2643200
hardzero_plus_depr__c0p54__z1p05__lam0p030__nu0p50__psi1p00,hardzero_plus_depr,0.02,33,826,0.0,1,0.505172,0.505172,1.0282763,0.09369657,0.09369657,1.0,3.3411736e-14,3.5659507e-13,-26.327467,2.262253,0.75408435,0.17600001,0.0,0.15297407,24.750153,24.780153,2646400
hardzero_plus_depr__c0p54__z1p05__lam0p030__nu0p50__psi1p00,hardzero_plus_depr,0.02,33,827,0.0,1,0.505172,0.505172,1.0105957,0.09758978,0.09758978,1.0,3.3771512e-14,3.460558e-13,-26.780764,2.2233548,0.7411183,0.15200001,0.0,0.14533015,24.780153,24.810154,2649600
hardzero_plus_depr__c0p54__z1p05__lam0p030__nu0p50__psi1p00,hardzero_plus_depr,0.02,33,828,0.0,1,0.505172,0.505172,1.0073482,0.09832224,0.09832224,1.0,3.301937e-14,3.358281e-13,-26.792536,2.2162104,0.7387368,0.120000005,0.0,0.14132299,24.810154,24.840155,2652800
hardzero_plus_depr__c0p54__z1p05__lam0p030__nu0p50__psi1p00,hardzero_plus_depr,0.02,33,829,0.0,1,0.505172,0.505172,1.0170164,0.096157596,0.096157596,1.0,3.1338013e-14,3.2590263e-13,-27.547373,2.2374809,0.74582696,0.120000005,0.0,0.16444361,24.840155,24.870155,2656000
hardzero_plus_depr__c0p54__z1p05__lam0p030__nu0p50__psi1p00,hardzero_plus_depr,0.02,33,830,0.0,1,0.505172,0.505172,1.0376983,0.09168573,0.09168573,1.0,2.89975e-14,3.1627058e-13,-27.724161,2.2829819,0.76099396,0.208,0.0,0.17133886,24.870155,24.900156,2659200
hardzero_plus_depr__c0p54__z1p05__lam0p030__nu0p50__psi1p00,hardzero_plus_depr,0.02,33,831,0.0,1,0.505172,0.505172,1.035283,0.09219704,0.09219704,1.0,2.8297406e-14,3.0692316e-13,-27.1414,2.277668,0.7592227,0.17600001,0.0,0.16716896,24.900156,24.930157,2662400
hardzero_plus_depr__c0p54__z1p05__lam0p030__nu0p50__psi1p00,hardzero_plus_depr,0.02,33,832,0.0,1,0.505172,0.505172,1.0002939,0.09993236,0.09993236,1.0,2.976505e-14,2.9785197e-13,-26.595644,2.2006905,0.73356354,0.17999999,0.0,0.121405385,24.930157,24.960157,2665600
hardzero_plus_depr__c0p54__z1p05__lam0p030__nu0p50__psi1p00,hardzero_plus_depr,0.02,33,833,0.0,1,0.505172,0.505172,1.0292073,0.09349591,0.09349591,1.0,2.7024893e-14,2.8904892e-13,-26.844423,2.2643013,0.7547671,0.120000005,0.0,0.12779468,24.960157,24.990158,2668800
hardzero_plus_depr__c0p54__z1p05__lam0p030__nu0p50__psi1p00,hardzero_plus_depr,0.02,33,834,0.0,1,0.505172,0.505172,1.011344,0.09742177,0.09742177,1.0,2.7327397e-14,2.8050606e-13,-27.597834,2.225001,0.74166703,0.18400002,0.0,0.16614406,24.990158,25.020159,2672000
hardzero_plus_depr__c0p54__z1p05__lam0p030__nu0p50__psi1p00,hardzero_plus_depr,0.02,33,835,0.0,1,0.505172,0.505172,1.047444,0.089651175,0.089651175,1.0,2.4404452e-14,2.7221565e-13,-27.611113,2.3044229,0.768141,0.14400001,0.0,0.1660876,25.020159,25.05016,2675200
hardzero_plus_depr__c0p54__z1p05__lam0p030__nu0p50__psi1p00,hardzero_plus_depr,0.02,33,836,0.0,1,0.505172,0.505172,1.0161064,0.0963593,0.0963593,1.0,2.5455265e-14,2.641703e-13,-27.131224,2.2354786,0.74515957,0.17600001,0.0,0.1503424,25.05016,25.08016,2678400
hardzero_plus_depr__c0p54__z1p05__lam0p030__nu0p50__psi1p00,hardzero_plus_depr,0.02,33,837,0.0,1,0.505172,0.505172,0.95971346,0.109720185,0.109720185,1.0,2.8128162e-14,2.563627e-13,-25.87773,2.1114118,0.70380396,0.16800001,0.0,0.13221401,25.08016,25.11016,2681600
hardzero_plus_depr__c0p54__z1p05__lam0p030__nu0p50__psi1p00,hardzero_plus_depr,0.02,33,838,0.0,1,0.505172,0.505172,1.0407267,0.091048606,0.091048606,1.0,2.2651606e-14,2.4878586e-13,-27.168629,2.2896445,0.7632148,0.104,0.008,0.14790042,25.11016,25.140162,2684800
hardzero_plus_depr__c0p54__z1p05__lam0p030__nu0p50__psi1p00,hardzero_plus_depr,0.02,33,839,0.0,1,0.505172,0.505172,1.0563318,0.0,0.08783512,0.0,0.0,2.4143299e-13,-27.809166,2.3239763,0.7746588,0.17600001,0.0,0.18356392,25.140162,25.170162,2688000
hardzero_plus_depr__c0p54__z1p05__lam0p030__nu0p50__psi1p00,hardzero_plus_depr,0.02,33,840,0.0,1,0.505172,0.505172,1.1054507,0.0,0.078442104,0.0,0.0,2.342974e-13,-28.902407,2.4320402,0.8106801,0.112,0.0,0.1641258,25.170162,25.200163,2691200
hardzero_plus_depr__c0p54__z1p05__lam0p030__nu0p50__psi1p00,hardzero_plus_depr,0.02,33,841,0.0,1,0.505172,0.505172,1.0500224,0.0,0.08912051,0.0,0.0,2.2737269e-13,-28.092598,2.3100953,0.7700318,0.128,0.0,0.19602671,25.200163,25.230164,2694400
hardzero_plus_depr__c0p54__z1p05__lam0p030__nu0p50__psi1p00,hardzero_plus_depr,0.02,33,842,0.0,1,0.505172,0.505172,1.081423,0.0,0.08290427,0.0,0.0,2.2065265e-13,-29.20372,2.3791783,0.79305947,0.16000001,0.0,0.14226733,25.230164,25.260164,2697600
hardzero_plus_depr__c0p54__z1p05__lam0p030__nu0p50__psi1p00,hardzero_plus_depr,0.02,33,843,0.0,1,0.505172,0.505172,1.0108925,0.09752309,0.09752309,1.0,2.0882742e-14,2.1413124e-13,-27.210215,2.2240078,0.741336,0.15200001,0.0,0.14844538,25.260164,25.290165,2700800
hardzero_plus_depr__c0p54__z1p05__lam0p030__nu0p50__psi1p00,hardzero_plus_depr,0.02,33,844,0.0,1,0.505172,0.505172,1.062105,0.0,0.08667525,0.0,0.0,2.0780257e-13,-27.583916,2.3366776,0.7788925,0.216,0.0,0.19161928,25.290165,25.320166,2704000
hardzero_plus_depr__c0p54__z1p05__lam0p030__nu0p50__psi1p00,hardzero_plus_depr,0.02,33,845,0.0,1,0.505172,0.505172,1.0433625,0.09049768,0.09049768,1.0,1.8249847e-14,2.0166093e-13,-27.355347,2.2954433,0.7651478,0.17,0.0,0.14998312,25.320166,25.350166,2707200
hardzero_plus_depr__c0p54__z1p05__lam0p030__nu0p50__psi1p00,hardzero_plus_depr,0.02,33,846,0.0,1,0.505172,0.505172,1.0500568,0.0,0.08911343,0.0,0.0,1.9570082e-13,-27.62321,2.3101711,0.7700571,0.16800001,0.0,0.14996059,25.350166,25.380167,2710400
hardzero_plus_depr__c0p54__z1p05__lam0p030__nu0p50__psi1p00,hardzero_plus_depr,0.02,33,847,0.0,1,0.505172,0.505172,0.9856894,0.10335003,0.10335003,1.0,1.9627912e-14,1.8991685e-13,-27.21366,2.16856,0.72285336,0.136,0.0,0.13962145,25.380167,25.410168,2713600
hardzero_plus_depr__c0p54__z1p05__lam0p030__nu0p50__psi1p00,hardzero_plus_depr,0.02,33,848,0.0,1,0.505172,0.505172,1.0485804,0.0894169,0.0894169,1.0,1.6479878e-14,1.8430384e-13,-27.149895,2.306923,0.7689743,0.15200001,0.0,0.1649005,25.410168,25.440168,2716800
hardzero_plus_depr__c0p54__z1p05__lam0p030__nu0p50__psi1p00,hardzero_plus_depr,0.02,33,849,0.0,1,0.505172,0.505172,1.0049998,0.098855376,0.098855376,1.0,1.7680947e-14,1.7885671e-13,-26.437218,2.2110436,0.73701453,0.16000001,0.0,0.14347409,25.440168,25.47017,2720000
hardzero_plus_depr__c0p54__z1p05__lam0p030__nu0p50__psi1p00,hardzero_plus_depr,0.02,33,850,0.0,1,0.505172,0.505172,1.0123451,0.09719745,0.09719745,1.0,1.6870618e-14,1.7357058e-13,-27.57175,2.2272036,0.74240124,0.16800001,0.0,0.15781489,25.47017,25.50017,2723200
hardzero_plus_depr__c0p54__z1p05__lam0p030__nu0p50__psi1p00,hardzero_plus_depr,0.02,33,851,0.0,1,0.505172,0.505172,1.0220386,0.09505203,0.09505203,1.0,1.601063e-14,1.6844069e-13,-26.710722,2.2485297,0.74950993,0.17600001,0.0,0.1866573,25.50017,25.53017,2726400
hardzero_plus_depr__c0p54__z1p05__lam0p030__nu0p50__psi1p00,hardzero_plus_depr,0.02,33,852,0.0,1,0.505172,0.505172,1.0506355,0.0,0.088994786,0.0,0.0,1.6346238e-13,-27.96485,2.311444,0.77048135,0.18400002,0.0,0.16837578,25.53017,25.560171,2729600
hardzero_plus_depr__c0p54__z1p05__lam0p030__nu0p50__psi1p00,hardzero_plus_depr,0.02,33,853,0.0,1,0.505172,0.505172,1.0201389,0.09546872,0.09546872,1.0,1.514432e-14,1.5863123e-13,-27.329086,2.2443504,0.74811685,0.16000001,0.0,0.14200075,25.560171,25.590172,2732800
hardzero_plus_depr__c0p54__z1p05__lam0p030__nu0p50__psi1p00,hardzero_plus_depr,0.02,33,854,0.0,1,0.505172,0.505172,1.0256006,0.094275616,0.094275616,1.0,1.4513057e-14,1.5394286e-13,-27.067915,2.2563663,0.7521221,0.18400002,0.0,0.15258591,25.590172,25.620173,2736000
hardzero_plus_depr__c0p54__z1p05__lam0p030__nu0p50__psi1p00,hardzero_plus_depr,0.02,33,855,0.0,1,0.505172,0.505172,0.980297,0.10464125,0.10464125,1.0,1.5632676e-14,1.4939306e-13,-26.790377,2.1566966,0.7188989,0.2,0.0,0.14192624,25.620173,25.650173,2739200
hardzero_plus_depr__c0p54__z1p05__lam0p030__nu0p50__psi1p00,hardzero_plus_depr,0.02,33,856,0.0,1,0.505172,0.505172,1.0253965,0.094319925,0.094319925,1.0,1.367429e-14,1.4497774e-13,-26.312763,2.2559173,0.75197244,0.112,0.0,0.11512045,25.650173,25.680174,2742400
hardzero_plus_depr__c0p54__z1p05__lam0p030__nu0p50__psi1p00,hardzero_plus_depr,0.02,33,857,0.0,1,0.505172,0.505172,1.0767374,0.0,0.08380358,0.0,0.0,1.4069289e-13,-27.611013,2.3688695,0.7896232,0.112,0.0,0.17024034,25.680174,25.710175,2745600
hardzero_plus_depr__c0p54__z1p05__lam0p030__nu0p50__psi1p00,hardzero_plus_depr,0.02,33,858,0.0,1,0.505172,0.505172,1.0308994,0.09313236,0.09313236,1.0,1.2715799e-14,1.365347e-13,-27.193491,2.268024,0.756008,0.11,0.0,0.1324936,25.710175,25.740175,2748800
hardzero_plus_depr__c0p54__z1p05__lam0p030__nu0p50__psi1p00,hardzero_plus_depr,0.02,33,859,0.0,1,0.505172,0.505172,1.0021263,0.09951157,0.09951157,1.0,1.3185225e-14,1.3249941e-13,-27.184958,2.204722,0.7349073,0.14400001,0.0,0.1370531,25.740175,25.770176,2752000
hardzero_plus_depr__c0p54__z1p05__lam0p030__nu0p50__psi1p00,hardzero_plus_depr,0.02,33,860,0.0,1,0.505172,0.505172,1.0950869,0.0,0.080336526,0.0,0.0,1.2858336e-13,-28.132557,2.4092393,0.8030798,0.112,0.0,0.13629746,25.770176,25.800177,2755200
hardzero_plus_depr__c0p54__z1p05__lam0p030__nu0p50__psi1p00,hardzero_plus_depr,0.02,33,861,0.0,1,0.505172,0.505172,1.0143144,0.0967577,0.0967577,1.0,1.2073724e-14,1.2478308e-13,-26.527584,2.2315361,0.7438454,0.16000001,0.0,0.16524325,25.800177,25.830177,2758400
hardzero_plus_depr__c0p54__z1p05__lam0p030__nu0p50__psi1p00,hardzero_plus_depr,0.02,33,862,0.0,1,0.505172,0.505172,1.0637039,0.0,0.08635671,0.0,0.0,1.2109508e-13,-27.501978,2.3401954,0.7800652,0.128,0.0,0.15131672,25.830177,25.860178,2761600
hardzero_plus_depr__c0p54__z1p05__lam0p030__nu0p50__psi1p00,hardzero_plus_depr,0.02,33,863,0.0,1,0.505172,0.505172,1.006066,0.09861296,0.09861296,1.0,1.158861e-14,1.175161e-13,-26.779211,2.2133894,0.7377965,0.192,0.0,0.14912748,25.860178,25.890179,2764800
hardzero_plus_depr__c0p54__z1p05__lam0p030__nu0p50__psi1p00,hardzero_plus_depr,0.02,33,864,0.0,1,0.505172,0.505172,1.0099016,0.09774584,0.09774584,1.0,1.11472196e-14,1.140429e-13,-27.265553,2.221828,0.74060935,0.120000005,0.0,0.1515951,25.890179,25.92018,2768000
hardzero_plus_depr__c0p54__z1p05__lam0p030__nu0p50__psi1p00,hardzero_plus_depr,0.02,33,865,0.0,1,0.505172,0.505172,1.0244426,0.094527334,0.094527334,1.0,1.0461562e-14,1.1067234e-13,-26.65559,2.2538185,0.75127286,0.096,0.0,0.14274172,25.92018,25.95018,2771200
hardzero_plus_depr__c0p54__z1p05__lam0p030__nu0p50__psi1p00,hardzero_plus_depr,0.02,33,866,0.0,1,0.505172,0.505172,1.0151615,0.096569166,0.096569166,1.0,1.0371665e-14,1.0740141e-13,-26.381279,2.2333999,0.74446666,0.17600001,0.0,0.1481565,25.95018,25.98018,2774400
hardzero_plus_depr__c0p54__z1p05__lam0p030__nu0p50__psi1p00,hardzero_plus_depr,0.02,33,867,0.0,1,0.505172,0.505172,1.0160522,0.09637131,0.09637131,1.0,1.0044506e-14,1.0422715e-13,-26.821354,2.2353597,0.7451199,0.15200001,0.0,0.14337689,25.98018,26.010181,2777600
hardzero_plus_depr__c0p54__z1p05__lam0p030__nu0p50__psi1p00,hardzero_plus_depr,0.02,33,868,0.0,1,0.505172,0.505172,1.0573983,0.0,0.087619685,0.0,0.0,1.01146705e-13,-27.185598,2.3263228,0.77544093,0.120000005,0.0,0.12534024,26.010181,26.040182,2780800
hardzero_plus_depr__c0p54__z1p05__lam0p030__nu0p50__psi1p00,hardzero_plus_depr,0.02,33,869,0.0,1,0.505172,0.505172,1.1195515,0.0,0.075936124,0.0,0.0,9.8157295e-14,-28.803482,2.4630625,0.82102084,0.136,0.0,0.2043469,26.040182,26.070183,2784000
hardzero_plus_depr__c0p54__z1p05__lam0p030__nu0p50__psi1p00,hardzero_plus_depr,0.02,33,870,0.0,1,0.505172,0.505172,1.0568626,0.0,0.08772784,0.0,0.0,9.525625e-14,-27.540941,2.325144,0.775048,0.15200001,0.0,0.12619013,26.070183,26.100183,2787200
hardzero_plus_depr__c0p54__z1p05__lam0p030__nu0p50__psi1p00,hardzero_plus_depr,0.02,33,871,0.0,1,0.505172,0.505172,1.0382926,0.09156034,0.09156034,1.0,8.463923e-15,9.2440934e-14,-27.336317,2.2842894,0.7614298,0.17999999,0.0,0.14115481,26.100183,26.130184,2790400
hardzero_plus_depr__c0p54__z1p05__lam0p030__nu0p50__psi1p00,hardzero_plus_depr,0.02,33,872,0.0,1,0.505172,0.505172,1.0206872,0.095348254,0.095348254,1.0,8.55358e-15,8.9708826e-14,-27.244297,2.2455568,0.74851894,0.16800001,0.0,0.13742378,26.130184,26.160185,2793600
hardzero_plus_depr__c0p54__z1p05__lam0p030__nu0p50__psi1p00,hardzero_plus_depr,0.02,33,873,0.0,1,0.505172,0.505172,1.0231757,0.094803475,0.094803475,1.0,8.253351e-15,8.705748e-14,-26.39109,2.2510316,0.7503439,0.16000001,0.0,0.13954158,26.160185,26.190186,2796800
hardzero_plus_depr__c0p54__z1p05__lam0p030__nu0p50__psi1p00,hardzero_plus_depr,0.02,33,874,0.0,1,0.505172,0.505172,1.1286613,0.0,0.074359894,0.0,0.0,8.4484476e-14,-28.55822,2.4831045,0.8277015,0.136,0.0,0.15073843,26.190186,26.220186,2800000
hardzero_plus_depr__c0p54__z1p05__lam0p030__nu0p50__psi1p00,hardzero_plus_depr,0.02,33,875,0.0,1,0.505172,0.505172,1.0626026,0.0,0.08657597,0.0,0.0,8.198753e-14,-28.24861,2.3377724,0.7792575,0.080000006,0.0,0.15555125,26.220186,26.250187,2803200
hardzero_plus_depr__c0p54__z1p05__lam0p030__nu0p50__psi1p00,hardzero_plus_depr,0.02,33,876,0.0,1,0.505172,0.505172,1.0027256,0.099374376,0.099374376,1.0,7.9066595e-15,7.956437e-14,-27.484692,2.2060404,0.7353468,0.16000001,0.0,0.15847838,26.250187,26.280188,2806400
hardzero_plus_depr__c0p54__z1p05__lam0p030__nu0p50__psi1p00,hardzero_plus_depr,0.02,33,877,0.0,1,0.505172,0.505172,1.0579431,0.0,0.087509826,0.0,0.0,7.721285e-14,-27.416824,2.3275213,0.77584046,0.104,0.0,0.17657359,26.280188,26.310188,2809600
hardzero_plus_depr__c0p54__z1p05__lam0p030__nu0p50__psi1p00,hardzero_plus_depr,0.02,33,878,0.0,1,0.505172,0.505172,1.0302687,0.09326771,0.09326771,1.0,6.9886245e-15,7.4930805e-14,-27.571522,2.2666364,0.7555455,0.16800001,0.0,0.15095887,26.310188,26.340189,2812800
hardzero_plus_depr__c0p54__z1p05__lam0p030__nu0p50__psi1p00,hardzero_plus_depr,0.02,33,879,0.0,1,0.505172,0.505172,0.9721134,0.10663177,0.10663177,1.0,7.753858e-15,7.271621e-14,-26.898796,2.1386921,0.7128974,0.16000001,0.0,0.14981173,26.340189,26.37019,2816000
hardzero_plus_depr__c0p54__z1p05__lam0p030__nu0p50__psi1p00,hardzero_plus_depr,0.02,33,880,0.0,1,0.505172,0.505172,1.002725,0.09937452,0.09937452,1.0,7.012569e-15,7.0567074e-14,-27.148897,2.2060392,0.73534644,0.120000005,0.0,0.12444274,26.37019,26.40019,2819200
hardzero_plus_depr__c0p54__z1p05__lam0p030__nu0p50__psi1p00,hardzero_plus_depr,0.02,33,881,0.0,1,0.505172,0.505172,1.038278,0.09156342,0.09156342,1.0,6.270396e-15,6.8481455e-14,-27.369663,2.2842572,0.76141906,0.136,0.0,0.14336759,26.40019,26.430191,2822400
hardzero_plus_depr__c0p54__z1p05__lam0p030__nu0p50__psi1p00,hardzero_plus_depr,0.02,33,882,0.0,1,0.505172,0.505172,1.0107455,0.0975561,0.0975561,1.0,6.4833325e-15,6.645748e-14,-26.5774,2.2236845,0.7412282,0.192,0.0,0.14697383,26.430191,26.460192,2825600
hardzero_plus_depr__c0p54__z1p05__lam0p030__nu0p50__psi1p00,hardzero_plus_depr,0.02,33,883,0.0,1,0.505172,0.505172,0.999623,0.10008684,0.10008684,1.0,6.4549323e-15,6.449332e-14,-26.900196,2.1992145,0.7330715,0.16800001,0.0,0.13108587,26.460192,26.490192,2828800
hardzero_plus_depr__c0p54__z1p05__lam0p030__nu0p50__psi1p00,hardzero_plus_depr,0.02,33,884,0.0,1,0.505172,0.505172,1.0025648,0.099411175,0.099411175,1.0,6.2218682e-15,6.258721e-14,-26.358524,2.2056866,0.7352289,0.16,0.0,0.13742968,26.490192,26.520193,2832000
hardzero_plus_depr__c0p54__z1p05__lam0p030__nu0p50__psi1p00,hardzero_plus_depr,0.02,33,885,0.0,1,0.505172,0.505172,0.9814282,0.104369074,0.104369074,1.0,6.3391103e-15,6.073744e-14,-26.425882,2.1591852,0.7197284,0.208,0.0,0.13447167,26.520193,26.550194,2835200
hardzero_plus_depr__c0p54__z1p05__lam0p030__nu0p50__psi1p00,hardzero_plus_depr,0.02,33,886,0.0,1,0.505172,0.505172,1.0486467,0.08940325,0.08940325,1.0,5.269636e-15,5.894233e-14,-27.511333,2.3070688,0.76902294,0.14400001,0.0,0.1462854,26.550194,26.580194,2838400
hardzero_plus_depr__c0p54__z1p05__lam0p030__nu0p50__psi1p00,hardzero_plus_depr,0.02,33,887,0.0,1,0.505172,0.505172,1.0285466,0.093638286,0.093638286,1.0,5.3561366e-15,5.7200284e-14,-27.038593,2.2628477,0.7542826,0.17600001,0.0,0.1358775,26.580194,26.610195,2841600
hardzero_plus_depr__c0p54__z1p05__lam0p030__nu0p50__psi1p00,hardzero_plus_depr,0.02,33,888,0.0,1,0.505172,0.505172,1.0325682,0.09277518,0.09277518,1.0,5.1499247e-15,5.5509725e-14,-27.532461,2.2716954,0.75723183,0.18400002,0.0,0.14851408,26.610195,26.640196,2844800
hardzero_plus_depr__c0p54__z1p05__lam0p030__nu0p50__psi1p00,hardzero_plus_depr,0.02,33,889,0.0,1,0.505172,0.505172,1.0406756,0.091059305,0.091059305,1.0,4.905285e-15,5.3869127e-14,-27.374998,2.2895322,0.7631774,0.2,0.0,0.13513915,26.640196,26.670197,2848000
hardzero_plus_depr__c0p54__z1p05__lam0p030__nu0p50__psi1p00,hardzero_plus_depr,0.02,33,890,0.0,1,0.505172,0.505172,1.1094154,0.0,0.07772926,0.0,0.0,5.2277017e-14,-29.68736,2.4407628,0.8135876,0.136,0.0,0.19246502,26.670197,26.700197,2851200
hardzero_plus_depr__c0p54__z1p05__lam0p030__nu0p50__psi1p00,hardzero_plus_depr,0.02,33,891,0.0,1,0.505172,0.505172,0.96553606,0.10825898,0.10825898,1.0,5.4921904e-15,5.073196e-14,-26.116793,2.1242218,0.708074,0.256,0.0,0.11865779,26.700197,26.730198,2854400
hardzero_plus_depr__c0p54__z1p05__lam0p030__nu0p50__psi1p00,hardzero_plus_depr,0.02,33,892,0.0,1,0.505172,0.505172,1.0484076,0.08945248,0.08945248,1.0,4.403976e-15,4.9232574e-14,-26.703823,2.3065426,0.7688476,0.16800001,0.0,0.13959156,26.730198,26.760199,2857600
hardzero_plus_depr__c0p54__z1p05__lam0p030__nu0p50__psi1p00,hardzero_plus_depr,0.02,33,893,0.0,1,0.505172,0.505172,1.0385371,0.09150879,0.09150879,1.0,4.3720614e-15,4.77775e-14,-26.922043,2.2848275,0.7616092,0.120000005,0.0,0.15775803,26.760199,26.7902,2860800
hardzero_plus_depr__c0p54__z1p05__lam0p030__nu0p50__psi1p00,hardzero_plus_depr,0.02,33,894,0.0,1,0.505172,0.505172,1.0736831,0.0,0.08439502,0.0,0.0,4.6365428e-14,-28.000832,2.36215,0.7873833,0.16800001,0.0,0.17867257,26.7902,26.8202,2864000
hardzero_plus_depr__c0p54__z1p05__lam0p030__nu0p50__psi1p00,hardzero_plus_depr,0.02,33,895,0.0,1,0.505172,0.505172,1.041154,0.09095906,0.09095906,1.0,4.092711e-15,4.499509e-14,-27.82226,2.2905846,0.7635282,0.104,0.0,0.16687411,26.8202,26.8502,2867200
hardzero_plus_depr__c0p54__z1p05__lam0p030__nu0p50__psi1p00,hardzero_plus_depr,0.02,33,896,0.0,1,0.505172,0.505172,1.0178212,0.09597958,0.09597958,1.0,4.1909725e-15,4.3665253e-14,-27.679756,2.2392514,0.74641716,0.16800001,0.0,0.16543366,26.8502,26.880201,2870400
hardzero_plus_depr__c0p54__z1p05__lam0p030__nu0p50__psi1p00,hardzero_plus_depr,0.02,33,897,0.0,1,0.505172,0.505172,1.0287426,0.093596034,0.093596034,1.0,3.966106e-15,4.2374724e-14,-27.5835,2.2632787,0.75442624,0.25,0.0,0.15439172,26.880201,26.910202,2873600
hardzero_plus_depr__c0p54__z1p05__lam0p030__nu0p50__psi1p00,hardzero_plus_depr,0.02,33,898,0.0,1,0.505172,0.505172,1.0526673,0.0,0.088579394,0.0,0.0,4.112233e-14,-27.680088,2.3159142,0.7719714,0.16000001,0.0,0.15469165,26.910202,26.940203,2876800
hardzero_plus_depr__c0p54__z1p05__lam0p030__nu0p50__psi1p00,hardzero_plus_depr,0.02,33,899,0.0,1,0.505172,0.505172,1.0502751,0.0,0.08906866,0.0,0.0,3.9906958e-14,-28.094688,2.3106513,0.7702171,0.096,0.0,0.18795937,26.940203,26.970203,2880000
hardzero_plus_depr__c0p54__z1p05__lam0p030__nu0p50__psi1p00,hardzero_plus_depr,0.02,33,900,0.0,1,0.505172,0.505172,1.033147,0.09265161,0.09265161,1.0,3.5881654e-15,3.8727502e-14,-27.804974,2.2729688,0.7576563,0.18400002,0.0,0.14883648,26.970203,27.000204,2883200
hardzero_plus_depr__c0p54__z1p05__lam0p030__nu0p50__psi1p00,hardzero_plus_depr,0.02,33,901,0.0,1,0.505172,0.505172,1.0734231,0.0,0.084445566,0.0,0.0,3.7582906e-14,-27.876934,2.361578,0.7871927,0.120000005,0.0,0.1439857,27.000204,27.030205,2886400
hardzero_plus_depr__c0p54__z1p05__lam0p030__nu0p50__psi1p00,hardzero_plus_depr,0.02,33,902,0.0,1,0.505172,0.505172,1.080662,0.0,0.08304968,0.0,0.0,3.647214e-14,-29.072775,2.3775039,0.79250133,0.192,0.0,0.17379649,27.030205,27.060205,2889600
hardzero_plus_depr__c0p54__z1p05__lam0p030__nu0p50__psi1p00,hardzero_plus_depr,0.02,33,903,0.0,1,0.505172,0.505172,1.0153118,0.096535735,0.096535735,1.0,3.4168047e-15,3.5394197e-14,-27.46297,2.2337306,0.7445769,0.14400001,0.0,0.14706425,27.060205,27.090206,2892800
hardzero_plus_depr__c0p54__z1p05__lam0p030__nu0p50__psi1p00,hardzero_plus_depr,0.02,33,904,0.0,1,0.505172,0.505172,0.9887943,0.102613784,0.102613784,1.0,3.5245903e-15,3.4348118e-14,-27.46082,2.175391,0.7251303,0.17600001,0.0,0.14402181,27.090206,27.120207,2896000
hardzero_plus_depr__c0p54__z1p05__lam0p030__nu0p50__psi1p00,hardzero_plus_depr,0.02,33,905,0.0,1,0.505172,0.505172,1.0433398,0.09050241,0.09050241,1.0,3.0167125e-15,3.3332952e-14,-27.315414,2.2953935,0.7651312,0.2,0.0,0.16957797,27.120207,27.150208,2899200
hardzero_plus_depr__c0p54__z1p05__lam0p030__nu0p50__psi1p00,hardzero_plus_depr,0.02,33,906,0.0,1,0.505172,0.505172,0.98634666,0.10319372,0.10319372,1.0,3.338089e-15,3.2347792e-14,-26.165798,2.170006,0.7233354,0.18400002,0.0,0.14367302,27.150208,27.180208,2902400
hardzero_plus_depr__c0p54__z1p05__lam0p030__nu0p50__psi1p00,hardzero_plus_depr,0.02,33,907,0.0,1,0.505172,0.505172,1.0306869,0.09317794,0.09317794,1.0,2.9250186e-15,3.1391753e-14,-27.435934,2.2675564,0.75585216,0.136,0.0,0.12790342,27.180208,27.210209,2905600
hardzero_plus_depr__c0p54__z1p05__lam0p030__nu0p50__psi1p00,hardzero_plus_depr,0.02,33,908,0.0,1,0.505172,0.505172,1.066208,0.0,0.08586021,0.0,0.0,3.0463967e-14,-28.161526,2.3457046,0.78190154,0.128,0.0,0.13214426,27.210209,27.24021,2908800
hardzero_plus_depr__c0p54__z1p05__lam0p030__nu0p50__psi1p00,hardzero_plus_depr,0.02,33,909,0.0,1,0.505172,0.505172,1.0515718,0.0,0.08880309,0.0,0.0,2.9563598e-14,-27.50554,2.3135042,0.7711681,0.120000005,0.0,0.15232922,27.24021,27.27021,2912000
hardzero_plus_depr__c0p54__z1p05__lam0p030__nu0p50__psi1p00,hardzero_plus_depr,0.02,33,910,0.0,1,0.505172,0.505172,0.9706453,0.10699283,0.10699283,1.0,3.0696076e-15,2.8689843e-14,-26.47664,2.1354623,0.7118208,0.19,0.0,0.16319868,27.27021,27.30021,2915200
hardzero_plus_depr__c0p54__z1p05__lam0p030__nu0p50__psi1p00,hardzero_plus_depr,0.02,33,911,0.0,1,0.505172,0.505172,1.0721679,0.0,0.08468999,0.0,0.0,2.7841909e-14,-28.071241,2.3588164,0.78627217,0.112,0.0,0.15456977,27.30021,27.330212,2918400
hardzero_plus_depr__c0p54__z1p05__lam0p030__nu0p50__psi1p00,hardzero_plus_depr,0.02,33,912,0.0,1,0.505172,0.505172,1.0170319,0.09615416,0.09615416,1.0,2.597993e-15,2.7019038e-14,-27.257631,2.237515,0.74583834,0.216,0.0,0.12798151,27.330212,27.360212,2921600
hardzero_plus_depr__c0p54__z1p05__lam0p030__nu0p50__psi1p00,hardzero_plus_depr,0.02,33,913,0.0,1,0.505172,0.505172,1.083698,0.0,0.08247113,0.0,0.0,2.6220488e-14,-28.38061,2.3841834,0.7947278,0.16800001,0.0,0.16140155,27.360212,27.390213,2924800
hardzero_plus_depr__c0p54__z1p05__lam0p030__nu0p50__psi1p00,hardzero_plus_depr,0.02,33,914,0.0,1,0.505172,0.505172,0.9884742,0.10268944,0.10268944,1.0,2.6129878e-15,2.5445536e-14,-26.635138,2.1746867,0.7248956,0.15200001,0.0,0.16043809,27.390213,27.420214,2928000
hardzero_plus_depr__c0p54__z1p05__lam0p030__nu0p50__psi1p00,hardzero_plus_depr,0.02,33,915,0.0,1,0.505172,0.505172,1.0206399,0.09535864,0.09535864,1.0,2.3547376e-15,2.469349e-14,-26.749208,2.2454526,0.74848425,0.18400002,0.0,0.14520158,27.420214,27.450214,2931200
hardzero_plus_depr__c0p54__z1p05__lam0p030__nu0p50__psi1p00,hardzero_plus_depr,0.02,33,916,0.0,1,0.505172,0.505172,1.0322285,0.09284778,0.09284778,1.0,2.2249737e-15,2.3963672e-14,-28.173302,2.270948,0.7569827,0.16800001,0.0,0.15135694,27.450214,27.480215,2934400
hardzero_plus_depr__c0p54__z1p05__lam0p030__nu0p50__psi1p00,hardzero_plus_depr,0.02,33,917,0.0,1,0.505172,0.505172,0.99590164,0.10094815,0.10094815,1.0,2.3475918e-15,2.3255423e-14,-26.580448,2.1910274,0.7303425,0.128,0.0,0.13827355,27.480215,27.510216,2937600
hardzero_plus_depr__c0p54__z1p05__lam0p030__nu0p50__psi1p00,hardzero_plus_depr,0.02,33,918,0.0,1,0.505172,0.505172,0.99984944,0.10003467,0.10003467,1.0,2.2575927e-15,2.2568104e-14,-27.012646,2.1997128,0.7332376,0.15200001,0.0,0.13825163,27.510216,27.540216,2940800
hardzero_plus_depr__c0p54__z1p05__lam0p030__nu0p50__psi1p00,hardzero_plus_depr,0.02,33,919,0.0,1,0.505172,0.505172,1.0279598,0.093764864,0.093764864,1.0,2.0535537e-15,2.19011e-14,-27.484467,2.2615569,0.7538523,0.136,0.0,0.16601345,27.540216,27.570217,2944000
hardzero_plus_depr__c0p54__z1p05__lam0p030__nu0p50__psi1p00,hardzero_plus_depr,0.02,33,920,0.0,1,0.505172,0.505172,1.0204515,0.095400006,0.095400006,1.0,2.0276137e-15,2.1253812e-14,-27.549944,2.2450383,0.7483461,0.16000001,0.0,0.1278782,27.570217,27.600218,2947200
hardzero_plus_depr__c0p54__z1p05__lam0p030__nu0p50__psi1p00,hardzero_plus_depr,0.02,33,921,0.0,1,0.505172,0.505172,0.9923711,0.10177213,0.10177213,1.0,2.0991166e-15,2.0625652e-14,-26.919018,2.18326,0.72775334,0.208,0.0,0.1410325,27.600218,27.630219,2950400
hardzero_plus_depr__c0p54__z1p05__lam0p030__nu0p50__psi1p00,hardzero_plus_depr,0.02,33,922,0.0,1,0.505172,0.505172,1.0454117,0.09007168,0.09007168,1.0,1.80288e-15,2.001606e-14,-27.064283,2.2999518,0.7666506,0.136,0.0,0.15272152,27.630219,27.66022,2953600
hardzero_plus_depr__c0p54__z1p05__lam0p030__nu0p50__psi1p00,hardzero_plus_depr,0.02,33,923,0.0,1,0.505172,0.505172,0.9590395,0.10989059,0.10989059,1.0,2.1345675e-15,1.942448e-14,-26.23994,2.109929,0.7033097,0.25,0.0,0.12275656,27.66022,27.69022,2956800
hardzero_plus_depr__c0p54__z1p05__lam0p030__nu0p50__psi1p00,hardzero_plus_depr,0.02,33,924,0.0,1,0.505172,0.505172,1.0309782,0.09311547,0.09311547,1.0,1.7552628e-15,1.8850388e-14,-26.979927,2.2681973,0.7560658,0.128,0.0,0.14225012,27.69022,27.72022,2960000
hardzero_plus_depr__c0p54__z1p05__lam0p030__nu0p50__psi1p00,hardzero_plus_depr,0.02,33,925,0.0,1,0.505172,0.505172,0.9740225,0.10616405,0.10616405,1.0,1.942087e-15,1.8293264e-14,-26.2456,2.1428924,0.7142975,0.16000001,0.0,0.122131556,27.72022,27.750221,2963200
hardzero_plus_depr__c0p54__z1p05__lam0p030__nu0p50__psi1p00,hardzero_plus_depr,0.02,33,926,0.0,1,0.505172,0.505172,1.0101377,0.09769274,0.09769274,1.0,1.7343003e-15,1.7752601e-14,-26.175478,2.2223473,0.74078244,0.216,0.0,0.15637834,27.750221,27.780222,2966400
hardzero_plus_depr__c0p54__z1p05__lam0p030__nu0p50__psi1p00,hardzero_plus_depr,0.02,33,927,0.0,1,0.505172,0.505172,0.97009575,0.107128285,0.107128285,1.0,1.8455978e-15,1.7227922e-14,-26.385315,2.1342533,0.7114178,0.136,0.0,0.11876554,27.780222,27.810223,2969600
hardzero_plus_depr__c0p54__z1p05__lam0p030__nu0p50__psi1p00,hardzero_plus_depr,0.02,33,928,0.0,1,0.505172,0.505172,1.0135065,0.09693786,0.09693786,1.0,1.6206796e-15,1.6718748e-14,-27.191505,2.229759,0.743253,0.128,0.0,0.14137356,27.810223,27.840223,2972800
hardzero_plus_depr__c0p54__z1p05__lam0p030__nu0p50__psi1p00,hardzero_plus_depr,0.02,33,929,0.0,1,0.505172,0.505172,1.0866141,0.0,0.08191922,0.0,0.0,1.6224623e-14,-28.643759,2.3905988,0.7968663,0.15200001,0.0,0.14348331,27.840223,27.870224,2976000
hardzero_plus_depr__c0p54__z1p05__lam0p030__nu0p50__psi1p00,hardzero_plus_depr,0.02,33,930,0.0,1,0.505172,0.505172,1.0191764,0.09568055,0.09568055,1.0,1.5065002e-15,1.5745104e-14,-27.20142,2.2422328,0.74741095,0.128,0.0,0.13300763,27.870224,27.900225,2979200
hardzero_plus_depr__c0p54__z1p05__lam0p030__nu0p50__psi1p00,hardzero_plus_depr,0.02,33,931,0.0,1,0.505172,0.505172,1.039908,0.09122039,0.09122039,1.0,1.3938249e-15,1.5279753e-14,-27.992577,2.2878435,0.7626145,0.23200001,0.0,0.15111463,27.900225,27.930225,2982400
hardzero_plus_depr__c0p54__z1p05__lam0p030__nu0p50__psi1p00,hardzero_plus_depr,0.02,33,932,0.0,1,0.505172,0.505172,1.0278666,0.093785,0.093785,1.0,1.3906589e-15,1.4828159e-14,-27.61335,2.2613516,0.7537839,0.128,0.0,0.15103894,27.930225,27.960226,2985600
hardzero_plus_depr__c0p54__z1p05__lam0p030__nu0p50__psi1p00,hardzero_plus_depr,0.02,33,933,0.0,1,0.505172,0.505172,1.041903,0.09080231,0.09080231,1.0,1.3066372e-15,1.438991e-14,-27.651884,2.2922325,0.76407754,0.112,0.0,0.14931588,27.960226,27.990227,2988800
hardzero_plus_depr__c0p54__z1p05__lam0p030__nu0p50__psi1p00,hardzero_plus_depr,0.02,33,934,0.0,1,0.505172,0.505172,1.0051831,0.09881364,0.09881364,1.0,1.3798944e-15,1.3964615e-14,-26.58575,2.211447,0.737149,0.16800001,0.0,0.13850783,27.990227,28.020227,2992000
hardzero_plus_depr__c0p54__z1p05__lam0p030__nu0p50__psi1p00,hardzero_plus_depr,0.02,33,935,0.0,1,0.505172,0.505172,0.95521116,0.11086356,0.11086356,1.0,1.5024107e-15,1.3551889e-14,-25.531208,2.1015065,0.70050216,0.2,0.0,0.1238337,28.020227,28.050228,2995200
hardzero_plus_depr__c0p54__z1p05__lam0p030__nu0p50__psi1p00,hardzero_plus_depr,0.02,33,936,0.0,1,0.505172,0.505172,1.0296962,0.09339074,0.09339074,1.0,1.2282153e-15,1.3151361e-14,-27.292624,2.2653768,0.75512564,0.13,0.0,0.14539854,28.050228,28.080229,2998400
hardzero_plus_depr__c0p54__z1p05__lam0p030__nu0p50__psi1p00,hardzero_plus_depr,0.02,33,937,0.0,1,0.505172,0.505172,1.009139,0.097917646,0.097917646,1.0,1.2496907e-15,1.27626715e-14,-26.317598,2.22015,0.74005,0.15200001,0.0,0.1389755,28.080229,28.11023,3001600
hardzero_plus_depr__c0p54__z1p05__lam0p030__nu0p50__psi1p00,hardzero_plus_depr,0.02,33,938,0.0,1,0.505172,0.505172,0.9978663,0.100492515,0.100492515,1.0,1.2446468e-15,1.2385468e-14,-26.687395,2.1953497,0.7317833,0.15200001,0.0,0.13950083,28.11023,28.14023,3004800
hardzero_plus_depr__c0p54__z1p05__lam0p030__nu0p50__psi1p00,hardzero_plus_depr,0.02,33,939,0.0,1,0.505172,0.505172,1.0158727,0.096411146,0.096411146,1.0,1.1588056e-15,1.20194145e-14,-26.592087,2.2349646,0.7449882,0.136,0.0,0.12098638,28.14023,28.17023,3008000
hardzero_plus_depr__c0p54__z1p05__lam0p030__nu0p50__psi1p00,hardzero_plus_depr,0.02,33,940,0.0,1,0.505172,0.505172,1.0418912,0.090804785,0.090804785,1.0,1.0591633e-15,1.166418e-14,-28.067564,2.2922065,0.76406884,0.096,0.0,0.13925293,28.17023,28.200232,3011200
hardzero_plus_depr__c0p54__z1p05__lam0p030__nu0p50__psi1p00,hardzero_plus_depr,0.02,33,941,0.0,1,0.505172,0.505172,1.055126,0.0,0.08807934,0.0,0.0,1.13194425e-14,-27.835686,2.3213234,0.7737745,0.17600001,0.0,0.14696373,28.200232,28.230232,3014400
hardzero_plus_depr__c0p54__z1p05__lam0p030__nu0p50__psi1p00,hardzero_plus_depr,0.02,33,942,0.0,1,0.505172,0.505172,1.0376463,0.0916967,0.0916967,1.0,1.0072786e-15,1.0984894e-14,-27.114466,2.2828674,0.7609558,0.120000005,0.0,0.14969237,28.230232,28.260233,3017600
hardzero_plus_depr__c0p54__z1p05__lam0p030__nu0p50__psi1p00,hardzero_plus_depr,0.02,33,943,0.0,1,0.505172,0.505172,1.0133765,0.09696689,0.09696689,1.0,1.0336898e-15,1.0660234e-14,-27.144522,2.2294726,0.74315757,0.136,0.0,0.17038769,28.260233,28.290234,3020800
hardzero_plus_depr__c0p54__z1p05__lam0p030__nu0p50__psi1p00,hardzero_plus_depr,0.02,33,944,0.0,1,0.505172,0.505172,0.9601597,0.1096075,0.1096075,1.0,1.1339083e-15,1.0345171e-14,-26.255165,2.1123936,0.70413125,0.18400002,0.0,0.15585716,28.290234,28.320234,3024000
hardzero_plus_depr__c0p54__z1p05__lam0p030__nu0p50__psi1p00,hardzero_plus_depr,0.02,33,945,0.0,1,0.505172,0.505172,0.98351973,0.103867635,0.103867635,1.0,1.0427705e-15,1.0039417e-14,-26.05175,2.1637866,0.7212622,0.192,0.0,0.14815488,28.320234,28.350235,3027200
hardzero_plus_depr__c0p54__z1p05__lam0p030__nu0p50__psi1p00,hardzero_plus_depr,0.02,33,946,0.0,1,0.505172,0.505172,1.0465568,0.0898345,0.0898345,1.0,8.752306e-16,9.742701e-15,-27.714592,2.302471,0.7674903,0.096,0.0,0.15913226,28.350235,28.380236,3030400
hardzero_plus_depr__c0p54__z1p05__lam0p030__nu0p50__psi1p00,hardzero_plus_depr,0.02,33,947,0.0,1,0.505172,0.505172,1.029819,0.09336433,0.09336433,1.0,8.827368e-16,9.4547546e-15,-27.989029,2.2656472,0.75521576,0.16800001,0.0,0.1478357,28.380236,28.410236,3033600
hardzero_plus_depr__c0p54__z1p05__lam0p030__nu0p50__psi1p00,hardzero_plus_depr,0.02,33,948,0.0,1,0.505172,0.505172,1.00405,0.09907178,0.09907178,1.0,9.09015e-16,9.1753175e-15,-27.057985,2.208954,0.73631805,0.23200001,0.0,0.15106893,28.410236,28.440237,3036800
hardzero_plus_depr__c0p54__z1p05__lam0p030__nu0p50__psi1p00,hardzero_plus_depr,0.02,33,949,0.0,1,0.505172,0.505172,1.0381808,0.09158389,0.09158389,1.0,8.154758e-16,8.90414e-15,-27.452578,2.2840433,0.7613478,0.14,0.0,0.13049978,28.440237,28.470238,3040000
hardzero_plus_depr__c0p54__z1p05__lam0p030__nu0p50__psi1p00,hardzero_plus_depr,0.02,33,950,0.0,1,0.505172,0.505172,1.007131,0.09837144,0.09837144,1.0,8.5002536e-16,8.640977e-15,-26.648659,2.2157323,0.7385775,0.15200001,0.0,0.13802136,28.470238,28.500238,3043200
hardzero_plus_depr__c0p54__z1p05__lam0p030__nu0p50__psi1p00,hardzero_plus_depr,0.02,33,951,0.0,1,0.505172,0.505172,1.0214742,0.095175624,0.095175624,1.0,7.981039e-16,8.3855914e-15,-27.180872,2.2472882,0.7490961,0.136,0.0,0.18290105,28.500238,28.53024,3046400
hardzero_plus_depr__c0p54__z1p05__lam0p030__nu0p50__psi1p00,hardzero_plus_depr,0.02,33,952,0.0,1,0.505172,0.505172,0.9866762,0.10311547,0.10311547,1.0,8.391284e-16,8.137755e-15,-26.508984,2.170731,0.723577,0.15200001,0.0,0.1362839,28.53024,28.56024,3049600
hardzero_plus_depr__c0p54__z1p05__lam0p030__nu0p50__psi1p00,hardzero_plus_depr,0.02,33,953,0.0,1,0.505172,0.505172,1.0491031,0.08930935,0.08930935,1.0,7.0529755e-16,7.897242e-15,-28.064869,2.308073,0.7693577,0.112,0.0,0.18224101,28.56024,28.59024,3052800
hardzero_plus_depr__c0p54__z1p05__lam0p030__nu0p50__psi1p00,hardzero_plus_depr,0.02,33,954,0.0,1,0.505172,0.505172,1.0793937,0.0,0.083292566,0.0,0.0,7.663838e-15,-28.565834,2.3747137,0.79157126,0.14400001,0.0,0.17763734,28.59024,28.620241,3056000
hardzero_plus_depr__c0p54__z1p05__lam0p030__nu0p50__psi1p00,hardzero_plus_depr,0.02,33,955,0.0,1,0.505172,0.505172,1.0415142,0.090883665,0.090883665,1.0,6.75932e-16,7.437332e-15,-27.94931,2.2913768,0.7637923,0.16800001,0.0,0.15227926,28.620241,28.650242,3059200
hardzero_plus_depr__c0p54__z1p05__lam0p030__nu0p50__psi1p00,hardzero_plus_depr,0.02,33,956,0.0,1,0.505172,0.505172,1.0123788,0.09718992,0.09718992,1.0,7.0147023e-16,7.21752e-15,-26.22705,2.2272778,0.7424259,0.120000005,0.0,0.14066155,28.650242,28.680243,3062400
hardzero_plus_depr__c0p54__z1p05__lam0p030__nu0p50__psi1p00,hardzero_plus_depr,0.02,33,957,0.0,1,0.505172,0.505172,1.0159782,0.09638774,0.09638774,1.0,6.7511956e-16,7.004206e-15,-27.183666,2.2351966,0.74506557,0.136,0.0,0.13172843,28.680243,28.710243,3065600
hardzero_plus_depr__c0p54__z1p05__lam0p030__nu0p50__psi1p00,hardzero_plus_depr,0.02,33,958,0.0,1,0.505172,0.505172,0.9984145,0.100365736,0.100365736,1.0,6.8220563e-16,6.7971963e-15,-27.533276,2.1965559,0.7321853,0.224,0.0,0.14239717,28.710243,28.740244,3068800
hardzero_plus_depr__c0p54__z1p05__lam0p030__nu0p50__psi1p00,hardzero_plus_depr,0.02,33,959,0.0,1,0.505172,0.505172,1.082702,0.0,0.08266048,0.0,0.0,6.596304e-15,-27.976238,2.381992,0.7939974,0.16800001,0.0,0.13785276,28.740244,28.770245,3072000
hardzero_plus_depr__c0p54__z1p05__lam0p030__nu0p50__psi1p00,hardzero_plus_depr,0.02,33,960,0.0,1,0.505172,0.505172,1.0344642,0.09237101,0.09237101,1.0,5.912991e-16,6.401349e-15,-27.683481,2.2758667,0.7586223,0.136,0.0,0.14557074,28.770245,28.800245,3075200
hardzero_plus_depr__c0p54__z1p05__lam0p030__nu0p50__psi1p00,hardzero_plus_depr,0.02,33,961,0.0,1,0.505172,0.505172,1.0074207,0.09830584,0.09830584,1.0,6.106912e-16,6.212156e-15,-26.028564,2.2163696,0.7387899,0.120000005,0.0,0.12294215,28.800245,28.830246,3078400
hardzero_plus_depr__c0p54__z1p05__lam0p030__nu0p50__psi1p00,hardzero_plus_depr,0.02,33,962,0.0,1,0.505172,0.505172,1.0129182,0.09706926,0.09706926,1.0,5.8518743e-16,6.0285554e-15,-25.960056,2.2284646,0.7428216,0.24,0.0,0.12337643,28.830246,28.860247,3081600
hardzero_plus_depr__c0p54__z1p05__lam0p030__nu0p50__psi1p00,hardzero_plus_depr,0.02,33,963,0.0,1,0.505172,0.505172,1.0368387,0.09186739,0.09186739,1.0,5.3745913e-16,5.8503803e-15,-27.09646,2.2810905,0.7603635,0.128,0.0,0.14060286,28.860247,28.890247,3084800
hardzero_plus_depr__c0p54__z1p05__lam0p030__nu0p50__psi1p00,hardzero_plus_depr,0.02,33,964,0.0,1,0.505172,0.505172,1.0681038,0.0,0.08548623,0.0,0.0,5.6774717e-15,-28.30825,2.3498752,0.78329176,0.128,0.0,0.15124458,28.890247,28.920248,3088000
hardzero_plus_depr__c0p54__z1p05__lam0p030__nu0p50__psi1p00,hardzero_plus_depr,0.02,33,965,0.0,1,0.505172,0.505172,1.0317829,0.09294309,0.09294309,1.0,5.1208605e-16,5.509673e-15,-27.556147,2.2699676,0.7566559,0.17600001,0.0,0.1580692,28.920248,28.950249,3091200
hardzero_plus_depr__c0p54__z1p05__lam0p030__nu0p50__psi1p00,hardzero_plus_depr,0.02,33,966,0.0,1,0.505172,0.505172,1.0045028,0.09896854,0.09896854,1.0,5.291684e-16,5.346834e-15,-26.798916,2.2099502,0.7366501,0.14400001,0.0,0.14650358,28.950249,28.98025,3094400
hardzero_plus_depr__c0p54__z1p05__lam0p030__nu0p50__psi1p00,hardzero_plus_depr,0.02,33,967,0.0,1,0.505172,0.505172,0.99794865,0.10047345,0.10047345,1.0,5.213374e-16,5.188808e-15,-26.10208,2.195531,0.73184365,0.15200001,0.0,0.14436904,28.98025,29.01025,3097600
hardzero_plus_depr__c0p54__z1p05__lam0p030__nu0p50__psi1p00,hardzero_plus_depr,0.02,33,968,0.0,1,0.505172,0.505172,1.0427328,0.09062899,0.09062899,1.0,4.563579e-16,5.0354516e-15,-26.87782,2.294058,0.76468605,0.128,0.0,0.13841377,29.01025,29.04025,3100800
hardzero_plus_depr__c0p54__z1p05__lam0p030__nu0p50__psi1p00,hardzero_plus_depr,0.02,33,969,0.0,1,0.505172,0.505172,1.0308278,0.09314771,0.09314771,1.0,4.551783e-16,4.8866288e-15,-27.619608,2.2678664,0.75595546,0.208,0.0,0.15151261,29.04025,29.070251,3104000
hardzero_plus_depr__c0p54__z1p05__lam0p030__nu0p50__psi1p00,hardzero_plus_depr,0.02,33,970,0.0,1,0.505172,0.505172,1.0106794,0.097570956,0.097570956,1.0,4.6270133e-16,4.7422037e-15,-27.228168,2.223539,0.7411797,0.18400002,0.0,0.16064225,29.070251,29.100252,3107200
hardzero_plus_depr__c0p54__z1p05__lam0p030__nu0p50__psi1p00,hardzero_plus_depr,0.02,33,971,0.0,1,0.505172,0.505172,1.0454892,0.090055615,0.090055615,1.0,4.1444017e-16,4.602047e-15,-27.273037,2.300122,0.76670736,0.120000005,0.0,0.14447284,29.100252,29.130253,3110400
hardzero_plus_depr__c0p54__z1p05__lam0p030__nu0p50__psi1p00,hardzero_plus_depr,0.02,33,972,0.0,1,0.505172,0.505172,1.0271188,0.093946636,0.093946636,1.0,4.1956877e-16,4.466033e-15,-26.972334,2.2597065,0.7532355,0.208,0.0,0.15568729,29.130253,29.160254,3113600
hardzero_plus_depr__c0p54__z1p05__lam0p030__nu0p50__psi1p00,hardzero_plus_depr,0.02,33,973,0.0,1,0.505172,0.505172,1.0293578,0.09346353,0.09346353,1.0,4.0507458e-16,4.334039e-15,-26.288445,2.2646325,0.7548775,0.08800001,0.0,0.13420148,29.160254,29.190254,3116800
hardzero_plus_depr__c0p54__z1p05__lam0p030__nu0p50__psi1p00,hardzero_plus_depr,0.02,33,974,0.0,1,0.505172,0.505172,1.0307893,0.093155965,0.093155965,1.0,3.918089e-16,4.2059455e-15,-27.73921,2.2677817,0.75592726,0.17600001,0.0,0.15033343,29.190254,29.220255,3120000
hardzero_plus_depr__c0p54__z1p05__lam0p030__nu0p50__psi1p00,hardzero_plus_depr,0.02,33,975,0.0,1,0.505172,0.505172,1.0263679,0.094109215,0.094109215,1.0,3.841198e-16,4.0816387e-15,-27.436628,2.2580545,0.75268483,0.28,0.0,0.1468635,29.220255,29.250256,3123200
hardzero_plus_depr__c0p54__z1p05__lam0p030__nu0p50__psi1p00,hardzero_plus_depr,0.02,33,976,0.0,1,0.505172,0.505172,1.026044,0.09417942,0.09417942,1.0,3.7304517e-16,3.961005e-15,-27.145628,2.2573419,0.7524473,0.136,0.0,0.15057239,29.250256,29.280256,3126400
hardzero_plus_depr__c0p54__z1p05__lam0p030__nu0p50__psi1p00,hardzero_plus_depr,0.02,33,977,0.0,1,0.505172,0.505172,0.9709965,0.10690633,0.10690633,1.0,4.109412e-16,3.843937e-15,-26.466526,2.136235,0.71207833,0.15200001,0.0,0.13480245,29.280256,29.310257,3129600
hardzero_plus_depr__c0p54__z1p05__lam0p030__nu0p50__psi1p00,hardzero_plus_depr,0.02,33,978,0.0,1,0.505172,0.505172,1.0759393,0.0,0.08395774,0.0,0.0,3.7303293e-15,-28.301682,2.3671136,0.7890379,0.14400001,0.0,0.16574736,29.310257,29.340258,3132800
hardzero_plus_depr__c0p54__z1p05__lam0p030__nu0p50__psi1p00,hardzero_plus_depr,0.02,33,979,0.0,1,0.505172,0.505172,1.0530382,0.0,0.088503756,0.0,0.0,3.6200786e-15,-28.282085,2.3167305,0.7722435,0.16000001,0.0,0.14927438,29.340258,29.370258,3136000
hardzero_plus_depr__c0p54__z1p05__lam0p030__nu0p50__psi1p00,hardzero_plus_depr,0.02,33,980,0.0,1,0.505172,0.505172,1.0269915,0.093974166,0.093974166,1.0,3.301394e-16,3.5130867e-15,-27.413624,2.2594264,0.7531421,0.136,0.0,0.14739744,29.370258,29.400259,3139200
hardzero_plus_depr__c0p54__z1p05__lam0p030__nu0p50__psi1p00,hardzero_plus_depr,0.02,33,981,0.0,1,0.505172,0.505172,1.0384992,0.09151677,0.09151677,1.0,3.1200416e-16,3.4092568e-15,-27.78835,2.284744,0.76158136,0.128,0.0,0.16691297,29.400259,29.43026,3142400
hardzero_plus_depr__c0p54__z1p05__lam0p030__nu0p50__psi1p00,hardzero_plus_depr,0.02,33,982,0.0,1,0.505172,0.505172,1.026717,0.09403361,0.09403361,1.0,3.1110978e-16,3.3084957e-15,-27.413092,2.2588224,0.75294083,0.224,0.0,0.17251924,29.43026,29.46026,3145600
hardzero_plus_depr__c0p54__z1p05__lam0p030__nu0p50__psi1p00,hardzero_plus_depr,0.02,33,983,0.0,1,0.505172,0.505172,0.96040726,0.10954504,0.10954504,1.0,3.5171767e-16,3.210713e-15,-26.945997,2.1129382,0.70431274,0.128,0.0,0.13561498,29.46026,29.490261,3148800
hardzero_plus_depr__c0p54__z1p05__lam0p030__nu0p50__psi1p00,hardzero_plus_depr,0.02,33,984,0.0,1,0.505172,0.505172,1.0035808,0.099178866,0.099178866,1.0,3.0902348e-16,3.1158198e-15,-26.24606,2.207922,0.735974,0.128,0.0,0.13997707,29.490261,29.520262,3152000
hardzero_plus_depr__c0p54__z1p05__lam0p030__nu0p50__psi1p00,hardzero_plus_depr,0.02,33,985,0.0,1,0.505172,0.505172,1.0530143,0.0,0.08850865,0.0,0.0,3.023731e-15,-27.202219,2.3166776,0.77222586,0.128,0.0,0.14972052,29.520262,29.550262,3155200
hardzero_plus_depr__c0p54__z1p05__lam0p030__nu0p50__psi1p00,hardzero_plus_depr,0.02,33,986,0.0,1,0.505172,0.505172,1.0184964,0.09583048,0.09583048,1.0,2.8120157e-16,2.9343646e-15,-26.977242,2.2407367,0.74691224,0.128,0.0,0.14620535,29.550262,29.580263,3158400
hardzero_plus_depr__c0p54__z1p05__lam0p030__nu0p50__psi1p00,hardzero_plus_depr,0.02,33,987,0.0,1,0.505172,0.505172,1.0476826,0.08960192,0.08960192,1.0,2.5515393e-16,2.847639e-15,-27.04447,2.3049479,0.768316,0.128,0.0,0.17341043,29.580263,29.610264,3161600
hardzero_plus_depr__c0p54__z1p05__lam0p030__nu0p50__psi1p00,hardzero_plus_depr,0.02,33,988,0.0,1,0.505172,0.505172,1.0570457,0.0,0.087690845,0.0,0.0,2.7634765e-15,-27.425234,2.325547,0.77518237,0.16,0.0,0.15789957,29.610264,29.640265,3164800
hardzero_plus_depr__c0p54__z1p05__lam0p030__nu0p50__psi1p00,hardzero_plus_depr,0.02,33,989,0.0,1,0.505172,0.505172,1.0594108,0.0,0.087214604,0.0,0.0,2.681802e-15,-26.890167,2.3307502,0.77691674,0.14400001,0.0,0.14773515,29.640265,29.670265,3168000
hardzero_plus_depr__c0p54__z1p05__lam0p030__nu0p50__psi1p00,hardzero_plus_depr,0.02,33,990,0.0,1,0.505172,0.505172,1.0069866,0.09840414,0.09840414,1.0,2.5610078e-16,2.6025407e-15,-27.056263,2.2154148,0.7384716,0.16800001,0.0,0.14300704,29.670265,29.700266,3171200
hardzero_plus_depr__c0p54__z1p05__lam0p030__nu0p50__psi1p00,hardzero_plus_depr,0.02,33,991,0.0,1,0.505172,0.505172,0.98388755,0.10377971,0.10377971,1.0,2.6210834e-16,2.5256223e-15,-26.370796,2.1645958,0.721532,0.16800001,0.0,0.12615372,29.700266,29.730267,3174400
hardzero_plus_depr__c0p54__z1p05__lam0p030__nu0p50__psi1p00,hardzero_plus_depr,0.02,33,992,0.0,1,0.505172,0.505172,1.0271775,0.09393394,0.09393394,1.0,2.3022996e-16,2.4509773e-15,-27.316448,2.2598355,0.7532785,0.112,0.0,0.13853773,29.730267,29.760267,3177600
hardzero_plus_depr__c0p54__z1p05__lam0p030__nu0p50__psi1p00,hardzero_plus_depr,0.02,33,993,0.0,1,0.505172,0.505172,1.0620424,0.0,0.08668773,0.0,0.0,2.3785382e-15,-27.994028,2.3365397,0.7788466,0.128,0.0,0.1579763,29.760267,29.790268,3180800
hardzero_plus_depr__c0p54__z1p05__lam0p030__nu0p50__psi1p00,hardzero_plus_depr,0.02,33,994,0.0,1,0.505172,0.505172,1.0085346,0.09805404,0.09805404,1.0,2.2633226e-16,2.3082402e-15,-27.258999,2.2188203,0.7396068,0.16000001,0.0,0.15627863,29.790268,29.820269,3184000
hardzero_plus_depr__c0p54__z1p05__lam0p030__nu0p50__psi1p00,hardzero_plus_depr,0.02,33,995,0.0,1,0.505172,0.505172,1.020995,0.095280714,0.095280714,1.0,2.1343068e-16,2.2400197e-15,-26.889698,2.246234,0.74874467,0.15200001,0.0,0.14431351,29.820269,29.85027,3187200
hardzero_plus_depr__c0p54__z1p05__lam0p030__nu0p50__psi1p00,hardzero_plus_depr,0.02,33,996,0.0,1,0.505172,0.505172,1.0188355,0.09575565,0.09575565,1.0,2.0815516e-16,2.1738158e-15,-27.253305,2.241483,0.74716103,0.17600001,0.0,0.1421485,29.85027,29.88027,3190400
hardzero_plus_depr__c0p54__z1p05__lam0p030__nu0p50__psi1p00,hardzero_plus_depr,0.02,33,997,0.0,1,0.505172,0.505172,0.9979074,0.100483,0.100483,1.0,2.1197577e-16,2.1095684e-15,-27.090666,2.19544,0.7318134,0.216,0.0,0.16333945,29.88027,29.91027,3193600
hardzero_plus_depr__c0p54__z1p05__lam0p030__nu0p50__psi1p00,hardzero_plus_depr,0.02,33,998,0.0,1,0.505172,0.505172,1.0589567,0.0,0.08730583,0.0,0.0,2.0472198e-15,-27.396914,2.3297513,0.7765838,0.104,0.0,0.1481624,29.91027,29.940271,3196800
hardzero_plus_depr__c0p54__z1p05__lam0p030__nu0p50__psi1p00,hardzero_plus_depr,0.02,33,999,0.0,1,0.505172,0.505172,1.0150481,0.09659438,0.09659438,1.0,1.9190539e-16,1.9867139e-15,-27.632807,2.2331505,0.7443835,0.16800001,0.0,0.11747564,29.940271,29.970272,3200000
hardzero_plus_depr__c0p54__z1p05__lam0p030__nu0p50__psi1p00,hardzero_plus_depr,0.02,33,1000,0.0,1,0.505172,0.505172,1.0030454,0.09930122,0.09930122,1.0,1.9145238e-16,1.9279963e-15,-25.83216,2.206744,0.73558134,0.18400002,0.0,0.13419281,29.970272,30.000273,3203200
hardzero_plus_depr__c0p54__z1p05__lam0p030__nu0p50__psi1p00,hardzero_plus_depr,0.02,33,1001,0.0,1,0.505172,0.505172,1.0143211,0.09675623,0.09675623,1.0,1.8103228e-16,1.8710143e-15,-26.067657,2.231551,0.74385035,0.13,0.0,0.14495687,30.000273,30.030273,3206400
hardzero_plus_depr__c0p54__z1p05__lam0p030__nu0p50__psi1p00,hardzero_plus_depr,0.02,33,1002,0.0,1,0.505172,0.505172,1.0146569,0.09668142,0.09668142,1.0,1.7554602e-16,1.8157161e-15,-27.71489,2.2322898,0.74409664,0.14400001,0.0,0.12941605,30.030273,30.060274,3209600
hardzero_plus_depr__c0p54__z1p05__lam0p030__nu0p50__psi1p00,hardzero_plus_depr,0.02,33,1003,0.0,1,0.505172,0.505172,1.0259126,0.0942079,0.0942079,1.0,1.6599925e-16,1.7620524e-15,-27.738697,2.257053,0.752351,0.15200001,0.0,0.15458229,30.060274,30.090275,3212800
hardzero_plus_depr__c0p54__z1p05__lam0p030__nu0p50__psi1p00,hardzero_plus_depr,0.02,33,1004,0.0,1,0.505172,0.505172,1.0164222,0.096289255,0.096289255,1.0,1.646522e-16,1.7099748e-15,-27.313917,2.2361734,0.74539113,0.208,0.0,0.17939883,30.090275,30.120275,3216000
hardzero_plus_depr__c0p54__z1p05__lam0p030__nu0p50__psi1p00,hardzero_plus_depr,0.02,33,1005,0.0,1,0.505172,0.505172,1.041195,0.09095047,0.09095047,1.0,1.5092647e-16,1.659436e-15,-26.98413,2.290675,0.7635583,0.080000006,0.0,0.14708456,30.120275,30.150276,3219200
hardzero_plus_depr__c0p54__z1p05__lam0p030__nu0p50__psi1p00,hardzero_plus_depr,0.02,33,1006,0.0,1,0.505172,0.505172,1.0292442,0.09348798,0.09348798,1.0,1.5055223e-16,1.6103913e-15,-26.930834,2.2643824,0.7547941,0.120000005,0.0,0.14056389,30.150276,30.180277,3222400
hardzero_plus_depr__c0p54__z1p05__lam0p030__nu0p50__psi1p00,hardzero_plus_depr,0.02,33,1007,0.0,1,0.505172,0.505172,1.0223565,0.09498248,0.09498248,1.0,1.4843824e-16,1.5627959e-15,-26.868326,2.2492292,0.7497431,0.14400001,0.0,0.20503992,30.180277,30.210278,3225600
hardzero_plus_depr__c0p54__z1p05__lam0p030__nu0p50__psi1p00,hardzero_plus_depr,0.02,33,1008,0.0,1,0.505172,0.505172,0.9808761,0.104501836,0.104501836,1.0,1.5848824e-16,1.5166073e-15,-26.564276,2.1579704,0.7193235,0.14400001,0.0,0.12028399,30.210278,30.240278,3228800
hardzero_plus_depr__c0p54__z1p05__lam0p030__nu0p50__psi1p00,hardzero_plus_depr,0.02,33,1009,0.0,1,0.505172,0.505172,1.0360453,0.09203536,0.09203536,1.0,1.3545616e-16,1.4717838e-15,-27.1096,2.2793453,0.7597818,0.136,0.0,0.15045476,30.240278,30.270279,3232000
hardzero_plus_depr__c0p54__z1p05__lam0p030__nu0p50__psi1p00,hardzero_plus_depr,0.02,33,1010,0.0,1,0.505172,0.505172,1.0234133,0.09475162,0.09475162,1.0,1.3533231e-16,1.428285e-15,-27.121698,2.2515543,0.7505181,0.136,0.0,0.1499578,30.270279,30.30028,3235200
hardzero_plus_depr__c0p54__z1p05__lam0p030__nu0p50__psi1p00,hardzero_plus_depr,0.02,33,1011,0.0,1,0.505172,0.505172,1.0396819,0.0912679,0.0912679,1.0,1.2650387e-16,1.3860719e-15,-27.134619,2.287346,0.76244867,0.112,0.0,0.14074416,30.30028,30.33028,3238400
hardzero_plus_depr__c0p54__z1p05__lam0p030__nu0p50__psi1p00,hardzero_plus_depr,0.02,33,1012,0.0,1,0.505172,0.505172,1.1140335,0.0,0.076907106,0.0,0.0,1.3451063e-15,-28.286383,2.4509225,0.81697416,0.136,0.0,0.13471855,30.33028,30.360281,3241600
hardzero_plus_depr__c0p54__z1p05__lam0p030__nu0p50__psi1p00,hardzero_plus_depr,0.02,33,1013,0.0,1,0.505172,0.505172,1.010384,0.09763734,0.09763734,1.0,1.2745105e-16,1.3053516e-15,-27.03632,2.2228892,0.7409631,0.16800001,0.0,0.12811051,30.360281,30.390282,3244800
hardzero_plus_depr__c0p54__z1p05__lam0p030__nu0p50__psi1p00,hardzero_plus_depr,0.02,33,1014,0.0,1,0.505172,0.505172,1.0273393,0.09389894,0.09389894,1.0,1.1894852e-16,1.2667718e-15,-28.339413,2.2601917,0.7533972,0.14999999,0.0,0.1775975,30.390282,30.420282,3248000
hardzero_plus_depr__c0p54__z1p05__lam0p030__nu0p50__psi1p00,hardzero_plus_depr,0.02,33,1015,0.0,1,0.505172,0.505172,1.0540668,0.0,0.08829441,0.0,0.0,1.2293321e-15,-28.353172,2.3189933,0.7729978,0.112,0.0,0.14675276,30.420282,30.450283,3251200
hardzero_plus_depr__c0p54__z1p05__lam0p030__nu0p50__psi1p00,hardzero_plus_depr,0.02,33,1016,0.0,1,0.505172,0.505172,1.0380316,0.091615394,0.091615394,1.0,1.09297075e-16,1.192999e-15,-27.461103,2.283715,0.76123834,0.136,0.0,0.15222599,30.450283,30.480284,3254400
hardzero_plus_depr__c0p54__z1p05__lam0p030__nu0p50__psi1p00,hardzero_plus_depr,0.02,33,1017,0.0,1,0.505172,0.505172,1.0472736,0.08968635,0.08968635,1.0,1.03833454e-16,1.1577398e-15,-26.764605,2.304048,0.76801604,0.18400002,0.0,0.15268749,30.480284,30.510284,3257600
hardzero_plus_depr__c0p54__z1p05__lam0p030__nu0p50__psi1p00,hardzero_plus_depr,0.02,33,1018,0.0,1,0.505172,0.505172,1.0465814,0.08982942,0.08982942,1.0,1.00925385e-16,1.1235226e-15,-26.92738,2.302525,0.7675084,0.08800001,0.0,0.15096948,30.510284,30.540285,3260800
hardzero_plus_depr__c0p54__z1p05__lam0p030__nu0p50__psi1p00,hardzero_plus_depr,0.02,33,1019,0.0,1,0.505172,0.505172,1.0111135,0.097473465,0.097473465,1.0,1.0627696e-16,1.0903168e-15,-28.05219,2.2244942,0.7414981,0.18400002,0.0,0.17174937,30.540285,30.570286,3264000
hardzero_plus_depr__c0p54__z1p05__lam0p030__nu0p50__psi1p00,hardzero_plus_depr,0.02,33,1020,0.0,1,0.505172,0.505172,1.0248592,0.09443669,0.09443669,1.0,9.992273e-17,1.0580923e-15,-27.18061,2.2547352,0.75157845,0.17600001,0.0,0.14274198,30.570286,30.600286,3267200
hardzero_plus_depr__c0p54__z1p05__lam0p030__nu0p50__psi1p00,hardzero_plus_depr,0.02,33,1021,0.0,1,0.505172,0.505172,1.0602314,0.0,0.087049946,0.0,0.0,1.0268202e-15,-28.219013,2.3325558,0.77751863,0.104,0.0,0.17171116,30.600286,30.630287,3270400
hardzero_plus_depr__c0p54__z1p05__lam0p030__nu0p50__psi1p00,hardzero_plus_depr,0.02,33,1022,0.0,1,0.505172,0.505172,1.0351124,0.09223328,0.09223328,1.0,9.190792e-17,9.964724e-16,-28.170446,2.2772927,0.7590976,0.136,0.0,0.13703066,30.630287,30.660288,3273600
hardzero_plus_depr__c0p54__z1p05__lam0p030__nu0p50__psi1p00,hardzero_plus_depr,0.02,33,1023,0.0,1,0.505172,0.505172,1.032223,0.09284896,0.09284896,1.0,8.978694e-17,9.670215e-16,-27.762012,2.270936,0.7569787,0.15200001,0.0,0.15697655,30.660288,30.690289,3276800
hardzero_plus_depr__c0p54__z1p05__lam0p030__nu0p50__psi1p00,hardzero_plus_depr,0.02,33,1024,0.0,1,0.505172,0.505172,1.1141244,0.0,0.07689101,0.0,0.0,9.384411e-16,-28.709803,2.4511228,0.8170409,0.112,0.0,0.16433342,30.690289,30.72029,3280000
hardzero_plus_depr__c0p54__z1p05__lam0p030__nu0p50__psi1p00,hardzero_plus_depr,0.02,33,1025,0.0,1,0.505172,0.505172,1.0252198,0.094358325,0.094358325,1.0,8.593263e-17,9.107054e-16,-26.232334,2.2555287,0.7518429,0.14400001,0.0,0.1481255,30.72029,30.75029,3283200
hardzero_plus_depr__c0p54__z1p05__lam0p030__nu0p50__psi1p00,hardzero_plus_depr,0.02,33,1026,0.0,1,0.505172,0.505172,1.0172166,0.09611329,0.09611329,1.0,8.49439e-17,8.8378936e-16,-26.641397,2.237921,0.7459737,0.16800001,0.0,0.119319566,30.75029,30.78029,3286400
hardzero_plus_depr__c0p54__z1p05__lam0p030__nu0p50__psi1p00,hardzero_plus_depr,0.02,33,1027,0.0,1,0.505172,0.505172,1.01595,0.096393995,0.096393995,1.0,8.267412e-17,8.576688e-16,-27.191463,2.2351346,0.7450449,0.14,0.0,0.17859273,30.78029,30.810291,3289600
hardzero_plus_depr__c0p54__z1p05__lam0p030__nu0p50__psi1p00,hardzero_plus_depr,0.02,33,1028,0.0,1,0.505172,0.505172,1.0301858,0.0932855,0.0932855,1.0,7.7643414e-17,8.323203e-16,-27.46631,2.266454,0.7554847,0.14400001,0.0,0.15090585,30.810291,30.840292,3292800
hardzero_plus_depr__c0p54__z1p05__lam0p030__nu0p50__psi1p00,hardzero_plus_depr,0.02,33,1029,0.0,1,0.505172,0.505172,0.99327433,0.1015607,0.1015607,1.0,8.2032706e-17,8.07721e-16,-26.194227,2.1852472,0.7284157,0.104,0.0,0.12933324,30.840292,30.870293,3296000
hardzero_plus_depr__c0p54__z1p05__lam0p030__nu0p50__psi1p00,hardzero_plus_depr,0.02,33,1030,0.0,1,0.505172,0.505172,1.0255406,0.094288655,0.094288655,1.0,7.390804e-17,7.838487e-16,-27.58918,2.2562344,0.7520782,0.128,0.0,0.156201,30.870293,30.900293,3299200
hardzero_plus_depr__c0p54__z1p05__lam0p030__nu0p50__psi1p00,hardzero_plus_depr,0.02,33,1031,0.0,1,0.505172,0.505172,1.0436751,0.09043257,0.09043257,1.0,6.879042e-17,7.606819e-16,-27.397318,2.296131,0.765377,0.15200001,0.0,0.145094,30.900293,30.930294,3302400
hardzero_plus_depr__c0p54__z1p05__lam0p030__nu0p50__psi1p00,hardzero_plus_depr,0.02,33,1032,0.0,1,0.505172,0.505172,1.0329705,0.09268927,0.09268927,1.0,6.84232e-17,7.3819985e-16,-27.13679,2.2725806,0.7575269,0.15200001,0.0,0.14493585,30.930294,30.960295,3305600
hardzero_plus_depr__c0p54__z1p05__lam0p030__nu0p50__psi1p00,hardzero_plus_depr,0.02,33,1033,0.0,1,0.505172,0.505172,1.0440252,0.0903597,0.0903597,1.0,6.473209e-17,7.163823e-16,-27.31585,2.2969012,0.76563376,0.120000005,0.0,0.1344786,30.960295,30.990295,3308800
hardzero_plus_depr__c0p54__z1p05__lam0p030__nu0p50__psi1p00,hardzero_plus_depr,0.02,33,1034,0.0,1,0.505172,0.505172,1.0233244,0.09477103,0.09477103,1.0,6.588572e-17,6.9520954e-16,-26.956772,2.2513585,0.7504529,0.096,0.0,0.14580812,30.990295,31.020296,3312000
hardzero_plus_depr__c0p54__z1p05__lam0p030__nu0p50__psi1p00,hardzero_plus_depr,0.02,33,1035,0.0,1,0.505172,0.505172,1.022401,0.094972745,0.094972745,1.0,6.407455e-17,6.746625e-16,-27.075235,2.2493272,0.74977577,0.15200001,0.0,0.13269013,31.020296,31.050297,3315200
hardzero_plus_depr__c0p54__z1p05__lam0p030__nu0p50__psi1p00,hardzero_plus_depr,0.02,33,1036,0.0,1,0.505172,0.505172,0.9948996,0.10118134,0.10118134,1.0,6.624573e-17,6.547228e-16,-26.822985,2.1888227,0.7296076,0.2,0.0,0.12690417,31.050297,31.080297,3318400
hardzero_plus_depr__c0p54__z1p05__lam0p030__nu0p50__psi1p00,hardzero_plus_depr,0.02,33,1037,0.0,1,0.505172,0.505172,1.0148239,0.09664425,0.09664425,1.0,6.140508e-17,6.353723e-16,-27.623396,2.2326572,0.74421906,0.16800001,0.0,0.14483996,31.080297,31.110298,3321600
hardzero_plus_depr__c0p54__z1p05__lam0p030__nu0p50__psi1p00,hardzero_plus_depr,0.02,33,1038,0.0,1,0.505172,0.505172,1.0452765,0.09009973,0.09009973,1.0,5.555494e-17,6.165938e-16,-28.249195,2.2996542,0.76655143,0.16800001,0.008,0.15279186,31.110298,31.140299,3324800
hardzero_plus_depr__c0p54__z1p05__lam0p030__nu0p50__psi1p00,hardzero_plus_depr,0.02,33,1039,0.0,1,0.505172,0.505172,0.9978621,0.10049347,0.10049347,1.0,6.0132305e-17,5.983703e-16,-26.86252,2.1953404,0.7317802,0.136,0.0,0.1497287,31.140299,31.1703,3328000
hardzero_plus_depr__c0p54__z1p05__lam0p030__nu0p50__psi1p00,hardzero_plus_depr,0.02,33,1040,0.0,1,0.505172,0.505172,0.9687509,0.107460566,0.107460566,1.0,6.240078e-17,5.806854e-16,-25.767944,2.1312945,0.7104315,0.14999999,0.0,0.13017488,31.1703,31.2003,3331200
hardzero_plus_depr__c0p54__z1p05__lam0p030__nu0p50__psi1p00,hardzero_plus_depr,0.02,33,1041,0.0,1,0.505172,0.505172,1.0561992,0.0,0.08786195,0.0,0.0,5.6352313e-16,-28.439775,2.3236847,0.7745616,0.120000005,0.0,0.16519871,31.2003,31.2303,3334400
hardzero_plus_depr__c0p54__z1p05__lam0p030__nu0p50__psi1p00,hardzero_plus_depr,0.02,33,1042,0.0,1,0.505172,0.505172,1.0470841,0.08972551,0.08972551,1.0,4.9068023e-17,5.4686813e-16,-27.55274,2.303631,0.76787704,0.16000001,0.0,0.14680274,31.2303,31.260302,3337600
hardzero_plus_depr__c0p54__z1p05__lam0p030__nu0p50__psi1p00,hardzero_plus_depr,0.02,33,1043,0.0,1,0.505172,0.505172,1.0556701,0.0,0.087969035,0.0,0.0,5.307054e-16,-27.406832,2.3225207,0.7741736,0.192,0.0,0.14724012,31.260302,31.290302,3340800
hardzero_plus_depr__c0p54__z1p05__lam0p030__nu0p50__psi1p00,hardzero_plus_depr,0.02,33,1044,0.0,1,0.505172,0.505172,1.0581874,0.0,0.08746063,0.0,0.0,5.1502033e-16,-28.17683,2.3280587,0.7760196,0.15200001,0.0,0.15920128,31.290302,31.320303,3344000
hardzero_plus_depr__c0p54__z1p05__lam0p030__nu0p50__psi1p00,hardzero_plus_depr,0.02,33,1045,0.0,1,0.505172,0.505172,1.0514865,0.0,0.08882057,0.0,0.0,4.9979883e-16,-27.947353,2.3133166,0.7711055,0.14400001,0.0,0.15493073,31.320303,31.350304,3347200
hardzero_plus_depr__c0p54__z1p05__lam0p030__nu0p50__psi1p00,hardzero_plus_depr,0.02,33,1046,0.0,1,0.505172,0.505172,1.0539483,0.0,0.08831849,0.0,0.0,4.850272e-16,-27.641016,2.3187325,0.77291083,0.128,0.0,0.14833413,31.350304,31.380304,3350400
hardzero_plus_depr__c0p54__z1p05__lam0p030__nu0p50__psi1p00,hardzero_plus_depr,0.02,33,1047,0.0,1,0.505172,0.505172,1.0181072,0.0959164,0.0959164,1.0,4.5147098e-17,4.706922e-16,-26.670929,2.2398806,0.74662685,0.16000001,0.0,0.14386068,31.380304,31.410305,3353600
hardzero_plus_depr__c0p54__z1p05__lam0p030__nu0p50__psi1p00,hardzero_plus_depr,0.02,33,1048,0.0,1,0.505172,0.505172,1.0220766,0.09504372,0.09504372,1.0,4.3414144e-17,4.567808e-16,-26.875357,2.2486134,0.7495378,0.192,0.0,0.15253189,31.410305,31.440306,3356800
hardzero_plus_depr__c0p54__z1p05__lam0p030__nu0p50__psi1p00,hardzero_plus_depr,0.02,33,1049,0.0,1,0.505172,0.505172,1.0656614,0.0,0.08596834,0.0,0.0,4.4328058e-16,-27.774305,2.344502,0.7815007,0.096,0.0,0.13051306,31.440306,31.470306,3360000
hardzero_plus_depr__c0p54__z1p05__lam0p030__nu0p50__psi1p00,hardzero_plus_depr,0.02,33,1050,0.0,1,0.505172,0.505172,1.0120728,0.09725842,0.09725842,1.0,4.1838564e-17,4.3017937e-16,-26.545092,2.2266047,0.74220157,0.17600001,0.0,0.15442646,31.470306,31.500307,3363200
hardzero_plus_depr__c0p54__z1p05__lam0p030__nu0p50__psi1p00,hardzero_plus_depr,0.02,33,1051,0.0,1,0.505172,0.505172,0.9937109,0.10145866,0.10145866,1.0,4.2355476e-17,4.1746535e-16,-25.882113,2.1862075,0.72873586,0.216,0.0,0.15624847,31.500307,31.530308,3366400
hardzero_plus_depr__c0p54__z1p05__lam0p030__nu0p50__psi1p00,hardzero_plus_depr,0.02,33,1052,0.0,1,0.505172,0.505172,1.0097526,0.09777941,0.09777941,1.0,3.9613087e-17,4.051271e-16,-26.499245,2.2215002,0.7405001,0.14400001,0.0,0.13430092,31.530308,31.560308,3369600
hardzero_plus_depr__c0p54__z1p05__lam0p030__nu0p50__psi1p00,hardzero_plus_depr,0.02,33,1053,0.0,1,0.505172,0.505172,1.0519198,0.0,0.08873198,0.0,0.0,3.9315352e-16,-27.809282,2.3142698,0.7714233,0.12,0.0,0.1368901,31.560308,31.59031,3372800
hardzero_plus_depr__c0p54__z1p05__lam0p030__nu0p50__psi1p00,hardzero_plus_depr,0.02,33,1054,0.0,1,0.505172,0.505172,0.97139823,0.106807485,0.106807485,1.0,4.075067e-17,3.8153384e-16,-26.143618,2.1371188,0.71237296,0.208,0.0,0.16369975,31.59031,31.62031,3376000
hardzero_plus_depr__c0p54__z1p05__lam0p030__nu0p50__psi1p00,hardzero_plus_depr,0.02,33,1055,0.0,1,0.505172,0.505172,1.0621953,0.0,0.08665721,0.0,0.0,3.7025753e-16,-27.98683,2.3368764,0.7789588,0.16800001,0.0,0.15095498,31.62031,31.65031,3379200
hardzero_plus_depr__c0p54__z1p05__lam0p030__nu0p50__psi1p00,hardzero_plus_depr,0.02,33,1056,0.0,1,0.505172,0.505172,0.99650484,0.100808024,0.100808024,1.0,3.622179e-17,3.5931455e-16,-27.541252,2.1923544,0.73078483,0.096,0.0,0.15628155,31.65031,31.680311,3382400
hardzero_plus_depr__c0p54__z1p05__lam0p030__nu0p50__psi1p00,hardzero_plus_depr,0.02,33,1057,0.0,1,0.505172,0.505172,1.041379,0.09091197,0.09091197,1.0,3.1700542e-17,3.4869493e-16,-27.346205,2.2910795,0.7636932,0.136,0.0,0.16157815,31.680311,31.710312,3385600
hardzero_plus_depr__c0p54__z1p05__lam0p030__nu0p50__psi1p00,hardzero_plus_depr,0.02,33,1058,0.0,1,0.505172,0.505172,1.021089,0.09526009,0.09526009,1.0,3.2234987e-17,3.383892e-16,-27.61347,2.2464406,0.74881357,0.192,0.0,0.16312034,31.710312,31.740313,3388800
hardzero_plus_depr__c0p54__z1p05__lam0p030__nu0p50__psi1p00,hardzero_plus_depr,0.02,33,1059,0.0,1,0.505172,0.505172,1.0431345,0.09054523,0.09054523,1.0,2.9733973e-17,3.2838806e-16,-27.777369,2.2949417,0.76498055,0.120000005,0.0,0.14414658,31.740313,31.770313,3392000
hardzero_plus_depr__c0p54__z1p05__lam0p030__nu0p50__psi1p00,hardzero_plus_depr,0.02,33,1060,0.0,1,0.505172,0.505172,1.0108352,0.097535975,0.097535975,1.0,3.108301e-17,3.1868251e-16,-27.358587,2.2238817,0.7412939,0.208,0.0,0.16569687,31.770313,31.800314,3395200
hardzero_plus_depr__c0p54__z1p05__lam0p030__nu0p50__psi1p00,hardzero_plus_depr,0.02,33,1061,0.0,1,0.505172,0.505172,1.0158341,0.096419714,0.096419714,1.0,2.9819133e-17,3.0926385e-16,-26.032919,2.2348797,0.74495995,0.15200001,0.0,0.13455434,31.800314,31.830315,3398400
hardzero_plus_depr__c0p54__z1p05__lam0p030__nu0p50__psi1p00,hardzero_plus_depr,0.02,33,1062,0.0,1,0.505172,0.505172,0.98132527,0.10439381,0.10439381,1.0,3.1331034e-17,3.001235e-16,-25.760181,2.1589587,0.7196529,0.17600001,0.0,0.14056256,31.830315,31.860315,3401600
hardzero_plus_depr__c0p54__z1p05__lam0p030__nu0p50__psi1p00,hardzero_plus_depr,0.02,33,1063,0.0,1,0.505172,0.505172,1.065241,0.0,0.0860516,0.0,0.0,2.9125328e-16,-28.470243,2.343577,0.7811923,0.16800001,0.0,0.18611874,31.860315,31.890316,3404800
hardzero_plus_depr__c0p54__z1p05__lam0p030__nu0p50__psi1p00,hardzero_plus_depr,0.02,33,1064,0.0,1,0.505172,0.505172,1.0448258,0.09019328,0.09019328,1.0,2.5492706e-17,2.8264529e-16,-27.50964,2.2986627,0.7662209,0.128,0.0,0.1481127,31.890316,31.920317,3408000
hardzero_plus_depr__c0p54__z1p05__lam0p030__nu0p50__psi1p00,hardzero_plus_depr,0.02,33,1065,0.0,1,0.505172,0.505172,1.0005517,0.09987304,0.09987304,1.0,2.7394343e-17,2.7429166e-16,-27.116028,2.2012577,0.7337526,0.16800001,0.0,0.16982684,31.920317,31.950317,3411200
hardzero_plus_depr__c0p54__z1p05__lam0p030__nu0p50__psi1p00,hardzero_plus_depr,0.02,33,1066,0.0,1,0.505172,0.505172,0.95778203,0.11020922,0.11020922,1.0,2.9336033e-17,2.6618492e-16,-26.749882,2.1071625,0.7023875,0.19,0.0,0.14647281,31.950317,31.980318,3414400
hardzero_plus_depr__c0p54__z1p05__lam0p030__nu0p50__psi1p00,hardzero_plus_depr,0.02,33,1067,0.0,1,0.505172,0.505172,1.0503227,0.0,0.089058906,0.0,0.0,2.5831779e-16,-27.85631,2.310756,0.770252,0.16000001,0.0,0.12970757,31.980318,32.01032,3417600
hardzero_plus_depr__c0p54__z1p05__lam0p030__nu0p50__psi1p00,hardzero_plus_depr,0.02,33,1068,0.0,1,0.505172,0.505172,1.0401918,0.09116081,0.09116081,1.0,2.2852482e-17,2.5068319e-16,-27.705338,2.2884676,0.76282257,0.18400002,0.008,0.16349266,32.01032,32.040318,3420800
hardzero_plus_depr__c0p54__z1p05__lam0p030__nu0p50__psi1p00,hardzero_plus_depr,0.02,33,1069,0.0,1,0.505172,0.505172,1.0356531,0.092118494,0.092118494,1.0,2.2410096e-17,2.4327467e-16,-27.056469,2.2784824,0.7594942,0.16000001,0.0,0.14096585,32.040318,32.070316,3424000
hardzero_plus_depr__c0p54__z1p05__lam0p030__nu0p50__psi1p00,hardzero_plus_depr,0.02,33,1070,0.0,1,0.505172,0.505172,1.0448848,0.09018102,0.09018102,1.0,2.1290396e-17,2.360851e-16,-28.470417,2.2987924,0.76626414,0.16000001,0.0,0.16753772,32.070316,32.100315,3427200
hardzero_plus_depr__c0p54__z1p05__lam0p030__nu0p50__psi1p00,hardzero_plus_depr,0.02,33,1071,0.0,1,0.505172,0.505172,1.0530791,0.0,0.088495426,0.0,0.0,2.29108e-16,-27.852997,2.3168204,0.7722735,0.14400001,0.0,0.15713525,32.100315,32.130314,3430400
hardzero_plus_depr__c0p54__z1p05__lam0p030__nu0p50__psi1p00,hardzero_plus_depr,0.02,33,1072,0.0,1,0.505172,0.505172,1.011432,0.09740201,0.09740201,1.0,2.1656081e-17,2.2233712e-16,-26.994461,2.225195,0.74173164,0.216,0.0,0.16733143,32.130314,32.160313,3433600
hardzero_plus_depr__c0p54__z1p05__lam0p030__nu0p50__psi1p00,hardzero_plus_depr,0.02,33,1073,0.0,1,0.505172,0.505172,1.046709,0.08980305,0.08980305,1.0,1.9376474e-17,2.1576633e-16,-28.359314,2.3028057,0.7676019,0.16000001,0.0,0.14596492,32.160313,32.19031,3436800
hardzero_plus_depr__c0p54__z1p05__lam0p030__nu0p50__psi1p00,hardzero_plus_depr,0.02,33,1074,0.0,1,0.505172,0.505172,1.0136138,0.09691391,0.09691391,1.0,2.0292777e-17,2.0938972e-16,-27.086843,2.229995,0.7433317,0.112,0.0,0.13364068,32.19031,32.22031,3440000
hardzero_plus_depr__c0p54__z1p05__lam0p030__nu0p50__psi1p00,hardzero_plus_depr,0.02,33,1075,0.0,1,0.505172,0.505172,1.0802461,0.0,0.08312926,0.0,0.0,2.0320158e-16,-27.644236,2.3765888,0.7921963,0.112,0.0,0.15643032,32.22031,32.25031,3443200
hardzero_plus_depr__c0p54__z1p05__lam0p030__nu0p50__psi1p00,hardzero_plus_depr,0.02,33,1076,0.0,1,0.505172,0.505172,0.9981872,0.10041829,0.10041829,1.0,1.9802115e-17,1.9719628e-16,-26.96222,2.1960557,0.7320186,0.18400002,0.0,0.13810283,32.25031,32.280308,3446400
hardzero_plus_depr__c0p54__z1p05__lam0p030__nu0p50__psi1p00,hardzero_plus_depr,0.02,33,1077,0.0,1,0.505172,0.505172,0.9758132,0.10572722,0.10572722,1.0,2.0232861e-17,1.9136851e-16,-26.674725,2.146832,0.7156107,0.18400002,0.0,0.15982834,32.280308,32.310307,3449600
hardzero_plus_depr__c0p54__z1p05__lam0p030__nu0p50__psi1p00,hardzero_plus_depr,0.02,33,1078,0.0,1,0.505172,0.505172,1.0534285,0.0,0.08842426,0.0,0.0,1.8571294e-16,-27.7903,2.317589,0.7725297,0.16000001,0.008,0.16583323,32.310307,32.340305,3452800
hardzero_plus_depr__c0p54__z1p05__lam0p030__nu0p50__psi1p00,hardzero_plus_depr,0.02,33,1079,0.0,1,0.505172,0.505172,1.0379306,0.09163669,0.09163669,1.0,1.6515175e-17,1.802245e-16,-27.64109,2.283493,0.76116437,0.24,0.0,0.17287013,32.340305,32.370304,3456000
hardzero_plus_depr__c0p54__z1p05__lam0p030__nu0p50__psi1p00,hardzero_plus_depr,0.02,33,1080,0.0,1,0.505172,0.505172,1.0424098,0.090696424,0.090696424,1.0,1.5862647e-17,1.7489827e-16,-27.932821,2.2933474,0.7644491,0.112,0.0,0.16655709,32.370304,32.400303,3459200
hardzero_plus_depr__c0p54__z1p05__lam0p030__nu0p50__psi1p00,hardzero_plus_depr,0.02,33,1081,0.0,1,0.505172,0.505172,1.0001695,0.099960975,0.099960975,1.0,1.6966321e-17,1.6972945e-16,-26.410786,2.2004168,0.7334723,0.136,0.0,0.14803253,32.400303,32.4303,3462400
hardzero_plus_depr__c0p54__z1p05__lam0p030__nu0p50__psi1p00,hardzero_plus_depr,0.02,33,1082,0.0,1,0.505172,0.505172,1.0226322,0.0949222,0.0949222,1.0,1.5634958e-17,1.6471339e-16,-26.83277,2.2498357,0.7499453,0.112,0.0,0.11869169,32.4303,32.4603,3465600
hardzero_plus_depr__c0p54__z1p05__lam0p030__nu0p50__psi1p00,hardzero_plus_depr,0.02,33,1083,0.0,1,0.505172,0.505172,1.0379449,0.09163368,0.09163368,1.0,1.464724e-17,1.5984559e-16,-26.903128,2.2835245,0.76117486,0.18400002,0.0,0.17017935,32.4603,32.4903,3468800
hardzero_plus_depr__c0p54__z1p05__lam0p030__nu0p50__psi1p00,hardzero_plus_depr,0.02,33,1084,0.0,1,0.505172,0.505172,1.002309,0.09946975,0.09946975,1.0,1.542991e-17,1.5512163e-16,-27.398329,2.2051237,0.73504126,0.16800001,0.0,0.15477705,32.4903,32.520298,3472000
hardzero_plus_depr__c0p54__z1p05__lam0p030__nu0p50__psi1p00,hardzero_plus_depr,0.02,33,1085,0.0,1,0.505172,0.505172,1.0359536,0.092054784,0.092054784,1.0,1.3857675e-17,1.5053726e-16,-27.413778,2.2791436,0.75971454,0.136,0.0,0.1588438,32.520298,32.550297,3475200
hardzero_plus_depr__c0p54__z1p05__lam0p030__nu0p50__psi1p00,hardzero_plus_depr,0.02,33,1086,0.0,1,0.505172,0.505172,1.0183952,0.0958528,0.0958528,1.0,1.4002982e-17,1.460884e-16,-26.764853,2.240514,0.74683803,0.17600001,0.0,0.13907371,32.550297,32.580296,3478400
hardzero_plus_depr__c0p54__z1p05__lam0p030__nu0p50__psi1p00,hardzero_plus_depr,0.02,33,1087,0.0,1,0.505172,0.505172,1.0049397,0.09886904,0.09886904,1.0,1.4016762e-17,1.41771e-16,-26.219307,2.2109115,0.73697054,0.136,0.0,0.13793553,32.580296,32.610294,3481600
hardzero_plus_depr__c0p54__z1p05__lam0p030__nu0p50__psi1p00,hardzero_plus_depr,0.02,33,1088,0.0,1,0.505172,0.505172,1.1042162,0.0,0.07866541,0.0,0.0,1.375812e-16,-28.574497,2.4293242,0.80977476,0.16800001,0.0,0.18052359,32.610294,32.640293,3484800
hardzero_plus_depr__c0p54__z1p05__lam0p030__nu0p50__psi1p00,hardzero_plus_depr,0.02,33,1089,0.0,1,0.505172,0.505172,1.0409781,0.09099591,0.09099591,1.0,1.21493385e-17,1.3351522e-16,-27.310684,2.2901974,0.7633991,0.18400002,0.0,0.16966523,32.640293,32.67029,3488000
hardzero_plus_depr__c0p54__z1p05__lam0p030__nu0p50__psi1p00,hardzero_plus_depr,0.02,33,1090,0.0,1,0.505172,0.505172,1.0356898,0.09211072,0.09211072,1.0,1.1934732e-17,1.2956941e-16,-27.028004,2.278563,0.759521,0.15200001,0.0,0.1368252,32.67029,32.70029,3491200
hardzero_plus_depr__c0p54__z1p05__lam0p030__nu0p50__psi1p00,hardzero_plus_depr,0.02,33,1091,0.0,1,0.505172,0.505172,1.0753427,0.0,0.08407315,0.0,0.0,1.2574021e-16,-28.07295,2.365801,0.7886004,0.15200001,0.0,0.17090645,32.70029,32.73029,3494400
hardzero_plus_depr__c0p54__z1p05__lam0p030__nu0p50__psi1p00,hardzero_plus_depr,0.02,33,1092,0.0,1,0.505172,0.505172,0.97167516,0.10673942,0.10673942,1.0,1.3024789e-17,1.2202418e-16,-26.468166,2.137728,0.71257603,0.17,0.0,0.15789457,32.73029,32.76029,3497600
hardzero_plus_depr__c0p54__z1p05__lam0p030__nu0p50__psi1p00,hardzero_plus_depr,0.02,33,1093,0.0,1,0.505172,0.505172,0.9860662,0.1032604,0.1032604,1.0,1.2227886e-17,1.1841796e-16,-27.046553,2.169389,0.7231297,0.18400002,0.0,0.12785415,32.76029,32.790287,3500800
hardzero_plus_depr__c0p54__z1p05__lam0p030__nu0p50__psi1p00,hardzero_plus_depr,0.02,33,1094,0.0,1,0.505172,0.505172,1.046704,0.089804046,0.089804046,1.0,1.032013e-17,1.1491832e-16,-26.518602,2.302795,0.76759833,0.112,0.0,0.13019924,32.790287,32.820286,3504000
hardzero_plus_depr__c0p54__z1p05__lam0p030__nu0p50__psi1p00,hardzero_plus_depr,0.02,33,1095,0.0,1,0.505172,0.505172,1.042338,0.090711415,0.090711415,1.0,1.0116328e-17,1.115221e-16,-27.748123,2.2931895,0.76439655,0.17600001,0.0,0.15886156,32.820286,32.850285,3507200
hardzero_plus_depr__c0p54__z1p05__lam0p030__nu0p50__psi1p00,hardzero_plus_depr,0.02,33,1096,0.0,1,0.505172,0.505172,1.0223854,0.094976164,0.094976164,1.0,1.0278916e-17,1.08226267e-16,-27.005394,2.2492926,0.7497642,0.224,0.0,0.14461237,32.850285,32.880283,3510400
hardzero_plus_depr__c0p54__z1p05__lam0p030__nu0p50__psi1p00,hardzero_plus_depr,0.02,33,1097,0.0,1,0.505172,0.505172,1.0050775,0.09883767,0.09883767,1.0,1.0380705e-17,1.0502782e-16,-26.919476,2.2112145,0.7370715,0.14400001,0.0,0.14626797,32.880283,32.910282,3513600
hardzero_plus_depr__c0p54__z1p05__lam0p030__nu0p50__psi1p00,hardzero_plus_depr,0.02,33,1098,0.0,1,0.505172,0.505172,1.085227,0.0,0.082181305,0.0,0.0,1.01923905e-16,-29.088657,2.387547,0.795849,0.17600001,0.008,0.15802483,32.910282,32.94028,3516800
hardzero_plus_depr__c0p54__z1p05__lam0p030__nu0p50__psi1p00,hardzero_plus_depr,0.02,33,1099,0.0,1,0.505172,0.505172,1.0289959,0.09354144,0.09354144,1.0,9.252344e-18,9.8911717e-17,-26.923603,2.2638361,0.7546121,0.16800001,0.0,0.14317323,32.94028,32.97028,3520000
hardzero_plus_depr__c0p54__z1p05__lam0p030__nu0p50__psi1p00,hardzero_plus_depr,0.02,33,1100,0.0,1,0.505172,0.505172,1.0233591,0.09476346,0.09476346,1.0,9.096207e-18,9.598856e-17,-27.274529,2.2514348,0.75047827,0.24800001,0.0,0.15012118,32.97028,33.00028,3523200
hardzero_plus_depr__c0p54__z1p05__lam0p030__nu0p50__psi1p00,hardzero_plus_depr,0.02,33,1101,0.0,1,0.505172,0.505172,1.05134,0.0,0.08885053,0.0,0.0,9.315178e-17,-28.087612,2.3129942,0.7709981,0.136,0.0,0.17232095,33.00028,33.030277,3526400
hardzero_plus_depr__c0p54__z1p05__lam0p030__nu0p50__psi1p00,hardzero_plus_depr,0.02,33,1102,0.0,1,0.505172,0.505172,0.97948956,0.10483598,0.10483598,1.0,9.4770505e-18,9.039884e-17,-26.2065,2.15492,0.7183067,0.128,0.0,0.11617821,33.030277,33.060276,3529600
hardzero_plus_depr__c0p54__z1p05__lam0p030__nu0p50__psi1p00,hardzero_plus_depr,0.02,33,1103,0.0,1,0.505172,0.505172,1.0269744,0.09397786,0.09397786,1.0,8.244421e-18,8.772726e-17,-27.113228,2.259389,0.75312966,0.17600001,0.0,0.17446384,33.060276,33.090275,3532800
hardzero_plus_depr__c0p54__z1p05__lam0p030__nu0p50__psi1p00,hardzero_plus_depr,0.02,33,1104,0.0,1,0.505172,0.505172,1.0257058,0.09425279,0.09425279,1.0,8.0241755e-18,8.5134626e-17,-27.857399,2.2565978,0.7521993,0.2,0.0,0.13874055,33.090275,33.120274,3536000
hardzero_plus_depr__c0p54__z1p05__lam0p030__nu0p50__psi1p00,hardzero_plus_depr,0.02,33,1105,0.0,1,0.505172,0.505172,0.99992687,0.10001683,0.10001683,1.0,8.263253e-18,8.261862e-17,-28.082697,2.199883,0.73329437,0.19999999,0.0,0.16219649,33.120274,33.150272,3539200
hardzero_plus_depr__c0p54__z1p05__lam0p030__nu0p50__psi1p00,hardzero_plus_depr,0.02,33,1106,0.0,1,0.505172,0.505172,1.0403544,0.091126695,0.091126695,1.0,7.306261e-18,8.017696e-17,-28.050993,2.2888253,0.7629418,0.18400002,0.0,0.14734963,33.150272,33.18027,3542400
hardzero_plus_depr__c0p54__z1p05__lam0p030__nu0p50__psi1p00,hardzero_plus_depr,0.02,33,1107,0.0,1,0.505172,0.505172,1.0319856,0.09289971,0.09289971,1.0,7.228292e-18,7.7807474e-17,-27.481287,2.2704136,0.7568046,0.136,0.0,0.17561714,33.18027,33.21027,3545600
hardzero_plus_depr__c0p54__z1p05__lam0p030__nu0p50__psi1p00,hardzero_plus_depr,0.02,33,1108,0.0,1,0.505172,0.505172,1.0031072,0.09928711,0.09928711,1.0,7.496972e-18,7.550801e-17,-26.958399,2.2068799,0.73562664,0.112,0.0,0.13851954,33.21027,33.24027,3548800
hardzero_plus_depr__c0p54__z1p05__lam0p030__nu0p50__psi1p00,hardzero_plus_depr,0.02,33,1109,0.0,1,0.505172,0.505172,1.0042716,0.09902125,0.09902125,1.0,7.25593e-18,7.3276496e-17,-26.862614,2.2094417,0.7364806,0.15200001,0.0,0.14088565,33.24027,33.270267,3552000
hardzero_plus_depr__c0p54__z1p05__lam0p030__nu0p50__psi1p00,hardzero_plus_depr,0.02,33,1110,0.0,1,0.505172,0.505172,1.0042539,0.09902528,0.09902528,1.0,7.04178e-18,7.111094e-17,-27.34867,2.2094026,0.73646754,0.104,0.0,0.15966596,33.270267,33.300266,3555200
hardzero_plus_depr__c0p54__z1p05__lam0p030__nu0p50__psi1p00,hardzero_plus_depr,0.02,33,1111,0.0,1,0.505172,0.505172,1.036389,0.09196254,0.09196254,1.0,6.3462773e-18,6.9009376e-17,-27.300581,2.2801013,0.7600338,0.120000005,0.0,0.13402197,33.300266,33.330265,3558400
hardzero_plus_depr__c0p54__z1p05__lam0p030__nu0p50__psi1p00,hardzero_plus_depr,0.02,33,1112,0.0,1,0.505172,0.505172,1.094741,0.0,0.08040055,0.0,0.0,6.6969925e-17,-28.04403,2.4084783,0.8028261,0.08800001,0.0,0.1307316,33.330265,33.360264,3561600
hardzero_plus_depr__c0p54__z1p05__lam0p030__nu0p50__psi1p00,hardzero_plus_depr,0.02,33,1113,0.0,1,0.505172,0.505172,1.0127914,0.09709762,0.09709762,1.0,6.3104463e-18,6.499074e-17,-26.827227,2.2281857,0.7427286,0.16800001,0.0,0.14635012,33.360264,33.390263,3564800
hardzero_plus_depr__c0p54__z1p05__lam0p030__nu0p50__psi1p00,hardzero_plus_depr,0.02,33,1114,0.0,1,0.505172,0.505172,1.0004205,0.09990322,0.09990322,1.0,6.3009015e-18,6.3070053e-17,-27.278809,2.200969,0.73365635,0.16800001,0.0,0.1478591,33.390263,33.42026,3568000
hardzero_plus_depr__c0p54__z1p05__lam0p030__nu0p50__psi1p00,hardzero_plus_depr,0.02,33,1115,0.0,1,0.505172,0.505172,0.9900214,0.10232426,0.10232426,1.0,6.2628714e-18,6.1206124e-17,-26.085115,2.1780906,0.72603023,0.16000001,0.0,0.13927718,33.42026,33.45026,3571200
hardzero_plus_depr__c0p54__z1p05__lam0p030__nu0p50__psi1p00,hardzero_plus_depr,0.02,33,1116,0.0,1,0.505172,0.505172,1.0380583,0.09160975,0.09160975,1.0,5.4413703e-18,5.939728e-17,-28.180779,2.283774,0.761258,0.136,0.0,0.16930436,33.45026,33.48026,3574400
hardzero_plus_depr__c0p54__z1p05__lam0p030__nu0p50__psi1p00,hardzero_plus_depr,0.02,33,1117,0.0,1,0.505172,0.505172,1.0220014,0.09506016,0.09506016,1.0,5.4794487e-18,5.76419e-17,-27.592598,2.248448,0.74948263,0.16800001,0.0,0.18444814,33.48026,33.510258,3577600
hardzero_plus_depr__c0p54__z1p05__lam0p030__nu0p50__psi1p00,hardzero_plus_depr,0.02,33,1118,0.0,1,0.505172,0.505172,0.98604834,0.10326465,0.10326465,1.0,5.7764586e-18,5.5938393e-17,-25.8524,2.1693497,0.7231166,0.21,0.0,0.14811157,33.510258,33.540257,3580800
hardzero_plus_depr__c0p54__z1p05__lam0p030__nu0p50__psi1p00,hardzero_plus_depr,0.02,33,1119,0.0,1,0.505172,0.505172,1.0294662,0.09344023,0.09344023,1.0,5.0724237e-18,5.4285227e-17,-26.964045,2.264871,0.75495696,0.24800001,0.0,0.15860951,33.540257,33.570255,3584000
hardzero_plus_depr__c0p54__z1p05__lam0p030__nu0p50__psi1p00,hardzero_plus_depr,0.02,33,1120,0.0,1,0.505172,0.505172,1.0803579,0.0,0.08310786,0.0,0.0,5.268092e-17,-28.472319,2.3768349,0.7922783,0.08800001,0.0,0.16641623,33.570255,33.600254,3587200
hardzero_plus_depr__c0p54__z1p05__lam0p030__nu0p50__psi1p00,hardzero_plus_depr,0.02,33,1121,0.0,1,0.505172,0.505172,1.0159603,0.0963917,0.0963917,1.0,4.9279326e-18,5.1124033e-17,-26.896841,2.2351573,0.74505246,0.15200001,0.0,0.14944199,33.600254,33.630253,3590400
hardzero_plus_depr__c0p54__z1p05__lam0p030__nu0p50__psi1p00,hardzero_plus_depr,0.02,33,1122,0.0,1,0.505172,0.505172,1.0472327,0.08969479,0.08969479,1.0,4.45004e-18,4.9613142e-17,-27.54049,2.3039582,0.76798606,0.17600001,0.0,0.1598208,33.630253,33.66025,3593600
hardzero_plus_depr__c0p54__z1p05__lam0p030__nu0p50__psi1p00,hardzero_plus_depr,0.02,33,1123,0.0,1,0.505172,0.505172,1.013609,0.09691498,0.09691498,1.0,4.666157e-18,4.814691e-17,-26.743992,2.2299845,0.7433282,0.136,0.0,0.135664,33.66025,33.69025,3596800
hardzero_plus_depr__c0p54__z1p05__lam0p030__nu0p50__psi1p00,hardzero_plus_depr,0.02,33,1124,0.0,1,0.505172,0.505172,1.0186034,0.09580685,0.09580685,1.0,4.4764806e-18,4.6724015e-17,-27.043861,2.2409723,0.7469908,0.224,0.0,0.16066325,33.69025,33.72025,3600000
hardzero_plus_depr__c0p54__z1p05__lam0p030__nu0p50__psi1p00,hardzero_plus_depr,0.02,33,1125,0.0,1,0.505172,0.505172,1.0702485,0.0,0.08506511,0.0,0.0,4.5343163e-17,-27.850574,2.3545938,0.7848646,0.112,0.0,0.1630014,33.72025,33.750248,3603200
hardzero_plus_depr__c0p54__z1p05__lam0p030__nu0p50__psi1p00,hardzero_plus_depr,0.02,33,1126,0.0,1,0.505172,0.505172,1.0773935,0.0,0.08367706,0.0,0.0,4.4003127e-17,-27.755205,2.3703132,0.7901044,0.15200001,0.0,0.15687828,33.750248,33.780247,3606400
hardzero_plus_depr__c0p54__z1p05__lam0p030__nu0p50__psi1p00,hardzero_plus_depr,0.02,33,1127,0.0,1,0.505172,0.505172,0.9831294,0.103961036,0.103961036,1.0,4.439416e-18,4.270269e-17,-26.72518,2.1629279,0.720976,0.15200001,0.0,0.17058934,33.780247,33.810246,3609600
hardzero_plus_depr__c0p54__z1p05__lam0p030__nu0p50__psi1p00,hardzero_plus_depr,0.02,33,1128,0.0,1,0.505172,0.505172,1.0813085,0.0,0.082926154,0.0,0.0,4.1440683e-17,-27.047678,2.378926,0.79297537,0.136,0.0,0.17810202,33.810246,33.840244,3612800
hardzero_plus_depr__c0p54__z1p05__lam0p030__nu0p50__psi1p00,hardzero_plus_depr,0.02,33,1129,0.0,1,0.505172,0.505172,1.0360069,0.09204348,0.09204348,1.0,3.7016184e-18,4.0215976e-17,-28.387201,2.2792609,0.75975364,0.14400001,0.0,0.17113534,33.840244,33.870243,3616000
hardzero_plus_depr__c0p54__z1p05__lam0p030__nu0p50__psi1p00,hardzero_plus_depr,0.02,33,1130,0.0,1,0.505172,0.505172,0.9640045,0.10864142,0.10864142,1.0,4.2399988e-18,3.902746e-17,-26.704872,2.1208522,0.7069508,0.2,0.0,0.1407805,33.870243,33.90024,3619200
hardzero_plus_depr__c0p54__z1p05__lam0p030__nu0p50__psi1p00,hardzero_plus_depr,0.02,33,1131,0.0,1,0.505172,0.505172,1.0128665,0.09708084,0.09708084,1.0,3.6768468e-18,3.7874072e-17,-27.54226,2.2283509,0.74278367,0.13,0.0,0.116780706,33.90024,33.93024,3622400
hardzero_plus_depr__c0p54__z1p05__lam0p030__nu0p50__psi1p00,hardzero_plus_depr,0.02,33,1132,0.0,1,0.505172,0.505172,0.97702134,0.1054335,0.1054335,1.0,3.8751844e-18,3.675477e-17,-26.047836,2.1494899,0.71649665,0.16000001,0.008,0.14359732,33.93024,33.96024,3625600
hardzero_plus_depr__c0p54__z1p05__lam0p030__nu0p50__psi1p00,hardzero_plus_depr,0.02,33,1133,0.0,1,0.505172,0.505172,1.0189857,0.095722556,0.095722556,1.0,3.4142846e-18,3.5668547e-17,-27.3224,2.2418134,0.7472712,0.16800001,0.0,0.14810605,33.96024,33.99024,3628800
hardzero_plus_depr__c0p54__z1p05__lam0p030__nu0p50__psi1p00,hardzero_plus_depr,0.02,33,1134,0.0,1,0.505172,0.505172,0.94858986,0.112566754,0.112566754,1.0,3.8964334e-18,3.4614425e-17,-26.355827,2.0869393,0.69564646,0.192,0.0,0.1367253,33.99024,34.020237,3632000
hardzero_plus_depr__c0p54__z1p05__lam0p030__nu0p50__psi1p00,hardzero_plus_depr,0.02,33,1135,0.0,1,0.505172,0.505172,1.0757833,0.0,0.08398791,0.0,0.0,3.359145e-17,-27.463364,2.3667705,0.7889235,0.16800001,0.0,0.14301555,34.020237,34.050236,3635200
hardzero_plus_depr__c0p54__z1p05__lam0p030__nu0p50__psi1p00,hardzero_plus_depr,0.02,33,1136,0.0,1,0.505172,0.505172,0.9853467,0.10343161,0.10343161,1.0,3.3717379e-18,3.2598718e-17,-26.343184,2.167806,0.722602,0.16000001,0.0,0.13262078,34.050236,34.080235,3638400
hardzero_plus_depr__c0p54__z1p05__lam0p030__nu0p50__psi1p00,hardzero_plus_depr,0.02,33,1137,0.0,1,0.505172,0.505172,1.0391182,0.09138645,0.09138645,1.0,2.8910395e-18,3.1635317e-17,-27.11857,2.2861056,0.76203525,0.14400001,0.0,0.13794203,34.080235,34.110233,3641600
hardzero_plus_depr__c0p54__z1p05__lam0p030__nu0p50__psi1p00,hardzero_plus_depr,0.02,33,1138,0.0,1,0.505172,0.505172,1.0587871,0.0,0.08733992,0.0,0.0,3.0700388e-17,-27.337996,2.3293781,0.7764594,0.136,0.0,0.15432073,34.110233,34.140232,3644800
hardzero_plus_depr__c0p54__z1p05__lam0p030__nu0p50__psi1p00,hardzero_plus_depr,0.02,33,1139,0.0,1,0.505172,0.505172,1.0496373,0.089199565,0.089199565,1.0,2.6575307e-18,2.979309e-17,-27.813051,2.3092482,0.7697494,0.120000005,0.0,0.15017167,34.140232,34.17023,3648000
hardzero_plus_depr__c0p54__z1p05__lam0p030__nu0p50__psi1p00,hardzero_plus_depr,0.02,33,1140,0.0,1,0.505172,0.505172,1.0293487,0.09346549,0.09346549,1.0,2.7023312e-18,2.891261e-17,-27.610264,2.2646124,0.75487083,0.14400001,0.0,0.13693187,34.17023,34.20023,3651200
hardzero_plus_depr__c0p54__z1p05__lam0p030__nu0p50__psi1p00,hardzero_plus_depr,0.02,33,1141,0.0,1,0.505172,0.505172,1.0173304,0.09608808,0.09608808,1.0,2.6960533e-18,2.8058145e-17,-27.200365,2.2381716,0.7460572,0.104,0.0,0.12990603,34.20023,34.23023,3654400
hardzero_plus_depr__c0p54__z1p05__lam0p030__nu0p50__psi1p00,hardzero_plus_depr,0.02,33,1142,0.0,1,0.505172,0.505172,1.054672,0.0,0.08817145,0.0,0.0,2.7228936e-17,-27.992947,2.3203247,0.77344155,0.136,0.0,0.16966046,34.23023,34.260227,3657600
hardzero_plus_depr__c0p54__z1p05__lam0p030__nu0p50__psi1p00,hardzero_plus_depr,0.02,33,1143,0.0,1,0.505172,0.505172,1.0400386,0.09119298,0.09119298,1.0,2.4097045e-18,2.6424232e-17,-27.544575,2.2881305,0.7627102,0.120000005,0.0,0.15652032,34.260227,34.290226,3660800
hardzero_plus_depr__c0p54__z1p05__lam0p030__nu0p50__psi1p00,hardzero_plus_depr,0.02,33,1144,0.0,1,0.505172,0.505172,1.0154058,0.096514866,0.096514866,1.0,2.4749604e-18,2.5643307e-17,-26.779394,2.2339373,0.7446458,0.22,0.0,0.1399218,34.290226,34.320225,3664000
hardzero_plus_depr__c0p54__z1p05__lam0p030__nu0p50__psi1p00,hardzero_plus_depr,0.02,33,1145,0.0,1,0.505172,0.505172,1.0472087,0.089699775,0.089699775,1.0,2.2322207e-18,2.4885466e-17,-27.640863,2.303905,0.76796836,0.120000005,0.0,0.15528893,34.320225,34.350224,3667200
hardzero_plus_depr__c0p54__z1p05__lam0p030__nu0p50__psi1p00,hardzero_plus_depr,0.02,33,1146,0.0,1,0.505172,0.505172,1.0519228,0.0,0.08873137,0.0,0.0,2.4150018e-17,-28.31714,2.3142765,0.7714255,0.17600001,0.0,0.15875211,34.350224,34.380222,3670400
hardzero_plus_depr__c0p54__z1p05__lam0p030__nu0p50__psi1p00,hardzero_plus_depr,0.02,33,1147,0.0,1,0.505172,0.505172,1.026662,0.09404548,0.09404548,1.0,2.2040786e-18,2.3436305e-17,-27.237318,2.2587016,0.75290054,0.128,0.0,0.15786369,34.380222,34.41022,3673600
hardzero_plus_depr__c0p54__z1p05__lam0p030__nu0p50__psi1p00,hardzero_plus_depr,0.02,33,1148,0.0,1,0.505172,0.505172,1.0555995,0.0,0.08798336,0.0,0.0,2.2743685e-17,-28.711063,2.322365,0.7741217,0.104,0.0,0.16682182,34.41022,34.44022,3676800
hardzero_plus_depr__c0p54__z1p05__lam0p030__nu0p50__psi1p00,hardzero_plus_depr,0.02,33,1149,0.0,1,0.505172,0.505172,1.023372,0.094760634,0.094760634,1.0,2.0915125e-18,2.2071535e-17,-28.17085,2.2514634,0.7504878,0.224,0.0,0.13070783,34.44022,34.47022,3680000
hardzero_plus_depr__c0p54__z1p05__lam0p030__nu0p50__psi1p00,hardzero_plus_depr,0.02,33,1150,0.0,1,0.505172,0.505172,1.0004003,0.09990787,0.09990787,1.0,2.1399514e-18,2.1419248e-17,-27.633692,2.2009246,0.73364156,0.14400001,0.0,0.14203385,34.47022,34.500217,3683200
hardzero_plus_depr__c0p54__z1p05__lam0p030__nu0p50__psi1p00,hardzero_plus_depr,0.02,33,1151,0.0,1,0.505172,0.505172,1.0527353,0.0,0.08856552,0.0,0.0,2.0786238e-17,-27.426407,2.316064,0.7720213,0.120000005,0.0,0.16599165,34.500217,34.530216,3686400
hardzero_plus_depr__c0p54__z1p05__lam0p030__nu0p50__psi1p00,hardzero_plus_depr,0.02,33,1152,0.0,1,0.505172,0.505172,1.0138074,0.09687074,0.09687074,1.0,1.9540707e-18,2.0171939e-17,-27.195372,2.2304208,0.74347365,0.16000001,0.0,0.1782043,34.530216,34.560215,3689600
hardzero_plus_depr__c0p54__z1p05__lam0p030__nu0p50__psi1p00,hardzero_plus_depr,0.02,33,1153,0.0,1,0.505172,0.505172,1.0357823,0.09209109,0.09209109,1.0,1.8027558e-18,1.957579e-17,-27.171198,2.2787666,0.7595889,0.08800001,0.0,0.15297307,34.560215,34.590214,3692800
hardzero_plus_depr__c0p54__z1p05__lam0p030__nu0p50__psi1p00,hardzero_plus_depr,0.02,33,1154,0.0,1,0.505172,0.505172,1.0511978,0.0,0.08887962,0.0,0.0,1.8997262e-17,-27.07899,2.3126812,0.77089375,0.104,0.0,0.14882325,34.590214,34.620213,3696000
hardzero_plus_depr__c0p54__z1p05__lam0p030__nu0p50__psi1p00,hardzero_plus_depr,0.02,33,1155,0.0,1,0.505172,0.505172,1.0369581,0.091842115,0.091842115,1.0,1.6931857e-18,1.8435831e-17,-26.748482,2.2813535,0.7604512,0.120000005,0.0,0.11475674,34.620213,34.65021,3699200
hardzero_plus_depr__c0p54__z1p05__lam0p030__nu0p50__psi1p00,hardzero_plus_depr,0.02,33,1156,0.0,1,0.505172,0.505172,1.0169146,0.09618013,0.09618013,1.0,1.720758e-18,1.7890992e-17,-26.745306,2.2372568,0.7457523,0.120000005,0.008,0.11577489,34.65021,34.68021,3702400
hardzero_plus_depr__c0p54__z1p05__lam0p030__nu0p50__psi1p00,hardzero_plus_depr,0.02,33,1157,0.0,1,0.505172,0.505172,1.0252634,0.09434883,0.09434883,1.0,1.6381083e-18,1.7362253e-17,-27.601566,2.2556245,0.75187486,0.16,0.0,0.16099337,34.68021,34.71021,3705600
hardzero_plus_depr__c0p54__z1p05__lam0p030__nu0p50__psi1p00,hardzero_plus_depr,0.02,33,1158,0.0,1,0.505172,0.505172,1.0416505,0.09085513,0.09085513,1.0,1.5308309e-18,1.6849141e-17,-27.473236,2.291677,0.76389235,0.136,0.0,0.14483407,34.71021,34.740208,3708800
hardzero_plus_depr__c0p54__z1p05__lam0p030__nu0p50__psi1p00,hardzero_plus_depr,0.02,33,1159,0.0,1,0.505172,0.505172,1.0619836,0.0,0.08669946,0.0,0.0,1.6351195e-17,-28.496122,2.3364105,0.7788035,0.128,0.0,0.1826172,34.740208,34.770206,3712000
hardzero_plus_depr__c0p54__z1p05__lam0p030__nu0p50__psi1p00,hardzero_plus_depr,0.02,33,1160,0.0,1,0.505172,0.505172,0.95143706,0.11183118,0.11183118,1.0,1.774533e-18,1.5867963e-17,-26.811329,2.0932033,0.6977345,0.2,0.0,0.14016944,34.770206,34.800205,3715200
hardzero_plus_depr__c0p54__z1p05__lam0p030__nu0p50__psi1p00,hardzero_plus_depr,0.02,33,1161,0.0,1,0.505172,0.505172,1.0361422,0.09201482,0.09201482,1.0,1.4169373e-18,1.5399013e-17,-27.390244,2.2795584,0.7598528,0.128,0.0,0.13888112,34.800205,34.830204,3718400
hardzero_plus_depr__c0p54__z1p05__lam0p030__nu0p50__psi1p00,hardzero_plus_depr,0.02,33,1162,0.0,1,0.505172,0.505172,1.0728775,0.0,0.08455173,0.0,0.0,1.4943923e-17,-28.315123,2.3603778,0.78679264,0.08800001,0.0,0.1721078,34.830204,34.860203,3721600
hardzero_plus_depr__c0p54__z1p05__lam0p030__nu0p50__psi1p00,hardzero_plus_depr,0.02,33,1163,0.0,1,0.505172,0.505172,1.0613089,0.0,0.08683427,0.0,0.0,1.450228e-17,-27.478565,2.3349261,0.77830875,0.096,0.0,0.16187692,34.860203,34.8902,3724800
hardzero_plus_depr__c0p54__z1p05__lam0p030__nu0p50__psi1p00,hardzero_plus_depr,0.02,33,1164,0.0,1,0.505172,0.505172,1.0232971,0.094776995,0.094776995,1.0,1.3338621e-18,1.407369e-17,-27.074688,2.2512984,0.75043285,0.16000001,0.0,0.17573988,34.8902,34.9202,3728000
hardzero_plus_depr__c0p54__z1p05__lam0p030__nu0p50__psi1p00,hardzero_plus_depr,0.02,33,1165,0.0,1,0.505172,0.505172,1.0392916,0.09134997,0.09134997,1.0,1.2476365e-18,1.3657767e-17,-27.504692,2.2864873,0.76216245,0.15200001,0.0,0.17136765,34.9202,34.9502,3731200
hardzero_plus_depr__c0p54__z1p05__lam0p030__nu0p50__psi1p00,hardzero_plus_depr,0.02,33,1166,0.0,1,0.505172,0.505172,1.0373927,0.091750264,0.091750264,1.0,1.2160704e-18,1.3254135e-17,-27.282078,2.2823095,0.76076984,0.2,0.008,0.13900425,34.9502,34.980198,3734400
hardzero_plus_depr__c0p54__z1p05__lam0p030__nu0p50__psi1p00,hardzero_plus_depr,0.02,33,1167,0.0,1,0.505172,0.505172,1.0178156,0.095980816,0.095980816,1.0,1.2345466e-18,1.2862431e-17,-27.173347,2.239239,0.746413,0.16000001,0.0,0.1456116,34.980198,35.010197,3737600
hardzero_plus_depr__c0p54__z1p05__lam0p030__nu0p50__psi1p00,hardzero_plus_depr,0.02,33,1168,0.0,1,0.505172,0.505172,1.02045,0.09540035,0.09540035,1.0,1.1908161e-18,1.2482304e-17,-27.127802,2.245035,0.748345,0.192,0.0,0.16251858,35.010197,35.040195,3740800
hardzero_plus_depr__c0p54__z1p05__lam0p030__nu0p50__psi1p00,hardzero_plus_depr,0.02,33,1169,0.0,1,0.505172,0.505172,1.0614896,0.0,0.086798124,0.0,0.0,1.2113411e-17,-27.958776,2.3353238,0.7784413,0.136,0.0,0.16945007,35.040195,35.070194,3744000
hardzero_plus_depr__c0p54__z1p05__lam0p030__nu0p50__psi1p00,hardzero_plus_depr,0.02,33,1170,0.0,1,0.505172,0.505172,0.9802541,0.10465161,0.10465161,1.0,1.2302236e-18,1.175542e-17,-26.348782,2.1566021,0.7188674,0.17999999,0.0,0.13342774,35.070194,35.100193,3747200
hardzero_plus_depr__c0p54__z1p05__lam0p030__nu0p50__psi1p00,hardzero_plus_depr,0.02,33,1171,0.0,1,0.505172,0.505172,1.0584038,0.0,0.08741705,0.0,0.0,1.14080085e-17,-27.0316,2.3285348,0.7761783,0.128,0.0,0.15833005,35.100193,35.13019,3750400
hardzero_plus_depr__c0p54__z1p05__lam0p030__nu0p50__psi1p00,hardzero_plus_depr,0.02,33,1172,0.0,1,0.505172,0.505172,1.0553043,0.0,0.08804316,0.0,0.0,1.10708646e-17,-28.023981,2.3217158,0.7739053,0.128,0.0,0.16082339,35.13019,35.16019,3753600
hardzero_plus_depr__c0p54__z1p05__lam0p030__nu0p50__psi1p00,hardzero_plus_depr,0.02,33,1173,0.0,1,0.505172,0.505172,0.97400403,0.10616855,0.10616855,1.0,1.1406414e-18,1.0743684e-17,-26.027212,2.1428516,0.7142839,0.216,0.0,0.15048936,35.16019,35.19019,3756800
hardzero_plus_depr__c0p54__z1p05__lam0p030__nu0p50__psi1p00,hardzero_plus_depr,0.02,33,1174,0.0,1,0.505172,0.505172,1.025706,0.094252735,0.094252735,1.0,9.826952e-19,1.0426172e-17,-27.174578,2.2565985,0.75219953,0.18400002,0.0,0.15401211,35.19019,35.22019,3760000
hardzero_plus_depr__c0p54__z1p05__lam0p030__nu0p50__psi1p00,hardzero_plus_depr,0.02,33,1175,0.0,1,0.505172,0.505172,1.0772593,0.0,0.083702944,0.0,0.0,1.0118045e-17,-28.227224,2.3700178,0.7900059,0.14400001,0.008,0.16366073,35.22019,35.250187,3763200
hardzero_plus_depr__c0p54__z1p05__lam0p030__nu0p50__psi1p00,hardzero_plus_depr,0.02,33,1176,0.0,1,0.505172,0.505172,1.0552421,0.0,0.08805579,0.0,0.0,9.8190235e-18,-28.613283,2.321579,0.7738597,0.17600001,0.0,0.19024016,35.250187,35.280186,3766400
hardzero_plus_depr__c0p54__z1p05__lam0p030__nu0p50__psi1p00,hardzero_plus_depr,0.02,33,1177,0.0,1,0.505172,0.505172,1.0358454,0.09207772,0.09207772,1.0,8.773939e-19,9.52884e-18,-28.22438,2.2789054,0.75963515,0.15200001,0.0,0.15649274,35.280186,35.310184,3769600
hardzero_plus_depr__c0p54__z1p05__lam0p030__nu0p50__psi1p00,hardzero_plus_depr,0.02,33,1178,0.0,1,0.505172,0.505172,1.0066242,0.09848629,0.09848629,1.0,9.107254e-19,9.247231e-18,-26.949911,2.2146175,0.73820585,0.18400002,0.0,0.1443132,35.310184,35.340183,3772800
hardzero_plus_depr__c0p54__z1p05__lam0p030__nu0p50__psi1p00,hardzero_plus_depr,0.02,33,1179,0.0,1,0.505172,0.505172,1.0079274,0.098191194,0.098191194,1.0,8.811624e-19,8.973945e-18,-26.845505,2.2174845,0.7391615,0.16800001,0.0,0.13431554,35.340183,35.370182,3776000
hardzero_plus_depr__c0p54__z1p05__lam0p030__nu0p50__psi1p00,hardzero_plus_depr,0.02,33,1180,0.0,1,0.505172,0.505172,1.0632225,0.0,0.08645248,0.0,0.0,8.708735e-18,-27.525635,2.3391364,0.77971214,0.14400001,0.0,0.14499304,35.370182,35.40018,3779200
hardzero_plus_depr__c0p54__z1p05__lam0p030__nu0p50__psi1p00,hardzero_plus_depr,0.02,33,1181,0.0,1,0.505172,0.505172,0.9667219,0.10796377,0.10796377,1.0,9.124411e-19,8.451364e-18,-26.363615,2.1268306,0.70894355,0.15200001,0.0,0.15323062,35.40018,35.43018,3782400
hardzero_plus_depr__c0p54__z1p05__lam0p030__nu0p50__psi1p00,hardzero_plus_depr,0.02,33,1182,0.0,1,0.505172,0.505172,1.047246,0.08969208,0.08969208,1.0,7.356184e-19,8.201598e-18,-27.173384,2.3039873,0.7679958,0.16000001,0.0,0.17097124,35.43018,35.46018,3785600
hardzero_plus_depr__c0p54__z1p05__lam0p030__nu0p50__psi1p00,hardzero_plus_depr,0.02,33,1183,0.0,1,0.505172,0.505172,1.0031923,0.09926765,0.09926765,1.0,7.900925e-19,7.9592146e-18,-26.657583,2.207067,0.73568904,0.14999999,0.0,0.14724283,35.46018,35.490177,3788800
hardzero_plus_depr__c0p54__z1p05__lam0p030__nu0p50__psi1p00,hardzero_plus_depr,0.02,33,1184,0.0,1,0.505172,0.505172,1.0471263,0.08971678,0.08971678,1.0,6.929718e-19,7.723993e-18,-27.430847,2.3037238,0.767908,0.136,0.0,0.14526603,35.490177,35.520176,3792000
hardzero_plus_depr__c0p54__z1p05__lam0p030__nu0p50__psi1p00,hardzero_plus_depr,0.02,33,1185,0.0,1,0.505172,0.505172,1.0559897,0.0,0.087904334,0.0,0.0,7.495725e-18,-27.184551,2.3232238,0.774408,0.120000005,0.0,0.14808403,35.520176,35.550175,3795200
hardzero_plus_depr__c0p54__z1p05__lam0p030__nu0p50__psi1p00,hardzero_plus_depr,0.02,33,1186,0.0,1,0.505172,0.505172,1.0315411,0.09299485,0.09299485,1.0,6.764632e-19,7.274201e-18,-26.905838,2.2694356,0.75647855,0.080000006,0.0,0.12982447,35.550175,35.580173,3798400
hardzero_plus_depr__c0p54__z1p05__lam0p030__nu0p50__psi1p00,hardzero_plus_depr,0.02,33,1187,0.0,1,0.505172,0.505172,0.9781349,0.10516353,0.10516353,1.0,7.42373e-19,7.059225e-18,-26.296803,2.1519396,0.71731323,0.23200001,0.0,0.12978174,35.580173,35.610172,3801600
hardzero_plus_depr__c0p54__z1p05__lam0p030__nu0p50__psi1p00,hardzero_plus_depr,0.02,33,1188,0.0,1,0.505172,0.505172,1.0397731,0.09124874,0.09124874,1.0,6.251087e-19,6.8506006e-18,-27.540562,2.2875466,0.76251554,0.17600001,0.0,0.14683035,35.610172,35.64017,3804800
hardzero_plus_depr__c0p54__z1p05__lam0p030__nu0p50__psi1p00,hardzero_plus_depr,0.02,33,1189,0.0,1,0.505172,0.505172,1.0000726,0.09998328,0.09998328,1.0,6.6470316e-19,6.6481432e-18,-26.81389,2.2002037,0.73340124,0.104,0.0,0.15518957,35.64017,35.67017,3808000
hardzero_plus_depr__c0p54__z1p05__lam0p030__nu0p50__psi1p00,hardzero_plus_depr,0.02,33,1190,0.0,1,0.505172,0.505172,1.0605857,0.0,0.08697897,0.0,0.0,6.4516684e-18,-27.764742,2.3333352,0.7777784,0.14400001,0.0,0.15147313,35.67017,35.70017,3811200
hardzero_plus_depr__c0p54__z1p05__lam0p030__nu0p50__psi1p00,hardzero_plus_depr,0.02,33,1191,0.0,1,0.505172,0.505172,1.0547919,0.0,0.08814711,0.0,0.0,6.2610008e-18,-26.930277,2.3205886,0.7735295,0.2,0.008,0.1330431,35.70017,35.730167,3814400
hardzero_plus_depr__c0p54__z1p05__lam0p030__nu0p50__psi1p00,hardzero_plus_depr,0.02,33,1192,0.0,1,0.505172,0.505172,0.978095,0.105173185,0.105173185,1.0,6.390289e-19,6.075968e-18,-26.728775,2.151852,0.71728396,0.208,0.0,0.16464205,35.730167,35.760166,3817600
hardzero_plus_depr__c0p54__z1p05__lam0p030__nu0p50__psi1p00,hardzero_plus_depr,0.02,33,1193,0.0,1,0.505172,0.505172,1.0254484,0.09430867,0.09430867,1.0,5.5608194e-19,5.896403e-18,-27.525442,2.2560315,0.7520105,0.17600001,0.0,0.16108043,35.760166,35.790165,3820800
hardzero_plus_depr__c0p54__z1p05__lam0p030__nu0p50__psi1p00,hardzero_plus_depr,0.02,33,1194,0.0,1,0.505172,0.505172,1.0552942,0.0,0.088045225,0.0,0.0,5.7221447e-18,-28.213493,2.3216934,0.7738978,0.17600001,0.0,0.13179812,35.790165,35.820164,3824000
hardzero_plus_depr__c0p54__z1p05__lam0p030__nu0p50__psi1p00,hardzero_plus_depr,0.02,33,1195,0.0,1,0.505172,0.505172,1.0264764,0.0940857,0.0940857,1.0,5.2246134e-19,5.5530367e-18,-27.185083,2.2582932,0.7527644,0.14400001,0.0,0.13626409,35.820164,35.850163,3827200
hardzero_plus_depr__c0p54__z1p05__lam0p030__nu0p50__psi1p00,hardzero_plus_depr,0.02,33,1196,0.0,1,0.505172,0.505172,1.0321509,0.09286437,0.09286437,1.0,5.0043926e-19,5.388926e-18,-26.703485,2.2707772,0.75692576,0.14999999,0.0,0.15179454,35.850163,35.88016,3830400
hardzero_plus_depr__c0p54__z1p05__lam0p030__nu0p50__psi1p00,hardzero_plus_depr,0.02,33,1197,0.0,1,0.505172,0.505172,1.0502625,0.0,0.089071244,0.0,0.0,5.2296654e-18,-27.633837,2.3106234,0.7702078,0.128,0.0,0.13727522,35.88016,35.91016,3833600
hardzero_plus_depr__c0p54__z1p05__lam0p030__nu0p50__psi1p00,hardzero_plus_depr,0.02,33,1198,0.0,1,0.505172,0.505172,1.0451586,0.09012419,0.09012419,1.0,4.5739035e-19,5.075112e-18,-27.531578,2.2993948,0.76646495,0.2,0.0,0.16740423,35.91016,35.94016,3836800
hardzero_plus_depr__c0p54__z1p05__lam0p030__nu0p50__psi1p00,hardzero_plus_depr,0.02,33,1199,0.0,1,0.505172,0.505172,1.0628866,0.0,0.08651937,0.0,0.0,4.925126e-18,-27.358692,2.3383973,0.7794658,0.112,0.0,0.14424619,35.94016,35.970158,3840000
hardzero_plus_depr__c0p54__z1p05__lam0p030__nu0p50__psi1p00,hardzero_plus_depr,0.02,33,1200,0.0,1,0.505172,0.505172,1.009421,0.0978541,0.0978541,1.0,4.6770074e-19,4.7795724e-18,-27.250782,2.2207706,0.7402569,0.15200001,0.0,0.13617074,35.970158,36.000156,3843200
hardzero_plus_depr__c0p54__z1p05__lam0p030__nu0p50__psi1p00,hardzero_plus_depr,0.02,33,1201,0.0,1,0.505172,0.505172,1.0380481,0.09161189,0.09161189,1.0,4.2492532e-19,4.6383206e-18,-27.274874,2.2837515,0.7612505,0.17600001,0.0,0.153166,36.000156,36.030155,3846400
hardzero_plus_depr__c0p54__z1p05__lam0p030__nu0p50__psi1p00,hardzero_plus_depr,0.02,33,1202,0.0,1,0.505172,0.505172,1.0482122,0.08949273,0.08949273,1.0,4.028285e-19,4.5012427e-18,-27.293629,2.3061128,0.7687043,0.224,0.008,0.14562225,36.030155,36.060154,3849600
hardzero_plus_depr__c0p54__z1p05__lam0p030__nu0p50__psi1p00,hardzero_plus_depr,0.02,33,1203,0.0,1,0.505172,0.505172,1.0147387,0.09666324,0.09666324,1.0,4.222459e-19,4.368216e-18,-27.029375,2.2324698,0.7441566,0.16800001,0.0,0.16536205,36.060154,36.090153,3852800
hardzero_plus_depr__c0p54__z1p05__lam0p030__nu0p50__psi1p00,hardzero_plus_depr,0.02,33,1204,0.0,1,0.505172,0.505172,1.0157139,0.09644641,0.09644641,1.0,4.0884798e-19,4.2391207e-18,-26.239693,2.2346153,0.7448718,0.18400002,0.0,0.13626832,36.090153,36.12015,3856000
hardzero_plus_depr__c0p54__z1p05__lam0p030__nu0p50__psi1p00,hardzero_plus_depr,0.02,33,1205,0.0,1,0.505172,0.505172,1.0016637,0.09961766,0.09961766,1.0,4.098112e-19,4.113841e-18,-27.254593,2.203704,0.73456806,0.18400002,0.0,0.15793747,36.12015,36.15015,3859200
hardzero_plus_depr__c0p54__z1p05__lam0p030__nu0p50__psi1p00,hardzero_plus_depr,0.02,33,1206,0.0,1,0.505172,0.505172,0.9634774,0.10877338,0.10877338,1.0,4.34252e-19,3.9922636e-18,-26.058294,2.1196926,0.7065642,0.192,0.0,0.12117394,36.15015,36.18015,3862400
hardzero_plus_depr__c0p54__z1p05__lam0p030__nu0p50__psi1p00,hardzero_plus_depr,0.02,33,1207,0.0,1,0.505172,0.505172,1.0246025,0.094492525,0.094492525,1.0,3.6609042e-19,3.874279e-18,-28.107954,2.2541707,0.7513902,0.16000001,0.0,0.12746432,36.18015,36.210148,3865600
hardzero_plus_depr__c0p54__z1p05__lam0p030__nu0p50__psi1p00,hardzero_plus_depr,0.02,33,1208,0.0,1,0.505172,0.505172,1.0233216,0.09477164,0.09477164,1.0,3.5632066e-19,3.7597816e-18,-27.409706,2.2513525,0.75045085,0.17600001,0.0,0.15849707,36.210148,36.240147,3868800
hardzero_plus_depr__c0p54__z1p05__lam0p030__nu0p50__psi1p00,hardzero_plus_depr,0.02,33,1209,0.0,1,0.505172,0.505172,1.0895857,0.0,0.08136063,0.0,0.0,3.6486672e-18,-27.989614,2.3971364,0.7990455,0.14,0.0,0.13173282,36.240147,36.270145,3872000
hardzero_plus_depr__c0p54__z1p05__lam0p030__nu0p50__psi1p00,hardzero_plus_depr,0.02,33,1210,0.0,1,0.505172,0.505172,1.023202,0.09479776,0.09479776,1.0,3.3566343e-19,3.540837e-18,-26.74293,2.2510893,0.7503631,0.104,0.0,0.13493617,36.270145,36.300144,3875200
hardzero_plus_depr__c0p54__z1p05__lam0p030__nu0p50__psi1p00,hardzero_plus_depr,0.02,33,1211,0.0,1,0.505172,0.505172,1.0330327,0.092676006,0.092676006,1.0,3.1845272e-19,3.4361939e-18,-27.772095,2.2727172,0.7575724,0.14400001,0.0,0.13799344,36.300144,36.330143,3878400
hardzero_plus_depr__c0p54__z1p05__lam0p030__nu0p50__psi1p00,hardzero_plus_depr,0.02,33,1212,0.0,1,0.505172,0.505172,1.0310565,0.09309866,0.09309866,1.0,3.104508e-19,3.334643e-18,-26.996786,2.2683697,0.75612324,0.16000001,0.0,0.1467081,36.330143,36.36014,3881600
hardzero_plus_depr__c0p54__z1p05__lam0p030__nu0p50__psi1p00,hardzero_plus_depr,0.02,33,1213,0.0,1,0.505172,0.505172,1.0050794,0.09883725,0.09883725,1.0,3.1984657e-19,3.2360935e-18,-27.309252,2.2112188,0.73707294,0.104,0.0,0.1326703,36.36014,36.39014,3884800
hardzero_plus_depr__c0p54__z1p05__lam0p030__nu0p50__psi1p00,hardzero_plus_depr,0.02,33,1214,0.0,1,0.505172,0.505172,1.0583252,0.0,0.08743289,0.0,0.0,3.1404563e-18,-27.226242,2.328362,0.77612066,0.112,0.0,0.119594194,36.39014,36.42014,3888000
hardzero_plus_depr__c0p54__z1p05__lam0p030__nu0p50__psi1p00,hardzero_plus_depr,0.02,33,1215,0.0,1,0.505172,0.505172,1.0595871,0.0,0.0871792,0.0,0.0,3.0476454e-18,-28.378578,2.3311381,0.7770461,0.14400001,0.0,0.14432001,36.42014,36.450138,3891200
hardzero_plus_depr__c0p54__z1p05__lam0p030__nu0p50__psi1p00,hardzero_plus_depr,0.02,33,1216,0.0,1,0.505172,0.505172,0.97918725,0.104908995,0.104908995,1.0,3.1027648e-19,2.9575775e-18,-26.640245,2.154255,0.718085,0.24000001,0.0,0.1468467,36.450138,36.480137,3894400
hardzero_plus_depr__c0p54__z1p05__lam0p030__nu0p50__psi1p00,hardzero_plus_depr,0.02,33,1217,0.0,1,0.505172,0.505172,0.9567016,0.11048375,0.11048375,1.0,3.1710731e-19,2.8701716e-18,-26.085728,2.1047854,0.7015952,0.23200001,0.0,0.14161557,36.480137,36.510136,3897600
hardzero_plus_depr__c0p54__z1p05__lam0p030__nu0p50__psi1p00,hardzero_plus_depr,0.02,33,1218,0.0,1,0.505172,0.505172,1.0607816,0.0,0.086939745,0.0,0.0,2.7853483e-18,-28.024506,2.3337662,0.7779221,0.15200001,0.0,0.17909913,36.510136,36.540134,3900800
hardzero_plus_depr__c0p54__z1p05__lam0p030__nu0p50__psi1p00,hardzero_plus_depr,0.02,33,1219,0.0,1,0.505172,0.505172,1.0295317,0.09342611,0.09342611,1.0,2.5253377e-19,2.703032e-18,-26.614218,2.265015,0.755005,0.16800001,0.0,0.14739177,36.540134,36.570133,3904000
hardzero_plus_depr__c0p54__z1p05__lam0p030__nu0p50__psi1p00,hardzero_plus_depr,0.02,33,1220,0.0,1,0.505172,0.505172,1.0110422,0.097489476,0.097489476,1.0,2.557294e-19,2.6231487e-18,-26.657213,2.2243373,0.7414458,0.16800001,0.0,0.1507107,36.570133,36.600132,3907200
hardzero_plus_depr__c0p54__z1p05__lam0p030__nu0p50__psi1p00,hardzero_plus_depr,0.02,33,1221,0.0,1,0.505172,0.505172,1.0215398,0.09516125,0.09516125,1.0,2.4224499e-19,2.5456264e-18,-27.794407,2.2474325,0.7491442,0.18400002,0.0,0.15091884,36.600132,36.63013,3910400
hardzero_plus_depr__c0p54__z1p05__lam0p030__nu0p50__psi1p00,hardzero_plus_depr,0.02,33,1222,0.0,1,0.505172,0.505172,1.0393053,0.091347076,0.091347076,1.0,2.2566332e-19,2.4703945e-18,-26.94183,2.2865174,0.76217246,0.13,0.0,0.14477374,36.63013,36.66013,3913600
hardzero_plus_depr__c0p54__z1p05__lam0p030__nu0p50__psi1p00,hardzero_plus_depr,0.02,33,1223,0.0,1,0.505172,0.505172,1.0105983,0.09758917,0.09758917,1.0,2.3395894e-19,2.3973863e-18,-27.310574,2.2233608,0.7411203,0.216,0.0,0.13081,36.66013,36.69013,3916800
hardzero_plus_depr__c0p54__z1p05__lam0p030__nu0p50__psi1p00,hardzero_plus_depr,0.02,33,1224,0.0,1,0.505172,0.505172,1.064762,0.0,0.08614656,0.0,0.0,2.3265356e-18,-28.543673,2.342523,0.78084105,0.128,0.0,0.14528565,36.69013,36.720127,3920000
hardzero_plus_depr__c0p54__z1p05__lam0p030__nu0p50__psi1p00,hardzero_plus_depr,0.02,33,1225,0.0,1,0.505172,0.505172,1.018172,0.09590206,0.09590206,1.0,2.1652564e-19,2.2577787e-18,-27.415657,2.2400231,0.7466744,0.18400002,0.0,0.144514,36.720127,36.750126,3923200
hardzero_plus_depr__c0p54__z1p05__lam0p030__nu0p50__psi1p00,hardzero_plus_depr,0.02,33,1226,0.0,1,0.505172,0.505172,1.0455214,0.09004894,0.09004894,1.0,1.9730209e-19,2.191054e-18,-27.586092,2.3001928,0.76673096,0.136,0.0,0.16255227,36.750126,36.780125,3926400
hardzero_plus_depr__c0p54__z1p05__lam0p030__nu0p50__psi1p00,hardzero_plus_depr,0.02,33,1227,0.0,1,0.505172,0.505172,1.0281795,0.09371744,0.09371744,1.0,1.9927152e-19,2.1263013e-18,-27.943775,2.2620401,0.7540134,0.192,0.0,0.14803034,36.780125,36.810123,3929600
hardzero_plus_depr__c0p54__z1p05__lam0p030__nu0p50__psi1p00,hardzero_plus_depr,0.02,33,1228,0.0,1,0.505172,0.505172,1.0114833,0.09739052,0.09739052,1.0,2.0096163e-19,2.063462e-18,-26.538729,2.2253077,0.74176925,0.216,0.0,0.14029233,36.810123,36.840122,3932800
hardzero_plus_depr__c0p54__z1p05__lam0p030__nu0p50__psi1p00,hardzero_plus_depr,0.02,33,1229,0.0,1,0.505172,0.505172,1.0057584,0.09868283,0.09868283,1.0,1.9761039e-19,2.00248e-18,-26.78076,2.2127128,0.73757094,0.224,0.0,0.14302206,36.840122,36.87012,3936000
hardzero_plus_depr__c0p54__z1p05__lam0p030__nu0p50__psi1p00,hardzero_plus_depr,0.02,33,1230,0.0,1,0.505172,0.505172,1.0205549,0.09537731,0.09537731,1.0,1.8534675e-19,1.9433002e-18,-27.489346,2.2452655,0.74842185,0.136,0.0,0.16467471,36.87012,36.90012,3939200
hardzero_plus_depr__c0p54__z1p05__lam0p030__nu0p50__psi1p00,hardzero_plus_depr,0.02,33,1231,0.0,1,0.505172,0.505172,0.9734471,0.1063048,0.1063048,1.0,2.0047695e-19,1.8858692e-18,-26.33995,2.1416264,0.7138755,0.23200001,0.0,0.17014179,36.90012,36.93012,3942400
hardzero_plus_depr__c0p54__z1p05__lam0p030__nu0p50__psi1p00,hardzero_plus_depr,0.02,33,1232,0.0,1,0.505172,0.505172,1.0217563,0.09511383,0.09511383,1.0,1.7407122e-19,1.8301357e-18,-26.733124,2.2479088,0.749303,0.16000001,0.0,0.15297174,36.93012,36.960117,3945600
hardzero_plus_depr__c0p54__z1p05__lam0p030__nu0p50__psi1p00,hardzero_plus_depr,0.02,33,1233,0.0,1,0.505172,0.505172,1.0075004,0.09828779,0.09828779,1.0,1.7456396e-19,1.7760492e-18,-26.852076,2.216545,0.7388484,0.16800001,0.0,0.12789963,36.960117,36.990116,3948800
hardzero_plus_depr__c0p54__z1p05__lam0p030__nu0p50__psi1p00,hardzero_plus_depr,0.02,33,1234,0.0,1,0.505172,0.505172,1.0025067,0.09942447,0.09942447,1.0,1.7136413e-19,1.723561e-18,-26.708406,2.2055588,0.7351863,0.136,0.0,0.15785334,36.990116,37.020115,3952000
hardzero_plus_depr__c0p54__z1p05__lam0p030__nu0p50__psi1p00,hardzero_plus_depr,0.02,33,1235,0.0,1,0.505172,0.505172,1.0601004,0.0,0.0870762,0.0,0.0,1.6726241e-18,-27.592907,2.3322675,0.77742255,0.14999999,0.0,0.14594546,37.020115,37.050114,3955200
hardzero_plus_depr__c0p54__z1p05__lam0p030__nu0p50__psi1p00,hardzero_plus_depr,0.02,33,1236,0.0,1,0.505172,0.505172,1.0472038,0.08970077,0.08970077,1.0,1.4560164e-19,1.6231926e-18,-27.251505,2.3038943,0.7679648,0.136,0.0,0.1457367,37.050114,37.080112,3958400
hardzero_plus_depr__c0p54__z1p05__lam0p030__nu0p50__psi1p00,hardzero_plus_depr,0.02,33,1237,0.0,1,0.505172,0.505172,1.0419426,0.09079405,0.09079405,1.0,1.4302078e-19,1.575222e-18,-27.01815,2.2923195,0.7641065,0.128,0.0,0.13975401,37.080112,37.11011,3961600
hardzero_plus_depr__c0p54__z1p05__lam0p030__nu0p50__psi1p00,hardzero_plus_depr,0.02,33,1238,0.0,1,0.505172,0.505172,0.9735407,0.10628189,0.10628189,1.0,1.6246983e-19,1.528669e-18,-26.243982,2.1418324,0.71394414,0.15200001,0.0,0.13642192,37.11011,37.14011,3964800
hardzero_plus_depr__c0p54__z1p05__lam0p030__nu0p50__psi1p00,hardzero_plus_depr,0.02,33,1239,0.0,1,0.505172,0.505172,1.0240862,0.09460492,0.09460492,1.0,1.4034563e-19,1.4834919e-18,-27.386984,2.2530348,0.7510116,0.17600001,0.0,0.14085704,37.14011,37.17011,3968000
hardzero_plus_depr__c0p54__z1p05__lam0p030__nu0p50__psi1p00,hardzero_plus_depr,0.02,33,1240,0.0,1,0.505172,0.505172,1.0084113,0.098081864,0.098081864,1.0,1.4120353e-19,1.4396497e-18,-26.634497,2.218549,0.7395164,0.120000005,0.0,0.15879077,37.17011,37.200108,3971200
hardzero_plus_depr__c0p54__z1p05__lam0p030__nu0p50__psi1p00,hardzero_plus_depr,0.02,33,1241,0.0,1,0.505172,0.505172,1.0259637,0.09419685,0.09419685,1.0,1.3160274e-19,1.3971034e-18,-27.355759,2.2571652,0.7523884,0.18400002,0.0,0.12986061,37.200108,37.230106,3974400
hardzero_plus_depr__c0p54__z1p05__lam0p030__nu0p50__psi1p00,hardzero_plus_depr,0.02,33,1242,0.0,1,0.505172,0.505172,1.036606,0.09191662,0.09191662,1.0,1.2462188e-19,1.3558144e-18,-27.910095,2.2805786,0.7601929,0.15200001,0.0,0.16391459,37.230106,37.260105,3977600
hardzero_plus_depr__c0p54__z1p05__lam0p030__nu0p50__psi1p00,hardzero_plus_depr,0.02,33,1243,0.0,1,0.505172,0.505172,1.0792123,0.0,0.083327375,0.0,0.0,1.3157456e-18,-27.195684,2.3743145,0.7914382,0.136,0.0,0.17798504,37.260105,37.290104,3980800
hardzero_plus_depr__c0p54__z1p05__lam0p030__nu0p50__psi1p00,hardzero_plus_depr,0.02,33,1244,0.0,1,0.505172,0.505172,1.0600307,0.0,0.087090194,0.0,0.0,1.2768611e-18,-28.038376,2.3321142,0.7773714,0.104,0.0,0.1719406,37.290104,37.320103,3984000
hardzero_plus_depr__c0p54__z1p05__lam0p030__nu0p50__psi1p00,hardzero_plus_depr,0.02,33,1245,0.0,1,0.505172,0.505172,1.0355128,0.09214826,0.09214826,1.0,1.1418326e-19,1.2391256e-18,-27.392439,2.2781737,0.75939125,0.16800001,0.0,0.16129795,37.320103,37.3501,3987200
hardzero_plus_depr__c0p54__z1p05__lam0p030__nu0p50__psi1p00,hardzero_plus_depr,0.02,33,1246,0.0,1,0.505172,0.505172,1.0177867,0.09598718,0.09598718,1.0,1.1542509e-19,1.2025053e-18,-26.609388,2.2391756,0.7463919,0.192,0.0,0.122481994,37.3501,37.3801,3990400
hardzero_plus_depr__c0p54__z1p05__lam0p030__nu0p50__psi1p00,hardzero_plus_depr,0.02,33,1247,0.0,1,0.505172,0.505172,1.0581694,0.0,0.08746425,0.0,0.0,1.1669673e-18,-27.860891,2.3280191,0.7760064,0.16800001,0.0,0.19286776,37.3801,37.4101,3993600
hardzero_plus_depr__c0p54__z1p05__lam0p030__nu0p50__psi1p00,hardzero_plus_depr,0.02,33,1248,0.0,1,0.505172,0.505172,1.0154601,0.09650278,0.09650278,1.0,1.0928744e-19,1.1324797e-18,-27.476557,2.234057,0.74468565,0.19999999,0.0,0.16149148,37.4101,37.440098,3996800
hardzero_plus_depr__c0p54__z1p05__lam0p030__nu0p50__psi1p00,hardzero_plus_depr,0.02,33,1249,0.0,1,0.505172,0.505172,0.98158807,0.10433066,0.10433066,1.0,1.1466056e-19,1.0990112e-18,-27.032078,2.1595368,0.71984565,0.14400001,0.0,0.12514763,37.440098,37.470097,4000000
hardzero_plus_depr__c0p54__z1p05__lam0p030__nu0p50__psi1p00,hardzero_plus_depr,0.02,34,0,1.0,1,1.0,0.45999998,1.0739973,0.0,0.084334016,0.0,0.0,0.02,-27.958464,2.3628411,0.78761375,0.17999999,0.0,0.15948392,0.0,0.0,3200
hardzero_plus_depr__c0p54__z1p05__lam0p030__nu0p50__psi1p00,hardzero_plus_depr,0.02,34,1,0.0,1,0.45999998,0.45999998,1.0724891,0.0,0.08462738,0.0,0.0,0.02,-28.132221,2.3595233,0.7865078,0.136,0.0,0.14916873,0.0,0.03,6400
hardzero_plus_depr__c0p54__z1p05__lam0p030__nu0p50__psi1p00,hardzero_plus_depr,0.02,34,2,0.0,1,0.45999998,0.46183315,1.0247953,0.094450586,0.094450586,1.0,0.0018331831,0.019408911,-26.762012,2.2545946,0.75153154,0.128,0.0,0.13993247,0.03,0.06,9600
hardzero_plus_depr__c0p54__z1p05__lam0p030__nu0p50__psi1p00,hardzero_plus_depr,0.02,34,3,0.0,1,0.46183315,0.46362442,1.0218152,0.09510095,0.09510095,1.0,0.001791254,0.018835291,-27.811333,2.2480383,0.74934614,0.128,0.0,0.15757243,0.06,0.089999996,12800
hardzero_plus_depr__c0p54__z1p05__lam0p030__nu0p50__psi1p00,hardzero_plus_depr,0.02,34,4,0.0,1,0.46362442,0.46539876,1.0129087,0.097071394,0.097071394,1.0,0.0017743316,0.018278625,-27.01932,2.2284436,0.74281454,0.216,0.0,0.14274544,0.089999996,0.12,16000
hardzero_plus_depr__c0p54__z1p05__lam0p030__nu0p50__psi1p00,hardzero_plus_depr,0.02,34,5,0.0,1,0.46539876,0.46539876,1.1063346,0.0,0.078282624,0.0,0.0,0.017738407,-28.404078,2.4339848,0.8113283,0.08800001,0.0,0.14422202,0.12,0.14999999,19200
hardzero_plus_depr__c0p54__z1p05__lam0p030__nu0p50__psi1p00,hardzero_plus_depr,0.02,34,6,0.0,1,0.46539876,0.46701634,1.0270176,0.093968526,0.093968526,1.0,0.0016175892,0.017214159,-27.575981,2.2594838,0.7531613,0.120000005,0.0,0.15643002,0.14999999,0.17999999,22400
hardzero_plus_depr__c0p54__z1p05__lam0p030__nu0p50__psi1p00,hardzero_plus_depr,0.02,34,7,0.0,1,0.46701634,0.46860304,1.0223575,0.09498226,0.09498226,1.0,0.0015867171,0.016705405,-27.840498,2.2492313,0.7497438,0.16000001,0.0,0.17608269,0.17999999,0.21,25600
hardzero_plus_depr__c0p54__z1p05__lam0p030__nu0p50__psi1p00,hardzero_plus_depr,0.02,34,8,0.0,1,0.46860304,0.47029713,0.98089254,0.10449787,0.10449787,1.0,0.0016940866,0.016211685,-26.798449,2.1580067,0.71933556,0.2,0.0,0.15097676,0.21,0.24,28800
hardzero_plus_depr__c0p54__z1p05__lam0p030__nu0p50__psi1p00,hardzero_plus_depr,0.02,34,9,0.0,1,0.47029713,0.47172382,1.0424685,0.09068417,0.09068417,1.0,0.0014266938,0.015732557,-27.740341,2.2934766,0.7644922,0.16800001,0.0,0.17796504,0.24,0.26999998,32000
hardzero_plus_depr__c0p54__z1p05__lam0p030__nu0p50__psi1p00,hardzero_plus_depr,0.02,34,10,0.0,1,0.47172382,0.47316992,1.0235703,0.094717376,0.094717376,1.0,0.0014461061,0.01526759,-26.642384,2.2518997,0.75063324,0.136,0.0,0.15469615,0.26999998,0.29999998,35200
hardzero_plus_depr__c0p54__z1p05__lam0p030__nu0p50__psi1p00,hardzero_plus_depr,0.02,34,11,0.0,1,0.47316992,0.47475988,0.96935374,0.1073115,0.1073115,1.0,0.0015899662,0.014816363,-26.187553,2.1326208,0.7108736,0.16800001,0.0,0.12549242,0.29999998,0.32999998,38400
hardzero_plus_depr__c0p54__z1p05__lam0p030__nu0p50__psi1p00,hardzero_plus_depr,0.02,34,12,0.0,1,0.47475988,0.47475988,1.0914868,0.0,0.08100525,0.0,0.0,0.014378476,-28.310148,2.401319,0.8004397,0.128,0.0,0.1475675,0.32999998,0.35999998,41600
hardzero_plus_depr__c0p54__z1p05__lam0p030__nu0p50__psi1p00,hardzero_plus_depr,0.02,34,13,0.0,1,0.47475988,0.47475988,1.0612545,0.0,0.08684513,0.0,0.0,0.0139535265,-27.350943,2.3348064,0.7782688,0.14999999,0.0,0.12891199,0.35999998,0.39,44800
hardzero_plus_depr__c0p54__z1p05__lam0p030__nu0p50__psi1p00,hardzero_plus_depr,0.02,34,14,0.0,1,0.47475988,0.47609544,1.0059901,0.09863019,0.09863019,1.0,0.001335565,0.013541138,-25.963255,2.2132225,0.7377409,0.120000005,0.0,0.13114542,0.39,0.42,48000
hardzero_plus_depr__c0p54__z1p05__lam0p030__nu0p50__psi1p00,hardzero_plus_depr,0.02,34,15,0.0,1,0.47609544,0.4772742,1.0471925,0.08970311,0.08970311,1.0,0.0011787829,0.013140936,-27.617239,2.3038695,0.7679565,0.17600001,0.0,0.14951156,0.42,0.45,51200
hardzero_plus_depr__c0p54__z1p05__lam0p030__nu0p50__psi1p00,hardzero_plus_depr,0.02,34,16,0.0,1,0.4772742,0.4784135,1.0489609,0.089338586,0.089338586,1.0,0.0011392959,0.012752563,-27.37849,2.30776,0.7692534,0.15200001,0.0,0.144051,0.45,0.48,54400
hardzero_plus_depr__c0p54__z1p05__lam0p030__nu0p50__psi1p00,hardzero_plus_depr,0.02,34,17,0.0,1,0.4784135,0.4784135,1.0852445,0.0,0.08217797,0.0,0.0,0.012375668,-27.686272,2.3875856,0.7958619,0.15200001,0.0,0.15779619,0.48,0.51,57600
hardzero_plus_depr__c0p54__z1p05__lam0p030__nu0p50__psi1p00,hardzero_plus_depr,0.02,34,18,0.0,1,0.4784135,0.47948962,1.0476716,0.08960421,0.08960421,1.0,0.0010761386,0.012009911,-27.862703,2.3049235,0.76830786,0.192,0.0,0.1634074,0.51,0.53999996,60800
hardzero_plus_depr__c0p54__z1p05__lam0p030__nu0p50__psi1p00,hardzero_plus_depr,0.02,34,19,0.0,1,0.47948962,0.48061165,1.0165049,0.09627091,0.09627091,1.0,0.001122034,0.011654965,-27.498524,2.2363553,0.7454518,0.112,0.0,0.14142181,0.53999996,0.56999993,64000
hardzero_plus_depr__c0p54__z1p05__lam0p030__nu0p50__psi1p00,hardzero_plus_depr,0.02,34,20,0.0,1,0.48061165,0.48168266,1.0236943,0.094690345,0.094690345,1.0,0.001070996,0.011310509,-26.530403,2.2521725,0.7507242,0.18400002,0.0,0.1292692,0.56999993,0.5999999,67200
hardzero_plus_depr__c0p54__z1p05__lam0p030__nu0p50__psi1p00,hardzero_plus_depr,0.02,34,21,0.0,1,0.48168266,0.48168266,1.0678238,0.0,0.08554138,0.0,0.0,0.0109762335,-29.008583,2.3492591,0.7830864,0.17600001,0.0,0.18192236,0.5999999,0.6299999,70400
hardzero_plus_depr__c0p54__z1p05__lam0p030__nu0p50__psi1p00,hardzero_plus_depr,0.02,34,22,0.0,1,0.48168266,0.48168266,1.0657789,0.0,0.0859451,0.0,0.0,0.010651837,-28.070585,2.3447602,0.78158677,0.16000001,0.0,0.17606921,0.6299999,0.65999985,73600
hardzero_plus_depr__c0p54__z1p05__lam0p030__nu0p50__psi1p00,hardzero_plus_depr,0.02,34,23,0.0,1,0.48168266,0.48168266,1.0582811,0.0,0.08744177,0.0,0.0,0.010337027,-28.201874,2.328265,0.77608836,0.16000001,0.0,0.19864674,0.65999985,0.6899998,76800
hardzero_plus_depr__c0p54__z1p05__lam0p030__nu0p50__psi1p00,hardzero_plus_depr,0.02,34,24,0.0,1,0.48168266,0.48168266,1.0701562,0.0,0.08508319,0.0,0.0,0.010031523,-27.805704,2.3543906,0.7847969,0.104,0.0,0.15215553,0.6899998,0.7199998,80000
hardzero_plus_depr__c0p54__z1p05__lam0p030__nu0p50__psi1p00,hardzero_plus_depr,0.02,34,25,0.0,1,0.48168266,0.4826414,1.006638,0.09848314,0.09848314,1.0,0.000958738,0.009735047,-27.404003,2.214648,0.73821604,0.14400001,0.0,0.1281038,0.7199998,0.74999976,83200
hardzero_plus_depr__c0p54__z1p05__lam0p030__nu0p50__psi1p00,hardzero_plus_depr,0.02,34,26,0.0,1,0.4826414,0.4826414,1.0577745,0.0,0.0875438,0.0,0.0,0.009447333,-27.682913,2.3271506,0.7757169,0.16,0.0,0.15047352,0.74999976,0.77999973,86400
hardzero_plus_depr__c0p54__z1p05__lam0p030__nu0p50__psi1p00,hardzero_plus_depr,0.02,34,27,0.0,1,0.4826414,0.48357603,0.99164456,0.10194254,0.10194254,1.0,0.0009346217,0.009168123,-28.060312,2.1816616,0.72722054,0.15200001,0.0,0.1508901,0.77999973,0.8099997,89600
hardzero_plus_depr__c0p54__z1p05__lam0p030__nu0p50__psi1p00,hardzero_plus_depr,0.02,34,28,0.0,1,0.48357603,0.4843915,1.0378326,0.09165736,0.09165736,1.0,0.00081549055,0.008897164,-27.650118,2.2832773,0.7610924,0.128,0.0,0.13731693,0.8099997,0.8399997,92800
hardzero_plus_depr__c0p54__z1p05__lam0p030__nu0p50__psi1p00,hardzero_plus_depr,0.02,34,29,0.0,1,0.4843915,0.48517376,1.0428727,0.09059982,0.09059982,1.0,0.00078225817,0.008634213,-27.068386,2.2943656,0.76478857,0.096,0.0,0.17879982,0.8399997,0.86999965,96000
hardzero_plus_depr__c0p54__z1p05__lam0p030__nu0p50__psi1p00,hardzero_plus_depr,0.02,34,30,0.0,1,0.48517376,0.48595396,1.0309938,0.09311212,0.09311212,1.0,0.0007801896,0.008379034,-27.19631,2.2682316,0.75607723,0.15200001,0.0,0.16938676,0.86999965,0.8999996,99200
hardzero_plus_depr__c0p54__z1p05__lam0p030__nu0p50__psi1p00,hardzero_plus_depr,0.02,34,31,0.0,1,0.48595396,0.486706,1.033921,0.09248664,0.09248664,1.0,0.0007520456,0.008131397,-27.089926,2.2746716,0.7582239,0.136,0.0,0.15117773,0.8999996,0.9299996,102400
hardzero_plus_depr__c0p54__z1p05__lam0p030__nu0p50__psi1p00,hardzero_plus_depr,0.02,34,32,0.0,1,0.486706,0.486706,1.1131915,0.0,0.07705636,0.0,0.0,0.007891078,-28.870161,2.4490702,0.8163568,0.112,0.0,0.16183263,0.9299996,0.95999956,105600
hardzero_plus_depr__c0p54__z1p05__lam0p030__nu0p50__psi1p00,hardzero_plus_depr,0.02,34,33,0.0,1,0.486706,0.48744136,1.0176055,0.09602724,0.09602724,1.0,0.0007353632,0.007657861,-26.763002,2.238777,0.746259,0.128,0.0,0.15397178,0.95999956,0.98999953,108800
hardzero_plus_depr__c0p54__z1p05__lam0p030__nu0p50__psi1p00,hardzero_plus_depr,0.02,34,34,0.0,1,0.48744136,0.4881661,1.0108988,0.09752168,0.09752168,1.0,0.000724736,0.0074315374,-26.810982,2.224022,0.74134064,0.24800001,0.0,0.16592914,0.98999953,1.0199995,112000
hardzero_plus_depr__c0p54__z1p05__lam0p030__nu0p50__psi1p00,hardzero_plus_depr,0.02,34,35,0.0,1,0.4881661,0.48883942,1.0298212,0.093363866,0.093363866,1.0,0.0006733311,0.0072119026,-27.569563,2.2656517,0.75521725,0.112,0.0,0.14904018,1.0199995,1.0499995,115200
hardzero_plus_depr__c0p54__z1p05__lam0p030__nu0p50__psi1p00,hardzero_plus_depr,0.02,34,36,0.0,1,0.48883942,0.48883942,1.0644271,0.0,0.08621301,0.0,0.0,0.0069987588,-27.492233,2.3417864,0.7805955,0.136,0.0,0.19541006,1.0499995,1.0799994,118400
hardzero_plus_depr__c0p54__z1p05__lam0p030__nu0p50__psi1p00,hardzero_plus_depr,0.02,34,37,0.0,1,0.48883942,0.48883942,1.0739914,0.0,0.08433515,0.0,0.0,0.006791914,-28.164474,2.3628283,0.78760946,0.128,0.0,0.19273366,1.0799994,1.1099994,121600
hardzero_plus_depr__c0p54__z1p05__lam0p030__nu0p50__psi1p00,hardzero_plus_depr,0.02,34,38,0.0,1,0.48883942,0.4895145,0.98961467,0.10242013,0.10242013,1.0,0.00067506975,0.0065911827,-26.82825,2.1771958,0.72573197,0.112,0.0,0.15296903,1.1099994,1.1399994,124800
hardzero_plus_depr__c0p54__z1p05__lam0p030__nu0p50__psi1p00,hardzero_plus_depr,0.02,34,39,0.0,1,0.4895145,0.49010077,1.0378307,0.09165777,0.09165777,1.0,0.00058627833,0.006396384,-26.69975,2.2832732,0.7610911,0.17,0.0,0.1341214,1.1399994,1.1699994,128000
hardzero_plus_depr__c0p54__z1p05__lam0p030__nu0p50__psi1p00,hardzero_plus_depr,0.02,34,40,0.0,1,0.49010077,0.4906952,1.0188084,0.09576166,0.09576166,1.0,0.0005944255,0.006207343,-27.501106,2.2414231,0.74714106,0.224,0.0,0.15242472,1.1699994,1.1999993,131200
hardzero_plus_depr__c0p54__z1p05__lam0p030__nu0p50__psi1p00,hardzero_plus_depr,0.02,34,41,0.0,1,0.4906952,0.4913125,0.9893888,0.1024734,0.1024734,1.0,0.0006172883,0.006023888,-25.953022,2.176699,0.7255663,0.17600001,0.0,0.11540932,1.1999993,1.2299993,134400
hardzero_plus_depr__c0p54__z1p05__lam0p030__nu0p50__psi1p00,hardzero_plus_depr,0.02,34,42,0.0,1,0.4913125,0.49197286,0.94706875,0.11296169,0.11296169,1.0,0.0006603577,0.0058458555,-25.44798,2.083593,0.69453096,0.17600001,0.0,0.14044811,1.2299993,1.2599993,137600
hardzero_plus_depr__c0p54__z1p05__lam0p030__nu0p50__psi1p00,hardzero_plus_depr,0.02,34,43,0.0,1,0.49197286,0.49250817,1.0252197,0.09435835,0.09435835,1.0,0.00053530285,0.005673084,-27.911892,2.2555285,0.75184286,0.16000001,0.0,0.18429565,1.2599993,1.2899992,140800
hardzero_plus_depr__c0p54__z1p05__lam0p030__nu0p50__psi1p00,hardzero_plus_depr,0.02,34,44,0.0,1,0.49250817,0.49250817,1.0778009,0.0,0.083598614,0.0,0.0,0.00550542,-28.421219,2.3712091,0.79040307,0.096,0.0,0.18157563,1.2899992,1.3199992,144000
hardzero_plus_depr__c0p54__z1p05__lam0p030__nu0p50__psi1p00,hardzero_plus_depr,0.02,34,45,0.0,1,0.49250817,0.4930454,0.99761206,0.10055136,0.10055136,1.0,0.0005372167,0.00534271,-27.131952,2.1947904,0.7315968,0.16000001,0.0,0.15834044,1.3199992,1.3499992,147200
hardzero_plus_depr__c0p54__z1p05__lam0p030__nu0p50__psi1p00,hardzero_plus_depr,0.02,34,46,0.0,1,0.4930454,0.493555,1.0074744,0.09829368,0.09829368,1.0,0.00050963403,0.0051848097,-26.54129,2.216488,0.7388293,0.17600001,0.0,0.13592924,1.3499992,1.3799992,150400
hardzero_plus_depr__c0p54__z1p05__lam0p030__nu0p50__psi1p00,hardzero_plus_depr,0.02,34,47,0.0,1,0.493555,0.49401525,1.0387264,0.091468915,0.091468915,1.0,0.00046023275,0.0050315754,-27.875275,2.2852437,0.76174796,0.17600001,0.0,0.14286624,1.3799992,1.4099991,153600
hardzero_plus_depr__c0p54__z1p05__lam0p030__nu0p50__psi1p00,hardzero_plus_depr,0.02,34,48,0.0,1,0.49401525,0.4944795,1.0219232,0.095077306,0.095077306,1.0,0.0004642501,0.00488287,-27.28527,2.248276,0.74942535,0.128,0.0,0.16270429,1.4099991,1.4399991,156800
hardzero_plus_depr__c0p54__z1p05__lam0p030__nu0p50__psi1p00,hardzero_plus_depr,0.02,34,49,0.0,1,0.4944795,0.49495253,1.0007682,0.09982327,0.09982327,1.0,0.00047301853,0.0047385595,-26.813105,2.201734,0.7339114,0.120000005,0.0,0.13441499,1.4399991,1.4699991,160000
hardzero_plus_depr__c0p54__z1p05__lam0p030__nu0p50__psi1p00,hardzero_plus_depr,0.02,34,50,0.0,1,0.49495253,0.4953747,1.0371213,0.09180761,0.09180761,1.0,0.0004221786,0.004598514,-27.544573,2.2817125,0.7605709,0.112,0.0,0.1408427,1.4699991,1.499999,163200
hardzero_plus_depr__c0p54__z1p05__lam0p030__nu0p50__psi1p00,hardzero_plus_depr,0.02,34,51,0.0,1,0.4953747,0.4958268,0.99435794,0.10130762,0.10130762,1.0,0.00045209617,0.0044626077,-26.677908,2.1876311,0.7292104,0.18400002,0.0,0.119321726,1.499999,1.529999,166400
hardzero_plus_depr__c0p54__z1p05__lam0p030__nu0p50__psi1p00,hardzero_plus_depr,0.02,34,52,0.0,1,0.4958268,0.4958268,1.0617077,0.0,0.08675455,0.0,0.0,0.004330718,-27.059998,2.3358037,0.7786013,0.13,0.0,0.13277945,1.529999,1.559999,169600
hardzero_plus_depr__c0p54__z1p05__lam0p030__nu0p50__psi1p00,hardzero_plus_depr,0.02,34,53,0.0,1,0.4958268,0.49623403,1.013697,0.09689536,0.09689536,1.0,0.00040722458,0.0042027254,-26.70404,2.230178,0.7433927,0.15200001,0.0,0.15752704,1.559999,1.589999,172800
hardzero_plus_depr__c0p54__z1p05__lam0p030__nu0p50__psi1p00,hardzero_plus_depr,0.02,34,54,0.0,1,0.49623403,0.49662548,1.0178156,0.095980816,0.095980816,1.0,0.00039145933,0.0040785163,-26.498087,2.239239,0.746413,0.120000005,0.0,0.14447032,1.589999,1.6199989,176000
hardzero_plus_depr__c0p54__z1p05__lam0p030__nu0p50__psi1p00,hardzero_plus_depr,0.02,34,55,0.0,1,0.49662548,0.49701384,1.0082537,0.098117456,0.098117456,1.0,0.00038834673,0.003957978,-26.427109,2.2182024,0.7394008,0.14400001,0.0,0.15673816,1.6199989,1.6499989,179200
hardzero_plus_depr__c0p54__z1p05__lam0p030__nu0p50__psi1p00,hardzero_plus_depr,0.02,34,56,0.0,1,0.49701384,0.49739558,1.0026673,0.09938771,0.09938771,1.0,0.00038174845,0.0038410025,-27.09196,2.205912,0.73530406,0.16000001,0.0,0.16631259,1.6499989,1.6799989,182400
hardzero_plus_depr__c0p54__z1p05__lam0p030__nu0p50__psi1p00,hardzero_plus_depr,0.02,34,57,0.0,1,0.49739558,0.49739558,1.1263403,0.0,0.07475834,0.0,0.0,0.0037274836,-28.764093,2.477998,0.8259994,0.136,0.0,0.18238737,1.6799989,1.7099988,185600
hardzero_plus_depr__c0p54__z1p05__lam0p030__nu0p50__psi1p00,hardzero_plus_depr,0.02,34,58,0.0,1,0.49739558,0.4977274,1.0374877,0.09173018,0.09173018,1.0,0.0003318174,0.00361732,-27.424519,2.2825186,0.7608396,0.136,0.0,0.14686717,1.7099988,1.7399988,188800
hardzero_plus_depr__c0p54__z1p05__lam0p030__nu0p50__psi1p00,hardzero_plus_depr,0.02,34,59,0.0,1,0.4977274,0.49806464,1.0174271,0.09606671,0.09606671,1.0,0.00033723374,0.0035104118,-27.22196,2.2383842,0.7461281,0.17600001,0.0,0.1465677,1.7399988,1.7699988,192000
hardzero_plus_depr__c0p54__z1p05__lam0p030__nu0p50__psi1p00,hardzero_plus_depr,0.02,34,60,0.0,1,0.49806464,0.49806464,1.0610131,0.0,0.08689341,0.0,0.0,0.0034066641,-28.11826,2.3342755,0.77809185,0.120000005,0.0,0.15027834,1.7699988,1.7999988,195200
hardzero_plus_depr__c0p54__z1p05__lam0p030__nu0p50__psi1p00,hardzero_plus_depr,0.02,34,61,0.0,1,0.49806464,0.49806464,1.058652,0.0,0.08736711,0.0,0.0,0.0033059819,-28.926134,2.329081,0.7763604,0.16000001,0.0,0.18216357,1.7999988,1.8299987,198400
hardzero_plus_depr__c0p54__z1p05__lam0p030__nu0p50__psi1p00,hardzero_plus_depr,0.02,34,62,0.0,1,0.49806464,0.4983533,1.0458548,0.089979835,0.089979835,1.0,0.00028868008,0.0032082754,-28.465345,2.3009264,0.7669755,0.16800001,0.0,0.17202091,1.8299987,1.8599987,201600
hardzero_plus_depr__c0p54__z1p05__lam0p030__nu0p50__psi1p00,hardzero_plus_depr,0.02,34,63,0.0,1,0.4983533,0.4986532,1.0162452,0.0963285,0.0963285,1.0,0.00029991457,0.0031134563,-26.87927,2.2357843,0.74526143,0.08800001,0.0,0.15270041,1.8599987,1.8899987,204800
hardzero_plus_depr__c0p54__z1p05__lam0p030__nu0p50__psi1p00,hardzero_plus_depr,0.02,34,64,0.0,1,0.4986532,0.4989388,1.0244453,0.094526745,0.094526745,1.0,0.00028560692,0.0030214402,-28.12174,2.2538247,0.75127494,0.120000005,0.0,0.18841282,1.8899987,1.9199986,208000
hardzero_plus_depr__c0p54__z1p05__lam0p030__nu0p50__psi1p00,hardzero_plus_depr,0.02,34,65,0.0,1,0.4989388,0.4989388,1.0557044,0.0,0.08796211,0.0,0.0,0.0029321432,-27.341843,2.322596,0.7741987,0.14,0.0,0.15100606,1.9199986,1.9499986,211200
hardzero_plus_depr__c0p54__z1p05__lam0p030__nu0p50__psi1p00,hardzero_plus_depr,0.02,34,66,0.0,1,0.4989388,0.499227,0.9945012,0.10127419,0.10127419,1.0,0.00028817423,0.0028454852,-26.8845,2.1879463,0.72931546,0.16800001,0.0,0.18358712,1.9499986,1.9799986,214400
hardzero_plus_depr__c0p54__z1p05__lam0p030__nu0p50__psi1p00,hardzero_plus_depr,0.02,34,67,0.0,1,0.499227,0.499227,1.0625787,0.0,0.08658074,0.0,0.0,0.0027613884,-27.642878,2.3377197,0.7792399,0.096,0.0,0.18256915,1.9799986,2.0099986,217600
hardzero_plus_depr__c0p54__z1p05__lam0p030__nu0p50__psi1p00,hardzero_plus_depr,0.02,34,68,0.0,1,0.499227,0.49946627,1.0491642,0.08929678,0.08929678,1.0,0.00023929549,0.0026797773,-28.283812,2.3082073,0.76940244,0.16800001,0.0,0.15836672,2.0099986,2.0399985,220800
hardzero_plus_depr__c0p54__z1p05__lam0p030__nu0p50__psi1p00,hardzero_plus_depr,0.02,34,69,0.0,1,0.49946627,0.4997248,1.0025387,0.09941715,0.09941715,1.0,0.00025854207,0.0026005781,-27.450941,2.205629,0.7352097,0.14400001,0.0,0.13518527,2.0399985,2.0699985,224000
hardzero_plus_depr__c0p54__z1p05__lam0p030__nu0p50__psi1p00,hardzero_plus_depr,0.02,34,70,0.0,1,0.4997248,0.49995035,1.0487884,0.08937407,0.08937407,1.0,0.00022555508,0.0025237193,-27.880302,2.3073807,0.7691269,0.112,0.0,0.17397541,2.0699985,2.0999985,227200
hardzero_plus_depr__c0p54__z1p05__lam0p030__nu0p50__psi1p00,hardzero_plus_depr,0.02,34,71,0.0,1,0.49995035,0.5001738,1.0397959,0.09124397,0.09124397,1.0,0.00022346852,0.002449132,-27.424725,2.2875967,0.76253223,0.120000005,0.0,0.13881876,2.0999985,2.1299984,230400
hardzero_plus_depr__c0p54__z1p05__lam0p030__nu0p50__psi1p00,hardzero_plus_depr,0.02,34,72,0.0,1,0.5001738,0.50039876,1.0238917,0.09464731,0.09464731,1.0,0.00022495294,0.0023767494,-26.978756,2.2526066,0.7508689,0.17600001,0.0,0.1604707,2.1299984,2.1599984,233600
hardzero_plus_depr__c0p54__z1p05__lam0p030__nu0p50__psi1p00,hardzero_plus_depr,0.02,34,73,0.0,1,0.50039876,0.5006079,1.042494,0.090678826,0.090678826,1.0,0.00020915126,0.002306506,-26.991653,2.2935328,0.764511,0.192,0.0,0.14979838,2.1599984,2.1899984,236800
hardzero_plus_depr__c0p54__z1p05__lam0p030__nu0p50__psi1p00,hardzero_plus_depr,0.02,34,74,0.0,1,0.5006079,0.5008345,0.9946621,0.10123668,0.10123668,1.0,0.00022660196,0.0022383386,-27.032925,2.1883004,0.7294335,0.2,0.0,0.13477023,2.1899984,2.2199984,240000
hardzero_plus_depr__c0p54__z1p05__lam0p030__nu0p50__psi1p00,hardzero_plus_depr,0.02,34,75,0.0,1,0.5008345,0.5010337,1.037547,0.09171767,0.09171767,1.0,0.0001992278,0.0021721856,-26.726809,2.282649,0.76088303,0.15200001,0.0,0.11950211,2.2199984,2.2499983,243200
hardzero_plus_depr__c0p54__z1p05__lam0p030__nu0p50__psi1p00,hardzero_plus_depr,0.02,34,76,0.0,1,0.5010337,0.50124115,1.0070121,0.098398365,0.098398365,1.0,0.00020742256,0.0021079879,-26.857927,2.2154708,0.7384903,0.15200001,0.0,0.14112343,2.2499983,2.2799983,246400
hardzero_plus_depr__c0p54__z1p05__lam0p030__nu0p50__psi1p00,hardzero_plus_depr,0.02,34,77,0.0,1,0.50124115,0.5014441,1.0034813,0.09920161,0.09920161,1.0,0.0002029355,0.0020456875,-27.257076,2.2077029,0.735901,0.18400002,0.0,0.14390953,2.2799983,2.3099983,249600
hardzero_plus_depr__c0p54__z1p05__lam0p030__nu0p50__psi1p00,hardzero_plus_depr,0.02,34,78,0.0,1,0.5014441,0.5016331,1.02133,0.09520723,0.09520723,1.0,0.00018900809,0.0019852284,-27.2657,2.246971,0.7489903,0.14999999,0.0,0.13867065,2.3099983,2.3399982,252800
hardzero_plus_depr__c0p54__z1p05__lam0p030__nu0p50__psi1p00,hardzero_plus_depr,0.02,34,79,0.0,1,0.5016331,0.5016331,1.081778,0.0,0.08283654,0.0,0.0,0.001926556,-27.608635,2.379959,0.7933197,0.192,0.0,0.16168022,2.3399982,2.3699982,256000
hardzero_plus_depr__c0p54__z1p05__lam0p030__nu0p50__psi1p00,hardzero_plus_depr,0.02,34,80,0.0,1,0.5016331,0.5018268,0.9846154,0.10360594,0.10360594,1.0,0.00019370351,0.0018696178,-26.384005,2.166197,0.7220657,0.136,0.0,0.13212585,2.3699982,2.3999982,259200
hardzero_plus_depr__c0p54__z1p05__lam0p030__nu0p50__psi1p00,hardzero_plus_depr,0.02,34,81,0.0,1,0.5018268,0.50198925,1.0480354,0.089529194,0.089529194,1.0,0.0001624384,0.0018143624,-27.354376,2.305724,0.76857466,0.15200001,0.0,0.136629,2.3999982,2.4299982,262400
hardzero_plus_depr__c0p54__z1p05__lam0p030__nu0p50__psi1p00,hardzero_plus_depr,0.02,34,82,0.0,1,0.50198925,0.50198925,1.1019872,0.0,0.07907019,0.0,0.0,0.0017607398,-28.348803,2.4244204,0.80814016,0.096,0.0,0.1853126,2.4299982,2.4599981,265600
hardzero_plus_depr__c0p54__z1p05__lam0p030__nu0p50__psi1p00,hardzero_plus_depr,0.02,34,83,0.0,1,0.50198925,0.50198925,1.0533415,0.0,0.088441975,0.0,0.0,0.0017087021,-27.214533,2.3173976,0.7724659,0.2,0.0,0.15304969,2.4599981,2.489998,268800
hardzero_plus_depr__c0p54__z1p05__lam0p030__nu0p50__psi1p00,hardzero_plus_depr,0.02,34,84,0.0,1,0.50198925,0.50218683,0.9238377,0.11916873,0.11916873,1.0,0.00019760588,0.0016582025,-24.650259,2.0324836,0.6774945,0.14400001,0.0,0.1321323,2.489998,2.519998,272000
hardzero_plus_depr__c0p54__z1p05__lam0p030__nu0p50__psi1p00,hardzero_plus_depr,0.02,34,85,0.0,1,0.50218683,0.5023421,1.0154915,0.096495815,0.096495815,1.0,0.0001552806,0.0016091953,-27.442368,2.2341259,0.74470866,0.128,0.0,0.15147246,2.519998,2.549998,275200
hardzero_plus_depr__c0p54__z1p05__lam0p030__nu0p50__psi1p00,hardzero_plus_depr,0.02,34,86,0.0,1,0.5023421,0.50248736,1.031395,0.093026154,0.093026154,1.0,0.00014527302,0.0015616363,-28.526127,2.2691143,0.75637144,0.16800001,0.0,0.18895628,2.549998,2.579998,278400
hardzero_plus_depr__c0p54__z1p05__lam0p030__nu0p50__psi1p00,hardzero_plus_depr,0.02,34,87,0.0,1,0.50248736,0.5026507,0.9674478,0.10778348,0.10778348,1.0,0.00016334403,0.0015154829,-25.942244,2.1284277,0.70947593,0.2,0.0,0.15322104,2.579998,2.609998,281600
hardzero_plus_depr__c0p54__z1p05__lam0p030__nu0p50__psi1p00,hardzero_plus_depr,0.02,34,88,0.0,1,0.5026507,0.5026507,1.078521,0.0,0.08346011,0.0,0.0,0.001470694,-28.767628,2.3727937,0.7909312,0.104,0.0,0.16237712,2.609998,2.639998,284800
hardzero_plus_depr__c0p54__z1p05__lam0p030__nu0p50__psi1p00,hardzero_plus_depr,0.02,34,89,0.0,1,0.5026507,0.5027849,1.0265511,0.0940695,0.0940695,1.0,0.00013425865,0.0014272282,-27.261581,2.2584577,0.75281924,0.18400002,0.0,0.15265414,2.639998,2.669998,288000
hardzero_plus_depr__c0p54__z1p05__lam0p030__nu0p50__psi1p00,hardzero_plus_depr,0.02,34,90,0.0,1,0.5027849,0.50291675,1.0214547,0.09517991,0.09517991,1.0,0.00013182867,0.0013850472,-27.231274,2.2472453,0.7490818,0.136,0.0,0.13874789,2.669998,2.699998,291200
hardzero_plus_depr__c0p54__z1p05__lam0p030__nu0p50__psi1p00,hardzero_plus_depr,0.02,34,91,0.0,1,0.50291675,0.5030502,1.0030656,0.0992966,0.0992966,1.0,0.00013346586,0.001344113,-26.783922,2.2067883,0.7355961,0.16,0.0,0.12816635,2.699998,2.7299979,294400
hardzero_plus_depr__c0p54__z1p05__lam0p030__nu0p50__psi1p00,hardzero_plus_depr,0.02,34,92,0.0,1,0.5030502,0.5031755,1.017576,0.09603378,0.09603378,1.0,0.00012526537,0.0013043886,-26.85756,2.2387118,0.7462373,0.104,0.0,0.13858083,2.7299979,2.7599978,297600
hardzero_plus_depr__c0p54__z1p05__lam0p030__nu0p50__psi1p00,hardzero_plus_depr,0.02,34,93,0.0,1,0.5031755,0.5032954,1.0235337,0.09472537,0.09472537,1.0,0.00011990697,0.0012658379,-27.34722,2.2518191,0.7506064,0.128,0.0,0.13281439,2.7599978,2.7899978,300800
hardzero_plus_depr__c0p54__z1p05__lam0p030__nu0p50__psi1p00,hardzero_plus_depr,0.02,34,94,0.0,1,0.5032954,0.503412,1.0226022,0.09492876,0.09492876,1.0,0.00011661304,0.0012284269,-27.076136,2.2497697,0.7499232,0.17600001,0.0,0.13642892,2.7899978,2.8199978,304000
hardzero_plus_depr__c0p54__z1p05__lam0p030__nu0p50__psi1p00,hardzero_plus_depr,0.02,34,95,0.0,1,0.503412,0.5035331,0.99304795,0.10161365,0.10161365,1.0,0.00012113582,0.0011921215,-26.304644,2.1847491,0.7282497,0.14400001,0.0,0.15043546,2.8199978,2.8499978,307200
hardzero_plus_depr__c0p54__z1p05__lam0p030__nu0p50__psi1p00,hardzero_plus_depr,0.02,34,96,0.0,1,0.5035331,0.5035331,1.0504622,0.0,0.08903029,0.0,0.0,0.001156889,-27.833805,2.311063,0.7703544,0.14400001,0.0,0.15406361,2.8499978,2.8799977,310400
hardzero_plus_depr__c0p54__z1p05__lam0p030__nu0p50__psi1p00,hardzero_plus_depr,0.02,34,97,0.0,1,0.5035331,0.5036338,1.0474808,0.08964357,0.08964357,1.0,0.00010064264,0.0011226978,-27.34432,2.304504,0.768168,0.112,0.0,0.16902581,2.8799977,2.9099977,313600
hardzero_plus_depr__c0p54__z1p05__lam0p030__nu0p50__psi1p00,hardzero_plus_depr,0.02,34,98,0.0,1,0.5036338,0.5037424,1.0015018,0.099654794,0.099654794,1.0,0.000108575594,0.001089517,-26.111301,2.203348,0.7344493,0.192,0.0,0.14902063,2.9099977,2.9399977,316800
hardzero_plus_depr__c0p54__z1p05__lam0p030__nu0p50__psi1p00,hardzero_plus_depr,0.02,34,99,0.0,1,0.5037424,0.50384736,1.0032568,0.0992529,0.0992529,1.0,0.00010494179,0.0010573171,-26.135616,2.207209,0.73573637,0.192,0.0,0.13422516,2.9399977,2.9699976,320000
hardzero_plus_depr__c0p54__z1p05__lam0p030__nu0p50__psi1p00,hardzero_plus_depr,0.02,34,100,0.0,1,0.50384736,0.5039481,1.0081018,0.09815178,0.09815178,1.0,0.00010071046,0.0010260686,-26.258795,2.2178683,0.73928946,0.17600001,0.0,0.13142222,2.9699976,2.9999976,323200
hardzero_plus_depr__c0p54__z1p05__lam0p030__nu0p50__psi1p00,hardzero_plus_depr,0.02,34,101,0.0,1,0.5039481,0.5039481,1.0720961,0.0,0.08470398,0.0,0.0,0.0009957437,-27.87195,2.3586586,0.78621954,0.128,0.0,0.14555484,2.9999976,3.0299976,326400
hardzero_plus_depr__c0p54__z1p05__lam0p030__nu0p50__psi1p00,hardzero_plus_depr,0.02,34,102,0.0,1,0.5039481,0.50404036,1.0201057,0.09547601,0.09547601,1.0,9.225991e-05,0.00096631504,-27.991854,2.2442775,0.74809253,0.15200001,0.0,0.15101942,3.0299976,3.0599976,329600
hardzero_plus_depr__c0p54__z1p05__lam0p030__nu0p50__psi1p00,hardzero_plus_depr,0.02,34,103,0.0,1,0.50404036,0.504137,0.98708826,0.103017665,0.103017665,1.0,9.660546e-05,0.0009377562,-26.647844,2.1716375,0.7238792,0.16000001,0.0,0.15829621,3.0599976,3.0899975,332800
hardzero_plus_depr__c0p54__z1p05__lam0p030__nu0p50__psi1p00,hardzero_plus_depr,0.02,34,104,0.0,1,0.504137,0.504137,1.0777396,0.0,0.083610415,0.0,0.0,0.00091004133,-27.567583,2.3710744,0.7903582,0.13,0.0,0.14559433,3.0899975,3.1199975,336000
hardzero_plus_depr__c0p54__z1p05__lam0p030__nu0p50__psi1p00,hardzero_plus_depr,0.02,34,105,0.0,1,0.504137,0.5042349,0.9551563,0.110877566,0.110877566,1.0,9.792103e-05,0.00088314555,-26.024458,2.1013858,0.700462,0.216,0.0,0.12315559,3.1199975,3.1499975,339200
hardzero_plus_depr__c0p54__z1p05__lam0p030__nu0p50__psi1p00,hardzero_plus_depr,0.02,34,106,0.0,1,0.5042349,0.50431967,1.0048038,0.098899975,0.098899975,1.0,8.47617e-05,0.00085704465,-26.57298,2.2106125,0.7368709,0.216,0.0,0.16996485,3.1499975,3.1799974,342400
hardzero_plus_depr__c0p54__z1p05__lam0p030__nu0p50__psi1p00,hardzero_plus_depr,0.02,34,107,0.0,1,0.50431967,0.50431967,1.0587729,0.0,0.087342784,0.0,0.0,0.00083171524,-28.035118,2.329347,0.77644897,0.2,0.0,0.18199629,3.1799974,3.2099974,345600
hardzero_plus_depr__c0p54__z1p05__lam0p030__nu0p50__psi1p00,hardzero_plus_depr,0.02,34,108,0.0,1,0.50431967,0.5043919,1.0480428,0.08952765,0.08952765,1.0,7.226084e-05,0.0008071343,-28.29206,2.30574,0.7685801,0.14400001,0.0,0.1664924,3.2099974,3.2399974,348800
hardzero_plus_depr__c0p54__z1p05__lam0p030__nu0p50__psi1p00,hardzero_plus_depr,0.02,34,109,0.0,1,0.5043919,0.5043919,1.0618173,0.0,0.08673267,0.0,0.0,0.00078327995,-27.633879,2.3360445,0.7786815,0.080000006,0.0,0.14258067,3.2399974,3.2699974,352000
hardzero_plus_depr__c0p54__z1p05__lam0p030__nu0p50__psi1p00,hardzero_plus_depr,0.02,34,110,0.0,1,0.5043919,0.5044733,0.9702118,0.10709969,0.10709969,1.0,8.140974e-05,0.00076013047,-26.264301,2.1345086,0.7115029,0.17600001,0.0,0.1463366,3.2699974,3.2999973,355200
hardzero_plus_depr__c0p54__z1p05__lam0p030__nu0p50__psi1p00,hardzero_plus_depr,0.02,34,111,0.0,1,0.5044733,0.50454926,0.9872987,0.10296777,0.10296777,1.0,7.595575e-05,0.0007376653,-25.7996,2.1721005,0.72403353,0.08800001,0.0,0.13651437,3.2999973,3.3299973,358400
hardzero_plus_depr__c0p54__z1p05__lam0p030__nu0p50__psi1p00,hardzero_plus_depr,0.02,34,112,0.0,1,0.50454926,0.5046189,1.0119951,0.09727584,0.09727584,1.0,6.963628e-05,0.00071586407,-27.146353,2.2264338,0.7421446,0.120000005,0.0,0.16013479,3.3299973,3.3599973,361600
hardzero_plus_depr__c0p54__z1p05__lam0p030__nu0p50__psi1p00,hardzero_plus_depr,0.02,34,113,0.0,1,0.5046189,0.5046189,1.0738893,0.0,0.084355,0.0,0.0,0.0006947071,-27.381474,2.3626037,0.7875346,0.120000005,0.0,0.16583125,3.3599973,3.3899972,364800
hardzero_plus_depr__c0p54__z1p05__lam0p030__nu0p50__psi1p00,hardzero_plus_depr,0.02,34,114,0.0,1,0.5046189,0.5046189,1.0571574,0.0,0.08766831,0.0,0.0,0.0006741754,-27.62916,2.3257928,0.77526426,0.15200001,0.0,0.1451433,3.3899972,3.4199972,368000
hardzero_plus_depr__c0p54__z1p05__lam0p030__nu0p50__psi1p00,hardzero_plus_depr,0.02,34,115,0.0,1,0.5046189,0.5046189,1.0645359,0.0,0.08619143,0.0,0.0,0.0006542505,-27.499079,2.3420255,0.7806752,0.120000005,0.0,0.15234505,3.4199972,3.4499972,371200
hardzero_plus_depr__c0p54__z1p05__lam0p030__nu0p50__psi1p00,hardzero_plus_depr,0.02,34,116,0.0,1,0.5046189,0.5046821,1.0016601,0.099618465,0.099618465,1.0,6.324921e-05,0.0006349145,-26.917856,2.2036963,0.73456544,0.17600001,0.0,0.13821754,3.4499972,3.4799972,374400
hardzero_plus_depr__c0p54__z1p05__lam0p030__nu0p50__psi1p00,hardzero_plus_depr,0.02,34,117,0.0,1,0.5046821,0.5046821,1.0619912,0.0,0.08669794,0.0,0.0,0.00061615,-27.730663,2.3364272,0.7788091,0.12,0.0,0.19135049,3.4799972,3.5099971,377600
hardzero_plus_depr__c0p54__z1p05__lam0p030__nu0p50__psi1p00,hardzero_plus_depr,0.02,34,118,0.0,1,0.5046821,0.5046821,1.0983685,0.0,0.07973178,0.0,0.0,0.00059793994,-28.326267,2.416459,0.8054864,0.128,0.0,0.15703931,3.5099971,3.539997,380800
hardzero_plus_depr__c0p54__z1p05__lam0p030__nu0p50__psi1p00,hardzero_plus_depr,0.02,34,119,0.0,1,0.5046821,0.5047364,1.0288768,0.093567096,0.093567096,1.0,5.429401e-05,0.0005802682,-27.114086,2.2635741,0.7545247,0.16000001,0.0,0.1261208,3.539997,3.569997,384000
hardzero_plus_depr__c0p54__z1p05__lam0p030__nu0p50__psi1p00,hardzero_plus_depr,0.02,34,120,0.0,1,0.5047364,0.5047915,1.009566,0.097821444,0.097821444,1.0,5.5085085e-05,0.0005631187,-26.775408,2.2210894,0.7403631,0.120000005,0.0,0.13894106,3.569997,3.599997,387200
hardzero_plus_depr__c0p54__z1p05__lam0p030__nu0p50__psi1p00,hardzero_plus_depr,0.02,34,121,0.0,1,0.5047915,0.5047915,1.1117649,0.0,0.077309884,0.0,0.0,0.00054647605,-28.40769,2.4459317,0.8153106,0.096,0.0,0.17840594,3.599997,3.629997,390400
hardzero_plus_depr__c0p54__z1p05__lam0p030__nu0p50__psi1p00,hardzero_plus_depr,0.02,34,122,0.0,1,0.5047915,0.50484854,0.9682922,0.10757412,0.10757412,1.0,5.704927e-05,0.0005303252,-26.664177,2.1302853,0.7100951,0.192,0.0,0.19295868,3.629997,3.659997,393600
hardzero_plus_depr__c0p54__z1p05__lam0p030__nu0p50__psi1p00,hardzero_plus_depr,0.02,34,123,0.0,1,0.50484854,0.50489545,1.0404456,0.09110756,0.09110756,1.0,4.6888672e-05,0.0005146518,-27.786165,2.289026,0.7630087,0.120000005,0.0,0.1654599,3.659997,3.689997,396800
hardzero_plus_depr__c0p54__z1p05__lam0p030__nu0p50__psi1p00,hardzero_plus_depr,0.02,34,124,0.0,1,0.50489545,0.5049431,1.0208266,0.09531766,0.09531766,1.0,4.7605605e-05,0.0004994416,-26.991081,2.2458634,0.74862117,0.23200001,0.0,0.1646592,3.689997,3.719997,400000
hardzero_plus_depr__c0p54__z1p05__lam0p030__nu0p50__psi1p00,hardzero_plus_depr,0.02,34,125,0.0,1,0.5049431,0.5049906,1.0085963,0.09804008,0.09804008,1.0,4.7518148e-05,0.00048468082,-26.502033,2.2189562,0.7396521,0.15200001,0.0,0.18680876,3.719997,3.749997,403200
hardzero_plus_depr__c0p54__z1p05__lam0p030__nu0p50__psi1p00,hardzero_plus_depr,0.02,34,126,0.0,1,0.5049906,0.5049906,1.059403,0.0,0.087216176,0.0,0.0,0.0004703564,-27.799374,2.330733,0.776911,0.16000001,0.0,0.1450176,3.749997,3.7799969,406400
hardzero_plus_depr__c0p54__z1p05__lam0p030__nu0p50__psi1p00,hardzero_plus_depr,0.02,34,127,0.0,1,0.5049906,0.5050364,0.9982265,0.1004092,0.1004092,1.0,4.583231e-05,0.00045645525,-25.742447,2.1961422,0.73204744,0.16800001,0.0,0.12547578,3.7799969,3.8099968,409600
hardzero_plus_depr__c0p54__z1p05__lam0p030__nu0p50__psi1p00,hardzero_plus_depr,0.02,34,128,0.0,1,0.5050364,0.5050784,1.0236974,0.094689675,0.094689675,1.0,4.194421e-05,0.00044296499,-26.783201,2.2521791,0.7507264,0.15200001,0.0,0.14213249,3.8099968,3.8399968,412800
hardzero_plus_depr__c0p54__z1p05__lam0p030__nu0p50__psi1p00,hardzero_plus_depr,0.02,34,129,0.0,1,0.5050784,0.5051216,0.99797064,0.10046837,0.10046837,1.0,4.3188676e-05,0.00042987338,-26.402239,2.1955793,0.7318598,0.136,0.0,0.12935607,3.8399968,3.8699968,416000
hardzero_plus_depr__c0p54__z1p05__lam0p030__nu0p50__psi1p00,hardzero_plus_depr,0.02,34,130,0.0,1,0.5051216,0.5051638,0.9950114,0.101155296,0.101155296,1.0,4.2198826e-05,0.00041716872,-26.809744,2.1890688,0.7296896,0.13,0.0,0.13216887,3.8699968,3.8999968,419200
hardzero_plus_depr__c0p54__z1p05__lam0p030__nu0p50__psi1p00,hardzero_plus_depr,0.02,34,131,0.0,1,0.5051638,0.5051638,1.0583092,0.0,0.0874361,0.0,0.0,0.00040483952,-26.732615,2.3283267,0.7761089,0.096,0.0,0.14406715,3.8999968,3.9299967,422400
hardzero_plus_depr__c0p54__z1p05__lam0p030__nu0p50__psi1p00,hardzero_plus_depr,0.02,34,132,0.0,1,0.5051638,0.50520056,1.0287023,0.09360471,0.09360471,1.0,3.6774927e-05,0.00039287473,-27.257696,2.2631903,0.7543968,0.15200001,0.0,0.13432859,3.9299967,3.9599967,425600
hardzero_plus_depr__c0p54__z1p05__lam0p030__nu0p50__psi1p00,hardzero_plus_depr,0.02,34,133,0.0,1,0.50520056,0.505237,1.0196157,0.09558381,0.09558381,1.0,3.644262e-05,0.00038126353,-27.529938,2.243199,0.74773306,0.14400001,0.0,0.14859875,3.9599967,3.9899967,428800
hardzero_plus_depr__c0p54__z1p05__lam0p030__nu0p50__psi1p00,hardzero_plus_depr,0.02,34,134,0.0,1,0.505237,0.505237,1.1229641,0.0,0.07534177,0.0,0.0,0.00036999548,-29.575058,2.4705706,0.8235235,0.14400001,0.0,0.16839784,3.9899967,4.0199966,432000
hardzero_plus_depr__c0p54__z1p05__lam0p030__nu0p50__psi1p00,hardzero_plus_depr,0.02,34,135,0.0,1,0.505237,0.50527173,1.0143209,0.09675627,0.09675627,1.0,3.474136e-05,0.00035906053,-27.69004,2.2315505,0.7438502,0.136,0.0,0.13373694,4.0199966,4.049997,435200
hardzero_plus_depr__c0p54__z1p05__lam0p030__nu0p50__psi1p00,hardzero_plus_depr,0.02,34,136,0.0,1,0.50527173,0.5053047,1.0241308,0.094595216,0.094595216,1.0,3.2961565e-05,0.00034844855,-27.168184,2.2531328,0.7510443,0.18400002,0.0,0.13071308,4.049997,4.079997,438400
hardzero_plus_depr__c0p54__z1p05__lam0p030__nu0p50__psi1p00,hardzero_plus_depr,0.02,34,137,0.0,1,0.5053047,0.50533664,1.0247585,0.0944586,0.0944586,1.0,3.1941207e-05,0.0003381503,-27.205534,2.2545137,0.7515046,0.192,0.008,0.17936239,4.079997,4.1099973,441600
hardzero_plus_depr__c0p54__z1p05__lam0p030__nu0p50__psi1p00,hardzero_plus_depr,0.02,34,138,0.0,1,0.50533664,0.5053665,1.0408418,0.091024466,0.091024466,1.0,2.9870258e-05,0.00032815637,-27.767494,2.2898977,0.7632992,0.216,0.0,0.16352762,4.1099973,4.1399975,444800
hardzero_plus_depr__c0p54__z1p05__lam0p030__nu0p50__psi1p00,hardzero_plus_depr,0.02,34,139,0.0,1,0.5053665,0.5053665,1.0755396,0.0,0.08403503,0.0,0.0,0.0003184578,-28.788208,2.3662343,0.7887448,0.16800001,0.0,0.1966592,4.1399975,4.1699977,448000
hardzero_plus_depr__c0p54__z1p05__lam0p030__nu0p50__psi1p00,hardzero_plus_depr,0.02,34,140,0.0,1,0.5053665,0.5053965,1.0133169,0.09698021,0.09698021,1.0,2.9971337e-05,0.00030904592,-27.05079,2.2293415,0.7431139,0.14400001,0.0,0.15546355,4.1699977,4.199998,451200
hardzero_plus_depr__c0p54__z1p05__lam0p030__nu0p50__psi1p00,hardzero_plus_depr,0.02,34,141,0.0,1,0.5053965,0.5053965,1.0541875,0.0,0.08826987,0.0,0.0,0.00029991215,-27.977478,2.319259,0.7730863,0.17600001,0.0,0.14141859,4.199998,4.229998,454400
hardzero_plus_depr__c0p54__z1p05__lam0p030__nu0p50__psi1p00,hardzero_plus_depr,0.02,34,142,0.0,1,0.5053965,0.5054249,1.0104117,0.097631104,0.097631104,1.0,2.8415372e-05,0.00029104835,-26.59936,2.2229502,0.7409834,0.216,0.0,0.14850925,4.229998,4.2599983,457600
hardzero_plus_depr__c0p54__z1p05__lam0p030__nu0p50__psi1p00,hardzero_plus_depr,0.02,34,143,0.0,1,0.5054249,0.5054249,1.0704733,0.0,0.08502109,0.0,0.0,0.00028244653,-28.476215,2.3550882,0.7850294,0.14999999,0.01,0.16091597,4.2599983,4.2899985,460800
hardzero_plus_depr__c0p54__z1p05__lam0p030__nu0p50__psi1p00,hardzero_plus_depr,0.02,34,144,0.0,1,0.5054249,0.50545233,1.0000888,0.09997954,0.09997954,1.0,2.7404283e-05,0.00027409891,-26.825323,2.2002394,0.73341316,0.16800001,0.0,0.13573237,4.2899985,4.3199987,464000
hardzero_plus_depr__c0p54__z1p05__lam0p030__nu0p50__psi1p00,hardzero_plus_depr,0.02,34,145,0.0,1,0.50545233,0.5054775,1.0246118,0.0944905,0.0944905,1.0,2.5134284e-05,0.000265998,-27.11228,2.2541912,0.7513971,0.16000001,0.0,0.16993564,4.3199987,4.349999,467200
hardzero_plus_depr__c0p54__z1p05__lam0p030__nu0p50__psi1p00,hardzero_plus_depr,0.02,34,146,0.0,1,0.5054775,0.5055019,1.0238004,0.09466722,0.09466722,1.0,2.4437068e-05,0.00025813654,-26.911808,2.252406,0.750802,0.14400001,0.0,0.13823426,4.349999,4.379999,470400
hardzero_plus_depr__c0p54__z1p05__lam0p030__nu0p50__psi1p00,hardzero_plus_depr,0.02,34,147,0.0,1,0.5055019,0.5055019,1.0627302,0.0,0.08655054,0.0,0.0,0.00025050738,-28.471142,2.3380532,0.7793511,0.136,0.0,0.19329298,4.379999,4.4099994,473600
hardzero_plus_depr__c0p54__z1p05__lam0p030__nu0p50__psi1p00,hardzero_plus_depr,0.02,34,148,0.0,1,0.5055019,0.50552535,1.0158063,0.0964259,0.0964259,1.0,2.3441497e-05,0.00024310374,-26.407385,2.2348185,0.7449395,0.224,0.0,0.14837594,4.4099994,4.4399996,476800
hardzero_plus_depr__c0p54__z1p05__lam0p030__nu0p50__psi1p00,hardzero_plus_depr,0.02,34,149,0.0,1,0.50552535,0.5055477,1.0232948,0.09477749,0.09477749,1.0,2.2359798e-05,0.00023591887,-26.579422,2.2512934,0.7504312,0.18400002,0.0,0.15684822,4.4399996,4.47,480000
hardzero_plus_depr__c0p54__z1p05__lam0p030__nu0p50__psi1p00,hardzero_plus_depr,0.02,34,150,0.0,1,0.5055477,0.50556827,1.047169,0.08970796,0.08970796,1.0,2.0538311e-05,0.00022894636,-27.756126,2.3038177,0.76793927,0.16000001,0.0,0.14947563,4.47,4.5,483200
hardzero_plus_depr__c0p54__z1p05__lam0p030__nu0p50__psi1p00,hardzero_plus_depr,0.02,34,151,0.0,1,0.50556827,0.5055892,1.0256791,0.09425858,0.09425858,1.0,2.0942365e-05,0.00022217994,-26.631199,2.256539,0.75217974,0.216,0.0,0.16067062,4.5,4.53,486400
hardzero_plus_depr__c0p54__z1p05__lam0p030__nu0p50__psi1p00,hardzero_plus_depr,0.02,34,152,0.0,1,0.5055892,0.505613,0.9568327,0.11045041,0.11045041,1.0,2.3814599e-05,0.00021561349,-25.912933,2.105074,0.7016913,0.16000001,0.0,0.13255168,4.53,4.5600004,489600
hardzero_plus_depr__c0p54__z1p05__lam0p030__nu0p50__psi1p00,hardzero_plus_depr,0.02,34,153,0.0,1,0.505613,0.5056332,1.0162451,0.09632852,0.09632852,1.0,2.0155883e-05,0.00020924107,-28.010822,2.2357838,0.7452613,0.2,0.0,0.15035059,4.5600004,4.5900006,492800
hardzero_plus_depr__c0p54__z1p05__lam0p030__nu0p50__psi1p00,hardzero_plus_depr,0.02,34,154,0.0,1,0.5056332,0.5056542,0.9847995,0.103562005,0.103562005,1.0,2.1028993e-05,0.00020305702,-27.158361,2.1666021,0.72220075,0.14400001,0.0,0.16058624,4.5900006,4.620001,496000
hardzero_plus_depr__c0p54__z1p05__lam0p030__nu0p50__psi1p00,hardzero_plus_depr,0.02,34,155,0.0,1,0.5056542,0.5056726,1.0307943,0.09315491,0.09315491,1.0,1.835671e-05,0.00019705575,-26.370783,2.2677927,0.7559309,0.120000005,0.0,0.1347224,4.620001,4.650001,499200
hardzero_plus_depr__c0p54__z1p05__lam0p030__nu0p50__psi1p00,hardzero_plus_depr,0.02,34,156,0.0,1,0.5056726,0.5056928,0.9756815,0.105759285,0.105759285,1.0,2.0224541e-05,0.00019123183,-25.301273,2.146542,0.71551406,0.14999999,0.0,0.13341151,4.650001,4.6800013,502400
hardzero_plus_depr__c0p54__z1p05__lam0p030__nu0p50__psi1p00,hardzero_plus_depr,0.02,34,157,0.0,1,0.5056928,0.5057112,1.0031836,0.099269636,0.099269636,1.0,1.8422465e-05,0.00018558005,-27.129986,2.207048,0.73568267,0.18400002,0.0,0.14693798,4.6800013,4.7100015,505600
hardzero_plus_depr__c0p54__z1p05__lam0p030__nu0p50__psi1p00,hardzero_plus_depr,0.02,34,158,0.0,1,0.5057112,0.50572896,1.0063276,0.09855357,0.09855357,1.0,1.7749031e-05,0.00018009527,-26.110756,2.213965,0.73798835,0.16000001,0.0,0.13934784,4.7100015,4.7400017,508800
hardzero_plus_depr__c0p54__z1p05__lam0p030__nu0p50__psi1p00,hardzero_plus_depr,0.02,34,159,0.0,1,0.50572896,0.50574666,0.9944612,0.10128354,0.10128354,1.0,1.770159e-05,0.00017477262,-26.225922,2.1878583,0.72928613,0.18400002,0.0,0.1337455,4.7400017,4.770002,512000
hardzero_plus_depr__c0p54__z1p05__lam0p030__nu0p50__psi1p00,hardzero_plus_depr,0.02,34,160,0.0,1,0.50574666,0.50576395,0.99237907,0.10177027,0.10177027,1.0,1.7260978e-05,0.00016960729,-25.420654,2.1832776,0.72775924,0.15200001,0.0,0.12683472,4.770002,4.800002,515200
hardzero_plus_depr__c0p54__z1p05__lam0p030__nu0p50__psi1p00,hardzero_plus_depr,0.02,34,161,0.0,1,0.50576395,0.50577873,1.0471884,0.08970396,0.08970396,1.0,1.4764787e-05,0.00016459459,-27.448685,2.3038604,0.7679535,0.192,0.0,0.14056014,4.800002,4.8300023,518400
hardzero_plus_depr__c0p54__z1p05__lam0p030__nu0p50__psi1p00,hardzero_plus_depr,0.02,34,162,0.0,1,0.50577873,0.50577873,1.09303,0.0,0.08071792,0.0,0.0,0.00015973006,-29.006454,2.4047139,0.8015713,0.112,0.0,0.18601693,4.8300023,4.8600025,521600
hardzero_plus_depr__c0p54__z1p05__lam0p030__nu0p50__psi1p00,hardzero_plus_depr,0.02,34,163,0.0,1,0.50577873,0.5057948,0.98445815,0.10364344,0.10364344,1.0,1.6065696e-05,0.00015500929,-26.162725,2.165851,0.7219504,0.2,0.0,0.13910182,4.8600025,4.8900027,524800
hardzero_plus_depr__c0p54__z1p05__lam0p030__nu0p50__psi1p00,hardzero_plus_depr,0.02,34,164,0.0,1,0.5057948,0.50580925,1.0189368,0.09573335,0.09573335,1.0,1.440098e-05,0.00015042804,-27.17118,2.2417057,0.74723524,0.15200001,0.0,0.13787265,4.8900027,4.920003,528000
hardzero_plus_depr__c0p54__z1p05__lam0p030__nu0p50__psi1p00,hardzero_plus_depr,0.02,34,165,0.0,1,0.50580925,0.5058233,1.0160747,0.09636632,0.09636632,1.0,1.4067766e-05,0.00014598218,-26.666767,2.2354088,0.74513626,0.112,0.0,0.13066863,4.920003,4.950003,531200
hardzero_plus_depr__c0p54__z1p05__lam0p030__nu0p50__psi1p00,hardzero_plus_depr,0.02,34,166,0.0,1,0.5058233,0.5058364,1.0341982,0.09242763,0.09242763,1.0,1.30940125e-05,0.00014166773,-26.787794,2.2752814,0.75842714,0.16000001,0.0,0.14954731,4.950003,4.9800034,534400
hardzero_plus_depr__c0p54__z1p05__lam0p030__nu0p50__psi1p00,hardzero_plus_depr,0.02,34,167,0.0,1,0.5058364,0.5058491,1.0346677,0.092327744,0.092327744,1.0,1.269329e-05,0.00013748078,-27.430233,2.2763145,0.75877154,0.136,0.0,0.15065496,4.9800034,5.0100036,537600
hardzero_plus_depr__c0p54__z1p05__lam0p030__nu0p50__psi1p00,hardzero_plus_depr,0.02,34,168,0.0,1,0.5058491,0.5058491,1.0707941,0.0,0.084958315,0.0,0.0,0.00013341759,-28.503477,2.3557942,0.78526473,0.18400002,0.0,0.16309962,5.0100036,5.040004,540800
hardzero_plus_depr__c0p54__z1p05__lam0p030__nu0p50__psi1p00,hardzero_plus_depr,0.02,34,169,0.0,1,0.5058491,0.5058491,1.0572871,0.0,0.08764212,0.0,0.0,0.00012947447,-27.427483,2.326078,0.77535933,0.13,0.0,0.1713767,5.040004,5.070004,544000
hardzero_plus_depr__c0p54__z1p05__lam0p030__nu0p50__psi1p00,hardzero_plus_depr,0.02,34,170,0.0,1,0.5058491,0.5058491,1.0730236,0.0,0.08452329,0.0,0.0,0.00012564789,-28.062706,2.360699,0.7868997,0.16800001,0.0,0.15942295,5.070004,5.100004,547200
hardzero_plus_depr__c0p54__z1p05__lam0p030__nu0p50__psi1p00,hardzero_plus_depr,0.02,34,171,0.0,1,0.5058491,0.5058491,1.086375,0.0,0.08196436,0.0,0.0,0.00012193442,-29.10151,2.3900728,0.79669094,0.192,0.0,0.18271096,5.100004,5.1300044,550400
hardzero_plus_depr__c0p54__z1p05__lam0p030__nu0p50__psi1p00,hardzero_plus_depr,0.02,34,172,0.0,1,0.5058491,0.505862,0.9639619,0.1086521,0.1086521,1.0,1.2856878e-05,0.00011833069,-26.526697,2.1207585,0.70691955,0.17600001,0.0,0.1335314,5.1300044,5.1600046,553600
hardzero_plus_depr__c0p54__z1p05__lam0p030__nu0p50__psi1p00,hardzero_plus_depr,0.02,34,173,0.0,1,0.505862,0.5058723,1.0462146,0.08990534,0.08990534,1.0,1.0324141e-05,0.000114833456,-27.416845,2.301718,0.76723933,0.112,0.0,0.13456193,5.1600046,5.190005,556800
hardzero_plus_depr__c0p54__z1p05__lam0p030__nu0p50__psi1p00,hardzero_plus_depr,0.02,34,174,0.0,1,0.5058723,0.5058843,0.96847683,0.107528396,0.107528396,1.0,1.1982921e-05,0.0001114396,-26.24387,2.1306915,0.7102305,0.2,0.0,0.13056892,5.190005,5.220005,560000
hardzero_plus_depr__c0p54__z1p05__lam0p030__nu0p50__psi1p00,hardzero_plus_depr,0.02,34,175,0.0,1,0.5058843,0.50589454,1.0229704,0.09484829,0.09484829,1.0,1.0257466e-05,0.00010814603,-27.276728,2.2505798,0.7501933,0.192,0.0,0.13194759,5.220005,5.2500052,563200
hardzero_plus_depr__c0p54__z1p05__lam0p030__nu0p50__psi1p00,hardzero_plus_depr,0.02,34,176,0.0,1,0.50589454,0.505904,1.0447711,0.090204656,0.090204656,1.0,9.466963e-06,0.000104949824,-27.595411,2.2985423,0.76618075,0.23200001,0.0,0.1322946,5.2500052,5.2800055,566400
hardzero_plus_depr__c0p54__z1p05__lam0p030__nu0p50__psi1p00,hardzero_plus_depr,0.02,34,177,0.0,1,0.505904,0.50591314,1.0466064,0.089824244,0.089824244,1.0,9.148424e-06,0.000101848054,-27.50751,2.30258,0.76752675,0.16800001,0.0,0.14573537,5.2800055,5.3100057,569600
hardzero_plus_depr__c0p54__z1p05__lam0p030__nu0p50__psi1p00,hardzero_plus_depr,0.02,34,178,0.0,1,0.50591314,0.50591314,1.051037,0.0,0.08891254,0.0,0.0,9.8837976e-05,-27.64229,2.3123274,0.7707758,0.128,0.0,0.14485107,5.3100057,5.340006,572800
hardzero_plus_depr__c0p54__z1p05__lam0p030__nu0p50__psi1p00,hardzero_plus_depr,0.02,34,179,0.0,1,0.50591314,0.50592196,1.0361581,0.09201147,0.09201147,1.0,8.82545e-06,9.5916854e-05,-26.502707,2.2795932,0.75986445,0.16000001,0.0,0.129781,5.340006,5.370006,576000
hardzero_plus_depr__c0p54__z1p05__lam0p030__nu0p50__psi1p00,hardzero_plus_depr,0.02,34,180,0.0,1,0.50592196,0.5059308,1.0228289,0.0948792,0.0948792,1.0,8.831552e-06,9.308206e-05,-26.783298,2.2502687,0.7500896,0.15200001,0.0,0.16725266,5.370006,5.4000063,579200
hardzero_plus_depr__c0p54__z1p05__lam0p030__nu0p50__psi1p00,hardzero_plus_depr,0.02,34,181,0.0,1,0.5059308,0.5059308,1.058578,0.0,0.087382,0.0,0.0,9.033105e-05,-27.332481,2.3289182,0.7763061,0.16800001,0.0,0.14048088,5.4000063,5.4300065,582400
hardzero_plus_depr__c0p54__z1p05__lam0p030__nu0p50__psi1p00,hardzero_plus_depr,0.02,34,182,0.0,1,0.5059308,0.50593865,1.0476438,0.08960995,0.08960995,1.0,7.855329e-06,8.766135e-05,-27.94683,2.3048623,0.7682874,0.14999999,0.0,0.17190036,5.4300065,5.4600067,585600
hardzero_plus_depr__c0p54__z1p05__lam0p030__nu0p50__psi1p00,hardzero_plus_depr,0.02,34,183,0.0,1,0.50593865,0.5059479,0.963153,0.10885466,0.10885466,1.0,9.260325e-06,8.507054e-05,-26.061916,2.118979,0.70632637,0.14400001,0.0,0.12566674,5.4600067,5.490007,588800
hardzero_plus_depr__c0p54__z1p05__lam0p030__nu0p50__psi1p00,hardzero_plus_depr,0.02,34,184,0.0,1,0.5059479,0.5059563,0.9919248,0.101876765,0.101876765,1.0,8.4105695e-06,8.2556304e-05,-26.30976,2.1822782,0.72742605,0.16000001,0.0,0.13400808,5.490007,5.520007,592000
hardzero_plus_depr__c0p54__z1p05__lam0p030__nu0p50__psi1p00,hardzero_plus_depr,0.02,34,185,0.0,1,0.5059563,0.5059641,1.0121467,0.09724186,0.09724186,1.0,7.790667e-06,8.011639e-05,-27.360495,2.2267673,0.7422558,0.16800001,0.0,0.13645731,5.520007,5.5500073,595200
hardzero_plus_depr__c0p54__z1p05__lam0p030__nu0p50__psi1p00,hardzero_plus_depr,0.02,34,186,0.0,1,0.5059641,0.5059714,1.029172,0.093503535,0.093503535,1.0,7.2697662e-06,7.774857e-05,-26.853922,2.2642236,0.7547412,0.15200001,0.0,0.12578745,5.5500073,5.5800076,598400
hardzero_plus_depr__c0p54__z1p05__lam0p030__nu0p50__psi1p00,hardzero_plus_depr,0.02,34,187,0.0,1,0.5059714,0.5059782,1.0422692,0.090725794,0.090725794,1.0,6.8453287e-06,7.545074e-05,-27.691395,2.2930381,0.76434606,0.16800001,0.0,0.17479078,5.5800076,5.610008,601600
hardzero_plus_depr__c0p54__z1p05__lam0p030__nu0p50__psi1p00,hardzero_plus_depr,0.02,34,188,0.0,1,0.5059782,0.5059848,1.0462031,0.0899077,0.0899077,1.0,6.583115e-06,7.3220814e-05,-27.939533,2.301693,0.767231,0.216,0.0,0.14843962,5.610008,5.640008,604800
hardzero_plus_depr__c0p54__z1p05__lam0p030__nu0p50__psi1p00,hardzero_plus_depr,0.02,34,189,0.0,1,0.5059848,0.50599164,1.0173491,0.09608396,0.09608396,1.0,6.8274185e-06,7.10568e-05,-26.801455,2.2382128,0.746071,0.18400002,0.0,0.15456618,5.640008,5.670008,608000
hardzero_plus_depr__c0p54__z1p05__lam0p030__nu0p50__psi1p00,hardzero_plus_depr,0.02,34,190,0.0,1,0.50599164,0.50599164,1.0597185,0.0,0.08715282,0.0,0.0,6.895674e-05,-28.208227,2.3314273,0.77714247,0.136,0.0,0.15122105,5.670008,5.7000084,611200
hardzero_plus_depr__c0p54__z1p05__lam0p030__nu0p50__psi1p00,hardzero_plus_depr,0.02,34,191,0.0,1,0.50599164,0.50599855,0.9851752,0.10347246,0.10347246,1.0,6.9242474e-06,6.691875e-05,-27.073448,2.1674287,0.72247624,0.2,0.0,0.14086193,5.7000084,5.7300086,614400
hardzero_plus_depr__c0p54__z1p05__lam0p030__nu0p50__psi1p00,hardzero_plus_depr,0.02,34,192,0.0,1,0.50599855,0.50600517,0.99258304,0.10172248,0.10172248,1.0,6.605958e-06,6.4940985e-05,-26.9023,2.1837263,0.7279088,0.16000001,0.0,0.14989662,5.7300086,5.760009,617600
hardzero_plus_depr__c0p54__z1p05__lam0p030__nu0p50__psi1p00,hardzero_plus_depr,0.02,34,193,0.0,1,0.50600517,0.50601125,1.0152123,0.096557885,0.096557885,1.0,6.0852394e-06,6.3021675e-05,-27.979708,2.2335117,0.7445039,0.17600001,0.0,0.18056542,5.760009,5.790009,620800
hardzero_plus_depr__c0p54__z1p05__lam0p030__nu0p50__psi1p00,hardzero_plus_depr,0.02,34,194,0.0,1,0.50601125,0.50601125,1.0908571,0.0,0.08112278,0.0,0.0,6.115909e-05,-28.217642,2.3999336,0.7999779,0.112,0.0,0.16258287,5.790009,5.820009,624000
hardzero_plus_depr__c0p54__z1p05__lam0p030__nu0p50__psi1p00,hardzero_plus_depr,0.02,34,195,0.0,1,0.50601125,0.50601673,1.034957,0.09226627,0.09226627,1.0,5.4761467e-06,5.9351558e-05,-27.61068,2.276951,0.75898373,0.14999999,0.0,0.14716831,5.820009,5.8500094,627200
hardzero_plus_depr__c0p54__z1p05__lam0p030__nu0p50__psi1p00,hardzero_plus_depr,0.02,34,196,0.0,1,0.50601673,0.50601673,1.0628421,0.0,0.08652824,0.0,0.0,5.7597437e-05,-27.805939,2.3382993,0.77943313,0.16000001,0.0,0.14052188,5.8500094,5.8800097,630400
hardzero_plus_depr__c0p54__z1p05__lam0p030__nu0p50__psi1p00,hardzero_plus_depr,0.02,34,197,0.0,1,0.50601673,0.5060223,1.0024502,0.09943739,0.09943739,1.0,5.558069e-06,5.589516e-05,-26.405264,2.2054346,0.73514485,0.14400001,0.0,0.13751847,5.8800097,5.91001,633600
hardzero_plus_depr__c0p54__z1p05__lam0p030__nu0p50__psi1p00,hardzero_plus_depr,0.02,34,198,0.0,1,0.5060223,0.5060277,1.0009053,0.099791765,0.099791765,1.0,5.413025e-06,5.4243203e-05,-26.29094,2.2020357,0.7340119,0.120000005,0.0,0.12137497,5.91001,5.94001,636800
hardzero_plus_depr__c0p54__z1p05__lam0p030__nu0p50__psi1p00,hardzero_plus_depr,0.02,34,199,0.0,1,0.5060277,0.5060326,1.0315665,0.092989415,0.092989415,1.0,4.8949687e-06,5.2640065e-05,-27.021193,2.2694917,0.75649726,0.23200001,0.0,0.15253468,5.94001,5.9700103,640000
hardzero_plus_depr__c0p54__z1p05__lam0p030__nu0p50__psi1p00,hardzero_plus_depr,0.02,34,200,0.0,1,0.5060326,0.50603783,0.9865474,0.10314605,0.10314605,1.0,5.2691435e-06,5.10843e-05,-25.800953,2.1704476,0.72348255,0.18400002,0.0,0.15087351,5.9700103,6.0000105,643200
hardzero_plus_depr__c0p54__z1p05__lam0p030__nu0p50__psi1p00,hardzero_plus_depr,0.02,34,201,0.0,1,0.50603783,0.5060423,1.043388,0.09049238,0.09049238,1.0,4.4861167e-06,4.9574523e-05,-27.890812,2.2954993,0.76516646,0.15200001,0.0,0.14604726,6.0000105,6.0300107,646400
hardzero_plus_depr__c0p54__z1p05__lam0p030__nu0p50__psi1p00,hardzero_plus_depr,0.02,34,202,0.0,1,0.5060423,0.50604695,1.0147338,0.09666432,0.09666432,1.0,4.650459e-06,4.8109363e-05,-27.452728,2.2324588,0.74415296,0.14400001,0.0,0.14029017,6.0300107,6.060011,649600
hardzero_plus_depr__c0p54__z1p05__lam0p030__nu0p50__psi1p00,hardzero_plus_depr,0.02,34,203,0.0,1,0.50604695,0.50604695,1.0505749,0.0,0.0890072,0.0,0.0,4.6687506e-05,-26.751427,2.311311,0.770437,0.16800001,0.0,0.14619964,6.060011,6.090011,652800
hardzero_plus_depr__c0p54__z1p05__lam0p030__nu0p50__psi1p00,hardzero_plus_depr,0.02,34,204,0.0,1,0.50604695,0.50604695,1.0597932,0.0,0.08713782,0.0,0.0,4.5307672e-05,-27.86866,2.3315916,0.77719724,0.14400001,0.0,0.16934459,6.090011,6.1200113,656000
hardzero_plus_depr__c0p54__z1p05__lam0p030__nu0p50__psi1p00,hardzero_plus_depr,0.02,34,205,0.0,1,0.50604695,0.5060511,1.0211691,0.09524254,0.09524254,1.0,4.187683e-06,4.396862e-05,-27.465378,2.2466168,0.7488723,0.17600001,0.0,0.1280565,6.1200113,6.1500115,659200
hardzero_plus_depr__c0p54__z1p05__lam0p030__nu0p50__psi1p00,hardzero_plus_depr,0.02,34,206,0.0,1,0.5060511,0.5060551,1.0301225,0.09329909,0.09329909,1.0,3.980992e-06,4.266914e-05,-26.753855,2.2663147,0.75543827,0.15200001,0.008,0.16916902,6.1500115,6.1800117,662400
hardzero_plus_depr__c0p54__z1p05__lam0p030__nu0p50__psi1p00,hardzero_plus_depr,0.02,34,207,0.0,1,0.5060551,0.5060551,1.057482,0.0,0.08760281,0.0,0.0,4.140807e-05,-28.864935,2.3265069,0.7755023,0.120000005,0.0,0.17577586,6.1800117,6.210012,665600
hardzero_plus_depr__c0p54__z1p05__lam0p030__nu0p50__psi1p00,hardzero_plus_depr,0.02,34,208,0.0,1,0.5060551,0.5060551,1.0686883,0.0,0.085371256,0.0,0.0,4.0184266e-05,-27.658144,2.3511612,0.78372043,0.19999999,0.0,0.1549948,6.210012,6.240012,668800
hardzero_plus_depr__c0p54__z1p05__lam0p030__nu0p50__psi1p00,hardzero_plus_depr,0.02,34,209,0.0,1,0.5060551,0.5060588,1.0252458,0.09435268,0.09435268,1.0,3.6794372e-06,3.8996637e-05,-26.854324,2.2555857,0.75186193,0.112,0.0,0.13453984,6.240012,6.2700124,672000
hardzero_plus_depr__c0p54__z1p05__lam0p030__nu0p50__psi1p00,hardzero_plus_depr,0.02,34,210,0.0,1,0.5060588,0.50606257,1.0015452,0.09964484,0.09964484,1.0,3.7709697e-06,3.7844104e-05,-26.857204,2.2034433,0.7344811,0.120000005,0.0,0.16073819,6.2700124,6.3000126,675200
hardzero_plus_depr__c0p54__z1p05__lam0p030__nu0p50__psi1p00,hardzero_plus_depr,0.02,34,211,0.0,1,0.50606257,0.50606257,1.0852352,0.0,0.08217973,0.0,0.0,3.6725633e-05,-28.960415,2.3875651,0.79585505,0.14400001,0.0,0.15717177,6.3000126,6.330013,678400
hardzero_plus_depr__c0p54__z1p05__lam0p030__nu0p50__psi1p00,hardzero_plus_depr,0.02,34,212,0.0,1,0.50606257,0.50606614,0.99510837,0.1011327,0.1011327,1.0,3.6043916e-06,3.564022e-05,-27.246069,2.1892822,0.72976077,0.136,0.0,0.13841827,6.330013,6.360013,681600
hardzero_plus_depr__c0p54__z1p05__lam0p030__nu0p50__psi1p00,hardzero_plus_depr,0.02,34,213,0.0,1,0.50606614,0.50606936,1.033556,0.092564404,0.092564404,1.0,3.2015141e-06,3.4586883e-05,-27.266968,2.2738686,0.7579562,0.15200001,0.0,0.15431021,6.360013,6.390013,684800
hardzero_plus_depr__c0p54__z1p05__lam0p030__nu0p50__psi1p00,hardzero_plus_depr,0.02,34,214,0.0,1,0.50606936,0.5060724,1.040793,0.09103471,0.09103471,1.0,3.055551e-06,3.356468e-05,-28.030293,2.2897902,0.7632634,0.14400001,0.0,0.14067595,6.390013,6.4200134,688000
hardzero_plus_depr__c0p54__z1p05__lam0p030__nu0p50__psi1p00,hardzero_plus_depr,0.02,34,215,0.0,1,0.5060724,0.5060754,1.0394896,0.09130832,0.09130832,1.0,2.9741573e-06,3.2572687e-05,-27.34243,2.286923,0.76230764,0.112,0.0,0.17421865,6.4200134,6.4500136,691200
hardzero_plus_depr__c0p54__z1p05__lam0p030__nu0p50__psi1p00,hardzero_plus_depr,0.02,34,216,0.0,1,0.5060754,0.5060783,1.0320673,0.09288223,0.09288223,1.0,2.9360085e-06,3.1610012e-05,-27.71572,2.2705934,0.7568645,0.112,0.0,0.14370164,6.4500136,6.480014,694400
hardzero_plus_depr__c0p54__z1p05__lam0p030__nu0p50__psi1p00,hardzero_plus_depr,0.02,34,217,0.0,1,0.5060783,0.5060814,0.99558216,0.10102243,0.10102243,1.0,3.0989424e-06,3.0675787e-05,-26.558626,2.1903245,0.7301082,0.18400002,0.0,0.12828366,6.480014,6.510014,697600
hardzero_plus_depr__c0p54__z1p05__lam0p030__nu0p50__psi1p00,hardzero_plus_depr,0.02,34,218,0.0,1,0.5060814,0.50608414,1.0343064,0.092404604,0.092404604,1.0,2.750809e-06,2.9769177e-05,-27.424932,2.2755196,0.75850654,0.16800001,0.0,0.1346696,6.510014,6.5400143,700800
hardzero_plus_depr__c0p54__z1p05__lam0p030__nu0p50__psi1p00,hardzero_plus_depr,0.02,34,219,0.0,1,0.50608414,0.50608677,1.0424881,0.090680085,0.090680085,1.0,2.6196892e-06,2.8889355e-05,-27.675428,2.2935197,0.7645066,0.112,0.0,0.18012337,6.5400143,6.5700145,704000
hardzero_plus_depr__c0p54__z1p05__lam0p030__nu0p50__psi1p00,hardzero_plus_depr,0.02,34,220,0.0,1,0.50608677,0.5060899,0.94604903,0.11322726,0.11322726,1.0,3.1743878e-06,2.8035542e-05,-25.903284,2.0813494,0.69378316,0.23200001,0.0,0.1399227,6.5700145,6.6000147,707200
hardzero_plus_depr__c0p54__z1p05__lam0p030__nu0p50__psi1p00,hardzero_plus_depr,0.02,34,221,0.0,1,0.5060899,0.50609237,1.0443509,0.09029197,0.09029197,1.0,2.45657e-06,2.720696e-05,-28.263023,2.2976177,0.7658726,0.16,0.0,0.14573884,6.6000147,6.630015,710400
hardzero_plus_depr__c0p54__z1p05__lam0p030__nu0p50__psi1p00,hardzero_plus_depr,0.02,34,222,0.0,1,0.50609237,0.50609237,1.0594316,0.0,0.087210424,0.0,0.0,2.640287e-05,-27.62315,2.330796,0.776932,0.120000005,0.0,0.17352052,6.630015,6.660015,713600
hardzero_plus_depr__c0p54__z1p05__lam0p030__nu0p50__psi1p00,hardzero_plus_depr,0.02,34,223,0.0,1,0.50609237,0.506095,0.99265707,0.10170514,0.10170514,1.0,2.605944e-06,2.562254e-05,-26.281256,2.1838892,0.7279631,0.2,0.0,0.1654281,6.660015,6.6900153,716800
hardzero_plus_depr__c0p54__z1p05__lam0p030__nu0p50__psi1p00,hardzero_plus_depr,0.02,34,224,0.0,1,0.506095,0.5060976,0.9797505,0.104773015,0.104773015,1.0,2.6052098e-06,2.4865274e-05,-26.321411,2.1554942,0.7184981,0.128,0.0,0.14480558,6.6900153,6.7200155,720000
hardzero_plus_depr__c0p54__z1p05__lam0p030__nu0p50__psi1p00,hardzero_plus_depr,0.02,34,225,0.0,1,0.5060976,0.5060976,1.085152,0.0,0.08219549,0.0,0.0,2.413039e-05,-28.295,2.387382,0.795794,0.120000005,0.0,0.16861103,6.7200155,6.7500157,723200
hardzero_plus_depr__c0p54__z1p05__lam0p030__nu0p50__psi1p00,hardzero_plus_depr,0.02,34,226,0.0,1,0.5060976,0.5060976,1.073602,0.0,0.0844108,0.0,0.0,2.3417224e-05,-28.148417,2.3619714,0.78732383,0.128,0.0,0.14169587,6.7500157,6.780016,726400
hardzero_plus_depr__c0p54__z1p05__lam0p030__nu0p50__psi1p00,hardzero_plus_depr,0.02,34,227,0.0,1,0.5060976,0.5060997,1.0376524,0.09169541,0.09169541,1.0,2.0837906e-06,2.2725135e-05,-27.56463,2.2828808,0.7609603,0.120000005,0.0,0.14104864,6.780016,6.810016,729600
hardzero_plus_depr__c0p54__z1p05__lam0p030__nu0p50__psi1p00,hardzero_plus_depr,0.02,34,228,0.0,1,0.5060997,0.5061017,1.0341605,0.09243565,0.09243565,1.0,2.0385294e-06,2.2053498e-05,-26.944939,2.2751985,0.7583995,0.14400001,0.0,0.14047326,6.810016,6.8400164,732800
hardzero_plus_depr__c0p54__z1p05__lam0p030__nu0p50__psi1p00,hardzero_plus_depr,0.02,34,229,0.0,1,0.5061017,0.50610375,1.0238963,0.09464629,0.09464629,1.0,2.0255932e-06,2.1401718e-05,-27.558914,2.252617,0.7508723,0.136,0.0,0.17748368,6.8400164,6.8700166,736000
hardzero_plus_depr__c0p54__z1p05__lam0p030__nu0p50__psi1p00,hardzero_plus_depr,0.02,34,230,0.0,1,0.50610375,0.50610375,1.0877341,0.0,0.08170825,0.0,0.0,2.0769196e-05,-28.224264,2.3930628,0.79768765,0.14400001,0.0,0.19834982,6.8700166,6.900017,739200
hardzero_plus_depr__c0p54__z1p05__lam0p030__nu0p50__psi1p00,hardzero_plus_depr,0.02,34,231,0.0,1,0.50610375,0.50610375,1.0545399,0.0,0.088198274,0.0,0.0,2.015537e-05,-27.140896,2.3200343,0.77334476,0.096,0.0,0.13956414,6.900017,6.930017,742400
hardzero_plus_depr__c0p54__z1p05__lam0p030__nu0p50__psi1p00,hardzero_plus_depr,0.02,34,232,0.0,1,0.50610375,0.50610584,0.97794604,0.10520925,0.10520925,1.0,2.0578598e-06,1.9559686e-05,-26.327993,2.1515243,0.71717477,0.14400001,0.0,0.1538015,6.930017,6.960017,745600
hardzero_plus_depr__c0p54__z1p05__lam0p030__nu0p50__psi1p00,hardzero_plus_depr,0.02,34,233,0.0,1,0.50610584,0.5061076,1.0254605,0.09430603,0.09430603,1.0,1.7900799e-06,1.8981606e-05,-26.95413,2.2560582,0.7520194,0.136,0.0,0.16061486,6.960017,6.9900174,748800
hardzero_plus_depr__c0p54__z1p05__lam0p030__nu0p50__psi1p00,hardzero_plus_depr,0.02,34,234,0.0,1,0.5061076,0.5061095,1.0009407,0.09978363,0.09978363,1.0,1.8380754e-06,1.8420611e-05,-25.977741,2.2021134,0.7340378,0.19,0.0,0.12237417,6.9900174,7.0200176,752000
hardzero_plus_depr__c0p54__z1p05__lam0p030__nu0p50__psi1p00,hardzero_plus_depr,0.02,34,235,0.0,1,0.5061095,0.5061112,1.0133581,0.096971005,0.096971005,1.0,1.7334726e-06,1.7876195e-05,-27.822157,2.2294323,0.74314415,0.2,0.0,0.1564128,7.0200176,7.050018,755200
hardzero_plus_depr__c0p54__z1p05__lam0p030__nu0p50__psi1p00,hardzero_plus_depr,0.02,34,236,0.0,1,0.5061112,0.5061129,1.0197657,0.09555079,0.09555079,1.0,1.6576026e-06,1.734787e-05,-26.75553,2.2435293,0.74784315,0.18400002,0.0,0.1527297,7.050018,7.080018,758400
hardzero_plus_depr__c0p54__z1p05__lam0p030__nu0p50__psi1p00,hardzero_plus_depr,0.02,34,237,0.0,1,0.5061129,0.5061145,1.0199931,0.095500775,0.095500775,1.0,1.6077709e-06,1.683516e-05,-26.248177,2.2440295,0.74800986,0.16800001,0.0,0.13818522,7.080018,7.1100183,761600
hardzero_plus_depr__c0p54__z1p05__lam0p030__nu0p50__psi1p00,hardzero_plus_depr,0.02,34,238,0.0,1,0.5061145,0.506116,1.0446208,0.09023587,0.09023587,1.0,1.4742377e-06,1.6337603e-05,-27.68132,2.2982116,0.76607054,0.136,0.0,0.15910406,7.1100183,7.1400185,764800
hardzero_plus_depr__c0p54__z1p05__lam0p030__nu0p50__psi1p00,hardzero_plus_depr,0.02,34,239,0.0,1,0.506116,0.5061175,1.0165216,0.096267216,0.096267216,1.0,1.5262926e-06,1.585475e-05,-27.040249,2.236392,0.745464,0.16000001,0.0,0.162286,7.1400185,7.1700187,768000
hardzero_plus_depr__c0p54__z1p05__lam0p030__nu0p50__psi1p00,hardzero_plus_depr,0.02,34,240,0.0,1,0.5061175,0.50611913,0.9836348,0.10384012,0.10384012,1.0,1.5977015e-06,1.5386167e-05,-26.62083,2.1640399,0.7213466,0.216,0.0,0.13358511,7.1700187,7.200019,771200
hardzero_plus_depr__c0p54__z1p05__lam0p030__nu0p50__psi1p00,hardzero_plus_depr,0.02,34,241,0.0,1,0.50611913,0.50611913,1.0614967,0.0,0.0867967,0.0,0.0,1.4931435e-05,-27.6222,2.3353395,0.77844656,0.14400001,0.0,0.16101098,7.200019,7.230019,774400
hardzero_plus_depr__c0p54__z1p05__lam0p030__nu0p50__psi1p00,hardzero_plus_depr,0.02,34,242,0.0,1,0.50611913,0.50612044,1.0425735,0.09066227,0.09066227,1.0,1.313709e-06,1.44901405e-05,-27.44651,2.2937074,0.76456916,0.128,0.0,0.13947164,7.230019,7.2600193,777600
hardzero_plus_depr__c0p54__z1p05__lam0p030__nu0p50__psi1p00,hardzero_plus_depr,0.02,34,243,0.0,1,0.50612044,0.50612044,1.064333,0.0,0.086231716,0.0,0.0,1.40618895e-05,-27.117876,2.3415792,0.7805264,0.14400001,0.0,0.15671165,7.2600193,7.2900195,780800
hardzero_plus_depr__c0p54__z1p05__lam0p030__nu0p50__psi1p00,hardzero_plus_depr,0.02,34,244,0.0,1,0.50612044,0.5061217,1.0459795,0.089954,0.089954,1.0,1.2275387e-06,1.3646293e-05,-27.636177,2.3012009,0.76706696,0.15200001,0.0,0.15722471,7.2900195,7.3200197,784000
hardzero_plus_depr__c0p54__z1p05__lam0p030__nu0p50__psi1p00,hardzero_plus_depr,0.02,34,245,0.0,1,0.5061217,0.5061217,1.1284659,0.0,0.074393354,0.0,0.0,1.3242983e-05,-29.161549,2.4826746,0.8275582,0.112,0.0,0.21549033,7.3200197,7.35002,787200
hardzero_plus_depr__c0p54__z1p05__lam0p030__nu0p50__psi1p00,hardzero_plus_depr,0.02,34,246,0.0,1,0.5061217,0.5061228,1.0467469,0.0897952,0.0897952,1.0,1.1540112e-06,1.2851591e-05,-27.879854,2.302889,0.76762974,0.14400001,0.0,0.19877346,7.35002,7.38002,790400
hardzero_plus_depr__c0p54__z1p05__lam0p030__nu0p50__psi1p00,hardzero_plus_depr,0.02,34,247,0.0,1,0.5061228,0.5061228,1.0543845,0.0,0.08822985,0.0,0.0,1.2471766e-05,-28.235205,2.3196921,0.77323073,0.099999994,0.0,0.17651865,7.38002,7.4100204,793600
hardzero_plus_depr__c0p54__z1p05__lam0p030__nu0p50__psi1p00,hardzero_plus_depr,0.02,34,248,0.0,1,0.5061228,0.50612396,1.0354707,0.0921572,0.0921572,1.0,1.115394e-06,1.2103167e-05,-27.397476,2.2780812,0.75936043,0.15200001,0.0,0.1261471,7.4100204,7.4400206,796800
hardzero_plus_depr__c0p54__z1p05__lam0p030__nu0p50__psi1p00,hardzero_plus_depr,0.02,34,249,0.0,1,0.50612396,0.50612515,0.98979056,0.10237865,0.10237865,1.0,1.2024846e-06,1.1745462e-05,-26.241804,2.1775827,0.72586095,0.16000001,0.0,0.14444253,7.4400206,7.470021,800000
hardzero_plus_depr__c0p54__z1p05__lam0p030__nu0p50__psi1p00,hardzero_plus_depr,0.02,34,250,0.0,1,0.50612515,0.50612617,1.0475022,0.089639165,0.089639165,1.0,1.0217367e-06,1.1398329e-05,-27.911375,2.304551,0.76818365,0.224,0.0,0.18845922,7.470021,7.500021,803200
hardzero_plus_depr__c0p54__z1p05__lam0p030__nu0p50__psi1p00,hardzero_plus_depr,0.02,34,251,0.0,1,0.50612617,0.50612724,1.0210013,0.09527931,0.09527931,1.0,1.0539279e-06,1.1061456e-05,-27.437279,2.2462478,0.74874926,0.136,0.0,0.15545344,7.500021,7.530021,806400
hardzero_plus_depr__c0p54__z1p05__lam0p030__nu0p50__psi1p00,hardzero_plus_depr,0.02,34,252,0.0,1,0.50612724,0.50612825,1.0356429,0.09212067,0.09212067,1.0,9.888727e-07,1.0734537e-05,-27.87529,2.2784598,0.7594866,0.18400002,0.0,0.18153161,7.530021,7.5600214,809600
hardzero_plus_depr__c0p54__z1p05__lam0p030__nu0p50__psi1p00,hardzero_plus_depr,0.02,34,253,0.0,1,0.50612825,0.5061292,1.0348711,0.09228453,0.09228453,1.0,9.61354e-07,1.0417281e-05,-27.525646,2.2767618,0.7589206,0.128,0.0,0.12935974,7.5600214,7.5900216,812800
hardzero_plus_depr__c0p54__z1p05__lam0p030__nu0p50__psi1p00,hardzero_plus_depr,0.02,34,254,0.0,1,0.5061292,0.5061301,1.0489421,0.08934246,0.08934246,1.0,9.0319884e-07,1.0109402e-05,-28.513235,2.3077188,0.7692396,0.14400001,0.0,0.13929464,7.5900216,7.620022,816000
hardzero_plus_depr__c0p54__z1p05__lam0p030__nu0p50__psi1p00,hardzero_plus_depr,0.02,34,255,0.0,1,0.5061301,0.50613105,1.0090133,0.097945996,0.097945996,1.0,9.609113e-07,9.810623e-06,-27.273272,2.2198737,0.7399579,0.14400001,0.0,0.15454297,7.620022,7.650022,819200
hardzero_plus_depr__c0p54__z1p05__lam0p030__nu0p50__psi1p00,hardzero_plus_depr,0.02,34,256,0.0,1,0.50613105,0.50613195,1.0195686,0.09559418,0.09559418,1.0,9.101209e-07,9.520672e-06,-26.860098,2.2430956,0.74769855,0.080000006,0.0,0.13182731,7.650022,7.6800222,822400
hardzero_plus_depr__c0p54__z1p05__lam0p030__nu0p50__psi1p00,hardzero_plus_depr,0.02,34,257,0.0,1,0.50613195,0.5061328,1.0411122,0.09096783,0.09096783,1.0,8.404784e-07,9.239293e-06,-27.600428,2.2904925,0.76349753,0.14400001,0.0,0.14285277,7.6800222,7.7100224,825600
hardzero_plus_depr__c0p54__z1p05__lam0p030__nu0p50__psi1p00,hardzero_plus_depr,0.02,34,258,0.0,1,0.5061328,0.5061328,1.0772555,0.0,0.08370366,0.0,0.0,8.966228e-06,-28.297607,2.3700094,0.7900032,0.112,0.0,0.14778839,7.7100224,7.7400227,828800
hardzero_plus_depr__c0p54__z1p05__lam0p030__nu0p50__psi1p00,hardzero_plus_depr,0.02,34,259,0.0,1,0.5061328,0.5061337,1.002258,0.099481426,0.099481426,1.0,8.656112e-07,8.701234e-06,-27.169168,2.2050116,0.7350039,0.16800001,0.0,0.1581586,7.7400227,7.770023,832000
hardzero_plus_depr__c0p54__z1p05__lam0p030__nu0p50__psi1p00,hardzero_plus_depr,0.02,34,260,0.0,1,0.5061337,0.5061337,1.0502824,0.0,0.08906717,0.0,0.0,8.444073e-06,-27.739391,2.3106673,0.7702224,0.16,0.0,0.15742363,7.770023,7.800023,835200
hardzero_plus_depr__c0p54__z1p05__lam0p030__nu0p50__psi1p00,hardzero_plus_depr,0.02,34,261,0.0,1,0.5061337,0.5061345,0.996632,0.10077852,0.10077852,1.0,8.2583057e-07,8.19451e-06,-26.664785,2.192634,0.73087806,0.128,0.0,0.1329773,7.800023,7.8300233,838400
hardzero_plus_depr__c0p54__z1p05__lam0p030__nu0p50__psi1p00,hardzero_plus_depr,0.02,34,262,0.0,1,0.5061345,0.5061353,1.0121112,0.09724981,0.09724981,1.0,7.7336205e-07,7.952324e-06,-26.47201,2.226689,0.7422297,0.136,0.0,0.14588356,7.8300233,7.8600235,841600
hardzero_plus_depr__c0p54__z1p05__lam0p030__nu0p50__psi1p00,hardzero_plus_depr,0.02,34,263,0.0,1,0.5061353,0.506136,1.0232842,0.09477979,0.09477979,1.0,7.314436e-07,7.717295e-06,-27.57584,2.25127,0.7504234,0.16000001,0.0,0.1560229,7.8600235,7.8900237,844800
hardzero_plus_depr__c0p54__z1p05__lam0p030__nu0p50__psi1p00,hardzero_plus_depr,0.02,34,264,0.0,1,0.506136,0.5061367,1.0031245,0.09928315,0.09928315,1.0,7.435528e-07,7.489214e-06,-26.437649,2.206918,0.73563933,0.14400001,0.0,0.14205784,7.8900237,7.920024,848000
hardzero_plus_depr__c0p54__z1p05__lam0p030__nu0p50__psi1p00,hardzero_plus_depr,0.02,34,265,0.0,1,0.5061367,0.5061367,1.076953,0.0,0.083761975,0.0,0.0,7.267872e-06,-28.299864,2.369344,0.78978133,0.112,0.0,0.14644688,7.920024,7.950024,851200
hardzero_plus_depr__c0p54__z1p05__lam0p030__nu0p50__psi1p00,hardzero_plus_depr,0.02,34,266,0.0,1,0.5061367,0.5061374,1.017226,0.09611121,0.09611121,1.0,6.7787937e-07,7.0530727e-06,-27.200418,2.2379417,0.7459806,0.16000001,0.0,0.13676704,7.950024,7.9800243,854400
hardzero_plus_depr__c0p54__z1p05__lam0p030__nu0p50__psi1p00,hardzero_plus_depr,0.02,34,267,0.0,1,0.5061374,0.5061374,1.060795,0.0,0.08693708,0.0,0.0,6.844622e-06,-27.991627,2.3337955,0.77793187,0.14400001,0.0,0.16314843,7.9800243,8.010024,857600
hardzero_plus_depr__c0p54__z1p05__lam0p030__nu0p50__psi1p00,hardzero_plus_depr,0.02,34,268,0.0,1,0.5061374,0.5061374,1.076876,0.0,0.08377684,0.0,0.0,6.6423345e-06,-28.498287,2.3691745,0.7897248,0.136,0.0,0.17774732,8.010024,8.040024,860800
hardzero_plus_depr__c0p54__z1p05__lam0p030__nu0p50__psi1p00,hardzero_plus_depr,0.02,34,269,0.0,1,0.5061374,0.5061374,1.0601332,0.0,0.08706964,0.0,0.0,6.4460255e-06,-27.935774,2.3323395,0.7774465,0.216,0.0,0.18024462,8.040024,8.070024,864000
hardzero_plus_depr__c0p54__z1p05__lam0p030__nu0p50__psi1p00,hardzero_plus_depr,0.02,34,270,0.0,1,0.5061374,0.50613797,1.0003302,0.09992399,0.09992399,1.0,6.250763e-07,6.255518e-06,-27.032782,2.2007704,0.7335901,0.18400002,0.0,0.16263197,8.070024,8.100023,867200
hardzero_plus_depr__c0p54__z1p05__lam0p030__nu0p50__psi1p00,hardzero_plus_depr,0.02,34,271,0.0,1,0.50613797,0.50613856,1.0178754,0.09596759,0.09596759,1.0,5.825848e-07,6.070641e-06,-26.841896,2.2393706,0.74645686,0.104,0.0,0.15851155,8.100023,8.130023,870400
hardzero_plus_depr__c0p54__z1p05__lam0p030__nu0p50__psi1p00,hardzero_plus_depr,0.02,34,272,0.0,1,0.50613856,0.50613916,1.0026894,0.09938266,0.09938266,1.0,5.8548596e-07,5.8912287e-06,-26.500444,2.2059605,0.7353202,0.112,0.0,0.15306929,8.130023,8.160023,873600
hardzero_plus_depr__c0p54__z1p05__lam0p030__nu0p50__psi1p00,hardzero_plus_depr,0.02,34,273,0.0,1,0.50613916,0.50613916,1.0650133,0.0,0.08609673,0.0,0.0,5.717118e-06,-27.923813,2.343076,0.78102535,0.14,0.0,0.17964906,8.160023,8.190022,876800
hardzero_plus_depr__c0p54__z1p05__lam0p030__nu0p50__psi1p00,hardzero_plus_depr,0.02,34,274,0.0,1,0.50613916,0.50613916,1.0525975,0.0,0.088593625,0.0,0.0,5.548153e-06,-27.95445,2.3157609,0.7719203,0.17600001,0.0,0.16100243,8.190022,8.220022,880000
hardzero_plus_depr__c0p54__z1p05__lam0p030__nu0p50__psi1p00,hardzero_plus_depr,0.02,34,275,0.0,1,0.50613916,0.50613916,1.0619969,0.0,0.0866968,0.0,0.0,5.384182e-06,-27.346598,2.3364398,0.7788133,0.16000001,0.0,0.16477029,8.220022,8.250022,883200
hardzero_plus_depr__c0p54__z1p05__lam0p030__nu0p50__psi1p00,hardzero_plus_depr,0.02,34,276,0.0,1,0.50613916,0.5061397,1.006646,0.098481335,0.098481335,1.0,5.1457056e-07,5.2250566e-06,-27.35906,2.2146654,0.7382218,0.112,0.0,0.15592027,8.250022,8.280022,886400
hardzero_plus_depr__c0p54__z1p05__lam0p030__nu0p50__psi1p00,hardzero_plus_depr,0.02,34,277,0.0,1,0.5061397,0.5061397,1.0865589,0.0,0.08192963,0.0,0.0,5.070634e-06,-28.282024,2.3904774,0.7968258,0.104,0.0,0.14955312,8.280022,8.310021,889600
hardzero_plus_depr__c0p54__z1p05__lam0p030__nu0p50__psi1p00,hardzero_plus_depr,0.02,34,278,0.0,1,0.5061397,0.5061402,1.0086445,0.09802921,0.09802921,1.0,4.8237973e-07,4.9207756e-06,-26.839605,2.219062,0.7396874,0.17600001,0.0,0.14754204,8.310021,8.340021,892800
hardzero_plus_depr__c0p54__z1p05__lam0p030__nu0p50__psi1p00,hardzero_plus_depr,0.02,34,279,0.0,1,0.5061402,0.50614065,1.0120901,0.097254544,0.097254544,1.0,4.6442406e-07,4.7753456e-06,-26.82762,2.2266426,0.7422142,0.136,0.0,0.17034823,8.340021,8.370021,896000
hardzero_plus_depr__c0p54__z1p05__lam0p030__nu0p50__psi1p00,hardzero_plus_depr,0.02,34,280,0.0,1,0.50614065,0.50614107,1.0163941,0.096295476,0.096295476,1.0,4.4625386e-07,4.6342143e-06,-27.19606,2.2361119,0.7453706,0.23200001,0.0,0.15814063,8.370021,8.400021,899200
hardzero_plus_depr__c0p54__z1p05__lam0p030__nu0p50__psi1p00,hardzero_plus_depr,0.02,34,281,0.0,1,0.50614107,0.5061415,1.0205907,0.095369466,0.095369466,1.0,4.2890065e-07,4.4972535e-06,-26.73425,2.2453444,0.74844813,0.17600001,0.0,0.14146818,8.400021,8.43002,902400
hardzero_plus_depr__c0p54__z1p05__lam0p030__nu0p50__psi1p00,hardzero_plus_depr,0.02,34,282,0.0,1,0.5061415,0.50614196,0.96851754,0.10751831,0.10751831,1.0,4.6924654e-07,4.364341e-06,-25.497602,2.1307812,0.7102604,0.24800001,0.0,0.14058426,8.43002,8.46002,905600
hardzero_plus_depr__c0p54__z1p05__lam0p030__nu0p50__psi1p00,hardzero_plus_depr,0.02,34,283,0.0,1,0.50614196,0.50614196,1.0643919,0.0,0.08622002,0.0,0.0,4.2353563e-06,-27.48945,2.341709,0.7805697,0.112,0.0,0.16681898,8.46002,8.49002,908800
hardzero_plus_depr__c0p54__z1p05__lam0p030__nu0p50__psi1p00,hardzero_plus_depr,0.02,34,284,0.0,1,0.50614196,0.5061424,0.99315697,0.10158814,0.10158814,1.0,4.1754592e-07,4.110184e-06,-26.871662,2.184989,0.72832966,0.18400002,0.0,0.13496935,8.49002,8.52002,912000
hardzero_plus_depr__c0p54__z1p05__lam0p030__nu0p50__psi1p00,hardzero_plus_depr,0.02,34,285,0.0,1,0.5061424,0.50614274,1.0266522,0.09404761,0.09404761,1.0,3.751287e-07,3.9887104e-06,-27.62672,2.2586799,0.7528933,0.112,0.0,0.1624863,8.52002,8.550019,915200
hardzero_plus_depr__c0p54__z1p05__lam0p030__nu0p50__psi1p00,hardzero_plus_depr,0.02,34,286,0.0,1,0.50614274,0.50614274,1.0808758,0.0,0.08300882,0.0,0.0,3.870827e-06,-28.927547,2.3779743,0.7926581,0.08,0.0,0.1833995,8.550019,8.580019,918400
hardzero_plus_depr__c0p54__z1p05__lam0p030__nu0p50__psi1p00,hardzero_plus_depr,0.02,34,287,0.0,1,0.50614274,0.5061431,1.0335921,0.0925567,0.0925567,1.0,3.4768263e-07,3.7564284e-06,-27.862627,2.273948,0.7579827,0.16000001,0.0,0.1614343,8.580019,8.610019,921600
hardzero_plus_depr__c0p54__z1p05__lam0p030__nu0p50__psi1p00,hardzero_plus_depr,0.02,34,288,0.0,1,0.5061431,0.5061435,0.9666713,0.10797636,0.10797636,1.0,3.9361808e-07,3.6454098e-06,-26.113825,2.1267192,0.7089064,0.2,0.0,0.14558652,8.610019,8.640018,924800
hardzero_plus_depr__c0p54__z1p05__lam0p030__nu0p50__psi1p00,hardzero_plus_depr,0.02,34,289,0.0,1,0.5061435,0.5061435,1.0672251,0.0,0.08565936,0.0,0.0,3.5376727e-06,-27.724913,2.347942,0.7826474,0.128,0.0,0.15175836,8.640018,8.670018,928000
hardzero_plus_depr__c0p54__z1p05__lam0p030__nu0p50__psi1p00,hardzero_plus_depr,0.02,34,290,0.0,1,0.5061435,0.5061438,1.046863,0.08977121,0.08977121,1.0,3.081953e-07,3.4331194e-06,-27.971907,2.3031445,0.76771486,0.136,0.008,0.15222797,8.670018,8.700018,931200
hardzero_plus_depr__c0p54__z1p05__lam0p030__nu0p50__psi1p00,hardzero_plus_depr,0.02,34,291,0.0,1,0.5061438,0.5061441,1.0250888,0.094386786,0.094386786,1.0,3.1446433e-07,3.3316562e-06,-26.579527,2.2552404,0.75174683,0.136,0.0,0.1394432,8.700018,8.730018,934400
hardzero_plus_depr__c0p54__z1p05__lam0p030__nu0p50__psi1p00,hardzero_plus_depr,0.02,34,292,0.0,1,0.5061441,0.5061444,1.0130509,0.097039625,0.097039625,1.0,3.1374773e-07,3.2331918e-06,-27.851187,2.2287564,0.74291885,0.15200001,0.0,0.14095213,8.730018,8.760017,937600
hardzero_plus_depr__c0p54__z1p05__lam0p030__nu0p50__psi1p00,hardzero_plus_depr,0.02,34,293,0.0,1,0.5061444,0.50614476,0.97084546,0.106943525,0.106943525,1.0,3.3555e-07,3.1376373e-06,-26.336996,2.1359026,0.7119676,0.192,0.0,0.13431531,8.760017,8.790017,940800
hardzero_plus_depr__c0p54__z1p05__lam0p030__nu0p50__psi1p00,hardzero_plus_depr,0.02,34,294,0.0,1,0.50614476,0.50614506,1.0183457,0.09586372,0.09586372,1.0,2.9189613e-07,3.044907e-06,-26.899647,2.2404053,0.7468018,0.15200001,0.0,0.14459091,8.790017,8.820017,944000
hardzero_plus_depr__c0p54__z1p05__lam0p030__nu0p50__psi1p00,hardzero_plus_depr,0.02,34,295,0.0,1,0.50614506,0.50614536,1.0190008,0.095719226,0.095719226,1.0,2.828424e-07,2.9549174e-06,-26.601742,2.2418466,0.7472822,0.17600001,0.0,0.16077147,8.820017,8.850017,947200
hardzero_plus_depr__c0p54__z1p05__lam0p030__nu0p50__psi1p00,hardzero_plus_depr,0.02,34,296,0.0,1,0.50614536,0.50614536,1.0736293,0.0,0.084405504,0.0,0.0,2.867587e-06,-28.115904,2.3620315,0.78734386,0.14400001,0.0,0.17458089,8.850017,8.880016,950400
hardzero_plus_depr__c0p54__z1p05__lam0p030__nu0p50__psi1p00,hardzero_plus_depr,0.02,34,297,0.0,1,0.50614536,0.50614536,1.0567207,0.0,0.08775649,0.0,0.0,2.7828378e-06,-27.829096,2.324832,0.774944,0.14400001,0.0,0.15134487,8.880016,8.910016,953600
hardzero_plus_depr__c0p54__z1p05__lam0p030__nu0p50__psi1p00,hardzero_plus_depr,0.02,34,298,0.0,1,0.50614536,0.50614536,1.0948691,0.0,0.08037682,0.0,0.0,2.7005933e-06,-28.548359,2.4087603,0.8029201,0.136,0.0,0.12927684,8.910016,8.940016,956800
hardzero_plus_depr__c0p54__z1p05__lam0p030__nu0p50__psi1p00,hardzero_plus_depr,0.02,34,299,0.0,1,0.50614536,0.5061456,1.0446713,0.09022537,0.09022537,1.0,2.3646078e-07,2.6207792e-06,-28.06478,2.2983227,0.76610756,0.11,0.0,0.15800023,8.940016,8.970016,960000
hardzero_plus_depr__c0p54__z1p05__lam0p030__nu0p50__psi1p00,hardzero_plus_depr,0.02,34,300,0.0,1,0.5061456,0.5061456,1.0919862,0.0,0.08091216,0.0,0.0,2.5433244e-06,-28.208147,2.4024177,0.8008059,0.14400001,0.0,0.15883532,8.970016,9.000015,963200
hardzero_plus_depr__c0p54__z1p05__lam0p030__nu0p50__psi1p00,hardzero_plus_depr,0.02,34,301,0.0,1,0.5061456,0.50614583,1.0126996,0.097118154,0.097118154,1.0,2.3970296e-07,2.468158e-06,-26.835773,2.2279837,0.74266124,0.136,0.0,0.14561921,9.000015,9.030015,966400
hardzero_plus_depr__c0p54__z1p05__lam0p030__nu0p50__psi1p00,hardzero_plus_depr,0.02,34,302,0.0,1,0.50614583,0.50614613,0.937647,0.11543911,0.11543911,1.0,2.7650137e-07,2.3952139e-06,-26.252829,2.0628645,0.68762153,0.28,0.0,0.13047318,9.030015,9.060015,969600
hardzero_plus_depr__c0p54__z1p05__lam0p030__nu0p50__psi1p00,hardzero_plus_depr,0.02,34,303,0.0,1,0.50614613,0.50614613,1.0697845,0.0,0.08515604,0.0,0.0,2.3244252e-06,-28.2839,2.3535728,0.7845243,0.136,0.0,0.14933538,9.060015,9.090014,972800
hardzero_plus_depr__c0p54__z1p05__lam0p030__nu0p50__psi1p00,hardzero_plus_depr,0.02,34,304,0.0,1,0.50614613,0.5061463,1.036298,0.09198181,0.09198181,1.0,2.0748602e-07,2.2557288e-06,-27.49929,2.2799013,0.7599671,0.2,0.0,0.15605637,9.090014,9.120014,976000
hardzero_plus_depr__c0p54__z1p05__lam0p030__nu0p50__psi1p00,hardzero_plus_depr,0.02,34,305,0.0,1,0.5061463,0.5061465,1.0247726,0.09445552,0.09445552,1.0,2.0676904e-07,2.1890626e-06,-26.879797,2.2545447,0.7515149,0.208,0.0,0.18197908,9.120014,9.150014,979200
hardzero_plus_depr__c0p54__z1p05__lam0p030__nu0p50__psi1p00,hardzero_plus_depr,0.02,34,306,0.0,1,0.5061465,0.50614667,1.0126379,0.09713196,0.09713196,1.0,2.0634387e-07,2.1243663e-06,-27.698263,2.2278478,0.74261594,0.15200001,0.0,0.14754125,9.150014,9.180014,982400
hardzero_plus_depr__c0p54__z1p05__lam0p030__nu0p50__psi1p00,hardzero_plus_depr,0.02,34,307,0.0,1,0.50614667,0.50614685,1.0040467,0.09907254,0.09907254,1.0,2.0424619e-07,2.0615823e-06,-27.48205,2.2089467,0.7363156,0.14400001,0.0,0.13926892,9.180014,9.210013,985600
hardzero_plus_depr__c0p54__z1p05__lam0p030__nu0p50__psi1p00,hardzero_plus_depr,0.02,34,308,0.0,1,0.50614685,0.5061471,0.93730986,0.11552876,0.11552876,1.0,2.311331e-07,2.0006541e-06,-25.977839,2.0621228,0.6873743,0.256,0.0,0.15242241,9.210013,9.240013,988800
hardzero_plus_depr__c0p54__z1p05__lam0p030__nu0p50__psi1p00,hardzero_plus_depr,0.02,34,309,0.0,1,0.5061471,0.50614727,1.0375787,0.09171098,0.09171098,1.0,1.7805928e-07,1.9415263e-06,-27.588057,2.2827187,0.7609062,0.17600001,0.0,0.15761481,9.240013,9.270013,992000
hardzero_plus_depr__c0p54__z1p05__lam0p030__nu0p50__psi1p00,hardzero_plus_depr,0.02,34,310,0.0,1,0.50614727,0.50614744,1.026256,0.094133474,0.094133474,1.0,1.773612e-07,1.884146e-06,-27.488194,2.2578082,0.75260276,0.104,0.0,0.14561023,9.270013,9.300013,995200
hardzero_plus_depr__c0p54__z1p05__lam0p030__nu0p50__psi1p00,hardzero_plus_depr,0.02,34,311,0.0,1,0.50614744,0.5061476,1.0448095,0.09019668,0.09019668,1.0,1.6492115e-07,1.8284614e-06,-27.874622,2.2986267,0.7662089,0.112,0.0,0.1709274,9.300013,9.330012,998400
hardzero_plus_depr__c0p54__z1p05__lam0p030__nu0p50__psi1p00,hardzero_plus_depr,0.02,34,312,0.0,1,0.5061476,0.5061478,1.0336931,0.09253519,0.09253519,1.0,1.6419655e-07,1.7744228e-06,-27.778975,2.2741702,0.75805676,0.07,0.0,0.15751594,9.330012,9.360012,1001600
hardzero_plus_depr__c0p54__z1p05__lam0p030__nu0p50__psi1p00,hardzero_plus_depr,0.02,34,313,0.0,1,0.5061478,0.5061478,1.0530621,0.0,0.088498905,0.0,0.0,1.7219812e-06,-28.012106,2.3167827,0.7722609,0.216,0.0,0.15455887,9.360012,9.390012,1004800
hardzero_plus_depr__c0p54__z1p05__lam0p030__nu0p50__psi1p00,hardzero_plus_depr,0.02,34,314,0.0,1,0.5061478,0.506148,1.0386553,0.0914839,0.0914839,1.0,1.5287777e-07,1.6710894e-06,-27.415594,2.2850873,0.7616958,0.16000001,0.0,0.18480991,9.390012,9.4200115,1008000
hardzero_plus_depr__c0p54__z1p05__lam0p030__nu0p50__psi1p00,hardzero_plus_depr,0.02,34,315,0.0,1,0.506148,0.50614816,1.0056826,0.09870006,0.09870006,1.0,1.6006204e-07,1.6217016e-06,-26.719643,2.2125459,0.73751533,0.14400001,0.0,0.12403893,9.4200115,9.450011,1011200
hardzero_plus_depr__c0p54__z1p05__lam0p030__nu0p50__psi1p00,hardzero_plus_depr,0.02,34,316,0.0,1,0.50614816,0.50614834,1.008141,0.098142914,0.098142914,1.0,1.5445472e-07,1.5737736e-06,-27.278946,2.2179546,0.73931825,0.14400001,0.0,0.14881705,9.450011,9.480011,1014400
hardzero_plus_depr__c0p54__z1p05__lam0p030__nu0p50__psi1p00,hardzero_plus_depr,0.02,34,317,0.0,1,0.50614834,0.50614834,1.0508878,0.0,0.088943094,0.0,0.0,1.527262e-06,-27.818676,2.3119993,0.7706665,0.128,0.0,0.13981956,9.480011,9.510011,1017600
hardzero_plus_depr__c0p54__z1p05__lam0p030__nu0p50__psi1p00,hardzero_plus_depr,0.02,34,318,0.0,1,0.50614834,0.5061485,0.99560136,0.10101797,0.10101797,1.0,1.4972125e-07,1.482125e-06,-26.782196,2.1903667,0.73012227,0.17600001,0.0,0.13169767,9.510011,9.54001,1020800
hardzero_plus_depr__c0p54__z1p05__lam0p030__nu0p50__psi1p00,hardzero_plus_depr,0.02,34,319,0.0,1,0.5061485,0.5061485,1.0516503,0.0,0.08878707,0.0,0.0,1.4383219e-06,-27.934464,2.3136768,0.77122563,0.192,0.0,0.16800071,9.54001,9.57001,1024000
hardzero_plus_depr__c0p54__z1p05__lam0p030__nu0p50__psi1p00,hardzero_plus_depr,0.02,34,320,0.0,1,0.5061485,0.50614864,0.99367464,0.10146713,0.10146713,1.0,1.4162919e-07,1.3958135e-06,-26.756077,2.186128,0.72870934,0.23200001,0.0,0.12652934,9.57001,9.60001,1027200
hardzero_plus_depr__c0p54__z1p05__lam0p030__nu0p50__psi1p00,hardzero_plus_depr,0.02,34,321,0.0,1,0.50614864,0.50614876,1.042955,0.090582624,0.090582624,1.0,1.226997e-07,1.3545612e-06,-27.060818,2.2945468,0.76484895,0.120000005,0.0,0.12477101,9.60001,9.63001,1030400
hardzero_plus_depr__c0p54__z1p05__lam0p030__nu0p50__psi1p00,hardzero_plus_depr,0.02,34,322,0.0,1,0.50614876,0.50614876,1.0543334,0.0,0.08824022,0.0,0.0,1.3145283e-06,-28.172369,2.3195798,0.7731933,0.14400001,0.0,0.15442374,9.63001,9.660009,1033600
hardzero_plus_depr__c0p54__z1p05__lam0p030__nu0p50__psi1p00,hardzero_plus_depr,0.02,34,323,0.0,1,0.50614876,0.5061489,1.0456995,0.090012014,0.090012014,1.0,1.1482639e-07,1.2756785e-06,-27.502485,2.3005848,0.7668616,0.15200001,0.0,0.14659151,9.660009,9.690009,1036800
hardzero_plus_depr__c0p54__z1p05__lam0p030__nu0p50__psi1p00,hardzero_plus_depr,0.02,34,324,0.0,1,0.5061489,0.506149,0.9772045,0.10538904,0.10538904,1.0,1.3046919e-07,1.2379768e-06,-25.788713,2.1498928,0.71663094,0.18400002,0.0,0.13000014,9.690009,9.720009,1040000
hardzero_plus_depr__c0p54__z1p05__lam0p030__nu0p50__psi1p00,hardzero_plus_depr,0.02,34,325,0.0,1,0.506149,0.506149,1.1299769,0.0,0.074134976,0.0,0.0,1.2013894e-06,-28.359016,2.4859989,0.8286663,0.099999994,0.0,0.18633404,9.720009,9.750009,1043200
hardzero_plus_depr__c0p54__z1p05__lam0p030__nu0p50__psi1p00,hardzero_plus_depr,0.02,34,326,0.0,1,0.506149,0.5061491,1.0238011,0.094667055,0.094667055,1.0,1.1037074e-07,1.1658833e-06,-26.641953,2.2524073,0.75080246,0.17600001,0.0,0.16074814,9.750009,9.780008,1046400
hardzero_plus_depr__c0p54__z1p05__lam0p030__nu0p50__psi1p00,hardzero_plus_depr,0.02,34,327,0.0,1,0.5061491,0.5061491,1.0519648,0.0,0.0887228,0.0,0.0,1.1314265e-06,-26.611525,2.3143687,0.77145624,0.112,0.0,0.13961495,9.780008,9.810008,1049600
hardzero_plus_depr__c0p54__z1p05__lam0p030__nu0p50__psi1p00,hardzero_plus_depr,0.02,34,328,0.0,1,0.5061491,0.50614923,1.0263032,0.09412324,0.09412324,1.0,1.0334619e-07,1.097988e-06,-27.36381,2.2579122,0.7526374,0.15200001,0.0,0.1414696,9.810008,9.840008,1052800
hardzero_plus_depr__c0p54__z1p05__lam0p030__nu0p50__psi1p00,hardzero_plus_depr,0.02,34,329,0.0,1,0.50614923,0.50614923,1.1377119,0.0,0.072826274,0.0,0.0,1.065538e-06,-28.99234,2.5030162,0.8343388,0.096,0.0,0.18531659,9.840008,9.8700075,1056000
hardzero_plus_depr__c0p54__z1p05__lam0p030__nu0p50__psi1p00,hardzero_plus_depr,0.02,34,330,0.0,1,0.50614923,0.50614935,1.0223122,0.094992176,0.094992176,1.0,9.822636e-08,1.0340468e-06,-27.06435,2.2491317,0.74971056,0.136,0.0,0.14678518,9.8700075,9.900007,1059200
hardzero_plus_depr__c0p54__z1p05__lam0p030__nu0p50__psi1p00,hardzero_plus_depr,0.02,34,331,0.0,1,0.50614935,0.5061495,1.0178423,0.095974915,0.095974915,1.0,9.630951e-08,1.0034863e-06,-26.940008,2.2392979,0.74643266,0.16000001,0.0,0.13449658,9.900007,9.930007,1062400
hardzero_plus_depr__c0p54__z1p05__lam0p030__nu0p50__psi1p00,hardzero_plus_depr,0.02,34,332,0.0,1,0.5061495,0.5061496,0.99739015,0.10060274,0.10060274,1.0,9.796988e-08,9.738292e-07,-27.134846,2.194302,0.73143405,0.15200001,0.0,0.13067894,9.930007,9.960007,1065600
hardzero_plus_depr__c0p54__z1p05__lam0p030__nu0p50__psi1p00,hardzero_plus_depr,0.02,34,333,0.0,1,0.5061496,0.50614965,1.0335845,0.09255833,0.09255833,1.0,8.74721e-08,9.450484e-07,-27.336489,2.2739313,0.7579771,0.128,0.0,0.14298803,9.960007,9.990006,1068800
hardzero_plus_depr__c0p54__z1p05__lam0p030__nu0p50__psi1p00,hardzero_plus_depr,0.02,34,334,0.0,1,0.50614965,0.5061497,1.0120778,0.0972573,0.0972573,1.0,8.919644e-08,9.171182e-07,-27.896322,2.2266157,0.74220526,0.15200001,0.0,0.13058227,9.990006,10.020006,1072000
hardzero_plus_depr__c0p54__z1p05__lam0p030__nu0p50__psi1p00,hardzero_plus_depr,0.02,34,335,0.0,1,0.5061497,0.50614977,1.0481006,0.089515746,0.089515746,1.0,7.9670215e-08,8.9001344e-07,-27.250885,2.3058674,0.7686225,0.2,0.0,0.1594073,10.020006,10.050006,1075200
hardzero_plus_depr__c0p54__z1p05__lam0p030__nu0p50__psi1p00,hardzero_plus_depr,0.02,34,336,0.0,1,0.50614977,0.5061498,1.002444,0.09943882,0.09943882,1.0,8.588629e-08,8.6370994e-07,-27.08999,2.205421,0.7351403,0.17600001,0.0,0.14592552,10.050006,10.080006,1078400
hardzero_plus_depr__c0p54__z1p05__lam0p030__nu0p50__psi1p00,hardzero_plus_depr,0.02,34,337,0.0,1,0.5061498,0.5061499,1.012971,0.09705747,0.09705747,1.0,8.135198e-08,8.3818355e-07,-26.483438,2.2285807,0.74286026,0.16000001,0.0,0.15850517,10.080006,10.110005,1081600
hardzero_plus_depr__c0p54__z1p05__lam0p030__nu0p50__psi1p00,hardzero_plus_depr,0.02,34,338,0.0,1,0.5061499,0.5061499,1.0529585,0.0,0.08852003,0.0,0.0,8.1341176e-07,-26.995907,2.316555,0.772185,0.13,0.0,0.13880095,10.110005,10.140005,1084800
hardzero_plus_depr__c0p54__z1p05__lam0p030__nu0p50__psi1p00,hardzero_plus_depr,0.02,34,339,0.0,1,0.5061499,0.50614995,0.9791868,0.104909115,0.104909115,1.0,8.281232e-08,7.8937205e-07,-25.784567,2.154254,0.7180847,0.192,0.008,0.15315029,10.140005,10.170005,1088000
hardzero_plus_depr__c0p54__z1p05__lam0p030__nu0p50__psi1p00,hardzero_plus_depr,0.02,34,340,0.0,1,0.50614995,0.50615,1.0192642,0.095661186,0.095661186,1.0,7.328056e-08,7.660428e-07,-27.02349,2.2424262,0.7474754,0.120000005,0.0,0.14944933,10.170005,10.200005,1091200
hardzero_plus_depr__c0p54__z1p05__lam0p030__nu0p50__psi1p00,hardzero_plus_depr,0.02,34,341,0.0,1,0.50615,0.50615,1.0949876,0.0,0.0803549,0.0,0.0,7.43403e-07,-28.519081,2.409021,0.803007,0.136,0.0,0.18922453,10.200005,10.230004,1094400
hardzero_plus_depr__c0p54__z1p05__lam0p030__nu0p50__psi1p00,hardzero_plus_depr,0.02,34,342,0.0,1,0.50615,0.50615007,1.0388883,0.091434814,0.091434814,1.0,6.5964024e-08,7.214323e-07,-27.508627,2.2856,0.7618667,0.112,0.0,0.15795504,10.230004,10.260004,1097600
hardzero_plus_depr__c0p54__z1p05__lam0p030__nu0p50__psi1p00,hardzero_plus_depr,0.02,34,343,0.0,1,0.50615007,0.5061501,1.0029776,0.099316716,0.099316716,1.0,6.953272e-08,7.001109e-07,-26.326555,2.2065947,0.73553157,0.192,0.0,0.13123807,10.260004,10.290004,1100800
hardzero_plus_depr__c0p54__z1p05__lam0p030__nu0p50__psi1p00,hardzero_plus_depr,0.02,34,344,0.0,1,0.5061501,0.5061501,1.0587978,0.0,0.087337784,0.0,0.0,6.7941966e-07,-28.208235,2.3294017,0.77646726,0.120000005,0.0,0.18637465,10.290004,10.3200035,1104000
hardzero_plus_depr__c0p54__z1p05__lam0p030__nu0p50__psi1p00,hardzero_plus_depr,0.02,34,345,0.0,1,0.5061501,0.5061501,1.0537528,0.0,0.088358276,0.0,0.0,6.5934e-07,-28.117525,2.3183024,0.7727675,0.14400001,0.0,0.15105574,10.3200035,10.350003,1107200
hardzero_plus_depr__c0p54__z1p05__lam0p030__nu0p50__psi1p00,hardzero_plus_depr,0.02,34,346,0.0,1,0.5061501,0.5061502,1.011723,0.097336784,0.097336784,1.0,6.22813e-08,6.3985374e-07,-27.223364,2.225835,0.741945,0.136,0.0,0.1619287,10.350003,10.380003,1110400
hardzero_plus_depr__c0p54__z1p05__lam0p030__nu0p50__psi1p00,hardzero_plus_depr,0.02,34,347,0.0,1,0.5061502,0.50615025,1.0312581,0.09305546,0.09305546,1.0,5.7782167e-08,6.2094335e-07,-26.466688,2.2688131,0.75627106,0.120000005,0.0,0.15446883,10.380003,10.410003,1113600
hardzero_plus_depr__c0p54__z1p05__lam0p030__nu0p50__psi1p00,hardzero_plus_depr,0.02,34,348,0.0,1,0.50615025,0.5061503,1.002497,0.099426694,0.099426694,1.0,5.991372e-08,6.0259185e-07,-27.309685,2.2055373,0.7351791,0.16000001,0.0,0.13961206,10.410003,10.440002,1116800
hardzero_plus_depr__c0p54__z1p05__lam0p030__nu0p50__psi1p00,hardzero_plus_depr,0.02,34,349,0.0,1,0.5061503,0.50615036,0.9924931,0.10174356,0.10174356,1.0,5.949787e-08,5.847827e-07,-27.519978,2.1835284,0.7278428,0.16800001,0.0,0.16831553,10.440002,10.470002,1120000
hardzero_plus_depr__c0p54__z1p05__lam0p030__nu0p50__psi1p00,hardzero_plus_depr,0.02,34,350,0.0,1,0.50615036,0.5061504,1.0067031,0.09846839,0.09846839,1.0,5.588081e-08,5.6749997e-07,-27.193304,2.214791,0.7382637,0.14400001,0.0,0.14286771,10.470002,10.500002,1123200
hardzero_plus_depr__c0p54__z1p05__lam0p030__nu0p50__psi1p00,hardzero_plus_depr,0.02,34,351,0.0,1,0.5061504,0.5061504,1.0652995,0.0,0.08604001,0.0,0.0,5.50728e-07,-28.069126,2.3437057,0.7812352,0.13,0.0,0.20827834,10.500002,10.530002,1126400
hardzero_plus_depr__c0p54__z1p05__lam0p030__nu0p50__psi1p00,hardzero_plus_depr,0.02,34,352,0.0,1,0.5061504,0.5061505,1.0085062,0.098060444,0.098060444,1.0,5.2408566e-08,5.3445166e-07,-26.607698,2.2187579,0.739586,0.2,0.008,0.1371772,10.530002,10.560001,1129600
hardzero_plus_depr__c0p54__z1p05__lam0p030__nu0p50__psi1p00,hardzero_plus_depr,0.02,34,353,0.0,1,0.5061505,0.50615054,1.0257019,0.09425364,0.09425364,1.0,4.8885248e-08,5.1865635e-07,-27.206196,2.2565892,0.75219643,0.14400001,0.0,0.12630266,10.560001,10.590001,1132800
hardzero_plus_depr__c0p54__z1p05__lam0p030__nu0p50__psi1p00,hardzero_plus_depr,0.02,34,354,0.0,1,0.50615054,0.5061506,0.9779203,0.10521549,0.10521549,1.0,5.2957887e-08,5.0332784e-07,-26.78359,2.1514676,0.7171559,0.16000001,0.0,0.15709478,10.590001,10.620001,1136000
hardzero_plus_depr__c0p54__z1p05__lam0p030__nu0p50__psi1p00,hardzero_plus_depr,0.02,34,355,0.0,1,0.5061506,0.50615066,1.045028,0.090151295,0.090151295,1.0,4.4034614e-08,4.884524e-07,-27.512133,2.2991076,0.7663692,0.192,0.0,0.1617867,10.620001,10.650001,1139200
hardzero_plus_depr__c0p54__z1p05__lam0p030__nu0p50__psi1p00,hardzero_plus_depr,0.02,34,356,0.0,1,0.50615066,0.50615066,1.0702505,0.0,0.085064724,0.0,0.0,4.7401656e-07,-27.673862,2.354598,0.78486603,0.136,0.0,0.14935781,10.650001,10.68,1142400
hardzero_plus_depr__c0p54__z1p05__lam0p030__nu0p50__psi1p00,hardzero_plus_depr,0.02,34,357,0.0,1,0.50615066,0.5061507,1.0155694,0.09647849,0.09647849,1.0,4.438082e-08,4.6000739e-07,-27.488838,2.2342975,0.7447659,0.16000001,0.0,0.13513897,10.68,10.71,1145600
hardzero_plus_depr__c0p54__z1p05__lam0p030__nu0p50__psi1p00,hardzero_plus_depr,0.02,34,358,0.0,1,0.5061507,0.5061508,1.0258085,0.09423052,0.09423052,1.0,4.2065654e-08,4.4641223e-07,-26.853039,2.2568238,0.75227463,0.08800001,0.0,0.15297318,10.71,10.74,1148800
hardzero_plus_depr__c0p54__z1p05__lam0p030__nu0p50__psi1p00,hardzero_plus_depr,0.02,34,359,0.0,1,0.5061508,0.50615084,1.0004728,0.09989119,0.09989119,1.0,4.327475e-08,4.3321887e-07,-26.783886,2.2010841,0.73369473,0.18400002,0.0,0.15202919,10.74,10.7699995,1152000
hardzero_plus_depr__c0p54__z1p05__lam0p030__nu0p50__psi1p00,hardzero_plus_depr,0.02,34,360,0.0,1,0.50615084,0.5061509,1.0085564,0.0980491,0.0980491,1.0,4.122135e-08,4.2041543e-07,-26.841436,2.2188683,0.7396228,0.096,0.0,0.12960213,10.7699995,10.799999,1155200
hardzero_plus_depr__c0p54__z1p05__lam0p030__nu0p50__psi1p00,hardzero_plus_depr,0.02,34,361,0.0,1,0.5061509,0.5061509,1.0594171,0.0,0.08721333,0.0,0.0,4.0799037e-07,-28.329674,2.3307643,0.77692145,0.120000005,0.0,0.1787661,10.799999,10.829999,1158400
hardzero_plus_depr__c0p54__z1p05__lam0p030__nu0p50__psi1p00,hardzero_plus_depr,0.02,34,362,0.0,1,0.5061509,0.50615096,1.0174705,0.09605712,0.09605712,1.0,3.8032137e-08,3.9593255e-07,-26.667105,2.2384799,0.74616,0.2,0.0,0.17654014,10.829999,10.859999,1161600
hardzero_plus_depr__c0p54__z1p05__lam0p030__nu0p50__psi1p00,hardzero_plus_depr,0.02,34,363,0.0,1,0.50615096,0.506151,1.0410548,0.09097984,0.09097984,1.0,3.4957278e-08,3.8423104e-07,-27.650242,2.2903664,0.7634555,0.18400002,0.0,0.14961581,10.859999,10.889998,1164800
hardzero_plus_depr__c0p54__z1p05__lam0p030__nu0p50__psi1p00,hardzero_plus_depr,0.02,34,364,0.0,1,0.506151,0.5061511,1.044101,0.09034394,0.09034394,1.0,3.3687034e-08,3.7287543e-07,-27.865591,2.297068,0.7656894,0.17,0.0,0.13892493,10.889998,10.919998,1168000
hardzero_plus_depr__c0p54__z1p05__lam0p030__nu0p50__psi1p00,hardzero_plus_depr,0.02,34,365,0.0,1,0.5061511,0.50615114,1.0469466,0.089753896,0.089753896,1.0,3.2477928e-08,3.6185537e-07,-26.550356,2.3033285,0.7677762,0.136,0.0,0.1486419,10.919998,10.949998,1171200
hardzero_plus_depr__c0p54__z1p05__lam0p030__nu0p50__psi1p00,hardzero_plus_depr,0.02,34,366,0.0,1,0.50615114,0.50615114,1.0765519,0.0,0.08383938,0.0,0.0,3.5116102e-07,-28.492023,2.3684616,0.78948724,0.120000005,0.0,0.15103677,10.949998,10.979998,1174400
hardzero_plus_depr__c0p54__z1p05__lam0p030__nu0p50__psi1p00,hardzero_plus_depr,0.02,34,367,0.0,1,0.50615114,0.5061512,1.0392971,0.09134882,0.09134882,1.0,3.11301e-08,3.4078272e-07,-26.745562,2.2864993,0.76216644,0.15200001,0.0,0.15690975,10.979998,11.009997,1177600
hardzero_plus_depr__c0p54__z1p05__lam0p030__nu0p50__psi1p00,hardzero_plus_depr,0.02,34,368,0.0,1,0.5061512,0.50615126,1.0221806,0.095020965,0.095020965,1.0,3.14245e-08,3.3071123e-07,-27.32144,2.2488422,0.7496141,0.136,0.0,0.16810133,11.009997,11.039997,1180800
hardzero_plus_depr__c0p54__z1p05__lam0p030__nu0p50__psi1p00,hardzero_plus_depr,0.02,34,369,0.0,1,0.50615126,0.5061513,1.0117595,0.09732861,0.09732861,1.0,3.123638e-08,3.209373e-07,-26.342213,2.2259154,0.74197185,0.192,0.0,0.15202682,11.039997,11.069997,1184000
hardzero_plus_depr__c0p54__z1p05__lam0p030__nu0p50__psi1p00,hardzero_plus_depr,0.02,34,370,0.0,1,0.5061513,0.5061514,0.9800762,0.104694486,0.104694486,1.0,3.2607332e-08,3.1145223e-07,-26.319809,2.1562107,0.7187369,0.17600001,0.0,0.12935688,11.069997,11.099997,1187200
hardzero_plus_depr__c0p54__z1p05__lam0p030__nu0p50__psi1p00,hardzero_plus_depr,0.02,34,371,0.0,1,0.5061514,0.50615144,0.9816746,0.104309864,0.104309864,1.0,3.1527396e-08,3.022475e-07,-26.57576,2.1597273,0.71990913,0.208,0.0,0.1728922,11.099997,11.129996,1190400
hardzero_plus_depr__c0p54__z1p05__lam0p030__nu0p50__psi1p00,hardzero_plus_depr,0.02,34,372,0.0,1,0.50615144,0.50615144,1.0347036,0.09232011,0.09232011,1.0,2.7078856e-08,2.9331483e-07,-26.673477,2.2763934,0.7587978,0.17600001,0.0,0.15242274,11.129996,11.159996,1193600
hardzero_plus_depr__c0p54__z1p05__lam0p030__nu0p50__psi1p00,hardzero_plus_depr,0.02,34,373,0.0,1,0.50615144,0.50615144,1.0748068,0.0,0.08417694,0.0,0.0,2.8464612e-07,-28.50491,2.364622,0.7882074,0.104,0.0,0.14892799,11.159996,11.189996,1196800
hardzero_plus_depr__c0p54__z1p05__lam0p030__nu0p50__psi1p00,hardzero_plus_depr,0.02,34,374,0.0,1,0.50615144,0.50615144,1.0686408,0.0,0.0853806,0.0,0.0,2.7623364e-07,-28.673298,2.3510568,0.7836856,0.16000001,0.0,0.16429472,11.189996,11.2199955,1200000
hardzero_plus_depr__c0p54__z1p05__lam0p030__nu0p50__psi1p00,hardzero_plus_depr,0.02,34,375,0.0,1,0.50615144,0.50615144,1.0116925,0.09734362,0.09734362,1.0,2.6094884e-08,2.6806978e-07,-26.766146,2.225768,0.74192274,0.15200001,0.0,0.13954118,11.2199955,11.249995,1203200
hardzero_plus_depr__c0p54__z1p05__lam0p030__nu0p50__psi1p00,hardzero_plus_depr,0.02,34,376,0.0,1,0.50615144,0.50615144,0.99068636,0.10216771,0.10216771,1.0,2.6578642e-08,2.6014717e-07,-27.237108,2.1795535,0.72651786,0.17600001,0.0,0.16498105,11.249995,11.279995,1206400
hardzero_plus_depr__c0p54__z1p05__lam0p030__nu0p50__psi1p00,hardzero_plus_depr,0.02,34,377,0.0,1,0.50615144,0.50615144,1.0764108,0.0,0.083866626,0.0,0.0,2.5245876e-07,-28.152287,2.368151,0.78938365,0.17999999,0.0,0.1369526,11.279995,11.309995,1209600
hardzero_plus_depr__c0p54__z1p05__lam0p030__nu0p50__psi1p00,hardzero_plus_depr,0.02,34,378,0.0,1,0.50615144,0.50615144,1.0017565,0.09959636,0.09959636,1.0,2.4400862e-08,2.4499752e-07,-26.925678,2.2039084,0.7346362,0.14400001,0.0,0.12668338,11.309995,11.339994,1212800
hardzero_plus_depr__c0p54__z1p05__lam0p030__nu0p50__psi1p00,hardzero_plus_depr,0.02,34,379,0.0,1,0.50615144,0.50615144,1.0303273,0.093255125,0.093255125,1.0,2.2172042e-08,2.3775682e-07,-27.26365,2.2667654,0.7555885,0.14400001,0.0,0.14088288,11.339994,11.369994,1216000
hardzero_plus_depr__c0p54__z1p05__lam0p030__nu0p50__psi1p00,hardzero_plus_depr,0.02,34,380,0.0,1,0.50615144,0.50615144,1.0607743,0.0,0.0869412,0.0,0.0,2.307301e-07,-27.749401,2.33375,0.77791667,0.18400002,0.0,0.19284862,11.369994,11.399994,1219200
hardzero_plus_depr__c0p54__z1p05__lam0p030__nu0p50__psi1p00,hardzero_plus_depr,0.02,34,381,0.0,1,0.50615144,0.50615144,1.0816609,0.0,0.08285888,0.0,0.0,2.2391106e-07,-27.731087,2.3797014,0.7932338,0.120000005,0.0,0.1694456,11.399994,11.429994,1222400
hardzero_plus_depr__c0p54__z1p05__lam0p030__nu0p50__psi1p00,hardzero_plus_depr,0.02,34,382,0.0,1,0.50615144,0.50615144,1.0171307,0.096132286,0.096132286,1.0,2.0888926e-08,2.1729356e-07,-26.855574,2.2377324,0.7459108,0.16800001,0.0,0.13818397,11.429994,11.459993,1225600
hardzero_plus_depr__c0p54__z1p05__lam0p030__nu0p50__psi1p00,hardzero_plus_depr,0.02,34,383,0.0,1,0.50615144,0.50615144,0.9912968,0.10202418,0.10202418,1.0,2.1514005e-08,2.1087162e-07,-26.659546,2.1808965,0.72696555,0.192,0.0,0.20565863,11.459993,11.489993,1228800
hardzero_plus_depr__c0p54__z1p05__lam0p030__nu0p50__psi1p00,hardzero_plus_depr,0.02,34,384,0.0,1,0.50615144,0.50615144,0.99351895,0.1015035,0.1015035,1.0,2.077162e-08,2.0463946e-07,-26.407799,2.1857853,0.72859514,0.08800001,0.0,0.13800298,11.489993,11.519993,1232000
hardzero_plus_depr__c0p54__z1p05__lam0p030__nu0p50__psi1p00,hardzero_plus_depr,0.02,34,385,0.0,1,0.50615144,0.50615144,1.0092041,0.09790296,0.09790296,1.0,1.9442696e-08,1.9859151e-07,-27.090076,2.2202935,0.7400979,0.16800001,0.0,0.16172913,11.519993,11.549993,1235200
hardzero_plus_depr__c0p54__z1p05__lam0p030__nu0p50__psi1p00,hardzero_plus_depr,0.02,34,386,0.0,1,0.50615144,0.50615144,1.0135517,0.096927784,0.096927784,1.0,1.8680144e-08,1.9272228e-07,-26.830256,2.2298584,0.74328613,0.15200001,0.0,0.14483109,11.549993,11.579992,1238400
hardzero_plus_depr__c0p54__z1p05__lam0p030__nu0p50__psi1p00,hardzero_plus_depr,0.02,34,387,0.0,1,0.50615144,0.50615144,1.0118731,0.09730314,0.09730314,1.0,1.819827e-08,1.8702654e-07,-27.665405,2.2261653,0.7420551,0.15200001,0.0,0.15890028,11.579992,11.609992,1241600
hardzero_plus_depr__c0p54__z1p05__lam0p030__nu0p50__psi1p00,hardzero_plus_depr,0.02,34,388,0.0,1,0.50615144,0.50615144,1.0772731,0.0,0.08370027,0.0,0.0,1.8149912e-07,-28.366028,2.3700483,0.7900161,0.104,0.0,0.17938845,11.609992,11.639992,1244800
hardzero_plus_depr__c0p54__z1p05__lam0p030__nu0p50__psi1p00,hardzero_plus_depr,0.02,34,389,0.0,1,0.50615144,0.50615144,1.0183626,0.095859975,0.095859975,1.0,1.68843e-08,1.7613505e-07,-26.681406,2.2404425,0.7468142,0.128,0.0,0.15378596,11.639992,11.6699915,1248000
hardzero_plus_depr__c0p54__z1p05__lam0p030__nu0p50__psi1p00,hardzero_plus_depr,0.02,34,390,0.0,1,0.50615144,0.50615144,1.0070013,0.09840081,0.09840081,1.0,1.6819603e-08,1.7092952e-07,-26.805422,2.215447,0.73848236,0.13,0.0,0.14808443,11.6699915,11.699991,1251200
hardzero_plus_depr__c0p54__z1p05__lam0p030__nu0p50__psi1p00,hardzero_plus_depr,0.02,34,391,0.0,1,0.50615144,0.50615144,0.9584083,0.11005042,0.11005042,1.0,1.8254925e-08,1.6587784e-07,-25.900703,2.1085403,0.70284677,0.16000001,0.0,0.11525913,11.699991,11.729991,1254400
hardzero_plus_depr__c0p54__z1p05__lam0p030__nu0p50__psi1p00,hardzero_plus_depr,0.02,34,392,0.0,1,0.50615144,0.50615144,1.0754211,0.0,0.08405798,0.0,0.0,1.6097545e-07,-28.682102,2.3659737,0.7886579,0.096,0.0,0.18183391,11.729991,11.759991,1257600
hardzero_plus_depr__c0p54__z1p05__lam0p030__nu0p50__psi1p00,hardzero_plus_depr,0.02,34,393,0.0,1,0.50615144,0.50615144,1.0036707,0.09915835,0.09915835,1.0,1.5490313e-08,1.5621795e-07,-27.290773,2.2081196,0.7360399,0.128,0.0,0.1603918,11.759991,11.78999,1260800
hardzero_plus_depr__c0p54__z1p05__lam0p030__nu0p50__psi1p00,hardzero_plus_depr,0.02,34,394,0.0,1,0.50615144,0.50615144,1.0846765,0.0,0.08228553,0.0,0.0,1.5160104e-07,-27.863777,2.386336,0.7954454,0.128,0.0,0.15600608,11.78999,11.81999,1264000
hardzero_plus_depr__c0p54__z1p05__lam0p030__nu0p50__psi1p00,hardzero_plus_depr,0.02,34,395,0.0,1,0.50615144,0.50615144,0.9839314,0.10376922,0.10376922,1.0,1.526659e-08,1.471206e-07,-27.084066,2.1646924,0.7215642,0.16800001,0.0,0.16972072,11.81999,11.84999,1267200
hardzero_plus_depr__c0p54__z1p05__lam0p030__nu0p50__psi1p00,hardzero_plus_depr,0.02,34,396,0.0,1,0.50615144,0.50615144,1.0250889,0.094386764,0.094386764,1.0,1.347584e-08,1.4277256e-07,-26.619125,2.2552407,0.7517469,0.16800001,0.0,0.13156897,11.84999,11.87999,1270400
hardzero_plus_depr__c0p54__z1p05__lam0p030__nu0p50__psi1p00,hardzero_plus_depr,0.02,34,397,0.0,1,0.50615144,0.50615144,1.0453272,0.090089224,0.090089224,1.0,1.2482135e-08,1.3855303e-07,-27.909275,2.2997658,0.7665886,0.15200001,0.0,0.17049918,11.87999,11.909989,1273600
hardzero_plus_depr__c0p54__z1p05__lam0p030__nu0p50__psi1p00,hardzero_plus_depr,0.02,34,398,0.0,1,0.50615144,0.50615144,1.0229903,0.09484395,0.09484395,1.0,1.2752547e-08,1.344582e-07,-27.452566,2.2506237,0.7502079,0.216,0.0,0.15216596,11.909989,11.939989,1276800
hardzero_plus_depr__c0p54__z1p05__lam0p030__nu0p50__psi1p00,hardzero_plus_depr,0.02,34,399,0.0,1,0.50615144,0.50615144,1.0455136,0.09005054,0.09005054,1.0,1.175019e-08,1.304844e-07,-27.851574,2.300176,0.7667253,0.072000004,0.0,0.13277617,11.939989,11.969989,1280000
hardzero_plus_depr__c0p54__z1p05__lam0p030__nu0p50__psi1p00,hardzero_plus_depr,0.02,34,400,0.0,1,0.50615144,0.50615144,1.023885,0.09464877,0.09464877,1.0,1.1985188e-08,1.2662804e-07,-27.571873,2.252592,0.750864,0.14400001,0.0,0.16180545,11.969989,11.999989,1283200
hardzero_plus_depr__c0p54__z1p05__lam0p030__nu0p50__psi1p00,hardzero_plus_depr,0.02,34,401,0.0,1,0.50615144,0.50615144,1.008234,0.098121904,0.098121904,1.0,1.2057774e-08,1.2288565e-07,-26.767044,2.2181592,0.73938644,0.128,0.0,0.12610416,11.999989,12.029988,1286400
hardzero_plus_depr__c0p54__z1p05__lam0p030__nu0p50__psi1p00,hardzero_plus_depr,0.02,34,402,0.0,1,0.50615144,0.50615144,0.9924148,0.1017619,0.1017619,1.0,1.2135499e-08,1.1925385e-07,-26.61836,2.183356,0.72778535,0.17600001,0.0,0.13699427,12.029988,12.059988,1289600
hardzero_plus_depr__c0p54__z1p05__lam0p030__nu0p50__psi1p00,hardzero_plus_depr,0.02,34,403,0.0,1,0.50615144,0.50615144,1.0128282,0.09708938,0.09708938,1.0,1.1236097e-08,1.15729414e-07,-26.534443,2.2282667,0.7427556,0.14,0.0,0.14911626,12.059988,12.089988,1292800
hardzero_plus_depr__c0p54__z1p05__lam0p030__nu0p50__psi1p00,hardzero_plus_depr,0.02,34,404,0.0,1,0.50615144,0.50615144,1.0135659,0.09692461,0.09692461,1.0,1.0885518e-08,1.12309124e-07,-26.60612,2.2298894,0.7432965,0.23200001,0.0,0.18686979,12.089988,12.1199875,1296000
hardzero_plus_depr__c0p54__z1p05__lam0p030__nu0p50__psi1p00,hardzero_plus_depr,0.02,34,405,0.0,1,0.50615144,0.50615144,1.013421,0.096956946,0.096956946,1.0,1.0567329e-08,1.08989916e-07,-26.533485,2.2295709,0.7431903,0.120000005,0.0,0.14421469,12.1199875,12.149987,1299200
hardzero_plus_depr__c0p54__z1p05__lam0p030__nu0p50__psi1p00,hardzero_plus_depr,0.02,34,406,0.0,1,0.50615144,0.50615144,1.0260681,0.09417419,0.09417419,1.0,9.960692e-09,1.05768805e-07,-26.964045,2.2573948,0.75246495,0.192,0.0,0.1490216,12.149987,12.179987,1302400
hardzero_plus_depr__c0p54__z1p05__lam0p030__nu0p50__psi1p00,hardzero_plus_depr,0.02,34,407,0.0,1,0.50615144,0.50615144,1.0533897,0.0,0.08843216,0.0,0.0,1.02642886e-07,-27.700321,2.3175035,0.7725012,0.120000005,0.0,0.15276429,12.179987,12.209987,1305600
hardzero_plus_depr__c0p54__z1p05__lam0p030__nu0p50__psi1p00,hardzero_plus_depr,0.02,34,408,0.0,1,0.50615144,0.50615144,0.9899072,0.102351174,0.102351174,1.0,1.01951345e-08,9.960936e-08,-25.570988,2.1778393,0.7259464,0.16800001,0.0,0.13069914,12.209987,12.239986,1308800
hardzero_plus_depr__c0p54__z1p05__lam0p030__nu0p50__psi1p00,hardzero_plus_depr,0.02,34,409,0.0,1,0.50615144,0.50615144,1.0478919,0.08955878,0.08955878,1.0,8.657243e-09,9.666549e-08,-27.520544,2.3054082,0.76846945,0.112,0.0,0.15759258,12.239986,12.269986,1312000
hardzero_plus_depr__c0p54__z1p05__lam0p030__nu0p50__psi1p00,hardzero_plus_depr,0.02,34,410,0.0,1,0.50615144,0.50615144,1.0033972,0.0992208,0.0992208,1.0,9.307765e-09,9.380861e-08,-26.844215,2.2075179,0.7358393,0.136,0.0,0.11606682,12.269986,12.299986,1315200
hardzero_plus_depr__c0p54__z1p05__lam0p030__nu0p50__psi1p00,hardzero_plus_depr,0.02,34,411,0.0,1,0.50615144,0.50615144,1.0389568,0.091420434,0.091420434,1.0,8.322567e-09,9.103618e-08,-27.052822,2.2857506,0.7619169,0.112,0.0,0.143152,12.299986,12.329986,1318400
hardzero_plus_depr__c0p54__z1p05__lam0p030__nu0p50__psi1p00,hardzero_plus_depr,0.02,34,412,0.0,1,0.50615144,0.50615144,1.0229201,0.09485928,0.09485928,1.0,8.3804075e-09,8.834568e-08,-27.667824,2.2504692,0.7501564,0.112,0.0,0.14600502,12.329986,12.359985,1321600
hardzero_plus_depr__c0p54__z1p05__lam0p030__nu0p50__psi1p00,hardzero_plus_depr,0.02,34,413,0.0,1,0.50615144,0.50615144,1.0918261,0.0,0.08094198,0.0,0.0,8.573469e-08,-28.300152,2.4020653,0.80068845,0.208,0.0,0.18494195,12.359985,12.389985,1324800
hardzero_plus_depr__c0p54__z1p05__lam0p030__nu0p50__psi1p00,hardzero_plus_depr,0.02,34,414,0.0,1,0.50615144,0.50615144,1.0387868,0.091456205,0.091456205,1.0,7.609236e-09,8.320087e-08,-27.294529,2.2853765,0.7617922,0.096,0.0,0.1552931,12.389985,12.419985,1328000
hardzero_plus_depr__c0p54__z1p05__lam0p030__nu0p50__psi1p00,hardzero_plus_depr,0.02,34,415,0.0,1,0.50615144,0.50615144,1.1093469,0.0,0.07774153,0.0,0.0,8.074193e-08,-28.76171,2.4406118,0.8135373,0.072000004,0.0,0.15458313,12.419985,12.449985,1331200
hardzero_plus_depr__c0p54__z1p05__lam0p030__nu0p50__psi1p00,hardzero_plus_depr,0.02,34,416,0.0,1,0.50615144,0.50615144,1.0143037,0.0967601,0.0967601,1.0,7.5817015e-09,7.835566e-08,-26.764633,2.2315128,0.7438376,0.16,0.0,0.13226213,12.449985,12.479984,1334400
hardzero_plus_depr__c0p54__z1p05__lam0p030__nu0p50__psi1p00,hardzero_plus_depr,0.02,34,417,0.0,1,0.50615144,0.50615144,0.9987533,0.10028747,0.10028747,1.0,7.625851e-09,7.6039925e-08,-26.491735,2.1973011,0.73243374,0.15200001,0.0,0.13277213,12.479984,12.509984,1337600
hardzero_plus_depr__c0p54__z1p05__lam0p030__nu0p50__psi1p00,hardzero_plus_depr,0.02,34,418,0.0,1,0.50615144,0.50615144,1.0220737,0.09504433,0.09504433,1.0,7.0135706e-09,7.379263e-08,-26.791498,2.2486072,0.74953574,0.136,0.0,0.1464311,12.509984,12.539984,1340800
hardzero_plus_depr__c0p54__z1p05__lam0p030__nu0p50__psi1p00,hardzero_plus_depr,0.02,34,419,0.0,1,0.50615144,0.50615144,1.0343225,0.09240117,0.09240117,1.0,6.6170087e-09,7.1611744e-08,-27.951248,2.275555,0.75851834,0.16800001,0.0,0.16403899,12.539984,12.5699835,1344000
hardzero_plus_depr__c0p54__z1p05__lam0p030__nu0p50__psi1p00,hardzero_plus_depr,0.02,34,420,0.0,1,0.50615144,0.50615144,1.0451947,0.090116695,0.090116695,1.0,6.262688e-09,6.9495314e-08,-27.303715,2.2994742,0.7664914,0.18400002,0.0,0.18193404,12.5699835,12.599983,1347200
hardzero_plus_depr__c0p54__z1p05__lam0p030__nu0p50__psi1p00,hardzero_plus_depr,0.02,34,421,0.0,1,0.50615144,0.50615144,1.0250717,0.094390504,0.094390504,1.0,6.365831e-09,6.7441434e-08,-27.07356,2.2552028,0.75173426,0.136,0.0,0.17376058,12.599983,12.629983,1350400
hardzero_plus_depr__c0p54__z1p05__lam0p030__nu0p50__psi1p00,hardzero_plus_depr,0.02,34,422,0.0,1,0.50615144,0.50615144,1.107275,0.0,0.0781133,0.0,0.0,6.5448255e-08,-28.546095,2.4360538,0.8120179,0.096,0.0,0.16612633,12.629983,12.659983,1353600
hardzero_plus_depr__c0p54__z1p05__lam0p030__nu0p50__psi1p00,hardzero_plus_depr,0.02,34,423,0.0,1,0.50615144,0.50615144,1.0369395,0.09184606,0.09184606,1.0,5.8335092e-09,6.351399e-08,-27.375046,2.2813125,0.7604375,0.18400002,0.0,0.14579,12.659983,12.689982,1356800
hardzero_plus_depr__c0p54__z1p05__lam0p030__nu0p50__psi1p00,hardzero_plus_depr,0.02,34,424,0.0,1,0.50615144,0.50615144,0.98923117,0.10251062,0.10251062,1.0,6.318435e-09,6.163688e-08,-26.677654,2.176352,0.7254507,0.16800001,0.0,0.15832613,12.689982,12.719982,1360000
hardzero_plus_depr__c0p54__z1p05__lam0p030__nu0p50__psi1p00,hardzero_plus_depr,0.02,34,425,0.0,1,0.50615144,0.50615144,1.0858891,0.0,0.0820561,0.0,0.0,5.981525e-08,-28.380735,2.3890038,0.7963346,0.136,0.0,0.15446496,12.719982,12.749982,1363200
hardzero_plus_depr__c0p54__z1p05__lam0p030__nu0p50__psi1p00,hardzero_plus_depr,0.02,34,426,0.0,1,0.50615144,0.50615144,0.99123937,0.10203769,0.10203769,1.0,5.923029e-09,5.8047462e-08,-26.97576,2.1807702,0.7269234,0.16000001,0.0,0.1282468,12.749982,12.779982,1366400
hardzero_plus_depr__c0p54__z1p05__lam0p030__nu0p50__psi1p00,hardzero_plus_depr,0.02,34,427,0.0,1,0.50615144,0.50615144,1.0239646,0.09463142,0.09463142,1.0,5.3307687e-09,5.6331913e-08,-27.661623,2.2527673,0.75092244,0.216,0.0,0.16776818,12.779982,12.809981,1369600
hardzero_plus_depr__c0p54__z1p05__lam0p030__nu0p50__psi1p00,hardzero_plus_depr,0.02,34,428,0.0,1,0.50615144,0.50615144,1.0915785,0.0,0.08098816,0.0,0.0,5.466707e-08,-28.009464,2.4015205,0.80050683,0.14400001,0.0,0.16844714,12.809981,12.839981,1372800
hardzero_plus_depr__c0p54__z1p05__lam0p030__nu0p50__psi1p00,hardzero_plus_depr,0.02,34,429,0.0,1,0.50615144,0.50615144,1.0367162,0.09189328,0.09189328,1.0,4.8750697e-09,5.3051426e-08,-26.996723,2.2808213,0.7602738,0.14999999,0.0,0.15555753,12.839981,12.869981,1376000
hardzero_plus_depr__c0p54__z1p05__lam0p030__nu0p50__psi1p00,hardzero_plus_depr,0.02,34,430,0.0,1,0.50615144,0.50615144,1.0622582,0.0,0.08664465,0.0,0.0,5.1483532e-08,-27.634272,2.337015,0.779005,0.14400001,0.0,0.15381145,12.869981,12.899981,1379200
hardzero_plus_depr__c0p54__z1p05__lam0p030__nu0p50__psi1p00,hardzero_plus_depr,0.02,34,431,0.0,1,0.50615144,0.50615144,1.0011178,0.099742934,0.099742934,1.0,4.983354e-09,4.9961976e-08,-26.94809,2.2025032,0.73416775,0.14400001,0.0,0.12871283,12.899981,12.92998,1382400
hardzero_plus_depr__c0p54__z1p05__lam0p030__nu0p50__psi1p00,hardzero_plus_depr,0.02,34,432,0.0,1,0.50615144,0.50615144,1.0178745,0.09596779,0.09596779,1.0,4.653036e-09,4.8485393e-08,-26.591635,2.2393687,0.74645627,0.120000005,0.0,0.1582198,12.92998,12.95998,1385600
hardzero_plus_depr__c0p54__z1p05__lam0p030__nu0p50__psi1p00,hardzero_plus_depr,0.02,34,433,0.0,1,0.50615144,0.50615144,1.0902324,0.0,0.081239566,0.0,0.0,4.7052442e-08,-28.260344,2.398559,0.7995197,0.104,0.0,0.15715282,12.95998,12.98998,1388800
hardzero_plus_depr__c0p54__z1p05__lam0p030__nu0p50__psi1p00,hardzero_plus_depr,0.02,34,434,0.0,1,0.50615144,0.50615144,0.99175835,0.10191583,0.10191583,1.0,4.6536655e-09,4.566185e-08,-26.428474,2.181912,0.727304,0.2,0.0,0.15244175,12.98998,13.0199795,1392000
hardzero_plus_depr__c0p54__z1p05__lam0p030__nu0p50__psi1p00,hardzero_plus_depr,0.02,34,435,0.0,1,0.50615144,0.50615144,1.0637118,0.0,0.086355135,0.0,0.0,4.4312344e-08,-27.949345,2.3402126,0.7800709,0.08800001,0.0,0.14470094,13.0199795,13.049979,1395200
hardzero_plus_depr__c0p54__z1p05__lam0p030__nu0p50__psi1p00,hardzero_plus_depr,0.02,34,436,0.0,1,0.50615144,0.50615144,1.0606546,0.0,0.086965166,0.0,0.0,4.3002732e-08,-27.328402,2.3334868,0.77782893,0.16000001,0.0,0.1412344,13.049979,13.079979,1398400
hardzero_plus_depr__c0p54__z1p05__lam0p030__nu0p50__psi1p00,hardzero_plus_depr,0.02,34,437,0.0,1,0.50615144,0.50615144,1.1046535,0.0,0.07858625,0.0,0.0,4.1731816e-08,-28.017393,2.4302862,0.8100954,0.128,0.0,0.18096851,13.079979,13.109979,1401600
hardzero_plus_depr__c0p54__z1p05__lam0p030__nu0p50__psi1p00,hardzero_plus_depr,0.02,34,438,0.0,1,0.50615144,0.50615144,0.9898586,0.10236261,0.10236261,1.0,4.1455293e-09,4.049847e-08,-27.006174,2.1777325,0.72591084,0.18400002,0.0,0.14215632,13.109979,13.139978,1404800
hardzero_plus_depr__c0p54__z1p05__lam0p030__nu0p50__psi1p00,hardzero_plus_depr,0.02,34,439,0.0,1,0.50615144,0.50615144,1.0248744,0.09443338,0.09443338,1.0,3.7113796e-09,3.9301565e-08,-27.200497,2.2547688,0.75158966,0.16800001,0.0,0.13052465,13.139978,13.169978,1408000
hardzero_plus_depr__c0p54__z1p05__lam0p030__nu0p50__psi1p00,hardzero_plus_depr,0.02,34,440,0.0,1,0.50615144,0.50615144,1.0842668,0.0,0.082363196,0.0,0.0,3.814004e-08,-28.053509,2.3854346,0.7951449,0.136,0.0,0.19020306,13.169978,13.199978,1411200
hardzero_plus_depr__c0p54__z1p05__lam0p030__nu0p50__psi1p00,hardzero_plus_depr,0.02,34,441,0.0,1,0.50615144,0.50615144,1.0388718,0.09143833,0.09143833,1.0,3.3843925e-09,3.7012843e-08,-28.255497,2.2855635,0.7618545,0.2,0.0,0.2029566,13.199978,13.229978,1414400
hardzero_plus_depr__c0p54__z1p05__lam0p030__nu0p50__psi1p00,hardzero_plus_depr,0.02,34,442,0.0,1,0.50615144,0.50615144,1.0394244,0.09132203,0.09132203,1.0,3.2801921e-09,3.591896e-08,-28.411276,2.2867794,0.76225984,0.13,0.0,0.17668319,13.229978,13.259977,1417600
hardzero_plus_depr__c0p54__z1p05__lam0p030__nu0p50__psi1p00,hardzero_plus_depr,0.02,34,443,0.0,1,0.50615144,0.50615144,0.99985415,0.100033596,0.100033596,1.0,3.4869112e-09,3.48574e-08,-26.968056,2.199723,0.733241,0.2,0.0,0.15293175,13.259977,13.289977,1420800
hardzero_plus_depr__c0p54__z1p05__lam0p030__nu0p50__psi1p00,hardzero_plus_depr,0.02,34,444,0.0,1,0.50615144,0.50615144,1.0989386,0.0,0.0796272,0.0,0.0,3.3827217e-08,-29.28825,2.4177132,0.8059044,0.120000005,0.0,0.15670557,13.289977,13.319977,1424000
hardzero_plus_depr__c0p54__z1p05__lam0p030__nu0p50__psi1p00,hardzero_plus_depr,0.02,34,445,0.0,1,0.50615144,0.50615144,1.0096332,0.09780628,0.09780628,1.0,3.2107337e-09,3.282748e-08,-27.500986,2.2212374,0.7404125,0.17600001,0.0,0.15220357,13.319977,13.349977,1427200
hardzero_plus_depr__c0p54__z1p05__lam0p030__nu0p50__psi1p00,hardzero_plus_depr,0.02,34,446,0.0,1,0.50615144,0.50615144,1.0309733,0.093116514,0.093116514,1.0,2.9664402e-09,3.1857294e-08,-27.396055,2.2681866,0.7560622,0.18400002,0.0,0.1497035,13.349977,13.379976,1430400
hardzero_plus_depr__c0p54__z1p05__lam0p030__nu0p50__psi1p00,hardzero_plus_depr,0.02,34,447,0.0,1,0.50615144,0.50615144,1.0259026,0.09421008,0.09421008,1.0,2.9125777e-09,3.0915775e-08,-27.037868,2.257031,0.75234365,0.120000005,0.0,0.1338884,13.379976,13.409976,1433600
hardzero_plus_depr__c0p54__z1p05__lam0p030__nu0p50__psi1p00,hardzero_plus_depr,0.02,34,448,0.0,1,0.50615144,0.50615144,1.1302994,0.0,0.07407994,0.0,0.0,3.0002084e-08,-28.519325,2.4867084,0.82890284,0.112,0.0,0.1746056,13.409976,13.439976,1436800
hardzero_plus_depr__c0p54__z1p05__lam0p030__nu0p50__psi1p00,hardzero_plus_depr,0.02,34,449,0.0,1,0.50615144,0.50615144,1.0443159,0.09029923,0.09029923,1.0,2.6290978e-09,2.9115396e-08,-28.374998,2.297541,0.76584697,0.17600001,0.0,0.16254693,13.439976,13.469975,1440000
hardzero_plus_depr__c0p54__z1p05__lam0p030__nu0p50__psi1p00,hardzero_plus_depr,0.02,34,450,0.0,1,0.50615144,0.50615144,1.0422035,0.09073951,0.09073951,1.0,2.563837e-09,2.8254911e-08,-28.157019,2.2928936,0.7642979,0.16800001,0.0,0.16439761,13.469975,13.499975,1443200
hardzero_plus_depr__c0p54__z1p05__lam0p030__nu0p50__psi1p00,hardzero_plus_depr,0.02,34,451,0.0,1,0.50615144,0.50615144,1.0635866,0.0,0.086380035,0.0,0.0,2.7419862e-08,-28.208342,2.3399372,0.7799791,0.15200001,0.0,0.15796912,13.499975,13.529975,1446400
hardzero_plus_depr__c0p54__z1p05__lam0p030__nu0p50__psi1p00,hardzero_plus_depr,0.02,34,452,0.0,1,0.50615144,0.50615144,1.0764108,0.0,0.083866626,0.0,0.0,2.6609488e-08,-27.995817,2.368151,0.78938365,0.120000005,0.0,0.16240774,13.529975,13.559975,1449600
hardzero_plus_depr__c0p54__z1p05__lam0p030__nu0p50__psi1p00,hardzero_plus_depr,0.02,34,453,0.0,1,0.50615144,0.50615144,1.0216429,0.09513866,0.09513866,1.0,2.456772e-09,2.5823066e-08,-27.274912,2.2476592,0.7492198,0.16800001,0.0,0.15586588,13.559975,13.589974,1452800
hardzero_plus_depr__c0p54__z1p05__lam0p030__nu0p50__psi1p00,hardzero_plus_depr,0.02,34,454,0.0,1,0.50615144,0.50615144,1.0433713,0.09049585,0.09049585,1.0,2.2678155e-09,2.5059885e-08,-26.762981,2.2954628,0.7651543,0.15200001,0.0,0.15109058,13.589974,13.619974,1456000
hardzero_plus_depr__c0p54__z1p05__lam0p030__nu0p50__psi1p00,hardzero_plus_depr,0.02,34,455,0.0,1,0.50615144,0.50615144,1.061906,0.0,0.08671495,0.0,0.0,2.4319263e-08,-27.986376,2.3362398,0.7787466,0.14999999,0.0,0.15763412,13.619974,13.649974,1459200
hardzero_plus_depr__c0p54__z1p05__lam0p030__nu0p50__psi1p00,hardzero_plus_depr,0.02,34,456,0.0,1,0.50615144,0.50615144,1.041002,0.0909909,0.0909909,1.0,2.1474331e-09,2.3600526e-08,-28.120443,2.2902503,0.76341677,0.15200001,0.0,0.16432753,13.649974,13.679974,1462400
hardzero_plus_depr__c0p54__z1p05__lam0p030__nu0p50__psi1p00,hardzero_plus_depr,0.02,34,457,0.0,1,0.50615144,0.50615144,1.0123408,0.09719842,0.09719842,1.0,2.2261382e-09,2.2903029e-08,-27.184753,2.227194,0.742398,0.16000001,0.0,0.14691591,13.679974,13.709973,1465600
hardzero_plus_depr__c0p54__z1p05__lam0p030__nu0p50__psi1p00,hardzero_plus_depr,0.02,34,458,0.0,1,0.50615144,0.50615144,1.0204215,0.09540661,0.09540661,1.0,2.1205215e-09,2.222615e-08,-27.561895,2.2449722,0.7483241,0.224,0.0,0.15829894,13.709973,13.739973,1468800
hardzero_plus_depr__c0p54__z1p05__lam0p030__nu0p50__psi1p00,hardzero_plus_depr,0.02,34,459,0.0,1,0.50615144,0.50615144,1.0422025,0.09073973,0.09073973,1.0,1.9571897e-09,2.156927e-08,-27.876394,2.2928913,0.7642971,0.16800001,0.0,0.16108625,13.739973,13.769973,1472000
hardzero_plus_depr__c0p54__z1p05__lam0p030__nu0p50__psi1p00,hardzero_plus_depr,0.02,34,460,0.0,1,0.50615144,0.50615144,1.0694975,0.0,0.085212335,0.0,0.0,2.093181e-08,-28.108912,2.3529415,0.78431386,0.136,0.0,0.17503026,13.769973,13.799973,1475200
hardzero_plus_depr__c0p54__z1p05__lam0p030__nu0p50__psi1p00,hardzero_plus_depr,0.02,34,461,0.0,1,0.50615144,0.50615144,1.0162596,0.0963253,0.0963253,1.0,1.9566737e-09,2.0313186e-08,-26.697083,2.2358155,0.74527186,0.18400002,0.0,0.13873172,13.799973,13.829972,1478400
hardzero_plus_depr__c0p54__z1p05__lam0p030__nu0p50__psi1p00,hardzero_plus_depr,0.02,34,462,0.0,1,0.50615144,0.50615144,0.99737537,0.10060617,0.10060617,1.0,1.9832338e-09,1.9712845e-08,-26.005253,2.1942697,0.73142326,0.192,0.0,0.13192113,13.829972,13.859972,1481600
hardzero_plus_depr__c0p54__z1p05__lam0p030__nu0p50__psi1p00,hardzero_plus_depr,0.02,34,463,0.0,1,0.50615144,0.50615144,0.9788894,0.104980975,0.104980975,1.0,2.0083122e-09,1.913025e-08,-26.463438,2.1535997,0.7178666,0.17600001,0.0,0.13504504,13.859972,13.889972,1484800
hardzero_plus_depr__c0p54__z1p05__lam0p030__nu0p50__psi1p00,hardzero_plus_depr,0.02,34,464,0.0,1,0.50615144,0.50615144,1.0464671,0.08985307,0.08985307,1.0,1.6681106e-09,1.856487e-08,-27.147028,2.3022735,0.7674245,0.136,0.0,0.15370148,13.889972,13.919971,1488000
hardzero_plus_depr__c0p54__z1p05__lam0p030__nu0p50__psi1p00,hardzero_plus_depr,0.02,34,465,0.0,1,0.50615144,0.50615144,1.044502,0.09026055,0.09026055,1.0,1.6261521e-09,1.80162e-08,-27.856592,2.2979503,0.76598346,0.104,0.0,0.16000131,13.919971,13.949971,1491200
hardzero_plus_depr__c0p54__z1p05__lam0p030__nu0p50__psi1p00,hardzero_plus_depr,0.02,34,466,0.0,1,0.50615144,0.50615144,1.0173603,0.096081465,0.096081465,1.0,1.6798638e-09,1.7483744e-08,-26.787409,2.2382374,0.74607915,0.16800001,0.0,0.14898856,13.949971,13.979971,1494400
hardzero_plus_depr__c0p54__z1p05__lam0p030__nu0p50__psi1p00,hardzero_plus_depr,0.02,34,467,0.0,1,0.50615144,0.50615144,1.0350746,0.0922413,0.0922413,1.0,1.5650606e-09,1.6967027e-08,-27.87131,2.2772095,0.75906986,0.192,0.0,0.18374698,13.979971,14.009971,1497600
hardzero_plus_depr__c0p54__z1p05__lam0p030__nu0p50__psi1p00,hardzero_plus_depr,0.02,34,468,0.0,1,0.50615144,0.50615144,1.0671602,0.0,0.08567216,0.0,0.0,1.646558e-08,-28.669075,2.3477995,0.78259987,0.12,0.0,0.17700998,14.009971,14.03997,1500800
hardzero_plus_depr__c0p54__z1p05__lam0p030__nu0p50__psi1p00,hardzero_plus_depr,0.02,34,469,0.0,1,0.50615144,0.50615144,1.0516275,0.0,0.08879173,0.0,0.0,1.5978951e-08,-28.11215,2.3136268,0.77120894,0.128,0.0,0.15502486,14.03997,14.06997,1504000
hardzero_plus_depr__c0p54__z1p05__lam0p030__nu0p50__psi1p00,hardzero_plus_depr,0.02,34,470,0.0,1,0.50615144,0.50615144,0.98005635,0.10469928,0.10469928,1.0,1.6235412e-09,1.5506709e-08,-25.986017,2.156167,0.71872234,0.23200001,0.0,0.16448098,14.06997,14.09997,1507200
hardzero_plus_depr__c0p54__z1p05__lam0p030__nu0p50__psi1p00,hardzero_plus_depr,0.02,34,471,0.0,1,0.50615144,0.50615144,1.09791,0.0,0.079816,0.0,0.0,1.504842e-08,-29.032082,2.4154503,0.80515015,0.072000004,0.0,0.17442477,14.09997,14.12997,1510400
hardzero_plus_depr__c0p54__z1p05__lam0p030__nu0p50__psi1p00,hardzero_plus_depr,0.02,34,472,0.0,1,0.50615144,0.50615144,1.0838493,0.0,0.08244241,0.0,0.0,1.4603676e-08,-27.781244,2.384516,0.79483867,0.120000005,0.0,0.15696162,14.12997,14.159969,1513600
hardzero_plus_depr__c0p54__z1p05__lam0p030__nu0p50__psi1p00,hardzero_plus_depr,0.02,34,473,0.0,1,0.50615144,0.50615144,1.0495152,0.089224644,0.089224644,1.0,1.2644984e-09,1.4172075e-08,-27.813032,2.3089797,0.76965994,0.18400002,0.0,0.15361395,14.159969,14.189969,1516800
hardzero_plus_depr__c0p54__z1p05__lam0p030__nu0p50__psi1p00,hardzero_plus_depr,0.02,34,474,0.0,1,0.50615144,0.50615144,1.0558448,0.0,0.08793366,0.0,0.0,1.37532306e-08,-26.949865,2.3229048,0.77430165,0.136,0.0,0.15014534,14.189969,14.219969,1520000
hardzero_plus_depr__c0p54__z1p05__lam0p030__nu0p50__psi1p00,hardzero_plus_depr,0.02,34,475,0.0,1,0.50615144,0.50615144,1.0245711,0.09449937,0.09449937,1.0,1.2612608e-09,1.3346764e-08,-27.410809,2.2541013,0.7513671,0.128,0.0,0.1422649,14.219969,14.249969,1523200
hardzero_plus_depr__c0p54__z1p05__lam0p030__nu0p50__psi1p00,hardzero_plus_depr,0.02,34,476,0.0,1,0.50615144,0.50615144,1.0431997,0.09053163,0.09053163,1.0,1.1725938e-09,1.295231e-08,-27.290426,2.295085,0.76502836,0.14400001,0.0,0.1426283,14.249969,14.279968,1526400
hardzero_plus_depr__c0p54__z1p05__lam0p030__nu0p50__psi1p00,hardzero_plus_depr,0.02,34,477,0.0,1,0.50615144,0.50615144,1.0085533,0.098049805,0.098049805,1.0,1.2324387e-09,1.2569517e-08,-26.799086,2.2188616,0.73962057,0.120000005,0.0,0.1436457,14.279968,14.309968,1529600
hardzero_plus_depr__c0p54__z1p05__lam0p030__nu0p50__psi1p00,hardzero_plus_depr,0.02,34,478,0.0,1,0.50615144,0.50615144,1.0916034,0.0,0.08098351,0.0,0.0,1.2198035e-08,-28.402824,2.4015753,0.8005251,0.128,0.0,0.1648066,14.309968,14.339968,1532800
hardzero_plus_depr__c0p54__z1p05__lam0p030__nu0p50__psi1p00,hardzero_plus_depr,0.02,34,479,0.0,1,0.50615144,0.50615144,1.0126973,0.097118646,0.097118646,1.0,1.149645e-09,1.1837532e-08,-27.102755,2.2279787,0.74265957,0.14400001,0.0,0.16774884,14.339968,14.369967,1536000
hardzero_plus_depr__c0p54__z1p05__lam0p030__nu0p50__psi1p00,hardzero_plus_depr,0.02,34,480,0.0,1,0.50615144,0.50615144,1.0302039,0.09328161,0.09328161,1.0,1.0715895e-09,1.1487682e-08,-26.353186,2.2664938,0.75549793,0.14400001,0.0,0.15631984,14.369967,14.399967,1539200
hardzero_plus_depr__c0p54__z1p05__lam0p030__nu0p50__psi1p00,hardzero_plus_depr,0.02,34,481,0.0,1,0.50615144,0.50615144,1.0330309,0.092676386,0.092676386,1.0,1.0331723e-09,1.1148172e-08,-26.973362,2.2727132,0.7575711,0.17999999,0.0,0.13781442,14.399967,14.429967,1542400
hardzero_plus_depr__c0p54__z1p05__lam0p030__nu0p50__psi1p00,hardzero_plus_depr,0.02,34,482,0.0,1,0.50615144,0.50615144,1.0421283,0.09075524,0.09075524,1.0,9.818535e-10,1.0818697e-08,-27.940006,2.2927282,0.76424277,0.15200001,0.0,0.14379537,14.429967,14.459967,1545600
hardzero_plus_depr__c0p54__z1p05__lam0p030__nu0p50__psi1p00,hardzero_plus_depr,0.02,34,483,0.0,1,0.50615144,0.50615144,1.0336628,0.09254163,0.09254163,1.0,9.715908e-10,1.0498959e-08,-26.882713,2.2741036,0.7580346,0.136,0.0,0.1419807,14.459967,14.489966,1548800
hardzero_plus_depr__c0p54__z1p05__lam0p030__nu0p50__psi1p00,hardzero_plus_depr,0.02,34,484,0.0,1,0.50615144,0.50615144,1.025867,0.0942178,0.0942178,1.0,9.59954e-10,1.01886695e-08,-26.981499,2.2569525,0.75231755,0.14400001,0.0,0.13510962,14.489966,14.519966,1552000
hardzero_plus_depr__c0p54__z1p05__lam0p030__nu0p50__psi1p00,hardzero_plus_depr,0.02,34,485,0.0,1,0.50615144,0.50615144,1.0076478,0.09825446,0.09825446,1.0,9.714961e-10,9.887553e-09,-27.134197,2.2168694,0.73895645,0.128,0.0,0.16762085,14.519966,14.549966,1555200
hardzero_plus_depr__c0p54__z1p05__lam0p030__nu0p50__psi1p00,hardzero_plus_depr,0.02,34,486,0.0,1,0.50615144,0.50615144,1.0255371,0.0942894,0.0942894,1.0,9.047384e-10,9.595335e-09,-27.536972,2.2562268,0.7520756,0.16800001,0.0,0.16765535,14.549966,14.579966,1558400
hardzero_plus_depr__c0p54__z1p05__lam0p030__nu0p50__psi1p00,hardzero_plus_depr,0.02,34,487,0.0,1,0.50615144,0.50615144,1.0364625,0.091946974,0.091946974,1.0,8.5618734e-10,9.311751e-09,-26.87709,2.2802632,0.7600877,0.18400002,0.0,0.14557661,14.579966,14.609965,1561600
hardzero_plus_depr__c0p54__z1p05__lam0p030__nu0p50__psi1p00,hardzero_plus_depr,0.02,34,488,0.0,1,0.50615144,0.50615144,1.101711,0.0,0.07912049,0.0,0.0,9.03655e-09,-28.92903,2.4238126,0.80793756,0.17600001,0.0,0.17753899,14.609965,14.639965,1564800
hardzero_plus_depr__c0p54__z1p05__lam0p030__nu0p50__psi1p00,hardzero_plus_depr,0.02,34,489,0.0,1,0.50615144,0.50615144,1.0861969,0.0,0.081997976,0.0,0.0,8.769482e-09,-28.04627,2.3896809,0.7965603,0.112,0.0,0.17023198,14.639965,14.669965,1568000
hardzero_plus_depr__c0p54__z1p05__lam0p030__nu0p50__psi1p00,hardzero_plus_depr,0.02,34,490,0.0,1,0.50615144,0.50615144,0.98889714,0.102589495,0.102589495,1.0,8.730681e-10,8.510307e-09,-26.76426,2.1756172,0.7252058,0.208,0.0,0.14828487,14.669965,14.699965,1571200
hardzero_plus_depr__c0p54__z1p05__lam0p030__nu0p50__psi1p00,hardzero_plus_depr,0.02,34,491,0.0,1,0.50615144,0.50615144,1.0604519,0.0,0.08700577,0.0,0.0,8.258792e-09,-27.92193,2.3330407,0.7776803,0.15200001,0.0,0.15062785,14.699965,14.729964,1574400
hardzero_plus_depr__c0p54__z1p05__lam0p030__nu0p50__psi1p00,hardzero_plus_depr,0.02,34,492,0.0,1,0.50615144,0.50615144,1.0601348,0.0,0.08706933,0.0,0.0,8.01471e-09,-27.907063,2.332343,0.7774477,0.16800001,0.0,0.14834794,14.729964,14.759964,1577600
hardzero_plus_depr__c0p54__z1p05__lam0p030__nu0p50__psi1p00,hardzero_plus_depr,0.02,34,493,0.0,1,0.50615144,0.50615144,1.0336174,0.09255131,0.09255131,1.0,7.1984946e-10,7.7778415e-09,-27.49398,2.2740037,0.75800127,0.096,0.0,0.15461166,14.759964,14.789964,1580800
hardzero_plus_depr__c0p54__z1p05__lam0p030__nu0p50__psi1p00,hardzero_plus_depr,0.02,34,494,0.0,1,0.50615144,0.50615144,0.9950568,0.10114471,0.10114471,1.0,7.6343754e-10,7.547973e-09,-27.62473,2.1891687,0.7297229,0.17999999,0.0,0.13593774,14.789964,14.819963,1584000
hardzero_plus_depr__c0p54__z1p05__lam0p030__nu0p50__psi1p00,hardzero_plus_depr,0.02,34,495,0.0,1,0.50615144,0.50615144,0.99554914,0.101030104,0.101030104,1.0,7.400353e-10,7.324899e-09,-26.67148,2.1902518,0.73008394,0.16800001,0.0,0.14295149,14.819963,14.849963,1587200
hardzero_plus_depr__c0p54__z1p05__lam0p030__nu0p50__psi1p00,hardzero_plus_depr,0.02,34,496,0.0,1,0.50615144,0.50615144,0.99932396,0.10015578,0.10015578,1.0,7.1194906e-10,7.108417e-09,-26.963951,2.1985567,0.7328522,0.15200001,0.0,0.1427378,14.849963,14.879963,1590400
hardzero_plus_depr__c0p54__z1p05__lam0p030__nu0p50__psi1p00,hardzero_plus_depr,0.02,34,497,0.0,1,0.50615144,0.50615144,1.0562841,0.0,0.087844774,0.0,0.0,6.8983335e-09,-27.697193,2.3238714,0.7746238,0.16000001,0.0,0.14853694,14.879963,14.909963,1593600
hardzero_plus_depr__c0p54__z1p05__lam0p030__nu0p50__psi1p00,hardzero_plus_depr,0.02,34,498,0.0,1,0.50615144,0.50615144,1.0272362,0.09392124,0.09392124,1.0,6.2875183e-10,6.6944583e-09,-27.115906,2.259965,0.75332165,0.18400002,0.0,0.13240881,14.909963,14.939962,1596800
hardzero_plus_depr__c0p54__z1p05__lam0p030__nu0p50__psi1p00,hardzero_plus_depr,0.02,34,499,0.0,1,0.50615144,0.50615144,1.0252335,0.09435533,0.09435533,1.0,6.1298977e-10,6.49661e-09,-27.873396,2.2555587,0.7518529,0.16800001,0.0,0.16018139,14.939962,14.969962,1600000
hardzero_plus_depr__c0p54__z1p05__lam0p030__nu0p50__psi1p00,hardzero_plus_depr,0.02,34,500,0.0,1,0.50615144,0.50615144,1.0145776,0.09669908,0.09669908,1.0,6.096498e-10,6.3046075e-09,-27.544687,2.2321153,0.74403846,0.18400002,0.0,0.16652954,14.969962,14.999962,1603200
hardzero_plus_depr__c0p54__z1p05__lam0p030__nu0p50__psi1p00,hardzero_plus_depr,0.02,34,501,0.0,1,0.50615144,0.50615144,1.0284368,0.09366196,0.09366196,1.0,5.7305005e-10,6.1182797e-09,-27.435043,2.2626061,0.75420207,0.120000005,0.0,0.14876506,14.999962,15.029962,1606400
hardzero_plus_depr__c0p54__z1p05__lam0p030__nu0p50__psi1p00,hardzero_plus_depr,0.02,34,502,0.0,1,0.50615144,0.50615144,1.0138799,0.096854575,0.096854575,1.0,5.7507005e-10,5.9374585e-09,-27.266726,2.2305803,0.7435268,0.16000001,0.0,0.15398802,15.029962,15.059961,1609600
hardzero_plus_depr__c0p54__z1p05__lam0p030__nu0p50__psi1p00,hardzero_plus_depr,0.02,34,503,0.0,1,0.50615144,0.50615144,1.0472053,0.08970046,0.08970046,1.0,5.1685245e-10,5.761982e-09,-27.232794,2.3038979,0.767966,0.112,0.0,0.17158955,15.059961,15.089961,1612800
hardzero_plus_depr__c0p54__z1p05__lam0p030__nu0p50__psi1p00,hardzero_plus_depr,0.02,34,504,0.0,1,0.50615144,0.50615144,0.9903659,0.1022431,0.1022431,1.0,5.7171184e-10,5.591691e-09,-26.017838,2.1788485,0.72628284,0.17600001,0.0,0.15049312,15.089961,15.119961,1616000
hardzero_plus_depr__c0p54__z1p05__lam0p030__nu0p50__psi1p00,hardzero_plus_depr,0.02,34,505,0.0,1,0.50615144,0.50615144,1.0316607,0.09296924,0.09296924,1.0,5.0449134e-10,5.426433e-09,-27.100952,2.2696989,0.7565663,0.16000001,0.0,0.16782878,15.119961,15.1499605,1619200
hardzero_plus_depr__c0p54__z1p05__lam0p030__nu0p50__psi1p00,hardzero_plus_depr,0.02,34,506,0.0,1,0.50615144,0.50615144,1.0402185,0.0911552,0.0911552,1.0,4.8002863e-10,5.2660587e-09,-27.85749,2.2885263,0.7628421,0.136,0.0,0.14613332,15.1499605,15.17996,1622400
hardzero_plus_depr__c0p54__z1p05__lam0p030__nu0p50__psi1p00,hardzero_plus_depr,0.02,34,507,0.0,1,0.50615144,0.50615144,0.9996613,0.10007802,0.10007802,1.0,5.1144117e-10,5.110425e-09,-26.571327,2.1992989,0.73309964,0.17999999,0.0,0.14408122,15.17996,15.20996,1625600
hardzero_plus_depr__c0p54__z1p05__lam0p030__nu0p50__psi1p00,hardzero_plus_depr,0.02,34,508,0.0,1,0.50615144,0.50615144,1.0451995,0.09011571,0.09011571,1.0,4.4691897e-10,4.9593902e-09,-27.51654,2.299485,0.766495,0.128,0.0,0.14940901,15.20996,15.23996,1628800
hardzero_plus_depr__c0p54__z1p05__lam0p030__nu0p50__psi1p00,hardzero_plus_depr,0.02,34,509,0.0,1,0.50615144,0.50615144,1.0336549,0.092543304,0.092543304,1.0,4.4539422e-10,4.8128195e-09,-27.086803,2.2740862,0.75802875,0.104,0.0,0.14813378,15.23996,15.269959,1632000
hardzero_plus_depr__c0p54__z1p05__lam0p030__nu0p50__psi1p00,hardzero_plus_depr,0.02,34,510,0.0,1,0.50615144,0.50615144,1.0203733,0.09541718,0.09541718,1.0,4.456536e-10,4.6705804e-09,-27.55109,2.2448661,0.74828875,0.192,0.0,0.1376725,15.269959,15.299959,1635200
hardzero_plus_depr__c0p54__z1p05__lam0p030__nu0p50__psi1p00,hardzero_plus_depr,0.02,34,511,0.0,1,0.50615144,0.50615144,0.9894969,0.1024479,0.1024479,1.0,4.643497e-10,4.532545e-09,-26.950338,2.1769366,0.72564554,0.17600001,0.0,0.18167563,15.299959,15.329959,1638400
hardzero_plus_depr__c0p54__z1p05__lam0p030__nu0p50__psi1p00,hardzero_plus_depr,0.02,34,512,0.0,1,0.50615144,0.50615144,1.039993,0.091202535,0.091202535,1.0,4.0116246e-10,4.398589e-09,-28.1113,2.2880304,0.76267684,0.14400001,0.0,0.15499756,15.329959,15.359959,1641600
hardzero_plus_depr__c0p54__z1p05__lam0p030__nu0p50__psi1p00,hardzero_plus_depr,0.02,34,513,0.0,1,0.50615144,0.50615144,1.0972048,0.0,0.07994571,0.0,0.0,4.2685926e-09,-28.479528,2.4138987,0.8046329,0.096,0.0,0.15068316,15.359959,15.389958,1644800
hardzero_plus_depr__c0p54__z1p05__lam0p030__nu0p50__psi1p00,hardzero_plus_depr,0.02,34,514,0.0,1,0.50615144,0.50615144,1.0565665,0.0,0.08778767,0.0,0.0,4.142438e-09,-26.752663,2.3244927,0.77483094,0.15200001,0.0,0.15444471,15.389958,15.419958,1648000
hardzero_plus_depr__c0p54__z1p05__lam0p030__nu0p50__psi1p00,hardzero_plus_depr,0.02,34,515,0.0,1,0.50615144,0.50615144,1.0853819,0.0,0.082151994,0.0,0.0,4.020011e-09,-27.818577,2.3878877,0.7959626,0.136,0.0,0.13983776,15.419958,15.449958,1651200
hardzero_plus_depr__c0p54__z1p05__lam0p030__nu0p50__psi1p00,hardzero_plus_depr,0.02,34,516,0.0,1,0.50615144,0.50615144,1.0201656,0.095462844,0.095462844,1.0,3.7241993e-10,3.901203e-09,-26.369537,2.244409,0.7481364,0.16000001,0.0,0.14339702,15.449958,15.479958,1654400
hardzero_plus_depr__c0p54__z1p05__lam0p030__nu0p50__psi1p00,hardzero_plus_depr,0.02,34,517,0.0,1,0.50615144,0.50615144,0.97304577,0.10640308,0.10640308,1.0,4.028321e-10,3.7859063e-09,-26.32555,2.1407435,0.7135812,0.208,0.0,0.13478123,15.479958,15.509957,1657600
hardzero_plus_depr__c0p54__z1p05__lam0p030__nu0p50__psi1p00,hardzero_plus_depr,0.02,34,518,0.0,1,0.50615144,0.50615144,0.9928433,0.101661555,0.101661555,1.0,3.7350625e-10,3.6740166e-09,-27.852085,2.1842988,0.7280996,0.2,0.0,0.1454219,15.509957,15.539957,1660800
hardzero_plus_depr__c0p54__z1p05__lam0p030__nu0p50__psi1p00,hardzero_plus_depr,0.02,34,519,0.0,1,0.50615144,0.50615144,1.0523974,0.0,0.08863447,0.0,0.0,3.5654337e-09,-28.268257,2.3153205,0.7717735,0.15200001,0.0,0.19101714,15.539957,15.569957,1664000
hardzero_plus_depr__c0p54__z1p05__lam0p030__nu0p50__psi1p00,hardzero_plus_depr,0.02,34,520,0.0,1,0.50615144,0.50615144,1.0417715,0.09082981,0.09082981,1.0,3.1427663e-10,3.4600605e-09,-27.758257,2.291943,0.76398104,0.17,0.0,0.15434578,15.569957,15.5999565,1667200
hardzero_plus_depr__c0p54__z1p05__lam0p030__nu0p50__psi1p00,hardzero_plus_depr,0.02,34,521,0.0,1,0.50615144,0.50615144,1.034255,0.092415534,0.092415534,1.0,3.10313e-10,3.3578011e-09,-27.43303,2.2754066,0.75846887,0.136,0.0,0.16224702,15.5999565,15.629956,1670400
hardzero_plus_depr__c0p54__z1p05__lam0p030__nu0p50__psi1p00,hardzero_plus_depr,0.02,34,522,0.0,1,0.50615144,0.50615144,1.073949,0.0,0.08434339,0.0,0.0,3.258564e-09,-28.538443,2.362735,0.78757834,0.072000004,0.0,0.16215935,15.629956,15.659956,1673600
hardzero_plus_depr__c0p54__z1p05__lam0p030__nu0p50__psi1p00,hardzero_plus_depr,0.02,34,523,0.0,1,0.50615144,0.50615144,1.0383997,0.091537766,0.091537766,1.0,2.8946617e-10,3.1622596e-09,-27.103773,2.284525,0.76150835,0.136,0.0,0.15939721,15.659956,15.689956,1676800
hardzero_plus_depr__c0p54__z1p05__lam0p030__nu0p50__psi1p00,hardzero_plus_depr,0.02,34,524,0.0,1,0.50615144,0.50615144,1.0008837,0.09979671,0.09979671,1.0,3.0625633e-10,3.0688017e-09,-28.031641,2.201988,0.73399603,0.17600001,0.0,0.1538208,15.689956,15.719955,1680000
hardzero_plus_depr__c0p54__z1p05__lam0p030__nu0p50__psi1p00,hardzero_plus_depr,0.02,34,525,0.0,1,0.50615144,0.50615144,1.0572016,0.0,0.08765937,0.0,0.0,2.9781053e-09,-27.76744,2.32589,0.7752967,0.112,0.0,0.141222,15.719955,15.749955,1683200
hardzero_plus_depr__c0p54__z1p05__lam0p030__nu0p50__psi1p00,hardzero_plus_depr,0.02,34,526,0.0,1,0.50615144,0.50615144,1.0385169,0.09151307,0.09151307,1.0,2.64481e-10,2.89009e-09,-27.995338,2.2847826,0.76159424,0.18400002,0.0,0.15083107,15.749955,15.779955,1686400
hardzero_plus_depr__c0p54__z1p05__lam0p030__nu0p50__psi1p00,hardzero_plus_depr,0.02,34,527,0.0,1,0.50615144,0.50615144,1.0298547,0.093356654,0.093356654,1.0,2.6183514e-10,2.8046756e-09,-27.377619,2.2657256,0.7552419,0.17600001,0.0,0.16431066,15.779955,15.809955,1689600
hardzero_plus_depr__c0p54__z1p05__lam0p030__nu0p50__psi1p00,hardzero_plus_depr,0.02,34,528,0.0,1,0.50615144,0.50615144,1.0275645,0.093850255,0.093850255,1.0,2.554403e-10,2.721786e-09,-27.313017,2.260687,0.7535624,0.128,0.0,0.13029613,15.809955,15.839954,1692800
hardzero_plus_depr__c0p54__z1p05__lam0p030__nu0p50__psi1p00,hardzero_plus_depr,0.02,34,529,0.0,1,0.50615144,0.50615144,1.0162715,0.09632266,0.09632266,1.0,2.5442143e-10,2.6413456e-09,-27.529793,2.235842,0.7452807,0.18400002,0.0,0.14424945,15.839954,15.869954,1696000
hardzero_plus_depr__c0p54__z1p05__lam0p030__nu0p50__psi1p00,hardzero_plus_depr,0.02,34,530,0.0,1,0.50615144,0.50615144,1.062783,0.0,0.08654001,0.0,0.0,2.5632825e-09,-27.598898,2.3381693,0.7793898,0.112,0.0,0.15776931,15.869954,15.899954,1699200
hardzero_plus_depr__c0p54__z1p05__lam0p030__nu0p50__psi1p00,hardzero_plus_depr,0.02,34,531,0.0,1,0.50615144,0.50615144,1.0510482,0.0,0.088910244,0.0,0.0,2.4875269e-09,-27.962902,2.3123522,0.7707841,0.15200001,0.0,0.20533639,15.899954,15.929954,1702400
hardzero_plus_depr__c0p54__z1p05__lam0p030__nu0p50__psi1p00,hardzero_plus_depr,0.02,34,532,0.0,1,0.50615144,0.50615144,1.0557318,0.0,0.08795656,0.0,0.0,2.4140099e-09,-27.804615,2.3226564,0.7742188,0.15200001,0.0,0.16734836,15.929954,15.959953,1705600
hardzero_plus_depr__c0p54__z1p05__lam0p030__nu0p50__psi1p00,hardzero_plus_depr,0.02,34,533,0.0,1,0.50615144,0.50615144,1.0088022,0.09799363,0.09799363,1.0,2.2956632e-10,2.3426658e-09,-26.772778,2.219409,0.739803,0.11,0.0,0.14083545,15.959953,15.989953,1708800
hardzero_plus_depr__c0p54__z1p05__lam0p030__nu0p50__psi1p00,hardzero_plus_depr,0.02,34,534,0.0,1,0.50615144,0.50615144,1.0526209,0.0,0.088588856,0.0,0.0,2.27343e-09,-27.163576,2.315812,0.7719374,0.120000005,0.0,0.15344271,15.989953,16.019953,1712000
hardzero_plus_depr__c0p54__z1p05__lam0p030__nu0p50__psi1p00,hardzero_plus_depr,0.02,34,535,0.0,1,0.50615144,0.50615144,1.0220934,0.095040016,0.095040016,1.0,2.0968116e-10,2.2062407e-09,-27.816832,2.2486503,0.7495501,0.17600001,0.0,0.115336575,16.019953,16.049953,1715200
hardzero_plus_depr__c0p54__z1p05__lam0p030__nu0p50__psi1p00,hardzero_plus_depr,0.02,34,536,0.0,1,0.50615144,0.50615144,1.0192382,0.09566691,0.09566691,1.0,2.0482618e-10,2.141035e-09,-26.601055,2.242369,0.7474563,0.128,0.0,0.1728535,16.049953,16.079954,1718400
hardzero_plus_depr__c0p54__z1p05__lam0p030__nu0p50__psi1p00,hardzero_plus_depr,0.02,34,537,0.0,1,0.50615144,0.50615144,1.0418292,0.09081775,0.09081775,1.0,1.8869716e-10,2.0777564e-09,-27.559084,2.2920702,0.7640234,0.120000005,0.0,0.15259519,16.079954,16.109955,1721600
hardzero_plus_depr__c0p54__z1p05__lam0p030__nu0p50__psi1p00,hardzero_plus_depr,0.02,34,538,0.0,1,0.50615144,0.50615144,1.0080006,0.09817465,0.09817465,1.0,1.9795428e-10,2.0163482e-09,-27.098747,2.2176456,0.73921525,0.136,0.0,0.16938905,16.109955,16.139956,1724800
hardzero_plus_depr__c0p54__z1p05__lam0p030__nu0p50__psi1p00,hardzero_plus_depr,0.02,34,539,0.0,1,0.50615144,0.50615144,1.0232908,0.094778374,0.094778374,1.0,1.8545801e-10,1.9567545e-09,-27.44847,2.2512846,0.7504282,0.14400001,0.0,0.16103107,16.139956,16.169956,1728000
hardzero_plus_depr__c0p54__z1p05__lam0p030__nu0p50__psi1p00,hardzero_plus_depr,0.02,34,540,0.0,1,0.50615144,0.50615144,1.031336,0.093038775,0.093038775,1.0,1.7667343e-10,1.8989226e-09,-27.707205,2.2689843,0.7563281,0.14400001,0.0,0.15918824,16.169956,16.199957,1731200
hardzero_plus_depr__c0p54__z1p05__lam0p030__nu0p50__psi1p00,hardzero_plus_depr,0.02,34,541,0.0,1,0.50615144,0.50615144,1.0030453,0.099301234,0.099301234,1.0,1.8299226e-10,1.8427995e-09,-27.031006,2.2067437,0.7355813,0.15200001,0.0,0.1460479,16.199957,16.229958,1734400
hardzero_plus_depr__c0p54__z1p05__lam0p030__nu0p50__psi1p00,hardzero_plus_depr,0.02,34,542,0.0,1,0.50615144,0.50615144,1.047698,0.08959876,0.08959876,1.0,1.6023263e-10,1.7883354e-09,-26.982014,2.3049817,0.76832724,0.096,0.0,0.14782085,16.229958,16.259958,1737600
hardzero_plus_depr__c0p54__z1p05__lam0p030__nu0p50__psi1p00,hardzero_plus_depr,0.02,34,543,0.0,1,0.50615144,0.50615144,1.0277363,0.09381314,0.09381314,1.0,1.6281093e-10,1.735481e-09,-27.308615,2.261065,0.75368834,0.136,0.0,0.14350283,16.259958,16.289959,1740800
hardzero_plus_depr__c0p54__z1p05__lam0p030__nu0p50__psi1p00,hardzero_plus_depr,0.02,34,544,0.0,1,0.50615144,0.50615144,1.0367036,0.09189595,0.09189595,1.0,1.547701e-10,1.6841885e-09,-27.226824,2.2807934,0.7602645,0.120000005,0.0,0.14634554,16.289959,16.31996,1744000
hardzero_plus_depr__c0p54__z1p05__lam0p030__nu0p50__psi1p00,hardzero_plus_depr,0.02,34,545,0.0,1,0.50615144,0.50615144,1.0195751,0.095592745,0.095592745,1.0,1.5623793e-10,1.6344119e-09,-27.26855,2.24311,0.7477033,0.14400001,0.0,0.13865511,16.31996,16.34996,1747200
hardzero_plus_depr__c0p54__z1p05__lam0p030__nu0p50__psi1p00,hardzero_plus_depr,0.02,34,546,0.0,1,0.50615144,0.50615144,1.0358242,0.092082225,0.092082225,1.0,1.4605224e-10,1.5861068e-09,-26.865732,2.2788587,0.7596196,0.11,0.0,0.13634905,16.34996,16.379961,1750400
hardzero_plus_depr__c0p54__z1p05__lam0p030__nu0p50__psi1p00,hardzero_plus_depr,0.02,34,547,0.0,1,0.50615144,0.50615144,1.0106115,0.097586215,0.097586215,1.0,1.5020757e-10,1.5392294e-09,-27.353994,2.2233899,0.74113,0.192,0.0,0.13915722,16.379961,16.409962,1753600
hardzero_plus_depr__c0p54__z1p05__lam0p030__nu0p50__psi1p00,hardzero_plus_depr,0.02,34,548,0.0,1,0.50615144,0.50615144,1.0476345,0.08961186,0.08961186,1.0,1.3385656e-10,1.4937371e-09,-27.512869,2.304842,0.7682807,0.16000001,0.0,0.13160525,16.409962,16.439962,1756800
hardzero_plus_depr__c0p54__z1p05__lam0p030__nu0p50__psi1p00,hardzero_plus_depr,0.02,34,549,0.0,1,0.50615144,0.50615144,1.0066596,0.09847826,0.09847826,1.0,1.4275306e-10,1.4495896e-09,-27.086525,2.2146955,0.73823184,0.14400001,0.0,0.13194712,16.439962,16.469963,1760000
hardzero_plus_depr__c0p54__z1p05__lam0p030__nu0p50__psi1p00,hardzero_plus_depr,0.02,34,550,0.0,1,0.50615144,0.50615144,0.9984566,0.10035601,0.10035601,1.0,1.4117549e-10,1.4067467e-09,-26.57509,2.1966484,0.7322161,0.17600001,0.0,0.12575573,16.469963,16.499964,1763200
hardzero_plus_depr__c0p54__z1p05__lam0p030__nu0p50__psi1p00,hardzero_plus_depr,0.02,34,551,0.0,1,0.50615144,0.50615144,1.0368526,0.09186443,0.09186443,1.0,1.2541057e-10,1.3651701e-09,-27.040327,2.2811213,0.7603738,0.16000001,0.0,0.14321654,16.499964,16.529964,1766400
hardzero_plus_depr__c0p54__z1p05__lam0p030__nu0p50__psi1p00,hardzero_plus_depr,0.02,34,552,0.0,1,0.50615144,0.50615144,1.0078748,0.09820309,0.09820309,1.0,1.3010165e-10,1.3248224e-09,-26.517107,2.2173688,0.739123,0.16800001,0.0,0.1500499,16.529964,16.559965,1769600
hardzero_plus_depr__c0p54__z1p05__lam0p030__nu0p50__psi1p00,hardzero_plus_depr,0.02,34,553,0.0,1,0.50615144,0.50615144,1.0126101,0.09713817,0.09713817,1.0,1.2488732e-10,1.2856669e-09,-27.29856,2.2277865,0.74259555,0.18400002,0.0,0.14990392,16.559965,16.589966,1772800
hardzero_plus_depr__c0p54__z1p05__lam0p030__nu0p50__psi1p00,hardzero_plus_depr,0.02,34,554,0.0,1,0.50615144,0.50615144,1.0322329,0.092846826,0.092846826,1.0,1.158421e-10,1.247669e-09,-28.221687,2.2709577,0.7569859,0.136,0.0,0.16914193,16.589966,16.619967,1776000
hardzero_plus_depr__c0p54__z1p05__lam0p030__nu0p50__psi1p00,hardzero_plus_depr,0.02,34,555,0.0,1,0.50615144,0.50615144,1.0202974,0.095433876,0.095433876,1.0,1.15550756e-10,1.2107939e-09,-26.661871,2.2446992,0.7482331,0.120000005,0.0,0.108088404,16.619967,16.649967,1779200
hardzero_plus_depr__c0p54__z1p05__lam0p030__nu0p50__psi1p00,hardzero_plus_depr,0.02,34,556,0.0,1,0.50615144,0.50615144,0.9864248,0.10317518,0.10317518,1.0,1.2123173e-10,1.1750088e-09,-27.092764,2.170178,0.72339267,0.192,0.0,0.15249917,16.649967,16.679968,1782400
hardzero_plus_depr__c0p54__z1p05__lam0p030__nu0p50__psi1p00,hardzero_plus_depr,0.02,34,557,0.0,1,0.50615144,0.50615144,1.004246,0.099027075,0.099027075,1.0,1.1291872e-10,1.1402813e-09,-26.876184,2.2093854,0.7364618,0.14400001,0.0,0.12904815,16.679968,16.709969,1785600
hardzero_plus_depr__c0p54__z1p05__lam0p030__nu0p50__psi1p00,hardzero_plus_depr,0.02,34,558,0.0,1,0.50615144,0.50615144,1.1003183,0.0,0.07937463,0.0,0.0,1.1065802e-09,-28.16762,2.4207487,0.80691624,0.16800001,0.0,0.19789584,16.709969,16.73997,1788800
hardzero_plus_depr__c0p54__z1p05__lam0p030__nu0p50__psi1p00,hardzero_plus_depr,0.02,34,559,0.0,1,0.50615144,0.50615144,1.0154743,0.09649964,0.09649964,1.0,1.0362854e-10,1.073875e-09,-26.152245,2.2340882,0.7446961,0.099999994,0.0,0.11612532,16.73997,16.76997,1792000
hardzero_plus_depr__c0p54__z1p05__lam0p030__nu0p50__psi1p00,hardzero_plus_depr,0.02,34,560,0.0,1,0.50615144,0.50615144,1.0448983,0.09017823,0.09017823,1.0,9.397802e-11,1.0421365e-09,-27.45546,2.2988222,0.7662741,0.128,0.008,0.1687879,16.76997,16.79997,1795200
hardzero_plus_depr__c0p54__z1p05__lam0p030__nu0p50__psi1p00,hardzero_plus_depr,0.02,34,561,0.0,1,0.50615144,0.50615144,1.0379212,0.09163868,0.09163868,1.0,9.26775e-11,1.011336e-09,-27.33684,2.2834723,0.76115745,0.120000005,0.0,0.14585842,16.79997,16.829971,1798400
hardzero_plus_depr__c0p54__z1p05__lam0p030__nu0p50__psi1p00,hardzero_plus_depr,0.02,34,562,0.0,1,0.50615144,0.50615144,1.0400076,0.09119949,0.09119949,1.0,8.950735e-11,9.814458e-10,-27.839682,2.2880623,0.76268744,0.16800001,0.0,0.14490245,16.829971,16.859972,1801600
hardzero_plus_depr__c0p54__z1p05__lam0p030__nu0p50__psi1p00,hardzero_plus_depr,0.02,34,563,0.0,1,0.50615144,0.50615144,1.0514035,0.0,0.08883753,0.0,0.0,9.524391e-10,-26.820314,2.313134,0.7710447,0.192,0.0,0.13194174,16.859972,16.889973,1804800
hardzero_plus_depr__c0p54__z1p05__lam0p030__nu0p50__psi1p00,hardzero_plus_depr,0.02,34,564,0.0,1,0.50615144,0.50615144,1.098625,0.0,0.07968473,0.0,0.0,9.242896e-10,-28.471123,2.4170232,0.80567443,0.14400001,0.0,0.18150577,16.889973,16.919973,1808000
hardzero_plus_depr__c0p54__z1p05__lam0p030__nu0p50__psi1p00,hardzero_plus_depr,0.02,34,565,0.0,1,0.50615144,0.50615144,1.0734057,0.0,0.08444894,0.0,0.0,8.9697205e-10,-28.180859,2.3615398,0.78717995,0.112,0.008,0.14775892,16.919973,16.949974,1811200
hardzero_plus_depr__c0p54__z1p05__lam0p030__nu0p50__psi1p00,hardzero_plus_depr,0.02,34,566,0.0,1,0.50615144,0.50615144,1.0488508,0.08936125,0.08936125,1.0,7.778556e-11,8.704619e-10,-26.399567,2.3075178,0.7691726,0.104,0.0,0.14716257,16.949974,16.979975,1814400
hardzero_plus_depr__c0p54__z1p05__lam0p030__nu0p50__psi1p00,hardzero_plus_depr,0.02,34,567,0.0,1,0.50615144,0.50615144,1.0209608,0.09528822,0.09528822,1.0,8.049333e-11,8.4473534e-10,-27.263744,2.2461586,0.7487196,0.18400002,0.0,0.16949387,16.979975,17.009975,1817600
hardzero_plus_depr__c0p54__z1p05__lam0p030__nu0p50__psi1p00,hardzero_plus_depr,0.02,34,568,0.0,1,0.50615144,0.50615144,1.0028954,0.09933552,0.09933552,1.0,8.143219e-11,8.1976903e-10,-27.022703,2.2064137,0.73547125,0.216,0.0,0.1713662,17.009975,17.039976,1820800
hardzero_plus_depr__c0p54__z1p05__lam0p030__nu0p50__psi1p00,hardzero_plus_depr,0.02,34,569,0.0,1,0.50615144,0.50615144,0.95909816,0.10987574,0.10987574,1.0,8.741062e-11,7.955407e-10,-26.516478,2.110058,0.7033527,0.208,0.0,0.13650084,17.039976,17.069977,1824000
hardzero_plus_depr__c0p54__z1p05__lam0p030__nu0p50__psi1p00,hardzero_plus_depr,0.02,34,570,0.0,1,0.50615144,0.50615144,1.0712085,0.0,0.08487729,0.0,0.0,7.7202833e-10,-28.18125,2.3567057,0.7855686,0.17600001,0.0,0.16415335,17.069977,17.099977,1827200
hardzero_plus_depr__c0p54__z1p05__lam0p030__nu0p50__psi1p00,hardzero_plus_depr,0.02,34,571,0.0,1,0.50615144,0.50615144,1.0451411,0.090127826,0.090127826,1.0,6.752476e-11,7.4921097e-10,-28.060112,2.2993562,0.7664521,0.128,0.0,0.14416608,17.099977,17.129978,1830400
hardzero_plus_depr__c0p54__z1p05__lam0p030__nu0p50__psi1p00,hardzero_plus_depr,0.02,34,572,0.0,1,0.50615144,0.50615144,1.0169976,0.09616177,0.09616177,1.0,6.991614e-11,7.2706796e-10,-27.792763,2.2374394,0.74581313,0.19999999,0.0,0.19113605,17.129978,17.159979,1833600
hardzero_plus_depr__c0p54__z1p05__lam0p030__nu0p50__psi1p00,hardzero_plus_depr,0.02,34,573,0.0,1,0.50615144,0.50615144,0.98241305,0.104132645,0.104132645,1.0,7.3473845e-11,7.055794e-10,-26.27915,2.161352,0.72045064,0.16800001,0.0,0.1522786,17.159979,17.18998,1836800
hardzero_plus_depr__c0p54__z1p05__lam0p030__nu0p50__psi1p00,hardzero_plus_depr,0.02,34,574,0.0,1,0.50615144,0.50615144,1.0627612,0.0,0.08654437,0.0,0.0,6.847259e-10,-26.700935,2.3381212,0.77937376,0.112,0.0,0.119671814,17.18998,17.21998,1840000
hardzero_plus_depr__c0p54__z1p05__lam0p030__nu0p50__psi1p00,hardzero_plus_depr,0.02,34,575,0.0,1,0.50615144,0.50615144,1.0048736,0.09888408,0.09888408,1.0,6.5707356e-11,6.644887e-10,-26.957144,2.210766,0.736922,0.080000006,0.0,0.1379066,17.21998,17.24998,1843200
hardzero_plus_depr__c0p54__z1p05__lam0p030__nu0p50__psi1p00,hardzero_plus_depr,0.02,34,576,0.0,1,0.50615144,0.50615144,1.0931566,0.0,0.08069441,0.0,0.0,6.448496e-10,-28.674263,2.4049926,0.80166423,0.104,0.0,0.14895585,17.24998,17.279982,1846400
hardzero_plus_depr__c0p54__z1p05__lam0p030__nu0p50__psi1p00,hardzero_plus_depr,0.02,34,577,0.0,1,0.50615144,0.50615144,1.0761831,0.0,0.08391061,0.0,0.0,6.25791e-10,-27.89102,2.36765,0.7892167,0.136,0.0,0.16865347,17.279982,17.309982,1849600
hardzero_plus_depr__c0p54__z1p05__lam0p030__nu0p50__psi1p00,hardzero_plus_depr,0.02,34,578,0.0,1,0.50615144,0.50615144,1.0357932,0.0920888,0.0920888,1.0,5.592513e-11,6.0729566e-10,-27.484907,2.2787905,0.7595968,0.120000005,0.0,0.16555223,17.309982,17.339983,1852800
hardzero_plus_depr__c0p54__z1p05__lam0p030__nu0p50__psi1p00,hardzero_plus_depr,0.02,34,579,0.0,1,0.50615144,0.50615144,1.0471956,0.08970249,0.08970249,1.0,5.286589e-11,5.8934696e-10,-27.68733,2.3038762,0.76795876,0.2,0.0,0.19261073,17.339983,17.369984,1856000
hardzero_plus_depr__c0p54__z1p05__lam0p030__nu0p50__psi1p00,hardzero_plus_depr,0.02,34,580,0.0,1,0.50615144,0.50615144,1.0730834,0.0,0.084511645,0.0,0.0,5.719287e-10,-27.415215,2.3608305,0.78694355,0.16800001,0.0,0.1633371,17.369984,17.399984,1859200
hardzero_plus_depr__c0p54__z1p05__lam0p030__nu0p50__psi1p00,hardzero_plus_depr,0.02,34,581,0.0,1,0.50615144,0.50615144,1.0724086,0.0,0.08464308,0.0,0.0,5.550253e-10,-28.374891,2.359346,0.78644866,0.14400001,0.0,0.20376617,17.399984,17.429985,1862400
hardzero_plus_depr__c0p54__z1p05__lam0p030__nu0p50__psi1p00,hardzero_plus_depr,0.02,34,582,0.0,1,0.50615144,0.50615144,1.0356904,0.09211059,0.09211059,1.0,4.9612738e-11,5.386214e-10,-27.515434,2.2785645,0.7595215,0.136,0.0,0.1465788,17.429985,17.459986,1865600
hardzero_plus_depr__c0p54__z1p05__lam0p030__nu0p50__psi1p00,hardzero_plus_depr,0.02,34,583,0.0,1,0.50615144,0.50615144,1.0085686,0.09804632,0.09804632,1.0,5.124905e-11,5.2270244e-10,-26.754257,2.2188954,0.73963183,0.192,0.0,0.13616467,17.459986,17.489986,1868800
hardzero_plus_depr__c0p54__z1p05__lam0p030__nu0p50__psi1p00,hardzero_plus_depr,0.02,34,584,0.0,1,0.50615144,0.50615144,1.0416903,0.0908468,0.0908468,1.0,4.6082395e-11,5.072539e-10,-28.400057,2.2917645,0.7639215,0.17600001,0.0,0.14130157,17.489986,17.519987,1872000
hardzero_plus_depr__c0p54__z1p05__lam0p030__nu0p50__psi1p00,hardzero_plus_depr,0.02,34,585,0.0,1,0.50615144,0.50615144,1.0386596,0.091483004,0.091483004,1.0,4.5033602e-11,4.9226195e-10,-27.801754,2.2850966,0.7616989,0.21,0.0,0.16324657,17.519987,17.549988,1875200
hardzero_plus_depr__c0p54__z1p05__lam0p030__nu0p50__psi1p00,hardzero_plus_depr,0.02,34,586,0.0,1,0.50615144,0.50615144,1.0758291,0.0,0.08397903,0.0,0.0,4.777131e-10,-28.836407,2.3668714,0.7889571,0.136,0.0,0.16807006,17.549988,17.579988,1878400
hardzero_plus_depr__c0p54__z1p05__lam0p030__nu0p50__psi1p00,hardzero_plus_depr,0.02,34,587,0.0,1,0.50615144,0.50615144,1.0575814,0.0,0.08758274,0.0,0.0,4.635942e-10,-26.920267,2.3267255,0.77557516,0.18400002,0.0,0.173441,17.579988,17.60999,1881600
hardzero_plus_depr__c0p54__z1p05__lam0p030__nu0p50__psi1p00,hardzero_plus_depr,0.02,34,588,0.0,1,0.50615144,0.50615144,1.0874016,0.0,0.08177083,0.0,0.0,4.4989262e-10,-28.389305,2.3923314,0.7974438,0.08800001,0.0,0.1628922,17.60999,17.63999,1884800
hardzero_plus_depr__c0p54__z1p05__lam0p030__nu0p50__psi1p00,hardzero_plus_depr,0.02,34,589,0.0,1,0.50615144,0.50615144,1.0479637,0.08954396,0.08954396,1.0,3.9094533e-11,4.3659598e-10,-27.31651,2.3055663,0.76852214,0.15200001,0.0,0.15342972,17.63999,17.66999,1888000
hardzero_plus_depr__c0p54__z1p05__lam0p030__nu0p50__psi1p00,hardzero_plus_depr,0.02,34,590,0.0,1,0.50615144,0.50615144,1.0771194,0.0,0.08372991,0.0,0.0,4.2369233e-10,-28.652658,2.36971,0.78990334,0.14400001,0.0,0.19029129,17.66999,17.699991,1891200
hardzero_plus_depr__c0p54__z1p05__lam0p030__nu0p50__psi1p00,hardzero_plus_depr,0.02,34,591,0.0,1,0.50615144,0.50615144,1.0783485,0.0,0.08349326,0.0,0.0,4.1117004e-10,-27.438684,2.372414,0.79080474,0.104,0.0,0.1260489,17.699991,17.729992,1894400
hardzero_plus_depr__c0p54__z1p05__lam0p030__nu0p50__psi1p00,hardzero_plus_depr,0.02,34,592,0.0,1,0.50615144,0.50615144,1.0242327,0.094573006,0.094573006,1.0,3.773632e-11,3.9901787e-10,-26.9791,2.253357,0.751119,0.120000005,0.0,0.14584327,17.729992,17.759993,1897600
hardzero_plus_depr__c0p54__z1p05__lam0p030__nu0p50__psi1p00,hardzero_plus_depr,0.02,34,593,0.0,1,0.50615144,0.50615144,1.0473145,0.08967792,0.08967792,1.0,3.4725518e-11,3.872248e-10,-27.594149,2.304138,0.768046,0.18400002,0.0,0.14155428,17.759993,17.789993,1900800
hardzero_plus_depr__c0p54__z1p05__lam0p030__nu0p50__psi1p00,hardzero_plus_depr,0.02,34,594,0.0,1,0.50615144,0.50615144,1.0278195,0.09379516,0.09379516,1.0,3.524638e-11,3.7578035e-10,-27.13586,2.261248,0.7537494,0.224,0.0,0.15995783,17.789993,17.819994,1904000
hardzero_plus_depr__c0p54__z1p05__lam0p030__nu0p50__psi1p00,hardzero_plus_depr,0.02,34,595,0.0,1,0.50615144,0.50615144,1.0143158,0.09675739,0.09675739,1.0,3.5284917e-11,3.6467412e-10,-27.070026,2.2315395,0.74384654,0.096,0.0,0.14163265,17.819994,17.849995,1907200
hardzero_plus_depr__c0p54__z1p05__lam0p030__nu0p50__psi1p00,hardzero_plus_depr,0.02,34,596,0.0,1,0.50615144,0.50615144,1.0242013,0.09457986,0.09457986,1.0,3.3471448e-11,3.5389613e-10,-27.766115,2.2532878,0.75109595,0.112,0.0,0.1683747,17.849995,17.879995,1910400
hardzero_plus_depr__c0p54__z1p05__lam0p030__nu0p50__psi1p00,hardzero_plus_depr,0.02,34,597,0.0,1,0.50615144,0.50615144,1.0153818,0.09652018,0.09652018,1.0,3.3148567e-11,3.4343667e-10,-27.074778,2.2338846,0.7446282,0.216,0.0,0.15288946,17.879995,17.909996,1913600
hardzero_plus_depr__c0p54__z1p05__lam0p030__nu0p50__psi1p00,hardzero_plus_depr,0.02,34,598,0.0,1,0.50615144,0.50615144,1.0402125,0.09115647,0.09115647,1.0,3.0381204e-11,3.3328634e-10,-26.826906,2.2885132,0.76283777,0.14,0.0,0.14294545,17.909996,17.939997,1916800
hardzero_plus_depr__c0p54__z1p05__lam0p030__nu0p50__psi1p00,hardzero_plus_depr,0.02,34,599,0.0,1,0.50615144,0.50615144,1.0369145,0.09185135,0.09185135,1.0,2.9708038e-11,3.2343606e-10,-27.637085,2.2812574,0.76041913,0.192,0.0,0.19060385,17.939997,17.969997,1920000
hardzero_plus_depr__c0p54__z1p05__lam0p030__nu0p50__psi1p00,hardzero_plus_depr,0.02,34,600,0.0,1,0.50615144,0.50615144,1.0611627,0.0,0.08686348,0.0,0.0,3.1387684e-10,-27.962244,2.3346045,0.7782015,0.14400001,0.0,0.15635392,17.969997,17.999998,1923200
hardzero_plus_depr__c0p54__z1p05__lam0p030__nu0p50__psi1p00,hardzero_plus_depr,0.02,34,601,0.0,1,0.50615144,0.50615144,1.0512309,0.0,0.08887284,0.0,0.0,3.0460018e-10,-26.544086,2.3127542,0.7709181,0.2,0.0,0.14676137,17.999998,18.029999,1926400
hardzero_plus_depr__c0p54__z1p05__lam0p030__nu0p50__psi1p00,hardzero_plus_depr,0.02,34,602,0.0,1,0.50615144,0.50615144,1.0596912,0.0,0.08715831,0.0,0.0,2.9559766e-10,-28.291882,2.3313673,0.77712244,0.15200001,0.0,0.16847263,18.029999,18.06,1929600
hardzero_plus_depr__c0p54__z1p05__lam0p030__nu0p50__psi1p00,hardzero_plus_depr,0.02,34,603,0.0,1,0.50615144,0.50615144,0.98735726,0.10295387,0.10295387,1.0,2.9533476e-11,2.8686126e-10,-26.610409,2.1722293,0.72407645,0.208,0.0,0.14437647,18.06,18.09,1932800
hardzero_plus_depr__c0p54__z1p05__lam0p030__nu0p50__psi1p00,hardzero_plus_depr,0.02,34,604,0.0,1,0.50615144,0.50615144,1.0018097,0.099584155,0.099584155,1.0,2.772254e-11,2.7838304e-10,-26.934551,2.2040255,0.73467517,0.15200001,0.0,0.14816059,18.09,18.12,1936000
hardzero_plus_depr__c0p54__z1p05__lam0p030__nu0p50__psi1p00,hardzero_plus_depr,0.02,34,605,0.0,1,0.50615144,0.50615144,1.0314969,0.093004316,0.093004316,1.0,2.5125615e-11,2.7015537e-10,-27.317078,2.2693384,0.7564461,0.14400001,0.0,0.15093869,18.12,18.150002,1939200
hardzero_plus_depr__c0p54__z1p05__lam0p030__nu0p50__psi1p00,hardzero_plus_depr,0.02,34,606,0.0,1,0.50615144,0.50615144,1.0252742,0.094346516,0.094346516,1.0,2.473491e-11,2.621709e-10,-27.06291,2.2556481,0.75188273,0.136,0.0,0.15017785,18.150002,18.180002,1942400
hardzero_plus_depr__c0p54__z1p05__lam0p030__nu0p50__psi1p00,hardzero_plus_depr,0.02,34,607,0.0,1,0.50615144,0.50615144,1.0700674,0.0,0.08510059,0.0,0.0,2.5442237e-10,-28.339108,2.3541954,0.7847318,0.128,0.0,0.17003286,18.180002,18.210003,1945600
hardzero_plus_depr__c0p54__z1p05__lam0p030__nu0p50__psi1p00,hardzero_plus_depr,0.02,34,608,0.0,1,0.50615144,0.50615144,1.0143641,0.09674663,0.09674663,1.0,2.3887026e-11,2.4690291e-10,-27.009636,2.2316456,0.7438819,0.15200001,0.0,0.15034121,18.210003,18.240004,1948800
hardzero_plus_depr__c0p54__z1p05__lam0p030__nu0p50__psi1p00,hardzero_plus_depr,0.02,34,609,0.0,1,0.50615144,0.50615144,1.0624746,0.0,0.08660148,0.0,0.0,2.3960567e-10,-27.439322,2.3374908,0.7791636,0.120000005,0.0,0.15937902,18.240004,18.270004,1952000
hardzero_plus_depr__c0p54__z1p05__lam0p030__nu0p50__psi1p00,hardzero_plus_depr,0.02,34,610,0.0,1,0.50615144,0.50615144,1.0577323,0.0,0.08755232,0.0,0.0,2.3252407e-10,-28.267078,2.3270576,0.7756859,0.120000005,0.0,0.14375877,18.270004,18.300005,1955200
hardzero_plus_depr__c0p54__z1p05__lam0p030__nu0p50__psi1p00,hardzero_plus_depr,0.02,34,611,0.0,1,0.50615144,0.50615144,1.0705248,0.0,0.08501102,0.0,0.0,2.2565182e-10,-27.650707,2.3552017,0.78506726,0.14999999,0.0,0.15800105,18.300005,18.330006,1958400
hardzero_plus_depr__c0p54__z1p05__lam0p030__nu0p50__psi1p00,hardzero_plus_depr,0.02,34,612,0.0,1,0.50615144,0.50615144,0.9847925,0.10356368,0.10356368,1.0,2.2678649e-11,2.1898264e-10,-26.005394,2.1665866,0.72219557,0.192,0.0,0.14680855,18.330006,18.360006,1961600
hardzero_plus_depr__c0p54__z1p05__lam0p030__nu0p50__psi1p00,hardzero_plus_depr,0.02,34,613,0.0,1,0.50615144,0.50615144,1.0612941,0.0,0.086837225,0.0,0.0,2.1251058e-10,-27.326174,2.3348937,0.7782979,0.136,0.0,0.17346936,18.360006,18.390007,1964800
hardzero_plus_depr__c0p54__z1p05__lam0p030__nu0p50__psi1p00,hardzero_plus_depr,0.02,34,614,0.0,1,0.50615144,0.50615144,1.0287801,0.093587935,0.093587935,1.0,1.930062e-11,2.062298e-10,-26.640661,2.2633615,0.75445384,0.18400002,0.0,0.1527446,18.390007,18.420008,1968000
hardzero_plus_depr__c0p54__z1p05__lam0p030__nu0p50__psi1p00,hardzero_plus_depr,0.02,34,615,0.0,1,0.50615144,0.50615144,1.0920854,0.0,0.08089368,0.0,0.0,2.0013464e-10,-28.563576,2.4026358,0.80087864,0.2,0.0,0.16823523,18.420008,18.450008,1971200
hardzero_plus_depr__c0p54__z1p05__lam0p030__nu0p50__psi1p00,hardzero_plus_depr,0.02,34,616,0.0,1,0.50615144,0.50615144,1.1224461,0.0,0.07543171,0.0,0.0,1.9421964e-10,-29.878609,2.4694307,0.8231436,0.16800001,0.0,0.19209975,18.450008,18.48001,1974400
hardzero_plus_depr__c0p54__z1p05__lam0p030__nu0p50__psi1p00,hardzero_plus_depr,0.02,34,617,0.0,1,0.50615144,0.50615144,1.1396341,0.0,0.072504655,0.0,0.0,1.8847945e-10,-29.624073,2.507245,0.8357484,0.104,0.0,0.18939058,18.48001,18.51001,1977600
hardzero_plus_depr__c0p54__z1p05__lam0p030__nu0p50__psi1p00,hardzero_plus_depr,0.02,34,618,0.0,1,0.50615144,0.50615144,1.0128613,0.097082,0.097082,1.0,1.7757164e-11,1.8290892e-10,-27.11443,2.2283392,0.74277973,0.17600001,0.0,0.13550225,18.51001,18.54001,1980800
hardzero_plus_depr__c0p54__z1p05__lam0p030__nu0p50__psi1p00,hardzero_plus_depr,0.02,34,619,0.0,1,0.50615144,0.50615144,1.0863547,0.0,0.081968166,0.0,0.0,1.7750303e-10,-28.359745,2.3900282,0.7966761,0.17600001,0.0,0.13660723,18.54001,18.570011,1984000
hardzero_plus_depr__c0p54__z1p05__lam0p030__nu0p50__psi1p00,hardzero_plus_depr,0.02,34,620,0.0,1,0.50615144,0.50615144,1.0491115,0.08930762,0.08930762,1.0,1.5383854e-11,1.722569e-10,-26.62889,2.3080914,0.7693638,0.136,0.0,0.17406003,18.570011,18.600012,1987200
hardzero_plus_depr__c0p54__z1p05__lam0p030__nu0p50__psi1p00,hardzero_plus_depr,0.02,34,621,0.0,1,0.50615144,0.50615144,1.0098078,0.09776698,0.09776698,1.0,1.6343298e-11,1.6716584e-10,-27.081964,2.2216215,0.7405405,0.120000005,0.0,0.14886856,18.600012,18.630013,1990400
hardzero_plus_depr__c0p54__z1p05__lam0p030__nu0p50__psi1p00,hardzero_plus_depr,0.02,34,622,0.0,1,0.50615144,0.50615144,1.0532098,0.0,0.08846882,0.0,0.0,1.6222522e-10,-27.908981,2.317108,0.7723693,0.128,0.0,0.13814391,18.630013,18.660013,1993600
hardzero_plus_depr__c0p54__z1p05__lam0p030__nu0p50__psi1p00,hardzero_plus_depr,0.02,34,623,0.0,1,0.50615144,0.50615144,1.0051401,0.09882344,0.09882344,1.0,1.5557838e-11,1.5743064e-10,-26.220821,2.2113523,0.73711747,0.14400001,0.0,0.13927704,18.660013,18.690014,1996800
hardzero_plus_depr__c0p54__z1p05__lam0p030__nu0p50__psi1p00,hardzero_plus_depr,0.02,34,624,0.0,1,0.50615144,0.50615144,1.0349783,0.092261754,0.092261754,1.0,1.4095542e-11,1.5277773e-10,-28.318716,2.2769976,0.7589992,0.22999999,0.0,0.20546149,18.690014,18.720015,2000000
hardzero_plus_depr__c0p54__z1p05__lam0p030__nu0p50__psi1p00,hardzero_plus_depr,0.02,34,625,0.0,1,0.50615144,0.50615144,1.0370723,0.09181797,0.09181797,1.0,1.361315e-11,1.4826237e-10,-27.60231,2.2816045,0.7605349,0.16000001,0.0,0.15685596,18.720015,18.750015,2003200
hardzero_plus_depr__c0p54__z1p05__lam0p030__nu0p50__psi1p00,hardzero_plus_depr,0.02,34,626,0.0,1,0.50615144,0.50615144,1.0119976,0.09727525,0.09727525,1.0,1.3996008e-11,1.4388046e-10,-26.97487,2.2264392,0.74214643,0.16000001,0.0,0.17714229,18.750015,18.780016,2006400
hardzero_plus_depr__c0p54__z1p05__lam0p030__nu0p50__psi1p00,hardzero_plus_depr,0.02,34,627,0.0,1,0.50615144,0.50615144,1.041636,0.09085816,0.09085816,1.0,1.2686348e-11,1.3962805e-10,-27.830908,2.291645,0.7638817,0.18400002,0.0,0.16053793,18.780016,18.810017,2009600
hardzero_plus_depr__c0p54__z1p05__lam0p030__nu0p50__psi1p00,hardzero_plus_depr,0.02,34,628,0.0,1,0.50615144,0.50615144,1.0142119,0.096780546,0.096780546,1.0,1.3113893e-11,1.3550133e-10,-26.997946,2.2313106,0.74377024,0.096,0.0,0.14410475,18.810017,18.840017,2012800
hardzero_plus_depr__c0p54__z1p05__lam0p030__nu0p50__psi1p00,hardzero_plus_depr,0.02,34,629,0.0,1,0.50615144,0.50615144,1.0274802,0.09386847,0.09386847,1.0,1.2343382e-11,1.3149658e-10,-26.480488,2.2605016,0.7535006,0.14400001,0.0,0.15959519,18.840017,18.870018,2016000
hardzero_plus_depr__c0p54__z1p05__lam0p030__nu0p50__psi1p00,hardzero_plus_depr,0.02,34,630,0.0,1,0.50615144,0.50615144,1.0525073,0.0,0.08861203,0.0,0.0,1.2761017e-10,-27.980425,2.3155622,0.7718541,0.096,0.0,0.15059802,18.870018,18.900019,2019200
hardzero_plus_depr__c0p54__z1p05__lam0p030__nu0p50__psi1p00,hardzero_plus_depr,0.02,34,631,0.0,1,0.50615144,0.50615144,1.0602838,0.0,0.08703946,0.0,0.0,1.2383865e-10,-27.787153,2.332671,0.777557,0.120000005,0.0,0.16472656,18.900019,18.93002,2022400
hardzero_plus_depr__c0p54__z1p05__lam0p030__nu0p50__psi1p00,hardzero_plus_depr,0.02,34,632,0.0,1,0.50615144,0.50615144,0.99753565,0.10056905,0.10056905,1.0,1.20862435e-11,1.2017856e-10,-27.202835,2.1946223,0.7315408,0.2,0.0,0.14946441,18.93002,18.96002,2025600
hardzero_plus_depr__c0p54__z1p05__lam0p030__nu0p50__psi1p00,hardzero_plus_depr,0.02,34,633,0.0,1,0.50615144,0.50615144,1.0729462,0.0,0.08453837,0.0,0.0,1.1662667e-10,-28.038658,2.3605287,0.78684294,0.128,0.0,0.1664263,18.96002,18.99002,2028800
hardzero_plus_depr__c0p54__z1p05__lam0p030__nu0p50__psi1p00,hardzero_plus_depr,0.02,34,634,0.0,1,0.50615144,0.50615144,1.0545076,0.0,0.08820484,0.0,0.0,1.13179764e-10,-27.6676,2.319963,0.77332103,0.16800001,0.0,0.1508766,18.99002,19.020021,2032000
hardzero_plus_depr__c0p54__z1p05__lam0p030__nu0p50__psi1p00,hardzero_plus_depr,0.02,34,635,0.0,1,0.50615144,0.50615144,1.0319601,0.09290516,0.09290516,1.0,1.0204212e-11,1.0983472e-10,-26.807453,2.2703576,0.75678587,0.17600001,0.0,0.1383907,19.020021,19.050022,2035200
hardzero_plus_depr__c0p54__z1p05__lam0p030__nu0p50__psi1p00,hardzero_plus_depr,0.02,34,636,0.0,1,0.50615144,0.50615144,1.0107892,0.0975463,0.0975463,1.0,1.03973176e-11,1.0658854e-10,-27.26929,2.2237806,0.74126023,0.136,0.0,0.16668078,19.050022,19.080023,2038400
hardzero_plus_depr__c0p54__z1p05__lam0p030__nu0p50__psi1p00,hardzero_plus_depr,0.02,34,637,0.0,1,0.50615144,0.50615144,0.9792038,0.104904994,0.104904994,1.0,1.0851193e-11,1.0343829e-10,-26.940464,2.1542914,0.71809715,0.17,0.0,0.17221808,19.080023,19.110023,2041600
hardzero_plus_depr__c0p54__z1p05__lam0p030__nu0p50__psi1p00,hardzero_plus_depr,0.02,34,638,0.0,1,0.50615144,0.50615144,1.0146601,0.096680716,0.096680716,1.0,9.7049235e-12,1.0038117e-10,-27.419876,2.232297,0.744099,0.2,0.0,0.17638582,19.110023,19.140024,2044800
hardzero_plus_depr__c0p54__z1p05__lam0p030__nu0p50__psi1p00,hardzero_plus_depr,0.02,34,639,0.0,1,0.50615144,0.50615144,1.0162776,0.09632133,0.09632133,1.0,9.383084e-12,9.7414396e-11,-27.185204,2.2358553,0.74528515,0.18400002,0.0,0.15230282,19.140024,19.170025,2048000
hardzero_plus_depr__c0p54__z1p05__lam0p030__nu0p50__psi1p00,hardzero_plus_depr,0.02,34,640,0.0,1,0.50615144,0.50615144,1.1014588,0.0,0.07916646,0.0,0.0,9.4535296e-11,-28.735483,2.4232578,0.8077526,0.128,0.0,0.16301537,19.170025,19.200026,2051200
hardzero_plus_depr__c0p54__z1p05__lam0p030__nu0p50__psi1p00,hardzero_plus_depr,0.02,34,641,0.0,1,0.50615144,0.50615144,0.9884055,0.10270567,0.10270567,1.0,9.422351e-12,9.174129e-11,-26.995817,2.1745355,0.7248452,0.18400002,0.0,0.15517364,19.200026,19.230026,2054400
hardzero_plus_depr__c0p54__z1p05__lam0p030__nu0p50__psi1p00,hardzero_plus_depr,0.02,34,642,0.0,1,0.50615144,0.50615144,0.986262,0.10321385,0.10321385,1.0,9.189114e-12,8.902986e-11,-26.578533,2.1698198,0.7232733,0.2,0.008,0.16933207,19.230026,19.260027,2057600
hardzero_plus_depr__c0p54__z1p05__lam0p030__nu0p50__psi1p00,hardzero_plus_depr,0.02,34,643,0.0,1,0.50615144,0.50615144,1.0051032,0.0988318,0.0988318,1.0,8.538927e-12,8.6398576e-11,-26.893826,2.2112713,0.73709047,0.2,0.0,0.14463517,19.260027,19.290028,2060800
hardzero_plus_depr__c0p54__z1p05__lam0p030__nu0p50__psi1p00,hardzero_plus_depr,0.02,34,644,0.0,1,0.50615144,0.50615144,1.0378114,0.09166184,0.09166184,1.0,7.685392e-12,8.3845056e-11,-27.176903,2.2832305,0.76107687,0.112,0.0,0.15475164,19.290028,19.320028,2064000
hardzero_plus_depr__c0p54__z1p05__lam0p030__nu0p50__psi1p00,hardzero_plus_depr,0.02,34,645,0.0,1,0.50615144,0.50615144,1.0549675,0.0,0.08811148,0.0,0.0,8.1367e-11,-28.066833,2.3209748,0.7736583,0.16800001,0.0,0.16802208,19.320028,19.350029,2067200
hardzero_plus_depr__c0p54__z1p05__lam0p030__nu0p50__psi1p00,hardzero_plus_depr,0.02,34,646,0.0,1,0.50615144,0.50615144,1.0293831,0.09345809,0.09345809,1.0,7.379655e-12,7.8962184e-11,-27.126228,2.264688,0.75489604,0.08800001,0.0,0.1493511,19.350029,19.38003,2070400
hardzero_plus_depr__c0p54__z1p05__lam0p030__nu0p50__psi1p00,hardzero_plus_depr,0.02,34,647,0.0,1,0.50615144,0.50615144,1.037874,0.09164864,0.09164864,1.0,7.0228936e-12,7.6628454e-11,-27.098948,2.2833683,0.7611228,0.120000005,0.0,0.144138,19.38003,19.41003,2073600
hardzero_plus_depr__c0p54__z1p05__lam0p030__nu0p50__psi1p00,hardzero_plus_depr,0.02,34,648,0.0,1,0.50615144,0.50615144,1.0319273,0.092912175,0.092912175,1.0,6.909292e-12,7.436369e-11,-27.433285,2.2702854,0.7567618,0.104,0.0,0.13391238,19.41003,19.440031,2076800
hardzero_plus_depr__c0p54__z1p05__lam0p030__nu0p50__psi1p00,hardzero_plus_depr,0.02,34,649,0.0,1,0.50615144,0.50615144,1.0317668,0.092946544,0.092946544,1.0,6.707567e-12,7.216586e-11,-27.583902,2.2699323,0.7566441,0.136,0.0,0.1540809,19.440031,19.470032,2080000
hardzero_plus_depr__c0p54__z1p05__lam0p030__nu0p50__psi1p00,hardzero_plus_depr,0.02,34,650,0.0,1,0.50615144,0.50615144,1.0407794,0.09103757,0.09103757,1.0,6.375633e-12,7.0032986e-11,-28.634514,2.2897604,0.76325345,0.14999999,0.0,0.17572556,19.470032,19.500032,2083200
hardzero_plus_depr__c0p54__z1p05__lam0p030__nu0p50__psi1p00,hardzero_plus_depr,0.02,34,651,0.0,1,0.50615144,0.50615144,1.0014272,0.09967192,0.09967192,1.0,6.7740184e-12,6.7963156e-11,-26.137802,2.2031837,0.73439455,0.16000001,0.0,0.1531701,19.500032,19.530033,2086400
hardzero_plus_depr__c0p54__z1p05__lam0p030__nu0p50__psi1p00,hardzero_plus_depr,0.02,34,652,0.0,1,0.50615144,0.50615144,1.0693146,0.0,0.085248224,0.0,0.0,6.595449e-11,-27.743082,2.352539,0.7841797,0.112,0.0,0.1759968,19.530033,19.560034,2089600
hardzero_plus_depr__c0p54__z1p05__lam0p030__nu0p50__psi1p00,hardzero_plus_depr,0.02,34,653,0.0,1,0.50615144,0.50615144,1.0510203,0.0,0.08891595,0.0,0.0,6.40052e-11,-27.433079,2.3122907,0.7707636,0.16000001,0.0,0.14402172,19.560034,19.590034,2092800
hardzero_plus_depr__c0p54__z1p05__lam0p030__nu0p50__psi1p00,hardzero_plus_depr,0.02,34,654,0.0,1,0.50615144,0.50615144,1.040681,0.09105817,0.09105817,1.0,5.655943e-12,6.2113516e-11,-28.228037,2.2895439,0.7631813,0.08800001,0.0,0.14483276,19.590034,19.620035,2096000
hardzero_plus_depr__c0p54__z1p05__lam0p030__nu0p50__psi1p00,hardzero_plus_depr,0.02,34,655,0.0,1,0.50615144,0.50615144,1.0555547,0.0,0.08799243,0.0,0.0,6.027774e-11,-27.929873,2.3222668,0.774089,0.15200001,0.0,0.1667479,19.620035,19.650036,2099200
hardzero_plus_depr__c0p54__z1p05__lam0p030__nu0p50__psi1p00,hardzero_plus_depr,0.02,34,656,0.0,1,0.50615144,0.50615144,0.99847025,0.10035285,0.10035285,1.0,5.8702635e-12,5.849623e-11,-26.150406,2.1966784,0.73222613,0.120000005,0.0,0.17189407,19.650036,19.680037,2102400
hardzero_plus_depr__c0p54__z1p05__lam0p030__nu0p50__psi1p00,hardzero_plus_depr,0.02,34,657,0.0,1,0.50615144,0.50615144,1.0803641,0.0,0.08310666,0.0,0.0,5.676736e-11,-27.857025,2.3768485,0.7922828,0.112,0.0,0.16686557,19.680037,19.710037,2105600
hardzero_plus_depr__c0p54__z1p05__lam0p030__nu0p50__psi1p00,hardzero_plus_depr,0.02,34,658,0.0,1,0.50615144,0.50615144,1.0947665,0.0,0.08039583,0.0,0.0,5.5089593e-11,-27.98192,2.4085343,0.80284476,0.104,0.0,0.18092547,19.710037,19.740038,2108800
hardzero_plus_depr__c0p54__z1p05__lam0p030__nu0p50__psi1p00,hardzero_plus_depr,0.02,34,659,0.0,1,0.50615144,0.50615144,1.0700154,0.0,0.085110776,0.0,0.0,5.346142e-11,-28.441162,2.354081,0.78469366,0.128,0.0,0.15638055,19.740038,19.770039,2112000
hardzero_plus_depr__c0p54__z1p05__lam0p030__nu0p50__psi1p00,hardzero_plus_depr,0.02,34,660,0.0,1,0.50615144,0.50615144,1.0557725,0.0,0.0879483,0.0,0.0,5.1881357e-11,-27.05494,2.322746,0.7742487,0.104,0.0,0.13984348,19.770039,19.80004,2115200
hardzero_plus_depr__c0p54__z1p05__lam0p030__nu0p50__psi1p00,hardzero_plus_depr,0.02,34,661,0.0,1,0.50615144,0.50615144,1.0152146,0.09655737,0.09655737,1.0,4.86147e-12,5.0347997e-11,-27.169228,2.2335167,0.7445056,0.14400001,0.0,0.13266447,19.80004,19.83004,2118400
hardzero_plus_depr__c0p54__z1p05__lam0p030__nu0p50__psi1p00,hardzero_plus_depr,0.02,34,662,0.0,1,0.50615144,0.50615144,1.0191703,0.095681876,0.095681876,1.0,4.6750117e-12,4.885995e-11,-27.328081,2.2422194,0.7474065,0.16000001,0.0,0.14772275,19.83004,19.86004,2121600
hardzero_plus_depr__c0p54__z1p05__lam0p030__nu0p50__psi1p00,hardzero_plus_depr,0.02,34,663,0.0,1,0.50615144,0.50615144,0.9947335,0.10122002,0.10122002,1.0,4.7994373e-12,4.741589e-11,-26.864208,2.1884575,0.72948587,0.21,0.0,0.15153752,19.86004,19.890041,2124800
hardzero_plus_depr__c0p54__z1p05__lam0p030__nu0p50__psi1p00,hardzero_plus_depr,0.02,34,664,0.0,1,0.50615144,0.50615144,1.0706258,0.0,0.08499123,0.0,0.0,4.6014508e-11,-28.072168,2.3554237,0.7851412,0.072000004,0.0,0.12435501,19.890041,19.920042,2128000
hardzero_plus_depr__c0p54__z1p05__lam0p030__nu0p50__psi1p00,hardzero_plus_depr,0.02,34,665,0.0,1,0.50615144,0.50615144,1.0507736,0.0,0.08896647,0.0,0.0,4.4654547e-11,-27.484026,2.311748,0.7705827,0.16800001,0.0,0.16462125,19.920042,19.950043,2131200
hardzero_plus_depr__c0p54__z1p05__lam0p030__nu0p50__psi1p00,hardzero_plus_depr,0.02,34,666,0.0,1,0.50615144,0.50615144,1.0190444,0.095709614,0.095709614,1.0,4.1475543e-12,4.333477e-11,-27.187017,2.2419424,0.74731416,0.208,0.008,0.16987002,19.950043,19.980043,2134400
hardzero_plus_depr__c0p54__z1p05__lam0p030__nu0p50__psi1p00,hardzero_plus_depr,0.02,34,667,0.0,1,0.50615144,0.50615144,1.0388947,0.09143349,0.09143349,1.0,3.8451447e-12,4.205401e-11,-26.937115,2.2856138,0.7618713,0.104,0.0,0.13062079,19.980043,20.010044,2137600
hardzero_plus_depr__c0p54__z1p05__lam0p030__nu0p50__psi1p00,hardzero_plus_depr,0.02,34,668,0.0,1,0.50615144,0.50615144,0.95533586,0.11083174,0.11083174,1.0,4.5231644e-12,4.0811094e-11,-26.15113,2.101781,0.70059365,0.2,0.0,0.15731502,20.010044,20.040045,2140800
hardzero_plus_depr__c0p54__z1p05__lam0p030__nu0p50__psi1p00,hardzero_plus_depr,0.02,34,669,0.0,1,0.50615144,0.50615144,1.0043191,0.09901043,0.09901043,1.0,3.9213004e-12,3.960492e-11,-26.722946,2.209546,0.7365154,0.18400002,0.008,0.13316062,20.040045,20.070045,2144000
hardzero_plus_depr__c0p54__z1p05__lam0p030__nu0p50__psi1p00,hardzero_plus_depr,0.02,34,670,0.0,1,0.50615144,0.50615144,1.0236597,0.09469789,0.09469789,1.0,3.639656e-12,3.843439e-11,-26.765535,2.2520964,0.7506988,0.14400001,0.0,0.1339385,20.070045,20.100046,2147200
hardzero_plus_depr__c0p54__z1p05__lam0p030__nu0p50__psi1p00,hardzero_plus_depr,0.02,34,671,0.0,1,0.50615144,0.50615144,1.048182,0.08949897,0.08949897,1.0,3.3381733e-12,3.7298456e-11,-27.409567,2.3060465,0.7686822,0.17600001,0.0,0.14899513,20.100046,20.130047,2150400
hardzero_plus_depr__c0p54__z1p05__lam0p030__nu0p50__psi1p00,hardzero_plus_depr,0.02,34,672,0.0,1,0.50615144,0.50615144,1.0526485,0.0,0.088583216,0.0,0.0,3.6196095e-11,-27.89897,2.3158731,0.77195776,0.15200001,0.0,0.17709176,20.130047,20.160048,2153600
hardzero_plus_depr__c0p54__z1p05__lam0p030__nu0p50__psi1p00,hardzero_plus_depr,0.02,34,673,0.0,1,0.50615144,0.50615144,1.0209782,0.0952844,0.0952844,1.0,3.34699e-12,3.5126315e-11,-27.53715,2.246197,0.7487323,0.192,0.0,0.15804167,20.160048,20.190048,2156800
hardzero_plus_depr__c0p54__z1p05__lam0p030__nu0p50__psi1p00,hardzero_plus_depr,0.02,34,674,0.0,1,0.50615144,0.50615144,1.0207843,0.09532695,0.09532695,1.0,3.2495198e-12,3.4088152e-11,-27.443235,2.2457702,0.7485901,0.136,0.0,0.1523495,20.190048,20.220049,2160000
hardzero_plus_depr__c0p54__z1p05__lam0p030__nu0p50__psi1p00,hardzero_plus_depr,0.02,34,675,0.0,1,0.50615144,0.50615144,1.0219595,0.09506932,0.09506932,1.0,3.1449572e-12,3.3080674e-11,-26.941923,2.2483559,0.749452,0.17600001,0.0,0.14352325,20.220049,20.25005,2163200
hardzero_plus_depr__c0p54__z1p05__lam0p030__nu0p50__psi1p00,hardzero_plus_depr,0.02,34,676,0.0,1,0.50615144,0.50615144,1.0074514,0.09829887,0.09829887,1.0,3.1556853e-12,3.2102966e-11,-26.733967,2.2164373,0.73881245,0.13,0.0,0.12738746,20.25005,20.28005,2166400
hardzero_plus_depr__c0p54__z1p05__lam0p030__nu0p50__psi1p00,hardzero_plus_depr,0.02,34,677,0.0,1,0.50615144,0.50615144,1.0397402,0.09125564,0.09125564,1.0,2.8429928e-12,3.115416e-11,-26.815182,2.2874742,0.7624914,0.15200001,0.0,0.15134253,20.28005,20.310051,2169600
hardzero_plus_depr__c0p54__z1p05__lam0p030__nu0p50__psi1p00,hardzero_plus_depr,0.02,34,678,0.0,1,0.50615144,0.50615144,1.0455445,0.090044156,0.090044156,1.0,2.7223406e-12,3.0233396e-11,-28.418404,2.3002439,0.76674795,0.16000001,0.0,0.17615937,20.310051,20.340052,2172800
hardzero_plus_depr__c0p54__z1p05__lam0p030__nu0p50__psi1p00,hardzero_plus_depr,0.02,34,679,0.0,1,0.50615144,0.50615144,1.0031651,0.099273846,0.099273846,1.0,2.912679e-12,2.9339843e-11,-26.21796,2.2070074,0.73566914,0.18400002,0.0,0.14353992,20.340052,20.370052,2176000
hardzero_plus_depr__c0p54__z1p05__lam0p030__nu0p50__psi1p00,hardzero_plus_depr,0.02,34,680,0.0,1,0.50615144,0.50615144,1.0331656,0.09264764,0.09264764,1.0,2.6379287e-12,2.8472702e-11,-27.6487,2.2730095,0.75766987,0.096,0.0,0.15743652,20.370052,20.400053,2179200
hardzero_plus_depr__c0p54__z1p05__lam0p030__nu0p50__psi1p00,hardzero_plus_depr,0.02,34,681,0.0,1,0.50615144,0.50615144,1.0324091,0.092809185,0.092809185,1.0,2.5644278e-12,2.7631186e-11,-27.315783,2.2713454,0.7571151,0.136,0.0,0.1477383,20.400053,20.430054,2182400
hardzero_plus_depr__c0p54__z1p05__lam0p030__nu0p50__psi1p00,hardzero_plus_depr,0.02,34,682,0.0,1,0.50615144,0.50615144,1.047447,0.08965055,0.08965055,1.0,2.4039386e-12,2.6814544e-11,-27.35564,2.3044293,0.7681431,0.136,0.0,0.14823632,20.430054,20.460054,2185600
hardzero_plus_depr__c0p54__z1p05__lam0p030__nu0p50__psi1p00,hardzero_plus_depr,0.02,34,683,0.0,1,0.50615144,0.50615144,1.0479714,0.08954238,0.08954238,1.0,2.330075e-12,2.6022035e-11,-27.15435,2.305583,0.7685277,0.18400002,0.0,0.17600653,20.460054,20.490055,2188800
hardzero_plus_depr__c0p54__z1p05__lam0p030__nu0p50__psi1p00,hardzero_plus_depr,0.02,34,684,0.0,1,0.50615144,0.50615144,0.9847815,0.103566304,0.103566304,1.0,2.6153548e-12,2.525295e-11,-25.84049,2.1665626,0.7221875,0.208,0.0,0.14662728,20.490055,20.520056,2192000
hardzero_plus_depr__c0p54__z1p05__lam0p030__nu0p50__psi1p00,hardzero_plus_depr,0.02,34,685,0.0,1,0.50615144,0.50615144,1.0393152,0.091345005,0.091345005,1.0,2.2385553e-12,2.4506596e-11,-27.611103,2.286539,0.76217973,0.192,0.0,0.14799938,20.520056,20.550056,2195200
hardzero_plus_depr__c0p54__z1p05__lam0p030__nu0p50__psi1p00,hardzero_plus_depr,0.02,34,686,0.0,1,0.50615144,0.50615144,1.0144653,0.0967241,0.0967241,1.0,2.3003216e-12,2.37823e-11,-26.808617,2.2318683,0.7439561,0.16000001,0.0,0.13436277,20.550056,20.580057,2198400
hardzero_plus_depr__c0p54__z1p05__lam0p030__nu0p50__psi1p00,hardzero_plus_depr,0.02,34,687,0.0,1,0.50615144,0.50615144,0.9613215,0.10931468,0.10931468,1.0,2.5229185e-12,2.3079412e-11,-25.72624,2.1149495,0.7049832,0.16000001,0.0,0.11720902,20.580057,20.610058,2201600
hardzero_plus_depr__c0p54__z1p05__lam0p030__nu0p50__psi1p00,hardzero_plus_depr,0.02,34,688,0.0,1,0.50615144,0.50615144,1.0852307,0.0,0.0821806,0.0,0.0,2.2397298e-11,-27.96409,2.3875554,0.7958518,0.096,0.0,0.15592898,20.610058,20.640059,2204800
hardzero_plus_depr__c0p54__z1p05__lam0p030__nu0p50__psi1p00,hardzero_plus_depr,0.02,34,689,0.0,1,0.50615144,0.50615144,1.0446368,0.090232536,0.090232536,1.0,1.961235e-12,2.1735343e-11,-27.168335,2.2982469,0.7660823,0.099999994,0.0,0.15257752,20.640059,20.67006,2208000
hardzero_plus_depr__c0p54__z1p05__lam0p030__nu0p50__psi1p00,hardzero_plus_depr,0.02,34,690,0.0,1,0.50615144,0.50615144,0.95836955,0.11006023,0.11006023,1.0,2.3214952e-12,2.1092952e-11,-25.436632,2.1084552,0.7028184,0.14400001,0.0,0.13358,20.67006,20.70006,2211200
hardzero_plus_depr__c0p54__z1p05__lam0p030__nu0p50__psi1p00,hardzero_plus_depr,0.02,34,691,0.0,1,0.50615144,0.50615144,0.99925464,0.10017176,0.10017176,1.0,2.0504705e-12,2.0469546e-11,-25.334728,2.198404,0.7328014,0.112,0.0,0.15154949,20.70006,20.73006,2214400
hardzero_plus_depr__c0p54__z1p05__lam0p030__nu0p50__psi1p00,hardzero_plus_depr,0.02,34,692,0.0,1,0.50615144,0.50615144,1.0588723,0.0,0.087322794,0.0,0.0,1.9864565e-11,-27.613047,2.3295658,0.7765219,0.120000005,0.0,0.1719048,20.73006,20.760061,2217600
hardzero_plus_depr__c0p54__z1p05__lam0p030__nu0p50__psi1p00,hardzero_plus_depr,0.02,34,693,0.0,1,0.50615144,0.50615144,1.0612354,0.0,0.08684894,0.0,0.0,1.9277463e-11,-28.133602,2.3347645,0.77825487,0.18400002,0.0,0.16974369,20.760061,20.790062,2220800
hardzero_plus_depr__c0p54__z1p05__lam0p030__nu0p50__psi1p00,hardzero_plus_depr,0.02,34,694,0.0,1,0.50615144,0.50615144,0.98107904,0.10445302,0.10445302,1.0,1.9540775e-12,1.8707718e-11,-25.976654,2.158417,0.71947235,0.136,0.0,0.15406416,20.790062,20.820063,2224000
hardzero_plus_depr__c0p54__z1p05__lam0p030__nu0p50__psi1p00,hardzero_plus_depr,0.02,34,695,0.0,1,0.50615144,0.50615144,1.0605302,0.0,0.08699009,0.0,0.0,1.8154808e-11,-27.445803,2.333213,0.77773774,0.112,0.0,0.14957026,20.820063,20.850063,2227200
hardzero_plus_depr__c0p54__z1p05__lam0p030__nu0p50__psi1p00,hardzero_plus_depr,0.02,34,696,0.0,1,0.50615144,0.50615144,1.061567,0.0,0.086782664,0.0,0.0,1.761824e-11,-28.41286,2.3354938,0.77849793,0.112,0.0,0.14576566,20.850063,20.880064,2230400
hardzero_plus_depr__c0p54__z1p05__lam0p030__nu0p50__psi1p00,hardzero_plus_depr,0.02,34,697,0.0,1,0.50615144,0.50615144,0.9917358,0.101921104,0.101921104,1.0,1.7425991e-12,1.709753e-11,-26.509878,2.1818624,0.7272875,0.192,0.0,0.1304085,20.880064,20.910065,2233600
hardzero_plus_depr__c0p54__z1p05__lam0p030__nu0p50__psi1p00,hardzero_plus_depr,0.02,34,698,0.0,1,0.50615144,0.50615144,1.0255828,0.09427949,0.09427949,1.0,1.5643053e-12,1.6592212e-11,-26.817074,2.2563272,0.75210905,0.15200001,0.0,0.14093582,20.910065,20.940065,2236800
hardzero_plus_depr__c0p54__z1p05__lam0p030__nu0p50__psi1p00,hardzero_plus_depr,0.02,34,699,0.0,1,0.50615144,0.50615144,1.0442181,0.09031957,0.09031957,1.0,1.45431e-12,1.6101826e-11,-28.151197,2.2973256,0.7657752,0.14400001,0.0,0.14104958,20.940065,20.970066,2240000
hardzero_plus_depr__c0p54__z1p05__lam0p030__nu0p50__psi1p00,hardzero_plus_depr,0.02,34,700,0.0,1,0.50615144,0.50615144,1.0756699,0.0,0.08400983,0.0,0.0,1.5625935e-11,-28.092407,2.366521,0.7888403,0.16800001,0.0,0.16509649,20.970066,21.000067,2243200
hardzero_plus_depr__c0p54__z1p05__lam0p030__nu0p50__psi1p00,hardzero_plus_depr,0.02,34,701,0.0,1,0.50615144,0.50615144,1.0735617,0.0,0.084418625,0.0,0.0,1.5164108e-11,-28.55938,2.361883,0.7872943,0.136,0.0,0.16723701,21.000067,21.030067,2246400
hardzero_plus_depr__c0p54__z1p05__lam0p030__nu0p50__psi1p00,hardzero_plus_depr,0.02,34,702,0.0,1,0.50615144,0.50615144,1.0283082,0.09368969,0.09368969,1.0,1.378731e-12,1.4715932e-11,-26.577602,2.2623231,0.7541077,0.17,0.0,0.14461993,21.030067,21.060068,2249600
hardzero_plus_depr__c0p54__z1p05__lam0p030__nu0p50__psi1p00,hardzero_plus_depr,0.02,34,703,0.0,1,0.50615144,0.50615144,1.0387896,0.091455616,0.091455616,1.0,1.3060778e-12,1.4281001e-11,-26.90338,2.2853827,0.76179427,0.120000005,0.0,0.14659348,21.060068,21.090069,2252800
hardzero_plus_depr__c0p54__z1p05__lam0p030__nu0p50__psi1p00,hardzero_plus_depr,0.02,34,704,0.0,1,0.50615144,0.50615144,1.033162,0.09264842,0.09264842,1.0,1.2840073e-12,1.3858923e-11,-27.747614,2.2730017,0.75766724,0.192,0.016,0.16704026,21.090069,21.12007,2256000
hardzero_plus_depr__c0p54__z1p05__lam0p030__nu0p50__psi1p00,hardzero_plus_depr,0.02,34,705,0.0,1,0.50615144,0.50615144,1.0348626,0.09228633,0.09228633,1.0,1.2411885e-12,1.3449321e-11,-27.335567,2.2767432,0.7589144,0.18400002,0.0,0.14272618,21.12007,21.15007,2259200
hardzero_plus_depr__c0p54__z1p05__lam0p030__nu0p50__psi1p00,hardzero_plus_depr,0.02,34,706,0.0,1,0.50615144,0.50615144,1.0089401,0.097962506,0.097962506,1.0,1.2785893e-12,1.30518235e-11,-27.455091,2.2197125,0.73990417,0.2,0.0,0.15624133,21.15007,21.18007,2262400
hardzero_plus_depr__c0p54__z1p05__lam0p030__nu0p50__psi1p00,hardzero_plus_depr,0.02,34,707,0.0,1,0.50615144,0.50615144,0.95046616,0.11208147,0.11208147,1.0,1.4196323e-12,1.2666076e-11,-25.755148,2.0910673,0.69702244,0.208,0.0,0.1418822,21.18007,21.210072,2265600
hardzero_plus_depr__c0p54__z1p05__lam0p030__nu0p50__psi1p00,hardzero_plus_depr,0.02,34,708,0.0,1,0.50615144,0.50615144,1.0463986,0.089867234,0.089867234,1.0,1.1046236e-12,1.22917275e-11,-26.862204,2.302123,0.7673744,0.15200001,0.0,0.14973325,21.210072,21.240072,2268800
hardzero_plus_depr__c0p54__z1p05__lam0p030__nu0p50__psi1p00,hardzero_plus_depr,0.02,34,709,0.0,1,0.50615144,0.50615144,0.97293913,0.10642922,0.10642922,1.0,1.269535e-12,1.1928444e-11,-25.662064,2.140509,0.713503,0.15200001,0.0,0.13244218,21.240072,21.270073,2272000
hardzero_plus_depr__c0p54__z1p05__lam0p030__nu0p50__psi1p00,hardzero_plus_depr,0.02,34,710,0.0,1,0.50615144,0.50615144,1.0099276,0.09774001,0.09774001,1.0,1.1314283e-12,1.1575897e-11,-27.336527,2.2218852,0.7406284,0.14400001,0.0,0.15189275,21.270073,21.300074,2275200
hardzero_plus_depr__c0p54__z1p05__lam0p030__nu0p50__psi1p00,hardzero_plus_depr,0.02,34,711,0.0,1,0.50615144,0.50615144,0.9889554,0.10257573,0.10257573,1.0,1.1523121e-12,1.123377e-11,-25.867105,2.1757452,0.72524846,0.14400001,0.0,0.121459834,21.300074,21.330074,2278400
hardzero_plus_depr__c0p54__z1p05__lam0p030__nu0p50__psi1p00,hardzero_plus_depr,0.02,34,712,0.0,1,0.50615144,0.50615144,0.9944916,0.10127644,0.10127644,1.0,1.104091e-12,1.0901755e-11,-26.474976,2.187925,0.72930837,0.104,0.0,0.15802188,21.330074,21.360075,2281600
hardzero_plus_depr__c0p54__z1p05__lam0p030__nu0p50__psi1p00,hardzero_plus_depr,0.02,34,713,0.0,1,0.50615144,0.50615144,1.0767477,0.0,0.083801605,0.0,0.0,1.0579551e-11,-29.118656,2.3688922,0.7896308,0.104,0.0,0.1788138,21.360075,21.390076,2284800
hardzero_plus_depr__c0p54__z1p05__lam0p030__nu0p50__psi1p00,hardzero_plus_depr,0.02,34,714,0.0,1,0.50615144,0.50615144,1.0375384,0.091719486,0.091719486,1.0,9.416723e-13,1.0266872e-11,-27.377045,2.28263,0.76087666,0.16800001,0.0,0.15365574,21.390076,21.420076,2288000
hardzero_plus_depr__c0p54__z1p05__lam0p030__nu0p50__psi1p00,hardzero_plus_depr,0.02,34,715,0.0,1,0.50615144,0.50615144,1.0214002,0.095191844,0.095191844,1.0,9.484375e-13,9.963433e-12,-27.433403,2.2471254,0.7490418,0.14,0.0,0.14662132,21.420076,21.450077,2291200
hardzero_plus_depr__c0p54__z1p05__lam0p030__nu0p50__psi1p00,hardzero_plus_depr,0.02,34,716,0.0,1,0.50615144,0.50615144,0.96921545,0.10734566,0.10734566,1.0,1.0379212e-12,9.668962e-12,-26.183794,2.1323166,0.7107722,0.16800001,0.0,0.13300402,21.450077,21.480078,2294400
hardzero_plus_depr__c0p54__z1p05__lam0p030__nu0p50__psi1p00,hardzero_plus_depr,0.02,34,717,0.0,1,0.50615144,0.50615144,1.1026778,0.0,0.07894455,0.0,0.0,9.3831965e-12,-29.032347,2.4259396,0.80864656,0.216,0.0,0.16288202,21.480078,21.510078,2297600
hardzero_plus_depr__c0p54__z1p05__lam0p030__nu0p50__psi1p00,hardzero_plus_depr,0.02,34,718,0.0,1,0.50615144,0.50615144,1.0114452,0.097399086,0.097399086,1.0,8.8690383e-13,9.105874e-12,-26.356552,2.2252238,0.7417413,0.16800001,0.0,0.16142933,21.510078,21.54008,2300800
hardzero_plus_depr__c0p54__z1p05__lam0p030__nu0p50__psi1p00,hardzero_plus_depr,0.02,34,719,0.0,1,0.50615144,0.50615144,1.0811815,0.0,0.0829504,0.0,0.0,8.836748e-12,-28.456564,2.3786469,0.7928823,0.128,0.0,0.15213203,21.54008,21.57008,2304000
hardzero_plus_depr__c0p54__z1p05__lam0p030__nu0p50__psi1p00,hardzero_plus_depr,0.02,34,720,0.0,1,0.50615144,0.50615144,1.0659426,0.0,0.0859127,0.0,0.0,8.575577e-12,-27.773945,2.3451207,0.7817069,0.128,0.0,0.1432907,21.57008,21.60008,2307200
hardzero_plus_depr__c0p54__z1p05__lam0p030__nu0p50__psi1p00,hardzero_plus_depr,0.02,34,721,0.0,1,0.50615144,0.50615144,1.0517336,0.0,0.088770024,0.0,0.0,8.322125e-12,-27.51697,2.3138602,0.7712867,0.096,0.0,0.1627622,21.60008,21.630081,2310400
hardzero_plus_depr__c0p54__z1p05__lam0p030__nu0p50__psi1p00,hardzero_plus_depr,0.02,34,722,0.0,1,0.50615144,0.50615144,1.0045563,0.09895635,0.09895635,1.0,7.9918765e-13,8.076164e-12,-27.072308,2.210068,0.7366893,0.16000001,0.0,0.17604472,21.630081,21.660082,2313600
hardzero_plus_depr__c0p54__z1p05__lam0p030__nu0p50__psi1p00,hardzero_plus_depr,0.02,34,723,0.0,1,0.50615144,0.50615144,1.0562481,0.0,0.08785206,0.0,0.0,7.837472e-12,-27.51437,2.3237922,0.7745974,0.112,0.0,0.16942486,21.660082,21.690083,2316800
hardzero_plus_depr__c0p54__z1p05__lam0p030__nu0p50__psi1p00,hardzero_plus_depr,0.02,34,724,0.0,1,0.50615144,0.50615144,1.0117383,0.097333364,0.097333364,1.0,7.403014e-13,7.6058335e-12,-27.297358,2.2258687,0.74195623,0.16800001,0.0,0.1387026,21.690083,21.720083,2320000
hardzero_plus_depr__c0p54__z1p05__lam0p030__nu0p50__psi1p00,hardzero_plus_depr,0.02,34,725,0.0,1,0.50615144,0.50615144,1.0280737,0.0937403,0.0937403,1.0,6.9190107e-13,7.381042e-12,-27.207193,2.2618072,0.75393575,0.15200001,0.0,0.12886363,21.720083,21.750084,2323200
hardzero_plus_depr__c0p54__z1p05__lam0p030__nu0p50__psi1p00,hardzero_plus_depr,0.02,34,726,0.0,1,0.50615144,0.50615144,1.0398494,0.09123272,0.09123272,1.0,6.5349034e-13,7.1628944e-12,-27.799923,2.2877145,0.7625715,0.136,0.0,0.17928573,21.750084,21.780085,2326400
hardzero_plus_depr__c0p54__z1p05__lam0p030__nu0p50__psi1p00,hardzero_plus_depr,0.02,34,727,0.0,1,0.50615144,0.50615144,1.014183,0.09678698,0.09678698,1.0,6.727851e-13,6.9511944e-12,-26.576784,2.2312472,0.7437491,0.17600001,0.0,0.14825852,21.780085,21.810085,2329600
hardzero_plus_depr__c0p54__z1p05__lam0p030__nu0p50__psi1p00,hardzero_plus_depr,0.02,34,728,0.0,1,0.50615144,0.50615144,1.061713,0.0,0.086753495,0.0,0.0,6.745751e-12,-27.44001,2.3358152,0.7786051,0.11,0.0,0.1588794,21.810085,21.840086,2332800
hardzero_plus_depr__c0p54__z1p05__lam0p030__nu0p50__psi1p00,hardzero_plus_depr,0.02,34,729,0.0,1,0.50615144,0.50615144,1.11094,0.0,0.07745688,0.0,0.0,6.5463793e-12,-28.867455,2.4441168,0.8147056,0.128,0.0,0.14381358,21.840086,21.870087,2336000
hardzero_plus_depr__c0p54__z1p05__lam0p030__nu0p50__psi1p00,hardzero_plus_depr,0.02,34,730,0.0,1,0.50615144,0.50615144,1.0177324,0.095999196,0.095999196,1.0,6.098733e-13,6.3529004e-12,-26.938747,2.2390559,0.74635196,0.17600001,0.0,0.1396095,21.870087,21.900087,2339200
hardzero_plus_depr__c0p54__z1p05__lam0p030__nu0p50__psi1p00,hardzero_plus_depr,0.02,34,731,0.0,1,0.50615144,0.50615144,0.99543405,0.1010569,0.1010569,1.0,6.230299e-13,6.1651396e-12,-26.383917,2.1899986,0.72999954,0.18400002,0.0,0.1297744,21.900087,21.930088,2342400
hardzero_plus_depr__c0p54__z1p05__lam0p030__nu0p50__psi1p00,hardzero_plus_depr,0.02,34,732,0.0,1,0.50615144,0.50615144,0.9936766,0.10146667,0.10146667,1.0,6.0706773e-13,5.9829277e-12,-26.552052,2.1861322,0.7287108,0.17600001,0.0,0.13983884,21.930088,21.960089,2345600
hardzero_plus_depr__c0p54__z1p05__lam0p030__nu0p50__psi1p00,hardzero_plus_depr,0.02,34,733,0.0,1,0.50615144,0.50615144,1.0550066,0.0,0.08810354,0.0,0.0,5.806101e-12,-27.59385,2.321061,0.773687,0.16800001,0.0,0.212308,21.960089,21.99009,2348800
hardzero_plus_depr__c0p54__z1p05__lam0p030__nu0p50__psi1p00,hardzero_plus_depr,0.02,34,734,0.0,1,0.50615144,0.50615144,0.9936763,0.101466745,0.101466745,1.0,5.7171455e-13,5.6345015e-12,-26.44817,2.1861315,0.72871053,0.192,0.0,0.11972438,21.99009,22.02009,2352000
hardzero_plus_depr__c0p54__z1p05__lam0p030__nu0p50__psi1p00,hardzero_plus_depr,0.02,34,735,0.0,1,0.50615144,0.50615144,1.0596195,0.0,0.087172695,0.0,0.0,5.4679733e-12,-28.071014,2.3312094,0.7770698,0.17600001,0.0,0.13908628,22.02009,22.05009,2355200
hardzero_plus_depr__c0p54__z1p05__lam0p030__nu0p50__psi1p00,hardzero_plus_depr,0.02,34,736,0.0,1,0.50615144,0.50615144,1.0486816,0.08939607,0.08939607,1.0,4.7436827e-13,5.3063665e-12,-28.052328,2.3071456,0.7690486,0.14400001,0.0,0.14700522,22.05009,22.080091,2358400
hardzero_plus_depr__c0p54__z1p05__lam0p030__nu0p50__psi1p00,hardzero_plus_depr,0.02,34,737,0.0,1,0.50615144,0.50615144,0.98501956,0.103509545,0.103509545,1.0,5.3302615e-13,5.149536e-12,-26.901134,2.1670864,0.72236216,0.18400002,0.0,0.14558487,22.080091,22.110092,2361600
hardzero_plus_depr__c0p54__z1p05__lam0p030__nu0p50__psi1p00,hardzero_plus_depr,0.02,34,738,0.0,1,0.50615144,0.50615144,1.0500674,0.0,0.08911126,0.0,0.0,4.9973406e-12,-27.744253,2.3101945,0.77006483,0.16000001,0.0,0.12783997,22.110092,22.140093,2364800
hardzero_plus_depr__c0p54__z1p05__lam0p030__nu0p50__psi1p00,hardzero_plus_depr,0.02,34,739,0.0,1,0.50615144,0.50615144,1.1201004,0.0,0.07584023,0.0,0.0,4.849644e-12,-28.888678,2.46427,0.8214234,0.112,0.0,0.18982331,22.140093,22.170094,2368000
hardzero_plus_depr__c0p54__z1p05__lam0p030__nu0p50__psi1p00,hardzero_plus_depr,0.02,34,740,0.0,1,0.50615144,0.50615144,1.0127131,0.09711512,0.09711512,1.0,4.5705405e-13,4.7063117e-12,-27.339287,2.2280133,0.74267113,0.192,0.0,0.16867843,22.170094,22.200094,2371200
hardzero_plus_depr__c0p54__z1p05__lam0p030__nu0p50__psi1p00,hardzero_plus_depr,0.02,34,741,0.0,1,0.50615144,0.50615144,1.0213269,0.095207915,0.095207915,1.0,4.348351e-13,4.567216e-12,-26.922094,2.246964,0.74898803,0.089999996,0.0,0.13561174,22.200094,22.230095,2374400
hardzero_plus_depr__c0p54__z1p05__lam0p030__nu0p50__psi1p00,hardzero_plus_depr,0.02,34,742,0.0,1,0.50615144,0.50615144,1.0154753,0.09649943,0.09649943,1.0,4.277078e-13,4.4322315e-12,-26.909052,2.23409,0.74469674,0.18400002,0.0,0.14113262,22.230095,22.260096,2377600
hardzero_plus_depr__c0p54__z1p05__lam0p030__nu0p50__psi1p00,hardzero_plus_depr,0.02,34,743,0.0,1,0.50615144,0.50615144,1.0178812,0.09596631,0.09596631,1.0,4.127738e-13,4.3012365e-12,-27.263752,2.2393832,0.7464611,0.136,0.0,0.12182924,22.260096,22.290096,2380800
hardzero_plus_depr__c0p54__z1p05__lam0p030__nu0p50__psi1p00,hardzero_plus_depr,0.02,34,744,0.0,1,0.50615144,0.50615144,1.0285816,0.093630716,0.093630716,1.0,3.9082515e-13,4.1741124e-12,-27.647404,2.2629247,0.7543082,0.192,0.0,0.1514714,22.290096,22.320097,2384000
hardzero_plus_depr__c0p54__z1p05__lam0p030__nu0p50__psi1p00,hardzero_plus_depr,0.02,34,745,0.0,1,0.50615144,0.50615144,0.98386025,0.103786245,0.103786245,1.0,4.2041175e-13,4.0507463e-12,-25.944338,2.1645358,0.72151196,0.224,0.0,0.13996777,22.320097,22.350098,2387200
hardzero_plus_depr__c0p54__z1p05__lam0p030__nu0p50__psi1p00,hardzero_plus_depr,0.02,34,746,0.0,1,0.50615144,0.50615144,1.1003895,0.0,0.07936161,0.0,0.0,3.9310256e-12,-28.802305,2.420905,0.8069684,0.15200001,0.0,0.18324608,22.350098,22.380098,2390400
hardzero_plus_depr__c0p54__z1p05__lam0p030__nu0p50__psi1p00,hardzero_plus_depr,0.02,34,747,0.0,1,0.50615144,0.50615144,1.0920665,0.0,0.0808972,0.0,0.0,3.814844e-12,-28.202065,2.4025943,0.8008648,0.15200001,0.0,0.16475381,22.380098,22.410099,2393600
hardzero_plus_depr__c0p54__z1p05__lam0p030__nu0p50__psi1p00,hardzero_plus_depr,0.02,34,748,0.0,1,0.50615144,0.50615144,1.0397588,0.09125175,0.09125175,1.0,3.3782273e-13,3.702096e-12,-27.05781,2.2875152,0.76250505,0.120000005,0.0,0.1416846,22.410099,22.4401,2396800
hardzero_plus_depr__c0p54__z1p05__lam0p030__nu0p50__psi1p00,hardzero_plus_depr,0.02,34,749,0.0,1,0.50615144,0.50615144,1.0661813,0.0,0.0858655,0.0,0.0,3.5926798e-12,-28.119202,2.3456457,0.7818819,0.096,0.0,0.16860466,22.4401,22.4701,2400000
hardzero_plus_depr__c0p54__z1p05__lam0p030__nu0p50__psi1p00,hardzero_plus_depr,0.02,34,750,0.0,1,0.50615144,0.50615144,1.0286335,0.09361953,0.09361953,1.0,3.264043e-13,3.4864978e-12,-27.416971,2.2630389,0.7543463,0.16800001,0.0,0.1439755,22.4701,22.500101,2403200
hardzero_plus_depr__c0p54__z1p05__lam0p030__nu0p50__psi1p00,hardzero_plus_depr,0.02,34,751,0.0,1,0.50615144,0.50615144,1.0720211,0.0,0.08471863,0.0,0.0,3.3834537e-12,-27.566013,2.3584936,0.7861645,0.080000006,0.0,0.1417464,22.500101,22.530102,2406400
hardzero_plus_depr__c0p54__z1p05__lam0p030__nu0p50__psi1p00,hardzero_plus_depr,0.02,34,752,0.0,1,0.50615144,0.50615144,1.0005985,0.09986226,0.09986226,1.0,3.2789328e-13,3.2834553e-12,-25.425888,2.2013607,0.73378694,0.14400001,0.0,0.113007054,22.530102,22.560102,2409600
hardzero_plus_depr__c0p54__z1p05__lam0p030__nu0p50__psi1p00,hardzero_plus_depr,0.02,34,753,0.0,1,0.50615144,0.50615144,1.0397178,0.091260366,0.091260366,1.0,2.9079316e-13,3.1864125e-12,-27.39002,2.2874248,0.76247495,0.24800001,0.008,0.15348743,22.560102,22.590103,2412800
hardzero_plus_depr__c0p54__z1p05__lam0p030__nu0p50__psi1p00,hardzero_plus_depr,0.02,34,754,0.0,1,0.50615144,0.50615144,0.98615533,0.10323919,0.10323919,1.0,3.192401e-13,3.0922374e-12,-25.958221,2.169585,0.723195,0.14999999,0.0,0.13160849,22.590103,22.620104,2416000
hardzero_plus_depr__c0p54__z1p05__lam0p030__nu0p50__psi1p00,hardzero_plus_depr,0.02,34,755,0.0,1,0.50615144,0.50615144,1.054719,0.0,0.088161916,0.0,0.0,3.0008459e-12,-27.724306,2.3204281,0.77347606,0.15200001,0.0,0.15909928,22.620104,22.650105,2419200
hardzero_plus_depr__c0p54__z1p05__lam0p030__nu0p50__psi1p00,hardzero_plus_depr,0.02,34,756,0.0,1,0.50615144,0.50615144,0.97729963,0.105365954,0.105365954,1.0,3.0684206e-13,2.9121558e-12,-26.418987,2.1501021,0.71670073,0.15200001,0.0,0.128967,22.650105,22.680105,2422400
hardzero_plus_depr__c0p54__z1p05__lam0p030__nu0p50__psi1p00,hardzero_plus_depr,0.02,34,757,0.0,1,0.50615144,0.50615144,1.0498327,0.08915944,0.08915944,1.0,2.519723e-13,2.8260866e-12,-27.149788,2.309678,0.7698927,0.15200001,0.0,0.14667934,22.680105,22.710106,2425600
hardzero_plus_depr__c0p54__z1p05__lam0p030__nu0p50__psi1p00,hardzero_plus_depr,0.02,34,758,0.0,1,0.50615144,0.50615144,1.0349653,0.09226451,0.09226451,1.0,2.5304108e-13,2.7425612e-12,-26.846973,2.276969,0.7589897,0.14400001,0.0,0.14008628,22.710106,22.740107,2428800
hardzero_plus_depr__c0p54__z1p05__lam0p030__nu0p50__psi1p00,hardzero_plus_depr,0.02,34,759,0.0,1,0.50615144,0.50615144,1.0410771,0.09097517,0.09097517,1.0,2.421308e-13,2.6615043e-12,-28.194086,2.2904155,0.76347184,0.16800001,0.0,0.16436677,22.740107,22.770107,2432000
hardzero_plus_depr__c0p54__z1p05__lam0p030__nu0p50__psi1p00,hardzero_plus_depr,0.02,34,760,0.0,1,0.50615144,0.50615144,1.0393468,0.091338366,0.091338366,1.0,2.3591266e-13,2.582843e-12,-28.489809,2.2866087,0.7622029,0.128,0.0,0.1513879,22.770107,22.800108,2435200
hardzero_plus_depr__c0p54__z1p05__lam0p030__nu0p50__psi1p00,hardzero_plus_depr,0.02,34,761,0.0,1,0.50615144,0.50615144,1.0502892,0.0,0.08906576,0.0,0.0,2.506507e-12,-28.243923,2.3106823,0.77022743,0.15200001,0.0,0.1445774,22.800108,22.830109,2438400
hardzero_plus_depr__c0p54__z1p05__lam0p030__nu0p50__psi1p00,hardzero_plus_depr,0.02,34,762,0.0,1,0.50615144,0.50615144,1.0087596,0.09800322,0.09800322,1.0,2.383857e-13,2.432427e-12,-26.548677,2.2193155,0.73977184,0.16000001,0.0,0.13597153,22.830109,22.86011,2441600
hardzero_plus_depr__c0p54__z1p05__lam0p030__nu0p50__psi1p00,hardzero_plus_depr,0.02,34,763,0.0,1,0.50615144,0.50615144,1.0385513,0.0915058,0.0915058,1.0,2.1600273e-13,2.3605358e-12,-27.903028,2.2848585,0.7616195,0.14400001,0.0,0.17465691,22.86011,22.89011,2444800
hardzero_plus_depr__c0p54__z1p05__lam0p030__nu0p50__psi1p00,hardzero_plus_depr,0.02,34,764,0.0,1,0.50615144,0.50615144,1.0197058,0.09556398,0.09556398,1.0,2.1891511e-13,2.2907702e-12,-26.944092,2.2433975,0.74779916,0.2,0.0,0.1480789,22.89011,22.92011,2448000
hardzero_plus_depr__c0p54__z1p05__lam0p030__nu0p50__psi1p00,hardzero_plus_depr,0.02,34,765,0.0,1,0.50615144,0.50615144,1.0542104,0.0,0.08826522,0.0,0.0,2.2230663e-12,-28.039633,2.3193092,0.7731031,0.14400001,0.0,0.17393014,22.92011,22.950111,2451200
hardzero_plus_depr__c0p54__z1p05__lam0p030__nu0p50__psi1p00,hardzero_plus_depr,0.02,34,766,0.0,1,0.50615144,0.50615144,1.0298873,0.09334964,0.09334964,1.0,2.0138908e-13,2.157363e-12,-27.029385,2.2657974,0.75526583,0.192,0.0,0.14683291,22.950111,22.980112,2454400
hardzero_plus_depr__c0p54__z1p05__lam0p030__nu0p50__psi1p00,hardzero_plus_depr,0.02,34,767,0.0,1,0.50615144,0.50615144,1.0406001,0.09107515,0.09107515,1.0,1.9067513e-13,2.093602e-12,-27.209753,2.2893658,0.76312196,0.11,0.0,0.17318366,22.980112,23.010113,2457600
hardzero_plus_depr__c0p54__z1p05__lam0p030__nu0p50__psi1p00,hardzero_plus_depr,0.02,34,768,0.0,1,0.50615144,0.50615144,1.0160214,0.096378155,0.096378155,1.0,1.9581396e-13,2.0317255e-12,-27.22507,2.2352917,0.7450973,0.14400001,0.0,0.1624442,23.010113,23.040113,2460800
hardzero_plus_depr__c0p54__z1p05__lam0p030__nu0p50__psi1p00,hardzero_plus_depr,0.02,34,769,0.0,1,0.50615144,0.50615144,1.0287945,0.093584836,0.093584836,1.0,1.8451911e-13,1.9716774e-12,-27.66313,2.2633932,0.7544644,0.112,0.0,0.16234162,23.040113,23.070114,2464000
hardzero_plus_depr__c0p54__z1p05__lam0p030__nu0p50__psi1p00,hardzero_plus_depr,0.02,34,770,0.0,1,0.50615144,0.50615144,0.99290437,0.10164726,0.10164726,1.0,1.944923e-13,1.9134043e-12,-26.769848,2.1844332,0.7281444,0.18400002,0.0,0.15958229,23.070114,23.100115,2467200
hardzero_plus_depr__c0p54__z1p05__lam0p030__nu0p50__psi1p00,hardzero_plus_depr,0.02,34,771,0.0,1,0.50615144,0.50615144,1.0316283,0.0929762,0.0929762,1.0,1.7264315e-13,1.8568532e-12,-27.422436,2.2696276,0.75654256,0.16000001,0.0,0.1490887,23.100115,23.130116,2470400
hardzero_plus_depr__c0p54__z1p05__lam0p030__nu0p50__psi1p00,hardzero_plus_depr,0.02,34,772,0.0,1,0.50615144,0.50615144,1.0204662,0.0953968,0.0953968,1.0,1.7190254e-13,1.8019738e-12,-26.917397,2.2450705,0.7483568,0.17600001,0.008,0.16314332,23.130116,23.160116,2473600
hardzero_plus_depr__c0p54__z1p05__lam0p030__nu0p50__psi1p00,hardzero_plus_depr,0.02,34,773,0.0,1,0.50615144,0.50615144,0.97311646,0.10638576,0.10638576,1.0,1.8603851e-13,1.7487163e-12,-26.56134,2.140899,0.713633,0.128,0.0,0.16467717,23.160116,23.190117,2476800
hardzero_plus_depr__c0p54__z1p05__lam0p030__nu0p50__psi1p00,hardzero_plus_depr,0.02,34,774,0.0,1,0.50615144,0.50615144,1.017375,0.09607824,0.09607824,1.0,1.630479e-13,1.6970326e-12,-27.304037,2.2382698,0.74608994,0.16000001,0.0,0.16596517,23.190117,23.220118,2480000
hardzero_plus_depr__c0p54__z1p05__lam0p030__nu0p50__psi1p00,hardzero_plus_depr,0.02,34,775,0.0,1,0.50615144,0.50615144,1.0667448,0.0,0.08575416,0.0,0.0,1.6468765e-12,-28.431295,2.3468854,0.78229517,0.16000001,0.0,0.15761799,23.220118,23.250118,2483200
hardzero_plus_depr__c0p54__z1p05__lam0p030__nu0p50__psi1p00,hardzero_plus_depr,0.02,34,776,0.0,1,0.50615144,0.50615144,0.9948931,0.10118284,0.10118284,1.0,1.617107e-13,1.5982029e-12,-26.382366,2.1888084,0.7296028,0.17600001,0.0,0.15422957,23.250118,23.280119,2486400
hardzero_plus_depr__c0p54__z1p05__lam0p030__nu0p50__psi1p00,hardzero_plus_depr,0.02,34,777,0.0,1,0.50615144,0.50615144,1.0391378,0.09138231,0.09138231,1.0,1.4173103e-13,1.5509679e-12,-27.66031,2.286149,0.7620497,0.14400001,0.0,0.15217489,23.280119,23.31012,2489600
hardzero_plus_depr__c0p54__z1p05__lam0p030__nu0p50__psi1p00,hardzero_plus_depr,0.02,34,778,0.0,1,0.50615144,0.50615144,1.0664562,0.0,0.08581115,0.0,0.0,1.5051288e-12,-28.310474,2.3462505,0.7820835,0.128,0.0,0.14483137,23.31012,23.34012,2492800
hardzero_plus_depr__c0p54__z1p05__lam0p030__nu0p50__psi1p00,hardzero_plus_depr,0.02,34,779,0.0,1,0.50615144,0.50615144,1.0449164,0.09017447,0.09017447,1.0,1.3171285e-13,1.4606446e-12,-27.332802,2.298862,0.7662873,0.192,0.008,0.18094555,23.34012,23.370121,2496000
hardzero_plus_depr__c0p54__z1p05__lam0p030__nu0p50__psi1p00,hardzero_plus_depr,0.02,34,780,0.0,1,0.50615144,0.50615144,1.000583,0.09986583,0.09986583,1.0,1.4155731e-13,1.4174749e-12,-27.709024,2.2013266,0.73377556,0.16,0.01,0.14810398,23.370121,23.400122,2499200
hardzero_plus_depr__c0p54__z1p05__lam0p030__nu0p50__psi1p00,hardzero_plus_depr,0.02,34,781,0.0,1,0.50615144,0.50615144,1.0176232,0.09602334,0.09602334,1.0,1.3208792e-13,1.3755813e-12,-26.75041,2.2388158,0.74627197,0.16800001,0.0,0.11597734,23.400122,23.430122,2502400
hardzero_plus_depr__c0p54__z1p05__lam0p030__nu0p50__psi1p00,hardzero_plus_depr,0.02,34,782,0.0,1,0.50615144,0.50615144,1.0170795,0.09614363,0.09614363,1.0,1.2834463e-13,1.3349259e-12,-26.737177,2.2376196,0.7458732,0.112,0.0,0.13378975,23.430122,23.460123,2505600
hardzero_plus_depr__c0p54__z1p05__lam0p030__nu0p50__psi1p00,hardzero_plus_depr,0.02,34,783,0.0,1,0.50615144,0.50615144,1.02145,0.09518093,0.09518093,1.0,1.2330421e-13,1.2954719e-12,-27.178568,2.247235,0.7490784,0.128,0.0,0.14705786,23.460123,23.490124,2508800
hardzero_plus_depr__c0p54__z1p05__lam0p030__nu0p50__psi1p00,hardzero_plus_depr,0.02,34,784,0.0,1,0.50615144,0.50615144,1.0178003,0.095984176,0.095984176,1.0,1.2066978e-13,1.257184e-12,-26.523556,2.2392054,0.7464018,0.17600001,0.0,0.12479838,23.490124,23.520124,2512000
hardzero_plus_depr__c0p54__z1p05__lam0p030__nu0p50__psi1p00,hardzero_plus_depr,0.02,34,785,0.0,1,0.50615144,0.50615144,1.0551734,0.0,0.08806972,0.0,0.0,1.2200278e-12,-27.494236,2.3214278,0.7738093,0.08800001,0.0,0.13586365,23.520124,23.550125,2515200
hardzero_plus_depr__c0p54__z1p05__lam0p030__nu0p50__psi1p00,hardzero_plus_depr,0.02,34,786,0.0,1,0.50615144,0.50615144,0.97709763,0.10541499,0.10541499,1.0,1.2480815e-13,1.1839697e-12,-25.875872,2.1496577,0.7165526,0.16000001,0.0,0.13054854,23.550125,23.580126,2518400
hardzero_plus_depr__c0p54__z1p05__lam0p030__nu0p50__psi1p00,hardzero_plus_depr,0.02,34,787,0.0,1,0.50615144,0.50615144,1.036343,0.0919723,0.0919723,1.0,1.0567408e-13,1.1489773e-12,-27.080729,2.28,0.76,0.08800001,0.0,0.13034777,23.580126,23.610126,2521600
hardzero_plus_depr__c0p54__z1p05__lam0p030__nu0p50__psi1p00,hardzero_plus_depr,0.02,34,788,0.0,1,0.50615144,0.50615144,1.0032067,0.09926433,0.09926433,1.0,1.1068164e-13,1.1150192e-12,-26.655495,2.207099,0.73569965,0.128,0.0,0.13699819,23.610126,23.640127,2524800
hardzero_plus_depr__c0p54__z1p05__lam0p030__nu0p50__psi1p00,hardzero_plus_depr,0.02,34,789,0.0,1,0.50615144,0.50615144,1.0174677,0.09605771,0.09605771,1.0,1.0394066e-13,1.0820647e-12,-26.987724,2.2384737,0.7461579,0.15200001,0.0,0.1328706,23.640127,23.670128,2528000
hardzero_plus_depr__c0p54__z1p05__lam0p030__nu0p50__psi1p00,hardzero_plus_depr,0.02,34,790,0.0,1,0.50615144,0.50615144,1.0688922,0.0,0.08533119,0.0,0.0,1.0500841e-12,-27.79257,2.35161,0.78387,0.15200001,0.0,0.15815586,23.670128,23.700129,2531200
hardzero_plus_depr__c0p54__z1p05__lam0p030__nu0p50__psi1p00,hardzero_plus_depr,0.02,34,791,0.0,1,0.50615144,0.50615144,0.9953229,0.10108276,0.10108276,1.0,1.03008246e-13,1.0190487e-12,-26.405216,2.189754,0.729918,0.104,0.0,0.13352326,23.700129,23.73013,2534400
hardzero_plus_depr__c0p54__z1p05__lam0p030__nu0p50__psi1p00,hardzero_plus_depr,0.02,34,792,0.0,1,0.50615144,0.50615144,1.0987897,0.0,0.0796545,0.0,0.0,9.889305e-13,-28.391588,2.4173856,0.8057952,0.120000005,0.0,0.22664383,23.73013,23.76013,2537600
hardzero_plus_depr__c0p54__z1p05__lam0p030__nu0p50__psi1p00,hardzero_plus_depr,0.02,34,793,0.0,1,0.50615144,0.50615144,1.0924537,0.0,0.080825105,0.0,0.0,9.597026e-13,-28.795723,2.4034462,0.8011488,0.17,0.0,0.18446922,23.76013,23.79013,2540800
hardzero_plus_depr__c0p54__z1p05__lam0p030__nu0p50__psi1p00,hardzero_plus_depr,0.02,34,794,0.0,1,0.50615144,0.50615144,1.0106825,0.097570285,0.097570285,1.0,9.0870955e-14,9.313384e-13,-26.579906,2.2235458,0.74118197,0.15200001,0.0,0.14117396,23.79013,23.820131,2544000
hardzero_plus_depr__c0p54__z1p05__lam0p030__nu0p50__psi1p00,hardzero_plus_depr,0.02,34,795,0.0,1,0.50615144,0.50615144,1.025755,0.09424209,0.09424209,1.0,8.5177186e-14,9.038126e-13,-27.47753,2.2567062,0.7522354,0.216,0.0,0.17285557,23.820131,23.850132,2547200
hardzero_plus_depr__c0p54__z1p05__lam0p030__nu0p50__psi1p00,hardzero_plus_depr,0.02,34,796,0.0,1,0.50615144,0.50615144,0.98309267,0.10396983,0.10396983,1.0,9.119197e-14,8.771003e-13,-25.953833,2.162847,0.72094905,0.192,0.0,0.12790596,23.850132,23.880133,2550400
hardzero_plus_depr__c0p54__z1p05__lam0p030__nu0p50__psi1p00,hardzero_plus_depr,0.02,34,797,0.0,1,0.50615144,0.50615144,1.0223154,0.094991475,0.094991475,1.0,8.08546e-14,8.511774e-13,-27.277395,2.2491388,0.74971294,0.216,0.0,0.16387248,23.880133,23.910133,2553600
hardzero_plus_depr__c0p54__z1p05__lam0p030__nu0p50__psi1p00,hardzero_plus_depr,0.02,34,798,0.0,1,0.50615144,0.50615144,1.0068308,0.098439455,0.098439455,1.0,8.131304e-14,8.2602084e-13,-27.580488,2.215072,0.7383573,0.15200001,0.0,0.14858174,23.910133,23.940134,2556800
hardzero_plus_depr__c0p54__z1p05__lam0p030__nu0p50__psi1p00,hardzero_plus_depr,0.02,34,799,0.0,1,0.50615144,0.50615144,1.0660654,0.0,0.08588841,0.0,0.0,8.016077e-13,-27.736025,2.3453908,0.78179693,0.18400002,0.0,0.15438832,23.940134,23.970135,2560000
hardzero_plus_depr__c0p54__z1p05__lam0p030__nu0p50__psi1p00,hardzero_plus_depr,0.02,34,800,0.0,1,0.50615144,0.50615144,1.0027322,0.099372886,0.099372886,1.0,7.7303764e-14,7.7791603e-13,-26.935087,2.206055,0.7353517,0.208,0.0,0.17431763,23.970135,24.000135,2563200
hardzero_plus_depr__c0p54__z1p05__lam0p030__nu0p50__psi1p00,hardzero_plus_depr,0.02,34,801,0.0,1,0.50615144,0.50615144,1.064327,0.0,0.086232886,0.0,0.0,7.5492466e-13,-28.040314,2.341566,0.78052205,0.136,0.0,0.15160602,24.000135,24.030136,2566400
hardzero_plus_depr__c0p54__z1p05__lam0p030__nu0p50__psi1p00,hardzero_plus_depr,0.02,34,802,0.0,1,0.50615144,0.50615144,1.0041089,0.099058345,0.099058345,1.0,7.2571404e-14,7.326127e-13,-27.61961,2.2090838,0.73636127,0.16000001,0.0,0.15316635,24.030136,24.060137,2569600
hardzero_plus_depr__c0p54__z1p05__lam0p030__nu0p50__psi1p00,hardzero_plus_depr,0.02,34,803,0.0,1,0.50615144,0.50615144,1.043933,0.09037888,0.09037888,1.0,6.42558e-14,7.109603e-13,-27.561565,2.2966986,0.76556623,0.128,0.0,0.14774613,24.060137,24.090137,2572800
hardzero_plus_depr__c0p54__z1p05__lam0p030__nu0p50__psi1p00,hardzero_plus_depr,0.02,34,804,0.0,1,0.50615144,0.50615144,1.0293039,0.09347512,0.09347512,1.0,6.449295e-14,6.8994783e-13,-27.203619,2.2645137,0.75483793,0.2,0.0,0.15450521,24.090137,24.120138,2576000
hardzero_plus_depr__c0p54__z1p05__lam0p030__nu0p50__psi1p00,hardzero_plus_depr,0.02,34,805,0.0,1,0.50615144,0.50615144,1.0752591,0.0,0.08408933,0.0,0.0,6.6955626e-13,-27.643164,2.3656173,0.7885391,0.14400001,0.0,0.17444505,24.120138,24.150139,2579200
hardzero_plus_depr__c0p54__z1p05__lam0p030__nu0p50__psi1p00,hardzero_plus_depr,0.02,34,806,0.0,1,0.50615144,0.50615144,1.0592284,0.0,0.08725122,0.0,0.0,6.4976746e-13,-28.056322,2.330349,0.776783,0.17999999,0.0,0.14394318,24.150139,24.18014,2582400
hardzero_plus_depr__c0p54__z1p05__lam0p030__nu0p50__psi1p00,hardzero_plus_depr,0.02,34,807,0.0,1,0.50615144,0.50615144,1.0546899,0.0,0.08816782,0.0,0.0,6.305635e-13,-27.071571,2.320364,0.77345467,0.112,0.0,0.13013186,24.18014,24.21014,2585600
hardzero_plus_depr__c0p54__z1p05__lam0p030__nu0p50__psi1p00,hardzero_plus_depr,0.02,34,808,0.0,1,0.50615144,0.50615144,0.9784066,0.10509773,0.10509773,1.0,6.431215e-14,6.1192707e-13,-26.633709,2.1525376,0.71751255,0.16800001,0.0,0.14110087,24.21014,24.24014,2588800
hardzero_plus_depr__c0p54__z1p05__lam0p030__nu0p50__psi1p00,hardzero_plus_depr,0.02,34,809,0.0,1,0.50615144,0.50615144,0.99917084,0.10019111,0.10019111,1.0,5.949764e-14,5.938415e-13,-26.653091,2.1982198,0.7327399,0.14400001,0.0,0.15698121,24.24014,24.270142,2592000
hardzero_plus_depr__c0p54__z1p05__lam0p030__nu0p50__psi1p00,hardzero_plus_depr,0.02,34,810,0.0,1,0.50615144,0.50615144,1.0475973,0.08961955,0.08961955,1.0,5.164689e-14,5.762904e-13,-27.62289,2.30476,0.7682533,0.15200001,0.0,0.13810721,24.270142,24.300142,2595200
hardzero_plus_depr__c0p54__z1p05__lam0p030__nu0p50__psi1p00,hardzero_plus_depr,0.02,34,811,0.0,1,0.50615144,0.50615144,0.99967486,0.100074895,0.100074895,1.0,5.5967695e-14,5.592581e-13,-26.978954,2.1993287,0.7331096,0.216,0.0,0.15749748,24.300142,24.330143,2598400
hardzero_plus_depr__c0p54__z1p05__lam0p030__nu0p50__psi1p00,hardzero_plus_depr,0.02,34,812,0.0,1,0.50615144,0.50615144,1.0386822,0.09147823,0.09147823,1.0,4.9647898e-14,5.427291e-13,-27.667145,2.2851465,0.76171553,0.14400001,0.0,0.14918776,24.330143,24.360144,2601600
hardzero_plus_depr__c0p54__z1p05__lam0p030__nu0p50__psi1p00,hardzero_plus_depr,0.02,34,813,0.0,1,0.50615144,0.50615144,1.0085067,0.098060325,0.098060325,1.0,5.1647268e-14,5.266887e-13,-27.36674,2.218759,0.73958635,0.2,0.0,0.15646593,24.360144,24.390144,2604800
hardzero_plus_depr__c0p54__z1p05__lam0p030__nu0p50__psi1p00,hardzero_plus_depr,0.02,34,814,0.0,1,0.50615144,0.50615144,1.0549343,0.0,0.088118225,0.0,0.0,5.111224e-13,-27.458305,2.3209016,0.7736339,0.136,0.0,0.15159732,24.390144,24.420145,2608000
hardzero_plus_depr__c0p54__z1p05__lam0p030__nu0p50__psi1p00,hardzero_plus_depr,0.02,34,815,0.0,1,0.50615144,0.50615144,1.016504,0.0962711,0.0962711,1.0,4.7752008e-14,4.9601604e-13,-27.226988,2.2363536,0.7454512,0.128,0.008,0.17533307,24.420145,24.450146,2611200
hardzero_plus_depr__c0p54__z1p05__lam0p030__nu0p50__psi1p00,hardzero_plus_depr,0.02,34,816,0.0,1,0.50615144,0.50615144,1.0304096,0.09323745,0.09323745,1.0,4.4880434e-14,4.813563e-13,-27.05146,2.2669463,0.7556488,0.080000006,0.0,0.15859176,24.450146,24.480146,2614400
hardzero_plus_depr__c0p54__z1p05__lam0p030__nu0p50__psi1p00,hardzero_plus_depr,0.02,34,817,0.0,1,0.50615144,0.50615144,1.0271977,0.093929544,0.093929544,1.0,4.387728e-14,4.671297e-13,-25.840576,2.25988,0.7532934,0.17600001,0.0,0.14250389,24.480146,24.510147,2617600
hardzero_plus_depr__c0p54__z1p05__lam0p030__nu0p50__psi1p00,hardzero_plus_depr,0.02,34,818,0.0,1,0.50615144,0.50615144,1.0139258,0.09684432,0.09684432,1.0,4.390182e-14,4.5332363e-13,-27.429153,2.2306812,0.74356043,0.128,0.0,0.17116338,24.510147,24.540148,2620800
hardzero_plus_depr__c0p54__z1p05__lam0p030__nu0p50__psi1p00,hardzero_plus_depr,0.02,34,819,0.0,1,0.50615144,0.50615144,0.9851348,0.10348208,0.10348208,1.0,4.5524416e-14,4.3992558e-13,-26.650995,2.1673398,0.7224466,0.07,0.0,0.15563394,24.540148,24.570148,2624000
hardzero_plus_depr__c0p54__z1p05__lam0p030__nu0p50__psi1p00,hardzero_plus_depr,0.02,34,820,0.0,1,0.50615144,0.50615144,1.0283526,0.093680106,0.093680106,1.0,3.999424e-14,4.2692352e-13,-27.716341,2.262421,0.7541403,0.14400001,0.0,0.13892296,24.570148,24.60015,2627200
hardzero_plus_depr__c0p54__z1p05__lam0p030__nu0p50__psi1p00,hardzero_plus_depr,0.02,34,821,0.0,1,0.50615144,0.50615144,1.0342265,0.09242159,0.09242159,1.0,3.82908e-14,4.1430577e-13,-26.617674,2.275344,0.758448,0.104,0.0,0.13249837,24.60015,24.63015,2630400
hardzero_plus_depr__c0p54__z1p05__lam0p030__nu0p50__psi1p00,hardzero_plus_depr,0.02,34,822,0.0,1,0.50615144,0.50615144,1.0317824,0.0929432,0.0929432,1.0,3.7368824e-14,4.0206087e-13,-27.204449,2.2699666,0.7566556,0.2,0.0,0.15502219,24.63015,24.66015,2633600
hardzero_plus_depr__c0p54__z1p05__lam0p030__nu0p50__psi1p00,hardzero_plus_depr,0.02,34,823,0.0,1,0.50615144,0.50615144,1.0901858,0.0,0.08124828,0.0,0.0,3.901779e-13,-28.05176,2.3984566,0.79948556,0.14400001,0.0,0.16042483,24.66015,24.690151,2636800
hardzero_plus_depr__c0p54__z1p05__lam0p030__nu0p50__psi1p00,hardzero_plus_depr,0.02,34,824,0.0,1,0.50615144,0.50615144,1.0518546,0.0,0.08874531,0.0,0.0,3.7864617e-13,-27.36218,2.3141263,0.7713754,0.104,0.0,0.15632945,24.690151,24.720152,2640000
hardzero_plus_depr__c0p54__z1p05__lam0p030__nu0p50__psi1p00,hardzero_plus_depr,0.02,34,825,0.0,1,0.50615144,0.50615144,0.9917243,0.10192381,0.10192381,1.0,3.7452436e-14,3.6745523e-13,-26.500051,2.181837,0.72727907,0.216,0.0,0.15813135,24.720152,24.750153,2643200
hardzero_plus_depr__c0p54__z1p05__lam0p030__nu0p50__psi1p00,hardzero_plus_depr,0.02,34,826,0.0,1,0.50615144,0.50615144,0.9660558,0.108129494,0.108129494,1.0,3.8558444e-14,3.5659507e-13,-26.22715,2.1253653,0.7084551,0.224,0.0,0.14740749,24.750153,24.780153,2646400
hardzero_plus_depr__c0p54__z1p05__lam0p030__nu0p50__psi1p00,hardzero_plus_depr,0.02,34,827,0.0,1,0.50615144,0.50615144,0.97994137,0.104726985,0.104726985,1.0,3.6241382e-14,3.460558e-13,-26.500696,2.155914,0.71863806,0.17600001,0.0,0.12941164,24.780153,24.810154,2649600
hardzero_plus_depr__c0p54__z1p05__lam0p030__nu0p50__psi1p00,hardzero_plus_depr,0.02,34,828,0.0,1,0.50615144,0.50615144,1.0488939,0.08935237,0.08935237,1.0,3.0007037e-14,3.358281e-13,-27.385715,2.3076127,0.76920426,0.112,0.0,0.1632854,24.810154,24.840155,2652800
hardzero_plus_depr__c0p54__z1p05__lam0p030__nu0p50__psi1p00,hardzero_plus_depr,0.02,34,829,0.0,1,0.50615144,0.50615144,1.0237422,0.0946799,0.0946799,1.0,3.0856428e-14,3.2590263e-13,-27.50196,2.2522779,0.7507593,0.15200001,0.0,0.13621649,24.840155,24.870155,2656000
hardzero_plus_depr__c0p54__z1p05__lam0p030__nu0p50__psi1p00,hardzero_plus_depr,0.02,34,830,0.0,1,0.50615144,0.50615144,1.0267731,0.09402143,0.09402143,1.0,2.9736213e-14,3.1627058e-13,-27.214964,2.258946,0.752982,0.120000005,0.0,0.16914621,24.870155,24.900156,2659200
hardzero_plus_depr__c0p54__z1p05__lam0p030__nu0p50__psi1p00,hardzero_plus_depr,0.02,34,831,0.0,1,0.50615144,0.50615144,0.9940529,0.1013788,0.1013788,1.0,3.11155e-14,3.0692316e-13,-26.97115,2.18696,0.7289867,0.17600001,0.0,0.15069613,24.900156,24.930157,2662400
hardzero_plus_depr__c0p54__z1p05__lam0p030__nu0p50__psi1p00,hardzero_plus_depr,0.02,34,832,0.0,1,0.50615144,0.50615144,1.1160177,0.0,0.07655653,0.0,0.0,2.9785197e-13,-28.596565,2.455288,0.81842935,0.099999994,0.0,0.18408306,24.930157,24.960157,2665600
hardzero_plus_depr__c0p54__z1p05__lam0p030__nu0p50__psi1p00,hardzero_plus_depr,0.02,34,833,0.0,1,0.50615144,0.50615144,1.0468606,0.0897717,0.0897717,1.0,2.5948414e-14,2.8904892e-13,-27.150475,2.3031392,0.76771307,0.17600001,0.0,0.16874172,24.960157,24.990158,2668800
hardzero_plus_depr__c0p54__z1p05__lam0p030__nu0p50__psi1p00,hardzero_plus_depr,0.02,34,834,0.0,1,0.50615144,0.50615144,1.0408006,0.09103313,0.09103313,1.0,2.5535345e-14,2.8050606e-13,-26.820604,2.289807,0.76326907,0.15200001,0.0,0.1373591,24.990158,25.020159,2672000
hardzero_plus_depr__c0p54__z1p05__lam0p030__nu0p50__psi1p00,hardzero_plus_depr,0.02,34,835,0.0,1,0.50615144,0.50615144,1.0773122,0.0,0.08369272,0.0,0.0,2.7221565e-13,-27.835081,2.3701344,0.7900448,0.15200001,0.0,0.1759153,25.020159,25.05016,2675200
hardzero_plus_depr__c0p54__z1p05__lam0p030__nu0p50__psi1p00,hardzero_plus_depr,0.02,34,836,0.0,1,0.50615144,0.50615144,1.0522151,0.0,0.08867167,0.0,0.0,2.641703e-13,-27.879446,2.3149195,0.7716398,0.112,0.0,0.12547612,25.05016,25.08016,2678400
hardzero_plus_depr__c0p54__z1p05__lam0p030__nu0p50__psi1p00,hardzero_plus_depr,0.02,34,837,0.0,1,0.50615144,0.50615144,1.0715104,0.0,0.084818296,0.0,0.0,2.563627e-13,-27.852812,2.3573701,0.7857901,0.136,0.0,0.14009343,25.08016,25.11016,2681600
hardzero_plus_depr__c0p54__z1p05__lam0p030__nu0p50__psi1p00,hardzero_plus_depr,0.02,34,838,0.0,1,0.50615144,0.50615144,1.0570027,0.0,0.08769954,0.0,0.0,2.4878586e-13,-28.176308,2.3254523,0.7751508,0.136,0.0,0.15737943,25.11016,25.140162,2684800
hardzero_plus_depr__c0p54__z1p05__lam0p030__nu0p50__psi1p00,hardzero_plus_depr,0.02,34,839,0.0,1,0.50615144,0.50615144,1.042827,0.09060935,0.09060935,1.0,2.1876086e-14,2.4143299e-13,-28.249386,2.2942653,0.76475513,0.18400002,0.0,0.14603284,25.140162,25.170162,2688000
hardzero_plus_depr__c0p54__z1p05__lam0p030__nu0p50__psi1p00,hardzero_plus_depr,0.02,34,840,0.0,1,0.50615144,0.50615144,1.0553389,0.0,0.08803618,0.0,0.0,2.342974e-13,-27.703379,2.321792,0.77393067,0.136,0.0,0.13797411,25.170162,25.200163,2691200
hardzero_plus_depr__c0p54__z1p05__lam0p030__nu0p50__psi1p00,hardzero_plus_depr,0.02,34,841,0.0,1,0.50615144,0.50615144,1.0296535,0.09339991,0.09339991,1.0,2.1236588e-14,2.2737269e-13,-27.807627,2.265283,0.7550944,0.14400001,0.0,0.14361443,25.200163,25.230164,2694400
hardzero_plus_depr__c0p54__z1p05__lam0p030__nu0p50__psi1p00,hardzero_plus_depr,0.02,34,842,0.0,1,0.50615144,0.50615144,1.0357777,0.092092074,0.092092074,1.0,2.0320361e-14,2.2065265e-13,-27.04049,2.2787564,0.7595855,0.104,0.0,0.123874106,25.230164,25.260164,2697600
hardzero_plus_depr__c0p54__z1p05__lam0p030__nu0p50__psi1p00,hardzero_plus_depr,0.02,34,843,0.0,1,0.50615144,0.50615144,1.0524663,0.0,0.088620394,0.0,0.0,2.1413124e-13,-27.536203,2.3154721,0.77182406,0.112,0.0,0.1524236,25.260164,25.290165,2700800
hardzero_plus_depr__c0p54__z1p05__lam0p030__nu0p50__psi1p00,hardzero_plus_depr,0.02,34,844,0.0,1,0.50615144,0.50615144,1.0650548,0.0,0.086088516,0.0,0.0,2.0780257e-13,-27.10397,2.3431673,0.7810558,0.128,0.0,0.1297496,25.290165,25.320166,2704000
hardzero_plus_depr__c0p54__z1p05__lam0p030__nu0p50__psi1p00,hardzero_plus_depr,0.02,34,845,0.0,1,0.50615144,0.50615144,0.98083425,0.1045119,0.1045119,1.0,2.1075967e-14,2.0166093e-13,-26.467964,2.1578784,0.7192928,0.17,0.0,0.12990148,25.320166,25.350166,2707200
hardzero_plus_depr__c0p54__z1p05__lam0p030__nu0p50__psi1p00,hardzero_plus_depr,0.02,34,846,0.0,1,0.50615144,0.50615144,1.0374882,0.091730066,0.091730066,1.0,1.7951649e-14,1.9570082e-13,-27.076376,2.2825196,0.7608399,0.17600001,0.0,0.14795433,25.350166,25.380167,2710400
hardzero_plus_depr__c0p54__z1p05__lam0p030__nu0p50__psi1p00,hardzero_plus_depr,0.02,34,847,0.0,1,0.50615144,0.50615144,1.0534234,0.0,0.08842532,0.0,0.0,1.8991685e-13,-28.118773,2.3175778,0.77252597,0.17600001,0.0,0.15062544,25.380167,25.410168,2713600
hardzero_plus_depr__c0p54__z1p05__lam0p030__nu0p50__psi1p00,hardzero_plus_depr,0.02,34,848,0.0,1,0.50615144,0.50615144,1.0634917,0.0,0.08639892,0.0,0.0,1.8430384e-13,-28.015848,2.3397286,0.77990955,0.15200001,0.0,0.14377865,25.410168,25.440168,2716800
hardzero_plus_depr__c0p54__z1p05__lam0p030__nu0p50__psi1p00,hardzero_plus_depr,0.02,34,849,0.0,1,0.50615144,0.50615144,1.0938958,0.0,0.080557175,0.0,0.0,1.7885671e-13,-28.1665,2.4066188,0.8022063,0.128,0.0,0.16040471,25.440168,25.47017,2720000
hardzero_plus_depr__c0p54__z1p05__lam0p030__nu0p50__psi1p00,hardzero_plus_depr,0.02,34,850,0.0,1,0.50615144,0.50615144,0.9969006,0.1007162,0.1007162,1.0,1.748137e-14,1.7357058e-13,-26.356268,2.1932251,0.73107505,0.17600001,0.0,0.14259046,25.47017,25.50017,2723200
hardzero_plus_depr__c0p54__z1p05__lam0p030__nu0p50__psi1p00,hardzero_plus_depr,0.02,34,851,0.0,1,0.50615144,0.50615144,1.0235183,0.09472871,0.09472871,1.0,1.595617e-14,1.6844069e-13,-27.389475,2.2517853,0.7505951,0.14400001,0.0,0.14467621,25.50017,25.53017,2726400
hardzero_plus_depr__c0p54__z1p05__lam0p030__nu0p50__psi1p00,hardzero_plus_depr,0.02,34,852,0.0,1,0.50615144,0.50615144,1.0300215,0.09332081,0.09332081,1.0,1.5254442e-14,1.6346238e-13,-27.131702,2.2660925,0.7553642,0.14400001,0.0,0.14594139,25.53017,25.560171,2729600
hardzero_plus_depr__c0p54__z1p05__lam0p030__nu0p50__psi1p00,hardzero_plus_depr,0.02,34,853,0.0,1,0.50615144,0.50615144,1.0892922,0.0,0.08141563,0.0,0.0,1.5863123e-13,-28.489391,2.3964906,0.7988302,0.096,0.0,0.19464566,25.560171,25.590172,2732800
hardzero_plus_depr__c0p54__z1p05__lam0p030__nu0p50__psi1p00,hardzero_plus_depr,0.02,34,854,0.0,1,0.50615144,0.50615144,1.0247712,0.09445583,0.09445583,1.0,1.4540801e-14,1.5394286e-13,-26.858599,2.2545416,0.7515139,0.18400002,0.0,0.15170217,25.590172,25.620173,2736000
hardzero_plus_depr__c0p54__z1p05__lam0p030__nu0p50__psi1p00,hardzero_plus_depr,0.02,34,855,0.0,1,0.50615144,0.50615144,0.99140483,0.10199882,0.10199882,1.0,1.5237916e-14,1.4939306e-13,-25.722267,2.1811342,0.72704476,0.18400002,0.0,0.118347935,25.620173,25.650173,2739200
hardzero_plus_depr__c0p54__z1p05__lam0p030__nu0p50__psi1p00,hardzero_plus_depr,0.02,34,856,0.0,1,0.50615144,0.50615144,1.0595006,0.0,0.08719657,0.0,0.0,1.4497774e-13,-27.515903,2.3309479,0.77698267,0.17600001,0.0,0.14494291,25.650173,25.680174,2742400
hardzero_plus_depr__c0p54__z1p05__lam0p030__nu0p50__psi1p00,hardzero_plus_depr,0.02,34,857,0.0,1,0.50615144,0.50615144,1.0705147,0.0,0.08501298,0.0,0.0,1.4069289e-13,-28.114983,2.3551793,0.7850598,0.128,0.0,0.16198327,25.680174,25.710175,2745600
hardzero_plus_depr__c0p54__z1p05__lam0p030__nu0p50__psi1p00,hardzero_plus_depr,0.02,34,858,0.0,1,0.50615144,0.50615144,1.074324,0.0,0.08427058,0.0,0.0,1.365347e-13,-27.588823,2.36356,0.78785336,0.099999994,0.0,0.15552273,25.710175,25.740175,2748800
hardzero_plus_depr__c0p54__z1p05__lam0p030__nu0p50__psi1p00,hardzero_plus_depr,0.02,34,859,0.0,1,0.50615144,0.50615144,0.9981146,0.10043508,0.10043508,1.0,1.3307589e-14,1.3249941e-13,-26.602058,2.195896,0.7319653,0.24000001,0.0,0.1828801,25.740175,25.770176,2752000
hardzero_plus_depr__c0p54__z1p05__lam0p030__nu0p50__psi1p00,hardzero_plus_depr,0.02,34,860,0.0,1,0.50615144,0.50615144,1.0566846,0.0,0.087763794,0.0,0.0,1.2858336e-13,-28.333893,2.3247526,0.77491754,0.16000001,0.0,0.16469789,25.770176,25.800177,2755200
hardzero_plus_depr__c0p54__z1p05__lam0p030__nu0p50__psi1p00,hardzero_plus_depr,0.02,34,861,0.0,1,0.50615144,0.50615144,1.0571272,0.0,0.08767439,0.0,0.0,1.2478308e-13,-28.375784,2.3257263,0.7752421,0.112,0.0,0.14453351,25.800177,25.830177,2758400
hardzero_plus_depr__c0p54__z1p05__lam0p030__nu0p50__psi1p00,hardzero_plus_depr,0.02,34,862,0.0,1,0.50615144,0.50615144,1.0111314,0.09746947,0.09746947,1.0,1.1803074e-14,1.2109508e-13,-26.168118,2.2245336,0.7415112,0.136,0.0,0.12171034,25.830177,25.860178,2761600
hardzero_plus_depr__c0p54__z1p05__lam0p030__nu0p50__psi1p00,hardzero_plus_depr,0.02,34,863,0.0,1,0.50615144,0.50615144,1.0417167,0.09084129,0.09084129,1.0,1.0675315e-14,1.175161e-13,-28.045008,2.2918224,0.7639408,0.208,0.0,0.17733005,25.860178,25.890179,2764800
hardzero_plus_depr__c0p54__z1p05__lam0p030__nu0p50__psi1p00,hardzero_plus_depr,0.02,34,864,0.0,1,0.50615144,0.50615144,1.0658878,0.0,0.08592355,0.0,0.0,1.140429e-13,-28.443846,2.345,0.7816667,0.128,0.0,0.17488483,25.890179,25.92018,2768000
hardzero_plus_depr__c0p54__z1p05__lam0p030__nu0p50__psi1p00,hardzero_plus_depr,0.02,34,865,0.0,1,0.50615144,0.50615144,1.0635103,0.0,0.08639521,0.0,0.0,1.1067234e-13,-28.670279,2.3397694,0.77992314,0.15200001,0.0,0.16844152,25.92018,25.95018,2771200
hardzero_plus_depr__c0p54__z1p05__lam0p030__nu0p50__psi1p00,hardzero_plus_depr,0.02,34,866,0.0,1,0.50615144,0.50615144,0.9955269,0.10103528,0.10103528,1.0,1.0851332e-14,1.0740141e-13,-25.876198,2.190203,0.7300677,0.17600001,0.0,0.14270237,25.95018,25.98018,2774400
hardzero_plus_depr__c0p54__z1p05__lam0p030__nu0p50__psi1p00,hardzero_plus_depr,0.02,34,867,0.0,1,0.50615144,0.50615144,1.0278043,0.093798466,0.093798466,1.0,9.776347e-15,1.0422715e-13,-27.158102,2.2612145,0.75373816,0.14400001,0.0,0.16592999,25.98018,26.010181,2777600
hardzero_plus_depr__c0p54__z1p05__lam0p030__nu0p50__psi1p00,hardzero_plus_depr,0.02,34,868,0.0,1,0.50615144,0.50615144,0.9748833,0.10595383,0.10595383,1.0,1.071688e-14,1.01146705e-13,-26.21281,2.1447861,0.71492875,0.224,0.0,0.13470376,26.010181,26.040182,2780800
hardzero_plus_depr__c0p54__z1p05__lam0p030__nu0p50__psi1p00,hardzero_plus_depr,0.02,34,869,0.0,1,0.50615144,0.50615144,1.0112574,0.09744119,0.09744119,1.0,9.564564e-15,9.8157295e-14,-26.77063,2.2248108,0.7416036,0.136,0.0,0.13597201,26.040182,26.070183,2784000
hardzero_plus_depr__c0p54__z1p05__lam0p030__nu0p50__psi1p00,hardzero_plus_depr,0.02,34,870,0.0,1,0.50615144,0.50615144,1.0416396,0.090857424,0.090857424,1.0,8.654737e-15,9.525625e-14,-27.492874,2.291653,0.7638843,0.08800001,0.0,0.13914077,26.070183,26.100183,2787200
hardzero_plus_depr__c0p54__z1p05__lam0p030__nu0p50__psi1p00,hardzero_plus_depr,0.02,34,871,0.0,1,0.50615144,0.50615144,1.0406425,0.091066256,0.091066256,1.0,8.41825e-15,9.2440934e-14,-28.360878,2.2894592,0.7631531,0.19,0.0,0.16298325,26.100183,26.130184,2790400
hardzero_plus_depr__c0p54__z1p05__lam0p030__nu0p50__psi1p00,hardzero_plus_depr,0.02,34,872,0.0,1,0.50615144,0.50615144,1.0169915,0.09616312,0.09616312,1.0,8.62668e-15,8.9708826e-14,-26.704105,2.237426,0.7458087,0.208,0.0,0.1348016,26.130184,26.160185,2793600
hardzero_plus_depr__c0p54__z1p05__lam0p030__nu0p50__psi1p00,hardzero_plus_depr,0.02,34,873,0.0,1,0.50615144,0.50615144,1.0118349,0.09731171,0.09731171,1.0,8.471712e-15,8.705748e-14,-26.557438,2.2260811,0.74202704,0.2,0.0,0.15476252,26.160185,26.190186,2796800
hardzero_plus_depr__c0p54__z1p05__lam0p030__nu0p50__psi1p00,hardzero_plus_depr,0.02,34,874,0.0,1,0.50615144,0.50615144,0.98508686,0.10349351,0.10349351,1.0,8.743595e-15,8.4484476e-14,-26.064512,2.1672344,0.7224115,0.208,0.0,0.16336869,26.190186,26.220186,2800000
hardzero_plus_depr__c0p54__z1p05__lam0p030__nu0p50__psi1p00,hardzero_plus_depr,0.02,34,875,0.0,1,0.50615144,0.50615144,1.0057839,0.098677024,0.098677024,1.0,8.090285e-15,8.198753e-14,-27.096018,2.2127688,0.7375896,0.128,0.0,0.15074371,26.220186,26.250187,2803200
hardzero_plus_depr__c0p54__z1p05__lam0p030__nu0p50__psi1p00,hardzero_plus_depr,0.02,34,876,0.0,1,0.50615144,0.50615144,1.0464183,0.089863166,0.089863166,1.0,7.149907e-15,7.956437e-14,-27.848577,2.3021662,0.76738876,0.14400001,0.0,0.15988879,26.250187,26.280188,2806400
hardzero_plus_depr__c0p54__z1p05__lam0p030__nu0p50__psi1p00,hardzero_plus_depr,0.02,34,877,0.0,1,0.50615144,0.50615144,1.0789709,0.0,0.08337369,0.0,0.0,7.721285e-14,-28.354086,2.3737833,0.79126114,0.112,0.0,0.16433188,26.280188,26.310188,2809600
hardzero_plus_depr__c0p54__z1p05__lam0p030__nu0p50__psi1p00,hardzero_plus_depr,0.02,34,878,0.0,1,0.50615144,0.50615144,1.0279118,0.093775235,0.093775235,1.0,7.0266537e-15,7.4930805e-14,-27.678627,2.261451,0.753817,0.192,0.0,0.14053535,26.310188,26.340189,2812800
hardzero_plus_depr__c0p54__z1p05__lam0p030__nu0p50__psi1p00,hardzero_plus_depr,0.02,34,879,0.0,1,0.50615144,0.50615144,1.0469971,0.08974347,0.08974347,1.0,6.5258057e-15,7.271621e-14,-26.8379,2.3034396,0.7678132,0.16000001,0.0,0.15673842,26.340189,26.37019,2816000
hardzero_plus_depr__c0p54__z1p05__lam0p030__nu0p50__psi1p00,hardzero_plus_depr,0.02,34,880,0.0,1,0.50615144,0.50615144,1.0710862,0.0,0.08490119,0.0,0.0,7.0567074e-14,-28.117535,2.3564367,0.78547895,0.16000001,0.0,0.16133764,26.37019,26.40019,2819200
hardzero_plus_depr__c0p54__z1p05__lam0p030__nu0p50__psi1p00,hardzero_plus_depr,0.02,34,881,0.0,1,0.50615144,0.50615144,0.9961405,0.10089264,0.10089264,1.0,6.909275e-15,6.8481455e-14,-27.844545,2.1915529,0.7305176,0.216,0.0,0.14839046,26.40019,26.430191,2822400
hardzero_plus_depr__c0p54__z1p05__lam0p030__nu0p50__psi1p00,hardzero_plus_depr,0.02,34,882,0.0,1,0.50615144,0.50615144,1.0071869,0.09835878,0.09835878,1.0,6.5366765e-15,6.645748e-14,-26.740349,2.2158554,0.7386185,0.18400002,0.0,0.14460403,26.430191,26.460192,2825600
hardzero_plus_depr__c0p54__z1p05__lam0p030__nu0p50__psi1p00,hardzero_plus_depr,0.02,34,883,0.0,1,0.50615144,0.50615144,1.0557352,0.0,0.08795586,0.0,0.0,6.449332e-14,-28.381083,2.3226638,0.7742213,0.120000005,0.0,0.15874588,26.460192,26.490192,2828800
hardzero_plus_depr__c0p54__z1p05__lam0p030__nu0p50__psi1p00,hardzero_plus_depr,0.02,34,884,0.0,1,0.50615144,0.50615144,1.0693634,0.0,0.08523867,0.0,0.0,6.258721e-14,-28.355055,2.3526464,0.78421545,0.14999999,0.0,0.12701088,26.490192,26.520193,2832000
hardzero_plus_depr__c0p54__z1p05__lam0p030__nu0p50__psi1p00,hardzero_plus_depr,0.02,34,885,0.0,1,0.50615144,0.50615144,1.0152149,0.09655728,0.09655728,1.0,5.8646423e-15,6.073744e-14,-26.867765,2.2335174,0.7445058,0.208,0.0,0.15665741,26.520193,26.550194,2835200
hardzero_plus_depr__c0p54__z1p05__lam0p030__nu0p50__psi1p00,hardzero_plus_depr,0.02,34,886,0.0,1,0.50615144,0.50615144,1.0243571,0.09454595,0.09454595,1.0,5.572759e-15,5.894233e-14,-27.019331,2.2536306,0.7512102,0.16000001,0.0,0.161397,26.550194,26.580194,2838400
hardzero_plus_depr__c0p54__z1p05__lam0p030__nu0p50__psi1p00,hardzero_plus_depr,0.02,34,887,0.0,1,0.50615144,0.50615144,1.0618256,0.0,0.086731,0.0,0.0,5.7200284e-14,-28.22465,2.336063,0.77868766,0.128,0.0,0.16381346,26.580194,26.610195,2841600
hardzero_plus_depr__c0p54__z1p05__lam0p030__nu0p50__psi1p00,hardzero_plus_depr,0.02,34,888,0.0,1,0.50615144,0.50615144,1.049642,0.089198604,0.089198604,1.0,4.95139e-15,5.5509725e-14,-27.08617,2.3092585,0.76975286,0.16800001,0.0,0.17250173,26.610195,26.640196,2844800
hardzero_plus_depr__c0p54__z1p05__lam0p030__nu0p50__psi1p00,hardzero_plus_depr,0.02,34,889,0.0,1,0.50615144,0.50615144,1.0425315,0.090671025,0.090671025,1.0,4.884369e-15,5.3869127e-14,-27.901926,2.293615,0.7645384,0.136,0.0,0.15936932,26.640196,26.670197,2848000
hardzero_plus_depr__c0p54__z1p05__lam0p030__nu0p50__psi1p00,hardzero_plus_depr,0.02,34,890,0.0,1,0.50615144,0.50615144,1.045609,0.090030774,0.090030774,1.0,4.7065403e-15,5.2277017e-14,-27.498013,2.3003857,0.7667953,0.224,0.0,0.18530644,26.670197,26.700197,2851200
hardzero_plus_depr__c0p54__z1p05__lam0p030__nu0p50__psi1p00,hardzero_plus_depr,0.02,34,891,0.0,1,0.50615144,0.50615144,1.0005018,0.099884525,0.099884525,1.0,5.0673378e-15,5.073196e-14,-26.664629,2.2011478,0.73371595,0.120000005,0.0,0.1351699,26.700197,26.730198,2854400
hardzero_plus_depr__c0p54__z1p05__lam0p030__nu0p50__psi1p00,hardzero_plus_depr,0.02,34,892,0.0,1,0.50615144,0.50615144,1.0064888,0.09851701,0.09851701,1.0,4.8502458e-15,4.9232574e-14,-26.209644,2.2143195,0.7381065,0.096,0.0,0.14664803,26.730198,26.760199,2857600
hardzero_plus_depr__c0p54__z1p05__lam0p030__nu0p50__psi1p00,hardzero_plus_depr,0.02,34,893,0.0,1,0.50615144,0.50615144,1.1120721,0.0,0.07725522,0.0,0.0,4.77775e-14,-27.806395,2.4466076,0.8155359,0.128,0.0,0.17261863,26.760199,26.7902,2860800
hardzero_plus_depr__c0p54__z1p05__lam0p030__nu0p50__psi1p00,hardzero_plus_depr,0.02,34,894,0.0,1,0.50615144,0.50615144,1.0372869,0.091772616,0.091772616,1.0,4.2550768e-15,4.6365428e-14,-27.093607,2.2820766,0.76069224,0.17600001,0.0,0.1348578,26.7902,26.8202,2864000
hardzero_plus_depr__c0p54__z1p05__lam0p030__nu0p50__psi1p00,hardzero_plus_depr,0.02,34,895,0.0,1,0.50615144,0.50615144,1.0577863,0.0,0.087541424,0.0,0.0,4.499509e-14,-27.369335,2.3271763,0.7757255,0.192,0.0,0.1367566,26.8202,26.8502,2867200
hardzero_plus_depr__c0p54__z1p05__lam0p030__nu0p50__psi1p00,hardzero_plus_depr,0.02,34,896,0.0,1,0.50615144,0.50615144,1.0416453,0.09085624,0.09085624,1.0,3.9672605e-15,4.3665253e-14,-27.709396,2.2916653,0.7638885,0.14400001,0.0,0.15049417,26.8502,26.880201,2870400
hardzero_plus_depr__c0p54__z1p05__lam0p030__nu0p50__psi1p00,hardzero_plus_depr,0.02,34,897,0.0,1,0.50615144,0.50615144,1.0148792,0.096631944,0.096631944,1.0,4.094752e-15,4.2374724e-14,-26.313866,2.2327788,0.7442596,0.19,0.0,0.14887515,26.880201,26.910202,2873600
hardzero_plus_depr__c0p54__z1p05__lam0p030__nu0p50__psi1p00,hardzero_plus_depr,0.02,34,898,0.0,1,0.50615144,0.50615144,1.026011,0.09418658,0.09418658,1.0,3.8731717e-15,4.112233e-14,-27.716122,2.2572691,0.75242305,0.136,0.0,0.14469247,26.910202,26.940203,2876800
hardzero_plus_depr__c0p54__z1p05__lam0p030__nu0p50__psi1p00,hardzero_plus_depr,0.02,34,899,0.0,1,0.50615144,0.50615144,1.0331353,0.09265411,0.09265411,1.0,3.6975436e-15,3.9906958e-14,-27.1008,2.272943,0.7576477,0.17600001,0.0,0.15995806,26.940203,26.970203,2880000
hardzero_plus_depr__c0p54__z1p05__lam0p030__nu0p50__psi1p00,hardzero_plus_depr,0.02,34,900,0.0,1,0.50615144,0.50615144,0.99524766,0.10110027,0.10110027,1.0,3.915361e-15,3.8727502e-14,-26.895496,2.1895885,0.72986287,0.18400002,0.0,0.1383234,26.970203,27.000204,2883200
hardzero_plus_depr__c0p54__z1p05__lam0p030__nu0p50__psi1p00,hardzero_plus_depr,0.02,34,901,0.0,1,0.50615144,0.50615144,1.0018245,0.09958076,0.09958076,1.0,3.742534e-15,3.7582906e-14,-26.375399,2.204058,0.734686,0.17600001,0.0,0.14274529,27.000204,27.030205,2886400
hardzero_plus_depr__c0p54__z1p05__lam0p030__nu0p50__psi1p00,hardzero_plus_depr,0.02,34,902,0.0,1,0.50615144,0.50615144,1.0043578,0.09900158,0.09900158,1.0,3.6107994e-15,3.647214e-14,-27.513306,2.2096312,0.7365438,0.18400002,0.0,0.15785047,27.030205,27.060205,2889600
hardzero_plus_depr__c0p54__z1p05__lam0p030__nu0p50__psi1p00,hardzero_plus_depr,0.02,34,903,0.0,1,0.50615144,0.50615144,0.99775946,0.10051725,0.10051725,1.0,3.5577273e-15,3.5394197e-14,-26.478617,2.1951146,0.7317049,0.192,0.0,0.1549996,27.060205,27.090206,2892800
hardzero_plus_depr__c0p54__z1p05__lam0p030__nu0p50__psi1p00,hardzero_plus_depr,0.02,34,904,0.0,1,0.50615144,0.50615144,1.0644499,0.0,0.086208485,0.0,0.0,3.4348118e-14,-27.417202,2.3418365,0.7806122,0.14400001,0.0,0.14611319,27.090206,27.120207,2896000
hardzero_plus_depr__c0p54__z1p05__lam0p030__nu0p50__psi1p00,hardzero_plus_depr,0.02,34,905,0.0,1,0.50615144,0.50615144,1.0085506,0.098050386,0.098050386,1.0,3.2683088e-15,3.3332952e-14,-27.721535,2.2188556,0.73961854,0.136,0.0,0.14928156,27.120207,27.150208,2899200
hardzero_plus_depr__c0p54__z1p05__lam0p030__nu0p50__psi1p00,hardzero_plus_depr,0.02,34,906,0.0,1,0.50615144,0.50615144,1.0682607,0.0,0.08545536,0.0,0.0,3.2347792e-14,-27.744223,2.3502204,0.78340685,0.15200001,0.0,0.17908879,27.150208,27.180208,2902400
hardzero_plus_depr__c0p54__z1p05__lam0p030__nu0p50__psi1p00,hardzero_plus_depr,0.02,34,907,0.0,1,0.50615144,0.50615144,1.0232749,0.09478182,0.09478182,1.0,2.9753676e-15,3.1391753e-14,-26.733252,2.2512498,0.75041664,0.208,0.0,0.15593795,27.180208,27.210209,2905600
hardzero_plus_depr__c0p54__z1p05__lam0p030__nu0p50__psi1p00,hardzero_plus_depr,0.02,34,908,0.0,1,0.50615144,0.50615144,1.0050608,0.098841466,0.098841466,1.0,3.0111032e-15,3.0463967e-14,-26.569588,2.2111778,0.7370593,0.224,0.0,0.14084943,27.210209,27.24021,2908800
hardzero_plus_depr__c0p54__z1p05__lam0p030__nu0p50__psi1p00,hardzero_plus_depr,0.02,34,909,0.0,1,0.50615144,0.50615144,1.0680264,0.0,0.085501455,0.0,0.0,2.9563598e-14,-27.607681,2.349705,0.783235,0.15200001,0.0,0.16518535,27.24021,27.27021,2912000
hardzero_plus_depr__c0p54__z1p05__lam0p030__nu0p50__psi1p00,hardzero_plus_depr,0.02,34,910,0.0,1,0.50615144,0.50615144,0.9941039,0.10136688,0.10136688,1.0,2.9081997e-15,2.8689843e-14,-26.333458,2.1870723,0.7290241,0.19,0.0,0.13597989,27.27021,27.30021,2915200
hardzero_plus_depr__c0p54__z1p05__lam0p030__nu0p50__psi1p00,hardzero_plus_depr,0.02,34,911,0.0,1,0.50615144,0.50615144,0.98249596,0.10411276,0.10411276,1.0,2.898698e-15,2.7841909e-14,-26.275312,2.1615343,0.72051144,0.2,0.0,0.14755125,27.30021,27.330212,2918400
hardzero_plus_depr__c0p54__z1p05__lam0p030__nu0p50__psi1p00,hardzero_plus_depr,0.02,34,912,0.0,1,0.50615144,0.50615144,1.0091834,0.09790764,0.09790764,1.0,2.6453703e-15,2.7019038e-14,-27.464766,2.2202477,0.7400826,0.15200001,0.0,0.16076379,27.330212,27.360212,2921600
hardzero_plus_depr__c0p54__z1p05__lam0p030__nu0p50__psi1p00,hardzero_plus_depr,0.02,34,913,0.0,1,0.50615144,0.50615144,0.9966817,0.10076699,0.10076699,1.0,2.6421596e-15,2.6220488e-14,-27.451391,2.1927435,0.73091453,0.15200001,0.0,0.16895731,27.360212,27.390213,2924800
hardzero_plus_depr__c0p54__z1p05__lam0p030__nu0p50__psi1p00,hardzero_plus_depr,0.02,34,914,0.0,1,0.50615144,0.50615144,0.9880062,0.10280016,0.10280016,1.0,2.6158052e-15,2.5445536e-14,-26.404474,2.173657,0.72455233,0.15200001,0.0,0.15769649,27.390213,27.420214,2928000
hardzero_plus_depr__c0p54__z1p05__lam0p030__nu0p50__psi1p00,hardzero_plus_depr,0.02,34,915,0.0,1,0.50615144,0.50615144,1.0223414,0.09498579,0.09498579,1.0,2.3455308e-15,2.469349e-14,-26.834122,2.249196,0.749732,0.16000001,0.008,0.15104131,27.420214,27.450214,2931200
hardzero_plus_depr__c0p54__z1p05__lam0p030__nu0p50__psi1p00,hardzero_plus_depr,0.02,34,916,0.0,1,0.50615144,0.50615144,1.0251685,0.09436946,0.09436946,1.0,2.2614388e-15,2.3963672e-14,-27.114756,2.255416,0.7518053,0.136,0.0,0.14377941,27.450214,27.480215,2934400
hardzero_plus_depr__c0p54__z1p05__lam0p030__nu0p50__psi1p00,hardzero_plus_depr,0.02,34,917,0.0,1,0.50615144,0.50615144,1.0171064,0.09613767,0.09613767,1.0,2.2357223e-15,2.3255423e-14,-26.723368,2.2376788,0.74589294,0.18400002,0.0,0.14851923,27.480215,27.510216,2937600
hardzero_plus_depr__c0p54__z1p05__lam0p030__nu0p50__psi1p00,hardzero_plus_depr,0.02,34,918,0.0,1,0.50615144,0.50615144,1.0010654,0.09975499,0.09975499,1.0,2.251281e-15,2.2568104e-14,-26.462543,2.2023878,0.7341293,0.14400001,0.0,0.13714235,27.510216,27.540216,2940800
hardzero_plus_depr__c0p54__z1p05__lam0p030__nu0p50__psi1p00,hardzero_plus_depr,0.02,34,919,0.0,1,0.50615144,0.50615144,1.0221246,0.0950332,0.0950332,1.0,2.0813317e-15,2.19011e-14,-26.821991,2.2487192,0.7495731,0.2,0.0,0.1519445,27.540216,27.570217,2944000
hardzero_plus_depr__c0p54__z1p05__lam0p030__nu0p50__psi1p00,hardzero_plus_depr,0.02,34,920,0.0,1,0.50615144,0.50615144,1.0497806,0.08917013,0.08917013,1.0,1.895205e-15,2.1253812e-14,-27.209486,2.3095634,0.7698545,0.096,0.0,0.1517998,27.570217,27.600218,2947200
hardzero_plus_depr__c0p54__z1p05__lam0p030__nu0p50__psi1p00,hardzero_plus_depr,0.02,34,921,0.0,1,0.50615144,0.50615144,1.0105511,0.09759978,0.09759978,1.0,2.0130591e-15,2.0625652e-14,-26.745132,2.2232568,0.74108565,0.16000001,0.0,0.15594852,27.600218,27.630219,2950400
hardzero_plus_depr__c0p54__z1p05__lam0p030__nu0p50__psi1p00,hardzero_plus_depr,0.02,34,922,0.0,1,0.50615144,0.50615144,0.9916163,0.10194918,0.10194918,1.0,2.0406207e-15,2.001606e-14,-27.222734,2.1815994,0.7271998,0.17600001,0.0,0.16953996,27.630219,27.66022,2953600
hardzero_plus_depr__c0p54__z1p05__lam0p030__nu0p50__psi1p00,hardzero_plus_depr,0.02,34,923,0.0,1,0.50615144,0.50615144,1.0597063,0.0,0.087155275,0.0,0.0,1.942448e-14,-27.464933,2.3314004,0.77713346,0.13,0.0,0.14241765,27.66022,27.69022,2956800
hardzero_plus_depr__c0p54__z1p05__lam0p030__nu0p50__psi1p00,hardzero_plus_depr,0.02,34,924,0.0,1,0.50615144,0.50615144,1.0085336,0.098054245,0.098054245,1.0,1.8483606e-15,1.8850388e-14,-26.708786,2.2188182,0.7396061,0.18400002,0.0,0.14038971,27.69022,27.72022,2960000
hardzero_plus_depr__c0p54__z1p05__lam0p030__nu0p50__psi1p00,hardzero_plus_depr,0.02,34,925,0.0,1,0.50615144,0.50615144,1.0708748,0.0,0.08494252,0.0,0.0,1.8293264e-14,-27.06262,2.3559716,0.78532386,0.16800001,0.0,0.16738696,27.72022,27.750221,2963200
hardzero_plus_depr__c0p54__z1p05__lam0p030__nu0p50__psi1p00,hardzero_plus_depr,0.02,34,926,0.0,1,0.50615144,0.50615144,1.0044096,0.0989898,0.0989898,1.0,1.7573264e-15,1.7752601e-14,-27.07212,2.2097452,0.73658174,0.17600001,0.0,0.13245578,27.750221,27.780222,2966400
hardzero_plus_depr__c0p54__z1p05__lam0p030__nu0p50__psi1p00,hardzero_plus_depr,0.02,34,927,0.0,1,0.50615144,0.50615144,1.076677,0.0,0.083815254,0.0,0.0,1.7227922e-14,-29.081985,2.3687367,0.7895789,0.216,0.0,0.15549457,27.780222,27.810223,2969600
hardzero_plus_depr__c0p54__z1p05__lam0p030__nu0p50__psi1p00,hardzero_plus_depr,0.02,34,928,0.0,1,0.50615144,0.50615144,1.0273259,0.09390185,0.09390185,1.0,1.5699214e-15,1.6718748e-14,-26.754044,2.260162,0.7533874,0.080000006,0.0,0.14077154,27.810223,27.840223,2972800
hardzero_plus_depr__c0p54__z1p05__lam0p030__nu0p50__psi1p00,hardzero_plus_depr,0.02,34,929,0.0,1,0.50615144,0.50615144,1.0366887,0.091899104,0.091899104,1.0,1.4910283e-15,1.6224623e-14,-27.639254,2.2807608,0.7602536,0.120000005,0.0,0.17292443,27.840223,27.870224,2976000
hardzero_plus_depr__c0p54__z1p05__lam0p030__nu0p50__psi1p00,hardzero_plus_depr,0.02,34,930,0.0,1,0.50615144,0.50615144,1.0447536,0.09020829,0.09020829,1.0,1.4203389e-15,1.5745104e-14,-27.089561,2.2985036,0.7661679,0.18400002,0.0,0.16379759,27.870224,27.900225,2979200
hardzero_plus_depr__c0p54__z1p05__lam0p030__nu0p50__psi1p00,hardzero_plus_depr,0.02,34,931,0.0,1,0.50615144,0.50615144,1.0396742,0.09126953,0.09126953,1.0,1.3945759e-15,1.5279753e-14,-28.778702,2.2873287,0.76244295,0.104,0.0,0.1541665,27.900225,27.930225,2982400
hardzero_plus_depr__c0p54__z1p05__lam0p030__nu0p50__psi1p00,hardzero_plus_depr,0.02,34,932,0.0,1,0.50615144,0.50615144,1.0207345,0.09533787,0.09533787,1.0,1.4136851e-15,1.4828159e-14,-27.19105,2.2456608,0.74855363,0.14400001,0.0,0.15753889,27.930225,27.960226,2985600
hardzero_plus_depr__c0p54__z1p05__lam0p030__nu0p50__psi1p00,hardzero_plus_depr,0.02,34,933,0.0,1,0.50615144,0.50615144,1.0420326,0.09077523,0.09077523,1.0,1.3062474e-15,1.438991e-14,-28.084055,2.2925174,0.7641725,0.18400002,0.0,0.16595848,27.960226,27.990227,2988800
hardzero_plus_depr__c0p54__z1p05__lam0p030__nu0p50__psi1p00,hardzero_plus_depr,0.02,34,934,0.0,1,0.50615144,0.50615144,1.082759,0.0,0.08264964,0.0,0.0,1.3964615e-14,-29.627266,2.3821175,0.7940392,0.120000005,0.0,0.15879978,27.990227,28.020227,2992000
hardzero_plus_depr__c0p54__z1p05__lam0p030__nu0p50__psi1p00,hardzero_plus_depr,0.02,34,935,0.0,1,0.50615144,0.50615144,1.0219576,0.09506975,0.09506975,1.0,1.2883747e-15,1.3551889e-14,-27.132252,2.2483516,0.74945056,0.14400001,0.0,0.15551436,28.020227,28.050228,2995200
hardzero_plus_depr__c0p54__z1p05__lam0p030__nu0p50__psi1p00,hardzero_plus_depr,0.02,34,936,0.0,1,0.50615144,0.50615144,1.0587327,0.0,0.08735086,0.0,0.0,1.3151361e-14,-28.142918,2.3292587,0.7764196,0.099999994,0.0,0.17431788,28.050228,28.080229,2998400
hardzero_plus_depr__c0p54__z1p05__lam0p030__nu0p50__psi1p00,hardzero_plus_depr,0.02,34,937,0.0,1,0.50615144,0.50615144,1.0041776,0.09904269,0.09904269,1.0,1.2640493e-15,1.27626715e-14,-26.848623,2.2092347,0.7364116,0.14400001,0.0,0.15202148,28.080229,28.11023,3001600
hardzero_plus_depr__c0p54__z1p05__lam0p030__nu0p50__psi1p00,hardzero_plus_depr,0.02,34,938,0.0,1,0.50615144,0.50615144,1.0300965,0.09330468,0.09330468,1.0,1.1556221e-15,1.2385468e-14,-27.478916,2.2662575,0.7554192,0.128,0.0,0.16474348,28.11023,28.14023,3004800
hardzero_plus_depr__c0p54__z1p05__lam0p030__nu0p50__psi1p00,hardzero_plus_depr,0.02,34,939,0.0,1,0.50615144,0.50615144,1.0370454,0.09182365,0.09182365,1.0,1.1036666e-15,1.20194145e-14,-27.41668,2.2815454,0.76051515,0.120000005,0.0,0.14414226,28.14023,28.17023,3008000
hardzero_plus_depr__c0p54__z1p05__lam0p030__nu0p50__psi1p00,hardzero_plus_depr,0.02,34,940,0.0,1,0.50615144,0.50615144,1.0086926,0.09801834,0.09801834,1.0,1.1433036e-15,1.166418e-14,-26.984388,2.2191682,0.7397227,0.16000001,0.0,0.1520224,28.17023,28.200232,3011200
hardzero_plus_depr__c0p54__z1p05__lam0p030__nu0p50__psi1p00,hardzero_plus_depr,0.02,34,941,0.0,1,0.50615144,0.50615144,1.0129836,0.09705467,0.09705467,1.0,1.0986047e-15,1.13194425e-14,-27.108398,2.2286084,0.7428695,0.17600001,0.008,0.15473056,28.200232,28.230232,3014400
hardzero_plus_depr__c0p54__z1p05__lam0p030__nu0p50__psi1p00,hardzero_plus_depr,0.02,34,942,0.0,1,0.50615144,0.50615144,1.0963551,0.0,0.08010227,0.0,0.0,1.0984894e-14,-28.344242,2.4120293,0.8040098,0.120000005,0.0,0.1774646,28.230232,28.260233,3017600
hardzero_plus_depr__c0p54__z1p05__lam0p030__nu0p50__psi1p00,hardzero_plus_depr,0.02,34,943,0.0,1,0.50615144,0.50615144,1.0243244,0.09455305,0.09455305,1.0,1.0079577e-15,1.0660234e-14,-26.34366,2.2535586,0.75118625,0.14400001,0.0,0.15275896,28.260233,28.290234,3020800
hardzero_plus_depr__c0p54__z1p05__lam0p030__nu0p50__psi1p00,hardzero_plus_depr,0.02,34,944,0.0,1,0.50615144,0.50615144,1.0467292,0.089798845,0.089798845,1.0,9.289844e-16,1.0345171e-14,-27.33877,2.3028502,0.76761675,0.128,0.0,0.17398591,28.290234,28.320234,3024000
hardzero_plus_depr__c0p54__z1p05__lam0p030__nu0p50__psi1p00,hardzero_plus_depr,0.02,34,945,0.0,1,0.50615144,0.50615144,1.0306154,0.09319327,0.09319327,1.0,9.356061e-16,1.0039417e-14,-28.162357,2.2673993,0.7557998,0.136,0.0,0.16026956,28.320234,28.350235,3027200
hardzero_plus_depr__c0p54__z1p05__lam0p030__nu0p50__psi1p00,hardzero_plus_depr,0.02,34,946,0.0,1,0.50615144,0.50615144,1.0432974,0.090511255,0.090511255,1.0,8.818241e-16,9.742701e-15,-27.611319,2.2953002,0.7651001,0.15200001,0.0,0.16237064,28.350235,28.380236,3030400
hardzero_plus_depr__c0p54__z1p05__lam0p030__nu0p50__psi1p00,hardzero_plus_depr,0.02,34,947,0.0,1,0.50615144,0.50615144,1.0047815,0.098905064,0.098905064,1.0,9.351231e-16,9.4547546e-15,-26.55532,2.2105634,0.7368545,0.192,0.0,0.15800026,28.380236,28.410236,3033600
hardzero_plus_depr__c0p54__z1p05__lam0p030__nu0p50__psi1p00,hardzero_plus_depr,0.02,34,948,0.0,1,0.50615144,0.50615144,1.015763,0.09643551,0.09643551,1.0,8.8482645e-16,9.1753175e-15,-26.842932,2.2347233,0.7449078,0.208,0.0,0.14487109,28.410236,28.440237,3036800
hardzero_plus_depr__c0p54__z1p05__lam0p030__nu0p50__psi1p00,hardzero_plus_depr,0.02,34,949,0.0,1,0.50615144,0.50615144,1.045376,0.09007911,0.09007911,1.0,8.02077e-16,8.90414e-15,-28.150368,2.299873,0.7666244,0.17,0.0,0.15696076,28.440237,28.470238,3040000
hardzero_plus_depr__c0p54__z1p05__lam0p030__nu0p50__psi1p00,hardzero_plus_depr,0.02,34,950,0.0,1,0.50615144,0.50615144,1.0291438,0.0935096,0.0935096,1.0,8.080143e-16,8.640977e-15,-27.302032,2.2641616,0.75472057,0.128,0.0,0.16960554,28.470238,28.500238,3043200
hardzero_plus_depr__c0p54__z1p05__lam0p030__nu0p50__psi1p00,hardzero_plus_depr,0.02,34,951,0.0,1,0.50615144,0.50615144,0.9873194,0.10296286,0.10296286,1.0,8.6340445e-16,8.3855914e-15,-26.480263,2.172146,0.72404873,0.128,0.0,0.12802228,28.500238,28.53024,3046400
hardzero_plus_depr__c0p54__z1p05__lam0p030__nu0p50__psi1p00,hardzero_plus_depr,0.02,34,952,0.0,1,0.50615144,0.50615144,0.99653304,0.10080148,0.10080148,1.0,8.2029773e-16,8.137755e-15,-26.969416,2.1924164,0.7308055,0.136,0.0,0.15086293,28.53024,28.56024,3049600
hardzero_plus_depr__c0p54__z1p05__lam0p030__nu0p50__psi1p00,hardzero_plus_depr,0.02,34,953,0.0,1,0.50615144,0.50615144,1.0349154,0.09227511,0.09227511,1.0,7.287189e-16,7.897242e-15,-27.148115,2.2768595,0.7589532,0.208,0.0,0.15841761,28.56024,28.59024,3052800
hardzero_plus_depr__c0p54__z1p05__lam0p030__nu0p50__psi1p00,hardzero_plus_depr,0.02,34,954,0.0,1,0.50615144,0.50615144,1.0798594,0.0,0.083203316,0.0,0.0,7.663838e-15,-27.6826,2.3757381,0.79191273,0.16000001,0.0,0.15246052,28.59024,28.620241,3056000
hardzero_plus_depr__c0p54__z1p05__lam0p030__nu0p50__psi1p00,hardzero_plus_depr,0.02,34,955,0.0,1,0.50615144,0.50615144,1.0229523,0.09485225,0.09485225,1.0,7.054477e-16,7.437332e-15,-27.277452,2.25054,0.75018,0.128,0.0,0.15724033,28.620241,28.650242,3059200
hardzero_plus_depr__c0p54__z1p05__lam0p030__nu0p50__psi1p00,hardzero_plus_depr,0.02,34,956,0.0,1,0.50615144,0.50615144,1.020557,0.095376834,0.095376834,1.0,6.8838426e-16,7.21752e-15,-27.146767,2.2452703,0.74842346,0.18400002,0.0,0.15246738,28.650242,28.680243,3062400
hardzero_plus_depr__c0p54__z1p05__lam0p030__nu0p50__psi1p00,hardzero_plus_depr,0.02,34,957,0.0,1,0.50615144,0.50615144,1.0176301,0.09602181,0.09602181,1.0,6.7255655e-16,7.004206e-15,-27.378527,2.2388308,0.746277,0.2,0.016,0.15318581,28.680243,28.710243,3065600
hardzero_plus_depr__c0p54__z1p05__lam0p030__nu0p50__psi1p00,hardzero_plus_depr,0.02,34,958,0.0,1,0.50615144,0.50615144,1.0684,0.0,0.08542794,0.0,0.0,6.7971963e-15,-27.7231,2.350527,0.783509,0.14400001,0.0,0.20728528,28.710243,28.740244,3068800
hardzero_plus_depr__c0p54__z1p05__lam0p030__nu0p50__psi1p00,hardzero_plus_depr,0.02,34,959,0.0,1,0.50615144,0.50615144,0.9975894,0.1005566,0.1005566,1.0,6.6330187e-16,6.596304e-15,-26.384825,2.1947405,0.7315802,0.112,0.0,0.11683439,28.740244,28.770245,3072000
hardzero_plus_depr__c0p54__z1p05__lam0p030__nu0p50__psi1p00,hardzero_plus_depr,0.02,34,960,0.0,1,0.50615144,0.50615144,1.0131725,0.097012445,0.097012445,1.0,6.210105e-16,6.401349e-15,-27.008324,2.229024,0.743008,0.2,0.0,0.12000659,28.770245,28.800245,3075200
hardzero_plus_depr__c0p54__z1p05__lam0p030__nu0p50__psi1p00,hardzero_plus_depr,0.02,34,961,0.0,1,0.50615144,0.50615144,1.013936,0.096842036,0.096842036,1.0,6.0159785e-16,6.212156e-15,-26.786863,2.2307038,0.74356794,0.216,0.0,0.121883534,28.800245,28.830246,3078400
hardzero_plus_depr__c0p54__z1p05__lam0p030__nu0p50__psi1p00,hardzero_plus_depr,0.02,34,962,0.0,1,0.50615144,0.50615144,1.0509287,0.0,0.08893471,0.0,0.0,6.0285554e-15,-27.445976,2.3120892,0.7706964,0.089999996,0.0,0.14427248,28.830246,28.860247,3081600
hardzero_plus_depr__c0p54__z1p05__lam0p030__nu0p50__psi1p00,hardzero_plus_depr,0.02,34,963,0.0,1,0.50615144,0.50615144,1.0328866,0.092707165,0.092707165,1.0,5.423722e-16,5.8503803e-15,-26.834583,2.2723958,0.7574653,0.192,0.008,0.15415622,28.860247,28.890247,3084800
hardzero_plus_depr__c0p54__z1p05__lam0p030__nu0p50__psi1p00,hardzero_plus_depr,0.02,34,964,0.0,1,0.50615144,0.50615144,0.97202116,0.106654406,0.106654406,1.0,6.055274e-16,5.6774717e-15,-27.071323,2.1384892,0.71282977,0.128,0.0,0.13594574,28.890247,28.920248,3088000
hardzero_plus_depr__c0p54__z1p05__lam0p030__nu0p50__psi1p00,hardzero_plus_depr,0.02,34,965,0.0,1,0.50615144,0.50615144,1.0751723,0.0,0.08410613,0.0,0.0,5.509673e-15,-27.25886,2.3654263,0.78847545,0.14400001,0.0,0.15944433,28.920248,28.950249,3091200
hardzero_plus_depr__c0p54__z1p05__lam0p030__nu0p50__psi1p00,hardzero_plus_depr,0.02,34,966,0.0,1,0.50615144,0.50615144,1.005113,0.09882959,0.09882959,1.0,5.284254e-16,5.346834e-15,-26.807526,2.2112927,0.7370976,0.16000001,0.0,0.16262332,28.950249,28.98025,3094400
hardzero_plus_depr__c0p54__z1p05__lam0p030__nu0p50__psi1p00,hardzero_plus_depr,0.02,34,967,0.0,1,0.50615144,0.50615144,1.0537627,0.0,0.08835626,0.0,0.0,5.188808e-15,-28.560865,2.318324,0.7727747,0.17600001,0.0,0.1928838,28.98025,29.01025,3097600
hardzero_plus_depr__c0p54__z1p05__lam0p030__nu0p50__psi1p00,hardzero_plus_depr,0.02,34,968,0.0,1,0.50615144,0.50615144,1.0611801,0.0,0.08686,0.0,0.0,5.0354516e-15,-27.813908,2.334643,0.77821434,0.120000005,0.0,0.17673096,29.01025,29.04025,3100800
hardzero_plus_depr__c0p54__z1p05__lam0p030__nu0p50__psi1p00,hardzero_plus_depr,0.02,34,969,0.0,1,0.50615144,0.50615144,1.0485071,0.08943199,0.08943199,1.0,4.3702096e-16,4.8866288e-15,-27.361908,2.3067617,0.7689206,0.16800001,0.0,0.14107679,29.04025,29.070251,3104000
hardzero_plus_depr__c0p54__z1p05__lam0p030__nu0p50__psi1p00,hardzero_plus_depr,0.02,34,970,0.0,1,0.50615144,0.50615144,1.0078773,0.098202534,0.098202534,1.0,4.6569644e-16,4.7422037e-15,-27.538853,2.2173746,0.7391249,0.2,0.0,0.15994126,29.070251,29.100252,3107200
hardzero_plus_depr__c0p54__z1p05__lam0p030__nu0p50__psi1p00,hardzero_plus_depr,0.02,34,971,0.0,1,0.50615144,0.50615144,0.97278386,0.10646726,0.10646726,1.0,4.899673e-16,4.602047e-15,-26.307562,2.1401672,0.7133891,0.208,0.0,0.15422224,29.100252,29.130253,3110400
hardzero_plus_depr__c0p54__z1p05__lam0p030__nu0p50__psi1p00,hardzero_plus_depr,0.02,34,972,0.0,1,0.50615144,0.50615144,1.0345572,0.092351235,0.092351235,1.0,4.1244366e-16,4.466033e-15,-27.574226,2.2760713,0.7586905,0.136,0.0,0.14824134,29.130253,29.160254,3113600
hardzero_plus_depr__c0p54__z1p05__lam0p030__nu0p50__psi1p00,hardzero_plus_depr,0.02,34,973,0.0,1,0.50615144,0.50615144,1.0741763,0.0,0.08429924,0.0,0.0,4.334039e-15,-27.889292,2.363235,0.787745,0.120000005,0.0,0.1533557,29.160254,29.190254,3116800
hardzero_plus_depr__c0p54__z1p05__lam0p030__nu0p50__psi1p00,hardzero_plus_depr,0.02,34,974,0.0,1,0.50615144,0.50615144,0.9885998,0.10265974,0.10265974,1.0,4.3178127e-16,4.2059455e-15,-26.62754,2.174963,0.7249877,0.18400002,0.0,0.15585527,29.190254,29.220255,3120000
hardzero_plus_depr__c0p54__z1p05__lam0p030__nu0p50__psi1p00,hardzero_plus_depr,0.02,34,975,0.0,1,0.50615144,0.50615144,1.0335349,0.092568904,0.092568904,1.0,3.7783284e-16,4.0816387e-15,-28.338135,2.273822,0.7579407,0.17,0.0,0.13892779,29.220255,29.250256,3123200
hardzero_plus_depr__c0p54__z1p05__lam0p030__nu0p50__psi1p00,hardzero_plus_depr,0.02,34,976,0.0,1,0.50615144,0.50615144,1.0585911,0.0,0.08737935,0.0,0.0,3.961005e-15,-28.823442,2.328947,0.7763157,0.128,0.0,0.16564804,29.250256,29.280256,3126400
hardzero_plus_depr__c0p54__z1p05__lam0p030__nu0p50__psi1p00,hardzero_plus_depr,0.02,34,977,0.0,1,0.50615144,0.50615144,1.0542499,0.0,0.08825719,0.0,0.0,3.843937e-15,-27.776777,2.319396,0.773132,0.120000005,0.0,0.15533698,29.280256,29.310257,3129600
hardzero_plus_depr__c0p54__z1p05__lam0p030__nu0p50__psi1p00,hardzero_plus_depr,0.02,34,978,0.0,1,0.50615144,0.50615144,1.0914626,0.0,0.08100977,0.0,0.0,3.7303293e-15,-27.974823,2.4012656,0.8004219,0.17600001,0.0,0.17023914,29.310257,29.340258,3132800
hardzero_plus_depr__c0p54__z1p05__lam0p030__nu0p50__psi1p00,hardzero_plus_depr,0.02,34,979,0.0,1,0.50615144,0.50615144,1.083652,0.0,0.082479864,0.0,0.0,3.6200786e-15,-29.008347,2.384082,0.79469407,0.14400001,0.0,0.1779141,29.340258,29.370258,3136000
hardzero_plus_depr__c0p54__z1p05__lam0p030__nu0p50__psi1p00,hardzero_plus_depr,0.02,34,980,0.0,1,0.50615144,0.50615144,0.98622435,0.10322281,0.10322281,1.0,3.6263069e-16,3.5130867e-15,-27.12277,2.1697369,0.7232456,0.16800001,0.0,0.14274725,29.370258,29.400259,3139200
hardzero_plus_depr__c0p54__z1p05__lam0p030__nu0p50__psi1p00,hardzero_plus_depr,0.02,34,981,0.0,1,0.50615144,0.50615144,1.0228914,0.09486556,0.09486556,1.0,3.2342106e-16,3.4092568e-15,-26.061329,2.250406,0.75013536,0.16000001,0.0,0.13638349,29.400259,29.43026,3142400
hardzero_plus_depr__c0p54__z1p05__lam0p030__nu0p50__psi1p00,hardzero_plus_depr,0.02,34,982,0.0,1,0.50615144,0.50615144,1.0222541,0.09500488,0.09500488,1.0,3.1432323e-16,3.3084957e-15,-27.452862,2.249004,0.749668,0.128,0.0,0.14259838,29.43026,29.46026,3145600
hardzero_plus_depr__c0p54__z1p05__lam0p030__nu0p50__psi1p00,hardzero_plus_depr,0.02,34,983,0.0,1,0.50615144,0.50615144,0.9940284,0.101384506,0.101384506,1.0,3.2551654e-16,3.210713e-15,-26.735918,2.186906,0.72896874,0.18400002,0.0,0.13361034,29.46026,29.490261,3148800
hardzero_plus_depr__c0p54__z1p05__lam0p030__nu0p50__psi1p00,hardzero_plus_depr,0.02,34,984,0.0,1,0.50615144,0.50615144,1.0161208,0.0963561,0.0963561,1.0,3.0022826e-16,3.1158198e-15,-25.711784,2.2355103,0.7451701,0.112,0.0,0.13048449,29.490261,29.520262,3152000
hardzero_plus_depr__c0p54__z1p05__lam0p030__nu0p50__psi1p00,hardzero_plus_depr,0.02,34,985,0.0,1,0.50615144,0.50615144,1.0161837,0.09634214,0.09634214,1.0,2.913127e-16,3.023731e-15,-27.27547,2.2356489,0.7452163,0.16800001,0.0,0.15828408,29.520262,29.550262,3155200
hardzero_plus_depr__c0p54__z1p05__lam0p030__nu0p50__psi1p00,hardzero_plus_depr,0.02,34,986,0.0,1,0.50615144,0.50615144,1.0789295,0.0,0.083381645,0.0,0.0,2.9343646e-15,-28.30776,2.3736925,0.79123086,0.15200001,0.0,0.16900602,29.550262,29.580263,3158400
hardzero_plus_depr__c0p54__z1p05__lam0p030__nu0p50__psi1p00,hardzero_plus_depr,0.02,34,987,0.0,1,0.50615144,0.50615144,1.0487413,0.08938377,0.08938377,1.0,2.545327e-16,2.847639e-15,-26.77396,2.307277,0.7690923,0.14400001,0.008,0.18476963,29.580263,29.610264,3161600
hardzero_plus_depr__c0p54__z1p05__lam0p030__nu0p50__psi1p00,hardzero_plus_depr,0.02,34,988,0.0,1,0.50615144,0.50615144,1.0004883,0.099887624,0.099887624,1.0,2.760371e-16,2.7634765e-15,-27.59984,2.2011182,0.7337061,0.17999999,0.0,0.14405866,29.610264,29.640265,3164800
hardzero_plus_depr__c0p54__z1p05__lam0p030__nu0p50__psi1p00,hardzero_plus_depr,0.02,34,989,0.0,1,0.50615144,0.50615144,1.0028597,0.099343695,0.099343695,1.0,2.6642013e-16,2.681802e-15,-27.354134,2.2063355,0.7354452,0.120000005,0.0,0.13926241,29.640265,29.670265,3168000
hardzero_plus_depr__c0p54__z1p05__lam0p030__nu0p50__psi1p00,hardzero_plus_depr,0.02,34,990,0.0,1,0.50615144,0.50615144,1.0334288,0.09259151,0.09259151,1.0,2.4097317e-16,2.6025407e-15,-26.717731,2.2735887,0.7578629,0.128,0.0,0.17317219,29.670265,29.700266,3171200
hardzero_plus_depr__c0p54__z1p05__lam0p030__nu0p50__psi1p00,hardzero_plus_depr,0.02,34,991,0.0,1,0.50615144,0.50615144,0.9940166,0.10138726,0.10138726,1.0,2.5606592e-16,2.5256223e-15,-25.647911,2.18688,0.72896004,0.224,0.0,0.12466454,29.700266,29.730267,3174400
hardzero_plus_depr__c0p54__z1p05__lam0p030__nu0p50__psi1p00,hardzero_plus_depr,0.02,34,992,0.0,1,0.50615144,0.50615144,1.102496,0.0,0.07897761,0.0,0.0,2.4509773e-15,-28.896818,2.4255397,0.8085133,0.128,0.0,0.15096532,29.730267,29.760267,3177600
hardzero_plus_depr__c0p54__z1p05__lam0p030__nu0p50__psi1p00,hardzero_plus_depr,0.02,34,993,0.0,1,0.50615144,0.50615144,1.0366309,0.09191135,0.09191135,1.0,2.1861466e-16,2.3785382e-15,-28.89388,2.2806334,0.76021117,0.16800001,0.0,0.16073927,29.760267,29.790268,3180800
hardzero_plus_depr__c0p54__z1p05__lam0p030__nu0p50__psi1p00,hardzero_plus_depr,0.02,34,994,0.0,1,0.50615144,0.50615144,1.0180796,0.09592248,0.09592248,1.0,2.2141211e-16,2.3082402e-15,-27.68977,2.23982,0.7466067,0.15200001,0.0,0.14152682,29.790268,29.820269,3184000
hardzero_plus_depr__c0p54__z1p05__lam0p030__nu0p50__psi1p00,hardzero_plus_depr,0.02,34,995,0.0,1,0.50615144,0.50615144,0.99144524,0.101989344,0.101989344,1.0,2.2845815e-16,2.2400197e-15,-27.165504,2.1812232,0.7270744,0.16000001,0.0,0.13065292,29.820269,29.85027,3187200
hardzero_plus_depr__c0p54__z1p05__lam0p030__nu0p50__psi1p00,hardzero_plus_depr,0.02,34,996,0.0,1,0.50615144,0.50615144,1.058163,0.0,0.087465525,0.0,0.0,2.1738158e-15,-28.298746,2.328005,0.7760017,0.120000005,0.0,0.14013207,29.85027,29.88027,3190400
hardzero_plus_depr__c0p54__z1p05__lam0p030__nu0p50__psi1p00,hardzero_plus_depr,0.02,34,997,0.0,1,0.50615144,0.50615144,1.0202116,0.09545274,0.09545274,1.0,2.0136408e-16,2.1095684e-15,-26.868675,2.2445102,0.7481701,0.120000005,0.0,0.14797924,29.88027,29.91027,3193600
hardzero_plus_depr__c0p54__z1p05__lam0p030__nu0p50__psi1p00,hardzero_plus_depr,0.02,34,998,0.0,1,0.50615144,0.50615144,1.0801486,0.0,0.08314793,0.0,0.0,2.0472198e-15,-28.832697,2.3763742,0.79212475,0.08800001,0.0,0.15282656,29.91027,29.940271,3196800
hardzero_plus_depr__c0p54__z1p05__lam0p030__nu0p50__psi1p00,hardzero_plus_depr,0.02,34,999,0.0,1,0.50615144,0.50615144,1.0666299,0.0,0.08577685,0.0,0.0,1.9867139e-15,-28.04523,2.3466327,0.78221095,0.15200001,0.0,0.15438113,29.940271,29.970272,3200000
hardzero_plus_depr__c0p54__z1p05__lam0p030__nu0p50__psi1p00,hardzero_plus_depr,0.02,34,1000,0.0,1,0.50615144,0.50615144,1.0374595,0.09173615,0.09173615,1.0,1.7686696e-16,1.9279963e-15,-27.479649,2.2824564,0.76081884,0.15200001,0.0,0.15637983,29.970272,30.000273,3203200
hardzero_plus_depr__c0p54__z1p05__lam0p030__nu0p50__psi1p00,hardzero_plus_depr,0.02,34,1001,0.0,1,0.50615144,0.50615144,1.0575218,0.0,0.08759476,0.0,0.0,1.8710143e-15,-27.97126,2.3265946,0.77553153,0.14,0.0,0.16657177,30.000273,30.030273,3206400
hardzero_plus_depr__c0p54__z1p05__lam0p030__nu0p50__psi1p00,hardzero_plus_depr,0.02,34,1002,0.0,1,0.50615144,0.50615144,0.97980416,0.10476007,0.10476007,1.0,1.9021455e-16,1.8157161e-15,-26.739048,2.1556122,0.71853745,0.16000001,0.0,0.16443749,30.030273,30.060274,3209600
hardzero_plus_depr__c0p54__z1p05__lam0p030__nu0p50__psi1p00,hardzero_plus_depr,0.02,34,1003,0.0,1,0.50615144,0.50615144,1.0629472,0.0,0.08650732,0.0,0.0,1.7620524e-15,-27.779951,2.3385305,0.7795102,0.128,0.0,0.15279151,30.060274,30.090275,3212800
hardzero_plus_depr__c0p54__z1p05__lam0p030__nu0p50__psi1p00,hardzero_plus_depr,0.02,34,1004,0.0,1,0.50615144,0.50615144,1.0524662,0.0,0.08862042,0.0,0.0,1.7099748e-15,-27.243353,2.3154716,0.7718239,0.16800001,0.0,0.14428242,30.090275,30.120275,3216000
hardzero_plus_depr__c0p54__z1p05__lam0p030__nu0p50__psi1p00,hardzero_plus_depr,0.02,34,1005,0.0,1,0.50615144,0.50615144,1.0455441,0.090044215,0.090044215,1.0,1.4942261e-16,1.659436e-15,-27.211504,2.3002431,0.7667477,0.15200001,0.0,0.15836444,30.120275,30.150276,3219200
hardzero_plus_depr__c0p54__z1p05__lam0p030__nu0p50__psi1p00,hardzero_plus_depr,0.02,34,1006,0.0,1,0.50615144,0.50615144,1.0575953,0.0,0.08757996,0.0,0.0,1.6103913e-15,-27.829348,2.326756,0.77558535,0.136,0.0,0.17800413,30.150276,30.180277,3222400
hardzero_plus_depr__c0p54__z1p05__lam0p030__nu0p50__psi1p00,hardzero_plus_depr,0.02,34,1007,0.0,1,0.50615144,0.50615144,1.0123516,0.09719599,0.09719599,1.0,1.5189749e-16,1.5627959e-15,-27.026268,2.2272182,0.7424061,0.15200001,0.008,0.15755741,30.180277,30.210278,3225600
hardzero_plus_depr__c0p54__z1p05__lam0p030__nu0p50__psi1p00,hardzero_plus_depr,0.02,34,1008,0.0,1,0.50615144,0.50615144,1.0200484,0.09548862,0.09548862,1.0,1.4481875e-16,1.5166073e-15,-27.57889,2.244151,0.7480504,0.23200001,0.0,0.17276396,30.210278,30.240278,3228800
hardzero_plus_depr__c0p54__z1p05__lam0p030__nu0p50__psi1p00,hardzero_plus_depr,0.02,34,1009,0.0,1,0.50615144,0.50615144,1.0724896,0.0,0.08462727,0.0,0.0,1.4717838e-15,-28.262177,2.3595243,0.7865081,0.112,0.0,0.18962242,30.240278,30.270279,3232000
hardzero_plus_depr__c0p54__z1p05__lam0p030__nu0p50__psi1p00,hardzero_plus_depr,0.02,34,1010,0.0,1,0.50615144,0.50615144,1.0243261,0.094552696,0.094552696,1.0,1.350482e-16,1.428285e-15,-27.653961,2.2535625,0.7511875,0.18400002,0.0,0.17817849,30.270279,30.30028,3235200
hardzero_plus_depr__c0p54__z1p05__lam0p030__nu0p50__psi1p00,hardzero_plus_depr,0.02,34,1011,0.0,1,0.50615144,0.50615144,1.0588889,0.0,0.08731946,0.0,0.0,1.3860719e-15,-28.590822,2.329602,0.776534,0.15200001,0.0,0.17841756,30.30028,30.33028,3238400
hardzero_plus_depr__c0p54__z1p05__lam0p030__nu0p50__psi1p00,hardzero_plus_depr,0.02,34,1012,0.0,1,0.50615144,0.50615144,1.0243608,0.09454514,0.09454514,1.0,1.2717326e-16,1.3451063e-15,-27.94574,2.2536387,0.75121295,0.128,0.0,0.15880556,30.33028,30.360281,3241600
hardzero_plus_depr__c0p54__z1p05__lam0p030__nu0p50__psi1p00,hardzero_plus_depr,0.02,34,1013,0.0,1,0.50615144,0.50615144,0.99585193,0.100959696,0.100959696,1.0,1.317879e-16,1.3053516e-15,-26.289,2.190918,0.730306,0.16800001,0.0,0.13281131,30.360281,30.390282,3244800
hardzero_plus_depr__c0p54__z1p05__lam0p030__nu0p50__psi1p00,hardzero_plus_depr,0.02,34,1014,0.0,1,0.50615144,0.50615144,1.0328513,0.092714705,0.092714705,1.0,1.1744837e-16,1.2667718e-15,-26.607979,2.2723184,0.7574395,0.12,0.0,0.12470724,30.390282,30.420282,3248000
hardzero_plus_depr__c0p54__z1p05__lam0p030__nu0p50__psi1p00,hardzero_plus_depr,0.02,34,1015,0.0,1,0.50615144,0.50615144,1.0873998,0.0,0.08177116,0.0,0.0,1.2293321e-15,-29.017786,2.3923273,0.79744244,0.104,0.0,0.18307167,30.420282,30.450283,3251200
hardzero_plus_depr__c0p54__z1p05__lam0p030__nu0p50__psi1p00,hardzero_plus_depr,0.02,34,1016,0.0,1,0.50615144,0.50615144,1.097229,0.0,0.07994126,0.0,0.0,1.192999e-15,-28.647131,2.413952,0.8046507,0.18400002,0.0,0.20334476,30.450283,30.480284,3254400
hardzero_plus_depr__c0p54__z1p05__lam0p030__nu0p50__psi1p00,hardzero_plus_depr,0.02,34,1017,0.0,1,0.50615144,0.50615144,1.1178492,0.0,0.07623437,0.0,0.0,1.1577398e-15,-29.494205,2.4593174,0.8197725,0.096,0.0,0.16002737,30.480284,30.510284,3257600
hardzero_plus_depr__c0p54__z1p05__lam0p030__nu0p50__psi1p00,hardzero_plus_depr,0.02,34,1018,0.0,1,0.50615144,0.50615144,1.068941,0.0,0.085321605,0.0,0.0,1.1235226e-15,-27.99929,2.3517172,0.78390574,0.136,0.0,0.1565876,30.510284,30.540285,3260800
hardzero_plus_depr__c0p54__z1p05__lam0p030__nu0p50__psi1p00,hardzero_plus_depr,0.02,34,1019,0.0,1,0.50615144,0.50615144,1.0781227,0.0,0.083536685,0.0,0.0,1.0903168e-15,-28.376575,2.3719175,0.79063916,0.08800001,0.0,0.14906797,30.540285,30.570286,3264000
hardzero_plus_depr__c0p54__z1p05__lam0p030__nu0p50__psi1p00,hardzero_plus_depr,0.02,34,1020,0.0,1,0.50615144,0.50615144,1.0721747,0.0,0.08468868,0.0,0.0,1.0580923e-15,-27.93068,2.3588314,0.7862772,0.096,0.0,0.15743323,30.570286,30.600286,3267200
hardzero_plus_depr__c0p54__z1p05__lam0p030__nu0p50__psi1p00,hardzero_plus_depr,0.02,34,1021,0.0,1,0.50615144,0.50615144,1.0228417,0.09487642,0.09487642,1.0,9.742103e-17,1.0268202e-15,-28.095858,2.2502966,0.7500989,0.24800001,0.0,0.16617756,30.600286,30.630287,3270400
hardzero_plus_depr__c0p54__z1p05__lam0p030__nu0p50__psi1p00,hardzero_plus_depr,0.02,34,1022,0.0,1,0.50615144,0.50615144,1.041793,0.09082533,0.09082533,1.0,9.0504934e-17,9.964724e-16,-27.00213,2.2919903,0.7639968,0.136,0.0,0.15190326,30.630287,30.660288,3273600
hardzero_plus_depr__c0p54__z1p05__lam0p030__nu0p50__psi1p00,hardzero_plus_depr,0.02,34,1023,0.0,1,0.50615144,0.50615144,1.0453445,0.09008563,0.09008563,1.0,8.7114745e-17,9.670215e-16,-27.829453,2.2998037,0.76660126,0.136,0.0,0.16752622,30.660288,30.690289,3276800
hardzero_plus_depr__c0p54__z1p05__lam0p030__nu0p50__psi1p00,hardzero_plus_depr,0.02,34,1024,0.0,1,0.50615144,0.50615144,1.0162231,0.096333414,0.096333414,1.0,9.040324e-17,9.384411e-16,-27.054562,2.2357354,0.74524516,0.16000001,0.0,0.14310741,30.690289,30.72029,3280000
hardzero_plus_depr__c0p54__z1p05__lam0p030__nu0p50__psi1p00,hardzero_plus_depr,0.02,34,1025,0.0,1,0.50615144,0.50615144,1.0831748,0.0,0.08257055,0.0,0.0,9.107054e-16,-27.631153,2.3830323,0.7943441,0.18400002,0.0,0.1609653,30.72029,30.75029,3283200
hardzero_plus_depr__c0p54__z1p05__lam0p030__nu0p50__psi1p00,hardzero_plus_depr,0.02,34,1026,0.0,1,0.50615144,0.50615144,1.0343264,0.092400335,0.092400335,1.0,8.166243e-17,8.8378936e-16,-26.920275,2.2755635,0.7585212,0.096,0.0,0.13322031,30.75029,30.78029,3286400
hardzero_plus_depr__c0p54__z1p05__lam0p030__nu0p50__psi1p00,hardzero_plus_depr,0.02,34,1027,0.0,1,0.50615144,0.50615144,1.0176011,0.09602822,0.09602822,1.0,8.2360415e-17,8.576688e-16,-26.628359,2.2387671,0.74625576,0.13,0.0,0.17237994,30.78029,30.810291,3289600
hardzero_plus_depr__c0p54__z1p05__lam0p030__nu0p50__psi1p00,hardzero_plus_depr,0.02,34,1028,0.0,1,0.50615144,0.50615144,1.0008087,0.09981397,0.09981397,1.0,8.307719e-17,8.323203e-16,-25.886549,2.2018232,0.7339411,0.14400001,0.0,0.13612927,30.810291,30.840292,3292800
hardzero_plus_depr__c0p54__z1p05__lam0p030__nu0p50__psi1p00,hardzero_plus_depr,0.02,34,1029,0.0,1,0.50615144,0.50615144,1.0741787,0.0,0.084298775,0.0,0.0,8.07721e-16,-28.180624,2.3632402,0.7877468,0.064,0.0,0.17558165,30.840292,30.870293,3296000
hardzero_plus_depr__c0p54__z1p05__lam0p030__nu0p50__psi1p00,hardzero_plus_depr,0.02,34,1030,0.0,1,0.50615144,0.50615144,1.0260926,0.094168864,0.094168864,1.0,7.381414e-17,7.838487e-16,-27.718836,2.257449,0.752483,0.216,0.0,0.16915658,30.870293,30.900293,3299200
hardzero_plus_depr__c0p54__z1p05__lam0p030__nu0p50__psi1p00,hardzero_plus_depr,0.02,34,1031,0.0,1,0.50615144,0.50615144,1.0133489,0.09697304,0.09697304,1.0,7.376564e-17,7.606819e-16,-27.573423,2.229412,0.74313736,0.16000001,0.0,0.14375822,30.900293,30.930294,3302400
hardzero_plus_depr__c0p54__z1p05__lam0p030__nu0p50__psi1p00,hardzero_plus_depr,0.02,34,1032,0.0,1,0.50615144,0.50615144,1.1174067,0.0,0.07631207,0.0,0.0,7.3819985e-16,-29.760784,2.458344,0.819448,0.120000005,0.0,0.15776077,30.930294,30.960295,3305600
hardzero_plus_depr__c0p54__z1p05__lam0p030__nu0p50__psi1p00,hardzero_plus_depr,0.02,34,1033,0.0,1,0.50615144,0.50615144,1.0424471,0.09068864,0.09068864,1.0,6.496774e-17,7.163823e-16,-27.501904,2.2934294,0.7644765,0.17600001,0.0,0.14693019,30.960295,30.990295,3308800
hardzero_plus_depr__c0p54__z1p05__lam0p030__nu0p50__psi1p00,hardzero_plus_depr,0.02,34,1034,0.0,1,0.50615144,0.50615144,1.0194849,0.09561259,0.09561259,1.0,6.6470785e-17,6.9520954e-16,-26.925371,2.2429116,0.7476372,0.128,0.0,0.1468073,30.990295,31.020296,3312000
hardzero_plus_depr__c0p54__z1p05__lam0p030__nu0p50__psi1p00,hardzero_plus_depr,0.02,34,1035,0.0,1,0.50615144,0.50615144,0.9937835,0.10144171,0.10144171,1.0,6.843892e-17,6.746625e-16,-26.594946,2.1863673,0.7287891,0.16000001,0.0,0.1262827,31.020296,31.050297,3315200
hardzero_plus_depr__c0p54__z1p05__lam0p030__nu0p50__psi1p00,hardzero_plus_depr,0.02,34,1036,0.0,1,0.50615144,0.50615144,1.0193644,0.09563914,0.09563914,1.0,6.261712e-17,6.547228e-16,-27.422398,2.2426465,0.7475488,0.18400002,0.0,0.14058606,31.050297,31.080297,3318400
hardzero_plus_depr__c0p54__z1p05__lam0p030__nu0p50__psi1p00,hardzero_plus_depr,0.02,34,1037,0.0,1,0.50615144,0.50615144,1.0084467,0.09807386,0.09807386,1.0,6.2313415e-17,6.353723e-16,-26.72394,2.218627,0.73954237,0.16800001,0.0,0.1501579,31.080297,31.110298,3321600
hardzero_plus_depr__c0p54__z1p05__lam0p030__nu0p50__psi1p00,hardzero_plus_depr,0.02,34,1038,0.0,1,0.50615144,0.50615144,1.0330973,0.09266222,0.09266222,1.0,5.713495e-17,6.165938e-16,-27.205591,2.2728593,0.7576198,0.16000001,0.0,0.13277927,31.110298,31.140299,3324800
hardzero_plus_depr__c0p54__z1p05__lam0p030__nu0p50__psi1p00,hardzero_plus_depr,0.02,34,1039,0.0,1,0.50615144,0.50615144,1.0109507,0.09751003,0.09751003,1.0,5.8347104e-17,5.983703e-16,-26.535975,2.2241359,0.74137866,0.14400001,0.0,0.12574445,31.140299,31.1703,3328000
hardzero_plus_depr__c0p54__z1p05__lam0p030__nu0p50__psi1p00,hardzero_plus_depr,0.02,34,1040,0.0,1,0.50615144,0.50615144,1.0327948,0.092726775,0.092726775,1.0,5.3845084e-17,5.806854e-16,-27.514526,2.272194,0.757398,0.17,0.0,0.16011734,31.1703,31.2003,3331200
hardzero_plus_depr__c0p54__z1p05__lam0p030__nu0p50__psi1p00,hardzero_plus_depr,0.02,34,1041,0.0,1,0.50615144,0.50615144,0.9906959,0.10216546,0.10216546,1.0,5.75726e-17,5.6352313e-16,-26.424507,2.1795745,0.72652483,0.128,0.0,0.15289555,31.2003,31.2303,3334400
hardzero_plus_depr__c0p54__z1p05__lam0p030__nu0p50__psi1p00,hardzero_plus_depr,0.02,34,1042,0.0,1,0.50615144,0.50615144,1.0671757,0.0,0.08566911,0.0,0.0,5.4686813e-16,-28.275078,2.3478334,0.78261113,0.18400002,0.0,0.14589302,31.2303,31.260302,3337600
hardzero_plus_depr__c0p54__z1p05__lam0p030__nu0p50__psi1p00,hardzero_plus_depr,0.02,34,1043,0.0,1,0.50615144,0.50615144,1.0138639,0.09685813,0.09685813,1.0,5.1403134e-17,5.307054e-16,-26.97288,2.2305453,0.74351513,0.14400001,0.0,0.1425052,31.260302,31.290302,3340800
hardzero_plus_depr__c0p54__z1p05__lam0p030__nu0p50__psi1p00,hardzero_plus_depr,0.02,34,1044,0.0,1,0.50615144,0.50615144,1.0233306,0.09476967,0.09476967,1.0,4.8808308e-17,5.1502033e-16,-27.387312,2.251372,0.7504574,0.16800001,0.0,0.16164793,31.290302,31.320303,3344000
hardzero_plus_depr__c0p54__z1p05__lam0p030__nu0p50__psi1p00,hardzero_plus_depr,0.02,34,1045,0.0,1,0.50615144,0.50615144,1.0024432,0.099439,0.099439,1.0,4.9699496e-17,4.9979883e-16,-26.17438,2.205419,0.7351397,0.15200001,0.0,0.14196067,31.320303,31.350304,3347200
hardzero_plus_depr__c0p54__z1p05__lam0p030__nu0p50__psi1p00,hardzero_plus_depr,0.02,34,1046,0.0,1,0.50615144,0.50615144,1.0219744,0.09506606,0.09506606,1.0,4.6109628e-17,4.850272e-16,-26.694798,2.2483888,0.74946296,0.15200001,0.0,0.14240298,31.350304,31.380304,3350400
hardzero_plus_depr__c0p54__z1p05__lam0p030__nu0p50__psi1p00,hardzero_plus_depr,0.02,34,1047,0.0,1,0.50615144,0.50615144,1.0457695,0.089997515,0.089997515,1.0,4.2361127e-17,4.706922e-16,-27.259962,2.3007388,0.76691294,0.16000001,0.0,0.16916141,31.380304,31.410305,3353600
hardzero_plus_depr__c0p54__z1p05__lam0p030__nu0p50__psi1p00,hardzero_plus_depr,0.02,34,1048,0.0,1,0.50615144,0.50615144,1.0435047,0.090468064,0.090468064,1.0,4.1324074e-17,4.567808e-16,-27.793875,2.295756,0.76525205,0.15200001,0.0,0.15455964,31.410305,31.440306,3356800
hardzero_plus_depr__c0p54__z1p05__lam0p030__nu0p50__psi1p00,hardzero_plus_depr,0.02,34,1049,0.0,1,0.50615144,0.50615144,1.05477,0.0,0.08815157,0.0,0.0,4.4328058e-16,-27.538095,2.3205402,0.77351344,0.15200001,0.0,0.16921824,31.440306,31.470306,3360000
hardzero_plus_depr__c0p54__z1p05__lam0p030__nu0p50__psi1p00,hardzero_plus_depr,0.02,34,1050,0.0,1,0.50615144,0.50615144,1.0375528,0.09171642,0.09171642,1.0,3.9454513e-17,4.3017937e-16,-27.577126,2.282662,0.7608873,0.120000005,0.0,0.17072737,31.470306,31.500307,3363200
hardzero_plus_depr__c0p54__z1p05__lam0p030__nu0p50__psi1p00,hardzero_plus_depr,0.02,34,1051,0.0,1,0.50615144,0.50615144,1.0971929,0.0,0.079947904,0.0,0.0,4.1746535e-16,-28.367428,2.4138725,0.8046242,0.112,0.0,0.20278506,31.500307,31.530308,3366400
hardzero_plus_depr__c0p54__z1p05__lam0p030__nu0p50__psi1p00,hardzero_plus_depr,0.02,34,1052,0.0,1,0.50615144,0.50615144,1.0206089,0.095365465,0.095365465,1.0,3.8635135e-17,4.051271e-16,-27.24139,2.2453845,0.7484615,0.120000005,0.0,0.12761764,31.530308,31.560308,3369600
hardzero_plus_depr__c0p54__z1p05__lam0p030__nu0p50__psi1p00,hardzero_plus_depr,0.02,34,1053,0.0,1,0.50615144,0.50615144,1.0329249,0.092699006,0.092699006,1.0,3.644494e-17,3.9315352e-16,-27.48989,2.2724802,0.75749344,0.24,0.0,0.15943706,31.560308,31.59031,3372800
hardzero_plus_depr__c0p54__z1p05__lam0p030__nu0p50__psi1p00,hardzero_plus_depr,0.02,34,1054,0.0,1,0.50615144,0.50615144,1.042385,0.09070161,0.09070161,1.0,3.4605733e-17,3.8153384e-16,-27.604528,2.2932928,0.76443094,0.15200001,0.0,0.14641312,31.59031,31.62031,3376000
hardzero_plus_depr__c0p54__z1p05__lam0p030__nu0p50__psi1p00,hardzero_plus_depr,0.02,34,1055,0.0,1,0.50615144,0.50615144,1.0745946,0.0,0.08421808,0.0,0.0,3.7025753e-16,-27.865042,2.3641553,0.7880518,0.104,0.0,0.16650991,31.62031,31.65031,3379200
hardzero_plus_depr__c0p54__z1p05__lam0p030__nu0p50__psi1p00,hardzero_plus_depr,0.02,34,1056,0.0,1,0.50615144,0.50615144,1.0787183,0.0,0.083422214,0.0,0.0,3.5931455e-16,-28.384647,2.3732276,0.7910759,0.136,0.0,0.13071585,31.65031,31.680311,3382400
hardzero_plus_depr__c0p54__z1p05__lam0p030__nu0p50__psi1p00,hardzero_plus_depr,0.02,34,1057,0.0,1,0.50615144,0.50615144,1.0820115,0.0,0.08279202,0.0,0.0,3.4869493e-16,-27.150501,2.3804727,0.7934909,0.112,0.0,0.15099458,31.680311,31.710312,3385600
hardzero_plus_depr__c0p54__z1p05__lam0p030__nu0p50__psi1p00,hardzero_plus_depr,0.02,34,1058,0.0,1,0.50615144,0.50615144,1.0507271,0.0,0.08897599,0.0,0.0,3.383892e-16,-27.937796,2.3116457,0.7705486,0.14400001,0.0,0.14386651,31.710312,31.740313,3388800
hardzero_plus_depr__c0p54__z1p05__lam0p030__nu0p50__psi1p00,hardzero_plus_depr,0.02,34,1059,0.0,1,0.50615144,0.50615144,1.0197396,0.095556535,0.095556535,1.0,3.1379626e-17,3.2838806e-16,-26.788055,2.2434719,0.74782395,0.192,0.008,0.14361355,31.740313,31.770313,3392000
hardzero_plus_depr__c0p54__z1p05__lam0p030__nu0p50__psi1p00,hardzero_plus_depr,0.02,34,1060,0.0,1,0.50615144,0.50615144,1.0080371,0.09816641,0.09816641,1.0,3.128392e-17,3.1868251e-16,-26.863604,2.217726,0.739242,0.18400002,0.0,0.14740942,31.770313,31.800314,3395200
hardzero_plus_depr__c0p54__z1p05__lam0p030__nu0p50__psi1p00,hardzero_plus_depr,0.02,34,1061,0.0,1,0.50615144,0.50615144,1.0281624,0.09372115,0.09372115,1.0,2.8984564e-17,3.0926385e-16,-27.632755,2.2620025,0.75400084,0.136,0.0,0.13252617,31.800314,31.830315,3398400
hardzero_plus_depr__c0p54__z1p05__lam0p030__nu0p50__psi1p00,hardzero_plus_depr,0.02,34,1062,0.0,1,0.50615144,0.50615144,1.0391223,0.09138558,0.09138558,1.0,2.742696e-17,3.001235e-16,-27.96589,2.2861147,0.76203823,0.16000001,0.0,0.19680573,31.830315,31.860315,3401600
hardzero_plus_depr__c0p54__z1p05__lam0p030__nu0p50__psi1p00,hardzero_plus_depr,0.02,34,1063,0.0,1,0.50615144,0.50615144,1.0941687,0.0,0.08050656,0.0,0.0,2.9125328e-16,-28.187069,2.4072192,0.80240643,0.14400001,0.0,0.15800993,31.860315,31.890316,3404800
hardzero_plus_depr__c0p54__z1p05__lam0p030__nu0p50__psi1p00,hardzero_plus_depr,0.02,34,1064,0.0,1,0.50615144,0.50615144,1.04426,0.09031086,0.09031086,1.0,2.5525938e-17,2.8264529e-16,-28.267965,2.2974179,0.76580596,0.112,0.0,0.1444057,31.890316,31.920317,3408000
hardzero_plus_depr__c0p54__z1p05__lam0p030__nu0p50__psi1p00,hardzero_plus_depr,0.02,34,1065,0.0,1,0.50615144,0.50615144,0.98588437,0.10330363,0.10330363,1.0,2.8335327e-17,2.7429166e-16,-26.285686,2.168989,0.72299635,0.16000001,0.0,0.13494152,31.920317,31.950317,3411200
hardzero_plus_depr__c0p54__z1p05__lam0p030__nu0p50__psi1p00,hardzero_plus_depr,0.02,34,1066,0.0,1,0.50615144,0.50615144,1.0612389,0.0,0.08684826,0.0,0.0,2.6618492e-16,-27.424198,2.334772,0.77825737,0.17999999,0.0,0.1809421,31.950317,31.980318,3414400
hardzero_plus_depr__c0p54__z1p05__lam0p030__nu0p50__psi1p00,hardzero_plus_depr,0.02,34,1067,0.0,1,0.50615144,0.50615144,1.0614687,0.0,0.086802304,0.0,0.0,2.5831779e-16,-27.883926,2.3352778,0.77842593,0.128,0.0,0.13678467,31.980318,32.01032,3417600
hardzero_plus_depr__c0p54__z1p05__lam0p030__nu0p50__psi1p00,hardzero_plus_depr,0.02,34,1068,0.0,1,0.50615144,0.50615144,1.0901182,0.0,0.081260934,0.0,0.0,2.5068319e-16,-28.333733,2.3983078,0.799436,0.112,0.0,0.16575456,32.01032,32.040318,3420800
hardzero_plus_depr__c0p54__z1p05__lam0p030__nu0p50__psi1p00,hardzero_plus_depr,0.02,34,1069,0.0,1,0.50615144,0.50615144,1.0326502,0.09275764,0.09275764,1.0,2.2565585e-17,2.4327467e-16,-27.469126,2.2718759,0.757292,0.128,0.0,0.15521863,32.040318,32.070316,3424000
hardzero_plus_depr__c0p54__z1p05__lam0p030__nu0p50__psi1p00,hardzero_plus_depr,0.02,34,1070,0.0,1,0.50615144,0.50615144,1.0551863,0.0,0.0880671,0.0,0.0,2.360851e-16,-27.236504,2.3214562,0.77381873,0.136,0.0,0.17390738,32.070316,32.100315,3427200
hardzero_plus_depr__c0p54__z1p05__lam0p030__nu0p50__psi1p00,hardzero_plus_depr,0.02,34,1071,0.0,1,0.50615144,0.50615144,1.0099678,0.09773097,0.09773097,1.0,2.2390949e-17,2.29108e-16,-26.855122,2.2219734,0.7406578,0.192,0.0,0.15336958,32.100315,32.130314,3430400
hardzero_plus_depr__c0p54__z1p05__lam0p030__nu0p50__psi1p00,hardzero_plus_depr,0.02,34,1072,0.0,1,0.50615144,0.50615144,1.0621911,0.0,0.08665803,0.0,0.0,2.2233712e-16,-28.324694,2.336867,0.7789557,0.18400002,0.0,0.18275815,32.130314,32.160313,3433600
hardzero_plus_depr__c0p54__z1p05__lam0p030__nu0p50__psi1p00,hardzero_plus_depr,0.02,34,1073,0.0,1,0.50615144,0.50615144,1.0984195,0.0,0.07972241,0.0,0.0,2.1576633e-16,-28.723417,2.4165714,0.8055238,0.136,0.0,0.18770707,32.160313,32.19031,3436800
hardzero_plus_depr__c0p54__z1p05__lam0p030__nu0p50__psi1p00,hardzero_plus_depr,0.02,34,1074,0.0,1,0.50615144,0.50615144,1.1019498,0.0,0.079077,0.0,0.0,2.0938972e-16,-28.753466,2.424338,0.80811274,0.16800001,0.0,0.19797742,32.19031,32.22031,3440000
hardzero_plus_depr__c0p54__z1p05__lam0p030__nu0p50__psi1p00,hardzero_plus_depr,0.02,34,1075,0.0,1,0.50615144,0.50615144,1.0608692,0.0,0.08692221,0.0,0.0,2.0320158e-16,-28.409647,2.3339589,0.7779863,0.16000001,0.0,0.1650439,32.22031,32.25031,3443200
hardzero_plus_depr__c0p54__z1p05__lam0p030__nu0p50__psi1p00,hardzero_plus_depr,0.02,34,1076,0.0,1,0.50615144,0.50615144,1.0529047,0.0,0.08853098,0.0,0.0,1.9719628e-16,-27.788134,2.3164368,0.7721456,0.16000001,0.0,0.15457118,32.25031,32.280308,3446400
hardzero_plus_depr__c0p54__z1p05__lam0p030__nu0p50__psi1p00,hardzero_plus_depr,0.02,34,1077,0.0,1,0.50615144,0.50615144,1.0107814,0.097548045,0.097548045,1.0,1.8667625e-17,1.9136851e-16,-27.47002,2.2237635,0.7412545,0.16800001,0.0,0.16820365,32.280308,32.310307,3449600
hardzero_plus_depr__c0p54__z1p05__lam0p030__nu0p50__psi1p00,hardzero_plus_depr,0.02,34,1078,0.0,1,0.50615144,0.50615144,0.9953489,0.1010767,0.1010767,1.0,1.8771251e-17,1.8571294e-16,-27.584328,2.1898112,0.7299371,0.2,0.0,0.15810949,32.310307,32.340305,3452800
hardzero_plus_depr__c0p54__z1p05__lam0p030__nu0p50__psi1p00,hardzero_plus_depr,0.02,34,1079,0.0,1,0.50615144,0.50615144,1.0689796,0.0,0.08531402,0.0,0.0,1.802245e-16,-28.849463,2.351802,0.78393406,0.11,0.0,0.12890749,32.340305,32.370304,3456000
hardzero_plus_depr__c0p54__z1p05__lam0p030__nu0p50__psi1p00,hardzero_plus_depr,0.02,34,1080,0.0,1,0.50615144,0.50615144,0.99695706,0.10070312,0.10070312,1.0,1.7612803e-17,1.7489827e-16,-27.198387,2.1933494,0.7311165,0.16000001,0.0,0.15520433,32.370304,32.400303,3459200
hardzero_plus_depr__c0p54__z1p05__lam0p030__nu0p50__psi1p00,hardzero_plus_depr,0.02,34,1081,0.0,1,0.50615144,0.50615144,1.0465393,0.089838125,0.089838125,1.0,1.5248176e-17,1.6972945e-16,-27.572649,2.3024325,0.7674775,0.136,0.0,0.15722664,32.400303,32.4303,3462400
hardzero_plus_depr__c0p54__z1p05__lam0p030__nu0p50__psi1p00,hardzero_plus_depr,0.02,34,1082,0.0,1,0.50615144,0.50615144,1.0353097,0.092191376,0.092191376,1.0,1.5185153e-17,1.6471339e-16,-27.962267,2.277727,0.7592423,0.17600001,0.0,0.18815751,32.4303,32.4603,3465600
hardzero_plus_depr__c0p54__z1p05__lam0p030__nu0p50__psi1p00,hardzero_plus_depr,0.02,34,1083,0.0,1,0.50615144,0.50615144,1.0670084,0.0,0.085702114,0.0,0.0,1.5984559e-16,-27.697813,2.3474653,0.78248847,0.16000001,0.0,0.15850523,32.4603,32.4903,3468800
hardzero_plus_depr__c0p54__z1p05__lam0p030__nu0p50__psi1p00,hardzero_plus_depr,0.02,34,1084,0.0,1,0.50615144,0.50615144,1.0468907,0.08976545,0.08976545,1.0,1.3924563e-17,1.5512163e-16,-26.975664,2.3032057,0.76773524,0.15200001,0.0,0.16309862,32.4903,32.520298,3472000
hardzero_plus_depr__c0p54__z1p05__lam0p030__nu0p50__psi1p00,hardzero_plus_depr,0.02,34,1085,0.0,1,0.50615144,0.50615144,1.0009946,0.099771254,0.099771254,1.0,1.5019292e-17,1.5053726e-16,-27.013641,2.2022321,0.7340774,0.15200001,0.0,0.14866416,32.520298,32.550297,3475200
hardzero_plus_depr__c0p54__z1p05__lam0p030__nu0p50__psi1p00,hardzero_plus_depr,0.02,34,1086,0.0,1,0.50615144,0.50615144,0.972249,0.106598474,0.106598474,1.0,1.55728e-17,1.460884e-16,-26.653698,2.1389904,0.71299684,0.2,0.0,0.16090573,32.550297,32.580296,3478400
hardzero_plus_depr__c0p54__z1p05__lam0p030__nu0p50__psi1p00,hardzero_plus_depr,0.02,34,1087,0.0,1,0.50615144,0.50615144,0.9787173,0.10502258,0.10502258,1.0,1.4889157e-17,1.41771e-16,-26.632872,2.1532211,0.7177404,0.14400001,0.0,0.13149214,32.580296,32.610294,3481600
hardzero_plus_depr__c0p54__z1p05__lam0p030__nu0p50__psi1p00,hardzero_plus_depr,0.02,34,1088,0.0,1,0.50615144,0.50615144,1.0056533,0.098706715,0.098706715,1.0,1.3580189e-17,1.375812e-16,-26.776009,2.2124813,0.73749375,0.15200001,0.0,0.13661888,32.610294,32.640293,3484800
hardzero_plus_depr__c0p54__z1p05__lam0p030__nu0p50__psi1p00,hardzero_plus_depr,0.02,34,1089,0.0,1,0.50615144,0.50615144,1.0313541,0.09303489,0.09303489,1.0,1.2421574e-17,1.3351522e-16,-27.334587,2.2690241,0.7563414,0.18400002,0.0,0.1494529,32.640293,32.67029,3488000
hardzero_plus_depr__c0p54__z1p05__lam0p030__nu0p50__psi1p00,hardzero_plus_depr,0.02,34,1090,0.0,1,0.50615144,0.50615144,1.0138055,0.09687116,0.09687116,1.0,1.2551539e-17,1.2956941e-16,-27.661503,2.2304165,0.7434722,0.14400001,0.0,0.16912492,32.67029,32.70029,3491200
hardzero_plus_depr__c0p54__z1p05__lam0p030__nu0p50__psi1p00,hardzero_plus_depr,0.02,34,1091,0.0,1,0.50615144,0.50615144,1.029827,0.09336262,0.09336262,1.0,1.1739436e-17,1.2574021e-16,-28.217682,2.2656646,0.75522155,0.16800001,0.0,0.16501503,32.70029,32.73029,3494400
hardzero_plus_depr__c0p54__z1p05__lam0p030__nu0p50__psi1p00,hardzero_plus_depr,0.02,34,1092,0.0,1,0.50615144,0.50615144,0.96384454,0.108681455,0.108681455,1.0,1.3261765e-17,1.2202418e-16,-25.22463,2.1205003,0.7068335,0.14,0.0,0.11726881,32.73029,32.76029,3497600
hardzero_plus_depr__c0p54__z1p05__lam0p030__nu0p50__psi1p00,hardzero_plus_depr,0.02,34,1093,0.0,1,0.50615144,0.50615144,1.0437458,0.09041787,0.09041787,1.0,1.07070995e-17,1.1841796e-16,-27.502298,2.2962866,0.7654289,0.18400002,0.0,0.16222827,32.76029,32.790287,3500800
hardzero_plus_depr__c0p54__z1p05__lam0p030__nu0p50__psi1p00,hardzero_plus_depr,0.02,34,1094,0.0,1,0.50615144,0.50615144,1.0660073,0.0,0.08589991,0.0,0.0,1.1491832e-16,-27.931084,2.3452628,0.78175426,0.128,0.0,0.16469869,32.790287,32.820286,3504000
hardzero_plus_depr__c0p54__z1p05__lam0p030__nu0p50__psi1p00,hardzero_plus_depr,0.02,34,1095,0.0,1,0.50615144,0.50615144,1.0781341,0.0,0.0835345,0.0,0.0,1.115221e-16,-28.601587,2.3719423,0.79064745,0.096,0.0,0.16210216,32.820286,32.850285,3507200
hardzero_plus_depr__c0p54__z1p05__lam0p030__nu0p50__psi1p00,hardzero_plus_depr,0.02,34,1096,0.0,1,0.50615144,0.50615144,1.0437346,0.090420194,0.090420194,1.0,9.78584e-18,1.08226267e-16,-27.085154,2.2962618,0.7654206,0.14400001,0.0,0.14623979,32.850285,32.880283,3510400
hardzero_plus_depr__c0p54__z1p05__lam0p030__nu0p50__psi1p00,hardzero_plus_depr,0.02,34,1097,0.0,1,0.50615144,0.50615144,1.0631756,0.0,0.086461835,0.0,0.0,1.0502782e-16,-28.391764,2.339033,0.7796776,0.2,0.0,0.1637763,32.880283,32.910282,3513600
hardzero_plus_depr__c0p54__z1p05__lam0p030__nu0p50__psi1p00,hardzero_plus_depr,0.02,34,1098,0.0,1,0.50615144,0.50615144,1.0524514,0.0,0.08862344,0.0,0.0,1.01923905e-16,-28.082722,2.3154392,0.7718131,0.16800001,0.0,0.16080439,32.910282,32.94028,3516800
hardzero_plus_depr__c0p54__z1p05__lam0p030__nu0p50__psi1p00,hardzero_plus_depr,0.02,34,1099,0.0,1,0.50615144,0.50615144,1.0395168,0.09130261,0.09130261,1.0,9.030898e-18,9.8911717e-17,-27.734602,2.2869825,0.76232755,0.15200001,0.0,0.15619653,32.94028,32.97028,3520000
hardzero_plus_depr__c0p54__z1p05__lam0p030__nu0p50__psi1p00,hardzero_plus_depr,0.02,34,1100,0.0,1,0.50615144,0.50615144,1.0655951,0.0,0.085981466,0.0,0.0,9.598856e-17,-27.615395,2.344356,0.78145206,0.14400001,0.0,0.13511798,32.97028,33.00028,3523200
hardzero_plus_depr__c0p54__z1p05__lam0p030__nu0p50__psi1p00,hardzero_plus_depr,0.02,34,1101,0.0,1,0.50615144,0.50615144,1.1218632,0.0,0.075532995,0.0,0.0,9.315178e-17,-28.911024,2.4681485,0.8227162,0.15200001,0.0,0.17424706,33.00028,33.030277,3526400
hardzero_plus_depr__c0p54__z1p05__lam0p030__nu0p50__psi1p00,hardzero_plus_depr,0.02,34,1102,0.0,1,0.50615144,0.50615144,1.0548611,0.0,0.088133074,0.0,0.0,9.039884e-17,-26.654955,2.3207407,0.77358025,0.18400002,0.0,0.14903036,33.030277,33.060276,3529600
hardzero_plus_depr__c0p54__z1p05__lam0p030__nu0p50__psi1p00,hardzero_plus_depr,0.02,34,1103,0.0,1,0.50615144,0.50615144,1.0496442,0.08919814,0.08919814,1.0,7.825109e-18,8.772726e-17,-27.40702,2.3092635,0.7697545,0.14400001,0.008,0.1580278,33.060276,33.090275,3532800
hardzero_plus_depr__c0p54__z1p05__lam0p030__nu0p50__psi1p00,hardzero_plus_depr,0.02,34,1104,0.0,1,0.50615144,0.50615144,1.0630221,0.0,0.08649237,0.0,0.0,8.5134626e-17,-27.91951,2.3386955,0.7795652,0.14400001,0.0,0.15978251,33.090275,33.120274,3536000
hardzero_plus_depr__c0p54__z1p05__lam0p030__nu0p50__psi1p00,hardzero_plus_depr,0.02,34,1105,0.0,1,0.50615144,0.50615144,0.99400353,0.1013903,0.1013903,1.0,8.3767265e-18,8.261862e-17,-27.149775,2.1868515,0.7289505,0.16,0.0,0.15512869,33.120274,33.150272,3539200
hardzero_plus_depr__c0p54__z1p05__lam0p030__nu0p50__psi1p00,hardzero_plus_depr,0.02,34,1106,0.0,1,0.50615144,0.50615144,1.0924102,0.0,0.080833204,0.0,0.0,8.017696e-17,-27.216848,2.4033504,0.8011168,0.17600001,0.0,0.16139859,33.150272,33.18027,3542400
hardzero_plus_depr__c0p54__z1p05__lam0p030__nu0p50__psi1p00,hardzero_plus_depr,0.02,34,1107,0.0,1,0.50615144,0.50615144,1.0289274,0.09355619,0.09355619,1.0,7.2793705e-18,7.7807474e-17,-27.895845,2.2636855,0.75456184,0.128,0.0,0.15814517,33.18027,33.21027,3545600
hardzero_plus_depr__c0p54__z1p05__lam0p030__nu0p50__psi1p00,hardzero_plus_depr,0.02,34,1108,0.0,1,0.50615144,0.50615144,1.0166318,0.09624278,0.09624278,1.0,7.267101e-18,7.550801e-17,-27.022865,2.2366347,0.7455449,0.18400002,0.0,0.13927104,33.21027,33.24027,3548800
hardzero_plus_depr__c0p54__z1p05__lam0p030__nu0p50__psi1p00,hardzero_plus_depr,0.02,34,1109,0.0,1,0.50615144,0.50615144,1.0598882,0.0,0.087118775,0.0,0.0,7.3276496e-17,-27.212984,2.3318007,0.7772669,0.136,0.0,0.15342881,33.24027,33.270267,3552000
hardzero_plus_depr__c0p54__z1p05__lam0p030__nu0p50__psi1p00,hardzero_plus_depr,0.02,34,1110,0.0,1,0.50615144,0.50615144,1.0149144,0.096624136,0.096624136,1.0,6.871033e-18,7.111094e-17,-27.29484,2.2328563,0.74428546,0.14400001,0.0,0.1484192,33.270267,33.300266,3555200
hardzero_plus_depr__c0p54__z1p05__lam0p030__nu0p50__psi1p00,hardzero_plus_depr,0.02,34,1111,0.0,1,0.50615144,0.50615144,1.0387745,0.0914588,0.0914588,1.0,6.3115146e-18,6.9009376e-17,-27.582516,2.2853496,0.76178324,0.208,0.0,0.18637179,33.300266,33.330265,3558400
hardzero_plus_depr__c0p54__z1p05__lam0p030__nu0p50__psi1p00,hardzero_plus_depr,0.02,34,1112,0.0,1,0.50615144,0.50615144,1.0776106,0.0,0.08363526,0.0,0.0,6.6969925e-17,-27.816349,2.3707907,0.7902636,0.136,0.0,0.20074663,33.330265,33.360264,3561600
hardzero_plus_depr__c0p54__z1p05__lam0p030__nu0p50__psi1p00,hardzero_plus_depr,0.02,34,1113,0.0,1,0.50615144,0.50615144,1.0635147,0.0,0.086394325,0.0,0.0,6.499074e-17,-27.40377,2.3397791,0.7799264,0.16000001,0.0,0.16894044,33.360264,33.390263,3564800
hardzero_plus_depr__c0p54__z1p05__lam0p030__nu0p50__psi1p00,hardzero_plus_depr,0.02,34,1114,0.0,1,0.50615144,0.50615144,0.9947849,0.10120805,0.10120805,1.0,6.3831973e-18,6.3070053e-17,-27.054564,2.1885705,0.72952354,0.192,0.0,0.17600709,33.390263,33.42026,3568000
hardzero_plus_depr__c0p54__z1p05__lam0p030__nu0p50__psi1p00,hardzero_plus_depr,0.02,34,1115,0.0,1,0.50615144,0.50615144,1.0267562,0.094025105,0.094025105,1.0,5.7549122e-18,6.1206124e-17,-27.267338,2.2589087,0.7529696,0.224,0.0,0.1521226,33.42026,33.45026,3571200
hardzero_plus_depr__c0p54__z1p05__lam0p030__nu0p50__psi1p00,hardzero_plus_depr,0.02,34,1116,0.0,1,0.50615144,0.50615144,1.0893674,0.0,0.08140154,0.0,0.0,5.939728e-17,-28.088621,2.396656,0.79888535,0.104,0.0,0.1901858,33.45026,33.48026,3574400
hardzero_plus_depr__c0p54__z1p05__lam0p030__nu0p50__psi1p00,hardzero_plus_depr,0.02,34,1117,0.0,1,0.50615144,0.50615144,1.0485259,0.08942811,0.08942811,1.0,5.1548064e-18,5.76419e-17,-27.679892,2.3068032,0.7689344,0.096,0.0,0.17603013,33.48026,33.510258,3577600
hardzero_plus_depr__c0p54__z1p05__lam0p030__nu0p50__psi1p00,hardzero_plus_depr,0.02,34,1118,0.0,1,0.50615144,0.50615144,1.059191,0.0,0.08725875,0.0,0.0,5.5938393e-17,-27.70049,2.3302667,0.7767556,0.14999999,0.0,0.14916322,33.510258,33.540257,3580800
hardzero_plus_depr__c0p54__z1p05__lam0p030__nu0p50__psi1p00,hardzero_plus_depr,0.02,34,1119,0.0,1,0.50615144,0.50615144,1.0530736,0.0,0.088496536,0.0,0.0,5.4285227e-17,-28.324049,2.3168082,0.7722694,0.192,0.0,0.17945786,33.540257,33.570255,3584000
hardzero_plus_depr__c0p54__z1p05__lam0p030__nu0p50__psi1p00,hardzero_plus_depr,0.02,34,1120,0.0,1,0.50615144,0.50615144,1.0163016,0.09631597,0.09631597,1.0,5.074014e-18,5.268092e-17,-27.198044,2.2359083,0.7453028,0.16000001,0.0,0.1646357,33.570255,33.600254,3587200
hardzero_plus_depr__c0p54__z1p05__lam0p030__nu0p50__psi1p00,hardzero_plus_depr,0.02,34,1121,0.0,1,0.50615144,0.50615144,1.0059927,0.09862963,0.09862963,1.0,5.0423445e-18,5.1124033e-17,-26.678303,2.213228,0.73774266,0.112,0.0,0.13822499,33.600254,33.630253,3590400
hardzero_plus_depr__c0p54__z1p05__lam0p030__nu0p50__psi1p00,hardzero_plus_depr,0.02,34,1122,0.0,1,0.50615144,0.50615144,1.0628026,0.0,0.08653612,0.0,0.0,4.9613142e-17,-28.052254,2.3382123,0.7794041,0.120000005,0.0,0.14537942,33.630253,33.66025,3593600
hardzero_plus_depr__c0p54__z1p05__lam0p030__nu0p50__psi1p00,hardzero_plus_depr,0.02,34,1123,0.0,1,0.50615144,0.50615144,1.1034503,0.0,0.07880426,0.0,0.0,4.814691e-17,-28.130003,2.4276392,0.8092131,0.112,0.0,0.19294417,33.66025,33.69025,3596800
hardzero_plus_depr__c0p54__z1p05__lam0p030__nu0p50__psi1p00,hardzero_plus_depr,0.02,34,1124,0.0,1,0.50615144,0.50615144,1.0191767,0.09568046,0.09568046,1.0,4.4705754e-18,4.6724015e-17,-27.529505,2.2422335,0.7474112,0.192,0.0,0.14123017,33.69025,33.72025,3600000
hardzero_plus_depr__c0p54__z1p05__lam0p030__nu0p50__psi1p00,hardzero_plus_depr,0.02,34,1125,0.0,1,0.50615144,0.50615144,1.0330234,0.092677996,0.092677996,1.0,4.2023133e-18,4.5343163e-17,-27.21393,2.2726967,0.7575656,0.136,0.008,0.120832585,33.72025,33.750248,3603200
hardzero_plus_depr__c0p54__z1p05__lam0p030__nu0p50__psi1p00,hardzero_plus_depr,0.02,34,1126,0.0,1,0.50615144,0.50615144,0.97261167,0.10650948,0.10650948,1.0,4.68675e-18,4.4003127e-17,-25.720345,2.1397884,0.7132628,0.17600001,0.0,0.12779155,33.750248,33.780247,3606400
hardzero_plus_depr__c0p54__z1p05__lam0p030__nu0p50__psi1p00,hardzero_plus_depr,0.02,34,1127,0.0,1,0.50615144,0.50615144,1.0062902,0.09856207,0.09856207,1.0,4.2088654e-18,4.270269e-17,-27.722395,2.2138827,0.73796093,0.080000006,0.0,0.1311114,33.780247,33.810246,3609600
hardzero_plus_depr__c0p54__z1p05__lam0p030__nu0p50__psi1p00,hardzero_plus_depr,0.02,34,1128,0.0,1,0.50615144,0.50615144,1.0194876,0.095612004,0.095612004,1.0,3.962227e-18,4.1440683e-17,-27.084139,2.2429175,0.7476392,0.15200001,0.0,0.14187568,33.810246,33.840244,3612800
hardzero_plus_depr__c0p54__z1p05__lam0p030__nu0p50__psi1p00,hardzero_plus_depr,0.02,34,1129,0.0,1,0.50615144,0.50615144,1.0928085,0.0,0.080759116,0.0,0.0,4.0215976e-17,-27.688097,2.4042268,0.80140895,0.136,0.0,0.18475057,33.840244,33.870243,3616000
hardzero_plus_depr__c0p54__z1p05__lam0p030__nu0p50__psi1p00,hardzero_plus_depr,0.02,34,1130,0.0,1,0.50615144,0.50615144,1.0430719,0.09055827,0.09055827,1.0,3.534259e-18,3.902746e-17,-27.589146,2.2948039,0.76493466,0.16800001,0.0,0.15921941,33.870243,33.90024,3619200
hardzero_plus_depr__c0p54__z1p05__lam0p030__nu0p50__psi1p00,hardzero_plus_depr,0.02,34,1131,0.0,1,0.50615144,0.50615144,0.98616874,0.10323603,0.10323603,1.0,3.9099686e-18,3.7874072e-17,-26.170135,2.1696146,0.72320485,0.17999999,0.0,0.115127124,33.90024,33.93024,3622400
hardzero_plus_depr__c0p54__z1p05__lam0p030__nu0p50__psi1p00,hardzero_plus_depr,0.02,34,1132,0.0,1,0.50615144,0.50615144,0.98393905,0.10376739,0.10376739,1.0,3.8139466e-18,3.675477e-17,-26.022026,2.164709,0.7215697,0.17600001,0.0,0.14139399,33.93024,33.96024,3625600
hardzero_plus_depr__c0p54__z1p05__lam0p030__nu0p50__psi1p00,hardzero_plus_depr,0.02,34,1133,0.0,1,0.50615144,0.50615144,1.0385193,0.09151257,0.09151257,1.0,3.2641205e-18,3.5668547e-17,-26.583286,2.2847881,0.7615961,0.16800001,0.0,0.16063014,33.96024,33.99024,3628800
hardzero_plus_depr__c0p54__z1p05__lam0p030__nu0p50__psi1p00,hardzero_plus_depr,0.02,34,1134,0.0,1,0.50615144,0.50615144,1.014059,0.09681463,0.09681463,1.0,3.3511829e-18,3.4614425e-17,-26.787315,2.2309742,0.74365807,0.17600001,0.0,0.16013877,33.99024,34.020237,3632000
hardzero_plus_depr__c0p54__z1p05__lam0p030__nu0p50__psi1p00,hardzero_plus_depr,0.02,34,1135,0.0,1,0.50615144,0.50615144,1.0398622,0.09123004,0.09123004,1.0,3.0645495e-18,3.359145e-17,-26.853848,2.2877424,0.7625808,0.17600001,0.0,0.15032077,34.020237,34.050236,3635200
hardzero_plus_depr__c0p54__z1p05__lam0p030__nu0p50__psi1p00,hardzero_plus_depr,0.02,34,1136,0.0,1,0.50615144,0.50615144,1.0412538,0.09093815,0.09093815,1.0,2.964467e-18,3.2598718e-17,-27.810648,2.2908041,0.7636014,0.192,0.0,0.1439359,34.050236,34.080235,3638400
hardzero_plus_depr__c0p54__z1p05__lam0p030__nu0p50__psi1p00,hardzero_plus_depr,0.02,34,1137,0.0,1,0.50615144,0.50615144,0.98592025,0.10329511,0.10329511,1.0,3.2677735e-18,3.1635317e-17,-26.767223,2.1690679,0.72302264,0.136,0.0,0.14452952,34.080235,34.110233,3641600
hardzero_plus_depr__c0p54__z1p05__lam0p030__nu0p50__psi1p00,hardzero_plus_depr,0.02,34,1138,0.0,1,0.50615144,0.50615144,1.0653769,0.0,0.08602469,0.0,0.0,3.0700388e-17,-28.112106,2.343876,0.78129196,0.136,0.0,0.13718343,34.110233,34.140232,3644800
hardzero_plus_depr__c0p54__z1p05__lam0p030__nu0p50__psi1p00,hardzero_plus_depr,0.02,34,1139,0.0,1,0.50615144,0.50615144,1.0363299,0.09197508,0.09197508,1.0,2.7402219e-18,2.979309e-17,-27.023085,2.2799711,0.7599904,0.16000001,0.0,0.15989965,34.140232,34.17023,3648000
hardzero_plus_depr__c0p54__z1p05__lam0p030__nu0p50__psi1p00,hardzero_plus_depr,0.02,34,1140,0.0,1,0.50615144,0.50615144,0.9520101,0.11168373,0.11168373,1.0,3.2290679e-18,2.891261e-17,-25.800894,2.094464,0.6981547,0.216,0.0,0.15248902,34.17023,34.20023,3651200
hardzero_plus_depr__c0p54__z1p05__lam0p030__nu0p50__psi1p00,hardzero_plus_depr,0.02,34,1141,0.0,1,0.50615144,0.50615144,1.0265325,0.09407354,0.09407354,1.0,2.639529e-18,2.8058145e-17,-26.645325,2.2584167,0.7528056,0.120000005,0.0,0.1555616,34.20023,34.23023,3654400
hardzero_plus_depr__c0p54__z1p05__lam0p030__nu0p50__psi1p00,hardzero_plus_depr,0.02,34,1142,0.0,1,0.50615144,0.50615144,0.9742519,0.10610798,0.10610798,1.0,2.8892075e-18,2.7228936e-17,-25.885864,2.143397,0.71446574,0.16800001,0.0,0.14811493,34.23023,34.260227,3657600
hardzero_plus_depr__c0p54__z1p05__lam0p030__nu0p50__psi1p00,hardzero_plus_depr,0.02,34,1143,0.0,1,0.50615144,0.50615144,1.0622733,0.0,0.086641654,0.0,0.0,2.6424232e-17,-27.732306,2.3370478,0.77901596,0.128,0.0,0.15963802,34.260227,34.290226,3660800
hardzero_plus_depr__c0p54__z1p05__lam0p030__nu0p50__psi1p00,hardzero_plus_depr,0.02,34,1144,0.0,1,0.50615144,0.50615144,1.0084364,0.09807618,0.09807618,1.0,2.5149976e-18,2.5643307e-17,-27.513523,2.2186046,0.73953485,0.11,0.0,0.13998307,34.290226,34.320225,3664000
hardzero_plus_depr__c0p54__z1p05__lam0p030__nu0p50__psi1p00,hardzero_plus_depr,0.02,34,1145,0.0,1,0.50615144,0.50615144,1.0675468,0.0,0.08559593,0.0,0.0,2.4885466e-17,-27.552643,2.34865,0.78288335,0.128,0.0,0.15109758,34.320225,34.350224,3667200
hardzero_plus_depr__c0p54__z1p05__lam0p030__nu0p50__psi1p00,hardzero_plus_depr,0.02,34,1146,0.0,1,0.50615144,0.50615144,1.0596666,0.0,0.08716323,0.0,0.0,2.4150018e-17,-27.538408,2.3313131,0.7771044,0.16800001,0.0,0.17231004,34.350224,34.380222,3670400
hardzero_plus_depr__c0p54__z1p05__lam0p030__nu0p50__psi1p00,hardzero_plus_depr,0.02,34,1147,0.0,1,0.50615144,0.50615144,1.0634475,0.0,0.08640772,0.0,0.0,2.3436305e-17,-27.880478,2.339631,0.77987707,0.120000005,0.0,0.143192,34.380222,34.41022,3673600
hardzero_plus_depr__c0p54__z1p05__lam0p030__nu0p50__psi1p00,hardzero_plus_depr,0.02,34,1148,0.0,1,0.50615144,0.50615144,1.0080761,0.098157585,0.098157585,1.0,2.2324651e-18,2.2743685e-17,-26.931427,2.2178116,0.73927057,0.128,0.0,0.13031931,34.41022,34.44022,3676800
hardzero_plus_depr__c0p54__z1p05__lam0p030__nu0p50__psi1p00,hardzero_plus_depr,0.02,34,1149,0.0,1,0.50615144,0.50615144,1.0189713,0.09572572,0.09572572,1.0,2.1128137e-18,2.2071535e-17,-26.89277,2.2417817,0.7472606,0.112,0.0,0.12418212,34.44022,34.47022,3680000
hardzero_plus_depr__c0p54__z1p05__lam0p030__nu0p50__psi1p00,hardzero_plus_depr,0.02,34,1150,0.0,1,0.50615144,0.50615144,1.05039,0.0,0.089045085,0.0,0.0,2.1419248e-17,-27.544432,2.310904,0.77030134,0.192,0.0,0.16785403,34.47022,34.500217,3683200
hardzero_plus_depr__c0p54__z1p05__lam0p030__nu0p50__psi1p00,hardzero_plus_depr,0.02,34,1151,0.0,1,0.50615144,0.50615144,1.0497959,0.089166984,0.089166984,1.0,1.8534462e-18,2.0786238e-17,-28.51713,2.309597,0.7698657,0.17600001,0.0,0.16447657,34.500217,34.530216,3686400
hardzero_plus_depr__c0p54__z1p05__lam0p030__nu0p50__psi1p00,hardzero_plus_depr,0.02,34,1152,0.0,1,0.50615144,0.50615144,0.96881515,0.10744465,0.10744465,1.0,2.167367e-18,2.0171939e-17,-26.541069,2.1314359,0.71047866,0.216,0.0,0.14464194,34.530216,34.560215,3689600
hardzero_plus_depr__c0p54__z1p05__lam0p030__nu0p50__psi1p00,hardzero_plus_depr,0.02,34,1153,0.0,1,0.50615144,0.50615144,0.9843256,0.103675075,0.103675075,1.0,2.0295215e-18,1.957579e-17,-26.82506,2.1655595,0.7218532,0.2,0.0,0.14880376,34.560215,34.590214,3692800
hardzero_plus_depr__c0p54__z1p05__lam0p030__nu0p50__psi1p00,hardzero_plus_depr,0.02,34,1154,0.0,1,0.50615144,0.50615144,1.0300807,0.0933081,0.0933081,1.0,1.7725984e-18,1.8997262e-17,-27.47208,2.2662227,0.7554076,0.15200001,0.0,0.13870572,34.590214,34.620213,3696000
hardzero_plus_depr__c0p54__z1p05__lam0p030__nu0p50__psi1p00,hardzero_plus_depr,0.02,34,1155,0.0,1,0.50615144,0.50615144,1.0694185,0.0,0.08522784,0.0,0.0,1.8435831e-17,-27.718142,2.3527677,0.7842559,0.104,0.0,0.15875347,34.620213,34.65021,3699200
hardzero_plus_depr__c0p54__z1p05__lam0p030__nu0p50__psi1p00,hardzero_plus_depr,0.02,34,1156,0.0,1,0.50615144,0.50615144,0.9855703,0.10337836,0.10337836,1.0,1.8495415e-18,1.7890992e-17,-25.89525,2.168298,0.72276604,0.136,0.0,0.130139,34.65021,34.68021,3702400
hardzero_plus_depr__c0p54__z1p05__lam0p030__nu0p50__psi1p00,hardzero_plus_depr,0.02,34,1157,0.0,1,0.50615144,0.50615144,1.0104666,0.097618796,0.097618796,1.0,1.6948822e-18,1.7362253e-17,-27.039106,2.2230709,0.74102366,0.17999999,0.0,0.14757423,34.68021,34.71021,3705600
hardzero_plus_depr__c0p54__z1p05__lam0p030__nu0p50__psi1p00,hardzero_plus_depr,0.02,34,1158,0.0,1,0.50615144,0.50615144,1.0397192,0.09126006,0.09126006,1.0,1.5376537e-18,1.6849141e-17,-27.780443,2.287428,0.76247597,0.16000001,0.0,0.172418,34.71021,34.740208,3708800
hardzero_plus_depr__c0p54__z1p05__lam0p030__nu0p50__psi1p00,hardzero_plus_depr,0.02,34,1159,0.0,1,0.50615144,0.50615144,1.0547004,0.0,0.08816569,0.0,0.0,1.6351195e-17,-27.51841,2.3203871,0.7734624,0.18400002,0.0,0.15378098,34.740208,34.770206,3712000
hardzero_plus_depr__c0p54__z1p05__lam0p030__nu0p50__psi1p00,hardzero_plus_depr,0.02,34,1160,0.0,1,0.50615144,0.50615144,1.0743433,0.0,0.08426683,0.0,0.0,1.5867963e-17,-28.339415,2.3636026,0.78786755,0.17600001,0.0,0.17393753,34.770206,34.800205,3715200
hardzero_plus_depr__c0p54__z1p05__lam0p030__nu0p50__psi1p00,hardzero_plus_depr,0.02,34,1161,0.0,1,0.50615144,0.50615144,1.0166252,0.096244246,0.096244246,1.0,1.4820663e-18,1.5399013e-17,-26.740602,2.23662,0.74554,0.18400002,0.0,0.14358035,34.800205,34.830204,3718400
hardzero_plus_depr__c0p54__z1p05__lam0p030__nu0p50__psi1p00,hardzero_plus_depr,0.02,34,1162,0.0,1,0.50615144,0.50615144,1.0277203,0.09381659,0.09381659,1.0,1.4019879e-18,1.4943923e-17,-27.195263,2.26103,0.75367665,0.16800001,0.0,0.15571742,34.830204,34.860203,3721600
hardzero_plus_depr__c0p54__z1p05__lam0p030__nu0p50__psi1p00,hardzero_plus_depr,0.02,34,1163,0.0,1,0.50615144,0.50615144,1.0472337,0.0896946,0.0896946,1.0,1.3007762e-18,1.450228e-17,-27.29672,2.30396,0.7679867,0.112,0.0,0.14249042,34.860203,34.8902,3724800
hardzero_plus_depr__c0p54__z1p05__lam0p030__nu0p50__psi1p00,hardzero_plus_depr,0.02,34,1164,0.0,1,0.50615144,0.50615144,1.0144539,0.09672663,0.09672663,1.0,1.3613008e-18,1.407369e-17,-26.871466,2.2318432,0.74394774,0.2,0.0,0.15891169,34.8902,34.9202,3728000
hardzero_plus_depr__c0p54__z1p05__lam0p030__nu0p50__psi1p00,hardzero_plus_depr,0.02,34,1165,0.0,1,0.50615144,0.50615144,1.0582744,0.0,0.08744311,0.0,0.0,1.3657767e-17,-27.584743,2.3282502,0.7760834,0.16800001,0.0,0.1757086,34.9202,34.9502,3731200
hardzero_plus_depr__c0p54__z1p05__lam0p030__nu0p50__psi1p00,hardzero_plus_depr,0.02,34,1166,0.0,1,0.50615144,0.50615144,1.0587622,0.0,0.08734495,0.0,0.0,1.3254135e-17,-27.94849,2.3293233,0.7764411,0.17600001,0.0,0.19849056,34.9502,34.980198,3734400
hardzero_plus_depr__c0p54__z1p05__lam0p030__nu0p50__psi1p00,hardzero_plus_depr,0.02,34,1167,0.0,1,0.50615144,0.50615144,1.0125197,0.09715839,0.09715839,1.0,1.2496931e-18,1.2862431e-17,-26.873568,2.227588,0.74252933,0.192,0.0,0.14434494,34.980198,35.010197,3737600
hardzero_plus_depr__c0p54__z1p05__lam0p030__nu0p50__psi1p00,hardzero_plus_depr,0.02,34,1168,0.0,1,0.50615144,0.50615144,1.0862194,0.0,0.081993714,0.0,0.0,1.2482304e-17,-27.94488,2.3897305,0.79657686,0.2,0.0,0.14534529,35.010197,35.040195,3740800
hardzero_plus_depr__c0p54__z1p05__lam0p030__nu0p50__psi1p00,hardzero_plus_depr,0.02,34,1169,0.0,1,0.50615144,0.50615144,1.0664386,0.0,0.08581466,0.0,0.0,1.2113411e-17,-27.587006,2.3462117,0.7820706,0.104,0.0,0.15391465,35.040195,35.070194,3744000
hardzero_plus_depr__c0p54__z1p05__lam0p030__nu0p50__psi1p00,hardzero_plus_depr,0.02,34,1170,0.0,1,0.50615144,0.50615144,0.9704346,0.10704475,0.10704475,1.0,1.2583561e-18,1.175542e-17,-26.679983,2.1349988,0.7116663,0.17,0.0,0.15302193,35.070194,35.100193,3747200
hardzero_plus_depr__c0p54__z1p05__lam0p030__nu0p50__psi1p00,hardzero_plus_depr,0.02,34,1171,0.0,1,0.50615144,0.50615144,1.0577337,0.0,0.08755204,0.0,0.0,1.14080085e-17,-27.863596,2.3270605,0.77568686,0.15200001,0.0,0.16423613,35.100193,35.13019,3750400
hardzero_plus_depr__c0p54__z1p05__lam0p030__nu0p50__psi1p00,hardzero_plus_depr,0.02,34,1172,0.0,1,0.50615144,0.50615144,0.96066874,0.10947911,0.10947911,1.0,1.2120284e-18,1.10708646e-17,-25.950724,2.1135135,0.7045045,0.192,0.0,0.1265904,35.13019,35.16019,3753600
hardzero_plus_depr__c0p54__z1p05__lam0p030__nu0p50__psi1p00,hardzero_plus_depr,0.02,34,1173,0.0,1,0.50615144,0.50615144,1.0346552,0.09233042,0.09233042,1.0,9.919688e-19,1.0743684e-17,-26.915304,2.2762868,0.7587623,0.15200001,0.0,0.16038544,35.16019,35.19019,3756800
hardzero_plus_depr__c0p54__z1p05__lam0p030__nu0p50__psi1p00,hardzero_plus_depr,0.02,34,1174,0.0,1,0.50615144,0.50615144,1.0513248,0.0,0.08885363,0.0,0.0,1.0426172e-17,-27.285118,2.3129609,0.770987,0.128,0.0,0.15059976,35.19019,35.22019,3760000
hardzero_plus_depr__c0p54__z1p05__lam0p030__nu0p50__psi1p00,hardzero_plus_depr,0.02,34,1175,0.0,1,0.50615144,0.50615144,1.0722767,0.0,0.08466877,0.0,0.0,1.0118045e-17,-28.293503,2.3590558,0.7863519,0.192,0.0,0.1548139,35.22019,35.250187,3763200
hardzero_plus_depr__c0p54__z1p05__lam0p030__nu0p50__psi1p00,hardzero_plus_depr,0.02,34,1176,0.0,1,0.50615144,0.50615144,1.0863793,0.0,0.08196353,0.0,0.0,9.8190235e-18,-28.395163,2.3900821,0.79669404,0.112,0.0,0.17548946,35.250187,35.280186,3766400
hardzero_plus_depr__c0p54__z1p05__lam0p030__nu0p50__psi1p00,hardzero_plus_depr,0.02,34,1177,0.0,1,0.50615144,0.50615144,0.9774049,0.10534044,0.10534044,1.0,1.0037723e-18,9.52884e-18,-25.94291,2.1503336,0.7167779,0.2,0.0,0.14791201,35.280186,35.310184,3769600
hardzero_plus_depr__c0p54__z1p05__lam0p030__nu0p50__psi1p00,hardzero_plus_depr,0.02,34,1178,0.0,1,0.50615144,0.50615144,0.9408404,0.11459339,0.11459339,1.0,1.0596715e-18,9.247231e-18,-25.35975,2.0698903,0.68996346,0.24800001,0.0,0.13420996,35.310184,35.340183,3772800
hardzero_plus_depr__c0p54__z1p05__lam0p030__nu0p50__psi1p00,hardzero_plus_depr,0.02,34,1179,0.0,1,0.50615144,0.50615144,0.99987763,0.10002818,0.10002818,1.0,8.976474e-19,8.973945e-18,-27.224,2.1997747,0.73325825,0.16000001,0.0,0.15761529,35.340183,35.370182,3776000
hardzero_plus_depr__c0p54__z1p05__lam0p030__nu0p50__psi1p00,hardzero_plus_depr,0.02,34,1180,0.0,1,0.50615144,0.50615144,1.0269407,0.09398517,0.09398517,1.0,8.1849196e-19,8.708735e-18,-27.4967,2.2593145,0.75310487,0.15200001,0.0,0.15672988,35.370182,35.40018,3779200
hardzero_plus_depr__c0p54__z1p05__lam0p030__nu0p50__psi1p00,hardzero_plus_depr,0.02,34,1181,0.0,1,0.50615144,0.50615144,1.0519592,0.0,0.08872394,0.0,0.0,8.451364e-18,-27.013037,2.3143563,0.7714521,0.128,0.0,0.13911162,35.40018,35.43018,3782400
hardzero_plus_depr__c0p54__z1p05__lam0p030__nu0p50__psi1p00,hardzero_plus_depr,0.02,34,1182,0.0,1,0.50615144,0.50615144,1.0166671,0.096234955,0.096234955,1.0,7.8928044e-19,8.201598e-18,-25.987001,2.2367122,0.7455708,0.15200001,0.0,0.13221964,35.43018,35.46018,3785600
hardzero_plus_depr__c0p54__z1p05__lam0p030__nu0p50__psi1p00,hardzero_plus_depr,0.02,34,1183,0.0,1,0.50615144,0.50615144,1.0772123,0.0,0.08371198,0.0,0.0,7.9592146e-18,-27.359594,2.3699145,0.78997153,0.14,0.0,0.16031764,35.46018,35.490177,3788800
hardzero_plus_depr__c0p54__z1p05__lam0p030__nu0p50__psi1p00,hardzero_plus_depr,0.02,34,1184,0.0,1,0.50615144,0.50615144,1.0227233,0.09490228,0.09490228,1.0,7.3302456e-19,7.723993e-18,-27.285812,2.2500362,0.7500121,0.15200001,0.0,0.14863203,35.490177,35.520176,3792000
hardzero_plus_depr__c0p54__z1p05__lam0p030__nu0p50__psi1p00,hardzero_plus_depr,0.02,34,1185,0.0,1,0.50615144,0.50615144,1.0481516,0.08950522,0.08950522,1.0,6.7090645e-19,7.495725e-18,-26.758217,2.3059795,0.76865983,0.128,0.0,0.15469316,35.520176,35.550175,3795200
hardzero_plus_depr__c0p54__z1p05__lam0p030__nu0p50__psi1p00,hardzero_plus_depr,0.02,34,1186,0.0,1,0.50615144,0.50615144,1.0328557,0.09271378,0.09271378,1.0,6.7441865e-19,7.274201e-18,-26.604254,2.2723281,0.7574427,0.112,0.0,0.12651166,35.550175,35.580173,3798400
hardzero_plus_depr__c0p54__z1p05__lam0p030__nu0p50__psi1p00,hardzero_plus_depr,0.02,34,1187,0.0,1,0.50615144,0.50615144,1.053874,0.0,0.088333614,0.0,0.0,7.059225e-18,-27.819057,2.3185692,0.7728564,0.120000005,0.0,0.15293565,35.580173,35.610172,3801600
hardzero_plus_depr__c0p54__z1p05__lam0p030__nu0p50__psi1p00,hardzero_plus_depr,0.02,34,1188,0.0,1,0.50615144,0.50615144,1.0227133,0.094904475,0.094904475,1.0,6.5015264e-19,6.8506006e-18,-27.441267,2.2500143,0.75000477,0.136,0.0,0.14378962,35.610172,35.64017,3804800
hardzero_plus_depr__c0p54__z1p05__lam0p030__nu0p50__psi1p00,hardzero_plus_depr,0.02,34,1189,0.0,1,0.50615144,0.50615144,1.0214821,0.095173895,0.095173895,1.0,6.327297e-19,6.6481432e-18,-27.651752,2.2473054,0.7491018,0.14400001,0.0,0.1509128,35.64017,35.67017,3808000
hardzero_plus_depr__c0p54__z1p05__lam0p030__nu0p50__psi1p00,hardzero_plus_depr,0.02,34,1190,0.0,1,0.50615144,0.50615144,1.0079246,0.09819185,0.09819185,1.0,6.3350124e-19,6.4516684e-18,-26.025347,2.2174783,0.73915946,0.080000006,0.0,0.12329275,35.67017,35.70017,3811200
hardzero_plus_depr__c0p54__z1p05__lam0p030__nu0p50__psi1p00,hardzero_plus_depr,0.02,34,1191,0.0,1,0.50615144,0.50615144,1.0532002,0.0,0.088470764,0.0,0.0,6.2610008e-18,-27.927439,2.317087,0.77236235,0.136,0.0,0.17437384,35.70017,35.730167,3814400
hardzero_plus_depr__c0p54__z1p05__lam0p030__nu0p50__psi1p00,hardzero_plus_depr,0.02,34,1192,0.0,1,0.50615144,0.50615144,1.0387782,0.091458015,0.091458015,1.0,5.5569595e-19,6.075968e-18,-26.888731,2.2853577,0.7617859,0.112,0.0,0.15134026,35.730167,35.760166,3817600
hardzero_plus_depr__c0p54__z1p05__lam0p030__nu0p50__psi1p00,hardzero_plus_depr,0.02,34,1193,0.0,1,0.50615144,0.50615144,1.0684022,0.0,0.085427515,0.0,0.0,5.896403e-18,-28.50188,2.3505318,0.7835106,0.15200001,0.0,0.17181058,35.760166,35.790165,3820800
hardzero_plus_depr__c0p54__z1p05__lam0p030__nu0p50__psi1p00,hardzero_plus_depr,0.02,34,1194,0.0,1,0.50615144,0.50615144,1.0564059,0.0,0.08782013,0.0,0.0,5.7221447e-18,-27.719002,2.3241394,0.77471316,0.14400001,0.0,0.16240995,35.790165,35.820164,3824000
hardzero_plus_depr__c0p54__z1p05__lam0p030__nu0p50__psi1p00,hardzero_plus_depr,0.02,34,1195,0.0,1,0.50615144,0.50615144,1.0538319,0.0,0.08834217,0.0,0.0,5.5530367e-18,-27.76995,2.3184767,0.7728256,0.104,0.0,0.13893238,35.820164,35.850163,3827200
hardzero_plus_depr__c0p54__z1p05__lam0p030__nu0p50__psi1p00,hardzero_plus_depr,0.02,34,1196,0.0,1,0.50615144,0.50615144,1.0040479,0.09907228,0.09907228,1.0,5.338932e-19,5.388926e-18,-27.287556,2.2089493,0.73631644,0.19,0.0,0.13808198,35.850163,35.88016,3830400
hardzero_plus_depr__c0p54__z1p05__lam0p030__nu0p50__psi1p00,hardzero_plus_depr,0.02,34,1197,0.0,1,0.50615144,0.50615144,0.97562176,0.10577384,0.10577384,1.0,5.531618e-19,5.2296654e-18,-26.470806,2.1464107,0.71547025,0.112,0.0,0.15067144,35.88016,35.91016,3833600
hardzero_plus_depr__c0p54__z1p05__lam0p030__nu0p50__psi1p00,hardzero_plus_depr,0.02,34,1198,0.0,1,0.50615144,0.50615144,1.0375433,0.09171846,0.09171846,1.0,4.6548147e-19,5.075112e-18,-27.48016,2.282641,0.76088035,0.2,0.0,0.13985789,35.91016,35.94016,3836800
hardzero_plus_depr__c0p54__z1p05__lam0p030__nu0p50__psi1p00,hardzero_plus_depr,0.02,34,1199,0.0,1,0.50615144,0.50615144,1.0575683,0.0,0.08758538,0.0,0.0,4.925126e-18,-27.659685,2.3266966,0.77556556,0.128,0.0,0.12390534,35.94016,35.970158,3840000
hardzero_plus_depr__c0p54__z1p05__lam0p030__nu0p50__psi1p00,hardzero_plus_depr,0.02,34,1200,0.0,1,0.50615144,0.50615144,1.0719612,0.0,0.08473032,0.0,0.0,4.7795724e-18,-27.235357,2.3583617,0.7861206,0.16000001,0.008,0.1726752,35.970158,36.000156,3843200
hardzero_plus_depr__c0p54__z1p05__lam0p030__nu0p50__psi1p00,hardzero_plus_depr,0.02,34,1201,0.0,1,0.50615144,0.50615144,1.0577074,0.0,0.087557346,0.0,0.0,4.6383206e-18,-28.257301,2.3270028,0.7756676,0.18400002,0.0,0.18351072,36.000156,36.030155,3846400
hardzero_plus_depr__c0p54__z1p05__lam0p030__nu0p50__psi1p00,hardzero_plus_depr,0.02,34,1202,0.0,1,0.50615144,0.50615144,1.0713843,0.0,0.084842935,0.0,0.0,4.5012427e-18,-27.430912,2.3570926,0.7856976,0.14400001,0.0,0.1499348,36.030155,36.060154,3849600
hardzero_plus_depr__c0p54__z1p05__lam0p030__nu0p50__psi1p00,hardzero_plus_depr,0.02,34,1203,0.0,1,0.50615144,0.50615144,1.0166826,0.096231535,0.096231535,1.0,4.2036013e-19,4.368216e-18,-27.54924,2.2367463,0.7455821,0.16800001,0.0,0.1706108,36.060154,36.090153,3852800
hardzero_plus_depr__c0p54__z1p05__lam0p030__nu0p50__psi1p00,hardzero_plus_depr,0.02,34,1204,0.0,1,0.50615144,0.50615144,1.0159581,0.0963922,0.0963922,1.0,4.0861818e-19,4.2391207e-18,-26.305868,2.2351525,0.74505085,0.14400001,0.0,0.1540027,36.090153,36.12015,3856000
hardzero_plus_depr__c0p54__z1p05__lam0p030__nu0p50__psi1p00,hardzero_plus_depr,0.02,34,1205,0.0,1,0.50615144,0.50615144,1.0555022,0.0,0.08800306,0.0,0.0,4.113841e-18,-27.615883,2.3221512,0.7740504,0.136,0.0,0.19407433,36.12015,36.15015,3859200
hardzero_plus_depr__c0p54__z1p05__lam0p030__nu0p50__psi1p00,hardzero_plus_depr,0.02,34,1206,0.0,1,0.50615144,0.50615144,1.0206517,0.09535605,0.09535605,1.0,3.8068648e-19,3.9922636e-18,-26.90645,2.2454786,0.7484929,0.112,0.0,0.12948677,36.15015,36.18015,3862400
hardzero_plus_depr__c0p54__z1p05__lam0p030__nu0p50__psi1p00,hardzero_plus_depr,0.02,34,1207,0.0,1,0.50615144,0.50615144,1.066121,0.0,0.085877426,0.0,0.0,3.874279e-18,-28.057487,2.3455129,0.78183764,0.136,0.0,0.16640864,36.18015,36.210148,3865600
hardzero_plus_depr__c0p54__z1p05__lam0p030__nu0p50__psi1p00,hardzero_plus_depr,0.02,34,1208,0.0,1,0.50615144,0.50615144,1.0112332,0.09744663,0.09744663,1.0,3.6637804e-19,3.7597816e-18,-26.724747,2.2247574,0.74158585,0.136,0.0,0.16332866,36.210148,36.240147,3868800
hardzero_plus_depr__c0p54__z1p05__lam0p030__nu0p50__psi1p00,hardzero_plus_depr,0.02,34,1209,0.0,1,0.50615144,0.50615144,1.0237201,0.094684705,0.094684705,1.0,3.45473e-19,3.6486672e-18,-26.563095,2.2522292,0.7507431,0.14,0.0,0.13094197,36.240147,36.270145,3872000
hardzero_plus_depr__c0p54__z1p05__lam0p030__nu0p50__psi1p00,hardzero_plus_depr,0.02,34,1210,0.0,1,0.50615144,0.50615144,1.041606,0.09086444,0.09086444,1.0,3.217362e-19,3.540837e-18,-27.590826,2.2915788,0.7638596,0.104,0.0,0.1527752,36.270145,36.300144,3875200
hardzero_plus_depr__c0p54__z1p05__lam0p030__nu0p50__psi1p00,hardzero_plus_depr,0.02,34,1211,0.0,1,0.50615144,0.50615144,1.0079863,0.09817788,0.09817788,1.0,3.3735822e-19,3.4361939e-18,-27.201298,2.2176142,0.73920476,0.096,0.0,0.1503583,36.300144,36.330143,3878400
hardzero_plus_depr__c0p54__z1p05__lam0p030__nu0p50__psi1p00,hardzero_plus_depr,0.02,34,1212,0.0,1,0.50615144,0.50615144,1.0577486,0.0,0.08754904,0.0,0.0,3.334643e-18,-28.287373,2.3270934,0.7756978,0.14400001,0.0,0.13471693,36.330143,36.36014,3881600
hardzero_plus_depr__c0p54__z1p05__lam0p030__nu0p50__psi1p00,hardzero_plus_depr,0.02,34,1213,0.0,1,0.50615144,0.50615144,1.0757142,0.0,0.08400124,0.0,0.0,3.2360935e-18,-28.30129,2.3666186,0.7888729,0.112,0.0,0.15797251,36.36014,36.39014,3884800
hardzero_plus_depr__c0p54__z1p05__lam0p030__nu0p50__psi1p00,hardzero_plus_depr,0.02,34,1214,0.0,1,0.50615144,0.50615144,0.97495234,0.105937,0.105937,1.0,3.3269052e-19,3.1404563e-18,-26.340376,2.144938,0.71497935,0.128,0.0,0.117768764,36.39014,36.42014,3888000
hardzero_plus_depr__c0p54__z1p05__lam0p030__nu0p50__psi1p00,hardzero_plus_depr,0.02,34,1215,0.0,1,0.50615144,0.50615144,1.0232137,0.09479518,0.09479518,1.0,2.889021e-19,3.0476454e-18,-26.398739,2.251115,0.7503717,0.128,0.0,0.12945226,36.42014,36.450138,3891200
hardzero_plus_depr__c0p54__z1p05__lam0p030__nu0p50__psi1p00,hardzero_plus_depr,0.02,34,1216,0.0,1,0.50615144,0.50615144,1.0477986,0.089578,0.089578,1.0,2.6493388e-19,2.9575775e-18,-27.735817,2.305203,0.768401,0.14400001,0.0,0.1604445,36.450138,36.480137,3894400
hardzero_plus_depr__c0p54__z1p05__lam0p030__nu0p50__psi1p00,hardzero_plus_depr,0.02,34,1217,0.0,1,0.50615144,0.50615144,1.0450704,0.0901425,0.0901425,1.0,2.5872444e-19,2.8701716e-18,-27.179462,2.2992008,0.7664003,0.128,0.0,0.12220487,36.480137,36.510136,3897600
hardzero_plus_depr__c0p54__z1p05__lam0p030__nu0p50__psi1p00,hardzero_plus_depr,0.02,34,1218,0.0,1,0.50615144,0.50615144,1.0020424,0.099530816,0.099530816,1.0,2.7722798e-19,2.7853483e-18,-26.954409,2.2045374,0.7348458,0.16000001,0.0,0.15051833,36.510136,36.540134,3900800
hardzero_plus_depr__c0p54__z1p05__lam0p030__nu0p50__psi1p00,hardzero_plus_depr,0.02,34,1219,0.0,1,0.50615144,0.50615144,1.0439886,0.090367325,0.090367325,1.0,2.442658e-19,2.703032e-18,-27.408264,2.2968209,0.765607,0.14400001,0.0,0.16657846,36.540134,36.570133,3904000
hardzero_plus_depr__c0p54__z1p05__lam0p030__nu0p50__psi1p00,hardzero_plus_depr,0.02,34,1220,0.0,1,0.50615144,0.50615144,1.0259451,0.09420087,0.09420087,1.0,2.471029e-19,2.6231487e-18,-27.699083,2.2571242,0.75237477,0.2,0.0,0.16372748,36.570133,36.600132,3907200
hardzero_plus_depr__c0p54__z1p05__lam0p030__nu0p50__psi1p00,hardzero_plus_depr,0.02,34,1221,0.0,1,0.50615144,0.50615144,1.038611,0.09149321,0.09149321,1.0,2.3290754e-19,2.5456264e-18,-27.43202,2.28499,0.7616634,0.14400001,0.0,0.14561401,36.600132,36.63013,3910400
hardzero_plus_depr__c0p54__z1p05__lam0p030__nu0p50__psi1p00,hardzero_plus_depr,0.02,34,1222,0.0,1,0.50615144,0.50615144,1.052678,0.0,0.08857721,0.0,0.0,2.4703945e-18,-27.593447,2.3159378,0.7719793,0.13,0.0,0.15438226,36.63013,36.66013,3913600
hardzero_plus_depr__c0p54__z1p05__lam0p030__nu0p50__psi1p00,hardzero_plus_depr,0.02,34,1223,0.0,1,0.50615144,0.50615144,0.99151593,0.10197273,0.10197273,1.0,2.4446803e-19,2.3973863e-18,-26.350996,2.1813786,0.72712624,0.136,0.0,0.1251675,36.66013,36.69013,3916800
hardzero_plus_depr__c0p54__z1p05__lam0p030__nu0p50__psi1p00,hardzero_plus_depr,0.02,34,1224,0.0,1,0.50615144,0.50615144,1.0507289,0.0,0.08897562,0.0,0.0,2.3265356e-18,-26.744225,2.3116498,0.77054995,0.120000005,0.0,0.15206037,36.69013,36.720127,3920000
hardzero_plus_depr__c0p54__z1p05__lam0p030__nu0p50__psi1p00,hardzero_plus_depr,0.02,34,1225,0.0,1,0.50615144,0.50615144,1.0065937,0.09849322,0.09849322,1.0,2.223759e-19,2.2577787e-18,-27.395723,2.2145503,0.73818344,0.208,0.008,0.14378238,36.720127,36.750126,3923200
hardzero_plus_depr__c0p54__z1p05__lam0p030__nu0p50__psi1p00,hardzero_plus_depr,0.02,34,1226,0.0,1,0.50615144,0.50615144,1.0686951,0.0,0.08536993,0.0,0.0,2.191054e-18,-28.405619,2.351176,0.7837254,0.120000005,0.0,0.1741173,36.750126,36.780125,3926400
hardzero_plus_depr__c0p54__z1p05__lam0p030__nu0p50__psi1p00,hardzero_plus_depr,0.02,34,1227,0.0,1,0.50615144,0.50615144,1.0620661,0.0,0.086683,0.0,0.0,2.1263013e-18,-27.78533,2.336592,0.778864,0.120000005,0.0,0.16539703,36.780125,36.810123,3929600
hardzero_plus_depr__c0p54__z1p05__lam0p030__nu0p50__psi1p00,hardzero_plus_depr,0.02,34,1228,0.0,1,0.50615144,0.50615144,1.0940516,0.0,0.080528274,0.0,0.0,2.063462e-18,-28.274548,2.4069617,0.8023206,0.14400001,0.0,0.15843156,36.810123,36.840122,3932800
hardzero_plus_depr__c0p54__z1p05__lam0p030__nu0p50__psi1p00,hardzero_plus_depr,0.02,34,1229,0.0,1,0.50615144,0.50615144,0.993919,0.10141006,0.10141006,1.0,2.0307161e-19,2.00248e-18,-26.519224,2.1866655,0.7288885,0.136,0.0,0.133924,36.840122,36.87012,3936000
hardzero_plus_depr__c0p54__z1p05__lam0p030__nu0p50__psi1p00,hardzero_plus_depr,0.02,34,1230,0.0,1,0.50615144,0.50615144,1.0278537,0.09378778,0.09378778,1.0,1.8225781e-19,1.9433002e-18,-27.609077,2.2613235,0.7537745,0.080000006,0.0,0.14020751,36.87012,36.90012,3939200
hardzero_plus_depr__c0p54__z1p05__lam0p030__nu0p50__psi1p00,hardzero_plus_depr,0.02,34,1231,0.0,1,0.50615144,0.50615144,1.088477,0.0,0.08156859,0.0,0.0,1.8858692e-18,-27.893545,2.3946972,0.79823244,0.056,0.0,0.14609395,36.90012,36.93012,3942400
hardzero_plus_depr__c0p54__z1p05__lam0p030__nu0p50__psi1p00,hardzero_plus_depr,0.02,34,1232,0.0,1,0.50615144,0.50615144,1.03371,0.09253157,0.09253157,1.0,1.6934533e-19,1.8301357e-18,-27.747297,2.2742074,0.75806916,0.17600001,0.0,0.18460417,36.93012,36.960117,3945600
hardzero_plus_depr__c0p54__z1p05__lam0p030__nu0p50__psi1p00,hardzero_plus_depr,0.02,34,1233,0.0,1,0.50615144,0.50615144,1.0071793,0.09836051,0.09836051,1.0,1.746931e-19,1.7760492e-18,-27.854767,2.2158387,0.7386129,0.296,0.0,0.1481656,36.960117,36.990116,3948800
hardzero_plus_depr__c0p54__z1p05__lam0p030__nu0p50__psi1p00,hardzero_plus_depr,0.02,34,1234,0.0,1,0.50615144,0.50615144,1.0528249,0.0,0.08854725,0.0,0.0,1.723561e-18,-26.836338,2.316261,0.77208704,0.14400001,0.0,0.16468434,36.990116,37.020115,3952000
hardzero_plus_depr__c0p54__z1p05__lam0p030__nu0p50__psi1p00,hardzero_plus_depr,0.02,34,1235,0.0,1,0.50615144,0.50615144,0.96103454,0.10938693,0.10938693,1.0,1.8296321e-19,1.6726241e-18,-26.20707,2.1143181,0.7047727,0.14999999,0.0,0.14090808,37.020115,37.050114,3955200
hardzero_plus_depr__c0p54__z1p05__lam0p030__nu0p50__psi1p00,hardzero_plus_depr,0.02,34,1236,0.0,1,0.50615144,0.50615144,1.0290213,0.09353598,0.09353598,1.0,1.5182692e-19,1.6231926e-18,-26.971493,2.263892,0.7546307,0.18400002,0.008,0.16702929,37.050114,37.080112,3958400
hardzero_plus_depr__c0p54__z1p05__lam0p030__nu0p50__psi1p00,hardzero_plus_depr,0.02,34,1237,0.0,1,0.50615144,0.50615144,1.0853592,0.0,0.082156286,0.0,0.0,1.575222e-18,-28.946884,2.387838,0.795946,0.14400001,0.0,0.18621437,37.080112,37.11011,3961600
hardzero_plus_depr__c0p54__z1p05__lam0p030__nu0p50__psi1p00,hardzero_plus_depr,0.02,34,1238,0.0,1,0.50615144,0.50615144,1.0731726,0.0,0.08449429,0.0,0.0,1.528669e-18,-28.592558,2.3610268,0.78700894,0.104,0.0,0.1517203,37.11011,37.14011,3964800
hardzero_plus_depr__c0p54__z1p05__lam0p030__nu0p50__psi1p00,hardzero_plus_depr,0.02,34,1239,0.0,1,0.50615144,0.50615144,0.9648019,0.10844214,0.10844214,1.0,1.6087303e-19,1.4834919e-18,-26.253712,2.1226065,0.7075355,0.16000001,0.0,0.14531194,37.14011,37.17011,3968000
hardzero_plus_depr__c0p54__z1p05__lam0p030__nu0p50__psi1p00,hardzero_plus_depr,0.02,34,1240,0.0,1,0.50615144,0.50615144,1.0257467,0.09424391,0.09424391,1.0,1.3567822e-19,1.4396497e-18,-27.11369,2.2566879,0.75222933,0.17600001,0.0,0.13254254,37.17011,37.200108,3971200
hardzero_plus_depr__c0p54__z1p05__lam0p030__nu0p50__psi1p00,hardzero_plus_depr,0.02,34,1241,0.0,1,0.50615144,0.50615144,1.0638404,0.0,0.08632958,0.0,0.0,1.3971034e-18,-28.30148,2.3404956,0.7801652,0.128,0.0,0.14816885,37.200108,37.230106,3974400
hardzero_plus_depr__c0p54__z1p05__lam0p030__nu0p50__psi1p00,hardzero_plus_depr,0.02,34,1242,0.0,1,0.50615144,0.50615144,1.0164473,0.096283674,0.096283674,1.0,1.3054279e-19,1.3558144e-18,-26.727573,2.2362287,0.7454096,0.17600001,0.0,0.12749398,37.230106,37.260105,3977600
hardzero_plus_depr__c0p54__z1p05__lam0p030__nu0p50__psi1p00,hardzero_plus_depr,0.02,34,1243,0.0,1,0.50615144,0.50615144,1.0238993,0.09464566,0.09464566,1.0,1.2452961e-19,1.3157456e-18,-27.65197,2.2526236,0.7508745,0.16000001,0.0,0.15081725,37.260105,37.290104,3980800
hardzero_plus_depr__c0p54__z1p05__lam0p030__nu0p50__psi1p00,hardzero_plus_depr,0.02,34,1244,0.0,1,0.50615144,0.50615144,1.000061,0.09998596,0.09998596,1.0,1.2766818e-19,1.2768611e-18,-26.694164,2.2001781,0.7333927,0.120000005,0.0,0.13064258,37.290104,37.320103,3984000
hardzero_plus_depr__c0p54__z1p05__lam0p030__nu0p50__psi1p00,hardzero_plus_depr,0.02,34,1245,0.0,1,0.50615144,0.50615144,0.9948133,0.101201445,0.101201445,1.0,1.2540129e-19,1.2391256e-18,-27.079222,2.188633,0.72954434,0.128,0.0,0.1337201,37.320103,37.3501,3987200
hardzero_plus_depr__c0p54__z1p05__lam0p030__nu0p50__psi1p00,hardzero_plus_depr,0.02,34,1246,0.0,1,0.50615144,0.50615144,0.9984305,0.10036205,0.10036205,1.0,1.206859e-19,1.2025053e-18,-26.24635,2.196591,0.732197,0.208,0.0,0.14742483,37.3501,37.3801,3990400
hardzero_plus_depr__c0p54__z1p05__lam0p030__nu0p50__psi1p00,hardzero_plus_depr,0.02,34,1247,0.0,1,0.50615144,0.50615144,1.07002,0.0,0.08510988,0.0,0.0,1.1669673e-18,-28.131702,2.354091,0.784697,0.096,0.0,0.13745868,37.3801,37.4101,3993600
hardzero_plus_depr__c0p54__z1p05__lam0p030__nu0p50__psi1p00,hardzero_plus_depr,0.02,34,1248,0.0,1,0.50615144,0.50615144,1.0267305,0.09403064,0.09403064,1.0,1.06487794e-19,1.1324797e-18,-28.284262,2.2588522,0.7529508,0.17,0.0,0.15800102,37.4101,37.440098,3996800
hardzero_plus_depr__c0p54__z1p05__lam0p030__nu0p50__psi1p00,hardzero_plus_depr,0.02,34,1249,0.0,1,0.50615144,0.50615144,1.0436375,0.0904404,0.0904404,1.0,9.939501e-20,1.0990112e-18,-26.623798,2.2960484,0.7653495,0.18400002,0.0,0.12436751,37.440098,37.470097,4000000
hardzero_plus_depr__c0p54__z1p05__lam0p030__nu0p50__psi1p00,hardzero_plus_depr,0.02,35,0,1.0,1,1.0,0.46179298,1.0474522,0.08964948,0.08964948,1.0,0.0017929897,0.02,-26.624817,2.304441,0.768147,0.089999996,0.0,0.14206287,0.0,0.0,3200
hardzero_plus_depr__c0p54__z1p05__lam0p030__nu0p50__psi1p00,hardzero_plus_depr,0.02,35,1,0.0,1,0.46179298,0.46179298,1.0620959,0.0,0.086677045,0.0,0.0,0.02,-28.354856,2.3366575,0.77888584,0.16800001,0.0,0.1352841,0.0,0.03,6400
hardzero_plus_depr__c0p54__z1p05__lam0p030__nu0p50__psi1p00,hardzero_plus_depr,0.02,35,2,0.0,1,0.46179298,0.4637986,0.98575085,0.10333542,0.10333542,1.0,0.002005628,0.019408911,-26.21415,2.1686952,0.7228984,0.16000001,0.0,0.120542884,0.03,0.06,9600
hardzero_plus_depr__c0p54__z1p05__lam0p030__nu0p50__psi1p00,hardzero_plus_depr,0.02,35,3,0.0,1,0.4637986,0.46550846,1.0420184,0.0907782,0.0907782,1.0,0.0017098339,0.018835291,-27.672953,2.2924862,0.76416206,0.096,0.0,0.13700241,0.06,0.089999996,12800
hardzero_plus_depr__c0p54__z1p05__lam0p030__nu0p50__psi1p00,hardzero_plus_depr,0.02,35,4,0.0,1,0.46550846,0.46742162,0.9801893,0.10466721,0.10466721,1.0,0.0019131727,0.018278625,-26.410032,2.1564596,0.71881986,0.16800001,0.0,0.13635896,0.089999996,0.12,16000
hardzero_plus_depr__c0p54__z1p05__lam0p030__nu0p50__psi1p00,hardzero_plus_depr,0.02,35,5,0.0,1,0.46742162,0.46904552,1.0383565,0.091546856,0.091546856,1.0,0.0016238955,0.017738407,-27.694408,2.28443,0.7614767,0.112,0.0,0.17463589,0.12,0.14999999,19200
hardzero_plus_depr__c0p54__z1p05__lam0p030__nu0p50__psi1p00,hardzero_plus_depr,0.02,35,6,0.0,1,0.46904552,0.47062093,1.0384898,0.09151876,0.09151876,1.0,0.0015754184,0.017214159,-27.663412,2.2847233,0.76157445,0.14400001,0.0,0.15399003,0.14999999,0.17999999,22400
hardzero_plus_depr__c0p54__z1p05__lam0p030__nu0p50__psi1p00,hardzero_plus_depr,0.02,35,7,0.0,1,0.47062093,0.4721689,1.0330948,0.092662744,0.092662744,1.0,0.0015479687,0.016705405,-26.961267,2.2728539,0.75761795,0.18400002,0.0,0.16334605,0.17999999,0.21,25600
hardzero_plus_depr__c0p54__z1p05__lam0p030__nu0p50__psi1p00,hardzero_plus_depr,0.02,35,8,0.0,1,0.4721689,0.47364828,1.0397433,0.09125499,0.09125499,1.0,0.0014793971,0.016211685,-27.724567,2.287481,0.7624937,0.192,0.0,0.13950372,0.21,0.24,28800
hardzero_plus_depr__c0p54__z1p05__lam0p030__nu0p50__psi1p00,hardzero_plus_depr,0.02,35,9,0.0,1,0.47364828,0.4752188,1.0007571,0.09982582,0.09982582,1.0,0.0015705153,0.015732557,-25.451208,2.2017095,0.73390317,0.17600001,0.0,0.14940661,0.24,0.26999998,32000
hardzero_plus_depr__c0p54__z1p05__lam0p030__nu0p50__psi1p00,hardzero_plus_depr,0.02,35,10,0.0,1,0.4752188,0.4767969,0.98564065,0.10336163,0.10336163,1.0,0.001578083,0.01526759,-26.589434,2.1684527,0.7228176,0.104,0.0,0.11445243,0.26999998,0.29999998,35200
hardzero_plus_depr__c0p54__z1p05__lam0p030__nu0p50__psi1p00,hardzero_plus_depr,0.02,35,11,0.0,1,0.4767969,0.47814503,1.0410041,0.09099047,0.09099047,1.0,0.0013481479,0.014816363,-27.315943,2.2902546,0.7634182,0.23200001,0.0,0.20386131,0.29999998,0.32999998,38400
hardzero_plus_depr__c0p54__z1p05__lam0p030__nu0p50__psi1p00,hardzero_plus_depr,0.02,35,12,0.0,1,0.47814503,0.47953135,1.015849,0.09641643,0.09641643,1.0,0.0013863213,0.014378476,-27.702784,2.2349124,0.7449708,0.2,0.0,0.15648964,0.32999998,0.35999998,41600
hardzero_plus_depr__c0p54__z1p05__lam0p030__nu0p50__psi1p00,hardzero_plus_depr,0.02,35,13,0.0,1,0.47953135,0.48110178,0.9486684,0.112546384,0.112546384,1.0,0.001570419,0.0139535265,-25.471972,2.0871122,0.6957041,0.17,0.0,0.13021144,0.35999998,0.39,44800
hardzero_plus_depr__c0p54__z1p05__lam0p030__nu0p50__psi1p00,hardzero_plus_depr,0.02,35,14,0.0,1,0.48110178,0.48110178,1.0731465,0.0,0.084499374,0.0,0.0,0.013541138,-28.225267,2.3609693,0.7869898,0.192,0.0,0.195592,0.39,0.42,48000
hardzero_plus_depr__c0p54__z1p05__lam0p030__nu0p50__psi1p00,hardzero_plus_depr,0.02,35,15,0.0,1,0.48110178,0.48110178,1.0651941,0.0,0.0860609,0.0,0.0,0.013140936,-28.803387,2.343474,0.781158,0.128,0.0,0.15715963,0.42,0.45,51200
hardzero_plus_depr__c0p54__z1p05__lam0p030__nu0p50__psi1p00,hardzero_plus_depr,0.02,35,16,0.0,1,0.48110178,0.48110178,1.0709395,0.0,0.08492986,0.0,0.0,0.012752563,-28.808376,2.356114,0.7853713,0.17600001,0.0,0.1516152,0.45,0.48,54400
hardzero_plus_depr__c0p54__z1p05__lam0p030__nu0p50__psi1p00,hardzero_plus_depr,0.02,35,17,0.0,1,0.48110178,0.48226765,1.0259142,0.094207555,0.094207555,1.0,0.0011658814,0.012375668,-27.71277,2.2570562,0.7523521,0.104,0.0,0.16603224,0.48,0.51,57600
hardzero_plus_depr__c0p54__z1p05__lam0p030__nu0p50__psi1p00,hardzero_plus_depr,0.02,35,18,0.0,1,0.48226765,0.4833911,1.0289876,0.093543224,0.093543224,1.0,0.0011234458,0.012009911,-27.894894,2.263818,0.754606,0.17600001,0.0,0.17162499,0.51,0.53999996,60800
hardzero_plus_depr__c0p54__z1p05__lam0p030__nu0p50__psi1p00,hardzero_plus_depr,0.02,35,19,0.0,1,0.4833911,0.4844363,1.0473093,0.08967899,0.08967899,1.0,0.0010452054,0.011654965,-27.591736,2.3041265,0.7680422,0.208,0.0,0.17322662,0.53999996,0.56999993,64000
hardzero_plus_depr__c0p54__z1p05__lam0p030__nu0p50__psi1p00,hardzero_plus_depr,0.02,35,20,0.0,1,0.4844363,0.48550218,1.0257709,0.094238654,0.094238654,1.0,0.0010658872,0.011310509,-27.134537,2.256741,0.75224704,0.104,0.0,0.16646396,0.56999993,0.5999999,67200
hardzero_plus_depr__c0p54__z1p05__lam0p030__nu0p50__psi1p00,hardzero_plus_depr,0.02,35,21,0.0,1,0.48550218,0.48657548,1.0097367,0.09778299,0.09778299,1.0,0.001073289,0.0109762335,-26.157959,2.2214649,0.7404883,0.192,0.0,0.14186355,0.5999999,0.6299999,70400
hardzero_plus_depr__c0p54__z1p05__lam0p030__nu0p50__psi1p00,hardzero_plus_depr,0.02,35,22,0.0,1,0.48657548,0.4875748,1.0277307,0.09381435,0.09381435,1.0,0.0009992952,0.010651837,-27.427025,2.2610526,0.7536842,0.216,0.0,0.14292867,0.6299999,0.65999985,73600
hardzero_plus_depr__c0p54__z1p05__lam0p030__nu0p50__psi1p00,hardzero_plus_depr,0.02,35,23,0.0,1,0.4875748,0.4875748,1.0792966,0.0,0.0833112,0.0,0.0,0.010337027,-28.051506,2.3744998,0.7915,0.14400001,0.0,0.17504694,0.65999985,0.6899998,76800
hardzero_plus_depr__c0p54__z1p05__lam0p030__nu0p50__psi1p00,hardzero_plus_depr,0.02,35,24,0.0,1,0.4875748,0.48864868,0.9704008,0.10705307,0.10705307,1.0,0.0010739054,0.010031523,-27.018784,2.1349244,0.7116415,0.136,0.0,0.13494183,0.6899998,0.7199998,80000
hardzero_plus_depr__c0p54__z1p05__lam0p030__nu0p50__psi1p00,hardzero_plus_depr,0.02,35,25,0.0,1,0.48864868,0.48972073,0.95812446,0.11012236,0.11012236,1.0,0.0010720463,0.009735047,-25.763903,2.1079159,0.7026386,0.17600001,0.0,0.12826465,0.7199998,0.74999976,83200
hardzero_plus_depr__c0p54__z1p05__lam0p030__nu0p50__psi1p00,hardzero_plus_depr,0.02,35,26,0.0,1,0.48972073,0.49056542,1.0486112,0.089410566,0.089410566,1.0,0.0008446914,0.009447333,-27.232836,2.3069906,0.7689969,0.21,0.0,0.13973835,0.74999976,0.77999973,86400
hardzero_plus_depr__c0p54__z1p05__lam0p030__nu0p50__psi1p00,hardzero_plus_depr,0.02,35,27,0.0,1,0.49056542,0.49145493,1.0131236,0.09702336,0.09702336,1.0,0.0008895221,0.009168123,-27.152462,2.2289164,0.74297214,0.104,0.0,0.128343,0.77999973,0.8099997,89600
hardzero_plus_depr__c0p54__z1p05__lam0p030__nu0p50__psi1p00,hardzero_plus_depr,0.02,35,28,0.0,1,0.49145493,0.49145493,1.0622566,0.0,0.08664498,0.0,0.0,0.008897164,-28.446781,2.337011,0.77900374,0.096,0.0,0.15186994,0.8099997,0.8399997,92800
hardzero_plus_depr__c0p54__z1p05__lam0p030__nu0p50__psi1p00,hardzero_plus_depr,0.02,35,29,0.0,1,0.49145493,0.4923677,0.9758487,0.10571857,0.10571857,1.0,0.00091279665,0.008634213,-26.620312,2.14691,0.7156367,0.120000005,0.0,0.12863421,0.8399997,0.86999965,96000
hardzero_plus_depr__c0p54__z1p05__lam0p030__nu0p50__psi1p00,hardzero_plus_depr,0.02,35,30,0.0,1,0.4923677,0.49311656,1.0488023,0.08937123,0.08937123,1.0,0.0007488445,0.008379034,-28.322794,2.307411,0.769137,0.16000001,0.0,0.1610501,0.86999965,0.8999996,99200
hardzero_plus_depr__c0p54__z1p05__lam0p030__nu0p50__psi1p00,hardzero_plus_depr,0.02,35,31,0.0,1,0.49311656,0.49388924,1.022156,0.09502634,0.09502634,1.0,0.00077269686,0.008131397,-26.41495,2.248788,0.74959606,0.120000005,0.0,0.1260922,0.8999996,0.9299996,102400
hardzero_plus_depr__c0p54__z1p05__lam0p030__nu0p50__psi1p00,hardzero_plus_depr,0.02,35,32,0.0,1,0.49388924,0.49460942,1.0396922,0.091265745,0.091265745,1.0,0.00072018505,0.007891078,-28.011961,2.2873685,0.7624562,0.15200001,0.0,0.15392874,0.9299996,0.95999956,105600
hardzero_plus_depr__c0p54__z1p05__lam0p030__nu0p50__psi1p00,hardzero_plus_depr,0.02,35,33,0.0,1,0.49460942,0.4953498,1.0146521,0.09668249,0.09668249,1.0,0.0007403811,0.007657861,-27.645224,2.2322793,0.7440931,0.2,0.0,0.13589163,0.95999956,0.98999953,108800
hardzero_plus_depr__c0p54__z1p05__lam0p030__nu0p50__psi1p00,hardzero_plus_depr,0.02,35,34,0.0,1,0.4953498,0.4953498,1.0555172,0.0,0.08800002,0.0,0.0,0.0074315374,-27.138847,2.322184,0.7740614,0.096,0.0,0.13331975,0.98999953,1.0199995,112000
hardzero_plus_depr__c0p54__z1p05__lam0p030__nu0p50__psi1p00,hardzero_plus_depr,0.02,35,35,0.0,1,0.4953498,0.49603462,1.0224746,0.094956644,0.094956644,1.0,0.0006848181,0.0072119026,-27.60043,2.249489,0.7498297,0.16800001,0.0,0.14692418,1.0199995,1.0499995,115200
hardzero_plus_depr__c0p54__z1p05__lam0p030__nu0p50__psi1p00,hardzero_plus_depr,0.02,35,36,0.0,1,0.49603462,0.49666196,1.0475106,0.089637436,0.089637436,1.0,0.0006273508,0.0069987588,-27.72197,2.3045695,0.76818985,0.16800001,0.0,0.18303497,1.0499995,1.0799994,118400
hardzero_plus_depr__c0p54__z1p05__lam0p030__nu0p50__psi1p00,hardzero_plus_depr,0.02,35,37,0.0,1,0.49666196,0.49730146,1.0261465,0.09415719,0.09415719,1.0,0.00063950755,0.006791914,-26.824911,2.2575674,0.75252247,0.18400002,0.0,0.13078913,1.0799994,1.1099994,121600
hardzero_plus_depr__c0p54__z1p05__lam0p030__nu0p50__psi1p00,hardzero_plus_depr,0.02,35,38,0.0,1,0.49730146,0.4979146,1.0313886,0.09302751,0.09302751,1.0,0.0006131613,0.0065911827,-27.368458,2.2691002,0.7563667,0.2,0.0,0.14874667,1.1099994,1.1399994,124800
hardzero_plus_depr__c0p54__z1p05__lam0p030__nu0p50__psi1p00,hardzero_plus_depr,0.02,35,39,0.0,1,0.4979146,0.4985668,0.9915534,0.10196393,0.10196393,1.0,0.0006522004,0.006396384,-27.027567,2.181461,0.7271537,0.19,0.0,0.14482419,1.1399994,1.1699994,128000
hardzero_plus_depr__c0p54__z1p05__lam0p030__nu0p50__psi1p00,hardzero_plus_depr,0.02,35,40,0.0,1,0.4985668,0.49914116,1.0337297,0.0925274,0.0925274,1.0,0.0005743493,0.006207343,-27.202036,2.2742507,0.7580836,0.16800001,0.0,0.14505394,1.1699994,1.1999993,131200
hardzero_plus_depr__c0p54__z1p05__lam0p030__nu0p50__psi1p00,hardzero_plus_depr,0.02,35,41,0.0,1,0.49914116,0.49979156,0.9666974,0.10796987,0.10796987,1.0,0.00065039843,0.006023888,-25.80275,2.1267767,0.7089256,0.23200001,0.0,0.15474616,1.1999993,1.2299993,134400
hardzero_plus_depr__c0p54__z1p05__lam0p030__nu0p50__psi1p00,hardzero_plus_depr,0.02,35,42,0.0,1,0.49979156,0.5003549,1.0160971,0.09636136,0.09636136,1.0,0.0005633146,0.0058458555,-26.823202,2.2354581,0.7451527,0.16800001,0.0,0.13565901,1.2299993,1.2599993,137600
hardzero_plus_depr__c0p54__z1p05__lam0p030__nu0p50__psi1p00,hardzero_plus_depr,0.02,35,43,0.0,1,0.5003549,0.5008607,1.0498371,0.08915853,0.08915853,1.0,0.0005058038,0.005673084,-27.608246,2.3096879,0.769896,0.136,0.0,0.16304772,1.2599993,1.2899992,140800
hardzero_plus_depr__c0p54__z1p05__lam0p030__nu0p50__psi1p00,hardzero_plus_depr,0.02,35,44,0.0,1,0.5008607,0.5014202,0.9930028,0.10162421,0.10162421,1.0,0.00055948395,0.00550542,-26.756582,2.1846497,0.7282166,0.16800001,0.0,0.17206731,1.2899992,1.3199992,144000
hardzero_plus_depr__c0p54__z1p05__lam0p030__nu0p50__psi1p00,hardzero_plus_depr,0.02,35,45,0.0,1,0.5014202,0.50196195,0.9939509,0.10140261,0.10140261,1.0,0.0005417647,0.00534271,-27.609386,2.1867356,0.7289119,0.23200001,0.0,0.16938058,1.3199992,1.3499992,147200
hardzero_plus_depr__c0p54__z1p05__lam0p030__nu0p50__psi1p00,hardzero_plus_depr,0.02,35,46,0.0,1,0.50196195,0.50196195,1.0545888,0.0,0.08818835,0.0,0.0,0.0051848097,-28.319685,2.3201418,0.77338064,0.136,0.0,0.14476869,1.3499992,1.3799992,150400
hardzero_plus_depr__c0p54__z1p05__lam0p030__nu0p50__psi1p00,hardzero_plus_depr,0.02,35,47,0.0,1,0.50196195,0.50241727,1.0434026,0.090489335,0.090489335,1.0,0.00045530393,0.0050315754,-27.356386,2.2955315,0.7651772,0.112,0.0,0.15291639,1.3799992,1.4099991,153600
hardzero_plus_depr__c0p54__z1p05__lam0p030__nu0p50__psi1p00,hardzero_plus_depr,0.02,35,48,0.0,1,0.50241727,0.50289184,1.0123931,0.0971867,0.0971867,1.0,0.00047455,0.00488287,-25.941244,2.2273092,0.7424364,0.192,0.0,0.118940175,1.4099991,1.4399991,156800
hardzero_plus_depr__c0p54__z1p05__lam0p030__nu0p50__psi1p00,hardzero_plus_depr,0.02,35,49,0.0,1,0.50289184,0.50337386,0.99255985,0.10172791,0.10172791,1.0,0.00048204375,0.0047385595,-26.73757,2.1836753,0.7278918,0.2,0.0,0.14760354,1.4399991,1.4699991,160000
hardzero_plus_depr__c0p54__z1p05__lam0p030__nu0p50__psi1p00,hardzero_plus_depr,0.02,35,50,0.0,1,0.50337386,0.5038069,1.0260829,0.09417097,0.09417097,1.0,0.00043304655,0.004598514,-27.127325,2.2574275,0.75247586,0.192,0.0,0.1517798,1.4699991,1.499999,163200
hardzero_plus_depr__c0p54__z1p05__lam0p030__nu0p50__psi1p00,hardzero_plus_depr,0.02,35,51,0.0,1,0.5038069,0.50424117,1.0117977,0.09732004,0.09732004,1.0,0.00043430118,0.0044626077,-26.624794,2.2259994,0.7419998,0.136,0.0,0.12411265,1.499999,1.529999,166400
hardzero_plus_depr__c0p54__z1p05__lam0p030__nu0p50__psi1p00,hardzero_plus_depr,0.02,35,52,0.0,1,0.50424117,0.5046911,0.98340356,0.103895426,0.103895426,1.0,0.00044994178,0.004330718,-26.44921,2.163531,0.72117704,0.17999999,0.0,0.13395324,1.529999,1.559999,169600
hardzero_plus_depr__c0p54__z1p05__lam0p030__nu0p50__psi1p00,hardzero_plus_depr,0.02,35,53,0.0,1,0.5046911,0.5046911,1.06304,0.0,0.08648883,0.0,0.0,0.0042027254,-28.18935,2.3387346,0.7795782,0.17600001,0.0,0.16539307,1.559999,1.589999,172800
hardzero_plus_depr__c0p54__z1p05__lam0p030__nu0p50__psi1p00,hardzero_plus_depr,0.02,35,54,0.0,1,0.5046911,0.5046911,1.0729353,0.0,0.084540464,0.0,0.0,0.0040785163,-27.730879,2.3605049,0.78683496,0.136,0.0,0.16150522,1.589999,1.6199989,176000
hardzero_plus_depr__c0p54__z1p05__lam0p030__nu0p50__psi1p00,hardzero_plus_depr,0.02,35,55,0.0,1,0.5046911,0.50505793,1.0330036,0.09268221,0.09268221,1.0,0.00036683417,0.003957978,-28.23751,2.2726533,0.75755113,0.136,0.0,0.1634962,1.6199989,1.6499989,179200
hardzero_plus_depr__c0p54__z1p05__lam0p030__nu0p50__psi1p00,hardzero_plus_depr,0.02,35,56,0.0,1,0.50505793,0.50542367,1.0213139,0.095210776,0.095210776,1.0,0.00036570482,0.0038410025,-27.04941,2.2469354,0.7489785,0.15200001,0.0,0.14434277,1.6499989,1.6799989,182400
hardzero_plus_depr__c0p54__z1p05__lam0p030__nu0p50__psi1p00,hardzero_plus_depr,0.02,35,57,0.0,1,0.50542367,0.5057863,1.0119747,0.0972804,0.0972804,1.0,0.00036261108,0.0037274836,-27.08767,2.2263887,0.74212956,0.208,0.0,0.15921892,1.6799989,1.7099988,185600
hardzero_plus_depr__c0p54__z1p05__lam0p030__nu0p50__psi1p00,hardzero_plus_depr,0.02,35,58,0.0,1,0.5057863,0.5061353,1.0155592,0.09648077,0.09648077,1.0,0.0003490018,0.00361732,-27.200655,2.2342749,0.7447583,0.136,0.0,0.14957976,1.7099988,1.7399988,188800
hardzero_plus_depr__c0p54__z1p05__lam0p030__nu0p50__psi1p00,hardzero_plus_depr,0.02,35,59,0.0,1,0.5061353,0.50650513,0.9773692,0.1053491,0.1053491,1.0,0.00036981874,0.0035104118,-26.27906,2.1502552,0.71675175,0.14400001,0.0,0.14010495,1.7399988,1.7699988,192000
hardzero_plus_depr__c0p54__z1p05__lam0p030__nu0p50__psi1p00,hardzero_plus_depr,0.02,35,60,0.0,1,0.50650513,0.50682,1.034183,0.09243085,0.09243085,1.0,0.00031488086,0.0034066641,-26.681091,2.275248,0.75841606,0.120000005,0.0,0.14438426,1.7699988,1.7999988,195200
hardzero_plus_depr__c0p54__z1p05__lam0p030__nu0p50__psi1p00,hardzero_plus_depr,0.02,35,61,0.0,1,0.50682,0.50713617,1.0193774,0.095636286,0.095636286,1.0,0.00031617182,0.0033059819,-27.3501,2.2426748,0.7475583,0.17600001,0.0,0.14002138,1.7999988,1.8299987,198400
hardzero_plus_depr__c0p54__z1p05__lam0p030__nu0p50__psi1p00,hardzero_plus_depr,0.02,35,62,0.0,1,0.50713617,0.5074225,1.0494268,0.08924281,0.08924281,1.0,0.0002863155,0.0032082754,-27.641676,2.308785,0.769595,0.15200001,0.0,0.14380844,1.8299987,1.8599987,201600
hardzero_plus_depr__c0p54__z1p05__lam0p030__nu0p50__psi1p00,hardzero_plus_depr,0.02,35,63,0.0,1,0.5074225,0.5077317,1.0030096,0.09930941,0.09930941,1.0,0.0003091955,0.0031134563,-26.326836,2.206665,0.73555505,0.15200001,0.0,0.14993085,1.8599987,1.8899987,204800
hardzero_plus_depr__c0p54__z1p05__lam0p030__nu0p50__psi1p00,hardzero_plus_depr,0.02,35,64,0.0,1,0.5077317,0.5077317,1.061883,0.0,0.08671954,0.0,0.0,0.0030214402,-28.090244,2.3361893,0.7787298,0.14400001,0.008,0.20706761,1.8899987,1.9199986,208000
hardzero_plus_depr__c0p54__z1p05__lam0p030__nu0p50__psi1p00,hardzero_plus_depr,0.02,35,65,0.0,1,0.5077317,0.50801986,1.0075486,0.0982769,0.0982769,1.0,0.00028816194,0.0029321432,-26.891699,2.2166512,0.73888373,0.14999999,0.0,0.14609997,1.9199986,1.9499986,211200
hardzero_plus_depr__c0p54__z1p05__lam0p030__nu0p50__psi1p00,hardzero_plus_depr,0.02,35,66,0.0,1,0.50801986,0.5082757,1.0462149,0.089905255,0.089905255,1.0,0.00025582407,0.0028454852,-27.753351,2.3017187,0.7672396,0.104,0.0,0.13018702,1.9499986,1.9799986,214400
hardzero_plus_depr__c0p54__z1p05__lam0p030__nu0p50__psi1p00,hardzero_plus_depr,0.02,35,67,0.0,1,0.5082757,0.5082757,1.0610354,0.0,0.086888954,0.0,0.0,0.0027613884,-28.297855,2.3343244,0.7781081,0.17600001,0.0,0.13349213,1.9799986,2.0099986,217600
hardzero_plus_depr__c0p54__z1p05__lam0p030__nu0p50__psi1p00,hardzero_plus_depr,0.02,35,68,0.0,1,0.5082757,0.5082757,1.055577,0.0,0.08798789,0.0,0.0,0.0026797773,-27.15767,2.322316,0.7741053,0.08800001,0.0,0.1373319,2.0099986,2.0399985,220800
hardzero_plus_depr__c0p54__z1p05__lam0p030__nu0p50__psi1p00,hardzero_plus_depr,0.02,35,69,0.0,1,0.5082757,0.5085182,1.0302534,0.09327097,0.09327097,1.0,0.00024255845,0.0026005781,-27.405903,2.2666028,0.7555343,0.16000001,0.0,0.16587165,2.0399985,2.0699985,224000
hardzero_plus_depr__c0p54__z1p05__lam0p030__nu0p50__psi1p00,hardzero_plus_depr,0.02,35,70,0.0,1,0.5085182,0.5087475,1.0416042,0.09086484,0.09086484,1.0,0.00022931735,0.0025237193,-26.439447,2.291575,0.7638583,0.16800001,0.0,0.128777,2.0699985,2.0999985,227200
hardzero_plus_depr__c0p54__z1p05__lam0p030__nu0p50__psi1p00,hardzero_plus_depr,0.02,35,71,0.0,1,0.5087475,0.5089892,1.0057013,0.09869579,0.09869579,1.0,0.00024171903,0.002449132,-26.882833,2.212587,0.73752904,0.120000005,0.0,0.16761175,2.0999985,2.1299984,230400
hardzero_plus_depr__c0p54__z1p05__lam0p030__nu0p50__psi1p00,hardzero_plus_depr,0.02,35,72,0.0,1,0.5089892,0.5092514,0.95737517,0.11031253,0.11031253,1.0,0.00026218523,0.0023767494,-25.662178,2.1062675,0.7020892,0.15200001,0.0,0.16468081,2.1299984,2.1599984,233600
hardzero_plus_depr__c0p54__z1p05__lam0p030__nu0p50__psi1p00,hardzero_plus_depr,0.02,35,73,0.0,1,0.5092514,0.5094709,1.0216273,0.09514208,0.09514208,1.0,0.00021944579,0.002306506,-27.850163,2.2476249,0.74920833,0.16000001,0.0,0.14372018,2.1599984,2.1899984,236800
hardzero_plus_depr__c0p54__z1p05__lam0p030__nu0p50__psi1p00,hardzero_plus_depr,0.02,35,74,0.0,1,0.5094709,0.5096917,1.0059044,0.098649636,0.098649636,1.0,0.00022081129,0.0022383386,-26.979744,2.213034,0.737678,0.17600001,0.0,0.16591877,2.1899984,2.2199984,240000
hardzero_plus_depr__c0p54__z1p05__lam0p030__nu0p50__psi1p00,hardzero_plus_depr,0.02,35,75,0.0,1,0.5096917,0.50990593,1.0060823,0.09860926,0.09860926,1.0,0.00021419761,0.0021721856,-26.80511,2.2134252,0.7378084,0.18400002,0.0,0.16458619,2.2199984,2.2499983,243200
hardzero_plus_depr__c0p54__z1p05__lam0p030__nu0p50__psi1p00,hardzero_plus_depr,0.02,35,76,0.0,1,0.50990593,0.50990593,1.1142193,0.0,0.076874204,0.0,0.0,0.0021079879,-29.225067,2.4513314,0.8171105,0.104,0.0,0.16589618,2.2499983,2.2799983,246400
hardzero_plus_depr__c0p54__z1p05__lam0p030__nu0p50__psi1p00,hardzero_plus_depr,0.02,35,77,0.0,1,0.50990593,0.5100947,1.0348984,0.09227872,0.09227872,1.0,0.00018877343,0.0020456875,-26.888338,2.2768219,0.75894064,0.14400001,0.0,0.13632378,2.2799983,2.3099983,249600
hardzero_plus_depr__c0p54__z1p05__lam0p030__nu0p50__psi1p00,hardzero_plus_depr,0.02,35,78,0.0,1,0.5100947,0.51027423,1.0436759,0.0904324,0.0904324,1.0,0.00017952896,0.0019852284,-27.5156,2.2961328,0.76537764,0.11,0.0,0.14396377,2.3099983,2.3399982,252800
hardzero_plus_depr__c0p54__z1p05__lam0p030__nu0p50__psi1p00,hardzero_plus_depr,0.02,35,79,0.0,1,0.51027423,0.51045954,1.0168482,0.09619483,0.09619483,1.0,0.00018532474,0.001926556,-26.194645,2.2371109,0.74570364,0.192,0.008,0.14136963,2.3399982,2.3699982,256000
hardzero_plus_depr__c0p54__z1p05__lam0p030__nu0p50__psi1p00,hardzero_plus_depr,0.02,35,80,0.0,1,0.51045954,0.5106348,1.0280671,0.09374171,0.09374171,1.0,0.00017526117,0.0018696178,-27.469635,2.261793,0.753931,0.18400002,0.0,0.18098955,2.3699982,2.3999982,259200
hardzero_plus_depr__c0p54__z1p05__lam0p030__nu0p50__psi1p00,hardzero_plus_depr,0.02,35,81,0.0,1,0.5106348,0.51080066,1.038958,0.091420166,0.091420166,1.0,0.0001658693,0.0018143624,-26.745016,2.2857533,0.76191777,0.14400001,0.0,0.15295419,2.3999982,2.4299982,262400
hardzero_plus_depr__c0p54__z1p05__lam0p030__nu0p50__psi1p00,hardzero_plus_depr,0.02,35,82,0.0,1,0.51080066,0.5109818,0.98773426,0.10286454,0.10286454,1.0,0.00018111769,0.0017607398,-26.216438,2.1730587,0.72435296,0.216,0.0,0.15425988,2.4299982,2.4599981,265600
hardzero_plus_depr__c0p54__z1p05__lam0p030__nu0p50__psi1p00,hardzero_plus_depr,0.02,35,83,0.0,1,0.5109818,0.511164,0.97203505,0.10665099,0.10665099,1.0,0.00018223477,0.0017087021,-26.202677,2.1385198,0.71283996,0.256,0.0,0.14133167,2.4599981,2.489998,268800
hardzero_plus_depr__c0p54__z1p05__lam0p030__nu0p50__psi1p00,hardzero_plus_depr,0.02,35,84,0.0,1,0.511164,0.5113156,1.0390878,0.09139284,0.09139284,1.0,0.00015154784,0.0016582025,-27.20648,2.2860389,0.76201296,0.16000001,0.0,0.1421472,2.489998,2.519998,272000
hardzero_plus_depr__c0p54__z1p05__lam0p030__nu0p50__psi1p00,hardzero_plus_depr,0.02,35,85,0.0,1,0.5113156,0.51145965,1.0480596,0.089524195,0.089524195,1.0,0.00014406191,0.0016091953,-27.314348,2.305777,0.76859236,0.15200001,0.0,0.1435785,2.519998,2.549998,275200
hardzero_plus_depr__c0p54__z1p05__lam0p030__nu0p50__psi1p00,hardzero_plus_depr,0.02,35,86,0.0,1,0.51145965,0.51161623,0.99892104,0.10024874,0.10024874,1.0,0.00015655208,0.0015616363,-27.820011,2.1976702,0.73255676,0.18400002,0.0,0.14070308,2.549998,2.579998,278400
hardzero_plus_depr__c0p54__z1p05__lam0p030__nu0p50__psi1p00,hardzero_plus_depr,0.02,35,87,0.0,1,0.51161623,0.51176614,1.0048004,0.09890075,0.09890075,1.0,0.0001498824,0.0015154829,-27.152658,2.2106051,0.7368684,0.14400001,0.0,0.13576004,2.579998,2.609998,281600
hardzero_plus_depr__c0p54__z1p05__lam0p030__nu0p50__psi1p00,hardzero_plus_depr,0.02,35,88,0.0,1,0.51176614,0.51191866,0.98424953,0.10369325,0.10369325,1.0,0.00015250103,0.001470694,-26.825243,2.1653922,0.7217974,0.208,0.0,0.14275745,2.609998,2.639998,284800
hardzero_plus_depr__c0p54__z1p05__lam0p030__nu0p50__psi1p00,hardzero_plus_depr,0.02,35,89,0.0,1,0.51191866,0.51191866,1.0600737,0.0,0.08708156,0.0,0.0,0.0014272282,-27.92876,2.3322089,0.777403,0.136,0.0,0.19298278,2.639998,2.669998,288000
hardzero_plus_depr__c0p54__z1p05__lam0p030__nu0p50__psi1p00,hardzero_plus_depr,0.02,35,90,0.0,1,0.51191866,0.51204395,1.0435586,0.090456836,0.090456836,1.0,0.00012528698,0.0013850472,-27.734127,2.2958748,0.76529163,0.112,0.0,0.14204551,2.669998,2.699998,291200
hardzero_plus_depr__c0p54__z1p05__lam0p030__nu0p50__psi1p00,hardzero_plus_depr,0.02,35,91,0.0,1,0.51204395,0.5121749,1.0112996,0.09743172,0.09743172,1.0,0.00013095925,0.001344113,-26.45472,2.2249036,0.74163455,0.14999999,0.0,0.14102916,2.699998,2.7299979,294400
hardzero_plus_depr__c0p54__z1p05__lam0p030__nu0p50__psi1p00,hardzero_plus_depr,0.02,35,92,0.0,1,0.5121749,0.5123079,0.99170774,0.10192769,0.10192769,1.0,0.00013295333,0.0013043886,-26.634903,2.1818006,0.7272669,0.15200001,0.0,0.11116137,2.7299979,2.7599978,297600
hardzero_plus_depr__c0p54__z1p05__lam0p030__nu0p50__psi1p00,hardzero_plus_depr,0.02,35,93,0.0,1,0.5123079,0.51243025,1.014746,0.096661605,0.096661605,1.0,0.00012235793,0.0012658379,-26.163227,2.2324858,0.74416196,0.16800001,0.0,0.12590142,2.7599978,2.7899978,300800
hardzero_plus_depr__c0p54__z1p05__lam0p030__nu0p50__psi1p00,hardzero_plus_depr,0.02,35,94,0.0,1,0.51243025,0.5125452,1.0286882,0.09360775,0.09360775,1.0,0.00011499028,0.0012284269,-27.135141,2.2631593,0.7543864,0.18400002,0.0,0.17094572,2.7899978,2.8199978,304000
hardzero_plus_depr__c0p54__z1p05__lam0p030__nu0p50__psi1p00,hardzero_plus_depr,0.02,35,95,0.0,1,0.5125452,0.5125452,1.0710284,0.0,0.08491251,0.0,0.0,0.0011921215,-27.765516,2.3563094,0.7854365,0.17600001,0.0,0.13999459,2.8199978,2.8499978,307200
hardzero_plus_depr__c0p54__z1p05__lam0p030__nu0p50__psi1p00,hardzero_plus_depr,0.02,35,96,0.0,1,0.5125452,0.5126538,1.0274475,0.09387555,0.09387555,1.0,0.00010860359,0.001156889,-26.731369,2.2604296,0.75347656,0.192,0.0,0.13738215,2.8499978,2.8799977,310400
hardzero_plus_depr__c0p54__z1p05__lam0p030__nu0p50__psi1p00,hardzero_plus_depr,0.02,35,97,0.0,1,0.5126538,0.51275605,1.0406915,0.09105598,0.09105598,1.0,0.000102228354,0.0011226978,-27.984583,2.289567,0.763189,0.128,0.0,0.14810109,2.8799977,2.9099977,313600
hardzero_plus_depr__c0p54__z1p05__lam0p030__nu0p50__psi1p00,hardzero_plus_depr,0.02,35,98,0.0,1,0.51275605,0.5128599,1.0208123,0.0953208,0.0953208,1.0,0.000103853636,0.001089517,-27.422318,2.2458317,0.7486106,0.14400001,0.0,0.1311098,2.9099977,2.9399977,316800
hardzero_plus_depr__c0p54__z1p05__lam0p030__nu0p50__psi1p00,hardzero_plus_depr,0.02,35,99,0.0,1,0.5128599,0.5129567,1.0383352,0.09155135,0.09155135,1.0,9.679881e-05,0.0010573171,-26.774866,2.284383,0.761461,0.14400001,0.0,0.16809797,2.9399977,2.9699976,320000
hardzero_plus_depr__c0p54__z1p05__lam0p030__nu0p50__psi1p00,hardzero_plus_depr,0.02,35,100,0.0,1,0.5129567,0.5130527,1.0287087,0.093603335,0.093603335,1.0,9.604344e-05,0.0010260686,-27.583252,2.2632043,0.75440145,0.15200001,0.0,0.13312083,2.9699976,2.9999976,323200
hardzero_plus_depr__c0p54__z1p05__lam0p030__nu0p50__psi1p00,hardzero_plus_depr,0.02,35,101,0.0,1,0.5130527,0.5131564,0.9822145,0.10418028,0.10418028,1.0,0.00010373685,0.0009957437,-26.318144,2.1609151,0.7203051,0.16800001,0.0,0.14080013,2.9999976,3.0299976,326400
hardzero_plus_depr__c0p54__z1p05__lam0p030__nu0p50__psi1p00,hardzero_plus_depr,0.02,35,102,0.0,1,0.5131564,0.5132527,1.0017169,0.099605456,0.099605456,1.0,9.625025e-05,0.00096631504,-27.103783,2.2038212,0.7346071,0.216,0.0,0.15925843,3.0299976,3.0599976,329600
hardzero_plus_depr__c0p54__z1p05__lam0p030__nu0p50__psi1p00,hardzero_plus_depr,0.02,35,103,0.0,1,0.5132527,0.5133363,1.0499035,0.0891449,0.0891449,1.0,8.3596184e-05,0.0009377562,-26.885454,2.3098338,0.7699446,0.136,0.0,0.14379588,3.0599976,3.0899975,332800
hardzero_plus_depr__c0p54__z1p05__lam0p030__nu0p50__psi1p00,hardzero_plus_depr,0.02,35,104,0.0,1,0.5133363,0.5134266,1.0033567,0.09923007,0.09923007,1.0,9.030347e-05,0.00091004133,-26.230703,2.207429,0.7358097,0.21,0.0,0.1485809,3.0899975,3.1199975,336000
hardzero_plus_depr__c0p54__z1p05__lam0p030__nu0p50__psi1p00,hardzero_plus_depr,0.02,35,105,0.0,1,0.5134266,0.5134266,1.0605407,0.0,0.086987995,0.0,0.0,0.00088314555,-27.702642,2.333236,0.77774537,0.192,0.0,0.15407746,3.1199975,3.1499975,339200
hardzero_plus_depr__c0p54__z1p05__lam0p030__nu0p50__psi1p00,hardzero_plus_depr,0.02,35,106,0.0,1,0.5134266,0.5135078,1.0234425,0.09474525,0.09474525,1.0,8.120091e-05,0.00085704465,-26.741648,2.2516184,0.7505395,0.18400002,0.0,0.15685469,3.1499975,3.1799974,342400
hardzero_plus_depr__c0p54__z1p05__lam0p030__nu0p50__psi1p00,hardzero_plus_depr,0.02,35,107,0.0,1,0.5135078,0.51358527,1.0308375,0.093145624,0.093145624,1.0,7.7470635e-05,0.00083171524,-27.995342,2.2678878,0.7559626,0.16000001,0.0,0.17303492,3.1799974,3.2099974,345600
hardzero_plus_depr__c0p54__z1p05__lam0p030__nu0p50__psi1p00,hardzero_plus_depr,0.02,35,108,0.0,1,0.51358527,0.5136677,0.99074847,0.10215309,0.10215309,1.0,8.245127e-05,0.0008071343,-25.90061,2.1796901,0.7265634,0.15200001,0.0,0.12111485,3.2099974,3.2399974,348800
hardzero_plus_depr__c0p54__z1p05__lam0p030__nu0p50__psi1p00,hardzero_plus_depr,0.02,35,109,0.0,1,0.5136677,0.51374227,1.0214132,0.095189005,0.095189005,1.0,7.455964e-05,0.00078327995,-26.75997,2.247154,0.74905133,0.16800001,0.0,0.14455701,3.2399974,3.2699974,352000
hardzero_plus_depr__c0p54__z1p05__lam0p030__nu0p50__psi1p00,hardzero_plus_depr,0.02,35,110,0.0,1,0.51374227,0.5138117,1.039145,0.09138081,0.09138081,1.0,6.946134e-05,0.00076013047,-28.308863,2.2861648,0.7620549,0.128,0.0,0.17542234,3.2699974,3.2999973,355200
hardzero_plus_depr__c0p54__z1p05__lam0p030__nu0p50__psi1p00,hardzero_plus_depr,0.02,35,111,0.0,1,0.5138117,0.5138117,1.0580428,0.0,0.08748976,0.0,0.0,0.0007376653,-27.700306,2.3277404,0.7759135,0.192,0.0,0.15110761,3.2999973,3.3299973,358400
hardzero_plus_depr__c0p54__z1p05__lam0p030__nu0p50__psi1p00,hardzero_plus_depr,0.02,35,112,0.0,1,0.5138117,0.5138808,1.015481,0.09649816,0.09649816,1.0,6.9079564e-05,0.00071586407,-27.35187,2.2341027,0.7447009,0.16800001,0.0,0.16150706,3.3299973,3.3599973,361600
hardzero_plus_depr__c0p54__z1p05__lam0p030__nu0p50__psi1p00,hardzero_plus_depr,0.02,35,113,0.0,1,0.5138808,0.5138808,1.0776832,0.0,0.08362128,0.0,0.0,0.0006947071,-28.482674,2.3709505,0.7903168,0.136,0.0,0.16189122,3.3599973,3.3899972,364800
hardzero_plus_depr__c0p54__z1p05__lam0p030__nu0p50__psi1p00,hardzero_plus_depr,0.02,35,114,0.0,1,0.5138808,0.51394403,1.0279647,0.09376381,0.09376381,1.0,6.321326e-05,0.0006741754,-27.597141,2.2615676,0.7538559,0.16000001,0.0,0.15490733,3.3899972,3.4199972,368000
hardzero_plus_depr__c0p54__z1p05__lam0p030__nu0p50__psi1p00,hardzero_plus_depr,0.02,35,115,0.0,1,0.51394403,0.51394403,1.0566344,0.0,0.08777393,0.0,0.0,0.0006542505,-28.224342,2.3246422,0.77488077,0.16800001,0.0,0.15264587,3.4199972,3.4499972,371200
hardzero_plus_depr__c0p54__z1p05__lam0p030__nu0p50__psi1p00,hardzero_plus_depr,0.02,35,116,0.0,1,0.51394403,0.51394403,1.0895452,0.0,0.0813682,0.0,0.0,0.0006349145,-27.667753,2.3970475,0.7990159,0.17600001,0.0,0.18348007,3.4499972,3.4799972,374400
hardzero_plus_depr__c0p54__z1p05__lam0p030__nu0p50__psi1p00,hardzero_plus_depr,0.02,35,117,0.0,1,0.51394403,0.51400024,1.0400181,0.0911973,0.0911973,1.0,5.6191213e-05,0.00061615,-26.38319,2.2880855,0.7626952,0.14,0.0,0.15358552,3.4799972,3.5099971,377600
hardzero_plus_depr__c0p54__z1p05__lam0p030__nu0p50__psi1p00,hardzero_plus_depr,0.02,35,118,0.0,1,0.51400024,0.51405805,1.0145663,0.0967016,0.0967016,1.0,5.7821748e-05,0.00059793994,-27.506294,2.2320905,0.7440302,0.16800001,0.0,0.15893006,3.5099971,3.539997,380800
hardzero_plus_depr__c0p54__z1p05__lam0p030__nu0p50__psi1p00,hardzero_plus_depr,0.02,35,119,0.0,1,0.51405805,0.5141129,1.0245764,0.0944982,0.0944982,1.0,5.48343e-05,0.0005802682,-26.91507,2.2541132,0.7513711,0.14400001,0.0,0.15458596,3.539997,3.569997,384000
hardzero_plus_depr__c0p54__z1p05__lam0p030__nu0p50__psi1p00,hardzero_plus_depr,0.02,35,120,0.0,1,0.5141129,0.51416403,1.0420412,0.09077344,0.09077344,1.0,5.1116225e-05,0.0005631187,-27.17182,2.2925363,0.76417875,0.2,0.0,0.15133126,3.569997,3.599997,387200
hardzero_plus_depr__c0p54__z1p05__lam0p030__nu0p50__psi1p00,hardzero_plus_depr,0.02,35,121,0.0,1,0.51416403,0.514214,1.0391186,0.09138635,0.09138635,1.0,4.994045e-05,0.00054647605,-27.790718,2.2861066,0.76203555,0.16000001,0.0,0.14409219,3.599997,3.629997,390400
hardzero_plus_depr__c0p54__z1p05__lam0p030__nu0p50__psi1p00,hardzero_plus_depr,0.02,35,122,0.0,1,0.514214,0.5142616,1.0469372,0.08975584,0.08975584,1.0,4.7599788e-05,0.0005303252,-27.25035,2.3033078,0.7677693,0.104,0.0,0.15175137,3.629997,3.659997,393600
hardzero_plus_depr__c0p54__z1p05__lam0p030__nu0p50__psi1p00,hardzero_plus_depr,0.02,35,123,0.0,1,0.5142616,0.5143103,1.024158,0.09458929,0.09458929,1.0,4.868055e-05,0.0005146518,-26.721624,2.2531927,0.75106424,0.14400001,0.0,0.12803781,3.659997,3.689997,396800
hardzero_plus_depr__c0p54__z1p05__lam0p030__nu0p50__psi1p00,hardzero_plus_depr,0.02,35,124,0.0,1,0.5143103,0.51435965,1.0049982,0.09885573,0.09885573,1.0,4.937266e-05,0.0004994416,-26.561712,2.2110403,0.73701346,0.224,0.0,0.1323574,3.689997,3.719997,400000
hardzero_plus_depr__c0p54__z1p05__lam0p030__nu0p50__psi1p00,hardzero_plus_depr,0.02,35,125,0.0,1,0.51435965,0.5144037,1.0413909,0.09090945,0.09090945,1.0,4.4062068e-05,0.00048468082,-27.593502,2.2911057,0.7637019,0.16800001,0.0,0.14704514,3.719997,3.749997,403200
hardzero_plus_depr__c0p54__z1p05__lam0p030__nu0p50__psi1p00,hardzero_plus_depr,0.02,35,126,0.0,1,0.5144037,0.5144492,1.0145689,0.09670102,0.09670102,1.0,4.5483943e-05,0.0004703564,-27.387053,2.2320962,0.7440321,0.120000005,0.0,0.15756121,3.749997,3.7799969,406400
hardzero_plus_depr__c0p54__z1p05__lam0p030__nu0p50__psi1p00,hardzero_plus_depr,0.02,35,127,0.0,1,0.5144492,0.5144492,1.0599464,0.0,0.0871071,0.0,0.0,0.00045645525,-27.470621,2.3319287,0.7773096,0.15200001,0.0,0.14552522,3.7799969,3.8099968,409600
hardzero_plus_depr__c0p54__z1p05__lam0p030__nu0p50__psi1p00,hardzero_plus_depr,0.02,35,128,0.0,1,0.5144492,0.5144911,1.0241256,0.09459635,0.09459635,1.0,4.190287e-05,0.00044296499,-27.207083,2.2531214,0.75104046,0.104,0.0,0.1416818,3.8099968,3.8399968,412800
hardzero_plus_depr__c0p54__z1p05__lam0p030__nu0p50__psi1p00,hardzero_plus_depr,0.02,35,129,0.0,1,0.5144911,0.5144911,1.0547334,0.0,0.08815899,0.0,0.0,0.00042987338,-27.991241,2.3204598,0.7734866,0.096,0.008,0.1508907,3.8399968,3.8699968,416000
hardzero_plus_depr__c0p54__z1p05__lam0p030__nu0p50__psi1p00,hardzero_plus_depr,0.02,35,130,0.0,1,0.5144911,0.5145296,1.0347809,0.09230369,0.09230369,1.0,3.8506212e-05,0.00041716872,-27.325264,2.2765634,0.7588545,0.14999999,0.0,0.14693955,3.8699968,3.8999968,419200
hardzero_plus_depr__c0p54__z1p05__lam0p030__nu0p50__psi1p00,hardzero_plus_depr,0.02,35,131,0.0,1,0.5145296,0.51456815,1.02138,0.0951963,0.0951963,1.0,3.8539223e-05,0.00040483952,-27.621109,2.2470808,0.74902695,0.16800001,0.0,0.16235194,3.8999968,3.9299967,422400
hardzero_plus_depr__c0p54__z1p05__lam0p030__nu0p50__psi1p00,hardzero_plus_depr,0.02,35,132,0.0,1,0.51456815,0.51460624,1.0134624,0.09694771,0.09694771,1.0,3.8088303e-05,0.00039287473,-27.31638,2.229662,0.7432207,0.2,0.0,0.15714806,3.9299967,3.9599967,425600
hardzero_plus_depr__c0p54__z1p05__lam0p030__nu0p50__psi1p00,hardzero_plus_depr,0.02,35,133,0.0,1,0.51460624,0.51460624,1.0580102,0.0,0.08749631,0.0,0.0,0.00038126353,-27.107357,2.327669,0.77588964,0.104,0.0,0.15955614,3.9599967,3.9899967,428800
hardzero_plus_depr__c0p54__z1p05__lam0p030__nu0p50__psi1p00,hardzero_plus_depr,0.02,35,134,0.0,1,0.51460624,0.51464045,1.0341865,0.09243012,0.09243012,1.0,3.419873e-05,0.00036999548,-26.957066,2.2752557,0.75841856,0.16000001,0.0,0.140545,3.9899967,4.0199966,432000
hardzero_plus_depr__c0p54__z1p05__lam0p030__nu0p50__psi1p00,hardzero_plus_depr,0.02,35,135,0.0,1,0.51464045,0.51464045,1.0970093,0.0,0.07998171,0.0,0.0,0.00035906053,-28.19635,2.4134686,0.80448955,0.136,0.0,0.16006462,4.0199966,4.049997,435200
hardzero_plus_depr__c0p54__z1p05__lam0p030__nu0p50__psi1p00,hardzero_plus_depr,0.02,35,136,0.0,1,0.51464045,0.5146733,1.0259719,0.094195046,0.094195046,1.0,3.282213e-05,0.00034844855,-27.557442,2.2571833,0.75239444,0.14400001,0.0,0.14338273,4.049997,4.079997,438400
hardzero_plus_depr__c0p54__z1p05__lam0p030__nu0p50__psi1p00,hardzero_plus_depr,0.02,35,137,0.0,1,0.5146733,0.51470464,1.0331432,0.09265243,0.09265243,1.0,3.1330448e-05,0.0003381503,-26.834417,2.2729604,0.7576535,0.104,0.0,0.13083446,4.079997,4.1099973,441600
hardzero_plus_depr__c0p54__z1p05__lam0p030__nu0p50__psi1p00,hardzero_plus_depr,0.02,35,138,0.0,1,0.51470464,0.51470464,1.0842625,0.0,0.082364015,0.0,0.0,0.00032815637,-28.937185,2.385425,0.7951417,0.17600001,0.008,0.17889537,4.1099973,4.1399975,444800
hardzero_plus_depr__c0p54__z1p05__lam0p030__nu0p50__psi1p00,hardzero_plus_depr,0.02,35,139,0.0,1,0.51470464,0.5147363,1.0026447,0.099392906,0.099392906,1.0,3.1652446e-05,0.0003184578,-27.009134,2.2058623,0.7352874,0.15200001,0.0,0.1246989,4.1399975,4.1699977,448000
hardzero_plus_depr__c0p54__z1p05__lam0p030__nu0p50__psi1p00,hardzero_plus_depr,0.02,35,140,0.0,1,0.5147363,0.5147363,1.0806601,0.0,0.08305006,0.0,0.0,0.00030904592,-27.065538,2.3774998,0.79249996,0.096,0.0,0.15200384,4.1699977,4.199998,451200
hardzero_plus_depr__c0p54__z1p05__lam0p030__nu0p50__psi1p00,hardzero_plus_depr,0.02,35,141,0.0,1,0.5147363,0.5147646,1.0250276,0.094400086,0.094400086,1.0,2.8311733e-05,0.00029991215,-27.641676,2.2551057,0.75170195,0.15200001,0.0,0.15989354,4.199998,4.229998,454400
hardzero_plus_depr__c0p54__z1p05__lam0p030__nu0p50__psi1p00,hardzero_plus_depr,0.02,35,142,0.0,1,0.5147646,0.5147646,1.0669105,0.0,0.08572145,0.0,0.0,0.00029104835,-27.538816,2.34725,0.7824167,0.18400002,0.0,0.17416932,4.229998,4.2599983,457600
hardzero_plus_depr__c0p54__z1p05__lam0p030__nu0p50__psi1p00,hardzero_plus_depr,0.02,35,143,0.0,1,0.5147646,0.5147646,1.0883553,0.0,0.08159145,0.0,0.0,0.00028244653,-29.498003,2.3944294,0.79814315,0.089999996,0.0,0.1700099,4.2599983,4.2899985,460800
hardzero_plus_depr__c0p54__z1p05__lam0p030__nu0p50__psi1p00,hardzero_plus_depr,0.02,35,144,0.0,1,0.5147646,0.5147929,0.98570806,0.10334559,0.10334559,1.0,2.8326913e-05,0.00027409891,-26.987303,2.168601,0.722867,0.192,0.0,0.14207871,4.2899985,4.3199987,464000
hardzero_plus_depr__c0p54__z1p05__lam0p030__nu0p50__psi1p00,hardzero_plus_depr,0.02,35,145,0.0,1,0.5147929,0.5148191,1.007434,0.09830281,0.09830281,1.0,2.6148353e-05,0.000265998,-27.622677,2.2163992,0.73879975,0.136,0.0,0.15274899,4.3199987,4.349999,467200
hardzero_plus_depr__c0p54__z1p05__lam0p030__nu0p50__psi1p00,hardzero_plus_depr,0.02,35,146,0.0,1,0.5148191,0.5148191,1.0587841,0.0,0.087340534,0.0,0.0,0.00025813654,-28.257895,2.3293717,0.77645725,0.128,0.0,0.15296328,4.349999,4.379999,470400
hardzero_plus_depr__c0p54__z1p05__lam0p030__nu0p50__psi1p00,hardzero_plus_depr,0.02,35,147,0.0,1,0.5148191,0.5148191,1.0631897,0.0,0.08645902,0.0,0.0,0.00025050738,-28.104128,2.3390641,0.77968806,0.18400002,0.0,0.15503803,4.379999,4.4099994,473600
hardzero_plus_depr__c0p54__z1p05__lam0p030__nu0p50__psi1p00,hardzero_plus_depr,0.02,35,148,0.0,1,0.5148191,0.51484233,1.0200036,0.09549848,0.09549848,1.0,2.3216038e-05,0.00024310374,-26.780825,2.2440526,0.74801755,0.216,0.0,0.15659882,4.4099994,4.4399996,476800
hardzero_plus_depr__c0p54__z1p05__lam0p030__nu0p50__psi1p00,hardzero_plus_depr,0.02,35,149,0.0,1,0.51484233,0.5148655,1.0071896,0.09835815,0.09835815,1.0,2.3204542e-05,0.00023591887,-25.91526,2.2158613,0.73862046,0.136,0.0,0.17092408,4.4399996,4.47,480000
hardzero_plus_depr__c0p54__z1p05__lam0p030__nu0p50__psi1p00,hardzero_plus_depr,0.02,35,150,0.0,1,0.5148655,0.5148886,0.99621856,0.1008745,0.1008745,1.0,2.309485e-05,0.00022894636,-27.127342,2.1917245,0.73057485,0.16000001,0.0,0.14113368,4.47,4.5,483200
hardzero_plus_depr__c0p54__z1p05__lam0p030__nu0p50__psi1p00,hardzero_plus_depr,0.02,35,151,0.0,1,0.5148886,0.51490855,1.0458711,0.089976445,0.089976445,1.0,1.9990961e-05,0.00022217994,-27.246635,2.3009624,0.7669875,0.112,0.0,0.14292978,4.5,4.53,486400
hardzero_plus_depr__c0p54__z1p05__lam0p030__nu0p50__psi1p00,hardzero_plus_depr,0.02,35,152,0.0,1,0.51490855,0.514931,0.9821359,0.10419913,0.10419913,1.0,2.2466736e-05,0.00021561349,-26.109749,2.160742,0.7202474,0.18400002,0.0,0.1518482,4.53,4.5600004,489600
hardzero_plus_depr__c0p54__z1p05__lam0p030__nu0p50__psi1p00,hardzero_plus_depr,0.02,35,153,0.0,1,0.514931,0.5149499,1.0440482,0.09035492,0.09035492,1.0,1.8905961e-05,0.00020924107,-27.68242,2.296952,0.7656507,0.15200001,0.0,0.15314585,4.5600004,4.5900006,492800
hardzero_plus_depr__c0p54__z1p05__lam0p030__nu0p50__psi1p00,hardzero_plus_depr,0.02,35,154,0.0,1,0.5149499,0.5149499,1.0804064,0.0,0.08309856,0.0,0.0,0.00020305702,-28.288801,2.3769417,0.79231393,0.208,0.0,0.17069533,4.5900006,4.620001,496000
hardzero_plus_depr__c0p54__z1p05__lam0p030__nu0p50__psi1p00,hardzero_plus_depr,0.02,35,155,0.0,1,0.5149499,0.51496863,1.0227754,0.0948909,0.0948909,1.0,1.8698798e-05,0.00019705575,-26.490465,2.250151,0.7500503,0.2,0.0,0.13224849,4.620001,4.650001,499200
hardzero_plus_depr__c0p54__z1p05__lam0p030__nu0p50__psi1p00,hardzero_plus_depr,0.02,35,156,0.0,1,0.51496863,0.51498723,1.0119243,0.09729169,0.09729169,1.0,1.8605268e-05,0.00019123183,-26.92206,2.2262778,0.7420926,0.24,0.0,0.14561512,4.650001,4.6800013,502400
hardzero_plus_depr__c0p54__z1p05__lam0p030__nu0p50__psi1p00,hardzero_plus_depr,0.02,35,157,0.0,1,0.51498723,0.5150043,1.0369282,0.09184844,0.09184844,1.0,1.7045239e-05,0.00018558005,-28.024656,2.2812874,0.76042914,0.17600001,0.0,0.1466131,4.6800013,4.7100015,505600
hardzero_plus_depr__c0p54__z1p05__lam0p030__nu0p50__psi1p00,hardzero_plus_depr,0.02,35,158,0.0,1,0.5150043,0.5150212,1.0261897,0.09414783,0.09414783,1.0,1.6955579e-05,0.00018009527,-26.639677,2.2576623,0.7525541,0.16800001,0.0,0.12922646,4.7100015,4.7400017,508800
hardzero_plus_depr__c0p54__z1p05__lam0p030__nu0p50__psi1p00,hardzero_plus_depr,0.02,35,159,0.0,1,0.5150212,0.5150396,0.9771591,0.10540008,0.10540008,1.0,1.8421048e-05,0.00017477262,-26.50017,2.149793,0.7165977,0.2,0.0,0.1252216,4.7400017,4.770002,512000
hardzero_plus_depr__c0p54__z1p05__lam0p030__nu0p50__psi1p00,hardzero_plus_depr,0.02,35,160,0.0,1,0.5150396,0.5150548,1.0480528,0.0895256,0.0895256,1.0,1.5184195e-05,0.00016960729,-27.878641,2.305762,0.76858735,0.16000001,0.0,0.15512034,4.770002,4.800002,515200
hardzero_plus_depr__c0p54__z1p05__lam0p030__nu0p50__psi1p00,hardzero_plus_depr,0.02,35,161,0.0,1,0.5150548,0.5150548,1.0978599,0.0,0.07982523,0.0,0.0,0.00016459459,-28.016598,2.41534,0.8051133,0.08800001,0.0,0.14659795,4.800002,4.8300023,518400
hardzero_plus_depr__c0p54__z1p05__lam0p030__nu0p50__psi1p00,hardzero_plus_depr,0.02,35,162,0.0,1,0.5150548,0.5150695,1.037604,0.09170564,0.09170564,1.0,1.4648148e-05,0.00015973006,-28.200472,2.2827742,0.76092476,0.2,0.0,0.15586205,4.8300023,4.8600025,521600
hardzero_plus_depr__c0p54__z1p05__lam0p030__nu0p50__psi1p00,hardzero_plus_depr,0.02,35,163,0.0,1,0.5150695,0.5150856,0.9838507,0.10378852,0.10378852,1.0,1.6088185e-05,0.00015500929,-26.237843,2.1645148,0.7215049,0.16800001,0.0,0.13178514,4.8600025,4.8900027,524800
hardzero_plus_depr__c0p54__z1p05__lam0p030__nu0p50__psi1p00,hardzero_plus_depr,0.02,35,164,0.0,1,0.5150856,0.515101,0.98823816,0.10274527,0.10274527,1.0,1.545577e-05,0.00015042804,-26.325092,2.1741674,0.7247225,0.14400001,0.0,0.13629277,4.8900027,4.920003,528000
hardzero_plus_depr__c0p54__z1p05__lam0p030__nu0p50__psi1p00,hardzero_plus_depr,0.02,35,165,0.0,1,0.515101,0.5151153,1.0090235,0.097943686,0.097943686,1.0,1.42980325e-05,0.00014598218,-26.785376,2.219896,0.7399654,0.208,0.008,0.16596472,4.920003,4.950003,531200
hardzero_plus_depr__c0p54__z1p05__lam0p030__nu0p50__psi1p00,hardzero_plus_depr,0.02,35,166,0.0,1,0.5151153,0.51512825,1.0396401,0.09127668,0.09127668,1.0,1.293096e-05,0.00014166773,-27.38641,2.2872539,0.762418,0.17600001,0.0,0.11491998,4.950003,4.9800034,534400
hardzero_plus_depr__c0p54__z1p05__lam0p030__nu0p50__psi1p00,hardzero_plus_depr,0.02,35,167,0.0,1,0.51512825,0.51514286,0.9734345,0.106307894,0.106307894,1.0,1.4615292e-05,0.00013748078,-26.797054,2.1415987,0.71386623,0.16000001,0.0,0.13142206,4.9800034,5.0100036,537600
hardzero_plus_depr__c0p54__z1p05__lam0p030__nu0p50__psi1p00,hardzero_plus_depr,0.02,35,168,0.0,1,0.51514286,0.5151562,0.9997555,0.100056306,0.100056306,1.0,1.3349271e-05,0.00013341759,-26.956852,2.199506,0.7331687,0.120000005,0.0,0.13459657,5.0100036,5.040004,540800
hardzero_plus_depr__c0p54__z1p05__lam0p030__nu0p50__psi1p00,hardzero_plus_depr,0.02,35,169,0.0,1,0.5151562,0.51516986,0.9763478,0.10559715,0.10559715,1.0,1.36721355e-05,0.00012947447,-26.843557,2.148008,0.7160027,0.22,0.0,0.13885632,5.040004,5.070004,544000
hardzero_plus_depr__c0p54__z1p05__lam0p030__nu0p50__psi1p00,hardzero_plus_depr,0.02,35,170,0.0,1,0.51516986,0.51518166,1.0278637,0.093785614,0.093785614,1.0,1.17839645e-05,0.00012564789,-27.327835,2.2613454,0.7537818,0.072000004,0.0,0.16931498,5.070004,5.100004,547200
hardzero_plus_depr__c0p54__z1p05__lam0p030__nu0p50__psi1p00,hardzero_plus_depr,0.02,35,171,0.0,1,0.51518166,0.5151925,1.049719,0.08918278,0.08918278,1.0,1.0874451e-05,0.00012193442,-27.024866,2.309428,0.76980937,0.16000001,0.0,0.14324966,5.100004,5.1300044,550400
hardzero_plus_depr__c0p54__z1p05__lam0p030__nu0p50__psi1p00,hardzero_plus_depr,0.02,35,172,0.0,1,0.5151925,0.5151925,1.0711412,0.0,0.084890425,0.0,0.0,0.00011833069,-28.153942,2.3565578,0.7855193,0.192,0.0,0.15723027,5.1300044,5.1600046,553600
hardzero_plus_depr__c0p54__z1p05__lam0p030__nu0p50__psi1p00,hardzero_plus_depr,0.02,35,173,0.0,1,0.5151925,0.5151925,1.0898603,0.0,0.08130919,0.0,0.0,0.000114833456,-28.642536,2.3977406,0.7992469,0.16000001,0.0,0.16758677,5.1600046,5.190005,556800
hardzero_plus_depr__c0p54__z1p05__lam0p030__nu0p50__psi1p00,hardzero_plus_depr,0.02,35,174,0.0,1,0.5151925,0.51520264,1.041605,0.090864666,0.090864666,1.0,1.0125922e-05,0.0001114396,-27.439451,2.2915769,0.763859,0.16000001,0.0,0.18481806,5.190005,5.220005,560000
hardzero_plus_depr__c0p54__z1p05__lam0p030__nu0p50__psi1p00,hardzero_plus_depr,0.02,35,175,0.0,1,0.51520264,0.51521325,1.0085907,0.09804134,0.09804134,1.0,1.0602782e-05,0.00010814603,-27.54377,2.2189438,0.739648,0.136,0.0,0.15956888,5.220005,5.2500052,563200
hardzero_plus_depr__c0p54__z1p05__lam0p030__nu0p50__psi1p00,hardzero_plus_depr,0.02,35,176,0.0,1,0.51521325,0.5152232,1.0217279,0.09512004,0.09512004,1.0,9.982832e-06,0.000104949824,-26.947044,2.2478464,0.7492821,0.15200001,0.0,0.12526658,5.2500052,5.2800055,566400
hardzero_plus_depr__c0p54__z1p05__lam0p030__nu0p50__psi1p00,hardzero_plus_depr,0.02,35,177,0.0,1,0.5152232,0.5152232,1.0575744,0.0,0.08758415,0.0,0.0,0.000101848054,-27.73705,2.3267102,0.7755701,0.14400001,0.0,0.15615682,5.2800055,5.3100057,569600
hardzero_plus_depr__c0p54__z1p05__lam0p030__nu0p50__psi1p00,hardzero_plus_depr,0.02,35,178,0.0,1,0.5152232,0.5152334,0.9876247,0.10289049,0.10289049,1.0,1.0169488e-05,9.8837976e-05,-26.767624,2.1728177,0.7242726,0.224,0.0,0.12916148,5.3100057,5.340006,572800
hardzero_plus_depr__c0p54__z1p05__lam0p030__nu0p50__psi1p00,hardzero_plus_depr,0.02,35,179,0.0,1,0.5152334,0.5152429,1.0049146,0.09887474,0.09887474,1.0,9.483754e-06,9.5916854e-05,-26.437939,2.2108564,0.7369522,0.128,0.0,0.12652116,5.340006,5.370006,576000
hardzero_plus_depr__c0p54__z1p05__lam0p030__nu0p50__psi1p00,hardzero_plus_depr,0.02,35,180,0.0,1,0.5152429,0.51525164,1.0249476,0.09441747,0.09441747,1.0,8.788573e-06,9.308206e-05,-27.306944,2.2549298,0.7516433,0.136,0.0,0.14736308,5.370006,5.4000063,579200
hardzero_plus_depr__c0p54__z1p05__lam0p030__nu0p50__psi1p00,hardzero_plus_depr,0.02,35,181,0.0,1,0.51525164,0.5152602,1.0207187,0.09534135,0.09534135,1.0,8.612284e-06,9.033105e-05,-27.412878,2.245626,0.748542,0.128,0.0,0.15542147,5.4000063,5.4300065,582400
hardzero_plus_depr__c0p54__z1p05__lam0p030__nu0p50__psi1p00,hardzero_plus_depr,0.02,35,182,0.0,1,0.5152602,0.5152682,1.040899,0.09101249,0.09101249,1.0,7.978278e-06,8.766135e-05,-27.620693,2.2900236,0.7633412,0.12,0.0,0.12855324,5.4300065,5.4600067,585600
hardzero_plus_depr__c0p54__z1p05__lam0p030__nu0p50__psi1p00,hardzero_plus_depr,0.02,35,183,0.0,1,0.5152682,0.5152682,1.0518564,0.0,0.08874493,0.0,0.0,8.507054e-05,-27.68188,2.3141303,0.7713768,0.16000001,0.0,0.15822382,5.4600067,5.490007,588800
hardzero_plus_depr__c0p54__z1p05__lam0p030__nu0p50__psi1p00,hardzero_plus_depr,0.02,35,184,0.0,1,0.5152682,0.51527643,1.0031219,0.09928374,0.09928374,1.0,8.196499e-06,8.2556304e-05,-26.37392,2.206912,0.73563737,0.192,0.0,0.13378662,5.490007,5.520007,592000
hardzero_plus_depr__c0p54__z1p05__lam0p030__nu0p50__psi1p00,hardzero_plus_depr,0.02,35,185,0.0,1,0.51527643,0.5152851,0.9676301,0.107738234,0.107738234,1.0,8.631599e-06,8.011639e-05,-25.952635,2.1288288,0.7096096,0.2,0.0,0.13768546,5.520007,5.5500073,595200
hardzero_plus_depr__c0p54__z1p05__lam0p030__nu0p50__psi1p00,hardzero_plus_depr,0.02,35,186,0.0,1,0.5152851,0.5152851,1.0512286,0.0,0.088873304,0.0,0.0,7.774857e-05,-27.542723,2.3127491,0.7709164,0.15200001,0.0,0.15803975,5.5500073,5.5800076,598400
hardzero_plus_depr__c0p54__z1p05__lam0p030__nu0p50__psi1p00,hardzero_plus_depr,0.02,35,187,0.0,1,0.5152851,0.51529294,0.9816727,0.10431032,0.10431032,1.0,7.870291e-06,7.545074e-05,-26.682264,2.159723,0.7199077,0.16000001,0.0,0.14598331,5.5800076,5.610008,601600
hardzero_plus_depr__c0p54__z1p05__lam0p030__nu0p50__psi1p00,hardzero_plus_depr,0.02,35,188,0.0,1,0.51529294,0.5153003,1.0005932,0.0998635,0.0998635,1.0,7.312087e-06,7.3220814e-05,-28.23952,2.201349,0.733783,0.18400002,0.0,0.13680334,5.610008,5.640008,604800
hardzero_plus_depr__c0p54__z1p05__lam0p030__nu0p50__psi1p00,hardzero_plus_depr,0.02,35,189,0.0,1,0.5153003,0.51530707,1.0203732,0.095417224,0.095417224,1.0,6.7800424e-06,7.10568e-05,-27.286955,2.244866,0.74828863,0.208,0.0,0.14857478,5.640008,5.670008,608000
hardzero_plus_depr__c0p54__z1p05__lam0p030__nu0p50__psi1p00,hardzero_plus_depr,0.02,35,190,0.0,1,0.51530707,0.51531327,1.0463119,0.08988519,0.08988519,1.0,6.1981896e-06,6.895674e-05,-27.53488,2.301932,0.76731074,0.096,0.0,0.13871524,5.670008,5.7000084,611200
hardzero_plus_depr__c0p54__z1p05__lam0p030__nu0p50__psi1p00,hardzero_plus_depr,0.02,35,191,0.0,1,0.51531327,0.5153193,1.0445046,0.090260014,0.090260014,1.0,6.0400876e-06,6.691875e-05,-26.834904,2.2979562,0.7659854,0.16800001,0.0,0.1459844,5.7000084,5.7300086,614400
hardzero_plus_depr__c0p54__z1p05__lam0p030__nu0p50__psi1p00,hardzero_plus_depr,0.02,35,192,0.0,1,0.5153193,0.5153253,1.0321021,0.092874795,0.092874795,1.0,6.0313805e-06,6.4940985e-05,-28.152283,2.27067,0.75689,0.16800001,0.0,0.17310184,5.7300086,5.760009,617600
hardzero_plus_depr__c0p54__z1p05__lam0p030__nu0p50__psi1p00,hardzero_plus_depr,0.02,35,193,0.0,1,0.5153253,0.515331,1.0471935,0.0897029,0.0897029,1.0,5.6532267e-06,6.3021675e-05,-27.94767,2.3038719,0.7679573,0.192,0.0,0.13172346,5.760009,5.790009,620800
hardzero_plus_depr__c0p54__z1p05__lam0p030__nu0p50__psi1p00,hardzero_plus_depr,0.02,35,194,0.0,1,0.515331,0.515331,1.0514138,0.0,0.088835426,0.0,0.0,6.115909e-05,-26.93755,2.3131566,0.77105224,0.16000001,0.0,0.1422373,5.790009,5.820009,624000
hardzero_plus_depr__c0p54__z1p05__lam0p030__nu0p50__psi1p00,hardzero_plus_depr,0.02,35,195,0.0,1,0.515331,0.515331,1.0701216,0.0,0.08508996,0.0,0.0,5.9351558e-05,-27.351631,2.3543146,0.78477156,0.12,0.0,0.15283208,5.820009,5.8500094,627200
hardzero_plus_depr__c0p54__z1p05__lam0p030__nu0p50__psi1p00,hardzero_plus_depr,0.02,35,196,0.0,1,0.515331,0.51533645,1.0202432,0.095445804,0.095445804,1.0,5.497434e-06,5.7597437e-05,-26.538221,2.2445798,0.74819326,0.136,0.0,0.13903578,5.8500094,5.8800097,630400
hardzero_plus_depr__c0p54__z1p05__lam0p030__nu0p50__psi1p00,hardzero_plus_depr,0.02,35,197,0.0,1,0.51533645,0.5153415,1.0429077,0.090592496,0.090592496,1.0,5.0636822e-06,5.589516e-05,-27.681244,2.294443,0.7648143,0.14400001,0.0,0.20279483,5.8800097,5.91001,633600
hardzero_plus_depr__c0p54__z1p05__lam0p030__nu0p50__psi1p00,hardzero_plus_depr,0.02,35,198,0.0,1,0.5153415,0.5153465,1.0333567,0.092606895,0.092606895,1.0,5.0232948e-06,5.4243203e-05,-27.858025,2.27343,0.75781006,0.2,0.0,0.13314866,5.91001,5.94001,636800
hardzero_plus_depr__c0p54__z1p05__lam0p030__nu0p50__psi1p00,hardzero_plus_depr,0.02,35,199,0.0,1,0.5153465,0.51535124,1.0474828,0.08964316,0.08964316,1.0,4.718822e-06,5.2640065e-05,-27.359016,2.3045082,0.7681694,0.192,0.008,0.14533462,5.94001,5.9700103,640000
hardzero_plus_depr__c0p54__z1p05__lam0p030__nu0p50__psi1p00,hardzero_plus_depr,0.02,35,200,0.0,1,0.51535124,0.51535654,0.98454916,0.10362173,0.10362173,1.0,5.2934433e-06,5.10843e-05,-26.708252,2.1660514,0.72201717,0.18400002,0.0,0.13456503,5.9700103,6.0000105,643200
hardzero_plus_depr__c0p54__z1p05__lam0p030__nu0p50__psi1p00,hardzero_plus_depr,0.02,35,201,0.0,1,0.51535654,0.5153613,1.0186956,0.09578652,0.09578652,1.0,4.748571e-06,4.9574523e-05,-27.159977,2.241175,0.74705833,0.128,0.0,0.13780332,6.0000105,6.0300107,646400
hardzero_plus_depr__c0p54__z1p05__lam0p030__nu0p50__psi1p00,hardzero_plus_depr,0.02,35,202,0.0,1,0.5153613,0.51536584,1.0278548,0.09378756,0.09378756,1.0,4.5120596e-06,4.8109363e-05,-27.710394,2.2613256,0.75377524,0.18400002,0.0,0.1493626,6.0300107,6.060011,649600
hardzero_plus_depr__c0p54__z1p05__lam0p030__nu0p50__psi1p00,hardzero_plus_depr,0.02,35,203,0.0,1,0.51536584,0.51537013,1.0351633,0.09222246,0.09222246,1.0,4.3056366e-06,4.6687506e-05,-27.17772,2.2774048,0.75913495,0.16800001,0.0,0.153691,6.060011,6.090011,652800
hardzero_plus_depr__c0p54__z1p05__lam0p030__nu0p50__psi1p00,hardzero_plus_depr,0.02,35,204,0.0,1,0.51537013,0.51537013,1.073457,0.0,0.08443898,0.0,0.0,4.5307672e-05,-29.1049,2.3616526,0.78721756,0.120000005,0.0,0.15270992,6.090011,6.1200113,656000
hardzero_plus_depr__c0p54__z1p05__lam0p030__nu0p50__psi1p00,hardzero_plus_depr,0.02,35,205,0.0,1,0.51537013,0.51537013,1.0768986,0.0,0.08377248,0.0,0.0,4.396862e-05,-28.806767,2.369224,0.7897414,0.096,0.0,0.17329092,6.1200113,6.1500115,659200
hardzero_plus_depr__c0p54__z1p05__lam0p030__nu0p50__psi1p00,hardzero_plus_depr,0.02,35,206,0.0,1,0.51537013,0.5153747,0.96951854,0.107270785,0.107270785,1.0,4.577152e-06,4.266914e-05,-26.946218,2.1329834,0.7109945,0.120000005,0.0,0.14685893,6.1500115,6.1800117,662400
hardzero_plus_depr__c0p54__z1p05__lam0p030__nu0p50__psi1p00,hardzero_plus_depr,0.02,35,207,0.0,1,0.5153747,0.51537883,1.0036774,0.09915683,0.09915683,1.0,4.105893e-06,4.140807e-05,-27.752422,2.2081344,0.7360448,0.136,0.0,0.14394213,6.1800117,6.210012,665600
hardzero_plus_depr__c0p54__z1p05__lam0p030__nu0p50__psi1p00,hardzero_plus_depr,0.02,35,208,0.0,1,0.51537883,0.5153826,1.0264082,0.09410046,0.09410046,1.0,3.781358e-06,4.0184266e-05,-27.153059,2.2581432,0.7527144,0.17,0.0,0.14092514,6.210012,6.240012,668800
hardzero_plus_depr__c0p54__z1p05__lam0p030__nu0p50__psi1p00,hardzero_plus_depr,0.02,35,209,0.0,1,0.5153826,0.5153865,0.9943794,0.10130259,0.10130259,1.0,3.9504603e-06,3.8996637e-05,-26.816584,2.1876783,0.7292261,0.17600001,0.0,0.14177473,6.240012,6.2700124,672000
hardzero_plus_depr__c0p54__z1p05__lam0p030__nu0p50__psi1p00,hardzero_plus_depr,0.02,35,210,0.0,1,0.5153865,0.5153865,1.11895,0.0,0.07604136,0.0,0.0,3.7844104e-05,-29.517973,2.4617393,0.82057977,0.15200001,0.0,0.17712401,6.2700124,6.3000126,675200
hardzero_plus_depr__c0p54__z1p05__lam0p030__nu0p50__psi1p00,hardzero_plus_depr,0.02,35,211,0.0,1,0.5153865,0.5153901,1.009617,0.09780994,0.09780994,1.0,3.5921319e-06,3.6725633e-05,-26.342241,2.2212017,0.74040055,0.15200001,0.0,0.1446086,6.3000126,6.330013,678400
hardzero_plus_depr__c0p54__z1p05__lam0p030__nu0p50__psi1p00,hardzero_plus_depr,0.02,35,212,0.0,1,0.5153901,0.51539344,1.0273707,0.09389216,0.09389216,1.0,3.346337e-06,3.564022e-05,-26.979414,2.2602606,0.75342023,0.18400002,0.0,0.1549453,6.330013,6.360013,681600
hardzero_plus_depr__c0p54__z1p05__lam0p030__nu0p50__psi1p00,hardzero_plus_depr,0.02,35,213,0.0,1,0.51539344,0.51539654,1.0486033,0.08941218,0.08941218,1.0,3.0924887e-06,3.4586883e-05,-28.183067,2.3069732,0.7689911,0.14400001,0.0,0.18377069,6.360013,6.390013,684800
hardzero_plus_depr__c0p54__z1p05__lam0p030__nu0p50__psi1p00,hardzero_plus_depr,0.02,35,214,0.0,1,0.51539654,0.5153995,1.0495164,0.08922438,0.08922438,1.0,2.9947878e-06,3.356468e-05,-27.521618,2.3089824,0.76966083,0.18400002,0.0,0.17530908,6.390013,6.4200134,688000
hardzero_plus_depr__c0p54__z1p05__lam0p030__nu0p50__psi1p00,hardzero_plus_depr,0.02,35,215,0.0,1,0.5153995,0.51540285,0.9891653,0.102526166,0.102526166,1.0,3.3395527e-06,3.2572687e-05,-26.740969,2.176207,0.72540236,0.192,0.0,0.13437879,6.4200134,6.4500136,691200
hardzero_plus_depr__c0p54__z1p05__lam0p030__nu0p50__psi1p00,hardzero_plus_depr,0.02,35,216,0.0,1,0.51540285,0.5154058,1.0366563,0.09190597,0.09190597,1.0,2.9051487e-06,3.1610012e-05,-27.545519,2.2806892,0.76022977,0.128,0.0,0.14492321,6.4500136,6.480014,694400
hardzero_plus_depr__c0p54__z1p05__lam0p030__nu0p50__psi1p00,hardzero_plus_depr,0.02,35,217,0.0,1,0.5154058,0.5154086,1.0422379,0.09073233,0.09073233,1.0,2.7832855e-06,3.0675787e-05,-27.411139,2.292969,0.764323,0.112,0.0,0.14457217,6.480014,6.510014,697600
hardzero_plus_depr__c0p54__z1p05__lam0p030__nu0p50__psi1p00,hardzero_plus_depr,0.02,35,218,0.0,1,0.5154086,0.51541144,1.0185524,0.095818095,0.095818095,1.0,2.8524257e-06,2.9769177e-05,-26.845747,2.24086,0.74695337,0.15200001,0.0,0.12054385,6.510014,6.5400143,700800
hardzero_plus_depr__c0p54__z1p05__lam0p030__nu0p50__psi1p00,hardzero_plus_depr,0.02,35,219,0.0,1,0.51541144,0.51541144,1.0764036,0.0,0.08386803,0.0,0.0,2.8889355e-05,-28.126667,2.3681352,0.7893784,0.16000001,0.0,0.1631441,6.5400143,6.5700145,704000
hardzero_plus_depr__c0p54__z1p05__lam0p030__nu0p50__psi1p00,hardzero_plus_depr,0.02,35,220,0.0,1,0.51541144,0.51541394,1.0491259,0.08930466,0.08930466,1.0,2.5037045e-06,2.8035542e-05,-28.149208,2.308123,0.7693744,0.128,0.0,0.14220838,6.5700145,6.6000147,707200
hardzero_plus_depr__c0p54__z1p05__lam0p030__nu0p50__psi1p00,hardzero_plus_depr,0.02,35,221,0.0,1,0.51541394,0.51541394,1.0973074,0.0,0.079926826,0.0,0.0,2.720696e-05,-27.738699,2.4141245,0.8047082,0.14,0.0,0.1502246,6.6000147,6.630015,710400
hardzero_plus_depr__c0p54__z1p05__lam0p030__nu0p50__psi1p00,hardzero_plus_depr,0.02,35,222,0.0,1,0.51541394,0.51541394,1.0740044,0.0,0.08433261,0.0,0.0,2.640287e-05,-28.540712,2.3628569,0.787619,0.136,0.0,0.15750231,6.630015,6.660015,713600
hardzero_plus_depr__c0p54__z1p05__lam0p030__nu0p50__psi1p00,hardzero_plus_depr,0.02,35,223,0.0,1,0.51541394,0.51541656,0.99051297,0.102208495,0.102208495,1.0,2.618841e-06,2.562254e-05,-26.245329,2.179172,0.7263907,0.128,0.0,0.16023451,6.660015,6.6900153,716800
hardzero_plus_depr__c0p54__z1p05__lam0p030__nu0p50__psi1p00,hardzero_plus_depr,0.02,35,224,0.0,1,0.51541656,0.51541877,1.04825,0.089484945,0.089484945,1.0,2.2250676e-06,2.4865274e-05,-27.271013,2.306196,0.768732,0.15200001,0.0,0.14854656,6.6900153,6.7200155,720000
hardzero_plus_depr__c0p54__z1p05__lam0p030__nu0p50__psi1p00,hardzero_plus_depr,0.02,35,225,0.0,1,0.51541877,0.51541877,1.0724944,0.0,0.08462635,0.0,0.0,2.413039e-05,-27.198032,2.3595347,0.7865116,0.14400001,0.0,0.15405118,6.7200155,6.7500157,723200
hardzero_plus_depr__c0p54__z1p05__lam0p030__nu0p50__psi1p00,hardzero_plus_depr,0.02,35,226,0.0,1,0.51541877,0.51542115,0.9890023,0.10256465,0.10256465,1.0,2.4017793e-06,2.3417224e-05,-26.47656,2.1758485,0.72528285,0.16000001,0.0,0.11187035,6.7500157,6.780016,726400
hardzero_plus_depr__c0p54__z1p05__lam0p030__nu0p50__psi1p00,hardzero_plus_depr,0.02,35,227,0.0,1,0.51542115,0.5154233,1.023208,0.09479643,0.09479643,1.0,2.1542617e-06,2.2725135e-05,-27.23073,2.2511027,0.7503676,0.16000001,0.0,0.15670465,6.780016,6.810016,729600
hardzero_plus_depr__c0p54__z1p05__lam0p030__nu0p50__psi1p00,hardzero_plus_depr,0.02,35,228,0.0,1,0.5154233,0.5154233,1.0502906,0.0,0.08906549,0.0,0.0,2.2053498e-05,-27.242538,2.3106854,0.7702285,0.080000006,0.0,0.15759753,6.810016,6.8400164,732800
hardzero_plus_depr__c0p54__z1p05__lam0p030__nu0p50__psi1p00,hardzero_plus_depr,0.02,35,229,0.0,1,0.5154233,0.51542544,1.0027783,0.099362314,0.099362314,1.0,2.1265244e-06,2.1401718e-05,-27.193542,2.2061563,0.7353854,0.192,0.008,0.14849702,6.8400164,6.8700166,736000
hardzero_plus_depr__c0p54__z1p05__lam0p030__nu0p50__psi1p00,hardzero_plus_depr,0.02,35,230,0.0,1,0.51542544,0.5154276,0.98924005,0.10250852,0.10250852,1.0,2.1290195e-06,2.0769196e-05,-26.373062,2.1763716,0.7254572,0.18400002,0.0,0.14633329,6.8700166,6.900017,739200
hardzero_plus_depr__c0p54__z1p05__lam0p030__nu0p50__psi1p00,hardzero_plus_depr,0.02,35,231,0.0,1,0.5154276,0.5154295,1.0291454,0.09350927,0.09350927,1.0,1.884714e-06,2.015537e-05,-27.385765,2.264165,0.75472164,0.15200001,0.0,0.14563945,6.900017,6.930017,742400
hardzero_plus_depr__c0p54__z1p05__lam0p030__nu0p50__psi1p00,hardzero_plus_depr,0.02,35,232,0.0,1,0.5154295,0.5154295,1.0728618,0.0,0.08455479,0.0,0.0,1.9559686e-05,-27.817844,2.360343,0.786781,0.112,0.0,0.13253917,6.930017,6.960017,745600
hardzero_plus_depr__c0p54__z1p05__lam0p030__nu0p50__psi1p00,hardzero_plus_depr,0.02,35,233,0.0,1,0.5154295,0.5154295,1.0565541,0.0,0.08779017,0.0,0.0,1.8981606e-05,-27.915516,2.3244655,0.7748219,0.136,0.0,0.14738561,6.960017,6.9900174,748800
hardzero_plus_depr__c0p54__z1p05__lam0p030__nu0p50__psi1p00,hardzero_plus_depr,0.02,35,234,0.0,1,0.5154295,0.51543146,0.96623075,0.10808595,0.10808595,1.0,1.9910092e-06,1.8420611e-05,-25.059072,2.12575,0.70858335,0.16,0.0,0.113464996,6.9900174,7.0200176,752000
hardzero_plus_depr__c0p54__z1p05__lam0p030__nu0p50__psi1p00,hardzero_plus_depr,0.02,35,235,0.0,1,0.51543146,0.51543146,1.0663055,0.0,0.085840926,0.0,0.0,1.7876195e-05,-27.738203,2.345919,0.781973,0.120000005,0.0,0.1662806,7.0200176,7.050018,755200
hardzero_plus_depr__c0p54__z1p05__lam0p030__nu0p50__psi1p00,hardzero_plus_depr,0.02,35,236,0.0,1,0.51543146,0.51543313,1.0152949,0.09653951,0.09653951,1.0,1.6747548e-06,1.734787e-05,-26.611092,2.2336934,0.7445645,0.16800001,0.0,0.13465671,7.050018,7.080018,758400
hardzero_plus_depr__c0p54__z1p05__lam0p030__nu0p50__psi1p00,hardzero_plus_depr,0.02,35,237,0.0,1,0.51543313,0.51543474,1.0143003,0.09676084,0.09676084,1.0,1.6289843e-06,1.683516e-05,-26.405676,2.2315054,0.74383515,0.17600001,0.0,0.16621502,7.080018,7.1100183,761600
hardzero_plus_depr__c0p54__z1p05__lam0p030__nu0p50__psi1p00,hardzero_plus_depr,0.02,35,238,0.0,1,0.51543474,0.51543474,1.0982554,0.0,0.07975256,0.0,0.0,1.6337603e-05,-28.561062,2.4162102,0.8054034,0.096,0.0,0.17181365,7.1100183,7.1400185,764800
hardzero_plus_depr__c0p54__z1p05__lam0p030__nu0p50__psi1p00,hardzero_plus_depr,0.02,35,239,0.0,1,0.51543474,0.51543474,1.0678725,0.0,0.08553178,0.0,0.0,1.585475e-05,-28.122337,2.3493664,0.7831222,0.15200001,0.0,0.16054802,7.1400185,7.1700187,768000
hardzero_plus_depr__c0p54__z1p05__lam0p030__nu0p50__psi1p00,hardzero_plus_depr,0.02,35,240,0.0,1,0.51543474,0.51543474,1.0526018,0.0,0.08859274,0.0,0.0,1.5386167e-05,-27.500996,2.3157701,0.7719234,0.120000005,0.0,0.14632389,7.1700187,7.200019,771200
hardzero_plus_depr__c0p54__z1p05__lam0p030__nu0p50__psi1p00,hardzero_plus_depr,0.02,35,241,0.0,1,0.51543474,0.51543474,1.0688244,0.0,0.085344516,0.0,0.0,1.4931435e-05,-27.997662,2.3514607,0.7838203,0.104,0.0,0.16159107,7.200019,7.230019,774400
hardzero_plus_depr__c0p54__z1p05__lam0p030__nu0p50__psi1p00,hardzero_plus_depr,0.02,35,242,0.0,1,0.51543474,0.51543474,1.057513,0.0,0.087596536,0.0,0.0,1.44901405e-05,-28.296497,2.326575,0.77552503,0.15200001,0.0,0.14698465,7.230019,7.2600193,777600
hardzero_plus_depr__c0p54__z1p05__lam0p030__nu0p50__psi1p00,hardzero_plus_depr,0.02,35,243,0.0,1,0.51543474,0.51543474,1.0733032,0.0,0.08446888,0.0,0.0,1.40618895e-05,-28.416317,2.3613143,0.7871048,0.15200001,0.0,0.16360936,7.2600193,7.2900195,780800
hardzero_plus_depr__c0p54__z1p05__lam0p030__nu0p50__psi1p00,hardzero_plus_depr,0.02,35,244,0.0,1,0.51543474,0.51543474,1.0779972,0.0,0.08356084,0.0,0.0,1.3646293e-05,-27.761456,2.3716412,0.7905471,0.080000006,0.0,0.1913654,7.2900195,7.3200197,784000
hardzero_plus_depr__c0p54__z1p05__lam0p030__nu0p50__psi1p00,hardzero_plus_depr,0.02,35,245,0.0,1,0.51543474,0.515436,1.0240247,0.09461831,0.09461831,1.0,1.2530287e-06,1.3242983e-05,-27.316376,2.2528994,0.7509665,0.112,0.0,0.13766174,7.3200197,7.35002,787200
hardzero_plus_depr__c0p54__z1p05__lam0p030__nu0p50__psi1p00,hardzero_plus_depr,0.02,35,246,0.0,1,0.515436,0.51543725,1.0200636,0.09548527,0.09548527,1.0,1.2271377e-06,1.2851591e-05,-27.760302,2.2441847,0.7480616,0.120000005,0.0,0.14171337,7.35002,7.38002,790400
hardzero_plus_depr__c0p54__z1p05__lam0p030__nu0p50__psi1p00,hardzero_plus_depr,0.02,35,247,0.0,1,0.51543725,0.51543725,1.056162,0.0,0.08786947,0.0,0.0,1.2471766e-05,-27.3975,2.3236027,0.7745342,0.16,0.0,0.15097335,7.38002,7.4100204,793600
hardzero_plus_depr__c0p54__z1p05__lam0p030__nu0p50__psi1p00,hardzero_plus_depr,0.02,35,248,0.0,1,0.51543725,0.5154384,1.0247158,0.09446788,0.09446788,1.0,1.1433605e-06,1.2103167e-05,-26.54297,2.2544198,0.7514733,0.104,0.0,0.1507238,7.4100204,7.4400206,796800
hardzero_plus_depr__c0p54__z1p05__lam0p030__nu0p50__psi1p00,hardzero_plus_depr,0.02,35,249,0.0,1,0.5154384,0.5154396,0.97940385,0.10485668,0.10485668,1.0,1.2315901e-06,1.1745462e-05,-26.544804,2.1547315,0.71824384,0.2,0.0,0.15629597,7.4400206,7.470021,800000
hardzero_plus_depr__c0p54__z1p05__lam0p030__nu0p50__psi1p00,hardzero_plus_depr,0.02,35,250,0.0,1,0.5154396,0.51544076,0.9964822,0.10081329,0.10081329,1.0,1.149103e-06,1.1398329e-05,-27.217722,2.1923046,0.7307682,0.096,0.0,0.13084805,7.470021,7.500021,803200
hardzero_plus_depr__c0p54__z1p05__lam0p030__nu0p50__psi1p00,hardzero_plus_depr,0.02,35,251,0.0,1,0.51544076,0.51544195,0.959468,0.10978223,0.10978223,1.0,1.2143512e-06,1.1061456e-05,-25.97093,2.1108718,0.70362395,0.128,0.0,0.11537253,7.500021,7.530021,806400
hardzero_plus_depr__c0p54__z1p05__lam0p030__nu0p50__psi1p00,hardzero_plus_depr,0.02,35,252,0.0,1,0.51544195,0.515443,0.9935933,0.101486124,0.101486124,1.0,1.0894065e-06,1.0734537e-05,-26.225674,2.1859488,0.7286496,0.120000005,0.0,0.14314319,7.530021,7.5600214,809600
hardzero_plus_depr__c0p54__z1p05__lam0p030__nu0p50__psi1p00,hardzero_plus_depr,0.02,35,253,0.0,1,0.515443,0.515443,1.0540103,0.0,0.088305905,0.0,0.0,1.0417281e-05,-27.658882,2.3188689,0.7729563,0.224,0.0,0.17758834,7.5600214,7.5900216,812800
hardzero_plus_depr__c0p54__z1p05__lam0p030__nu0p50__psi1p00,hardzero_plus_depr,0.02,35,254,0.0,1,0.515443,0.515444,1.0207713,0.0953298,0.0953298,1.0,9.637273e-07,1.0109402e-05,-27.313858,2.2457416,0.7485806,0.16800001,0.0,0.14145468,7.5900216,7.620022,816000
hardzero_plus_depr__c0p54__z1p05__lam0p030__nu0p50__psi1p00,hardzero_plus_depr,0.02,35,255,0.0,1,0.515444,0.515444,1.0530531,0.0,0.088500716,0.0,0.0,9.810623e-06,-27.778753,2.3167632,0.7722544,0.14400001,0.0,0.19731049,7.620022,7.650022,819200
hardzero_plus_depr__c0p54__z1p05__lam0p030__nu0p50__psi1p00,hardzero_plus_depr,0.02,35,256,0.0,1,0.515444,0.5154449,1.0251696,0.09436921,0.09436921,1.0,8.984583e-07,9.520672e-06,-27.909857,2.255418,0.751806,0.128,0.0,0.1676464,7.650022,7.6800222,822400
hardzero_plus_depr__c0p54__z1p05__lam0p030__nu0p50__psi1p00,hardzero_plus_depr,0.02,35,257,0.0,1,0.5154449,0.5154449,1.050135,0.0,0.089097396,0.0,0.0,9.239293e-06,-27.796173,2.3103433,0.7701144,0.096,0.0,0.15040602,7.6800222,7.7100224,825600
hardzero_plus_depr__c0p54__z1p05__lam0p030__nu0p50__psi1p00,hardzero_plus_depr,0.02,35,258,0.0,1,0.5154449,0.51544577,1.004693,0.0989252,0.0989252,1.0,8.8698596e-07,8.966228e-06,-26.387264,2.2103689,0.73678964,0.17600001,0.0,0.12987942,7.7100224,7.7400227,828800
hardzero_plus_depr__c0p54__z1p05__lam0p030__nu0p50__psi1p00,hardzero_plus_depr,0.02,35,259,0.0,1,0.51544577,0.5154466,1.0308009,0.093153454,0.093153454,1.0,8.1055003e-07,8.701234e-06,-27.399498,2.2678072,0.7559358,0.14400001,0.0,0.14839682,7.7400227,7.770023,832000
hardzero_plus_depr__c0p54__z1p05__lam0p030__nu0p50__psi1p00,hardzero_plus_depr,0.02,35,260,0.0,1,0.5154466,0.5154474,1.0483279,0.08946889,0.08946889,1.0,7.554818e-07,8.444073e-06,-27.909452,2.3063674,0.7687892,0.14999999,0.0,0.15799463,7.770023,7.800023,835200
hardzero_plus_depr__c0p54__z1p05__lam0p030__nu0p50__psi1p00,hardzero_plus_depr,0.02,35,261,0.0,1,0.5154474,0.5154481,1.0418152,0.0908207,0.0908207,1.0,7.4423116e-07,8.19451e-06,-27.370846,2.2920392,0.76401305,0.14400001,0.0,0.17102188,7.800023,7.8300233,838400
hardzero_plus_depr__c0p54__z1p05__lam0p030__nu0p50__psi1p00,hardzero_plus_depr,0.02,35,262,0.0,1,0.5154481,0.5154489,0.9904825,0.102215655,0.102215655,1.0,8.12852e-07,7.952324e-06,-27.071548,2.179105,0.72636837,0.128,0.0,0.1590038,7.8300233,7.8600235,841600
hardzero_plus_depr__c0p54__z1p05__lam0p030__nu0p50__psi1p00,hardzero_plus_depr,0.02,35,263,0.0,1,0.5154489,0.5154497,1.013032,0.09704386,0.09704386,1.0,7.4891614e-07,7.717295e-06,-26.744423,2.228715,0.742905,0.15200001,0.0,0.13874538,7.8600235,7.8900237,844800
hardzero_plus_depr__c0p54__z1p05__lam0p030__nu0p50__psi1p00,hardzero_plus_depr,0.02,35,264,0.0,1,0.5154497,0.5154497,1.0836062,0.0,0.08248855,0.0,0.0,7.489214e-06,-28.295197,2.3839815,0.7946605,0.14400001,0.0,0.18792962,7.8900237,7.920024,848000
hardzero_plus_depr__c0p54__z1p05__lam0p030__nu0p50__psi1p00,hardzero_plus_depr,0.02,35,265,0.0,1,0.5154497,0.5154497,1.0920612,0.0,0.080898196,0.0,0.0,7.267872e-06,-27.794468,2.4025826,0.8008609,0.14400001,0.0,0.14262459,7.920024,7.950024,851200
hardzero_plus_depr__c0p54__z1p05__lam0p030__nu0p50__psi1p00,hardzero_plus_depr,0.02,35,266,0.0,1,0.5154497,0.5154505,0.9707672,0.106962815,0.106962815,1.0,7.5441653e-07,7.0530727e-06,-26.217133,2.1357305,0.7119102,0.18400002,0.0,0.15016787,7.950024,7.9800243,854400
hardzero_plus_depr__c0p54__z1p05__lam0p030__nu0p50__psi1p00,hardzero_plus_depr,0.02,35,267,0.0,1,0.5154505,0.5154505,1.0504606,0.0,0.08903063,0.0,0.0,6.844622e-06,-28.292631,2.3110595,0.7703532,0.14400001,0.0,0.16037501,7.9800243,8.010024,857600
hardzero_plus_depr__c0p54__z1p05__lam0p030__nu0p50__psi1p00,hardzero_plus_depr,0.02,35,268,0.0,1,0.5154505,0.51545113,1.0225291,0.09494474,0.09494474,1.0,6.306547e-07,6.6423345e-06,-27.007801,2.249609,0.7498697,0.2,0.0,0.15629397,8.010024,8.040024,860800
hardzero_plus_depr__c0p54__z1p05__lam0p030__nu0p50__psi1p00,hardzero_plus_depr,0.02,35,269,0.0,1,0.51545113,0.51545113,1.0535328,0.0,0.08840304,0.0,0.0,6.4460255e-06,-27.858091,2.3178186,0.77260625,0.112,0.0,0.1421627,8.040024,8.070024,864000
hardzero_plus_depr__c0p54__z1p05__lam0p030__nu0p50__psi1p00,hardzero_plus_depr,0.02,35,270,0.0,1,0.51545113,0.5154517,1.0153931,0.096517675,0.096517675,1.0,6.0376806e-07,6.255518e-06,-26.485416,2.2339096,0.74463654,0.15200001,0.008,0.123697095,8.070024,8.100023,867200
hardzero_plus_depr__c0p54__z1p05__lam0p030__nu0p50__psi1p00,hardzero_plus_depr,0.02,35,271,0.0,1,0.5154517,0.5154517,1.050902,0.0,0.08894019,0.0,0.0,6.070641e-06,-27.39365,2.3120306,0.77067685,0.096,0.0,0.13677806,8.100023,8.130023,870400
hardzero_plus_depr__c0p54__z1p05__lam0p030__nu0p50__psi1p00,hardzero_plus_depr,0.02,35,272,0.0,1,0.5154517,0.5154517,1.0824478,0.0,0.0827089,0.0,0.0,5.8912287e-06,-27.13172,2.3814325,0.79381084,0.128,0.0,0.14436422,8.130023,8.160023,873600
hardzero_plus_depr__c0p54__z1p05__lam0p030__nu0p50__psi1p00,hardzero_plus_depr,0.02,35,273,0.0,1,0.5154517,0.51545227,1.0163592,0.09630321,0.09630321,1.0,5.505768e-07,5.717118e-06,-26.541079,2.2360349,0.745345,0.14,0.0,0.14474806,8.160023,8.190022,876800
hardzero_plus_depr__c0p54__z1p05__lam0p030__nu0p50__psi1p00,hardzero_plus_depr,0.02,35,274,0.0,1,0.51545227,0.51545227,1.0708039,0.0,0.084956385,0.0,0.0,5.548153e-06,-28.946526,2.3558156,0.7852719,0.128,0.0,0.16444854,8.190022,8.220022,880000
hardzero_plus_depr__c0p54__z1p05__lam0p030__nu0p50__psi1p00,hardzero_plus_depr,0.02,35,275,0.0,1,0.51545227,0.5154528,0.99755365,0.100564875,0.100564875,1.0,5.4145954e-07,5.384182e-06,-26.8777,2.1946619,0.731554,0.216,0.0,0.15648389,8.220022,8.250022,883200
hardzero_plus_depr__c0p54__z1p05__lam0p030__nu0p50__psi1p00,hardzero_plus_depr,0.02,35,276,0.0,1,0.5154528,0.5154528,1.0524551,0.0,0.088622674,0.0,0.0,5.2250566e-06,-27.180126,2.3154473,0.7718158,0.128,0.0,0.15426834,8.250022,8.280022,886400
hardzero_plus_depr__c0p54__z1p05__lam0p030__nu0p50__psi1p00,hardzero_plus_depr,0.02,35,277,0.0,1,0.5154528,0.5154533,1.037231,0.09178444,0.09178444,1.0,4.654053e-07,5.070634e-06,-27.459482,2.2819538,0.7606513,0.16800001,0.0,0.15840904,8.280022,8.310021,889600
hardzero_plus_depr__c0p54__z1p05__lam0p030__nu0p50__psi1p00,hardzero_plus_depr,0.02,35,278,0.0,1,0.5154533,0.51545376,0.99753314,0.10056962,0.10056962,1.0,4.948805e-07,4.9207756e-06,-26.70132,2.1946168,0.73153895,0.24000001,0.0,0.16091868,8.310021,8.340021,892800
hardzero_plus_depr__c0p54__z1p05__lam0p030__nu0p50__psi1p00,hardzero_plus_depr,0.02,35,279,0.0,1,0.51545376,0.51545423,1.0033158,0.09923942,0.09923942,1.0,4.739025e-07,4.7753456e-06,-26.472443,2.2073388,0.73577964,0.16800001,0.0,0.14860664,8.340021,8.370021,896000
hardzero_plus_depr__c0p54__z1p05__lam0p030__nu0p50__psi1p00,hardzero_plus_depr,0.02,35,280,0.0,1,0.51545423,0.51545465,1.0450066,0.09015574,0.09015574,1.0,4.1780103e-07,4.6342143e-06,-27.088884,2.2990606,0.76635355,0.096,0.0,0.1497885,8.370021,8.400021,899200
hardzero_plus_depr__c0p54__z1p05__lam0p030__nu0p50__psi1p00,hardzero_plus_depr,0.02,35,281,0.0,1,0.51545465,0.5154551,1.0003456,0.099920444,0.099920444,1.0,4.4936758e-07,4.4972535e-06,-26.314226,2.2008042,0.73360145,0.224,0.0,0.17224003,8.400021,8.43002,902400
hardzero_plus_depr__c0p54__z1p05__lam0p030__nu0p50__psi1p00,hardzero_plus_depr,0.02,35,282,0.0,1,0.5154551,0.51545554,0.9964851,0.100812614,0.100812614,1.0,4.399806e-07,4.364341e-06,-26.86321,2.192311,0.73077035,0.136,0.0,0.12151113,8.43002,8.46002,905600
hardzero_plus_depr__c0p54__z1p05__lam0p030__nu0p50__psi1p00,hardzero_plus_depr,0.02,35,283,0.0,1,0.51545554,0.51545596,1.0211449,0.09524783,0.09524783,1.0,4.0340848e-07,4.2353563e-06,-26.657763,2.2465634,0.7488545,0.104,0.0,0.13313289,8.46002,8.49002,908800
hardzero_plus_depr__c0p54__z1p05__lam0p030__nu0p50__psi1p00,hardzero_plus_depr,0.02,35,284,0.0,1,0.51545596,0.51545596,1.067627,0.0,0.08558014,0.0,0.0,4.110184e-06,-28.501896,2.3488262,0.78294206,0.14400001,0.0,0.16255611,8.49002,8.52002,912000
hardzero_plus_depr__c0p54__z1p05__lam0p030__nu0p50__psi1p00,hardzero_plus_depr,0.02,35,285,0.0,1,0.51545596,0.5154563,1.0364527,0.091949075,0.091949075,1.0,3.6675823e-07,3.9887104e-06,-27.694757,2.2802415,0.7600805,0.104,0.0,0.12882052,8.52002,8.550019,915200
hardzero_plus_depr__c0p54__z1p05__lam0p030__nu0p50__psi1p00,hardzero_plus_depr,0.02,35,286,0.0,1,0.5154563,0.5154563,1.0680548,0.0,0.085495874,0.0,0.0,3.870827e-06,-27.569326,2.3497674,0.7832558,0.13,0.0,0.16395116,8.550019,8.580019,918400
hardzero_plus_depr__c0p54__z1p05__lam0p030__nu0p50__psi1p00,hardzero_plus_depr,0.02,35,287,0.0,1,0.5154563,0.5154563,1.0609634,0.0,0.086903356,0.0,0.0,3.7564284e-06,-27.957159,2.334166,0.77805537,0.18400002,0.0,0.15311658,8.580019,8.610019,921600
hardzero_plus_depr__c0p54__z1p05__lam0p030__nu0p50__psi1p00,hardzero_plus_depr,0.02,35,288,0.0,1,0.5154563,0.5154567,0.98725355,0.102978475,0.102978475,1.0,3.7539874e-07,3.6454098e-06,-26.492529,2.1720011,0.7240004,0.17600001,0.0,0.14794016,8.610019,8.640018,924800
hardzero_plus_depr__c0p54__z1p05__lam0p030__nu0p50__psi1p00,hardzero_plus_depr,0.02,35,289,0.0,1,0.5154567,0.51545703,1.013461,0.09694803,0.09694803,1.0,3.429704e-07,3.5376727e-06,-26.761606,2.2296586,0.74321955,0.14400001,0.0,0.14165841,8.640018,8.670018,928000
hardzero_plus_depr__c0p54__z1p05__lam0p030__nu0p50__psi1p00,hardzero_plus_depr,0.02,35,290,0.0,1,0.51545703,0.51545733,1.0292344,0.093490094,0.093490094,1.0,3.2096267e-07,3.4331194e-06,-26.47724,2.264361,0.75478697,0.128,0.0,0.14998706,8.670018,8.700018,931200
hardzero_plus_depr__c0p54__z1p05__lam0p030__nu0p50__psi1p00,hardzero_plus_depr,0.02,35,291,0.0,1,0.51545733,0.51545763,1.0311545,0.093077675,0.093077675,1.0,3.1010282e-07,3.3316562e-06,-27.142262,2.2685852,0.75619507,0.16000001,0.0,0.14342992,8.700018,8.730018,934400
hardzero_plus_depr__c0p54__z1p05__lam0p030__nu0p50__psi1p00,hardzero_plus_depr,0.02,35,292,0.0,1,0.51545763,0.5154579,1.0247674,0.094456665,0.094456665,1.0,3.0539653e-07,3.2331918e-06,-26.929768,2.2545333,0.7515111,0.14400001,0.0,0.16039386,8.730018,8.760017,937600
hardzero_plus_depr__c0p54__z1p05__lam0p030__nu0p50__psi1p00,hardzero_plus_depr,0.02,35,293,0.0,1,0.5154579,0.5154583,0.9784173,0.10509514,0.10509514,1.0,3.2975043e-07,3.1376373e-06,-26.65534,2.152561,0.71752036,0.2,0.0,0.16479881,8.760017,8.790017,940800
hardzero_plus_depr__c0p54__z1p05__lam0p030__nu0p50__psi1p00,hardzero_plus_depr,0.02,35,294,0.0,1,0.5154583,0.5154583,1.0605788,0.0,0.08698034,0.0,0.0,3.044907e-06,-28.477255,2.33332,0.7777733,0.14400001,0.0,0.14071989,8.790017,8.820017,944000
hardzero_plus_depr__c0p54__z1p05__lam0p030__nu0p50__psi1p00,hardzero_plus_depr,0.02,35,295,0.0,1,0.5154583,0.5154583,1.0505582,0.0,0.08901061,0.0,0.0,2.9549174e-06,-28.119787,2.3112743,0.7704248,0.136,0.0,0.15588336,8.820017,8.850017,947200
hardzero_plus_depr__c0p54__z1p05__lam0p030__nu0p50__psi1p00,hardzero_plus_depr,0.02,35,296,0.0,1,0.5154583,0.5154586,0.9948316,0.101197176,0.101197176,1.0,2.901917e-07,2.867587e-06,-27.18451,2.1886733,0.72955775,0.17600001,0.008,0.1274877,8.850017,8.880016,950400
hardzero_plus_depr__c0p54__z1p05__lam0p030__nu0p50__psi1p00,hardzero_plus_depr,0.02,35,297,0.0,1,0.5154586,0.5154588,1.0202652,0.09544096,0.09544096,1.0,2.6559673e-07,2.7828378e-06,-27.170174,2.2446284,0.7482095,0.120000005,0.0,0.14893733,8.880016,8.910016,953600
hardzero_plus_depr__c0p54__z1p05__lam0p030__nu0p50__psi1p00,hardzero_plus_depr,0.02,35,298,0.0,1,0.5154588,0.5154588,1.0896214,0.0,0.081353925,0.0,0.0,2.7005933e-06,-28.340733,2.3972151,0.7990717,0.128,0.0,0.18421382,8.910016,8.940016,956800
hardzero_plus_depr__c0p54__z1p05__lam0p030__nu0p50__psi1p00,hardzero_plus_depr,0.02,35,299,0.0,1,0.5154588,0.51545906,1.0128154,0.09709228,0.09709228,1.0,2.5445743e-07,2.6207792e-06,-26.957712,2.2282383,0.7427461,0.17,0.0,0.13093066,8.940016,8.970016,960000
hardzero_plus_depr__c0p54__z1p05__lam0p030__nu0p50__psi1p00,hardzero_plus_depr,0.02,35,300,0.0,1,0.51545906,0.51545906,1.0576605,0.0,0.0875668,0.0,0.0,2.5433244e-06,-27.879267,2.3268995,0.7756332,0.104,0.0,0.1624467,8.970016,9.000015,963200
hardzero_plus_depr__c0p54__z1p05__lam0p030__nu0p50__psi1p00,hardzero_plus_depr,0.02,35,301,0.0,1,0.51545906,0.5154593,1.0237206,0.09468459,0.09468459,1.0,2.3369654e-07,2.468158e-06,-27.455439,2.2522304,0.7507435,0.14400001,0.0,0.15173481,9.000015,9.030015,966400
hardzero_plus_depr__c0p54__z1p05__lam0p030__nu0p50__psi1p00,hardzero_plus_depr,0.02,35,302,0.0,1,0.5154593,0.51545954,1.0173796,0.096077204,0.096077204,1.0,2.3012545e-07,2.3952139e-06,-27.2963,2.2382798,0.7460933,0.15200001,0.0,0.1328648,9.030015,9.060015,969600
hardzero_plus_depr__c0p54__z1p05__lam0p030__nu0p50__psi1p00,hardzero_plus_depr,0.02,35,303,0.0,1,0.51545954,0.5154598,1.0087206,0.09801201,0.09801201,1.0,2.2782157e-07,2.3244252e-06,-27.287569,2.2192297,0.73974323,0.16000001,0.0,0.15132593,9.060015,9.090014,972800
hardzero_plus_depr__c0p54__z1p05__lam0p030__nu0p50__psi1p00,hardzero_plus_depr,0.02,35,304,0.0,1,0.5154598,0.51546,1.0163331,0.096309,0.096309,1.0,2.1724698e-07,2.2557288e-06,-26.535,2.2359774,0.7453258,0.14400001,0.0,0.13946375,9.090014,9.120014,976000
hardzero_plus_depr__c0p54__z1p05__lam0p030__nu0p50__psi1p00,hardzero_plus_depr,0.02,35,305,0.0,1,0.51546,0.5154602,1.030336,0.09325326,0.09325326,1.0,2.0413722e-07,2.1890626e-06,-27.309591,2.2667844,0.75559485,0.17600001,0.008,0.15294842,9.120014,9.150014,979200
hardzero_plus_depr__c0p54__z1p05__lam0p030__nu0p50__psi1p00,hardzero_plus_depr,0.02,35,306,0.0,1,0.5154602,0.5154602,1.0679265,0.0,0.08552114,0.0,0.0,2.1243663e-06,-28.127762,2.3494854,0.7831618,0.14400001,0.0,0.14821811,9.150014,9.180014,982400
hardzero_plus_depr__c0p54__z1p05__lam0p030__nu0p50__psi1p00,hardzero_plus_depr,0.02,35,307,0.0,1,0.5154602,0.5154604,1.0383135,0.09155593,0.09155593,1.0,1.8875009e-07,2.0615823e-06,-27.009933,2.2843354,0.76144516,0.112,0.0,0.14646628,9.180014,9.210013,985600
hardzero_plus_depr__c0p54__z1p05__lam0p030__nu0p50__psi1p00,hardzero_plus_depr,0.02,35,308,0.0,1,0.5154604,0.51546055,1.0218565,0.09509188,0.09509188,1.0,1.9024597e-07,2.0006541e-06,-27.554499,2.2481294,0.7493765,0.16000001,0.0,0.14529665,9.210013,9.240013,988800
hardzero_plus_depr__c0p54__z1p05__lam0p030__nu0p50__psi1p00,hardzero_plus_depr,0.02,35,309,0.0,1,0.51546055,0.5154607,1.034795,0.092300676,0.092300676,1.0,1.7920419e-07,1.9415263e-06,-26.719513,2.2765946,0.7588649,0.136,0.0,0.1305933,9.240013,9.270013,992000
hardzero_plus_depr__c0p54__z1p05__lam0p030__nu0p50__psi1p00,hardzero_plus_depr,0.02,35,310,0.0,1,0.5154607,0.5154609,1.0471336,0.08971528,0.08971528,1.0,1.6903668e-07,1.884146e-06,-28.834435,2.3037398,0.7679133,0.136,0.0,0.14139049,9.270013,9.300013,995200
hardzero_plus_depr__c0p54__z1p05__lam0p030__nu0p50__psi1p00,hardzero_plus_depr,0.02,35,311,0.0,1,0.5154609,0.5154609,1.0700753,0.0,0.08509905,0.0,0.0,1.8284614e-06,-27.76515,2.3542125,0.7847375,0.128,0.0,0.1569154,9.300013,9.330012,998400
hardzero_plus_depr__c0p54__z1p05__lam0p030__nu0p50__psi1p00,hardzero_plus_depr,0.02,35,312,0.0,1,0.5154609,0.5154611,1.038445,0.09152821,0.09152821,1.0,1.6240973e-07,1.7744228e-06,-28.429409,2.2846246,0.76154155,0.17999999,0.0,0.17972395,9.330012,9.360012,1001600
hardzero_plus_depr__c0p54__z1p05__lam0p030__nu0p50__psi1p00,hardzero_plus_depr,0.02,35,313,0.0,1,0.5154611,0.51546127,1.0496794,0.0891909,0.0891909,1.0,1.5358505e-07,1.7219812e-06,-27.538433,2.3093407,0.7697803,0.15200001,0.0,0.15002158,9.360012,9.390012,1004800
hardzero_plus_depr__c0p54__z1p05__lam0p030__nu0p50__psi1p00,hardzero_plus_depr,0.02,35,314,0.0,1,0.51546127,0.51546127,1.0665095,0.0,0.08580064,0.0,0.0,1.6710894e-06,-28.376709,2.3463676,0.78212255,0.08800001,0.0,0.17266083,9.390012,9.4200115,1008000
hardzero_plus_depr__c0p54__z1p05__lam0p030__nu0p50__psi1p00,hardzero_plus_depr,0.02,35,315,0.0,1,0.51546127,0.5154614,1.0491842,0.08929267,0.08929267,1.0,1.4480607e-07,1.6217016e-06,-28.32591,2.3082514,0.76941717,0.136,0.0,0.15814137,9.4200115,9.450011,1011200
hardzero_plus_depr__c0p54__z1p05__lam0p030__nu0p50__psi1p00,hardzero_plus_depr,0.02,35,316,0.0,1,0.5154614,0.5154614,1.0682052,0.0,0.08546626,0.0,0.0,1.5737736e-06,-28.457596,2.3500984,0.78336614,0.208,0.0,0.1696178,9.450011,9.480011,1014400
hardzero_plus_depr__c0p54__z1p05__lam0p030__nu0p50__psi1p00,hardzero_plus_depr,0.02,35,317,0.0,1,0.5154614,0.51546156,0.99125993,0.102032855,0.102032855,1.0,1.558309e-07,1.527262e-06,-27.663277,2.1808155,0.7269385,0.208,0.0,0.13805835,9.480011,9.510011,1017600
hardzero_plus_depr__c0p54__z1p05__lam0p030__nu0p50__psi1p00,hardzero_plus_depr,0.02,35,318,0.0,1,0.51546156,0.5154617,1.0160923,0.09636243,0.09636243,1.0,1.4282116e-07,1.482125e-06,-27.262691,2.2354476,0.74514925,0.16000001,0.0,0.20049697,9.510011,9.54001,1020800
hardzero_plus_depr__c0p54__z1p05__lam0p030__nu0p50__psi1p00,hardzero_plus_depr,0.02,35,319,0.0,1,0.5154617,0.5154617,1.057513,0.0,0.087596536,0.0,0.0,1.4383219e-06,-27.083256,2.326575,0.77552503,0.18400002,0.0,0.14293173,9.54001,9.57001,1024000
hardzero_plus_depr__c0p54__z1p05__lam0p030__nu0p50__psi1p00,hardzero_plus_depr,0.02,35,320,0.0,1,0.5154617,0.5154618,0.9938496,0.10142626,0.10142626,1.0,1.4157213e-07,1.3958135e-06,-26.960073,2.1865127,0.7288376,0.16000001,0.0,0.14226252,9.57001,9.60001,1027200
hardzero_plus_depr__c0p54__z1p05__lam0p030__nu0p50__psi1p00,hardzero_plus_depr,0.02,35,321,0.0,1,0.5154618,0.5154619,1.0476637,0.08960583,0.08960583,1.0,1.2137657e-07,1.3545612e-06,-27.316599,2.3049061,0.7683021,0.120000005,0.0,0.12773189,9.60001,9.63001,1030400
hardzero_plus_depr__c0p54__z1p05__lam0p030__nu0p50__psi1p00,hardzero_plus_depr,0.02,35,322,0.0,1,0.5154619,0.51546204,1.0083076,0.0981053,0.0981053,1.0,1.2896218e-07,1.3145283e-06,-26.867632,2.2183208,0.7394403,0.08800001,0.0,0.16299815,9.63001,9.660009,1033600
hardzero_plus_depr__c0p54__z1p05__lam0p030__nu0p50__psi1p00,hardzero_plus_depr,0.02,35,323,0.0,1,0.51546204,0.51546204,1.0755128,0.0,0.084040225,0.0,0.0,1.2756785e-06,-27.44802,2.3661754,0.78872514,0.104,0.0,0.13577192,9.660009,9.690009,1036800
hardzero_plus_depr__c0p54__z1p05__lam0p030__nu0p50__psi1p00,hardzero_plus_depr,0.02,35,324,0.0,1,0.51546204,0.51546216,0.95512986,0.11088431,0.11088431,1.0,1.372722e-07,1.2379768e-06,-26.781693,2.1013277,0.70044255,0.2,0.0,0.1358345,9.690009,9.720009,1040000
hardzero_plus_depr__c0p54__z1p05__lam0p030__nu0p50__psi1p00,hardzero_plus_depr,0.02,35,325,0.0,1,0.51546216,0.5154623,1.0076101,0.09826298,0.09826298,1.0,1.1805211e-07,1.2013894e-06,-26.634369,2.2167864,0.7389288,0.19,0.0,0.13447274,9.720009,9.750009,1043200
hardzero_plus_depr__c0p54__z1p05__lam0p030__nu0p50__psi1p00,hardzero_plus_depr,0.02,35,326,0.0,1,0.5154623,0.5154623,1.05317,0.0,0.08847692,0.0,0.0,1.1658833e-06,-28.450483,2.3170202,0.77234006,0.16800001,0.0,0.14243226,9.750009,9.780008,1046400
hardzero_plus_depr__c0p54__z1p05__lam0p030__nu0p50__psi1p00,hardzero_plus_depr,0.02,35,327,0.0,1,0.5154623,0.5154623,1.065292,0.0,0.0860415,0.0,0.0,1.1314265e-06,-28.330343,2.3436892,0.78122973,0.128,0.0,0.1538779,9.780008,9.810008,1049600
hardzero_plus_depr__c0p54__z1p05__lam0p030__nu0p50__psi1p00,hardzero_plus_depr,0.02,35,328,0.0,1,0.5154623,0.5154624,1.0030519,0.09929975,0.09929975,1.0,1.0902994e-07,1.097988e-06,-26.567608,2.2067583,0.7355861,0.14400001,0.0,0.15392235,9.810008,9.840008,1052800
hardzero_plus_depr__c0p54__z1p05__lam0p030__nu0p50__psi1p00,hardzero_plus_depr,0.02,35,329,0.0,1,0.5154624,0.5154625,0.9963735,0.100838535,0.100838535,1.0,1.07447285e-07,1.065538e-06,-27.21042,2.1920655,0.7306885,0.208,0.0,0.14016558,9.840008,9.8700075,1056000
hardzero_plus_depr__c0p54__z1p05__lam0p030__nu0p50__psi1p00,hardzero_plus_depr,0.02,35,330,0.0,1,0.5154625,0.51546264,1.0442438,0.09031423,0.09031423,1.0,9.338915e-08,1.0340468e-06,-27.479254,2.2973824,0.76579416,0.192,0.0,0.15346786,9.8700075,9.900007,1059200
hardzero_plus_depr__c0p54__z1p05__lam0p030__nu0p50__psi1p00,hardzero_plus_depr,0.02,35,331,0.0,1,0.51546264,0.51546264,1.109312,0.0,0.077747755,0.0,0.0,1.0034863e-06,-28.574873,2.4405353,0.8135118,0.104,0.0,0.13836904,9.900007,9.930007,1062400
hardzero_plus_depr__c0p54__z1p05__lam0p030__nu0p50__psi1p00,hardzero_plus_depr,0.02,35,332,0.0,1,0.51546264,0.51546276,1.0161978,0.09633902,0.09633902,1.0,9.381775e-08,9.738292e-07,-26.758202,2.2356799,0.7452266,0.17600001,0.0,0.14883447,9.930007,9.960007,1065600
hardzero_plus_depr__c0p54__z1p05__lam0p030__nu0p50__psi1p00,hardzero_plus_depr,0.02,35,333,0.0,1,0.51546276,0.5154629,1.0140674,0.09681276,0.09681276,1.0,9.1492744e-08,9.450484e-07,-27.204603,2.2309928,0.74366426,0.192,0.0,0.12878881,9.960007,9.990006,1068800
hardzero_plus_depr__c0p54__z1p05__lam0p030__nu0p50__psi1p00,hardzero_plus_depr,0.02,35,334,0.0,1,0.5154629,0.5154629,1.0513177,0.0,0.08885509,0.0,0.0,9.171182e-07,-27.064405,2.3129451,0.7709817,0.112,0.0,0.15327087,9.990006,10.020006,1072000
hardzero_plus_depr__c0p54__z1p05__lam0p030__nu0p50__psi1p00,hardzero_plus_depr,0.02,35,335,0.0,1,0.5154629,0.5154629,1.0587682,0.0,0.08734374,0.0,0.0,8.9001344e-07,-27.43323,2.3293364,0.7764455,0.216,0.0,0.16202652,10.020006,10.050006,1075200
hardzero_plus_depr__c0p54__z1p05__lam0p030__nu0p50__psi1p00,hardzero_plus_depr,0.02,35,336,0.0,1,0.5154629,0.5154629,1.0651218,0.0,0.08607524,0.0,0.0,8.6370994e-07,-27.723267,2.3433146,0.7811049,0.112,0.0,0.15754947,10.050006,10.080006,1078400
hardzero_plus_depr__c0p54__z1p05__lam0p030__nu0p50__psi1p00,hardzero_plus_depr,0.02,35,337,0.0,1,0.5154629,0.51546293,0.9997709,0.100052774,0.100052774,1.0,8.386259e-08,8.3818355e-07,-26.45877,2.19954,0.73318,0.208,0.0,0.15266226,10.080006,10.110005,1081600
hardzero_plus_depr__c0p54__z1p05__lam0p030__nu0p50__psi1p00,hardzero_plus_depr,0.02,35,338,0.0,1,0.51546293,0.515463,1.0292592,0.09348475,0.09348475,1.0,7.6041594e-08,8.1341176e-07,-28.598156,2.2644155,0.7548052,0.14,0.0,0.13882302,10.110005,10.140005,1084800
hardzero_plus_depr__c0p54__z1p05__lam0p030__nu0p50__psi1p00,hardzero_plus_depr,0.02,35,339,0.0,1,0.515463,0.51546305,1.0053602,0.09877334,0.09877334,1.0,7.796891e-08,7.8937205e-07,-27.479757,2.2118366,0.7372789,0.120000005,0.0,0.16484505,10.140005,10.170005,1088000
hardzero_plus_depr__c0p54__z1p05__lam0p030__nu0p50__psi1p00,hardzero_plus_depr,0.02,35,340,0.0,1,0.51546305,0.51546305,1.0568392,0.0,0.08773254,0.0,0.0,7.660428e-07,-28.066193,2.3250928,0.775031,0.16800001,0.0,0.19873355,10.170005,10.200005,1091200
hardzero_plus_depr__c0p54__z1p05__lam0p030__nu0p50__psi1p00,hardzero_plus_depr,0.02,35,341,0.0,1,0.51546305,0.51546305,1.0657299,0.0,0.0859548,0.0,0.0,7.43403e-07,-28.341984,2.3446524,0.7815508,0.15200001,0.0,0.16589119,10.200005,10.230004,1094400
hardzero_plus_depr__c0p54__z1p05__lam0p030__nu0p50__psi1p00,hardzero_plus_depr,0.02,35,342,0.0,1,0.51546305,0.5154631,0.9970816,0.10067424,0.10067424,1.0,7.2629646e-08,7.214323e-07,-26.714825,2.1936233,0.7312078,0.136,0.0,0.15290724,10.230004,10.260004,1097600
hardzero_plus_depr__c0p54__z1p05__lam0p030__nu0p50__psi1p00,hardzero_plus_depr,0.02,35,343,0.0,1,0.5154631,0.5154632,0.9819172,0.10425161,0.10425161,1.0,7.298769e-08,7.001109e-07,-26.32164,2.160261,0.720087,0.18400002,0.0,0.14847875,10.260004,10.290004,1100800
hardzero_plus_depr__c0p54__z1p05__lam0p030__nu0p50__psi1p00,hardzero_plus_depr,0.02,35,344,0.0,1,0.5154632,0.5154632,1.0611643,0.0,0.086863175,0.0,0.0,6.7941966e-07,-28.546352,2.334608,0.7782027,0.136,0.0,0.16296315,10.290004,10.3200035,1104000
hardzero_plus_depr__c0p54__z1p05__lam0p030__nu0p50__psi1p00,hardzero_plus_depr,0.02,35,345,0.0,1,0.5154632,0.51546323,0.9799287,0.104730055,0.104730055,1.0,6.905272e-08,6.5934e-07,-26.580364,2.1558862,0.71862876,0.18400002,0.0,0.14550658,10.3200035,10.350003,1107200
hardzero_plus_depr__c0p54__z1p05__lam0p030__nu0p50__psi1p00,hardzero_plus_depr,0.02,35,346,0.0,1,0.51546323,0.5154633,1.0175352,0.09604278,0.09604278,1.0,6.1453335e-08,6.3985374e-07,-27.039606,2.2386222,0.7462074,0.18400002,0.008,0.15431944,10.350003,10.380003,1110400
hardzero_plus_depr__c0p54__z1p05__lam0p030__nu0p50__psi1p00,hardzero_plus_depr,0.02,35,347,0.0,1,0.5154633,0.51546335,1.0375597,0.09171498,0.09171498,1.0,5.6949805e-08,6.2094335e-07,-27.011189,2.282677,0.76089233,0.128,0.0,0.12715735,10.380003,10.410003,1113600
hardzero_plus_depr__c0p54__z1p05__lam0p030__nu0p50__psi1p00,hardzero_plus_depr,0.02,35,348,0.0,1,0.51546335,0.5154634,1.0333195,0.09261482,0.09261482,1.0,5.5808936e-08,6.0259185e-07,-28.012594,2.2733483,0.7577828,0.16000001,0.0,0.1507721,10.410003,10.440002,1116800
hardzero_plus_depr__c0p54__z1p05__lam0p030__nu0p50__psi1p00,hardzero_plus_depr,0.02,35,349,0.0,1,0.5154634,0.5154635,1.0162888,0.096318826,0.096318826,1.0,5.6325582e-08,5.847827e-07,-26.694212,2.23588,0.7452933,0.120000005,0.0,0.14683123,10.440002,10.470002,1120000
hardzero_plus_depr__c0p54__z1p05__lam0p030__nu0p50__psi1p00,hardzero_plus_depr,0.02,35,350,0.0,1,0.5154635,0.5154635,1.1008893,0.0,0.07927033,0.0,0.0,5.6749997e-07,-28.405546,2.422005,0.807335,0.18400002,0.0,0.17155129,10.470002,10.500002,1123200
hardzero_plus_depr__c0p54__z1p05__lam0p030__nu0p50__psi1p00,hardzero_plus_depr,0.02,35,351,0.0,1,0.5154635,0.51546353,1.0495819,0.08921094,0.08921094,1.0,4.913096e-08,5.50728e-07,-27.629963,2.3091261,0.76970875,0.17,0.0,0.12869057,10.500002,10.530002,1126400
hardzero_plus_depr__c0p54__z1p05__lam0p030__nu0p50__psi1p00,hardzero_plus_depr,0.02,35,352,0.0,1,0.51546353,0.5154636,1.0157286,0.09644314,0.09644314,1.0,5.1544195e-08,5.3445166e-07,-26.574715,2.2346475,0.7448825,0.16000001,0.0,0.1568928,10.530002,10.560001,1129600
hardzero_plus_depr__c0p54__z1p05__lam0p030__nu0p50__psi1p00,hardzero_plus_depr,0.02,35,353,0.0,1,0.5154636,0.51546365,1.0251346,0.09437684,0.09437684,1.0,4.8949147e-08,5.1865635e-07,-28.344921,2.255341,0.7517804,0.136,0.0,0.16793475,10.560001,10.590001,1132800
hardzero_plus_depr__c0p54__z1p05__lam0p030__nu0p50__psi1p00,hardzero_plus_depr,0.02,35,354,0.0,1,0.51546365,0.5154637,1.0148197,0.09664519,0.09664519,1.0,4.8644214e-08,5.0332784e-07,-27.90839,2.2326481,0.7442161,0.18400002,0.0,0.14490901,10.590001,10.620001,1136000
hardzero_plus_depr__c0p54__z1p05__lam0p030__nu0p50__psi1p00,hardzero_plus_depr,0.02,35,355,0.0,1,0.5154637,0.51546377,1.0249641,0.094413884,0.094413884,1.0,4.6116686e-08,4.884524e-07,-27.702862,2.254966,0.75165534,0.120000005,0.0,0.14008623,10.620001,10.650001,1139200
hardzero_plus_depr__c0p54__z1p05__lam0p030__nu0p50__psi1p00,hardzero_plus_depr,0.02,35,356,0.0,1,0.51546377,0.51546377,1.0604091,0.0,0.08701436,0.0,0.0,4.7401656e-07,-28.624651,2.3329465,0.77764887,0.16000001,0.0,0.17234698,10.650001,10.68,1142400
hardzero_plus_depr__c0p54__z1p05__lam0p030__nu0p50__psi1p00,hardzero_plus_depr,0.02,35,357,0.0,1,0.51546377,0.5154638,1.0061568,0.09859233,0.09859233,1.0,4.53532e-08,4.6000739e-07,-26.57573,2.2135892,0.73786306,0.128,0.0,0.14628008,10.68,10.71,1145600
hardzero_plus_depr__c0p54__z1p05__lam0p030__nu0p50__psi1p00,hardzero_plus_depr,0.02,35,358,0.0,1,0.5154638,0.5154639,1.028917,0.09355846,0.09355846,1.0,4.176564e-08,4.4641223e-07,-27.431393,2.2636626,0.7545542,0.112,0.0,0.14613195,10.71,10.74,1148800
hardzero_plus_depr__c0p54__z1p05__lam0p030__nu0p50__psi1p00,hardzero_plus_depr,0.02,35,359,0.0,1,0.5154639,0.51546395,0.9840058,0.10375146,0.10375146,1.0,4.494709e-08,4.3321887e-07,-26.420557,2.164856,0.72161865,0.24000001,0.0,0.17981204,10.74,10.7699995,1152000
hardzero_plus_depr__c0p54__z1p05__lam0p030__nu0p50__psi1p00,hardzero_plus_depr,0.02,35,360,0.0,1,0.51546395,0.515464,1.0297703,0.09337482,0.09337482,1.0,3.9256214e-08,4.2041543e-07,-26.81622,2.26554,0.75518,0.14400001,0.0,0.13156494,10.7699995,10.799999,1155200
hardzero_plus_depr__c0p54__z1p05__lam0p030__nu0p50__psi1p00,hardzero_plus_depr,0.02,35,361,0.0,1,0.515464,0.51546407,1.0192021,0.09567487,0.09567487,1.0,3.9034425e-08,4.0799037e-07,-27.222834,2.2422893,0.7474298,0.224,0.0,0.15582222,10.799999,10.829999,1158400
hardzero_plus_depr__c0p54__z1p05__lam0p030__nu0p50__psi1p00,hardzero_plus_depr,0.02,35,362,0.0,1,0.51546407,0.51546407,1.0796888,0.0,0.083235994,0.0,0.0,3.9593255e-07,-28.5534,2.3753629,0.7917876,0.14400001,0.0,0.16295274,10.829999,10.859999,1161600
hardzero_plus_depr__c0p54__z1p05__lam0p030__nu0p50__psi1p00,hardzero_plus_depr,0.02,35,363,0.0,1,0.51546407,0.5154641,1.0292941,0.09347724,0.09347724,1.0,3.591686e-08,3.8423104e-07,-27.401169,2.2644923,0.7548308,0.17600001,0.0,0.15282393,10.859999,10.889998,1164800
hardzero_plus_depr__c0p54__z1p05__lam0p030__nu0p50__psi1p00,hardzero_plus_depr,0.02,35,364,0.0,1,0.5154641,0.5154642,1.0169379,0.096175,0.096175,1.0,3.5861294e-08,3.7287543e-07,-27.620134,2.237308,0.7457694,0.13,0.0,0.15314443,10.889998,10.919998,1168000
hardzero_plus_depr__c0p54__z1p05__lam0p030__nu0p50__psi1p00,hardzero_plus_depr,0.02,35,365,0.0,1,0.5154642,0.5154642,1.0542068,0.0,0.08826593,0.0,0.0,3.6185537e-07,-27.828583,2.3193014,0.7731005,0.192,0.0,0.16920334,10.919998,10.949998,1171200
hardzero_plus_depr__c0p54__z1p05__lam0p030__nu0p50__psi1p00,hardzero_plus_depr,0.02,35,366,0.0,1,0.5154642,0.5154642,1.0687417,0.0,0.08536078,0.0,0.0,3.5116102e-07,-26.93225,2.3512785,0.78375953,0.18400002,0.0,0.15352401,10.949998,10.979998,1174400
hardzero_plus_depr__c0p54__z1p05__lam0p030__nu0p50__psi1p00,hardzero_plus_depr,0.02,35,367,0.0,1,0.5154642,0.51546425,1.0192695,0.09566002,0.09566002,1.0,3.259928e-08,3.4078272e-07,-27.467459,2.2424376,0.7474792,0.14400001,0.0,0.13293742,10.979998,11.009997,1177600
hardzero_plus_depr__c0p54__z1p05__lam0p030__nu0p50__psi1p00,hardzero_plus_depr,0.02,35,368,0.0,1,0.51546425,0.5154643,1.016552,0.09626047,0.09626047,1.0,3.183442e-08,3.3071123e-07,-26.950634,2.236459,0.7454864,0.080000006,0.0,0.1356389,11.009997,11.039997,1180800
hardzero_plus_depr__c0p54__z1p05__lam0p030__nu0p50__psi1p00,hardzero_plus_depr,0.02,35,369,0.0,1,0.5154643,0.51546437,0.9994189,0.10013388,0.10013388,1.0,3.2136697e-08,3.209373e-07,-26.867163,2.1987655,0.73292184,0.128,0.0,0.15969196,11.039997,11.069997,1184000
hardzero_plus_depr__c0p54__z1p05__lam0p030__nu0p50__psi1p00,hardzero_plus_depr,0.02,35,370,0.0,1,0.51546437,0.51546437,1.0345405,0.09235479,0.09235479,1.0,2.8764104e-08,3.1145223e-07,-27.237247,2.2760346,0.7586782,0.136,0.0,0.14894527,11.069997,11.099997,1187200
hardzero_plus_depr__c0p54__z1p05__lam0p030__nu0p50__psi1p00,hardzero_plus_depr,0.02,35,371,0.0,1,0.51546437,0.51546437,1.1024264,0.0,0.078990266,0.0,0.0,3.022475e-07,-28.269258,2.4253864,0.80846214,0.096,0.0,0.20138669,11.099997,11.129996,1190400
hardzero_plus_depr__c0p54__z1p05__lam0p030__nu0p50__psi1p00,hardzero_plus_depr,0.02,35,372,0.0,1,0.51546437,0.51546437,1.0177422,0.09599704,0.09599704,1.0,2.8157356e-08,2.9331483e-07,-27.048521,2.2390773,0.7463591,0.120000005,0.0,0.15167253,11.129996,11.159996,1193600
hardzero_plus_depr__c0p54__z1p05__lam0p030__nu0p50__psi1p00,hardzero_plus_depr,0.02,35,373,0.0,1,0.51546437,0.51546437,1.0258156,0.09422897,0.09422897,1.0,2.682191e-08,2.8464612e-07,-28.045263,2.2568393,0.75227976,0.136,0.0,0.15834683,11.159996,11.189996,1196800
hardzero_plus_depr__c0p54__z1p05__lam0p030__nu0p50__psi1p00,hardzero_plus_depr,0.02,35,374,0.0,1,0.51546437,0.51546437,0.9920009,0.10185892,0.10185892,1.0,2.813686e-08,2.7623364e-07,-27.109406,2.1824455,0.72748184,0.15200001,0.0,0.15474664,11.189996,11.2199955,1200000
hardzero_plus_depr__c0p54__z1p05__lam0p030__nu0p50__psi1p00,hardzero_plus_depr,0.02,35,375,0.0,1,0.51546437,0.51546437,1.0085264,0.098055854,0.098055854,1.0,2.628581e-08,2.6806978e-07,-27.570406,2.2188025,0.73960084,0.18400002,0.0,0.1499809,11.2199955,11.249995,1203200
hardzero_plus_depr__c0p54__z1p05__lam0p030__nu0p50__psi1p00,hardzero_plus_depr,0.02,35,376,0.0,1,0.51546437,0.51546437,0.9880794,0.10278283,0.10278283,1.0,2.6738663e-08,2.6014717e-07,-27.174665,2.173818,0.72460604,0.16800001,0.0,0.13141853,11.249995,11.279995,1206400
hardzero_plus_depr__c0p54__z1p05__lam0p030__nu0p50__psi1p00,hardzero_plus_depr,0.02,35,377,0.0,1,0.51546437,0.51546437,1.0445571,0.09024911,0.09024911,1.0,2.2784178e-08,2.5245876e-07,-27.824718,2.2980716,0.7660239,0.19,0.0,0.17627177,11.279995,11.309995,1209600
hardzero_plus_depr__c0p54__z1p05__lam0p030__nu0p50__psi1p00,hardzero_plus_depr,0.02,35,378,0.0,1,0.51546437,0.51546437,1.0393069,0.09134674,0.09134674,1.0,2.2379725e-08,2.4499752e-07,-26.673588,2.2865207,0.7621736,0.15200001,0.008,0.12673935,11.309995,11.339994,1212800
hardzero_plus_depr__c0p54__z1p05__lam0p030__nu0p50__psi1p00,hardzero_plus_depr,0.02,35,379,0.0,1,0.51546437,0.51546437,1.0228713,0.09486995,0.09486995,1.0,2.2555978e-08,2.3775682e-07,-27.077631,2.2503617,0.7501206,0.128,0.0,0.12862767,11.339994,11.369994,1216000
hardzero_plus_depr__c0p54__z1p05__lam0p030__nu0p50__psi1p00,hardzero_plus_depr,0.02,35,380,0.0,1,0.51546437,0.51546437,1.0026162,0.09939942,0.09939942,1.0,2.2934437e-08,2.307301e-07,-26.277002,2.2057996,0.73526657,0.136,0.0,0.13465226,11.369994,11.399994,1219200
hardzero_plus_depr__c0p54__z1p05__lam0p030__nu0p50__psi1p00,hardzero_plus_depr,0.02,35,381,0.0,1,0.51546437,0.51546437,1.0723859,0.0,0.0846475,0.0,0.0,2.2391106e-07,-28.52216,2.359296,0.786432,0.14400001,0.0,0.1626643,11.399994,11.429994,1222400
hardzero_plus_depr__c0p54__z1p05__lam0p030__nu0p50__psi1p00,hardzero_plus_depr,0.02,35,382,0.0,1,0.51546437,0.51546437,1.041935,0.09079564,0.09079564,1.0,1.9729308e-08,2.1729356e-07,-27.6345,2.2923026,0.7641009,0.2,0.0,0.15044327,11.429994,11.459993,1225600
hardzero_plus_depr__c0p54__z1p05__lam0p030__nu0p50__psi1p00,hardzero_plus_depr,0.02,35,383,0.0,1,0.51546437,0.51546437,1.0201676,0.09546242,0.09546242,1.0,2.0130315e-08,2.1087162e-07,-27.977736,2.2444136,0.7481379,0.096,0.0,0.13558035,11.459993,11.489993,1228800
hardzero_plus_depr__c0p54__z1p05__lam0p030__nu0p50__psi1p00,hardzero_plus_depr,0.02,35,384,0.0,1,0.51546437,0.51546437,1.099103,0.0,0.079597056,0.0,0.0,2.0463946e-07,-28.074654,2.4180748,0.80602497,0.128,0.0,0.18372934,11.489993,11.519993,1232000
hardzero_plus_depr__c0p54__z1p05__lam0p030__nu0p50__psi1p00,hardzero_plus_depr,0.02,35,385,0.0,1,0.51546437,0.51546437,0.9931121,0.10159866,0.10159866,1.0,2.017663e-08,1.9859151e-07,-26.457912,2.1848903,0.72829676,0.18400002,0.0,0.14801665,11.519993,11.549993,1235200
hardzero_plus_depr__c0p54__z1p05__lam0p030__nu0p50__psi1p00,hardzero_plus_depr,0.02,35,386,0.0,1,0.51546437,0.51546437,1.0405654,0.091082424,0.091082424,1.0,1.7553612e-08,1.9272228e-07,-27.569107,2.2892895,0.7630965,0.16000001,0.0,0.16631752,11.549993,11.579992,1238400
hardzero_plus_depr__c0p54__z1p05__lam0p030__nu0p50__psi1p00,hardzero_plus_depr,0.02,35,387,0.0,1,0.51546437,0.51546437,0.9842065,0.10370353,0.10370353,1.0,1.9395312e-08,1.8702654e-07,-26.291403,2.1652975,0.7217659,0.136,0.0,0.1366397,11.579992,11.609992,1241600
hardzero_plus_depr__c0p54__z1p05__lam0p030__nu0p50__psi1p00,hardzero_plus_depr,0.02,35,388,0.0,1,0.51546437,0.51546437,1.0341132,0.09244573,0.09244573,1.0,1.6778818e-08,1.8149912e-07,-27.32079,2.2750943,0.7583648,0.17600001,0.0,0.17882244,11.609992,11.639992,1244800
hardzero_plus_depr__c0p54__z1p05__lam0p030__nu0p50__psi1p00,hardzero_plus_depr,0.02,35,389,0.0,1,0.51546437,0.51546437,1.0000246,0.09999435,0.09999435,1.0,1.7612509e-08,1.7613505e-07,-27.098845,2.200098,0.733366,0.216,0.0,0.13627702,11.639992,11.6699915,1248000
hardzero_plus_depr__c0p54__z1p05__lam0p030__nu0p50__psi1p00,hardzero_plus_depr,0.02,35,390,0.0,1,0.51546437,0.51546437,1.0235007,0.09473255,0.09473255,1.0,1.619259e-08,1.7092952e-07,-26.864431,2.2517464,0.75058216,0.19999999,0.0,0.13522378,11.6699915,11.699991,1251200
hardzero_plus_depr__c0p54__z1p05__lam0p030__nu0p50__psi1p00,hardzero_plus_depr,0.02,35,391,0.0,1,0.51546437,0.51546437,1.0763355,0.0,0.08388116,0.0,0.0,1.6587784e-07,-28.969534,2.3679855,0.7893285,0.128,0.0,0.15566686,11.699991,11.729991,1254400
hardzero_plus_depr__c0p54__z1p05__lam0p030__nu0p50__psi1p00,hardzero_plus_depr,0.02,35,392,0.0,1,0.51546437,0.51546437,1.0009243,0.09978739,0.09978739,1.0,1.606332e-08,1.6097545e-07,-26.83304,2.2020776,0.7340259,0.16800001,0.0,0.15154351,11.729991,11.759991,1257600
hardzero_plus_depr__c0p54__z1p05__lam0p030__nu0p50__psi1p00,hardzero_plus_depr,0.02,35,393,0.0,1,0.51546437,0.51546437,0.9951698,0.1011184,0.1011184,1.0,1.5796509e-08,1.5621795e-07,-26.256657,2.1894174,0.7298058,0.14400001,0.0,0.13051057,11.759991,11.78999,1260800
hardzero_plus_depr__c0p54__z1p05__lam0p030__nu0p50__psi1p00,hardzero_plus_depr,0.02,35,394,0.0,1,0.51546437,0.51546437,0.94571716,0.11331381,0.11331381,1.0,1.7178492e-08,1.5160104e-07,-26.157255,2.0806193,0.6935398,0.18400002,0.0,0.12924331,11.78999,11.81999,1264000
hardzero_plus_depr__c0p54__z1p05__lam0p030__nu0p50__psi1p00,hardzero_plus_depr,0.02,35,395,0.0,1,0.51546437,0.51546437,1.0227435,0.09489787,0.09489787,1.0,1.3961432e-08,1.471206e-07,-27.896227,2.2500806,0.7500269,0.18400002,0.0,0.17894168,11.81999,11.84999,1267200
hardzero_plus_depr__c0p54__z1p05__lam0p030__nu0p50__psi1p00,hardzero_plus_depr,0.02,35,396,0.0,1,0.51546437,0.51546437,1.0443751,0.09028693,0.09028693,1.0,1.2890497e-08,1.4277256e-07,-27.116508,2.297671,0.76589036,0.120000005,0.0,0.13371661,11.84999,11.87999,1270400
hardzero_plus_depr__c0p54__z1p05__lam0p030__nu0p50__psi1p00,hardzero_plus_depr,0.02,35,397,0.0,1,0.51546437,0.51546437,1.0393202,0.09134393,0.09134393,1.0,1.26559785e-08,1.3855303e-07,-26.83165,2.2865503,0.7621834,0.120000005,0.0,0.14146495,11.87999,11.909989,1273600
hardzero_plus_depr__c0p54__z1p05__lam0p030__nu0p50__psi1p00,hardzero_plus_depr,0.02,35,398,0.0,1,0.51546437,0.51546437,0.9918019,0.1019056,0.1019056,1.0,1.3702044e-08,1.344582e-07,-26.65768,2.1820078,0.72733593,0.17600001,0.0,0.12825206,11.909989,11.939989,1276800
hardzero_plus_depr__c0p54__z1p05__lam0p030__nu0p50__psi1p00,hardzero_plus_depr,0.02,35,399,0.0,1,0.51546437,0.51546437,1.0208651,0.09530921,0.09530921,1.0,1.2436365e-08,1.304844e-07,-27.740429,2.245948,0.74864936,0.18400002,0.0,0.14639935,11.939989,11.969989,1280000
hardzero_plus_depr__c0p54__z1p05__lam0p030__nu0p50__psi1p00,hardzero_plus_depr,0.02,35,400,0.0,1,0.51546437,0.51546437,1.0373371,0.09176201,0.09176201,1.0,1.1619643e-08,1.2662804e-07,-27.975983,2.282187,0.760729,0.16800001,0.0,0.1657909,11.969989,11.999989,1283200
hardzero_plus_depr__c0p54__z1p05__lam0p030__nu0p50__psi1p00,hardzero_plus_depr,0.02,35,401,0.0,1,0.51546437,0.51546437,1.0540003,0.0,0.088307925,0.0,0.0,1.2288565e-07,-27.298887,2.318847,0.772949,0.16000001,0.0,0.14864217,11.999989,12.029988,1286400
hardzero_plus_depr__c0p54__z1p05__lam0p030__nu0p50__psi1p00,hardzero_plus_depr,0.02,35,402,0.0,1,0.51546437,0.51546437,1.0416664,0.09085182,0.09085182,1.0,1.083443e-08,1.1925385e-07,-27.583197,2.2917118,0.763904,0.18400002,0.0,0.15672405,12.029988,12.059988,1289600
hardzero_plus_depr__c0p54__z1p05__lam0p030__nu0p50__psi1p00,hardzero_plus_depr,0.02,35,403,0.0,1,0.51546437,0.51546437,0.99439263,0.1012995,0.1012995,1.0,1.1723332e-08,1.15729414e-07,-26.595253,2.1877074,0.7292358,0.099999994,0.0,0.15615027,12.059988,12.089988,1292800
hardzero_plus_depr__c0p54__z1p05__lam0p030__nu0p50__psi1p00,hardzero_plus_depr,0.02,35,404,0.0,1,0.51546437,0.51546437,1.0853232,0.0,0.08216309,0.0,0.0,1.12309124e-07,-28.049646,2.3877587,0.7959196,0.120000005,0.0,0.16251029,12.089988,12.1199875,1296000
hardzero_plus_depr__c0p54__z1p05__lam0p030__nu0p50__psi1p00,hardzero_plus_depr,0.02,35,405,0.0,1,0.51546437,0.51546437,1.0732328,0.0,0.084482595,0.0,0.0,1.08989916e-07,-28.793236,2.3611593,0.7870531,0.18400002,0.0,0.14643018,12.1199875,12.149987,1299200
hardzero_plus_depr__c0p54__z1p05__lam0p030__nu0p50__psi1p00,hardzero_plus_depr,0.02,35,406,0.0,1,0.51546437,0.51546437,1.0051497,0.09882123,0.09882123,1.0,1.04522035e-08,1.05768805e-07,-27.664164,2.2113736,0.73712456,0.2,0.0,0.14655106,12.149987,12.179987,1302400
hardzero_plus_depr__c0p54__z1p05__lam0p030__nu0p50__psi1p00,hardzero_plus_depr,0.02,35,407,0.0,1,0.51546437,0.51546437,1.0406804,0.09105831,0.09105831,1.0,9.346487e-09,1.02642886e-07,-27.599382,2.2895427,0.7631809,0.208,0.0,0.17302923,12.179987,12.209987,1305600
hardzero_plus_depr__c0p54__z1p05__lam0p030__nu0p50__psi1p00,hardzero_plus_depr,0.02,35,408,0.0,1,0.51546437,0.51546437,0.99774134,0.100521445,0.100521445,1.0,1.0012877e-08,9.960936e-08,-26.492317,2.1950748,0.7316916,0.17600001,0.0,0.13924576,12.209987,12.239986,1308800
hardzero_plus_depr__c0p54__z1p05__lam0p030__nu0p50__psi1p00,hardzero_plus_depr,0.02,35,409,0.0,1,0.51546437,0.51546437,1.0329535,0.09269291,0.09269291,1.0,8.960206e-09,9.666549e-08,-27.260515,2.2725432,0.7575144,0.16000001,0.0,0.138014,12.239986,12.269986,1312000
hardzero_plus_depr__c0p54__z1p05__lam0p030__nu0p50__psi1p00,hardzero_plus_depr,0.02,35,410,0.0,1,0.51546437,0.51546437,1.0109193,0.09751707,0.09751707,1.0,9.147941e-09,9.380861e-08,-26.343374,2.224067,0.74135566,0.14400001,0.0,0.13662907,12.269986,12.299986,1315200
hardzero_plus_depr__c0p54__z1p05__lam0p030__nu0p50__psi1p00,hardzero_plus_depr,0.02,35,411,0.0,1,0.51546437,0.51546437,1.0490931,0.08931139,0.08931139,1.0,8.130567e-09,9.103618e-08,-27.610806,2.3080509,0.7693503,0.17600001,0.0,0.15886039,12.299986,12.329986,1318400
hardzero_plus_depr__c0p54__z1p05__lam0p030__nu0p50__psi1p00,hardzero_plus_depr,0.02,35,412,0.0,1,0.51546437,0.51546437,0.97537804,0.10583322,0.10583322,1.0,9.3499075e-09,8.834568e-08,-27.236252,2.1458745,0.7152915,0.18400002,0.0,0.14102878,12.329986,12.359985,1321600
hardzero_plus_depr__c0p54__z1p05__lam0p030__nu0p50__psi1p00,hardzero_plus_depr,0.02,35,413,0.0,1,0.51546437,0.51546437,1.0299422,0.09333785,0.09333785,1.0,8.002291e-09,8.573469e-08,-27.20711,2.265918,0.755306,0.16800001,0.0,0.15379934,12.359985,12.389985,1324800
hardzero_plus_depr__c0p54__z1p05__lam0p030__nu0p50__psi1p00,hardzero_plus_depr,0.02,35,414,0.0,1,0.51546437,0.51546437,1.0387139,0.09147155,0.09147155,1.0,7.610512e-09,8.320087e-08,-27.152164,2.2852163,0.7617388,0.16800001,0.0,0.16362582,12.389985,12.419985,1328000
hardzero_plus_depr__c0p54__z1p05__lam0p030__nu0p50__psi1p00,hardzero_plus_depr,0.02,35,415,0.0,1,0.51546437,0.51546437,1.0267882,0.09401816,0.09401816,1.0,7.591208e-09,8.074193e-08,-26.335466,2.2589793,0.7529931,0.128,0.0,0.12990595,12.419985,12.449985,1331200
hardzero_plus_depr__c0p54__z1p05__lam0p030__nu0p50__psi1p00,hardzero_plus_depr,0.02,35,416,0.0,1,0.51546437,0.51546437,1.022895,0.09486478,0.09486478,1.0,7.4331923e-09,7.835566e-08,-26.593271,2.250414,0.750138,0.16,0.0,0.15081672,12.449985,12.479984,1334400
hardzero_plus_depr__c0p54__z1p05__lam0p030__nu0p50__psi1p00,hardzero_plus_depr,0.02,35,417,0.0,1,0.51546437,0.51546437,1.0693997,0.0,0.08523151,0.0,0.0,7.6039925e-08,-28.500793,2.3527265,0.78424215,0.08800001,0.0,0.1747447,12.479984,12.509984,1337600
hardzero_plus_depr__c0p54__z1p05__lam0p030__nu0p50__psi1p00,hardzero_plus_depr,0.02,35,418,0.0,1,0.51546437,0.51546437,1.0212616,0.09522224,0.09522224,1.0,7.0266992e-09,7.379263e-08,-27.464363,2.2468202,0.7489401,0.128,0.0,0.13833971,12.509984,12.539984,1340800
hardzero_plus_depr__c0p54__z1p05__lam0p030__nu0p50__psi1p00,hardzero_plus_depr,0.02,35,419,0.0,1,0.51546437,0.51546437,1.0395062,0.09130483,0.09130483,1.0,6.538498e-09,7.1611744e-08,-26.941195,2.2869592,0.76231974,0.16800001,0.0,0.14161448,12.539984,12.5699835,1344000
hardzero_plus_depr__c0p54__z1p05__lam0p030__nu0p50__psi1p00,hardzero_plus_depr,0.02,35,420,0.0,1,0.51546437,0.51546437,1.0070736,0.09838443,0.09838443,1.0,6.837257e-09,6.9495314e-08,-26.63135,2.2156062,0.7385354,0.216,0.0,0.13571313,12.5699835,12.599983,1347200
hardzero_plus_depr__c0p54__z1p05__lam0p030__nu0p50__psi1p00,hardzero_plus_depr,0.02,35,421,0.0,1,0.51546437,0.51546437,1.082962,0.0,0.08261102,0.0,0.0,6.7441434e-08,-27.897335,2.382564,0.794188,0.08800001,0.0,0.20155905,12.599983,12.629983,1350400
hardzero_plus_depr__c0p54__z1p05__lam0p030__nu0p50__psi1p00,hardzero_plus_depr,0.02,35,422,0.0,1,0.51546437,0.51546437,1.0556717,0.0,0.08796872,0.0,0.0,6.5448255e-08,-28.577324,2.322524,0.7741747,0.080000006,0.0,0.15878624,12.629983,12.659983,1353600
hardzero_plus_depr__c0p54__z1p05__lam0p030__nu0p50__psi1p00,hardzero_plus_depr,0.02,35,423,0.0,1,0.51546437,0.51546437,0.97695273,0.10545017,0.10545017,1.0,6.6975607e-09,6.351399e-08,-25.966236,2.149339,0.71644634,0.192,0.0,0.14275663,12.659983,12.689982,1356800
hardzero_plus_depr__c0p54__z1p05__lam0p030__nu0p50__psi1p00,hardzero_plus_depr,0.02,35,424,0.0,1,0.51546437,0.51546437,1.0643955,0.0,0.08621928,0.0,0.0,6.163688e-08,-28.21251,2.341717,0.78057235,0.104,0.0,0.15769072,12.689982,12.719982,1360000
hardzero_plus_depr__c0p54__z1p05__lam0p030__nu0p50__psi1p00,hardzero_plus_depr,0.02,35,425,0.0,1,0.51546437,0.51546437,1.0187287,0.09577922,0.09577922,1.0,5.7290577e-09,5.981525e-08,-26.979218,2.241248,0.74708265,0.16800001,0.0,0.1455085,12.719982,12.749982,1363200
hardzero_plus_depr__c0p54__z1p05__lam0p030__nu0p50__psi1p00,hardzero_plus_depr,0.02,35,426,0.0,1,0.51546437,0.51546437,1.0688162,0.0,0.08534612,0.0,0.0,5.8047462e-08,-27.533712,2.3514426,0.7838142,0.128,0.0,0.1610269,12.749982,12.779982,1366400
hardzero_plus_depr__c0p54__z1p05__lam0p030__nu0p50__psi1p00,hardzero_plus_depr,0.02,35,427,0.0,1,0.51546437,0.51546437,1.0595096,0.0,0.08719474,0.0,0.0,5.6331913e-08,-28.451797,2.3309677,0.7769892,0.17600001,0.0,0.15207462,12.779982,12.809981,1369600
hardzero_plus_depr__c0p54__z1p05__lam0p030__nu0p50__psi1p00,hardzero_plus_depr,0.02,35,428,0.0,1,0.51546437,0.51546437,1.0211734,0.095241584,0.095241584,1.0,5.2065783e-09,5.466707e-08,-26.951172,2.2466261,0.7488754,0.18400002,0.0,0.12820978,12.809981,12.839981,1372800
hardzero_plus_depr__c0p54__z1p05__lam0p030__nu0p50__psi1p00,hardzero_plus_depr,0.02,35,429,0.0,1,0.51546437,0.51546437,1.0401418,0.09117132,0.09117132,1.0,4.8367683e-09,5.3051426e-08,-28.700407,2.2883577,0.7627859,0.14,0.0,0.16347064,12.839981,12.869981,1376000
hardzero_plus_depr__c0p54__z1p05__lam0p030__nu0p50__psi1p00,hardzero_plus_depr,0.02,35,430,0.0,1,0.51546437,0.51546437,1.0751767,0.0,0.08410529,0.0,0.0,5.1483532e-08,-28.619595,2.365436,0.78847873,0.17600001,0.0,0.14269541,12.869981,12.899981,1379200
hardzero_plus_depr__c0p54__z1p05__lam0p030__nu0p50__psi1p00,hardzero_plus_depr,0.02,35,431,0.0,1,0.51546437,0.51546437,1.0205951,0.09536849,0.09536849,1.0,4.7647983e-09,4.9961976e-08,-26.747076,2.245354,0.74845135,0.136,0.0,0.16892181,12.899981,12.92998,1382400
hardzero_plus_depr__c0p54__z1p05__lam0p030__nu0p50__psi1p00,hardzero_plus_depr,0.02,35,432,0.0,1,0.51546437,0.51546437,0.9455288,0.11336297,0.11336297,1.0,5.496448e-09,4.8485393e-08,-26.377342,2.080205,0.6934017,0.17600001,0.0,0.15471894,12.92998,12.95998,1385600
hardzero_plus_depr__c0p54__z1p05__lam0p030__nu0p50__psi1p00,hardzero_plus_depr,0.02,35,433,0.0,1,0.51546437,0.51546437,1.0548925,0.0,0.08812669,0.0,0.0,4.7052442e-08,-27.7636,2.3208098,0.7736033,0.16800001,0.0,0.1244295,12.95998,12.98998,1388800
hardzero_plus_depr__c0p54__z1p05__lam0p030__nu0p50__psi1p00,hardzero_plus_depr,0.02,35,434,0.0,1,0.51546437,0.51546437,1.0870988,0.0,0.08182786,0.0,0.0,4.566185e-08,-28.626947,2.3916652,0.7972218,0.104,0.0,0.16883372,12.98998,13.0199795,1392000
hardzero_plus_depr__c0p54__z1p05__lam0p030__nu0p50__psi1p00,hardzero_plus_depr,0.02,35,435,0.0,1,0.51546437,0.51546437,1.0627929,0.0,0.08653804,0.0,0.0,4.4312344e-08,-28.328438,2.338191,0.779397,0.136,0.0,0.16889085,13.0199795,13.049979,1395200
hardzero_plus_depr__c0p54__z1p05__lam0p030__nu0p50__psi1p00,hardzero_plus_depr,0.02,35,436,0.0,1,0.51546437,0.51546437,1.024327,0.094552495,0.094552495,1.0,4.0660155e-09,4.3002732e-08,-27.098162,2.2535644,0.75118816,0.18400002,0.0,0.15278344,13.049979,13.079979,1398400
hardzero_plus_depr__c0p54__z1p05__lam0p030__nu0p50__psi1p00,hardzero_plus_depr,0.02,35,437,0.0,1,0.51546437,0.51546437,1.0196931,0.09556676,0.09556676,1.0,3.9881742e-09,4.1731816e-08,-27.088572,2.2433698,0.74779,0.18400002,0.0,0.16180962,13.079979,13.109979,1401600
hardzero_plus_depr__c0p54__z1p05__lam0p030__nu0p50__psi1p00,hardzero_plus_depr,0.02,35,438,0.0,1,0.51546437,0.51546437,1.0187178,0.09578164,0.09578164,1.0,3.87901e-09,4.049847e-08,-27.570587,2.2412238,0.7470746,0.18400002,0.0,0.15272725,13.109979,13.139978,1404800
hardzero_plus_depr__c0p54__z1p05__lam0p030__nu0p50__psi1p00,hardzero_plus_depr,0.02,35,439,0.0,1,0.51546437,0.51546437,1.0493728,0.089253895,0.089253895,1.0,3.5078178e-09,3.9301565e-08,-27.967142,2.3086662,0.76955545,0.15200001,0.008,0.16304693,13.139978,13.169978,1408000
hardzero_plus_depr__c0p54__z1p05__lam0p030__nu0p50__psi1p00,hardzero_plus_depr,0.02,35,440,0.0,1,0.51546437,0.51546437,1.035461,0.092159264,0.092159264,1.0,3.514958e-09,3.814004e-08,-26.50017,2.2780595,0.75935316,0.16800001,0.0,0.16318619,13.169978,13.199978,1411200
hardzero_plus_depr__c0p54__z1p05__lam0p030__nu0p50__psi1p00,hardzero_plus_depr,0.02,35,441,0.0,1,0.51546437,0.51546437,1.0291364,0.09351119,0.09351119,1.0,3.4611147e-09,3.7012843e-08,-27.991379,2.2641454,0.75471514,0.096,0.0,0.15013158,13.199978,13.229978,1414400
hardzero_plus_depr__c0p54__z1p05__lam0p030__nu0p50__psi1p00,hardzero_plus_depr,0.02,35,442,0.0,1,0.51546437,0.51546437,1.078852,0.0,0.08339652,0.0,0.0,3.591896e-08,-28.28737,2.3735218,0.79117393,0.12,0.0,0.15630244,13.229978,13.259977,1417600
hardzero_plus_depr__c0p54__z1p05__lam0p030__nu0p50__psi1p00,hardzero_plus_depr,0.02,35,443,0.0,1,0.51546437,0.51546437,1.0644739,0.0,0.08620374,0.0,0.0,3.48574e-08,-27.744967,2.3418894,0.7806298,0.14400001,0.0,0.18171905,13.259977,13.289977,1420800
hardzero_plus_depr__c0p54__z1p05__lam0p030__nu0p50__psi1p00,hardzero_plus_depr,0.02,35,444,0.0,1,0.51546437,0.51546437,1.0697807,0.0,0.08515679,0.0,0.0,3.3827217e-08,-28.159384,2.3535645,0.7845215,0.120000005,0.0,0.15302613,13.289977,13.319977,1424000
hardzero_plus_depr__c0p54__z1p05__lam0p030__nu0p50__psi1p00,hardzero_plus_depr,0.02,35,445,0.0,1,0.51546437,0.51546437,1.0170027,0.09616063,0.09616063,1.0,3.1567111e-09,3.282748e-08,-27.446142,2.2374506,0.7458169,0.104,0.0,0.15038328,13.319977,13.349977,1427200
hardzero_plus_depr__c0p54__z1p05__lam0p030__nu0p50__psi1p00,hardzero_plus_depr,0.02,35,446,0.0,1,0.51546437,0.51546437,0.97974825,0.104773566,0.104773566,1.0,3.3378023e-09,3.1857294e-08,-26.600634,2.1554892,0.71849644,0.136,0.0,0.13309622,13.349977,13.379976,1430400
hardzero_plus_depr__c0p54__z1p05__lam0p030__nu0p50__psi1p00,hardzero_plus_depr,0.02,35,447,0.0,1,0.51546437,0.51546437,0.99219793,0.10181271,0.10181271,1.0,3.1476188e-09,3.0915775e-08,-26.55847,2.182879,0.7276263,0.128,0.0,0.17266381,13.379976,13.409976,1433600
hardzero_plus_depr__c0p54__z1p05__lam0p030__nu0p50__psi1p00,hardzero_plus_depr,0.02,35,448,0.0,1,0.51546437,0.51546437,1.0253202,0.09433651,0.09433651,1.0,2.830292e-09,3.0002084e-08,-26.487623,2.2557495,0.7519165,0.17600001,0.0,0.13874929,13.409976,13.439976,1436800
hardzero_plus_depr__c0p54__z1p05__lam0p030__nu0p50__psi1p00,hardzero_plus_depr,0.02,35,449,0.0,1,0.51546437,0.51546437,1.001029,0.09976334,0.09976334,1.0,2.9046492e-09,2.9115396e-08,-27.396318,2.2023077,0.7341026,0.224,0.0,0.1649189,13.439976,13.469975,1440000
hardzero_plus_depr__c0p54__z1p05__lam0p030__nu0p50__psi1p00,hardzero_plus_depr,0.02,35,450,0.0,1,0.51546437,0.51546437,1.080064,0.0,0.0831641,0.0,0.0,2.8254911e-08,-28.553633,2.3761883,0.79206276,0.15200001,0.0,0.14551091,13.469975,13.499975,1443200
hardzero_plus_depr__c0p54__z1p05__lam0p030__nu0p50__psi1p00,hardzero_plus_depr,0.02,35,451,0.0,1,0.51546437,0.51546437,1.0634845,0.0,0.086400345,0.0,0.0,2.7419862e-08,-27.314377,2.3397129,0.7799043,0.192,0.0,0.17037883,13.499975,13.529975,1446400
hardzero_plus_depr__c0p54__z1p05__lam0p030__nu0p50__psi1p00,hardzero_plus_depr,0.02,35,452,0.0,1,0.51546437,0.51546437,1.0768834,0.0,0.083775416,0.0,0.0,2.6609488e-08,-27.797705,2.369191,0.7897303,0.128,0.0,0.16637541,13.529975,13.559975,1449600
hardzero_plus_depr__c0p54__z1p05__lam0p030__nu0p50__psi1p00,hardzero_plus_depr,0.02,35,453,0.0,1,0.51546437,0.51546437,1.077819,0.0,0.08359513,0.0,0.0,2.5823066e-08,-27.821186,2.3712492,0.7904164,0.136,0.0,0.13736288,13.559975,13.589974,1452800
hardzero_plus_depr__c0p54__z1p05__lam0p030__nu0p50__psi1p00,hardzero_plus_depr,0.02,35,454,0.0,1,0.51546437,0.51546437,1.042299,0.090719566,0.090719566,1.0,2.273422e-09,2.5059885e-08,-27.875185,2.2931037,0.76436794,0.16000001,0.0,0.16436547,13.589974,13.619974,1456000
hardzero_plus_depr__c0p54__z1p05__lam0p030__nu0p50__psi1p00,hardzero_plus_depr,0.02,35,455,0.0,1,0.51546437,0.51546437,1.0175647,0.096036285,0.096036285,1.0,2.3355318e-09,2.4319263e-08,-27.320435,2.238687,0.74622905,0.099999994,0.0,0.13715287,13.619974,13.649974,1459200
hardzero_plus_depr__c0p54__z1p05__lam0p030__nu0p50__psi1p00,hardzero_plus_depr,0.02,35,456,0.0,1,0.51546437,0.51546437,1.0337635,0.09252019,0.09252019,1.0,2.1835251e-09,2.3600526e-08,-26.997242,2.2743251,0.7581084,0.096,0.0,0.13735907,13.649974,13.679974,1462400
hardzero_plus_depr__c0p54__z1p05__lam0p030__nu0p50__psi1p00,hardzero_plus_depr,0.02,35,457,0.0,1,0.51546437,0.51546437,1.0429608,0.09058144,0.09058144,1.0,2.0745894e-09,2.2903029e-08,-27.649733,2.2945595,0.7648532,0.136,0.0,0.15303726,13.679974,13.709973,1465600
hardzero_plus_depr__c0p54__z1p05__lam0p030__nu0p50__psi1p00,hardzero_plus_depr,0.02,35,458,0.0,1,0.51546437,0.51546437,1.0384645,0.09152409,0.09152409,1.0,2.0342281e-09,2.222615e-08,-27.387299,2.2846677,0.7615559,0.096,0.0,0.16575623,13.709973,13.739973,1468800
hardzero_plus_depr__c0p54__z1p05__lam0p030__nu0p50__psi1p00,hardzero_plus_depr,0.02,35,459,0.0,1,0.51546437,0.51546437,1.0078148,0.098216675,0.098216675,1.0,2.118462e-09,2.156927e-08,-26.877949,2.2172368,0.73907894,0.216,0.0,0.14903282,13.739973,13.769973,1472000
hardzero_plus_depr__c0p54__z1p05__lam0p030__nu0p50__psi1p00,hardzero_plus_depr,0.02,35,460,0.0,1,0.51546437,0.51546437,1.0628096,0.0,0.086534716,0.0,0.0,2.093181e-08,-28.396547,2.3382277,0.7794093,0.16800001,0.0,0.16746898,13.769973,13.799973,1475200
hardzero_plus_depr__c0p54__z1p05__lam0p030__nu0p50__psi1p00,hardzero_plus_depr,0.02,35,461,0.0,1,0.51546437,0.51546437,1.0051152,0.09882909,0.09882909,1.0,2.0075337e-09,2.0313186e-08,-26.521978,2.2112975,0.7370992,0.136,0.0,0.1505119,13.799973,13.829972,1478400
hardzero_plus_depr__c0p54__z1p05__lam0p030__nu0p50__psi1p00,hardzero_plus_depr,0.02,35,462,0.0,1,0.51546437,0.51546437,1.0994605,0.0,0.07953156,0.0,0.0,1.9712845e-08,-28.251589,2.4188614,0.80628717,0.136,0.0,0.17011292,13.829972,13.859972,1481600
hardzero_plus_depr__c0p54__z1p05__lam0p030__nu0p50__psi1p00,hardzero_plus_depr,0.02,35,463,0.0,1,0.51546437,0.51546437,1.0622563,0.0,0.086645015,0.0,0.0,1.913025e-08,-27.703896,2.3370106,0.77900356,0.136,0.0,0.16150078,13.859972,13.889972,1484800
hardzero_plus_depr__c0p54__z1p05__lam0p030__nu0p50__psi1p00,hardzero_plus_depr,0.02,35,464,0.0,1,0.51546437,0.51546437,1.0556018,0.0,0.08798288,0.0,0.0,1.856487e-08,-28.269833,2.3223703,0.77412343,0.14400001,0.0,0.1690621,13.889972,13.919971,1488000
hardzero_plus_depr__c0p54__z1p05__lam0p030__nu0p50__psi1p00,hardzero_plus_depr,0.02,35,465,0.0,1,0.51546437,0.51546437,1.0380586,0.091609664,0.091609664,1.0,1.650458e-09,1.80162e-08,-27.145962,2.2837746,0.76125824,0.08800001,0.0,0.13977118,13.919971,13.949971,1491200
hardzero_plus_depr__c0p54__z1p05__lam0p030__nu0p50__psi1p00,hardzero_plus_depr,0.02,35,466,0.0,1,0.51546437,0.51546437,0.99999607,0.1000009,0.1000009,1.0,1.7483902e-09,1.7483744e-08,-26.829794,2.2000353,0.73334515,0.16000001,0.0,0.13603687,13.949971,13.979971,1494400
hardzero_plus_depr__c0p54__z1p05__lam0p030__nu0p50__psi1p00,hardzero_plus_depr,0.02,35,467,0.0,1,0.51546437,0.51546437,1.0068586,0.09843317,0.09843317,1.0,1.6701182e-09,1.6967027e-08,-26.5209,2.2151332,0.73837775,0.136,0.0,0.122481845,13.979971,14.009971,1497600
hardzero_plus_depr__c0p54__z1p05__lam0p030__nu0p50__psi1p00,hardzero_plus_depr,0.02,35,468,0.0,1,0.51546437,0.51546437,1.0327673,0.09273265,0.09273265,1.0,1.5268968e-09,1.646558e-08,-27.129019,2.2721334,0.7573778,0.19,0.0,0.15850164,14.009971,14.03997,1500800
hardzero_plus_depr__c0p54__z1p05__lam0p030__nu0p50__psi1p00,hardzero_plus_depr,0.02,35,469,0.0,1,0.51546437,0.51546437,1.0581276,0.0,0.087472655,0.0,0.0,1.5978951e-08,-27.265074,2.3279274,0.7759758,0.104,0.0,0.15108208,14.03997,14.06997,1504000
hardzero_plus_depr__c0p54__z1p05__lam0p030__nu0p50__psi1p00,hardzero_plus_depr,0.02,35,470,0.0,1,0.51546437,0.51546437,1.0506926,0.0,0.088983074,0.0,0.0,1.5506709e-08,-27.572624,2.3115697,0.77052325,0.120000005,0.0,0.12707317,14.06997,14.09997,1507200
hardzero_plus_depr__c0p54__z1p05__lam0p030__nu0p50__psi1p00,hardzero_plus_depr,0.02,35,471,0.0,1,0.51546437,0.51546437,1.0347238,0.09231584,0.09231584,1.0,1.3892074e-09,1.504842e-08,-26.929947,2.2764378,0.7588126,0.08800001,0.0,0.1418998,14.09997,14.12997,1510400
hardzero_plus_depr__c0p54__z1p05__lam0p030__nu0p50__psi1p00,hardzero_plus_depr,0.02,35,472,0.0,1,0.51546437,0.51546437,1.0040568,0.09907022,0.09907022,1.0,1.4467894e-09,1.4603676e-08,-26.537172,2.208969,0.73632306,0.2,0.0,0.1521782,14.12997,14.159969,1513600
hardzero_plus_depr__c0p54__z1p05__lam0p030__nu0p50__psi1p00,hardzero_plus_depr,0.02,35,473,0.0,1,0.51546437,0.51546437,1.0253435,0.09433145,0.09433145,1.0,1.3368724e-09,1.4172075e-08,-27.017256,2.2558007,0.7519336,0.208,0.008,0.16250643,14.159969,14.189969,1516800
hardzero_plus_depr__c0p54__z1p05__lam0p030__nu0p50__psi1p00,hardzero_plus_depr,0.02,35,474,0.0,1,0.51546437,0.51546437,1.018707,0.09578399,0.09578399,1.0,1.3173393e-09,1.37532306e-08,-27.440557,2.2412002,0.74706674,0.14400001,0.0,0.15154123,14.189969,14.219969,1520000
hardzero_plus_depr__c0p54__z1p05__lam0p030__nu0p50__psi1p00,hardzero_plus_depr,0.02,35,475,0.0,1,0.51546437,0.51546437,1.1035025,0.0,0.07879478,0.0,0.0,1.3346764e-08,-27.982111,2.427754,0.8092513,0.128,0.0,0.18493061,14.219969,14.249969,1523200
hardzero_plus_depr__c0p54__z1p05__lam0p030__nu0p50__psi1p00,hardzero_plus_depr,0.02,35,476,0.0,1,0.51546437,0.51546437,1.0495249,0.08922263,0.08922263,1.0,1.1556393e-09,1.295231e-08,-27.985525,2.309001,0.769667,0.08800001,0.0,0.16503122,14.249969,14.279968,1526400
hardzero_plus_depr__c0p54__z1p05__lam0p030__nu0p50__psi1p00,hardzero_plus_depr,0.02,35,477,0.0,1,0.51546437,0.51546437,1.0244311,0.09452984,0.09452984,1.0,1.1881944e-09,1.2569517e-08,-27.297722,2.2537935,0.7512645,0.15200001,0.0,0.16454954,14.279968,14.309968,1529600
hardzero_plus_depr__c0p54__z1p05__lam0p030__nu0p50__psi1p00,hardzero_plus_depr,0.02,35,478,0.0,1,0.51546437,0.51546437,1.0182395,0.09588718,0.09588718,1.0,1.169635e-09,1.2198035e-08,-28.028435,2.2401717,0.7467239,0.23200001,0.0,0.15327112,14.309968,14.339968,1532800
hardzero_plus_depr__c0p54__z1p05__lam0p030__nu0p50__psi1p00,hardzero_plus_depr,0.02,35,479,0.0,1,0.51546437,0.51546437,1.0728099,0.0,0.08456487,0.0,0.0,1.1837532e-08,-28.654337,2.360229,0.78674304,0.104,0.0,0.1823679,14.339968,14.369967,1536000
hardzero_plus_depr__c0p54__z1p05__lam0p030__nu0p50__psi1p00,hardzero_plus_depr,0.02,35,480,0.0,1,0.51546437,0.51546437,1.070297,0.0,0.08505562,0.0,0.0,1.1487682e-08,-28.202568,2.3547003,0.7849001,0.136,0.0,0.17046924,14.369967,14.399967,1539200
hardzero_plus_depr__c0p54__z1p05__lam0p030__nu0p50__psi1p00,hardzero_plus_depr,0.02,35,481,0.0,1,0.51546437,0.51546437,1.0193107,0.09565094,0.09565094,1.0,1.0663331e-09,1.1148172e-08,-27.49445,2.2425284,0.7475095,0.17999999,0.0,0.14123045,14.399967,14.429967,1542400
hardzero_plus_depr__c0p54__z1p05__lam0p030__nu0p50__psi1p00,hardzero_plus_depr,0.02,35,482,0.0,1,0.51546437,0.51546437,1.0838788,0.0,0.08243683,0.0,0.0,1.0818697e-08,-28.523148,2.3845809,0.7948603,0.18400002,0.0,0.16330802,14.429967,14.459967,1545600
hardzero_plus_depr__c0p54__z1p05__lam0p030__nu0p50__psi1p00,hardzero_plus_depr,0.02,35,483,0.0,1,0.51546437,0.51546437,1.0211755,0.09524111,0.09524111,1.0,9.999325e-10,1.0498959e-08,-26.434574,2.246631,0.748877,0.128,0.0,0.15072474,14.459967,14.489966,1548800
hardzero_plus_depr__c0p54__z1p05__lam0p030__nu0p50__psi1p00,hardzero_plus_depr,0.02,35,484,0.0,1,0.51546437,0.51546437,1.0339551,0.09247937,0.09247937,1.0,9.422417e-10,1.01886695e-08,-27.517336,2.2747467,0.7582489,0.15200001,0.0,0.18128859,14.489966,14.519966,1552000
hardzero_plus_depr__c0p54__z1p05__lam0p030__nu0p50__psi1p00,hardzero_plus_depr,0.02,35,485,0.0,1,0.51546437,0.51546437,1.0642333,0.0,0.0862515,0.0,0.0,9.887553e-09,-27.473032,2.34136,0.7804534,0.14400001,0.0,0.16180396,14.519966,14.549966,1555200
hardzero_plus_depr__c0p54__z1p05__lam0p030__nu0p50__psi1p00,hardzero_plus_depr,0.02,35,486,0.0,1,0.51546437,0.51546437,1.0134906,0.09694144,0.09694144,1.0,9.3018565e-10,9.595335e-09,-27.245049,2.2297237,0.74324125,0.15200001,0.0,0.15440822,14.549966,14.579966,1558400
hardzero_plus_depr__c0p54__z1p05__lam0p030__nu0p50__psi1p00,hardzero_plus_depr,0.02,35,487,0.0,1,0.51546437,0.51546437,1.0243207,0.094553865,0.094553865,1.0,8.804621e-10,9.311751e-09,-27.308186,2.2535505,0.7511835,0.16000001,0.0,0.17322312,14.579966,14.609965,1561600
hardzero_plus_depr__c0p54__z1p05__lam0p030__nu0p50__psi1p00,hardzero_plus_depr,0.02,35,488,0.0,1,0.51546437,0.51546437,1.079963,0.0,0.08318346,0.0,0.0,9.03655e-09,-28.96426,2.375966,0.79198873,0.136,0.0,0.15860803,14.609965,14.639965,1564800
hardzero_plus_depr__c0p54__z1p05__lam0p030__nu0p50__psi1p00,hardzero_plus_depr,0.02,35,489,0.0,1,0.51546437,0.51546437,1.0242991,0.09455856,0.09455856,1.0,8.292296e-10,8.769482e-09,-26.680874,2.253503,0.7511677,0.17600001,0.008,0.14787048,14.639965,14.669965,1568000
hardzero_plus_depr__c0p54__z1p05__lam0p030__nu0p50__psi1p00,hardzero_plus_depr,0.02,35,490,0.0,1,0.51546437,0.51546437,1.0069634,0.098409414,0.098409414,1.0,8.3749435e-10,8.510307e-09,-26.897425,2.2153637,0.7384546,0.18400002,0.0,0.13678211,14.669965,14.699965,1571200
hardzero_plus_depr__c0p54__z1p05__lam0p030__nu0p50__psi1p00,hardzero_plus_depr,0.02,35,491,0.0,1,0.51546437,0.51546437,1.0152509,0.096549295,0.096549295,1.0,7.9738055e-10,8.258792e-09,-27.834635,2.2335966,0.7445322,0.120000005,0.0,0.13344033,14.699965,14.729964,1574400
hardzero_plus_depr__c0p54__z1p05__lam0p030__nu0p50__psi1p00,hardzero_plus_depr,0.02,35,492,0.0,1,0.51546437,0.51546437,1.0702865,0.0,0.08505767,0.0,0.0,8.01471e-09,-28.398901,2.3546774,0.7848925,0.15200001,0.0,0.19056678,14.729964,14.759964,1577600
hardzero_plus_depr__c0p54__z1p05__lam0p030__nu0p50__psi1p00,hardzero_plus_depr,0.02,35,493,0.0,1,0.51546437,0.51546437,0.97195756,0.10667004,0.10667004,1.0,8.296626e-10,7.7778415e-09,-27.06759,2.1383493,0.7127831,0.192,0.0,0.16129112,14.759964,14.789964,1580800
hardzero_plus_depr__c0p54__z1p05__lam0p030__nu0p50__psi1p00,hardzero_plus_depr,0.02,35,494,0.0,1,0.51546437,0.51546437,1.0025518,0.09941413,0.09941413,1.0,7.503752e-10,7.547973e-09,-26.796623,2.205658,0.73521936,0.22,0.0,0.15086368,14.789964,14.819963,1584000
hardzero_plus_depr__c0p54__z1p05__lam0p030__nu0p50__psi1p00,hardzero_plus_depr,0.02,35,495,0.0,1,0.51546437,0.51546437,1.0776054,0.0,0.083636254,0.0,0.0,7.324899e-09,-28.101889,2.3707793,0.7902598,0.14400001,0.0,0.16106677,14.819963,14.849963,1587200
hardzero_plus_depr__c0p54__z1p05__lam0p030__nu0p50__psi1p00,hardzero_plus_depr,0.02,35,496,0.0,1,0.51546437,0.51546437,1.0063021,0.098559365,0.098559365,1.0,7.006011e-10,7.108417e-09,-26.82458,2.213909,0.73796964,0.14400001,0.0,0.137459,14.849963,14.879963,1590400
hardzero_plus_depr__c0p54__z1p05__lam0p030__nu0p50__psi1p00,hardzero_plus_depr,0.02,35,497,0.0,1,0.51546437,0.51546437,1.0633683,0.0,0.08642346,0.0,0.0,6.8983335e-09,-27.847775,2.339457,0.779819,0.14400001,0.0,0.16035666,14.879963,14.909963,1593600
hardzero_plus_depr__c0p54__z1p05__lam0p030__nu0p50__psi1p00,hardzero_plus_depr,0.02,35,498,0.0,1,0.51546437,0.51546437,1.0299765,0.09333049,0.09333049,1.0,6.2479705e-10,6.6944583e-09,-27.179873,2.2659936,0.7553312,0.16000001,0.0,0.16114925,14.909963,14.939962,1596800
hardzero_plus_depr__c0p54__z1p05__lam0p030__nu0p50__psi1p00,hardzero_plus_depr,0.02,35,499,0.0,1,0.51546437,0.51546437,1.0105802,0.09759325,0.09759325,1.0,6.340253e-10,6.49661e-09,-26.498856,2.2233207,0.7411069,0.136,0.0,0.16782394,14.939962,14.969962,1600000
hardzero_plus_depr__c0p54__z1p05__lam0p030__nu0p50__psi1p00,hardzero_plus_depr,0.02,35,500,0.0,1,0.51546437,0.51546437,1.0772086,0.0,0.083712704,0.0,0.0,6.3046075e-09,-29.089056,2.3699064,0.78996885,0.120000005,0.0,0.15581207,14.969962,14.999962,1603200
hardzero_plus_depr__c0p54__z1p05__lam0p030__nu0p50__psi1p00,hardzero_plus_depr,0.02,35,501,0.0,1,0.51546437,0.51546437,1.0177535,0.09599453,0.09599453,1.0,5.873214e-10,6.1182797e-09,-27.349998,2.2391024,0.74636745,0.192,0.0,0.15831019,14.999962,15.029962,1606400
hardzero_plus_depr__c0p54__z1p05__lam0p030__nu0p50__psi1p00,hardzero_plus_depr,0.02,35,502,0.0,1,0.51546437,0.51546437,1.0514476,0.0,0.088828504,0.0,0.0,5.9374585e-09,-27.594326,2.313231,0.77107704,0.104,0.0,0.15472229,15.029962,15.059961,1609600
hardzero_plus_depr__c0p54__z1p05__lam0p030__nu0p50__psi1p00,hardzero_plus_depr,0.02,35,503,0.0,1,0.51546437,0.51546437,1.059076,0.0,0.08728187,0.0,0.0,5.761982e-09,-28.069752,2.3300135,0.7766712,0.18400002,0.0,0.17356893,15.059961,15.089961,1612800
hardzero_plus_depr__c0p54__z1p05__lam0p030__nu0p50__psi1p00,hardzero_plus_depr,0.02,35,504,0.0,1,0.51546437,0.51546437,0.9969211,0.10071146,0.10071146,1.0,5.6314736e-10,5.591691e-09,-27.375395,2.1932702,0.73109007,0.192,0.0,0.17125313,15.089961,15.119961,1616000
hardzero_plus_depr__c0p54__z1p05__lam0p030__nu0p50__psi1p00,hardzero_plus_depr,0.02,35,505,0.0,1,0.51546437,0.51546437,0.993904,0.10141356,0.10141356,1.0,5.503139e-10,5.426433e-09,-26.548773,2.1866324,0.7288775,0.192,0.0,0.16081575,15.119961,15.1499605,1619200
hardzero_plus_depr__c0p54__z1p05__lam0p030__nu0p50__psi1p00,hardzero_plus_depr,0.02,35,506,0.0,1,0.51546437,0.51546437,1.0482652,0.089481816,0.089481816,1.0,4.712165e-10,5.2660587e-09,-27.4179,2.3062296,0.7687432,0.128,0.0,0.16033,15.1499605,15.17996,1622400
hardzero_plus_depr__c0p54__z1p05__lam0p030__nu0p50__psi1p00,hardzero_plus_depr,0.02,35,507,0.0,1,0.51546437,0.51546437,1.0349727,0.092262946,0.092262946,1.0,4.7150284e-10,5.110425e-09,-28.022305,2.2769854,0.7589952,0.16,0.0,0.16189672,15.17996,15.20996,1625600
hardzero_plus_depr__c0p54__z1p05__lam0p030__nu0p50__psi1p00,hardzero_plus_depr,0.02,35,508,0.0,1,0.51546437,0.51546437,1.0242525,0.0945687,0.0945687,1.0,4.6900306e-10,4.9593902e-09,-27.813225,2.2534006,0.75113356,0.104,0.0,0.14749174,15.20996,15.23996,1628800
hardzero_plus_depr__c0p54__z1p05__lam0p030__nu0p50__psi1p00,hardzero_plus_depr,0.02,35,509,0.0,1,0.51546437,0.51546437,1.0488786,0.08935554,0.08935554,1.0,4.300521e-10,4.8128195e-09,-28.524874,2.3075788,0.76919293,0.17600001,0.0,0.14861634,15.23996,15.269959,1632000
hardzero_plus_depr__c0p54__z1p05__lam0p030__nu0p50__psi1p00,hardzero_plus_depr,0.02,35,510,0.0,1,0.51546437,0.51546437,1.0435331,0.090462156,0.090462156,1.0,4.2251078e-10,4.6705804e-09,-27.424292,2.2958186,0.76527286,0.14400001,0.0,0.12360868,15.269959,15.299959,1635200
hardzero_plus_depr__c0p54__z1p05__lam0p030__nu0p50__psi1p00,hardzero_plus_depr,0.02,35,511,0.0,1,0.51546437,0.51546437,1.002296,0.099472724,0.099472724,1.0,4.508646e-10,4.532545e-09,-27.453043,2.2050953,0.7350318,0.18400002,0.0,0.1395412,15.299959,15.329959,1638400
hardzero_plus_depr__c0p54__z1p05__lam0p030__nu0p50__psi1p00,hardzero_plus_depr,0.02,35,512,0.0,1,0.51546437,0.51546437,1.0411748,0.09095472,0.09095472,1.0,4.0007245e-10,4.398589e-09,-27.543041,2.29063,0.76354337,0.096,0.0,0.13203947,15.329959,15.359959,1641600
hardzero_plus_depr__c0p54__z1p05__lam0p030__nu0p50__psi1p00,hardzero_plus_depr,0.02,35,513,0.0,1,0.51546437,0.51546437,0.96273535,0.10895937,0.10895937,1.0,4.6510315e-10,4.2685926e-09,-25.925585,2.11806,0.70602006,0.208,0.0,0.14681686,15.359959,15.389958,1644800
hardzero_plus_depr__c0p54__z1p05__lam0p030__nu0p50__psi1p00,hardzero_plus_depr,0.02,35,514,0.0,1,0.51546437,0.51546437,1.027071,0.09395696,0.09395696,1.0,3.8921089e-10,4.142438e-09,-27.48722,2.2596014,0.7532005,0.16000001,0.0,0.16451178,15.389958,15.419958,1648000
hardzero_plus_depr__c0p54__z1p05__lam0p030__nu0p50__psi1p00,hardzero_plus_depr,0.02,35,515,0.0,1,0.51546437,0.51546437,1.0503654,0.0,0.08905012,0.0,0.0,4.020011e-09,-28.038927,2.3108501,0.7702834,0.08800001,0.0,0.13603076,15.419958,15.449958,1651200
hardzero_plus_depr__c0p54__z1p05__lam0p030__nu0p50__psi1p00,hardzero_plus_depr,0.02,35,516,0.0,1,0.51546437,0.51546437,1.0498441,0.08915708,0.08915708,1.0,3.4781986e-10,3.901203e-09,-27.292553,2.3097034,0.76990116,0.16800001,0.0,0.1578558,15.449958,15.479958,1654400
hardzero_plus_depr__c0p54__z1p05__lam0p030__nu0p50__psi1p00,hardzero_plus_depr,0.02,35,517,0.0,1,0.51546437,0.51546437,1.0351914,0.09221648,0.09221648,1.0,3.4912293e-10,3.7859063e-09,-26.911015,2.2774665,0.7591555,0.16000001,0.0,0.14131874,15.479958,15.509957,1657600
hardzero_plus_depr__c0p54__z1p05__lam0p030__nu0p50__psi1p00,hardzero_plus_depr,0.02,35,518,0.0,1,0.51546437,0.51546437,0.979364,0.1048663,0.1048663,1.0,3.8528056e-10,3.6740166e-09,-25.65327,2.1546438,0.71821463,0.136,0.0,0.12231861,15.509957,15.539957,1660800
hardzero_plus_depr__c0p54__z1p05__lam0p030__nu0p50__psi1p00,hardzero_plus_depr,0.02,35,519,0.0,1,0.51546437,0.51546437,0.9860552,0.103263006,0.103263006,1.0,3.681774e-10,3.5654337e-09,-26.797813,2.1693647,0.7231216,0.208,0.0,0.15093793,15.539957,15.569957,1664000
hardzero_plus_depr__c0p54__z1p05__lam0p030__nu0p50__psi1p00,hardzero_plus_depr,0.02,35,520,0.0,1,0.51546437,0.51546437,1.0487239,0.08938736,0.08938736,1.0,3.0928565e-10,3.4600605e-09,-28.524315,2.3072388,0.7690796,0.22999999,0.0,0.16335514,15.569957,15.5999565,1667200
hardzero_plus_depr__c0p54__z1p05__lam0p030__nu0p50__psi1p00,hardzero_plus_depr,0.02,35,521,0.0,1,0.51546437,0.51546437,1.0651513,0.0,0.08606937,0.0,0.0,3.3578011e-09,-28.873579,2.3433797,0.7811266,0.15200001,0.0,0.16090542,15.5999565,15.629956,1670400
hardzero_plus_depr__c0p54__z1p05__lam0p030__nu0p50__psi1p00,hardzero_plus_depr,0.02,35,522,0.0,1,0.51546437,0.51546437,0.967103,0.10786909,0.10786909,1.0,3.5149833e-10,3.258564e-09,-25.771776,2.127669,0.70922303,0.18400002,0.0,0.12552312,15.629956,15.659956,1673600
hardzero_plus_depr__c0p54__z1p05__lam0p030__nu0p50__psi1p00,hardzero_plus_depr,0.02,35,523,0.0,1,0.51546437,0.51546437,1.0334383,0.092589475,0.092589475,1.0,2.9279196e-10,3.1622596e-09,-27.31699,2.2736096,0.7578699,0.15200001,0.0,0.14901394,15.659956,15.689956,1676800
hardzero_plus_depr__c0p54__z1p05__lam0p030__nu0p50__psi1p00,hardzero_plus_depr,0.02,35,524,0.0,1,0.51546437,0.51546437,1.0337844,0.09251573,0.09251573,1.0,2.8391242e-10,3.0688017e-09,-27.47743,2.2743711,0.75812376,0.128,0.0,0.121099554,15.689956,15.719955,1680000
hardzero_plus_depr__c0p54__z1p05__lam0p030__nu0p50__psi1p00,hardzero_plus_depr,0.02,35,525,0.0,1,0.51546437,0.51546437,1.0220293,0.09505407,0.09505407,1.0,2.8308103e-10,2.9781053e-09,-26.951302,2.2485094,0.74950314,0.112,0.0,0.14127503,15.719955,15.749955,1683200
hardzero_plus_depr__c0p54__z1p05__lam0p030__nu0p50__psi1p00,hardzero_plus_depr,0.02,35,526,0.0,1,0.51546437,0.51546437,1.0346061,0.09234085,0.09234085,1.0,2.6687336e-10,2.89009e-09,-28.118423,2.2761788,0.7587263,0.192,0.0,0.15850703,15.749955,15.779955,1686400
hardzero_plus_depr__c0p54__z1p05__lam0p030__nu0p50__psi1p00,hardzero_plus_depr,0.02,35,527,0.0,1,0.51546437,0.51546437,1.0399328,0.091215186,0.091215186,1.0,2.55829e-10,2.8046756e-09,-27.761467,2.2878978,0.7626326,0.18400002,0.0,0.1677083,15.779955,15.809955,1689600
hardzero_plus_depr__c0p54__z1p05__lam0p030__nu0p50__psi1p00,hardzero_plus_depr,0.02,35,528,0.0,1,0.51546437,0.51546437,1.0967096,0.0,0.08003693,0.0,0.0,2.721786e-09,-28.479399,2.4128094,0.8042698,0.14400001,0.0,0.15114988,15.809955,15.839954,1692800
hardzero_plus_depr__c0p54__z1p05__lam0p030__nu0p50__psi1p00,hardzero_plus_depr,0.02,35,529,0.0,1,0.51546437,0.51546437,1.0209529,0.095289946,0.095289946,1.0,2.5169367e-10,2.6413456e-09,-27.198366,2.2461414,0.74871385,0.192,0.0,0.13761267,15.839954,15.869954,1696000
hardzero_plus_depr__c0p54__z1p05__lam0p030__nu0p50__psi1p00,hardzero_plus_depr,0.02,35,530,0.0,1,0.51546437,0.51546437,1.0368758,0.09185952,0.09185952,1.0,2.354619e-10,2.5632825e-09,-27.109392,2.2811723,0.76039076,0.096,0.0,0.13156915,15.869954,15.899954,1699200
hardzero_plus_depr__c0p54__z1p05__lam0p030__nu0p50__psi1p00,hardzero_plus_depr,0.02,35,531,0.0,1,0.51546437,0.51546437,1.0169855,0.09616442,0.09616442,1.0,2.3921157e-10,2.4875269e-09,-27.519802,2.237413,0.7458043,0.16800001,0.0,0.14874949,15.899954,15.929954,1702400
hardzero_plus_depr__c0p54__z1p05__lam0p030__nu0p50__psi1p00,hardzero_plus_depr,0.02,35,532,0.0,1,0.51546437,0.51546437,1.013421,0.096956946,0.096956946,1.0,2.3405503e-10,2.4140099e-09,-27.179598,2.2295709,0.7431903,0.112,0.0,0.15544683,15.929954,15.959953,1705600
hardzero_plus_depr__c0p54__z1p05__lam0p030__nu0p50__psi1p00,hardzero_plus_depr,0.02,35,533,0.0,1,0.51546437,0.51546437,1.064465,0.0,0.08620549,0.0,0.0,2.3426658e-09,-28.089863,2.3418698,0.7806233,0.17,0.0,0.17359425,15.959953,15.989953,1708800
hardzero_plus_depr__c0p54__z1p05__lam0p030__nu0p50__psi1p00,hardzero_plus_depr,0.02,35,534,0.0,1,0.51546437,0.51546437,1.0375384,0.091719486,0.091719486,1.0,2.0851784e-10,2.27343e-09,-27.30127,2.28263,0.76087666,0.208,0.0,0.14653088,15.989953,16.019953,1712000
hardzero_plus_depr__c0p54__z1p05__lam0p030__nu0p50__psi1p00,hardzero_plus_depr,0.02,35,535,0.0,1,0.51546437,0.51546437,1.0550787,0.0,0.08808892,0.0,0.0,2.2062407e-09,-28.043692,2.3212197,0.77373993,0.14400001,0.0,0.13994236,16.019953,16.049953,1715200
hardzero_plus_depr__c0p54__z1p05__lam0p030__nu0p50__psi1p00,hardzero_plus_depr,0.02,35,536,0.0,1,0.51546437,0.51546437,1.0689272,0.0,0.08532431,0.0,0.0,2.141035e-09,-27.595394,2.3516867,0.7838956,0.16000001,0.0,0.16740179,16.049953,16.079954,1718400
hardzero_plus_depr__c0p54__z1p05__lam0p030__nu0p50__psi1p00,hardzero_plus_depr,0.02,35,537,0.0,1,0.51546437,0.51546437,1.0138506,0.09686111,0.09686111,1.0,2.0125379e-10,2.0777564e-09,-26.902763,2.2305157,0.74350524,0.192,0.0,0.14207087,16.079954,16.109955,1721600
hardzero_plus_depr__c0p54__z1p05__lam0p030__nu0p50__psi1p00,hardzero_plus_depr,0.02,35,538,0.0,1,0.51546437,0.51546437,0.9939647,0.10139939,0.10139939,1.0,2.0445648e-10,2.0163482e-09,-25.830872,2.186766,0.728922,0.17600001,0.0,0.14806862,16.109955,16.139956,1724800
hardzero_plus_depr__c0p54__z1p05__lam0p030__nu0p50__psi1p00,hardzero_plus_depr,0.02,35,539,0.0,1,0.51546437,0.51546437,1.0847255,0.0,0.08227625,0.0,0.0,1.9567545e-09,-27.753834,2.3864439,0.7954813,0.096,0.0,0.15482801,16.139956,16.169956,1728000
hardzero_plus_depr__c0p54__z1p05__lam0p030__nu0p50__psi1p00,hardzero_plus_depr,0.02,35,540,0.0,1,0.51546437,0.51546437,1.0537156,0.0,0.088365845,0.0,0.0,1.8989226e-09,-28.019724,2.3182206,0.77274024,0.15200001,0.0,0.16415194,16.169956,16.199957,1731200
hardzero_plus_depr__c0p54__z1p05__lam0p030__nu0p50__psi1p00,hardzero_plus_depr,0.02,35,541,0.0,1,0.51546437,0.51546437,0.9693434,0.10731404,0.10731404,1.0,1.9775825e-10,1.8427995e-09,-25.582924,2.1325982,0.7108661,0.16000001,0.0,0.13594283,16.199957,16.229958,1734400
hardzero_plus_depr__c0p54__z1p05__lam0p030__nu0p50__psi1p00,hardzero_plus_depr,0.02,35,542,0.0,1,0.51546437,0.51546437,1.0408556,0.09102158,0.09102158,1.0,1.6277711e-10,1.7883354e-09,-26.766743,2.2899282,0.7633094,0.136,0.0,0.15186697,16.229958,16.259958,1737600
hardzero_plus_depr__c0p54__z1p05__lam0p030__nu0p50__psi1p00,hardzero_plus_depr,0.02,35,543,0.0,1,0.51546437,0.51546437,1.0891356,0.0,0.08144498,0.0,0.0,1.735481e-09,-28.342344,2.3961463,0.7987155,0.104,0.0,0.15471028,16.259958,16.289959,1740800
hardzero_plus_depr__c0p54__z1p05__lam0p030__nu0p50__psi1p00,hardzero_plus_depr,0.02,35,544,0.0,1,0.51546437,0.51546437,1.1083354,0.0,0.07792281,0.0,0.0,1.6841885e-09,-28.14397,2.4383864,0.8127955,0.096,0.0,0.19040588,16.289959,16.31996,1744000
hardzero_plus_depr__c0p54__z1p05__lam0p030__nu0p50__psi1p00,hardzero_plus_depr,0.02,35,545,0.0,1,0.51546437,0.51546437,1.0535147,0.0,0.08840673,0.0,0.0,1.6344119e-09,-27.582237,2.3177786,0.7725929,0.15200001,0.0,0.1412256,16.31996,16.34996,1747200
hardzero_plus_depr__c0p54__z1p05__lam0p030__nu0p50__psi1p00,hardzero_plus_depr,0.02,35,546,0.0,1,0.51546437,0.51546437,0.9921638,0.10182072,0.10182072,1.0,1.6149854e-10,1.5861068e-09,-26.661543,2.1828039,0.7276013,0.19,0.0,0.13049208,16.34996,16.379961,1750400
hardzero_plus_depr__c0p54__z1p05__lam0p030__nu0p50__psi1p00,hardzero_plus_depr,0.02,35,547,0.0,1,0.51546437,0.51546437,0.95800143,0.110153556,0.110153556,1.0,1.695516e-10,1.5392294e-09,-26.81654,2.1076453,0.70254844,0.192,0.0,0.13403623,16.379961,16.409962,1753600
hardzero_plus_depr__c0p54__z1p05__lam0p030__nu0p50__psi1p00,hardzero_plus_depr,0.02,35,548,0.0,1,0.51546437,0.51546437,1.0169603,0.09617002,0.09617002,1.0,1.4365273e-10,1.4937371e-09,-27.36988,2.2373571,0.7457857,0.24000001,0.0,0.16936032,16.409962,16.439962,1756800
hardzero_plus_depr__c0p54__z1p05__lam0p030__nu0p50__psi1p00,hardzero_plus_depr,0.02,35,549,0.0,1,0.51546437,0.51546437,1.0159695,0.09638967,0.09638967,1.0,1.3972547e-10,1.4495896e-09,-26.182646,2.2351775,0.7450592,0.096,0.0,0.1465653,16.439962,16.469963,1760000
hardzero_plus_depr__c0p54__z1p05__lam0p030__nu0p50__psi1p00,hardzero_plus_depr,0.02,35,550,0.0,1,0.51546437,0.51546437,1.0428928,0.09059561,0.09059561,1.0,1.2744508e-10,1.4067467e-09,-28.616999,2.29441,0.76480335,0.17600001,0.0,0.14055063,16.469963,16.499964,1763200
hardzero_plus_depr__c0p54__z1p05__lam0p030__nu0p50__psi1p00,hardzero_plus_depr,0.02,35,551,0.0,1,0.51546437,0.51546437,0.9748803,0.10595458,0.10595458,1.0,1.4464602e-10,1.3651701e-09,-26.581924,2.1447794,0.7149265,0.24000001,0.0,0.13424933,16.499964,16.529964,1766400
hardzero_plus_depr__c0p54__z1p05__lam0p030__nu0p50__psi1p00,hardzero_plus_depr,0.02,35,552,0.0,1,0.51546437,0.51546437,1.0409863,0.090994194,0.090994194,1.0,1.2055114e-10,1.3248224e-09,-27.830444,2.2902155,0.7634052,0.16800001,0.0,0.15411143,16.529964,16.559965,1769600
hardzero_plus_depr__c0p54__z1p05__lam0p030__nu0p50__psi1p00,hardzero_plus_depr,0.02,35,553,0.0,1,0.51546437,0.51546437,1.0241944,0.09458137,0.09458137,1.0,1.2160015e-10,1.2856669e-09,-26.991407,2.2532725,0.7510909,0.16800001,0.0,0.1641314,16.559965,16.589966,1772800
hardzero_plus_depr__c0p54__z1p05__lam0p030__nu0p50__psi1p00,hardzero_plus_depr,0.02,35,554,0.0,1,0.51546437,0.51546437,1.0126052,0.097139254,0.097139254,1.0,1.2119764e-10,1.247669e-09,-27.635592,2.2277758,0.742592,0.16800001,0.0,0.15896764,16.589966,16.619967,1776000
hardzero_plus_depr__c0p54__z1p05__lam0p030__nu0p50__psi1p00,hardzero_plus_depr,0.02,35,555,0.0,1,0.51546437,0.51546437,1.0646162,0.0,0.08617549,0.0,0.0,1.2107939e-09,-27.731354,2.3422024,0.7807342,0.18400002,0.0,0.16950338,16.619967,16.649967,1779200
hardzero_plus_depr__c0p54__z1p05__lam0p030__nu0p50__psi1p00,hardzero_plus_depr,0.02,35,556,0.0,1,0.51546437,0.51546437,1.0333349,0.09261155,0.09261155,1.0,1.08819384e-10,1.1750088e-09,-27.223671,2.273382,0.757794,0.14400001,0.0,0.19021738,16.649967,16.679968,1782400
hardzero_plus_depr__c0p54__z1p05__lam0p030__nu0p50__psi1p00,hardzero_plus_depr,0.02,35,557,0.0,1,0.51546437,0.51546437,0.97322494,0.106359206,0.106359206,1.0,1.2127942e-10,1.1402813e-09,-25.887186,2.1411376,0.7137126,0.17600001,0.0,0.15869594,16.679968,16.709969,1785600
hardzero_plus_depr__c0p54__z1p05__lam0p030__nu0p50__psi1p00,hardzero_plus_depr,0.02,35,558,0.0,1,0.51546437,0.51546437,0.9988633,0.100262076,0.100262076,1.0,1.1094802e-10,1.1065802e-09,-26.986717,2.1975431,0.7325144,0.192,0.0,0.1584652,16.709969,16.73997,1788800
hardzero_plus_depr__c0p54__z1p05__lam0p030__nu0p50__psi1p00,hardzero_plus_depr,0.02,35,559,0.0,1,0.51546437,0.51546437,0.9963023,0.10085505,0.10085505,1.0,1.0830572e-10,1.073875e-09,-26.94206,2.1919088,0.7306363,0.17999999,0.0,0.16424721,16.73997,16.76997,1792000
hardzero_plus_depr__c0p54__z1p05__lam0p030__nu0p50__psi1p00,hardzero_plus_depr,0.02,35,560,0.0,1,0.51546437,0.51546437,1.0818201,0.0,0.08282851,0.0,0.0,1.0421365e-09,-27.423485,2.3800519,0.79335064,0.14400001,0.0,0.15575786,16.76997,16.79997,1795200
hardzero_plus_depr__c0p54__z1p05__lam0p030__nu0p50__psi1p00,hardzero_plus_depr,0.02,35,561,0.0,1,0.51546437,0.51546437,1.0377833,0.091667786,0.091667786,1.0,9.270693e-11,1.011336e-09,-27.692024,2.2831688,0.7610563,0.112,0.0,0.1459299,16.79997,16.829971,1798400
hardzero_plus_depr__c0p54__z1p05__lam0p030__nu0p50__psi1p00,hardzero_plus_depr,0.02,35,562,0.0,1,0.51546437,0.51546437,0.9953172,0.101084076,0.101084076,1.0,9.9208544e-11,9.814458e-10,-26.648256,2.1897416,0.7299139,0.18400002,0.008,0.17077383,16.829971,16.859972,1801600
hardzero_plus_depr__c0p54__z1p05__lam0p030__nu0p50__psi1p00,hardzero_plus_depr,0.02,35,563,0.0,1,0.51546437,0.51546437,1.1056981,0.0,0.078397445,0.0,0.0,9.524391e-10,-29.013826,2.4325845,0.8108615,0.120000005,0.0,0.1633508,16.859972,16.889973,1804800
hardzero_plus_depr__c0p54__z1p05__lam0p030__nu0p50__psi1p00,hardzero_plus_depr,0.02,35,564,0.0,1,0.51546437,0.51546437,1.056716,0.0,0.08775746,0.0,0.0,9.242896e-10,-27.801548,2.3248215,0.7749405,0.136,0.0,0.13097535,16.889973,16.919973,1808000
hardzero_plus_depr__c0p54__z1p05__lam0p030__nu0p50__psi1p00,hardzero_plus_depr,0.02,35,565,0.0,1,0.51546437,0.51546437,1.0112835,0.09743534,0.09743534,1.0,8.739678e-11,8.9697205e-10,-27.101503,2.224868,0.7416227,0.15200001,0.0,0.13404135,16.919973,16.949974,1811200
hardzero_plus_depr__c0p54__z1p05__lam0p030__nu0p50__psi1p00,hardzero_plus_depr,0.02,35,566,0.0,1,0.51546437,0.51546437,0.98199576,0.10423274,0.10423274,1.0,9.073063e-11,8.704619e-10,-26.294361,2.1604338,0.7201446,0.16000001,0.0,0.108063854,16.949974,16.979975,1814400
hardzero_plus_depr__c0p54__z1p05__lam0p030__nu0p50__psi1p00,hardzero_plus_depr,0.02,35,567,0.0,1,0.51546437,0.51546437,1.0241024,0.0946014,0.0946014,1.0,7.9913146e-11,8.4473534e-10,-27.513285,2.2530704,0.7510235,0.112,0.008,0.15145923,16.979975,17.009975,1817600
hardzero_plus_depr__c0p54__z1p05__lam0p030__nu0p50__psi1p00,hardzero_plus_depr,0.02,35,568,0.0,1,0.51546437,0.51546437,0.9948237,0.10119901,0.10119901,1.0,8.295981e-11,8.1976903e-10,-26.19461,2.1886559,0.729552,0.224,0.0,0.13526921,17.009975,17.039976,1820800
hardzero_plus_depr__c0p54__z1p05__lam0p030__nu0p50__psi1p00,hardzero_plus_depr,0.02,35,569,0.0,1,0.51546437,0.51546437,0.98232365,0.104154095,0.104154095,1.0,8.2858824e-11,7.955407e-10,-26.709885,2.1611552,0.7203851,0.16800001,0.0,0.14268494,17.039976,17.069977,1824000
hardzero_plus_depr__c0p54__z1p05__lam0p030__nu0p50__psi1p00,hardzero_plus_depr,0.02,35,570,0.0,1,0.51546437,0.51546437,1.0053933,0.09876582,0.09876582,1.0,7.625001e-11,7.7202833e-10,-26.94118,2.2119093,0.73730314,0.16800001,0.0,0.14785965,17.069977,17.099977,1827200
hardzero_plus_depr__c0p54__z1p05__lam0p030__nu0p50__psi1p00,hardzero_plus_depr,0.02,35,571,0.0,1,0.51546437,0.51546437,1.030605,0.09319551,0.09319551,1.0,6.98231e-11,7.4921097e-10,-27.358196,2.2673762,0.7557921,0.120000005,0.0,0.15306433,17.099977,17.129978,1830400
hardzero_plus_depr__c0p54__z1p05__lam0p030__nu0p50__psi1p00,hardzero_plus_depr,0.02,35,572,0.0,1,0.51546437,0.51546437,0.9867739,0.10309226,0.10309226,1.0,7.495508e-11,7.2706796e-10,-25.997202,2.170946,0.72364867,0.14,0.0,0.15460125,17.129978,17.159979,1833600
hardzero_plus_depr__c0p54__z1p05__lam0p030__nu0p50__psi1p00,hardzero_plus_depr,0.02,35,573,0.0,1,0.51546437,0.51546437,1.067843,0.0,0.08553759,0.0,0.0,7.055794e-10,-27.968462,2.3493013,0.7831005,0.17600001,0.0,0.1368935,17.159979,17.18998,1836800
hardzero_plus_depr__c0p54__z1p05__lam0p030__nu0p50__psi1p00,hardzero_plus_depr,0.02,35,574,0.0,1,0.51546437,0.51546437,1.0345876,0.09234479,0.09234479,1.0,6.323087e-11,6.847259e-10,-27.395687,2.2761383,0.75871277,0.14400001,0.0,0.1311829,17.18998,17.21998,1840000
hardzero_plus_depr__c0p54__z1p05__lam0p030__nu0p50__psi1p00,hardzero_plus_depr,0.02,35,575,0.0,1,0.51546437,0.51546437,1.0171573,0.0961264,0.0961264,1.0,6.3874905e-11,6.644887e-10,-27.213966,2.2377908,0.7459303,0.16800001,0.0,0.14629929,17.21998,17.24998,1843200
hardzero_plus_depr__c0p54__z1p05__lam0p030__nu0p50__psi1p00,hardzero_plus_depr,0.02,35,576,0.0,1,0.51546437,0.51546437,1.0094155,0.09785531,0.09785531,1.0,6.3101954e-11,6.448496e-10,-26.423147,2.2207584,0.74025285,0.208,0.0,0.16392685,17.24998,17.279982,1846400
hardzero_plus_depr__c0p54__z1p05__lam0p030__nu0p50__psi1p00,hardzero_plus_depr,0.02,35,577,0.0,1,0.51546437,0.51546437,1.0609193,0.0,0.08691218,0.0,0.0,6.25791e-10,-27.32011,2.334069,0.778023,0.136,0.0,0.15678133,17.279982,17.309982,1849600
hardzero_plus_depr__c0p54__z1p05__lam0p030__nu0p50__psi1p00,hardzero_plus_depr,0.02,35,578,0.0,1,0.51546437,0.51546437,1.0122287,0.0972235,0.0972235,1.0,5.904341e-11,6.0729566e-10,-26.92758,2.2269475,0.7423159,0.128,0.0,0.13768862,17.309982,17.339983,1852800
hardzero_plus_depr__c0p54__z1p05__lam0p030__nu0p50__psi1p00,hardzero_plus_depr,0.02,35,579,0.0,1,0.51546437,0.51546437,1.048959,0.089338966,0.089338966,1.0,5.2651647e-11,5.8934696e-10,-27.171114,2.307756,0.769252,0.120000005,0.0,0.15154576,17.339983,17.369984,1856000
hardzero_plus_depr__c0p54__z1p05__lam0p030__nu0p50__psi1p00,hardzero_plus_depr,0.02,35,580,0.0,1,0.51546437,0.51546437,1.0277606,0.09380788,0.09380788,1.0,5.3651424e-11,5.719287e-10,-27.109865,2.2611184,0.75370616,0.15200001,0.0,0.14995167,17.369984,17.399984,1859200
hardzero_plus_depr__c0p54__z1p05__lam0p030__nu0p50__psi1p00,hardzero_plus_depr,0.02,35,581,0.0,1,0.51546437,0.51546437,1.010695,0.09756747,0.09756747,1.0,5.4152415e-11,5.550253e-10,-27.675629,2.2235734,0.74119115,0.224,0.0,0.17403956,17.399984,17.429985,1862400
hardzero_plus_depr__c0p54__z1p05__lam0p030__nu0p50__psi1p00,hardzero_plus_depr,0.02,35,582,0.0,1,0.51546437,0.51546437,0.9908023,0.10214043,0.10214043,1.0,5.5015024e-11,5.386214e-10,-25.817356,2.1798086,0.7266029,0.096,0.0,0.14970055,17.429985,17.459986,1865600
hardzero_plus_depr__c0p54__z1p05__lam0p030__nu0p50__psi1p00,hardzero_plus_depr,0.02,35,583,0.0,1,0.51546437,0.51546437,0.97013414,0.107118845,0.107118845,1.0,5.599128e-11,5.2270244e-10,-26.353773,2.1343377,0.7114459,0.16000001,0.0,0.11383169,17.459986,17.489986,1868800
hardzero_plus_depr__c0p54__z1p05__lam0p030__nu0p50__psi1p00,hardzero_plus_depr,0.02,35,584,0.0,1,0.51546437,0.51546437,1.0427811,0.090618916,0.090618916,1.0,4.59668e-11,5.072539e-10,-27.718164,2.2941642,0.7647214,0.16000001,0.0,0.14679502,17.489986,17.519987,1872000
hardzero_plus_depr__c0p54__z1p05__lam0p030__nu0p50__psi1p00,hardzero_plus_depr,0.02,35,585,0.0,1,0.51546437,0.51546437,1.0612435,0.0,0.08684733,0.0,0.0,4.9226195e-10,-28.361046,2.3347824,0.7782608,0.17,0.0,0.16242376,17.519987,17.549988,1875200
hardzero_plus_depr__c0p54__z1p05__lam0p030__nu0p50__psi1p00,hardzero_plus_depr,0.02,35,586,0.0,1,0.51546437,0.51546437,1.0434531,0.09047881,0.09047881,1.0,4.322291e-11,4.777131e-10,-28.112663,2.2956426,0.7652142,0.16000001,0.008,0.14852981,17.549988,17.579988,1878400
hardzero_plus_depr__c0p54__z1p05__lam0p030__nu0p50__psi1p00,hardzero_plus_depr,0.02,35,587,0.0,1,0.51546437,0.51546437,0.98681486,0.103082545,0.103082545,1.0,4.7788468e-11,4.635942e-10,-26.475756,2.171036,0.7236787,0.224,0.0,0.121513546,17.579988,17.60999,1881600
hardzero_plus_depr__c0p54__z1p05__lam0p030__nu0p50__psi1p00,hardzero_plus_depr,0.02,35,588,0.0,1,0.51546437,0.51546437,1.031294,0.09304778,0.09304778,1.0,4.186151e-11,4.4989262e-10,-27.298454,2.268892,0.75629735,0.120000005,0.0,0.1682733,17.60999,17.63999,1884800
hardzero_plus_depr__c0p54__z1p05__lam0p030__nu0p50__psi1p00,hardzero_plus_depr,0.02,35,589,0.0,1,0.51546437,0.51546437,1.0802257,0.0,0.08313316,0.0,0.0,4.3659598e-10,-28.510786,2.376544,0.7921814,0.112,0.0,0.17802761,17.63999,17.66999,1888000
hardzero_plus_depr__c0p54__z1p05__lam0p030__nu0p50__psi1p00,hardzero_plus_depr,0.02,35,590,0.0,1,0.51546437,0.51546437,1.0502144,0.0,0.0890811,0.0,0.0,4.2369233e-10,-28.346336,2.3105178,0.7701726,0.104,0.0,0.14779241,17.66999,17.699991,1891200
hardzero_plus_depr__c0p54__z1p05__lam0p030__nu0p50__psi1p00,hardzero_plus_depr,0.02,35,591,0.0,1,0.51546437,0.51546437,1.0419024,0.09080244,0.09080244,1.0,3.7335243e-11,4.1117004e-10,-28.086697,2.292231,0.76407707,0.08800001,0.0,0.17178048,17.699991,17.729992,1894400
hardzero_plus_depr__c0p54__z1p05__lam0p030__nu0p50__psi1p00,hardzero_plus_depr,0.02,35,592,0.0,1,0.51546437,0.51546437,1.0471172,0.089718655,0.089718655,1.0,3.5799346e-11,3.9901787e-10,-28.14899,2.3037038,0.7679013,0.14400001,0.0,0.18243569,17.729992,17.759993,1897600
hardzero_plus_depr__c0p54__z1p05__lam0p030__nu0p50__psi1p00,hardzero_plus_depr,0.02,35,593,0.0,1,0.51546437,0.51546437,0.9885151,0.10267977,0.10267977,1.0,3.9760154e-11,3.872248e-10,-26.82025,2.1747766,0.7249255,0.16800001,0.0,0.13163212,17.759993,17.789993,1900800
hardzero_plus_depr__c0p54__z1p05__lam0p030__nu0p50__psi1p00,hardzero_plus_depr,0.02,35,594,0.0,1,0.51546437,0.51546437,0.995364,0.10107318,0.10107318,1.0,3.7981316e-11,3.7578035e-10,-27.907923,2.1898446,0.7299482,0.16000001,0.0,0.14894085,17.789993,17.819994,1904000
hardzero_plus_depr__c0p54__z1p05__lam0p030__nu0p50__psi1p00,hardzero_plus_depr,0.02,35,595,0.0,1,0.51546437,0.51546437,1.0084378,0.098075874,0.098075874,1.0,3.5765734e-11,3.6467412e-10,-26.327044,2.2186074,0.7395358,0.18400002,0.0,0.11749119,17.819994,17.849995,1907200
hardzero_plus_depr__c0p54__z1p05__lam0p030__nu0p50__psi1p00,hardzero_plus_depr,0.02,35,596,0.0,1,0.51546437,0.51546437,0.9894297,0.10246376,0.10246376,1.0,3.626153e-11,3.5389613e-10,-26.615196,2.1767888,0.7255963,0.17600001,0.0,0.12793152,17.849995,17.879995,1910400
hardzero_plus_depr__c0p54__z1p05__lam0p030__nu0p50__psi1p00,hardzero_plus_depr,0.02,35,597,0.0,1,0.51546437,0.51546437,0.99906033,0.100216605,0.100216605,1.0,3.4418055e-11,3.4343667e-10,-26.95245,2.1979766,0.73265886,0.14400001,0.0,0.13411997,17.879995,17.909996,1913600
hardzero_plus_depr__c0p54__z1p05__lam0p030__nu0p50__psi1p00,hardzero_plus_depr,0.02,35,598,0.0,1,0.51546437,0.51546437,1.051982,0.0,0.08871927,0.0,0.0,3.3328634e-10,-28.059954,2.3144066,0.7714689,0.17,0.0,0.14448789,17.909996,17.939997,1916800
hardzero_plus_depr__c0p54__z1p05__lam0p030__nu0p50__psi1p00,hardzero_plus_depr,0.02,35,599,0.0,1,0.51546437,0.51546437,1.0315769,0.092987195,0.092987195,1.0,3.007541e-11,3.2343606e-10,-28.181017,2.2695143,0.7565048,0.112,0.0,0.17857108,17.939997,17.969997,1920000
hardzero_plus_depr__c0p54__z1p05__lam0p030__nu0p50__psi1p00,hardzero_plus_depr,0.02,35,600,0.0,1,0.51546437,0.51546437,0.9853515,0.10343046,0.10343046,1.0,3.2464427e-11,3.1387684e-10,-26.70954,2.1678166,0.7226056,0.17600001,0.0,0.13739404,17.969997,17.999998,1923200
hardzero_plus_depr__c0p54__z1p05__lam0p030__nu0p50__psi1p00,hardzero_plus_depr,0.02,35,601,0.0,1,0.51546437,0.51546437,1.0804038,0.0,0.083099075,0.0,0.0,3.0460018e-10,-27.845736,2.3769357,0.7923119,0.096,0.0,0.14686665,17.999998,18.029999,1926400
hardzero_plus_depr__c0p54__z1p05__lam0p030__nu0p50__psi1p00,hardzero_plus_depr,0.02,35,602,0.0,1,0.51546437,0.51546437,1.0547724,0.0,0.08815109,0.0,0.0,2.9559766e-10,-27.569279,2.3205454,0.77351516,0.112,0.0,0.1529224,18.029999,18.06,1929600
hardzero_plus_depr__c0p54__z1p05__lam0p030__nu0p50__psi1p00,hardzero_plus_depr,0.02,35,603,0.0,1,0.51546437,0.51546437,0.995791,0.10097386,0.10097386,1.0,2.8965488e-11,2.8686126e-10,-26.14148,2.190784,0.7302613,0.216,0.0,0.13718766,18.06,18.09,1932800
hardzero_plus_depr__c0p54__z1p05__lam0p030__nu0p50__psi1p00,hardzero_plus_depr,0.02,35,604,0.0,1,0.51546437,0.51546437,1.0552427,0.0,0.08805568,0.0,0.0,2.7838304e-10,-27.862312,2.3215802,0.7738601,0.128,0.0,0.17997842,18.09,18.12,1936000
hardzero_plus_depr__c0p54__z1p05__lam0p030__nu0p50__psi1p00,hardzero_plus_depr,0.02,35,605,0.0,1,0.51546437,0.51546437,0.9988781,0.10025866,0.10025866,1.0,2.7085416e-11,2.7015537e-10,-27.118443,2.1975758,0.7325253,0.23200001,0.0,0.13765411,18.12,18.150002,1939200
hardzero_plus_depr__c0p54__z1p05__lam0p030__nu0p50__psi1p00,hardzero_plus_depr,0.02,35,606,0.0,1,0.51546437,0.51546437,1.0975009,0.0,0.07989122,0.0,0.0,2.621709e-10,-28.516932,2.4145503,0.8048501,0.096,0.0,0.17206599,18.150002,18.180002,1942400
hardzero_plus_depr__c0p54__z1p05__lam0p030__nu0p50__psi1p00,hardzero_plus_depr,0.02,35,607,0.0,1,0.51546437,0.51546437,0.9961088,0.1009,0.1009,1.0,2.5671219e-11,2.5442237e-10,-26.02517,2.191483,0.7304944,0.16000001,0.0,0.15494454,18.180002,18.210003,1945600
hardzero_plus_depr__c0p54__z1p05__lam0p030__nu0p50__psi1p00,hardzero_plus_depr,0.02,35,608,0.0,1,0.51546437,0.51546437,1.0025988,0.099403396,0.099403396,1.0,2.4542987e-11,2.4690291e-10,-27.258646,2.2057612,0.73525375,0.24000001,0.0,0.15467311,18.210003,18.240004,1948800
hardzero_plus_depr__c0p54__z1p05__lam0p030__nu0p50__psi1p00,hardzero_plus_depr,0.02,35,609,0.0,1,0.51546437,0.51546437,1.0332099,0.09263819,0.09263819,1.0,2.2196635e-11,2.3960567e-10,-27.373863,2.2731073,0.75770247,0.16800001,0.0,0.15077497,18.240004,18.270004,1952000
hardzero_plus_depr__c0p54__z1p05__lam0p030__nu0p50__psi1p00,hardzero_plus_depr,0.02,35,610,0.0,1,0.51546437,0.51546437,1.0356313,0.09212313,0.09212313,1.0,2.1420844e-11,2.3252407e-10,-27.1542,2.2784343,0.7594781,0.23200001,0.008,0.15379886,18.270004,18.300005,1955200
hardzero_plus_depr__c0p54__z1p05__lam0p030__nu0p50__psi1p00,hardzero_plus_depr,0.02,35,611,0.0,1,0.51546437,0.51546437,1.0321144,0.09287218,0.09287218,1.0,2.0956776e-11,2.2565182e-10,-27.350067,2.2706969,0.756899,0.17,0.0,0.124694675,18.300005,18.330006,1958400
hardzero_plus_depr__c0p54__z1p05__lam0p030__nu0p50__psi1p00,hardzero_plus_depr,0.02,35,612,0.0,1,0.51546437,0.51546437,1.0165809,0.09625407,0.09625407,1.0,2.1077971e-11,2.1898264e-10,-26.751892,2.2365227,0.7455076,0.136,0.0,0.123814926,18.330006,18.360006,1961600
hardzero_plus_depr__c0p54__z1p05__lam0p030__nu0p50__psi1p00,hardzero_plus_depr,0.02,35,613,0.0,1,0.51546437,0.51546437,1.0180734,0.09592383,0.09592383,1.0,2.038483e-11,2.1251058e-10,-26.406052,2.2398064,0.7466022,0.15200001,0.0,0.1627666,18.360006,18.390007,1964800
hardzero_plus_depr__c0p54__z1p05__lam0p030__nu0p50__psi1p00,hardzero_plus_depr,0.02,35,614,0.0,1,0.51546437,0.51546437,0.9729134,0.10643553,0.10643553,1.0,2.1950178e-11,2.062298e-10,-26.13711,2.1404521,0.71348405,0.208,0.0,0.15056592,18.390007,18.420008,1968000
hardzero_plus_depr__c0p54__z1p05__lam0p030__nu0p50__psi1p00,hardzero_plus_depr,0.02,35,615,0.0,1,0.51546437,0.51546437,1.0539298,0.0,0.08832227,0.0,0.0,2.0013464e-10,-28.507973,2.318692,0.77289736,0.15200001,0.0,0.1619863,18.420008,18.450008,1971200
hardzero_plus_depr__c0p54__z1p05__lam0p030__nu0p50__psi1p00,hardzero_plus_depr,0.02,35,616,0.0,1,0.51546437,0.51546437,0.9522673,0.1116176,0.1116176,1.0,2.1678331e-11,1.9421964e-10,-25.703817,2.0950298,0.6983433,0.24000001,0.0,0.12654786,18.450008,18.48001,1974400
hardzero_plus_depr__c0p54__z1p05__lam0p030__nu0p50__psi1p00,hardzero_plus_depr,0.02,35,617,0.0,1,0.51546437,0.51546437,1.0363259,0.09197592,0.09197592,1.0,1.733557e-11,1.8847945e-10,-27.284344,2.2799625,0.75998753,0.192,0.0,0.16426249,18.48001,18.51001,1977600
hardzero_plus_depr__c0p54__z1p05__lam0p030__nu0p50__psi1p00,hardzero_plus_depr,0.02,35,618,0.0,1,0.51546437,0.51546437,1.0868937,0.0,0.08186651,0.0,0.0,1.8290892e-10,-27.485048,2.391214,0.79707134,0.16800001,0.0,0.15896362,18.51001,18.54001,1980800
hardzero_plus_depr__c0p54__z1p05__lam0p030__nu0p50__psi1p00,hardzero_plus_depr,0.02,35,619,0.0,1,0.51546437,0.51546437,1.0048702,0.09888486,0.09888486,1.0,1.7552362e-11,1.7750303e-10,-27.512918,2.2107584,0.7369195,0.2,0.0,0.14703616,18.54001,18.570011,1984000
hardzero_plus_depr__c0p54__z1p05__lam0p030__nu0p50__psi1p00,hardzero_plus_depr,0.02,35,620,0.0,1,0.51546437,0.51546437,1.0520982,0.0,0.08869554,0.0,0.0,1.722569e-10,-27.935732,2.3146622,0.7715541,0.208,0.0,0.16211915,18.570011,18.600012,1987200
hardzero_plus_depr__c0p54__z1p05__lam0p030__nu0p50__psi1p00,hardzero_plus_depr,0.02,35,621,0.0,1,0.51546437,0.51546437,1.0520115,0.0,0.08871324,0.0,0.0,1.6716584e-10,-27.523907,2.3144715,0.7714905,0.136,0.0,0.1630544,18.600012,18.630013,1990400
hardzero_plus_depr__c0p54__z1p05__lam0p030__nu0p50__psi1p00,hardzero_plus_depr,0.02,35,622,0.0,1,0.51546437,0.51546437,1.0765711,0.0,0.08383568,0.0,0.0,1.6222522e-10,-28.53031,2.3685038,0.7895013,0.14400001,0.0,0.18351954,18.630013,18.660013,1993600
hardzero_plus_depr__c0p54__z1p05__lam0p030__nu0p50__psi1p00,hardzero_plus_depr,0.02,35,623,0.0,1,0.51546437,0.51546437,1.0137323,0.09688749,0.09688749,1.0,1.525306e-11,1.5743064e-10,-27.283447,2.2302556,0.7434186,0.15200001,0.0,0.15865576,18.660013,18.690014,1996800
hardzero_plus_depr__c0p54__z1p05__lam0p030__nu0p50__psi1p00,hardzero_plus_depr,0.02,35,624,0.0,1,0.51546437,0.51546437,1.0731695,0.0,0.0844949,0.0,0.0,1.5277773e-10,-27.656775,2.3610198,0.7870066,0.19,0.0,0.1724941,18.690014,18.720015,2000000
hardzero_plus_depr__c0p54__z1p05__lam0p030__nu0p50__psi1p00,hardzero_plus_depr,0.02,35,625,0.0,1,0.51546437,0.51546437,1.016894,0.09618469,0.09618469,1.0,1.4260571e-11,1.4826237e-10,-26.644236,2.2372115,0.7457372,0.104,0.0,0.13478805,18.720015,18.750015,2003200
hardzero_plus_depr__c0p54__z1p05__lam0p030__nu0p50__psi1p00,hardzero_plus_depr,0.02,35,626,0.0,1,0.51546437,0.51546437,1.0344489,0.092374295,0.092374295,1.0,1.3290856e-11,1.4388046e-10,-27.493824,2.275833,0.75861096,0.14400001,0.0,0.1722388,18.750015,18.780016,2006400
hardzero_plus_depr__c0p54__z1p05__lam0p030__nu0p50__psi1p00,hardzero_plus_depr,0.02,35,627,0.0,1,0.51546437,0.51546437,0.9944165,0.101293944,0.101293944,1.0,1.41434755e-11,1.3962805e-10,-26.586002,2.1877599,0.7292533,0.18400002,0.0,0.13088474,18.780016,18.810017,2009600
hardzero_plus_depr__c0p54__z1p05__lam0p030__nu0p50__psi1p00,hardzero_plus_depr,0.02,35,628,0.0,1,0.51546437,0.51546437,1.0233946,0.09475571,0.09475571,1.0,1.2839525e-11,1.3550133e-10,-26.900629,2.251513,0.7505044,0.192,0.0,0.12191057,18.810017,18.840017,2012800
hardzero_plus_depr__c0p54__z1p05__lam0p030__nu0p50__psi1p00,hardzero_plus_depr,0.02,35,629,0.0,1,0.51546437,0.51546437,1.0786273,0.0,0.08343967,0.0,0.0,1.3149658e-10,-27.950495,2.3730276,0.7910092,0.120000005,0.0,0.16645592,18.840017,18.870018,2016000
hardzero_plus_depr__c0p54__z1p05__lam0p030__nu0p50__psi1p00,hardzero_plus_depr,0.02,35,630,0.0,1,0.51546437,0.51546437,1.0558691,0.0,0.08792875,0.0,0.0,1.2761017e-10,-27.876602,2.3229585,0.7743195,0.096,0.0,0.13467723,18.870018,18.900019,2019200
hardzero_plus_depr__c0p54__z1p05__lam0p030__nu0p50__psi1p00,hardzero_plus_depr,0.02,35,631,0.0,1,0.51546437,0.51546437,0.98953676,0.102438495,0.102438495,1.0,1.26858446e-11,1.2383865e-10,-26.370033,2.1770244,0.7256748,0.16000001,0.0,0.13340738,18.900019,18.93002,2022400
hardzero_plus_depr__c0p54__z1p05__lam0p030__nu0p50__psi1p00,hardzero_plus_depr,0.02,35,632,0.0,1,0.51546437,0.51546437,1.0249362,0.09441996,0.09441996,1.0,1.1347256e-11,1.2017856e-10,-27.193188,2.2549047,0.75163496,0.128,0.0,0.13563329,18.93002,18.96002,2025600
hardzero_plus_depr__c0p54__z1p05__lam0p030__nu0p50__psi1p00,hardzero_plus_depr,0.02,35,633,0.0,1,0.51546437,0.51546437,1.0503933,0.0,0.08904441,0.0,0.0,1.1662667e-10,-27.509954,2.3109114,0.77030385,0.128,0.0,0.15543109,18.96002,18.99002,2028800
hardzero_plus_depr__c0p54__z1p05__lam0p030__nu0p50__psi1p00,hardzero_plus_depr,0.02,35,634,0.0,1,0.51546437,0.51546437,1.0211602,0.09524447,0.09524447,1.0,1.0779746e-11,1.13179764e-10,-27.608429,2.2465975,0.74886584,0.16000001,0.0,0.15303567,18.99002,19.020021,2032000
hardzero_plus_depr__c0p54__z1p05__lam0p030__nu0p50__psi1p00,hardzero_plus_depr,0.02,35,635,0.0,1,0.51546437,0.51546437,1.0702564,0.0,0.08506356,0.0,0.0,1.0983472e-10,-27.807945,2.354611,0.7848703,0.15200001,0.0,0.15900047,19.020021,19.050022,2035200
hardzero_plus_depr__c0p54__z1p05__lam0p030__nu0p50__psi1p00,hardzero_plus_depr,0.02,35,636,0.0,1,0.51546437,0.51546437,1.0633866,0.0,0.08641983,0.0,0.0,1.0658854e-10,-27.706118,2.339497,0.77983236,0.120000005,0.0,0.13330735,19.050022,19.080023,2038400
hardzero_plus_depr__c0p54__z1p05__lam0p030__nu0p50__psi1p00,hardzero_plus_depr,0.02,35,637,0.0,1,0.51546437,0.51546437,1.009752,0.09777952,0.09777952,1.0,1.01141465e-11,1.0343829e-10,-27.779972,2.2214987,0.7404996,0.21,0.0,0.15592939,19.080023,19.110023,2041600
hardzero_plus_depr__c0p54__z1p05__lam0p030__nu0p50__psi1p00,hardzero_plus_depr,0.02,35,638,0.0,1,0.51546437,0.51546437,1.0758471,0.0,0.08397555,0.0,0.0,1.0038117e-10,-28.61881,2.366911,0.78897035,0.136,0.0,0.16422214,19.110023,19.140024,2044800
hardzero_plus_depr__c0p54__z1p05__lam0p030__nu0p50__psi1p00,hardzero_plus_depr,0.02,35,639,0.0,1,0.51546437,0.51546437,1.031117,0.0930857,0.0930857,1.0,9.067887e-12,9.7414396e-11,-27.046196,2.2685027,0.7561676,0.17600001,0.0,0.14669318,19.140024,19.170025,2048000
hardzero_plus_depr__c0p54__z1p05__lam0p030__nu0p50__psi1p00,hardzero_plus_depr,0.02,35,640,0.0,1,0.51546437,0.51546437,1.045529,0.09004737,0.09004737,1.0,8.512654e-12,9.4535296e-11,-27.601349,2.3002098,0.7667366,0.18400002,0.0,0.16497475,19.170025,19.200026,2051200
hardzero_plus_depr__c0p54__z1p05__lam0p030__nu0p50__psi1p00,hardzero_plus_depr,0.02,35,641,0.0,1,0.51546437,0.51546437,1.0026289,0.0993965,0.0993965,1.0,9.118763e-12,9.174129e-11,-26.42225,2.2058277,0.7352759,0.192,0.0,0.17440076,19.200026,19.230026,2054400
hardzero_plus_depr__c0p54__z1p05__lam0p030__nu0p50__psi1p00,hardzero_plus_depr,0.02,35,642,0.0,1,0.51546437,0.51546437,1.0798143,0.0,0.08321194,0.0,0.0,8.902986e-11,-27.327356,2.375639,0.79187965,0.112,0.0,0.18049683,19.230026,19.260027,2057600
hardzero_plus_depr__c0p54__z1p05__lam0p030__nu0p50__psi1p00,hardzero_plus_depr,0.02,35,643,0.0,1,0.51546437,0.51546437,1.043201,0.09053136,0.09053136,1.0,7.8217805e-12,8.6398576e-11,-27.957785,2.295088,0.7650294,0.16000001,0.0,0.15986215,19.260027,19.290028,2060800
hardzero_plus_depr__c0p54__z1p05__lam0p030__nu0p50__psi1p00,hardzero_plus_depr,0.02,35,644,0.0,1,0.51546437,0.51546437,1.0901614,0.0,0.081252836,0.0,0.0,8.3845056e-11,-28.64686,2.3984032,0.79946774,0.120000005,0.0,0.16015343,19.290028,19.320028,2064000
hardzero_plus_depr__c0p54__z1p05__lam0p030__nu0p50__psi1p00,hardzero_plus_depr,0.02,35,645,0.0,1,0.51546437,0.51546437,1.0897319,0.0,0.08133323,0.0,0.0,8.1367e-11,-28.740599,2.397458,0.79915273,0.18400002,0.0,0.1818809,19.320028,19.350029,2067200
hardzero_plus_depr__c0p54__z1p05__lam0p030__nu0p50__psi1p00,hardzero_plus_depr,0.02,35,646,0.0,1,0.51546437,0.51546437,1.0755796,0.0,0.08402728,0.0,0.0,7.8962184e-11,-27.963896,2.3663225,0.7887742,0.136,0.0,0.16582379,19.350029,19.38003,2070400
hardzero_plus_depr__c0p54__z1p05__lam0p030__nu0p50__psi1p00,hardzero_plus_depr,0.02,35,647,0.0,1,0.51546437,0.51546437,1.1190009,0.0,0.07603246,0.0,0.0,7.6628454e-11,-29.344912,2.4618511,0.8206171,0.120000005,0.0,0.18464677,19.38003,19.41003,2073600
hardzero_plus_depr__c0p54__z1p05__lam0p030__nu0p50__psi1p00,hardzero_plus_depr,0.02,35,648,0.0,1,0.51546437,0.51546437,1.0226618,0.09491572,0.09491572,1.0,7.0582828e-12,7.436369e-11,-27.061857,2.2499008,0.749967,0.16000001,0.0,0.13976675,19.41003,19.440031,2076800
hardzero_plus_depr__c0p54__z1p05__lam0p030__nu0p50__psi1p00,hardzero_plus_depr,0.02,35,649,0.0,1,0.51546437,0.51546437,0.9936183,0.1014803,0.1014803,1.0,7.323413e-12,7.216586e-11,-26.186201,2.186004,0.728668,0.16000001,0.0,0.12381888,19.440031,19.470032,2080000
hardzero_plus_depr__c0p54__z1p05__lam0p030__nu0p50__psi1p00,hardzero_plus_depr,0.02,35,650,0.0,1,0.51546437,0.51546437,1.0279269,0.09377197,0.09377197,1.0,6.5671314e-12,7.0032986e-11,-27.729177,2.2614844,0.75382817,0.14,0.0,0.13885014,19.470032,19.500032,2083200
hardzero_plus_depr__c0p54__z1p05__lam0p030__nu0p50__psi1p00,hardzero_plus_depr,0.02,35,651,0.0,1,0.51546437,0.51546437,1.0356503,0.09211911,0.09211911,1.0,6.2607055e-12,6.7963156e-11,-26.669,2.278476,0.75949204,0.096,0.0,0.13606006,19.500032,19.530033,2086400
hardzero_plus_depr__c0p54__z1p05__lam0p030__nu0p50__psi1p00,hardzero_plus_depr,0.02,35,652,0.0,1,0.51546437,0.51546437,1.028112,0.09373201,0.09373201,1.0,6.182047e-12,6.595449e-11,-27.679863,2.2618916,0.7539639,0.14400001,0.0,0.12577716,19.530033,19.560034,2089600
hardzero_plus_depr__c0p54__z1p05__lam0p030__nu0p50__psi1p00,hardzero_plus_depr,0.02,35,653,0.0,1,0.51546437,0.51546437,1.0448354,0.09019128,0.09019128,1.0,5.772711e-12,6.40052e-11,-27.399256,2.298684,0.76622796,0.112,0.0,0.14582606,19.560034,19.590034,2092800
hardzero_plus_depr__c0p54__z1p05__lam0p030__nu0p50__psi1p00,hardzero_plus_depr,0.02,35,654,0.0,1,0.51546437,0.51546437,0.9906454,0.10217733,0.10217733,1.0,6.346593e-12,6.2113516e-11,-26.779705,2.1794634,0.7264878,0.15200001,0.0,0.13068317,19.590034,19.620035,2096000
hardzero_plus_depr__c0p54__z1p05__lam0p030__nu0p50__psi1p00,hardzero_plus_depr,0.02,35,655,0.0,1,0.51546437,0.51546437,1.043642,0.090439446,0.090439446,1.0,5.4514856e-12,6.027774e-11,-26.129313,2.2960584,0.76535285,0.15200001,0.0,0.14573093,19.620035,19.650036,2099200
hardzero_plus_depr__c0p54__z1p05__lam0p030__nu0p50__psi1p00,hardzero_plus_depr,0.02,35,656,0.0,1,0.51546437,0.51546437,1.0458468,0.08998148,0.08998148,1.0,5.2635773e-12,5.849623e-11,-27.575592,2.300909,0.7669697,0.17600001,0.0,0.15852697,19.650036,19.680037,2102400
hardzero_plus_depr__c0p54__z1p05__lam0p030__nu0p50__psi1p00,hardzero_plus_depr,0.02,35,657,0.0,1,0.51546437,0.51546437,1.0546707,0.0,0.08817173,0.0,0.0,5.676736e-11,-27.81021,2.3203218,0.7734406,0.112,0.0,0.15055144,19.680037,19.710037,2105600
hardzero_plus_depr__c0p54__z1p05__lam0p030__nu0p50__psi1p00,hardzero_plus_depr,0.02,35,658,0.0,1,0.51546437,0.51546437,1.1010984,0.0,0.079232186,0.0,0.0,5.5089593e-11,-28.561094,2.4224648,0.8074883,0.128,0.0,0.16042021,19.710037,19.740038,2108800
hardzero_plus_depr__c0p54__z1p05__lam0p030__nu0p50__psi1p00,hardzero_plus_depr,0.02,35,659,0.0,1,0.51546437,0.51546437,1.0596148,0.0,0.08717365,0.0,0.0,5.346142e-11,-27.430828,2.331199,0.77706635,0.096,0.0,0.14512159,19.740038,19.770039,2112000
hardzero_plus_depr__c0p54__z1p05__lam0p030__nu0p50__psi1p00,hardzero_plus_depr,0.02,35,660,0.0,1,0.51546437,0.51546437,1.0242366,0.094572194,0.094572194,1.0,4.906534e-12,5.1881357e-11,-27.120962,2.2533655,0.7511219,0.18400002,0.0,0.18207565,19.770039,19.80004,2115200
hardzero_plus_depr__c0p54__z1p05__lam0p030__nu0p50__psi1p00,hardzero_plus_depr,0.02,35,661,0.0,1,0.51546437,0.51546437,1.0447155,0.09021618,0.09021618,1.0,4.542204e-12,5.0347997e-11,-27.46778,2.29842,0.76614,0.112,0.0,0.15297194,19.80004,19.83004,2118400
hardzero_plus_depr__c0p54__z1p05__lam0p030__nu0p50__psi1p00,hardzero_plus_depr,0.02,35,662,0.0,1,0.51546437,0.51546437,0.9926124,0.101715595,0.101715595,1.0,4.969819e-12,4.885995e-11,-26.779997,2.183791,0.7279303,0.16800001,0.0,0.15053609,19.83004,19.86004,2121600
hardzero_plus_depr__c0p54__z1p05__lam0p030__nu0p50__psi1p00,hardzero_plus_depr,0.02,35,663,0.0,1,0.51546437,0.51546437,1.0252991,0.0943411,0.0943411,1.0,4.4732672e-12,4.741589e-11,-27.794376,2.255703,0.75190103,0.14,0.0,0.13607767,19.86004,19.890041,2124800
hardzero_plus_depr__c0p54__z1p05__lam0p030__nu0p50__psi1p00,hardzero_plus_depr,0.02,35,664,0.0,1,0.51546437,0.51546437,1.0264628,0.09408864,0.09408864,1.0,4.329442e-12,4.6014508e-11,-26.77857,2.258263,0.7527544,0.16000001,0.0,0.15465464,19.890041,19.920042,2128000
hardzero_plus_depr__c0p54__z1p05__lam0p030__nu0p50__psi1p00,hardzero_plus_depr,0.02,35,665,0.0,1,0.51546437,0.51546437,1.026203,0.09414493,0.09414493,1.0,4.2039996e-12,4.4654547e-11,-27.299551,2.2576919,0.75256395,0.2,0.0,0.16185072,19.920042,19.950043,2131200
hardzero_plus_depr__c0p54__z1p05__lam0p030__nu0p50__psi1p00,hardzero_plus_depr,0.02,35,666,0.0,1,0.51546437,0.51546437,1.0249265,0.09442206,0.09442206,1.0,4.091758e-12,4.333477e-11,-26.980694,2.2548833,0.7516278,0.16800001,0.0,0.15801364,19.950043,19.980043,2134400
hardzero_plus_depr__c0p54__z1p05__lam0p030__nu0p50__psi1p00,hardzero_plus_depr,0.02,35,667,0.0,1,0.51546437,0.51546437,1.0085818,0.09804338,0.09804338,1.0,4.123117e-12,4.205401e-11,-27.513977,2.218924,0.73964137,0.136,0.0,0.1929327,19.980043,20.010044,2137600
hardzero_plus_depr__c0p54__z1p05__lam0p030__nu0p50__psi1p00,hardzero_plus_depr,0.02,35,668,0.0,1,0.51546437,0.51546437,1.0282805,0.093695655,0.093695655,1.0,3.8238223e-12,4.0811094e-11,-26.832767,2.2622623,0.75408745,0.136,0.0,0.13900468,20.010044,20.040045,2140800
hardzero_plus_depr__c0p54__z1p05__lam0p030__nu0p50__psi1p00,hardzero_plus_depr,0.02,35,669,0.0,1,0.51546437,0.51546437,1.0527883,0.0,0.08855473,0.0,0.0,3.960492e-11,-27.976099,2.3161805,0.77206016,0.192,0.0,0.15741432,20.040045,20.070045,2144000
hardzero_plus_depr__c0p54__z1p05__lam0p030__nu0p50__psi1p00,hardzero_plus_depr,0.02,35,670,0.0,1,0.51546437,0.51546437,1.016735,0.09621993,0.09621993,1.0,3.698154e-12,3.843439e-11,-26.943485,2.2368615,0.7456205,0.17600001,0.0,0.15593007,20.070045,20.100046,2147200
hardzero_plus_depr__c0p54__z1p05__lam0p030__nu0p50__psi1p00,hardzero_plus_depr,0.02,35,671,0.0,1,0.51546437,0.51546437,1.1004868,0.0,0.07934385,0.0,0.0,3.7298456e-11,-30.010702,2.4211192,0.80703974,0.14400001,0.0,0.16536126,20.100046,20.130047,2150400
hardzero_plus_depr__c0p54__z1p05__lam0p030__nu0p50__psi1p00,hardzero_plus_depr,0.02,35,672,0.0,1,0.51546437,0.51546437,1.0673795,0.0,0.08562892,0.0,0.0,3.6196095e-11,-27.320297,2.3482816,0.78276056,0.08800001,0.0,0.16261204,20.130047,20.160048,2153600
hardzero_plus_depr__c0p54__z1p05__lam0p030__nu0p50__psi1p00,hardzero_plus_depr,0.02,35,673,0.0,1,0.51546437,0.51546437,1.06814,0.0,0.0854791,0.0,0.0,3.5126315e-11,-27.91053,2.349955,0.7833184,0.16000001,0.0,0.1563307,20.160048,20.190048,2156800
hardzero_plus_depr__c0p54__z1p05__lam0p030__nu0p50__psi1p00,hardzero_plus_depr,0.02,35,674,0.0,1,0.51546437,0.51546437,1.0349466,0.09226849,0.09226849,1.0,3.1452623e-12,3.4088152e-11,-27.364271,2.276928,0.758976,0.096,0.0,0.15443696,20.190048,20.220049,2160000
hardzero_plus_depr__c0p54__z1p05__lam0p030__nu0p50__psi1p00,hardzero_plus_depr,0.02,35,675,0.0,1,0.51546437,0.51546437,0.9830695,0.10397539,0.10397539,1.0,3.439576e-12,3.3080674e-11,-27.15271,2.162796,0.720932,0.120000005,0.0,0.118808135,20.220049,20.25005,2163200
hardzero_plus_depr__c0p54__z1p05__lam0p030__nu0p50__psi1p00,hardzero_plus_depr,0.02,35,676,0.0,1,0.51546437,0.51546437,1.1167319,0.0,0.07643075,0.0,0.0,3.2102966e-11,-29.254755,2.456859,0.81895304,0.089999996,0.0,0.18018955,20.25005,20.28005,2166400
hardzero_plus_depr__c0p54__z1p05__lam0p030__nu0p50__psi1p00,hardzero_plus_depr,0.02,35,677,0.0,1,0.51546437,0.51546437,1.0503876,0.0,0.08904557,0.0,0.0,3.115416e-11,-28.069149,2.3108988,0.7702996,0.18400002,0.0,0.13675337,20.28005,20.310051,2169600
hardzero_plus_depr__c0p54__z1p05__lam0p030__nu0p50__psi1p00,hardzero_plus_depr,0.02,35,678,0.0,1,0.51546437,0.51546437,1.0157663,0.09643477,0.09643477,1.0,2.9155506e-12,3.0233396e-11,-26.140966,2.2347305,0.7449102,0.192,0.0,0.15096761,20.310051,20.340052,2172800
hardzero_plus_depr__c0p54__z1p05__lam0p030__nu0p50__psi1p00,hardzero_plus_depr,0.02,35,679,0.0,1,0.51546437,0.51546437,0.98725307,0.10297859,0.10297859,1.0,3.0213757e-12,2.9339843e-11,-26.86451,2.1720002,0.7240001,0.16800001,0.0,0.14498414,20.340052,20.370052,2176000
hardzero_plus_depr__c0p54__z1p05__lam0p030__nu0p50__psi1p00,hardzero_plus_depr,0.02,35,680,0.0,1,0.51546437,0.51546437,1.0233727,0.09476049,0.09476049,1.0,2.6980872e-12,2.8472702e-11,-27.487186,2.2514648,0.7504883,0.16800001,0.0,0.14074205,20.370052,20.400053,2179200
hardzero_plus_depr__c0p54__z1p05__lam0p030__nu0p50__psi1p00,hardzero_plus_depr,0.02,35,681,0.0,1,0.51546437,0.51546437,1.0363907,0.09196219,0.09196219,1.0,2.5410242e-12,2.7631186e-11,-27.44468,2.2801049,0.760035,0.16800001,0.0,0.15625839,20.400053,20.430054,2182400
hardzero_plus_depr__c0p54__z1p05__lam0p030__nu0p50__psi1p00,hardzero_plus_depr,0.02,35,682,0.0,1,0.51546437,0.51546437,1.070472,0.0,0.085021354,0.0,0.0,2.6814544e-11,-28.5048,2.3550854,0.78502846,0.2,0.0,0.1568595,20.430054,20.460054,2185600
hardzero_plus_depr__c0p54__z1p05__lam0p030__nu0p50__psi1p00,hardzero_plus_depr,0.02,35,683,0.0,1,0.51546437,0.51546437,1.0247272,0.094465405,0.094465405,1.0,2.458182e-12,2.6022035e-11,-27.651869,2.2544448,0.75148165,0.104,0.0,0.1444951,20.460054,20.490055,2188800
hardzero_plus_depr__c0p54__z1p05__lam0p030__nu0p50__psi1p00,hardzero_plus_depr,0.02,35,684,0.0,1,0.51546437,0.51546437,1.0618249,0.0,0.08673114,0.0,0.0,2.525295e-11,-28.619118,2.3360615,0.7786872,0.16000001,0.008,0.16288638,20.490055,20.520056,2192000
hardzero_plus_depr__c0p54__z1p05__lam0p030__nu0p50__psi1p00,hardzero_plus_depr,0.02,35,685,0.0,1,0.51546437,0.51546437,1.0204849,0.09539269,0.09539269,1.0,2.3377502e-12,2.4506596e-11,-27.334446,2.2451117,0.7483706,0.17600001,0.0,0.18064524,20.520056,20.550056,2195200
hardzero_plus_depr__c0p54__z1p05__lam0p030__nu0p50__psi1p00,hardzero_plus_depr,0.02,35,686,0.0,1,0.51546437,0.51546437,1.059929,0.0,0.08711059,0.0,0.0,2.37823e-11,-28.727251,2.3318903,0.7772968,0.120000005,0.0,0.2021632,20.550056,20.580057,2198400
hardzero_plus_depr__c0p54__z1p05__lam0p030__nu0p50__psi1p00,hardzero_plus_depr,0.02,35,687,0.0,1,0.51546437,0.51546437,1.0952146,0.0,0.080312915,0.0,0.0,2.3079412e-11,-28.580894,2.4095201,0.8031734,0.15200001,0.0,0.17984614,20.580057,20.610058,2201600
hardzero_plus_depr__c0p54__z1p05__lam0p030__nu0p50__psi1p00,hardzero_plus_depr,0.02,35,688,0.0,1,0.51546437,0.51546437,1.0121167,0.097248584,0.097248584,1.0,2.1781056e-12,2.2397298e-11,-25.707611,2.226701,0.7422337,0.16800001,0.0,0.13138345,20.610058,20.640059,2204800
hardzero_plus_depr__c0p54__z1p05__lam0p030__nu0p50__psi1p00,hardzero_plus_depr,0.02,35,689,0.0,1,0.51546437,0.51546437,1.0428783,0.09059865,0.09059865,1.0,1.9691926e-12,2.1735343e-11,-27.158295,2.294378,0.7647927,0.19999999,0.0,0.17004532,20.640059,20.67006,2208000
hardzero_plus_depr__c0p54__z1p05__lam0p030__nu0p50__psi1p00,hardzero_plus_depr,0.02,35,690,0.0,1,0.51546437,0.51546437,1.0110326,0.09749164,0.09749164,1.0,2.0563865e-12,2.1092952e-11,-27.561766,2.2243161,0.74143875,0.136,0.0,0.15452288,20.67006,20.70006,2211200
hardzero_plus_depr__c0p54__z1p05__lam0p030__nu0p50__psi1p00,hardzero_plus_depr,0.02,35,691,0.0,1,0.51546437,0.51546437,1.0212568,0.095223285,0.095223285,1.0,1.9491774e-12,2.0469546e-11,-27.601967,2.24681,0.74893665,0.136,0.0,0.15848145,20.70006,20.73006,2214400
hardzero_plus_depr__c0p54__z1p05__lam0p030__nu0p50__psi1p00,hardzero_plus_depr,0.02,35,692,0.0,1,0.51546437,0.51546437,1.0998081,0.0,0.07946792,0.0,0.0,1.9864565e-11,-29.250473,2.419626,0.80654204,0.104,0.0,0.15815338,20.73006,20.760061,2217600
hardzero_plus_depr__c0p54__z1p05__lam0p030__nu0p50__psi1p00,hardzero_plus_depr,0.02,35,693,0.0,1,0.51546437,0.51546437,1.0466977,0.08980535,0.08980535,1.0,1.7312193e-12,1.9277463e-11,-27.89,2.302781,0.76759374,0.14400001,0.0,0.15232223,20.760061,20.790062,2220800
hardzero_plus_depr__c0p54__z1p05__lam0p030__nu0p50__psi1p00,hardzero_plus_depr,0.02,35,694,0.0,1,0.51546437,0.51546437,1.062423,0.0,0.08661179,0.0,0.0,1.8707718e-11,-27.601862,2.3373773,0.7791258,0.17600001,0.0,0.14791937,20.790062,20.820063,2224000
hardzero_plus_depr__c0p54__z1p05__lam0p030__nu0p50__psi1p00,hardzero_plus_depr,0.02,35,695,0.0,1,0.51546437,0.51546437,1.0388583,0.09144116,0.09144116,1.0,1.6600966e-12,1.8154808e-11,-27.767748,2.285534,0.76184464,0.15200001,0.0,0.14017947,20.820063,20.850063,2227200
hardzero_plus_depr__c0p54__z1p05__lam0p030__nu0p50__psi1p00,hardzero_plus_depr,0.02,35,696,0.0,1,0.51546437,0.51546437,1.1057832,0.0,0.078382075,0.0,0.0,1.761824e-11,-29.287777,2.4327717,0.81092393,0.14400001,0.0,0.1705112,20.850063,20.880064,2230400
hardzero_plus_depr__c0p54__z1p05__lam0p030__nu0p50__psi1p00,hardzero_plus_depr,0.02,35,697,0.0,1,0.51546437,0.51546437,1.0277182,0.093817055,0.093817055,1.0,1.6040399e-12,1.709753e-11,-27.386415,2.2610252,0.7536751,0.112,0.0,0.13011464,20.880064,20.910065,2233600
hardzero_plus_depr__c0p54__z1p05__lam0p030__nu0p50__psi1p00,hardzero_plus_depr,0.02,35,698,0.0,1,0.51546437,0.51546437,1.0473279,0.089675166,0.089675166,1.0,1.4879094e-12,1.6592212e-11,-27.106127,2.3041673,0.7680558,0.104,0.0,0.14955439,20.910065,20.940065,2236800
hardzero_plus_depr__c0p54__z1p05__lam0p030__nu0p50__psi1p00,hardzero_plus_depr,0.02,35,699,0.0,1,0.51546437,0.51546437,1.045011,0.09015482,0.09015482,1.0,1.4516573e-12,1.6101826e-11,-27.052465,2.2990701,0.7663567,0.096,0.0,0.13042305,20.940065,20.970066,2240000
hardzero_plus_depr__c0p54__z1p05__lam0p030__nu0p50__psi1p00,hardzero_plus_depr,0.02,35,700,0.0,1,0.51546437,0.51546437,1.0179236,0.09595695,0.09595695,1.0,1.499417e-12,1.5625935e-11,-27.291155,2.2394767,0.74649227,0.136,0.0,0.16323765,20.970066,21.000067,2243200
hardzero_plus_depr__c0p54__z1p05__lam0p030__nu0p50__psi1p00,hardzero_plus_depr,0.02,35,701,0.0,1,0.51546437,0.51546437,1.045794,0.08999243,0.08999243,1.0,1.3646548e-12,1.5164108e-11,-27.707094,2.3007927,0.76693094,0.136,0.0,0.16363923,21.000067,21.030067,2246400
hardzero_plus_depr__c0p54__z1p05__lam0p030__nu0p50__psi1p00,hardzero_plus_depr,0.02,35,702,0.0,1,0.51546437,0.51546437,1.0500324,0.0,0.08911844,0.0,0.0,1.4715932e-11,-27.69907,2.3101172,0.7700391,0.14999999,0.0,0.16516106,21.030067,21.060068,2249600
hardzero_plus_depr__c0p54__z1p05__lam0p030__nu0p50__psi1p00,hardzero_plus_depr,0.02,35,703,0.0,1,0.51546437,0.51546437,1.0557734,0.0,0.08794813,0.0,0.0,1.4281001e-11,-27.901825,2.3227477,0.77424926,0.16800001,0.0,0.15024911,21.060068,21.090069,2252800
hardzero_plus_depr__c0p54__z1p05__lam0p030__nu0p50__psi1p00,hardzero_plus_depr,0.02,35,704,0.0,1,0.51546437,0.51546437,1.0027122,0.09937743,0.09937743,1.0,1.3772641e-12,1.3858923e-11,-26.9687,2.206011,0.735337,0.14400001,0.0,0.14038439,21.090069,21.12007,2256000
hardzero_plus_depr__c0p54__z1p05__lam0p030__nu0p50__psi1p00,hardzero_plus_depr,0.02,35,705,0.0,1,0.51546437,0.51546437,1.0461315,0.089922525,0.089922525,1.0,1.2093968e-12,1.3449321e-11,-27.392765,2.3015354,0.7671785,0.096,0.0,0.1728581,21.12007,21.15007,2259200
hardzero_plus_depr__c0p54__z1p05__lam0p030__nu0p50__psi1p00,hardzero_plus_depr,0.02,35,706,0.0,1,0.51546437,0.51546437,0.98696756,0.103046305,0.103046305,1.0,1.3449422e-12,1.30518235e-11,-27.089031,2.171372,0.72379065,0.128,0.0,0.13108629,21.15007,21.18007,2262400
hardzero_plus_depr__c0p54__z1p05__lam0p030__nu0p50__psi1p00,hardzero_plus_depr,0.02,35,707,0.0,1,0.51546437,0.51546437,1.0244625,0.094523005,0.094523005,1.0,1.1972356e-12,1.2666076e-11,-27.454285,2.2538624,0.75128746,0.18400002,0.0,0.1513517,21.18007,21.210072,2265600
hardzero_plus_depr__c0p54__z1p05__lam0p030__nu0p50__psi1p00,hardzero_plus_depr,0.02,35,708,0.0,1,0.51546437,0.51546437,1.0623884,0.0,0.08661869,0.0,0.0,1.22917275e-11,-28.35722,2.3373013,0.7791004,0.08800001,0.0,0.1569867,21.210072,21.240072,2268800
hardzero_plus_depr__c0p54__z1p05__lam0p030__nu0p50__psi1p00,hardzero_plus_depr,0.02,35,709,0.0,1,0.51546437,0.51546437,0.9779031,0.105219655,0.105219655,1.0,1.2551068e-12,1.1928444e-11,-26.916468,2.15143,0.7171433,0.16800001,0.0,0.1501943,21.240072,21.270073,2272000
hardzero_plus_depr__c0p54__z1p05__lam0p030__nu0p50__psi1p00,hardzero_plus_depr,0.02,35,710,0.0,1,0.51546437,0.51546437,1.0584425,0.0,0.08740928,0.0,0.0,1.1575897e-11,-28.519564,2.32862,0.7762067,0.136,0.0,0.13116299,21.270073,21.300074,2275200
hardzero_plus_depr__c0p54__z1p05__lam0p030__nu0p50__psi1p00,hardzero_plus_depr,0.02,35,711,0.0,1,0.51546437,0.51546437,1.0151595,0.09656962,0.09656962,1.0,1.0848409e-12,1.123377e-11,-26.657064,2.2333953,0.7444651,0.16000001,0.0,0.1323314,21.300074,21.330074,2278400
hardzero_plus_depr__c0p54__z1p05__lam0p030__nu0p50__psi1p00,hardzero_plus_depr,0.02,35,712,0.0,1,0.51546437,0.51546437,1.0137776,0.096877374,0.096877374,1.0,1.0561334e-12,1.0901755e-11,-26.585838,2.2303553,0.7434518,0.112,0.0,0.12272316,21.330074,21.360075,2281600
hardzero_plus_depr__c0p54__z1p05__lam0p030__nu0p50__psi1p00,hardzero_plus_depr,0.02,35,713,0.0,1,0.51546437,0.51546437,1.0189383,0.09573301,0.09573301,1.0,1.0128122e-12,1.0579551e-11,-26.86438,2.241709,0.7472364,0.14400001,0.0,0.14791434,21.360075,21.390076,2284800
hardzero_plus_depr__c0p54__z1p05__lam0p030__nu0p50__psi1p00,hardzero_plus_depr,0.02,35,714,0.0,1,0.51546437,0.51546437,0.9413802,0.11445105,0.11445105,1.0,1.1750543e-12,1.0266872e-11,-26.176107,2.0710778,0.6903593,0.23200001,0.0,0.13584393,21.390076,21.420076,2288000
hardzero_plus_depr__c0p54__z1p05__lam0p030__nu0p50__psi1p00,hardzero_plus_depr,0.02,35,715,0.0,1,0.51546437,0.51546437,0.9887041,0.10263509,0.10263509,1.0,1.0225978e-12,9.963433e-12,-26.866158,2.1751924,0.72506416,0.14,0.0,0.13890433,21.420076,21.450077,2291200
hardzero_plus_depr__c0p54__z1p05__lam0p030__nu0p50__psi1p00,hardzero_plus_depr,0.02,35,716,0.0,1,0.51546437,0.51546437,1.0334469,0.09258764,0.09258764,1.0,8.952264e-13,9.668962e-12,-26.740643,2.2736287,0.7578763,0.18400002,0.0,0.18482597,21.450077,21.480078,2294400
hardzero_plus_depr__c0p54__z1p05__lam0p030__nu0p50__psi1p00,hardzero_plus_depr,0.02,35,717,0.0,1,0.51546437,0.51546437,0.9809528,0.10448337,0.10448337,1.0,9.80388e-13,9.3831965e-12,-26.95334,2.1581392,0.7193798,0.216,0.0,0.1523741,21.480078,21.510078,2297600
hardzero_plus_depr__c0p54__z1p05__lam0p030__nu0p50__psi1p00,hardzero_plus_depr,0.02,35,718,0.0,1,0.51546437,0.51546437,1.0670252,0.0,0.085698806,0.0,0.0,9.105874e-12,-27.952616,2.3475022,0.78250074,0.17600001,0.0,0.15725882,21.510078,21.54008,2300800
hardzero_plus_depr__c0p54__z1p05__lam0p030__nu0p50__psi1p00,hardzero_plus_depr,0.02,35,719,0.0,1,0.51546437,0.51546437,1.0124611,0.09717149,0.09717149,1.0,8.5868e-13,8.836748e-12,-27.626575,2.2274587,0.74248624,0.16000001,0.0,0.14408708,21.54008,21.57008,2304000
hardzero_plus_depr__c0p54__z1p05__lam0p030__nu0p50__psi1p00,hardzero_plus_depr,0.02,35,720,0.0,1,0.51546437,0.51546437,1.0290895,0.09352131,0.09352131,1.0,8.019992e-13,8.575577e-12,-27.767551,2.264042,0.75468063,0.18400002,0.0,0.1476735,21.57008,21.60008,2307200
hardzero_plus_depr__c0p54__z1p05__lam0p030__nu0p50__psi1p00,hardzero_plus_depr,0.02,35,721,0.0,1,0.51546437,0.51546437,1.0380049,0.09162103,0.09162103,1.0,7.6248166e-13,8.322125e-12,-27.178331,2.2836564,0.7612188,0.136,0.0,0.140559,21.60008,21.630081,2310400
hardzero_plus_depr__c0p54__z1p05__lam0p030__nu0p50__psi1p00,hardzero_plus_depr,0.02,35,722,0.0,1,0.51546437,0.51546437,1.0370808,0.09181619,0.09181619,1.0,7.4152257e-13,8.076164e-12,-27.55198,2.2816231,0.7605411,0.16800001,0.0,0.16774349,21.630081,21.660082,2313600
hardzero_plus_depr__c0p54__z1p05__lam0p030__nu0p50__psi1p00,hardzero_plus_depr,0.02,35,723,0.0,1,0.51546437,0.51546437,1.0077386,0.09823391,0.09823391,1.0,7.699055e-13,7.837472e-12,-27.361359,2.2170691,0.7390231,0.192,0.0,0.13134207,21.660082,21.690083,2316800
hardzero_plus_depr__c0p54__z1p05__lam0p030__nu0p50__psi1p00,hardzero_plus_depr,0.02,35,724,0.0,1,0.51546437,0.51546437,1.0353385,0.09218527,0.09218527,1.0,7.011458e-13,7.6058335e-12,-26.602037,2.2777903,0.75926346,0.16000001,0.0,0.14208797,21.690083,21.720083,2320000
hardzero_plus_depr__c0p54__z1p05__lam0p030__nu0p50__psi1p00,hardzero_plus_depr,0.02,35,725,0.0,1,0.51546437,0.51546437,1.0128654,0.09708107,0.09708107,1.0,7.1655946e-13,7.381042e-12,-26.720192,2.2283485,0.74278283,0.15200001,0.0,0.11936621,21.720083,21.750084,2323200
hardzero_plus_depr__c0p54__z1p05__lam0p030__nu0p50__psi1p00,hardzero_plus_depr,0.02,35,726,0.0,1,0.51546437,0.51546437,1.0320367,0.09288879,0.09288879,1.0,6.653526e-13,7.1628944e-12,-27.828016,2.270526,0.756842,0.128,0.0,0.15726654,21.750084,21.780085,2326400
hardzero_plus_depr__c0p54__z1p05__lam0p030__nu0p50__psi1p00,hardzero_plus_depr,0.02,35,727,0.0,1,0.51546437,0.51546437,1.0329249,0.092699006,0.092699006,1.0,6.4436884e-13,6.9511944e-12,-26.594297,2.2724802,0.75749344,0.120000005,0.0,0.1435436,21.780085,21.810085,2329600
hardzero_plus_depr__c0p54__z1p05__lam0p030__nu0p50__psi1p00,hardzero_plus_depr,0.02,35,728,0.0,1,0.51546437,0.51546437,0.9930005,0.10162474,0.10162474,1.0,6.8553523e-13,6.745751e-12,-26.90523,2.1846447,0.7282149,0.21,0.0,0.14686689,21.810085,21.840086,2332800
hardzero_plus_depr__c0p54__z1p05__lam0p030__nu0p50__psi1p00,hardzero_plus_depr,0.02,35,729,0.0,1,0.51546437,0.51546437,1.0554706,0.0,0.088009454,0.0,0.0,6.5463793e-12,-28.045126,2.3220816,0.7740272,0.15200001,0.0,0.14622556,21.840086,21.870087,2336000
hardzero_plus_depr__c0p54__z1p05__lam0p030__nu0p50__psi1p00,hardzero_plus_depr,0.02,35,730,0.0,1,0.51546437,0.51546437,1.0019909,0.09954261,0.09954261,1.0,6.323843e-13,6.3529004e-12,-26.130629,2.204424,0.73480797,0.14400001,0.0,0.1384518,21.870087,21.900087,2339200
hardzero_plus_depr__c0p54__z1p05__lam0p030__nu0p50__psi1p00,hardzero_plus_depr,0.02,35,731,0.0,1,0.51546437,0.51546437,0.99835795,0.1003788,0.1003788,1.0,6.1884926e-13,6.1651396e-12,-27.201208,2.1964314,0.7321438,0.15200001,0.0,0.15103206,21.900087,21.930088,2342400
hardzero_plus_depr__c0p54__z1p05__lam0p030__nu0p50__psi1p00,hardzero_plus_depr,0.02,35,732,0.0,1,0.51546437,0.51546437,1.0574929,0.0,0.08760061,0.0,0.0,5.9829277e-12,-27.880903,2.3265307,0.77551025,0.128,0.0,0.1483407,21.930088,21.960089,2345600
hardzero_plus_depr__c0p54__z1p05__lam0p030__nu0p50__psi1p00,hardzero_plus_depr,0.02,35,733,0.0,1,0.51546437,0.51546437,1.0527664,0.0,0.08855916,0.0,0.0,5.806101e-12,-27.163284,2.3161325,0.7720442,0.120000005,0.0,0.14196204,21.960089,21.99009,2348800
hardzero_plus_depr__c0p54__z1p05__lam0p030__nu0p50__psi1p00,hardzero_plus_depr,0.02,35,734,0.0,1,0.51546437,0.51546437,0.98123085,0.10441651,0.10441651,1.0,5.88335e-13,5.6345015e-12,-26.091972,2.158751,0.7195837,0.23200001,0.0,0.13361643,21.99009,22.02009,2352000
hardzero_plus_depr__c0p54__z1p05__lam0p030__nu0p50__psi1p00,hardzero_plus_depr,0.02,35,735,0.0,1,0.51546437,0.51546437,1.0408863,0.09101516,0.09101516,1.0,4.976685e-13,5.4679733e-12,-27.772167,2.2899957,0.7633319,0.192,0.0,0.15872338,22.02009,22.05009,2355200
hardzero_plus_depr__c0p54__z1p05__lam0p030__nu0p50__psi1p00,hardzero_plus_depr,0.02,35,736,0.0,1,0.51546437,0.51546437,1.004977,0.098860554,0.098860554,1.0,5.2459035e-13,5.3063665e-12,-26.968477,2.2109935,0.73699784,0.16800001,0.0,0.13285613,22.05009,22.080091,2358400
hardzero_plus_depr__c0p54__z1p05__lam0p030__nu0p50__psi1p00,hardzero_plus_depr,0.02,35,737,0.0,1,0.51546437,0.51546437,1.0015439,0.099645145,0.099645145,1.0,5.1312627e-13,5.149536e-12,-27.104223,2.2034404,0.73448014,0.15200001,0.0,0.14686462,22.080091,22.110092,2361600
hardzero_plus_depr__c0p54__z1p05__lam0p030__nu0p50__psi1p00,hardzero_plus_depr,0.02,35,738,0.0,1,0.51546437,0.51546437,1.0418075,0.090822294,0.090822294,1.0,4.5386993e-13,4.9973406e-12,-27.306734,2.2920225,0.7640075,0.128,0.0,0.1394186,22.110092,22.140093,2364800
hardzero_plus_depr__c0p54__z1p05__lam0p030__nu0p50__psi1p00,hardzero_plus_depr,0.02,35,739,0.0,1,0.51546437,0.51546437,1.0709759,0.0,0.08492275,0.0,0.0,4.849644e-12,-28.518812,2.356194,0.785398,0.16000001,0.0,0.22270505,22.140093,22.170094,2368000
hardzero_plus_depr__c0p54__z1p05__lam0p030__nu0p50__psi1p00,hardzero_plus_depr,0.02,35,740,0.0,1,0.51546437,0.51546437,1.0032785,0.09924794,0.09924794,1.0,4.6709175e-13,4.7063117e-12,-26.561485,2.2072568,0.7357523,0.112,0.0,0.13369298,22.170094,22.200094,2371200
hardzero_plus_depr__c0p54__z1p05__lam0p030__nu0p50__psi1p00,hardzero_plus_depr,0.02,35,741,0.0,1,0.51546437,0.51546437,1.0881655,0.0,0.081627116,0.0,0.0,4.567216e-12,-28.080214,2.394012,0.79800403,0.14,0.0,0.15362096,22.200094,22.230095,2374400
hardzero_plus_depr__c0p54__z1p05__lam0p030__nu0p50__psi1p00,hardzero_plus_depr,0.02,35,742,0.0,1,0.51546437,0.51546437,0.9874508,0.10293171,0.10293171,1.0,4.5621715e-13,4.4322315e-12,-27.027786,2.172435,0.72414505,0.16800001,0.0,0.12982595,22.230095,22.260096,2377600
hardzero_plus_depr__c0p54__z1p05__lam0p030__nu0p50__psi1p00,hardzero_plus_depr,0.02,35,743,0.0,1,0.51546437,0.51546437,1.0756097,0.0,0.08402147,0.0,0.0,4.3012365e-12,-28.091564,2.3663886,0.7887962,0.24000001,0.0,0.15148602,22.260096,22.290096,2380800
hardzero_plus_depr__c0p54__z1p05__lam0p030__nu0p50__psi1p00,hardzero_plus_depr,0.02,35,744,0.0,1,0.51546437,0.51546437,1.0124307,0.09717831,0.09717831,1.0,4.0563318e-13,4.1741124e-12,-27.644548,2.227392,0.742464,0.2,0.0,0.18085004,22.290096,22.320097,2384000
hardzero_plus_depr__c0p54__z1p05__lam0p030__nu0p50__psi1p00,hardzero_plus_depr,0.02,35,745,0.0,1,0.51546437,0.51546437,1.0154302,0.096509434,0.096509434,1.0,3.9093522e-13,4.0507463e-12,-26.713587,2.2339911,0.7446637,0.17600001,0.0,0.13990408,22.320097,22.350098,2387200
hardzero_plus_depr__c0p54__z1p05__lam0p030__nu0p50__psi1p00,hardzero_plus_depr,0.02,35,746,0.0,1,0.51546437,0.51546437,0.99399054,0.10139335,0.10139335,1.0,3.9857985e-13,3.9310256e-12,-26.37034,2.186823,0.72894096,0.23200001,0.0,0.13578448,22.350098,22.380098,2390400
hardzero_plus_depr__c0p54__z1p05__lam0p030__nu0p50__psi1p00,hardzero_plus_depr,0.02,35,747,0.0,1,0.51546437,0.51546437,1.0950676,0.0,0.08034009,0.0,0.0,3.814844e-12,-28.626844,2.4091969,0.80306566,0.16000001,0.0,0.18524316,22.380098,22.410099,2393600
hardzero_plus_depr__c0p54__z1p05__lam0p030__nu0p50__psi1p00,hardzero_plus_depr,0.02,35,748,0.0,1,0.51546437,0.51546437,1.0325885,0.092770845,0.092770845,1.0,3.4344657e-13,3.702096e-12,-26.987265,2.27174,0.7572467,0.16000001,0.0,0.13781768,22.410099,22.4401,2396800
hardzero_plus_depr__c0p54__z1p05__lam0p030__nu0p50__psi1p00,hardzero_plus_depr,0.02,35,749,0.0,1,0.51546437,0.51546437,1.0091074,0.09792479,0.09792479,1.0,3.518124e-13,3.5926798e-12,-26.77187,2.2200804,0.74002683,0.16800001,0.0,0.13272047,22.4401,22.4701,2400000
hardzero_plus_depr__c0p54__z1p05__lam0p030__nu0p50__psi1p00,hardzero_plus_depr,0.02,35,750,0.0,1,0.51546437,0.51546437,1.0257117,0.0942515,0.0942515,1.0,3.2860764e-13,3.4864978e-12,-27.631186,2.2566106,0.7522036,0.18400002,0.0,0.16208561,22.4701,22.500101,2403200
hardzero_plus_depr__c0p54__z1p05__lam0p030__nu0p50__psi1p00,hardzero_plus_depr,0.02,35,751,0.0,1,0.51546437,0.51546437,1.0462027,0.0899078,0.0899078,1.0,3.0419889e-13,3.3834537e-12,-28.0677,2.3016918,0.76723063,0.224,0.0,0.15267092,22.500101,22.530102,2406400
hardzero_plus_depr__c0p54__z1p05__lam0p030__nu0p50__psi1p00,hardzero_plus_depr,0.02,35,752,0.0,1,0.51546437,0.51546437,1.0610281,0.0,0.08689041,0.0,0.0,3.2834553e-12,-27.006214,2.3343084,0.7781028,0.14400001,0.0,0.15284541,22.530102,22.560102,2409600
hardzero_plus_depr__c0p54__z1p05__lam0p030__nu0p50__psi1p00,hardzero_plus_depr,0.02,35,753,0.0,1,0.51546437,0.51546437,1.0592915,0.0,0.08723856,0.0,0.0,3.1864125e-12,-27.897533,2.3304877,0.77682924,0.104,0.0,0.178117,22.560102,22.590103,2412800
hardzero_plus_depr__c0p54__z1p05__lam0p030__nu0p50__psi1p00,hardzero_plus_depr,0.02,35,754,0.0,1,0.51546437,0.51546437,1.0113791,0.097413875,0.097413875,1.0,3.0122682e-13,3.0922374e-12,-27.153845,2.2250786,0.7416929,0.14,0.0,0.13013166,22.590103,22.620104,2416000
hardzero_plus_depr__c0p54__z1p05__lam0p030__nu0p50__psi1p00,hardzero_plus_depr,0.02,35,755,0.0,1,0.51546437,0.51546437,1.0657653,0.0,0.08594779,0.0,0.0,3.0008459e-12,-28.17805,2.3447304,0.7815768,0.112,0.0,0.15252711,22.620104,22.650105,2419200
hardzero_plus_depr__c0p54__z1p05__lam0p030__nu0p50__psi1p00,hardzero_plus_depr,0.02,35,756,0.0,1,0.51546437,0.51546437,1.0639818,0.0,0.08630148,0.0,0.0,2.9121558e-12,-28.196512,2.3408067,0.7802689,0.192,0.0,0.18368243,22.650105,22.680105,2422400
hardzero_plus_depr__c0p54__z1p05__lam0p030__nu0p50__psi1p00,hardzero_plus_depr,0.02,35,757,0.0,1,0.51546437,0.51546437,0.9960606,0.10091121,0.10091121,1.0,2.8518382e-13,2.8260866e-12,-26.909412,2.1913772,0.7304591,0.14400001,0.0,0.15124719,22.680105,22.710106,2425600
hardzero_plus_depr__c0p54__z1p05__lam0p030__nu0p50__psi1p00,hardzero_plus_depr,0.02,35,758,0.0,1,0.51546437,0.51546437,0.9879365,0.102816656,0.102816656,1.0,2.8198098e-13,2.7425612e-12,-27.61879,2.1735036,0.72450125,0.192,0.0,0.1732547,22.710106,22.740107,2428800
hardzero_plus_depr__c0p54__z1p05__lam0p030__nu0p50__psi1p00,hardzero_plus_depr,0.02,35,759,0.0,1,0.51546437,0.51546437,1.039406,0.091325924,0.091325924,1.0,2.4306433e-13,2.6615043e-12,-27.540169,2.2867386,0.76224625,0.17600001,0.0,0.1846765,22.740107,22.770107,2432000
hardzero_plus_depr__c0p54__z1p05__lam0p030__nu0p50__psi1p00,hardzero_plus_depr,0.02,35,760,0.0,1,0.51546437,0.51546437,1.0062599,0.09856893,0.09856893,1.0,2.5458807e-13,2.582843e-12,-27.136412,2.213816,0.73793864,0.208,0.0,0.14382584,22.770107,22.800108,2435200
hardzero_plus_depr__c0p54__z1p05__lam0p030__nu0p50__psi1p00,hardzero_plus_depr,0.02,35,761,0.0,1,0.51546437,0.51546437,1.0371993,0.09179113,0.09179113,1.0,2.300751e-13,2.506507e-12,-27.771044,2.281884,0.760628,0.14400001,0.0,0.15698339,22.800108,22.830109,2438400
hardzero_plus_depr__c0p54__z1p05__lam0p030__nu0p50__psi1p00,hardzero_plus_depr,0.02,35,762,0.0,1,0.51546437,0.51546437,1.0189546,0.0957294,0.0957294,1.0,2.328548e-13,2.432427e-12,-26.686562,2.241745,0.74724835,0.16000001,0.0,0.12848887,22.830109,22.86011,2441600
hardzero_plus_depr__c0p54__z1p05__lam0p030__nu0p50__psi1p00,hardzero_plus_depr,0.02,35,763,0.0,1,0.51546437,0.51546437,0.99456435,0.10125946,0.10125946,1.0,2.390266e-13,2.3605358e-12,-27.091024,2.1880853,0.7293618,0.15200001,0.0,0.15212144,22.86011,22.89011,2444800
hardzero_plus_depr__c0p54__z1p05__lam0p030__nu0p50__psi1p00,hardzero_plus_depr,0.02,35,764,0.0,1,0.51546437,0.51546437,1.0525092,0.0,0.08861165,0.0,0.0,2.2907702e-12,-28.525658,2.3155665,0.77185553,0.14400001,0.008,0.1717215,22.89011,22.92011,2448000
hardzero_plus_depr__c0p54__z1p05__lam0p030__nu0p50__psi1p00,hardzero_plus_depr,0.02,35,765,0.0,1,0.51546437,0.51546437,1.0143198,0.09675651,0.09675651,1.0,2.1509614e-13,2.2230663e-12,-27.675505,2.231548,0.7438494,0.136,0.0,0.13391407,22.92011,22.950111,2451200
hardzero_plus_depr__c0p54__z1p05__lam0p030__nu0p50__psi1p00,hardzero_plus_depr,0.02,35,766,0.0,1,0.51546437,0.51546437,1.033236,0.09263262,0.09263262,1.0,1.9984219e-13,2.157363e-12,-27.128555,2.2731647,0.7577216,0.15200001,0.0,0.1398974,22.950111,22.980112,2454400
hardzero_plus_depr__c0p54__z1p05__lam0p030__nu0p50__psi1p00,hardzero_plus_depr,0.02,35,767,0.0,1,0.51546437,0.51546437,0.99472684,0.10122159,0.10122159,1.0,2.1191772e-13,2.093602e-12,-27.106674,2.1884427,0.7294809,0.25,0.0,0.14847718,22.980112,23.010113,2457600
hardzero_plus_depr__c0p54__z1p05__lam0p030__nu0p50__psi1p00,hardzero_plus_depr,0.02,35,768,0.0,1,0.51546437,0.51546437,1.0040457,0.099072754,0.099072754,1.0,2.0128864e-13,2.0317255e-12,-26.712584,2.2089448,0.73631495,0.208,0.0,0.14218244,23.010113,23.040113,2460800
hardzero_plus_depr__c0p54__z1p05__lam0p030__nu0p50__psi1p00,hardzero_plus_depr,0.02,35,769,0.0,1,0.51546437,0.51546437,0.97226995,0.10659334,0.10659334,1.0,2.1016769e-13,1.9716774e-12,-27.177416,2.1390367,0.7130122,0.17600001,0.0,0.15158431,23.040113,23.070114,2464000
hardzero_plus_depr__c0p54__z1p05__lam0p030__nu0p50__psi1p00,hardzero_plus_depr,0.02,35,770,0.0,1,0.51546437,0.51546437,1.0161958,0.09633945,0.09633945,1.0,1.8433632e-13,1.9134043e-12,-27.276573,2.2356753,0.74522513,0.136,0.0,0.16038315,23.070114,23.100115,2467200
hardzero_plus_depr__c0p54__z1p05__lam0p030__nu0p50__psi1p00,hardzero_plus_depr,0.02,35,771,0.0,1,0.51546437,0.51546437,1.0255588,0.094284676,0.094284676,1.0,1.750728e-13,1.8568532e-12,-27.359007,2.2562745,0.7520915,0.064,0.0,0.14711794,23.100115,23.130116,2470400
hardzero_plus_depr__c0p54__z1p05__lam0p030__nu0p50__psi1p00,hardzero_plus_depr,0.02,35,772,0.0,1,0.51546437,0.51546437,1.0316054,0.0929811,0.0929811,1.0,1.6754951e-13,1.8019738e-12,-27.460646,2.269577,0.7565257,0.17600001,0.0,0.14253354,23.130116,23.160116,2473600
hardzero_plus_depr__c0p54__z1p05__lam0p030__nu0p50__psi1p00,hardzero_plus_depr,0.02,35,773,0.0,1,0.51546437,0.51546437,0.998517,0.100342065,0.100342065,1.0,1.754698e-13,1.7487163e-12,-26.29199,2.1967812,0.7322604,0.216,0.0,0.13332032,23.160116,23.190117,2476800
hardzero_plus_depr__c0p54__z1p05__lam0p030__nu0p50__psi1p00,hardzero_plus_depr,0.02,35,774,0.0,1,0.51546437,0.51546437,1.03293,0.0926979,0.0926979,1.0,1.5731137e-13,1.6970326e-12,-27.53801,2.2724915,0.7574972,0.096,0.0,0.16494194,23.190117,23.220118,2480000
hardzero_plus_depr__c0p54__z1p05__lam0p030__nu0p50__psi1p00,hardzero_plus_depr,0.02,35,775,0.0,1,0.51546437,0.51546437,1.0493522,0.08925813,0.08925813,1.0,1.4699712e-13,1.6468765e-12,-27.266777,2.308621,0.7695403,0.14400001,0.0,0.11993505,23.220118,23.250118,2483200
hardzero_plus_depr__c0p54__z1p05__lam0p030__nu0p50__psi1p00,hardzero_plus_depr,0.02,35,776,0.0,1,0.51546437,0.51546437,1.0230837,0.09482357,0.09482357,1.0,1.515473e-13,1.5982029e-12,-26.90624,2.250829,0.7502763,0.16800001,0.0,0.1385471,23.250118,23.280119,2486400
hardzero_plus_depr__c0p54__z1p05__lam0p030__nu0p50__psi1p00,hardzero_plus_depr,0.02,35,777,0.0,1,0.51546437,0.51546437,1.0058384,0.09866465,0.09866465,1.0,1.530257e-13,1.5509679e-12,-27.530272,2.2128887,0.7376296,0.17600001,0.0,0.15523966,23.280119,23.31012,2489600
hardzero_plus_depr__c0p54__z1p05__lam0p030__nu0p50__psi1p00,hardzero_plus_depr,0.02,35,778,0.0,1,0.51546437,0.51546437,1.115938,0.0,0.07657059,0.0,0.0,1.5051288e-12,-29.182913,2.4551125,0.8183708,0.072000004,0.0,0.15734254,23.31012,23.34012,2492800
hardzero_plus_depr__c0p54__z1p05__lam0p030__nu0p50__psi1p00,hardzero_plus_depr,0.02,35,779,0.0,1,0.51546437,0.51546437,1.0294014,0.09345415,0.09345415,1.0,1.365033e-13,1.4606446e-12,-26.434475,2.2647283,0.75490946,0.14400001,0.0,0.171595,23.34012,23.370121,2496000
hardzero_plus_depr__c0p54__z1p05__lam0p030__nu0p50__psi1p00,hardzero_plus_depr,0.02,35,780,0.0,1,0.51546437,0.51546437,0.9933281,0.101548135,0.101548135,1.0,1.4394193e-13,1.4174749e-12,-26.442345,2.1853654,0.7284552,0.22,0.0,0.13314952,23.370121,23.400122,2499200
hardzero_plus_depr__c0p54__z1p05__lam0p030__nu0p50__psi1p00,hardzero_plus_depr,0.02,35,781,0.0,1,0.51546437,0.51546437,1.0511562,0.0,0.08888814,0.0,0.0,1.3755813e-12,-27.53713,2.3125896,0.77086323,0.17600001,0.0,0.1617567,23.400122,23.430122,2502400
hardzero_plus_depr__c0p54__z1p05__lam0p030__nu0p50__psi1p00,hardzero_plus_depr,0.02,35,782,0.0,1,0.51546437,0.51546437,1.013288,0.09698666,0.09698666,1.0,1.2947e-13,1.3349259e-12,-27.208805,2.229278,0.7430927,0.18400002,0.0,0.16409712,23.430122,23.460123,2505600
hardzero_plus_depr__c0p54__z1p05__lam0p030__nu0p50__psi1p00,hardzero_plus_depr,0.02,35,783,0.0,1,0.51546437,0.51546437,1.0239593,0.09463257,0.09463257,1.0,1.2259384e-13,1.2954719e-12,-26.998325,2.2527554,0.7509185,0.208,0.0,0.14943047,23.460123,23.490124,2508800
hardzero_plus_depr__c0p54__z1p05__lam0p030__nu0p50__psi1p00,hardzero_plus_depr,0.02,35,784,0.0,1,0.51546437,0.51546437,1.0794847,0.0,0.08327512,0.0,0.0,1.257184e-12,-28.718245,2.3749137,0.7916379,0.192,0.0,0.18686102,23.490124,23.520124,2512000
hardzero_plus_depr__c0p54__z1p05__lam0p030__nu0p50__psi1p00,hardzero_plus_depr,0.02,35,785,0.0,1,0.51546437,0.51546437,1.0321817,0.09285777,0.09285777,1.0,1.1328906e-13,1.2200278e-12,-26.977938,2.2708452,0.7569484,0.15200001,0.0,0.15807493,23.520124,23.550125,2515200
hardzero_plus_depr__c0p54__z1p05__lam0p030__nu0p50__psi1p00,hardzero_plus_depr,0.02,35,786,0.0,1,0.51546437,0.51546437,1.0633357,0.0,0.08642997,0.0,0.0,1.1839697e-12,-28.144222,2.339385,0.77979505,0.128,0.0,0.15285571,23.550125,23.580126,2518400
hardzero_plus_depr__c0p54__z1p05__lam0p030__nu0p50__psi1p00,hardzero_plus_depr,0.02,35,787,0.0,1,0.51546437,0.51546437,1.0072781,0.09833812,0.09833812,1.0,1.12988266e-13,1.1489773e-12,-26.902618,2.216056,0.73868537,0.16000001,0.0,0.15395264,23.580126,23.610126,2521600
hardzero_plus_depr__c0p54__z1p05__lam0p030__nu0p50__psi1p00,hardzero_plus_depr,0.02,35,788,0.0,1,0.51546437,0.51546437,1.0621414,0.0,0.08666795,0.0,0.0,1.1150192e-12,-27.870804,2.336758,0.77891934,0.16000001,0.0,0.14965606,23.610126,23.640127,2524800
hardzero_plus_depr__c0p54__z1p05__lam0p030__nu0p50__psi1p00,hardzero_plus_depr,0.02,35,789,0.0,1,0.51546437,0.51546437,0.98337865,0.10390139,0.10390139,1.0,1.12428025e-13,1.0820647e-12,-26.763538,2.1634762,0.72115874,0.16000001,0.0,0.15419169,23.640127,23.670128,2528000
hardzero_plus_depr__c0p54__z1p05__lam0p030__nu0p50__psi1p00,hardzero_plus_depr,0.02,35,790,0.0,1,0.51546437,0.51546437,1.0185577,0.095816955,0.095816955,1.0,1.0061586e-13,1.0500841e-12,-27.289865,2.2408717,0.74695724,0.136,0.0,0.17296697,23.670128,23.700129,2531200
hardzero_plus_depr__c0p54__z1p05__lam0p030__nu0p50__psi1p00,hardzero_plus_depr,0.02,35,791,0.0,1,0.51546437,0.51546437,1.0701687,0.0,0.08508073,0.0,0.0,1.0190487e-12,-28.206804,2.3544183,0.78480613,0.136,0.0,0.14671491,23.700129,23.73013,2534400
hardzero_plus_depr__c0p54__z1p05__lam0p030__nu0p50__psi1p00,hardzero_plus_depr,0.02,35,792,0.0,1,0.51546437,0.51546437,1.0279596,0.09376493,0.09376493,1.0,9.2727e-14,9.889305e-13,-26.988298,2.2615561,0.75385207,0.17600001,0.0,0.15628177,23.73013,23.76013,2537600
hardzero_plus_depr__c0p54__z1p05__lam0p030__nu0p50__psi1p00,hardzero_plus_depr,0.02,35,793,0.0,1,0.51546437,0.51546437,1.0793334,0.0,0.08330413,0.0,0.0,9.597026e-13,-27.790642,2.3745809,0.791527,0.099999994,0.0,0.13825671,23.76013,23.79013,2540800
hardzero_plus_depr__c0p54__z1p05__lam0p030__nu0p50__psi1p00,hardzero_plus_depr,0.02,35,794,0.0,1,0.51546437,0.51546437,1.0826488,0.0,0.08267064,0.0,0.0,9.313384e-13,-28.166363,2.3818748,0.7939583,0.16800001,0.0,0.15214233,23.79013,23.820131,2544000
hardzero_plus_depr__c0p54__z1p05__lam0p030__nu0p50__psi1p00,hardzero_plus_depr,0.02,35,795,0.0,1,0.51546437,0.51546437,0.9945965,0.10125198,0.10125198,1.0,9.1512816e-14,9.038126e-13,-27.095652,2.188156,0.7293853,0.16000001,0.0,0.15480213,23.820131,23.850132,2547200
hardzero_plus_depr__c0p54__z1p05__lam0p030__nu0p50__psi1p00,hardzero_plus_depr,0.02,35,796,0.0,1,0.51546437,0.51546437,1.0214292,0.09518549,0.09518549,1.0,8.348722e-14,8.771003e-13,-26.729813,2.247189,0.749063,0.15200001,0.0,0.14639768,23.850132,23.880133,2550400
hardzero_plus_depr__c0p54__z1p05__lam0p030__nu0p50__psi1p00,hardzero_plus_depr,0.02,35,797,0.0,1,0.51546437,0.51546437,1.0218583,0.09509149,0.09509149,1.0,8.093973e-14,8.511774e-13,-27.46592,2.2481332,0.7493777,0.08800001,0.0,0.15456155,23.880133,23.910133,2553600
hardzero_plus_depr__c0p54__z1p05__lam0p030__nu0p50__psi1p00,hardzero_plus_depr,0.02,35,798,0.0,1,0.51546437,0.51546437,1.0359652,0.092052326,0.092052326,1.0,7.603714e-14,8.2602084e-13,-28.309689,2.2791688,0.75972295,0.14400001,0.0,0.15574455,23.910133,23.940134,2556800
hardzero_plus_depr__c0p54__z1p05__lam0p030__nu0p50__psi1p00,hardzero_plus_depr,0.02,35,799,0.0,1,0.51546437,0.51546437,1.0003926,0.099909656,0.099909656,1.0,8.008835e-14,8.016077e-13,-26.700907,2.2009075,0.73363584,0.15200001,0.0,0.13160944,23.940134,23.970135,2560000
hardzero_plus_depr__c0p54__z1p05__lam0p030__nu0p50__psi1p00,hardzero_plus_depr,0.02,35,800,0.0,1,0.51546437,0.51546437,1.0989732,0.0,0.07962085,0.0,0.0,7.7791603e-13,-28.16745,2.4177892,0.8059298,0.120000005,0.0,0.1818041,23.970135,24.000135,2563200
hardzero_plus_depr__c0p54__z1p05__lam0p030__nu0p50__psi1p00,hardzero_plus_depr,0.02,35,801,0.0,1,0.51546437,0.51546437,1.0368031,0.0918749,0.0918749,1.0,6.935863e-14,7.5492466e-13,-26.974289,2.2810123,0.7603375,0.08800001,0.0,0.12854281,24.000135,24.030136,2566400
hardzero_plus_depr__c0p54__z1p05__lam0p030__nu0p50__psi1p00,hardzero_plus_depr,0.02,35,802,0.0,1,0.51546437,0.51546437,1.0122356,0.09722195,0.09722195,1.0,7.122603e-14,7.326127e-13,-27.444756,2.2269628,0.74232095,0.16800001,0.0,0.15896142,24.030136,24.060137,2569600
hardzero_plus_depr__c0p54__z1p05__lam0p030__nu0p50__psi1p00,hardzero_plus_depr,0.02,35,803,0.0,1,0.51546437,0.51546437,1.062865,0.0,0.08652368,0.0,0.0,7.109603e-13,-28.453398,2.3383498,0.77944994,0.120000005,0.0,0.19359623,24.060137,24.090137,2572800
hardzero_plus_depr__c0p54__z1p05__lam0p030__nu0p50__psi1p00,hardzero_plus_depr,0.02,35,804,0.0,1,0.51546437,0.51546437,1.0061091,0.09860318,0.09860318,1.0,6.803105e-14,6.8994783e-13,-27.094755,2.2134843,0.73782814,0.15200001,0.0,0.15790458,24.090137,24.120138,2576000
hardzero_plus_depr__c0p54__z1p05__lam0p030__nu0p50__psi1p00,hardzero_plus_depr,0.02,35,805,0.0,1,0.51546437,0.51546437,0.99403423,0.10138315,0.10138315,1.0,6.788172e-14,6.6955626e-13,-27.367805,2.186919,0.72897303,0.14400001,0.0,0.16087654,24.120138,24.150139,2579200
hardzero_plus_depr__c0p54__z1p05__lam0p030__nu0p50__psi1p00,hardzero_plus_depr,0.02,35,806,0.0,1,0.51546437,0.51546437,0.9652968,0.10831866,0.10831866,1.0,7.038194e-14,6.4976746e-13,-26.30956,2.1236954,0.7078985,0.25,0.0,0.13053595,24.150139,24.18014,2582400
hardzero_plus_depr__c0p54__z1p05__lam0p030__nu0p50__psi1p00,hardzero_plus_depr,0.02,35,807,0.0,1,0.51546437,0.51546437,1.0166024,0.09624929,0.09624929,1.0,6.069129e-14,6.305635e-13,-27.591087,2.23657,0.74552333,0.14400001,0.0,0.18229526,24.18014,24.21014,2585600
hardzero_plus_depr__c0p54__z1p05__lam0p030__nu0p50__psi1p00,hardzero_plus_depr,0.02,35,808,0.0,1,0.51546437,0.51546437,1.059066,0.0,0.08728385,0.0,0.0,6.1192707e-13,-27.820185,2.3299918,0.77666396,0.16000001,0.0,0.16316974,24.21014,24.24014,2588800
hardzero_plus_depr__c0p54__z1p05__lam0p030__nu0p50__psi1p00,hardzero_plus_depr,0.02,35,809,0.0,1,0.51546437,0.51546437,1.020135,0.09546957,0.09546957,1.0,5.6693792e-14,5.938415e-13,-26.972462,2.2443419,0.748114,0.14400001,0.0,0.14186823,24.24014,24.270142,2592000
hardzero_plus_depr__c0p54__z1p05__lam0p030__nu0p50__psi1p00,hardzero_plus_depr,0.02,35,810,0.0,1,0.51546437,0.51546437,1.0046095,0.09894425,0.09894425,1.0,5.7020625e-14,5.762904e-13,-26.440338,2.210185,0.73672837,0.16800001,0.0,0.13578422,24.270142,24.300142,2595200
hardzero_plus_depr__c0p54__z1p05__lam0p030__nu0p50__psi1p00,hardzero_plus_depr,0.02,35,811,0.0,1,0.51546437,0.51546437,1.0318236,0.09293438,0.09293438,1.0,5.1974304e-14,5.592581e-13,-27.401861,2.2700572,0.75668573,0.192,0.0,0.13715385,24.300142,24.330143,2598400
hardzero_plus_depr__c0p54__z1p05__lam0p030__nu0p50__psi1p00,hardzero_plus_depr,0.02,35,812,0.0,1,0.51546437,0.51546437,0.9882568,0.10274086,0.10274086,1.0,5.5760457e-14,5.427291e-13,-26.458216,2.1742084,0.72473615,0.120000005,0.0,0.13692649,24.330143,24.360144,2601600
hardzero_plus_depr__c0p54__z1p05__lam0p030__nu0p50__psi1p00,hardzero_plus_depr,0.02,35,813,0.0,1,0.51546437,0.51546437,0.99418616,0.10134769,0.10134769,1.0,5.3378685e-14,5.266887e-13,-26.092855,2.1872532,0.72908443,0.192,0.0,0.12975803,24.360144,24.390144,2604800
hardzero_plus_depr__c0p54__z1p05__lam0p030__nu0p50__psi1p00,hardzero_plus_depr,0.02,35,814,0.0,1,0.51546437,0.51546437,1.0230353,0.094834134,0.094834134,1.0,4.847185e-14,5.111224e-13,-27.752186,2.2507226,0.7502409,0.14400001,0.0,0.16136996,24.390144,24.420145,2608000
hardzero_plus_depr__c0p54__z1p05__lam0p030__nu0p50__psi1p00,hardzero_plus_depr,0.02,35,815,0.0,1,0.51546437,0.51546437,1.0211544,0.09524574,0.09524574,1.0,4.7243415e-14,4.9601604e-13,-27.156847,2.2465847,0.74886155,0.16000001,0.0,0.15600489,24.420145,24.450146,2611200
hardzero_plus_depr__c0p54__z1p05__lam0p030__nu0p50__psi1p00,hardzero_plus_depr,0.02,35,816,0.0,1,0.51546437,0.51546437,1.039654,0.09127377,0.09127377,1.0,4.3935203e-14,4.813563e-13,-27.052498,2.2872846,0.7624282,0.112,0.0,0.16486716,24.450146,24.480146,2614400
hardzero_plus_depr__c0p54__z1p05__lam0p030__nu0p50__psi1p00,hardzero_plus_depr,0.02,35,817,0.0,1,0.51546437,0.51546437,1.0454865,0.09005619,0.09005619,1.0,4.2067922e-14,4.671297e-13,-27.580683,2.300116,0.7667054,0.15200001,0.0,0.15950583,24.480146,24.510147,2617600
hardzero_plus_depr__c0p54__z1p05__lam0p030__nu0p50__psi1p00,hardzero_plus_depr,0.02,35,818,0.0,1,0.51546437,0.51546437,1.0640223,0.0,0.086293414,0.0,0.0,4.5332363e-13,-27.68175,2.340896,0.78029865,0.192,0.008,0.16178913,24.510147,24.540148,2620800
hardzero_plus_depr__c0p54__z1p05__lam0p030__nu0p50__psi1p00,hardzero_plus_depr,0.02,35,819,0.0,1,0.51546437,0.51546437,1.053141,0.0,0.08848283,0.0,0.0,4.3992558e-13,-27.470985,2.3169565,0.77231884,0.14,0.0,0.14965838,24.540148,24.570148,2624000
hardzero_plus_depr__c0p54__z1p05__lam0p030__nu0p50__psi1p00,hardzero_plus_depr,0.02,35,820,0.0,1,0.51546437,0.51546437,1.0549142,0.0,0.08812228,0.0,0.0,4.2692352e-13,-27.122322,2.3208578,0.7736193,0.112,0.0,0.13160582,24.570148,24.60015,2627200
hardzero_plus_depr__c0p54__z1p05__lam0p030__nu0p50__psi1p00,hardzero_plus_depr,0.02,35,821,0.0,1,0.51546437,0.51546437,1.0206188,0.09536328,0.09536328,1.0,3.9509557e-14,4.1430577e-13,-27.168228,2.2454062,0.74846876,0.120000005,0.0,0.13775735,24.60015,24.63015,2630400
hardzero_plus_depr__c0p54__z1p05__lam0p030__nu0p50__psi1p00,hardzero_plus_depr,0.02,35,822,0.0,1,0.51546437,0.51546437,1.0495292,0.08922177,0.08922177,1.0,3.587258e-14,4.0206087e-13,-26.881514,2.3090103,0.7696701,0.18400002,0.0,0.17897901,24.63015,24.66015,2633600
hardzero_plus_depr__c0p54__z1p05__lam0p030__nu0p50__psi1p00,hardzero_plus_depr,0.02,35,823,0.0,1,0.51546437,0.51546437,1.0595367,0.0,0.08718932,0.0,0.0,3.901779e-13,-27.159689,2.3310273,0.7770091,0.136,0.0,0.18081628,24.66015,24.690151,2636800
hardzero_plus_depr__c0p54__z1p05__lam0p030__nu0p50__psi1p00,hardzero_plus_depr,0.02,35,824,0.0,1,0.51546437,0.51546437,0.9755832,0.10578322,0.10578322,1.0,4.005441e-14,3.7864617e-13,-26.303589,2.1463258,0.71544194,0.136,0.0,0.12327411,24.690151,24.720152,2640000
hardzero_plus_depr__c0p54__z1p05__lam0p030__nu0p50__psi1p00,hardzero_plus_depr,0.02,35,825,0.0,1,0.51546437,0.51546437,1.0052363,0.09880153,0.09880153,1.0,3.630514e-14,3.6745523e-13,-27.038086,2.211564,0.73718804,0.112,0.0,0.13452938,24.720152,24.750153,2643200
hardzero_plus_depr__c0p54__z1p05__lam0p030__nu0p50__psi1p00,hardzero_plus_depr,0.02,35,826,0.0,1,0.51546437,0.51546437,0.9724118,0.106558524,0.106558524,1.0,3.7998244e-14,3.5659507e-13,-26.338907,2.1393487,0.7131163,0.112,0.0,0.14803842,24.750153,24.780153,2646400
hardzero_plus_depr__c0p54__z1p05__lam0p030__nu0p50__psi1p00,hardzero_plus_depr,0.02,35,827,0.0,1,0.51546437,0.51546437,1.0869678,0.0,0.08185253,0.0,0.0,3.460558e-13,-27.101456,2.391377,0.7971257,0.104,0.0,0.15274696,24.780153,24.810154,2649600
hardzero_plus_depr__c0p54__z1p05__lam0p030__nu0p50__psi1p00,hardzero_plus_depr,0.02,35,828,0.0,1,0.51546437,0.51546437,1.0204047,0.09541031,0.09541031,1.0,3.2041464e-14,3.358281e-13,-26.365013,2.244935,0.7483117,0.112,0.0,0.13921155,24.810154,24.840155,2652800
hardzero_plus_depr__c0p54__z1p05__lam0p030__nu0p50__psi1p00,hardzero_plus_depr,0.02,35,829,0.0,1,0.51546437,0.51546437,1.0172182,0.09611292,0.09611292,1.0,3.1323455e-14,3.2590263e-13,-27.160892,2.2379248,0.74597496,0.136,0.0,0.16356486,24.840155,24.870155,2656000
hardzero_plus_depr__c0p54__z1p05__lam0p030__nu0p50__psi1p00,hardzero_plus_depr,0.02,35,830,0.0,1,0.51546437,0.51546437,1.0638329,0.0,0.08633108,0.0,0.0,3.1627058e-13,-27.428677,2.3404791,0.7801597,0.120000005,0.0,0.1347047,24.870155,24.900156,2659200
hardzero_plus_depr__c0p54__z1p05__lam0p030__nu0p50__psi1p00,hardzero_plus_depr,0.02,35,831,0.0,1,0.51546437,0.51546437,1.0138847,0.09685351,0.09685351,1.0,2.9726584e-14,3.0692316e-13,-27.530283,2.2305908,0.7435303,0.14400001,0.0,0.13805906,24.900156,24.930157,2662400
hardzero_plus_depr__c0p54__z1p05__lam0p030__nu0p50__psi1p00,hardzero_plus_depr,0.02,35,832,0.0,1,0.51546437,0.51546437,1.0047761,0.09890626,0.09890626,1.0,2.9459426e-14,2.9785197e-13,-26.855856,2.2105515,0.7368505,0.13,0.0,0.15375543,24.930157,24.960157,2665600
hardzero_plus_depr__c0p54__z1p05__lam0p030__nu0p50__psi1p00,hardzero_plus_depr,0.02,35,833,0.0,1,0.51546437,0.51546437,1.0540574,0.0,0.088296324,0.0,0.0,2.8904892e-13,-27.117142,2.3189726,0.7729909,0.104,0.0,0.16006751,24.960157,24.990158,2668800
hardzero_plus_depr__c0p54__z1p05__lam0p030__nu0p50__psi1p00,hardzero_plus_depr,0.02,35,834,0.0,1,0.51546437,0.51546437,1.0504091,0.0,0.08904118,0.0,0.0,2.8050606e-13,-27.568249,2.310946,0.77031535,0.128,0.0,0.16131425,24.990158,25.020159,2672000
hardzero_plus_depr__c0p54__z1p05__lam0p030__nu0p50__psi1p00,hardzero_plus_depr,0.02,35,835,0.0,1,0.51546437,0.51546437,1.018276,0.09587911,0.09587911,1.0,2.6099794e-14,2.7221565e-13,-27.413668,2.2402518,0.7467506,0.136,0.0,0.14531665,25.020159,25.05016,2675200
hardzero_plus_depr__c0p54__z1p05__lam0p030__nu0p50__psi1p00,hardzero_plus_depr,0.02,35,836,0.0,1,0.51546437,0.51546437,1.0225335,0.09494376,0.09494376,1.0,2.5081323e-14,2.641703e-13,-26.537544,2.2496188,0.7498729,0.192,0.0,0.1761359,25.05016,25.08016,2678400
hardzero_plus_depr__c0p54__z1p05__lam0p030__nu0p50__psi1p00,hardzero_plus_depr,0.02,35,837,0.0,1,0.51546437,0.51546437,1.0697844,0.0,0.08515606,0.0,0.0,2.563627e-13,-28.426098,2.3535726,0.7845242,0.128,0.008,0.18745582,25.08016,25.11016,2681600
hardzero_plus_depr__c0p54__z1p05__lam0p030__nu0p50__psi1p00,hardzero_plus_depr,0.02,35,838,0.0,1,0.51546437,0.51546437,1.0521553,0.0,0.08868389,0.0,0.0,2.4878586e-13,-27.58397,2.3147879,0.77159595,0.136,0.0,0.1514954,25.11016,25.140162,2684800
hardzero_plus_depr__c0p54__z1p05__lam0p030__nu0p50__psi1p00,hardzero_plus_depr,0.02,35,839,0.0,1,0.51546437,0.51546437,0.9717202,0.10672834,0.10672834,1.0,2.5767742e-14,2.4143299e-13,-25.874804,2.1378272,0.71260905,0.192,0.0,0.12126712,25.140162,25.170162,2688000
hardzero_plus_depr__c0p54__z1p05__lam0p030__nu0p50__psi1p00,hardzero_plus_depr,0.02,35,840,0.0,1,0.51546437,0.51546437,1.0100154,0.09772025,0.09772025,1.0,2.28956e-14,2.342974e-13,-26.441298,2.222078,0.74069273,0.136,0.0,0.13683534,25.170162,25.200163,2691200
hardzero_plus_depr__c0p54__z1p05__lam0p030__nu0p50__psi1p00,hardzero_plus_depr,0.02,35,841,0.0,1,0.51546437,0.51546437,0.97716236,0.10539927,0.10539927,1.0,2.3964915e-14,2.2737269e-13,-25.750383,2.1498,0.71660006,0.2,0.0,0.13121437,25.200163,25.230164,2694400
hardzero_plus_depr__c0p54__z1p05__lam0p030__nu0p50__psi1p00,hardzero_plus_depr,0.02,35,842,0.0,1,0.51546437,0.51546437,1.1051023,0.0,0.07850506,0.0,0.0,2.2065265e-13,-28.388567,2.4312737,0.81042457,0.16000001,0.0,0.15982452,25.230164,25.260164,2697600
hardzero_plus_depr__c0p54__z1p05__lam0p030__nu0p50__psi1p00,hardzero_plus_depr,0.02,35,843,0.0,1,0.51546437,0.51546437,1.0242286,0.09457393,0.09457393,1.0,2.0251233e-14,2.1413124e-13,-26.349895,2.2533479,0.751116,0.16000001,0.0,0.1426475,25.260164,25.290165,2700800
hardzero_plus_depr__c0p54__z1p05__lam0p030__nu0p50__psi1p00,hardzero_plus_depr,0.02,35,844,0.0,1,0.51546437,0.51546437,1.0260949,0.09416837,0.09416837,1.0,1.956843e-14,2.0780257e-13,-26.494934,2.257454,0.7524847,0.18400002,0.0,0.15057218,25.290165,25.320166,2704000
hardzero_plus_depr__c0p54__z1p05__lam0p030__nu0p50__psi1p00,hardzero_plus_depr,0.02,35,845,0.0,1,0.51546437,0.51546437,1.0175761,0.09603376,0.09603376,1.0,1.9366256e-14,2.0166093e-13,-27.06001,2.238712,0.7462374,0.13,0.0,0.14392607,25.320166,25.350166,2707200
hardzero_plus_depr__c0p54__z1p05__lam0p030__nu0p50__psi1p00,hardzero_plus_depr,0.02,35,846,0.0,1,0.51546437,0.51546437,1.0017112,0.09960674,0.09960674,1.0,1.949312e-14,1.9570082e-13,-26.58976,2.2038088,0.7346029,0.2,0.0,0.13950703,25.350166,25.380167,2710400
hardzero_plus_depr__c0p54__z1p05__lam0p030__nu0p50__psi1p00,hardzero_plus_depr,0.02,35,847,0.0,1,0.51546437,0.51546437,1.0545851,0.0,0.08818909,0.0,0.0,1.8991685e-13,-27.847456,2.3201334,0.77337784,0.15200001,0.008,0.1389162,25.380167,25.410168,2713600
hardzero_plus_depr__c0p54__z1p05__lam0p030__nu0p50__psi1p00,hardzero_plus_depr,0.02,35,848,0.0,1,0.51546437,0.51546437,1.0130287,0.09704458,0.09704458,1.0,1.7885689e-14,1.8430384e-13,-27.035526,2.2287078,0.74290264,0.17600001,0.0,0.14601497,25.410168,25.440168,2716800
hardzero_plus_depr__c0p54__z1p05__lam0p030__nu0p50__psi1p00,hardzero_plus_depr,0.02,35,849,0.0,1,0.51546437,0.51546437,1.0137739,0.0968782,0.0968782,1.0,1.7327316e-14,1.7885671e-13,-26.856583,2.2303472,0.7434491,0.17600001,0.0,0.15437047,25.440168,25.47017,2720000
hardzero_plus_depr__c0p54__z1p05__lam0p030__nu0p50__psi1p00,hardzero_plus_depr,0.02,35,850,0.0,1,0.51546437,0.51546437,1.0288612,0.09357046,0.09357046,1.0,1.624108e-14,1.7357058e-13,-26.939299,2.2635398,0.75451326,0.192,0.0,0.17699997,25.47017,25.50017,2723200
hardzero_plus_depr__c0p54__z1p05__lam0p030__nu0p50__psi1p00,hardzero_plus_depr,0.02,35,851,0.0,1,0.51546437,0.51546437,1.0733804,0.0,0.084453896,0.0,0.0,1.6844069e-13,-28.927233,2.3614838,0.7871613,0.16800001,0.0,0.1909747,25.50017,25.53017,2726400
hardzero_plus_depr__c0p54__z1p05__lam0p030__nu0p50__psi1p00,hardzero_plus_depr,0.02,35,852,0.0,1,0.51546437,0.51546437,1.0795559,0.0,0.08326148,0.0,0.0,1.6346238e-13,-27.472557,2.3750703,0.7916901,0.136,0.0,0.15159857,25.53017,25.560171,2729600
hardzero_plus_depr__c0p54__z1p05__lam0p030__nu0p50__psi1p00,hardzero_plus_depr,0.02,35,853,0.0,1,0.51546437,0.51546437,1.0966501,0.0,0.08004788,0.0,0.0,1.5863123e-13,-28.856298,2.4126785,0.80422616,0.048,0.0,0.14414248,25.560171,25.590172,2732800
hardzero_plus_depr__c0p54__z1p05__lam0p030__nu0p50__psi1p00,hardzero_plus_depr,0.02,35,854,0.0,1,0.51546437,0.51546437,1.0268779,0.093998745,0.093998745,1.0,1.4470435e-14,1.5394286e-13,-27.786276,2.2591765,0.75305885,0.216,0.0,0.15350349,25.590172,25.620173,2736000
hardzero_plus_depr__c0p54__z1p05__lam0p030__nu0p50__psi1p00,hardzero_plus_depr,0.02,35,855,0.0,1,0.51546437,0.51546437,1.0419902,0.09078411,0.09078411,1.0,1.3562516e-14,1.4939306e-13,-27.663157,2.2924242,0.76414144,0.120000005,0.0,0.16078652,25.620173,25.650173,2739200
hardzero_plus_depr__c0p54__z1p05__lam0p030__nu0p50__psi1p00,hardzero_plus_depr,0.02,35,856,0.0,1,0.51546437,0.51546437,1.0288202,0.0935793,0.0935793,1.0,1.3566916e-14,1.4497774e-13,-27.691938,2.2634494,0.75448316,0.104,0.0,0.15003906,25.650173,25.680174,2742400
hardzero_plus_depr__c0p54__z1p05__lam0p030__nu0p50__psi1p00,hardzero_plus_depr,0.02,35,857,0.0,1,0.51546437,0.51546437,0.9809918,0.104473986,0.104473986,1.0,1.4698747e-14,1.4069289e-13,-25.96894,2.158225,0.7194084,0.14400001,0.0,0.1230568,25.680174,25.710175,2745600
hardzero_plus_depr__c0p54__z1p05__lam0p030__nu0p50__psi1p00,hardzero_plus_depr,0.02,35,858,0.0,1,0.51546437,0.51546437,0.9701678,0.10711054,0.10711054,1.0,1.4624305e-14,1.365347e-13,-26.271845,2.1344118,0.7114706,0.19999999,0.0,0.1320857,25.710175,25.740175,2748800
hardzero_plus_depr__c0p54__z1p05__lam0p030__nu0p50__psi1p00,hardzero_plus_depr,0.02,35,859,0.0,1,0.51546437,0.51546437,1.0257645,0.09424005,0.09424005,1.0,1.24867505e-14,1.3249941e-13,-27.128962,2.256727,0.7522423,0.14400001,0.0,0.14944766,25.740175,25.770176,2752000
hardzero_plus_depr__c0p54__z1p05__lam0p030__nu0p50__psi1p00,hardzero_plus_depr,0.02,35,860,0.0,1,0.51546437,0.51546437,1.0383573,0.09154669,0.09154669,1.0,1.1771381e-14,1.2858336e-13,-28.436094,2.2844315,0.7614772,0.136,0.0,0.16288991,25.770176,25.800177,2755200
hardzero_plus_depr__c0p54__z1p05__lam0p030__nu0p50__psi1p00,hardzero_plus_depr,0.02,35,861,0.0,1,0.51546437,0.51546437,1.0367221,0.09189205,0.09189205,1.0,1.1466573e-14,1.2478308e-13,-27.820826,2.2808342,0.7602781,0.14400001,0.0,0.12961382,25.800177,25.830177,2758400
hardzero_plus_depr__c0p54__z1p05__lam0p030__nu0p50__psi1p00,hardzero_plus_depr,0.02,35,862,0.0,1,0.51546437,0.51546437,1.0262585,0.0941329,0.0941329,1.0,1.13990314e-14,1.2109508e-13,-27.039398,2.2578137,0.7526046,0.192,0.0,0.15729746,25.830177,25.860178,2761600
hardzero_plus_depr__c0p54__z1p05__lam0p030__nu0p50__psi1p00,hardzero_plus_depr,0.02,35,863,0.0,1,0.51546437,0.51546437,1.0305707,0.093202874,0.093202874,1.0,1.0952839e-14,1.175161e-13,-27.546892,2.2673008,0.755767,0.128,0.0,0.14783332,25.860178,25.890179,2764800
hardzero_plus_depr__c0p54__z1p05__lam0p030__nu0p50__psi1p00,hardzero_plus_depr,0.02,35,864,0.0,1,0.51546437,0.51546437,1.077394,0.0,0.08367699,0.0,0.0,1.140429e-13,-27.9567,2.3703141,0.79010475,0.136,0.0,0.15930165,25.890179,25.92018,2768000
hardzero_plus_depr__c0p54__z1p05__lam0p030__nu0p50__psi1p00,hardzero_plus_depr,0.02,35,865,0.0,1,0.51546437,0.51546437,1.0684419,0.0,0.085419714,0.0,0.0,1.1067234e-13,-28.137928,2.350619,0.7835397,0.24800001,0.0,0.16497658,25.92018,25.95018,2771200
hardzero_plus_depr__c0p54__z1p05__lam0p030__nu0p50__psi1p00,hardzero_plus_depr,0.02,35,866,0.0,1,0.51546437,0.51546437,0.97779715,0.10524532,0.10524532,1.0,1.1303496e-14,1.0740141e-13,-26.641653,2.1511967,0.7170656,0.216,0.0,0.15363492,25.95018,25.98018,2774400
hardzero_plus_depr__c0p54__z1p05__lam0p030__nu0p50__psi1p00,hardzero_plus_depr,0.02,35,867,0.0,1,0.51546437,0.51546437,1.0671637,0.0,0.08567147,0.0,0.0,1.0422715e-13,-27.953451,2.347807,0.7826023,0.192,0.0,0.15794016,25.98018,26.010181,2777600
hardzero_plus_depr__c0p54__z1p05__lam0p030__nu0p50__psi1p00,hardzero_plus_depr,0.02,35,868,0.0,1,0.51546437,0.51546437,0.9875941,0.102897756,0.102897756,1.0,1.0407769e-14,1.01146705e-13,-26.574165,2.1727505,0.7242502,0.136,0.0,0.17932075,26.010181,26.040182,2780800
hardzero_plus_depr__c0p54__z1p05__lam0p030__nu0p50__psi1p00,hardzero_plus_depr,0.02,35,869,0.0,1,0.51546437,0.51546437,0.9636484,0.10873057,0.10873057,1.0,1.0672699e-14,9.8157295e-14,-27.177845,2.1200688,0.7066896,0.16800001,0.0,0.1364045,26.040182,26.070183,2784000
hardzero_plus_depr__c0p54__z1p05__lam0p030__nu0p50__psi1p00,hardzero_plus_depr,0.02,35,870,0.0,1,0.51546437,0.51546437,0.99987376,0.100029066,0.100029066,1.0,9.528394e-15,9.525625e-14,-26.992981,2.1997662,0.7332554,0.17600001,0.0,0.15956308,26.070183,26.100183,2787200
hardzero_plus_depr__c0p54__z1p05__lam0p030__nu0p50__psi1p00,hardzero_plus_depr,0.02,35,871,0.0,1,0.51546437,0.51546437,0.98991984,0.10234819,0.10234819,1.0,9.461162e-15,9.2440934e-14,-27.016605,2.1778672,0.7259557,0.19,0.0,0.14866394,26.100183,26.130184,2790400
hardzero_plus_depr__c0p54__z1p05__lam0p030__nu0p50__psi1p00,hardzero_plus_depr,0.02,35,872,0.0,1,0.51546437,0.51546437,1.0728444,0.0,0.08455818,0.0,0.0,8.9708826e-14,-28.222189,2.3603048,0.7867683,0.14400001,0.0,0.14422964,26.130184,26.160185,2793600
hardzero_plus_depr__c0p54__z1p05__lam0p030__nu0p50__psi1p00,hardzero_plus_depr,0.02,35,873,0.0,1,0.51546437,0.51546437,1.0022861,0.099475,0.099475,1.0,8.660042e-15,8.705748e-14,-26.819561,2.2050734,0.73502445,0.136,0.0,0.16794029,26.160185,26.190186,2796800
hardzero_plus_depr__c0p54__z1p05__lam0p030__nu0p50__psi1p00,hardzero_plus_depr,0.02,35,874,0.0,1,0.51546437,0.51546437,1.0435684,0.0904548,0.0904548,1.0,7.642026e-15,8.4484476e-14,-28.243544,2.2958963,0.7652988,0.16000001,0.0,0.18706839,26.190186,26.220186,2800000
hardzero_plus_depr__c0p54__z1p05__lam0p030__nu0p50__psi1p00,hardzero_plus_depr,0.02,35,875,0.0,1,0.51546437,0.51546437,1.0052261,0.09880383,0.09880383,1.0,8.100683e-15,8.198753e-14,-27.255074,2.2115417,0.7371806,0.17600001,0.0,0.13289632,26.220186,26.250187,2803200
hardzero_plus_depr__c0p54__z1p05__lam0p030__nu0p50__psi1p00,hardzero_plus_depr,0.02,35,876,0.0,1,0.51546437,0.51546437,1.0439755,0.090370044,0.090370044,1.0,7.190236e-15,7.956437e-14,-27.886776,2.2967918,0.7655973,0.16000001,0.0,0.15140572,26.250187,26.280188,2806400
hardzero_plus_depr__c0p54__z1p05__lam0p030__nu0p50__psi1p00,hardzero_plus_depr,0.02,35,877,0.0,1,0.51546437,0.51546437,1.026806,0.094014324,0.094014324,1.0,7.259114e-15,7.721285e-14,-26.533873,2.2590182,0.7530061,0.192,0.0,0.15296945,26.280188,26.310188,2809600
hardzero_plus_depr__c0p54__z1p05__lam0p030__nu0p50__psi1p00,hardzero_plus_depr,0.02,35,878,0.0,1,0.51546437,0.51546437,1.0139295,0.09684352,0.09684352,1.0,7.256563e-15,7.4930805e-14,-26.819067,2.2306895,0.7435632,0.15200001,0.0,0.15526612,26.310188,26.340189,2812800
hardzero_plus_depr__c0p54__z1p05__lam0p030__nu0p50__psi1p00,hardzero_plus_depr,0.02,35,879,0.0,1,0.51546437,0.51546437,1.0303057,0.093259744,0.093259744,1.0,6.7814953e-15,7.271621e-14,-26.861532,2.266718,0.7555727,0.192,0.0,0.161851,26.340189,26.37019,2816000
hardzero_plus_depr__c0p54__z1p05__lam0p030__nu0p50__psi1p00,hardzero_plus_depr,0.02,35,880,0.0,1,0.51546437,0.51546437,0.9733022,0.10634028,0.10634028,1.0,7.504122e-15,7.0567074e-14,-25.56091,2.1413076,0.7137692,0.18400002,0.0,0.14654282,26.37019,26.40019,2819200
hardzero_plus_depr__c0p54__z1p05__lam0p030__nu0p50__psi1p00,hardzero_plus_depr,0.02,35,881,0.0,1,0.51546437,0.51546437,1.0011351,0.099738955,0.099738955,1.0,6.8302687e-15,6.8481455e-14,-27.534021,2.2025414,0.73418045,0.112,0.0,0.13016254,26.40019,26.430191,2822400
hardzero_plus_depr__c0p54__z1p05__lam0p030__nu0p50__psi1p00,hardzero_plus_depr,0.02,35,882,0.0,1,0.51546437,0.51546437,1.0191444,0.095687576,0.095687576,1.0,6.3591553e-15,6.645748e-14,-26.780571,2.2421625,0.7473875,0.208,0.0,0.14854336,26.430191,26.460192,2825600
hardzero_plus_depr__c0p54__z1p05__lam0p030__nu0p50__psi1p00,hardzero_plus_depr,0.02,35,883,0.0,1,0.51546437,0.51546437,1.043406,0.09048863,0.09048863,1.0,5.8359117e-15,6.449332e-14,-27.572977,2.2955391,0.76517975,0.128,0.0,0.15383667,26.460192,26.490192,2828800
hardzero_plus_depr__c0p54__z1p05__lam0p030__nu0p50__psi1p00,hardzero_plus_depr,0.02,35,884,0.0,1,0.51546437,0.51546437,1.0007523,0.09982691,0.09982691,1.0,6.247888e-15,6.258721e-14,-27.341225,2.201699,0.7338997,0.11,0.0,0.14582494,26.490192,26.520193,2832000
hardzero_plus_depr__c0p54__z1p05__lam0p030__nu0p50__psi1p00,hardzero_plus_depr,0.02,35,885,0.0,1,0.51546437,0.51546437,1.0718685,0.0,0.08474838,0.0,0.0,6.073744e-14,-28.525772,2.3581579,0.78605264,0.16800001,0.0,0.13776706,26.520193,26.550194,2835200
hardzero_plus_depr__c0p54__z1p05__lam0p030__nu0p50__psi1p00,hardzero_plus_depr,0.02,35,886,0.0,1,0.51546437,0.51546437,1.0403993,0.09111727,0.09111727,1.0,5.3706645e-15,5.894233e-14,-27.60847,2.2889242,0.76297474,0.16800001,0.0,0.1374894,26.550194,26.580194,2838400
hardzero_plus_depr__c0p54__z1p05__lam0p030__nu0p50__psi1p00,hardzero_plus_depr,0.02,35,887,0.0,1,0.51546437,0.51546437,0.982683,0.104067944,0.104067944,1.0,5.952716e-15,5.7200284e-14,-26.339512,2.1619458,0.72064865,0.208,0.0,0.161796,26.580194,26.610195,2841600
hardzero_plus_depr__c0p54__z1p05__lam0p030__nu0p50__psi1p00,hardzero_plus_depr,0.02,35,888,0.0,1,0.51546437,0.51546437,1.0156817,0.096453555,0.096453555,1.0,5.35411e-15,5.5509725e-14,-27.419125,2.2345445,0.7448482,0.16800001,0.0,0.14719406,26.610195,26.640196,2844800
hardzero_plus_depr__c0p54__z1p05__lam0p030__nu0p50__psi1p00,hardzero_plus_depr,0.02,35,889,0.0,1,0.51546437,0.51546437,1.0641589,0.0,0.08626629,0.0,0.0,5.3869127e-14,-28.63791,2.3411963,0.7803988,0.136,0.0,0.15978089,26.640196,26.670197,2848000
hardzero_plus_depr__c0p54__z1p05__lam0p030__nu0p50__psi1p00,hardzero_plus_depr,0.02,35,890,0.0,1,0.51546437,0.51546437,1.0322673,0.092839465,0.092839465,1.0,4.85337e-15,5.2277017e-14,-27.931273,2.2710335,0.7570112,0.120000005,0.0,0.15719956,26.670197,26.700197,2851200
hardzero_plus_depr__c0p54__z1p05__lam0p030__nu0p50__psi1p00,hardzero_plus_depr,0.02,35,891,0.0,1,0.51546437,0.51546437,1.0379419,0.09163431,0.09163431,1.0,4.6487883e-15,5.073196e-14,-27.89841,2.2835178,0.76117265,0.14400001,0.0,0.14147606,26.700197,26.730198,2854400
hardzero_plus_depr__c0p54__z1p05__lam0p030__nu0p50__psi1p00,hardzero_plus_depr,0.02,35,892,0.0,1,0.51546437,0.51546437,1.0177886,0.09598676,0.09598676,1.0,4.725675e-15,4.9232574e-14,-27.703693,2.2391798,0.7463933,0.15200001,0.0,0.14753754,26.730198,26.760199,2857600
hardzero_plus_depr__c0p54__z1p05__lam0p030__nu0p50__psi1p00,hardzero_plus_depr,0.02,35,893,0.0,1,0.51546437,0.51546437,1.0188074,0.095761865,0.095761865,1.0,4.5752624e-15,4.77775e-14,-26.819714,2.241421,0.74714035,0.096,0.0,0.13380547,26.760199,26.7902,2860800
hardzero_plus_depr__c0p54__z1p05__lam0p030__nu0p50__psi1p00,hardzero_plus_depr,0.02,35,894,0.0,1,0.51546437,0.51546437,1.0750288,0.0,0.08413393,0.0,0.0,4.6365428e-14,-28.287174,2.3651106,0.78837025,0.14400001,0.0,0.15358648,26.7902,26.8202,2864000
hardzero_plus_depr__c0p54__z1p05__lam0p030__nu0p50__psi1p00,hardzero_plus_depr,0.02,35,895,0.0,1,0.51546437,0.51546437,1.0078057,0.09821874,0.09821874,1.0,4.419361e-15,4.499509e-14,-26.540915,2.2172167,0.73907226,0.208,0.0,0.14986663,26.8202,26.8502,2867200
hardzero_plus_depr__c0p54__z1p05__lam0p030__nu0p50__psi1p00,hardzero_plus_depr,0.02,35,896,0.0,1,0.51546437,0.51546437,1.0380402,0.091613576,0.091613576,1.0,4.00033e-15,4.3665253e-14,-26.721954,2.283734,0.7612447,0.112,0.0,0.13709207,26.8502,26.880201,2870400
hardzero_plus_depr__c0p54__z1p05__lam0p030__nu0p50__psi1p00,hardzero_plus_depr,0.02,35,897,0.0,1,0.51546437,0.51546437,1.011961,0.09728346,0.09728346,1.0,4.12236e-15,4.2374724e-14,-27.723461,2.2263587,0.74211955,0.14,0.0,0.14342913,26.880201,26.910202,2873600
hardzero_plus_depr__c0p54__z1p05__lam0p030__nu0p50__psi1p00,hardzero_plus_depr,0.02,35,898,0.0,1,0.51546437,0.51546437,1.0508504,0.0,0.088950746,0.0,0.0,4.112233e-14,-28.306631,2.311917,0.77063906,0.16000001,0.0,0.1507758,26.910202,26.940203,2876800
hardzero_plus_depr__c0p54__z1p05__lam0p030__nu0p50__psi1p00,hardzero_plus_depr,0.02,35,899,0.0,1,0.51546437,0.51546437,1.0003829,0.09991187,0.09991187,1.0,3.987179e-15,3.9906958e-14,-27.219215,2.2008862,0.73362875,0.15200001,0.0,0.14881761,26.940203,26.970203,2880000
hardzero_plus_depr__c0p54__z1p05__lam0p030__nu0p50__psi1p00,hardzero_plus_depr,0.02,35,900,0.0,1,0.51546437,0.51546437,1.0299411,0.093338095,0.093338095,1.0,3.6147512e-15,3.8727502e-14,-27.497961,2.2659156,0.75530523,0.14400001,0.0,0.14738011,26.970203,27.000204,2883200
hardzero_plus_depr__c0p54__z1p05__lam0p030__nu0p50__psi1p00,hardzero_plus_depr,0.02,35,901,0.0,1,0.51546437,0.51546437,0.9550802,0.110897,0.110897,1.0,4.1678315e-15,3.7582906e-14,-25.275793,2.1012185,0.7004062,0.136,0.0,0.116438955,27.000204,27.030205,2886400
hardzero_plus_depr__c0p54__z1p05__lam0p030__nu0p50__psi1p00,hardzero_plus_depr,0.02,35,902,0.0,1,0.51546437,0.51546437,1.0035292,0.09919067,0.09919067,1.0,3.617696e-15,3.647214e-14,-27.28765,2.2078083,0.7359361,0.2,0.0,0.1074624,27.030205,27.060205,2889600
hardzero_plus_depr__c0p54__z1p05__lam0p030__nu0p50__psi1p00,hardzero_plus_depr,0.02,35,903,0.0,1,0.51546437,0.51546437,1.0173149,0.096091524,0.096091524,1.0,3.4010823e-15,3.5394197e-14,-27.092121,2.2381375,0.7460458,0.128,0.0,0.16263713,27.060205,27.090206,2892800
hardzero_plus_depr__c0p54__z1p05__lam0p030__nu0p50__psi1p00,hardzero_plus_depr,0.02,35,904,0.0,1,0.51546437,0.51546437,1.0100588,0.09771049,0.09771049,1.0,3.3561713e-15,3.4348118e-14,-26.869606,2.2221737,0.74072456,0.208,0.008,0.19420022,27.090206,27.120207,2896000
hardzero_plus_depr__c0p54__z1p05__lam0p030__nu0p50__psi1p00,hardzero_plus_depr,0.02,35,905,0.0,1,0.51546437,0.51546437,1.0313735,0.09303074,0.09303074,1.0,3.1009893e-15,3.3332952e-14,-28.195112,2.269067,0.7563557,0.15200001,0.0,0.16925915,27.120207,27.150208,2899200
hardzero_plus_depr__c0p54__z1p05__lam0p030__nu0p50__psi1p00,hardzero_plus_depr,0.02,35,906,0.0,1,0.51546437,0.51546437,1.0548539,0.0,0.08813453,0.0,0.0,3.2347792e-14,-27.626268,2.320725,0.773575,0.072000004,0.0,0.14662905,27.150208,27.180208,2902400
hardzero_plus_depr__c0p54__z1p05__lam0p030__nu0p50__psi1p00,hardzero_plus_depr,0.02,35,907,0.0,1,0.51546437,0.51546437,1.0102295,0.09767208,0.09767208,1.0,3.066098e-15,3.1391753e-14,-27.800215,2.2225492,0.74084973,0.17600001,0.0,0.16673087,27.180208,27.210209,2905600
hardzero_plus_depr__c0p54__z1p05__lam0p030__nu0p50__psi1p00,hardzero_plus_depr,0.02,35,908,0.0,1,0.51546437,0.51546437,1.0434844,0.090472266,0.090472266,1.0,2.7561442e-15,3.0463967e-14,-27.900877,2.2957115,0.7652372,0.16000001,0.0,0.16914213,27.210209,27.24021,2908800
hardzero_plus_depr__c0p54__z1p05__lam0p030__nu0p50__psi1p00,hardzero_plus_depr,0.02,35,909,0.0,1,0.51546437,0.51546437,1.0329615,0.09269119,0.09269119,1.0,2.740285e-15,2.9563598e-14,-27.257143,2.2725606,0.7575202,0.16000001,0.008,0.16378573,27.24021,27.27021,2912000
hardzero_plus_depr__c0p54__z1p05__lam0p030__nu0p50__psi1p00,hardzero_plus_depr,0.02,35,910,0.0,1,0.51546437,0.51546437,1.0485048,0.089432456,0.089432456,1.0,2.5658032e-15,2.8689843e-14,-27.890942,2.3067567,0.76891893,0.17,0.0,0.15885559,27.27021,27.30021,2915200
hardzero_plus_depr__c0p54__z1p05__lam0p030__nu0p50__psi1p00,hardzero_plus_depr,0.02,35,911,0.0,1,0.51546437,0.51546437,1.0332524,0.092629135,0.092629135,1.0,2.5789718e-15,2.7841909e-14,-28.011003,2.2732005,0.7577335,0.14400001,0.0,0.13255708,27.30021,27.330212,2918400
hardzero_plus_depr__c0p54__z1p05__lam0p030__nu0p50__psi1p00,hardzero_plus_depr,0.02,35,912,0.0,1,0.51546437,0.51546437,1.04375,0.09041696,0.09041696,1.0,2.4429794e-15,2.7019038e-14,-27.494036,2.296296,0.765432,0.080000006,0.0,0.13772632,27.330212,27.360212,2921600
hardzero_plus_depr__c0p54__z1p05__lam0p030__nu0p50__psi1p00,hardzero_plus_depr,0.02,35,913,0.0,1,0.51546437,0.51546437,1.0423354,0.09071198,0.09071198,1.0,2.3785123e-15,2.6220488e-14,-27.616282,2.2931836,0.7643945,0.136,0.0,0.13962206,27.360212,27.390213,2924800
hardzero_plus_depr__c0p54__z1p05__lam0p030__nu0p50__psi1p00,hardzero_plus_depr,0.02,35,914,0.0,1,0.51546437,0.51546437,0.962175,0.10910006,0.10910006,1.0,2.7761094e-15,2.5445536e-14,-26.164124,2.1168272,0.7056091,0.128,0.0,0.11685859,27.390213,27.420214,2928000
hardzero_plus_depr__c0p54__z1p05__lam0p030__nu0p50__psi1p00,hardzero_plus_depr,0.02,35,915,0.0,1,0.51546437,0.51546437,1.021252,0.09522433,0.09522433,1.0,2.351421e-15,2.469349e-14,-27.33734,2.2467995,0.7489332,0.112,0.0,0.15177196,27.420214,27.450214,2931200
hardzero_plus_depr__c0p54__z1p05__lam0p030__nu0p50__psi1p00,hardzero_plus_depr,0.02,35,916,0.0,1,0.51546437,0.51546437,1.0192056,0.09567412,0.09567412,1.0,2.2927033e-15,2.3963672e-14,-27.301886,2.242297,0.74743235,0.16800001,0.008,0.13763167,27.450214,27.480215,2934400
hardzero_plus_depr__c0p54__z1p05__lam0p030__nu0p50__psi1p00,hardzero_plus_depr,0.02,35,917,0.0,1,0.51546437,0.51546437,1.0898522,0.0,0.08131072,0.0,0.0,2.3255423e-14,-28.286066,2.3977227,0.79924095,0.18400002,0.0,0.16354933,27.480215,27.510216,2937600
hardzero_plus_depr__c0p54__z1p05__lam0p030__nu0p50__psi1p00,hardzero_plus_depr,0.02,35,918,0.0,1,0.51546437,0.51546437,1.0625235,0.0,0.086591735,0.0,0.0,2.2568104e-14,-27.968904,2.3375983,0.7791995,0.16800001,0.0,0.1772788,27.510216,27.540216,2940800
hardzero_plus_depr__c0p54__z1p05__lam0p030__nu0p50__psi1p00,hardzero_plus_depr,0.02,35,919,0.0,1,0.51546437,0.51546437,1.0706744,0.0,0.08498173,0.0,0.0,2.19011e-14,-27.852806,2.3555307,0.78517693,0.14400001,0.0,0.1641033,27.540216,27.570217,2944000
hardzero_plus_depr__c0p54__z1p05__lam0p030__nu0p50__psi1p00,hardzero_plus_depr,0.02,35,920,0.0,1,0.51546437,0.51546437,1.077866,0.0,0.0835861,0.0,0.0,2.1253812e-14,-28.326801,2.3713524,0.7904508,0.17600001,0.0,0.17202999,27.570217,27.600218,2947200
hardzero_plus_depr__c0p54__z1p05__lam0p030__nu0p50__psi1p00,hardzero_plus_depr,0.02,35,921,0.0,1,0.51546437,0.51546437,1.0243652,0.09454417,0.09454417,1.0,1.9500352e-15,2.0625652e-14,-27.35078,2.2536485,0.7512162,0.17600001,0.0,0.13167767,27.600218,27.630219,2950400
hardzero_plus_depr__c0p54__z1p05__lam0p030__nu0p50__psi1p00,hardzero_plus_depr,0.02,35,922,0.0,1,0.51546437,0.51546437,1.0375574,0.091715485,0.091715485,1.0,1.8357826e-15,2.001606e-14,-27.423836,2.2826717,0.7608906,0.17600001,0.0,0.13916177,27.630219,27.66022,2953600
hardzero_plus_depr__c0p54__z1p05__lam0p030__nu0p50__psi1p00,hardzero_plus_depr,0.02,35,923,0.0,1,0.51546437,0.51546437,1.1082569,0.0,0.07793687,0.0,0.0,1.942448e-14,-29.029568,2.4382138,0.81273794,0.13,0.0,0.19223204,27.66022,27.69022,2956800
hardzero_plus_depr__c0p54__z1p05__lam0p030__nu0p50__psi1p00,hardzero_plus_depr,0.02,35,924,0.0,1,0.51546437,0.51546437,1.0128567,0.09708301,0.09708301,1.0,1.8300524e-15,1.8850388e-14,-27.2414,2.2283292,0.7427764,0.16800001,0.0,0.162768,27.69022,27.72022,2960000
hardzero_plus_depr__c0p54__z1p05__lam0p030__nu0p50__psi1p00,hardzero_plus_depr,0.02,35,925,0.0,1,0.51546437,0.51546437,1.0349187,0.09227443,0.09227443,1.0,1.6880004e-15,1.8293264e-14,-27.789265,2.2768664,0.7589555,0.208,0.0,0.16345477,27.72022,27.750221,2963200
hardzero_plus_depr__c0p54__z1p05__lam0p030__nu0p50__psi1p00,hardzero_plus_depr,0.02,35,926,0.0,1,0.51546437,0.51546437,1.0095707,0.09782035,0.09782035,1.0,1.7365657e-15,1.7752601e-14,-26.380548,2.2210999,0.74036664,0.14400001,0.0,0.14098722,27.750221,27.780222,2966400
hardzero_plus_depr__c0p54__z1p05__lam0p030__nu0p50__psi1p00,hardzero_plus_depr,0.02,35,927,0.0,1,0.51546437,0.51546437,1.0215138,0.09516695,0.09516695,1.0,1.6395288e-15,1.7227922e-14,-27.049753,2.2473752,0.7491251,0.2,0.0,0.16853982,27.780222,27.810223,2969600
hardzero_plus_depr__c0p54__z1p05__lam0p030__nu0p50__psi1p00,hardzero_plus_depr,0.02,35,928,0.0,1,0.51546437,0.51546437,0.9871279,0.103008255,0.103008255,1.0,1.7221691e-15,1.6718748e-14,-26.112385,2.1717248,0.7239083,0.15200001,0.0,0.14001808,27.810223,27.840223,2972800
hardzero_plus_depr__c0p54__z1p05__lam0p030__nu0p50__psi1p00,hardzero_plus_depr,0.02,35,929,0.0,1,0.51546437,0.51546437,1.0133436,0.09697424,0.09697424,1.0,1.5733705e-15,1.6224623e-14,-26.605783,2.2294004,0.7431335,0.16000001,0.0,0.14830524,27.840223,27.870224,2976000
hardzero_plus_depr__c0p54__z1p05__lam0p030__nu0p50__psi1p00,hardzero_plus_depr,0.02,35,930,0.0,1,0.51546437,0.51546437,1.0262004,0.0941455,0.0941455,1.0,1.4823307e-15,1.5745104e-14,-27.05729,2.257686,0.752562,0.120000005,0.0,0.14716172,27.870224,27.900225,2979200
hardzero_plus_depr__c0p54__z1p05__lam0p030__nu0p50__psi1p00,hardzero_plus_depr,0.02,35,931,0.0,1,0.51546437,0.51546437,1.007435,0.0983026,0.0983026,1.0,1.5020395e-15,1.5279753e-14,-26.56718,2.216401,0.7388004,0.16000001,0.0,0.13791236,27.900225,27.930225,2982400
hardzero_plus_depr__c0p54__z1p05__lam0p030__nu0p50__psi1p00,hardzero_plus_depr,0.02,35,932,0.0,1,0.51546437,0.51546437,1.0470456,0.08973346,0.08973346,1.0,1.3305819e-15,1.4828159e-14,-27.863928,2.3035462,0.76784873,0.16000001,0.0,0.17510769,27.930225,27.960226,2985600
hardzero_plus_depr__c0p54__z1p05__lam0p030__nu0p50__psi1p00,hardzero_plus_depr,0.02,35,933,0.0,1,0.51546437,0.51546437,0.9986911,0.10030184,0.10030184,1.0,1.4433345e-15,1.438991e-14,-26.171349,2.1971643,0.73238814,0.224,0.0,0.14064199,27.960226,27.990227,2988800
hardzero_plus_depr__c0p54__z1p05__lam0p030__nu0p50__psi1p00,hardzero_plus_depr,0.02,35,934,0.0,1,0.51546437,0.51546437,1.0183291,0.09586738,0.09586738,1.0,1.338751e-15,1.3964615e-14,-26.509872,2.2403688,0.74678963,0.096,0.0,0.1374712,27.990227,28.020227,2992000
hardzero_plus_depr__c0p54__z1p05__lam0p030__nu0p50__psi1p00,hardzero_plus_depr,0.02,35,935,0.0,1,0.51546437,0.51546437,1.0028962,0.099335335,0.099335335,1.0,1.3461815e-15,1.3551889e-14,-27.208635,2.2064157,0.7354719,0.136,0.0,0.13617256,28.020227,28.050228,2995200
hardzero_plus_depr__c0p54__z1p05__lam0p030__nu0p50__psi1p00,hardzero_plus_depr,0.02,35,936,0.0,1,0.51546437,0.51546437,1.0587938,0.0,0.0873386,0.0,0.0,1.3151361e-14,-28.257805,2.329393,0.77646434,0.11,0.0,0.1825435,28.050228,28.080229,2998400
hardzero_plus_depr__c0p54__z1p05__lam0p030__nu0p50__psi1p00,hardzero_plus_depr,0.02,35,937,0.0,1,0.51546437,0.51546437,1.0714688,0.0,0.08482642,0.0,0.0,1.27626715e-14,-28.157848,2.3572786,0.78575957,0.120000005,0.0,0.15877827,28.080229,28.11023,3001600
hardzero_plus_depr__c0p54__z1p05__lam0p030__nu0p50__psi1p00,hardzero_plus_depr,0.02,35,938,0.0,1,0.51546437,0.51546437,1.0509167,0.0,0.08893718,0.0,0.0,1.2385468e-14,-27.618998,2.3120627,0.7706876,0.16000001,0.0,0.15046205,28.11023,28.14023,3004800
hardzero_plus_depr__c0p54__z1p05__lam0p030__nu0p50__psi1p00,hardzero_plus_depr,0.02,35,939,0.0,1,0.51546437,0.51546437,0.9977187,0.10052667,0.10052667,1.0,1.2082716e-15,1.20194145e-14,-26.71158,2.195025,0.731675,0.136,0.0,0.12893651,28.14023,28.17023,3008000
hardzero_plus_depr__c0p54__z1p05__lam0p030__nu0p50__psi1p00,hardzero_plus_depr,0.02,35,940,0.0,1,0.51546437,0.51546437,1.0817816,0.0,0.082835846,0.0,0.0,1.166418e-14,-27.418205,2.379967,0.7933223,0.104,0.0,0.16215889,28.17023,28.200232,3011200
hardzero_plus_depr__c0p54__z1p05__lam0p030__nu0p50__psi1p00,hardzero_plus_depr,0.02,35,941,0.0,1,0.51546437,0.51546437,0.97708374,0.10541835,0.10541835,1.0,1.1932769e-15,1.13194425e-14,-26.185328,2.1496272,0.7165424,0.17600001,0.0,0.120312504,28.200232,28.230232,3014400
hardzero_plus_depr__c0p54__z1p05__lam0p030__nu0p50__psi1p00,hardzero_plus_depr,0.02,35,942,0.0,1,0.51546437,0.51546437,1.0196674,0.09557241,0.09557241,1.0,1.0498529e-15,1.0984894e-14,-27.29725,2.243313,0.747771,0.08800001,0.0,0.14159451,28.230232,28.260233,3017600
hardzero_plus_depr__c0p54__z1p05__lam0p030__nu0p50__psi1p00,hardzero_plus_depr,0.02,35,943,0.0,1,0.51546437,0.51546437,1.0246296,0.09448664,0.09448664,1.0,1.0072497e-15,1.0660234e-14,-27.55198,2.25423,0.75141,0.192,0.008,0.15176,28.260233,28.290234,3020800
hardzero_plus_depr__c0p54__z1p05__lam0p030__nu0p50__psi1p00,hardzero_plus_depr,0.02,35,944,0.0,1,0.51546437,0.51546437,1.0259235,0.094205566,0.094205566,1.0,9.745727e-16,1.0345171e-14,-27.594982,2.2570767,0.7523589,0.17600001,0.0,0.15475367,28.290234,28.320234,3024000
hardzero_plus_depr__c0p54__z1p05__lam0p030__nu0p50__psi1p00,hardzero_plus_depr,0.02,35,945,0.0,1,0.51546437,0.51546437,1.0528481,0.0,0.08854253,0.0,0.0,1.0039417e-14,-28.133627,2.316312,0.772104,0.16800001,0.0,0.14541763,28.320234,28.350235,3027200
hardzero_plus_depr__c0p54__z1p05__lam0p030__nu0p50__psi1p00,hardzero_plus_depr,0.02,35,946,0.0,1,0.51546437,0.51546437,1.0103616,0.0976424,0.0976424,1.0,9.513007e-16,9.742701e-15,-27.19158,2.2228398,0.74094665,0.2,0.0,0.15840988,28.350235,28.380236,3030400
hardzero_plus_depr__c0p54__z1p05__lam0p030__nu0p50__psi1p00,hardzero_plus_depr,0.02,35,947,0.0,1,0.51546437,0.51546437,1.0188664,0.09574885,0.09574885,1.0,9.052819e-16,9.4547546e-15,-27.304482,2.241551,0.7471837,0.17600001,0.0,0.15703164,28.380236,28.410236,3033600
hardzero_plus_depr__c0p54__z1p05__lam0p030__nu0p50__psi1p00,hardzero_plus_depr,0.02,35,948,0.0,1,0.51546437,0.51546437,1.0790887,0.0,0.0833511,0.0,0.0,9.1753175e-15,-28.803589,2.3740425,0.7913475,0.136,0.0,0.1861228,28.410236,28.440237,3036800
hardzero_plus_depr__c0p54__z1p05__lam0p030__nu0p50__psi1p00,hardzero_plus_depr,0.02,35,949,0.0,1,0.51546437,0.51546437,0.99890125,0.10025331,0.10025331,1.0,8.926695e-16,8.90414e-15,-26.351276,2.1976266,0.7325422,0.12,0.0,0.1330111,28.440237,28.470238,3040000
hardzero_plus_depr__c0p54__z1p05__lam0p030__nu0p50__psi1p00,hardzero_plus_depr,0.02,35,950,0.0,1,0.51546437,0.51546437,1.0564809,0.0,0.087804966,0.0,0.0,8.640977e-15,-28.252132,2.3243043,0.7747681,0.136,0.0,0.17413183,28.470238,28.500238,3043200
hardzero_plus_depr__c0p54__z1p05__lam0p030__nu0p50__psi1p00,hardzero_plus_depr,0.02,35,951,0.0,1,0.51546437,0.51546437,0.9961443,0.10089175,0.10089175,1.0,8.4603694e-16,8.3855914e-15,-26.85463,2.1915612,0.7305204,0.14400001,0.0,0.13840646,28.500238,28.53024,3046400
hardzero_plus_depr__c0p54__z1p05__lam0p030__nu0p50__psi1p00,hardzero_plus_depr,0.02,35,952,0.0,1,0.51546437,0.51546437,1.0699872,0.0,0.08511631,0.0,0.0,8.137755e-15,-28.16517,2.3540187,0.7846729,0.14400001,0.0,0.13412112,28.53024,28.56024,3049600
hardzero_plus_depr__c0p54__z1p05__lam0p030__nu0p50__psi1p00,hardzero_plus_depr,0.02,35,953,0.0,1,0.51546437,0.51546437,1.0013229,0.099695854,0.099695854,1.0,7.873223e-16,7.897242e-15,-26.53381,2.2029543,0.73431814,0.16000001,0.0,0.14310038,28.56024,28.59024,3052800
hardzero_plus_depr__c0p54__z1p05__lam0p030__nu0p50__psi1p00,hardzero_plus_depr,0.02,35,954,0.0,1,0.51546437,0.51546437,1.0147198,0.09666744,0.09666744,1.0,7.408436e-16,7.663838e-15,-27.795908,2.2324283,0.7441428,0.120000005,0.0,0.16791612,28.59024,28.620241,3056000
hardzero_plus_depr__c0p54__z1p05__lam0p030__nu0p50__psi1p00,hardzero_plus_depr,0.02,35,955,0.0,1,0.51546437,0.51546437,1.0467076,0.08980332,0.08980332,1.0,6.678971e-16,7.437332e-15,-28.108648,2.3028028,0.76760095,0.112,0.0,0.17647378,28.620241,28.650242,3059200
hardzero_plus_depr__c0p54__z1p05__lam0p030__nu0p50__psi1p00,hardzero_plus_depr,0.02,35,956,0.0,1,0.51546437,0.51546437,1.0599935,0.0,0.08709765,0.0,0.0,7.21752e-15,-27.5153,2.3320322,0.7773441,0.128,0.0,0.1530861,28.650242,28.680243,3062400
hardzero_plus_depr__c0p54__z1p05__lam0p030__nu0p50__psi1p00,hardzero_plus_depr,0.02,35,957,0.0,1,0.51546437,0.51546437,1.0292326,0.093490474,0.093490474,1.0,6.5482656e-16,7.004206e-15,-26.570776,2.264357,0.7547857,0.128,0.0,0.14939974,28.680243,28.710243,3065600
hardzero_plus_depr__c0p54__z1p05__lam0p030__nu0p50__psi1p00,hardzero_plus_depr,0.02,35,958,0.0,1,0.51546437,0.51546437,1.0701636,0.0,0.08508174,0.0,0.0,6.7971963e-15,-27.493774,2.3544068,0.7848023,0.16000001,0.0,0.14785759,28.710243,28.740244,3068800
hardzero_plus_depr__c0p54__z1p05__lam0p030__nu0p50__psi1p00,hardzero_plus_depr,0.02,35,959,0.0,1,0.51546437,0.51546437,1.0169799,0.096165664,0.096165664,1.0,6.3433794e-16,6.596304e-15,-27.551657,2.2374005,0.7458002,0.16800001,0.0,0.1369845,28.740244,28.770245,3072000
hardzero_plus_depr__c0p54__z1p05__lam0p030__nu0p50__psi1p00,hardzero_plus_depr,0.02,35,960,0.0,1,0.51546437,0.51546437,1.0331497,0.09265104,0.09265104,1.0,5.930916e-16,6.401349e-15,-27.391216,2.2729747,0.75765824,0.14400001,0.008,0.13449392,28.770245,28.800245,3075200
hardzero_plus_depr__c0p54__z1p05__lam0p030__nu0p50__psi1p00,hardzero_plus_depr,0.02,35,961,0.0,1,0.51546437,0.51546437,0.968415,0.10754371,0.10754371,1.0,6.680783e-16,6.212156e-15,-26.00459,2.1305556,0.7101852,0.208,0.0,0.16195193,28.800245,28.830246,3078400
hardzero_plus_depr__c0p54__z1p05__lam0p030__nu0p50__psi1p00,hardzero_plus_depr,0.02,35,962,0.0,1,0.51546437,0.51546437,1.1183729,0.0,0.07614249,0.0,0.0,6.0285554e-15,-28.819416,2.4604695,0.8201565,0.14,0.0,0.16302572,28.830246,28.860247,3081600
hardzero_plus_depr__c0p54__z1p05__lam0p030__nu0p50__psi1p00,hardzero_plus_depr,0.02,35,963,0.0,1,0.51546437,0.51546437,1.0186896,0.09578783,0.09578783,1.0,5.6039525e-16,5.8503803e-15,-26.764566,2.2411618,0.747054,0.15200001,0.0,0.14785568,28.860247,28.890247,3084800
hardzero_plus_depr__c0p54__z1p05__lam0p030__nu0p50__psi1p00,hardzero_plus_depr,0.02,35,964,0.0,1,0.51546437,0.51546437,1.0175084,0.096048735,0.096048735,1.0,5.45314e-16,5.6774717e-15,-27.443865,2.238563,0.7461877,0.17600001,0.0,0.13100305,28.890247,28.920248,3088000
hardzero_plus_depr__c0p54__z1p05__lam0p030__nu0p50__psi1p00,hardzero_plus_depr,0.02,35,965,0.0,1,0.51546437,0.51546437,1.0194275,0.09562522,0.09562522,1.0,5.268637e-16,5.509673e-15,-26.833708,2.2427855,0.7475952,0.15200001,0.0,0.13205189,28.920248,28.950249,3091200
hardzero_plus_depr__c0p54__z1p05__lam0p030__nu0p50__psi1p00,hardzero_plus_depr,0.02,35,966,0.0,1,0.51546437,0.51546437,1.0829167,0.0,0.082619645,0.0,0.0,5.346834e-15,-27.75922,2.3824644,0.7941548,0.120000005,0.0,0.16156992,28.950249,28.98025,3094400
hardzero_plus_depr__c0p54__z1p05__lam0p030__nu0p50__psi1p00,hardzero_plus_depr,0.02,35,967,0.0,1,0.51546437,0.51546437,0.98387814,0.10378196,0.10378196,1.0,5.3850464e-16,5.188808e-15,-27.094584,2.164575,0.7215251,0.16000001,0.0,0.12692948,28.98025,29.01025,3097600
hardzero_plus_depr__c0p54__z1p05__lam0p030__nu0p50__psi1p00,hardzero_plus_depr,0.02,35,968,0.0,1,0.51546437,0.51546437,0.9736581,0.10625316,0.10625316,1.0,5.3503265e-16,5.0354516e-15,-26.487976,2.1420906,0.7140302,0.15200001,0.0,0.16099815,29.01025,29.04025,3100800
hardzero_plus_depr__c0p54__z1p05__lam0p030__nu0p50__psi1p00,hardzero_plus_depr,0.02,35,969,0.0,1,0.51546437,0.51546437,1.030735,0.0931676,0.0931676,1.0,4.552755e-16,4.8866288e-15,-27.469074,2.2676623,0.75588745,0.136,0.0,0.16238968,29.04025,29.070251,3104000
hardzero_plus_depr__c0p54__z1p05__lam0p030__nu0p50__psi1p00,hardzero_plus_depr,0.02,35,970,0.0,1,0.51546437,0.51546437,0.9993102,0.10015896,0.10015896,1.0,4.749742e-16,4.7422037e-15,-26.66488,2.1985264,0.73284215,0.216,0.0,0.13142142,29.070251,29.100252,3107200
hardzero_plus_depr__c0p54__z1p05__lam0p030__nu0p50__psi1p00,hardzero_plus_depr,0.02,35,971,0.0,1,0.51546437,0.51546437,1.0011073,0.099745356,0.099745356,1.0,4.5903283e-16,4.602047e-15,-27.261961,2.20248,0.73416007,0.16000001,0.0,0.17201449,29.100252,29.130253,3110400
hardzero_plus_depr__c0p54__z1p05__lam0p030__nu0p50__psi1p00,hardzero_plus_depr,0.02,35,972,0.0,1,0.51546437,0.51546437,0.98839587,0.10270797,0.10270797,1.0,4.5869714e-16,4.466033e-15,-26.54003,2.1745143,0.72483814,0.208,0.0,0.14806242,29.130253,29.160254,3113600
hardzero_plus_depr__c0p54__z1p05__lam0p030__nu0p50__psi1p00,hardzero_plus_depr,0.02,35,973,0.0,1,0.51546437,0.51546437,1.0417025,0.09084426,0.09084426,1.0,3.9372254e-16,4.334039e-15,-27.183725,2.2917912,0.76393044,0.18400002,0.0,0.17443156,29.160254,29.190254,3116800
hardzero_plus_depr__c0p54__z1p05__lam0p030__nu0p50__psi1p00,hardzero_plus_depr,0.02,35,974,0.0,1,0.51546437,0.51546437,1.0169858,0.09616438,0.09616438,1.0,4.0446215e-16,4.2059455e-15,-26.873993,2.2374134,0.7458045,0.208,0.0,0.15578195,29.190254,29.220255,3120000
hardzero_plus_depr__c0p54__z1p05__lam0p030__nu0p50__psi1p00,hardzero_plus_depr,0.02,35,975,0.0,1,0.51546437,0.51546437,0.9581878,0.11010629,0.11010629,1.0,4.494141e-16,4.0816387e-15,-25.960829,2.1080554,0.7026851,0.19,0.0,0.1242126,29.220255,29.250256,3123200
hardzero_plus_depr__c0p54__z1p05__lam0p030__nu0p50__psi1p00,hardzero_plus_depr,0.02,35,976,0.0,1,0.51546437,0.51546437,0.9966659,0.10077066,0.10077066,1.0,3.991531e-16,3.961005e-15,-26.709467,2.1927087,0.7309029,0.136,0.0,0.15187153,29.250256,29.280256,3126400
hardzero_plus_depr__c0p54__z1p05__lam0p030__nu0p50__psi1p00,hardzero_plus_depr,0.02,35,977,0.0,1,0.51546437,0.51546437,1.0274695,0.0938708,0.0938708,1.0,3.6083347e-16,3.843937e-15,-27.154102,2.260478,0.7534927,0.192,0.0,0.17598023,29.280256,29.310257,3129600
hardzero_plus_depr__c0p54__z1p05__lam0p030__nu0p50__psi1p00,hardzero_plus_depr,0.02,35,978,0.0,1,0.51546437,0.51546437,1.0305625,0.09320462,0.09320462,1.0,3.4768392e-16,3.7303293e-15,-27.12975,2.2672827,0.7557609,0.192,0.0,0.13593708,29.310257,29.340258,3132800
hardzero_plus_depr__c0p54__z1p05__lam0p030__nu0p50__psi1p00,hardzero_plus_depr,0.02,35,979,0.0,1,0.51546437,0.51546437,0.94625664,0.11317314,0.11317314,1.0,4.0969568e-16,3.6200786e-15,-25.981514,2.0818062,0.6939354,0.17600001,0.0,0.13454667,29.340258,29.370258,3136000
hardzero_plus_depr__c0p54__z1p05__lam0p030__nu0p50__psi1p00,hardzero_plus_depr,0.02,35,980,0.0,1,0.51546437,0.51546437,1.0756625,0.0,0.08401126,0.0,0.0,3.5130867e-15,-27.421074,2.3665047,0.7888349,0.14400001,0.0,0.14532438,29.370258,29.400259,3139200
hardzero_plus_depr__c0p54__z1p05__lam0p030__nu0p50__psi1p00,hardzero_plus_depr,0.02,35,981,0.0,1,0.51546437,0.51546437,0.9941154,0.1013642,0.1013642,1.0,3.455766e-16,3.4092568e-15,-26.597462,2.1870975,0.7290325,0.192,0.0,0.15431243,29.400259,29.43026,3142400
hardzero_plus_depr__c0p54__z1p05__lam0p030__nu0p50__psi1p00,hardzero_plus_depr,0.02,35,982,0.0,1,0.51546437,0.51546437,0.99922484,0.10017864,0.10017864,1.0,3.3144058e-16,3.3084957e-15,-26.182274,2.1983385,0.7327795,0.16000001,0.0,0.13170084,29.43026,29.46026,3145600
hardzero_plus_depr__c0p54__z1p05__lam0p030__nu0p50__psi1p00,hardzero_plus_depr,0.02,35,983,0.0,1,0.51546437,0.51546437,1.0019912,0.099542566,0.099542566,1.0,3.196026e-16,3.210713e-15,-26.861452,2.2044246,0.7348082,0.17600001,0.0,0.12607235,29.46026,29.490261,3148800
hardzero_plus_depr__c0p54__z1p05__lam0p030__nu0p50__psi1p00,hardzero_plus_depr,0.02,35,984,0.0,1,0.51546437,0.51546437,0.96830547,0.10757084,0.10757084,1.0,3.3517136e-16,3.1158198e-15,-26.841455,2.1303146,0.7101049,0.16800001,0.008,0.14355622,29.490261,29.520262,3152000
hardzero_plus_depr__c0p54__z1p05__lam0p030__nu0p50__psi1p00,hardzero_plus_depr,0.02,35,985,0.0,1,0.51546437,0.51546437,1.0188522,0.09575198,0.09575198,1.0,2.8952822e-16,3.023731e-15,-27.470633,2.2415197,0.74717325,0.14400001,0.0,0.14468203,29.520262,29.550262,3155200
hardzero_plus_depr__c0p54__z1p05__lam0p030__nu0p50__psi1p00,hardzero_plus_depr,0.02,35,986,0.0,1,0.51546437,0.51546437,1.0040369,0.09907478,0.09907478,1.0,2.9072153e-16,2.9343646e-15,-27.353802,2.2089252,0.73630846,0.15200001,0.0,0.16436356,29.550262,29.580263,3158400
hardzero_plus_depr__c0p54__z1p05__lam0p030__nu0p50__psi1p00,hardzero_plus_depr,0.02,35,987,0.0,1,0.51546437,0.51546437,1.0355618,0.092137866,0.092137866,1.0,2.623754e-16,2.847639e-15,-27.20895,2.2782815,0.7594272,0.16000001,0.0,0.19723041,29.580263,29.610264,3161600
hardzero_plus_depr__c0p54__z1p05__lam0p030__nu0p50__psi1p00,hardzero_plus_depr,0.02,35,988,0.0,1,0.51546437,0.51546437,1.0146295,0.09668753,0.09668753,1.0,2.6719374e-16,2.7634765e-15,-27.749262,2.2322295,0.7440765,0.19999999,0.0,0.1594004,29.610264,29.640265,3164800
hardzero_plus_depr__c0p54__z1p05__lam0p030__nu0p50__psi1p00,hardzero_plus_depr,0.02,35,989,0.0,1,0.51546437,0.51546437,0.99700314,0.100692436,0.100692436,1.0,2.7003717e-16,2.681802e-15,-26.80893,2.1934507,0.73115027,0.15200001,0.0,0.14520025,29.640265,29.670265,3168000
hardzero_plus_depr__c0p54__z1p05__lam0p030__nu0p50__psi1p00,hardzero_plus_depr,0.02,35,990,0.0,1,0.51546437,0.51546437,1.0500355,0.0,0.08911781,0.0,0.0,2.6025407e-15,-28.211145,2.3101242,0.7700414,0.15200001,0.0,0.16368276,29.670265,29.700266,3171200
hardzero_plus_depr__c0p54__z1p05__lam0p030__nu0p50__psi1p00,hardzero_plus_depr,0.02,35,991,0.0,1,0.51546437,0.51546437,0.99796057,0.10047069,0.10047069,1.0,2.53751e-16,2.5256223e-15,-27.086422,2.195557,0.7318524,0.18400002,0.0,0.1568552,29.700266,29.730267,3174400
hardzero_plus_depr__c0p54__z1p05__lam0p030__nu0p50__psi1p00,hardzero_plus_depr,0.02,35,992,0.0,1,0.51546437,0.51546437,1.0282309,0.09370636,0.09370636,1.0,2.2967216e-16,2.4509773e-15,-27.046425,2.2621531,0.7540511,0.16000001,0.0,0.1415521,29.730267,29.760267,3177600
hardzero_plus_depr__c0p54__z1p05__lam0p030__nu0p50__psi1p00,hardzero_plus_depr,0.02,35,993,0.0,1,0.51546437,0.51546437,1.0359273,0.09206036,0.09206036,1.0,2.1896908e-16,2.3785382e-15,-27.759575,2.2790856,0.75969523,0.23200001,0.0,0.1816314,29.760267,29.790268,3180800
hardzero_plus_depr__c0p54__z1p05__lam0p030__nu0p50__psi1p00,hardzero_plus_depr,0.02,35,994,0.0,1,0.51546437,0.51546437,1.0530397,0.0,0.08850348,0.0,0.0,2.3082402e-15,-27.563404,2.3167336,0.7722446,0.136,0.0,0.13473208,29.790268,29.820269,3184000
hardzero_plus_depr__c0p54__z1p05__lam0p030__nu0p50__psi1p00,hardzero_plus_depr,0.02,35,995,0.0,1,0.51546437,0.51546437,1.0413532,0.09091734,0.09091734,1.0,2.0365663e-16,2.2400197e-15,-27.752747,2.2910228,0.76367426,0.14400001,0.0,0.16785811,29.820269,29.85027,3187200
hardzero_plus_depr__c0p54__z1p05__lam0p030__nu0p50__psi1p00,hardzero_plus_depr,0.02,35,996,0.0,1,0.51546437,0.51546437,1.0485784,0.08941732,0.08941732,1.0,1.9437679e-16,2.1738158e-15,-28.15613,2.3069186,0.7689729,0.18400002,0.0,0.13919652,29.85027,29.88027,3190400
hardzero_plus_depr__c0p54__z1p05__lam0p030__nu0p50__psi1p00,hardzero_plus_depr,0.02,35,997,0.0,1,0.51546437,0.51546437,1.0488544,0.089360505,0.089360505,1.0,1.8851209e-16,2.1095684e-15,-27.959885,2.3075256,0.76917523,0.208,0.0,0.1592892,29.88027,29.91027,3193600
hardzero_plus_depr__c0p54__z1p05__lam0p030__nu0p50__psi1p00,hardzero_plus_depr,0.02,35,998,0.0,1,0.51546437,0.51546437,1.0507371,0.0,0.08897395,0.0,0.0,2.0472198e-15,-26.89265,2.311668,0.770556,0.16800001,0.0,0.15749887,29.91027,29.940271,3196800
hardzero_plus_depr__c0p54__z1p05__lam0p030__nu0p50__psi1p00,hardzero_plus_depr,0.02,35,999,0.0,1,0.51546437,0.51546437,1.0493733,0.08925381,0.08925381,1.0,1.773218e-16,1.9867139e-15,-28.205853,2.3086674,0.7695558,0.16000001,0.0,0.17034774,29.940271,29.970272,3200000
hardzero_plus_depr__c0p54__z1p05__lam0p030__nu0p50__psi1p00,hardzero_plus_depr,0.02,35,1000,0.0,1,0.51546437,0.51546437,1.0040046,0.09908215,0.09908215,1.0,1.9103002e-16,1.9279963e-15,-26.752466,2.2088542,0.73628473,0.17600001,0.0,0.13604942,29.970272,30.000273,3203200
hardzero_plus_depr__c0p54__z1p05__lam0p030__nu0p50__psi1p00,hardzero_plus_depr,0.02,35,1001,0.0,1,0.51546437,0.51546437,1.0067996,0.09844652,0.09844652,1.0,1.8419485e-16,1.8710143e-15,-27.096245,2.2150033,0.7383344,0.16,0.0,0.1418038,30.000273,30.030273,3206400
hardzero_plus_depr__c0p54__z1p05__lam0p030__nu0p50__psi1p00,hardzero_plus_depr,0.02,35,1002,0.0,1,0.51546437,0.51546437,1.0637449,0.0,0.086348556,0.0,0.0,1.8157161e-15,-27.899506,2.3402855,0.7800952,0.104,0.0,0.1453762,30.030273,30.060274,3209600
hardzero_plus_depr__c0p54__z1p05__lam0p030__nu0p50__psi1p00,hardzero_plus_depr,0.02,35,1003,0.0,1,0.51546437,0.51546437,1.0339954,0.09247079,0.09247079,1.0,1.6293837e-16,1.7620524e-15,-27.031078,2.2748353,0.7582785,0.192,0.0,0.16225259,30.060274,30.090275,3212800
hardzero_plus_depr__c0p54__z1p05__lam0p030__nu0p50__psi1p00,hardzero_plus_depr,0.02,35,1004,0.0,1,0.51546437,0.51546437,1.029766,0.093375735,0.093375735,1.0,1.5967014e-16,1.7099748e-15,-27.290249,2.2655303,0.7551768,0.18400002,0.0,0.16608556,30.090275,30.120275,3216000
hardzero_plus_depr__c0p54__z1p05__lam0p030__nu0p50__psi1p00,hardzero_plus_depr,0.02,35,1005,0.0,1,0.51546437,0.51546437,1.0860764,0.0,0.08202073,0.0,0.0,1.659436e-15,-28.840256,2.3894157,0.79647195,0.136,0.0,0.19226207,30.120275,30.150276,3219200
hardzero_plus_depr__c0p54__z1p05__lam0p030__nu0p50__psi1p00,hardzero_plus_depr,0.02,35,1006,0.0,1,0.51546437,0.51546437,1.0160569,0.09637028,0.09637028,1.0,1.5519387e-16,1.6103913e-15,-27.793406,2.23537,0.7451233,0.120000005,0.0,0.12560487,30.150276,30.180277,3222400
hardzero_plus_depr__c0p54__z1p05__lam0p030__nu0p50__psi1p00,hardzero_plus_depr,0.02,35,1007,0.0,1,0.51546437,0.51546437,1.0048941,0.09887942,0.09887942,1.0,1.5452835e-16,1.5627959e-15,-27.12952,2.2108111,0.73693705,0.208,0.0,0.14246961,30.180277,30.210278,3225600
hardzero_plus_depr__c0p54__z1p05__lam0p030__nu0p50__psi1p00,hardzero_plus_depr,0.02,35,1008,0.0,1,0.51546437,0.51546437,0.98907715,0.10254697,0.10254697,1.0,1.5552348e-16,1.5166073e-15,-26.538647,2.1760132,0.72533774,0.136,0.0,0.13878393,30.210278,30.240278,3228800
hardzero_plus_depr__c0p54__z1p05__lam0p030__nu0p50__psi1p00,hardzero_plus_depr,0.02,35,1009,0.0,1,0.51546437,0.51546437,1.0349907,0.09225912,0.09225912,1.0,1.3578547e-16,1.4717838e-15,-27.547153,2.277025,0.75900835,0.16800001,0.0,0.18191348,30.240278,30.270279,3232000
hardzero_plus_depr__c0p54__z1p05__lam0p030__nu0p50__psi1p00,hardzero_plus_depr,0.02,35,1010,0.0,1,0.51546437,0.51546437,1.05641,0.0,0.08781931,0.0,0.0,1.428285e-15,-27.355816,2.3241484,0.77471614,0.128,0.0,0.14465256,30.270279,30.30028,3235200
hardzero_plus_depr__c0p54__z1p05__lam0p030__nu0p50__psi1p00,hardzero_plus_depr,0.02,35,1011,0.0,1,0.51546437,0.51546437,1.0361525,0.09201265,0.09201265,1.0,1.2753615e-16,1.3860719e-15,-27.55899,2.279581,0.7598604,0.136,0.0,0.13452059,30.30028,30.33028,3238400
hardzero_plus_depr__c0p54__z1p05__lam0p030__nu0p50__psi1p00,hardzero_plus_depr,0.02,35,1012,0.0,1,0.51546437,0.51546437,0.95846105,0.11003703,0.11003703,1.0,1.480115e-16,1.3451063e-15,-26.138435,2.1086564,0.7028855,0.16800001,0.0,0.115357436,30.33028,30.360281,3241600
hardzero_plus_depr__c0p54__z1p05__lam0p030__nu0p50__psi1p00,hardzero_plus_depr,0.02,35,1013,0.0,1,0.51546437,0.51546437,1.0453957,0.09007501,0.09007501,1.0,1.1757956e-16,1.3053516e-15,-27.461355,2.2999165,0.7666389,0.14400001,0.0,0.1608929,30.360281,30.390282,3244800
hardzero_plus_depr__c0p54__z1p05__lam0p030__nu0p50__psi1p00,hardzero_plus_depr,0.02,35,1014,0.0,1,0.51546437,0.51546437,1.1013665,0.0,0.079183266,0.0,0.0,1.2667718e-15,-27.602854,2.4230547,0.8076849,0.099999994,0.0,0.1678211,30.390282,30.420282,3248000
hardzero_plus_depr__c0p54__z1p05__lam0p030__nu0p50__psi1p00,hardzero_plus_depr,0.02,35,1015,0.0,1,0.51546437,0.51546437,0.98098564,0.104475476,0.104475476,1.0,1.2843505e-16,1.2293321e-15,-26.990206,2.1582115,0.71940386,0.16000001,0.0,0.13511056,30.420282,30.450283,3251200
hardzero_plus_depr__c0p54__z1p05__lam0p030__nu0p50__psi1p00,hardzero_plus_depr,0.02,35,1016,0.0,1,0.51546437,0.51546437,0.99440324,0.10129704,0.10129704,1.0,1.2084728e-16,1.192999e-15,-26.468298,2.1877308,0.72924364,0.15200001,0.0,0.13502628,30.450283,30.480284,3254400
hardzero_plus_depr__c0p54__z1p05__lam0p030__nu0p50__psi1p00,hardzero_plus_depr,0.02,35,1017,0.0,1,0.51546437,0.51546437,0.9991394,0.10019834,0.10019834,1.0,1.1600361e-16,1.1577398e-15,-26.678438,2.1981506,0.7327169,0.15200001,0.0,0.13740696,30.480284,30.510284,3257600
hardzero_plus_depr__c0p54__z1p05__lam0p030__nu0p50__psi1p00,hardzero_plus_depr,0.02,35,1018,0.0,1,0.51546437,0.51546437,1.041226,0.09094399,0.09094399,1.0,1.0217763e-16,1.1235226e-15,-27.824236,2.290743,0.76358104,0.15200001,0.0,0.1478211,30.510284,30.540285,3260800
hardzero_plus_depr__c0p54__z1p05__lam0p030__nu0p50__psi1p00,hardzero_plus_depr,0.02,35,1019,0.0,1,0.51546437,0.51546437,1.0487245,0.08938723,0.08938723,1.0,9.74604e-17,1.0903168e-15,-27.321657,2.30724,0.76908004,0.112,0.0,0.1552843,30.540285,30.570286,3264000
hardzero_plus_depr__c0p54__z1p05__lam0p030__nu0p50__psi1p00,hardzero_plus_depr,0.02,35,1020,0.0,1,0.51546437,0.51546437,1.0381446,0.09159154,0.09159154,1.0,9.6912295e-17,1.0580923e-15,-27.396341,2.2839637,0.76132125,0.120000005,0.0,0.14091672,30.570286,30.600286,3267200
hardzero_plus_depr__c0p54__z1p05__lam0p030__nu0p50__psi1p00,hardzero_plus_depr,0.02,35,1021,0.0,1,0.51546437,0.51546437,1.0179768,0.095945194,0.095945194,1.0,9.851847e-17,1.0268202e-15,-27.080624,2.2395935,0.7465312,0.136,0.0,0.14200786,30.600286,30.630287,3270400
hardzero_plus_depr__c0p54__z1p05__lam0p030__nu0p50__psi1p00,hardzero_plus_depr,0.02,35,1022,0.0,1,0.51546437,0.51546437,1.0279949,0.09375731,0.09375731,1.0,9.3426576e-17,9.964724e-16,-26.483463,2.2616339,0.753878,0.16000001,0.0,0.1503263,30.630287,30.660288,3273600
hardzero_plus_depr__c0p54__z1p05__lam0p030__nu0p50__psi1p00,hardzero_plus_depr,0.02,35,1023,0.0,1,0.51546437,0.51546437,0.99581087,0.10096926,0.10096926,1.0,9.7639447e-17,9.670215e-16,-26.749743,2.1908276,0.73027587,0.14400001,0.0,0.13515703,30.660288,30.690289,3276800
hardzero_plus_depr__c0p54__z1p05__lam0p030__nu0p50__psi1p00,hardzero_plus_depr,0.02,35,1024,0.0,1,0.51546437,0.51546437,0.9729901,0.10641673,0.10641673,1.0,9.986584e-17,9.384411e-16,-26.175371,2.140621,0.7135403,0.192,0.0,0.14889593,30.690289,30.72029,3280000
hardzero_plus_depr__c0p54__z1p05__lam0p030__nu0p50__psi1p00,hardzero_plus_depr,0.02,35,1025,0.0,1,0.51546437,0.51546437,0.98806804,0.10278553,0.10278553,1.0,9.360733e-17,9.107054e-16,-26.692478,2.173793,0.7245977,0.208,0.0,0.15380009,30.72029,30.75029,3283200
hardzero_plus_depr__c0p54__z1p05__lam0p030__nu0p50__psi1p00,hardzero_plus_depr,0.02,35,1026,0.0,1,0.51546437,0.51546437,1.014798,0.09665001,0.09665001,1.0,8.541825e-17,8.8378936e-16,-26.912207,2.2326002,0.7442001,0.15200001,0.0,0.15551679,30.75029,30.78029,3286400
hardzero_plus_depr__c0p54__z1p05__lam0p030__nu0p50__psi1p00,hardzero_plus_depr,0.02,35,1027,0.0,1,0.51546437,0.51546437,1.0183232,0.095868684,0.095868684,1.0,8.222358e-17,8.576688e-16,-27.403776,2.2403557,0.7467853,0.22999999,0.0,0.13653567,30.78029,30.810291,3289600
hardzero_plus_depr__c0p54__z1p05__lam0p030__nu0p50__psi1p00,hardzero_plus_depr,0.02,35,1028,0.0,1,0.51546437,0.51546437,1.0284475,0.093659624,0.093659624,1.0,7.7954805e-17,8.323203e-16,-26.51755,2.2626297,0.75420994,0.128,0.0,0.120456696,30.810291,30.840292,3292800
hardzero_plus_depr__c0p54__z1p05__lam0p030__nu0p50__psi1p00,hardzero_plus_depr,0.02,35,1029,0.0,1,0.51546437,0.51546437,0.98752964,0.10291303,0.10291303,1.0,8.3125014e-17,8.07721e-16,-26.225742,2.1726086,0.7242029,0.18400002,0.0,0.15962286,30.840292,30.870293,3296000
hardzero_plus_depr__c0p54__z1p05__lam0p030__nu0p50__psi1p00,hardzero_plus_depr,0.02,35,1030,0.0,1,0.51546437,0.51546437,0.9801064,0.10468719,0.10468719,1.0,8.205892e-17,7.838487e-16,-26.756428,2.1562772,0.71875906,0.18400002,0.0,0.15624253,30.870293,30.900293,3299200
hardzero_plus_depr__c0p54__z1p05__lam0p030__nu0p50__psi1p00,hardzero_plus_depr,0.02,35,1031,0.0,1,0.51546437,0.51546437,1.0583357,0.0,0.08743077,0.0,0.0,7.606819e-16,-27.695065,2.3283849,0.7761283,0.120000005,0.0,0.17083095,30.900293,30.930294,3302400
hardzero_plus_depr__c0p54__z1p05__lam0p030__nu0p50__psi1p00,hardzero_plus_depr,0.02,35,1032,0.0,1,0.51546437,0.51546437,1.0451602,0.09012387,0.09012387,1.0,6.652943e-17,7.3819985e-16,-27.70545,2.2993982,0.7664661,0.14400001,0.0,0.15277077,30.930294,30.960295,3305600
hardzero_plus_depr__c0p54__z1p05__lam0p030__nu0p50__psi1p00,hardzero_plus_depr,0.02,35,1033,0.0,1,0.51546437,0.51546437,1.0574628,0.0,0.087606676,0.0,0.0,7.163823e-16,-27.994987,2.3264647,0.77548826,0.104,0.0,0.14002857,30.960295,30.990295,3308800
hardzero_plus_depr__c0p54__z1p05__lam0p030__nu0p50__psi1p00,hardzero_plus_depr,0.02,35,1034,0.0,1,0.51546437,0.51546437,1.0731165,0.0,0.08450519,0.0,0.0,6.9520954e-16,-28.588867,2.3609035,0.7869679,0.104,0.0,0.14758064,30.990295,31.020296,3312000
hardzero_plus_depr__c0p54__z1p05__lam0p030__nu0p50__psi1p00,hardzero_plus_depr,0.02,35,1035,0.0,1,0.51546437,0.51546437,1.0295973,0.093412004,0.093412004,1.0,6.3021574e-17,6.746625e-16,-26.789822,2.2651594,0.75505316,0.08800001,0.0,0.13055816,31.020296,31.050297,3315200
hardzero_plus_depr__c0p54__z1p05__lam0p030__nu0p50__psi1p00,hardzero_plus_depr,0.02,35,1036,0.0,1,0.51546437,0.51546437,1.0263948,0.09410335,0.09410335,1.0,6.161161e-17,6.547228e-16,-27.304329,2.2581136,0.75270456,0.18400002,0.0,0.15444441,31.050297,31.080297,3318400
hardzero_plus_depr__c0p54__z1p05__lam0p030__nu0p50__psi1p00,hardzero_plus_depr,0.02,35,1037,0.0,1,0.51546437,0.51546437,0.9816703,0.104310885,0.104310885,1.0,6.6276245e-17,6.353723e-16,-26.657507,2.1597178,0.719906,0.136,0.0,0.16333038,31.080297,31.110298,3321600
hardzero_plus_depr__c0p54__z1p05__lam0p030__nu0p50__psi1p00,hardzero_plus_depr,0.02,35,1038,0.0,1,0.51546437,0.51546437,1.0123459,0.097197264,0.097197264,1.0,5.9931234e-17,6.165938e-16,-26.329327,2.2272055,0.74240184,0.112,0.0,0.15016969,31.110298,31.140299,3324800
hardzero_plus_depr__c0p54__z1p05__lam0p030__nu0p50__psi1p00,hardzero_plus_depr,0.02,35,1039,0.0,1,0.51546437,0.51546437,1.0685998,0.0,0.08538866,0.0,0.0,5.983703e-16,-27.622917,2.3509665,0.7836555,0.128,0.0,0.16431893,31.140299,31.1703,3328000
hardzero_plus_depr__c0p54__z1p05__lam0p030__nu0p50__psi1p00,hardzero_plus_depr,0.02,35,1040,0.0,1,0.51546437,0.51546437,1.0013342,0.09969326,0.09969326,1.0,5.789042e-17,5.806854e-16,-26.560888,2.2029793,0.7343265,0.22,0.0,0.15612106,31.1703,31.2003,3331200
hardzero_plus_depr__c0p54__z1p05__lam0p030__nu0p50__psi1p00,hardzero_plus_depr,0.02,35,1041,0.0,1,0.51546437,0.51546437,1.0326453,0.09275871,0.09275871,1.0,5.2271677e-17,5.6352313e-16,-26.755718,2.2718651,0.7572884,0.16800001,0.0,0.16989388,31.2003,31.2303,3334400
hardzero_plus_depr__c0p54__z1p05__lam0p030__nu0p50__psi1p00,hardzero_plus_depr,0.02,35,1042,0.0,1,0.51546437,0.51546437,1.019525,0.09560375,0.09560375,1.0,5.2282645e-17,5.4686813e-16,-27.168537,2.243,0.7476667,0.080000006,0.0,0.13063261,31.2303,31.260302,3337600
hardzero_plus_depr__c0p54__z1p05__lam0p030__nu0p50__psi1p00,hardzero_plus_depr,0.02,35,1043,0.0,1,0.51546437,0.51546437,1.0238916,0.09464733,0.09464733,1.0,5.0229854e-17,5.307054e-16,-26.827065,2.2526064,0.7508688,0.128,0.0,0.15115708,31.260302,31.290302,3340800
hardzero_plus_depr__c0p54__z1p05__lam0p030__nu0p50__psi1p00,hardzero_plus_depr,0.02,35,1044,0.0,1,0.51546437,0.51546437,0.9973931,0.10060207,0.10060207,1.0,5.1812112e-17,5.1502033e-16,-26.970455,2.1943085,0.7314362,0.15200001,0.0,0.15643695,31.290302,31.320303,3344000
hardzero_plus_depr__c0p54__z1p05__lam0p030__nu0p50__psi1p00,hardzero_plus_depr,0.02,35,1045,0.0,1,0.51546437,0.51546437,0.99334085,0.10154513,0.10154513,1.0,5.075214e-17,4.9979883e-16,-27.093103,2.1853936,0.72846454,0.16800001,0.0,0.16447851,31.320303,31.350304,3347200
hardzero_plus_depr__c0p54__z1p05__lam0p030__nu0p50__psi1p00,hardzero_plus_depr,0.02,35,1046,0.0,1,0.51546437,0.51546437,1.0215472,0.09515965,0.09515965,1.0,4.615502e-17,4.850272e-16,-27.081762,2.2474487,0.74914956,0.15200001,0.0,0.1825991,31.350304,31.380304,3350400
hardzero_plus_depr__c0p54__z1p05__lam0p030__nu0p50__psi1p00,hardzero_plus_depr,0.02,35,1047,0.0,1,0.51546437,0.51546437,1.0149951,0.096606165,0.096606165,1.0,4.5471766e-17,4.706922e-16,-27.39544,2.233034,0.74434465,0.18400002,0.0,0.13059253,31.380304,31.410305,3353600
hardzero_plus_depr__c0p54__z1p05__lam0p030__nu0p50__psi1p00,hardzero_plus_depr,0.02,35,1048,0.0,1,0.51546437,0.51546437,1.0179248,0.095956676,0.095956676,1.0,4.3831166e-17,4.567808e-16,-27.462727,2.2394793,0.7464931,0.18400002,0.0,0.14496316,31.410305,31.440306,3356800
hardzero_plus_depr__c0p54__z1p05__lam0p030__nu0p50__psi1p00,hardzero_plus_depr,0.02,35,1049,0.0,1,0.51546437,0.51546437,1.0632098,0.0,0.08645502,0.0,0.0,4.4328058e-16,-28.52833,2.3391082,0.7797028,0.16000001,0.0,0.16204834,31.440306,31.470306,3360000
hardzero_plus_depr__c0p54__z1p05__lam0p030__nu0p50__psi1p00,hardzero_plus_depr,0.02,35,1050,0.0,1,0.51546437,0.51546437,1.0177424,0.095997,0.095997,1.0,4.1295927e-17,4.3017937e-16,-26.774685,2.239078,0.74635935,0.224,0.0,0.14984426,31.470306,31.500307,3363200
hardzero_plus_depr__c0p54__z1p05__lam0p030__nu0p50__psi1p00,hardzero_plus_depr,0.02,35,1051,0.0,1,0.51546437,0.51546437,1.0497408,0.089178294,0.089178294,1.0,3.722885e-17,4.1746535e-16,-27.672,2.309476,0.76982534,0.128,0.0,0.16709837,31.500307,31.530308,3366400
hardzero_plus_depr__c0p54__z1p05__lam0p030__nu0p50__psi1p00,hardzero_plus_depr,0.02,35,1052,0.0,1,0.51546437,0.51546437,0.9963108,0.1008531,0.1008531,1.0,4.0858325e-17,4.051271e-16,-26.996048,2.1919274,0.7306425,0.112,0.0,0.12961398,31.530308,31.560308,3369600
hardzero_plus_depr__c0p54__z1p05__lam0p030__nu0p50__psi1p00,hardzero_plus_depr,0.02,35,1053,0.0,1,0.51546437,0.51546437,0.9714172,0.10680283,0.10680283,1.0,4.1989908e-17,3.9315352e-16,-26.175468,2.1371605,0.71238685,0.17999999,0.0,0.113344535,31.560308,31.59031,3372800
hardzero_plus_depr__c0p54__z1p05__lam0p030__nu0p50__psi1p00,hardzero_plus_depr,0.02,35,1054,0.0,1,0.51546437,0.51546437,0.9822627,0.10416873,0.10416873,1.0,3.9743894e-17,3.8153384e-16,-27.361946,2.161021,0.7203404,0.17600001,0.0,0.15532474,31.59031,31.62031,3376000
hardzero_plus_depr__c0p54__z1p05__lam0p030__nu0p50__psi1p00,hardzero_plus_depr,0.02,35,1055,0.0,1,0.51546437,0.51546437,0.98983914,0.10236721,0.10236721,1.0,3.790223e-17,3.7025753e-16,-26.593271,2.1776896,0.72589654,0.2,0.0,0.1682038,31.62031,31.65031,3379200
hardzero_plus_depr__c0p54__z1p05__lam0p030__nu0p50__psi1p00,hardzero_plus_depr,0.02,35,1056,0.0,1,0.51546437,0.51546437,0.9726611,0.10649737,0.10649737,1.0,3.8266053e-17,3.5931455e-16,-26.140226,2.139897,0.71329904,0.17600001,0.0,0.14484045,31.65031,31.680311,3382400
hardzero_plus_depr__c0p54__z1p05__lam0p030__nu0p50__psi1p00,hardzero_plus_depr,0.02,35,1057,0.0,1,0.51546437,0.51546437,0.9870868,0.10301803,0.10301803,1.0,3.5921867e-17,3.4869493e-16,-25.983364,2.1716342,0.7238781,0.15200001,0.0,0.11913137,31.680311,31.710312,3385600
hardzero_plus_depr__c0p54__z1p05__lam0p030__nu0p50__psi1p00,hardzero_plus_depr,0.02,35,1058,0.0,1,0.51546437,0.51546437,0.98944604,0.10245989,0.10245989,1.0,3.4671322e-17,3.383892e-16,-26.980497,2.1768248,0.7256083,0.16800001,0.0,0.13872086,31.710312,31.740313,3388800
hardzero_plus_depr__c0p54__z1p05__lam0p030__nu0p50__psi1p00,hardzero_plus_depr,0.02,35,1059,0.0,1,0.51546437,0.51546437,0.97538614,0.10583122,0.10583122,1.0,3.475371e-17,3.2838806e-16,-27.131697,2.1458924,0.71529746,0.14400001,0.0,0.12078582,31.740313,31.770313,3392000
hardzero_plus_depr__c0p54__z1p05__lam0p030__nu0p50__psi1p00,hardzero_plus_depr,0.02,35,1060,0.0,1,0.51546437,0.51546437,1.0321841,0.09285726,0.09285726,1.0,2.9591983e-17,3.1868251e-16,-28.076038,2.2708504,0.75695014,0.136,0.0,0.15436445,31.770313,31.800314,3395200
hardzero_plus_depr__c0p54__z1p05__lam0p030__nu0p50__psi1p00,hardzero_plus_depr,0.02,35,1061,0.0,1,0.51546437,0.51546437,1.0479313,0.089550644,0.089550644,1.0,2.7694778e-17,3.0926385e-16,-27.593401,2.305495,0.76849836,0.136,0.0,0.15250789,31.800314,31.830315,3398400
hardzero_plus_depr__c0p54__z1p05__lam0p030__nu0p50__psi1p00,hardzero_plus_depr,0.02,35,1062,0.0,1,0.51546437,0.51546437,0.9478043,0.11277056,0.11277056,1.0,3.3845094e-17,3.001235e-16,-25.776236,2.085211,0.6950704,0.16800001,0.0,0.12779294,31.830315,31.860315,3401600
hardzero_plus_depr__c0p54__z1p05__lam0p030__nu0p50__psi1p00,hardzero_plus_depr,0.02,35,1063,0.0,1,0.51546437,0.51546437,1.0209472,0.0952912,0.0952912,1.0,2.7753875e-17,2.9125328e-16,-26.950342,2.2461288,0.7487096,0.120000005,0.0,0.14542113,31.860315,31.890316,3404800
hardzero_plus_depr__c0p54__z1p05__lam0p030__nu0p50__psi1p00,hardzero_plus_depr,0.02,35,1064,0.0,1,0.51546437,0.51546437,1.0353923,0.09217383,0.09217383,1.0,2.6052498e-17,2.8264529e-16,-27.928383,2.2779086,0.75930285,0.216,0.0,0.16114014,31.890316,31.920317,3408000
hardzero_plus_depr__c0p54__z1p05__lam0p030__nu0p50__psi1p00,hardzero_plus_depr,0.02,35,1065,0.0,1,0.51546437,0.51546437,0.99891555,0.100250006,0.100250006,1.0,2.749774e-17,2.7429166e-16,-26.686155,2.197658,0.7325527,0.224,0.0,0.1841345,31.920317,31.950317,3411200
hardzero_plus_depr__c0p54__z1p05__lam0p030__nu0p50__psi1p00,hardzero_plus_depr,0.02,35,1066,0.0,1,0.51546437,0.51546437,1.0059534,0.09863851,0.09863851,1.0,2.6256084e-17,2.6618492e-16,-26.519072,2.2131417,0.73771393,0.16,0.0,0.13582402,31.950317,31.980318,3414400
hardzero_plus_depr__c0p54__z1p05__lam0p030__nu0p50__psi1p00,hardzero_plus_depr,0.02,35,1067,0.0,1,0.51546437,0.51546437,1.0583366,0.0,0.08743058,0.0,0.0,2.5831779e-16,-27.24211,2.328387,0.776129,0.112,0.0,0.14687485,31.980318,32.01032,3417600
hardzero_plus_depr__c0p54__z1p05__lam0p030__nu0p50__psi1p00,hardzero_plus_depr,0.02,35,1068,0.0,1,0.51546437,0.51546437,1.0012392,0.09971506,0.09971506,1.0,2.4996889e-17,2.5068319e-16,-26.22034,2.2027702,0.73425674,0.17600001,0.0,0.14116938,32.01032,32.040318,3420800
hardzero_plus_depr__c0p54__z1p05__lam0p030__nu0p50__psi1p00,hardzero_plus_depr,0.02,35,1069,0.0,1,0.51546437,0.51546437,1.0159552,0.09639285,0.09639285,1.0,2.3449938e-17,2.4327467e-16,-27.391972,2.235146,0.7450487,0.15200001,0.0,0.13875951,32.040318,32.070316,3424000
hardzero_plus_depr__c0p54__z1p05__lam0p030__nu0p50__psi1p00,hardzero_plus_depr,0.02,35,1070,0.0,1,0.51546437,0.51546437,1.0891104,0.0,0.08144972,0.0,0.0,2.360851e-16,-28.632204,2.3960907,0.79869694,0.16000001,0.0,0.17710947,32.070316,32.100315,3427200
hardzero_plus_depr__c0p54__z1p05__lam0p030__nu0p50__psi1p00,hardzero_plus_depr,0.02,35,1071,0.0,1,0.51546437,0.51546437,1.0466583,0.08981351,0.08981351,1.0,2.0576995e-17,2.29108e-16,-27.36134,2.302694,0.7675647,0.136,0.0,0.156827,32.100315,32.130314,3430400
hardzero_plus_depr__c0p54__z1p05__lam0p030__nu0p50__psi1p00,hardzero_plus_depr,0.02,35,1072,0.0,1,0.51546437,0.51546437,1.0207974,0.09532408,0.09532408,1.0,2.1194081e-17,2.2233712e-16,-27.369583,2.245799,0.7485997,0.136,0.0,0.15007223,32.130314,32.160313,3433600
hardzero_plus_depr__c0p54__z1p05__lam0p030__nu0p50__psi1p00,hardzero_plus_depr,0.02,35,1073,0.0,1,0.51546437,0.51546437,1.0211002,0.09525764,0.09525764,1.0,2.0553392e-17,2.1576633e-16,-27.45656,2.2464652,0.74882174,0.14400001,0.0,0.16205122,32.160313,32.19031,3436800
hardzero_plus_depr__c0p54__z1p05__lam0p030__nu0p50__psi1p00,hardzero_plus_depr,0.02,35,1074,0.0,1,0.51546437,0.51546437,1.033321,0.092614494,0.092614494,1.0,1.9392523e-17,2.0938972e-16,-27.665611,2.2733517,0.7577839,0.16800001,0.0,0.1743439,32.19031,32.22031,3440000
hardzero_plus_depr__c0p54__z1p05__lam0p030__nu0p50__psi1p00,hardzero_plus_depr,0.02,35,1075,0.0,1,0.51546437,0.51546437,1.0196801,0.09556961,0.09556961,1.0,1.9419896e-17,2.0320158e-16,-27.33123,2.2433412,0.74778044,0.14400001,0.0,0.13602328,32.22031,32.25031,3443200
hardzero_plus_depr__c0p54__z1p05__lam0p030__nu0p50__psi1p00,hardzero_plus_depr,0.02,35,1076,0.0,1,0.51546437,0.51546437,1.0409884,0.09099375,0.09099375,1.0,1.7943629e-17,1.9719628e-16,-28.051048,2.2902203,0.76340675,0.14400001,0.008,0.14474818,32.25031,32.280308,3446400
hardzero_plus_depr__c0p54__z1p05__lam0p030__nu0p50__psi1p00,hardzero_plus_depr,0.02,35,1077,0.0,1,0.51546437,0.51546437,1.0221672,0.095023885,0.095023885,1.0,1.818458e-17,1.9136851e-16,-26.508549,2.2488127,0.7496042,0.120000005,0.0,0.14626579,32.280308,32.310307,3449600
hardzero_plus_depr__c0p54__z1p05__lam0p030__nu0p50__psi1p00,hardzero_plus_depr,0.02,35,1078,0.0,1,0.51546437,0.51546437,1.0137445,0.09688476,0.09688476,1.0,1.7992753e-17,1.8571294e-16,-27.064249,2.2302823,0.74342746,0.16000001,0.0,0.13720463,32.310307,32.340305,3452800
hardzero_plus_depr__c0p54__z1p05__lam0p030__nu0p50__psi1p00,hardzero_plus_depr,0.02,35,1079,0.0,1,0.51546437,0.51546437,1.0122524,0.09721819,0.09721819,1.0,1.75211e-17,1.802245e-16,-26.915625,2.2269998,0.7423333,0.17999999,0.0,0.12056334,32.340305,32.370304,3456000
hardzero_plus_depr__c0p54__z1p05__lam0p030__nu0p50__psi1p00,hardzero_plus_depr,0.02,35,1080,0.0,1,0.51546437,0.51546437,0.9968157,0.100735895,0.100735895,1.0,1.7618535e-17,1.7489827e-16,-26.826263,2.1930382,0.73101276,0.14400001,0.0,0.1370096,32.370304,32.400303,3459200
hardzero_plus_depr__c0p54__z1p05__lam0p030__nu0p50__psi1p00,hardzero_plus_depr,0.02,35,1081,0.0,1,0.51546437,0.51546437,1.0270138,0.093969345,0.093969345,1.0,1.5949366e-17,1.6972945e-16,-26.907867,2.2594755,0.7531585,0.16000001,0.0,0.13567355,32.400303,32.4303,3462400
hardzero_plus_depr__c0p54__z1p05__lam0p030__nu0p50__psi1p00,hardzero_plus_depr,0.02,35,1082,0.0,1,0.51546437,0.51546437,1.0059984,0.098628305,0.098628305,1.0,1.6245402e-17,1.6471339e-16,-26.689976,2.2132406,0.7377469,0.128,0.0,0.1762383,32.4303,32.4603,3465600
hardzero_plus_depr__c0p54__z1p05__lam0p030__nu0p50__psi1p00,hardzero_plus_depr,0.02,35,1083,0.0,1,0.51546437,0.51546437,1.0447707,0.09020472,0.09020472,1.0,1.4418827e-17,1.5984559e-16,-27.293087,2.2985415,0.7661805,0.112,0.0,0.13209271,32.4603,32.4903,3468800
hardzero_plus_depr__c0p54__z1p05__lam0p030__nu0p50__psi1p00,hardzero_plus_depr,0.02,35,1084,0.0,1,0.51546437,0.51546437,1.0339057,0.09248988,0.09248988,1.0,1.4347181e-17,1.5512163e-16,-27.624329,2.2746382,0.75821275,0.216,0.0,0.1403412,32.4903,32.520298,3472000
hardzero_plus_depr__c0p54__z1p05__lam0p030__nu0p50__psi1p00,hardzero_plus_depr,0.02,35,1085,0.0,1,0.51546437,0.51546437,0.99659306,0.10078755,0.10078755,1.0,1.5172282e-17,1.5053726e-16,-26.841372,2.1925485,0.7308495,0.14400001,0.008,0.14852981,32.520298,32.550297,3475200
hardzero_plus_depr__c0p54__z1p05__lam0p030__nu0p50__psi1p00,hardzero_plus_depr,0.02,35,1086,0.0,1,0.51546437,0.51546437,1.0267969,0.09401627,0.09401627,1.0,1.37346856e-17,1.460884e-16,-27.454506,2.2589984,0.7529995,0.16800001,0.0,0.14548129,32.550297,32.580296,3478400
hardzero_plus_depr__c0p54__z1p05__lam0p030__nu0p50__psi1p00,hardzero_plus_depr,0.02,35,1087,0.0,1,0.51546437,0.51546437,1.0546298,0.0,0.08818001,0.0,0.0,1.41771e-16,-27.242247,2.320232,0.7734107,0.16000001,0.0,0.15883036,32.580296,32.610294,3481600
hardzero_plus_depr__c0p54__z1p05__lam0p030__nu0p50__psi1p00,hardzero_plus_depr,0.02,35,1088,0.0,1,0.51546437,0.51546437,1.0270725,0.09395663,0.09395663,1.0,1.2926666e-17,1.375812e-16,-27.1223,2.2596047,0.7532016,0.192,0.0,0.15082826,32.610294,32.640293,3484800
hardzero_plus_depr__c0p54__z1p05__lam0p030__nu0p50__psi1p00,hardzero_plus_depr,0.02,35,1089,0.0,1,0.51546437,0.51546437,1.0156978,0.09644997,0.09644997,1.0,1.28775395e-17,1.3351522e-16,-26.33239,2.2345798,0.74485993,0.15200001,0.0,0.14552872,32.640293,32.67029,3488000
hardzero_plus_depr__c0p54__z1p05__lam0p030__nu0p50__psi1p00,hardzero_plus_depr,0.02,35,1090,0.0,1,0.51546437,0.51546437,0.9808341,0.104511924,0.104511924,1.0,1.3541549e-17,1.2956941e-16,-25.879095,2.1578782,0.71929276,0.2,0.008,0.1467966,32.67029,32.70029,3491200
hardzero_plus_depr__c0p54__z1p05__lam0p030__nu0p50__psi1p00,hardzero_plus_depr,0.02,35,1091,0.0,1,0.51546437,0.51546437,1.0025679,0.09941047,0.09941047,1.0,1.24998935e-17,1.2574021e-16,-27.453964,2.2056935,0.73523116,0.136,0.0,0.11524211,32.70029,32.73029,3494400
hardzero_plus_depr__c0p54__z1p05__lam0p030__nu0p50__psi1p00,hardzero_plus_depr,0.02,35,1092,0.0,1,0.51546437,0.51546437,1.0173372,0.0960866,0.0960866,1.0,1.1724888e-17,1.2202418e-16,-27.105375,2.2381866,0.7460622,0.099999994,0.0,0.16614603,32.73029,32.76029,3497600
hardzero_plus_depr__c0p54__z1p05__lam0p030__nu0p50__psi1p00,hardzero_plus_depr,0.02,35,1093,0.0,1,0.51546437,0.51546437,1.0446509,0.090229616,0.090229616,1.0,1.0684807e-17,1.1841796e-16,-27.622902,2.2982779,0.76609266,0.16000001,0.0,0.15362668,32.76029,32.790287,3500800
hardzero_plus_depr__c0p54__z1p05__lam0p030__nu0p50__psi1p00,hardzero_plus_depr,0.02,35,1094,0.0,1,0.51546437,0.51546437,1.0323305,0.09282596,0.09282596,1.0,1.0667403e-17,1.1491832e-16,-27.186964,2.2711725,0.75705755,0.14400001,0.0,0.13415816,32.790287,32.820286,3504000
hardzero_plus_depr__c0p54__z1p05__lam0p030__nu0p50__psi1p00,hardzero_plus_depr,0.02,35,1095,0.0,1,0.51546437,0.51546437,1.0503863,0.0,0.08904585,0.0,0.0,1.115221e-16,-27.571232,2.310896,0.77029866,0.15200001,0.0,0.15969704,32.820286,32.850285,3507200
hardzero_plus_depr__c0p54__z1p05__lam0p030__nu0p50__psi1p00,hardzero_plus_depr,0.02,35,1096,0.0,1,0.51546437,0.51546437,1.0276263,0.09383692,0.09383692,1.0,1.0155619e-17,1.08226267e-16,-26.898087,2.260823,0.7536077,0.18400002,0.0,0.15253994,32.850285,32.880283,3510400
hardzero_plus_depr__c0p54__z1p05__lam0p030__nu0p50__psi1p00,hardzero_plus_depr,0.02,35,1097,0.0,1,0.51546437,0.51546437,1.0438064,0.09040523,0.09040523,1.0,9.495064e-18,1.0502782e-16,-27.671864,2.29642,0.76547337,0.16000001,0.0,0.14607677,32.880283,32.910282,3513600
hardzero_plus_depr__c0p54__z1p05__lam0p030__nu0p50__psi1p00,hardzero_plus_depr,0.02,35,1098,0.0,1,0.51546437,0.51546437,1.0454881,0.09005583,0.09005583,1.0,9.178842e-18,1.01923905e-16,-27.654922,2.3001199,0.76670665,0.120000005,0.0,0.15168662,32.910282,32.94028,3516800
hardzero_plus_depr__c0p54__z1p05__lam0p030__nu0p50__psi1p00,hardzero_plus_depr,0.02,35,1099,0.0,1,0.51546437,0.51546437,1.0292645,0.09348361,0.09348361,1.0,9.2466244e-18,9.8911717e-17,-27.15476,2.264427,0.754809,0.15200001,0.0,0.15492465,32.94028,32.97028,3520000
hardzero_plus_depr__c0p54__z1p05__lam0p030__nu0p50__psi1p00,hardzero_plus_depr,0.02,35,1100,0.0,1,0.51546437,0.51546437,1.0133077,0.09698227,0.09698227,1.0,9.309188e-18,9.598856e-17,-27.06898,2.2293215,0.7431072,0.15200001,0.0,0.15768641,32.97028,33.00028,3523200
hardzero_plus_depr__c0p54__z1p05__lam0p030__nu0p50__psi1p00,hardzero_plus_depr,0.02,35,1101,0.0,1,0.51546437,0.51546437,1.0263766,0.09410732,0.09410732,1.0,8.766265e-18,9.315178e-17,-26.957205,2.2580736,0.7526912,0.136,0.0,0.13694718,33.00028,33.030277,3526400
hardzero_plus_depr__c0p54__z1p05__lam0p030__nu0p50__psi1p00,hardzero_plus_depr,0.02,35,1102,0.0,1,0.51546437,0.51546437,1.0956203,0.0,0.080237925,0.0,0.0,9.039884e-17,-28.293707,2.4104128,0.80347097,0.136,0.0,0.19871384,33.030277,33.060276,3529600
hardzero_plus_depr__c0p54__z1p05__lam0p030__nu0p50__psi1p00,hardzero_plus_depr,0.02,35,1103,0.0,1,0.51546437,0.51546437,1.0414478,0.09089755,0.09089755,1.0,7.974193e-18,8.772726e-17,-28.06658,2.291231,0.76374364,0.136,0.0,0.12943532,33.060276,33.090275,3532800
hardzero_plus_depr__c0p54__z1p05__lam0p030__nu0p50__psi1p00,hardzero_plus_depr,0.02,35,1104,0.0,1,0.51546437,0.51546437,0.9900086,0.10232726,0.10232726,1.0,8.711593e-18,8.5134626e-17,-27.068855,2.1780624,0.7260208,0.120000005,0.0,0.14391737,33.090275,33.120274,3536000
hardzero_plus_depr__c0p54__z1p05__lam0p030__nu0p50__psi1p00,hardzero_plus_depr,0.02,35,1105,0.0,1,0.51546437,0.51546437,1.073026,0.0,0.08452283,0.0,0.0,8.261862e-17,-28.287153,2.3607042,0.7869014,0.22999999,0.0,0.17293249,33.120274,33.150272,3539200
hardzero_plus_depr__c0p54__z1p05__lam0p030__nu0p50__psi1p00,hardzero_plus_depr,0.02,35,1106,0.0,1,0.51546437,0.51546437,1.0134975,0.09693989,0.09693989,1.0,7.772346e-18,8.017696e-17,-27.319202,2.229739,0.7432463,0.192,0.008,0.20583843,33.150272,33.18027,3542400
hardzero_plus_depr__c0p54__z1p05__lam0p030__nu0p50__psi1p00,hardzero_plus_depr,0.02,35,1107,0.0,1,0.51546437,0.51546437,1.033328,0.09261299,0.09261299,1.0,7.205983e-18,7.7807474e-17,-27.399828,2.2733672,0.7577891,0.224,0.0,0.13356015,33.18027,33.21027,3545600
hardzero_plus_depr__c0p54__z1p05__lam0p030__nu0p50__psi1p00,hardzero_plus_depr,0.02,35,1108,0.0,1,0.51546437,0.51546437,0.9731289,0.10638271,0.10638271,1.0,8.032747e-18,7.550801e-17,-26.560966,2.1409264,0.7136421,0.208,0.0,0.13453065,33.21027,33.24027,3548800
hardzero_plus_depr__c0p54__z1p05__lam0p030__nu0p50__psi1p00,hardzero_plus_depr,0.02,35,1109,0.0,1,0.51546437,0.51546437,1.0591534,0.0,0.08726629,0.0,0.0,7.3276496e-17,-27.460876,2.3301842,0.7767281,0.208,0.0,0.13272871,33.24027,33.270267,3552000
hardzero_plus_depr__c0p54__z1p05__lam0p030__nu0p50__psi1p00,hardzero_plus_depr,0.02,35,1110,0.0,1,0.51546437,0.51546437,1.0070411,0.09839179,0.09839179,1.0,6.996733e-18,7.111094e-17,-26.71851,2.2155347,0.73851156,0.2,0.008,0.14050913,33.270267,33.300266,3555200
hardzero_plus_depr__c0p54__z1p05__lam0p030__nu0p50__psi1p00,hardzero_plus_depr,0.02,35,1111,0.0,1,0.51546437,0.51546437,1.0141189,0.09680127,0.09680127,1.0,6.6801956e-18,6.9009376e-17,-27.623228,2.231106,0.74370205,0.18400002,0.0,0.14660704,33.300266,33.330265,3558400
hardzero_plus_depr__c0p54__z1p05__lam0p030__nu0p50__psi1p00,hardzero_plus_depr,0.02,35,1112,0.0,1,0.51546437,0.51546437,1.0446761,0.09022438,0.09022438,1.0,6.04232e-18,6.6969925e-17,-27.56471,2.2983332,0.7661111,0.16800001,0.0,0.16165154,33.330265,33.360264,3561600
hardzero_plus_depr__c0p54__z1p05__lam0p030__nu0p50__psi1p00,hardzero_plus_depr,0.02,35,1113,0.0,1,0.51546437,0.51546437,1.0045457,0.098958775,0.098958775,1.0,6.431404e-18,6.499074e-17,-27.064533,2.2100446,0.7366816,0.15200001,0.0,0.15771466,33.360264,33.390263,3564800
hardzero_plus_depr__c0p54__z1p05__lam0p030__nu0p50__psi1p00,hardzero_plus_depr,0.02,35,1114,0.0,1,0.51546437,0.51546437,1.0649673,0.0,0.08610586,0.0,0.0,6.3070053e-17,-28.150774,2.342975,0.7809917,0.17600001,0.0,0.16161458,33.390263,33.42026,3568000
hardzero_plus_depr__c0p54__z1p05__lam0p030__nu0p50__psi1p00,hardzero_plus_depr,0.02,35,1115,0.0,1,0.51546437,0.51546437,1.0377055,0.0916842,0.0916842,1.0,5.6116346e-18,6.1206124e-17,-27.837677,2.2829978,0.7609993,0.136,0.0,0.14433303,33.42026,33.45026,3571200
hardzero_plus_depr__c0p54__z1p05__lam0p030__nu0p50__psi1p00,hardzero_plus_depr,0.02,35,1116,0.0,1,0.51546437,0.51546437,1.0203296,0.095426805,0.095426805,1.0,5.6680926e-18,5.939728e-17,-27.271078,2.24477,0.7482567,0.104,0.0,0.15507717,33.45026,33.48026,3574400
hardzero_plus_depr__c0p54__z1p05__lam0p030__nu0p50__psi1p00,hardzero_plus_depr,0.02,35,1117,0.0,1,0.51546437,0.51546437,1.0136479,0.09690631,0.09690631,1.0,5.5858642e-18,5.76419e-17,-26.66102,2.2300699,0.74335665,0.192,0.0,0.13881384,33.48026,33.510258,3577600
hardzero_plus_depr__c0p54__z1p05__lam0p030__nu0p50__psi1p00,hardzero_plus_depr,0.02,35,1118,0.0,1,0.51546437,0.51546437,1.0292208,0.093493015,0.093493015,1.0,5.229849e-18,5.5938393e-17,-27.119595,2.264331,0.7547771,0.13,0.0,0.14754015,33.510258,33.540257,3580800
hardzero_plus_depr__c0p54__z1p05__lam0p030__nu0p50__psi1p00,hardzero_plus_depr,0.02,35,1119,0.0,1,0.51546437,0.51546437,1.0312185,0.09306396,0.09306396,1.0,5.051998e-18,5.4285227e-17,-27.319422,2.268726,0.75624204,0.15200001,0.0,0.21280214,33.540257,33.570255,3584000
hardzero_plus_depr__c0p54__z1p05__lam0p030__nu0p50__psi1p00,hardzero_plus_depr,0.02,35,1120,0.0,1,0.51546437,0.51546437,1.0513973,0.0,0.0888388,0.0,0.0,5.268092e-17,-27.7892,2.3131204,0.77104014,0.128,0.0,0.1339601,33.570255,33.600254,3587200
hardzero_plus_depr__c0p54__z1p05__lam0p030__nu0p50__psi1p00,hardzero_plus_depr,0.02,35,1121,0.0,1,0.51546437,0.51546437,1.1126276,0.0,0.07715646,0.0,0.0,5.1124033e-17,-28.483013,2.4478297,0.81594324,0.120000005,0.0,0.17890634,33.600254,33.630253,3590400
hardzero_plus_depr__c0p54__z1p05__lam0p030__nu0p50__psi1p00,hardzero_plus_depr,0.02,35,1122,0.0,1,0.51546437,0.51546437,1.047344,0.08967182,0.08967182,1.0,4.4489008e-18,4.9613142e-17,-27.908165,2.3042028,0.7680676,0.16000001,0.0,0.14148007,33.630253,33.66025,3593600
hardzero_plus_depr__c0p54__z1p05__lam0p030__nu0p50__psi1p00,hardzero_plus_depr,0.02,35,1123,0.0,1,0.51546437,0.51546437,0.9865321,0.10314969,0.10314969,1.0,4.966339e-18,4.814691e-17,-26.258501,2.170414,0.72347134,0.216,0.0,0.14256848,33.66025,33.69025,3596800
hardzero_plus_depr__c0p54__z1p05__lam0p030__nu0p50__psi1p00,hardzero_plus_depr,0.02,35,1124,0.0,1,0.51546437,0.51546437,1.0272428,0.093919806,0.093919806,1.0,4.3883106e-18,4.6724015e-17,-27.374178,2.2599792,0.7533264,0.208,0.008,0.16176946,33.69025,33.72025,3600000
hardzero_plus_depr__c0p54__z1p05__lam0p030__nu0p50__psi1p00,hardzero_plus_depr,0.02,35,1125,0.0,1,0.51546437,0.51546437,1.0274174,0.093882054,0.093882054,1.0,4.2569092e-18,4.5343163e-17,-27.64237,2.2603633,0.75345445,0.16000001,0.0,0.15029325,33.72025,33.750248,3603200
hardzero_plus_depr__c0p54__z1p05__lam0p030__nu0p50__psi1p00,hardzero_plus_depr,0.02,35,1126,0.0,1,0.51546437,0.51546437,0.96506643,0.1083761,0.1083761,1.0,4.7688873e-18,4.4003127e-17,-26.280596,2.1231885,0.7077295,0.14400001,0.0,0.1457057,33.750248,33.780247,3606400
hardzero_plus_depr__c0p54__z1p05__lam0p030__nu0p50__psi1p00,hardzero_plus_depr,0.02,35,1127,0.0,1,0.51546437,0.51546437,0.99833184,0.100384854,0.100384854,1.0,4.286703e-18,4.270269e-17,-26.123476,2.196374,0.7321247,0.24800001,0.0,0.12178543,33.780247,33.810246,3609600
hardzero_plus_depr__c0p54__z1p05__lam0p030__nu0p50__psi1p00,hardzero_plus_depr,0.02,35,1128,0.0,1,0.51546437,0.51546437,1.0398209,0.09123869,0.09123869,1.0,3.7809938e-18,4.1440683e-17,-27.691748,2.2876518,0.7625506,0.136,0.0,0.1352132,33.810246,33.840244,3612800
hardzero_plus_depr__c0p54__z1p05__lam0p030__nu0p50__psi1p00,hardzero_plus_depr,0.02,35,1129,0.0,1,0.51546437,0.51546437,1.0077147,0.098239295,0.098239295,1.0,3.950789e-18,4.0215976e-17,-26.454853,2.2170167,0.73900557,0.16000001,0.0,0.17870367,33.840244,33.870243,3616000
hardzero_plus_depr__c0p54__z1p05__lam0p030__nu0p50__psi1p00,hardzero_plus_depr,0.02,35,1130,0.0,1,0.51546437,0.51546437,1.0939324,0.0,0.08055038,0.0,0.0,3.902746e-17,-28.63451,2.4066994,0.80223316,0.128,0.0,0.17625038,33.870243,33.90024,3619200
hardzero_plus_depr__c0p54__z1p05__lam0p030__nu0p50__psi1p00,hardzero_plus_depr,0.02,35,1131,0.0,1,0.51546437,0.51546437,1.0942938,0.0,0.08048336,0.0,0.0,3.7874072e-17,-28.231297,2.4074945,0.8024982,0.12,0.0,0.15715075,33.90024,33.93024,3622400
hardzero_plus_depr__c0p54__z1p05__lam0p030__nu0p50__psi1p00,hardzero_plus_depr,0.02,35,1132,0.0,1,0.51546437,0.51546437,1.0110679,0.09748371,0.09748371,1.0,3.5829916e-18,3.675477e-17,-27.25661,2.2243938,0.7414646,0.16800001,0.0,0.13910688,33.93024,33.96024,3625600
hardzero_plus_depr__c0p54__z1p05__lam0p030__nu0p50__psi1p00,hardzero_plus_depr,0.02,35,1133,0.0,1,0.51546437,0.51546437,1.0320417,0.09288773,0.09288773,1.0,3.3131704e-18,3.5668547e-17,-27.455278,2.270537,0.75684565,0.208,0.0,0.16211362,33.96024,33.99024,3628800
hardzero_plus_depr__c0p54__z1p05__lam0p030__nu0p50__psi1p00,hardzero_plus_depr,0.02,35,1134,0.0,1,0.51546437,0.51546437,1.0304221,0.09323476,0.09323476,1.0,3.2272677e-18,3.4614425e-17,-27.334908,2.266974,0.75565803,0.14400001,0.0,0.15601581,33.99024,34.020237,3632000
hardzero_plus_depr__c0p54__z1p05__lam0p030__nu0p50__psi1p00,hardzero_plus_depr,0.02,35,1135,0.0,1,0.51546437,0.51546437,1.0632958,0.0,0.08643789,0.0,0.0,3.359145e-17,-27.01146,2.3392975,0.77976584,0.16000001,0.0,0.14336157,34.020237,34.050236,3635200
hardzero_plus_depr__c0p54__z1p05__lam0p030__nu0p50__psi1p00,hardzero_plus_depr,0.02,35,1136,0.0,1,0.51546437,0.51546437,0.9951469,0.101123735,0.101123735,1.0,3.2965042e-18,3.2598718e-17,-26.23788,2.1893668,0.72978896,0.2,0.008,0.12639682,34.050236,34.080235,3638400
hardzero_plus_depr__c0p54__z1p05__lam0p030__nu0p50__psi1p00,hardzero_plus_depr,0.02,35,1137,0.0,1,0.51546437,0.51546437,1.0783203,0.0,0.0834987,0.0,0.0,3.1635317e-17,-27.93038,2.372352,0.790784,0.14400001,0.0,0.15543918,34.080235,34.110233,3641600
hardzero_plus_depr__c0p54__z1p05__lam0p030__nu0p50__psi1p00,hardzero_plus_depr,0.02,35,1138,0.0,1,0.51546437,0.51546437,1.0011531,0.09973484,0.09973484,1.0,3.0618984e-18,3.0700388e-17,-26.227917,2.202581,0.7341937,0.16000001,0.0,0.124536976,34.110233,34.140232,3644800
hardzero_plus_depr__c0p54__z1p05__lam0p030__nu0p50__psi1p00,hardzero_plus_depr,0.02,35,1139,0.0,1,0.51546437,0.51546437,0.9920838,0.10183949,0.10183949,1.0,3.0341132e-18,2.979309e-17,-26.049576,2.182628,0.72754264,0.2,0.0,0.1223703,34.140232,34.17023,3648000
hardzero_plus_depr__c0p54__z1p05__lam0p030__nu0p50__psi1p00,hardzero_plus_depr,0.02,35,1140,0.0,1,0.51546437,0.51546437,1.019997,0.09549991,0.09549991,1.0,2.7611516e-18,2.891261e-17,-26.796505,2.244038,0.7480127,0.2,0.0,0.14552835,34.17023,34.20023,3651200
hardzero_plus_depr__c0p54__z1p05__lam0p030__nu0p50__psi1p00,hardzero_plus_depr,0.02,35,1141,0.0,1,0.51546437,0.51546437,1.0025269,0.099419855,0.099419855,1.0,2.7895367e-18,2.8058145e-17,-26.861675,2.2056031,0.73520106,0.192,0.0,0.15577069,34.20023,34.23023,3654400
hardzero_plus_depr__c0p54__z1p05__lam0p030__nu0p50__psi1p00,hardzero_plus_depr,0.02,35,1142,0.0,1,0.51546437,0.51546437,0.9995108,0.10011269,0.10011269,1.0,2.7259621e-18,2.7228936e-17,-27.658451,2.1989677,0.73298925,0.192,0.0,0.15828045,34.23023,34.260227,3657600
hardzero_plus_depr__c0p54__z1p05__lam0p030__nu0p50__psi1p00,hardzero_plus_depr,0.02,35,1143,0.0,1,0.51546437,0.51546437,0.9759878,0.10568473,0.10568473,1.0,2.7926376e-18,2.6424232e-17,-26.249825,2.147216,0.7157387,0.17600001,0.0,0.13396011,34.260227,34.290226,3660800
hardzero_plus_depr__c0p54__z1p05__lam0p030__nu0p50__psi1p00,hardzero_plus_depr,0.02,35,1144,0.0,1,0.51546437,0.51546437,1.0580596,0.0,0.08748638,0.0,0.0,2.5643307e-17,-28.37912,2.3277776,0.7759259,0.14,0.0,0.17089678,34.290226,34.320225,3664000
hardzero_plus_depr__c0p54__z1p05__lam0p030__nu0p50__psi1p00,hardzero_plus_depr,0.02,35,1145,0.0,1,0.51546437,0.51546437,0.9950452,0.101147406,0.101147406,1.0,2.5171003e-18,2.4885466e-17,-26.519257,2.1891432,0.7297144,0.136,0.0,0.15216891,34.320225,34.350224,3667200
hardzero_plus_depr__c0p54__z1p05__lam0p030__nu0p50__psi1p00,hardzero_plus_depr,0.02,35,1146,0.0,1,0.51546437,0.51546437,1.0306828,0.09317881,0.09317881,1.0,2.2502698e-18,2.4150018e-17,-27.255274,2.2675474,0.7558491,0.128,0.0,0.146574,34.350224,34.380222,3670400
hardzero_plus_depr__c0p54__z1p05__lam0p030__nu0p50__psi1p00,hardzero_plus_depr,0.02,35,1147,0.0,1,0.51546437,0.51546437,1.0235041,0.09473181,0.09473181,1.0,2.2201635e-18,2.3436305e-17,-27.54541,2.251754,0.7505847,0.18400002,0.008,0.16230214,34.380222,34.41022,3673600
hardzero_plus_depr__c0p54__z1p05__lam0p030__nu0p50__psi1p00,hardzero_plus_depr,0.02,35,1148,0.0,1,0.51546437,0.51546437,1.0374165,0.09174525,0.09174525,1.0,2.0866251e-18,2.2743685e-17,-28.35688,2.2823617,0.76078725,0.120000005,0.0,0.12173366,34.41022,34.44022,3676800
hardzero_plus_depr__c0p54__z1p05__lam0p030__nu0p50__psi1p00,hardzero_plus_depr,0.02,35,1149,0.0,1,0.51546437,0.51546437,1.055789,0.0,0.08794496,0.0,0.0,2.2071535e-17,-28.155289,2.3227823,0.77426076,0.096,0.0,0.12914106,34.44022,34.47022,3680000
hardzero_plus_depr__c0p54__z1p05__lam0p030__nu0p50__psi1p00,hardzero_plus_depr,0.02,35,1150,0.0,1,0.51546437,0.51546437,1.054163,0.0,0.08827485,0.0,0.0,2.1419248e-17,-27.398678,2.3192048,0.7730683,0.136,0.0,0.1500589,34.47022,34.500217,3683200
hardzero_plus_depr__c0p54__z1p05__lam0p030__nu0p50__psi1p00,hardzero_plus_depr,0.02,35,1151,0.0,1,0.51546437,0.51546437,1.0327572,0.09273483,0.09273483,1.0,1.9276081e-18,2.0786238e-17,-27.508392,2.2721112,0.7573704,0.16800001,0.008,0.16353057,34.500217,34.530216,3686400
hardzero_plus_depr__c0p54__z1p05__lam0p030__nu0p50__psi1p00,hardzero_plus_depr,0.02,35,1152,0.0,1,0.51546437,0.51546437,1.0073818,0.09831465,0.09831465,1.0,1.9831972e-18,2.0171939e-17,-27.028313,2.2162843,0.7387614,0.18400002,0.0,0.14949092,34.530216,34.560215,3689600
hardzero_plus_depr__c0p54__z1p05__lam0p030__nu0p50__psi1p00,hardzero_plus_depr,0.02,35,1153,0.0,1,0.51546437,0.51546437,0.9918084,0.10190407,0.10190407,1.0,1.9948528e-18,1.957579e-17,-26.22427,2.182022,0.7273407,0.14400001,0.0,0.14590758,34.560215,34.590214,3692800
hardzero_plus_depr__c0p54__z1p05__lam0p030__nu0p50__psi1p00,hardzero_plus_depr,0.02,35,1154,0.0,1,0.51546437,0.51546437,1.0514764,0.0,0.08882263,0.0,0.0,1.8997262e-17,-27.462685,2.3132942,0.7710981,0.16000001,0.0,0.15444338,34.590214,34.620213,3696000
hardzero_plus_depr__c0p54__z1p05__lam0p030__nu0p50__psi1p00,hardzero_plus_depr,0.02,35,1155,0.0,1,0.51546437,0.51546437,1.1038913,0.0,0.07872429,0.0,0.0,1.8435831e-17,-29.297285,2.4286091,0.8095364,0.136,0.0,0.18430461,34.620213,34.65021,3699200
hardzero_plus_depr__c0p54__z1p05__lam0p030__nu0p50__psi1p00,hardzero_plus_depr,0.02,35,1156,0.0,1,0.51546437,0.51546437,1.0371563,0.09180021,0.09180021,1.0,1.6423969e-18,1.7890992e-17,-27.595266,2.2817895,0.7605965,0.136,0.0,0.14514965,34.65021,34.68021,3702400
hardzero_plus_depr__c0p54__z1p05__lam0p030__nu0p50__psi1p00,hardzero_plus_depr,0.02,35,1157,0.0,1,0.51546437,0.51546437,1.0042688,0.09902189,0.09902189,1.0,1.7192431e-18,1.7362253e-17,-26.94999,2.2094355,0.7364785,0.12,0.0,0.1321642,34.68021,34.71021,3705600
hardzero_plus_depr__c0p54__z1p05__lam0p030__nu0p50__psi1p00,hardzero_plus_depr,0.02,35,1158,0.0,1,0.51546437,0.51546437,1.0310386,0.0931025,0.0931025,1.0,1.5686972e-18,1.6849141e-17,-27.379427,2.2683303,0.75611013,0.17600001,0.0,0.14475882,34.71021,34.740208,3708800
hardzero_plus_depr__c0p54__z1p05__lam0p030__nu0p50__psi1p00,hardzero_plus_depr,0.02,35,1159,0.0,1,0.51546437,0.51546437,1.032005,0.09289557,0.09289557,1.0,1.5189535e-18,1.6351195e-17,-26.321962,2.2704563,0.7568188,0.192,0.008,0.15153757,34.740208,34.770206,3712000
hardzero_plus_depr__c0p54__z1p05__lam0p030__nu0p50__psi1p00,hardzero_plus_depr,0.02,35,1160,0.0,1,0.51546437,0.51546437,1.0122731,0.09721358,0.09721358,1.0,1.5425815e-18,1.5867963e-17,-26.611383,2.2270453,0.74234843,0.16000001,0.0,0.14691968,34.770206,34.800205,3715200
hardzero_plus_depr__c0p54__z1p05__lam0p030__nu0p50__psi1p00,hardzero_plus_depr,0.02,35,1161,0.0,1,0.51546437,0.51546437,0.9992858,0.10016457,0.10016457,1.0,1.5424355e-18,1.5399013e-17,-26.673935,2.1984727,0.73282427,0.128,0.0,0.12829727,34.800205,34.830204,3718400
hardzero_plus_depr__c0p54__z1p05__lam0p030__nu0p50__psi1p00,hardzero_plus_depr,0.02,35,1162,0.0,1,0.51546437,0.51546437,0.99184126,0.10189637,0.10189637,1.0,1.5227315e-18,1.4943923e-17,-26.804459,2.1820943,0.7273648,0.296,0.0,0.15452826,34.830204,34.860203,3721600
hardzero_plus_depr__c0p54__z1p05__lam0p030__nu0p50__psi1p00,hardzero_plus_depr,0.02,35,1163,0.0,1,0.51546437,0.51546437,1.1432048,0.0,0.07191098,0.0,0.0,1.450228e-17,-29.276747,2.5151007,0.8383669,0.128,0.0,0.16621366,34.860203,34.8902,3724800
hardzero_plus_depr__c0p54__z1p05__lam0p030__nu0p50__psi1p00,hardzero_plus_depr,0.02,35,1164,0.0,1,0.51546437,0.51546437,1.0243795,0.094541065,0.094541065,1.0,1.3305417e-18,1.407369e-17,-26.893162,2.25368,0.75122666,0.128,0.0,0.13680479,34.8902,34.9202,3728000
hardzero_plus_depr__c0p54__z1p05__lam0p030__nu0p50__psi1p00,hardzero_plus_depr,0.02,35,1165,0.0,1,0.51546437,0.51546437,1.0337548,0.09252204,0.09252204,1.0,1.2636444e-18,1.3657767e-17,-27.725298,2.274306,0.75810206,0.128,0.0,0.15484159,34.9202,34.9502,3731200
hardzero_plus_depr__c0p54__z1p05__lam0p030__nu0p50__psi1p00,hardzero_plus_depr,0.02,35,1166,0.0,1,0.51546437,0.51546437,1.0099702,0.097730406,0.097730406,1.0,1.295332e-18,1.3254135e-17,-26.777822,2.2219787,0.7406596,0.192,0.0,0.12069986,34.9502,34.980198,3734400
hardzero_plus_depr__c0p54__z1p05__lam0p030__nu0p50__psi1p00,hardzero_plus_depr,0.02,35,1167,0.0,1,0.51546437,0.51546437,1.0541261,0.0,0.08828235,0.0,0.0,1.2862431e-17,-27.581266,2.3191237,0.77304125,0.136,0.0,0.13256867,34.980198,35.010197,3737600
hardzero_plus_depr__c0p54__z1p05__lam0p030__nu0p50__psi1p00,hardzero_plus_depr,0.02,35,1168,0.0,1,0.51546437,0.51546437,1.0193805,0.09563559,0.09563559,1.0,1.1937525e-18,1.2482304e-17,-27.30769,2.2426817,0.7475606,0.16800001,0.0,0.15082887,35.010197,35.040195,3740800
hardzero_plus_depr__c0p54__z1p05__lam0p030__nu0p50__psi1p00,hardzero_plus_depr,0.02,35,1169,0.0,1,0.51546437,0.51546437,1.0491247,0.089304894,0.089304894,1.0,1.0817869e-18,1.2113411e-17,-27.774763,2.3081205,0.76937354,0.16000001,0.0,0.1586614,35.040195,35.070194,3744000
hardzero_plus_depr__c0p54__z1p05__lam0p030__nu0p50__psi1p00,hardzero_plus_depr,0.02,35,1170,0.0,1,0.51546437,0.51546437,1.0719409,0.0,0.08473426,0.0,0.0,1.175542e-17,-28.186287,2.3583171,0.78610575,0.19,0.0,0.12838191,35.070194,35.100193,3747200
hardzero_plus_depr__c0p54__z1p05__lam0p030__nu0p50__psi1p00,hardzero_plus_depr,0.02,35,1171,0.0,1,0.51546437,0.51546437,1.110235,0.0,0.077582724,0.0,0.0,1.14080085e-17,-28.591272,2.4425657,0.8141886,0.16000001,0.0,0.16465071,35.100193,35.13019,3750400
hardzero_plus_depr__c0p54__z1p05__lam0p030__nu0p50__psi1p00,hardzero_plus_depr,0.02,35,1172,0.0,1,0.51546437,0.51546437,0.994399,0.10129803,0.10129803,1.0,1.1214567e-18,1.10708646e-17,-26.627823,2.1877215,0.72924054,0.192,0.0,0.16036898,35.13019,35.16019,3753600
hardzero_plus_depr__c0p54__z1p05__lam0p030__nu0p50__psi1p00,hardzero_plus_depr,0.02,35,1173,0.0,1,0.51546437,0.51546437,0.98696125,0.1030478,0.1030478,1.0,1.107113e-18,1.0743684e-17,-26.576462,2.171358,0.72378606,0.128,0.0,0.12898895,35.16019,35.19019,3756800
hardzero_plus_depr__c0p54__z1p05__lam0p030__nu0p50__psi1p00,hardzero_plus_depr,0.02,35,1174,0.0,1,0.51546437,0.51546437,1.0541352,0.0,0.08828049,0.0,0.0,1.0426172e-17,-26.890333,2.3191438,0.7730479,0.16000001,0.0,0.15492497,35.19019,35.22019,3760000
hardzero_plus_depr__c0p54__z1p05__lam0p030__nu0p50__psi1p00,hardzero_plus_depr,0.02,35,1175,0.0,1,0.51546437,0.51546437,1.0233186,0.09477229,0.09477229,1.0,9.589103e-19,1.0118045e-17,-27.584108,2.2513459,0.75044864,0.16000001,0.0,0.14310426,35.22019,35.250187,3763200
hardzero_plus_depr__c0p54__z1p05__lam0p030__nu0p50__psi1p00,hardzero_plus_depr,0.02,35,1176,0.0,1,0.51546437,0.51546437,1.0111359,0.09746845,0.09746845,1.0,9.57045e-19,9.8190235e-18,-26.981974,2.2245436,0.74151456,0.216,0.008,0.14557111,35.250187,35.280186,3766400
hardzero_plus_depr__c0p54__z1p05__lam0p030__nu0p50__psi1p00,hardzero_plus_depr,0.02,35,1177,0.0,1,0.51546437,0.51546437,1.0346261,0.092336595,0.092336595,1.0,8.798606e-19,9.52884e-18,-26.947912,2.276223,0.758741,0.14400001,0.0,0.16231853,35.280186,35.310184,3769600
hardzero_plus_depr__c0p54__z1p05__lam0p030__nu0p50__psi1p00,hardzero_plus_depr,0.02,35,1178,0.0,1,0.51546437,0.51546437,1.0036249,0.09916879,0.09916879,1.0,9.170367e-19,9.247231e-18,-26.474518,2.208019,0.7360064,0.136,0.0,0.15847075,35.310184,35.340183,3772800
hardzero_plus_depr__c0p54__z1p05__lam0p030__nu0p50__psi1p00,hardzero_plus_depr,0.02,35,1179,0.0,1,0.51546437,0.51546437,1.0153447,0.09652842,0.09652842,1.0,8.6624075e-19,8.973945e-18,-26.329872,2.233803,0.744601,0.128,0.0,0.1346175,35.340183,35.370182,3776000
hardzero_plus_depr__c0p54__z1p05__lam0p030__nu0p50__psi1p00,hardzero_plus_depr,0.02,35,1180,0.0,1,0.51546437,0.51546437,0.98572063,0.10334258,0.10334258,1.0,8.999832e-19,8.708735e-18,-26.736393,2.1686287,0.72287625,0.16000001,0.0,0.14791657,35.370182,35.40018,3779200
hardzero_plus_depr__c0p54__z1p05__lam0p030__nu0p50__psi1p00,hardzero_plus_depr,0.02,35,1181,0.0,1,0.51546437,0.51546437,1.017053,0.096149474,0.096149474,1.0,8.125942e-19,8.451364e-18,-27.469912,2.2375612,0.7458538,0.17600001,0.0,0.15427002,35.40018,35.43018,3782400
hardzero_plus_depr__c0p54__z1p05__lam0p030__nu0p50__psi1p00,hardzero_plus_depr,0.02,35,1182,0.0,1,0.51546437,0.51546437,1.0098197,0.097764276,0.097764276,1.0,8.0182334e-19,8.201598e-18,-27.25238,2.2216477,0.74054927,0.208,0.0,0.15716554,35.43018,35.46018,3785600
hardzero_plus_depr__c0p54__z1p05__lam0p030__nu0p50__psi1p00,hardzero_plus_depr,0.02,35,1183,0.0,1,0.51546437,0.51546437,0.97278893,0.10646601,0.10646601,1.0,8.4738584e-19,7.9592146e-18,-25.900156,2.1401784,0.71339285,0.16,0.0,0.1208066,35.46018,35.490177,3788800
hardzero_plus_depr__c0p54__z1p05__lam0p030__nu0p50__psi1p00,hardzero_plus_depr,0.02,35,1184,0.0,1,0.51546437,0.51546437,1.0529841,0.0,0.08851479,0.0,0.0,7.723993e-18,-27.08736,2.3166113,0.7722038,0.15200001,0.0,0.1558577,35.490177,35.520176,3792000
hardzero_plus_depr__c0p54__z1p05__lam0p030__nu0p50__psi1p00,hardzero_plus_depr,0.02,35,1185,0.0,1,0.51546437,0.51546437,1.012462,0.09717129,0.09717129,1.0,7.2836924e-19,7.495725e-18,-26.8029,2.2274609,0.74248695,0.2,0.0,0.13703497,35.520176,35.550175,3795200
hardzero_plus_depr__c0p54__z1p05__lam0p030__nu0p50__psi1p00,hardzero_plus_depr,0.02,35,1186,0.0,1,0.51546437,0.51546437,1.0306712,0.0931813,0.0931813,1.0,6.7781945e-19,7.274201e-18,-27.847963,2.267522,0.7558407,0.128,0.0,0.16010566,35.550175,35.580173,3798400
hardzero_plus_depr__c0p54__z1p05__lam0p030__nu0p50__psi1p00,hardzero_plus_depr,0.02,35,1187,0.0,1,0.51546437,0.51546437,0.98469675,0.103586525,0.103586525,1.0,7.3124053e-19,7.059225e-18,-26.564169,2.166376,0.7221254,0.208,0.0,0.15022986,35.580173,35.610172,3801600
hardzero_plus_depr__c0p54__z1p05__lam0p030__nu0p50__psi1p00,hardzero_plus_depr,0.02,35,1188,0.0,1,0.51546437,0.51546437,1.0319427,0.092908874,0.092908874,1.0,6.364816e-19,6.8506006e-18,-27.772379,2.2703192,0.7567731,0.16800001,0.0,0.14253479,35.610172,35.64017,3804800
hardzero_plus_depr__c0p54__z1p05__lam0p030__nu0p50__psi1p00,hardzero_plus_depr,0.02,35,1189,0.0,1,0.51546437,0.51546437,1.048304,0.089473836,0.089473836,1.0,5.948349e-19,6.6481432e-18,-28.01811,2.3063147,0.7687716,0.128,0.0,0.16480193,35.64017,35.67017,3808000
hardzero_plus_depr__c0p54__z1p05__lam0p030__nu0p50__psi1p00,hardzero_plus_depr,0.02,35,1190,0.0,1,0.51546437,0.51546437,0.96416044,0.10860243,0.10860243,1.0,7.0066685e-19,6.4516684e-18,-25.91207,2.1211953,0.7070651,0.14400001,0.0,0.15176733,35.67017,35.70017,3811200
hardzero_plus_depr__c0p54__z1p05__lam0p030__nu0p50__psi1p00,hardzero_plus_depr,0.02,35,1191,0.0,1,0.51546437,0.51546437,1.070553,0.0,0.08500551,0.0,0.0,6.2610008e-18,-27.769848,2.3552635,0.7850878,0.128,0.0,0.15622468,35.70017,35.730167,3814400
hardzero_plus_depr__c0p54__z1p05__lam0p030__nu0p50__psi1p00,hardzero_plus_depr,0.02,35,1192,0.0,1,0.51546437,0.51546437,1.0169442,0.0961736,0.0961736,1.0,5.843477e-19,6.075968e-18,-27.38295,2.2373219,0.745774,0.128,0.0,0.16927513,35.730167,35.760166,3817600
hardzero_plus_depr__c0p54__z1p05__lam0p030__nu0p50__psi1p00,hardzero_plus_depr,0.02,35,1193,0.0,1,0.51546437,0.51546437,1.0632052,0.0,0.08645592,0.0,0.0,5.896403e-18,-28.26406,2.3390982,0.77969944,0.136,0.0,0.17257485,35.760166,35.790165,3820800
hardzero_plus_depr__c0p54__z1p05__lam0p030__nu0p50__psi1p00,hardzero_plus_depr,0.02,35,1194,0.0,1,0.51546437,0.51546437,1.065622,0.0,0.08597615,0.0,0.0,5.7221447e-18,-27.811466,2.3444152,0.7814717,0.136,0.0,0.15840563,35.790165,35.820164,3824000
hardzero_plus_depr__c0p54__z1p05__lam0p030__nu0p50__psi1p00,hardzero_plus_depr,0.02,35,1195,0.0,1,0.51546437,0.51546437,0.9993613,0.10014719,0.10014719,1.0,5.56121e-19,5.5530367e-18,-27.553602,2.1986387,0.7328796,0.208,0.0,0.14943688,35.820164,35.850163,3827200
hardzero_plus_depr__c0p54__z1p05__lam0p030__nu0p50__psi1p00,hardzero_plus_depr,0.02,35,1196,0.0,1,0.51546437,0.51546437,1.1398072,0.0,0.07247576,0.0,0.0,5.388926e-18,-29.416927,2.507626,0.8358754,0.17999999,0.0,0.16746074,35.850163,35.88016,3830400
hardzero_plus_depr__c0p54__z1p05__lam0p030__nu0p50__psi1p00,hardzero_plus_depr,0.02,35,1197,0.0,1,0.51546437,0.51546437,1.0344658,0.09237068,0.09237068,1.0,4.8306774e-19,5.2296654e-18,-27.856392,2.27587,0.75862336,0.18400002,0.0,0.18138357,35.88016,35.91016,3833600
hardzero_plus_depr__c0p54__z1p05__lam0p030__nu0p50__psi1p00,hardzero_plus_depr,0.02,35,1198,0.0,1,0.51546437,0.51546437,0.9795514,0.10482109,0.10482109,1.0,5.3197877e-19,5.075112e-18,-26.530294,2.155056,0.718352,0.224,0.0,0.17318977,35.91016,35.94016,3836800
hardzero_plus_depr__c0p54__z1p05__lam0p030__nu0p50__psi1p00,hardzero_plus_depr,0.02,35,1199,0.0,1,0.51546437,0.51546437,1.0777813,0.0,0.083602384,0.0,0.0,4.925126e-18,-27.968277,2.3711662,0.79038876,0.128,0.0,0.19458744,35.94016,35.970158,3840000
hardzero_plus_depr__c0p54__z1p05__lam0p030__nu0p50__psi1p00,hardzero_plus_depr,0.02,35,1200,0.0,1,0.51546437,0.51546437,1.0136992,0.096894875,0.096894875,1.0,4.631161e-19,4.7795724e-18,-27.037249,2.2301826,0.74339426,0.15200001,0.0,0.16478284,35.970158,36.000156,3843200
hardzero_plus_depr__c0p54__z1p05__lam0p030__nu0p50__psi1p00,hardzero_plus_depr,0.02,35,1201,0.0,1,0.51546437,0.51546437,1.0547792,0.0,0.0881497,0.0,0.0,4.6383206e-18,-27.614607,2.3205605,0.7735202,0.14400001,0.0,0.17602459,36.000156,36.030155,3846400
hardzero_plus_depr__c0p54__z1p05__lam0p030__nu0p50__psi1p00,hardzero_plus_depr,0.02,35,1202,0.0,1,0.51546437,0.51546437,1.0641696,0.0,0.08626415,0.0,0.0,4.5012427e-18,-27.570492,2.34122,0.78040665,0.14400001,0.0,0.14931321,36.030155,36.060154,3849600
hardzero_plus_depr__c0p54__z1p05__lam0p030__nu0p50__psi1p00,hardzero_plus_depr,0.02,35,1203,0.0,1,0.51546437,0.51546437,0.9823137,0.10415648,0.10415648,1.0,4.54978e-19,4.368216e-18,-27.114744,2.1611333,0.7203778,0.18400002,0.0,0.15185583,36.060154,36.090153,3852800
hardzero_plus_depr__c0p54__z1p05__lam0p030__nu0p50__psi1p00,hardzero_plus_depr,0.02,35,1204,0.0,1,0.51546437,0.51546437,1.0185033,0.09582894,0.09582894,1.0,4.0623047e-19,4.2391207e-18,-26.6954,2.240752,0.74691737,0.14400001,0.0,0.14699933,36.090153,36.12015,3856000
hardzero_plus_depr__c0p54__z1p05__lam0p030__nu0p50__psi1p00,hardzero_plus_depr,0.02,35,1205,0.0,1,0.51546437,0.51546437,1.0292771,0.09348089,0.09348089,1.0,3.8456552e-19,4.113841e-18,-27.103327,2.2644548,0.7548183,0.16800001,0.0,0.15584381,36.12015,36.15015,3859200
hardzero_plus_depr__c0p54__z1p05__lam0p030__nu0p50__psi1p00,hardzero_plus_depr,0.02,35,1206,0.0,1,0.51546437,0.51546437,1.0543844,0.0,0.08822987,0.0,0.0,3.9922636e-18,-28.11089,2.319692,0.7732307,0.16000001,0.0,0.1752299,36.15015,36.18015,3862400
hardzero_plus_depr__c0p54__z1p05__lam0p030__nu0p50__psi1p00,hardzero_plus_depr,0.02,35,1207,0.0,1,0.51546437,0.51546437,1.0747817,0.0,0.08418182,0.0,0.0,3.874279e-18,-28.499475,2.3645668,0.78818893,0.104,0.0,0.18406521,36.18015,36.210148,3865600
hardzero_plus_depr__c0p54__z1p05__lam0p030__nu0p50__psi1p00,hardzero_plus_depr,0.02,35,1208,0.0,1,0.51546437,0.51546437,1.0024539,0.099436566,0.099436566,1.0,3.7385976e-19,3.7597816e-18,-27.144497,2.2054427,0.7351476,0.17600001,0.0,0.13677144,36.210148,36.240147,3868800
hardzero_plus_depr__c0p54__z1p05__lam0p030__nu0p50__psi1p00,hardzero_plus_depr,0.02,35,1209,0.0,1,0.51546437,0.51546437,0.9350621,0.116128236,0.116128236,1.0,4.237133e-19,3.6486672e-18,-25.212622,2.0571778,0.6857259,0.22,0.0,0.1522294,36.240147,36.270145,3872000
hardzero_plus_depr__c0p54__z1p05__lam0p030__nu0p50__psi1p00,hardzero_plus_depr,0.02,35,1210,0.0,1,0.51546437,0.51546437,1.0762511,0.0,0.083897464,0.0,0.0,3.540837e-18,-28.515417,2.3677998,0.7892666,0.14400001,0.0,0.16075559,36.270145,36.300144,3875200
hardzero_plus_depr__c0p54__z1p05__lam0p030__nu0p50__psi1p00,hardzero_plus_depr,0.02,35,1211,0.0,1,0.51546437,0.51546437,1.013993,0.09682934,0.09682934,1.0,3.3272438e-19,3.4361939e-18,-26.637707,2.2308292,0.7436098,0.14400001,0.0,0.1514661,36.300144,36.330143,3878400
hardzero_plus_depr__c0p54__z1p05__lam0p030__nu0p50__psi1p00,hardzero_plus_depr,0.02,35,1212,0.0,1,0.51546437,0.51546437,1.0070354,0.09839309,0.09839309,1.0,3.2810582e-19,3.334643e-18,-27.65243,2.215522,0.7385074,0.15200001,0.0,0.13893789,36.330143,36.36014,3881600
hardzero_plus_depr__c0p54__z1p05__lam0p030__nu0p50__psi1p00,hardzero_plus_depr,0.02,35,1213,0.0,1,0.51546437,0.51546437,0.9441925,0.1137123,0.1137123,1.0,3.6798365e-19,3.2360935e-18,-26.012363,2.077265,0.6924217,0.15200001,0.0,0.12176553,36.36014,36.39014,3884800
hardzero_plus_depr__c0p54__z1p05__lam0p030__nu0p50__psi1p00,hardzero_plus_depr,0.02,35,1214,0.0,1,0.51546437,0.51546437,1.0461836,0.089911744,0.089911744,1.0,2.8236392e-19,3.1404563e-18,-27.27017,2.3016498,0.7672166,0.16800001,0.0,0.15608679,36.39014,36.42014,3888000
hardzero_plus_depr__c0p54__z1p05__lam0p030__nu0p50__psi1p00,hardzero_plus_depr,0.02,35,1215,0.0,1,0.51546437,0.51546437,1.0105649,0.09759669,0.09759669,1.0,2.974401e-19,3.0476454e-18,-27.282696,2.223287,0.7410957,0.120000005,0.0,0.1500975,36.42014,36.450138,3891200
hardzero_plus_depr__c0p54__z1p05__lam0p030__nu0p50__psi1p00,hardzero_plus_depr,0.02,35,1216,0.0,1,0.51546437,0.51546437,1.0548086,0.0,0.08814373,0.0,0.0,2.9575775e-18,-27.70679,2.3206253,0.7735418,0.080000006,0.0,0.14674737,36.450138,36.480137,3894400
hardzero_plus_depr__c0p54__z1p05__lam0p030__nu0p50__psi1p00,hardzero_plus_depr,0.02,35,1217,0.0,1,0.51546437,0.51546437,0.96943957,0.1072903,0.1072903,1.0,3.0794156e-19,2.8701716e-18,-26.948917,2.1328096,0.71093655,0.216,0.0,0.14443645,36.480137,36.510136,3897600
hardzero_plus_depr__c0p54__z1p05__lam0p030__nu0p50__psi1p00,hardzero_plus_depr,0.02,35,1218,0.0,1,0.51546437,0.51546437,1.0348742,0.09228387,0.09228387,1.0,2.570427e-19,2.7853483e-18,-27.313509,2.2767687,0.75892293,0.16000001,0.0,0.15721685,36.510136,36.540134,3900800
hardzero_plus_depr__c0p54__z1p05__lam0p030__nu0p50__psi1p00,hardzero_plus_depr,0.02,35,1219,0.0,1,0.51546437,0.51546437,1.0257,0.09425404,0.09425404,1.0,2.5477168e-19,2.703032e-18,-27.345854,2.2565851,0.75219506,0.14400001,0.0,0.1257187,36.540134,36.570133,3904000
hardzero_plus_depr__c0p54__z1p05__lam0p030__nu0p50__psi1p00,hardzero_plus_depr,0.02,35,1220,0.0,1,0.51546437,0.51546437,1.075894,0.0,0.083966486,0.0,0.0,2.6231487e-18,-28.142641,2.3670142,0.78900474,0.18400002,0.0,0.1878021,36.570133,36.600132,3907200
hardzero_plus_depr__c0p54__z1p05__lam0p030__nu0p50__psi1p00,hardzero_plus_depr,0.02,35,1221,0.0,1,0.51546437,0.51546437,1.0787417,0.0,0.08341771,0.0,0.0,2.5456264e-18,-27.440708,2.373279,0.79109305,0.14400001,0.0,0.14978693,36.600132,36.63013,3910400
hardzero_plus_depr__c0p54__z1p05__lam0p030__nu0p50__psi1p00,hardzero_plus_depr,0.02,35,1222,0.0,1,0.51546437,0.51546437,1.0066911,0.09847112,0.09847112,1.0,2.4326252e-19,2.4703945e-18,-27.538408,2.2147646,0.7382549,0.13,0.0,0.13428603,36.63013,36.66013,3913600
hardzero_plus_depr__c0p54__z1p05__lam0p030__nu0p50__psi1p00,hardzero_plus_depr,0.02,35,1223,0.0,1,0.51546437,0.51546437,1.0186926,0.09578719,0.09578719,1.0,2.296389e-19,2.3973863e-18,-26.923487,2.2411685,0.7470562,0.136,0.0,0.151677,36.66013,36.69013,3916800
hardzero_plus_depr__c0p54__z1p05__lam0p030__nu0p50__psi1p00,hardzero_plus_depr,0.02,35,1224,0.0,1,0.51546437,0.51546437,1.0660427,0.0,0.08589291,0.0,0.0,2.3265356e-18,-28.112146,2.3453407,0.78178024,0.072000004,0.0,0.14415298,36.69013,36.720127,3920000
hardzero_plus_depr__c0p54__z1p05__lam0p030__nu0p50__psi1p00,hardzero_plus_depr,0.02,35,1225,0.0,1,0.51546437,0.51546437,1.0388865,0.09143521,0.09143521,1.0,2.0644047e-19,2.2577787e-18,-27.708458,2.2855961,0.7618654,0.15200001,0.0,0.18722188,36.720127,36.750126,3923200
hardzero_plus_depr__c0p54__z1p05__lam0p030__nu0p50__psi1p00,hardzero_plus_depr,0.02,35,1226,0.0,1,0.51546437,0.51546437,1.0619463,0.0,0.08670691,0.0,0.0,2.191054e-18,-27.970562,2.3363285,0.77877617,0.16000001,0.0,0.14155222,36.750126,36.780125,3926400
hardzero_plus_depr__c0p54__z1p05__lam0p030__nu0p50__psi1p00,hardzero_plus_depr,0.02,35,1227,0.0,1,0.51546437,0.51546437,1.0497532,0.08917577,0.08917577,1.0,1.8961455e-19,2.1263013e-18,-28.26083,2.309503,0.7698344,0.224,0.0,0.17972977,36.780125,36.810123,3929600
hardzero_plus_depr__c0p54__z1p05__lam0p030__nu0p50__psi1p00,hardzero_plus_depr,0.02,35,1228,0.0,1,0.51546437,0.51546437,1.0558546,0.0,0.087931685,0.0,0.0,2.063462e-18,-27.836048,2.3229263,0.7743088,0.136,0.0,0.13819756,36.810123,36.840122,3932800
hardzero_plus_depr__c0p54__z1p05__lam0p030__nu0p50__psi1p00,hardzero_plus_depr,0.02,35,1229,0.0,1,0.51546437,0.51546437,1.0682353,0.0,0.08546035,0.0,0.0,2.00248e-18,-27.591555,2.3501644,0.78338814,0.16000001,0.0,0.16333644,36.840122,36.87012,3936000
hardzero_plus_depr__c0p54__z1p05__lam0p030__nu0p50__psi1p00,hardzero_plus_depr,0.02,35,1230,0.0,1,0.51546437,0.51546437,0.98389775,0.10377727,0.10377727,1.0,2.0167038e-19,1.9433002e-18,-26.623758,2.1646183,0.72153944,0.18400002,0.0,0.1513145,36.87012,36.90012,3939200
hardzero_plus_depr__c0p54__z1p05__lam0p030__nu0p50__psi1p00,hardzero_plus_depr,0.02,35,1231,0.0,1,0.51546437,0.51546437,0.9769673,0.10544662,0.10544662,1.0,1.9885854e-19,1.8858692e-18,-26.266064,2.149371,0.716457,0.15200001,0.0,0.124368645,36.90012,36.93012,3942400
hardzero_plus_depr__c0p54__z1p05__lam0p030__nu0p50__psi1p00,hardzero_plus_depr,0.02,35,1232,0.0,1,0.51546437,0.51546437,1.109413,0.0,0.07772969,0.0,0.0,1.8301357e-18,-29.742008,2.4407573,0.81358576,0.128,0.0,0.20497024,36.93012,36.960117,3945600
hardzero_plus_depr__c0p54__z1p05__lam0p030__nu0p50__psi1p00,hardzero_plus_depr,0.02,35,1233,0.0,1,0.51546437,0.51546437,0.93916047,0.11503753,0.11503753,1.0,2.0431232e-19,1.7760492e-18,-25.539371,2.0661943,0.68873143,0.23200001,0.0,0.14583938,36.960117,36.990116,3948800
hardzero_plus_depr__c0p54__z1p05__lam0p030__nu0p50__psi1p00,hardzero_plus_depr,0.02,35,1234,0.0,1,0.51546437,0.51546437,1.0089085,0.09796963,0.09796963,1.0,1.6885663e-19,1.723561e-18,-27.218039,2.219643,0.73988104,0.208,0.0,0.1500923,36.990116,37.020115,3952000
hardzero_plus_depr__c0p54__z1p05__lam0p030__nu0p50__psi1p00,hardzero_plus_depr,0.02,35,1235,0.0,1,0.51546437,0.51546437,1.0651734,0.0,0.086064994,0.0,0.0,1.6726241e-18,-29.187084,2.3434281,0.7811427,0.14999999,0.0,0.1535168,37.020115,37.050114,3955200
hardzero_plus_depr__c0p54__z1p05__lam0p030__nu0p50__psi1p00,hardzero_plus_depr,0.02,35,1236,0.0,1,0.51546437,0.51546437,1.0238595,0.09465432,0.09465432,1.0,1.536422e-19,1.6231926e-18,-27.35722,2.2525358,0.7508453,0.15200001,0.0,0.13264772,37.050114,37.080112,3958400
hardzero_plus_depr__c0p54__z1p05__lam0p030__nu0p50__psi1p00,hardzero_plus_depr,0.02,35,1237,0.0,1,0.51546437,0.51546437,1.0113499,0.09742043,0.09742043,1.0,1.534588e-19,1.575222e-18,-26.86394,2.2250142,0.74167144,0.18400002,0.0,0.13938028,37.080112,37.11011,3961600
hardzero_plus_depr__c0p54__z1p05__lam0p030__nu0p50__psi1p00,hardzero_plus_depr,0.02,35,1238,0.0,1,0.51546437,0.51546437,1.0444218,0.090277225,0.090277225,1.0,1.38004e-19,1.528669e-18,-28.352345,2.2977738,0.76592463,0.18400002,0.0,0.17077947,37.11011,37.14011,3964800
hardzero_plus_depr__c0p54__z1p05__lam0p030__nu0p50__psi1p00,hardzero_plus_depr,0.02,35,1239,0.0,1,0.51546437,0.51546437,1.0498447,0.089156955,0.089156955,1.0,1.3226362e-19,1.4834919e-18,-27.650665,2.3097045,0.7699015,0.14400001,0.0,0.16358471,37.14011,37.17011,3968000
hardzero_plus_depr__c0p54__z1p05__lam0p030__nu0p50__psi1p00,hardzero_plus_depr,0.02,35,1240,0.0,1,0.51546437,0.51546437,1.004484,0.09897281,0.09897281,1.0,1.4248619e-19,1.4396497e-18,-26.54186,2.209909,0.73663634,0.15200001,0.0,0.13510631,37.17011,37.200108,3971200
hardzero_plus_depr__c0p54__z1p05__lam0p030__nu0p50__psi1p00,hardzero_plus_depr,0.02,35,1241,0.0,1,0.51546437,0.51546437,1.0263466,0.094113834,0.094113834,1.0,1.3148676e-19,1.3971034e-18,-27.543392,2.2580075,0.7526692,0.17600001,0.0,0.16570598,37.200108,37.230106,3974400
hardzero_plus_depr__c0p54__z1p05__lam0p030__nu0p50__psi1p00,hardzero_plus_depr,0.02,35,1242,0.0,1,0.51546437,0.51546437,1.038986,0.09141428,0.09141428,1.0,1.239408e-19,1.3558144e-18,-28.416172,2.2858148,0.7619383,0.064,0.0,0.17738236,37.230106,37.260105,3977600
hardzero_plus_depr__c0p54__z1p05__lam0p030__nu0p50__psi1p00,hardzero_plus_depr,0.02,35,1243,0.0,1,0.51546437,0.51546437,1.0474976,0.08964011,0.08964011,1.0,1.1794359e-19,1.3157456e-18,-28.202608,2.3045409,0.7681803,0.15200001,0.0,0.1617938,37.260105,37.290104,3980800
hardzero_plus_depr__c0p54__z1p05__lam0p030__nu0p50__psi1p00,hardzero_plus_depr,0.02,35,1244,0.0,1,0.51546437,0.51546437,0.9695781,0.10725607,0.10725607,1.0,1.3695111e-19,1.2768611e-18,-26.190638,2.1331143,0.7110381,0.17600001,0.0,0.12827513,37.290104,37.320103,3984000
hardzero_plus_depr__c0p54__z1p05__lam0p030__nu0p50__psi1p00,hardzero_plus_depr,0.02,35,1245,0.0,1,0.51546437,0.51546437,1.0782765,0.0,0.08350712,0.0,0.0,1.2391256e-18,-27.462465,2.3722558,0.79075193,0.120000005,0.0,0.14406708,37.320103,37.3501,3987200
hardzero_plus_depr__c0p54__z1p05__lam0p030__nu0p50__psi1p00,hardzero_plus_depr,0.02,35,1246,0.0,1,0.51546437,0.51546437,1.0031683,0.099273115,0.099273115,1.0,1.1937646e-19,1.2025053e-18,-27.208464,2.2070143,0.73567146,0.128,0.0,0.14052917,37.3501,37.3801,3990400
hardzero_plus_depr__c0p54__z1p05__lam0p030__nu0p50__psi1p00,hardzero_plus_depr,0.02,35,1247,0.0,1,0.51546437,0.51546437,1.0195822,0.095591195,0.095591195,1.0,1.115518e-19,1.1669673e-18,-27.240257,2.2431254,0.7477085,0.128,0.0,0.16612379,37.3801,37.4101,3993600
hardzero_plus_depr__c0p54__z1p05__lam0p030__nu0p50__psi1p00,hardzero_plus_depr,0.02,35,1248,0.0,1,0.51546437,0.51546437,1.120382,0.0,0.07579107,0.0,0.0,1.1324797e-18,-28.576027,2.4648895,0.8216299,0.07,0.0,0.17082542,37.4101,37.440098,3996800
hardzero_plus_depr__c0p54__z1p05__lam0p030__nu0p50__psi1p00,hardzero_plus_depr,0.02,35,1249,0.0,1,0.51546437,0.51546437,1.0322063,0.09285252,0.09285252,1.0,1.0204596e-19,1.0990112e-18,-27.98392,2.2708993,0.7569665,0.16000001,0.0,0.15113097,37.440098,37.470097,4000000
hardzero_plus_depr__c0p54__z1p05__lam0p030__nu0p50__psi1p00,hardzero_plus_depr,0.02,36,0,1.0,1,1.0,0.46197307,1.00588,0.09865519,0.09865519,1.0,0.0019731037,0.02,-26.322607,2.2129803,0.7376601,0.17,0.0,0.1406561,0.0,0.0,3200
hardzero_plus_depr__c0p54__z1p05__lam0p030__nu0p50__psi1p00,hardzero_plus_depr,0.02,36,1,0.0,1,0.46197307,0.4638165,1.0354067,0.092170775,0.092170775,1.0,0.0018434154,0.02,-27.19927,2.2779403,0.75931346,0.24000001,0.0,0.13793102,0.0,0.03,6400
hardzero_plus_depr__c0p54__z1p05__lam0p030__nu0p50__psi1p00,hardzero_plus_depr,0.02,36,2,0.0,1,0.4638165,0.4657257,1.0071491,0.09836733,0.09836733,1.0,0.0019092029,0.019408911,-26.194538,2.2157724,0.73859084,0.14400001,0.0,0.13197419,0.03,0.06,9600
hardzero_plus_depr__c0p54__z1p05__lam0p030__nu0p50__psi1p00,hardzero_plus_depr,0.02,36,3,0.0,1,0.4657257,0.4675568,1.0122601,0.09721648,0.09721648,1.0,0.0018311007,0.018835291,-27.633377,2.2270167,0.7423389,0.128,0.0,0.13576084,0.06,0.089999996,12800
hardzero_plus_depr__c0p54__z1p05__lam0p030__nu0p50__psi1p00,hardzero_plus_depr,0.02,36,4,0.0,1,0.4675568,0.4675568,1.0974922,0.0,0.079892814,0.0,0.0,0.018278625,-28.188751,2.414531,0.80484366,0.08800001,0.0,0.15450762,0.089999996,0.12,16000
hardzero_plus_depr__c0p54__z1p05__lam0p030__nu0p50__psi1p00,hardzero_plus_depr,0.02,36,5,0.0,1,0.4675568,0.46915007,1.0466297,0.089819446,0.089819446,1.0,0.0015932539,0.017738407,-26.988216,2.3026311,0.76754373,0.136,0.0,0.16196236,0.12,0.14999999,19200
hardzero_plus_depr__c0p54__z1p05__lam0p030__nu0p50__psi1p00,hardzero_plus_depr,0.02,36,6,0.0,1,0.46915007,0.46915007,1.0507562,0.0,0.08897004,0.0,0.0,0.017214159,-27.656729,2.31171,0.77057,0.216,0.008,0.17696102,0.14999999,0.17999999,22400
hardzero_plus_depr__c0p54__z1p05__lam0p030__nu0p50__psi1p00,hardzero_plus_depr,0.02,36,7,0.0,1,0.46915007,0.46915007,1.0656749,0.0,0.08596568,0.0,0.0,0.016705405,-27.900366,2.3445315,0.78151053,0.16000001,0.008,0.16155519,0.17999999,0.21,25600
hardzero_plus_depr__c0p54__z1p05__lam0p030__nu0p50__psi1p00,hardzero_plus_depr,0.02,36,8,0.0,1,0.46915007,0.4706086,1.0459157,0.08996722,0.08996722,1.0,0.0014585202,0.016211685,-27.921463,2.3010604,0.76702017,0.128,0.0,0.14855208,0.21,0.24,28800
hardzero_plus_depr__c0p54__z1p05__lam0p030__nu0p50__psi1p00,hardzero_plus_depr,0.02,36,9,0.0,1,0.4706086,0.4706086,1.0960239,0.0,0.0801634,0.0,0.0,0.015732557,-27.883888,2.4113007,0.8037669,0.112,0.0,0.15599056,0.24,0.26999998,32000
hardzero_plus_depr__c0p54__z1p05__lam0p030__nu0p50__psi1p00,hardzero_plus_depr,0.02,36,10,0.0,1,0.4706086,0.47203723,1.0288476,0.09357341,0.09357341,1.0,0.0014286404,0.01526759,-27.88518,2.26351,0.75450337,0.14400001,0.0,0.16437222,0.26999998,0.29999998,35200
hardzero_plus_depr__c0p54__z1p05__lam0p030__nu0p50__psi1p00,hardzero_plus_depr,0.02,36,11,0.0,1,0.47203723,0.4733679,1.0466714,0.08981082,0.08981082,1.0,0.0013306697,0.014816363,-27.303017,2.3027232,0.7675744,0.16000001,0.0,0.16330014,0.29999998,0.32999998,38400
hardzero_plus_depr__c0p54__z1p05__lam0p030__nu0p50__psi1p00,hardzero_plus_depr,0.02,36,12,0.0,1,0.4733679,0.4748153,0.99712265,0.10066474,0.10066474,1.0,0.0014474055,0.014378476,-26.583736,2.1937137,0.7312379,0.136,0.0,0.13317695,0.32999998,0.35999998,41600
hardzero_plus_depr__c0p54__z1p05__lam0p030__nu0p50__psi1p00,hardzero_plus_depr,0.02,36,13,0.0,1,0.4748153,0.4748153,1.0709963,0.0,0.08491876,0.0,0.0,0.0139535265,-27.853718,2.3562388,0.78541297,0.21,0.0,0.17836505,0.35999998,0.39,44800
hardzero_plus_depr__c0p54__z1p05__lam0p030__nu0p50__psi1p00,hardzero_plus_depr,0.02,36,14,0.0,1,0.4748153,0.4748153,1.0708281,0.0,0.08495167,0.0,0.0,0.013541138,-27.805075,2.3558688,0.78528965,0.104,0.0,0.12366841,0.39,0.42,48000
hardzero_plus_depr__c0p54__z1p05__lam0p030__nu0p50__psi1p00,hardzero_plus_depr,0.02,36,15,0.0,1,0.4748153,0.4748153,1.0703952,0.0,0.085036375,0.0,0.0,0.013140936,-28.088007,2.3549166,0.7849722,0.136,0.0,0.15789673,0.42,0.45,51200
hardzero_plus_depr__c0p54__z1p05__lam0p030__nu0p50__psi1p00,hardzero_plus_depr,0.02,36,16,0.0,1,0.4748153,0.4748153,1.059356,0.0,0.0872256,0.0,0.0,0.012752563,-27.902985,2.3306296,0.77687657,0.136,0.0,0.16275373,0.45,0.48,54400
hardzero_plus_depr__c0p54__z1p05__lam0p030__nu0p50__psi1p00,hardzero_plus_depr,0.02,36,17,0.0,1,0.4748153,0.47596052,1.033681,0.092537746,0.092537746,1.0,0.0011452164,0.012375668,-27.753786,2.2741437,0.75804794,0.120000005,0.0,0.13980994,0.48,0.51,57600
hardzero_plus_depr__c0p54__z1p05__lam0p030__nu0p50__psi1p00,hardzero_plus_depr,0.02,36,18,0.0,1,0.47596052,0.47707072,1.0341458,0.092438765,0.092438765,1.0,0.0011101813,0.012009911,-26.338114,2.2751663,0.75838876,0.112,0.0,0.14315872,0.51,0.53999996,60800
hardzero_plus_depr__c0p54__z1p05__lam0p030__nu0p50__psi1p00,hardzero_plus_depr,0.02,36,19,0.0,1,0.47707072,0.47707072,1.0655886,0.0,0.085982755,0.0,0.0,0.011654965,-27.505241,2.3443418,0.7814473,0.112,0.0,0.15543759,0.53999996,0.56999993,64000
hardzero_plus_depr__c0p54__z1p05__lam0p030__nu0p50__psi1p00,hardzero_plus_depr,0.02,36,20,0.0,1,0.47707072,0.47707072,1.0690438,0.0,0.08530141,0.0,0.0,0.011310509,-28.074217,2.3519433,0.7839811,0.096,0.0,0.1574467,0.56999993,0.5999999,67200
hardzero_plus_depr__c0p54__z1p05__lam0p030__nu0p50__psi1p00,hardzero_plus_depr,0.02,36,21,0.0,1,0.47707072,0.47819254,0.9905355,0.102203205,0.102203205,1.0,0.0011218062,0.0109762335,-26.181362,2.1792216,0.72640723,0.128,0.0,0.13162206,0.5999999,0.6299999,70400
hardzero_plus_depr__c0p54__z1p05__lam0p030__nu0p50__psi1p00,hardzero_plus_depr,0.02,36,22,0.0,1,0.47819254,0.4791486,1.0469373,0.08975582,0.08975582,1.0,0.0009560644,0.010651837,-27.387604,2.3033082,0.76776946,0.192,0.0,0.14705785,0.6299999,0.65999985,73600
hardzero_plus_depr__c0p54__z1p05__lam0p030__nu0p50__psi1p00,hardzero_plus_depr,0.02,36,23,0.0,1,0.4791486,0.48009247,1.0394824,0.09130986,0.09130986,1.0,0.0009438725,0.010337027,-27.531708,2.286907,0.76230234,0.128,0.0,0.164858,0.65999985,0.6899998,76800
hardzero_plus_depr__c0p54__z1p05__lam0p030__nu0p50__psi1p00,hardzero_plus_depr,0.02,36,24,0.0,1,0.48009247,0.4809907,1.0479741,0.08954181,0.08954181,1.0,0.0008982407,0.010031523,-27.323887,2.3055892,0.7685298,0.128,0.0,0.14495029,0.6899998,0.7199998,80000
hardzero_plus_depr__c0p54__z1p05__lam0p030__nu0p50__psi1p00,hardzero_plus_depr,0.02,36,25,0.0,1,0.4809907,0.4809907,1.0718489,0.0,0.08475222,0.0,0.0,0.009735047,-28.16534,2.3581145,0.78603816,0.120000005,0.0,0.1812659,0.7199998,0.74999976,83200
hardzero_plus_depr__c0p54__z1p05__lam0p030__nu0p50__psi1p00,hardzero_plus_depr,0.02,36,26,0.0,1,0.4809907,0.4809907,1.1214039,0.0,0.075612925,0.0,0.0,0.009447333,-29.123919,2.4671378,0.8223793,0.12,0.0,0.18767428,0.74999976,0.77999973,86400
hardzero_plus_depr__c0p54__z1p05__lam0p030__nu0p50__psi1p00,hardzero_plus_depr,0.02,36,27,0.0,1,0.4809907,0.4809907,1.0813333,0.0,0.08292141,0.0,0.0,0.009168123,-27.539967,2.3789806,0.79299355,0.08800001,0.0,0.15937342,0.77999973,0.8099997,89600
hardzero_plus_depr__c0p54__z1p05__lam0p030__nu0p50__psi1p00,hardzero_plus_depr,0.02,36,28,0.0,1,0.4809907,0.4809907,1.0708531,0.0,0.084946774,0.0,0.0,0.008897164,-28.186401,2.355924,0.785308,0.14400001,0.0,0.15630537,0.8099997,0.8399997,92800
hardzero_plus_depr__c0p54__z1p05__lam0p030__nu0p50__psi1p00,hardzero_plus_depr,0.02,36,29,0.0,1,0.4809907,0.4809907,1.0768254,0.0,0.08378661,0.0,0.0,0.008634213,-27.869635,2.3690631,0.78968775,0.096,0.0,0.16826512,0.8399997,0.86999965,96000
hardzero_plus_depr__c0p54__z1p05__lam0p030__nu0p50__psi1p00,hardzero_plus_depr,0.02,36,30,0.0,1,0.4809907,0.4809907,1.0700718,0.0,0.08509971,0.0,0.0,0.008379034,-27.581347,2.3542051,0.7847351,0.17600001,0.0,0.18940347,0.86999965,0.8999996,99200
hardzero_plus_depr__c0p54__z1p05__lam0p030__nu0p50__psi1p00,hardzero_plus_depr,0.02,36,31,0.0,1,0.4809907,0.48171574,1.0498077,0.08916456,0.08916456,1.0,0.00072503247,0.008131397,-27.599947,2.309623,0.76987433,0.136,0.0,0.14270705,0.8999996,0.9299996,102400
hardzero_plus_depr__c0p54__z1p05__lam0p030__nu0p50__psi1p00,hardzero_plus_depr,0.02,36,32,0.0,1,0.48171574,0.48249143,1.0074457,0.09830017,0.09830017,1.0,0.00077569427,0.007891078,-27.270666,2.2164247,0.7388083,0.23200001,0.0,0.15741915,0.9299996,0.95999956,105600
hardzero_plus_depr__c0p54__z1p05__lam0p030__nu0p50__psi1p00,hardzero_plus_depr,0.02,36,33,0.0,1,0.48249143,0.48322645,1.0178125,0.09598151,0.09598151,1.0,0.00073501305,0.007657861,-27.431349,2.239232,0.7464107,0.136,0.0,0.15917999,0.95999956,0.98999953,108800
hardzero_plus_depr__c0p54__z1p05__lam0p030__nu0p50__psi1p00,hardzero_plus_depr,0.02,36,34,0.0,1,0.48322645,0.48322645,1.073968,0.0,0.084339686,0.0,0.0,0.0074315374,-27.997969,2.362777,0.78759235,0.15200001,0.0,0.1657693,0.98999953,1.0199995,112000
hardzero_plus_depr__c0p54__z1p05__lam0p030__nu0p50__psi1p00,hardzero_plus_depr,0.02,36,35,0.0,1,0.48322645,0.4839304,1.0105017,0.09761088,0.09761088,1.0,0.0007039602,0.0072119026,-26.712076,2.223148,0.7410494,0.120000005,0.0,0.1286707,1.0199995,1.0499995,115200
hardzero_plus_depr__c0p54__z1p05__lam0p030__nu0p50__psi1p00,hardzero_plus_depr,0.02,36,36,0.0,1,0.4839304,0.4839304,1.0788336,0.0,0.08340007,0.0,0.0,0.0069987588,-28.137661,2.3734813,0.79116046,0.15200001,0.0,0.16901644,1.0499995,1.0799994,118400
hardzero_plus_depr__c0p54__z1p05__lam0p030__nu0p50__psi1p00,hardzero_plus_depr,0.02,36,37,0.0,1,0.4839304,0.4839304,1.0553601,0.0,0.08803187,0.0,0.0,0.006791914,-26.797626,2.3218386,0.7739462,0.14400001,0.0,0.1440989,1.0799994,1.1099994,121600
hardzero_plus_depr__c0p54__z1p05__lam0p030__nu0p50__psi1p00,hardzero_plus_depr,0.02,36,38,0.0,1,0.4839304,0.4839304,1.1136469,0.0,0.07697561,0.0,0.0,0.0065911827,-28.323256,2.450072,0.8166907,0.15200001,0.0,0.14811844,1.1099994,1.1399994,124800
hardzero_plus_depr__c0p54__z1p05__lam0p030__nu0p50__psi1p00,hardzero_plus_depr,0.02,36,39,0.0,1,0.4839304,0.4839304,1.0943561,0.0,0.08047185,0.0,0.0,0.006396384,-28.257284,2.4076314,0.8025438,0.14,0.0,0.17725356,1.1399994,1.1699994,128000
hardzero_plus_depr__c0p54__z1p05__lam0p030__nu0p50__psi1p00,hardzero_plus_depr,0.02,36,40,0.0,1,0.4839304,0.4839304,1.0541716,0.0,0.08827311,0.0,0.0,0.006207343,-27.43367,2.3192236,0.77307457,0.192,0.0,0.14512077,1.1699994,1.1999993,131200
hardzero_plus_depr__c0p54__z1p05__lam0p030__nu0p50__psi1p00,hardzero_plus_depr,0.02,36,41,0.0,1,0.4839304,0.4839304,1.0507767,0.0,0.08896585,0.0,0.0,0.006023888,-27.361666,2.311755,0.770585,0.15200001,0.0,0.18194878,1.1999993,1.2299993,134400
hardzero_plus_depr__c0p54__z1p05__lam0p030__nu0p50__psi1p00,hardzero_plus_depr,0.02,36,42,0.0,1,0.4839304,0.4839304,1.0908257,0.0,0.08112866,0.0,0.0,0.0058458555,-28.222122,2.3998644,0.79995483,0.128,0.0,0.18825114,1.2299993,1.2599993,137600
hardzero_plus_depr__c0p54__z1p05__lam0p030__nu0p50__psi1p00,hardzero_plus_depr,0.02,36,43,0.0,1,0.4839304,0.4839304,1.0527725,0.0,0.088557936,0.0,0.0,0.005673084,-26.912838,2.316146,0.77204865,0.15200001,0.0,0.15709297,1.2599993,1.2899992,140800
hardzero_plus_depr__c0p54__z1p05__lam0p030__nu0p50__psi1p00,hardzero_plus_depr,0.02,36,44,0.0,1,0.4839304,0.48443422,1.0385171,0.09151302,0.09151302,1.0,0.00050381763,0.00550542,-27.474575,2.2847834,0.7615945,0.17600001,0.0,0.16333818,1.2899992,1.3199992,144000
hardzero_plus_depr__c0p54__z1p05__lam0p030__nu0p50__psi1p00,hardzero_plus_depr,0.02,36,45,0.0,1,0.48443422,0.48443422,1.0520663,0.0,0.08870205,0.0,0.0,0.00534271,-27.425262,2.3145921,0.77153075,0.192,0.008,0.2110413,1.3199992,1.3499992,147200
hardzero_plus_depr__c0p54__z1p05__lam0p030__nu0p50__psi1p00,hardzero_plus_depr,0.02,36,46,0.0,1,0.48443422,0.48490113,1.045491,0.09005525,0.09005525,1.0,0.00046691933,0.0051848097,-27.096205,2.300126,0.76670873,0.096,0.0,0.14444077,1.3499992,1.3799992,150400
hardzero_plus_depr__c0p54__z1p05__lam0p030__nu0p50__psi1p00,hardzero_plus_depr,0.02,36,47,0.0,1,0.48490113,0.48535204,1.0476222,0.08961439,0.08961439,1.0,0.00045090157,0.0050315754,-27.811434,2.3048148,0.7682716,0.14400001,0.0,0.15814343,1.3799992,1.4099991,153600
hardzero_plus_depr__c0p54__z1p05__lam0p030__nu0p50__psi1p00,hardzero_plus_depr,0.02,36,48,0.0,1,0.48535204,0.48535204,1.1322783,0.0,0.07374314,0.0,0.0,0.00488287,-28.4683,2.491062,0.830354,0.096,0.0,0.1711713,1.4099991,1.4399991,156800
hardzero_plus_depr__c0p54__z1p05__lam0p030__nu0p50__psi1p00,hardzero_plus_depr,0.02,36,49,0.0,1,0.48535204,0.48580483,1.0197592,0.09555223,0.09555223,1.0,0.00045277993,0.0047385595,-27.085009,2.243515,0.7478384,0.16000001,0.0,0.13458367,1.4399991,1.4699991,160000
hardzero_plus_depr__c0p54__z1p05__lam0p030__nu0p50__psi1p00,hardzero_plus_depr,0.02,36,50,0.0,1,0.48580483,0.48622182,1.0424793,0.09068192,0.09068192,1.0,0.0004170021,0.004598514,-27.590084,2.2935002,0.7645001,0.112,0.0,0.14356825,1.4699991,1.499999,163200
hardzero_plus_depr__c0p54__z1p05__lam0p030__nu0p50__psi1p00,hardzero_plus_depr,0.02,36,51,0.0,1,0.48622182,0.48666295,1.0050206,0.09885061,0.09885061,1.0,0.00044113147,0.0044626077,-26.31083,2.2110896,0.7370299,0.2,0.0,0.15420856,1.499999,1.529999,166400
hardzero_plus_depr__c0p54__z1p05__lam0p030__nu0p50__psi1p00,hardzero_plus_depr,0.02,36,52,0.0,1,0.48666295,0.4870918,1.0042604,0.0990238,0.0990238,1.0,0.00042884413,0.004330718,-26.758818,2.209417,0.73647237,0.21,0.0,0.17083287,1.529999,1.559999,169600
hardzero_plus_depr__c0p54__z1p05__lam0p030__nu0p50__psi1p00,hardzero_plus_depr,0.02,36,53,0.0,1,0.4870918,0.4870918,1.0702069,0.0,0.08507326,0.0,0.0,0.0042027254,-28.398846,2.3545022,0.7848341,0.136,0.0,0.17766589,1.559999,1.589999,172800
hardzero_plus_depr__c0p54__z1p05__lam0p030__nu0p50__psi1p00,hardzero_plus_depr,0.02,36,54,0.0,1,0.4870918,0.4870918,1.0529486,0.0,0.08852203,0.0,0.0,0.0040785163,-27.270164,2.316533,0.7721777,0.120000005,0.0,0.16396637,1.589999,1.6199989,176000
hardzero_plus_depr__c0p54__z1p05__lam0p030__nu0p50__psi1p00,hardzero_plus_depr,0.02,36,55,0.0,1,0.4870918,0.48745733,1.0345514,0.092352495,0.092352495,1.0,0.00036552915,0.003957978,-26.610092,2.2760584,0.7586862,0.16000001,0.0,0.1322712,1.6199989,1.6499989,179200
hardzero_plus_depr__c0p54__z1p05__lam0p030__nu0p50__psi1p00,hardzero_plus_depr,0.02,36,56,0.0,1,0.48745733,0.48781246,1.0340581,0.09245745,0.09245745,1.0,0.0003551293,0.0038410025,-27.815208,2.2749732,0.7583244,0.104,0.0,0.15563278,1.6499989,1.6799989,182400
hardzero_plus_depr__c0p54__z1p05__lam0p030__nu0p50__psi1p00,hardzero_plus_depr,0.02,36,57,0.0,1,0.48781246,0.4881931,0.9909223,0.10211221,0.10211221,1.0,0.00038062158,0.0037274836,-26.84765,2.1800725,0.7266909,0.17600001,0.0,0.12805817,1.6799989,1.7099988,185600
hardzero_plus_depr__c0p54__z1p05__lam0p030__nu0p50__psi1p00,hardzero_plus_depr,0.02,36,58,0.0,1,0.4881931,0.4885174,1.047434,0.089653246,0.089653246,1.0,0.00032430448,0.00361732,-28.48254,2.3044007,0.7681336,0.2,0.0,0.16959909,1.7099988,1.7399988,188800
hardzero_plus_depr__c0p54__z1p05__lam0p030__nu0p50__psi1p00,hardzero_plus_depr,0.02,36,59,0.0,1,0.4885174,0.4885174,1.0798421,0.0,0.08320663,0.0,0.0,0.0035104118,-28.118786,2.3757,0.79190004,0.136,0.0,0.18171874,1.7399988,1.7699988,192000
hardzero_plus_depr__c0p54__z1p05__lam0p030__nu0p50__psi1p00,hardzero_plus_depr,0.02,36,60,0.0,1,0.4885174,0.4885174,1.0788378,0.0,0.08339926,0.0,0.0,0.0034066641,-27.787544,2.3734903,0.79116344,0.15200001,0.0,0.15544823,1.7699988,1.7999988,195200
hardzero_plus_depr__c0p54__z1p05__lam0p030__nu0p50__psi1p00,hardzero_plus_depr,0.02,36,61,0.0,1,0.4885174,0.4885174,1.0649111,0.0,0.08611699,0.0,0.0,0.0033059819,-28.46031,2.3428512,0.7809504,0.104,0.0,0.16914141,1.7999988,1.8299987,198400
hardzero_plus_depr__c0p54__z1p05__lam0p030__nu0p50__psi1p00,hardzero_plus_depr,0.02,36,62,0.0,1,0.4885174,0.4885174,1.0892133,0.0,0.08143042,0.0,0.0,0.0032082754,-28.327744,2.396317,0.79877234,0.128,0.0,0.19391526,1.8299987,1.8599987,201600
hardzero_plus_depr__c0p54__z1p05__lam0p030__nu0p50__psi1p00,hardzero_plus_depr,0.02,36,63,0.0,1,0.4885174,0.4885174,1.1026126,0.0,0.07895641,0.0,0.0,0.0031134563,-28.887257,2.4257963,0.80859876,0.136,0.0,0.16375095,1.8599987,1.8899987,204800
hardzero_plus_depr__c0p54__z1p05__lam0p030__nu0p50__psi1p00,hardzero_plus_depr,0.02,36,64,0.0,1,0.4885174,0.4885174,1.0702661,0.0,0.08506166,0.0,0.0,0.0030214402,-27.95946,2.3546326,0.78487754,0.136,0.0,0.15625666,1.8899987,1.9199986,208000
hardzero_plus_depr__c0p54__z1p05__lam0p030__nu0p50__psi1p00,hardzero_plus_depr,0.02,36,65,0.0,1,0.4885174,0.48878917,1.0329753,0.09268825,0.09268825,1.0,0.0002717752,0.0029321432,-28.106598,2.272591,0.7575304,0.17,0.0,0.15854658,1.9199986,1.9499986,211200
hardzero_plus_depr__c0p54__z1p05__lam0p030__nu0p50__psi1p00,hardzero_plus_depr,0.02,36,66,0.0,1,0.48878917,0.48878917,1.0610527,0.0,0.0868855,0.0,0.0,0.0028454852,-28.342916,2.3343625,0.7781209,0.136,0.0,0.14829105,1.9499986,1.9799986,214400
hardzero_plus_depr__c0p54__z1p05__lam0p030__nu0p50__psi1p00,hardzero_plus_depr,0.02,36,67,0.0,1,0.48878917,0.48878917,1.0641638,0.0,0.08626532,0.0,0.0,0.0027613884,-28.104816,2.341207,0.78040236,0.08800001,0.0,0.16126661,1.9799986,2.0099986,217600
hardzero_plus_depr__c0p54__z1p05__lam0p030__nu0p50__psi1p00,hardzero_plus_depr,0.02,36,68,0.0,1,0.48878917,0.48904243,1.0245123,0.09451217,0.09451217,1.0,0.00025327157,0.0026797773,-26.632809,2.253972,0.75132406,0.128,0.0,0.14957695,2.0099986,2.0399985,220800
hardzero_plus_depr__c0p54__z1p05__lam0p030__nu0p50__psi1p00,hardzero_plus_depr,0.02,36,69,0.0,1,0.48904243,0.48928344,1.0330316,0.09267622,0.09267622,1.0,0.00024101176,0.0026005781,-26.952967,2.2727149,0.75757164,0.136,0.0,0.14761363,2.0399985,2.0699985,224000
hardzero_plus_depr__c0p54__z1p05__lam0p030__nu0p50__psi1p00,hardzero_plus_depr,0.02,36,70,0.0,1,0.48928344,0.48928344,1.0602242,0.0,0.0870514,0.0,0.0,0.0025237193,-27.58706,2.3325398,0.77751327,0.08800001,0.0,0.15067723,2.0699985,2.0999985,227200
hardzero_plus_depr__c0p54__z1p05__lam0p030__nu0p50__psi1p00,hardzero_plus_depr,0.02,36,71,0.0,1,0.48928344,0.489517,1.0206106,0.09536508,0.09536508,1.0,0.00023356166,0.002449132,-27.75934,2.245388,0.7484627,0.14400001,0.0,0.13536991,2.0999985,2.1299984,230400
hardzero_plus_depr__c0p54__z1p05__lam0p030__nu0p50__psi1p00,hardzero_plus_depr,0.02,36,72,0.0,1,0.489517,0.48973206,1.0434291,0.090483814,0.090483814,1.0,0.00021505736,0.0023767494,-27.321068,2.29559,0.7651967,0.15200001,0.0,0.18268116,2.1299984,2.1599984,233600
hardzero_plus_depr__c0p54__z1p05__lam0p030__nu0p50__psi1p00,hardzero_plus_depr,0.02,36,73,0.0,1,0.48973206,0.48973206,1.0517764,0.0,0.08876129,0.0,0.0,0.002306506,-27.41436,2.3139544,0.77131814,0.16000001,0.0,0.15834355,2.1599984,2.1899984,236800
hardzero_plus_depr__c0p54__z1p05__lam0p030__nu0p50__psi1p00,hardzero_plus_depr,0.02,36,74,0.0,1,0.48973206,0.48993406,1.0445738,0.090245634,0.090245634,1.0,0.00020200029,0.0022383386,-27.064444,2.298108,0.76603603,0.14400001,0.0,0.15484963,2.1899984,2.2199984,240000
hardzero_plus_depr__c0p54__z1p05__lam0p030__nu0p50__psi1p00,hardzero_plus_depr,0.02,36,75,0.0,1,0.48993406,0.49014467,1.0134262,0.0969558,0.0969558,1.0,0.00021060598,0.0021721856,-27.450146,2.229582,0.74319404,0.16800001,0.0,0.15237208,2.2199984,2.2499983,243200
hardzero_plus_depr__c0p54__z1p05__lam0p030__nu0p50__psi1p00,hardzero_plus_depr,0.02,36,76,0.0,1,0.49014467,0.4903344,1.0457811,0.089995116,0.089995116,1.0,0.00018970862,0.0021079879,-27.349407,2.3007643,0.76692146,0.136,0.0,0.13733564,2.2499983,2.2799983,246400
hardzero_plus_depr__c0p54__z1p05__lam0p030__nu0p50__psi1p00,hardzero_plus_depr,0.02,36,77,0.0,1,0.4903344,0.4903344,1.0794282,0.0,0.08328596,0.0,0.0,0.0020456875,-27.76734,2.3747895,0.79159653,0.104,0.0,0.18881048,2.2799983,2.3099983,249600
hardzero_plus_depr__c0p54__z1p05__lam0p030__nu0p50__psi1p00,hardzero_plus_depr,0.02,36,78,0.0,1,0.4903344,0.4903344,1.075241,0.0,0.08409284,0.0,0.0,0.0019852284,-28.1623,2.3655775,0.7885258,0.14,0.0,0.15668741,2.3099983,2.3399982,252800
hardzero_plus_depr__c0p54__z1p05__lam0p030__nu0p50__psi1p00,hardzero_plus_depr,0.02,36,79,0.0,1,0.4903344,0.4903344,1.1186365,0.0,0.07609628,0.0,0.0,0.001926556,-29.097738,2.4610493,0.8203498,0.096,0.0,0.14682479,2.3399982,2.3699982,256000
hardzero_plus_depr__c0p54__z1p05__lam0p030__nu0p50__psi1p00,hardzero_plus_depr,0.02,36,80,0.0,1,0.4903344,0.4903344,1.071382,0.0,0.08484338,0.0,0.0,0.0018696178,-27.824501,2.3570876,0.7856959,0.128,0.0,0.18148097,2.3699982,2.3999982,259200
hardzero_plus_depr__c0p54__z1p05__lam0p030__nu0p50__psi1p00,hardzero_plus_depr,0.02,36,81,0.0,1,0.4903344,0.4903344,1.0547832,0.0,0.08814888,0.0,0.0,0.0018143624,-28.035751,2.3205695,0.7735232,0.104,0.0,0.14086895,2.3999982,2.4299982,262400
hardzero_plus_depr__c0p54__z1p05__lam0p030__nu0p50__psi1p00,hardzero_plus_depr,0.02,36,82,0.0,1,0.4903344,0.4903344,1.0883734,0.0,0.081588045,0.0,0.0,0.0017607398,-28.499096,2.3944693,0.79815644,0.104,0.0,0.18108478,2.4299982,2.4599981,265600
hardzero_plus_depr__c0p54__z1p05__lam0p030__nu0p50__psi1p00,hardzero_plus_depr,0.02,36,83,0.0,1,0.4903344,0.4905033,1.0049527,0.098866075,0.098866075,1.0,0.00016893266,0.0017087021,-26.846598,2.2109401,0.7369801,0.136,0.0,0.13684034,2.4599981,2.489998,268800
hardzero_plus_depr__c0p54__z1p05__lam0p030__nu0p50__psi1p00,hardzero_plus_depr,0.02,36,84,0.0,1,0.4905033,0.4905033,1.0654255,0.0,0.086015046,0.0,0.0,0.0016582025,-27.981232,2.343983,0.78132766,0.15200001,0.0,0.16408175,2.489998,2.519998,272000
hardzero_plus_depr__c0p54__z1p05__lam0p030__nu0p50__psi1p00,hardzero_plus_depr,0.02,36,85,0.0,1,0.4905033,0.4905033,1.054152,0.0,0.08827709,0.0,0.0,0.0016091953,-28.483534,2.3191807,0.77306026,0.08800001,0.0,0.16275144,2.519998,2.549998,275200
hardzero_plus_depr__c0p54__z1p05__lam0p030__nu0p50__psi1p00,hardzero_plus_depr,0.02,36,86,0.0,1,0.4905033,0.4905033,1.0572941,0.0,0.0876407,0.0,0.0,0.0015616363,-27.695917,2.3260934,0.7753645,0.128,0.0,0.14466146,2.549998,2.579998,278400
hardzero_plus_depr__c0p54__z1p05__lam0p030__nu0p50__psi1p00,hardzero_plus_depr,0.02,36,87,0.0,1,0.4905033,0.49064308,1.0351284,0.092229865,0.092229865,1.0,0.00013977279,0.0015154829,-27.367348,2.2773278,0.75910926,0.120000005,0.0,0.14743736,2.579998,2.609998,281600
hardzero_plus_depr__c0p54__z1p05__lam0p030__nu0p50__psi1p00,hardzero_plus_depr,0.02,36,88,0.0,1,0.49064308,0.49064308,1.0669035,0.0,0.08572284,0.0,0.0,0.001470694,-27.1334,2.3472345,0.7824115,0.056,0.0,0.15265127,2.609998,2.639998,284800
hardzero_plus_depr__c0p54__z1p05__lam0p030__nu0p50__psi1p00,hardzero_plus_depr,0.02,36,89,0.0,1,0.49064308,0.49064308,1.1004562,0.0,0.07934943,0.0,0.0,0.0014272282,-27.938261,2.421052,0.8070173,0.128,0.0,0.17940277,2.639998,2.669998,288000
hardzero_plus_depr__c0p54__z1p05__lam0p030__nu0p50__psi1p00,hardzero_plus_depr,0.02,36,90,0.0,1,0.49064308,0.4907822,0.99809194,0.10044032,0.10044032,1.0,0.00013911459,0.0013850472,-25.938183,2.195846,0.73194873,0.23200001,0.008,0.1430708,2.669998,2.699998,291200
hardzero_plus_depr__c0p54__z1p05__lam0p030__nu0p50__psi1p00,hardzero_plus_depr,0.02,36,91,0.0,1,0.4907822,0.4909049,1.0395765,0.09129005,0.09129005,1.0,0.00012270415,0.001344113,-26.766752,2.287114,0.7623713,0.11,0.0,0.15503383,2.699998,2.7299979,294400
hardzero_plus_depr__c0p54__z1p05__lam0p030__nu0p50__psi1p00,hardzero_plus_depr,0.02,36,92,0.0,1,0.4909049,0.4910352,1.0004911,0.099886976,0.099886976,1.0,0.00013029143,0.0013043886,-26.876911,2.2011244,0.73370814,0.18400002,0.0,0.14472836,2.7299979,2.7599978,297600
hardzero_plus_depr__c0p54__z1p05__lam0p030__nu0p50__psi1p00,hardzero_plus_depr,0.02,36,93,0.0,1,0.4910352,0.49115276,1.0320904,0.0928773,0.0928773,1.0,0.00011756761,0.0012658379,-27.69335,2.2706442,0.7568814,0.15200001,0.0,0.14724973,2.7599978,2.7899978,300800
hardzero_plus_depr__c0p54__z1p05__lam0p030__nu0p50__psi1p00,hardzero_plus_depr,0.02,36,94,0.0,1,0.49115276,0.49127012,1.0198051,0.09554213,0.09554213,1.0,0.00011736653,0.0012284269,-27.048254,2.2436159,0.747872,0.128,0.0,0.1579357,2.7899978,2.8199978,304000
hardzero_plus_depr__c0p54__z1p05__lam0p030__nu0p50__psi1p00,hardzero_plus_depr,0.02,36,95,0.0,1,0.49127012,0.49138632,1.0111728,0.09746018,0.09746018,1.0,0.00011618438,0.0011921215,-26.332705,2.2246244,0.7415415,0.136,0.0,0.14409073,2.8199978,2.8499978,307200
hardzero_plus_depr__c0p54__z1p05__lam0p030__nu0p50__psi1p00,hardzero_plus_depr,0.02,36,96,0.0,1,0.49138632,0.4914925,1.0372361,0.09178334,0.09178334,1.0,0.000106183135,0.001156889,-27.324833,2.281965,0.76065505,0.120000005,0.0,0.16433129,2.8499978,2.8799977,310400
hardzero_plus_depr__c0p54__z1p05__lam0p030__nu0p50__psi1p00,hardzero_plus_depr,0.02,36,97,0.0,1,0.4914925,0.49159423,1.0428247,0.09060982,0.09060982,1.0,0.00010172745,0.0011226978,-26.5799,2.2942603,0.76475346,0.112,0.0,0.16311258,2.8799977,2.9099977,313600
hardzero_plus_depr__c0p54__z1p05__lam0p030__nu0p50__psi1p00,hardzero_plus_depr,0.02,36,98,0.0,1,0.49159423,0.49169442,1.0364492,0.0919498,0.0919498,1.0,0.00010018087,0.001089517,-27.76515,2.2802339,0.76007795,0.08800001,0.0,0.17775361,2.9099977,2.9399977,316800
hardzero_plus_depr__c0p54__z1p05__lam0p030__nu0p50__psi1p00,hardzero_plus_depr,0.02,36,99,0.0,1,0.49169442,0.49169442,1.0826844,0.0,0.082663834,0.0,0.0,0.0010573171,-28.263975,2.3819532,0.7939844,0.096,0.0,0.14509979,2.9399977,2.9699976,320000
hardzero_plus_depr__c0p54__z1p05__lam0p030__nu0p50__psi1p00,hardzero_plus_depr,0.02,36,100,0.0,1,0.49169442,0.49169442,1.0723768,0.0,0.08464926,0.0,0.0,0.0010260686,-28.146763,2.359276,0.78642535,0.128,0.0,0.17765188,2.9699976,2.9999976,323200
hardzero_plus_depr__c0p54__z1p05__lam0p030__nu0p50__psi1p00,hardzero_plus_depr,0.02,36,101,0.0,1,0.49169442,0.49169442,1.0895104,0.0,0.08137472,0.0,0.0,0.0009957437,-28.3544,2.3969707,0.79899025,0.192,0.0,0.15879482,2.9999976,3.0299976,326400
hardzero_plus_depr__c0p54__z1p05__lam0p030__nu0p50__psi1p00,hardzero_plus_depr,0.02,36,102,0.0,1,0.49169442,0.4917937,0.9882538,0.10274158,0.10274158,1.0,9.928073e-05,0.00096631504,-25.666424,2.1742017,0.72473395,0.16000001,0.0,0.13812225,3.0299976,3.0599976,329600
hardzero_plus_depr__c0p54__z1p05__lam0p030__nu0p50__psi1p00,hardzero_plus_depr,0.02,36,103,0.0,1,0.4917937,0.49187738,1.0495008,0.089227594,0.089227594,1.0,8.367373e-05,0.0009377562,-27.449785,2.3089478,0.76964927,0.128,0.0,0.14926171,3.0599976,3.0899975,332800
hardzero_plus_depr__c0p54__z1p05__lam0p030__nu0p50__psi1p00,hardzero_plus_depr,0.02,36,104,0.0,1,0.49187738,0.49187738,1.0780439,0.0,0.08355185,0.0,0.0,0.00091004133,-27.735205,2.371744,0.79058135,0.13,0.0,0.16631486,3.0899975,3.1199975,336000
hardzero_plus_depr__c0p54__z1p05__lam0p030__nu0p50__psi1p00,hardzero_plus_depr,0.02,36,105,0.0,1,0.49187738,0.49187738,1.0551594,0.0,0.08807254,0.0,0.0,0.00088314555,-27.573605,2.321397,0.77379906,0.096,0.0,0.14857164,3.1199975,3.1499975,339200
hardzero_plus_depr__c0p54__z1p05__lam0p030__nu0p50__psi1p00,hardzero_plus_depr,0.02,36,106,0.0,1,0.49187738,0.49195603,1.0372562,0.0917791,0.0917791,1.0,7.8658784e-05,0.00085704465,-27.953608,2.2820094,0.7606698,0.18400002,0.0,0.15025328,3.1499975,3.1799974,342400
hardzero_plus_depr__c0p54__z1p05__lam0p030__nu0p50__psi1p00,hardzero_plus_depr,0.02,36,107,0.0,1,0.49195603,0.49203333,1.031827,0.09293365,0.09293365,1.0,7.729433e-05,0.00083171524,-26.977108,2.2700646,0.75668824,0.17600001,0.0,0.16279228,3.1799974,3.2099974,345600
hardzero_plus_depr__c0p54__z1p05__lam0p030__nu0p50__psi1p00,hardzero_plus_depr,0.02,36,108,0.0,1,0.49203333,0.49203333,1.068382,0.0,0.08543149,0.0,0.0,0.0008071343,-27.052086,2.3504875,0.78349584,0.128,0.0,0.15746062,3.2099974,3.2399974,348800
hardzero_plus_depr__c0p54__z1p05__lam0p030__nu0p50__psi1p00,hardzero_plus_depr,0.02,36,109,0.0,1,0.49203333,0.49210435,1.0424945,0.090678744,0.090678744,1.0,7.102684e-05,0.00078327995,-27.567486,2.2935338,0.7645113,0.17600001,0.0,0.16107054,3.2399974,3.2699974,352000
hardzero_plus_depr__c0p54__z1p05__lam0p030__nu0p50__psi1p00,hardzero_plus_depr,0.02,36,110,0.0,1,0.49210435,0.49217576,1.0270748,0.09395613,0.09395613,1.0,7.1418915e-05,0.00076013047,-27.49244,2.2596097,0.7532033,0.16800001,0.0,0.1636269,3.2699974,3.2999973,355200
hardzero_plus_depr__c0p54__z1p05__lam0p030__nu0p50__psi1p00,hardzero_plus_depr,0.02,36,111,0.0,1,0.49217576,0.49217576,1.0546448,0.0,0.08817696,0.0,0.0,0.0007376653,-27.362644,2.3202648,0.77342165,0.18400002,0.0,0.15409134,3.2999973,3.3299973,358400
hardzero_plus_depr__c0p54__z1p05__lam0p030__nu0p50__psi1p00,hardzero_plus_depr,0.02,36,112,0.0,1,0.49217576,0.4922499,0.98471797,0.10358146,0.10358146,1.0,7.4150244e-05,0.00071586407,-25.85946,2.1664228,0.72214097,0.16800001,0.0,0.1435777,3.3299973,3.3599973,361600
hardzero_plus_depr__c0p54__z1p05__lam0p030__nu0p50__psi1p00,hardzero_plus_depr,0.02,36,113,0.0,1,0.4922499,0.4922499,1.0892887,0.0,0.081416294,0.0,0.0,0.0006947071,-27.896212,2.396483,0.79882765,0.14400001,0.0,0.14351682,3.3599973,3.3899972,364800
hardzero_plus_depr__c0p54__z1p05__lam0p030__nu0p50__psi1p00,hardzero_plus_depr,0.02,36,114,0.0,1,0.4922499,0.49231926,0.98777467,0.10285498,0.10285498,1.0,6.93423e-05,0.0006741754,-26.742403,2.1731477,0.7243826,0.17600001,0.0,0.15259741,3.3899972,3.4199972,368000
hardzero_plus_depr__c0p54__z1p05__lam0p030__nu0p50__psi1p00,hardzero_plus_depr,0.02,36,115,0.0,1,0.49231926,0.4923787,1.0415395,0.09087836,0.09087836,1.0,5.9457212e-05,0.0006542505,-27.773508,2.2914329,0.763811,0.15200001,0.0,0.16212538,3.4199972,3.4499972,371200
hardzero_plus_depr__c0p54__z1p05__lam0p030__nu0p50__psi1p00,hardzero_plus_depr,0.02,36,116,0.0,1,0.4923787,0.49243537,1.0494281,0.089242525,0.089242525,1.0,5.6661374e-05,0.0006349145,-28.141073,2.308788,0.76959604,0.128,0.0,0.16633242,3.4499972,3.4799972,374400
hardzero_plus_depr__c0p54__z1p05__lam0p030__nu0p50__psi1p00,hardzero_plus_depr,0.02,36,117,0.0,1,0.49243537,0.49249324,1.0271913,0.09393096,0.09393096,1.0,5.7875557e-05,0.00061615,-27.381151,2.259866,0.7532887,0.11,0.0,0.14129966,3.4799972,3.5099971,377600
hardzero_plus_depr__c0p54__z1p05__lam0p030__nu0p50__psi1p00,hardzero_plus_depr,0.02,36,118,0.0,1,0.49249324,0.49249324,1.0663824,0.0,0.08582574,0.0,0.0,0.00059793994,-28.42777,2.3460882,0.7820294,0.112,0.0,0.15448357,3.5099971,3.539997,380800
hardzero_plus_depr__c0p54__z1p05__lam0p030__nu0p50__psi1p00,hardzero_plus_depr,0.02,36,119,0.0,1,0.49249324,0.49254537,1.0467035,0.08980417,0.08980417,1.0,5.2110507e-05,0.0005802682,-27.05897,2.3027935,0.76759785,0.18400002,0.0,0.16578707,3.539997,3.569997,384000
hardzero_plus_depr__c0p54__z1p05__lam0p030__nu0p50__psi1p00,hardzero_plus_depr,0.02,36,120,0.0,1,0.49254537,0.49260426,0.9805777,0.104573645,0.104573645,1.0,5.8887377e-05,0.0005631187,-26.820305,2.157314,0.7191047,0.17600001,0.0,0.14623652,3.569997,3.599997,387200
hardzero_plus_depr__c0p54__z1p05__lam0p030__nu0p50__psi1p00,hardzero_plus_depr,0.02,36,121,0.0,1,0.49260426,0.49266115,0.98242414,0.104129985,0.104129985,1.0,5.6904544e-05,0.00054647605,-26.882002,2.1613762,0.72045875,0.14400001,0.0,0.16465838,3.599997,3.629997,390400
hardzero_plus_depr__c0p54__z1p05__lam0p030__nu0p50__psi1p00,hardzero_plus_depr,0.02,36,122,0.0,1,0.49266115,0.49266115,1.0676934,0.0,0.08556706,0.0,0.0,0.0005303252,-28.060423,2.3489723,0.7829908,0.112,0.0,0.16325785,3.629997,3.659997,393600
hardzero_plus_depr__c0p54__z1p05__lam0p030__nu0p50__psi1p00,hardzero_plus_depr,0.02,36,123,0.0,1,0.49266115,0.49266115,1.0675113,0.0,0.08560293,0.0,0.0,0.0005146518,-28.811945,2.3485718,0.7828573,0.15200001,0.0,0.18193841,3.659997,3.689997,396800
hardzero_plus_depr__c0p54__z1p05__lam0p030__nu0p50__psi1p00,hardzero_plus_depr,0.02,36,124,0.0,1,0.49266115,0.49270764,1.0311908,0.0930699,0.0930699,1.0,4.648298e-05,0.0004994416,-27.539377,2.2686648,0.75622165,0.128,0.0,0.16465913,3.689997,3.719997,400000
hardzero_plus_depr__c0p54__z1p05__lam0p030__nu0p50__psi1p00,hardzero_plus_depr,0.02,36,125,0.0,1,0.49270764,0.49275202,1.038283,0.09156237,0.09156237,1.0,4.4378525e-05,0.00048468082,-27.086004,2.2842681,0.76142275,0.104,0.008,0.16210414,3.719997,3.749997,403200
hardzero_plus_depr__c0p54__z1p05__lam0p030__nu0p50__psi1p00,hardzero_plus_depr,0.02,36,126,0.0,1,0.49275202,0.49279702,1.019081,0.09570156,0.09570156,1.0,4.5013843e-05,0.0004703564,-27.326733,2.242023,0.74734104,0.104,0.0,0.15629601,3.749997,3.7799969,406400
hardzero_plus_depr__c0p54__z1p05__lam0p030__nu0p50__psi1p00,hardzero_plus_depr,0.02,36,127,0.0,1,0.49279702,0.4928419,1.0073838,0.09831419,0.09831419,1.0,4.487603e-05,0.00045645525,-27.48806,2.2162886,0.73876286,0.18400002,0.0,0.15865922,3.7799969,3.8099968,409600
hardzero_plus_depr__c0p54__z1p05__lam0p030__nu0p50__psi1p00,hardzero_plus_depr,0.02,36,128,0.0,1,0.4928419,0.4928855,1.0069606,0.098410025,0.098410025,1.0,4.3592194e-05,0.00044296499,-27.126612,2.2153575,0.73845255,0.192,0.0,0.13808817,3.8099968,3.8399968,412800
hardzero_plus_depr__c0p54__z1p05__lam0p030__nu0p50__psi1p00,hardzero_plus_depr,0.02,36,129,0.0,1,0.4928855,0.49292785,1.0065838,0.098495446,0.098495446,1.0,4.234057e-05,0.00042987338,-25.949009,2.2145286,0.7381762,0.18400002,0.008,0.124410175,3.8399968,3.8699968,416000
hardzero_plus_depr__c0p54__z1p05__lam0p030__nu0p50__psi1p00,hardzero_plus_depr,0.02,36,130,0.0,1,0.49292785,0.49292785,1.0606637,0.0,0.08696336,0.0,0.0,0.00041716872,-27.990541,2.3335068,0.7778356,0.12,0.0,0.1620061,3.8699968,3.8999968,419200
hardzero_plus_depr__c0p54__z1p05__lam0p030__nu0p50__psi1p00,hardzero_plus_depr,0.02,36,131,0.0,1,0.49292785,0.49296623,1.0232208,0.09479365,0.09479365,1.0,3.8376216e-05,0.00040483952,-26.976068,2.2511306,0.7503769,0.18400002,0.0,0.1514749,3.8999968,3.9299967,422400
hardzero_plus_depr__c0p54__z1p05__lam0p030__nu0p50__psi1p00,hardzero_plus_depr,0.02,36,132,0.0,1,0.49296623,0.49300465,1.0097282,0.0977849,0.0977849,1.0,3.8417216e-05,0.00039287473,-26.40375,2.2214463,0.7404821,0.14400001,0.0,0.1475047,3.9299967,3.9599967,425600
hardzero_plus_depr__c0p54__z1p05__lam0p030__nu0p50__psi1p00,hardzero_plus_depr,0.02,36,133,0.0,1,0.49300465,0.49300465,1.0692618,0.0,0.0852586,0.0,0.0,0.00038126353,-28.644398,2.352423,0.784141,0.128,0.0,0.16707125,3.9599967,3.9899967,428800
hardzero_plus_depr__c0p54__z1p05__lam0p030__nu0p50__psi1p00,hardzero_plus_depr,0.02,36,134,0.0,1,0.49300465,0.49303928,1.0288904,0.093564175,0.093564175,1.0,3.4618322e-05,0.00036999548,-26.885117,2.263604,0.75453466,0.2,0.008,0.1522122,3.9899967,4.0199966,432000
hardzero_plus_depr__c0p54__z1p05__lam0p030__nu0p50__psi1p00,hardzero_plus_depr,0.02,36,135,0.0,1,0.49303928,0.49307403,1.0141726,0.096789315,0.096789315,1.0,3.4753222e-05,0.00035906053,-27.302223,2.2312243,0.74374145,0.16000001,0.008,0.16484441,4.0199966,4.049997,435200
hardzero_plus_depr__c0p54__z1p05__lam0p030__nu0p50__psi1p00,hardzero_plus_depr,0.02,36,136,0.0,1,0.49307403,0.49310702,1.0237418,0.09467997,0.09467997,1.0,3.2991098e-05,0.00034844855,-26.857595,2.2522771,0.75075907,0.208,0.0,0.15120973,4.049997,4.079997,438400
hardzero_plus_depr__c0p54__z1p05__lam0p030__nu0p50__psi1p00,hardzero_plus_depr,0.02,36,137,0.0,1,0.49310702,0.4931374,1.0467051,0.08980383,0.08980383,1.0,3.0367193e-05,0.0003381503,-27.285667,2.3027973,0.7675991,0.136,0.0,0.14819612,4.079997,4.1099973,441600
hardzero_plus_depr__c0p54__z1p05__lam0p030__nu0p50__psi1p00,hardzero_plus_depr,0.02,36,138,0.0,1,0.4931374,0.4931672,1.0420109,0.09077978,0.09077978,1.0,2.9789964e-05,0.00032815637,-26.959814,2.2924697,0.7641566,0.072000004,0.0,0.14686611,4.1099973,4.1399975,444800
hardzero_plus_depr__c0p54__z1p05__lam0p030__nu0p50__psi1p00,hardzero_plus_depr,0.02,36,139,0.0,1,0.4931672,0.4931958,1.0466344,0.08981846,0.08981846,1.0,2.860339e-05,0.0003184578,-27.006369,2.3026416,0.76754725,0.14400001,0.0,0.18449782,4.1399975,4.1699977,448000
hardzero_plus_depr__c0p54__z1p05__lam0p030__nu0p50__psi1p00,hardzero_plus_depr,0.02,36,140,0.0,1,0.4931958,0.4932261,1.0085764,0.098044574,0.098044574,1.0,3.0300276e-05,0.00030904592,-26.822536,2.2189124,0.7396375,0.24000001,0.0,0.13832614,4.1699977,4.199998,451200
hardzero_plus_depr__c0p54__z1p05__lam0p030__nu0p50__psi1p00,hardzero_plus_depr,0.02,36,141,0.0,1,0.4932261,0.4932547,1.021136,0.09524979,0.09524979,1.0,2.8566568e-05,0.00029991215,-27.490677,2.2465441,0.7488481,0.16000001,0.0,0.14867976,4.199998,4.229998,454400
hardzero_plus_depr__c0p54__z1p05__lam0p030__nu0p50__psi1p00,hardzero_plus_depr,0.02,36,142,0.0,1,0.4932547,0.49328455,0.9888341,0.10260439,0.10260439,1.0,2.9862838e-05,0.00029104835,-25.9436,2.1754785,0.7251595,0.224,0.0,0.14458272,4.229998,4.2599983,457600
hardzero_plus_depr__c0p54__z1p05__lam0p030__nu0p50__psi1p00,hardzero_plus_depr,0.02,36,143,0.0,1,0.49328455,0.49331212,1.0107533,0.09755437,0.09755437,1.0,2.7553893e-05,0.00028244653,-26.842209,2.2237015,0.7412338,0.14,0.0,0.13108346,4.2599983,4.2899985,460800
hardzero_plus_depr__c0p54__z1p05__lam0p030__nu0p50__psi1p00,hardzero_plus_depr,0.02,36,144,0.0,1,0.49331212,0.49333924,1.0048034,0.098900065,0.098900065,1.0,2.71084e-05,0.00027409891,-26.713358,2.2106116,0.7368705,0.2,0.0,0.14806053,4.2899985,4.3199987,464000
hardzero_plus_depr__c0p54__z1p05__lam0p030__nu0p50__psi1p00,hardzero_plus_depr,0.02,36,145,0.0,1,0.49333924,0.4933636,1.038568,0.091502294,0.091502294,1.0,2.4339428e-05,0.000265998,-27.38986,2.2848952,0.7616317,0.16000001,0.0,0.14625773,4.3199987,4.349999,467200
hardzero_plus_depr__c0p54__z1p05__lam0p030__nu0p50__psi1p00,hardzero_plus_depr,0.02,36,146,0.0,1,0.4933636,0.4933636,1.0586234,0.0,0.087372854,0.0,0.0,0.00025813654,-27.524742,2.329018,0.7763394,0.14400001,0.0,0.14528085,4.349999,4.379999,470400
hardzero_plus_depr__c0p54__z1p05__lam0p030__nu0p50__psi1p00,hardzero_plus_depr,0.02,36,147,0.0,1,0.4933636,0.49339113,0.95879376,0.10995278,0.10995278,1.0,2.7543982e-05,0.00025050738,-26.19768,2.1093884,0.7031295,0.24000001,0.0,0.11242992,4.379999,4.4099994,473600
hardzero_plus_depr__c0p54__z1p05__lam0p030__nu0p50__psi1p00,hardzero_plus_depr,0.02,36,148,0.0,1,0.49339113,0.49339113,1.068446,0.0,0.0854189,0.0,0.0,0.00024310374,-27.294603,2.3506281,0.78354275,0.128,0.0,0.1652313,4.4099994,4.4399996,476800
hardzero_plus_depr__c0p54__z1p05__lam0p030__nu0p50__psi1p00,hardzero_plus_depr,0.02,36,149,0.0,1,0.49339113,0.49341273,1.0380795,0.091605276,0.091605276,1.0,2.1611413e-05,0.00023591887,-27.516232,2.2838204,0.7612735,0.208,0.0,0.18324001,4.4399996,4.47,480000
hardzero_plus_depr__c0p54__z1p05__lam0p030__nu0p50__psi1p00,hardzero_plus_depr,0.02,36,150,0.0,1,0.49341273,0.49341273,1.073345,0.0,0.084460765,0.0,0.0,0.00022894636,-27.122845,2.361406,0.78713536,0.120000005,0.0,0.1726693,4.47,4.5,483200
hardzero_plus_depr__c0p54__z1p05__lam0p030__nu0p50__psi1p00,hardzero_plus_depr,0.02,36,151,0.0,1,0.49341273,0.49343297,1.0406975,0.09105473,0.09105473,1.0,2.0230535e-05,0.00022217994,-27.151457,2.28958,0.76319337,0.17600001,0.0,0.15128264,4.5,4.53,486400
hardzero_plus_depr__c0p54__z1p05__lam0p030__nu0p50__psi1p00,hardzero_plus_depr,0.02,36,152,0.0,1,0.49343297,0.49345323,1.0266368,0.09405093,0.09405093,1.0,2.0278649e-05,0.00021561349,-27.292841,2.2586462,0.7528821,0.136,0.0,0.1497396,4.53,4.5600004,489600
hardzero_plus_depr__c0p54__z1p05__lam0p030__nu0p50__psi1p00,hardzero_plus_depr,0.02,36,153,0.0,1,0.49345323,0.49345323,1.0538324,0.0,0.088342056,0.0,0.0,0.00020924107,-27.285606,2.3184776,0.7728259,0.14400001,0.0,0.15422297,4.5600004,4.5900006,492800
hardzero_plus_depr__c0p54__z1p05__lam0p030__nu0p50__psi1p00,hardzero_plus_depr,0.02,36,154,0.0,1,0.49345323,0.49345323,1.0923774,0.0,0.08083931,0.0,0.0,0.00020305702,-28.224615,2.4032784,0.8010928,0.096,0.0,0.17169742,4.5900006,4.620001,496000
hardzero_plus_depr__c0p54__z1p05__lam0p030__nu0p50__psi1p00,hardzero_plus_depr,0.02,36,155,0.0,1,0.49345323,0.49345323,1.0542954,0.0,0.08824794,0.0,0.0,0.00019705575,-27.647518,2.3194962,0.7731654,0.14400001,0.0,0.16861548,4.620001,4.650001,499200
hardzero_plus_depr__c0p54__z1p05__lam0p030__nu0p50__psi1p00,hardzero_plus_depr,0.02,36,156,0.0,1,0.49345323,0.4934707,1.0397457,0.09125449,0.09125449,1.0,1.7450762e-05,0.00019123183,-27.8329,2.2874863,0.76249546,0.12,0.0,0.13701795,4.650001,4.6800013,502400
hardzero_plus_depr__c0p54__z1p05__lam0p030__nu0p50__psi1p00,hardzero_plus_depr,0.02,36,157,0.0,1,0.4934707,0.49348822,1.0247546,0.09445944,0.09445944,1.0,1.7529786e-05,0.00018558005,-27.097076,2.2545052,0.75150174,0.14400001,0.0,0.15714414,4.6800013,4.7100015,505600
hardzero_plus_depr__c0p54__z1p05__lam0p030__nu0p50__psi1p00,hardzero_plus_depr,0.02,36,158,0.0,1,0.49348822,0.49350482,1.0350493,0.092246674,0.092246674,1.0,1.661319e-05,0.00018009527,-27.861217,2.277154,0.7590513,0.17600001,0.0,0.16792487,4.7100015,4.7400017,508800
hardzero_plus_depr__c0p54__z1p05__lam0p030__nu0p50__psi1p00,hardzero_plus_depr,0.02,36,159,0.0,1,0.49350482,0.49350482,1.0852374,0.0,0.08217933,0.0,0.0,0.00017477262,-28.823326,2.38757,0.79585665,0.192,0.0,0.20119195,4.7400017,4.770002,512000
hardzero_plus_depr__c0p54__z1p05__lam0p030__nu0p50__psi1p00,hardzero_plus_depr,0.02,36,160,0.0,1,0.49350482,0.49352127,1.0129352,0.09706549,0.09706549,1.0,1.6463015e-05,0.00016960729,-26.6643,2.2285018,0.742834,0.16800001,0.0,0.13803497,4.770002,4.800002,515200
hardzero_plus_depr__c0p54__z1p05__lam0p030__nu0p50__psi1p00,hardzero_plus_depr,0.02,36,161,0.0,1,0.49352127,0.4935373,1.0116327,0.097357035,0.097357035,1.0,1.6024442e-05,0.00016459459,-26.795044,2.2256362,0.74187875,0.23200001,0.0,0.16993465,4.800002,4.8300023,518400
hardzero_plus_depr__c0p54__z1p05__lam0p030__nu0p50__psi1p00,hardzero_plus_depr,0.02,36,162,0.0,1,0.4935373,0.4935373,1.0537343,0.0,0.08836203,0.0,0.0,0.00015973006,-27.25209,2.3182619,0.77275395,0.16800001,0.0,0.17374322,4.8300023,4.8600025,521600
hardzero_plus_depr__c0p54__z1p05__lam0p030__nu0p50__psi1p00,hardzero_plus_depr,0.02,36,163,0.0,1,0.4935373,0.4935373,1.0559546,0.0,0.08791144,0.0,0.0,0.00015500929,-28.261623,2.3231466,0.77438223,0.192,0.0,0.14648812,4.8600025,4.8900027,524800
hardzero_plus_depr__c0p54__z1p05__lam0p030__nu0p50__psi1p00,hardzero_plus_depr,0.02,36,164,0.0,1,0.4935373,0.4935373,1.0545334,0.0,0.08819961,0.0,0.0,0.00015042804,-27.296413,2.3200197,0.7733399,0.120000005,0.0,0.17941049,4.8900027,4.920003,528000
hardzero_plus_depr__c0p54__z1p05__lam0p030__nu0p50__psi1p00,hardzero_plus_depr,0.02,36,165,0.0,1,0.4935373,0.4935373,1.0613046,0.0,0.08683511,0.0,0.0,0.00014598218,-27.580194,2.3349166,0.77830553,0.14400001,0.0,0.198098,4.920003,4.950003,531200
hardzero_plus_depr__c0p54__z1p05__lam0p030__nu0p50__psi1p00,hardzero_plus_depr,0.02,36,166,0.0,1,0.4935373,0.49355057,1.0282416,0.09370406,0.09370406,1.0,1.3274841e-05,0.00014166773,-28.05112,2.2621768,0.75405896,0.16800001,0.0,0.1764038,4.950003,4.9800034,534400
hardzero_plus_depr__c0p54__z1p05__lam0p030__nu0p50__psi1p00,hardzero_plus_depr,0.02,36,167,0.0,1,0.49355057,0.49355057,1.0894578,0.0,0.0813846,0.0,0.0,0.00013748078,-28.33766,2.3968549,0.7989516,0.14400001,0.0,0.16120376,4.9800034,5.0100036,537600
hardzero_plus_depr__c0p54__z1p05__lam0p030__nu0p50__psi1p00,hardzero_plus_depr,0.02,36,168,0.0,1,0.49355057,0.49355057,1.0877907,0.0,0.0816976,0.0,0.0,0.00013341759,-28.06053,2.3931873,0.79772913,0.120000005,0.0,0.15578878,5.0100036,5.040004,540800
hardzero_plus_depr__c0p54__z1p05__lam0p030__nu0p50__psi1p00,hardzero_plus_depr,0.02,36,169,0.0,1,0.49355057,0.49356222,1.0462136,0.08990553,0.08990553,1.0,1.1640471e-05,0.00012947447,-27.987253,2.3017159,0.7672386,0.12,0.0,0.16968344,5.040004,5.070004,544000
hardzero_plus_depr__c0p54__z1p05__lam0p030__nu0p50__psi1p00,hardzero_plus_depr,0.02,36,170,0.0,1,0.49356222,0.49357474,1.0015932,0.09963381,0.09963381,1.0,1.2518778e-05,0.00012564789,-27.204649,2.2035491,0.7345164,0.16000001,0.0,0.14260732,5.070004,5.100004,547200
hardzero_plus_depr__c0p54__z1p05__lam0p030__nu0p50__psi1p00,hardzero_plus_depr,0.02,36,171,0.0,1,0.49357474,0.49357474,1.0761467,0.0,0.08391765,0.0,0.0,0.00012193442,-28.421572,2.3675702,0.78919005,0.128,0.0,0.19598252,5.100004,5.1300044,550400
hardzero_plus_depr__c0p54__z1p05__lam0p030__nu0p50__psi1p00,hardzero_plus_depr,0.02,36,172,0.0,1,0.49357474,0.49357474,1.0506027,0.0,0.089001484,0.0,0.0,0.00011833069,-27.338978,2.311372,0.7704574,0.14400001,0.0,0.17146496,5.1300044,5.1600046,553600
hardzero_plus_depr__c0p54__z1p05__lam0p030__nu0p50__psi1p00,hardzero_plus_depr,0.02,36,173,0.0,1,0.49357474,0.49357474,1.0991783,0.0,0.079583235,0.0,0.0,0.000114833456,-27.135904,2.4182405,0.8060802,0.128,0.0,0.14543124,5.1600046,5.190005,556800
hardzero_plus_depr__c0p54__z1p05__lam0p030__nu0p50__psi1p00,hardzero_plus_depr,0.02,36,174,0.0,1,0.49357474,0.49358577,1.0041962,0.09903846,0.09903846,1.0,1.1036806e-05,0.0001114396,-27.269411,2.2092757,0.7364253,0.18400002,0.0,0.13927023,5.190005,5.220005,560000
hardzero_plus_depr__c0p54__z1p05__lam0p030__nu0p50__psi1p00,hardzero_plus_depr,0.02,36,175,0.0,1,0.49358577,0.49359557,1.042363,0.0907062,0.0907062,1.0,9.809515e-06,0.00010814603,-27.645512,2.2932446,0.7644149,0.112,0.0,0.14598197,5.220005,5.2500052,563200
hardzero_plus_depr__c0p54__z1p05__lam0p030__nu0p50__psi1p00,hardzero_plus_depr,0.02,36,176,0.0,1,0.49359557,0.4936055,1.0236658,0.09469656,0.09469656,1.0,9.938387e-06,0.000104949824,-26.847736,2.2521098,0.7507033,0.14400001,0.0,0.14704932,5.2500052,5.2800055,566400
hardzero_plus_depr__c0p54__z1p05__lam0p030__nu0p50__psi1p00,hardzero_plus_depr,0.02,36,177,0.0,1,0.4936055,0.49361527,1.0181881,0.09589852,0.09589852,1.0,9.767077e-06,0.000101848054,-27.032326,2.2400587,0.7466862,0.15200001,0.0,0.16011152,5.2800055,5.3100057,569600
hardzero_plus_depr__c0p54__z1p05__lam0p030__nu0p50__psi1p00,hardzero_plus_depr,0.02,36,178,0.0,1,0.49361527,0.49362502,1.0060855,0.09860853,0.09860853,1.0,9.746268e-06,9.8837976e-05,-26.68605,2.2134323,0.7378108,0.18400002,0.0,0.15074146,5.3100057,5.340006,572800
hardzero_plus_depr__c0p54__z1p05__lam0p030__nu0p50__psi1p00,hardzero_plus_depr,0.02,36,179,0.0,1,0.49362502,0.49363467,0.99685216,0.10072744,0.10072744,1.0,9.661459e-06,9.5916854e-05,-25.63439,2.1931186,0.7310395,0.15200001,0.0,0.1643198,5.340006,5.370006,576000
hardzero_plus_depr__c0p54__z1p05__lam0p030__nu0p50__psi1p00,hardzero_plus_depr,0.02,36,180,0.0,1,0.49363467,0.4936431,1.0427933,0.09061639,0.09061639,1.0,8.43476e-06,9.308206e-05,-27.59625,2.294191,0.76473033,0.136,0.0,0.15711533,5.370006,5.4000063,579200
hardzero_plus_depr__c0p54__z1p05__lam0p030__nu0p50__psi1p00,hardzero_plus_depr,0.02,36,181,0.0,1,0.4936431,0.49365142,1.0363052,0.0919803,0.0919803,1.0,8.308677e-06,9.033105e-05,-27.348135,2.279917,0.75997233,0.16000001,0.0,0.13351275,5.4000063,5.4300065,582400
hardzero_plus_depr__c0p54__z1p05__lam0p030__nu0p50__psi1p00,hardzero_plus_depr,0.02,36,182,0.0,1,0.49365142,0.49365935,1.0442458,0.0903138,0.0903138,1.0,7.9170295e-06,8.766135e-05,-27.291393,2.2973866,0.7657956,0.11,0.0,0.1628642,5.4300065,5.4600067,585600
hardzero_plus_depr__c0p54__z1p05__lam0p030__nu0p50__psi1p00,hardzero_plus_depr,0.02,36,183,0.0,1,0.49365935,0.49365935,1.1127877,0.0,0.07712802,0.0,0.0,8.507054e-05,-28.467623,2.4481819,0.81606066,0.072000004,0.0,0.16702403,5.4600067,5.490007,588800
hardzero_plus_depr__c0p54__z1p05__lam0p030__nu0p50__psi1p00,hardzero_plus_depr,0.02,36,184,0.0,1,0.49365935,0.49366686,1.0412843,0.09093178,0.09093178,1.0,7.5069916e-06,8.2556304e-05,-27.886536,2.2908711,0.7636237,0.16000001,0.0,0.16875896,5.490007,5.520007,592000
hardzero_plus_depr__c0p54__z1p05__lam0p030__nu0p50__psi1p00,hardzero_plus_depr,0.02,36,185,0.0,1,0.49366686,0.4936753,0.9772149,0.10538653,0.10538653,1.0,8.443189e-06,8.011639e-05,-25.901718,2.1499157,0.71663857,0.208,0.0,0.16463937,5.520007,5.5500073,595200
hardzero_plus_depr__c0p54__z1p05__lam0p030__nu0p50__psi1p00,hardzero_plus_depr,0.02,36,186,0.0,1,0.4936753,0.49368238,1.0405881,0.091077656,0.091077656,1.0,7.0811575e-06,7.774857e-05,-28.127848,2.2893395,0.7631132,0.2,0.0,0.1791402,5.5500073,5.5800076,598400
hardzero_plus_depr__c0p54__z1p05__lam0p030__nu0p50__psi1p00,hardzero_plus_depr,0.02,36,187,0.0,1,0.49368238,0.49368238,1.06291,0.0,0.08651473,0.0,0.0,7.545074e-05,-28.37536,2.3384485,0.77948284,0.16000001,0.0,0.16384621,5.5800076,5.610008,601600
hardzero_plus_depr__c0p54__z1p05__lam0p030__nu0p50__psi1p00,hardzero_plus_depr,0.02,36,188,0.0,1,0.49368238,0.49368927,1.0261639,0.0941534,0.0941534,1.0,6.8939885e-06,7.3220814e-05,-27.009573,2.2576058,0.7525353,0.128,0.0,0.12657402,5.610008,5.640008,604800
hardzero_plus_depr__c0p54__z1p05__lam0p030__nu0p50__psi1p00,hardzero_plus_depr,0.02,36,189,0.0,1,0.49368927,0.49368927,1.076202,0.0,0.08390695,0.0,0.0,7.10568e-05,-27.393389,2.3676918,0.7892306,0.120000005,0.0,0.13373269,5.640008,5.670008,608000
hardzero_plus_depr__c0p54__z1p05__lam0p030__nu0p50__psi1p00,hardzero_plus_depr,0.02,36,190,0.0,1,0.49368927,0.49368927,1.0504415,0.0,0.089034535,0.0,0.0,6.895674e-05,-27.502378,2.3110175,0.7703392,0.128,0.0,0.1800615,5.670008,5.7000084,611200
hardzero_plus_depr__c0p54__z1p05__lam0p030__nu0p50__psi1p00,hardzero_plus_depr,0.02,36,191,0.0,1,0.49368927,0.49369547,1.0331181,0.092657775,0.092657775,1.0,6.2005424e-06,6.691875e-05,-27.505205,2.2729053,0.7576351,0.18400002,0.0,0.15063249,5.7000084,5.7300086,614400
hardzero_plus_depr__c0p54__z1p05__lam0p030__nu0p50__psi1p00,hardzero_plus_depr,0.02,36,192,0.0,1,0.49369547,0.49370128,1.0480021,0.08953604,0.08953604,1.0,5.814559e-06,6.4940985e-05,-27.923923,2.3056507,0.7685503,0.16800001,0.0,0.16611977,5.7300086,5.760009,617600
hardzero_plus_depr__c0p54__z1p05__lam0p030__nu0p50__psi1p00,hardzero_plus_depr,0.02,36,193,0.0,1,0.49370128,0.49370128,1.0513086,0.0,0.08885693,0.0,0.0,6.3021675e-05,-27.23439,2.312925,0.77097505,0.16000001,0.0,0.15529604,5.760009,5.790009,620800
hardzero_plus_depr__c0p54__z1p05__lam0p030__nu0p50__psi1p00,hardzero_plus_depr,0.02,36,194,0.0,1,0.49370128,0.49370128,1.0712621,0.0,0.084866814,0.0,0.0,6.115909e-05,-28.0934,2.3568237,0.78560793,0.14400001,0.0,0.16596656,5.790009,5.820009,624000
hardzero_plus_depr__c0p54__z1p05__lam0p030__nu0p50__psi1p00,hardzero_plus_depr,0.02,36,195,0.0,1,0.49370128,0.49370697,1.017174,0.096122704,0.096122704,1.0,5.7050324e-06,5.9351558e-05,-27.259457,2.2378275,0.74594253,0.099999994,0.0,0.13172793,5.820009,5.8500094,627200
hardzero_plus_depr__c0p54__z1p05__lam0p030__nu0p50__psi1p00,hardzero_plus_depr,0.02,36,196,0.0,1,0.49370697,0.49371248,1.0195128,0.09560646,0.09560646,1.0,5.506687e-06,5.7597437e-05,-26.572392,2.2429729,0.74765766,0.192,0.0,0.13069914,5.8500094,5.8800097,630400
hardzero_plus_depr__c0p54__z1p05__lam0p030__nu0p50__psi1p00,hardzero_plus_depr,0.02,36,197,0.0,1,0.49371248,0.49371782,1.0197135,0.09556227,0.09556227,1.0,5.3414687e-06,5.589516e-05,-28.189922,2.2434146,0.7478049,0.17600001,0.0,0.19635333,5.8800097,5.91001,633600
hardzero_plus_depr__c0p54__z1p05__lam0p030__nu0p50__psi1p00,hardzero_plus_depr,0.02,36,198,0.0,1,0.49371782,0.49372303,1.0177784,0.09598903,0.09598903,1.0,5.2067526e-06,5.4243203e-05,-27.003984,2.2391572,0.74638575,0.120000005,0.0,0.1450406,5.91001,5.94001,636800
hardzero_plus_depr__c0p54__z1p05__lam0p030__nu0p50__psi1p00,hardzero_plus_depr,0.02,36,199,0.0,1,0.49372303,0.49372795,1.0289357,0.09355443,0.09355443,1.0,4.9247114e-06,5.2640065e-05,-27.510088,2.2637036,0.75456786,0.16800001,0.0,0.14730649,5.94001,5.9700103,640000
hardzero_plus_depr__c0p54__z1p05__lam0p030__nu0p50__psi1p00,hardzero_plus_depr,0.02,36,200,0.0,1,0.49372795,0.4937331,0.99677163,0.10074613,0.10074613,1.0,5.1465454e-06,5.10843e-05,-26.607489,2.1929414,0.7309805,0.16800001,0.0,0.12832175,5.9700103,6.0000105,643200
hardzero_plus_depr__c0p54__z1p05__lam0p030__nu0p50__psi1p00,hardzero_plus_depr,0.02,36,201,0.0,1,0.4937331,0.49373832,0.9780024,0.1051956,0.1051956,1.0,5.2150217e-06,4.9574523e-05,-26.6849,2.1516483,0.71721613,0.192,0.0,0.14205334,6.0000105,6.0300107,646400
hardzero_plus_depr__c0p54__z1p05__lam0p030__nu0p50__psi1p00,hardzero_plus_depr,0.02,36,202,0.0,1,0.49373832,0.4937428,1.0314839,0.0930071,0.0930071,1.0,4.4745125e-06,4.8109363e-05,-27.0882,2.26931,0.7564367,0.128,0.0,0.15913045,6.0300107,6.060011,649600
hardzero_plus_depr__c0p54__z1p05__lam0p030__nu0p50__psi1p00,hardzero_plus_depr,0.02,36,203,0.0,1,0.4937428,0.4937428,1.0724504,0.0,0.08463492,0.0,0.0,4.6687506e-05,-27.98223,2.359438,0.78647935,0.15200001,0.0,0.17206752,6.060011,6.090011,652800
hardzero_plus_depr__c0p54__z1p05__lam0p030__nu0p50__psi1p00,hardzero_plus_depr,0.02,36,204,0.0,1,0.4937428,0.49374703,1.028404,0.09366903,0.09366903,1.0,4.2439256e-06,4.5307672e-05,-27.054058,2.262534,0.754178,0.14400001,0.0,0.13592796,6.090011,6.1200113,656000
hardzero_plus_depr__c0p54__z1p05__lam0p030__nu0p50__psi1p00,hardzero_plus_depr,0.02,36,205,0.0,1,0.49374703,0.4937512,1.02382,0.09466292,0.09466292,1.0,4.162198e-06,4.396862e-05,-26.715431,2.252449,0.75081635,0.136,0.0,0.1526749,6.1200113,6.1500115,659200
hardzero_plus_depr__c0p54__z1p05__lam0p030__nu0p50__psi1p00,hardzero_plus_depr,0.02,36,206,0.0,1,0.4937512,0.49375552,0.9945388,0.10126543,0.10126543,1.0,4.320909e-06,4.266914e-05,-26.38822,2.188029,0.72934306,0.104,0.0,0.12080474,6.1500115,6.1800117,662400
hardzero_plus_depr__c0p54__z1p05__lam0p030__nu0p50__psi1p00,hardzero_plus_depr,0.02,36,207,0.0,1,0.49375552,0.49375552,1.0691872,0.0,0.08527324,0.0,0.0,4.140807e-05,-27.904583,2.3522587,0.7840862,0.136,0.0,0.16275081,6.1800117,6.210012,665600
hardzero_plus_depr__c0p54__z1p05__lam0p030__nu0p50__psi1p00,hardzero_plus_depr,0.02,36,208,0.0,1,0.49375552,0.49375936,1.0177602,0.095993064,0.095993064,1.0,3.857411e-06,4.0184266e-05,-26.552568,2.2391171,0.7463724,0.14,0.0,0.13280149,6.210012,6.240012,668800
hardzero_plus_depr__c0p54__z1p05__lam0p030__nu0p50__psi1p00,hardzero_plus_depr,0.02,36,209,0.0,1,0.49375936,0.4937631,1.0213131,0.095210955,0.095210955,1.0,3.712907e-06,3.8996637e-05,-28.005049,2.2469337,0.7489779,0.2,0.0,0.16348928,6.240012,6.2700124,672000
hardzero_plus_depr__c0p54__z1p05__lam0p030__nu0p50__psi1p00,hardzero_plus_depr,0.02,36,210,0.0,1,0.4937631,0.49376687,0.9996257,0.10008622,0.10008622,1.0,3.7876732e-06,3.7844104e-05,-27.29744,2.1992204,0.7330735,0.136,0.0,0.15550835,6.2700124,6.3000126,675200
hardzero_plus_depr__c0p54__z1p05__lam0p030__nu0p50__psi1p00,hardzero_plus_depr,0.02,36,211,0.0,1,0.49376687,0.49377066,0.9854159,0.10341515,0.10341515,1.0,3.7979867e-06,3.6725633e-05,-26.241623,2.1679583,0.7226528,0.18400002,0.0,0.15404537,6.3000126,6.330013,678400
hardzero_plus_depr__c0p54__z1p05__lam0p030__nu0p50__psi1p00,hardzero_plus_depr,0.02,36,212,0.0,1,0.49377066,0.49377418,1.0049976,0.09885584,0.09885584,1.0,3.5232438e-06,3.564022e-05,-26.896727,2.2110388,0.737013,0.112,0.0,0.13187246,6.330013,6.360013,681600
hardzero_plus_depr__c0p54__z1p05__lam0p030__nu0p50__psi1p00,hardzero_plus_depr,0.02,36,213,0.0,1,0.49377418,0.49377736,1.0366836,0.09190021,0.09190021,1.0,3.1785416e-06,3.4586883e-05,-27.579758,2.2807493,0.7602498,0.128,0.0,0.15979828,6.360013,6.390013,684800
hardzero_plus_depr__c0p54__z1p05__lam0p030__nu0p50__psi1p00,hardzero_plus_depr,0.02,36,214,0.0,1,0.49377736,0.49378043,1.03695,0.09184385,0.09184385,1.0,3.0827096e-06,3.356468e-05,-27.5443,2.2813356,0.76044524,0.14400001,0.0,0.16483447,6.390013,6.4200134,688000
hardzero_plus_depr__c0p54__z1p05__lam0p030__nu0p50__psi1p00,hardzero_plus_depr,0.02,36,215,0.0,1,0.49378043,0.49378368,1.0011735,0.099730164,0.099730164,1.0,3.2484793e-06,3.2572687e-05,-27.465141,2.2026258,0.7342086,0.136,0.0,0.1395612,6.4200134,6.4500136,691200
hardzero_plus_depr__c0p54__z1p05__lam0p030__nu0p50__psi1p00,hardzero_plus_depr,0.02,36,216,0.0,1,0.49378368,0.4937869,0.99045724,0.10222163,0.10222163,1.0,3.231227e-06,3.1610012e-05,-26.62115,2.1790495,0.72634983,0.15200001,0.0,0.10903149,6.4500136,6.480014,694400
hardzero_plus_depr__c0p54__z1p05__lam0p030__nu0p50__psi1p00,hardzero_plus_depr,0.02,36,217,0.0,1,0.4937869,0.49379,0.99738,0.10060509,0.10060509,1.0,3.0861404e-06,3.0675787e-05,-26.393595,2.19428,0.73142666,0.120000005,0.0,0.1379505,6.480014,6.510014,697600
hardzero_plus_depr__c0p54__z1p05__lam0p030__nu0p50__psi1p00,hardzero_plus_depr,0.02,36,218,0.0,1,0.49379,0.49379,1.0934391,0.0,0.080641925,0.0,0.0,2.9769177e-05,-28.481731,2.4056141,0.8018714,0.14400001,0.0,0.13971317,6.510014,6.5400143,700800
hardzero_plus_depr__c0p54__z1p05__lam0p030__nu0p50__psi1p00,hardzero_plus_depr,0.02,36,219,0.0,1,0.49379,0.49379265,1.0360696,0.092030205,0.092030205,1.0,2.6586933e-06,2.8889355e-05,-27.211973,2.2793987,0.7597996,0.120000005,0.0,0.14255056,6.5400143,6.5700145,704000
hardzero_plus_depr__c0p54__z1p05__lam0p030__nu0p50__psi1p00,hardzero_plus_depr,0.02,36,220,0.0,1,0.49379265,0.49379522,1.0387505,0.09146384,0.09146384,1.0,2.5642382e-06,2.8035542e-05,-28.107363,2.285297,0.76176566,0.17600001,0.0,0.17723384,6.5700145,6.6000147,707200
hardzero_plus_depr__c0p54__z1p05__lam0p030__nu0p50__psi1p00,hardzero_plus_depr,0.02,36,221,0.0,1,0.49379522,0.49379522,1.1148379,0.0,0.07676479,0.0,0.0,2.720696e-05,-29.598873,2.4526923,0.81756413,0.13,0.0,0.19507012,6.6000147,6.630015,710400
hardzero_plus_depr__c0p54__z1p05__lam0p030__nu0p50__psi1p00,hardzero_plus_depr,0.02,36,222,0.0,1,0.49379522,0.49379778,1.013714,0.096891575,0.096891575,1.0,2.5582156e-06,2.640287e-05,-27.211113,2.2302153,0.7434051,0.24000001,0.0,0.15566742,6.630015,6.660015,713600
hardzero_plus_depr__c0p54__z1p05__lam0p030__nu0p50__psi1p00,hardzero_plus_depr,0.02,36,223,0.0,1,0.49379778,0.49379778,1.0523348,0.0,0.08864724,0.0,0.0,2.562254e-05,-27.867271,2.3151827,0.77172756,0.120000005,0.0,0.1728415,6.660015,6.6900153,716800
hardzero_plus_depr__c0p54__z1p05__lam0p030__nu0p50__psi1p00,hardzero_plus_depr,0.02,36,224,0.0,1,0.49379778,0.49380022,1.0071038,0.098377585,0.098377585,1.0,2.4461856e-06,2.4865274e-05,-26.493118,2.2156727,0.7385576,0.120000005,0.0,0.15955366,6.6900153,6.7200155,720000
hardzero_plus_depr__c0p54__z1p05__lam0p030__nu0p50__psi1p00,hardzero_plus_depr,0.02,36,225,0.0,1,0.49380022,0.4938027,0.98964137,0.10241383,0.10241383,1.0,2.4712856e-06,2.413039e-05,-26.819359,2.1772544,0.7257515,0.15200001,0.0,0.169879,6.7200155,6.7500157,723200
hardzero_plus_depr__c0p54__z1p05__lam0p030__nu0p50__psi1p00,hardzero_plus_depr,0.02,36,226,0.0,1,0.4938027,0.49380508,0.9934652,0.10151608,0.10151608,1.0,2.3772247e-06,2.3417224e-05,-26.975454,2.185667,0.7285557,0.192,0.0,0.14814274,6.7500157,6.780016,726400
hardzero_plus_depr__c0p54__z1p05__lam0p030__nu0p50__psi1p00,hardzero_plus_depr,0.02,36,227,0.0,1,0.49380508,0.49380732,1.0082229,0.0981244,0.0981244,1.0,2.2298902e-06,2.2725135e-05,-27.109608,2.2181346,0.7393782,0.128,0.0,0.15598573,6.780016,6.810016,729600
hardzero_plus_depr__c0p54__z1p05__lam0p030__nu0p50__psi1p00,hardzero_plus_depr,0.02,36,228,0.0,1,0.49380732,0.49380732,1.0597605,0.0,0.08714441,0.0,0.0,2.2053498e-05,-27.931728,2.3315196,0.7771732,0.192,0.0,0.15223773,6.810016,6.8400164,732800
hardzero_plus_depr__c0p54__z1p05__lam0p030__nu0p50__psi1p00,hardzero_plus_depr,0.02,36,229,0.0,1,0.49380732,0.4938093,1.0306984,0.09317547,0.09317547,1.0,1.994115e-06,2.1401718e-05,-27.732391,2.2675817,0.75586057,0.16800001,0.0,0.16704667,6.8400164,6.8700166,736000
hardzero_plus_depr__c0p54__z1p05__lam0p030__nu0p50__psi1p00,hardzero_plus_depr,0.02,36,230,0.0,1,0.4938093,0.4938093,1.07788,0.0,0.08358339,0.0,0.0,2.0769196e-05,-27.601032,2.3713834,0.7904612,0.096,0.0,0.1529462,6.8700166,6.900017,739200
hardzero_plus_depr__c0p54__z1p05__lam0p030__nu0p50__psi1p00,hardzero_plus_depr,0.02,36,231,0.0,1,0.4938093,0.4938112,1.0298197,0.09336418,0.09336418,1.0,1.8817896e-06,2.015537e-05,-27.835608,2.2656486,0.75521624,0.15200001,0.0,0.18943381,6.900017,6.930017,742400
hardzero_plus_depr__c0p54__z1p05__lam0p030__nu0p50__psi1p00,hardzero_plus_depr,0.02,36,232,0.0,1,0.4938112,0.49381304,1.024401,0.094536394,0.094536394,1.0,1.8491022e-06,1.9559686e-05,-26.352396,2.2537272,0.7512424,0.128,0.0,0.13877141,6.930017,6.960017,745600
hardzero_plus_depr__c0p54__z1p05__lam0p030__nu0p50__psi1p00,hardzero_plus_depr,0.02,36,233,0.0,1,0.49381304,0.49381304,1.0763342,0.0,0.08388142,0.0,0.0,1.8981606e-05,-28.163473,2.3679826,0.78932756,0.17600001,0.0,0.18511078,6.960017,6.9900174,748800
hardzero_plus_depr__c0p54__z1p05__lam0p030__nu0p50__psi1p00,hardzero_plus_depr,0.02,36,234,0.0,1,0.49381304,0.49381304,1.0568578,0.0,0.0877288,0.0,0.0,1.8420611e-05,-27.96085,2.3251336,0.77504456,0.14,0.0,0.16663788,6.9900174,7.0200176,752000
hardzero_plus_depr__c0p54__z1p05__lam0p030__nu0p50__psi1p00,hardzero_plus_depr,0.02,36,235,0.0,1,0.49381304,0.49381483,1.000939,0.09978401,0.09978401,1.0,1.7837584e-06,1.7876195e-05,-26.85427,2.2021098,0.7340366,0.14400001,0.0,0.14584407,7.0200176,7.050018,755200
hardzero_plus_depr__c0p54__z1p05__lam0p030__nu0p50__psi1p00,hardzero_plus_depr,0.02,36,236,0.0,1,0.49381483,0.4938164,1.0443583,0.09029043,0.09029043,1.0,1.5663466e-06,1.734787e-05,-27.52191,2.2976341,0.7658781,0.18400002,0.0,0.17539658,7.050018,7.080018,758400
hardzero_plus_depr__c0p54__z1p05__lam0p030__nu0p50__psi1p00,hardzero_plus_depr,0.02,36,237,0.0,1,0.4938164,0.493818,1.0204536,0.09539957,0.09539957,1.0,1.606067e-06,1.683516e-05,-27.102276,2.2450426,0.7483475,0.16000001,0.0,0.16955148,7.080018,7.1100183,761600
hardzero_plus_depr__c0p54__z1p05__lam0p030__nu0p50__psi1p00,hardzero_plus_depr,0.02,36,238,0.0,1,0.493818,0.493818,1.0763551,0.0,0.083877385,0.0,0.0,1.6337603e-05,-28.284496,2.3680284,0.7893428,0.16800001,0.0,0.16759728,7.1100183,7.1400185,764800
hardzero_plus_depr__c0p54__z1p05__lam0p030__nu0p50__psi1p00,hardzero_plus_depr,0.02,36,239,0.0,1,0.493818,0.493818,1.1131341,0.0,0.07706654,0.0,0.0,1.585475e-05,-27.793348,2.448944,0.8163147,0.14400001,0.0,0.17562915,7.1400185,7.1700187,768000
hardzero_plus_depr__c0p54__z1p05__lam0p030__nu0p50__psi1p00,hardzero_plus_depr,0.02,36,240,0.0,1,0.493818,0.4938195,1.0104777,0.097616285,0.097616285,1.0,1.5019405e-06,1.5386167e-05,-26.778353,2.2230952,0.74103177,0.136,0.0,0.13636208,7.1700187,7.200019,771200
hardzero_plus_depr__c0p54__z1p05__lam0p030__nu0p50__psi1p00,hardzero_plus_depr,0.02,36,241,0.0,1,0.4938195,0.4938195,1.0540115,0.0,0.088305645,0.0,0.0,1.4931435e-05,-28.08866,2.3188715,0.7729572,0.17600001,0.0,0.15967168,7.200019,7.230019,774400
hardzero_plus_depr__c0p54__z1p05__lam0p030__nu0p50__psi1p00,hardzero_plus_depr,0.02,36,242,0.0,1,0.4938195,0.49382085,1.0381263,0.091595404,0.091595404,1.0,1.3272303e-06,1.44901405e-05,-28.109251,2.2839236,0.7613079,0.128,0.0,0.16289398,7.230019,7.2600193,777600
hardzero_plus_depr__c0p54__z1p05__lam0p030__nu0p50__psi1p00,hardzero_plus_depr,0.02,36,243,0.0,1,0.49382085,0.49382216,1.0289053,0.09356096,0.09356096,1.0,1.3156439e-06,1.40618895e-05,-27.801804,2.2636368,0.7545456,0.16000001,0.0,0.13570264,7.2600193,7.2900195,780800
hardzero_plus_depr__c0p54__z1p05__lam0p030__nu0p50__psi1p00,hardzero_plus_depr,0.02,36,244,0.0,1,0.49382216,0.49382216,1.0627159,0.0,0.08655339,0.0,0.0,1.3646293e-05,-27.373373,2.3380215,0.7793405,0.056,0.0,0.14647545,7.2900195,7.3200197,784000
hardzero_plus_depr__c0p54__z1p05__lam0p030__nu0p50__psi1p00,hardzero_plus_depr,0.02,36,245,0.0,1,0.49382216,0.4938234,1.0244334,0.09452934,0.09452934,1.0,1.2518504e-06,1.3242983e-05,-27.080196,2.2537985,0.7512662,0.14400001,0.0,0.12970102,7.3200197,7.35002,787200
hardzero_plus_depr__c0p54__z1p05__lam0p030__nu0p50__psi1p00,hardzero_plus_depr,0.02,36,246,0.0,1,0.4938234,0.4938234,1.0648863,0.0,0.08612192,0.0,0.0,1.2851591e-05,-27.387442,2.3427968,0.7809323,0.15200001,0.0,0.1574887,7.35002,7.38002,790400
hardzero_plus_depr__c0p54__z1p05__lam0p030__nu0p50__psi1p00,hardzero_plus_depr,0.02,36,247,0.0,1,0.4938234,0.4938234,1.129552,0.0,0.07420753,0.0,0.0,1.2471766e-05,-28.2187,2.485064,0.8283547,0.089999996,0.0,0.1786545,7.38002,7.4100204,793600
hardzero_plus_depr__c0p54__z1p05__lam0p030__nu0p50__psi1p00,hardzero_plus_depr,0.02,36,248,0.0,1,0.4938234,0.4938234,1.0512123,0.0,0.08887666,0.0,0.0,1.2103167e-05,-28.210241,2.3127134,0.7709045,0.136,0.0,0.1531675,7.4100204,7.4400206,796800
hardzero_plus_depr__c0p54__z1p05__lam0p030__nu0p50__psi1p00,hardzero_plus_depr,0.02,36,249,0.0,1,0.4938234,0.4938245,1.0242902,0.0945605,0.0945605,1.0,1.1106567e-06,1.1745462e-05,-26.889805,2.2534835,0.7511612,0.16000001,0.0,0.123440884,7.4400206,7.470021,800000
hardzero_plus_depr__c0p54__z1p05__lam0p030__nu0p50__psi1p00,hardzero_plus_depr,0.02,36,250,0.0,1,0.4938245,0.4938245,1.053672,0.0,0.08837471,0.0,0.0,1.1398329e-05,-28.475157,2.3181245,0.7727082,0.16800001,0.0,0.20067997,7.470021,7.500021,803200
hardzero_plus_depr__c0p54__z1p05__lam0p030__nu0p50__psi1p00,hardzero_plus_depr,0.02,36,251,0.0,1,0.4938245,0.4938245,1.1382983,0.0,0.07272801,0.0,0.0,1.1061456e-05,-29.862291,2.5043063,0.8347688,0.17600001,0.0,0.18862906,7.500021,7.530021,806400
hardzero_plus_depr__c0p54__z1p05__lam0p030__nu0p50__psi1p00,hardzero_plus_depr,0.02,36,252,0.0,1,0.4938245,0.4938245,1.0612111,0.0,0.0868538,0.0,0.0,1.0734537e-05,-27.492483,2.334711,0.77823704,0.17600001,0.0,0.13520348,7.530021,7.5600214,809600
hardzero_plus_depr__c0p54__z1p05__lam0p030__nu0p50__psi1p00,hardzero_plus_depr,0.02,36,253,0.0,1,0.4938245,0.49382555,1.0003765,0.099913344,0.099913344,1.0,1.0408254e-06,1.0417281e-05,-26.88373,2.2008722,0.7336241,0.15200001,0.0,0.14296226,7.5600214,7.5900216,812800
hardzero_plus_depr__c0p54__z1p05__lam0p030__nu0p50__psi1p00,hardzero_plus_depr,0.02,36,254,0.0,1,0.49382555,0.49382555,1.0508994,0.0,0.08894072,0.0,0.0,1.0109402e-05,-27.488747,2.3120248,0.77067494,0.17600001,0.0,0.17747706,7.5900216,7.620022,816000
hardzero_plus_depr__c0p54__z1p05__lam0p030__nu0p50__psi1p00,hardzero_plus_depr,0.02,36,255,0.0,1,0.49382555,0.49382645,1.04391,0.090383664,0.090383664,1.0,8.8672004e-07,9.810623e-06,-27.185196,2.296648,0.76554936,0.096,0.0,0.13686186,7.620022,7.650022,819200
hardzero_plus_depr__c0p54__z1p05__lam0p030__nu0p50__psi1p00,hardzero_plus_depr,0.02,36,256,0.0,1,0.49382645,0.49382645,1.0731896,0.0,0.08449099,0.0,0.0,9.520672e-06,-27.990038,2.3610642,0.7870214,0.192,0.0,0.17341052,7.650022,7.6800222,822400
hardzero_plus_depr__c0p54__z1p05__lam0p030__nu0p50__psi1p00,hardzero_plus_depr,0.02,36,257,0.0,1,0.49382645,0.49382737,1.0049323,0.09887072,0.09887072,1.0,9.134955e-07,9.239293e-06,-26.72399,2.210895,0.73696506,0.18400002,0.0,0.14475301,7.6800222,7.7100224,825600
hardzero_plus_depr__c0p54__z1p05__lam0p030__nu0p50__psi1p00,hardzero_plus_depr,0.02,36,258,0.0,1,0.49382737,0.49382737,1.0546472,0.0,0.088176474,0.0,0.0,8.966228e-06,-27.572437,2.3202703,0.77342343,0.104,0.0,0.14967863,7.7100224,7.7400227,828800
hardzero_plus_depr__c0p54__z1p05__lam0p030__nu0p50__psi1p00,hardzero_plus_depr,0.02,36,259,0.0,1,0.49382737,0.49382815,1.0485663,0.08941979,0.08941979,1.0,7.7806254e-07,8.701234e-06,-27.04179,2.306892,0.768964,0.136,0.0,0.14798953,7.7400227,7.770023,832000
hardzero_plus_depr__c0p54__z1p05__lam0p030__nu0p50__psi1p00,hardzero_plus_depr,0.02,36,260,0.0,1,0.49382815,0.49382815,1.1226267,0.0,0.07540034,0.0,0.0,8.444073e-06,-28.741539,2.469828,0.823276,0.13,0.0,0.15873681,7.770023,7.800023,835200
hardzero_plus_depr__c0p54__z1p05__lam0p030__nu0p50__psi1p00,hardzero_plus_depr,0.02,36,261,0.0,1,0.49382815,0.49382815,1.0682094,0.0,0.085465446,0.0,0.0,8.19451e-06,-28.117088,2.3501077,0.78336924,0.14400001,0.008,0.15568775,7.800023,7.8300233,838400
hardzero_plus_depr__c0p54__z1p05__lam0p030__nu0p50__psi1p00,hardzero_plus_depr,0.02,36,262,0.0,1,0.49382815,0.49382815,1.086619,0.0,0.08191831,0.0,0.0,7.952324e-06,-27.926098,2.3906095,0.7968699,0.120000005,0.0,0.16543679,7.8300233,7.8600235,841600
hardzero_plus_depr__c0p54__z1p05__lam0p030__nu0p50__psi1p00,hardzero_plus_depr,0.02,36,263,0.0,1,0.49382815,0.49382883,1.042958,0.09058203,0.09058203,1.0,6.9904826e-07,7.717295e-06,-27.105497,2.2945535,0.7648512,0.112,0.0,0.17925142,7.8600235,7.8900237,844800
hardzero_plus_depr__c0p54__z1p05__lam0p030__nu0p50__psi1p00,hardzero_plus_depr,0.02,36,264,0.0,1,0.49382883,0.49382883,1.0796627,0.0,0.08324099,0.0,0.0,7.489214e-06,-28.16374,2.3753054,0.7917685,0.16000001,0.0,0.15660094,7.8900237,7.920024,848000
hardzero_plus_depr__c0p54__z1p05__lam0p030__nu0p50__psi1p00,hardzero_plus_depr,0.02,36,265,0.0,1,0.49382883,0.49382955,1.011133,0.09746912,0.09746912,1.0,7.0839315e-07,7.267872e-06,-26.916075,2.224537,0.7415123,0.128,0.0,0.14785461,7.920024,7.950024,851200
hardzero_plus_depr__c0p54__z1p05__lam0p030__nu0p50__psi1p00,hardzero_plus_depr,0.02,36,266,0.0,1,0.49382955,0.49383023,1.0138594,0.09685914,0.09685914,1.0,6.8315455e-07,7.0530727e-06,-27.242628,2.2305353,0.7435118,0.192,0.0,0.1462427,7.950024,7.9800243,854400
hardzero_plus_depr__c0p54__z1p05__lam0p030__nu0p50__psi1p00,hardzero_plus_depr,0.02,36,267,0.0,1,0.49383023,0.49383086,1.0321229,0.09287037,0.09287037,1.0,6.3566256e-07,6.844622e-06,-27.411686,2.2707157,0.75690526,0.14400001,0.0,0.14543773,7.9800243,8.010024,857600
hardzero_plus_depr__c0p54__z1p05__lam0p030__nu0p50__psi1p00,hardzero_plus_depr,0.02,36,268,0.0,1,0.49383086,0.4938315,1.0181115,0.09591544,0.09591544,1.0,6.371024e-07,6.6423345e-06,-26.415508,2.2398899,0.74662995,0.16000001,0.0,0.14449756,8.010024,8.040024,860800
hardzero_plus_depr__c0p54__z1p05__lam0p030__nu0p50__psi1p00,hardzero_plus_depr,0.02,36,269,0.0,1,0.4938315,0.4938321,1.002651,0.09939146,0.09939146,1.0,6.406799e-07,6.4460255e-06,-27.03836,2.205876,0.7352921,0.128,0.0,0.15858132,8.040024,8.070024,864000
hardzero_plus_depr__c0p54__z1p05__lam0p030__nu0p50__psi1p00,hardzero_plus_depr,0.02,36,270,0.0,1,0.4938321,0.4938321,1.060939,0.0,0.08690824,0.0,0.0,6.255518e-06,-27.225468,2.3341124,0.7780375,0.18400002,0.0,0.18596826,8.070024,8.100023,867200
hardzero_plus_depr__c0p54__z1p05__lam0p030__nu0p50__psi1p00,hardzero_plus_depr,0.02,36,271,0.0,1,0.4938321,0.4938321,1.0580735,0.0,0.08748357,0.0,0.0,6.070641e-06,-27.064322,2.3278081,0.77593607,0.192,0.0,0.15865591,8.100023,8.130023,870400
hardzero_plus_depr__c0p54__z1p05__lam0p030__nu0p50__psi1p00,hardzero_plus_depr,0.02,36,272,0.0,1,0.4938321,0.49383265,1.0312736,0.093052156,0.093052156,1.0,5.4819157e-07,5.8912287e-06,-27.495956,2.2688472,0.75628245,0.128,0.0,0.14764664,8.130023,8.160023,873600
hardzero_plus_depr__c0p54__z1p05__lam0p030__nu0p50__psi1p00,hardzero_plus_depr,0.02,36,273,0.0,1,0.49383265,0.49383265,1.1053377,0.0,0.07846251,0.0,0.0,5.717118e-06,-28.537924,2.4317915,0.8105972,0.11,0.0,0.15935814,8.160023,8.190022,876800
hardzero_plus_depr__c0p54__z1p05__lam0p030__nu0p50__psi1p00,hardzero_plus_depr,0.02,36,274,0.0,1,0.49383265,0.49383265,1.0842971,0.0,0.082357466,0.0,0.0,5.548153e-06,-29.02223,2.3855011,0.7951671,0.16800001,0.0,0.1639247,8.190022,8.220022,880000
hardzero_plus_depr__c0p54__z1p05__lam0p030__nu0p50__psi1p00,hardzero_plus_depr,0.02,36,275,0.0,1,0.49383265,0.49383315,1.0151445,0.096572965,0.096572965,1.0,5.199664e-07,5.384182e-06,-26.553705,2.2333624,0.74445415,0.14400001,0.0,0.14728679,8.220022,8.250022,883200
hardzero_plus_depr__c0p54__z1p05__lam0p030__nu0p50__psi1p00,hardzero_plus_depr,0.02,36,276,0.0,1,0.49383315,0.49383363,1.0345267,0.09235773,0.09235773,1.0,4.8257436e-07,5.2250566e-06,-26.981531,2.2760043,0.7586681,0.15200001,0.0,0.17022496,8.250022,8.280022,886400
hardzero_plus_depr__c0p54__z1p05__lam0p030__nu0p50__psi1p00,hardzero_plus_depr,0.02,36,277,0.0,1,0.49383363,0.49383363,1.0791103,0.0,0.08334694,0.0,0.0,5.070634e-06,-28.32355,2.37409,0.79136336,0.136,0.0,0.15709148,8.280022,8.310021,889600
hardzero_plus_depr__c0p54__z1p05__lam0p030__nu0p50__psi1p00,hardzero_plus_depr,0.02,36,278,0.0,1,0.49383363,0.49383408,1.0438728,0.0903914,0.0903914,1.0,4.4479577e-07,4.9207756e-06,-27.254854,2.296566,0.765522,0.224,0.0,0.13757947,8.310021,8.340021,892800
hardzero_plus_depr__c0p54__z1p05__lam0p030__nu0p50__psi1p00,hardzero_plus_depr,0.02,36,279,0.0,1,0.49383408,0.49383408,1.0559388,0.0,0.08791463,0.0,0.0,4.7753456e-06,-27.57072,2.3231118,0.7743706,0.128,0.0,0.17482883,8.340021,8.370021,896000
hardzero_plus_depr__c0p54__z1p05__lam0p030__nu0p50__psi1p00,hardzero_plus_depr,0.02,36,280,0.0,1,0.49383408,0.49383453,1.0078498,0.098208755,0.098208755,1.0,4.5512041e-07,4.6342143e-06,-26.90266,2.2173138,0.7391046,0.2,0.0,0.16795982,8.370021,8.400021,899200
hardzero_plus_depr__c0p54__z1p05__lam0p030__nu0p50__psi1p00,hardzero_plus_depr,0.02,36,281,0.0,1,0.49383453,0.49383453,1.0592315,0.0,0.0872506,0.0,0.0,4.4972535e-06,-27.6636,2.330356,0.7767853,0.112,0.0,0.15673923,8.400021,8.43002,902400
hardzero_plus_depr__c0p54__z1p05__lam0p030__nu0p50__psi1p00,hardzero_plus_depr,0.02,36,282,0.0,1,0.49383453,0.49383453,1.0848535,0.0,0.08225201,0.0,0.0,4.364341e-06,-28.261576,2.3867254,0.79557514,0.128,0.0,0.16370288,8.43002,8.46002,905600
hardzero_plus_depr__c0p54__z1p05__lam0p030__nu0p50__psi1p00,hardzero_plus_depr,0.02,36,283,0.0,1,0.49383453,0.49383494,1.0200306,0.09549251,0.09549251,1.0,4.0444482e-07,4.2353563e-06,-27.017641,2.2441123,0.74803746,0.15200001,0.0,0.14519048,8.46002,8.49002,908800
hardzero_plus_depr__c0p54__z1p05__lam0p030__nu0p50__psi1p00,hardzero_plus_depr,0.02,36,284,0.0,1,0.49383494,0.49383536,1.0035391,0.099188395,0.099188395,1.0,4.0768253e-07,4.110184e-06,-26.176186,2.20783,0.7359433,0.16800001,0.0,0.1561781,8.49002,8.52002,912000
hardzero_plus_depr__c0p54__z1p05__lam0p030__nu0p50__psi1p00,hardzero_plus_depr,0.02,36,285,0.0,1,0.49383536,0.49383536,1.0524302,0.0,0.08862777,0.0,0.0,3.9887104e-06,-27.251818,2.3153925,0.77179754,0.15200001,0.0,0.17135906,8.52002,8.550019,915200
hardzero_plus_depr__c0p54__z1p05__lam0p030__nu0p50__psi1p00,hardzero_plus_depr,0.02,36,286,0.0,1,0.49383536,0.49383575,1.0035286,0.0991908,0.0991908,1.0,3.8395046e-07,3.870827e-06,-25.426352,2.207807,0.7359357,0.16,0.0,0.13990062,8.550019,8.580019,918400
hardzero_plus_depr__c0p54__z1p05__lam0p030__nu0p50__psi1p00,hardzero_plus_depr,0.02,36,287,0.0,1,0.49383575,0.49383575,1.0708903,0.0,0.0849395,0.0,0.0,3.7564284e-06,-27.311047,2.3560057,0.78533524,0.08800001,0.0,0.15285218,8.580019,8.610019,921600
hardzero_plus_depr__c0p54__z1p05__lam0p030__nu0p50__psi1p00,hardzero_plus_depr,0.02,36,288,0.0,1,0.49383575,0.49383608,1.04171,0.09084267,0.09084267,1.0,3.3115876e-07,3.6454098e-06,-27.428228,2.291808,0.763936,0.15200001,0.0,0.13201037,8.610019,8.640018,924800
hardzero_plus_depr__c0p54__z1p05__lam0p030__nu0p50__psi1p00,hardzero_plus_depr,0.02,36,289,0.0,1,0.49383608,0.4938364,1.0472482,0.0896916,0.0896916,1.0,3.1729954e-07,3.5376727e-06,-28.017462,2.303992,0.7679974,0.128,0.0,0.1484289,8.640018,8.670018,928000
hardzero_plus_depr__c0p54__z1p05__lam0p030__nu0p50__psi1p00,hardzero_plus_depr,0.02,36,290,0.0,1,0.4938364,0.49383673,1.0221928,0.09501827,0.09501827,1.0,3.2620906e-07,3.4331194e-06,-26.146461,2.2488692,0.74962306,0.14400001,0.0,0.14022973,8.670018,8.700018,931200
hardzero_plus_depr__c0p54__z1p05__lam0p030__nu0p50__psi1p00,hardzero_plus_depr,0.02,36,291,0.0,1,0.49383673,0.49383703,1.0492584,0.08927743,0.08927743,1.0,2.9744172e-07,3.3316562e-06,-27.558723,2.3084145,0.7694715,0.18400002,0.0,0.17607857,8.700018,8.730018,934400
hardzero_plus_depr__c0p54__z1p05__lam0p030__nu0p50__psi1p00,hardzero_plus_depr,0.02,36,292,0.0,1,0.49383703,0.49383736,1.0125926,0.09714208,0.09714208,1.0,3.1407896e-07,3.2331918e-06,-26.925196,2.2277482,0.74258274,0.136,0.0,0.15297644,8.730018,8.760017,937600
hardzero_plus_depr__c0p54__z1p05__lam0p030__nu0p50__psi1p00,hardzero_plus_depr,0.02,36,293,0.0,1,0.49383736,0.49383736,1.056069,0.0,0.087888286,0.0,0.0,3.1376373e-06,-27.589306,2.323398,0.77446604,0.096,0.0,0.18513791,8.760017,8.790017,940800
hardzero_plus_depr__c0p54__z1p05__lam0p030__nu0p50__psi1p00,hardzero_plus_depr,0.02,36,294,0.0,1,0.49383736,0.49383765,0.99554336,0.10103146,0.10103146,1.0,3.076314e-07,3.044907e-06,-26.188713,2.1902392,0.73007977,0.14400001,0.0,0.12678269,8.790017,8.820017,944000
hardzero_plus_depr__c0p54__z1p05__lam0p030__nu0p50__psi1p00,hardzero_plus_depr,0.02,36,295,0.0,1,0.49383765,0.49383795,0.9869512,0.10305019,0.10305019,1.0,3.045048e-07,2.9549174e-06,-26.372463,2.171336,0.72377867,0.14400001,0.0,0.13969032,8.820017,8.850017,947200
hardzero_plus_depr__c0p54__z1p05__lam0p030__nu0p50__psi1p00,hardzero_plus_depr,0.02,36,296,0.0,1,0.49383795,0.49383825,0.9937007,0.10146104,0.10146104,1.0,2.9094835e-07,2.867587e-06,-26.451334,2.1861851,0.7287284,0.112,0.0,0.139077,8.850017,8.880016,950400
hardzero_plus_depr__c0p54__z1p05__lam0p030__nu0p50__psi1p00,hardzero_plus_depr,0.02,36,297,0.0,1,0.49383825,0.49383825,1.0537956,0.0,0.08834955,0.0,0.0,2.7828378e-06,-27.190008,2.3183966,0.7727989,0.08800001,0.0,0.14826833,8.880016,8.910016,953600
hardzero_plus_depr__c0p54__z1p05__lam0p030__nu0p50__psi1p00,hardzero_plus_depr,0.02,36,298,0.0,1,0.49383825,0.4938385,1.0369296,0.091848135,0.091848135,1.0,2.4804447e-07,2.7005933e-06,-27.435373,2.2812908,0.7604303,0.16000001,0.0,0.13833815,8.910016,8.940016,956800
hardzero_plus_depr__c0p54__z1p05__lam0p030__nu0p50__psi1p00,hardzero_plus_depr,0.02,36,299,0.0,1,0.4938385,0.4938385,1.0738351,0.0,0.084365495,0.0,0.0,2.6207792e-06,-27.884392,2.3624845,0.78749484,0.16,0.0,0.19678234,8.940016,8.970016,960000
hardzero_plus_depr__c0p54__z1p05__lam0p030__nu0p50__psi1p00,hardzero_plus_depr,0.02,36,300,0.0,1,0.4938385,0.49383876,0.98094404,0.10448549,0.10448549,1.0,2.6574048e-07,2.5433244e-06,-26.890175,2.15812,0.71937335,0.18400002,0.0,0.14319657,8.970016,9.000015,963200
hardzero_plus_depr__c0p54__z1p05__lam0p030__nu0p50__psi1p00,hardzero_plus_depr,0.02,36,301,0.0,1,0.49383876,0.493839,1.0126406,0.097131334,0.097131334,1.0,2.397355e-07,2.468158e-06,-26.996485,2.2278538,0.74261796,0.120000005,0.0,0.1434306,9.000015,9.030015,966400
hardzero_plus_depr__c0p54__z1p05__lam0p030__nu0p50__psi1p00,hardzero_plus_depr,0.02,36,302,0.0,1,0.493839,0.493839,1.0955435,0.0,0.0802521,0.0,0.0,2.3952139e-06,-27.849426,2.4102437,0.8034146,0.136,0.0,0.124949194,9.030015,9.060015,969600
hardzero_plus_depr__c0p54__z1p05__lam0p030__nu0p50__psi1p00,hardzero_plus_depr,0.02,36,303,0.0,1,0.493839,0.49383923,0.997461,0.10058633,0.10058633,1.0,2.3380541e-07,2.3244252e-06,-26.484846,2.194458,0.731486,0.23200001,0.0,0.13202854,9.060015,9.090014,972800
hardzero_plus_depr__c0p54__z1p05__lam0p030__nu0p50__psi1p00,hardzero_plus_depr,0.02,36,304,0.0,1,0.49383923,0.49383944,1.0307153,0.093171835,0.093171835,1.0,2.1017038e-07,2.2557288e-06,-27.70098,2.2676191,0.7558731,0.18400002,0.0,0.15202993,9.090014,9.120014,976000
hardzero_plus_depr__c0p54__z1p05__lam0p030__nu0p50__psi1p00,hardzero_plus_depr,0.02,36,305,0.0,1,0.49383944,0.49383944,1.1427935,0.0,0.07197911,0.0,0.0,2.1890626e-06,-29.374516,2.514196,0.8380653,0.15200001,0.0,0.17196064,9.120014,9.150014,979200
hardzero_plus_depr__c0p54__z1p05__lam0p030__nu0p50__psi1p00,hardzero_plus_depr,0.02,36,306,0.0,1,0.49383944,0.49383965,1.0358703,0.09207246,0.09207246,1.0,1.9559563e-07,2.1243663e-06,-26.824255,2.2789602,0.75965345,0.136,0.0,0.14969595,9.150014,9.180014,982400
hardzero_plus_depr__c0p54__z1p05__lam0p030__nu0p50__psi1p00,hardzero_plus_depr,0.02,36,307,0.0,1,0.49383965,0.49383983,1.0341519,0.092437476,0.092437476,1.0,1.9056746e-07,2.0615823e-06,-27.87613,2.2751796,0.7583932,0.14400001,0.0,0.1606433,9.180014,9.210013,985600
hardzero_plus_depr__c0p54__z1p05__lam0p030__nu0p50__psi1p00,hardzero_plus_depr,0.02,36,308,0.0,1,0.49383983,0.49383983,1.0867218,0.0,0.08189892,0.0,0.0,2.0006541e-06,-27.987837,2.3908355,0.7969452,0.120000005,0.0,0.16781494,9.210013,9.240013,988800
hardzero_plus_depr__c0p54__z1p05__lam0p030__nu0p50__psi1p00,hardzero_plus_depr,0.02,36,309,0.0,1,0.49383983,0.49383983,1.0718083,0.0,0.084760144,0.0,0.0,1.9415263e-06,-27.789368,2.3580253,0.7860085,0.136,0.0,0.14849836,9.240013,9.270013,992000
hardzero_plus_depr__c0p54__z1p05__lam0p030__nu0p50__psi1p00,hardzero_plus_depr,0.02,36,310,0.0,1,0.49383983,0.49384,1.0405403,0.091087684,0.091087684,1.0,1.7162249e-07,1.884146e-06,-27.854319,2.2892344,0.76307815,0.104,0.0,0.15144065,9.270013,9.300013,995200
hardzero_plus_depr__c0p54__z1p05__lam0p030__nu0p50__psi1p00,hardzero_plus_depr,0.02,36,311,0.0,1,0.49384,0.49384,1.0647473,0.0,0.086149484,0.0,0.0,1.8284614e-06,-27.925205,2.342491,0.7808303,0.128,0.0,0.1567754,9.300013,9.330012,998400
hardzero_plus_depr__c0p54__z1p05__lam0p030__nu0p50__psi1p00,hardzero_plus_depr,0.02,36,312,0.0,1,0.49384,0.4938402,1.0090388,0.09794025,0.09794025,1.0,1.7378741e-07,1.7744228e-06,-27.424917,2.2199297,0.7399766,0.16,0.0,0.14250284,9.330012,9.360012,1001600
hardzero_plus_depr__c0p54__z1p05__lam0p030__nu0p50__psi1p00,hardzero_plus_depr,0.02,36,313,0.0,1,0.4938402,0.4938402,1.0728854,0.0,0.084550194,0.0,0.0,1.7219812e-06,-27.604416,2.360395,0.78679836,0.104,0.0,0.15901901,9.360012,9.390012,1004800
hardzero_plus_depr__c0p54__z1p05__lam0p030__nu0p50__psi1p00,hardzero_plus_depr,0.02,36,314,0.0,1,0.4938402,0.49384034,1.0419691,0.09078853,0.09078853,1.0,1.5171575e-07,1.6710894e-06,-28.028656,2.2923777,0.76412594,0.128,0.0,0.16174516,9.390012,9.4200115,1008000
hardzero_plus_depr__c0p54__z1p05__lam0p030__nu0p50__psi1p00,hardzero_plus_depr,0.02,36,315,0.0,1,0.49384034,0.49384034,1.0727944,0.0,0.0845679,0.0,0.0,1.6217016e-06,-28.288145,2.360195,0.78673166,0.216,0.0,0.15248564,9.4200115,9.450011,1011200
hardzero_plus_depr__c0p54__z1p05__lam0p030__nu0p50__psi1p00,hardzero_plus_depr,0.02,36,316,0.0,1,0.49384034,0.49384034,1.064516,0.0,0.086195394,0.0,0.0,1.5737736e-06,-27.644825,2.341982,0.7806606,0.136,0.0,0.15955272,9.450011,9.480011,1014400
hardzero_plus_depr__c0p54__z1p05__lam0p030__nu0p50__psi1p00,hardzero_plus_depr,0.02,36,317,0.0,1,0.49384034,0.49384034,1.0590119,0.0,0.08729473,0.0,0.0,1.527262e-06,-28.038841,2.3298728,0.7766243,0.17600001,0.0,0.19949363,9.480011,9.510011,1017600
hardzero_plus_depr__c0p54__z1p05__lam0p030__nu0p50__psi1p00,hardzero_plus_depr,0.02,36,318,0.0,1,0.49384034,0.4938405,1.0173512,0.0960835,0.0960835,1.0,1.4240776e-07,1.482125e-06,-27.313726,2.238217,0.7460724,0.16000001,0.0,0.14306799,9.510011,9.54001,1020800
hardzero_plus_depr__c0p54__z1p05__lam0p030__nu0p50__psi1p00,hardzero_plus_depr,0.02,36,319,0.0,1,0.4938405,0.49384063,1.025292,0.09434263,0.09434263,1.0,1.3569506e-07,1.4383219e-06,-27.139263,2.2556875,0.75189584,0.128,0.0,0.15414295,9.54001,9.57001,1024000
hardzero_plus_depr__c0p54__z1p05__lam0p030__nu0p50__psi1p00,hardzero_plus_depr,0.02,36,320,0.0,1,0.49384063,0.49384063,1.0881746,0.0,0.081625424,0.0,0.0,1.3958135e-06,-28.123968,2.3940318,0.7980106,0.14400001,0.0,0.15529044,9.57001,9.60001,1027200
hardzero_plus_depr__c0p54__z1p05__lam0p030__nu0p50__psi1p00,hardzero_plus_depr,0.02,36,321,0.0,1,0.49384063,0.49384075,1.0456381,0.09002474,0.09002474,1.0,1.2194401e-07,1.3545612e-06,-27.606255,2.3004496,0.76681656,0.16000001,0.0,0.15956035,9.60001,9.63001,1030400
hardzero_plus_depr__c0p54__z1p05__lam0p030__nu0p50__psi1p00,hardzero_plus_depr,0.02,36,322,0.0,1,0.49384075,0.49384087,1.0473031,0.08968027,0.08968027,1.0,1.1788725e-07,1.3145283e-06,-28.455338,2.304113,0.7680377,0.120000005,0.0,0.16516587,9.63001,9.660009,1033600
hardzero_plus_depr__c0p54__z1p05__lam0p030__nu0p50__psi1p00,hardzero_plus_depr,0.02,36,323,0.0,1,0.49384087,0.49384087,1.0633842,0.0,0.08642031,0.0,0.0,1.2756785e-06,-28.115904,2.3394918,0.77983063,0.17600001,0.0,0.17711103,9.660009,9.690009,1036800
hardzero_plus_depr__c0p54__z1p05__lam0p030__nu0p50__psi1p00,hardzero_plus_depr,0.02,36,324,0.0,1,0.49384087,0.493841,0.9831278,0.10396143,0.10396143,1.0,1.2870184e-07,1.2379768e-06,-26.470728,2.1629243,0.7209748,0.24800001,0.008,0.13536611,9.690009,9.720009,1040000
hardzero_plus_depr__c0p54__z1p05__lam0p030__nu0p50__psi1p00,hardzero_plus_depr,0.02,36,325,0.0,1,0.493841,0.493841,1.1446786,0.0,0.07166735,0.0,0.0,1.2013894e-06,-29.372057,2.5183432,0.83944774,0.12,0.0,0.17527641,9.720009,9.750009,1043200
hardzero_plus_depr__c0p54__z1p05__lam0p030__nu0p50__psi1p00,hardzero_plus_depr,0.02,36,326,0.0,1,0.493841,0.4938411,1.0429037,0.09059337,0.09059337,1.0,1.056213e-07,1.1658833e-06,-27.004997,2.2944338,0.7648113,0.112,0.0,0.1505937,9.750009,9.780008,1046400
hardzero_plus_depr__c0p54__z1p05__lam0p030__nu0p50__psi1p00,hardzero_plus_depr,0.02,36,327,0.0,1,0.4938411,0.4938411,1.057612,0.0,0.0875766,0.0,0.0,1.1314265e-06,-27.958801,2.3267927,0.7755976,0.16800001,0.0,0.15562043,9.780008,9.810008,1049600
hardzero_plus_depr__c0p54__z1p05__lam0p030__nu0p50__psi1p00,hardzero_plus_depr,0.02,36,328,0.0,1,0.4938411,0.4938412,1.033791,0.09251434,0.09251434,1.0,1.01579644e-07,1.097988e-06,-26.872543,2.2743855,0.7581285,0.136,0.0,0.14713524,9.810008,9.840008,1052800
hardzero_plus_depr__c0p54__z1p05__lam0p030__nu0p50__psi1p00,hardzero_plus_depr,0.02,36,329,0.0,1,0.4938412,0.4938413,1.0159477,0.0963945,0.0963945,1.0,1.02712e-07,1.065538e-06,-26.925951,2.2351296,0.7450432,0.16000001,0.0,0.1454216,9.840008,9.8700075,1056000
hardzero_plus_depr__c0p54__z1p05__lam0p030__nu0p50__psi1p00,hardzero_plus_depr,0.02,36,330,0.0,1,0.4938413,0.4938413,1.0591493,0.0,0.08726714,0.0,0.0,1.0340468e-06,-27.814672,2.330175,0.776725,0.17600001,0.0,0.16672452,9.8700075,9.900007,1059200
hardzero_plus_depr__c0p54__z1p05__lam0p030__nu0p50__psi1p00,hardzero_plus_depr,0.02,36,331,0.0,1,0.4938413,0.49384138,1.0417879,0.09082641,0.09082641,1.0,9.114306e-08,1.0034863e-06,-27.313663,2.291979,0.763993,0.14400001,0.0,0.18758027,9.900007,9.930007,1062400
hardzero_plus_depr__c0p54__z1p05__lam0p030__nu0p50__psi1p00,hardzero_plus_depr,0.02,36,332,0.0,1,0.49384138,0.49384147,1.0277646,0.09380704,0.09380704,1.0,9.1352035e-08,9.738292e-07,-26.828629,2.2611272,0.7537091,0.15200001,0.0,0.1374908,9.930007,9.960007,1065600
hardzero_plus_depr__c0p54__z1p05__lam0p030__nu0p50__psi1p00,hardzero_plus_depr,0.02,36,333,0.0,1,0.49384147,0.49384147,1.1028816,0.0,0.078907534,0.0,0.0,9.450484e-07,-29.475187,2.4263878,0.8087959,0.104,0.0,0.22171089,9.960007,9.990006,1068800
hardzero_plus_depr__c0p54__z1p05__lam0p030__nu0p50__psi1p00,hardzero_plus_depr,0.02,36,334,0.0,1,0.49384147,0.49384156,1.0279613,0.09376455,0.09376455,1.0,8.599318e-08,9.171182e-07,-25.933083,2.26156,0.7538533,0.192,0.0,0.15581091,9.990006,10.020006,1072000
hardzero_plus_depr__c0p54__z1p05__lam0p030__nu0p50__psi1p00,hardzero_plus_depr,0.02,36,335,0.0,1,0.49384156,0.49384156,1.0623475,0.0,0.08662684,0.0,0.0,8.9001344e-07,-28.075232,2.3372111,0.7790704,0.2,0.0,0.16603336,10.020006,10.050006,1075200
hardzero_plus_depr__c0p54__z1p05__lam0p030__nu0p50__psi1p00,hardzero_plus_depr,0.02,36,336,0.0,1,0.49384156,0.49384156,1.0553219,0.0,0.0880396,0.0,0.0,8.6370994e-07,-27.303827,2.3217547,0.7739183,0.16000001,0.0,0.15001476,10.050006,10.080006,1078400
hardzero_plus_depr__c0p54__z1p05__lam0p030__nu0p50__psi1p00,hardzero_plus_depr,0.02,36,337,0.0,1,0.49384156,0.49384156,1.0864099,0.0,0.08195775,0.0,0.0,8.3818355e-07,-28.69389,2.3901496,0.7967166,0.072000004,0.0,0.15833282,10.080006,10.110005,1081600
hardzero_plus_depr__c0p54__z1p05__lam0p030__nu0p50__psi1p00,hardzero_plus_depr,0.02,36,338,0.0,1,0.49384156,0.49384165,0.97281986,0.106458455,0.106458455,1.0,8.659456e-08,8.1341176e-07,-26.346226,2.1402464,0.7134155,0.25,0.0,0.14283273,10.110005,10.140005,1084800
hardzero_plus_depr__c0p54__z1p05__lam0p030__nu0p50__psi1p00,hardzero_plus_depr,0.02,36,339,0.0,1,0.49384165,0.49384174,1.0121284,0.09724596,0.09724596,1.0,7.676324e-08,7.8937205e-07,-26.948175,2.2267268,0.7422423,0.16000001,0.0,0.14351591,10.140005,10.170005,1088000
hardzero_plus_depr__c0p54__z1p05__lam0p030__nu0p50__psi1p00,hardzero_plus_depr,0.02,36,340,0.0,1,0.49384174,0.4938418,1.0321896,0.09285608,0.09285608,1.0,7.113173e-08,7.660428e-07,-27.936619,2.2708626,0.7569542,0.14400001,0.0,0.14988795,10.170005,10.200005,1091200
hardzero_plus_depr__c0p54__z1p05__lam0p030__nu0p50__psi1p00,hardzero_plus_depr,0.02,36,341,0.0,1,0.4938418,0.4938418,1.0695801,0.0,0.085196145,0.0,0.0,7.43403e-07,-28.0384,2.3531232,0.7843744,0.208,0.0,0.16994013,10.200005,10.230004,1094400
hardzero_plus_depr__c0p54__z1p05__lam0p030__nu0p50__psi1p00,hardzero_plus_depr,0.02,36,342,0.0,1,0.4938418,0.49384186,1.0238416,0.094658226,0.094658226,1.0,6.82895e-08,7.214323e-07,-27.091537,2.2524965,0.7508322,0.192,0.0,0.15304877,10.230004,10.260004,1097600
hardzero_plus_depr__c0p54__z1p05__lam0p030__nu0p50__psi1p00,hardzero_plus_depr,0.02,36,343,0.0,1,0.49384186,0.49384192,1.0478343,0.08957065,0.08957065,1.0,6.270939e-08,7.001109e-07,-27.1738,2.3052814,0.76842713,0.120000005,0.0,0.14769295,10.260004,10.290004,1100800
hardzero_plus_depr__c0p54__z1p05__lam0p030__nu0p50__psi1p00,hardzero_plus_depr,0.02,36,344,0.0,1,0.49384192,0.49384192,1.0766975,0.0,0.0838113,0.0,0.0,6.7941966e-07,-27.507309,2.3687818,0.78959394,0.128,0.0,0.17016022,10.290004,10.3200035,1104000
hardzero_plus_depr__c0p54__z1p05__lam0p030__nu0p50__psi1p00,hardzero_plus_depr,0.02,36,345,0.0,1,0.49384192,0.49384198,1.0273666,0.09389303,0.09389303,1.0,6.190743e-08,6.5934e-07,-27.186386,2.2602518,0.75341725,0.14400001,0.0,0.14407496,10.3200035,10.350003,1107200
hardzero_plus_depr__c0p54__z1p05__lam0p030__nu0p50__psi1p00,hardzero_plus_depr,0.02,36,346,0.0,1,0.49384198,0.49384198,1.0760776,0.0,0.083931,0.0,0.0,6.3985374e-07,-28.300634,2.367418,0.7891394,0.14400001,0.0,0.1682583,10.350003,10.380003,1110400
hardzero_plus_depr__c0p54__z1p05__lam0p030__nu0p50__psi1p00,hardzero_plus_depr,0.02,36,347,0.0,1,0.49384198,0.49384204,1.0198579,0.09553052,0.09553052,1.0,5.931904e-08,6.2094335e-07,-26.731289,2.2437322,0.74791074,0.16000001,0.0,0.166023,10.380003,10.410003,1113600
hardzero_plus_depr__c0p54__z1p05__lam0p030__nu0p50__psi1p00,hardzero_plus_depr,0.02,36,348,0.0,1,0.49384204,0.49384204,1.0546495,0.0,0.08817602,0.0,0.0,6.0259185e-07,-27.354326,2.320275,0.77342504,0.208,0.0,0.14797685,10.410003,10.440002,1116800
hardzero_plus_depr__c0p54__z1p05__lam0p030__nu0p50__psi1p00,hardzero_plus_depr,0.02,36,349,0.0,1,0.49384204,0.4938421,1.0030032,0.09931085,0.09931085,1.0,5.807527e-08,5.847827e-07,-27.436144,2.2066512,0.7355504,0.192,0.008,0.16692828,10.440002,10.470002,1120000
hardzero_plus_depr__c0p54__z1p05__lam0p030__nu0p50__psi1p00,hardzero_plus_depr,0.02,36,350,0.0,1,0.4938421,0.49384215,0.98609364,0.10325387,0.10325387,1.0,5.859657e-08,5.6749997e-07,-27.24985,2.1694493,0.7231498,0.15200001,0.0,0.17451264,10.470002,10.500002,1123200
hardzero_plus_depr__c0p54__z1p05__lam0p030__nu0p50__psi1p00,hardzero_plus_depr,0.02,36,351,0.0,1,0.49384215,0.4938422,1.0026684,0.09938745,0.09938745,1.0,5.473545e-08,5.50728e-07,-27.422087,2.2059145,0.73530483,0.13,0.0,0.15323329,10.500002,10.530002,1126400
hardzero_plus_depr__c0p54__z1p05__lam0p030__nu0p50__psi1p00,hardzero_plus_depr,0.02,36,352,0.0,1,0.4938422,0.49384227,0.9968669,0.10072404,0.10072404,1.0,5.383213e-08,5.3445166e-07,-26.742533,2.193151,0.7310504,0.208,0.0,0.14107099,10.530002,10.560001,1129600
hardzero_plus_depr__c0p54__z1p05__lam0p030__nu0p50__psi1p00,hardzero_plus_depr,0.02,36,353,0.0,1,0.49384227,0.49384227,1.072728,0.0,0.084580824,0.0,0.0,5.1865635e-07,-27.560978,2.3600488,0.78668296,0.136,0.0,0.16378358,10.560001,10.590001,1132800
hardzero_plus_depr__c0p54__z1p05__lam0p030__nu0p50__psi1p00,hardzero_plus_depr,0.02,36,354,0.0,1,0.49384227,0.49384227,1.0942941,0.0,0.080483325,0.0,0.0,5.0332784e-07,-27.956955,2.407495,0.80249834,0.17600001,0.0,0.17337012,10.590001,10.620001,1136000
hardzero_plus_depr__c0p54__z1p05__lam0p030__nu0p50__psi1p00,hardzero_plus_depr,0.02,36,355,0.0,1,0.49384227,0.49384233,0.970951,0.10691755,0.10691755,1.0,5.222413e-08,4.884524e-07,-27.105436,2.1361349,0.71204495,0.216,0.0,0.14047664,10.620001,10.650001,1139200
hardzero_plus_depr__c0p54__z1p05__lam0p030__nu0p50__psi1p00,hardzero_plus_depr,0.02,36,356,0.0,1,0.49384233,0.49384236,1.0395453,0.09129662,0.09129662,1.0,4.327611e-08,4.7401656e-07,-27.18558,2.2870452,0.7623484,0.136,0.0,0.13268764,10.650001,10.68,1142400
hardzero_plus_depr__c0p54__z1p05__lam0p030__nu0p50__psi1p00,hardzero_plus_depr,0.02,36,357,0.0,1,0.49384236,0.4938424,1.043518,0.0904653,0.0904653,1.0,4.1614705e-08,4.6000739e-07,-27.508787,2.2957854,0.7652618,0.14400001,0.0,0.13669176,10.68,10.71,1145600
hardzero_plus_depr__c0p54__z1p05__lam0p030__nu0p50__psi1p00,hardzero_plus_depr,0.02,36,358,0.0,1,0.4938424,0.49384242,1.0490589,0.08931844,0.08931844,1.0,3.9872845e-08,4.4641223e-07,-27.991982,2.3079758,0.76932526,0.120000005,0.0,0.17781064,10.71,10.74,1148800
hardzero_plus_depr__c0p54__z1p05__lam0p030__nu0p50__psi1p00,hardzero_plus_depr,0.02,36,359,0.0,1,0.49384242,0.49384245,1.0471447,0.08971299,0.08971299,1.0,3.8865362e-08,4.3321887e-07,-27.351122,2.303764,0.7679214,0.128,0.0,0.16672274,10.74,10.7699995,1152000
hardzero_plus_depr__c0p54__z1p05__lam0p030__nu0p50__psi1p00,hardzero_plus_depr,0.02,36,360,0.0,1,0.49384245,0.49384248,1.021613,0.09514522,0.09514522,1.0,4.000052e-08,4.2041543e-07,-26.818857,2.2475934,0.74919784,0.216,0.0,0.18272294,10.7699995,10.799999,1155200
hardzero_plus_depr__c0p54__z1p05__lam0p030__nu0p50__psi1p00,hardzero_plus_depr,0.02,36,361,0.0,1,0.49384248,0.49384248,1.0638751,0.0,0.08632268,0.0,0.0,4.0799037e-07,-28.073944,2.3405719,0.78019065,0.136,0.0,0.1554593,10.799999,10.829999,1158400
hardzero_plus_depr__c0p54__z1p05__lam0p030__nu0p50__psi1p00,hardzero_plus_depr,0.02,36,362,0.0,1,0.49384248,0.4938425,1.0092562,0.09789123,0.09789123,1.0,3.8758323e-08,3.9593255e-07,-26.731476,2.220408,0.740136,0.136,0.0,0.13179034,10.829999,10.859999,1161600
hardzero_plus_depr__c0p54__z1p05__lam0p030__nu0p50__psi1p00,hardzero_plus_depr,0.02,36,363,0.0,1,0.4938425,0.49384254,1.019031,0.095712565,0.095712565,1.0,3.6775738e-08,3.8423104e-07,-26.823925,2.241913,0.7473044,0.16800001,0.0,0.17807916,10.859999,10.889998,1164800
hardzero_plus_depr__c0p54__z1p05__lam0p030__nu0p50__psi1p00,hardzero_plus_depr,0.02,36,364,0.0,1,0.49384254,0.49384254,1.0505925,0.0,0.08900357,0.0,0.0,3.7287543e-07,-27.658516,2.3113496,0.7704499,0.14,0.0,0.15042104,10.889998,10.919998,1168000
hardzero_plus_depr__c0p54__z1p05__lam0p030__nu0p50__psi1p00,hardzero_plus_depr,0.02,36,365,0.0,1,0.49384254,0.49384254,1.06194,0.0,0.08670817,0.0,0.0,3.6185537e-07,-27.642712,2.3363147,0.7787716,0.14400001,0.0,0.13555883,10.919998,10.949998,1171200
hardzero_plus_depr__c0p54__z1p05__lam0p030__nu0p50__psi1p00,hardzero_plus_depr,0.02,36,366,0.0,1,0.49384254,0.49384257,1.010118,0.09769717,0.09769717,1.0,3.4307437e-08,3.5116102e-07,-26.786066,2.2223039,0.74076796,0.192,0.0,0.14821956,10.949998,10.979998,1174400
hardzero_plus_depr__c0p54__z1p05__lam0p030__nu0p50__psi1p00,hardzero_plus_depr,0.02,36,367,0.0,1,0.49384257,0.4938426,1.0209198,0.09529721,0.09529721,1.0,3.2475644e-08,3.4078272e-07,-27.356577,2.2460685,0.74868953,0.2,0.0,0.14573216,10.979998,11.009997,1177600
hardzero_plus_depr__c0p54__z1p05__lam0p030__nu0p50__psi1p00,hardzero_plus_depr,0.02,36,368,0.0,1,0.4938426,0.49384263,0.9722507,0.106598064,0.106598064,1.0,3.5253176e-08,3.3071123e-07,-26.627419,2.1389942,0.7129981,0.16000001,0.0,0.13146149,11.009997,11.039997,1180800
hardzero_plus_depr__c0p54__z1p05__lam0p030__nu0p50__psi1p00,hardzero_plus_depr,0.02,36,369,0.0,1,0.49384263,0.49384266,1.0290754,0.093524314,0.093524314,1.0,3.001544e-08,3.209373e-07,-26.716545,2.2640111,0.7546704,0.17600001,0.008,0.14687333,11.039997,11.069997,1184000
hardzero_plus_depr__c0p54__z1p05__lam0p030__nu0p50__psi1p00,hardzero_plus_depr,0.02,36,370,0.0,1,0.49384266,0.4938427,1.0357552,0.092096865,0.092096865,1.0,2.8683774e-08,3.1145223e-07,-27.094912,2.2787068,0.7595689,0.16800001,0.0,0.17467786,11.069997,11.099997,1187200
hardzero_plus_depr__c0p54__z1p05__lam0p030__nu0p50__psi1p00,hardzero_plus_depr,0.02,36,371,0.0,1,0.4938427,0.4938427,1.088795,0.0,0.08150889,0.0,0.0,3.022475e-07,-28.080162,2.3953967,0.7984656,0.096,0.0,0.17284699,11.099997,11.129996,1190400
hardzero_plus_depr__c0p54__z1p05__lam0p030__nu0p50__psi1p00,hardzero_plus_depr,0.02,36,372,0.0,1,0.4938427,0.4938427,1.051685,0.0,0.08877997,0.0,0.0,2.9331483e-07,-27.722975,2.3137531,0.7712511,0.128,0.0,0.1889964,11.129996,11.159996,1193600
hardzero_plus_depr__c0p54__z1p05__lam0p030__nu0p50__psi1p00,hardzero_plus_depr,0.02,36,373,0.0,1,0.4938427,0.49384272,1.0373156,0.091766536,0.091766536,1.0,2.6120988e-08,2.8464612e-07,-26.747398,2.2821398,0.7607133,0.128,0.0,0.15953909,11.159996,11.189996,1196800
hardzero_plus_depr__c0p54__z1p05__lam0p030__nu0p50__psi1p00,hardzero_plus_depr,0.02,36,374,0.0,1,0.49384272,0.49384272,1.0500748,0.0,0.08910973,0.0,0.0,2.7623364e-07,-27.70668,2.3102107,0.77007025,0.128,0.0,0.14713955,11.189996,11.2199955,1200000
hardzero_plus_depr__c0p54__z1p05__lam0p030__nu0p50__psi1p00,hardzero_plus_depr,0.02,36,375,0.0,1,0.49384272,0.49384275,0.9919244,0.10187686,0.10187686,1.0,2.7310108e-08,2.6806978e-07,-26.473478,2.1822772,0.72742575,0.208,0.0,0.1393655,11.2199955,11.249995,1203200
hardzero_plus_depr__c0p54__z1p05__lam0p030__nu0p50__psi1p00,hardzero_plus_depr,0.02,36,376,0.0,1,0.49384275,0.49384278,1.0116639,0.09735003,0.09735003,1.0,2.5325335e-08,2.6014717e-07,-26.750988,2.2257051,0.74190176,0.16800001,0.0,0.17797764,11.249995,11.279995,1206400
hardzero_plus_depr__c0p54__z1p05__lam0p030__nu0p50__psi1p00,hardzero_plus_depr,0.02,36,377,0.0,1,0.49384278,0.49384278,1.0530561,0.0,0.08850013,0.0,0.0,2.5245876e-07,-27.87067,2.3167698,0.7722566,0.14,0.0,0.14295995,11.279995,11.309995,1209600
hardzero_plus_depr__c0p54__z1p05__lam0p030__nu0p50__psi1p00,hardzero_plus_depr,0.02,36,378,0.0,1,0.49384278,0.49384278,1.0631572,0.0,0.086465485,0.0,0.0,2.4499752e-07,-27.846905,2.3389926,0.7796642,0.192,0.0,0.17627914,11.309995,11.339994,1212800
hardzero_plus_depr__c0p54__z1p05__lam0p030__nu0p50__psi1p00,hardzero_plus_depr,0.02,36,379,0.0,1,0.49384278,0.4938428,1.0211387,0.09524919,0.09524919,1.0,2.2646145e-08,2.3775682e-07,-27.466736,2.2465498,0.74885,0.192,0.0,0.17864278,11.339994,11.369994,1216000
hardzero_plus_depr__c0p54__z1p05__lam0p030__nu0p50__psi1p00,hardzero_plus_depr,0.02,36,380,0.0,1,0.4938428,0.4938428,1.1043807,0.0,0.07863561,0.0,0.0,2.307301e-07,-27.684078,2.429686,0.8098954,0.112,0.0,0.19032684,11.369994,11.399994,1219200
hardzero_plus_depr__c0p54__z1p05__lam0p030__nu0p50__psi1p00,hardzero_plus_depr,0.02,36,381,0.0,1,0.4938428,0.49384284,0.99896455,0.1002387,0.1002387,1.0,2.2444555e-08,2.2391106e-07,-26.985033,2.1977658,0.73258865,0.128,0.0,0.15555926,11.399994,11.429994,1222400
hardzero_plus_depr__c0p54__z1p05__lam0p030__nu0p50__psi1p00,hardzero_plus_depr,0.02,36,382,0.0,1,0.49384284,0.49384287,1.0139422,0.09684065,0.09684065,1.0,2.104285e-08,2.1729356e-07,-26.850073,2.2307174,0.7435725,0.18400002,0.0,0.14030991,11.429994,11.459993,1225600
hardzero_plus_depr__c0p54__z1p05__lam0p030__nu0p50__psi1p00,hardzero_plus_depr,0.02,36,383,0.0,1,0.49384287,0.4938429,1.0179877,0.09594277,0.09594277,1.0,2.0231608e-08,2.1087162e-07,-27.260195,2.2396178,0.7465393,0.17600001,0.0,0.14130056,11.459993,11.489993,1228800
hardzero_plus_depr__c0p54__z1p05__lam0p030__nu0p50__psi1p00,hardzero_plus_depr,0.02,36,384,0.0,1,0.4938429,0.49384293,1.0034623,0.09920594,0.09920594,1.0,2.0301451e-08,2.0463946e-07,-26.468338,2.2076612,0.73588705,0.16800001,0.0,0.13920859,11.489993,11.519993,1232000
hardzero_plus_depr__c0p54__z1p05__lam0p030__nu0p50__psi1p00,hardzero_plus_depr,0.02,36,385,0.0,1,0.49384293,0.49384296,1.0121158,0.09724877,0.09724877,1.0,1.931278e-08,1.9859151e-07,-27.31688,2.2266994,0.74223316,0.136,0.0,0.13904206,11.519993,11.549993,1235200
hardzero_plus_depr__c0p54__z1p05__lam0p030__nu0p50__psi1p00,hardzero_plus_depr,0.02,36,386,0.0,1,0.49384296,0.49384296,1.1065083,0.0,0.07825134,0.0,0.0,1.9272228e-07,-29.441032,2.4343667,0.8114556,0.136,0.0,0.24370924,11.549993,11.579992,1238400
hardzero_plus_depr__c0p54__z1p05__lam0p030__nu0p50__psi1p00,hardzero_plus_depr,0.02,36,387,0.0,1,0.49384296,0.493843,1.000972,0.099776424,0.099776424,1.0,1.866084e-08,1.8702654e-07,-26.716967,2.2021825,0.7340609,0.08800001,0.0,0.123779796,11.579992,11.609992,1241600
hardzero_plus_depr__c0p54__z1p05__lam0p030__nu0p50__psi1p00,hardzero_plus_depr,0.02,36,388,0.0,1,0.493843,0.493843,1.0583233,0.0,0.08743327,0.0,0.0,1.8149912e-07,-28.0745,2.3283577,0.77611923,0.14400001,0.0,0.1865646,11.609992,11.639992,1244800
hardzero_plus_depr__c0p54__z1p05__lam0p030__nu0p50__psi1p00,hardzero_plus_depr,0.02,36,389,0.0,1,0.493843,0.49384302,1.0237114,0.0946866,0.0946866,1.0,1.6677628e-08,1.7613505e-07,-26.891703,2.2522101,0.7507367,0.15200001,0.0,0.14149868,11.639992,11.6699915,1248000
hardzero_plus_depr__c0p54__z1p05__lam0p030__nu0p50__psi1p00,hardzero_plus_depr,0.02,36,390,0.0,1,0.49384302,0.49384302,1.0528198,0.0,0.08854829,0.0,0.0,1.7092952e-07,-27.666916,2.3162498,0.7720833,0.13,0.0,0.1553778,11.6699915,11.699991,1251200
hardzero_plus_depr__c0p54__z1p05__lam0p030__nu0p50__psi1p00,hardzero_plus_depr,0.02,36,391,0.0,1,0.49384302,0.49384302,1.0472999,0.08968094,0.08968094,1.0,1.487608e-08,1.6587784e-07,-27.91634,2.3041058,0.7680353,0.15200001,0.0,0.15960489,11.699991,11.729991,1254400
hardzero_plus_depr__c0p54__z1p05__lam0p030__nu0p50__psi1p00,hardzero_plus_depr,0.02,36,392,0.0,1,0.49384302,0.49384302,1.0622063,0.0,0.08665502,0.0,0.0,1.6097545e-07,-27.332329,2.3369005,0.77896684,0.08800001,0.0,0.1502615,11.729991,11.759991,1257600
hardzero_plus_depr__c0p54__z1p05__lam0p030__nu0p50__psi1p00,hardzero_plus_depr,0.02,36,393,0.0,1,0.49384302,0.49384302,1.1100428,0.0,0.07761706,0.0,0.0,1.5621795e-07,-28.45578,2.442143,0.8140477,0.112,0.0,0.15076934,11.759991,11.78999,1260800
hardzero_plus_depr__c0p54__z1p05__lam0p030__nu0p50__psi1p00,hardzero_plus_depr,0.02,36,394,0.0,1,0.49384302,0.49384302,1.0818031,0.0,0.08283176,0.0,0.0,1.5160104e-07,-27.541306,2.3800142,0.79333806,0.112,0.0,0.17693718,11.78999,11.81999,1264000
hardzero_plus_depr__c0p54__z1p05__lam0p030__nu0p50__psi1p00,hardzero_plus_depr,0.02,36,395,0.0,1,0.49384302,0.49384302,1.0504595,0.0,0.08903084,0.0,0.0,1.471206e-07,-27.030382,2.311057,0.77035236,0.128,0.0,0.16205734,11.81999,11.84999,1267200
hardzero_plus_depr__c0p54__z1p05__lam0p030__nu0p50__psi1p00,hardzero_plus_depr,0.02,36,396,0.0,1,0.49384302,0.49384302,1.041782,0.09082763,0.09082763,1.0,1.2967694e-08,1.4277256e-07,-27.755188,2.2919662,0.76398873,0.208,0.0,0.1555559,11.84999,11.87999,1270400
hardzero_plus_depr__c0p54__z1p05__lam0p030__nu0p50__psi1p00,hardzero_plus_depr,0.02,36,397,0.0,1,0.49384302,0.49384302,1.0940818,0.0,0.080522686,0.0,0.0,1.3855303e-07,-28.17156,2.407028,0.80234265,0.096,0.0,0.1650689,11.87999,11.909989,1273600
hardzero_plus_depr__c0p54__z1p05__lam0p030__nu0p50__psi1p00,hardzero_plus_depr,0.02,36,398,0.0,1,0.49384302,0.49384302,1.1017797,0.0,0.079107985,0.0,0.0,1.344582e-07,-28.258175,2.4239638,0.8079879,0.120000005,0.0,0.16648954,11.909989,11.939989,1276800
hardzero_plus_depr__c0p54__z1p05__lam0p030__nu0p50__psi1p00,hardzero_plus_depr,0.02,36,399,0.0,1,0.49384302,0.49384302,1.0670104,0.0,0.085701734,0.0,0.0,1.304844e-07,-27.428146,2.3474698,0.78248996,0.16800001,0.0,0.17012875,11.939989,11.969989,1280000
hardzero_plus_depr__c0p54__z1p05__lam0p030__nu0p50__psi1p00,hardzero_plus_depr,0.02,36,400,0.0,1,0.49384302,0.49384302,1.0741398,0.0,0.08430634,0.0,0.0,1.2662804e-07,-28.116674,2.363155,0.7877183,0.136,0.0,0.17792946,11.969989,11.999989,1283200
hardzero_plus_depr__c0p54__z1p05__lam0p030__nu0p50__psi1p00,hardzero_plus_depr,0.02,36,401,0.0,1,0.49384302,0.49384302,1.1136702,0.0,0.07697146,0.0,0.0,1.2288565e-07,-28.534243,2.4501235,0.81670785,0.14400001,0.0,0.18525928,11.999989,12.029988,1286400
hardzero_plus_depr__c0p54__z1p05__lam0p030__nu0p50__psi1p00,hardzero_plus_depr,0.02,36,402,0.0,1,0.49384302,0.49384302,1.0042467,0.09902691,0.09902691,1.0,1.1809341e-08,1.1925385e-07,-26.888474,2.2093868,0.7364623,0.216,0.0,0.12992154,12.029988,12.059988,1289600
hardzero_plus_depr__c0p54__z1p05__lam0p030__nu0p50__psi1p00,hardzero_plus_depr,0.02,36,403,0.0,1,0.49384302,0.49384302,1.0239223,0.09464063,0.09464063,1.0,1.09527045e-08,1.15729414e-07,-26.904638,2.252674,0.7508914,0.22,0.0,0.13621762,12.059988,12.089988,1292800
hardzero_plus_depr__c0p54__z1p05__lam0p030__nu0p50__psi1p00,hardzero_plus_depr,0.02,36,404,0.0,1,0.49384302,0.49384302,1.0043025,0.099014215,0.099014215,1.0,1.11202e-08,1.12309124e-07,-26.897255,2.2095096,0.73650324,0.128,0.0,0.16007352,12.089988,12.1199875,1296000
hardzero_plus_depr__c0p54__z1p05__lam0p030__nu0p50__psi1p00,hardzero_plus_depr,0.02,36,405,0.0,1,0.49384302,0.49384302,1.066518,0.0,0.085798964,0.0,0.0,1.08989916e-07,-28.154896,2.3463864,0.7821288,0.104,0.0,0.16163664,12.1199875,12.149987,1299200
hardzero_plus_depr__c0p54__z1p05__lam0p030__nu0p50__psi1p00,hardzero_plus_depr,0.02,36,406,0.0,1,0.49384302,0.49384302,1.0671413,0.0,0.0856759,0.0,0.0,1.05768805e-07,-27.64617,2.3477578,0.782586,0.2,0.0,0.15140648,12.149987,12.179987,1302400
hardzero_plus_depr__c0p54__z1p05__lam0p030__nu0p50__psi1p00,hardzero_plus_depr,0.02,36,407,0.0,1,0.49384302,0.49384302,1.0320374,0.09288864,0.09288864,1.0,9.534358e-09,1.02642886e-07,-27.231384,2.2705276,0.75684255,0.136,0.0,0.16447663,12.179987,12.209987,1305600
hardzero_plus_depr__c0p54__z1p05__lam0p030__nu0p50__psi1p00,hardzero_plus_depr,0.02,36,408,0.0,1,0.49384302,0.49384302,1.0008953,0.099794075,0.099794075,1.0,9.940424e-09,9.960936e-08,-27.339785,2.2020135,0.7340045,0.18400002,0.0,0.15213856,12.209987,12.239986,1308800
hardzero_plus_depr__c0p54__z1p05__lam0p030__nu0p50__psi1p00,hardzero_plus_depr,0.02,36,409,0.0,1,0.49384302,0.49384302,1.0768844,0.0,0.083775215,0.0,0.0,9.666549e-08,-27.663614,2.369193,0.789731,0.17600001,0.0,0.16701722,12.239986,12.269986,1312000
hardzero_plus_depr__c0p54__z1p05__lam0p030__nu0p50__psi1p00,hardzero_plus_depr,0.02,36,410,0.0,1,0.49384302,0.49384302,1.004576,0.09895186,0.09895186,1.0,9.2825365e-09,9.380861e-08,-27.037521,2.2101114,0.7367038,0.23200001,0.0,0.13792028,12.269986,12.299986,1315200
hardzero_plus_depr__c0p54__z1p05__lam0p030__nu0p50__psi1p00,hardzero_plus_depr,0.02,36,411,0.0,1,0.49384302,0.49384302,1.0658429,0.0,0.08593244,0.0,0.0,9.103618e-08,-28.144997,2.344901,0.78163373,0.136,0.0,0.14896823,12.299986,12.329986,1318400
hardzero_plus_depr__c0p54__z1p05__lam0p030__nu0p50__psi1p00,hardzero_plus_depr,0.02,36,412,0.0,1,0.49384302,0.49384302,1.023758,0.09467645,0.09467645,1.0,8.364255e-09,8.834568e-08,-26.781622,2.2523127,0.7507709,0.16000001,0.0,0.1256767,12.329986,12.359985,1321600
hardzero_plus_depr__c0p54__z1p05__lam0p030__nu0p50__psi1p00,hardzero_plus_depr,0.02,36,413,0.0,1,0.49384302,0.49384302,1.0600748,0.0,0.08708135,0.0,0.0,8.573469e-08,-27.984598,2.3322113,0.7774038,0.14400001,0.0,0.15212478,12.359985,12.389985,1324800
hardzero_plus_depr__c0p54__z1p05__lam0p030__nu0p50__psi1p00,hardzero_plus_depr,0.02,36,414,0.0,1,0.49384302,0.49384302,1.0277634,0.0938073,0.0938073,1.0,7.804849e-09,8.320087e-08,-27.187254,2.2611246,0.75370824,0.15200001,0.008,0.16917631,12.389985,12.419985,1328000
hardzero_plus_depr__c0p54__z1p05__lam0p030__nu0p50__psi1p00,hardzero_plus_depr,0.02,36,415,0.0,1,0.49384302,0.49384302,1.0711995,0.0,0.084879026,0.0,0.0,8.074193e-08,-28.366417,2.356686,0.78556204,0.104,0.0,0.14897761,12.419985,12.449985,1331200
hardzero_plus_depr__c0p54__z1p05__lam0p030__nu0p50__psi1p00,hardzero_plus_depr,0.02,36,416,0.0,1,0.49384302,0.49384302,1.0571738,0.0,0.087664984,0.0,0.0,7.835566e-08,-28.501469,2.325829,0.77527636,0.099999994,0.0,0.14661072,12.449985,12.479984,1334400
hardzero_plus_depr__c0p54__z1p05__lam0p030__nu0p50__psi1p00,hardzero_plus_depr,0.02,36,417,0.0,1,0.49384302,0.49384302,1.0190812,0.09570149,0.09570149,1.0,7.2771345e-09,7.6039925e-08,-26.895807,2.2420235,0.74734116,0.17600001,0.0,0.15663128,12.479984,12.509984,1337600
hardzero_plus_depr__c0p54__z1p05__lam0p030__nu0p50__psi1p00,hardzero_plus_depr,0.02,36,418,0.0,1,0.49384302,0.49384302,1.0329317,0.09269755,0.09269755,1.0,6.840396e-09,7.379263e-08,-27.405056,2.272495,0.7574984,0.192,0.0,0.122737534,12.509984,12.539984,1340800
hardzero_plus_depr__c0p54__z1p05__lam0p030__nu0p50__psi1p00,hardzero_plus_depr,0.02,36,419,0.0,1,0.49384302,0.49384302,1.0207622,0.0953318,0.0953318,1.0,6.826877e-09,7.1611744e-08,-27.25804,2.2457218,0.74857396,0.136,0.0,0.14637695,12.539984,12.5699835,1344000
hardzero_plus_depr__c0p54__z1p05__lam0p030__nu0p50__psi1p00,hardzero_plus_depr,0.02,36,420,0.0,1,0.49384302,0.49384302,1.0348173,0.092295945,0.092295945,1.0,6.414136e-09,6.9495314e-08,-27.39224,2.2766435,0.7588812,0.24000001,0.0,0.17462336,12.5699835,12.599983,1347200
hardzero_plus_depr__c0p54__z1p05__lam0p030__nu0p50__psi1p00,hardzero_plus_depr,0.02,36,421,0.0,1,0.49384302,0.49384302,1.0408541,0.0910219,0.0910219,1.0,6.138648e-09,6.7441434e-08,-27.448324,2.2899246,0.7633082,0.208,0.0,0.1861524,12.599983,12.629983,1350400
hardzero_plus_depr__c0p54__z1p05__lam0p030__nu0p50__psi1p00,hardzero_plus_depr,0.02,36,422,0.0,1,0.49384302,0.49384302,1.081643,0.0,0.082862295,0.0,0.0,6.5448255e-08,-27.571966,2.379662,0.7932207,0.128,0.0,0.1520739,12.629983,12.659983,1353600
hardzero_plus_depr__c0p54__z1p05__lam0p030__nu0p50__psi1p00,hardzero_plus_depr,0.02,36,423,0.0,1,0.49384302,0.49384302,1.114868,0.0,0.076759465,0.0,0.0,6.351399e-08,-28.52232,2.4527586,0.8175862,0.112,0.0,0.1784769,12.659983,12.689982,1356800
hardzero_plus_depr__c0p54__z1p05__lam0p030__nu0p50__psi1p00,hardzero_plus_depr,0.02,36,424,0.0,1,0.49384302,0.49384302,1.0762392,0.0,0.083899766,0.0,0.0,6.163688e-08,-27.952448,2.3677735,0.7892579,0.120000005,0.0,0.16800359,12.689982,12.719982,1360000
hardzero_plus_depr__c0p54__z1p05__lam0p030__nu0p50__psi1p00,hardzero_plus_depr,0.02,36,425,0.0,1,0.49384302,0.49384302,1.0215212,0.09516534,0.09516534,1.0,5.6923386e-09,5.981525e-08,-26.589643,2.2473915,0.7491305,0.16800001,0.0,0.15531218,12.719982,12.749982,1363200
hardzero_plus_depr__c0p54__z1p05__lam0p030__nu0p50__psi1p00,hardzero_plus_depr,0.02,36,426,0.0,1,0.49384302,0.49384302,1.0478227,0.08957304,0.08957304,1.0,5.1994875e-09,5.8047462e-08,-27.416824,2.305256,0.76841867,0.192,0.0,0.16820931,12.749982,12.779982,1366400
hardzero_plus_depr__c0p54__z1p05__lam0p030__nu0p50__psi1p00,hardzero_plus_depr,0.02,36,427,0.0,1,0.49384302,0.49384302,1.0228539,0.094873756,0.094873756,1.0,5.34442e-09,5.6331913e-08,-27.211388,2.2503235,0.7501079,0.136,0.0,0.1631012,12.779982,12.809981,1369600
hardzero_plus_depr__c0p54__z1p05__lam0p030__nu0p50__psi1p00,hardzero_plus_depr,0.02,36,428,0.0,1,0.49384302,0.49384302,1.1280564,0.0,0.07446352,0.0,0.0,5.466707e-08,-29.044462,2.4817736,0.8272579,0.104,0.0,0.19443986,12.809981,12.839981,1372800
hardzero_plus_depr__c0p54__z1p05__lam0p030__nu0p50__psi1p00,hardzero_plus_depr,0.02,36,429,0.0,1,0.49384302,0.49384302,0.9787659,0.105010815,0.105010815,1.0,5.5709735e-09,5.3051426e-08,-26.468822,2.153328,0.717776,0.17,0.0,0.1418292,12.839981,12.869981,1376000
hardzero_plus_depr__c0p54__z1p05__lam0p030__nu0p50__psi1p00,hardzero_plus_depr,0.02,36,430,0.0,1,0.49384302,0.49384302,1.036886,0.09185738,0.09185738,1.0,4.7291424e-09,5.1483532e-08,-26.845497,2.2811947,0.76039827,0.15200001,0.0,0.15788178,12.869981,12.899981,1379200
hardzero_plus_depr__c0p54__z1p05__lam0p030__nu0p50__psi1p00,hardzero_plus_depr,0.02,36,431,0.0,1,0.49384302,0.49384302,1.12936,0.0,0.07424036,0.0,0.0,4.9961976e-08,-29.279306,2.4846416,0.8282139,0.096,0.0,0.18839195,12.899981,12.92998,1382400
hardzero_plus_depr__c0p54__z1p05__lam0p030__nu0p50__psi1p00,hardzero_plus_depr,0.02,36,432,0.0,1,0.49384302,0.49384302,1.0852139,0.0,0.08218378,0.0,0.0,4.8485393e-08,-28.29729,2.3875182,0.7958394,0.14400001,0.008,0.17790332,12.92998,12.95998,1385600
hardzero_plus_depr__c0p54__z1p05__lam0p030__nu0p50__psi1p00,hardzero_plus_depr,0.02,36,433,0.0,1,0.49384302,0.49384302,1.0835594,0.0,0.08249746,0.0,0.0,4.7052442e-08,-28.602037,2.3838782,0.7946261,0.136,0.0,0.17593825,12.95998,12.98998,1388800
hardzero_plus_depr__c0p54__z1p05__lam0p030__nu0p50__psi1p00,hardzero_plus_depr,0.02,36,434,0.0,1,0.49384302,0.49384302,1.0136077,0.09691528,0.09691528,1.0,4.425331e-09,4.566185e-08,-27.843252,2.2299817,0.74332726,0.136,0.0,0.15307398,12.98998,13.0199795,1392000
hardzero_plus_depr__c0p54__z1p05__lam0p030__nu0p50__psi1p00,hardzero_plus_depr,0.02,36,435,0.0,1,0.49384302,0.49384302,1.0712415,0.0,0.08487084,0.0,0.0,4.4312344e-08,-28.182615,2.3567784,0.7855928,0.120000005,0.0,0.16275622,13.0199795,13.049979,1395200
hardzero_plus_depr__c0p54__z1p05__lam0p030__nu0p50__psi1p00,hardzero_plus_depr,0.02,36,436,0.0,1,0.49384302,0.49384302,1.0701629,0.0,0.08508188,0.0,0.0,4.3002732e-08,-27.69248,2.3544054,0.78480184,0.112,0.0,0.16631614,13.049979,13.079979,1398400
hardzero_plus_depr__c0p54__z1p05__lam0p030__nu0p50__psi1p00,hardzero_plus_depr,0.02,36,437,0.0,1,0.49384302,0.49384302,1.0303091,0.09325904,0.09325904,1.0,3.891869e-09,4.1731816e-08,-27.089373,2.2667253,0.7555751,0.17600001,0.0,0.15321688,13.079979,13.109979,1401600
hardzero_plus_depr__c0p54__z1p05__lam0p030__nu0p50__psi1p00,hardzero_plus_depr,0.02,36,438,0.0,1,0.49384302,0.49384302,0.99098927,0.10209646,0.10209646,1.0,4.1347503e-09,4.049847e-08,-26.435934,2.18022,0.72674,0.216,0.0,0.13347861,13.109979,13.139978,1404800
hardzero_plus_depr__c0p54__z1p05__lam0p030__nu0p50__psi1p00,hardzero_plus_depr,0.02,36,439,0.0,1,0.49384302,0.49384302,1.0376152,0.09170326,0.09170326,1.0,3.6040815e-09,3.9301565e-08,-27.65642,2.282799,0.76093304,0.18400002,0.0,0.17228688,13.139978,13.169978,1408000
hardzero_plus_depr__c0p54__z1p05__lam0p030__nu0p50__psi1p00,hardzero_plus_depr,0.02,36,440,0.0,1,0.49384302,0.49384302,0.99912274,0.100202195,0.100202195,1.0,3.821716e-09,3.814004e-08,-27.327581,2.198114,0.73270464,0.112,0.0,0.15724856,13.169978,13.199978,1411200
hardzero_plus_depr__c0p54__z1p05__lam0p030__nu0p50__psi1p00,hardzero_plus_depr,0.02,36,441,0.0,1,0.49384302,0.49384302,1.0435286,0.09046308,0.09046308,1.0,3.3482956e-09,3.7012843e-08,-26.380318,2.2958086,0.7652695,0.128,0.0,0.13766591,13.199978,13.229978,1414400
hardzero_plus_depr__c0p54__z1p05__lam0p030__nu0p50__psi1p00,hardzero_plus_depr,0.02,36,442,0.0,1,0.49384302,0.49384302,1.0783807,0.0,0.08348707,0.0,0.0,3.591896e-08,-28.114616,2.372485,0.79082835,0.089999996,0.0,0.16408086,13.229978,13.259977,1417600
hardzero_plus_depr__c0p54__z1p05__lam0p030__nu0p50__psi1p00,hardzero_plus_depr,0.02,36,443,0.0,1,0.49384302,0.49384302,0.9754354,0.10581924,0.10581924,1.0,3.6885837e-09,3.48574e-08,-26.019447,2.1460006,0.7153336,0.15200001,0.0,0.12032364,13.259977,13.289977,1420800
hardzero_plus_depr__c0p54__z1p05__lam0p030__nu0p50__psi1p00,hardzero_plus_depr,0.02,36,444,0.0,1,0.49384302,0.49384302,1.0888008,0.0,0.08150781,0.0,0.0,3.3827217e-08,-27.494326,2.3954096,0.7984699,0.14400001,0.0,0.15171595,13.289977,13.319977,1424000
hardzero_plus_depr__c0p54__z1p05__lam0p030__nu0p50__psi1p00,hardzero_plus_depr,0.02,36,445,0.0,1,0.49384302,0.49384302,1.0493108,0.089266635,0.089266635,1.0,2.9303986e-09,3.282748e-08,-26.697908,2.3085299,0.76951,0.120000005,0.0,0.16577464,13.319977,13.349977,1427200
hardzero_plus_depr__c0p54__z1p05__lam0p030__nu0p50__psi1p00,hardzero_plus_depr,0.02,36,446,0.0,1,0.49384302,0.49384302,1.0744376,0.0,0.08424855,0.0,0.0,3.1857294e-08,-27.720106,2.36381,0.7879367,0.208,0.0,0.17571034,13.349977,13.379976,1430400
hardzero_plus_depr__c0p54__z1p05__lam0p030__nu0p50__psi1p00,hardzero_plus_depr,0.02,36,447,0.0,1,0.49384302,0.49384302,1.1113293,0.0,0.077387474,0.0,0.0,3.0915775e-08,-28.97831,2.4449732,0.8149911,0.136,0.0,0.21399897,13.379976,13.409976,1433600
hardzero_plus_depr__c0p54__z1p05__lam0p030__nu0p50__psi1p00,hardzero_plus_depr,0.02,36,448,0.0,1,0.49384302,0.49384302,1.0407616,0.09104129,0.09104129,1.0,2.7314284e-09,3.0002084e-08,-27.670517,2.2897213,0.76324046,0.14400001,0.0,0.13372424,13.409976,13.439976,1436800
hardzero_plus_depr__c0p54__z1p05__lam0p030__nu0p50__psi1p00,hardzero_plus_depr,0.02,36,449,0.0,1,0.49384302,0.49384302,1.0281223,0.093729794,0.093729794,1.0,2.7289802e-09,2.9115396e-08,-26.990211,2.2619143,0.75397146,0.16000001,0.0,0.1374619,13.439976,13.469975,1440000
hardzero_plus_depr__c0p54__z1p05__lam0p030__nu0p50__psi1p00,hardzero_plus_depr,0.02,36,450,0.0,1,0.49384302,0.49384302,1.0397718,0.09124901,0.09124901,1.0,2.5782327e-09,2.8254911e-08,-27.268538,2.2875435,0.76251453,0.128,0.0,0.15149859,13.469975,13.499975,1443200
hardzero_plus_depr__c0p54__z1p05__lam0p030__nu0p50__psi1p00,hardzero_plus_depr,0.02,36,451,0.0,1,0.49384302,0.49384302,1.0670856,0.0,0.08568688,0.0,0.0,2.7419862e-08,-27.225891,2.3476353,0.7825451,0.08800001,0.0,0.1372509,13.499975,13.529975,1446400
hardzero_plus_depr__c0p54__z1p05__lam0p030__nu0p50__psi1p00,hardzero_plus_depr,0.02,36,452,0.0,1,0.49384302,0.49384302,1.0760628,0.0,0.08393385,0.0,0.0,2.6609488e-08,-28.085545,2.3673854,0.7891285,0.136,0.0,0.17756203,13.529975,13.559975,1449600
hardzero_plus_depr__c0p54__z1p05__lam0p030__nu0p50__psi1p00,hardzero_plus_depr,0.02,36,453,0.0,1,0.49384302,0.49384302,1.0690234,0.0,0.085305415,0.0,0.0,2.5823066e-08,-28.267227,2.3518984,0.7839662,0.128,0.0,0.14554843,13.559975,13.589974,1452800
hardzero_plus_depr__c0p54__z1p05__lam0p030__nu0p50__psi1p00,hardzero_plus_depr,0.02,36,454,0.0,1,0.49384302,0.49384302,1.0605055,0.0,0.08699503,0.0,0.0,2.5059885e-08,-28.28365,2.3331587,0.7777196,0.17600001,0.0,0.20336528,13.589974,13.619974,1456000
hardzero_plus_depr__c0p54__z1p05__lam0p030__nu0p50__psi1p00,hardzero_plus_depr,0.02,36,455,0.0,1,0.49384302,0.49384302,1.0962034,0.0,0.080130264,0.0,0.0,2.4319263e-08,-27.943634,2.4116957,0.8038986,0.12,0.0,0.16904573,13.619974,13.649974,1459200
hardzero_plus_depr__c0p54__z1p05__lam0p030__nu0p50__psi1p00,hardzero_plus_depr,0.02,36,456,0.0,1,0.49384302,0.49384302,1.0788008,0.0,0.08340636,0.0,0.0,2.3600526e-08,-28.023302,2.3734093,0.79113644,0.112,0.0,0.15766124,13.649974,13.679974,1462400
hardzero_plus_depr__c0p54__z1p05__lam0p030__nu0p50__psi1p00,hardzero_plus_depr,0.02,36,457,0.0,1,0.49384302,0.49384302,1.100498,0.0,0.0793418,0.0,0.0,2.2903029e-08,-28.447124,2.4211438,0.80704796,0.104,0.0,0.1701002,13.679974,13.709973,1465600
hardzero_plus_depr__c0p54__z1p05__lam0p030__nu0p50__psi1p00,hardzero_plus_depr,0.02,36,458,0.0,1,0.49384302,0.49384302,1.0296903,0.09339201,0.09339201,1.0,2.0757447e-09,2.222615e-08,-27.263626,2.2653637,0.75512123,0.104,0.0,0.15395847,13.709973,13.739973,1468800
hardzero_plus_depr__c0p54__z1p05__lam0p030__nu0p50__psi1p00,hardzero_plus_depr,0.02,36,459,0.0,1,0.49384302,0.49384302,1.0986758,0.0,0.07967538,0.0,0.0,2.156927e-08,-27.56285,2.4171352,0.80571175,0.192,0.0,0.17298597,13.739973,13.769973,1472000
hardzero_plus_depr__c0p54__z1p05__lam0p030__nu0p50__psi1p00,hardzero_plus_depr,0.02,36,460,0.0,1,0.49384302,0.49384302,1.060085,0.0,0.087079294,0.0,0.0,2.093181e-08,-27.354101,2.3322337,0.7774112,0.128,0.0,0.14062749,13.769973,13.799973,1475200
hardzero_plus_depr__c0p54__z1p05__lam0p030__nu0p50__psi1p00,hardzero_plus_depr,0.02,36,461,0.0,1,0.49384302,0.49384302,1.0603533,0.0,0.08702554,0.0,0.0,2.0313186e-08,-27.214306,2.3328238,0.7776079,0.136,0.0,0.15951358,13.799973,13.829972,1478400
hardzero_plus_depr__c0p54__z1p05__lam0p030__nu0p50__psi1p00,hardzero_plus_depr,0.02,36,462,0.0,1,0.49384302,0.49384302,1.0308925,0.09313383,0.09313383,1.0,1.8359327e-09,1.9712845e-08,-27.34141,2.2680087,0.7560029,0.14400001,0.0,0.17362137,13.829972,13.859972,1481600
hardzero_plus_depr__c0p54__z1p05__lam0p030__nu0p50__psi1p00,hardzero_plus_depr,0.02,36,463,0.0,1,0.49384302,0.49384302,1.0239029,0.09464487,0.09464487,1.0,1.8105799e-09,1.913025e-08,-28.077398,2.2526314,0.75087714,0.14400001,0.0,0.14194487,13.859972,13.889972,1484800
hardzero_plus_depr__c0p54__z1p05__lam0p030__nu0p50__psi1p00,hardzero_plus_depr,0.02,36,464,0.0,1,0.49384302,0.49384302,1.0533043,0.0,0.08844957,0.0,0.0,1.856487e-08,-28.589388,2.3173158,0.77243865,0.216,0.0,0.16899115,13.889972,13.919971,1488000
hardzero_plus_depr__c0p54__z1p05__lam0p030__nu0p50__psi1p00,hardzero_plus_depr,0.02,36,465,0.0,1,0.49384302,0.49384302,1.0122025,0.09722936,0.09722936,1.0,1.7517037e-09,1.80162e-08,-26.988953,2.22689,0.7422967,0.14400001,0.0,0.15178752,13.919971,13.949971,1491200
hardzero_plus_depr__c0p54__z1p05__lam0p030__nu0p50__psi1p00,hardzero_plus_depr,0.02,36,466,0.0,1,0.49384302,0.49384302,0.99613035,0.100894995,0.100894995,1.0,1.7640223e-09,1.7483744e-08,-26.414005,2.1915305,0.7305102,0.15200001,0.0,0.15177067,13.949971,13.979971,1494400
hardzero_plus_depr__c0p54__z1p05__lam0p030__nu0p50__psi1p00,hardzero_plus_depr,0.02,36,467,0.0,1,0.49384302,0.49384302,0.99590147,0.10094819,0.10094819,1.0,1.7127907e-09,1.6967027e-08,-26.93338,2.191027,0.7303423,0.2,0.0,0.1557333,13.979971,14.009971,1497600
hardzero_plus_depr__c0p54__z1p05__lam0p030__nu0p50__psi1p00,hardzero_plus_depr,0.02,36,468,0.0,1,0.49384302,0.49384302,1.0513196,0.0,0.08885471,0.0,0.0,1.646558e-08,-27.289448,2.3129494,0.77098316,0.13,0.0,0.14629295,14.009971,14.03997,1500800
hardzero_plus_depr__c0p54__z1p05__lam0p030__nu0p50__psi1p00,hardzero_plus_depr,0.02,36,469,0.0,1,0.49384302,0.49384302,0.97172457,0.10672727,0.10672727,1.0,1.7053899e-09,1.5978951e-08,-26.132236,2.1378367,0.7126123,0.16800001,0.0,0.14958666,14.03997,14.06997,1504000
hardzero_plus_depr__c0p54__z1p05__lam0p030__nu0p50__psi1p00,hardzero_plus_depr,0.02,36,470,0.0,1,0.49384302,0.49384302,1.0561992,0.0,0.08786195,0.0,0.0,1.5506709e-08,-27.959705,2.3236847,0.7745616,0.136,0.0,0.16667916,14.06997,14.09997,1507200
hardzero_plus_depr__c0p54__z1p05__lam0p030__nu0p50__psi1p00,hardzero_plus_depr,0.02,36,471,0.0,1,0.49384302,0.49384302,0.976951,0.10545057,0.10545057,1.0,1.5868644e-09,1.504842e-08,-26.698408,2.1493351,0.7164451,0.17600001,0.0,0.13995183,14.09997,14.12997,1510400
hardzero_plus_depr__c0p54__z1p05__lam0p030__nu0p50__psi1p00,hardzero_plus_depr,0.02,36,472,0.0,1,0.49384302,0.49384302,1.0493793,0.089252554,0.089252554,1.0,1.3034154e-09,1.4603676e-08,-27.106667,2.3086808,0.7695603,0.24000001,0.0,0.15316847,14.12997,14.159969,1513600
hardzero_plus_depr__c0p54__z1p05__lam0p030__nu0p50__psi1p00,hardzero_plus_depr,0.02,36,473,0.0,1,0.49384302,0.49384302,1.0572622,0.0,0.087647155,0.0,0.0,1.4172075e-08,-28.647713,2.3260233,0.77534115,0.16000001,0.0,0.16798094,14.159969,14.189969,1516800
hardzero_plus_depr__c0p54__z1p05__lam0p030__nu0p50__psi1p00,hardzero_plus_depr,0.02,36,474,0.0,1,0.49384302,0.49384302,1.0321777,0.09285863,0.09285863,1.0,1.2771061e-09,1.37532306e-08,-27.785498,2.2708364,0.7569455,0.16800001,0.0,0.16184378,14.189969,14.219969,1520000
hardzero_plus_depr__c0p54__z1p05__lam0p030__nu0p50__psi1p00,hardzero_plus_depr,0.02,36,475,0.0,1,0.49384302,0.49384302,1.0717245,0.0,0.08477649,0.0,0.0,1.3346764e-08,-28.631247,2.357841,0.785947,0.128,0.0,0.13912831,14.219969,14.249969,1523200
hardzero_plus_depr__c0p54__z1p05__lam0p030__nu0p50__psi1p00,hardzero_plus_depr,0.02,36,476,0.0,1,0.49384302,0.49384302,1.0367513,0.09188588,0.09188588,1.0,1.1901344e-09,1.295231e-08,-27.194479,2.2808983,0.76029944,0.136,0.0,0.16887014,14.249969,14.279968,1526400
hardzero_plus_depr__c0p54__z1p05__lam0p030__nu0p50__psi1p00,hardzero_plus_depr,0.02,36,477,0.0,1,0.49384302,0.49384302,1.0612483,0.0,0.08684638,0.0,0.0,1.2569517e-08,-27.375402,2.3347929,0.7782643,0.120000005,0.0,0.1667976,14.279968,14.309968,1529600
hardzero_plus_depr__c0p54__z1p05__lam0p030__nu0p50__psi1p00,hardzero_plus_depr,0.02,36,478,0.0,1,0.49384302,0.49384302,1.0951008,0.0,0.08033396,0.0,0.0,1.2198035e-08,-28.747326,2.4092698,0.80309,0.104,0.0,0.18036346,14.309968,14.339968,1532800
hardzero_plus_depr__c0p54__z1p05__lam0p030__nu0p50__psi1p00,hardzero_plus_depr,0.02,36,479,0.0,1,0.49384302,0.49384302,0.98347855,0.103877485,0.103877485,1.0,1.229653e-09,1.1837532e-08,-26.163908,2.163696,0.72123206,0.17600001,0.0,0.13083945,14.339968,14.369967,1536000
hardzero_plus_depr__c0p54__z1p05__lam0p030__nu0p50__psi1p00,hardzero_plus_depr,0.02,36,480,0.0,1,0.49384302,0.49384302,1.0654147,0.0,0.0860172,0.0,0.0,1.1487682e-08,-27.725824,2.343959,0.78131974,0.136,0.0,0.1568886,14.369967,14.399967,1539200
hardzero_plus_depr__c0p54__z1p05__lam0p030__nu0p50__psi1p00,hardzero_plus_depr,0.02,36,481,0.0,1,0.49384302,0.49384302,1.0297604,0.093376935,0.093376935,1.0,1.0409822e-09,1.1148172e-08,-26.54978,2.265518,0.75517267,0.13,0.0,0.13033107,14.399967,14.429967,1542400
hardzero_plus_depr__c0p54__z1p05__lam0p030__nu0p50__psi1p00,hardzero_plus_depr,0.02,36,482,0.0,1,0.49384302,0.49384302,1.0684774,0.0,0.085412726,0.0,0.0,1.0818697e-08,-27.626919,2.3506973,0.78356576,0.14400001,0.0,0.15576044,14.429967,14.459967,1545600
hardzero_plus_depr__c0p54__z1p05__lam0p030__nu0p50__psi1p00,hardzero_plus_depr,0.02,36,483,0.0,1,0.49384302,0.49384302,1.0506755,0.0,0.088986576,0.0,0.0,1.0498959e-08,-28.170628,2.3115323,0.7705108,0.104,0.0,0.15695313,14.459967,14.489966,1548800
hardzero_plus_depr__c0p54__z1p05__lam0p030__nu0p50__psi1p00,hardzero_plus_depr,0.02,36,484,0.0,1,0.49384302,0.49384302,1.0421042,0.09076026,0.09076026,1.0,9.247263e-10,1.01886695e-08,-27.502256,2.292675,0.764225,0.136,0.0,0.15395658,14.489966,14.519966,1552000
hardzero_plus_depr__c0p54__z1p05__lam0p030__nu0p50__psi1p00,hardzero_plus_depr,0.02,36,485,0.0,1,0.49384302,0.49384302,1.083362,0.0,0.08253496,0.0,0.0,9.887553e-09,-28.341179,2.3834438,0.7944813,0.128,0.0,0.16544466,14.519966,14.549966,1555200
hardzero_plus_depr__c0p54__z1p05__lam0p030__nu0p50__psi1p00,hardzero_plus_depr,0.02,36,486,0.0,1,0.49384302,0.49384302,1.09128,0.0,0.081043825,0.0,0.0,9.595335e-09,-28.71545,2.400864,0.80028796,0.08800001,0.0,0.17152756,14.549966,14.579966,1558400
hardzero_plus_depr__c0p54__z1p05__lam0p030__nu0p50__psi1p00,hardzero_plus_depr,0.02,36,487,0.0,1,0.49384302,0.49384302,1.0532349,0.0,0.088463694,0.0,0.0,9.311751e-09,-27.620087,2.3171632,0.77238774,0.17600001,0.0,0.16731392,14.579966,14.609965,1561600
hardzero_plus_depr__c0p54__z1p05__lam0p030__nu0p50__psi1p00,hardzero_plus_depr,0.02,36,488,0.0,1,0.49384302,0.49384302,1.0511268,0.0,0.08889414,0.0,0.0,9.03655e-09,-27.427393,2.3125253,0.7708418,0.128,0.0,0.1425924,14.609965,14.639965,1564800
hardzero_plus_depr__c0p54__z1p05__lam0p030__nu0p50__psi1p00,hardzero_plus_depr,0.02,36,489,0.0,1,0.49384302,0.49384302,1.0159049,0.096404016,0.096404016,1.0,8.454133e-10,8.769482e-09,-26.689583,2.2350354,0.7450118,0.08800001,0.0,0.13893734,14.639965,14.669965,1568000
hardzero_plus_depr__c0p54__z1p05__lam0p030__nu0p50__psi1p00,hardzero_plus_depr,0.02,36,490,0.0,1,0.49384302,0.49384302,1.0751412,0.0,0.08411217,0.0,0.0,8.510307e-09,-27.8873,2.3653579,0.7884526,0.08800001,0.0,0.15024696,14.669965,14.699965,1571200
hardzero_plus_depr__c0p54__z1p05__lam0p030__nu0p50__psi1p00,hardzero_plus_depr,0.02,36,491,0.0,1,0.49384302,0.49384302,1.0530198,0.0,0.08850753,0.0,0.0,8.258792e-09,-26.9564,2.3166897,0.7722299,0.14400001,0.0,0.13895424,14.699965,14.729964,1574400
hardzero_plus_depr__c0p54__z1p05__lam0p030__nu0p50__psi1p00,hardzero_plus_depr,0.02,36,492,0.0,1,0.49384302,0.49384302,1.0160985,0.09636105,0.09636105,1.0,7.7230583e-10,8.01471e-09,-27.15449,2.2354612,0.7451538,0.14400001,0.0,0.14626119,14.729964,14.759964,1577600
hardzero_plus_depr__c0p54__z1p05__lam0p030__nu0p50__psi1p00,hardzero_plus_depr,0.02,36,493,0.0,1,0.49384302,0.49384302,1.0668185,0.0,0.0857396,0.0,0.0,7.7778415e-09,-27.98045,2.3470476,0.7823492,0.14400001,0.0,0.16168208,14.759964,14.789964,1580800
hardzero_plus_depr__c0p54__z1p05__lam0p030__nu0p50__psi1p00,hardzero_plus_depr,0.02,36,494,0.0,1,0.49384302,0.49384302,1.0232352,0.09479048,0.09479048,1.0,7.1547596e-10,7.547973e-09,-26.530231,2.2511623,0.75038743,0.21,0.0,0.13826698,14.789964,14.819963,1584000
hardzero_plus_depr__c0p54__z1p05__lam0p030__nu0p50__psi1p00,hardzero_plus_depr,0.02,36,495,0.0,1,0.49384302,0.49384302,1.070361,0.0,0.085043065,0.0,0.0,7.324899e-09,-27.988646,2.3548412,0.7849471,0.104,0.0,0.18670133,14.819963,14.849963,1587200
hardzero_plus_depr__c0p54__z1p05__lam0p030__nu0p50__psi1p00,hardzero_plus_depr,0.02,36,496,0.0,1,0.49384302,0.49384302,1.0469966,0.089743584,0.089743584,1.0,6.379348e-10,7.108417e-09,-27.837894,2.3034384,0.76781285,0.17600001,0.0,0.1462959,14.849963,14.879963,1590400
hardzero_plus_depr__c0p54__z1p05__lam0p030__nu0p50__psi1p00,hardzero_plus_depr,0.02,36,497,0.0,1,0.49384302,0.49384302,1.064767,0.0,0.08614557,0.0,0.0,6.8983335e-09,-27.567038,2.342534,0.7808447,0.192,0.0,0.14793333,14.879963,14.909963,1593600
hardzero_plus_depr__c0p54__z1p05__lam0p030__nu0p50__psi1p00,hardzero_plus_depr,0.02,36,498,0.0,1,0.49384302,0.49384302,1.0844427,0.0,0.08232984,0.0,0.0,6.6944583e-09,-28.555445,2.3858216,0.7952739,0.120000005,0.0,0.18207936,14.909963,14.939962,1596800
hardzero_plus_depr__c0p54__z1p05__lam0p030__nu0p50__psi1p00,hardzero_plus_depr,0.02,36,499,0.0,1,0.49384302,0.49384302,1.0389117,0.09142991,0.09142991,1.0,5.939845e-10,6.49661e-09,-27.990643,2.2856514,0.76188385,0.136,0.0,0.15589711,14.939962,14.969962,1600000
hardzero_plus_depr__c0p54__z1p05__lam0p030__nu0p50__psi1p00,hardzero_plus_depr,0.02,36,500,0.0,1,0.49384302,0.49384302,1.060968,0.0,0.08690242,0.0,0.0,6.3046075e-09,-28.440365,2.3341763,0.77805877,0.16800001,0.0,0.15535495,14.969962,14.999962,1603200
hardzero_plus_depr__c0p54__z1p05__lam0p030__nu0p50__psi1p00,hardzero_plus_depr,0.02,36,501,0.0,1,0.49384302,0.49384302,1.0805345,0.0,0.08307408,0.0,0.0,6.1182797e-09,-28.45831,2.3772233,0.79240775,0.15200001,0.0,0.1596873,14.999962,15.029962,1606400
hardzero_plus_depr__c0p54__z1p05__lam0p030__nu0p50__psi1p00,hardzero_plus_depr,0.02,36,502,0.0,1,0.49384302,0.49384302,1.0592587,0.0,0.08724515,0.0,0.0,5.9374585e-09,-27.258673,2.3304157,0.7768053,0.136,0.0,0.14724927,15.029962,15.059961,1609600
hardzero_plus_depr__c0p54__z1p05__lam0p030__nu0p50__psi1p00,hardzero_plus_depr,0.02,36,503,0.0,1,0.49384302,0.49384302,1.0675201,0.0,0.0856012,0.0,0.0,5.761982e-09,-28.088612,2.3485913,0.7828638,0.104,0.0,0.1616673,15.059961,15.089961,1612800
hardzero_plus_depr__c0p54__z1p05__lam0p030__nu0p50__psi1p00,hardzero_plus_depr,0.02,36,504,0.0,1,0.49384302,0.49384302,1.0055763,0.09872422,0.09872422,1.0,5.5203536e-10,5.591691e-09,-27.41727,2.212312,0.73743737,0.16800001,0.008,0.1372685,15.089961,15.119961,1616000
hardzero_plus_depr__c0p54__z1p05__lam0p030__nu0p50__psi1p00,hardzero_plus_depr,0.02,36,505,0.0,1,0.49384302,0.49384302,1.0227966,0.094886266,0.094886266,1.0,5.1489396e-10,5.426433e-09,-27.47598,2.2501974,0.7500658,0.2,0.0,0.15528323,15.119961,15.1499605,1619200
hardzero_plus_depr__c0p54__z1p05__lam0p030__nu0p50__psi1p00,hardzero_plus_depr,0.02,36,506,0.0,1,0.49384302,0.49384302,1.0623742,0.0,0.086621515,0.0,0.0,5.2660587e-09,-27.69085,2.33727,0.77909005,0.128,0.0,0.16185272,15.1499605,15.17996,1622400
hardzero_plus_depr__c0p54__z1p05__lam0p030__nu0p50__psi1p00,hardzero_plus_depr,0.02,36,507,0.0,1,0.49384302,0.49384302,1.0379058,0.09164191,0.09164191,1.0,4.683291e-10,5.110425e-09,-27.983202,2.2834384,0.7611462,0.17999999,0.0,0.16329825,15.17996,15.20996,1625600
hardzero_plus_depr__c0p54__z1p05__lam0p030__nu0p50__psi1p00,hardzero_plus_depr,0.02,36,508,0.0,1,0.49384302,0.49384302,1.0424157,0.09069519,0.09069519,1.0,4.4979281e-10,4.9593902e-09,-27.54206,2.2933605,0.76445353,0.14400001,0.0,0.1652698,15.20996,15.23996,1628800
hardzero_plus_depr__c0p54__z1p05__lam0p030__nu0p50__psi1p00,hardzero_plus_depr,0.02,36,509,0.0,1,0.49384302,0.49384302,1.0451661,0.09012263,0.09012263,1.0,4.3374396e-10,4.8128195e-09,-28.648874,2.2994113,0.76647043,0.17600001,0.0,0.15751961,15.23996,15.269959,1632000
hardzero_plus_depr__c0p54__z1p05__lam0p030__nu0p50__psi1p00,hardzero_plus_depr,0.02,36,510,0.0,1,0.49384302,0.49384302,1.02044,0.09540255,0.09540255,1.0,4.455853e-10,4.6705804e-09,-27.03334,2.2450128,0.7483376,0.128,0.0,0.14312027,15.269959,15.299959,1635200
hardzero_plus_depr__c0p54__z1p05__lam0p030__nu0p50__psi1p00,hardzero_plus_depr,0.02,36,511,0.0,1,0.49384302,0.49384302,1.0653054,0.0,0.08603886,0.0,0.0,4.532545e-09,-28.40066,2.3437185,0.7812395,0.14400001,0.0,0.16212316,15.299959,15.329959,1638400
hardzero_plus_depr__c0p54__z1p05__lam0p030__nu0p50__psi1p00,hardzero_plus_depr,0.02,36,512,0.0,1,0.49384302,0.49384302,1.0129226,0.09706827,0.09706827,1.0,4.2696344e-10,4.398589e-09,-26.582584,2.2284744,0.7428248,0.136,0.0,0.11458922,15.329959,15.359959,1641600
hardzero_plus_depr__c0p54__z1p05__lam0p030__nu0p50__psi1p00,hardzero_plus_depr,0.02,36,513,0.0,1,0.49384302,0.49384302,1.0069898,0.09840342,0.09840342,1.0,4.2004408e-10,4.2685926e-09,-27.082916,2.215422,0.738474,0.16800001,0.0,0.1559546,15.359959,15.389958,1644800
hardzero_plus_depr__c0p54__z1p05__lam0p030__nu0p50__psi1p00,hardzero_plus_depr,0.02,36,514,0.0,1,0.49384302,0.49384302,1.0521398,0.0,0.08868706,0.0,0.0,4.142438e-09,-27.336742,2.3147538,0.77158463,0.128,0.0,0.1551797,15.389958,15.419958,1648000
hardzero_plus_depr__c0p54__z1p05__lam0p030__nu0p50__psi1p00,hardzero_plus_depr,0.02,36,515,0.0,1,0.49384302,0.49384302,1.1022744,0.0,0.079017915,0.0,0.0,4.020011e-09,-28.782572,2.4250522,0.80835074,0.18400002,0.008,0.17480844,15.419958,15.449958,1651200
hardzero_plus_depr__c0p54__z1p05__lam0p030__nu0p50__psi1p00,hardzero_plus_depr,0.02,36,516,0.0,1,0.49384302,0.49384302,1.0684961,0.0,0.085409045,0.0,0.0,3.901203e-09,-28.942635,2.3507383,0.78357947,0.16000001,0.0,0.17342743,15.449958,15.479958,1654400
hardzero_plus_depr__c0p54__z1p05__lam0p030__nu0p50__psi1p00,hardzero_plus_depr,0.02,36,517,0.0,1,0.49384302,0.49384302,1.079094,0.0,0.08335006,0.0,0.0,3.7859063e-09,-28.903923,2.3740542,0.79135144,0.14400001,0.0,0.17031497,15.479958,15.509957,1657600
hardzero_plus_depr__c0p54__z1p05__lam0p030__nu0p50__psi1p00,hardzero_plus_depr,0.02,36,518,0.0,1,0.49384302,0.49384302,1.0532886,0.0,0.088452764,0.0,0.0,3.6740166e-09,-28.194397,2.3172812,0.7724271,0.16800001,0.0,0.17379405,15.509957,15.539957,1660800
hardzero_plus_depr__c0p54__z1p05__lam0p030__nu0p50__psi1p00,hardzero_plus_depr,0.02,36,519,0.0,1,0.49384302,0.49384302,1.0903223,0.0,0.08122276,0.0,0.0,3.5654337e-09,-27.72949,2.3987567,0.7995856,0.16000001,0.0,0.14768669,15.539957,15.569957,1664000
hardzero_plus_depr__c0p54__z1p05__lam0p030__nu0p50__psi1p00,hardzero_plus_depr,0.02,36,520,0.0,1,0.49384302,0.49384302,1.133776,0.0,0.07348928,0.0,0.0,3.4600605e-09,-29.518791,2.4943569,0.8314523,0.13,0.0,0.1693868,15.569957,15.5999565,1667200
hardzero_plus_depr__c0p54__z1p05__lam0p030__nu0p50__psi1p00,hardzero_plus_depr,0.02,36,521,0.0,1,0.49384302,0.49384302,0.9976657,0.10053894,0.10053894,1.0,3.3758976e-10,3.3578011e-09,-27.133537,2.1949084,0.73163617,0.192,0.0,0.1474777,15.5999565,15.629956,1670400
hardzero_plus_depr__c0p54__z1p05__lam0p030__nu0p50__psi1p00,hardzero_plus_depr,0.02,36,522,0.0,1,0.49384302,0.49384302,1.0352347,0.09220729,0.09220729,1.0,3.0046338e-10,3.258564e-09,-27.059223,2.2775617,0.7591872,0.18400002,0.0,0.15394732,15.629956,15.659956,1673600
hardzero_plus_depr__c0p54__z1p05__lam0p030__nu0p50__psi1p00,hardzero_plus_depr,0.02,36,523,0.0,1,0.49384302,0.49384302,1.1078099,0.0,0.07801715,0.0,0.0,3.1622596e-09,-27.183361,2.4372303,0.8124101,0.120000005,0.0,0.17092873,15.659956,15.689956,1676800
hardzero_plus_depr__c0p54__z1p05__lam0p030__nu0p50__psi1p00,hardzero_plus_depr,0.02,36,524,0.0,1,0.49384302,0.49384302,1.0799426,0.0,0.08318737,0.0,0.0,3.0688017e-09,-27.435581,2.3759212,0.79197377,0.15200001,0.0,0.15887426,15.689956,15.719955,1680000
hardzero_plus_depr__c0p54__z1p05__lam0p030__nu0p50__psi1p00,hardzero_plus_depr,0.02,36,525,0.0,1,0.49384302,0.49384302,1.0356101,0.09212763,0.09212763,1.0,2.7436578e-10,2.9781053e-09,-27.25801,2.2783875,0.75946254,0.18400002,0.0,0.15437877,15.719955,15.749955,1683200
hardzero_plus_depr__c0p54__z1p05__lam0p030__nu0p50__psi1p00,hardzero_plus_depr,0.02,36,526,0.0,1,0.49384302,0.49384302,1.0283942,0.09367113,0.09367113,1.0,2.7071798e-10,2.89009e-09,-27.131788,2.2625124,0.75417084,0.17600001,0.0,0.15245588,15.749955,15.779955,1686400
hardzero_plus_depr__c0p54__z1p05__lam0p030__nu0p50__psi1p00,hardzero_plus_depr,0.02,36,527,0.0,1,0.49384302,0.49384302,1.0616349,0.0,0.0867691,0.0,0.0,2.8046756e-09,-28.53618,2.3356433,0.77854776,0.16800001,0.0,0.15615001,15.779955,15.809955,1689600
hardzero_plus_depr__c0p54__z1p05__lam0p030__nu0p50__psi1p00,hardzero_plus_depr,0.02,36,528,0.0,1,0.49384302,0.49384302,1.0588186,0.0,0.0873336,0.0,0.0,2.721786e-09,-27.987188,2.3294475,0.7764825,0.17600001,0.0,0.16333136,15.809955,15.839954,1692800
hardzero_plus_depr__c0p54__z1p05__lam0p030__nu0p50__psi1p00,hardzero_plus_depr,0.02,36,529,0.0,1,0.49384302,0.49384302,0.9706986,0.1069797,0.1069797,1.0,2.8257036e-10,2.6413456e-09,-25.790937,2.1355796,0.7118599,0.16000001,0.0,0.12012607,15.839954,15.869954,1696000
hardzero_plus_depr__c0p54__z1p05__lam0p030__nu0p50__psi1p00,hardzero_plus_depr,0.02,36,530,0.0,1,0.49384302,0.49384302,1.0944092,0.0,0.080461994,0.0,0.0,2.5632825e-09,-28.711905,2.4077485,0.80258286,0.15200001,0.0,0.144164,15.869954,15.899954,1699200
hardzero_plus_depr__c0p54__z1p05__lam0p030__nu0p50__psi1p00,hardzero_plus_depr,0.02,36,531,0.0,1,0.49384302,0.49384302,1.0517701,0.0,0.08876258,0.0,0.0,2.4875269e-09,-28.565622,2.3139403,0.7713134,0.16000001,0.0,0.15450262,15.899954,15.929954,1702400
hardzero_plus_depr__c0p54__z1p05__lam0p030__nu0p50__psi1p00,hardzero_plus_depr,0.02,36,532,0.0,1,0.49384302,0.49384302,1.0381137,0.09159807,0.09159807,1.0,2.2111865e-10,2.4140099e-09,-27.588297,2.2838957,0.7612986,0.17600001,0.0,0.12659623,15.929954,15.959953,1705600
hardzero_plus_depr__c0p54__z1p05__lam0p030__nu0p50__psi1p00,hardzero_plus_depr,0.02,36,533,0.0,1,0.49384302,0.49384302,1.0959938,0.0,0.080168955,0.0,0.0,2.3426658e-09,-28.504585,2.4112344,0.8037448,0.099999994,0.0,0.13082728,15.959953,15.989953,1708800
hardzero_plus_depr__c0p54__z1p05__lam0p030__nu0p50__psi1p00,hardzero_plus_depr,0.02,36,534,0.0,1,0.49384302,0.49384302,1.0692834,0.0,0.085254356,0.0,0.0,2.27343e-09,-27.855963,2.3524704,0.7841568,0.136,0.0,0.15474844,15.989953,16.019953,1712000
hardzero_plus_depr__c0p54__z1p05__lam0p030__nu0p50__psi1p00,hardzero_plus_depr,0.02,36,535,0.0,1,0.49384302,0.49384302,1.0692294,0.0,0.08526497,0.0,0.0,2.2062407e-09,-27.933712,2.3523517,0.7841172,0.104,0.0,0.15987672,16.019953,16.049953,1715200
hardzero_plus_depr__c0p54__z1p05__lam0p030__nu0p50__psi1p00,hardzero_plus_depr,0.02,36,536,0.0,1,0.49384302,0.49384302,1.0358407,0.09207871,0.09207871,1.0,1.9714373e-10,2.141035e-09,-26.577545,2.2788951,0.75963175,0.17600001,0.0,0.16249664,16.049953,16.079954,1718400
hardzero_plus_depr__c0p54__z1p05__lam0p030__nu0p50__psi1p00,hardzero_plus_depr,0.02,36,537,0.0,1,0.49384302,0.49384302,1.0820171,0.0,0.08279095,0.0,0.0,2.0777564e-09,-28.43975,2.380485,0.79349506,0.128,0.0,0.18564309,16.079954,16.109955,1721600
hardzero_plus_depr__c0p54__z1p05__lam0p030__nu0p50__psi1p00,hardzero_plus_depr,0.02,36,538,0.0,1,0.49384302,0.49384302,1.1107609,0.0,0.07748883,0.0,0.0,2.0163482e-09,-28.334541,2.443723,0.81457436,0.15200001,0.0,0.15900528,16.109955,16.139956,1724800
hardzero_plus_depr__c0p54__z1p05__lam0p030__nu0p50__psi1p00,hardzero_plus_depr,0.02,36,539,0.0,1,0.49384302,0.49384302,1.0632439,0.0,0.08644823,0.0,0.0,1.9567545e-09,-27.805252,2.3391833,0.7797278,0.14400001,0.0,0.1616259,16.139956,16.169956,1728000
hardzero_plus_depr__c0p54__z1p05__lam0p030__nu0p50__psi1p00,hardzero_plus_depr,0.02,36,540,0.0,1,0.49384302,0.49384302,0.9999934,0.10000152,0.10000152,1.0,1.8989514e-10,1.8989226e-09,-27.105654,2.2000294,0.7333431,0.16000001,0.0,0.13348839,16.169956,16.199957,1731200
hardzero_plus_depr__c0p54__z1p05__lam0p030__nu0p50__psi1p00,hardzero_plus_depr,0.02,36,541,0.0,1,0.49384302,0.49384302,1.0464293,0.089860894,0.089860894,1.0,1.655956e-10,1.8427995e-09,-27.573181,2.3021903,0.7673968,0.14400001,0.0,0.13053483,16.199957,16.229958,1734400
hardzero_plus_depr__c0p54__z1p05__lam0p030__nu0p50__psi1p00,hardzero_plus_depr,0.02,36,542,0.0,1,0.49384302,0.49384302,1.0139719,0.09683405,0.09683405,1.0,1.7317175e-10,1.7883354e-09,-26.706013,2.2307827,0.7435943,0.17600001,0.0,0.15179858,16.229958,16.259958,1737600
hardzero_plus_depr__c0p54__z1p05__lam0p030__nu0p50__psi1p00,hardzero_plus_depr,0.02,36,543,0.0,1,0.49384302,0.49384302,1.0446379,0.0902323,0.0902323,1.0,1.5659643e-10,1.735481e-09,-27.342495,2.2982492,0.7660831,0.14400001,0.0,0.14216718,16.259958,16.289959,1740800
hardzero_plus_depr__c0p54__z1p05__lam0p030__nu0p50__psi1p00,hardzero_plus_depr,0.02,36,544,0.0,1,0.49384302,0.49384302,0.9710273,0.10689877,0.10689877,1.0,1.8003768e-10,1.6841885e-09,-26.648626,2.1363027,0.7121009,0.216,0.0,0.14671955,16.289959,16.31996,1744000
hardzero_plus_depr__c0p54__z1p05__lam0p030__nu0p50__psi1p00,hardzero_plus_depr,0.02,36,545,0.0,1,0.49384302,0.49384302,1.0761616,0.0,0.08391477,0.0,0.0,1.6344119e-09,-27.768158,2.3676028,0.78920096,0.096,0.0,0.14536455,16.31996,16.34996,1747200
hardzero_plus_depr__c0p54__z1p05__lam0p030__nu0p50__psi1p00,hardzero_plus_depr,0.02,36,546,0.0,1,0.49384302,0.49384302,1.0834969,0.0,0.082509324,0.0,0.0,1.5861068e-09,-26.878807,2.383741,0.79458034,0.12,0.0,0.13804527,16.34996,16.379961,1750400
hardzero_plus_depr__c0p54__z1p05__lam0p030__nu0p50__psi1p00,hardzero_plus_depr,0.02,36,547,0.0,1,0.49384302,0.49384302,1.0293735,0.09346014,0.09346014,1.0,1.438566e-10,1.5392294e-09,-27.478794,2.264667,0.754889,0.216,0.0,0.15056947,16.379961,16.409962,1753600
hardzero_plus_depr__c0p54__z1p05__lam0p030__nu0p50__psi1p00,hardzero_plus_depr,0.02,36,548,0.0,1,0.49384302,0.49384302,1.0404431,0.091108076,0.091108076,1.0,1.3609151e-10,1.4937371e-09,-27.987944,2.2890205,0.76300687,0.128,0.0,0.1534713,16.409962,16.439962,1756800
hardzero_plus_depr__c0p54__z1p05__lam0p030__nu0p50__psi1p00,hardzero_plus_depr,0.02,36,549,0.0,1,0.49384302,0.49384302,1.0652301,0.0,0.08605376,0.0,0.0,1.4495896e-09,-27.906252,2.343553,0.7811844,0.17600001,0.0,0.20742294,16.439962,16.469963,1760000
hardzero_plus_depr__c0p54__z1p05__lam0p030__nu0p50__psi1p00,hardzero_plus_depr,0.02,36,550,0.0,1,0.49384302,0.49384302,1.0190666,0.095704734,0.095704734,1.0,1.3463232e-10,1.4067467e-09,-27.242867,2.2419913,0.7473304,0.14400001,0.0,0.16295893,16.469963,16.499964,1763200
hardzero_plus_depr__c0p54__z1p05__lam0p030__nu0p50__psi1p00,hardzero_plus_depr,0.02,36,551,0.0,1,0.49384302,0.49384302,1.0427449,0.09062648,0.09062648,1.0,1.2372056e-10,1.3651701e-09,-28.360485,2.2940845,0.76469487,0.136,0.0,0.17395283,16.499964,16.529964,1766400
hardzero_plus_depr__c0p54__z1p05__lam0p030__nu0p50__psi1p00,hardzero_plus_depr,0.02,36,552,0.0,1,0.49384302,0.49384302,1.0046986,0.09892393,0.09892393,1.0,1.3105664e-10,1.3248224e-09,-26.885838,2.210381,0.7367937,0.16800001,0.0,0.15312701,16.529964,16.559965,1769600
hardzero_plus_depr__c0p54__z1p05__lam0p030__nu0p50__psi1p00,hardzero_plus_depr,0.02,36,553,0.0,1,0.49384302,0.49384302,1.0400933,0.09118149,0.09118149,1.0,1.1722902e-10,1.2856669e-09,-27.088501,2.288251,0.7627503,0.128,0.0,0.14275791,16.559965,16.589966,1772800
hardzero_plus_depr__c0p54__z1p05__lam0p030__nu0p50__psi1p00,hardzero_plus_depr,0.02,36,554,0.0,1,0.49384302,0.49384302,1.0484898,0.089435555,0.089435555,1.0,1.1158597e-10,1.247669e-09,-27.903965,2.3067236,0.7689079,0.104,0.0,0.14623833,16.589966,16.619967,1776000
hardzero_plus_depr__c0p54__z1p05__lam0p030__nu0p50__psi1p00,hardzero_plus_depr,0.02,36,555,0.0,1,0.49384302,0.49384302,1.0515113,0.0,0.08881548,0.0,0.0,1.2107939e-09,-28.428154,2.313371,0.77112365,0.16800001,0.0,0.16457891,16.619967,16.649967,1779200
hardzero_plus_depr__c0p54__z1p05__lam0p030__nu0p50__psi1p00,hardzero_plus_depr,0.02,36,556,0.0,1,0.49384302,0.49384302,1.0135993,0.096917175,0.096917175,1.0,1.1387853e-10,1.1750088e-09,-27.190077,2.2299628,0.74332094,0.18400002,0.0,0.15060648,16.649967,16.679968,1782400
hardzero_plus_depr__c0p54__z1p05__lam0p030__nu0p50__psi1p00,hardzero_plus_depr,0.02,36,557,0.0,1,0.49384302,0.49384302,1.059558,0.0,0.08718504,0.0,0.0,1.1402813e-09,-28.452024,2.3310742,0.77702475,0.15200001,0.0,0.15222524,16.679968,16.709969,1785600
hardzero_plus_depr__c0p54__z1p05__lam0p030__nu0p50__psi1p00,hardzero_plus_depr,0.02,36,558,0.0,1,0.49384302,0.49384302,1.0567329,0.0,0.087754026,0.0,0.0,1.1065802e-09,-28.14803,2.324859,0.774953,0.104,0.0,0.16979694,16.709969,16.73997,1788800
hardzero_plus_depr__c0p54__z1p05__lam0p030__nu0p50__psi1p00,hardzero_plus_depr,0.02,36,559,0.0,1,0.49384302,0.49384302,1.0589437,0.0,0.08730843,0.0,0.0,1.073875e-09,-28.772465,2.3297226,0.77657425,0.11,0.0,0.18966617,16.73997,16.76997,1792000
hardzero_plus_depr__c0p54__z1p05__lam0p030__nu0p50__psi1p00,hardzero_plus_depr,0.02,36,560,0.0,1,0.49384302,0.49384302,1.0774268,0.0,0.08367065,0.0,0.0,1.0421365e-09,-28.31756,2.3703864,0.7901288,0.17600001,0.0,0.16445954,16.76997,16.79997,1795200
hardzero_plus_depr__c0p54__z1p05__lam0p030__nu0p50__psi1p00,hardzero_plus_depr,0.02,36,561,0.0,1,0.49384302,0.49384302,1.0351508,0.09222512,0.09222512,1.0,9.3270586e-11,1.011336e-09,-27.17638,2.2773771,0.7591257,0.18400002,0.0,0.17260897,16.79997,16.829971,1798400
hardzero_plus_depr__c0p54__z1p05__lam0p030__nu0p50__psi1p00,hardzero_plus_depr,0.02,36,562,0.0,1,0.49384302,0.49384302,1.0555223,0.0,0.08799899,0.0,0.0,9.814458e-10,-28.163578,2.3221955,0.7740652,0.104,0.0,0.15618627,16.829971,16.859972,1801600
hardzero_plus_depr__c0p54__z1p05__lam0p030__nu0p50__psi1p00,hardzero_plus_depr,0.02,36,563,0.0,1,0.49384302,0.49384302,1.006014,0.09862476,0.09862476,1.0,9.3934076e-11,9.524391e-10,-27.10876,2.213275,0.73775834,0.23200001,0.0,0.13890187,16.859972,16.889973,1804800
hardzero_plus_depr__c0p54__z1p05__lam0p030__nu0p50__psi1p00,hardzero_plus_depr,0.02,36,564,0.0,1,0.49384302,0.49384302,1.0482153,0.0894921,0.0894921,1.0,8.271661e-11,9.242896e-10,-27.166388,2.3061197,0.76870656,0.16000001,0.0,0.14842525,16.889973,16.919973,1808000
hardzero_plus_depr__c0p54__z1p05__lam0p030__nu0p50__psi1p00,hardzero_plus_depr,0.02,36,565,0.0,1,0.49384302,0.49384302,1.0508536,0.0,0.08895009,0.0,0.0,8.9697205e-10,-27.49622,2.311924,0.7706413,0.128,0.0,0.16473557,16.919973,16.949974,1811200
hardzero_plus_depr__c0p54__z1p05__lam0p030__nu0p50__psi1p00,hardzero_plus_depr,0.02,36,566,0.0,1,0.49384302,0.49384302,1.0011127,0.09974412,0.09974412,1.0,8.682346e-11,8.704619e-10,-27.138262,2.202492,0.734164,0.208,0.0,0.15593207,16.949974,16.979975,1814400
hardzero_plus_depr__c0p54__z1p05__lam0p030__nu0p50__psi1p00,hardzero_plus_depr,0.02,36,567,0.0,1,0.49384302,0.49384302,1.0422976,0.09071987,0.09071987,1.0,7.663428e-11,8.4473534e-10,-27.618145,2.2931006,0.76436687,0.16000001,0.0,0.14808531,16.979975,17.009975,1817600
hardzero_plus_depr__c0p54__z1p05__lam0p030__nu0p50__psi1p00,hardzero_plus_depr,0.02,36,568,0.0,1,0.49384302,0.49384302,1.0052259,0.09880391,0.09880391,1.0,8.099638e-11,8.1976903e-10,-26.126448,2.2115412,0.7371804,0.16800001,0.0,0.1314346,17.009975,17.039976,1820800
hardzero_plus_depr__c0p54__z1p05__lam0p030__nu0p50__psi1p00,hardzero_plus_depr,0.02,36,569,0.0,1,0.49384302,0.49384302,1.0437521,0.09041656,0.09041656,1.0,7.193005e-11,7.955407e-10,-26.988014,2.2963004,0.7654335,0.15200001,0.0,0.14124054,17.039976,17.069977,1824000
hardzero_plus_depr__c0p54__z1p05__lam0p030__nu0p50__psi1p00,hardzero_plus_depr,0.02,36,570,0.0,1,0.49384302,0.49384302,1.0502094,0.0,0.08908214,0.0,0.0,7.7202833e-10,-27.242409,2.3105068,0.77016896,0.14400001,0.0,0.14176124,17.069977,17.099977,1827200
hardzero_plus_depr__c0p54__z1p05__lam0p030__nu0p50__psi1p00,hardzero_plus_depr,0.02,36,571,0.0,1,0.49384302,0.49384302,1.0308151,0.093150415,0.093150415,1.0,6.978931e-11,7.4921097e-10,-27.948685,2.2678385,0.75594616,0.136,0.0,0.16563275,17.099977,17.129978,1830400
hardzero_plus_depr__c0p54__z1p05__lam0p030__nu0p50__psi1p00,hardzero_plus_depr,0.02,36,572,0.0,1,0.49384302,0.49384302,1.0019516,0.09955163,0.09955163,1.0,7.23808e-11,7.2706796e-10,-26.224709,2.2043374,0.7347791,0.12,0.0,0.13106893,17.129978,17.159979,1833600
hardzero_plus_depr__c0p54__z1p05__lam0p030__nu0p50__psi1p00,hardzero_plus_depr,0.02,36,573,0.0,1,0.49384302,0.49384302,1.0973982,0.0,0.07991014,0.0,0.0,7.055794e-10,-28.43053,2.4143243,0.80477476,0.112,0.0,0.16753657,17.159979,17.18998,1836800
hardzero_plus_depr__c0p54__z1p05__lam0p030__nu0p50__psi1p00,hardzero_plus_depr,0.02,36,574,0.0,1,0.49384302,0.49384302,1.0643016,0.0,0.086237945,0.0,0.0,6.847259e-10,-27.849672,2.3415103,0.78050345,0.120000005,0.008,0.14769357,17.18998,17.21998,1840000
hardzero_plus_depr__c0p54__z1p05__lam0p030__nu0p50__psi1p00,hardzero_plus_depr,0.02,36,575,0.0,1,0.49384302,0.49384302,1.0046637,0.098931886,0.098931886,1.0,6.573912e-11,6.644887e-10,-26.506407,2.2103043,0.7367681,0.216,0.0,0.13057837,17.21998,17.24998,1843200
hardzero_plus_depr__c0p54__z1p05__lam0p030__nu0p50__psi1p00,hardzero_plus_depr,0.02,36,576,0.0,1,0.49384302,0.49384302,1.0412242,0.09094436,0.09094436,1.0,5.8645436e-11,6.448496e-10,-27.01908,2.290739,0.7635797,0.16000001,0.0,0.14165184,17.24998,17.279982,1846400
hardzero_plus_depr__c0p54__z1p05__lam0p030__nu0p50__psi1p00,hardzero_plus_depr,0.02,36,577,0.0,1,0.49384302,0.49384302,1.0534002,0.0,0.08843004,0.0,0.0,6.25791e-10,-26.807676,2.3175266,0.77250886,0.17600001,0.0,0.16771922,17.279982,17.309982,1849600
hardzero_plus_depr__c0p54__z1p05__lam0p030__nu0p50__psi1p00,hardzero_plus_depr,0.02,36,578,0.0,1,0.49384302,0.49384302,1.0589557,0.0,0.08730604,0.0,0.0,6.0729566e-10,-27.780453,2.3297489,0.77658296,0.16800001,0.0,0.16854933,17.309982,17.339983,1852800
hardzero_plus_depr__c0p54__z1p05__lam0p030__nu0p50__psi1p00,hardzero_plus_depr,0.02,36,579,0.0,1,0.49384302,0.49384302,1.0797915,0.0,0.08321631,0.0,0.0,5.8934696e-10,-27.214033,2.375589,0.79186296,0.14400001,0.0,0.18053699,17.339983,17.369984,1856000
hardzero_plus_depr__c0p54__z1p05__lam0p030__nu0p50__psi1p00,hardzero_plus_depr,0.02,36,580,0.0,1,0.49384302,0.49384302,1.0550355,0.0,0.0880977,0.0,0.0,5.719287e-10,-27.140282,2.3211243,0.7737081,0.128,0.0,0.14531606,17.369984,17.399984,1859200
hardzero_plus_depr__c0p54__z1p05__lam0p030__nu0p50__psi1p00,hardzero_plus_depr,0.02,36,581,0.0,1,0.49384302,0.49384302,1.0585132,0.0,0.08739504,0.0,0.0,5.550253e-10,-27.327967,2.3287754,0.77625847,0.15200001,0.0,0.14754952,17.399984,17.429985,1862400
hardzero_plus_depr__c0p54__z1p05__lam0p030__nu0p50__psi1p00,hardzero_plus_depr,0.02,36,582,0.0,1,0.49384302,0.49384302,1.0695361,0.0,0.08520476,0.0,0.0,5.386214e-10,-27.59954,2.3530264,0.78434217,0.128,0.0,0.1524162,17.429985,17.459986,1865600
hardzero_plus_depr__c0p54__z1p05__lam0p030__nu0p50__psi1p00,hardzero_plus_depr,0.02,36,583,0.0,1,0.49384302,0.49384302,0.9981171,0.1004345,0.1004345,1.0,5.2497357e-11,5.2270244e-10,-26.407576,2.1959014,0.73196715,0.16800001,0.0,0.16419342,17.459986,17.489986,1868800
hardzero_plus_depr__c0p54__z1p05__lam0p030__nu0p50__psi1p00,hardzero_plus_depr,0.02,36,584,0.0,1,0.49384302,0.49384302,1.0407717,0.09103916,0.09103916,1.0,4.617997e-11,5.072539e-10,-27.494688,2.2897434,0.76324785,0.16000001,0.0,0.14783862,17.489986,17.519987,1872000
hardzero_plus_depr__c0p54__z1p05__lam0p030__nu0p50__psi1p00,hardzero_plus_depr,0.02,36,585,0.0,1,0.49384302,0.49384302,1.0418804,0.09080706,0.09080706,1.0,4.470086e-11,4.9226195e-10,-27.476952,2.2921827,0.7640609,0.099999994,0.0,0.15099211,17.519987,17.549988,1875200
hardzero_plus_depr__c0p54__z1p05__lam0p030__nu0p50__psi1p00,hardzero_plus_depr,0.02,36,586,0.0,1,0.49384302,0.49384302,1.0382068,0.09157842,0.09157842,1.0,4.374821e-11,4.777131e-10,-27.26949,2.2841005,0.76136684,0.120000005,0.0,0.14262009,17.549988,17.579988,1878400
hardzero_plus_depr__c0p54__z1p05__lam0p030__nu0p50__psi1p00,hardzero_plus_depr,0.02,36,587,0.0,1,0.49384302,0.49384302,1.0389421,0.091423504,0.091423504,1.0,4.2383406e-11,4.635942e-10,-27.76059,2.2857182,0.7619061,0.120000005,0.0,0.183493,17.579988,17.60999,1881600
hardzero_plus_depr__c0p54__z1p05__lam0p030__nu0p50__psi1p00,hardzero_plus_depr,0.02,36,588,0.0,1,0.49384302,0.49384302,1.0229458,0.0948537,0.0948537,1.0,4.267398e-11,4.4989262e-10,-26.486506,2.2505257,0.75017524,0.16800001,0.0,0.18191938,17.60999,17.63999,1884800
hardzero_plus_depr__c0p54__z1p05__lam0p030__nu0p50__psi1p00,hardzero_plus_depr,0.02,36,589,0.0,1,0.49384302,0.49384302,1.0381086,0.09159914,0.09159914,1.0,3.9991815e-11,4.3659598e-10,-26.798513,2.2838845,0.76129484,0.128,0.0,0.12995724,17.63999,17.66999,1888000
hardzero_plus_depr__c0p54__z1p05__lam0p030__nu0p50__psi1p00,hardzero_plus_depr,0.02,36,590,0.0,1,0.49384302,0.49384302,1.0338343,0.0925051,0.0925051,1.0,3.91937e-11,4.2369233e-10,-27.23199,2.274481,0.75816035,0.136,0.0,0.16206564,17.66999,17.699991,1891200
hardzero_plus_depr__c0p54__z1p05__lam0p030__nu0p50__psi1p00,hardzero_plus_depr,0.02,36,591,0.0,1,0.49384302,0.49384302,1.0418373,0.09081606,0.09081606,1.0,3.7340842e-11,4.1117004e-10,-27.181723,2.292088,0.7640294,0.16800001,0.0,0.16373573,17.699991,17.729992,1894400
hardzero_plus_depr__c0p54__z1p05__lam0p030__nu0p50__psi1p00,hardzero_plus_depr,0.02,36,592,0.0,1,0.49384302,0.49384302,1.0250468,0.0943959,0.0943959,1.0,3.7665652e-11,3.9901787e-10,-27.367392,2.2551482,0.7517161,0.17600001,0.0,0.13974279,17.729992,17.759993,1897600
hardzero_plus_depr__c0p54__z1p05__lam0p030__nu0p50__psi1p00,hardzero_plus_depr,0.02,36,593,0.0,1,0.49384302,0.49384302,1.0242466,0.09457001,0.09457001,1.0,3.6619853e-11,3.872248e-10,-27.357367,2.2533875,0.75112915,0.128,0.0,0.13192952,17.759993,17.789993,1900800
hardzero_plus_depr__c0p54__z1p05__lam0p030__nu0p50__psi1p00,hardzero_plus_depr,0.02,36,594,0.0,1,0.49384302,0.49384302,1.0132056,0.09700505,0.09700505,1.0,3.645259e-11,3.7578035e-10,-27.47918,2.229097,0.74303234,0.2,0.008,0.1600519,17.789993,17.819994,1904000
hardzero_plus_depr__c0p54__z1p05__lam0p030__nu0p50__psi1p00,hardzero_plus_depr,0.02,36,595,0.0,1,0.49384302,0.49384302,1.0268602,0.094002575,0.094002575,1.0,3.4280308e-11,3.6467412e-10,-26.917927,2.2591376,0.7530459,0.16000001,0.0,0.14413606,17.819994,17.849995,1907200
hardzero_plus_depr__c0p54__z1p05__lam0p030__nu0p50__psi1p00,hardzero_plus_depr,0.02,36,596,0.0,1,0.49384302,0.49384302,1.0696638,0.0,0.08517972,0.0,0.0,3.5389613e-10,-28.000315,2.3533072,0.78443575,0.14400001,0.0,0.16357979,17.849995,17.879995,1910400
hardzero_plus_depr__c0p54__z1p05__lam0p030__nu0p50__psi1p00,hardzero_plus_depr,0.02,36,597,0.0,1,0.49384302,0.49384302,1.107088,0.0,0.07814694,0.0,0.0,3.4343667e-10,-28.096636,2.4356422,0.81188077,0.128,0.0,0.21174848,17.879995,17.909996,1913600
hardzero_plus_depr__c0p54__z1p05__lam0p030__nu0p50__psi1p00,hardzero_plus_depr,0.02,36,598,0.0,1,0.49384302,0.49384302,1.0400234,0.091196164,0.091196164,1.0,3.0394437e-11,3.3328634e-10,-27.90641,2.2880974,0.7626991,0.14,0.0,0.1339683,17.909996,17.939997,1916800
hardzero_plus_depr__c0p54__z1p05__lam0p030__nu0p50__psi1p00,hardzero_plus_depr,0.02,36,599,0.0,1,0.49384302,0.49384302,1.0352104,0.09221245,0.09221245,1.0,2.9824834e-11,3.2343606e-10,-26.909855,2.2775083,0.75916946,0.17600001,0.0,0.16346331,17.939997,17.969997,1920000
hardzero_plus_depr__c0p54__z1p05__lam0p030__nu0p50__psi1p00,hardzero_plus_depr,0.02,36,600,0.0,1,0.49384302,0.49384302,1.0466429,0.0898167,0.0898167,1.0,2.8191382e-11,3.1387684e-10,-27.840078,2.3026602,0.76755345,0.128,0.0,0.17557423,17.969997,17.999998,1923200
hardzero_plus_depr__c0p54__z1p05__lam0p030__nu0p50__psi1p00,hardzero_plus_depr,0.02,36,601,0.0,1,0.49384302,0.49384302,1.0425652,0.09066398,0.09066398,1.0,2.7616263e-11,3.0460018e-10,-27.715967,2.2936893,0.7645631,0.15200001,0.0,0.16235319,17.999998,18.029999,1926400
hardzero_plus_depr__c0p54__z1p05__lam0p030__nu0p50__psi1p00,hardzero_plus_depr,0.02,36,602,0.0,1,0.49384302,0.49384302,1.0695791,0.0,0.08519633,0.0,0.0,2.9559766e-10,-27.709303,2.353121,0.7843737,0.192,0.0,0.1717662,18.029999,18.06,1929600
hardzero_plus_depr__c0p54__z1p05__lam0p030__nu0p50__psi1p00,hardzero_plus_depr,0.02,36,603,0.0,1,0.49384302,0.49384302,1.0601887,0.0,0.08705854,0.0,0.0,2.8686126e-10,-27.521881,2.3324616,0.7774872,0.14400001,0.0,0.17808132,18.06,18.09,1932800
hardzero_plus_depr__c0p54__z1p05__lam0p030__nu0p50__psi1p00,hardzero_plus_depr,0.02,36,604,0.0,1,0.49384302,0.49384302,1.0320724,0.09288115,0.09288115,1.0,2.5856537e-11,2.7838304e-10,-27.25236,2.2706046,0.75686824,0.16000001,0.0,0.17625867,18.09,18.12,1936000
hardzero_plus_depr__c0p54__z1p05__lam0p030__nu0p50__psi1p00,hardzero_plus_depr,0.02,36,605,0.0,1,0.49384302,0.49384302,1.0819925,0.0,0.08279565,0.0,0.0,2.7015537e-10,-27.56903,2.3804312,0.79347706,0.104,0.0,0.15407102,18.12,18.150002,1939200
hardzero_plus_depr__c0p54__z1p05__lam0p030__nu0p50__psi1p00,hardzero_plus_depr,0.02,36,606,0.0,1,0.49384302,0.49384302,1.04455,0.09025059,0.09025059,1.0,2.3661078e-11,2.621709e-10,-27.723103,2.298056,0.7660186,0.17600001,0.0,0.17413704,18.150002,18.180002,1942400
hardzero_plus_depr__c0p54__z1p05__lam0p030__nu0p50__psi1p00,hardzero_plus_depr,0.02,36,607,0.0,1,0.49384302,0.49384302,1.0398523,0.091232106,0.091232106,1.0,2.3211488e-11,2.5442237e-10,-26.88508,2.2877207,0.7625736,0.136,0.0,0.14689219,18.180002,18.210003,1945600
hardzero_plus_depr__c0p54__z1p05__lam0p030__nu0p50__psi1p00,hardzero_plus_depr,0.02,36,608,0.0,1,0.49384302,0.49384302,1.0633003,0.0,0.086437,0.0,0.0,2.4690291e-10,-27.693645,2.3393073,0.7797691,0.128,0.0,0.15966749,18.210003,18.240004,1948800
hardzero_plus_depr__c0p54__z1p05__lam0p030__nu0p50__psi1p00,hardzero_plus_depr,0.02,36,609,0.0,1,0.49384302,0.49384302,1.0362331,0.09199557,0.09199557,1.0,2.204266e-11,2.3960567e-10,-26.916525,2.2797582,0.7599194,0.17600001,0.0,0.16648342,18.240004,18.270004,1952000
hardzero_plus_depr__c0p54__z1p05__lam0p030__nu0p50__psi1p00,hardzero_plus_depr,0.02,36,610,0.0,1,0.49384302,0.49384302,1.0101676,0.097686015,0.097686015,1.0,2.271435e-11,2.3252407e-10,-27.011904,2.222413,0.7408044,0.15200001,0.0,0.14428872,18.270004,18.300005,1955200
hardzero_plus_depr__c0p54__z1p05__lam0p030__nu0p50__psi1p00,hardzero_plus_depr,0.02,36,611,0.0,1,0.49384302,0.49384302,1.0562059,0.0,0.087860584,0.0,0.0,2.2565182e-10,-27.196075,2.3236992,0.7745664,0.16,0.0,0.13243559,18.300005,18.330006,1958400
hardzero_plus_depr__c0p54__z1p05__lam0p030__nu0p50__psi1p00,hardzero_plus_depr,0.02,36,612,0.0,1,0.49384302,0.49384302,1.0413686,0.09091413,0.09091413,1.0,1.9908616e-11,2.1898264e-10,-27.288572,2.2910566,0.7636856,0.080000006,0.0,0.17008755,18.330006,18.360006,1961600
hardzero_plus_depr__c0p54__z1p05__lam0p030__nu0p50__psi1p00,hardzero_plus_depr,0.02,36,613,0.0,1,0.49384302,0.49384302,1.1067829,0.0,0.07820186,0.0,0.0,2.1251058e-10,-28.256662,2.434971,0.8116571,0.104,0.0,0.17704456,18.360006,18.390007,1964800
hardzero_plus_depr__c0p54__z1p05__lam0p030__nu0p50__psi1p00,hardzero_plus_depr,0.02,36,614,0.0,1,0.49384302,0.49384302,1.0151347,0.096575126,0.096575126,1.0,1.9916669e-11,2.062298e-10,-26.452776,2.233341,0.744447,0.136,0.0,0.14663759,18.390007,18.420008,1968000
hardzero_plus_depr__c0p54__z1p05__lam0p030__nu0p50__psi1p00,hardzero_plus_depr,0.02,36,615,0.0,1,0.49384302,0.49384302,1.0387889,0.091455765,0.091455765,1.0,1.8303466e-11,2.0013464e-10,-26.796892,2.2853813,0.7617938,0.16800001,0.0,0.17607513,18.420008,18.450008,1971200
hardzero_plus_depr__c0p54__z1p05__lam0p030__nu0p50__psi1p00,hardzero_plus_depr,0.02,36,616,0.0,1,0.49384302,0.49384302,0.99161303,0.10194992,0.10194992,1.0,1.9800677e-11,1.9421964e-10,-27.162983,2.1815922,0.7271974,0.216,0.008,0.1525558,18.450008,18.48001,1974400
hardzero_plus_depr__c0p54__z1p05__lam0p030__nu0p50__psi1p00,hardzero_plus_depr,0.02,36,617,0.0,1,0.49384302,0.49384302,1.0599375,0.0,0.08710889,0.0,0.0,1.8847945e-10,-27.526194,2.331909,0.777303,0.096,0.0,0.13715898,18.48001,18.51001,1977600
hardzero_plus_depr__c0p54__z1p05__lam0p030__nu0p50__psi1p00,hardzero_plus_depr,0.02,36,618,0.0,1,0.49384302,0.49384302,1.0597303,0.0,0.08715045,0.0,0.0,1.8290892e-10,-27.550045,2.331453,0.77715105,0.128,0.0,0.1740959,18.51001,18.54001,1980800
hardzero_plus_depr__c0p54__z1p05__lam0p030__nu0p50__psi1p00,hardzero_plus_depr,0.02,36,619,0.0,1,0.49384302,0.49384302,1.0186111,0.09580517,0.09580517,1.0,1.7005708e-11,1.7750303e-10,-27.026278,2.2409892,0.7469964,0.136,0.0,0.14610896,18.54001,18.570011,1984000
hardzero_plus_depr__c0p54__z1p05__lam0p030__nu0p50__psi1p00,hardzero_plus_depr,0.02,36,620,0.0,1,0.49384302,0.49384302,0.98239344,0.10413736,0.10413736,1.0,1.793838e-11,1.722569e-10,-27.004372,2.1613088,0.7204363,0.14400001,0.0,0.13648681,18.570011,18.600012,1987200
hardzero_plus_depr__c0p54__z1p05__lam0p030__nu0p50__psi1p00,hardzero_plus_depr,0.02,36,621,0.0,1,0.49384302,0.49384302,1.0225196,0.094946824,0.094946824,1.0,1.5871865e-11,1.6716584e-10,-27.03456,2.249588,0.7498627,0.14400001,0.0,0.14253367,18.600012,18.630013,1990400
hardzero_plus_depr__c0p54__z1p05__lam0p030__nu0p50__psi1p00,hardzero_plus_depr,0.02,36,622,0.0,1,0.49384302,0.49384302,1.0360696,0.092030205,0.092030205,1.0,1.492962e-11,1.6222522e-10,-27.89278,2.2793987,0.7597996,0.112,0.0,0.1470968,18.630013,18.660013,1993600
hardzero_plus_depr__c0p54__z1p05__lam0p030__nu0p50__psi1p00,hardzero_plus_depr,0.02,36,623,0.0,1,0.49384302,0.49384302,0.99403095,0.101383924,0.101383924,1.0,1.5960936e-11,1.5743064e-10,-26.518112,2.1869118,0.72897065,0.16000001,0.0,0.11432127,18.660013,18.690014,1996800
hardzero_plus_depr__c0p54__z1p05__lam0p030__nu0p50__psi1p00,hardzero_plus_depr,0.02,36,624,0.0,1,0.49384302,0.49384302,1.0568409,0.0,0.0877322,0.0,0.0,1.5277773e-10,-27.501806,2.3250964,0.77503216,0.21,0.01,0.15800822,18.690014,18.720015,2000000
hardzero_plus_depr__c0p54__z1p05__lam0p030__nu0p50__psi1p00,hardzero_plus_depr,0.02,36,625,0.0,1,0.49384302,0.49384302,1.0287591,0.09359246,0.09359246,1.0,1.387624e-11,1.4826237e-10,-26.879519,2.2633152,0.7544384,0.16800001,0.0,0.15003124,18.720015,18.750015,2003200
hardzero_plus_depr__c0p54__z1p05__lam0p030__nu0p50__psi1p00,hardzero_plus_depr,0.02,36,626,0.0,1,0.49384302,0.49384302,1.0797426,0.0,0.08322569,0.0,0.0,1.4388046e-10,-28.475723,2.3754811,0.7918271,0.120000005,0.0,0.12107454,18.750015,18.780016,2006400
hardzero_plus_depr__c0p54__z1p05__lam0p030__nu0p50__psi1p00,hardzero_plus_depr,0.02,36,627,0.0,1,0.49384302,0.49384302,1.0685992,0.0,0.085388765,0.0,0.0,1.3962805e-10,-27.88018,2.3509653,0.7836551,0.18400002,0.0,0.18034531,18.780016,18.810017,2009600
hardzero_plus_depr__c0p54__z1p05__lam0p030__nu0p50__psi1p00,hardzero_plus_depr,0.02,36,628,0.0,1,0.49384302,0.49384302,1.0797801,0.0,0.08321849,0.0,0.0,1.3550133e-10,-28.22482,2.3755636,0.79185456,0.15200001,0.0,0.19031441,18.810017,18.840017,2012800
hardzero_plus_depr__c0p54__z1p05__lam0p030__nu0p50__psi1p00,hardzero_plus_depr,0.02,36,629,0.0,1,0.49384302,0.49384302,1.014981,0.0966093,0.0966093,1.0,1.2703793e-11,1.3149658e-10,-28.062916,2.233003,0.74433434,0.15200001,0.0,0.16513382,18.840017,18.870018,2016000
hardzero_plus_depr__c0p54__z1p05__lam0p030__nu0p50__psi1p00,hardzero_plus_depr,0.02,36,630,0.0,1,0.49384302,0.49384302,1.0652176,0.0,0.08605624,0.0,0.0,1.2761017e-10,-27.452415,2.3435256,0.78117526,0.128,0.0,0.15382141,18.870018,18.900019,2019200
hardzero_plus_depr__c0p54__z1p05__lam0p030__nu0p50__psi1p00,hardzero_plus_depr,0.02,36,631,0.0,1,0.49384302,0.49384302,1.0100938,0.097702615,0.097702615,1.0,1.209936e-11,1.2383865e-10,-26.883348,2.2222507,0.74075025,0.17600001,0.0,0.15953831,18.900019,18.93002,2022400
hardzero_plus_depr__c0p54__z1p05__lam0p030__nu0p50__psi1p00,hardzero_plus_depr,0.02,36,632,0.0,1,0.49384302,0.49384302,1.0480139,0.089533605,0.089533605,1.0,1.076002e-11,1.2017856e-10,-28.303833,2.3056767,0.7685589,0.120000005,0.0,0.17126521,18.93002,18.96002,2025600
hardzero_plus_depr__c0p54__z1p05__lam0p030__nu0p50__psi1p00,hardzero_plus_depr,0.02,36,633,0.0,1,0.49384302,0.49384302,0.9816886,0.104306504,0.104306504,1.0,1.216492e-11,1.1662667e-10,-25.970833,2.159758,0.7199194,0.14400001,0.0,0.12877299,18.96002,18.99002,2028800
hardzero_plus_depr__c0p54__z1p05__lam0p030__nu0p50__psi1p00,hardzero_plus_depr,0.02,36,634,0.0,1,0.49384302,0.49384302,1.0042119,0.099034876,0.099034876,1.0,1.1208744e-11,1.13179764e-10,-26.553356,2.2093103,0.7364368,0.14400001,0.0,0.15747471,18.99002,19.020021,2032000
hardzero_plus_depr__c0p54__z1p05__lam0p030__nu0p50__psi1p00,hardzero_plus_depr,0.02,36,635,0.0,1,0.49384302,0.49384302,1.0679431,0.0,0.08551787,0.0,0.0,1.0983472e-10,-28.598518,2.3495216,0.7831739,0.136,0.0,0.160802,19.020021,19.050022,2035200
hardzero_plus_depr__c0p54__z1p05__lam0p030__nu0p50__psi1p00,hardzero_plus_depr,0.02,36,636,0.0,1,0.49384302,0.49384302,0.9921703,0.101819195,0.101819195,1.0,1.0852759e-11,1.0658854e-10,-27.146872,2.1828182,0.72760606,0.15200001,0.0,0.1471966,19.050022,19.080023,2038400
hardzero_plus_depr__c0p54__z1p05__lam0p030__nu0p50__psi1p00,hardzero_plus_depr,0.02,36,637,0.0,1,0.49384302,0.49384302,1.0195136,0.09560628,0.09560628,1.0,9.889351e-12,1.0343829e-10,-27.110355,2.2429748,0.74765825,0.089999996,0.0,0.13378617,19.080023,19.110023,2041600
hardzero_plus_depr__c0p54__z1p05__lam0p030__nu0p50__psi1p00,hardzero_plus_depr,0.02,36,638,0.0,1,0.49384302,0.49384302,1.064671,0.0,0.086164616,0.0,0.0,1.0038117e-10,-28.52513,2.342323,0.78077435,0.128,0.0,0.1376987,19.110023,19.140024,2044800
hardzero_plus_depr__c0p54__z1p05__lam0p030__nu0p50__psi1p00,hardzero_plus_depr,0.02,36,639,0.0,1,0.49384302,0.49384302,1.008257,0.09811671,0.09811671,1.0,9.55798e-12,9.7414396e-11,-26.593803,2.2182097,0.73940325,0.136,0.0,0.13264903,19.140024,19.170025,2048000
hardzero_plus_depr__c0p54__z1p05__lam0p030__nu0p50__psi1p00,hardzero_plus_depr,0.02,36,640,0.0,1,0.49384302,0.49384302,1.0814738,0.0,0.082894586,0.0,0.0,9.4535296e-11,-28.065292,2.3792899,0.79309666,0.064,0.0,0.1549489,19.170025,19.200026,2051200
hardzero_plus_depr__c0p54__z1p05__lam0p030__nu0p50__psi1p00,hardzero_plus_depr,0.02,36,641,0.0,1,0.49384302,0.49384302,1.0212697,0.09522046,0.09522046,1.0,8.735648e-12,9.174129e-11,-27.417591,2.246838,0.7489461,0.208,0.0,0.1622714,19.200026,19.230026,2054400
hardzero_plus_depr__c0p54__z1p05__lam0p030__nu0p50__psi1p00,hardzero_plus_depr,0.02,36,642,0.0,1,0.49384302,0.49384302,1.0242457,0.09457019,0.09457019,1.0,8.419571e-12,8.902986e-11,-26.913036,2.2533855,0.75112855,0.18400002,0.0,0.15989357,19.230026,19.260027,2057600
hardzero_plus_depr__c0p54__z1p05__lam0p030__nu0p50__psi1p00,hardzero_plus_depr,0.02,36,643,0.0,1,0.49384302,0.49384302,0.98319995,0.10394415,0.10394415,1.0,8.980627e-12,8.6398576e-11,-26.287598,2.163083,0.72102773,0.17600001,0.0,0.15427399,19.260027,19.290028,2060800
hardzero_plus_depr__c0p54__z1p05__lam0p030__nu0p50__psi1p00,hardzero_plus_depr,0.02,36,644,0.0,1,0.49384302,0.49384302,1.0214142,0.095188804,0.095188804,1.0,7.9811106e-12,8.3845056e-11,-27.513948,2.247156,0.749052,0.16800001,0.0,0.1422882,19.290028,19.320028,2064000
hardzero_plus_depr__c0p54__z1p05__lam0p030__nu0p50__psi1p00,hardzero_plus_depr,0.02,36,645,0.0,1,0.49384302,0.49384302,1.0109551,0.09750905,0.09750905,1.0,7.934019e-12,8.1367e-11,-27.084826,2.2241457,0.7413819,0.112,0.0,0.14399758,19.320028,19.350029,2067200
hardzero_plus_depr__c0p54__z1p05__lam0p030__nu0p50__psi1p00,hardzero_plus_depr,0.02,36,646,0.0,1,0.49384302,0.49384302,1.074653,0.0,0.08420675,0.0,0.0,7.8962184e-11,-27.784615,2.3642838,0.78809464,0.14400001,0.0,0.14922431,19.350029,19.38003,2070400
hardzero_plus_depr__c0p54__z1p05__lam0p030__nu0p50__psi1p00,hardzero_plus_depr,0.02,36,647,0.0,1,0.49384302,0.49384302,1.0478921,0.089558735,0.089558735,1.0,6.8627473e-12,7.6628454e-11,-26.77975,2.3054087,0.7684696,0.14400001,0.0,0.16391872,19.38003,19.41003,2073600
hardzero_plus_depr__c0p54__z1p05__lam0p030__nu0p50__psi1p00,hardzero_plus_depr,0.02,36,648,0.0,1,0.49384302,0.49384302,1.0764105,0.0,0.083866686,0.0,0.0,7.436369e-11,-28.811876,2.3681505,0.78938353,0.128,0.0,0.16871646,19.41003,19.440031,2076800
hardzero_plus_depr__c0p54__z1p05__lam0p030__nu0p50__psi1p00,hardzero_plus_depr,0.02,36,649,0.0,1,0.49384302,0.49384302,1.1203355,0.0,0.07579918,0.0,0.0,7.216586e-11,-28.598385,2.4647872,0.8215958,0.096,0.0,0.16503502,19.440031,19.470032,2080000
hardzero_plus_depr__c0p54__z1p05__lam0p030__nu0p50__psi1p00,hardzero_plus_depr,0.02,36,650,0.0,1,0.49384302,0.49384302,1.0691847,0.0,0.085273735,0.0,0.0,7.0032986e-11,-28.233156,2.3522532,0.78408444,0.14,0.0,0.17577972,19.470032,19.500032,2083200
hardzero_plus_depr__c0p54__z1p05__lam0p030__nu0p50__psi1p00,hardzero_plus_depr,0.02,36,651,0.0,1,0.49384302,0.49384302,1.0009077,0.099791214,0.099791214,1.0,6.7821256e-12,6.7963156e-11,-27.084501,2.202041,0.7340137,0.16000001,0.0,0.13977872,19.500032,19.530033,2086400
hardzero_plus_depr__c0p54__z1p05__lam0p030__nu0p50__psi1p00,hardzero_plus_depr,0.02,36,652,0.0,1,0.49384302,0.49384302,1.0282727,0.09369733,0.09369733,1.0,6.17976e-12,6.595449e-11,-27.396069,2.2622452,0.7540817,0.112,0.0,0.17472795,19.530033,19.560034,2089600
hardzero_plus_depr__c0p54__z1p05__lam0p030__nu0p50__psi1p00,hardzero_plus_depr,0.02,36,653,0.0,1,0.49384302,0.49384302,1.144306,0.0,0.07172887,0.0,0.0,6.40052e-11,-29.07058,2.5175233,0.83917445,0.104,0.0,0.17137346,19.560034,19.590034,2092800
hardzero_plus_depr__c0p54__z1p05__lam0p030__nu0p50__psi1p00,hardzero_plus_depr,0.02,36,654,0.0,1,0.49384302,0.49384302,1.0278898,0.09377997,0.09377997,1.0,5.8250037e-12,6.2113516e-11,-27.07518,2.2614028,0.753801,0.15200001,0.0,0.16181996,19.590034,19.620035,2096000
hardzero_plus_depr__c0p54__z1p05__lam0p030__nu0p50__psi1p00,hardzero_plus_depr,0.02,36,655,0.0,1,0.49384302,0.49384302,1.0734442,0.0,0.08444145,0.0,0.0,6.027774e-11,-28.021118,2.3616245,0.7872082,0.120000005,0.0,0.15746374,19.620035,19.650036,2099200
hardzero_plus_depr__c0p54__z1p05__lam0p030__nu0p50__psi1p00,hardzero_plus_depr,0.02,36,656,0.0,1,0.49384302,0.49384302,1.0164887,0.09627451,0.09627451,1.0,5.6316956e-12,5.849623e-11,-26.63961,2.2363198,0.74543995,0.14400001,0.0,0.162455,19.650036,19.680037,2102400
hardzero_plus_depr__c0p54__z1p05__lam0p030__nu0p50__psi1p00,hardzero_plus_depr,0.02,36,657,0.0,1,0.49384302,0.49384302,1.0773821,0.0,0.08367928,0.0,0.0,5.676736e-11,-27.750814,2.370288,0.790096,0.14400001,0.0,0.14615707,19.680037,19.710037,2105600
hardzero_plus_depr__c0p54__z1p05__lam0p030__nu0p50__psi1p00,hardzero_plus_depr,0.02,36,658,0.0,1,0.49384302,0.49384302,1.0657408,0.0,0.085952625,0.0,0.0,5.5089593e-11,-27.617298,2.3446767,0.78155893,0.120000005,0.0,0.15434046,19.710037,19.740038,2108800
hardzero_plus_depr__c0p54__z1p05__lam0p030__nu0p50__psi1p00,hardzero_plus_depr,0.02,36,659,0.0,1,0.49384302,0.49384302,1.0063434,0.09854999,0.09854999,1.0,5.2686223e-12,5.346142e-11,-26.813562,2.2139995,0.73799986,0.14400001,0.0,0.13013035,19.740038,19.770039,2112000
hardzero_plus_depr__c0p54__z1p05__lam0p030__nu0p50__psi1p00,hardzero_plus_depr,0.02,36,660,0.0,1,0.49384302,0.49384302,1.0125965,0.0971412,0.0971412,1.0,5.039817e-12,5.1881357e-11,-26.784674,2.2277567,0.7425856,0.15200001,0.0,0.12398832,19.770039,19.80004,2115200
hardzero_plus_depr__c0p54__z1p05__lam0p030__nu0p50__psi1p00,hardzero_plus_depr,0.02,36,661,0.0,1,0.49384302,0.49384302,1.0288736,0.09356781,0.09356781,1.0,4.7109517e-12,5.0347997e-11,-26.954067,2.263567,0.7545223,0.112,0.0,0.13802706,19.80004,19.83004,2118400
hardzero_plus_depr__c0p54__z1p05__lam0p030__nu0p50__psi1p00,hardzero_plus_depr,0.02,36,662,0.0,1,0.49384302,0.49384302,1.1002967,0.0,0.07937856,0.0,0.0,4.885995e-11,-28.088997,2.4207013,0.80690044,0.128,0.0,0.16246302,19.83004,19.86004,2121600
hardzero_plus_depr__c0p54__z1p05__lam0p030__nu0p50__psi1p00,hardzero_plus_depr,0.02,36,663,0.0,1,0.49384302,0.49384302,0.9929309,0.10164105,0.10164105,1.0,4.819401e-12,4.741589e-11,-26.265995,2.1844916,0.7281639,0.19,0.0,0.15202019,19.86004,19.890041,2124800
hardzero_plus_depr__c0p54__z1p05__lam0p030__nu0p50__psi1p00,hardzero_plus_depr,0.02,36,664,0.0,1,0.49384302,0.49384302,1.040329,0.09113202,0.09113202,1.0,4.193395e-12,4.6014508e-11,-27.223076,2.2887695,0.7629232,0.112,0.0,0.14166504,19.890041,19.920042,2128000
hardzero_plus_depr__c0p54__z1p05__lam0p030__nu0p50__psi1p00,hardzero_plus_depr,0.02,36,665,0.0,1,0.49384302,0.49384302,1.1029137,0.0,0.078901686,0.0,0.0,4.4654547e-11,-28.122261,2.4264586,0.80881953,0.104,0.0,0.15516591,19.920042,19.950043,2131200
hardzero_plus_depr__c0p54__z1p05__lam0p030__nu0p50__psi1p00,hardzero_plus_depr,0.02,36,666,0.0,1,0.49384302,0.49384302,1.0141627,0.09679153,0.09679153,1.0,4.1944386e-12,4.333477e-11,-26.814606,2.2312024,0.7437341,0.216,0.0,0.15166602,19.950043,19.980043,2134400
hardzero_plus_depr__c0p54__z1p05__lam0p030__nu0p50__psi1p00,hardzero_plus_depr,0.02,36,667,0.0,1,0.49384302,0.49384302,1.0654284,0.0,0.086014494,0.0,0.0,4.205401e-11,-28.025354,2.3439891,0.78132975,0.17600001,0.0,0.16753024,19.980043,20.010044,2137600
hardzero_plus_depr__c0p54__z1p05__lam0p030__nu0p50__psi1p00,hardzero_plus_depr,0.02,36,668,0.0,1,0.49384302,0.49384302,1.0616504,0.0,0.086766,0.0,0.0,4.0811094e-11,-27.99219,2.3356776,0.7785592,0.17600001,0.0,0.16621967,20.010044,20.040045,2140800
hardzero_plus_depr__c0p54__z1p05__lam0p030__nu0p50__psi1p00,hardzero_plus_depr,0.02,36,669,0.0,1,0.49384302,0.49384302,1.0331016,0.09266131,0.09266131,1.0,3.669844e-12,3.960492e-11,-28.01098,2.2728689,0.75762296,0.14400001,0.0,0.17305598,20.040045,20.070045,2144000
hardzero_plus_depr__c0p54__z1p05__lam0p030__nu0p50__psi1p00,hardzero_plus_depr,0.02,36,670,0.0,1,0.49384302,0.49384302,1.0409238,0.09100728,0.09100728,1.0,3.4978092e-12,3.843439e-11,-27.949514,2.2900782,0.7633594,0.14400001,0.0,0.18131225,20.070045,20.100046,2147200
hardzero_plus_depr__c0p54__z1p05__lam0p030__nu0p50__psi1p00,hardzero_plus_depr,0.02,36,671,0.0,1,0.49384302,0.49384302,1.0577732,0.0,0.08754407,0.0,0.0,3.7298456e-11,-27.941818,2.3271475,0.7757158,0.192,0.0,0.15880522,20.100046,20.130047,2150400
hardzero_plus_depr__c0p54__z1p05__lam0p030__nu0p50__psi1p00,hardzero_plus_depr,0.02,36,672,0.0,1,0.49384302,0.49384302,1.0310532,0.09309938,0.09309938,1.0,3.369834e-12,3.6196095e-11,-27.125534,2.2683623,0.7561208,0.192,0.0,0.12995179,20.130047,20.160048,2153600
hardzero_plus_depr__c0p54__z1p05__lam0p030__nu0p50__psi1p00,hardzero_plus_depr,0.02,36,673,0.0,1,0.49384302,0.49384302,1.0509578,0.0,0.08892875,0.0,0.0,3.5126315e-11,-27.823025,2.3121533,0.7707178,0.104,0.0,0.15416178,20.160048,20.190048,2156800
hardzero_plus_depr__c0p54__z1p05__lam0p030__nu0p50__psi1p00,hardzero_plus_depr,0.02,36,674,0.0,1,0.49384302,0.49384302,1.071687,0.0,0.08478383,0.0,0.0,3.4088152e-11,-27.964056,2.3577585,0.78591955,0.096,0.0,0.14471443,20.190048,20.220049,2160000
hardzero_plus_depr__c0p54__z1p05__lam0p030__nu0p50__psi1p00,hardzero_plus_depr,0.02,36,675,0.0,1,0.49384302,0.49384302,1.0681933,0.0,0.08546863,0.0,0.0,3.3080674e-11,-28.09818,2.3500721,0.7833574,0.096,0.0,0.1436849,20.220049,20.25005,2163200
hardzero_plus_depr__c0p54__z1p05__lam0p030__nu0p50__psi1p00,hardzero_plus_depr,0.02,36,676,0.0,1,0.49384302,0.49384302,1.031751,0.09294991,0.09294991,1.0,2.9839679e-12,3.2102966e-11,-26.63964,2.2698977,0.75663257,0.17999999,0.0,0.13645612,20.25005,20.28005,2166400
hardzero_plus_depr__c0p54__z1p05__lam0p030__nu0p50__psi1p00,hardzero_plus_depr,0.02,36,677,0.0,1,0.49384302,0.49384302,1.0928853,0.0,0.08074483,0.0,0.0,3.115416e-11,-27.92355,2.4043956,0.8014652,0.136,0.0,0.18165468,20.28005,20.310051,2169600
hardzero_plus_depr__c0p54__z1p05__lam0p030__nu0p50__psi1p00,hardzero_plus_depr,0.02,36,678,0.0,1,0.49384302,0.49384302,1.0296015,0.09341112,0.09341112,1.0,2.8241352e-12,3.0233396e-11,-27.928604,2.2651684,0.75505614,0.16000001,0.0,0.1551471,20.310051,20.340052,2172800
hardzero_plus_depr__c0p54__z1p05__lam0p030__nu0p50__psi1p00,hardzero_plus_depr,0.02,36,679,0.0,1,0.49384302,0.49384302,1.1203909,0.0,0.07578951,0.0,0.0,2.9339843e-11,-29.53042,2.464909,0.8216364,0.16000001,0.0,0.19934705,20.340052,20.370052,2176000
hardzero_plus_depr__c0p54__z1p05__lam0p030__nu0p50__psi1p00,hardzero_plus_depr,0.02,36,680,0.0,1,0.49384302,0.49384302,1.0235345,0.09472519,0.09472519,1.0,2.6970821e-12,2.8472702e-11,-26.987364,2.251821,0.750607,0.192,0.0,0.15077095,20.370052,20.400053,2179200
hardzero_plus_depr__c0p54__z1p05__lam0p030__nu0p50__psi1p00,hardzero_plus_depr,0.02,36,681,0.0,1,0.49384302,0.49384302,0.9977498,0.10051947,0.10051947,1.0,2.777472e-12,2.7631186e-11,-26.337912,2.1950934,0.7316978,0.136,0.0,0.14002097,20.400053,20.430054,2182400
hardzero_plus_depr__c0p54__z1p05__lam0p030__nu0p50__psi1p00,hardzero_plus_depr,0.02,36,682,0.0,1,0.49384302,0.49384302,1.041367,0.090914465,0.090914465,1.0,2.4378299e-12,2.6814544e-11,-27.293098,2.2910533,0.76368445,0.14400001,0.0,0.16023985,20.430054,20.460054,2185600
hardzero_plus_depr__c0p54__z1p05__lam0p030__nu0p50__psi1p00,hardzero_plus_depr,0.02,36,683,0.0,1,0.49384302,0.49384302,1.0524669,0.0,0.08862029,0.0,0.0,2.6022035e-11,-27.424343,2.3154733,0.7718245,0.15200001,0.0,0.17408806,20.460054,20.490055,2188800
hardzero_plus_depr__c0p54__z1p05__lam0p030__nu0p50__psi1p00,hardzero_plus_depr,0.02,36,684,0.0,1,0.49384302,0.49384302,1.0212568,0.095223285,0.095223285,1.0,2.404669e-12,2.525295e-11,-27.565266,2.2468097,0.7489366,0.15200001,0.0,0.15553683,20.490055,20.520056,2192000
hardzero_plus_depr__c0p54__z1p05__lam0p030__nu0p50__psi1p00,hardzero_plus_depr,0.02,36,685,0.0,1,0.49384302,0.49384302,1.0021136,0.099514514,0.099514514,1.0,2.438762e-12,2.4506596e-11,-27.510551,2.2046938,0.734898,0.16000001,0.0,0.14328712,20.520056,20.550056,2195200
hardzero_plus_depr__c0p54__z1p05__lam0p030__nu0p50__psi1p00,hardzero_plus_depr,0.02,36,686,0.0,1,0.49384302,0.49384302,1.0862236,0.0,0.08199293,0.0,0.0,2.37823e-11,-27.747154,2.3897398,0.79657996,0.16800001,0.0,0.17929843,20.550056,20.580057,2198400
hardzero_plus_depr__c0p54__z1p05__lam0p030__nu0p50__psi1p00,hardzero_plus_depr,0.02,36,687,0.0,1,0.49384302,0.49384302,1.0378686,0.09164977,0.09164977,1.0,2.1152227e-12,2.3079412e-11,-27.122765,2.2833567,0.7611189,0.136,0.0,0.15628068,20.580057,20.610058,2201600
hardzero_plus_depr__c0p54__z1p05__lam0p030__nu0p50__psi1p00,hardzero_plus_depr,0.02,36,688,0.0,1,0.49384302,0.49384302,0.9727262,0.106481396,0.106481396,1.0,2.3848954e-12,2.2397298e-11,-25.545454,2.1400404,0.71334684,0.23200001,0.0,0.11895539,20.610058,20.640059,2204800
hardzero_plus_depr__c0p54__z1p05__lam0p030__nu0p50__psi1p00,hardzero_plus_depr,0.02,36,689,0.0,1,0.49384302,0.49384302,1.0877699,0.0,0.08170151,0.0,0.0,2.1735343e-11,-27.867455,2.3931415,0.7977139,0.14999999,0.0,0.1718835,20.640059,20.67006,2208000
hardzero_plus_depr__c0p54__z1p05__lam0p030__nu0p50__psi1p00,hardzero_plus_depr,0.02,36,690,0.0,1,0.49384302,0.49384302,0.9942055,0.10134318,0.10134318,1.0,2.1376269e-12,2.1092952e-11,-27.275549,2.1872957,0.72909856,0.17600001,0.0,0.14110088,20.67006,20.70006,2211200
hardzero_plus_depr__c0p54__z1p05__lam0p030__nu0p50__psi1p00,hardzero_plus_depr,0.02,36,691,0.0,1,0.49384302,0.49384302,1.0691754,0.0,0.08527557,0.0,0.0,2.0469546e-11,-27.814663,2.3522327,0.7840776,0.136,0.0,0.15289101,20.70006,20.73006,2214400
hardzero_plus_depr__c0p54__z1p05__lam0p030__nu0p50__psi1p00,hardzero_plus_depr,0.02,36,692,0.0,1,0.49384302,0.49384302,1.0613554,0.0,0.08682497,0.0,0.0,1.9864565e-11,-27.561493,2.3350284,0.77834284,0.128,0.0,0.16998419,20.73006,20.760061,2217600
hardzero_plus_depr__c0p54__z1p05__lam0p030__nu0p50__psi1p00,hardzero_plus_depr,0.02,36,693,0.0,1,0.49384302,0.49384302,0.9830662,0.10397615,0.10397615,1.0,2.0043964e-12,1.9277463e-11,-26.440428,2.1627889,0.7209296,0.208,0.0,0.160582,20.760061,20.790062,2220800
hardzero_plus_depr__c0p54__z1p05__lam0p030__nu0p50__psi1p00,hardzero_plus_depr,0.02,36,694,0.0,1,0.49384302,0.49384302,1.0193661,0.09563874,0.09563874,1.0,1.7891825e-12,1.8707718e-11,-27.016552,2.2426503,0.74755013,0.16800001,0.0,0.14382787,20.790062,20.820063,2224000
hardzero_plus_depr__c0p54__z1p05__lam0p030__nu0p50__psi1p00,hardzero_plus_depr,0.02,36,695,0.0,1,0.49384302,0.49384302,0.99514663,0.10112381,0.10112381,1.0,1.8358832e-12,1.8154808e-11,-26.897707,2.1893663,0.7297888,0.2,0.0,0.13693526,20.820063,20.850063,2227200
hardzero_plus_depr__c0p54__z1p05__lam0p030__nu0p50__psi1p00,hardzero_plus_depr,0.02,36,696,0.0,1,0.49384302,0.49384302,1.0650203,0.0,0.08609533,0.0,0.0,1.761824e-11,-27.779987,2.3430915,0.78103054,0.17600001,0.0,0.15571168,20.850063,20.880064,2230400
hardzero_plus_depr__c0p54__z1p05__lam0p030__nu0p50__psi1p00,hardzero_plus_depr,0.02,36,697,0.0,1,0.49384302,0.49384302,1.0892122,0.0,0.08143064,0.0,0.0,1.709753e-11,-28.18644,2.3963146,0.79877156,0.136,0.0,0.16675405,20.880064,20.910065,2233600
hardzero_plus_depr__c0p54__z1p05__lam0p030__nu0p50__psi1p00,hardzero_plus_depr,0.02,36,698,0.0,1,0.49384302,0.49384302,1.0151076,0.09658114,0.09658114,1.0,1.6024947e-12,1.6592212e-11,-26.803904,2.2332814,0.74442714,0.120000005,0.0,0.1373953,20.910065,20.940065,2236800
hardzero_plus_depr__c0p54__z1p05__lam0p030__nu0p50__psi1p00,hardzero_plus_depr,0.02,36,699,0.0,1,0.49384302,0.49384302,1.0638267,0.0,0.08633229,0.0,0.0,1.6101826e-11,-28.5595,2.3404653,0.7801551,0.128,0.0,0.14806636,20.940065,20.970066,2240000
hardzero_plus_depr__c0p54__z1p05__lam0p030__nu0p50__psi1p00,hardzero_plus_depr,0.02,36,700,0.0,1,0.49384302,0.49384302,1.0398332,0.09123611,0.09123611,1.0,1.4256494e-12,1.5625935e-11,-27.398682,2.2876787,0.7625596,0.128,0.0,0.13480185,20.970066,21.000067,2243200
hardzero_plus_depr__c0p54__z1p05__lam0p030__nu0p50__psi1p00,hardzero_plus_depr,0.02,36,701,0.0,1,0.49384302,0.49384302,1.0039357,0.09909786,0.09909786,1.0,1.5027307e-12,1.5164108e-11,-26.833666,2.2087026,0.7362342,0.208,0.0,0.15135984,21.000067,21.030067,2246400
hardzero_plus_depr__c0p54__z1p05__lam0p030__nu0p50__psi1p00,hardzero_plus_depr,0.02,36,702,0.0,1,0.49384302,0.49384302,1.0108589,0.09753065,0.09753065,1.0,1.4352544e-12,1.4715932e-11,-26.918022,2.223934,0.7413113,0.16,0.0,0.13542372,21.030067,21.060068,2249600
hardzero_plus_depr__c0p54__z1p05__lam0p030__nu0p50__psi1p00,hardzero_plus_depr,0.02,36,703,0.0,1,0.49384302,0.49384302,0.98535585,0.103429414,0.103429414,1.0,1.4770755e-12,1.4281001e-11,-26.774422,2.1678262,0.72260875,0.192,0.0,0.17339282,21.060068,21.090069,2252800
hardzero_plus_depr__c0p54__z1p05__lam0p030__nu0p50__psi1p00,hardzero_plus_depr,0.02,36,704,0.0,1,0.49384302,0.49384302,1.012524,0.09715741,0.09715741,1.0,1.346497e-12,1.3858923e-11,-27.173615,2.2275972,0.74253243,0.224,0.0,0.16372006,21.090069,21.12007,2256000
hardzero_plus_depr__c0p54__z1p05__lam0p030__nu0p50__psi1p00,hardzero_plus_depr,0.02,36,705,0.0,1,0.49384302,0.49384302,1.011053,0.09748706,0.09748706,1.0,1.3111348e-12,1.3449321e-11,-26.598549,2.224361,0.74145365,0.136,0.0,0.18210378,21.12007,21.15007,2259200
hardzero_plus_depr__c0p54__z1p05__lam0p030__nu0p50__psi1p00,hardzero_plus_depr,0.02,36,706,0.0,1,0.49384302,0.49384302,1.1101642,0.0,0.077595375,0.0,0.0,1.30518235e-11,-29.067602,2.44241,0.8141367,0.120000005,0.0,0.16955562,21.15007,21.18007,2262400
hardzero_plus_depr__c0p54__z1p05__lam0p030__nu0p50__psi1p00,hardzero_plus_depr,0.02,36,707,0.0,1,0.49384302,0.49384302,1.0563968,0.0,0.08782197,0.0,0.0,1.2666076e-11,-27.428524,2.3241193,0.7747065,0.120000005,0.0,0.13990082,21.18007,21.210072,2265600
hardzero_plus_depr__c0p54__z1p05__lam0p030__nu0p50__psi1p00,hardzero_plus_depr,0.02,36,708,0.0,1,0.49384302,0.49384302,1.0283442,0.09368192,0.09368192,1.0,1.1515126e-12,1.22917275e-11,-27.00829,2.2624023,0.7541341,0.18400002,0.0,0.12946473,21.210072,21.240072,2268800
hardzero_plus_depr__c0p54__z1p05__lam0p030__nu0p50__psi1p00,hardzero_plus_depr,0.02,36,709,0.0,1,0.49384302,0.49384302,1.0378069,0.0916628,0.0916628,1.0,1.0933946e-12,1.1928444e-11,-27.393929,2.2832208,0.7610736,0.128,0.0,0.13209099,21.240072,21.270073,2272000
hardzero_plus_depr__c0p54__z1p05__lam0p030__nu0p50__psi1p00,hardzero_plus_depr,0.02,36,710,0.0,1,0.49384302,0.49384302,1.0138675,0.09685732,0.09685732,1.0,1.1212103e-12,1.1575897e-11,-27.792046,2.2305532,0.74351776,0.15200001,0.0,0.1606615,21.270073,21.300074,2275200
hardzero_plus_depr__c0p54__z1p05__lam0p030__nu0p50__psi1p00,hardzero_plus_depr,0.02,36,711,0.0,1,0.49384302,0.49384302,1.0656676,0.0,0.085967116,0.0,0.0,1.123377e-11,-28.064253,2.3445156,0.7815052,0.16800001,0.0,0.15900528,21.300074,21.330074,2278400
hardzero_plus_depr__c0p54__z1p05__lam0p030__nu0p50__psi1p00,hardzero_plus_depr,0.02,36,712,0.0,1,0.49384302,0.49384302,1.036883,0.09185801,0.09185801,1.0,1.0014135e-12,1.0901755e-11,-27.398056,2.2811882,0.7603961,0.128,0.0,0.13472675,21.330074,21.360075,2281600
hardzero_plus_depr__c0p54__z1p05__lam0p030__nu0p50__psi1p00,hardzero_plus_depr,0.02,36,713,0.0,1,0.49384302,0.49384302,1.0709174,0.0,0.08493419,0.0,0.0,1.0579551e-11,-27.762768,2.3560653,0.7853551,0.15200001,0.0,0.18064794,21.360075,21.390076,2284800
hardzero_plus_depr__c0p54__z1p05__lam0p030__nu0p50__psi1p00,hardzero_plus_depr,0.02,36,714,0.0,1,0.49384302,0.49384302,1.0171866,0.09611991,0.09611991,1.0,9.868509e-13,1.0266872e-11,-26.54349,2.2378552,0.7459518,0.18400002,0.008,0.14943433,21.390076,21.420076,2288000
hardzero_plus_depr__c0p54__z1p05__lam0p030__nu0p50__psi1p00,hardzero_plus_depr,0.02,36,715,0.0,1,0.49384302,0.49384302,1.0013521,0.09968915,0.09968915,1.0,9.932462e-13,9.963433e-12,-25.784111,2.2030184,0.7343395,0.14999999,0.0,0.14584327,21.420076,21.450077,2291200
hardzero_plus_depr__c0p54__z1p05__lam0p030__nu0p50__psi1p00,hardzero_plus_depr,0.02,36,716,0.0,1,0.49384302,0.49384302,1.0512655,0.0,0.088865764,0.0,0.0,9.668962e-12,-26.939455,2.3128302,0.7709434,0.128,0.0,0.13740017,21.450077,21.480078,2294400
hardzero_plus_depr__c0p54__z1p05__lam0p030__nu0p50__psi1p00,hardzero_plus_depr,0.02,36,717,0.0,1,0.49384302,0.49384302,1.0377498,0.09167484,0.09167484,1.0,8.602031e-13,9.3831965e-12,-27.288614,2.2830951,0.76103175,0.14400001,0.0,0.15741971,21.480078,21.510078,2297600
hardzero_plus_depr__c0p54__z1p05__lam0p030__nu0p50__psi1p00,hardzero_plus_depr,0.02,36,718,0.0,1,0.49384302,0.49384302,1.0730771,0.0,0.084512874,0.0,0.0,9.105874e-12,-27.430044,2.3608167,0.7869389,0.15200001,0.0,0.14845444,21.510078,21.54008,2300800
hardzero_plus_depr__c0p54__z1p05__lam0p030__nu0p50__psi1p00,hardzero_plus_depr,0.02,36,719,0.0,1,0.49384302,0.49384302,1.0878264,0.0,0.08169089,0.0,0.0,8.836748e-12,-28.07545,2.3932657,0.79775524,0.136,0.0,0.14907113,21.54008,21.57008,2304000
hardzero_plus_depr__c0p54__z1p05__lam0p030__nu0p50__psi1p00,hardzero_plus_depr,0.02,36,720,0.0,1,0.49384302,0.49384302,1.0954001,0.0,0.080278605,0.0,0.0,8.575577e-12,-28.254215,2.4099283,0.80330944,0.112,0.0,0.15745346,21.57008,21.60008,2307200
hardzero_plus_depr__c0p54__z1p05__lam0p030__nu0p50__psi1p00,hardzero_plus_depr,0.02,36,721,0.0,1,0.49384302,0.49384302,1.075581,0.0,0.084027044,0.0,0.0,8.322125e-12,-28.754097,2.3663254,0.78877515,0.2,0.0,0.15802775,21.60008,21.630081,2310400
hardzero_plus_depr__c0p54__z1p05__lam0p030__nu0p50__psi1p00,hardzero_plus_depr,0.02,36,722,0.0,1,0.49384302,0.49384302,1.0778741,0.0,0.083584525,0.0,0.0,8.076164e-12,-28.181894,2.3713703,0.7904568,0.15200001,0.0,0.16409339,21.630081,21.660082,2313600
hardzero_plus_depr__c0p54__z1p05__lam0p030__nu0p50__psi1p00,hardzero_plus_depr,0.02,36,723,0.0,1,0.49384302,0.49384302,1.0288944,0.0935633,0.0935633,1.0,7.3329976e-13,7.837472e-12,-27.476511,2.263613,0.7545377,0.14400001,0.0,0.18218051,21.660082,21.690083,2316800
hardzero_plus_depr__c0p54__z1p05__lam0p030__nu0p50__psi1p00,hardzero_plus_depr,0.02,36,724,0.0,1,0.49384302,0.49384302,1.0401851,0.09116222,0.09116222,1.0,6.933647e-13,7.6058335e-12,-26.969881,2.2884529,0.7628176,0.128,0.0,0.14099427,21.690083,21.720083,2320000
hardzero_plus_depr__c0p54__z1p05__lam0p030__nu0p50__psi1p00,hardzero_plus_depr,0.02,36,725,0.0,1,0.49384302,0.49384302,1.0538701,0.0,0.08833442,0.0,0.0,7.381042e-12,-28.355509,2.3185606,0.77285355,0.16000001,0.0,0.21685384,21.720083,21.750084,2323200
hardzero_plus_depr__c0p54__z1p05__lam0p030__nu0p50__psi1p00,hardzero_plus_depr,0.02,36,726,0.0,1,0.49384302,0.49384302,1.0446888,0.09022173,0.09022173,1.0,6.4624873e-13,7.1628944e-12,-27.232664,2.2983613,0.76612043,0.17600001,0.0,0.14749055,21.750084,21.780085,2326400
hardzero_plus_depr__c0p54__z1p05__lam0p030__nu0p50__psi1p00,hardzero_plus_depr,0.02,36,727,0.0,1,0.49384302,0.49384302,1.0472978,0.08968136,0.08968136,1.0,6.2339256e-13,6.9511944e-12,-28.123623,2.3041012,0.76803374,0.136,0.0,0.16096061,21.780085,21.810085,2329600
hardzero_plus_depr__c0p54__z1p05__lam0p030__nu0p50__psi1p00,hardzero_plus_depr,0.02,36,728,0.0,1,0.49384302,0.49384302,1.0170826,0.09614295,0.09614295,1.0,6.485564e-13,6.745751e-12,-26.6927,2.2376263,0.7458755,0.17999999,0.0,0.13366057,21.810085,21.840086,2332800
hardzero_plus_depr__c0p54__z1p05__lam0p030__nu0p50__psi1p00,hardzero_plus_depr,0.02,36,729,0.0,1,0.49384302,0.49384302,1.0473498,0.08967063,0.08967063,1.0,5.8701796e-13,6.5463793e-12,-27.13392,2.3042157,0.7680719,0.18400002,0.0,0.2201741,21.840086,21.870087,2336000
hardzero_plus_depr__c0p54__z1p05__lam0p030__nu0p50__psi1p00,hardzero_plus_depr,0.02,36,730,0.0,1,0.49384302,0.49384302,1.0956223,0.0,0.080237545,0.0,0.0,6.3529004e-12,-28.633886,2.410417,0.8034724,0.15200001,0.008,0.17275234,21.870087,21.900087,2339200
hardzero_plus_depr__c0p54__z1p05__lam0p030__nu0p50__psi1p00,hardzero_plus_depr,0.02,36,731,0.0,1,0.49384302,0.49384302,1.0789558,0.0,0.083376616,0.0,0.0,6.1651396e-12,-28.227114,2.3737502,0.7912501,0.128,0.0,0.1942208,21.900087,21.930088,2342400
hardzero_plus_depr__c0p54__z1p05__lam0p030__nu0p50__psi1p00,hardzero_plus_depr,0.02,36,732,0.0,1,0.49384302,0.49384302,1.0039784,0.099088125,0.099088125,1.0,5.928371e-13,5.9829277e-12,-26.737755,2.2087965,0.73626554,0.17600001,0.0,0.13143155,21.930088,21.960089,2345600
hardzero_plus_depr__c0p54__z1p05__lam0p030__nu0p50__psi1p00,hardzero_plus_depr,0.02,36,733,0.0,1,0.49384302,0.49384302,1.0664722,0.0,0.08580801,0.0,0.0,5.806101e-12,-28.597754,2.3462856,0.7820952,0.16800001,0.0,0.16640444,21.960089,21.99009,2348800
hardzero_plus_depr__c0p54__z1p05__lam0p030__nu0p50__psi1p00,hardzero_plus_depr,0.02,36,734,0.0,1,0.49384302,0.49384302,1.0910375,0.0,0.081089094,0.0,0.0,5.6345015e-12,-27.504908,2.4003305,0.8001102,0.136,0.0,0.14438532,21.99009,22.02009,2352000
hardzero_plus_depr__c0p54__z1p05__lam0p030__nu0p50__psi1p00,hardzero_plus_depr,0.02,36,735,0.0,1,0.49384302,0.49384302,1.0097623,0.09777721,0.09777721,1.0,5.346432e-13,5.4679733e-12,-27.393152,2.2215214,0.7405071,0.17600001,0.0,0.15690738,22.02009,22.05009,2355200
hardzero_plus_depr__c0p54__z1p05__lam0p030__nu0p50__psi1p00,hardzero_plus_depr,0.02,36,736,0.0,1,0.49384302,0.49384302,1.0159086,0.09640318,0.09640318,1.0,5.115506e-13,5.3063665e-12,-27.722113,2.2350435,0.74501455,0.14400001,0.0,0.13623694,22.05009,22.080091,2358400
hardzero_plus_depr__c0p54__z1p05__lam0p030__nu0p50__psi1p00,hardzero_plus_depr,0.02,36,737,0.0,1,0.49384302,0.49384302,1.0588926,0.0,0.08731871,0.0,0.0,5.149536e-12,-27.534119,2.3296103,0.7765368,0.2,0.0,0.1483037,22.080091,22.110092,2361600
hardzero_plus_depr__c0p54__z1p05__lam0p030__nu0p50__psi1p00,hardzero_plus_depr,0.02,36,738,0.0,1,0.49384302,0.49384302,0.9897407,0.10239039,0.10239039,1.0,5.116797e-13,4.9973406e-12,-26.916819,2.177473,0.72582436,0.224,0.0,0.14350624,22.110092,22.140093,2364800
hardzero_plus_depr__c0p54__z1p05__lam0p030__nu0p50__psi1p00,hardzero_plus_depr,0.02,36,739,0.0,1,0.49384302,0.49384302,1.0250894,0.09438665,0.09438665,1.0,4.5774165e-13,4.849644e-12,-26.7728,2.2552416,0.75174725,0.192,0.0,0.14931813,22.140093,22.170094,2368000
hardzero_plus_depr__c0p54__z1p05__lam0p030__nu0p50__psi1p00,hardzero_plus_depr,0.02,36,740,0.0,1,0.49384302,0.49384302,1.023002,0.09484139,0.09484139,1.0,4.4635316e-13,4.7063117e-12,-26.392008,2.2506495,0.7502165,0.096,0.0,0.14725724,22.170094,22.200094,2371200
hardzero_plus_depr__c0p54__z1p05__lam0p030__nu0p50__psi1p00,hardzero_plus_depr,0.02,36,741,0.0,1,0.49384302,0.49384302,1.0720335,0.0,0.0847162,0.0,0.0,4.567216e-12,-27.86699,2.3585207,0.7861736,0.14,0.0,0.16722646,22.200094,22.230095,2374400
hardzero_plus_depr__c0p54__z1p05__lam0p030__nu0p50__psi1p00,hardzero_plus_depr,0.02,36,742,0.0,1,0.49384302,0.49384302,1.0495259,0.08922245,0.08922245,1.0,3.9545456e-13,4.4322315e-12,-27.909983,2.309003,0.76966774,0.15200001,0.0,0.16340211,22.230095,22.260096,2377600
hardzero_plus_depr__c0p54__z1p05__lam0p030__nu0p50__psi1p00,hardzero_plus_depr,0.02,36,743,0.0,1,0.49384302,0.49384302,1.0320305,0.09289011,0.09289011,1.0,3.9954235e-13,4.3012365e-12,-27.218927,2.2705123,0.7568375,0.128,0.0,0.12816142,22.260096,22.290096,2380800
hardzero_plus_depr__c0p54__z1p05__lam0p030__nu0p50__psi1p00,hardzero_plus_depr,0.02,36,744,0.0,1,0.49384302,0.49384302,1.0515338,0.0,0.08881088,0.0,0.0,4.1741124e-12,-27.19842,2.3134205,0.7711402,0.14400001,0.0,0.15015106,22.290096,22.320097,2384000
hardzero_plus_depr__c0p54__z1p05__lam0p030__nu0p50__psi1p00,hardzero_plus_depr,0.02,36,745,0.0,1,0.49384302,0.49384302,1.0243121,0.094555736,0.094555736,1.0,3.830213e-13,4.0507463e-12,-27.144932,2.2535317,0.75117725,0.136,0.0,0.15589242,22.320097,22.350098,2387200
hardzero_plus_depr__c0p54__z1p05__lam0p030__nu0p50__psi1p00,hardzero_plus_depr,0.02,36,746,0.0,1,0.49384302,0.49384302,1.0617679,0.0,0.08674252,0.0,0.0,3.9310256e-12,-28.60942,2.335936,0.7786454,0.128,0.0,0.16918318,22.350098,22.380098,2390400
hardzero_plus_depr__c0p54__z1p05__lam0p030__nu0p50__psi1p00,hardzero_plus_depr,0.02,36,747,0.0,1,0.49384302,0.49384302,1.13098,0.0,0.07396393,0.0,0.0,3.814844e-12,-28.786188,2.4882057,0.8294019,0.096,0.0,0.16973808,22.380098,22.410099,2393600
hardzero_plus_depr__c0p54__z1p05__lam0p030__nu0p50__psi1p00,hardzero_plus_depr,0.02,36,748,0.0,1,0.49384302,0.49384302,1.0403795,0.09112142,0.09112142,1.0,3.3734024e-13,3.702096e-12,-27.235739,2.2888806,0.7629602,0.136,0.0,0.14532381,22.410099,22.4401,2396800
hardzero_plus_depr__c0p54__z1p05__lam0p030__nu0p50__psi1p00,hardzero_plus_depr,0.02,36,749,0.0,1,0.49384302,0.49384302,1.0171409,0.096130036,0.096130036,1.0,3.4536444e-13,3.5926798e-12,-26.850815,2.2377546,0.7459182,0.224,0.0,0.14324212,22.4401,22.4701,2400000
hardzero_plus_depr__c0p54__z1p05__lam0p030__nu0p50__psi1p00,hardzero_plus_depr,0.02,36,750,0.0,1,0.49384302,0.49384302,1.0587649,0.0,0.087344386,0.0,0.0,3.4864978e-12,-28.126001,2.3293293,0.7764431,0.136,0.0,0.17587492,22.4701,22.500101,2403200
hardzero_plus_depr__c0p54__z1p05__lam0p030__nu0p50__psi1p00,hardzero_plus_depr,0.02,36,751,0.0,1,0.49384302,0.49384302,0.99383557,0.101429515,0.101429515,1.0,3.4318205e-13,3.3834537e-12,-26.870607,2.186482,0.72882736,0.16000001,0.0,0.14316556,22.500101,22.530102,2406400
hardzero_plus_depr__c0p54__z1p05__lam0p030__nu0p50__psi1p00,hardzero_plus_depr,0.02,36,752,0.0,1,0.49384302,0.49384302,1.0452218,0.09011107,0.09011107,1.0,2.9587568e-13,3.2834553e-12,-27.546299,2.2995338,0.7665113,0.128,0.0,0.17158511,22.530102,22.560102,2409600
hardzero_plus_depr__c0p54__z1p05__lam0p030__nu0p50__psi1p00,hardzero_plus_depr,0.02,36,753,0.0,1,0.49384302,0.49384302,1.0658466,0.0,0.0859317,0.0,0.0,3.1864125e-12,-28.140417,2.3449092,0.7816364,0.120000005,0.0,0.1552549,22.560102,22.590103,2412800
hardzero_plus_depr__c0p54__z1p05__lam0p030__nu0p50__psi1p00,hardzero_plus_depr,0.02,36,754,0.0,1,0.49384302,0.49384302,1.0466278,0.08981983,0.08981983,1.0,2.7774424e-13,3.0922374e-12,-27.763502,2.302627,0.76754236,0.16,0.0,0.14234775,22.590103,22.620104,2416000
hardzero_plus_depr__c0p54__z1p05__lam0p030__nu0p50__psi1p00,hardzero_plus_depr,0.02,36,755,0.0,1,0.49384302,0.49384302,1.0216918,0.095127955,0.095127955,1.0,2.8546433e-13,3.0008459e-12,-27.171526,2.2477667,0.7492556,0.128,0.0,0.13877945,22.620104,22.650105,2419200
hardzero_plus_depr__c0p54__z1p05__lam0p030__nu0p50__psi1p00,hardzero_plus_depr,0.02,36,756,0.0,1,0.49384302,0.49384302,1.0646573,0.0,0.08616733,0.0,0.0,2.9121558e-12,-27.23274,2.3422928,0.7807643,0.136,0.0,0.17306447,22.650105,22.680105,2422400
hardzero_plus_depr__c0p54__z1p05__lam0p030__nu0p50__psi1p00,hardzero_plus_depr,0.02,36,757,0.0,1,0.49384302,0.49384302,0.988951,0.102576755,0.102576755,1.0,2.8989078e-13,2.8260866e-12,-26.749651,2.1757357,0.72524524,0.136,0.0,0.15310988,22.680105,22.710106,2425600
hardzero_plus_depr__c0p54__z1p05__lam0p030__nu0p50__psi1p00,hardzero_plus_depr,0.02,36,758,0.0,1,0.49384302,0.49384302,1.0874053,0.0,0.08177012,0.0,0.0,2.7425612e-12,-28.341671,2.3923395,0.7974465,0.18400002,0.0,0.1784801,22.710106,22.740107,2428800
hardzero_plus_depr__c0p54__z1p05__lam0p030__nu0p50__psi1p00,hardzero_plus_depr,0.02,36,759,0.0,1,0.49384302,0.49384302,1.0657753,0.0,0.0859458,0.0,0.0,2.6615043e-12,-27.53746,2.3447523,0.78158414,0.112,0.0,0.15139702,22.740107,22.770107,2432000
hardzero_plus_depr__c0p54__z1p05__lam0p030__nu0p50__psi1p00,hardzero_plus_depr,0.02,36,760,0.0,1,0.49384302,0.49384302,0.9719613,0.10666909,0.10666909,1.0,2.7550951e-13,2.582843e-12,-26.329903,2.1383576,0.7127859,0.18400002,0.008,0.15556964,22.770107,22.800108,2435200
hardzero_plus_depr__c0p54__z1p05__lam0p030__nu0p50__psi1p00,hardzero_plus_depr,0.02,36,761,0.0,1,0.49384302,0.49384302,1.0585434,0.0,0.08738896,0.0,0.0,2.506507e-12,-27.89652,2.3288422,0.77628076,0.136,0.0,0.16164996,22.800108,22.830109,2438400
hardzero_plus_depr__c0p54__z1p05__lam0p030__nu0p50__psi1p00,hardzero_plus_depr,0.02,36,762,0.0,1,0.49384302,0.49384302,1.1037012,0.0,0.07875873,0.0,0.0,2.432427e-12,-29.316397,2.4281912,0.8093971,0.2,0.0,0.22379868,22.830109,22.86011,2441600
hardzero_plus_depr__c0p54__z1p05__lam0p030__nu0p50__psi1p00,hardzero_plus_depr,0.02,36,763,0.0,1,0.49384302,0.49384302,1.0785259,0.0,0.083459176,0.0,0.0,2.3605358e-12,-27.478035,2.3728044,0.7909348,0.08800001,0.0,0.12604658,22.86011,22.89011,2444800
hardzero_plus_depr__c0p54__z1p05__lam0p030__nu0p50__psi1p00,hardzero_plus_depr,0.02,36,764,0.0,1,0.49384302,0.49384302,1.0079926,0.09817646,0.09817646,1.0,2.248997e-13,2.2907702e-12,-26.224918,2.217628,0.73920935,0.128,0.0,0.13716063,22.89011,22.92011,2448000
hardzero_plus_depr__c0p54__z1p05__lam0p030__nu0p50__psi1p00,hardzero_plus_depr,0.02,36,765,0.0,1,0.49384302,0.49384302,1.0579877,0.0,0.08750086,0.0,0.0,2.2230663e-12,-27.311113,2.3276193,0.7758731,0.072000004,0.0,0.14466159,22.92011,22.950111,2451200
hardzero_plus_depr__c0p54__z1p05__lam0p030__nu0p50__psi1p00,hardzero_plus_depr,0.02,36,766,0.0,1,0.49384302,0.49384302,1.0452816,0.09009868,0.09009868,1.0,1.9437556e-13,2.157363e-12,-27.087368,2.2996655,0.7665552,0.104,0.0,0.14539501,22.950111,22.980112,2454400
hardzero_plus_depr__c0p54__z1p05__lam0p030__nu0p50__psi1p00,hardzero_plus_depr,0.02,36,767,0.0,1,0.49384302,0.49384302,1.0893921,0.0,0.0813969,0.0,0.0,2.093602e-12,-28.284393,2.3967104,0.79890347,0.08,0.0,0.16117829,22.980112,23.010113,2457600
hardzero_plus_depr__c0p54__z1p05__lam0p030__nu0p50__psi1p00,hardzero_plus_depr,0.02,36,768,0.0,1,0.49384302,0.49384302,1.0388683,0.091439046,0.091439046,1.0,1.8577905e-13,2.0317255e-12,-27.387337,2.2855558,0.76185197,0.16000001,0.0,0.16175331,23.010113,23.040113,2460800
hardzero_plus_depr__c0p54__z1p05__lam0p030__nu0p50__psi1p00,hardzero_plus_depr,0.02,36,769,0.0,1,0.49384302,0.49384302,1.0130861,0.09703176,0.09703176,1.0,1.9131532e-13,1.9716774e-12,-26.550959,2.228834,0.74294466,0.104,0.0,0.14713722,23.040113,23.070114,2464000
hardzero_plus_depr__c0p54__z1p05__lam0p030__nu0p50__psi1p00,hardzero_plus_depr,0.02,36,770,0.0,1,0.49384302,0.49384302,1.0189896,0.095721714,0.095721714,1.0,1.8315434e-13,1.9134043e-12,-26.855156,2.2418218,0.7472739,0.16000001,0.0,0.1455246,23.070114,23.100115,2467200
hardzero_plus_depr__c0p54__z1p05__lam0p030__nu0p50__psi1p00,hardzero_plus_depr,0.02,36,771,0.0,1,0.49384302,0.49384302,1.073711,0.0,0.084389605,0.0,0.0,1.8568532e-12,-28.063322,2.3622115,0.7874038,0.096,0.0,0.15733531,23.100115,23.130116,2470400
hardzero_plus_depr__c0p54__z1p05__lam0p030__nu0p50__psi1p00,hardzero_plus_depr,0.02,36,772,0.0,1,0.49384302,0.49384302,1.0545752,0.0,0.08819111,0.0,0.0,1.8019738e-12,-27.531055,2.3201118,0.7733706,0.15200001,0.0,0.19410522,23.130116,23.160116,2473600
hardzero_plus_depr__c0p54__z1p05__lam0p030__nu0p50__psi1p00,hardzero_plus_depr,0.02,36,773,0.0,1,0.49384302,0.49384302,1.0747272,0.0,0.08419238,0.0,0.0,1.7487163e-12,-27.65561,2.3644469,0.788149,0.2,0.0,0.17490032,23.160116,23.190117,2476800
hardzero_plus_depr__c0p54__z1p05__lam0p030__nu0p50__psi1p00,hardzero_plus_depr,0.02,36,774,0.0,1,0.49384302,0.49384302,1.0550704,0.0,0.0880906,0.0,0.0,1.6970326e-12,-27.446787,2.3212013,0.7737338,0.23200001,0.0,0.1663338,23.190117,23.220118,2480000
hardzero_plus_depr__c0p54__z1p05__lam0p030__nu0p50__psi1p00,hardzero_plus_depr,0.02,36,775,0.0,1,0.49384302,0.49384302,0.95209205,0.11166267,0.11166267,1.0,1.8389463e-13,1.6468765e-12,-25.350067,2.0946443,0.69821477,0.16800001,0.0,0.13676997,23.220118,23.250118,2483200
hardzero_plus_depr__c0p54__z1p05__lam0p030__nu0p50__psi1p00,hardzero_plus_depr,0.02,36,776,0.0,1,0.49384302,0.49384302,1.0716238,0.0,0.08479616,0.0,0.0,1.5982029e-12,-27.317831,2.3576195,0.7858732,0.112,0.0,0.14820965,23.250118,23.280119,2486400
hardzero_plus_depr__c0p54__z1p05__lam0p030__nu0p50__psi1p00,hardzero_plus_depr,0.02,36,777,0.0,1,0.49384302,0.49384302,1.0684863,0.0,0.085410975,0.0,0.0,1.5509679e-12,-28.301455,2.3507168,0.7835723,0.096,0.0,0.18042228,23.280119,23.31012,2489600
hardzero_plus_depr__c0p54__z1p05__lam0p030__nu0p50__psi1p00,hardzero_plus_depr,0.02,36,778,0.0,1,0.49384302,0.49384302,1.0889508,0.0,0.081479676,0.0,0.0,1.5051288e-12,-27.703403,2.3957396,0.7985799,0.120000005,0.0,0.17351755,23.31012,23.34012,2492800
hardzero_plus_depr__c0p54__z1p05__lam0p030__nu0p50__psi1p00,hardzero_plus_depr,0.02,36,779,0.0,1,0.49384302,0.49384302,1.0499507,0.089135215,0.089135215,1.0,1.3019487e-13,1.4606446e-12,-26.859192,2.3099377,0.76997924,0.136,0.0,0.15023616,23.34012,23.370121,2496000
hardzero_plus_depr__c0p54__z1p05__lam0p030__nu0p50__psi1p00,hardzero_plus_depr,0.02,36,780,0.0,1,0.49384302,0.49384302,1.0266198,0.09405463,0.09405463,1.0,1.3332007e-13,1.4174749e-12,-27.176958,2.2586086,0.75286955,0.17999999,0.0,0.1428905,23.370121,23.400122,2499200
hardzero_plus_depr__c0p54__z1p05__lam0p030__nu0p50__psi1p00,hardzero_plus_depr,0.02,36,781,0.0,1,0.49384302,0.49384302,1.0205101,0.09538716,0.09538716,1.0,1.3121279e-13,1.3755813e-12,-26.49464,2.245167,0.748389,0.192,0.0,0.1667009,23.400122,23.430122,2502400
hardzero_plus_depr__c0p54__z1p05__lam0p030__nu0p50__psi1p00,hardzero_plus_depr,0.02,36,782,0.0,1,0.49384302,0.49384302,1.0124899,0.097165056,0.097165056,1.0,1.2970815e-13,1.3349259e-12,-27.285692,2.2275224,0.74250746,0.16000001,0.0,0.1481911,23.430122,23.460123,2505600
hardzero_plus_depr__c0p54__z1p05__lam0p030__nu0p50__psi1p00,hardzero_plus_depr,0.02,36,783,0.0,1,0.49384302,0.49384302,0.9878996,0.10282541,0.10282541,1.0,1.3320742e-13,1.2954719e-12,-26.949545,2.1734226,0.7244742,0.15200001,0.0,0.13829602,23.460123,23.490124,2508800
hardzero_plus_depr__c0p54__z1p05__lam0p030__nu0p50__psi1p00,hardzero_plus_depr,0.02,36,784,0.0,1,0.49384302,0.49384302,1.0074133,0.09830753,0.09830753,1.0,1.2359066e-13,1.257184e-12,-26.615562,2.2163534,0.7387845,0.17600001,0.0,0.15522347,23.490124,23.520124,2512000
hardzero_plus_depr__c0p54__z1p05__lam0p030__nu0p50__psi1p00,hardzero_plus_depr,0.02,36,785,0.0,1,0.49384302,0.49384302,1.060614,0.0,0.08697331,0.0,0.0,1.2200278e-12,-27.853262,2.3333974,0.7777991,0.104,0.0,0.15532076,23.520124,23.550125,2515200
hardzero_plus_depr__c0p54__z1p05__lam0p030__nu0p50__psi1p00,hardzero_plus_depr,0.02,36,786,0.0,1,0.49384302,0.49384302,1.0722483,0.0,0.0846743,0.0,0.0,1.1839697e-12,-27.960821,2.3589935,0.7863312,0.15200001,0.0,0.17231551,23.550125,23.580126,2518400
hardzero_plus_depr__c0p54__z1p05__lam0p030__nu0p50__psi1p00,hardzero_plus_depr,0.02,36,787,0.0,1,0.49384302,0.49384302,1.0412105,0.090947226,0.090947226,1.0,1.044963e-13,1.1489773e-12,-27.473337,2.290709,0.7635697,0.136,0.0,0.14124773,23.580126,23.610126,2521600
hardzero_plus_depr__c0p54__z1p05__lam0p030__nu0p50__psi1p00,hardzero_plus_depr,0.02,36,788,0.0,1,0.49384302,0.49384302,1.0897422,0.0,0.08133131,0.0,0.0,1.1150192e-12,-27.91256,2.3974807,0.79916024,0.08800001,0.0,0.1500475,23.610126,23.640127,2524800
hardzero_plus_depr__c0p54__z1p05__lam0p030__nu0p50__psi1p00,hardzero_plus_depr,0.02,36,789,0.0,1,0.49384302,0.49384302,1.0216621,0.09513447,0.09513447,1.0,1.0294164e-13,1.0820647e-12,-27.010252,2.2477014,0.74923384,0.08800001,0.0,0.1319455,23.640127,23.670128,2528000
hardzero_plus_depr__c0p54__z1p05__lam0p030__nu0p50__psi1p00,hardzero_plus_depr,0.02,36,790,0.0,1,0.49384302,0.49384302,1.0416003,0.09086564,0.09086564,1.0,9.541656e-14,1.0500841e-12,-27.71256,2.2915666,0.7638556,0.16800001,0.0,0.18501228,23.670128,23.700129,2531200
hardzero_plus_depr__c0p54__z1p05__lam0p030__nu0p50__psi1p00,hardzero_plus_depr,0.02,36,791,0.0,1,0.49384302,0.49384302,1.0053186,0.09878281,0.09878281,1.0,1.00664485e-13,1.0190487e-12,-27.252466,2.2117453,0.7372484,0.120000005,0.0,0.14355512,23.700129,23.73013,2534400
hardzero_plus_depr__c0p54__z1p05__lam0p030__nu0p50__psi1p00,hardzero_plus_depr,0.02,36,792,0.0,1,0.49384302,0.49384302,1.0079548,0.098184995,0.098184995,1.0,9.709814e-14,9.889305e-13,-26.807756,2.2175448,0.73918164,0.14400001,0.0,0.13234991,23.73013,23.76013,2537600
hardzero_plus_depr__c0p54__z1p05__lam0p030__nu0p50__psi1p00,hardzero_plus_depr,0.02,36,793,0.0,1,0.49384302,0.49384302,1.0533183,0.0,0.088446714,0.0,0.0,9.597026e-13,-27.603983,2.3173463,0.7724488,0.099999994,0.0,0.13895166,23.76013,23.79013,2540800
hardzero_plus_depr__c0p54__z1p05__lam0p030__nu0p50__psi1p00,hardzero_plus_depr,0.02,36,794,0.0,1,0.49384302,0.49384302,1.0198088,0.09554131,0.09554131,1.0,8.89813e-14,9.313384e-13,-27.487177,2.2436242,0.74787474,0.120000005,0.0,0.13927506,23.79013,23.820131,2544000
hardzero_plus_depr__c0p54__z1p05__lam0p030__nu0p50__psi1p00,hardzero_plus_depr,0.02,36,795,0.0,1,0.49384302,0.49384302,1.0102332,0.09767126,0.09767126,1.0,8.827652e-14,9.038126e-13,-26.276968,2.2225573,0.7408525,0.2,0.0,0.13897756,23.820131,23.850132,2547200
hardzero_plus_depr__c0p54__z1p05__lam0p030__nu0p50__psi1p00,hardzero_plus_depr,0.02,36,796,0.0,1,0.49384302,0.49384302,1.0386834,0.09147799,0.09147799,1.0,8.023537e-14,8.771003e-13,-26.62321,2.285149,0.76171637,0.112,0.0,0.16311689,23.850132,23.880133,2550400
hardzero_plus_depr__c0p54__z1p05__lam0p030__nu0p50__psi1p00,hardzero_plus_depr,0.02,36,797,0.0,1,0.49384302,0.49384302,1.0661091,0.0,0.08587979,0.0,0.0,8.511774e-13,-28.111893,2.3454869,0.781829,0.14400001,0.0,0.14177059,23.880133,23.910133,2553600
hardzero_plus_depr__c0p54__z1p05__lam0p030__nu0p50__psi1p00,hardzero_plus_depr,0.02,36,798,0.0,1,0.49384302,0.49384302,1.0917354,0.0,0.08095892,0.0,0.0,8.2602084e-13,-27.91957,2.4018657,0.8006219,0.15200001,0.0,0.17370655,23.910133,23.940134,2556800
hardzero_plus_depr__c0p54__z1p05__lam0p030__nu0p50__psi1p00,hardzero_plus_depr,0.02,36,799,0.0,1,0.49384302,0.49384302,1.0556009,0.0,0.08798307,0.0,0.0,8.016077e-13,-27.261948,2.3223684,0.77412283,0.14400001,0.0,0.15847571,23.940134,23.970135,2560000
hardzero_plus_depr__c0p54__z1p05__lam0p030__nu0p50__psi1p00,hardzero_plus_depr,0.02,36,800,0.0,1,0.49384302,0.49384302,1.0254545,0.09430734,0.09430734,1.0,7.336319e-14,7.7791603e-13,-28.185715,2.2560449,0.752015,0.120000005,0.0,0.16142617,23.970135,24.000135,2563200
hardzero_plus_depr__c0p54__z1p05__lam0p030__nu0p50__psi1p00,hardzero_plus_depr,0.02,36,801,0.0,1,0.49384302,0.49384302,1.0116092,0.09736229,0.09736229,1.0,7.350119e-14,7.5492466e-13,-27.172596,2.2255847,0.7418616,0.23200001,0.0,0.13928255,24.000135,24.030136,2566400
hardzero_plus_depr__c0p54__z1p05__lam0p030__nu0p50__psi1p00,hardzero_plus_depr,0.02,36,802,0.0,1,0.49384302,0.49384302,0.99704444,0.100682855,0.100682855,1.0,7.376154e-14,7.326127e-13,-27.299925,2.1935415,0.73118055,0.17600001,0.0,0.14361206,24.030136,24.060137,2569600
hardzero_plus_depr__c0p54__z1p05__lam0p030__nu0p50__psi1p00,hardzero_plus_depr,0.02,36,803,0.0,1,0.49384302,0.49384302,1.068097,0.0,0.085487574,0.0,0.0,7.109603e-13,-28.038055,2.3498604,0.7832868,0.112,0.0,0.1623292,24.060137,24.090137,2572800
hardzero_plus_depr__c0p54__z1p05__lam0p030__nu0p50__psi1p00,hardzero_plus_depr,0.02,36,804,0.0,1,0.49384302,0.49384302,1.0503592,0.0,0.08905139,0.0,0.0,6.8994783e-13,-27.643719,2.3108366,0.7702789,0.120000005,0.0,0.14232673,24.090137,24.120138,2576000
hardzero_plus_depr__c0p54__z1p05__lam0p030__nu0p50__psi1p00,hardzero_plus_depr,0.02,36,805,0.0,1,0.49384302,0.49384302,1.0778128,0.0,0.08359632,0.0,0.0,6.6955626e-13,-27.57857,2.3712354,0.79041183,0.112,0.0,0.18317804,24.120138,24.150139,2579200
hardzero_plus_depr__c0p54__z1p05__lam0p030__nu0p50__psi1p00,hardzero_plus_depr,0.02,36,806,0.0,1,0.49384302,0.49384302,1.020708,0.09534371,0.09534371,1.0,6.195124e-14,6.4976746e-13,-26.515385,2.2456024,0.74853414,0.19,0.0,0.1456818,24.150139,24.18014,2582400
hardzero_plus_depr__c0p54__z1p05__lam0p030__nu0p50__psi1p00,hardzero_plus_depr,0.02,36,807,0.0,1,0.49384302,0.49384302,1.1265948,0.0,0.07471455,0.0,0.0,6.305635e-13,-27.871109,2.478558,0.82618606,0.14400001,0.0,0.17656757,24.18014,24.21014,2585600
hardzero_plus_depr__c0p54__z1p05__lam0p030__nu0p50__psi1p00,hardzero_plus_depr,0.02,36,808,0.0,1,0.49384302,0.49384302,1.083411,0.0,0.082525656,0.0,0.0,6.1192707e-13,-28.555859,2.3835518,0.7945173,0.120000005,0.0,0.16381887,24.21014,24.24014,2588800
hardzero_plus_depr__c0p54__z1p05__lam0p030__nu0p50__psi1p00,hardzero_plus_depr,0.02,36,809,0.0,1,0.49384302,0.49384302,1.0780287,0.0,0.083554775,0.0,0.0,5.938415e-13,-28.090391,2.3717105,0.7905702,0.14400001,0.0,0.16107349,24.24014,24.270142,2592000
hardzero_plus_depr__c0p54__z1p05__lam0p030__nu0p50__psi1p00,hardzero_plus_depr,0.02,36,810,0.0,1,0.49384302,0.49384302,1.0927348,0.0,0.0807728,0.0,0.0,5.762904e-13,-27.591019,2.4040647,0.8013549,0.128,0.0,0.18052456,24.270142,24.300142,2595200
hardzero_plus_depr__c0p54__z1p05__lam0p030__nu0p50__psi1p00,hardzero_plus_depr,0.02,36,811,0.0,1,0.49384302,0.49384302,1.0703663,0.0,0.08504205,0.0,0.0,5.592581e-13,-28.2927,2.3548527,0.7849509,0.14400001,0.0,0.1628889,24.300142,24.330143,2598400
hardzero_plus_depr__c0p54__z1p05__lam0p030__nu0p50__psi1p00,hardzero_plus_depr,0.02,36,812,0.0,1,0.49384302,0.49384302,1.0637252,0.0,0.08635246,0.0,0.0,5.427291e-13,-27.060785,2.3402421,0.78008074,0.136,0.0,0.17136683,24.330143,24.360144,2601600
hardzero_plus_depr__c0p54__z1p05__lam0p030__nu0p50__psi1p00,hardzero_plus_depr,0.02,36,813,0.0,1,0.49384302,0.49384302,1.0439178,0.09038205,0.09038205,1.0,4.7603204e-14,5.266887e-13,-26.716553,2.296665,0.765555,0.136,0.0,0.16679294,24.360144,24.390144,2604800
hardzero_plus_depr__c0p54__z1p05__lam0p030__nu0p50__psi1p00,hardzero_plus_depr,0.02,36,814,0.0,1,0.49384302,0.49384302,0.9839992,0.103753045,0.103753045,1.0,5.3030503e-14,5.111224e-13,-26.696985,2.1648414,0.7216138,0.224,0.0,0.14768703,24.390144,24.420145,2608000
hardzero_plus_depr__c0p54__z1p05__lam0p030__nu0p50__psi1p00,hardzero_plus_depr,0.02,36,815,0.0,1,0.49384302,0.49384302,1.098236,0.0,0.07975611,0.0,0.0,4.9601604e-13,-29.137314,2.4161675,0.80538917,0.14400001,0.0,0.1914642,24.420145,24.450146,2611200
hardzero_plus_depr__c0p54__z1p05__lam0p030__nu0p50__psi1p00,hardzero_plus_depr,0.02,36,816,0.0,1,0.49384302,0.49384302,1.0464205,0.08986271,0.08986271,1.0,4.325598e-14,4.813563e-13,-27.740656,2.302171,0.7673904,0.136,0.0,0.16547558,24.450146,24.480146,2614400
hardzero_plus_depr__c0p54__z1p05__lam0p030__nu0p50__psi1p00,hardzero_plus_depr,0.02,36,817,0.0,1,0.49384302,0.49384302,1.0383505,0.09154814,0.09154814,1.0,4.2764854e-14,4.671297e-13,-26.991257,2.2844167,0.7614722,0.14400001,0.0,0.12912354,24.480146,24.510147,2617600
hardzero_plus_depr__c0p54__z1p05__lam0p030__nu0p50__psi1p00,hardzero_plus_depr,0.02,36,818,0.0,1,0.49384302,0.49384302,1.0864797,0.0,0.08194461,0.0,0.0,4.5332363e-13,-28.39527,2.390303,0.79676765,0.128,0.0,0.17147852,24.510147,24.540148,2620800
hardzero_plus_depr__c0p54__z1p05__lam0p030__nu0p50__psi1p00,hardzero_plus_depr,0.02,36,819,0.0,1,0.49384302,0.49384302,1.0300305,0.09331887,0.09331887,1.0,4.105336e-14,4.3992558e-13,-27.47469,2.2661123,0.7553708,0.16,0.0,0.13187744,24.540148,24.570148,2624000
hardzero_plus_depr__c0p54__z1p05__lam0p030__nu0p50__psi1p00,hardzero_plus_depr,0.02,36,820,0.0,1,0.49384302,0.49384302,1.0156126,0.096468925,0.096468925,1.0,4.1184853e-14,4.2692352e-13,-26.917934,2.2343924,0.74479747,0.15200001,0.0,0.1495458,24.570148,24.60015,2627200
hardzero_plus_depr__c0p54__z1p05__lam0p030__nu0p50__psi1p00,hardzero_plus_depr,0.02,36,821,0.0,1,0.49384302,0.49384302,1.0597978,0.0,0.087136924,0.0,0.0,4.1430577e-13,-27.628408,2.3316016,0.7772006,0.16000001,0.0,0.16902721,24.60015,24.63015,2630400
hardzero_plus_depr__c0p54__z1p05__lam0p030__nu0p50__psi1p00,hardzero_plus_depr,0.02,36,822,0.0,1,0.49384302,0.49384302,1.0660912,0.0,0.085883304,0.0,0.0,4.0206087e-13,-27.240099,2.3454475,0.7818159,0.128,0.0,0.15795048,24.63015,24.66015,2633600
hardzero_plus_depr__c0p54__z1p05__lam0p030__nu0p50__psi1p00,hardzero_plus_depr,0.02,36,823,0.0,1,0.49384302,0.49384302,1.0203795,0.09541584,0.09541584,1.0,3.722915e-14,3.901779e-13,-27.132359,2.2448797,0.7482933,0.2,0.0,0.17330915,24.66015,24.690151,2636800
hardzero_plus_depr__c0p54__z1p05__lam0p030__nu0p50__psi1p00,hardzero_plus_depr,0.02,36,824,0.0,1,0.49384302,0.49384302,1.0239837,0.09462725,0.09462725,1.0,3.5830246e-14,3.7864617e-13,-27.227459,2.252809,0.7509364,0.136,0.0,0.16680937,24.690151,24.720152,2640000
hardzero_plus_depr__c0p54__z1p05__lam0p030__nu0p50__psi1p00,hardzero_plus_depr,0.02,36,825,0.0,1,0.49384302,0.49384302,1.0394673,0.09131301,0.09131301,1.0,3.3553445e-14,3.6745523e-13,-26.927946,2.2868738,0.7622913,0.16000001,0.0,0.14284047,24.720152,24.750153,2643200
hardzero_plus_depr__c0p54__z1p05__lam0p030__nu0p50__psi1p00,hardzero_plus_depr,0.02,36,826,0.0,1,0.49384302,0.49384302,1.0647991,0.0,0.08613921,0.0,0.0,3.5659507e-13,-27.484169,2.3426046,0.78086823,0.112,0.0,0.1536343,24.750153,24.780153,2646400
hardzero_plus_depr__c0p54__z1p05__lam0p030__nu0p50__psi1p00,hardzero_plus_depr,0.02,36,827,0.0,1,0.49384302,0.49384302,1.0158969,0.09640578,0.09640578,1.0,3.3361782e-14,3.460558e-13,-27.278881,2.2350178,0.74500597,0.128,0.0,0.15590617,24.780153,24.810154,2649600
hardzero_plus_depr__c0p54__z1p05__lam0p030__nu0p50__psi1p00,hardzero_plus_depr,0.02,36,828,0.0,1,0.49384302,0.49384302,1.0361941,0.09200384,0.09200384,1.0,3.0897475e-14,3.358281e-13,-28.365644,2.2796724,0.7598908,0.120000005,0.0,0.17650665,24.810154,24.840155,2652800
hardzero_plus_depr__c0p54__z1p05__lam0p030__nu0p50__psi1p00,hardzero_plus_depr,0.02,36,829,0.0,1,0.49384302,0.49384302,1.0622885,0.0,0.086638615,0.0,0.0,3.2590263e-13,-27.566586,2.3370814,0.77902716,0.112,0.0,0.15006727,24.840155,24.870155,2656000
hardzero_plus_depr__c0p54__z1p05__lam0p030__nu0p50__psi1p00,hardzero_plus_depr,0.02,36,830,0.0,1,0.49384302,0.49384302,1.0377228,0.09168055,0.09168055,1.0,2.8995862e-14,3.1627058e-13,-27.64255,2.2830358,0.76101196,0.112,0.0,0.15976901,24.870155,24.900156,2659200
hardzero_plus_depr__c0p54__z1p05__lam0p030__nu0p50__psi1p00,hardzero_plus_depr,0.02,36,831,0.0,1,0.49384302,0.49384302,1.062661,0.0,0.086564325,0.0,0.0,3.0692316e-13,-27.728184,2.337901,0.7793004,0.14400001,0.0,0.1567312,24.900156,24.930157,2662400
hardzero_plus_depr__c0p54__z1p05__lam0p030__nu0p50__psi1p00,hardzero_plus_depr,0.02,36,832,0.0,1,0.49384302,0.49384302,1.0515594,0.0,0.08880563,0.0,0.0,2.9785197e-13,-28.125473,2.313477,0.77115905,0.19,0.0,0.18035072,24.930157,24.960157,2665600
hardzero_plus_depr__c0p54__z1p05__lam0p030__nu0p50__psi1p00,hardzero_plus_depr,0.02,36,833,0.0,1,0.49384302,0.49384302,1.0337162,0.092530265,0.092530265,1.0,2.6745773e-14,2.8904892e-13,-27.209766,2.274221,0.7580737,0.16800001,0.0,0.14864056,24.960157,24.990158,2668800
hardzero_plus_depr__c0p54__z1p05__lam0p030__nu0p50__psi1p00,hardzero_plus_depr,0.02,36,834,0.0,1,0.49384302,0.49384302,1.0279943,0.09375744,0.09375744,1.0,2.6299531e-14,2.8050606e-13,-28.057882,2.2616324,0.7538775,0.136,0.0,0.16854024,24.990158,25.020159,2672000
hardzero_plus_depr__c0p54__z1p05__lam0p030__nu0p50__psi1p00,hardzero_plus_depr,0.02,36,835,0.0,1,0.49384302,0.49384302,1.0551239,0.0,0.08807974,0.0,0.0,2.7221565e-13,-28.04577,2.3213189,0.77377295,0.096,0.0,0.14712064,25.020159,25.05016,2675200
hardzero_plus_depr__c0p54__z1p05__lam0p030__nu0p50__psi1p00,hardzero_plus_depr,0.02,36,836,0.0,1,0.49384302,0.49384302,0.9710971,0.10688159,0.10688159,1.0,2.8234942e-14,2.641703e-13,-26.66612,2.1364563,0.7121521,0.2,0.0,0.14006071,25.05016,25.08016,2678400
hardzero_plus_depr__c0p54__z1p05__lam0p030__nu0p50__psi1p00,hardzero_plus_depr,0.02,36,837,0.0,1,0.49384302,0.49384302,1.0265708,0.09406524,0.09406524,1.0,2.4114818e-14,2.563627e-13,-27.467218,2.2585008,0.7528336,0.15200001,0.0,0.13865158,25.08016,25.11016,2681600
hardzero_plus_depr__c0p54__z1p05__lam0p030__nu0p50__psi1p00,hardzero_plus_depr,0.02,36,838,0.0,1,0.49384302,0.49384302,1.0245652,0.09450063,0.09450063,1.0,2.3510421e-14,2.4878586e-13,-28.175533,2.2540884,0.7513628,0.16800001,0.0,0.16199066,25.11016,25.140162,2684800
hardzero_plus_depr__c0p54__z1p05__lam0p030__nu0p50__psi1p00,hardzero_plus_depr,0.02,36,839,0.0,1,0.49384302,0.49384302,1.0986711,0.0,0.07967625,0.0,0.0,2.4143299e-13,-28.60776,2.4171245,0.80570817,0.120000005,0.0,0.17869566,25.140162,25.170162,2688000
hardzero_plus_depr__c0p54__z1p05__lam0p030__nu0p50__psi1p00,hardzero_plus_depr,0.02,36,840,0.0,1,0.49384302,0.49384302,1.0195439,0.0955996,0.0955996,1.0,2.2398736e-14,2.342974e-13,-27.05584,2.2430413,0.7476804,0.192,0.0,0.14067751,25.170162,25.200163,2691200
hardzero_plus_depr__c0p54__z1p05__lam0p030__nu0p50__psi1p00,hardzero_plus_depr,0.02,36,841,0.0,1,0.49384302,0.49384302,1.0677176,0.0,0.08556229,0.0,0.0,2.2737269e-13,-27.964476,2.3490255,0.7830085,0.16000001,0.0,0.15964797,25.200163,25.230164,2694400
hardzero_plus_depr__c0p54__z1p05__lam0p030__nu0p50__psi1p00,hardzero_plus_depr,0.02,36,842,0.0,1,0.49384302,0.49384302,1.0183138,0.09587076,0.09587076,1.0,2.1154138e-14,2.2065265e-13,-26.607412,2.240335,0.74677837,0.112,0.0,0.13366166,25.230164,25.260164,2697600
hardzero_plus_depr__c0p54__z1p05__lam0p030__nu0p50__psi1p00,hardzero_plus_depr,0.02,36,843,0.0,1,0.49384302,0.49384302,1.0651984,0.0,0.08606003,0.0,0.0,2.1413124e-13,-27.59175,2.3434834,0.7811612,0.096,0.0,0.1502689,25.260164,25.290165,2700800
hardzero_plus_depr__c0p54__z1p05__lam0p030__nu0p50__psi1p00,hardzero_plus_depr,0.02,36,844,0.0,1,0.49384302,0.49384302,1.0525067,0.0,0.088612154,0.0,0.0,2.0780257e-13,-27.594212,2.315561,0.7718537,0.128,0.0,0.16229679,25.290165,25.320166,2704000
hardzero_plus_depr__c0p54__z1p05__lam0p030__nu0p50__psi1p00,hardzero_plus_depr,0.02,36,845,0.0,1,0.49384302,0.49384302,1.0932169,0.0,0.080683194,0.0,0.0,2.0166093e-13,-27.753134,2.4051251,0.8017084,0.13,0.0,0.14398926,25.320166,25.350166,2707200
hardzero_plus_depr__c0p54__z1p05__lam0p030__nu0p50__psi1p00,hardzero_plus_depr,0.02,36,846,0.0,1,0.49384302,0.49384302,1.048106,0.089514636,0.089514636,1.0,1.7518088e-14,1.9570082e-13,-27.567358,2.305879,0.7686264,0.23200001,0.0,0.15519765,25.350166,25.380167,2710400
hardzero_plus_depr__c0p54__z1p05__lam0p030__nu0p50__psi1p00,hardzero_plus_depr,0.02,36,847,0.0,1,0.49384302,0.49384302,1.0958182,0.0,0.08020138,0.0,0.0,1.8991685e-13,-28.5311,2.4108481,0.80361605,0.08800001,0.0,0.17891182,25.380167,25.410168,2713600
hardzero_plus_depr__c0p54__z1p05__lam0p030__nu0p50__psi1p00,hardzero_plus_depr,0.02,36,848,0.0,1,0.49384302,0.49384302,1.0033963,0.099221036,0.099221036,1.0,1.8286818e-14,1.8430384e-13,-27.007988,2.207516,0.73583865,0.18400002,0.0,0.13009869,25.410168,25.440168,2716800
hardzero_plus_depr__c0p54__z1p05__lam0p030__nu0p50__psi1p00,hardzero_plus_depr,0.02,36,849,0.0,1,0.49384302,0.49384302,1.0700134,0.0,0.08511118,0.0,0.0,1.7885671e-13,-28.017515,2.3540766,0.7846922,0.192,0.0,0.15595068,25.440168,25.47017,2720000
hardzero_plus_depr__c0p54__z1p05__lam0p030__nu0p50__psi1p00,hardzero_plus_depr,0.02,36,850,0.0,1,0.49384302,0.49384302,1.0364248,0.09195498,0.09195498,1.0,1.5960677e-14,1.7357058e-13,-27.11648,2.28018,0.76006,0.136,0.0,0.15169342,25.47017,25.50017,2723200
hardzero_plus_depr__c0p54__z1p05__lam0p030__nu0p50__psi1p00,hardzero_plus_depr,0.02,36,851,0.0,1,0.49384302,0.49384302,1.0451692,0.090121984,0.090121984,1.0,1.518021e-14,1.6844069e-13,-28.254017,2.2994182,0.76647276,0.192,0.0,0.14808688,25.50017,25.53017,2726400
hardzero_plus_depr__c0p54__z1p05__lam0p030__nu0p50__psi1p00,hardzero_plus_depr,0.02,36,852,0.0,1,0.49384302,0.49384302,1.0724287,0.0,0.08463914,0.0,0.0,1.6346238e-13,-28.093393,2.3593903,0.78646344,0.136,0.0,0.18321426,25.53017,25.560171,2729600
hardzero_plus_depr__c0p54__z1p05__lam0p030__nu0p50__psi1p00,hardzero_plus_depr,0.02,36,853,0.0,1,0.49384302,0.49384302,1.0851325,0.0,0.08219917,0.0,0.0,1.5863123e-13,-28.510363,2.387339,0.7957797,0.128,0.0,0.1656647,25.560171,25.590172,2732800
hardzero_plus_depr__c0p54__z1p05__lam0p030__nu0p50__psi1p00,hardzero_plus_depr,0.02,36,854,0.0,1,0.49384302,0.49384302,1.062464,0.0,0.08660361,0.0,0.0,1.5394286e-13,-27.726435,2.3374674,0.77915585,0.128,0.0,0.15405415,25.590172,25.620173,2736000
hardzero_plus_depr__c0p54__z1p05__lam0p030__nu0p50__psi1p00,hardzero_plus_depr,0.02,36,855,0.0,1,0.49384302,0.49384302,1.0336567,0.09254293,0.09254293,1.0,1.3825272e-14,1.4939306e-13,-27.158005,2.2740903,0.7580301,0.120000005,0.0,0.16188993,25.620173,25.650173,2739200
hardzero_plus_depr__c0p54__z1p05__lam0p030__nu0p50__psi1p00,hardzero_plus_depr,0.02,36,856,0.0,1,0.49384302,0.49384302,1.0287739,0.093589276,0.093589276,1.0,1.3568362e-14,1.4497774e-13,-26.81368,2.2633479,0.7544493,0.15200001,0.0,0.17479968,25.650173,25.680174,2742400
hardzero_plus_depr__c0p54__z1p05__lam0p030__nu0p50__psi1p00,hardzero_plus_depr,0.02,36,857,0.0,1,0.49384302,0.49384302,0.9889762,0.10257081,0.10257081,1.0,1.4430983e-14,1.4069289e-13,-27.099771,2.175791,0.7252637,0.216,0.0,0.13666622,25.680174,25.710175,2745600
hardzero_plus_depr__c0p54__z1p05__lam0p030__nu0p50__psi1p00,hardzero_plus_depr,0.02,36,858,0.0,1,0.49384302,0.49384302,1.0622206,0.0,0.08665217,0.0,0.0,1.365347e-13,-28.72257,2.336932,0.77897733,0.12,0.0,0.16718785,25.710175,25.740175,2748800
hardzero_plus_depr__c0p54__z1p05__lam0p030__nu0p50__psi1p00,hardzero_plus_depr,0.02,36,859,0.0,1,0.49384302,0.49384302,1.0236166,0.09470728,0.09470728,1.0,1.2548659e-14,1.3249941e-13,-26.476254,2.2520013,0.7506671,0.192,0.0,0.13060237,25.740175,25.770176,2752000
hardzero_plus_depr__c0p54__z1p05__lam0p030__nu0p50__psi1p00,hardzero_plus_depr,0.02,36,860,0.0,1,0.49384302,0.49384302,1.0222533,0.09500506,0.09500506,1.0,1.2216069e-14,1.2858336e-13,-26.888927,2.2490022,0.7496674,0.16000001,0.0,0.13123205,25.770176,25.800177,2755200
hardzero_plus_depr__c0p54__z1p05__lam0p030__nu0p50__psi1p00,hardzero_plus_depr,0.02,36,861,0.0,1,0.49384302,0.49384302,1.0402635,0.09114575,0.09114575,1.0,1.1373447e-14,1.2478308e-13,-27.2672,2.2886255,0.7628752,0.120000005,0.0,0.14223285,25.800177,25.830177,2758400
hardzero_plus_depr__c0p54__z1p05__lam0p030__nu0p50__psi1p00,hardzero_plus_depr,0.02,36,862,0.0,1,0.49384302,0.49384302,1.0971918,0.0,0.07994811,0.0,0.0,1.2109508e-13,-28.51712,2.41387,0.80462337,0.128,0.0,0.15957941,25.830177,25.860178,2761600
hardzero_plus_depr__c0p54__z1p05__lam0p030__nu0p50__psi1p00,hardzero_plus_depr,0.02,36,863,0.0,1,0.49384302,0.49384302,1.0109816,0.0975031,0.0975031,1.0,1.1458185e-14,1.175161e-13,-26.554472,2.2242038,0.7414013,0.096,0.0,0.15291695,25.860178,25.890179,2764800
hardzero_plus_depr__c0p54__z1p05__lam0p030__nu0p50__psi1p00,hardzero_plus_depr,0.02,36,864,0.0,1,0.49384302,0.49384302,0.9514159,0.11183664,0.11183664,1.0,1.2754176e-14,1.140429e-13,-26.543425,2.0931568,0.697719,0.16800001,0.0,0.16267055,25.890179,25.92018,2768000
hardzero_plus_depr__c0p54__z1p05__lam0p030__nu0p50__psi1p00,hardzero_plus_depr,0.02,36,865,0.0,1,0.49384302,0.49384302,1.0578973,0.0,0.087519065,0.0,0.0,1.1067234e-13,-27.273813,2.3274207,0.7758069,0.16000001,0.0,0.17091545,25.92018,25.95018,2771200
hardzero_plus_depr__c0p54__z1p05__lam0p030__nu0p50__psi1p00,hardzero_plus_depr,0.02,36,866,0.0,1,0.49384302,0.49384302,1.0521469,0.0,0.0886856,0.0,0.0,1.0740141e-13,-26.917946,2.3147695,0.7715899,0.128,0.0,0.14562692,25.95018,25.98018,2774400
hardzero_plus_depr__c0p54__z1p05__lam0p030__nu0p50__psi1p00,hardzero_plus_depr,0.02,36,867,0.0,1,0.49384302,0.49384302,1.0435524,0.090458125,0.090458125,1.0,9.4281924e-15,1.0422715e-13,-28.311127,2.295861,0.76528704,0.15200001,0.0,0.17245002,25.98018,26.010181,2777600
hardzero_plus_depr__c0p54__z1p05__lam0p030__nu0p50__psi1p00,hardzero_plus_depr,0.02,36,868,0.0,1,0.49384302,0.49384302,1.0880826,0.0,0.08164271,0.0,0.0,1.01146705e-13,-27.951616,2.3938293,0.7979431,0.112,0.0,0.16868544,26.010181,26.040182,2780800
hardzero_plus_depr__c0p54__z1p05__lam0p030__nu0p50__psi1p00,hardzero_plus_depr,0.02,36,869,0.0,1,0.49384302,0.49384302,1.045591,0.09003451,0.09003451,1.0,8.837544e-15,9.8157295e-14,-27.21301,2.3003461,0.76678205,0.16800001,0.008,0.15071078,26.040182,26.070183,2784000
hardzero_plus_depr__c0p54__z1p05__lam0p030__nu0p50__psi1p00,hardzero_plus_depr,0.02,36,870,0.0,1,0.49384302,0.49384302,0.99396837,0.10139852,0.10139852,1.0,9.658843e-15,9.525625e-14,-26.42169,2.186774,0.7289247,0.208,0.0,0.14890347,26.070183,26.100183,2787200
hardzero_plus_depr__c0p54__z1p05__lam0p030__nu0p50__psi1p00,hardzero_plus_depr,0.02,36,871,0.0,1,0.49384302,0.49384302,1.0122886,0.09721011,0.09721011,1.0,8.986193e-15,9.2440934e-14,-27.180742,2.2270794,0.7423598,0.17,0.0,0.1299205,26.100183,26.130184,2790400
hardzero_plus_depr__c0p54__z1p05__lam0p030__nu0p50__psi1p00,hardzero_plus_depr,0.02,36,872,0.0,1,0.49384302,0.49384302,0.9998587,0.100032546,0.100032546,1.0,8.9738025e-15,8.9708826e-14,-26.783884,2.199733,0.73324436,0.14400001,0.0,0.1647958,26.130184,26.160185,2793600
hardzero_plus_depr__c0p54__z1p05__lam0p030__nu0p50__psi1p00,hardzero_plus_depr,0.02,36,873,0.0,1,0.49384302,0.49384302,1.0919179,0.0,0.08092489,0.0,0.0,8.705748e-14,-28.515009,2.4022672,0.80075574,0.136,0.0,0.1616513,26.160185,26.190186,2796800
hardzero_plus_depr__c0p54__z1p05__lam0p030__nu0p50__psi1p00,hardzero_plus_depr,0.02,36,874,0.0,1,0.49384302,0.49384302,1.0045303,0.09896226,0.09896226,1.0,8.360775e-15,8.4484476e-14,-27.60504,2.2100108,0.73667026,0.14400001,0.0,0.14711668,26.190186,26.220186,2800000
hardzero_plus_depr__c0p54__z1p05__lam0p030__nu0p50__psi1p00,hardzero_plus_depr,0.02,36,875,0.0,1,0.49384302,0.49384302,1.0497078,0.08918508,0.08918508,1.0,7.3120644e-15,8.198753e-14,-27.652868,2.3094032,0.7698011,0.18400002,0.0,0.1637508,26.220186,26.250187,2803200
hardzero_plus_depr__c0p54__z1p05__lam0p030__nu0p50__psi1p00,hardzero_plus_depr,0.02,36,876,0.0,1,0.49384302,0.49384302,1.0071312,0.098371394,0.098371394,1.0,7.826858e-15,7.956437e-14,-26.683037,2.2157328,0.7385776,0.128,0.0,0.1468419,26.250187,26.280188,2806400
hardzero_plus_depr__c0p54__z1p05__lam0p030__nu0p50__psi1p00,hardzero_plus_depr,0.02,36,877,0.0,1,0.49384302,0.49384302,1.0566286,0.0,0.08777512,0.0,0.0,7.721285e-14,-27.31154,2.3246293,0.7748765,0.136,0.0,0.15279852,26.280188,26.310188,2809600
hardzero_plus_depr__c0p54__z1p05__lam0p030__nu0p50__psi1p00,hardzero_plus_depr,0.02,36,878,0.0,1,0.49384302,0.49384302,1.0352085,0.09221287,0.09221287,1.0,6.9095844e-15,7.4930805e-14,-26.625906,2.277504,0.759168,0.136,0.0,0.1505913,26.310188,26.340189,2812800
hardzero_plus_depr__c0p54__z1p05__lam0p030__nu0p50__psi1p00,hardzero_plus_depr,0.02,36,879,0.0,1,0.49384302,0.49384302,1.0047976,0.09890139,0.09890139,1.0,7.191735e-15,7.271621e-14,-27.547596,2.2105987,0.73686624,0.2,0.008,0.16482618,26.340189,26.37019,2816000
hardzero_plus_depr__c0p54__z1p05__lam0p030__nu0p50__psi1p00,hardzero_plus_depr,0.02,36,880,0.0,1,0.49384302,0.49384302,1.0825709,0.0,0.08268543,0.0,0.0,7.0567074e-14,-28.157885,2.3817036,0.7939012,0.136,0.0,0.19049673,26.37019,26.40019,2819200
hardzero_plus_depr__c0p54__z1p05__lam0p030__nu0p50__psi1p00,hardzero_plus_depr,0.02,36,881,0.0,1,0.49384302,0.49384302,0.9718781,0.10668954,0.10668954,1.0,7.3062555e-15,6.8481455e-14,-26.6716,2.1381745,0.71272486,0.16800001,0.0,0.13992839,26.40019,26.430191,2822400
hardzero_plus_depr__c0p54__z1p05__lam0p030__nu0p50__psi1p00,hardzero_plus_depr,0.02,36,882,0.0,1,0.49384302,0.49384302,1.0546843,0.0,0.08816895,0.0,0.0,6.645748e-14,-28.160881,2.3203518,0.7734506,0.14400001,0.0,0.1369188,26.430191,26.460192,2825600
hardzero_plus_depr__c0p54__z1p05__lam0p030__nu0p50__psi1p00,hardzero_plus_depr,0.02,36,883,0.0,1,0.49384302,0.49384302,0.9944844,0.10127811,0.10127811,1.0,6.5317616e-15,6.449332e-14,-26.624372,2.1879094,0.7293031,0.16800001,0.0,0.14875224,26.460192,26.490192,2828800
hardzero_plus_depr__c0p54__z1p05__lam0p030__nu0p50__psi1p00,hardzero_plus_depr,0.02,36,884,0.0,1,0.49384302,0.49384302,1.0317283,0.09295479,0.09295479,1.0,5.817781e-15,6.258721e-14,-26.61147,2.2698474,0.7566158,0.17,0.0,0.1407405,26.490192,26.520193,2832000
hardzero_plus_depr__c0p54__z1p05__lam0p030__nu0p50__psi1p00,hardzero_plus_depr,0.02,36,885,0.0,1,0.49384302,0.49384302,1.0818744,0.0,0.08281816,0.0,0.0,6.073744e-14,-28.52013,2.380171,0.7933904,0.16000001,0.0,0.17676118,26.520193,26.550194,2835200
hardzero_plus_depr__c0p54__z1p05__lam0p030__nu0p50__psi1p00,hardzero_plus_depr,0.02,36,886,0.0,1,0.49384302,0.49384302,1.0076101,0.09826298,0.09826298,1.0,5.791849e-15,5.894233e-14,-26.245426,2.2167864,0.7389288,0.18400002,0.0,0.13834357,26.550194,26.580194,2838400
hardzero_plus_depr__c0p54__z1p05__lam0p030__nu0p50__psi1p00,hardzero_plus_depr,0.02,36,887,0.0,1,0.49384302,0.49384302,0.98945117,0.10245869,0.10245869,1.0,5.8606663e-15,5.7200284e-14,-26.74136,2.176836,0.72561204,0.128,0.0,0.16551039,26.580194,26.610195,2841600
hardzero_plus_depr__c0p54__z1p05__lam0p030__nu0p50__psi1p00,hardzero_plus_depr,0.02,36,888,0.0,1,0.49384302,0.49384302,1.044823,0.09019386,0.09019386,1.0,5.0066364e-15,5.5509725e-14,-27.129921,2.2986567,0.7662189,0.104,0.0,0.17006968,26.610195,26.640196,2844800
hardzero_plus_depr__c0p54__z1p05__lam0p030__nu0p50__psi1p00,hardzero_plus_depr,0.02,36,889,0.0,1,0.49384302,0.49384302,1.0440174,0.09036132,0.09036132,1.0,4.8676853e-15,5.3869127e-14,-27.781149,2.2968843,0.7656281,0.112,0.0,0.1541593,26.640196,26.670197,2848000
hardzero_plus_depr__c0p54__z1p05__lam0p030__nu0p50__psi1p00,hardzero_plus_depr,0.02,36,890,0.0,1,0.49384302,0.49384302,1.0331268,0.09265593,0.09265593,1.0,4.8437753e-15,5.2277017e-14,-26.76501,2.2729244,0.7576415,0.14400001,0.0,0.13052247,26.670197,26.700197,2851200
hardzero_plus_depr__c0p54__z1p05__lam0p030__nu0p50__psi1p00,hardzero_plus_depr,0.02,36,891,0.0,1,0.49384302,0.49384302,0.98002785,0.10470614,0.10470614,1.0,5.3119477e-15,5.073196e-14,-25.956146,2.1561043,0.7187015,0.15200001,0.0,0.11921315,26.700197,26.730198,2854400
hardzero_plus_depr__c0p54__z1p05__lam0p030__nu0p50__psi1p00,hardzero_plus_depr,0.02,36,892,0.0,1,0.49384302,0.49384302,0.99429953,0.10132124,0.10132124,1.0,4.9883054e-15,4.9232574e-14,-27.013922,2.1875026,0.7291676,0.16000001,0.0,0.15296537,26.730198,26.760199,2857600
hardzero_plus_depr__c0p54__z1p05__lam0p030__nu0p50__psi1p00,hardzero_plus_depr,0.02,36,893,0.0,1,0.49384302,0.49384302,1.0419686,0.09078862,0.09078862,1.0,4.337653e-15,4.77775e-14,-27.11681,2.2923768,0.7641256,0.18400002,0.0,0.15179697,26.760199,26.7902,2860800
hardzero_plus_depr__c0p54__z1p05__lam0p030__nu0p50__psi1p00,hardzero_plus_depr,0.02,36,894,0.0,1,0.49384302,0.49384302,1.0387536,0.09146318,0.09146318,1.0,4.2407293e-15,4.6365428e-14,-27.630991,2.2853036,0.76176786,0.136,0.0,0.16781442,26.7902,26.8202,2864000
hardzero_plus_depr__c0p54__z1p05__lam0p030__nu0p50__psi1p00,hardzero_plus_depr,0.02,36,895,0.0,1,0.49384302,0.49384302,1.0297388,0.09338157,0.09338157,1.0,4.2017124e-15,4.499509e-14,-27.378517,2.2654705,0.7551569,0.18400002,0.0,0.17067018,26.8202,26.8502,2867200
hardzero_plus_depr__c0p54__z1p05__lam0p030__nu0p50__psi1p00,hardzero_plus_depr,0.02,36,896,0.0,1,0.49384302,0.49384302,1.0693105,0.0,0.08524903,0.0,0.0,4.3665253e-14,-27.85779,2.3525302,0.78417677,0.14400001,0.0,0.17348999,26.8502,26.880201,2870400
hardzero_plus_depr__c0p54__z1p05__lam0p030__nu0p50__psi1p00,hardzero_plus_depr,0.02,36,897,0.0,1,0.49384302,0.49384302,1.107675,0.0,0.0780414,0.0,0.0,4.2374724e-14,-28.808855,2.4369335,0.8123112,0.13,0.0,0.17944406,26.880201,26.910202,2873600
hardzero_plus_depr__c0p54__z1p05__lam0p030__nu0p50__psi1p00,hardzero_plus_depr,0.02,36,898,0.0,1,0.49384302,0.49384302,1.0293441,0.093466476,0.093466476,1.0,3.8435594e-15,4.112233e-14,-27.48618,2.2646022,0.75486743,0.16800001,0.0,0.18029428,26.910202,26.940203,2876800
hardzero_plus_depr__c0p54__z1p05__lam0p030__nu0p50__psi1p00,hardzero_plus_depr,0.02,36,899,0.0,1,0.49384302,0.49384302,1.0700921,0.0,0.08509576,0.0,0.0,3.9906958e-14,-28.564705,2.3542495,0.78474987,0.192,0.008,0.19523421,26.940203,26.970203,2880000
hardzero_plus_depr__c0p54__z1p05__lam0p030__nu0p50__psi1p00,hardzero_plus_depr,0.02,36,900,0.0,1,0.49384302,0.49384302,1.0276757,0.09382623,0.09382623,1.0,3.6336553e-15,3.8727502e-14,-27.048529,2.2609317,0.75364393,0.17600001,0.008,0.1550612,26.970203,27.000204,2883200
hardzero_plus_depr__c0p54__z1p05__lam0p030__nu0p50__psi1p00,hardzero_plus_depr,0.02,36,901,0.0,1,0.49384302,0.49384302,1.0391197,0.091386124,0.091386124,1.0,3.4345562e-15,3.7582906e-14,-27.718071,2.286109,0.7620363,0.15200001,0.0,0.1425362,27.000204,27.030205,2886400
hardzero_plus_depr__c0p54__z1p05__lam0p030__nu0p50__psi1p00,hardzero_plus_depr,0.02,36,902,0.0,1,0.49384302,0.49384302,0.99367034,0.10146813,0.10146813,1.0,3.70076e-15,3.647214e-14,-26.374416,2.1861184,0.7287061,0.192,0.0,0.12215364,27.030205,27.060205,2889600
hardzero_plus_depr__c0p54__z1p05__lam0p030__nu0p50__psi1p00,hardzero_plus_depr,0.02,36,903,0.0,1,0.49384302,0.49384302,1.0518535,0.0,0.08874553,0.0,0.0,3.5394197e-14,-27.596317,2.3141239,0.77137464,0.120000005,0.0,0.15758406,27.060205,27.090206,2892800
hardzero_plus_depr__c0p54__z1p05__lam0p030__nu0p50__psi1p00,hardzero_plus_depr,0.02,36,904,0.0,1,0.49384302,0.49384302,1.0590329,0.0,0.08729051,0.0,0.0,3.4348118e-14,-27.530306,2.3299189,0.77663964,0.120000005,0.0,0.15150164,27.090206,27.120207,2896000
hardzero_plus_depr__c0p54__z1p05__lam0p030__nu0p50__psi1p00,hardzero_plus_depr,0.02,36,905,0.0,1,0.49384302,0.49384302,0.9859005,0.10329979,0.10329979,1.0,3.443287e-15,3.3332952e-14,-26.772408,2.1690245,0.72300816,0.128,0.0,0.12302276,27.120207,27.150208,2899200
hardzero_plus_depr__c0p54__z1p05__lam0p030__nu0p50__psi1p00,hardzero_plus_depr,0.02,36,906,0.0,1,0.49384302,0.49384302,1.0394026,0.09132662,0.09132662,1.0,2.9542144e-15,3.2347792e-14,-27.15438,2.2867315,0.76224387,0.128,0.0,0.14053784,27.150208,27.180208,2902400
hardzero_plus_depr__c0p54__z1p05__lam0p030__nu0p50__psi1p00,hardzero_plus_depr,0.02,36,907,0.0,1,0.49384302,0.49384302,1.0527891,0.0,0.08855456,0.0,0.0,3.1391753e-14,-27.106155,2.3161821,0.77206075,0.16000001,0.0,0.17198911,27.180208,27.210209,2905600
hardzero_plus_depr__c0p54__z1p05__lam0p030__nu0p50__psi1p00,hardzero_plus_depr,0.02,36,908,0.0,1,0.49384302,0.49384302,1.0628994,0.0,0.08651683,0.0,0.0,3.0463967e-14,-28.226171,2.3384252,0.7794751,0.16800001,0.0,0.17164561,27.210209,27.24021,2908800
hardzero_plus_depr__c0p54__z1p05__lam0p030__nu0p50__psi1p00,hardzero_plus_depr,0.02,36,909,0.0,1,0.49384302,0.49384302,1.0373359,0.091762275,0.091762275,1.0,2.712823e-15,2.9563598e-14,-27.76504,2.2821844,0.7607281,0.08800001,0.0,0.15443827,27.24021,27.27021,2912000
hardzero_plus_depr__c0p54__z1p05__lam0p030__nu0p50__psi1p00,hardzero_plus_depr,0.02,36,910,0.0,1,0.49384302,0.49384302,1.061081,0.0,0.08687983,0.0,0.0,2.8689843e-14,-27.717787,2.334425,0.7781417,0.16,0.0,0.15492587,27.27021,27.30021,2915200
hardzero_plus_depr__c0p54__z1p05__lam0p030__nu0p50__psi1p00,hardzero_plus_depr,0.02,36,911,0.0,1,0.49384302,0.49384302,1.0589843,0.0,0.08730029,0.0,0.0,2.7841909e-14,-27.497866,2.3298118,0.77660394,0.112,0.0,0.15891732,27.30021,27.330212,2918400
hardzero_plus_depr__c0p54__z1p05__lam0p030__nu0p50__psi1p00,hardzero_plus_depr,0.02,36,912,0.0,1,0.49384302,0.49384302,1.0391967,0.09136992,0.09136992,1.0,2.4687273e-15,2.7019038e-14,-26.999685,2.2862785,0.7620928,0.128,0.0,0.14789943,27.330212,27.360212,2921600
hardzero_plus_depr__c0p54__z1p05__lam0p030__nu0p50__psi1p00,hardzero_plus_depr,0.02,36,913,0.0,1,0.49384302,0.49384302,1.0350888,0.092238285,0.092238285,1.0,2.4185328e-15,2.6220488e-14,-27.219181,2.2772408,0.7590803,0.15200001,0.0,0.1564647,27.360212,27.390213,2924800
hardzero_plus_depr__c0p54__z1p05__lam0p030__nu0p50__psi1p00,hardzero_plus_depr,0.02,36,914,0.0,1,0.49384302,0.49384302,1.0810509,0.0,0.082975365,0.0,0.0,2.5445536e-14,-28.487032,2.3783593,0.7927865,0.120000005,0.0,0.1797169,27.390213,27.420214,2928000
hardzero_plus_depr__c0p54__z1p05__lam0p030__nu0p50__psi1p00,hardzero_plus_depr,0.02,36,915,0.0,1,0.49384302,0.49384302,1.0195276,0.0956032,0.0956032,1.0,2.3607768e-15,2.469349e-14,-27.008242,2.2430055,0.7476685,0.128,0.0,0.13207641,27.420214,27.450214,2931200
hardzero_plus_depr__c0p54__z1p05__lam0p030__nu0p50__psi1p00,hardzero_plus_depr,0.02,36,916,0.0,1,0.49384302,0.49384302,1.0413567,0.090916626,0.090916626,1.0,2.1786962e-15,2.3963672e-14,-27.53892,2.2910304,0.7636768,0.15200001,0.0,0.14815554,27.450214,27.480215,2934400
hardzero_plus_depr__c0p54__z1p05__lam0p030__nu0p50__psi1p00,hardzero_plus_depr,0.02,36,917,0.0,1,0.49384302,0.49384302,0.95635813,0.11057116,0.11057116,1.0,2.5713792e-15,2.3255423e-14,-25.125847,2.10403,0.7013433,0.17600001,0.0,0.12672262,27.480215,27.510216,2937600
hardzero_plus_depr__c0p54__z1p05__lam0p030__nu0p50__psi1p00,hardzero_plus_depr,0.02,36,918,0.0,1,0.49384302,0.49384302,1.049853,0.08915528,0.08915528,1.0,2.0120656e-15,2.2568104e-14,-27.20314,2.3097227,0.7699076,0.136,0.0,0.1595133,27.510216,27.540216,2940800
hardzero_plus_depr__c0p54__z1p05__lam0p030__nu0p50__psi1p00,hardzero_plus_depr,0.02,36,919,0.0,1,0.49384302,0.49384302,1.0444192,0.09027776,0.09027776,1.0,1.9771824e-15,2.19011e-14,-27.735851,2.297768,0.7659227,0.14400001,0.0,0.14386499,27.540216,27.570217,2944000
hardzero_plus_depr__c0p54__z1p05__lam0p030__nu0p50__psi1p00,hardzero_plus_depr,0.02,36,920,0.0,1,0.49384302,0.49384302,1.0005668,0.09986957,0.09986957,1.0,2.122609e-15,2.1253812e-14,-26.703344,2.201291,0.7337637,0.136,0.0,0.14579484,27.570217,27.600218,2947200
hardzero_plus_depr__c0p54__z1p05__lam0p030__nu0p50__psi1p00,hardzero_plus_depr,0.02,36,921,0.0,1,0.49384302,0.49384302,1.038015,0.09161888,0.09161888,1.0,1.8896992e-15,2.0625652e-14,-27.832542,2.2836785,0.7612262,0.16800001,0.0,0.17704608,27.600218,27.630219,2950400
hardzero_plus_depr__c0p54__z1p05__lam0p030__nu0p50__psi1p00,hardzero_plus_depr,0.02,36,922,0.0,1,0.49384302,0.49384302,1.0407037,0.09105344,0.09105344,1.0,1.8225311e-15,2.001606e-14,-27.566198,2.2895937,0.7631979,0.072000004,0.0,0.149745,27.630219,27.66022,2953600
hardzero_plus_depr__c0p54__z1p05__lam0p030__nu0p50__psi1p00,hardzero_plus_depr,0.02,36,923,0.0,1,0.49384302,0.49384302,1.0243373,0.09455026,0.09455026,1.0,1.8365896e-15,1.942448e-14,-26.78956,2.253587,0.75119567,0.14999999,0.0,0.15165743,27.66022,27.69022,2956800
hardzero_plus_depr__c0p54__z1p05__lam0p030__nu0p50__psi1p00,hardzero_plus_depr,0.02,36,924,0.0,1,0.49384302,0.49384302,1.066826,0.0,0.08573812,0.0,0.0,1.8850388e-14,-28.031992,2.347064,0.7823547,0.112,0.0,0.1556761,27.69022,27.72022,2960000
hardzero_plus_depr__c0p54__z1p05__lam0p030__nu0p50__psi1p00,hardzero_plus_depr,0.02,36,925,0.0,1,0.49384302,0.49384302,0.99316543,0.101586156,0.101586156,1.0,1.8583424e-15,1.8293264e-14,-26.974094,2.1850076,0.72833586,0.192,0.0,0.13100344,27.72022,27.750221,2963200
hardzero_plus_depr__c0p54__z1p05__lam0p030__nu0p50__psi1p00,hardzero_plus_depr,0.02,36,926,0.0,1,0.49384302,0.49384302,1.0076307,0.09825832,0.09825832,1.0,1.7443407e-15,1.7752601e-14,-26.987822,2.216832,0.738944,0.16000001,0.0,0.16205128,27.750221,27.780222,2966400
hardzero_plus_depr__c0p54__z1p05__lam0p030__nu0p50__psi1p00,hardzero_plus_depr,0.02,36,927,0.0,1,0.49384302,0.49384302,1.0832535,0.0,0.08255559,0.0,0.0,1.7227922e-14,-28.479692,2.3832052,0.79440176,0.112,0.0,0.171767,27.780222,27.810223,2969600
hardzero_plus_depr__c0p54__z1p05__lam0p030__nu0p50__psi1p00,hardzero_plus_depr,0.02,36,928,0.0,1,0.49384302,0.49384302,1.0609984,0.0,0.08689635,0.0,0.0,1.6718748e-14,-28.33756,2.334243,0.77808106,0.104,0.0,0.1600927,27.810223,27.840223,2972800
hardzero_plus_depr__c0p54__z1p05__lam0p030__nu0p50__psi1p00,hardzero_plus_depr,0.02,36,929,0.0,1,0.49384302,0.49384302,1.0217183,0.09512217,0.09512217,1.0,1.5433215e-15,1.6224623e-14,-26.983019,2.2478251,0.7492751,0.2,0.0,0.13857408,27.840223,27.870224,2976000
hardzero_plus_depr__c0p54__z1p05__lam0p030__nu0p50__psi1p00,hardzero_plus_depr,0.02,36,930,0.0,1,0.49384302,0.49384302,1.0821154,0.0,0.082772225,0.0,0.0,1.5745104e-14,-28.195454,2.3807015,0.7935672,0.104,0.0,0.15822016,27.870224,27.900225,2979200
hardzero_plus_depr__c0p54__z1p05__lam0p030__nu0p50__psi1p00,hardzero_plus_depr,0.02,36,931,0.0,1,0.49384302,0.49384302,1.0145566,0.09670376,0.09670376,1.0,1.4776096e-15,1.5279753e-14,-26.734472,2.2320693,0.7440231,0.104,0.0,0.16801229,27.900225,27.930225,2982400
hardzero_plus_depr__c0p54__z1p05__lam0p030__nu0p50__psi1p00,hardzero_plus_depr,0.02,36,932,0.0,1,0.49384302,0.49384302,1.0031706,0.099272594,0.099272594,1.0,1.4720298e-15,1.4828159e-14,-26.406267,2.2070193,0.7356731,0.208,0.0,0.17170553,27.930225,27.960226,2985600
hardzero_plus_depr__c0p54__z1p05__lam0p030__nu0p50__psi1p00,hardzero_plus_depr,0.02,36,933,0.0,1,0.49384302,0.49384302,1.0431998,0.09053161,0.09053161,1.0,1.3027418e-15,1.438991e-14,-26.69233,2.2950854,0.7650285,0.128,0.0,0.1445856,27.960226,27.990227,2988800
hardzero_plus_depr__c0p54__z1p05__lam0p030__nu0p50__psi1p00,hardzero_plus_depr,0.02,36,934,0.0,1,0.49384302,0.49384302,1.0231801,0.094802506,0.094802506,1.0,1.3238804e-15,1.3964615e-14,-27.69483,2.2510412,0.7503471,0.096,0.0,0.17194653,27.990227,28.020227,2992000
hardzero_plus_depr__c0p54__z1p05__lam0p030__nu0p50__psi1p00,hardzero_plus_depr,0.02,36,935,0.0,1,0.49384302,0.49384302,1.1032685,0.0,0.078837246,0.0,0.0,1.3551889e-14,-28.543512,2.4272392,0.80907977,0.15200001,0.0,0.18193375,28.020227,28.050228,2995200
hardzero_plus_depr__c0p54__z1p05__lam0p030__nu0p50__psi1p00,hardzero_plus_depr,0.02,36,936,0.0,1,0.49384302,0.49384302,1.1011031,0.0,0.07923134,0.0,0.0,1.3151361e-14,-28.75739,2.422475,0.8074917,0.17,0.0,0.19223028,28.050228,28.080229,2998400
hardzero_plus_depr__c0p54__z1p05__lam0p030__nu0p50__psi1p00,hardzero_plus_depr,0.02,36,937,0.0,1,0.49384302,0.49384302,1.0162737,0.09632216,0.09632216,1.0,1.229328e-15,1.27626715e-14,-27.259136,2.235847,0.74528235,0.17600001,0.0,0.16004515,28.080229,28.11023,3001600
hardzero_plus_depr__c0p54__z1p05__lam0p030__nu0p50__psi1p00,hardzero_plus_depr,0.02,36,938,0.0,1,0.49384302,0.49384302,1.0688653,0.0,0.085336484,0.0,0.0,1.2385468e-14,-28.767149,2.3515506,0.7838502,0.136,0.0,0.1745594,28.11023,28.14023,3004800
hardzero_plus_depr__c0p54__z1p05__lam0p030__nu0p50__psi1p00,hardzero_plus_depr,0.02,36,939,0.0,1,0.49384302,0.49384302,1.0143853,0.0967419,0.0967419,1.0,1.162781e-15,1.20194145e-14,-26.405045,2.2316923,0.74389744,0.18400002,0.0,0.15189403,28.14023,28.17023,3008000
hardzero_plus_depr__c0p54__z1p05__lam0p030__nu0p50__psi1p00,hardzero_plus_depr,0.02,36,940,0.0,1,0.49384302,0.49384302,1.0286691,0.09361186,0.09361186,1.0,1.0919055e-15,1.166418e-14,-27.667236,2.2631173,0.7543725,0.216,0.008,0.16247772,28.17023,28.200232,3011200
hardzero_plus_depr__c0p54__z1p05__lam0p030__nu0p50__psi1p00,hardzero_plus_depr,0.02,36,941,0.0,1,0.49384302,0.49384302,1.0610461,0.0,0.0868868,0.0,0.0,1.13194425e-14,-27.596643,2.334348,0.778116,0.14400001,0.0,0.16409676,28.200232,28.230232,3014400
hardzero_plus_depr__c0p54__z1p05__lam0p030__nu0p50__psi1p00,hardzero_plus_depr,0.02,36,942,0.0,1,0.49384302,0.49384302,1.025591,0.09427771,0.09427771,1.0,1.0356307e-15,1.0984894e-14,-26.783947,2.2563453,0.75211513,0.15200001,0.0,0.22091268,28.230232,28.260233,3017600
hardzero_plus_depr__c0p54__z1p05__lam0p030__nu0p50__psi1p00,hardzero_plus_depr,0.02,36,943,0.0,1,0.49384302,0.49384302,1.0591422,0.0,0.08726855,0.0,0.0,1.0660234e-14,-27.9353,2.3301594,0.7767198,0.128,0.0,0.14674546,28.260233,28.290234,3020800
hardzero_plus_depr__c0p54__z1p05__lam0p030__nu0p50__psi1p00,hardzero_plus_depr,0.02,36,944,0.0,1,0.49384302,0.49384302,1.0478269,0.08957217,0.08957217,1.0,9.266394e-16,1.0345171e-14,-27.410105,2.3052652,0.76842177,0.112,0.0,0.16311035,28.290234,28.320234,3024000
hardzero_plus_depr__c0p54__z1p05__lam0p030__nu0p50__psi1p00,hardzero_plus_depr,0.02,36,945,0.0,1,0.49384302,0.49384302,1.0055485,0.098730534,0.098730534,1.0,9.91197e-16,1.0039417e-14,-27.791592,2.212251,0.737417,0.16000001,0.0,0.15073584,28.320234,28.350235,3027200
hardzero_plus_depr__c0p54__z1p05__lam0p030__nu0p50__psi1p00,hardzero_plus_depr,0.02,36,946,0.0,1,0.49384302,0.49384302,1.0783191,0.0,0.08349894,0.0,0.0,9.742701e-15,-28.003588,2.3723493,0.7907831,0.112,0.0,0.14271592,28.350235,28.380236,3030400
hardzero_plus_depr__c0p54__z1p05__lam0p030__nu0p50__psi1p00,hardzero_plus_depr,0.02,36,947,0.0,1,0.49384302,0.49384302,1.0259753,0.09419431,0.09419431,1.0,8.905841e-16,9.4547546e-15,-26.74325,2.2571907,0.75239694,0.104,0.0,0.13380015,28.380236,28.410236,3033600
hardzero_plus_depr__c0p54__z1p05__lam0p030__nu0p50__psi1p00,hardzero_plus_depr,0.02,36,948,0.0,1,0.49384302,0.49384302,1.0167922,0.096207246,0.096207246,1.0,8.8273205e-16,9.1753175e-15,-27.077108,2.2369874,0.74566245,0.192,0.0,0.15886828,28.410236,28.440237,3036800
hardzero_plus_depr__c0p54__z1p05__lam0p030__nu0p50__psi1p00,hardzero_plus_depr,0.02,36,949,0.0,1,0.49384302,0.49384302,1.0343193,0.092401855,0.092401855,1.0,8.2275905e-16,8.90414e-15,-26.526676,2.275548,0.758516,0.21,0.0,0.13865177,28.440237,28.470238,3040000
hardzero_plus_depr__c0p54__z1p05__lam0p030__nu0p50__psi1p00,hardzero_plus_depr,0.02,36,950,0.0,1,0.49384302,0.49384302,1.0188053,0.09576235,0.09576235,1.0,8.2748025e-16,8.640977e-15,-26.783026,2.2414162,0.74713874,0.208,0.0,0.1723334,28.470238,28.500238,3043200
hardzero_plus_depr__c0p54__z1p05__lam0p030__nu0p50__psi1p00,hardzero_plus_depr,0.02,36,951,0.0,1,0.49384302,0.49384302,1.065148,0.0,0.08607002,0.0,0.0,8.3855914e-15,-27.990078,2.3433723,0.7811241,0.14400001,0.0,0.14708747,28.500238,28.53024,3046400
hardzero_plus_depr__c0p54__z1p05__lam0p030__nu0p50__psi1p00,hardzero_plus_depr,0.02,36,952,0.0,1,0.49384302,0.49384302,1.0569055,0.0,0.08771916,0.0,0.0,8.137755e-15,-27.625786,2.3252385,0.7750795,0.15200001,0.0,0.16655155,28.53024,28.56024,3049600
hardzero_plus_depr__c0p54__z1p05__lam0p030__nu0p50__psi1p00,hardzero_plus_depr,0.02,36,953,0.0,1,0.49384302,0.49384302,1.0773239,0.0,0.08369049,0.0,0.0,7.897242e-15,-29.336021,2.3701599,0.7900533,0.136,0.0,0.1633816,28.56024,28.59024,3052800
hardzero_plus_depr__c0p54__z1p05__lam0p030__nu0p50__psi1p00,hardzero_plus_depr,0.02,36,954,0.0,1,0.49384302,0.49384302,1.0361612,0.0920108,0.0920108,1.0,7.051559e-16,7.663838e-15,-27.52442,2.2796001,0.7598667,0.18400002,0.0,0.1533031,28.59024,28.620241,3056000
hardzero_plus_depr__c0p54__z1p05__lam0p030__nu0p50__psi1p00,hardzero_plus_depr,0.02,36,955,0.0,1,0.49384302,0.49384302,1.0338821,0.09249491,0.09249491,1.0,6.8791537e-16,7.437332e-15,-26.232813,2.2745862,0.7581954,0.136,0.0,0.15217248,28.620241,28.650242,3059200
hardzero_plus_depr__c0p54__z1p05__lam0p030__nu0p50__psi1p00,hardzero_plus_depr,0.02,36,956,0.0,1,0.49384302,0.49384302,1.0608611,0.0,0.08692383,0.0,0.0,7.21752e-15,-28.096275,2.333941,0.7779803,0.112,0.0,0.1488178,28.650242,28.680243,3062400
hardzero_plus_depr__c0p54__z1p05__lam0p030__nu0p50__psi1p00,hardzero_plus_depr,0.02,36,957,0.0,1,0.49384302,0.49384302,1.0175453,0.09604056,0.09604056,1.0,6.726879e-16,7.004206e-15,-26.55336,2.2386444,0.7462148,0.136,0.0,0.13973998,28.680243,28.710243,3065600
hardzero_plus_depr__c0p54__z1p05__lam0p030__nu0p50__psi1p00,hardzero_plus_depr,0.02,36,958,0.0,1,0.49384302,0.49384302,1.124283,0.0,0.07511333,0.0,0.0,6.7971963e-15,-28.672325,2.4734719,0.82449067,0.14400001,0.0,0.19151808,28.710243,28.740244,3068800
hardzero_plus_depr__c0p54__z1p05__lam0p030__nu0p50__psi1p00,hardzero_plus_depr,0.02,36,959,0.0,1,0.49384302,0.49384302,1.029857,0.09335615,0.09335615,1.0,6.158055e-16,6.596304e-15,-26.827778,2.2657306,0.75524354,0.112,0.0,0.123048276,28.740244,28.770245,3072000
hardzero_plus_depr__c0p54__z1p05__lam0p030__nu0p50__psi1p00,hardzero_plus_depr,0.02,36,960,0.0,1,0.49384302,0.49384302,1.0356622,0.09211659,0.09211659,1.0,5.896704e-16,6.401349e-15,-27.658588,2.2785022,0.75950074,0.208,0.0,0.1873037,28.770245,28.800245,3075200
hardzero_plus_depr__c0p54__z1p05__lam0p030__nu0p50__psi1p00,hardzero_plus_depr,0.02,36,961,0.0,1,0.49384302,0.49384302,1.105952,0.0,0.078351624,0.0,0.0,6.212156e-15,-28.093876,2.4331431,0.81104773,0.104,0.0,0.15454905,28.800245,28.830246,3078400
hardzero_plus_depr__c0p54__z1p05__lam0p030__nu0p50__psi1p00,hardzero_plus_depr,0.02,36,962,0.0,1,0.49384302,0.49384302,1.0522463,0.0,0.088665284,0.0,0.0,6.0285554e-15,-27.637726,2.3149881,0.7716627,0.049999997,0.0,0.15018812,28.830246,28.860247,3081600
hardzero_plus_depr__c0p54__z1p05__lam0p030__nu0p50__psi1p00,hardzero_plus_depr,0.02,36,963,0.0,1,0.49384302,0.49384302,1.0674698,0.0,0.08561112,0.0,0.0,5.8503803e-15,-27.839523,2.3484805,0.78282684,0.14400001,0.0,0.18371147,28.860247,28.890247,3084800
hardzero_plus_depr__c0p54__z1p05__lam0p030__nu0p50__psi1p00,hardzero_plus_depr,0.02,36,964,0.0,1,0.49384302,0.49384302,1.0813773,0.0,0.08291301,0.0,0.0,5.6774717e-15,-28.290588,2.3790774,0.79302585,0.104,0.0,0.15932316,28.890247,28.920248,3088000
hardzero_plus_depr__c0p54__z1p05__lam0p030__nu0p50__psi1p00,hardzero_plus_depr,0.02,36,965,0.0,1,0.49384302,0.49384302,1.0165632,0.09625799,0.09625799,1.0,5.303501e-16,5.509673e-15,-27.144289,2.2364836,0.74549454,0.18400002,0.0,0.14177442,28.920248,28.950249,3091200
hardzero_plus_depr__c0p54__z1p05__lam0p030__nu0p50__psi1p00,hardzero_plus_depr,0.02,36,966,0.0,1,0.49384302,0.49384302,1.0453517,0.09008413,0.09008413,1.0,4.8166486e-16,5.346834e-15,-27.788067,2.2998197,0.76660657,0.16800001,0.008,0.1482782,28.950249,28.98025,3094400
hardzero_plus_depr__c0p54__z1p05__lam0p030__nu0p50__psi1p00,hardzero_plus_depr,0.02,36,967,0.0,1,0.49384302,0.49384302,1.0405465,0.09108639,0.09108639,1.0,4.7262977e-16,5.188808e-15,-26.44731,2.289248,0.7630827,0.136,0.0,0.16188923,28.98025,29.01025,3097600
hardzero_plus_depr__c0p54__z1p05__lam0p030__nu0p50__psi1p00,hardzero_plus_depr,0.02,36,968,0.0,1,0.49384302,0.49384302,1.1283523,0.0,0.074412815,0.0,0.0,5.0354516e-15,-29.934256,2.4824245,0.82747483,0.136,0.0,0.20363721,29.01025,29.04025,3100800
hardzero_plus_depr__c0p54__z1p05__lam0p030__nu0p50__psi1p00,hardzero_plus_depr,0.02,36,969,0.0,1,0.49384302,0.49384302,1.0894898,0.0,0.08137858,0.0,0.0,4.8866288e-15,-28.945526,2.3969254,0.79897517,0.15200001,0.0,0.18515073,29.04025,29.070251,3104000
hardzero_plus_depr__c0p54__z1p05__lam0p030__nu0p50__psi1p00,hardzero_plus_depr,0.02,36,970,0.0,1,0.49384302,0.49384302,1.0325404,0.09278111,0.09278111,1.0,4.3998692e-16,4.7422037e-15,-27.162693,2.2716343,0.75721145,0.072000004,0.0,0.14783686,29.070251,29.100252,3107200
hardzero_plus_depr__c0p54__z1p05__lam0p030__nu0p50__psi1p00,hardzero_plus_depr,0.02,36,971,0.0,1,0.49384302,0.49384302,1.0434965,0.09046977,0.09046977,1.0,4.1634613e-16,4.602047e-15,-27.705778,2.2957382,0.7652461,0.14400001,0.0,0.17356794,29.100252,29.130253,3110400
hardzero_plus_depr__c0p54__z1p05__lam0p030__nu0p50__psi1p00,hardzero_plus_depr,0.02,36,972,0.0,1,0.49384302,0.49384302,1.0561213,0.0,0.08787768,0.0,0.0,4.466033e-15,-28.099377,2.3235133,0.7745044,0.16800001,0.0,0.16424471,29.130253,29.160254,3113600
hardzero_plus_depr__c0p54__z1p05__lam0p030__nu0p50__psi1p00,hardzero_plus_depr,0.02,36,973,0.0,1,0.49384302,0.49384302,1.0221045,0.0950376,0.0950376,1.0,4.1189666e-16,4.334039e-15,-26.495232,2.2486749,0.7495583,0.128,0.0,0.12223781,29.160254,29.190254,3116800
hardzero_plus_depr__c0p54__z1p05__lam0p030__nu0p50__psi1p00,hardzero_plus_depr,0.02,36,974,0.0,1,0.49384302,0.49384302,0.9915556,0.10196342,0.10196342,1.0,4.288526e-16,4.2059455e-15,-26.662552,2.1814659,0.7271553,0.128,0.0,0.12647305,29.190254,29.220255,3120000
hardzero_plus_depr__c0p54__z1p05__lam0p030__nu0p50__psi1p00,hardzero_plus_depr,0.02,36,975,0.0,1,0.49384302,0.49384302,1.0368176,0.09187186,0.09187186,1.0,3.7498773e-16,4.0816387e-15,-27.815111,2.2810442,0.7603481,0.12,0.0,0.14975825,29.220255,29.250256,3123200
hardzero_plus_depr__c0p54__z1p05__lam0p030__nu0p50__psi1p00,hardzero_plus_depr,0.02,36,976,0.0,1,0.49384302,0.49384302,1.0194266,0.09562542,0.09562542,1.0,3.787728e-16,3.961005e-15,-27.449213,2.2427833,0.7475945,0.18400002,0.0,0.15450099,29.250256,29.280256,3126400
hardzero_plus_depr__c0p54__z1p05__lam0p030__nu0p50__psi1p00,hardzero_plus_depr,0.02,36,977,0.0,1,0.49384302,0.49384302,1.0297022,0.093389444,0.093389444,1.0,3.5898315e-16,3.843937e-15,-26.774334,2.26539,0.75513,0.16000001,0.0,0.1522524,29.280256,29.310257,3129600
hardzero_plus_depr__c0p54__z1p05__lam0p030__nu0p50__psi1p00,hardzero_plus_depr,0.02,36,978,0.0,1,0.49384302,0.49384302,1.0364547,0.091948636,0.091948636,1.0,3.4299869e-16,3.7303293e-15,-26.2225,2.2802458,0.76008195,0.08800001,0.0,0.14942238,29.310257,29.340258,3132800
hardzero_plus_depr__c0p54__z1p05__lam0p030__nu0p50__psi1p00,hardzero_plus_depr,0.02,36,979,0.0,1,0.49384302,0.49384302,1.0349998,0.09225719,0.09225719,1.0,3.3397826e-16,3.6200786e-15,-27.020098,2.2770452,0.7590151,0.112,0.0,0.13214733,29.340258,29.370258,3136000
hardzero_plus_depr__c0p54__z1p05__lam0p030__nu0p50__psi1p00,hardzero_plus_depr,0.02,36,980,0.0,1,0.49384302,0.49384302,1.0616026,0.0,0.08677555,0.0,0.0,3.5130867e-15,-27.412186,2.3355722,0.7785241,0.120000005,0.0,0.15670463,29.370258,29.400259,3139200
hardzero_plus_depr__c0p54__z1p05__lam0p030__nu0p50__psi1p00,hardzero_plus_depr,0.02,36,981,0.0,1,0.49384302,0.49384302,1.0287663,0.09359092,0.09359092,1.0,3.1907548e-16,3.4092568e-15,-28.039099,2.263331,0.75444365,0.120000005,0.0,0.1679275,29.400259,29.43026,3142400
hardzero_plus_depr__c0p54__z1p05__lam0p030__nu0p50__psi1p00,hardzero_plus_depr,0.02,36,982,0.0,1,0.49384302,0.49384302,1.05161,0.0,0.0887953,0.0,0.0,3.3084957e-15,-27.152712,2.3135881,0.77119607,0.16800001,0.0,0.14913225,29.43026,29.46026,3145600
hardzero_plus_depr__c0p54__z1p05__lam0p030__nu0p50__psi1p00,hardzero_plus_depr,0.02,36,983,0.0,1,0.49384302,0.49384302,1.0817916,0.0,0.08283394,0.0,0.0,3.210713e-15,-27.774076,2.3799891,0.7933297,0.15200001,0.0,0.16481614,29.46026,29.490261,3148800
hardzero_plus_depr__c0p54__z1p05__lam0p030__nu0p50__psi1p00,hardzero_plus_depr,0.02,36,984,0.0,1,0.49384302,0.49384302,1.0699733,0.0,0.08511902,0.0,0.0,3.1158198e-15,-27.723785,2.3539884,0.78466284,0.16000001,0.0,0.16829202,29.490261,29.520262,3152000
hardzero_plus_depr__c0p54__z1p05__lam0p030__nu0p50__psi1p00,hardzero_plus_depr,0.02,36,985,0.0,1,0.49384302,0.49384302,0.9891333,0.10253372,0.10253372,1.0,3.100344e-16,3.023731e-15,-26.848503,2.1761367,0.72537893,0.208,0.0,0.15406902,29.520262,29.550262,3155200
hardzero_plus_depr__c0p54__z1p05__lam0p030__nu0p50__psi1p00,hardzero_plus_depr,0.02,36,986,0.0,1,0.49384302,0.49384302,0.9927571,0.101681724,0.101681724,1.0,2.9837125e-16,2.9343646e-15,-27.052244,2.1841092,0.7280364,0.192,0.0,0.12120621,29.550262,29.580263,3158400
hardzero_plus_depr__c0p54__z1p05__lam0p030__nu0p50__psi1p00,hardzero_plus_depr,0.02,36,987,0.0,1,0.49384302,0.49384302,1.0460523,0.08993891,0.08993891,1.0,2.5611354e-16,2.847639e-15,-27.818733,2.301361,0.76712036,0.14400001,0.0,0.168051,29.580263,29.610264,3161600
hardzero_plus_depr__c0p54__z1p05__lam0p030__nu0p50__psi1p00,hardzero_plus_depr,0.02,36,988,0.0,1,0.49384302,0.49384302,1.0898167,0.0,0.08131737,0.0,0.0,2.7634765e-15,-28.194695,2.3976445,0.79921484,0.17,0.0,0.16989462,29.610264,29.640265,3164800
hardzero_plus_depr__c0p54__z1p05__lam0p030__nu0p50__psi1p00,hardzero_plus_depr,0.02,36,989,0.0,1,0.49384302,0.49384302,1.0291893,0.093499795,0.093499795,1.0,2.5074793e-16,2.681802e-15,-27.575312,2.2642617,0.75475395,0.16000001,0.0,0.13940342,29.640265,29.670265,3168000
hardzero_plus_depr__c0p54__z1p05__lam0p030__nu0p50__psi1p00,hardzero_plus_depr,0.02,36,990,0.0,1,0.49384302,0.49384302,1.0325315,0.09278301,0.09278301,1.0,2.4147157e-16,2.6025407e-15,-27.427177,2.2716146,0.7572049,0.136,0.0,0.1648519,29.670265,29.700266,3171200
hardzero_plus_depr__c0p54__z1p05__lam0p030__nu0p50__psi1p00,hardzero_plus_depr,0.02,36,991,0.0,1,0.49384302,0.49384302,1.0416427,0.09085678,0.09085678,1.0,2.294699e-16,2.5256223e-15,-27.15163,2.2916596,0.7638866,0.17600001,0.0,0.14790666,29.700266,29.730267,3174400
hardzero_plus_depr__c0p54__z1p05__lam0p030__nu0p50__psi1p00,hardzero_plus_depr,0.02,36,992,0.0,1,0.49384302,0.49384302,1.0311481,0.093079045,0.093079045,1.0,2.2813464e-16,2.4509773e-15,-27.407991,2.2685711,0.7561904,0.16000001,0.0,0.16590483,29.730267,29.760267,3177600
hardzero_plus_depr__c0p54__z1p05__lam0p030__nu0p50__psi1p00,hardzero_plus_depr,0.02,36,993,0.0,1,0.49384302,0.49384302,1.0309931,0.093112275,0.093112275,1.0,2.214711e-16,2.3785382e-15,-27.257324,2.2682302,0.75607675,0.14400001,0.0,0.12459308,29.760267,29.790268,3180800
hardzero_plus_depr__c0p54__z1p05__lam0p030__nu0p50__psi1p00,hardzero_plus_depr,0.02,36,994,0.0,1,0.49384302,0.49384302,0.993322,0.101549536,0.101549536,1.0,2.3440072e-16,2.3082402e-15,-26.472284,2.185352,0.7284507,0.16000001,0.0,0.155016,29.790268,29.820269,3184000
hardzero_plus_depr__c0p54__z1p05__lam0p030__nu0p50__psi1p00,hardzero_plus_depr,0.02,36,995,0.0,1,0.49384302,0.49384302,1.0457424,0.09000313,0.09000313,1.0,2.016088e-16,2.2400197e-15,-27.759674,2.3006792,0.7668931,0.104,0.0,0.14916314,29.820269,29.85027,3187200
hardzero_plus_depr__c0p54__z1p05__lam0p030__nu0p50__psi1p00,hardzero_plus_depr,0.02,36,996,0.0,1,0.49384302,0.49384302,1.0263623,0.09411042,0.09411042,1.0,2.0457872e-16,2.1738158e-15,-26.656088,2.258042,0.7526807,0.16000001,0.0,0.16055074,29.85027,29.88027,3190400
hardzero_plus_depr__c0p54__z1p05__lam0p030__nu0p50__psi1p00,hardzero_plus_depr,0.02,36,997,0.0,1,0.49384302,0.49384302,1.0457929,0.089992665,0.089992665,1.0,1.8984568e-16,2.1095684e-15,-27.553122,2.3007903,0.7669301,0.14400001,0.0,0.14730813,29.88027,29.91027,3193600
hardzero_plus_depr__c0p54__z1p05__lam0p030__nu0p50__psi1p00,hardzero_plus_depr,0.02,36,998,0.0,1,0.49384302,0.49384302,1.1268027,0.0,0.074678786,0.0,0.0,2.0472198e-15,-28.902536,2.4790154,0.82633847,0.128,0.0,0.23903647,29.91027,29.940271,3196800
hardzero_plus_depr__c0p54__z1p05__lam0p030__nu0p50__psi1p00,hardzero_plus_depr,0.02,36,999,0.0,1,0.49384302,0.49384302,0.96028113,0.10957687,0.10957687,1.0,2.176979e-16,1.9867139e-15,-26.414513,2.1126606,0.70422024,0.18400002,0.0,0.14189342,29.940271,29.970272,3200000
hardzero_plus_depr__c0p54__z1p05__lam0p030__nu0p50__psi1p00,hardzero_plus_depr,0.02,36,1000,0.0,1,0.49384302,0.49384302,0.99056345,0.10219663,0.10219663,1.0,1.9703471e-16,1.9279963e-15,-27.257029,2.1792831,0.72642773,0.192,0.0,0.145247,29.970272,30.000273,3203200
hardzero_plus_depr__c0p54__z1p05__lam0p030__nu0p50__psi1p00,hardzero_plus_depr,0.02,36,1001,0.0,1,0.49384302,0.49384302,1.0634813,0.0,0.08640098,0.0,0.0,1.8710143e-15,-27.762524,2.3397057,0.7799019,0.11,0.0,0.13511656,30.000273,30.030273,3206400
hardzero_plus_depr__c0p54__z1p05__lam0p030__nu0p50__psi1p00,hardzero_plus_depr,0.02,36,1002,0.0,1,0.49384302,0.49384302,1.047843,0.08956886,0.08956886,1.0,1.6263162e-16,1.8157161e-15,-27.471302,2.3053005,0.7684335,0.128,0.0,0.15314631,30.030273,30.060274,3209600
hardzero_plus_depr__c0p54__z1p05__lam0p030__nu0p50__psi1p00,hardzero_plus_depr,0.02,36,1003,0.0,1,0.49384302,0.49384302,1.0146269,0.09668814,0.09668814,1.0,1.7036956e-16,1.7620524e-15,-26.878782,2.2322237,0.7440746,0.120000005,0.0,0.13789356,30.060274,30.090275,3212800
hardzero_plus_depr__c0p54__z1p05__lam0p030__nu0p50__psi1p00,hardzero_plus_depr,0.02,36,1004,0.0,1,0.49384302,0.49384302,1.0377885,0.09166667,0.09166667,1.0,1.567477e-16,1.7099748e-15,-27.390821,2.2831802,0.7610601,0.120000005,0.008,0.13632394,30.090275,30.120275,3216000
hardzero_plus_depr__c0p54__z1p05__lam0p030__nu0p50__psi1p00,hardzero_plus_depr,0.02,36,1005,0.0,1,0.49384302,0.49384302,1.0229775,0.09484678,0.09484678,1.0,1.5739216e-16,1.659436e-15,-27.52998,2.2505953,0.7501985,0.17600001,0.0,0.15431689,30.120275,30.150276,3219200
hardzero_plus_depr__c0p54__z1p05__lam0p030__nu0p50__psi1p00,hardzero_plus_depr,0.02,36,1006,0.0,1,0.49384302,0.49384302,1.0532147,0.0,0.08846781,0.0,0.0,1.6103913e-15,-28.172817,2.3171186,0.7723729,0.136,0.0,0.20067827,30.150276,30.180277,3222400
hardzero_plus_depr__c0p54__z1p05__lam0p030__nu0p50__psi1p00,hardzero_plus_depr,0.02,36,1007,0.0,1,0.49384302,0.49384302,1.0988266,0.0,0.07964772,0.0,0.0,1.5627959e-15,-28.391068,2.4174669,0.8058223,0.112,0.0,0.1791615,30.180277,30.210278,3225600
hardzero_plus_depr__c0p54__z1p05__lam0p030__nu0p50__psi1p00,hardzero_plus_depr,0.02,36,1008,0.0,1,0.49384302,0.49384302,0.97352785,0.10628503,0.10628503,1.0,1.6119265e-16,1.5166073e-15,-26.511343,2.141804,0.71393466,0.192,0.0,0.12304098,30.210278,30.240278,3228800
hardzero_plus_depr__c0p54__z1p05__lam0p030__nu0p50__psi1p00,hardzero_plus_depr,0.02,36,1009,0.0,1,0.49384302,0.49384302,1.0244417,0.09452752,0.09452752,1.0,1.3912408e-16,1.4717838e-15,-27.148834,2.2538168,0.7512723,0.2,0.0,0.15220821,30.240278,30.270279,3232000
hardzero_plus_depr__c0p54__z1p05__lam0p030__nu0p50__psi1p00,hardzero_plus_depr,0.02,36,1010,0.0,1,0.49384302,0.49384302,1.0442585,0.09031118,0.09031118,1.0,1.289901e-16,1.428285e-15,-27.212439,2.2974145,0.7658049,0.15200001,0.0,0.17058356,30.270279,30.30028,3235200
hardzero_plus_depr__c0p54__z1p05__lam0p030__nu0p50__psi1p00,hardzero_plus_depr,0.02,36,1011,0.0,1,0.49384302,0.49384302,0.97031605,0.10707398,0.10707398,1.0,1.4841223e-16,1.3860719e-15,-26.14797,2.134738,0.7115793,0.18400002,0.0,0.14197487,30.30028,30.33028,3238400
hardzero_plus_depr__c0p54__z1p05__lam0p030__nu0p50__psi1p00,hardzero_plus_depr,0.02,36,1012,0.0,1,0.49384302,0.49384302,1.0793713,0.0,0.083296865,0.0,0.0,1.3451063e-15,-27.930298,2.3746643,0.7915548,0.14400001,0.0,0.14834775,30.33028,30.360281,3241600
hardzero_plus_depr__c0p54__z1p05__lam0p030__nu0p50__psi1p00,hardzero_plus_depr,0.02,36,1013,0.0,1,0.49384302,0.49384302,1.0800787,0.0,0.083161294,0.0,0.0,1.3053516e-15,-27.871584,2.3762207,0.7920736,0.16800001,0.0,0.16456029,30.360281,30.390282,3244800
hardzero_plus_depr__c0p54__z1p05__lam0p030__nu0p50__psi1p00,hardzero_plus_depr,0.02,36,1014,0.0,1,0.49384302,0.49384302,1.0257863,0.09423532,0.09423532,1.0,1.1937464e-16,1.2667718e-15,-27.592043,2.256775,0.7522583,0.14999999,0.0,0.13383493,30.390282,30.420282,3248000
hardzero_plus_depr__c0p54__z1p05__lam0p030__nu0p50__psi1p00,hardzero_plus_depr,0.02,36,1015,0.0,1,0.49384302,0.49384302,0.9885086,0.10268131,0.10268131,1.0,1.2622943e-16,1.2293321e-15,-26.400045,2.1747622,0.72492075,0.136,0.0,0.11870132,30.420282,30.450283,3251200
hardzero_plus_depr__c0p54__z1p05__lam0p030__nu0p50__psi1p00,hardzero_plus_depr,0.02,36,1016,0.0,1,0.49384302,0.49384302,1.0524235,0.0,0.08862914,0.0,0.0,1.192999e-15,-27.579966,2.315378,0.77179265,0.112,0.0,0.16577753,30.450283,30.480284,3254400
hardzero_plus_depr__c0p54__z1p05__lam0p030__nu0p50__psi1p00,hardzero_plus_depr,0.02,36,1017,0.0,1,0.49384302,0.49384302,1.0599557,0.0,0.08710523,0.0,0.0,1.1577398e-15,-27.50041,2.3319492,0.77731645,0.16000001,0.0,0.15637606,30.480284,30.510284,3257600
hardzero_plus_depr__c0p54__z1p05__lam0p030__nu0p50__psi1p00,hardzero_plus_depr,0.02,36,1018,0.0,1,0.49384302,0.49384302,1.0960937,0.0,0.080150515,0.0,0.0,1.1235226e-15,-28.587925,2.4114542,0.8038181,0.112,0.0,0.1764781,30.510284,30.540285,3260800
hardzero_plus_depr__c0p54__z1p05__lam0p030__nu0p50__psi1p00,hardzero_plus_depr,0.02,36,1019,0.0,1,0.49384302,0.49384302,1.0052638,0.09879529,0.09879529,1.0,1.0771816e-16,1.0903168e-15,-26.879793,2.2116246,0.73720825,0.136,0.0,0.14569142,30.540285,30.570286,3264000
hardzero_plus_depr__c0p54__z1p05__lam0p030__nu0p50__psi1p00,hardzero_plus_depr,0.02,36,1020,0.0,1,0.49384302,0.49384302,1.0258253,0.09422685,0.09422685,1.0,9.97007e-17,1.0580923e-15,-27.767277,2.2568607,0.7522869,0.136,0.0,0.1571858,30.570286,30.600286,3267200
hardzero_plus_depr__c0p54__z1p05__lam0p030__nu0p50__psi1p00,hardzero_plus_depr,0.02,36,1021,0.0,1,0.49384302,0.49384302,1.0674797,0.0,0.08560916,0.0,0.0,1.0268202e-15,-27.723913,2.3485024,0.7828342,0.112,0.0,0.16246678,30.600286,30.630287,3270400
hardzero_plus_depr__c0p54__z1p05__lam0p030__nu0p50__psi1p00,hardzero_plus_depr,0.02,36,1022,0.0,1,0.49384302,0.49384302,1.1008667,0.0,0.07927447,0.0,0.0,9.964724e-16,-28.634142,2.421955,0.8073184,0.15200001,0.0,0.17731045,30.630287,30.660288,3273600
hardzero_plus_depr__c0p54__z1p05__lam0p030__nu0p50__psi1p00,hardzero_plus_depr,0.02,36,1023,0.0,1,0.49384302,0.49384302,1.0048048,0.09889974,0.09889974,1.0,9.563817e-17,9.670215e-16,-26.990112,2.210615,0.73687166,0.15200001,0.0,0.14324132,30.660288,30.690289,3276800
hardzero_plus_depr__c0p54__z1p05__lam0p030__nu0p50__psi1p00,hardzero_plus_depr,0.02,36,1024,0.0,1,0.49384302,0.49384302,1.0894331,0.0,0.08138922,0.0,0.0,9.384411e-16,-28.802225,2.3968005,0.7989335,0.104,0.0,0.18543269,30.690289,30.72029,3280000
hardzero_plus_depr__c0p54__z1p05__lam0p030__nu0p50__psi1p00,hardzero_plus_depr,0.02,36,1025,0.0,1,0.49384302,0.49384302,1.0566821,0.0,0.0877643,0.0,0.0,9.107054e-16,-27.790049,2.324747,0.7749157,0.128,0.0,0.13826706,30.72029,30.75029,3283200
hardzero_plus_depr__c0p54__z1p05__lam0p030__nu0p50__psi1p00,hardzero_plus_depr,0.02,36,1026,0.0,1,0.49384302,0.49384302,1.0842384,0.0,0.082368575,0.0,0.0,8.8378936e-16,-27.200039,2.3853722,0.79512405,0.16000001,0.0,0.1567745,30.75029,30.78029,3286400
hardzero_plus_depr__c0p54__z1p05__lam0p030__nu0p50__psi1p00,hardzero_plus_depr,0.02,36,1027,0.0,1,0.49384302,0.49384302,1.0712744,0.0,0.0848644,0.0,0.0,8.576688e-16,-28.692656,2.3568506,0.7856169,0.22999999,0.0,0.16514298,30.78029,30.810291,3289600
hardzero_plus_depr__c0p54__z1p05__lam0p030__nu0p50__psi1p00,hardzero_plus_depr,0.02,36,1028,0.0,1,0.49384302,0.49384302,1.0444832,0.09026446,0.09026446,1.0,7.5128944e-17,8.323203e-16,-26.978718,2.2979088,0.76596963,0.128,0.0,0.15125392,30.810291,30.840292,3292800
hardzero_plus_depr__c0p54__z1p05__lam0p030__nu0p50__psi1p00,hardzero_plus_depr,0.02,36,1029,0.0,1,0.49384302,0.49384302,1.0041789,0.09904238,0.09904238,1.0,7.999861e-17,8.07721e-16,-25.927752,2.2092376,0.7364125,0.23200001,0.0,0.14390483,30.840292,30.870293,3296000
hardzero_plus_depr__c0p54__z1p05__lam0p030__nu0p50__psi1p00,hardzero_plus_depr,0.02,36,1030,0.0,1,0.49384302,0.49384302,1.0477597,0.08958605,0.08958605,1.0,7.022191e-17,7.838487e-16,-27.282015,2.3051174,0.7683725,0.216,0.0,0.13949656,30.870293,30.900293,3299200
hardzero_plus_depr__c0p54__z1p05__lam0p030__nu0p50__psi1p00,hardzero_plus_depr,0.02,36,1031,0.0,1,0.49384302,0.49384302,1.0407419,0.09104541,0.09104541,1.0,6.92566e-17,7.606819e-16,-27.43172,2.2896779,0.763226,0.120000005,0.0,0.1649074,30.900293,30.930294,3302400
hardzero_plus_depr__c0p54__z1p05__lam0p030__nu0p50__psi1p00,hardzero_plus_depr,0.02,36,1032,0.0,1,0.49384302,0.49384302,1.0803254,0.0,0.08311408,0.0,0.0,7.3819985e-16,-28.473305,2.3767633,0.79225445,0.08800001,0.0,0.18642671,30.930294,30.960295,3305600
hardzero_plus_depr__c0p54__z1p05__lam0p030__nu0p50__psi1p00,hardzero_plus_depr,0.02,36,1033,0.0,1,0.49384302,0.49384302,1.0221988,0.09501698,0.09501698,1.0,6.806848e-17,7.163823e-16,-27.25943,2.2488823,0.7496275,0.18400002,0.0,0.1683008,30.960295,30.990295,3308800
hardzero_plus_depr__c0p54__z1p05__lam0p030__nu0p50__psi1p00,hardzero_plus_depr,0.02,36,1034,0.0,1,0.49384302,0.49384302,1.0395765,0.09129005,0.09129005,1.0,6.346571e-17,6.9520954e-16,-28.244707,2.2871141,0.7623714,0.17600001,0.0,0.18851832,30.990295,31.020296,3312000
hardzero_plus_depr__c0p54__z1p05__lam0p030__nu0p50__psi1p00,hardzero_plus_depr,0.02,36,1035,0.0,1,0.49384302,0.49384302,1.0601609,0.0,0.0870641,0.0,0.0,6.746625e-16,-27.323618,2.3324006,0.7774669,0.17600001,0.0,0.15733172,31.020296,31.050297,3315200
hardzero_plus_depr__c0p54__z1p05__lam0p030__nu0p50__psi1p00,hardzero_plus_depr,0.02,36,1036,0.0,1,0.49384302,0.49384302,1.1224748,0.0,0.07542671,0.0,0.0,6.547228e-16,-28.910093,2.4694939,0.82316464,0.104,0.0,0.1802459,31.050297,31.080297,3318400
hardzero_plus_depr__c0p54__z1p05__lam0p030__nu0p50__psi1p00,hardzero_plus_depr,0.02,36,1037,0.0,1,0.49384302,0.49384302,1.0850142,0.0,0.082221575,0.0,0.0,6.353723e-16,-29.343998,2.387079,0.79569304,0.15200001,0.0,0.18027169,31.080297,31.110298,3321600
hardzero_plus_depr__c0p54__z1p05__lam0p030__nu0p50__psi1p00,hardzero_plus_depr,0.02,36,1038,0.0,1,0.49384302,0.49384302,1.0279962,0.09375702,0.09375702,1.0,5.781e-17,6.165938e-16,-27.040024,2.2616367,0.75387895,0.18400002,0.0,0.1593965,31.110298,31.140299,3324800
hardzero_plus_depr__c0p54__z1p05__lam0p030__nu0p50__psi1p00,hardzero_plus_depr,0.02,36,1039,0.0,1,0.49384302,0.49384302,1.051263,0.0,0.08886627,0.0,0.0,5.983703e-16,-27.204485,2.3128247,0.7709416,0.192,0.0,0.15954232,31.140299,31.1703,3328000
hardzero_plus_depr__c0p54__z1p05__lam0p030__nu0p50__psi1p00,hardzero_plus_depr,0.02,36,1040,0.0,1,0.49384302,0.49384302,1.0587379,0.0,0.08734984,0.0,0.0,5.806854e-16,-27.083754,2.32927,0.77642334,0.14999999,0.0,0.13620506,31.1703,31.2003,3331200
hardzero_plus_depr__c0p54__z1p05__lam0p030__nu0p50__psi1p00,hardzero_plus_depr,0.02,36,1041,0.0,1,0.49384302,0.49384302,1.0632519,0.0,0.08644664,0.0,0.0,5.6352313e-16,-27.58494,2.3392007,0.7797336,0.128,0.0,0.1607373,31.2003,31.2303,3334400
hardzero_plus_depr__c0p54__z1p05__lam0p030__nu0p50__psi1p00,hardzero_plus_depr,0.02,36,1042,0.0,1,0.49384302,0.49384302,1.0046091,0.09894431,0.09894431,1.0,5.4109487e-17,5.4686813e-16,-26.976059,2.210184,0.7367281,0.15200001,0.0,0.14703013,31.2303,31.260302,3337600
hardzero_plus_depr__c0p54__z1p05__lam0p030__nu0p50__psi1p00,hardzero_plus_depr,0.02,36,1043,0.0,1,0.49384302,0.49384302,1.064686,0.0,0.086161666,0.0,0.0,5.307054e-16,-27.807219,2.342356,0.7807853,0.14400001,0.0,0.13930565,31.260302,31.290302,3340800
hardzero_plus_depr__c0p54__z1p05__lam0p030__nu0p50__psi1p00,hardzero_plus_depr,0.02,36,1044,0.0,1,0.49384302,0.49384302,1.0232412,0.0947892,0.0947892,1.0,4.8818363e-17,5.1502033e-16,-27.747631,2.2511754,0.75039184,0.16000001,0.0,0.15476036,31.290302,31.320303,3344000
hardzero_plus_depr__c0p54__z1p05__lam0p030__nu0p50__psi1p00,hardzero_plus_depr,0.02,36,1045,0.0,1,0.49384302,0.49384302,1.0221918,0.09501852,0.09501852,1.0,4.7490146e-17,4.9979883e-16,-26.906134,2.2488668,0.7496223,0.192,0.0,0.15234482,31.320303,31.350304,3347200
hardzero_plus_depr__c0p54__z1p05__lam0p030__nu0p50__psi1p00,hardzero_plus_depr,0.02,36,1046,0.0,1,0.49384302,0.49384302,1.0378534,0.09165299,0.09165299,1.0,4.4454195e-17,4.850272e-16,-27.471935,2.283323,0.7611077,0.16000001,0.0,0.15167539,31.350304,31.380304,3350400
hardzero_plus_depr__c0p54__z1p05__lam0p030__nu0p50__psi1p00,hardzero_plus_depr,0.02,36,1047,0.0,1,0.49384302,0.49384302,1.0899601,0.0,0.08129052,0.0,0.0,4.706922e-16,-27.869768,2.3979602,0.7993201,0.120000005,0.0,0.17068022,31.380304,31.410305,3353600
hardzero_plus_depr__c0p54__z1p05__lam0p030__nu0p50__psi1p00,hardzero_plus_depr,0.02,36,1048,0.0,1,0.49384302,0.49384302,0.9918181,0.10190181,0.10190181,1.0,4.6546786e-17,4.567808e-16,-25.796404,2.1820433,0.7273478,0.128,0.0,0.13834955,31.410305,31.440306,3356800
hardzero_plus_depr__c0p54__z1p05__lam0p030__nu0p50__psi1p00,hardzero_plus_depr,0.02,36,1049,0.0,1,0.49384302,0.49384302,0.9819447,0.10424503,0.10424503,1.0,4.6209796e-17,4.4328058e-16,-26.899906,2.1603215,0.7201072,0.16000001,0.0,0.14627858,31.440306,31.470306,3360000
hardzero_plus_depr__c0p54__z1p05__lam0p030__nu0p50__psi1p00,hardzero_plus_depr,0.02,36,1050,0.0,1,0.49384302,0.49384302,1.0280825,0.0937384,0.0937384,1.0,4.0324327e-17,4.3017937e-16,-27.366598,2.2618265,0.7539422,0.16800001,0.0,0.14702314,31.470306,31.500307,3363200
hardzero_plus_depr__c0p54__z1p05__lam0p030__nu0p50__psi1p00,hardzero_plus_depr,0.02,36,1051,0.0,1,0.49384302,0.49384302,1.0305328,0.093211,0.093211,1.0,3.8912363e-17,4.1746535e-16,-27.133192,2.2672176,0.7557392,0.216,0.0,0.14255089,31.500307,31.530308,3366400
hardzero_plus_depr__c0p54__z1p05__lam0p030__nu0p50__psi1p00,hardzero_plus_depr,0.02,36,1052,0.0,1,0.49384302,0.49384302,1.0372846,0.0917731,0.0917731,1.0,3.717977e-17,4.051271e-16,-26.913654,2.2820718,0.7606906,0.136,0.0,0.16239032,31.530308,31.560308,3369600
hardzero_plus_depr__c0p54__z1p05__lam0p030__nu0p50__psi1p00,hardzero_plus_depr,0.02,36,1053,0.0,1,0.49384302,0.49384302,1.0940154,0.0,0.080534995,0.0,0.0,3.9315352e-16,-28.339853,2.4068818,0.80229396,0.13,0.0,0.16969773,31.560308,31.59031,3372800
hardzero_plus_depr__c0p54__z1p05__lam0p030__nu0p50__psi1p00,hardzero_plus_depr,0.02,36,1054,0.0,1,0.49384302,0.49384302,1.0517353,0.0,0.08876969,0.0,0.0,3.8153384e-16,-27.704899,2.3138638,0.7712879,0.096,0.008,0.15769278,31.59031,31.62031,3376000
hardzero_plus_depr__c0p54__z1p05__lam0p030__nu0p50__psi1p00,hardzero_plus_depr,0.02,36,1055,0.0,1,0.49384302,0.49384302,1.0432354,0.09052417,0.09052417,1.0,3.3517256e-17,3.7025753e-16,-27.006174,2.2951636,0.7650546,0.136,0.0,0.17977536,31.62031,31.65031,3379200
hardzero_plus_depr__c0p54__z1p05__lam0p030__nu0p50__psi1p00,hardzero_plus_depr,0.02,36,1056,0.0,1,0.49384302,0.49384302,1.0887598,0.0,0.0815155,0.0,0.0,3.5931455e-16,-28.157804,2.3953195,0.79843986,0.128,0.0,0.16245402,31.65031,31.680311,3382400
hardzero_plus_depr__c0p54__z1p05__lam0p030__nu0p50__psi1p00,hardzero_plus_depr,0.02,36,1057,0.0,1,0.49384302,0.49384302,1.0250995,0.09438445,0.09438445,1.0,3.291138e-17,3.4869493e-16,-27.071611,2.255264,0.7517547,0.15200001,0.0,0.1558783,31.680311,31.710312,3385600
hardzero_plus_depr__c0p54__z1p05__lam0p030__nu0p50__psi1p00,hardzero_plus_depr,0.02,36,1058,0.0,1,0.49384302,0.49384302,0.9864041,0.10318007,0.10318007,1.0,3.4915022e-17,3.383892e-16,-26.227306,2.1701324,0.72337747,0.16000001,0.0,0.13873968,31.710312,31.740313,3388800
hardzero_plus_depr__c0p54__z1p05__lam0p030__nu0p50__psi1p00,hardzero_plus_depr,0.02,36,1059,0.0,1,0.49384302,0.49384302,1.0202278,0.09544917,0.09544917,1.0,3.1344368e-17,3.2838806e-16,-26.862257,2.244546,0.748182,0.192,0.0,0.13884778,31.740313,31.770313,3392000
hardzero_plus_depr__c0p54__z1p05__lam0p030__nu0p50__psi1p00,hardzero_plus_depr,0.02,36,1060,0.0,1,0.49384302,0.49384302,1.0681201,0.0,0.085483015,0.0,0.0,3.1868251e-16,-27.869017,2.3499112,0.78330374,0.096,0.0,0.12520869,31.770313,31.800314,3395200
hardzero_plus_depr__c0p54__z1p05__lam0p030__nu0p50__psi1p00,hardzero_plus_depr,0.02,36,1061,0.0,1,0.49384302,0.49384302,1.0551567,0.0,0.088073105,0.0,0.0,3.0926385e-16,-27.602179,2.321391,0.77379704,0.112,0.0,0.16123605,31.800314,31.830315,3398400
hardzero_plus_depr__c0p54__z1p05__lam0p030__nu0p50__psi1p00,hardzero_plus_depr,0.02,36,1062,0.0,1,0.49384302,0.49384302,1.0751165,0.0,0.08411694,0.0,0.0,3.001235e-16,-27.63723,2.3653035,0.7884345,0.128,0.0,0.1589974,31.830315,31.860315,3401600
hardzero_plus_depr__c0p54__z1p05__lam0p030__nu0p50__psi1p00,hardzero_plus_depr,0.02,36,1063,0.0,1,0.49384302,0.49384302,1.0458115,0.0899888,0.0899888,1.0,2.6209534e-17,2.9125328e-16,-27.444715,2.3008313,0.7669438,0.16800001,0.0,0.14329925,31.860315,31.890316,3404800
hardzero_plus_depr__c0p54__z1p05__lam0p030__nu0p50__psi1p00,hardzero_plus_depr,0.02,36,1064,0.0,1,0.49384302,0.49384302,1.0705153,0.0,0.08501288,0.0,0.0,2.8264529e-16,-27.626146,2.3551805,0.78506017,0.128,0.0,0.1478631,31.890316,31.920317,3408000
hardzero_plus_depr__c0p54__z1p05__lam0p030__nu0p50__psi1p00,hardzero_plus_depr,0.02,36,1065,0.0,1,0.49384302,0.49384302,0.9992596,0.100170635,0.100170635,1.0,2.747597e-17,2.7429166e-16,-26.348534,2.198415,0.732805,0.128,0.0,0.12740369,31.920317,31.950317,3411200
hardzero_plus_depr__c0p54__z1p05__lam0p030__nu0p50__psi1p00,hardzero_plus_depr,0.02,36,1066,0.0,1,0.49384302,0.49384302,1.0509087,0.0,0.08893881,0.0,0.0,2.6618492e-16,-27.973616,2.3120453,0.7706818,0.14999999,0.0,0.15624152,31.950317,31.980318,3414400
hardzero_plus_depr__c0p54__z1p05__lam0p030__nu0p50__psi1p00,hardzero_plus_depr,0.02,36,1067,0.0,1,0.49384302,0.49384302,1.0911312,0.0,0.0810716,0.0,0.0,2.5831779e-16,-28.315092,2.4005365,0.8001789,0.120000005,0.0,0.17152514,31.980318,32.01032,3417600
hardzero_plus_depr__c0p54__z1p05__lam0p030__nu0p50__psi1p00,hardzero_plus_depr,0.02,36,1068,0.0,1,0.49384302,0.49384302,1.0432723,0.09051651,0.09051651,1.0,2.2690967e-17,2.5068319e-16,-27.107395,2.2952447,0.7650816,0.16800001,0.0,0.13416001,32.01032,32.040318,3420800
hardzero_plus_depr__c0p54__z1p05__lam0p030__nu0p50__psi1p00,hardzero_plus_depr,0.02,36,1069,0.0,1,0.49384302,0.49384302,1.0149747,0.09661071,0.09661071,1.0,2.3502938e-17,2.4327467e-16,-27.616787,2.2329888,0.74432963,0.15200001,0.0,0.14467306,32.040318,32.070316,3424000
hardzero_plus_depr__c0p54__z1p05__lam0p030__nu0p50__psi1p00,hardzero_plus_depr,0.02,36,1070,0.0,1,0.49384302,0.49384302,1.0274198,0.09388155,0.09388155,1.0,2.2164035e-17,2.360851e-16,-27.055277,2.2603688,0.7534563,0.17600001,0.0,0.13810425,32.070316,32.100315,3427200
hardzero_plus_depr__c0p54__z1p05__lam0p030__nu0p50__psi1p00,hardzero_plus_depr,0.02,36,1071,0.0,1,0.49384302,0.49384302,1.0581002,0.0,0.08747818,0.0,0.0,2.29108e-16,-27.514795,2.327867,0.7759557,0.18400002,0.0,0.16658127,32.100315,32.130314,3430400
hardzero_plus_depr__c0p54__z1p05__lam0p030__nu0p50__psi1p00,hardzero_plus_depr,0.02,36,1072,0.0,1,0.49384302,0.49384302,1.0637271,0.0,0.086352095,0.0,0.0,2.2233712e-16,-27.95748,2.3402464,0.78008217,0.136,0.0,0.15873106,32.130314,32.160313,3433600
hardzero_plus_depr__c0p54__z1p05__lam0p030__nu0p50__psi1p00,hardzero_plus_depr,0.02,36,1073,0.0,1,0.49384302,0.49384302,1.0191926,0.095676966,0.095676966,1.0,2.0643867e-17,2.1576633e-16,-26.692356,2.2422686,0.7474229,0.192,0.0,0.1411381,32.160313,32.19031,3436800
hardzero_plus_depr__c0p54__z1p05__lam0p030__nu0p50__psi1p00,hardzero_plus_depr,0.02,36,1074,0.0,1,0.49384302,0.49384302,1.0409586,0.09099999,0.09099999,1.0,1.9054463e-17,2.0938972e-16,-27.190832,2.2901547,0.76338494,0.15200001,0.0,0.1595559,32.19031,32.22031,3440000
hardzero_plus_depr__c0p54__z1p05__lam0p030__nu0p50__psi1p00,hardzero_plus_depr,0.02,36,1075,0.0,1,0.49384302,0.49384302,1.0738089,0.0,0.0843706,0.0,0.0,2.0320158e-16,-28.006973,2.3624268,0.7874756,0.2,0.0,0.17925693,32.22031,32.25031,3443200
hardzero_plus_depr__c0p54__z1p05__lam0p030__nu0p50__psi1p00,hardzero_plus_depr,0.02,36,1076,0.0,1,0.49384302,0.49384302,1.0647098,0.0,0.086156934,0.0,0.0,1.9719628e-16,-27.39588,2.3424082,0.7808027,0.136,0.0,0.1529567,32.25031,32.280308,3446400
hardzero_plus_depr__c0p54__z1p05__lam0p030__nu0p50__psi1p00,hardzero_plus_depr,0.02,36,1077,0.0,1,0.49384302,0.49384302,1.0729878,0.0,0.084530264,0.0,0.0,1.9136851e-16,-28.706905,2.3606203,0.78687346,0.104,0.0,0.16109058,32.280308,32.310307,3449600
hardzero_plus_depr__c0p54__z1p05__lam0p030__nu0p50__psi1p00,hardzero_plus_depr,0.02,36,1078,0.0,1,0.49384302,0.49384302,1.0345052,0.0923623,0.0923623,1.0,1.7152874e-17,1.8571294e-16,-27.141865,2.275957,0.7586524,0.120000005,0.0,0.1570958,32.310307,32.340305,3452800
hardzero_plus_depr__c0p54__z1p05__lam0p030__nu0p50__psi1p00,hardzero_plus_depr,0.02,36,1079,0.0,1,0.49384302,0.49384302,1.0313039,0.09304565,0.09304565,1.0,1.6769107e-17,1.802245e-16,-28.404999,2.2689137,0.7563046,0.14999999,0.0,0.16319802,32.340305,32.370304,3456000
hardzero_plus_depr__c0p54__z1p05__lam0p030__nu0p50__psi1p00,hardzero_plus_depr,0.02,36,1080,0.0,1,0.49384302,0.49384302,0.9959759,0.10093089,0.10093089,1.0,1.7652638e-17,1.7489827e-16,-26.443485,2.1911907,0.7303969,0.136,0.0,0.14856762,32.370304,32.400303,3459200
hardzero_plus_depr__c0p54__z1p05__lam0p030__nu0p50__psi1p00,hardzero_plus_depr,0.02,36,1081,0.0,1,0.49384302,0.49384302,1.0287046,0.0936042,0.0936042,1.0,1.588739e-17,1.6972945e-16,-27.712456,2.2631955,0.7543985,0.128,0.0,0.1661402,32.400303,32.4303,3462400
hardzero_plus_depr__c0p54__z1p05__lam0p030__nu0p50__psi1p00,hardzero_plus_depr,0.02,36,1082,0.0,1,0.49384302,0.49384302,1.0907134,0.0,0.08114965,0.0,0.0,1.6471339e-16,-28.179123,2.3996174,0.7998725,0.112,0.0,0.17266844,32.4303,32.4603,3465600
hardzero_plus_depr__c0p54__z1p05__lam0p030__nu0p50__psi1p00,hardzero_plus_depr,0.02,36,1083,0.0,1,0.49384302,0.49384302,1.0836914,0.0,0.08247239,0.0,0.0,1.5984559e-16,-28.250956,2.3841686,0.7947229,0.17600001,0.0,0.19324976,32.4603,32.4903,3468800
hardzero_plus_depr__c0p54__z1p05__lam0p030__nu0p50__psi1p00,hardzero_plus_depr,0.02,36,1084,0.0,1,0.49384302,0.49384302,1.0591047,0.0,0.087276086,0.0,0.0,1.5512163e-16,-27.536777,2.330077,0.77669233,0.112,0.0,0.14807238,32.4903,32.520298,3472000
hardzero_plus_depr__c0p54__z1p05__lam0p030__nu0p50__psi1p00,hardzero_plus_depr,0.02,36,1085,0.0,1,0.49384302,0.49384302,1.0933055,0.0,0.08066675,0.0,0.0,1.5053726e-16,-28.39966,2.4053202,0.8017734,0.08800001,0.0,0.19156879,32.520298,32.550297,3475200
hardzero_plus_depr__c0p54__z1p05__lam0p030__nu0p50__psi1p00,hardzero_plus_depr,0.02,36,1086,0.0,1,0.49384302,0.49384302,1.0926459,0.0,0.08078935,0.0,0.0,1.460884e-16,-29.184546,2.403869,0.8012897,0.080000006,0.0,0.16495283,32.550297,32.580296,3478400
hardzero_plus_depr__c0p54__z1p05__lam0p030__nu0p50__psi1p00,hardzero_plus_depr,0.02,36,1087,0.0,1,0.49384302,0.49384302,1.0331665,0.09264744,0.09264744,1.0,1.3134721e-17,1.41771e-16,-27.153107,2.2730117,0.7576706,0.112,0.0,0.13364433,32.580296,32.610294,3481600
hardzero_plus_depr__c0p54__z1p05__lam0p030__nu0p50__psi1p00,hardzero_plus_depr,0.02,36,1088,0.0,1,0.49384302,0.49384302,1.0223801,0.09497732,0.09497732,1.0,1.3067094e-17,1.375812e-16,-27.264465,2.2492812,0.7497604,0.136,0.0,0.15087394,32.610294,32.640293,3484800
hardzero_plus_depr__c0p54__z1p05__lam0p030__nu0p50__psi1p00,hardzero_plus_depr,0.02,36,1089,0.0,1,0.49384302,0.49384302,1.0352037,0.092213884,0.092213884,1.0,1.2311957e-17,1.3351522e-16,-26.986938,2.2774935,0.7591645,0.136,0.0,0.13835311,32.640293,32.67029,3488000
hardzero_plus_depr__c0p54__z1p05__lam0p030__nu0p50__psi1p00,hardzero_plus_depr,0.02,36,1090,0.0,1,0.49384302,0.49384302,1.0149163,0.0966237,0.0966237,1.0,1.2519475e-17,1.2956941e-16,-26.93547,2.2328606,0.7442869,0.15200001,0.0,0.1729123,32.67029,32.70029,3491200
hardzero_plus_depr__c0p54__z1p05__lam0p030__nu0p50__psi1p00,hardzero_plus_depr,0.02,36,1091,0.0,1,0.49384302,0.49384302,1.0222204,0.09501225,0.09501225,1.0,1.194686e-17,1.2574021e-16,-26.749592,2.2489297,0.74964327,0.112,0.0,0.15118365,32.70029,32.73029,3494400
hardzero_plus_depr__c0p54__z1p05__lam0p030__nu0p50__psi1p00,hardzero_plus_depr,0.02,36,1092,0.0,1,0.49384302,0.49384302,1.0824537,0.0,0.082707755,0.0,0.0,1.2202418e-16,-28.597313,2.3814456,0.79381526,0.12,0.0,0.13662979,32.73029,32.76029,3497600
hardzero_plus_depr__c0p54__z1p05__lam0p030__nu0p50__psi1p00,hardzero_plus_depr,0.02,36,1093,0.0,1,0.49384302,0.49384302,1.1085453,0.0,0.07788514,0.0,0.0,1.1841796e-16,-28.432646,2.4388485,0.81294954,0.16800001,0.0,0.15998481,32.76029,32.790287,3500800
hardzero_plus_depr__c0p54__z1p05__lam0p030__nu0p50__psi1p00,hardzero_plus_depr,0.02,36,1094,0.0,1,0.49384302,0.49384302,1.0320877,0.09287787,0.09287787,1.0,1.06733695e-17,1.1491832e-16,-27.862556,2.2706382,0.75687945,0.16000001,0.0,0.13399768,32.790287,32.820286,3504000
hardzero_plus_depr__c0p54__z1p05__lam0p030__nu0p50__psi1p00,hardzero_plus_depr,0.02,36,1095,0.0,1,0.49384302,0.49384302,1.0013965,0.099678956,0.099678956,1.0,1.1116407e-17,1.115221e-16,-26.981024,2.2031164,0.73437214,0.208,0.008,0.1883164,32.820286,32.850285,3507200
hardzero_plus_depr__c0p54__z1p05__lam0p030__nu0p50__psi1p00,hardzero_plus_depr,0.02,36,1096,0.0,1,0.49384302,0.49384302,0.99780494,0.1005067,0.1005067,1.0,1.0877465e-17,1.08226267e-16,-26.964796,2.1952147,0.73173827,0.14400001,0.0,0.1745146,32.850285,32.880283,3510400
hardzero_plus_depr__c0p54__z1p05__lam0p030__nu0p50__psi1p00,hardzero_plus_depr,0.02,36,1097,0.0,1,0.49384302,0.49384302,1.0559663,0.0,0.08790907,0.0,0.0,1.0502782e-16,-27.298342,2.323172,0.7743907,0.17600001,0.0,0.16144155,32.880283,32.910282,3513600
hardzero_plus_depr__c0p54__z1p05__lam0p030__nu0p50__psi1p00,hardzero_plus_depr,0.02,36,1098,0.0,1,0.49384302,0.49384302,1.016477,0.09627709,0.09627709,1.0,9.812937e-18,1.01923905e-16,-26.800816,2.236294,0.74543136,0.17600001,0.0,0.1460992,32.910282,32.94028,3516800
hardzero_plus_depr__c0p54__z1p05__lam0p030__nu0p50__psi1p00,hardzero_plus_depr,0.02,36,1099,0.0,1,0.49384302,0.49384302,1.0559926,0.0,0.087903745,0.0,0.0,9.8911717e-17,-27.550032,2.32323,0.77441,0.16000001,0.0,0.17984779,32.94028,32.97028,3520000
hardzero_plus_depr__c0p54__z1p05__lam0p030__nu0p50__psi1p00,hardzero_plus_depr,0.02,36,1100,0.0,1,0.49384302,0.49384302,1.0580126,0.0,0.087495826,0.0,0.0,9.598856e-17,-28.89898,2.3276742,0.7758914,0.136,0.0,0.1976103,32.97028,33.00028,3523200
hardzero_plus_depr__c0p54__z1p05__lam0p030__nu0p50__psi1p00,hardzero_plus_depr,0.02,36,1101,0.0,1,0.49384302,0.49384302,1.1060351,0.0,0.07833663,0.0,0.0,9.315178e-17,-29.230997,2.4333258,0.8111086,0.16000001,0.0,0.18526137,33.00028,33.030277,3526400
hardzero_plus_depr__c0p54__z1p05__lam0p030__nu0p50__psi1p00,hardzero_plus_depr,0.02,36,1102,0.0,1,0.49384302,0.49384302,1.0764467,0.0,0.083859704,0.0,0.0,9.039884e-17,-28.712088,2.3682299,0.78941,0.15200001,0.0,0.18275577,33.030277,33.060276,3529600
hardzero_plus_depr__c0p54__z1p05__lam0p030__nu0p50__psi1p00,hardzero_plus_depr,0.02,36,1103,0.0,1,0.49384302,0.49384302,1.0465204,0.089842044,0.089842044,1.0,7.881597e-18,8.772726e-17,-27.186758,2.3023908,0.7674636,0.112,0.0,0.16252981,33.060276,33.090275,3532800
hardzero_plus_depr__c0p54__z1p05__lam0p030__nu0p50__psi1p00,hardzero_plus_depr,0.02,36,1104,0.0,1,0.49384302,0.49384302,1.0924659,0.0,0.08082283,0.0,0.0,8.5134626e-17,-28.547125,2.403473,0.80115765,0.16000001,0.0,0.17688417,33.090275,33.120274,3536000
hardzero_plus_depr__c0p54__z1p05__lam0p030__nu0p50__psi1p00,hardzero_plus_depr,0.02,36,1105,0.0,1,0.49384302,0.49384302,1.0913001,0.0,0.08104008,0.0,0.0,8.261862e-17,-28.073948,2.4009082,0.80030274,0.17999999,0.0,0.1334824,33.120274,33.150272,3539200
hardzero_plus_depr__c0p54__z1p05__lam0p030__nu0p50__psi1p00,hardzero_plus_depr,0.02,36,1106,0.0,1,0.49384302,0.49384302,1.0946962,0.0,0.08040885,0.0,0.0,8.017696e-17,-27.659935,2.4083796,0.8027932,0.120000005,0.0,0.17714119,33.150272,33.18027,3542400
hardzero_plus_depr__c0p54__z1p05__lam0p030__nu0p50__psi1p00,hardzero_plus_depr,0.02,36,1107,0.0,1,0.49384302,0.49384302,1.0920635,0.0,0.08089775,0.0,0.0,7.7807474e-17,-28.110231,2.402588,0.80086267,0.136,0.0,0.14465566,33.18027,33.21027,3545600
hardzero_plus_depr__c0p54__z1p05__lam0p030__nu0p50__psi1p00,hardzero_plus_depr,0.02,36,1108,0.0,1,0.49384302,0.49384302,1.011311,0.097429164,0.097429164,1.0,7.356682e-18,7.550801e-17,-26.797375,2.2249289,0.74164295,0.192,0.0,0.13534987,33.21027,33.24027,3548800
hardzero_plus_depr__c0p54__z1p05__lam0p030__nu0p50__psi1p00,hardzero_plus_depr,0.02,36,1109,0.0,1,0.49384302,0.49384302,0.99161357,0.10194981,0.10194981,1.0,7.4705245e-18,7.3276496e-17,-26.549437,2.1815934,0.7271978,0.224,0.0,0.14564252,33.24027,33.270267,3552000
hardzero_plus_depr__c0p54__z1p05__lam0p030__nu0p50__psi1p00,hardzero_plus_depr,0.02,36,1110,0.0,1,0.49384302,0.49384302,0.9553691,0.11082326,0.11082326,1.0,7.880746e-18,7.111094e-17,-25.929695,2.101854,0.700618,0.18400002,0.0,0.12931205,33.270267,33.300266,3555200
hardzero_plus_depr__c0p54__z1p05__lam0p030__nu0p50__psi1p00,hardzero_plus_depr,0.02,36,1111,0.0,1,0.49384302,0.49384302,1.0598078,0.0,0.08713491,0.0,0.0,6.9009376e-17,-27.65421,2.3316238,0.777208,0.136,0.0,0.15388025,33.300266,33.330265,3558400
hardzero_plus_depr__c0p54__z1p05__lam0p030__nu0p50__psi1p00,hardzero_plus_depr,0.02,36,1112,0.0,1,0.49384302,0.49384302,1.056452,0.0,0.08781081,0.0,0.0,6.6969925e-17,-27.843113,2.324241,0.774747,0.128,0.0,0.1507755,33.330265,33.360264,3561600
hardzero_plus_depr__c0p54__z1p05__lam0p030__nu0p50__psi1p00,hardzero_plus_depr,0.02,36,1113,0.0,1,0.49384302,0.49384302,0.9901043,0.10230472,0.10230472,1.0,6.6488596e-18,6.499074e-17,-26.370672,2.178273,0.726091,0.15200001,0.0,0.110432714,33.360264,33.390263,3564800
hardzero_plus_depr__c0p54__z1p05__lam0p030__nu0p50__psi1p00,hardzero_plus_depr,0.02,36,1114,0.0,1,0.49384302,0.49384302,1.0847632,0.0,0.08226911,0.0,0.0,6.3070053e-17,-28.14369,2.3865266,0.79550886,0.104,0.0,0.17600223,33.390263,33.42026,3568000
hardzero_plus_depr__c0p54__z1p05__lam0p030__nu0p50__psi1p00,hardzero_plus_depr,0.02,36,1115,0.0,1,0.49384302,0.49384302,1.0213782,0.09519668,0.09519668,1.0,5.8266197e-18,6.1206124e-17,-27.554676,2.2470767,0.7490256,0.112,0.0,0.16174117,33.42026,33.45026,3571200
hardzero_plus_depr__c0p54__z1p05__lam0p030__nu0p50__psi1p00,hardzero_plus_depr,0.02,36,1116,0.0,1,0.49384302,0.49384302,1.0969216,0.0,0.079997875,0.0,0.0,5.939728e-17,-28.689365,2.4132757,0.80442524,0.104,0.0,0.14845029,33.45026,33.48026,3574400
hardzero_plus_depr__c0p54__z1p05__lam0p030__nu0p50__psi1p00,hardzero_plus_depr,0.02,36,1117,0.0,1,0.49384302,0.49384302,1.0363387,0.09197319,0.09197319,1.0,5.3015097e-18,5.76419e-17,-25.81339,2.2799907,0.7599969,0.096,0.0,0.12039869,33.48026,33.510258,3577600
hardzero_plus_depr__c0p54__z1p05__lam0p030__nu0p50__psi1p00,hardzero_plus_depr,0.02,36,1118,0.0,1,0.49384302,0.49384302,1.0166632,0.09623583,0.09623583,1.0,5.3832774e-18,5.5938393e-17,-27.81583,2.2367036,0.7455679,0.21,0.0,0.15169322,33.510258,33.540257,3580800
hardzero_plus_depr__c0p54__z1p05__lam0p030__nu0p50__psi1p00,hardzero_plus_depr,0.02,36,1119,0.0,1,0.49384302,0.49384302,1.051954,0.0,0.08872498,0.0,0.0,5.4285227e-17,-26.505081,2.3143451,0.7714484,0.080000006,0.0,0.1627498,33.540257,33.570255,3584000
hardzero_plus_depr__c0p54__z1p05__lam0p030__nu0p50__psi1p00,hardzero_plus_depr,0.02,36,1120,0.0,1,0.49384302,0.49384302,1.0816078,0.0,0.082869016,0.0,0.0,5.268092e-17,-27.51026,2.3795848,0.79319495,0.14400001,0.0,0.17938413,33.570255,33.600254,3587200
hardzero_plus_depr__c0p54__z1p05__lam0p030__nu0p50__psi1p00,hardzero_plus_depr,0.02,36,1121,0.0,1,0.49384302,0.49384302,1.002813,0.09935438,0.09935438,1.0,5.0793964e-18,5.1124033e-17,-25.939455,2.2062325,0.73541087,0.16800001,0.0,0.16014811,33.600254,33.630253,3590400
hardzero_plus_depr__c0p54__z1p05__lam0p030__nu0p50__psi1p00,hardzero_plus_depr,0.02,36,1122,0.0,1,0.49384302,0.49384302,1.033777,0.0925173,0.0925173,1.0,4.590074e-18,4.9613142e-17,-27.895842,2.2743547,0.7581183,0.17600001,0.0,0.18830405,33.630253,33.66025,3593600
hardzero_plus_depr__c0p54__z1p05__lam0p030__nu0p50__psi1p00,hardzero_plus_depr,0.02,36,1123,0.0,1,0.49384302,0.49384302,1.050249,0.0,0.08907401,0.0,0.0,4.814691e-17,-27.449556,2.3105938,0.770198,0.16800001,0.0,0.14832217,33.66025,33.69025,3596800
hardzero_plus_depr__c0p54__z1p05__lam0p030__nu0p50__psi1p00,hardzero_plus_depr,0.02,36,1124,0.0,1,0.49384302,0.49384302,1.0687288,0.0,0.0853633,0.0,0.0,4.6724015e-17,-27.890957,2.3512504,0.7837502,0.16000001,0.0,0.1825532,33.69025,33.72025,3600000
hardzero_plus_depr__c0p54__z1p05__lam0p030__nu0p50__psi1p00,hardzero_plus_depr,0.02,36,1125,0.0,1,0.49384302,0.49384302,0.9976322,0.1005467,0.1005467,1.0,4.5591056e-18,4.5343163e-17,-27.796959,2.1948347,0.7316116,0.14400001,0.0,0.14068756,33.72025,33.750248,3603200
hardzero_plus_depr__c0p54__z1p05__lam0p030__nu0p50__psi1p00,hardzero_plus_depr,0.02,36,1126,0.0,1,0.49384302,0.49384302,1.0872974,0.0,0.08179045,0.0,0.0,4.4003127e-17,-28.353308,2.392102,0.79736733,0.104,0.0,0.16830234,33.750248,33.780247,3606400
hardzero_plus_depr__c0p54__z1p05__lam0p030__nu0p50__psi1p00,hardzero_plus_depr,0.02,36,1127,0.0,1,0.49384302,0.49384302,1.0784957,0.0,0.08346496,0.0,0.0,4.270269e-17,-28.354897,2.372738,0.7909126,0.208,0.0,0.16220939,33.780247,33.810246,3609600
hardzero_plus_depr__c0p54__z1p05__lam0p030__nu0p50__psi1p00,hardzero_plus_depr,0.02,36,1128,0.0,1,0.49384302,0.49384302,1.015799,0.09642751,0.09642751,1.0,3.996022e-18,4.1440683e-17,-26.767881,2.2348025,0.7449342,0.17600001,0.0,0.11903539,33.810246,33.840244,3612800
hardzero_plus_depr__c0p54__z1p05__lam0p030__nu0p50__psi1p00,hardzero_plus_depr,0.02,36,1129,0.0,1,0.49384302,0.49384302,1.0338833,0.09249467,0.09249467,1.0,3.7197634e-18,4.0215976e-17,-26.870552,2.2745888,0.7581963,0.192,0.0,0.16770129,33.840244,33.870243,3616000
hardzero_plus_depr__c0p54__z1p05__lam0p030__nu0p50__psi1p00,hardzero_plus_depr,0.02,36,1130,0.0,1,0.49384302,0.49384302,1.0563991,0.0,0.087821506,0.0,0.0,3.902746e-17,-28.032146,2.3241243,0.77470815,0.15200001,0.0,0.20923811,33.870243,33.90024,3619200
hardzero_plus_depr__c0p54__z1p05__lam0p030__nu0p50__psi1p00,hardzero_plus_depr,0.02,36,1131,0.0,1,0.49384302,0.49384302,1.0883514,0.0,0.08159219,0.0,0.0,3.7874072e-17,-27.892754,2.3944209,0.7981403,0.17999999,0.0,0.1701402,33.90024,33.93024,3622400
hardzero_plus_depr__c0p54__z1p05__lam0p030__nu0p50__psi1p00,hardzero_plus_depr,0.02,36,1132,0.0,1,0.49384302,0.49384302,1.0564395,0.0,0.08781334,0.0,0.0,3.675477e-17,-27.426767,2.3242133,0.7747378,0.16800001,0.0,0.1371109,33.93024,33.96024,3625600
hardzero_plus_depr__c0p54__z1p05__lam0p030__nu0p50__psi1p00,hardzero_plus_depr,0.02,36,1133,0.0,1,0.49384302,0.49384302,1.0674345,0.0,0.08561808,0.0,0.0,3.5668547e-17,-27.727102,2.348403,0.78280103,0.112,0.0,0.16552125,33.96024,33.99024,3628800
hardzero_plus_depr__c0p54__z1p05__lam0p030__nu0p50__psi1p00,hardzero_plus_depr,0.02,36,1134,0.0,1,0.49384302,0.49384302,1.0240407,0.09461484,0.09461484,1.0,3.2750382e-18,3.4614425e-17,-27.115732,2.2529345,0.7509782,0.208,0.0,0.15440297,33.99024,34.020237,3632000
hardzero_plus_depr__c0p54__z1p05__lam0p030__nu0p50__psi1p00,hardzero_plus_depr,0.02,36,1135,0.0,1,0.49384302,0.49384302,1.037257,0.09177894,0.09177894,1.0,3.0829878e-18,3.359145e-17,-27.751638,2.2820108,0.7606703,0.17600001,0.0,0.17209163,34.020237,34.050236,3635200
hardzero_plus_depr__c0p54__z1p05__lam0p030__nu0p50__psi1p00,hardzero_plus_depr,0.02,36,1136,0.0,1,0.49384302,0.49384302,1.0020924,0.09951939,0.09951939,1.0,3.2442044e-18,3.2598718e-17,-26.598661,2.2046473,0.7348825,0.18400002,0.0,0.14605968,34.050236,34.080235,3638400
hardzero_plus_depr__c0p54__z1p05__lam0p030__nu0p50__psi1p00,hardzero_plus_depr,0.02,36,1137,0.0,1,0.49384302,0.49384302,1.0520568,0.0,0.088704,0.0,0.0,3.1635317e-17,-27.848854,2.3145711,0.7715237,0.16000001,0.0,0.13629355,34.080235,34.110233,3641600
hardzero_plus_depr__c0p54__z1p05__lam0p030__nu0p50__psi1p00,hardzero_plus_depr,0.02,36,1138,0.0,1,0.49384302,0.49384302,1.0392928,0.091349706,0.091349706,1.0,2.8044715e-18,3.0700388e-17,-27.348574,2.28649,0.76216334,0.16000001,0.0,0.14015841,34.110233,34.140232,3644800
hardzero_plus_depr__c0p54__z1p05__lam0p030__nu0p50__psi1p00,hardzero_plus_depr,0.02,36,1139,0.0,1,0.49384302,0.49384302,1.0216912,0.09512809,0.09512809,1.0,2.8341598e-18,2.979309e-17,-26.648674,2.2477655,0.7492552,0.128,0.0,0.14915429,34.140232,34.17023,3648000
hardzero_plus_depr__c0p54__z1p05__lam0p030__nu0p50__psi1p00,hardzero_plus_depr,0.02,36,1140,0.0,1,0.49384302,0.49384302,1.0555555,0.0,0.08799227,0.0,0.0,2.891261e-17,-27.90966,2.3222685,0.7740895,0.2,0.0,0.16924457,34.17023,34.20023,3651200
hardzero_plus_depr__c0p54__z1p05__lam0p030__nu0p50__psi1p00,hardzero_plus_depr,0.02,36,1141,0.0,1,0.49384302,0.49384302,1.0569978,0.0,0.08770052,0.0,0.0,2.8058145e-17,-27.031109,2.3254416,0.7751472,0.136,0.0,0.1688333,34.20023,34.23023,3654400
hardzero_plus_depr__c0p54__z1p05__lam0p030__nu0p50__psi1p00,hardzero_plus_depr,0.02,36,1142,0.0,1,0.49384302,0.49384302,1.0409707,0.09099747,0.09099747,1.0,2.4777643e-18,2.7228936e-17,-27.352173,2.2901812,0.76339376,0.16000001,0.0,0.15934321,34.23023,34.260227,3657600
hardzero_plus_depr__c0p54__z1p05__lam0p030__nu0p50__psi1p00,hardzero_plus_depr,0.02,36,1143,0.0,1,0.49384302,0.49384302,1.0481538,0.08950477,0.08950477,1.0,2.3650949e-18,2.6424232e-17,-27.894056,2.3059843,0.76866144,0.120000005,0.0,0.16167414,34.260227,34.290226,3660800
hardzero_plus_depr__c0p54__z1p05__lam0p030__nu0p50__psi1p00,hardzero_plus_depr,0.02,36,1144,0.0,1,0.49384302,0.49384302,1.0534353,0.0,0.08842287,0.0,0.0,2.5643307e-17,-27.198338,2.317604,0.7725347,0.16,0.0,0.15854779,34.290226,34.320225,3664000
hardzero_plus_depr__c0p54__z1p05__lam0p030__nu0p50__psi1p00,hardzero_plus_depr,0.02,36,1145,0.0,1,0.49384302,0.49384302,1.0241144,0.0945988,0.0945988,1.0,2.3541351e-18,2.4885466e-17,-27.03158,2.2530966,0.75103223,0.112,0.0,0.12621781,34.320225,34.350224,3667200
hardzero_plus_depr__c0p54__z1p05__lam0p030__nu0p50__psi1p00,hardzero_plus_depr,0.02,36,1146,0.0,1,0.49384302,0.49384302,1.0504503,0.0,0.08903273,0.0,0.0,2.4150018e-17,-27.214432,2.3110368,0.7703456,0.18400002,0.0,0.13347346,34.350224,34.380222,3670400
hardzero_plus_depr__c0p54__z1p05__lam0p030__nu0p50__psi1p00,hardzero_plus_depr,0.02,36,1147,0.0,1,0.49384302,0.49384302,1.024604,0.094492204,0.094492204,1.0,2.2145482e-18,2.3436305e-17,-26.536028,2.2541738,0.7513913,0.120000005,0.0,0.13929382,34.380222,34.41022,3673600
hardzero_plus_depr__c0p54__z1p05__lam0p030__nu0p50__psi1p00,hardzero_plus_depr,0.02,36,1148,0.0,1,0.49384302,0.49384302,1.0482125,0.08949268,0.08949268,1.0,2.0353933e-18,2.2743685e-17,-28.173283,2.3061137,0.7687046,0.16800001,0.0,0.13958764,34.41022,34.44022,3676800
hardzero_plus_depr__c0p54__z1p05__lam0p030__nu0p50__psi1p00,hardzero_plus_depr,0.02,36,1149,0.0,1,0.49384302,0.49384302,1.0523301,0.0,0.08864818,0.0,0.0,2.2071535e-17,-27.872097,2.3151724,0.77172416,0.18400002,0.0,0.15907885,34.44022,34.47022,3680000
hardzero_plus_depr__c0p54__z1p05__lam0p030__nu0p50__psi1p00,hardzero_plus_depr,0.02,36,1150,0.0,1,0.49384302,0.49384302,1.0289005,0.093561985,0.093561985,1.0,2.0040274e-18,2.1419248e-17,-27.511736,2.2636263,0.7545421,0.112,0.0,0.15025474,34.47022,34.500217,3683200
hardzero_plus_depr__c0p54__z1p05__lam0p030__nu0p50__psi1p00,hardzero_plus_depr,0.02,36,1151,0.0,1,0.49384302,0.49384302,0.9899206,0.102348,0.102348,1.0,2.12743e-18,2.0786238e-17,-25.416882,2.1778688,0.7259563,0.120000005,0.0,0.1399381,34.500217,34.530216,3686400
hardzero_plus_depr__c0p54__z1p05__lam0p030__nu0p50__psi1p00,hardzero_plus_depr,0.02,36,1152,0.0,1,0.49384302,0.49384302,1.0390399,0.09140293,0.09140293,1.0,1.8437744e-18,2.0171939e-17,-26.95408,2.2859333,0.7619778,0.18400002,0.0,0.18939435,34.530216,34.560215,3689600
hardzero_plus_depr__c0p54__z1p05__lam0p030__nu0p50__psi1p00,hardzero_plus_depr,0.02,36,1153,0.0,1,0.49384302,0.49384302,1.1043984,0.0,0.0786324,0.0,0.0,1.957579e-17,-28.396517,2.429725,0.80990833,0.112,0.0,0.16891359,34.560215,34.590214,3692800
hardzero_plus_depr__c0p54__z1p05__lam0p030__nu0p50__psi1p00,hardzero_plus_depr,0.02,36,1154,0.0,1,0.49384302,0.49384302,1.1008588,0.0,0.079275906,0.0,0.0,1.8997262e-17,-29.212692,2.4219377,0.8073126,0.14400001,0.0,0.17060056,34.590214,34.620213,3696000
hardzero_plus_depr__c0p54__z1p05__lam0p030__nu0p50__psi1p00,hardzero_plus_depr,0.02,36,1155,0.0,1,0.49384302,0.49384302,1.0174513,0.09606136,0.09606136,1.0,1.770971e-18,1.8435831e-17,-26.966927,2.2384377,0.7461459,0.15200001,0.0,0.1481906,34.620213,34.65021,3699200
hardzero_plus_depr__c0p54__z1p05__lam0p030__nu0p50__psi1p00,hardzero_plus_depr,0.02,36,1156,0.0,1,0.49384302,0.49384302,1.0630196,0.0,0.08649288,0.0,0.0,1.7890992e-17,-28.466513,2.3386898,0.7795633,0.112,0.0,0.16126996,34.65021,34.68021,3702400
hardzero_plus_depr__c0p54__z1p05__lam0p030__nu0p50__psi1p00,hardzero_plus_depr,0.02,36,1157,0.0,1,0.49384302,0.49384302,1.0784564,0.0,0.08347253,0.0,0.0,1.7362253e-17,-27.854311,2.3726516,0.7908839,0.089999996,0.0,0.18146202,34.68021,34.71021,3705600
hardzero_plus_depr__c0p54__z1p05__lam0p030__nu0p50__psi1p00,hardzero_plus_depr,0.02,36,1158,0.0,1,0.49384302,0.49384302,1.0538635,0.0,0.088335745,0.0,0.0,1.6849141e-17,-27.003387,2.318546,0.7728487,0.16000001,0.0,0.1570991,34.71021,34.740208,3708800
hardzero_plus_depr__c0p54__z1p05__lam0p030__nu0p50__psi1p00,hardzero_plus_depr,0.02,36,1159,0.0,1,0.49384302,0.49384302,1.0246379,0.09448482,0.09448482,1.0,1.5449397e-18,1.6351195e-17,-26.369474,2.2542484,0.75141615,0.072000004,0.0,0.17602214,34.740208,34.770206,3712000
hardzero_plus_depr__c0p54__z1p05__lam0p030__nu0p50__psi1p00,hardzero_plus_depr,0.02,36,1160,0.0,1,0.49384302,0.49384302,0.9959763,0.100930795,0.100930795,1.0,1.6015661e-18,1.5867963e-17,-26.764042,2.1911917,0.7303972,0.192,0.0,0.14584023,34.770206,34.800205,3715200
hardzero_plus_depr__c0p54__z1p05__lam0p030__nu0p50__psi1p00,hardzero_plus_depr,0.02,36,1161,0.0,1,0.49384302,0.49384302,1.0576463,0.0,0.08756967,0.0,0.0,1.5399013e-17,-27.229506,2.3268683,0.7756228,0.128,0.0,0.15804037,34.800205,34.830204,3718400
hardzero_plus_depr__c0p54__z1p05__lam0p030__nu0p50__psi1p00,hardzero_plus_depr,0.02,36,1162,0.0,1,0.49384302,0.49384302,1.0234603,0.09474138,0.09474138,1.0,1.4158079e-18,1.4943923e-17,-27.13133,2.2516575,0.75055254,0.120000005,0.0,0.1545911,34.830204,34.860203,3721600
hardzero_plus_depr__c0p54__z1p05__lam0p030__nu0p50__psi1p00,hardzero_plus_depr,0.02,36,1163,0.0,1,0.49384302,0.49384302,1.0871556,0.0,0.081817165,0.0,0.0,1.450228e-17,-28.648735,2.3917902,0.7972634,0.128,0.0,0.15155105,34.860203,34.8902,3724800
hardzero_plus_depr__c0p54__z1p05__lam0p030__nu0p50__psi1p00,hardzero_plus_depr,0.02,36,1164,0.0,1,0.49384302,0.49384302,1.0894489,0.0,0.081386246,0.0,0.0,1.407369e-17,-28.052814,2.3968356,0.7989452,0.16000001,0.0,0.1663545,34.8902,34.9202,3728000
hardzero_plus_depr__c0p54__z1p05__lam0p030__nu0p50__psi1p00,hardzero_plus_depr,0.02,36,1165,0.0,1,0.49384302,0.49384302,1.0087134,0.09801367,0.09801367,1.0,1.3386479e-18,1.3657767e-17,-26.682991,2.2192137,0.7397379,0.192,0.0,0.12934555,34.9202,34.9502,3731200
hardzero_plus_depr__c0p54__z1p05__lam0p030__nu0p50__psi1p00,hardzero_plus_depr,0.02,36,1166,0.0,1,0.49384302,0.49384302,1.0939155,0.0,0.080553524,0.0,0.0,1.3254135e-17,-27.580639,2.406662,0.8022207,0.096,0.0,0.18394163,34.9502,34.980198,3734400
hardzero_plus_depr__c0p54__z1p05__lam0p030__nu0p50__psi1p00,hardzero_plus_depr,0.02,36,1167,0.0,1,0.49384302,0.49384302,1.0693223,0.0,0.08524672,0.0,0.0,1.2862431e-17,-27.684156,2.3525562,0.7841854,0.08800001,0.0,0.16027461,34.980198,35.010197,3737600
hardzero_plus_depr__c0p54__z1p05__lam0p030__nu0p50__psi1p00,hardzero_plus_depr,0.02,36,1168,0.0,1,0.49384302,0.49384302,1.0268135,0.09401269,0.09401269,1.0,1.1734951e-18,1.2482304e-17,-27.693504,2.2590349,0.75301164,0.112,0.0,0.1504643,35.010197,35.040195,3740800
hardzero_plus_depr__c0p54__z1p05__lam0p030__nu0p50__psi1p00,hardzero_plus_depr,0.02,36,1169,0.0,1,0.49384302,0.49384302,1.0069096,0.098421596,0.098421596,1.0,1.1922212e-18,1.2113411e-17,-26.3472,2.2152455,0.7384152,0.14400001,0.0,0.15326798,35.040195,35.070194,3744000
hardzero_plus_depr__c0p54__z1p05__lam0p030__nu0p50__psi1p00,hardzero_plus_depr,0.02,36,1170,0.0,1,0.49384302,0.49384302,1.0513675,0.0,0.088844895,0.0,0.0,1.175542e-17,-27.226948,2.3130548,0.77101827,0.11,0.0,0.16286464,35.070194,35.100193,3747200
hardzero_plus_depr__c0p54__z1p05__lam0p030__nu0p50__psi1p00,hardzero_plus_depr,0.02,36,1171,0.0,1,0.49384302,0.49384302,1.059735,0.0,0.08714952,0.0,0.0,1.14080085e-17,-27.53822,2.3314633,0.77715445,0.104,0.0,0.17551248,35.100193,35.13019,3750400
hardzero_plus_depr__c0p54__z1p05__lam0p030__nu0p50__psi1p00,hardzero_plus_depr,0.02,36,1172,0.0,1,0.49384302,0.49384302,1.069203,0.0,0.08527014,0.0,0.0,1.10708646e-17,-28.063095,2.3522937,0.7840979,0.16800001,0.0,0.13315003,35.13019,35.16019,3753600
hardzero_plus_depr__c0p54__z1p05__lam0p030__nu0p50__psi1p00,hardzero_plus_depr,0.02,36,1173,0.0,1,0.49384302,0.49384302,1.0361694,0.09200906,0.09200906,1.0,9.885163e-19,1.0743684e-17,-27.371857,2.2796183,0.7598728,0.136,0.0,0.16393092,35.16019,35.19019,3756800
hardzero_plus_depr__c0p54__z1p05__lam0p030__nu0p50__psi1p00,hardzero_plus_depr,0.02,36,1174,0.0,1,0.49384302,0.49384302,1.0879151,0.0,0.0816742,0.0,0.0,1.0426172e-17,-28.96972,2.393461,0.7978203,0.17600001,0.0,0.15959148,35.19019,35.22019,3760000
hardzero_plus_depr__c0p54__z1p05__lam0p030__nu0p50__psi1p00,hardzero_plus_depr,0.02,36,1175,0.0,1,0.49384302,0.49384302,1.0320582,0.09288418,0.09288418,1.0,9.398063e-19,1.0118045e-17,-26.803556,2.2705734,0.7568578,0.17600001,0.0,0.15435313,35.22019,35.250187,3763200
hardzero_plus_depr__c0p54__z1p05__lam0p030__nu0p50__psi1p00,hardzero_plus_depr,0.02,36,1176,0.0,1,0.49384302,0.49384302,1.1022333,0.0,0.079025395,0.0,0.0,9.8190235e-18,-28.92193,2.4249616,0.8083205,0.104,0.0,0.18580055,35.250187,35.280186,3766400
hardzero_plus_depr__c0p54__z1p05__lam0p030__nu0p50__psi1p00,hardzero_plus_depr,0.02,36,1177,0.0,1,0.49384302,0.49384302,1.0978649,0.0,0.0798243,0.0,0.0,9.52884e-18,-28.410902,2.415351,0.805117,0.14400001,0.0,0.15138122,35.280186,35.310184,3769600
hardzero_plus_depr__c0p54__z1p05__lam0p030__nu0p50__psi1p00,hardzero_plus_depr,0.02,36,1178,0.0,1,0.49384302,0.49384302,1.0097872,0.097771615,0.097771615,1.0,9.041167e-19,9.247231e-18,-26.804535,2.2215762,0.7405254,0.216,0.0,0.15469714,35.310184,35.340183,3772800
hardzero_plus_depr__c0p54__z1p05__lam0p030__nu0p50__psi1p00,hardzero_plus_depr,0.02,36,1179,0.0,1,0.49384302,0.49384302,1.0057042,0.09869516,0.09869516,1.0,8.856849e-19,8.973945e-18,-27.386633,2.2125933,0.7375311,0.18400002,0.0,0.18162787,35.340183,35.370182,3776000
hardzero_plus_depr__c0p54__z1p05__lam0p030__nu0p50__psi1p00,hardzero_plus_depr,0.02,36,1180,0.0,1,0.49384302,0.49384302,1.081954,0.0,0.08280297,0.0,0.0,8.708735e-18,-28.021097,2.3803463,0.7934488,0.128,0.0,0.15268941,35.370182,35.40018,3779200
hardzero_plus_depr__c0p54__z1p05__lam0p030__nu0p50__psi1p00,hardzero_plus_depr,0.02,36,1181,0.0,1,0.49384302,0.49384302,0.9801969,0.10466538,0.10466538,1.0,8.845652e-19,8.451364e-18,-26.143929,2.1564763,0.71882546,0.15200001,0.0,0.14605129,35.40018,35.43018,3782400
hardzero_plus_depr__c0p54__z1p05__lam0p030__nu0p50__psi1p00,hardzero_plus_depr,0.02,36,1182,0.0,1,0.49384302,0.49384302,0.9788892,0.104981005,0.104981005,1.0,8.6101204e-19,8.201598e-18,-26.60999,2.1535993,0.7178664,0.192,0.008,0.1427259,35.43018,35.46018,3785600
hardzero_plus_depr__c0p54__z1p05__lam0p030__nu0p50__psi1p00,hardzero_plus_depr,0.02,36,1183,0.0,1,0.49384302,0.49384302,1.0488043,0.08937082,0.08937082,1.0,7.113215e-19,7.9592146e-18,-27.720297,2.3074155,0.7691385,0.14999999,0.01,0.15858336,35.46018,35.490177,3788800
hardzero_plus_depr__c0p54__z1p05__lam0p030__nu0p50__psi1p00,hardzero_plus_depr,0.02,36,1184,0.0,1,0.49384302,0.49384302,1.0302538,0.09327091,0.09327091,1.0,7.204239e-19,7.723993e-18,-26.993587,2.2666035,0.7555345,0.112,0.0,0.14227585,35.490177,35.520176,3792000
hardzero_plus_depr__c0p54__z1p05__lam0p030__nu0p50__psi1p00,hardzero_plus_depr,0.02,36,1185,0.0,1,0.49384302,0.49384302,1.0701255,0.0,0.085089214,0.0,0.0,7.495725e-18,-27.036798,2.3543231,0.7847744,0.104,0.0,0.1510907,35.520176,35.550175,3795200
hardzero_plus_depr__c0p54__z1p05__lam0p030__nu0p50__psi1p00,hardzero_plus_depr,0.02,36,1186,0.0,1,0.49384302,0.49384302,0.98822355,0.10274873,0.10274873,1.0,7.4741486e-19,7.274201e-18,-26.624964,2.1741352,0.7247118,0.17600001,0.0,0.1502192,35.550175,35.580173,3798400
hardzero_plus_depr__c0p54__z1p05__lam0p030__nu0p50__psi1p00,hardzero_plus_depr,0.02,36,1187,0.0,1,0.49384302,0.49384302,1.1032437,0.0,0.07884175,0.0,0.0,7.059225e-18,-29.104044,2.4271846,0.8090615,0.14400001,0.0,0.17801476,35.580173,35.610172,3801600
hardzero_plus_depr__c0p54__z1p05__lam0p030__nu0p50__psi1p00,hardzero_plus_depr,0.02,36,1188,0.0,1,0.49384302,0.49384302,1.0703889,0.0,0.08503761,0.0,0.0,6.8506006e-18,-27.909636,2.3549027,0.7849676,0.120000005,0.0,0.13501535,35.610172,35.64017,3804800
hardzero_plus_depr__c0p54__z1p05__lam0p030__nu0p50__psi1p00,hardzero_plus_depr,0.02,36,1189,0.0,1,0.49384302,0.49384302,0.98342276,0.10389084,0.10389084,1.0,6.9068123e-19,6.6481432e-18,-26.822176,2.1635733,0.7211911,0.216,0.0,0.13919377,35.64017,35.67017,3808000
hardzero_plus_depr__c0p54__z1p05__lam0p030__nu0p50__psi1p00,hardzero_plus_depr,0.02,36,1190,0.0,1,0.49384302,0.49384302,1.043419,0.09048591,0.09048591,1.0,5.837851e-19,6.4516684e-18,-26.869934,2.2955678,0.7651893,0.16000001,0.0,0.18234867,35.67017,35.70017,3811200
hardzero_plus_depr__c0p54__z1p05__lam0p030__nu0p50__psi1p00,hardzero_plus_depr,0.02,36,1191,0.0,1,0.49384302,0.49384302,1.0177708,0.09599073,0.09599073,1.0,6.0099805e-19,6.2610008e-18,-26.53797,2.2391405,0.7463802,0.18400002,0.0,0.12817565,35.70017,35.730167,3814400
hardzero_plus_depr__c0p54__z1p05__lam0p030__nu0p50__psi1p00,hardzero_plus_depr,0.02,36,1192,0.0,1,0.49384302,0.49384302,1.0421255,0.09075582,0.09075582,1.0,5.5142946e-19,6.075968e-18,-27.570545,2.2927217,0.7642406,0.14400001,0.0,0.16756256,35.730167,35.760166,3817600
hardzero_plus_depr__c0p54__z1p05__lam0p030__nu0p50__psi1p00,hardzero_plus_depr,0.02,36,1193,0.0,1,0.49384302,0.49384302,1.0870283,0.0,0.08184114,0.0,0.0,5.896403e-18,-27.611109,2.39151,0.79717004,0.104,0.0,0.17393705,35.760166,35.790165,3820800
hardzero_plus_depr__c0p54__z1p05__lam0p030__nu0p50__psi1p00,hardzero_plus_depr,0.02,36,1194,0.0,1,0.49384302,0.49384302,1.0771118,0.0,0.08373137,0.0,0.0,5.7221447e-18,-27.725746,2.3696933,0.7898978,0.15200001,0.0,0.19545586,35.790165,35.820164,3824000
hardzero_plus_depr__c0p54__z1p05__lam0p030__nu0p50__psi1p00,hardzero_plus_depr,0.02,36,1195,0.0,1,0.49384302,0.49384302,1.0102596,0.09766531,0.09766531,1.0,5.4233906e-19,5.5530367e-18,-27.13247,2.2226155,0.74087185,0.104,0.0,0.13125214,35.820164,35.850163,3827200
hardzero_plus_depr__c0p54__z1p05__lam0p030__nu0p50__psi1p00,hardzero_plus_depr,0.02,36,1196,0.0,1,0.49384302,0.49384302,1.0248419,0.09444045,0.09444045,1.0,5.0893264e-19,5.388926e-18,-27.806423,2.2546973,0.7515658,0.14999999,0.0,0.14588761,35.850163,35.88016,3830400
hardzero_plus_depr__c0p54__z1p05__lam0p030__nu0p50__psi1p00,hardzero_plus_depr,0.02,36,1197,0.0,1,0.49384302,0.49384302,1.0246677,0.09447833,0.09447833,1.0,4.940901e-19,5.2296654e-18,-27.248991,2.254314,0.751438,0.112,0.0,0.14482695,35.88016,35.91016,3833600
hardzero_plus_depr__c0p54__z1p05__lam0p030__nu0p50__psi1p00,hardzero_plus_depr,0.02,36,1198,0.0,1,0.49384302,0.49384302,0.99372005,0.101456515,0.101456515,1.0,5.149032e-19,5.075112e-18,-26.1317,2.1862278,0.7287426,0.2,0.0,0.13291234,35.91016,35.94016,3836800
hardzero_plus_depr__c0p54__z1p05__lam0p030__nu0p50__psi1p00,hardzero_plus_depr,0.02,36,1199,0.0,1,0.49384302,0.49384302,1.0111933,0.097455576,0.097455576,1.0,4.79981e-19,4.925126e-18,-26.637102,2.2246697,0.7415566,0.17600001,0.0,0.14073999,35.94016,35.970158,3840000
hardzero_plus_depr__c0p54__z1p05__lam0p030__nu0p50__psi1p00,hardzero_plus_depr,0.02,36,1200,0.0,1,0.49384302,0.49384302,1.012383,0.09718897,0.09718897,1.0,4.6452173e-19,4.7795724e-18,-27.208517,2.227287,0.742429,0.128,0.0,0.16222517,35.970158,36.000156,3843200
hardzero_plus_depr__c0p54__z1p05__lam0p030__nu0p50__psi1p00,hardzero_plus_depr,0.02,36,1201,0.0,1,0.49384302,0.49384302,1.0178798,0.09596661,0.09596661,1.0,4.451239e-19,4.6383206e-18,-27.467623,2.2393804,0.74646014,0.224,0.0,0.15272784,36.000156,36.030155,3846400
hardzero_plus_depr__c0p54__z1p05__lam0p030__nu0p50__psi1p00,hardzero_plus_depr,0.02,36,1202,0.0,1,0.49384302,0.49384302,1.0735991,0.0,0.08441136,0.0,0.0,4.5012427e-18,-27.739737,2.3619652,0.78732175,0.112,0.0,0.17118911,36.030155,36.060154,3849600
hardzero_plus_depr__c0p54__z1p05__lam0p030__nu0p50__psi1p00,hardzero_plus_depr,0.02,36,1203,0.0,1,0.49384302,0.49384302,1.0883439,0.0,0.08159361,0.0,0.0,4.368216e-18,-28.726494,2.3944044,0.7981348,0.2,0.0,0.1769562,36.060154,36.090153,3852800
hardzero_plus_depr__c0p54__z1p05__lam0p030__nu0p50__psi1p00,hardzero_plus_depr,0.02,36,1204,0.0,1,0.49384302,0.49384302,1.0009904,0.09977221,0.09977221,1.0,4.2294644e-19,4.2391207e-18,-27.69083,2.2022228,0.7340743,0.17600001,0.0,0.15357281,36.090153,36.12015,3856000
hardzero_plus_depr__c0p54__z1p05__lam0p030__nu0p50__psi1p00,hardzero_plus_depr,0.02,36,1205,0.0,1,0.49384302,0.49384302,1.0354302,0.09216579,0.09216579,1.0,3.791554e-19,4.113841e-18,-27.82853,2.277992,0.7593307,0.16000001,0.0,0.15295772,36.12015,36.15015,3859200
hardzero_plus_depr__c0p54__z1p05__lam0p030__nu0p50__psi1p00,hardzero_plus_depr,0.02,36,1206,0.0,1,0.49384302,0.49384302,1.0618947,0.0,0.0867172,0.0,0.0,3.9922636e-18,-27.818205,2.336215,0.7787384,0.120000005,0.0,0.15210468,36.15015,36.18015,3862400
hardzero_plus_depr__c0p54__z1p05__lam0p030__nu0p50__psi1p00,hardzero_plus_depr,0.02,36,1207,0.0,1,0.49384302,0.49384302,1.0730326,0.0,0.08452153,0.0,0.0,3.874279e-18,-27.605843,2.360719,0.78690636,0.112,0.0,0.1698168,36.18015,36.210148,3865600
hardzero_plus_depr__c0p54__z1p05__lam0p030__nu0p50__psi1p00,hardzero_plus_depr,0.02,36,1208,0.0,1,0.49384302,0.49384302,1.014592,0.09669588,0.09669588,1.0,3.6355537e-19,3.7597816e-18,-26.850595,2.232147,0.744049,0.2,0.008,0.15838656,36.210148,36.240147,3868800
hardzero_plus_depr__c0p54__z1p05__lam0p030__nu0p50__psi1p00,hardzero_plus_depr,0.02,36,1209,0.0,1,0.49384302,0.49384302,1.0346332,0.0923351,0.0923351,1.0,3.3690004e-19,3.6486672e-18,-27.152895,2.2762384,0.75874615,0.14,0.0,0.14543128,36.240147,36.270145,3872000
hardzero_plus_depr__c0p54__z1p05__lam0p030__nu0p50__psi1p00,hardzero_plus_depr,0.02,36,1210,0.0,1,0.49384302,0.49384302,1.0520158,0.0,0.08871238,0.0,0.0,3.540837e-18,-27.983923,2.314481,0.7714937,0.14400001,0.0,0.14416467,36.270145,36.300144,3875200
hardzero_plus_depr__c0p54__z1p05__lam0p030__nu0p50__psi1p00,hardzero_plus_depr,0.02,36,1211,0.0,1,0.49384302,0.49384302,1.0275571,0.09385185,0.09385185,1.0,3.2249314e-19,3.4361939e-18,-27.132208,2.260671,0.75355697,0.136,0.0,0.1448342,36.300144,36.330143,3878400
hardzero_plus_depr__c0p54__z1p05__lam0p030__nu0p50__psi1p00,hardzero_plus_depr,0.02,36,1212,0.0,1,0.49384302,0.49384302,1.0409663,0.09099838,0.09099838,1.0,3.0344712e-19,3.334643e-18,-27.711523,2.2901716,0.76339054,0.16000001,0.0,0.15911095,36.330143,36.36014,3881600
hardzero_plus_depr__c0p54__z1p05__lam0p030__nu0p50__psi1p00,hardzero_plus_depr,0.02,36,1213,0.0,1,0.49384302,0.49384302,1.05891,0.0,0.08731521,0.0,0.0,3.2360935e-18,-28.04319,2.3296485,0.7765495,0.16800001,0.0,0.16591428,36.36014,36.39014,3884800
hardzero_plus_depr__c0p54__z1p05__lam0p030__nu0p50__psi1p00,hardzero_plus_depr,0.02,36,1214,0.0,1,0.49384302,0.49384302,1.0390481,0.091401204,0.091401204,1.0,2.870415e-19,3.1404563e-18,-27.288445,2.2859514,0.7619838,0.192,0.0,0.1700695,36.39014,36.42014,3888000
hardzero_plus_depr__c0p54__z1p05__lam0p030__nu0p50__psi1p00,hardzero_plus_depr,0.02,36,1215,0.0,1,0.49384302,0.49384302,1.0089195,0.097967155,0.097967155,1.0,2.9856916e-19,3.0476454e-18,-26.974712,2.2196672,0.7398891,0.16800001,0.0,0.15490721,36.42014,36.450138,3891200
hardzero_plus_depr__c0p54__z1p05__lam0p030__nu0p50__psi1p00,hardzero_plus_depr,0.02,36,1216,0.0,1,0.49384302,0.49384302,1.0882233,0.0,0.08161626,0.0,0.0,2.9575775e-18,-28.09969,2.394139,0.79804635,0.14400001,0.0,0.15464316,36.450138,36.480137,3894400
hardzero_plus_depr__c0p54__z1p05__lam0p030__nu0p50__psi1p00,hardzero_plus_depr,0.02,36,1217,0.0,1,0.49384302,0.49384302,1.04885,0.0893614,0.0893614,1.0,2.5648255e-19,2.8701716e-18,-28.271072,2.3075163,0.76917213,0.112,0.0,0.14978395,36.480137,36.510136,3897600
hardzero_plus_depr__c0p54__z1p05__lam0p030__nu0p50__psi1p00,hardzero_plus_depr,0.02,36,1218,0.0,1,0.49384302,0.49384302,1.0815723,0.0,0.082875796,0.0,0.0,2.7853483e-18,-28.042017,2.3795066,0.7931689,0.104,0.0,0.15437861,36.510136,36.540134,3900800
hardzero_plus_depr__c0p54__z1p05__lam0p030__nu0p50__psi1p00,hardzero_plus_depr,0.02,36,1219,0.0,1,0.49384302,0.49384302,1.0784271,0.0,0.083478175,0.0,0.0,2.703032e-18,-27.388096,2.372587,0.7908623,0.112,0.0,0.1661921,36.540134,36.570133,3904000
hardzero_plus_depr__c0p54__z1p05__lam0p030__nu0p50__psi1p00,hardzero_plus_depr,0.02,36,1220,0.0,1,0.49384302,0.49384302,1.009599,0.097814,0.097814,1.0,2.5658067e-19,2.6231487e-18,-26.707642,2.221162,0.7403874,0.2,0.0,0.12588257,36.570133,36.600132,3907200
hardzero_plus_depr__c0p54__z1p05__lam0p030__nu0p50__psi1p00,hardzero_plus_depr,0.02,36,1221,0.0,1,0.49384302,0.49384302,1.0439911,0.09036679,0.09036679,1.0,2.300401e-19,2.5456264e-18,-27.548717,2.2968264,0.7656088,0.16000001,0.0,0.16254056,36.600132,36.63013,3910400
hardzero_plus_depr__c0p54__z1p05__lam0p030__nu0p50__psi1p00,hardzero_plus_depr,0.02,36,1222,0.0,1,0.49384302,0.49384302,1.0059687,0.098635055,0.098635055,1.0,2.436675e-19,2.4703945e-18,-27.021297,2.2131753,0.73772514,0.12,0.0,0.16795103,36.63013,36.66013,3913600
hardzero_plus_depr__c0p54__z1p05__lam0p030__nu0p50__psi1p00,hardzero_plus_depr,0.02,36,1223,0.0,1,0.49384302,0.49384302,0.98713225,0.10300723,0.10300723,1.0,2.4694813e-19,2.3973863e-18,-26.612774,2.1717343,0.72391146,0.15200001,0.0,0.15829556,36.66013,36.69013,3916800
hardzero_plus_depr__c0p54__z1p05__lam0p030__nu0p50__psi1p00,hardzero_plus_depr,0.02,36,1224,0.0,1,0.49384302,0.49384302,1.0431929,0.09053303,0.09053303,1.0,2.1062833e-19,2.3265356e-18,-27.222248,2.2950702,0.7650234,0.224,0.0,0.15189533,36.69013,36.720127,3920000
hardzero_plus_depr__c0p54__z1p05__lam0p030__nu0p50__psi1p00,hardzero_plus_depr,0.02,36,1225,0.0,1,0.49384302,0.49384302,1.059039,0.0,0.087289296,0.0,0.0,2.2577787e-18,-27.493513,2.3299322,0.7766441,0.14400001,0.0,0.15572444,36.720127,36.750126,3923200
hardzero_plus_depr__c0p54__z1p05__lam0p030__nu0p50__psi1p00,hardzero_plus_depr,0.02,36,1226,0.0,1,0.49384302,0.49384302,1.0345742,0.09234765,0.09234765,1.0,2.0233869e-19,2.191054e-18,-28.344374,2.2761085,0.7587029,0.18400002,0.0,0.17927447,36.750126,36.780125,3926400
hardzero_plus_depr__c0p54__z1p05__lam0p030__nu0p50__psi1p00,hardzero_plus_depr,0.02,36,1227,0.0,1,0.49384302,0.49384302,1.0038779,0.09911105,0.09911105,1.0,2.1073995e-19,2.1263013e-18,-26.155897,2.2085755,0.73619187,0.15200001,0.0,0.13769,36.780125,36.810123,3929600
hardzero_plus_depr__c0p54__z1p05__lam0p030__nu0p50__psi1p00,hardzero_plus_depr,0.02,36,1228,0.0,1,0.49384302,0.49384302,0.9951372,0.101126,0.101126,1.0,2.0866966e-19,2.063462e-18,-26.822216,2.1893456,0.72978187,0.120000005,0.0,0.13672346,36.810123,36.840122,3932800
hardzero_plus_depr__c0p54__z1p05__lam0p030__nu0p50__psi1p00,hardzero_plus_depr,0.02,36,1229,0.0,1,0.49384302,0.49384302,1.0591164,0.0,0.08727374,0.0,0.0,2.00248e-18,-27.754591,2.3301024,0.77670085,0.17600001,0.0,0.16026023,36.840122,36.87012,3936000
hardzero_plus_depr__c0p54__z1p05__lam0p030__nu0p50__psi1p00,hardzero_plus_depr,0.02,36,1230,0.0,1,0.49384302,0.49384302,1.0569371,0.0,0.08771278,0.0,0.0,1.9433002e-18,-26.554396,2.325308,0.77510273,0.072000004,0.0,0.1557826,36.87012,36.90012,3939200
hardzero_plus_depr__c0p54__z1p05__lam0p030__nu0p50__psi1p00,hardzero_plus_depr,0.02,36,1231,0.0,1,0.49384302,0.49384302,1.0335169,0.09257275,0.09257275,1.0,1.745801e-19,1.8858692e-18,-27.126526,2.2737825,0.75792754,0.16000001,0.0,0.1488501,36.90012,36.93012,3942400
hardzero_plus_depr__c0p54__z1p05__lam0p030__nu0p50__psi1p00,hardzero_plus_depr,0.02,36,1232,0.0,1,0.49384302,0.49384302,1.0142311,0.09677628,0.09677628,1.0,1.7711372e-19,1.8301357e-18,-26.230886,2.231353,0.74378437,0.128,0.0,0.13791548,36.93012,36.960117,3945600
hardzero_plus_depr__c0p54__z1p05__lam0p030__nu0p50__psi1p00,hardzero_plus_depr,0.02,36,1233,0.0,1,0.49384302,0.49384302,1.0486524,0.08940208,0.08940208,1.0,1.5878249e-19,1.7760492e-18,-27.156906,2.3070815,0.7690272,0.14400001,0.0,0.16518913,36.960117,36.990116,3948800
hardzero_plus_depr__c0p54__z1p05__lam0p030__nu0p50__psi1p00,hardzero_plus_depr,0.02,36,1234,0.0,1,0.49384302,0.49384302,0.9975207,0.10057252,0.10057252,1.0,1.7334287e-19,1.723561e-18,-27.461493,2.1945894,0.73152983,0.23200001,0.0,0.16368389,36.990116,37.020115,3952000
hardzero_plus_depr__c0p54__z1p05__lam0p030__nu0p50__psi1p00,hardzero_plus_depr,0.02,36,1235,0.0,1,0.49384302,0.49384302,1.0402685,0.09114471,0.09114471,1.0,1.5245085e-19,1.6726241e-18,-27.757038,2.2886364,0.76287884,0.12,0.0,0.14287174,37.020115,37.050114,3955200
hardzero_plus_depr__c0p54__z1p05__lam0p030__nu0p50__psi1p00,hardzero_plus_depr,0.02,36,1236,0.0,1,0.49384302,0.49384302,1.0690457,0.0,0.08530104,0.0,0.0,1.6231926e-18,-28.124321,2.3519473,0.78398246,0.08800001,0.0,0.15536354,37.050114,37.080112,3958400
hardzero_plus_depr__c0p54__z1p05__lam0p030__nu0p50__psi1p00,hardzero_plus_depr,0.02,36,1237,0.0,1,0.49384302,0.49384302,1.0271299,0.09394424,0.09394424,1.0,1.4798303e-19,1.575222e-18,-26.925116,2.2597308,0.7532436,0.128,0.0,0.14083877,37.080112,37.11011,3961600
hardzero_plus_depr__c0p54__z1p05__lam0p030__nu0p50__psi1p00,hardzero_plus_depr,0.02,36,1238,0.0,1,0.49384302,0.49384302,1.0084473,0.09807372,0.09807372,1.0,1.4992225e-19,1.528669e-18,-26.545685,2.2186284,0.73954284,0.24800001,0.0,0.17482227,37.11011,37.14011,3964800
hardzero_plus_depr__c0p54__z1p05__lam0p030__nu0p50__psi1p00,hardzero_plus_depr,0.02,36,1239,0.0,1,0.49384302,0.49384302,1.0435956,0.090449125,0.090449125,1.0,1.3418055e-19,1.4834919e-18,-28.676085,2.2959561,0.76531875,0.120000005,0.0,0.15514113,37.14011,37.17011,3968000
hardzero_plus_depr__c0p54__z1p05__lam0p030__nu0p50__psi1p00,hardzero_plus_depr,0.02,36,1240,0.0,1,0.49384302,0.49384302,1.0796952,0.0,0.083234765,0.0,0.0,1.4396497e-18,-28.433191,2.375377,0.79179233,0.15200001,0.0,0.15794757,37.17011,37.200108,3971200
hardzero_plus_depr__c0p54__z1p05__lam0p030__nu0p50__psi1p00,hardzero_plus_depr,0.02,36,1241,0.0,1,0.49384302,0.49384302,1.0327148,0.092743844,0.092743844,1.0,1.2957274e-19,1.3971034e-18,-27.243834,2.272018,0.75733936,0.2,0.0,0.182701,37.200108,37.230106,3974400
hardzero_plus_depr__c0p54__z1p05__lam0p030__nu0p50__psi1p00,hardzero_plus_depr,0.02,36,1242,0.0,1,0.49384302,0.49384302,1.0648379,0.0,0.08613151,0.0,0.0,1.3558144e-18,-27.795036,2.3426902,0.7808968,0.16000001,0.0,0.14164087,37.230106,37.260105,3977600
hardzero_plus_depr__c0p54__z1p05__lam0p030__nu0p50__psi1p00,hardzero_plus_depr,0.02,36,1243,0.0,1,0.49384302,0.49384302,1.0604767,0.0,0.08700082,0.0,0.0,1.3157456e-18,-27.034513,2.3330953,0.77769846,0.14400001,0.0,0.16458865,37.260105,37.290104,3980800
hardzero_plus_depr__c0p54__z1p05__lam0p030__nu0p50__psi1p00,hardzero_plus_depr,0.02,36,1244,0.0,1,0.49384302,0.49384302,1.0194187,0.09562717,0.09562717,1.0,1.2210261e-19,1.2768611e-18,-26.420345,2.242766,0.74758863,0.14400001,0.0,0.14490049,37.290104,37.320103,3984000
hardzero_plus_depr__c0p54__z1p05__lam0p030__nu0p50__psi1p00,hardzero_plus_depr,0.02,36,1245,0.0,1,0.49384302,0.49384302,0.98573774,0.10333852,0.10333852,1.0,1.280494e-19,1.2391256e-18,-26.088684,2.1686664,0.7228888,0.224,0.0,0.14312424,37.320103,37.3501,3987200
hardzero_plus_depr__c0p54__z1p05__lam0p030__nu0p50__psi1p00,hardzero_plus_depr,0.02,36,1246,0.0,1,0.49384302,0.49384302,1.0095115,0.097833715,0.097833715,1.0,1.1764557e-19,1.2025053e-18,-26.852034,2.2209697,0.74032325,0.15200001,0.0,0.14875898,37.3501,37.3801,3990400
hardzero_plus_depr__c0p54__z1p05__lam0p030__nu0p50__psi1p00,hardzero_plus_depr,0.02,36,1247,0.0,1,0.49384302,0.49384302,1.0330034,0.092682235,0.092682235,1.0,1.08157135e-19,1.1669673e-18,-27.082964,2.2726529,0.75755095,0.16800001,0.0,0.15715404,37.3801,37.4101,3993600
hardzero_plus_depr__c0p54__z1p05__lam0p030__nu0p50__psi1p00,hardzero_plus_depr,0.02,36,1248,0.0,1,0.49384302,0.49384302,1.0646023,0.0,0.08617826,0.0,0.0,1.1324797e-18,-27.920115,2.3421717,0.7807239,0.14999999,0.0,0.16714562,37.4101,37.440098,3996800
hardzero_plus_depr__c0p54__z1p05__lam0p030__nu0p50__psi1p00,hardzero_plus_depr,0.02,36,1249,0.0,1,0.49384302,0.49384302,1.1554747,0.0,0.06990775,0.0,0.0,1.0990112e-18,-29.332767,2.542095,0.847365,0.08800001,0.0,0.18153648,37.440098,37.470097,4000000
hardzero_plus_depr__c0p54__z1p05__lam0p030__nu0p50__psi1p00,hardzero_plus_depr,0.02,37,0,1.0,1,1.0,0.45999998,1.0714711,0.0,0.084825985,0.0,0.0,0.02,-28.596724,2.3572836,0.78576124,0.16,0.0,0.20661528,0.0,0.0,3200
hardzero_plus_depr__c0p54__z1p05__lam0p030__nu0p50__psi1p00,hardzero_plus_depr,0.02,37,1,0.0,1,0.45999998,0.46200582,0.9987352,0.100291654,0.100291654,1.0,0.002005833,0.02,-26.705421,2.1972613,0.73242044,0.15200001,0.0,0.17359541,0.0,0.03,6400
hardzero_plus_depr__c0p54__z1p05__lam0p030__nu0p50__psi1p00,hardzero_plus_depr,0.02,37,2,0.0,1,0.46200582,0.46395195,0.9988335,0.10026896,0.10026896,1.0,0.0019461113,0.019408911,-26.574064,2.1974776,0.73249257,0.18400002,0.0,0.1798438,0.03,0.06,9600
hardzero_plus_depr__c0p54__z1p05__lam0p030__nu0p50__psi1p00,hardzero_plus_depr,0.02,37,3,0.0,1,0.46395195,0.46395195,1.0589373,0.0,0.08730974,0.0,0.0,0.018835291,-27.474997,2.3297086,0.77656955,0.14400001,0.0,0.1917905,0.06,0.089999996,12800
hardzero_plus_depr__c0p54__z1p05__lam0p030__nu0p50__psi1p00,hardzero_plus_depr,0.02,37,4,0.0,1,0.46395195,0.46568334,1.0235476,0.09472232,0.09472232,1.0,0.0017313939,0.018278625,-27.26754,2.25185,0.75061667,0.17600001,0.0,0.18431844,0.089999996,0.12,16000
hardzero_plus_depr__c0p54__z1p05__lam0p030__nu0p50__psi1p00,hardzero_plus_depr,0.02,37,5,0.0,1,0.46568334,0.46568334,1.0551502,0.0,0.08807443,0.0,0.0,0.017738407,-27.7954,2.3213766,0.7737922,0.17600001,0.0,0.19830869,0.12,0.14999999,19200
hardzero_plus_depr__c0p54__z1p05__lam0p030__nu0p50__psi1p00,hardzero_plus_depr,0.02,37,6,0.0,1,0.46568334,0.46568334,1.0515873,0.0,0.08879994,0.0,0.0,0.017214159,-27.45228,2.3135383,0.77117944,0.136,0.0,0.19015664,0.14999999,0.17999999,22400
hardzero_plus_depr__c0p54__z1p05__lam0p030__nu0p50__psi1p00,hardzero_plus_depr,0.02,37,7,0.0,1,0.46568334,0.4673981,0.98864996,0.1026479,0.1026479,1.0,0.0017147748,0.016705405,-26.503328,2.1750734,0.72502446,0.136,0.0,0.17035523,0.17999999,0.21,25600
hardzero_plus_depr__c0p54__z1p05__lam0p030__nu0p50__psi1p00,hardzero_plus_depr,0.02,37,8,0.0,1,0.4673981,0.46916887,0.96166587,0.10922804,0.10922804,1.0,0.0017707705,0.016211685,-25.61951,2.1157072,0.7052357,0.15200001,0.0,0.17170142,0.21,0.24,28800
hardzero_plus_depr__c0p54__z1p05__lam0p030__nu0p50__psi1p00,hardzero_plus_depr,0.02,37,9,0.0,1,0.46916887,0.4707171,1.006964,0.09840928,0.09840928,1.0,0.0015482296,0.015732557,-27.10208,2.215365,0.738455,0.136,0.0,0.19341004,0.24,0.26999998,32000
hardzero_plus_depr__c0p54__z1p05__lam0p030__nu0p50__psi1p00,hardzero_plus_depr,0.02,37,10,0.0,1,0.4707171,0.47217613,1.0197061,0.095563896,0.095563896,1.0,0.0014590304,0.01526759,-26.953886,2.2433982,0.7477994,0.17600001,0.0,0.21232758,0.26999998,0.29999998,35200
hardzero_plus_depr__c0p54__z1p05__lam0p030__nu0p50__psi1p00,hardzero_plus_depr,0.02,37,11,0.0,1,0.47217613,0.47353727,1.0368459,0.09186585,0.09186585,1.0,0.0013611178,0.014816363,-27.832579,2.2811065,0.7603688,0.17600001,0.0,0.19320141,0.29999998,0.32999998,38400
hardzero_plus_depr__c0p54__z1p05__lam0p030__nu0p50__psi1p00,hardzero_plus_depr,0.02,37,12,0.0,1,0.47353727,0.47353727,1.0822515,0.0,0.08274628,0.0,0.0,0.014378476,-28.070646,2.381001,0.793667,0.08800001,0.0,0.18273392,0.32999998,0.35999998,41600
hardzero_plus_depr__c0p54__z1p05__lam0p030__nu0p50__psi1p00,hardzero_plus_depr,0.02,37,13,0.0,1,0.47353727,0.47491968,1.0040493,0.09907195,0.09907195,1.0,0.0013824031,0.0139535265,-27.403282,2.2089527,0.7363176,0.13,0.0,0.17682803,0.35999998,0.39,44800
hardzero_plus_depr__c0p54__z1p05__lam0p030__nu0p50__psi1p00,hardzero_plus_depr,0.02,37,14,0.0,1,0.47491968,0.47622767,1.0150512,0.096593685,0.096593685,1.0,0.0013079884,0.013541138,-27.119398,2.2331574,0.74438584,0.192,0.0,0.16502015,0.39,0.42,48000
hardzero_plus_depr__c0p54__z1p05__lam0p030__nu0p50__psi1p00,hardzero_plus_depr,0.02,37,15,0.0,1,0.47622767,0.47755897,0.9943521,0.10130897,0.10130897,1.0,0.0013312948,0.013140936,-26.269735,2.1876183,0.7292061,0.17600001,0.0,0.17845178,0.42,0.45,51200
hardzero_plus_depr__c0p54__z1p05__lam0p030__nu0p50__psi1p00,hardzero_plus_depr,0.02,37,16,0.0,1,0.47755897,0.4787712,1.0220087,0.095058575,0.095058575,1.0,0.0012122404,0.012752563,-27.672714,2.2484639,0.749488,0.14400001,0.0,0.19178121,0.45,0.48,54400
hardzero_plus_depr__c0p54__z1p05__lam0p030__nu0p50__psi1p00,hardzero_plus_depr,0.02,37,17,0.0,1,0.4787712,0.47998068,1.0099757,0.0977292,0.0977292,1.0,0.001209464,0.012375668,-26.564308,2.2219908,0.74066365,0.14400001,0.0,0.1952307,0.48,0.51,57600
hardzero_plus_depr__c0p54__z1p05__lam0p030__nu0p50__psi1p00,hardzero_plus_depr,0.02,37,18,0.0,1,0.47998068,0.48110202,1.0298036,0.093367636,0.093367636,1.0,0.0011213371,0.012009911,-27.7208,2.2656133,0.75520444,0.14400001,0.0,0.18434344,0.51,0.53999996,60800
hardzero_plus_depr__c0p54__z1p05__lam0p030__nu0p50__psi1p00,hardzero_plus_depr,0.02,37,19,0.0,1,0.48110202,0.48227277,0.99804056,0.1004522,0.1004522,1.0,0.0011707669,0.011654965,-26.115839,2.195733,0.73191106,0.15200001,0.0,0.19479086,0.53999996,0.56999993,64000
hardzero_plus_depr__c0p54__z1p05__lam0p030__nu0p50__psi1p00,hardzero_plus_depr,0.02,37,20,0.0,1,0.48227277,0.48334655,1.0225654,0.09493682,0.09493682,1.0,0.0010737837,0.011310509,-26.850908,2.2496886,0.7498962,0.17600001,0.0,0.18291828,0.56999993,0.5999999,67200
hardzero_plus_depr__c0p54__z1p05__lam0p030__nu0p50__psi1p00,hardzero_plus_depr,0.02,37,21,0.0,1,0.48334655,0.48443645,1.003066,0.099296525,0.099296525,1.0,0.0010899019,0.0109762335,-26.630627,2.206789,0.73559636,0.208,0.0,0.18754062,0.5999999,0.6299999,70400
hardzero_plus_depr__c0p54__z1p05__lam0p030__nu0p50__psi1p00,hardzero_plus_depr,0.02,37,22,0.0,1,0.48443645,0.48545808,1.0181301,0.09591134,0.09591134,1.0,0.001021632,0.010651837,-27.316357,2.2399309,0.74664366,0.16000001,0.0,0.18133245,0.6299999,0.65999985,73600
hardzero_plus_depr__c0p54__z1p05__lam0p030__nu0p50__psi1p00,hardzero_plus_depr,0.02,37,23,0.0,1,0.48545808,0.4863963,1.04208,0.09076533,0.09076533,1.0,0.00093824364,0.010337027,-27.62617,2.2926219,0.7642073,0.16800001,0.0,0.22079957,0.65999985,0.6899998,76800
hardzero_plus_depr__c0p54__z1p05__lam0p030__nu0p50__psi1p00,hardzero_plus_depr,0.02,37,24,0.0,1,0.4863963,0.4863963,1.0779213,0.0,0.08357544,0.0,0.0,0.010031523,-28.519768,2.371474,0.79049134,0.136,0.0,0.19578084,0.6899998,0.7199998,80000
hardzero_plus_depr__c0p54__z1p05__lam0p030__nu0p50__psi1p00,hardzero_plus_depr,0.02,37,25,0.0,1,0.4863963,0.48726717,1.0483888,0.08945634,0.08945634,1.0,0.0008708617,0.009735047,-28.11243,2.3065016,0.7688339,0.120000005,0.0,0.18113792,0.7199998,0.74999976,83200
hardzero_plus_depr__c0p54__z1p05__lam0p030__nu0p50__psi1p00,hardzero_plus_depr,0.02,37,26,0.0,1,0.48726717,0.4882547,0.9807537,0.10453129,0.10453129,1.0,0.000987542,0.009447333,-26.39468,2.1577013,0.71923375,0.19999999,0.0,0.15688828,0.74999976,0.77999973,86400
hardzero_plus_depr__c0p54__z1p05__lam0p030__nu0p50__psi1p00,hardzero_plus_depr,0.02,37,27,0.0,1,0.4882547,0.48911992,1.0251589,0.09437155,0.09437155,1.0,0.00086520996,0.009168123,-26.323954,2.2553945,0.75179815,0.216,0.0,0.17530142,0.77999973,0.8099997,89600
hardzero_plus_depr__c0p54__z1p05__lam0p030__nu0p50__psi1p00,hardzero_plus_depr,0.02,37,28,0.0,1,0.48911992,0.4899518,1.0291945,0.09349868,0.09349868,1.0,0.00083187304,0.008897164,-27.737621,2.2642732,0.75475776,0.17600001,0.0,0.19318469,0.8099997,0.8399997,92800
hardzero_plus_depr__c0p54__z1p05__lam0p030__nu0p50__psi1p00,hardzero_plus_depr,0.02,37,29,0.0,1,0.4899518,0.49072987,1.0452014,0.0901153,0.0901153,1.0,0.0007780747,0.008634213,-27.611788,2.299489,0.76649636,0.17600001,0.0,0.18522571,0.8399997,0.86999965,96000
hardzero_plus_depr__c0p54__z1p05__lam0p030__nu0p50__psi1p00,hardzero_plus_depr,0.02,37,30,0.0,1,0.49072987,0.49151665,1.0273464,0.09389742,0.09389742,1.0,0.0007867696,0.008379034,-27.46564,2.2602072,0.7534024,0.18400002,0.0,0.19749647,0.86999965,0.8999996,99200
hardzero_plus_depr__c0p54__z1p05__lam0p030__nu0p50__psi1p00,hardzero_plus_depr,0.02,37,31,0.0,1,0.49151665,0.49244168,0.94400495,0.11376143,0.11376143,1.0,0.00092503935,0.008131397,-25.526608,2.0768523,0.6922841,0.208,0.0,0.15956339,0.8999996,0.9299996,102400
hardzero_plus_depr__c0p54__z1p05__lam0p030__nu0p50__psi1p00,hardzero_plus_depr,0.02,37,32,0.0,1,0.49244168,0.49316624,1.0370667,0.09181915,0.09181915,1.0,0.000724552,0.007891078,-27.49678,2.2815924,0.7605308,0.128,0.0,0.19232385,0.9299996,0.95999956,105600
hardzero_plus_depr__c0p54__z1p05__lam0p030__nu0p50__psi1p00,hardzero_plus_depr,0.02,37,33,0.0,1,0.49316624,0.49387297,1.0348451,0.09229005,0.09229005,1.0,0.0007067444,0.007657861,-27.464014,2.2767048,0.7589016,0.17600001,0.0,0.20684388,0.95999956,0.98999953,108800
hardzero_plus_depr__c0p54__z1p05__lam0p030__nu0p50__psi1p00,hardzero_plus_depr,0.02,37,34,0.0,1,0.49387297,0.4946647,0.9725007,0.1065367,0.1065367,1.0,0.00079173147,0.0074315374,-26.48446,2.1395442,0.71318144,0.17600001,0.0,0.16110682,0.98999953,1.0199995,112000
hardzero_plus_depr__c0p54__z1p05__lam0p030__nu0p50__psi1p00,hardzero_plus_depr,0.02,37,35,0.0,1,0.4946647,0.4953129,1.0463425,0.08987885,0.08987885,1.0,0.0006481975,0.0072119026,-26.918112,2.3019993,0.76733315,0.14400001,0.0,0.2029068,1.0199995,1.0499995,115200
hardzero_plus_depr__c0p54__z1p05__lam0p030__nu0p50__psi1p00,hardzero_plus_depr,0.02,37,36,0.0,1,0.4953129,0.4959534,1.0384922,0.09151826,0.09151826,1.0,0.00064051425,0.0069987588,-27.871536,2.2847285,0.7615762,0.16000001,0.0,0.18477856,1.0499995,1.0799994,118400
hardzero_plus_depr__c0p54__z1p05__lam0p030__nu0p50__psi1p00,hardzero_plus_depr,0.02,37,37,0.0,1,0.4959534,0.49664596,0.99155134,0.101964414,0.101964414,1.0,0.0006925335,0.006791914,-26.746939,2.1814566,0.7271522,0.17600001,0.0,0.17846029,1.0799994,1.1099994,121600
hardzero_plus_depr__c0p54__z1p05__lam0p030__nu0p50__psi1p00,hardzero_plus_depr,0.02,37,38,0.0,1,0.49664596,0.49723652,1.0476958,0.08959923,0.08959923,1.0,0.0005905649,0.0065911827,-26.811005,2.3049767,0.76832557,0.16800001,0.0,0.18642391,1.1099994,1.1399994,124800
hardzero_plus_depr__c0p54__z1p05__lam0p030__nu0p50__psi1p00,hardzero_plus_depr,0.02,37,39,0.0,1,0.49723652,0.49783596,1.0281893,0.09371534,0.09371534,1.0,0.0005994393,0.006396384,-27.664232,2.2620616,0.7540206,0.17999999,0.0,0.190641,1.1399994,1.1699994,128000
hardzero_plus_depr__c0p54__z1p05__lam0p030__nu0p50__psi1p00,hardzero_plus_depr,0.02,37,40,0.0,1,0.49783596,0.49783596,1.0520544,0.0,0.08870448,0.0,0.0,0.006207343,-28.159594,2.314566,0.771522,0.15200001,0.0,0.19877242,1.1699994,1.1999993,131200
hardzero_plus_depr__c0p54__z1p05__lam0p030__nu0p50__psi1p00,hardzero_plus_depr,0.02,37,41,0.0,1,0.49783596,0.4983814,1.0431198,0.09054828,0.09054828,1.0,0.0005454527,0.006023888,-27.07868,2.2949092,0.76496977,0.14400001,0.008,0.197363,1.1999993,1.2299993,134400
hardzero_plus_depr__c0p54__z1p05__lam0p030__nu0p50__psi1p00,hardzero_plus_depr,0.02,37,42,0.0,1,0.4983814,0.4983814,1.0574564,0.0,0.08760796,0.0,0.0,0.0058458555,-27.107113,2.3264503,0.7754835,0.16000001,0.0,0.18921171,1.2299993,1.2599993,137600
hardzero_plus_depr__c0p54__z1p05__lam0p030__nu0p50__psi1p00,hardzero_plus_depr,0.02,37,43,0.0,1,0.4983814,0.4983814,1.0823025,0.0,0.082736574,0.0,0.0,0.005673084,-28.281544,2.3811128,0.7937043,0.08800001,0.0,0.21034409,1.2599993,1.2899992,140800
hardzero_plus_depr__c0p54__z1p05__lam0p030__nu0p50__psi1p00,hardzero_plus_depr,0.02,37,44,0.0,1,0.4983814,0.49891558,1.0131162,0.09702503,0.09702503,1.0,0.0005341635,0.00550542,-26.893776,2.2289002,0.7429668,0.208,0.0,0.1736045,1.2899992,1.3199992,144000
hardzero_plus_depr__c0p54__z1p05__lam0p030__nu0p50__psi1p00,hardzero_plus_depr,0.02,37,45,0.0,1,0.49891558,0.4994452,1.0038035,0.099128045,0.099128045,1.0,0.00052961236,0.00534271,-26.83462,2.2084117,0.7361373,0.136,0.0,0.1719344,1.3199992,1.3499992,147200
hardzero_plus_depr__c0p54__z1p05__lam0p030__nu0p50__psi1p00,hardzero_plus_depr,0.02,37,46,0.0,1,0.4994452,0.49992463,1.034016,0.0924664,0.0924664,1.0,0.00047942068,0.0051848097,-27.726715,2.2748806,0.75829357,0.17600001,0.0,0.21873905,1.3499992,1.3799992,150400
hardzero_plus_depr__c0p54__z1p05__lam0p030__nu0p50__psi1p00,hardzero_plus_depr,0.02,37,47,0.0,1,0.49992463,0.49992463,1.0938381,0.0,0.080567874,0.0,0.0,0.0050315754,-28.739847,2.4064918,0.80216396,0.08800001,0.0,0.21472895,1.3799992,1.4099991,153600
hardzero_plus_depr__c0p54__z1p05__lam0p030__nu0p50__psi1p00,hardzero_plus_depr,0.02,37,48,0.0,1,0.49992463,0.500414,0.9990392,0.10022147,0.10022147,1.0,0.0004893684,0.00488287,-27.016666,2.19793,0.73264337,0.16800001,0.0,0.1826132,1.4099991,1.4399991,156800
hardzero_plus_depr__c0p54__z1p05__lam0p030__nu0p50__psi1p00,hardzero_plus_depr,0.02,37,49,0.0,1,0.500414,0.5008661,1.0204371,0.095403194,0.095403194,1.0,0.0004520737,0.0047385595,-28.236055,2.2450066,0.74833554,0.16000001,0.0,0.2505332,1.4399991,1.4699991,160000
hardzero_plus_depr__c0p54__z1p05__lam0p030__nu0p50__psi1p00,hardzero_plus_depr,0.02,37,50,0.0,1,0.5008661,0.5008661,1.0711144,0.0,0.08489566,0.0,0.0,0.004598514,-28.156141,2.3564987,0.7854996,0.15200001,0.0,0.20683601,1.4699991,1.499999,163200
hardzero_plus_depr__c0p54__z1p05__lam0p030__nu0p50__psi1p00,hardzero_plus_depr,0.02,37,51,0.0,1,0.5008661,0.5013208,0.9919092,0.10188043,0.10188043,1.0,0.00045465239,0.0044626077,-26.092035,2.1822438,0.7274146,0.120000005,0.0,0.18500048,1.499999,1.529999,166400
hardzero_plus_depr__c0p54__z1p05__lam0p030__nu0p50__psi1p00,hardzero_plus_depr,0.02,37,52,0.0,1,0.5013208,0.5013208,1.0596187,0.0,0.08717286,0.0,0.0,0.004330718,-27.570923,2.3312078,0.7770693,0.14,0.0,0.22957855,1.529999,1.559999,169600
hardzero_plus_depr__c0p54__z1p05__lam0p030__nu0p50__psi1p00,hardzero_plus_depr,0.02,37,53,0.0,1,0.5013208,0.5017502,0.9907063,0.10216301,0.10216301,1.0,0.00042936308,0.0042027254,-26.442184,2.1795974,0.72653246,0.264,0.0,0.19303095,1.559999,1.589999,172800
hardzero_plus_depr__c0p54__z1p05__lam0p030__nu0p50__psi1p00,hardzero_plus_depr,0.02,37,54,0.0,1,0.5017502,0.5021644,0.993262,0.10156359,0.10156359,1.0,0.00041422874,0.0040785163,-27.207098,2.18522,0.72840667,0.16000001,0.0,0.15960994,1.589999,1.6199989,176000
hardzero_plus_depr__c0p54__z1p05__lam0p030__nu0p50__psi1p00,hardzero_plus_depr,0.02,37,55,0.0,1,0.5021644,0.5025448,1.0172436,0.09610731,0.09610731,1.0,0.00038039061,0.003957978,-26.812439,2.2379806,0.74599355,0.16000001,0.0,0.18525279,1.6199989,1.6499989,179200
hardzero_plus_depr__c0p54__z1p05__lam0p030__nu0p50__psi1p00,hardzero_plus_depr,0.02,37,56,0.0,1,0.5025448,0.5025448,1.0611534,0.0,0.08686534,0.0,0.0,0.0038410025,-27.613377,2.334584,0.77819467,0.17600001,0.0,0.19953784,1.6499989,1.6799989,182400
hardzero_plus_depr__c0p54__z1p05__lam0p030__nu0p50__psi1p00,hardzero_plus_depr,0.02,37,57,0.0,1,0.5025448,0.5029527,0.9608581,0.10943138,0.10943138,1.0,0.00040790366,0.0037274836,-26.032335,2.11393,0.70464337,0.192,0.0,0.17739141,1.6799989,1.7099988,185600
hardzero_plus_depr__c0p54__z1p05__lam0p030__nu0p50__psi1p00,hardzero_plus_depr,0.02,37,58,0.0,1,0.5029527,0.5032841,1.038,0.091622055,0.091622055,1.0,0.0003314263,0.00361732,-27.27966,2.2836456,0.7612152,0.128,0.0,0.17369224,1.7099988,1.7399988,188800
hardzero_plus_depr__c0p54__z1p05__lam0p030__nu0p50__psi1p00,hardzero_plus_depr,0.02,37,59,0.0,1,0.5032841,0.50359946,1.0465685,0.08983208,0.08983208,1.0,0.0003153476,0.0035104118,-27.756594,2.3024967,0.7674989,0.16000001,0.0,0.20814812,1.7399988,1.7699988,192000
hardzero_plus_depr__c0p54__z1p05__lam0p030__nu0p50__psi1p00,hardzero_plus_depr,0.02,37,60,0.0,1,0.50359946,0.50359946,1.0791497,0.0,0.08333937,0.0,0.0,0.0034066641,-27.89983,2.3741767,0.79139227,0.16800001,0.0,0.21161637,1.7699988,1.7999988,195200
hardzero_plus_depr__c0p54__z1p05__lam0p030__nu0p50__psi1p00,hardzero_plus_depr,0.02,37,61,0.0,1,0.50359946,0.503933,0.99613315,0.10089435,0.10089435,1.0,0.00033355487,0.0033059819,-26.839575,2.1915367,0.73051226,0.208,0.0,0.1870052,1.7999988,1.8299987,198400
hardzero_plus_depr__c0p54__z1p05__lam0p030__nu0p50__psi1p00,hardzero_plus_depr,0.02,37,62,0.0,1,0.503933,0.50426716,0.98232776,0.10415311,0.10415311,1.0,0.00033415187,0.0032082754,-27.020727,2.1611643,0.7203881,0.23200001,0.0,0.16831711,1.8299987,1.8599987,201600
hardzero_plus_depr__c0p54__z1p05__lam0p030__nu0p50__psi1p00,hardzero_plus_depr,0.02,37,63,0.0,1,0.50426716,0.504565,1.0192335,0.09566796,0.09566796,1.0,0.000297858,0.0031134563,-26.730951,2.2423584,0.74745286,0.18400002,0.0,0.17607808,1.8599987,1.8899987,204800
hardzero_plus_depr__c0p54__z1p05__lam0p030__nu0p50__psi1p00,hardzero_plus_depr,0.02,37,64,0.0,1,0.504565,0.50485283,1.0210962,0.095258504,0.095258504,1.0,0.00028781788,0.0030214402,-26.762058,2.2464566,0.7488189,0.17600001,0.0,0.17499001,1.8899987,1.9199986,208000
hardzero_plus_depr__c0p54__z1p05__lam0p030__nu0p50__psi1p00,hardzero_plus_depr,0.02,37,65,0.0,1,0.50485283,0.50512075,1.0391562,0.091378465,0.091378465,1.0,0.00026793475,0.0029321432,-27.389427,2.2861893,0.76206315,0.13,0.0,0.1815699,1.9199986,1.9499986,211200
hardzero_plus_depr__c0p54__z1p05__lam0p030__nu0p50__psi1p00,hardzero_plus_depr,0.02,37,66,0.0,1,0.50512075,0.50512075,1.1330988,0.0,0.07360396,0.0,0.0,0.0028454852,-29.631216,2.4928672,0.83095574,0.128,0.0,0.24757932,1.9499986,1.9799986,214400
hardzero_plus_depr__c0p54__z1p05__lam0p030__nu0p50__psi1p00,hardzero_plus_depr,0.02,37,67,0.0,1,0.50512075,0.50540596,0.9859858,0.1032795,0.1032795,1.0,0.0002851948,0.0027613884,-27.021502,2.169212,0.72307074,0.15200001,0.0,0.1876725,1.9799986,2.0099986,217600
hardzero_plus_depr__c0p54__z1p05__lam0p030__nu0p50__psi1p00,hardzero_plus_depr,0.02,37,68,0.0,1,0.50540596,0.50540596,1.0968235,0.0,0.08001594,0.0,0.0,0.0026797773,-29.003574,2.4130597,0.80435324,0.136,0.0,0.23456538,2.0099986,2.0399985,220800
hardzero_plus_depr__c0p54__z1p05__lam0p030__nu0p50__psi1p00,hardzero_plus_depr,0.02,37,69,0.0,1,0.50540596,0.50564855,1.0302098,0.09328036,0.09328036,1.0,0.00024258286,0.0026005781,-27.973192,2.2665067,0.7555022,0.14400001,0.0,0.195397,2.0399985,2.0699985,224000
hardzero_plus_depr__c0p54__z1p05__lam0p030__nu0p50__psi1p00,hardzero_plus_depr,0.02,37,70,0.0,1,0.50564855,0.50589395,1.0122007,0.09722978,0.09722978,1.0,0.00024538068,0.0025237193,-27.45328,2.226886,0.7422954,0.192,0.0,0.1966593,2.0699985,2.0999985,227200
hardzero_plus_depr__c0p54__z1p05__lam0p030__nu0p50__psi1p00,hardzero_plus_depr,0.02,37,71,0.0,1,0.50589395,0.50612533,1.0246673,0.09447844,0.09447844,1.0,0.00023139018,0.002449132,-26.927864,2.254313,0.75143766,0.14400001,0.0,0.17799887,2.0999985,2.1299984,230400
hardzero_plus_depr__c0p54__z1p05__lam0p030__nu0p50__psi1p00,hardzero_plus_depr,0.02,37,72,0.0,1,0.50612533,0.50633854,1.0471805,0.08970559,0.08970559,1.0,0.0002132077,0.0023767494,-28.05047,2.3038433,0.7679478,0.096,0.0,0.2002332,2.1299984,2.1599984,233600
hardzero_plus_depr__c0p54__z1p05__lam0p030__nu0p50__psi1p00,hardzero_plus_depr,0.02,37,73,0.0,1,0.50633854,0.50633854,1.0775256,0.0,0.08365163,0.0,0.0,0.002306506,-28.488153,2.3706038,0.7902013,0.136,0.0,0.20886569,2.1599984,2.1899984,236800
hardzero_plus_depr__c0p54__z1p05__lam0p030__nu0p50__psi1p00,hardzero_plus_depr,0.02,37,74,0.0,1,0.50633854,0.5065666,0.9919083,0.101880625,0.101880625,1.0,0.00022804334,0.0022383386,-27.051615,2.182242,0.727414,0.2,0.0,0.17754659,2.1899984,2.2199984,240000
hardzero_plus_depr__c0p54__z1p05__lam0p030__nu0p50__psi1p00,hardzero_plus_depr,0.02,37,75,0.0,1,0.5065666,0.5065666,1.0653614,0.0,0.086027764,0.0,0.0,0.0021721856,-28.084389,2.3438418,0.78128064,0.18400002,0.008,0.21192802,2.2199984,2.2499983,243200
hardzero_plus_depr__c0p54__z1p05__lam0p030__nu0p50__psi1p00,hardzero_plus_depr,0.02,37,76,0.0,1,0.5065666,0.50676775,1.0203066,0.09543185,0.09543185,1.0,0.00020116918,0.0021079879,-27.294928,2.2447193,0.74823976,0.16000001,0.008,0.19124533,2.2499983,2.2799983,246400
hardzero_plus_depr__c0p54__z1p05__lam0p030__nu0p50__psi1p00,hardzero_plus_depr,0.02,37,77,0.0,1,0.50676775,0.5069712,1.0024849,0.09942945,0.09942945,1.0,0.00020340159,0.0020456875,-26.678951,2.2055109,0.7351703,0.15200001,0.0,0.18065432,2.2799983,2.3099983,249600
hardzero_plus_depr__c0p54__z1p05__lam0p030__nu0p50__psi1p00,hardzero_plus_depr,0.02,37,78,0.0,1,0.5069712,0.5069712,1.0526444,0.0,0.08858406,0.0,0.0,0.0019852284,-27.215918,2.3158638,0.77195466,0.099999994,0.0,0.1534682,2.3099983,2.3399982,252800
hardzero_plus_depr__c0p54__z1p05__lam0p030__nu0p50__psi1p00,hardzero_plus_depr,0.02,37,79,0.0,1,0.5069712,0.5069712,1.0556415,0.0,0.087974824,0.0,0.0,0.001926556,-27.894651,2.3224578,0.77415264,0.192,0.0,0.21985917,2.3399982,2.3699982,256000
hardzero_plus_depr__c0p54__z1p05__lam0p030__nu0p50__psi1p00,hardzero_plus_depr,0.02,37,80,0.0,1,0.5069712,0.50715554,1.006118,0.09860113,0.09860113,1.0,0.00018434644,0.0018696178,-27.570917,2.2135038,0.73783463,0.216,0.0,0.20116466,2.3699982,2.3999982,259200
hardzero_plus_depr__c0p54__z1p05__lam0p030__nu0p50__psi1p00,hardzero_plus_depr,0.02,37,81,0.0,1,0.50715554,0.50734186,0.9884482,0.10269558,0.10269558,1.0,0.00018632699,0.0018143624,-26.65674,2.1746294,0.7248765,0.2,0.0,0.20541625,2.3999982,2.4299982,262400
hardzero_plus_depr__c0p54__z1p05__lam0p030__nu0p50__psi1p00,hardzero_plus_depr,0.02,37,82,0.0,1,0.50734186,0.50752896,0.97367346,0.10624941,0.10624941,1.0,0.00018707756,0.0017607398,-26.639723,2.1421244,0.7140415,0.18400002,0.0,0.17539935,2.4299982,2.4599981,265600
hardzero_plus_depr__c0p54__z1p05__lam0p030__nu0p50__psi1p00,hardzero_plus_depr,0.02,37,83,0.0,1,0.50752896,0.5076923,1.019603,0.09558659,0.09558659,1.0,0.00016332901,0.0017087021,-27.481817,2.2431715,0.7477238,0.2,0.0,0.17709601,2.4599981,2.489998,268800
hardzero_plus_depr__c0p54__z1p05__lam0p030__nu0p50__psi1p00,hardzero_plus_depr,0.02,37,84,0.0,1,0.5076923,0.5078573,1.0019772,0.09954577,0.09954577,1.0,0.00016506705,0.0016582025,-27.457085,2.2043939,0.73479795,0.136,0.0,0.20570438,2.489998,2.519998,272000
hardzero_plus_depr__c0p54__z1p05__lam0p030__nu0p50__psi1p00,hardzero_plus_depr,0.02,37,85,0.0,1,0.5078573,0.50801235,1.0161633,0.09634666,0.09634666,1.0,0.00015504059,0.0016091953,-27.135887,2.235604,0.74520135,0.208,0.0,0.19321303,2.519998,2.549998,275200
hardzero_plus_depr__c0p54__z1p05__lam0p030__nu0p50__psi1p00,hardzero_plus_depr,0.02,37,86,0.0,1,0.50801235,0.50801235,1.0963542,0.0,0.08010244,0.0,0.0,0.0015616363,-28.451187,2.4120276,0.8040092,0.17600001,0.0,0.17914416,2.549998,2.579998,278400
hardzero_plus_depr__c0p54__z1p05__lam0p030__nu0p50__psi1p00,hardzero_plus_depr,0.02,37,87,0.0,1,0.50801235,0.50816363,1.0007062,0.09983753,0.09983753,1.0,0.00015130207,0.0015154829,-26.060017,2.2015977,0.7338659,0.16000001,0.0,0.17796516,2.579998,2.609998,281600
hardzero_plus_depr__c0p54__z1p05__lam0p030__nu0p50__psi1p00,hardzero_plus_depr,0.02,37,88,0.0,1,0.50816363,0.50816363,1.0640918,0.0,0.086279616,0.0,0.0,0.001470694,-27.453451,2.3410487,0.7803496,0.16000001,0.0,0.19933905,2.609998,2.639998,284800
hardzero_plus_depr__c0p54__z1p05__lam0p030__nu0p50__psi1p00,hardzero_plus_depr,0.02,37,89,0.0,1,0.50816363,0.5083022,1.0127922,0.097097434,0.097097434,1.0,0.0001385802,0.0014272282,-27.358164,2.2281873,0.7427291,0.16000001,0.0,0.20441307,2.639998,2.669998,288000
hardzero_plus_depr__c0p54__z1p05__lam0p030__nu0p50__psi1p00,hardzero_plus_depr,0.02,37,90,0.0,1,0.5083022,0.50843716,1.0113726,0.097415365,0.097415365,1.0,0.00013492488,0.0013850472,-27.429516,2.225064,0.741688,0.16000001,0.0,0.20958064,2.669998,2.699998,291200
hardzero_plus_depr__c0p54__z1p05__lam0p030__nu0p50__psi1p00,hardzero_plus_depr,0.02,37,91,0.0,1,0.50843716,0.50856614,1.0179452,0.095952176,0.095952176,1.0,0.00012897057,0.001344113,-26.883818,2.2395241,0.74650806,0.14,0.0,0.18221755,2.699998,2.7299979,294400
hardzero_plus_depr__c0p54__z1p05__lam0p030__nu0p50__psi1p00,hardzero_plus_depr,0.02,37,92,0.0,1,0.50856614,0.50870734,0.965593,0.108244784,0.108244784,1.0,0.00014119326,0.0013043886,-25.310175,2.124347,0.7081157,0.192,0.0,0.18107049,2.7299979,2.7599978,297600
hardzero_plus_depr__c0p54__z1p05__lam0p030__nu0p50__psi1p00,hardzero_plus_depr,0.02,37,93,0.0,1,0.50870734,0.50882226,1.0420102,0.090779915,0.090779915,1.0,0.00011491266,0.0012658379,-27.790232,2.292468,0.76415604,0.17600001,0.0,0.18649092,2.7599978,2.7899978,300800
hardzero_plus_depr__c0p54__z1p05__lam0p030__nu0p50__psi1p00,hardzero_plus_depr,0.02,37,94,0.0,1,0.50882226,0.50895554,0.96466964,0.108475156,0.108475156,1.0,0.00013325381,0.0012284269,-26.730913,2.1223156,0.7074386,0.136,0.0,0.16440974,2.7899978,2.8199978,304000
hardzero_plus_depr__c0p54__z1p05__lam0p030__nu0p50__psi1p00,hardzero_plus_depr,0.02,37,95,0.0,1,0.50895554,0.5090644,1.0394536,0.09131589,0.09131589,1.0,0.00010885963,0.0011921215,-26.913244,2.2868435,0.7622812,0.14400001,0.0,0.1734731,2.8199978,2.8499978,307200
hardzero_plus_depr__c0p54__z1p05__lam0p030__nu0p50__psi1p00,hardzero_plus_depr,0.02,37,96,0.0,1,0.5090644,0.5090644,1.0546017,0.0,0.08818573,0.0,0.0,0.001156889,-27.954697,2.32017,0.77339,0.112,0.0,0.17902718,2.8499978,2.8799977,310400
hardzero_plus_depr__c0p54__z1p05__lam0p030__nu0p50__psi1p00,hardzero_plus_depr,0.02,37,97,0.0,1,0.5090644,0.5091696,1.0282308,0.093706384,0.093706384,1.0,0.00010520395,0.0011226978,-27.290638,2.262153,0.75405097,0.096,0.0,0.19817777,2.8799977,2.9099977,313600
hardzero_plus_depr__c0p54__z1p05__lam0p030__nu0p50__psi1p00,hardzero_plus_depr,0.02,37,98,0.0,1,0.5091696,0.5092741,1.0178826,0.09596601,0.09596601,1.0,0.0001045566,0.001089517,-26.573092,2.2393863,0.7464621,0.120000005,0.0,0.178166,2.9099977,2.9399977,316800
hardzero_plus_depr__c0p54__z1p05__lam0p030__nu0p50__psi1p00,hardzero_plus_depr,0.02,37,99,0.0,1,0.5092741,0.5092741,1.0581467,0.0,0.087468825,0.0,0.0,0.0010573171,-27.713963,2.3279693,0.7759898,0.104,0.0,0.19058238,2.9399977,2.9699976,320000
hardzero_plus_depr__c0p54__z1p05__lam0p030__nu0p50__psi1p00,hardzero_plus_depr,0.02,37,100,0.0,1,0.5092741,0.509376,1.0030384,0.09930283,0.09930283,1.0,0.00010189151,0.0010260686,-26.725197,2.2067285,0.73557615,0.192,0.0,0.21776119,2.9699976,2.9999976,323200
hardzero_plus_depr__c0p54__z1p05__lam0p030__nu0p50__psi1p00,hardzero_plus_depr,0.02,37,101,0.0,1,0.509376,0.5094677,1.035612,0.09212724,0.09212724,1.0,9.173512e-05,0.0009957437,-27.046558,2.2783918,0.75946397,0.2,0.0,0.17545305,2.9999976,3.0299976,326400
hardzero_plus_depr__c0p54__z1p05__lam0p030__nu0p50__psi1p00,hardzero_plus_depr,0.02,37,102,0.0,1,0.5094677,0.50956655,0.9902814,0.10226302,0.10226302,1.0,9.8818295e-05,0.00096631504,-26.36469,2.1786625,0.72622085,0.18400002,0.0,0.18790169,3.0299976,3.0599976,329600
hardzero_plus_depr__c0p54__z1p05__lam0p030__nu0p50__psi1p00,hardzero_plus_depr,0.02,37,103,0.0,1,0.50956655,0.5096546,1.0273341,0.093900055,0.093900055,1.0,8.8055356e-05,0.0009377562,-27.189564,2.2601802,0.7533934,0.096,0.0,0.19101991,3.0599976,3.0899975,332800
hardzero_plus_depr__c0p54__z1p05__lam0p030__nu0p50__psi1p00,hardzero_plus_depr,0.02,37,104,0.0,1,0.5096546,0.5096546,1.0508869,0.0,0.08894328,0.0,0.0,0.00091004133,-26.612383,2.3119972,0.77066576,0.089999996,0.0,0.19481194,3.0899975,3.1199975,336000
hardzero_plus_depr__c0p54__z1p05__lam0p030__nu0p50__psi1p00,hardzero_plus_depr,0.02,37,105,0.0,1,0.5096546,0.50974834,0.97408766,0.10614813,0.10614813,1.0,9.374425e-05,0.00088314555,-25.886848,2.1430357,0.7143452,0.18400002,0.0,0.17680617,3.1199975,3.1499975,339200
hardzero_plus_depr__c0p54__z1p05__lam0p030__nu0p50__psi1p00,hardzero_plus_depr,0.02,37,106,0.0,1,0.50974834,0.50974834,1.0596625,0.0,0.08716406,0.0,0.0,0.00085704465,-28.040789,2.3313038,0.7771013,0.15200001,0.0,0.20437308,3.1499975,3.1799974,342400
hardzero_plus_depr__c0p54__z1p05__lam0p030__nu0p50__psi1p00,hardzero_plus_depr,0.02,37,107,0.0,1,0.50974834,0.5098279,1.0193324,0.09564618,0.09564618,1.0,7.955039e-05,0.00083171524,-26.468588,2.2425761,0.7475254,0.192,0.0,0.19851123,3.1799974,3.2099974,345600
hardzero_plus_depr__c0p54__z1p05__lam0p030__nu0p50__psi1p00,hardzero_plus_depr,0.02,37,108,0.0,1,0.5098279,0.50990105,1.0429069,0.09059267,0.09059267,1.0,7.312045e-05,0.0008071343,-27.267288,2.294441,0.76481366,0.192,0.0,0.18649824,3.2099974,3.2399974,348800
hardzero_plus_depr__c0p54__z1p05__lam0p030__nu0p50__psi1p00,hardzero_plus_depr,0.02,37,109,0.0,1,0.50990105,0.5099777,1.009409,0.097856805,0.097856805,1.0,7.6649274e-05,0.00078327995,-26.41776,2.2207441,0.7402481,0.2,0.0,0.1967469,3.2399974,3.2699974,352000
hardzero_plus_depr__c0p54__z1p05__lam0p030__nu0p50__psi1p00,hardzero_plus_depr,0.02,37,110,0.0,1,0.5099777,0.5099777,1.0748706,0.0,0.08416459,0.0,0.0,0.00076013047,-28.894,2.3647625,0.7882542,0.2,0.0,0.20903812,3.2699974,3.2999973,355200
hardzero_plus_depr__c0p54__z1p05__lam0p030__nu0p50__psi1p00,hardzero_plus_depr,0.02,37,111,0.0,1,0.5099777,0.51005584,0.9751114,0.10589819,0.10589819,1.0,7.811742e-05,0.0007376653,-26.898909,2.145288,0.715096,0.17600001,0.0,0.17842314,3.2999973,3.3299973,358400
hardzero_plus_depr__c0p54__z1p05__lam0p030__nu0p50__psi1p00,hardzero_plus_depr,0.02,37,112,0.0,1,0.51005584,0.51005584,1.0731151,0.0,0.08450548,0.0,0.0,0.00071586407,-29.629951,2.3609004,0.7869668,0.096,0.0,0.20457251,3.3299973,3.3599973,361600
hardzero_plus_depr__c0p54__z1p05__lam0p030__nu0p50__psi1p00,hardzero_plus_depr,0.02,37,113,0.0,1,0.51005584,0.51005584,1.0651476,0.0,0.08607011,0.0,0.0,0.0006947071,-28.30242,2.3433716,0.7811239,0.120000005,0.0,0.18844013,3.3599973,3.3899972,364800
hardzero_plus_depr__c0p54__z1p05__lam0p030__nu0p50__psi1p00,hardzero_plus_depr,0.02,37,114,0.0,1,0.51005584,0.5101217,1.0102243,0.09767325,0.09767325,1.0,6.58489e-05,0.0006741754,-26.8116,2.222538,0.74084604,0.104,0.0,0.1732797,3.3899972,3.4199972,368000
hardzero_plus_depr__c0p54__z1p05__lam0p030__nu0p50__psi1p00,hardzero_plus_depr,0.02,37,115,0.0,1,0.5101217,0.51018137,1.0400047,0.0912001,0.0912001,1.0,5.966771e-05,0.0006542505,-27.977924,2.2880561,0.7626854,0.136,0.0,0.17223427,3.4199972,3.4499972,371200
hardzero_plus_depr__c0p54__z1p05__lam0p030__nu0p50__psi1p00,hardzero_plus_depr,0.02,37,116,0.0,1,0.51018137,0.51024234,1.0177565,0.095993884,0.095993884,1.0,6.094791e-05,0.0006349145,-27.185904,2.239109,0.7463697,0.136,0.0,0.18615787,3.4499972,3.4799972,374400
hardzero_plus_depr__c0p54__z1p05__lam0p030__nu0p50__psi1p00,hardzero_plus_depr,0.02,37,117,0.0,1,0.51024234,0.5103011,1.0206484,0.09535678,0.09535678,1.0,5.8754074e-05,0.00061615,-27.476215,2.2454712,0.74849045,0.17999999,0.0,0.1886191,3.4799972,3.5099971,377600
hardzero_plus_depr__c0p54__z1p05__lam0p030__nu0p50__psi1p00,hardzero_plus_depr,0.02,37,118,0.0,1,0.5103011,0.5103627,0.9874774,0.102925405,0.102925405,1.0,6.154321e-05,0.00059793994,-26.006542,2.1724937,0.7241646,0.16800001,0.0,0.17171852,3.5099971,3.539997,380800
hardzero_plus_depr__c0p54__z1p05__lam0p030__nu0p50__psi1p00,hardzero_plus_depr,0.02,37,119,0.0,1,0.5103627,0.5104166,1.0316244,0.092976995,0.092976995,1.0,5.3951593e-05,0.0005802682,-28.058916,2.269619,0.7565397,0.14400001,0.0,0.17281152,3.539997,3.569997,384000
hardzero_plus_depr__c0p54__z1p05__lam0p030__nu0p50__psi1p00,hardzero_plus_depr,0.02,37,120,0.0,1,0.5104166,0.51047075,1.0170815,0.09614318,0.09614318,1.0,5.4140022e-05,0.0005631187,-26.672773,2.237624,0.74587464,0.136,0.0,0.17731817,3.569997,3.599997,387200
hardzero_plus_depr__c0p54__z1p05__lam0p030__nu0p50__psi1p00,hardzero_plus_depr,0.02,37,121,0.0,1,0.51047075,0.51052415,1.0098597,0.0977553,0.0977553,1.0,5.342093e-05,0.00054647605,-26.775644,2.2217357,0.7405786,0.23200001,0.0,0.18214414,3.599997,3.629997,390400
hardzero_plus_depr__c0p54__z1p05__lam0p030__nu0p50__psi1p00,hardzero_plus_depr,0.02,37,122,0.0,1,0.51052415,0.5105793,0.9828886,0.104018696,0.104018696,1.0,5.516374e-05,0.0005303252,-26.956013,2.162398,0.7207994,0.14400001,0.0,0.18525174,3.629997,3.659997,393600
hardzero_plus_depr__c0p54__z1p05__lam0p030__nu0p50__psi1p00,hardzero_plus_depr,0.02,37,123,0.0,1,0.5105793,0.5105793,1.0895531,0.0,0.081366725,0.0,0.0,0.0005146518,-27.901169,2.3970647,0.7990216,0.112,0.0,0.19108124,3.659997,3.689997,396800
hardzero_plus_depr__c0p54__z1p05__lam0p030__nu0p50__psi1p00,hardzero_plus_depr,0.02,37,124,0.0,1,0.5105793,0.5106304,0.9899245,0.10234709,0.10234709,1.0,5.1116393e-05,0.0004994416,-27.248663,2.1778774,0.7259592,0.17600001,0.0,0.18936297,3.689997,3.719997,400000
hardzero_plus_depr__c0p54__z1p05__lam0p030__nu0p50__psi1p00,hardzero_plus_depr,0.02,37,125,0.0,1,0.5106304,0.5106814,0.97821766,0.105143465,0.105143465,1.0,5.096102e-05,0.00048468082,-26.399994,2.1521218,0.71737397,0.16000001,0.0,0.16892996,3.719997,3.749997,403200
hardzero_plus_depr__c0p54__z1p05__lam0p030__nu0p50__psi1p00,hardzero_plus_depr,0.02,37,126,0.0,1,0.5106814,0.51073134,0.97404075,0.1061596,0.1061596,1.0,4.9932845e-05,0.0004703564,-27.08393,2.1429324,0.7143108,0.15200001,0.0,0.17521966,3.749997,3.7799969,406400
hardzero_plus_depr__c0p54__z1p05__lam0p030__nu0p50__psi1p00,hardzero_plus_depr,0.02,37,127,0.0,1,0.51073134,0.51073134,1.0620565,0.0,0.0866849,0.0,0.0,0.00045645525,-27.852057,2.336571,0.778857,0.120000005,0.0,0.21247628,3.7799969,3.8099968,409600
hardzero_plus_depr__c0p54__z1p05__lam0p030__nu0p50__psi1p00,hardzero_plus_depr,0.02,37,128,0.0,1,0.51073134,0.5107742,1.0146154,0.09669067,0.09669067,1.0,4.283058e-05,0.00044296499,-27.073118,2.2321985,0.7440662,0.16000001,0.0,0.15779045,3.8099968,3.8399968,412800
hardzero_plus_depr__c0p54__z1p05__lam0p030__nu0p50__psi1p00,hardzero_plus_depr,0.02,37,129,0.0,1,0.5107742,0.5107742,1.1093931,0.0,0.07773325,0.0,0.0,0.00042987338,-28.588734,2.4407136,0.8135712,0.14400001,0.0,0.20360692,3.8399968,3.8699968,416000
hardzero_plus_depr__c0p54__z1p05__lam0p030__nu0p50__psi1p00,hardzero_plus_depr,0.02,37,130,0.0,1,0.5107742,0.51081556,1.0039375,0.09909746,0.09909746,1.0,4.134036e-05,0.00041716872,-26.34295,2.2087066,0.73623556,0.17,0.0,0.19021317,3.8699968,3.8999968,419200
hardzero_plus_depr__c0p54__z1p05__lam0p030__nu0p50__psi1p00,hardzero_plus_depr,0.02,37,131,0.0,1,0.51081556,0.51081556,1.0668274,0.0,0.08573784,0.0,0.0,0.00040483952,-27.392962,2.347067,0.7823557,0.128,0.0,0.18026844,3.8999968,3.9299967,422400
hardzero_plus_depr__c0p54__z1p05__lam0p030__nu0p50__psi1p00,hardzero_plus_depr,0.02,37,132,0.0,1,0.51081556,0.51081556,1.0697471,0.0,0.08516339,0.0,0.0,0.00039287473,-27.6262,2.3534906,0.7844969,0.08800001,0.0,0.20336848,3.9299967,3.9599967,425600
hardzero_plus_depr__c0p54__z1p05__lam0p030__nu0p50__psi1p00,hardzero_plus_depr,0.02,37,133,0.0,1,0.51081556,0.51085126,1.0283124,0.09368878,0.09368878,1.0,3.5720113e-05,0.00038126353,-27.885788,2.2623324,0.7541108,0.23200001,0.0,0.2126311,3.9599967,3.9899967,428800
hardzero_plus_depr__c0p54__z1p05__lam0p030__nu0p50__psi1p00,hardzero_plus_depr,0.02,37,134,0.0,1,0.51085126,0.5108862,1.0250301,0.09439953,0.09439953,1.0,3.4927398e-05,0.00036999548,-26.841763,2.2551112,0.75170374,0.14400001,0.0,0.18265626,3.9899967,4.0199966,432000
hardzero_plus_depr__c0p54__z1p05__lam0p030__nu0p50__psi1p00,hardzero_plus_depr,0.02,37,135,0.0,1,0.5108862,0.5109225,0.9953347,0.10108001,0.10108001,1.0,3.629384e-05,0.00035906053,-26.88125,2.18978,0.7299267,0.104,0.0,0.17751344,4.0199966,4.049997,435200
hardzero_plus_depr__c0p54__z1p05__lam0p030__nu0p50__psi1p00,hardzero_plus_depr,0.02,37,136,0.0,1,0.5109225,0.5109551,1.028867,0.09356922,0.09356922,1.0,3.2604057e-05,0.00034844855,-27.702488,2.2635527,0.75451756,0.096,0.0,0.21240906,4.049997,4.079997,438400
hardzero_plus_depr__c0p54__z1p05__lam0p030__nu0p50__psi1p00,hardzero_plus_depr,0.02,37,137,0.0,1,0.5109551,0.51098734,1.0209728,0.09528558,0.09528558,1.0,3.2220847e-05,0.0003381503,-27.71821,2.246185,0.7487284,0.16800001,0.008,0.20921715,4.079997,4.1099973,441600
hardzero_plus_depr__c0p54__z1p05__lam0p030__nu0p50__psi1p00,hardzero_plus_depr,0.02,37,138,0.0,1,0.51098734,0.51101905,1.0147127,0.096669026,0.096669026,1.0,3.1722557e-05,0.00032815637,-26.748837,2.2324126,0.7441375,0.120000005,0.0,0.1992023,4.1099973,4.1399975,444800
hardzero_plus_depr__c0p54__z1p05__lam0p030__nu0p50__psi1p00,hardzero_plus_depr,0.02,37,139,0.0,1,0.51101905,0.5110514,0.9929179,0.101644084,0.101644084,1.0,3.2369353e-05,0.0003184578,-26.96081,2.184463,0.72815436,0.16000001,0.0,0.17633383,4.1399975,4.1699977,448000
hardzero_plus_depr__c0p54__z1p05__lam0p030__nu0p50__psi1p00,hardzero_plus_depr,0.02,37,140,0.0,1,0.5110514,0.5110514,1.0687089,0.0,0.08536721,0.0,0.0,0.00030904592,-27.679914,2.3512065,0.7837355,0.128,0.0,0.19482523,4.1699977,4.199998,451200
hardzero_plus_depr__c0p54__z1p05__lam0p030__nu0p50__psi1p00,hardzero_plus_depr,0.02,37,141,0.0,1,0.5110514,0.51108,1.0200927,0.09547888,0.09547888,1.0,2.8635275e-05,0.00029991215,-26.931843,2.2442489,0.748083,0.15200001,0.0,0.19530728,4.199998,4.229998,454400
hardzero_plus_depr__c0p54__z1p05__lam0p030__nu0p50__psi1p00,hardzero_plus_depr,0.02,37,142,0.0,1,0.51108,0.5111065,1.0410672,0.09097724,0.09097724,1.0,2.6478774e-05,0.00029104835,-27.658127,2.2903936,0.76346457,0.17600001,0.0,0.21624593,4.229998,4.2599983,457600
hardzero_plus_depr__c0p54__z1p05__lam0p030__nu0p50__psi1p00,hardzero_plus_depr,0.02,37,143,0.0,1,0.5111065,0.5111345,1.0035639,0.09918274,0.09918274,1.0,2.8013821e-05,0.00028244653,-27.417894,2.2078846,0.73596156,0.16,0.0,0.16029418,4.2599983,4.2899985,460800
hardzero_plus_depr__c0p54__z1p05__lam0p030__nu0p50__psi1p00,hardzero_plus_depr,0.02,37,144,0.0,1,0.5111345,0.51116174,1.0025989,0.099403374,0.099403374,1.0,2.7246357e-05,0.00027409891,-27.67864,2.2057617,0.73525393,0.17600001,0.0,0.17264792,4.2899985,4.3199987,464000
hardzero_plus_depr__c0p54__z1p05__lam0p030__nu0p50__psi1p00,hardzero_plus_depr,0.02,37,145,0.0,1,0.51116174,0.5111894,0.982877,0.10402146,0.10402146,1.0,2.7669501e-05,0.000265998,-26.510942,2.1623726,0.72079086,0.120000005,0.0,0.15957673,4.3199987,4.349999,467200
hardzero_plus_depr__c0p54__z1p05__lam0p030__nu0p50__psi1p00,hardzero_plus_depr,0.02,37,146,0.0,1,0.5111894,0.5112162,0.9834257,0.10389014,0.10389014,1.0,2.6817843e-05,0.00025813654,-27.386915,2.1635797,0.72119325,0.16000001,0.0,0.19765787,4.349999,4.379999,470400
hardzero_plus_depr__c0p54__z1p05__lam0p030__nu0p50__psi1p00,hardzero_plus_depr,0.02,37,147,0.0,1,0.5112162,0.51124305,0.97058916,0.10700666,0.10700666,1.0,2.6805958e-05,0.00025050738,-26.497524,2.1353388,0.7117796,0.2,0.0,0.17869367,4.379999,4.4099994,473600
hardzero_plus_depr__c0p54__z1p05__lam0p030__nu0p50__psi1p00,hardzero_plus_depr,0.02,37,148,0.0,1,0.51124305,0.5112662,1.0221384,0.09503019,0.09503019,1.0,2.3102195e-05,0.00024310374,-27.24671,2.2487493,0.7495831,0.2,0.0,0.2021414,4.4099994,4.4399996,476800
hardzero_plus_depr__c0p54__z1p05__lam0p030__nu0p50__psi1p00,hardzero_plus_depr,0.02,37,149,0.0,1,0.5112662,0.5112662,1.0820919,0.0,0.08277668,0.0,0.0,0.00023591887,-28.499466,2.3806498,0.79354995,0.16800001,0.0,0.20109236,4.4399996,4.47,480000
hardzero_plus_depr__c0p54__z1p05__lam0p030__nu0p50__psi1p00,hardzero_plus_depr,0.02,37,150,0.0,1,0.5112662,0.5112662,1.0554801,0.0,0.08800753,0.0,0.0,0.00022894636,-27.36067,2.3221025,0.7740342,0.16000001,0.0,0.19254136,4.47,4.5,483200
hardzero_plus_depr__c0p54__z1p05__lam0p030__nu0p50__psi1p00,hardzero_plus_depr,0.02,37,151,0.0,1,0.5112662,0.5112662,1.0534222,0.0,0.08842555,0.0,0.0,0.00022217994,-27.702087,2.3175752,0.7725251,0.08800001,0.0,0.18837446,4.5,4.53,486400
hardzero_plus_depr__c0p54__z1p05__lam0p030__nu0p50__psi1p00,hardzero_plus_depr,0.02,37,152,0.0,1,0.5112662,0.51128584,1.0402277,0.091153294,0.091153294,1.0,1.965388e-05,0.00021561349,-27.522346,2.2885466,0.76284885,0.17600001,0.0,0.18871072,4.53,4.5600004,489600
hardzero_plus_depr__c0p54__z1p05__lam0p030__nu0p50__psi1p00,hardzero_plus_depr,0.02,37,153,0.0,1,0.51128584,0.51130533,1.0301602,0.093291014,0.093291014,1.0,1.9520312e-05,0.00020924107,-26.689026,2.2663977,0.7554659,0.136,0.0,0.1981349,4.5600004,4.5900006,492800
hardzero_plus_depr__c0p54__z1p05__lam0p030__nu0p50__psi1p00,hardzero_plus_depr,0.02,37,154,0.0,1,0.51130533,0.51132405,1.0353514,0.09218252,0.09218252,1.0,1.8718307e-05,0.00020305702,-27.375095,2.2778184,0.7592728,0.136,0.0,0.18594567,4.5900006,4.620001,496000
hardzero_plus_depr__c0p54__z1p05__lam0p030__nu0p50__psi1p00,hardzero_plus_depr,0.02,37,155,0.0,1,0.51132405,0.51134413,0.99127555,0.102029175,0.102029175,1.0,2.0105435e-05,0.00019705575,-26.50824,2.1808498,0.72694993,0.14400001,0.0,0.1620941,4.620001,4.650001,499200
hardzero_plus_depr__c0p54__z1p05__lam0p030__nu0p50__psi1p00,hardzero_plus_depr,0.02,37,156,0.0,1,0.51134413,0.51136357,0.9931456,0.101590805,0.101590805,1.0,1.9427394e-05,0.00019123183,-26.627687,2.184964,0.7283213,0.17,0.0,0.15039854,4.650001,4.6800013,502400
hardzero_plus_depr__c0p54__z1p05__lam0p030__nu0p50__psi1p00,hardzero_plus_depr,0.02,37,157,0.0,1,0.51136357,0.51136357,1.0524626,0.0,0.088621154,0.0,0.0,0.00018558005,-27.340353,2.315464,0.7718214,0.14400001,0.0,0.18896966,4.6800013,4.7100015,505600
hardzero_plus_depr__c0p54__z1p05__lam0p030__nu0p50__psi1p00,hardzero_plus_depr,0.02,37,158,0.0,1,0.51136357,0.5113802,1.0346819,0.092324734,0.092324734,1.0,1.6627248e-05,0.00018009527,-27.91113,2.2763457,0.7587819,0.16800001,0.0,0.18116944,4.7100015,4.7400017,508800
hardzero_plus_depr__c0p54__z1p05__lam0p030__nu0p50__psi1p00,hardzero_plus_depr,0.02,37,159,0.0,1,0.5113802,0.5113958,1.0496963,0.089187436,0.089187436,1.0,1.5587522e-05,0.00017477262,-27.987331,2.309378,0.7697927,0.17600001,0.0,0.18721235,4.7400017,4.770002,512000
hardzero_plus_depr__c0p54__z1p05__lam0p030__nu0p50__psi1p00,hardzero_plus_depr,0.02,37,160,0.0,1,0.5113958,0.51141334,0.985501,0.10339488,0.10339488,1.0,1.7536526e-05,0.00016960729,-27.086092,2.1681454,0.72271514,0.18400002,0.0,0.1848981,4.770002,4.800002,515200
hardzero_plus_depr__c0p54__z1p05__lam0p030__nu0p50__psi1p00,hardzero_plus_depr,0.02,37,161,0.0,1,0.51141334,0.51141334,1.0879755,0.0,0.08166283,0.0,0.0,0.00016459459,-28.523153,2.3935938,0.7978646,0.120000005,0.0,0.1977724,4.800002,4.8300023,518400
hardzero_plus_depr__c0p54__z1p05__lam0p030__nu0p50__psi1p00,hardzero_plus_depr,0.02,37,162,0.0,1,0.51141334,0.51142967,0.98990184,0.10235241,0.10235241,1.0,1.6348757e-05,0.00015973006,-26.801764,2.1778276,0.72594255,0.17600001,0.0,0.15266994,4.8300023,4.8600025,521600
hardzero_plus_depr__c0p54__z1p05__lam0p030__nu0p50__psi1p00,hardzero_plus_depr,0.02,37,163,0.0,1,0.51142967,0.5114444,1.0215526,0.09515847,0.09515847,1.0,1.4750447e-05,0.00015500929,-27.391794,2.2474606,0.74915355,0.120000005,0.0,0.1918602,4.8600025,4.8900027,524800
hardzero_plus_depr__c0p54__z1p05__lam0p030__nu0p50__psi1p00,hardzero_plus_depr,0.02,37,164,0.0,1,0.5114444,0.511459,1.0125031,0.09716209,0.09716209,1.0,1.4615903e-05,0.00015042804,-27.947529,2.2275515,0.7425172,0.16000001,0.0,0.21343577,4.8900027,4.920003,528000
hardzero_plus_depr__c0p54__z1p05__lam0p030__nu0p50__psi1p00,hardzero_plus_depr,0.02,37,165,0.0,1,0.511459,0.511473,1.0179154,0.09595876,0.09595876,1.0,1.4008269e-05,0.00014598218,-27.465729,2.2394586,0.7464862,0.18400002,0.0,0.17986688,4.920003,4.950003,531200
hardzero_plus_depr__c0p54__z1p05__lam0p030__nu0p50__psi1p00,hardzero_plus_depr,0.02,37,166,0.0,1,0.511473,0.5114865,1.0219855,0.095063634,0.095063634,1.0,1.3467449e-05,0.00014166773,-27.190231,2.248413,0.74947107,0.136,0.008,0.19403599,4.950003,4.9800034,534400
hardzero_plus_depr__c0p54__z1p05__lam0p030__nu0p50__psi1p00,hardzero_plus_depr,0.02,37,167,0.0,1,0.5114865,0.5114996,1.020831,0.09531671,0.09531671,1.0,1.3104215e-05,0.00013748078,-27.340008,2.245873,0.7486243,0.15200001,0.0,0.20091185,4.9800034,5.0100036,537600
hardzero_plus_depr__c0p54__z1p05__lam0p030__nu0p50__psi1p00,hardzero_plus_depr,0.02,37,168,0.0,1,0.5114996,0.51151216,1.0264132,0.09409939,0.09409939,1.0,1.2554514e-05,0.00013341759,-27.529339,2.2581542,0.7527181,0.104,0.0,0.18223304,5.0100036,5.040004,540800
hardzero_plus_depr__c0p54__z1p05__lam0p030__nu0p50__psi1p00,hardzero_plus_depr,0.02,37,169,0.0,1,0.51151216,0.51151216,1.062229,0.0,0.08665047,0.0,0.0,0.00012947447,-27.09834,2.3369505,0.77898353,0.19,0.0,0.1626567,5.040004,5.070004,544000
hardzero_plus_depr__c0p54__z1p05__lam0p030__nu0p50__psi1p00,hardzero_plus_depr,0.02,37,170,0.0,1,0.51151216,0.5115241,1.0233982,0.094754934,0.094754934,1.0,1.1905757e-05,0.00012564789,-27.185852,2.2515209,0.750507,0.16800001,0.0,0.19306242,5.070004,5.100004,547200
hardzero_plus_depr__c0p54__z1p05__lam0p030__nu0p50__psi1p00,hardzero_plus_depr,0.02,37,171,0.0,1,0.5115241,0.5115241,1.1156095,0.0,0.07662853,0.0,0.0,0.00012193442,-28.914566,2.45439,0.81813,0.120000005,0.0,0.19350886,5.100004,5.1300044,550400
hardzero_plus_depr__c0p54__z1p05__lam0p030__nu0p50__psi1p00,hardzero_plus_depr,0.02,37,172,0.0,1,0.5115241,0.5115359,1.0002252,0.09994815,0.09994815,1.0,1.1826934e-05,0.00011833069,-26.81197,2.2005394,0.7335131,0.16800001,0.0,0.19601873,5.1300044,5.1600046,553600
hardzero_plus_depr__c0p54__z1p05__lam0p030__nu0p50__psi1p00,hardzero_plus_depr,0.02,37,173,0.0,1,0.5115359,0.5115462,1.0464358,0.08985954,0.08985954,1.0,1.0318881e-05,0.000114833456,-28.06349,2.3022048,0.76740164,0.17600001,0.0,0.20159946,5.1600046,5.190005,556800
hardzero_plus_depr__c0p54__z1p05__lam0p030__nu0p50__psi1p00,hardzero_plus_depr,0.02,37,174,0.0,1,0.5115462,0.51155627,1.0445777,0.09024482,0.09024482,1.0,1.0056847e-05,0.0001114396,-27.656826,2.298117,0.766039,0.136,0.0,0.16877383,5.190005,5.220005,560000
hardzero_plus_depr__c0p54__z1p05__lam0p030__nu0p50__psi1p00,hardzero_plus_depr,0.02,37,175,0.0,1,0.51155627,0.51156664,1.0183624,0.09586004,0.09586004,1.0,1.0366883e-05,0.00010814603,-27.484798,2.240442,0.746814,0.208,0.0,0.1904656,5.220005,5.2500052,563200
hardzero_plus_depr__c0p54__z1p05__lam0p030__nu0p50__psi1p00,hardzero_plus_depr,0.02,37,176,0.0,1,0.51156664,0.5115778,0.97379714,0.10621914,0.10621914,1.0,1.114768e-05,0.000104949824,-27.008747,2.1423965,0.7141322,0.216,0.0,0.18457608,5.2500052,5.2800055,566400
hardzero_plus_depr__c0p54__z1p05__lam0p030__nu0p50__psi1p00,hardzero_plus_depr,0.02,37,177,0.0,1,0.5115778,0.5115873,1.0295725,0.093417354,0.093417354,1.0,9.514376e-06,0.000101848054,-27.486412,2.2651048,0.7550349,0.15200001,0.0,0.17046046,5.2800055,5.3100057,569600
hardzero_plus_depr__c0p54__z1p05__lam0p030__nu0p50__psi1p00,hardzero_plus_depr,0.02,37,178,0.0,1,0.5115873,0.5115873,1.0953192,0.0,0.08029358,0.0,0.0,9.8837976e-05,-29.261127,2.4097502,0.8032501,0.16800001,0.0,0.22034374,5.3100057,5.340006,572800
hardzero_plus_depr__c0p54__z1p05__lam0p030__nu0p50__psi1p00,hardzero_plus_depr,0.02,37,179,0.0,1,0.5115873,0.51159656,1.0160418,0.09637363,0.09637363,1.0,9.243856e-06,9.5916854e-05,-26.848156,2.2353365,0.7451122,0.120000005,0.0,0.1803744,5.340006,5.370006,576000
hardzero_plus_depr__c0p54__z1p05__lam0p030__nu0p50__psi1p00,hardzero_plus_depr,0.02,37,180,0.0,1,0.51159656,0.51160544,1.0210035,0.09527886,0.09527886,1.0,8.868753e-06,9.308206e-05,-26.926224,2.2462525,0.74875087,0.15200001,0.0,0.1746236,5.370006,5.4000063,579200
hardzero_plus_depr__c0p54__z1p05__lam0p030__nu0p50__psi1p00,hardzero_plus_depr,0.02,37,181,0.0,1,0.51160544,0.511614,1.0210248,0.09527417,0.09527417,1.0,8.606216e-06,9.033105e-05,-26.606289,2.2462995,0.74876654,0.16000001,0.0,0.17757536,5.4000063,5.4300065,582400
hardzero_plus_depr__c0p54__z1p05__lam0p030__nu0p50__psi1p00,hardzero_plus_depr,0.02,37,182,0.0,1,0.511614,0.5116221,1.0357077,0.09210692,0.09210692,1.0,8.0742175e-06,8.766135e-05,-26.061316,2.2786024,0.7595341,0.11,0.0,0.16866174,5.4300065,5.4600067,585600
hardzero_plus_depr__c0p54__z1p05__lam0p030__nu0p50__psi1p00,hardzero_plus_depr,0.02,37,183,0.0,1,0.5116221,0.5116221,1.0612673,0.0,0.08684259,0.0,0.0,8.507054e-05,-27.74022,2.3348346,0.77827823,0.15200001,0.0,0.18296674,5.4600067,5.490007,588800
hardzero_plus_depr__c0p54__z1p05__lam0p030__nu0p50__psi1p00,hardzero_plus_depr,0.02,37,184,0.0,1,0.5116221,0.51162976,1.0302942,0.09326223,0.09326223,1.0,7.699386e-06,8.2556304e-05,-27.605556,2.2666924,0.75556415,0.120000005,0.0,0.19918093,5.490007,5.520007,592000
hardzero_plus_depr__c0p54__z1p05__lam0p030__nu0p50__psi1p00,hardzero_plus_depr,0.02,37,185,0.0,1,0.51162976,0.51163775,1.0008758,0.09979852,0.09979852,1.0,7.995498e-06,8.011639e-05,-26.561548,2.2019708,0.7339903,0.14400001,0.0,0.1730859,5.520007,5.5500073,595200
hardzero_plus_depr__c0p54__z1p05__lam0p030__nu0p50__psi1p00,hardzero_plus_depr,0.02,37,186,0.0,1,0.51163775,0.5116447,1.0481011,0.089515634,0.089515634,1.0,6.9597127e-06,7.774857e-05,-27.817762,2.3058684,0.7686228,0.136,0.0,0.18725012,5.5500073,5.5800076,598400
hardzero_plus_depr__c0p54__z1p05__lam0p030__nu0p50__psi1p00,hardzero_plus_depr,0.02,37,187,0.0,1,0.5116447,0.51165205,1.0127927,0.09709732,0.09709732,1.0,7.326065e-06,7.545074e-05,-27.616503,2.2281885,0.74272954,0.17600001,0.0,0.19551465,5.5800076,5.610008,601600
hardzero_plus_depr__c0p54__z1p05__lam0p030__nu0p50__psi1p00,hardzero_plus_depr,0.02,37,188,0.0,1,0.51165205,0.5116597,0.9824779,0.1041171,0.1041171,1.0,7.623539e-06,7.3220814e-05,-26.74008,2.1614945,0.7204982,0.256,0.0,0.1810889,5.610008,5.640008,604800
hardzero_plus_depr__c0p54__z1p05__lam0p030__nu0p50__psi1p00,hardzero_plus_depr,0.02,37,189,0.0,1,0.5116597,0.5116663,1.0305454,0.093208306,0.093208306,1.0,6.6230837e-06,7.10568e-05,-27.202566,2.267245,0.7557484,0.192,0.008,0.20789805,5.640008,5.670008,608000
hardzero_plus_depr__c0p54__z1p05__lam0p030__nu0p50__psi1p00,hardzero_plus_depr,0.02,37,190,0.0,1,0.5116663,0.5116663,1.0844162,0.0,0.08233488,0.0,0.0,6.895674e-05,-27.902102,2.3857632,0.7952544,0.128,0.0,0.20194729,5.670008,5.7000084,611200
hardzero_plus_depr__c0p54__z1p05__lam0p030__nu0p50__psi1p00,hardzero_plus_depr,0.02,37,191,0.0,1,0.5116663,0.51167285,1.0102048,0.09767765,0.09767765,1.0,6.536466e-06,6.691875e-05,-26.141048,2.2224948,0.7408316,0.216,0.0,0.1834839,5.7000084,5.7300086,614400
hardzero_plus_depr__c0p54__z1p05__lam0p030__nu0p50__psi1p00,hardzero_plus_depr,0.02,37,192,0.0,1,0.51167285,0.51167876,1.041277,0.0909333,0.0909333,1.0,5.905298e-06,6.4940985e-05,-27.525084,2.2908552,0.7636184,0.136,0.0,0.17890643,5.7300086,5.760009,617600
hardzero_plus_depr__c0p54__z1p05__lam0p030__nu0p50__psi1p00,hardzero_plus_depr,0.02,37,193,0.0,1,0.51167876,0.51168483,1.0150796,0.096587375,0.096587375,1.0,6.087098e-06,6.3021675e-05,-27.164724,2.2332199,0.74440664,0.15200001,0.0,0.20430362,5.760009,5.790009,620800
hardzero_plus_depr__c0p54__z1p05__lam0p030__nu0p50__psi1p00,hardzero_plus_depr,0.02,37,194,0.0,1,0.51168483,0.5116906,1.0240993,0.09460208,0.09460208,1.0,5.785777e-06,6.115909e-05,-27.427929,2.2530637,0.75102127,0.120000005,0.0,0.2061341,5.790009,5.820009,624000
hardzero_plus_depr__c0p54__z1p05__lam0p030__nu0p50__psi1p00,hardzero_plus_depr,0.02,37,195,0.0,1,0.5116906,0.5116906,1.0646225,0.0,0.086174235,0.0,0.0,5.9351558e-05,-27.980307,2.3422163,0.7807388,0.14,0.0,0.1965097,5.820009,5.8500094,627200
hardzero_plus_depr__c0p54__z1p05__lam0p030__nu0p50__psi1p00,hardzero_plus_depr,0.02,37,196,0.0,1,0.5116906,0.51169616,1.0166605,0.096236445,0.096236445,1.0,5.5429728e-06,5.7597437e-05,-27.26886,2.2366977,0.7455659,0.136,0.0,0.17321317,5.8500094,5.8800097,630400
hardzero_plus_depr__c0p54__z1p05__lam0p030__nu0p50__psi1p00,hardzero_plus_depr,0.02,37,197,0.0,1,0.51169616,0.5117016,1.0127262,0.09711221,0.09711221,1.0,5.4281027e-06,5.589516e-05,-27.113176,2.2280421,0.7426807,0.120000005,0.0,0.1872503,5.8800097,5.91001,633600
hardzero_plus_depr__c0p54__z1p05__lam0p030__nu0p50__psi1p00,hardzero_plus_depr,0.02,37,198,0.0,1,0.5117016,0.5117016,1.0522541,0.0,0.08866372,0.0,0.0,5.4243203e-05,-27.057646,2.3150053,0.77166843,0.208,0.008,0.20913629,5.91001,5.94001,636800
hardzero_plus_depr__c0p54__z1p05__lam0p030__nu0p50__psi1p00,hardzero_plus_depr,0.02,37,199,0.0,1,0.5117016,0.5117063,1.0496261,0.08920185,0.08920185,1.0,4.6955915e-06,5.2640065e-05,-28.513607,2.3092237,0.76974124,0.128,0.0,0.19935364,5.94001,5.9700103,640000
hardzero_plus_depr__c0p54__z1p05__lam0p030__nu0p50__psi1p00,hardzero_plus_depr,0.02,37,200,0.0,1,0.5117063,0.51171094,1.0407709,0.09103934,0.09103934,1.0,4.6506807e-06,5.10843e-05,-27.305708,2.2897418,0.76324725,0.120000005,0.0,0.19873828,5.9700103,6.0000105,643200
hardzero_plus_depr__c0p54__z1p05__lam0p030__nu0p50__psi1p00,hardzero_plus_depr,0.02,37,201,0.0,1,0.51171094,0.5117155,1.0374653,0.0917349,0.0917349,1.0,4.547714e-06,4.9574523e-05,-27.309278,2.2824693,0.76082313,0.16000001,0.0,0.18527207,6.0000105,6.0300107,646400
hardzero_plus_depr__c0p54__z1p05__lam0p030__nu0p50__psi1p00,hardzero_plus_depr,0.02,37,202,0.0,1,0.5117155,0.5117155,1.0513852,0.0,0.08884128,0.0,0.0,4.8109363e-05,-27.205397,2.3130937,0.77103126,0.112,0.0,0.18484335,6.0300107,6.060011,649600
hardzero_plus_depr__c0p54__z1p05__lam0p030__nu0p50__psi1p00,hardzero_plus_depr,0.02,37,203,0.0,1,0.5117155,0.51172,1.012055,0.097262405,0.097262405,1.0,4.5409392e-06,4.6687506e-05,-27.486353,2.2265656,0.7421886,0.208,0.0,0.18431957,6.060011,6.090011,652800
hardzero_plus_depr__c0p54__z1p05__lam0p030__nu0p50__psi1p00,hardzero_plus_depr,0.02,37,204,0.0,1,0.51172,0.51172477,0.9774232,0.105335996,0.105335996,1.0,4.772529e-06,4.5307672e-05,-26.66949,2.150374,0.71679133,0.128,0.0,0.17129754,6.090011,6.1200113,656000
hardzero_plus_depr__c0p54__z1p05__lam0p030__nu0p50__psi1p00,hardzero_plus_depr,0.02,37,205,0.0,1,0.51172477,0.51172936,0.9828377,0.10403088,0.10403088,1.0,4.574094e-06,4.396862e-05,-26.234861,2.162286,0.720762,0.208,0.0,0.18281177,6.1200113,6.1500115,659200
hardzero_plus_depr__c0p54__z1p05__lam0p030__nu0p50__psi1p00,hardzero_plus_depr,0.02,37,206,0.0,1,0.51172936,0.5117333,1.0378277,0.091658406,0.091658406,1.0,3.9109855e-06,4.266914e-05,-27.240553,2.2832665,0.76108885,0.112,0.0,0.17356846,6.1500115,6.1800117,662400
hardzero_plus_depr__c0p54__z1p05__lam0p030__nu0p50__psi1p00,hardzero_plus_depr,0.02,37,207,0.0,1,0.5117333,0.5117375,0.99112344,0.10206494,0.10206494,1.0,4.2263123e-06,4.140807e-05,-26.342348,2.180515,0.72683835,0.16000001,0.0,0.17425993,6.1800117,6.210012,665600
hardzero_plus_depr__c0p54__z1p05__lam0p030__nu0p50__psi1p00,hardzero_plus_depr,0.02,37,208,0.0,1,0.5117375,0.5117375,1.0873209,0.0,0.08178602,0.0,0.0,4.0184266e-05,-29.338129,2.3921537,0.7973846,0.11,0.0,0.19584835,6.210012,6.240012,668800
hardzero_plus_depr__c0p54__z1p05__lam0p030__nu0p50__psi1p00,hardzero_plus_depr,0.02,37,209,0.0,1,0.5117375,0.51174104,1.0428554,0.090603426,0.090603426,1.0,3.533229e-06,3.8996637e-05,-28.190287,2.2943277,0.76477593,0.16000001,0.0,0.20734322,6.240012,6.2700124,672000
hardzero_plus_depr__c0p54__z1p05__lam0p030__nu0p50__psi1p00,hardzero_plus_depr,0.02,37,210,0.0,1,0.51174104,0.51174444,1.049626,0.089201875,0.089201875,1.0,3.375765e-06,3.7844104e-05,-27.849794,2.3092232,0.76974106,0.16800001,0.0,0.20423779,6.2700124,6.3000126,675200
hardzero_plus_depr__c0p54__z1p05__lam0p030__nu0p50__psi1p00,hardzero_plus_depr,0.02,37,211,0.0,1,0.51174444,0.51174444,1.0520433,0.0,0.08870675,0.0,0.0,3.6725633e-05,-27.989395,2.3145416,0.7715139,0.112,0.0,0.19648187,6.3000126,6.330013,678400
hardzero_plus_depr__c0p54__z1p05__lam0p030__nu0p50__psi1p00,hardzero_plus_depr,0.02,37,212,0.0,1,0.51174444,0.51174444,1.0802796,0.0,0.083122835,0.0,0.0,3.564022e-05,-27.399057,2.3766625,0.79222083,0.16800001,0.0,0.19337139,6.330013,6.360013,681600
hardzero_plus_depr__c0p54__z1p05__lam0p030__nu0p50__psi1p00,hardzero_plus_depr,0.02,37,213,0.0,1,0.51174444,0.51174444,1.0501224,0.0,0.08909998,0.0,0.0,3.4586883e-05,-27.117176,2.3103154,0.7701051,0.128,0.008,0.19490345,6.360013,6.390013,684800
hardzero_plus_depr__c0p54__z1p05__lam0p030__nu0p50__psi1p00,hardzero_plus_depr,0.02,37,214,0.0,1,0.51174444,0.51174444,1.0721074,0.0,0.08470178,0.0,0.0,3.356468e-05,-27.436766,2.3586833,0.7862278,0.16800001,0.0,0.21876536,6.390013,6.4200134,688000
hardzero_plus_depr__c0p54__z1p05__lam0p030__nu0p50__psi1p00,hardzero_plus_depr,0.02,37,215,0.0,1,0.51174444,0.51174754,1.0226966,0.09490812,0.09490812,1.0,3.0914125e-06,3.2572687e-05,-27.175728,2.2499774,0.7499925,0.16000001,0.0,0.17541938,6.4200134,6.4500136,691200
hardzero_plus_depr__c0p54__z1p05__lam0p030__nu0p50__psi1p00,hardzero_plus_depr,0.02,37,216,0.0,1,0.51174754,0.51174754,1.0937644,0.0,0.08058153,0.0,0.0,3.1610012e-05,-28.044825,2.4063299,0.80210996,0.15200001,0.0,0.19781706,6.4500136,6.480014,694400
hardzero_plus_depr__c0p54__z1p05__lam0p030__nu0p50__psi1p00,hardzero_plus_depr,0.02,37,217,0.0,1,0.51174754,0.51174754,1.0746022,0.0,0.08421662,0.0,0.0,3.0675787e-05,-28.345165,2.3641722,0.78805745,0.16000001,0.0,0.189405,6.480014,6.510014,697600
hardzero_plus_depr__c0p54__z1p05__lam0p030__nu0p50__psi1p00,hardzero_plus_depr,0.02,37,218,0.0,1,0.51174754,0.5117503,1.0391781,0.09137384,0.09137384,1.0,2.720124e-06,2.9769177e-05,-26.868038,2.2862375,0.7620792,0.18400002,0.0,0.19068971,6.510014,6.5400143,700800
hardzero_plus_depr__c0p54__z1p05__lam0p030__nu0p50__psi1p00,hardzero_plus_depr,0.02,37,219,0.0,1,0.5117503,0.511753,1.0252339,0.09435526,0.09435526,1.0,2.7258627e-06,2.8889355e-05,-27.482077,2.2555594,0.75185317,0.16000001,0.0,0.17212823,6.5400143,6.5700145,704000
hardzero_plus_depr__c0p54__z1p05__lam0p030__nu0p50__psi1p00,hardzero_plus_depr,0.02,37,220,0.0,1,0.511753,0.511753,1.0771314,0.0,0.08372759,0.0,0.0,2.8035542e-05,-27.499474,2.3697364,0.78991216,0.128,0.0,0.18025279,6.5700145,6.6000147,707200
hardzero_plus_depr__c0p54__z1p05__lam0p030__nu0p50__psi1p00,hardzero_plus_depr,0.02,37,221,0.0,1,0.511753,0.5117555,1.0380458,0.09161239,0.09161239,1.0,2.4924946e-06,2.720696e-05,-27.71106,2.2837462,0.76124877,0.16,0.0,0.18963787,6.6000147,6.630015,710400
hardzero_plus_depr__c0p54__z1p05__lam0p030__nu0p50__psi1p00,hardzero_plus_depr,0.02,37,222,0.0,1,0.5117555,0.5117582,0.9904213,0.10223008,0.10223008,1.0,2.6991675e-06,2.640287e-05,-26.309177,2.1789703,0.7263235,0.15200001,0.0,0.17252076,6.630015,6.660015,713600
hardzero_plus_depr__c0p54__z1p05__lam0p030__nu0p50__psi1p00,hardzero_plus_depr,0.02,37,223,0.0,1,0.5117582,0.5117605,1.048834,0.08936471,0.08936471,1.0,2.2897507e-06,2.562254e-05,-27.326294,2.3074808,0.7691603,0.16000001,0.0,0.18483828,6.660015,6.6900153,716800
hardzero_plus_depr__c0p54__z1p05__lam0p030__nu0p50__psi1p00,hardzero_plus_depr,0.02,37,224,0.0,1,0.5117605,0.51176316,0.9704007,0.1070531,0.1070531,1.0,2.6619048e-06,2.4865274e-05,-25.778763,2.1349242,0.71164143,0.16000001,0.0,0.19731487,6.6900153,6.7200155,720000
hardzero_plus_depr__c0p54__z1p05__lam0p030__nu0p50__psi1p00,hardzero_plus_depr,0.02,37,225,0.0,1,0.51176316,0.5117655,1.0125287,0.09715637,0.09715637,1.0,2.344421e-06,2.413039e-05,-26.63861,2.2276075,0.7425358,0.15200001,0.0,0.15960388,6.7200155,6.7500157,723200
hardzero_plus_depr__c0p54__z1p05__lam0p030__nu0p50__psi1p00,hardzero_plus_depr,0.02,37,226,0.0,1,0.5117655,0.5117676,1.0343982,0.09238507,0.09238507,1.0,2.1634019e-06,2.3417224e-05,-27.485487,2.2757215,0.7585739,0.16000001,0.0,0.17460136,6.7500157,6.780016,726400
hardzero_plus_depr__c0p54__z1p05__lam0p030__nu0p50__psi1p00,hardzero_plus_depr,0.02,37,227,0.0,1,0.5117676,0.5117676,1.0628805,0.0,0.08652058,0.0,0.0,2.2725135e-05,-27.644962,2.338384,0.7794613,0.18400002,0.0,0.22547679,6.780016,6.810016,729600
hardzero_plus_depr__c0p54__z1p05__lam0p030__nu0p50__psi1p00,hardzero_plus_depr,0.02,37,228,0.0,1,0.5117676,0.51176983,1.0058699,0.098657496,0.098657496,1.0,2.175743e-06,2.2053498e-05,-26.636766,2.2129579,0.73765266,0.14400001,0.0,0.16472362,6.810016,6.8400164,732800
hardzero_plus_depr__c0p54__z1p05__lam0p030__nu0p50__psi1p00,hardzero_plus_depr,0.02,37,229,0.0,1,0.51176983,0.51176983,1.094952,0.0,0.080361485,0.0,0.0,2.1401718e-05,-28.399698,2.4089425,0.80298084,0.120000005,0.0,0.16304137,6.8400164,6.8700166,736000
hardzero_plus_depr__c0p54__z1p05__lam0p030__nu0p50__psi1p00,hardzero_plus_depr,0.02,37,230,0.0,1,0.51176983,0.5117718,1.0300233,0.09332041,0.09332041,1.0,1.9381898e-06,2.0769196e-05,-27.995817,2.2660966,0.75536555,0.16000001,0.0,0.23153782,6.8700166,6.900017,739200
hardzero_plus_depr__c0p54__z1p05__lam0p030__nu0p50__psi1p00,hardzero_plus_depr,0.02,37,231,0.0,1,0.5117718,0.5117718,1.0906886,0.0,0.08115427,0.0,0.0,2.015537e-05,-28.645477,2.3995628,0.7998543,0.120000005,0.0,0.18255036,6.900017,6.930017,742400
hardzero_plus_depr__c0p54__z1p05__lam0p030__nu0p50__psi1p00,hardzero_plus_depr,0.02,37,232,0.0,1,0.5117718,0.5117718,1.0510682,0.0,0.08890616,0.0,0.0,1.9559686e-05,-29.008177,2.3123963,0.7707988,0.24000001,0.0,0.22823498,6.930017,6.960017,745600
hardzero_plus_depr__c0p54__z1p05__lam0p030__nu0p50__psi1p00,hardzero_plus_depr,0.02,37,233,0.0,1,0.5117718,0.5117735,1.035653,0.09211854,0.09211854,1.0,1.7485578e-06,1.8981606e-05,-27.135595,2.278482,0.759494,0.16800001,0.008,0.18393046,6.960017,6.9900174,748800
hardzero_plus_depr__c0p54__z1p05__lam0p030__nu0p50__psi1p00,hardzero_plus_depr,0.02,37,234,0.0,1,0.5117735,0.5117752,1.0383302,0.091552414,0.091552414,1.0,1.6864514e-06,1.8420611e-05,-27.474016,2.284372,0.7614574,0.21,0.0,0.19385524,6.9900174,7.0200176,752000
hardzero_plus_depr__c0p54__z1p05__lam0p030__nu0p50__psi1p00,hardzero_plus_depr,0.02,37,235,0.0,1,0.5117752,0.511777,1.0018532,0.099574186,0.099574186,1.0,1.7800076e-06,1.7876195e-05,-27.000889,2.204121,0.73470706,0.192,0.0,0.17145593,7.0200176,7.050018,755200
hardzero_plus_depr__c0p54__z1p05__lam0p030__nu0p50__psi1p00,hardzero_plus_depr,0.02,37,236,0.0,1,0.511777,0.5117787,1.000766,0.09982377,0.09982377,1.0,1.7317298e-06,1.734787e-05,-26.00597,2.2017293,0.7339098,0.16800001,0.0,0.20185937,7.050018,7.080018,758400
hardzero_plus_depr__c0p54__z1p05__lam0p030__nu0p50__psi1p00,hardzero_plus_depr,0.02,37,237,0.0,1,0.5117787,0.51178026,1.0323981,0.09281151,0.09281151,1.0,1.5624965e-06,1.683516e-05,-26.573486,2.2713213,0.75710714,0.15200001,0.0,0.17856292,7.080018,7.1100183,761600
hardzero_plus_depr__c0p54__z1p05__lam0p030__nu0p50__psi1p00,hardzero_plus_depr,0.02,37,238,0.0,1,0.51178026,0.51178193,0.9887331,0.10262825,0.10262825,1.0,1.6766996e-06,1.6337603e-05,-26.683228,2.1752563,0.72508544,0.17600001,0.0,0.18517043,7.1100183,7.1400185,764800
hardzero_plus_depr__c0p54__z1p05__lam0p030__nu0p50__psi1p00,hardzero_plus_depr,0.02,37,239,0.0,1,0.51178193,0.51178336,1.0437621,0.090414464,0.090414464,1.0,1.4334987e-06,1.585475e-05,-27.841383,2.2963223,0.7654408,0.16000001,0.0,0.21218383,7.1400185,7.1700187,768000
hardzero_plus_depr__c0p54__z1p05__lam0p030__nu0p50__psi1p00,hardzero_plus_depr,0.02,37,240,0.0,1,0.51178336,0.511785,0.97272056,0.1064828,0.1064828,1.0,1.6383622e-06,1.5386167e-05,-26.399754,2.140028,0.71334267,0.224,0.0,0.17636335,7.1700187,7.200019,771200
hardzero_plus_depr__c0p54__z1p05__lam0p030__nu0p50__psi1p00,hardzero_plus_depr,0.02,37,241,0.0,1,0.511785,0.511785,1.0518807,0.0,0.08873996,0.0,0.0,1.4931435e-05,-27.666079,2.3141837,0.7713946,0.16000001,0.0,0.2063908,7.200019,7.230019,774400
hardzero_plus_depr__c0p54__z1p05__lam0p030__nu0p50__psi1p00,hardzero_plus_depr,0.02,37,242,0.0,1,0.511785,0.5117863,1.0428443,0.09060574,0.09060574,1.0,1.3128899e-06,1.44901405e-05,-27.091122,2.2943032,0.76476777,0.08800001,0.0,0.18422943,7.230019,7.2600193,777600
hardzero_plus_depr__c0p54__z1p05__lam0p030__nu0p50__psi1p00,hardzero_plus_depr,0.02,37,243,0.0,1,0.5117863,0.5117863,1.0538532,0.0,0.088337846,0.0,0.0,1.40618895e-05,-27.36828,2.3185232,0.7728411,0.16800001,0.0,0.19365454,7.2600193,7.2900195,780800
hardzero_plus_depr__c0p54__z1p05__lam0p030__nu0p50__psi1p00,hardzero_plus_depr,0.02,37,244,0.0,1,0.5117863,0.5117876,1.0148411,0.09664045,0.09664045,1.0,1.3187839e-06,1.3646293e-05,-27.083303,2.2326949,0.74423164,0.18400002,0.0,0.18287207,7.2900195,7.3200197,784000
hardzero_plus_depr__c0p54__z1p05__lam0p030__nu0p50__psi1p00,hardzero_plus_depr,0.02,37,245,0.0,1,0.5117876,0.5117876,1.0861945,0.0,0.08199842,0.0,0.0,1.3242983e-05,-28.492086,2.3896756,0.79655856,0.16800001,0.0,0.1938461,7.3200197,7.35002,787200
hardzero_plus_depr__c0p54__z1p05__lam0p030__nu0p50__psi1p00,hardzero_plus_depr,0.02,37,246,0.0,1,0.5117876,0.5117888,1.0414847,0.09088982,0.09088982,1.0,1.1680788e-06,1.2851591e-05,-27.019337,2.2913122,0.76377076,0.14400001,0.0,0.17681079,7.35002,7.38002,790400
hardzero_plus_depr__c0p54__z1p05__lam0p030__nu0p50__psi1p00,hardzero_plus_depr,0.02,37,247,0.0,1,0.5117888,0.51179,1.0290637,0.09352684,0.09352684,1.0,1.1664449e-06,1.2471766e-05,-27.067026,2.2639854,0.7546618,0.14,0.0,0.1694745,7.38002,7.4100204,793600
hardzero_plus_depr__c0p54__z1p05__lam0p030__nu0p50__psi1p00,hardzero_plus_depr,0.02,37,248,0.0,1,0.51179,0.51179117,1.0095971,0.09781442,0.09781442,1.0,1.1838642e-06,1.2103167e-05,-26.471071,2.2211578,0.74038595,0.14400001,0.0,0.19380914,7.4100204,7.4400206,796800
hardzero_plus_depr__c0p54__z1p05__lam0p030__nu0p50__psi1p00,hardzero_plus_depr,0.02,37,249,0.0,1,0.51179117,0.51179224,1.0320376,0.092888586,0.092888586,1.0,1.0910194e-06,1.1745462e-05,-27.534885,2.270528,0.75684273,0.112,0.0,0.19558007,7.4400206,7.470021,800000
hardzero_plus_depr__c0p54__z1p05__lam0p030__nu0p50__psi1p00,hardzero_plus_depr,0.02,37,250,0.0,1,0.51179224,0.5117933,1.0189193,0.09573719,0.09573719,1.0,1.0912439e-06,1.1398329e-05,-27.223188,2.2416673,0.7472224,0.16000001,0.0,0.18975921,7.470021,7.500021,803200
hardzero_plus_depr__c0p54__z1p05__lam0p030__nu0p50__psi1p00,hardzero_plus_depr,0.02,37,251,0.0,1,0.5117933,0.5117943,1.029304,0.0934751,0.0934751,1.0,1.0339706e-06,1.1061456e-05,-27.251345,2.2645142,0.7548381,0.16800001,0.0,0.19885893,7.500021,7.530021,806400
hardzero_plus_depr__c0p54__z1p05__lam0p030__nu0p50__psi1p00,hardzero_plus_depr,0.02,37,252,0.0,1,0.5117943,0.5117954,1.0062629,0.098568276,0.098568276,1.0,1.0580848e-06,1.0734537e-05,-27.197311,2.2138226,0.7379409,0.16000001,0.0,0.19539867,7.530021,7.5600214,809600
hardzero_plus_depr__c0p54__z1p05__lam0p030__nu0p50__psi1p00,hardzero_plus_depr,0.02,37,253,0.0,1,0.5117954,0.5117954,1.0567445,0.0,0.0877517,0.0,0.0,1.0417281e-05,-28.113329,2.3248842,0.7749614,0.120000005,0.0,0.2199819,7.5600214,7.5900216,812800
hardzero_plus_depr__c0p54__z1p05__lam0p030__nu0p50__psi1p00,hardzero_plus_depr,0.02,37,254,0.0,1,0.5117954,0.5117964,0.9896839,0.1024038,0.1024038,1.0,1.0352411e-06,1.0109402e-05,-26.252201,2.1773481,0.72578275,0.15200001,0.0,0.20104466,7.5900216,7.620022,816000
hardzero_plus_depr__c0p54__z1p05__lam0p030__nu0p50__psi1p00,hardzero_plus_depr,0.02,37,255,0.0,1,0.5117964,0.5117973,1.0355281,0.09214503,0.09214503,1.0,9.0400016e-07,9.810623e-06,-27.798025,2.2782073,0.75940245,0.136,0.0,0.18720798,7.620022,7.650022,819200
hardzero_plus_depr__c0p54__z1p05__lam0p030__nu0p50__psi1p00,hardzero_plus_depr,0.02,37,256,0.0,1,0.5117973,0.51179814,1.0483009,0.08947448,0.08947448,1.0,8.518572e-07,9.520672e-06,-27.89642,2.306308,0.7687694,0.120000005,0.0,0.18690789,7.650022,7.6800222,822400
hardzero_plus_depr__c0p54__z1p05__lam0p030__nu0p50__psi1p00,hardzero_plus_depr,0.02,37,257,0.0,1,0.51179814,0.51179814,1.0728652,0.0,0.084554106,0.0,0.0,9.239293e-06,-28.088629,2.3603506,0.7867836,0.120000005,0.0,0.18963327,7.6800222,7.7100224,825600
hardzero_plus_depr__c0p54__z1p05__lam0p030__nu0p50__psi1p00,hardzero_plus_depr,0.02,37,258,0.0,1,0.51179814,0.511799,1.0182878,0.0958765,0.0958765,1.0,8.596506e-07,8.966228e-06,-26.95023,2.2402778,0.7467593,0.16800001,0.0,0.19071811,7.7100224,7.7400227,828800
hardzero_plus_depr__c0p54__z1p05__lam0p030__nu0p50__psi1p00,hardzero_plus_depr,0.02,37,259,0.0,1,0.511799,0.511799,1.0615774,0.0,0.08678058,0.0,0.0,8.701234e-06,-28.065073,2.335517,0.7785057,0.15200001,0.0,0.20317121,7.7400227,7.770023,832000
hardzero_plus_depr__c0p54__z1p05__lam0p030__nu0p50__psi1p00,hardzero_plus_depr,0.02,37,260,0.0,1,0.511799,0.51179975,1.0236621,0.09469738,0.09469738,1.0,7.9963155e-07,8.444073e-06,-26.280432,2.2521017,0.7507006,0.16,0.01,0.17529358,7.770023,7.800023,835200
hardzero_plus_depr__c0p54__z1p05__lam0p030__nu0p50__psi1p00,hardzero_plus_depr,0.02,37,261,0.0,1,0.51179975,0.5118005,1.0218927,0.09508397,0.09508397,1.0,7.791665e-07,8.19451e-06,-26.992308,2.2482088,0.74940294,0.18400002,0.0,0.18377943,7.800023,7.8300233,838400
hardzero_plus_depr__c0p54__z1p05__lam0p030__nu0p50__psi1p00,hardzero_plus_depr,0.02,37,262,0.0,1,0.5118005,0.5118013,1.024496,0.09451571,0.09451571,1.0,7.516196e-07,7.952324e-06,-27.858223,2.253936,0.751312,0.080000006,0.0,0.16536139,7.8300233,7.8600235,841600
hardzero_plus_depr__c0p54__z1p05__lam0p030__nu0p50__psi1p00,hardzero_plus_depr,0.02,37,263,0.0,1,0.5118013,0.511802,1.015449,0.09650525,0.09650525,1.0,7.447595e-07,7.717295e-06,-26.997276,2.2340326,0.74467754,0.15200001,0.0,0.21074255,7.8600235,7.8900237,844800
hardzero_plus_depr__c0p54__z1p05__lam0p030__nu0p50__psi1p00,hardzero_plus_depr,0.02,37,264,0.0,1,0.511802,0.51180273,1.0111269,0.09747049,0.09747049,1.0,7.299774e-07,7.489214e-06,-26.28723,2.2245235,0.7415079,0.136,0.0,0.17483455,7.8900237,7.920024,848000
hardzero_plus_depr__c0p54__z1p05__lam0p030__nu0p50__psi1p00,hardzero_plus_depr,0.02,37,265,0.0,1,0.51180273,0.5118035,0.9834621,0.103881426,0.103881426,1.0,7.549969e-07,7.267872e-06,-27.132822,2.1636598,0.72121996,0.14400001,0.0,0.18391405,7.920024,7.950024,851200
hardzero_plus_depr__c0p54__z1p05__lam0p030__nu0p50__psi1p00,hardzero_plus_depr,0.02,37,266,0.0,1,0.5118035,0.51180416,1.042748,0.09062583,0.09062583,1.0,6.3919055e-07,7.0530727e-06,-28.004873,2.2940915,0.7646972,0.128,0.0,0.1949897,7.950024,7.9800243,854400
hardzero_plus_depr__c0p54__z1p05__lam0p030__nu0p50__psi1p00,hardzero_plus_depr,0.02,37,267,0.0,1,0.51180416,0.51180416,1.0957406,0.0,0.0802157,0.0,0.0,6.844622e-06,-28.321627,2.4106774,0.8035592,0.15200001,0.0,0.19706577,7.9800243,8.010024,857600
hardzero_plus_depr__c0p54__z1p05__lam0p030__nu0p50__psi1p00,hardzero_plus_depr,0.02,37,268,0.0,1,0.51180416,0.5118048,1.0228959,0.09486458,0.09486458,1.0,6.3012226e-07,6.6423345e-06,-26.485685,2.250416,0.7501387,0.120000005,0.0,0.18297572,8.010024,8.040024,860800
hardzero_plus_depr__c0p54__z1p05__lam0p030__nu0p50__psi1p00,hardzero_plus_depr,0.02,37,269,0.0,1,0.5118048,0.5118055,0.98786354,0.10283394,0.10283394,1.0,6.628702e-07,6.4460255e-06,-26.479483,2.1733432,0.7244477,0.216,0.0,0.18756779,8.040024,8.070024,864000
hardzero_plus_depr__c0p54__z1p05__lam0p030__nu0p50__psi1p00,hardzero_plus_depr,0.02,37,270,0.0,1,0.5118055,0.5118061,1.0092719,0.0978877,0.0978877,1.0,6.123383e-07,6.255518e-06,-27.384708,2.2204425,0.74014753,0.2,0.0,0.19823368,8.070024,8.100023,867200
hardzero_plus_depr__c0p54__z1p05__lam0p030__nu0p50__psi1p00,hardzero_plus_depr,0.02,37,271,0.0,1,0.5118061,0.51180667,1.0241504,0.094590954,0.094590954,1.0,5.742277e-07,6.070641e-06,-28.021475,2.2531757,0.7510586,0.104,0.0,0.18476723,8.100023,8.130023,870400
hardzero_plus_depr__c0p54__z1p05__lam0p030__nu0p50__psi1p00,hardzero_plus_depr,0.02,37,272,0.0,1,0.51180667,0.51180726,1.0020698,0.099524535,0.099524535,1.0,5.863218e-07,5.8912287e-06,-26.633852,2.2045977,0.7348659,0.15200001,0.0,0.18722194,8.130023,8.160023,873600
hardzero_plus_depr__c0p54__z1p05__lam0p030__nu0p50__psi1p00,hardzero_plus_depr,0.02,37,273,0.0,1,0.51180726,0.51180786,0.99788135,0.10048902,0.10048902,1.0,5.7450757e-07,5.717118e-06,-26.831093,2.1953828,0.7317943,0.13,0.0,0.19899307,8.160023,8.190022,876800
hardzero_plus_depr__c0p54__z1p05__lam0p030__nu0p50__psi1p00,hardzero_plus_depr,0.02,37,274,0.0,1,0.51180786,0.5118084,1.0098405,0.09775961,0.09775961,1.0,5.4238524e-07,5.548153e-06,-26.546778,2.2216935,0.7405645,0.112,0.0,0.16637851,8.190022,8.220022,880000
hardzero_plus_depr__c0p54__z1p05__lam0p030__nu0p50__psi1p00,hardzero_plus_depr,0.02,37,275,0.0,1,0.5118084,0.5118084,1.0669761,0.0,0.0857085,0.0,0.0,5.384182e-06,-27.917063,2.3473942,0.78246474,0.072000004,0.0,0.16905668,8.220022,8.250022,883200
hardzero_plus_depr__c0p54__z1p05__lam0p030__nu0p50__psi1p00,hardzero_plus_depr,0.02,37,276,0.0,1,0.5118084,0.51180893,1.0024089,0.09944688,0.09944688,1.0,5.196156e-07,5.2250566e-06,-27.54993,2.2053435,0.7351145,0.120000005,0.0,0.19950502,8.250022,8.280022,886400
hardzero_plus_depr__c0p54__z1p05__lam0p030__nu0p50__psi1p00,hardzero_plus_depr,0.02,37,277,0.0,1,0.51180893,0.51180893,1.0695995,0.0,0.08519232,0.0,0.0,5.070634e-06,-27.158247,2.3531659,0.78438866,0.14400001,0.0,0.17379689,8.280022,8.310021,889600
hardzero_plus_depr__c0p54__z1p05__lam0p030__nu0p50__psi1p00,hardzero_plus_depr,0.02,37,278,0.0,1,0.51180893,0.5118094,1.0396113,0.09128273,0.09128273,1.0,4.4918184e-07,4.9207756e-06,-27.55208,2.2871907,0.76239693,0.120000005,0.0,0.19162858,8.310021,8.340021,892800
hardzero_plus_depr__c0p54__z1p05__lam0p030__nu0p50__psi1p00,hardzero_plus_depr,0.02,37,279,0.0,1,0.5118094,0.5118099,0.97648066,0.105564855,0.105564855,1.0,5.0410864e-07,4.7753456e-06,-25.89856,2.1483004,0.71610016,0.216,0.008,0.17468916,8.340021,8.370021,896000
hardzero_plus_depr__c0p54__z1p05__lam0p030__nu0p50__psi1p00,hardzero_plus_depr,0.02,37,280,0.0,1,0.5118099,0.5118103,1.0398895,0.0912243,0.0912243,1.0,4.2275295e-07,4.6342143e-06,-27.326458,2.2878025,0.76260084,0.192,0.0,0.1794353,8.370021,8.400021,899200
hardzero_plus_depr__c0p54__z1p05__lam0p030__nu0p50__psi1p00,hardzero_plus_depr,0.02,37,281,0.0,1,0.5118103,0.5118107,1.0375235,0.09172263,0.09172263,1.0,4.1249993e-07,4.4972535e-06,-27.643301,2.2825973,0.7608658,0.128,0.0,0.16704516,8.400021,8.43002,902400
hardzero_plus_depr__c0p54__z1p05__lam0p030__nu0p50__psi1p00,hardzero_plus_depr,0.02,37,282,0.0,1,0.5118107,0.5118107,1.0671717,0.0,0.0856699,0.0,0.0,4.364341e-06,-28.40271,2.3478246,0.7826082,0.15200001,0.008,0.21117193,8.43002,8.46002,905600
hardzero_plus_depr__c0p54__z1p05__lam0p030__nu0p50__psi1p00,hardzero_plus_depr,0.02,37,283,0.0,1,0.5118107,0.51181114,1.0351504,0.09222519,0.09222519,1.0,3.9060652e-07,4.2353563e-06,-27.954325,2.2773764,0.7591255,0.14400001,0.0,0.19466794,8.46002,8.49002,908800
hardzero_plus_depr__c0p54__z1p05__lam0p030__nu0p50__psi1p00,hardzero_plus_depr,0.02,37,284,0.0,1,0.51181114,0.51181155,0.99945676,0.10012515,0.10012515,1.0,4.1153277e-07,4.110184e-06,-26.805853,2.1988487,0.7329496,0.17600001,0.0,0.22181147,8.49002,8.52002,912000
hardzero_plus_depr__c0p54__z1p05__lam0p030__nu0p50__psi1p00,hardzero_plus_depr,0.02,37,285,0.0,1,0.51181155,0.5118119,1.0359236,0.09206115,0.09206115,1.0,3.6720525e-07,3.9887104e-06,-26.84776,2.2790775,0.75969255,0.15200001,0.008,0.1871415,8.52002,8.550019,915200
hardzero_plus_depr__c0p54__z1p05__lam0p030__nu0p50__psi1p00,hardzero_plus_depr,0.02,37,286,0.0,1,0.5118119,0.51181227,1.0267807,0.09401979,0.09401979,1.0,3.6393436e-07,3.870827e-06,-26.592407,2.2589626,0.75298756,0.13,0.0,0.16925333,8.550019,8.580019,918400
hardzero_plus_depr__c0p54__z1p05__lam0p030__nu0p50__psi1p00,hardzero_plus_depr,0.02,37,287,0.0,1,0.51181227,0.51181227,1.0824612,0.0,0.08270634,0.0,0.0,3.7564284e-06,-27.437853,2.3814623,0.7938208,0.16800001,0.0,0.20678645,8.580019,8.610019,921600
hardzero_plus_depr__c0p54__z1p05__lam0p030__nu0p50__psi1p00,hardzero_plus_depr,0.02,37,288,0.0,1,0.51181227,0.51181227,1.0800952,0.0,0.083158135,0.0,0.0,3.6454098e-06,-27.694162,2.3762567,0.7920856,0.136,0.0,0.19387235,8.610019,8.640018,924800
hardzero_plus_depr__c0p54__z1p05__lam0p030__nu0p50__psi1p00,hardzero_plus_depr,0.02,37,289,0.0,1,0.51181227,0.51181257,1.0382905,0.09156077,0.09156077,1.0,3.2391205e-07,3.5376727e-06,-27.335838,2.2842848,0.7614283,0.2,0.008,0.20045932,8.640018,8.670018,928000
hardzero_plus_depr__c0p54__z1p05__lam0p030__nu0p50__psi1p00,hardzero_plus_depr,0.02,37,290,0.0,1,0.51181257,0.51181287,1.048046,0.08952699,0.08952699,1.0,3.0735686e-07,3.4331194e-06,-27.235569,2.3057473,0.76858246,0.136,0.0,0.19337988,8.670018,8.700018,931200
hardzero_plus_depr__c0p54__z1p05__lam0p030__nu0p50__psi1p00,hardzero_plus_depr,0.02,37,291,0.0,1,0.51181287,0.51181287,1.0571018,0.0,0.08767951,0.0,0.0,3.3316562e-06,-28.579018,2.3256705,0.7752235,0.17600001,0.008,0.18014565,8.700018,8.730018,934400
hardzero_plus_depr__c0p54__z1p05__lam0p030__nu0p50__psi1p00,hardzero_plus_depr,0.02,37,292,0.0,1,0.51181287,0.5118132,0.9622573,0.109079376,0.109079376,1.0,3.5267453e-07,3.2331918e-06,-25.691769,2.1170084,0.7056695,0.192,0.0,0.17900708,8.730018,8.760017,937600
hardzero_plus_depr__c0p54__z1p05__lam0p030__nu0p50__psi1p00,hardzero_plus_depr,0.02,37,293,0.0,1,0.5118132,0.5118135,1.0498719,0.08915139,0.08915139,1.0,2.7972473e-07,3.1376373e-06,-28.034838,2.3097644,0.7699215,0.18400002,0.0,0.18650982,8.760017,8.790017,940800
hardzero_plus_depr__c0p54__z1p05__lam0p030__nu0p50__psi1p00,hardzero_plus_depr,0.02,37,294,0.0,1,0.5118135,0.5118138,1.0293876,0.09345712,0.09345712,1.0,2.8456824e-07,3.044907e-06,-27.308962,2.264698,0.7548994,0.192,0.0,0.21152313,8.790017,8.820017,944000
hardzero_plus_depr__c0p54__z1p05__lam0p030__nu0p50__psi1p00,hardzero_plus_depr,0.02,37,295,0.0,1,0.5118138,0.5118138,1.0565903,0.0,0.087782845,0.0,0.0,2.9549174e-06,-28.05146,2.3245451,0.7748484,0.104,0.0,0.17403428,8.820017,8.850017,947200
hardzero_plus_depr__c0p54__z1p05__lam0p030__nu0p50__psi1p00,hardzero_plus_depr,0.02,37,296,0.0,1,0.5118138,0.5118141,1.012753,0.09710622,0.09710622,1.0,2.7846053e-07,2.867587e-06,-27.518438,2.228101,0.74270034,0.192,0.0,0.18926871,8.850017,8.880016,950400
hardzero_plus_depr__c0p54__z1p05__lam0p030__nu0p50__psi1p00,hardzero_plus_depr,0.02,37,297,0.0,1,0.5118141,0.51181436,1.048299,0.08947486,0.08947486,1.0,2.48994e-07,2.7828378e-06,-27.494791,2.3063037,0.76876795,0.136,0.0,0.19640331,8.880016,8.910016,953600
hardzero_plus_depr__c0p54__z1p05__lam0p030__nu0p50__psi1p00,hardzero_plus_depr,0.02,37,298,0.0,1,0.51181436,0.51181436,1.0504876,0.0,0.089025065,0.0,0.0,2.7005933e-06,-27.436203,2.3111188,0.770373,0.17600001,0.0,0.20383881,8.910016,8.940016,956800
hardzero_plus_depr__c0p54__z1p05__lam0p030__nu0p50__psi1p00,hardzero_plus_depr,0.02,37,299,0.0,1,0.51181436,0.5118146,1.0280472,0.093746,0.093746,1.0,2.4568757e-07,2.6207792e-06,-26.489017,2.261749,0.7539164,0.14,0.0,0.17262755,8.940016,8.970016,960000
hardzero_plus_depr__c0p54__z1p05__lam0p030__nu0p50__psi1p00,hardzero_plus_depr,0.02,37,300,0.0,1,0.5118146,0.51181483,1.0159268,0.09639914,0.09639914,1.0,2.451743e-07,2.5433244e-06,-27.124186,2.2350836,0.7450279,0.15200001,0.0,0.18591289,8.970016,9.000015,963200
hardzero_plus_depr__c0p54__z1p05__lam0p030__nu0p50__psi1p00,hardzero_plus_depr,0.02,37,301,0.0,1,0.51181483,0.5118151,1.0203849,0.09541465,0.09541465,1.0,2.3549845e-07,2.468158e-06,-27.044739,2.2448916,0.7482972,0.16800001,0.0,0.1903949,9.000015,9.030015,966400
hardzero_plus_depr__c0p54__z1p05__lam0p030__nu0p50__psi1p00,hardzero_plus_depr,0.02,37,302,0.0,1,0.5118151,0.5118153,1.003127,0.09928256,0.09928256,1.0,2.3780296e-07,2.3952139e-06,-27.26622,2.2069235,0.7356412,0.17600001,0.0,0.22039104,9.030015,9.060015,969600
hardzero_plus_depr__c0p54__z1p05__lam0p030__nu0p50__psi1p00,hardzero_plus_depr,0.02,37,303,0.0,1,0.5118153,0.51181555,1.0376729,0.091691084,0.091691084,1.0,2.1312907e-07,2.3244252e-06,-27.294817,2.2829258,0.7609753,0.208,0.0,0.20694362,9.060015,9.090014,972800
hardzero_plus_depr__c0p54__z1p05__lam0p030__nu0p50__psi1p00,hardzero_plus_depr,0.02,37,304,0.0,1,0.51181555,0.51181555,1.0862956,0.0,0.08197933,0.0,0.0,2.2557288e-06,-28.841822,2.389898,0.7966327,0.16000001,0.0,0.22940639,9.090014,9.120014,976000
hardzero_plus_depr__c0p54__z1p05__lam0p030__nu0p50__psi1p00,hardzero_plus_depr,0.02,37,305,0.0,1,0.51181555,0.5118157,1.0301743,0.093288,0.093288,1.0,2.0421326e-07,2.1890626e-06,-28.093744,2.2664287,0.75547624,0.16000001,0.0,0.16192144,9.120014,9.150014,979200
hardzero_plus_depr__c0p54__z1p05__lam0p030__nu0p50__psi1p00,hardzero_plus_depr,0.02,37,306,0.0,1,0.5118157,0.51181597,0.9463275,0.113154665,0.113154665,1.0,2.4038195e-07,2.1243663e-06,-26.132338,2.081962,0.69398737,0.14400001,0.0,0.15558335,9.150014,9.180014,982400
hardzero_plus_depr__c0p54__z1p05__lam0p030__nu0p50__psi1p00,hardzero_plus_depr,0.02,37,307,0.0,1,0.51181597,0.51181597,1.0541501,0.0,0.08827747,0.0,0.0,2.0615823e-06,-27.547276,2.3191764,0.77305883,0.16800001,0.0,0.18094139,9.180014,9.210013,985600
hardzero_plus_depr__c0p54__z1p05__lam0p030__nu0p50__psi1p00,hardzero_plus_depr,0.02,37,308,0.0,1,0.51181597,0.51181614,1.0359352,0.09205869,0.09205869,1.0,1.841776e-07,2.0006541e-06,-26.779333,2.2791028,0.75970095,0.14400001,0.0,0.20925148,9.210013,9.240013,988800
hardzero_plus_depr__c0p54__z1p05__lam0p030__nu0p50__psi1p00,hardzero_plus_depr,0.02,37,309,0.0,1,0.51181614,0.5118163,1.0376296,0.091700226,0.091700226,1.0,1.780384e-07,1.9415263e-06,-27.340443,2.2828307,0.7609436,0.128,0.0,0.19267364,9.240013,9.270013,992000
hardzero_plus_depr__c0p54__z1p05__lam0p030__nu0p50__psi1p00,hardzero_plus_depr,0.02,37,310,0.0,1,0.5118163,0.5118163,1.0899721,0.0,0.081288256,0.0,0.0,1.884146e-06,-28.695839,2.3979867,0.7993289,0.17600001,0.0,0.22239342,9.270013,9.300013,995200
hardzero_plus_depr__c0p54__z1p05__lam0p030__nu0p50__psi1p00,hardzero_plus_depr,0.02,37,311,0.0,1,0.5118163,0.5118165,1.0382822,0.09156254,0.09156254,1.0,1.6741858e-07,1.8284614e-06,-27.648294,2.2842665,0.76142216,0.128,0.0,0.17730285,9.300013,9.330012,998400
hardzero_plus_depr__c0p54__z1p05__lam0p030__nu0p50__psi1p00,hardzero_plus_depr,0.02,37,312,0.0,1,0.5118165,0.5118167,1.0215869,0.09515094,0.09515094,1.0,1.68838e-07,1.7744228e-06,-27.710411,2.247536,0.74917865,0.17999999,0.0,0.19151357,9.330012,9.360012,1001600
hardzero_plus_depr__c0p54__z1p05__lam0p030__nu0p50__psi1p00,hardzero_plus_depr,0.02,37,313,0.0,1,0.5118167,0.5118167,1.0653464,0.0,0.086030744,0.0,0.0,1.7219812e-06,-27.103336,2.343809,0.78126967,0.17600001,0.0,0.18709664,9.360012,9.390012,1004800
hardzero_plus_depr__c0p54__z1p05__lam0p030__nu0p50__psi1p00,hardzero_plus_depr,0.02,37,314,0.0,1,0.5118167,0.5118167,1.0577594,0.0,0.08754687,0.0,0.0,1.6710894e-06,-29.018064,2.3271172,0.77570575,0.072000004,0.0,0.19745407,9.390012,9.4200115,1008000
hardzero_plus_depr__c0p54__z1p05__lam0p030__nu0p50__psi1p00,hardzero_plus_depr,0.02,37,315,0.0,1,0.5118167,0.5118168,1.0492182,0.089285694,0.089285694,1.0,1.4479475e-07,1.6217016e-06,-27.753506,2.308326,0.769442,0.136,0.0,0.19928198,9.4200115,9.450011,1011200
hardzero_plus_depr__c0p54__z1p05__lam0p030__nu0p50__psi1p00,hardzero_plus_depr,0.02,37,316,0.0,1,0.5118168,0.511817,1.0187954,0.09576452,0.09576452,1.0,1.5071167e-07,1.5737736e-06,-26.942762,2.2413945,0.7471315,0.136,0.0,0.17811893,9.450011,9.480011,1014400
hardzero_plus_depr__c0p54__z1p05__lam0p030__nu0p50__psi1p00,hardzero_plus_depr,0.02,37,317,0.0,1,0.511817,0.5118171,1.0447874,0.090201266,0.090201266,1.0,1.3776096e-07,1.527262e-06,-27.493282,2.2985783,0.7661928,0.120000005,0.0,0.18386635,9.480011,9.510011,1017600
hardzero_plus_depr__c0p54__z1p05__lam0p030__nu0p50__psi1p00,hardzero_plus_depr,0.02,37,318,0.0,1,0.5118171,0.5118172,1.019831,0.09553644,0.09553644,1.0,1.4159694e-07,1.482125e-06,-27.184622,2.2436728,0.74789095,0.096,0.0,0.17965882,9.510011,9.54001,1020800
hardzero_plus_depr__c0p54__z1p05__lam0p030__nu0p50__psi1p00,hardzero_plus_depr,0.02,37,319,0.0,1,0.5118172,0.51181734,0.9985838,0.10032661,0.10032661,1.0,1.4430196e-07,1.4383219e-06,-27.076712,2.1969283,0.73230946,0.14400001,0.0,0.18463437,9.54001,9.57001,1024000
hardzero_plus_depr__c0p54__z1p05__lam0p030__nu0p50__psi1p00,hardzero_plus_depr,0.02,37,320,0.0,1,0.51181734,0.51181746,0.9960108,0.100922786,0.100922786,1.0,1.4086939e-07,1.3958135e-06,-27.149626,2.1912675,0.7304225,0.216,0.0,0.17207223,9.57001,9.60001,1027200
hardzero_plus_depr__c0p54__z1p05__lam0p030__nu0p50__psi1p00,hardzero_plus_depr,0.02,37,321,0.0,1,0.51181746,0.5118176,1.0031576,0.09927558,0.09927558,1.0,1.3447485e-07,1.3545612e-06,-26.752272,2.2069907,0.7356636,0.192,0.0,0.1849035,9.60001,9.63001,1030400
hardzero_plus_depr__c0p54__z1p05__lam0p030__nu0p50__psi1p00,hardzero_plus_depr,0.02,37,322,0.0,1,0.5118176,0.5118176,1.0749408,0.0,0.084150985,0.0,0.0,1.3145283e-06,-27.829329,2.364917,0.7883057,0.112,0.0,0.20566733,9.63001,9.660009,1033600
hardzero_plus_depr__c0p54__z1p05__lam0p030__nu0p50__psi1p00,hardzero_plus_depr,0.02,37,323,0.0,1,0.5118176,0.5118177,1.0132929,0.09698557,0.09698557,1.0,1.2372242e-07,1.2756785e-06,-27.284008,2.2292888,0.7430963,0.15200001,0.0,0.18794806,9.660009,9.690009,1036800
hardzero_plus_depr__c0p54__z1p05__lam0p030__nu0p50__psi1p00,hardzero_plus_depr,0.02,37,324,0.0,1,0.5118177,0.5118178,0.996644,0.100775726,0.100775726,1.0,1.24758e-07,1.2379768e-06,-27.008465,2.1926606,0.7308869,0.15200001,0.0,0.17561005,9.690009,9.720009,1040000
hardzero_plus_depr__c0p54__z1p05__lam0p030__nu0p50__psi1p00,hardzero_plus_depr,0.02,37,325,0.0,1,0.5118178,0.51181793,1.0280106,0.09375391,0.09375391,1.0,1.1263496e-07,1.2013894e-06,-27.154682,2.2616684,0.7538895,0.13,0.0,0.16006893,9.720009,9.750009,1043200
hardzero_plus_depr__c0p54__z1p05__lam0p030__nu0p50__psi1p00,hardzero_plus_depr,0.02,37,326,0.0,1,0.51181793,0.51181805,1.0496322,0.0892006,0.0892006,1.0,1.0399749e-07,1.1658833e-06,-27.742521,2.309237,0.7697457,0.16000001,0.0,0.20632456,9.750009,9.780008,1046400
hardzero_plus_depr__c0p54__z1p05__lam0p030__nu0p50__psi1p00,hardzero_plus_depr,0.02,37,327,0.0,1,0.51181805,0.5118182,1.0148077,0.096647866,0.096647866,1.0,1.0934996e-07,1.1314265e-06,-26.42166,2.2326214,0.74420714,0.15200001,0.0,0.1760966,9.780008,9.810008,1049600
hardzero_plus_depr__c0p54__z1p05__lam0p030__nu0p50__psi1p00,hardzero_plus_depr,0.02,37,328,0.0,1,0.5118182,0.5118183,1.0206096,0.09536531,0.09536531,1.0,1.0470997e-07,1.097988e-06,-26.30263,2.245386,0.74846196,0.17600001,0.0,0.2166183,9.810008,9.840008,1052800
hardzero_plus_depr__c0p54__z1p05__lam0p030__nu0p50__psi1p00,hardzero_plus_depr,0.02,37,329,0.0,1,0.5118183,0.5118184,1.0236018,0.094710514,0.094710514,1.0,1.00917646e-07,1.065538e-06,-27.127653,2.2519689,0.7506563,0.120000005,0.0,0.1772696,9.840008,9.8700075,1056000
hardzero_plus_depr__c0p54__z1p05__lam0p030__nu0p50__psi1p00,hardzero_plus_depr,0.02,37,330,0.0,1,0.5118184,0.5118185,1.0170133,0.09615828,0.09615828,1.0,9.9432164e-08,1.0340468e-06,-26.824245,2.237474,0.7458247,0.16800001,0.0,0.18906657,9.8700075,9.900007,1059200
hardzero_plus_depr__c0p54__z1p05__lam0p030__nu0p50__psi1p00,hardzero_plus_depr,0.02,37,331,0.0,1,0.5118185,0.51181865,1.0118984,0.097297475,0.097297475,1.0,9.7636686e-08,1.0034863e-06,-27.08736,2.2262208,0.74207366,0.120000005,0.0,0.17306392,9.900007,9.930007,1062400
hardzero_plus_depr__c0p54__z1p05__lam0p030__nu0p50__psi1p00,hardzero_plus_depr,0.02,37,332,0.0,1,0.51181865,0.51181877,1.0185224,0.09582474,0.09582474,1.0,9.331693e-08,9.738292e-07,-26.421751,2.240794,0.7469313,0.15200001,0.0,0.18237765,9.930007,9.960007,1065600
hardzero_plus_depr__c0p54__z1p05__lam0p030__nu0p50__psi1p00,hardzero_plus_depr,0.02,37,333,0.0,1,0.51181877,0.5118189,1.0161004,0.09636061,0.09636061,1.0,9.106544e-08,9.450484e-07,-27.123169,2.2354655,0.7451552,0.16800001,0.0,0.18712087,9.960007,9.990006,1068800
hardzero_plus_depr__c0p54__z1p05__lam0p030__nu0p50__psi1p00,hardzero_plus_depr,0.02,37,334,0.0,1,0.5118189,0.511819,0.99249345,0.10174346,0.10174346,1.0,9.331078e-08,9.171182e-07,-26.922083,2.1835291,0.72784305,0.128,0.0,0.19348939,9.990006,10.020006,1072000
hardzero_plus_depr__c0p54__z1p05__lam0p030__nu0p50__psi1p00,hardzero_plus_depr,0.02,37,335,0.0,1,0.511819,0.51181906,1.0149047,0.096626274,0.096626274,1.0,8.5998686e-08,8.9001344e-07,-27.018406,2.232835,0.7442784,0.128,0.0,0.19925116,10.020006,10.050006,1075200
hardzero_plus_depr__c0p54__z1p05__lam0p030__nu0p50__psi1p00,hardzero_plus_depr,0.02,37,336,0.0,1,0.51181906,0.5118191,1.038676,0.09147954,0.09147954,1.0,7.901179e-08,8.6370994e-07,-27.400969,2.285133,0.761711,0.136,0.0,0.18572454,10.050006,10.080006,1078400
hardzero_plus_depr__c0p54__z1p05__lam0p030__nu0p50__psi1p00,hardzero_plus_depr,0.02,37,337,0.0,1,0.5118191,0.5118191,1.0606236,0.0,0.08697136,0.0,0.0,8.3818355e-07,-27.590334,2.3334186,0.7778062,0.080000006,0.0,0.18895854,10.080006,10.110005,1081600
hardzero_plus_depr__c0p54__z1p05__lam0p030__nu0p50__psi1p00,hardzero_plus_depr,0.02,37,338,0.0,1,0.5118191,0.5118191,1.0528909,0.0,0.08853379,0.0,0.0,8.1341176e-07,-28.721262,2.3164062,0.77213544,0.19999999,0.0,0.19691557,10.110005,10.140005,1084800
hardzero_plus_depr__c0p54__z1p05__lam0p030__nu0p50__psi1p00,hardzero_plus_depr,0.02,37,339,0.0,1,0.5118191,0.5118192,0.9704392,0.10704363,0.10704363,1.0,8.449725e-08,7.8937205e-07,-25.704075,2.1350088,0.7116696,0.15200001,0.0,0.19129087,10.140005,10.170005,1088000
hardzero_plus_depr__c0p54__z1p05__lam0p030__nu0p50__psi1p00,hardzero_plus_depr,0.02,37,340,0.0,1,0.5118192,0.51181924,1.049962,0.08913287,0.08913287,1.0,6.827959e-08,7.660428e-07,-28.3202,2.3099625,0.7699875,0.120000005,0.0,0.18610057,10.170005,10.200005,1091200
hardzero_plus_depr__c0p54__z1p05__lam0p030__nu0p50__psi1p00,hardzero_plus_depr,0.02,37,341,0.0,1,0.51181924,0.5118193,1.0005425,0.099875145,0.099875145,1.0,7.424748e-08,7.43403e-07,-26.36533,2.2012374,0.7337458,0.2,0.0,0.16543809,10.200005,10.230004,1094400
hardzero_plus_depr__c0p54__z1p05__lam0p030__nu0p50__psi1p00,hardzero_plus_depr,0.02,37,342,0.0,1,0.5118193,0.51181936,1.0363183,0.091977514,0.091977514,1.0,6.635555e-08,7.214323e-07,-27.276535,2.2799459,0.759982,0.16000001,0.0,0.19400634,10.230004,10.260004,1097600
hardzero_plus_depr__c0p54__z1p05__lam0p030__nu0p50__psi1p00,hardzero_plus_depr,0.02,37,343,0.0,1,0.51181936,0.5118194,1.0239873,0.09462649,0.09462649,1.0,6.624904e-08,7.001109e-07,-27.648521,2.252817,0.750939,0.208,0.0,0.20110671,10.260004,10.290004,1100800
hardzero_plus_depr__c0p54__z1p05__lam0p030__nu0p50__psi1p00,hardzero_plus_depr,0.02,37,344,0.0,1,0.5118194,0.5118195,1.049062,0.0893178,0.0893178,1.0,6.0684265e-08,6.7941966e-07,-26.608444,2.3079824,0.7693275,0.16800001,0.0,0.16820563,10.290004,10.3200035,1104000
hardzero_plus_depr__c0p54__z1p05__lam0p030__nu0p50__psi1p00,hardzero_plus_depr,0.02,37,345,0.0,1,0.5118195,0.51181954,1.0368968,0.09185508,0.09185508,1.0,6.056373e-08,6.5934e-07,-26.929163,2.2812185,0.7604062,0.096,0.0,0.19564055,10.3200035,10.350003,1107200
hardzero_plus_depr__c0p54__z1p05__lam0p030__nu0p50__psi1p00,hardzero_plus_depr,0.02,37,346,0.0,1,0.51181954,0.51181954,1.0893506,0.0,0.08140468,0.0,0.0,6.3985374e-07,-27.752058,2.396619,0.79887307,0.15200001,0.0,0.21167429,10.350003,10.380003,1110400
hardzero_plus_depr__c0p54__z1p05__lam0p030__nu0p50__psi1p00,hardzero_plus_depr,0.02,37,347,0.0,1,0.51181954,0.51181954,1.069096,0.0,0.08529116,0.0,0.0,6.2094335e-07,-27.8683,2.3520582,0.7840194,0.08800001,0.0,0.19503757,10.380003,10.410003,1113600
hardzero_plus_depr__c0p54__z1p05__lam0p030__nu0p50__psi1p00,hardzero_plus_depr,0.02,37,348,0.0,1,0.51181954,0.5118196,1.023419,0.09475038,0.09475038,1.0,5.7095807e-08,6.0259185e-07,-27.078299,2.251567,0.7505223,0.120000005,0.0,0.19970036,10.410003,10.440002,1116800
hardzero_plus_depr__c0p54__z1p05__lam0p030__nu0p50__psi1p00,hardzero_plus_depr,0.02,37,349,0.0,1,0.5118196,0.5118196,1.0500257,0.0,0.08911983,0.0,0.0,5.847827e-07,-27.65418,2.3101027,0.77003425,0.16800001,0.008,0.21399336,10.440002,10.470002,1120000
hardzero_plus_depr__c0p54__z1p05__lam0p030__nu0p50__psi1p00,hardzero_plus_depr,0.02,37,350,0.0,1,0.5118196,0.5118196,1.090203,0.0,0.08124505,0.0,0.0,5.6749997e-07,-28.966614,2.3984947,0.79949826,0.112,0.0,0.23105559,10.470002,10.500002,1123200
hardzero_plus_depr__c0p54__z1p05__lam0p030__nu0p50__psi1p00,hardzero_plus_depr,0.02,37,351,0.0,1,0.5118196,0.51181966,1.0161825,0.09634239,0.09634239,1.0,5.305845e-08,5.50728e-07,-26.318056,2.2356462,0.7452154,0.21,0.0,0.14784938,10.500002,10.530002,1126400
hardzero_plus_depr__c0p54__z1p05__lam0p030__nu0p50__psi1p00,hardzero_plus_depr,0.02,37,352,0.0,1,0.51181966,0.5118197,1.016258,0.09632564,0.09632564,1.0,5.14814e-08,5.3445166e-07,-27.763346,2.2358122,0.7452707,0.16800001,0.0,0.20229083,10.530002,10.560001,1129600
hardzero_plus_depr__c0p54__z1p05__lam0p030__nu0p50__psi1p00,hardzero_plus_depr,0.02,37,353,0.0,1,0.5118197,0.5118197,1.063169,0.0,0.08646314,0.0,0.0,5.1865635e-07,-27.564425,2.3390186,0.77967286,0.16800001,0.0,0.18757619,10.560001,10.590001,1132800
hardzero_plus_depr__c0p54__z1p05__lam0p030__nu0p50__psi1p00,hardzero_plus_depr,0.02,37,354,0.0,1,0.5118197,0.5118197,1.0846003,0.0,0.08229997,0.0,0.0,5.0332784e-07,-28.177092,2.3861682,0.7953894,0.14400001,0.0,0.19529578,10.590001,10.620001,1136000
hardzero_plus_depr__c0p54__z1p05__lam0p030__nu0p50__psi1p00,hardzero_plus_depr,0.02,37,355,0.0,1,0.5118197,0.5118198,1.0157695,0.096434064,0.096434064,1.0,4.710345e-08,4.884524e-07,-26.871077,2.2347374,0.7449125,0.216,0.0,0.17068304,10.620001,10.650001,1139200
hardzero_plus_depr__c0p54__z1p05__lam0p030__nu0p50__psi1p00,hardzero_plus_depr,0.02,37,356,0.0,1,0.5118198,0.5118198,1.0563532,0.0,0.08783078,0.0,0.0,4.7401656e-07,-28.035025,2.3240235,0.77467453,0.128,0.0,0.19283992,10.650001,10.68,1142400
hardzero_plus_depr__c0p54__z1p05__lam0p030__nu0p50__psi1p00,hardzero_plus_depr,0.02,37,357,0.0,1,0.5118198,0.5118198,1.0640535,0.0,0.08628721,0.0,0.0,4.6000739e-07,-28.488436,2.3409646,0.78032154,0.136,0.0,0.20767781,10.68,10.71,1145600
hardzero_plus_depr__c0p54__z1p05__lam0p030__nu0p50__psi1p00,hardzero_plus_depr,0.02,37,358,0.0,1,0.5118198,0.51181984,1.006115,0.09860183,0.09860183,1.0,4.4017064e-08,4.4641223e-07,-27.20993,2.2134972,0.7378324,0.18400002,0.0,0.19397846,10.71,10.74,1148800
hardzero_plus_depr__c0p54__z1p05__lam0p030__nu0p50__psi1p00,hardzero_plus_depr,0.02,37,359,0.0,1,0.51181984,0.5118199,1.0224527,0.09496143,0.09496143,1.0,4.113908e-08,4.3321887e-07,-27.977411,2.249441,0.7498137,0.18400002,0.0,0.18553218,10.74,10.7699995,1152000
hardzero_plus_depr__c0p54__z1p05__lam0p030__nu0p50__psi1p00,hardzero_plus_depr,0.02,37,360,0.0,1,0.5118199,0.51181996,1.0414603,0.09089493,0.09089493,1.0,3.821363e-08,4.2041543e-07,-27.689762,2.2912583,0.7637528,0.120000005,0.0,0.17321025,10.7699995,10.799999,1155200
hardzero_plus_depr__c0p54__z1p05__lam0p030__nu0p50__psi1p00,hardzero_plus_depr,0.02,37,361,0.0,1,0.51181996,0.51182,1.0124754,0.0971683,0.0971683,1.0,3.964373e-08,4.0799037e-07,-26.593924,2.2274902,0.7424967,0.15200001,0.0,0.18803042,10.799999,10.829999,1158400
hardzero_plus_depr__c0p54__z1p05__lam0p030__nu0p50__psi1p00,hardzero_plus_depr,0.02,37,362,0.0,1,0.51182,0.51182,1.0712279,0.0,0.08487349,0.0,0.0,3.9593255e-07,-28.63694,2.3567486,0.7855829,0.18400002,0.0,0.21075027,10.829999,10.859999,1161600
hardzero_plus_depr__c0p54__z1p05__lam0p030__nu0p50__psi1p00,hardzero_plus_depr,0.02,37,363,0.0,1,0.51182,0.5118201,0.9908838,0.102121264,0.102121264,1.0,3.923816e-08,3.8423104e-07,-26.963295,2.179988,0.72666264,0.18400002,0.0,0.18693545,10.859999,10.889998,1164800
hardzero_plus_depr__c0p54__z1p05__lam0p030__nu0p50__psi1p00,hardzero_plus_depr,0.02,37,364,0.0,1,0.5118201,0.51182014,1.0233461,0.094766304,0.094766304,1.0,3.5336026e-08,3.7287543e-07,-27.35831,2.2514062,0.75046873,0.22,0.0,0.19332856,10.889998,10.919998,1168000
hardzero_plus_depr__c0p54__z1p05__lam0p030__nu0p50__psi1p00,hardzero_plus_depr,0.02,37,365,0.0,1,0.51182014,0.5118202,1.0071828,0.09835969,0.09835969,1.0,3.559198e-08,3.6185537e-07,-27.116869,2.2158465,0.7386155,0.15200001,0.0,0.18417102,10.919998,10.949998,1171200
hardzero_plus_depr__c0p54__z1p05__lam0p030__nu0p50__psi1p00,hardzero_plus_depr,0.02,37,366,0.0,1,0.5118202,0.51182026,1.0032216,0.099260926,0.099260926,1.0,3.485657e-08,3.5116102e-07,-27.923798,2.2071316,0.73571056,0.216,0.0,0.1572241,10.949998,10.979998,1174400
hardzero_plus_depr__c0p54__z1p05__lam0p030__nu0p50__psi1p00,hardzero_plus_depr,0.02,37,367,0.0,1,0.51182026,0.5118203,1.0456278,0.09002687,0.09002687,1.0,3.06796e-08,3.4078272e-07,-27.456758,2.3004272,0.7668091,0.16800001,0.008,0.20500535,10.979998,11.009997,1177600
hardzero_plus_depr__c0p54__z1p05__lam0p030__nu0p50__psi1p00,hardzero_plus_depr,0.02,37,368,0.0,1,0.5118203,0.5118204,1.0143287,0.09675452,0.09675452,1.0,3.1997807e-08,3.3071123e-07,-27.197165,2.2315679,0.74385595,0.16800001,0.0,0.1898452,11.009997,11.039997,1180800
hardzero_plus_depr__c0p54__z1p05__lam0p030__nu0p50__psi1p00,hardzero_plus_depr,0.02,37,369,0.0,1,0.5118204,0.51182044,1.0202429,0.09544585,0.09544585,1.0,3.0632133e-08,3.209373e-07,-26.509806,2.2445793,0.74819314,0.208,0.0,0.1678409,11.039997,11.069997,1184000
hardzero_plus_depr__c0p54__z1p05__lam0p030__nu0p50__psi1p00,hardzero_plus_depr,0.02,37,370,0.0,1,0.51182044,0.51182044,1.0982449,0.0,0.07975448,0.0,0.0,3.1145223e-07,-27.958658,2.416187,0.8053957,0.15200001,0.0,0.19155648,11.069997,11.099997,1187200
hardzero_plus_depr__c0p54__z1p05__lam0p030__nu0p50__psi1p00,hardzero_plus_depr,0.02,37,371,0.0,1,0.51182044,0.51182044,1.0184368,0.09584361,0.09584361,1.0,2.8968493e-08,3.022475e-07,-26.62115,2.2406056,0.74686855,0.2,0.0,0.17017587,11.099997,11.129996,1190400
hardzero_plus_depr__c0p54__z1p05__lam0p030__nu0p50__psi1p00,hardzero_plus_depr,0.02,37,372,0.0,1,0.51182044,0.51182044,1.0346023,0.09234166,0.09234166,1.0,2.7085179e-08,2.9331483e-07,-28.365847,2.2761705,0.7587235,0.14400001,0.0,0.21962306,11.129996,11.159996,1193600
hardzero_plus_depr__c0p54__z1p05__lam0p030__nu0p50__psi1p00,hardzero_plus_depr,0.02,37,373,0.0,1,0.51182044,0.51182044,1.0008515,0.09980411,0.09980411,1.0,2.8408852e-08,2.8464612e-07,-27.167376,2.2019174,0.7339725,0.16000001,0.0,0.19435954,11.159996,11.189996,1196800
hardzero_plus_depr__c0p54__z1p05__lam0p030__nu0p50__psi1p00,hardzero_plus_depr,0.02,37,374,0.0,1,0.51182044,0.51182044,1.0631974,0.0,0.08645748,0.0,0.0,2.7623364e-07,-27.571089,2.339081,0.7796937,0.112,0.0,0.18152946,11.189996,11.2199955,1200000
hardzero_plus_depr__c0p54__z1p05__lam0p030__nu0p50__psi1p00,hardzero_plus_depr,0.02,37,375,0.0,1,0.51182044,0.51182044,1.051488,0.0,0.08882024,0.0,0.0,2.6806978e-07,-27.576029,2.31332,0.77110666,0.14400001,0.0,0.18767704,11.2199955,11.249995,1203200
hardzero_plus_depr__c0p54__z1p05__lam0p030__nu0p50__psi1p00,hardzero_plus_depr,0.02,37,376,0.0,1,0.51182044,0.51182044,1.0422087,0.09073845,0.09073845,1.0,2.3605352e-08,2.6014717e-07,-27.040045,2.2929049,0.76430166,0.15200001,0.0,0.19387838,11.249995,11.279995,1206400
hardzero_plus_depr__c0p54__z1p05__lam0p030__nu0p50__psi1p00,hardzero_plus_depr,0.02,37,377,0.0,1,0.51182044,0.51182044,1.0467108,0.08980266,0.08980266,1.0,2.2671468e-08,2.5245876e-07,-28.368355,2.30281,0.76760334,0.11,0.0,0.1866944,11.279995,11.309995,1209600
hardzero_plus_depr__c0p54__z1p05__lam0p030__nu0p50__psi1p00,hardzero_plus_depr,0.02,37,378,0.0,1,0.51182044,0.51182044,1.0041062,0.099058986,0.099058986,1.0,2.4269205e-08,2.4499752e-07,-26.183727,2.2090776,0.73635924,0.16000001,0.0,0.17366786,11.309995,11.339994,1212800
hardzero_plus_depr__c0p54__z1p05__lam0p030__nu0p50__psi1p00,hardzero_plus_depr,0.02,37,379,0.0,1,0.51182044,0.51182044,1.0721682,0.0,0.08468993,0.0,0.0,2.3775682e-07,-27.855288,2.3588173,0.78627247,0.15200001,0.0,0.19001994,11.339994,11.369994,1216000
hardzero_plus_depr__c0p54__z1p05__lam0p030__nu0p50__psi1p00,hardzero_plus_depr,0.02,37,380,0.0,1,0.51182044,0.51182044,1.0026796,0.0993849,0.0993849,1.0,2.2931086e-08,2.307301e-07,-26.887978,2.205939,0.73531306,0.2,0.0,0.18232292,11.369994,11.399994,1219200
hardzero_plus_depr__c0p54__z1p05__lam0p030__nu0p50__psi1p00,hardzero_plus_depr,0.02,37,381,0.0,1,0.51182044,0.51182044,1.0385745,0.09150094,0.09150094,1.0,2.0488072e-08,2.2391106e-07,-28.087927,2.2849095,0.7616365,0.136,0.0,0.18832031,11.399994,11.429994,1222400
hardzero_plus_depr__c0p54__z1p05__lam0p030__nu0p50__psi1p00,hardzero_plus_depr,0.02,37,382,0.0,1,0.51182044,0.51182044,1.0445307,0.09025458,0.09025458,1.0,1.961174e-08,2.1729356e-07,-27.794865,2.2980134,0.7660045,0.128,0.0,0.19696319,11.429994,11.459993,1225600
hardzero_plus_depr__c0p54__z1p05__lam0p030__nu0p50__psi1p00,hardzero_plus_depr,0.02,37,383,0.0,1,0.51182044,0.51182044,1.0024991,0.0994262,0.0994262,1.0,2.0966164e-08,2.1087162e-07,-26.601748,2.205542,0.73518074,0.104,0.0,0.17869762,11.459993,11.489993,1228800
hardzero_plus_depr__c0p54__z1p05__lam0p030__nu0p50__psi1p00,hardzero_plus_depr,0.02,37,384,0.0,1,0.51182044,0.51182044,0.9985745,0.10032877,0.10032877,1.0,2.0531226e-08,2.0463946e-07,-26.324774,2.1969078,0.7323026,0.15200001,0.0,0.17844145,11.489993,11.519993,1232000
hardzero_plus_depr__c0p54__z1p05__lam0p030__nu0p50__psi1p00,hardzero_plus_depr,0.02,37,385,0.0,1,0.51182044,0.51182044,1.0135907,0.0969191,0.0969191,1.0,1.924731e-08,1.9859151e-07,-27.133158,2.229944,0.7433147,0.16000001,0.0,0.20538054,11.519993,11.549993,1235200
hardzero_plus_depr__c0p54__z1p05__lam0p030__nu0p50__psi1p00,hardzero_plus_depr,0.02,37,386,0.0,1,0.51182044,0.51182044,0.9811561,0.10443446,0.10443446,1.0,2.0126848e-08,1.9272228e-07,-26.127678,2.1585865,0.71952885,0.2,0.0,0.1841876,11.549993,11.579992,1238400
hardzero_plus_depr__c0p54__z1p05__lam0p030__nu0p50__psi1p00,hardzero_plus_depr,0.02,37,387,0.0,1,0.51182044,0.51182044,1.0101273,0.09769507,0.09769507,1.0,1.8271571e-08,1.8702654e-07,-26.87966,2.2223244,0.7407748,0.15200001,0.0,0.18097225,11.579992,11.609992,1241600
hardzero_plus_depr__c0p54__z1p05__lam0p030__nu0p50__psi1p00,hardzero_plus_depr,0.02,37,388,0.0,1,0.51182044,0.51182044,1.0609959,0.0,0.086896844,0.0,0.0,1.8149912e-07,-27.685686,2.3342376,0.7780792,0.128,0.0,0.18746962,11.609992,11.639992,1244800
hardzero_plus_depr__c0p54__z1p05__lam0p030__nu0p50__psi1p00,hardzero_plus_depr,0.02,37,389,0.0,1,0.51182044,0.51182044,1.0205293,0.09538295,0.09538295,1.0,1.680028e-08,1.7613505e-07,-27.920326,2.2452092,0.7484031,0.16800001,0.0,0.1834649,11.639992,11.6699915,1248000
hardzero_plus_depr__c0p54__z1p05__lam0p030__nu0p50__psi1p00,hardzero_plus_depr,0.02,37,390,0.0,1,0.51182044,0.51182044,1.1058583,0.0,0.07836853,0.0,0.0,1.7092952e-07,-28.23959,2.432937,0.810979,0.07,0.0,0.22569832,11.6699915,11.699991,1251200
hardzero_plus_depr__c0p54__z1p05__lam0p030__nu0p50__psi1p00,hardzero_plus_depr,0.02,37,391,0.0,1,0.51182044,0.51182044,0.9995769,0.10009746,0.10009746,1.0,1.660395e-08,1.6587784e-07,-26.483734,2.1991131,0.7330377,0.2,0.0,0.16949014,11.699991,11.729991,1254400
hardzero_plus_depr__c0p54__z1p05__lam0p030__nu0p50__psi1p00,hardzero_plus_depr,0.02,37,392,0.0,1,0.51182044,0.51182044,0.990362,0.10224403,0.10224403,1.0,1.6458777e-08,1.6097545e-07,-26.530205,2.17884,0.72628,0.18400002,0.0,0.18303388,11.729991,11.759991,1257600
hardzero_plus_depr__c0p54__z1p05__lam0p030__nu0p50__psi1p00,hardzero_plus_depr,0.02,37,393,0.0,1,0.51182044,0.51182044,1.0879327,0.0,0.081670895,0.0,0.0,1.5621795e-07,-28.147146,2.3934999,0.7978333,0.136,0.0,0.19190092,11.759991,11.78999,1260800
hardzero_plus_depr__c0p54__z1p05__lam0p030__nu0p50__psi1p00,hardzero_plus_depr,0.02,37,394,0.0,1,0.51182044,0.51182044,1.0610324,0.0,0.08688956,0.0,0.0,1.5160104e-07,-27.338255,2.334318,0.778106,0.16800001,0.0,0.19456714,11.78999,11.81999,1264000
hardzero_plus_depr__c0p54__z1p05__lam0p030__nu0p50__psi1p00,hardzero_plus_depr,0.02,37,395,0.0,1,0.51182044,0.51182044,1.0681312,0.0,0.08548083,0.0,0.0,1.471206e-07,-27.331512,2.3499355,0.78331184,0.112,0.0,0.19486322,11.81999,11.84999,1267200
hardzero_plus_depr__c0p54__z1p05__lam0p030__nu0p50__psi1p00,hardzero_plus_depr,0.02,37,396,0.0,1,0.51182044,0.51182044,0.97859216,0.105052836,0.105052836,1.0,1.4998662e-08,1.4277256e-07,-26.650242,2.1529458,0.7176486,0.208,0.0,0.170542,11.84999,11.87999,1270400
hardzero_plus_depr__c0p54__z1p05__lam0p030__nu0p50__psi1p00,hardzero_plus_depr,0.02,37,397,0.0,1,0.51182044,0.51182044,1.0477581,0.08958637,0.08958637,1.0,1.2412463e-08,1.3855303e-07,-27.560007,2.3051138,0.7683713,0.136,0.0,0.18437827,11.87999,11.909989,1273600
hardzero_plus_depr__c0p54__z1p05__lam0p030__nu0p50__psi1p00,hardzero_plus_depr,0.02,37,398,0.0,1,0.51182044,0.51182044,1.0624843,0.0,0.086599566,0.0,0.0,1.344582e-07,-27.103626,2.337512,0.7791707,0.15200001,0.0,0.17196177,11.909989,11.939989,1276800
hardzero_plus_depr__c0p54__z1p05__lam0p030__nu0p50__psi1p00,hardzero_plus_depr,0.02,37,399,0.0,1,0.51182044,0.51182044,1.0129349,0.097065546,0.097065546,1.0,1.2665539e-08,1.304844e-07,-27.100555,2.2285013,0.7428338,0.18400002,0.0,0.21870051,11.939989,11.969989,1280000
hardzero_plus_depr__c0p54__z1p05__lam0p030__nu0p50__psi1p00,hardzero_plus_depr,0.02,37,400,0.0,1,0.51182044,0.51182044,1.0521827,0.0,0.088678285,0.0,0.0,1.2662804e-07,-27.249979,2.3148482,0.7716161,0.136,0.0,0.1869021,11.969989,11.999989,1283200
hardzero_plus_depr__c0p54__z1p05__lam0p030__nu0p50__psi1p00,hardzero_plus_depr,0.02,37,401,0.0,1,0.51182044,0.51182044,1.0591146,0.0,0.08727411,0.0,0.0,1.2288565e-07,-27.790165,2.3300986,0.77669954,0.16000001,0.0,0.1949789,11.999989,12.029988,1286400
hardzero_plus_depr__c0p54__z1p05__lam0p030__nu0p50__psi1p00,hardzero_plus_depr,0.02,37,402,0.0,1,0.51182044,0.51182044,1.0473491,0.08967078,0.08967078,1.0,1.0693586e-08,1.1925385e-07,-27.156782,2.304214,0.76807135,0.18400002,0.0,0.20637652,12.029988,12.059988,1289600
hardzero_plus_depr__c0p54__z1p05__lam0p030__nu0p50__psi1p00,hardzero_plus_depr,0.02,37,403,0.0,1,0.51182044,0.51182044,1.023356,0.094764136,0.094764136,1.0,1.0966998e-08,1.15729414e-07,-27.364294,2.2514281,0.75047606,0.12,0.0,0.20898448,12.059988,12.089988,1292800
hardzero_plus_depr__c0p54__z1p05__lam0p030__nu0p50__psi1p00,hardzero_plus_depr,0.02,37,404,0.0,1,0.51182044,0.51182044,0.993135,0.1015933,0.1015933,1.0,1.1409854e-08,1.12309124e-07,-26.490595,2.1849406,0.72831357,0.192,0.0,0.17113739,12.089988,12.1199875,1296000
hardzero_plus_depr__c0p54__z1p05__lam0p030__nu0p50__psi1p00,hardzero_plus_depr,0.02,37,405,0.0,1,0.51182044,0.51182044,1.0335385,0.09256813,0.09256813,1.0,1.0088993e-08,1.08989916e-07,-27.86678,2.27383,0.75794333,0.136,0.0,0.17918375,12.1199875,12.149987,1299200
hardzero_plus_depr__c0p54__z1p05__lam0p030__nu0p50__psi1p00,hardzero_plus_depr,0.02,37,406,0.0,1,0.51182044,0.51182044,1.0739851,0.0,0.08433637,0.0,0.0,1.05768805e-07,-28.753342,2.3628144,0.7876048,0.128,0.0,0.18663956,12.149987,12.179987,1302400
hardzero_plus_depr__c0p54__z1p05__lam0p030__nu0p50__psi1p00,hardzero_plus_depr,0.02,37,407,0.0,1,0.51182044,0.51182044,1.0608304,0.0,0.086929984,0.0,0.0,1.02642886e-07,-27.781239,2.3338735,0.77795786,0.112,0.0,0.19135007,12.179987,12.209987,1305600
hardzero_plus_depr__c0p54__z1p05__lam0p030__nu0p50__psi1p00,hardzero_plus_depr,0.02,37,408,0.0,1,0.51182044,0.51182044,1.0329131,0.09270153,0.09270153,1.0,9.23394e-09,9.960936e-08,-26.24862,2.2724543,0.7574848,0.16000001,0.0,0.19406511,12.209987,12.239986,1308800
hardzero_plus_depr__c0p54__z1p05__lam0p030__nu0p50__psi1p00,hardzero_plus_depr,0.02,37,409,0.0,1,0.51182044,0.51182044,1.0896868,0.0,0.081341684,0.0,0.0,9.666549e-08,-28.486217,2.3973587,0.7991196,0.096,0.0,0.20078148,12.239986,12.269986,1312000
hardzero_plus_depr__c0p54__z1p05__lam0p030__nu0p50__psi1p00,hardzero_plus_depr,0.02,37,410,0.0,1,0.51182044,0.51182044,1.0623684,0.0,0.08662267,0.0,0.0,9.380861e-08,-27.736282,2.3372571,0.77908576,0.112,0.0,0.18972816,12.269986,12.299986,1315200
hardzero_plus_depr__c0p54__z1p05__lam0p030__nu0p50__psi1p00,hardzero_plus_depr,0.02,37,411,0.0,1,0.51182044,0.51182044,1.0656093,0.0,0.08597866,0.0,0.0,9.103618e-08,-28.517641,2.3443873,0.78146243,0.136,0.0,0.20876643,12.299986,12.329986,1318400
hardzero_plus_depr__c0p54__z1p05__lam0p030__nu0p50__psi1p00,hardzero_plus_depr,0.02,37,412,0.0,1,0.51182044,0.51182044,1.0249803,0.094410375,0.094410375,1.0,8.3407485e-09,8.834568e-08,-27.405056,2.2550018,0.75166726,0.096,0.0,0.19746988,12.329986,12.359985,1321600
hardzero_plus_depr__c0p54__z1p05__lam0p030__nu0p50__psi1p00,hardzero_plus_depr,0.02,37,413,0.0,1,0.51182044,0.51182044,0.99766725,0.10053858,0.10053858,1.0,8.6196446e-09,8.573469e-08,-27.372244,2.1949117,0.73163724,0.16800001,0.0,0.17386645,12.359985,12.389985,1324800
hardzero_plus_depr__c0p54__z1p05__lam0p030__nu0p50__psi1p00,hardzero_plus_depr,0.02,37,414,0.0,1,0.51182044,0.51182044,1.0380512,0.091611244,0.091611244,1.0,7.622135e-09,8.320087e-08,-27.395735,2.2837584,0.7612528,0.18400002,0.0,0.1763633,12.389985,12.419985,1328000
hardzero_plus_depr__c0p54__z1p05__lam0p030__nu0p50__psi1p00,hardzero_plus_depr,0.02,37,415,0.0,1,0.51182044,0.51182044,1.0610833,0.0,0.086879365,0.0,0.0,8.074193e-08,-28.603043,2.33443,0.77814335,0.14400001,0.0,0.19707261,12.419985,12.449985,1331200
hardzero_plus_depr__c0p54__z1p05__lam0p030__nu0p50__psi1p00,hardzero_plus_depr,0.02,37,416,0.0,1,0.51182044,0.51182044,1.1020083,0.0,0.07906635,0.0,0.0,7.835566e-08,-27.902107,2.4244668,0.80815566,0.099999994,0.0,0.20597616,12.449985,12.479984,1334400
hardzero_plus_depr__c0p54__z1p05__lam0p030__nu0p50__psi1p00,hardzero_plus_depr,0.02,37,417,0.0,1,0.51182044,0.51182044,1.0755887,0.0,0.08402554,0.0,0.0,7.6039925e-08,-27.989859,2.3663423,0.7887808,0.104,0.0,0.215663,12.479984,12.509984,1337600
hardzero_plus_depr__c0p54__z1p05__lam0p030__nu0p50__psi1p00,hardzero_plus_depr,0.02,37,418,0.0,1,0.51182044,0.51182044,1.028663,0.09361317,0.09361317,1.0,6.9079618e-09,7.379263e-08,-27.401203,2.263104,0.754368,0.16000001,0.0,0.19351299,12.509984,12.539984,1340800
hardzero_plus_depr__c0p54__z1p05__lam0p030__nu0p50__psi1p00,hardzero_plus_depr,0.02,37,419,0.0,1,0.51182044,0.51182044,1.0120701,0.09725902,0.09725902,1.0,6.964888e-09,7.1611744e-08,-26.766142,2.2265985,0.74219954,0.136,0.0,0.16428974,12.539984,12.5699835,1344000
hardzero_plus_depr__c0p54__z1p05__lam0p030__nu0p50__psi1p00,hardzero_plus_depr,0.02,37,420,0.0,1,0.51182044,0.51182044,1.0446049,0.09023916,0.09023916,1.0,6.2711987e-09,6.9495314e-08,-27.92957,2.2981768,0.7660589,0.14400001,0.0,0.17466961,12.5699835,12.599983,1347200
hardzero_plus_depr__c0p54__z1p05__lam0p030__nu0p50__psi1p00,hardzero_plus_depr,0.02,37,421,0.0,1,0.51182044,0.51182044,0.9438958,0.11379002,0.11379002,1.0,7.674162e-09,6.7441434e-08,-25.910433,2.0766122,0.6922041,0.23200001,0.0,0.17746195,12.599983,12.629983,1350400
hardzero_plus_depr__c0p54__z1p05__lam0p030__nu0p50__psi1p00,hardzero_plus_depr,0.02,37,422,0.0,1,0.51182044,0.51182044,1.0341754,0.09243248,0.09243248,1.0,6.0495444e-09,6.5448255e-08,-27.797482,2.2752314,0.75841045,0.216,0.0,0.18188414,12.629983,12.659983,1353600
hardzero_plus_depr__c0p54__z1p05__lam0p030__nu0p50__psi1p00,hardzero_plus_depr,0.02,37,423,0.0,1,0.51182044,0.51182044,1.0765078,0.0,0.08384789,0.0,0.0,6.351399e-08,-28.46269,2.3683646,0.7894549,0.08800001,0.0,0.22108836,12.659983,12.689982,1356800
hardzero_plus_depr__c0p54__z1p05__lam0p030__nu0p50__psi1p00,hardzero_plus_depr,0.02,37,424,0.0,1,0.51182044,0.51182044,1.0674323,0.0,0.08561851,0.0,0.0,6.163688e-08,-27.797289,2.348398,0.78279936,0.192,0.0,0.21419948,12.689982,12.719982,1360000
hardzero_plus_depr__c0p54__z1p05__lam0p030__nu0p50__psi1p00,hardzero_plus_depr,0.02,37,425,0.0,1,0.51182044,0.51182044,1.0362298,0.091996245,0.091996245,1.0,5.5027782e-09,5.981525e-08,-27.564688,2.279751,0.759917,0.16800001,0.0,0.21633327,12.719982,12.749982,1363200
hardzero_plus_depr__c0p54__z1p05__lam0p030__nu0p50__psi1p00,hardzero_plus_depr,0.02,37,426,0.0,1,0.51182044,0.51182044,1.0236753,0.09469448,0.09469448,1.0,5.496774e-09,5.8047462e-08,-27.227903,2.2521307,0.75071025,0.128,0.0,0.19815232,12.749982,12.779982,1366400
hardzero_plus_depr__c0p54__z1p05__lam0p030__nu0p50__psi1p00,hardzero_plus_depr,0.02,37,427,0.0,1,0.51182044,0.51182044,0.97760665,0.1052915,0.1052915,1.0,5.9312715e-09,5.6331913e-08,-25.729908,2.1507776,0.71692586,0.2,0.0,0.15846215,12.779982,12.809981,1369600
hardzero_plus_depr__c0p54__z1p05__lam0p030__nu0p50__psi1p00,hardzero_plus_depr,0.02,37,428,0.0,1,0.51182044,0.51182044,1.0682484,0.0,0.08545779,0.0,0.0,5.466707e-08,-28.137627,2.3501933,0.7833978,0.14400001,0.0,0.18312219,12.809981,12.839981,1372800
hardzero_plus_depr__c0p54__z1p05__lam0p030__nu0p50__psi1p00,hardzero_plus_depr,0.02,37,429,0.0,1,0.51182044,0.51182044,1.0289253,0.09355665,0.09355665,1.0,4.9633138e-09,5.3051426e-08,-26.827744,2.263681,0.75456035,0.22999999,0.0,0.18869461,12.839981,12.869981,1376000
hardzero_plus_depr__c0p54__z1p05__lam0p030__nu0p50__psi1p00,hardzero_plus_depr,0.02,37,430,0.0,1,0.51182044,0.51182044,1.0180454,0.09593003,0.09593003,1.0,4.938817e-09,5.1483532e-08,-26.895811,2.2397447,0.74658155,0.14400001,0.0,0.19616958,12.869981,12.899981,1379200
hardzero_plus_depr__c0p54__z1p05__lam0p030__nu0p50__psi1p00,hardzero_plus_depr,0.02,37,431,0.0,1,0.51182044,0.51182044,1.0918057,0.0,0.08094579,0.0,0.0,4.9961976e-08,-28.751425,2.4020205,0.8006735,0.120000005,0.0,0.19906604,12.899981,12.92998,1382400
hardzero_plus_depr__c0p54__z1p05__lam0p030__nu0p50__psi1p00,hardzero_plus_depr,0.02,37,432,0.0,1,0.51182044,0.51182044,1.0071831,0.09835964,0.09835964,1.0,4.7690056e-09,4.8485393e-08,-26.877537,2.215847,0.7386157,0.18400002,0.0,0.20102985,12.92998,12.95998,1385600
hardzero_plus_depr__c0p54__z1p05__lam0p030__nu0p50__psi1p00,hardzero_plus_depr,0.02,37,433,0.0,1,0.51182044,0.51182044,1.0146725,0.09667797,0.09667797,1.0,4.5489346e-09,4.7052442e-08,-27.29339,2.2323241,0.7441081,0.136,0.0,0.17864834,12.95998,12.98998,1388800
hardzero_plus_depr__c0p54__z1p05__lam0p030__nu0p50__psi1p00,hardzero_plus_depr,0.02,37,434,0.0,1,0.51182044,0.51182044,1.065814,0.0,0.08593813,0.0,0.0,4.566185e-08,-28.203775,2.3448377,0.7816126,0.128,0.0,0.20525359,12.98998,13.0199795,1392000
hardzero_plus_depr__c0p54__z1p05__lam0p030__nu0p50__psi1p00,hardzero_plus_depr,0.02,37,435,0.0,1,0.51182044,0.51182044,1.0150806,0.096587166,0.096587166,1.0,4.280004e-09,4.4312344e-08,-27.668194,2.2332218,0.7444073,0.16800001,0.0,0.18619637,13.0199795,13.049979,1395200
hardzero_plus_depr__c0p54__z1p05__lam0p030__nu0p50__psi1p00,hardzero_plus_depr,0.02,37,436,0.0,1,0.51182044,0.51182044,1.0174646,0.0960584,0.0960584,1.0,4.1307735e-09,4.3002732e-08,-27.323729,2.238467,0.7461557,0.17600001,0.0,0.17569245,13.049979,13.079979,1398400
hardzero_plus_depr__c0p54__z1p05__lam0p030__nu0p50__psi1p00,hardzero_plus_depr,0.02,37,437,0.0,1,0.51182044,0.51182044,0.9727085,0.10648573,0.10648573,1.0,4.443843e-09,4.1731816e-08,-26.308458,2.1400015,0.71333385,0.192,0.0,0.18000272,13.079979,13.109979,1401600
hardzero_plus_depr__c0p54__z1p05__lam0p030__nu0p50__psi1p00,hardzero_plus_depr,0.02,37,438,0.0,1,0.51182044,0.51182044,0.9574728,0.110287726,0.110287726,1.0,4.466484e-09,4.049847e-08,-25.226215,2.1064823,0.7021608,0.128,0.0,0.16137789,13.109979,13.139978,1404800
hardzero_plus_depr__c0p54__z1p05__lam0p030__nu0p50__psi1p00,hardzero_plus_depr,0.02,37,439,0.0,1,0.51182044,0.51182044,0.9970752,0.100675724,0.100675724,1.0,3.9567136e-09,3.9301565e-08,-26.501328,2.1936092,0.7312031,0.192,0.0,0.17787509,13.139978,13.169978,1408000
hardzero_plus_depr__c0p54__z1p05__lam0p030__nu0p50__psi1p00,hardzero_plus_depr,0.02,37,440,0.0,1,0.51182044,0.51182044,0.9841989,0.10370534,0.10370534,1.0,3.955326e-09,3.814004e-08,-26.29117,2.1652808,0.7217603,0.128,0.0,0.19154389,13.169978,13.199978,1411200
hardzero_plus_depr__c0p54__z1p05__lam0p030__nu0p50__psi1p00,hardzero_plus_depr,0.02,37,441,0.0,1,0.51182044,0.51182044,1.0503067,0.0,0.08906218,0.0,0.0,3.7012843e-08,-27.461777,2.310721,0.7702403,0.15200001,0.0,0.17075399,13.199978,13.229978,1414400
hardzero_plus_depr__c0p54__z1p05__lam0p030__nu0p50__psi1p00,hardzero_plus_depr,0.02,37,442,0.0,1,0.51182044,0.51182044,0.9966919,0.100764625,0.100764625,1.0,3.6193604e-09,3.591896e-08,-26.589369,2.192766,0.730922,0.17,0.0,0.17518744,13.229978,13.259977,1417600
hardzero_plus_depr__c0p54__z1p05__lam0p030__nu0p50__psi1p00,hardzero_plus_depr,0.02,37,443,0.0,1,0.51182044,0.51182044,1.0268356,0.09400791,0.09400791,1.0,3.2768714e-09,3.48574e-08,-26.83056,2.2590833,0.7530278,0.2,0.0,0.19310667,13.259977,13.289977,1420800
hardzero_plus_depr__c0p54__z1p05__lam0p030__nu0p50__psi1p00,hardzero_plus_depr,0.02,37,444,0.0,1,0.51182044,0.51182044,1.0146428,0.09668455,0.09668455,1.0,3.2705694e-09,3.3827217e-08,-26.862423,2.2322588,0.74408627,0.216,0.0,0.15350126,13.289977,13.319977,1424000
hardzero_plus_depr__c0p54__z1p05__lam0p030__nu0p50__psi1p00,hardzero_plus_depr,0.02,37,445,0.0,1,0.51182044,0.51182044,1.0137244,0.09688924,0.09688924,1.0,3.1806295e-09,3.282748e-08,-27.584517,2.2302382,0.74341273,0.208,0.0,0.19159342,13.319977,13.349977,1427200
hardzero_plus_depr__c0p54__z1p05__lam0p030__nu0p50__psi1p00,hardzero_plus_depr,0.02,37,446,0.0,1,0.51182044,0.51182044,1.0157641,0.096435264,0.096435264,1.0,3.0721665e-09,3.1857294e-08,-26.749352,2.2347257,0.7449086,0.2,0.0,0.17897259,13.349977,13.379976,1430400
hardzero_plus_depr__c0p54__z1p05__lam0p030__nu0p50__psi1p00,hardzero_plus_depr,0.02,37,447,0.0,1,0.51182044,0.51182044,0.97790956,0.1052181,0.1052181,1.0,3.252899e-09,3.0915775e-08,-26.207605,2.151444,0.717148,0.17600001,0.0,0.17265503,13.379976,13.409976,1433600
hardzero_plus_depr__c0p54__z1p05__lam0p030__nu0p50__psi1p00,hardzero_plus_depr,0.02,37,448,0.0,1,0.51182044,0.51182044,1.0256084,0.09427391,0.09427391,1.0,2.8284137e-09,3.0002084e-08,-27.752602,2.2563837,0.7521279,0.120000005,0.0,0.18130925,13.409976,13.439976,1436800
hardzero_plus_depr__c0p54__z1p05__lam0p030__nu0p50__psi1p00,hardzero_plus_depr,0.02,37,449,0.0,1,0.51182044,0.51182044,1.0796256,0.0,0.0832481,0.0,0.0,2.9115396e-08,-28.222134,2.3752236,0.79174125,0.17600001,0.0,0.20256492,13.439976,13.469975,1440000
hardzero_plus_depr__c0p54__z1p05__lam0p030__nu0p50__psi1p00,hardzero_plus_depr,0.02,37,450,0.0,1,0.51182044,0.51182044,0.9898361,0.102367915,0.102367915,1.0,2.8923963e-09,2.8254911e-08,-26.775219,2.1776829,0.72589433,0.208,0.0,0.16839598,13.469975,13.499975,1443200
hardzero_plus_depr__c0p54__z1p05__lam0p030__nu0p50__psi1p00,hardzero_plus_depr,0.02,37,451,0.0,1,0.51182044,0.51182044,0.97781193,0.10524175,0.10524175,1.0,2.8857143e-09,2.7419862e-08,-25.863634,2.1512291,0.7170764,0.2,0.0,0.20494321,13.499975,13.529975,1446400
hardzero_plus_depr__c0p54__z1p05__lam0p030__nu0p50__psi1p00,hardzero_plus_depr,0.02,37,452,0.0,1,0.51182044,0.51182044,0.98443776,0.103648305,0.103648305,1.0,2.7580283e-09,2.6609488e-08,-26.014162,2.1658063,0.72193545,0.16800001,0.0,0.17338265,13.529975,13.559975,1449600
hardzero_plus_depr__c0p54__z1p05__lam0p030__nu0p50__psi1p00,hardzero_plus_depr,0.02,37,453,0.0,1,0.51182044,0.51182044,1.036726,0.09189122,0.09189122,1.0,2.3729132e-09,2.5823066e-08,-26.404364,2.2808428,0.76028097,0.18400002,0.0,0.21827394,13.559975,13.589974,1452800
hardzero_plus_depr__c0p54__z1p05__lam0p030__nu0p50__psi1p00,hardzero_plus_depr,0.02,37,454,0.0,1,0.51182044,0.51182044,1.0281534,0.093723096,0.093723096,1.0,2.34869e-09,2.5059885e-08,-26.993122,2.2619827,0.7539942,0.128,0.0,0.19457166,13.589974,13.619974,1456000
hardzero_plus_depr__c0p54__z1p05__lam0p030__nu0p50__psi1p00,hardzero_plus_depr,0.02,37,455,0.0,1,0.51182044,0.51182044,1.0180535,0.095928244,0.095928244,1.0,2.3329043e-09,2.4319263e-08,-27.004099,2.2397625,0.7465875,0.12,0.0,0.17536727,13.619974,13.649974,1459200
hardzero_plus_depr__c0p54__z1p05__lam0p030__nu0p50__psi1p00,hardzero_plus_depr,0.02,37,456,0.0,1,0.51182044,0.51182044,1.040447,0.09110725,0.09110725,1.0,2.150179e-09,2.3600526e-08,-28.444805,2.2890291,0.7630097,0.136,0.0,0.18639687,13.649974,13.679974,1462400
hardzero_plus_depr__c0p54__z1p05__lam0p030__nu0p50__psi1p00,hardzero_plus_depr,0.02,37,457,0.0,1,0.51182044,0.51182044,1.052424,0.0,0.08862904,0.0,0.0,2.2903029e-08,-27.061377,2.315379,0.771793,0.16000001,0.0,0.19458908,13.679974,13.709973,1465600
hardzero_plus_depr__c0p54__z1p05__lam0p030__nu0p50__psi1p00,hardzero_plus_depr,0.02,37,458,0.0,1,0.51182044,0.51182044,0.9952848,0.10109162,0.10109162,1.0,2.2468776e-09,2.222615e-08,-26.416157,2.1896703,0.7298901,0.15200001,0.0,0.2028223,13.709973,13.739973,1468800
hardzero_plus_depr__c0p54__z1p05__lam0p030__nu0p50__psi1p00,hardzero_plus_depr,0.02,37,459,0.0,1,0.51182044,0.51182044,1.0119545,0.097284906,0.097284906,1.0,2.0983644e-09,2.156927e-08,-27.713629,2.2263446,0.7421149,0.120000005,0.0,0.20490463,13.739973,13.769973,1472000
hardzero_plus_depr__c0p54__z1p05__lam0p030__nu0p50__psi1p00,hardzero_plus_depr,0.02,37,460,0.0,1,0.51182044,0.51182044,1.0220547,0.09504852,0.09504852,1.0,1.9895374e-09,2.093181e-08,-27.65037,2.2485652,0.74952173,0.2,0.0,0.19538587,13.769973,13.799973,1475200
hardzero_plus_depr__c0p54__z1p05__lam0p030__nu0p50__psi1p00,hardzero_plus_depr,0.02,37,461,0.0,1,0.51182044,0.51182044,1.0001329,0.099969395,0.099969395,1.0,2.030697e-09,2.0313186e-08,-26.146805,2.2003365,0.7334455,0.16800001,0.0,0.21900867,13.799973,13.829972,1478400
hardzero_plus_depr__c0p54__z1p05__lam0p030__nu0p50__psi1p00,hardzero_plus_depr,0.02,37,462,0.0,1,0.51182044,0.51182044,1.0126792,0.0971227,0.0971227,1.0,1.9145647e-09,1.9712845e-08,-27.293636,2.227939,0.74264634,0.2,0.0,0.18490842,13.829972,13.859972,1481600
hardzero_plus_depr__c0p54__z1p05__lam0p030__nu0p50__psi1p00,hardzero_plus_depr,0.02,37,463,0.0,1,0.51182044,0.51182044,1.0485383,0.08942555,0.08942555,1.0,1.710733e-09,1.913025e-08,-28.247313,2.3068304,0.7689435,0.18400002,0.008,0.19584331,13.859972,13.889972,1484800
hardzero_plus_depr__c0p54__z1p05__lam0p030__nu0p50__psi1p00,hardzero_plus_depr,0.02,37,464,0.0,1,0.51182044,0.51182044,1.0418323,0.0908171,0.0908171,1.0,1.6860078e-09,1.856487e-08,-27.989435,2.2920768,0.7640256,0.096,0.0,0.16710383,13.889972,13.919971,1488000
hardzero_plus_depr__c0p54__z1p05__lam0p030__nu0p50__psi1p00,hardzero_plus_depr,0.02,37,465,0.0,1,0.51182044,0.51182044,0.9734965,0.10629272,0.10629272,1.0,1.9149908e-09,1.80162e-08,-25.767988,2.141735,0.7139117,0.15200001,0.0,0.13796045,13.919971,13.949971,1491200
hardzero_plus_depr__c0p54__z1p05__lam0p030__nu0p50__psi1p00,hardzero_plus_depr,0.02,37,466,0.0,1,0.51182044,0.51182044,1.0513685,0.0,0.08884471,0.0,0.0,1.7483744e-08,-27.150677,2.3130567,0.7710189,0.192,0.0,0.19148552,13.949971,13.979971,1494400
hardzero_plus_depr__c0p54__z1p05__lam0p030__nu0p50__psi1p00,hardzero_plus_depr,0.02,37,467,0.0,1,0.51182044,0.51182044,1.0517596,0.0,0.08876472,0.0,0.0,1.6967027e-08,-26.87592,2.3139174,0.7713058,0.120000005,0.0,0.18485056,13.979971,14.009971,1497600
hardzero_plus_depr__c0p54__z1p05__lam0p030__nu0p50__psi1p00,hardzero_plus_depr,0.02,37,468,0.0,1,0.51182044,0.51182044,1.0575931,0.0,0.0875804,0.0,0.0,1.646558e-08,-27.991085,2.3267512,0.77558374,0.089999996,0.0,0.1621063,14.009971,14.03997,1500800
hardzero_plus_depr__c0p54__z1p05__lam0p030__nu0p50__psi1p00,hardzero_plus_depr,0.02,37,469,0.0,1,0.51182044,0.51182044,0.9751004,0.10590089,0.10590089,1.0,1.6921852e-09,1.5978951e-08,-25.751295,2.1452637,0.7150879,0.136,0.0,0.16843125,14.03997,14.06997,1504000
hardzero_plus_depr__c0p54__z1p05__lam0p030__nu0p50__psi1p00,hardzero_plus_depr,0.02,37,470,0.0,1,0.51182044,0.51182044,1.0713985,0.0,0.08484017,0.0,0.0,1.5506709e-08,-27.764425,2.3571239,0.78570795,0.136,0.0,0.20655526,14.06997,14.09997,1507200
hardzero_plus_depr__c0p54__z1p05__lam0p030__nu0p50__psi1p00,hardzero_plus_depr,0.02,37,471,0.0,1,0.51182044,0.51182044,1.0436145,0.09044518,0.09044518,1.0,1.361057e-09,1.504842e-08,-27.549849,2.2959979,0.76533264,0.128,0.0,0.20097744,14.09997,14.12997,1510400
hardzero_plus_depr__c0p54__z1p05__lam0p030__nu0p50__psi1p00,hardzero_plus_depr,0.02,37,472,0.0,1,0.51182044,0.51182044,1.0021732,0.09950085,0.09950085,1.0,1.4530781e-09,1.4603676e-08,-27.841072,2.2048252,0.7349417,0.16000001,0.0,0.18815556,14.12997,14.159969,1513600
hardzero_plus_depr__c0p54__z1p05__lam0p030__nu0p50__psi1p00,hardzero_plus_depr,0.02,37,473,0.0,1,0.51182044,0.51182044,1.0479603,0.08954467,0.08954467,1.0,1.2690338e-09,1.4172075e-08,-27.635025,2.3055587,0.7685196,0.136,0.0,0.24699783,14.159969,14.189969,1516800
hardzero_plus_depr__c0p54__z1p05__lam0p030__nu0p50__psi1p00,hardzero_plus_depr,0.02,37,474,0.0,1,0.51182044,0.51182044,1.0771196,0.0,0.08372987,0.0,0.0,1.37532306e-08,-28.71439,2.3697104,0.7899035,0.104,0.0,0.19685198,14.189969,14.219969,1520000
hardzero_plus_depr__c0p54__z1p05__lam0p030__nu0p50__psi1p00,hardzero_plus_depr,0.02,37,475,0.0,1,0.51182044,0.51182044,1.0206512,0.09535617,0.09535617,1.0,1.2726962e-09,1.3346764e-08,-26.355442,2.2454774,0.7484925,0.15200001,0.0,0.18772767,14.219969,14.249969,1523200
hardzero_plus_depr__c0p54__z1p05__lam0p030__nu0p50__psi1p00,hardzero_plus_depr,0.02,37,476,0.0,1,0.51182044,0.51182044,1.0599899,0.0,0.08709838,0.0,0.0,1.295231e-08,-28.027782,2.3320243,0.7773415,0.16000001,0.0,0.20115618,14.249969,14.279968,1526400
hardzero_plus_depr__c0p54__z1p05__lam0p030__nu0p50__psi1p00,hardzero_plus_depr,0.02,37,477,0.0,1,0.51182044,0.51182044,1.0513654,0.0,0.08884533,0.0,0.0,1.2569517e-08,-28.047277,2.31305,0.7710167,0.16800001,0.0,0.1950596,14.279968,14.309968,1529600
hardzero_plus_depr__c0p54__z1p05__lam0p030__nu0p50__psi1p00,hardzero_plus_depr,0.02,37,478,0.0,1,0.51182044,0.51182044,1.0586466,0.0,0.08736821,0.0,0.0,1.2198035e-08,-27.443369,2.329069,0.77635634,0.216,0.0,0.20661356,14.309968,14.339968,1532800
hardzero_plus_depr__c0p54__z1p05__lam0p030__nu0p50__psi1p00,hardzero_plus_depr,0.02,37,479,0.0,1,0.51182044,0.51182044,1.0519584,0.0,0.08872409,0.0,0.0,1.1837532e-08,-27.669897,2.314355,0.77145165,0.120000005,0.0,0.18934995,14.339968,14.369967,1536000
hardzero_plus_depr__c0p54__z1p05__lam0p030__nu0p50__psi1p00,hardzero_plus_depr,0.02,37,480,0.0,1,0.51182044,0.51182044,1.0410055,0.09099018,0.09099018,1.0,1.0452662e-09,1.1487682e-08,-27.845482,2.2902577,0.7634193,0.112,0.0,0.17994957,14.369967,14.399967,1539200
hardzero_plus_depr__c0p54__z1p05__lam0p030__nu0p50__psi1p00,hardzero_plus_depr,0.02,37,481,0.0,1,0.51182044,0.51182044,0.9842222,0.10369977,0.10369977,1.0,1.1560629e-09,1.1148172e-08,-27.3034,2.165332,0.7217774,0.17,0.0,0.17639849,14.399967,14.429967,1542400
hardzero_plus_depr__c0p54__z1p05__lam0p030__nu0p50__psi1p00,hardzero_plus_depr,0.02,37,482,0.0,1,0.51182044,0.51182044,1.052709,0.0,0.088570885,0.0,0.0,1.0818697e-08,-27.005508,2.316006,0.772002,0.120000005,0.0,0.20524584,14.429967,14.459967,1545600
hardzero_plus_depr__c0p54__z1p05__lam0p030__nu0p50__psi1p00,hardzero_plus_depr,0.02,37,483,0.0,1,0.51182044,0.51182044,1.0034119,0.09921746,0.09921746,1.0,1.0416801e-09,1.0498959e-08,-27.140152,2.2075503,0.7358501,0.15200001,0.0,0.1937475,14.459967,14.489966,1548800
hardzero_plus_depr__c0p54__z1p05__lam0p030__nu0p50__psi1p00,hardzero_plus_depr,0.02,37,484,0.0,1,0.51182044,0.51182044,1.0170096,0.09615911,0.09615911,1.0,9.797334e-10,1.01886695e-08,-27.006935,2.2374659,0.74582195,0.16000001,0.0,0.1754125,14.489966,14.519966,1552000
hardzero_plus_depr__c0p54__z1p05__lam0p030__nu0p50__psi1p00,hardzero_plus_depr,0.02,37,485,0.0,1,0.51182044,0.51182044,1.0048192,0.09889648,0.09889648,1.0,9.778443e-10,9.887553e-09,-27.456156,2.2106464,0.73688215,0.18400002,0.0,0.19598898,14.519966,14.549966,1555200
hardzero_plus_depr__c0p54__z1p05__lam0p030__nu0p50__psi1p00,hardzero_plus_depr,0.02,37,486,0.0,1,0.51182044,0.51182044,1.0236207,0.09470638,0.09470638,1.0,9.087395e-10,9.595335e-09,-27.348873,2.2520106,0.7506702,0.128,0.0,0.18069927,14.549966,14.579966,1558400
hardzero_plus_depr__c0p54__z1p05__lam0p030__nu0p50__psi1p00,hardzero_plus_depr,0.02,37,487,0.0,1,0.51182044,0.51182044,1.0518363,0.0,0.08874906,0.0,0.0,9.311751e-09,-28.030308,2.314086,0.771362,0.120000005,0.0,0.20817076,14.579966,14.609965,1561600
hardzero_plus_depr__c0p54__z1p05__lam0p030__nu0p50__psi1p00,hardzero_plus_depr,0.02,37,488,0.0,1,0.51182044,0.51182044,1.0263277,0.09411792,0.09411792,1.0,8.505013e-10,9.03655e-09,-28.00486,2.257966,0.7526554,0.14400001,0.0,0.18832083,14.609965,14.639965,1564800
hardzero_plus_depr__c0p54__z1p05__lam0p030__nu0p50__psi1p00,hardzero_plus_depr,0.02,37,489,0.0,1,0.51182044,0.51182044,1.0485609,0.08942092,0.08942092,1.0,7.8417517e-10,8.769482e-09,-27.971212,2.30688,0.76896,0.128,0.0,0.19768809,14.639965,14.669965,1568000
hardzero_plus_depr__c0p54__z1p05__lam0p030__nu0p50__psi1p00,hardzero_plus_depr,0.02,37,490,0.0,1,0.51182044,0.51182044,1.0282991,0.093691655,0.093691655,1.0,7.9734475e-10,8.510307e-09,-26.993261,2.262303,0.75410104,0.136,0.0,0.16940883,14.669965,14.699965,1571200
hardzero_plus_depr__c0p54__z1p05__lam0p030__nu0p50__psi1p00,hardzero_plus_depr,0.02,37,491,0.0,1,0.51182044,0.51182044,1.0363442,0.09197203,0.09197203,1.0,7.5957785e-10,8.258792e-09,-28.22661,2.2800028,0.76000094,0.16000001,0.0,0.20900503,14.699965,14.729964,1574400
hardzero_plus_depr__c0p54__z1p05__lam0p030__nu0p50__psi1p00,hardzero_plus_depr,0.02,37,492,0.0,1,0.51182044,0.51182044,1.0424306,0.09069208,0.09069208,1.0,7.2687073e-10,8.01471e-09,-27.448847,2.2933931,0.7644644,0.096,0.0,0.2153041,14.729964,14.759964,1577600
hardzero_plus_depr__c0p54__z1p05__lam0p030__nu0p50__psi1p00,hardzero_plus_depr,0.02,37,493,0.0,1,0.51182044,0.51182044,1.0181738,0.095901676,0.095901676,1.0,7.4590806e-10,7.7778415e-09,-27.463404,2.2400272,0.7466757,0.136,0.0,0.18304354,14.759964,14.789964,1580800
hardzero_plus_depr__c0p54__z1p05__lam0p030__nu0p50__psi1p00,hardzero_plus_depr,0.02,37,494,0.0,1,0.51182044,0.51182044,1.0173063,0.09609343,0.09609343,1.0,7.253106e-10,7.547973e-09,-27.496704,2.2381186,0.74603957,0.14,0.0,0.15111239,14.789964,14.819963,1584000
hardzero_plus_depr__c0p54__z1p05__lam0p030__nu0p50__psi1p00,hardzero_plus_depr,0.02,37,495,0.0,1,0.51182044,0.51182044,1.0553578,0.0,0.08803234,0.0,0.0,7.324899e-09,-28.103737,2.3218336,0.77394456,0.128,0.0,0.21266682,14.819963,14.849963,1587200
hardzero_plus_depr__c0p54__z1p05__lam0p030__nu0p50__psi1p00,hardzero_plus_depr,0.02,37,496,0.0,1,0.51182044,0.51182044,1.0217432,0.09511671,0.09511671,1.0,6.7612926e-10,7.108417e-09,-27.525438,2.24788,0.7492933,0.120000005,0.0,0.17273737,14.849963,14.879963,1590400
hardzero_plus_depr__c0p54__z1p05__lam0p030__nu0p50__psi1p00,hardzero_plus_depr,0.02,37,497,0.0,1,0.51182044,0.51182044,1.0121037,0.097251505,0.097251505,1.0,6.708733e-10,6.8983335e-09,-27.538523,2.2266726,0.7422242,0.14400001,0.0,0.1820276,14.879963,14.909963,1593600
hardzero_plus_depr__c0p54__z1p05__lam0p030__nu0p50__psi1p00,hardzero_plus_depr,0.02,37,498,0.0,1,0.51182044,0.51182044,1.0006862,0.09984212,0.09984212,1.0,6.6838896e-10,6.6944583e-09,-26.480902,2.2015536,0.7338512,0.16800001,0.0,0.18034762,14.909963,14.939962,1596800
hardzero_plus_depr__c0p54__z1p05__lam0p030__nu0p50__psi1p00,hardzero_plus_depr,0.02,37,499,0.0,1,0.51182044,0.51182044,1.0513257,0.0,0.088853456,0.0,0.0,6.49661e-09,-28.128723,2.3129628,0.77098763,0.16800001,0.008,0.2048537,14.939962,14.969962,1600000
hardzero_plus_depr__c0p54__z1p05__lam0p030__nu0p50__psi1p00,hardzero_plus_depr,0.02,37,500,0.0,1,0.51182044,0.51182044,0.9921421,0.101825826,0.101825826,1.0,6.4197186e-10,6.3046075e-09,-27.571363,2.1827562,0.72758543,0.216,0.0,0.20513813,14.969962,14.999962,1603200
hardzero_plus_depr__c0p54__z1p05__lam0p030__nu0p50__psi1p00,hardzero_plus_depr,0.02,37,501,0.0,1,0.51182044,0.51182044,1.0379369,0.091635354,0.091635354,1.0,5.6065075e-10,6.1182797e-09,-27.489727,2.2835069,0.76116896,0.104,0.0,0.18318357,14.999962,15.029962,1606400
hardzero_plus_depr__c0p54__z1p05__lam0p030__nu0p50__psi1p00,hardzero_plus_depr,0.02,37,502,0.0,1,0.51182044,0.51182044,0.9942836,0.10132493,0.10132493,1.0,6.016126e-10,5.9374585e-09,-26.216625,2.1874676,0.7291559,0.18400002,0.0,0.18201038,15.029962,15.059961,1609600
hardzero_plus_depr__c0p54__z1p05__lam0p030__nu0p50__psi1p00,hardzero_plus_depr,0.02,37,503,0.0,1,0.51182044,0.51182044,1.1047125,0.0,0.07857557,0.0,0.0,5.761982e-09,-28.745382,2.430416,0.8101387,0.128,0.0,0.19721057,15.059961,15.089961,1612800
hardzero_plus_depr__c0p54__z1p05__lam0p030__nu0p50__psi1p00,hardzero_plus_depr,0.02,37,504,0.0,1,0.51182044,0.51182044,1.0703268,0.0,0.08504978,0.0,0.0,5.591691e-09,-28.240149,2.354766,0.784922,0.064,0.0,0.18370044,15.089961,15.119961,1616000
hardzero_plus_depr__c0p54__z1p05__lam0p030__nu0p50__psi1p00,hardzero_plus_depr,0.02,37,505,0.0,1,0.51182044,0.51182044,0.9872946,0.10296872,0.10296872,1.0,5.587529e-10,5.426433e-09,-27.192581,2.1720915,0.7240305,0.208,0.0,0.18195175,15.119961,15.1499605,1619200
hardzero_plus_depr__c0p54__z1p05__lam0p030__nu0p50__psi1p00,hardzero_plus_depr,0.02,37,506,0.0,1,0.51182044,0.51182044,1.0203121,0.09543066,0.09543066,1.0,5.0254345e-10,5.2660587e-09,-27.669443,2.2447314,0.7482438,0.08800001,0.0,0.18825544,15.1499605,15.17996,1622400
hardzero_plus_depr__c0p54__z1p05__lam0p030__nu0p50__psi1p00,hardzero_plus_depr,0.02,37,507,0.0,1,0.51182044,0.51182044,1.0449206,0.09017361,0.09017361,1.0,4.6082546e-10,5.110425e-09,-27.976406,2.298871,0.76629037,0.099999994,0.0,0.17896312,15.17996,15.20996,1625600
hardzero_plus_depr__c0p54__z1p05__lam0p030__nu0p50__psi1p00,hardzero_plus_depr,0.02,37,508,0.0,1,0.51182044,0.51182044,1.0156703,0.096456096,0.096456096,1.0,4.783634e-10,4.9593902e-09,-27.324896,2.2345192,0.7448398,0.16000001,0.0,0.18400954,15.20996,15.23996,1628800
hardzero_plus_depr__c0p54__z1p05__lam0p030__nu0p50__psi1p00,hardzero_plus_depr,0.02,37,509,0.0,1,0.51182044,0.51182044,1.0074449,0.09830035,0.09830035,1.0,4.7310184e-10,4.8128195e-09,-27.257698,2.216423,0.7388077,0.2,0.0,0.17100686,15.23996,15.269959,1632000
hardzero_plus_depr__c0p54__z1p05__lam0p030__nu0p50__psi1p00,hardzero_plus_depr,0.02,37,510,0.0,1,0.51182044,0.51182044,1.009653,0.09780183,0.09780183,1.0,4.567913e-10,4.6705804e-09,-27.275246,2.2212808,0.74042696,0.216,0.0,0.18853389,15.269959,15.299959,1635200
hardzero_plus_depr__c0p54__z1p05__lam0p030__nu0p50__psi1p00,hardzero_plus_depr,0.02,37,511,0.0,1,0.51182044,0.51182044,1.0886556,0.0,0.081535056,0.0,0.0,4.532545e-09,-28.904993,2.39509,0.7983634,0.128,0.0,0.19490433,15.299959,15.329959,1638400
hardzero_plus_depr__c0p54__z1p05__lam0p030__nu0p50__psi1p00,hardzero_plus_depr,0.02,37,512,0.0,1,0.51182044,0.51182044,1.0334463,0.09258777,0.09258777,1.0,4.0725553e-10,4.398589e-09,-27.215187,2.2736273,0.7578758,0.15200001,0.0,0.17993397,15.329959,15.359959,1641600
hardzero_plus_depr__c0p54__z1p05__lam0p030__nu0p50__psi1p00,hardzero_plus_depr,0.02,37,513,0.0,1,0.51182044,0.51182044,1.0224904,0.09495321,0.09495321,1.0,4.0531656e-10,4.2685926e-09,-26.757946,2.2495236,0.7498412,0.15200001,0.0,0.17427361,15.359959,15.389958,1644800
hardzero_plus_depr__c0p54__z1p05__lam0p030__nu0p50__psi1p00,hardzero_plus_depr,0.02,37,514,0.0,1,0.51182044,0.51182044,1.0405835,0.091078624,0.091078624,1.0,3.7728756e-10,4.142438e-09,-27.55182,2.2893293,0.7631098,0.208,0.0,0.1957475,15.389958,15.419958,1648000
hardzero_plus_depr__c0p54__z1p05__lam0p030__nu0p50__psi1p00,hardzero_plus_depr,0.02,37,515,0.0,1,0.51182044,0.51182044,1.0588657,0.0,0.08732414,0.0,0.0,4.020011e-09,-27.963562,2.329551,0.77651703,0.104,0.0,0.17499208,15.419958,15.449958,1651200
hardzero_plus_depr__c0p54__z1p05__lam0p030__nu0p50__psi1p00,hardzero_plus_depr,0.02,37,516,0.0,1,0.51182044,0.51182044,1.0389067,0.091430955,0.091430955,1.0,3.566907e-10,3.901203e-09,-27.544897,2.2856405,0.76188016,0.15200001,0.0,0.18942815,15.449958,15.479958,1654400
hardzero_plus_depr__c0p54__z1p05__lam0p030__nu0p50__psi1p00,hardzero_plus_depr,0.02,37,517,0.0,1,0.51182044,0.51182044,1.0227084,0.09490554,0.09490554,1.0,3.5930348e-10,3.7859063e-09,-27.362278,2.2500033,0.75000113,0.15200001,0.0,0.18878101,15.479958,15.509957,1657600
hardzero_plus_depr__c0p54__z1p05__lam0p030__nu0p50__psi1p00,hardzero_plus_depr,0.02,37,518,0.0,1,0.51182044,0.51182044,1.0143001,0.09676089,0.09676089,1.0,3.5550113e-10,3.6740166e-09,-27.051184,2.2315047,0.7438349,0.23200001,0.0,0.18212542,15.509957,15.539957,1660800
hardzero_plus_depr__c0p54__z1p05__lam0p030__nu0p50__psi1p00,hardzero_plus_depr,0.02,37,519,0.0,1,0.51182044,0.51182044,1.0080773,0.098157324,0.098157324,1.0,3.4997344e-10,3.5654337e-09,-26.482723,2.2178142,0.7392714,0.18400002,0.0,0.17314588,15.539957,15.569957,1664000
hardzero_plus_depr__c0p54__z1p05__lam0p030__nu0p50__psi1p00,hardzero_plus_depr,0.02,37,520,0.0,1,0.51182044,0.51182044,1.0137279,0.09688846,0.09688846,1.0,3.3523992e-10,3.4600605e-09,-26.686764,2.2302458,0.7434153,0.14,0.0,0.16246776,15.569957,15.5999565,1667200
hardzero_plus_depr__c0p54__z1p05__lam0p030__nu0p50__psi1p00,hardzero_plus_depr,0.02,37,521,0.0,1,0.51182044,0.51182044,1.0190268,0.095713496,0.095713496,1.0,3.213869e-10,3.3578011e-09,-26.62021,2.2419035,0.7473012,0.16800001,0.0,0.20839396,15.5999565,15.629956,1670400
hardzero_plus_depr__c0p54__z1p05__lam0p030__nu0p50__psi1p00,hardzero_plus_depr,0.02,37,522,0.0,1,0.51182044,0.51182044,1.0527842,0.0,0.08855555,0.0,0.0,3.258564e-09,-28.255007,2.3161714,0.7720572,0.112,0.0,0.17852814,15.629956,15.659956,1673600
hardzero_plus_depr__c0p54__z1p05__lam0p030__nu0p50__psi1p00,hardzero_plus_depr,0.02,37,523,0.0,1,0.51182044,0.51182044,1.003121,0.09928393,0.09928393,1.0,3.1396158e-10,3.1622596e-09,-26.400375,2.2069104,0.73563683,0.16800001,0.0,0.18068205,15.659956,15.689956,1676800
hardzero_plus_depr__c0p54__z1p05__lam0p030__nu0p50__psi1p00,hardzero_plus_depr,0.02,37,524,0.0,1,0.51182044,0.51182044,0.9947025,0.10122727,0.10122727,1.0,3.106464e-10,3.0688017e-09,-26.891172,2.1883893,0.7294631,0.17600001,0.0,0.18097618,15.689956,15.719955,1680000
hardzero_plus_depr__c0p54__z1p05__lam0p030__nu0p50__psi1p00,hardzero_plus_depr,0.02,37,525,0.0,1,0.51182044,0.51182044,1.0032005,0.099265754,0.099265754,1.0,2.9562386e-10,2.9781053e-09,-27.369068,2.2070851,0.73569506,0.2,0.0,0.1741933,15.719955,15.749955,1683200
hardzero_plus_depr__c0p54__z1p05__lam0p030__nu0p50__psi1p00,hardzero_plus_depr,0.02,37,526,0.0,1,0.51182044,0.51182044,1.0188091,0.0957615,0.0957615,1.0,2.7675934e-10,2.89009e-09,-26.910711,2.2414248,0.7471416,0.17600001,0.0,0.1843957,15.749955,15.779955,1686400
hardzero_plus_depr__c0p54__z1p05__lam0p030__nu0p50__psi1p00,hardzero_plus_depr,0.02,37,527,0.0,1,0.51182044,0.51182044,1.119559,0.0,0.07593482,0.0,0.0,2.8046756e-09,-29.690897,2.4630792,0.82102644,0.120000005,0.0,0.19978994,15.779955,15.809955,1689600
hardzero_plus_depr__c0p54__z1p05__lam0p030__nu0p50__psi1p00,hardzero_plus_depr,0.02,37,528,0.0,1,0.51182044,0.51182044,1.0438178,0.090402864,0.090402864,1.0,2.4605723e-10,2.721786e-09,-27.814861,2.296445,0.76548165,0.120000005,0.0,0.22207889,15.809955,15.839954,1692800
hardzero_plus_depr__c0p54__z1p05__lam0p030__nu0p50__psi1p00,hardzero_plus_depr,0.02,37,529,0.0,1,0.51182044,0.51182044,1.018332,0.09586674,0.09586674,1.0,2.532172e-10,2.6413456e-09,-27.426481,2.240375,0.7467917,0.192,0.0,0.17861441,15.839954,15.869954,1696000
hardzero_plus_depr__c0p54__z1p05__lam0p030__nu0p50__psi1p00,hardzero_plus_depr,0.02,37,530,0.0,1,0.51182044,0.51182044,1.050511,0.0,0.08902029,0.0,0.0,2.5632825e-09,-27.71588,2.3111703,0.77039015,0.128,0.0,0.17910622,15.869954,15.899954,1699200
hardzero_plus_depr__c0p54__z1p05__lam0p030__nu0p50__psi1p00,hardzero_plus_depr,0.02,37,531,0.0,1,0.51182044,0.51182044,1.0771395,0.0,0.08372603,0.0,0.0,2.4875269e-09,-27.298256,2.3697543,0.7899181,0.128,0.0,0.19368333,15.899954,15.929954,1702400
hardzero_plus_depr__c0p54__z1p05__lam0p030__nu0p50__psi1p00,hardzero_plus_depr,0.02,37,532,0.0,1,0.51182044,0.51182044,1.05295,0.0,0.08852174,0.0,0.0,2.4140099e-09,-26.804718,2.3165364,0.7721788,0.17600001,0.0,0.17104694,15.929954,15.959953,1705600
hardzero_plus_depr__c0p54__z1p05__lam0p030__nu0p50__psi1p00,hardzero_plus_depr,0.02,37,533,0.0,1,0.51182044,0.51182044,1.0826893,0.0,0.08266291,0.0,0.0,2.3426658e-09,-28.920744,2.381964,0.793988,0.11,0.0,0.17827009,15.959953,15.989953,1708800
hardzero_plus_depr__c0p54__z1p05__lam0p030__nu0p50__psi1p00,hardzero_plus_depr,0.02,37,534,0.0,1,0.51182044,0.51182044,1.0076023,0.09826473,0.09826473,1.0,2.23398e-10,2.27343e-09,-26.938362,2.2167695,0.7389232,0.128,0.0,0.15976286,15.989953,16.019953,1712000
hardzero_plus_depr__c0p54__z1p05__lam0p030__nu0p50__psi1p00,hardzero_plus_depr,0.02,37,535,0.0,1,0.51182044,0.51182044,1.0066813,0.098473355,0.098473355,1.0,2.1725594e-10,2.2062407e-09,-27.089231,2.2147431,0.73824775,0.24000001,0.0,0.17229782,16.019953,16.049953,1715200
hardzero_plus_depr__c0p54__z1p05__lam0p030__nu0p50__psi1p00,hardzero_plus_depr,0.02,37,536,0.0,1,0.51182044,0.51182044,0.9842208,0.103700094,0.103700094,1.0,2.2202552e-10,2.141035e-09,-25.988964,2.165329,0.72177637,0.18400002,0.0,0.19305418,16.049953,16.079954,1718400
hardzero_plus_depr__c0p54__z1p05__lam0p030__nu0p50__psi1p00,hardzero_plus_depr,0.02,37,537,0.0,1,0.51182044,0.51182044,1.0858235,0.0,0.08206848,0.0,0.0,2.0777564e-09,-28.307312,2.3888595,0.7962865,0.096,0.0,0.18849556,16.079954,16.109955,1721600
hardzero_plus_depr__c0p54__z1p05__lam0p030__nu0p50__psi1p00,hardzero_plus_depr,0.02,37,538,0.0,1,0.51182044,0.51182044,0.99163836,0.10194399,0.10194399,1.0,2.0555459e-10,2.0163482e-09,-26.07768,2.181648,0.727216,0.16800001,0.008,0.1683388,16.109955,16.139956,1724800
hardzero_plus_depr__c0p54__z1p05__lam0p030__nu0p50__psi1p00,hardzero_plus_depr,0.02,37,539,0.0,1,0.51182044,0.51182044,1.0438516,0.090395816,0.090395816,1.0,1.7688243e-10,1.9567545e-09,-27.442171,2.2965193,0.76550645,0.136,0.0,0.18776451,16.139956,16.169956,1728000
hardzero_plus_depr__c0p54__z1p05__lam0p030__nu0p50__psi1p00,hardzero_plus_depr,0.02,37,540,0.0,1,0.51182044,0.51182044,0.9709844,0.10690932,0.10690932,1.0,2.0301252e-10,1.8989226e-09,-26.112215,2.1362083,0.71206945,0.17600001,0.0,0.17066512,16.169956,16.199957,1731200
hardzero_plus_depr__c0p54__z1p05__lam0p030__nu0p50__psi1p00,hardzero_plus_depr,0.02,37,541,0.0,1,0.51182044,0.51182044,1.0879802,0.0,0.081661955,0.0,0.0,1.8427995e-09,-28.857357,2.393604,0.797868,0.16000001,0.008,0.21339053,16.199957,16.229958,1734400
hardzero_plus_depr__c0p54__z1p05__lam0p030__nu0p50__psi1p00,hardzero_plus_depr,0.02,37,542,0.0,1,0.51182044,0.51182044,1.0582492,0.0,0.08744817,0.0,0.0,1.7883354e-09,-27.675682,2.3281949,0.776065,0.18400002,0.0,0.20384537,16.229958,16.259958,1737600
hardzero_plus_depr__c0p54__z1p05__lam0p030__nu0p50__psi1p00,hardzero_plus_depr,0.02,37,543,0.0,1,0.51182044,0.51182044,1.0704085,0.0,0.08503378,0.0,0.0,1.735481e-09,-27.882362,2.3549457,0.7849819,0.136,0.0,0.21016002,16.259958,16.289959,1740800
hardzero_plus_depr__c0p54__z1p05__lam0p030__nu0p50__psi1p00,hardzero_plus_depr,0.02,37,544,0.0,1,0.51182044,0.51182044,1.0083014,0.098106675,0.098106675,1.0,1.6523014e-10,1.6841885e-09,-27.765547,2.2183073,0.7394358,0.17600001,0.0,0.20806825,16.289959,16.31996,1744000
hardzero_plus_depr__c0p54__z1p05__lam0p030__nu0p50__psi1p00,hardzero_plus_depr,0.02,37,545,0.0,1,0.51182044,0.51182044,1.0503827,0.0,0.08904659,0.0,0.0,1.6344119e-09,-27.756998,2.310888,0.77029604,0.096,0.0,0.19245195,16.31996,16.34996,1747200
hardzero_plus_depr__c0p54__z1p05__lam0p030__nu0p50__psi1p00,hardzero_plus_depr,0.02,37,546,0.0,1,0.51182044,0.51182044,1.0234188,0.09475042,0.09475042,1.0,1.5028429e-10,1.5861068e-09,-26.798607,2.2515664,0.75052214,0.13,0.0,0.1804151,16.34996,16.379961,1750400
hardzero_plus_depr__c0p54__z1p05__lam0p030__nu0p50__psi1p00,hardzero_plus_depr,0.02,37,547,0.0,1,0.51182044,0.51182044,1.0813249,0.0,0.08292301,0.0,0.0,1.5392294e-09,-28.301445,2.3789623,0.79298747,0.128,0.0,0.19430664,16.379961,16.409962,1753600
hardzero_plus_depr__c0p54__z1p05__lam0p030__nu0p50__psi1p00,hardzero_plus_depr,0.02,37,548,0.0,1,0.51182044,0.51182044,1.032453,0.092799805,0.092799805,1.0,1.3861852e-10,1.4937371e-09,-27.037682,2.271442,0.7571473,0.16000001,0.0,0.17627549,16.409962,16.439962,1756800
hardzero_plus_depr__c0p54__z1p05__lam0p030__nu0p50__psi1p00,hardzero_plus_depr,0.02,37,549,0.0,1,0.51182044,0.51182044,1.0182368,0.095887765,0.095887765,1.0,1.389979e-10,1.4495896e-09,-27.425358,2.2401657,0.7467219,0.14400001,0.0,0.18010597,16.439962,16.469963,1760000
hardzero_plus_depr__c0p54__z1p05__lam0p030__nu0p50__psi1p00,hardzero_plus_depr,0.02,37,550,0.0,1,0.51182044,0.51182044,1.0481292,0.08950985,0.08950985,1.0,1.2591769e-10,1.4067467e-09,-28.440512,2.3059304,0.7686435,0.15200001,0.0,0.21897934,16.469963,16.499964,1763200
hardzero_plus_depr__c0p54__z1p05__lam0p030__nu0p50__psi1p00,hardzero_plus_depr,0.02,37,551,0.0,1,0.51182044,0.51182044,0.9826047,0.1040867,0.1040867,1.0,1.4209604e-10,1.3651701e-09,-26.543512,2.1617734,0.7205912,0.18400002,0.0,0.19249508,16.499964,16.529964,1766400
hardzero_plus_depr__c0p54__z1p05__lam0p030__nu0p50__psi1p00,hardzero_plus_depr,0.02,37,552,0.0,1,0.51182044,0.51182044,1.052291,0.0,0.08865617,0.0,0.0,1.3248224e-09,-28.485004,2.3150866,0.77169555,0.17600001,0.0,0.17666088,16.529964,16.559965,1769600
hardzero_plus_depr__c0p54__z1p05__lam0p030__nu0p50__psi1p00,hardzero_plus_depr,0.02,37,553,0.0,1,0.51182044,0.51182044,1.0646814,0.0,0.08616257,0.0,0.0,1.2856669e-09,-27.518393,2.342346,0.780782,0.104,0.0,0.16960983,16.559965,16.589966,1772800
hardzero_plus_depr__c0p54__z1p05__lam0p030__nu0p50__psi1p00,hardzero_plus_depr,0.02,37,554,0.0,1,0.51182044,0.51182044,1.067755,0.0,0.08555493,0.0,0.0,1.247669e-09,-27.93087,2.3491077,0.78303593,0.136,0.0,0.21183932,16.589966,16.619967,1776000
hardzero_plus_depr__c0p54__z1p05__lam0p030__nu0p50__psi1p00,hardzero_plus_depr,0.02,37,555,0.0,1,0.51182044,0.51182044,1.0145311,0.09670944,0.09670944,1.0,1.170952e-10,1.2107939e-09,-27.039743,2.232013,0.74400437,0.23200001,0.0,0.18426831,16.619967,16.649967,1779200
hardzero_plus_depr__c0p54__z1p05__lam0p030__nu0p50__psi1p00,hardzero_plus_depr,0.02,37,556,0.0,1,0.51182044,0.51182044,0.99821657,0.1004115,0.1004115,1.0,1.1798439e-10,1.1750088e-09,-26.898657,2.1961203,0.7320401,0.2,0.0,0.17402916,16.649967,16.679968,1782400
hardzero_plus_depr__c0p54__z1p05__lam0p030__nu0p50__psi1p00,hardzero_plus_depr,0.02,37,557,0.0,1,0.51182044,0.51182044,1.0337354,0.09252616,0.09252616,1.0,1.05505854e-10,1.1402813e-09,-27.379166,2.2742634,0.7580878,0.136,0.0,0.17141147,16.679968,16.709969,1785600
hardzero_plus_depr__c0p54__z1p05__lam0p030__nu0p50__psi1p00,hardzero_plus_depr,0.02,37,558,0.0,1,0.51182044,0.51182044,1.0757602,0.0,0.083992355,0.0,0.0,1.1065802e-09,-28.657959,2.3667197,0.7889066,0.128,0.0,0.23195806,16.709969,16.73997,1788800
hardzero_plus_depr__c0p54__z1p05__lam0p030__nu0p50__psi1p00,hardzero_plus_depr,0.02,37,559,0.0,1,0.51182044,0.51182044,1.0817282,0.0,0.08284604,0.0,0.0,1.073875e-09,-28.656456,2.3798497,0.7932832,0.16,0.0,0.20208918,16.73997,16.76997,1792000
hardzero_plus_depr__c0p54__z1p05__lam0p030__nu0p50__psi1p00,hardzero_plus_depr,0.02,37,560,0.0,1,0.51182044,0.51182044,1.0386475,0.09148554,0.09148554,1.0,9.5340416e-11,1.0421365e-09,-27.834888,2.2850702,0.7616901,0.16000001,0.0,0.19051562,16.76997,16.79997,1795200
hardzero_plus_depr__c0p54__z1p05__lam0p030__nu0p50__psi1p00,hardzero_plus_depr,0.02,37,561,0.0,1,0.51182044,0.51182044,1.0084873,0.098064676,0.098064676,1.0,9.917634e-11,1.011336e-09,-28.017097,2.2187164,0.73957217,0.15200001,0.0,0.18653445,16.79997,16.829971,1798400
hardzero_plus_depr__c0p54__z1p05__lam0p030__nu0p50__psi1p00,hardzero_plus_depr,0.02,37,562,0.0,1,0.51182044,0.51182044,1.0773003,0.0,0.08369504,0.0,0.0,9.814458e-10,-28.674995,2.370108,0.79003596,0.136,0.0,0.1945182,16.829971,16.859972,1801600
hardzero_plus_depr__c0p54__z1p05__lam0p030__nu0p50__psi1p00,hardzero_plus_depr,0.02,37,563,0.0,1,0.51182044,0.51182044,1.0003932,0.099909514,0.099909514,1.0,9.515773e-11,9.524391e-10,-28.03438,2.200909,0.7336363,0.16000001,0.0,0.17647164,16.859972,16.889973,1804800
hardzero_plus_depr__c0p54__z1p05__lam0p030__nu0p50__psi1p00,hardzero_plus_depr,0.02,37,564,0.0,1,0.51182044,0.51182044,1.0595032,0.0,0.08719603,0.0,0.0,9.242896e-10,-27.458166,2.3309536,0.7769846,0.112,0.0,0.18175603,16.889973,16.919973,1808000
hardzero_plus_depr__c0p54__z1p05__lam0p030__nu0p50__psi1p00,hardzero_plus_depr,0.02,37,565,0.0,1,0.51182044,0.51182044,1.081297,0.0,0.08292833,0.0,0.0,8.9697205e-10,-28.42265,2.378901,0.792967,0.056,0.0,0.22392125,16.919973,16.949974,1811200
hardzero_plus_depr__c0p54__z1p05__lam0p030__nu0p50__psi1p00,hardzero_plus_depr,0.02,37,566,0.0,1,0.51182044,0.51182044,0.99086887,0.10212477,0.10212477,1.0,8.8895724e-11,8.704619e-10,-26.17525,2.179955,0.72665167,0.16800001,0.0,0.17612344,16.949974,16.979975,1814400
hardzero_plus_depr__c0p54__z1p05__lam0p030__nu0p50__psi1p00,hardzero_plus_depr,0.02,37,567,0.0,1,0.51182044,0.51182044,1.035444,0.09216287,0.09216287,1.0,7.785323e-11,8.4473534e-10,-27.165384,2.2780223,0.75934076,0.15200001,0.0,0.18280569,16.979975,17.009975,1817600
hardzero_plus_depr__c0p54__z1p05__lam0p030__nu0p50__psi1p00,hardzero_plus_depr,0.02,37,568,0.0,1,0.51182044,0.51182044,1.0624381,0.0,0.086608775,0.0,0.0,8.1976903e-10,-27.81882,2.3374104,0.77913684,0.14400001,0.0,0.20542131,17.009975,17.039976,1820800
hardzero_plus_depr__c0p54__z1p05__lam0p030__nu0p50__psi1p00,hardzero_plus_depr,0.02,37,569,0.0,1,0.51182044,0.51182044,1.0289553,0.09355019,0.09355019,1.0,7.442298e-11,7.955407e-10,-27.004803,2.263747,0.75458235,0.18400002,0.0,0.19884832,17.039976,17.069977,1824000
hardzero_plus_depr__c0p54__z1p05__lam0p030__nu0p50__psi1p00,hardzero_plus_depr,0.02,37,570,0.0,1,0.51182044,0.51182044,0.98970205,0.10239952,0.10239952,1.0,7.905533e-11,7.7202833e-10,-26.09597,2.177388,0.725796,0.16000001,0.0,0.16396223,17.069977,17.099977,1827200
hardzero_plus_depr__c0p54__z1p05__lam0p030__nu0p50__psi1p00,hardzero_plus_depr,0.02,37,571,0.0,1,0.51182044,0.51182044,1.0338259,0.092506886,0.092506886,1.0,6.930717e-11,7.4921097e-10,-26.762106,2.2744622,0.7581541,0.18400002,0.0,0.18569085,17.099977,17.129978,1830400
hardzero_plus_depr__c0p54__z1p05__lam0p030__nu0p50__psi1p00,hardzero_plus_depr,0.02,37,572,0.0,1,0.51182044,0.51182044,1.0297141,0.09338688,0.09338688,1.0,6.789861e-11,7.2706796e-10,-27.424091,2.2654161,0.75513875,0.12,0.0,0.17813416,17.129978,17.159979,1833600
hardzero_plus_depr__c0p54__z1p05__lam0p030__nu0p50__psi1p00,hardzero_plus_depr,0.02,37,573,0.0,1,0.51182044,0.51182044,0.97644895,0.10557256,0.10557256,1.0,7.448982e-11,7.055794e-10,-26.706978,2.1482306,0.71607685,0.18400002,0.0,0.17549288,17.159979,17.18998,1836800
hardzero_plus_depr__c0p54__z1p05__lam0p030__nu0p50__psi1p00,hardzero_plus_depr,0.02,37,574,0.0,1,0.51182044,0.51182044,1.0210778,0.09526257,0.09526257,1.0,6.5228746e-11,6.847259e-10,-26.449795,2.2464159,0.7488053,0.16000001,0.0,0.2060697,17.18998,17.21998,1840000
hardzero_plus_depr__c0p54__z1p05__lam0p030__nu0p50__psi1p00,hardzero_plus_depr,0.02,37,575,0.0,1,0.51182044,0.51182044,1.0568736,0.0,0.08772562,0.0,0.0,6.644887e-10,-28.025507,2.3251684,0.7750561,0.136,0.0,0.19567432,17.21998,17.24998,1843200
hardzero_plus_depr__c0p54__z1p05__lam0p030__nu0p50__psi1p00,hardzero_plus_depr,0.02,37,576,0.0,1,0.51182044,0.51182044,1.0236771,0.09469409,0.09469409,1.0,6.106345e-11,6.448496e-10,-27.822676,2.2521346,0.75071156,0.192,0.0,0.18758982,17.24998,17.279982,1846400
hardzero_plus_depr__c0p54__z1p05__lam0p030__nu0p50__psi1p00,hardzero_plus_depr,0.02,37,577,0.0,1,0.51182044,0.51182044,1.0157573,0.096436776,0.096436776,1.0,6.034927e-11,6.25791e-10,-26.90393,2.2347107,0.74490356,0.216,0.0,0.1951738,17.279982,17.309982,1849600
hardzero_plus_depr__c0p54__z1p05__lam0p030__nu0p50__psi1p00,hardzero_plus_depr,0.02,37,578,0.0,1,0.51182044,0.51182044,1.0625932,0.0,0.08657785,0.0,0.0,6.0729566e-10,-28.210539,2.3377519,0.7792506,0.16000001,0.0,0.20504008,17.309982,17.339983,1852800
hardzero_plus_depr__c0p54__z1p05__lam0p030__nu0p50__psi1p00,hardzero_plus_depr,0.02,37,579,0.0,1,0.51182044,0.51182044,1.011159,0.09746329,0.09746329,1.0,5.7439692e-11,5.8934696e-10,-27.138653,2.224594,0.7415314,0.192,0.0,0.20335217,17.339983,17.369984,1856000
hardzero_plus_depr__c0p54__z1p05__lam0p030__nu0p50__psi1p00,hardzero_plus_depr,0.02,37,580,0.0,1,0.51182044,0.51182044,1.021212,0.09523312,0.09523312,1.0,5.4466556e-11,5.719287e-10,-27.386574,2.2467113,0.74890375,0.16800001,0.0,0.18165332,17.369984,17.399984,1859200
hardzero_plus_depr__c0p54__z1p05__lam0p030__nu0p50__psi1p00,hardzero_plus_depr,0.02,37,581,0.0,1,0.51182044,0.51182044,1.0751152,0.0,0.084117204,0.0,0.0,5.550253e-10,-28.189203,2.3653007,0.78843355,0.14400001,0.0,0.20022787,17.399984,17.429985,1862400
hardzero_plus_depr__c0p54__z1p05__lam0p030__nu0p50__psi1p00,hardzero_plus_depr,0.02,37,582,0.0,1,0.51182044,0.51182044,1.0672787,0.0,0.08564879,0.0,0.0,5.386214e-10,-26.888912,2.3480601,0.7826867,0.18400002,0.0,0.1829873,17.429985,17.459986,1865600
hardzero_plus_depr__c0p54__z1p05__lam0p030__nu0p50__psi1p00,hardzero_plus_depr,0.02,37,583,0.0,1,0.51182044,0.51182044,1.0232917,0.09477817,0.09477817,1.0,4.954078e-11,5.2270244e-10,-27.585709,2.2512867,0.7504289,0.17600001,0.0,0.20174259,17.459986,17.489986,1868800
hardzero_plus_depr__c0p54__z1p05__lam0p030__nu0p50__psi1p00,hardzero_plus_depr,0.02,37,584,0.0,1,0.51182044,0.51182044,1.0288011,0.09358343,0.09358343,1.0,4.747056e-11,5.072539e-10,-27.350641,2.2634077,0.7544693,0.16000001,0.0,0.1666994,17.489986,17.519987,1872000
hardzero_plus_depr__c0p54__z1p05__lam0p030__nu0p50__psi1p00,hardzero_plus_depr,0.02,37,585,0.0,1,0.51182044,0.51182044,1.0969942,0.0,0.07998449,0.0,0.0,4.9226195e-10,-29.014557,2.4134352,0.8044784,0.089999996,0.0,0.20711793,17.519987,17.549988,1875200
hardzero_plus_depr__c0p54__z1p05__lam0p030__nu0p50__psi1p00,hardzero_plus_depr,0.02,37,586,0.0,1,0.51182044,0.51182044,1.0570481,0.0,0.08769037,0.0,0.0,4.777131e-10,-27.926641,2.3255522,0.7751841,0.14400001,0.0,0.18113787,17.549988,17.579988,1878400
hardzero_plus_depr__c0p54__z1p05__lam0p030__nu0p50__psi1p00,hardzero_plus_depr,0.02,37,587,0.0,1,0.51182044,0.51182044,1.0485009,0.08943327,0.08943327,1.0,4.1460745e-11,4.635942e-10,-27.832235,2.3067482,0.7689161,0.17600001,0.0,0.19605933,17.579988,17.60999,1881600
hardzero_plus_depr__c0p54__z1p05__lam0p030__nu0p50__psi1p00,hardzero_plus_depr,0.02,37,588,0.0,1,0.51182044,0.51182044,0.97124547,0.10684508,0.10684508,1.0,4.8068813e-11,4.4989262e-10,-26.088226,2.1367826,0.7122609,0.216,0.0,0.17024755,17.60999,17.63999,1884800
hardzero_plus_depr__c0p54__z1p05__lam0p030__nu0p50__psi1p00,hardzero_plus_depr,0.02,37,589,0.0,1,0.51182044,0.51182044,1.0858197,0.0,0.0820692,0.0,0.0,4.3659598e-10,-28.557367,2.3888512,0.7962837,0.120000005,0.0,0.21265413,17.63999,17.66999,1888000
hardzero_plus_depr__c0p54__z1p05__lam0p030__nu0p50__psi1p00,hardzero_plus_depr,0.02,37,590,0.0,1,0.51182044,0.51182044,1.0675653,0.0,0.0855923,0.0,0.0,4.2369233e-10,-29.040873,2.3486905,0.7828969,0.15200001,0.008,0.21212462,17.66999,17.699991,1891200
hardzero_plus_depr__c0p54__z1p05__lam0p030__nu0p50__psi1p00,hardzero_plus_depr,0.02,37,591,0.0,1,0.51182044,0.51182044,1.0531769,0.0,0.08847551,0.0,0.0,4.1117004e-10,-27.560362,2.3170354,0.7723452,0.16000001,0.0,0.18223901,17.699991,17.729992,1894400
hardzero_plus_depr__c0p54__z1p05__lam0p030__nu0p50__psi1p00,hardzero_plus_depr,0.02,37,592,0.0,1,0.51182044,0.51182044,1.0173541,0.096082844,0.096082844,1.0,3.8338773e-11,3.9901787e-10,-26.78188,2.2382238,0.7460746,0.112,0.0,0.18425621,17.729992,17.759993,1897600
hardzero_plus_depr__c0p54__z1p05__lam0p030__nu0p50__psi1p00,hardzero_plus_depr,0.02,37,593,0.0,1,0.51182044,0.51182044,1.0238522,0.09465591,0.09465591,1.0,3.6653115e-11,3.872248e-10,-27.22997,2.2525198,0.75083995,0.15200001,0.0,0.17643012,17.759993,17.789993,1900800
hardzero_plus_depr__c0p54__z1p05__lam0p030__nu0p50__psi1p00,hardzero_plus_depr,0.02,37,594,0.0,1,0.51182044,0.51182044,1.0071255,0.09837268,0.09837268,1.0,3.696652e-11,3.7578035e-10,-26.943172,2.2157204,0.7385735,0.136,0.0,0.18013996,17.789993,17.819994,1904000
hardzero_plus_depr__c0p54__z1p05__lam0p030__nu0p50__psi1p00,hardzero_plus_depr,0.02,37,595,0.0,1,0.51182044,0.51182044,1.1125582,0.0,0.07716881,0.0,0.0,3.6467412e-10,-28.851145,2.447677,0.81589234,0.16000001,0.0,0.20639367,17.819994,17.849995,1907200
hardzero_plus_depr__c0p54__z1p05__lam0p030__nu0p50__psi1p00,hardzero_plus_depr,0.02,37,596,0.0,1,0.51182044,0.51182044,1.027365,0.09389339,0.09389339,1.0,3.3228507e-11,3.5389613e-10,-27.02202,2.260248,0.753416,0.128,0.0,0.16916054,17.849995,17.879995,1910400
hardzero_plus_depr__c0p54__z1p05__lam0p030__nu0p50__psi1p00,hardzero_plus_depr,0.02,37,597,0.0,1,0.51182044,0.51182044,1.0310482,0.093100466,0.093100466,1.0,3.1974114e-11,3.4343667e-10,-27.755077,2.2683513,0.7561171,0.080000006,0.0,0.18053097,17.879995,17.909996,1913600
hardzero_plus_depr__c0p54__z1p05__lam0p030__nu0p50__psi1p00,hardzero_plus_depr,0.02,37,598,0.0,1,0.51182044,0.51182044,0.96036595,0.10955545,0.10955545,1.0,3.6513337e-11,3.3328634e-10,-26.205385,2.1128473,0.70428246,0.24,0.0,0.17246632,17.909996,17.939997,1916800
hardzero_plus_depr__c0p54__z1p05__lam0p030__nu0p50__psi1p00,hardzero_plus_depr,0.02,37,599,0.0,1,0.51182044,0.51182044,1.0372933,0.09177127,0.09177127,1.0,2.9682135e-11,3.2343606e-10,-28.117718,2.282091,0.760697,0.18400002,0.0,0.19878434,17.939997,17.969997,1920000
hardzero_plus_depr__c0p54__z1p05__lam0p030__nu0p50__psi1p00,hardzero_plus_depr,0.02,37,600,0.0,1,0.51182044,0.51182044,1.0804538,0.0,0.08308951,0.0,0.0,3.1387684e-10,-27.958897,2.3770456,0.79234856,0.17600001,0.0,0.19994022,17.969997,17.999998,1923200
hardzero_plus_depr__c0p54__z1p05__lam0p030__nu0p50__psi1p00,hardzero_plus_depr,0.02,37,601,0.0,1,0.51182044,0.51182044,1.040693,0.09105566,0.09105566,1.0,2.773557e-11,3.0460018e-10,-26.90713,2.2895703,0.76319015,0.17600001,0.0,0.1756361,17.999998,18.029999,1926400
hardzero_plus_depr__c0p54__z1p05__lam0p030__nu0p50__psi1p00,hardzero_plus_depr,0.02,37,602,0.0,1,0.51182044,0.51182044,0.9868246,0.10308024,0.10308024,1.0,3.047028e-11,2.9559766e-10,-26.800585,2.1710575,0.72368586,0.16000001,0.0,0.15928635,18.029999,18.06,1929600
hardzero_plus_depr__c0p54__z1p05__lam0p030__nu0p50__psi1p00,hardzero_plus_depr,0.02,37,603,0.0,1,0.51182044,0.51182044,0.9819551,0.10424251,0.10424251,1.0,2.990314e-11,2.8686126e-10,-26.334713,2.1603444,0.7201148,0.18400002,0.0,0.16087121,18.06,18.09,1932800
hardzero_plus_depr__c0p54__z1p05__lam0p030__nu0p50__psi1p00,hardzero_plus_depr,0.02,37,604,0.0,1,0.51182044,0.51182044,0.95782167,0.11019916,0.11019916,1.0,3.067758e-11,2.7838304e-10,-26.146662,2.1072497,0.7024166,0.17600001,0.0,0.20119973,18.09,18.12,1936000
hardzero_plus_depr__c0p54__z1p05__lam0p030__nu0p50__psi1p00,hardzero_plus_depr,0.02,37,605,0.0,1,0.51182044,0.51182044,1.0304106,0.09323723,0.09323723,1.0,2.5188539e-11,2.7015537e-10,-27.518642,2.2669487,0.75564957,0.15200001,0.0,0.18951663,18.12,18.150002,1939200
hardzero_plus_depr__c0p54__z1p05__lam0p030__nu0p50__psi1p00,hardzero_plus_depr,0.02,37,606,0.0,1,0.51182044,0.51182044,0.9724612,0.10654639,0.10654639,1.0,2.7933362e-11,2.621709e-10,-27.199793,2.1394575,0.7131525,0.16000001,0.0,0.20332731,18.150002,18.180002,1942400
hardzero_plus_depr__c0p54__z1p05__lam0p030__nu0p50__psi1p00,hardzero_plus_depr,0.02,37,607,0.0,1,0.51182044,0.51182044,1.0885938,0.0,0.081546664,0.0,0.0,2.5442237e-10,-28.582588,2.3949542,0.7983181,0.112,0.0,0.19502221,18.180002,18.210003,1945600
hardzero_plus_depr__c0p54__z1p05__lam0p030__nu0p50__psi1p00,hardzero_plus_depr,0.02,37,608,0.0,1,0.51182044,0.51182044,0.9973043,0.100622624,0.100622624,1.0,2.484402e-11,2.4690291e-10,-25.769712,2.1941133,0.7313711,0.16800001,0.0,0.16501676,18.210003,18.240004,1948800
hardzero_plus_depr__c0p54__z1p05__lam0p030__nu0p50__psi1p00,hardzero_plus_depr,0.02,37,609,0.0,1,0.51182044,0.51182044,1.081551,0.0,0.08287986,0.0,0.0,2.3960567e-10,-28.812243,2.3794596,0.7931532,0.16800001,0.0,0.23351096,18.240004,18.270004,1952000
hardzero_plus_depr__c0p54__z1p05__lam0p030__nu0p50__psi1p00,hardzero_plus_depr,0.02,37,610,0.0,1,0.51182044,0.51182044,0.9847711,0.10356879,0.10356879,1.0,2.4082236e-11,2.3252407e-10,-26.074373,2.1665397,0.7221799,0.192,0.0,0.16191608,18.270004,18.300005,1955200
hardzero_plus_depr__c0p54__z1p05__lam0p030__nu0p50__psi1p00,hardzero_plus_depr,0.02,37,611,0.0,1,0.51182044,0.51182044,1.0445579,0.090248935,0.090248935,1.0,2.0364837e-11,2.2565182e-10,-27.357504,2.2980733,0.7660245,0.11,0.0,0.16969807,18.300005,18.330006,1958400
hardzero_plus_depr__c0p54__z1p05__lam0p030__nu0p50__psi1p00,hardzero_plus_depr,0.02,37,612,0.0,1,0.51182044,0.51182044,0.9919736,0.10186532,0.10186532,1.0,2.2306736e-11,2.1898264e-10,-27.06278,2.1823854,0.7274618,0.17600001,0.0,0.1830952,18.330006,18.360006,1961600
hardzero_plus_depr__c0p54__z1p05__lam0p030__nu0p50__psi1p00,hardzero_plus_depr,0.02,37,613,0.0,1,0.51182044,0.51182044,0.94562465,0.11333794,0.11333794,1.0,2.4085511e-11,2.1251058e-10,-25.638615,2.0804157,0.6934719,0.216,0.0,0.18225391,18.360006,18.390007,1964800
hardzero_plus_depr__c0p54__z1p05__lam0p030__nu0p50__psi1p00,hardzero_plus_depr,0.02,37,614,0.0,1,0.51182044,0.51182044,1.0379617,0.091630116,0.091630116,1.0,1.889686e-11,2.062298e-10,-26.701239,2.2835615,0.7611872,0.15200001,0.0,0.18673299,18.390007,18.420008,1968000
hardzero_plus_depr__c0p54__z1p05__lam0p030__nu0p50__psi1p00,hardzero_plus_depr,0.02,37,615,0.0,1,0.51182044,0.51182044,1.0330812,0.092665665,0.092665665,1.0,1.854561e-11,2.0013464e-10,-27.548277,2.272824,0.75760806,0.17600001,0.0,0.18490441,18.420008,18.450008,1971200
hardzero_plus_depr__c0p54__z1p05__lam0p030__nu0p50__psi1p00,hardzero_plus_depr,0.02,37,616,0.0,1,0.51182044,0.51182044,0.9556146,0.11076061,0.11076061,1.0,2.1511886e-11,1.9421964e-10,-26.274445,2.102394,0.70079803,0.216,0.008,0.17826764,18.450008,18.48001,1974400
hardzero_plus_depr__c0p54__z1p05__lam0p030__nu0p50__psi1p00,hardzero_plus_depr,0.02,37,617,0.0,1,0.51182044,0.51182044,1.1051983,0.0,0.07848772,0.0,0.0,1.8847945e-10,-28.519348,2.4314847,0.8104949,0.14400001,0.0,0.23354526,18.48001,18.51001,1977600
hardzero_plus_depr__c0p54__z1p05__lam0p030__nu0p50__psi1p00,hardzero_plus_depr,0.02,37,618,0.0,1,0.51182044,0.51182044,0.97653705,0.10555114,0.10555114,1.0,1.9306246e-11,1.8290892e-10,-26.441208,2.1484244,0.71614146,0.16000001,0.008,0.19624667,18.51001,18.54001,1980800
hardzero_plus_depr__c0p54__z1p05__lam0p030__nu0p50__psi1p00,hardzero_plus_depr,0.02,37,619,0.0,1,0.51182044,0.51182044,1.1062285,0.0,0.078301765,0.0,0.0,1.7750303e-10,-28.860464,2.433751,0.8112504,0.128,0.0,0.21037821,18.54001,18.570011,1984000
hardzero_plus_depr__c0p54__z1p05__lam0p030__nu0p50__psi1p00,hardzero_plus_depr,0.02,37,620,0.0,1,0.51182044,0.51182044,0.9904139,0.102231815,0.102231815,1.0,1.7610136e-11,1.722569e-10,-25.977661,2.1789541,0.72631806,0.192,0.0,0.19289082,18.570011,18.600012,1987200
hardzero_plus_depr__c0p54__z1p05__lam0p030__nu0p50__psi1p00,hardzero_plus_depr,0.02,37,621,0.0,1,0.51182044,0.51182044,1.0350003,0.092257075,0.092257075,1.0,1.5422231e-11,1.6716584e-10,-28.305775,2.2770462,0.75901544,0.15200001,0.0,0.1812058,18.600012,18.630013,1990400
hardzero_plus_depr__c0p54__z1p05__lam0p030__nu0p50__psi1p00,hardzero_plus_depr,0.02,37,622,0.0,1,0.51182044,0.51182044,1.042276,0.09072437,0.09072437,1.0,1.471778e-11,1.6222522e-10,-27.552216,2.293053,0.764351,0.128,0.0,0.20039399,18.630013,18.660013,1993600
hardzero_plus_depr__c0p54__z1p05__lam0p030__nu0p50__psi1p00,hardzero_plus_depr,0.02,37,623,0.0,1,0.51182044,0.51182044,0.98297983,0.103996836,0.103996836,1.0,1.6372289e-11,1.5743064e-10,-26.50955,2.1625988,0.7208663,0.136,0.0,0.20672771,18.660013,18.690014,1996800
hardzero_plus_depr__c0p54__z1p05__lam0p030__nu0p50__psi1p00,hardzero_plus_depr,0.02,37,624,0.0,1,0.51182044,0.51182044,1.0381427,0.091591954,0.091591954,1.0,1.3993211e-11,1.5277773e-10,-27.101505,2.2839594,0.7613198,0.22,0.0,0.16675095,18.690014,18.720015,2000000
hardzero_plus_depr__c0p54__z1p05__lam0p030__nu0p50__psi1p00,hardzero_plus_depr,0.02,37,625,0.0,1,0.51182044,0.51182044,1.0516323,0.0,0.08879075,0.0,0.0,1.4826237e-10,-28.266043,2.3136373,0.77121246,0.14400001,0.0,0.20318405,18.720015,18.750015,2003200
hardzero_plus_depr__c0p54__z1p05__lam0p030__nu0p50__psi1p00,hardzero_plus_depr,0.02,37,626,0.0,1,0.51182044,0.51182044,1.0418364,0.09081626,0.09081626,1.0,1.3066686e-11,1.4388046e-10,-26.837118,2.292086,0.76402867,0.14400001,0.0,0.18697086,18.750015,18.780016,2006400
hardzero_plus_depr__c0p54__z1p05__lam0p030__nu0p50__psi1p00,hardzero_plus_depr,0.02,37,627,0.0,1,0.51182044,0.51182044,1.0609657,0.0,0.0869029,0.0,0.0,1.3962805e-10,-28.446163,2.334171,0.77805704,0.120000005,0.0,0.18359424,18.780016,18.810017,2009600
hardzero_plus_depr__c0p54__z1p05__lam0p030__nu0p50__psi1p00,hardzero_plus_depr,0.02,37,628,0.0,1,0.51182044,0.51182044,1.0728514,0.0,0.08455681,0.0,0.0,1.3550133e-10,-28.117136,2.3603203,0.78677344,0.16000001,0.0,0.22495772,18.810017,18.840017,2012800
hardzero_plus_depr__c0p54__z1p05__lam0p030__nu0p50__psi1p00,hardzero_plus_depr,0.02,37,629,0.0,1,0.51182044,0.51182044,1.0150024,0.096604556,0.096604556,1.0,1.2703168e-11,1.3149658e-10,-26.970087,2.2330499,0.74434996,0.112,0.0,0.19340166,18.840017,18.870018,2016000
hardzero_plus_depr__c0p54__z1p05__lam0p030__nu0p50__psi1p00,hardzero_plus_depr,0.02,37,630,0.0,1,0.51182044,0.51182044,1.0889487,0.0,0.08148004,0.0,0.0,1.2761017e-10,-27.84782,2.395735,0.7985784,0.136,0.0,0.18693237,18.870018,18.900019,2019200
hardzero_plus_depr__c0p54__z1p05__lam0p030__nu0p50__psi1p00,hardzero_plus_depr,0.02,37,631,0.0,1,0.51182044,0.51182044,1.0317763,0.0929445,0.0929445,1.0,1.1510122e-11,1.2383865e-10,-28.278536,2.2699533,0.7566511,0.136,0.0,0.22061941,18.900019,18.93002,2022400
hardzero_plus_depr__c0p54__z1p05__lam0p030__nu0p50__psi1p00,hardzero_plus_depr,0.02,37,632,0.0,1,0.51182044,0.51182044,1.0166326,0.09624262,0.09624262,1.0,1.15663e-11,1.2017856e-10,-27.825323,2.2366364,0.7455455,0.18400002,0.0,0.20396733,18.93002,18.96002,2025600
hardzero_plus_depr__c0p54__z1p05__lam0p030__nu0p50__psi1p00,hardzero_plus_depr,0.02,37,633,0.0,1,0.51182044,0.51182044,1.0437883,0.09040901,0.09040901,1.0,1.0544101e-11,1.1662667e-10,-28.083475,2.29638,0.76546,0.17600001,0.0,0.17949641,18.96002,18.99002,2028800
hardzero_plus_depr__c0p54__z1p05__lam0p030__nu0p50__psi1p00,hardzero_plus_depr,0.02,37,634,0.0,1,0.51182044,0.51182044,1.0321583,0.09286279,0.09286279,1.0,1.0510189e-11,1.13179764e-10,-27.052309,2.2707934,0.7569312,0.16800001,0.0,0.1721612,18.99002,19.020021,2032000
hardzero_plus_depr__c0p54__z1p05__lam0p030__nu0p50__psi1p00,hardzero_plus_depr,0.02,37,635,0.0,1,0.51182044,0.51182044,1.0165741,0.096255556,0.096255556,1.0,1.0572202e-11,1.0983472e-10,-27.34265,2.236508,0.74550265,0.17600001,0.0,0.1979049,19.020021,19.050022,2035200
hardzero_plus_depr__c0p54__z1p05__lam0p030__nu0p50__psi1p00,hardzero_plus_depr,0.02,37,636,0.0,1,0.51182044,0.51182044,1.0632325,0.0,0.08645048,0.0,0.0,1.0658854e-10,-27.611027,2.3391583,0.7797195,0.14400001,0.0,0.1642822,19.050022,19.080023,2038400
hardzero_plus_depr__c0p54__z1p05__lam0p030__nu0p50__psi1p00,hardzero_plus_depr,0.02,37,637,0.0,1,0.51182044,0.51182044,0.98046905,0.10459982,0.10459982,1.0,1.08196264e-11,1.0343829e-10,-26.184801,2.157075,0.719025,0.089999996,0.0,0.14199792,19.080023,19.110023,2041600
hardzero_plus_depr__c0p54__z1p05__lam0p030__nu0p50__psi1p00,hardzero_plus_depr,0.02,37,638,0.0,1,0.51182044,0.51182044,1.025275,0.09434634,0.09434634,1.0,9.470595e-12,1.0038117e-10,-26.852468,2.25565,0.7518834,0.128,0.0,0.1875178,19.110023,19.140024,2044800
hardzero_plus_depr__c0p54__z1p05__lam0p030__nu0p50__psi1p00,hardzero_plus_depr,0.02,37,639,0.0,1,0.51182044,0.51182044,1.0227402,0.09489859,0.09489859,1.0,9.244489e-12,9.7414396e-11,-26.8361,2.2500734,0.7500245,0.15200001,0.0,0.1579439,19.140024,19.170025,2048000
hardzero_plus_depr__c0p54__z1p05__lam0p030__nu0p50__psi1p00,hardzero_plus_depr,0.02,37,640,0.0,1,0.51182044,0.51182044,0.97128564,0.106835194,0.106835194,1.0,1.0099697e-11,9.4535296e-11,-26.05267,2.136871,0.7122904,0.18400002,0.0,0.19081487,19.170025,19.200026,2051200
hardzero_plus_depr__c0p54__z1p05__lam0p030__nu0p50__psi1p00,hardzero_plus_depr,0.02,37,641,0.0,1,0.51182044,0.51182044,1.0445476,0.09025108,0.09025108,1.0,8.27975e-12,9.174129e-11,-26.736004,2.2980504,0.76601684,0.16800001,0.0,0.18426384,19.200026,19.230026,2054400
hardzero_plus_depr__c0p54__z1p05__lam0p030__nu0p50__psi1p00,hardzero_plus_depr,0.02,37,642,0.0,1,0.51182044,0.51182044,1.0417625,0.09083172,0.09083172,1.0,8.086735e-12,8.902986e-11,-27.271,2.2919233,0.7639744,0.18400002,0.0,0.20810544,19.230026,19.260027,2057600
hardzero_plus_depr__c0p54__z1p05__lam0p030__nu0p50__psi1p00,hardzero_plus_depr,0.02,37,643,0.0,1,0.51182044,0.51182044,0.9972409,0.10063733,0.10063733,1.0,8.694922e-12,8.6398576e-11,-26.19518,2.1939738,0.7313246,0.120000005,0.0,0.16072159,19.260027,19.290028,2060800
hardzero_plus_depr__c0p54__z1p05__lam0p030__nu0p50__psi1p00,hardzero_plus_depr,0.02,37,644,0.0,1,0.51182044,0.51182044,0.9801912,0.104666784,0.104666784,1.0,8.775793e-12,8.3845056e-11,-26.703354,2.1564636,0.7188212,0.14400001,0.0,0.17220521,19.290028,19.320028,2064000
hardzero_plus_depr__c0p54__z1p05__lam0p030__nu0p50__psi1p00,hardzero_plus_depr,0.02,37,645,0.0,1,0.51182044,0.51182044,1.0883827,0.0,0.081586294,0.0,0.0,8.1367e-11,-28.156958,2.3944898,0.7981633,0.136,0.0,0.20761187,19.320028,19.350029,2067200
hardzero_plus_depr__c0p54__z1p05__lam0p030__nu0p50__psi1p00,hardzero_plus_depr,0.02,37,646,0.0,1,0.51182044,0.51182044,1.0354799,0.09215524,0.09215524,1.0,7.276779e-12,7.8962184e-11,-27.118614,2.2781012,0.7593671,0.120000005,0.0,0.16747047,19.350029,19.38003,2070400
hardzero_plus_depr__c0p54__z1p05__lam0p030__nu0p50__psi1p00,hardzero_plus_depr,0.02,37,647,0.0,1,0.51182044,0.51182044,1.0208377,0.095315225,0.095315225,1.0,7.303858e-12,7.6628454e-11,-27.742678,2.2458878,0.7486293,0.192,0.008,0.1947797,19.38003,19.41003,2073600
hardzero_plus_depr__c0p54__z1p05__lam0p030__nu0p50__psi1p00,hardzero_plus_depr,0.02,37,648,0.0,1,0.51182044,0.51182044,1.0867755,0.0,0.08188878,0.0,0.0,7.436369e-11,-28.223024,2.390954,0.7969847,0.18400002,0.008,0.22748192,19.41003,19.440031,2076800
hardzero_plus_depr__c0p54__z1p05__lam0p030__nu0p50__psi1p00,hardzero_plus_depr,0.02,37,649,0.0,1,0.51182044,0.51182044,1.0193639,0.09563924,0.09563924,1.0,6.901888e-12,7.216586e-11,-27.202337,2.2426453,0.74754846,0.16000001,0.0,0.19584033,19.440031,19.470032,2080000
hardzero_plus_depr__c0p54__z1p05__lam0p030__nu0p50__psi1p00,hardzero_plus_depr,0.02,37,650,0.0,1,0.51182044,0.51182044,1.0379933,0.09162345,0.09162345,1.0,6.4166636e-12,7.0032986e-11,-27.507097,2.2836308,0.7612103,0.17999999,0.0,0.19401625,19.470032,19.500032,2083200
hardzero_plus_depr__c0p54__z1p05__lam0p030__nu0p50__psi1p00,hardzero_plus_depr,0.02,37,651,0.0,1,0.51182044,0.51182044,1.0548228,0.0,0.088140845,0.0,0.0,6.7963156e-11,-27.64617,2.3206565,0.7735522,0.128,0.0,0.21202268,19.500032,19.530033,2086400
hardzero_plus_depr__c0p54__z1p05__lam0p030__nu0p50__psi1p00,hardzero_plus_depr,0.02,37,652,0.0,1,0.51182044,0.51182044,1.0726177,0.0,0.08460232,0.0,0.0,6.595449e-11,-28.453636,2.3598058,0.78660196,0.2,0.0,0.18843277,19.530033,19.560034,2089600
hardzero_plus_depr__c0p54__z1p05__lam0p030__nu0p50__psi1p00,hardzero_plus_depr,0.02,37,653,0.0,1,0.51182044,0.51182044,1.0086529,0.0980273,0.0980273,1.0,6.2742563e-12,6.40052e-11,-26.597776,2.2190807,0.7396936,0.16000001,0.0,0.16597171,19.560034,19.590034,2092800
hardzero_plus_depr__c0p54__z1p05__lam0p030__nu0p50__psi1p00,hardzero_plus_depr,0.02,37,654,0.0,1,0.51182044,0.51182044,0.98562235,0.10336599,0.10336599,1.0,6.420425e-12,6.2113516e-11,-26.486807,2.1684124,0.7228042,0.15200001,0.0,0.17980644,19.590034,19.620035,2096000
hardzero_plus_depr__c0p54__z1p05__lam0p030__nu0p50__psi1p00,hardzero_plus_depr,0.02,37,655,0.0,1,0.51182044,0.51182044,1.014389,0.09674108,0.09674108,1.0,5.8313337e-12,6.027774e-11,-26.508438,2.2317004,0.7439002,0.120000005,0.0,0.15749525,19.620035,19.650036,2099200
hardzero_plus_depr__c0p54__z1p05__lam0p030__nu0p50__psi1p00,hardzero_plus_depr,0.02,37,656,0.0,1,0.51182044,0.51182044,1.037028,0.091827355,0.091827355,1.0,5.371554e-12,5.849623e-11,-27.559973,2.281507,0.76050234,0.14400001,0.0,0.19598474,19.650036,19.680037,2102400
hardzero_plus_depr__c0p54__z1p05__lam0p030__nu0p50__psi1p00,hardzero_plus_depr,0.02,37,657,0.0,1,0.51182044,0.51182044,1.052874,0.0,0.088537246,0.0,0.0,5.676736e-11,-27.846605,2.316369,0.77212304,0.14400001,0.0,0.21696518,19.680037,19.710037,2105600
hardzero_plus_depr__c0p54__z1p05__lam0p030__nu0p50__psi1p00,hardzero_plus_depr,0.02,37,658,0.0,1,0.51182044,0.51182044,1.037949,0.09163282,0.09163282,1.0,5.048015e-12,5.5089593e-11,-26.829699,2.2835333,0.7611778,0.120000005,0.0,0.17779773,19.710037,19.740038,2108800
hardzero_plus_depr__c0p54__z1p05__lam0p030__nu0p50__psi1p00,hardzero_plus_depr,0.02,37,659,0.0,1,0.51182044,0.51182044,1.0302057,0.09328123,0.09328123,1.0,4.986947e-12,5.346142e-11,-27.193668,2.2664979,0.7554993,0.120000005,0.0,0.15345277,19.740038,19.770039,2112000
hardzero_plus_depr__c0p54__z1p05__lam0p030__nu0p50__psi1p00,hardzero_plus_depr,0.02,37,660,0.0,1,0.51182044,0.51182044,0.98528725,0.10344577,0.10344577,1.0,5.366907e-12,5.1881357e-11,-26.88779,2.1676753,0.72255844,0.15200001,0.0,0.17624512,19.770039,19.80004,2115200
hardzero_plus_depr__c0p54__z1p05__lam0p030__nu0p50__psi1p00,hardzero_plus_depr,0.02,37,661,0.0,1,0.51182044,0.51182044,1.0389469,0.0914225,0.0914225,1.0,4.6029396e-12,5.0347997e-11,-27.826166,2.2857287,0.7619096,0.120000005,0.0,0.18768933,19.80004,19.83004,2118400
hardzero_plus_depr__c0p54__z1p05__lam0p030__nu0p50__psi1p00,hardzero_plus_depr,0.02,37,662,0.0,1,0.51182044,0.51182044,1.0490229,0.08932583,0.08932583,1.0,4.364456e-12,4.885995e-11,-26.68953,2.3078966,0.7692989,0.15200001,0.0,0.18133725,19.83004,19.86004,2121600
hardzero_plus_depr__c0p54__z1p05__lam0p030__nu0p50__psi1p00,hardzero_plus_depr,0.02,37,663,0.0,1,0.51182044,0.51182044,1.058591,0.0,0.08737937,0.0,0.0,4.741589e-11,-27.86988,2.3289468,0.7763156,0.12,0.0,0.21311954,19.86004,19.890041,2124800
hardzero_plus_depr__c0p54__z1p05__lam0p030__nu0p50__psi1p00,hardzero_plus_depr,0.02,37,664,0.0,1,0.51182044,0.51182044,1.0054181,0.0987602,0.0987602,1.0,4.544402e-12,4.6014508e-11,-26.363678,2.211964,0.7373213,0.192,0.0,0.17347926,19.890041,19.920042,2128000
hardzero_plus_depr__c0p54__z1p05__lam0p030__nu0p50__psi1p00,hardzero_plus_depr,0.02,37,665,0.0,1,0.51182044,0.51182044,1.1053276,0.0,0.07846435,0.0,0.0,4.4654547e-11,-28.269054,2.4317694,0.8105898,0.104,0.0,0.19938341,19.920042,19.950043,2131200
hardzero_plus_depr__c0p54__z1p05__lam0p030__nu0p50__psi1p00,hardzero_plus_depr,0.02,37,666,0.0,1,0.51182044,0.51182044,1.0444628,0.0902687,0.0902687,1.0,3.9117732e-12,4.333477e-11,-27.06192,2.297864,0.7659547,0.112,0.0,0.19241315,19.950043,19.980043,2134400
hardzero_plus_depr__c0p54__z1p05__lam0p030__nu0p50__psi1p00,hardzero_plus_depr,0.02,37,667,0.0,1,0.51182044,0.51182044,0.96822757,0.10759013,0.10759013,1.0,4.5245964e-12,4.205401e-11,-26.881287,2.1301432,0.7100477,0.2,0.0,0.17473601,19.980043,20.010044,2137600
hardzero_plus_depr__c0p54__z1p05__lam0p030__nu0p50__psi1p00,hardzero_plus_depr,0.02,37,668,0.0,1,0.51182044,0.51182044,1.0166166,0.09624615,0.09624615,1.0,3.927911e-12,4.0811094e-11,-26.913322,2.236601,0.7455337,0.16800001,0.0,0.19315475,20.010044,20.040045,2140800
hardzero_plus_depr__c0p54__z1p05__lam0p030__nu0p50__psi1p00,hardzero_plus_depr,0.02,37,669,0.0,1,0.51182044,0.51182044,1.0109417,0.09751203,0.09751203,1.0,3.8619563e-12,3.960492e-11,-26.459692,2.2241163,0.7413721,0.2,0.0,0.17983463,20.040045,20.070045,2144000
hardzero_plus_depr__c0p54__z1p05__lam0p030__nu0p50__psi1p00,hardzero_plus_depr,0.02,37,670,0.0,1,0.51182044,0.51182044,1.105407,0.0,0.07845,0.0,0.0,3.843439e-11,-27.97554,2.431944,0.81064796,0.16800001,0.0,0.19560015,20.070045,20.100046,2147200
hardzero_plus_depr__c0p54__z1p05__lam0p030__nu0p50__psi1p00,hardzero_plus_depr,0.02,37,671,0.0,1,0.51182044,0.51182044,1.0709993,0.0,0.08491818,0.0,0.0,3.7298456e-11,-27.798445,2.3562455,0.7854152,0.096,0.0,0.19752496,20.100046,20.130047,2150400
hardzero_plus_depr__c0p54__z1p05__lam0p030__nu0p50__psi1p00,hardzero_plus_depr,0.02,37,672,0.0,1,0.51182044,0.51182044,1.0236648,0.09469677,0.09469677,1.0,3.4276531e-12,3.6196095e-11,-27.050661,2.2521076,0.75070256,0.104,0.0,0.20148933,20.130047,20.160048,2153600
hardzero_plus_depr__c0p54__z1p05__lam0p030__nu0p50__psi1p00,hardzero_plus_depr,0.02,37,673,0.0,1,0.51182044,0.51182044,0.97401357,0.10616623,0.10616623,1.0,3.7292283e-12,3.5126315e-11,-27.381014,2.1428726,0.71429086,0.16000001,0.0,0.19049549,20.160048,20.190048,2156800
hardzero_plus_depr__c0p54__z1p05__lam0p030__nu0p50__psi1p00,hardzero_plus_depr,0.02,37,674,0.0,1,0.51182044,0.51182044,1.0385462,0.09150689,0.09150689,1.0,3.1193008e-12,3.4088152e-11,-27.63902,2.2848473,0.76161575,0.16800001,0.008,0.18688664,20.190048,20.220049,2160000
hardzero_plus_depr__c0p54__z1p05__lam0p030__nu0p50__psi1p00,hardzero_plus_depr,0.02,37,675,0.0,1,0.51182044,0.51182044,1.0353725,0.092178054,0.092178054,1.0,3.049312e-12,3.3080674e-11,-27.49961,2.277865,0.7592883,0.16000001,0.0,0.1988825,20.220049,20.25005,2163200
hardzero_plus_depr__c0p54__z1p05__lam0p030__nu0p50__psi1p00,hardzero_plus_depr,0.02,37,676,0.0,1,0.51182044,0.51182044,1.0070226,0.09839597,0.09839597,1.0,3.1588026e-12,3.2102966e-11,-26.634024,2.215494,0.738498,0.19999999,0.0,0.18228059,20.25005,20.28005,2166400
hardzero_plus_depr__c0p54__z1p05__lam0p030__nu0p50__psi1p00,hardzero_plus_depr,0.02,37,677,0.0,1,0.51182044,0.51182044,1.0245497,0.09450401,0.09450401,1.0,2.944193e-12,3.115416e-11,-27.114548,2.2540543,0.7513515,0.17600001,0.0,0.17524815,20.28005,20.310051,2169600
hardzero_plus_depr__c0p54__z1p05__lam0p030__nu0p50__psi1p00,hardzero_plus_depr,0.02,37,678,0.0,1,0.51182044,0.51182044,1.0184832,0.095833376,0.095833376,1.0,2.8973683e-12,3.0233396e-11,-26.45431,2.2407076,0.7469026,0.192,0.0,0.1774552,20.310051,20.340052,2172800
hardzero_plus_depr__c0p54__z1p05__lam0p030__nu0p50__psi1p00,hardzero_plus_depr,0.02,37,679,0.0,1,0.51182044,0.51182044,1.0407755,0.091038354,0.091038354,1.0,2.671051e-12,2.9339843e-11,-27.641989,2.289752,0.7632507,0.192,0.0,0.18827876,20.340052,20.370052,2176000
hardzero_plus_depr__c0p54__z1p05__lam0p030__nu0p50__psi1p00,hardzero_plus_depr,0.02,37,680,0.0,1,0.51182044,0.51182044,0.9987361,0.10029146,0.10029146,1.0,2.8555689e-12,2.8472702e-11,-26.830898,2.1972632,0.7324211,0.208,0.0,0.2087801,20.370052,20.400053,2179200
hardzero_plus_depr__c0p54__z1p05__lam0p030__nu0p50__psi1p00,hardzero_plus_depr,0.02,37,681,0.0,1,0.51182044,0.51182044,1.1014732,0.0,0.079163834,0.0,0.0,2.7631186e-11,-27.376575,2.4232895,0.8077632,0.136,0.0,0.18290417,20.400053,20.430054,2182400
hardzero_plus_depr__c0p54__z1p05__lam0p030__nu0p50__psi1p00,hardzero_plus_depr,0.02,37,682,0.0,1,0.51182044,0.51182044,1.043964,0.090372436,0.090372436,1.0,2.4232957e-12,2.6814544e-11,-28.145073,2.2967668,0.76558894,0.120000005,0.0,0.19878525,20.430054,20.460054,2185600
hardzero_plus_depr__c0p54__z1p05__lam0p030__nu0p50__psi1p00,hardzero_plus_depr,0.02,37,683,0.0,1,0.51182044,0.51182044,1.0480349,0.08952927,0.08952927,1.0,2.3297338e-12,2.6022035e-11,-26.725843,2.3057227,0.76857424,0.072000004,0.0,0.16723973,20.460054,20.490055,2188800
hardzero_plus_depr__c0p54__z1p05__lam0p030__nu0p50__psi1p00,hardzero_plus_depr,0.02,37,684,0.0,1,0.51182044,0.51182044,1.0324901,0.09279186,0.09279186,1.0,2.3432684e-12,2.525295e-11,-27.385494,2.2715237,0.7571746,0.2,0.0,0.17625365,20.490055,20.520056,2192000
hardzero_plus_depr__c0p54__z1p05__lam0p030__nu0p50__psi1p00,hardzero_plus_depr,0.02,37,685,0.0,1,0.51182044,0.51182044,1.0719552,0.0,0.084731475,0.0,0.0,2.4506596e-11,-28.22859,2.3583486,0.78611624,0.128,0.0,0.2049659,20.520056,20.550056,2195200
hardzero_plus_depr__c0p54__z1p05__lam0p030__nu0p50__psi1p00,hardzero_plus_depr,0.02,37,686,0.0,1,0.51182044,0.51182044,1.0405765,0.09108011,0.09108011,1.0,2.1660946e-12,2.37823e-11,-27.987785,2.2893138,0.7631046,0.192,0.0,0.20733465,20.550056,20.580057,2198400
hardzero_plus_depr__c0p54__z1p05__lam0p030__nu0p50__psi1p00,hardzero_plus_depr,0.02,37,687,0.0,1,0.51182044,0.51182044,1.09517,0.0,0.08032115,0.0,0.0,2.3079412e-11,-27.70356,2.4094222,0.80314076,0.136,0.0,0.20381668,20.580057,20.610058,2201600
hardzero_plus_depr__c0p54__z1p05__lam0p030__nu0p50__psi1p00,hardzero_plus_depr,0.02,37,688,0.0,1,0.51182044,0.51182044,1.0430229,0.09056848,0.09056848,1.0,2.0284894e-12,2.2397298e-11,-27.360958,2.294696,0.7648987,0.096,0.0,0.18207048,20.610058,20.640059,2204800
hardzero_plus_depr__c0p54__z1p05__lam0p030__nu0p50__psi1p00,hardzero_plus_depr,0.02,37,689,0.0,1,0.51182044,0.51182044,1.0362079,0.092000894,0.092000894,1.0,1.999671e-12,2.1735343e-11,-28.38306,2.279703,0.759901,0.099999994,0.0,0.18742856,20.640059,20.67006,2208000
hardzero_plus_depr__c0p54__z1p05__lam0p030__nu0p50__psi1p00,hardzero_plus_depr,0.02,37,690,0.0,1,0.51182044,0.51182044,1.041596,0.09086653,0.09086653,1.0,1.9166433e-12,2.1092952e-11,-27.953358,2.291557,0.76385236,0.112,0.0,0.16744879,20.67006,20.70006,2211200
hardzero_plus_depr__c0p54__z1p05__lam0p030__nu0p50__psi1p00,hardzero_plus_depr,0.02,37,691,0.0,1,0.51182044,0.51182044,1.0179483,0.09595148,0.09595148,1.0,1.9640834e-12,2.0469546e-11,-27.175417,2.239531,0.7465104,0.128,0.0,0.15654144,20.70006,20.73006,2214400
hardzero_plus_depr__c0p54__z1p05__lam0p030__nu0p50__psi1p00,hardzero_plus_depr,0.02,37,692,0.0,1,0.51182044,0.51182044,1.0380058,0.091620825,0.091620825,1.0,1.820008e-12,1.9864565e-11,-27.662195,2.2836585,0.7612195,0.2,0.0,0.21598582,20.73006,20.760061,2217600
hardzero_plus_depr__c0p54__z1p05__lam0p030__nu0p50__psi1p00,hardzero_plus_depr,0.02,37,693,0.0,1,0.51182044,0.51182044,1.0709324,0.0,0.08493126,0.0,0.0,1.9277463e-11,-27.912222,2.3560984,0.7853662,0.128,0.0,0.21966329,20.760061,20.790062,2220800
hardzero_plus_depr__c0p54__z1p05__lam0p030__nu0p50__psi1p00,hardzero_plus_depr,0.02,37,694,0.0,1,0.51182044,0.51182044,1.0286845,0.09360856,0.09360856,1.0,1.7512025e-12,1.8707718e-11,-27.401585,2.2631512,0.75438374,0.15200001,0.0,0.19033365,20.790062,20.820063,2224000
hardzero_plus_depr__c0p54__z1p05__lam0p030__nu0p50__psi1p00,hardzero_plus_depr,0.02,37,695,0.0,1,0.51182044,0.51182044,1.0748813,0.0,0.08416252,0.0,0.0,1.8154808e-11,-28.116732,2.3647861,0.78826207,0.18400002,0.0,0.1911126,20.820063,20.850063,2227200
hardzero_plus_depr__c0p54__z1p05__lam0p030__nu0p50__psi1p00,hardzero_plus_depr,0.02,37,696,0.0,1,0.51182044,0.51182044,1.0680989,0.0,0.08548719,0.0,0.0,1.761824e-11,-28.076298,2.3498645,0.7832882,0.18400002,0.0,0.21003258,20.850063,20.880064,2230400
hardzero_plus_depr__c0p54__z1p05__lam0p030__nu0p50__psi1p00,hardzero_plus_depr,0.02,37,697,0.0,1,0.51182044,0.51182044,1.0392792,0.09135256,0.09135256,1.0,1.5619032e-12,1.709753e-11,-27.43909,2.28646,0.7621533,0.17600001,0.0,0.18743467,20.880064,20.910065,2233600
hardzero_plus_depr__c0p54__z1p05__lam0p030__nu0p50__psi1p00,hardzero_plus_depr,0.02,37,698,0.0,1,0.51182044,0.51182044,1.034344,0.09239661,0.09239661,1.0,1.5330641e-12,1.6592212e-11,-26.870998,2.275602,0.7585341,0.136,0.0,0.19140784,20.910065,20.940065,2236800
hardzero_plus_depr__c0p54__z1p05__lam0p030__nu0p50__psi1p00,hardzero_plus_depr,0.02,37,699,0.0,1,0.51182044,0.51182044,0.9931572,0.10158809,0.10158809,1.0,1.6357538e-12,1.6101826e-11,-26.304224,2.1849895,0.72832984,0.18400002,0.0,0.17466255,20.940065,20.970066,2240000
hardzero_plus_depr__c0p54__z1p05__lam0p030__nu0p50__psi1p00,hardzero_plus_depr,0.02,37,700,0.0,1,0.51182044,0.51182044,0.9996364,0.10008374,0.10008374,1.0,1.563902e-12,1.5625935e-11,-26.672459,2.199244,0.73308134,0.17600001,0.0,0.18871713,20.970066,21.000067,2243200
hardzero_plus_depr__c0p54__z1p05__lam0p030__nu0p50__psi1p00,hardzero_plus_depr,0.02,37,701,0.0,1,0.51182044,0.51182044,0.99657464,0.10079183,0.10079183,1.0,1.5284181e-12,1.5164108e-11,-26.555565,2.192508,0.73083603,0.128,0.0,0.17781729,21.000067,21.030067,2246400
hardzero_plus_depr__c0p54__z1p05__lam0p030__nu0p50__psi1p00,hardzero_plus_depr,0.02,37,702,0.0,1,0.51182044,0.51182044,1.0212334,0.09522841,0.09522841,1.0,1.4013748e-12,1.4715932e-11,-25.632475,2.2467585,0.7489195,0.12,0.0,0.16400456,21.030067,21.060068,2249600
hardzero_plus_depr__c0p54__z1p05__lam0p030__nu0p50__psi1p00,hardzero_plus_depr,0.02,37,703,0.0,1,0.51182044,0.51182044,1.0416846,0.09084801,0.09084801,1.0,1.2974004e-12,1.4281001e-11,-27.678192,2.2917519,0.7639173,0.136,0.0,0.18063703,21.060068,21.090069,2252800
hardzero_plus_depr__c0p54__z1p05__lam0p030__nu0p50__psi1p00,hardzero_plus_depr,0.02,37,704,0.0,1,0.51182044,0.51182044,1.0697619,0.0,0.08516049,0.0,0.0,1.3858923e-11,-27.862263,2.353523,0.7845077,0.16000001,0.0,0.21594064,21.090069,21.12007,2256000
hardzero_plus_depr__c0p54__z1p05__lam0p030__nu0p50__psi1p00,hardzero_plus_depr,0.02,37,705,0.0,1,0.51182044,0.51182044,1.0106426,0.09757922,0.09757922,1.0,1.3123741e-12,1.3449321e-11,-27.216751,2.2234583,0.74115276,0.104,0.0,0.16239832,21.12007,21.15007,2259200
hardzero_plus_depr__c0p54__z1p05__lam0p030__nu0p50__psi1p00,hardzero_plus_depr,0.02,37,706,0.0,1,0.51182044,0.51182044,0.99125856,0.10203319,0.10203319,1.0,1.3317192e-12,1.30518235e-11,-26.791788,2.1808124,0.7269375,0.2,0.0,0.18138629,21.15007,21.18007,2262400
hardzero_plus_depr__c0p54__z1p05__lam0p030__nu0p50__psi1p00,hardzero_plus_depr,0.02,37,707,0.0,1,0.51182044,0.51182044,1.0015798,0.0996369,0.0996369,1.0,1.2620085e-12,1.2666076e-11,-26.176527,2.2035193,0.7345065,0.16800001,0.0,0.19139156,21.18007,21.210072,2265600
hardzero_plus_depr__c0p54__z1p05__lam0p030__nu0p50__psi1p00,hardzero_plus_depr,0.02,37,708,0.0,1,0.51182044,0.51182044,0.97644013,0.1055747,0.1055747,1.0,1.2976955e-12,1.22917275e-11,-25.362806,2.1482112,0.7160704,0.14400001,0.0,0.15417488,21.210072,21.240072,2268800
hardzero_plus_depr__c0p54__z1p05__lam0p030__nu0p50__psi1p00,hardzero_plus_depr,0.02,37,709,0.0,1,0.51182044,0.51182044,1.0792645,0.0,0.083317354,0.0,0.0,1.1928444e-11,-27.805178,2.3744295,0.7914765,0.112,0.0,0.18206233,21.240072,21.270073,2272000
hardzero_plus_depr__c0p54__z1p05__lam0p030__nu0p50__psi1p00,hardzero_plus_depr,0.02,37,710,0.0,1,0.51182044,0.51182044,1.0052749,0.09879274,0.09879274,1.0,1.1436146e-12,1.1575897e-11,-27.0117,2.211649,0.73721635,0.17600001,0.0,0.18247221,21.270073,21.300074,2275200
hardzero_plus_depr__c0p54__z1p05__lam0p030__nu0p50__psi1p00,hardzero_plus_depr,0.02,37,711,0.0,1,0.51182044,0.51182044,1.0086745,0.09802243,0.09802243,1.0,1.1011615e-12,1.123377e-11,-26.99745,2.2191281,0.7397094,0.16000001,0.0,0.20491175,21.300074,21.330074,2278400
hardzero_plus_depr__c0p54__z1p05__lam0p030__nu0p50__psi1p00,hardzero_plus_depr,0.02,37,712,0.0,1,0.51182044,0.51182044,0.99012274,0.102300376,0.102300376,1.0,1.1152536e-12,1.0901755e-11,-26.088446,2.1783135,0.7261045,0.216,0.0,0.17902093,21.330074,21.360075,2281600
hardzero_plus_depr__c0p54__z1p05__lam0p030__nu0p50__psi1p00,hardzero_plus_depr,0.02,37,713,0.0,1,0.51182044,0.51182044,1.0090411,0.09793974,0.09793974,1.0,1.0361585e-12,1.0579551e-11,-27.120401,2.2199347,0.73997825,0.208,0.0,0.20503294,21.360075,21.390076,2284800
hardzero_plus_depr__c0p54__z1p05__lam0p030__nu0p50__psi1p00,hardzero_plus_depr,0.02,37,714,0.0,1,0.51182044,0.51182044,1.0312036,0.093067124,0.093067124,1.0,9.555082e-13,1.0266872e-11,-26.496973,2.2686932,0.75623107,0.104,0.0,0.17324369,21.390076,21.420076,2288000
hardzero_plus_depr__c0p54__z1p05__lam0p030__nu0p50__psi1p00,hardzero_plus_depr,0.02,37,715,0.0,1,0.51182044,0.51182044,1.1124259,0.0,0.07719231,0.0,0.0,9.963433e-12,-29.102074,2.4473858,0.8157953,0.12,0.0,0.20132965,21.420076,21.450077,2291200
hardzero_plus_depr__c0p54__z1p05__lam0p030__nu0p50__psi1p00,hardzero_plus_depr,0.02,37,716,0.0,1,0.51182044,0.51182044,1.0480505,0.08952606,0.08952606,1.0,8.6562403e-13,9.668962e-12,-27.150747,2.3057573,0.7685858,0.128,0.0,0.21421741,21.450077,21.480078,2294400
hardzero_plus_depr__c0p54__z1p05__lam0p030__nu0p50__psi1p00,hardzero_plus_depr,0.02,37,717,0.0,1,0.51182044,0.51182044,0.99714714,0.10065905,0.10065905,1.0,9.445036e-13,9.3831965e-12,-26.220467,2.1937675,0.7312559,0.18400002,0.008,0.18485591,21.480078,21.510078,2297600
hardzero_plus_depr__c0p54__z1p05__lam0p030__nu0p50__psi1p00,hardzero_plus_depr,0.02,37,718,0.0,1,0.51182044,0.51182044,0.9996609,0.100078106,0.100078106,1.0,9.112986e-13,9.105874e-12,-25.769663,2.199298,0.73309934,0.192,0.0,0.15555578,21.510078,21.54008,2300800
hardzero_plus_depr__c0p54__z1p05__lam0p030__nu0p50__psi1p00,hardzero_plus_depr,0.02,37,719,0.0,1,0.51182044,0.51182044,1.038817,0.091449834,0.091449834,1.0,8.0811914e-13,8.836748e-12,-26.540257,2.285443,0.76181436,0.15200001,0.0,0.18119486,21.54008,21.57008,2304000
hardzero_plus_depr__c0p54__z1p05__lam0p030__nu0p50__psi1p00,hardzero_plus_depr,0.02,37,720,0.0,1,0.51182044,0.51182044,1.0153728,0.096522205,0.096522205,1.0,8.277336e-13,8.575577e-12,-26.794561,2.2338645,0.7446215,0.128,0.0,0.16514255,21.57008,21.60008,2307200
hardzero_plus_depr__c0p54__z1p05__lam0p030__nu0p50__psi1p00,hardzero_plus_depr,0.02,37,721,0.0,1,0.51182044,0.51182044,1.0569271,0.0,0.087714806,0.0,0.0,8.322125e-12,-27.223974,2.325286,0.77509534,0.18400002,0.0,0.21049418,21.60008,21.630081,2310400
hardzero_plus_depr__c0p54__z1p05__lam0p030__nu0p50__psi1p00,hardzero_plus_depr,0.02,37,722,0.0,1,0.51182044,0.51182044,1.0343338,0.09239877,0.09239877,1.0,7.462276e-13,8.076164e-12,-27.432306,2.27558,0.7585267,0.112,0.0,0.20112182,21.630081,21.660082,2313600
hardzero_plus_depr__c0p54__z1p05__lam0p030__nu0p50__psi1p00,hardzero_plus_depr,0.02,37,723,0.0,1,0.51182044,0.51182044,1.0357403,0.09210003,0.09210003,1.0,7.218314e-13,7.837472e-12,-26.862934,2.2786741,0.7595581,0.14400001,0.0,0.1720623,21.660082,21.690083,2316800
hardzero_plus_depr__c0p54__z1p05__lam0p030__nu0p50__psi1p00,hardzero_plus_depr,0.02,37,724,0.0,1,0.51182044,0.51182044,0.99935824,0.10014788,0.10014788,1.0,7.617081e-13,7.6058335e-12,-26.763556,2.198632,0.7328774,0.15200001,0.0,0.20061338,21.690083,21.720083,2320000
hardzero_plus_depr__c0p54__z1p05__lam0p030__nu0p50__psi1p00,hardzero_plus_depr,0.02,37,725,0.0,1,0.51182044,0.51182044,0.9944692,0.10128166,0.10128166,1.0,7.475642e-13,7.381042e-12,-26.51596,2.187876,0.72929204,0.136,0.0,0.19607246,21.720083,21.750084,2323200
hardzero_plus_depr__c0p54__z1p05__lam0p030__nu0p50__psi1p00,hardzero_plus_depr,0.02,37,726,0.0,1,0.51182044,0.51182044,0.9586518,0.10998872,0.10998872,1.0,7.8783757e-13,7.1628944e-12,-26.164951,2.109076,0.70302534,0.15200001,0.0,0.17071044,21.750084,21.780085,2326400
hardzero_plus_depr__c0p54__z1p05__lam0p030__nu0p50__psi1p00,hardzero_plus_depr,0.02,37,727,0.0,1,0.51182044,0.51182044,1.077081,0.0,0.083737314,0.0,0.0,6.9511944e-12,-28.550898,2.3696256,0.7898752,0.136,0.0,0.21548419,21.780085,21.810085,2329600
hardzero_plus_depr__c0p54__z1p05__lam0p030__nu0p50__psi1p00,hardzero_plus_depr,0.02,37,728,0.0,1,0.51182044,0.51182044,0.9676368,0.10773657,0.10773657,1.0,7.267641e-13,6.745751e-12,-26.08831,2.1288435,0.7096145,0.17,0.0,0.16956884,21.810085,21.840086,2332800
hardzero_plus_depr__c0p54__z1p05__lam0p030__nu0p50__psi1p00,hardzero_plus_depr,0.02,37,729,0.0,1,0.51182044,0.51182044,1.042558,0.09066549,0.09066549,1.0,5.935307e-13,6.5463793e-12,-28.346619,2.2936733,0.7645578,0.15200001,0.0,0.20619556,21.840086,21.870087,2336000
hardzero_plus_depr__c0p54__z1p05__lam0p030__nu0p50__psi1p00,hardzero_plus_depr,0.02,37,730,0.0,1,0.51182044,0.51182044,1.0114862,0.097389884,0.097389884,1.0,6.187082e-13,6.3529004e-12,-26.3047,2.225314,0.74177134,0.192,0.0,0.16145635,21.870087,21.900087,2339200
hardzero_plus_depr__c0p54__z1p05__lam0p030__nu0p50__psi1p00,hardzero_plus_depr,0.02,37,731,0.0,1,0.51182044,0.51182044,1.0582756,0.0,0.08744286,0.0,0.0,6.1651396e-12,-28.434116,2.3282528,0.7760843,0.16800001,0.0,0.18665518,21.900087,21.930088,2342400
hardzero_plus_depr__c0p54__z1p05__lam0p030__nu0p50__psi1p00,hardzero_plus_depr,0.02,37,732,0.0,1,0.51182044,0.51182044,1.0553439,0.0,0.088035144,0.0,0.0,5.9829277e-12,-27.655386,2.3218029,0.7739343,0.16800001,0.0,0.21821381,21.930088,21.960089,2345600
hardzero_plus_depr__c0p54__z1p05__lam0p030__nu0p50__psi1p00,hardzero_plus_depr,0.02,37,733,0.0,1,0.51182044,0.51182044,0.98342556,0.10389017,0.10389017,1.0,6.031968e-13,5.806101e-12,-26.863506,2.1635795,0.7211932,0.136,0.0,0.17643112,21.960089,21.99009,2348800
hardzero_plus_depr__c0p54__z1p05__lam0p030__nu0p50__psi1p00,hardzero_plus_depr,0.02,37,734,0.0,1,0.51182044,0.51182044,1.0332705,0.09262527,0.09262527,1.0,5.218972e-13,5.6345015e-12,-27.2791,2.2732403,0.7577468,0.104,0.0,0.18682085,21.99009,22.02009,2352000
hardzero_plus_depr__c0p54__z1p05__lam0p030__nu0p50__psi1p00,hardzero_plus_depr,0.02,37,735,0.0,1,0.51182044,0.51182044,1.0193282,0.0956471,0.0956471,1.0,5.2299576e-13,5.4679733e-12,-26.688015,2.2425668,0.7475223,0.136,0.0,0.18989466,22.02009,22.05009,2355200
hardzero_plus_depr__c0p54__z1p05__lam0p030__nu0p50__psi1p00,hardzero_plus_depr,0.02,37,736,0.0,1,0.51182044,0.51182044,1.0285733,0.09363253,0.09363253,1.0,4.968485e-13,5.3063665e-12,-27.522541,2.2629063,0.75430214,0.120000005,0.0,0.18896803,22.05009,22.080091,2358400
hardzero_plus_depr__c0p54__z1p05__lam0p030__nu0p50__psi1p00,hardzero_plus_depr,0.02,37,737,0.0,1,0.51182044,0.51182044,1.0121766,0.097235166,0.097235166,1.0,5.00716e-13,5.149536e-12,-28.131874,2.226833,0.74227774,0.17600001,0.0,0.18797651,22.080091,22.110092,2361600
hardzero_plus_depr__c0p54__z1p05__lam0p030__nu0p50__psi1p00,hardzero_plus_depr,0.02,37,738,0.0,1,0.51182044,0.51182044,1.0585719,0.0,0.08738321,0.0,0.0,4.9973406e-12,-27.31704,2.3289049,0.7763016,0.16000001,0.0,0.19062248,22.110092,22.140093,2364800
hardzero_plus_depr__c0p54__z1p05__lam0p030__nu0p50__psi1p00,hardzero_plus_depr,0.02,37,739,0.0,1,0.51182044,0.51182044,1.0702902,0.0,0.08505694,0.0,0.0,4.849644e-12,-27.961302,2.3546855,0.7848952,0.18400002,0.008,0.20501953,22.140093,22.170094,2368000
hardzero_plus_depr__c0p54__z1p05__lam0p030__nu0p50__psi1p00,hardzero_plus_depr,0.02,37,740,0.0,1,0.51182044,0.51182044,1.0089089,0.09796954,0.09796954,1.0,4.610752e-13,4.7063117e-12,-27.796206,2.2196438,0.7398813,0.216,0.008,0.20086686,22.170094,22.200094,2371200
hardzero_plus_depr__c0p54__z1p05__lam0p030__nu0p50__psi1p00,hardzero_plus_depr,0.02,37,741,0.0,1,0.51182044,0.51182044,1.0885661,0.0,0.08155187,0.0,0.0,4.567216e-12,-27.816755,2.3948932,0.79829776,0.12,0.0,0.1859392,22.200094,22.230095,2374400
hardzero_plus_depr__c0p54__z1p05__lam0p030__nu0p50__psi1p00,hardzero_plus_depr,0.02,37,742,0.0,1,0.51182044,0.51182044,1.0497191,0.08918276,0.08918276,1.0,3.9527862e-13,4.4322315e-12,-27.497868,2.3094282,0.7698094,0.128,0.0,0.20382664,22.230095,22.260096,2377600
hardzero_plus_depr__c0p54__z1p05__lam0p030__nu0p50__psi1p00,hardzero_plus_depr,0.02,37,743,0.0,1,0.51182044,0.51182044,1.0577347,0.0,0.08755184,0.0,0.0,4.3012365e-12,-28.563229,2.3270628,0.77568763,0.16800001,0.0,0.18188332,22.260096,22.290096,2380800
hardzero_plus_depr__c0p54__z1p05__lam0p030__nu0p50__psi1p00,hardzero_plus_depr,0.02,37,744,0.0,1,0.51182044,0.51182044,1.0439438,0.09037664,0.09037664,1.0,3.7724224e-13,4.1741124e-12,-28.114107,2.2967222,0.7655741,0.112,0.0,0.16907647,22.290096,22.320097,2384000
hardzero_plus_depr__c0p54__z1p05__lam0p030__nu0p50__psi1p00,hardzero_plus_depr,0.02,37,745,0.0,1,0.51182044,0.51182044,1.0225633,0.09493724,0.09493724,1.0,3.8456667e-13,4.0507463e-12,-27.485485,2.2496843,0.7498948,0.16800001,0.0,0.16642767,22.320097,22.350098,2387200
hardzero_plus_depr__c0p54__z1p05__lam0p030__nu0p50__psi1p00,hardzero_plus_depr,0.02,37,746,0.0,1,0.51182044,0.51182044,1.0505378,0.0,0.0890148,0.0,0.0,3.9310256e-12,-28.453772,2.3112295,0.7704098,0.192,0.0,0.18236275,22.350098,22.380098,2390400
hardzero_plus_depr__c0p54__z1p05__lam0p030__nu0p50__psi1p00,hardzero_plus_depr,0.02,37,747,0.0,1,0.51182044,0.51182044,1.025813,0.09422953,0.09422953,1.0,3.5947092e-13,3.814844e-12,-27.036406,2.2568336,0.75227785,0.16000001,0.0,0.19874962,22.380098,22.410099,2393600
hardzero_plus_depr__c0p54__z1p05__lam0p030__nu0p50__psi1p00,hardzero_plus_depr,0.02,37,748,0.0,1,0.51182044,0.51182044,1.0490458,0.08932112,0.08932112,1.0,3.3067535e-13,3.702096e-12,-27.754324,2.307947,0.76931566,0.136,0.0,0.1722728,22.410099,22.4401,2396800
hardzero_plus_depr__c0p54__z1p05__lam0p030__nu0p50__psi1p00,hardzero_plus_depr,0.02,37,749,0.0,1,0.51182044,0.51182044,1.0427547,0.09062445,0.09062445,1.0,3.2558464e-13,3.5926798e-12,-27.422224,2.294106,0.764702,0.16000001,0.0,0.17707181,22.4401,22.4701,2400000
hardzero_plus_depr__c0p54__z1p05__lam0p030__nu0p50__psi1p00,hardzero_plus_depr,0.02,37,750,0.0,1,0.51182044,0.51182044,1.0230657,0.0948275,0.0948275,1.0,3.3061588e-13,3.4864978e-12,-26.979162,2.2507894,0.75026315,0.128,0.0,0.16764937,22.4701,22.500101,2403200
hardzero_plus_depr__c0p54__z1p05__lam0p030__nu0p50__psi1p00,hardzero_plus_depr,0.02,37,751,0.0,1,0.51182044,0.51182044,1.0537828,0.0,0.088352144,0.0,0.0,3.3834537e-12,-27.93074,2.3183684,0.7727895,0.15200001,0.0,0.19935873,22.500101,22.530102,2406400
hardzero_plus_depr__c0p54__z1p05__lam0p030__nu0p50__psi1p00,hardzero_plus_depr,0.02,37,752,0.0,1,0.51182044,0.51182044,1.0629573,0.0,0.0865053,0.0,0.0,3.2834553e-12,-27.60131,2.3385527,0.7795176,0.120000005,0.0,0.18521205,22.530102,22.560102,2409600
hardzero_plus_depr__c0p54__z1p05__lam0p030__nu0p50__psi1p00,hardzero_plus_depr,0.02,37,753,0.0,1,0.51182044,0.51182044,0.9772756,0.10537179,0.10537179,1.0,3.3575798e-13,3.1864125e-12,-26.03917,2.1500492,0.7166831,0.192,0.0,0.17375398,22.560102,22.590103,2412800
hardzero_plus_depr__c0p54__z1p05__lam0p030__nu0p50__psi1p00,hardzero_plus_depr,0.02,37,754,0.0,1,0.51182044,0.51182044,1.013268,0.09699112,0.09699112,1.0,2.9991957e-13,3.0922374e-12,-26.591034,2.2292342,0.7430781,0.13,0.0,0.18176243,22.590103,22.620104,2416000
hardzero_plus_depr__c0p54__z1p05__lam0p030__nu0p50__psi1p00,hardzero_plus_depr,0.02,37,755,0.0,1,0.51182044,0.51182044,1.0775548,0.0,0.08364601,0.0,0.0,3.0008459e-12,-28.087854,2.370668,0.79022264,0.112,0.0,0.19005634,22.620104,22.650105,2419200
hardzero_plus_depr__c0p54__z1p05__lam0p030__nu0p50__psi1p00,hardzero_plus_depr,0.02,37,756,0.0,1,0.51182044,0.51182044,0.99375844,0.10144754,0.10144754,1.0,2.9543102e-13,2.9121558e-12,-26.412054,2.1863122,0.72877073,0.2,0.0,0.18445921,22.650105,22.680105,2422400
hardzero_plus_depr__c0p54__z1p05__lam0p030__nu0p50__psi1p00,hardzero_plus_depr,0.02,37,757,0.0,1,0.51182044,0.51182044,1.0132773,0.09698904,0.09698904,1.0,2.7409943e-13,2.8260866e-12,-26.581755,2.2292545,0.74308485,0.17600001,0.0,0.1845297,22.680105,22.710106,2425600
hardzero_plus_depr__c0p54__z1p05__lam0p030__nu0p50__psi1p00,hardzero_plus_depr,0.02,37,758,0.0,1,0.51182044,0.51182044,1.0714778,0.0,0.08482467,0.0,0.0,2.7425612e-12,-27.882841,2.3572981,0.78576607,0.14400001,0.008,0.2022311,22.710106,22.740107,2428800
hardzero_plus_depr__c0p54__z1p05__lam0p030__nu0p50__psi1p00,hardzero_plus_depr,0.02,37,759,0.0,1,0.51182044,0.51182044,1.0438696,0.09039209,0.09039209,1.0,2.4057893e-13,2.6615043e-12,-26.580673,2.296559,0.76551974,0.16800001,0.0,0.18717924,22.740107,22.770107,2432000
hardzero_plus_depr__c0p54__z1p05__lam0p030__nu0p50__psi1p00,hardzero_plus_depr,0.02,37,760,0.0,1,0.51182044,0.51182044,1.0166743,0.09623337,0.09623337,1.0,2.4855568e-13,2.582843e-12,-26.871273,2.236728,0.745576,0.17600001,0.0,0.18217103,22.770107,22.800108,2435200
hardzero_plus_depr__c0p54__z1p05__lam0p030__nu0p50__psi1p00,hardzero_plus_depr,0.02,37,761,0.0,1,0.51182044,0.51182044,1.0512881,0.0,0.08886112,0.0,0.0,2.506507e-12,-28.531294,2.31288,0.77096003,0.15200001,0.0,0.2008341,22.800108,22.830109,2438400
hardzero_plus_depr__c0p54__z1p05__lam0p030__nu0p50__psi1p00,hardzero_plus_depr,0.02,37,762,0.0,1,0.51182044,0.51182044,0.99521744,0.101107314,0.101107314,1.0,2.4593617e-13,2.432427e-12,-27.307657,2.189522,0.7298407,0.2,0.0,0.18401931,22.830109,22.86011,2441600
hardzero_plus_depr__c0p54__z1p05__lam0p030__nu0p50__psi1p00,hardzero_plus_depr,0.02,37,763,0.0,1,0.51182044,0.51182044,1.028408,0.09366814,0.09366814,1.0,2.21107e-13,2.3605358e-12,-27.75191,2.262543,0.754181,0.18400002,0.0,0.19947481,22.86011,22.89011,2444800
hardzero_plus_depr__c0p54__z1p05__lam0p030__nu0p50__psi1p00,hardzero_plus_depr,0.02,37,764,0.0,1,0.51182044,0.51182044,1.0276392,0.093834125,0.093834125,1.0,2.1495242e-13,2.2907702e-12,-27.125025,2.2608511,0.75361705,0.128,0.0,0.18874079,22.89011,22.92011,2448000
hardzero_plus_depr__c0p54__z1p05__lam0p030__nu0p50__psi1p00,hardzero_plus_depr,0.02,37,765,0.0,1,0.51182044,0.51182044,1.0139425,0.096840605,0.096840605,1.0,2.1528309e-13,2.2230663e-12,-27.7041,2.230718,0.74357265,0.18400002,0.0,0.20113605,22.92011,22.950111,2451200
hardzero_plus_depr__c0p54__z1p05__lam0p030__nu0p50__psi1p00,hardzero_plus_depr,0.02,37,766,0.0,1,0.51182044,0.51182044,1.0815878,0.0,0.08287283,0.0,0.0,2.157363e-12,-27.875422,2.3795407,0.7931802,0.080000006,0.0,0.22193657,22.950111,22.980112,2454400
hardzero_plus_depr__c0p54__z1p05__lam0p030__nu0p50__psi1p00,hardzero_plus_depr,0.02,37,767,0.0,1,0.51182044,0.51182044,1.0512302,0.0,0.08887299,0.0,0.0,2.093602e-12,-27.318916,2.3127527,0.7709176,0.17999999,0.0,0.1795994,22.980112,23.010113,2457600
hardzero_plus_depr__c0p54__z1p05__lam0p030__nu0p50__psi1p00,hardzero_plus_depr,0.02,37,768,0.0,1,0.51182044,0.51182044,0.95685816,0.11044393,0.11044393,1.0,2.2439174e-13,2.0317255e-12,-25.868032,2.10513,0.70171,0.15200001,0.0,0.17748101,23.010113,23.040113,2460800
hardzero_plus_depr__c0p54__z1p05__lam0p030__nu0p50__psi1p00,hardzero_plus_depr,0.02,37,769,0.0,1,0.51182044,0.51182044,0.97388315,0.10619813,0.10619813,1.0,2.0938846e-13,1.9716774e-12,-26.558525,2.1425858,0.71419525,0.136,0.0,0.17115217,23.040113,23.070114,2464000
hardzero_plus_depr__c0p54__z1p05__lam0p030__nu0p50__psi1p00,hardzero_plus_depr,0.02,37,770,0.0,1,0.51182044,0.51182044,0.99872893,0.100293115,0.100293115,1.0,1.9190128e-13,1.9134043e-12,-27.067686,2.1972475,0.73241585,0.16800001,0.0,0.22576396,23.070114,23.100115,2467200
hardzero_plus_depr__c0p54__z1p05__lam0p030__nu0p50__psi1p00,hardzero_plus_depr,0.02,37,771,0.0,1,0.51182044,0.51182044,1.0580386,0.0,0.087490596,0.0,0.0,1.8568532e-12,-27.980465,2.3277314,0.7759105,0.112,0.0,0.22449802,23.100115,23.130116,2470400
hardzero_plus_depr__c0p54__z1p05__lam0p030__nu0p50__psi1p00,hardzero_plus_depr,0.02,37,772,0.0,1,0.51182044,0.51182044,0.9956403,0.101008914,0.101008914,1.0,1.8201541e-13,1.8019738e-12,-27.07001,2.1904523,0.7301508,0.208,0.0,0.16437156,23.130116,23.160116,2473600
hardzero_plus_depr__c0p54__z1p05__lam0p030__nu0p50__psi1p00,hardzero_plus_depr,0.02,37,773,0.0,1,0.51182044,0.51182044,1.0002648,0.099939056,0.099939056,1.0,1.7476506e-13,1.7487163e-12,-26.873121,2.2006264,0.73354214,0.120000005,0.0,0.16564341,23.160116,23.190117,2476800
hardzero_plus_depr__c0p54__z1p05__lam0p030__nu0p50__psi1p00,hardzero_plus_depr,0.02,37,774,0.0,1,0.51182044,0.51182044,1.0234582,0.094741814,0.094741814,1.0,1.6077995e-13,1.6970326e-12,-27.775919,2.2516532,0.7505511,0.136,0.0,0.18864249,23.190117,23.220118,2480000
hardzero_plus_depr__c0p54__z1p05__lam0p030__nu0p50__psi1p00,hardzero_plus_depr,0.02,37,775,0.0,1,0.51182044,0.51182044,1.0185181,0.09582568,0.09582568,1.0,1.5781307e-13,1.6468765e-12,-26.419407,2.2407846,0.7469282,0.112,0.0,0.17697935,23.220118,23.250118,2483200
hardzero_plus_depr__c0p54__z1p05__lam0p030__nu0p50__psi1p00,hardzero_plus_depr,0.02,37,776,0.0,1,0.51182044,0.51182044,1.0131263,0.09702279,0.09702279,1.0,1.550621e-13,1.5982029e-12,-26.374277,2.2289224,0.74297416,0.14400001,0.0,0.17499807,23.250118,23.280119,2486400
hardzero_plus_depr__c0p54__z1p05__lam0p030__nu0p50__psi1p00,hardzero_plus_depr,0.02,37,777,0.0,1,0.51182044,0.51182044,0.992432,0.10175787,0.10175787,1.0,1.5782319e-13,1.5509679e-12,-27.195213,2.183394,0.727798,0.14400001,0.0,0.19696689,23.280119,23.31012,2489600
hardzero_plus_depr__c0p54__z1p05__lam0p030__nu0p50__psi1p00,hardzero_plus_depr,0.02,37,778,0.0,1,0.51182044,0.51182044,1.0223737,0.09497872,0.09497872,1.0,1.4295521e-13,1.5051288e-12,-26.68443,2.249267,0.74975574,0.192,0.0,0.16736682,23.31012,23.34012,2492800
hardzero_plus_depr__c0p54__z1p05__lam0p030__nu0p50__psi1p00,hardzero_plus_depr,0.02,37,779,0.0,1,0.51182044,0.51182044,1.0219991,0.09506067,0.09506067,1.0,1.3884986e-13,1.4606446e-12,-26.645418,2.248443,0.74948096,0.136,0.0,0.15886934,23.34012,23.370121,2496000
hardzero_plus_depr__c0p54__z1p05__lam0p030__nu0p50__psi1p00,hardzero_plus_depr,0.02,37,780,0.0,1,0.51182044,0.51182044,1.0294592,0.093441695,0.093441695,1.0,1.3245126e-13,1.4174749e-12,-27.663277,2.2648556,0.7549519,0.19999999,0.0,0.19059545,23.370121,23.400122,2499200
hardzero_plus_depr__c0p54__z1p05__lam0p030__nu0p50__psi1p00,hardzero_plus_depr,0.02,37,781,0.0,1,0.51182044,0.51182044,1.0723335,0.0,0.084657714,0.0,0.0,1.3755813e-12,-27.575146,2.3591807,0.7863936,0.15200001,0.0,0.17635362,23.400122,23.430122,2502400
hardzero_plus_depr__c0p54__z1p05__lam0p030__nu0p50__psi1p00,hardzero_plus_depr,0.02,37,782,0.0,1,0.51182044,0.51182044,1.0304693,0.09322462,0.09322462,1.0,1.2444796e-13,1.3349259e-12,-27.17185,2.2670777,0.7556926,0.136,0.0,0.1687302,23.430122,23.460123,2505600
hardzero_plus_depr__c0p54__z1p05__lam0p030__nu0p50__psi1p00,hardzero_plus_depr,0.02,37,783,0.0,1,0.51182044,0.51182044,1.0724818,0.0,0.08462881,0.0,0.0,1.2954719e-12,-27.798075,2.3595068,0.7865023,0.136,0.0,0.18281184,23.460123,23.490124,2508800
hardzero_plus_depr__c0p54__z1p05__lam0p030__nu0p50__psi1p00,hardzero_plus_depr,0.02,37,784,0.0,1,0.51182044,0.51182044,1.0562121,0.0,0.087859325,0.0,0.0,1.257184e-12,-27.699602,2.3237128,0.77457094,0.14400001,0.0,0.19147594,23.490124,23.520124,2512000
hardzero_plus_depr__c0p54__z1p05__lam0p030__nu0p50__psi1p00,hardzero_plus_depr,0.02,37,785,0.0,1,0.51182044,0.51182044,1.0518144,0.0,0.08875352,0.0,0.0,1.2200278e-12,-27.923098,2.314038,0.77134603,0.16000001,0.0,0.24764031,23.520124,23.550125,2515200
hardzero_plus_depr__c0p54__z1p05__lam0p030__nu0p50__psi1p00,hardzero_plus_depr,0.02,37,786,0.0,1,0.51182044,0.51182044,1.0336022,0.09255454,0.09255454,1.0,1.0958177e-13,1.1839697e-12,-27.279978,2.2739704,0.7579901,0.17600001,0.0,0.17449793,23.550125,23.580126,2518400
hardzero_plus_depr__c0p54__z1p05__lam0p030__nu0p50__psi1p00,hardzero_plus_depr,0.02,37,787,0.0,1,0.51182044,0.51182044,1.0441629,0.090331055,0.090331055,1.0,1.0378833e-13,1.1489773e-12,-27.225704,2.2972043,0.7657348,0.136,0.0,0.18686733,23.580126,23.610126,2521600
hardzero_plus_depr__c0p54__z1p05__lam0p030__nu0p50__psi1p00,hardzero_plus_depr,0.02,37,788,0.0,1,0.51182044,0.51182044,1.0260222,0.09418414,0.09418414,1.0,1.05017123e-13,1.1150192e-12,-27.054745,2.257294,0.75243133,0.208,0.0,0.19256747,23.610126,23.640127,2524800
hardzero_plus_depr__c0p54__z1p05__lam0p030__nu0p50__psi1p00,hardzero_plus_depr,0.02,37,789,0.0,1,0.51182044,0.51182044,1.041709,0.09084292,0.09084292,1.0,9.829791e-14,1.0820647e-12,-27.5303,2.2918055,0.7639352,0.16800001,0.0,0.1874797,23.640127,23.670128,2528000
hardzero_plus_depr__c0p54__z1p05__lam0p030__nu0p50__psi1p00,hardzero_plus_depr,0.02,37,790,0.0,1,0.51182044,0.51182044,1.0612917,0.0,0.0868377,0.0,0.0,1.0500841e-12,-27.535662,2.3348882,0.7782961,0.112,0.0,0.18875265,23.670128,23.700129,2531200
hardzero_plus_depr__c0p54__z1p05__lam0p030__nu0p50__psi1p00,hardzero_plus_depr,0.02,37,791,0.0,1,0.51182044,0.51182044,1.007546,0.09827748,0.09827748,1.0,1.0014954e-13,1.0190487e-12,-27.76398,2.2166452,0.73888177,0.14400001,0.0,0.18793184,23.700129,23.73013,2534400
hardzero_plus_depr__c0p54__z1p05__lam0p030__nu0p50__psi1p00,hardzero_plus_depr,0.02,37,792,0.0,1,0.51182044,0.51182044,1.0099049,0.09774511,0.09774511,1.0,9.666312e-14,9.889305e-13,-26.778986,2.2218351,0.74061173,0.128,0.0,0.17415798,23.73013,23.76013,2537600
hardzero_plus_depr__c0p54__z1p05__lam0p030__nu0p50__psi1p00,hardzero_plus_depr,0.02,37,793,0.0,1,0.51182044,0.51182044,1.0538352,0.0,0.08834151,0.0,0.0,9.597026e-13,-27.49487,2.3184836,0.77282786,0.14999999,0.0,0.18776928,23.76013,23.79013,2540800
hardzero_plus_depr__c0p54__z1p05__lam0p030__nu0p50__psi1p00,hardzero_plus_depr,0.02,37,794,0.0,1,0.51182044,0.51182044,1.0176346,0.0960208,0.0960208,1.0,8.942787e-14,9.313384e-13,-26.596394,2.2388408,0.7462803,0.14400001,0.0,0.22476786,23.79013,23.820131,2544000
hardzero_plus_depr__c0p54__z1p05__lam0p030__nu0p50__psi1p00,hardzero_plus_depr,0.02,37,795,0.0,1,0.51182044,0.51182044,1.0548928,0.0,0.088126644,0.0,0.0,9.038126e-13,-27.80657,2.3208106,0.77360356,0.16000001,0.0,0.18336144,23.820131,23.850132,2547200
hardzero_plus_depr__c0p54__z1p05__lam0p030__nu0p50__psi1p00,hardzero_plus_depr,0.02,37,796,0.0,1,0.51182044,0.51182044,1.0152694,0.096545175,0.096545175,1.0,8.46798e-14,8.771003e-13,-26.954924,2.2336373,0.7445458,0.224,0.0,0.18389866,23.850132,23.880133,2550400
hardzero_plus_depr__c0p54__z1p05__lam0p030__nu0p50__psi1p00,hardzero_plus_depr,0.02,37,797,0.0,1,0.51182044,0.51182044,0.9737851,0.10622211,0.10622211,1.0,9.041386e-14,8.511774e-13,-25.816692,2.14237,0.71412337,0.24000001,0.0,0.1884848,23.880133,23.910133,2553600
hardzero_plus_depr__c0p54__z1p05__lam0p030__nu0p50__psi1p00,hardzero_plus_depr,0.02,37,798,0.0,1,0.51182044,0.51182044,1.0847832,0.0,0.082265325,0.0,0.0,8.2602084e-13,-28.536098,2.3865707,0.7955236,0.17600001,0.0,0.22409032,23.910133,23.940134,2556800
hardzero_plus_depr__c0p54__z1p05__lam0p030__nu0p50__psi1p00,hardzero_plus_depr,0.02,37,799,0.0,1,0.51182044,0.51182044,1.0950985,0.0,0.08033439,0.0,0.0,8.016077e-13,-28.707474,2.4092648,0.8030883,0.18400002,0.0,0.22875997,23.940134,23.970135,2560000
hardzero_plus_depr__c0p54__z1p05__lam0p030__nu0p50__psi1p00,hardzero_plus_depr,0.02,37,800,0.0,1,0.51182044,0.51182044,1.0286051,0.09362565,0.09362565,1.0,7.2832894e-14,7.7791603e-13,-26.83768,2.2629764,0.7543255,0.18400002,0.0,0.1746043,23.970135,24.000135,2563200
hardzero_plus_depr__c0p54__z1p05__lam0p030__nu0p50__psi1p00,hardzero_plus_depr,0.02,37,801,0.0,1,0.51182044,0.51182044,1.0470648,0.08972948,0.08972948,1.0,6.7739e-14,7.5492466e-13,-27.659307,2.3035884,0.7678628,0.15200001,0.0,0.1704035,24.000135,24.030136,2566400
hardzero_plus_depr__c0p54__z1p05__lam0p030__nu0p50__psi1p00,hardzero_plus_depr,0.02,37,802,0.0,1,0.51182044,0.51182044,1.0312507,0.09305705,0.09305705,1.0,6.8174775e-14,7.326127e-13,-27.296593,2.268797,0.75626564,0.18400002,0.008,0.19642544,24.030136,24.060137,2569600
hardzero_plus_depr__c0p54__z1p05__lam0p030__nu0p50__psi1p00,hardzero_plus_depr,0.02,37,803,0.0,1,0.51182044,0.51182044,1.0441504,0.09033366,0.09033366,1.0,6.422365e-14,7.109603e-13,-27.936419,2.2971766,0.76572555,0.120000005,0.0,0.2283045,24.060137,24.090137,2572800
hardzero_plus_depr__c0p54__z1p05__lam0p030__nu0p50__psi1p00,hardzero_plus_depr,0.02,37,804,0.0,1,0.51182044,0.51182044,1.0430015,0.09057293,0.09057293,1.0,6.2490594e-14,6.8994783e-13,-26.972515,2.2946491,0.76488304,0.120000005,0.0,0.19422303,24.090137,24.120138,2576000
hardzero_plus_depr__c0p54__z1p05__lam0p030__nu0p50__psi1p00,hardzero_plus_depr,0.02,37,805,0.0,1,0.51182044,0.51182044,1.0370271,0.091827534,0.091827534,1.0,6.14837e-14,6.6955626e-13,-27.34943,2.2815053,0.7605018,0.14400001,0.0,0.18236285,24.120138,24.150139,2579200
hardzero_plus_depr__c0p54__z1p05__lam0p030__nu0p50__psi1p00,hardzero_plus_depr,0.02,37,806,0.0,1,0.51182044,0.51182044,1.1110544,0.0,0.07743648,0.0,0.0,6.4976746e-13,-28.443708,2.4443686,0.81478953,0.11,0.0,0.19263805,24.150139,24.18014,2582400
hardzero_plus_depr__c0p54__z1p05__lam0p030__nu0p50__psi1p00,hardzero_plus_depr,0.02,37,807,0.0,1,0.51182044,0.51182044,1.0742278,0.0,0.084289245,0.0,0.0,6.305635e-13,-27.539501,2.3633482,0.7877828,0.072000004,0.0,0.1766881,24.18014,24.21014,2585600
hardzero_plus_depr__c0p54__z1p05__lam0p030__nu0p50__psi1p00,hardzero_plus_depr,0.02,37,808,0.0,1,0.51182044,0.51182044,1.0329189,0.09270027,0.09270027,1.0,5.6725807e-14,6.1192707e-13,-27.299286,2.2724671,0.7574891,0.2,0.0,0.17103034,24.21014,24.24014,2588800
hardzero_plus_depr__c0p54__z1p05__lam0p030__nu0p50__psi1p00,hardzero_plus_depr,0.02,37,809,0.0,1,0.51182044,0.51182044,1.0348508,0.09228884,0.09228884,1.0,5.480494e-14,5.938415e-13,-27.262722,2.2767172,0.75890577,0.15200001,0.0,0.17556204,24.24014,24.270142,2592000
hardzero_plus_depr__c0p54__z1p05__lam0p030__nu0p50__psi1p00,hardzero_plus_depr,0.02,37,810,0.0,1,0.51182044,0.51182044,1.0666976,0.0,0.08576348,0.0,0.0,5.762904e-13,-27.612062,2.3467815,0.78226054,0.14400001,0.0,0.16703638,24.270142,24.300142,2595200
hardzero_plus_depr__c0p54__z1p05__lam0p030__nu0p50__psi1p00,hardzero_plus_depr,0.02,37,811,0.0,1,0.51182044,0.51182044,1.0121698,0.09723669,0.09723669,1.0,5.4380406e-14,5.592581e-13,-26.990406,2.226818,0.74227273,0.136,0.0,0.16884695,24.300142,24.330143,2598400
hardzero_plus_depr__c0p54__z1p05__lam0p030__nu0p50__psi1p00,hardzero_plus_depr,0.02,37,812,0.0,1,0.51182044,0.51182044,1.0181043,0.095917016,0.095917016,1.0,5.2056958e-14,5.427291e-13,-27.060448,2.2398741,0.7466247,0.18400002,0.0,0.20108135,24.330143,24.360144,2601600
hardzero_plus_depr__c0p54__z1p05__lam0p030__nu0p50__psi1p00,hardzero_plus_depr,0.02,37,813,0.0,1,0.51182044,0.51182044,1.001031,0.099762864,0.099762864,1.0,5.2543974e-14,5.266887e-13,-27.51003,2.2023122,0.7341041,0.120000005,0.0,0.17015359,24.360144,24.390144,2604800
hardzero_plus_depr__c0p54__z1p05__lam0p030__nu0p50__psi1p00,hardzero_plus_depr,0.02,37,814,0.0,1,0.51182044,0.51182044,1.0423957,0.09069937,0.09069937,1.0,4.635848e-14,5.111224e-13,-27.490345,2.2933164,0.7644388,0.16800001,0.0,0.19765104,24.390144,24.420145,2608000
hardzero_plus_depr__c0p54__z1p05__lam0p030__nu0p50__psi1p00,hardzero_plus_depr,0.02,37,815,0.0,1,0.51182044,0.51182044,1.1253315,0.0,0.07493221,0.0,0.0,4.9601604e-13,-28.691887,2.4757788,0.8252596,0.136,0.0,0.19029254,24.420145,24.450146,2611200
hardzero_plus_depr__c0p54__z1p05__lam0p030__nu0p50__psi1p00,hardzero_plus_depr,0.02,37,816,0.0,1,0.51182044,0.51182044,1.0166852,0.09623094,0.09623094,1.0,4.6321366e-14,4.813563e-13,-26.59299,2.2367523,0.74558413,0.136,0.0,0.16236746,24.450146,24.480146,2614400
hardzero_plus_depr__c0p54__z1p05__lam0p030__nu0p50__psi1p00,hardzero_plus_depr,0.02,37,817,0.0,1,0.51182044,0.51182044,1.0090891,0.097928904,0.097928904,1.0,4.57455e-14,4.671297e-13,-26.29134,2.2200403,0.7400135,0.15200001,0.0,0.18254502,24.480146,24.510147,2617600
hardzero_plus_depr__c0p54__z1p05__lam0p030__nu0p50__psi1p00,hardzero_plus_depr,0.02,37,818,0.0,1,0.51182044,0.51182044,1.0621954,0.0,0.08665719,0.0,0.0,4.5332363e-13,-27.686745,2.3368766,0.7789589,0.17600001,0.0,0.1850068,24.510147,24.540148,2620800
hardzero_plus_depr__c0p54__z1p05__lam0p030__nu0p50__psi1p00,hardzero_plus_depr,0.02,37,819,0.0,1,0.51182044,0.51182044,0.9990299,0.10022362,0.10022362,1.0,4.4090935e-14,4.3992558e-13,-26.838583,2.1979096,0.7326366,0.11,0.0,0.15972537,24.540148,24.570148,2624000
hardzero_plus_depr__c0p54__z1p05__lam0p030__nu0p50__psi1p00,hardzero_plus_depr,0.02,37,820,0.0,1,0.51182044,0.51182044,1.0406623,0.091062106,0.091062106,1.0,3.8876556e-14,4.2692352e-13,-26.958292,2.2895026,0.76316756,0.136,0.0,0.23431544,24.570148,24.60015,2627200
hardzero_plus_depr__c0p54__z1p05__lam0p030__nu0p50__psi1p00,hardzero_plus_depr,0.02,37,821,0.0,1,0.51182044,0.51182044,1.0833852,0.0,0.08253055,0.0,0.0,4.1430577e-13,-27.872993,2.383495,0.7944984,0.15200001,0.0,0.19919135,24.60015,24.63015,2630400
hardzero_plus_depr__c0p54__z1p05__lam0p030__nu0p50__psi1p00,hardzero_plus_depr,0.02,37,822,0.0,1,0.51182044,0.51182044,1.0193304,0.09564661,0.09564661,1.0,3.845576e-14,4.0206087e-13,-26.564608,2.2425716,0.7475239,0.112,0.0,0.19015779,24.63015,24.66015,2633600
hardzero_plus_depr__c0p54__z1p05__lam0p030__nu0p50__psi1p00,hardzero_plus_depr,0.02,37,823,0.0,1,0.51182044,0.51182044,1.0253742,0.09432479,0.09432479,1.0,3.680345e-14,3.901779e-13,-26.63621,2.2558682,0.7519561,0.16000001,0.0,0.18650432,24.66015,24.690151,2636800
hardzero_plus_depr__c0p54__z1p05__lam0p030__nu0p50__psi1p00,hardzero_plus_depr,0.02,37,824,0.0,1,0.51182044,0.51182044,1.025837,0.09422432,0.09422432,1.0,3.5677678e-14,3.7864617e-13,-26.931585,2.2568862,0.75229543,0.17600001,0.0,0.1863991,24.690151,24.720152,2640000
hardzero_plus_depr__c0p54__z1p05__lam0p030__nu0p50__psi1p00,hardzero_plus_depr,0.02,37,825,0.0,1,0.51182044,0.51182044,1.0838356,0.0,0.082445,0.0,0.0,3.6745523e-13,-28.453133,2.384486,0.79482865,0.120000005,0.0,0.21432689,24.720152,24.750153,2643200
hardzero_plus_depr__c0p54__z1p05__lam0p030__nu0p50__psi1p00,hardzero_plus_depr,0.02,37,826,0.0,1,0.51182044,0.51182044,1.0939392,0.0,0.08054913,0.0,0.0,3.5659507e-13,-28.759031,2.4067142,0.8022381,0.104,0.0,0.19700457,24.750153,24.780153,2646400
hardzero_plus_depr__c0p54__z1p05__lam0p030__nu0p50__psi1p00,hardzero_plus_depr,0.02,37,827,0.0,1,0.51182044,0.51182044,1.018809,0.09576152,0.09576152,1.0,3.3138833e-14,3.460558e-13,-26.946896,2.2414246,0.74714154,0.128,0.0,0.17812641,24.780153,24.810154,2649600
hardzero_plus_depr__c0p54__z1p05__lam0p030__nu0p50__psi1p00,hardzero_plus_depr,0.02,37,828,0.0,1,0.51182044,0.51182044,1.0291533,0.09350753,0.09350753,1.0,3.1402456e-14,3.358281e-13,-27.631123,2.2641826,0.75472754,0.15200001,0.0,0.21486767,24.810154,24.840155,2652800
hardzero_plus_depr__c0p54__z1p05__lam0p030__nu0p50__psi1p00,hardzero_plus_depr,0.02,37,829,0.0,1,0.51182044,0.51182044,1.0194329,0.09562404,0.09562404,1.0,3.1164124e-14,3.2590263e-13,-27.144455,2.2427971,0.74759907,0.15200001,0.0,0.17788348,24.840155,24.870155,2656000
hardzero_plus_depr__c0p54__z1p05__lam0p030__nu0p50__psi1p00,hardzero_plus_depr,0.02,37,830,0.0,1,0.51182044,0.51182044,1.0436716,0.09043331,0.09043331,1.0,2.8601396e-14,3.1627058e-13,-28.188265,2.2961233,0.7653744,0.224,0.0,0.1892264,24.870155,24.900156,2659200
hardzero_plus_depr__c0p54__z1p05__lam0p030__nu0p50__psi1p00,hardzero_plus_depr,0.02,37,831,0.0,1,0.51182044,0.51182044,1.0304359,0.093231805,0.093231805,1.0,2.8615e-14,3.0692316e-13,-27.398804,2.2670043,0.7556681,0.2,0.0,0.20595741,24.900156,24.930157,2662400
hardzero_plus_depr__c0p54__z1p05__lam0p030__nu0p50__psi1p00,hardzero_plus_depr,0.02,37,832,0.0,1,0.51182044,0.51182044,1.0486243,0.08940786,0.08940786,1.0,2.6630308e-14,2.9785197e-13,-27.758951,2.3070195,0.7690065,0.14999999,0.0,0.20650592,24.930157,24.960157,2665600
hardzero_plus_depr__c0p54__z1p05__lam0p030__nu0p50__psi1p00,hardzero_plus_depr,0.02,37,833,0.0,1,0.51182044,0.51182044,1.057895,0.0,0.08751955,0.0,0.0,2.8904892e-13,-27.205276,2.3274155,0.7758052,0.16000001,0.0,0.20655996,24.960157,24.990158,2668800
hardzero_plus_depr__c0p54__z1p05__lam0p030__nu0p50__psi1p00,hardzero_plus_depr,0.02,37,834,0.0,1,0.51182044,0.51182044,1.0544536,0.0,0.0882158,0.0,0.0,2.8050606e-13,-28.788141,2.3198442,0.77328146,0.2,0.0,0.21833466,24.990158,25.020159,2672000
hardzero_plus_depr__c0p54__z1p05__lam0p030__nu0p50__psi1p00,hardzero_plus_depr,0.02,37,835,0.0,1,0.51182044,0.51182044,1.0406995,0.09105431,0.09105431,1.0,2.478641e-14,2.7221565e-13,-27.522713,2.2895846,0.7631949,0.16800001,0.0,0.21655942,25.020159,25.05016,2675200
hardzero_plus_depr__c0p54__z1p05__lam0p030__nu0p50__psi1p00,hardzero_plus_depr,0.02,37,836,0.0,1,0.51182044,0.51182044,1.0304661,0.093225315,0.093225315,1.0,2.462736e-14,2.641703e-13,-27.408323,2.2670705,0.7556902,0.16800001,0.0,0.19707066,25.05016,25.08016,2678400
hardzero_plus_depr__c0p54__z1p05__lam0p030__nu0p50__psi1p00,hardzero_plus_depr,0.02,37,837,0.0,1,0.51182044,0.51182044,1.0238744,0.09465108,0.09465108,1.0,2.4265005e-14,2.563627e-13,-27.476442,2.2525687,0.7508563,0.224,0.0,0.21941742,25.08016,25.11016,2681600
hardzero_plus_depr__c0p54__z1p05__lam0p030__nu0p50__psi1p00,hardzero_plus_depr,0.02,37,838,0.0,1,0.51182044,0.51182044,1.1116912,0.0,0.07732301,0.0,0.0,2.4878586e-13,-28.797829,2.4457695,0.81525654,0.136,0.0,0.23748131,25.11016,25.140162,2684800
hardzero_plus_depr__c0p54__z1p05__lam0p030__nu0p50__psi1p00,hardzero_plus_depr,0.02,37,839,0.0,1,0.51182044,0.51182044,1.0305066,0.09321663,0.09321663,1.0,2.2505569e-14,2.4143299e-13,-27.037964,2.26716,0.75572,0.16800001,0.0,0.17952912,25.140162,25.170162,2688000
hardzero_plus_depr__c0p54__z1p05__lam0p030__nu0p50__psi1p00,hardzero_plus_depr,0.02,37,840,0.0,1,0.51182044,0.51182044,1.0310565,0.09309866,0.09309866,1.0,2.1812774e-14,2.342974e-13,-27.30055,2.2683697,0.75612324,0.08800001,0.0,0.16261962,25.170162,25.200163,2691200
hardzero_plus_depr__c0p54__z1p05__lam0p030__nu0p50__psi1p00,hardzero_plus_depr,0.02,37,841,0.0,1,0.51182044,0.51182044,1.0089171,0.09796769,0.09796769,1.0,2.2275178e-14,2.2737269e-13,-26.420866,2.219662,0.73988736,0.14400001,0.0,0.1660054,25.200163,25.230164,2694400
hardzero_plus_depr__c0p54__z1p05__lam0p030__nu0p50__psi1p00,hardzero_plus_depr,0.02,37,842,0.0,1,0.51182044,0.51182044,1.0295401,0.09342432,0.09342432,1.0,2.0614324e-14,2.2065265e-13,-28.720013,2.2650332,0.7550111,0.136,0.0,0.16972715,25.230164,25.260164,2697600
hardzero_plus_depr__c0p54__z1p05__lam0p030__nu0p50__psi1p00,hardzero_plus_depr,0.02,37,843,0.0,1,0.51182044,0.51182044,0.995572,0.10102481,0.10102481,1.0,2.1632568e-14,2.1413124e-13,-26.2845,2.1903021,0.73010075,0.17600001,0.0,0.17511396,25.260164,25.290165,2700800
hardzero_plus_depr__c0p54__z1p05__lam0p030__nu0p50__psi1p00,hardzero_plus_depr,0.02,37,844,0.0,1,0.51182044,0.51182044,1.0029023,0.099333964,0.099333964,1.0,2.0641852e-14,2.0780257e-13,-26.81427,2.206429,0.7354764,0.16000001,0.0,0.16295671,25.290165,25.320166,2704000
hardzero_plus_depr__c0p54__z1p05__lam0p030__nu0p50__psi1p00,hardzero_plus_depr,0.02,37,845,0.0,1,0.51182044,0.51182044,1.0125136,0.09715976,0.09715976,1.0,1.9593327e-14,2.0166093e-13,-27.605228,2.2275746,0.74252486,0.13,0.0,0.18033564,25.320166,25.350166,2707200
hardzero_plus_depr__c0p54__z1p05__lam0p030__nu0p50__psi1p00,hardzero_plus_depr,0.02,37,846,0.0,1,0.51182044,0.51182044,1.0480394,0.08952835,0.08952835,1.0,1.7520771e-14,1.9570082e-13,-26.734013,2.3057327,0.7685776,0.104,0.0,0.18445526,25.350166,25.380167,2710400
hardzero_plus_depr__c0p54__z1p05__lam0p030__nu0p50__psi1p00,hardzero_plus_depr,0.02,37,847,0.0,1,0.51182044,0.51182044,1.0459293,0.08996441,0.08996441,1.0,1.7085757e-14,1.8991685e-13,-28.524965,2.3010905,0.7670302,0.192,0.0,0.20612633,25.380167,25.410168,2713600
hardzero_plus_depr__c0p54__z1p05__lam0p030__nu0p50__psi1p00,hardzero_plus_depr,0.02,37,848,0.0,1,0.51182044,0.51182044,1.1067694,0.0,0.07820428,0.0,0.0,1.8430384e-13,-28.464449,2.4349413,0.8116471,0.128,0.0,0.19567046,25.410168,25.440168,2716800
hardzero_plus_depr__c0p54__z1p05__lam0p030__nu0p50__psi1p00,hardzero_plus_depr,0.02,37,849,0.0,1,0.51182044,0.51182044,0.98886436,0.10259723,0.10259723,1.0,1.8350203e-14,1.7885671e-13,-27.589878,2.175545,0.7251817,0.18400002,0.0,0.20865645,25.440168,25.47017,2720000
hardzero_plus_depr__c0p54__z1p05__lam0p030__nu0p50__psi1p00,hardzero_plus_depr,0.02,37,850,0.0,1,0.51182044,0.51182044,1.0269495,0.09398324,0.09398324,1.0,1.6312725e-14,1.7357058e-13,-26.919481,2.259334,0.75311136,0.192,0.0,0.19109644,25.47017,25.50017,2723200
hardzero_plus_depr__c0p54__z1p05__lam0p030__nu0p50__psi1p00,hardzero_plus_depr,0.02,37,851,0.0,1,0.51182044,0.51182044,1.0595407,0.0,0.08718851,0.0,0.0,1.6844069e-13,-27.471134,2.331036,0.77701205,0.15200001,0.0,0.21242929,25.50017,25.53017,2726400
hardzero_plus_depr__c0p54__z1p05__lam0p030__nu0p50__psi1p00,hardzero_plus_depr,0.02,37,852,0.0,1,0.51182044,0.51182044,1.0545572,0.0,0.088194765,0.0,0.0,1.6346238e-13,-27.556599,2.3200722,0.7733574,0.208,0.0,0.22829153,25.53017,25.560171,2729600
hardzero_plus_depr__c0p54__z1p05__lam0p030__nu0p50__psi1p00,hardzero_plus_depr,0.02,37,853,0.0,1,0.51182044,0.51182044,1.0020148,0.09953716,0.09953716,1.0,1.5789702e-14,1.5863123e-13,-27.10622,2.2044764,0.7348255,0.18400002,0.0,0.20529398,25.560171,25.590172,2732800
hardzero_plus_depr__c0p54__z1p05__lam0p030__nu0p50__psi1p00,hardzero_plus_depr,0.02,37,854,0.0,1,0.51182044,0.51182044,1.0171406,0.09613009,0.09613009,1.0,1.479854e-14,1.5394286e-13,-26.881235,2.237754,0.74591804,0.15200001,0.0,0.17015453,25.590172,25.620173,2736000
hardzero_plus_depr__c0p54__z1p05__lam0p030__nu0p50__psi1p00,hardzero_plus_depr,0.02,37,855,0.0,1,0.51182044,0.51182044,1.087888,0.0,0.081679285,0.0,0.0,1.4939306e-13,-28.285315,2.3934014,0.7978005,0.136,0.0,0.2111669,25.620173,25.650173,2739200
hardzero_plus_depr__c0p54__z1p05__lam0p030__nu0p50__psi1p00,hardzero_plus_depr,0.02,37,856,0.0,1,0.51182044,0.51182044,1.0049009,0.098877855,0.098877855,1.0,1.4335087e-14,1.4497774e-13,-26.480894,2.2108262,0.73694205,0.128,0.0,0.18725571,25.650173,25.680174,2742400
hardzero_plus_depr__c0p54__z1p05__lam0p030__nu0p50__psi1p00,hardzero_plus_depr,0.02,37,857,0.0,1,0.51182044,0.51182044,1.0552357,0.0,0.08805706,0.0,0.0,1.4069289e-13,-27.767105,2.321565,0.773855,0.120000005,0.0,0.18203025,25.680174,25.710175,2745600
hardzero_plus_depr__c0p54__z1p05__lam0p030__nu0p50__psi1p00,hardzero_plus_depr,0.02,37,858,0.0,1,0.51182044,0.51182044,1.0583726,0.0,0.087423325,0.0,0.0,1.365347e-13,-27.682934,2.3284662,0.7761554,0.17,0.0,0.19068658,25.710175,25.740175,2748800
hardzero_plus_depr__c0p54__z1p05__lam0p030__nu0p50__psi1p00,hardzero_plus_depr,0.02,37,859,0.0,1,0.51182044,0.51182044,1.0335758,0.09256019,0.09256019,1.0,1.22641706e-14,1.3249941e-13,-27.81152,2.2739122,0.75797075,0.16000001,0.0,0.18991672,25.740175,25.770176,2752000
hardzero_plus_depr__c0p54__z1p05__lam0p030__nu0p50__psi1p00,hardzero_plus_depr,0.02,37,860,0.0,1,0.51182044,0.51182044,1.0102236,0.097673416,0.097673416,1.0,1.2559175e-14,1.2858336e-13,-27.268751,2.2225363,0.74084544,0.16800001,0.0,0.18763636,25.770176,25.800177,2755200
hardzero_plus_depr__c0p54__z1p05__lam0p030__nu0p50__psi1p00,hardzero_plus_depr,0.02,37,861,0.0,1,0.51182044,0.51182044,1.0531894,0.0,0.08847298,0.0,0.0,1.2478308e-13,-27.451128,2.3170629,0.7723543,0.096,0.0,0.18977176,25.800177,25.830177,2758400
hardzero_plus_depr__c0p54__z1p05__lam0p030__nu0p50__psi1p00,hardzero_plus_depr,0.02,37,862,0.0,1,0.51182044,0.51182044,1.0335312,0.09256967,0.09256967,1.0,1.1209732e-14,1.2109508e-13,-27.457123,2.273814,0.757938,0.15200001,0.0,0.16873439,25.830177,25.860178,2761600
hardzero_plus_depr__c0p54__z1p05__lam0p030__nu0p50__psi1p00,hardzero_plus_depr,0.02,37,863,0.0,1,0.51182044,0.51182044,1.056219,0.0,0.08785795,0.0,0.0,1.175161e-13,-27.73338,2.323728,0.77457607,0.128,0.0,0.19332194,25.860178,25.890179,2764800
hardzero_plus_depr__c0p54__z1p05__lam0p030__nu0p50__psi1p00,hardzero_plus_depr,0.02,37,864,0.0,1,0.51182044,0.51182044,1.0184093,0.095849685,0.095849685,1.0,1.0930976e-14,1.140429e-13,-27.280838,2.240545,0.74684834,0.18400002,0.0,0.16751043,25.890179,25.92018,2768000
hardzero_plus_depr__c0p54__z1p05__lam0p030__nu0p50__psi1p00,hardzero_plus_depr,0.02,37,865,0.0,1,0.51182044,0.51182044,1.0051099,0.0988303,0.0988303,1.0,1.09377805e-14,1.1067234e-13,-27.005459,2.2112858,0.7370953,0.128,0.0,0.20345809,25.92018,25.95018,2771200
hardzero_plus_depr__c0p54__z1p05__lam0p030__nu0p50__psi1p00,hardzero_plus_depr,0.02,37,866,0.0,1,0.51182044,0.51182044,1.0405602,0.09108352,0.09108352,1.0,9.782499e-15,1.0740141e-13,-27.122746,2.2892783,0.76309276,0.16800001,0.0,0.1959285,25.95018,25.98018,2774400
hardzero_plus_depr__c0p54__z1p05__lam0p030__nu0p50__psi1p00,hardzero_plus_depr,0.02,37,867,0.0,1,0.51182044,0.51182044,1.0789104,0.0,0.08338532,0.0,0.0,1.0422715e-13,-28.422451,2.37365,0.79121673,0.16000001,0.0,0.22637665,25.98018,26.010181,2777600
hardzero_plus_depr__c0p54__z1p05__lam0p030__nu0p50__psi1p00,hardzero_plus_depr,0.02,37,868,0.0,1,0.51182044,0.51182044,0.99327826,0.10155978,0.10155978,1.0,1.0272437e-14,1.01146705e-13,-26.830793,2.1852558,0.7284186,0.128,0.0,0.17045547,26.010181,26.040182,2780800
hardzero_plus_depr__c0p54__z1p05__lam0p030__nu0p50__psi1p00,hardzero_plus_depr,0.02,37,869,0.0,1,0.51182044,0.51182044,1.0844433,0.0,0.08232973,0.0,0.0,9.8157295e-14,-28.511927,2.385823,0.7952744,0.128,0.0,0.22265278,26.040182,26.070183,2784000
hardzero_plus_depr__c0p54__z1p05__lam0p030__nu0p50__psi1p00,hardzero_plus_depr,0.02,37,870,0.0,1,0.51182044,0.51182044,1.0540777,0.0,0.08829218,0.0,0.0,9.525625e-14,-28.367012,2.3190174,0.77300584,0.17600001,0.0,0.18002039,26.070183,26.100183,2787200
hardzero_plus_depr__c0p54__z1p05__lam0p030__nu0p50__psi1p00,hardzero_plus_depr,0.02,37,871,0.0,1,0.51182044,0.51182044,0.9936649,0.101469405,0.101469405,1.0,9.379927e-15,9.2440934e-14,-27.306858,2.1861064,0.7287022,0.17999999,0.0,0.20026919,26.100183,26.130184,2790400
hardzero_plus_depr__c0p54__z1p05__lam0p030__nu0p50__psi1p00,hardzero_plus_depr,0.02,37,872,0.0,1,0.51182044,0.51182044,1.049829,0.08916018,0.08916018,1.0,7.998455e-15,8.9708826e-14,-27.90717,2.30967,0.76989,0.224,0.0,0.16898501,26.130184,26.160185,2793600
hardzero_plus_depr__c0p54__z1p05__lam0p030__nu0p50__psi1p00,hardzero_plus_depr,0.02,37,873,0.0,1,0.51182044,0.51182044,1.0538117,0.0,0.088346295,0.0,0.0,8.705748e-14,-28.333765,2.318432,0.7728107,0.136,0.0,0.21448675,26.160185,26.190186,2796800
hardzero_plus_depr__c0p54__z1p05__lam0p030__nu0p50__psi1p00,hardzero_plus_depr,0.02,37,874,0.0,1,0.51182044,0.51182044,0.9865399,0.10314782,0.10314782,1.0,8.714389e-15,8.4484476e-14,-26.76776,2.1704311,0.72347707,0.18400002,0.0,0.18356481,26.190186,26.220186,2800000
hardzero_plus_depr__c0p54__z1p05__lam0p030__nu0p50__psi1p00,hardzero_plus_depr,0.02,37,875,0.0,1,0.51182044,0.51182044,1.0564538,0.0,0.08781046,0.0,0.0,8.198753e-14,-27.57472,2.3242447,0.77474827,0.15200001,0.0,0.1849881,26.220186,26.250187,2803200
hardzero_plus_depr__c0p54__z1p05__lam0p030__nu0p50__psi1p00,hardzero_plus_depr,0.02,37,876,0.0,1,0.51182044,0.51182044,1.0422556,0.090728626,0.090728626,1.0,7.218766e-15,7.956437e-14,-27.083256,2.293008,0.76433605,0.16800001,0.0,0.18013547,26.250187,26.280188,2806400
hardzero_plus_depr__c0p54__z1p05__lam0p030__nu0p50__psi1p00,hardzero_plus_depr,0.02,37,877,0.0,1,0.51182044,0.51182044,1.0163429,0.09630684,0.09630684,1.0,7.436125e-15,7.721285e-14,-26.712572,2.235999,0.7453331,0.16000001,0.0,0.18197447,26.280188,26.310188,2809600
hardzero_plus_depr__c0p54__z1p05__lam0p030__nu0p50__psi1p00,hardzero_plus_depr,0.02,37,878,0.0,1,0.51182044,0.51182044,1.0786693,0.0,0.08343162,0.0,0.0,7.4930805e-14,-28.505184,2.3731198,0.79103994,0.14400001,0.0,0.19891432,26.310188,26.340189,2812800
hardzero_plus_depr__c0p54__z1p05__lam0p030__nu0p50__psi1p00,hardzero_plus_depr,0.02,37,879,0.0,1,0.51182044,0.51182044,1.0400182,0.09119727,0.09119727,1.0,6.63152e-15,7.271621e-14,-26.734585,2.2880857,0.76269525,0.120000005,0.0,0.17713958,26.340189,26.37019,2816000
hardzero_plus_depr__c0p54__z1p05__lam0p030__nu0p50__psi1p00,hardzero_plus_depr,0.02,37,880,0.0,1,0.51182044,0.51182044,1.052108,0.0,0.08869354,0.0,0.0,7.0567074e-14,-28.741817,2.314684,0.7715613,0.096,0.0,0.21181808,26.37019,26.40019,2819200
hardzero_plus_depr__c0p54__z1p05__lam0p030__nu0p50__psi1p00,hardzero_plus_depr,0.02,37,881,0.0,1,0.51182044,0.51182044,1.0500133,0.0,0.089122355,0.0,0.0,6.8481455e-14,-27.444227,2.3100753,0.77002513,0.104,0.0,0.18478793,26.40019,26.430191,2822400
hardzero_plus_depr__c0p54__z1p05__lam0p030__nu0p50__psi1p00,hardzero_plus_depr,0.02,37,882,0.0,1,0.51182044,0.51182044,1.0354985,0.092151314,0.092151314,1.0,6.124144e-15,6.645748e-14,-27.065702,2.2781422,0.75938076,0.17600001,0.0,0.19784485,26.430191,26.460192,2825600
hardzero_plus_depr__c0p54__z1p05__lam0p030__nu0p50__psi1p00,hardzero_plus_depr,0.02,37,883,0.0,1,0.51182044,0.51182044,1.0089257,0.097965755,0.097965755,1.0,6.3181365e-15,6.449332e-14,-27.165462,2.2196808,0.7398936,0.16800001,0.0,0.17991684,26.460192,26.490192,2828800
hardzero_plus_depr__c0p54__z1p05__lam0p030__nu0p50__psi1p00,hardzero_plus_depr,0.02,37,884,0.0,1,0.51182044,0.51182044,1.0839375,0.0,0.08242567,0.0,0.0,6.258721e-14,-27.646933,2.38471,0.7949034,0.099999994,0.0,0.17262027,26.490192,26.520193,2832000
hardzero_plus_depr__c0p54__z1p05__lam0p030__nu0p50__psi1p00,hardzero_plus_depr,0.02,37,885,0.0,1,0.51182044,0.51182044,1.0126569,0.0971277,0.0971277,1.0,5.8992876e-15,6.073744e-14,-27.371141,2.2278898,0.74262995,0.17600001,0.0,0.17880997,26.520193,26.550194,2835200
hardzero_plus_depr__c0p54__z1p05__lam0p030__nu0p50__psi1p00,hardzero_plus_depr,0.02,37,886,0.0,1,0.51182044,0.51182044,1.0704135,0.0,0.085032806,0.0,0.0,5.894233e-14,-27.942213,2.3549566,0.78498554,0.128,0.0,0.21855475,26.550194,26.580194,2838400
hardzero_plus_depr__c0p54__z1p05__lam0p030__nu0p50__psi1p00,hardzero_plus_depr,0.02,37,887,0.0,1,0.51182044,0.51182044,1.0375152,0.09172438,0.09172438,1.0,5.2466606e-15,5.7200284e-14,-27.91188,2.282579,0.76085967,0.16800001,0.0,0.20538957,26.580194,26.610195,2841600
hardzero_plus_depr__c0p54__z1p05__lam0p030__nu0p50__psi1p00,hardzero_plus_depr,0.02,37,888,0.0,1,0.51182044,0.51182044,1.0382044,0.091578916,0.091578916,1.0,5.0835203e-15,5.5509725e-14,-26.843275,2.2840953,0.7613651,0.104,0.0,0.15951678,26.610195,26.640196,2844800
hardzero_plus_depr__c0p54__z1p05__lam0p030__nu0p50__psi1p00,hardzero_plus_depr,0.02,37,889,0.0,1,0.51182044,0.51182044,0.9471025,0.11295295,0.11295295,1.0,6.084677e-15,5.3869127e-14,-25.903934,2.083667,0.6945557,0.16000001,0.0,0.16038832,26.640196,26.670197,2848000
hardzero_plus_depr__c0p54__z1p05__lam0p030__nu0p50__psi1p00,hardzero_plus_depr,0.02,37,890,0.0,1,0.51182044,0.51182044,0.99660975,0.10078368,0.10078368,1.0,5.2686703e-15,5.2277017e-14,-27.107727,2.1925852,0.7308618,0.16800001,0.0,0.17568062,26.670197,26.700197,2851200
hardzero_plus_depr__c0p54__z1p05__lam0p030__nu0p50__psi1p00,hardzero_plus_depr,0.02,37,891,0.0,1,0.51182044,0.51182044,1.0569957,0.0,0.08770095,0.0,0.0,5.073196e-14,-28.585608,2.325437,0.7751457,0.120000005,0.0,0.19282492,26.700197,26.730198,2854400
hardzero_plus_depr__c0p54__z1p05__lam0p030__nu0p50__psi1p00,hardzero_plus_depr,0.02,37,892,0.0,1,0.51182044,0.51182044,0.9689738,0.107405424,0.107405424,1.0,5.2878454e-15,4.9232574e-14,-26.374601,2.131785,0.710595,0.136,0.0,0.18422993,26.730198,26.760199,2857600
hardzero_plus_depr__c0p54__z1p05__lam0p030__nu0p50__psi1p00,hardzero_plus_depr,0.02,37,893,0.0,1,0.51182044,0.51182044,1.0523978,0.0,0.08863436,0.0,0.0,4.77775e-14,-28.024685,2.3153214,0.7717738,0.16800001,0.0,0.18711913,26.760199,26.7902,2860800
hardzero_plus_depr__c0p54__z1p05__lam0p030__nu0p50__psi1p00,hardzero_plus_depr,0.02,37,894,0.0,1,0.51182044,0.51182044,1.0310165,0.09310725,0.09310725,1.0,4.3169576e-15,4.6365428e-14,-27.7035,2.2682815,0.75609386,0.18400002,0.0,0.19484235,26.7902,26.8202,2864000
hardzero_plus_depr__c0p54__z1p05__lam0p030__nu0p50__psi1p00,hardzero_plus_depr,0.02,37,895,0.0,1,0.51182044,0.51182044,1.0340672,0.092455514,0.092455514,1.0,4.1600443e-15,4.499509e-14,-27.357973,2.2749932,0.75833106,0.136,0.0,0.16402669,26.8202,26.8502,2867200
hardzero_plus_depr__c0p54__z1p05__lam0p030__nu0p50__psi1p00,hardzero_plus_depr,0.02,37,896,0.0,1,0.51182044,0.51182044,0.9895373,0.102438375,0.102438375,1.0,4.4729976e-15,4.3665253e-14,-25.98654,2.1770256,0.7256752,0.16800001,0.0,0.18147123,26.8502,26.880201,2870400
hardzero_plus_depr__c0p54__z1p05__lam0p030__nu0p50__psi1p00,hardzero_plus_depr,0.02,37,897,0.0,1,0.51182044,0.51182044,1.0112288,0.09744761,0.09744761,1.0,4.1293157e-15,4.2374724e-14,-27.422611,2.224748,0.74158263,0.17,0.0,0.18069364,26.880201,26.910202,2873600
hardzero_plus_depr__c0p54__z1p05__lam0p030__nu0p50__psi1p00,hardzero_plus_depr,0.02,37,898,0.0,1,0.51182044,0.51182044,1.038756,0.09146269,0.09146269,1.0,3.7611587e-15,4.112233e-14,-27.754719,2.2853088,0.76176965,0.120000005,0.0,0.19037141,26.910202,26.940203,2876800
hardzero_plus_depr__c0p54__z1p05__lam0p030__nu0p50__psi1p00,hardzero_plus_depr,0.02,37,899,0.0,1,0.51182044,0.51182044,1.0788116,0.0,0.08340427,0.0,0.0,3.9906958e-14,-28.89262,2.373433,0.7911444,0.16800001,0.0,0.22253118,26.940203,26.970203,2880000
hardzero_plus_depr__c0p54__z1p05__lam0p030__nu0p50__psi1p00,hardzero_plus_depr,0.02,37,900,0.0,1,0.51182044,0.51182044,1.075652,0.0,0.08401328,0.0,0.0,3.8727502e-14,-28.07787,2.3664818,0.7888273,0.120000005,0.0,0.21350673,26.970203,27.000204,2883200
hardzero_plus_depr__c0p54__z1p05__lam0p030__nu0p50__psi1p00,hardzero_plus_depr,0.02,37,901,0.0,1,0.51182044,0.51182044,1.0112312,0.09744707,0.09744707,1.0,3.662344e-15,3.7582906e-14,-26.629396,2.2247531,0.7415844,0.16000001,0.0,0.1725602,27.000204,27.030205,2886400
hardzero_plus_depr__c0p54__z1p05__lam0p030__nu0p50__psi1p00,hardzero_plus_depr,0.02,37,902,0.0,1,0.51182044,0.51182044,1.0487039,0.08939147,0.08939147,1.0,3.2602982e-15,3.647214e-14,-28.141123,2.3071947,0.7690649,0.128,0.0,0.20626779,27.030205,27.060205,2889600
hardzero_plus_depr__c0p54__z1p05__lam0p030__nu0p50__psi1p00,hardzero_plus_depr,0.02,37,903,0.0,1,0.51182044,0.51182044,1.0520204,0.0,0.088711426,0.0,0.0,3.5394197e-14,-27.223316,2.314491,0.771497,0.16000001,0.0,0.1813497,27.060205,27.090206,2892800
hardzero_plus_depr__c0p54__z1p05__lam0p030__nu0p50__psi1p00,hardzero_plus_depr,0.02,37,904,0.0,1,0.51182044,0.51182044,1.0692813,0.0,0.085254766,0.0,0.0,3.4348118e-14,-27.701424,2.3524659,0.7841553,0.15200001,0.0,0.18057883,27.090206,27.120207,2896000
hardzero_plus_depr__c0p54__z1p05__lam0p030__nu0p50__psi1p00,hardzero_plus_depr,0.02,37,905,0.0,1,0.51182044,0.51182044,1.025151,0.09437326,0.09437326,1.0,3.1457395e-15,3.3332952e-14,-27.434671,2.2553773,0.75179243,0.14400001,0.0,0.1701767,27.120207,27.150208,2899200
hardzero_plus_depr__c0p54__z1p05__lam0p030__nu0p50__psi1p00,hardzero_plus_depr,0.02,37,906,0.0,1,0.51182044,0.51182044,1.044432,0.090275094,0.090275094,1.0,2.9201999e-15,3.2347792e-14,-26.97491,2.2977965,0.7659322,0.128,0.0,0.21174453,27.150208,27.180208,2902400
hardzero_plus_depr__c0p54__z1p05__lam0p030__nu0p50__psi1p00,hardzero_plus_depr,0.02,37,907,0.0,1,0.51182044,0.51182044,1.048456,0.08944252,0.08944252,1.0,2.8077575e-15,3.1391753e-14,-27.413471,2.3066492,0.7688831,0.15200001,0.0,0.1822905,27.180208,27.210209,2905600
hardzero_plus_depr__c0p54__z1p05__lam0p030__nu0p50__psi1p00,hardzero_plus_depr,0.02,37,908,0.0,1,0.51182044,0.51182044,1.0740931,0.0,0.0843154,0.0,0.0,3.0463967e-14,-28.76816,2.3630521,0.7876841,0.14400001,0.0,0.2044943,27.210209,27.24021,2908800
hardzero_plus_depr__c0p54__z1p05__lam0p030__nu0p50__psi1p00,hardzero_plus_depr,0.02,37,909,0.0,1,0.51182044,0.51182044,1.0323496,0.09282189,0.09282189,1.0,2.744149e-15,2.9563598e-14,-27.594284,2.2712145,0.7570715,0.104,0.0,0.1781447,27.24021,27.27021,2912000
hardzero_plus_depr__c0p54__z1p05__lam0p030__nu0p50__psi1p00,hardzero_plus_depr,0.02,37,910,0.0,1,0.51182044,0.51182044,1.034307,0.09240447,0.09240447,1.0,2.6510698e-15,2.8689843e-14,-26.927004,2.2755208,0.75850695,0.17999999,0.0,0.18363218,27.27021,27.30021,2915200
hardzero_plus_depr__c0p54__z1p05__lam0p030__nu0p50__psi1p00,hardzero_plus_depr,0.02,37,911,0.0,1,0.51182044,0.51182044,1.0396655,0.091271356,0.091271356,1.0,2.5411687e-15,2.7841909e-14,-27.36886,2.2873096,0.76243657,0.08800001,0.0,0.19035773,27.30021,27.330212,2918400
hardzero_plus_depr__c0p54__z1p05__lam0p030__nu0p50__psi1p00,hardzero_plus_depr,0.02,37,912,0.0,1,0.51182044,0.51182044,1.0481293,0.08950981,0.08950981,1.0,2.4184688e-15,2.7019038e-14,-27.679708,2.3059306,0.76864356,0.136,0.0,0.21123703,27.330212,27.360212,2921600
hardzero_plus_depr__c0p54__z1p05__lam0p030__nu0p50__psi1p00,hardzero_plus_depr,0.02,37,913,0.0,1,0.51182044,0.51182044,1.0775483,0.0,0.083647266,0.0,0.0,2.6220488e-14,-27.751173,2.3706534,0.7902178,0.14400001,0.0,0.2084955,27.360212,27.390213,2924800
hardzero_plus_depr__c0p54__z1p05__lam0p030__nu0p50__psi1p00,hardzero_plus_depr,0.02,37,914,0.0,1,0.51182044,0.51182044,1.0856028,0.0,0.082110226,0.0,0.0,2.5445536e-14,-28.312618,2.3883739,0.79612464,0.08800001,0.0,0.22957812,27.390213,27.420214,2928000
hardzero_plus_depr__c0p54__z1p05__lam0p030__nu0p50__psi1p00,hardzero_plus_depr,0.02,37,915,0.0,1,0.51182044,0.51182044,1.03948,0.09131036,0.09131036,1.0,2.2547714e-15,2.469349e-14,-27.60606,2.2869017,0.7623006,0.080000006,0.0,0.20693487,27.420214,27.450214,2931200
hardzero_plus_depr__c0p54__z1p05__lam0p030__nu0p50__psi1p00,hardzero_plus_depr,0.02,37,916,0.0,1,0.51182044,0.51182044,1.0210012,0.09527935,0.09527935,1.0,2.2832432e-15,2.3963672e-14,-27.76274,2.2462475,0.7487492,0.136,0.0,0.17242327,27.450214,27.480215,2934400
hardzero_plus_depr__c0p54__z1p05__lam0p030__nu0p50__psi1p00,hardzero_plus_depr,0.02,37,917,0.0,1,0.51182044,0.51182044,1.0230533,0.0948302,0.0948302,1.0,2.2053166e-15,2.3255423e-14,-26.704973,2.2507622,0.7502541,0.224,0.0,0.1906457,27.480215,27.510216,2937600
hardzero_plus_depr__c0p54__z1p05__lam0p030__nu0p50__psi1p00,hardzero_plus_depr,0.02,37,918,0.0,1,0.51182044,0.51182044,0.9962921,0.10085742,0.10085742,1.0,2.2761607e-15,2.2568104e-14,-25.89248,2.1918864,0.73062885,0.136,0.0,0.16538115,27.510216,27.540216,2940800
hardzero_plus_depr__c0p54__z1p05__lam0p030__nu0p50__psi1p00,hardzero_plus_depr,0.02,37,919,0.0,1,0.51182044,0.51182044,1.0131953,0.09700736,0.09700736,1.0,2.1245678e-15,2.19011e-14,-26.650063,2.2290742,0.74302477,0.16800001,0.008,0.18105653,27.540216,27.570217,2944000
hardzero_plus_depr__c0p54__z1p05__lam0p030__nu0p50__psi1p00,hardzero_plus_depr,0.02,37,920,0.0,1,0.51182044,0.51182044,1.030669,0.09318178,0.09318178,1.0,1.980468e-15,2.1253812e-14,-26.918085,2.267517,0.75583905,0.16000001,0.0,0.20695104,27.570217,27.600218,2947200
hardzero_plus_depr__c0p54__z1p05__lam0p030__nu0p50__psi1p00,hardzero_plus_depr,0.02,37,921,0.0,1,0.51182044,0.51182044,0.9888792,0.10259373,0.10259373,1.0,2.1160626e-15,2.0625652e-14,-25.976507,2.1755776,0.72519255,0.120000005,0.0,0.16973343,27.600218,27.630219,2950400
hardzero_plus_depr__c0p54__z1p05__lam0p030__nu0p50__psi1p00,hardzero_plus_depr,0.02,37,922,0.0,1,0.51182044,0.51182044,1.0618483,0.0,0.08672647,0.0,0.0,2.001606e-14,-27.749516,2.336113,0.77870435,0.128,0.0,0.21103072,27.630219,27.66022,2953600
hardzero_plus_depr__c0p54__z1p05__lam0p030__nu0p50__psi1p00,hardzero_plus_depr,0.02,37,923,0.0,1,0.51182044,0.51182044,1.0125625,0.0971488,0.0971488,1.0,1.8870649e-15,1.942448e-14,-27.303307,2.227682,0.74256074,0.22,0.0,0.16553523,27.66022,27.69022,2956800
hardzero_plus_depr__c0p54__z1p05__lam0p030__nu0p50__psi1p00,hardzero_plus_depr,0.02,37,924,0.0,1,0.51182044,0.51182044,1.0300711,0.093310155,0.093310155,1.0,1.7589326e-15,1.8850388e-14,-27.471567,2.2662017,0.7554006,0.112,0.0,0.18109746,27.69022,27.72022,2960000
hardzero_plus_depr__c0p54__z1p05__lam0p030__nu0p50__psi1p00,hardzero_plus_depr,0.02,37,925,0.0,1,0.51182044,0.51182044,1.0561584,0.0,0.08787018,0.0,0.0,1.8293264e-14,-28.682188,2.3235948,0.7745316,0.14400001,0.0,0.19599992,27.72022,27.750221,2963200
hardzero_plus_depr__c0p54__z1p05__lam0p030__nu0p50__psi1p00,hardzero_plus_depr,0.02,37,926,0.0,1,0.51182044,0.51182044,1.0553355,0.0,0.08803685,0.0,0.0,1.7752601e-14,-28.137909,2.3217845,0.77392817,0.14400001,0.0,0.2239384,27.750221,27.780222,2966400
hardzero_plus_depr__c0p54__z1p05__lam0p030__nu0p50__psi1p00,hardzero_plus_depr,0.02,37,927,0.0,1,0.51182044,0.51182044,1.0409995,0.09099142,0.09099142,1.0,1.5675931e-15,1.7227922e-14,-27.871252,2.2902448,0.763415,0.16800001,0.0,0.18944658,27.780222,27.810223,2969600
hardzero_plus_depr__c0p54__z1p05__lam0p030__nu0p50__psi1p00,hardzero_plus_depr,0.02,37,928,0.0,1,0.51182044,0.51182044,1.0757059,0.0,0.08400286,0.0,0.0,1.6718748e-14,-28.47801,2.3666003,0.78886676,0.128,0.0,0.18873617,27.810223,27.840223,2972800
hardzero_plus_depr__c0p54__z1p05__lam0p030__nu0p50__psi1p00,hardzero_plus_depr,0.02,37,929,0.0,1,0.51182044,0.51182044,0.99399704,0.10139183,0.10139183,1.0,1.6450442e-15,1.6224623e-14,-27.029821,2.1868372,0.72894573,0.208,0.0,0.21010955,27.840223,27.870224,2976000
hardzero_plus_depr__c0p54__z1p05__lam0p030__nu0p50__psi1p00,hardzero_plus_depr,0.02,37,930,0.0,1,0.51182044,0.51182044,1.0680362,0.0,0.08549954,0.0,0.0,1.5745104e-14,-28.600224,2.3497267,0.7832422,0.192,0.0,0.20925981,27.870224,27.900225,2979200
hardzero_plus_depr__c0p54__z1p05__lam0p030__nu0p50__psi1p00,hardzero_plus_depr,0.02,37,931,0.0,1,0.51182044,0.51182044,1.0653732,0.0,0.086025424,0.0,0.0,1.5279753e-14,-27.88748,2.3438678,0.7812893,0.16000001,0.0,0.19785625,27.900225,27.930225,2982400
hardzero_plus_depr__c0p54__z1p05__lam0p030__nu0p50__psi1p00,hardzero_plus_depr,0.02,37,932,0.0,1,0.51182044,0.51182044,1.0466928,0.089806385,0.089806385,1.0,1.3316634e-15,1.4828159e-14,-27.119978,2.3027701,0.76759005,0.16800001,0.0,0.20184104,27.930225,27.960226,2985600
hardzero_plus_depr__c0p54__z1p05__lam0p030__nu0p50__psi1p00,hardzero_plus_depr,0.02,37,933,0.0,1,0.51182044,0.51182044,1.0422044,0.09073934,0.09073934,1.0,1.305731e-15,1.438991e-14,-27.458883,2.2928953,0.76429844,0.104,0.0,0.17777917,27.960226,27.990227,2988800
hardzero_plus_depr__c0p54__z1p05__lam0p030__nu0p50__psi1p00,hardzero_plus_depr,0.02,37,934,0.0,1,0.51182044,0.51182044,1.0824147,0.0,0.08271519,0.0,0.0,1.3964615e-14,-28.321604,2.38136,0.7937867,0.104,0.0,0.21024007,27.990227,28.020227,2992000
hardzero_plus_depr__c0p54__z1p05__lam0p030__nu0p50__psi1p00,hardzero_plus_depr,0.02,37,935,0.0,1,0.51182044,0.51182044,1.0520946,0.0,0.08869628,0.0,0.0,1.3551889e-14,-27.343367,2.3146544,0.7715515,0.216,0.0,0.17951098,28.020227,28.050228,2995200
hardzero_plus_depr__c0p54__z1p05__lam0p030__nu0p50__psi1p00,hardzero_plus_depr,0.02,37,936,0.0,1,0.51182044,0.51182044,1.0575123,0.0,0.087596685,0.0,0.0,1.3151361e-14,-27.848593,2.3265734,0.7755245,0.12,0.0,0.19273314,28.050228,28.080229,2998400
hardzero_plus_depr__c0p54__z1p05__lam0p030__nu0p50__psi1p00,hardzero_plus_depr,0.02,37,937,0.0,1,0.51182044,0.51182044,0.9831805,0.103948794,0.103948794,1.0,1.3266643e-15,1.27626715e-14,-25.600462,2.1630404,0.7210135,0.16000001,0.0,0.16981813,28.080229,28.11023,3001600
hardzero_plus_depr__c0p54__z1p05__lam0p030__nu0p50__psi1p00,hardzero_plus_depr,0.02,37,938,0.0,1,0.51182044,0.51182044,1.0568119,0.0,0.08773807,0.0,0.0,1.2385468e-14,-27.388458,2.3250327,0.77501094,0.136,0.0,0.19460703,28.11023,28.14023,3004800
hardzero_plus_depr__c0p54__z1p05__lam0p030__nu0p50__psi1p00,hardzero_plus_depr,0.02,37,939,0.0,1,0.51182044,0.51182044,1.012504,0.09716191,0.09716191,1.0,1.1678293e-15,1.20194145e-14,-26.763876,2.2275534,0.7425178,0.24000001,0.0,0.17295492,28.14023,28.17023,3008000
hardzero_plus_depr__c0p54__z1p05__lam0p030__nu0p50__psi1p00,hardzero_plus_depr,0.02,37,940,0.0,1,0.51182044,0.51182044,0.9856141,0.10336794,0.10336794,1.0,1.2057023e-15,1.166418e-14,-25.926954,2.1683943,0.7227981,0.224,0.0,0.18650809,28.17023,28.200232,3011200
hardzero_plus_depr__c0p54__z1p05__lam0p030__nu0p50__psi1p00,hardzero_plus_depr,0.02,37,941,0.0,1,0.51182044,0.51182044,1.0456858,0.090014875,0.090014875,1.0,1.0189182e-15,1.13194425e-14,-27.323196,2.3005548,0.7668516,0.16800001,0.0,0.20543268,28.200232,28.230232,3014400
hardzero_plus_depr__c0p54__z1p05__lam0p030__nu0p50__psi1p00,hardzero_plus_depr,0.02,37,942,0.0,1,0.51182044,0.51182044,1.0732231,0.0,0.084484465,0.0,0.0,1.0984894e-14,-26.949389,2.3611379,0.78704596,0.096,0.0,0.17795293,28.230232,28.260233,3017600
hardzero_plus_depr__c0p54__z1p05__lam0p030__nu0p50__psi1p00,hardzero_plus_depr,0.02,37,943,0.0,1,0.51182044,0.51182044,1.0274167,0.09388221,0.09388221,1.0,1.0008064e-15,1.0660234e-14,-27.449709,2.260362,0.75345397,0.16000001,0.0,0.19421859,28.260233,28.290234,3020800
hardzero_plus_depr__c0p54__z1p05__lam0p030__nu0p50__psi1p00,hardzero_plus_depr,0.02,37,944,0.0,1,0.51182044,0.51182044,1.0931382,0.0,0.08069781,0.0,0.0,1.0345171e-14,-27.760157,2.404952,0.8016507,0.136,0.0,0.17826156,28.290234,28.320234,3024000
hardzero_plus_depr__c0p54__z1p05__lam0p030__nu0p50__psi1p00,hardzero_plus_depr,0.02,37,945,0.0,1,0.51182044,0.51182044,1.0599719,0.0,0.087101996,0.0,0.0,1.0039417e-14,-27.02016,2.3319848,0.77732825,0.104,0.0,0.19336951,28.320234,28.350235,3027200
hardzero_plus_depr__c0p54__z1p05__lam0p030__nu0p50__psi1p00,hardzero_plus_depr,0.02,37,946,0.0,1,0.51182044,0.51182044,1.0063851,0.09854052,0.09854052,1.0,9.600509e-16,9.742701e-15,-26.584908,2.2140913,0.73803043,0.14400001,0.0,0.18808101,28.350235,28.380236,3030400
hardzero_plus_depr__c0p54__z1p05__lam0p030__nu0p50__psi1p00,hardzero_plus_depr,0.02,37,947,0.0,1,0.51182044,0.51182044,1.0362929,0.091982886,0.091982886,1.0,8.696756e-16,9.4547546e-15,-27.62691,2.2798898,0.7599633,0.136,0.0,0.18741009,28.380236,28.410236,3033600
hardzero_plus_depr__c0p54__z1p05__lam0p030__nu0p50__psi1p00,hardzero_plus_depr,0.02,37,948,0.0,1,0.51182044,0.51182044,1.0111021,0.09747604,0.09747604,1.0,8.943736e-16,9.1753175e-15,-26.996437,2.224469,0.74148965,0.15200001,0.0,0.20925084,28.410236,28.440237,3036800
hardzero_plus_depr__c0p54__z1p05__lam0p030__nu0p50__psi1p00,hardzero_plus_depr,0.02,37,949,0.0,1,0.51182044,0.51182044,1.039891,0.09122397,0.09122397,1.0,8.12271e-16,8.90414e-15,-27.031773,2.2878058,0.762602,0.14999999,0.0,0.1812221,28.440237,28.470238,3040000
hardzero_plus_depr__c0p54__z1p05__lam0p030__nu0p50__psi1p00,hardzero_plus_depr,0.02,37,950,0.0,1,0.51182044,0.51182044,1.0713431,0.0,0.08485098,0.0,0.0,8.640977e-15,-28.591623,2.3570018,0.7856673,0.112,0.0,0.209167,28.470238,28.500238,3043200
hardzero_plus_depr__c0p54__z1p05__lam0p030__nu0p50__psi1p00,hardzero_plus_depr,0.02,37,951,0.0,1,0.51182044,0.51182044,1.0632474,0.0,0.08644753,0.0,0.0,8.3855914e-15,-27.40666,2.339191,0.7797303,0.136,0.0,0.19306684,28.500238,28.53024,3046400
hardzero_plus_depr__c0p54__z1p05__lam0p030__nu0p50__psi1p00,hardzero_plus_depr,0.02,37,952,0.0,1,0.51182044,0.51182044,1.0161427,0.096351236,0.096351236,1.0,7.8408273e-16,8.137755e-15,-27.23513,2.2355587,0.74518627,0.128,0.0,0.17645893,28.53024,28.56024,3049600
hardzero_plus_depr__c0p54__z1p05__lam0p030__nu0p50__psi1p00,hardzero_plus_depr,0.02,37,953,0.0,1,0.51182044,0.51182044,0.9926575,0.10170504,0.10170504,1.0,8.031893e-16,7.897242e-15,-26.58002,2.18389,0.7279634,0.15200001,0.0,0.1778815,28.56024,28.59024,3052800
hardzero_plus_depr__c0p54__z1p05__lam0p030__nu0p50__psi1p00,hardzero_plus_depr,0.02,37,954,0.0,1,0.51182044,0.51182044,1.0281056,0.09373339,0.09373339,1.0,7.183575e-16,7.663838e-15,-27.808088,2.2618775,0.7539592,0.16800001,0.0,0.20920822,28.59024,28.620241,3056000
hardzero_plus_depr__c0p54__z1p05__lam0p030__nu0p50__psi1p00,hardzero_plus_depr,0.02,37,955,0.0,1,0.51182044,0.51182044,1.0583676,0.0,0.087424345,0.0,0.0,7.437332e-15,-27.77218,2.3284552,0.7761518,0.128,0.0,0.18259858,28.620241,28.650242,3059200
hardzero_plus_depr__c0p54__z1p05__lam0p030__nu0p50__psi1p00,hardzero_plus_depr,0.02,37,956,0.0,1,0.51182044,0.51182044,1.0052015,0.098809466,0.098809466,1.0,7.1315934e-16,7.21752e-15,-27.113134,2.2114873,0.7371625,0.16000001,0.0,0.20490526,28.650242,28.680243,3062400
hardzero_plus_depr__c0p54__z1p05__lam0p030__nu0p50__psi1p00,hardzero_plus_depr,0.02,37,957,0.0,1,0.51182044,0.51182044,1.0866464,0.0,0.08191313,0.0,0.0,7.004206e-15,-28.873346,2.3906698,0.79688996,0.15200001,0.0,0.19817048,28.680243,28.710243,3065600
hardzero_plus_depr__c0p54__z1p05__lam0p030__nu0p50__psi1p00,hardzero_plus_depr,0.02,37,958,0.0,1,0.51182044,0.51182044,1.0096618,0.09779985,0.09779985,1.0,6.647648e-16,6.7971963e-15,-27.664268,2.2213004,0.74043345,0.136,0.0,0.18620142,28.710243,28.740244,3068800
hardzero_plus_depr__c0p54__z1p05__lam0p030__nu0p50__psi1p00,hardzero_plus_depr,0.02,37,959,0.0,1,0.51182044,0.51182044,0.99225837,0.101798564,0.101798564,1.0,6.7149426e-16,6.596304e-15,-26.343359,2.183012,0.72767067,0.18400002,0.0,0.16625041,28.740244,28.770245,3072000
hardzero_plus_depr__c0p54__z1p05__lam0p030__nu0p50__psi1p00,hardzero_plus_depr,0.02,37,960,0.0,1,0.51182044,0.51182044,1.0449512,0.09016725,0.09016725,1.0,5.77192e-16,6.401349e-15,-27.104864,2.2989385,0.76631284,0.14400001,0.0,0.1899256,28.770245,28.800245,3075200
hardzero_plus_depr__c0p54__z1p05__lam0p030__nu0p50__psi1p00,hardzero_plus_depr,0.02,37,961,0.0,1,0.51182044,0.51182044,1.0642707,0.0,0.08624408,0.0,0.0,6.212156e-15,-28.123041,2.3414423,0.7804808,0.136,0.0,0.18237156,28.800245,28.830246,3078400
hardzero_plus_depr__c0p54__z1p05__lam0p030__nu0p50__psi1p00,hardzero_plus_depr,0.02,37,962,0.0,1,0.51182044,0.51182044,1.0065275,0.098508224,0.098508224,1.0,5.9386226e-16,6.0285554e-15,-27.693571,2.2144048,0.738135,0.17999999,0.0,0.17769615,28.830246,28.860247,3081600
hardzero_plus_depr__c0p54__z1p05__lam0p030__nu0p50__psi1p00,hardzero_plus_depr,0.02,37,963,0.0,1,0.51182044,0.51182044,1.0506433,0.0,0.08899317,0.0,0.0,5.8503803e-15,-27.257994,2.3114614,0.7704872,0.128,0.0,0.1868171,28.860247,28.890247,3084800
hardzero_plus_depr__c0p54__z1p05__lam0p030__nu0p50__psi1p00,hardzero_plus_depr,0.02,37,964,0.0,1,0.51182044,0.51182044,1.059229,0.0,0.087251104,0.0,0.0,5.6774717e-15,-28.366177,2.3303504,0.77678347,0.16800001,0.0,0.1870693,28.890247,28.920248,3088000
hardzero_plus_depr__c0p54__z1p05__lam0p030__nu0p50__psi1p00,hardzero_plus_depr,0.02,37,965,0.0,1,0.51182044,0.51182044,0.99982804,0.1000396,0.1000396,1.0,5.511855e-16,5.509673e-15,-26.132774,2.1996655,0.7332219,0.18400002,0.0,0.20132802,28.920248,28.950249,3091200
hardzero_plus_depr__c0p54__z1p05__lam0p030__nu0p50__psi1p00,hardzero_plus_depr,0.02,37,966,0.0,1,0.51182044,0.51182044,1.0469162,0.08976019,0.08976019,1.0,4.7993284e-16,5.346834e-15,-27.76863,2.3032618,0.76775396,0.120000005,0.0,0.1907403,28.950249,28.98025,3094400
hardzero_plus_depr__c0p54__z1p05__lam0p030__nu0p50__psi1p00,hardzero_plus_depr,0.02,37,967,0.0,1,0.51182044,0.51182044,1.0196788,0.09556991,0.09556991,1.0,4.958939e-16,5.188808e-15,-27.517515,2.243338,0.74777937,0.2,0.0,0.19478694,28.98025,29.01025,3097600
hardzero_plus_depr__c0p54__z1p05__lam0p030__nu0p50__psi1p00,hardzero_plus_depr,0.02,37,968,0.0,1,0.51182044,0.51182044,1.0271828,0.09393277,0.09393277,1.0,4.7299394e-16,5.0354516e-15,-27.602776,2.2598474,0.7532825,0.136,0.0,0.16766767,29.01025,29.04025,3100800
hardzero_plus_depr__c0p54__z1p05__lam0p030__nu0p50__psi1p00,hardzero_plus_depr,0.02,37,969,0.0,1,0.51182044,0.51182044,1.0005698,0.09986888,0.09986888,1.0,4.8802216e-16,4.8866288e-15,-27.585106,2.2012975,0.73376584,0.17600001,0.0,0.1822957,29.04025,29.070251,3104000
hardzero_plus_depr__c0p54__z1p05__lam0p030__nu0p50__psi1p00,hardzero_plus_depr,0.02,37,970,0.0,1,0.51182044,0.51182044,1.0337726,0.09251825,0.09251825,1.0,4.3874038e-16,4.7422037e-15,-27.787966,2.2743452,0.75811505,0.128,0.0,0.18300827,29.070251,29.100252,3107200
hardzero_plus_depr__c0p54__z1p05__lam0p030__nu0p50__psi1p00,hardzero_plus_depr,0.02,37,971,0.0,1,0.51182044,0.51182044,1.1114676,0.0,0.07736284,0.0,0.0,4.602047e-15,-28.69293,2.4452775,0.8150925,0.08800001,0.0,0.18981206,29.100252,29.130253,3110400
hardzero_plus_depr__c0p54__z1p05__lam0p030__nu0p50__psi1p00,hardzero_plus_depr,0.02,37,972,0.0,1,0.51182044,0.51182044,1.0811384,0.0,0.082958646,0.0,0.0,4.466033e-15,-28.82772,2.378552,0.7928507,0.15200001,0.0,0.23139273,29.130253,29.160254,3113600
hardzero_plus_depr__c0p54__z1p05__lam0p030__nu0p50__psi1p00,hardzero_plus_depr,0.02,37,973,0.0,1,0.51182044,0.51182044,1.0167276,0.09622156,0.09622156,1.0,4.17028e-16,4.334039e-15,-27.162004,2.2368453,0.7456151,0.128,0.0,0.19996928,29.160254,29.190254,3116800
hardzero_plus_depr__c0p54__z1p05__lam0p030__nu0p50__psi1p00,hardzero_plus_depr,0.02,37,974,0.0,1,0.51182044,0.51182044,0.97616655,0.105641216,0.105641216,1.0,4.443212e-16,4.2059455e-15,-26.130255,2.1476092,0.7158698,0.16000001,0.0,0.16049114,29.190254,29.220255,3120000
hardzero_plus_depr__c0p54__z1p05__lam0p030__nu0p50__psi1p00,hardzero_plus_depr,0.02,37,975,0.0,1,0.51182044,0.51182044,1.0511096,0.0,0.088897675,0.0,0.0,4.0816387e-15,-27.221699,2.3124871,0.7708291,0.14999999,0.0,0.17404614,29.220255,29.250256,3123200
hardzero_plus_depr__c0p54__z1p05__lam0p030__nu0p50__psi1p00,hardzero_plus_depr,0.02,37,976,0.0,1,0.51182044,0.51182044,0.95683366,0.11045014,0.11045014,1.0,4.3749358e-16,3.961005e-15,-26.116062,2.105076,0.70169204,0.192,0.0,0.15761958,29.250256,29.280256,3126400
hardzero_plus_depr__c0p54__z1p05__lam0p030__nu0p50__psi1p00,hardzero_plus_depr,0.02,37,977,0.0,1,0.51182044,0.51182044,1.0291187,0.093515016,0.093515016,1.0,3.5946585e-16,3.843937e-15,-27.131243,2.2641063,0.7547021,0.104,0.0,0.19542755,29.280256,29.310257,3129600
hardzero_plus_depr__c0p54__z1p05__lam0p030__nu0p50__psi1p00,hardzero_plus_depr,0.02,37,978,0.0,1,0.51182044,0.51182044,1.0605623,0.0,0.08698366,0.0,0.0,3.7303293e-15,-27.492762,2.3332837,0.7777612,0.104,0.0,0.19434364,29.310257,29.340258,3132800
hardzero_plus_depr__c0p54__z1p05__lam0p030__nu0p50__psi1p00,hardzero_plus_depr,0.02,37,979,0.0,1,0.51182044,0.51182044,0.97994584,0.10472591,0.10472591,1.0,3.7911604e-16,3.6200786e-15,-26.184618,2.1559238,0.7186413,0.216,0.0,0.18300894,29.340258,29.370258,3136000
hardzero_plus_depr__c0p54__z1p05__lam0p030__nu0p50__psi1p00,hardzero_plus_depr,0.02,37,980,0.0,1,0.51182044,0.51182044,1.0561543,0.0,0.08787104,0.0,0.0,3.5130867e-15,-27.742153,2.3235857,0.7745286,0.216,0.0,0.18718608,29.370258,29.400259,3139200
hardzero_plus_depr__c0p54__z1p05__lam0p030__nu0p50__psi1p00,hardzero_plus_depr,0.02,37,981,0.0,1,0.51182044,0.51182044,1.0222703,0.095001325,0.095001325,1.0,3.238839e-16,3.4092568e-15,-26.469193,2.2490396,0.7496799,0.16000001,0.0,0.20126267,29.400259,29.43026,3142400
hardzero_plus_depr__c0p54__z1p05__lam0p030__nu0p50__psi1p00,hardzero_plus_depr,0.02,37,982,0.0,1,0.51182044,0.51182044,1.0695786,0.0,0.085196406,0.0,0.0,3.3084957e-15,-28.017708,2.35312,0.7843734,0.104,0.0,0.20719998,29.43026,29.46026,3145600
hardzero_plus_depr__c0p54__z1p05__lam0p030__nu0p50__psi1p00,hardzero_plus_depr,0.02,37,983,0.0,1,0.51182044,0.51182044,1.0255402,0.09428872,0.09428872,1.0,3.0273402e-16,3.210713e-15,-27.543139,2.2562337,0.75207794,0.128,0.0,0.1840894,29.46026,29.490261,3148800
hardzero_plus_depr__c0p54__z1p05__lam0p030__nu0p50__psi1p00,hardzero_plus_depr,0.02,37,984,0.0,1,0.51182044,0.51182044,1.0578045,0.0,0.08753777,0.0,0.0,3.1158198e-15,-27.267466,2.3272164,0.77573884,0.15200001,0.0,0.20261574,29.490261,29.520262,3152000
hardzero_plus_depr__c0p54__z1p05__lam0p030__nu0p50__psi1p00,hardzero_plus_depr,0.02,37,985,0.0,1,0.51182044,0.51182044,1.0948232,0.0,0.08038533,0.0,0.0,3.023731e-15,-28.731615,2.4086592,0.8028864,0.112,0.0,0.21695568,29.520262,29.550262,3155200
hardzero_plus_depr__c0p54__z1p05__lam0p030__nu0p50__psi1p00,hardzero_plus_depr,0.02,37,986,0.0,1,0.51182044,0.51182044,1.0342338,0.09242005,0.09242005,1.0,2.7119412e-16,2.9343646e-15,-26.907724,2.2753599,0.7584533,0.14400001,0.0,0.18974385,29.550262,29.580263,3158400
hardzero_plus_depr__c0p54__z1p05__lam0p030__nu0p50__psi1p00,hardzero_plus_depr,0.02,37,987,0.0,1,0.51182044,0.51182044,1.0930015,0.0,0.08072323,0.0,0.0,2.847639e-15,-28.629227,2.4046512,0.8015504,0.112,0.0,0.22975184,29.580263,29.610264,3161600
hardzero_plus_depr__c0p54__z1p05__lam0p030__nu0p50__psi1p00,hardzero_plus_depr,0.02,37,988,0.0,1,0.51182044,0.51182044,1.0083128,0.098104104,0.098104104,1.0,2.7110838e-16,2.7634765e-15,-27.55592,2.2183325,0.7394442,0.17,0.0,0.19582953,29.610264,29.640265,3164800
hardzero_plus_depr__c0p54__z1p05__lam0p030__nu0p50__psi1p00,hardzero_plus_depr,0.02,37,989,0.0,1,0.51182044,0.51182044,1.1209813,0.0,0.07568653,0.0,0.0,2.681802e-15,-28.543846,2.4662082,0.8220694,0.18400002,0.0,0.19733463,29.640265,29.670265,3168000
hardzero_plus_depr__c0p54__z1p05__lam0p030__nu0p50__psi1p00,hardzero_plus_depr,0.02,37,990,0.0,1,0.51182044,0.51182044,1.0193753,0.09563672,0.09563672,1.0,2.4889846e-16,2.6025407e-15,-27.2567,2.2426705,0.74755687,0.16800001,0.0,0.17035569,29.670265,29.700266,3171200
hardzero_plus_depr__c0p54__z1p05__lam0p030__nu0p50__psi1p00,hardzero_plus_depr,0.02,37,991,0.0,1,0.51182044,0.51182044,1.0882962,0.0,0.08160256,0.0,0.0,2.5256223e-15,-28.092426,2.3942993,0.79809976,0.080000006,0.0,0.20029984,29.700266,29.730267,3174400
hardzero_plus_depr__c0p54__z1p05__lam0p030__nu0p50__psi1p00,hardzero_plus_depr,0.02,37,992,0.0,1,0.51182044,0.51182044,1.0162183,0.096334465,0.096334465,1.0,2.3611358e-16,2.4509773e-15,-27.903502,2.235725,0.74524164,0.14400001,0.0,0.22250286,29.730267,29.760267,3177600
hardzero_plus_depr__c0p54__z1p05__lam0p030__nu0p50__psi1p00,hardzero_plus_depr,0.02,37,993,0.0,1,0.51182044,0.51182044,1.0536016,0.0,0.088389024,0.0,0.0,2.3785382e-15,-27.545996,2.3179698,0.7726566,0.14400001,0.0,0.16807823,29.760267,29.790268,3180800
hardzero_plus_depr__c0p54__z1p05__lam0p030__nu0p50__psi1p00,hardzero_plus_depr,0.02,37,994,0.0,1,0.51182044,0.51182044,0.9683897,0.107549965,0.107549965,1.0,2.4825114e-16,2.3082402e-15,-25.750607,2.1304998,0.71016663,0.112,0.0,0.18951744,29.790268,29.820269,3184000
hardzero_plus_depr__c0p54__z1p05__lam0p030__nu0p50__psi1p00,hardzero_plus_depr,0.02,37,995,0.0,1,0.51182044,0.51182044,1.0238016,0.094666965,0.094666965,1.0,2.1205586e-16,2.2400197e-15,-26.810556,2.2524085,0.7508029,0.16000001,0.0,0.17854728,29.820269,29.85027,3187200
hardzero_plus_depr__c0p54__z1p05__lam0p030__nu0p50__psi1p00,hardzero_plus_depr,0.02,37,996,0.0,1,0.51182044,0.51182044,1.0676891,0.0,0.08556792,0.0,0.0,2.1738158e-15,-27.440845,2.3489628,0.7829876,0.064,0.0,0.19371933,29.85027,29.88027,3190400
hardzero_plus_depr__c0p54__z1p05__lam0p030__nu0p50__psi1p00,hardzero_plus_depr,0.02,37,997,0.0,1,0.51182044,0.51182044,1.0583383,0.0,0.087430246,0.0,0.0,2.1095684e-15,-28.588207,2.3283908,0.7761303,0.192,0.0,0.20096187,29.88027,29.91027,3193600
hardzero_plus_depr__c0p54__z1p05__lam0p030__nu0p50__psi1p00,hardzero_plus_depr,0.02,37,998,0.0,1,0.51182044,0.51182044,1.0287832,0.093587264,0.093587264,1.0,1.9159369e-16,2.0472198e-15,-27.057087,2.2633684,0.75445616,0.2,0.0,0.20340356,29.91027,29.940271,3196800
hardzero_plus_depr__c0p54__z1p05__lam0p030__nu0p50__psi1p00,hardzero_plus_depr,0.02,37,999,0.0,1,0.51182044,0.51182044,1.057361,0.0,0.0876272,0.0,0.0,1.9867139e-15,-27.938406,2.3262405,0.7754135,0.208,0.0,0.2239463,29.940271,29.970272,3200000
hardzero_plus_depr__c0p54__z1p05__lam0p030__nu0p50__psi1p00,hardzero_plus_depr,0.02,37,1000,0.0,1,0.51182044,0.51182044,1.0071925,0.09835751,0.09835751,1.0,1.8963292e-16,1.9279963e-15,-27.042831,2.2158678,0.7386226,0.14400001,0.0,0.19589025,29.970272,30.000273,3203200
hardzero_plus_depr__c0p54__z1p05__lam0p030__nu0p50__psi1p00,hardzero_plus_depr,0.02,37,1001,0.0,1,0.51182044,0.51182044,0.9818183,0.10427535,0.10427535,1.0,1.9510067e-16,1.8710143e-15,-26.243263,2.1600435,0.7200145,0.14999999,0.0,0.15507518,30.000273,30.030273,3206400
hardzero_plus_depr__c0p54__z1p05__lam0p030__nu0p50__psi1p00,hardzero_plus_depr,0.02,37,1002,0.0,1,0.51182044,0.51182044,1.0369871,0.09183598,0.09183598,1.0,1.6674807e-16,1.8157161e-15,-27.320122,2.2814171,0.7604724,0.192,0.0,0.20839357,30.030273,30.060274,3209600
hardzero_plus_depr__c0p54__z1p05__lam0p030__nu0p50__psi1p00,hardzero_plus_depr,0.02,37,1003,0.0,1,0.51182044,0.51182044,1.0236897,0.09469134,0.09469134,1.0,1.668511e-16,1.7620524e-15,-26.771427,2.2521625,0.75072086,0.15200001,0.0,0.1798259,30.060274,30.090275,3212800
hardzero_plus_depr__c0p54__z1p05__lam0p030__nu0p50__psi1p00,hardzero_plus_depr,0.02,37,1004,0.0,1,0.51182044,0.51182044,1.0010586,0.099756554,0.099756554,1.0,1.7058119e-16,1.7099748e-15,-27.50463,2.2023728,0.7341243,0.17600001,0.0,0.17295253,30.090275,30.120275,3216000
hardzero_plus_depr__c0p54__z1p05__lam0p030__nu0p50__psi1p00,hardzero_plus_depr,0.02,37,1005,0.0,1,0.51182044,0.51182044,1.0317608,0.09294781,0.09294781,1.0,1.5424094e-16,1.659436e-15,-26.64298,2.2699192,0.7566397,0.128,0.0,0.19507396,30.120275,30.150276,3219200
hardzero_plus_depr__c0p54__z1p05__lam0p030__nu0p50__psi1p00,hardzero_plus_depr,0.02,37,1006,0.0,1,0.51182044,0.51182044,1.0235727,0.09471686,0.09471686,1.0,1.5253122e-16,1.6103913e-15,-26.441227,2.251905,0.750635,0.2,0.0,0.20140348,30.150276,30.180277,3222400
hardzero_plus_depr__c0p54__z1p05__lam0p030__nu0p50__psi1p00,hardzero_plus_depr,0.02,37,1007,0.0,1,0.51182044,0.51182044,1.0228528,0.094874,0.094874,1.0,1.482687e-16,1.5627959e-15,-26.495169,2.2503211,0.75010705,0.14400001,0.0,0.16909182,30.180277,30.210278,3225600
hardzero_plus_depr__c0p54__z1p05__lam0p030__nu0p50__psi1p00,hardzero_plus_depr,0.02,37,1008,0.0,1,0.51182044,0.51182044,1.0030993,0.0992889,0.0992889,1.0,1.5058227e-16,1.5166073e-15,-26.951412,2.2068624,0.73562086,0.16000001,0.0,0.16546296,30.210278,30.240278,3228800
hardzero_plus_depr__c0p54__z1p05__lam0p030__nu0p50__psi1p00,hardzero_plus_depr,0.02,37,1009,0.0,1,0.51182044,0.51182044,1.000529,0.09987826,0.09987826,1.0,1.469992e-16,1.4717838e-15,-26.98053,2.2012079,0.733736,0.192,0.0,0.19868101,30.240278,30.270279,3232000
hardzero_plus_depr__c0p54__z1p05__lam0p030__nu0p50__psi1p00,hardzero_plus_depr,0.02,37,1010,0.0,1,0.51182044,0.51182044,1.0582776,0.0,0.08744246,0.0,0.0,1.428285e-15,-27.796457,2.3282573,0.7760858,0.112,0.0,0.17457843,30.270279,30.30028,3235200
hardzero_plus_depr__c0p54__z1p05__lam0p030__nu0p50__psi1p00,hardzero_plus_depr,0.02,37,1011,0.0,1,0.51182044,0.51182044,1.056753,0.0,0.087749965,0.0,0.0,1.3860719e-15,-27.75638,2.324903,0.7749677,0.072000004,0.0,0.19725455,30.30028,30.33028,3238400
hardzero_plus_depr__c0p54__z1p05__lam0p030__nu0p50__psi1p00,hardzero_plus_depr,0.02,37,1012,0.0,1,0.51182044,0.51182044,1.0130588,0.09703787,0.09703787,1.0,1.3052624e-16,1.3451063e-15,-26.926443,2.2287738,0.74292463,0.15200001,0.0,0.17866696,30.33028,30.360281,3241600
hardzero_plus_depr__c0p54__z1p05__lam0p030__nu0p50__psi1p00,hardzero_plus_depr,0.02,37,1013,0.0,1,0.51182044,0.51182044,0.9905587,0.102197744,0.102197744,1.0,1.3340398e-16,1.3053516e-15,-25.974142,2.1792727,0.7264242,0.17600001,0.0,0.16141136,30.360281,30.390282,3244800
hardzero_plus_depr__c0p54__z1p05__lam0p030__nu0p50__psi1p00,hardzero_plus_depr,0.02,37,1014,0.0,1,0.51182044,0.51182044,1.0663295,0.0,0.0858362,0.0,0.0,1.2667718e-15,-28.336517,2.3459716,0.7819905,0.099999994,0.0,0.1892994,30.390282,30.420282,3248000
hardzero_plus_depr__c0p54__z1p05__lam0p030__nu0p50__psi1p00,hardzero_plus_depr,0.02,37,1015,0.0,1,0.51182044,0.51182044,1.0371782,0.09179559,0.09179559,1.0,1.1284726e-16,1.2293321e-15,-27.425083,2.2818375,0.7606125,0.112,0.0,0.19900264,30.420282,30.450283,3251200
hardzero_plus_depr__c0p54__z1p05__lam0p030__nu0p50__psi1p00,hardzero_plus_depr,0.02,37,1016,0.0,1,0.51182044,0.51182044,1.0773432,0.0,0.08368676,0.0,0.0,1.192999e-15,-28.25197,2.3702023,0.79006743,0.120000005,0.0,0.20268188,30.450283,30.480284,3254400
hardzero_plus_depr__c0p54__z1p05__lam0p030__nu0p50__psi1p00,hardzero_plus_depr,0.02,37,1017,0.0,1,0.51182044,0.51182044,1.080579,0.0,0.08306554,0.0,0.0,1.1577398e-15,-28.282867,2.3773215,0.79244053,0.120000005,0.0,0.20909509,30.480284,30.510284,3257600
hardzero_plus_depr__c0p54__z1p05__lam0p030__nu0p50__psi1p00,hardzero_plus_depr,0.02,37,1018,0.0,1,0.51182044,0.51182044,1.0797163,0.0,0.08323071,0.0,0.0,1.1235226e-15,-27.916822,2.3754234,0.79180783,0.192,0.0,0.1973405,30.510284,30.540285,3260800
hardzero_plus_depr__c0p54__z1p05__lam0p030__nu0p50__psi1p00,hardzero_plus_depr,0.02,37,1019,0.0,1,0.51182044,0.51182044,1.012644,0.09713057,0.09713057,1.0,1.0590309e-16,1.0903168e-15,-26.921787,2.2278614,0.74262047,0.096,0.0,0.16838299,30.540285,30.570286,3264000
hardzero_plus_depr__c0p54__z1p05__lam0p030__nu0p50__psi1p00,hardzero_plus_depr,0.02,37,1020,0.0,1,0.51182044,0.51182044,1.0558767,0.0,0.08792721,0.0,0.0,1.0580923e-15,-27.030325,2.3229752,0.7743251,0.15200001,0.0,0.19755387,30.570286,30.600286,3267200
hardzero_plus_depr__c0p54__z1p05__lam0p030__nu0p50__psi1p00,hardzero_plus_depr,0.02,37,1021,0.0,1,0.51182044,0.51182044,1.0275015,0.09386388,0.09386388,1.0,9.638133e-17,1.0268202e-15,-27.187738,2.2605484,0.75351614,0.15200001,0.0,0.17511344,30.600286,30.630287,3270400
hardzero_plus_depr__c0p54__z1p05__lam0p030__nu0p50__psi1p00,hardzero_plus_depr,0.02,37,1022,0.0,1,0.51182044,0.51182044,1.0826095,0.0,0.08267809,0.0,0.0,9.964724e-16,-27.692123,2.3817885,0.7939295,0.136,0.0,0.1747463,30.630287,30.660288,3273600
hardzero_plus_depr__c0p54__z1p05__lam0p030__nu0p50__psi1p00,hardzero_plus_depr,0.02,37,1023,0.0,1,0.51182044,0.51182044,1.041223,0.090944596,0.090944596,1.0,8.794538e-17,9.670215e-16,-27.961193,2.2907364,0.76357883,0.120000005,0.0,0.18676844,30.660288,30.690289,3276800
hardzero_plus_depr__c0p54__z1p05__lam0p030__nu0p50__psi1p00,hardzero_plus_depr,0.02,37,1024,0.0,1,0.51182044,0.51182044,1.0293299,0.09346952,0.09346952,1.0,8.771565e-17,9.384411e-16,-27.077465,2.264571,0.754857,0.15200001,0.0,0.18549901,30.690289,30.72029,3280000
hardzero_plus_depr__c0p54__z1p05__lam0p030__nu0p50__psi1p00,hardzero_plus_depr,0.02,37,1025,0.0,1,0.51182044,0.51182044,0.98887086,0.10259568,0.10259568,1.0,9.343444e-17,9.107054e-16,-26.992346,2.1755593,0.72518647,0.17600001,0.0,0.17344096,30.72029,30.75029,3283200
hardzero_plus_depr__c0p54__z1p05__lam0p030__nu0p50__psi1p00,hardzero_plus_depr,0.02,37,1026,0.0,1,0.51182044,0.51182044,0.9936387,0.10147552,0.10147552,1.0,8.968299e-17,8.8378936e-16,-26.324844,2.1860487,0.72868294,0.136,0.0,0.17670871,30.75029,30.78029,3286400
hardzero_plus_depr__c0p54__z1p05__lam0p030__nu0p50__psi1p00,hardzero_plus_depr,0.02,37,1027,0.0,1,0.51182044,0.51182044,1.0505592,0.0,0.089010425,0.0,0.0,8.576688e-16,-27.279642,2.3112762,0.77042544,0.12,0.0,0.1760924,30.78029,30.810291,3289600
hardzero_plus_depr__c0p54__z1p05__lam0p030__nu0p50__psi1p00,hardzero_plus_depr,0.02,37,1028,0.0,1,0.51182044,0.51182044,1.0526422,0.0,0.088584505,0.0,0.0,8.323203e-16,-27.456234,2.315859,0.77195305,0.16800001,0.0,0.20854264,30.810291,30.840292,3292800
hardzero_plus_depr__c0p54__z1p05__lam0p030__nu0p50__psi1p00,hardzero_plus_depr,0.02,37,1029,0.0,1,0.51182044,0.51182044,0.9996825,0.10007312,0.10007312,1.0,8.083116e-17,8.07721e-16,-26.36666,2.1993454,0.73311514,0.120000005,0.0,0.19772215,30.840292,30.870293,3296000
hardzero_plus_depr__c0p54__z1p05__lam0p030__nu0p50__psi1p00,hardzero_plus_depr,0.02,37,1030,0.0,1,0.51182044,0.51182044,1.0083225,0.09810193,0.09810193,1.0,7.6897066e-17,7.838487e-16,-27.731556,2.2183537,0.7394513,0.2,0.0,0.17053738,30.870293,30.900293,3299200
hardzero_plus_depr__c0p54__z1p05__lam0p030__nu0p50__psi1p00,hardzero_plus_depr,0.02,37,1031,0.0,1,0.51182044,0.51182044,1.0533932,0.0,0.08843145,0.0,0.0,7.606819e-16,-27.68388,2.3175113,0.7725038,0.112,0.0,0.20329621,30.900293,30.930294,3302400
hardzero_plus_depr__c0p54__z1p05__lam0p030__nu0p50__psi1p00,hardzero_plus_depr,0.02,37,1032,0.0,1,0.51182044,0.51182044,1.0177621,0.09599265,0.09599265,1.0,7.086176e-17,7.3819985e-16,-26.487665,2.2391212,0.7463738,0.14400001,0.0,0.18991686,30.930294,30.960295,3305600
hardzero_plus_depr__c0p54__z1p05__lam0p030__nu0p50__psi1p00,hardzero_plus_depr,0.02,37,1033,0.0,1,0.51182044,0.51182044,0.9821031,0.10420701,0.10420701,1.0,7.465206e-17,7.163823e-16,-27.01052,2.16067,0.72022337,0.256,0.016,0.19897752,30.960295,30.990295,3308800
hardzero_plus_depr__c0p54__z1p05__lam0p030__nu0p50__psi1p00,hardzero_plus_depr,0.02,37,1034,0.0,1,0.51182044,0.51182044,1.0252513,0.09435149,0.09435149,1.0,6.559406e-17,6.9520954e-16,-26.610815,2.2555978,0.751866,0.136,0.0,0.16498564,30.990295,31.020296,3312000
hardzero_plus_depr__c0p54__z1p05__lam0p030__nu0p50__psi1p00,hardzero_plus_depr,0.02,37,1035,0.0,1,0.51182044,0.51182044,1.0536878,0.0,0.088371485,0.0,0.0,6.746625e-16,-28.182377,2.3181593,0.7727198,0.16800001,0.0,0.1965944,31.020296,31.050297,3315200
hardzero_plus_depr__c0p54__z1p05__lam0p030__nu0p50__psi1p00,hardzero_plus_depr,0.02,37,1036,0.0,1,0.51182044,0.51182044,1.0460851,0.089932136,0.089932136,1.0,5.888062e-17,6.547228e-16,-26.996521,2.3014333,0.76714444,0.192,0.0,0.20549178,31.050297,31.080297,3318400
hardzero_plus_depr__c0p54__z1p05__lam0p030__nu0p50__psi1p00,hardzero_plus_depr,0.02,37,1037,0.0,1,0.51182044,0.51182044,1.0152185,0.09655651,0.09655651,1.0,6.1349326e-17,6.353723e-16,-27.259754,2.2335253,0.74450845,0.15200001,0.0,0.20190997,31.080297,31.110298,3321600
hardzero_plus_depr__c0p54__z1p05__lam0p030__nu0p50__psi1p00,hardzero_plus_depr,0.02,37,1038,0.0,1,0.51182044,0.51182044,1.0043294,0.09900805,0.09900805,1.0,6.1047756e-17,6.165938e-16,-26.887941,2.209569,0.73652303,0.16800001,0.0,0.18385936,31.110298,31.140299,3324800
hardzero_plus_depr__c0p54__z1p05__lam0p030__nu0p50__psi1p00,hardzero_plus_depr,0.02,37,1039,0.0,1,0.51182044,0.51182044,1.0229533,0.094852045,0.094852045,1.0,5.675665e-17,5.983703e-16,-26.495611,2.2505422,0.7501807,0.104,0.0,0.16544433,31.140299,31.1703,3328000
hardzero_plus_depr__c0p54__z1p05__lam0p030__nu0p50__psi1p00,hardzero_plus_depr,0.02,37,1040,0.0,1,0.51182044,0.51182044,0.99728435,0.10062726,0.10062726,1.0,5.843278e-17,5.806854e-16,-26.75749,2.1940694,0.7313565,0.19999999,0.0,0.1656905,31.1703,31.2003,3331200
hardzero_plus_depr__c0p54__z1p05__lam0p030__nu0p50__psi1p00,hardzero_plus_depr,0.02,37,1041,0.0,1,0.51182044,0.51182044,1.0307114,0.09317267,0.09317267,1.0,5.2504955e-17,5.6352313e-16,-27.603981,2.2676103,0.7558701,0.128,0.0,0.17777957,31.2003,31.2303,3334400
hardzero_plus_depr__c0p54__z1p05__lam0p030__nu0p50__psi1p00,hardzero_plus_depr,0.02,37,1042,0.0,1,0.51182044,0.51182044,1.0233369,0.09476829,0.09476829,1.0,5.182576e-17,5.4686813e-16,-27.122164,2.2513862,0.75046206,0.096,0.0,0.16167471,31.2303,31.260302,3337600
hardzero_plus_depr__c0p54__z1p05__lam0p030__nu0p50__psi1p00,hardzero_plus_depr,0.02,37,1043,0.0,1,0.51182044,0.51182044,1.016289,0.09631878,0.09631878,1.0,5.11169e-17,5.307054e-16,-26.54315,2.2358804,0.7452935,0.192,0.0,0.18847565,31.260302,31.290302,3340800
hardzero_plus_depr__c0p54__z1p05__lam0p030__nu0p50__psi1p00,hardzero_plus_depr,0.02,37,1044,0.0,1,0.51182044,0.51182044,1.0530751,0.0,0.08849627,0.0,0.0,5.1502033e-16,-26.77925,2.3168113,0.77227044,0.17600001,0.0,0.17490552,31.290302,31.320303,3344000
hardzero_plus_depr__c0p54__z1p05__lam0p030__nu0p50__psi1p00,hardzero_plus_depr,0.02,37,1045,0.0,1,0.51182044,0.51182044,0.993608,0.10148269,0.10148269,1.0,5.072093e-17,4.9979883e-16,-26.88523,2.1859813,0.72866046,0.24000001,0.0,0.20239674,31.320303,31.350304,3347200
hardzero_plus_depr__c0p54__z1p05__lam0p030__nu0p50__psi1p00,hardzero_plus_depr,0.02,37,1046,0.0,1,0.51182044,0.51182044,1.0600096,0.0,0.08709443,0.0,0.0,4.850272e-16,-27.440489,2.3320677,0.7773559,0.128,0.0,0.17324026,31.350304,31.380304,3350400
hardzero_plus_depr__c0p54__z1p05__lam0p030__nu0p50__psi1p00,hardzero_plus_depr,0.02,37,1047,0.0,1,0.51182044,0.51182044,1.0302159,0.09327905,0.09327905,1.0,4.3905718e-17,4.706922e-16,-28.224245,2.26652,0.7555067,0.16800001,0.0,0.19073623,31.380304,31.410305,3353600
hardzero_plus_depr__c0p54__z1p05__lam0p030__nu0p50__psi1p00,hardzero_plus_depr,0.02,37,1048,0.0,1,0.51182044,0.51182044,1.0318156,0.09293609,0.09293609,1.0,4.2451422e-17,4.567808e-16,-26.524984,2.2700398,0.75667995,0.120000005,0.0,0.18255964,31.410305,31.440306,3356800
hardzero_plus_depr__c0p54__z1p05__lam0p030__nu0p50__psi1p00,hardzero_plus_depr,0.02,37,1049,0.0,1,0.51182044,0.51182044,1.0299634,0.09333328,0.09333328,1.0,4.137283e-17,4.4328058e-16,-27.291895,2.2659647,0.7553216,0.18400002,0.0,0.21413763,31.440306,31.470306,3360000
hardzero_plus_depr__c0p54__z1p05__lam0p030__nu0p50__psi1p00,hardzero_plus_depr,0.02,37,1050,0.0,1,0.51182044,0.51182044,0.9900123,0.1023264,0.1023264,1.0,4.4018707e-17,4.3017937e-16,-26.47135,2.1780705,0.72602355,0.16000001,0.0,0.1729674,31.470306,31.500307,3363200
hardzero_plus_depr__c0p54__z1p05__lam0p030__nu0p50__psi1p00,hardzero_plus_depr,0.02,37,1051,0.0,1,0.51182044,0.51182044,1.0094209,0.09785412,0.09785412,1.0,4.0850705e-17,4.1746535e-16,-26.753548,2.2207704,0.7402568,0.17600001,0.0,0.16658123,31.500307,31.530308,3366400
hardzero_plus_depr__c0p54__z1p05__lam0p030__nu0p50__psi1p00,hardzero_plus_depr,0.02,37,1052,0.0,1,0.51182044,0.51182044,1.0535579,0.0,0.088397935,0.0,0.0,4.051271e-16,-28.75587,2.3178735,0.7726245,0.136,0.0,0.22857535,31.530308,31.560308,3369600
hardzero_plus_depr__c0p54__z1p05__lam0p030__nu0p50__psi1p00,hardzero_plus_depr,0.02,37,1053,0.0,1,0.51182044,0.51182044,1.0017093,0.09960719,0.09960719,1.0,3.9160917e-17,3.9315352e-16,-26.789082,2.2038045,0.7346015,0.22,0.0,0.17989169,31.560308,31.59031,3372800
hardzero_plus_depr__c0p54__z1p05__lam0p030__nu0p50__psi1p00,hardzero_plus_depr,0.02,37,1054,0.0,1,0.51182044,0.51182044,1.0023143,0.09946852,0.09946852,1.0,3.7950606e-17,3.8153384e-16,-26.725185,2.2051356,0.7350452,0.128,0.0,0.18748629,31.59031,31.62031,3376000
hardzero_plus_depr__c0p54__z1p05__lam0p030__nu0p50__psi1p00,hardzero_plus_depr,0.02,37,1055,0.0,1,0.51182044,0.51182044,1.0776354,0.0,0.08363047,0.0,0.0,3.7025753e-16,-27.736849,2.3708453,0.7902818,0.120000005,0.0,0.18859118,31.62031,31.65031,3379200
hardzero_plus_depr__c0p54__z1p05__lam0p030__nu0p50__psi1p00,hardzero_plus_depr,0.02,37,1056,0.0,1,0.51182044,0.51182044,1.0141345,0.09679779,0.09679779,1.0,3.4780854e-17,3.5931455e-16,-27.017464,2.2311406,0.74371356,0.14400001,0.0,0.2013396,31.65031,31.680311,3382400
hardzero_plus_depr__c0p54__z1p05__lam0p030__nu0p50__psi1p00,hardzero_plus_depr,0.02,37,1057,0.0,1,0.51182044,0.51182044,1.0618848,0.0,0.08671919,0.0,0.0,3.4869493e-16,-27.200891,2.336193,0.77873105,0.120000005,0.0,0.19388266,31.680311,31.710312,3385600
hardzero_plus_depr__c0p54__z1p05__lam0p030__nu0p50__psi1p00,hardzero_plus_depr,0.02,37,1058,0.0,1,0.51182044,0.51182044,0.9684284,0.1075404,0.1075404,1.0,3.639051e-17,3.383892e-16,-25.886124,2.130585,0.710195,0.15200001,0.0,0.17986514,31.710312,31.740313,3388800
hardzero_plus_depr__c0p54__z1p05__lam0p030__nu0p50__psi1p00,hardzero_plus_depr,0.02,37,1059,0.0,1,0.51182044,0.51182044,1.0782791,0.0,0.08350661,0.0,0.0,3.2838806e-16,-28.323185,2.3722615,0.79075384,0.104,0.0,0.18682382,31.740313,31.770313,3392000
hardzero_plus_depr__c0p54__z1p05__lam0p030__nu0p50__psi1p00,hardzero_plus_depr,0.02,37,1060,0.0,1,0.51182044,0.51182044,1.0072238,0.098350406,0.098350406,1.0,3.1342555e-17,3.1868251e-16,-26.406952,2.2159367,0.73864555,0.16800001,0.0,0.18000293,31.770313,31.800314,3395200
hardzero_plus_depr__c0p54__z1p05__lam0p030__nu0p50__psi1p00,hardzero_plus_depr,0.02,37,1061,0.0,1,0.51182044,0.51182044,1.0388478,0.09144336,0.09144336,1.0,2.8280127e-17,3.0926385e-16,-27.342747,2.2855108,0.76183695,0.14400001,0.0,0.18913585,31.800314,31.830315,3398400
hardzero_plus_depr__c0p54__z1p05__lam0p030__nu0p50__psi1p00,hardzero_plus_depr,0.02,37,1062,0.0,1,0.51182044,0.51182044,1.0260936,0.09416866,0.09416866,1.0,2.8262227e-17,3.001235e-16,-27.4449,2.257451,0.7524837,0.18400002,0.0,0.17632023,31.830315,31.860315,3401600
hardzero_plus_depr__c0p54__z1p05__lam0p030__nu0p50__psi1p00,hardzero_plus_depr,0.02,37,1063,0.0,1,0.51182044,0.51182044,1.0960127,0.0,0.08016545,0.0,0.0,2.9125328e-16,-28.67212,2.411276,0.80375874,0.18400002,0.0,0.20692253,31.860315,31.890316,3404800
hardzero_plus_depr__c0p54__z1p05__lam0p030__nu0p50__psi1p00,hardzero_plus_depr,0.02,37,1064,0.0,1,0.51182044,0.51182044,1.003813,0.09912586,0.09912586,1.0,2.8017458e-17,2.8264529e-16,-26.740076,2.2084327,0.73614424,0.17600001,0.0,0.17401122,31.890316,31.920317,3408000
hardzero_plus_depr__c0p54__z1p05__lam0p030__nu0p50__psi1p00,hardzero_plus_depr,0.02,37,1065,0.0,1,0.51182044,0.51182044,1.011149,0.09746549,0.09746549,1.0,2.6733971e-17,2.7429166e-16,-27.279865,2.2245724,0.74152416,0.14400001,0.0,0.21515508,31.920317,31.950317,3411200
hardzero_plus_depr__c0p54__z1p05__lam0p030__nu0p50__psi1p00,hardzero_plus_depr,0.02,37,1066,0.0,1,0.51182044,0.51182044,1.044521,0.09025661,0.09025661,1.0,2.4024948e-17,2.6618492e-16,-26.588785,2.297992,0.76599735,0.13,0.0,0.172721,31.950317,31.980318,3414400
hardzero_plus_depr__c0p54__z1p05__lam0p030__nu0p50__psi1p00,hardzero_plus_depr,0.02,37,1067,0.0,1,0.51182044,0.51182044,1.0580457,0.0,0.08748916,0.0,0.0,2.5831779e-16,-27.879723,2.327747,0.77591574,0.14400001,0.0,0.17347647,31.980318,32.01032,3417600
hardzero_plus_depr__c0p54__z1p05__lam0p030__nu0p50__psi1p00,hardzero_plus_depr,0.02,37,1068,0.0,1,0.51182044,0.51182044,1.0162377,0.09633015,0.09633015,1.0,2.4148348e-17,2.5068319e-16,-27.08365,2.2357676,0.7452559,0.16000001,0.0,0.19161464,32.01032,32.040318,3420800
hardzero_plus_depr__c0p54__z1p05__lam0p030__nu0p50__psi1p00,hardzero_plus_depr,0.02,37,1069,0.0,1,0.51182044,0.51182044,1.0217423,0.09511689,0.09511689,1.0,2.313953e-17,2.4327467e-16,-27.237154,2.247878,0.74929273,0.16800001,0.0,0.17817353,32.040318,32.070316,3424000
hardzero_plus_depr__c0p54__z1p05__lam0p030__nu0p50__psi1p00,hardzero_plus_depr,0.02,37,1070,0.0,1,0.51182044,0.51182044,1.0462948,0.08988873,0.08988873,1.0,2.122139e-17,2.360851e-16,-27.654207,2.3018947,0.7672982,0.15200001,0.0,0.17716359,32.070316,32.100315,3427200
hardzero_plus_depr__c0p54__z1p05__lam0p030__nu0p50__psi1p00,hardzero_plus_depr,0.02,37,1071,0.0,1,0.51182044,0.51182044,1.0217094,0.095124096,0.095124096,1.0,2.1793693e-17,2.29108e-16,-27.400694,2.2478056,0.74926853,0.128,0.0,0.1811355,32.100315,32.130314,3430400
hardzero_plus_depr__c0p54__z1p05__lam0p030__nu0p50__psi1p00,hardzero_plus_depr,0.02,37,1072,0.0,1,0.51182044,0.51182044,1.0236152,0.09470758,0.09470758,1.0,2.105701e-17,2.2233712e-16,-27.323908,2.2519984,0.75066614,0.14400001,0.0,0.17119904,32.130314,32.160313,3433600
hardzero_plus_depr__c0p54__z1p05__lam0p030__nu0p50__psi1p00,hardzero_plus_depr,0.02,37,1073,0.0,1,0.51182044,0.51182044,0.9977171,0.10052705,0.10052705,1.0,2.1690352e-17,2.1576633e-16,-26.472412,2.1950214,0.73167384,0.112,0.0,0.17655171,32.160313,32.19031,3436800
hardzero_plus_depr__c0p54__z1p05__lam0p030__nu0p50__psi1p00,hardzero_plus_depr,0.02,37,1074,0.0,1,0.51182044,0.51182044,1.1004243,0.0,0.079355255,0.0,0.0,2.0938972e-16,-28.628054,2.420982,0.80699396,0.08800001,0.0,0.22717512,32.19031,32.22031,3440000
hardzero_plus_depr__c0p54__z1p05__lam0p030__nu0p50__psi1p00,hardzero_plus_depr,0.02,37,1075,0.0,1,0.51182044,0.51182044,1.0196319,0.09558026,0.09558026,1.0,1.9422059e-17,2.0320158e-16,-27.39823,2.2432349,0.747745,0.112,0.0,0.17520015,32.22031,32.25031,3443200
hardzero_plus_depr__c0p54__z1p05__lam0p030__nu0p50__psi1p00,hardzero_plus_depr,0.02,37,1076,0.0,1,0.51182044,0.51182044,1.0030756,0.09929433,0.09929433,1.0,1.9580472e-17,1.9719628e-16,-26.394615,2.2068105,0.7356035,0.136,0.0,0.18734129,32.25031,32.280308,3446400
hardzero_plus_depr__c0p54__z1p05__lam0p030__nu0p50__psi1p00,hardzero_plus_depr,0.02,37,1077,0.0,1,0.51182044,0.51182044,1.0010372,0.09976146,0.09976146,1.0,1.9091203e-17,1.9136851e-16,-26.72176,2.2023258,0.7341086,0.136,0.0,0.16751885,32.280308,32.310307,3449600
hardzero_plus_depr__c0p54__z1p05__lam0p030__nu0p50__psi1p00,hardzero_plus_depr,0.02,37,1078,0.0,1,0.51182044,0.51182044,1.0151778,0.09656553,0.09656553,1.0,1.7933468e-17,1.8571294e-16,-26.693668,2.2334359,0.74447864,0.224,0.0,0.2225996,32.310307,32.340305,3452800
hardzero_plus_depr__c0p54__z1p05__lam0p030__nu0p50__psi1p00,hardzero_plus_depr,0.02,37,1079,0.0,1,0.51182044,0.51182044,0.9947874,0.10120748,0.10120748,1.0,1.8240067e-17,1.802245e-16,-26.685751,2.188576,0.7295253,0.17999999,0.0,0.16027533,32.340305,32.370304,3456000
hardzero_plus_depr__c0p54__z1p05__lam0p030__nu0p50__psi1p00,hardzero_plus_depr,0.02,37,1080,0.0,1,0.51182044,0.51182044,1.031344,0.09303705,0.09303705,1.0,1.6272019e-17,1.7489827e-16,-27.257921,2.2690022,0.75633407,0.15200001,0.0,0.19548286,32.370304,32.400303,3459200
hardzero_plus_depr__c0p54__z1p05__lam0p030__nu0p50__psi1p00,hardzero_plus_depr,0.02,37,1081,0.0,1,0.51182044,0.51182044,0.99793565,0.100476466,0.100476466,1.0,1.7053816e-17,1.6972945e-16,-27.122717,2.1955023,0.7318341,0.2,0.0,0.17124134,32.400303,32.4303,3462400
hardzero_plus_depr__c0p54__z1p05__lam0p030__nu0p50__psi1p00,hardzero_plus_depr,0.02,37,1082,0.0,1,0.51182044,0.51182044,1.024087,0.09460476,0.09460476,1.0,1.5582672e-17,1.6471339e-16,-27.253378,2.2530363,0.7510121,0.2,0.0,0.19906309,32.4303,32.4603,3465600
hardzero_plus_depr__c0p54__z1p05__lam0p030__nu0p50__psi1p00,hardzero_plus_depr,0.02,37,1083,0.0,1,0.51182044,0.51182044,1.0493319,0.0892623,0.0892623,1.0,1.4268184e-17,1.5984559e-16,-27.797287,2.3085763,0.76952547,0.136,0.0,0.20242608,32.4603,32.4903,3468800
hardzero_plus_depr__c0p54__z1p05__lam0p030__nu0p50__psi1p00,hardzero_plus_depr,0.02,37,1084,0.0,1,0.51182044,0.51182044,0.9705096,0.10702627,0.10702627,1.0,1.6602089e-17,1.5512163e-16,-25.53791,2.1351638,0.7117213,0.24800001,0.0,0.17377482,32.4903,32.520298,3472000
hardzero_plus_depr__c0p54__z1p05__lam0p030__nu0p50__psi1p00,hardzero_plus_depr,0.02,37,1085,0.0,1,0.51182044,0.51182044,1.0726236,0.0,0.08460117,0.0,0.0,1.5053726e-16,-27.984772,2.359819,0.7866063,0.192,0.0,0.190556,32.520298,32.550297,3475200
hardzero_plus_depr__c0p54__z1p05__lam0p030__nu0p50__psi1p00,hardzero_plus_depr,0.02,37,1086,0.0,1,0.51182044,0.51182044,1.0484025,0.089453526,0.089453526,1.0,1.3068122e-17,1.460884e-16,-27.631924,2.3065317,0.7688439,0.16800001,0.0,0.17985809,32.550297,32.580296,3478400
hardzero_plus_depr__c0p54__z1p05__lam0p030__nu0p50__psi1p00,hardzero_plus_depr,0.02,37,1087,0.0,1,0.51182044,0.51182044,1.0290136,0.09353763,0.09353763,1.0,1.3260924e-17,1.41771e-16,-27.118637,2.2638752,0.7546251,0.08800001,0.0,0.18489665,32.580296,32.610294,3481600
hardzero_plus_depr__c0p54__z1p05__lam0p030__nu0p50__psi1p00,hardzero_plus_depr,0.02,37,1088,0.0,1,0.51182044,0.51182044,1.0469826,0.08974647,0.08974647,1.0,1.23474276e-17,1.375812e-16,-27.714075,2.303408,0.76780266,0.120000005,0.0,0.18481196,32.610294,32.640293,3484800
hardzero_plus_depr__c0p54__z1p05__lam0p030__nu0p50__psi1p00,hardzero_plus_depr,0.02,37,1089,0.0,1,0.51182044,0.51182044,1.0410508,0.090980686,0.090980686,1.0,1.2147307e-17,1.3351522e-16,-27.682026,2.2903576,0.76345253,0.136,0.0,0.18155025,32.640293,32.67029,3488000
hardzero_plus_depr__c0p54__z1p05__lam0p030__nu0p50__psi1p00,hardzero_plus_depr,0.02,37,1090,0.0,1,0.51182044,0.51182044,0.97415996,0.10613044,0.10613044,1.0,1.3751259e-17,1.2956941e-16,-26.7396,2.1431947,0.71439826,0.112,0.0,0.17117043,32.67029,32.70029,3491200
hardzero_plus_depr__c0p54__z1p05__lam0p030__nu0p50__psi1p00,hardzero_plus_depr,0.02,37,1091,0.0,1,0.51182044,0.51182044,1.0116826,0.09734583,0.09734583,1.0,1.2240285e-17,1.2574021e-16,-26.581684,2.2257462,0.7419154,0.16000001,0.0,0.17111112,32.70029,32.73029,3494400
hardzero_plus_depr__c0p54__z1p05__lam0p030__nu0p50__psi1p00,hardzero_plus_depr,0.02,37,1092,0.0,1,0.51182044,0.51182044,1.0622853,0.0,0.086639255,0.0,0.0,1.2202418e-16,-27.849794,2.3370743,0.7790248,0.11,0.0,0.1610538,32.73029,32.76029,3497600
hardzero_plus_depr__c0p54__z1p05__lam0p030__nu0p50__psi1p00,hardzero_plus_depr,0.02,37,1093,0.0,1,0.51182044,0.51182044,1.0252538,0.09435094,0.09435094,1.0,1.1172846e-17,1.1841796e-16,-27.36071,2.2556033,0.7518678,0.16000001,0.0,0.18381287,32.76029,32.790287,3500800
hardzero_plus_depr__c0p54__z1p05__lam0p030__nu0p50__psi1p00,hardzero_plus_depr,0.02,37,1094,0.0,1,0.51182044,0.51182044,1.0258754,0.09421598,0.09421598,1.0,1.0827142e-17,1.1491832e-16,-27.840746,2.2569711,0.75232375,0.120000005,0.0,0.21573909,32.790287,32.820286,3504000
hardzero_plus_depr__c0p54__z1p05__lam0p030__nu0p50__psi1p00,hardzero_plus_depr,0.02,37,1095,0.0,1,0.51182044,0.51182044,1.0049354,0.09887001,0.09887001,1.0,1.1026192e-17,1.115221e-16,-26.723373,2.210902,0.7369673,0.18400002,0.0,0.16948596,32.820286,32.850285,3507200
hardzero_plus_depr__c0p54__z1p05__lam0p030__nu0p50__psi1p00,hardzero_plus_depr,0.02,37,1096,0.0,1,0.51182044,0.51182044,1.0551664,0.0,0.08807113,0.0,0.0,1.08226267e-16,-27.6427,2.3214123,0.7738041,0.2,0.0,0.19666225,32.850285,32.880283,3510400
hardzero_plus_depr__c0p54__z1p05__lam0p030__nu0p50__psi1p00,hardzero_plus_depr,0.02,37,1097,0.0,1,0.51182044,0.51182044,1.0360746,0.09202913,0.09202913,1.0,9.665619e-18,1.0502782e-16,-27.07348,2.2794096,0.75980324,0.16000001,0.0,0.1760374,32.880283,32.910282,3513600
hardzero_plus_depr__c0p54__z1p05__lam0p030__nu0p50__psi1p00,hardzero_plus_depr,0.02,37,1098,0.0,1,0.51182044,0.51182044,1.0329593,0.092691645,0.092691645,1.0,9.4474945e-18,1.01923905e-16,-27.278378,2.2725558,0.75751865,0.136,0.0,0.22157471,32.910282,32.94028,3516800
hardzero_plus_depr__c0p54__z1p05__lam0p030__nu0p50__psi1p00,hardzero_plus_depr,0.02,37,1099,0.0,1,0.51182044,0.51182044,1.1330863,0.0,0.07360608,0.0,0.0,9.8911717e-17,-28.839115,2.4928396,0.83094656,0.096,0.0,0.1770875,32.94028,32.97028,3520000
hardzero_plus_depr__c0p54__z1p05__lam0p030__nu0p50__psi1p00,hardzero_plus_depr,0.02,37,1100,0.0,1,0.51182044,0.51182044,1.0526779,0.0,0.08857723,0.0,0.0,9.598856e-17,-27.10164,2.3159375,0.7719792,0.08800001,0.0,0.18515529,32.97028,33.00028,3523200
hardzero_plus_depr__c0p54__z1p05__lam0p030__nu0p50__psi1p00,hardzero_plus_depr,0.02,37,1101,0.0,1,0.51182044,0.51182044,1.0211966,0.0952365,0.0952365,1.0,8.87145e-18,9.315178e-17,-26.891685,2.2466774,0.7488925,0.224,0.0,0.1821166,33.00028,33.030277,3526400
hardzero_plus_depr__c0p54__z1p05__lam0p030__nu0p50__psi1p00,hardzero_plus_depr,0.02,37,1102,0.0,1,0.51182044,0.51182044,1.0228474,0.09487518,0.09487518,1.0,8.576606e-18,9.039884e-17,-26.973053,2.2503092,0.7501031,0.16800001,0.0,0.20340264,33.030277,33.060276,3529600
hardzero_plus_depr__c0p54__z1p05__lam0p030__nu0p50__psi1p00,hardzero_plus_depr,0.02,37,1103,0.0,1,0.51182044,0.51182044,1.0073963,0.09831134,0.09831134,1.0,8.624585e-18,8.772726e-17,-26.39031,2.2163162,0.7387721,0.16800001,0.0,0.16455683,33.060276,33.090275,3532800
hardzero_plus_depr__c0p54__z1p05__lam0p030__nu0p50__psi1p00,hardzero_plus_depr,0.02,37,1104,0.0,1,0.51182044,0.51182044,1.0683613,0.0,0.08543556,0.0,0.0,8.5134626e-17,-28.85202,2.3504417,0.7834806,0.104,0.0,0.198272,33.090275,33.120274,3536000
hardzero_plus_depr__c0p54__z1p05__lam0p030__nu0p50__psi1p00,hardzero_plus_depr,0.02,37,1105,0.0,1,0.51182044,0.51182044,1.0969307,0.0,0.07999618,0.0,0.0,8.261862e-17,-28.49776,2.4132957,0.8044319,0.16,0.0,0.20631208,33.120274,33.150272,3539200
hardzero_plus_depr__c0p54__z1p05__lam0p030__nu0p50__psi1p00,hardzero_plus_depr,0.02,37,1106,0.0,1,0.51182044,0.51182044,0.9940721,0.1013743,0.1013743,1.0,8.127883e-18,8.017696e-17,-26.985859,2.1870022,0.72900075,0.136,0.0,0.17272815,33.150272,33.18027,3542400
hardzero_plus_depr__c0p54__z1p05__lam0p030__nu0p50__psi1p00,hardzero_plus_depr,0.02,37,1107,0.0,1,0.51182044,0.51182044,1.0698848,0.0,0.085136384,0.0,0.0,7.7807474e-17,-28.280247,2.3537936,0.7845979,0.112,0.0,0.18300925,33.18027,33.21027,3545600
hardzero_plus_depr__c0p54__z1p05__lam0p030__nu0p50__psi1p00,hardzero_plus_depr,0.02,37,1108,0.0,1,0.51182044,0.51182044,1.0303454,0.09325123,0.09325123,1.0,7.0412145e-18,7.550801e-17,-27.746943,2.2668052,0.75560176,0.16000001,0.0,0.18506801,33.21027,33.24027,3548800
hardzero_plus_depr__c0p54__z1p05__lam0p030__nu0p50__psi1p00,hardzero_plus_depr,0.02,37,1109,0.0,1,0.51182044,0.51182044,1.0127962,0.097096555,0.097096555,1.0,7.114896e-18,7.3276496e-17,-27.18723,2.2281961,0.74273205,0.224,0.0,0.19103183,33.24027,33.270267,3552000
hardzero_plus_depr__c0p54__z1p05__lam0p030__nu0p50__psi1p00,hardzero_plus_depr,0.02,37,1110,0.0,1,0.51182044,0.51182044,0.94038874,0.11471263,0.11471263,1.0,8.157323e-18,7.111094e-17,-25.804943,2.0688965,0.6896322,0.2,0.0,0.16593227,33.270267,33.300266,3555200
hardzero_plus_depr__c0p54__z1p05__lam0p030__nu0p50__psi1p00,hardzero_plus_depr,0.02,37,1111,0.0,1,0.51182044,0.51182044,1.0509458,0.0,0.08893122,0.0,0.0,6.9009376e-17,-28.298185,2.3121269,0.770709,0.136,0.0,0.19038357,33.300266,33.330265,3558400
hardzero_plus_depr__c0p54__z1p05__lam0p030__nu0p50__psi1p00,hardzero_plus_depr,0.02,37,1112,0.0,1,0.51182044,0.51182044,1.0348551,0.09228791,0.09228791,1.0,6.1805145e-18,6.6969925e-17,-27.152243,2.2767267,0.7589089,0.16000001,0.0,0.19809905,33.330265,33.360264,3561600
hardzero_plus_depr__c0p54__z1p05__lam0p030__nu0p50__psi1p00,hardzero_plus_depr,0.02,37,1113,0.0,1,0.51182044,0.51182044,1.0005674,0.09986943,0.09986943,1.0,6.490588e-18,6.499074e-17,-27.471603,2.2012923,0.7337641,0.16800001,0.0,0.20528056,33.360264,33.390263,3564800
hardzero_plus_depr__c0p54__z1p05__lam0p030__nu0p50__psi1p00,hardzero_plus_depr,0.02,37,1114,0.0,1,0.51182044,0.51182044,1.0798777,0.0,0.083199784,0.0,0.0,6.3070053e-17,-28.268929,2.3757784,0.79192615,0.104,0.0,0.19755398,33.390263,33.42026,3568000
hardzero_plus_depr__c0p54__z1p05__lam0p030__nu0p50__psi1p00,hardzero_plus_depr,0.02,37,1115,0.0,1,0.51182044,0.51182044,1.1161207,0.0,0.07653838,0.0,0.0,6.1206124e-17,-28.879627,2.4555144,0.8185048,0.15200001,0.0,0.19592313,33.42026,33.45026,3571200
hardzero_plus_depr__c0p54__z1p05__lam0p030__nu0p50__psi1p00,hardzero_plus_depr,0.02,37,1116,0.0,1,0.51182044,0.51182044,1.0545046,0.0,0.08820543,0.0,0.0,5.939728e-17,-27.468966,2.3199565,0.7733189,0.14400001,0.0,0.15836775,33.45026,33.48026,3574400
hardzero_plus_depr__c0p54__z1p05__lam0p030__nu0p50__psi1p00,hardzero_plus_depr,0.02,37,1117,0.0,1,0.51182044,0.51182044,1.0490273,0.089324936,0.089324936,1.0,5.1488593e-18,5.76419e-17,-27.801764,2.3079062,0.76930207,0.104,0.0,0.19375473,33.48026,33.510258,3577600
hardzero_plus_depr__c0p54__z1p05__lam0p030__nu0p50__psi1p00,hardzero_plus_depr,0.02,37,1118,0.0,1,0.51182044,0.51182044,1.0021781,0.09949973,0.09949973,1.0,5.565855e-18,5.5938393e-17,-27.629286,2.204836,0.7349453,0.14999999,0.0,0.19172809,33.510258,33.540257,3580800
hardzero_plus_depr__c0p54__z1p05__lam0p030__nu0p50__psi1p00,hardzero_plus_depr,0.02,37,1119,0.0,1,0.51182044,0.51182044,1.1148204,0.0,0.0767679,0.0,0.0,5.4285227e-17,-28.748049,2.452654,0.8175513,0.14400001,0.0,0.21909396,33.540257,33.570255,3584000
hardzero_plus_depr__c0p54__z1p05__lam0p030__nu0p50__psi1p00,hardzero_plus_depr,0.02,37,1120,0.0,1,0.51182044,0.51182044,1.0005819,0.09986612,0.09986612,1.0,5.261039e-18,5.268092e-17,-26.432478,2.201324,0.73377466,0.15200001,0.0,0.1772097,33.570255,33.600254,3587200
hardzero_plus_depr__c0p54__z1p05__lam0p030__nu0p50__psi1p00,hardzero_plus_depr,0.02,37,1121,0.0,1,0.51182044,0.51182044,1.0127758,0.09710112,0.09710112,1.0,4.964201e-18,5.1124033e-17,-27.761889,2.228151,0.742717,0.16000001,0.0,0.20208262,33.600254,33.630253,3590400
hardzero_plus_depr__c0p54__z1p05__lam0p030__nu0p50__psi1p00,hardzero_plus_depr,0.02,37,1122,0.0,1,0.51182044,0.51182044,1.0510089,0.0,0.08891828,0.0,0.0,4.9613142e-17,-27.48697,2.3122659,0.7707553,0.14400001,0.0,0.16827296,33.630253,33.66025,3593600
hardzero_plus_depr__c0p54__z1p05__lam0p030__nu0p50__psi1p00,hardzero_plus_depr,0.02,37,1123,0.0,1,0.51182044,0.51182044,1.0078326,0.098212615,0.098212615,1.0,4.7286342e-18,4.814691e-17,-27.23569,2.217276,0.73909205,0.192,0.0,0.19843248,33.66025,33.69025,3596800
hardzero_plus_depr__c0p54__z1p05__lam0p030__nu0p50__psi1p00,hardzero_plus_depr,0.02,37,1124,0.0,1,0.51182044,0.51182044,1.059483,0.0,0.08720009,0.0,0.0,4.6724015e-17,-27.567196,2.3309093,0.7769698,0.17600001,0.0,0.21726634,33.69025,33.72025,3600000
hardzero_plus_depr__c0p54__z1p05__lam0p030__nu0p50__psi1p00,hardzero_plus_depr,0.02,37,1125,0.0,1,0.51182044,0.51182044,0.98573107,0.10334012,0.10334012,1.0,4.6857677e-18,4.5343163e-17,-26.286736,2.1686516,0.7228839,0.14400001,0.0,0.19302116,33.72025,33.750248,3603200
hardzero_plus_depr__c0p54__z1p05__lam0p030__nu0p50__psi1p00,hardzero_plus_depr,0.02,37,1126,0.0,1,0.51182044,0.51182044,1.014154,0.096793465,0.096793465,1.0,4.259215e-18,4.4003127e-17,-27.169275,2.2311833,0.7437278,0.14400001,0.0,0.18631656,33.750248,33.780247,3606400
hardzero_plus_depr__c0p54__z1p05__lam0p030__nu0p50__psi1p00,hardzero_plus_depr,0.02,37,1127,0.0,1,0.51182044,0.51182044,1.0214757,0.0951753,0.0951753,1.0,4.0642415e-18,4.270269e-17,-27.64928,2.2472913,0.7490971,0.16800001,0.0,0.20075984,33.780247,33.810246,3609600
hardzero_plus_depr__c0p54__z1p05__lam0p030__nu0p50__psi1p00,hardzero_plus_depr,0.02,37,1128,0.0,1,0.51182044,0.51182044,1.0846223,0.0,0.08229581,0.0,0.0,4.1440683e-17,-28.23188,2.3862166,0.79540557,0.14400001,0.0,0.175594,33.810246,33.840244,3612800
hardzero_plus_depr__c0p54__z1p05__lam0p030__nu0p50__psi1p00,hardzero_plus_depr,0.02,37,1129,0.0,1,0.51182044,0.51182044,0.99811304,0.100435436,0.100435436,1.0,4.0391093e-18,4.0215976e-17,-27.092373,2.1958926,0.73196423,0.16800001,0.0,0.1925629,33.840244,33.870243,3616000
hardzero_plus_depr__c0p54__z1p05__lam0p030__nu0p50__psi1p00,hardzero_plus_depr,0.02,37,1130,0.0,1,0.51182044,0.51182044,1.0562457,0.0,0.08785254,0.0,0.0,3.902746e-17,-28.025084,2.323787,0.7745957,0.14400001,0.0,0.19358234,33.870243,33.90024,3619200
hardzero_plus_depr__c0p54__z1p05__lam0p030__nu0p50__psi1p00,hardzero_plus_depr,0.02,37,1131,0.0,1,0.51182044,0.51182044,1.0350273,0.09225135,0.09225135,1.0,3.4939344e-18,3.7874072e-17,-27.035906,2.2771056,0.7590352,0.13,0.0,0.1820364,33.90024,33.93024,3622400
hardzero_plus_depr__c0p54__z1p05__lam0p030__nu0p50__psi1p00,hardzero_plus_depr,0.02,37,1132,0.0,1,0.51182044,0.51182044,0.98539674,0.103419684,0.103419684,1.0,3.8011666e-18,3.675477e-17,-26.230793,2.167916,0.7226387,0.15200001,0.0,0.18775053,33.93024,33.96024,3625600
hardzero_plus_depr__c0p54__z1p05__lam0p030__nu0p50__psi1p00,hardzero_plus_depr,0.02,37,1133,0.0,1,0.51182044,0.51182044,1.0464336,0.089860015,0.089860015,1.0,3.2051762e-18,3.5668547e-17,-28.022404,2.3021998,0.76739997,0.128,0.0,0.19789419,33.96024,33.99024,3628800
hardzero_plus_depr__c0p54__z1p05__lam0p030__nu0p50__psi1p00,hardzero_plus_depr,0.02,37,1134,0.0,1,0.51182044,0.51182044,1.0025644,0.09941124,0.09941124,1.0,3.4410629e-18,3.4614425e-17,-26.615858,2.2056859,0.73522866,0.17600001,0.0,0.18662323,33.99024,34.020237,3632000
hardzero_plus_depr__c0p54__z1p05__lam0p030__nu0p50__psi1p00,hardzero_plus_depr,0.02,37,1135,0.0,1,0.51182044,0.51182044,0.9931767,0.10158353,0.10158353,1.0,3.4123382e-18,3.359145e-17,-26.910707,2.1850324,0.72834414,0.192,0.008,0.18128957,34.020237,34.050236,3635200
hardzero_plus_depr__c0p54__z1p05__lam0p030__nu0p50__psi1p00,hardzero_plus_depr,0.02,37,1136,0.0,1,0.51182044,0.51182044,1.022366,0.094980374,0.094980374,1.0,3.0962384e-18,3.2598718e-17,-27.275135,2.2492502,0.7497501,0.16800001,0.0,0.16821955,34.050236,34.080235,3638400
hardzero_plus_depr__c0p54__z1p05__lam0p030__nu0p50__psi1p00,hardzero_plus_depr,0.02,37,1137,0.0,1,0.51182044,0.51182044,1.0337079,0.09253203,0.09253203,1.0,2.9272801e-18,3.1635317e-17,-27.505205,2.2742026,0.75806755,0.08800001,0.0,0.19679983,34.080235,34.110233,3641600
hardzero_plus_depr__c0p54__z1p05__lam0p030__nu0p50__psi1p00,hardzero_plus_depr,0.02,37,1138,0.0,1,0.51182044,0.51182044,1.0563942,0.0,0.08782249,0.0,0.0,3.0700388e-17,-27.272821,2.3241136,0.7747046,0.16000001,0.0,0.20283382,34.110233,34.140232,3644800
hardzero_plus_depr__c0p54__z1p05__lam0p030__nu0p50__psi1p00,hardzero_plus_depr,0.02,37,1139,0.0,1,0.51182044,0.51182044,1.0266805,0.0940415,0.0940415,1.0,2.8017869e-18,2.979309e-17,-26.92581,2.258742,0.7529141,0.192,0.0,0.17554419,34.140232,34.17023,3648000
hardzero_plus_depr__c0p54__z1p05__lam0p030__nu0p50__psi1p00,hardzero_plus_depr,0.02,37,1140,0.0,1,0.51182044,0.51182044,1.0449903,0.09015912,0.09015912,1.0,2.6067354e-18,2.891261e-17,-27.966377,2.2990246,0.76634157,0.15200001,0.0,0.16998482,34.17023,34.20023,3651200
hardzero_plus_depr__c0p54__z1p05__lam0p030__nu0p50__psi1p00,hardzero_plus_depr,0.02,37,1141,0.0,1,0.51182044,0.51182044,1.1123574,0.0,0.07720449,0.0,0.0,2.8058145e-17,-28.182184,2.447235,0.81574506,0.120000005,0.0,0.2001377,34.20023,34.23023,3654400
hardzero_plus_depr__c0p54__z1p05__lam0p030__nu0p50__psi1p00,hardzero_plus_depr,0.02,37,1142,0.0,1,0.51182044,0.51182044,1.0845749,0.0,0.082304776,0.0,0.0,2.7228936e-17,-28.67702,2.3861125,0.7953708,0.120000005,0.0,0.22792992,34.23023,34.260227,3657600
hardzero_plus_depr__c0p54__z1p05__lam0p030__nu0p50__psi1p00,hardzero_plus_depr,0.02,37,1143,0.0,1,0.51182044,0.51182044,1.0719053,0.0,0.08474123,0.0,0.0,2.6424232e-17,-27.735756,2.3582387,0.7860796,0.08800001,0.0,0.22388594,34.260227,34.290226,3660800
hardzero_plus_depr__c0p54__z1p05__lam0p030__nu0p50__psi1p00,hardzero_plus_depr,0.02,37,1144,0.0,1,0.51182044,0.51182044,0.9757958,0.10573146,0.10573146,1.0,2.7113043e-18,2.5643307e-17,-25.605732,2.1467936,0.71559787,0.13,0.0,0.15827517,34.290226,34.320225,3664000
hardzero_plus_depr__c0p54__z1p05__lam0p030__nu0p50__psi1p00,hardzero_plus_depr,0.02,37,1145,0.0,1,0.51182044,0.51182044,1.01969,0.09556744,0.09556744,1.0,2.3782402e-18,2.4885466e-17,-27.201273,2.243363,0.74778765,0.14400001,0.0,0.15865345,34.320225,34.350224,3667200
hardzero_plus_depr__c0p54__z1p05__lam0p030__nu0p50__psi1p00,hardzero_plus_depr,0.02,37,1146,0.0,1,0.51182044,0.51182044,1.0583168,0.0,0.08743456,0.0,0.0,2.4150018e-17,-27.798204,2.3283436,0.7761146,0.14400001,0.0,0.22559352,34.350224,34.380222,3670400
hardzero_plus_depr__c0p54__z1p05__lam0p030__nu0p50__psi1p00,hardzero_plus_depr,0.02,37,1147,0.0,1,0.51182044,0.51182044,1.0723625,0.0,0.08465204,0.0,0.0,2.3436305e-17,-28.574482,2.3592446,0.78641486,0.104,0.0,0.17561549,34.380222,34.41022,3673600
hardzero_plus_depr__c0p54__z1p05__lam0p030__nu0p50__psi1p00,hardzero_plus_depr,0.02,37,1148,0.0,1,0.51182044,0.51182044,1.0633533,0.0,0.08642645,0.0,0.0,2.2743685e-17,-27.483892,2.339424,0.779808,0.16000001,0.0,0.18901798,34.41022,34.44022,3676800
hardzero_plus_depr__c0p54__z1p05__lam0p030__nu0p50__psi1p00,hardzero_plus_depr,0.02,37,1149,0.0,1,0.51182044,0.51182044,0.9889766,0.10257071,0.10257071,1.0,2.263893e-18,2.2071535e-17,-26.303656,2.175792,0.725264,0.136,0.0,0.17523552,34.44022,34.47022,3680000
hardzero_plus_depr__c0p54__z1p05__lam0p030__nu0p50__psi1p00,hardzero_plus_depr,0.02,37,1150,0.0,1,0.51182044,0.51182044,1.0369922,0.09183491,0.09183491,1.0,1.9670347e-18,2.1419248e-17,-27.370087,2.2814283,0.7604761,0.120000005,0.0,0.1798393,34.47022,34.500217,3683200
hardzero_plus_depr__c0p54__z1p05__lam0p030__nu0p50__psi1p00,hardzero_plus_depr,0.02,37,1151,0.0,1,0.51182044,0.51182044,1.0618513,0.0,0.08672587,0.0,0.0,2.0786238e-17,-28.005735,2.3361194,0.7787065,0.120000005,0.0,0.19078124,34.500217,34.530216,3686400
hardzero_plus_depr__c0p54__z1p05__lam0p030__nu0p50__psi1p00,hardzero_plus_depr,0.02,37,1152,0.0,1,0.51182044,0.51182044,1.0782895,0.0,0.08350461,0.0,0.0,2.0171939e-17,-28.772722,2.3722842,0.7907614,0.120000005,0.0,0.21992786,34.530216,34.560215,3689600
hardzero_plus_depr__c0p54__z1p05__lam0p030__nu0p50__psi1p00,hardzero_plus_depr,0.02,37,1153,0.0,1,0.51182044,0.51182044,0.94645125,0.11312243,0.11312243,1.0,2.214461e-18,1.957579e-17,-25.81854,2.0822344,0.69407815,0.18400002,0.0,0.1626148,34.560215,34.590214,3692800
hardzero_plus_depr__c0p54__z1p05__lam0p030__nu0p50__psi1p00,hardzero_plus_depr,0.02,37,1154,0.0,1,0.51182044,0.51182044,1.0374494,0.09173829,0.09173829,1.0,1.7427763e-18,1.8997262e-17,-27.520302,2.2824342,0.76081145,0.120000005,0.0,0.17892775,34.590214,34.620213,3696000
hardzero_plus_depr__c0p54__z1p05__lam0p030__nu0p50__psi1p00,hardzero_plus_depr,0.02,37,1155,0.0,1,0.51182044,0.51182044,1.0551999,0.0,0.08806435,0.0,0.0,1.8435831e-17,-28.259829,2.321486,0.7738287,0.104,0.0,0.20514692,34.620213,34.65021,3699200
hardzero_plus_depr__c0p54__z1p05__lam0p030__nu0p50__psi1p00,hardzero_plus_depr,0.02,37,1156,0.0,1,0.51182044,0.51182044,1.0367686,0.09188222,0.09188222,1.0,1.6438641e-18,1.7890992e-17,-27.857313,2.2809365,0.7603122,0.15200001,0.0,0.1756576,34.65021,34.68021,3702400
hardzero_plus_depr__c0p54__z1p05__lam0p030__nu0p50__psi1p00,hardzero_plus_depr,0.02,37,1157,0.0,1,0.51182044,0.51182044,0.98848027,0.10268802,0.10268802,1.0,1.7828954e-18,1.7362253e-17,-26.996542,2.1747,0.7249,0.17,0.0,0.1859813,34.68021,34.71021,3705600
hardzero_plus_depr__c0p54__z1p05__lam0p030__nu0p50__psi1p00,hardzero_plus_depr,0.02,37,1158,0.0,1,0.51182044,0.51182044,0.9690825,0.107378535,0.107378535,1.0,1.8092361e-18,1.6849141e-17,-26.486526,2.132024,0.7106747,0.16800001,0.0,0.15270872,34.71021,34.740208,3708800
hardzero_plus_depr__c0p54__z1p05__lam0p030__nu0p50__psi1p00,hardzero_plus_depr,0.02,37,1159,0.0,1,0.51182044,0.51182044,1.067605,0.0,0.08558447,0.0,0.0,1.6351195e-17,-27.210503,2.348778,0.782926,0.15200001,0.0,0.20049246,34.740208,34.770206,3712000
hardzero_plus_depr__c0p54__z1p05__lam0p030__nu0p50__psi1p00,hardzero_plus_depr,0.02,37,1160,0.0,1,0.51182044,0.51182044,1.0760093,0.0,0.0839442,0.0,0.0,1.5867963e-17,-27.608398,2.3672676,0.7890892,0.104,0.0,0.18010786,34.770206,34.800205,3715200
hardzero_plus_depr__c0p54__z1p05__lam0p030__nu0p50__psi1p00,hardzero_plus_depr,0.02,37,1161,0.0,1,0.51182044,0.51182044,0.99646205,0.10081798,0.10081798,1.0,1.5524973e-18,1.5399013e-17,-26.605145,2.1922603,0.7307534,0.192,0.0,0.17779452,34.800205,34.830204,3718400
hardzero_plus_depr__c0p54__z1p05__lam0p030__nu0p50__psi1p00,hardzero_plus_depr,0.02,37,1162,0.0,1,0.51182044,0.51182044,1.037502,0.09172717,0.09172717,1.0,1.3707637e-18,1.4943923e-17,-27.888014,2.28255,0.7608501,0.120000005,0.0,0.18515083,34.830204,34.860203,3721600
hardzero_plus_depr__c0p54__z1p05__lam0p030__nu0p50__psi1p00,hardzero_plus_depr,0.02,37,1163,0.0,1,0.51182044,0.51182044,1.0353389,0.09218518,0.09218518,1.0,1.3368952e-18,1.450228e-17,-27.919472,2.277791,0.7592637,0.128,0.0,0.19624217,34.860203,34.8902,3724800
hardzero_plus_depr__c0p54__z1p05__lam0p030__nu0p50__psi1p00,hardzero_plus_depr,0.02,37,1164,0.0,1,0.51182044,0.51182044,1.1040035,0.0,0.07870394,0.0,0.0,1.407369e-17,-27.60594,2.4288564,0.80961883,0.17600001,0.0,0.22234905,34.8902,34.9202,3728000
hardzero_plus_depr__c0p54__z1p05__lam0p030__nu0p50__psi1p00,hardzero_plus_depr,0.02,37,1165,0.0,1,0.51182044,0.51182044,1.0404655,0.09110339,0.09110339,1.0,1.2442689e-18,1.3657767e-17,-27.74591,2.2890697,0.76302326,0.14400001,0.0,0.20258157,34.9202,34.9502,3731200
hardzero_plus_depr__c0p54__z1p05__lam0p030__nu0p50__psi1p00,hardzero_plus_depr,0.02,37,1166,0.0,1,0.51182044,0.51182044,1.0171474,0.0961286,0.0961286,1.0,1.2741014e-18,1.3254135e-17,-27.901646,2.2377691,0.74592304,0.208,0.008,0.18236835,34.9502,34.980198,3734400
hardzero_plus_depr__c0p54__z1p05__lam0p030__nu0p50__psi1p00,hardzero_plus_depr,0.02,37,1167,0.0,1,0.51182044,0.51182044,0.96412784,0.108610585,0.108610585,1.0,1.3969962e-18,1.2862431e-17,-26.309553,2.1211236,0.7070412,0.224,0.0,0.17472667,34.980198,35.010197,3737600
hardzero_plus_depr__c0p54__z1p05__lam0p030__nu0p50__psi1p00,hardzero_plus_depr,0.02,37,1168,0.0,1,0.51182044,0.51182044,1.0853308,0.0,0.08216165,0.0,0.0,1.2482304e-17,-29.063103,2.3877754,0.79592514,0.18400002,0.0,0.21515204,35.010197,35.040195,3740800
hardzero_plus_depr__c0p54__z1p05__lam0p030__nu0p50__psi1p00,hardzero_plus_depr,0.02,37,1169,0.0,1,0.51182044,0.51182044,0.94007665,0.11479509,0.11479509,1.0,1.3905601e-18,1.2113411e-17,-25.864407,2.06821,0.6894033,0.16000001,0.0,0.17662704,35.040195,35.070194,3744000
hardzero_plus_depr__c0p54__z1p05__lam0p030__nu0p50__psi1p00,hardzero_plus_depr,0.02,37,1170,0.0,1,0.51182044,0.51182044,0.99759454,0.100555405,0.100555405,1.0,1.1820711e-18,1.175542e-17,-26.767372,2.1947517,0.73158395,0.17,0.0,0.18754487,35.070194,35.100193,3747200
hardzero_plus_depr__c0p54__z1p05__lam0p030__nu0p50__psi1p00,hardzero_plus_depr,0.02,37,1171,0.0,1,0.51182044,0.51182044,1.0315369,0.09299573,0.09299573,1.0,1.0608962e-18,1.14080085e-17,-27.72806,2.2694266,0.75647557,0.16800001,0.0,0.24666372,35.100193,35.13019,3750400
hardzero_plus_depr__c0p54__z1p05__lam0p030__nu0p50__psi1p00,hardzero_plus_depr,0.02,37,1172,0.0,1,0.51182044,0.51182044,1.0133213,0.09697924,0.09697924,1.0,1.073644e-18,1.10708646e-17,-27.796343,2.2293513,0.7431171,0.16800001,0.0,0.19382498,35.13019,35.16019,3753600
hardzero_plus_depr__c0p54__z1p05__lam0p030__nu0p50__psi1p00,hardzero_plus_depr,0.02,37,1173,0.0,1,0.51182044,0.51182044,0.9966817,0.10076699,0.10076699,1.0,1.0826087e-18,1.0743684e-17,-26.51097,2.1927435,0.73091453,0.120000005,0.0,0.17608607,35.16019,35.19019,3756800
hardzero_plus_depr__c0p54__z1p05__lam0p030__nu0p50__psi1p00,hardzero_plus_depr,0.02,37,1174,0.0,1,0.51182044,0.51182044,1.0775311,0.0,0.083650574,0.0,0.0,1.0426172e-17,-28.503716,2.3706157,0.79020524,0.14400001,0.0,0.20826352,35.19019,35.22019,3760000
hardzero_plus_depr__c0p54__z1p05__lam0p030__nu0p50__psi1p00,hardzero_plus_depr,0.02,37,1175,0.0,1,0.51182044,0.51182044,1.0109999,0.09749898,0.09749898,1.0,9.864991e-19,1.0118045e-17,-26.964296,2.2242444,0.7414148,0.16000001,0.0,0.18152614,35.22019,35.250187,3763200
hardzero_plus_depr__c0p54__z1p05__lam0p030__nu0p50__psi1p00,hardzero_plus_depr,0.02,37,1176,0.0,1,0.51182044,0.51182044,0.955756,0.11072456,0.11072456,1.0,1.0872071e-18,9.8190235e-18,-25.309883,2.1027052,0.70090175,0.16800001,0.0,0.17326,35.250187,35.280186,3766400
hardzero_plus_depr__c0p54__z1p05__lam0p030__nu0p50__psi1p00,hardzero_plus_depr,0.02,37,1177,0.0,1,0.51182044,0.51182044,0.99623805,0.10086998,0.10086998,1.0,9.611739e-19,9.52884e-18,-25.835545,2.1917675,0.73058915,0.16800001,0.0,0.15547568,35.280186,35.310184,3769600
hardzero_plus_depr__c0p54__z1p05__lam0p030__nu0p50__psi1p00,hardzero_plus_depr,0.02,37,1178,0.0,1,0.51182044,0.51182044,1.0002049,0.099952824,0.099952824,1.0,9.242869e-19,9.247231e-18,-26.310087,2.2004948,0.7334983,0.216,0.0,0.17465669,35.310184,35.340183,3772800
hardzero_plus_depr__c0p54__z1p05__lam0p030__nu0p50__psi1p00,hardzero_plus_depr,0.02,37,1179,0.0,1,0.51182044,0.51182044,1.006707,0.09846753,0.09846753,1.0,8.836422e-19,8.973945e-18,-27.588886,2.2147994,0.73826647,0.15200001,0.0,0.18591768,35.340183,35.370182,3776000
hardzero_plus_depr__c0p54__z1p05__lam0p030__nu0p50__psi1p00,hardzero_plus_depr,0.02,37,1180,0.0,1,0.51182044,0.51182044,1.0363052,0.0919803,0.0919803,1.0,8.010321e-19,8.708735e-18,-27.942045,2.279917,0.75997233,0.16800001,0.0,0.20038559,35.370182,35.40018,3779200
hardzero_plus_depr__c0p54__z1p05__lam0p030__nu0p50__psi1p00,hardzero_plus_depr,0.02,37,1181,0.0,1,0.51182044,0.51182044,1.0304688,0.09322474,0.09322474,1.0,7.878762e-19,8.451364e-18,-27.593401,2.2670767,0.75569224,0.08800001,0.0,0.19932643,35.40018,35.43018,3782400
hardzero_plus_depr__c0p54__z1p05__lam0p030__nu0p50__psi1p00,hardzero_plus_depr,0.02,37,1182,0.0,1,0.51182044,0.51182044,1.016956,0.096170984,0.096170984,1.0,7.887558e-19,8.201598e-18,-27.565378,2.2373478,0.7457826,0.18400002,0.0,0.16752233,35.43018,35.46018,3785600
hardzero_plus_depr__c0p54__z1p05__lam0p030__nu0p50__psi1p00,hardzero_plus_depr,0.02,37,1183,0.0,1,0.51182044,0.51182044,1.0166595,0.09623665,0.09623665,1.0,7.6596816e-19,7.9592146e-18,-27.054277,2.2366955,0.7455652,0.19,0.0,0.14780147,35.46018,35.490177,3788800
hardzero_plus_depr__c0p54__z1p05__lam0p030__nu0p50__psi1p00,hardzero_plus_depr,0.02,37,1184,0.0,1,0.51182044,0.51182044,1.0519067,0.0,0.08873465,0.0,0.0,7.723993e-18,-27.841839,2.314241,0.7714137,0.136,0.0,0.19218883,35.490177,35.520176,3792000
hardzero_plus_depr__c0p54__z1p05__lam0p030__nu0p50__psi1p00,hardzero_plus_depr,0.02,37,1185,0.0,1,0.51182044,0.51182044,1.0228537,0.0948738,0.0948738,1.0,7.111479e-19,7.495725e-18,-27.761415,2.250323,0.7501077,0.17600001,0.008,0.19539225,35.520176,35.550175,3795200
hardzero_plus_depr__c0p54__z1p05__lam0p030__nu0p50__psi1p00,hardzero_plus_depr,0.02,37,1186,0.0,1,0.51182044,0.51182044,0.97184896,0.106696695,0.106696695,1.0,7.761332e-19,7.274201e-18,-25.353075,2.1381104,0.71270347,0.2,0.0,0.16856842,35.550175,35.580173,3798400
hardzero_plus_depr__c0p54__z1p05__lam0p030__nu0p50__psi1p00,hardzero_plus_depr,0.02,37,1187,0.0,1,0.51182044,0.51182044,1.0550941,0.0,0.08808579,0.0,0.0,7.059225e-18,-27.304985,2.3212535,0.7737512,0.18400002,0.0,0.19916117,35.580173,35.610172,3801600
hardzero_plus_depr__c0p54__z1p05__lam0p030__nu0p50__psi1p00,hardzero_plus_depr,0.02,37,1188,0.0,1,0.51182044,0.51182044,0.98415446,0.10371594,0.10371594,1.0,7.105165e-19,6.8506006e-18,-26.90122,2.165183,0.7217277,0.18400002,0.0,0.19903009,35.610172,35.64017,3804800
hardzero_plus_depr__c0p54__z1p05__lam0p030__nu0p50__psi1p00,hardzero_plus_depr,0.02,37,1189,0.0,1,0.51182044,0.51182044,1.0448029,0.09019804,0.09019804,1.0,5.996495e-19,6.6481432e-18,-28.03351,2.2986124,0.7662041,0.15200001,0.0,0.22224243,35.64017,35.67017,3808000
hardzero_plus_depr__c0p54__z1p05__lam0p030__nu0p50__psi1p00,hardzero_plus_depr,0.02,37,1190,0.0,1,0.51182044,0.51182044,1.0268644,0.09400166,0.09400166,1.0,6.064675e-19,6.4516684e-18,-27.013163,2.2591467,0.7530489,0.128,0.0,0.18026385,35.67017,35.70017,3811200
hardzero_plus_depr__c0p54__z1p05__lam0p030__nu0p50__psi1p00,hardzero_plus_depr,0.02,37,1191,0.0,1,0.51182044,0.51182044,1.0237304,0.09468247,0.09468247,1.0,5.92807e-19,6.2610008e-18,-27.413372,2.2522519,0.75075066,0.23200001,0.0,0.2082548,35.70017,35.730167,3814400
hardzero_plus_depr__c0p54__z1p05__lam0p030__nu0p50__psi1p00,hardzero_plus_depr,0.02,37,1192,0.0,1,0.51182044,0.51182044,1.0101286,0.09769477,0.09769477,1.0,5.935903e-19,6.075968e-18,-27.117365,2.2223272,0.74077576,0.136,0.0,0.1819671,35.730167,35.760166,3817600
hardzero_plus_depr__c0p54__z1p05__lam0p030__nu0p50__psi1p00,hardzero_plus_depr,0.02,37,1193,0.0,1,0.51182044,0.51182044,1.0549893,0.0,0.08810705,0.0,0.0,5.896403e-18,-27.569128,2.321023,0.77367437,0.192,0.0,0.19905098,35.760166,35.790165,3820800
hardzero_plus_depr__c0p54__z1p05__lam0p030__nu0p50__psi1p00,hardzero_plus_depr,0.02,37,1194,0.0,1,0.51182044,0.51182044,1.0306726,0.09318101,0.09318101,1.0,5.331952e-19,5.7221447e-18,-26.450827,2.267525,0.7558417,0.208,0.0,0.15527622,35.790165,35.820164,3824000
hardzero_plus_depr__c0p54__z1p05__lam0p030__nu0p50__psi1p00,hardzero_plus_depr,0.02,37,1195,0.0,1,0.51182044,0.51182044,1.0461344,0.08992194,0.08992194,1.0,4.9933983e-19,5.5530367e-18,-27.209951,2.3015416,0.76718056,0.120000005,0.0,0.17807226,35.820164,35.850163,3827200
hardzero_plus_depr__c0p54__z1p05__lam0p030__nu0p50__psi1p00,hardzero_plus_depr,0.02,37,1196,0.0,1,0.51182044,0.51182044,1.0619322,0.0,0.08670972,0.0,0.0,5.388926e-18,-27.819086,2.3362975,0.77876586,0.14,0.0,0.1930379,35.850163,35.88016,3830400
hardzero_plus_depr__c0p54__z1p05__lam0p030__nu0p50__psi1p00,hardzero_plus_depr,0.02,37,1197,0.0,1,0.51182044,0.51182044,1.017187,0.09611982,0.09611982,1.0,5.026745e-19,5.2296654e-18,-27.550262,2.2378561,0.74595207,0.2,0.0,0.1906142,35.88016,35.91016,3833600
hardzero_plus_depr__c0p54__z1p05__lam0p030__nu0p50__psi1p00,hardzero_plus_depr,0.02,37,1198,0.0,1,0.51182044,0.51182044,1.0236206,0.09470641,0.09470641,1.0,4.8064565e-19,5.075112e-18,-27.631622,2.2520103,0.75067014,0.16800001,0.0,0.2060474,35.91016,35.94016,3836800
hardzero_plus_depr__c0p54__z1p05__lam0p030__nu0p50__psi1p00,hardzero_plus_depr,0.02,37,1199,0.0,1,0.51182044,0.51182044,1.0092219,0.09789895,0.09789895,1.0,4.8216466e-19,4.925126e-18,-26.395306,2.2203326,0.7401109,0.096,0.0,0.15207253,35.94016,35.970158,3840000
hardzero_plus_depr__c0p54__z1p05__lam0p030__nu0p50__psi1p00,hardzero_plus_depr,0.02,37,1200,0.0,1,0.51182044,0.51182044,0.9522073,0.11163301,0.11163301,1.0,5.3355807e-19,4.7795724e-18,-26.142399,2.094898,0.69829935,0.216,0.0,0.1801426,35.970158,36.000156,3843200
hardzero_plus_depr__c0p54__z1p05__lam0p030__nu0p50__psi1p00,hardzero_plus_depr,0.02,37,1201,0.0,1,0.51182044,0.51182044,1.0744537,0.0,0.084245406,0.0,0.0,4.6383206e-18,-27.766317,2.3638453,0.7879485,0.14400001,0.0,0.18937048,36.000156,36.030155,3846400
hardzero_plus_depr__c0p54__z1p05__lam0p030__nu0p50__psi1p00,hardzero_plus_depr,0.02,37,1202,0.0,1,0.51182044,0.51182044,1.0657165,0.0,0.08595744,0.0,0.0,4.5012427e-18,-28.26558,2.344623,0.78154105,0.24000001,0.0,0.20853402,36.030155,36.060154,3849600
hardzero_plus_depr__c0p54__z1p05__lam0p030__nu0p50__psi1p00,hardzero_plus_depr,0.02,37,1203,0.0,1,0.51182044,0.51182044,1.0304458,0.09322967,0.09322967,1.0,4.072473e-19,4.368216e-18,-27.454525,2.2670262,0.75567544,0.17600001,0.0,0.20436467,36.060154,36.090153,3852800
hardzero_plus_depr__c0p54__z1p05__lam0p030__nu0p50__psi1p00,hardzero_plus_depr,0.02,37,1204,0.0,1,0.51182044,0.51182044,1.0907836,0.0,0.08113652,0.0,0.0,4.2391207e-18,-28.801422,2.399772,0.799924,0.14400001,0.0,0.20605092,36.090153,36.12015,3856000
hardzero_plus_depr__c0p54__z1p05__lam0p030__nu0p50__psi1p00,hardzero_plus_depr,0.02,37,1205,0.0,1,0.51182044,0.51182044,1.0706937,0.0,0.08497795,0.0,0.0,4.113841e-18,-27.743792,2.3555732,0.78519106,0.16000001,0.0,0.22478124,36.12015,36.15015,3859200
hardzero_plus_depr__c0p54__z1p05__lam0p030__nu0p50__psi1p00,hardzero_plus_depr,0.02,37,1206,0.0,1,0.51182044,0.51182044,1.0282757,0.09369668,0.09369668,1.0,3.7406185e-19,3.9922636e-18,-28.075163,2.2622519,0.754084,0.16000001,0.0,0.20110273,36.15015,36.18015,3862400
hardzero_plus_depr__c0p54__z1p05__lam0p030__nu0p50__psi1p00,hardzero_plus_depr,0.02,37,1207,0.0,1,0.51182044,0.51182044,0.9862277,0.10322199,0.10322199,1.0,3.999108e-19,3.874279e-18,-27.736107,2.1697443,0.7232481,0.16000001,0.0,0.19594887,36.18015,36.210148,3865600
hardzero_plus_depr__c0p54__z1p05__lam0p030__nu0p50__psi1p00,hardzero_plus_depr,0.02,37,1208,0.0,1,0.51182044,0.51182044,1.017484,0.09605414,0.09605414,1.0,3.6114258e-19,3.7597816e-18,-27.085777,2.2385094,0.7461698,0.216,0.0,0.18717693,36.210148,36.240147,3868800
hardzero_plus_depr__c0p54__z1p05__lam0p030__nu0p50__psi1p00,hardzero_plus_depr,0.02,37,1209,0.0,1,0.51182044,0.51182044,1.0346975,0.09232141,0.09232141,1.0,3.368501e-19,3.6486672e-18,-27.234951,2.27638,0.75879335,0.19,0.0,0.19020177,36.240147,36.270145,3872000
hardzero_plus_depr__c0p54__z1p05__lam0p030__nu0p50__psi1p00,hardzero_plus_depr,0.02,37,1210,0.0,1,0.51182044,0.51182044,1.0217347,0.09511857,0.09511857,1.0,3.3679936e-19,3.540837e-18,-27.729563,2.2478614,0.7492871,0.17600001,0.0,0.17764315,36.270145,36.300144,3875200
hardzero_plus_depr__c0p54__z1p05__lam0p030__nu0p50__psi1p00,hardzero_plus_depr,0.02,37,1211,0.0,1,0.51182044,0.51182044,0.96065855,0.10948169,0.10948169,1.0,3.7620032e-19,3.4361939e-18,-25.986223,2.113491,0.70449704,0.17600001,0.0,0.19222707,36.300144,36.330143,3878400
hardzero_plus_depr__c0p54__z1p05__lam0p030__nu0p50__psi1p00,hardzero_plus_depr,0.02,37,1212,0.0,1,0.51182044,0.51182044,1.0169894,0.09616358,0.09616358,1.0,3.206712e-19,3.334643e-18,-26.80247,2.2374213,0.7458071,0.104,0.0,0.1638616,36.330143,36.36014,3881600
hardzero_plus_depr__c0p54__z1p05__lam0p030__nu0p50__psi1p00,hardzero_plus_depr,0.02,37,1213,0.0,1,0.51182044,0.51182044,1.0214542,0.09518003,0.09518003,1.0,3.0801148e-19,3.2360935e-18,-27.53113,2.2472441,0.7490814,0.18400002,0.0,0.18874821,36.36014,36.39014,3884800
hardzero_plus_depr__c0p54__z1p05__lam0p030__nu0p50__psi1p00,hardzero_plus_depr,0.02,37,1214,0.0,1,0.51182044,0.51182044,1.0460603,0.08993726,0.08993726,1.0,2.8244405e-19,3.1404563e-18,-27.231579,2.3013787,0.76712626,0.120000005,0.0,0.16639026,36.39014,36.42014,3888000
hardzero_plus_depr__c0p54__z1p05__lam0p030__nu0p50__psi1p00,hardzero_plus_depr,0.02,37,1215,0.0,1,0.51182044,0.51182044,0.983103,0.10396735,0.10396735,1.0,3.1685562e-19,3.0476454e-18,-26.743372,2.1628697,0.72095656,0.16800001,0.0,0.19043252,36.42014,36.450138,3891200
hardzero_plus_depr__c0p54__z1p05__lam0p030__nu0p50__psi1p00,hardzero_plus_depr,0.02,37,1216,0.0,1,0.51182044,0.51182044,0.99155116,0.101964466,0.101964466,1.0,3.015678e-19,2.9575775e-18,-26.320787,2.181456,0.72715205,0.16800001,0.0,0.18143877,36.450138,36.480137,3894400
hardzero_plus_depr__c0p54__z1p05__lam0p030__nu0p50__psi1p00,hardzero_plus_depr,0.02,37,1217,0.0,1,0.51182044,0.51182044,0.9960195,0.10092077,0.10092077,1.0,2.896599e-19,2.8701716e-18,-27.752073,2.1912866,0.7304289,0.120000005,0.0,0.17056185,36.480137,36.510136,3897600
hardzero_plus_depr__c0p54__z1p05__lam0p030__nu0p50__psi1p00,hardzero_plus_depr,0.02,37,1218,0.0,1,0.51182044,0.51182044,1.0426766,0.09064074,0.09064074,1.0,2.5246602e-19,2.7853483e-18,-27.282822,2.2939343,0.7646448,0.14400001,0.0,0.17779656,36.510136,36.540134,3900800
hardzero_plus_depr__c0p54__z1p05__lam0p030__nu0p50__psi1p00,hardzero_plus_depr,0.02,37,1219,0.0,1,0.51182044,0.51182044,0.99317575,0.10158376,0.10158376,1.0,2.7458416e-19,2.703032e-18,-26.60747,2.1850302,0.7283434,0.18400002,0.0,0.18217492,36.540134,36.570133,3904000
hardzero_plus_depr__c0p54__z1p05__lam0p030__nu0p50__psi1p00,hardzero_plus_depr,0.02,37,1220,0.0,1,0.51182044,0.51182044,0.9812235,0.104418255,0.104418255,1.0,2.7390463e-19,2.6231487e-18,-27.259115,2.1587348,0.71957827,0.14400001,0.0,0.20405377,36.570133,36.600132,3907200
hardzero_plus_depr__c0p54__z1p05__lam0p030__nu0p50__psi1p00,hardzero_plus_depr,0.02,37,1221,0.0,1,0.51182044,0.51182044,1.0012736,0.09970717,0.09970717,1.0,2.5381722e-19,2.5456264e-18,-27.254372,2.202846,0.734282,0.16000001,0.0,0.1990077,36.600132,36.63013,3910400
hardzero_plus_depr__c0p54__z1p05__lam0p030__nu0p50__psi1p00,hardzero_plus_depr,0.02,37,1222,0.0,1,0.51182044,0.51182044,1.0039525,0.09909404,0.09909404,1.0,2.448014e-19,2.4703945e-18,-27.416698,2.2087395,0.7362465,0.25,0.0,0.23832957,36.63013,36.66013,3913600
hardzero_plus_depr__c0p54__z1p05__lam0p030__nu0p50__psi1p00,hardzero_plus_depr,0.02,37,1223,0.0,1,0.51182044,0.51182044,1.094627,0.0,0.08042166,0.0,0.0,2.3973863e-18,-28.712343,2.4082274,0.8027425,0.18400002,0.0,0.2021629,36.66013,36.69013,3916800
hardzero_plus_depr__c0p54__z1p05__lam0p030__nu0p50__psi1p00,hardzero_plus_depr,0.02,37,1224,0.0,1,0.51182044,0.51182044,1.0109324,0.09751412,0.09751412,1.0,2.2687008e-19,2.3265356e-18,-27.14327,2.2240958,0.7413653,0.128,0.0,0.18057284,36.69013,36.720127,3920000
hardzero_plus_depr__c0p54__z1p05__lam0p030__nu0p50__psi1p00,hardzero_plus_depr,0.02,37,1225,0.0,1,0.51182044,0.51182044,1.0776304,0.0,0.08363145,0.0,0.0,2.2577787e-18,-27.897858,2.370834,0.7902781,0.17600001,0.0,0.18981819,36.720127,36.750126,3923200
hardzero_plus_depr__c0p54__z1p05__lam0p030__nu0p50__psi1p00,hardzero_plus_depr,0.02,37,1226,0.0,1,0.51182044,0.51182044,1.0682063,0.0,0.08546606,0.0,0.0,2.191054e-18,-27.781576,2.3501008,0.7833669,0.120000005,0.0,0.22894473,36.750126,36.780125,3926400
hardzero_plus_depr__c0p54__z1p05__lam0p030__nu0p50__psi1p00,hardzero_plus_depr,0.02,37,1227,0.0,1,0.51182044,0.51182044,1.0446249,0.09023501,0.09023501,1.0,1.9186682e-19,2.1263013e-18,-27.471869,2.2982206,0.7660736,0.128,0.0,0.18909599,36.780125,36.810123,3929600
hardzero_plus_depr__c0p54__z1p05__lam0p030__nu0p50__psi1p00,hardzero_plus_depr,0.02,37,1228,0.0,1,0.51182044,0.51182044,1.0881134,0.0,0.081636906,0.0,0.0,2.063462e-18,-28.284018,2.3938973,0.79796576,0.136,0.0,0.184131,36.810123,36.840122,3932800
hardzero_plus_depr__c0p54__z1p05__lam0p030__nu0p50__psi1p00,hardzero_plus_depr,0.02,37,1229,0.0,1,0.51182044,0.51182044,1.0945401,0.0,0.08043774,0.0,0.0,2.00248e-18,-28.404408,2.4080365,0.8026788,0.104,0.0,0.19293348,36.840122,36.87012,3936000
hardzero_plus_depr__c0p54__z1p05__lam0p030__nu0p50__psi1p00,hardzero_plus_depr,0.02,37,1230,0.0,1,0.51182044,0.51182044,1.034398,0.09238511,0.09238511,1.0,1.79532e-19,1.9433002e-18,-27.420357,2.275721,0.7585737,0.14400001,0.008,0.17588423,36.87012,36.90012,3939200
hardzero_plus_depr__c0p54__z1p05__lam0p030__nu0p50__psi1p00,hardzero_plus_depr,0.02,37,1231,0.0,1,0.51182044,0.51182044,1.0712672,0.0,0.08486579,0.0,0.0,1.8858692e-18,-27.648058,2.356835,0.7856116,0.2,0.0,0.2258142,36.90012,36.93012,3942400
hardzero_plus_depr__c0p54__z1p05__lam0p030__nu0p50__psi1p00,hardzero_plus_depr,0.02,37,1232,0.0,1,0.51182044,0.51182044,1.1582936,0.0,0.06945546,0.0,0.0,1.8301357e-18,-29.529425,2.548297,0.84943235,0.136,0.0,0.26056072,36.93012,36.960117,3945600
hardzero_plus_depr__c0p54__z1p05__lam0p030__nu0p50__psi1p00,hardzero_plus_depr,0.02,37,1233,0.0,1,0.51182044,0.51182044,0.99331856,0.10155036,0.10155036,1.0,1.8035845e-19,1.7760492e-18,-26.665464,2.1853445,0.72844815,0.14400001,0.0,0.16619954,36.960117,36.990116,3948800
hardzero_plus_depr__c0p54__z1p05__lam0p030__nu0p50__psi1p00,hardzero_plus_depr,0.02,37,1234,0.0,1,0.51182044,0.51182044,1.0280484,0.09374575,0.09374575,1.0,1.6157652e-19,1.723561e-18,-27.49453,2.2617517,0.7539172,0.136,0.0,0.18514329,36.990116,37.020115,3952000
hardzero_plus_depr__c0p54__z1p05__lam0p030__nu0p50__psi1p00,hardzero_plus_depr,0.02,37,1235,0.0,1,0.51182044,0.51182044,1.027214,0.09392603,0.09392603,1.0,1.5710294e-19,1.6726241e-18,-27.708584,2.259916,0.7533054,0.17,0.0,0.16444771,37.020115,37.050114,3955200
hardzero_plus_depr__c0p54__z1p05__lam0p030__nu0p50__psi1p00,hardzero_plus_depr,0.02,37,1236,0.0,1,0.51182044,0.51182044,0.9776617,0.10527814,0.10527814,1.0,1.708867e-19,1.6231926e-18,-25.517624,2.1508987,0.7169663,0.17600001,0.0,0.18650053,37.050114,37.080112,3958400
hardzero_plus_depr__c0p54__z1p05__lam0p030__nu0p50__psi1p00,hardzero_plus_depr,0.02,37,1237,0.0,1,0.51182044,0.51182044,1.0485448,0.08942423,0.08942423,1.0,1.4086302e-19,1.575222e-18,-26.604391,2.3068445,0.7689482,0.16800001,0.0,0.19598249,37.080112,37.11011,3961600
hardzero_plus_depr__c0p54__z1p05__lam0p030__nu0p50__psi1p00,hardzero_plus_depr,0.02,37,1238,0.0,1,0.51182044,0.51182044,1.0057936,0.09867483,0.09867483,1.0,1.5084114e-19,1.528669e-18,-28.156607,2.21279,0.7375967,0.14400001,0.0,0.20480703,37.11011,37.14011,3964800
hardzero_plus_depr__c0p54__z1p05__lam0p030__nu0p50__psi1p00,hardzero_plus_depr,0.02,37,1239,0.0,1,0.51182044,0.51182044,1.0056385,0.09871008,0.09871008,1.0,1.464356e-19,1.4834919e-18,-26.990103,2.2124488,0.73748296,0.17600001,0.0,0.19815752,37.14011,37.17011,3968000
hardzero_plus_depr__c0p54__z1p05__lam0p030__nu0p50__psi1p00,hardzero_plus_depr,0.02,37,1240,0.0,1,0.51182044,0.51182044,1.0296093,0.09340942,0.09340942,1.0,1.3447685e-19,1.4396497e-18,-26.846327,2.2651858,0.755062,0.16000001,0.0,0.18286264,37.17011,37.200108,3971200
hardzero_plus_depr__c0p54__z1p05__lam0p030__nu0p50__psi1p00,hardzero_plus_depr,0.02,37,1241,0.0,1,0.51182044,0.51182044,1.0407023,0.0910537,0.0910537,1.0,1.2721143e-19,1.3971034e-18,-27.147669,2.2895908,0.76319695,0.17600001,0.0,0.21485886,37.200108,37.230106,3974400
hardzero_plus_depr__c0p54__z1p05__lam0p030__nu0p50__psi1p00,hardzero_plus_depr,0.02,37,1242,0.0,1,0.51182044,0.51182044,1.0124043,0.097184196,0.097184196,1.0,1.3176373e-19,1.3558144e-18,-27.135529,2.227334,0.7424447,0.16800001,0.0,0.20807758,37.230106,37.260105,3977600
hardzero_plus_depr__c0p54__z1p05__lam0p030__nu0p50__psi1p00,hardzero_plus_depr,0.02,37,1243,0.0,1,0.51182044,0.51182044,0.9653966,0.10829376,0.10829376,1.0,1.4248704e-19,1.3157456e-18,-26.726513,2.123915,0.7079717,0.120000005,0.0,0.14627539,37.260105,37.290104,3980800
hardzero_plus_depr__c0p54__z1p05__lam0p030__nu0p50__psi1p00,hardzero_plus_depr,0.02,37,1244,0.0,1,0.51182044,0.51182044,1.0741516,0.0,0.08430404,0.0,0.0,1.2768611e-18,-27.370995,2.3631809,0.787727,0.192,0.0,0.18690117,37.290104,37.320103,3984000
hardzero_plus_depr__c0p54__z1p05__lam0p030__nu0p50__psi1p00,hardzero_plus_depr,0.02,37,1245,0.0,1,0.51182044,0.51182044,0.9778871,0.10522354,0.10522354,1.0,1.3038517e-19,1.2391256e-18,-25.489418,2.1513946,0.71713156,0.120000005,0.0,0.15513039,37.320103,37.3501,3987200
hardzero_plus_depr__c0p54__z1p05__lam0p030__nu0p50__psi1p00,hardzero_plus_depr,0.02,37,1246,0.0,1,0.51182044,0.51182044,1.0083275,0.09810078,0.09810078,1.0,1.1796671e-19,1.2025053e-18,-27.16445,2.2183647,0.7394549,0.14400001,0.0,0.2046077,37.3501,37.3801,3990400
hardzero_plus_depr__c0p54__z1p05__lam0p030__nu0p50__psi1p00,hardzero_plus_depr,0.02,37,1247,0.0,1,0.51182044,0.51182044,1.0358841,0.092069514,0.092069514,1.0,1.0744211e-19,1.1669673e-18,-26.694374,2.2789905,0.7596635,0.2,0.0,0.18306829,37.3801,37.4101,3993600
hardzero_plus_depr__c0p54__z1p05__lam0p030__nu0p50__psi1p00,hardzero_plus_depr,0.02,37,1248,0.0,1,0.51182044,0.51182044,1.0255494,0.094286725,0.094286725,1.0,1.06777805e-19,1.1324797e-18,-27.194218,2.2562537,0.7520846,0.16,0.0,0.17712176,37.4101,37.440098,3996800
hardzero_plus_depr__c0p54__z1p05__lam0p030__nu0p50__psi1p00,hardzero_plus_depr,0.02,37,1249,0.0,1,0.51182044,0.51182044,1.024597,0.09449371,0.09449371,1.0,1.03849644e-19,1.0990112e-18,-27.021425,2.2541585,0.75138617,0.17600001,0.0,0.2034349,37.440098,37.470097,4000000
hardzero_plus_depr__c0p54__z1p05__lam0p030__nu0p50__psi1p00,hardzero_plus_depr,0.02,38,0,1.0,1,1.0,0.45999998,1.0820855,0.0,0.082777925,0.0,0.0,0.02,-27.605452,2.3806355,0.7935452,0.11,0.0,0.15982054,0.0,0.0,3200
hardzero_plus_depr__c0p54__z1p05__lam0p030__nu0p50__psi1p00,hardzero_plus_depr,0.02,38,1,0.0,1,0.45999998,0.46187723,1.0275104,0.09386196,0.09386196,1.0,0.0018772392,0.02,-27.512161,2.260568,0.75352263,0.17600001,0.0,0.16420598,0.0,0.03,6400
hardzero_plus_depr__c0p54__z1p05__lam0p030__nu0p50__psi1p00,hardzero_plus_depr,0.02,38,2,0.0,1,0.46187723,0.46376613,1.0117905,0.097321644,0.097321644,1.0,0.0018889072,0.019408911,-26.828037,2.2259836,0.74199456,0.17600001,0.0,0.14578708,0.03,0.06,9600
hardzero_plus_depr__c0p54__z1p05__lam0p030__nu0p50__psi1p00,hardzero_plus_depr,0.02,38,3,0.0,1,0.46376613,0.46559814,1.0120441,0.09726484,0.09726484,1.0,0.0018320116,0.018835291,-26.771875,2.2265415,0.7421805,0.16800001,0.0,0.15549259,0.06,0.089999996,12800
hardzero_plus_depr__c0p54__z1p05__lam0p030__nu0p50__psi1p00,hardzero_plus_depr,0.02,38,4,0.0,1,0.46559814,0.46559814,1.0664916,0.0,0.08580416,0.0,0.0,0.018278625,-27.259026,2.3463285,0.7821095,0.136,0.0,0.16018406,0.089999996,0.12,16000
hardzero_plus_depr__c0p54__z1p05__lam0p030__nu0p50__psi1p00,hardzero_plus_depr,0.02,38,5,0.0,1,0.46559814,0.46559814,1.1097598,0.0,0.07766765,0.0,0.0,0.017738407,-28.411482,2.4415202,0.8138401,0.096,0.0,0.18801689,0.12,0.14999999,19200
hardzero_plus_depr__c0p54__z1p05__lam0p030__nu0p50__psi1p00,hardzero_plus_depr,0.02,38,6,0.0,1,0.46559814,0.46559814,1.077657,0.0,0.08362632,0.0,0.0,0.017214159,-27.629124,2.3708928,0.7902976,0.128,0.0,0.15429173,0.14999999,0.17999999,22400
hardzero_plus_depr__c0p54__z1p05__lam0p030__nu0p50__psi1p00,hardzero_plus_depr,0.02,38,7,0.0,1,0.46559814,0.46559814,1.08352,0.0,0.08250494,0.0,0.0,0.016705405,-27.47306,2.3837917,0.79459727,0.120000005,0.0,0.13392264,0.17999999,0.21,25600
hardzero_plus_depr__c0p54__z1p05__lam0p030__nu0p50__psi1p00,hardzero_plus_depr,0.02,38,8,0.0,1,0.46559814,0.46715003,1.0189674,0.095726594,0.095726594,1.0,0.0015518893,0.016211685,-27.194399,2.2417731,0.7472577,0.16800001,0.0,0.15093914,0.21,0.24,28800
hardzero_plus_depr__c0p54__z1p05__lam0p030__nu0p50__psi1p00,hardzero_plus_depr,0.02,38,9,0.0,1,0.46715003,0.4686185,1.0299357,0.09333926,0.09333926,1.0,0.0014684652,0.015732557,-27.1067,2.265904,0.75530136,0.14400001,0.0,0.14773187,0.24,0.26999998,32000
hardzero_plus_depr__c0p54__z1p05__lam0p030__nu0p50__psi1p00,hardzero_plus_depr,0.02,38,10,0.0,1,0.4686185,0.4686185,1.0529579,0.0,0.08852013,0.0,0.0,0.01526759,-27.50543,2.3165536,0.77218455,0.192,0.0,0.1664587,0.26999998,0.29999998,35200
hardzero_plus_depr__c0p54__z1p05__lam0p030__nu0p50__psi1p00,hardzero_plus_depr,0.02,38,11,0.0,1,0.4686185,0.47001296,1.026342,0.094114795,0.094114795,1.0,0.001394439,0.014816363,-27.74855,2.2579975,0.7526659,0.096,0.0,0.14521441,0.29999998,0.32999998,38400
hardzero_plus_depr__c0p54__z1p05__lam0p030__nu0p50__psi1p00,hardzero_plus_depr,0.02,38,12,0.0,1,0.47001296,0.47142136,1.0089883,0.09795164,0.09795164,1.0,0.0014083954,0.014378476,-27.583681,2.2198186,0.7399396,0.15200001,0.0,0.17023255,0.32999998,0.35999998,41600
hardzero_plus_depr__c0p54__z1p05__lam0p030__nu0p50__psi1p00,hardzero_plus_depr,0.02,38,13,0.0,1,0.47142136,0.47142136,1.1193155,0.0,0.075977415,0.0,0.0,0.0139535265,-28.83287,2.4625432,0.82084775,0.16,0.0,0.23039162,0.35999998,0.39,44800
hardzero_plus_depr__c0p54__z1p05__lam0p030__nu0p50__psi1p00,hardzero_plus_depr,0.02,38,14,0.0,1,0.47142136,0.47277987,0.9985879,0.10032569,0.10032569,1.0,0.001358524,0.013541138,-26.17145,2.1969373,0.73231244,0.192,0.0,0.15510246,0.39,0.42,48000
hardzero_plus_depr__c0p54__z1p05__lam0p030__nu0p50__psi1p00,hardzero_plus_depr,0.02,38,15,0.0,1,0.47277987,0.4739711,1.0426277,0.09065094,0.09065094,1.0,0.0011912382,0.013140936,-27.519022,2.2938268,0.764609,0.14400001,0.0,0.16071431,0.42,0.45,51200
hardzero_plus_depr__c0p54__z1p05__lam0p030__nu0p50__psi1p00,hardzero_plus_depr,0.02,38,16,0.0,1,0.4739711,0.4739711,1.0871007,0.0,0.081827484,0.0,0.0,0.012752563,-27.851978,2.3916695,0.7972232,0.136,0.0,0.16544615,0.45,0.48,54400
hardzero_plus_depr__c0p54__z1p05__lam0p030__nu0p50__psi1p00,hardzero_plus_depr,0.02,38,17,0.0,1,0.4739711,0.4739711,1.0839468,0.0,0.082423896,0.0,0.0,0.012375668,-28.236135,2.3847306,0.7949102,0.104,0.0,0.173383,0.48,0.51,57600
hardzero_plus_depr__c0p54__z1p05__lam0p030__nu0p50__psi1p00,hardzero_plus_depr,0.02,38,18,0.0,1,0.4739711,0.4739711,1.067319,0.0,0.08564084,0.0,0.0,0.012009911,-27.665398,2.3481488,0.7827163,0.104,0.0,0.18104815,0.51,0.53999996,60800
hardzero_plus_depr__c0p54__z1p05__lam0p030__nu0p50__psi1p00,hardzero_plus_depr,0.02,38,19,0.0,1,0.4739711,0.4750965,1.0152044,0.09655963,0.09655963,1.0,0.001125399,0.011654965,-27.815239,2.2334943,0.74449813,0.15200001,0.0,0.18656655,0.53999996,0.56999993,64000
hardzero_plus_depr__c0p54__z1p05__lam0p030__nu0p50__psi1p00,hardzero_plus_depr,0.02,38,20,0.0,1,0.4750965,0.47612685,1.040489,0.09109846,0.09109846,1.0,0.00103037,0.011310509,-27.263287,2.2891214,0.7630405,0.14400001,0.0,0.1738492,0.56999993,0.5999999,67200
hardzero_plus_depr__c0p54__z1p05__lam0p030__nu0p50__psi1p00,hardzero_plus_depr,0.02,38,21,0.0,1,0.47612685,0.4771103,1.0477034,0.08959765,0.08959765,1.0,0.0009834447,0.0109762335,-27.6249,2.3049934,0.76833117,0.14400001,0.0,0.18873739,0.5999999,0.6299999,70400
hardzero_plus_depr__c0p54__z1p05__lam0p030__nu0p50__psi1p00,hardzero_plus_depr,0.02,38,22,0.0,1,0.4771103,0.47812054,1.0230066,0.09484042,0.09484042,1.0,0.0010102247,0.010651837,-27.026098,2.2506595,0.7502198,0.17600001,0.0,0.17418104,0.6299999,0.65999985,73600
hardzero_plus_depr__c0p54__z1p05__lam0p030__nu0p50__psi1p00,hardzero_plus_depr,0.02,38,23,0.0,1,0.47812054,0.47904804,1.047077,0.089726985,0.089726985,1.0,0.00092751026,0.010337027,-27.815641,2.3036153,0.7678718,0.15200001,0.0,0.14255652,0.65999985,0.6899998,76800
hardzero_plus_depr__c0p54__z1p05__lam0p030__nu0p50__psi1p00,hardzero_plus_depr,0.02,38,24,0.0,1,0.47904804,0.47904804,1.1137477,0.0,0.07695773,0.0,0.0,0.010031523,-29.127272,2.450294,0.8167647,0.112,0.0,0.17430909,0.6899998,0.7199998,80000
hardzero_plus_depr__c0p54__z1p05__lam0p030__nu0p50__psi1p00,hardzero_plus_depr,0.02,38,25,0.0,1,0.47904804,0.47904804,1.067909,0.0,0.085524574,0.0,0.0,0.009735047,-28.41947,2.3494468,0.78314894,0.192,0.0,0.20276266,0.7199998,0.74999976,83200
hardzero_plus_depr__c0p54__z1p05__lam0p030__nu0p50__psi1p00,hardzero_plus_depr,0.02,38,26,0.0,1,0.47904804,0.47904804,1.056417,0.0,0.087817885,0.0,0.0,0.009447333,-27.826595,2.3241637,0.77472126,0.089999996,0.0,0.20303312,0.74999976,0.77999973,86400
hardzero_plus_depr__c0p54__z1p05__lam0p030__nu0p50__psi1p00,hardzero_plus_depr,0.02,38,27,0.0,1,0.47904804,0.47904804,1.082683,0.0,0.08266411,0.0,0.0,0.009168123,-28.367584,2.3819501,0.7939834,0.136,0.0,0.15831745,0.77999973,0.8099997,89600
hardzero_plus_depr__c0p54__z1p05__lam0p030__nu0p50__psi1p00,hardzero_plus_depr,0.02,38,28,0.0,1,0.47904804,0.47990778,1.0148923,0.096629046,0.096629046,1.0,0.0008597245,0.008897164,-27.253883,2.2328076,0.74426925,0.128,0.0,0.1692182,0.8099997,0.8399997,92800
hardzero_plus_depr__c0p54__z1p05__lam0p030__nu0p50__psi1p00,hardzero_plus_depr,0.02,38,29,0.0,1,0.47990778,0.47990778,1.0833848,0.0,0.082530655,0.0,0.0,0.008634213,-28.378778,2.3834941,0.7944981,0.14400001,0.0,0.16770877,0.8399997,0.86999965,96000
hardzero_plus_depr__c0p54__z1p05__lam0p030__nu0p50__psi1p00,hardzero_plus_depr,0.02,38,30,0.0,1,0.47990778,0.48072213,1.0123818,0.09718925,0.09718925,1.0,0.000814352,0.008379034,-26.951456,2.2272844,0.7424282,0.15200001,0.008,0.1629974,0.86999965,0.8999996,99200
hardzero_plus_depr__c0p54__z1p05__lam0p030__nu0p50__psi1p00,hardzero_plus_depr,0.02,38,31,0.0,1,0.48072213,0.48072213,1.0652817,0.0,0.08604354,0.0,0.0,0.008131397,-28.503918,2.3436666,0.7812222,0.128,0.0,0.17574124,0.8999996,0.9299996,102400
hardzero_plus_depr__c0p54__z1p05__lam0p030__nu0p50__psi1p00,hardzero_plus_depr,0.02,38,32,0.0,1,0.48072213,0.48072213,1.0680541,0.0,0.085496016,0.0,0.0,0.007891078,-27.383541,2.349766,0.78325534,0.112,0.0,0.15454674,0.9299996,0.95999956,105600
hardzero_plus_depr__c0p54__z1p05__lam0p030__nu0p50__psi1p00,hardzero_plus_depr,0.02,38,33,0.0,1,0.48072213,0.48072213,1.0674313,0.0,0.085618705,0.0,0.0,0.007657861,-28.68788,2.3483958,0.78279865,0.096,0.0,0.15007977,0.95999956,0.98999953,108800
hardzero_plus_depr__c0p54__z1p05__lam0p030__nu0p50__psi1p00,hardzero_plus_depr,0.02,38,34,0.0,1,0.48072213,0.48072213,1.0764189,0.0,0.08386507,0.0,0.0,0.0074315374,-28.202236,2.3681688,0.7893896,0.15200001,0.0,0.18389168,0.98999953,1.0199995,112000
hardzero_plus_depr__c0p54__z1p05__lam0p030__nu0p50__psi1p00,hardzero_plus_depr,0.02,38,35,0.0,1,0.48072213,0.48140374,1.0245053,0.0945137,0.0945137,1.0,0.0006816236,0.0072119026,-27.954159,2.2539566,0.7513189,0.192,0.0,0.1561547,1.0199995,1.0499995,115200
hardzero_plus_depr__c0p54__z1p05__lam0p030__nu0p50__psi1p00,hardzero_plus_depr,0.02,38,36,0.0,1,0.48140374,0.48140374,1.0778077,0.0,0.083597325,0.0,0.0,0.0069987588,-28.748842,2.3712242,0.7904081,0.15200001,0.0,0.20346443,1.0499995,1.0799994,118400
hardzero_plus_depr__c0p54__z1p05__lam0p030__nu0p50__psi1p00,hardzero_plus_depr,0.02,38,37,0.0,1,0.48140374,0.48204017,1.0282398,0.09370444,0.09370444,1.0,0.0006364325,0.006791914,-27.111103,2.262173,0.75405765,0.16000001,0.0,0.14186715,1.0799994,1.1099994,121600
hardzero_plus_depr__c0p54__z1p05__lam0p030__nu0p50__psi1p00,hardzero_plus_depr,0.02,38,38,0.0,1,0.48204017,0.48204017,1.0642554,0.0,0.08624712,0.0,0.0,0.0065911827,-27.931368,2.3414085,0.78046954,0.112,0.0,0.19443953,1.1099994,1.1399994,124800
hardzero_plus_depr__c0p54__z1p05__lam0p030__nu0p50__psi1p00,hardzero_plus_depr,0.02,38,39,0.0,1,0.48204017,0.48204017,1.1053311,0.0,0.07846373,0.0,0.0,0.006396384,-27.905283,2.431777,0.81059235,0.14999999,0.0,0.18528599,1.1399994,1.1699994,128000
hardzero_plus_depr__c0p54__z1p05__lam0p030__nu0p50__psi1p00,hardzero_plus_depr,0.02,38,40,0.0,1,0.48204017,0.48259926,1.0454255,0.09006882,0.09006882,1.0,0.0005590881,0.006207343,-27.761322,2.299982,0.7666607,0.16800001,0.0,0.15579508,1.1699994,1.1999993,131200
hardzero_plus_depr__c0p54__z1p05__lam0p030__nu0p50__psi1p00,hardzero_plus_depr,0.02,38,41,0.0,1,0.48259926,0.48317692,1.0182159,0.095892385,0.095892385,1.0,0.00057764497,0.006023888,-26.163357,2.2401197,0.7467066,0.15200001,0.0,0.16777739,1.1999993,1.2299993,134400
hardzero_plus_depr__c0p54__z1p05__lam0p030__nu0p50__psi1p00,hardzero_plus_depr,0.02,38,42,0.0,1,0.48317692,0.48372447,1.0284237,0.09366479,0.09366479,1.0,0.0005475508,0.0058458555,-26.916224,2.2625773,0.7541925,0.17600001,0.0,0.16063751,1.2299993,1.2599993,137600
hardzero_plus_depr__c0p54__z1p05__lam0p030__nu0p50__psi1p00,hardzero_plus_depr,0.02,38,43,0.0,1,0.48372447,0.48372447,1.0580796,0.0,0.08748233,0.0,0.0,0.005673084,-27.677258,2.3278215,0.77594054,0.112,0.0,0.14380212,1.2599993,1.2899992,140800
hardzero_plus_depr__c0p54__z1p05__lam0p030__nu0p50__psi1p00,hardzero_plus_depr,0.02,38,44,0.0,1,0.48372447,0.48372447,1.1038653,0.0,0.078728996,0.0,0.0,0.00550542,-28.922869,2.4285522,0.8095174,0.128,0.0,0.17667435,1.2899992,1.3199992,144000
hardzero_plus_depr__c0p54__z1p05__lam0p030__nu0p50__psi1p00,hardzero_plus_depr,0.02,38,45,0.0,1,0.48372447,0.48426038,0.99867743,0.100305,0.100305,1.0,0.00053590053,0.00534271,-26.952272,2.1971343,0.7323781,0.120000005,0.0,0.1759267,1.3199992,1.3499992,147200
hardzero_plus_depr__c0p54__z1p05__lam0p030__nu0p50__psi1p00,hardzero_plus_depr,0.02,38,46,0.0,1,0.48426038,0.48472458,1.0480337,0.08952953,0.08952953,1.0,0.00046419358,0.0051848097,-27.384548,2.3057203,0.76857346,0.18400002,0.0,0.16858163,1.3499992,1.3799992,150400
hardzero_plus_depr__c0p54__z1p05__lam0p030__nu0p50__psi1p00,hardzero_plus_depr,0.02,38,47,0.0,1,0.48472458,0.48520112,1.023601,0.09471067,0.09471067,1.0,0.00047654388,0.0050315754,-27.43624,2.2519672,0.7506558,0.17600001,0.0,0.14274053,1.3799992,1.4099991,153600
hardzero_plus_depr__c0p54__z1p05__lam0p030__nu0p50__psi1p00,hardzero_plus_depr,0.02,38,48,0.0,1,0.48520112,0.4856593,1.0276307,0.09383596,0.09383596,1.0,0.00045818876,0.00488287,-27.410545,2.2608325,0.75361085,0.15200001,0.0,0.15516345,1.4099991,1.4399991,156800
hardzero_plus_depr__c0p54__z1p05__lam0p030__nu0p50__psi1p00,hardzero_plus_depr,0.02,38,49,0.0,1,0.4856593,0.48613083,1.0021366,0.09950923,0.09950923,1.0,0.00047153042,0.0047385595,-26.659933,2.2047446,0.7349149,0.208,0.0,0.1622444,1.4399991,1.4699991,160000
hardzero_plus_depr__c0p54__z1p05__lam0p030__nu0p50__psi1p00,hardzero_plus_depr,0.02,38,50,0.0,1,0.48613083,0.48613083,1.1042958,0.0,0.07865099,0.0,0.0,0.004598514,-28.64287,2.4294994,0.80983317,0.120000005,0.0,0.16709954,1.4699991,1.499999,163200
hardzero_plus_depr__c0p54__z1p05__lam0p030__nu0p50__psi1p00,hardzero_plus_depr,0.02,38,51,0.0,1,0.48613083,0.48652902,1.0494907,0.08922968,0.08922968,1.0,0.00039819707,0.0044626077,-27.148958,2.3089256,0.7696419,0.064,0.0,0.13833225,1.499999,1.529999,166400
hardzero_plus_depr__c0p54__z1p05__lam0p030__nu0p50__psi1p00,hardzero_plus_depr,0.02,38,52,0.0,1,0.48652902,0.4869589,1.0032259,0.09925995,0.09925995,1.0,0.00042986684,0.004330718,-26.621494,2.2071412,0.7357137,0.13,0.0,0.15500169,1.529999,1.559999,169600
hardzero_plus_depr__c0p54__z1p05__lam0p030__nu0p50__psi1p00,hardzero_plus_depr,0.02,38,53,0.0,1,0.4869589,0.4869589,1.0539323,0.0,0.08832176,0.0,0.0,0.0042027254,-28.033522,2.3186975,0.77289915,0.14400001,0.0,0.16345225,1.559999,1.589999,172800
hardzero_plus_depr__c0p54__z1p05__lam0p030__nu0p50__psi1p00,hardzero_plus_depr,0.02,38,54,0.0,1,0.4869589,0.4869589,1.0609913,0.0,0.08689778,0.0,0.0,0.0040785163,-28.640282,2.3342276,0.7780759,0.15200001,0.0,0.18221222,1.589999,1.6199989,176000
hardzero_plus_depr__c0p54__z1p05__lam0p030__nu0p50__psi1p00,hardzero_plus_depr,0.02,38,55,0.0,1,0.4869589,0.48732322,1.0359652,0.092052326,0.092052326,1.0,0.00036434107,0.003957978,-27.738565,2.279169,0.75972307,0.136,0.0,0.14618637,1.6199989,1.6499989,179200
hardzero_plus_depr__c0p54__z1p05__lam0p030__nu0p50__psi1p00,hardzero_plus_depr,0.02,38,56,0.0,1,0.48732322,0.48732322,1.0986758,0.0,0.07967538,0.0,0.0,0.0038410025,-27.838312,2.4171352,0.80571175,0.120000005,0.0,0.18036334,1.6499989,1.6799989,182400
hardzero_plus_depr__c0p54__z1p05__lam0p030__nu0p50__psi1p00,hardzero_plus_depr,0.02,38,57,0.0,1,0.48732322,0.48765886,1.0455381,0.09004548,0.09004548,1.0,0.00033564307,0.0037274836,-26.888973,2.3002298,0.7667433,0.104,0.0,0.14124705,1.6799989,1.7099988,185600
hardzero_plus_depr__c0p54__z1p05__lam0p030__nu0p50__psi1p00,hardzero_plus_depr,0.02,38,58,0.0,1,0.48765886,0.48765886,1.0531967,0.0,0.08847148,0.0,0.0,0.00361732,-28.055935,2.3170788,0.7723596,0.128,0.0,0.16311495,1.7099988,1.7399988,188800
hardzero_plus_depr__c0p54__z1p05__lam0p030__nu0p50__psi1p00,hardzero_plus_depr,0.02,38,59,0.0,1,0.48765886,0.48799214,1.0225313,0.09494426,0.09494426,1.0,0.00033329346,0.0035104118,-27.566908,2.2496138,0.74987125,0.17600001,0.0,0.14950533,1.7399988,1.7699988,192000
hardzero_plus_depr__c0p54__z1p05__lam0p030__nu0p50__psi1p00,hardzero_plus_depr,0.02,38,60,0.0,1,0.48799214,0.48799214,1.0831649,0.0,0.08257244,0.0,0.0,0.0034066641,-28.190327,2.3830104,0.7943368,0.128,0.0,0.16021904,1.7699988,1.7999988,195200
hardzero_plus_depr__c0p54__z1p05__lam0p030__nu0p50__psi1p00,hardzero_plus_depr,0.02,38,61,0.0,1,0.48799214,0.48799214,1.0581536,0.0,0.08746742,0.0,0.0,0.0033059819,-28.51789,2.3279846,0.7759949,0.15200001,0.0,0.18668039,1.7999988,1.8299987,198400
hardzero_plus_depr__c0p54__z1p05__lam0p030__nu0p50__psi1p00,hardzero_plus_depr,0.02,38,62,0.0,1,0.48799214,0.48827994,1.0471847,0.089704715,0.089704715,1.0,0.00028779742,0.0032082754,-27.11533,2.3038523,0.7679508,0.192,0.008,0.16809031,1.8299987,1.8599987,201600
hardzero_plus_depr__c0p54__z1p05__lam0p030__nu0p50__psi1p00,hardzero_plus_depr,0.02,38,63,0.0,1,0.48827994,0.48827994,1.0500348,0.0,0.08911796,0.0,0.0,0.0031134563,-27.575123,2.3101227,0.7700409,0.096,0.0,0.14690834,1.8599987,1.8899987,204800
hardzero_plus_depr__c0p54__z1p05__lam0p030__nu0p50__psi1p00,hardzero_plus_depr,0.02,38,64,0.0,1,0.48827994,0.48827994,1.0538651,0.0,0.088335425,0.0,0.0,0.0030214402,-27.55922,2.3185494,0.7728498,0.14400001,0.0,0.17218295,1.8899987,1.9199986,208000
hardzero_plus_depr__c0p54__z1p05__lam0p030__nu0p50__psi1p00,hardzero_plus_depr,0.02,38,65,0.0,1,0.48827994,0.4885472,1.0402323,0.09115232,0.09115232,1.0,0.00026727165,0.0029321432,-27.882835,2.2885568,0.7628523,0.24,0.0,0.16726303,1.9199986,1.9499986,211200
hardzero_plus_depr__c0p54__z1p05__lam0p030__nu0p50__psi1p00,hardzero_plus_depr,0.02,38,66,0.0,1,0.4885472,0.4885472,1.0520514,0.0,0.0887051,0.0,0.0,0.0028454852,-28.11506,2.3145592,0.7715198,0.16000001,0.0,0.19641897,1.9499986,1.9799986,214400
hardzero_plus_depr__c0p54__z1p05__lam0p030__nu0p50__psi1p00,hardzero_plus_depr,0.02,38,67,0.0,1,0.4885472,0.48879763,1.0424268,0.090692885,0.090692885,1.0,0.0002504383,0.0027613884,-27.512482,2.2933848,0.76446164,0.14400001,0.0,0.16359937,1.9799986,2.0099986,217600
hardzero_plus_depr__c0p54__z1p05__lam0p030__nu0p50__psi1p00,hardzero_plus_depr,0.02,38,68,0.0,1,0.48879763,0.48879763,1.0538701,0.0,0.08833442,0.0,0.0,0.0026797773,-26.89713,2.3185606,0.77285355,0.16000001,0.008,0.15818153,2.0099986,2.0399985,220800
hardzero_plus_depr__c0p54__z1p05__lam0p030__nu0p50__psi1p00,hardzero_plus_depr,0.02,38,69,0.0,1,0.48879763,0.4890417,1.0275669,0.09384974,0.09384974,1.0,0.00024406359,0.0026005781,-27.110336,2.2606924,0.7535641,0.16800001,0.0,0.14088593,2.0399985,2.0699985,224000
hardzero_plus_depr__c0p54__z1p05__lam0p030__nu0p50__psi1p00,hardzero_plus_depr,0.02,38,70,0.0,1,0.4890417,0.48928165,1.0218624,0.09509061,0.09509061,1.0,0.00023998202,0.0025237193,-27.12715,2.2481422,0.74938077,0.15200001,0.0,0.15979332,2.0699985,2.0999985,227200
hardzero_plus_depr__c0p54__z1p05__lam0p030__nu0p50__psi1p00,hardzero_plus_depr,0.02,38,71,0.0,1,0.48928165,0.48928165,1.0838193,0.0,0.08244811,0.0,0.0,0.002449132,-28.164948,2.38445,0.7948167,0.14400001,0.0,0.18900561,2.0999985,2.1299984,230400
hardzero_plus_depr__c0p54__z1p05__lam0p030__nu0p50__psi1p00,hardzero_plus_depr,0.02,38,72,0.0,1,0.48928165,0.48928165,1.0559901,0.0,0.087904245,0.0,0.0,0.0023767494,-27.96227,2.3232245,0.7744082,0.136,0.0,0.14832881,2.1299984,2.1599984,233600
hardzero_plus_depr__c0p54__z1p05__lam0p030__nu0p50__psi1p00,hardzero_plus_depr,0.02,38,73,0.0,1,0.48928165,0.4895069,1.0102752,0.09766179,0.09766179,1.0,0.00022525752,0.002306506,-27.79581,2.2226498,0.7408833,0.216,0.0,0.17135769,2.1599984,2.1899984,236800
hardzero_plus_depr__c0p54__z1p05__lam0p030__nu0p50__psi1p00,hardzero_plus_depr,0.02,38,74,0.0,1,0.4895069,0.489747,0.9695495,0.10726313,0.10726313,1.0,0.0002400912,0.0022383386,-26.27487,2.1330514,0.71101713,0.208,0.0,0.12428994,2.1899984,2.2199984,240000
hardzero_plus_depr__c0p54__z1p05__lam0p030__nu0p50__psi1p00,hardzero_plus_depr,0.02,38,75,0.0,1,0.489747,0.4899685,0.99146336,0.10198508,0.10198508,1.0,0.00022153053,0.0021721856,-27.179518,2.181263,0.7270877,0.256,0.0,0.17751883,2.2199984,2.2499983,243200
hardzero_plus_depr__c0p54__z1p05__lam0p030__nu0p50__psi1p00,hardzero_plus_depr,0.02,38,76,0.0,1,0.4899685,0.49016193,1.0373536,0.091758505,0.091758505,1.0,0.00019342582,0.0021079879,-27.441011,2.2822235,0.7607412,0.096,0.0,0.15425992,2.2499983,2.2799983,246400
hardzero_plus_depr__c0p54__z1p05__lam0p030__nu0p50__psi1p00,hardzero_plus_depr,0.02,38,77,0.0,1,0.49016193,0.49016193,1.0731325,0.0,0.08450209,0.0,0.0,0.0020456875,-27.976046,2.3609388,0.7869796,0.136,0.0,0.18419528,2.2799983,2.3099983,249600
hardzero_plus_depr__c0p54__z1p05__lam0p030__nu0p50__psi1p00,hardzero_plus_depr,0.02,38,78,0.0,1,0.49016193,0.4903412,1.0442917,0.09030426,0.09030426,1.0,0.00017927459,0.0019852284,-27.852095,2.2974877,0.76582927,0.12,0.0,0.14147986,2.3099983,2.3399982,252800
hardzero_plus_depr__c0p54__z1p05__lam0p030__nu0p50__psi1p00,hardzero_plus_depr,0.02,38,79,0.0,1,0.4903412,0.4903412,1.056582,0.0,0.087784536,0.0,0.0,0.001926556,-28.430227,2.3245268,0.77484226,0.16800001,0.0,0.18206805,2.3399982,2.3699982,256000
hardzero_plus_depr__c0p54__z1p05__lam0p030__nu0p50__psi1p00,hardzero_plus_depr,0.02,38,80,0.0,1,0.4903412,0.4903412,1.0575942,0.0,0.08758017,0.0,0.0,0.0018696178,-27.744892,2.3267536,0.7755846,0.16000001,0.0,0.16407478,2.3699982,2.3999982,259200
hardzero_plus_depr__c0p54__z1p05__lam0p030__nu0p50__psi1p00,hardzero_plus_depr,0.02,38,81,0.0,1,0.4903412,0.4903412,1.059309,0.0,0.08723504,0.0,0.0,0.0018143624,-27.971392,2.3305264,0.7768421,0.16000001,0.0,0.15297602,2.3999982,2.4299982,262400
hardzero_plus_depr__c0p54__z1p05__lam0p030__nu0p50__psi1p00,hardzero_plus_depr,0.02,38,82,0.0,1,0.4903412,0.4903412,1.0895331,0.0,0.08137049,0.0,0.0,0.0017607398,-28.852976,2.3970206,0.7990069,0.136,0.0,0.15697376,2.4299982,2.4599981,265600
hardzero_plus_depr__c0p54__z1p05__lam0p030__nu0p50__psi1p00,hardzero_plus_depr,0.02,38,83,0.0,1,0.4903412,0.49050435,1.0200257,0.09549361,0.09549361,1.0,0.00016317013,0.0017087021,-26.880512,2.2441013,0.74803376,0.096,0.0,0.15004003,2.4599981,2.489998,268800
hardzero_plus_depr__c0p54__z1p05__lam0p030__nu0p50__psi1p00,hardzero_plus_depr,0.02,38,84,0.0,1,0.49050435,0.49066645,1.0098726,0.097752385,0.097752385,1.0,0.00016209325,0.0016582025,-27.028286,2.221764,0.74058807,0.192,0.0,0.16335393,2.489998,2.519998,272000
hardzero_plus_depr__c0p54__z1p05__lam0p030__nu0p50__psi1p00,hardzero_plus_depr,0.02,38,85,0.0,1,0.49066645,0.49066645,1.057499,0.0,0.08759936,0.0,0.0,0.0016091953,-27.461004,2.3265443,0.7755148,0.112,0.0,0.15892667,2.519998,2.549998,275200
hardzero_plus_depr__c0p54__z1p05__lam0p030__nu0p50__psi1p00,hardzero_plus_depr,0.02,38,86,0.0,1,0.49066645,0.49081996,1.0074446,0.09830043,0.09830043,1.0,0.00015350952,0.0015616363,-26.603907,2.2164223,0.73880744,0.16000001,0.0,0.17228359,2.549998,2.579998,278400
hardzero_plus_depr__c0p54__z1p05__lam0p030__nu0p50__psi1p00,hardzero_plus_depr,0.02,38,87,0.0,1,0.49081996,0.49095795,1.0407636,0.09104088,0.09104088,1.0,0.0001379709,0.0015154829,-27.325342,2.2897258,0.76324195,0.128,0.0,0.17929968,2.579998,2.609998,281600
hardzero_plus_depr__c0p54__z1p05__lam0p030__nu0p50__psi1p00,hardzero_plus_depr,0.02,38,88,0.0,1,0.49095795,0.49109405,1.0336672,0.0925407,0.0925407,1.0,0.00013609906,0.001470694,-27.044891,2.2741132,0.75803775,0.14400001,0.0,0.15984479,2.609998,2.639998,284800
hardzero_plus_depr__c0p54__z1p05__lam0p030__nu0p50__psi1p00,hardzero_plus_depr,0.02,38,89,0.0,1,0.49109405,0.49109405,1.0757055,0.0,0.08400295,0.0,0.0,0.0014272282,-27.58097,2.3665993,0.78886646,0.096,0.0,0.19334662,2.639998,2.669998,288000
hardzero_plus_depr__c0p54__z1p05__lam0p030__nu0p50__psi1p00,hardzero_plus_depr,0.02,38,90,0.0,1,0.49109405,0.49124247,0.9699789,0.10715713,0.10715713,1.0,0.00014841769,0.0013850472,-26.891794,2.1339962,0.7113321,0.18400002,0.0,0.17011935,2.669998,2.699998,291200
hardzero_plus_depr__c0p54__z1p05__lam0p030__nu0p50__psi1p00,hardzero_plus_depr,0.02,38,91,0.0,1,0.49124247,0.491364,1.0437393,0.09041921,0.09041921,1.0,0.00012153364,0.001344113,-27.343998,2.2962723,0.76542413,0.19999999,0.0,0.18774454,2.699998,2.7299979,294400
hardzero_plus_depr__c0p54__z1p05__lam0p030__nu0p50__psi1p00,hardzero_plus_depr,0.02,38,92,0.0,1,0.491364,0.491364,1.0790831,0.0,0.08335216,0.0,0.0,0.0013043886,-28.018442,2.37403,0.7913434,0.15200001,0.0,0.16864002,2.7299979,2.7599978,297600
hardzero_plus_depr__c0p54__z1p05__lam0p030__nu0p50__psi1p00,hardzero_plus_depr,0.02,38,93,0.0,1,0.491364,0.491364,1.0574346,0.0,0.08761237,0.0,0.0,0.0012658379,-27.441847,2.3264024,0.7754675,0.136,0.0,0.16573203,2.7599978,2.7899978,300800
hardzero_plus_depr__c0p54__z1p05__lam0p030__nu0p50__psi1p00,hardzero_plus_depr,0.02,38,94,0.0,1,0.491364,0.491364,1.0887015,0.0,0.08152644,0.0,0.0,0.0012284269,-27.843645,2.3951912,0.79839706,0.15200001,0.0,0.1732074,2.7899978,2.8199978,304000
hardzero_plus_depr__c0p54__z1p05__lam0p030__nu0p50__psi1p00,hardzero_plus_depr,0.02,38,95,0.0,1,0.491364,0.49147695,1.0234036,0.094753735,0.094753735,1.0,0.00011295797,0.0011921215,-26.587168,2.251533,0.75051105,0.17600001,0.0,0.14164256,2.8199978,2.8499978,307200
hardzero_plus_depr__c0p54__z1p05__lam0p030__nu0p50__psi1p00,hardzero_plus_depr,0.02,38,96,0.0,1,0.49147695,0.491582,1.04193,0.09079669,0.09079669,1.0,0.00010504169,0.001156889,-26.805565,2.2922916,0.7640972,0.17600001,0.0,0.1550153,2.8499978,2.8799977,310400
hardzero_plus_depr__c0p54__z1p05__lam0p030__nu0p50__psi1p00,hardzero_plus_depr,0.02,38,97,0.0,1,0.491582,0.4916869,1.0294993,0.093433075,0.093433075,1.0,0.00010489711,0.0011226978,-26.535666,2.2649436,0.7549812,0.136,0.0,0.15170155,2.8799977,2.9099977,313600
hardzero_plus_depr__c0p54__z1p05__lam0p030__nu0p50__psi1p00,hardzero_plus_depr,0.02,38,98,0.0,1,0.4916869,0.49179876,0.9886123,0.102656804,0.102656804,1.0,0.00011184633,0.001089517,-26.709158,2.1749904,0.7249968,0.18400002,0.0,0.14560565,2.9099977,2.9399977,316800
hardzero_plus_depr__c0p54__z1p05__lam0p030__nu0p50__psi1p00,hardzero_plus_depr,0.02,38,99,0.0,1,0.49179876,0.49191436,0.9612535,0.10933178,0.10933178,1.0,0.00011559836,0.0010573171,-26.106989,2.1148,0.70493335,0.192,0.0,0.15013665,2.9399977,2.9699976,320000
hardzero_plus_depr__c0p54__z1p05__lam0p030__nu0p50__psi1p00,hardzero_plus_depr,0.02,38,100,0.0,1,0.49191436,0.49191436,1.0794846,0.0,0.08327514,0.0,0.0,0.0010260686,-28.82146,2.3749135,0.79163784,0.112,0.0,0.17955495,2.9699976,2.9999976,323200
hardzero_plus_depr__c0p54__z1p05__lam0p030__nu0p50__psi1p00,hardzero_plus_depr,0.02,38,101,0.0,1,0.49191436,0.49191436,1.080918,0.0,0.08300074,0.0,0.0,0.0009957437,-28.297556,2.378067,0.792689,0.16800001,0.0,0.18852608,2.9999976,3.0299976,326400
hardzero_plus_depr__c0p54__z1p05__lam0p030__nu0p50__psi1p00,hardzero_plus_depr,0.02,38,102,0.0,1,0.49191436,0.4920089,1.0095996,0.09781387,0.09781387,1.0,9.451901e-05,0.00096631504,-27.326035,2.2211633,0.7403878,0.192,0.008,0.1526793,3.0299976,3.0599976,329600
hardzero_plus_depr__c0p54__z1p05__lam0p030__nu0p50__psi1p00,hardzero_plus_depr,0.02,38,103,0.0,1,0.4920089,0.49209628,1.030738,0.09316697,0.09316697,1.0,8.73679e-05,0.0009377562,-26.553787,2.267669,0.75588965,0.136,0.0,0.15547179,3.0599976,3.0899975,332800
hardzero_plus_depr__c0p54__z1p05__lam0p030__nu0p50__psi1p00,hardzero_plus_depr,0.02,38,104,0.0,1,0.49209628,0.49209628,1.1155571,0.0,0.07663779,0.0,0.0,0.00091004133,-28.439022,2.4542747,0.8180916,0.099999994,0.0,0.21695586,3.0899975,3.1199975,336000
hardzero_plus_depr__c0p54__z1p05__lam0p030__nu0p50__psi1p00,hardzero_plus_depr,0.02,38,105,0.0,1,0.49209628,0.4921798,1.0241215,0.09459725,0.09459725,1.0,8.354314e-05,0.00088314555,-27.02556,2.2531123,0.7510375,0.17600001,0.0,0.14878196,3.1199975,3.1499975,339200
hardzero_plus_depr__c0p54__z1p05__lam0p030__nu0p50__psi1p00,hardzero_plus_depr,0.02,38,106,0.0,1,0.4921798,0.4922571,1.0449814,0.09016099,0.09016099,1.0,7.7271994e-05,0.00085704465,-27.717356,2.2990048,0.76633495,0.136,0.0,0.16706833,3.1499975,3.1799974,342400
hardzero_plus_depr__c0p54__z1p05__lam0p030__nu0p50__psi1p00,hardzero_plus_depr,0.02,38,107,0.0,1,0.4922571,0.49233478,1.029634,0.0934041,0.0934041,1.0,7.768561e-05,0.00083171524,-26.78829,2.26524,0.75508,0.14400001,0.0,0.15349236,3.1799974,3.2099974,345600
hardzero_plus_depr__c0p54__z1p05__lam0p030__nu0p50__psi1p00,hardzero_plus_depr,0.02,38,108,0.0,1,0.49233478,0.49233478,1.0525764,0.0,0.088597916,0.0,0.0,0.0008071343,-27.430822,2.3157144,0.7719048,0.17600001,0.0,0.14674711,3.2099974,3.2399974,348800
hardzero_plus_depr__c0p54__z1p05__lam0p030__nu0p50__psi1p00,hardzero_plus_depr,0.02,38,109,0.0,1,0.49233478,0.49241418,0.9942002,0.10134441,0.10134441,1.0,7.938104e-05,0.00078327995,-25.597866,2.1872842,0.72909474,0.16000001,0.0,0.14773892,3.2399974,3.2699974,352000
hardzero_plus_depr__c0p54__z1p05__lam0p030__nu0p50__psi1p00,hardzero_plus_depr,0.02,38,110,0.0,1,0.49241418,0.49248764,1.0147561,0.09665937,0.09665937,1.0,7.347373e-05,0.00076013047,-26.708067,2.232508,0.74416935,0.120000005,0.0,0.18515776,3.2699974,3.2999973,355200
hardzero_plus_depr__c0p54__z1p05__lam0p030__nu0p50__psi1p00,hardzero_plus_depr,0.02,38,111,0.0,1,0.49248764,0.49255982,1.0094744,0.09784207,0.09784207,1.0,7.21747e-05,0.0007376653,-26.684711,2.220888,0.740296,0.208,0.0,0.14172748,3.2999973,3.3299973,358400
hardzero_plus_depr__c0p54__z1p05__lam0p030__nu0p50__psi1p00,hardzero_plus_depr,0.02,38,112,0.0,1,0.49255982,0.49263066,1.0044655,0.09897706,0.09897706,1.0,7.085412e-05,0.00071586407,-26.180225,2.2098682,0.73662275,0.23200001,0.0,0.15613882,3.3299973,3.3599973,361600
hardzero_plus_depr__c0p54__z1p05__lam0p030__nu0p50__psi1p00,hardzero_plus_depr,0.02,38,113,0.0,1,0.49263066,0.49263066,1.0860671,0.0,0.08202247,0.0,0.0,0.0006947071,-27.897388,2.3893952,0.7964651,0.096,0.0,0.1761027,3.3599973,3.3899972,364800
hardzero_plus_depr__c0p54__z1p05__lam0p030__nu0p50__psi1p00,hardzero_plus_depr,0.02,38,114,0.0,1,0.49263066,0.4926908,1.0496238,0.08920233,0.08920233,1.0,6.0138016e-05,0.0006741754,-28.114496,2.3092186,0.76973957,0.15200001,0.0,0.15377064,3.3899972,3.4199972,368000
hardzero_plus_depr__c0p54__z1p05__lam0p030__nu0p50__psi1p00,hardzero_plus_depr,0.02,38,115,0.0,1,0.4926908,0.4926908,1.060754,0.0,0.08694528,0.0,0.0,0.0006542505,-27.84126,2.3337052,0.77790177,0.14400001,0.0,0.16759582,3.4199972,3.4499972,371200
hardzero_plus_depr__c0p54__z1p05__lam0p030__nu0p50__psi1p00,hardzero_plus_depr,0.02,38,116,0.0,1,0.4926908,0.49275228,1.0140511,0.09681638,0.09681638,1.0,6.147013e-05,0.0006349145,-27.068325,2.2309568,0.7436523,0.17600001,0.0,0.16990581,3.4499972,3.4799972,374400
hardzero_plus_depr__c0p54__z1p05__lam0p030__nu0p50__psi1p00,hardzero_plus_depr,0.02,38,117,0.0,1,0.49275228,0.49275228,1.067796,0.0,0.08554685,0.0,0.0,0.00061615,-28.669924,2.349198,0.78306603,0.12,0.0,0.16547328,3.4799972,3.5099971,377600
hardzero_plus_depr__c0p54__z1p05__lam0p030__nu0p50__psi1p00,hardzero_plus_depr,0.02,38,118,0.0,1,0.49275228,0.49281073,1.009882,0.09775027,0.09775027,1.0,5.844879e-05,0.00059793994,-26.586952,2.2217848,0.740595,0.18400002,0.0,0.1370672,3.5099971,3.539997,380800
hardzero_plus_depr__c0p54__z1p05__lam0p030__nu0p50__psi1p00,hardzero_plus_depr,0.02,38,119,0.0,1,0.49281073,0.49281073,1.0629367,0.0,0.08650941,0.0,0.0,0.0005802682,-27.465984,2.3385074,0.7795025,0.15200001,0.0,0.16809577,3.539997,3.569997,384000
hardzero_plus_depr__c0p54__z1p05__lam0p030__nu0p50__psi1p00,hardzero_plus_depr,0.02,38,120,0.0,1,0.49281073,0.49286163,1.0438677,0.09039248,0.09039248,1.0,5.0901697e-05,0.0005631187,-27.166378,2.2965548,0.7655183,0.14400001,0.0,0.14329457,3.569997,3.599997,387200
hardzero_plus_depr__c0p54__z1p05__lam0p030__nu0p50__psi1p00,hardzero_plus_depr,0.02,38,121,0.0,1,0.49286163,0.49291292,1.0275527,0.09385281,0.09385281,1.0,5.1288313e-05,0.00054647605,-27.064814,2.2606611,0.75355375,0.16000001,0.0,0.15247549,3.599997,3.629997,390400
hardzero_plus_depr__c0p54__z1p05__lam0p030__nu0p50__psi1p00,hardzero_plus_depr,0.02,38,122,0.0,1,0.49291292,0.4929624,1.0300962,0.09330476,0.09330476,1.0,4.9481867e-05,0.0005303252,-27.054815,2.2662568,0.75541896,0.2,0.0,0.181154,3.629997,3.659997,393600
hardzero_plus_depr__c0p54__z1p05__lam0p030__nu0p50__psi1p00,hardzero_plus_depr,0.02,38,123,0.0,1,0.4929624,0.4929624,1.0699499,0.0,0.08512362,0.0,0.0,0.0005146518,-28.669476,2.3539367,0.78464556,0.104,0.0,0.16014497,3.659997,3.689997,396800
hardzero_plus_depr__c0p54__z1p05__lam0p030__nu0p50__psi1p00,hardzero_plus_depr,0.02,38,124,0.0,1,0.4929624,0.4929624,1.0692995,0.0,0.08525121,0.0,0.0,0.0004994416,-27.868458,2.3525057,0.7841686,0.128,0.0,0.15321454,3.689997,3.719997,400000
hardzero_plus_depr__c0p54__z1p05__lam0p030__nu0p50__psi1p00,hardzero_plus_depr,0.02,38,125,0.0,1,0.4929624,0.49301076,1.0008464,0.099805295,0.099805295,1.0,4.8373713e-05,0.00048468082,-26.280943,2.201906,0.7339687,0.2,0.008,0.16387643,3.719997,3.749997,403200
hardzero_plus_depr__c0p54__z1p05__lam0p030__nu0p50__psi1p00,hardzero_plus_depr,0.02,38,126,0.0,1,0.49301076,0.49305597,1.0171071,0.096137516,0.096137516,1.0,4.5218898e-05,0.0004703564,-26.93716,2.2376804,0.7458935,0.23200001,0.008,0.1707164,3.749997,3.7799969,406400
hardzero_plus_depr__c0p54__z1p05__lam0p030__nu0p50__psi1p00,hardzero_plus_depr,0.02,38,127,0.0,1,0.49305597,0.4931006,1.009718,0.09778721,0.09778721,1.0,4.4635486e-05,0.00045645525,-27.124352,2.2214239,0.74047464,0.192,0.0,0.17106034,3.7799969,3.8099968,409600
hardzero_plus_depr__c0p54__z1p05__lam0p030__nu0p50__psi1p00,hardzero_plus_depr,0.02,38,128,0.0,1,0.4931006,0.49314258,1.02353,0.09472616,0.09472616,1.0,4.196037e-05,0.00044296499,-27.612211,2.251811,0.7506037,0.18400002,0.0,0.16498645,3.8099968,3.8399968,412800
hardzero_plus_depr__c0p54__z1p05__lam0p030__nu0p50__psi1p00,hardzero_plus_depr,0.02,38,129,0.0,1,0.49314258,0.49318424,1.0134717,0.09694564,0.09694564,1.0,4.1674353e-05,0.00042987338,-26.914072,2.2296822,0.7432274,0.15200001,0.0,0.14715187,3.8399968,3.8699968,416000
hardzero_plus_depr__c0p54__z1p05__lam0p030__nu0p50__psi1p00,hardzero_plus_depr,0.02,38,130,0.0,1,0.49318424,0.49322262,1.0362532,0.091991305,0.091991305,1.0,3.8375896e-05,0.00041716872,-27.469526,2.2798026,0.7599342,0.099999994,0.0,0.18248105,3.8699968,3.8999968,419200
hardzero_plus_depr__c0p54__z1p05__lam0p030__nu0p50__psi1p00,hardzero_plus_depr,0.02,38,131,0.0,1,0.49322262,0.49322262,1.0974796,0.0,0.07989514,0.0,0.0,0.00040483952,-28.806032,2.4145033,0.8048345,0.17600001,0.0,0.1643958,3.8999968,3.9299967,422400
hardzero_plus_depr__c0p54__z1p05__lam0p030__nu0p50__psi1p00,hardzero_plus_depr,0.02,38,132,0.0,1,0.49322262,0.49326432,0.97422874,0.10611364,0.10611364,1.0,4.1689367e-05,0.00039287473,-26.213036,2.143346,0.7144487,0.16800001,0.008,0.17728303,3.9299967,3.9599967,425600
hardzero_plus_depr__c0p54__z1p05__lam0p030__nu0p50__psi1p00,hardzero_plus_depr,0.02,38,133,0.0,1,0.49326432,0.49326432,1.0649787,0.0,0.08610359,0.0,0.0,0.00038126353,-27.339102,2.343,0.781,0.16000001,0.0,0.14295265,3.9599967,3.9899967,428800
hardzero_plus_depr__c0p54__z1p05__lam0p030__nu0p50__psi1p00,hardzero_plus_depr,0.02,38,134,0.0,1,0.49326432,0.49326432,1.0947881,0.0,0.080391824,0.0,0.0,0.00036999548,-28.232447,2.408582,0.8028607,0.120000005,0.0,0.15475892,3.9899967,4.0199966,432000
hardzero_plus_depr__c0p54__z1p05__lam0p030__nu0p50__psi1p00,hardzero_plus_depr,0.02,38,135,0.0,1,0.49326432,0.493298,1.0278687,0.09378454,0.09378454,1.0,3.367433e-05,0.00035906053,-27.53897,2.2613564,0.7537855,0.16800001,0.0,0.18958952,4.0199966,4.049997,435200
hardzero_plus_depr__c0p54__z1p05__lam0p030__nu0p50__psi1p00,hardzero_plus_depr,0.02,38,136,0.0,1,0.493298,0.493298,1.0632004,0.0,0.08645689,0.0,0.0,0.00034844855,-27.999153,2.3390875,0.77969587,0.120000005,0.0,0.16046545,4.049997,4.079997,438400
hardzero_plus_depr__c0p54__z1p05__lam0p030__nu0p50__psi1p00,hardzero_plus_depr,0.02,38,137,0.0,1,0.493298,0.493298,1.0550439,0.0,0.08809597,0.0,0.0,0.0003381503,-27.444475,2.321143,0.7737143,0.15200001,0.0,0.16697136,4.079997,4.1099973,441600
hardzero_plus_depr__c0p54__z1p05__lam0p030__nu0p50__psi1p00,hardzero_plus_depr,0.02,38,138,0.0,1,0.493298,0.493329,1.024733,0.09446416,0.09446416,1.0,3.0999017e-05,0.00032815637,-27.774044,2.2544575,0.7514858,0.14400001,0.0,0.18387154,4.1099973,4.1399975,444800
hardzero_plus_depr__c0p54__z1p05__lam0p030__nu0p50__psi1p00,hardzero_plus_depr,0.02,38,139,0.0,1,0.493329,0.49335927,1.022069,0.09504539,0.09504539,1.0,3.0267945e-05,0.0003184578,-26.506857,2.2485967,0.7495322,0.14400001,0.0,0.15520762,4.1399975,4.1699977,448000
hardzero_plus_depr__c0p54__z1p05__lam0p030__nu0p50__psi1p00,hardzero_plus_depr,0.02,38,140,0.0,1,0.49335927,0.49338946,1.0099499,0.09773498,0.09773498,1.0,3.0204597e-05,0.00030904592,-27.516132,2.2219343,0.7406448,0.18400002,0.0,0.16293633,4.1699977,4.199998,451200
hardzero_plus_depr__c0p54__z1p05__lam0p030__nu0p50__psi1p00,hardzero_plus_depr,0.02,38,141,0.0,1,0.49338946,0.49338946,1.083065,0.0,0.082591414,0.0,0.0,0.00029991215,-29.428259,2.3827906,0.79426354,0.136,0.0,0.17820862,4.199998,4.229998,454400
hardzero_plus_depr__c0p54__z1p05__lam0p030__nu0p50__psi1p00,hardzero_plus_depr,0.02,38,142,0.0,1,0.49338946,0.49341962,0.9843815,0.10366173,0.10366173,1.0,3.0170575e-05,0.00029104835,-27.185146,2.1656826,0.7218942,0.16000001,0.0,0.14935596,4.229998,4.2599983,457600
hardzero_plus_depr__c0p54__z1p05__lam0p030__nu0p50__psi1p00,hardzero_plus_depr,0.02,38,143,0.0,1,0.49341962,0.49341962,1.0715426,0.0,0.084812015,0.0,0.0,0.00028244653,-27.688028,2.3574407,0.78581357,0.14,0.0,0.1638222,4.2599983,4.2899985,460800
hardzero_plus_depr__c0p54__z1p05__lam0p030__nu0p50__psi1p00,hardzero_plus_depr,0.02,38,144,0.0,1,0.49341962,0.49344447,1.0425475,0.09066769,0.09066769,1.0,2.4851915e-05,0.00027409891,-27.101786,2.2936502,0.7645501,0.136,0.0,0.15893738,4.2899985,4.3199987,464000
hardzero_plus_depr__c0p54__z1p05__lam0p030__nu0p50__psi1p00,hardzero_plus_depr,0.02,38,145,0.0,1,0.49344447,0.49344447,1.0605412,0.0,0.08698789,0.0,0.0,0.000265998,-27.81467,2.3332372,0.7777457,0.136,0.0,0.21007164,4.3199987,4.349999,467200
hardzero_plus_depr__c0p54__z1p05__lam0p030__nu0p50__psi1p00,hardzero_plus_depr,0.02,38,146,0.0,1,0.49344447,0.49344447,1.062745,0.0,0.08654759,0.0,0.0,0.00025813654,-27.467936,2.3380857,0.7793619,0.08800001,0.0,0.1451595,4.349999,4.379999,470400
hardzero_plus_depr__c0p54__z1p05__lam0p030__nu0p50__psi1p00,hardzero_plus_depr,0.02,38,147,0.0,1,0.49344447,0.49344447,1.0541339,0.0,0.08828077,0.0,0.0,0.00025050738,-27.977068,2.319141,0.773047,0.16000001,0.0,0.1676513,4.379999,4.4099994,473600
hardzero_plus_depr__c0p54__z1p05__lam0p030__nu0p50__psi1p00,hardzero_plus_depr,0.02,38,148,0.0,1,0.49344447,0.49346665,1.0399115,0.09121967,0.09121967,1.0,2.2175844e-05,0.00024310374,-27.029583,2.287851,0.76261705,0.192,0.0,0.13981147,4.4099994,4.4399996,476800
hardzero_plus_depr__c0p54__z1p05__lam0p030__nu0p50__psi1p00,hardzero_plus_depr,0.02,38,149,0.0,1,0.49346665,0.49348792,1.0446475,0.09023032,0.09023032,1.0,2.1287036e-05,0.00023591887,-27.494892,2.2982702,0.7660901,0.08800001,0.0,0.18379746,4.4399996,4.47,480000
hardzero_plus_depr__c0p54__z1p05__lam0p030__nu0p50__psi1p00,hardzero_plus_depr,0.02,38,150,0.0,1,0.49348792,0.49350974,1.020755,0.09533337,0.09533337,1.0,2.1826227e-05,0.00022894636,-27.71619,2.245706,0.7485687,0.16800001,0.0,0.1623747,4.47,4.5,483200
hardzero_plus_depr__c0p54__z1p05__lam0p030__nu0p50__psi1p00,hardzero_plus_depr,0.02,38,151,0.0,1,0.49350974,0.49350974,1.0680931,0.0,0.08548836,0.0,0.0,0.00022217994,-28.049273,2.3498516,0.7832839,0.136,0.0,0.17528349,4.5,4.53,486400
hardzero_plus_depr__c0p54__z1p05__lam0p030__nu0p50__psi1p00,hardzero_plus_depr,0.02,38,152,0.0,1,0.49350974,0.49350974,1.0515224,0.0,0.088813215,0.0,0.0,0.00021561349,-28.645306,2.3133955,0.7711319,0.18400002,0.008,0.19089253,4.53,4.5600004,489600
hardzero_plus_depr__c0p54__z1p05__lam0p030__nu0p50__psi1p00,hardzero_plus_depr,0.02,38,153,0.0,1,0.49350974,0.49350974,1.0585973,0.0,0.08737811,0.0,0.0,0.00020924107,-28.356735,2.3289607,0.7763202,0.136,0.0,0.15780966,4.5600004,4.5900006,492800
hardzero_plus_depr__c0p54__z1p05__lam0p030__nu0p50__psi1p00,hardzero_plus_depr,0.02,38,154,0.0,1,0.49350974,0.49350974,1.115836,0.0,0.07658858,0.0,0.0,0.00020305702,-28.682459,2.4548883,0.81829613,0.16000001,0.0,0.16820006,4.5900006,4.620001,496000
hardzero_plus_depr__c0p54__z1p05__lam0p030__nu0p50__psi1p00,hardzero_plus_depr,0.02,38,155,0.0,1,0.49350974,0.49352986,0.9911864,0.10205015,0.10205015,1.0,2.0109568e-05,0.00019705575,-25.997826,2.1806536,0.72688454,0.18400002,0.0,0.15037595,4.620001,4.650001,499200
hardzero_plus_depr__c0p54__z1p05__lam0p030__nu0p50__psi1p00,hardzero_plus_depr,0.02,38,156,0.0,1,0.49352986,0.49354982,0.98155284,0.104339115,0.104339115,1.0,1.9952959e-05,0.00019123183,-26.45331,2.1594594,0.7198198,0.28,0.0,0.14034714,4.650001,4.6800013,502400
hardzero_plus_depr__c0p54__z1p05__lam0p030__nu0p50__psi1p00,hardzero_plus_depr,0.02,38,157,0.0,1,0.49354982,0.493567,1.0335346,0.09256895,0.09256895,1.0,1.717895e-05,0.00018558005,-27.911337,2.2738216,0.75794053,0.192,0.0,0.17390253,4.6800013,4.7100015,505600
hardzero_plus_depr__c0p54__z1p05__lam0p030__nu0p50__psi1p00,hardzero_plus_depr,0.02,38,158,0.0,1,0.493567,0.4935865,0.9651106,0.10836509,0.10836509,1.0,1.9516041e-05,0.00018009527,-26.049818,2.1232858,0.70776194,0.208,0.0,0.17269483,4.7100015,4.7400017,508800
hardzero_plus_depr__c0p54__z1p05__lam0p030__nu0p50__psi1p00,hardzero_plus_depr,0.02,38,159,0.0,1,0.4935865,0.49360263,1.0346853,0.09232403,0.09232403,1.0,1.6135713e-05,0.00017477262,-27.886856,2.2763531,0.7587844,0.128,0.0,0.15261951,4.7400017,4.770002,512000
hardzero_plus_depr__c0p54__z1p05__lam0p030__nu0p50__psi1p00,hardzero_plus_depr,0.02,38,160,0.0,1,0.49360263,0.49361873,1.0231681,0.09480515,0.09480515,1.0,1.6079644e-05,0.00016960729,-27.288082,2.2510147,0.75033826,0.15200001,0.0,0.17434965,4.770002,4.800002,515200
hardzero_plus_depr__c0p54__z1p05__lam0p030__nu0p50__psi1p00,hardzero_plus_depr,0.02,38,161,0.0,1,0.49361873,0.49363402,1.0317683,0.09294621,0.09294621,1.0,1.5298443e-05,0.00016459459,-27.544382,2.2699356,0.7566452,0.14400001,0.0,0.1584048,4.800002,4.8300023,518400
hardzero_plus_depr__c0p54__z1p05__lam0p030__nu0p50__psi1p00,hardzero_plus_depr,0.02,38,162,0.0,1,0.49363402,0.49363402,1.0535555,0.0,0.08839842,0.0,0.0,0.00015973006,-27.032438,2.3178682,0.77262276,0.16000001,0.0,0.17600383,4.8300023,4.8600025,521600
hardzero_plus_depr__c0p54__z1p05__lam0p030__nu0p50__psi1p00,hardzero_plus_depr,0.02,38,163,0.0,1,0.49363402,0.49363402,1.0736984,0.0,0.08439206,0.0,0.0,0.00015500929,-28.473125,2.3621836,0.7873945,0.120000005,0.0,0.17304073,4.8600025,4.8900027,524800
hardzero_plus_depr__c0p54__z1p05__lam0p030__nu0p50__psi1p00,hardzero_plus_depr,0.02,38,164,0.0,1,0.49363402,0.49364814,1.0275451,0.093854465,0.093854465,1.0,1.4118343e-05,0.00015042804,-27.017527,2.2606444,0.75354815,0.16800001,0.0,0.16725442,4.8900027,4.920003,528000
hardzero_plus_depr__c0p54__z1p05__lam0p030__nu0p50__psi1p00,hardzero_plus_depr,0.02,38,165,0.0,1,0.49364814,0.49364814,1.0723888,0.0,0.08464693,0.0,0.0,0.00014598218,-28.843555,2.3593023,0.7864341,0.17600001,0.0,0.21281214,4.920003,4.950003,531200
hardzero_plus_depr__c0p54__z1p05__lam0p030__nu0p50__psi1p00,hardzero_plus_depr,0.02,38,166,0.0,1,0.49364814,0.4936616,1.0222821,0.09499874,0.09499874,1.0,1.3458255e-05,0.00014166773,-27.257595,2.2490656,0.74968857,0.136,0.0,0.16276939,4.950003,4.9800034,534400
hardzero_plus_depr__c0p54__z1p05__lam0p030__nu0p50__psi1p00,hardzero_plus_depr,0.02,38,167,0.0,1,0.4936616,0.4936616,1.0560825,0.0,0.08788556,0.0,0.0,0.00013748078,-27.651693,2.323428,0.774476,0.15200001,0.0,0.16643634,4.9800034,5.0100036,537600
hardzero_plus_depr__c0p54__z1p05__lam0p030__nu0p50__psi1p00,hardzero_plus_depr,0.02,38,168,0.0,1,0.4936616,0.49367613,0.96301824,0.10888843,0.10888843,1.0,1.4527633e-05,0.00013341759,-26.476662,2.1186824,0.7062275,0.18400002,0.008,0.14823495,5.0100036,5.040004,540800
hardzero_plus_depr__c0p54__z1p05__lam0p030__nu0p50__psi1p00,hardzero_plus_depr,0.02,38,169,0.0,1,0.49367613,0.49367613,1.050853,0.0,0.08895021,0.0,0.0,0.00012947447,-25.973398,2.3119228,0.77064097,0.099999994,0.0,0.13032256,5.040004,5.070004,544000
hardzero_plus_depr__c0p54__z1p05__lam0p030__nu0p50__psi1p00,hardzero_plus_depr,0.02,38,170,0.0,1,0.49367613,0.49368742,1.0464832,0.089849755,0.089849755,1.0,1.1289432e-05,0.00012564789,-27.573591,2.3023088,0.76743627,0.2,0.0,0.174041,5.070004,5.100004,547200
hardzero_plus_depr__c0p54__z1p05__lam0p030__nu0p50__psi1p00,hardzero_plus_depr,0.02,38,171,0.0,1,0.49368742,0.4936988,1.0299369,0.09333898,0.09333898,1.0,1.1381235e-05,0.00012193442,-27.184889,2.2659066,0.7553022,0.15200001,0.0,0.17178595,5.100004,5.1300044,550400
hardzero_plus_depr__c0p54__z1p05__lam0p030__nu0p50__psi1p00,hardzero_plus_depr,0.02,38,172,0.0,1,0.4936988,0.49370992,1.0275658,0.09384997,0.09384997,1.0,1.1105331e-05,0.00011833069,-26.08307,2.26069,0.75356334,0.18400002,0.0,0.15165515,5.1300044,5.1600046,553600
hardzero_plus_depr__c0p54__z1p05__lam0p030__nu0p50__psi1p00,hardzero_plus_depr,0.02,38,173,0.0,1,0.49370992,0.49370992,1.0773708,0.0,0.08368145,0.0,0.0,0.000114833456,-27.718313,2.370263,0.7900877,0.14400001,0.0,0.20423529,5.1600046,5.190005,556800
hardzero_plus_depr__c0p54__z1p05__lam0p030__nu0p50__psi1p00,hardzero_plus_depr,0.02,38,174,0.0,1,0.49370992,0.49370992,1.0893625,0.0,0.08140244,0.0,0.0,0.0001114396,-28.474869,2.3966453,0.79888177,0.136,0.0,0.1699403,5.190005,5.220005,560000
hardzero_plus_depr__c0p54__z1p05__lam0p030__nu0p50__psi1p00,hardzero_plus_depr,0.02,38,175,0.0,1,0.49370992,0.4937199,1.0347439,0.09231155,0.09231155,1.0,9.983128e-06,0.00010814603,-27.61185,2.276482,0.7588274,0.14400001,0.0,0.16373299,5.220005,5.2500052,563200
hardzero_plus_depr__c0p54__z1p05__lam0p030__nu0p50__psi1p00,hardzero_plus_depr,0.02,38,176,0.0,1,0.4937199,0.4937199,1.074853,0.0,0.08416802,0.0,0.0,0.000104949824,-28.26461,2.3647237,0.78824127,0.08800001,0.0,0.18269508,5.2500052,5.2800055,566400
hardzero_plus_depr__c0p54__z1p05__lam0p030__nu0p50__psi1p00,hardzero_plus_depr,0.02,38,177,0.0,1,0.4937199,0.49372923,1.038249,0.09156953,0.09156953,1.0,9.326178e-06,0.000101848054,-28.16679,2.2841935,0.76139784,0.15200001,0.0,0.15378201,5.2800055,5.3100057,569600
hardzero_plus_depr__c0p54__z1p05__lam0p030__nu0p50__psi1p00,hardzero_plus_depr,0.02,38,178,0.0,1,0.49372923,0.49372923,1.0735129,0.0,0.08442811,0.0,0.0,9.8837976e-05,-27.819414,2.3617756,0.78725857,0.16800001,0.0,0.17376679,5.3100057,5.340006,572800
hardzero_plus_depr__c0p54__z1p05__lam0p030__nu0p50__psi1p00,hardzero_plus_depr,0.02,38,179,0.0,1,0.49372923,0.4937383,1.0249473,0.09441755,0.09441755,1.0,9.056234e-06,9.5916854e-05,-27.433308,2.254929,0.75164306,0.192,0.0,0.19328365,5.340006,5.370006,576000
hardzero_plus_depr__c0p54__z1p05__lam0p030__nu0p50__psi1p00,hardzero_plus_depr,0.02,38,180,0.0,1,0.4937383,0.4937383,1.0943018,0.0,0.08048189,0.0,0.0,9.308206e-05,-28.141644,2.407512,0.802504,0.096,0.0,0.18621899,5.370006,5.4000063,579200
hardzero_plus_depr__c0p54__z1p05__lam0p030__nu0p50__psi1p00,hardzero_plus_depr,0.02,38,181,0.0,1,0.4937383,0.4937383,1.0615842,0.0,0.086779214,0.0,0.0,9.033105e-05,-27.133472,2.335532,0.7785107,0.16000001,0.0,0.15534203,5.4000063,5.4300065,582400
hardzero_plus_depr__c0p54__z1p05__lam0p030__nu0p50__psi1p00,hardzero_plus_depr,0.02,38,182,0.0,1,0.4937383,0.4937383,1.0616937,0.0,0.08675735,0.0,0.0,8.766135e-05,-28.241835,2.3357728,0.7785909,0.16,0.0,0.1704258,5.4300065,5.4600067,585600
hardzero_plus_depr__c0p54__z1p05__lam0p030__nu0p50__psi1p00,hardzero_plus_depr,0.02,38,183,0.0,1,0.4937383,0.4937466,1.0094677,0.09784356,0.09784356,1.0,8.323605e-06,8.507054e-05,-27.517197,2.2208734,0.7402911,0.16800001,0.0,0.17939016,5.4600067,5.490007,588800
hardzero_plus_depr__c0p54__z1p05__lam0p030__nu0p50__psi1p00,hardzero_plus_depr,0.02,38,184,0.0,1,0.4937466,0.49375424,1.0340554,0.092458025,0.092458025,1.0,7.6329925e-06,8.2556304e-05,-27.861355,2.2749672,0.7583224,0.16000001,0.0,0.17328782,5.490007,5.520007,592000
hardzero_plus_depr__c0p54__z1p05__lam0p030__nu0p50__psi1p00,hardzero_plus_depr,0.02,38,185,0.0,1,0.49375424,0.49376196,1.0169373,0.09617511,0.09617511,1.0,7.705203e-06,8.011639e-05,-26.351198,2.2373066,0.7457689,0.08800001,0.0,0.13482979,5.520007,5.5500073,595200
hardzero_plus_depr__c0p54__z1p05__lam0p030__nu0p50__psi1p00,hardzero_plus_depr,0.02,38,186,0.0,1,0.49376196,0.49376196,1.0505347,0.0,0.08901543,0.0,0.0,7.774857e-05,-27.557343,2.3112226,0.77040756,0.14400001,0.0,0.1764745,5.5500073,5.5800076,598400
hardzero_plus_depr__c0p54__z1p05__lam0p030__nu0p50__psi1p00,hardzero_plus_depr,0.02,38,187,0.0,1,0.49376196,0.49377015,0.96473634,0.108458504,0.108458504,1.0,8.183275e-06,7.545074e-05,-27.117691,2.1224623,0.70748746,0.216,0.0,0.13051249,5.5800076,5.610008,601600
hardzero_plus_depr__c0p54__z1p05__lam0p030__nu0p50__psi1p00,hardzero_plus_depr,0.02,38,188,0.0,1,0.49377015,0.49377677,1.0449507,0.09016735,0.09016735,1.0,6.6021266e-06,7.3220814e-05,-27.659044,2.2989376,0.76631254,0.112,0.0,0.15054663,5.610008,5.640008,604800
hardzero_plus_depr__c0p54__z1p05__lam0p030__nu0p50__psi1p00,hardzero_plus_depr,0.02,38,189,0.0,1,0.49377677,0.49378327,1.0389512,0.09142161,0.09142161,1.0,6.496127e-06,7.10568e-05,-27.383049,2.2857382,0.76191276,0.112,0.0,0.15393789,5.640008,5.670008,608000
hardzero_plus_depr__c0p54__z1p05__lam0p030__nu0p50__psi1p00,hardzero_plus_depr,0.02,38,190,0.0,1,0.49378327,0.49378327,1.0638863,0.0,0.08632046,0.0,0.0,6.895674e-05,-28.383814,2.3405967,0.78019893,0.112,0.0,0.18159766,5.670008,5.7000084,611200
hardzero_plus_depr__c0p54__z1p05__lam0p030__nu0p50__psi1p00,hardzero_plus_depr,0.02,38,191,0.0,1,0.49378327,0.49378327,1.050238,0.0,0.08907626,0.0,0.0,6.691875e-05,-27.155958,2.3105698,0.77018994,0.17600001,0.0,0.18517777,5.7000084,5.7300086,614400
hardzero_plus_depr__c0p54__z1p05__lam0p030__nu0p50__psi1p00,hardzero_plus_depr,0.02,38,192,0.0,1,0.49378327,0.49378914,1.0431987,0.090531826,0.090531826,1.0,5.879226e-06,6.4940985e-05,-27.734911,2.295083,0.7650277,0.104,0.0,0.15338558,5.7300086,5.760009,617600
hardzero_plus_depr__c0p54__z1p05__lam0p030__nu0p50__psi1p00,hardzero_plus_depr,0.02,38,193,0.0,1,0.49378914,0.49379492,1.0374619,0.091735646,0.091735646,1.0,5.781334e-06,6.3021675e-05,-27.669737,2.2824616,0.76082057,0.16800001,0.0,0.15101889,5.760009,5.790009,620800
hardzero_plus_depr__c0p54__z1p05__lam0p030__nu0p50__psi1p00,hardzero_plus_depr,0.02,38,194,0.0,1,0.49379492,0.49379492,1.0911702,0.0,0.08106433,0.0,0.0,6.115909e-05,-28.90327,2.4006224,0.8002075,0.128,0.0,0.15969315,5.790009,5.820009,624000
hardzero_plus_depr__c0p54__z1p05__lam0p030__nu0p50__psi1p00,hardzero_plus_depr,0.02,38,195,0.0,1,0.49379492,0.49379492,1.1108589,0.0,0.07747134,0.0,0.0,5.9351558e-05,-29.659834,2.4439385,0.8146462,0.11,0.0,0.18007615,5.820009,5.8500094,627200
hardzero_plus_depr__c0p54__z1p05__lam0p030__nu0p50__psi1p00,hardzero_plus_depr,0.02,38,196,0.0,1,0.49379492,0.4938011,0.96915877,0.10735969,0.10735969,1.0,6.183643e-06,5.7597437e-05,-26.18171,2.132192,0.7107307,0.17600001,0.0,0.14796898,5.8500094,5.8800097,630400
hardzero_plus_depr__c0p54__z1p05__lam0p030__nu0p50__psi1p00,hardzero_plus_depr,0.02,38,197,0.0,1,0.4938011,0.49380654,1.0117084,0.09734005,0.09734005,1.0,5.440838e-06,5.589516e-05,-27.248877,2.225803,0.7419343,0.2,0.0,0.15304805,5.8800097,5.91001,633600
hardzero_plus_depr__c0p54__z1p05__lam0p030__nu0p50__psi1p00,hardzero_plus_depr,0.02,38,198,0.0,1,0.49380654,0.49381176,1.0160747,0.09636632,0.09636632,1.0,5.227218e-06,5.4243203e-05,-27.741764,2.2354088,0.74513626,0.15200001,0.0,0.15324058,5.91001,5.94001,636800
hardzero_plus_depr__c0p54__z1p05__lam0p030__nu0p50__psi1p00,hardzero_plus_depr,0.02,38,199,0.0,1,0.49381176,0.49381655,1.0398595,0.091230586,0.091230586,1.0,4.802384e-06,5.2640065e-05,-27.93793,2.2877367,0.7625789,0.15200001,0.0,0.17914863,5.94001,5.9700103,640000
hardzero_plus_depr__c0p54__z1p05__lam0p030__nu0p50__psi1p00,hardzero_plus_depr,0.02,38,200,0.0,1,0.49381655,0.49381655,1.0702375,0.0,0.085067265,0.0,0.0,5.10843e-05,-27.637001,2.3545694,0.7848565,0.080000006,0.0,0.18319242,5.9700103,6.0000105,643200
hardzero_plus_depr__c0p54__z1p05__lam0p030__nu0p50__psi1p00,hardzero_plus_depr,0.02,38,201,0.0,1,0.49381655,0.49381655,1.1043968,0.0,0.07863269,0.0,0.0,4.9574523e-05,-29.032793,2.4297216,0.8099072,0.128,0.0,0.1776564,6.0000105,6.0300107,646400
hardzero_plus_depr__c0p54__z1p05__lam0p030__nu0p50__psi1p00,hardzero_plus_depr,0.02,38,202,0.0,1,0.49381655,0.4938212,1.0157416,0.09644027,0.09644027,1.0,4.63968e-06,4.8109363e-05,-27.092627,2.2346761,0.74489206,0.224,0.0,0.17247903,6.0300107,6.060011,649600
hardzero_plus_depr__c0p54__z1p05__lam0p030__nu0p50__psi1p00,hardzero_plus_depr,0.02,38,203,0.0,1,0.4938212,0.4938212,1.0830158,0.0,0.08260079,0.0,0.0,4.6687506e-05,-27.988108,2.3826823,0.7942275,0.16000001,0.0,0.17767905,6.060011,6.090011,652800
hardzero_plus_depr__c0p54__z1p05__lam0p030__nu0p50__psi1p00,hardzero_plus_depr,0.02,38,204,0.0,1,0.4938212,0.49382532,1.0406829,0.091057785,0.091057785,1.0,4.125616e-06,4.5307672e-05,-27.823215,2.2895482,0.76318276,0.128,0.0,0.17083512,6.090011,6.1200113,656000
hardzero_plus_depr__c0p54__z1p05__lam0p030__nu0p50__psi1p00,hardzero_plus_depr,0.02,38,205,0.0,1,0.49382532,0.49382946,1.0250552,0.0943941,0.0943941,1.0,4.1503786e-06,4.396862e-05,-27.20965,2.2551665,0.7517222,0.17600001,0.0,0.16989411,6.1200113,6.1500115,659200
hardzero_plus_depr__c0p54__z1p05__lam0p030__nu0p50__psi1p00,hardzero_plus_depr,0.02,38,206,0.0,1,0.49382946,0.49383354,1.0202584,0.09544244,0.09544244,1.0,4.0724467e-06,4.266914e-05,-27.230263,2.2446134,0.74820447,0.136,0.0,0.17263375,6.1500115,6.1800117,662400
hardzero_plus_depr__c0p54__z1p05__lam0p030__nu0p50__psi1p00,hardzero_plus_depr,0.02,38,207,0.0,1,0.49383354,0.49383733,1.0385664,0.091502644,0.091502644,1.0,3.788948e-06,4.140807e-05,-28.359161,2.2848916,0.76163054,0.16000001,0.0,0.15747239,6.1800117,6.210012,665600
hardzero_plus_depr__c0p54__z1p05__lam0p030__nu0p50__psi1p00,hardzero_plus_depr,0.02,38,208,0.0,1,0.49383733,0.49384132,1.0027497,0.09936885,0.09936885,1.0,3.993064e-06,4.0184266e-05,-27.224775,2.2060933,0.73536444,0.19,0.0,0.1823993,6.210012,6.240012,668800
hardzero_plus_depr__c0p54__z1p05__lam0p030__nu0p50__psi1p00,hardzero_plus_depr,0.02,38,209,0.0,1,0.49384132,0.49384132,1.0573008,0.0,0.08763936,0.0,0.0,3.8996637e-05,-27.50318,2.3261082,0.7753694,0.136,0.0,0.20141445,6.240012,6.2700124,672000
hardzero_plus_depr__c0p54__z1p05__lam0p030__nu0p50__psi1p00,hardzero_plus_depr,0.02,38,210,0.0,1,0.49384132,0.49384132,1.0597743,0.0,0.087141626,0.0,0.0,3.7844104e-05,-28.465807,2.33155,0.7771833,0.208,0.008,0.16272916,6.2700124,6.3000126,675200
hardzero_plus_depr__c0p54__z1p05__lam0p030__nu0p50__psi1p00,hardzero_plus_depr,0.02,38,211,0.0,1,0.49384132,0.49384466,1.0433728,0.09049555,0.09049555,1.0,3.3235062e-06,3.6725633e-05,-27.68843,2.295466,0.7651553,0.128,0.0,0.16401127,6.3000126,6.330013,678400
hardzero_plus_depr__c0p54__z1p05__lam0p030__nu0p50__psi1p00,hardzero_plus_depr,0.02,38,212,0.0,1,0.49384466,0.4938481,1.016533,0.096264675,0.096264675,1.0,3.4308941e-06,3.564022e-05,-26.889969,2.2364173,0.74547243,0.2,0.0,0.17375593,6.330013,6.360013,681600
hardzero_plus_depr__c0p54__z1p05__lam0p030__nu0p50__psi1p00,hardzero_plus_depr,0.02,38,213,0.0,1,0.4938481,0.4938481,1.0956101,0.0,0.0802398,0.0,0.0,3.4586883e-05,-28.668056,2.4103904,0.80346346,0.104,0.0,0.16959654,6.360013,6.390013,684800
hardzero_plus_depr__c0p54__z1p05__lam0p030__nu0p50__psi1p00,hardzero_plus_depr,0.02,38,214,0.0,1,0.4938481,0.4938481,1.0567404,0.0,0.08775252,0.0,0.0,3.356468e-05,-27.917665,2.3248754,0.7749585,0.120000005,0.0,0.14687888,6.390013,6.4200134,688000
hardzero_plus_depr__c0p54__z1p05__lam0p030__nu0p50__psi1p00,hardzero_plus_depr,0.02,38,215,0.0,1,0.4938481,0.4938481,1.0703647,0.0,0.08504236,0.0,0.0,3.2572687e-05,-28.332338,2.3548493,0.7849498,0.15200001,0.0,0.17515776,6.4200134,6.4500136,691200
hardzero_plus_depr__c0p54__z1p05__lam0p030__nu0p50__psi1p00,hardzero_plus_depr,0.02,38,216,0.0,1,0.4938481,0.4938481,1.052597,0.0,0.088593714,0.0,0.0,3.1610012e-05,-27.347555,2.3157597,0.7719199,0.112,0.0,0.18469107,6.4500136,6.480014,694400
hardzero_plus_depr__c0p54__z1p05__lam0p030__nu0p50__psi1p00,hardzero_plus_depr,0.02,38,217,0.0,1,0.4938481,0.49385086,1.045686,0.09001481,0.09001481,1.0,2.761275e-06,3.0675787e-05,-27.763922,2.3005552,0.7668518,0.128,0.0,0.15749457,6.480014,6.510014,697600
hardzero_plus_depr__c0p54__z1p05__lam0p030__nu0p50__psi1p00,hardzero_plus_depr,0.02,38,218,0.0,1,0.49385086,0.4938538,1.0052658,0.09879482,0.09879482,1.0,2.9410403e-06,2.9769177e-05,-27.604742,2.211629,0.7372097,0.17600001,0.0,0.14453343,6.510014,6.5400143,700800
hardzero_plus_depr__c0p54__z1p05__lam0p030__nu0p50__psi1p00,hardzero_plus_depr,0.02,38,219,0.0,1,0.4938538,0.4938538,1.0582335,0.0,0.087451346,0.0,0.0,2.8889355e-05,-27.863985,2.3281603,0.7760534,0.128,0.0,0.15551315,6.5400143,6.5700145,704000
hardzero_plus_depr__c0p54__z1p05__lam0p030__nu0p50__psi1p00,hardzero_plus_depr,0.02,38,220,0.0,1,0.4938538,0.49385664,0.99563247,0.10101072,0.10101072,1.0,2.8318902e-06,2.8035542e-05,-26.888952,2.1904352,0.7301451,0.16800001,0.0,0.15474376,6.5700145,6.6000147,707200
hardzero_plus_depr__c0p54__z1p05__lam0p030__nu0p50__psi1p00,hardzero_plus_depr,0.02,38,221,0.0,1,0.49385664,0.49385664,1.0810649,0.0,0.08297267,0.0,0.0,2.720696e-05,-28.134512,2.3783903,0.7927968,0.14999999,0.0,0.16987526,6.6000147,6.630015,710400
hardzero_plus_depr__c0p54__z1p05__lam0p030__nu0p50__psi1p00,hardzero_plus_depr,0.02,38,222,0.0,1,0.49385664,0.49385923,1.009734,0.09778357,0.09778357,1.0,2.581767e-06,2.640287e-05,-27.082096,2.2214592,0.7404864,0.208,0.0,0.17328061,6.630015,6.660015,713600
hardzero_plus_depr__c0p54__z1p05__lam0p030__nu0p50__psi1p00,hardzero_plus_depr,0.02,38,223,0.0,1,0.49385923,0.49385923,1.0704784,0.0,0.08502007,0.0,0.0,2.562254e-05,-28.127909,2.3550997,0.7850332,0.192,0.0,0.18064614,6.660015,6.6900153,716800
hardzero_plus_depr__c0p54__z1p05__lam0p030__nu0p50__psi1p00,hardzero_plus_depr,0.02,38,224,0.0,1,0.49385923,0.4938615,1.0390754,0.09139545,0.09139545,1.0,2.272573e-06,2.4865274e-05,-27.36422,2.2860115,0.76200384,0.16000001,0.0,0.150841,6.6900153,6.7200155,720000
hardzero_plus_depr__c0p54__z1p05__lam0p030__nu0p50__psi1p00,hardzero_plus_depr,0.02,38,225,0.0,1,0.4938615,0.49386376,1.0299972,0.09332601,0.09332601,1.0,2.251993e-06,2.413039e-05,-27.438255,2.2660391,0.7553464,0.136,0.0,0.17818129,6.7200155,6.7500157,723200
hardzero_plus_depr__c0p54__z1p05__lam0p030__nu0p50__psi1p00,hardzero_plus_depr,0.02,38,226,0.0,1,0.49386376,0.4938661,1.0006465,0.099851266,0.099851266,1.0,2.3382395e-06,2.3417224e-05,-27.447893,2.201466,0.73382205,0.17600001,0.0,0.1734971,6.7500157,6.780016,726400
hardzero_plus_depr__c0p54__z1p05__lam0p030__nu0p50__psi1p00,hardzero_plus_depr,0.02,38,227,0.0,1,0.4938661,0.4938661,1.0924675,0.0,0.08082252,0.0,0.0,2.2725135e-05,-27.73758,2.4034765,0.80115885,0.080000006,0.0,0.16110085,6.780016,6.810016,729600
hardzero_plus_depr__c0p54__z1p05__lam0p030__nu0p50__psi1p00,hardzero_plus_depr,0.02,38,228,0.0,1,0.4938661,0.4938661,1.069693,0.0,0.08517399,0.0,0.0,2.2053498e-05,-28.041775,2.3533716,0.7844572,0.14400001,0.0,0.19837858,6.810016,6.8400164,732800
hardzero_plus_depr__c0p54__z1p05__lam0p030__nu0p50__psi1p00,hardzero_plus_depr,0.02,38,229,0.0,1,0.4938661,0.4938661,1.0623841,0.0,0.08661953,0.0,0.0,2.1401718e-05,-27.854975,2.3372917,0.77909726,0.112,0.0,0.1415963,6.8400164,6.8700166,736000
hardzero_plus_depr__c0p54__z1p05__lam0p030__nu0p50__psi1p00,hardzero_plus_depr,0.02,38,230,0.0,1,0.4938661,0.49386793,1.0499114,0.08914328,0.08914328,1.0,1.8514343e-06,2.0769196e-05,-28.889679,2.3098512,0.7699504,0.14400001,0.0,0.16941081,6.8700166,6.900017,739200
hardzero_plus_depr__c0p54__z1p05__lam0p030__nu0p50__psi1p00,hardzero_plus_depr,0.02,38,231,0.0,1,0.49386793,0.49386984,1.0238819,0.09464945,0.09464945,1.0,1.9076947e-06,2.015537e-05,-27.597813,2.2525852,0.75086176,0.192,0.0,0.14735737,6.900017,6.930017,742400
hardzero_plus_depr__c0p54__z1p05__lam0p030__nu0p50__psi1p00,hardzero_plus_depr,0.02,38,232,0.0,1,0.49386984,0.49387172,1.0152981,0.096538804,0.096538804,1.0,1.8882687e-06,1.9559686e-05,-26.531614,2.2337005,0.74456686,0.120000005,0.0,0.15130603,6.930017,6.960017,745600
hardzero_plus_depr__c0p54__z1p05__lam0p030__nu0p50__psi1p00,hardzero_plus_depr,0.02,38,233,0.0,1,0.49387172,0.49387172,1.0610627,0.0,0.086883485,0.0,0.0,1.8981606e-05,-26.982748,2.3343844,0.77812815,0.17600001,0.0,0.1707805,6.960017,6.9900174,748800
hardzero_plus_depr__c0p54__z1p05__lam0p030__nu0p50__psi1p00,hardzero_plus_depr,0.02,38,234,0.0,1,0.49387172,0.4938735,1.0135812,0.09692121,0.09692121,1.0,1.785348e-06,1.8420611e-05,-26.24028,2.229923,0.7433077,0.12,0.0,0.14281657,6.9900174,7.0200176,752000
hardzero_plus_depr__c0p54__z1p05__lam0p030__nu0p50__psi1p00,hardzero_plus_depr,0.02,38,235,0.0,1,0.4938735,0.4938752,1.0233407,0.09476748,0.09476748,1.0,1.6940819e-06,1.7876195e-05,-26.854288,2.2513945,0.75046486,0.18400002,0.0,0.17554712,7.0200176,7.050018,755200
hardzero_plus_depr__c0p54__z1p05__lam0p030__nu0p50__psi1p00,hardzero_plus_depr,0.02,38,236,0.0,1,0.4938752,0.4938752,1.0624465,0.0,0.0866071,0.0,0.0,1.734787e-05,-28.103687,2.337429,0.77914304,0.16800001,0.0,0.17351528,7.050018,7.080018,758400
hardzero_plus_depr__c0p54__z1p05__lam0p030__nu0p50__psi1p00,hardzero_plus_depr,0.02,38,237,0.0,1,0.4938752,0.4938752,1.0923002,0.0,0.080853686,0.0,0.0,1.683516e-05,-28.16074,2.4031084,0.8010361,0.14400001,0.0,0.20492981,7.080018,7.1100183,761600
hardzero_plus_depr__c0p54__z1p05__lam0p030__nu0p50__psi1p00,hardzero_plus_depr,0.02,38,238,0.0,1,0.4938752,0.4938768,1.00791,0.09819513,0.09819513,1.0,1.6042729e-06,1.6337603e-05,-27.552183,2.2174463,0.7391488,0.192,0.0,0.15275292,7.1100183,7.1400185,764800
hardzero_plus_depr__c0p54__z1p05__lam0p030__nu0p50__psi1p00,hardzero_plus_depr,0.02,38,239,0.0,1,0.4938768,0.4938768,1.113459,0.0,0.0770089,0.0,0.0,1.585475e-05,-28.77187,2.4496586,0.8165529,0.08800001,0.0,0.18375713,7.1400185,7.1700187,768000
hardzero_plus_depr__c0p54__z1p05__lam0p030__nu0p50__psi1p00,hardzero_plus_depr,0.02,38,240,0.0,1,0.4938768,0.4938768,1.0884976,0.0,0.081564724,0.0,0.0,1.5386167e-05,-28.09806,2.3947427,0.7982476,0.136,0.0,0.17012405,7.1700187,7.200019,771200
hardzero_plus_depr__c0p54__z1p05__lam0p030__nu0p50__psi1p00,hardzero_plus_depr,0.02,38,241,0.0,1,0.4938768,0.4938768,1.076492,0.0,0.08385095,0.0,0.0,1.4931435e-05,-28.50361,2.3683295,0.7894432,0.24000001,0.008,0.21894991,7.200019,7.230019,774400
hardzero_plus_depr__c0p54__z1p05__lam0p030__nu0p50__psi1p00,hardzero_plus_depr,0.02,38,242,0.0,1,0.4938768,0.49387822,1.0182129,0.09589303,0.09589303,1.0,1.3895035e-06,1.44901405e-05,-26.948408,2.2401133,0.74670446,0.120000005,0.0,0.1553346,7.230019,7.2600193,777600
hardzero_plus_depr__c0p54__z1p05__lam0p030__nu0p50__psi1p00,hardzero_plus_depr,0.02,38,243,0.0,1,0.49387822,0.49387822,1.07289,0.0,0.08454929,0.0,0.0,1.40618895e-05,-27.516338,2.3604052,0.78680176,0.136,0.0,0.16058116,7.2600193,7.2900195,780800
hardzero_plus_depr__c0p54__z1p05__lam0p030__nu0p50__psi1p00,hardzero_plus_depr,0.02,38,244,0.0,1,0.49387822,0.49387944,1.0432708,0.090516806,0.090516806,1.0,1.2352189e-06,1.3646293e-05,-27.849161,2.2952416,0.7650806,0.16800001,0.0,0.16797312,7.2900195,7.3200197,784000
hardzero_plus_depr__c0p54__z1p05__lam0p030__nu0p50__psi1p00,hardzero_plus_depr,0.02,38,245,0.0,1,0.49387944,0.49387944,1.1008605,0.0,0.0792756,0.0,0.0,1.3242983e-05,-28.237368,2.4219413,0.8073138,0.072000004,0.0,0.16675639,7.3200197,7.35002,787200
hardzero_plus_depr__c0p54__z1p05__lam0p030__nu0p50__psi1p00,hardzero_plus_depr,0.02,38,246,0.0,1,0.49387944,0.4938806,1.0473785,0.08966469,0.08966469,1.0,1.152334e-06,1.2851591e-05,-27.527689,2.3042789,0.768093,0.120000005,0.0,0.15828373,7.35002,7.38002,790400
hardzero_plus_depr__c0p54__z1p05__lam0p030__nu0p50__psi1p00,hardzero_plus_depr,0.02,38,247,0.0,1,0.4938806,0.49388173,1.0425532,0.09066649,0.09066649,1.0,1.1307712e-06,1.2471766e-05,-27.634003,2.2936628,0.76455426,0.17999999,0.0,0.16003487,7.38002,7.4100204,793600
hardzero_plus_depr__c0p54__z1p05__lam0p030__nu0p50__psi1p00,hardzero_plus_depr,0.02,38,248,0.0,1,0.49388173,0.49388173,1.069132,0.0,0.085284084,0.0,0.0,1.2103167e-05,-27.843634,2.3521373,0.7840458,0.15200001,0.0,0.176577,7.4100204,7.4400206,796800
hardzero_plus_depr__c0p54__z1p05__lam0p030__nu0p50__psi1p00,hardzero_plus_depr,0.02,38,249,0.0,1,0.49388173,0.49388283,1.0305268,0.09321229,0.09321229,1.0,1.0948214e-06,1.1745462e-05,-27.075247,2.267204,0.7557347,0.16800001,0.0,0.16702014,7.4400206,7.470021,800000
hardzero_plus_depr__c0p54__z1p05__lam0p030__nu0p50__psi1p00,hardzero_plus_depr,0.02,38,250,0.0,1,0.49388283,0.49388283,1.0589844,0.0,0.08730027,0.0,0.0,1.1398329e-05,-28.628592,2.3298123,0.7766041,0.128,0.0,0.17146187,7.470021,7.500021,803200
hardzero_plus_depr__c0p54__z1p05__lam0p030__nu0p50__psi1p00,hardzero_plus_depr,0.02,38,251,0.0,1,0.49388283,0.49388283,1.0592977,0.0,0.08723731,0.0,0.0,1.1061456e-05,-27.03334,2.3305016,0.7768339,0.216,0.0,0.17089933,7.500021,7.530021,806400
hardzero_plus_depr__c0p54__z1p05__lam0p030__nu0p50__psi1p00,hardzero_plus_depr,0.02,38,252,0.0,1,0.49388283,0.49388385,1.0222038,0.09501586,0.09501586,1.0,1.0199512e-06,1.0734537e-05,-26.928274,2.2488933,0.7496311,0.16800001,0.0,0.15244816,7.530021,7.5600214,809600
hardzero_plus_depr__c0p54__z1p05__lam0p030__nu0p50__psi1p00,hardzero_plus_depr,0.02,38,253,0.0,1,0.49388385,0.49388385,1.0815451,0.0,0.082880974,0.0,0.0,1.0417281e-05,-28.063328,2.3794467,0.79314893,0.136,0.0,0.17767298,7.5600214,7.5900216,812800
hardzero_plus_depr__c0p54__z1p05__lam0p030__nu0p50__psi1p00,hardzero_plus_depr,0.02,38,254,0.0,1,0.49388385,0.49388474,1.0464411,0.08985845,0.08985845,1.0,9.084152e-07,1.0109402e-05,-27.745901,2.3022163,0.76740545,0.15200001,0.0,0.1491874,7.5900216,7.620022,816000
hardzero_plus_depr__c0p54__z1p05__lam0p030__nu0p50__psi1p00,hardzero_plus_depr,0.02,38,255,0.0,1,0.49388474,0.49388567,1.0252614,0.09434928,0.09434928,1.0,9.256252e-07,9.810623e-06,-27.148624,2.25562,0.7518734,0.120000005,0.0,0.16808127,7.620022,7.650022,819200
hardzero_plus_depr__c0p54__z1p05__lam0p030__nu0p50__psi1p00,hardzero_plus_depr,0.02,38,256,0.0,1,0.49388567,0.49388567,1.0670655,0.0,0.08569086,0.0,0.0,9.520672e-06,-27.478403,2.347591,0.7825303,0.120000005,0.0,0.16159323,7.650022,7.6800222,822400
hardzero_plus_depr__c0p54__z1p05__lam0p030__nu0p50__psi1p00,hardzero_plus_depr,0.02,38,257,0.0,1,0.49388567,0.49388567,1.0689251,0.0,0.08532472,0.0,0.0,9.239293e-06,-27.95561,2.3516822,0.78389406,0.16800001,0.0,0.190916,7.6800222,7.7100224,825600
hardzero_plus_depr__c0p54__z1p05__lam0p030__nu0p50__psi1p00,hardzero_plus_depr,0.02,38,258,0.0,1,0.49388567,0.4938865,1.0349408,0.092269704,0.092269704,1.0,8.273112e-07,8.966228e-06,-27.173014,2.2769153,0.7589718,0.14400001,0.0,0.16047071,7.7100224,7.7400227,828800
hardzero_plus_depr__c0p54__z1p05__lam0p030__nu0p50__psi1p00,hardzero_plus_depr,0.02,38,259,0.0,1,0.4938865,0.4938865,1.092018,0.0,0.080906235,0.0,0.0,8.701234e-06,-28.86042,2.4024875,0.8008292,0.17600001,0.0,0.1916561,7.7400227,7.770023,832000
hardzero_plus_depr__c0p54__z1p05__lam0p030__nu0p50__psi1p00,hardzero_plus_depr,0.02,38,260,0.0,1,0.4938865,0.49388728,1.0310403,0.09310215,0.09310215,1.0,7.861613e-07,8.444073e-06,-27.484026,2.268334,0.7561113,0.14,0.0,0.16489507,7.770023,7.800023,835200
hardzero_plus_depr__c0p54__z1p05__lam0p030__nu0p50__psi1p00,hardzero_plus_depr,0.02,38,261,0.0,1,0.49388728,0.4938881,0.9986715,0.100306384,0.100306384,1.0,8.219617e-07,8.19451e-06,-26.464111,2.1971211,0.7323737,0.16000001,0.0,0.17271253,7.800023,7.8300233,838400
hardzero_plus_depr__c0p54__z1p05__lam0p030__nu0p50__psi1p00,hardzero_plus_depr,0.02,38,262,0.0,1,0.4938881,0.4938881,1.0817779,0.0,0.08283656,0.0,0.0,7.952324e-06,-28.201935,2.3799589,0.79331964,0.16000001,0.0,0.17349033,7.8300233,7.8600235,841600
hardzero_plus_depr__c0p54__z1p05__lam0p030__nu0p50__psi1p00,hardzero_plus_depr,0.02,38,263,0.0,1,0.4938881,0.4938881,1.0591763,0.0,0.087261684,0.0,0.0,7.717295e-06,-27.291903,2.3302345,0.77674484,0.16000001,0.008,0.18333758,7.8600235,7.8900237,844800
hardzero_plus_depr__c0p54__z1p05__lam0p030__nu0p50__psi1p00,hardzero_plus_depr,0.02,38,264,0.0,1,0.4938881,0.49388883,1.012702,0.0971176,0.0971176,1.0,7.273345e-07,7.489214e-06,-26.907848,2.227989,0.742663,0.14400001,0.0,0.16276589,7.8900237,7.920024,848000
hardzero_plus_depr__c0p54__z1p05__lam0p030__nu0p50__psi1p00,hardzero_plus_depr,0.02,38,265,0.0,1,0.49388883,0.49388957,0.98657286,0.10314,0.10314,1.0,7.496083e-07,7.267872e-06,-26.538979,2.1705036,0.7235012,0.18400002,0.0,0.13988324,7.920024,7.950024,851200
hardzero_plus_depr__c0p54__z1p05__lam0p030__nu0p50__psi1p00,hardzero_plus_depr,0.02,38,266,0.0,1,0.49388957,0.49389026,1.0130954,0.09702968,0.09702968,1.0,6.8435736e-07,7.0530727e-06,-26.767185,2.2288544,0.7429515,0.15200001,0.0,0.15869722,7.950024,7.9800243,854400
hardzero_plus_depr__c0p54__z1p05__lam0p030__nu0p50__psi1p00,hardzero_plus_depr,0.02,38,267,0.0,1,0.49389026,0.49389094,0.99402297,0.10138579,0.10138579,1.0,6.939474e-07,6.844622e-06,-25.780354,2.1868942,0.72896475,0.17600001,0.0,0.13601087,7.9800243,8.010024,857600
hardzero_plus_depr__c0p54__z1p05__lam0p030__nu0p50__psi1p00,hardzero_plus_depr,0.02,38,268,0.0,1,0.49389094,0.49389154,1.0470998,0.08972225,0.08972225,1.0,5.959652e-07,6.6423345e-06,-27.177088,2.3036656,0.76788855,0.16000001,0.0,0.15651861,8.010024,8.040024,860800
hardzero_plus_depr__c0p54__z1p05__lam0p030__nu0p50__psi1p00,hardzero_plus_depr,0.02,38,269,0.0,1,0.49389154,0.49389154,1.0623087,0.0,0.086634584,0.0,0.0,6.4460255e-06,-27.825537,2.3371258,0.77904195,0.14400001,0.0,0.19460484,8.040024,8.070024,864000
hardzero_plus_depr__c0p54__z1p05__lam0p030__nu0p50__psi1p00,hardzero_plus_depr,0.02,38,270,0.0,1,0.49389154,0.49389154,1.0550246,0.0,0.08809988,0.0,0.0,6.255518e-06,-26.799265,2.3211005,0.7737002,0.096,0.0,0.14601837,8.070024,8.100023,867200
hardzero_plus_depr__c0p54__z1p05__lam0p030__nu0p50__psi1p00,hardzero_plus_depr,0.02,38,271,0.0,1,0.49389154,0.4938921,1.0286098,0.093624644,0.093624644,1.0,5.683616e-07,6.070641e-06,-26.65588,2.2629867,0.7543289,0.17600001,0.0,0.14542216,8.100023,8.130023,870400
hardzero_plus_depr__c0p54__z1p05__lam0p030__nu0p50__psi1p00,hardzero_plus_depr,0.02,38,272,0.0,1,0.4938921,0.4938921,1.0667002,0.0,0.08576295,0.0,0.0,5.8912287e-06,-27.493856,2.3467875,0.7822625,0.24800001,0.0,0.16685195,8.130023,8.160023,873600
hardzero_plus_depr__c0p54__z1p05__lam0p030__nu0p50__psi1p00,hardzero_plus_depr,0.02,38,273,0.0,1,0.4938921,0.4938927,0.9731845,0.10636909,0.10636909,1.0,6.0812465e-07,5.717118e-06,-26.259335,2.1410487,0.7136829,0.17999999,0.0,0.16823095,8.160023,8.190022,876800
hardzero_plus_depr__c0p54__z1p05__lam0p030__nu0p50__psi1p00,hardzero_plus_depr,0.02,38,274,0.0,1,0.4938927,0.4938927,1.0772852,0.0,0.08369795,0.0,0.0,5.548153e-06,-27.609608,2.3700747,0.79002494,0.14400001,0.0,0.15922688,8.190022,8.220022,880000
hardzero_plus_depr__c0p54__z1p05__lam0p030__nu0p50__psi1p00,hardzero_plus_depr,0.02,38,275,0.0,1,0.4938927,0.4938927,1.0862488,0.0,0.08198818,0.0,0.0,5.384182e-06,-28.537851,2.389795,0.7965984,0.112,0.0,0.16121507,8.220022,8.250022,883200
hardzero_plus_depr__c0p54__z1p05__lam0p030__nu0p50__psi1p00,hardzero_plus_depr,0.02,38,276,0.0,1,0.4938927,0.49389318,1.0273265,0.093901716,0.093901716,1.0,4.906418e-07,5.2250566e-06,-27.551853,2.2601633,0.7533878,0.112,0.0,0.17663962,8.250022,8.280022,886400
hardzero_plus_depr__c0p54__z1p05__lam0p030__nu0p50__psi1p00,hardzero_plus_depr,0.02,38,277,0.0,1,0.49389318,0.49389318,1.0863138,0.0,0.081975885,0.0,0.0,5.070634e-06,-27.13158,2.389938,0.79664606,0.14400001,0.0,0.15094092,8.280022,8.310021,889600
hardzero_plus_depr__c0p54__z1p05__lam0p030__nu0p50__psi1p00,hardzero_plus_depr,0.02,38,278,0.0,1,0.49389318,0.49389362,1.0402865,0.09114093,0.09114093,1.0,4.484841e-07,4.9207756e-06,-27.409592,2.288676,0.762892,0.112,0.0,0.1733928,8.310021,8.340021,892800
hardzero_plus_depr__c0p54__z1p05__lam0p030__nu0p50__psi1p00,hardzero_plus_depr,0.02,38,279,0.0,1,0.49389362,0.49389362,1.0796101,0.0,0.08325108,0.0,0.0,4.7753456e-06,-28.222998,2.3751895,0.79172987,0.128,0.0,0.18637964,8.340021,8.370021,896000
hardzero_plus_depr__c0p54__z1p05__lam0p030__nu0p50__psi1p00,hardzero_plus_depr,0.02,38,280,0.0,1,0.49389362,0.49389404,1.044809,0.090196766,0.090196766,1.0,4.1799115e-07,4.6342143e-06,-27.875072,2.2986257,0.7662086,0.14400001,0.0,0.16433991,8.370021,8.400021,899200
hardzero_plus_depr__c0p54__z1p05__lam0p030__nu0p50__psi1p00,hardzero_plus_depr,0.02,38,281,0.0,1,0.49389404,0.4938945,1.0071757,0.098361306,0.098361306,1.0,4.423557e-07,4.4972535e-06,-26.108416,2.2158308,0.73861027,0.14400001,0.0,0.15546168,8.400021,8.43002,902400
hardzero_plus_depr__c0p54__z1p05__lam0p030__nu0p50__psi1p00,hardzero_plus_depr,0.02,38,282,0.0,1,0.4938945,0.4938949,1.0130781,0.09703354,0.09703354,1.0,4.2348742e-07,4.364341e-06,-27.309975,2.2288163,0.74293876,0.192,0.0,0.1603206,8.43002,8.46002,905600
hardzero_plus_depr__c0p54__z1p05__lam0p030__nu0p50__psi1p00,hardzero_plus_depr,0.02,38,283,0.0,1,0.4938949,0.4938949,1.072978,0.0,0.08453216,0.0,0.0,4.2353563e-06,-27.896233,2.3605988,0.7868663,0.14400001,0.0,0.19096997,8.46002,8.49002,908800
hardzero_plus_depr__c0p54__z1p05__lam0p030__nu0p50__psi1p00,hardzero_plus_depr,0.02,38,284,0.0,1,0.4938949,0.4938953,1.0245177,0.094511,0.094511,1.0,3.884576e-07,4.110184e-06,-27.195173,2.2539837,0.75132793,0.136,0.0,0.1661766,8.49002,8.52002,912000
hardzero_plus_depr__c0p54__z1p05__lam0p030__nu0p50__psi1p00,hardzero_plus_depr,0.02,38,285,0.0,1,0.4938953,0.49389568,1.0181124,0.095915236,0.095915236,1.0,3.825781e-07,3.9887104e-06,-27.50531,2.239892,0.74663067,0.18400002,0.0,0.14929022,8.52002,8.550019,915200
hardzero_plus_depr__c0p54__z1p05__lam0p030__nu0p50__psi1p00,hardzero_plus_depr,0.02,38,286,0.0,1,0.49389568,0.49389604,1.0173948,0.09607386,0.09607386,1.0,3.718853e-07,3.870827e-06,-25.971792,2.2383132,0.7461044,0.17999999,0.0,0.14635535,8.550019,8.580019,918400
hardzero_plus_depr__c0p54__z1p05__lam0p030__nu0p50__psi1p00,hardzero_plus_depr,0.02,38,287,0.0,1,0.49389604,0.49389604,1.0633712,0.0,0.08642288,0.0,0.0,3.7564284e-06,-28.407797,2.3394632,0.7798211,0.17600001,0.0,0.16248915,8.580019,8.610019,921600
hardzero_plus_depr__c0p54__z1p05__lam0p030__nu0p50__psi1p00,hardzero_plus_depr,0.02,38,288,0.0,1,0.49389604,0.49389604,1.0999177,0.0,0.07944788,0.0,0.0,3.6454098e-06,-29.009619,2.4198673,0.80662245,0.112,0.0,0.19352387,8.610019,8.640018,924800
hardzero_plus_depr__c0p54__z1p05__lam0p030__nu0p50__psi1p00,hardzero_plus_depr,0.02,38,289,0.0,1,0.49389604,0.49389604,1.1056824,0.0,0.078400284,0.0,0.0,3.5376727e-06,-28.763178,2.4325497,0.8108499,0.15200001,0.0,0.1815272,8.640018,8.670018,928000
hardzero_plus_depr__c0p54__z1p05__lam0p030__nu0p50__psi1p00,hardzero_plus_depr,0.02,38,290,0.0,1,0.49389604,0.49389634,1.0419153,0.090799764,0.090799764,1.0,3.1172644e-07,3.4331194e-06,-28.203627,2.2922595,0.7640865,0.15200001,0.0,0.17233732,8.670018,8.700018,931200
hardzero_plus_depr__c0p54__z1p05__lam0p030__nu0p50__psi1p00,hardzero_plus_depr,0.02,38,291,0.0,1,0.49389634,0.4938967,0.9842574,0.10369137,0.10369137,1.0,3.45464e-07,3.3316562e-06,-26.36977,2.1654096,0.7218032,0.16800001,0.0,0.18440387,8.700018,8.730018,934400
hardzero_plus_depr__c0p54__z1p05__lam0p030__nu0p50__psi1p00,hardzero_plus_depr,0.02,38,292,0.0,1,0.4938967,0.493897,1.0457294,0.090005815,0.090005815,1.0,2.9100607e-07,3.2331918e-06,-27.640812,2.3006506,0.76688355,0.136,0.0,0.1804624,8.730018,8.760017,937600
hardzero_plus_depr__c0p54__z1p05__lam0p030__nu0p50__psi1p00,hardzero_plus_depr,0.02,38,293,0.0,1,0.493897,0.4938973,1.0315342,0.09299633,0.09299633,1.0,2.9178875e-07,3.1376373e-06,-26.855381,2.2694206,0.75647354,0.18400002,0.0,0.1634457,8.760017,8.790017,940800
hardzero_plus_depr__c0p54__z1p05__lam0p030__nu0p50__psi1p00,hardzero_plus_depr,0.02,38,294,0.0,1,0.4938973,0.4938976,1.0295894,0.093413696,0.093413696,1.0,2.8443603e-07,3.044907e-06,-27.463587,2.265142,0.7550473,0.192,0.0,0.16478506,8.790017,8.820017,944000
hardzero_plus_depr__c0p54__z1p05__lam0p030__nu0p50__psi1p00,hardzero_plus_depr,0.02,38,295,0.0,1,0.4938976,0.4938976,1.0872346,0.0,0.08180228,0.0,0.0,2.9549174e-06,-28.047043,2.391964,0.7973213,0.16000001,0.008,0.15459788,8.820017,8.850017,947200
hardzero_plus_depr__c0p54__z1p05__lam0p030__nu0p50__psi1p00,hardzero_plus_depr,0.02,38,296,0.0,1,0.4938976,0.49389786,1.0435214,0.09046459,0.09046459,1.0,2.594151e-07,2.867587e-06,-26.8429,2.295793,0.7652644,0.136,0.0,0.15527207,8.850017,8.880016,950400
hardzero_plus_depr__c0p54__z1p05__lam0p030__nu0p50__psi1p00,hardzero_plus_depr,0.02,38,297,0.0,1,0.49389786,0.49389786,1.0610206,0.0,0.08689192,0.0,0.0,2.7828378e-06,-28.643076,2.334292,0.77809733,0.16000001,0.0,0.20231283,8.880016,8.910016,953600
hardzero_plus_depr__c0p54__z1p05__lam0p030__nu0p50__psi1p00,hardzero_plus_depr,0.02,38,298,0.0,1,0.49389786,0.4938981,1.0471352,0.08971494,0.08971494,1.0,2.4228356e-07,2.7005933e-06,-26.869314,2.3037436,0.76791453,0.14400001,0.0,0.14653932,8.910016,8.940016,956800
hardzero_plus_depr__c0p54__z1p05__lam0p030__nu0p50__psi1p00,hardzero_plus_depr,0.02,38,299,0.0,1,0.4938981,0.49389833,1.0309556,0.093120314,0.093120314,1.0,2.4404778e-07,2.6207792e-06,-28.409994,2.2681475,0.75604916,0.17999999,0.0,0.16069777,8.940016,8.970016,960000
hardzero_plus_depr__c0p54__z1p05__lam0p030__nu0p50__psi1p00,hardzero_plus_depr,0.02,38,300,0.0,1,0.49389833,0.49389833,1.096032,0.0,0.080161884,0.0,0.0,2.5433244e-06,-28.303478,2.4113185,0.80377287,0.14400001,0.0,0.16384527,8.970016,9.000015,963200
hardzero_plus_depr__c0p54__z1p05__lam0p030__nu0p50__psi1p00,hardzero_plus_depr,0.02,38,301,0.0,1,0.49389833,0.49389857,1.034517,0.09235979,0.09235979,1.0,2.2795855e-07,2.468158e-06,-27.233114,2.2759829,0.758661,0.14400001,0.0,0.16955051,9.000015,9.030015,966400
hardzero_plus_depr__c0p54__z1p05__lam0p030__nu0p50__psi1p00,hardzero_plus_depr,0.02,38,302,0.0,1,0.49389857,0.4938988,1.0001802,0.099958494,0.099958494,1.0,2.3942198e-07,2.3952139e-06,-26.063166,2.2004404,0.73348016,0.16800001,0.0,0.18371628,9.030015,9.060015,969600
hardzero_plus_depr__c0p54__z1p05__lam0p030__nu0p50__psi1p00,hardzero_plus_depr,0.02,38,303,0.0,1,0.4938988,0.49389902,1.0215666,0.09515538,0.09515538,1.0,2.2118157e-07,2.3244252e-06,-27.744438,2.2474914,0.7491638,0.15200001,0.0,0.17364965,9.060015,9.090014,972800
hardzero_plus_depr__c0p54__z1p05__lam0p030__nu0p50__psi1p00,hardzero_plus_depr,0.02,38,304,0.0,1,0.49389902,0.49389902,1.0554678,0.0,0.08801003,0.0,0.0,2.2557288e-06,-27.796864,2.3220756,0.7740252,0.120000005,0.0,0.16607074,9.090014,9.120014,976000
hardzero_plus_depr__c0p54__z1p05__lam0p030__nu0p50__psi1p00,hardzero_plus_depr,0.02,38,305,0.0,1,0.49389902,0.49389902,1.0687718,0.0,0.08535483,0.0,0.0,2.1890626e-06,-27.907463,2.351345,0.7837817,0.16000001,0.0,0.17089675,9.120014,9.150014,979200
hardzero_plus_depr__c0p54__z1p05__lam0p030__nu0p50__psi1p00,hardzero_plus_depr,0.02,38,306,0.0,1,0.49389902,0.49389923,1.0120716,0.097258694,0.097258694,1.0,2.066131e-07,2.1243663e-06,-27.031391,2.226602,0.74220073,0.15200001,0.0,0.14688449,9.150014,9.180014,982400
hardzero_plus_depr__c0p54__z1p05__lam0p030__nu0p50__psi1p00,hardzero_plus_depr,0.02,38,307,0.0,1,0.49389923,0.4938994,1.0438224,0.090401895,0.090401895,1.0,1.8637095e-07,2.0615823e-06,-27.889908,2.2964551,0.76548505,0.08800001,0.0,0.13378096,9.180014,9.210013,985600
hardzero_plus_depr__c0p54__z1p05__lam0p030__nu0p50__psi1p00,hardzero_plus_depr,0.02,38,308,0.0,1,0.4938994,0.49389958,1.0190516,0.09570804,0.09570804,1.0,1.9147869e-07,2.0006541e-06,-26.203978,2.2419581,0.7473194,0.17600001,0.0,0.16839087,9.210013,9.240013,988800
hardzero_plus_depr__c0p54__z1p05__lam0p030__nu0p50__psi1p00,hardzero_plus_depr,0.02,38,309,0.0,1,0.49389958,0.49389976,1.0326605,0.09275545,0.09275545,1.0,1.8008716e-07,1.9415263e-06,-26.830006,2.2718985,0.75729954,0.15200001,0.0,0.15518256,9.240013,9.270013,992000
hardzero_plus_depr__c0p54__z1p05__lam0p030__nu0p50__psi1p00,hardzero_plus_depr,0.02,38,310,0.0,1,0.49389976,0.49389976,1.08179,0.0,0.08283427,0.0,0.0,1.884146e-06,-27.377306,2.3799853,0.79332846,0.080000006,0.0,0.16104548,9.270013,9.300013,995200
hardzero_plus_depr__c0p54__z1p05__lam0p030__nu0p50__psi1p00,hardzero_plus_depr,0.02,38,311,0.0,1,0.49389976,0.49389994,0.977331,0.10535837,0.10535837,1.0,1.9264371e-07,1.8284614e-06,-26.804407,2.150171,0.7167237,0.18400002,0.0,0.15120271,9.300013,9.330012,998400
hardzero_plus_depr__c0p54__z1p05__lam0p030__nu0p50__psi1p00,hardzero_plus_depr,0.02,38,312,0.0,1,0.49389994,0.49389994,1.0717199,0.0,0.0847774,0.0,0.0,1.7744228e-06,-28.124651,2.3578308,0.7859436,0.11,0.0,0.14868602,9.330012,9.360012,1001600
hardzero_plus_depr__c0p54__z1p05__lam0p030__nu0p50__psi1p00,hardzero_plus_depr,0.02,38,313,0.0,1,0.49389994,0.4939001,1.0229087,0.09486179,0.09486179,1.0,1.6335022e-07,1.7219812e-06,-27.21172,2.250444,0.750148,0.18400002,0.0,0.15543953,9.360012,9.390012,1004800
hardzero_plus_depr__c0p54__z1p05__lam0p030__nu0p50__psi1p00,hardzero_plus_depr,0.02,38,314,0.0,1,0.4939001,0.4939001,1.0853573,0.0,0.082156636,0.0,0.0,1.6710894e-06,-28.918945,2.3878338,0.79594463,0.16800001,0.0,0.167779,9.390012,9.4200115,1008000
hardzero_plus_depr__c0p54__z1p05__lam0p030__nu0p50__psi1p00,hardzero_plus_depr,0.02,38,315,0.0,1,0.4939001,0.49390024,1.0434564,0.090478115,0.090478115,1.0,1.467285e-07,1.6217016e-06,-27.817822,2.29565,0.7652167,0.17600001,0.0,0.17086309,9.4200115,9.450011,1011200
hardzero_plus_depr__c0p54__z1p05__lam0p030__nu0p50__psi1p00,hardzero_plus_depr,0.02,38,316,0.0,1,0.49390024,0.4939004,1.0432105,0.09052936,0.09052936,1.0,1.4247271e-07,1.5737736e-06,-27.430462,2.295109,0.76503634,0.16000001,0.0,0.17731756,9.450011,9.480011,1014400
hardzero_plus_depr__c0p54__z1p05__lam0p030__nu0p50__psi1p00,hardzero_plus_depr,0.02,38,317,0.0,1,0.4939004,0.49390054,0.99017537,0.102287985,0.102287985,1.0,1.5622055e-07,1.527262e-06,-26.00033,2.1784294,0.7261431,0.24000001,0.0,0.14223236,9.480011,9.510011,1017600
hardzero_plus_depr__c0p54__z1p05__lam0p030__nu0p50__psi1p00,hardzero_plus_depr,0.02,38,318,0.0,1,0.49390054,0.49390054,1.1037841,0.0,0.07874371,0.0,0.0,1.482125e-06,-28.455044,2.4283736,0.8094579,0.136,0.0,0.2226221,9.510011,9.54001,1020800
hardzero_plus_depr__c0p54__z1p05__lam0p030__nu0p50__psi1p00,hardzero_plus_depr,0.02,38,319,0.0,1,0.49390054,0.49390066,1.033801,0.0925122,0.0925122,1.0,1.3306231e-07,1.4383219e-06,-27.01059,2.2744076,0.7581359,0.192,0.0,0.17670402,9.54001,9.57001,1024000
hardzero_plus_depr__c0p54__z1p05__lam0p030__nu0p50__psi1p00,hardzero_plus_depr,0.02,38,320,0.0,1,0.49390066,0.49390066,1.0536017,0.0,0.088389,0.0,0.0,1.3958135e-06,-27.455055,2.31797,0.7726567,0.128,0.0,0.16413778,9.57001,9.60001,1027200
hardzero_plus_depr__c0p54__z1p05__lam0p030__nu0p50__psi1p00,hardzero_plus_depr,0.02,38,321,0.0,1,0.49390066,0.4939008,0.9534968,0.111302055,0.111302055,1.0,1.5076544e-07,1.3545612e-06,-25.06117,2.097735,0.699245,0.15200001,0.0,0.14555275,9.60001,9.63001,1030400
hardzero_plus_depr__c0p54__z1p05__lam0p030__nu0p50__psi1p00,hardzero_plus_depr,0.02,38,322,0.0,1,0.4939008,0.4939008,1.0865982,0.0,0.08192223,0.0,0.0,1.3145283e-06,-28.297209,2.3905637,0.7968546,0.096,0.0,0.16958995,9.63001,9.660009,1033600
hardzero_plus_depr__c0p54__z1p05__lam0p030__nu0p50__psi1p00,hardzero_plus_depr,0.02,38,323,0.0,1,0.4939008,0.49390092,1.0282701,0.09369789,0.09369789,1.0,1.195284e-07,1.2756785e-06,-27.97112,2.2622395,0.7540798,0.128,0.0,0.16872784,9.660009,9.690009,1036800
hardzero_plus_depr__c0p54__z1p05__lam0p030__nu0p50__psi1p00,hardzero_plus_depr,0.02,38,324,0.0,1,0.49390092,0.49390092,1.0867711,0.0,0.08188962,0.0,0.0,1.2379768e-06,-28.394838,2.3909442,0.79698145,0.14400001,0.0,0.15946147,9.690009,9.720009,1040000
hardzero_plus_depr__c0p54__z1p05__lam0p030__nu0p50__psi1p00,hardzero_plus_depr,0.02,38,325,0.0,1,0.49390092,0.49390104,0.96385485,0.108678885,0.108678885,1.0,1.3056567e-07,1.2013894e-06,-26.197916,2.120523,0.706841,0.13,0.0,0.15941705,9.720009,9.750009,1043200
hardzero_plus_depr__c0p54__z1p05__lam0p030__nu0p50__psi1p00,hardzero_plus_depr,0.02,38,326,0.0,1,0.49390104,0.49390104,1.0562301,0.0,0.087855704,0.0,0.0,1.1658833e-06,-27.6691,2.3237526,0.77458423,0.112,0.0,0.16248466,9.750009,9.780008,1046400
hardzero_plus_depr__c0p54__z1p05__lam0p030__nu0p50__psi1p00,hardzero_plus_depr,0.02,38,327,0.0,1,0.49390104,0.49390104,1.0665262,0.0,0.08579733,0.0,0.0,1.1314265e-06,-27.673445,2.3464043,0.7821348,0.14400001,0.0,0.15583138,9.780008,9.810008,1049600
hardzero_plus_depr__c0p54__z1p05__lam0p030__nu0p50__psi1p00,hardzero_plus_depr,0.02,38,328,0.0,1,0.49390104,0.49390113,1.0276144,0.0938395,0.0938395,1.0,1.03034644e-07,1.097988e-06,-27.500093,2.2607968,0.7535989,0.16800001,0.0,0.16677788,9.810008,9.840008,1052800
hardzero_plus_depr__c0p54__z1p05__lam0p030__nu0p50__psi1p00,hardzero_plus_depr,0.02,38,329,0.0,1,0.49390113,0.49390122,1.0251833,0.09436624,0.09436624,1.0,1.0055081e-07,1.065538e-06,-26.983511,2.2554483,0.75181615,0.2,0.0,0.15009502,9.840008,9.8700075,1056000
hardzero_plus_depr__c0p54__z1p05__lam0p030__nu0p50__psi1p00,hardzero_plus_depr,0.02,38,330,0.0,1,0.49390122,0.49390122,1.0674345,0.0,0.08561808,0.0,0.0,1.0340468e-06,-28.146803,2.348403,0.78280103,0.120000005,0.0,0.16933219,9.8700075,9.900007,1059200
hardzero_plus_depr__c0p54__z1p05__lam0p030__nu0p50__psi1p00,hardzero_plus_depr,0.02,38,331,0.0,1,0.49390122,0.4939013,1.0008571,0.09980282,0.09980282,1.0,1.00150764e-07,1.0034863e-06,-25.586458,2.2019296,0.73397654,0.14400001,0.0,0.13520683,9.900007,9.930007,1062400
hardzero_plus_depr__c0p54__z1p05__lam0p030__nu0p50__psi1p00,hardzero_plus_depr,0.02,38,332,0.0,1,0.4939013,0.4939013,1.0753741,0.0,0.084067054,0.0,0.0,9.738292e-07,-28.041315,2.3658702,0.78862345,0.2,0.0,0.1989042,9.930007,9.960007,1065600
hardzero_plus_depr__c0p54__z1p05__lam0p030__nu0p50__psi1p00,hardzero_plus_depr,0.02,38,333,0.0,1,0.4939013,0.4939014,1.0235281,0.09472659,0.09472659,1.0,8.9521215e-08,9.450484e-07,-27.451893,2.2518067,0.75060225,0.112,0.0,0.16894703,9.960007,9.990006,1068800
hardzero_plus_depr__c0p54__z1p05__lam0p030__nu0p50__psi1p00,hardzero_plus_depr,0.02,38,334,0.0,1,0.4939014,0.4939015,1.0327994,0.0927258,0.0927258,1.0,8.504052e-08,9.171182e-07,-26.940063,2.272204,0.75740135,0.112,0.0,0.15160297,9.990006,10.020006,1072000
hardzero_plus_depr__c0p54__z1p05__lam0p030__nu0p50__psi1p00,hardzero_plus_depr,0.02,38,335,0.0,1,0.4939015,0.4939015,1.0748771,0.0,0.08416332,0.0,0.0,8.9001344e-07,-28.468063,2.3647768,0.78825897,0.14400001,0.0,0.19963343,10.020006,10.050006,1075200
hardzero_plus_depr__c0p54__z1p05__lam0p030__nu0p50__psi1p00,hardzero_plus_depr,0.02,38,336,0.0,1,0.4939015,0.49390158,1.049278,0.089273386,0.089273386,1.0,7.7106314e-08,8.6370994e-07,-27.431389,2.3084576,0.7694859,0.14400001,0.0,0.19162706,10.050006,10.080006,1078400
hardzero_plus_depr__c0p54__z1p05__lam0p030__nu0p50__psi1p00,hardzero_plus_depr,0.02,38,337,0.0,1,0.49390158,0.49390158,1.056608,0.0,0.08777928,0.0,0.0,8.3818355e-07,-27.823223,2.324584,0.77486134,0.128,0.0,0.17935543,10.080006,10.110005,1081600
hardzero_plus_depr__c0p54__z1p05__lam0p030__nu0p50__psi1p00,hardzero_plus_depr,0.02,38,338,0.0,1,0.49390158,0.49390158,1.0985086,0.0,0.07970606,0.0,0.0,8.1341176e-07,-28.225805,2.4167671,0.8055891,0.19,0.0,0.17408551,10.110005,10.140005,1084800
hardzero_plus_depr__c0p54__z1p05__lam0p030__nu0p50__psi1p00,hardzero_plus_depr,0.02,38,339,0.0,1,0.49390158,0.49390158,1.0951014,0.0,0.080333866,0.0,0.0,7.8937205e-07,-28.760517,2.409271,0.80309033,0.128,0.0,0.17118973,10.140005,10.170005,1088000
hardzero_plus_depr__c0p54__z1p05__lam0p030__nu0p50__psi1p00,hardzero_plus_depr,0.02,38,340,0.0,1,0.49390158,0.49390164,1.023061,0.0948285,0.0948285,1.0,7.2642685e-08,7.660428e-07,-27.045115,2.2507792,0.75025976,0.14400001,0.0,0.16061552,10.170005,10.200005,1091200
hardzero_plus_depr__c0p54__z1p05__lam0p030__nu0p50__psi1p00,hardzero_plus_depr,0.02,38,341,0.0,1,0.49390164,0.49390164,1.088304,0.0,0.08160108,0.0,0.0,7.43403e-07,-28.109512,2.3943167,0.7981056,0.16800001,0.0,0.17998202,10.200005,10.230004,1094400
hardzero_plus_depr__c0p54__z1p05__lam0p030__nu0p50__psi1p00,hardzero_plus_depr,0.02,38,342,0.0,1,0.49390164,0.4939017,1.003705,0.09915052,0.09915052,1.0,7.153039e-08,7.214323e-07,-26.307968,2.2081952,0.7360651,0.16800001,0.0,0.16461486,10.230004,10.260004,1097600
hardzero_plus_depr__c0p54__z1p05__lam0p030__nu0p50__psi1p00,hardzero_plus_depr,0.02,38,343,0.0,1,0.4939017,0.49390176,1.0206468,0.09535712,0.09535712,1.0,6.6760556e-08,7.001109e-07,-26.973467,2.245468,0.7484893,0.18400002,0.008,0.15650965,10.260004,10.290004,1100800
hardzero_plus_depr__c0p54__z1p05__lam0p030__nu0p50__psi1p00,hardzero_plus_depr,0.02,38,344,0.0,1,0.49390176,0.49390182,1.0065666,0.09849934,0.09849934,1.0,6.692239e-08,6.7941966e-07,-27.22907,2.214491,0.73816365,0.136,0.0,0.14347714,10.290004,10.3200035,1104000
hardzero_plus_depr__c0p54__z1p05__lam0p030__nu0p50__psi1p00,hardzero_plus_depr,0.02,38,345,0.0,1,0.49390182,0.49390182,1.0589033,0.0,0.087316565,0.0,0.0,6.5934e-07,-27.452457,2.329634,0.7765447,0.112,0.0,0.17003249,10.3200035,10.350003,1107200
hardzero_plus_depr__c0p54__z1p05__lam0p030__nu0p50__psi1p00,hardzero_plus_depr,0.02,38,346,0.0,1,0.49390182,0.49390188,1.033788,0.092514984,0.092514984,1.0,5.9196058e-08,6.3985374e-07,-27.015837,2.274379,0.7581264,0.17600001,0.0,0.14356099,10.350003,10.380003,1110400
hardzero_plus_depr__c0p54__z1p05__lam0p030__nu0p50__psi1p00,hardzero_plus_depr,0.02,38,347,0.0,1,0.49390188,0.49390194,0.96235144,0.10905574,0.10905574,1.0,6.771744e-08,6.2094335e-07,-26.242231,2.1172154,0.7057385,0.14400001,0.0,0.14752693,10.380003,10.410003,1113600
hardzero_plus_depr__c0p54__z1p05__lam0p030__nu0p50__psi1p00,hardzero_plus_depr,0.02,38,348,0.0,1,0.49390194,0.49390194,1.0612168,0.0,0.08685267,0.0,0.0,6.0259185e-07,-27.879946,2.3347237,0.7782413,0.112,0.0,0.16855697,10.410003,10.440002,1116800
hardzero_plus_depr__c0p54__z1p05__lam0p030__nu0p50__psi1p00,hardzero_plus_depr,0.02,38,349,0.0,1,0.49390194,0.493902,1.0029013,0.09933417,0.09933417,1.0,5.8088904e-08,5.847827e-07,-27.141457,2.2064269,0.73547566,0.16800001,0.0,0.16871934,10.440002,10.470002,1120000
hardzero_plus_depr__c0p54__z1p05__lam0p030__nu0p50__psi1p00,hardzero_plus_depr,0.02,38,350,0.0,1,0.493902,0.49390206,1.0308878,0.093134835,0.093134835,1.0,5.2854016e-08,5.6749997e-07,-27.6815,2.2679985,0.7559995,0.16000001,0.0,0.15507129,10.470002,10.500002,1123200
hardzero_plus_depr__c0p54__z1p05__lam0p030__nu0p50__psi1p00,hardzero_plus_depr,0.02,38,351,0.0,1,0.49390206,0.49390212,1.0370609,0.0918204,0.0918204,1.0,5.056806e-08,5.50728e-07,-27.511488,2.2815795,0.76052654,0.07,0.0,0.14481507,10.500002,10.530002,1126400
hardzero_plus_depr__c0p54__z1p05__lam0p030__nu0p50__psi1p00,hardzero_plus_depr,0.02,38,352,0.0,1,0.49390212,0.49390212,1.062746,0.0,0.08654738,0.0,0.0,5.3445166e-07,-27.795153,2.338088,0.7793627,0.136,0.0,0.16181467,10.530002,10.560001,1129600
hardzero_plus_depr__c0p54__z1p05__lam0p030__nu0p50__psi1p00,hardzero_plus_depr,0.02,38,353,0.0,1,0.49390212,0.49390218,1.0450433,0.09014811,0.09014811,1.0,4.675589e-08,5.1865635e-07,-27.328232,2.2991414,0.7663805,0.112,0.0,0.15352373,10.560001,10.590001,1132800
hardzero_plus_depr__c0p54__z1p05__lam0p030__nu0p50__psi1p00,hardzero_plus_depr,0.02,38,354,0.0,1,0.49390218,0.49390224,1.0395744,0.091290504,0.091290504,1.0,4.594905e-08,5.0332784e-07,-26.958359,2.2871094,0.7623698,0.208,0.0,0.18624192,10.590001,10.620001,1136000
hardzero_plus_depr__c0p54__z1p05__lam0p030__nu0p50__psi1p00,hardzero_plus_depr,0.02,38,355,0.0,1,0.49390224,0.4939023,0.99268264,0.10169915,0.10169915,1.0,4.967519e-08,4.884524e-07,-27.229029,2.1839454,0.7279818,0.120000005,0.0,0.13750112,10.620001,10.650001,1139200
hardzero_plus_depr__c0p54__z1p05__lam0p030__nu0p50__psi1p00,hardzero_plus_depr,0.02,38,356,0.0,1,0.4939023,0.4939023,1.0522256,0.0,0.08866954,0.0,0.0,4.7401656e-07,-27.586311,2.3149426,0.7716476,0.120000005,0.0,0.16501065,10.650001,10.68,1142400
hardzero_plus_depr__c0p54__z1p05__lam0p030__nu0p50__psi1p00,hardzero_plus_depr,0.02,38,357,0.0,1,0.4939023,0.4939023,1.0571492,0.0,0.08766995,0.0,0.0,4.6000739e-07,-27.410679,2.3257747,0.77525824,0.15200001,0.0,0.15153025,10.68,10.71,1145600
hardzero_plus_depr__c0p54__z1p05__lam0p030__nu0p50__psi1p00,hardzero_plus_depr,0.02,38,358,0.0,1,0.4939023,0.4939023,1.0726664,0.0,0.08459284,0.0,0.0,4.4641223e-07,-28.292646,2.359913,0.7866377,0.120000005,0.0,0.17315073,10.71,10.74,1148800
hardzero_plus_depr__c0p54__z1p05__lam0p030__nu0p50__psi1p00,hardzero_plus_depr,0.02,38,359,0.0,1,0.4939023,0.4939023,1.0857432,0.0,0.082083665,0.0,0.0,4.3321887e-07,-28.068449,2.3886828,0.79622763,0.096,0.0,0.1690229,10.74,10.7699995,1152000
hardzero_plus_depr__c0p54__z1p05__lam0p030__nu0p50__psi1p00,hardzero_plus_depr,0.02,38,360,0.0,1,0.4939023,0.49390233,1.0208418,0.095314324,0.095314324,1.0,4.0071612e-08,4.2041543e-07,-26.94096,2.2458968,0.7486323,0.2,0.008,0.15589666,10.7699995,10.799999,1155200
hardzero_plus_depr__c0p54__z1p05__lam0p030__nu0p50__psi1p00,hardzero_plus_depr,0.02,38,361,0.0,1,0.49390233,0.49390233,1.0612094,0.0,0.086854145,0.0,0.0,4.0799037e-07,-26.88141,2.3347075,0.77823585,0.208,0.0,0.15812106,10.799999,10.829999,1158400
hardzero_plus_depr__c0p54__z1p05__lam0p030__nu0p50__psi1p00,hardzero_plus_depr,0.02,38,362,0.0,1,0.49390233,0.49390236,1.0098071,0.097767115,0.097767115,1.0,3.870918e-08,3.9593255e-07,-27.439404,2.22162,0.74054,0.16800001,0.0,0.14646035,10.829999,10.859999,1161600
hardzero_plus_depr__c0p54__z1p05__lam0p030__nu0p50__psi1p00,hardzero_plus_depr,0.02,38,363,0.0,1,0.49390236,0.49390236,1.0724614,0.0,0.084632784,0.0,0.0,3.8423104e-07,-27.843733,2.359462,0.78648734,0.17600001,0.0,0.16167158,10.859999,10.889998,1164800
hardzero_plus_depr__c0p54__z1p05__lam0p030__nu0p50__psi1p00,hardzero_plus_depr,0.02,38,364,0.0,1,0.49390236,0.4939024,1.0087588,0.09800341,0.09800341,1.0,3.6543064e-08,3.7287543e-07,-27.204306,2.2193136,0.73977125,0.22,0.0,0.13851176,10.889998,10.919998,1168000
hardzero_plus_depr__c0p54__z1p05__lam0p030__nu0p50__psi1p00,hardzero_plus_depr,0.02,38,365,0.0,1,0.4939024,0.49390242,1.002787,0.09936032,0.09936032,1.0,3.5954063e-08,3.6185537e-07,-25.572802,2.2061753,0.7353918,0.128,0.0,0.16676381,10.919998,10.949998,1171200
hardzero_plus_depr__c0p54__z1p05__lam0p030__nu0p50__psi1p00,hardzero_plus_depr,0.02,38,366,0.0,1,0.49390242,0.49390242,1.0542765,0.0,0.08825179,0.0,0.0,3.5116102e-07,-27.740883,2.3194547,0.7731516,0.128,0.0,0.18172419,10.949998,10.979998,1174400
hardzero_plus_depr__c0p54__z1p05__lam0p030__nu0p50__psi1p00,hardzero_plus_depr,0.02,38,367,0.0,1,0.49390242,0.49390242,1.0569537,0.0,0.087709434,0.0,0.0,3.4078272e-07,-27.555313,2.3253446,0.7751149,0.16000001,0.0,0.15146057,10.979998,11.009997,1177600
hardzero_plus_depr__c0p54__z1p05__lam0p030__nu0p50__psi1p00,hardzero_plus_depr,0.02,38,368,0.0,1,0.49390242,0.49390244,1.0360683,0.092030466,0.092030466,1.0,3.043551e-08,3.3071123e-07,-27.726334,2.2793958,0.75979865,0.128,0.0,0.13656157,11.009997,11.039997,1180800
hardzero_plus_depr__c0p54__z1p05__lam0p030__nu0p50__psi1p00,hardzero_plus_depr,0.02,38,369,0.0,1,0.49390244,0.49390247,1.035591,0.092131674,0.092131674,1.0,2.956849e-08,3.209373e-07,-27.987938,2.2783458,0.75944865,0.17600001,0.0,0.18498231,11.039997,11.069997,1184000
hardzero_plus_depr__c0p54__z1p05__lam0p030__nu0p50__psi1p00,hardzero_plus_depr,0.02,38,370,0.0,1,0.49390247,0.4939025,1.0253128,0.09433813,0.09433813,1.0,2.938182e-08,3.1145223e-07,-28.19998,2.2557333,0.7519111,0.18400002,0.0,0.19923879,11.069997,11.099997,1187200
hardzero_plus_depr__c0p54__z1p05__lam0p030__nu0p50__psi1p00,hardzero_plus_depr,0.02,38,371,0.0,1,0.4939025,0.49390253,0.9976122,0.10055133,0.10055133,1.0,3.039139e-08,3.022475e-07,-26.540411,2.1947906,0.7315969,0.18400002,0.0,0.14433584,11.099997,11.129996,1190400
hardzero_plus_depr__c0p54__z1p05__lam0p030__nu0p50__psi1p00,hardzero_plus_depr,0.02,38,372,0.0,1,0.49390253,0.49390256,1.0380405,0.091613494,0.091613494,1.0,2.6871597e-08,2.9331483e-07,-26.625063,2.2837348,0.76124495,0.120000005,0.0,0.13414077,11.129996,11.159996,1193600
hardzero_plus_depr__c0p54__z1p05__lam0p030__nu0p50__psi1p00,hardzero_plus_depr,0.02,38,373,0.0,1,0.49390256,0.4939026,1.0131663,0.09701383,0.09701383,1.0,2.7614611e-08,2.8464612e-07,-26.305912,2.2290103,0.7430035,0.128,0.0,0.16462477,11.159996,11.189996,1196800
hardzero_plus_depr__c0p54__z1p05__lam0p030__nu0p50__psi1p00,hardzero_plus_depr,0.02,38,374,0.0,1,0.4939026,0.49390262,1.0112414,0.09744477,0.09744477,1.0,2.6917524e-08,2.7623364e-07,-27.601913,2.2247756,0.7415919,0.14400001,0.0,0.14899725,11.189996,11.2199955,1200000
hardzero_plus_depr__c0p54__z1p05__lam0p030__nu0p50__psi1p00,hardzero_plus_depr,0.02,38,375,0.0,1,0.49390262,0.49390262,1.0652046,0.0,0.086058825,0.0,0.0,2.6806978e-07,-27.758923,2.343497,0.7811657,0.08800001,0.0,0.17027564,11.2199955,11.249995,1203200
hardzero_plus_depr__c0p54__z1p05__lam0p030__nu0p50__psi1p00,hardzero_plus_depr,0.02,38,376,0.0,1,0.49390262,0.49390265,1.0389518,0.09142147,0.09142147,1.0,2.3783038e-08,2.6014717e-07,-27.397173,2.2857394,0.7619132,0.16000001,0.0,0.18493164,11.249995,11.279995,1206400
hardzero_plus_depr__c0p54__z1p05__lam0p030__nu0p50__psi1p00,hardzero_plus_depr,0.02,38,377,0.0,1,0.49390265,0.49390268,1.0480123,0.08953395,0.08953395,1.0,2.260363e-08,2.5245876e-07,-27.226015,2.305673,0.76855767,0.14999999,0.0,0.17938627,11.279995,11.309995,1209600
hardzero_plus_depr__c0p54__z1p05__lam0p030__nu0p50__psi1p00,hardzero_plus_depr,0.02,38,378,0.0,1,0.49390268,0.49390268,1.1070606,0.0,0.07815188,0.0,0.0,2.4499752e-07,-28.177729,2.435582,0.8118607,0.16000001,0.0,0.17309019,11.309995,11.339994,1212800
hardzero_plus_depr__c0p54__z1p05__lam0p030__nu0p50__psi1p00,hardzero_plus_depr,0.02,38,379,0.0,1,0.49390268,0.4939027,1.0069313,0.09841667,0.09841667,1.0,2.3399235e-08,2.3775682e-07,-27.186304,2.2152932,0.7384311,0.208,0.0,0.16776851,11.339994,11.369994,1216000
hardzero_plus_depr__c0p54__z1p05__lam0p030__nu0p50__psi1p00,hardzero_plus_depr,0.02,38,380,0.0,1,0.4939027,0.49390274,1.0219142,0.09507925,0.09507925,1.0,2.1937645e-08,2.307301e-07,-27.479275,2.2482562,0.74941874,0.14400001,0.0,0.13460515,11.369994,11.399994,1219200
hardzero_plus_depr__c0p54__z1p05__lam0p030__nu0p50__psi1p00,hardzero_plus_depr,0.02,38,381,0.0,1,0.49390274,0.49390274,1.075525,0.0,0.08403786,0.0,0.0,2.2391106e-07,-27.687626,2.3662024,0.78873414,0.128,0.0,0.16319714,11.399994,11.429994,1222400
hardzero_plus_depr__c0p54__z1p05__lam0p030__nu0p50__psi1p00,hardzero_plus_depr,0.02,38,382,0.0,1,0.49390274,0.49390274,1.0854418,0.0,0.082140654,0.0,0.0,2.1729356e-07,-27.729912,2.3880198,0.7960066,0.104,0.0,0.1545929,11.429994,11.459993,1225600
hardzero_plus_depr__c0p54__z1p05__lam0p030__nu0p50__psi1p00,hardzero_plus_depr,0.02,38,383,0.0,1,0.49390274,0.49390277,1.0155298,0.09648732,0.09648732,1.0,2.0346437e-08,2.1087162e-07,-27.10984,2.23421,0.7447367,0.216,0.0,0.13818373,11.459993,11.489993,1228800
hardzero_plus_depr__c0p54__z1p05__lam0p030__nu0p50__psi1p00,hardzero_plus_depr,0.02,38,384,0.0,1,0.49390277,0.4939028,1.03517,0.09222105,0.09222105,1.0,1.8872067e-08,2.0463946e-07,-27.014666,2.2774193,0.7591398,0.15200001,0.0,0.15141562,11.489993,11.519993,1232000
hardzero_plus_depr__c0p54__z1p05__lam0p030__nu0p50__psi1p00,hardzero_plus_depr,0.02,38,385,0.0,1,0.4939028,0.4939028,1.0753119,0.0,0.0840791,0.0,0.0,1.9859151e-07,-27.839579,2.3657334,0.7885778,0.120000005,0.0,0.17483112,11.519993,11.549993,1235200
hardzero_plus_depr__c0p54__z1p05__lam0p030__nu0p50__psi1p00,hardzero_plus_depr,0.02,38,386,0.0,1,0.4939028,0.49390283,0.9984777,0.10035114,0.10035114,1.0,1.93399e-08,1.9272228e-07,-25.701601,2.1966949,0.7322316,0.15200001,0.0,0.15723498,11.549993,11.579992,1238400
hardzero_plus_depr__c0p54__z1p05__lam0p030__nu0p50__psi1p00,hardzero_plus_depr,0.02,38,387,0.0,1,0.49390283,0.49390286,0.99298,0.10162953,0.10162953,1.0,1.900742e-08,1.8702654e-07,-27.330868,2.1845996,0.7281999,0.216,0.0,0.15139572,11.579992,11.609992,1241600
hardzero_plus_depr__c0p54__z1p05__lam0p030__nu0p50__psi1p00,hardzero_plus_depr,0.02,38,388,0.0,1,0.49390286,0.4939029,1.0360223,0.09204023,0.09204023,1.0,1.670522e-08,1.8149912e-07,-27.133507,2.2792945,0.75976485,0.16000001,0.0,0.16248342,11.609992,11.639992,1244800
hardzero_plus_depr__c0p54__z1p05__lam0p030__nu0p50__psi1p00,hardzero_plus_depr,0.02,38,389,0.0,1,0.4939029,0.49390292,1.0176444,0.09601865,0.09601865,1.0,1.691225e-08,1.7613505e-07,-26.57674,2.2388625,0.7462875,0.16000001,0.0,0.14472288,11.639992,11.6699915,1248000
hardzero_plus_depr__c0p54__z1p05__lam0p030__nu0p50__psi1p00,hardzero_plus_depr,0.02,38,390,0.0,1,0.49390292,0.49390292,1.0776983,0.0,0.08361835,0.0,0.0,1.7092952e-07,-28.844398,2.3709836,0.7903279,0.14,0.0,0.17987585,11.6699915,11.699991,1251200
hardzero_plus_depr__c0p54__z1p05__lam0p030__nu0p50__psi1p00,hardzero_plus_depr,0.02,38,391,0.0,1,0.49390292,0.49390295,1.0280505,0.093745284,0.093745284,1.0,1.5550265e-08,1.6587784e-07,-27.403255,2.2617564,0.7539188,0.112,0.0,0.16995458,11.699991,11.729991,1254400
hardzero_plus_depr__c0p54__z1p05__lam0p030__nu0p50__psi1p00,hardzero_plus_depr,0.02,38,392,0.0,1,0.49390295,0.49390298,1.0121834,0.09723365,0.09723365,1.0,1.5652232e-08,1.6097545e-07,-27.081997,2.226848,0.7422826,0.120000005,0.0,0.15752824,11.729991,11.759991,1257600
hardzero_plus_depr__c0p54__z1p05__lam0p030__nu0p50__psi1p00,hardzero_plus_depr,0.02,38,393,0.0,1,0.49390298,0.49390298,1.0681788,0.0,0.08547148,0.0,0.0,1.5621795e-07,-27.576511,2.3500402,0.7833468,0.104,0.0,0.14829358,11.759991,11.78999,1260800
hardzero_plus_depr__c0p54__z1p05__lam0p030__nu0p50__psi1p00,hardzero_plus_depr,0.02,38,394,0.0,1,0.49390298,0.49390298,1.0381972,0.091580465,0.091580465,1.0,1.3883694e-08,1.5160104e-07,-27.446758,2.2840793,0.7613598,0.16000001,0.0,0.14102024,11.78999,11.81999,1264000
hardzero_plus_depr__c0p54__z1p05__lam0p030__nu0p50__psi1p00,hardzero_plus_depr,0.02,38,395,0.0,1,0.49390298,0.49390298,1.035064,0.092243545,0.092243545,1.0,1.3570926e-08,1.471206e-07,-27.33757,2.2771862,0.75906205,0.2,0.0,0.15699092,11.81999,11.84999,1267200
hardzero_plus_depr__c0p54__z1p05__lam0p030__nu0p50__psi1p00,hardzero_plus_depr,0.02,38,396,0.0,1,0.49390298,0.49390298,1.0409391,0.09100409,0.09100409,1.0,1.2992887e-08,1.4277256e-07,-27.046093,2.2901118,0.76337063,0.192,0.0,0.17790218,11.84999,11.87999,1270400
hardzero_plus_depr__c0p54__z1p05__lam0p030__nu0p50__psi1p00,hardzero_plus_depr,0.02,38,397,0.0,1,0.49390298,0.49390298,1.1030782,0.0,0.0788718,0.0,0.0,1.3855303e-07,-28.673552,2.4268205,0.8089402,0.120000005,0.0,0.20938927,11.87999,11.909989,1273600
hardzero_plus_depr__c0p54__z1p05__lam0p030__nu0p50__psi1p00,hardzero_plus_depr,0.02,38,398,0.0,1,0.49390298,0.49390298,1.0421036,0.09076039,0.09076039,1.0,1.2203479e-08,1.344582e-07,-27.252209,2.2926738,0.76422465,0.192,0.0,0.15761885,11.909989,11.939989,1276800
hardzero_plus_depr__c0p54__z1p05__lam0p030__nu0p50__psi1p00,hardzero_plus_depr,0.02,38,399,0.0,1,0.49390298,0.49390298,0.99487215,0.10118772,0.10118772,1.0,1.3203419e-08,1.304844e-07,-26.818504,2.1887624,0.7295875,0.2,0.0,0.17333005,11.939989,11.969989,1280000
hardzero_plus_depr__c0p54__z1p05__lam0p030__nu0p50__psi1p00,hardzero_plus_depr,0.02,38,400,0.0,1,0.49390298,0.49390298,1.0415045,0.090885684,0.090885684,1.0,1.1508676e-08,1.2662804e-07,-27.493855,2.2913556,0.76378524,0.112,0.0,0.15303878,11.969989,11.999989,1283200
hardzero_plus_depr__c0p54__z1p05__lam0p030__nu0p50__psi1p00,hardzero_plus_depr,0.02,38,401,0.0,1,0.49390298,0.49390298,1.1049309,0.0,0.07853607,0.0,0.0,1.2288565e-07,-28.706297,2.4308965,0.81029886,0.104,0.0,0.20552722,11.999989,12.029988,1286400
hardzero_plus_depr__c0p54__z1p05__lam0p030__nu0p50__psi1p00,hardzero_plus_depr,0.02,38,402,0.0,1,0.49390298,0.49390298,1.0334483,0.09258736,0.09258736,1.0,1.10414e-08,1.1925385e-07,-26.340918,2.2736318,0.7578773,0.17600001,0.0,0.18616547,12.029988,12.059988,1289600
hardzero_plus_depr__c0p54__z1p05__lam0p030__nu0p50__psi1p00,hardzero_plus_depr,0.02,38,403,0.0,1,0.49390298,0.49390298,0.99994123,0.10001355,0.10001355,1.0,1.1574509e-08,1.15729414e-07,-26.96604,2.1999147,0.7333049,0.25,0.01,0.17118467,12.059988,12.089988,1292800
hardzero_plus_depr__c0p54__z1p05__lam0p030__nu0p50__psi1p00,hardzero_plus_depr,0.02,38,404,0.0,1,0.49390298,0.49390298,1.0328436,0.09271636,0.09271636,1.0,1.0412893e-08,1.12309124e-07,-27.496912,2.2723012,0.7574338,0.15200001,0.0,0.1735832,12.089988,12.1199875,1296000
hardzero_plus_depr__c0p54__z1p05__lam0p030__nu0p50__psi1p00,hardzero_plus_depr,0.02,38,405,0.0,1,0.49390298,0.49390298,1.0920714,0.0,0.08089629,0.0,0.0,1.08989916e-07,-28.02006,2.402605,0.8008684,0.128,0.0,0.1881424,12.1199875,12.149987,1299200
hardzero_plus_depr__c0p54__z1p05__lam0p030__nu0p50__psi1p00,hardzero_plus_depr,0.02,38,406,0.0,1,0.49390298,0.49390298,1.0482409,0.08948682,0.08948682,1.0,9.464914e-09,1.05768805e-07,-27.727295,2.306176,0.76872534,0.112,0.0,0.16042309,12.149987,12.179987,1302400
hardzero_plus_depr__c0p54__z1p05__lam0p030__nu0p50__psi1p00,hardzero_plus_depr,0.02,38,407,0.0,1,0.49390298,0.49390298,1.0542444,0.0,0.08825831,0.0,0.0,1.02642886e-07,-29.071388,2.3193839,0.773128,0.14400001,0.0,0.20415683,12.179987,12.209987,1305600
hardzero_plus_depr__c0p54__z1p05__lam0p030__nu0p50__psi1p00,hardzero_plus_depr,0.02,38,408,0.0,1,0.49390298,0.49390298,1.0250132,0.094403215,0.094403215,1.0,9.403443e-09,9.960936e-08,-27.124483,2.255074,0.75169134,0.120000005,0.008,0.14779933,12.209987,12.239986,1308800
hardzero_plus_depr__c0p54__z1p05__lam0p030__nu0p50__psi1p00,hardzero_plus_depr,0.02,38,409,0.0,1,0.49390298,0.49390298,1.098887,0.0,0.079636656,0.0,0.0,9.666549e-08,-27.38415,2.4175997,0.8058666,0.14400001,0.0,0.19885941,12.239986,12.269986,1312000
hardzero_plus_depr__c0p54__z1p05__lam0p030__nu0p50__psi1p00,hardzero_plus_depr,0.02,38,410,0.0,1,0.49390298,0.49390298,1.0346891,0.092323214,0.092323214,1.0,8.660712e-09,9.380861e-08,-27.719986,2.2763615,0.75878716,0.2,0.0,0.19752623,12.269986,12.299986,1315200
hardzero_plus_depr__c0p54__z1p05__lam0p030__nu0p50__psi1p00,hardzero_plus_depr,0.02,38,411,0.0,1,0.49390298,0.49390298,1.0679201,0.0,0.08552239,0.0,0.0,9.103618e-08,-28.119328,2.349471,0.78315705,0.08800001,0.0,0.18131413,12.299986,12.329986,1318400
hardzero_plus_depr__c0p54__z1p05__lam0p030__nu0p50__psi1p00,hardzero_plus_depr,0.02,38,412,0.0,1,0.49390298,0.49390298,1.0839833,0.0,0.082416974,0.0,0.0,8.834568e-08,-28.662931,2.384811,0.794937,0.072000004,0.0,0.15267235,12.329986,12.359985,1321600
hardzero_plus_depr__c0p54__z1p05__lam0p030__nu0p50__psi1p00,hardzero_plus_depr,0.02,38,413,0.0,1,0.49390298,0.49390298,1.045636,0.09002517,0.09002517,1.0,7.71828e-09,8.573469e-08,-27.534595,2.3004453,0.7668151,0.15200001,0.0,0.17814547,12.359985,12.389985,1324800
hardzero_plus_depr__c0p54__z1p05__lam0p030__nu0p50__psi1p00,hardzero_plus_depr,0.02,38,414,0.0,1,0.49390298,0.49390298,1.0638214,0.0,0.08633334,0.0,0.0,8.320087e-08,-27.921602,2.3404539,0.7801513,0.128,0.0,0.1557728,12.389985,12.419985,1328000
hardzero_plus_depr__c0p54__z1p05__lam0p030__nu0p50__psi1p00,hardzero_plus_depr,0.02,38,415,0.0,1,0.49390298,0.49390298,1.0113624,0.09741764,0.09741764,1.0,7.865688e-09,8.074193e-08,-26.866474,2.2250419,0.7416806,0.15200001,0.0,0.14600462,12.419985,12.449985,1331200
hardzero_plus_depr__c0p54__z1p05__lam0p030__nu0p50__psi1p00,hardzero_plus_depr,0.02,38,416,0.0,1,0.49390298,0.49390298,1.0671885,0.0,0.0856666,0.0,0.0,7.835566e-08,-27.088205,2.3478615,0.78262055,0.17999999,0.0,0.16406508,12.449985,12.479984,1334400
hardzero_plus_depr__c0p54__z1p05__lam0p030__nu0p50__psi1p00,hardzero_plus_depr,0.02,38,417,0.0,1,0.49390298,0.49390298,1.0369439,0.09184512,0.09184512,1.0,6.9838957e-09,7.6039925e-08,-27.83437,2.2813222,0.76044077,0.16800001,0.0,0.16964963,12.479984,12.509984,1337600
hardzero_plus_depr__c0p54__z1p05__lam0p030__nu0p50__psi1p00,hardzero_plus_depr,0.02,38,418,0.0,1,0.49390298,0.49390298,1.0575536,0.0,0.087588355,0.0,0.0,7.379263e-08,-27.849823,2.3266644,0.77555484,0.16800001,0.0,0.20974664,12.509984,12.539984,1340800
hardzero_plus_depr__c0p54__z1p05__lam0p030__nu0p50__psi1p00,hardzero_plus_depr,0.02,38,419,0.0,1,0.49390298,0.49390298,1.0303301,0.09325452,0.09325452,1.0,6.678119e-09,7.1611744e-08,-27.47278,2.2667713,0.75559044,0.14400001,0.0,0.14809819,12.539984,12.5699835,1344000
hardzero_plus_depr__c0p54__z1p05__lam0p030__nu0p50__psi1p00,hardzero_plus_depr,0.02,38,420,0.0,1,0.49390298,0.49390298,1.0852295,0.0,0.08218081,0.0,0.0,6.9495314e-08,-27.319857,2.3875527,0.79585093,0.128,0.0,0.16145565,12.5699835,12.599983,1347200
hardzero_plus_depr__c0p54__z1p05__lam0p030__nu0p50__psi1p00,hardzero_plus_depr,0.02,38,421,0.0,1,0.49390298,0.49390298,1.095549,0.0,0.080251105,0.0,0.0,6.7441434e-08,-28.09415,2.410256,0.80341864,0.192,0.0,0.17375183,12.599983,12.629983,1350400
hardzero_plus_depr__c0p54__z1p05__lam0p030__nu0p50__psi1p00,hardzero_plus_depr,0.02,38,422,0.0,1,0.49390298,0.49390298,1.0158024,0.09642678,0.09642678,1.0,6.310964e-09,6.5448255e-08,-27.813519,2.2348099,0.74493665,0.2,0.0,0.16332307,12.629983,12.659983,1353600
hardzero_plus_depr__c0p54__z1p05__lam0p030__nu0p50__psi1p00,hardzero_plus_depr,0.02,38,423,0.0,1,0.49390298,0.49390298,1.0103954,0.097634785,0.097634785,1.0,6.2011742e-09,6.351399e-08,-27.438229,2.2229142,0.74097145,0.096,0.0,0.15195419,12.659983,12.689982,1356800
hardzero_plus_depr__c0p54__z1p05__lam0p030__nu0p50__psi1p00,hardzero_plus_depr,0.02,38,424,0.0,1,0.49390298,0.49390298,1.0175037,0.09604974,0.09604974,1.0,5.9202065e-09,6.163688e-08,-26.680532,2.2385528,0.7461843,0.15200001,0.0,0.15969686,12.689982,12.719982,1360000
hardzero_plus_depr__c0p54__z1p05__lam0p030__nu0p50__psi1p00,hardzero_plus_depr,0.02,38,425,0.0,1,0.49390298,0.49390298,1.0671346,0.0,0.085677214,0.0,0.0,5.981525e-08,-27.923107,2.347743,0.78258103,0.15200001,0.0,0.16022715,12.719982,12.749982,1363200
hardzero_plus_depr__c0p54__z1p05__lam0p030__nu0p50__psi1p00,hardzero_plus_depr,0.02,38,426,0.0,1,0.49390298,0.49390298,0.9924572,0.10175195,0.10175195,1.0,5.9064424e-09,5.8047462e-08,-26.98502,2.1834495,0.7278165,0.18400002,0.0,0.15061654,12.749982,12.779982,1366400
hardzero_plus_depr__c0p54__z1p05__lam0p030__nu0p50__psi1p00,hardzero_plus_depr,0.02,38,427,0.0,1,0.49390298,0.49390298,1.0903407,0.0,0.08121931,0.0,0.0,5.6331913e-08,-28.186687,2.3987975,0.7995992,0.15200001,0.0,0.16688319,12.779982,12.809981,1369600
hardzero_plus_depr__c0p54__z1p05__lam0p030__nu0p50__psi1p00,hardzero_plus_depr,0.02,38,428,0.0,1,0.49390298,0.49390298,1.0296497,0.09340073,0.09340073,1.0,5.105944e-09,5.466707e-08,-28.305336,2.2652745,0.75509155,0.16000001,0.0,0.17241903,12.809981,12.839981,1372800
hardzero_plus_depr__c0p54__z1p05__lam0p030__nu0p50__psi1p00,hardzero_plus_depr,0.02,38,429,0.0,1,0.49390298,0.49390298,1.0609215,0.0,0.08691172,0.0,0.0,5.3051426e-08,-26.299095,2.334074,0.7780247,0.13,0.0,0.13577528,12.839981,12.869981,1376000
hardzero_plus_depr__c0p54__z1p05__lam0p030__nu0p50__psi1p00,hardzero_plus_depr,0.02,38,430,0.0,1,0.49390298,0.49390298,0.9952265,0.10110519,0.10110519,1.0,5.2052522e-09,5.1483532e-08,-27.07375,2.189542,0.7298474,0.216,0.0,0.17813884,12.869981,12.899981,1379200
hardzero_plus_depr__c0p54__z1p05__lam0p030__nu0p50__psi1p00,hardzero_plus_depr,0.02,38,431,0.0,1,0.49390298,0.49390298,0.9868696,0.10306955,0.10306955,1.0,5.1495586e-09,4.9961976e-08,-26.37057,2.1711564,0.7237188,0.136,0.0,0.13354678,12.899981,12.92998,1382400
hardzero_plus_depr__c0p54__z1p05__lam0p030__nu0p50__psi1p00,hardzero_plus_depr,0.02,38,432,0.0,1,0.49390298,0.49390298,1.0097697,0.097775556,0.097775556,1.0,4.7406865e-09,4.8485393e-08,-27.361423,2.2215376,0.74051255,0.18400002,0.0,0.16576928,12.92998,12.95998,1385600
hardzero_plus_depr__c0p54__z1p05__lam0p030__nu0p50__psi1p00,hardzero_plus_depr,0.02,38,433,0.0,1,0.49390298,0.49390298,0.9776982,0.105269305,0.105269305,1.0,4.953178e-09,4.7052442e-08,-27.383202,2.150979,0.71699303,0.256,0.0,0.15642646,12.95998,12.98998,1388800
hardzero_plus_depr__c0p54__z1p05__lam0p030__nu0p50__psi1p00,hardzero_plus_depr,0.02,38,434,0.0,1,0.49390298,0.49390298,1.030458,0.09322707,0.09322707,1.0,4.2569206e-09,4.566185e-08,-27.052298,2.267053,0.7556843,0.16800001,0.0,0.15693015,12.98998,13.0199795,1392000
hardzero_plus_depr__c0p54__z1p05__lam0p030__nu0p50__psi1p00,hardzero_plus_depr,0.02,38,435,0.0,1,0.49390298,0.49390298,1.0661243,0.0,0.085876755,0.0,0.0,4.4312344e-08,-28.393545,2.3455203,0.7818401,0.15200001,0.0,0.19004835,13.0199795,13.049979,1395200
hardzero_plus_depr__c0p54__z1p05__lam0p030__nu0p50__psi1p00,hardzero_plus_depr,0.02,38,436,0.0,1,0.49390298,0.49390298,1.0793182,0.0,0.08330707,0.0,0.0,4.3002732e-08,-27.694763,2.3745475,0.7915158,0.08800001,0.0,0.16226293,13.049979,13.079979,1398400
hardzero_plus_depr__c0p54__z1p05__lam0p030__nu0p50__psi1p00,hardzero_plus_depr,0.02,38,437,0.0,1,0.49390298,0.49390298,1.072758,0.0,0.08457499,0.0,0.0,4.1731816e-08,-28.332417,2.3601146,0.7867049,0.15200001,0.0,0.19279264,13.079979,13.109979,1401600
hardzero_plus_depr__c0p54__z1p05__lam0p030__nu0p50__psi1p00,hardzero_plus_depr,0.02,38,438,0.0,1,0.49390298,0.49390298,0.995118,0.10113046,0.10113046,1.0,4.095629e-09,4.049847e-08,-25.98815,2.1893034,0.7297678,0.192,0.0,0.1524471,13.109979,13.139978,1404800
hardzero_plus_depr__c0p54__z1p05__lam0p030__nu0p50__psi1p00,hardzero_plus_depr,0.02,38,439,0.0,1,0.49390298,0.49390298,1.0030357,0.09930344,0.09930344,1.0,3.9027803e-09,3.9301565e-08,-27.228487,2.2067225,0.7355742,0.224,0.0,0.17172053,13.139978,13.169978,1408000
hardzero_plus_depr__c0p54__z1p05__lam0p030__nu0p50__psi1p00,hardzero_plus_depr,0.02,38,440,0.0,1,0.49390298,0.49390298,1.0585438,0.0,0.08738888,0.0,0.0,3.814004e-08,-27.921404,2.3288429,0.776281,0.14400001,0.0,0.15642022,13.169978,13.199978,1411200
hardzero_plus_depr__c0p54__z1p05__lam0p030__nu0p50__psi1p00,hardzero_plus_depr,0.02,38,441,0.0,1,0.49390298,0.49390298,1.1034191,0.0,0.07880992,0.0,0.0,3.7012843e-08,-28.36246,2.4275703,0.80919015,0.080000006,0.0,0.17319632,13.199978,13.229978,1414400
hardzero_plus_depr__c0p54__z1p05__lam0p030__nu0p50__psi1p00,hardzero_plus_depr,0.02,38,442,0.0,1,0.49390298,0.49390298,1.0418832,0.09080647,0.09080647,1.0,3.2616738e-09,3.591896e-08,-27.292616,2.292189,0.764063,0.14,0.0,0.14444916,13.229978,13.259977,1417600
hardzero_plus_depr__c0p54__z1p05__lam0p030__nu0p50__psi1p00,hardzero_plus_depr,0.02,38,443,0.0,1,0.49390298,0.49390298,1.0530645,0.0,0.08849841,0.0,0.0,3.48574e-08,-27.17502,2.316788,0.7722627,0.120000005,0.0,0.1507969,13.259977,13.289977,1420800
hardzero_plus_depr__c0p54__z1p05__lam0p030__nu0p50__psi1p00,hardzero_plus_depr,0.02,38,444,0.0,1,0.49390298,0.49390298,1.0369765,0.09183824,0.09183824,1.0,3.106632e-09,3.3827217e-08,-27.54701,2.2813938,0.7604646,0.16000001,0.0,0.15040854,13.289977,13.319977,1424000
hardzero_plus_depr__c0p54__z1p05__lam0p030__nu0p50__psi1p00,hardzero_plus_depr,0.02,38,445,0.0,1,0.49390298,0.49390298,0.9962386,0.10086986,0.10086986,1.0,3.3113032e-09,3.282748e-08,-26.629416,2.1917686,0.73058957,0.128,0.0,0.13128766,13.319977,13.349977,1427200
hardzero_plus_depr__c0p54__z1p05__lam0p030__nu0p50__psi1p00,hardzero_plus_depr,0.02,38,446,0.0,1,0.49390298,0.49390298,1.0542473,0.0,0.08825772,0.0,0.0,3.1857294e-08,-27.237085,2.3193903,0.7731301,0.14400001,0.0,0.17556217,13.349977,13.379976,1430400
hardzero_plus_depr__c0p54__z1p05__lam0p030__nu0p50__psi1p00,hardzero_plus_depr,0.02,38,447,0.0,1,0.49390298,0.49390298,1.0516218,0.0,0.08879288,0.0,0.0,3.0915775e-08,-27.556501,2.3136141,0.7712047,0.18400002,0.0,0.14499271,13.379976,13.409976,1433600
hardzero_plus_depr__c0p54__z1p05__lam0p030__nu0p50__psi1p00,hardzero_plus_depr,0.02,38,448,0.0,1,0.49390298,0.49390298,1.0087597,0.09800321,0.09800321,1.0,2.9403004e-09,3.0002084e-08,-26.47438,2.2193158,0.73977196,0.15200001,0.0,0.14474808,13.409976,13.439976,1436800
hardzero_plus_depr__c0p54__z1p05__lam0p030__nu0p50__psi1p00,hardzero_plus_depr,0.02,38,449,0.0,1,0.49390298,0.49390298,1.093393,0.0,0.0806505,0.0,0.0,2.9115396e-08,-27.574697,2.4055126,0.80183756,0.104,0.0,0.17557976,13.439976,13.469975,1440000
hardzero_plus_depr__c0p54__z1p05__lam0p030__nu0p50__psi1p00,hardzero_plus_depr,0.02,38,450,0.0,1,0.49390298,0.49390298,1.0230798,0.09482443,0.09482443,1.0,2.679256e-09,2.8254911e-08,-27.284685,2.2508204,0.75027347,0.18400002,0.0,0.18076237,13.469975,13.499975,1443200
hardzero_plus_depr__c0p54__z1p05__lam0p030__nu0p50__psi1p00,hardzero_plus_depr,0.02,38,451,0.0,1,0.49390298,0.49390298,1.070043,0.0,0.085105374,0.0,0.0,2.7419862e-08,-29.221798,2.3541415,0.78471386,0.136,0.0,0.1732657,13.499975,13.529975,1446400
hardzero_plus_depr__c0p54__z1p05__lam0p030__nu0p50__psi1p00,hardzero_plus_depr,0.02,38,452,0.0,1,0.49390298,0.49390298,1.0264679,0.09408753,0.09408753,1.0,2.503621e-09,2.6609488e-08,-27.44995,2.2582746,0.7527582,0.216,0.0,0.16073121,13.529975,13.559975,1449600
hardzero_plus_depr__c0p54__z1p05__lam0p030__nu0p50__psi1p00,hardzero_plus_depr,0.02,38,453,0.0,1,0.49390298,0.49390298,1.0204618,0.095397756,0.095397756,1.0,2.4634625e-09,2.5823066e-08,-26.924414,2.2450607,0.7483536,0.16800001,0.0,0.13463683,13.559975,13.589974,1452800
hardzero_plus_depr__c0p54__z1p05__lam0p030__nu0p50__psi1p00,hardzero_plus_depr,0.02,38,454,0.0,1,0.49390298,0.49390298,1.0083985,0.09808474,0.09808474,1.0,2.4579923e-09,2.5059885e-08,-27.131012,2.218521,0.7395071,0.17600001,0.0,0.16515137,13.589974,13.619974,1456000
hardzero_plus_depr__c0p54__z1p05__lam0p030__nu0p50__psi1p00,hardzero_plus_depr,0.02,38,455,0.0,1,0.49390298,0.49390298,1.0086886,0.09801926,0.09801926,1.0,2.383756e-09,2.4319263e-08,-26.68243,2.2191591,0.73971975,0.17999999,0.0,0.15992363,13.619974,13.649974,1459200
hardzero_plus_depr__c0p54__z1p05__lam0p030__nu0p50__psi1p00,hardzero_plus_depr,0.02,38,456,0.0,1,0.49390298,0.49390298,1.0307758,0.09315886,0.09315886,1.0,2.1985982e-09,2.3600526e-08,-27.582853,2.267752,0.7559173,0.14400001,0.0,0.15512179,13.649974,13.679974,1462400
hardzero_plus_depr__c0p54__z1p05__lam0p030__nu0p50__psi1p00,hardzero_plus_depr,0.02,38,457,0.0,1,0.49390298,0.49390298,1.0121694,0.09723679,0.09723679,1.0,2.227017e-09,2.2903029e-08,-26.624338,2.2268171,0.7422724,0.24000001,0.0,0.14603092,13.679974,13.709973,1465600
hardzero_plus_depr__c0p54__z1p05__lam0p030__nu0p50__psi1p00,hardzero_plus_depr,0.02,38,458,0.0,1,0.49390298,0.49390298,1.052843,0.0,0.08854356,0.0,0.0,2.222615e-08,-27.960924,2.3163009,0.7721003,0.128,0.0,0.16142172,13.709973,13.739973,1468800
hardzero_plus_depr__c0p54__z1p05__lam0p030__nu0p50__psi1p00,hardzero_plus_depr,0.02,38,459,0.0,1,0.49390298,0.49390298,1.0586369,0.0,0.08737015,0.0,0.0,2.156927e-08,-27.883135,2.3290477,0.77634925,0.15200001,0.0,0.15802395,13.739973,13.769973,1472000
hardzero_plus_depr__c0p54__z1p05__lam0p030__nu0p50__psi1p00,hardzero_plus_depr,0.02,38,460,0.0,1,0.49390298,0.49390298,1.0985798,0.0,0.079693004,0.0,0.0,2.093181e-08,-28.046356,2.4169238,0.8056413,0.16800001,0.0,0.16057083,13.769973,13.799973,1475200
hardzero_plus_depr__c0p54__z1p05__lam0p030__nu0p50__psi1p00,hardzero_plus_depr,0.02,38,461,0.0,1,0.49390298,0.49390298,1.0620832,0.0,0.08667957,0.0,0.0,2.0313186e-08,-27.498346,2.3366299,0.77887666,0.104,0.0,0.15790612,13.799973,13.829972,1478400
hardzero_plus_depr__c0p54__z1p05__lam0p030__nu0p50__psi1p00,hardzero_plus_depr,0.02,38,462,0.0,1,0.49390298,0.49390298,1.0477678,0.089584365,0.089584365,1.0,1.7659627e-09,1.9712845e-08,-27.900991,2.305135,0.7683784,0.128,0.0,0.16039751,13.829972,13.859972,1481600
hardzero_plus_depr__c0p54__z1p05__lam0p030__nu0p50__psi1p00,hardzero_plus_depr,0.02,38,463,0.0,1,0.49390298,0.49390298,1.0386673,0.091481365,0.091481365,1.0,1.7500613e-09,1.913025e-08,-27.958138,2.2851138,0.7617046,0.2,0.0,0.18073519,13.859972,13.889972,1484800
hardzero_plus_depr__c0p54__z1p05__lam0p030__nu0p50__psi1p00,hardzero_plus_depr,0.02,38,464,0.0,1,0.49390298,0.49390298,1.0236758,0.09469437,0.09469437,1.0,1.7579886e-09,1.856487e-08,-27.623343,2.2521317,0.7507106,0.224,0.0,0.15964156,13.889972,13.919971,1488000
hardzero_plus_depr__c0p54__z1p05__lam0p030__nu0p50__psi1p00,hardzero_plus_depr,0.02,38,465,0.0,1,0.49390298,0.49390298,1.0405515,0.09108534,0.09108534,1.0,1.6410117e-09,1.80162e-08,-26.883692,2.2892592,0.76308644,0.128,0.0,0.1510109,13.919971,13.949971,1491200
hardzero_plus_depr__c0p54__z1p05__lam0p030__nu0p50__psi1p00,hardzero_plus_depr,0.02,38,466,0.0,1,0.49390298,0.49390298,1.0121747,0.0972356,0.0972356,1.0,1.7000423e-09,1.7483744e-08,-26.476025,2.2268288,0.7422763,0.18400002,0.0,0.1569564,13.949971,13.979971,1494400
hardzero_plus_depr__c0p54__z1p05__lam0p030__nu0p50__psi1p00,hardzero_plus_depr,0.02,38,467,0.0,1,0.49390298,0.49390298,1.0412924,0.09093007,0.09093007,1.0,1.5428129e-09,1.6967027e-08,-27.184973,2.290889,0.7636297,0.15200001,0.0,0.15412009,13.979971,14.009971,1497600
hardzero_plus_depr__c0p54__z1p05__lam0p030__nu0p50__psi1p00,hardzero_plus_depr,0.02,38,468,0.0,1,0.49390298,0.49390298,0.99638367,0.10083617,0.10083617,1.0,1.660326e-09,1.646558e-08,-25.944128,2.192088,0.73069596,0.17999999,0.0,0.14316557,14.009971,14.03997,1500800
hardzero_plus_depr__c0p54__z1p05__lam0p030__nu0p50__psi1p00,hardzero_plus_depr,0.02,38,469,0.0,1,0.49390298,0.49390298,1.0465719,0.0898314,0.0898314,1.0,1.4354116e-09,1.5978951e-08,-27.520662,2.302504,0.76750135,0.112,0.0,0.2022979,14.03997,14.06997,1504000
hardzero_plus_depr__c0p54__z1p05__lam0p030__nu0p50__psi1p00,hardzero_plus_depr,0.02,38,470,0.0,1,0.49390298,0.49390298,1.0857601,0.0,0.082080476,0.0,0.0,1.5506709e-08,-27.901823,2.38872,0.79624003,0.112,0.0,0.17095521,14.06997,14.09997,1507200
hardzero_plus_depr__c0p54__z1p05__lam0p030__nu0p50__psi1p00,hardzero_plus_depr,0.02,38,471,0.0,1,0.49390298,0.49390298,1.0919652,0.0,0.08091607,0.0,0.0,1.504842e-08,-28.294485,2.4023714,0.8007905,0.136,0.0,0.15751465,14.09997,14.12997,1510400
hardzero_plus_depr__c0p54__z1p05__lam0p030__nu0p50__psi1p00,hardzero_plus_depr,0.02,38,472,0.0,1,0.49390298,0.49390298,0.9912696,0.10203058,0.10203058,1.0,1.4900216e-09,1.4603676e-08,-25.950665,2.1808367,0.7269456,0.15200001,0.0,0.13649617,14.12997,14.159969,1513600
hardzero_plus_depr__c0p54__z1p05__lam0p030__nu0p50__psi1p00,hardzero_plus_depr,0.02,38,473,0.0,1,0.49390298,0.49390298,1.007497,0.098288566,0.098288566,1.0,1.392953e-09,1.4172075e-08,-26.857525,2.2165375,0.7388458,0.2,0.0,0.15338364,14.159969,14.189969,1516800
hardzero_plus_depr__c0p54__z1p05__lam0p030__nu0p50__psi1p00,hardzero_plus_depr,0.02,38,474,0.0,1,0.49390298,0.49390298,1.0619843,0.0,0.08669932,0.0,0.0,1.37532306e-08,-27.710339,2.3364122,0.77880406,0.16000001,0.0,0.17657077,14.189969,14.219969,1520000
hardzero_plus_depr__c0p54__z1p05__lam0p030__nu0p50__psi1p00,hardzero_plus_depr,0.02,38,475,0.0,1,0.49390298,0.49390298,1.0275031,0.093863524,0.093863524,1.0,1.2527743e-09,1.3346764e-08,-27.075026,2.260552,0.7535173,0.16000001,0.008,0.15367042,14.219969,14.249969,1523200
hardzero_plus_depr__c0p54__z1p05__lam0p030__nu0p50__psi1p00,hardzero_plus_depr,0.02,38,476,0.0,1,0.49390298,0.49390298,1.0824733,0.0,0.08270403,0.0,0.0,1.295231e-08,-27.848467,2.3814888,0.7938296,0.16000001,0.0,0.16877775,14.249969,14.279968,1526400
hardzero_plus_depr__c0p54__z1p05__lam0p030__nu0p50__psi1p00,hardzero_plus_depr,0.02,38,477,0.0,1,0.49390298,0.49390298,1.0901829,0.0,0.08124883,0.0,0.0,1.2569517e-08,-28.31002,2.3984504,0.7994835,0.120000005,0.0,0.17151016,14.279968,14.309968,1529600
hardzero_plus_depr__c0p54__z1p05__lam0p030__nu0p50__psi1p00,hardzero_plus_depr,0.02,38,478,0.0,1,0.49390298,0.49390298,1.0879786,0.0,0.08166225,0.0,0.0,1.2198035e-08,-28.38455,2.3936007,0.79786694,0.096,0.0,0.14307411,14.309968,14.339968,1532800
hardzero_plus_depr__c0p54__z1p05__lam0p030__nu0p50__psi1p00,hardzero_plus_depr,0.02,38,479,0.0,1,0.49390298,0.49390298,1.066566,0.0,0.08578948,0.0,0.0,1.1837532e-08,-28.275309,2.346492,0.78216404,0.16000001,0.0,0.15300241,14.339968,14.369967,1536000
hardzero_plus_depr__c0p54__z1p05__lam0p030__nu0p50__psi1p00,hardzero_plus_depr,0.02,38,480,0.0,1,0.49390298,0.49390298,1.0566185,0.0,0.08777717,0.0,0.0,1.1487682e-08,-27.231663,2.3246071,0.7748691,0.14400001,0.0,0.15844838,14.369967,14.399967,1539200
hardzero_plus_depr__c0p54__z1p05__lam0p030__nu0p50__psi1p00,hardzero_plus_depr,0.02,38,481,0.0,1,0.49390298,0.49390298,1.0509231,0.0,0.08893586,0.0,0.0,1.1148172e-08,-27.283962,2.312077,0.77069235,0.13,0.0,0.16216008,14.399967,14.429967,1542400
hardzero_plus_depr__c0p54__z1p05__lam0p030__nu0p50__psi1p00,hardzero_plus_depr,0.02,38,482,0.0,1,0.49390298,0.49390298,1.0199125,0.09551849,0.09551849,1.0,1.0333856e-09,1.0818697e-08,-27.156872,2.2438521,0.74795073,0.128,0.0,0.1606339,14.429967,14.459967,1545600
hardzero_plus_depr__c0p54__z1p05__lam0p030__nu0p50__psi1p00,hardzero_plus_depr,0.02,38,483,0.0,1,0.49390298,0.49390298,1.0553533,0.0,0.088033244,0.0,0.0,1.0498959e-08,-28.073195,2.3218236,0.7739412,0.120000005,0.0,0.1451101,14.459967,14.489966,1548800
hardzero_plus_depr__c0p54__z1p05__lam0p030__nu0p50__psi1p00,hardzero_plus_depr,0.02,38,484,0.0,1,0.49390298,0.49390298,1.0358822,0.09206993,0.09206993,1.0,9.380701e-10,1.01886695e-08,-27.588701,2.2789865,0.75966215,0.17600001,0.0,0.1632145,14.489966,14.519966,1552000
hardzero_plus_depr__c0p54__z1p05__lam0p030__nu0p50__psi1p00,hardzero_plus_depr,0.02,38,485,0.0,1,0.49390298,0.49390298,1.0024751,0.0994317,0.0994317,1.0,9.831362e-10,9.887553e-09,-25.958693,2.2054894,0.73516315,0.14400001,0.0,0.13246873,14.519966,14.549966,1555200
hardzero_plus_depr__c0p54__z1p05__lam0p030__nu0p50__psi1p00,hardzero_plus_depr,0.02,38,486,0.0,1,0.49390298,0.49390298,1.0913622,0.0,0.08102849,0.0,0.0,9.595335e-09,-28.58123,2.4010448,0.8003483,0.2,0.0,0.17179075,14.549966,14.579966,1558400
hardzero_plus_depr__c0p54__z1p05__lam0p030__nu0p50__psi1p00,hardzero_plus_depr,0.02,38,487,0.0,1,0.49390298,0.49390298,1.0261135,0.094164334,0.094164334,1.0,8.768349e-10,9.311751e-09,-26.70396,2.257495,0.7524983,0.136,0.0,0.13212433,14.579966,14.609965,1561600
hardzero_plus_depr__c0p54__z1p05__lam0p030__nu0p50__psi1p00,hardzero_plus_depr,0.02,38,488,0.0,1,0.49390298,0.49390298,0.9927446,0.10168465,0.10168465,1.0,9.188785e-10,9.03655e-09,-26.720781,2.1840818,0.7280273,0.128,0.0,0.14276716,14.609965,14.639965,1564800
hardzero_plus_depr__c0p54__z1p05__lam0p030__nu0p50__psi1p00,hardzero_plus_depr,0.02,38,489,0.0,1,0.49390298,0.49390298,1.0722642,0.0,0.084671214,0.0,0.0,8.769482e-09,-27.316402,2.3590283,0.7863428,0.128,0.0,0.15784453,14.639965,14.669965,1568000
hardzero_plus_depr__c0p54__z1p05__lam0p030__nu0p50__psi1p00,hardzero_plus_depr,0.02,38,490,0.0,1,0.49390298,0.49390298,1.0346093,0.092340164,0.092340164,1.0,7.8584317e-10,8.510307e-09,-27.398853,2.276186,0.7587287,0.2,0.0,0.16270564,14.669965,14.699965,1571200
hardzero_plus_depr__c0p54__z1p05__lam0p030__nu0p50__psi1p00,hardzero_plus_depr,0.02,38,491,0.0,1,0.49390298,0.49390298,1.0786097,0.0,0.083443075,0.0,0.0,8.258792e-09,-26.956446,2.3729887,0.79099625,0.112,0.0,0.18829894,14.699965,14.729964,1574400
hardzero_plus_depr__c0p54__z1p05__lam0p030__nu0p50__psi1p00,hardzero_plus_depr,0.02,38,492,0.0,1,0.49390298,0.49390298,1.0201629,0.09546344,0.09546344,1.0,7.6511175e-10,8.01471e-09,-26.583775,2.2444034,0.7481345,0.17600001,0.0,0.16961288,14.729964,14.759964,1577600
hardzero_plus_depr__c0p54__z1p05__lam0p030__nu0p50__psi1p00,hardzero_plus_depr,0.02,38,493,0.0,1,0.49390298,0.49390298,1.0798937,0.0,0.08319673,0.0,0.0,7.7778415e-09,-28.570503,2.3758137,0.79193795,0.120000005,0.0,0.21471141,14.759964,14.789964,1580800
hardzero_plus_depr__c0p54__z1p05__lam0p030__nu0p50__psi1p00,hardzero_plus_depr,0.02,38,494,0.0,1,0.49390298,0.49390298,1.0516386,0.0,0.08878946,0.0,0.0,7.547973e-09,-27.56893,2.313651,0.77121705,0.19999999,0.0,0.1750254,14.789964,14.819963,1584000
hardzero_plus_depr__c0p54__z1p05__lam0p030__nu0p50__psi1p00,hardzero_plus_depr,0.02,38,495,0.0,1,0.49390298,0.49390298,1.0183278,0.09586768,0.09586768,1.0,7.0222106e-10,7.324899e-09,-27.365137,2.240366,0.7467887,0.17600001,0.0,0.16143982,14.819963,14.849963,1587200
hardzero_plus_depr__c0p54__z1p05__lam0p030__nu0p50__psi1p00,hardzero_plus_depr,0.02,38,496,0.0,1,0.49390298,0.49390298,1.0201776,0.09546021,0.09546021,1.0,6.78571e-10,7.108417e-09,-27.831646,2.2444355,0.7481452,0.08800001,0.0,0.14694072,14.849963,14.879963,1590400
hardzero_plus_depr__c0p54__z1p05__lam0p030__nu0p50__psi1p00,hardzero_plus_depr,0.02,38,497,0.0,1,0.49390298,0.49390298,1.051003,0.0,0.0889195,0.0,0.0,6.8983335e-09,-27.561113,2.3122528,0.77075094,0.17600001,0.0,0.16908152,14.879963,14.909963,1593600
hardzero_plus_depr__c0p54__z1p05__lam0p030__nu0p50__psi1p00,hardzero_plus_depr,0.02,38,498,0.0,1,0.49390298,0.49390298,1.0103152,0.09765283,0.09765283,1.0,6.537328e-10,6.6944583e-09,-26.540794,2.2227378,0.7409126,0.136,0.0,0.16231501,14.909963,14.939962,1596800
hardzero_plus_depr__c0p54__z1p05__lam0p030__nu0p50__psi1p00,hardzero_plus_depr,0.02,38,499,0.0,1,0.49390298,0.49390298,1.0409251,0.091007024,0.091007024,1.0,5.912371e-10,6.49661e-09,-27.872974,2.290081,0.7633604,0.096,0.0,0.18433833,14.939962,14.969962,1600000
hardzero_plus_depr__c0p54__z1p05__lam0p030__nu0p50__psi1p00,hardzero_plus_depr,0.02,38,500,0.0,1,0.49390298,0.49390298,0.98606384,0.103260964,0.103260964,1.0,6.5101985e-10,6.3046075e-09,-25.52152,2.1693838,0.72312796,0.14400001,0.0,0.13961072,14.969962,14.999962,1603200
hardzero_plus_depr__c0p54__z1p05__lam0p030__nu0p50__psi1p00,hardzero_plus_depr,0.02,38,501,0.0,1,0.49390298,0.49390298,1.03684,0.091867104,0.091867104,1.0,5.620686e-10,6.1182797e-09,-28.271774,2.2810934,0.7603645,0.216,0.0,0.16703539,14.999962,15.029962,1606400
hardzero_plus_depr__c0p54__z1p05__lam0p030__nu0p50__psi1p00,hardzero_plus_depr,0.02,38,502,0.0,1,0.49390298,0.49390298,1.0262012,0.09414532,0.09414532,1.0,5.589839e-10,5.9374585e-09,-27.86119,2.2576878,0.75256264,0.16000001,0.0,0.15195915,15.029962,15.059961,1609600
hardzero_plus_depr__c0p54__z1p05__lam0p030__nu0p50__psi1p00,hardzero_plus_depr,0.02,38,503,0.0,1,0.49390298,0.49390298,1.0178641,0.09597009,0.09597009,1.0,5.529779e-10,5.761982e-09,-26.69595,2.2393458,0.74644864,0.16000001,0.0,0.15964931,15.059961,15.089961,1612800
hardzero_plus_depr__c0p54__z1p05__lam0p030__nu0p50__psi1p00,hardzero_plus_depr,0.02,38,504,0.0,1,0.49390298,0.49390298,1.019101,0.095697135,0.095697135,1.0,5.351088e-10,5.591691e-09,-27.561451,2.242067,0.7473557,0.128,0.0,0.1453031,15.089961,15.119961,1616000
hardzero_plus_depr__c0p54__z1p05__lam0p030__nu0p50__psi1p00,hardzero_plus_depr,0.02,38,505,0.0,1,0.49390298,0.49390298,1.0388432,0.09144434,0.09144434,1.0,4.962166e-10,5.426433e-09,-27.796244,2.2855005,0.76183355,0.104,0.0,0.17546901,15.119961,15.1499605,1619200
hardzero_plus_depr__c0p54__z1p05__lam0p030__nu0p50__psi1p00,hardzero_plus_depr,0.02,38,506,0.0,1,0.49390298,0.49390298,1.112622,0.0,0.077157475,0.0,0.0,5.2660587e-09,-29.021471,2.4478173,0.8159391,0.16800001,0.0,0.17220113,15.1499605,15.17996,1622400
hardzero_plus_depr__c0p54__z1p05__lam0p030__nu0p50__psi1p00,hardzero_plus_depr,0.02,38,507,0.0,1,0.49390298,0.49390298,1.0903794,0.0,0.081212066,0.0,0.0,5.110425e-09,-29.22457,2.3988824,0.7996275,0.14999999,0.0,0.1929526,15.17996,15.20996,1625600
hardzero_plus_depr__c0p54__z1p05__lam0p030__nu0p50__psi1p00,hardzero_plus_depr,0.02,38,508,0.0,1,0.49390298,0.49390298,1.0413475,0.09091853,0.09091853,1.0,4.5090048e-10,4.9593902e-09,-27.565205,2.2910104,0.76367015,0.14400001,0.0,0.1782382,15.20996,15.23996,1628800
hardzero_plus_depr__c0p54__z1p05__lam0p030__nu0p50__psi1p00,hardzero_plus_depr,0.02,38,509,0.0,1,0.49390298,0.49390298,1.0496539,0.08919616,0.08919616,1.0,4.2928502e-10,4.8128195e-09,-27.703888,2.3092847,0.76976156,0.14400001,0.0,0.16942874,15.23996,15.269959,1632000
hardzero_plus_depr__c0p54__z1p05__lam0p030__nu0p50__psi1p00,hardzero_plus_depr,0.02,38,510,0.0,1,0.49390298,0.49390298,1.098043,0.0,0.07979157,0.0,0.0,4.6705804e-09,-28.408009,2.4157426,0.80524755,0.048,0.0,0.20905648,15.269959,15.299959,1635200
hardzero_plus_depr__c0p54__z1p05__lam0p030__nu0p50__psi1p00,hardzero_plus_depr,0.02,38,511,0.0,1,0.49390298,0.49390298,1.0924206,0.0,0.080831274,0.0,0.0,4.532545e-09,-28.012045,2.4033732,0.80112445,0.096,0.0,0.17164716,15.299959,15.329959,1638400
hardzero_plus_depr__c0p54__z1p05__lam0p030__nu0p50__psi1p00,hardzero_plus_depr,0.02,38,512,0.0,1,0.49390298,0.49390298,1.0793118,0.0,0.08330828,0.0,0.0,4.398589e-09,-27.778913,2.3745334,0.7915112,0.120000005,0.0,0.1672933,15.329959,15.359959,1641600
hardzero_plus_depr__c0p54__z1p05__lam0p030__nu0p50__psi1p00,hardzero_plus_depr,0.02,38,513,0.0,1,0.49390298,0.49390298,1.0246954,0.09447231,0.09447231,1.0,4.032638e-10,4.2685926e-09,-27.004198,2.254375,0.75145835,0.14400001,0.0,0.15059571,15.359959,15.389958,1644800
hardzero_plus_depr__c0p54__z1p05__lam0p030__nu0p50__psi1p00,hardzero_plus_depr,0.02,38,514,0.0,1,0.49390298,0.49390298,1.0672138,0.0,0.08566161,0.0,0.0,4.142438e-09,-27.926256,2.347917,0.782639,0.17600001,0.0,0.17535526,15.389958,15.419958,1648000
hardzero_plus_depr__c0p54__z1p05__lam0p030__nu0p50__psi1p00,hardzero_plus_depr,0.02,38,515,0.0,1,0.49390298,0.49390298,1.0361128,0.092021056,0.092021056,1.0,3.6992565e-10,4.020011e-09,-27.588154,2.2794936,0.7598312,0.16000001,0.0,0.18628041,15.419958,15.449958,1651200
hardzero_plus_depr__c0p54__z1p05__lam0p030__nu0p50__psi1p00,hardzero_plus_depr,0.02,38,516,0.0,1,0.49390298,0.49390298,1.0390363,0.09140369,0.09140369,1.0,3.5658435e-10,3.901203e-09,-27.751295,2.2859254,0.76197517,0.128,0.0,0.15851733,15.449958,15.479958,1654400
hardzero_plus_depr__c0p54__z1p05__lam0p030__nu0p50__psi1p00,hardzero_plus_depr,0.02,38,517,0.0,1,0.49390298,0.49390298,1.0508717,0.0,0.08894638,0.0,0.0,3.7859063e-09,-27.653646,2.311964,0.7706547,0.096,0.0,0.14285667,15.479958,15.509957,1657600
hardzero_plus_depr__c0p54__z1p05__lam0p030__nu0p50__psi1p00,hardzero_plus_depr,0.02,38,518,0.0,1,0.49390298,0.49390298,1.1075807,0.0,0.07805835,0.0,0.0,3.6740166e-09,-28.624054,2.436726,0.81224203,0.104,0.0,0.1814043,15.509957,15.539957,1660800
hardzero_plus_depr__c0p54__z1p05__lam0p030__nu0p50__psi1p00,hardzero_plus_depr,0.02,38,519,0.0,1,0.49390298,0.49390298,1.1019744,0.0,0.07907253,0.0,0.0,3.5654337e-09,-28.145033,2.424392,0.8081307,0.14400001,0.0,0.18036403,15.539957,15.569957,1664000
hardzero_plus_depr__c0p54__z1p05__lam0p030__nu0p50__psi1p00,hardzero_plus_depr,0.02,38,520,0.0,1,0.49390298,0.49390298,1.0340774,0.09245333,0.09245333,1.0,3.198941e-10,3.4600605e-09,-27.825546,2.2750156,0.7583386,0.17,0.0,0.20111574,15.569957,15.5999565,1667200
hardzero_plus_depr__c0p54__z1p05__lam0p030__nu0p50__psi1p00,hardzero_plus_depr,0.02,38,521,0.0,1,0.49390298,0.49390298,1.1349809,0.0,0.07328566,0.0,0.0,3.3578011e-09,-29.110653,2.4970078,0.83233595,0.08800001,0.0,0.18756488,15.5999565,15.629956,1670400
hardzero_plus_depr__c0p54__z1p05__lam0p030__nu0p50__psi1p00,hardzero_plus_depr,0.02,38,522,0.0,1,0.49390298,0.49390298,1.0538954,0.0,0.08832928,0.0,0.0,3.258564e-09,-28.11758,2.3186162,0.7728721,0.15200001,0.0,0.1911719,15.629956,15.659956,1673600
hardzero_plus_depr__c0p54__z1p05__lam0p030__nu0p50__psi1p00,hardzero_plus_depr,0.02,38,523,0.0,1,0.49390298,0.49390298,1.0102733,0.09766223,0.09766223,1.0,3.0883332e-10,3.1622596e-09,-26.271202,2.2226458,0.7408819,0.16000001,0.0,0.17221043,15.659956,15.689956,1676800
hardzero_plus_depr__c0p54__z1p05__lam0p030__nu0p50__psi1p00,hardzero_plus_depr,0.02,38,524,0.0,1,0.49390298,0.49390298,1.0488213,0.0893673,0.0893673,1.0,2.742505e-10,3.0688017e-09,-27.626059,2.307453,0.769151,0.208,0.0,0.16616248,15.689956,15.719955,1680000
hardzero_plus_depr__c0p54__z1p05__lam0p030__nu0p50__psi1p00,hardzero_plus_depr,0.02,38,525,0.0,1,0.49390298,0.49390298,0.9962141,0.100875534,0.100875534,1.0,3.0041797e-10,2.9781053e-09,-26.929712,2.1917148,0.7305716,0.15200001,0.0,0.17468287,15.719955,15.749955,1683200
hardzero_plus_depr__c0p54__z1p05__lam0p030__nu0p50__psi1p00,hardzero_plus_depr,0.02,38,526,0.0,1,0.49390298,0.49390298,1.036226,0.09199706,0.09199706,1.0,2.6587976e-10,2.89009e-09,-27.35975,2.2797427,0.7599143,0.14400001,0.0,0.1623643,15.749955,15.779955,1686400
hardzero_plus_depr__c0p54__z1p05__lam0p030__nu0p50__psi1p00,hardzero_plus_depr,0.02,38,527,0.0,1,0.49390298,0.49390298,1.0367233,0.091891795,0.091891795,1.0,2.5772667e-10,2.8046756e-09,-27.54843,2.2808366,0.7602789,0.18400002,0.0,0.13788109,15.779955,15.809955,1689600
hardzero_plus_depr__c0p54__z1p05__lam0p030__nu0p50__psi1p00,hardzero_plus_depr,0.02,38,528,0.0,1,0.49390298,0.49390298,1.0432332,0.090524636,0.090524636,1.0,2.463887e-10,2.721786e-09,-27.342854,2.2951589,0.765053,0.16800001,0.0,0.18572724,15.809955,15.839954,1692800
hardzero_plus_depr__c0p54__z1p05__lam0p030__nu0p50__psi1p00,hardzero_plus_depr,0.02,38,529,0.0,1,0.49390298,0.49390298,1.0667475,0.0,0.085753605,0.0,0.0,2.6413456e-09,-27.800184,2.3468914,0.78229713,0.128,0.0,0.13958848,15.839954,15.869954,1696000
hardzero_plus_depr__c0p54__z1p05__lam0p030__nu0p50__psi1p00,hardzero_plus_depr,0.02,38,530,0.0,1,0.49390298,0.49390298,1.011669,0.09734887,0.09734887,1.0,2.4953264e-10,2.5632825e-09,-26.81605,2.2257164,0.74190545,0.136,0.008,0.13687162,15.869954,15.899954,1699200
hardzero_plus_depr__c0p54__z1p05__lam0p030__nu0p50__psi1p00,hardzero_plus_depr,0.02,38,531,0.0,1,0.49390298,0.49390298,1.0447264,0.090213925,0.090213925,1.0,2.2440956e-10,2.4875269e-09,-27.56567,2.298444,0.76614803,0.14400001,0.0,0.17437802,15.899954,15.929954,1702400
hardzero_plus_depr__c0p54__z1p05__lam0p030__nu0p50__psi1p00,hardzero_plus_depr,0.02,38,532,0.0,1,0.49390298,0.49390298,1.0079749,0.09818048,0.09818048,1.0,2.3700866e-10,2.4140099e-09,-26.8318,2.217589,0.7391963,0.112,0.0,0.17006107,15.929954,15.959953,1705600
hardzero_plus_depr__c0p54__z1p05__lam0p030__nu0p50__psi1p00,hardzero_plus_depr,0.02,38,533,0.0,1,0.49390298,0.49390298,1.0676641,0.0,0.08557282,0.0,0.0,2.3426658e-09,-28.508276,2.348908,0.78296936,0.089999996,0.0,0.15481602,15.959953,15.989953,1708800
hardzero_plus_depr__c0p54__z1p05__lam0p030__nu0p50__psi1p00,hardzero_plus_depr,0.02,38,534,0.0,1,0.49390298,0.49390298,1.0614297,0.0,0.08681009,0.0,0.0,2.27343e-09,-27.848423,2.335192,0.7783973,0.15200001,0.0,0.18741664,15.989953,16.019953,1712000
hardzero_plus_depr__c0p54__z1p05__lam0p030__nu0p50__psi1p00,hardzero_plus_depr,0.02,38,535,0.0,1,0.49390298,0.49390298,1.1297749,0.0,0.07416945,0.0,0.0,2.2062407e-09,-28.932463,2.4855545,0.82851815,0.112,0.0,0.17298381,16.019953,16.049953,1715200
hardzero_plus_depr__c0p54__z1p05__lam0p030__nu0p50__psi1p00,hardzero_plus_depr,0.02,38,536,0.0,1,0.49390298,0.49390298,1.0027477,0.099369325,0.099369325,1.0,2.1275319e-10,2.141035e-09,-25.682695,2.206089,0.735363,0.136,0.0,0.1717544,16.049953,16.079954,1718400
hardzero_plus_depr__c0p54__z1p05__lam0p030__nu0p50__psi1p00,hardzero_plus_depr,0.02,38,537,0.0,1,0.49390298,0.49390298,0.9906699,0.10217158,0.10217158,1.0,2.1228765e-10,2.0777564e-09,-26.334335,2.1795173,0.72650576,0.2,0.0,0.1457821,16.079954,16.109955,1721600
hardzero_plus_depr__c0p54__z1p05__lam0p030__nu0p50__psi1p00,hardzero_plus_depr,0.02,38,538,0.0,1,0.49390298,0.49390298,1.0177591,0.09599329,0.09599329,1.0,1.935559e-10,2.0163482e-09,-27.126041,2.2391148,0.7463716,0.15200001,0.0,0.16874312,16.109955,16.139956,1724800
hardzero_plus_depr__c0p54__z1p05__lam0p030__nu0p50__psi1p00,hardzero_plus_depr,0.02,38,539,0.0,1,0.49390298,0.49390298,1.0495878,0.089209706,0.089209706,1.0,1.7456149e-10,1.9567545e-09,-27.101599,2.3091393,0.7697131,0.128,0.0,0.15928245,16.139956,16.169956,1728000
hardzero_plus_depr__c0p54__z1p05__lam0p030__nu0p50__psi1p00,hardzero_plus_depr,0.02,38,540,0.0,1,0.49390298,0.49390298,1.0115267,0.09738079,0.09738079,1.0,1.8491858e-10,1.8989226e-09,-27.033915,2.2254033,0.74180114,0.15200001,0.0,0.14948949,16.169956,16.199957,1731200
hardzero_plus_depr__c0p54__z1p05__lam0p030__nu0p50__psi1p00,hardzero_plus_depr,0.02,38,541,0.0,1,0.49390298,0.49390298,1.0214434,0.09518238,0.09518238,1.0,1.7540204e-10,1.8427995e-09,-27.01359,2.2472203,0.74907345,0.128,0.0,0.16451411,16.199957,16.229958,1734400
hardzero_plus_depr__c0p54__z1p05__lam0p030__nu0p50__psi1p00,hardzero_plus_depr,0.02,38,542,0.0,1,0.49390298,0.49390298,1.0460352,0.08994247,0.08994247,1.0,1.608473e-10,1.7883354e-09,-27.247753,2.3013234,0.76710784,0.192,0.0,0.16133423,16.229958,16.259958,1737600
hardzero_plus_depr__c0p54__z1p05__lam0p030__nu0p50__psi1p00,hardzero_plus_depr,0.02,38,543,0.0,1,0.49390298,0.49390298,1.0866294,0.0,0.081916355,0.0,0.0,1.735481e-09,-28.518002,2.3906324,0.7968775,0.18400002,0.0,0.17904851,16.259958,16.289959,1740800
hardzero_plus_depr__c0p54__z1p05__lam0p030__nu0p50__psi1p00,hardzero_plus_depr,0.02,38,544,0.0,1,0.49390298,0.49390298,1.0243326,0.09455127,0.09455127,1.0,1.5924216e-10,1.6841885e-09,-27.407646,2.2535768,0.7511923,0.14400001,0.0,0.15618193,16.289959,16.31996,1744000
hardzero_plus_depr__c0p54__z1p05__lam0p030__nu0p50__psi1p00,hardzero_plus_depr,0.02,38,545,0.0,1,0.49390298,0.49390298,1.0952829,0.0,0.08030028,0.0,0.0,1.6344119e-09,-28.452042,2.4096706,0.80322355,0.112,0.0,0.17415152,16.31996,16.34996,1747200
hardzero_plus_depr__c0p54__z1p05__lam0p030__nu0p50__psi1p00,hardzero_plus_depr,0.02,38,546,0.0,1,0.49390298,0.49390298,1.0432258,0.09052619,0.09052619,1.0,1.4358421e-10,1.5861068e-09,-27.211296,2.2951424,0.7650475,0.099999994,0.0,0.18461847,16.34996,16.379961,1750400
hardzero_plus_depr__c0p54__z1p05__lam0p030__nu0p50__psi1p00,hardzero_plus_depr,0.02,38,547,0.0,1,0.49390298,0.49390298,1.0805457,0.0,0.08307193,0.0,0.0,1.5392294e-09,-28.669964,2.377248,0.79241604,0.16000001,0.0,0.16694605,16.379961,16.409962,1753600
hardzero_plus_depr__c0p54__z1p05__lam0p030__nu0p50__psi1p00,hardzero_plus_depr,0.02,38,548,0.0,1,0.49390298,0.49390298,1.0555636,0.0,0.08799062,0.0,0.0,1.4937371e-09,-27.658876,2.3222861,0.7740954,0.104,0.008,0.15961227,16.409962,16.439962,1756800
hardzero_plus_depr__c0p54__z1p05__lam0p030__nu0p50__psi1p00,hardzero_plus_depr,0.02,38,549,0.0,1,0.49390298,0.49390298,1.0458512,0.08998059,0.08998059,1.0,1.3043493e-10,1.4495896e-09,-27.331846,2.3009186,0.7669729,0.16000001,0.0,0.15200257,16.439962,16.469963,1760000
hardzero_plus_depr__c0p54__z1p05__lam0p030__nu0p50__psi1p00,hardzero_plus_depr,0.02,38,550,0.0,1,0.49390298,0.49390298,1.0170696,0.096145816,0.096145816,1.0,1.3525281e-10,1.4067467e-09,-26.400755,2.2375977,0.74586594,0.136,0.0,0.15936409,16.469963,16.499964,1763200
hardzero_plus_depr__c0p54__z1p05__lam0p030__nu0p50__psi1p00,hardzero_plus_depr,0.02,38,551,0.0,1,0.49390298,0.49390298,1.0139341,0.096842475,0.096842475,1.0,1.3220645e-10,1.3651701e-09,-27.148928,2.2306995,0.7435665,0.128,0.0,0.14921317,16.499964,16.529964,1766400
hardzero_plus_depr__c0p54__z1p05__lam0p030__nu0p50__psi1p00,hardzero_plus_depr,0.02,38,552,0.0,1,0.49390298,0.49390298,1.0879388,0.0,0.08166975,0.0,0.0,1.3248224e-09,-28.581398,2.3935132,0.79783773,0.17600001,0.0,0.18178187,16.529964,16.559965,1769600
hardzero_plus_depr__c0p54__z1p05__lam0p030__nu0p50__psi1p00,hardzero_plus_depr,0.02,38,553,0.0,1,0.49390298,0.49390298,1.0791816,0.0,0.08333327,0.0,0.0,1.2856669e-09,-28.302063,2.3742468,0.79141563,0.08800001,0.0,0.14916709,16.559965,16.589966,1772800
hardzero_plus_depr__c0p54__z1p05__lam0p030__nu0p50__psi1p00,hardzero_plus_depr,0.02,38,554,0.0,1,0.49390298,0.49390298,1.076836,0.0,0.083784565,0.0,0.0,1.247669e-09,-28.777178,2.3690865,0.7896955,0.112,0.0,0.20211309,16.589966,16.619967,1776000
hardzero_plus_depr__c0p54__z1p05__lam0p030__nu0p50__psi1p00,hardzero_plus_depr,0.02,38,555,0.0,1,0.49390298,0.49390298,1.0588237,0.0,0.08733258,0.0,0.0,1.2107939e-09,-26.910938,2.3294587,0.7764863,0.096,0.0,0.16500583,16.619967,16.649967,1779200
hardzero_plus_depr__c0p54__z1p05__lam0p030__nu0p50__psi1p00,hardzero_plus_depr,0.02,38,556,0.0,1,0.49390298,0.49390298,1.00888,0.09797606,0.09797606,1.0,1.15122724e-10,1.1750088e-09,-26.552511,2.2195804,0.7398602,0.18400002,0.0,0.15799628,16.649967,16.679968,1782400
hardzero_plus_depr__c0p54__z1p05__lam0p030__nu0p50__psi1p00,hardzero_plus_depr,0.02,38,557,0.0,1,0.49390298,0.49390298,0.98376447,0.10380913,0.10380913,1.0,1.1837162e-10,1.1402813e-09,-27.37079,2.164325,0.7214417,0.2,0.0,0.17398803,16.679968,16.709969,1785600
hardzero_plus_depr__c0p54__z1p05__lam0p030__nu0p50__psi1p00,hardzero_plus_depr,0.02,38,558,0.0,1,0.49390298,0.49390298,1.0078921,0.09819918,0.09819918,1.0,1.08665264e-10,1.1065802e-09,-27.105185,2.217407,0.7391357,0.208,0.0,0.14628041,16.709969,16.73997,1788800
hardzero_plus_depr__c0p54__z1p05__lam0p030__nu0p50__psi1p00,hardzero_plus_depr,0.02,38,559,0.0,1,0.49390298,0.49390298,1.0677323,0.0,0.0855594,0.0,0.0,1.073875e-09,-27.248693,2.349058,0.7830193,0.13,0.0,0.18573011,16.73997,16.76997,1792000
hardzero_plus_depr__c0p54__z1p05__lam0p030__nu0p50__psi1p00,hardzero_plus_depr,0.02,38,560,0.0,1,0.49390298,0.49390298,1.0353445,0.09218399,0.09218399,1.0,9.60683e-11,1.0421365e-09,-28.136326,2.2778034,0.7592678,0.208,0.0,0.20225598,16.76997,16.79997,1795200
hardzero_plus_depr__c0p54__z1p05__lam0p030__nu0p50__psi1p00,hardzero_plus_depr,0.02,38,561,0.0,1,0.49390298,0.49390298,1.0495727,0.08921283,0.08921283,1.0,9.022415e-11,1.011336e-09,-27.342169,2.309106,0.7697021,0.16000001,0.0,0.14913067,16.79997,16.829971,1798400
hardzero_plus_depr__c0p54__z1p05__lam0p030__nu0p50__psi1p00,hardzero_plus_depr,0.02,38,562,0.0,1,0.49390298,0.49390298,1.081691,0.0,0.08285313,0.0,0.0,9.814458e-10,-28.531199,2.379768,0.793256,0.14400001,0.0,0.18362094,16.829971,16.859972,1801600
hardzero_plus_depr__c0p54__z1p05__lam0p030__nu0p50__psi1p00,hardzero_plus_depr,0.02,38,563,0.0,1,0.49390298,0.49390298,1.0718322,0.0,0.08475547,0.0,0.0,9.524391e-10,-29.038961,2.3580778,0.78602594,0.16800001,0.0,0.19199415,16.859972,16.889973,1804800
hardzero_plus_depr__c0p54__z1p05__lam0p030__nu0p50__psi1p00,hardzero_plus_depr,0.02,38,564,0.0,1,0.49390298,0.49390298,1.010271,0.09766277,0.09766277,1.0,9.026868e-11,9.242896e-10,-27.061468,2.2226405,0.7408802,0.17600001,0.0,0.17654121,16.889973,16.919973,1808000
hardzero_plus_depr__c0p54__z1p05__lam0p030__nu0p50__psi1p00,hardzero_plus_depr,0.02,38,565,0.0,1,0.49390298,0.49390298,1.0839062,0.0,0.08243162,0.0,0.0,8.9697205e-10,-28.311169,2.3846412,0.7948804,0.08800001,0.0,0.19807322,16.919973,16.949974,1811200
hardzero_plus_depr__c0p54__z1p05__lam0p030__nu0p50__psi1p00,hardzero_plus_depr,0.02,38,566,0.0,1,0.49390298,0.49390298,1.0278534,0.09378785,0.09378785,1.0,8.163875e-11,8.704619e-10,-26.867386,2.2613225,0.75377417,0.136,0.0,0.15435338,16.949974,16.979975,1814400
hardzero_plus_depr__c0p54__z1p05__lam0p030__nu0p50__psi1p00,hardzero_plus_depr,0.02,38,567,0.0,1,0.49390298,0.49390298,1.0762179,0.0,0.08390389,0.0,0.0,8.4473534e-10,-28.047451,2.3677266,0.7892422,0.16800001,0.0,0.15628792,16.979975,17.009975,1817600
hardzero_plus_depr__c0p54__z1p05__lam0p030__nu0p50__psi1p00,hardzero_plus_depr,0.02,38,568,0.0,1,0.49390298,0.49390298,1.0460821,0.08993276,0.08993276,1.0,7.3724096e-11,8.1976903e-10,-27.634907,2.3014266,0.76714224,0.16800001,0.0,0.17835209,17.009975,17.039976,1820800
hardzero_plus_depr__c0p54__z1p05__lam0p030__nu0p50__psi1p00,hardzero_plus_depr,0.02,38,569,0.0,1,0.49390298,0.49390298,1.0579762,0.0,0.08750315,0.0,0.0,7.955407e-10,-28.020193,2.3275943,0.7758648,0.128,0.0,0.15434104,17.039976,17.069977,1824000
hardzero_plus_depr__c0p54__z1p05__lam0p030__nu0p50__psi1p00,hardzero_plus_depr,0.02,38,570,0.0,1,0.49390298,0.49390298,1.0173867,0.09607565,0.09607565,1.0,7.417312e-11,7.7202833e-10,-25.891634,2.2382953,0.74609846,0.14400001,0.0,0.15604869,17.069977,17.099977,1827200
hardzero_plus_depr__c0p54__z1p05__lam0p030__nu0p50__psi1p00,hardzero_plus_depr,0.02,38,571,0.0,1,0.49390298,0.49390298,0.9561511,0.110623874,0.110623874,1.0,8.288062e-11,7.4921097e-10,-25.572496,2.1035745,0.70119154,0.24800001,0.0,0.14500612,17.099977,17.129978,1830400
hardzero_plus_depr__c0p54__z1p05__lam0p030__nu0p50__psi1p00,hardzero_plus_depr,0.02,38,572,0.0,1,0.49390298,0.49390298,1.024082,0.09460586,0.09460586,1.0,6.8784894e-11,7.2706796e-10,-27.64434,2.2530253,0.75100845,0.12,0.0,0.20163968,17.129978,17.159979,1833600
hardzero_plus_depr__c0p54__z1p05__lam0p030__nu0p50__psi1p00,hardzero_plus_depr,0.02,38,573,0.0,1,0.49390298,0.49390298,1.0309979,0.09311125,0.09311125,1.0,6.569738e-11,7.055794e-10,-27.040047,2.2682407,0.75608027,0.208,0.0,0.15188897,17.159979,17.18998,1836800
hardzero_plus_depr__c0p54__z1p05__lam0p030__nu0p50__psi1p00,hardzero_plus_depr,0.02,38,574,0.0,1,0.49390298,0.49390298,1.0074604,0.09829686,0.09829686,1.0,6.7306404e-11,6.847259e-10,-27.605713,2.2164571,0.73881906,0.2,0.0,0.18141778,17.18998,17.21998,1840000
hardzero_plus_depr__c0p54__z1p05__lam0p030__nu0p50__psi1p00,hardzero_plus_depr,0.02,38,575,0.0,1,0.49390298,0.49390298,1.0652641,0.0,0.08604703,0.0,0.0,6.644887e-10,-27.77019,2.343628,0.78120935,0.14400001,0.0,0.16490935,17.21998,17.24998,1843200
hardzero_plus_depr__c0p54__z1p05__lam0p030__nu0p50__psi1p00,hardzero_plus_depr,0.02,38,576,0.0,1,0.49390298,0.49390298,1.0010878,0.09974983,0.09974983,1.0,6.4323644e-11,6.448496e-10,-26.498228,2.2024372,0.73414576,0.208,0.0,0.17075492,17.24998,17.279982,1846400
hardzero_plus_depr__c0p54__z1p05__lam0p030__nu0p50__psi1p00,hardzero_plus_depr,0.02,38,577,0.0,1,0.49390298,0.49390298,1.0470588,0.089730725,0.089730725,1.0,5.6152676e-11,6.25791e-10,-28.682598,2.3035753,0.76785845,0.216,0.0,0.16505083,17.279982,17.309982,1849600
hardzero_plus_depr__c0p54__z1p05__lam0p030__nu0p50__psi1p00,hardzero_plus_depr,0.02,38,578,0.0,1,0.49390298,0.49390298,1.0773984,0.0,0.08367612,0.0,0.0,6.0729566e-10,-28.104946,2.370324,0.79010797,0.120000005,0.0,0.19646607,17.309982,17.339983,1852800
hardzero_plus_depr__c0p54__z1p05__lam0p030__nu0p50__psi1p00,hardzero_plus_depr,0.02,38,579,0.0,1,0.49390298,0.49390298,0.99646324,0.10081769,0.10081769,1.0,5.94166e-11,5.8934696e-10,-25.990026,2.192263,0.7307543,0.15200001,0.0,0.16345637,17.339983,17.369984,1856000
hardzero_plus_depr__c0p54__z1p05__lam0p030__nu0p50__psi1p00,hardzero_plus_depr,0.02,38,580,0.0,1,0.49390298,0.49390298,1.0224615,0.094959505,0.094959505,1.0,5.431007e-11,5.719287e-10,-27.354769,2.2494602,0.7498201,0.2,0.0,0.1549292,17.369984,17.399984,1859200
hardzero_plus_depr__c0p54__z1p05__lam0p030__nu0p50__psi1p00,hardzero_plus_depr,0.02,38,581,0.0,1,0.49390298,0.49390298,1.0857977,0.0,0.082073376,0.0,0.0,5.550253e-10,-28.18554,2.3888025,0.7962675,0.120000005,0.0,0.17602624,17.399984,17.429985,1862400
hardzero_plus_depr__c0p54__z1p05__lam0p030__nu0p50__psi1p00,hardzero_plus_depr,0.02,38,582,0.0,1,0.49390298,0.49390298,1.0059383,0.09864198,0.09864198,1.0,5.313068e-11,5.386214e-10,-26.48134,2.2131085,0.73770285,0.16000001,0.0,0.14889064,17.429985,17.459986,1865600
hardzero_plus_depr__c0p54__z1p05__lam0p030__nu0p50__psi1p00,hardzero_plus_depr,0.02,38,583,0.0,1,0.49390298,0.49390298,0.98324686,0.1039329,0.1039329,1.0,5.432598e-11,5.2270244e-10,-26.022673,2.1631863,0.7210621,0.16000001,0.0,0.12620312,17.459986,17.489986,1868800
hardzero_plus_depr__c0p54__z1p05__lam0p030__nu0p50__psi1p00,hardzero_plus_depr,0.02,38,584,0.0,1,0.49390298,0.49390298,1.0334926,0.09257791,0.09257791,1.0,4.696051e-11,5.072539e-10,-27.520582,2.273729,0.7579097,0.16800001,0.0,0.1832156,17.489986,17.519987,1872000
hardzero_plus_depr__c0p54__z1p05__lam0p030__nu0p50__psi1p00,hardzero_plus_depr,0.02,38,585,0.0,1,0.49390298,0.49390298,1.0320538,0.092885114,0.092885114,1.0,4.5723807e-11,4.9226195e-10,-28.034092,2.2705638,0.75685465,0.089999996,0.0,0.16597211,17.519987,17.549988,1875200
hardzero_plus_depr__c0p54__z1p05__lam0p030__nu0p50__psi1p00,hardzero_plus_depr,0.02,38,586,0.0,1,0.49390298,0.49390298,1.0450553,0.09014564,0.09014564,1.0,4.3063754e-11,4.777131e-10,-27.085758,2.2991676,0.76638925,0.192,0.0,0.1573252,17.549988,17.579988,1878400
hardzero_plus_depr__c0p54__z1p05__lam0p030__nu0p50__psi1p00,hardzero_plus_depr,0.02,38,587,0.0,1,0.49390298,0.49390298,0.99668276,0.10076674,0.10076674,1.0,4.6714875e-11,4.635942e-10,-27.300468,2.192746,0.7309153,0.16000001,0.0,0.17538203,17.579988,17.60999,1881600
hardzero_plus_depr__c0p54__z1p05__lam0p030__nu0p50__psi1p00,hardzero_plus_depr,0.02,38,588,0.0,1,0.49390298,0.49390298,1.0220225,0.095055565,0.095055565,1.0,4.27648e-11,4.4989262e-10,-27.106,2.2484944,0.7494981,0.120000005,0.0,0.16646641,17.60999,17.63999,1884800
hardzero_plus_depr__c0p54__z1p05__lam0p030__nu0p50__psi1p00,hardzero_plus_depr,0.02,38,589,0.0,1,0.49390298,0.49390298,1.0222222,0.09501186,0.09501186,1.0,4.1481797e-11,4.3659598e-10,-26.201593,2.2489336,0.7496445,0.16000001,0.0,0.15984069,17.63999,17.66999,1888000
hardzero_plus_depr__c0p54__z1p05__lam0p030__nu0p50__psi1p00,hardzero_plus_depr,0.02,38,590,0.0,1,0.49390298,0.49390298,1.0402272,0.091153376,0.091153376,1.0,3.8620985e-11,4.2369233e-10,-28.77737,2.2885456,0.76284856,0.15200001,0.0,0.1754201,17.66999,17.699991,1891200
hardzero_plus_depr__c0p54__z1p05__lam0p030__nu0p50__psi1p00,hardzero_plus_depr,0.02,38,591,0.0,1,0.49390298,0.49390298,1.0806415,0.0,0.0830536,0.0,0.0,4.1117004e-10,-28.62893,2.3774588,0.7924863,0.136,0.0,0.17760716,17.699991,17.729992,1894400
hardzero_plus_depr__c0p54__z1p05__lam0p030__nu0p50__psi1p00,hardzero_plus_depr,0.02,38,592,0.0,1,0.49390298,0.49390298,1.059091,0.0,0.08727886,0.0,0.0,3.9901787e-10,-27.972708,2.3300467,0.77668226,0.112,0.0,0.16287847,17.729992,17.759993,1897600
hardzero_plus_depr__c0p54__z1p05__lam0p030__nu0p50__psi1p00,hardzero_plus_depr,0.02,38,593,0.0,1,0.49390298,0.49390298,1.0825477,0.0,0.082689874,0.0,0.0,3.872248e-10,-27.940273,2.3816524,0.79388416,0.128,0.0,0.17020978,17.759993,17.789993,1900800
hardzero_plus_depr__c0p54__z1p05__lam0p030__nu0p50__psi1p00,hardzero_plus_depr,0.02,38,594,0.0,1,0.49390298,0.49390298,1.0792202,0.0,0.083325855,0.0,0.0,3.7578035e-10,-28.083323,2.3743317,0.79144394,0.120000005,0.0,0.18531442,17.789993,17.819994,1904000
hardzero_plus_depr__c0p54__z1p05__lam0p030__nu0p50__psi1p00,hardzero_plus_depr,0.02,38,595,0.0,1,0.49390298,0.49390298,1.0172553,0.09610472,0.09610472,1.0,3.5046903e-11,3.6467412e-10,-27.161398,2.2380064,0.74600214,0.136,0.0,0.17281078,17.819994,17.849995,1907200
hardzero_plus_depr__c0p54__z1p05__lam0p030__nu0p50__psi1p00,hardzero_plus_depr,0.02,38,596,0.0,1,0.49390298,0.49390298,1.0666845,0.0,0.085766055,0.0,0.0,3.5389613e-10,-28.108316,2.3467526,0.7822509,0.192,0.0,0.16476317,17.849995,17.879995,1910400
hardzero_plus_depr__c0p54__z1p05__lam0p030__nu0p50__psi1p00,hardzero_plus_depr,0.02,38,597,0.0,1,0.49390298,0.49390298,1.0620427,0.0,0.08668765,0.0,0.0,3.4343667e-10,-28.071918,2.3365407,0.7788469,0.14400001,0.0,0.18394555,17.879995,17.909996,1913600
hardzero_plus_depr__c0p54__z1p05__lam0p030__nu0p50__psi1p00,hardzero_plus_depr,0.02,38,598,0.0,1,0.49390298,0.49390298,1.0254269,0.09431334,0.09431334,1.0,3.143335e-11,3.3328634e-10,-26.978712,2.255984,0.7519947,0.099999994,0.0,0.13724492,17.909996,17.939997,1916800
hardzero_plus_depr__c0p54__z1p05__lam0p030__nu0p50__psi1p00,hardzero_plus_depr,0.02,38,599,0.0,1,0.49390298,0.49390298,1.030779,0.09315817,0.09315817,1.0,3.013071e-11,3.2343606e-10,-27.40958,2.267759,0.7559197,0.192,0.0,0.14997014,17.939997,17.969997,1920000
hardzero_plus_depr__c0p54__z1p05__lam0p030__nu0p50__psi1p00,hardzero_plus_depr,0.02,38,600,0.0,1,0.49390298,0.49390298,1.036749,0.09188636,0.09188636,1.0,2.8840999e-11,3.1387684e-10,-27.531223,2.2808933,0.7602978,0.192,0.0,0.15877062,17.969997,17.999998,1923200
hardzero_plus_depr__c0p54__z1p05__lam0p030__nu0p50__psi1p00,hardzero_plus_depr,0.02,38,601,0.0,1,0.49390298,0.49390298,1.0566392,0.0,0.087772965,0.0,0.0,3.0460018e-10,-28.798878,2.3246527,0.7748842,0.16000001,0.0,0.17175218,17.999998,18.029999,1926400
hardzero_plus_depr__c0p54__z1p05__lam0p030__nu0p50__psi1p00,hardzero_plus_depr,0.02,38,602,0.0,1,0.49390298,0.49390298,0.98831177,0.10272785,0.10272785,1.0,3.0366112e-11,2.9559766e-10,-26.754154,2.1743293,0.72477645,0.16000001,0.0,0.1388937,18.029999,18.06,1929600
hardzero_plus_depr__c0p54__z1p05__lam0p030__nu0p50__psi1p00,hardzero_plus_depr,0.02,38,603,0.0,1,0.49390298,0.49390298,1.0305886,0.09319902,0.09319902,1.0,2.6735189e-11,2.8686126e-10,-26.785368,2.2673402,0.7557801,0.16000001,0.0,0.16348803,18.06,18.09,1932800
hardzero_plus_depr__c0p54__z1p05__lam0p030__nu0p50__psi1p00,hardzero_plus_depr,0.02,38,604,0.0,1,0.49390298,0.49390298,1.0560822,0.0,0.087885596,0.0,0.0,2.7838304e-10,-28.03679,2.3234274,0.7744758,0.17600001,0.0,0.16042681,18.09,18.12,1936000
hardzero_plus_depr__c0p54__z1p05__lam0p030__nu0p50__psi1p00,hardzero_plus_depr,0.02,38,605,0.0,1,0.49390298,0.49390298,1.0244344,0.0945291,0.0945291,1.0,2.5537544e-11,2.7015537e-10,-27.969587,2.2538009,0.75126696,0.14400001,0.0,0.15165396,18.12,18.150002,1939200
hardzero_plus_depr__c0p54__z1p05__lam0p030__nu0p50__psi1p00,hardzero_plus_depr,0.02,38,606,0.0,1,0.49390298,0.49390298,1.0695091,0.0,0.08521006,0.0,0.0,2.621709e-10,-27.313437,2.352967,0.7843224,0.18400002,0.0,0.15136664,18.150002,18.180002,1942400
hardzero_plus_depr__c0p54__z1p05__lam0p030__nu0p50__psi1p00,hardzero_plus_depr,0.02,38,607,0.0,1,0.49390298,0.49390298,1.0664052,0.0,0.08582125,0.0,0.0,2.5442237e-10,-27.61427,2.3461382,0.7820461,0.120000005,0.0,0.18087646,18.180002,18.210003,1945600
hardzero_plus_depr__c0p54__z1p05__lam0p030__nu0p50__psi1p00,hardzero_plus_depr,0.02,38,608,0.0,1,0.49390298,0.49390298,1.0143788,0.09674335,0.09674335,1.0,2.3886216e-11,2.4690291e-10,-26.202164,2.231678,0.74389267,0.16800001,0.0,0.17761862,18.210003,18.240004,1948800
hardzero_plus_depr__c0p54__z1p05__lam0p030__nu0p50__psi1p00,hardzero_plus_depr,0.02,38,609,0.0,1,0.49390298,0.49390298,1.0276251,0.093837164,0.093837164,1.0,2.2483916e-11,2.3960567e-10,-26.885696,2.2608204,0.7536068,0.15200001,0.0,0.14662345,18.240004,18.270004,1952000
hardzero_plus_depr__c0p54__z1p05__lam0p030__nu0p50__psi1p00,hardzero_plus_depr,0.02,38,610,0.0,1,0.49390298,0.49390298,1.0455871,0.09003533,0.09003533,1.0,2.093538e-11,2.3252407e-10,-27.481844,2.3003376,0.7667792,0.112,0.0,0.16835532,18.270004,18.300005,1955200
hardzero_plus_depr__c0p54__z1p05__lam0p030__nu0p50__psi1p00,hardzero_plus_depr,0.02,38,611,0.0,1,0.49390298,0.49390298,1.0368916,0.0918562,0.0918562,1.0,2.0727517e-11,2.2565182e-10,-27.404003,2.281207,0.7604024,0.24,0.0,0.16670555,18.300005,18.330006,1958400
hardzero_plus_depr__c0p54__z1p05__lam0p030__nu0p50__psi1p00,hardzero_plus_depr,0.02,38,612,0.0,1,0.49390298,0.49390298,1.0007331,0.099831335,0.099831335,1.0,2.1861329e-11,2.1898264e-10,-26.432632,2.2016568,0.73388565,0.128,0.0,0.14681679,18.330006,18.360006,1961600
hardzero_plus_depr__c0p54__z1p05__lam0p030__nu0p50__psi1p00,hardzero_plus_depr,0.02,38,613,0.0,1,0.49390298,0.49390298,1.0574577,0.0,0.0876077,0.0,0.0,2.1251058e-10,-27.287924,2.3264534,0.7754845,0.16000001,0.0,0.1492156,18.360006,18.390007,1964800
hardzero_plus_depr__c0p54__z1p05__lam0p030__nu0p50__psi1p00,hardzero_plus_depr,0.02,38,614,0.0,1,0.49390298,0.49390298,1.0385369,0.09150886,0.09150886,1.0,1.8871854e-11,2.062298e-10,-27.903833,2.2848268,0.76160896,0.2,0.0,0.1761033,18.390007,18.420008,1968000
hardzero_plus_depr__c0p54__z1p05__lam0p030__nu0p50__psi1p00,hardzero_plus_depr,0.02,38,615,0.0,1,0.49390298,0.49390298,1.0385994,0.09149568,0.09149568,1.0,1.8311455e-11,2.0013464e-10,-27.565397,2.2849643,0.7616548,0.15200001,0.0,0.1538647,18.420008,18.450008,1971200
hardzero_plus_depr__c0p54__z1p05__lam0p030__nu0p50__psi1p00,hardzero_plus_depr,0.02,38,616,0.0,1,0.49390298,0.49390298,1.0429863,0.09057613,0.09057613,1.0,1.7591663e-11,1.9421964e-10,-28.034172,2.2946155,0.76487184,0.216,0.0,0.18067524,18.450008,18.48001,1974400
hardzero_plus_depr__c0p54__z1p05__lam0p030__nu0p50__psi1p00,hardzero_plus_depr,0.02,38,617,0.0,1,0.49390298,0.49390298,1.045302,0.09009444,0.09009444,1.0,1.6980951e-11,1.8847945e-10,-27.45133,2.2997105,0.7665702,0.16800001,0.0,0.14667583,18.48001,18.51001,1977600
hardzero_plus_depr__c0p54__z1p05__lam0p030__nu0p50__psi1p00,hardzero_plus_depr,0.02,38,618,0.0,1,0.49390298,0.49390298,1.0550115,0.0,0.08810255,0.0,0.0,1.8290892e-10,-27.587326,2.3210716,0.7736906,0.15200001,0.0,0.15294006,18.51001,18.54001,1980800
hardzero_plus_depr__c0p54__z1p05__lam0p030__nu0p50__psi1p00,hardzero_plus_depr,0.02,38,619,0.0,1,0.49390298,0.49390298,1.0303103,0.09325877,0.09325877,1.0,1.6553713e-11,1.7750303e-10,-27.4074,2.266728,0.755576,0.15200001,0.0,0.15660766,18.54001,18.570011,1984000
hardzero_plus_depr__c0p54__z1p05__lam0p030__nu0p50__psi1p00,hardzero_plus_depr,0.02,38,620,0.0,1,0.49390298,0.49390298,0.9466679,0.113066025,0.113066025,1.0,1.9476403e-11,1.722569e-10,-26.034143,2.082711,0.694237,0.15200001,0.0,0.12296564,18.570011,18.600012,1987200
hardzero_plus_depr__c0p54__z1p05__lam0p030__nu0p50__psi1p00,hardzero_plus_depr,0.02,38,621,0.0,1,0.49390298,0.49390298,1.0257788,0.09423695,0.09423695,1.0,1.5753197e-11,1.6716584e-10,-27.134008,2.2567585,0.7522528,0.136,0.0,0.16716751,18.600012,18.630013,1990400
hardzero_plus_depr__c0p54__z1p05__lam0p030__nu0p50__psi1p00,hardzero_plus_depr,0.02,38,622,0.0,1,0.49390298,0.49390298,1.0430293,0.09056715,0.09056715,1.0,1.4692275e-11,1.6222522e-10,-28.146797,2.2947104,0.7649035,0.18400002,0.0,0.18108644,18.630013,18.660013,1993600
hardzero_plus_depr__c0p54__z1p05__lam0p030__nu0p50__psi1p00,hardzero_plus_depr,0.02,38,623,0.0,1,0.49390298,0.49390298,1.038392,0.09153938,0.09153938,1.0,1.4411103e-11,1.5743064e-10,-27.776644,2.284508,0.7615027,0.136,0.0,0.14628313,18.660013,18.690014,1996800
hardzero_plus_depr__c0p54__z1p05__lam0p030__nu0p50__psi1p00,hardzero_plus_depr,0.02,38,624,0.0,1,0.49390298,0.49390298,1.0664719,0.0,0.08580805,0.0,0.0,1.5277773e-10,-27.627249,2.346285,0.7820951,0.089999996,0.0,0.1611832,18.690014,18.720015,2000000
hardzero_plus_depr__c0p54__z1p05__lam0p030__nu0p50__psi1p00,hardzero_plus_depr,0.02,38,625,0.0,1,0.49390298,0.49390298,0.99981904,0.10004168,0.10004168,1.0,1.4832417e-11,1.4826237e-10,-26.666979,2.1996458,0.7332153,0.18400002,0.0,0.15477136,18.720015,18.750015,2003200
hardzero_plus_depr__c0p54__z1p05__lam0p030__nu0p50__psi1p00,hardzero_plus_depr,0.02,38,626,0.0,1,0.49390298,0.49390298,1.05568,0.0,0.087967046,0.0,0.0,1.4388046e-10,-27.397213,2.3225424,0.7741808,0.14400001,0.0,0.17626442,18.750015,18.780016,2006400
hardzero_plus_depr__c0p54__z1p05__lam0p030__nu0p50__psi1p00,hardzero_plus_depr,0.02,38,627,0.0,1,0.49390298,0.49390298,1.0391667,0.09137624,0.09137624,1.0,1.2758686e-11,1.3962805e-10,-27.250736,2.2862124,0.76207083,0.080000006,0.0,0.165755,18.780016,18.810017,2009600
hardzero_plus_depr__c0p54__z1p05__lam0p030__nu0p50__psi1p00,hardzero_plus_depr,0.02,38,628,0.0,1,0.49390298,0.49390298,1.1028917,0.0,0.078905694,0.0,0.0,1.3550133e-10,-28.095907,2.4264102,0.80880344,0.15200001,0.0,0.21261103,18.810017,18.840017,2012800
hardzero_plus_depr__c0p54__z1p05__lam0p030__nu0p50__psi1p00,hardzero_plus_depr,0.02,38,629,0.0,1,0.49390298,0.49390298,1.0603609,0.0,0.087024,0.0,0.0,1.3149658e-10,-27.565964,2.3328407,0.7776136,0.17600001,0.0,0.17895068,18.840017,18.870018,2016000
hardzero_plus_depr__c0p54__z1p05__lam0p030__nu0p50__psi1p00,hardzero_plus_depr,0.02,38,630,0.0,1,0.49390298,0.49390298,1.0486854,0.08939528,0.08939528,1.0,1.1407747e-11,1.2761017e-10,-27.08366,2.307154,0.7690513,0.128,0.0,0.17917658,18.870018,18.900019,2019200
hardzero_plus_depr__c0p54__z1p05__lam0p030__nu0p50__psi1p00,hardzero_plus_depr,0.02,38,631,0.0,1,0.49390298,0.49390298,1.1142821,0.0,0.076863095,0.0,0.0,1.2383865e-10,-28.638927,2.4514697,0.81715655,0.15200001,0.0,0.18540701,18.900019,18.93002,2022400
hardzero_plus_depr__c0p54__z1p05__lam0p030__nu0p50__psi1p00,hardzero_plus_depr,0.02,38,632,0.0,1,0.49390298,0.49390298,1.0598434,0.0,0.08712777,0.0,0.0,1.2017856e-10,-27.483475,2.331702,0.777234,0.14400001,0.0,0.15239348,18.93002,18.96002,2025600
hardzero_plus_depr__c0p54__z1p05__lam0p030__nu0p50__psi1p00,hardzero_plus_depr,0.02,38,633,0.0,1,0.49390298,0.49390298,1.0219362,0.095074445,0.095074445,1.0,1.1088215e-11,1.1662667e-10,-26.626131,2.2483044,0.7494348,0.16800001,0.0,0.1573787,18.96002,18.99002,2028800
hardzero_plus_depr__c0p54__z1p05__lam0p030__nu0p50__psi1p00,hardzero_plus_depr,0.02,38,634,0.0,1,0.49390298,0.49390298,1.0477612,0.08958573,0.08958573,1.0,1.0139291e-11,1.13179764e-10,-26.765644,2.3051207,0.7683736,0.112,0.0,0.14986621,18.99002,19.020021,2032000
hardzero_plus_depr__c0p54__z1p05__lam0p030__nu0p50__psi1p00,hardzero_plus_depr,0.02,38,635,0.0,1,0.49390298,0.49390298,1.0398395,0.09123478,0.09123478,1.0,1.0020746e-11,1.0983472e-10,-27.659317,2.2876925,0.7625642,0.14400001,0.0,0.15790798,19.020021,19.050022,2035200
hardzero_plus_depr__c0p54__z1p05__lam0p030__nu0p50__psi1p00,hardzero_plus_depr,0.02,38,636,0.0,1,0.49390298,0.49390298,1.0200061,0.095497936,0.095497936,1.0,1.0178985e-11,1.0658854e-10,-27.251888,2.2440581,0.7480194,0.192,0.0,0.16330114,19.050022,19.080023,2038400
hardzero_plus_depr__c0p54__z1p05__lam0p030__nu0p50__psi1p00,hardzero_plus_depr,0.02,38,637,0.0,1,0.49390298,0.49390298,1.0663272,0.0,0.08583665,0.0,0.0,1.0343829e-10,-27.254568,2.3459668,0.781989,0.099999994,0.0,0.14760318,19.080023,19.110023,2041600
hardzero_plus_depr__c0p54__z1p05__lam0p030__nu0p50__psi1p00,hardzero_plus_depr,0.02,38,638,0.0,1,0.49390298,0.49390298,1.0665972,0.0,0.085783295,0.0,0.0,1.0038117e-10,-27.787006,2.3465607,0.7821869,0.192,0.0,0.17340961,19.110023,19.140024,2044800
hardzero_plus_depr__c0p54__z1p05__lam0p030__nu0p50__psi1p00,hardzero_plus_depr,0.02,38,639,0.0,1,0.49390298,0.49390298,1.0730933,0.0,0.08450973,0.0,0.0,9.7414396e-11,-27.921848,2.3608525,0.7869508,0.16800001,0.0,0.1677272,19.140024,19.170025,2048000
hardzero_plus_depr__c0p54__z1p05__lam0p030__nu0p50__psi1p00,hardzero_plus_depr,0.02,38,640,0.0,1,0.49390298,0.49390298,1.0655088,0.0,0.08599856,0.0,0.0,9.4535296e-11,-26.147438,2.3441663,0.78138876,0.104,0.0,0.15803546,19.170025,19.200026,2051200
hardzero_plus_depr__c0p54__z1p05__lam0p030__nu0p50__psi1p00,hardzero_plus_depr,0.02,38,641,0.0,1,0.49390298,0.49390298,1.0600138,0.0,0.08709358,0.0,0.0,9.174129e-11,-26.976849,2.3320768,0.77735895,0.112,0.0,0.15577497,19.200026,19.230026,2054400
hardzero_plus_depr__c0p54__z1p05__lam0p030__nu0p50__psi1p00,hardzero_plus_depr,0.02,38,642,0.0,1,0.49390298,0.49390298,1.0656269,0.0,0.08597519,0.0,0.0,8.902986e-11,-27.42877,2.344426,0.7814753,0.14400001,0.0,0.16820413,19.230026,19.260027,2057600
hardzero_plus_depr__c0p54__z1p05__lam0p030__nu0p50__psi1p00,hardzero_plus_depr,0.02,38,643,0.0,1,0.49390298,0.49390298,1.0395341,0.091298975,0.091298975,1.0,7.888102e-12,8.6398576e-11,-27.04629,2.2870207,0.76234025,0.16800001,0.0,0.17542042,19.260027,19.290028,2060800
hardzero_plus_depr__c0p54__z1p05__lam0p030__nu0p50__psi1p00,hardzero_plus_depr,0.02,38,644,0.0,1,0.49390298,0.49390298,1.0497987,0.08916641,0.08916641,1.0,7.476163e-12,8.3845056e-11,-27.952751,2.3096032,0.7698678,0.14400001,0.0,0.15422177,19.290028,19.320028,2064000
hardzero_plus_depr__c0p54__z1p05__lam0p030__nu0p50__psi1p00,hardzero_plus_depr,0.02,38,645,0.0,1,0.49390298,0.49390298,1.0648108,0.0,0.08613689,0.0,0.0,8.1367e-11,-27.945196,2.3426304,0.7808768,0.120000005,0.0,0.17732272,19.320028,19.350029,2067200
hardzero_plus_depr__c0p54__z1p05__lam0p030__nu0p50__psi1p00,hardzero_plus_depr,0.02,38,646,0.0,1,0.49390298,0.49390298,1.0860878,0.0,0.08201856,0.0,0.0,7.8962184e-11,-28.293816,2.389441,0.79648036,0.15200001,0.008,0.19067043,19.350029,19.38003,2070400
hardzero_plus_depr__c0p54__z1p05__lam0p030__nu0p50__psi1p00,hardzero_plus_depr,0.02,38,647,0.0,1,0.49390298,0.49390298,1.0572603,0.0,0.08764753,0.0,0.0,7.6628454e-11,-27.680273,2.326019,0.7753397,0.17600001,0.0,0.18211363,19.38003,19.41003,2073600
hardzero_plus_depr__c0p54__z1p05__lam0p030__nu0p50__psi1p00,hardzero_plus_depr,0.02,38,648,0.0,1,0.49390298,0.49390298,1.0152107,0.09655823,0.09655823,1.0,7.180426e-12,7.436369e-11,-26.508013,2.2335083,0.7445028,0.128,0.0,0.16212451,19.41003,19.440031,2076800
hardzero_plus_depr__c0p54__z1p05__lam0p030__nu0p50__psi1p00,hardzero_plus_depr,0.02,38,649,0.0,1,0.49390298,0.49390298,1.0162998,0.096316375,0.096316375,1.0,6.9507538e-12,7.216586e-11,-26.760834,2.2359042,0.7453014,0.16800001,0.0,0.16321088,19.440031,19.470032,2080000
hardzero_plus_depr__c0p54__z1p05__lam0p030__nu0p50__psi1p00,hardzero_plus_depr,0.02,38,650,0.0,1,0.49390298,0.49390298,1.0307899,0.09315586,0.09315586,1.0,6.523983e-12,7.0032986e-11,-26.909615,2.267783,0.7559277,0.19999999,0.0,0.17675771,19.470032,19.500032,2083200
hardzero_plus_depr__c0p54__z1p05__lam0p030__nu0p50__psi1p00,hardzero_plus_depr,0.02,38,651,0.0,1,0.49390298,0.49390298,0.99472725,0.101221494,0.101221494,1.0,6.879332e-12,6.7963156e-11,-26.560757,2.1884437,0.7294812,0.192,0.0,0.13912176,19.500032,19.530033,2086400
hardzero_plus_depr__c0p54__z1p05__lam0p030__nu0p50__psi1p00,hardzero_plus_depr,0.02,38,652,0.0,1,0.49390298,0.49390298,1.019018,0.09571543,0.09571543,1.0,6.3128626e-12,6.595449e-11,-26.866055,2.2418845,0.74729484,0.15200001,0.0,0.1565904,19.530033,19.560034,2089600
hardzero_plus_depr__c0p54__z1p05__lam0p030__nu0p50__psi1p00,hardzero_plus_depr,0.02,38,653,0.0,1,0.49390298,0.49390298,1.0776117,0.0,0.08363504,0.0,0.0,6.40052e-11,-28.231115,2.370793,0.79026437,0.17600001,0.0,0.17213237,19.560034,19.590034,2092800
hardzero_plus_depr__c0p54__z1p05__lam0p030__nu0p50__psi1p00,hardzero_plus_depr,0.02,38,654,0.0,1,0.49390298,0.49390298,1.0297693,0.09337502,0.09337502,1.0,5.7998506e-12,6.2113516e-11,-27.464994,2.2655377,0.7551793,0.208,0.008,0.17629656,19.590034,19.620035,2096000
hardzero_plus_depr__c0p54__z1p05__lam0p030__nu0p50__psi1p00,hardzero_plus_depr,0.02,38,655,0.0,1,0.49390298,0.49390298,1.051944,0.0,0.088727035,0.0,0.0,6.027774e-11,-27.53211,2.314323,0.771441,0.16800001,0.0,0.14385647,19.620035,19.650036,2099200
hardzero_plus_depr__c0p54__z1p05__lam0p030__nu0p50__psi1p00,hardzero_plus_depr,0.02,38,656,0.0,1,0.49390298,0.49390298,1.0857937,0.0,0.08207411,0.0,0.0,5.849623e-11,-28.39759,2.388794,0.79626465,0.14400001,0.0,0.18188561,19.650036,19.680037,2102400
hardzero_plus_depr__c0p54__z1p05__lam0p030__nu0p50__psi1p00,hardzero_plus_depr,0.02,38,657,0.0,1,0.49390298,0.49390298,1.0117509,0.09733051,0.09733051,1.0,5.525196e-12,5.676736e-11,-26.685238,2.2258966,0.74196553,0.17600001,0.0,0.14870556,19.680037,19.710037,2105600
hardzero_plus_depr__c0p54__z1p05__lam0p030__nu0p50__psi1p00,hardzero_plus_depr,0.02,38,658,0.0,1,0.49390298,0.49390298,1.0449954,0.09015807,0.09015807,1.0,4.9667714e-12,5.5089593e-11,-27.355042,2.2990358,0.76634526,0.128,0.0,0.14563408,19.710037,19.740038,2108800
hardzero_plus_depr__c0p54__z1p05__lam0p030__nu0p50__psi1p00,hardzero_plus_depr,0.02,38,659,0.0,1,0.49390298,0.49390298,1.0241615,0.09458854,0.09458854,1.0,5.0568378e-12,5.346142e-11,-27.565695,2.2532003,0.7510668,0.15200001,0.0,0.1580189,19.740038,19.770039,2112000
hardzero_plus_depr__c0p54__z1p05__lam0p030__nu0p50__psi1p00,hardzero_plus_depr,0.02,38,660,0.0,1,0.49390298,0.49390298,1.0357484,0.09209832,0.09209832,1.0,4.7781857e-12,5.1881357e-11,-27.970098,2.2786918,0.7595639,0.104,0.0,0.17236565,19.770039,19.80004,2115200
hardzero_plus_depr__c0p54__z1p05__lam0p030__nu0p50__psi1p00,hardzero_plus_depr,0.02,38,661,0.0,1,0.49390298,0.49390298,1.0153495,0.09652736,0.09652736,1.0,4.8599592e-12,5.0347997e-11,-26.929144,2.2338135,0.7446045,0.2,0.0,0.13352354,19.80004,19.83004,2118400
hardzero_plus_depr__c0p54__z1p05__lam0p030__nu0p50__psi1p00,hardzero_plus_depr,0.02,38,662,0.0,1,0.49390298,0.49390298,1.051293,0.0,0.08886013,0.0,0.0,4.885995e-11,-27.75134,2.3128908,0.7709636,0.112,0.0,0.15998803,19.83004,19.86004,2121600
hardzero_plus_depr__c0p54__z1p05__lam0p030__nu0p50__psi1p00,hardzero_plus_depr,0.02,38,663,0.0,1,0.49390298,0.49390298,1.0639238,0.0,0.08631299,0.0,0.0,4.741589e-11,-27.44466,2.3406792,0.7802264,0.17999999,0.0,0.1653578,19.86004,19.890041,2124800
hardzero_plus_depr__c0p54__z1p05__lam0p030__nu0p50__psi1p00,hardzero_plus_depr,0.02,38,664,0.0,1,0.49390298,0.49390298,1.0557827,0.0,0.08794624,0.0,0.0,4.6014508e-11,-27.360834,2.3227682,0.7742561,0.15200001,0.0,0.17063929,19.890041,19.920042,2128000
hardzero_plus_depr__c0p54__z1p05__lam0p030__nu0p50__psi1p00,hardzero_plus_depr,0.02,38,665,0.0,1,0.49390298,0.49390298,1.0916377,0.0,0.0809771,0.0,0.0,4.4654547e-11,-28.328012,2.401651,0.80055034,0.096,0.0,0.19890806,19.920042,19.950043,2131200
hardzero_plus_depr__c0p54__z1p05__lam0p030__nu0p50__psi1p00,hardzero_plus_depr,0.02,38,666,0.0,1,0.49390298,0.49390298,1.0273257,0.09390187,0.09390187,1.0,4.069216e-12,4.333477e-11,-27.106236,2.2601619,0.75338733,0.14400001,0.008,0.14783894,19.950043,19.980043,2134400
hardzero_plus_depr__c0p54__z1p05__lam0p030__nu0p50__psi1p00,hardzero_plus_depr,0.02,38,667,0.0,1,0.49390298,0.49390298,1.0191916,0.095677175,0.095677175,1.0,4.0236087e-12,4.205401e-11,-26.382442,2.2422664,0.74742216,0.14400001,0.0,0.14837198,19.980043,20.010044,2137600
hardzero_plus_depr__c0p54__z1p05__lam0p030__nu0p50__psi1p00,hardzero_plus_depr,0.02,38,668,0.0,1,0.49390298,0.49390298,1.0387204,0.091470204,0.091470204,1.0,3.732999e-12,4.0811094e-11,-27.260826,2.2852304,0.7617435,0.128,0.0,0.15238756,20.010044,20.040045,2140800
hardzero_plus_depr__c0p54__z1p05__lam0p030__nu0p50__psi1p00,hardzero_plus_depr,0.02,38,669,0.0,1,0.49390298,0.49390298,1.0347255,0.092315465,0.092315465,1.0,3.6561466e-12,3.960492e-11,-28.07395,2.2764416,0.75881386,0.17600001,0.0,0.14819069,20.040045,20.070045,2144000
hardzero_plus_depr__c0p54__z1p05__lam0p030__nu0p50__psi1p00,hardzero_plus_depr,0.02,38,670,0.0,1,0.49390298,0.49390298,1.011298,0.097432084,0.097432084,1.0,3.744743e-12,3.843439e-11,-27.68666,2.2249,0.74163336,0.14400001,0.0,0.16767418,20.070045,20.100046,2147200
hardzero_plus_depr__c0p54__z1p05__lam0p030__nu0p50__psi1p00,hardzero_plus_depr,0.02,38,671,0.0,1,0.49390298,0.49390298,1.0286571,0.093614444,0.093614444,1.0,3.4916742e-12,3.7298456e-11,-27.211681,2.2630908,0.75436366,0.23200001,0.0,0.17774397,20.100046,20.130047,2150400
hardzero_plus_depr__c0p54__z1p05__lam0p030__nu0p50__psi1p00,hardzero_plus_depr,0.02,38,672,0.0,1,0.49390298,0.49390298,1.0328455,0.09271596,0.09271596,1.0,3.3559557e-12,3.6196095e-11,-27.160744,2.2723055,0.7574352,0.15200001,0.0,0.18487765,20.130047,20.160048,2153600
hardzero_plus_depr__c0p54__z1p05__lam0p030__nu0p50__psi1p00,hardzero_plus_depr,0.02,38,673,0.0,1,0.49390298,0.49390298,1.0971717,0.0,0.07995181,0.0,0.0,3.5126315e-11,-28.32547,2.413826,0.8046087,0.14400001,0.0,0.18579608,20.160048,20.190048,2156800
hardzero_plus_depr__c0p54__z1p05__lam0p030__nu0p50__psi1p00,hardzero_plus_depr,0.02,38,674,0.0,1,0.49390298,0.49390298,1.0810254,0.0,0.08298022,0.0,0.0,3.4088152e-11,-28.546825,2.3783033,0.79276776,0.14400001,0.0,0.196369,20.190048,20.220049,2160000
hardzero_plus_depr__c0p54__z1p05__lam0p030__nu0p50__psi1p00,hardzero_plus_depr,0.02,38,675,0.0,1,0.49390298,0.49390298,1.0185877,0.095810324,0.095810324,1.0,3.1694701e-12,3.3080674e-11,-26.474041,2.2409377,0.74697924,0.18400002,0.0,0.15527758,20.220049,20.25005,2163200
hardzero_plus_depr__c0p54__z1p05__lam0p030__nu0p50__psi1p00,hardzero_plus_depr,0.02,38,676,0.0,1,0.49390298,0.49390298,1.0566788,0.0,0.08776497,0.0,0.0,3.2102966e-11,-27.223433,2.3247397,0.77491325,0.19,0.0,0.20659845,20.25005,20.28005,2166400
hardzero_plus_depr__c0p54__z1p05__lam0p030__nu0p50__psi1p00,hardzero_plus_depr,0.02,38,677,0.0,1,0.49390298,0.49390298,0.9981807,0.10041978,0.10041978,1.0,3.1284938e-12,3.115416e-11,-26.722883,2.1960413,0.7320138,0.256,0.0,0.15441822,20.28005,20.310051,2169600
hardzero_plus_depr__c0p54__z1p05__lam0p030__nu0p50__psi1p00,hardzero_plus_depr,0.02,38,678,0.0,1,0.49390298,0.49390298,1.0196785,0.095569976,0.095569976,1.0,2.8894049e-12,3.0233396e-11,-26.749111,2.2433374,0.74777913,0.2,0.0,0.16475157,20.310051,20.340052,2172800
hardzero_plus_depr__c0p54__z1p05__lam0p030__nu0p50__psi1p00,hardzero_plus_depr,0.02,38,679,0.0,1,0.49390298,0.49390298,1.0275253,0.09385874,0.09385874,1.0,2.7538007e-12,2.9339843e-11,-27.303984,2.2606008,0.7535336,0.17600001,0.0,0.17470147,20.340052,20.370052,2176000
hardzero_plus_depr__c0p54__z1p05__lam0p030__nu0p50__psi1p00,hardzero_plus_depr,0.02,38,680,0.0,1,0.49390298,0.49390298,1.0221194,0.09503435,0.09503435,1.0,2.7058848e-12,2.8472702e-11,-26.545979,2.2487075,0.7495692,0.16000001,0.0,0.13591161,20.370052,20.400053,2179200
hardzero_plus_depr__c0p54__z1p05__lam0p030__nu0p50__psi1p00,hardzero_plus_depr,0.02,38,681,0.0,1,0.49390298,0.49390298,1.0589116,0.0,0.087314904,0.0,0.0,2.7631186e-11,-27.291117,2.329652,0.7765507,0.128,0.0,0.1671224,20.400053,20.430054,2182400
hardzero_plus_depr__c0p54__z1p05__lam0p030__nu0p50__psi1p00,hardzero_plus_depr,0.02,38,682,0.0,1,0.49390298,0.49390298,0.99868613,0.10030299,0.10030299,1.0,2.6895788e-12,2.6814544e-11,-27.05631,2.1971533,0.73238444,0.16800001,0.0,0.16081107,20.430054,20.460054,2185600
hardzero_plus_depr__c0p54__z1p05__lam0p030__nu0p50__psi1p00,hardzero_plus_depr,0.02,38,683,0.0,1,0.49390298,0.49390298,1.0057703,0.09868013,0.09868013,1.0,2.5678578e-12,2.6022035e-11,-27.755943,2.212739,0.7375797,0.14400001,0.0,0.17458054,20.460054,20.490055,2188800
hardzero_plus_depr__c0p54__z1p05__lam0p030__nu0p50__psi1p00,hardzero_plus_depr,0.02,38,684,0.0,1,0.49390298,0.49390298,1.0270946,0.09395185,0.09395185,1.0,2.3725616e-12,2.525295e-11,-27.573704,2.2596533,0.7532178,0.216,0.008,0.19557452,20.490055,20.520056,2192000
hardzero_plus_depr__c0p54__z1p05__lam0p030__nu0p50__psi1p00,hardzero_plus_depr,0.02,38,685,0.0,1,0.49390298,0.49390298,1.0675577,0.0,0.08559379,0.0,0.0,2.4506596e-11,-27.922106,2.3486738,0.7828913,0.08800001,0.0,0.19915706,20.520056,20.550056,2195200
hardzero_plus_depr__c0p54__z1p05__lam0p030__nu0p50__psi1p00,hardzero_plus_depr,0.02,38,686,0.0,1,0.49390298,0.49390298,1.078364,0.0,0.083490305,0.0,0.0,2.37823e-11,-27.920053,2.3724482,0.79081607,0.112,0.0,0.19964387,20.550056,20.580057,2198400
hardzero_plus_depr__c0p54__z1p05__lam0p030__nu0p50__psi1p00,hardzero_plus_depr,0.02,38,687,0.0,1,0.49390298,0.49390298,1.0519104,0.0,0.08873391,0.0,0.0,2.3079412e-11,-27.754683,2.314249,0.77141637,0.112,0.0,0.15858689,20.580057,20.610058,2201600
hardzero_plus_depr__c0p54__z1p05__lam0p030__nu0p50__psi1p00,hardzero_plus_depr,0.02,38,688,0.0,1,0.49390298,0.49390298,1.0150598,0.09659178,0.09659178,1.0,2.163395e-12,2.2397298e-11,-26.93188,2.2331762,0.7443921,0.18400002,0.0,0.16965851,20.610058,20.640059,2204800
hardzero_plus_depr__c0p54__z1p05__lam0p030__nu0p50__psi1p00,hardzero_plus_depr,0.02,38,689,0.0,1,0.49390298,0.49390298,1.0040948,0.099061556,0.099061556,1.0,2.1531368e-12,2.1735343e-11,-27.464445,2.2090528,0.73635095,0.12,0.0,0.1682058,20.640059,20.67006,2208000
hardzero_plus_depr__c0p54__z1p05__lam0p030__nu0p50__psi1p00,hardzero_plus_depr,0.02,38,690,0.0,1,0.49390298,0.49390298,1.0136565,0.0969044,0.0969044,1.0,2.0439997e-12,2.1092952e-11,-26.952883,2.2300887,0.7433629,0.17600001,0.0,0.15034218,20.67006,20.70006,2211200
hardzero_plus_depr__c0p54__z1p05__lam0p030__nu0p50__psi1p00,hardzero_plus_depr,0.02,38,691,0.0,1,0.49390298,0.49390298,1.0632327,0.0,0.08645046,0.0,0.0,2.0469546e-11,-27.615618,2.3391585,0.77971953,0.17600001,0.0,0.17946707,20.70006,20.73006,2214400
hardzero_plus_depr__c0p54__z1p05__lam0p030__nu0p50__psi1p00,hardzero_plus_depr,0.02,38,692,0.0,1,0.49390298,0.49390298,1.0994604,0.0,0.07953157,0.0,0.0,1.9864565e-11,-28.618746,2.4188612,0.80628705,0.15200001,0.0,0.1553616,20.73006,20.760061,2217600
hardzero_plus_depr__c0p54__z1p05__lam0p030__nu0p50__psi1p00,hardzero_plus_depr,0.02,38,693,0.0,1,0.49390298,0.49390298,1.0793053,0.0,0.08330953,0.0,0.0,1.9277463e-11,-27.586699,2.374519,0.7915064,0.14400001,0.0,0.1887142,20.760061,20.790062,2220800
hardzero_plus_depr__c0p54__z1p05__lam0p030__nu0p50__psi1p00,hardzero_plus_depr,0.02,38,694,0.0,1,0.49390298,0.49390298,1.040737,0.09104643,0.09104643,1.0,1.7032709e-12,1.8707718e-11,-27.569592,2.2896671,0.7632224,0.128,0.0,0.15285106,20.790062,20.820063,2224000
hardzero_plus_depr__c0p54__z1p05__lam0p030__nu0p50__psi1p00,hardzero_plus_depr,0.02,38,695,0.0,1,0.49390298,0.49390298,1.069234,0.0,0.08526406,0.0,0.0,1.8154808e-11,-27.7537,2.352362,0.7841207,0.16000001,0.0,0.16559385,20.820063,20.850063,2227200
hardzero_plus_depr__c0p54__z1p05__lam0p030__nu0p50__psi1p00,hardzero_plus_depr,0.02,38,696,0.0,1,0.49390298,0.49390298,1.0192795,0.09565783,0.09565783,1.0,1.6853227e-12,1.761824e-11,-27.07874,2.2424595,0.74748653,0.08800001,0.0,0.15123302,20.850063,20.880064,2230400
hardzero_plus_depr__c0p54__z1p05__lam0p030__nu0p50__psi1p00,hardzero_plus_depr,0.02,38,697,0.0,1,0.49390298,0.49390298,1.0002371,0.09994541,0.09994541,1.0,1.7088196e-12,1.709753e-11,-27.119661,2.2005656,0.7335219,0.17600001,0.0,0.16615765,20.880064,20.910065,2233600
hardzero_plus_depr__c0p54__z1p05__lam0p030__nu0p50__psi1p00,hardzero_plus_depr,0.02,38,698,0.0,1,0.49390298,0.49390298,0.99794966,0.10047323,0.10047323,1.0,1.6670732e-12,1.6592212e-11,-26.957762,2.195533,0.73184437,0.2,0.0,0.1554347,20.910065,20.940065,2236800
hardzero_plus_depr__c0p54__z1p05__lam0p030__nu0p50__psi1p00,hardzero_plus_depr,0.02,38,699,0.0,1,0.49390298,0.49390298,1.0505271,0.0,0.08901698,0.0,0.0,1.6101826e-11,-28.06532,2.3112059,0.77040195,0.15200001,0.0,0.17527555,20.940065,20.970066,2240000
hardzero_plus_depr__c0p54__z1p05__lam0p030__nu0p50__psi1p00,hardzero_plus_depr,0.02,38,700,0.0,1,0.49390298,0.49390298,0.98571914,0.10334296,0.10334296,1.0,1.6148303e-12,1.5625935e-11,-25.77443,2.1686254,0.7228751,0.120000005,0.0,0.1520251,20.970066,21.000067,2243200
hardzero_plus_depr__c0p54__z1p05__lam0p030__nu0p50__psi1p00,hardzero_plus_depr,0.02,38,701,0.0,1,0.49390298,0.49390298,1.0711198,0.0,0.08489461,0.0,0.0,1.5164108e-11,-27.782501,2.3565106,0.78550357,0.120000005,0.0,0.17331141,21.000067,21.030067,2246400
hardzero_plus_depr__c0p54__z1p05__lam0p030__nu0p50__psi1p00,hardzero_plus_depr,0.02,38,702,0.0,1,0.49390298,0.49390298,0.9790809,0.104934685,0.104934685,1.0,1.5442117e-12,1.4715932e-11,-26.731144,2.154021,0.718007,0.14,0.0,0.17543033,21.030067,21.060068,2249600
hardzero_plus_depr__c0p54__z1p05__lam0p030__nu0p50__psi1p00,hardzero_plus_depr,0.02,38,703,0.0,1,0.49390298,0.49390298,1.0368736,0.09185998,0.09185998,1.0,1.3118524e-12,1.4281001e-11,-27.009266,2.2811675,0.7603892,0.14400001,0.0,0.15758738,21.060068,21.090069,2252800
hardzero_plus_depr__c0p54__z1p05__lam0p030__nu0p50__psi1p00,hardzero_plus_depr,0.02,38,704,0.0,1,0.49390298,0.49390298,1.0075842,0.09826883,0.09826883,1.0,1.3619001e-12,1.3858923e-11,-26.34599,2.2167296,0.7389099,0.104,0.0,0.1440073,21.090069,21.12007,2256000
hardzero_plus_depr__c0p54__z1p05__lam0p030__nu0p50__psi1p00,hardzero_plus_depr,0.02,38,705,0.0,1,0.49390298,0.49390298,1.0191294,0.09569088,0.09569088,1.0,1.2869774e-12,1.3449321e-11,-27.77541,2.2421293,0.74737644,0.15200001,0.0,0.16697712,21.12007,21.15007,2259200
hardzero_plus_depr__c0p54__z1p05__lam0p030__nu0p50__psi1p00,hardzero_plus_depr,0.02,38,706,0.0,1,0.49390298,0.49390298,1.0930972,0.0,0.08070543,0.0,0.0,1.30518235e-11,-28.995646,2.404862,0.80162066,0.136,0.0,0.20353168,21.15007,21.18007,2262400
hardzero_plus_depr__c0p54__z1p05__lam0p030__nu0p50__psi1p00,hardzero_plus_depr,0.02,38,707,0.0,1,0.49390298,0.49390298,1.0241995,0.09458026,0.09458026,1.0,1.1979608e-12,1.2666076e-11,-26.808681,2.2532837,0.7510946,0.18400002,0.0,0.15552263,21.18007,21.210072,2265600
hardzero_plus_depr__c0p54__z1p05__lam0p030__nu0p50__psi1p00,hardzero_plus_depr,0.02,38,708,0.0,1,0.49390298,0.49390298,1.0645757,0.0,0.08618354,0.0,0.0,1.22917275e-11,-28.663021,2.3421133,0.78070444,0.120000005,0.0,0.19726375,21.210072,21.240072,2268800
hardzero_plus_depr__c0p54__z1p05__lam0p030__nu0p50__psi1p00,hardzero_plus_depr,0.02,38,709,0.0,1,0.49390298,0.49390298,1.055234,0.0,0.088057436,0.0,0.0,1.1928444e-11,-27.07142,2.321561,0.7738537,0.18400002,0.0,0.14938387,21.240072,21.270073,2272000
hardzero_plus_depr__c0p54__z1p05__lam0p030__nu0p50__psi1p00,hardzero_plus_depr,0.02,38,710,0.0,1,0.49390298,0.49390298,1.0515988,0.0,0.08879759,0.0,0.0,1.1575897e-11,-27.540354,2.3135636,0.7711879,0.15200001,0.0,0.16713265,21.270073,21.300074,2275200
hardzero_plus_depr__c0p54__z1p05__lam0p030__nu0p50__psi1p00,hardzero_plus_depr,0.02,38,711,0.0,1,0.49390298,0.49390298,0.9991094,0.10020527,0.10020527,1.0,1.125683e-12,1.123377e-11,-26.209852,2.1980846,0.73269486,0.14400001,0.0,0.14953516,21.300074,21.330074,2278400
hardzero_plus_depr__c0p54__z1p05__lam0p030__nu0p50__psi1p00,hardzero_plus_depr,0.02,38,712,0.0,1,0.49390298,0.49390298,0.9531851,0.11138197,0.11138197,1.0,1.2142589e-12,1.0901755e-11,-26.271456,2.097049,0.69901633,0.2,0.0,0.15382122,21.330074,21.360075,2281600
hardzero_plus_depr__c0p54__z1p05__lam0p030__nu0p50__psi1p00,hardzero_plus_depr,0.02,38,713,0.0,1,0.49390298,0.49390298,1.0658628,0.0,0.085928485,0.0,0.0,1.0579551e-11,-27.614447,2.344945,0.78164834,0.15200001,0.0,0.16792002,21.360075,21.390076,2284800
hardzero_plus_depr__c0p54__z1p05__lam0p030__nu0p50__psi1p00,hardzero_plus_depr,0.02,38,714,0.0,1,0.49390298,0.49390298,1.0432578,0.0905195,0.0905195,1.0,9.293522e-13,1.0266872e-11,-27.402056,2.295213,0.76507103,0.096,0.0,0.13311432,21.390076,21.420076,2288000
hardzero_plus_depr__c0p54__z1p05__lam0p030__nu0p50__psi1p00,hardzero_plus_depr,0.02,38,715,0.0,1,0.49390298,0.49390298,1.0606575,0.0,0.08696461,0.0,0.0,9.963433e-12,-27.945814,2.333493,0.777831,0.17999999,0.0,0.17679104,21.420076,21.450077,2291200
hardzero_plus_depr__c0p54__z1p05__lam0p030__nu0p50__psi1p00,hardzero_plus_depr,0.02,38,716,0.0,1,0.49390298,0.49390298,1.0159427,0.09639563,0.09639563,1.0,9.320457e-13,9.668962e-12,-26.818764,2.2351186,0.7450396,0.14400001,0.0,0.1446049,21.450077,21.480078,2294400
hardzero_plus_depr__c0p54__z1p05__lam0p030__nu0p50__psi1p00,hardzero_plus_depr,0.02,38,717,0.0,1,0.49390298,0.49390298,1.0409648,0.090998694,0.090998694,1.0,8.5385865e-13,9.3831965e-12,-27.304062,2.2901683,0.76338947,0.16000001,0.0,0.17495668,21.480078,21.510078,2297600
hardzero_plus_depr__c0p54__z1p05__lam0p030__nu0p50__psi1p00,hardzero_plus_depr,0.02,38,718,0.0,1,0.49390298,0.49390298,1.0787035,0.0,0.08342505,0.0,0.0,9.105874e-12,-28.309029,2.3731952,0.7910651,0.104,0.0,0.1892902,21.510078,21.54008,2300800
hardzero_plus_depr__c0p54__z1p05__lam0p030__nu0p50__psi1p00,hardzero_plus_depr,0.02,38,719,0.0,1,0.49390298,0.49390298,1.0736737,0.0,0.084396854,0.0,0.0,8.836748e-12,-28.2259,2.3621294,0.7873765,0.136,0.0,0.17878106,21.54008,21.57008,2304000
hardzero_plus_depr__c0p54__z1p05__lam0p030__nu0p50__psi1p00,hardzero_plus_depr,0.02,38,720,0.0,1,0.49390298,0.49390298,0.9433996,0.11392011,0.11392011,1.0,9.769307e-13,8.575577e-12,-25.808361,2.0755205,0.6918402,0.14400001,0.008,0.14133523,21.57008,21.60008,2307200
hardzero_plus_depr__c0p54__z1p05__lam0p030__nu0p50__psi1p00,hardzero_plus_depr,0.02,38,721,0.0,1,0.49390298,0.49390298,0.97245204,0.106548645,0.106548645,1.0,8.8671117e-13,8.322125e-12,-25.709627,2.1394372,0.71314573,0.128,0.0,0.15126386,21.60008,21.630081,2310400
hardzero_plus_depr__c0p54__z1p05__lam0p030__nu0p50__psi1p00,hardzero_plus_depr,0.02,38,722,0.0,1,0.49390298,0.49390298,1.0442979,0.090302974,0.090302974,1.0,7.293016e-13,8.076164e-12,-27.521555,2.2975013,0.7658338,0.136,0.0,0.18039355,21.630081,21.660082,2313600
hardzero_plus_depr__c0p54__z1p05__lam0p030__nu0p50__psi1p00,hardzero_plus_depr,0.02,38,723,0.0,1,0.49390298,0.49390298,1.0548086,0.0,0.08814373,0.0,0.0,7.837472e-12,-27.973894,2.3206253,0.7735418,0.128,0.0,0.17259932,21.660082,21.690083,2316800
hardzero_plus_depr__c0p54__z1p05__lam0p030__nu0p50__psi1p00,hardzero_plus_depr,0.02,38,724,0.0,1,0.49390298,0.49390298,1.0682268,0.0,0.08546203,0.0,0.0,7.6058335e-12,-27.946997,2.3501458,0.78338194,0.112,0.0,0.15717262,21.690083,21.720083,2320000
hardzero_plus_depr__c0p54__z1p05__lam0p030__nu0p50__psi1p00,hardzero_plus_depr,0.02,38,725,0.0,1,0.49390298,0.49390298,1.0484687,0.0894399,0.0894399,1.0,6.6015964e-13,7.381042e-12,-27.204235,2.3066773,0.76889247,0.14400001,0.0,0.14133081,21.720083,21.750084,2323200
hardzero_plus_depr__c0p54__z1p05__lam0p030__nu0p50__psi1p00,hardzero_plus_depr,0.02,38,726,0.0,1,0.49390298,0.49390298,1.0697649,0.0,0.08515989,0.0,0.0,7.1628944e-12,-28.420986,2.3535297,0.7845099,0.17600001,0.0,0.1677822,21.750084,21.780085,2326400
hardzero_plus_depr__c0p54__z1p05__lam0p030__nu0p50__psi1p00,hardzero_plus_depr,0.02,38,727,0.0,1,0.49390298,0.49390298,1.0454987,0.09005364,0.09005364,1.0,6.2598033e-13,6.9511944e-12,-27.81522,2.3001432,0.76671445,0.14400001,0.0,0.17127587,21.780085,21.810085,2329600
hardzero_plus_depr__c0p54__z1p05__lam0p030__nu0p50__psi1p00,hardzero_plus_depr,0.02,38,728,0.0,1,0.49390298,0.49390298,1.067301,0.0,0.085644394,0.0,0.0,6.745751e-12,-28.514061,2.3481092,0.7827031,0.12,0.0,0.16975588,21.810085,21.840086,2332800
hardzero_plus_depr__c0p54__z1p05__lam0p030__nu0p50__psi1p00,hardzero_plus_depr,0.02,38,729,0.0,1,0.49390298,0.49390298,1.0645114,0.0,0.08619628,0.0,0.0,6.5463793e-12,-27.5142,2.3419719,0.7806573,0.16800001,0.0,0.15022057,21.840086,21.870087,2336000
hardzero_plus_depr__c0p54__z1p05__lam0p030__nu0p50__psi1p00,hardzero_plus_depr,0.02,38,730,0.0,1,0.49390298,0.49390298,1.0116355,0.097356394,0.097356394,1.0,6.184955e-13,6.3529004e-12,-27.128923,2.2256427,0.7418809,0.17600001,0.0,0.14797698,21.870087,21.900087,2339200
hardzero_plus_depr__c0p54__z1p05__lam0p030__nu0p50__psi1p00,hardzero_plus_depr,0.02,38,731,0.0,1,0.49390298,0.49390298,1.0179416,0.09595297,0.09595297,1.0,5.915635e-13,6.1651396e-12,-27.173687,2.2395163,0.74650544,0.136,0.0,0.15483287,21.900087,21.930088,2342400
hardzero_plus_depr__c0p54__z1p05__lam0p030__nu0p50__psi1p00,hardzero_plus_depr,0.02,38,732,0.0,1,0.49390298,0.49390298,1.066797,0.0,0.08574385,0.0,0.0,5.9829277e-12,-28.623161,2.3470004,0.7823335,0.064,0.0,0.17438091,21.930088,21.960089,2345600
hardzero_plus_depr__c0p54__z1p05__lam0p030__nu0p50__psi1p00,hardzero_plus_depr,0.02,38,733,0.0,1,0.49390298,0.49390298,0.99755746,0.10056399,0.10056399,1.0,5.8388467e-13,5.806101e-12,-26.507582,2.1946702,0.7315568,0.224,0.008,0.17389219,21.960089,21.99009,2348800
hardzero_plus_depr__c0p54__z1p05__lam0p030__nu0p50__psi1p00,hardzero_plus_depr,0.02,38,734,0.0,1,0.49390298,0.49390298,1.0612067,0.0,0.08685468,0.0,0.0,5.6345015e-12,-27.899948,2.3347013,0.77823377,0.104,0.0,0.18761657,21.99009,22.02009,2352000
hardzero_plus_depr__c0p54__z1p05__lam0p030__nu0p50__psi1p00,hardzero_plus_depr,0.02,38,735,0.0,1,0.49390298,0.49390298,1.0649765,0.0,0.086104035,0.0,0.0,5.4679733e-12,-28.273932,2.342995,0.78099835,0.136,0.0,0.18788221,22.02009,22.05009,2355200
hardzero_plus_depr__c0p54__z1p05__lam0p030__nu0p50__psi1p00,hardzero_plus_depr,0.02,38,736,0.0,1,0.49390298,0.49390298,1.0505428,0.0,0.089013755,0.0,0.0,5.3063665e-12,-27.24408,2.3112404,0.7704135,0.16000001,0.0,0.17294627,22.05009,22.080091,2358400
hardzero_plus_depr__c0p54__z1p05__lam0p030__nu0p50__psi1p00,hardzero_plus_depr,0.02,38,737,0.0,1,0.49390298,0.49390298,1.0335051,0.09257526,0.09257526,1.0,4.7671963e-13,5.149536e-12,-27.466492,2.2737565,0.75791883,0.128,0.0,0.17282325,22.080091,22.110092,2361600
hardzero_plus_depr__c0p54__z1p05__lam0p030__nu0p50__psi1p00,hardzero_plus_depr,0.02,38,738,0.0,1,0.49390298,0.49390298,1.0287212,0.09360063,0.09360063,1.0,4.6775425e-13,4.9973406e-12,-27.718555,2.2632318,0.7544106,0.16800001,0.0,0.18135488,22.110092,22.140093,2364800
hardzero_plus_depr__c0p54__z1p05__lam0p030__nu0p50__psi1p00,hardzero_plus_depr,0.02,38,739,0.0,1,0.49390298,0.49390298,1.0335395,0.09256791,0.09256791,1.0,4.4892144e-13,4.849644e-12,-26.536867,2.2738323,0.7579441,0.136,0.0,0.16491021,22.140093,22.170094,2368000
hardzero_plus_depr__c0p54__z1p05__lam0p030__nu0p50__psi1p00,hardzero_plus_depr,0.02,38,740,0.0,1,0.49390298,0.49390298,1.0241113,0.094599485,0.094599485,1.0,4.4521467e-13,4.7063117e-12,-27.416101,2.25309,0.75102997,0.192,0.0,0.15538526,22.170094,22.200094,2371200
hardzero_plus_depr__c0p54__z1p05__lam0p030__nu0p50__psi1p00,hardzero_plus_depr,0.02,38,741,0.0,1,0.49390298,0.49390298,1.0591244,0.0,0.08727214,0.0,0.0,4.567216e-12,-27.703632,2.33012,0.7767067,0.089999996,0.0,0.15494753,22.200094,22.230095,2374400
hardzero_plus_depr__c0p54__z1p05__lam0p030__nu0p50__psi1p00,hardzero_plus_depr,0.02,38,742,0.0,1,0.49390298,0.49390298,0.98221856,0.10417931,0.10417931,1.0,4.617468e-13,4.4322315e-12,-27.435455,2.160924,0.720308,0.15200001,0.0,0.14229256,22.230095,22.260096,2377600
hardzero_plus_depr__c0p54__z1p05__lam0p030__nu0p50__psi1p00,hardzero_plus_depr,0.02,38,743,0.0,1,0.49390298,0.49390298,1.0363625,0.09196815,0.09196815,1.0,3.9557675e-13,4.3012365e-12,-27.863503,2.2800431,0.7600144,0.16000001,0.0,0.14782718,22.260096,22.290096,2380800
hardzero_plus_depr__c0p54__z1p05__lam0p030__nu0p50__psi1p00,hardzero_plus_depr,0.02,38,744,0.0,1,0.49390298,0.49390298,1.1045699,0.0,0.07860137,0.0,0.0,4.1741124e-12,-28.844603,2.4301023,0.81003416,0.16000001,0.0,0.1877009,22.290096,22.320097,2384000
hardzero_plus_depr__c0p54__z1p05__lam0p030__nu0p50__psi1p00,hardzero_plus_depr,0.02,38,745,0.0,1,0.49390298,0.49390298,1.103509,0.0,0.078793615,0.0,0.0,4.0507463e-12,-28.564775,2.4277682,0.8092561,0.128,0.0,0.17364979,22.320097,22.350098,2387200
hardzero_plus_depr__c0p54__z1p05__lam0p030__nu0p50__psi1p00,hardzero_plus_depr,0.02,38,746,0.0,1,0.49390298,0.49390298,0.9778244,0.10523872,0.10523872,1.0,4.1369612e-13,3.9310256e-12,-26.318739,2.1512566,0.71708554,0.16800001,0.0,0.15581656,22.350098,22.380098,2390400
hardzero_plus_depr__c0p54__z1p05__lam0p030__nu0p50__psi1p00,hardzero_plus_depr,0.02,38,747,0.0,1,0.49390298,0.49390298,0.9991618,0.10019319,0.10019319,1.0,3.8222135e-13,3.814844e-12,-26.403063,2.1981997,0.73273325,0.192,0.0,0.14986254,22.380098,22.410099,2393600
hardzero_plus_depr__c0p54__z1p05__lam0p030__nu0p50__psi1p00,hardzero_plus_depr,0.02,38,748,0.0,1,0.49390298,0.49390298,0.98738486,0.10294734,0.10294734,1.0,3.8112092e-13,3.702096e-12,-26.66553,2.17229,0.7240967,0.18400002,0.0,0.15358005,22.410099,22.4401,2396800
hardzero_plus_depr__c0p54__z1p05__lam0p030__nu0p50__psi1p00,hardzero_plus_depr,0.02,38,749,0.0,1,0.49390298,0.49390298,0.9812539,0.10441096,0.10441096,1.0,3.7511514e-13,3.5926798e-12,-26.375828,2.1588018,0.7196006,0.16800001,0.0,0.14958225,22.4401,22.4701,2400000
hardzero_plus_depr__c0p54__z1p05__lam0p030__nu0p50__psi1p00,hardzero_plus_depr,0.02,38,750,0.0,1,0.49390298,0.49390298,0.97497654,0.10593109,0.10593109,1.0,3.693285e-13,3.4864978e-12,-26.660242,2.1449912,0.71499705,0.16000001,0.0,0.14397898,22.4701,22.500101,2403200
hardzero_plus_depr__c0p54__z1p05__lam0p030__nu0p50__psi1p00,hardzero_plus_depr,0.02,38,751,0.0,1,0.49390298,0.49390298,1.0047855,0.09890415,0.09890415,1.0,3.346376e-13,3.3834537e-12,-26.87597,2.2105722,0.7368574,0.14400001,0.0,0.15572762,22.500101,22.530102,2406400
hardzero_plus_depr__c0p54__z1p05__lam0p030__nu0p50__psi1p00,hardzero_plus_depr,0.02,38,752,0.0,1,0.49390298,0.49390298,1.0398911,0.09122395,0.09122395,1.0,2.9952977e-13,3.2834553e-12,-27.25336,2.2878063,0.7626021,0.24000001,0.0,0.17364681,22.530102,22.560102,2409600
hardzero_plus_depr__c0p54__z1p05__lam0p030__nu0p50__psi1p00,hardzero_plus_depr,0.02,38,753,0.0,1,0.49390298,0.49390298,1.0313563,0.093034424,0.093034424,1.0,2.9644605e-13,3.1864125e-12,-27.483765,2.2690291,0.75634307,0.128,0.0,0.16217709,22.560102,22.590103,2412800
hardzero_plus_depr__c0p54__z1p05__lam0p030__nu0p50__psi1p00,hardzero_plus_depr,0.02,38,754,0.0,1,0.49390298,0.49390298,1.1027349,0.0,0.07893418,0.0,0.0,3.0922374e-12,-28.673056,2.4260652,0.8086884,0.089999996,0.0,0.17797945,22.590103,22.620104,2416000
hardzero_plus_depr__c0p54__z1p05__lam0p030__nu0p50__psi1p00,hardzero_plus_depr,0.02,38,755,0.0,1,0.49390298,0.49390298,0.99169075,0.1019317,0.1019317,1.0,3.0588132e-13,3.0008459e-12,-26.75038,2.1817632,0.7272544,0.14400001,0.0,0.14904037,22.620104,22.650105,2419200
hardzero_plus_depr__c0p54__z1p05__lam0p030__nu0p50__psi1p00,hardzero_plus_depr,0.02,38,756,0.0,1,0.49390298,0.49390298,1.0201488,0.09546656,0.09546656,1.0,2.780135e-13,2.9121558e-12,-26.980314,2.2443721,0.74812406,0.2,0.0,0.165554,22.650105,22.680105,2422400
hardzero_plus_depr__c0p54__z1p05__lam0p030__nu0p50__psi1p00,hardzero_plus_depr,0.02,38,757,0.0,1,0.49390298,0.49390298,1.0045224,0.09896406,0.09896406,1.0,2.79681e-13,2.8260866e-12,-26.291824,2.2099936,0.73666453,0.208,0.0,0.13473183,22.680105,22.710106,2425600
hardzero_plus_depr__c0p54__z1p05__lam0p030__nu0p50__psi1p00,hardzero_plus_depr,0.02,38,758,0.0,1,0.49390298,0.49390298,1.0613846,0.0,0.08681913,0.0,0.0,2.7425612e-12,-26.562166,2.3350928,0.7783643,0.112,0.0,0.17169032,22.710106,22.740107,2428800
hardzero_plus_depr__c0p54__z1p05__lam0p030__nu0p50__psi1p00,hardzero_plus_depr,0.02,38,759,0.0,1,0.49390298,0.49390298,1.0115013,0.09738647,0.09738647,1.0,2.5919452e-13,2.6615043e-12,-26.25665,2.2253473,0.7417824,0.15200001,0.0,0.14124669,22.740107,22.770107,2432000
hardzero_plus_depr__c0p54__z1p05__lam0p030__nu0p50__psi1p00,hardzero_plus_depr,0.02,38,760,0.0,1,0.49390298,0.49390298,1.0415056,0.09088546,0.09088546,1.0,2.347429e-13,2.582843e-12,-27.865967,2.291358,0.763786,0.120000005,0.0,0.17434555,22.770107,22.800108,2435200
hardzero_plus_depr__c0p54__z1p05__lam0p030__nu0p50__psi1p00,hardzero_plus_depr,0.02,38,761,0.0,1,0.49390298,0.49390298,1.0437276,0.09042164,0.09042164,1.0,2.2664246e-13,2.506507e-12,-27.340767,2.2962468,0.7654156,0.136,0.0,0.1737643,22.800108,22.830109,2438400
hardzero_plus_depr__c0p54__z1p05__lam0p030__nu0p50__psi1p00,hardzero_plus_depr,0.02,38,762,0.0,1,0.49390298,0.49390298,1.0455161,0.090050034,0.090050034,1.0,2.1904015e-13,2.432427e-12,-26.74082,2.3001814,0.76672715,0.16800001,0.0,0.14706233,22.830109,22.86011,2441600
hardzero_plus_depr__c0p54__z1p05__lam0p030__nu0p50__psi1p00,hardzero_plus_depr,0.02,38,763,0.0,1,0.49390298,0.49390298,1.0350337,0.09224999,0.09224999,1.0,2.177594e-13,2.3605358e-12,-27.174505,2.2771196,0.7590399,0.18400002,0.008,0.15239652,22.86011,22.89011,2444800
hardzero_plus_depr__c0p54__z1p05__lam0p030__nu0p50__psi1p00,hardzero_plus_depr,0.02,38,764,0.0,1,0.49390298,0.49390298,1.0749122,0.0,0.08415652,0.0,0.0,2.2907702e-12,-28.604187,2.364854,0.7882847,0.14400001,0.0,0.180178,22.89011,22.92011,2448000
hardzero_plus_depr__c0p54__z1p05__lam0p030__nu0p50__psi1p00,hardzero_plus_depr,0.02,38,765,0.0,1,0.49390298,0.49390298,1.0913985,0.0,0.081021726,0.0,0.0,2.2230663e-12,-28.050121,2.4011245,0.80037487,0.120000005,0.0,0.16627541,22.92011,22.950111,2451200
hardzero_plus_depr__c0p54__z1p05__lam0p030__nu0p50__psi1p00,hardzero_plus_depr,0.02,38,766,0.0,1,0.49390298,0.49390298,0.9989541,0.10024112,0.10024112,1.0,2.1625648e-13,2.157363e-12,-26.407953,2.197743,0.732581,0.104,0.0,0.13292027,22.950111,22.980112,2454400
hardzero_plus_depr__c0p54__z1p05__lam0p030__nu0p50__psi1p00,hardzero_plus_depr,0.02,38,767,0.0,1,0.49390298,0.49390298,1.0432187,0.09052766,0.09052766,1.0,1.895289e-13,2.093602e-12,-28.010542,2.2951272,0.7650424,0.16,0.01,0.17463194,22.980112,23.010113,2457600
hardzero_plus_depr__c0p54__z1p05__lam0p030__nu0p50__psi1p00,hardzero_plus_depr,0.02,38,768,0.0,1,0.49390298,0.49390298,1.0337216,0.09252912,0.09252912,1.0,1.8799377e-13,2.0317255e-12,-26.895174,2.2742329,0.7580776,0.18400002,0.0,0.1587049,23.010113,23.040113,2460800
hardzero_plus_depr__c0p54__z1p05__lam0p030__nu0p50__psi1p00,hardzero_plus_depr,0.02,38,769,0.0,1,0.49390298,0.49390298,1.0648791,0.0,0.086123355,0.0,0.0,1.9716774e-12,-28.251732,2.3427808,0.78092694,0.08800001,0.0,0.18370426,23.040113,23.070114,2464000
hardzero_plus_depr__c0p54__z1p05__lam0p030__nu0p50__psi1p00,hardzero_plus_depr,0.02,38,770,0.0,1,0.49390298,0.49390298,1.0770104,0.0,0.08375091,0.0,0.0,1.9134043e-12,-27.127996,2.3694701,0.7898234,0.096,0.0,0.17620756,23.070114,23.100115,2467200
hardzero_plus_depr__c0p54__z1p05__lam0p030__nu0p50__psi1p00,hardzero_plus_depr,0.02,38,771,0.0,1,0.49390298,0.49390298,1.0647311,0.0,0.08615271,0.0,0.0,1.8568532e-12,-27.724443,2.3424551,0.7808184,0.16800001,0.0,0.16952765,23.100115,23.130116,2470400
hardzero_plus_depr__c0p54__z1p05__lam0p030__nu0p50__psi1p00,hardzero_plus_depr,0.02,38,772,0.0,1,0.49390298,0.49390298,1.0037222,0.0991466,0.0991466,1.0,1.7865958e-13,1.8019738e-12,-27.362474,2.2082329,0.73607767,0.128,0.0,0.15619414,23.130116,23.160116,2473600
hardzero_plus_depr__c0p54__z1p05__lam0p030__nu0p50__psi1p00,hardzero_plus_depr,0.02,38,773,0.0,1,0.49390298,0.49390298,1.0509973,0.0,0.088920675,0.0,0.0,1.7487163e-12,-27.111435,2.3122401,0.7707467,0.15200001,0.0,0.1584275,23.160116,23.190117,2476800
hardzero_plus_depr__c0p54__z1p05__lam0p030__nu0p50__psi1p00,hardzero_plus_depr,0.02,38,774,0.0,1,0.49390298,0.49390298,1.0742193,0.0,0.0842909,0.0,0.0,1.6970326e-12,-27.656189,2.3633296,0.7877766,0.120000005,0.0,0.16838695,23.190117,23.220118,2480000
hardzero_plus_depr__c0p54__z1p05__lam0p030__nu0p50__psi1p00,hardzero_plus_depr,0.02,38,775,0.0,1,0.49390298,0.49390298,1.0414491,0.09089729,0.09089729,1.0,1.4969662e-13,1.6468765e-12,-27.711689,2.2912338,0.7637446,0.15200001,0.0,0.17198665,23.220118,23.250118,2483200
hardzero_plus_depr__c0p54__z1p05__lam0p030__nu0p50__psi1p00,hardzero_plus_depr,0.02,38,776,0.0,1,0.49390298,0.49390298,1.0358413,0.0920786,0.0920786,1.0,1.4716028e-13,1.5982029e-12,-27.324244,2.2788966,0.75963223,0.15200001,0.0,0.15743521,23.250118,23.280119,2486400
hardzero_plus_depr__c0p54__z1p05__lam0p030__nu0p50__psi1p00,hardzero_plus_depr,0.02,38,777,0.0,1,0.49390298,0.49390298,1.0612341,0.0,0.08684921,0.0,0.0,1.5509679e-12,-27.85604,2.3347616,0.7782539,0.120000005,0.0,0.18296331,23.280119,23.31012,2489600
hardzero_plus_depr__c0p54__z1p05__lam0p030__nu0p50__psi1p00,hardzero_plus_depr,0.02,38,778,0.0,1,0.49390298,0.49390298,1.0097041,0.097790316,0.097790316,1.0,1.4718702e-13,1.5051288e-12,-27.265203,2.2213933,0.74046445,0.16800001,0.0,0.16479638,23.31012,23.34012,2492800
hardzero_plus_depr__c0p54__z1p05__lam0p030__nu0p50__psi1p00,hardzero_plus_depr,0.02,38,779,0.0,1,0.49390298,0.49390298,1.0751463,0.0,0.08411117,0.0,0.0,1.4606446e-12,-27.37499,2.365369,0.7884564,0.128,0.0,0.14997111,23.34012,23.370121,2496000
hardzero_plus_depr__c0p54__z1p05__lam0p030__nu0p50__psi1p00,hardzero_plus_depr,0.02,38,780,0.0,1,0.49390298,0.49390298,1.0238236,0.09466215,0.09466215,1.0,1.3418123e-13,1.4174749e-12,-27.78756,2.252457,0.75081897,0.16,0.0,0.14750105,23.370121,23.400122,2499200
hardzero_plus_depr__c0p54__z1p05__lam0p030__nu0p50__psi1p00,hardzero_plus_depr,0.02,38,781,0.0,1,0.49390298,0.49390298,1.01875,0.09577453,0.09577453,1.0,1.3174565e-13,1.3755813e-12,-27.081957,2.2412946,0.7470982,0.104,0.0,0.1460578,23.400122,23.430122,2502400
hardzero_plus_depr__c0p54__z1p05__lam0p030__nu0p50__psi1p00,hardzero_plus_depr,0.02,38,782,0.0,1,0.49390298,0.49390298,1.0968795,0.0,0.08000562,0.0,0.0,1.3349259e-12,-28.497284,2.413183,0.80439436,0.120000005,0.0,0.172647,23.430122,23.460123,2505600
hardzero_plus_depr__c0p54__z1p05__lam0p030__nu0p50__psi1p00,hardzero_plus_depr,0.02,38,783,0.0,1,0.49390298,0.49390298,1.0064834,0.09851823,0.09851823,1.0,1.2762759e-13,1.2954719e-12,-26.529186,2.2143078,0.7381026,0.14400001,0.0,0.17688093,23.460123,23.490124,2508800
hardzero_plus_depr__c0p54__z1p05__lam0p030__nu0p50__psi1p00,hardzero_plus_depr,0.02,38,784,0.0,1,0.49390298,0.49390298,1.0618873,0.0,0.08671869,0.0,0.0,1.257184e-12,-27.534029,2.3361986,0.7787329,0.18400002,0.0,0.1732605,23.490124,23.520124,2512000
hardzero_plus_depr__c0p54__z1p05__lam0p030__nu0p50__psi1p00,hardzero_plus_depr,0.02,38,785,0.0,1,0.49390298,0.49390298,1.0932348,0.0,0.080679886,0.0,0.0,1.2200278e-12,-28.471584,2.4051645,0.8017215,0.104,0.0,0.15320882,23.520124,23.550125,2515200
hardzero_plus_depr__c0p54__z1p05__lam0p030__nu0p50__psi1p00,hardzero_plus_depr,0.02,38,786,0.0,1,0.49390298,0.49390298,1.0503396,0.0,0.08905543,0.0,0.0,1.1839697e-12,-27.320393,2.3107932,0.7702644,0.16000001,0.0,0.1642337,23.550125,23.580126,2518400
hardzero_plus_depr__c0p54__z1p05__lam0p030__nu0p50__psi1p00,hardzero_plus_depr,0.02,38,787,0.0,1,0.49390298,0.49390298,1.0026027,0.099402495,0.099402495,1.0,1.1421121e-13,1.1489773e-12,-27.657557,2.20577,0.7352567,0.2,0.0,0.17045625,23.580126,23.610126,2521600
hardzero_plus_depr__c0p54__z1p05__lam0p030__nu0p50__psi1p00,hardzero_plus_depr,0.02,38,788,0.0,1,0.49390298,0.49390298,1.0724351,0.0,0.08463789,0.0,0.0,1.1150192e-12,-27.083305,2.3594043,0.78646815,0.080000006,0.0,0.18871291,23.610126,23.640127,2524800
hardzero_plus_depr__c0p54__z1p05__lam0p030__nu0p50__psi1p00,hardzero_plus_depr,0.02,38,789,0.0,1,0.49390298,0.49390298,0.99104464,0.10208346,0.10208346,1.0,1.104609e-13,1.0820647e-12,-26.668304,2.1803417,0.7267806,0.192,0.008,0.17652614,23.640127,23.670128,2528000
hardzero_plus_depr__c0p54__z1p05__lam0p030__nu0p50__psi1p00,hardzero_plus_depr,0.02,38,790,0.0,1,0.49390298,0.49390298,1.0482109,0.089493014,0.089493014,1.0,9.397519e-14,1.0500841e-12,-27.616001,2.30611,0.76870334,0.18400002,0.0,0.17235398,23.670128,23.700129,2531200
hardzero_plus_depr__c0p54__z1p05__lam0p030__nu0p50__psi1p00,hardzero_plus_depr,0.02,38,791,0.0,1,0.49390298,0.49390298,1.0487539,0.089381196,0.089381196,1.0,9.108379e-14,1.0190487e-12,-27.171629,2.3073046,0.76910156,0.192,0.0,0.16079096,23.700129,23.73013,2534400
hardzero_plus_depr__c0p54__z1p05__lam0p030__nu0p50__psi1p00,hardzero_plus_depr,0.02,38,792,0.0,1,0.49390298,0.49390298,1.0419439,0.09079378,0.09079378,1.0,8.978874e-14,9.889305e-13,-28.12533,2.2923224,0.76410747,0.18400002,0.0,0.13177224,23.73013,23.76013,2537600
hardzero_plus_depr__c0p54__z1p05__lam0p030__nu0p50__psi1p00,hardzero_plus_depr,0.02,38,793,0.0,1,0.49390298,0.49390298,1.0175023,0.09605007,0.09605007,1.0,9.21795e-14,9.597026e-13,-26.5272,2.2385497,0.7461833,0.12,0.0,0.15051827,23.76013,23.79013,2540800
hardzero_plus_depr__c0p54__z1p05__lam0p030__nu0p50__psi1p00,hardzero_plus_depr,0.02,38,794,0.0,1,0.49390298,0.49390298,1.0752281,0.0,0.08409533,0.0,0.0,9.313384e-13,-28.3037,2.365549,0.7885164,0.080000006,0.0,0.17481163,23.79013,23.820131,2544000
hardzero_plus_depr__c0p54__z1p05__lam0p030__nu0p50__psi1p00,hardzero_plus_depr,0.02,38,795,0.0,1,0.49390298,0.49390298,1.024238,0.09457188,0.09457188,1.0,8.547526e-14,9.038126e-13,-27.010214,2.2533686,0.7511229,0.17600001,0.0,0.14887215,23.820131,23.850132,2547200
hardzero_plus_depr__c0p54__z1p05__lam0p030__nu0p50__psi1p00,hardzero_plus_depr,0.02,38,796,0.0,1,0.49390298,0.49390298,1.0429274,0.0905884,0.0905884,1.0,7.945511e-14,8.771003e-13,-26.785187,2.294486,0.7648287,0.192,0.0,0.16317636,23.850132,23.880133,2550400
hardzero_plus_depr__c0p54__z1p05__lam0p030__nu0p50__psi1p00,hardzero_plus_depr,0.02,38,797,0.0,1,0.49390298,0.49390298,1.0523605,0.0,0.08864197,0.0,0.0,8.511774e-13,-28.173286,2.3152394,0.7717465,0.16000001,0.0,0.1728259,23.880133,23.910133,2553600
hardzero_plus_depr__c0p54__z1p05__lam0p030__nu0p50__psi1p00,hardzero_plus_depr,0.02,38,798,0.0,1,0.49390298,0.49390298,1.0055466,0.09873098,0.09873098,1.0,8.155385e-14,8.2602084e-13,-26.896965,2.2122467,0.73741555,0.15200001,0.0,0.15521048,23.910133,23.940134,2556800
hardzero_plus_depr__c0p54__z1p05__lam0p030__nu0p50__psi1p00,hardzero_plus_depr,0.02,38,799,0.0,1,0.49390298,0.49390298,1.0564108,0.0,0.08781914,0.0,0.0,8.016077e-13,-27.373487,2.32415,0.77471673,0.128,0.0,0.1806793,23.940134,23.970135,2560000
hardzero_plus_depr__c0p54__z1p05__lam0p030__nu0p50__psi1p00,hardzero_plus_depr,0.02,38,800,0.0,1,0.49390298,0.49390298,1.0018375,0.0995778,0.0995778,1.0,7.746317e-14,7.7791603e-13,-26.37371,2.2040865,0.73469555,0.15200001,0.0,0.1493155,23.970135,24.000135,2563200
hardzero_plus_depr__c0p54__z1p05__lam0p030__nu0p50__psi1p00,hardzero_plus_depr,0.02,38,801,0.0,1,0.49390298,0.49390298,1.0311675,0.09307487,0.09307487,1.0,7.0264514e-14,7.5492466e-13,-28.038116,2.2686138,0.7562046,0.120000005,0.0,0.17170668,24.000135,24.030136,2566400
hardzero_plus_depr__c0p54__z1p05__lam0p030__nu0p50__psi1p00,hardzero_plus_depr,0.02,38,802,0.0,1,0.49390298,0.49390298,1.0597383,0.0,0.08714885,0.0,0.0,7.326127e-13,-27.927681,2.3314707,0.77715695,0.128,0.0,0.18035474,24.030136,24.060137,2569600
hardzero_plus_depr__c0p54__z1p05__lam0p030__nu0p50__psi1p00,hardzero_plus_depr,0.02,38,803,0.0,1,0.49390298,0.49390298,1.0412654,0.090935744,0.090935744,1.0,6.465171e-14,7.109603e-13,-27.355703,2.2908297,0.7636099,0.128,0.0,0.14536117,24.060137,24.090137,2572800
hardzero_plus_depr__c0p54__z1p05__lam0p030__nu0p50__psi1p00,hardzero_plus_depr,0.02,38,804,0.0,1,0.49390298,0.49390298,1.0303977,0.09324001,0.09324001,1.0,6.433074e-14,6.8994783e-13,-27.670387,2.26692,0.75564003,0.16000001,0.0,0.17261402,24.090137,24.120138,2576000
hardzero_plus_depr__c0p54__z1p05__lam0p030__nu0p50__psi1p00,hardzero_plus_depr,0.02,38,805,0.0,1,0.49390298,0.49390298,1.0525932,0.0,0.088594496,0.0,0.0,6.6955626e-13,-28.13592,2.3157513,0.7719171,0.096,0.0,0.16854447,24.120138,24.150139,2579200
hardzero_plus_depr__c0p54__z1p05__lam0p030__nu0p50__psi1p00,hardzero_plus_depr,0.02,38,806,0.0,1,0.49390298,0.49390298,1.0562711,0.0,0.0878474,0.0,0.0,6.4976746e-13,-27.157743,2.3238428,0.7746143,0.13,0.0,0.18543679,24.150139,24.18014,2582400
hardzero_plus_depr__c0p54__z1p05__lam0p030__nu0p50__psi1p00,hardzero_plus_depr,0.02,38,807,0.0,1,0.49390298,0.49390298,1.0332986,0.092619285,0.092619285,1.0,5.8402346e-14,6.305635e-13,-26.996117,2.2733023,0.75776744,0.2,0.0,0.15561199,24.18014,24.21014,2585600
hardzero_plus_depr__c0p54__z1p05__lam0p030__nu0p50__psi1p00,hardzero_plus_depr,0.02,38,808,0.0,1,0.49390298,0.49390298,1.0128804,0.09707772,0.09707772,1.0,5.940449e-14,6.1192707e-13,-27.625761,2.2283814,0.7427938,0.15200001,0.0,0.1632966,24.21014,24.24014,2588800
hardzero_plus_depr__c0p54__z1p05__lam0p030__nu0p50__psi1p00,hardzero_plus_depr,0.02,38,809,0.0,1,0.49390298,0.49390298,1.0968299,0.0,0.08001476,0.0,0.0,5.938415e-13,-29.077139,2.413074,0.804358,0.16000001,0.0,0.19395442,24.24014,24.270142,2592000
hardzero_plus_depr__c0p54__z1p05__lam0p030__nu0p50__psi1p00,hardzero_plus_depr,0.02,38,810,0.0,1,0.49390298,0.49390298,1.0851544,0.0,0.08219504,0.0,0.0,5.762904e-13,-27.765934,2.3873873,0.7957958,0.16800001,0.0,0.17577444,24.270142,24.300142,2595200
hardzero_plus_depr__c0p54__z1p05__lam0p030__nu0p50__psi1p00,hardzero_plus_depr,0.02,38,811,0.0,1,0.49390298,0.49390298,1.1108505,0.0,0.07747285,0.0,0.0,5.592581e-13,-28.50935,2.44392,0.81464,0.17600001,0.0,0.185115,24.300142,24.330143,2598400
hardzero_plus_depr__c0p54__z1p05__lam0p030__nu0p50__psi1p00,hardzero_plus_depr,0.02,38,812,0.0,1,0.49390298,0.49390298,0.99027425,0.102264695,0.102264695,1.0,5.5502027e-14,5.427291e-13,-26.311068,2.1786468,0.7262156,0.15200001,0.0,0.13885158,24.330143,24.360144,2601600
hardzero_plus_depr__c0p54__z1p05__lam0p030__nu0p50__psi1p00,hardzero_plus_depr,0.02,38,813,0.0,1,0.49390298,0.49390298,0.98922414,0.102512285,0.102512285,1.0,5.3992065e-14,5.266887e-13,-26.236893,2.1763365,0.7254455,0.17600001,0.0,0.15397911,24.360144,24.390144,2604800
hardzero_plus_depr__c0p54__z1p05__lam0p030__nu0p50__psi1p00,hardzero_plus_depr,0.02,38,814,0.0,1,0.49390298,0.49390298,0.9596529,0.10973548,0.10973548,1.0,5.6088262e-14,5.111224e-13,-26.292356,2.1112785,0.70375955,0.14400001,0.0,0.13371842,24.390144,24.420145,2608000
hardzero_plus_depr__c0p54__z1p05__lam0p030__nu0p50__psi1p00,hardzero_plus_depr,0.02,38,815,0.0,1,0.49390298,0.49390298,0.98442173,0.103652135,0.103652135,1.0,5.141312e-14,4.9601604e-13,-27.1679,2.165771,0.7219237,0.208,0.0,0.15350302,24.420145,24.450146,2611200
hardzero_plus_depr__c0p54__z1p05__lam0p030__nu0p50__psi1p00,hardzero_plus_depr,0.02,38,816,0.0,1,0.49390298,0.49390298,0.99222606,0.101806134,0.101806134,1.0,4.900502e-14,4.813563e-13,-26.603086,2.182941,0.727647,0.112,0.0,0.13316543,24.450146,24.480146,2614400
hardzero_plus_depr__c0p54__z1p05__lam0p030__nu0p50__psi1p00,hardzero_plus_depr,0.02,38,817,0.0,1,0.49390298,0.49390298,1.0188686,0.09574837,0.09574837,1.0,4.4726907e-14,4.671297e-13,-27.587284,2.2415557,0.74718523,0.136,0.0,0.15177378,24.480146,24.510147,2617600
hardzero_plus_depr__c0p54__z1p05__lam0p030__nu0p50__psi1p00,hardzero_plus_depr,0.02,38,818,0.0,1,0.49390298,0.49390298,1.0157559,0.09643709,0.09643709,1.0,4.371721e-14,4.5332363e-13,-27.036613,2.2347076,0.74490255,0.14400001,0.0,0.13927808,24.510147,24.540148,2620800
hardzero_plus_depr__c0p54__z1p05__lam0p030__nu0p50__psi1p00,hardzero_plus_depr,0.02,38,819,0.0,1,0.49390298,0.49390298,1.011261,0.09744038,0.09744038,1.0,4.2866515e-14,4.3992558e-13,-27.16272,2.2248185,0.7416062,0.16,0.0,0.16162635,24.540148,24.570148,2624000
hardzero_plus_depr__c0p54__z1p05__lam0p030__nu0p50__psi1p00,hardzero_plus_depr,0.02,38,820,0.0,1,0.49390298,0.49390298,1.036574,0.091923386,0.091923386,1.0,3.9244256e-14,4.2692352e-13,-27.68075,2.2805083,0.76016945,0.112,0.0,0.16338608,24.570148,24.60015,2627200
hardzero_plus_depr__c0p54__z1p05__lam0p030__nu0p50__psi1p00,hardzero_plus_depr,0.02,38,821,0.0,1,0.49390298,0.49390298,1.0350751,0.09224119,0.09224119,1.0,3.8216056e-14,4.1430577e-13,-27.540958,2.2772107,0.7590703,0.120000005,0.0,0.16932863,24.60015,24.63015,2630400
hardzero_plus_depr__c0p54__z1p05__lam0p030__nu0p50__psi1p00,hardzero_plus_depr,0.02,38,822,0.0,1,0.49390298,0.49390298,1.0962548,0.0,0.08012078,0.0,0.0,4.0206087e-13,-27.728495,2.4118087,0.80393624,0.120000005,0.0,0.17400679,24.63015,24.66015,2633600
hardzero_plus_depr__c0p54__z1p05__lam0p030__nu0p50__psi1p00,hardzero_plus_depr,0.02,38,823,0.0,1,0.49390298,0.49390298,1.0090503,0.09793766,0.09793766,1.0,3.8213112e-14,3.901779e-13,-27.26383,2.219955,0.739985,0.18400002,0.0,0.14530213,24.66015,24.690151,2636800
hardzero_plus_depr__c0p54__z1p05__lam0p030__nu0p50__psi1p00,hardzero_plus_depr,0.02,38,824,0.0,1,0.49390298,0.49390298,1.0179789,0.09594471,0.09594471,1.0,3.6329097e-14,3.7864617e-13,-27.540403,2.2395983,0.7465328,0.15200001,0.0,0.15081048,24.690151,24.720152,2640000
hardzero_plus_depr__c0p54__z1p05__lam0p030__nu0p50__psi1p00,hardzero_plus_depr,0.02,38,825,0.0,1,0.49390298,0.49390298,1.0980303,0.0,0.079793885,0.0,0.0,3.6745523e-13,-28.457418,2.415715,0.80523837,0.16000001,0.0,0.16943848,24.720152,24.750153,2643200
hardzero_plus_depr__c0p54__z1p05__lam0p030__nu0p50__psi1p00,hardzero_plus_depr,0.02,38,826,0.0,1,0.49390298,0.49390298,1.0554262,0.0,0.08801846,0.0,0.0,3.5659507e-13,-27.968756,2.321984,0.7739947,0.120000005,0.0,0.17279582,24.750153,24.780153,2646400
hardzero_plus_depr__c0p54__z1p05__lam0p030__nu0p50__psi1p00,hardzero_plus_depr,0.02,38,827,0.0,1,0.49390298,0.49390298,1.0246679,0.09447831,0.09447831,1.0,3.2694767e-14,3.460558e-13,-27.03996,2.2543142,0.7514381,0.15200001,0.0,0.17414683,24.780153,24.810154,2649600
hardzero_plus_depr__c0p54__z1p05__lam0p030__nu0p50__psi1p00,hardzero_plus_depr,0.02,38,828,0.0,1,0.49390298,0.49390298,1.0516866,0.0,0.088779636,0.0,0.0,3.358281e-13,-27.330667,2.313757,0.77125233,0.16800001,0.0,0.1642891,24.810154,24.840155,2652800
hardzero_plus_depr__c0p54__z1p05__lam0p030__nu0p50__psi1p00,hardzero_plus_depr,0.02,38,829,0.0,1,0.49390298,0.49390298,1.0695428,0.0,0.08520346,0.0,0.0,3.2590263e-13,-27.976341,2.3530412,0.78434706,0.104,0.0,0.1469679,24.840155,24.870155,2656000
hardzero_plus_depr__c0p54__z1p05__lam0p030__nu0p50__psi1p00,hardzero_plus_depr,0.02,38,830,0.0,1,0.49390298,0.49390298,1.0055321,0.09873425,0.09873425,1.0,3.122674e-14,3.1627058e-13,-27.99947,2.212215,0.737405,0.17600001,0.0,0.1640591,24.870155,24.900156,2659200
hardzero_plus_depr__c0p54__z1p05__lam0p030__nu0p50__psi1p00,hardzero_plus_depr,0.02,38,831,0.0,1,0.49390298,0.49390298,1.0559427,0.0,0.08791385,0.0,0.0,3.0692316e-13,-27.935493,2.32312,0.7743734,0.120000005,0.0,0.17073661,24.900156,24.930157,2662400
hardzero_plus_depr__c0p54__z1p05__lam0p030__nu0p50__psi1p00,hardzero_plus_depr,0.02,38,832,0.0,1,0.49390298,0.49390298,1.0427706,0.0906211,0.0906211,1.0,2.6991672e-14,2.9785197e-13,-27.656355,2.2941413,0.76471376,0.22999999,0.0,0.18341324,24.930157,24.960157,2665600
hardzero_plus_depr__c0p54__z1p05__lam0p030__nu0p50__psi1p00,hardzero_plus_depr,0.02,38,833,0.0,1,0.49390298,0.49390298,1.0305332,0.09321091,0.09321091,1.0,2.6942514e-14,2.8904892e-13,-28.375448,2.2672184,0.75573945,0.14400001,0.0,0.16988142,24.960157,24.990158,2668800
hardzero_plus_depr__c0p54__z1p05__lam0p030__nu0p50__psi1p00,hardzero_plus_depr,0.02,38,834,0.0,1,0.49390298,0.49390298,1.0389627,0.09141916,0.09141916,1.0,2.5643628e-14,2.8050606e-13,-26.934595,2.2857637,0.7619213,0.17600001,0.0,0.15567511,24.990158,25.020159,2672000
hardzero_plus_depr__c0p54__z1p05__lam0p030__nu0p50__psi1p00,hardzero_plus_depr,0.02,38,835,0.0,1,0.49390298,0.49390298,1.0347745,0.092305034,0.092305034,1.0,2.5126875e-14,2.7221565e-13,-27.254213,2.2765493,0.7588498,0.120000005,0.0,0.17365396,25.020159,25.05016,2675200
hardzero_plus_depr__c0p54__z1p05__lam0p030__nu0p50__psi1p00,hardzero_plus_depr,0.02,38,836,0.0,1,0.49390298,0.49390298,1.0755529,0.0,0.08403245,0.0,0.0,2.641703e-13,-27.928795,2.3662636,0.7887546,0.128,0.0,0.16611922,25.05016,25.08016,2678400
hardzero_plus_depr__c0p54__z1p05__lam0p030__nu0p50__psi1p00,hardzero_plus_depr,0.02,38,837,0.0,1,0.49390298,0.49390298,0.94748825,0.11285265,0.11285265,1.0,2.893121e-14,2.563627e-13,-25.958227,2.0845158,0.69483864,0.224,0.0,0.14010422,25.08016,25.11016,2681600
hardzero_plus_depr__c0p54__z1p05__lam0p030__nu0p50__psi1p00,hardzero_plus_depr,0.02,38,838,0.0,1,0.49390298,0.49390298,1.0991325,0.0,0.07959165,0.0,0.0,2.4878586e-13,-28.887133,2.41814,0.80604666,0.14400001,0.0,0.19529621,25.11016,25.140162,2684800
hardzero_plus_depr__c0p54__z1p05__lam0p030__nu0p50__psi1p00,hardzero_plus_depr,0.02,38,839,0.0,1,0.49390298,0.49390298,1.004066,0.09906814,0.09906814,1.0,2.3918318e-14,2.4143299e-13,-27.051502,2.2089894,0.7363298,0.14400001,0.0,0.16402043,25.140162,25.170162,2688000
hardzero_plus_depr__c0p54__z1p05__lam0p030__nu0p50__psi1p00,hardzero_plus_depr,0.02,38,840,0.0,1,0.49390298,0.49390298,1.0178897,0.09596443,0.09596443,1.0,2.2484215e-14,2.342974e-13,-27.278576,2.239402,0.74646735,0.192,0.0,0.15775587,25.170162,25.200163,2691200
hardzero_plus_depr__c0p54__z1p05__lam0p030__nu0p50__psi1p00,hardzero_plus_depr,0.02,38,841,0.0,1,0.49390298,0.49390298,1.077368,0.0,0.083681986,0.0,0.0,2.2737269e-13,-27.775698,2.370257,0.7900857,0.16000001,0.0,0.16079028,25.200163,25.230164,2694400
hardzero_plus_depr__c0p54__z1p05__lam0p030__nu0p50__psi1p00,hardzero_plus_depr,0.02,38,842,0.0,1,0.49390298,0.49390298,1.0354044,0.09217127,0.09217127,1.0,2.0337834e-14,2.2065265e-13,-27.18731,2.2779353,0.7593118,0.096,0.0,0.14639875,25.230164,25.260164,2697600
hardzero_plus_depr__c0p54__z1p05__lam0p030__nu0p50__psi1p00,hardzero_plus_depr,0.02,38,843,0.0,1,0.49390298,0.49390298,1.0203637,0.095419325,0.095419325,1.0,2.043226e-14,2.1413124e-13,-26.61334,2.244845,0.74828166,0.128,0.0,0.15898786,25.260164,25.290165,2700800
hardzero_plus_depr__c0p54__z1p05__lam0p030__nu0p50__psi1p00,hardzero_plus_depr,0.02,38,844,0.0,1,0.49390298,0.49390298,1.0395272,0.09130043,0.09130043,1.0,1.8972464e-14,2.0780257e-13,-26.859854,2.2870054,0.7623352,0.2,0.0,0.17575736,25.290165,25.320166,2704000
hardzero_plus_depr__c0p54__z1p05__lam0p030__nu0p50__psi1p00,hardzero_plus_depr,0.02,38,845,0.0,1,0.49390298,0.49390298,1.0605718,0.0,0.08698175,0.0,0.0,2.0166093e-13,-26.46872,2.3333046,0.77776825,0.17999999,0.0,0.14928843,25.320166,25.350166,2707200
hardzero_plus_depr__c0p54__z1p05__lam0p030__nu0p50__psi1p00,hardzero_plus_depr,0.02,38,846,0.0,1,0.49390298,0.49390298,1.0301983,0.093282804,0.093282804,1.0,1.8255522e-14,1.9570082e-13,-27.89536,2.2664816,0.7554939,0.17600001,0.0,0.19199477,25.350166,25.380167,2710400
hardzero_plus_depr__c0p54__z1p05__lam0p030__nu0p50__psi1p00,hardzero_plus_depr,0.02,38,847,0.0,1,0.49390298,0.49390298,1.0528286,0.0,0.08854649,0.0,0.0,1.8991685e-13,-27.835413,2.3162692,0.7720897,0.16800001,0.0,0.16331923,25.380167,25.410168,2713600
hardzero_plus_depr__c0p54__z1p05__lam0p030__nu0p50__psi1p00,hardzero_plus_depr,0.02,38,848,0.0,1,0.49390298,0.49390298,1.0548327,0.0,0.088138826,0.0,0.0,1.8430384e-13,-27.933954,2.3206782,0.77355945,0.14400001,0.008,0.18087429,25.410168,25.440168,2716800
hardzero_plus_depr__c0p54__z1p05__lam0p030__nu0p50__psi1p00,hardzero_plus_depr,0.02,38,849,0.0,1,0.49390298,0.49390298,1.0327562,0.09273502,0.09273502,1.0,1.658628e-14,1.7885671e-13,-27.32522,2.272109,0.7573697,0.14400001,0.0,0.1391655,25.440168,25.47017,2720000
hardzero_plus_depr__c0p54__z1p05__lam0p030__nu0p50__psi1p00,hardzero_plus_depr,0.02,38,850,0.0,1,0.49390298,0.49390298,1.0372028,0.091790386,0.091790386,1.0,1.593211e-14,1.7357058e-13,-27.86877,2.2818918,0.7606306,0.16000001,0.0,0.17698707,25.47017,25.50017,2723200
hardzero_plus_depr__c0p54__z1p05__lam0p030__nu0p50__psi1p00,hardzero_plus_depr,0.02,38,851,0.0,1,0.49390298,0.49390298,1.0039343,0.09909819,0.09909819,1.0,1.6692167e-14,1.6844069e-13,-26.850777,2.2086995,0.7362332,0.15200001,0.0,0.1487652,25.50017,25.53017,2726400
hardzero_plus_depr__c0p54__z1p05__lam0p030__nu0p50__psi1p00,hardzero_plus_depr,0.02,38,852,0.0,1,0.49390298,0.49390298,1.0149544,0.09661522,0.09661522,1.0,1.5792953e-14,1.6346238e-13,-26.532549,2.2329445,0.74431485,0.16800001,0.0,0.13633743,25.53017,25.560171,2729600
hardzero_plus_depr__c0p54__z1p05__lam0p030__nu0p50__psi1p00,hardzero_plus_depr,0.02,38,853,0.0,1,0.49390298,0.49390298,1.0500072,0.0,0.08912361,0.0,0.0,1.5863123e-13,-27.332125,2.310062,0.77002066,0.192,0.0,0.15259059,25.560171,25.590172,2732800
hardzero_plus_depr__c0p54__z1p05__lam0p030__nu0p50__psi1p00,hardzero_plus_depr,0.02,38,854,0.0,1,0.49390298,0.49390298,1.0352374,0.09220672,0.09220672,1.0,1.41945654e-14,1.5394286e-13,-27.586466,2.2775679,0.7591893,0.192,0.0,0.17363264,25.590172,25.620173,2736000
hardzero_plus_depr__c0p54__z1p05__lam0p030__nu0p50__psi1p00,hardzero_plus_depr,0.02,38,855,0.0,1,0.49390298,0.49390298,1.0340025,0.09246927,0.09246927,1.0,1.3814266e-14,1.4939306e-13,-26.698267,2.274851,0.75828373,0.128,0.0,0.19206098,25.620173,25.650173,2739200
hardzero_plus_depr__c0p54__z1p05__lam0p030__nu0p50__psi1p00,hardzero_plus_depr,0.02,38,856,0.0,1,0.49390298,0.49390298,0.9815042,0.104350805,0.104350805,1.0,1.5128544e-14,1.4497774e-13,-26.829302,2.1593523,0.71978414,0.15200001,0.0,0.15482502,25.650173,25.680174,2742400
hardzero_plus_depr__c0p54__z1p05__lam0p030__nu0p50__psi1p00,hardzero_plus_depr,0.02,38,857,0.0,1,0.49390298,0.49390298,1.0117213,0.09733717,0.09733717,1.0,1.3694648e-14,1.4069289e-13,-26.040617,2.2258313,0.7419438,0.112,0.0,0.14980374,25.680174,25.710175,2745600
hardzero_plus_depr__c0p54__z1p05__lam0p030__nu0p50__psi1p00,hardzero_plus_depr,0.02,38,858,0.0,1,0.49390298,0.49390298,1.0542039,0.0,0.08826654,0.0,0.0,1.365347e-13,-27.812592,2.3192947,0.77309823,0.099999994,0.0,0.17169218,25.710175,25.740175,2748800
hardzero_plus_depr__c0p54__z1p05__lam0p030__nu0p50__psi1p00,hardzero_plus_depr,0.02,38,859,0.0,1,0.49390298,0.49390298,1.024296,0.09455923,0.09455923,1.0,1.2529042e-14,1.3249941e-13,-27.129078,2.2534962,0.7511654,0.16800001,0.0,0.17826445,25.740175,25.770176,2752000
hardzero_plus_depr__c0p54__z1p05__lam0p030__nu0p50__psi1p00,hardzero_plus_depr,0.02,38,860,0.0,1,0.49390298,0.49390298,1.0002009,0.099953756,0.099953756,1.0,1.2852389e-14,1.2858336e-13,-26.715633,2.200486,0.73349535,0.17600001,0.0,0.14450635,25.770176,25.800177,2755200
hardzero_plus_depr__c0p54__z1p05__lam0p030__nu0p50__psi1p00,hardzero_plus_depr,0.02,38,861,0.0,1,0.49390298,0.49390298,1.0891129,0.0,0.081449255,0.0,0.0,1.2478308e-13,-27.993076,2.3960962,0.7986988,0.120000005,0.0,0.19026068,25.800177,25.830177,2758400
hardzero_plus_depr__c0p54__z1p05__lam0p030__nu0p50__psi1p00,hardzero_plus_depr,0.02,38,862,0.0,1,0.49390298,0.49390298,1.026905,0.0939929,0.0939929,1.0,1.1382077e-14,1.2109508e-13,-27.31042,2.259236,0.7530787,0.16000001,0.0,0.19490594,25.830177,25.860178,2761600
hardzero_plus_depr__c0p54__z1p05__lam0p030__nu0p50__psi1p00,hardzero_plus_depr,0.02,38,863,0.0,1,0.49390298,0.49390298,1.0434756,0.09047413,0.09047413,1.0,1.0632167e-14,1.175161e-13,-28.621439,2.2956922,0.7652308,0.15200001,0.0,0.16720675,25.860178,25.890179,2764800
hardzero_plus_depr__c0p54__z1p05__lam0p030__nu0p50__psi1p00,hardzero_plus_depr,0.02,38,864,0.0,1,0.49390298,0.49390298,1.0493091,0.089266986,0.089266986,1.0,1.0180266e-14,1.140429e-13,-28.517818,2.3085263,0.7695088,0.072000004,0.0,0.15040387,25.890179,25.92018,2768000
hardzero_plus_depr__c0p54__z1p05__lam0p030__nu0p50__psi1p00,hardzero_plus_depr,0.02,38,865,0.0,1,0.49390298,0.49390298,0.9909947,0.102095194,0.102095194,1.0,1.1299115e-14,1.1067234e-13,-26.403091,2.1802318,0.72674394,0.208,0.0,0.13882941,25.92018,25.95018,2771200
hardzero_plus_depr__c0p54__z1p05__lam0p030__nu0p50__psi1p00,hardzero_plus_depr,0.02,38,866,0.0,1,0.49390298,0.49390298,0.9975081,0.10057542,0.10057542,1.0,1.0801942e-14,1.0740141e-13,-26.558805,2.1945617,0.7315206,0.208,0.008,0.17396025,25.95018,25.98018,2774400
hardzero_plus_depr__c0p54__z1p05__lam0p030__nu0p50__psi1p00,hardzero_plus_depr,0.02,38,867,0.0,1,0.49390298,0.49390298,1.0447899,0.090200745,0.090200745,1.0,9.401366e-15,1.0422715e-13,-27.136702,2.2985837,0.7661946,0.16000001,0.0,0.15211824,25.98018,26.010181,2777600
hardzero_plus_depr__c0p54__z1p05__lam0p030__nu0p50__psi1p00,hardzero_plus_depr,0.02,38,868,0.0,1,0.49390298,0.49390298,1.0169394,0.09617465,0.09617465,1.0,9.727749e-15,1.01146705e-13,-27.043,2.2373114,0.74577045,0.14400001,0.0,0.14119728,26.010181,26.040182,2780800
hardzero_plus_depr__c0p54__z1p05__lam0p030__nu0p50__psi1p00,hardzero_plus_depr,0.02,38,869,0.0,1,0.49390298,0.49390298,1.0208577,0.095310844,0.095310844,1.0,9.355454e-15,9.8157295e-14,-27.196392,2.2459319,0.748644,0.16800001,0.0,0.14032881,26.040182,26.070183,2784000
hardzero_plus_depr__c0p54__z1p05__lam0p030__nu0p50__psi1p00,hardzero_plus_depr,0.02,38,870,0.0,1,0.49390298,0.49390298,1.043743,0.09041843,0.09041843,1.0,8.61292e-15,9.525625e-14,-27.7759,2.2962804,0.7654268,0.14400001,0.0,0.16446155,26.070183,26.100183,2787200
hardzero_plus_depr__c0p54__z1p05__lam0p030__nu0p50__psi1p00,hardzero_plus_depr,0.02,38,871,0.0,1,0.49390298,0.49390298,1.0279824,0.09376002,0.09376002,1.0,8.667264e-15,9.2440934e-14,-27.33889,2.2616065,0.7538688,0.14,0.0,0.164229,26.100183,26.130184,2790400
hardzero_plus_depr__c0p54__z1p05__lam0p030__nu0p50__psi1p00,hardzero_plus_depr,0.02,38,872,0.0,1,0.49390298,0.49390298,1.0600169,0.0,0.08709298,0.0,0.0,8.9708826e-14,-29.056639,2.3320837,0.7773613,0.104,0.0,0.17121023,26.130184,26.160185,2793600
hardzero_plus_depr__c0p54__z1p05__lam0p030__nu0p50__psi1p00,hardzero_plus_depr,0.02,38,873,0.0,1,0.49390298,0.49390298,1.0395826,0.09128877,0.09128877,1.0,7.94737e-15,8.705748e-14,-27.168694,2.2871275,0.76237583,0.208,0.0,0.18698484,26.160185,26.190186,2796800
hardzero_plus_depr__c0p54__z1p05__lam0p030__nu0p50__psi1p00,hardzero_plus_depr,0.02,38,874,0.0,1,0.49390298,0.49390298,1.075721,0.0,0.08399994,0.0,0.0,8.4484476e-14,-28.523079,2.3666334,0.78887784,0.112,0.0,0.16131268,26.190186,26.220186,2800000
hardzero_plus_depr__c0p54__z1p05__lam0p030__nu0p50__psi1p00,hardzero_plus_depr,0.02,38,875,0.0,1,0.49390298,0.49390298,1.0401415,0.09117138,0.09117138,1.0,7.474916e-15,8.198753e-14,-27.32684,2.2883568,0.7627856,0.15200001,0.0,0.16879293,26.220186,26.250187,2803200
hardzero_plus_depr__c0p54__z1p05__lam0p030__nu0p50__psi1p00,hardzero_plus_depr,0.02,38,876,0.0,1,0.49390298,0.49390298,1.0678633,0.0,0.085533574,0.0,0.0,7.956437e-14,-28.394426,2.3493464,0.7831155,0.16800001,0.0,0.17377095,26.250187,26.280188,2806400
hardzero_plus_depr__c0p54__z1p05__lam0p030__nu0p50__psi1p00,hardzero_plus_depr,0.02,38,877,0.0,1,0.49390298,0.49390298,1.0074292,0.09830389,0.09830389,1.0,7.590323e-15,7.721285e-14,-26.827166,2.2163887,0.73879623,0.16000001,0.0,0.1794812,26.280188,26.310188,2809600
hardzero_plus_depr__c0p54__z1p05__lam0p030__nu0p50__psi1p00,hardzero_plus_depr,0.02,38,878,0.0,1,0.49390298,0.49390298,1.0717744,0.0,0.084766775,0.0,0.0,7.4930805e-14,-28.509277,2.3579507,0.78598356,0.15200001,0.0,0.16895595,26.310188,26.340189,2812800
hardzero_plus_depr__c0p54__z1p05__lam0p030__nu0p50__psi1p00,hardzero_plus_depr,0.02,38,879,0.0,1,0.49390298,0.49390298,1.0574468,0.0,0.08760989,0.0,0.0,7.271621e-14,-28.259892,2.3264294,0.77547646,0.16000001,0.0,0.18229605,26.340189,26.37019,2816000
hardzero_plus_depr__c0p54__z1p05__lam0p030__nu0p50__psi1p00,hardzero_plus_depr,0.02,38,880,0.0,1,0.49390298,0.49390298,1.0391026,0.091389745,0.091389745,1.0,6.449107e-15,7.0567074e-14,-27.116833,2.2860713,0.7620238,0.120000005,0.0,0.14762032,26.37019,26.40019,2819200
hardzero_plus_depr__c0p54__z1p05__lam0p030__nu0p50__psi1p00,hardzero_plus_depr,0.02,38,881,0.0,1,0.49390298,0.49390298,0.99323153,0.1015707,0.1015707,1.0,6.9557096e-15,6.8481455e-14,-25.357407,2.185153,0.7283844,0.192,0.0,0.1644586,26.40019,26.430191,2822400
hardzero_plus_depr__c0p54__z1p05__lam0p030__nu0p50__psi1p00,hardzero_plus_depr,0.02,38,882,0.0,1,0.49390298,0.49390298,1.0738784,0.0,0.08435708,0.0,0.0,6.645748e-14,-27.989754,2.3625796,0.78752655,0.16000001,0.0,0.15618785,26.430191,26.460192,2825600
hardzero_plus_depr__c0p54__z1p05__lam0p030__nu0p50__psi1p00,hardzero_plus_depr,0.02,38,883,0.0,1,0.49390298,0.49390298,1.0469564,0.089751884,0.089751884,1.0,5.788397e-15,6.449332e-14,-27.557653,2.3033502,0.7677834,0.120000005,0.0,0.13750255,26.460192,26.490192,2828800
hardzero_plus_depr__c0p54__z1p05__lam0p030__nu0p50__psi1p00,hardzero_plus_depr,0.02,38,884,0.0,1,0.49390298,0.49390298,1.1190001,0.0,0.076032616,0.0,0.0,6.258721e-14,-28.8899,2.4618492,0.8206164,0.17999999,0.0,0.17836927,26.490192,26.520193,2832000
hardzero_plus_depr__c0p54__z1p05__lam0p030__nu0p50__psi1p00,hardzero_plus_depr,0.02,38,885,0.0,1,0.49390298,0.49390298,1.033606,0.09255372,0.09255372,1.0,5.621476e-15,6.073744e-14,-27.77956,2.2739787,0.7579929,0.14400001,0.008,0.18108112,26.520193,26.550194,2835200
hardzero_plus_depr__c0p54__z1p05__lam0p030__nu0p50__psi1p00,hardzero_plus_depr,0.02,38,886,0.0,1,0.49390298,0.49390298,1.1251118,0.0,0.074970104,0.0,0.0,5.894233e-14,-28.231583,2.4752955,0.8250985,0.128,0.0,0.18771881,26.550194,26.580194,2838400
hardzero_plus_depr__c0p54__z1p05__lam0p030__nu0p50__psi1p00,hardzero_plus_depr,0.02,38,887,0.0,1,0.49390298,0.49390298,1.0509,0.0,0.08894058,0.0,0.0,5.7200284e-14,-27.152046,2.312026,0.77067536,0.2,0.0,0.17991388,26.580194,26.610195,2841600
hardzero_plus_depr__c0p54__z1p05__lam0p030__nu0p50__psi1p00,hardzero_plus_depr,0.02,38,888,0.0,1,0.49390298,0.49390298,1.0786154,0.0,0.083441965,0.0,0.0,5.5509725e-14,-28.398869,2.3730013,0.7910005,0.120000005,0.0,0.17824596,26.610195,26.640196,2844800
hardzero_plus_depr__c0p54__z1p05__lam0p030__nu0p50__psi1p00,hardzero_plus_depr,0.02,38,889,0.0,1,0.49390298,0.49390298,1.0773964,0.0,0.08367652,0.0,0.0,5.3869127e-14,-28.248587,2.3703194,0.7901065,0.2,0.0,0.166461,26.640196,26.670197,2848000
hardzero_plus_depr__c0p54__z1p05__lam0p030__nu0p50__psi1p00,hardzero_plus_depr,0.02,38,890,0.0,1,0.49390298,0.49390298,1.0290381,0.09353237,0.09353237,1.0,4.8895934e-15,5.2277017e-14,-27.076914,2.263929,0.75464296,0.216,0.008,0.1756152,26.670197,26.700197,2851200
hardzero_plus_depr__c0p54__z1p05__lam0p030__nu0p50__psi1p00,hardzero_plus_depr,0.02,38,891,0.0,1,0.49390298,0.49390298,1.0820619,0.0,0.08278241,0.0,0.0,5.073196e-14,-28.382568,2.3805838,0.79352796,0.128,0.0,0.2109284,26.700197,26.730198,2854400
hardzero_plus_depr__c0p54__z1p05__lam0p030__nu0p50__psi1p00,hardzero_plus_depr,0.02,38,892,0.0,1,0.49390298,0.49390298,1.0829511,0.0,0.0826131,0.0,0.0,4.9232574e-14,-28.986647,2.38254,0.79418004,0.120000005,0.0,0.2026266,26.730198,26.760199,2857600
hardzero_plus_depr__c0p54__z1p05__lam0p030__nu0p50__psi1p00,hardzero_plus_depr,0.02,38,893,0.0,1,0.49390298,0.49390298,1.038455,0.0915261,0.0915261,1.0,4.372888e-15,4.77775e-14,-27.421558,2.2846465,0.7615489,0.096,0.0,0.14591838,26.760199,26.7902,2860800
hardzero_plus_depr__c0p54__z1p05__lam0p030__nu0p50__psi1p00,hardzero_plus_depr,0.02,38,894,0.0,1,0.49390298,0.49390298,1.0821915,0.0,0.08275772,0.0,0.0,4.6365428e-14,-27.68855,2.3808687,0.7936229,0.14400001,0.0,0.15024297,26.7902,26.8202,2864000
hardzero_plus_depr__c0p54__z1p05__lam0p030__nu0p50__psi1p00,hardzero_plus_depr,0.02,38,895,0.0,1,0.49390298,0.49390298,1.037042,0.091824375,0.091824375,1.0,4.1316463e-15,4.499509e-14,-27.037931,2.281538,0.7605127,0.136,0.0,0.13847993,26.8202,26.8502,2867200
hardzero_plus_depr__c0p54__z1p05__lam0p030__nu0p50__psi1p00,hardzero_plus_depr,0.02,38,896,0.0,1,0.49390298,0.49390298,1.0438577,0.09039457,0.09039457,1.0,3.947102e-15,4.3665253e-14,-27.224157,2.2965329,0.765511,0.224,0.008,0.18448131,26.8502,26.880201,2870400
hardzero_plus_depr__c0p54__z1p05__lam0p030__nu0p50__psi1p00,hardzero_plus_depr,0.02,38,897,0.0,1,0.49390298,0.49390298,1.0043164,0.09901102,0.09901102,1.0,4.1955647e-15,4.2374724e-14,-27.15594,2.2095404,0.7365135,0.17999999,0.0,0.15976557,26.880201,26.910202,2873600
hardzero_plus_depr__c0p54__z1p05__lam0p030__nu0p50__psi1p00,hardzero_plus_depr,0.02,38,898,0.0,1,0.49390298,0.49390298,1.0342832,0.09240954,0.09240954,1.0,3.800096e-15,4.112233e-14,-27.259686,2.2754683,0.7584895,0.192,0.0,0.16460519,26.910202,26.940203,2876800
hardzero_plus_depr__c0p54__z1p05__lam0p030__nu0p50__psi1p00,hardzero_plus_depr,0.02,38,899,0.0,1,0.49390298,0.49390298,1.0283875,0.09367256,0.09367256,1.0,3.738187e-15,3.9906958e-14,-27.032759,2.262498,0.754166,0.104,0.0,0.15092203,26.940203,26.970203,2880000
hardzero_plus_depr__c0p54__z1p05__lam0p030__nu0p50__psi1p00,hardzero_plus_depr,0.02,38,900,0.0,1,0.49390298,0.49390298,1.0743138,0.0,0.08427257,0.0,0.0,3.8727502e-14,-27.612686,2.3635375,0.78784585,0.14400001,0.0,0.15434593,26.970203,27.000204,2883200
hardzero_plus_depr__c0p54__z1p05__lam0p030__nu0p50__psi1p00,hardzero_plus_depr,0.02,38,901,0.0,1,0.49390298,0.49390298,1.0182213,0.0958912,0.0958912,1.0,3.60387e-15,3.7582906e-14,-28.009172,2.2401316,0.74671054,0.17600001,0.0,0.16298951,27.000204,27.030205,2886400
hardzero_plus_depr__c0p54__z1p05__lam0p030__nu0p50__psi1p00,hardzero_plus_depr,0.02,38,902,0.0,1,0.49390298,0.49390298,1.0408194,0.09102918,0.09102918,1.0,3.320029e-15,3.647214e-14,-27.816275,2.2898483,0.7632828,0.17600001,0.0,0.18367091,27.030205,27.060205,2889600
hardzero_plus_depr__c0p54__z1p05__lam0p030__nu0p50__psi1p00,hardzero_plus_depr,0.02,38,903,0.0,1,0.49390298,0.49390298,0.99013007,0.10229865,0.10229865,1.0,3.6207783e-15,3.5394197e-14,-26.628933,2.1783297,0.7261099,0.208,0.0,0.15027288,27.060205,27.090206,2892800
hardzero_plus_depr__c0p54__z1p05__lam0p030__nu0p50__psi1p00,hardzero_plus_depr,0.02,38,904,0.0,1,0.49390298,0.49390298,1.0060849,0.09860865,0.09860865,1.0,3.3870215e-15,3.4348118e-14,-27.362122,2.2134311,0.7378104,0.128,0.0,0.16401567,27.090206,27.120207,2896000
hardzero_plus_depr__c0p54__z1p05__lam0p030__nu0p50__psi1p00,hardzero_plus_depr,0.02,38,905,0.0,1,0.49390298,0.49390298,1.0661124,0.0,0.08587913,0.0,0.0,3.3332952e-14,-27.89388,2.345494,0.7818314,0.128,0.0,0.16445848,27.120207,27.150208,2899200
hardzero_plus_depr__c0p54__z1p05__lam0p030__nu0p50__psi1p00,hardzero_plus_depr,0.02,38,906,0.0,1,0.49390298,0.49390298,1.0161225,0.096355714,0.096355714,1.0,3.1168945e-15,3.2347792e-14,-27.108404,2.2355142,0.7451714,0.192,0.0,0.1521201,27.150208,27.180208,2902400
hardzero_plus_depr__c0p54__z1p05__lam0p030__nu0p50__psi1p00,hardzero_plus_depr,0.02,38,907,0.0,1,0.49390298,0.49390298,1.0630472,0.0,0.086487405,0.0,0.0,3.1391753e-14,-27.333025,2.3387506,0.7795836,0.192,0.0,0.16822483,27.180208,27.210209,2905600
hardzero_plus_depr__c0p54__z1p05__lam0p030__nu0p50__psi1p00,hardzero_plus_depr,0.02,38,908,0.0,1,0.49390298,0.49390298,1.1070677,0.0,0.0781506,0.0,0.0,3.0463967e-14,-28.544216,2.4355977,0.8118659,0.14400001,0.0,0.17490359,27.210209,27.24021,2908800
hardzero_plus_depr__c0p54__z1p05__lam0p030__nu0p50__psi1p00,hardzero_plus_depr,0.02,38,909,0.0,1,0.49390298,0.49390298,1.0389884,0.09141378,0.09141378,1.0,2.7025202e-15,2.9563598e-14,-27.365702,2.28582,0.76194,0.16800001,0.0,0.14957799,27.24021,27.27021,2912000
hardzero_plus_depr__c0p54__z1p05__lam0p030__nu0p50__psi1p00,hardzero_plus_depr,0.02,38,910,0.0,1,0.49390298,0.49390298,1.0452706,0.09010097,0.09010097,1.0,2.5849826e-15,2.8689843e-14,-26.869282,2.2996411,0.7665471,0.12,0.0,0.13855515,27.27021,27.30021,2915200
hardzero_plus_depr__c0p54__z1p05__lam0p030__nu0p50__psi1p00,hardzero_plus_depr,0.02,38,911,0.0,1,0.49390298,0.49390298,1.0285057,0.093647085,0.093647085,1.0,2.6073135e-15,2.7841909e-14,-27.614006,2.2627578,0.7542526,0.192,0.0,0.1631896,27.30021,27.330212,2918400
hardzero_plus_depr__c0p54__z1p05__lam0p030__nu0p50__psi1p00,hardzero_plus_depr,0.02,38,912,0.0,1,0.49390298,0.49390298,1.0569797,0.0,0.08770418,0.0,0.0,2.7019038e-14,-27.437452,2.3254018,0.77513397,0.128,0.0,0.16694184,27.330212,27.360212,2921600
hardzero_plus_depr__c0p54__z1p05__lam0p030__nu0p50__psi1p00,hardzero_plus_depr,0.02,38,913,0.0,1,0.49390298,0.49390298,1.0288718,0.09356819,0.09356819,1.0,2.4534036e-15,2.6220488e-14,-27.092989,2.2635632,0.7545211,0.14400001,0.0,0.1639794,27.360212,27.390213,2924800
hardzero_plus_depr__c0p54__z1p05__lam0p030__nu0p50__psi1p00,hardzero_plus_depr,0.02,38,914,0.0,1,0.49390298,0.49390298,1.0756278,0.0,0.08401797,0.0,0.0,2.5445536e-14,-28.216915,2.3664284,0.7888095,0.136,0.0,0.16185611,27.390213,27.420214,2928000
hardzero_plus_depr__c0p54__z1p05__lam0p030__nu0p50__psi1p00,hardzero_plus_depr,0.02,38,915,0.0,1,0.49390298,0.49390298,1.0220599,0.09504736,0.09504736,1.0,2.3470512e-15,2.469349e-14,-26.992413,2.2485766,0.74952555,0.17600001,0.0,0.14406782,27.420214,27.450214,2931200
hardzero_plus_depr__c0p54__z1p05__lam0p030__nu0p50__psi1p00,hardzero_plus_depr,0.02,38,916,0.0,1,0.49390298,0.49390298,0.9803615,0.10462571,0.10462571,1.0,2.5072163e-15,2.3963672e-14,-26.176058,2.1568384,0.71894616,0.17600001,0.0,0.1448872,27.450214,27.480215,2934400
hardzero_plus_depr__c0p54__z1p05__lam0p030__nu0p50__psi1p00,hardzero_plus_depr,0.02,38,917,0.0,1,0.49390298,0.49390298,1.0498719,0.08915139,0.08915139,1.0,2.0732533e-15,2.3255423e-14,-28.170322,2.3097644,0.7699215,0.18400002,0.0,0.17691903,27.480215,27.510216,2937600
hardzero_plus_depr__c0p54__z1p05__lam0p030__nu0p50__psi1p00,hardzero_plus_depr,0.02,38,918,0.0,1,0.49390298,0.49390298,1.0813823,0.0,0.08291206,0.0,0.0,2.2568104e-14,-28.382236,2.3790884,0.7930295,0.14400001,0.0,0.17437607,27.510216,27.540216,2940800
hardzero_plus_depr__c0p54__z1p05__lam0p030__nu0p50__psi1p00,hardzero_plus_depr,0.02,38,919,0.0,1,0.49390298,0.49390298,1.0229002,0.094863646,0.094863646,1.0,2.0776183e-15,2.19011e-14,-27.386974,2.2504253,0.7501418,0.120000005,0.0,0.13873427,27.540216,27.570217,2944000
hardzero_plus_depr__c0p54__z1p05__lam0p030__nu0p50__psi1p00,hardzero_plus_depr,0.02,38,920,0.0,1,0.49390298,0.49390298,1.0966723,0.0,0.0800438,0.0,0.0,2.1253812e-14,-28.509594,2.412727,0.8042424,0.104,0.0,0.20108558,27.570217,27.600218,2947200
hardzero_plus_depr__c0p54__z1p05__lam0p030__nu0p50__psi1p00,hardzero_plus_depr,0.02,38,921,0.0,1,0.49390298,0.49390298,1.005651,0.09870724,0.09870724,1.0,2.035901e-15,2.0625652e-14,-26.701424,2.2124763,0.7374921,0.16800001,0.0,0.15493497,27.600218,27.630219,2950400
hardzero_plus_depr__c0p54__z1p05__lam0p030__nu0p50__psi1p00,hardzero_plus_depr,0.02,38,922,0.0,1,0.49390298,0.49390298,1.0477705,0.08958381,0.08958381,1.0,1.7931148e-15,2.001606e-14,-28.011251,2.3051412,0.7683804,0.16000001,0.0,0.18190208,27.630219,27.66022,2953600
hardzero_plus_depr__c0p54__z1p05__lam0p030__nu0p50__psi1p00,hardzero_plus_depr,0.02,38,923,0.0,1,0.49390298,0.49390298,1.0357529,0.09209735,0.09209735,1.0,1.7889431e-15,1.942448e-14,-27.414509,2.2787018,0.75956726,0.12,0.0,0.15515313,27.66022,27.69022,2956800
hardzero_plus_depr__c0p54__z1p05__lam0p030__nu0p50__psi1p00,hardzero_plus_depr,0.02,38,924,0.0,1,0.49390298,0.49390298,1.0594302,0.0,0.087210685,0.0,0.0,1.8850388e-14,-27.023443,2.3307931,0.77693105,0.136,0.0,0.17718738,27.69022,27.72022,2960000
hardzero_plus_depr__c0p54__z1p05__lam0p030__nu0p50__psi1p00,hardzero_plus_depr,0.02,38,925,0.0,1,0.49390298,0.49390298,1.0674714,0.0,0.085610814,0.0,0.0,1.8293264e-14,-27.938148,2.348484,0.78282803,0.120000005,0.0,0.1690515,27.72022,27.750221,2963200
hardzero_plus_depr__c0p54__z1p05__lam0p030__nu0p50__psi1p00,hardzero_plus_depr,0.02,38,926,0.0,1,0.49390298,0.49390298,1.0295604,0.09341993,0.09341993,1.0,1.6584468e-15,1.7752601e-14,-26.800234,2.2650783,0.7550261,0.120000005,0.0,0.13643236,27.750221,27.780222,2966400
hardzero_plus_depr__c0p54__z1p05__lam0p030__nu0p50__psi1p00,hardzero_plus_depr,0.02,38,927,0.0,1,0.49390298,0.49390298,1.0307877,0.09315631,0.09315631,1.0,1.6048896e-15,1.7227922e-14,-26.41952,2.2677782,0.7559261,0.18400002,0.0,0.13130796,27.780222,27.810223,2969600
hardzero_plus_depr__c0p54__z1p05__lam0p030__nu0p50__psi1p00,hardzero_plus_depr,0.02,38,928,0.0,1,0.49390298,0.49390298,1.0749571,0.0,0.08414781,0.0,0.0,1.6718748e-14,-28.077654,2.3649528,0.7883176,0.14400001,0.0,0.17262487,27.810223,27.840223,2972800
hardzero_plus_depr__c0p54__z1p05__lam0p030__nu0p50__psi1p00,hardzero_plus_depr,0.02,38,929,0.0,1,0.49390298,0.49390298,1.0213674,0.09519904,0.09519904,1.0,1.5445686e-15,1.6224623e-14,-26.198095,2.2470531,0.7490177,0.15200001,0.0,0.12725455,27.840223,27.870224,2976000
hardzero_plus_depr__c0p54__z1p05__lam0p030__nu0p50__psi1p00,hardzero_plus_depr,0.02,38,930,0.0,1,0.49390298,0.49390298,1.0671962,0.0,0.08566506,0.0,0.0,1.5745104e-14,-28.136803,2.3478787,0.7826263,0.136,0.0,0.18581717,27.870224,27.900225,2979200
hardzero_plus_depr__c0p54__z1p05__lam0p030__nu0p50__psi1p00,hardzero_plus_depr,0.02,38,931,0.0,1,0.49390298,0.49390298,1.0856668,0.0,0.08209811,0.0,0.0,1.5279753e-14,-27.649063,2.3885145,0.79617155,0.17600001,0.0,0.1814768,27.900225,27.930225,2982400
hardzero_plus_depr__c0p54__z1p05__lam0p030__nu0p50__psi1p00,hardzero_plus_depr,0.02,38,932,0.0,1,0.49390298,0.49390298,1.0156585,0.09645871,0.09645871,1.0,1.4303051e-15,1.4828159e-14,-27.06802,2.2344933,0.7448311,0.17600001,0.0,0.13728346,27.930225,27.960226,2985600
hardzero_plus_depr__c0p54__z1p05__lam0p030__nu0p50__psi1p00,hardzero_plus_depr,0.02,38,933,0.0,1,0.49390298,0.49390298,1.0562373,0.0,0.087854214,0.0,0.0,1.438991e-14,-27.689548,2.3237686,0.77458954,0.128,0.0,0.16814083,27.960226,27.990227,2988800
hardzero_plus_depr__c0p54__z1p05__lam0p030__nu0p50__psi1p00,hardzero_plus_depr,0.02,38,934,0.0,1,0.49390298,0.49390298,1.0611948,0.0,0.08685708,0.0,0.0,1.3964615e-14,-28.000814,2.334675,0.77822506,0.15200001,0.0,0.18266267,27.990227,28.020227,2992000
hardzero_plus_depr__c0p54__z1p05__lam0p030__nu0p50__psi1p00,hardzero_plus_depr,0.02,38,935,0.0,1,0.49390298,0.49390298,1.0374982,0.091727965,0.091727965,1.0,1.2430872e-15,1.3551889e-14,-27.178389,2.2825418,0.7608473,0.15200001,0.0,0.14771146,28.020227,28.050228,2995200
hardzero_plus_depr__c0p54__z1p05__lam0p030__nu0p50__psi1p00,hardzero_plus_depr,0.02,38,936,0.0,1,0.49390298,0.49390298,1.0241119,0.094599344,0.094599344,1.0,1.2441101e-15,1.3151361e-14,-27.199808,2.253091,0.7510304,0.17999999,0.0,0.15964341,28.050228,28.080229,2998400
hardzero_plus_depr__c0p54__z1p05__lam0p030__nu0p50__psi1p00,hardzero_plus_depr,0.02,38,937,0.0,1,0.49390298,0.49390298,1.0084347,0.098076575,0.098076575,1.0,1.2517191e-15,1.27626715e-14,-26.420715,2.2186005,0.73953354,0.16000001,0.0,0.114890054,28.080229,28.11023,3001600
hardzero_plus_depr__c0p54__z1p05__lam0p030__nu0p50__psi1p00,hardzero_plus_depr,0.02,38,938,0.0,1,0.49390298,0.49390298,1.0280672,0.093741685,0.093741685,1.0,1.1610346e-15,1.2385468e-14,-27.491432,2.2617931,0.75393105,0.16000001,0.0,0.1531069,28.11023,28.14023,3004800
hardzero_plus_depr__c0p54__z1p05__lam0p030__nu0p50__psi1p00,hardzero_plus_depr,0.02,38,939,0.0,1,0.49390298,0.49390298,1.0503662,0.0,0.089049995,0.0,0.0,1.20194145e-14,-27.68384,2.3108518,0.77028394,0.14400001,0.0,0.19522336,28.14023,28.17023,3008000
hardzero_plus_depr__c0p54__z1p05__lam0p030__nu0p50__psi1p00,hardzero_plus_depr,0.02,38,940,0.0,1,0.49390298,0.49390298,1.0816015,0.0,0.08287022,0.0,0.0,1.166418e-14,-28.426338,2.3795707,0.79319024,0.128,0.0,0.16822705,28.17023,28.200232,3011200
hardzero_plus_depr__c0p54__z1p05__lam0p030__nu0p50__psi1p00,hardzero_plus_depr,0.02,38,941,0.0,1,0.49390298,0.49390298,1.0334219,0.092592984,0.092592984,1.0,1.048101e-15,1.13194425e-14,-27.093393,2.2735734,0.7578578,0.16800001,0.0,0.1720189,28.200232,28.230232,3014400
hardzero_plus_depr__c0p54__z1p05__lam0p030__nu0p50__psi1p00,hardzero_plus_depr,0.02,38,942,0.0,1,0.49390298,0.49390298,1.0675126,0.0,0.08560267,0.0,0.0,1.0984894e-14,-28.22047,2.3485746,0.78285825,0.08800001,0.0,0.18205771,28.230232,28.260233,3017600
hardzero_plus_depr__c0p54__z1p05__lam0p030__nu0p50__psi1p00,hardzero_plus_depr,0.02,38,943,0.0,1,0.49390298,0.49390298,1.0024104,0.09944652,0.09944652,1.0,1.0601231e-15,1.0660234e-14,-26.446201,2.2053468,0.73511565,0.17600001,0.0,0.13811484,28.260233,28.290234,3020800
hardzero_plus_depr__c0p54__z1p05__lam0p030__nu0p50__psi1p00,hardzero_plus_depr,0.02,38,944,0.0,1,0.49390298,0.49390298,1.0325322,0.09278286,0.09278286,1.0,9.598546e-16,1.0345171e-14,-27.93435,2.2716162,0.7572054,0.136,0.0,0.16252369,28.290234,28.320234,3024000
hardzero_plus_depr__c0p54__z1p05__lam0p030__nu0p50__psi1p00,hardzero_plus_depr,0.02,38,945,0.0,1,0.49390298,0.49390298,1.0082287,0.098123126,0.098123126,1.0,9.85099e-16,1.0039417e-14,-27.174318,2.2181473,0.73938245,0.24000001,0.0,0.18665081,28.320234,28.350235,3027200
hardzero_plus_depr__c0p54__z1p05__lam0p030__nu0p50__psi1p00,hardzero_plus_depr,0.02,38,946,0.0,1,0.49390298,0.49390298,1.064302,0.0,0.08623787,0.0,0.0,9.742701e-15,-28.286781,2.341511,0.7805037,0.16800001,0.0,0.16867992,28.350235,28.380236,3030400
hardzero_plus_depr__c0p54__z1p05__lam0p030__nu0p50__psi1p00,hardzero_plus_depr,0.02,38,947,0.0,1,0.49390298,0.49390298,1.054803,0.0,0.08814486,0.0,0.0,9.4547546e-15,-28.092752,2.320613,0.77353764,0.208,0.0,0.1769425,28.380236,28.410236,3033600
hardzero_plus_depr__c0p54__z1p05__lam0p030__nu0p50__psi1p00,hardzero_plus_depr,0.02,38,948,0.0,1,0.49390298,0.49390298,1.0462822,0.08989134,0.08989134,1.0,8.2478155e-16,9.1753175e-15,-27.157343,2.3018668,0.7672889,0.17600001,0.0,0.14068046,28.410236,28.440237,3036800
hardzero_plus_depr__c0p54__z1p05__lam0p030__nu0p50__psi1p00,hardzero_plus_depr,0.02,38,949,0.0,1,0.49390298,0.49390298,1.0700728,0.0,0.08509953,0.0,0.0,8.90414e-15,-27.563261,2.354207,0.7847357,0.13,0.0,0.19936728,28.440237,28.470238,3040000
hardzero_plus_depr__c0p54__z1p05__lam0p030__nu0p50__psi1p00,hardzero_plus_depr,0.02,38,950,0.0,1,0.49390298,0.49390298,1.0236906,0.09469114,0.09469114,1.0,8.18224e-16,8.640977e-15,-27.030815,2.2521641,0.7507214,0.14400001,0.0,0.16528432,28.470238,28.500238,3043200
hardzero_plus_depr__c0p54__z1p05__lam0p030__nu0p50__psi1p00,hardzero_plus_depr,0.02,38,951,0.0,1,0.49390298,0.49390298,1.0383554,0.09154711,0.09154711,1.0,7.6767665e-16,8.3855914e-15,-27.636902,2.2844274,0.7614758,0.17600001,0.0,0.1755328,28.500238,28.53024,3046400
hardzero_plus_depr__c0p54__z1p05__lam0p030__nu0p50__psi1p00,hardzero_plus_depr,0.02,38,952,0.0,1,0.49390298,0.49390298,0.9646059,0.10849109,0.10849109,1.0,8.828739e-16,8.137755e-15,-26.591913,2.1221755,0.70739186,0.14400001,0.0,0.16776685,28.53024,28.56024,3049600
hardzero_plus_depr__c0p54__z1p05__lam0p030__nu0p50__psi1p00,hardzero_plus_depr,0.02,38,953,0.0,1,0.49390298,0.49390298,1.0268397,0.09400702,0.09400702,1.0,7.423962e-16,7.897242e-15,-26.667393,2.2590926,0.7530309,0.120000005,0.0,0.1487513,28.56024,28.59024,3052800
hardzero_plus_depr__c0p54__z1p05__lam0p030__nu0p50__psi1p00,hardzero_plus_depr,0.02,38,954,0.0,1,0.49390298,0.49390298,1.0541598,0.0,0.08827551,0.0,0.0,7.663838e-15,-27.477016,2.319198,0.773066,0.120000005,0.0,0.14608379,28.59024,28.620241,3056000
hardzero_plus_depr__c0p54__z1p05__lam0p030__nu0p50__psi1p00,hardzero_plus_depr,0.02,38,955,0.0,1,0.49390298,0.49390298,1.012448,0.09717444,0.09717444,1.0,7.2271863e-16,7.437332e-15,-27.27354,2.2274299,0.74247664,0.112,0.0,0.18455371,28.620241,28.650242,3059200
hardzero_plus_depr__c0p54__z1p05__lam0p030__nu0p50__psi1p00,hardzero_plus_depr,0.02,38,956,0.0,1,0.49390298,0.49390298,1.0588423,0.0,0.08732884,0.0,0.0,7.21752e-15,-28.35854,2.3294995,0.77649987,0.128,0.0,0.1847772,28.650242,28.680243,3062400
hardzero_plus_depr__c0p54__z1p05__lam0p030__nu0p50__psi1p00,hardzero_plus_depr,0.02,38,957,0.0,1,0.49390298,0.49390298,1.0826099,0.0,0.08267803,0.0,0.0,7.004206e-15,-28.382969,2.3817892,0.79392976,0.136,0.0,0.14929163,28.680243,28.710243,3065600
hardzero_plus_depr__c0p54__z1p05__lam0p030__nu0p50__psi1p00,hardzero_plus_depr,0.02,38,958,0.0,1,0.49390298,0.49390298,1.056548,0.0,0.0877914,0.0,0.0,6.7971963e-15,-28.133799,2.324452,0.77481735,0.14400001,0.0,0.16583623,28.710243,28.740244,3068800
hardzero_plus_depr__c0p54__z1p05__lam0p030__nu0p50__psi1p00,hardzero_plus_depr,0.02,38,959,0.0,1,0.49390298,0.49390298,1.0236927,0.09469069,0.09469069,1.0,6.2460855e-16,6.596304e-15,-27.10813,2.252169,0.750723,0.16800001,0.0,0.17423047,28.740244,28.770245,3072000
hardzero_plus_depr__c0p54__z1p05__lam0p030__nu0p50__psi1p00,hardzero_plus_depr,0.02,38,960,0.0,1,0.49390298,0.49390298,1.0624437,0.0,0.08660766,0.0,0.0,6.401349e-15,-27.620008,2.3374228,0.77914095,0.136,0.0,0.14386703,28.770245,28.800245,3075200
hardzero_plus_depr__c0p54__z1p05__lam0p030__nu0p50__psi1p00,hardzero_plus_depr,0.02,38,961,0.0,1,0.49390298,0.49390298,1.0974622,0.0,0.07989834,0.0,0.0,6.212156e-15,-29.272911,2.414465,0.80482167,0.112,0.0,0.13957106,28.800245,28.830246,3078400
hardzero_plus_depr__c0p54__z1p05__lam0p030__nu0p50__psi1p00,hardzero_plus_depr,0.02,38,962,0.0,1,0.49390298,0.49390298,1.0376041,0.091705605,0.091705605,1.0,5.528523e-16,6.0285554e-15,-27.42363,2.2827747,0.76092494,0.16,0.0,0.15493831,28.830246,28.860247,3081600
hardzero_plus_depr__c0p54__z1p05__lam0p030__nu0p50__psi1p00,hardzero_plus_depr,0.02,38,963,0.0,1,0.49390298,0.49390298,1.0431639,0.09053908,0.09053908,1.0,5.296881e-16,5.8503803e-15,-27.503119,2.2950063,0.76500213,0.14400001,0.0,0.16054031,28.860247,28.890247,3084800
hardzero_plus_depr__c0p54__z1p05__lam0p030__nu0p50__psi1p00,hardzero_plus_depr,0.02,38,964,0.0,1,0.49390298,0.49390298,1.0417223,0.09084012,0.09084012,1.0,5.157422e-16,5.6774717e-15,-27.135527,2.2918348,0.763945,0.128,0.0,0.16266179,28.890247,28.920248,3088000
hardzero_plus_depr__c0p54__z1p05__lam0p030__nu0p50__psi1p00,hardzero_plus_depr,0.02,38,965,0.0,1,0.49390298,0.49390298,0.9861473,0.103241116,0.103241116,1.0,5.688248e-16,5.509673e-15,-26.39864,2.1695673,0.7231891,0.18400002,0.0,0.16259794,28.920248,28.950249,3091200
hardzero_plus_depr__c0p54__z1p05__lam0p030__nu0p50__psi1p00,hardzero_plus_depr,0.02,38,966,0.0,1,0.49390298,0.49390298,1.0411409,0.09096181,0.09096181,1.0,4.863577e-16,5.346834e-15,-26.69798,2.2905557,0.7635186,0.17600001,0.0,0.1515686,28.950249,28.98025,3094400
hardzero_plus_depr__c0p54__z1p05__lam0p030__nu0p50__psi1p00,hardzero_plus_depr,0.02,38,967,0.0,1,0.49390298,0.49390298,1.0954548,0.0,0.0802685,0.0,0.0,5.188808e-15,-28.60568,2.4100487,0.8033496,0.120000005,0.0,0.22132477,28.98025,29.01025,3097600
hardzero_plus_depr__c0p54__z1p05__lam0p030__nu0p50__psi1p00,hardzero_plus_depr,0.02,38,968,0.0,1,0.49390298,0.49390298,1.0994217,0.0,0.07953864,0.0,0.0,5.0354516e-15,-27.900517,2.418776,0.8062587,0.112,0.0,0.13883829,29.01025,29.04025,3100800
hardzero_plus_depr__c0p54__z1p05__lam0p030__nu0p50__psi1p00,hardzero_plus_depr,0.02,38,969,0.0,1,0.49390298,0.49390298,1.0891025,0.0,0.0814512,0.0,0.0,4.8866288e-15,-28.456055,2.3960733,0.79869115,0.16000001,0.0,0.18518746,29.04025,29.070251,3104000
hardzero_plus_depr__c0p54__z1p05__lam0p030__nu0p50__psi1p00,hardzero_plus_depr,0.02,38,970,0.0,1,0.49390298,0.49390298,0.9942138,0.10134122,0.10134122,1.0,4.805807e-16,4.7422037e-15,-27.227442,2.187314,0.7291047,0.18400002,0.0,0.14706556,29.070251,29.100252,3107200
hardzero_plus_depr__c0p54__z1p05__lam0p030__nu0p50__psi1p00,hardzero_plus_depr,0.02,38,971,0.0,1,0.49390298,0.49390298,0.9743497,0.1060841,0.1060841,1.0,4.88204e-16,4.602047e-15,-26.19373,2.1436121,0.7145374,0.16000001,0.0,0.14763203,29.100252,29.130253,3110400
hardzero_plus_depr__c0p54__z1p05__lam0p030__nu0p50__psi1p00,hardzero_plus_depr,0.02,38,972,0.0,1,0.49390298,0.49390298,1.0269133,0.09399108,0.09399108,1.0,4.1976724e-16,4.466033e-15,-27.50604,2.2592545,0.75308484,0.120000005,0.0,0.16766685,29.130253,29.160254,3113600
hardzero_plus_depr__c0p54__z1p05__lam0p030__nu0p50__psi1p00,hardzero_plus_depr,0.02,38,973,0.0,1,0.49390298,0.49390298,1.073984,0.0,0.08433657,0.0,0.0,4.334039e-15,-28.322533,2.362812,0.78760403,0.15200001,0.0,0.20014067,29.160254,29.190254,3116800
hardzero_plus_depr__c0p54__z1p05__lam0p030__nu0p50__psi1p00,hardzero_plus_depr,0.02,38,974,0.0,1,0.49390298,0.49390298,1.0068566,0.098433614,0.098433614,1.0,4.140064e-16,4.2059455e-15,-28.455214,2.2151287,0.73837626,0.17600001,0.0,0.17416598,29.190254,29.220255,3120000
hardzero_plus_depr__c0p54__z1p05__lam0p030__nu0p50__psi1p00,hardzero_plus_depr,0.02,38,975,0.0,1,0.49390298,0.49390298,1.0439426,0.0903769,0.0903769,1.0,3.6888584e-16,4.0816387e-15,-26.903517,2.2967196,0.7655732,0.14999999,0.0,0.16384882,29.220255,29.250256,3123200
hardzero_plus_depr__c0p54__z1p05__lam0p030__nu0p50__psi1p00,hardzero_plus_depr,0.02,38,976,0.0,1,0.49390298,0.49390298,1.0355352,0.09214351,0.09214351,1.0,3.6498094e-16,3.961005e-15,-27.549393,2.278223,0.7594077,0.18400002,0.0,0.157925,29.250256,29.280256,3126400
hardzero_plus_depr__c0p54__z1p05__lam0p030__nu0p50__psi1p00,hardzero_plus_depr,0.02,38,977,0.0,1,0.49390298,0.49390298,1.0400583,0.091188855,0.091188855,1.0,3.5052423e-16,3.843937e-15,-27.87639,2.288174,0.76272464,0.14400001,0.0,0.1668523,29.280256,29.310257,3129600
hardzero_plus_depr__c0p54__z1p05__lam0p030__nu0p50__psi1p00,hardzero_plus_depr,0.02,38,978,0.0,1,0.49390298,0.49390298,1.0785038,0.0,0.08346341,0.0,0.0,3.7303293e-15,-28.00322,2.3727558,0.7909186,0.16000001,0.0,0.1541965,29.310257,29.340258,3132800
hardzero_plus_depr__c0p54__z1p05__lam0p030__nu0p50__psi1p00,hardzero_plus_depr,0.02,38,979,0.0,1,0.49390298,0.49390298,1.0014824,0.09965926,0.09965926,1.0,3.6077433e-16,3.6200786e-15,-27.274033,2.2033052,0.7344351,0.18400002,0.0,0.16283701,29.340258,29.370258,3136000
hardzero_plus_depr__c0p54__z1p05__lam0p030__nu0p50__psi1p00,hardzero_plus_depr,0.02,38,980,0.0,1,0.49390298,0.49390298,1.0412008,0.09094928,0.09094928,1.0,3.195127e-16,3.5130867e-15,-27.763062,2.2906873,0.76356244,0.136,0.0,0.17179985,29.370258,29.400259,3139200
hardzero_plus_depr__c0p54__z1p05__lam0p030__nu0p50__psi1p00,hardzero_plus_depr,0.02,38,981,0.0,1,0.49390298,0.49390298,1.0344151,0.09238148,0.09238148,1.0,3.1495218e-16,3.4092568e-15,-27.718021,2.2757587,0.7585863,0.17600001,0.008,0.2058182,29.400259,29.43026,3142400
hardzero_plus_depr__c0p54__z1p05__lam0p030__nu0p50__psi1p00,hardzero_plus_depr,0.02,38,982,0.0,1,0.49390298,0.49390298,1.0501122,0.0,0.08910207,0.0,0.0,3.3084957e-15,-28.172804,2.3102932,0.77009773,0.136,0.0,0.1841498,29.43026,29.46026,3145600
hardzero_plus_depr__c0p54__z1p05__lam0p030__nu0p50__psi1p00,hardzero_plus_depr,0.02,38,983,0.0,1,0.49390298,0.49390298,1.017817,0.095980495,0.095980495,1.0,3.081658e-16,3.210713e-15,-27.451733,2.239242,0.74641407,0.17600001,0.0,0.14826381,29.46026,29.490261,3148800
hardzero_plus_depr__c0p54__z1p05__lam0p030__nu0p50__psi1p00,hardzero_plus_depr,0.02,38,984,0.0,1,0.49390298,0.49390298,1.0576997,0.0,0.087558895,0.0,0.0,3.1158198e-15,-28.029823,2.3269858,0.77566195,0.120000005,0.0,0.13536866,29.490261,29.520262,3152000
hardzero_plus_depr__c0p54__z1p05__lam0p030__nu0p50__psi1p00,hardzero_plus_depr,0.02,38,985,0.0,1,0.49390298,0.49390298,0.9906461,0.10217716,0.10217716,1.0,3.0895625e-16,3.023731e-15,-26.496973,2.179465,0.72648835,0.16800001,0.0,0.13641576,29.520262,29.550262,3155200
hardzero_plus_depr__c0p54__z1p05__lam0p030__nu0p50__psi1p00,hardzero_plus_depr,0.02,38,986,0.0,1,0.49390298,0.49390298,1.0312628,0.093054466,0.093054466,1.0,2.7305573e-16,2.9343646e-15,-27.124216,2.2688234,0.75627446,0.112,0.0,0.14904173,29.550262,29.580263,3158400
hardzero_plus_depr__c0p54__z1p05__lam0p030__nu0p50__psi1p00,hardzero_plus_depr,0.02,38,987,0.0,1,0.49390298,0.49390298,1.057937,0.0,0.087511055,0.0,0.0,2.847639e-15,-27.818993,2.327508,0.775836,0.14400001,0.0,0.21463837,29.580263,29.610264,3161600
hardzero_plus_depr__c0p54__z1p05__lam0p030__nu0p50__psi1p00,hardzero_plus_depr,0.02,38,988,0.0,1,0.49390298,0.49390298,1.0198517,0.09553189,0.09553189,1.0,2.6400013e-16,2.7634765e-15,-25.24129,2.2437184,0.74790615,0.089999996,0.0,0.1482369,29.610264,29.640265,3164800
hardzero_plus_depr__c0p54__z1p05__lam0p030__nu0p50__psi1p00,hardzero_plus_depr,0.02,38,989,0.0,1,0.49390298,0.49390298,1.0547875,0.0,0.08814799,0.0,0.0,2.681802e-15,-27.59543,2.3205788,0.7735263,0.120000005,0.0,0.15815295,29.640265,29.670265,3168000
hardzero_plus_depr__c0p54__z1p05__lam0p030__nu0p50__psi1p00,hardzero_plus_depr,0.02,38,990,0.0,1,0.49390298,0.49390298,1.0641402,0.0,0.08626999,0.0,0.0,2.6025407e-15,-27.535013,2.3411553,0.78038514,0.128,0.0,0.1839769,29.670265,29.700266,3171200
hardzero_plus_depr__c0p54__z1p05__lam0p030__nu0p50__psi1p00,hardzero_plus_depr,0.02,38,991,0.0,1,0.49390298,0.49390298,1.0720052,0.0,0.08472174,0.0,0.0,2.5256223e-15,-28.65888,2.3584585,0.78615284,0.17600001,0.0,0.16955876,29.700266,29.730267,3174400
hardzero_plus_depr__c0p54__z1p05__lam0p030__nu0p50__psi1p00,hardzero_plus_depr,0.02,38,992,0.0,1,0.49390298,0.49390298,1.0322781,0.09283718,0.09283718,1.0,2.2754182e-16,2.4509773e-15,-27.77182,2.2710571,0.75701904,0.16000001,0.0,0.18118162,29.730267,29.760267,3177600
hardzero_plus_depr__c0p54__z1p05__lam0p030__nu0p50__psi1p00,hardzero_plus_depr,0.02,38,993,0.0,1,0.49390298,0.49390298,1.0108397,0.097534955,0.097534955,1.0,2.3199062e-16,2.3785382e-15,-26.626047,2.2238917,0.74129725,0.14400001,0.0,0.14447334,29.760267,29.790268,3180800
hardzero_plus_depr__c0p54__z1p05__lam0p030__nu0p50__psi1p00,hardzero_plus_depr,0.02,38,994,0.0,1,0.49390298,0.49390298,1.0085987,0.09803954,0.09803954,1.0,2.262988e-16,2.3082402e-15,-26.347872,2.2189615,0.7396538,0.16800001,0.0,0.15841958,29.790268,29.820269,3184000
hardzero_plus_depr__c0p54__z1p05__lam0p030__nu0p50__psi1p00,hardzero_plus_depr,0.02,38,995,0.0,1,0.49390298,0.49390298,1.0238717,0.09465169,0.09465169,1.0,2.1202165e-16,2.2400197e-15,-27.75761,2.2525625,0.7508542,0.16800001,0.0,0.17017871,29.820269,29.85027,3187200
hardzero_plus_depr__c0p54__z1p05__lam0p030__nu0p50__psi1p00,hardzero_plus_depr,0.02,38,996,0.0,1,0.49390298,0.49390298,0.9949207,0.10117642,0.10117642,1.0,2.199389e-16,2.1738158e-15,-28.05475,2.1888692,0.7296231,0.208,0.0,0.18377633,29.85027,29.88027,3190400
hardzero_plus_depr__c0p54__z1p05__lam0p030__nu0p50__psi1p00,hardzero_plus_depr,0.02,38,997,0.0,1,0.49390298,0.49390298,0.99554914,0.101030104,0.101030104,1.0,2.1312991e-16,2.1095684e-15,-26.248253,2.1902518,0.73008394,0.192,0.0,0.15184358,29.88027,29.91027,3193600
hardzero_plus_depr__c0p54__z1p05__lam0p030__nu0p50__psi1p00,hardzero_plus_depr,0.02,38,998,0.0,1,0.49390298,0.49390298,1.0805696,0.0,0.08306734,0.0,0.0,2.0472198e-15,-28.252369,2.3773007,0.7924336,0.14400001,0.0,0.2448496,29.91027,29.940271,3196800
hardzero_plus_depr__c0p54__z1p05__lam0p030__nu0p50__psi1p00,hardzero_plus_depr,0.02,38,999,0.0,1,0.49390298,0.49390298,1.0385762,0.09150057,0.09150057,1.0,1.8178546e-16,1.9867139e-15,-27.223122,2.2849133,0.7616378,0.136,0.0,0.16422763,29.940271,29.970272,3200000
hardzero_plus_depr__c0p54__z1p05__lam0p030__nu0p50__psi1p00,hardzero_plus_depr,0.02,38,1000,0.0,1,0.49390298,0.49390298,1.0486004,0.08941278,0.08941278,1.0,1.7238751e-16,1.9279963e-15,-26.854242,2.306967,0.768989,0.128,0.0,0.16139331,29.970272,30.000273,3203200
hardzero_plus_depr__c0p54__z1p05__lam0p030__nu0p50__psi1p00,hardzero_plus_depr,0.02,38,1001,0.0,1,0.49390298,0.49390298,1.0411962,0.09095021,0.09095021,1.0,1.7016914e-16,1.8710143e-15,-27.986025,2.2906775,0.7635592,0.17,0.0,0.15422961,30.000273,30.030273,3206400
hardzero_plus_depr__c0p54__z1p05__lam0p030__nu0p50__psi1p00,hardzero_plus_depr,0.02,38,1002,0.0,1,0.49390298,0.49390298,1.01878,0.095767915,0.095767915,1.0,1.7388735e-16,1.8157161e-15,-26.575415,2.2413607,0.74712026,0.112,0.0,0.15674129,30.030273,30.060274,3209600
hardzero_plus_depr__c0p54__z1p05__lam0p030__nu0p50__psi1p00,hardzero_plus_depr,0.02,38,1003,0.0,1,0.49390298,0.49390298,1.0169773,0.09616626,0.09616626,1.0,1.6944999e-16,1.7620524e-15,-27.65196,2.2373948,0.7457983,0.136,0.0,0.1565021,30.060274,30.090275,3212800
hardzero_plus_depr__c0p54__z1p05__lam0p030__nu0p50__psi1p00,hardzero_plus_depr,0.02,38,1004,0.0,1,0.49390298,0.49390298,1.0328732,0.09271006,0.09271006,1.0,1.5853186e-16,1.7099748e-15,-27.83432,2.2723663,0.75745547,0.15200001,0.0,0.17969705,30.090275,30.120275,3216000
hardzero_plus_depr__c0p54__z1p05__lam0p030__nu0p50__psi1p00,hardzero_plus_depr,0.02,38,1005,0.0,1,0.49390298,0.49390298,1.0791311,0.0,0.08334295,0.0,0.0,1.659436e-15,-28.176224,2.374136,0.7913787,0.128,0.0,0.16309695,30.120275,30.150276,3219200
hardzero_plus_depr__c0p54__z1p05__lam0p030__nu0p50__psi1p00,hardzero_plus_depr,0.02,38,1006,0.0,1,0.49390298,0.49390298,1.0369529,0.09184323,0.09184323,1.0,1.4790355e-16,1.6103913e-15,-27.214998,2.2813418,0.76044726,0.136,0.0,0.16211526,30.150276,30.180277,3222400
hardzero_plus_depr__c0p54__z1p05__lam0p030__nu0p50__psi1p00,hardzero_plus_depr,0.02,38,1007,0.0,1,0.49390298,0.49390298,1.068582,0.0,0.08539214,0.0,0.0,1.5627959e-15,-27.846373,2.3509276,0.78364253,0.104,0.0,0.18396908,30.180277,30.210278,3225600
hardzero_plus_depr__c0p54__z1p05__lam0p030__nu0p50__psi1p00,hardzero_plus_depr,0.02,38,1008,0.0,1,0.49390298,0.49390298,1.0577902,0.0,0.08754067,0.0,0.0,1.5166073e-15,-28.125645,2.327185,0.77572834,0.18400002,0.0,0.20230752,30.210278,30.240278,3228800
hardzero_plus_depr__c0p54__z1p05__lam0p030__nu0p50__psi1p00,hardzero_plus_depr,0.02,38,1009,0.0,1,0.49390298,0.49390298,1.0462829,0.089891195,0.089891195,1.0,1.323004e-16,1.4717838e-15,-27.388195,2.3018682,0.7672894,0.16800001,0.0,0.20633358,30.240278,30.270279,3232000
hardzero_plus_depr__c0p54__z1p05__lam0p030__nu0p50__psi1p00,hardzero_plus_depr,0.02,38,1010,0.0,1,0.49390298,0.49390298,1.0163846,0.096297584,0.096297584,1.0,1.3754039e-16,1.428285e-15,-26.782236,2.2360907,0.7453636,0.096,0.0,0.14771731,30.270279,30.30028,3235200
hardzero_plus_depr__c0p54__z1p05__lam0p030__nu0p50__psi1p00,hardzero_plus_depr,0.02,38,1011,0.0,1,0.49390298,0.49390298,1.0038315,0.09912164,0.09912164,1.0,1.3738972e-16,1.3860719e-15,-26.40187,2.2084734,0.73615783,0.16000001,0.0,0.15881382,30.30028,30.33028,3238400
hardzero_plus_depr__c0p54__z1p05__lam0p030__nu0p50__psi1p00,hardzero_plus_depr,0.02,38,1012,0.0,1,0.49390298,0.49390298,1.0793658,0.0,0.08329791,0.0,0.0,1.3451063e-15,-27.518286,2.3746524,0.7915508,0.128,0.0,0.1751325,30.33028,30.360281,3241600
hardzero_plus_depr__c0p54__z1p05__lam0p030__nu0p50__psi1p00,hardzero_plus_depr,0.02,38,1013,0.0,1,0.49390298,0.49390298,1.0467381,0.089797005,0.089797005,1.0,1.1721667e-16,1.3053516e-15,-28.22387,2.3028698,0.7676233,0.18400002,0.0,0.18050879,30.360281,30.390282,3244800
hardzero_plus_depr__c0p54__z1p05__lam0p030__nu0p50__psi1p00,hardzero_plus_depr,0.02,38,1014,0.0,1,0.49390298,0.49390298,1.059558,0.0,0.08718504,0.0,0.0,1.2667718e-15,-27.480532,2.3310742,0.77702475,0.14,0.0,0.16557999,30.390282,30.420282,3248000
hardzero_plus_depr__c0p54__z1p05__lam0p030__nu0p50__psi1p00,hardzero_plus_depr,0.02,38,1015,0.0,1,0.49390298,0.49390298,1.0305285,0.09321191,0.09321191,1.0,1.1458839e-16,1.2293321e-15,-27.494114,2.267208,0.75573605,0.14400001,0.0,0.16397436,30.420282,30.450283,3251200
hardzero_plus_depr__c0p54__z1p05__lam0p030__nu0p50__psi1p00,hardzero_plus_depr,0.02,38,1016,0.0,1,0.49390298,0.49390298,1.0443162,0.09029918,0.09029918,1.0,1.07726835e-16,1.192999e-15,-27.106277,2.2975414,0.76584715,0.128,0.0,0.14712945,30.450283,30.480284,3254400
hardzero_plus_depr__c0p54__z1p05__lam0p030__nu0p50__psi1p00,hardzero_plus_depr,0.02,38,1017,0.0,1,0.49390298,0.49390298,1.0359677,0.0920518,0.0920518,1.0,1.06572024e-16,1.1577398e-15,-27.394127,2.2791746,0.75972486,0.16800001,0.0,0.1641341,30.480284,30.510284,3257600
hardzero_plus_depr__c0p54__z1p05__lam0p030__nu0p50__psi1p00,hardzero_plus_depr,0.02,38,1018,0.0,1,0.49390298,0.49390298,1.0692556,0.0,0.08525981,0.0,0.0,1.1235226e-15,-28.548183,2.3524094,0.7841365,0.112,0.0,0.15823025,30.510284,30.540285,3260800
hardzero_plus_depr__c0p54__z1p05__lam0p030__nu0p50__psi1p00,hardzero_plus_depr,0.02,38,1019,0.0,1,0.49390298,0.49390298,1.0536423,0.0,0.08838076,0.0,0.0,1.0903168e-15,-27.61303,2.3180592,0.7726864,0.16000001,0.0,0.17689218,30.540285,30.570286,3264000
hardzero_plus_depr__c0p54__z1p05__lam0p030__nu0p50__psi1p00,hardzero_plus_depr,0.02,38,1020,0.0,1,0.49390298,0.49390298,1.0073534,0.09832107,0.09832107,1.0,1.04032765e-16,1.0580923e-15,-26.28887,2.2162218,0.7387406,0.192,0.0,0.15834364,30.570286,30.600286,3267200
hardzero_plus_depr__c0p54__z1p05__lam0p030__nu0p50__psi1p00,hardzero_plus_depr,0.02,38,1021,0.0,1,0.49390298,0.49390298,1.0599059,0.0,0.08711522,0.0,0.0,1.0268202e-15,-27.690153,2.3318396,0.77727985,0.2,0.008,0.18015583,30.600286,30.630287,3270400
hardzero_plus_depr__c0p54__z1p05__lam0p030__nu0p50__psi1p00,hardzero_plus_depr,0.02,38,1022,0.0,1,0.49390298,0.49390298,1.015147,0.096572384,0.096572384,1.0,9.623172e-17,9.964724e-16,-27.123005,2.233368,0.744456,0.208,0.0,0.16346492,30.630287,30.660288,3273600
hardzero_plus_depr__c0p54__z1p05__lam0p030__nu0p50__psi1p00,hardzero_plus_depr,0.02,38,1023,0.0,1,0.49390298,0.49390298,1.10562,0.0,0.07841154,0.0,0.0,9.670215e-16,-28.870111,2.4324126,0.81080425,0.08800001,0.0,0.1633708,30.660288,30.690289,3276800
hardzero_plus_depr__c0p54__z1p05__lam0p030__nu0p50__psi1p00,hardzero_plus_depr,0.02,38,1024,0.0,1,0.49390298,0.49390298,1.0332029,0.092639685,0.092639685,1.0,8.6936894e-17,9.384411e-16,-27.644255,2.2730918,0.7576973,0.17600001,0.0,0.1633976,30.690289,30.72029,3280000
hardzero_plus_depr__c0p54__z1p05__lam0p030__nu0p50__psi1p00,hardzero_plus_depr,0.02,38,1025,0.0,1,0.49390298,0.49390298,1.0436165,0.09044477,0.09044477,1.0,8.236854e-17,9.107054e-16,-28.35872,2.2960021,0.76533407,0.128,0.0,0.1607476,30.72029,30.75029,3283200
hardzero_plus_depr__c0p54__z1p05__lam0p030__nu0p50__psi1p00,hardzero_plus_depr,0.02,38,1026,0.0,1,0.49390298,0.49390298,1.0502183,0.0,0.08908029,0.0,0.0,8.8378936e-16,-27.183823,2.3105264,0.77017546,0.2,0.0,0.14543544,30.75029,30.78029,3286400
hardzero_plus_depr__c0p54__z1p05__lam0p030__nu0p50__psi1p00,hardzero_plus_depr,0.02,38,1027,0.0,1,0.49390298,0.49390298,1.0405515,0.09108534,0.09108534,1.0,7.8121055e-17,8.576688e-16,-28.131384,2.2892592,0.76308644,0.16,0.0,0.18056542,30.78029,30.810291,3289600
hardzero_plus_depr__c0p54__z1p05__lam0p030__nu0p50__psi1p00,hardzero_plus_depr,0.02,38,1028,0.0,1,0.49390298,0.49390298,1.0387973,0.091454,0.091454,1.0,7.611902e-17,8.323203e-16,-27.77518,2.2853997,0.76179993,0.16800001,0.0,0.18800466,30.810291,30.840292,3292800
hardzero_plus_depr__c0p54__z1p05__lam0p030__nu0p50__psi1p00,hardzero_plus_depr,0.02,38,1029,0.0,1,0.49390298,0.49390298,0.99606866,0.10090933,0.10090933,1.0,8.1506586e-17,8.07721e-16,-26.552032,2.1913948,0.73046494,0.16000001,0.0,0.16160548,30.840292,30.870293,3296000
hardzero_plus_depr__c0p54__z1p05__lam0p030__nu0p50__psi1p00,hardzero_plus_depr,0.02,38,1030,0.0,1,0.49390298,0.49390298,1.0458174,0.089987606,0.089987606,1.0,7.053667e-17,7.838487e-16,-26.679562,2.3008442,0.7669481,0.14400001,0.0,0.16548994,30.870293,30.900293,3299200
hardzero_plus_depr__c0p54__z1p05__lam0p030__nu0p50__psi1p00,hardzero_plus_depr,0.02,38,1031,0.0,1,0.49390298,0.49390298,1.0462345,0.089901194,0.089901194,1.0,6.838621e-17,7.606819e-16,-27.077387,2.3017619,0.767254,0.16800001,0.0,0.15349266,30.900293,30.930294,3302400
hardzero_plus_depr__c0p54__z1p05__lam0p030__nu0p50__psi1p00,hardzero_plus_depr,0.02,38,1032,0.0,1,0.49390298,0.49390298,1.0467232,0.08980008,0.08980008,1.0,6.6290406e-17,7.3819985e-16,-27.317482,2.3028371,0.7676124,0.14400001,0.0,0.15523079,30.930294,30.960295,3305600
hardzero_plus_depr__c0p54__z1p05__lam0p030__nu0p50__psi1p00,hardzero_plus_depr,0.02,38,1033,0.0,1,0.49390298,0.49390298,1.0898613,0.0,0.08130902,0.0,0.0,7.163823e-16,-29.248415,2.3977427,0.7992476,0.14400001,0.0,0.18795924,30.960295,30.990295,3308800
hardzero_plus_depr__c0p54__z1p05__lam0p030__nu0p50__psi1p00,hardzero_plus_depr,0.02,38,1034,0.0,1,0.49390298,0.49390298,1.0672549,0.0,0.0856535,0.0,0.0,6.9520954e-16,-27.56125,2.3480077,0.78266925,0.17600001,0.0,0.15119222,30.990295,31.020296,3312000
hardzero_plus_depr__c0p54__z1p05__lam0p030__nu0p50__psi1p00,hardzero_plus_depr,0.02,38,1035,0.0,1,0.49390298,0.49390298,1.0495977,0.08920769,0.08920769,1.0,6.018508e-17,6.746625e-16,-27.862913,2.3091612,0.76972044,0.16800001,0.0,0.16719367,31.020296,31.050297,3315200
hardzero_plus_depr__c0p54__z1p05__lam0p030__nu0p50__psi1p00,hardzero_plus_depr,0.02,38,1036,0.0,1,0.49390298,0.49390298,1.0301433,0.093294635,0.093294635,1.0,6.1082127e-17,6.547228e-16,-28.479492,2.2663605,0.7554535,0.15200001,0.0,0.18678586,31.050297,31.080297,3318400
hardzero_plus_depr__c0p54__z1p05__lam0p030__nu0p50__psi1p00,hardzero_plus_depr,0.02,38,1037,0.0,1,0.49390298,0.49390298,1.0693039,0.0,0.08525033,0.0,0.0,6.353723e-16,-27.718966,2.3525155,0.7841718,0.120000005,0.0,0.1780689,31.080297,31.110298,3321600
hardzero_plus_depr__c0p54__z1p05__lam0p030__nu0p50__psi1p00,hardzero_plus_depr,0.02,38,1038,0.0,1,0.49390298,0.49390298,1.0722407,0.0,0.0846758,0.0,0.0,6.165938e-16,-27.725317,2.3589766,0.7863256,0.128,0.0,0.18110333,31.110298,31.140299,3324800
hardzero_plus_depr__c0p54__z1p05__lam0p030__nu0p50__psi1p00,hardzero_plus_depr,0.02,38,1039,0.0,1,0.49390298,0.49390298,1.0984977,0.0,0.079708055,0.0,0.0,5.983703e-16,-28.370583,2.4167433,0.8055811,0.128,0.0,0.1660542,31.140299,31.1703,3328000
hardzero_plus_depr__c0p54__z1p05__lam0p030__nu0p50__psi1p00,hardzero_plus_depr,0.02,38,1040,0.0,1,0.49390298,0.49390298,0.99092185,0.1021123,0.1021123,1.0,5.929512e-17,5.806854e-16,-26.56642,2.1800716,0.72669053,0.16,0.0,0.15951952,31.1703,31.2003,3331200
hardzero_plus_depr__c0p54__z1p05__lam0p030__nu0p50__psi1p00,hardzero_plus_depr,0.02,38,1041,0.0,1,0.49390298,0.49390298,1.0947889,0.0,0.080391675,0.0,0.0,5.6352313e-16,-28.424532,2.4085836,0.8028612,0.136,0.0,0.20285709,31.2003,31.2303,3334400
hardzero_plus_depr__c0p54__z1p05__lam0p030__nu0p50__psi1p00,hardzero_plus_depr,0.02,38,1042,0.0,1,0.49390298,0.49390298,1.0238966,0.094646245,0.094646245,1.0,5.1759017e-17,5.4686813e-16,-27.14605,2.2526174,0.7508725,0.136,0.0,0.17924418,31.2303,31.260302,3337600
hardzero_plus_depr__c0p54__z1p05__lam0p030__nu0p50__psi1p00,hardzero_plus_depr,0.02,38,1043,0.0,1,0.49390298,0.49390298,1.0520744,0.0,0.0887004,0.0,0.0,5.307054e-16,-27.790205,2.31461,0.7715367,0.16800001,0.0,0.1702846,31.260302,31.290302,3340800
hardzero_plus_depr__c0p54__z1p05__lam0p030__nu0p50__psi1p00,hardzero_plus_depr,0.02,38,1044,0.0,1,0.49390298,0.49390298,1.0434297,0.09048369,0.09048369,1.0,4.660094e-17,5.1502033e-16,-27.43975,2.2955914,0.76519716,0.2,0.0,0.16320634,31.290302,31.320303,3344000
hardzero_plus_depr__c0p54__z1p05__lam0p030__nu0p50__psi1p00,hardzero_plus_depr,0.02,38,1045,0.0,1,0.49390298,0.49390298,1.0536778,0.0,0.088373534,0.0,0.0,4.9979883e-16,-28.11034,2.3181374,0.77271247,0.112,0.0,0.1579788,31.320303,31.350304,3347200
hardzero_plus_depr__c0p54__z1p05__lam0p030__nu0p50__psi1p00,hardzero_plus_depr,0.02,38,1046,0.0,1,0.49390298,0.49390298,1.0996041,0.0,0.07950526,0.0,0.0,4.850272e-16,-28.374067,2.4191773,0.80639243,0.14400001,0.0,0.19576994,31.350304,31.380304,3350400
hardzero_plus_depr__c0p54__z1p05__lam0p030__nu0p50__psi1p00,hardzero_plus_depr,0.02,38,1047,0.0,1,0.49390298,0.49390298,1.0340842,0.09245189,0.09245189,1.0,4.3516384e-17,4.706922e-16,-27.400131,2.2750306,0.7583436,0.208,0.0,0.20028268,31.380304,31.410305,3353600
hardzero_plus_depr__c0p54__z1p05__lam0p030__nu0p50__psi1p00,hardzero_plus_depr,0.02,38,1048,0.0,1,0.49390298,0.49390298,1.0631948,0.0,0.086458,0.0,0.0,4.567808e-16,-27.480787,2.339075,0.7796917,0.128,0.0,0.14909284,31.410305,31.440306,3356800
hardzero_plus_depr__c0p54__z1p05__lam0p030__nu0p50__psi1p00,hardzero_plus_depr,0.02,38,1049,0.0,1,0.49390298,0.49390298,0.9827157,0.1040601,0.1040601,1.0,4.6127823e-17,4.4328058e-16,-26.432278,2.1620178,0.7206726,0.14400001,0.0,0.1362152,31.440306,31.470306,3360000
hardzero_plus_depr__c0p54__z1p05__lam0p030__nu0p50__psi1p00,hardzero_plus_depr,0.02,38,1050,0.0,1,0.49390298,0.49390298,1.0641539,0.0,0.08626728,0.0,0.0,4.3017937e-16,-27.805347,2.3411853,0.78039515,0.08800001,0.0,0.19593273,31.470306,31.500307,3363200
hardzero_plus_depr__c0p54__z1p05__lam0p030__nu0p50__psi1p00,hardzero_plus_depr,0.02,38,1051,0.0,1,0.49390298,0.49390298,1.005963,0.09863635,0.09863635,1.0,4.117726e-17,4.1746535e-16,-26.788225,2.2131627,0.7377209,0.104,0.0,0.15954773,31.500307,31.530308,3366400
hardzero_plus_depr__c0p54__z1p05__lam0p030__nu0p50__psi1p00,hardzero_plus_depr,0.02,38,1052,0.0,1,0.49390298,0.49390298,1.0372311,0.09178442,0.09178442,1.0,3.7184356e-17,4.051271e-16,-28.195242,2.281954,0.76065135,0.16800001,0.0,0.16861144,31.530308,31.560308,3369600
hardzero_plus_depr__c0p54__z1p05__lam0p030__nu0p50__psi1p00,hardzero_plus_depr,0.02,38,1053,0.0,1,0.49390298,0.49390298,1.1064705,0.0,0.07825815,0.0,0.0,3.9315352e-16,-27.97856,2.4342837,0.81142795,0.14999999,0.0,0.20751947,31.560308,31.59031,3372800
hardzero_plus_depr__c0p54__z1p05__lam0p030__nu0p50__psi1p00,hardzero_plus_depr,0.02,38,1054,0.0,1,0.49390298,0.49390298,1.0809382,0.0,0.08299689,0.0,0.0,3.8153384e-16,-28.059755,2.3781116,0.79270387,0.104,0.0,0.15529206,31.59031,31.62031,3376000
hardzero_plus_depr__c0p54__z1p05__lam0p030__nu0p50__psi1p00,hardzero_plus_depr,0.02,38,1055,0.0,1,0.49390298,0.49390298,1.091083,0.0,0.081080586,0.0,0.0,3.7025753e-16,-28.25987,2.4004307,0.8001436,0.128,0.0,0.18215282,31.62031,31.65031,3379200
hardzero_plus_depr__c0p54__z1p05__lam0p030__nu0p50__psi1p00,hardzero_plus_depr,0.02,38,1056,0.0,1,0.49390298,0.49390298,1.0679848,0.0,0.08550965,0.0,0.0,3.5931455e-16,-27.299236,2.3496134,0.7832045,0.112,0.0,0.14936464,31.65031,31.680311,3382400
hardzero_plus_depr__c0p54__z1p05__lam0p030__nu0p50__psi1p00,hardzero_plus_depr,0.02,38,1057,0.0,1,0.49390298,0.49390298,1.0092312,0.097896844,0.097896844,1.0,3.4136133e-17,3.4869493e-16,-26.82108,2.2203531,0.7401177,0.14400001,0.0,0.14126867,31.680311,31.710312,3385600
hardzero_plus_depr__c0p54__z1p05__lam0p030__nu0p50__psi1p00,hardzero_plus_depr,0.02,38,1058,0.0,1,0.49390298,0.49390298,1.0290117,0.09353803,0.09353803,1.0,3.165226e-17,3.383892e-16,-27.303741,2.263871,0.75462365,0.15200001,0.0,0.14652647,31.710312,31.740313,3388800
hardzero_plus_depr__c0p54__z1p05__lam0p030__nu0p50__psi1p00,hardzero_plus_depr,0.02,38,1059,0.0,1,0.49390298,0.49390298,1.0450824,0.09013999,0.09013999,1.0,2.9600896e-17,3.2838806e-16,-27.675495,2.2992272,0.7664091,0.16800001,0.0,0.1894776,31.740313,31.770313,3392000
hardzero_plus_depr__c0p54__z1p05__lam0p030__nu0p50__psi1p00,hardzero_plus_depr,0.02,38,1060,0.0,1,0.49390298,0.49390298,1.0567601,0.0,0.08774855,0.0,0.0,3.1868251e-16,-28.22652,2.3249185,0.77497286,0.16800001,0.0,0.17310297,31.770313,31.800314,3395200
hardzero_plus_depr__c0p54__z1p05__lam0p030__nu0p50__psi1p00,hardzero_plus_depr,0.02,38,1061,0.0,1,0.49390298,0.49390298,1.0048438,0.09889087,0.09889087,1.0,3.0583372e-17,3.0926385e-16,-26.230507,2.2107005,0.7369002,0.128,0.0,0.1625411,31.800314,31.830315,3398400
hardzero_plus_depr__c0p54__z1p05__lam0p030__nu0p50__psi1p00,hardzero_plus_depr,0.02,38,1062,0.0,1,0.49390298,0.49390298,1.0523115,0.0,0.08865199,0.0,0.0,3.001235e-16,-27.865599,2.3151317,0.7717106,0.136,0.0,0.19661291,31.830315,31.860315,3401600
hardzero_plus_depr__c0p54__z1p05__lam0p030__nu0p50__psi1p00,hardzero_plus_depr,0.02,38,1063,0.0,1,0.49390298,0.49390298,1.0794331,0.0,0.083285026,0.0,0.0,2.9125328e-16,-28.261148,2.3748002,0.7916001,0.136,0.0,0.19844635,31.860315,31.890316,3404800
hardzero_plus_depr__c0p54__z1p05__lam0p030__nu0p50__psi1p00,hardzero_plus_depr,0.02,38,1064,0.0,1,0.49390298,0.49390298,1.0217373,0.09511798,0.09511798,1.0,2.6884649e-17,2.8264529e-16,-26.921473,2.247867,0.74928904,0.2,0.0,0.20886299,31.890316,31.920317,3408000
hardzero_plus_depr__c0p54__z1p05__lam0p030__nu0p50__psi1p00,hardzero_plus_depr,0.02,38,1065,0.0,1,0.49390298,0.49390298,1.0803108,0.0,0.08311687,0.0,0.0,2.7429166e-16,-28.410225,2.3767312,0.7922437,0.224,0.0,0.1689017,31.920317,31.950317,3411200
hardzero_plus_depr__c0p54__z1p05__lam0p030__nu0p50__psi1p00,hardzero_plus_depr,0.02,38,1066,0.0,1,0.49390298,0.49390298,1.0333165,0.09261546,0.09261546,1.0,2.465284e-17,2.6618492e-16,-26.656506,2.2733417,0.75778055,0.17999999,0.0,0.14420657,31.950317,31.980318,3414400
hardzero_plus_depr__c0p54__z1p05__lam0p030__nu0p50__psi1p00,hardzero_plus_depr,0.02,38,1067,0.0,1,0.49390298,0.49390298,1.0412675,0.0909353,0.0909353,1.0,2.3490204e-17,2.5831779e-16,-27.955574,2.2908342,0.76361144,0.14400001,0.0,0.14917426,31.980318,32.01032,3417600
hardzero_plus_depr__c0p54__z1p05__lam0p030__nu0p50__psi1p00,hardzero_plus_depr,0.02,38,1068,0.0,1,0.49390298,0.49390298,1.0461276,0.089923345,0.089923345,1.0,2.254227e-17,2.5068319e-16,-26.997961,2.3015265,0.76717556,0.128,0.0,0.15579888,32.01032,32.040318,3420800
hardzero_plus_depr__c0p54__z1p05__lam0p030__nu0p50__psi1p00,hardzero_plus_depr,0.02,38,1069,0.0,1,0.49390298,0.49390298,1.110001,0.0,0.07762454,0.0,0.0,2.4327467e-16,-28.772802,2.442051,0.814017,0.15200001,0.0,0.17027545,32.040318,32.070316,3424000
hardzero_plus_depr__c0p54__z1p05__lam0p030__nu0p50__psi1p00,hardzero_plus_depr,0.02,38,1070,0.0,1,0.49390298,0.49390298,1.0623893,0.0,0.08661851,0.0,0.0,2.360851e-16,-27.711437,2.337303,0.779101,0.17600001,0.0,0.1722399,32.070316,32.100315,3427200
hardzero_plus_depr__c0p54__z1p05__lam0p030__nu0p50__psi1p00,hardzero_plus_depr,0.02,38,1071,0.0,1,0.49390298,0.49390298,1.0886644,0.0,0.0815334,0.0,0.0,2.29108e-16,-29.137728,2.3951097,0.7983699,0.080000006,0.0,0.1686428,32.100315,32.130314,3430400
hardzero_plus_depr__c0p54__z1p05__lam0p030__nu0p50__psi1p00,hardzero_plus_depr,0.02,38,1072,0.0,1,0.49390298,0.49390298,1.1450002,0.0,0.071614295,0.0,0.0,2.2233712e-16,-29.256275,2.5190508,0.83968365,0.120000005,0.0,0.19066621,32.130314,32.160313,3433600
hardzero_plus_depr__c0p54__z1p05__lam0p030__nu0p50__psi1p00,hardzero_plus_depr,0.02,38,1073,0.0,1,0.49390298,0.49390298,1.0319928,0.09289818,0.09289818,1.0,2.00443e-17,2.1576633e-16,-28.114481,2.2704294,0.75680983,0.224,0.0,0.2011424,32.160313,32.19031,3436800
hardzero_plus_depr__c0p54__z1p05__lam0p030__nu0p50__psi1p00,hardzero_plus_depr,0.02,38,1074,0.0,1,0.49390298,0.49390298,1.092234,0.0,0.08086601,0.0,0.0,2.0938972e-16,-28.866653,2.4029627,0.8009876,0.16000001,0.0,0.16818845,32.19031,32.22031,3440000
hardzero_plus_depr__c0p54__z1p05__lam0p030__nu0p50__psi1p00,hardzero_plus_depr,0.02,38,1075,0.0,1,0.49390298,0.49390298,1.0517601,0.0,0.08876463,0.0,0.0,2.0320158e-16,-28.180334,2.3139184,0.77130616,0.14400001,0.0,0.19191335,32.22031,32.25031,3443200
hardzero_plus_depr__c0p54__z1p05__lam0p030__nu0p50__psi1p00,hardzero_plus_depr,0.02,38,1076,0.0,1,0.49390298,0.49390298,1.0449121,0.090175375,0.090175375,1.0,1.7782249e-17,1.9719628e-16,-28.215525,2.2988524,0.76628417,0.224,0.0,0.18185261,32.25031,32.280308,3446400
hardzero_plus_depr__c0p54__z1p05__lam0p030__nu0p50__psi1p00,hardzero_plus_depr,0.02,38,1077,0.0,1,0.49390298,0.49390298,1.0064541,0.09852488,0.09852488,1.0,1.885456e-17,1.9136851e-16,-27.365725,2.2142432,0.7380811,0.128,0.0,0.17808644,32.280308,32.310307,3449600
hardzero_plus_depr__c0p54__z1p05__lam0p030__nu0p50__psi1p00,hardzero_plus_depr,0.02,38,1078,0.0,1,0.49390298,0.49390298,1.0191334,0.09569,0.09569,1.0,1.777087e-17,1.8571294e-16,-26.995577,2.2421384,0.7473795,0.17600001,0.0,0.14715216,32.310307,32.340305,3452800
hardzero_plus_depr__c0p54__z1p05__lam0p030__nu0p50__psi1p00,hardzero_plus_depr,0.02,38,1079,0.0,1,0.49390298,0.49390298,1.0494983,0.08922811,0.08922811,1.0,1.6081091e-17,1.802245e-16,-27.962852,2.3089423,0.7696475,0.12,0.0,0.14390233,32.340305,32.370304,3456000
hardzero_plus_depr__c0p54__z1p05__lam0p030__nu0p50__psi1p00,hardzero_plus_depr,0.02,38,1080,0.0,1,0.49390298,0.49390298,0.99440366,0.10129694,0.10129694,1.0,1.771666e-17,1.7489827e-16,-26.708727,2.1877317,0.72924393,0.14400001,0.0,0.14639826,32.370304,32.400303,3459200
hardzero_plus_depr__c0p54__z1p05__lam0p030__nu0p50__psi1p00,hardzero_plus_depr,0.02,38,1081,0.0,1,0.49390298,0.49390298,1.0451094,0.090134405,0.090134405,1.0,1.5298464e-17,1.6972945e-16,-27.350513,2.2992866,0.7664289,0.112,0.0,0.18394677,32.400303,32.4303,3462400
hardzero_plus_depr__c0p54__z1p05__lam0p030__nu0p50__psi1p00,hardzero_plus_depr,0.02,38,1082,0.0,1,0.49390298,0.49390298,1.0782689,0.0,0.08350857,0.0,0.0,1.6471339e-16,-28.28347,2.3722389,0.79074633,0.14400001,0.0,0.20841679,32.4303,32.4603,3465600
hardzero_plus_depr__c0p54__z1p05__lam0p030__nu0p50__psi1p00,hardzero_plus_depr,0.02,38,1083,0.0,1,0.49390298,0.49390298,1.0304022,0.093239054,0.093239054,1.0,1.490385e-17,1.5984559e-16,-27.802713,2.26693,0.75564337,0.16000001,0.0,0.16342881,32.4603,32.4903,3468800
hardzero_plus_depr__c0p54__z1p05__lam0p030__nu0p50__psi1p00,hardzero_plus_depr,0.02,38,1084,0.0,1,0.49390298,0.49390298,1.078257,0.0,0.08351086,0.0,0.0,1.5512163e-16,-28.294317,2.3722126,0.79073757,0.08800001,0.0,0.16632956,32.4903,32.520298,3472000
hardzero_plus_depr__c0p54__z1p05__lam0p030__nu0p50__psi1p00,hardzero_plus_depr,0.02,38,1085,0.0,1,0.49390298,0.49390298,1.0271124,0.09394803,0.09394803,1.0,1.4142679e-17,1.5053726e-16,-27.180176,2.2596922,0.75323075,0.14400001,0.0,0.17045346,32.520298,32.550297,3475200
hardzero_plus_depr__c0p54__z1p05__lam0p030__nu0p50__psi1p00,hardzero_plus_depr,0.02,38,1086,0.0,1,0.49390298,0.49390298,1.0360705,0.092030026,0.092030026,1.0,1.3444519e-17,1.460884e-16,-26.979868,2.2794006,0.7598002,0.120000005,0.0,0.15200666,32.550297,32.580296,3478400
hardzero_plus_depr__c0p54__z1p05__lam0p030__nu0p50__psi1p00,hardzero_plus_depr,0.02,38,1087,0.0,1,0.49390298,0.49390298,1.0451581,0.09012428,0.09012428,1.0,1.2777009e-17,1.41771e-16,-27.440142,2.299394,0.76646465,0.096,0.0,0.15772265,32.580296,32.610294,3481600
hardzero_plus_depr__c0p54__z1p05__lam0p030__nu0p50__psi1p00,hardzero_plus_depr,0.02,38,1088,0.0,1,0.49390298,0.49390298,1.0161608,0.09634722,0.09634722,1.0,1.3255567e-17,1.375812e-16,-26.797916,2.2355986,0.74519956,0.224,0.0,0.14831154,32.610294,32.640293,3484800
hardzero_plus_depr__c0p54__z1p05__lam0p030__nu0p50__psi1p00,hardzero_plus_depr,0.02,38,1089,0.0,1,0.49390298,0.49390298,1.0627708,0.0,0.086542435,0.0,0.0,1.3351522e-16,-27.875452,2.3381426,0.7793809,0.15200001,0.0,0.1764191,32.640293,32.67029,3488000
hardzero_plus_depr__c0p54__z1p05__lam0p030__nu0p50__psi1p00,hardzero_plus_depr,0.02,38,1090,0.0,1,0.49390298,0.49390298,1.0226203,0.09492479,0.09492479,1.0,1.2299349e-17,1.2956941e-16,-27.289173,2.2498097,0.7499366,0.16800001,0.0,0.18517493,32.67029,32.70029,3491200
hardzero_plus_depr__c0p54__z1p05__lam0p030__nu0p50__psi1p00,hardzero_plus_depr,0.02,38,1091,0.0,1,0.49390298,0.49390298,1.0517117,0.0,0.08877452,0.0,0.0,1.2574021e-16,-27.505245,2.3138118,0.77127063,0.136,0.0,0.1658346,32.70029,32.73029,3494400
hardzero_plus_depr__c0p54__z1p05__lam0p030__nu0p50__psi1p00,hardzero_plus_depr,0.02,38,1092,0.0,1,0.49390298,0.49390298,1.0856956,0.0,0.08209267,0.0,0.0,1.2202418e-16,-28.481503,2.388578,0.79619265,0.14,0.0,0.1658449,32.73029,32.76029,3497600
hardzero_plus_depr__c0p54__z1p05__lam0p030__nu0p50__psi1p00,hardzero_plus_depr,0.02,38,1093,0.0,1,0.49390298,0.49390298,1.0271554,0.0939387,0.0939387,1.0,1.1124029e-17,1.1841796e-16,-27.203876,2.259787,0.7532624,0.16000001,0.0,0.15524594,32.76029,32.790287,3500800
hardzero_plus_depr__c0p54__z1p05__lam0p030__nu0p50__psi1p00,hardzero_plus_depr,0.02,38,1094,0.0,1,0.49390298,0.49390298,1.0469381,0.08975567,0.08975567,1.0,1.0314571e-17,1.1491832e-16,-27.115398,2.3033097,0.76776993,0.120000005,0.0,0.1472639,32.790287,32.820286,3504000
hardzero_plus_depr__c0p54__z1p05__lam0p030__nu0p50__psi1p00,hardzero_plus_depr,0.02,38,1095,0.0,1,0.49390298,0.49390298,1.0520649,0.0,0.08870235,0.0,0.0,1.115221e-16,-27.57404,2.314589,0.7715297,0.136,0.0,0.15715925,32.820286,32.850285,3507200
hardzero_plus_depr__c0p54__z1p05__lam0p030__nu0p50__psi1p00,hardzero_plus_depr,0.02,38,1096,0.0,1,0.49390298,0.49390298,1.0146147,0.096690826,0.096690826,1.0,1.0464487e-17,1.08226267e-16,-26.486473,2.2321968,0.74406564,0.17600001,0.0,0.13889186,32.850285,32.880283,3510400
hardzero_plus_depr__c0p54__z1p05__lam0p030__nu0p50__psi1p00,hardzero_plus_depr,0.02,38,1097,0.0,1,0.49390298,0.49390298,1.0944833,0.0,0.08044828,0.0,0.0,1.0502782e-16,-28.12331,2.4079113,0.8026371,0.192,0.0,0.18441027,32.880283,32.910282,3513600
hardzero_plus_depr__c0p54__z1p05__lam0p030__nu0p50__psi1p00,hardzero_plus_depr,0.02,38,1098,0.0,1,0.49390298,0.49390298,1.0016767,0.09961467,0.09961467,1.0,1.0153117e-17,1.01923905e-16,-26.48972,2.2037327,0.7345776,0.15200001,0.0,0.16393644,32.910282,32.94028,3516800
hardzero_plus_depr__c0p54__z1p05__lam0p030__nu0p50__psi1p00,hardzero_plus_depr,0.02,38,1099,0.0,1,0.49390298,0.49390298,1.0705296,0.0,0.08501009,0.0,0.0,9.8911717e-17,-28.376839,2.355212,0.78507066,0.15200001,0.0,0.18987322,32.94028,32.97028,3520000
hardzero_plus_depr__c0p54__z1p05__lam0p030__nu0p50__psi1p00,hardzero_plus_depr,0.02,38,1100,0.0,1,0.49390298,0.49390298,1.1074023,0.0,0.0780904,0.0,0.0,9.598856e-17,-28.39534,2.4363337,0.81211126,0.112,0.0,0.21742412,32.97028,33.00028,3523200
hardzero_plus_depr__c0p54__z1p05__lam0p030__nu0p50__psi1p00,hardzero_plus_depr,0.02,38,1101,0.0,1,0.49390298,0.49390298,1.0373622,0.091756694,0.091756694,1.0,8.5472995e-18,9.315178e-17,-27.960173,2.2822425,0.76074755,0.136,0.0,0.14910915,33.00028,33.030277,3526400
hardzero_plus_depr__c0p54__z1p05__lam0p030__nu0p50__psi1p00,hardzero_plus_depr,0.02,38,1102,0.0,1,0.49390298,0.49390298,1.0650415,0.0,0.086091146,0.0,0.0,9.039884e-17,-27.269314,2.3431382,0.7810461,0.136,0.0,0.17683682,33.030277,33.060276,3529600
hardzero_plus_depr__c0p54__z1p05__lam0p030__nu0p50__psi1p00,hardzero_plus_depr,0.02,38,1103,0.0,1,0.49390298,0.49390298,1.0251613,0.094371036,0.094371036,1.0,8.2789124e-18,8.772726e-17,-26.849789,2.2554,0.7518,0.224,0.0,0.15477291,33.060276,33.090275,3532800
hardzero_plus_depr__c0p54__z1p05__lam0p030__nu0p50__psi1p00,hardzero_plus_depr,0.02,38,1104,0.0,1,0.49390298,0.49390298,1.0741626,0.0,0.08430191,0.0,0.0,8.5134626e-17,-27.670944,2.363205,0.787735,0.136,0.0,0.15483521,33.090275,33.120274,3536000
hardzero_plus_depr__c0p54__z1p05__lam0p030__nu0p50__psi1p00,hardzero_plus_depr,0.02,38,1105,0.0,1,0.49390298,0.49390298,1.074233,0.0,0.084288225,0.0,0.0,8.261862e-17,-27.755215,2.36336,0.78778666,0.099999994,0.0,0.17309725,33.120274,33.150272,3539200
hardzero_plus_depr__c0p54__z1p05__lam0p030__nu0p50__psi1p00,hardzero_plus_depr,0.02,38,1106,0.0,1,0.49390298,0.49390298,1.0602475,0.0,0.08704673,0.0,0.0,8.017696e-17,-27.2652,2.332591,0.7775304,0.120000005,0.0,0.15021972,33.150272,33.18027,3542400
hardzero_plus_depr__c0p54__z1p05__lam0p030__nu0p50__psi1p00,hardzero_plus_depr,0.02,38,1107,0.0,1,0.49390298,0.49390298,1.0245955,0.09449405,0.09449405,1.0,7.352344e-18,7.7807474e-17,-26.530416,2.2541552,0.7513851,0.14400001,0.0,0.17698795,33.18027,33.21027,3545600
hardzero_plus_depr__c0p54__z1p05__lam0p030__nu0p50__psi1p00,hardzero_plus_depr,0.02,38,1108,0.0,1,0.49390298,0.49390298,1.0438551,0.09039511,0.09039511,1.0,6.825555e-18,7.550801e-17,-26.600275,2.296527,0.765509,0.192,0.0,0.16519913,33.21027,33.24027,3548800
hardzero_plus_depr__c0p54__z1p05__lam0p030__nu0p50__psi1p00,hardzero_plus_depr,0.02,38,1109,0.0,1,0.49390298,0.49390298,1.0740991,0.0,0.084314235,0.0,0.0,7.3276496e-17,-27.591352,2.363065,0.7876884,0.17600001,0.0,0.1591436,33.24027,33.270267,3552000
hardzero_plus_depr__c0p54__z1p05__lam0p030__nu0p50__psi1p00,hardzero_plus_depr,0.02,38,1110,0.0,1,0.49390298,0.49390298,1.0621263,0.0,0.086670965,0.0,0.0,7.111094e-17,-27.811438,2.3367245,0.7789082,0.112,0.0,0.14017653,33.270267,33.300266,3555200
hardzero_plus_depr__c0p54__z1p05__lam0p030__nu0p50__psi1p00,hardzero_plus_depr,0.02,38,1111,0.0,1,0.49390298,0.49390298,1.0304472,0.09322936,0.09322936,1.0,6.4337e-18,6.9009376e-17,-27.848988,2.2670293,0.75567645,0.208,0.0,0.1815137,33.300266,33.330265,3558400
hardzero_plus_depr__c0p54__z1p05__lam0p030__nu0p50__psi1p00,hardzero_plus_depr,0.02,38,1112,0.0,1,0.49390298,0.49390298,1.035976,0.092050046,0.092050046,1.0,6.1645846e-18,6.6969925e-17,-26.432957,2.279193,0.759731,0.136,0.0,0.17072266,33.330265,33.360264,3561600
hardzero_plus_depr__c0p54__z1p05__lam0p030__nu0p50__psi1p00,hardzero_plus_depr,0.02,38,1113,0.0,1,0.49390298,0.49390298,1.0343342,0.09239868,0.09239868,1.0,6.0050587e-18,6.499074e-17,-27.19174,2.2755806,0.7585269,0.208,0.0,0.1557186,33.360264,33.390263,3564800
hardzero_plus_depr__c0p54__z1p05__lam0p030__nu0p50__psi1p00,hardzero_plus_depr,0.02,38,1114,0.0,1,0.49390298,0.49390298,0.98209155,0.10420976,0.10420976,1.0,6.572515e-18,6.3070053e-17,-26.483448,2.1606445,0.72021484,0.208,0.0,0.15272558,33.390263,33.42026,3568000
hardzero_plus_depr__c0p54__z1p05__lam0p030__nu0p50__psi1p00,hardzero_plus_depr,0.02,38,1115,0.0,1,0.49390298,0.49390298,1.0227776,0.09489043,0.09489043,1.0,5.8078754e-18,6.1206124e-17,-27.487915,2.2501554,0.75005186,0.16000001,0.0,0.1444854,33.42026,33.45026,3571200
hardzero_plus_depr__c0p54__z1p05__lam0p030__nu0p50__psi1p00,hardzero_plus_depr,0.02,38,1116,0.0,1,0.49390298,0.49390298,1.0678008,0.0,0.085545905,0.0,0.0,5.939728e-17,-27.750557,2.3492086,0.78306955,0.128,0.0,0.15888183,33.45026,33.48026,3574400
hardzero_plus_depr__c0p54__z1p05__lam0p030__nu0p50__psi1p00,hardzero_plus_depr,0.02,38,1117,0.0,1,0.49390298,0.49390298,1.0469837,0.08974624,0.08974624,1.0,5.1731437e-18,5.76419e-17,-27.255215,2.3034103,0.76780343,0.128,0.0,0.14124063,33.48026,33.510258,3577600
hardzero_plus_depr__c0p54__z1p05__lam0p030__nu0p50__psi1p00,hardzero_plus_depr,0.02,38,1118,0.0,1,0.49390298,0.49390298,0.99879134,0.10027869,0.10027869,1.0,5.609429e-18,5.5938393e-17,-26.721693,2.1973848,0.73246163,0.22999999,0.0,0.1257806,33.510258,33.540257,3580800
hardzero_plus_depr__c0p54__z1p05__lam0p030__nu0p50__psi1p00,hardzero_plus_depr,0.02,38,1119,0.0,1,0.49390298,0.49390298,1.032949,0.092693865,0.092693865,1.0,5.0319076e-18,5.4285227e-17,-27.003252,2.2725332,0.7575111,0.14400001,0.0,0.14974518,33.540257,33.570255,3584000
hardzero_plus_depr__c0p54__z1p05__lam0p030__nu0p50__psi1p00,hardzero_plus_depr,0.02,38,1120,0.0,1,0.49390298,0.49390298,1.0807643,0.0,0.08303011,0.0,0.0,5.268092e-17,-27.925644,2.377729,0.7925763,0.136,0.0,0.14700882,33.570255,33.600254,3587200
hardzero_plus_depr__c0p54__z1p05__lam0p030__nu0p50__psi1p00,hardzero_plus_depr,0.02,38,1121,0.0,1,0.49390298,0.49390298,1.0473539,0.089669794,0.089669794,1.0,4.5842817e-18,5.1124033e-17,-27.274933,2.3042245,0.76807487,0.17600001,0.0,0.16810812,33.600254,33.630253,3590400
hardzero_plus_depr__c0p54__z1p05__lam0p030__nu0p50__psi1p00,hardzero_plus_depr,0.02,38,1122,0.0,1,0.49390298,0.49390298,1.0674931,0.0,0.08560652,0.0,0.0,4.9613142e-17,-28.254856,2.3485317,0.78284395,0.112,0.0,0.18359981,33.630253,33.66025,3593600
hardzero_plus_depr__c0p54__z1p05__lam0p030__nu0p50__psi1p00,hardzero_plus_depr,0.02,38,1123,0.0,1,0.49390298,0.49390298,1.0919563,0.0,0.08091773,0.0,0.0,4.814691e-17,-27.682106,2.4023519,0.800784,0.128,0.0,0.18064289,33.66025,33.69025,3596800
hardzero_plus_depr__c0p54__z1p05__lam0p030__nu0p50__psi1p00,hardzero_plus_depr,0.02,38,1124,0.0,1,0.49390298,0.49390298,1.0609592,0.0,0.086904205,0.0,0.0,4.6724015e-17,-27.638039,2.334157,0.77805233,0.14400001,0.0,0.15841296,33.69025,33.72025,3600000
hardzero_plus_depr__c0p54__z1p05__lam0p030__nu0p50__psi1p00,hardzero_plus_depr,0.02,38,1125,0.0,1,0.49390298,0.49390298,1.0163646,0.09630202,0.09630202,1.0,4.366638e-18,4.5343163e-17,-27.090555,2.2360468,0.74534893,0.192,0.0,0.16426033,33.72025,33.750248,3603200
hardzero_plus_depr__c0p54__z1p05__lam0p030__nu0p50__psi1p00,hardzero_plus_depr,0.02,38,1126,0.0,1,0.49390298,0.49390298,1.0370582,0.09182094,0.09182094,1.0,4.0404084e-18,4.4003127e-17,-27.011194,2.2815738,0.76052463,0.14400001,0.0,0.19046625,33.750248,33.780247,3606400
hardzero_plus_depr__c0p54__z1p05__lam0p030__nu0p50__psi1p00,hardzero_plus_depr,0.02,38,1127,0.0,1,0.49390298,0.49390298,1.0409873,0.090994,0.090994,1.0,3.8856884e-18,4.270269e-17,-27.163862,2.2902176,0.7634059,0.14400001,0.0,0.17065904,33.780247,33.810246,3609600
hardzero_plus_depr__c0p54__z1p05__lam0p030__nu0p50__psi1p00,hardzero_plus_depr,0.02,38,1128,0.0,1,0.49390298,0.49390298,1.0526191,0.0,0.088589214,0.0,0.0,4.1440683e-17,-27.940998,2.3158083,0.7719361,0.120000005,0.0,0.16864966,33.810246,33.840244,3612800
hardzero_plus_depr__c0p54__z1p05__lam0p030__nu0p50__psi1p00,hardzero_plus_depr,0.02,38,1129,0.0,1,0.49390298,0.49390298,0.97243375,0.10655314,0.10655314,1.0,4.2851384e-18,4.0215976e-17,-26.86574,2.139397,0.7131323,0.17600001,0.0,0.1461584,33.840244,33.870243,3616000
hardzero_plus_depr__c0p54__z1p05__lam0p030__nu0p50__psi1p00,hardzero_plus_depr,0.02,38,1130,0.0,1,0.49390298,0.49390298,0.98660547,0.10313226,0.10313226,1.0,4.02499e-18,3.902746e-17,-26.24822,2.1705754,0.72352517,0.16000001,0.0,0.14359793,33.870243,33.90024,3619200
hardzero_plus_depr__c0p54__z1p05__lam0p030__nu0p50__psi1p00,hardzero_plus_depr,0.02,38,1131,0.0,1,0.49390298,0.49390298,1.044756,0.09020778,0.09020778,1.0,3.416536e-18,3.7874072e-17,-26.723642,2.2985091,0.7661697,0.21,0.0,0.17121407,33.90024,33.93024,3622400
hardzero_plus_depr__c0p54__z1p05__lam0p030__nu0p50__psi1p00,hardzero_plus_depr,0.02,38,1132,0.0,1,0.49390298,0.49390298,1.0325878,0.092771,0.092771,1.0,3.4097768e-18,3.675477e-17,-26.75247,2.2717385,0.7572462,0.224,0.0,0.15560928,33.93024,33.96024,3625600
hardzero_plus_depr__c0p54__z1p05__lam0p030__nu0p50__psi1p00,hardzero_plus_depr,0.02,38,1133,0.0,1,0.49390298,0.49390298,1.0788089,0.0,0.08340481,0.0,0.0,3.5668547e-17,-27.57647,2.373427,0.79114234,0.16000001,0.0,0.16785903,33.96024,33.99024,3628800
hardzero_plus_depr__c0p54__z1p05__lam0p030__nu0p50__psi1p00,hardzero_plus_depr,0.02,38,1134,0.0,1,0.49390298,0.49390298,1.0749947,0.0,0.08414055,0.0,0.0,3.4614425e-17,-27.60794,2.3650355,0.7883452,0.16800001,0.0,0.18052684,33.99024,34.020237,3632000
hardzero_plus_depr__c0p54__z1p05__lam0p030__nu0p50__psi1p00,hardzero_plus_depr,0.02,38,1135,0.0,1,0.49390298,0.49390298,1.0531647,0.0,0.08847799,0.0,0.0,3.359145e-17,-27.964125,2.3170087,0.77233624,0.16800001,0.0,0.1604889,34.020237,34.050236,3635200
hardzero_plus_depr__c0p54__z1p05__lam0p030__nu0p50__psi1p00,hardzero_plus_depr,0.02,38,1136,0.0,1,0.49390298,0.49390298,1.0385077,0.09151501,0.09151501,1.0,2.9832722e-18,3.2598718e-17,-27.44069,2.2847626,0.76158756,0.15200001,0.0,0.16277143,34.050236,34.080235,3638400
hardzero_plus_depr__c0p54__z1p05__lam0p030__nu0p50__psi1p00,hardzero_plus_depr,0.02,38,1137,0.0,1,0.49390298,0.49390298,1.0863755,0.0,0.081964254,0.0,0.0,3.1635317e-17,-28.078953,2.3900738,0.7966913,0.112,0.0,0.17216694,34.080235,34.110233,3641600
hardzero_plus_depr__c0p54__z1p05__lam0p030__nu0p50__psi1p00,hardzero_plus_depr,0.02,38,1138,0.0,1,0.49390298,0.49390298,0.98170096,0.104303524,0.104303524,1.0,3.2021586e-18,3.0700388e-17,-27.254612,2.1597853,0.71992844,0.192,0.008,0.15531169,34.110233,34.140232,3644800
hardzero_plus_depr__c0p54__z1p05__lam0p030__nu0p50__psi1p00,hardzero_plus_depr,0.02,38,1139,0.0,1,0.49390298,0.49390298,1.0293299,0.09346952,0.09346952,1.0,2.784746e-18,2.979309e-17,-27.163906,2.264571,0.754857,0.112,0.0,0.13444845,34.140232,34.17023,3648000
hardzero_plus_depr__c0p54__z1p05__lam0p030__nu0p50__psi1p00,hardzero_plus_depr,0.02,38,1140,0.0,1,0.49390298,0.49390298,1.0980682,0.0,0.07978693,0.0,0.0,2.891261e-17,-28.375463,2.4157984,0.80526614,0.24800001,0.0,0.19564855,34.17023,34.20023,3651200
hardzero_plus_depr__c0p54__z1p05__lam0p030__nu0p50__psi1p00,hardzero_plus_depr,0.02,38,1141,0.0,1,0.49390298,0.49390298,0.9972775,0.10062884,0.10062884,1.0,2.8234586e-18,2.8058145e-17,-26.655739,2.1940544,0.7313515,0.14400001,0.0,0.15280339,34.20023,34.23023,3654400
hardzero_plus_depr__c0p54__z1p05__lam0p030__nu0p50__psi1p00,hardzero_plus_depr,0.02,38,1142,0.0,1,0.49390298,0.49390298,1.0572239,0.0,0.08765487,0.0,0.0,2.7228936e-17,-27.29178,2.3259392,0.7753131,0.136,0.0,0.17051746,34.23023,34.260227,3657600
hardzero_plus_depr__c0p54__z1p05__lam0p030__nu0p50__psi1p00,hardzero_plus_depr,0.02,38,1143,0.0,1,0.49390298,0.49390298,1.1089338,0.0,0.077815495,0.0,0.0,2.6424232e-17,-28.89286,2.439703,0.8132343,0.120000005,0.0,0.20058113,34.260227,34.290226,3660800
hardzero_plus_depr__c0p54__z1p05__lam0p030__nu0p50__psi1p00,hardzero_plus_depr,0.02,38,1144,0.0,1,0.49390298,0.49390298,1.0362916,0.09198318,0.09198318,1.0,2.3587529e-18,2.5643307e-17,-26.960844,2.279887,0.7599623,0.12,0.01,0.17264414,34.290226,34.320225,3664000
hardzero_plus_depr__c0p54__z1p05__lam0p030__nu0p50__psi1p00,hardzero_plus_depr,0.02,38,1145,0.0,1,0.49390298,0.49390298,1.04642,0.08986282,0.08986282,1.0,2.2362782e-18,2.4885466e-17,-27.53055,2.30217,0.76739,0.104,0.0,0.15931654,34.320225,34.350224,3667200
hardzero_plus_depr__c0p54__z1p05__lam0p030__nu0p50__psi1p00,hardzero_plus_depr,0.02,38,1146,0.0,1,0.49390298,0.49390298,1.0241818,0.0945841,0.0945841,1.0,2.2842078e-18,2.4150018e-17,-27.384022,2.253245,0.7510817,0.16000001,0.0,0.184614,34.350224,34.380222,3670400
hardzero_plus_depr__c0p54__z1p05__lam0p030__nu0p50__psi1p00,hardzero_plus_depr,0.02,38,1147,0.0,1,0.49390298,0.49390298,1.0623118,0.0,0.08663397,0.0,0.0,2.3436305e-17,-27.727,2.3371325,0.77904415,0.128,0.0,0.16092367,34.380222,34.41022,3673600
hardzero_plus_depr__c0p54__z1p05__lam0p030__nu0p50__psi1p00,hardzero_plus_depr,0.02,38,1148,0.0,1,0.49390298,0.49390298,1.015103,0.096582174,0.096582174,1.0,2.1966346e-18,2.2743685e-17,-26.781237,2.2332711,0.74442375,0.216,0.0,0.16028488,34.41022,34.44022,3676800
hardzero_plus_depr__c0p54__z1p05__lam0p030__nu0p50__psi1p00,hardzero_plus_depr,0.02,38,1149,0.0,1,0.49390298,0.49390298,1.0543377,0.0,0.08823934,0.0,0.0,2.2071535e-17,-27.417313,2.3195894,0.77319646,0.136,0.0,0.16088498,34.44022,34.47022,3680000
hardzero_plus_depr__c0p54__z1p05__lam0p030__nu0p50__psi1p00,hardzero_plus_depr,0.02,38,1150,0.0,1,0.49390298,0.49390298,1.015725,0.09644394,0.09644394,1.0,2.0657568e-18,2.1419248e-17,-26.622028,2.2346396,0.7448799,0.16800001,0.0,0.18703927,34.47022,34.500217,3683200
hardzero_plus_depr__c0p54__z1p05__lam0p030__nu0p50__psi1p00,hardzero_plus_depr,0.02,38,1151,0.0,1,0.49390298,0.49390298,1.0343648,0.092392154,0.092392154,1.0,1.9204853e-18,2.0786238e-17,-27.534958,2.275648,0.7585494,0.16800001,0.0,0.17368619,34.500217,34.530216,3686400
hardzero_plus_depr__c0p54__z1p05__lam0p030__nu0p50__psi1p00,hardzero_plus_depr,0.02,38,1152,0.0,1,0.49390298,0.49390298,0.9878344,0.102840826,0.102840826,1.0,2.0744989e-18,2.0171939e-17,-26.274912,2.173279,0.7244264,0.15200001,0.0,0.13384907,34.530216,34.560215,3689600
hardzero_plus_depr__c0p54__z1p05__lam0p030__nu0p50__psi1p00,hardzero_plus_depr,0.02,38,1153,0.0,1,0.49390298,0.49390298,1.0451708,0.090121664,0.090121664,1.0,1.7642027e-18,1.957579e-17,-27.668505,2.2994215,0.7664739,0.2,0.0,0.19323075,34.560215,34.590214,3692800
hardzero_plus_depr__c0p54__z1p05__lam0p030__nu0p50__psi1p00,hardzero_plus_depr,0.02,38,1154,0.0,1,0.49390298,0.49390298,1.0416753,0.090849936,0.090849936,1.0,1.7259e-18,1.8997262e-17,-27.271255,2.2917314,0.7639105,0.128,0.0,0.16121939,34.590214,34.620213,3696000
hardzero_plus_depr__c0p54__z1p05__lam0p030__nu0p50__psi1p00,hardzero_plus_depr,0.02,38,1155,0.0,1,0.49390298,0.49390298,1.0548172,0.0,0.088141985,0.0,0.0,1.8435831e-17,-27.552391,2.3206441,0.77354807,0.14400001,0.0,0.18139271,34.620213,34.65021,3699200
hardzero_plus_depr__c0p54__z1p05__lam0p030__nu0p50__psi1p00,hardzero_plus_depr,0.02,38,1156,0.0,1,0.49390298,0.49390298,1.0661147,0.0,0.08587868,0.0,0.0,1.7890992e-17,-27.775023,2.345499,0.78183305,0.112,0.0,0.14622582,34.65021,34.68021,3702400
hardzero_plus_depr__c0p54__z1p05__lam0p030__nu0p50__psi1p00,hardzero_plus_depr,0.02,38,1157,0.0,1,0.49390298,0.49390298,1.0794632,0.0,0.08327922,0.0,0.0,1.7362253e-17,-27.965555,2.3748665,0.79162216,0.14,0.0,0.163889,34.68021,34.71021,3705600
hardzero_plus_depr__c0p54__z1p05__lam0p030__nu0p50__psi1p00,hardzero_plus_depr,0.02,38,1158,0.0,1,0.49390298,0.49390298,1.0143812,0.09674283,0.09674283,1.0,1.6300336e-18,1.6849141e-17,-27.109869,2.231683,0.74389434,0.18400002,0.0,0.17082906,34.71021,34.740208,3708800
hardzero_plus_depr__c0p54__z1p05__lam0p030__nu0p50__psi1p00,hardzero_plus_depr,0.02,38,1159,0.0,1,0.49390298,0.49390298,0.96540505,0.10829163,0.10829163,1.0,1.7706976e-18,1.6351195e-17,-26.572021,2.1239336,0.7079779,0.192,0.0,0.14133179,34.740208,34.770206,3712000
hardzero_plus_depr__c0p54__z1p05__lam0p030__nu0p50__psi1p00,hardzero_plus_depr,0.02,38,1160,0.0,1,0.49390298,0.49390298,1.0788392,0.0,0.083399,0.0,0.0,1.5867963e-17,-28.26416,2.3734937,0.7911646,0.120000005,0.0,0.16834351,34.770206,34.800205,3715200
hardzero_plus_depr__c0p54__z1p05__lam0p030__nu0p50__psi1p00,hardzero_plus_depr,0.02,38,1161,0.0,1,0.49390298,0.49390298,1.0288035,0.09358291,0.09358291,1.0,1.4410845e-18,1.5399013e-17,-26.894989,2.2634127,0.75447094,0.136,0.008,0.1651372,34.800205,34.830204,3718400
hardzero_plus_depr__c0p54__z1p05__lam0p030__nu0p50__psi1p00,hardzero_plus_depr,0.02,38,1162,0.0,1,0.49390298,0.49390298,1.0470827,0.0897258,0.0897258,1.0,1.3408554e-18,1.4943923e-17,-26.589977,2.303628,0.767876,0.14400001,0.0,0.16171189,34.830204,34.860203,3721600
hardzero_plus_depr__c0p54__z1p05__lam0p030__nu0p50__psi1p00,hardzero_plus_depr,0.02,38,1163,0.0,1,0.49390298,0.49390298,0.99896973,0.1002375,0.1002375,1.0,1.4536723e-18,1.450228e-17,-26.929043,2.1977773,0.73259246,0.16000001,0.0,0.16506696,34.860203,34.8902,3724800
hardzero_plus_depr__c0p54__z1p05__lam0p030__nu0p50__psi1p00,hardzero_plus_depr,0.02,38,1164,0.0,1,0.49390298,0.49390298,1.002756,0.0993674,0.0993674,1.0,1.3984661e-18,1.407369e-17,-27.173622,2.2061071,0.7353691,0.192,0.0,0.17344373,34.8902,34.9202,3728000
hardzero_plus_depr__c0p54__z1p05__lam0p030__nu0p50__psi1p00,hardzero_plus_depr,0.02,38,1165,0.0,1,0.49390298,0.49390298,1.0290308,0.093533926,0.093533926,1.0,1.2774645e-18,1.3657767e-17,-26.969475,2.263913,0.75463766,0.14400001,0.0,0.15622935,34.9202,34.9502,3731200
hardzero_plus_depr__c0p54__z1p05__lam0p030__nu0p50__psi1p00,hardzero_plus_depr,0.02,38,1166,0.0,1,0.49390298,0.49390298,1.0742182,0.0,0.08429112,0.0,0.0,1.3254135e-17,-27.88305,2.363327,0.7877757,0.16000001,0.0,0.21305154,34.9502,34.980198,3734400
hardzero_plus_depr__c0p54__z1p05__lam0p030__nu0p50__psi1p00,hardzero_plus_depr,0.02,38,1167,0.0,1,0.49390298,0.49390298,1.01812,0.09591354,0.09591354,1.0,1.2336813e-18,1.2862431e-17,-27.329918,2.239909,0.74663633,0.096,0.0,0.18835986,34.980198,35.010197,3737600
hardzero_plus_depr__c0p54__z1p05__lam0p030__nu0p50__psi1p00,hardzero_plus_depr,0.02,38,1168,0.0,1,0.49390298,0.49390298,1.0451326,0.09012959,0.09012959,1.0,1.125025e-18,1.2482304e-17,-27.034369,2.2993376,0.7664459,0.096,0.0,0.17163691,35.010197,35.040195,3740800
hardzero_plus_depr__c0p54__z1p05__lam0p030__nu0p50__psi1p00,hardzero_plus_depr,0.02,38,1169,0.0,1,0.49390298,0.49390298,1.0336537,0.09254357,0.09254357,1.0,1.1210183e-18,1.2113411e-17,-27.688246,2.2740836,0.7580279,0.15200001,0.0,0.1661679,35.040195,35.070194,3744000
hardzero_plus_depr__c0p54__z1p05__lam0p030__nu0p50__psi1p00,hardzero_plus_depr,0.02,38,1170,0.0,1,0.49390298,0.49390298,0.979906,0.1047355,0.1047355,1.0,1.2312098e-18,1.175542e-17,-26.439745,2.1558363,0.71861213,0.22,0.0,0.13390845,35.070194,35.100193,3747200
hardzero_plus_depr__c0p54__z1p05__lam0p030__nu0p50__psi1p00,hardzero_plus_depr,0.02,38,1171,0.0,1,0.49390298,0.49390298,1.048941,0.08934267,0.08934267,1.0,1.019222e-18,1.14080085e-17,-27.634287,2.3077164,0.7692388,0.18400002,0.0,0.18175416,35.100193,35.13019,3750400
hardzero_plus_depr__c0p54__z1p05__lam0p030__nu0p50__psi1p00,hardzero_plus_depr,0.02,38,1172,0.0,1,0.49390298,0.49390298,1.0366856,0.09189977,0.09189977,1.0,1.0174099e-18,1.10708646e-17,-27.466658,2.2807539,0.7602513,0.15200001,0.0,0.15128729,35.13019,35.16019,3753600
hardzero_plus_depr__c0p54__z1p05__lam0p030__nu0p50__psi1p00,hardzero_plus_depr,0.02,38,1173,0.0,1,0.49390298,0.49390298,1.1573403,0.0,0.069608085,0.0,0.0,1.0743684e-17,-29.802692,2.5461996,0.8487332,0.128,0.0,0.20717883,35.16019,35.19019,3756800
hardzero_plus_depr__c0p54__z1p05__lam0p030__nu0p50__psi1p00,hardzero_plus_depr,0.02,38,1174,0.0,1,0.49390298,0.49390298,1.0340413,0.09246102,0.09246102,1.0,9.640145e-19,1.0426172e-17,-27.658243,2.2749362,0.7583121,0.120000005,0.0,0.17915466,35.19019,35.22019,3760000
hardzero_plus_depr__c0p54__z1p05__lam0p030__nu0p50__psi1p00,hardzero_plus_depr,0.02,38,1175,0.0,1,0.49390298,0.49390298,1.0564811,0.0,0.08780492,0.0,0.0,1.0118045e-17,-26.839327,2.3243048,0.7747683,0.15200001,0.0,0.15870832,35.22019,35.250187,3763200
hardzero_plus_depr__c0p54__z1p05__lam0p030__nu0p50__psi1p00,hardzero_plus_depr,0.02,38,1176,0.0,1,0.49390298,0.49390298,1.0416414,0.09085706,0.09085706,1.0,8.921276e-19,9.8190235e-18,-27.453922,2.2916567,0.7638856,0.16000001,0.0,0.16990703,35.250187,35.280186,3766400
hardzero_plus_depr__c0p54__z1p05__lam0p030__nu0p50__psi1p00,hardzero_plus_depr,0.02,38,1177,0.0,1,0.49390298,0.49390298,1.0272331,0.09392191,0.09392191,1.0,8.949668e-19,9.52884e-18,-26.446222,2.259958,0.7533194,0.136,0.0,0.13928643,35.280186,35.310184,3769600
hardzero_plus_depr__c0p54__z1p05__lam0p030__nu0p50__psi1p00,hardzero_plus_depr,0.02,38,1178,0.0,1,0.49390298,0.49390298,1.0723438,0.0,0.08465569,0.0,0.0,9.247231e-18,-28.278128,2.3592036,0.7864012,0.120000005,0.0,0.19461843,35.310184,35.340183,3772800
hardzero_plus_depr__c0p54__z1p05__lam0p030__nu0p50__psi1p00,hardzero_plus_depr,0.02,38,1179,0.0,1,0.49390298,0.49390298,1.0281857,0.09371612,0.09371612,1.0,8.410033e-19,8.973945e-18,-27.903116,2.2620537,0.75401795,0.104,0.0,0.13777012,35.340183,35.370182,3776000
hardzero_plus_depr__c0p54__z1p05__lam0p030__nu0p50__psi1p00,hardzero_plus_depr,0.02,38,1180,0.0,1,0.49390298,0.49390298,1.1055583,0.0,0.07842268,0.0,0.0,8.708735e-18,-29.03968,2.4322767,0.81075895,0.120000005,0.0,0.18276264,35.370182,35.40018,3779200
hardzero_plus_depr__c0p54__z1p05__lam0p030__nu0p50__psi1p00,hardzero_plus_depr,0.02,38,1181,0.0,1,0.49390298,0.49390298,1.0692339,0.0,0.08526408,0.0,0.0,8.451364e-18,-28.255571,2.3523614,0.7841205,0.15200001,0.0,0.18202563,35.40018,35.43018,3782400
hardzero_plus_depr__c0p54__z1p05__lam0p030__nu0p50__psi1p00,hardzero_plus_depr,0.02,38,1182,0.0,1,0.49390298,0.49390298,1.0665231,0.0,0.08579794,0.0,0.0,8.201598e-18,-27.617851,2.3463976,0.78213257,0.120000005,0.0,0.18017127,35.43018,35.46018,3785600
hardzero_plus_depr__c0p54__z1p05__lam0p030__nu0p50__psi1p00,hardzero_plus_depr,0.02,38,1183,0.0,1,0.49390298,0.49390298,0.9948002,0.101204485,0.101204485,1.0,8.055082e-19,7.9592146e-18,-27.061018,2.188604,0.72953475,0.14,0.0,0.17813134,35.46018,35.490177,3788800
hardzero_plus_depr__c0p54__z1p05__lam0p030__nu0p50__psi1p00,hardzero_plus_depr,0.02,38,1184,0.0,1,0.49390298,0.49390298,1.0839574,0.0,0.08242189,0.0,0.0,7.723993e-18,-28.591328,2.384754,0.794918,0.192,0.0,0.18842901,35.490177,35.520176,3792000
hardzero_plus_depr__c0p54__z1p05__lam0p030__nu0p50__psi1p00,hardzero_plus_depr,0.02,38,1185,0.0,1,0.49390298,0.49390298,1.055015,0.0,0.08810186,0.0,0.0,7.495725e-18,-27.84205,2.3210793,0.7736931,0.104,0.0,0.16733658,35.520176,35.550175,3795200
hardzero_plus_depr__c0p54__z1p05__lam0p030__nu0p50__psi1p00,hardzero_plus_depr,0.02,38,1186,0.0,1,0.49390298,0.49390298,1.0201032,0.09547655,0.09547655,1.0,6.9451563e-19,7.274201e-18,-26.832428,2.244272,0.7480907,0.16000001,0.0,0.13702334,35.550175,35.580173,3798400
hardzero_plus_depr__c0p54__z1p05__lam0p030__nu0p50__psi1p00,hardzero_plus_depr,0.02,38,1187,0.0,1,0.49390298,0.49390298,1.0136714,0.09690107,0.09690107,1.0,6.840464e-19,7.059225e-18,-27.960379,2.2301216,0.7433739,0.15200001,0.0,0.1713675,35.580173,35.610172,3801600
hardzero_plus_depr__c0p54__z1p05__lam0p030__nu0p50__psi1p00,hardzero_plus_depr,0.02,38,1188,0.0,1,0.49390298,0.49390298,1.0706593,0.0,0.08498469,0.0,0.0,6.8506006e-18,-28.089392,2.3554974,0.7851658,0.128,0.0,0.1932678,35.610172,35.64017,3804800
hardzero_plus_depr__c0p54__z1p05__lam0p030__nu0p50__psi1p00,hardzero_plus_depr,0.02,38,1189,0.0,1,0.49390298,0.49390298,1.0407549,0.0910427,0.0910427,1.0,6.052649e-19,6.6481432e-18,-26.500614,2.2897065,0.7632355,0.16800001,0.0,0.14827818,35.64017,35.67017,3808000
hardzero_plus_depr__c0p54__z1p05__lam0p030__nu0p50__psi1p00,hardzero_plus_depr,0.02,38,1190,0.0,1,0.49390298,0.49390298,1.0436821,0.090431124,0.090431124,1.0,5.8343163e-19,6.4516684e-18,-28.085459,2.2961464,0.7653822,0.120000005,0.0,0.15596771,35.67017,35.70017,3811200
hardzero_plus_depr__c0p54__z1p05__lam0p030__nu0p50__psi1p00,hardzero_plus_depr,0.02,38,1191,0.0,1,0.49390298,0.49390298,1.034887,0.09228116,0.09228116,1.0,5.777724e-19,6.2610008e-18,-27.323399,2.2767968,0.7589323,0.16000001,0.0,0.16304006,35.70017,35.730167,3814400
hardzero_plus_depr__c0p54__z1p05__lam0p030__nu0p50__psi1p00,hardzero_plus_depr,0.02,38,1192,0.0,1,0.49390298,0.49390298,0.99135405,0.10201074,0.10201074,1.0,6.19814e-19,6.075968e-18,-26.339775,2.1810224,0.7270075,0.15200001,0.0,0.15421914,35.730167,35.760166,3817600
hardzero_plus_depr__c0p54__z1p05__lam0p030__nu0p50__psi1p00,hardzero_plus_depr,0.02,38,1193,0.0,1,0.49390298,0.49390298,1.0195343,0.0956017,0.0956017,1.0,5.6370616e-19,5.896403e-18,-26.804981,2.2430203,0.74767345,0.16800001,0.0,0.1438063,35.760166,35.790165,3820800
hardzero_plus_depr__c0p54__z1p05__lam0p030__nu0p50__psi1p00,hardzero_plus_depr,0.02,38,1194,0.0,1,0.49390298,0.49390298,0.9928673,0.10165593,0.10165593,1.0,5.8168995e-19,5.7221447e-18,-26.486742,2.1843517,0.7281172,0.216,0.0,0.15058374,35.790165,35.820164,3824000
hardzero_plus_depr__c0p54__z1p05__lam0p030__nu0p50__psi1p00,hardzero_plus_depr,0.02,38,1195,0.0,1,0.49390298,0.49390298,0.98904204,0.10255526,0.10255526,1.0,5.694931e-19,5.5530367e-18,-27.34917,2.175936,0.725312,0.15200001,0.0,0.16322052,35.820164,35.850163,3827200
hardzero_plus_depr__c0p54__z1p05__lam0p030__nu0p50__psi1p00,hardzero_plus_depr,0.02,38,1196,0.0,1,0.49390298,0.49390298,1.0914396,0.0,0.08101406,0.0,0.0,5.388926e-18,-28.944515,2.401215,0.800405,0.16,0.0,0.18949993,35.850163,35.88016,3830400
hardzero_plus_depr__c0p54__z1p05__lam0p030__nu0p50__psi1p00,hardzero_plus_depr,0.02,38,1197,0.0,1,0.49390298,0.49390298,1.0733366,0.0,0.0844624,0.0,0.0,5.2296654e-18,-28.498507,2.3613877,0.7871293,0.15200001,0.0,0.18886504,35.88016,35.91016,3833600
hardzero_plus_depr__c0p54__z1p05__lam0p030__nu0p50__psi1p00,hardzero_plus_depr,0.02,38,1198,0.0,1,0.49390298,0.49390298,1.0898242,0.0,0.08131596,0.0,0.0,5.075112e-18,-28.028715,2.3976612,0.79922044,0.096,0.0,0.14502421,35.91016,35.94016,3836800
hardzero_plus_depr__c0p54__z1p05__lam0p030__nu0p50__psi1p00,hardzero_plus_depr,0.02,38,1199,0.0,1,0.49390298,0.49390298,1.0598977,0.0,0.08711688,0.0,0.0,4.925126e-18,-26.965908,2.3318214,0.77727383,0.136,0.008,0.17339192,35.94016,35.970158,3840000
hardzero_plus_depr__c0p54__z1p05__lam0p030__nu0p50__psi1p00,hardzero_plus_depr,0.02,38,1200,0.0,1,0.49390298,0.49390298,1.0553828,0.0,0.088027254,0.0,0.0,4.7795724e-18,-27.557816,2.3218887,0.7739629,0.120000005,0.0,0.15067978,35.970158,36.000156,3843200
hardzero_plus_depr__c0p54__z1p05__lam0p030__nu0p50__psi1p00,hardzero_plus_depr,0.02,38,1201,0.0,1,0.49390298,0.49390298,1.0712136,0.0,0.08487628,0.0,0.0,4.6383206e-18,-28.293081,2.3567169,0.7855723,0.16000001,0.0,0.1697182,36.000156,36.030155,3846400
hardzero_plus_depr__c0p54__z1p05__lam0p030__nu0p50__psi1p00,hardzero_plus_depr,0.02,38,1202,0.0,1,0.49390298,0.49390298,0.9505975,0.11204756,0.11204756,1.0,5.0435327e-19,4.5012427e-18,-25.456356,2.0913563,0.69711876,0.24000001,0.0,0.12369496,36.030155,36.060154,3849600
hardzero_plus_depr__c0p54__z1p05__lam0p030__nu0p50__psi1p00,hardzero_plus_depr,0.02,38,1203,0.0,1,0.49390298,0.49390298,1.0512624,0.0,0.088866405,0.0,0.0,4.368216e-18,-28.416197,2.3128233,0.77094114,0.16000001,0.0,0.16098134,36.060154,36.090153,3852800
hardzero_plus_depr__c0p54__z1p05__lam0p030__nu0p50__psi1p00,hardzero_plus_depr,0.02,38,1204,0.0,1,0.49390298,0.49390298,1.0575505,0.0,0.08758898,0.0,0.0,4.2391207e-18,-28.254871,2.3266578,0.77555263,0.136,0.0,0.17844944,36.090153,36.12015,3856000
hardzero_plus_depr__c0p54__z1p05__lam0p030__nu0p50__psi1p00,hardzero_plus_depr,0.02,38,1205,0.0,1,0.49390298,0.49390298,1.0122699,0.097214304,0.097214304,1.0,3.9992417e-19,4.113841e-18,-27.375986,2.2270381,0.74234605,0.14400001,0.0,0.13928053,36.12015,36.15015,3859200
hardzero_plus_depr__c0p54__z1p05__lam0p030__nu0p50__psi1p00,hardzero_plus_depr,0.02,38,1206,0.0,1,0.49390298,0.49390298,1.0365063,0.09193772,0.09193772,1.0,3.670396e-19,3.9922636e-18,-27.62813,2.2803593,0.7601198,0.096,0.0,0.1527788,36.15015,36.18015,3862400
hardzero_plus_depr__c0p54__z1p05__lam0p030__nu0p50__psi1p00,hardzero_plus_depr,0.02,38,1207,0.0,1,0.49390298,0.49390298,1.0355775,0.092134535,0.092134535,1.0,3.569549e-19,3.874279e-18,-28.104136,2.278316,0.7594387,0.216,0.0,0.20954053,36.18015,36.210148,3865600
hardzero_plus_depr__c0p54__z1p05__lam0p030__nu0p50__psi1p00,hardzero_plus_depr,0.02,38,1208,0.0,1,0.49390298,0.49390298,1.0832585,0.0,0.082554646,0.0,0.0,3.7597816e-18,-28.22913,2.3832164,0.79440546,0.104,0.0,0.1610892,36.210148,36.240147,3868800
hardzero_plus_depr__c0p54__z1p05__lam0p030__nu0p50__psi1p00,hardzero_plus_depr,0.02,38,1209,0.0,1,0.49390298,0.49390298,1.1063988,0.0,0.07827106,0.0,0.0,3.6486672e-18,-28.369328,2.434126,0.8113753,0.13,0.0,0.17635402,36.240147,36.270145,3872000
hardzero_plus_depr__c0p54__z1p05__lam0p030__nu0p50__psi1p00,hardzero_plus_depr,0.02,38,1210,0.0,1,0.49390298,0.49390298,1.0127853,0.097098984,0.097098984,1.0,3.438117e-19,3.540837e-18,-26.560757,2.2281723,0.7427241,0.120000005,0.0,0.15247187,36.270145,36.300144,3875200
hardzero_plus_depr__c0p54__z1p05__lam0p030__nu0p50__psi1p00,hardzero_plus_depr,0.02,38,1211,0.0,1,0.49390298,0.49390298,1.0156132,0.096468784,0.096468784,1.0,3.3148544e-19,3.4361939e-18,-27.482962,2.2343936,0.7447979,0.17600001,0.0,0.15797089,36.300144,36.330143,3878400
hardzero_plus_depr__c0p54__z1p05__lam0p030__nu0p50__psi1p00,hardzero_plus_depr,0.02,38,1212,0.0,1,0.49390298,0.49390298,1.0307829,0.09315732,0.09315732,1.0,3.106464e-19,3.334643e-18,-26.854357,2.2677677,0.75592256,0.128,0.0,0.15453622,36.330143,36.36014,3881600
hardzero_plus_depr__c0p54__z1p05__lam0p030__nu0p50__psi1p00,hardzero_plus_depr,0.02,38,1213,0.0,1,0.49390298,0.49390298,1.0651513,0.0,0.08606937,0.0,0.0,3.2360935e-18,-26.736555,2.3433797,0.7811266,0.224,0.0,0.17029265,36.36014,36.39014,3884800
hardzero_plus_depr__c0p54__z1p05__lam0p030__nu0p50__psi1p00,hardzero_plus_depr,0.02,38,1214,0.0,1,0.49390298,0.49390298,1.0976763,0.0,0.07985898,0.0,0.0,3.1404563e-18,-27.746973,2.414936,0.8049787,0.128,0.0,0.17435619,36.39014,36.42014,3888000
hardzero_plus_depr__c0p54__z1p05__lam0p030__nu0p50__psi1p00,hardzero_plus_depr,0.02,38,1215,0.0,1,0.49390298,0.49390298,1.0615985,0.0,0.08677635,0.0,0.0,3.0476454e-18,-27.40702,2.3355634,0.7785212,0.15200001,0.0,0.19745149,36.42014,36.450138,3891200
hardzero_plus_depr__c0p54__z1p05__lam0p030__nu0p50__psi1p00,hardzero_plus_depr,0.02,38,1216,0.0,1,0.49390298,0.49390298,1.0348988,0.09227865,0.09227865,1.0,2.7292126e-19,2.9575775e-18,-27.591799,2.2768228,0.75894094,0.16800001,0.0,0.17153108,36.450138,36.480137,3894400
hardzero_plus_depr__c0p54__z1p05__lam0p030__nu0p50__psi1p00,hardzero_plus_depr,0.02,38,1217,0.0,1,0.49390298,0.49390298,1.032984,0.09268639,0.09268639,1.0,2.6602583e-19,2.8701716e-18,-27.552784,2.2726102,0.75753677,0.120000005,0.0,0.14290288,36.480137,36.510136,3897600
hardzero_plus_depr__c0p54__z1p05__lam0p030__nu0p50__psi1p00,hardzero_plus_depr,0.02,38,1218,0.0,1,0.49390298,0.49390298,1.046762,0.08979208,0.08979208,1.0,2.5010222e-19,2.7853483e-18,-27.888243,2.3029225,0.7676408,0.16800001,0.0,0.1553791,36.510136,36.540134,3900800
hardzero_plus_depr__c0p54__z1p05__lam0p030__nu0p50__psi1p00,hardzero_plus_depr,0.02,38,1219,0.0,1,0.49390298,0.49390298,1.0701143,0.0,0.08509142,0.0,0.0,2.703032e-18,-27.858877,2.3542984,0.78476614,0.120000005,0.0,0.15054424,36.540134,36.570133,3904000
hardzero_plus_depr__c0p54__z1p05__lam0p030__nu0p50__psi1p00,hardzero_plus_depr,0.02,38,1220,0.0,1,0.49390298,0.49390298,1.0122889,0.097210035,0.097210035,1.0,2.549964e-19,2.6231487e-18,-26.32335,2.22708,0.74236006,0.224,0.0,0.1620733,36.570133,36.600132,3907200
hardzero_plus_depr__c0p54__z1p05__lam0p030__nu0p50__psi1p00,hardzero_plus_depr,0.02,38,1221,0.0,1,0.49390298,0.49390298,1.0280187,0.093752146,0.093752146,1.0,2.3865794e-19,2.5456264e-18,-27.040615,2.2616863,0.75389546,0.120000005,0.0,0.16682173,36.600132,36.63013,3910400
hardzero_plus_depr__c0p54__z1p05__lam0p030__nu0p50__psi1p00,hardzero_plus_depr,0.02,38,1222,0.0,1,0.49390298,0.49390298,0.964759,0.108452864,0.108452864,1.0,2.6792137e-19,2.4703945e-18,-26.252312,2.122512,0.70750403,0.17999999,0.0,0.14588074,36.63013,36.66013,3913600
hardzero_plus_depr__c0p54__z1p05__lam0p030__nu0p50__psi1p00,hardzero_plus_depr,0.02,38,1223,0.0,1,0.49390298,0.49390298,1.0122683,0.09721465,0.09721465,1.0,2.3306106e-19,2.3973863e-18,-26.822771,2.2270348,0.742345,0.15200001,0.0,0.15590763,36.66013,36.69013,3916800
hardzero_plus_depr__c0p54__z1p05__lam0p030__nu0p50__psi1p00,hardzero_plus_depr,0.02,38,1224,0.0,1,0.49390298,0.49390298,1.1189445,0.0,0.076042324,0.0,0.0,2.3265356e-18,-28.67265,2.4617271,0.8205757,0.096,0.0,0.20367882,36.69013,36.720127,3920000
hardzero_plus_depr__c0p54__z1p05__lam0p030__nu0p50__psi1p00,hardzero_plus_depr,0.02,38,1225,0.0,1,0.49390298,0.49390298,1.025539,0.09428899,0.09428899,1.0,2.1288368e-19,2.2577787e-18,-26.88429,2.256231,0.75207704,0.216,0.0,0.14341806,36.720127,36.750126,3923200
hardzero_plus_depr__c0p54__z1p05__lam0p030__nu0p50__psi1p00,hardzero_plus_depr,0.02,38,1226,0.0,1,0.49390298,0.49390298,1.0088582,0.09798099,0.09798099,1.0,2.1468165e-19,2.191054e-18,-26.728022,2.2195325,0.7398442,0.14400001,0.0,0.13388127,36.750126,36.780125,3926400
hardzero_plus_depr__c0p54__z1p05__lam0p030__nu0p50__psi1p00,hardzero_plus_depr,0.02,38,1227,0.0,1,0.49390298,0.49390298,1.0528316,0.0,0.08854589,0.0,0.0,2.1263013e-18,-27.569458,2.3162758,0.772092,0.16000001,0.0,0.14852352,36.780125,36.810123,3929600
hardzero_plus_depr__c0p54__z1p05__lam0p030__nu0p50__psi1p00,hardzero_plus_depr,0.02,38,1228,0.0,1,0.49390298,0.49390298,1.0028998,0.09933453,0.09933453,1.0,2.0497303e-19,2.063462e-18,-27.179285,2.2064235,0.7354745,0.16800001,0.0,0.15056764,36.810123,36.840122,3932800
hardzero_plus_depr__c0p54__z1p05__lam0p030__nu0p50__psi1p00,hardzero_plus_depr,0.02,38,1229,0.0,1,0.49390298,0.49390298,1.0049206,0.09887338,0.09887338,1.0,1.9799196e-19,2.00248e-18,-27.078041,2.2108696,0.73695654,0.2,0.0,0.17988747,36.840122,36.87012,3936000
hardzero_plus_depr__c0p54__z1p05__lam0p030__nu0p50__psi1p00,hardzero_plus_depr,0.02,38,1230,0.0,1,0.49390298,0.49390298,1.0343693,0.09239121,0.09239121,1.0,1.7954386e-19,1.9433002e-18,-27.427813,2.275658,0.7585527,0.112,0.0,0.14915761,36.87012,36.90012,3939200
hardzero_plus_depr__c0p54__z1p05__lam0p030__nu0p50__psi1p00,hardzero_plus_depr,0.02,38,1231,0.0,1,0.49390298,0.49390298,0.9820069,0.10423009,0.10423009,1.0,1.9656432e-19,1.8858692e-18,-26.228964,2.1604583,0.7201528,0.128,0.0,0.1402303,36.90012,36.93012,3942400
hardzero_plus_depr__c0p54__z1p05__lam0p030__nu0p50__psi1p00,hardzero_plus_depr,0.02,38,1232,0.0,1,0.49390298,0.49390298,1.0980122,0.0,0.079797216,0.0,0.0,1.8301357e-18,-28.403067,2.4156752,0.8052251,0.128,0.0,0.17187801,36.93012,36.960117,3945600
hardzero_plus_depr__c0p54__z1p05__lam0p030__nu0p50__psi1p00,hardzero_plus_depr,0.02,38,1233,0.0,1,0.49390298,0.49390298,1.0616353,0.0,0.08676904,0.0,0.0,1.7760492e-18,-26.557053,2.3356442,0.7785481,0.16800001,0.0,0.17249304,36.960117,36.990116,3948800
hardzero_plus_depr__c0p54__z1p05__lam0p030__nu0p50__psi1p00,hardzero_plus_depr,0.02,38,1234,0.0,1,0.49390298,0.49390298,1.0374105,0.091746494,0.091746494,1.0,1.5813068e-19,1.723561e-18,-27.626513,2.2823486,0.7607829,0.2,0.0,0.15384862,36.990116,37.020115,3952000
hardzero_plus_depr__c0p54__z1p05__lam0p030__nu0p50__psi1p00,hardzero_plus_depr,0.02,38,1235,0.0,1,0.49390298,0.49390298,1.0174359,0.09606475,0.09606475,1.0,1.6068021e-19,1.6726241e-18,-27.170967,2.2384038,0.74613464,0.16,0.0,0.16304795,37.020115,37.050114,3955200
hardzero_plus_depr__c0p54__z1p05__lam0p030__nu0p50__psi1p00,hardzero_plus_depr,0.02,38,1236,0.0,1,0.49390298,0.49390298,1.0083159,0.0981034,0.0981034,1.0,1.5924071e-19,1.6231926e-18,-26.750626,2.2183394,0.7394465,0.14400001,0.0,0.14996132,37.050114,37.080112,3958400
hardzero_plus_depr__c0p54__z1p05__lam0p030__nu0p50__psi1p00,hardzero_plus_depr,0.02,38,1237,0.0,1,0.49390298,0.49390298,0.9514528,0.11182712,0.11182712,1.0,1.7615253e-19,1.575222e-18,-25.978045,2.0932379,0.697746,0.2,0.0,0.15467381,37.080112,37.11011,3961600
hardzero_plus_depr__c0p54__z1p05__lam0p030__nu0p50__psi1p00,hardzero_plus_depr,0.02,38,1238,0.0,1,0.49390298,0.49390298,1.0877622,0.0,0.08170295,0.0,0.0,1.528669e-18,-28.430662,2.3931248,0.7977083,0.128,0.0,0.19751005,37.11011,37.14011,3964800
hardzero_plus_depr__c0p54__z1p05__lam0p030__nu0p50__psi1p00,hardzero_plus_depr,0.02,38,1239,0.0,1,0.49390298,0.49390298,1.0379558,0.09163138,0.09163138,1.0,1.3593442e-19,1.4834919e-18,-27.897055,2.2835484,0.7611828,0.15200001,0.0,0.1646829,37.14011,37.17011,3968000
hardzero_plus_depr__c0p54__z1p05__lam0p030__nu0p50__psi1p00,hardzero_plus_depr,0.02,38,1240,0.0,1,0.49390298,0.49390298,1.1376257,0.0,0.07284074,0.0,0.0,1.4396497e-18,-29.319748,2.5028265,0.8342755,0.128,0.0,0.18146533,37.17011,37.200108,3971200
hardzero_plus_depr__c0p54__z1p05__lam0p030__nu0p50__psi1p00,hardzero_plus_depr,0.02,38,1241,0.0,1,0.49390298,0.49390298,1.0727642,0.0,0.084573805,0.0,0.0,1.3971034e-18,-27.780432,2.3601284,0.7867095,0.120000005,0.0,0.16293672,37.200108,37.230106,3974400
hardzero_plus_depr__c0p54__z1p05__lam0p030__nu0p50__psi1p00,hardzero_plus_depr,0.02,38,1242,0.0,1,0.49390298,0.49390298,0.99521905,0.101106934,0.101106934,1.0,1.3708223e-19,1.3558144e-18,-26.707333,2.1895256,0.7298419,0.16000001,0.0,0.15714951,37.230106,37.260105,3977600
hardzero_plus_depr__c0p54__z1p05__lam0p030__nu0p50__psi1p00,hardzero_plus_depr,0.02,38,1243,0.0,1,0.49390298,0.49390298,1.1179378,0.0,0.07621881,0.0,0.0,1.3157456e-18,-29.20605,2.4595122,0.81983745,0.072000004,0.0,0.19362815,37.260105,37.290104,3980800
hardzero_plus_depr__c0p54__z1p05__lam0p030__nu0p50__psi1p00,hardzero_plus_depr,0.02,38,1244,0.0,1,0.49390298,0.49390298,1.034174,0.09243279,0.09243279,1.0,1.1802384e-19,1.2768611e-18,-27.537094,2.2752283,0.75840944,0.2,0.0,0.16140537,37.290104,37.320103,3984000
hardzero_plus_depr__c0p54__z1p05__lam0p030__nu0p50__psi1p00,hardzero_plus_depr,0.02,38,1245,0.0,1,0.49390298,0.49390298,1.0357469,0.0920986,0.0920986,1.0,1.1412173e-19,1.2391256e-18,-27.365143,2.2786887,0.7595629,0.128,0.0,0.16068833,37.320103,37.3501,3987200
hardzero_plus_depr__c0p54__z1p05__lam0p030__nu0p50__psi1p00,hardzero_plus_depr,0.02,38,1246,0.0,1,0.49390298,0.49390298,1.0217382,0.09511779,0.09511779,1.0,1.1437965e-19,1.2025053e-18,-26.81549,2.2478688,0.74928963,0.128,0.0,0.14923872,37.3501,37.3801,3990400
hardzero_plus_depr__c0p54__z1p05__lam0p030__nu0p50__psi1p00,hardzero_plus_depr,0.02,38,1247,0.0,1,0.49390298,0.49390298,1.036205,0.092001505,0.092001505,1.0,1.07362744e-19,1.1669673e-18,-26.321875,2.2796967,0.7598989,0.104,0.0,0.13527787,37.3801,37.4101,3993600
hardzero_plus_depr__c0p54__z1p05__lam0p030__nu0p50__psi1p00,hardzero_plus_depr,0.02,38,1248,0.0,1,0.49390298,0.49390298,1.0491179,0.0893063,0.0893063,1.0,1.0113758e-19,1.1324797e-18,-27.43479,2.3081055,0.7693685,0.25,0.0,0.17716514,37.4101,37.440098,3996800
hardzero_plus_depr__c0p54__z1p05__lam0p030__nu0p50__psi1p00,hardzero_plus_depr,0.02,38,1249,0.0,1,0.49390298,0.49390298,1.0604857,0.0,0.08699901,0.0,0.0,1.0990112e-18,-28.26887,2.333115,0.7777051,0.17600001,0.0,0.2203363,37.440098,37.470097,4000000
hardzero_plus_depr__c0p54__z1p05__lam0p030__nu0p50__psi1p00,hardzero_plus_depr,0.02,39,0,1.0,1,1.0,0.4618612,1.0312365,0.09306009,0.09306009,1.0,0.0018612018,0.02,-27.434998,2.2687657,0.75625527,0.14999999,0.0,0.14993557,0.0,0.0,3200
hardzero_plus_depr__c0p54__z1p05__lam0p030__nu0p50__psi1p00,hardzero_plus_depr,0.02,39,1,0.0,1,0.4618612,0.46390617,0.99034107,0.102248944,0.102248944,1.0,0.0020449788,0.02,-25.956192,2.178794,0.72626466,0.18400002,0.0,0.14349915,0.0,0.03,6400
hardzero_plus_depr__c0p54__z1p05__lam0p030__nu0p50__psi1p00,hardzero_plus_depr,0.02,39,2,0.0,1,0.46390617,0.46390617,1.059887,0.0,0.087119,0.0,0.0,0.019408911,-27.824345,2.331798,0.777266,0.15200001,0.0,0.16884239,0.03,0.06,9600
hardzero_plus_depr__c0p54__z1p05__lam0p030__nu0p50__psi1p00,hardzero_plus_depr,0.02,39,3,0.0,1,0.46390617,0.4657084,1.0191605,0.095684044,0.095684044,1.0,0.0018022369,0.018835291,-28.626385,2.242198,0.74739933,0.208,0.0,0.12685628,0.06,0.089999996,12800
hardzero_plus_depr__c0p54__z1p05__lam0p030__nu0p50__psi1p00,hardzero_plus_depr,0.02,39,4,0.0,1,0.4657084,0.46763268,0.9776742,0.10527514,0.10527514,1.0,0.0019242847,0.018278625,-25.679977,2.150926,0.7169754,0.14400001,0.0,0.13222295,0.089999996,0.12,16000
hardzero_plus_depr__c0p54__z1p05__lam0p030__nu0p50__psi1p00,hardzero_plus_depr,0.02,39,5,0.0,1,0.46763268,0.4693231,1.0209205,0.09529705,0.09529705,1.0,0.001690418,0.017738407,-26.15458,2.24607,0.74869,0.120000005,0.0,0.13187034,0.12,0.14999999,19200
hardzero_plus_depr__c0p54__z1p05__lam0p030__nu0p50__psi1p00,hardzero_plus_depr,0.02,39,6,0.0,1,0.4693231,0.4693231,1.0735103,0.0,0.08442863,0.0,0.0,0.017214159,-27.573233,2.3617697,0.7872566,0.16000001,0.0,0.14411533,0.14999999,0.17999999,22400
hardzero_plus_depr__c0p54__z1p05__lam0p030__nu0p50__psi1p00,hardzero_plus_depr,0.02,39,7,0.0,1,0.4693231,0.4708904,1.0277045,0.093820006,0.093820006,1.0,0.0015673012,0.016705405,-27.901098,2.260995,0.753665,0.14400001,0.0,0.15414624,0.17999999,0.21,25600
hardzero_plus_depr__c0p54__z1p05__lam0p030__nu0p50__psi1p00,hardzero_plus_depr,0.02,39,8,0.0,1,0.4708904,0.4708904,1.0551465,0.0,0.08807518,0.0,0.0,0.016211685,-27.718729,2.3213685,0.7737895,0.096,0.0,0.13141693,0.21,0.24,28800
hardzero_plus_depr__c0p54__z1p05__lam0p030__nu0p50__psi1p00,hardzero_plus_depr,0.02,39,9,0.0,1,0.4708904,0.4708904,1.0630507,0.0,0.08648668,0.0,0.0,0.015732557,-29.02969,2.3387585,0.7795862,0.14400001,0.0,0.17441674,0.24,0.26999998,32000
hardzero_plus_depr__c0p54__z1p05__lam0p030__nu0p50__psi1p00,hardzero_plus_depr,0.02,39,10,0.0,1,0.4708904,0.47241578,1.000397,0.09990863,0.09990863,1.0,0.001525364,0.01526759,-26.929127,2.2009172,0.7336391,0.192,0.0,0.13204363,0.26999998,0.29999998,35200
hardzero_plus_depr__c0p54__z1p05__lam0p030__nu0p50__psi1p00,hardzero_plus_depr,0.02,39,11,0.0,1,0.47241578,0.47384354,1.0160794,0.09636527,0.09636527,1.0,0.0014277829,0.014816363,-27.055298,2.2354193,0.7451398,0.112,0.0,0.13026172,0.29999998,0.32999998,38400
hardzero_plus_depr__c0p54__z1p05__lam0p030__nu0p50__psi1p00,hardzero_plus_depr,0.02,39,12,0.0,1,0.47384354,0.47535914,0.9771323,0.10540656,0.10540656,1.0,0.0015155857,0.014378476,-26.661505,2.149734,0.716578,0.192,0.0,0.14456762,0.32999998,0.35999998,41600
hardzero_plus_depr__c0p54__z1p05__lam0p030__nu0p50__psi1p00,hardzero_plus_depr,0.02,39,13,0.0,1,0.47535914,0.4768909,0.95949817,0.10977458,0.10977458,1.0,0.0015317425,0.0139535265,-26.651064,2.110938,0.70364606,0.19,0.0,0.15377568,0.35999998,0.39,44800
hardzero_plus_depr__c0p54__z1p05__lam0p030__nu0p50__psi1p00,hardzero_plus_depr,0.02,39,14,0.0,1,0.4768909,0.47815388,1.0302498,0.093271755,0.093271755,1.0,0.0012630057,0.013541138,-27.049194,2.266595,0.75553167,0.08800001,0.0,0.13830633,0.39,0.42,48000
hardzero_plus_depr__c0p54__z1p05__lam0p030__nu0p50__psi1p00,hardzero_plus_depr,0.02,39,15,0.0,1,0.47815388,0.47962648,0.950543,0.11206164,0.11206164,1.0,0.0014725949,0.013140936,-26.249496,2.0912364,0.6970788,0.128,0.0,0.11830699,0.42,0.45,51200
hardzero_plus_depr__c0p54__z1p05__lam0p030__nu0p50__psi1p00,hardzero_plus_depr,0.02,39,16,0.0,1,0.47962648,0.4808959,1.0019838,0.09954425,0.09954425,1.0,0.0012694442,0.012752563,-27.059229,2.2044084,0.73480284,0.192,0.0,0.12837346,0.45,0.48,54400
hardzero_plus_depr__c0p54__z1p05__lam0p030__nu0p50__psi1p00,hardzero_plus_depr,0.02,39,17,0.0,1,0.4808959,0.48208043,1.0190295,0.0957129,0.0957129,1.0,0.001184511,0.012375668,-27.356934,2.2419097,0.74730325,0.17600001,0.0,0.13814645,0.48,0.51,57600
hardzero_plus_depr__c0p54__z1p05__lam0p030__nu0p50__psi1p00,hardzero_plus_depr,0.02,39,18,0.0,1,0.48208043,0.48321977,1.0228881,0.09486629,0.09486629,1.0,0.0011393357,0.012009911,-26.496225,2.2503986,0.7501329,0.16800001,0.0,0.16072741,0.51,0.53999996,60800
hardzero_plus_depr__c0p54__z1p05__lam0p030__nu0p50__psi1p00,hardzero_plus_depr,0.02,39,19,0.0,1,0.48321977,0.4842943,1.0352914,0.09219524,0.09219524,1.0,0.0010745323,0.011654965,-27.475166,2.2776866,0.7592289,0.14400001,0.0,0.15676107,0.53999996,0.56999993,64000
hardzero_plus_depr__c0p54__z1p05__lam0p030__nu0p50__psi1p00,hardzero_plus_depr,0.02,39,20,0.0,1,0.4842943,0.48550445,0.97063816,0.10699459,0.10699459,1.0,0.0012101633,0.011310509,-26.020771,2.1354465,0.71181554,0.192,0.0,0.15394849,0.56999993,0.5999999,67200
hardzero_plus_depr__c0p54__z1p05__lam0p030__nu0p50__psi1p00,hardzero_plus_depr,0.02,39,21,0.0,1,0.48550445,0.48656633,1.0143734,0.09674455,0.09674455,1.0,0.0010618907,0.0109762335,-27.633436,2.231666,0.74388874,0.14400001,0.0,0.13604303,0.5999999,0.6299999,70400
hardzero_plus_depr__c0p54__z1p05__lam0p030__nu0p50__psi1p00,hardzero_plus_depr,0.02,39,22,0.0,1,0.48656633,0.4876055,1.0107306,0.097559445,0.097559445,1.0,0.0010391873,0.010651837,-26.84007,2.223652,0.7412173,0.16000001,0.0,0.13298157,0.6299999,0.65999985,73600
hardzero_plus_depr__c0p54__z1p05__lam0p030__nu0p50__psi1p00,hardzero_plus_depr,0.02,39,23,0.0,1,0.4876055,0.4876055,1.0734215,0.0,0.08444589,0.0,0.0,0.010337027,-27.351767,2.3615744,0.7871915,0.17600001,0.0,0.18248726,0.65999985,0.6899998,76800
hardzero_plus_depr__c0p54__z1p05__lam0p030__nu0p50__psi1p00,hardzero_plus_depr,0.02,39,24,0.0,1,0.4876055,0.48863798,0.98748946,0.10292256,0.10292256,1.0,0.00103247,0.010031523,-26.873869,2.1725202,0.7241734,0.136,0.0,0.1320003,0.6899998,0.7199998,80000
hardzero_plus_depr__c0p54__z1p05__lam0p030__nu0p50__psi1p00,hardzero_plus_depr,0.02,39,25,0.0,1,0.48863798,0.48863798,1.1025975,0.0,0.07895916,0.0,0.0,0.009735047,-29.033474,2.425763,0.8085877,0.136,0.0,0.15852407,0.7199998,0.74999976,83200
hardzero_plus_depr__c0p54__z1p05__lam0p030__nu0p50__psi1p00,hardzero_plus_depr,0.02,39,26,0.0,1,0.48863798,0.48954463,1.0178776,0.095967114,0.095967114,1.0,0.00090663333,0.009447333,-27.459557,2.2393754,0.7464585,0.19,0.0,0.1422328,0.74999976,0.77999973,86400
hardzero_plus_depr__c0p54__z1p05__lam0p030__nu0p50__psi1p00,hardzero_plus_depr,0.02,39,27,0.0,1,0.48954463,0.48954463,1.0615327,0.0,0.08678951,0.0,0.0,0.009168123,-27.940575,2.3354187,0.7784729,0.112,0.0,0.16975962,0.77999973,0.8099997,89600
hardzero_plus_depr__c0p54__z1p05__lam0p030__nu0p50__psi1p00,hardzero_plus_depr,0.02,39,28,0.0,1,0.48954463,0.49036387,1.0358422,0.092078395,0.092078395,1.0,0.00081923656,0.008897164,-27.76284,2.2788982,0.75963277,0.17600001,0.0,0.1991105,0.8099997,0.8399997,92800
hardzero_plus_depr__c0p54__z1p05__lam0p030__nu0p50__psi1p00,hardzero_plus_depr,0.02,39,29,0.0,1,0.49036387,0.49118656,1.0209869,0.09528249,0.09528249,1.0,0.0008226893,0.008634213,-27.163488,2.246216,0.7487387,0.15200001,0.0,0.16010742,0.8399997,0.86999965,96000
hardzero_plus_depr__c0p54__z1p05__lam0p030__nu0p50__psi1p00,hardzero_plus_depr,0.02,39,30,0.0,1,0.49118656,0.49118656,1.0771,0.0,0.08373364,0.0,0.0,0.008379034,-28.106506,2.3696675,0.7898892,0.136,0.008,0.1743615,0.86999965,0.8999996,99200
hardzero_plus_depr__c0p54__z1p05__lam0p030__nu0p50__psi1p00,hardzero_plus_depr,0.02,39,31,0.0,1,0.49118656,0.4919205,1.0445008,0.09026078,0.09026078,1.0,0.0007339462,0.008131397,-27.902412,2.2979476,0.76598257,0.16800001,0.0,0.14809155,0.8999996,0.9299996,102400
hardzero_plus_depr__c0p54__z1p05__lam0p030__nu0p50__psi1p00,hardzero_plus_depr,0.02,39,32,0.0,1,0.4919205,0.4927412,0.9829468,0.10400474,0.10400474,1.0,0.00082070945,0.007891078,-27.309244,2.1625261,0.72084206,0.15200001,0.0,0.14135303,0.9299996,0.95999956,105600
hardzero_plus_depr__c0p54__z1p05__lam0p030__nu0p50__psi1p00,hardzero_plus_depr,0.02,39,33,0.0,1,0.4927412,0.49343982,1.0398676,0.09122889,0.09122889,1.0,0.0006986181,0.007657861,-27.07834,2.2877545,0.76258487,0.112,0.0,0.13918748,0.95999956,0.98999953,108800
hardzero_plus_depr__c0p54__z1p05__lam0p030__nu0p50__psi1p00,hardzero_plus_depr,0.02,39,34,0.0,1,0.49343982,0.49343982,1.0659387,0.0,0.08591347,0.0,0.0,0.0074315374,-27.784008,2.345112,0.78170407,0.128,0.0,0.15048684,0.98999953,1.0199995,112000
hardzero_plus_depr__c0p54__z1p05__lam0p030__nu0p50__psi1p00,hardzero_plus_depr,0.02,39,35,0.0,1,0.49343982,0.49412984,1.0191934,0.09567679,0.09567679,1.0,0.00069001166,0.0072119026,-27.066942,2.2422702,0.7474234,0.16000001,0.0,0.16468681,1.0199995,1.0499995,115200
hardzero_plus_depr__c0p54__z1p05__lam0p030__nu0p50__psi1p00,hardzero_plus_depr,0.02,39,36,0.0,1,0.49412984,0.49412984,1.0705218,0.0,0.08501158,0.0,0.0,0.0069987588,-28.116978,2.355195,0.78506505,0.17600001,0.0,0.1793773,1.0499995,1.0799994,118400
hardzero_plus_depr__c0p54__z1p05__lam0p030__nu0p50__psi1p00,hardzero_plus_depr,0.02,39,37,0.0,1,0.49412984,0.49412984,1.066452,0.0,0.08581198,0.0,0.0,0.006791914,-28.562569,2.3462412,0.7820804,0.15200001,0.0,0.14364329,1.0799994,1.1099994,121600
hardzero_plus_depr__c0p54__z1p05__lam0p030__nu0p50__psi1p00,hardzero_plus_depr,0.02,39,38,0.0,1,0.49412984,0.49412984,1.1410509,0.0,0.07226849,0.0,0.0,0.0065911827,-29.664997,2.5103621,0.8367874,0.120000005,0.0,0.19619411,1.1099994,1.1399994,124800
hardzero_plus_depr__c0p54__z1p05__lam0p030__nu0p50__psi1p00,hardzero_plus_depr,0.02,39,39,0.0,1,0.49412984,0.4947837,0.9904433,0.102224894,0.102224894,1.0,0.00065386965,0.006396384,-26.157692,2.1790187,0.7263396,0.16,0.0,0.119717255,1.1399994,1.1699994,128000
hardzero_plus_depr__c0p54__z1p05__lam0p030__nu0p50__psi1p00,hardzero_plus_depr,0.02,39,40,0.0,1,0.4947837,0.4953455,1.0433242,0.09050567,0.09050567,1.0,0.00056179974,0.006207343,-27.530798,2.2953591,0.76511973,0.096,0.0,0.14333221,1.1699994,1.1999993,131200
hardzero_plus_depr__c0p54__z1p05__lam0p030__nu0p50__psi1p00,hardzero_plus_depr,0.02,39,41,0.0,1,0.4953455,0.49592513,1.0167313,0.096220754,0.096220754,1.0,0.00057962304,0.006023888,-26.300938,2.2368534,0.7456178,0.104,0.0,0.13860944,1.1999993,1.2299993,134400
hardzero_plus_depr__c0p54__z1p05__lam0p030__nu0p50__psi1p00,hardzero_plus_depr,0.02,39,42,0.0,1,0.49592513,0.49645603,1.0418401,0.09081548,0.09081548,1.0,0.00053089415,0.0058458555,-27.053295,2.292094,0.76403135,0.24000001,0.0,0.15827537,1.2299993,1.2599993,137600
hardzero_plus_depr__c0p54__z1p05__lam0p030__nu0p50__psi1p00,hardzero_plus_depr,0.02,39,43,0.0,1,0.49645603,0.49645603,1.0624148,0.0,0.086613424,0.0,0.0,0.005673084,-28.456459,2.3373592,0.77911973,0.112,0.0,0.16076341,1.2599993,1.2899992,140800
hardzero_plus_depr__c0p54__z1p05__lam0p030__nu0p50__psi1p00,hardzero_plus_depr,0.02,39,44,0.0,1,0.49645603,0.49645603,1.0708541,0.0,0.08494659,0.0,0.0,0.00550542,-27.657902,2.355926,0.7853087,0.08800001,0.0,0.12953292,1.2899992,1.3199992,144000
hardzero_plus_depr__c0p54__z1p05__lam0p030__nu0p50__psi1p00,hardzero_plus_depr,0.02,39,45,0.0,1,0.49645603,0.4969446,1.0388217,0.09144885,0.09144885,1.0,0.0004885847,0.00534271,-27.251322,2.2854533,0.7618178,0.17600001,0.0,0.14696333,1.3199992,1.3499992,147200
hardzero_plus_depr__c0p54__z1p05__lam0p030__nu0p50__psi1p00,hardzero_plus_depr,0.02,39,46,0.0,1,0.4969446,0.4969446,1.055539,0.0,0.08799561,0.0,0.0,0.0051848097,-27.95855,2.3222322,0.7740774,0.104,0.0,0.14538765,1.3499992,1.3799992,150400
hardzero_plus_depr__c0p54__z1p05__lam0p030__nu0p50__psi1p00,hardzero_plus_depr,0.02,39,47,0.0,1,0.4969446,0.4969446,1.0627433,0.0,0.08654792,0.0,0.0,0.0050315754,-28.233398,2.338082,0.7793607,0.16800001,0.0,0.18412182,1.3799992,1.4099991,153600
hardzero_plus_depr__c0p54__z1p05__lam0p030__nu0p50__psi1p00,hardzero_plus_depr,0.02,39,48,0.0,1,0.4969446,0.4973932,1.036826,0.091870055,0.091870055,1.0,0.0004485895,0.00488287,-27.691263,2.2810628,0.7603543,0.136,0.0,0.13985986,1.4099991,1.4399991,156800
hardzero_plus_depr__c0p54__z1p05__lam0p030__nu0p50__psi1p00,hardzero_plus_depr,0.02,39,49,0.0,1,0.4973932,0.49783692,1.0285366,0.09364043,0.09364043,1.0,0.00044372075,0.0047385595,-27.660643,2.2628255,0.7542752,0.16000001,0.0,0.18943526,1.4399991,1.4699991,160000
hardzero_plus_depr__c0p54__z1p05__lam0p030__nu0p50__psi1p00,hardzero_plus_depr,0.02,39,50,0.0,1,0.49783692,0.49783692,1.0724972,0.0,0.08462579,0.0,0.0,0.004598514,-27.179153,2.359541,0.7865137,0.104,0.0,0.13747747,1.4699991,1.499999,163200
hardzero_plus_depr__c0p54__z1p05__lam0p030__nu0p50__psi1p00,hardzero_plus_depr,0.02,39,51,0.0,1,0.49783692,0.49783692,1.054507,0.0,0.08820495,0.0,0.0,0.0044626077,-27.704226,2.3199618,0.7733206,0.14400001,0.0,0.14035612,1.499999,1.529999,166400
hardzero_plus_depr__c0p54__z1p05__lam0p030__nu0p50__psi1p00,hardzero_plus_depr,0.02,39,52,0.0,1,0.49783692,0.49783692,1.0963811,0.0,0.080097504,0.0,0.0,0.004330718,-28.33566,2.4120865,0.80402887,0.14,0.01,0.15946199,1.529999,1.559999,169600
hardzero_plus_depr__c0p54__z1p05__lam0p030__nu0p50__psi1p00,hardzero_plus_depr,0.02,39,53,0.0,1,0.49783692,0.49783692,1.0532262,0.0,0.08846547,0.0,0.0,0.0042027254,-27.521118,2.317144,0.7723813,0.16800001,0.0,0.13904233,1.559999,1.589999,172800
hardzero_plus_depr__c0p54__z1p05__lam0p030__nu0p50__psi1p00,hardzero_plus_depr,0.02,39,54,0.0,1,0.49783692,0.49783692,1.0548337,0.0,0.08813864,0.0,0.0,0.0040785163,-27.700754,2.3206804,0.77356017,0.128,0.0,0.14483684,1.589999,1.6199989,176000
hardzero_plus_depr__c0p54__z1p05__lam0p030__nu0p50__psi1p00,hardzero_plus_depr,0.02,39,55,0.0,1,0.49783692,0.49783692,1.0776391,0.0,0.08362977,0.0,0.0,0.003957978,-27.466648,2.3708534,0.7902845,0.17600001,0.0,0.1373621,1.6199989,1.6499989,179200
hardzero_plus_depr__c0p54__z1p05__lam0p030__nu0p50__psi1p00,hardzero_plus_depr,0.02,39,56,0.0,1,0.49783692,0.4981879,1.0391781,0.09137384,0.09137384,1.0,0.00035096714,0.0038410025,-28.127098,2.2862375,0.7620792,0.14400001,0.0,0.13921276,1.6499989,1.6799989,182400
hardzero_plus_depr__c0p54__z1p05__lam0p030__nu0p50__psi1p00,hardzero_plus_depr,0.02,39,57,0.0,1,0.4981879,0.49857247,0.98642653,0.10317476,0.10317476,1.0,0.00038458224,0.0037274836,-26.000784,2.1701818,0.7233939,0.264,0.0,0.15433595,1.6799989,1.7099988,185600
hardzero_plus_depr__c0p54__z1p05__lam0p030__nu0p50__psi1p00,hardzero_plus_depr,0.02,39,58,0.0,1,0.49857247,0.49889636,1.0479681,0.08954304,0.08954304,1.0,0.0003239058,0.00361732,-27.951138,2.305576,0.76852536,0.14400001,0.0,0.13254717,1.7099988,1.7399988,188800
hardzero_plus_depr__c0p54__z1p05__lam0p030__nu0p50__psi1p00,hardzero_plus_depr,0.02,39,59,0.0,1,0.49889636,0.49889636,1.1093788,0.0,0.07773582,0.0,0.0,0.0035104118,-28.01324,2.4406822,0.8135607,0.15200001,0.0,0.1444882,1.7399988,1.7699988,192000
hardzero_plus_depr__c0p54__z1p05__lam0p030__nu0p50__psi1p00,hardzero_plus_depr,0.02,39,60,0.0,1,0.49889636,0.49920437,1.0437809,0.09041054,0.09041054,1.0,0.00030799833,0.0034066641,-27.666924,2.2963638,0.76545465,0.104,0.0,0.13851857,1.7699988,1.7999988,195200
hardzero_plus_depr__c0p54__z1p05__lam0p030__nu0p50__psi1p00,hardzero_plus_depr,0.02,39,61,0.0,1,0.49920437,0.49920437,1.0681483,0.0,0.08547749,0.0,0.0,0.0033059819,-27.746582,2.349973,0.78332436,0.136,0.0,0.1481797,1.7999988,1.8299987,198400
hardzero_plus_depr__c0p54__z1p05__lam0p030__nu0p50__psi1p00,hardzero_plus_depr,0.02,39,62,0.0,1,0.49920437,0.49949476,1.0432969,0.090511344,0.090511344,1.0,0.00029038533,0.0032082754,-28.539837,2.295299,0.7650997,0.128,0.0,0.13405655,1.8299987,1.8599987,201600
hardzero_plus_depr__c0p54__z1p05__lam0p030__nu0p50__psi1p00,hardzero_plus_depr,0.02,39,63,0.0,1,0.49949476,0.49980092,1.0072789,0.098337926,0.098337926,1.0,0.00030617084,0.0031134563,-25.835949,2.2160578,0.73868597,0.224,0.0,0.11875911,1.8599987,1.8899987,204800
hardzero_plus_depr__c0p54__z1p05__lam0p030__nu0p50__psi1p00,hardzero_plus_depr,0.02,39,64,0.0,1,0.49980092,0.5001052,0.9969432,0.10070634,0.10070634,1.0,0.0003042782,0.0030214402,-26.787321,2.1933188,0.7311063,0.224,0.0,0.12580092,1.8899987,1.9199986,208000
hardzero_plus_depr__c0p54__z1p05__lam0p030__nu0p50__psi1p00,hardzero_plus_depr,0.02,39,65,0.0,1,0.5001052,0.5003842,1.0215684,0.09515499,0.09515499,1.0,0.00027900806,0.0029321432,-27.112919,2.2474954,0.7491652,0.11,0.0,0.14761363,1.9199986,1.9499986,211200
hardzero_plus_depr__c0p54__z1p05__lam0p030__nu0p50__psi1p00,hardzero_plus_depr,0.02,39,66,0.0,1,0.5003842,0.5003842,1.0659231,0.0,0.085916564,0.0,0.0,0.0028454852,-28.592524,2.3450775,0.7816925,0.08800001,0.0,0.15355629,1.9499986,1.9799986,214400
hardzero_plus_depr__c0p54__z1p05__lam0p030__nu0p50__psi1p00,hardzero_plus_depr,0.02,39,67,0.0,1,0.5003842,0.5003842,1.1067773,0.0,0.078202866,0.0,0.0,0.0027613884,-28.47965,2.4349587,0.8116529,0.112,0.0,0.18022978,1.9799986,2.0099986,217600
hardzero_plus_depr__c0p54__z1p05__lam0p030__nu0p50__psi1p00,hardzero_plus_depr,0.02,39,68,0.0,1,0.5003842,0.5006233,1.0495361,0.089220345,0.089220345,1.0,0.00023909066,0.0026797773,-27.429668,2.3090255,0.7696752,0.14400001,0.0,0.12604496,2.0099986,2.0399985,220800
hardzero_plus_depr__c0p54__z1p05__lam0p030__nu0p50__psi1p00,hardzero_plus_depr,0.02,39,69,0.0,1,0.5006233,0.5006233,1.0518937,0.0,0.08873731,0.0,0.0,0.0026005781,-27.597355,2.3142123,0.77140415,0.136,0.0,0.14589392,2.0399985,2.0699985,224000
hardzero_plus_depr__c0p54__z1p05__lam0p030__nu0p50__psi1p00,hardzero_plus_depr,0.02,39,70,0.0,1,0.5006233,0.5008528,1.0411901,0.09095149,0.09095149,1.0,0.00022953603,0.0025237193,-27.875349,2.290664,0.7635547,0.14400001,0.0,0.15028849,2.0699985,2.0999985,227200
hardzero_plus_depr__c0p54__z1p05__lam0p030__nu0p50__psi1p00,hardzero_plus_depr,0.02,39,71,0.0,1,0.5008528,0.50107443,1.043453,0.09047883,0.09047883,1.0,0.0002215946,0.002449132,-27.64562,2.2956424,0.76521415,0.104,0.0,0.14410497,2.0999985,2.1299984,230400
hardzero_plus_depr__c0p54__z1p05__lam0p030__nu0p50__psi1p00,hardzero_plus_depr,0.02,39,72,0.0,1,0.50107443,0.50131273,0.99884695,0.10026585,0.10026585,1.0,0.0002383068,0.0023767494,-26.39992,2.1975071,0.7325024,0.23200001,0.0,0.13697854,2.1299984,2.1599984,233600
hardzero_plus_depr__c0p54__z1p05__lam0p030__nu0p50__psi1p00,hardzero_plus_depr,0.02,39,73,0.0,1,0.50131273,0.5015383,1.0097524,0.097779445,0.097779445,1.0,0.00022552889,0.002306506,-26.074865,2.2214997,0.7404999,0.17600001,0.0,0.14357106,2.1599984,2.1899984,236800
hardzero_plus_depr__c0p54__z1p05__lam0p030__nu0p50__psi1p00,hardzero_plus_depr,0.02,39,74,0.0,1,0.5015383,0.50174576,1.0329852,0.092686124,0.092686124,1.0,0.00020746293,0.0022383386,-27.247126,2.2726128,0.7575376,0.16000001,0.0,0.17008136,2.1899984,2.2199984,240000
hardzero_plus_depr__c0p54__z1p05__lam0p030__nu0p50__psi1p00,hardzero_plus_depr,0.02,39,75,0.0,1,0.50174576,0.5019606,1.0048695,0.09888503,0.09888503,1.0,0.00021479663,0.0021721856,-26.921375,2.210757,0.73691905,0.17600001,0.0,0.1550232,2.2199984,2.2499983,243200
hardzero_plus_depr__c0p54__z1p05__lam0p030__nu0p50__psi1p00,hardzero_plus_depr,0.02,39,76,0.0,1,0.5019606,0.5021533,1.0389541,0.09142098,0.09142098,1.0,0.00019271432,0.0021079879,-27.050837,2.2857447,0.7619149,0.104,0.0,0.13590625,2.2499983,2.2799983,246400
hardzero_plus_depr__c0p54__z1p05__lam0p030__nu0p50__psi1p00,hardzero_plus_depr,0.02,39,77,0.0,1,0.5021533,0.5023747,0.96556413,0.10825199,0.10825199,1.0,0.00022144974,0.0020456875,-26.184834,2.1242836,0.70809454,0.208,0.0,0.11811767,2.2799983,2.3099983,249600
hardzero_plus_depr__c0p54__z1p05__lam0p030__nu0p50__psi1p00,hardzero_plus_depr,0.02,39,78,0.0,1,0.5023747,0.5025573,1.0364467,0.09195033,0.09195033,1.0,0.0001825424,0.0019852284,-27.708391,2.2802281,0.76007605,0.19,0.0,0.15661347,2.3099983,2.3399982,252800
hardzero_plus_depr__c0p54__z1p05__lam0p030__nu0p50__psi1p00,hardzero_plus_depr,0.02,39,79,0.0,1,0.5025573,0.5027411,1.0204465,0.09540112,0.09540112,1.0,0.00018379561,0.001926556,-27.508192,2.2450273,0.74834245,0.136,0.0,0.14354806,2.3399982,2.3699982,256000
hardzero_plus_depr__c0p54__z1p05__lam0p030__nu0p50__psi1p00,hardzero_plus_depr,0.02,39,80,0.0,1,0.5027411,0.5029237,1.0101231,0.09769601,0.09769601,1.0,0.0001826542,0.0018696178,-26.279512,2.2223153,0.7407718,0.16800001,0.0,0.13367148,2.3699982,2.3999982,259200
hardzero_plus_depr__c0p54__z1p05__lam0p030__nu0p50__psi1p00,hardzero_plus_depr,0.02,39,81,0.0,1,0.5029237,0.5029237,1.0580907,0.0,0.087480105,0.0,0.0,0.0018143624,-27.901207,2.327846,0.7759487,0.112,0.0,0.14694957,2.3999982,2.4299982,262400
hardzero_plus_depr__c0p54__z1p05__lam0p030__nu0p50__psi1p00,hardzero_plus_depr,0.02,39,82,0.0,1,0.5029237,0.50310814,0.9799445,0.10472624,0.10472624,1.0,0.00018439566,0.0017607398,-26.055054,2.155921,0.7186403,0.192,0.0,0.14711367,2.4299982,2.4599981,265600
hardzero_plus_depr__c0p54__z1p05__lam0p030__nu0p50__psi1p00,hardzero_plus_depr,0.02,39,83,0.0,1,0.50310814,0.5032752,1.009771,0.09777525,0.09777525,1.0,0.00016706878,0.0017087021,-26.048235,2.2215405,0.7405135,0.2,0.0,0.13082299,2.4599981,2.489998,268800
hardzero_plus_depr__c0p54__z1p05__lam0p030__nu0p50__psi1p00,hardzero_plus_depr,0.02,39,84,0.0,1,0.5032752,0.5034252,1.0436891,0.090429656,0.090429656,1.0,0.00014995068,0.0016582025,-27.559849,2.296162,0.7653873,0.112,0.0,0.14737847,2.489998,2.519998,272000
hardzero_plus_depr__c0p54__z1p05__lam0p030__nu0p50__psi1p00,hardzero_plus_depr,0.02,39,85,0.0,1,0.5034252,0.5034252,1.0560942,0.0,0.0878832,0.0,0.0,0.0016091953,-27.657778,2.3234537,0.7744846,0.120000005,0.0,0.14411189,2.519998,2.549998,275200
hardzero_plus_depr__c0p54__z1p05__lam0p030__nu0p50__psi1p00,hardzero_plus_depr,0.02,39,86,0.0,1,0.5034252,0.50356656,1.043214,0.09052865,0.09052865,1.0,0.00014137283,0.0015616363,-27.629013,2.2951167,0.7650389,0.104,0.0,0.145671,2.549998,2.579998,278400
hardzero_plus_depr__c0p54__z1p05__lam0p030__nu0p50__psi1p00,hardzero_plus_depr,0.02,39,87,0.0,1,0.50356656,0.50370693,1.0332633,0.09262679,0.09262679,1.0,0.00014037431,0.0015154829,-26.964731,2.2732246,0.7577416,0.14400001,0.0,0.14507473,2.579998,2.609998,281600
hardzero_plus_depr__c0p54__z1p05__lam0p030__nu0p50__psi1p00,hardzero_plus_depr,0.02,39,88,0.0,1,0.50370693,0.5038536,1.0011529,0.099734895,0.099734895,1.0,0.00014667951,0.001470694,-26.88686,2.2025802,0.73419344,0.14400001,0.0,0.15037492,2.609998,2.639998,284800
hardzero_plus_depr__c0p54__z1p05__lam0p030__nu0p50__psi1p00,hardzero_plus_depr,0.02,39,89,0.0,1,0.5038536,0.50398105,1.0492096,0.08928743,0.08928743,1.0,0.00012743354,0.0014272282,-28.522614,2.3083072,0.76943576,0.16000001,0.0,0.1751741,2.639998,2.669998,288000
hardzero_plus_depr__c0p54__z1p05__lam0p030__nu0p50__psi1p00,hardzero_plus_depr,0.02,39,90,0.0,1,0.50398105,0.50410646,1.0432236,0.090526626,0.090526626,1.0,0.00012538365,0.0013850472,-27.673985,2.295138,0.765046,0.18400002,0.0,0.13970433,2.669998,2.699998,291200
hardzero_plus_depr__c0p54__z1p05__lam0p030__nu0p50__psi1p00,hardzero_plus_depr,0.02,39,91,0.0,1,0.50410646,0.5042452,0.98614,0.10324284,0.10324284,1.0,0.00013877005,0.001344113,-26.558657,2.1695514,0.7231838,0.12,0.0,0.16471973,2.699998,2.7299979,294400
hardzero_plus_depr__c0p54__z1p05__lam0p030__nu0p50__psi1p00,hardzero_plus_depr,0.02,39,92,0.0,1,0.5042452,0.5043681,1.0257769,0.094237365,0.094237365,1.0,0.00012292215,0.0013043886,-26.869907,2.2567542,0.7522514,0.136,0.0,0.13861343,2.7299979,2.7599978,297600
hardzero_plus_depr__c0p54__z1p05__lam0p030__nu0p50__psi1p00,hardzero_plus_depr,0.02,39,93,0.0,1,0.5043681,0.5043681,1.0506643,0.0,0.08898887,0.0,0.0,0.0012658379,-27.634436,2.3115077,0.77050257,0.136,0.0,0.15052429,2.7599978,2.7899978,300800
hardzero_plus_depr__c0p54__z1p05__lam0p030__nu0p50__psi1p00,hardzero_plus_depr,0.02,39,94,0.0,1,0.5043681,0.504481,1.0366398,0.091909446,0.091909446,1.0,0.00011290404,0.0012284269,-27.89097,2.280653,0.76021767,0.216,0.0,0.15449728,2.7899978,2.8199978,304000
hardzero_plus_depr__c0p54__z1p05__lam0p030__nu0p50__psi1p00,hardzero_plus_depr,0.02,39,95,0.0,1,0.504481,0.504481,1.0623409,0.0,0.08662816,0.0,0.0,0.0011921215,-28.632622,2.3371966,0.77906555,0.16000001,0.0,0.17744449,2.8199978,2.8499978,307200
hardzero_plus_depr__c0p54__z1p05__lam0p030__nu0p50__psi1p00,hardzero_plus_depr,0.02,39,96,0.0,1,0.504481,0.504481,1.0681787,0.0,0.0854715,0.0,0.0,0.001156889,-28.214565,2.35004,0.78334665,0.136,0.0,0.15951753,2.8499978,2.8799977,310400
hardzero_plus_depr__c0p54__z1p05__lam0p030__nu0p50__psi1p00,hardzero_plus_depr,0.02,39,97,0.0,1,0.504481,0.504481,1.0663705,0.0,0.085828096,0.0,0.0,0.0011226978,-28.292656,2.346062,0.7820207,0.2,0.0,0.17150731,2.8799977,2.9099977,313600
hardzero_plus_depr__c0p54__z1p05__lam0p030__nu0p50__psi1p00,hardzero_plus_depr,0.02,39,98,0.0,1,0.504481,0.5045822,1.0319387,0.09290977,0.09290977,1.0,0.000101226775,0.001089517,-26.70082,2.2703104,0.75677013,0.192,0.0,0.13836744,2.9099977,2.9399977,316800
hardzero_plus_depr__c0p54__z1p05__lam0p030__nu0p50__psi1p00,hardzero_plus_depr,0.02,39,99,0.0,1,0.5045822,0.5045822,1.1152158,0.0,0.076698035,0.0,0.0,0.0010573171,-28.17744,2.4535236,0.81784123,0.14400001,0.0,0.16702232,2.9399977,2.9699976,320000
hardzero_plus_depr__c0p54__z1p05__lam0p030__nu0p50__psi1p00,hardzero_plus_depr,0.02,39,100,0.0,1,0.5045822,0.5046766,1.0365313,0.091932416,0.091932416,1.0,9.432896e-05,0.0010260686,-26.53338,2.2804146,0.7601382,0.136,0.0,0.15737809,2.9699976,2.9999976,323200
hardzero_plus_depr__c0p54__z1p05__lam0p030__nu0p50__psi1p00,hardzero_plus_depr,0.02,39,101,0.0,1,0.5046766,0.5047667,1.0433732,0.09049546,0.09049546,1.0,9.011028e-05,0.0009957437,-27.033962,2.295467,0.7651557,0.136,0.0,0.13683687,2.9999976,3.0299976,326400
hardzero_plus_depr__c0p54__z1p05__lam0p030__nu0p50__psi1p00,hardzero_plus_depr,0.02,39,102,0.0,1,0.5047667,0.5047667,1.0742731,0.0,0.08428045,0.0,0.0,0.00096631504,-28.729866,2.363448,0.787816,0.16000001,0.0,0.16436742,3.0299976,3.0599976,329600
hardzero_plus_depr__c0p54__z1p05__lam0p030__nu0p50__psi1p00,hardzero_plus_depr,0.02,39,103,0.0,1,0.5047667,0.5048551,1.0257369,0.094246015,0.094246015,1.0,8.8379784e-05,0.0009377562,-28.288149,2.2566662,0.75222206,0.14400001,0.008,0.17787316,3.0599976,3.0899975,332800
hardzero_plus_depr__c0p54__z1p05__lam0p030__nu0p50__psi1p00,hardzero_plus_depr,0.02,39,104,0.0,1,0.5048551,0.50493664,1.0476708,0.089604355,0.089604355,1.0,8.1543665e-05,0.00091004133,-27.78126,2.3049219,0.7683073,0.13,0.0,0.17128034,3.0899975,3.1199975,336000
hardzero_plus_depr__c0p54__z1p05__lam0p030__nu0p50__psi1p00,hardzero_plus_depr,0.02,39,105,0.0,1,0.50493664,0.50493664,1.0694726,0.0,0.08521724,0.0,0.0,0.00088314555,-27.503372,2.3528867,0.78429556,0.120000005,0.0,0.14637373,3.1199975,3.1499975,339200
hardzero_plus_depr__c0p54__z1p05__lam0p030__nu0p50__psi1p00,hardzero_plus_depr,0.02,39,106,0.0,1,0.50493664,0.5050207,1.0084879,0.09806456,0.09806456,1.0,8.404571e-05,0.00085704465,-27.161467,2.2187178,0.73957264,0.16000001,0.0,0.15536784,3.1499975,3.1799974,342400
hardzero_plus_depr__c0p54__z1p05__lam0p030__nu0p50__psi1p00,hardzero_plus_depr,0.02,39,107,0.0,1,0.5050207,0.5050984,1.0295687,0.09341815,0.09341815,1.0,7.76973e-05,0.00083171524,-27.91713,2.2650964,0.7550322,0.208,0.0,0.13457556,3.1799974,3.2099974,345600
hardzero_plus_depr__c0p54__z1p05__lam0p030__nu0p50__psi1p00,hardzero_plus_depr,0.02,39,108,0.0,1,0.5050984,0.5050984,1.100946,0.0,0.07925999,0.0,0.0,0.0008071343,-28.33212,2.4221294,0.8073765,0.136,0.0,0.13348417,3.2099974,3.2399974,348800
hardzero_plus_depr__c0p54__z1p05__lam0p030__nu0p50__psi1p00,hardzero_plus_depr,0.02,39,109,0.0,1,0.5050984,0.5051695,1.0419602,0.09079036,0.09079036,1.0,7.111427e-05,0.00078327995,-27.389528,2.2923584,0.7641195,0.216,0.0,0.1449687,3.2399974,3.2699974,352000
hardzero_plus_depr__c0p54__z1p05__lam0p030__nu0p50__psi1p00,hardzero_plus_depr,0.02,39,110,0.0,1,0.5051695,0.5051695,1.0692619,0.0,0.08525857,0.0,0.0,0.00076013047,-27.744026,2.3524232,0.78414106,0.112,0.0,0.14246161,3.2699974,3.2999973,355200
hardzero_plus_depr__c0p54__z1p05__lam0p030__nu0p50__psi1p00,hardzero_plus_depr,0.02,39,111,0.0,1,0.5051695,0.5051695,1.052024,0.0,0.0887107,0.0,0.0,0.0007376653,-27.108505,2.3144991,0.77149975,0.17600001,0.0,0.17891985,3.2999973,3.3299973,358400
hardzero_plus_depr__c0p54__z1p05__lam0p030__nu0p50__psi1p00,hardzero_plus_depr,0.02,39,112,0.0,1,0.5051695,0.5051695,1.0627232,0.0,0.08655194,0.0,0.0,0.00071586407,-28.482304,2.3380377,0.7793459,0.17600001,0.0,0.15721647,3.3299973,3.3599973,361600
hardzero_plus_depr__c0p54__z1p05__lam0p030__nu0p50__psi1p00,hardzero_plus_depr,0.02,39,113,0.0,1,0.5051695,0.5052362,1.0178399,0.095975436,0.095975436,1.0,6.667482e-05,0.0006947071,-27.377552,2.2392926,0.7464309,0.216,0.0,0.17195466,3.3599973,3.3899972,364800
hardzero_plus_depr__c0p54__z1p05__lam0p030__nu0p50__psi1p00,hardzero_plus_depr,0.02,39,114,0.0,1,0.5052362,0.50529957,1.0267743,0.09402118,0.09402118,1.0,6.338677e-05,0.0006741754,-26.29454,2.2589486,0.75298285,0.18400002,0.0,0.1447725,3.3899972,3.4199972,368000
hardzero_plus_depr__c0p54__z1p05__lam0p030__nu0p50__psi1p00,hardzero_plus_depr,0.02,39,115,0.0,1,0.50529957,0.5053585,1.0451348,0.09012914,0.09012914,1.0,5.8967034e-05,0.0006542505,-28.215712,2.2993424,0.7664475,0.14400001,0.0,0.14194445,3.4199972,3.4499972,371200
hardzero_plus_depr__c0p54__z1p05__lam0p030__nu0p50__psi1p00,hardzero_plus_depr,0.02,39,116,0.0,1,0.5053585,0.5054171,1.0350443,0.092247725,0.092247725,1.0,5.8569418e-05,0.0006349145,-27.332008,2.277143,0.7590477,0.17600001,0.0,0.12830515,3.4499972,3.4799972,374400
hardzero_plus_depr__c0p54__z1p05__lam0p030__nu0p50__psi1p00,hardzero_plus_depr,0.02,39,117,0.0,1,0.5054171,0.5054171,1.0503634,0.0,0.08905055,0.0,0.0,0.00061615,-27.996382,2.3108456,0.7702819,0.17999999,0.0,0.15820032,3.4799972,3.5099971,377600
hardzero_plus_depr__c0p54__z1p05__lam0p030__nu0p50__psi1p00,hardzero_plus_depr,0.02,39,118,0.0,1,0.5054171,0.5054715,1.0410581,0.09097917,0.09097917,1.0,5.4400076e-05,0.00059793994,-28.015884,2.2903736,0.7634579,0.104,0.0,0.14824092,3.5099971,3.539997,380800
hardzero_plus_depr__c0p54__z1p05__lam0p030__nu0p50__psi1p00,hardzero_plus_depr,0.02,39,119,0.0,1,0.5054715,0.5055241,1.0428504,0.09060447,0.09060447,1.0,5.2574895e-05,0.0005802682,-28.306616,2.2943165,0.7647722,0.136,0.0,0.1474636,3.539997,3.569997,384000
hardzero_plus_depr__c0p54__z1p05__lam0p030__nu0p50__psi1p00,hardzero_plus_depr,0.02,39,120,0.0,1,0.5055241,0.50557965,1.0058492,0.0986622,0.0986622,1.0,5.5558532e-05,0.0005631187,-26.627718,2.2129126,0.7376375,0.16800001,0.0,0.14127673,3.569997,3.599997,387200
hardzero_plus_depr__c0p54__z1p05__lam0p030__nu0p50__psi1p00,hardzero_plus_depr,0.02,39,121,0.0,1,0.50557965,0.5056289,1.0454111,0.090071805,0.090071805,1.0,4.9222082e-05,0.00054647605,-27.287642,2.2999504,0.76665014,0.14400001,0.0,0.12658715,3.599997,3.629997,390400
hardzero_plus_depr__c0p54__z1p05__lam0p030__nu0p50__psi1p00,hardzero_plus_depr,0.02,39,122,0.0,1,0.5056289,0.50568205,0.9990084,0.10022857,0.10022857,1.0,5.315374e-05,0.0005303252,-27.002243,2.1978624,0.73262084,0.136,0.0,0.11046062,3.629997,3.659997,393600
hardzero_plus_depr__c0p54__z1p05__lam0p030__nu0p50__psi1p00,hardzero_plus_depr,0.02,39,123,0.0,1,0.50568205,0.5057296,1.034208,0.09242552,0.09242552,1.0,4.7566962e-05,0.0005146518,-27.952831,2.2753031,0.7584344,0.15200001,0.0,0.1633387,3.659997,3.689997,396800
hardzero_plus_depr__c0p54__z1p05__lam0p030__nu0p50__psi1p00,hardzero_plus_depr,0.02,39,124,0.0,1,0.5057296,0.5057742,1.0490845,0.08931316,0.08931316,1.0,4.4606702e-05,0.0004994416,-27.53619,2.308032,0.76934403,0.128,0.0,0.13999858,3.689997,3.719997,400000
hardzero_plus_depr__c0p54__z1p05__lam0p030__nu0p50__psi1p00,hardzero_plus_depr,0.02,39,125,0.0,1,0.5057742,0.5058205,1.0195733,0.09559313,0.09559313,1.0,4.6332156e-05,0.00048468082,-26.738886,2.2431061,0.74770206,0.18400002,0.0,0.14043427,3.719997,3.749997,403200
hardzero_plus_depr__c0p54__z1p05__lam0p030__nu0p50__psi1p00,hardzero_plus_depr,0.02,39,126,0.0,1,0.5058205,0.5058205,1.0552818,0.0,0.08804774,0.0,0.0,0.0004703564,-27.145164,2.3216662,0.77388877,0.080000006,0.0,0.17401434,3.749997,3.7799969,406400
hardzero_plus_depr__c0p54__z1p05__lam0p030__nu0p50__psi1p00,hardzero_plus_depr,0.02,39,127,0.0,1,0.5058205,0.5058205,1.0759548,0.0,0.08395473,0.0,0.0,0.00045645525,-27.930271,2.3671477,0.78904927,0.17600001,0.0,0.175268,3.7799969,3.8099968,409600
hardzero_plus_depr__c0p54__z1p05__lam0p030__nu0p50__psi1p00,hardzero_plus_depr,0.02,39,128,0.0,1,0.5058205,0.50586414,1.0064183,0.09853298,0.09853298,1.0,4.364666e-05,0.00044296499,-27.19375,2.2141645,0.7380549,0.16000001,0.0,0.16272032,3.8099968,3.8399968,412800
hardzero_plus_depr__c0p54__z1p05__lam0p030__nu0p50__psi1p00,hardzero_plus_depr,0.02,39,129,0.0,1,0.50586414,0.5059052,1.020137,0.09546916,0.09546916,1.0,4.1039653e-05,0.00042987338,-27.383448,2.2443461,0.7481154,0.17600001,0.0,0.16217993,3.8399968,3.8699968,416000
hardzero_plus_depr__c0p54__z1p05__lam0p030__nu0p50__psi1p00,hardzero_plus_depr,0.02,39,130,0.0,1,0.5059052,0.5059425,1.0481799,0.0894994,0.0894994,1.0,3.733635e-05,0.00041716872,-27.39299,2.3060417,0.7686806,0.14999999,0.0,0.18943128,3.8699968,3.8999968,419200
hardzero_plus_depr__c0p54__z1p05__lam0p030__nu0p50__psi1p00,hardzero_plus_depr,0.02,39,131,0.0,1,0.5059425,0.5059425,1.0502838,0.0,0.08906687,0.0,0.0,0.00040483952,-27.950144,2.3106704,0.7702235,0.120000005,0.0,0.1453491,3.8999968,3.9299967,422400
hardzero_plus_depr__c0p54__z1p05__lam0p030__nu0p50__psi1p00,hardzero_plus_depr,0.02,39,132,0.0,1,0.5059425,0.50597835,1.039976,0.09120612,0.09120612,1.0,3.5832578e-05,0.00039287473,-27.145979,2.287993,0.7626643,0.16000001,0.0,0.15534008,3.9299967,3.9599967,425600
hardzero_plus_depr__c0p54__z1p05__lam0p030__nu0p50__psi1p00,hardzero_plus_depr,0.02,39,133,0.0,1,0.50597835,0.5060172,0.99165094,0.10194103,0.10194103,1.0,3.8866394e-05,0.00038126353,-26.964178,2.1816757,0.72722524,0.216,0.0,0.1492438,3.9599967,3.9899967,428800
hardzero_plus_depr__c0p54__z1p05__lam0p030__nu0p50__psi1p00,hardzero_plus_depr,0.02,39,134,0.0,1,0.5060172,0.50605386,1.0038135,0.09912575,0.09912575,1.0,3.667608e-05,0.00036999548,-26.166685,2.2084339,0.73614466,0.16000001,0.0,0.12028753,3.9899967,4.0199966,432000
hardzero_plus_depr__c0p54__z1p05__lam0p030__nu0p50__psi1p00,hardzero_plus_depr,0.02,39,135,0.0,1,0.50605386,0.50605386,1.0637368,0.0,0.08635016,0.0,0.0,0.00035906053,-27.068283,2.3402677,0.78008926,0.136,0.0,0.16927369,4.0199966,4.049997,435200
hardzero_plus_depr__c0p54__z1p05__lam0p030__nu0p50__psi1p00,hardzero_plus_depr,0.02,39,136,0.0,1,0.50605386,0.50605386,1.0624847,0.0,0.08659946,0.0,0.0,0.00034844855,-27.721317,2.3375132,0.7791711,0.14400001,0.0,0.15562846,4.049997,4.079997,438400
hardzero_plus_depr__c0p54__z1p05__lam0p030__nu0p50__psi1p00,hardzero_plus_depr,0.02,39,137,0.0,1,0.50605386,0.50605386,1.0641305,0.0,0.08627192,0.0,0.0,0.0003381503,-27.40379,2.3411338,0.780378,0.120000005,0.0,0.16774037,4.079997,4.1099973,441600
hardzero_plus_depr__c0p54__z1p05__lam0p030__nu0p50__psi1p00,hardzero_plus_depr,0.02,39,138,0.0,1,0.50605386,0.50605386,1.1178632,0.0,0.07623191,0.0,0.0,0.00032815637,-28.690062,2.4593482,0.81978273,0.15200001,0.0,0.16870695,4.1099973,4.1399975,444800
hardzero_plus_depr__c0p54__z1p05__lam0p030__nu0p50__psi1p00,hardzero_plus_depr,0.02,39,139,0.0,1,0.50605386,0.50605386,1.061415,0.0,0.08681305,0.0,0.0,0.0003184578,-28.412945,2.3351595,0.77838653,0.18400002,0.0,0.1930459,4.1399975,4.1699977,448000
hardzero_plus_depr__c0p54__z1p05__lam0p030__nu0p50__psi1p00,hardzero_plus_depr,0.02,39,140,0.0,1,0.50605386,0.5060821,1.0386795,0.09147882,0.09147882,1.0,2.8271155e-05,0.00030904592,-26.720123,2.2851405,0.7617135,0.136,0.0,0.17299871,4.1699977,4.199998,451200
hardzero_plus_depr__c0p54__z1p05__lam0p030__nu0p50__psi1p00,hardzero_plus_depr,0.02,39,141,0.0,1,0.5060821,0.506112,1.0017298,0.09960248,0.09960248,1.0,2.9871995e-05,0.00029991215,-26.59857,2.2038498,0.73461664,0.16800001,0.0,0.13183357,4.199998,4.229998,454400
hardzero_plus_depr__c0p54__z1p05__lam0p030__nu0p50__psi1p00,hardzero_plus_depr,0.02,39,142,0.0,1,0.506112,0.506112,1.0749278,0.0,0.08415351,0.0,0.0,0.00029104835,-27.800817,2.3648884,0.78829616,0.15200001,0.0,0.14387116,4.229998,4.2599983,457600
hardzero_plus_depr__c0p54__z1p05__lam0p030__nu0p50__psi1p00,hardzero_plus_depr,0.02,39,143,0.0,1,0.506112,0.506112,1.1008413,0.0,0.0792791,0.0,0.0,0.00028244653,-28.286247,2.421899,0.80729973,0.14999999,0.0,0.16111967,4.2599983,4.2899985,460800
hardzero_plus_depr__c0p54__z1p05__lam0p030__nu0p50__psi1p00,hardzero_plus_depr,0.02,39,144,0.0,1,0.506112,0.5061364,1.0494025,0.08924781,0.08924781,1.0,2.4462728e-05,0.00027409891,-27.28659,2.3087316,0.7695772,0.128,0.0,0.15017435,4.2899985,4.3199987,464000
hardzero_plus_depr__c0p54__z1p05__lam0p030__nu0p50__psi1p00,hardzero_plus_depr,0.02,39,145,0.0,1,0.5061364,0.50616026,1.0473008,0.089680746,0.089680746,1.0,2.38549e-05,0.000265998,-27.392723,2.304108,0.768036,0.14400001,0.0,0.12278224,4.3199987,4.349999,467200
hardzero_plus_depr__c0p54__z1p05__lam0p030__nu0p50__psi1p00,hardzero_plus_depr,0.02,39,146,0.0,1,0.50616026,0.50618786,0.97141355,0.106803745,0.106803745,1.0,2.756995e-05,0.00025813654,-25.646317,2.1371524,0.71238416,0.192,0.0,0.12116635,4.349999,4.379999,470400
hardzero_plus_depr__c0p54__z1p05__lam0p030__nu0p50__psi1p00,hardzero_plus_depr,0.02,39,147,0.0,1,0.50618786,0.50621146,1.0257558,0.09424193,0.09424193,1.0,2.36083e-05,0.00025050738,-27.808126,2.2567077,0.7522359,0.14400001,0.0,0.14657435,4.379999,4.4099994,473600
hardzero_plus_depr__c0p54__z1p05__lam0p030__nu0p50__psi1p00,hardzero_plus_depr,0.02,39,148,0.0,1,0.50621146,0.50621146,1.0654961,0.0,0.08600108,0.0,0.0,0.00024310374,-27.416456,2.3441381,0.7813794,0.112,0.0,0.16353193,4.4099994,4.4399996,476800
hardzero_plus_depr__c0p54__z1p05__lam0p030__nu0p50__psi1p00,hardzero_plus_depr,0.02,39,149,0.0,1,0.50621146,0.5062341,1.0181164,0.095914364,0.095914364,1.0,2.2628008e-05,0.00023591887,-26.704784,2.2399008,0.74663365,0.16800001,0.0,0.14053872,4.4399996,4.47,480000
hardzero_plus_depr__c0p54__z1p05__lam0p030__nu0p50__psi1p00,hardzero_plus_depr,0.02,39,150,0.0,1,0.5062341,0.5062341,1.0541244,0.0,0.088282704,0.0,0.0,0.00022894636,-27.941032,2.31912,0.77304,0.15200001,0.0,0.13335285,4.47,4.5,483200
hardzero_plus_depr__c0p54__z1p05__lam0p030__nu0p50__psi1p00,hardzero_plus_depr,0.02,39,151,0.0,1,0.5062341,0.5062341,1.0532993,0.0,0.08845057,0.0,0.0,0.00022217994,-28.232212,2.3173048,0.77243495,0.17600001,0.0,0.167166,4.5,4.53,486400
hardzero_plus_depr__c0p54__z1p05__lam0p030__nu0p50__psi1p00,hardzero_plus_depr,0.02,39,152,0.0,1,0.5062341,0.5062535,1.0459152,0.0899673,0.0899673,1.0,1.9398163e-05,0.00021561349,-28.49675,2.3010595,0.76701987,0.15200001,0.0,0.13734469,4.53,4.5600004,489600
hardzero_plus_depr__c0p54__z1p05__lam0p030__nu0p50__psi1p00,hardzero_plus_depr,0.02,39,153,0.0,1,0.5062535,0.5062535,1.0606395,0.0,0.08696819,0.0,0.0,0.00020924107,-27.10754,2.3334534,0.77781785,0.216,0.0,0.12987919,4.5600004,4.5900006,492800
hardzero_plus_depr__c0p54__z1p05__lam0p030__nu0p50__psi1p00,hardzero_plus_depr,0.02,39,154,0.0,1,0.5062535,0.5062718,1.0448849,0.09018101,0.09018101,1.0,1.8311886e-05,0.00020305702,-27.60072,2.2987928,0.7662643,0.18400002,0.0,0.15526259,4.5900006,4.620001,496000
hardzero_plus_depr__c0p54__z1p05__lam0p030__nu0p50__psi1p00,hardzero_plus_depr,0.02,39,155,0.0,1,0.5062718,0.5062718,1.0548428,0.0,0.08813678,0.0,0.0,0.00019705575,-28.167524,2.3207006,0.7735669,0.136,0.0,0.15576231,4.620001,4.650001,499200
hardzero_plus_depr__c0p54__z1p05__lam0p030__nu0p50__psi1p00,hardzero_plus_depr,0.02,39,156,0.0,1,0.5062718,0.50629044,1.0105911,0.09759078,0.09759078,1.0,1.8662464e-05,0.00019123183,-26.664507,2.223345,0.74111503,0.17999999,0.0,0.14252132,4.650001,4.6800013,502400
hardzero_plus_depr__c0p54__z1p05__lam0p030__nu0p50__psi1p00,hardzero_plus_depr,0.02,39,157,0.0,1,0.50629044,0.5063085,1.0123795,0.097189754,0.097189754,1.0,1.8036479e-05,0.00018558005,-27.14421,2.2272794,0.7424265,0.128,0.0,0.14462695,4.6800013,4.7100015,505600
hardzero_plus_depr__c0p54__z1p05__lam0p030__nu0p50__psi1p00,hardzero_plus_depr,0.02,39,158,0.0,1,0.5063085,0.5063256,1.021704,0.0951253,0.0951253,1.0,1.7131617e-05,0.00018009527,-26.610342,2.2477937,0.7492646,0.18400002,0.0,0.15517083,4.7100015,4.7400017,508800
hardzero_plus_depr__c0p54__z1p05__lam0p030__nu0p50__psi1p00,hardzero_plus_depr,0.02,39,159,0.0,1,0.5063256,0.5063256,1.1280706,0.0,0.07446108,0.0,0.0,0.00017477262,-29.632044,2.4818048,0.8272683,0.17600001,0.0,0.19236246,4.7400017,4.770002,512000
hardzero_plus_depr__c0p54__z1p05__lam0p030__nu0p50__psi1p00,hardzero_plus_depr,0.02,39,160,0.0,1,0.5063256,0.506341,1.0432614,0.09051875,0.09051875,1.0,1.535264e-05,0.00016960729,-27.996384,2.2952209,0.76507366,0.18400002,0.0,0.16400178,4.770002,4.800002,515200
hardzero_plus_depr__c0p54__z1p05__lam0p030__nu0p50__psi1p00,hardzero_plus_depr,0.02,39,161,0.0,1,0.506341,0.506341,1.0975156,0.0,0.07988853,0.0,0.0,0.00016459459,-29.412682,2.4145825,0.80486083,0.080000006,0.0,0.16370405,4.800002,4.8300023,518400
hardzero_plus_depr__c0p54__z1p05__lam0p030__nu0p50__psi1p00,hardzero_plus_depr,0.02,39,162,0.0,1,0.506341,0.50635535,1.0461797,0.08991256,0.08991256,1.0,1.4361739e-05,0.00015973006,-27.152418,2.3016412,0.76721376,0.14400001,0.0,0.14585069,4.8300023,4.8600025,521600
hardzero_plus_depr__c0p54__z1p05__lam0p030__nu0p50__psi1p00,hardzero_plus_depr,0.02,39,163,0.0,1,0.50635535,0.50636977,1.0307224,0.093170315,0.093170315,1.0,1.4442264e-05,0.00015500929,-27.390907,2.2676346,0.7558782,0.136,0.0,0.1429093,4.8600025,4.8900027,524800
hardzero_plus_depr__c0p54__z1p05__lam0p030__nu0p50__psi1p00,hardzero_plus_depr,0.02,39,164,0.0,1,0.50636977,0.50636977,1.0778508,0.0,0.08358901,0.0,0.0,0.00015042804,-28.392569,2.371319,0.7904397,0.14400001,0.0,0.1515306,4.8900027,4.920003,528000
hardzero_plus_depr__c0p54__z1p05__lam0p030__nu0p50__psi1p00,hardzero_plus_depr,0.02,39,165,0.0,1,0.50636977,0.50636977,1.0993546,0.0,0.07955095,0.0,0.0,0.00014598218,-27.83701,2.4186285,0.8062095,0.080000006,0.0,0.13495795,4.920003,4.950003,531200
hardzero_plus_depr__c0p54__z1p05__lam0p030__nu0p50__psi1p00,hardzero_plus_depr,0.02,39,166,0.0,1,0.50636977,0.5063839,1.0009725,0.09977633,0.09977633,1.0,1.4135086e-05,0.00014166773,-26.96103,2.2021835,0.7340612,0.14400001,0.0,0.13882323,4.950003,4.9800034,534400
hardzero_plus_depr__c0p54__z1p05__lam0p030__nu0p50__psi1p00,hardzero_plus_depr,0.02,39,167,0.0,1,0.5063839,0.5063839,1.0894394,0.0,0.081388034,0.0,0.0,0.00013748078,-28.30743,2.3968146,0.7989382,0.112,0.0,0.16007394,4.9800034,5.0100036,537600
hardzero_plus_depr__c0p54__z1p05__lam0p030__nu0p50__psi1p00,hardzero_plus_depr,0.02,39,168,0.0,1,0.5063839,0.5063839,1.0626732,0.0,0.086561896,0.0,0.0,0.00013341759,-27.904572,2.3379278,0.7793093,0.128,0.0,0.15005925,5.0100036,5.040004,540800
hardzero_plus_depr__c0p54__z1p05__lam0p030__nu0p50__psi1p00,hardzero_plus_depr,0.02,39,169,0.0,1,0.5063839,0.5063962,1.0222948,0.09499598,0.09499598,1.0,1.2299554e-05,0.00012947447,-27.167465,2.2490933,0.7496978,0.14999999,0.0,0.17232947,5.040004,5.070004,544000
hardzero_plus_depr__c0p54__z1p05__lam0p030__nu0p50__psi1p00,hardzero_plus_depr,0.02,39,170,0.0,1,0.5063962,0.50640875,1.0004392,0.099898934,0.099898934,1.0,1.255209e-05,0.00012564789,-27.007092,2.2010102,0.7336701,0.136,0.0,0.14040413,5.070004,5.100004,547200
hardzero_plus_depr__c0p54__z1p05__lam0p030__nu0p50__psi1p00,hardzero_plus_depr,0.02,39,171,0.0,1,0.50640875,0.50640875,1.1017457,0.0,0.07911417,0.0,0.0,0.00012193442,-28.444382,2.423889,0.807963,0.096,0.0,0.16735715,5.100004,5.1300044,550400
hardzero_plus_depr__c0p54__z1p05__lam0p030__nu0p50__psi1p00,hardzero_plus_depr,0.02,39,172,0.0,1,0.50640875,0.50640875,1.0744463,0.0,0.08424686,0.0,0.0,0.00011833069,-28.250721,2.3638291,0.78794307,0.14400001,0.0,0.14890312,5.1300044,5.1600046,553600
hardzero_plus_depr__c0p54__z1p05__lam0p030__nu0p50__psi1p00,hardzero_plus_depr,0.02,39,173,0.0,1,0.50640875,0.50640875,1.0559124,0.0,0.08791999,0.0,0.0,0.000114833456,-27.961012,2.3230536,0.77435124,0.096,0.0,0.16789746,5.1600046,5.190005,556800
hardzero_plus_depr__c0p54__z1p05__lam0p030__nu0p50__psi1p00,hardzero_plus_depr,0.02,39,174,0.0,1,0.50640875,0.50640875,1.050015,0.0,0.08912201,0.0,0.0,0.0001114396,-27.539583,2.310079,0.7700264,0.16000001,0.0,0.13651471,5.190005,5.220005,560000
hardzero_plus_depr__c0p54__z1p05__lam0p030__nu0p50__psi1p00,hardzero_plus_depr,0.02,39,175,0.0,1,0.50640875,0.5064187,1.0352173,0.09221101,0.09221101,1.0,9.972255e-06,0.00010814603,-27.104912,2.2775235,0.7591745,0.128,0.0,0.14683007,5.220005,5.2500052,563200
hardzero_plus_depr__c0p54__z1p05__lam0p030__nu0p50__psi1p00,hardzero_plus_depr,0.02,39,176,0.0,1,0.5064187,0.50642824,1.0428107,0.09061276,0.09061276,1.0,9.509793e-06,0.000104949824,-27.470583,2.2942293,0.7647431,0.15200001,0.0,0.16008338,5.2500052,5.2800055,566400
hardzero_plus_depr__c0p54__z1p05__lam0p030__nu0p50__psi1p00,hardzero_plus_depr,0.02,39,177,0.0,1,0.50642824,0.5064377,1.0305685,0.09320336,0.09320336,1.0,9.492581e-06,0.000101848054,-27.673306,2.2672958,0.7557653,0.224,0.0,0.1737627,5.2800055,5.3100057,569600
hardzero_plus_depr__c0p54__z1p05__lam0p030__nu0p50__psi1p00,hardzero_plus_depr,0.02,39,178,0.0,1,0.5064377,0.50644714,1.0219288,0.095076054,0.095076054,1.0,9.397125e-06,9.8837976e-05,-27.873861,2.2482882,0.7494294,0.15200001,0.0,0.14053494,5.3100057,5.340006,572800
hardzero_plus_depr__c0p54__z1p05__lam0p030__nu0p50__psi1p00,hardzero_plus_depr,0.02,39,179,0.0,1,0.50644714,0.50644714,1.0862373,0.0,0.081990324,0.0,0.0,9.5916854e-05,-28.43821,2.3897698,0.79659,0.128,0.0,0.16643958,5.340006,5.370006,576000
hardzero_plus_depr__c0p54__z1p05__lam0p030__nu0p50__psi1p00,hardzero_plus_depr,0.02,39,180,0.0,1,0.50644714,0.5064572,0.9666055,0.10799274,0.10799274,1.0,1.0052187e-05,9.308206e-05,-26.15001,2.1265745,0.7088582,0.216,0.0,0.12545405,5.370006,5.4000063,579200
hardzero_plus_depr__c0p54__z1p05__lam0p030__nu0p50__psi1p00,hardzero_plus_depr,0.02,39,181,0.0,1,0.5064572,0.5064572,1.0571336,0.0,0.08767311,0.0,0.0,9.033105e-05,-28.00626,2.3257403,0.7752468,0.14400001,0.0,0.17340542,5.4000063,5.4300065,582400
hardzero_plus_depr__c0p54__z1p05__lam0p030__nu0p50__psi1p00,hardzero_plus_depr,0.02,39,182,0.0,1,0.5064572,0.5064652,1.0415957,0.090866596,0.090866596,1.0,7.965488e-06,8.766135e-05,-28.304106,2.2915564,0.7638521,0.22999999,0.0,0.14287013,5.4300065,5.4600067,585600
hardzero_plus_depr__c0p54__z1p05__lam0p030__nu0p50__psi1p00,hardzero_plus_depr,0.02,39,183,0.0,1,0.5064652,0.5064652,1.0740918,0.0,0.084315665,0.0,0.0,8.507054e-05,-27.676893,2.363049,0.787683,0.128,0.0,0.14575,5.4600067,5.490007,588800
hardzero_plus_depr__c0p54__z1p05__lam0p030__nu0p50__psi1p00,hardzero_plus_depr,0.02,39,184,0.0,1,0.5064652,0.5064731,1.0190425,0.09571005,0.09571005,1.0,7.901468e-06,8.2556304e-05,-27.555582,2.2419384,0.7473128,0.120000005,0.0,0.1471921,5.490007,5.520007,592000
hardzero_plus_depr__c0p54__z1p05__lam0p030__nu0p50__psi1p00,hardzero_plus_depr,0.02,39,185,0.0,1,0.5064731,0.50648105,1.0047959,0.09890176,0.09890176,1.0,7.923652e-06,8.011639e-05,-27.354475,2.2105951,0.73686504,0.18400002,0.0,0.15321504,5.520007,5.5500073,595200
hardzero_plus_depr__c0p54__z1p05__lam0p030__nu0p50__psi1p00,hardzero_plus_depr,0.02,39,186,0.0,1,0.50648105,0.50648874,1.0038669,0.099113554,0.099113554,1.0,7.705937e-06,7.774857e-05,-26.597073,2.2085514,0.7361838,0.120000005,0.0,0.13587883,5.5500073,5.5800076,598400
hardzero_plus_depr__c0p54__z1p05__lam0p030__nu0p50__psi1p00,hardzero_plus_depr,0.02,39,187,0.0,1,0.50648874,0.50648874,1.0518167,0.0,0.08875305,0.0,0.0,7.545074e-05,-28.242674,2.314043,0.7713477,0.112,0.0,0.1456387,5.5800076,5.610008,601600
hardzero_plus_depr__c0p54__z1p05__lam0p030__nu0p50__psi1p00,hardzero_plus_depr,0.02,39,188,0.0,1,0.50648874,0.50648874,1.0541002,0.0,0.08828764,0.0,0.0,7.3220814e-05,-28.076288,2.3190665,0.7730222,0.224,0.0,0.18788938,5.610008,5.640008,604800
hardzero_plus_depr__c0p54__z1p05__lam0p030__nu0p50__psi1p00,hardzero_plus_depr,0.02,39,189,0.0,1,0.50648874,0.50648874,1.0684975,0.0,0.08540876,0.0,0.0,7.10568e-05,-27.972092,2.3507416,0.78358054,0.120000005,0.0,0.17281054,5.640008,5.670008,608000
hardzero_plus_depr__c0p54__z1p05__lam0p030__nu0p50__psi1p00,hardzero_plus_depr,0.02,39,190,0.0,1,0.50648874,0.50649506,1.0378455,0.09165465,0.09165465,1.0,6.320206e-06,6.895674e-05,-27.609602,2.2833056,0.7611019,0.136,0.0,0.13820104,5.670008,5.7000084,611200
hardzero_plus_depr__c0p54__z1p05__lam0p030__nu0p50__psi1p00,hardzero_plus_depr,0.02,39,191,0.0,1,0.50649506,0.50649506,1.0758038,0.0,0.08398394,0.0,0.0,6.691875e-05,-27.330938,2.3668156,0.7889385,0.18400002,0.0,0.18422371,5.7000084,5.7300086,614400
hardzero_plus_depr__c0p54__z1p05__lam0p030__nu0p50__psi1p00,hardzero_plus_depr,0.02,39,192,0.0,1,0.50649506,0.50649506,1.0651407,0.0,0.086071484,0.0,0.0,6.4940985e-05,-26.988262,2.3433564,0.7811188,0.16000001,0.0,0.16991669,5.7300086,5.760009,617600
hardzero_plus_depr__c0p54__z1p05__lam0p030__nu0p50__psi1p00,hardzero_plus_depr,0.02,39,193,0.0,1,0.50649506,0.5065009,1.0314802,0.09300788,0.09300788,1.0,5.8615124e-06,6.3021675e-05,-26.953394,2.2693017,0.7564339,0.120000005,0.0,0.1295707,5.760009,5.790009,620800
hardzero_plus_depr__c0p54__z1p05__lam0p030__nu0p50__psi1p00,hardzero_plus_depr,0.02,39,194,0.0,1,0.5065009,0.5065009,1.0575633,0.0,0.08758639,0.0,0.0,6.115909e-05,-28.32061,2.3266857,0.7755619,0.14400001,0.0,0.16004995,5.790009,5.820009,624000
hardzero_plus_depr__c0p54__z1p05__lam0p030__nu0p50__psi1p00,hardzero_plus_depr,0.02,39,195,0.0,1,0.5065009,0.5065009,1.1282189,0.0,0.07443567,0.0,0.0,5.9351558e-05,-29.309326,2.4821312,0.8273771,0.12,0.0,0.23008057,5.820009,5.8500094,627200
hardzero_plus_depr__c0p54__z1p05__lam0p030__nu0p50__psi1p00,hardzero_plus_depr,0.02,39,196,0.0,1,0.5065009,0.5065065,1.0119599,0.0972837,0.0972837,1.0,5.603292e-06,5.7597437e-05,-27.627008,2.2263563,0.7421188,0.14400001,0.0,0.14262141,5.8500094,5.8800097,630400
hardzero_plus_depr__c0p54__z1p05__lam0p030__nu0p50__psi1p00,hardzero_plus_depr,0.02,39,197,0.0,1,0.5065065,0.50651175,1.0298945,0.09334811,0.09334811,1.0,5.2177074e-06,5.589516e-05,-26.873009,2.265813,0.7552711,0.14400001,0.0,0.1395663,5.8800097,5.91001,633600
hardzero_plus_depr__c0p54__z1p05__lam0p030__nu0p50__psi1p00,hardzero_plus_depr,0.02,39,198,0.0,1,0.50651175,0.50651175,1.0562323,0.0,0.08785525,0.0,0.0,5.4243203e-05,-27.561066,2.3237574,0.77458584,0.08800001,0.0,0.1461349,5.91001,5.94001,636800
hardzero_plus_depr__c0p54__z1p05__lam0p030__nu0p50__psi1p00,hardzero_plus_depr,0.02,39,199,0.0,1,0.50651175,0.5065171,0.99301946,0.10162031,0.10162031,1.0,5.3492995e-06,5.2640065e-05,-27.079266,2.1846864,0.7282288,0.23200001,0.0,0.14939645,5.94001,5.9700103,640000
hardzero_plus_depr__c0p54__z1p05__lam0p030__nu0p50__psi1p00,hardzero_plus_depr,0.02,39,200,0.0,1,0.5065171,0.5065171,1.0703748,0.0,0.085040376,0.0,0.0,5.10843e-05,-28.592684,2.3548717,0.7849573,0.104,0.0,0.15426119,5.9700103,6.0000105,643200
hardzero_plus_depr__c0p54__z1p05__lam0p030__nu0p50__psi1p00,hardzero_plus_depr,0.02,39,201,0.0,1,0.5065171,0.50652194,1.0092561,0.09789125,0.09789125,1.0,4.852912e-06,4.9574523e-05,-27.022438,2.2204077,0.7401359,0.18400002,0.0,0.1524088,6.0000105,6.0300107,646400
hardzero_plus_depr__c0p54__z1p05__lam0p030__nu0p50__psi1p00,hardzero_plus_depr,0.02,39,202,0.0,1,0.50652194,0.50652665,1.0075175,0.09828393,0.09828393,1.0,4.7283775e-06,4.8109363e-05,-27.583275,2.2165825,0.73886085,0.16000001,0.0,0.14125755,6.0300107,6.060011,649600
hardzero_plus_depr__c0p54__z1p05__lam0p030__nu0p50__psi1p00,hardzero_plus_depr,0.02,39,203,0.0,1,0.50652665,0.50652665,1.0792578,0.0,0.08331863,0.0,0.0,4.6687506e-05,-27.70833,2.3744147,0.7914716,0.120000005,0.0,0.17089073,6.060011,6.090011,652800
hardzero_plus_depr__c0p54__z1p05__lam0p030__nu0p50__psi1p00,hardzero_plus_depr,0.02,39,204,0.0,1,0.50652665,0.50652665,1.0778488,0.0,0.08358938,0.0,0.0,4.5307672e-05,-28.637291,2.3713148,0.7904383,0.120000005,0.0,0.1567662,6.090011,6.1200113,656000
hardzero_plus_depr__c0p54__z1p05__lam0p030__nu0p50__psi1p00,hardzero_plus_depr,0.02,39,205,0.0,1,0.50652665,0.50653094,1.0093577,0.09786835,0.09786835,1.0,4.3031364e-06,4.396862e-05,-27.207495,2.2206314,0.7402105,0.216,0.0,0.14060555,6.1200113,6.1500115,659200
hardzero_plus_depr__c0p54__z1p05__lam0p030__nu0p50__psi1p00,hardzero_plus_depr,0.02,39,206,0.0,1,0.50653094,0.50653094,1.0795468,0.0,0.0832632,0.0,0.0,4.266914e-05,-28.128275,2.3750503,0.79168344,0.120000005,0.0,0.19953328,6.1500115,6.1800117,662400
hardzero_plus_depr__c0p54__z1p05__lam0p030__nu0p50__psi1p00,hardzero_plus_depr,0.02,39,207,0.0,1,0.50653094,0.506535,1.0108384,0.09753525,0.09753525,1.0,4.0387467e-06,4.140807e-05,-27.241259,2.2238889,0.7412963,0.216,0.0,0.14463021,6.1800117,6.210012,665600
hardzero_plus_depr__c0p54__z1p05__lam0p030__nu0p50__psi1p00,hardzero_plus_depr,0.02,39,208,0.0,1,0.506535,0.506535,1.0534017,0.0,0.08842973,0.0,0.0,4.0184266e-05,-27.630577,2.3175302,0.77251005,0.17999999,0.0,0.13792987,6.210012,6.240012,668800
hardzero_plus_depr__c0p54__z1p05__lam0p030__nu0p50__psi1p00,hardzero_plus_depr,0.02,39,209,0.0,1,0.506535,0.506539,0.98858064,0.10266427,0.10266427,1.0,4.003561e-06,3.8996637e-05,-27.12948,2.1749208,0.7249736,0.17600001,0.0,0.15222737,6.240012,6.2700124,672000
hardzero_plus_depr__c0p54__z1p05__lam0p030__nu0p50__psi1p00,hardzero_plus_depr,0.02,39,210,0.0,1,0.506539,0.506539,1.0756131,0.0,0.084020816,0.0,0.0,3.7844104e-05,-28.01098,2.3663962,0.78879875,0.136,0.0,0.16787899,6.2700124,6.3000126,675200
hardzero_plus_depr__c0p54__z1p05__lam0p030__nu0p50__psi1p00,hardzero_plus_depr,0.02,39,211,0.0,1,0.506539,0.50654227,1.048044,0.08952741,0.08952741,1.0,3.287951e-06,3.6725633e-05,-27.452774,2.3057427,0.7685809,0.192,0.0,0.16062753,6.3000126,6.330013,678400
hardzero_plus_depr__c0p54__z1p05__lam0p030__nu0p50__psi1p00,hardzero_plus_depr,0.02,39,212,0.0,1,0.50654227,0.50654584,0.99770296,0.100530304,0.100530304,1.0,3.582922e-06,3.564022e-05,-27.108011,2.1949904,0.73166347,0.112,0.0,0.13600075,6.330013,6.360013,681600
hardzero_plus_depr__c0p54__z1p05__lam0p030__nu0p50__psi1p00,hardzero_plus_depr,0.02,39,213,0.0,1,0.50654584,0.50654584,1.1154763,0.0,0.07665204,0.0,0.0,3.4586883e-05,-28.169798,2.4540968,0.81803226,0.16800001,0.0,0.16536714,6.360013,6.390013,684800
hardzero_plus_depr__c0p54__z1p05__lam0p030__nu0p50__psi1p00,hardzero_plus_depr,0.02,39,214,0.0,1,0.50654584,0.5065492,0.9994693,0.10012229,0.10012229,1.0,3.3605725e-06,3.356468e-05,-27.55001,2.1988764,0.7329588,0.16000001,0.0,0.13635999,6.390013,6.4200134,688000
hardzero_plus_depr__c0p54__z1p05__lam0p030__nu0p50__psi1p00,hardzero_plus_depr,0.02,39,215,0.0,1,0.5065492,0.5065492,1.0630008,0.0,0.086496636,0.0,0.0,3.2572687e-05,-27.95888,2.3386486,0.77954954,0.120000005,0.0,0.14432992,6.4200134,6.4500136,691200
hardzero_plus_depr__c0p54__z1p05__lam0p030__nu0p50__psi1p00,hardzero_plus_depr,0.02,39,216,0.0,1,0.5065492,0.5065523,1.0085939,0.09804062,0.09804062,1.0,3.0990652e-06,3.1610012e-05,-26.817001,2.218951,0.73965037,0.136,0.0,0.1424424,6.4500136,6.480014,694400
hardzero_plus_depr__c0p54__z1p05__lam0p030__nu0p50__psi1p00,hardzero_plus_depr,0.02,39,217,0.0,1,0.5065523,0.5065553,1.0080941,0.09815354,0.09815354,1.0,3.010937e-06,3.0675787e-05,-26.8564,2.2178512,0.73928374,0.14400001,0.0,0.1460997,6.480014,6.510014,697600
hardzero_plus_depr__c0p54__z1p05__lam0p030__nu0p50__psi1p00,hardzero_plus_depr,0.02,39,218,0.0,1,0.5065553,0.5065584,0.9796909,0.1047874,0.1047874,1.0,3.1194347e-06,2.9769177e-05,-26.067106,2.155363,0.71845436,0.14400001,0.0,0.15751481,6.510014,6.5400143,700800
hardzero_plus_depr__c0p54__z1p05__lam0p030__nu0p50__psi1p00,hardzero_plus_depr,0.02,39,219,0.0,1,0.5065584,0.5065584,1.0632297,0.0,0.08645105,0.0,0.0,2.8889355e-05,-28.234594,2.339152,0.7797174,0.136,0.0,0.18067871,6.5400143,6.5700145,704000
hardzero_plus_depr__c0p54__z1p05__lam0p030__nu0p50__psi1p00,hardzero_plus_depr,0.02,39,220,0.0,1,0.5065584,0.5065584,1.0552777,0.0,0.08804856,0.0,0.0,2.8035542e-05,-27.19597,2.3216572,0.7738857,0.120000005,0.0,0.11792066,6.5700145,6.6000147,707200
hardzero_plus_depr__c0p54__z1p05__lam0p030__nu0p50__psi1p00,hardzero_plus_depr,0.02,39,221,0.0,1,0.5065584,0.50656104,1.0196496,0.09557633,0.09557633,1.0,2.6003413e-06,2.720696e-05,-26.587593,2.243274,0.74775803,0.099999994,0.0,0.119715504,6.6000147,6.630015,710400
hardzero_plus_depr__c0p54__z1p05__lam0p030__nu0p50__psi1p00,hardzero_plus_depr,0.02,39,222,0.0,1,0.50656104,0.5065635,1.0295508,0.09342201,0.09342201,1.0,2.4666092e-06,2.640287e-05,-27.636919,2.265057,0.75501907,0.17600001,0.0,0.15297142,6.630015,6.660015,713600
hardzero_plus_depr__c0p54__z1p05__lam0p030__nu0p50__psi1p00,hardzero_plus_depr,0.02,39,223,0.0,1,0.5065635,0.50656575,1.0497442,0.08917759,0.08917759,1.0,2.2849565e-06,2.562254e-05,-27.031282,2.3094835,0.76982784,0.16800001,0.0,0.16090149,6.660015,6.6900153,716800
hardzero_plus_depr__c0p54__z1p05__lam0p030__nu0p50__psi1p00,hardzero_plus_depr,0.02,39,224,0.0,1,0.50656575,0.50656575,1.0511068,0.0,0.08889825,0.0,0.0,2.4865274e-05,-27.07475,2.3124812,0.77082705,0.128,0.0,0.15720521,6.6900153,6.7200155,720000
hardzero_plus_depr__c0p54__z1p05__lam0p030__nu0p50__psi1p00,hardzero_plus_depr,0.02,39,225,0.0,1,0.50656575,0.50656575,1.1017066,0.0,0.0791213,0.0,0.0,2.413039e-05,-29.489298,2.4238029,0.8079343,0.096,0.0,0.17293459,6.7200155,6.7500157,723200
hardzero_plus_depr__c0p54__z1p05__lam0p030__nu0p50__psi1p00,hardzero_plus_depr,0.02,39,226,0.0,1,0.50656575,0.506568,1.0185645,0.09581544,0.09581544,1.0,2.2437316e-06,2.3417224e-05,-27.921091,2.2408864,0.7469622,0.216,0.0,0.14990014,6.7500157,6.780016,726400
hardzero_plus_depr__c0p54__z1p05__lam0p030__nu0p50__psi1p00,hardzero_plus_depr,0.02,39,227,0.0,1,0.506568,0.506568,1.118978,0.0,0.07603647,0.0,0.0,2.2725135e-05,-29.314936,2.4618008,0.8206003,0.112,0.0,0.1994366,6.780016,6.810016,729600
hardzero_plus_depr__c0p54__z1p05__lam0p030__nu0p50__psi1p00,hardzero_plus_depr,0.02,39,228,0.0,1,0.506568,0.506568,1.1008171,0.0,0.07928352,0.0,0.0,2.2053498e-05,-28.448341,2.421846,0.807282,0.17600001,0.0,0.20171247,6.810016,6.8400164,732800
hardzero_plus_depr__c0p54__z1p05__lam0p030__nu0p50__psi1p00,hardzero_plus_depr,0.02,39,229,0.0,1,0.506568,0.506568,1.0788128,0.0,0.08340405,0.0,0.0,2.1401718e-05,-27.750174,2.3734357,0.79114527,0.15200001,0.0,0.1586791,6.8400164,6.8700166,736000
hardzero_plus_depr__c0p54__z1p05__lam0p030__nu0p50__psi1p00,hardzero_plus_depr,0.02,39,230,0.0,1,0.506568,0.50656986,1.0458174,0.089987606,0.089987606,1.0,1.8689702e-06,2.0769196e-05,-26.812342,2.3008442,0.7669481,0.16000001,0.0,0.13991293,6.8700166,6.900017,739200
hardzero_plus_depr__c0p54__z1p05__lam0p030__nu0p50__psi1p00,hardzero_plus_depr,0.02,39,231,0.0,1,0.50656986,0.50657177,1.0211877,0.095238455,0.095238455,1.0,1.9195663e-06,2.015537e-05,-26.95844,2.2466576,0.74888587,0.15200001,0.0,0.14402288,6.900017,6.930017,742400
hardzero_plus_depr__c0p54__z1p05__lam0p030__nu0p50__psi1p00,hardzero_plus_depr,0.02,39,232,0.0,1,0.50657177,0.5065736,1.0267403,0.09402854,0.09402854,1.0,1.8391687e-06,1.9559686e-05,-26.497454,2.2588737,0.75295794,0.15200001,0.0,0.12270727,6.930017,6.960017,745600
hardzero_plus_depr__c0p54__z1p05__lam0p030__nu0p50__psi1p00,hardzero_plus_depr,0.02,39,233,0.0,1,0.5065736,0.5065754,1.0311252,0.09308395,0.09308395,1.0,1.7668827e-06,1.8981606e-05,-27.872242,2.2685206,0.75617355,0.17600001,0.0,0.13852665,6.960017,6.9900174,748800
hardzero_plus_depr__c0p54__z1p05__lam0p030__nu0p50__psi1p00,hardzero_plus_depr,0.02,39,234,0.0,1,0.5065754,0.50657725,0.9938915,0.10141648,0.10141648,1.0,1.8681536e-06,1.8420611e-05,-26.939632,2.186605,0.72886837,0.12,0.0,0.1447312,6.9900174,7.0200176,752000
hardzero_plus_depr__c0p54__z1p05__lam0p030__nu0p50__psi1p00,hardzero_plus_depr,0.02,39,235,0.0,1,0.50657725,0.5065789,1.0239551,0.0946335,0.0946335,1.0,1.6916869e-06,1.7876195e-05,-27.511303,2.2527463,0.75091547,0.216,0.0,0.14482366,7.0200176,7.050018,755200
hardzero_plus_depr__c0p54__z1p05__lam0p030__nu0p50__psi1p00,hardzero_plus_depr,0.02,39,236,0.0,1,0.5065789,0.5065789,1.0687422,0.0,0.08536067,0.0,0.0,1.734787e-05,-28.1272,2.3512797,0.78375995,0.16000001,0.0,0.17029189,7.050018,7.080018,758400
hardzero_plus_depr__c0p54__z1p05__lam0p030__nu0p50__psi1p00,hardzero_plus_depr,0.02,39,237,0.0,1,0.5065789,0.5065806,1.0007094,0.09983679,0.09983679,1.0,1.6807683e-06,1.683516e-05,-26.45691,2.2016046,0.73386824,0.18400002,0.008,0.15437071,7.080018,7.1100183,761600
hardzero_plus_depr__c0p54__z1p05__lam0p030__nu0p50__psi1p00,hardzero_plus_depr,0.02,39,238,0.0,1,0.5065806,0.5065806,1.0841678,0.0,0.08238197,0.0,0.0,1.6337603e-05,-28.554382,2.385217,0.7950723,0.14400001,0.0,0.15948996,7.1100183,7.1400185,764800
hardzero_plus_depr__c0p54__z1p05__lam0p030__nu0p50__psi1p00,hardzero_plus_depr,0.02,39,239,0.0,1,0.5065806,0.5065823,0.96984273,0.10719073,0.10719073,1.0,1.6994823e-06,1.585475e-05,-26.76768,2.1336966,0.7112322,0.16800001,0.0,0.14904983,7.1400185,7.1700187,768000
hardzero_plus_depr__c0p54__z1p05__lam0p030__nu0p50__psi1p00,hardzero_plus_depr,0.02,39,240,0.0,1,0.5065823,0.5065838,1.0220447,0.09505069,0.09505069,1.0,1.4624659e-06,1.5386167e-05,-27.411535,2.248543,0.74951434,0.2,0.0,0.1429317,7.1700187,7.200019,771200
hardzero_plus_depr__c0p54__z1p05__lam0p030__nu0p50__psi1p00,hardzero_plus_depr,0.02,39,241,0.0,1,0.5065838,0.5065838,1.0984079,0.0,0.07972456,0.0,0.0,1.4931435e-05,-28.478537,2.4165456,0.8055152,0.14400001,0.0,0.16642067,7.200019,7.230019,774400
hardzero_plus_depr__c0p54__z1p05__lam0p030__nu0p50__psi1p00,hardzero_plus_depr,0.02,39,242,0.0,1,0.5065838,0.5065851,1.0399195,0.09121799,0.09121799,1.0,1.3217615e-06,1.44901405e-05,-27.456293,2.2878685,0.76262283,0.104,0.0,0.12809332,7.230019,7.2600193,777600
hardzero_plus_depr__c0p54__z1p05__lam0p030__nu0p50__psi1p00,hardzero_plus_depr,0.02,39,243,0.0,1,0.5065851,0.50658643,1.0388801,0.09143656,0.09143656,1.0,1.2857707e-06,1.40618895e-05,-26.982332,2.2855818,0.7618606,0.16800001,0.0,0.15145564,7.2600193,7.2900195,780800
hardzero_plus_depr__c0p54__z1p05__lam0p030__nu0p50__psi1p00,hardzero_plus_depr,0.02,39,244,0.0,1,0.50658643,0.50658643,1.0741727,0.0,0.08429994,0.0,0.0,1.3646293e-05,-29.014364,2.3632271,0.7877424,0.16800001,0.0,0.18231115,7.2900195,7.3200197,784000
hardzero_plus_depr__c0p54__z1p05__lam0p030__nu0p50__psi1p00,hardzero_plus_depr,0.02,39,245,0.0,1,0.50658643,0.50658643,1.0919819,0.0,0.08091297,0.0,0.0,1.3242983e-05,-27.484203,2.4024081,0.8008027,0.16000001,0.0,0.16331533,7.3200197,7.35002,787200
hardzero_plus_depr__c0p54__z1p05__lam0p030__nu0p50__psi1p00,hardzero_plus_depr,0.02,39,246,0.0,1,0.50658643,0.50658756,1.0459198,0.08996639,0.08996639,1.0,1.1562112e-06,1.2851591e-05,-27.580086,2.3010695,0.7670232,0.16800001,0.0,0.15185383,7.35002,7.38002,790400
hardzero_plus_depr__c0p54__z1p05__lam0p030__nu0p50__psi1p00,hardzero_plus_depr,0.02,39,247,0.0,1,0.50658756,0.50658756,1.0684481,0.0,0.08541849,0.0,0.0,1.2471766e-05,-28.583035,2.3506327,0.78354424,0.12,0.0,0.14185625,7.38002,7.4100204,793600
hardzero_plus_depr__c0p54__z1p05__lam0p030__nu0p50__psi1p00,hardzero_plus_depr,0.02,39,248,0.0,1,0.50658756,0.50658756,1.0617732,0.0,0.086741485,0.0,0.0,1.2103167e-05,-28.082724,2.3359478,0.7786493,0.136,0.0,0.17003624,7.4100204,7.4400206,796800
hardzero_plus_depr__c0p54__z1p05__lam0p030__nu0p50__psi1p00,hardzero_plus_depr,0.02,39,249,0.0,1,0.50658756,0.50658756,1.1131754,0.0,0.07705921,0.0,0.0,1.1745462e-05,-29.101755,2.4490347,0.8163449,0.104,0.0,0.15601717,7.4400206,7.470021,800000
hardzero_plus_depr__c0p54__z1p05__lam0p030__nu0p50__psi1p00,hardzero_plus_depr,0.02,39,250,0.0,1,0.50658756,0.50658756,1.0669905,0.0,0.08570566,0.0,0.0,1.1398329e-05,-28.136112,2.347426,0.78247535,0.120000005,0.0,0.17354172,7.470021,7.500021,803200
hardzero_plus_depr__c0p54__z1p05__lam0p030__nu0p50__psi1p00,hardzero_plus_depr,0.02,39,251,0.0,1,0.50658756,0.50658864,1.0209134,0.09529862,0.09529862,1.0,1.0541414e-06,1.1061456e-05,-27.654287,2.2460542,0.74868476,0.14400001,0.0,0.16819932,7.500021,7.530021,806400
hardzero_plus_depr__c0p54__z1p05__lam0p030__nu0p50__psi1p00,hardzero_plus_depr,0.02,39,252,0.0,1,0.50658864,0.5065897,1.0043823,0.09899601,0.09899601,1.0,1.0626763e-06,1.0734537e-05,-27.447239,2.209685,0.7365617,0.16000001,0.0,0.13571824,7.530021,7.5600214,809600
hardzero_plus_depr__c0p54__z1p05__lam0p030__nu0p50__psi1p00,hardzero_plus_depr,0.02,39,253,0.0,1,0.5065897,0.5065897,1.0599687,0.0,0.08710264,0.0,0.0,1.0417281e-05,-27.977283,2.3319778,0.777326,0.112,0.0,0.15131454,7.5600214,7.5900216,812800
hardzero_plus_depr__c0p54__z1p05__lam0p030__nu0p50__psi1p00,hardzero_plus_depr,0.02,39,254,0.0,1,0.5065897,0.50659066,1.021147,0.09524738,0.09524738,1.0,9.628941e-07,1.0109402e-05,-27.67433,2.2465682,0.74885607,0.192,0.0,0.13487887,7.5900216,7.620022,816000
hardzero_plus_depr__c0p54__z1p05__lam0p030__nu0p50__psi1p00,hardzero_plus_depr,0.02,39,255,0.0,1,0.50659066,0.5065917,0.99367464,0.10146713,0.10146713,1.0,9.954558e-07,9.810623e-06,-26.65402,2.186128,0.72870934,0.14400001,0.0,0.16284074,7.620022,7.650022,819200
hardzero_plus_depr__c0p54__z1p05__lam0p030__nu0p50__psi1p00,hardzero_plus_depr,0.02,39,256,0.0,1,0.5065917,0.5065927,0.97005606,0.1071381,0.1071381,1.0,1.0200267e-06,9.520672e-06,-26.981836,2.134166,0.7113887,0.15200001,0.0,0.12309299,7.650022,7.6800222,822400
hardzero_plus_depr__c0p54__z1p05__lam0p030__nu0p50__psi1p00,hardzero_plus_depr,0.02,39,257,0.0,1,0.5065927,0.5065936,1.0061041,0.0986043,0.0986043,1.0,9.11034e-07,9.239293e-06,-27.032787,2.2134733,0.73782444,0.16800001,0.0,0.12430734,7.6800222,7.7100224,825600
hardzero_plus_depr__c0p54__z1p05__lam0p030__nu0p50__psi1p00,hardzero_plus_depr,0.02,39,258,0.0,1,0.5065936,0.5065936,1.057942,0.0,0.08751006,0.0,0.0,8.966228e-06,-27.942272,2.327519,0.7758397,0.128,0.0,0.16319148,7.7100224,7.7400227,828800
hardzero_plus_depr__c0p54__z1p05__lam0p030__nu0p50__psi1p00,hardzero_plus_depr,0.02,39,259,0.0,1,0.5065936,0.5065936,1.0667739,0.0,0.08574841,0.0,0.0,8.701234e-06,-27.662628,2.3469493,0.78231645,0.15200001,0.0,0.1395686,7.7400227,7.770023,832000
hardzero_plus_depr__c0p54__z1p05__lam0p030__nu0p50__psi1p00,hardzero_plus_depr,0.02,39,260,0.0,1,0.5065936,0.50659436,1.0239894,0.09462601,0.09462601,1.0,7.990289e-07,8.444073e-06,-26.539907,2.2528217,0.75094056,0.16,0.0,0.14748353,7.770023,7.800023,835200
hardzero_plus_depr__c0p54__z1p05__lam0p030__nu0p50__psi1p00,hardzero_plus_depr,0.02,39,261,0.0,1,0.50659436,0.5065951,1.0461422,0.0899203,0.0899203,1.0,7.3685277e-07,8.19451e-06,-27.26506,2.3015587,0.7671863,0.136,0.0,0.15047926,7.800023,7.8300233,838400
hardzero_plus_depr__c0p54__z1p05__lam0p030__nu0p50__psi1p00,hardzero_plus_depr,0.02,39,262,0.0,1,0.5065951,0.5065951,1.1255137,0.0,0.07490077,0.0,0.0,7.952324e-06,-28.732859,2.4761796,0.8253932,0.15200001,0.0,0.18663906,7.8300233,7.8600235,841600
hardzero_plus_depr__c0p54__z1p05__lam0p030__nu0p50__psi1p00,hardzero_plus_depr,0.02,39,263,0.0,1,0.5065951,0.5065958,1.0198594,0.095530175,0.095530175,1.0,7.372346e-07,7.717295e-06,-27.61129,2.2437356,0.7479119,0.15200001,0.0,0.14841083,7.8600235,7.8900237,844800
hardzero_plus_depr__c0p54__z1p05__lam0p030__nu0p50__psi1p00,hardzero_plus_depr,0.02,39,264,0.0,1,0.5065958,0.5065965,1.0080043,0.098173805,0.098173805,1.0,7.3524467e-07,7.489214e-06,-27.305182,2.2176538,0.73921794,0.14400001,0.0,0.1509216,7.8900237,7.920024,848000
hardzero_plus_depr__c0p54__z1p05__lam0p030__nu0p50__psi1p00,hardzero_plus_depr,0.02,39,265,0.0,1,0.5065965,0.5065972,1.022475,0.09495656,0.09495656,1.0,6.9013214e-07,7.267872e-06,-27.491982,2.24949,0.74983,0.18400002,0.0,0.17826802,7.920024,7.950024,851200
hardzero_plus_depr__c0p54__z1p05__lam0p030__nu0p50__psi1p00,hardzero_plus_depr,0.02,39,266,0.0,1,0.5065972,0.5065972,1.0621262,0.0,0.08667101,0.0,0.0,7.0530727e-06,-28.072317,2.3367243,0.77890813,0.18400002,0.0,0.15038688,7.950024,7.9800243,854400
hardzero_plus_depr__c0p54__z1p05__lam0p030__nu0p50__psi1p00,hardzero_plus_depr,0.02,39,267,0.0,1,0.5065972,0.506598,0.9547077,0.11099218,0.11099218,1.0,7.596995e-07,6.844622e-06,-26.86089,2.1003988,0.70013297,0.18400002,0.0,0.13755113,7.9800243,8.010024,857600
hardzero_plus_depr__c0p54__z1p05__lam0p030__nu0p50__psi1p00,hardzero_plus_depr,0.02,39,268,0.0,1,0.506598,0.50659865,1.0155691,0.09647859,0.09647859,1.0,6.4084304e-07,6.6423345e-06,-27.744898,2.2342966,0.7447655,0.16800001,0.0,0.15791903,8.010024,8.040024,860800
hardzero_plus_depr__c0p54__z1p05__lam0p030__nu0p50__psi1p00,hardzero_plus_depr,0.02,39,269,0.0,1,0.50659865,0.50659925,1.017652,0.09601696,0.09601696,1.0,6.1892774e-07,6.4460255e-06,-26.936869,2.2388792,0.74629307,0.23200001,0.0,0.14220981,8.040024,8.070024,864000
hardzero_plus_depr__c0p54__z1p05__lam0p030__nu0p50__psi1p00,hardzero_plus_depr,0.02,39,270,0.0,1,0.50659925,0.5065999,0.99017537,0.102287985,0.102287985,1.0,6.3986437e-07,6.255518e-06,-26.879684,2.1784294,0.7261431,0.17600001,0.0,0.16192746,8.070024,8.100023,867200
hardzero_plus_depr__c0p54__z1p05__lam0p030__nu0p50__psi1p00,hardzero_plus_depr,0.02,39,271,0.0,1,0.5065999,0.5066005,0.99855274,0.100333795,0.100333795,1.0,6.090905e-07,6.070641e-06,-26.99434,2.1968598,0.73228663,0.112,0.0,0.11794813,8.100023,8.130023,870400
hardzero_plus_depr__c0p54__z1p05__lam0p030__nu0p50__psi1p00,hardzero_plus_depr,0.02,39,272,0.0,1,0.5066005,0.5066011,0.98395354,0.103763945,0.103763945,1.0,6.1129714e-07,5.8912287e-06,-27.279676,2.164741,0.7215804,0.208,0.008,0.14882751,8.130023,8.160023,873600
hardzero_plus_depr__c0p54__z1p05__lam0p030__nu0p50__psi1p00,hardzero_plus_depr,0.02,39,273,0.0,1,0.5066011,0.5066011,1.0652331,0.0,0.086053155,0.0,0.0,5.717118e-06,-28.015282,2.3435597,0.7811866,0.14999999,0.0,0.2267684,8.160023,8.190022,876800
hardzero_plus_depr__c0p54__z1p05__lam0p030__nu0p50__psi1p00,hardzero_plus_depr,0.02,39,274,0.0,1,0.5066011,0.5066016,1.0395176,0.09130244,0.09130244,1.0,5.065599e-07,5.548153e-06,-26.993876,2.2869844,0.76232815,0.08800001,0.0,0.1273895,8.190022,8.220022,880000
hardzero_plus_depr__c0p54__z1p05__lam0p030__nu0p50__psi1p00,hardzero_plus_depr,0.02,39,275,0.0,1,0.5066016,0.5066021,1.0017364,0.09960097,0.09960097,1.0,5.3626974e-07,5.384182e-06,-27.662392,2.203864,0.7346214,0.15200001,0.0,0.16714585,8.220022,8.250022,883200
hardzero_plus_depr__c0p54__z1p05__lam0p030__nu0p50__psi1p00,hardzero_plus_depr,0.02,39,276,0.0,1,0.5066021,0.5066026,1.0386373,0.0914877,0.0914877,1.0,4.780284e-07,5.2250566e-06,-27.507267,2.2850478,0.7616826,0.112,0.0,0.16174914,8.250022,8.280022,886400
hardzero_plus_depr__c0p54__z1p05__lam0p030__nu0p50__psi1p00,hardzero_plus_depr,0.02,39,277,0.0,1,0.5066026,0.5066026,1.0840266,0.0,0.08240876,0.0,0.0,5.070634e-06,-28.39195,2.384906,0.7949687,0.18400002,0.0,0.19972688,8.280022,8.310021,889600
hardzero_plus_depr__c0p54__z1p05__lam0p030__nu0p50__psi1p00,hardzero_plus_depr,0.02,39,278,0.0,1,0.5066026,0.506603,1.04962,0.08920312,0.08920312,1.0,4.3894855e-07,4.9207756e-06,-26.485464,2.30921,0.7697367,0.136,0.0,0.14351375,8.310021,8.340021,892800
hardzero_plus_depr__c0p54__z1p05__lam0p030__nu0p50__psi1p00,hardzero_plus_depr,0.02,39,279,0.0,1,0.506603,0.5066035,1.0237161,0.094685584,0.094685584,1.0,4.521564e-07,4.7753456e-06,-26.837162,2.2522204,0.7507402,0.15200001,0.0,0.17543912,8.340021,8.370021,896000
hardzero_plus_depr__c0p54__z1p05__lam0p030__nu0p50__psi1p00,hardzero_plus_depr,0.02,39,280,0.0,1,0.5066035,0.50660396,0.9891447,0.10253103,0.10253103,1.0,4.7515076e-07,4.6342143e-06,-25.671993,2.1761618,0.7253873,0.24000001,0.0,0.13207647,8.370021,8.400021,899200
hardzero_plus_depr__c0p54__z1p05__lam0p030__nu0p50__psi1p00,hardzero_plus_depr,0.02,39,281,0.0,1,0.50660396,0.5066044,1.0057361,0.098687895,0.098687895,1.0,4.438245e-07,4.4972535e-06,-27.728527,2.2126637,0.73755455,0.136,0.0,0.14394398,8.400021,8.43002,902400
hardzero_plus_depr__c0p54__z1p05__lam0p030__nu0p50__psi1p00,hardzero_plus_depr,0.02,39,282,0.0,1,0.5066044,0.5066048,1.0432549,0.09052013,0.09052013,1.0,3.9506068e-07,4.364341e-06,-27.9577,2.2952065,0.7650689,0.15200001,0.0,0.14746058,8.43002,8.46002,905600
hardzero_plus_depr__c0p54__z1p05__lam0p030__nu0p50__psi1p00,hardzero_plus_depr,0.02,39,283,0.0,1,0.5066048,0.50660527,0.97327816,0.106346175,0.106346175,1.0,4.5041395e-07,4.2353563e-06,-26.846695,2.1412547,0.71375155,0.18400002,0.0,0.12606125,8.46002,8.49002,908800
hardzero_plus_depr__c0p54__z1p05__lam0p030__nu0p50__psi1p00,hardzero_plus_depr,0.02,39,284,0.0,1,0.50660527,0.5066056,1.0391533,0.09137905,0.09137905,1.0,3.7558468e-07,4.110184e-06,-27.573524,2.2861829,0.762061,0.136,0.0,0.14656267,8.49002,8.52002,912000
hardzero_plus_depr__c0p54__z1p05__lam0p030__nu0p50__psi1p00,hardzero_plus_depr,0.02,39,285,0.0,1,0.5066056,0.506606,1.0169574,0.096170664,0.096170664,1.0,3.8359693e-07,3.9887104e-06,-27.233196,2.237351,0.7457837,0.128,0.0,0.13858536,8.52002,8.550019,915200
hardzero_plus_depr__c0p54__z1p05__lam0p030__nu0p50__psi1p00,hardzero_plus_depr,0.02,39,286,0.0,1,0.506606,0.50660634,1.0037465,0.09914104,0.09914104,1.0,3.8375782e-07,3.870827e-06,-25.535254,2.2082865,0.73609555,0.19,0.0,0.14627023,8.550019,8.580019,918400
hardzero_plus_depr__c0p54__z1p05__lam0p030__nu0p50__psi1p00,hardzero_plus_depr,0.02,39,287,0.0,1,0.50660634,0.50660676,0.9480153,0.11271577,0.11271577,1.0,4.2340875e-07,3.7564284e-06,-25.520979,2.0856752,0.6952251,0.192,0.0,0.12940408,8.580019,8.610019,921600
hardzero_plus_depr__c0p54__z1p05__lam0p030__nu0p50__psi1p00,hardzero_plus_depr,0.02,39,288,0.0,1,0.50660676,0.50660706,1.0470531,0.0897319,0.0897319,1.0,3.2710955e-07,3.6454098e-06,-27.46049,2.3035629,0.76785433,0.18400002,0.0,0.15550232,8.610019,8.640018,924800
hardzero_plus_depr__c0p54__z1p05__lam0p030__nu0p50__psi1p00,hardzero_plus_depr,0.02,39,289,0.0,1,0.50660706,0.5066074,1.0176299,0.09602186,0.09602186,1.0,3.396939e-07,3.5376727e-06,-26.65049,2.2388303,0.7462768,0.15200001,0.0,0.16159284,8.640018,8.670018,928000
hardzero_plus_depr__c0p54__z1p05__lam0p030__nu0p50__psi1p00,hardzero_plus_depr,0.02,39,290,0.0,1,0.5066074,0.5066074,1.0696898,0.0,0.08517461,0.0,0.0,3.4331194e-06,-28.408209,2.3533645,0.7844548,0.136,0.0,0.15773825,8.670018,8.700018,931200
hardzero_plus_depr__c0p54__z1p05__lam0p030__nu0p50__psi1p00,hardzero_plus_depr,0.02,39,291,0.0,1,0.5066074,0.5066078,0.9965844,0.10078957,0.10078957,1.0,3.357962e-07,3.3316562e-06,-26.553267,2.1925294,0.7308432,0.23200001,0.0,0.13740104,8.700018,8.730018,934400
hardzero_plus_depr__c0p54__z1p05__lam0p030__nu0p50__psi1p00,hardzero_plus_depr,0.02,39,292,0.0,1,0.5066078,0.5066078,1.0845665,0.0,0.082306385,0.0,0.0,3.2331918e-06,-28.031363,2.3860939,0.7953646,0.128,0.0,0.14827512,8.730018,8.760017,937600
hardzero_plus_depr__c0p54__z1p05__lam0p030__nu0p50__psi1p00,hardzero_plus_depr,0.02,39,293,0.0,1,0.5066078,0.5066078,1.0578985,0.0,0.08751882,0.0,0.0,3.1376373e-06,-27.927818,2.3274233,0.7758078,0.18400002,0.0,0.15496315,8.760017,8.790017,940800
hardzero_plus_depr__c0p54__z1p05__lam0p030__nu0p50__psi1p00,hardzero_plus_depr,0.02,39,294,0.0,1,0.5066078,0.5066078,1.0528338,0.0,0.08854544,0.0,0.0,3.044907e-06,-27.481514,2.3162806,0.77209353,0.208,0.008,0.14195977,8.790017,8.820017,944000
hardzero_plus_depr__c0p54__z1p05__lam0p030__nu0p50__psi1p00,hardzero_plus_depr,0.02,39,295,0.0,1,0.5066078,0.5066078,1.0749388,0.0,0.08415138,0.0,0.0,2.9549174e-06,-28.834475,2.3649125,0.7883042,0.120000005,0.0,0.1667263,8.820017,8.850017,947200
hardzero_plus_depr__c0p54__z1p05__lam0p030__nu0p50__psi1p00,hardzero_plus_depr,0.02,39,296,0.0,1,0.5066078,0.50660807,1.0085452,0.09805163,0.09805163,1.0,2.8117157e-07,2.867587e-06,-26.764517,2.2188437,0.7396146,0.16800001,0.0,0.14100622,8.850017,8.880016,950400
hardzero_plus_depr__c0p54__z1p05__lam0p030__nu0p50__psi1p00,hardzero_plus_depr,0.02,39,297,0.0,1,0.50660807,0.50660807,1.0573941,0.0,0.08762052,0.0,0.0,2.7828378e-06,-27.185707,2.3263135,0.77543783,0.18400002,0.0,0.14579831,8.880016,8.910016,953600
hardzero_plus_depr__c0p54__z1p05__lam0p030__nu0p50__psi1p00,hardzero_plus_depr,0.02,39,298,0.0,1,0.50660807,0.5066083,1.0306002,0.09319653,0.09319653,1.0,2.5168595e-07,2.7005933e-06,-27.480179,2.2673657,0.75578856,0.16000001,0.0,0.16101941,8.910016,8.940016,956800
hardzero_plus_depr__c0p54__z1p05__lam0p030__nu0p50__psi1p00,hardzero_plus_depr,0.02,39,299,0.0,1,0.5066083,0.5066083,1.0511991,0.0,0.08887937,0.0,0.0,2.6207792e-06,-27.844229,2.312684,0.7708947,0.14999999,0.0,0.1548464,8.940016,8.970016,960000
hardzero_plus_depr__c0p54__z1p05__lam0p030__nu0p50__psi1p00,hardzero_plus_depr,0.02,39,300,0.0,1,0.5066083,0.50660855,0.9953906,0.101067,0.101067,1.0,2.5704617e-07,2.5433244e-06,-26.059038,2.189903,0.7299677,0.112,0.0,0.12176864,8.970016,9.000015,963200
hardzero_plus_depr__c0p54__z1p05__lam0p030__nu0p50__psi1p00,hardzero_plus_depr,0.02,39,301,0.0,1,0.50660855,0.5066088,1.0076652,0.098250516,0.098250516,1.0,2.424978e-07,2.468158e-06,-27.384455,2.2169077,0.73896927,0.120000005,0.0,0.15936567,9.000015,9.030015,966400
hardzero_plus_depr__c0p54__z1p05__lam0p030__nu0p50__psi1p00,hardzero_plus_depr,0.02,39,302,0.0,1,0.5066088,0.5066088,1.0967088,0.0,0.08003709,0.0,0.0,2.3952139e-06,-28.169277,2.4128075,0.8042692,0.120000005,0.0,0.16558309,9.030015,9.060015,969600
hardzero_plus_depr__c0p54__z1p05__lam0p030__nu0p50__psi1p00,hardzero_plus_depr,0.02,39,303,0.0,1,0.5066088,0.5066088,1.0642695,0.0,0.0862443,0.0,0.0,2.3244252e-06,-28.735435,2.3414397,0.7804799,0.18400002,0.0,0.18657121,9.060015,9.090014,972800
hardzero_plus_depr__c0p54__z1p05__lam0p030__nu0p50__psi1p00,hardzero_plus_depr,0.02,39,304,0.0,1,0.5066088,0.506609,1.0154681,0.096501015,0.096501015,1.0,2.1768011e-07,2.2557288e-06,-27.118378,2.2340744,0.7446915,0.136,0.0,0.14711249,9.090014,9.120014,976000
hardzero_plus_depr__c0p54__z1p05__lam0p030__nu0p50__psi1p00,hardzero_plus_depr,0.02,39,305,0.0,1,0.506609,0.5066092,1.0308186,0.093149684,0.093149684,1.0,2.0391049e-07,2.1890626e-06,-27.0995,2.267846,0.7559487,0.192,0.0,0.14989126,9.120014,9.150014,979200
hardzero_plus_depr__c0p54__z1p05__lam0p030__nu0p50__psi1p00,hardzero_plus_depr,0.02,39,306,0.0,1,0.5066092,0.50660944,1.0058709,0.09865726,0.09865726,1.0,2.0958416e-07,2.1243663e-06,-26.965826,2.2129602,0.73765343,0.192,0.0,0.13862084,9.150014,9.180014,982400
hardzero_plus_depr__c0p54__z1p05__lam0p030__nu0p50__psi1p00,hardzero_plus_depr,0.02,39,307,0.0,1,0.50660944,0.5066097,0.9753338,0.10584399,0.10584399,1.0,2.182061e-07,2.0615823e-06,-26.164278,2.1457772,0.7152591,0.18400002,0.0,0.14896557,9.180014,9.210013,985600
hardzero_plus_depr__c0p54__z1p05__lam0p030__nu0p50__psi1p00,hardzero_plus_depr,0.02,39,308,0.0,1,0.5066097,0.50660986,1.0499451,0.08913636,0.08913636,1.0,1.7833104e-07,2.0006541e-06,-27.872728,2.3099253,0.7699751,0.16800001,0.0,0.15518631,9.210013,9.240013,988800
hardzero_plus_depr__c0p54__z1p05__lam0p030__nu0p50__psi1p00,hardzero_plus_depr,0.02,39,309,0.0,1,0.50660986,0.50661004,1.047058,0.089730896,0.089730896,1.0,1.7421489e-07,1.9415263e-06,-26.892454,2.3035736,0.7678579,0.080000006,0.0,0.13344374,9.240013,9.270013,992000
hardzero_plus_depr__c0p54__z1p05__lam0p030__nu0p50__psi1p00,hardzero_plus_depr,0.02,39,310,0.0,1,0.50661004,0.5066102,1.0236636,0.09469703,0.09469703,1.0,1.7842302e-07,1.884146e-06,-27.166199,2.252105,0.75070167,0.18400002,0.0,0.13316086,9.270013,9.300013,995200
hardzero_plus_depr__c0p54__z1p05__lam0p030__nu0p50__psi1p00,hardzero_plus_depr,0.02,39,311,0.0,1,0.5066102,0.5066104,0.9879049,0.10282413,0.10282413,1.0,1.8800996e-07,1.8284614e-06,-26.229965,2.1734343,0.7244781,0.16800001,0.0,0.13135646,9.300013,9.330012,998400
hardzero_plus_depr__c0p54__z1p05__lam0p030__nu0p50__psi1p00,hardzero_plus_depr,0.02,39,312,0.0,1,0.5066104,0.5066106,1.0249735,0.094411835,0.094411835,1.0,1.6752651e-07,1.7744228e-06,-26.162907,2.2549868,0.75166225,0.099999994,0.0,0.14069821,9.330012,9.360012,1001600
hardzero_plus_depr__c0p54__z1p05__lam0p030__nu0p50__psi1p00,hardzero_plus_depr,0.02,39,313,0.0,1,0.5066106,0.5066106,1.0832589,0.0,0.082554564,0.0,0.0,1.7219812e-06,-28.279108,2.383217,0.7944057,0.104,0.0,0.16082141,9.360012,9.390012,1004800
hardzero_plus_depr__c0p54__z1p05__lam0p030__nu0p50__psi1p00,hardzero_plus_depr,0.02,39,314,0.0,1,0.5066106,0.5066106,1.1037529,0.0,0.07874938,0.0,0.0,1.6710894e-06,-29.381987,2.4283047,0.8094349,0.112,0.0,0.15972587,9.390012,9.4200115,1008000
hardzero_plus_depr__c0p54__z1p05__lam0p030__nu0p50__psi1p00,hardzero_plus_depr,0.02,39,315,0.0,1,0.5066106,0.5066106,1.1096033,0.0,0.07769565,0.0,0.0,1.6217016e-06,-28.65567,2.441176,0.81372535,0.15200001,0.0,0.17823656,9.4200115,9.450011,1011200
hardzero_plus_depr__c0p54__z1p05__lam0p030__nu0p50__psi1p00,hardzero_plus_depr,0.02,39,316,0.0,1,0.5066106,0.50661075,1.0084971,0.09806248,0.09806248,1.0,1.5432813e-07,1.5737736e-06,-27.383661,2.218738,0.7395794,0.16800001,0.0,0.15100881,9.450011,9.480011,1014400
hardzero_plus_depr__c0p54__z1p05__lam0p030__nu0p50__psi1p00,hardzero_plus_depr,0.02,39,317,0.0,1,0.50661075,0.50661093,0.9950707,0.10114148,0.10114148,1.0,1.5446955e-07,1.527262e-06,-27.17938,2.1891992,0.7297331,0.136,0.0,0.118526705,9.480011,9.510011,1017600
hardzero_plus_depr__c0p54__z1p05__lam0p030__nu0p50__psi1p00,hardzero_plus_depr,0.02,39,318,0.0,1,0.50661093,0.5066111,0.9563086,0.11058376,0.11058376,1.0,1.6389895e-07,1.482125e-06,-26.06982,2.103921,0.701307,0.2,0.0,0.1530951,9.510011,9.54001,1020800
hardzero_plus_depr__c0p54__z1p05__lam0p030__nu0p50__psi1p00,hardzero_plus_depr,0.02,39,319,0.0,1,0.5066111,0.5066112,1.0327171,0.092743374,0.092743374,1.0,1.3339482e-07,1.4383219e-06,-27.570086,2.272023,0.757341,0.224,0.0,0.18239513,9.54001,9.57001,1024000
hardzero_plus_depr__c0p54__z1p05__lam0p030__nu0p50__psi1p00,hardzero_plus_depr,0.02,39,320,0.0,1,0.5066112,0.5066112,1.089979,0.0,0.08128698,0.0,0.0,1.3958135e-06,-29.204765,2.3980017,0.79933393,0.104,0.0,0.16237439,9.57001,9.60001,1027200
hardzero_plus_depr__c0p54__z1p05__lam0p030__nu0p50__psi1p00,hardzero_plus_depr,0.02,39,321,0.0,1,0.5066112,0.50661135,1.0209566,0.095289126,0.095289126,1.0,1.2907495e-07,1.3545612e-06,-27.77713,2.2461495,0.74871653,0.28800002,0.0,0.14643018,9.60001,9.63001,1030400
hardzero_plus_depr__c0p54__z1p05__lam0p030__nu0p50__psi1p00,hardzero_plus_depr,0.02,39,322,0.0,1,0.50661135,0.50661147,1.0286912,0.0936071,0.0936071,1.0,1.2304918e-07,1.3145283e-06,-27.428059,2.2631657,0.7543886,0.192,0.0,0.14739944,9.63001,9.660009,1033600
hardzero_plus_depr__c0p54__z1p05__lam0p030__nu0p50__psi1p00,hardzero_plus_depr,0.02,39,323,0.0,1,0.50661147,0.50661147,1.0788759,0.0,0.08339194,0.0,0.0,1.2756785e-06,-28.72382,2.3735743,0.79119146,0.136,0.0,0.17420253,9.660009,9.690009,1036800
hardzero_plus_depr__c0p54__z1p05__lam0p030__nu0p50__psi1p00,hardzero_plus_depr,0.02,39,324,0.0,1,0.50661147,0.50661147,1.0745453,0.0,0.08422766,0.0,0.0,1.2379768e-06,-28.042526,2.3640468,0.7880156,0.18400002,0.0,0.1692556,9.690009,9.720009,1040000
hardzero_plus_depr__c0p54__z1p05__lam0p030__nu0p50__psi1p00,hardzero_plus_depr,0.02,39,325,0.0,1,0.50661147,0.5066116,1.0385915,0.09149734,0.09149734,1.0,1.0992393e-07,1.2013894e-06,-27.283564,2.284947,0.761649,0.17999999,0.0,0.14712179,9.720009,9.750009,1043200
hardzero_plus_depr__c0p54__z1p05__lam0p030__nu0p50__psi1p00,hardzero_plus_depr,0.02,39,326,0.0,1,0.5066116,0.5066117,1.0363623,0.09196819,0.09196819,1.0,1.0722418e-07,1.1658833e-06,-27.1203,2.2800426,0.76001424,0.128,0.0,0.15924165,9.750009,9.780008,1046400
hardzero_plus_depr__c0p54__z1p05__lam0p030__nu0p50__psi1p00,hardzero_plus_depr,0.02,39,327,0.0,1,0.5066117,0.5066118,1.0447091,0.09021752,0.09021752,1.0,1.020745e-07,1.1314265e-06,-27.485046,2.298406,0.76613533,0.120000005,0.0,0.13501158,9.780008,9.810008,1049600
hardzero_plus_depr__c0p54__z1p05__lam0p030__nu0p50__psi1p00,hardzero_plus_depr,0.02,39,328,0.0,1,0.5066118,0.5066118,1.0669945,0.0,0.085704856,0.0,0.0,1.097988e-06,-27.993254,2.347435,0.78247833,0.104,0.0,0.17552343,9.810008,9.840008,1052800
hardzero_plus_depr__c0p54__z1p05__lam0p030__nu0p50__psi1p00,hardzero_plus_depr,0.02,39,329,0.0,1,0.5066118,0.50661194,1.0362943,0.0919826,0.0919826,1.0,9.801096e-08,1.065538e-06,-27.115658,2.2798932,0.7599644,0.136,0.0,0.16460562,9.840008,9.8700075,1056000
hardzero_plus_depr__c0p54__z1p05__lam0p030__nu0p50__psi1p00,hardzero_plus_depr,0.02,39,330,0.0,1,0.50661194,0.50661194,1.0721256,0.0,0.084698245,0.0,0.0,1.0340468e-06,-28.033175,2.3587234,0.7862412,0.14400001,0.0,0.15528573,9.8700075,9.900007,1059200
hardzero_plus_depr__c0p54__z1p05__lam0p030__nu0p50__psi1p00,hardzero_plus_depr,0.02,39,331,0.0,1,0.50661194,0.50661206,0.9828292,0.10403292,0.10403292,1.0,1.0439561e-07,1.0034863e-06,-26.870298,2.1622674,0.7207558,0.16800001,0.0,0.1463225,9.900007,9.930007,1062400
hardzero_plus_depr__c0p54__z1p05__lam0p030__nu0p50__psi1p00,hardzero_plus_depr,0.02,39,332,0.0,1,0.50661206,0.50661206,1.0564549,0.0,0.08781022,0.0,0.0,9.738292e-07,-27.160484,2.3242471,0.77474904,0.208,0.0,0.1524248,9.930007,9.960007,1065600
hardzero_plus_depr__c0p54__z1p05__lam0p030__nu0p50__psi1p00,hardzero_plus_depr,0.02,39,333,0.0,1,0.50661206,0.50661206,1.05047,0.0,0.0890287,0.0,0.0,9.450484e-07,-27.564228,2.3110802,0.7703601,0.2,0.0,0.15553866,9.960007,9.990006,1068800
hardzero_plus_depr__c0p54__z1p05__lam0p030__nu0p50__psi1p00,hardzero_plus_depr,0.02,39,334,0.0,1,0.50661206,0.5066122,0.9848166,0.10355793,0.10355793,1.0,9.4974865e-08,9.171182e-07,-26.08305,2.1666398,0.72221327,0.192,0.0,0.1287651,9.990006,10.020006,1072000
hardzero_plus_depr__c0p54__z1p05__lam0p030__nu0p50__psi1p00,hardzero_plus_depr,0.02,39,335,0.0,1,0.5066122,0.5066123,0.94184154,0.11432953,0.11432953,1.0,1.0175482e-07,8.9001344e-07,-26.34975,2.0720928,0.6906976,0.224,0.008,0.1432079,10.020006,10.050006,1075200
hardzero_plus_depr__c0p54__z1p05__lam0p030__nu0p50__psi1p00,hardzero_plus_depr,0.02,39,336,0.0,1,0.5066123,0.50661236,1.0418973,0.09080353,0.09080353,1.0,7.842791e-08,8.6370994e-07,-27.697458,2.2922199,0.7640733,0.128,0.0,0.1360384,10.050006,10.080006,1078400
hardzero_plus_depr__c0p54__z1p05__lam0p030__nu0p50__psi1p00,hardzero_plus_depr,0.02,39,337,0.0,1,0.50661236,0.5066124,0.9829475,0.10400457,0.10400457,1.0,8.717492e-08,8.3818355e-07,-26.491697,2.1625278,0.7208426,0.192,0.0,0.14970884,10.080006,10.110005,1081600
hardzero_plus_depr__c0p54__z1p05__lam0p030__nu0p50__psi1p00,hardzero_plus_depr,0.02,39,338,0.0,1,0.5066124,0.5066125,1.0395976,0.09128561,0.09128561,1.0,7.425279e-08,8.1341176e-07,-26.450186,2.2871604,0.7623868,0.19,0.0,0.11972105,10.110005,10.140005,1084800
hardzero_plus_depr__c0p54__z1p05__lam0p030__nu0p50__psi1p00,hardzero_plus_depr,0.02,39,339,0.0,1,0.5066125,0.5066125,1.0661943,0.0,0.085862935,0.0,0.0,7.8937205e-07,-27.898397,2.3456743,0.78189147,0.096,0.0,0.15052935,10.140005,10.170005,1088000
hardzero_plus_depr__c0p54__z1p05__lam0p030__nu0p50__psi1p00,hardzero_plus_depr,0.02,39,340,0.0,1,0.5066125,0.50661254,1.0241464,0.09459181,0.09459181,1.0,7.2461376e-08,7.660428e-07,-27.0363,2.2531672,0.7510557,0.14400001,0.0,0.12734683,10.170005,10.200005,1091200
hardzero_plus_depr__c0p54__z1p05__lam0p030__nu0p50__psi1p00,hardzero_plus_depr,0.02,39,341,0.0,1,0.50661254,0.50661254,1.0862495,0.0,0.081988044,0.0,0.0,7.43403e-07,-28.628508,2.3897965,0.79659885,0.128,0.0,0.18460232,10.200005,10.230004,1094400
hardzero_plus_depr__c0p54__z1p05__lam0p030__nu0p50__psi1p00,hardzero_plus_depr,0.02,39,342,0.0,1,0.50661254,0.5066126,1.0241592,0.09458904,0.09458904,1.0,6.8239586e-08,7.214323e-07,-27.42224,2.2531953,0.75106514,0.16000001,0.0,0.15297411,10.230004,10.260004,1097600
hardzero_plus_depr__c0p54__z1p05__lam0p030__nu0p50__psi1p00,hardzero_plus_depr,0.02,39,343,0.0,1,0.5066126,0.50661266,0.97543067,0.10582038,0.10582038,1.0,7.4086e-08,7.001109e-07,-26.558157,2.1459904,0.7153301,0.192,0.0,0.15293416,10.260004,10.290004,1100800
hardzero_plus_depr__c0p54__z1p05__lam0p030__nu0p50__psi1p00,hardzero_plus_depr,0.02,39,344,0.0,1,0.50661266,0.50661266,1.0540245,0.0,0.08830302,0.0,0.0,6.7941966e-07,-27.657589,2.3189,0.77296674,0.18400002,0.0,0.1410315,10.290004,10.3200035,1104000
hardzero_plus_depr__c0p54__z1p05__lam0p030__nu0p50__psi1p00,hardzero_plus_depr,0.02,39,345,0.0,1,0.50661266,0.50661266,1.0713854,0.0,0.08484271,0.0,0.0,6.5934e-07,-27.470623,2.357095,0.78569835,0.16000001,0.0,0.1583093,10.3200035,10.350003,1107200
hardzero_plus_depr__c0p54__z1p05__lam0p030__nu0p50__psi1p00,hardzero_plus_depr,0.02,39,346,0.0,1,0.50661266,0.5066127,1.0474861,0.0896425,0.0896425,1.0,5.735809e-08,6.3985374e-07,-28.047739,2.3045154,0.7681718,0.136,0.0,0.13478382,10.350003,10.380003,1110400
hardzero_plus_depr__c0p54__z1p05__lam0p030__nu0p50__psi1p00,hardzero_plus_depr,0.02,39,347,0.0,1,0.5066127,0.5066128,1.0480161,0.08953316,0.08953316,1.0,5.559502e-08,6.2094335e-07,-28.425737,2.3056815,0.7685605,0.18400002,0.0,0.1400365,10.380003,10.410003,1113600
hardzero_plus_depr__c0p54__z1p05__lam0p030__nu0p50__psi1p00,hardzero_plus_depr,0.02,39,348,0.0,1,0.5066128,0.50661284,1.0018595,0.09957274,0.09957274,1.0,6.0001724e-08,6.0259185e-07,-26.417149,2.204135,0.73471165,0.208,0.0,0.14895403,10.410003,10.440002,1116800
hardzero_plus_depr__c0p54__z1p05__lam0p030__nu0p50__psi1p00,hardzero_plus_depr,0.02,39,349,0.0,1,0.50661284,0.50661284,1.0572494,0.0,0.087649725,0.0,0.0,5.847827e-07,-27.529871,2.3259952,0.77533174,0.16000001,0.0,0.15258558,10.440002,10.470002,1120000
hardzero_plus_depr__c0p54__z1p05__lam0p030__nu0p50__psi1p00,hardzero_plus_depr,0.02,39,350,0.0,1,0.50661284,0.50661284,1.0509759,0.0,0.08892504,0.0,0.0,5.6749997e-07,-27.832138,2.3121932,0.7707311,0.15200001,0.0,0.15817973,10.470002,10.500002,1123200
hardzero_plus_depr__c0p54__z1p05__lam0p030__nu0p50__psi1p00,hardzero_plus_depr,0.02,39,351,0.0,1,0.50661284,0.50661284,1.0964758,0.0,0.08008001,0.0,0.0,5.50728e-07,-27.704184,2.412295,0.80409837,0.14,0.0,0.14492881,10.500002,10.530002,1126400
hardzero_plus_depr__c0p54__z1p05__lam0p030__nu0p50__psi1p00,hardzero_plus_depr,0.02,39,352,0.0,1,0.50661284,0.5066129,1.0256599,0.09426274,0.09426274,1.0,5.037888e-08,5.3445166e-07,-26.253199,2.256497,0.7521657,0.136,0.0,0.14969379,10.530002,10.560001,1129600
hardzero_plus_depr__c0p54__z1p05__lam0p030__nu0p50__psi1p00,hardzero_plus_depr,0.02,39,353,0.0,1,0.5066129,0.5066129,1.079372,0.0,0.083296716,0.0,0.0,5.1865635e-07,-27.107578,2.374666,0.79155535,0.08800001,0.0,0.14470056,10.560001,10.590001,1132800
hardzero_plus_depr__c0p54__z1p05__lam0p030__nu0p50__psi1p00,hardzero_plus_depr,0.02,39,354,0.0,1,0.5066129,0.50661296,1.0291946,0.093498655,0.093498655,1.0,4.7060475e-08,5.0332784e-07,-27.56156,2.2642734,0.7547578,0.17600001,0.008,0.14514089,10.590001,10.620001,1136000
hardzero_plus_depr__c0p54__z1p05__lam0p030__nu0p50__psi1p00,hardzero_plus_depr,0.02,39,355,0.0,1,0.50661296,0.506613,1.0136081,0.09691521,0.09691521,1.0,4.7338464e-08,4.884524e-07,-27.15756,2.2299824,0.7433275,0.120000005,0.0,0.14167559,10.620001,10.650001,1139200
hardzero_plus_depr__c0p54__z1p05__lam0p030__nu0p50__psi1p00,hardzero_plus_depr,0.02,39,356,0.0,1,0.506613,0.5066131,0.9943259,0.10131508,0.10131508,1.0,4.8025026e-08,4.7401656e-07,-27.469936,2.1875606,0.7291869,0.2,0.0,0.14128093,10.650001,10.68,1142400
hardzero_plus_depr__c0p54__z1p05__lam0p030__nu0p50__psi1p00,hardzero_plus_depr,0.02,39,357,0.0,1,0.5066131,0.50661314,1.0050135,0.09885224,0.09885224,1.0,4.547276e-08,4.6000739e-07,-26.504143,2.2110739,0.73702466,0.16800001,0.0,0.1335001,10.68,10.71,1145600
hardzero_plus_depr__c0p54__z1p05__lam0p030__nu0p50__psi1p00,hardzero_plus_depr,0.02,39,358,0.0,1,0.50661314,0.5066132,0.9740405,0.10615965,0.10615965,1.0,4.7390966e-08,4.4641223e-07,-28.134022,2.142932,0.71431065,0.264,0.0,0.17389762,10.71,10.74,1148800
hardzero_plus_depr__c0p54__z1p05__lam0p030__nu0p50__psi1p00,hardzero_plus_depr,0.02,39,359,0.0,1,0.5066132,0.50661325,1.0087945,0.09799535,0.09799535,1.0,4.2453433e-08,4.3321887e-07,-27.13152,2.2193923,0.7397975,0.15200001,0.0,0.17157309,10.74,10.7699995,1152000
hardzero_plus_depr__c0p54__z1p05__lam0p030__nu0p50__psi1p00,hardzero_plus_depr,0.02,39,360,0.0,1,0.50661325,0.5066133,1.0214779,0.09517483,0.09517483,1.0,4.0012967e-08,4.2041543e-07,-27.136242,2.2472963,0.7490988,0.120000005,0.0,0.14881633,10.7699995,10.799999,1155200
hardzero_plus_depr__c0p54__z1p05__lam0p030__nu0p50__psi1p00,hardzero_plus_depr,0.02,39,361,0.0,1,0.5066133,0.5066134,1.010409,0.09763174,0.09763174,1.0,3.983281e-08,4.0799037e-07,-26.84487,2.2229443,0.74098146,0.17600001,0.0,0.1318323,10.799999,10.829999,1158400
hardzero_plus_depr__c0p54__z1p05__lam0p030__nu0p50__psi1p00,hardzero_plus_depr,0.02,39,362,0.0,1,0.5066134,0.50661343,1.0193689,0.09563813,0.09563813,1.0,3.786625e-08,3.9593255e-07,-27.074638,2.2426562,0.7475521,0.128,0.0,0.13427655,10.829999,10.859999,1161600
hardzero_plus_depr__c0p54__z1p05__lam0p030__nu0p50__psi1p00,hardzero_plus_depr,0.02,39,363,0.0,1,0.50661343,0.50661343,1.0639317,0.0,0.08631142,0.0,0.0,3.8423104e-07,-28.273865,2.3406966,0.7802322,0.18400002,0.0,0.13362113,10.859999,10.889998,1164800
hardzero_plus_depr__c0p54__z1p05__lam0p030__nu0p50__psi1p00,hardzero_plus_depr,0.02,39,364,0.0,1,0.50661343,0.50661343,1.0608858,0.0,0.08691889,0.0,0.0,3.7287543e-07,-27.33748,2.3339953,0.77799845,0.099999994,0.0,0.13422056,10.889998,10.919998,1168000
hardzero_plus_depr__c0p54__z1p05__lam0p030__nu0p50__psi1p00,hardzero_plus_depr,0.02,39,365,0.0,1,0.50661343,0.5066135,0.9896162,0.102419764,0.102419764,1.0,3.706114e-08,3.6185537e-07,-26.706718,2.1771991,0.72573304,0.192,0.0,0.1328959,10.919998,10.949998,1171200
hardzero_plus_depr__c0p54__z1p05__lam0p030__nu0p50__psi1p00,hardzero_plus_depr,0.02,39,366,0.0,1,0.5066135,0.50661355,1.0229456,0.09485372,0.09485372,1.0,3.330893e-08,3.5116102e-07,-27.84632,2.2505252,0.7501751,0.15200001,0.0,0.14923044,10.949998,10.979998,1174400
hardzero_plus_depr__c0p54__z1p05__lam0p030__nu0p50__psi1p00,hardzero_plus_depr,0.02,39,367,0.0,1,0.50661355,0.50661355,1.0528342,0.0,0.08854535,0.0,0.0,3.4078272e-07,-27.340014,2.3162813,0.7720938,0.14400001,0.0,0.14086549,10.979998,11.009997,1177600
hardzero_plus_depr__c0p54__z1p05__lam0p030__nu0p50__psi1p00,hardzero_plus_depr,0.02,39,368,0.0,1,0.50661355,0.5066136,1.0435116,0.09046662,0.09046662,1.0,2.9918326e-08,3.3071123e-07,-27.870234,2.2957714,0.7652571,0.192,0.0,0.15723105,11.009997,11.039997,1180800
hardzero_plus_depr__c0p54__z1p05__lam0p030__nu0p50__psi1p00,hardzero_plus_depr,0.02,39,369,0.0,1,0.5066136,0.5066137,0.9938748,0.10142038,0.10142038,1.0,3.2549583e-08,3.209373e-07,-26.6329,2.1865683,0.7288561,0.17600001,0.0,0.14368567,11.039997,11.069997,1184000
hardzero_plus_depr__c0p54__z1p05__lam0p030__nu0p50__psi1p00,hardzero_plus_depr,0.02,39,370,0.0,1,0.5066137,0.5066137,1.019175,0.095680825,0.095680825,1.0,2.9800006e-08,3.1145223e-07,-27.26923,2.24223,0.74741,0.192,0.0,0.1261954,11.069997,11.099997,1187200
hardzero_plus_depr__c0p54__z1p05__lam0p030__nu0p50__psi1p00,hardzero_plus_depr,0.02,39,371,0.0,1,0.5066137,0.50661373,0.9916848,0.101933084,0.101933084,1.0,3.0809023e-08,3.022475e-07,-27.196892,2.18175,0.72725004,0.16800001,0.0,0.14501356,11.099997,11.129996,1190400
hardzero_plus_depr__c0p54__z1p05__lam0p030__nu0p50__psi1p00,hardzero_plus_depr,0.02,39,372,0.0,1,0.50661373,0.50661373,1.0359195,0.092062004,0.092062004,1.0,2.700315e-08,2.9331483e-07,-27.574413,2.2790685,0.7596895,0.17600001,0.0,0.14426705,11.129996,11.159996,1193600
hardzero_plus_depr__c0p54__z1p05__lam0p030__nu0p50__psi1p00,hardzero_plus_depr,0.02,39,373,0.0,1,0.50661373,0.50661373,1.0246388,0.09448464,0.09448464,1.0,2.6894687e-08,2.8464612e-07,-27.256554,2.2542503,0.7514168,0.14400001,0.0,0.14622422,11.159996,11.189996,1196800
hardzero_plus_depr__c0p54__z1p05__lam0p030__nu0p50__psi1p00,hardzero_plus_depr,0.02,39,374,0.0,1,0.50661373,0.50661373,1.0687833,0.0,0.08535259,0.0,0.0,2.7623364e-07,-27.63037,2.35137,0.78379005,0.112,0.0,0.15014249,11.189996,11.2199955,1200000
hardzero_plus_depr__c0p54__z1p05__lam0p030__nu0p50__psi1p00,hardzero_plus_depr,0.02,39,375,0.0,1,0.50661373,0.50661373,1.0000323,0.09999256,0.09999256,1.0,2.6804983e-08,2.6806978e-07,-26.50313,2.200115,0.7333717,0.120000005,0.0,0.13880423,11.2199955,11.249995,1203200
hardzero_plus_depr__c0p54__z1p05__lam0p030__nu0p50__psi1p00,hardzero_plus_depr,0.02,39,376,0.0,1,0.50661373,0.50661373,1.0591556,0.0,0.08726587,0.0,0.0,2.6014717e-07,-27.59905,2.3301888,0.7767296,0.16800001,0.0,0.16195773,11.249995,11.279995,1206400
hardzero_plus_depr__c0p54__z1p05__lam0p030__nu0p50__psi1p00,hardzero_plus_depr,0.02,39,377,0.0,1,0.50661373,0.50661373,1.083565,0.0,0.0824964,0.0,0.0,2.5245876e-07,-27.633322,2.3838906,0.7946302,0.17999999,0.0,0.14006561,11.279995,11.309995,1209600
hardzero_plus_depr__c0p54__z1p05__lam0p030__nu0p50__psi1p00,hardzero_plus_depr,0.02,39,378,0.0,1,0.50661373,0.50661373,1.0006561,0.09984902,0.09984902,1.0,2.4462762e-08,2.4499752e-07,-27.102407,2.2014875,0.7338292,0.17600001,0.0,0.1481236,11.309995,11.339994,1212800
hardzero_plus_depr__c0p54__z1p05__lam0p030__nu0p50__psi1p00,hardzero_plus_depr,0.02,39,379,0.0,1,0.50661373,0.50661373,1.116434,0.0,0.0764832,0.0,0.0,2.3775682e-07,-29.008629,2.4562037,0.8187346,0.14400001,0.0,0.17416535,11.339994,11.369994,1216000
hardzero_plus_depr__c0p54__z1p05__lam0p030__nu0p50__psi1p00,hardzero_plus_depr,0.02,39,380,0.0,1,0.50661373,0.50661373,0.9944002,0.101297736,0.101297736,1.0,2.3372436e-08,2.307301e-07,-27.157574,2.187724,0.7292414,0.18400002,0.0,0.14728265,11.369994,11.399994,1219200
hardzero_plus_depr__c0p54__z1p05__lam0p030__nu0p50__psi1p00,hardzero_plus_depr,0.02,39,381,0.0,1,0.50661373,0.50661373,1.0455865,0.09003545,0.09003545,1.0,2.0159934e-08,2.2391106e-07,-28.173353,2.3003361,0.7667787,0.16000001,0.0,0.14842734,11.399994,11.429994,1222400
hardzero_plus_depr__c0p54__z1p05__lam0p030__nu0p50__psi1p00,hardzero_plus_depr,0.02,39,382,0.0,1,0.50661373,0.50661373,1.0056677,0.098703444,0.098703444,1.0,2.1447622e-08,2.1729356e-07,-27.045732,2.2125132,0.7375044,0.16000001,0.0,0.16786347,11.429994,11.459993,1225600
hardzero_plus_depr__c0p54__z1p05__lam0p030__nu0p50__psi1p00,hardzero_plus_depr,0.02,39,383,0.0,1,0.50661373,0.50661373,1.0445838,0.09024355,0.09024355,1.0,1.9029804e-08,2.1087162e-07,-28.178259,2.2981303,0.7660434,0.17600001,0.0,0.15889087,11.459993,11.489993,1228800
hardzero_plus_depr__c0p54__z1p05__lam0p030__nu0p50__psi1p00,hardzero_plus_depr,0.02,39,384,0.0,1,0.50661373,0.50661373,1.0948377,0.0,0.080382645,0.0,0.0,2.0463946e-07,-28.707113,2.408691,0.802897,0.104,0.0,0.14848316,11.489993,11.519993,1232000
hardzero_plus_depr__c0p54__z1p05__lam0p030__nu0p50__psi1p00,hardzero_plus_depr,0.02,39,385,0.0,1,0.50661373,0.50661373,1.0240294,0.09461732,0.09461732,1.0,1.8790196e-08,1.9859151e-07,-27.113438,2.2529097,0.7509699,0.18400002,0.0,0.1542389,11.519993,11.549993,1235200
hardzero_plus_depr__c0p54__z1p05__lam0p030__nu0p50__psi1p00,hardzero_plus_depr,0.02,39,386,0.0,1,0.50661373,0.50661373,1.0211108,0.09525533,0.09525533,1.0,1.8357825e-08,1.9272228e-07,-27.405546,2.2464886,0.74882954,0.14400001,0.0,0.13362776,11.549993,11.579992,1238400
hardzero_plus_depr__c0p54__z1p05__lam0p030__nu0p50__psi1p00,hardzero_plus_depr,0.02,39,387,0.0,1,0.50661373,0.50661373,1.0428457,0.09060543,0.09060543,1.0,1.694562e-08,1.8702654e-07,-27.071527,2.2943063,0.7647688,0.128,0.0,0.13255735,11.579992,11.609992,1241600
hardzero_plus_depr__c0p54__z1p05__lam0p030__nu0p50__psi1p00,hardzero_plus_depr,0.02,39,388,0.0,1,0.50661373,0.50661373,1.0430819,0.090556175,0.090556175,1.0,1.6435866e-08,1.8149912e-07,-27.17307,2.294826,0.76494205,0.104,0.0,0.13951448,11.609992,11.639992,1244800
hardzero_plus_depr__c0p54__z1p05__lam0p030__nu0p50__psi1p00,hardzero_plus_depr,0.02,39,389,0.0,1,0.50661373,0.50661373,1.0322345,0.092846476,0.092846476,1.0,1.6353518e-08,1.7613505e-07,-27.75648,2.2709613,0.7569871,0.136,0.0,0.14043756,11.639992,11.6699915,1248000
hardzero_plus_depr__c0p54__z1p05__lam0p030__nu0p50__psi1p00,hardzero_plus_depr,0.02,39,390,0.0,1,0.50661373,0.50661373,1.0318558,0.092927486,0.092927486,1.0,1.5884051e-08,1.7092952e-07,-26.301613,2.2701283,0.75670946,0.06,0.0,0.15563709,11.6699915,11.699991,1251200
hardzero_plus_depr__c0p54__z1p05__lam0p030__nu0p50__psi1p00,hardzero_plus_depr,0.02,39,391,0.0,1,0.50661373,0.50661373,0.9989874,0.10023344,0.10023344,1.0,1.6626506e-08,1.6587784e-07,-26.491365,2.1978161,0.7326054,0.120000005,0.0,0.16103753,11.699991,11.729991,1254400
hardzero_plus_depr__c0p54__z1p05__lam0p030__nu0p50__psi1p00,hardzero_plus_depr,0.02,39,392,0.0,1,0.50661373,0.50661373,1.0016869,0.09961232,0.09961232,1.0,1.6035138e-08,1.6097545e-07,-27.574266,2.2037554,0.73458517,0.15200001,0.0,0.13664134,11.729991,11.759991,1257600
hardzero_plus_depr__c0p54__z1p05__lam0p030__nu0p50__psi1p00,hardzero_plus_depr,0.02,39,393,0.0,1,0.50661373,0.50661373,1.0939424,0.0,0.08054853,0.0,0.0,1.5621795e-07,-28.097822,2.4067214,0.8022405,0.120000005,0.0,0.14781108,11.759991,11.78999,1260800
hardzero_plus_depr__c0p54__z1p05__lam0p030__nu0p50__psi1p00,hardzero_plus_depr,0.02,39,394,0.0,1,0.50661373,0.50661373,1.0505651,0.0,0.089009196,0.0,0.0,1.5160104e-07,-27.594412,2.3112893,0.7704298,0.16000001,0.0,0.17336766,11.78999,11.81999,1264000
hardzero_plus_depr__c0p54__z1p05__lam0p030__nu0p50__psi1p00,hardzero_plus_depr,0.02,39,395,0.0,1,0.50661373,0.50661373,1.0058895,0.098653026,0.098653026,1.0,1.4513892e-08,1.471206e-07,-26.96935,2.2130013,0.7376671,0.18400002,0.0,0.16661415,11.81999,11.84999,1267200
hardzero_plus_depr__c0p54__z1p05__lam0p030__nu0p50__psi1p00,hardzero_plus_depr,0.02,39,396,0.0,1,0.50661373,0.50661373,1.061927,0.0,0.08671076,0.0,0.0,1.4277256e-07,-27.839733,2.336286,0.77876204,0.17600001,0.0,0.13770616,11.84999,11.87999,1270400
hardzero_plus_depr__c0p54__z1p05__lam0p030__nu0p50__psi1p00,hardzero_plus_depr,0.02,39,397,0.0,1,0.50661373,0.50661373,1.0141168,0.09680175,0.09680175,1.0,1.3412176e-08,1.3855303e-07,-27.370008,2.2311015,0.7437005,0.15200001,0.0,0.15023057,11.87999,11.909989,1273600
hardzero_plus_depr__c0p54__z1p05__lam0p030__nu0p50__psi1p00,hardzero_plus_depr,0.02,39,398,0.0,1,0.50661373,0.50661373,1.0691699,0.0,0.08527664,0.0,0.0,1.344582e-07,-27.441292,2.3522208,0.7840736,0.17600001,0.0,0.159466,11.909989,11.939989,1276800
hardzero_plus_depr__c0p54__z1p05__lam0p030__nu0p50__psi1p00,hardzero_plus_depr,0.02,39,399,0.0,1,0.50661373,0.50661373,1.0513358,0.0,0.088851385,0.0,0.0,1.304844e-07,-27.788275,2.312985,0.770995,0.14400001,0.0,0.14960447,11.939989,11.969989,1280000
hardzero_plus_depr__c0p54__z1p05__lam0p030__nu0p50__psi1p00,hardzero_plus_depr,0.02,39,400,0.0,1,0.50661373,0.50661373,0.97378165,0.10622294,0.10622294,1.0,1.3450803e-08,1.2662804e-07,-26.960238,2.1423624,0.7141208,0.192,0.0,0.13584544,11.969989,11.999989,1283200
hardzero_plus_depr__c0p54__z1p05__lam0p030__nu0p50__psi1p00,hardzero_plus_depr,0.02,39,401,0.0,1,0.50661373,0.50661373,1.0447878,0.09020118,0.09020118,1.0,1.108443e-08,1.2288565e-07,-27.540815,2.298579,0.76619303,0.14400001,0.0,0.14939271,11.999989,12.029988,1286400
hardzero_plus_depr__c0p54__z1p05__lam0p030__nu0p50__psi1p00,hardzero_plus_depr,0.02,39,402,0.0,1,0.50661373,0.50661373,1.0240628,0.094610035,0.094610035,1.0,1.1282611e-08,1.1925385e-07,-26.733246,2.252983,0.7509944,0.14400001,0.0,0.13697752,12.029988,12.059988,1289600
hardzero_plus_depr__c0p54__z1p05__lam0p030__nu0p50__psi1p00,hardzero_plus_depr,0.02,39,403,0.0,1,0.50661373,0.50661373,0.9568681,0.1104414,0.1104414,1.0,1.2781318e-08,1.15729414e-07,-26.07878,2.105152,0.7017173,0.17999999,0.0,0.107857645,12.059988,12.089988,1292800
hardzero_plus_depr__c0p54__z1p05__lam0p030__nu0p50__psi1p00,hardzero_plus_depr,0.02,39,404,0.0,1,0.50661373,0.50661373,1.0070121,0.098398365,0.098398365,1.0,1.1051034e-08,1.12309124e-07,-26.491192,2.2154708,0.7384903,0.16000001,0.0,0.12959819,12.089988,12.1199875,1296000
hardzero_plus_depr__c0p54__z1p05__lam0p030__nu0p50__psi1p00,hardzero_plus_depr,0.02,39,405,0.0,1,0.50661373,0.50661373,1.0336962,0.09253453,0.09253453,1.0,1.008533e-08,1.08989916e-07,-27.456678,2.274177,0.758059,0.128,0.0,0.14900075,12.1199875,12.149987,1299200
hardzero_plus_depr__c0p54__z1p05__lam0p030__nu0p50__psi1p00,hardzero_plus_depr,0.02,39,406,0.0,1,0.50661373,0.50661373,0.9734911,0.106294036,0.106294036,1.0,1.12425935e-08,1.05768805e-07,-25.888521,2.1417232,0.7139077,0.18400002,0.0,0.12959452,12.149987,12.179987,1302400
hardzero_plus_depr__c0p54__z1p05__lam0p030__nu0p50__psi1p00,hardzero_plus_depr,0.02,39,407,0.0,1,0.50661373,0.50661373,1.0371017,0.091811754,0.091811754,1.0,9.4238235e-09,1.02642886e-07,-27.046692,2.2816694,0.76055646,0.128,0.0,0.14931534,12.179987,12.209987,1305600
hardzero_plus_depr__c0p54__z1p05__lam0p030__nu0p50__psi1p00,hardzero_plus_depr,0.02,39,408,0.0,1,0.50661373,0.50661373,1.0589199,0.0,0.087313235,0.0,0.0,9.960936e-08,-28.941935,2.3296704,0.77655685,0.136,0.0,0.17157796,12.209987,12.239986,1308800
hardzero_plus_depr__c0p54__z1p05__lam0p030__nu0p50__psi1p00,hardzero_plus_depr,0.02,39,409,0.0,1,0.50661373,0.50661373,1.0531117,0.0,0.0884888,0.0,0.0,9.666549e-08,-27.380798,2.316892,0.7722973,0.18400002,0.0,0.15247859,12.239986,12.269986,1312000
hardzero_plus_depr__c0p54__z1p05__lam0p030__nu0p50__psi1p00,hardzero_plus_depr,0.02,39,410,0.0,1,0.50661373,0.50661373,0.96245,0.109031,0.109031,1.0,1.0228046e-08,9.380861e-08,-25.75527,2.1174324,0.7058108,0.16000001,0.0,0.12889923,12.269986,12.299986,1315200
hardzero_plus_depr__c0p54__z1p05__lam0p030__nu0p50__psi1p00,hardzero_plus_depr,0.02,39,411,0.0,1,0.50661373,0.50661373,1.0191227,0.09569237,0.09569237,1.0,8.711467e-09,9.103618e-08,-27.125212,2.2421148,0.7473716,0.128,0.0,0.12784041,12.299986,12.329986,1318400
hardzero_plus_depr__c0p54__z1p05__lam0p030__nu0p50__psi1p00,hardzero_plus_depr,0.02,39,412,0.0,1,0.50661373,0.50661373,1.0438339,0.09039952,0.09039952,1.0,7.986407e-09,8.834568e-08,-27.14266,2.2964804,0.7654935,0.08800001,0.0,0.13083875,12.329986,12.359985,1321600
hardzero_plus_depr__c0p54__z1p05__lam0p030__nu0p50__psi1p00,hardzero_plus_depr,0.02,39,413,0.0,1,0.50661373,0.50661373,0.9942361,0.101336025,0.101336025,1.0,8.688013e-09,8.573469e-08,-27.174778,2.1873631,0.7291211,0.16800001,0.0,0.13481864,12.359985,12.389985,1324800
hardzero_plus_depr__c0p54__z1p05__lam0p030__nu0p50__psi1p00,hardzero_plus_depr,0.02,39,414,0.0,1,0.50661373,0.50661373,1.0408158,0.09102992,0.09102992,1.0,7.573768e-09,8.320087e-08,-28.099346,2.2898405,0.76328015,0.136,0.0,0.15379016,12.389985,12.419985,1328000
hardzero_plus_depr__c0p54__z1p05__lam0p030__nu0p50__psi1p00,hardzero_plus_depr,0.02,39,415,0.0,1,0.50661373,0.50661373,1.0576453,0.0,0.087569855,0.0,0.0,8.074193e-08,-28.082747,2.3268661,0.77562207,0.14400001,0.0,0.1329837,12.419985,12.449985,1331200
hardzero_plus_depr__c0p54__z1p05__lam0p030__nu0p50__psi1p00,hardzero_plus_depr,0.02,39,416,0.0,1,0.50661373,0.50661373,1.0399132,0.09121931,0.09121931,1.0,7.1475497e-09,7.835566e-08,-27.233479,2.2878547,0.76261824,0.16,0.0,0.13090436,12.449985,12.479984,1334400
hardzero_plus_depr__c0p54__z1p05__lam0p030__nu0p50__psi1p00,hardzero_plus_depr,0.02,39,417,0.0,1,0.50661373,0.50661373,1.0973436,0.0,0.07992018,0.0,0.0,7.6039925e-08,-28.71262,2.4142041,0.8047347,0.16000001,0.0,0.16055599,12.479984,12.509984,1337600
hardzero_plus_depr__c0p54__z1p05__lam0p030__nu0p50__psi1p00,hardzero_plus_depr,0.02,39,418,0.0,1,0.50661373,0.50661373,1.070557,0.0,0.08500471,0.0,0.0,7.379263e-08,-27.603138,2.3552725,0.78509086,0.120000005,0.0,0.18125656,12.509984,12.539984,1340800
hardzero_plus_depr__c0p54__z1p05__lam0p030__nu0p50__psi1p00,hardzero_plus_depr,0.02,39,419,0.0,1,0.50661373,0.50661373,1.022399,0.09497319,0.09497319,1.0,6.801196e-09,7.1611744e-08,-26.889143,2.2493227,0.7497742,0.136,0.0,0.15356721,12.539984,12.5699835,1344000
hardzero_plus_depr__c0p54__z1p05__lam0p030__nu0p50__psi1p00,hardzero_plus_depr,0.02,39,420,0.0,1,0.50661373,0.50661373,0.96492815,0.108410634,0.108410634,1.0,7.534031e-09,6.9495314e-08,-25.973162,2.1228843,0.70762813,0.192,0.0,0.113471694,12.5699835,12.599983,1347200
hardzero_plus_depr__c0p54__z1p05__lam0p030__nu0p50__psi1p00,hardzero_plus_depr,0.02,39,421,0.0,1,0.50661373,0.50661373,1.0657232,0.0,0.08595611,0.0,0.0,6.7441434e-08,-28.139542,2.3446379,0.781546,0.16800001,0.0,0.15414913,12.599983,12.629983,1350400
hardzero_plus_depr__c0p54__z1p05__lam0p030__nu0p50__psi1p00,hardzero_plus_depr,0.02,39,422,0.0,1,0.50661373,0.50661373,1.0629323,0.0,0.0865103,0.0,0.0,6.5448255e-08,-26.860104,2.3384976,0.77949923,0.18400002,0.0,0.16746204,12.629983,12.659983,1353600
hardzero_plus_depr__c0p54__z1p05__lam0p030__nu0p50__psi1p00,hardzero_plus_depr,0.02,39,423,0.0,1,0.50661373,0.50661373,1.0212629,0.09522197,0.09522197,1.0,6.0479266e-09,6.351399e-08,-27.218285,2.2468233,0.7489411,0.16800001,0.0,0.15686917,12.659983,12.689982,1356800
hardzero_plus_depr__c0p54__z1p05__lam0p030__nu0p50__psi1p00,hardzero_plus_depr,0.02,39,424,0.0,1,0.50661373,0.50661373,1.0373204,0.09176553,0.09176553,1.0,5.6561413e-09,6.163688e-08,-27.556988,2.2821503,0.7607168,0.104,0.0,0.15783371,12.689982,12.719982,1360000
hardzero_plus_depr__c0p54__z1p05__lam0p030__nu0p50__psi1p00,hardzero_plus_depr,0.02,39,425,0.0,1,0.50661373,0.50661373,1.0619576,0.0,0.08670466,0.0,0.0,5.981525e-08,-27.448576,2.3363533,0.77878445,0.17600001,0.0,0.1610976,12.719982,12.749982,1363200
hardzero_plus_depr__c0p54__z1p05__lam0p030__nu0p50__psi1p00,hardzero_plus_depr,0.02,39,426,0.0,1,0.50661373,0.50661373,1.0539472,0.0,0.08831872,0.0,0.0,5.8047462e-08,-27.769651,2.31873,0.77291006,0.128,0.0,0.15996002,12.749982,12.779982,1366400
hardzero_plus_depr__c0p54__z1p05__lam0p030__nu0p50__psi1p00,hardzero_plus_depr,0.02,39,427,0.0,1,0.50661373,0.50661373,1.1178881,0.0,0.07622754,0.0,0.0,5.6331913e-08,-29.550095,2.4594028,0.819801,0.128,0.0,0.15782118,12.779982,12.809981,1369600
hardzero_plus_depr__c0p54__z1p05__lam0p030__nu0p50__psi1p00,hardzero_plus_depr,0.02,39,428,0.0,1,0.50661373,0.50661373,1.0482358,0.08948787,0.08948787,1.0,4.8920397e-09,5.466707e-08,-28.059685,2.3061647,0.7687216,0.15200001,0.0,0.14743508,12.809981,12.839981,1372800
hardzero_plus_depr__c0p54__z1p05__lam0p030__nu0p50__psi1p00,hardzero_plus_depr,0.02,39,429,0.0,1,0.50661373,0.50661373,1.0092196,0.09789947,0.09789947,1.0,5.1937064e-09,5.3051426e-08,-26.819382,2.2203276,0.7401092,0.13,0.0,0.15406302,12.839981,12.869981,1376000
hardzero_plus_depr__c0p54__z1p05__lam0p030__nu0p50__psi1p00,hardzero_plus_depr,0.02,39,430,0.0,1,0.50661373,0.50661373,0.98082316,0.10451456,0.10451456,1.0,5.380779e-09,5.1483532e-08,-27.048866,2.157854,0.7192847,0.17600001,0.0,0.13640511,12.869981,12.899981,1379200
hardzero_plus_depr__c0p54__z1p05__lam0p030__nu0p50__psi1p00,hardzero_plus_depr,0.02,39,431,0.0,1,0.50661373,0.50661373,1.0449955,0.090158045,0.090158045,1.0,4.504474e-09,4.9961976e-08,-27.427435,2.299036,0.7663454,0.17600001,0.0,0.16394849,12.899981,12.92998,1382400
hardzero_plus_depr__c0p54__z1p05__lam0p030__nu0p50__psi1p00,hardzero_plus_depr,0.02,39,432,0.0,1,0.50661373,0.50661373,1.0007471,0.09982813,0.09982813,1.0,4.840206e-09,4.8485393e-08,-27.746206,2.2016876,0.7338959,0.2,0.0,0.13429552,12.92998,12.95998,1385600
hardzero_plus_depr__c0p54__z1p05__lam0p030__nu0p50__psi1p00,hardzero_plus_depr,0.02,39,433,0.0,1,0.50661373,0.50661373,1.0249122,0.094425164,0.094425164,1.0,4.4429345e-09,4.7052442e-08,-27.393614,2.254852,0.7516174,0.16800001,0.0,0.16195145,12.95998,12.98998,1388800
hardzero_plus_depr__c0p54__z1p05__lam0p030__nu0p50__psi1p00,hardzero_plus_depr,0.02,39,434,0.0,1,0.50661373,0.50661373,1.0736203,0.0,0.08440724,0.0,0.0,4.566185e-08,-28.841623,2.362012,0.7873373,0.104,0.0,0.14759098,12.98998,13.0199795,1392000
hardzero_plus_depr__c0p54__z1p05__lam0p030__nu0p50__psi1p00,hardzero_plus_depr,0.02,39,435,0.0,1,0.50661373,0.50661373,1.0091565,0.097913705,0.097913705,1.0,4.3387858e-09,4.4312344e-08,-27.368647,2.2201886,0.7400629,0.16800001,0.0,0.14801839,13.0199795,13.049979,1395200
hardzero_plus_depr__c0p54__z1p05__lam0p030__nu0p50__psi1p00,hardzero_plus_depr,0.02,39,436,0.0,1,0.50661373,0.50661373,1.0815334,0.0,0.0828832,0.0,0.0,4.3002732e-08,-28.044523,2.379421,0.79314035,0.15200001,0.0,0.17179932,13.049979,13.079979,1398400
hardzero_plus_depr__c0p54__z1p05__lam0p030__nu0p50__psi1p00,hardzero_plus_depr,0.02,39,437,0.0,1,0.50661373,0.50661373,1.0787474,0.0,0.08341662,0.0,0.0,4.1731816e-08,-28.154099,2.3732917,0.7910973,0.224,0.0,0.16876756,13.079979,13.109979,1401600
hardzero_plus_depr__c0p54__z1p05__lam0p030__nu0p50__psi1p00,hardzero_plus_depr,0.02,39,438,0.0,1,0.50661373,0.50661373,1.0227754,0.0948909,0.0948909,1.0,3.842936e-09,4.049847e-08,-27.054224,2.250151,0.7500503,0.112,0.0,0.17424576,13.109979,13.139978,1404800
hardzero_plus_depr__c0p54__z1p05__lam0p030__nu0p50__psi1p00,hardzero_plus_depr,0.02,39,439,0.0,1,0.50661373,0.50661373,1.0350761,0.09224097,0.09224097,1.0,3.6252144e-09,3.9301565e-08,-26.815096,2.277213,0.75907105,0.17600001,0.0,0.1405643,13.139978,13.169978,1408000
hardzero_plus_depr__c0p54__z1p05__lam0p030__nu0p50__psi1p00,hardzero_plus_depr,0.02,39,440,0.0,1,0.50661373,0.50661373,1.0926982,0.0,0.08077963,0.0,0.0,3.814004e-08,-28.791655,2.403984,0.80132806,0.112,0.0,0.16868626,13.169978,13.199978,1411200
hardzero_plus_depr__c0p54__z1p05__lam0p030__nu0p50__psi1p00,hardzero_plus_depr,0.02,39,441,0.0,1,0.50661373,0.50661373,1.0921446,0.0,0.080882646,0.0,0.0,3.7012843e-08,-27.282513,2.402766,0.80092204,0.208,0.008,0.14434388,13.199978,13.229978,1414400
hardzero_plus_depr__c0p54__z1p05__lam0p030__nu0p50__psi1p00,hardzero_plus_depr,0.02,39,442,0.0,1,0.50661373,0.50661373,1.0277799,0.093803726,0.093803726,1.0,3.3693321e-09,3.591896e-08,-26.560263,2.261161,0.7537204,0.17999999,0.0,0.15298122,13.229978,13.259977,1417600
hardzero_plus_depr__c0p54__z1p05__lam0p030__nu0p50__psi1p00,hardzero_plus_depr,0.02,39,443,0.0,1,0.50661373,0.50661373,1.0744202,0.0,0.08425192,0.0,0.0,3.48574e-08,-28.170536,2.3637717,0.78792393,0.096,0.0,0.13725182,13.259977,13.289977,1420800
hardzero_plus_depr__c0p54__z1p05__lam0p030__nu0p50__psi1p00,hardzero_plus_depr,0.02,39,444,0.0,1,0.50661373,0.50661373,1.0002543,0.099941455,0.099941455,1.0,3.3807412e-09,3.3827217e-08,-26.885983,2.2006032,0.73353446,0.128,0.0,0.12010324,13.289977,13.319977,1424000
hardzero_plus_depr__c0p54__z1p05__lam0p030__nu0p50__psi1p00,hardzero_plus_depr,0.02,39,445,0.0,1,0.50661373,0.50661373,0.9711297,0.106873564,0.106873564,1.0,3.5083898e-09,3.282748e-08,-25.936302,2.136528,0.712176,0.18400002,0.008,0.1321315,13.319977,13.349977,1427200
hardzero_plus_depr__c0p54__z1p05__lam0p030__nu0p50__psi1p00,hardzero_plus_depr,0.02,39,446,0.0,1,0.50661373,0.50661373,1.0394614,0.09131425,0.09131425,1.0,2.9090248e-09,3.1857294e-08,-27.28785,2.2868607,0.7622869,0.104,0.0,0.13094653,13.349977,13.379976,1430400
hardzero_plus_depr__c0p54__z1p05__lam0p030__nu0p50__psi1p00,hardzero_plus_depr,0.02,39,447,0.0,1,0.50661373,0.50661373,1.0279081,0.09377604,0.09377604,1.0,2.899159e-09,3.0915775e-08,-27.179987,2.261443,0.75381434,0.08800001,0.0,0.1393668,13.379976,13.409976,1433600
hardzero_plus_depr__c0p54__z1p05__lam0p030__nu0p50__psi1p00,hardzero_plus_depr,0.02,39,448,0.0,1,0.50661373,0.50661373,1.084303,0.0,0.08235632,0.0,0.0,3.0002084e-08,-27.98031,2.3855143,0.79517144,0.136,0.0,0.14299807,13.409976,13.439976,1436800
hardzero_plus_depr__c0p54__z1p05__lam0p030__nu0p50__psi1p00,hardzero_plus_depr,0.02,39,449,0.0,1,0.50661373,0.50661373,1.0055883,0.0987215,0.0987215,1.0,2.8743155e-09,2.9115396e-08,-26.199844,2.2123384,0.7374462,0.256,0.0,0.11193232,13.439976,13.469975,1440000
hardzero_plus_depr__c0p54__z1p05__lam0p030__nu0p50__psi1p00,hardzero_plus_depr,0.02,39,450,0.0,1,0.50661373,0.50661373,1.0690666,0.0,0.08529692,0.0,0.0,2.8254911e-08,-27.837528,2.3519936,0.7839979,0.16000001,0.0,0.14441079,13.469975,13.499975,1443200
hardzero_plus_depr__c0p54__z1p05__lam0p030__nu0p50__psi1p00,hardzero_plus_depr,0.02,39,451,0.0,1,0.50661373,0.50661373,1.0089664,0.097956546,0.097956546,1.0,2.685955e-09,2.7419862e-08,-27.11796,2.2197704,0.7399235,0.16000001,0.0,0.12349346,13.499975,13.529975,1446400
hardzero_plus_depr__c0p54__z1p05__lam0p030__nu0p50__psi1p00,hardzero_plus_depr,0.02,39,452,0.0,1,0.50661373,0.50661373,1.0628743,0.0,0.08652182,0.0,0.0,2.6609488e-08,-28.463142,2.33837,0.77945673,0.128,0.0,0.17824522,13.529975,13.559975,1449600
hardzero_plus_depr__c0p54__z1p05__lam0p030__nu0p50__psi1p00,hardzero_plus_depr,0.02,39,453,0.0,1,0.50661373,0.50661373,1.0511527,0.0,0.08888884,0.0,0.0,2.5823066e-08,-27.20226,2.3125823,0.7708608,0.104,0.0,0.16339529,13.559975,13.589974,1452800
hardzero_plus_depr__c0p54__z1p05__lam0p030__nu0p50__psi1p00,hardzero_plus_depr,0.02,39,454,0.0,1,0.50661373,0.50661373,1.0349941,0.092258394,0.092258394,1.0,2.3119848e-09,2.5059885e-08,-26.978731,2.2770326,0.7590109,0.15200001,0.0,0.14587253,13.589974,13.619974,1456000
hardzero_plus_depr__c0p54__z1p05__lam0p030__nu0p50__psi1p00,hardzero_plus_depr,0.02,39,455,0.0,1,0.50661373,0.50661373,1.0231596,0.09480698,0.09480698,1.0,2.305636e-09,2.4319263e-08,-26.713701,2.250996,0.75033206,0.17999999,0.0,0.13041387,13.619974,13.649974,1459200
hardzero_plus_depr__c0p54__z1p05__lam0p030__nu0p50__psi1p00,hardzero_plus_depr,0.02,39,456,0.0,1,0.50661373,0.50661373,1.0635853,0.0,0.0863803,0.0,0.0,2.3600526e-08,-28.069878,2.3399343,0.77997816,0.104,0.0,0.15494415,13.649974,13.679974,1462400
hardzero_plus_depr__c0p54__z1p05__lam0p030__nu0p50__psi1p00,hardzero_plus_depr,0.02,39,457,0.0,1,0.50661373,0.50661373,0.970178,0.10710801,0.10710801,1.0,2.453098e-09,2.2903029e-08,-25.802134,2.1344342,0.7114781,0.192,0.0,0.1486824,13.679974,13.709973,1465600
hardzero_plus_depr__c0p54__z1p05__lam0p030__nu0p50__psi1p00,hardzero_plus_depr,0.02,39,458,0.0,1,0.50661373,0.50661373,1.014772,0.09665579,0.09665579,1.0,2.1482862e-09,2.222615e-08,-26.65624,2.2325432,0.7441811,0.072000004,0.0,0.13195919,13.709973,13.739973,1468800
hardzero_plus_depr__c0p54__z1p05__lam0p030__nu0p50__psi1p00,hardzero_plus_depr,0.02,39,459,0.0,1,0.50661373,0.50661373,1.0147388,0.09666319,0.09666319,1.0,2.0849547e-09,2.156927e-08,-27.13121,2.23247,0.7441567,0.192,0.0,0.1301291,13.739973,13.769973,1472000
hardzero_plus_depr__c0p54__z1p05__lam0p030__nu0p50__psi1p00,hardzero_plus_depr,0.02,39,460,0.0,1,0.50661373,0.50661373,1.0491445,0.089300826,0.089300826,1.0,1.8692279e-09,2.093181e-08,-28.242132,2.308164,0.76938796,0.16000001,0.0,0.17110445,13.769973,13.799973,1475200
hardzero_plus_depr__c0p54__z1p05__lam0p030__nu0p50__psi1p00,hardzero_plus_depr,0.02,39,461,0.0,1,0.50661373,0.50661373,1.0526175,0.0,0.088589534,0.0,0.0,2.0313186e-08,-28.32056,2.3158047,0.7719349,0.15200001,0.0,0.18248114,13.799973,13.829972,1478400
hardzero_plus_depr__c0p54__z1p05__lam0p030__nu0p50__psi1p00,hardzero_plus_depr,0.02,39,462,0.0,1,0.50661373,0.50661373,0.9993853,0.100141644,0.100141644,1.0,1.9740767e-09,1.9712845e-08,-26.637766,2.1986916,0.7328972,0.072000004,0.0,0.1441716,13.829972,13.859972,1481600
hardzero_plus_depr__c0p54__z1p05__lam0p030__nu0p50__psi1p00,hardzero_plus_depr,0.02,39,463,0.0,1,0.50661373,0.50661373,1.003609,0.09917246,0.09917246,1.0,1.897194e-09,1.913025e-08,-26.294407,2.2079837,0.7359946,0.136,0.0,0.1483122,13.859972,13.889972,1484800
hardzero_plus_depr__c0p54__z1p05__lam0p030__nu0p50__psi1p00,hardzero_plus_depr,0.02,39,464,0.0,1,0.50661373,0.50661373,0.98733425,0.10295934,0.10295934,1.0,1.9114268e-09,1.856487e-08,-26.254993,2.1721787,0.7240596,0.17600001,0.0,0.12099854,13.889972,13.919971,1488000
hardzero_plus_depr__c0p54__z1p05__lam0p030__nu0p50__psi1p00,hardzero_plus_depr,0.02,39,465,0.0,1,0.50661373,0.50661373,1.0789506,0.0,0.08337759,0.0,0.0,1.80162e-08,-28.144112,2.3737388,0.7912463,0.15200001,0.0,0.1633136,13.919971,13.949971,1491200
hardzero_plus_depr__c0p54__z1p05__lam0p030__nu0p50__psi1p00,hardzero_plus_depr,0.02,39,466,0.0,1,0.50661373,0.50661373,1.0244712,0.09452111,0.09452111,1.0,1.652583e-09,1.7483744e-08,-27.776602,2.2538815,0.75129384,0.14400001,0.0,0.16885062,13.949971,13.979971,1494400
hardzero_plus_depr__c0p54__z1p05__lam0p030__nu0p50__psi1p00,hardzero_plus_depr,0.02,39,467,0.0,1,0.50661373,0.50661373,0.9650959,0.10836876,0.10836876,1.0,1.8386958e-09,1.6967027e-08,-26.082655,2.1232533,0.70775115,0.23200001,0.008,0.13646115,13.979971,14.009971,1497600
hardzero_plus_depr__c0p54__z1p05__lam0p030__nu0p50__psi1p00,hardzero_plus_depr,0.02,39,468,0.0,1,0.50661373,0.50661373,1.0356935,0.09210993,0.09210993,1.0,1.5166434e-09,1.646558e-08,-27.656742,2.2785711,0.75952375,0.089999996,0.0,0.15702,14.009971,14.03997,1500800
hardzero_plus_depr__c0p54__z1p05__lam0p030__nu0p50__psi1p00,hardzero_plus_depr,0.02,39,469,0.0,1,0.50661373,0.50661373,1.0921514,0.0,0.080881394,0.0,0.0,1.5978951e-08,-27.999989,2.402781,0.80092704,0.16000001,0.0,0.14840107,14.03997,14.06997,1504000
hardzero_plus_depr__c0p54__z1p05__lam0p030__nu0p50__psi1p00,hardzero_plus_depr,0.02,39,470,0.0,1,0.50661373,0.50661373,1.0530691,0.0,0.08849747,0.0,0.0,1.5506709e-08,-27.540266,2.3167982,0.7722661,0.17600001,0.0,0.1699148,14.06997,14.09997,1507200
hardzero_plus_depr__c0p54__z1p05__lam0p030__nu0p50__psi1p00,hardzero_plus_depr,0.02,39,471,0.0,1,0.50661373,0.50661373,1.0518612,0.0,0.088743955,0.0,0.0,1.504842e-08,-28.089613,2.3141408,0.7713803,0.14400001,0.0,0.14637445,14.09997,14.12997,1510400
hardzero_plus_depr__c0p54__z1p05__lam0p030__nu0p50__psi1p00,hardzero_plus_depr,0.02,39,472,0.0,1,0.50661373,0.50661373,1.0259289,0.094204396,0.094204396,1.0,1.3757304e-09,1.4603676e-08,-26.86736,2.2570884,0.75236285,0.16000001,0.008,0.15106332,14.12997,14.159969,1513600
hardzero_plus_depr__c0p54__z1p05__lam0p030__nu0p50__psi1p00,hardzero_plus_depr,0.02,39,473,0.0,1,0.50661373,0.50661373,1.0901285,0.0,0.081259,0.0,0.0,1.4172075e-08,-28.73476,2.3983307,0.7994436,0.136,0.0,0.16105348,14.159969,14.189969,1516800
hardzero_plus_depr__c0p54__z1p05__lam0p030__nu0p50__psi1p00,hardzero_plus_depr,0.02,39,474,0.0,1,0.50661373,0.50661373,1.0701356,0.0,0.08508724,0.0,0.0,1.37532306e-08,-27.488575,2.3543453,0.7847818,0.080000006,0.0,0.16040967,14.189969,14.219969,1520000
hardzero_plus_depr__c0p54__z1p05__lam0p030__nu0p50__psi1p00,hardzero_plus_depr,0.02,39,475,0.0,1,0.50661373,0.50661373,1.0396781,0.091268696,0.091268696,1.0,1.2181417e-09,1.3346764e-08,-27.696154,2.2873375,0.76244587,0.192,0.0,0.14000966,14.219969,14.249969,1523200
hardzero_plus_depr__c0p54__z1p05__lam0p030__nu0p50__psi1p00,hardzero_plus_depr,0.02,39,476,0.0,1,0.50661373,0.50661373,1.0247204,0.094466865,0.094466865,1.0,1.2235641e-09,1.295231e-08,-26.91141,2.25443,0.7514767,0.15200001,0.0,0.117632754,14.249969,14.279968,1526400
hardzero_plus_depr__c0p54__z1p05__lam0p030__nu0p50__psi1p00,hardzero_plus_depr,0.02,39,477,0.0,1,0.50661373,0.50661373,1.0270634,0.093958616,0.093958616,1.0,1.1810144e-09,1.2569517e-08,-27.050024,2.2595844,0.7531948,0.18400002,0.0,0.12811336,14.279968,14.309968,1529600
hardzero_plus_depr__c0p54__z1p05__lam0p030__nu0p50__psi1p00,hardzero_plus_depr,0.02,39,478,0.0,1,0.50661373,0.50661373,1.0698069,0.0,0.08515166,0.0,0.0,1.2198035e-08,-28.010752,2.3536222,0.7845408,0.15200001,0.0,0.15059324,14.309968,14.339968,1532800
hardzero_plus_depr__c0p54__z1p05__lam0p030__nu0p50__psi1p00,hardzero_plus_depr,0.02,39,479,0.0,1,0.50661373,0.50661373,1.0550492,0.0,0.088094905,0.0,0.0,1.1837532e-08,-28.05743,2.3211546,0.77371824,0.14400001,0.0,0.12206355,14.339968,14.369967,1536000
hardzero_plus_depr__c0p54__z1p05__lam0p030__nu0p50__psi1p00,hardzero_plus_depr,0.02,39,480,0.0,1,0.50661373,0.50661373,1.0233145,0.094773196,0.094773196,1.0,1.0887243e-09,1.1487682e-08,-27.65132,2.2513368,0.7504456,0.18400002,0.0,0.15829118,14.369967,14.399967,1539200
hardzero_plus_depr__c0p54__z1p05__lam0p030__nu0p50__psi1p00,hardzero_plus_depr,0.02,39,481,0.0,1,0.50661373,0.50661373,1.0023556,0.09945906,0.09945906,1.0,1.1087867e-09,1.1148172e-08,-26.280466,2.2052262,0.7350754,0.11,0.0,0.11970606,14.399967,14.429967,1542400
hardzero_plus_depr__c0p54__z1p05__lam0p030__nu0p50__psi1p00,hardzero_plus_depr,0.02,39,482,0.0,1,0.50661373,0.50661373,1.0150458,0.09659491,0.09659491,1.0,1.0450311e-09,1.0818697e-08,-26.294298,2.2331452,0.7443818,0.136,0.0,0.13287401,14.429967,14.459967,1545600
hardzero_plus_depr__c0p54__z1p05__lam0p030__nu0p50__psi1p00,hardzero_plus_depr,0.02,39,483,0.0,1,0.50661373,0.50661373,1.0187405,0.09577662,0.09577662,1.0,1.0055548e-09,1.0498959e-08,-27.916367,2.2412739,0.7470913,0.216,0.0,0.1634394,14.459967,14.489966,1548800
hardzero_plus_depr__c0p54__z1p05__lam0p030__nu0p50__psi1p00,hardzero_plus_depr,0.02,39,484,0.0,1,0.50661373,0.50661373,1.0293704,0.09346081,0.09346081,1.0,9.522413e-10,1.01886695e-08,-26.41965,2.2646601,0.75488675,0.136,0.0,0.14294559,14.489966,14.519966,1552000
hardzero_plus_depr__c0p54__z1p05__lam0p030__nu0p50__psi1p00,hardzero_plus_depr,0.02,39,485,0.0,1,0.50661373,0.50661373,1.0304601,0.093226604,0.093226604,1.0,9.21783e-10,9.887553e-09,-27.257788,2.2670577,0.7556859,0.16800001,0.0,0.15997721,14.519966,14.549966,1555200
hardzero_plus_depr__c0p54__z1p05__lam0p030__nu0p50__psi1p00,hardzero_plus_depr,0.02,39,486,0.0,1,0.50661373,0.50661373,1.0033495,0.099231705,0.099231705,1.0,9.521615e-10,9.595335e-09,-26.264366,2.2074132,0.73580444,0.096,0.0,0.13402571,14.549966,14.579966,1558400
hardzero_plus_depr__c0p54__z1p05__lam0p030__nu0p50__psi1p00,hardzero_plus_depr,0.02,39,487,0.0,1,0.50661373,0.50661373,1.0275805,0.09384681,0.09384681,1.0,8.738782e-10,9.311751e-09,-27.316544,2.2607222,0.7535741,0.136,0.0,0.14074124,14.579966,14.609965,1561600
hardzero_plus_depr__c0p54__z1p05__lam0p030__nu0p50__psi1p00,hardzero_plus_depr,0.02,39,488,0.0,1,0.50661373,0.50661373,1.0150808,0.0965871,0.0965871,1.0,8.7281415e-10,9.03655e-09,-26.53286,2.2332222,0.7444074,0.15200001,0.0,0.13857135,14.609965,14.639965,1564800
hardzero_plus_depr__c0p54__z1p05__lam0p030__nu0p50__psi1p00,hardzero_plus_depr,0.02,39,489,0.0,1,0.50661373,0.50661373,1.0434526,0.09047891,0.09047891,1.0,7.934532e-10,8.769482e-09,-27.39345,2.2956417,0.7652139,0.18400002,0.0,0.15308803,14.639965,14.669965,1568000
hardzero_plus_depr__c0p54__z1p05__lam0p030__nu0p50__psi1p00,hardzero_plus_depr,0.02,39,490,0.0,1,0.50661373,0.50661373,1.067459,0.0,0.08561326,0.0,0.0,8.510307e-09,-27.855127,2.3484566,0.7828189,0.17600001,0.0,0.13297589,14.669965,14.699965,1571200
hardzero_plus_depr__c0p54__z1p05__lam0p030__nu0p50__psi1p00,hardzero_plus_depr,0.02,39,491,0.0,1,0.50661373,0.50661373,1.0572367,0.0,0.087652296,0.0,0.0,8.258792e-09,-26.730104,2.325967,0.7753224,0.14400001,0.0,0.14062628,14.699965,14.729964,1574400
hardzero_plus_depr__c0p54__z1p05__lam0p030__nu0p50__psi1p00,hardzero_plus_depr,0.02,39,492,0.0,1,0.50661373,0.50661373,0.99772424,0.100525394,0.100525394,1.0,8.0568185e-10,8.01471e-09,-26.771955,2.1950371,0.7316791,0.192,0.0,0.13760455,14.729964,14.759964,1577600
hardzero_plus_depr__c0p54__z1p05__lam0p030__nu0p50__psi1p00,hardzero_plus_depr,0.02,39,493,0.0,1,0.50661373,0.50661373,1.0584037,0.0,0.08741707,0.0,0.0,7.7778415e-09,-26.74367,2.3285346,0.77617824,0.17600001,0.0,0.15443331,14.759964,14.789964,1580800
hardzero_plus_depr__c0p54__z1p05__lam0p030__nu0p50__psi1p00,hardzero_plus_depr,0.02,39,494,0.0,1,0.50661373,0.50661373,1.0476418,0.08961036,0.08961036,1.0,6.7637657e-10,7.547973e-09,-27.42763,2.304858,0.768286,0.19999999,0.0,0.1459062,14.789964,14.819963,1584000
hardzero_plus_depr__c0p54__z1p05__lam0p030__nu0p50__psi1p00,hardzero_plus_depr,0.02,39,495,0.0,1,0.50661373,0.50661373,1.0779269,0.0,0.08357436,0.0,0.0,7.324899e-09,-27.734917,2.3714864,0.7904955,0.104,0.0,0.13819538,14.819963,14.849963,1587200
hardzero_plus_depr__c0p54__z1p05__lam0p030__nu0p50__psi1p00,hardzero_plus_depr,0.02,39,496,0.0,1,0.50661373,0.50661373,0.9757423,0.10574448,0.10574448,1.0,7.516759e-10,7.108417e-09,-26.527264,2.1466758,0.71555865,0.216,0.0,0.1281378,14.849963,14.879963,1590400
hardzero_plus_depr__c0p54__z1p05__lam0p030__nu0p50__psi1p00,hardzero_plus_depr,0.02,39,497,0.0,1,0.50661373,0.50661373,0.99248517,0.101745404,0.101745404,1.0,7.018737e-10,6.8983335e-09,-27.270693,2.183511,0.727837,0.2,0.0,0.15645845,14.879963,14.909963,1593600
hardzero_plus_depr__c0p54__z1p05__lam0p030__nu0p50__psi1p00,hardzero_plus_depr,0.02,39,498,0.0,1,0.50661373,0.50661373,1.0840477,0.0,0.08240476,0.0,0.0,6.6944583e-09,-28.165833,2.3849525,0.7949842,0.128,0.0,0.16290246,14.909963,14.939962,1596800
hardzero_plus_depr__c0p54__z1p05__lam0p030__nu0p50__psi1p00,hardzero_plus_depr,0.02,39,499,0.0,1,0.50661373,0.50661373,1.0070215,0.098396234,0.098396234,1.0,6.3924194e-10,6.49661e-09,-27.165697,2.2154915,0.7384972,0.208,0.0,0.1273234,14.939962,14.969962,1600000
hardzero_plus_depr__c0p54__z1p05__lam0p030__nu0p50__psi1p00,hardzero_plus_depr,0.02,39,500,0.0,1,0.50661373,0.50661373,1.0259407,0.09420183,0.09420183,1.0,5.939056e-10,6.3046075e-09,-27.075663,2.2571144,0.7523715,0.120000005,0.0,0.1319191,14.969962,14.999962,1603200
hardzero_plus_depr__c0p54__z1p05__lam0p030__nu0p50__psi1p00,hardzero_plus_depr,0.02,39,501,0.0,1,0.50661373,0.50661373,1.1345433,0.0,0.073359564,0.0,0.0,6.1182797e-09,-29.40354,2.496045,0.83201504,0.18400002,0.0,0.1740607,14.999962,15.029962,1606400
hardzero_plus_depr__c0p54__z1p05__lam0p030__nu0p50__psi1p00,hardzero_plus_depr,0.02,39,502,0.0,1,0.50661373,0.50661373,1.049713,0.08918402,0.08918402,1.0,5.295264e-10,5.9374585e-09,-28.073477,2.3094149,0.76980495,0.128,0.0,0.14609565,15.029962,15.059961,1609600
hardzero_plus_depr__c0p54__z1p05__lam0p030__nu0p50__psi1p00,hardzero_plus_depr,0.02,39,503,0.0,1,0.50661373,0.50661373,0.9510928,0.11191987,0.11191987,1.0,6.448803e-10,5.761982e-09,-24.971634,2.0924459,0.697482,0.216,0.0,0.12964493,15.059961,15.089961,1612800
hardzero_plus_depr__c0p54__z1p05__lam0p030__nu0p50__psi1p00,hardzero_plus_depr,0.02,39,504,0.0,1,0.50661373,0.50661373,1.0105641,0.09759688,0.09759688,1.0,5.4573157e-10,5.591691e-09,-26.56708,2.2232854,0.7410952,0.192,0.0,0.15126504,15.089961,15.119961,1616000
hardzero_plus_depr__c0p54__z1p05__lam0p030__nu0p50__psi1p00,hardzero_plus_depr,0.02,39,505,0.0,1,0.50661373,0.50661373,1.0516413,0.0,0.08878889,0.0,0.0,5.426433e-09,-27.498049,2.313657,0.771219,0.136,0.0,0.1437851,15.119961,15.1499605,1619200
hardzero_plus_depr__c0p54__z1p05__lam0p030__nu0p50__psi1p00,hardzero_plus_depr,0.02,39,506,0.0,1,0.50661373,0.50661373,1.005885,0.09865406,0.09865406,1.0,5.195181e-10,5.2660587e-09,-26.415468,2.2129912,0.73766375,0.16800001,0.0,0.14982302,15.1499605,15.17996,1622400
hardzero_plus_depr__c0p54__z1p05__lam0p030__nu0p50__psi1p00,hardzero_plus_depr,0.02,39,507,0.0,1,0.50661373,0.50661373,1.0106403,0.09757975,0.09757975,1.0,4.98674e-10,5.110425e-09,-27.194942,2.223453,0.74115103,0.16,0.0,0.15725262,15.17996,15.20996,1625600
hardzero_plus_depr__c0p54__z1p05__lam0p030__nu0p50__psi1p00,hardzero_plus_depr,0.02,39,508,0.0,1,0.50661373,0.50661373,1.0406216,0.091070645,0.091070645,1.0,4.5165485e-10,4.9593902e-09,-28.019754,2.2894132,0.76313776,0.14400001,0.0,0.17220278,15.20996,15.23996,1628800
hardzero_plus_depr__c0p54__z1p05__lam0p030__nu0p50__psi1p00,hardzero_plus_depr,0.02,39,509,0.0,1,0.50661373,0.50661373,1.045374,0.090079494,0.090079494,1.0,4.3353635e-10,4.8128195e-09,-27.53846,2.2998688,0.76662296,0.104,0.0,0.12509483,15.23996,15.269959,1632000
hardzero_plus_depr__c0p54__z1p05__lam0p030__nu0p50__psi1p00,hardzero_plus_depr,0.02,39,510,0.0,1,0.50661373,0.50661373,1.0331517,0.0926506,0.0926506,1.0,4.3273207e-10,4.6705804e-09,-27.26526,2.2729793,0.7576598,0.216,0.0,0.15543754,15.269959,15.299959,1635200
hardzero_plus_depr__c0p54__z1p05__lam0p030__nu0p50__psi1p00,hardzero_plus_depr,0.02,39,511,0.0,1,0.50661373,0.50661373,1.0587006,0.0,0.08735734,0.0,0.0,4.532545e-09,-27.907055,2.3291876,0.7763959,0.23200001,0.008,0.16744125,15.299959,15.329959,1638400
hardzero_plus_depr__c0p54__z1p05__lam0p030__nu0p50__psi1p00,hardzero_plus_depr,0.02,39,512,0.0,1,0.50661373,0.50661373,1.0858142,0.0,0.08207024,0.0,0.0,4.398589e-09,-28.119543,2.388839,0.79627967,0.112,0.0,0.13498686,15.329959,15.359959,1641600
hardzero_plus_depr__c0p54__z1p05__lam0p030__nu0p50__psi1p00,hardzero_plus_depr,0.02,39,513,0.0,1,0.50661373,0.50661373,1.0499719,0.08913085,0.08913085,1.0,3.8046327e-10,4.2685926e-09,-27.85041,2.3099844,0.76999485,0.16800001,0.0,0.14719753,15.359959,15.389958,1644800
hardzero_plus_depr__c0p54__z1p05__lam0p030__nu0p50__psi1p00,hardzero_plus_depr,0.02,39,514,0.0,1,0.50661373,0.50661373,1.0645947,0.0,0.08617976,0.0,0.0,4.142438e-09,-27.506962,2.3421552,0.78071845,0.16000001,0.0,0.15078175,15.389958,15.419958,1648000
hardzero_plus_depr__c0p54__z1p05__lam0p030__nu0p50__psi1p00,hardzero_plus_depr,0.02,39,515,0.0,1,0.50661373,0.50661373,1.0583193,0.0,0.08743406,0.0,0.0,4.020011e-09,-27.172127,2.328349,0.7761164,0.16800001,0.0,0.15386747,15.419958,15.449958,1651200
hardzero_plus_depr__c0p54__z1p05__lam0p030__nu0p50__psi1p00,hardzero_plus_depr,0.02,39,516,0.0,1,0.50661373,0.50661373,1.1396325,0.0,0.07250493,0.0,0.0,3.901203e-09,-30.37599,2.5072415,0.8357472,0.136,0.0,0.16013639,15.449958,15.479958,1654400
hardzero_plus_depr__c0p54__z1p05__lam0p030__nu0p50__psi1p00,hardzero_plus_depr,0.02,39,517,0.0,1,0.50661373,0.50661373,1.0922779,0.0,0.08085783,0.0,0.0,3.7859063e-09,-27.84285,2.4030592,0.8010198,0.16000001,0.0,0.1539913,15.479958,15.509957,1657600
hardzero_plus_depr__c0p54__z1p05__lam0p030__nu0p50__psi1p00,hardzero_plus_depr,0.02,39,518,0.0,1,0.50661373,0.50661373,1.0419676,0.09078881,0.09078881,1.0,3.335596e-10,3.6740166e-09,-28.332306,2.2923746,0.7641249,0.16000001,0.0,0.15443149,15.509957,15.539957,1660800
hardzero_plus_depr__c0p54__z1p05__lam0p030__nu0p50__psi1p00,hardzero_plus_depr,0.02,39,519,0.0,1,0.50661373,0.50661373,1.0413386,0.09092042,0.09092042,1.0,3.2417072e-10,3.5654337e-09,-27.755224,2.2909906,0.76366353,0.16800001,0.0,0.14106476,15.539957,15.569957,1664000
hardzero_plus_depr__c0p54__z1p05__lam0p030__nu0p50__psi1p00,hardzero_plus_depr,0.02,39,520,0.0,1,0.50661373,0.50661373,1.0511777,0.0,0.088883735,0.0,0.0,3.4600605e-09,-27.331005,2.312637,0.77087903,0.11,0.0,0.13782482,15.569957,15.5999565,1667200
hardzero_plus_depr__c0p54__z1p05__lam0p030__nu0p50__psi1p00,hardzero_plus_depr,0.02,39,521,0.0,1,0.50661373,0.50661373,1.0140231,0.09682264,0.09682264,1.0,3.251112e-10,3.3578011e-09,-26.445665,2.2308953,0.7436318,0.192,0.0,0.108931825,15.5999565,15.629956,1670400
hardzero_plus_depr__c0p54__z1p05__lam0p030__nu0p50__psi1p00,hardzero_plus_depr,0.02,39,522,0.0,1,0.50661373,0.50661373,1.037846,0.09165454,0.09165454,1.0,2.9866218e-10,3.258564e-09,-27.16043,2.2833066,0.7611022,0.15200001,0.0,0.152457,15.629956,15.659956,1673600
hardzero_plus_depr__c0p54__z1p05__lam0p030__nu0p50__psi1p00,hardzero_plus_depr,0.02,39,523,0.0,1,0.50661373,0.50661373,1.0565841,0.0,0.0877841,0.0,0.0,3.1622596e-09,-27.72881,2.3245316,0.7748439,0.072000004,0.0,0.122459695,15.659956,15.689956,1676800
hardzero_plus_depr__c0p54__z1p05__lam0p030__nu0p50__psi1p00,hardzero_plus_depr,0.02,39,524,0.0,1,0.50661373,0.50661373,1.0728443,0.0,0.084558204,0.0,0.0,3.0688017e-09,-27.408983,2.3603046,0.7867682,0.128,0.0,0.14721003,15.689956,15.719955,1680000
hardzero_plus_depr__c0p54__z1p05__lam0p030__nu0p50__psi1p00,hardzero_plus_depr,0.02,39,525,0.0,1,0.50661373,0.50661373,1.0390743,0.09139567,0.09139567,1.0,2.7218594e-10,2.9781053e-09,-27.063065,2.286009,0.76200306,0.14400001,0.0,0.13520008,15.719955,15.749955,1683200
hardzero_plus_depr__c0p54__z1p05__lam0p030__nu0p50__psi1p00,hardzero_plus_depr,0.02,39,526,0.0,1,0.50661373,0.50661373,1.0747675,0.0,0.08418458,0.0,0.0,2.89009e-09,-28.548449,2.3645356,0.78817856,0.08800001,0.0,0.1315328,15.749955,15.779955,1686400
hardzero_plus_depr__c0p54__z1p05__lam0p030__nu0p50__psi1p00,hardzero_plus_depr,0.02,39,527,0.0,1,0.50661373,0.50661373,1.0450119,0.09015465,0.09015465,1.0,2.5285454e-10,2.8046756e-09,-26.79848,2.299072,0.76635736,0.14400001,0.0,0.12046261,15.779955,15.809955,1689600
hardzero_plus_depr__c0p54__z1p05__lam0p030__nu0p50__psi1p00,hardzero_plus_depr,0.02,39,528,0.0,1,0.50661373,0.50661373,0.98218876,0.10418644,0.10418644,1.0,2.8357316e-10,2.721786e-09,-26.824173,2.1608584,0.72028613,0.18400002,0.0,0.14849491,15.809955,15.839954,1692800
hardzero_plus_depr__c0p54__z1p05__lam0p030__nu0p50__psi1p00,hardzero_plus_depr,0.02,39,529,0.0,1,0.50661373,0.50661373,1.0429442,0.09058489,0.09058489,1.0,2.39266e-10,2.6413456e-09,-27.540071,2.294523,0.764841,0.136,0.0,0.12906125,15.839954,15.869954,1696000
hardzero_plus_depr__c0p54__z1p05__lam0p030__nu0p50__psi1p00,hardzero_plus_depr,0.02,39,530,0.0,1,0.50661373,0.50661373,1.0147686,0.09665658,0.09665658,1.0,2.4775812e-10,2.5632825e-09,-26.540173,2.2325356,0.74417853,0.104,0.0,0.1275119,15.869954,15.899954,1699200
hardzero_plus_depr__c0p54__z1p05__lam0p030__nu0p50__psi1p00,hardzero_plus_depr,0.02,39,531,0.0,1,0.50661373,0.50661373,1.0380797,0.09160523,0.09160523,1.0,2.2787047e-10,2.4875269e-09,-27.4994,2.283821,0.76127374,0.17600001,0.0,0.13689172,15.899954,15.929954,1702400
hardzero_plus_depr__c0p54__z1p05__lam0p030__nu0p50__psi1p00,hardzero_plus_depr,0.02,39,532,0.0,1,0.50661373,0.50661373,1.0595369,0.0,0.08718927,0.0,0.0,2.4140099e-09,-28.434532,2.3310277,0.77700925,0.120000005,0.0,0.15187608,15.929954,15.959953,1705600
hardzero_plus_depr__c0p54__z1p05__lam0p030__nu0p50__psi1p00,hardzero_plus_depr,0.02,39,533,0.0,1,0.50661373,0.50661373,0.9590073,0.10989874,0.10989874,1.0,2.5745603e-10,2.3426658e-09,-27.179071,2.1098583,0.7032861,0.26,0.0,0.15392955,15.959953,15.989953,1708800
hardzero_plus_depr__c0p54__z1p05__lam0p030__nu0p50__psi1p00,hardzero_plus_depr,0.02,39,534,0.0,1,0.50661373,0.50661373,1.0291882,0.09350003,0.09350003,1.0,2.1256578e-10,2.27343e-09,-26.666994,2.264259,0.75475305,0.17600001,0.0,0.14035648,15.989953,16.019953,1712000
hardzero_plus_depr__c0p54__z1p05__lam0p030__nu0p50__psi1p00,hardzero_plus_depr,0.02,39,535,0.0,1,0.50661373,0.50661373,1.0658182,0.0,0.08593732,0.0,0.0,2.2062407e-09,-28.341822,2.344847,0.7816157,0.120000005,0.0,0.16083331,16.019953,16.049953,1715200
hardzero_plus_depr__c0p54__z1p05__lam0p030__nu0p50__psi1p00,hardzero_plus_depr,0.02,39,536,0.0,1,0.50661373,0.50661373,0.9841285,0.10372215,0.10372215,1.0,2.2207274e-10,2.141035e-09,-26.37804,2.1651258,0.72170866,0.17600001,0.0,0.13872682,16.049953,16.079954,1718400
hardzero_plus_depr__c0p54__z1p05__lam0p030__nu0p50__psi1p00,hardzero_plus_depr,0.02,39,537,0.0,1,0.50661373,0.50661373,1.0601791,0.0,0.087060444,0.0,0.0,2.0777564e-09,-27.811811,2.3324406,0.77748024,0.14400001,0.0,0.16344975,16.079954,16.109955,1721600
hardzero_plus_depr__c0p54__z1p05__lam0p030__nu0p50__psi1p00,hardzero_plus_depr,0.02,39,538,0.0,1,0.50661373,0.50661373,1.0850704,0.0,0.082210936,0.0,0.0,2.0163482e-09,-28.444477,2.3872025,0.79573417,0.14400001,0.0,0.16341022,16.109955,16.139956,1724800
hardzero_plus_depr__c0p54__z1p05__lam0p030__nu0p50__psi1p00,hardzero_plus_depr,0.02,39,539,0.0,1,0.50661373,0.50661373,1.0988314,0.0,0.07964685,0.0,0.0,1.9567545e-09,-28.872797,2.4174774,0.8058258,0.104,0.0,0.18825574,16.139956,16.169956,1728000
hardzero_plus_depr__c0p54__z1p05__lam0p030__nu0p50__psi1p00,hardzero_plus_depr,0.02,39,540,0.0,1,0.50661373,0.50661373,1.0301837,0.09328596,0.09328596,1.0,1.7714281e-10,1.8989226e-09,-27.482363,2.2664495,0.75548315,0.16800001,0.0,0.1680513,16.169956,16.199957,1731200
hardzero_plus_depr__c0p54__z1p05__lam0p030__nu0p50__psi1p00,hardzero_plus_depr,0.02,39,541,0.0,1,0.50661373,0.50661373,1.0779771,0.0,0.08356471,0.0,0.0,1.8427995e-09,-28.721415,2.3715968,0.7905323,0.120000005,0.0,0.15224315,16.199957,16.229958,1734400
hardzero_plus_depr__c0p54__z1p05__lam0p030__nu0p50__psi1p00,hardzero_plus_depr,0.02,39,542,0.0,1,0.50661373,0.50661373,1.0691378,0.0,0.085282944,0.0,0.0,1.7883354e-09,-27.540234,2.3521502,0.7840501,0.096,0.0,0.17520145,16.229958,16.259958,1737600
hardzero_plus_depr__c0p54__z1p05__lam0p030__nu0p50__psi1p00,hardzero_plus_depr,0.02,39,543,0.0,1,0.50661373,0.50661373,1.0672543,0.0,0.08565361,0.0,0.0,1.735481e-09,-27.864403,2.3480062,0.78266877,0.15200001,0.0,0.14059983,16.259958,16.289959,1740800
hardzero_plus_depr__c0p54__z1p05__lam0p030__nu0p50__psi1p00,hardzero_plus_depr,0.02,39,544,0.0,1,0.50661373,0.50661373,1.0247107,0.094469,0.094469,1.0,1.591036e-10,1.6841885e-09,-27.465824,2.2544084,0.7514695,0.16800001,0.0,0.1326582,16.289959,16.31996,1744000
hardzero_plus_depr__c0p54__z1p05__lam0p030__nu0p50__psi1p00,hardzero_plus_depr,0.02,39,545,0.0,1,0.50661373,0.50661373,1.0389282,0.09142645,0.09142645,1.0,1.4942848e-10,1.6344119e-09,-27.780764,2.2856874,0.76189584,0.216,0.0,0.13629988,16.31996,16.34996,1747200
hardzero_plus_depr__c0p54__z1p05__lam0p030__nu0p50__psi1p00,hardzero_plus_depr,0.02,39,546,0.0,1,0.50661373,0.50661373,1.0472399,0.089693315,0.089693315,1.0,1.4226317e-10,1.5861068e-09,-27.364374,2.3039737,0.76799124,0.14999999,0.0,0.11496745,16.34996,16.379961,1750400
hardzero_plus_depr__c0p54__z1p05__lam0p030__nu0p50__psi1p00,hardzero_plus_depr,0.02,39,547,0.0,1,0.50661373,0.50661373,0.9474368,0.11286602,0.11286602,1.0,1.737267e-10,1.5392294e-09,-25.658182,2.0844026,0.69480085,0.2,0.0,0.14164793,16.379961,16.409962,1753600
hardzero_plus_depr__c0p54__z1p05__lam0p030__nu0p50__psi1p00,hardzero_plus_depr,0.02,39,548,0.0,1,0.50661373,0.50661373,1.0738496,0.0,0.08436269,0.0,0.0,1.4937371e-09,-27.876833,2.3625162,0.7875054,0.112,0.0,0.15277384,16.409962,16.439962,1756800
hardzero_plus_depr__c0p54__z1p05__lam0p030__nu0p50__psi1p00,hardzero_plus_depr,0.02,39,549,0.0,1,0.50661373,0.50661373,0.98829985,0.10273068,0.10273068,1.0,1.4891732e-10,1.4495896e-09,-26.777298,2.174303,0.7247677,0.112,0.0,0.14926505,16.439962,16.469963,1760000
hardzero_plus_depr__c0p54__z1p05__lam0p030__nu0p50__psi1p00,hardzero_plus_depr,0.02,39,550,0.0,1,0.50661373,0.50661373,1.0305841,0.0932,0.0932,1.0,1.3110879e-10,1.4067467e-09,-27.684158,2.2673302,0.75577676,0.128,0.0,0.14757796,16.469963,16.499964,1763200
hardzero_plus_depr__c0p54__z1p05__lam0p030__nu0p50__psi1p00,hardzero_plus_depr,0.02,39,551,0.0,1,0.50661373,0.50661373,1.0728825,0.0,0.08455074,0.0,0.0,1.3651701e-09,-28.432234,2.3603888,0.7867963,0.136,0.0,0.1929186,16.499964,16.529964,1766400
hardzero_plus_depr__c0p54__z1p05__lam0p030__nu0p50__psi1p00,hardzero_plus_depr,0.02,39,552,0.0,1,0.50661373,0.50661373,1.0721132,0.0,0.084700674,0.0,0.0,1.3248224e-09,-28.776049,2.358696,0.786232,0.17600001,0.0,0.1745448,16.529964,16.559965,1769600
hardzero_plus_depr__c0p54__z1p05__lam0p030__nu0p50__psi1p00,hardzero_plus_depr,0.02,39,553,0.0,1,0.50661373,0.50661373,1.0583401,0.0,0.087429896,0.0,0.0,1.2856669e-09,-27.513117,2.3283947,0.7761316,0.17600001,0.0,0.17801389,16.559965,16.589966,1772800
hardzero_plus_depr__c0p54__z1p05__lam0p030__nu0p50__psi1p00,hardzero_plus_depr,0.02,39,554,0.0,1,0.50661373,0.50661373,1.1274598,0.0,0.07456588,0.0,0.0,1.247669e-09,-28.868448,2.4804611,0.8268204,0.120000005,0.0,0.16786805,16.589966,16.619967,1776000
hardzero_plus_depr__c0p54__z1p05__lam0p030__nu0p50__psi1p00,hardzero_plus_depr,0.02,39,555,0.0,1,0.50661373,0.50661373,1.0321033,0.09287455,0.09287455,1.0,1.1245194e-10,1.2107939e-09,-27.612844,2.2706726,0.7568909,0.112,0.0,0.16572264,16.619967,16.649967,1779200
hardzero_plus_depr__c0p54__z1p05__lam0p030__nu0p50__psi1p00,hardzero_plus_depr,0.02,39,556,0.0,1,0.50661373,0.50661373,1.052036,0.0,0.08870823,0.0,0.0,1.1750088e-09,-28.031704,2.3145256,0.7715086,0.16000001,0.0,0.15671945,16.649967,16.679968,1782400
hardzero_plus_depr__c0p54__z1p05__lam0p030__nu0p50__psi1p00,hardzero_plus_depr,0.02,39,557,0.0,1,0.50661373,0.50661373,1.0439599,0.0903733,0.0903733,1.0,1.03050984e-10,1.1402813e-09,-28.060755,2.2967575,0.76558584,0.15200001,0.0,0.185152,16.679968,16.709969,1785600
hardzero_plus_depr__c0p54__z1p05__lam0p030__nu0p50__psi1p00,hardzero_plus_depr,0.02,39,558,0.0,1,0.50661373,0.50661373,1.025992,0.09419069,0.09419069,1.0,1.0422955e-10,1.1065802e-09,-26.816004,2.2572274,0.75240916,0.16800001,0.0,0.15266597,16.709969,16.73997,1788800
hardzero_plus_depr__c0p54__z1p05__lam0p030__nu0p50__psi1p00,hardzero_plus_depr,0.02,39,559,0.0,1,0.50661373,0.50661373,1.0034246,0.099214554,0.099214554,1.0,1.0654403e-10,1.073875e-09,-26.36973,2.2075784,0.7358595,0.17,0.0,0.14653368,16.73997,16.76997,1792000
hardzero_plus_depr__c0p54__z1p05__lam0p030__nu0p50__psi1p00,hardzero_plus_depr,0.02,39,560,0.0,1,0.50661373,0.50661373,1.0205368,0.09538129,0.09538129,1.0,9.940032e-11,1.0421365e-09,-26.639824,2.2452257,0.74840856,0.16000001,0.0,0.13369474,16.76997,16.79997,1795200
hardzero_plus_depr__c0p54__z1p05__lam0p030__nu0p50__psi1p00,hardzero_plus_depr,0.02,39,561,0.0,1,0.50661373,0.50661373,1.0655088,0.0,0.08599856,0.0,0.0,1.011336e-09,-27.99587,2.3441663,0.78138876,0.17600001,0.0,0.16127805,16.79997,16.829971,1798400
hardzero_plus_depr__c0p54__z1p05__lam0p030__nu0p50__psi1p00,hardzero_plus_depr,0.02,39,562,0.0,1,0.50661373,0.50661373,1.0300944,0.09330514,0.09330514,1.0,9.157394e-11,9.814458e-10,-27.313807,2.266253,0.7554177,0.16800001,0.0,0.15544915,16.829971,16.859972,1801600
hardzero_plus_depr__c0p54__z1p05__lam0p030__nu0p50__psi1p00,hardzero_plus_depr,0.02,39,563,0.0,1,0.50661373,0.50661373,1.0636828,0.0,0.0863609,0.0,0.0,9.524391e-10,-28.033669,2.340149,0.7800497,0.128,0.0,0.16709638,16.859972,16.889973,1804800
hardzero_plus_depr__c0p54__z1p05__lam0p030__nu0p50__psi1p00,hardzero_plus_depr,0.02,39,564,0.0,1,0.50661373,0.50661373,1.0883081,0.0,0.081600316,0.0,0.0,9.242896e-10,-28.225739,2.3943255,0.7981085,0.120000005,0.0,0.18431732,16.889973,16.919973,1808000
hardzero_plus_depr__c0p54__z1p05__lam0p030__nu0p50__psi1p00,hardzero_plus_depr,0.02,39,565,0.0,1,0.50661373,0.50661373,1.0655894,0.0,0.08598259,0.0,0.0,8.9697205e-10,-27.80151,2.3443434,0.7814478,0.08800001,0.0,0.14525975,16.919973,16.949974,1811200
hardzero_plus_depr__c0p54__z1p05__lam0p030__nu0p50__psi1p00,hardzero_plus_depr,0.02,39,566,0.0,1,0.50661373,0.50661373,1.0638117,0.0,0.08633528,0.0,0.0,8.704619e-10,-28.25934,2.3404324,0.78014416,0.096,0.0,0.16131432,16.949974,16.979975,1814400
hardzero_plus_depr__c0p54__z1p05__lam0p030__nu0p50__psi1p00,hardzero_plus_depr,0.02,39,567,0.0,1,0.50661373,0.50661373,1.0375156,0.0917243,0.0917243,1.0,7.7482756e-11,8.4473534e-10,-27.349102,2.28258,0.76085997,0.14400001,0.0,0.14572093,16.979975,17.009975,1817600
hardzero_plus_depr__c0p54__z1p05__lam0p030__nu0p50__psi1p00,hardzero_plus_depr,0.02,39,568,0.0,1,0.50661373,0.50661373,1.0321531,0.09286388,0.09286388,1.0,7.612693e-11,8.1976903e-10,-28.086176,2.2707822,0.75692743,0.112,0.0,0.16101493,17.009975,17.039976,1820800
hardzero_plus_depr__c0p54__z1p05__lam0p030__nu0p50__psi1p00,hardzero_plus_depr,0.02,39,569,0.0,1,0.50661373,0.50661373,1.0410515,0.09098053,0.09098053,1.0,7.2378714e-11,7.955407e-10,-27.363604,2.290359,0.763453,0.112,0.0,0.13379139,17.039976,17.069977,1824000
hardzero_plus_depr__c0p54__z1p05__lam0p030__nu0p50__psi1p00,hardzero_plus_depr,0.02,39,570,0.0,1,0.50661373,0.50661373,1.0288441,0.093574144,0.093574144,1.0,7.224189e-11,7.7202833e-10,-26.298029,2.2635024,0.7545008,0.136,0.0,0.11916542,17.069977,17.099977,1827200
hardzero_plus_depr__c0p54__z1p05__lam0p030__nu0p50__psi1p00,hardzero_plus_depr,0.02,39,571,0.0,1,0.50661373,0.50661373,1.1082435,0.0,0.07793931,0.0,0.0,7.4921097e-10,-28.202183,2.4381843,0.8127281,0.15200001,0.0,0.16587049,17.099977,17.129978,1830400
hardzero_plus_depr__c0p54__z1p05__lam0p030__nu0p50__psi1p00,hardzero_plus_depr,0.02,39,572,0.0,1,0.50661373,0.50661373,1.0217698,0.09511088,0.09511088,1.0,6.915207e-11,7.2706796e-10,-27.305344,2.2479384,0.7493128,0.12,0.0,0.15259257,17.129978,17.159979,1833600
hardzero_plus_depr__c0p54__z1p05__lam0p030__nu0p50__psi1p00,hardzero_plus_depr,0.02,39,573,0.0,1,0.50661373,0.50661373,1.1017766,0.0,0.07910854,0.0,0.0,7.055794e-10,-27.831661,2.4239569,0.80798566,0.16800001,0.0,0.17167403,17.159979,17.18998,1836800
hardzero_plus_depr__c0p54__z1p05__lam0p030__nu0p50__psi1p00,hardzero_plus_depr,0.02,39,574,0.0,1,0.50661373,0.50661373,1.0549234,0.0,0.08812043,0.0,0.0,6.847259e-10,-28.891878,2.3208778,0.77362597,0.16800001,0.0,0.16942973,17.18998,17.21998,1840000
hardzero_plus_depr__c0p54__z1p05__lam0p030__nu0p50__psi1p00,hardzero_plus_depr,0.02,39,575,0.0,1,0.50661373,0.50661373,1.0124438,0.09717537,0.09717537,1.0,6.457193e-11,6.644887e-10,-27.276514,2.2274208,0.7424736,0.16000001,0.0,0.13743475,17.21998,17.24998,1843200
hardzero_plus_depr__c0p54__z1p05__lam0p030__nu0p50__psi1p00,hardzero_plus_depr,0.02,39,576,0.0,1,0.50661373,0.50661373,1.0099899,0.09772601,0.09772601,1.0,6.301858e-11,6.448496e-10,-26.204838,2.222022,0.740674,0.128,0.0,0.1417087,17.24998,17.279982,1846400
hardzero_plus_depr__c0p54__z1p05__lam0p030__nu0p50__psi1p00,hardzero_plus_depr,0.02,39,577,0.0,1,0.50661373,0.50661373,1.0602772,0.0,0.087040775,0.0,0.0,6.25791e-10,-27.757776,2.3326564,0.7775521,0.112,0.0,0.17976496,17.279982,17.309982,1849600
hardzero_plus_depr__c0p54__z1p05__lam0p030__nu0p50__psi1p00,hardzero_plus_depr,0.02,39,578,0.0,1,0.50661373,0.50661373,1.0287387,0.09359686,0.09359686,1.0,5.6840966e-11,6.0729566e-10,-27.587717,2.2632704,0.7544235,0.17600001,0.0,0.1511257,17.309982,17.339983,1852800
hardzero_plus_depr__c0p54__z1p05__lam0p030__nu0p50__psi1p00,hardzero_plus_depr,0.02,39,579,0.0,1,0.50661373,0.50661373,1.0044494,0.098980725,0.098980725,1.0,5.833399e-11,5.8934696e-10,-27.052326,2.2098327,0.7366109,0.128,0.0,0.15396993,17.339983,17.369984,1856000
hardzero_plus_depr__c0p54__z1p05__lam0p030__nu0p50__psi1p00,hardzero_plus_depr,0.02,39,580,0.0,1,0.50661373,0.50661373,1.049705,0.089185655,0.089185655,1.0,5.1007837e-11,5.719287e-10,-27.924397,2.3093972,0.7697991,0.136,0.0,0.16334102,17.369984,17.399984,1859200
hardzero_plus_depr__c0p54__z1p05__lam0p030__nu0p50__psi1p00,hardzero_plus_depr,0.02,39,581,0.0,1,0.50661373,0.50661373,1.070194,0.0,0.08507577,0.0,0.0,5.550253e-10,-28.404665,2.3544738,0.7848246,0.16800001,0.0,0.19420956,17.399984,17.429985,1862400
hardzero_plus_depr__c0p54__z1p05__lam0p030__nu0p50__psi1p00,hardzero_plus_depr,0.02,39,582,0.0,1,0.50661373,0.50661373,1.0226572,0.09491674,0.09491674,1.0,5.1124188e-11,5.386214e-10,-26.743347,2.2498906,0.7499635,0.08800001,0.0,0.14989385,17.429985,17.459986,1865600
hardzero_plus_depr__c0p54__z1p05__lam0p030__nu0p50__psi1p00,hardzero_plus_depr,0.02,39,583,0.0,1,0.50661373,0.50661373,1.0495408,0.089219384,0.089219384,1.0,4.663519e-11,5.2270244e-10,-27.287268,2.3090358,0.7696786,0.15200001,0.0,0.1372258,17.459986,17.489986,1868800
hardzero_plus_depr__c0p54__z1p05__lam0p030__nu0p50__psi1p00,hardzero_plus_depr,0.02,39,584,0.0,1,0.50661373,0.50661373,0.9996298,0.100085266,0.100085266,1.0,5.0768643e-11,5.072539e-10,-26.456379,2.1992295,0.7330765,0.16800001,0.0,0.14258976,17.489986,17.519987,1872000
hardzero_plus_depr__c0p54__z1p05__lam0p030__nu0p50__psi1p00,hardzero_plus_depr,0.02,39,585,0.0,1,0.50661373,0.50661373,1.0347131,0.09231809,0.09231809,1.0,4.5444683e-11,4.9226195e-10,-27.613817,2.2764144,0.7588048,0.099999994,0.0,0.1718168,17.519987,17.549988,1875200
hardzero_plus_depr__c0p54__z1p05__lam0p030__nu0p50__psi1p00,hardzero_plus_depr,0.02,39,586,0.0,1,0.50661373,0.50661373,1.0679418,0.0,0.08551813,0.0,0.0,4.777131e-10,-28.056364,2.3495188,0.78317297,0.104,0.0,0.15946874,17.549988,17.579988,1878400
hardzero_plus_depr__c0p54__z1p05__lam0p030__nu0p50__psi1p00,hardzero_plus_depr,0.02,39,587,0.0,1,0.50661373,0.50661373,1.0132312,0.096999355,0.096999355,1.0,4.4968338e-11,4.635942e-10,-26.665146,2.2291532,0.74305105,0.128,0.0,0.13860431,17.579988,17.60999,1881600
hardzero_plus_depr__c0p54__z1p05__lam0p030__nu0p50__psi1p00,hardzero_plus_depr,0.02,39,588,0.0,1,0.50661373,0.50661373,0.99157697,0.10195839,0.10195839,1.0,4.5870325e-11,4.4989262e-10,-26.606663,2.1815128,0.72717094,0.14400001,0.0,0.13296163,17.60999,17.63999,1884800
hardzero_plus_depr__c0p54__z1p05__lam0p030__nu0p50__psi1p00,hardzero_plus_depr,0.02,39,589,0.0,1,0.50661373,0.50661373,1.0256945,0.09425523,0.09425523,1.0,4.1151454e-11,4.3659598e-10,-27.842896,2.256573,0.752191,0.24800001,0.0,0.17245422,17.63999,17.66999,1888000
hardzero_plus_depr__c0p54__z1p05__lam0p030__nu0p50__psi1p00,hardzero_plus_depr,0.02,39,590,0.0,1,0.50661373,0.50661373,1.0823389,0.0,0.08272962,0.0,0.0,4.2369233e-10,-28.61485,2.3811932,0.7937311,0.128,0.0,0.1454647,17.66999,17.699991,1891200
hardzero_plus_depr__c0p54__z1p05__lam0p030__nu0p50__psi1p00,hardzero_plus_depr,0.02,39,591,0.0,1,0.50661373,0.50661373,1.1107608,0.0,0.077488855,0.0,0.0,4.1117004e-10,-28.297499,2.4437225,0.8145742,0.120000005,0.0,0.17209356,17.699991,17.729992,1894400
hardzero_plus_depr__c0p54__z1p05__lam0p030__nu0p50__psi1p00,hardzero_plus_depr,0.02,39,592,0.0,1,0.50661373,0.50661373,1.0966636,0.0,0.0800454,0.0,0.0,3.9901787e-10,-27.869081,2.412708,0.80423605,0.128,0.0,0.1662885,17.729992,17.759993,1897600
hardzero_plus_depr__c0p54__z1p05__lam0p030__nu0p50__psi1p00,hardzero_plus_depr,0.02,39,593,0.0,1,0.50661373,0.50661373,1.0258521,0.09422104,0.09422104,1.0,3.6484725e-11,3.872248e-10,-27.318342,2.2569196,0.7523066,0.15200001,0.0,0.12748486,17.759993,17.789993,1900800
hardzero_plus_depr__c0p54__z1p05__lam0p030__nu0p50__psi1p00,hardzero_plus_depr,0.02,39,594,0.0,1,0.50661373,0.50661373,0.9647774,0.10844827,0.10844827,1.0,4.0752728e-11,3.7578035e-10,-26.137245,2.1225526,0.70751756,0.272,0.0,0.14846022,17.789993,17.819994,1904000
hardzero_plus_depr__c0p54__z1p05__lam0p030__nu0p50__psi1p00,hardzero_plus_depr,0.02,39,595,0.0,1,0.50661373,0.50661373,1.0622915,0.0,0.08663801,0.0,0.0,3.6467412e-10,-27.34783,2.3370879,0.7790293,0.16800001,0.0,0.15417343,17.819994,17.849995,1907200
hardzero_plus_depr__c0p54__z1p05__lam0p030__nu0p50__psi1p00,hardzero_plus_depr,0.02,39,596,0.0,1,0.50661373,0.50661373,1.077899,0.0,0.08357974,0.0,0.0,3.5389613e-10,-27.30331,2.3714252,0.7904751,0.128,0.0,0.113642655,17.849995,17.879995,1910400
hardzero_plus_depr__c0p54__z1p05__lam0p030__nu0p50__psi1p00,hardzero_plus_depr,0.02,39,597,0.0,1,0.50661373,0.50661373,0.99414074,0.10135828,0.10135828,1.0,3.481015e-11,3.4343667e-10,-26.964169,2.1871533,0.7290511,0.16000001,0.0,0.14592606,17.879995,17.909996,1913600
hardzero_plus_depr__c0p54__z1p05__lam0p030__nu0p50__psi1p00,hardzero_plus_depr,0.02,39,598,0.0,1,0.50661373,0.50661373,1.0100989,0.09770145,0.09770145,1.0,3.256256e-11,3.3328634e-10,-26.946037,2.222262,0.740754,0.14999999,0.0,0.13501711,17.909996,17.939997,1916800
hardzero_plus_depr__c0p54__z1p05__lam0p030__nu0p50__psi1p00,hardzero_plus_depr,0.02,39,599,0.0,1,0.50661373,0.50661373,1.0166129,0.09624698,0.09624698,1.0,3.1129745e-11,3.2343606e-10,-27.621872,2.236593,0.745531,0.208,0.0,0.13344918,17.939997,17.969997,1920000
hardzero_plus_depr__c0p54__z1p05__lam0p030__nu0p50__psi1p00,hardzero_plus_depr,0.02,39,600,0.0,1,0.50661373,0.50661373,1.0604066,0.0,0.087014854,0.0,0.0,3.1387684e-10,-27.284477,2.332941,0.777647,0.120000005,0.0,0.14571057,17.969997,17.999998,1923200
hardzero_plus_depr__c0p54__z1p05__lam0p030__nu0p50__psi1p00,hardzero_plus_depr,0.02,39,601,0.0,1,0.50661373,0.50661373,0.9973597,0.10060979,0.10060979,1.0,3.064576e-11,3.0460018e-10,-26.145992,2.194235,0.7314117,0.16800001,0.0,0.12330967,17.999998,18.029999,1926400
hardzero_plus_depr__c0p54__z1p05__lam0p030__nu0p50__psi1p00,hardzero_plus_depr,0.02,39,602,0.0,1,0.50661373,0.50661373,1.0076234,0.098259956,0.098259956,1.0,2.9045412e-11,2.9559766e-10,-26.917019,2.216816,0.7389387,0.128,0.0,0.13309997,18.029999,18.06,1929600
hardzero_plus_depr__c0p54__z1p05__lam0p030__nu0p50__psi1p00,hardzero_plus_depr,0.02,39,603,0.0,1,0.50661373,0.50661373,1.0194501,0.09562025,0.09562025,1.0,2.7429746e-11,2.8686126e-10,-26.881166,2.2428348,0.74761164,0.14400001,0.0,0.14666425,18.06,18.09,1932800
hardzero_plus_depr__c0p54__z1p05__lam0p030__nu0p50__psi1p00,hardzero_plus_depr,0.02,39,604,0.0,1,0.50661373,0.50661373,0.99658084,0.10079038,0.10079038,1.0,2.8058333e-11,2.7838304e-10,-26.947441,2.1925216,0.73084056,0.15200001,0.0,0.13658808,18.09,18.12,1936000
hardzero_plus_depr__c0p54__z1p05__lam0p030__nu0p50__psi1p00,hardzero_plus_depr,0.02,39,605,0.0,1,0.50661373,0.50661373,1.1039425,0.0,0.078715,0.0,0.0,2.7015537e-10,-28.821455,2.428722,0.809574,0.18400002,0.0,0.17150757,18.12,18.150002,1939200
hardzero_plus_depr__c0p54__z1p05__lam0p030__nu0p50__psi1p00,hardzero_plus_depr,0.02,39,606,0.0,1,0.50661373,0.50661373,1.0221972,0.095017314,0.095017314,1.0,2.4910775e-11,2.621709e-10,-27.810926,2.2488787,0.7496263,0.136,0.0,0.1853284,18.150002,18.180002,1942400
hardzero_plus_depr__c0p54__z1p05__lam0p030__nu0p50__psi1p00,hardzero_plus_depr,0.02,39,607,0.0,1,0.50661373,0.50661373,1.0316114,0.09297979,0.09297979,1.0,2.3656138e-11,2.5442237e-10,-27.137775,2.2695904,0.75653017,0.120000005,0.0,0.12548761,18.180002,18.210003,1945600
hardzero_plus_depr__c0p54__z1p05__lam0p030__nu0p50__psi1p00,hardzero_plus_depr,0.02,39,608,0.0,1,0.50661373,0.50661373,1.0856987,0.0,0.082092084,0.0,0.0,2.4690291e-10,-28.439764,2.3885849,0.796195,0.120000005,0.0,0.15266292,18.210003,18.240004,1948800
hardzero_plus_depr__c0p54__z1p05__lam0p030__nu0p50__psi1p00,hardzero_plus_depr,0.02,39,609,0.0,1,0.50661373,0.50661373,1.0816723,0.0,0.08285671,0.0,0.0,2.3960567e-10,-28.427423,2.3797266,0.7932422,0.128,0.0,0.15719232,18.240004,18.270004,1952000
hardzero_plus_depr__c0p54__z1p05__lam0p030__nu0p50__psi1p00,hardzero_plus_depr,0.02,39,610,0.0,1,0.50661373,0.50661373,1.0401343,0.091172874,0.091172874,1.0,2.1199887e-11,2.3252407e-10,-27.937014,2.2883413,0.7627804,0.136,0.0,0.13406903,18.270004,18.300005,1955200
hardzero_plus_depr__c0p54__z1p05__lam0p030__nu0p50__psi1p00,hardzero_plus_depr,0.02,39,611,0.0,1,0.50661373,0.50661373,1.0713475,0.0,0.08485012,0.0,0.0,2.2565182e-10,-27.281013,2.3570116,0.7856705,0.21,0.0,0.13898242,18.300005,18.330006,1958400
hardzero_plus_depr__c0p54__z1p05__lam0p030__nu0p50__psi1p00,hardzero_plus_depr,0.02,39,612,0.0,1,0.50661373,0.50661373,1.0384665,0.09152369,0.09152369,1.0,2.00421e-11,2.1898264e-10,-27.433384,2.2846718,0.7615573,0.17600001,0.0,0.15839124,18.330006,18.360006,1961600
hardzero_plus_depr__c0p54__z1p05__lam0p030__nu0p50__psi1p00,hardzero_plus_depr,0.02,39,613,0.0,1,0.50661373,0.50661373,0.9965357,0.100800864,0.100800864,1.0,2.142125e-11,2.1251058e-10,-26.969305,2.1924224,0.7308075,0.16800001,0.0,0.15588707,18.360006,18.390007,1964800
hardzero_plus_depr__c0p54__z1p05__lam0p030__nu0p50__psi1p00,hardzero_plus_depr,0.02,39,614,0.0,1,0.50661373,0.50661373,1.0718687,0.0,0.08474836,0.0,0.0,2.062298e-10,-28.169651,2.358158,0.7860527,0.2,0.0,0.17568663,18.390007,18.420008,1968000
hardzero_plus_depr__c0p54__z1p05__lam0p030__nu0p50__psi1p00,hardzero_plus_depr,0.02,39,615,0.0,1,0.50661373,0.50661373,1.0440451,0.09035557,0.09035557,1.0,1.808328e-11,2.0013464e-10,-27.262426,2.296945,0.76564837,0.128,0.0,0.15221772,18.420008,18.450008,1971200
hardzero_plus_depr__c0p54__z1p05__lam0p030__nu0p50__psi1p00,hardzero_plus_depr,0.02,39,616,0.0,1,0.50661373,0.50661373,1.0629531,0.0,0.08650613,0.0,0.0,1.9421964e-10,-27.613821,2.3385437,0.77951455,0.192,0.0,0.13931605,18.450008,18.48001,1974400
hardzero_plus_depr__c0p54__z1p05__lam0p030__nu0p50__psi1p00,hardzero_plus_depr,0.02,39,617,0.0,1,0.50661373,0.50661373,1.0004362,0.0998996,0.0998996,1.0,1.8829022e-11,1.8847945e-10,-27.118742,2.2010036,0.73366785,0.18400002,0.0,0.13236608,18.48001,18.51001,1977600
hardzero_plus_depr__c0p54__z1p05__lam0p030__nu0p50__psi1p00,hardzero_plus_depr,0.02,39,618,0.0,1,0.50661373,0.50661373,0.9989474,0.100242674,0.100242674,1.0,1.833528e-11,1.8290892e-10,-25.64996,2.1977282,0.7325761,0.17600001,0.0,0.13998874,18.51001,18.54001,1980800
hardzero_plus_depr__c0p54__z1p05__lam0p030__nu0p50__psi1p00,hardzero_plus_depr,0.02,39,619,0.0,1,0.50661373,0.50661373,1.0060287,0.09862145,0.09862145,1.0,1.7505606e-11,1.7750303e-10,-26.54353,2.2133071,0.73776907,0.17600001,0.0,0.15517224,18.54001,18.570011,1984000
hardzero_plus_depr__c0p54__z1p05__lam0p030__nu0p50__psi1p00,hardzero_plus_depr,0.02,39,620,0.0,1,0.50661373,0.50661373,1.0216988,0.09512642,0.09512642,1.0,1.6386182e-11,1.722569e-10,-27.786226,2.2477822,0.7492608,0.15200001,0.0,0.14693299,18.570011,18.600012,1987200
hardzero_plus_depr__c0p54__z1p05__lam0p030__nu0p50__psi1p00,hardzero_plus_depr,0.02,39,621,0.0,1,0.50661373,0.50661373,1.0195582,0.095596455,0.095596455,1.0,1.5980462e-11,1.6716584e-10,-26.570673,2.2430727,0.7476909,0.216,0.0,0.13943341,18.600012,18.630013,1990400
hardzero_plus_depr__c0p54__z1p05__lam0p030__nu0p50__psi1p00,hardzero_plus_depr,0.02,39,622,0.0,1,0.50661373,0.50661373,1.0401645,0.091166556,0.091166556,1.0,1.4789515e-11,1.6222522e-10,-27.313278,2.2884076,0.76280254,0.112,0.0,0.14332856,18.630013,18.660013,1993600
hardzero_plus_depr__c0p54__z1p05__lam0p030__nu0p50__psi1p00,hardzero_plus_depr,0.02,39,623,0.0,1,0.50661373,0.50661373,1.0560979,0.0,0.08788244,0.0,0.0,1.5743064e-10,-28.101307,2.3234618,0.77448726,0.17600001,0.0,0.1453086,18.660013,18.690014,1996800
hardzero_plus_depr__c0p54__z1p05__lam0p030__nu0p50__psi1p00,hardzero_plus_depr,0.02,39,624,0.0,1,0.50661373,0.50661373,1.0572932,0.0,0.08764089,0.0,0.0,1.5277773e-10,-27.969765,2.3260915,0.77536386,0.17,0.0,0.15697114,18.690014,18.720015,2000000
hardzero_plus_depr__c0p54__z1p05__lam0p030__nu0p50__psi1p00,hardzero_plus_depr,0.02,39,625,0.0,1,0.50661373,0.50661373,1.0004629,0.09989348,0.09989348,1.0,1.4810445e-11,1.4826237e-10,-27.41178,2.2010622,0.7336874,0.216,0.0,0.14310482,18.720015,18.750015,2003200
hardzero_plus_depr__c0p54__z1p05__lam0p030__nu0p50__psi1p00,hardzero_plus_depr,0.02,39,626,0.0,1,0.50661373,0.50661373,1.1046308,0.0,0.07859033,0.0,0.0,1.4388046e-10,-28.769703,2.4302363,0.8100788,0.112,0.0,0.18648039,18.750015,18.780016,2006400
hardzero_plus_depr__c0p54__z1p05__lam0p030__nu0p50__psi1p00,hardzero_plus_depr,0.02,39,627,0.0,1,0.50661373,0.50661373,1.039489,0.091308445,0.091308445,1.0,1.274922e-11,1.3962805e-10,-27.265877,2.2869215,0.76230717,0.192,0.0,0.1846309,18.780016,18.810017,2009600
hardzero_plus_depr__c0p54__z1p05__lam0p030__nu0p50__psi1p00,hardzero_plus_depr,0.02,39,628,0.0,1,0.50661373,0.50661373,1.0488883,0.08935352,0.08935352,1.0,1.2107521e-11,1.3550133e-10,-28.086405,2.3076005,0.7692002,0.216,0.0,0.1494719,18.810017,18.840017,2012800
hardzero_plus_depr__c0p54__z1p05__lam0p030__nu0p50__psi1p00,hardzero_plus_depr,0.02,39,629,0.0,1,0.50661373,0.50661373,1.0029006,0.09933434,0.09933434,1.0,1.3062125e-11,1.3149658e-10,-26.384907,2.2064254,0.7354752,0.16000001,0.0,0.14035721,18.840017,18.870018,2016000
hardzero_plus_depr__c0p54__z1p05__lam0p030__nu0p50__psi1p00,hardzero_plus_depr,0.02,39,630,0.0,1,0.50661373,0.50661373,1.0881999,0.0,0.08162068,0.0,0.0,1.2761017e-10,-27.76867,2.3940876,0.7980292,0.14400001,0.0,0.16079615,18.870018,18.900019,2019200
hardzero_plus_depr__c0p54__z1p05__lam0p030__nu0p50__psi1p00,hardzero_plus_depr,0.02,39,631,0.0,1,0.50661373,0.50661373,1.0326596,0.09275565,0.09275565,1.0,1.1486734e-11,1.2383865e-10,-27.321632,2.2718966,0.7572989,0.16800001,0.0,0.14959864,18.900019,18.93002,2022400
hardzero_plus_depr__c0p54__z1p05__lam0p030__nu0p50__psi1p00,hardzero_plus_depr,0.02,39,632,0.0,1,0.50661373,0.50661373,1.040064,0.09118763,0.09118763,1.0,1.0958799e-11,1.2017856e-10,-26.262291,2.2881866,0.76272887,0.112,0.0,0.14571294,18.93002,18.96002,2025600
hardzero_plus_depr__c0p54__z1p05__lam0p030__nu0p50__psi1p00,hardzero_plus_depr,0.02,39,633,0.0,1,0.50661373,0.50661373,1.0353575,0.09218124,0.09218124,1.0,1.0750791e-11,1.1662667e-10,-27.57298,2.277832,0.75927734,0.15200001,0.0,0.14561044,18.96002,18.99002,2028800
hardzero_plus_depr__c0p54__z1p05__lam0p030__nu0p50__psi1p00,hardzero_plus_depr,0.02,39,634,0.0,1,0.50661373,0.50661373,1.0264528,0.09409082,0.09409082,1.0,1.0649177e-11,1.13179764e-10,-27.40814,2.2582412,0.75274706,0.136,0.0,0.12842639,18.99002,19.020021,2032000
hardzero_plus_depr__c0p54__z1p05__lam0p030__nu0p50__psi1p00,hardzero_plus_depr,0.02,39,635,0.0,1,0.50661373,0.50661373,0.99119276,0.102048635,0.102048635,1.0,1.1208483e-11,1.0983472e-10,-26.226635,2.1806676,0.72688925,0.2,0.0,0.14963031,19.020021,19.050022,2035200
hardzero_plus_depr__c0p54__z1p05__lam0p030__nu0p50__psi1p00,hardzero_plus_depr,0.02,39,636,0.0,1,0.50661373,0.50661373,1.02044,0.09540255,0.09540255,1.0,1.0168819e-11,1.0658854e-10,-27.35827,2.2450128,0.7483376,0.192,0.008,0.17179625,19.050022,19.080023,2038400
hardzero_plus_depr__c0p54__z1p05__lam0p030__nu0p50__psi1p00,hardzero_plus_depr,0.02,39,637,0.0,1,0.50661373,0.50661373,1.0583307,0.0,0.08743179,0.0,0.0,1.0343829e-10,-27.48641,2.328374,0.77612466,0.14999999,0.0,0.15522932,19.080023,19.110023,2041600
hardzero_plus_depr__c0p54__z1p05__lam0p030__nu0p50__psi1p00,hardzero_plus_depr,0.02,39,638,0.0,1,0.50661373,0.50661373,1.014989,0.09660753,0.09660753,1.0,9.697577e-12,1.0038117e-10,-27.20999,2.2330205,0.7443402,0.192,0.0,0.16806981,19.110023,19.140024,2044800
hardzero_plus_depr__c0p54__z1p05__lam0p030__nu0p50__psi1p00,hardzero_plus_depr,0.02,39,639,0.0,1,0.50661373,0.50661373,1.0040929,0.099062,0.099062,1.0,9.6500655e-12,9.7414396e-11,-26.795263,2.2090485,0.7363495,0.18400002,0.0,0.14395572,19.140024,19.170025,2048000
hardzero_plus_depr__c0p54__z1p05__lam0p030__nu0p50__psi1p00,hardzero_plus_depr,0.02,39,640,0.0,1,0.50661373,0.50661373,0.9611008,0.10937023,0.10937023,1.0,1.03393474e-11,9.4535296e-11,-25.655115,2.114464,0.70482135,0.17600001,0.008,0.1238628,19.170025,19.200026,2051200
hardzero_plus_depr__c0p54__z1p05__lam0p030__nu0p50__psi1p00,hardzero_plus_depr,0.02,39,641,0.0,1,0.50661373,0.50661373,1.0327485,0.09273668,0.09273668,1.0,8.507782e-12,9.174129e-11,-27.969328,2.2720919,0.757364,0.136,0.0,0.14696419,19.200026,19.230026,2054400
hardzero_plus_depr__c0p54__z1p05__lam0p030__nu0p50__psi1p00,hardzero_plus_depr,0.02,39,642,0.0,1,0.50661373,0.50661373,1.0369847,0.09183649,0.09183649,1.0,8.17619e-12,8.902986e-11,-27.217966,2.281412,0.7604706,0.14400001,0.0,0.1257277,19.230026,19.260027,2057600
hardzero_plus_depr__c0p54__z1p05__lam0p030__nu0p50__psi1p00,hardzero_plus_depr,0.02,39,643,0.0,1,0.50661373,0.50661373,1.0684171,0.0,0.0854246,0.0,0.0,8.6398576e-11,-28.344637,2.3505645,0.78352153,0.16800001,0.0,0.14133511,19.260027,19.290028,2060800
hardzero_plus_depr__c0p54__z1p05__lam0p030__nu0p50__psi1p00,hardzero_plus_depr,0.02,39,644,0.0,1,0.50661373,0.50661373,0.91814125,0.12074211,0.12074211,1.0,1.0123629e-11,8.3845056e-11,-25.145584,2.019951,0.6733171,0.208,0.0,0.12280537,19.290028,19.320028,2064000
hardzero_plus_depr__c0p54__z1p05__lam0p030__nu0p50__psi1p00,hardzero_plus_depr,0.02,39,645,0.0,1,0.50661373,0.50661373,1.0166034,0.09624908,0.09624908,1.0,7.831499e-12,8.1367e-11,-27.785013,2.236572,0.74552405,0.24000001,0.0,0.18597715,19.320028,19.350029,2067200
hardzero_plus_depr__c0p54__z1p05__lam0p030__nu0p50__psi1p00,hardzero_plus_depr,0.02,39,646,0.0,1,0.50661373,0.50661373,1.0918133,0.0,0.08094438,0.0,0.0,7.8962184e-11,-27.953869,2.4020374,0.80067915,0.17600001,0.0,0.17327517,19.350029,19.38003,2070400
hardzero_plus_depr__c0p54__z1p05__lam0p030__nu0p50__psi1p00,hardzero_plus_depr,0.02,39,647,0.0,1,0.50661373,0.50661373,1.0390021,0.09141088,0.09141088,1.0,7.0046746e-12,7.6628454e-11,-27.063774,2.28585,0.76195,0.120000005,0.0,0.13033094,19.38003,19.41003,2073600
hardzero_plus_depr__c0p54__z1p05__lam0p030__nu0p50__psi1p00,hardzero_plus_depr,0.02,39,648,0.0,1,0.50661373,0.50661373,0.96091586,0.10941684,0.10941684,1.0,8.13664e-12,7.436369e-11,-25.728783,2.114057,0.7046857,0.128,0.0,0.11129822,19.41003,19.440031,2076800
hardzero_plus_depr__c0p54__z1p05__lam0p030__nu0p50__psi1p00,hardzero_plus_depr,0.02,39,649,0.0,1,0.50661373,0.50661373,1.0782452,0.0,0.08351313,0.0,0.0,7.216586e-11,-27.874016,2.3721867,0.7907289,0.14400001,0.0,0.15457746,19.440031,19.470032,2080000
hardzero_plus_depr__c0p54__z1p05__lam0p030__nu0p50__psi1p00,hardzero_plus_depr,0.02,39,650,0.0,1,0.50661373,0.50661373,1.0212221,0.09523089,0.09523089,1.0,6.6693036e-12,7.0032986e-11,-27.674623,2.2467334,0.74891114,0.19999999,0.0,0.12941511,19.470032,19.500032,2083200
hardzero_plus_depr__c0p54__z1p05__lam0p030__nu0p50__psi1p00,hardzero_plus_depr,0.02,39,651,0.0,1,0.50661373,0.50661373,1.0470927,0.08972373,0.08972373,1.0,6.0979078e-12,6.7963156e-11,-27.216618,2.30365,0.7678833,0.136,0.0,0.16827217,19.500032,19.530033,2086400
hardzero_plus_depr__c0p54__z1p05__lam0p030__nu0p50__psi1p00,hardzero_plus_depr,0.02,39,652,0.0,1,0.50661373,0.50661373,1.0421005,0.09076104,0.09076104,1.0,5.9860983e-12,6.595449e-11,-28.534378,2.292667,0.7642223,0.15200001,0.0,0.12120099,19.530033,19.560034,2089600
hardzero_plus_depr__c0p54__z1p05__lam0p030__nu0p50__psi1p00,hardzero_plus_depr,0.02,39,653,0.0,1,0.50661373,0.50661373,0.9916953,0.101930626,0.101930626,1.0,6.52409e-12,6.40052e-11,-26.473518,2.1817732,0.7272577,0.18400002,0.0,0.16696922,19.560034,19.590034,2092800
hardzero_plus_depr__c0p54__z1p05__lam0p030__nu0p50__psi1p00,hardzero_plus_depr,0.02,39,654,0.0,1,0.50661373,0.50661373,1.0869229,0.0,0.081861004,0.0,0.0,6.2113516e-11,-28.47017,2.391278,0.7970927,0.128,0.0,0.14566225,19.590034,19.620035,2096000
hardzero_plus_depr__c0p54__z1p05__lam0p030__nu0p50__psi1p00,hardzero_plus_depr,0.02,39,655,0.0,1,0.50661373,0.50661373,1.0991335,0.0,0.07959146,0.0,0.0,6.027774e-11,-29.853422,2.4181418,0.8060473,0.14400001,0.0,0.20916973,19.620035,19.650036,2099200
hardzero_plus_depr__c0p54__z1p05__lam0p030__nu0p50__psi1p00,hardzero_plus_depr,0.02,39,656,0.0,1,0.50661373,0.50661373,1.0359784,0.09204953,0.09204953,1.0,5.3845504e-12,5.849623e-11,-27.822893,2.2791982,0.7597327,0.15200001,0.0,0.13702564,19.650036,19.680037,2102400
hardzero_plus_depr__c0p54__z1p05__lam0p030__nu0p50__psi1p00,hardzero_plus_depr,0.02,39,657,0.0,1,0.50661373,0.50661373,1.0563321,0.0,0.08783505,0.0,0.0,5.676736e-11,-28.204643,2.323977,0.77465904,0.104,0.0,0.15471277,19.680037,19.710037,2105600
hardzero_plus_depr__c0p54__z1p05__lam0p030__nu0p50__psi1p00,hardzero_plus_depr,0.02,39,658,0.0,1,0.50661373,0.50661373,1.0628341,0.0,0.08652983,0.0,0.0,5.5089593e-11,-28.424957,2.3382819,0.7794273,0.08800001,0.0,0.1687648,19.710037,19.740038,2108800
hardzero_plus_depr__c0p54__z1p05__lam0p030__nu0p50__psi1p00,hardzero_plus_depr,0.02,39,659,0.0,1,0.50661373,0.50661373,1.0609119,0.0,0.086913675,0.0,0.0,5.346142e-11,-28.11409,2.3340528,0.77801764,0.216,0.0,0.15676858,19.740038,19.770039,2112000
hardzero_plus_depr__c0p54__z1p05__lam0p030__nu0p50__psi1p00,hardzero_plus_depr,0.02,39,660,0.0,1,0.50661373,0.50661373,0.9829148,0.10401241,0.10401241,1.0,5.396305e-12,5.1881357e-11,-25.686338,2.1624558,0.72081864,0.2,0.0,0.14385048,19.770039,19.80004,2115200
hardzero_plus_depr__c0p54__z1p05__lam0p030__nu0p50__psi1p00,hardzero_plus_depr,0.02,39,661,0.0,1,0.50661373,0.50661373,1.0948963,0.0,0.0803718,0.0,0.0,5.0347997e-11,-28.94277,2.40882,0.80294,0.120000005,0.0,0.18630865,19.80004,19.83004,2118400
hardzero_plus_depr__c0p54__z1p05__lam0p030__nu0p50__psi1p00,hardzero_plus_depr,0.02,39,662,0.0,1,0.50661373,0.50661373,1.0549482,0.0,0.08811538,0.0,0.0,4.885995e-11,-27.170685,2.3209324,0.77364415,0.120000005,0.0,0.15848361,19.83004,19.86004,2121600
hardzero_plus_depr__c0p54__z1p05__lam0p030__nu0p50__psi1p00,hardzero_plus_depr,0.02,39,663,0.0,1,0.50661373,0.50661373,0.9762324,0.1056252,0.1056252,1.0,5.0083128e-12,4.741589e-11,-26.19332,2.1477542,0.71591806,0.28,0.0,0.14257169,19.86004,19.890041,2124800
hardzero_plus_depr__c0p54__z1p05__lam0p030__nu0p50__psi1p00,hardzero_plus_depr,0.02,39,664,0.0,1,0.50661373,0.50661373,0.9790559,0.104940735,0.104940735,1.0,4.8287962e-12,4.6014508e-11,-26.816593,2.153966,0.71798867,0.272,0.0,0.13784522,19.890041,19.920042,2128000
hardzero_plus_depr__c0p54__z1p05__lam0p030__nu0p50__psi1p00,hardzero_plus_depr,0.02,39,665,0.0,1,0.50661373,0.50661373,1.0722929,0.0,0.08466563,0.0,0.0,4.4654547e-11,-27.92749,2.3590915,0.78636384,0.16800001,0.0,0.15017967,19.920042,19.950043,2131200
hardzero_plus_depr__c0p54__z1p05__lam0p030__nu0p50__psi1p00,hardzero_plus_depr,0.02,39,666,0.0,1,0.50661373,0.50661373,1.0385289,0.091510534,0.091510534,1.0,3.965588e-12,4.333477e-11,-28.165928,2.2848094,0.7616031,0.18400002,0.0,0.16566981,19.950043,19.980043,2134400
hardzero_plus_depr__c0p54__z1p05__lam0p030__nu0p50__psi1p00,hardzero_plus_depr,0.02,39,667,0.0,1,0.50661373,0.50661373,1.0580285,0.0,0.08749264,0.0,0.0,4.205401e-11,-28.013025,2.3277092,0.7759031,0.080000006,0.0,0.16446976,19.980043,20.010044,2137600
hardzero_plus_depr__c0p54__z1p05__lam0p030__nu0p50__psi1p00,hardzero_plus_depr,0.02,39,668,0.0,1,0.50661373,0.50661373,1.0468857,0.0897665,0.0897665,1.0,3.6634693e-12,4.0811094e-11,-27.7456,2.3031945,0.76773155,0.16000001,0.0,0.16133131,20.010044,20.040045,2140800
hardzero_plus_depr__c0p54__z1p05__lam0p030__nu0p50__psi1p00,hardzero_plus_depr,0.02,39,669,0.0,1,0.50661373,0.50661373,1.0667404,0.0,0.08575502,0.0,0.0,3.960492e-11,-28.473236,2.3468757,0.7822919,0.14400001,0.0,0.16230418,20.040045,20.070045,2144000
hardzero_plus_depr__c0p54__z1p05__lam0p030__nu0p50__psi1p00,hardzero_plus_depr,0.02,39,670,0.0,1,0.50661373,0.50661373,1.0602474,0.0,0.08704675,0.0,0.0,3.843439e-11,-27.788218,2.3325908,0.7775303,0.08800001,0.0,0.15711096,20.070045,20.100046,2147200
hardzero_plus_depr__c0p54__z1p05__lam0p030__nu0p50__psi1p00,hardzero_plus_depr,0.02,39,671,0.0,1,0.50661373,0.50661373,1.0497913,0.08916792,0.08916792,1.0,3.325826e-12,3.7298456e-11,-28.301367,2.309587,0.76986235,0.17600001,0.0,0.17861748,20.100046,20.130047,2150400
hardzero_plus_depr__c0p54__z1p05__lam0p030__nu0p50__psi1p00,hardzero_plus_depr,0.02,39,672,0.0,1,0.50661373,0.50661373,1.0557789,0.0,0.08794702,0.0,0.0,3.6196095e-11,-27.191687,2.3227599,0.7742533,0.08800001,0.0,0.16733553,20.130047,20.160048,2153600
hardzero_plus_depr__c0p54__z1p05__lam0p030__nu0p50__psi1p00,hardzero_plus_depr,0.02,39,673,0.0,1,0.50661373,0.50661373,1.0316774,0.09296566,0.09296566,1.0,3.265541e-12,3.5126315e-11,-27.38576,2.2697356,0.75657856,0.14400001,0.0,0.1443868,20.160048,20.190048,2156800
hardzero_plus_depr__c0p54__z1p05__lam0p030__nu0p50__psi1p00,hardzero_plus_depr,0.02,39,674,0.0,1,0.50661373,0.50661373,1.0177282,0.09600013,0.09600013,1.0,3.272467e-12,3.4088152e-11,-26.977655,2.2390468,0.746349,0.14400001,0.0,0.12070317,20.190048,20.220049,2160000
hardzero_plus_depr__c0p54__z1p05__lam0p030__nu0p50__psi1p00,hardzero_plus_depr,0.02,39,675,0.0,1,0.50661373,0.50661373,1.0233932,0.09475602,0.09475602,1.0,3.134593e-12,3.3080674e-11,-26.470287,2.25151,0.7505033,0.192,0.0,0.13320614,20.220049,20.25005,2163200
hardzero_plus_depr__c0p54__z1p05__lam0p030__nu0p50__psi1p00,hardzero_plus_depr,0.02,39,676,0.0,1,0.50661373,0.50661373,1.0327204,0.09274265,0.09274265,1.0,2.9773141e-12,3.2102966e-11,-26.482607,2.2720304,0.7573435,0.17,0.0,0.12944713,20.25005,20.28005,2166400
hardzero_plus_depr__c0p54__z1p05__lam0p030__nu0p50__psi1p00,hardzero_plus_depr,0.02,39,677,0.0,1,0.50661373,0.50661373,1.0699861,0.0,0.08511651,0.0,0.0,3.115416e-11,-27.701042,2.3540165,0.7846722,0.104,0.0,0.13443355,20.28005,20.310051,2169600
hardzero_plus_depr__c0p54__z1p05__lam0p030__nu0p50__psi1p00,hardzero_plus_depr,0.02,39,678,0.0,1,0.50661373,0.50661373,0.99028367,0.10226248,0.10226248,1.0,3.0917421e-12,3.0233396e-11,-26.661049,2.1786675,0.7262225,0.15200001,0.0,0.13338174,20.310051,20.340052,2172800
hardzero_plus_depr__c0p54__z1p05__lam0p030__nu0p50__psi1p00,hardzero_plus_depr,0.02,39,679,0.0,1,0.50661373,0.50661373,1.0165396,0.09626322,0.09626322,1.0,2.8243477e-12,2.9339843e-11,-25.972822,2.2364318,0.7454773,0.17600001,0.0,0.12035552,20.340052,20.370052,2176000
hardzero_plus_depr__c0p54__z1p05__lam0p030__nu0p50__psi1p00,hardzero_plus_depr,0.02,39,680,0.0,1,0.50661373,0.50661373,0.98459053,0.103611864,0.103611864,1.0,2.9501098e-12,2.8472702e-11,-26.557837,2.1661425,0.7220475,0.208,0.0,0.13125573,20.370052,20.400053,2179200
hardzero_plus_depr__c0p54__z1p05__lam0p030__nu0p50__psi1p00,hardzero_plus_depr,0.02,39,681,0.0,1,0.50661373,0.50661373,1.0102386,0.09767004,0.09767004,1.0,2.698739e-12,2.7631186e-11,-26.542738,2.2225695,0.7408565,0.17600001,0.0,0.1504468,20.400053,20.430054,2182400
hardzero_plus_depr__c0p54__z1p05__lam0p030__nu0p50__psi1p00,hardzero_plus_depr,0.02,39,682,0.0,1,0.50661373,0.50661373,1.0375792,0.09171087,0.09171087,1.0,2.4591852e-12,2.6814544e-11,-28.360104,2.2827199,0.76090664,0.18400002,0.0,0.16638853,20.430054,20.460054,2185600
hardzero_plus_depr__c0p54__z1p05__lam0p030__nu0p50__psi1p00,hardzero_plus_depr,0.02,39,683,0.0,1,0.50661373,0.50661373,1.0422215,0.09073575,0.09073575,1.0,2.3611289e-12,2.6022035e-11,-28.102795,2.2929332,0.7643111,0.14400001,0.0,0.16190194,20.460054,20.490055,2188800
hardzero_plus_depr__c0p54__z1p05__lam0p030__nu0p50__psi1p00,hardzero_plus_depr,0.02,39,684,0.0,1,0.50661373,0.50661373,1.0161847,0.09634191,0.09634191,1.0,2.4329174e-12,2.525295e-11,-27.42827,2.235651,0.745217,0.2,0.0,0.15585676,20.490055,20.520056,2192000
hardzero_plus_depr__c0p54__z1p05__lam0p030__nu0p50__psi1p00,hardzero_plus_depr,0.02,39,685,0.0,1,0.50661373,0.50661373,1.1080819,0.0,0.0779683,0.0,0.0,2.4506596e-11,-28.936,2.437829,0.8126097,0.112,0.0,0.16154839,20.520056,20.550056,2195200
hardzero_plus_depr__c0p54__z1p05__lam0p030__nu0p50__psi1p00,hardzero_plus_depr,0.02,39,686,0.0,1,0.50661373,0.50661373,1.0361122,0.09202118,0.09202118,1.0,2.1884755e-12,2.37823e-11,-27.094215,2.2794924,0.75983083,0.14400001,0.0,0.13808893,20.550056,20.580057,2198400
hardzero_plus_depr__c0p54__z1p05__lam0p030__nu0p50__psi1p00,hardzero_plus_depr,0.02,39,687,0.0,1,0.50661373,0.50661373,1.0463661,0.08987396,0.08987396,1.0,2.0742381e-12,2.3079412e-11,-27.330173,2.3020513,0.76735044,0.2,0.0,0.15216294,20.580057,20.610058,2201600
hardzero_plus_depr__c0p54__z1p05__lam0p030__nu0p50__psi1p00,hardzero_plus_depr,0.02,39,688,0.0,1,0.50661373,0.50661373,1.0858299,0.0,0.08206729,0.0,0.0,2.2397298e-11,-28.304453,2.3888733,0.7962911,0.18400002,0.0,0.15995596,20.610058,20.640059,2204800
hardzero_plus_depr__c0p54__z1p05__lam0p030__nu0p50__psi1p00,hardzero_plus_depr,0.02,39,689,0.0,1,0.50661373,0.50661373,0.9581642,0.11011228,0.11011228,1.0,2.3933282e-12,2.1735343e-11,-26.18941,2.1080034,0.70266783,0.21,0.0,0.12249349,20.640059,20.67006,2208000
hardzero_plus_depr__c0p54__z1p05__lam0p030__nu0p50__psi1p00,hardzero_plus_depr,0.02,39,690,0.0,1,0.50661373,0.50661373,1.0489364,0.08934363,0.08934363,1.0,1.884521e-12,2.1092952e-11,-27.143658,2.307706,0.7692354,0.15200001,0.0,0.16433163,20.67006,20.70006,2211200
hardzero_plus_depr__c0p54__z1p05__lam0p030__nu0p50__psi1p00,hardzero_plus_depr,0.02,39,691,0.0,1,0.50661373,0.50661373,1.0653431,0.0,0.08603138,0.0,0.0,2.0469546e-11,-27.64491,2.3438017,0.7812673,0.14400001,0.0,0.13965808,20.70006,20.73006,2214400
hardzero_plus_depr__c0p54__z1p05__lam0p030__nu0p50__psi1p00,hardzero_plus_depr,0.02,39,692,0.0,1,0.50661373,0.50661373,1.1087481,0.0,0.07784879,0.0,0.0,1.9864565e-11,-28.411272,2.4392946,0.8130982,0.16000001,0.0,0.17821743,20.73006,20.760061,2217600
hardzero_plus_depr__c0p54__z1p05__lam0p030__nu0p50__psi1p00,hardzero_plus_depr,0.02,39,693,0.0,1,0.50661373,0.50661373,0.9828187,0.104035415,0.104035415,1.0,2.005539e-12,1.9277463e-11,-26.540842,2.1622443,0.7207481,0.16800001,0.0,0.12729922,20.760061,20.790062,2220800
hardzero_plus_depr__c0p54__z1p05__lam0p030__nu0p50__psi1p00,hardzero_plus_depr,0.02,39,694,0.0,1,0.50661373,0.50661373,1.0234605,0.09474132,0.09474132,1.0,1.7723939e-12,1.8707718e-11,-27.49279,2.251658,0.75055265,0.136,0.0,0.11672637,20.790062,20.820063,2224000
hardzero_plus_depr__c0p54__z1p05__lam0p030__nu0p50__psi1p00,hardzero_plus_depr,0.02,39,695,0.0,1,0.50661373,0.50661373,1.0506183,0.0,0.08899831,0.0,0.0,1.8154808e-11,-26.92872,2.3114064,0.77046883,0.120000005,0.0,0.14220902,20.820063,20.850063,2227200
hardzero_plus_depr__c0p54__z1p05__lam0p030__nu0p50__psi1p00,hardzero_plus_depr,0.02,39,696,0.0,1,0.50661373,0.50661373,1.062764,0.0,0.08654379,0.0,0.0,1.761824e-11,-27.987106,2.3381276,0.7793759,0.120000005,0.0,0.18711445,20.850063,20.880064,2230400
hardzero_plus_depr__c0p54__z1p05__lam0p030__nu0p50__psi1p00,hardzero_plus_depr,0.02,39,697,0.0,1,0.50661373,0.50661373,1.0418152,0.0908207,0.0908207,1.0,1.5528096e-12,1.709753e-11,-27.601725,2.2920392,0.76401305,0.136,0.0,0.17007177,20.880064,20.910065,2233600
hardzero_plus_depr__c0p54__z1p05__lam0p030__nu0p50__psi1p00,hardzero_plus_depr,0.02,39,698,0.0,1,0.50661373,0.50661373,1.0455092,0.09005147,0.09005147,1.0,1.4941531e-12,1.6592212e-11,-26.956686,2.3001661,0.7667221,0.112,0.0,0.14542499,20.910065,20.940065,2236800
hardzero_plus_depr__c0p54__z1p05__lam0p030__nu0p50__psi1p00,hardzero_plus_depr,0.02,39,699,0.0,1,0.50661373,0.50661373,1.0875796,0.0,0.081737325,0.0,0.0,1.6101826e-11,-27.84424,2.3927228,0.7975743,0.120000005,0.0,0.14870338,20.940065,20.970066,2240000
hardzero_plus_depr__c0p54__z1p05__lam0p030__nu0p50__psi1p00,hardzero_plus_depr,0.02,39,700,0.0,1,0.50661373,0.50661373,1.0789974,0.0,0.08336863,0.0,0.0,1.5625935e-11,-28.116282,2.3738415,0.7912805,0.16000001,0.0,0.16043188,20.970066,21.000067,2243200
hardzero_plus_depr__c0p54__z1p05__lam0p030__nu0p50__psi1p00,hardzero_plus_depr,0.02,39,701,0.0,1,0.50661373,0.50661373,1.0074072,0.09830888,0.09830888,1.0,1.4907665e-12,1.5164108e-11,-26.732359,2.21634,0.73878,0.128,0.0,0.13008045,21.000067,21.030067,2246400
hardzero_plus_depr__c0p54__z1p05__lam0p030__nu0p50__psi1p00,hardzero_plus_depr,0.02,39,702,0.0,1,0.50661373,0.50661373,1.0281206,0.09373016,0.09373016,1.0,1.3793266e-12,1.4715932e-11,-27.971481,2.2619104,0.75397015,0.17999999,0.0,0.15948024,21.030067,21.060068,2249600
hardzero_plus_depr__c0p54__z1p05__lam0p030__nu0p50__psi1p00,hardzero_plus_depr,0.02,39,703,0.0,1,0.50661373,0.50661373,1.0412369,0.09094171,0.09094171,1.0,1.2987387e-12,1.4281001e-11,-27.581827,2.290767,0.763589,0.128,0.0,0.15170242,21.060068,21.090069,2252800
hardzero_plus_depr__c0p54__z1p05__lam0p030__nu0p50__psi1p00,hardzero_plus_depr,0.02,39,704,0.0,1,0.50661373,0.50661373,1.0459898,0.08995188,0.08995188,1.0,1.2466361e-12,1.3858923e-11,-27.175282,2.3012235,0.7670745,0.136,0.0,0.14816539,21.090069,21.12007,2256000
hardzero_plus_depr__c0p54__z1p05__lam0p030__nu0p50__psi1p00,hardzero_plus_depr,0.02,39,705,0.0,1,0.50661373,0.50661373,1.055262,0.0,0.08805176,0.0,0.0,1.3449321e-11,-26.983809,2.3216226,0.7738742,0.16000001,0.0,0.14501657,21.12007,21.15007,2259200
hardzero_plus_depr__c0p54__z1p05__lam0p030__nu0p50__psi1p00,hardzero_plus_depr,0.02,39,706,0.0,1,0.50661373,0.50661373,1.0636134,0.0,0.08637471,0.0,0.0,1.30518235e-11,-28.334148,2.3399963,0.7799988,0.16800001,0.0,0.1626174,21.15007,21.18007,2262400
hardzero_plus_depr__c0p54__z1p05__lam0p030__nu0p50__psi1p00,hardzero_plus_depr,0.02,39,707,0.0,1,0.50661373,0.50661373,0.99158365,0.10195684,0.10195684,1.0,1.291393e-12,1.2666076e-11,-26.384172,2.1815276,0.7271759,0.16800001,0.0,0.1301972,21.18007,21.210072,2265600
hardzero_plus_depr__c0p54__z1p05__lam0p030__nu0p50__psi1p00,hardzero_plus_depr,0.02,39,708,0.0,1,0.50661373,0.50661373,1.0783714,0.0,0.08348887,0.0,0.0,1.22917275e-11,-27.572994,2.3724644,0.7908215,0.16000001,0.0,0.17739199,21.210072,21.240072,2268800
hardzero_plus_depr__c0p54__z1p05__lam0p030__nu0p50__psi1p00,hardzero_plus_depr,0.02,39,709,0.0,1,0.50661373,0.50661373,1.0300502,0.09331464,0.09331464,1.0,1.1130985e-12,1.1928444e-11,-27.259956,2.2661557,0.7553853,0.15200001,0.0,0.14791833,21.240072,21.270073,2272000
hardzero_plus_depr__c0p54__z1p05__lam0p030__nu0p50__psi1p00,hardzero_plus_depr,0.02,39,710,0.0,1,0.50661373,0.50661373,1.0360596,0.092032336,0.092032336,1.0,1.0653569e-12,1.1575897e-11,-27.372324,2.2793767,0.75979227,0.16000001,0.0,0.15587543,21.270073,21.300074,2275200
hardzero_plus_depr__c0p54__z1p05__lam0p030__nu0p50__psi1p00,hardzero_plus_depr,0.02,39,711,0.0,1,0.50661373,0.50661373,1.0558909,0.0,0.08792433,0.0,0.0,1.123377e-11,-28.115099,2.3230064,0.7743355,0.072000004,0.0,0.14811261,21.300074,21.330074,2278400
hardzero_plus_depr__c0p54__z1p05__lam0p030__nu0p50__psi1p00,hardzero_plus_depr,0.02,39,712,0.0,1,0.50661373,0.50661373,1.063251,0.0,0.08644681,0.0,0.0,1.0901755e-11,-26.958755,2.3391988,0.77973294,0.192,0.0,0.14037815,21.330074,21.360075,2281600
hardzero_plus_depr__c0p54__z1p05__lam0p030__nu0p50__psi1p00,hardzero_plus_depr,0.02,39,713,0.0,1,0.50661373,0.50661373,1.0829067,0.0,0.08262153,0.0,0.0,1.0579551e-11,-28.414858,2.3824425,0.7941475,0.120000005,0.0,0.13868813,21.360075,21.390076,2284800
hardzero_plus_depr__c0p54__z1p05__lam0p030__nu0p50__psi1p00,hardzero_plus_depr,0.02,39,714,0.0,1,0.50661373,0.50661373,1.0675821,0.0,0.08558897,0.0,0.0,1.0266872e-11,-27.913511,2.3487275,0.78290915,0.128,0.0,0.1652101,21.390076,21.420076,2288000
hardzero_plus_depr__c0p54__z1p05__lam0p030__nu0p50__psi1p00,hardzero_plus_depr,0.02,39,715,0.0,1,0.50661373,0.50661373,1.0026644,0.09938835,0.09938835,1.0,9.902492e-13,9.963433e-12,-26.320648,2.205906,0.735302,0.17999999,0.0,0.12210511,21.420076,21.450077,2291200
hardzero_plus_depr__c0p54__z1p05__lam0p030__nu0p50__psi1p00,hardzero_plus_depr,0.02,39,716,0.0,1,0.50661373,0.50661373,0.9853488,0.1034311,0.1034311,1.0,1.0000713e-12,9.668962e-12,-26.389507,2.1678107,0.72260356,0.16800001,0.0,0.1458592,21.450077,21.480078,2294400
hardzero_plus_depr__c0p54__z1p05__lam0p030__nu0p50__psi1p00,hardzero_plus_depr,0.02,39,717,0.0,1,0.50661373,0.50661373,1.0782148,0.0,0.08351898,0.0,0.0,9.3831965e-12,-28.118876,2.37212,0.79070663,0.16000001,0.0,0.13641435,21.480078,21.510078,2297600
hardzero_plus_depr__c0p54__z1p05__lam0p030__nu0p50__psi1p00,hardzero_plus_depr,0.02,39,718,0.0,1,0.50661373,0.50661373,1.0161777,0.096343465,0.096343465,1.0,8.7729146e-13,9.105874e-12,-27.081022,2.2356355,0.74521184,0.136,0.0,0.12794761,21.510078,21.54008,2300800
hardzero_plus_depr__c0p54__z1p05__lam0p030__nu0p50__psi1p00,hardzero_plus_depr,0.02,39,719,0.0,1,0.50661373,0.50661373,1.0359473,0.092056125,0.092056125,1.0,8.134768e-13,8.836748e-12,-27.1233,2.2791297,0.75970995,0.120000005,0.0,0.1184492,21.54008,21.57008,2304000
hardzero_plus_depr__c0p54__z1p05__lam0p030__nu0p50__psi1p00,hardzero_plus_depr,0.02,39,720,0.0,1,0.50661373,0.50661373,1.0083355,0.09809898,0.09809898,1.0,8.4125534e-13,8.575577e-12,-26.908133,2.2183824,0.7394608,0.15200001,0.0,0.13674334,21.57008,21.60008,2307200
hardzero_plus_depr__c0p54__z1p05__lam0p030__nu0p50__psi1p00,hardzero_plus_depr,0.02,39,721,0.0,1,0.50661373,0.50661373,1.0032585,0.09925252,0.09925252,1.0,8.259919e-13,8.322125e-12,-26.454523,2.2072127,0.73573756,0.216,0.0,0.1551026,21.60008,21.630081,2310400
hardzero_plus_depr__c0p54__z1p05__lam0p030__nu0p50__psi1p00,hardzero_plus_depr,0.02,39,722,0.0,1,0.50661373,0.50661373,0.9961679,0.10088626,0.10088626,1.0,8.14774e-13,8.076164e-12,-27.74576,2.1916132,0.7305378,0.17600001,0.0,0.14777745,21.630081,21.660082,2313600
hardzero_plus_depr__c0p54__z1p05__lam0p030__nu0p50__psi1p00,hardzero_plus_depr,0.02,39,723,0.0,1,0.50661373,0.50661373,1.0375693,0.09171297,0.09171297,1.0,7.187978e-13,7.837472e-12,-27.545216,2.282698,0.7608993,0.16800001,0.0,0.18400152,21.660082,21.690083,2316800
hardzero_plus_depr__c0p54__z1p05__lam0p030__nu0p50__psi1p00,hardzero_plus_depr,0.02,39,724,0.0,1,0.50661373,0.50661373,0.9881516,0.102765754,0.102765754,1.0,7.8161924e-13,7.6058335e-12,-26.890678,2.173977,0.72465897,0.18400002,0.0,0.15453547,21.690083,21.720083,2320000
hardzero_plus_depr__c0p54__z1p05__lam0p030__nu0p50__psi1p00,hardzero_plus_depr,0.02,39,725,0.0,1,0.50661373,0.50661373,0.9744895,0.10604996,0.10604996,1.0,7.827592e-13,7.381042e-12,-26.767563,2.1439197,0.7146399,0.216,0.0,0.14019726,21.720083,21.750084,2323200
hardzero_plus_depr__c0p54__z1p05__lam0p030__nu0p50__psi1p00,hardzero_plus_depr,0.02,39,726,0.0,1,0.50661373,0.50661373,1.0444643,0.09026838,0.09026838,1.0,6.465829e-13,7.1628944e-12,-27.082333,2.2978675,0.76595587,0.136,0.0,0.12618348,21.750084,21.780085,2326400
hardzero_plus_depr__c0p54__z1p05__lam0p030__nu0p50__psi1p00,hardzero_plus_depr,0.02,39,727,0.0,1,0.50661373,0.50661373,1.076389,0.0,0.08387084,0.0,0.0,6.9511944e-12,-27.834549,2.368103,0.7893677,0.15200001,0.0,0.1849693,21.780085,21.810085,2329600
hardzero_plus_depr__c0p54__z1p05__lam0p030__nu0p50__psi1p00,hardzero_plus_depr,0.02,39,728,0.0,1,0.50661373,0.50661373,1.0235926,0.094712526,0.094712526,1.0,6.389071e-13,6.745751e-12,-27.288595,2.2519486,0.7506496,0.07,0.0,0.15440404,21.810085,21.840086,2332800
hardzero_plus_depr__c0p54__z1p05__lam0p030__nu0p50__psi1p00,hardzero_plus_depr,0.02,39,729,0.0,1,0.50661373,0.50661373,1.0462279,0.08990257,0.08990257,1.0,5.885363e-13,6.5463793e-12,-28.058353,2.3017473,0.7672491,0.136,0.0,0.13774684,21.840086,21.870087,2336000
hardzero_plus_depr__c0p54__z1p05__lam0p030__nu0p50__psi1p00,hardzero_plus_depr,0.02,39,730,0.0,1,0.50661373,0.50661373,1.0518255,0.0,0.088751234,0.0,0.0,6.3529004e-12,-28.005236,2.3140624,0.77135414,0.17600001,0.008,0.15181924,21.870087,21.900087,2339200
hardzero_plus_depr__c0p54__z1p05__lam0p030__nu0p50__psi1p00,hardzero_plus_depr,0.02,39,731,0.0,1,0.50661373,0.50661373,1.0785828,0.0,0.08344825,0.0,0.0,6.1651396e-12,-28.362585,2.3729296,0.7909765,0.120000005,0.0,0.1484584,21.900087,21.930088,2342400
hardzero_plus_depr__c0p54__z1p05__lam0p030__nu0p50__psi1p00,hardzero_plus_depr,0.02,39,732,0.0,1,0.50661373,0.50661373,1.0561187,0.0,0.08787823,0.0,0.0,5.9829277e-12,-28.149866,2.3235075,0.7745025,0.15200001,0.0,0.19186044,21.930088,21.960089,2345600
hardzero_plus_depr__c0p54__z1p05__lam0p030__nu0p50__psi1p00,hardzero_plus_depr,0.02,39,733,0.0,1,0.50661373,0.50661373,1.0412787,0.09093295,0.09093295,1.0,5.2796585e-13,5.806101e-12,-27.612986,2.290859,0.76361966,0.136,0.0,0.13464664,21.960089,21.99009,2348800
hardzero_plus_depr__c0p54__z1p05__lam0p030__nu0p50__psi1p00,hardzero_plus_depr,0.02,39,734,0.0,1,0.50661373,0.50661373,1.0716289,0.0,0.084795155,0.0,0.0,5.6345015e-12,-26.909864,2.3576307,0.7858769,0.15200001,0.0,0.12246999,21.99009,22.02009,2352000
hardzero_plus_depr__c0p54__z1p05__lam0p030__nu0p50__psi1p00,hardzero_plus_depr,0.02,39,735,0.0,1,0.50661373,0.50661373,1.0694013,0.0,0.085231215,0.0,0.0,5.4679733e-12,-27.646671,2.3527298,0.7842433,0.17600001,0.0,0.1473005,22.02009,22.05009,2355200
hardzero_plus_depr__c0p54__z1p05__lam0p030__nu0p50__psi1p00,hardzero_plus_depr,0.02,39,736,0.0,1,0.50661373,0.50661373,1.0087876,0.09799689,0.09799689,1.0,5.2000743e-13,5.3063665e-12,-26.519363,2.219377,0.73979235,0.18400002,0.0,0.14093755,22.05009,22.080091,2358400
hardzero_plus_depr__c0p54__z1p05__lam0p030__nu0p50__psi1p00,hardzero_plus_depr,0.02,39,737,0.0,1,0.50661373,0.50661373,1.0111575,0.097463615,0.097463615,1.0,5.018924e-13,5.149536e-12,-26.697319,2.224591,0.74153036,0.128,0.0,0.15084131,22.080091,22.110092,2361600
hardzero_plus_depr__c0p54__z1p05__lam0p030__nu0p50__psi1p00,hardzero_plus_depr,0.02,39,738,0.0,1,0.50661373,0.50661373,1.0131052,0.0970275,0.0970275,1.0,4.848795e-13,4.9973406e-12,-27.467367,2.2288759,0.74295866,0.120000005,0.0,0.15653296,22.110092,22.140093,2364800
hardzero_plus_depr__c0p54__z1p05__lam0p030__nu0p50__psi1p00,hardzero_plus_depr,0.02,39,739,0.0,1,0.50661373,0.50661373,1.0746546,0.0,0.084206454,0.0,0.0,4.849644e-12,-28.286993,2.3642874,0.78809583,0.128,0.0,0.15823744,22.140093,22.170094,2368000
hardzero_plus_depr__c0p54__z1p05__lam0p030__nu0p50__psi1p00,hardzero_plus_depr,0.02,39,740,0.0,1,0.50661373,0.50661373,1.0974427,0.0,0.07990192,0.0,0.0,4.7063117e-12,-28.24551,2.4144223,0.8048074,0.17600001,0.0,0.1777229,22.170094,22.200094,2371200
hardzero_plus_depr__c0p54__z1p05__lam0p030__nu0p50__psi1p00,hardzero_plus_depr,0.02,39,741,0.0,1,0.50661373,0.50661373,1.007186,0.09835897,0.09835897,1.0,4.4922665e-13,4.567216e-12,-27.008877,2.2158537,0.7386179,0.14999999,0.0,0.13896114,22.200094,22.230095,2374400
hardzero_plus_depr__c0p54__z1p05__lam0p030__nu0p50__psi1p00,hardzero_plus_depr,0.02,39,742,0.0,1,0.50661373,0.50661373,0.9505476,0.112060465,0.112060465,1.0,4.9667795e-13,4.4322315e-12,-26.484556,2.0912464,0.69708216,0.18400002,0.0,0.12576489,22.230095,22.260096,2377600
hardzero_plus_depr__c0p54__z1p05__lam0p030__nu0p50__psi1p00,hardzero_plus_depr,0.02,39,743,0.0,1,0.50661373,0.50661373,0.9941968,0.101345204,0.101345204,1.0,4.359097e-13,4.3012365e-12,-26.717104,2.1872766,0.72909224,0.23200001,0.008,0.14697951,22.260096,22.290096,2380800
hardzero_plus_depr__c0p54__z1p05__lam0p030__nu0p50__psi1p00,hardzero_plus_depr,0.02,39,744,0.0,1,0.50661373,0.50661373,0.9787475,0.10501527,0.10501527,1.0,4.3834554e-13,4.1741124e-12,-26.18906,2.1532874,0.7177625,0.256,0.008,0.123057626,22.290096,22.320097,2384000
hardzero_plus_depr__c0p54__z1p05__lam0p030__nu0p50__psi1p00,hardzero_plus_depr,0.02,39,745,0.0,1,0.50661373,0.50661373,1.0289159,0.093558684,0.093558684,1.0,3.789825e-13,4.0507463e-12,-26.75494,2.2636602,0.75455344,0.16800001,0.0,0.13596751,22.320097,22.350098,2387200
hardzero_plus_depr__c0p54__z1p05__lam0p030__nu0p50__psi1p00,hardzero_plus_depr,0.02,39,746,0.0,1,0.50661373,0.50661373,1.0828282,0.0,0.08263648,0.0,0.0,3.9310256e-12,-28.955513,2.3822696,0.7940899,0.112,0.0,0.16149671,22.350098,22.380098,2390400
hardzero_plus_depr__c0p54__z1p05__lam0p030__nu0p50__psi1p00,hardzero_plus_depr,0.02,39,747,0.0,1,0.50661373,0.50661373,1.0035428,0.09918757,0.09918757,1.0,3.783851e-13,3.814844e-12,-26.2342,2.2078383,0.7359461,0.16000001,0.0,0.15055972,22.380098,22.410099,2393600
hardzero_plus_depr__c0p54__z1p05__lam0p030__nu0p50__psi1p00,hardzero_plus_depr,0.02,39,748,0.0,1,0.50661373,0.50661373,1.043733,0.09042052,0.09042052,1.0,3.3474544e-13,3.702096e-12,-28.059711,2.2962584,0.7654195,0.14400001,0.0,0.14751658,22.410099,22.4401,2396800
hardzero_plus_depr__c0p54__z1p05__lam0p030__nu0p50__psi1p00,hardzero_plus_depr,0.02,39,749,0.0,1,0.50661373,0.50661373,1.037053,0.091822065,0.091822065,1.0,3.2988727e-13,3.5926798e-12,-27.49927,2.281562,0.7605207,0.112,0.0,0.18394047,22.4401,22.4701,2400000
hardzero_plus_depr__c0p54__z1p05__lam0p030__nu0p50__psi1p00,hardzero_plus_depr,0.02,39,750,0.0,1,0.50661373,0.50661373,1.0333551,0.09260723,0.09260723,1.0,3.228749e-13,3.4864978e-12,-27.710226,2.2734268,0.7578089,0.112,0.0,0.15343432,22.4701,22.500101,2403200
hardzero_plus_depr__c0p54__z1p05__lam0p030__nu0p50__psi1p00,hardzero_plus_depr,0.02,39,751,0.0,1,0.50661373,0.50661373,1.0078796,0.09820201,0.09820201,1.0,3.3226197e-13,3.3834537e-12,-27.291878,2.2173793,0.73912644,0.208,0.0,0.14761382,22.500101,22.530102,2406400
hardzero_plus_depr__c0p54__z1p05__lam0p030__nu0p50__psi1p00,hardzero_plus_depr,0.02,39,752,0.0,1,0.50661373,0.50661373,0.9578005,0.11020454,0.11020454,1.0,3.618517e-13,3.2834553e-12,-26.659075,2.1072032,0.7024011,0.16800001,0.0,0.14608,22.530102,22.560102,2409600
hardzero_plus_depr__c0p54__z1p05__lam0p030__nu0p50__psi1p00,hardzero_plus_depr,0.02,39,753,0.0,1,0.50661373,0.50661373,1.0143999,0.096738674,0.096738674,1.0,3.0824933e-13,3.1864125e-12,-26.574106,2.2317243,0.7439081,0.17600001,0.0,0.12543026,22.560102,22.590103,2412800
hardzero_plus_depr__c0p54__z1p05__lam0p030__nu0p50__psi1p00,hardzero_plus_depr,0.02,39,754,0.0,1,0.50661373,0.50661373,1.0871376,0.0,0.081820555,0.0,0.0,3.0922374e-12,-28.361513,2.3917503,0.79725015,0.14,0.0,0.15829676,22.590103,22.620104,2416000
hardzero_plus_depr__c0p54__z1p05__lam0p030__nu0p50__psi1p00,hardzero_plus_depr,0.02,39,755,0.0,1,0.50661373,0.50661373,1.0599171,0.0,0.08711298,0.0,0.0,3.0008459e-12,-27.853264,2.331864,0.7772881,0.15200001,0.0,0.16100535,22.620104,22.650105,2419200
hardzero_plus_depr__c0p54__z1p05__lam0p030__nu0p50__psi1p00,hardzero_plus_depr,0.02,39,756,0.0,1,0.50661373,0.50661373,0.9617313,0.10921157,0.10921157,1.0,3.180411e-13,2.9121558e-12,-26.477898,2.1158512,0.70528376,0.136,0.0,0.157171,22.650105,22.680105,2422400
hardzero_plus_depr__c0p54__z1p05__lam0p030__nu0p50__psi1p00,hardzero_plus_depr,0.02,39,757,0.0,1,0.50661373,0.50661373,1.0074922,0.098289646,0.098289646,1.0,2.7777506e-13,2.8260866e-12,-26.619919,2.216527,0.73884237,0.136,0.0,0.14839359,22.680105,22.710106,2425600
hardzero_plus_depr__c0p54__z1p05__lam0p030__nu0p50__psi1p00,hardzero_plus_depr,0.02,39,758,0.0,1,0.50661373,0.50661373,1.0522656,0.0,0.08866135,0.0,0.0,2.7425612e-12,-28.613228,2.3150306,0.7716769,0.16800001,0.0,0.1446874,22.710106,22.740107,2428800
hardzero_plus_depr__c0p54__z1p05__lam0p030__nu0p50__psi1p00,hardzero_plus_depr,0.02,39,759,0.0,1,0.50661373,0.50661373,1.0085467,0.09805128,0.09805128,1.0,2.609639e-13,2.6615043e-12,-27.543169,2.218847,0.7396157,0.2,0.0,0.13937356,22.740107,22.770107,2432000
hardzero_plus_depr__c0p54__z1p05__lam0p030__nu0p50__psi1p00,hardzero_plus_depr,0.02,39,760,0.0,1,0.50661373,0.50661373,1.0475017,0.08963927,0.08963927,1.0,2.3152416e-13,2.582843e-12,-27.687674,2.3045497,0.76818323,0.2,0.0,0.13305521,22.770107,22.800108,2435200
hardzero_plus_depr__c0p54__z1p05__lam0p030__nu0p50__psi1p00,hardzero_plus_depr,0.02,39,761,0.0,1,0.50661373,0.50661373,1.0202353,0.09544754,0.09544754,1.0,2.3923992e-13,2.506507e-12,-27.151737,2.2445624,0.7481875,0.120000005,0.0,0.14520988,22.800108,22.830109,2438400
hardzero_plus_depr__c0p54__z1p05__lam0p030__nu0p50__psi1p00,hardzero_plus_depr,0.02,39,762,0.0,1,0.50661373,0.50661373,1.0820688,0.0,0.0827811,0.0,0.0,2.432427e-12,-27.886772,2.3805988,0.79353297,0.072000004,0.0,0.1689896,22.830109,22.86011,2441600
hardzero_plus_depr__c0p54__z1p05__lam0p030__nu0p50__psi1p00,hardzero_plus_depr,0.02,39,763,0.0,1,0.50661373,0.50661373,1.0030901,0.09929099,0.09929099,1.0,2.3437993e-13,2.3605358e-12,-26.474041,2.2068424,0.7356142,0.18400002,0.0,0.15405977,22.86011,22.89011,2444800
hardzero_plus_depr__c0p54__z1p05__lam0p030__nu0p50__psi1p00,hardzero_plus_depr,0.02,39,764,0.0,1,0.50661373,0.50661373,1.0387032,0.0914738,0.0914738,1.0,2.0954546e-13,2.2907702e-12,-27.32846,2.2851927,0.7617309,0.17600001,0.0,0.13759135,22.89011,22.92011,2448000
hardzero_plus_depr__c0p54__z1p05__lam0p030__nu0p50__psi1p00,hardzero_plus_depr,0.02,39,765,0.0,1,0.50661373,0.50661373,1.060308,0.0,0.08703461,0.0,0.0,2.2230663e-12,-28.14494,2.332724,0.7775747,0.192,0.0,0.15128547,22.92011,22.950111,2451200
hardzero_plus_depr__c0p54__z1p05__lam0p030__nu0p50__psi1p00,hardzero_plus_depr,0.02,39,766,0.0,1,0.50661373,0.50661373,1.0067006,0.09846896,0.09846896,1.0,2.1243329e-13,2.157363e-12,-27.675982,2.2147856,0.7382619,0.2,0.0,0.15563397,22.950111,22.980112,2454400
hardzero_plus_depr__c0p54__z1p05__lam0p030__nu0p50__psi1p00,hardzero_plus_depr,0.02,39,767,0.0,1,0.50661373,0.50661373,1.043285,0.09051385,0.09051385,1.0,1.8949997e-13,2.093602e-12,-27.883707,2.2952728,0.76509094,0.22999999,0.0,0.18104577,22.980112,23.010113,2457600
hardzero_plus_depr__c0p54__z1p05__lam0p030__nu0p50__psi1p00,hardzero_plus_depr,0.02,39,768,0.0,1,0.50661373,0.50661373,1.006395,0.09853829,0.09853829,1.0,2.0020274e-13,2.0317255e-12,-26.545794,2.2141132,0.73803777,0.18400002,0.0,0.13191172,23.010113,23.040113,2460800
hardzero_plus_depr__c0p54__z1p05__lam0p030__nu0p50__psi1p00,hardzero_plus_depr,0.02,39,769,0.0,1,0.50661373,0.50661373,1.0323981,0.09281151,0.09281151,1.0,1.8299435e-13,1.9716774e-12,-27.162527,2.271321,0.757107,0.080000006,0.0,0.15102723,23.040113,23.070114,2464000
hardzero_plus_depr__c0p54__z1p05__lam0p030__nu0p50__psi1p00,hardzero_plus_depr,0.02,39,770,0.0,1,0.50661373,0.50661373,1.0200698,0.09548391,0.09548391,1.0,1.8269931e-13,1.9134043e-12,-26.960505,2.2441986,0.7480662,0.120000005,0.0,0.13195486,23.070114,23.100115,2467200
hardzero_plus_depr__c0p54__z1p05__lam0p030__nu0p50__psi1p00,hardzero_plus_depr,0.02,39,771,0.0,1,0.50661373,0.50661373,1.1152811,0.0,0.076686494,0.0,0.0,1.8568532e-12,-28.828506,2.4536674,0.81788915,0.120000005,0.0,0.17830648,23.100115,23.130116,2470400
hardzero_plus_depr__c0p54__z1p05__lam0p030__nu0p50__psi1p00,hardzero_plus_depr,0.02,39,772,0.0,1,0.50661373,0.50661373,1.0622526,0.0,0.08664576,0.0,0.0,1.8019738e-12,-28.665312,2.3370025,0.7790009,0.120000005,0.0,0.15972991,23.130116,23.160116,2473600
hardzero_plus_depr__c0p54__z1p05__lam0p030__nu0p50__psi1p00,hardzero_plus_depr,0.02,39,773,0.0,1,0.50661373,0.50661373,0.99333006,0.10154767,0.10154767,1.0,1.7757807e-13,1.7487163e-12,-26.776314,2.1853697,0.7284566,0.18400002,0.0,0.14177538,23.160116,23.190117,2476800
hardzero_plus_depr__c0p54__z1p05__lam0p030__nu0p50__psi1p00,hardzero_plus_depr,0.02,39,774,0.0,1,0.50661373,0.50661373,0.9840762,0.103734635,0.103734635,1.0,1.7604105e-13,1.6970326e-12,-26.520142,2.165011,0.7216703,0.16000001,0.0,0.12551351,23.190117,23.220118,2480000
hardzero_plus_depr__c0p54__z1p05__lam0p030__nu0p50__psi1p00,hardzero_plus_depr,0.02,39,775,0.0,1,0.50661373,0.50661373,1.0019927,0.09954221,0.09954221,1.0,1.6393373e-13,1.6468765e-12,-26.747095,2.204428,0.73480934,0.16000001,0.0,0.11431737,23.220118,23.250118,2483200
hardzero_plus_depr__c0p54__z1p05__lam0p030__nu0p50__psi1p00,hardzero_plus_depr,0.02,39,776,0.0,1,0.50661373,0.50661373,1.0152948,0.096539535,0.096539535,1.0,1.5428976e-13,1.5982029e-12,-27.066345,2.2336931,0.7445644,0.2,0.0,0.1595828,23.250118,23.280119,2486400
hardzero_plus_depr__c0p54__z1p05__lam0p030__nu0p50__psi1p00,hardzero_plus_depr,0.02,39,777,0.0,1,0.50661373,0.50661373,0.99390507,0.101413295,0.101413295,1.0,1.5728876e-13,1.5509679e-12,-26.404058,2.1866348,0.72887826,0.16800001,0.0,0.14836106,23.280119,23.31012,2489600
hardzero_plus_depr__c0p54__z1p05__lam0p030__nu0p50__psi1p00,hardzero_plus_depr,0.02,39,778,0.0,1,0.50661373,0.50661373,1.0517497,0.0,0.088766746,0.0,0.0,1.5051288e-12,-27.363579,2.3138955,0.7712985,0.136,0.0,0.152813,23.31012,23.34012,2492800
hardzero_plus_depr__c0p54__z1p05__lam0p030__nu0p50__psi1p00,hardzero_plus_depr,0.02,39,779,0.0,1,0.50661373,0.50661373,1.000031,0.09999287,0.09999287,1.0,1.4605405e-13,1.4606446e-12,-25.870266,2.200112,0.7333707,0.14400001,0.0,0.13299794,23.34012,23.370121,2496000
hardzero_plus_depr__c0p54__z1p05__lam0p030__nu0p50__psi1p00,hardzero_plus_depr,0.02,39,780,0.0,1,0.50661373,0.50661373,1.0432805,0.09051478,0.09051478,1.0,1.2830243e-13,1.4174749e-12,-27.21108,2.2952628,0.7650876,0.13,0.0,0.16858317,23.370121,23.400122,2499200
hardzero_plus_depr__c0p54__z1p05__lam0p030__nu0p50__psi1p00,hardzero_plus_depr,0.02,39,781,0.0,1,0.50661373,0.50661373,1.131202,0.0,0.073926136,0.0,0.0,1.3755813e-12,-28.943611,2.488694,0.8295647,0.08800001,0.0,0.16046692,23.400122,23.430122,2502400
hardzero_plus_depr__c0p54__z1p05__lam0p030__nu0p50__psi1p00,hardzero_plus_depr,0.02,39,782,0.0,1,0.50661373,0.50661373,0.9977472,0.100520074,0.100520074,1.0,1.3418685e-13,1.3349259e-12,-26.12292,2.1950877,0.7316959,0.15200001,0.0,0.15922411,23.430122,23.460123,2505600
hardzero_plus_depr__c0p54__z1p05__lam0p030__nu0p50__psi1p00,hardzero_plus_depr,0.02,39,783,0.0,1,0.50661373,0.50661373,0.952986,0.111433044,0.111433044,1.0,1.4435838e-13,1.2954719e-12,-25.86607,2.096611,0.69887036,0.216,0.0,0.14335199,23.460123,23.490124,2508800
hardzero_plus_depr__c0p54__z1p05__lam0p030__nu0p50__psi1p00,hardzero_plus_depr,0.02,39,784,0.0,1,0.50661373,0.50661373,1.0491327,0.089303255,0.089303255,1.0,1.12270626e-13,1.257184e-12,-27.86604,2.3081381,0.7693794,0.136,0.0,0.16468588,23.490124,23.520124,2512000
hardzero_plus_depr__c0p54__z1p05__lam0p030__nu0p50__psi1p00,hardzero_plus_depr,0.02,39,785,0.0,1,0.50661373,0.50661373,0.9393553,0.11498593,0.11498593,1.0,1.4028603e-13,1.2200278e-12,-24.96538,2.066623,0.68887436,0.112,0.0,0.10971679,23.520124,23.550125,2515200
hardzero_plus_depr__c0p54__z1p05__lam0p030__nu0p50__psi1p00,hardzero_plus_depr,0.02,39,786,0.0,1,0.50661373,0.50661373,1.0342634,0.09241375,0.09241375,1.0,1.0941508e-13,1.1839697e-12,-27.766865,2.275425,0.758475,0.136,0.0,0.13960472,23.550125,23.580126,2518400
hardzero_plus_depr__c0p54__z1p05__lam0p030__nu0p50__psi1p00,hardzero_plus_depr,0.02,39,787,0.0,1,0.50661373,0.50661373,1.0474017,0.089659914,0.089659914,1.0,1.03017204e-13,1.1489773e-12,-27.677002,2.3043296,0.7681099,0.136,0.0,0.15026678,23.580126,23.610126,2521600
hardzero_plus_depr__c0p54__z1p05__lam0p030__nu0p50__psi1p00,hardzero_plus_depr,0.02,39,788,0.0,1,0.50661373,0.50661373,1.0058229,0.09866817,0.09866817,1.0,1.1001691e-13,1.1150192e-12,-26.840822,2.2128546,0.7376182,0.18400002,0.0,0.15394425,23.610126,23.640127,2524800
hardzero_plus_depr__c0p54__z1p05__lam0p030__nu0p50__psi1p00,hardzero_plus_depr,0.02,39,789,0.0,1,0.50661373,0.50661373,1.0014057,0.09967685,0.09967685,1.0,1.078568e-13,1.0820647e-12,-26.494146,2.2031367,0.73437893,0.14400001,0.0,0.14361505,23.640127,23.670128,2528000
hardzero_plus_depr__c0p54__z1p05__lam0p030__nu0p50__psi1p00,hardzero_plus_depr,0.02,39,790,0.0,1,0.50661373,0.50661373,1.0155447,0.09648401,0.09648401,1.0,1.0131632e-13,1.0500841e-12,-27.517155,2.234243,0.74474764,0.17600001,0.0,0.14561129,23.670128,23.700129,2531200
hardzero_plus_depr__c0p54__z1p05__lam0p030__nu0p50__psi1p00,hardzero_plus_depr,0.02,39,791,0.0,1,0.50661373,0.50661373,1.024354,0.09454662,0.09454662,1.0,9.634761e-14,1.0190487e-12,-26.268778,2.2536237,0.75120795,0.192,0.0,0.14122777,23.700129,23.73013,2534400
hardzero_plus_depr__c0p54__z1p05__lam0p030__nu0p50__psi1p00,hardzero_plus_depr,0.02,39,792,0.0,1,0.50661373,0.50661373,1.036004,0.092044115,0.092044115,1.0,9.102523e-14,9.889305e-13,-27.029266,2.2792542,0.75975144,0.17600001,0.0,0.16153519,23.73013,23.76013,2537600
hardzero_plus_depr__c0p54__z1p05__lam0p030__nu0p50__psi1p00,hardzero_plus_depr,0.02,39,793,0.0,1,0.50661373,0.50661373,1.07834,0.0,0.083494894,0.0,0.0,9.597026e-13,-28.698128,2.3723955,0.79079854,0.17999999,0.0,0.17104277,23.76013,23.79013,2540800
hardzero_plus_depr__c0p54__z1p05__lam0p030__nu0p50__psi1p00,hardzero_plus_depr,0.02,39,794,0.0,1,0.50661373,0.50661373,1.0638509,0.0,0.08632749,0.0,0.0,9.313384e-13,-27.887579,2.3405187,0.78017294,0.136,0.0,0.13928258,23.79013,23.820131,2544000
hardzero_plus_depr__c0p54__z1p05__lam0p030__nu0p50__psi1p00,hardzero_plus_depr,0.02,39,795,0.0,1,0.50661373,0.50661373,0.9941125,0.10136488,0.10136488,1.0,9.161486e-14,9.038126e-13,-27.089705,2.187091,0.7290304,0.208,0.0,0.14405698,23.820131,23.850132,2547200
hardzero_plus_depr__c0p54__z1p05__lam0p030__nu0p50__psi1p00,hardzero_plus_depr,0.02,39,796,0.0,1,0.50661373,0.50661373,1.0352603,0.09220186,0.09220186,1.0,8.087028e-14,8.771003e-13,-26.887934,2.2776182,0.75920606,0.18400002,0.0,0.15737428,23.850132,23.880133,2550400
hardzero_plus_depr__c0p54__z1p05__lam0p030__nu0p50__psi1p00,hardzero_plus_depr,0.02,39,797,0.0,1,0.50661373,0.50661373,1.0085263,0.098055884,0.098055884,1.0,8.3462954e-14,8.511774e-13,-27.861273,2.2188022,0.7396008,0.128,0.0,0.16423343,23.880133,23.910133,2553600
hardzero_plus_depr__c0p54__z1p05__lam0p030__nu0p50__psi1p00,hardzero_plus_depr,0.02,39,798,0.0,1,0.50661373,0.50661373,1.0221809,0.095020875,0.095020875,1.0,7.8489224e-14,8.2602084e-13,-27.598978,2.248843,0.74961436,0.136,0.0,0.17670196,23.910133,23.940134,2556800
hardzero_plus_depr__c0p54__z1p05__lam0p030__nu0p50__psi1p00,hardzero_plus_depr,0.02,39,799,0.0,1,0.50661373,0.50661373,1.0574683,0.0,0.087605566,0.0,0.0,8.016077e-13,-27.517994,2.3264766,0.7754922,0.17600001,0.0,0.12623836,23.940134,23.970135,2560000
hardzero_plus_depr__c0p54__z1p05__lam0p030__nu0p50__psi1p00,hardzero_plus_depr,0.02,39,800,0.0,1,0.50661373,0.50661373,1.0265785,0.094063565,0.094063565,1.0,7.317356e-14,7.7791603e-13,-26.885252,2.258518,0.7528393,0.224,0.0,0.18559125,23.970135,24.000135,2563200
hardzero_plus_depr__c0p54__z1p05__lam0p030__nu0p50__psi1p00,hardzero_plus_depr,0.02,39,801,0.0,1,0.50661373,0.50661373,1.0396799,0.09126833,0.09126833,1.0,6.8900716e-14,7.5492466e-13,-27.085247,2.2873414,0.7624471,0.136,0.0,0.1230496,24.000135,24.030136,2566400
hardzero_plus_depr__c0p54__z1p05__lam0p030__nu0p50__psi1p00,hardzero_plus_depr,0.02,39,802,0.0,1,0.50661373,0.50661373,1.0458587,0.089979015,0.089979015,1.0,6.591977e-14,7.326127e-13,-26.692924,2.3009353,0.76697844,0.16000001,0.0,0.12900949,24.030136,24.060137,2569600
hardzero_plus_depr__c0p54__z1p05__lam0p030__nu0p50__psi1p00,hardzero_plus_depr,0.02,39,803,0.0,1,0.50661373,0.50661373,0.9709806,0.106910266,0.106910266,1.0,7.6008956e-14,7.109603e-13,-26.506477,2.1362,0.71206665,0.17600001,0.0,0.13302039,24.060137,24.090137,2572800
hardzero_plus_depr__c0p54__z1p05__lam0p030__nu0p50__psi1p00,hardzero_plus_depr,0.02,39,804,0.0,1,0.50661373,0.50661373,1.0547405,0.0,0.088157535,0.0,0.0,6.8994783e-13,-27.922525,2.3204756,0.77349186,0.192,0.0,0.14210863,24.090137,24.120138,2576000
hardzero_plus_depr__c0p54__z1p05__lam0p030__nu0p50__psi1p00,hardzero_plus_depr,0.02,39,805,0.0,1,0.50661373,0.50661373,1.0572674,0.0,0.08764609,0.0,0.0,6.6955626e-13,-27.436462,2.3260348,0.77534497,0.16000001,0.0,0.13374579,24.120138,24.150139,2579200
hardzero_plus_depr__c0p54__z1p05__lam0p030__nu0p50__psi1p00,hardzero_plus_depr,0.02,39,806,0.0,1,0.50661373,0.50661373,1.0563985,0.0,0.087821625,0.0,0.0,6.4976746e-13,-28.490332,2.3241231,0.77470773,0.12,0.0,0.15281713,24.150139,24.18014,2582400
hardzero_plus_depr__c0p54__z1p05__lam0p030__nu0p50__psi1p00,hardzero_plus_depr,0.02,39,807,0.0,1,0.50661373,0.50661373,1.0597858,0.0,0.087139316,0.0,0.0,6.305635e-13,-26.956509,2.3315754,0.7771918,0.104,0.0,0.13401838,24.18014,24.21014,2585600
hardzero_plus_depr__c0p54__z1p05__lam0p030__nu0p50__psi1p00,hardzero_plus_depr,0.02,39,808,0.0,1,0.50661373,0.50661373,1.0661119,0.0,0.08587921,0.0,0.0,6.1192707e-13,-28.051867,2.345493,0.781831,0.15200001,0.0,0.17930613,24.21014,24.24014,2588800
hardzero_plus_depr__c0p54__z1p05__lam0p030__nu0p50__psi1p00,hardzero_plus_depr,0.02,39,809,0.0,1,0.50661373,0.50661373,0.99317104,0.101584844,0.101584844,1.0,6.0325293e-14,5.938415e-13,-26.584644,2.18502,0.72834,0.136,0.0,0.165265,24.24014,24.270142,2592000
hardzero_plus_depr__c0p54__z1p05__lam0p030__nu0p50__psi1p00,hardzero_plus_depr,0.02,39,810,0.0,1,0.50661373,0.50661373,1.0350082,0.0922554,0.0922554,1.0,5.3165903e-14,5.762904e-13,-27.933844,2.2770636,0.7590212,0.16800001,0.0,0.15284304,24.270142,24.300142,2595200
hardzero_plus_depr__c0p54__z1p05__lam0p030__nu0p50__psi1p00,hardzero_plus_depr,0.02,39,811,0.0,1,0.50661373,0.50661373,1.0141515,0.096794024,0.096794024,1.0,5.4132842e-14,5.592581e-13,-27.443779,2.2311778,0.74372596,0.14400001,0.0,0.13458285,24.300142,24.330143,2598400
hardzero_plus_depr__c0p54__z1p05__lam0p030__nu0p50__psi1p00,hardzero_plus_depr,0.02,39,812,0.0,1,0.50661373,0.50661373,1.0003244,0.09992533,0.09992533,1.0,5.4232386e-14,5.427291e-13,-27.372967,2.2007575,0.73358583,0.16000001,0.0,0.13682649,24.330143,24.360144,2601600
hardzero_plus_depr__c0p54__z1p05__lam0p030__nu0p50__psi1p00,hardzero_plus_depr,0.02,39,813,0.0,1,0.50661373,0.50661373,1.0517633,0.0,0.08876395,0.0,0.0,5.266887e-13,-28.071857,2.3139255,0.77130854,0.192,0.0,0.12268345,24.360144,24.390144,2604800
hardzero_plus_depr__c0p54__z1p05__lam0p030__nu0p50__psi1p00,hardzero_plus_depr,0.02,39,814,0.0,1,0.50661373,0.50661373,1.0231601,0.094806895,0.094806895,1.0,4.8457928e-14,5.111224e-13,-27.068853,2.250997,0.75033236,0.17600001,0.0,0.1612624,24.390144,24.420145,2608000
hardzero_plus_depr__c0p54__z1p05__lam0p030__nu0p50__psi1p00,hardzero_plus_depr,0.02,39,815,0.0,1,0.50661373,0.50661373,1.0348617,0.09228653,0.09228653,1.0,4.57756e-14,4.9601604e-13,-27.226574,2.2767413,0.75891376,0.16000001,0.0,0.13525905,24.420145,24.450146,2611200
hardzero_plus_depr__c0p54__z1p05__lam0p030__nu0p50__psi1p00,hardzero_plus_depr,0.02,39,816,0.0,1,0.50661373,0.50661373,1.0415386,0.09087855,0.09087855,1.0,4.3744962e-14,4.813563e-13,-28.300743,2.2914307,0.7638103,0.16000001,0.0,0.13466759,24.450146,24.480146,2614400
hardzero_plus_depr__c0p54__z1p05__lam0p030__nu0p50__psi1p00,hardzero_plus_depr,0.02,39,817,0.0,1,0.50661373,0.50661373,1.0367113,0.091894306,0.091894306,1.0,4.292656e-14,4.671297e-13,-28.039703,2.2808106,0.76027024,0.14400001,0.0,0.1660617,24.480146,24.510147,2617600
hardzero_plus_depr__c0p54__z1p05__lam0p030__nu0p50__psi1p00,hardzero_plus_depr,0.02,39,818,0.0,1,0.50661373,0.50661373,1.0081345,0.09814439,0.09814439,1.0,4.449117e-14,4.5332363e-13,-26.629196,2.21794,0.73931336,0.136,0.0,0.15195619,24.510147,24.540148,2620800
hardzero_plus_depr__c0p54__z1p05__lam0p030__nu0p50__psi1p00,hardzero_plus_depr,0.02,39,819,0.0,1,0.50661373,0.50661373,1.0897105,0.0,0.08133725,0.0,0.0,4.3992558e-13,-27.265461,2.3974109,0.799137,0.11,0.0,0.16322303,24.540148,24.570148,2624000
hardzero_plus_depr__c0p54__z1p05__lam0p030__nu0p50__psi1p00,hardzero_plus_depr,0.02,39,820,0.0,1,0.50661373,0.50661373,1.0871624,0.0,0.081815876,0.0,0.0,4.2692352e-13,-28.539103,2.391805,0.79726833,0.16000001,0.0,0.14591426,24.570148,24.60015,2627200
hardzero_plus_depr__c0p54__z1p05__lam0p030__nu0p50__psi1p00,hardzero_plus_depr,0.02,39,821,0.0,1,0.50661373,0.50661373,0.9907338,0.10215655,0.10215655,1.0,4.2324048e-14,4.1430577e-13,-27.035519,2.179658,0.72655267,0.16000001,0.0,0.16751614,24.60015,24.63015,2630400
hardzero_plus_depr__c0p54__z1p05__lam0p030__nu0p50__psi1p00,hardzero_plus_depr,0.02,39,822,0.0,1,0.50661373,0.50661373,1.0544819,0.0,0.088210054,0.0,0.0,4.0206087e-13,-28.24742,2.3199065,0.7733022,0.136,0.0,0.18246016,24.63015,24.66015,2633600
hardzero_plus_depr__c0p54__z1p05__lam0p030__nu0p50__psi1p00,hardzero_plus_depr,0.02,39,823,0.0,1,0.50661373,0.50661373,0.99649316,0.100810744,0.100810744,1.0,3.9334126e-14,3.901779e-13,-27.321016,2.1923287,0.73077625,0.2,0.0,0.15999629,24.66015,24.690151,2636800
hardzero_plus_depr__c0p54__z1p05__lam0p030__nu0p50__psi1p00,hardzero_plus_depr,0.02,39,824,0.0,1,0.50661373,0.50661373,1.0396593,0.09127266,0.09127266,1.0,3.4560042e-14,3.7864617e-13,-27.184538,2.287296,0.76243204,0.17600001,0.0,0.15729365,24.690151,24.720152,2640000
hardzero_plus_depr__c0p54__z1p05__lam0p030__nu0p50__psi1p00,hardzero_plus_depr,0.02,39,825,0.0,1,0.50661373,0.50661373,1.0051345,0.09882472,0.09882472,1.0,3.6313658e-14,3.6745523e-13,-26.773754,2.21134,0.73711336,0.16800001,0.0,0.12164083,24.720152,24.750153,2643200
hardzero_plus_depr__c0p54__z1p05__lam0p030__nu0p50__psi1p00,hardzero_plus_depr,0.02,39,826,0.0,1,0.50661373,0.50661373,1.012987,0.09705391,0.09705391,1.0,3.4608946e-14,3.5659507e-13,-26.372442,2.228616,0.742872,0.128,0.0,0.14587054,24.750153,24.780153,2646400
hardzero_plus_depr__c0p54__z1p05__lam0p030__nu0p50__psi1p00,hardzero_plus_depr,0.02,39,827,0.0,1,0.50661373,0.50661373,0.9829846,0.103995696,0.103995696,1.0,3.5988316e-14,3.460558e-13,-26.566431,2.1626093,0.7208698,0.208,0.0,0.13720742,24.780153,24.810154,2649600
hardzero_plus_depr__c0p54__z1p05__lam0p030__nu0p50__psi1p00,hardzero_plus_depr,0.02,39,828,0.0,1,0.50661373,0.50661373,1.0814407,0.0,0.08290091,0.0,0.0,3.358281e-13,-27.856974,2.379217,0.79307234,0.2,0.0,0.15071346,24.810154,24.840155,2652800
hardzero_plus_depr__c0p54__z1p05__lam0p030__nu0p50__psi1p00,hardzero_plus_depr,0.02,39,829,0.0,1,0.50661373,0.50661373,1.0362267,0.0919969,0.0919969,1.0,2.9982032e-14,3.2590263e-13,-28.126862,2.2797444,0.7599148,0.15200001,0.0,0.13720734,24.840155,24.870155,2656000
hardzero_plus_depr__c0p54__z1p05__lam0p030__nu0p50__psi1p00,hardzero_plus_depr,0.02,39,830,0.0,1,0.50661373,0.50661373,1.0211389,0.095249146,0.095249146,1.0,3.0124503e-14,3.1627058e-13,-27.55315,2.2465506,0.7488502,0.104,0.0,0.14881185,24.870155,24.900156,2659200
hardzero_plus_depr__c0p54__z1p05__lam0p030__nu0p50__psi1p00,hardzero_plus_depr,0.02,39,831,0.0,1,0.50661373,0.50661373,1.0276747,0.09382645,0.09382645,1.0,2.879751e-14,3.0692316e-13,-27.573431,2.2609293,0.75364316,0.208,0.0,0.18269078,24.900156,24.930157,2662400
hardzero_plus_depr__c0p54__z1p05__lam0p030__nu0p50__psi1p00,hardzero_plus_depr,0.02,39,832,0.0,1,0.50661373,0.50661373,1.046039,0.08994167,0.08994167,1.0,2.6789304e-14,2.9785197e-13,-28.683622,2.3013318,0.7671106,0.14999999,0.0,0.1682624,24.930157,24.960157,2665600
hardzero_plus_depr__c0p54__z1p05__lam0p030__nu0p50__psi1p00,hardzero_plus_depr,0.02,39,833,0.0,1,0.50661373,0.50661373,1.0005974,0.09986255,0.09986255,1.0,2.8865165e-14,2.8904892e-13,-27.09923,2.201358,0.73378605,0.208,0.0,0.15061557,24.960157,24.990158,2668800
hardzero_plus_depr__c0p54__z1p05__lam0p030__nu0p50__psi1p00,hardzero_plus_depr,0.02,39,834,0.0,1,0.50661373,0.50661373,1.0233191,0.09477218,0.09477218,1.0,2.6584171e-14,2.8050606e-13,-27.405125,2.251347,0.75044906,0.096,0.0,0.18108857,24.990158,25.020159,2672000
hardzero_plus_depr__c0p54__z1p05__lam0p030__nu0p50__psi1p00,hardzero_plus_depr,0.02,39,835,0.0,1,0.50661373,0.50661373,1.0343778,0.09238941,0.09238941,1.0,2.5149845e-14,2.7221565e-13,-27.976944,2.2756767,0.7585589,0.17600001,0.0,0.15206304,25.020159,25.05016,2675200
hardzero_plus_depr__c0p54__z1p05__lam0p030__nu0p50__psi1p00,hardzero_plus_depr,0.02,39,836,0.0,1,0.50661373,0.50661373,1.0229745,0.09484741,0.09484741,1.0,2.505587e-14,2.641703e-13,-26.478271,2.250589,0.75019634,0.15200001,0.0,0.15361443,25.05016,25.08016,2678400
hardzero_plus_depr__c0p54__z1p05__lam0p030__nu0p50__psi1p00,hardzero_plus_depr,0.02,39,837,0.0,1,0.50661373,0.50661373,1.0381294,0.09159475,0.09159475,1.0,2.3481476e-14,2.563627e-13,-26.515314,2.2839303,0.7613101,0.16000001,0.0,0.12215297,25.08016,25.11016,2681600
hardzero_plus_depr__c0p54__z1p05__lam0p030__nu0p50__psi1p00,hardzero_plus_depr,0.02,39,838,0.0,1,0.50661373,0.50661373,1.0006584,0.0998485,0.0998485,1.0,2.4840895e-14,2.4878586e-13,-27.021633,2.2014923,0.7338308,0.16000001,0.0,0.15658525,25.11016,25.140162,2684800
hardzero_plus_depr__c0p54__z1p05__lam0p030__nu0p50__psi1p00,hardzero_plus_depr,0.02,39,839,0.0,1,0.50661373,0.50661373,1.0262697,0.094130486,0.094130486,1.0,2.2726204e-14,2.4143299e-13,-27.444204,2.2578385,0.7526128,0.112,0.0,0.14554869,25.140162,25.170162,2688000
hardzero_plus_depr__c0p54__z1p05__lam0p030__nu0p50__psi1p00,hardzero_plus_depr,0.02,39,840,0.0,1,0.50661373,0.50661373,1.0591042,0.0,0.08727619,0.0,0.0,2.342974e-13,-27.13683,2.3300757,0.7766919,0.120000005,0.0,0.14510529,25.170162,25.200163,2691200
hardzero_plus_depr__c0p54__z1p05__lam0p030__nu0p50__psi1p00,hardzero_plus_depr,0.02,39,841,0.0,1,0.50661373,0.50661373,1.0182995,0.095873944,0.095873944,1.0,2.1799116e-14,2.2737269e-13,-27.285275,2.2403035,0.7467679,0.18400002,0.0,0.1859057,25.200163,25.230164,2694400
hardzero_plus_depr__c0p54__z1p05__lam0p030__nu0p50__psi1p00,hardzero_plus_depr,0.02,39,842,0.0,1,0.50661373,0.50661373,1.058525,0.0,0.087392665,0.0,0.0,2.2065265e-13,-27.086372,2.3288014,0.7762672,0.112,0.0,0.14551799,25.230164,25.260164,2697600
hardzero_plus_depr__c0p54__z1p05__lam0p030__nu0p50__psi1p00,hardzero_plus_depr,0.02,39,843,0.0,1,0.50661373,0.50661373,1.0388447,0.091444016,0.091444016,1.0,1.9581022e-14,2.1413124e-13,-27.783869,2.285504,0.76183474,0.2,0.0,0.15895113,25.260164,25.290165,2700800
hardzero_plus_depr__c0p54__z1p05__lam0p030__nu0p50__psi1p00,hardzero_plus_depr,0.02,39,844,0.0,1,0.50661373,0.50661373,1.0461863,0.08991117,0.08991117,1.0,1.8683771e-14,2.0780257e-13,-27.527056,2.301656,0.7672187,0.15200001,0.0,0.14156045,25.290165,25.320166,2704000
hardzero_plus_depr__c0p54__z1p05__lam0p030__nu0p50__psi1p00,hardzero_plus_depr,0.02,39,845,0.0,1,0.50661373,0.50661373,1.1292548,0.0,0.07425832,0.0,0.0,2.0166093e-13,-29.194702,2.4844103,0.8281368,0.12,0.0,0.17691228,25.320166,25.350166,2707200
hardzero_plus_depr__c0p54__z1p05__lam0p030__nu0p50__psi1p00,hardzero_plus_depr,0.02,39,846,0.0,1,0.50661373,0.50661373,1.0052612,0.098795876,0.098795876,1.0,1.9334435e-14,1.9570082e-13,-26.513828,2.2116187,0.7372062,0.18400002,0.0,0.16057186,25.350166,25.380167,2710400
hardzero_plus_depr__c0p54__z1p05__lam0p030__nu0p50__psi1p00,hardzero_plus_depr,0.02,39,847,0.0,1,0.50661373,0.50661373,1.0460905,0.08993102,0.08993102,1.0,1.7079415e-14,1.8991685e-13,-27.406202,2.301445,0.7671484,0.2,0.0,0.1701353,25.380167,25.410168,2713600
hardzero_plus_depr__c0p54__z1p05__lam0p030__nu0p50__psi1p00,hardzero_plus_depr,0.02,39,848,0.0,1,0.50661373,0.50661373,1.0248169,0.0944459,0.0944459,1.0,1.7406742e-14,1.8430384e-13,-27.158297,2.254642,0.75154734,0.17600001,0.0,0.16656348,25.410168,25.440168,2716800
hardzero_plus_depr__c0p54__z1p05__lam0p030__nu0p50__psi1p00,hardzero_plus_depr,0.02,39,849,0.0,1,0.50661373,0.50661373,1.0011339,0.099739246,0.099739246,1.0,1.7839034e-14,1.7885671e-13,-26.951601,2.2025385,0.7341795,0.17600001,0.0,0.15950081,25.440168,25.47017,2720000
hardzero_plus_depr__c0p54__z1p05__lam0p030__nu0p50__psi1p00,hardzero_plus_depr,0.02,39,850,0.0,1,0.50661373,0.50661373,1.0629468,0.0,0.08650739,0.0,0.0,1.7357058e-13,-28.08008,2.3385296,0.7795099,0.136,0.0,0.15922758,25.47017,25.50017,2723200
hardzero_plus_depr__c0p54__z1p05__lam0p030__nu0p50__psi1p00,hardzero_plus_depr,0.02,39,851,0.0,1,0.50661373,0.50661373,1.0248125,0.09444687,0.09444687,1.0,1.5908695e-14,1.6844069e-13,-27.370329,2.2546325,0.7515442,0.2,0.0,0.1841454,25.50017,25.53017,2726400
hardzero_plus_depr__c0p54__z1p05__lam0p030__nu0p50__psi1p00,hardzero_plus_depr,0.02,39,852,0.0,1,0.50661373,0.50661373,1.0609515,0.0,0.08690574,0.0,0.0,1.6346238e-13,-27.503944,2.3341398,0.7780466,0.16800001,0.0,0.14902113,25.53017,25.560171,2729600
hardzero_plus_depr__c0p54__z1p05__lam0p030__nu0p50__psi1p00,hardzero_plus_depr,0.02,39,853,0.0,1,0.50661373,0.50661373,1.0170825,0.09614297,0.09614297,1.0,1.5251277e-14,1.5863123e-13,-27.010435,2.237626,0.74587536,0.16000001,0.0,0.1486865,25.560171,25.590172,2732800
hardzero_plus_depr__c0p54__z1p05__lam0p030__nu0p50__psi1p00,hardzero_plus_depr,0.02,39,854,0.0,1,0.50661373,0.50661373,1.1034813,0.0,0.07879862,0.0,0.0,1.5394286e-13,-28.244572,2.4277074,0.8092358,0.08800001,0.0,0.15519279,25.590172,25.620173,2736000
hardzero_plus_depr__c0p54__z1p05__lam0p030__nu0p50__psi1p00,hardzero_plus_depr,0.02,39,855,0.0,1,0.50661373,0.50661373,1.0721909,0.0,0.084685504,0.0,0.0,1.4939306e-13,-28.541737,2.358867,0.786289,0.112,0.0,0.17854863,25.620173,25.650173,2739200
hardzero_plus_depr__c0p54__z1p05__lam0p030__nu0p50__psi1p00,hardzero_plus_depr,0.02,39,856,0.0,1,0.50661373,0.50661373,1.032075,0.09288058,0.09288058,1.0,1.3465616e-14,1.4497774e-13,-27.00877,2.2706106,0.7568702,0.15200001,0.0,0.15471423,25.650173,25.680174,2742400
hardzero_plus_depr__c0p54__z1p05__lam0p030__nu0p50__psi1p00,hardzero_plus_depr,0.02,39,857,0.0,1,0.50661373,0.50661373,1.0291188,0.09351497,0.09351497,1.0,1.3156892e-14,1.4069289e-13,-27.54946,2.2641065,0.7547022,0.15200001,0.0,0.13934107,25.680174,25.710175,2745600
hardzero_plus_depr__c0p54__z1p05__lam0p030__nu0p50__psi1p00,hardzero_plus_depr,0.02,39,858,0.0,1,0.50661373,0.50661373,0.9997066,0.10006756,0.10006756,1.0,1.3662695e-14,1.365347e-13,-27.19583,2.1993985,0.73313284,0.13,0.0,0.13805118,25.710175,25.740175,2748800
hardzero_plus_depr__c0p54__z1p05__lam0p030__nu0p50__psi1p00,hardzero_plus_depr,0.02,39,859,0.0,1,0.50661373,0.50661373,0.98384607,0.10378963,0.10378963,1.0,1.3752064e-14,1.3249941e-13,-26.510399,2.1645045,0.7215015,0.18400002,0.0,0.1445171,25.740175,25.770176,2752000
hardzero_plus_depr__c0p54__z1p05__lam0p030__nu0p50__psi1p00,hardzero_plus_depr,0.02,39,860,0.0,1,0.50661373,0.50661373,1.015387,0.09651903,0.09651903,1.0,1.2410741e-14,1.2858336e-13,-27.71579,2.2338963,0.7446321,0.16000001,0.0,0.13198778,25.770176,25.800177,2755200
hardzero_plus_depr__c0p54__z1p05__lam0p030__nu0p50__psi1p00,hardzero_plus_depr,0.02,39,861,0.0,1,0.50661373,0.50661373,1.0289924,0.0935422,0.0935422,1.0,1.1672484e-14,1.2478308e-13,-27.320814,2.2638285,0.7546095,0.24800001,0.0,0.14591882,25.800177,25.830177,2758400
hardzero_plus_depr__c0p54__z1p05__lam0p030__nu0p50__psi1p00,hardzero_plus_depr,0.02,39,862,0.0,1,0.50661373,0.50661373,0.99174047,0.10192001,0.10192001,1.0,1.2342012e-14,1.2109508e-13,-26.770964,2.1818726,0.72729087,0.2,0.0,0.13453624,25.830177,25.860178,2761600
hardzero_plus_depr__c0p54__z1p05__lam0p030__nu0p50__psi1p00,hardzero_plus_depr,0.02,39,863,0.0,1,0.50661373,0.50661373,1.0861,0.0,0.082016274,0.0,0.0,1.175161e-13,-28.036238,2.3894677,0.79648924,0.16000001,0.008,0.18408763,25.860178,25.890179,2764800
hardzero_plus_depr__c0p54__z1p05__lam0p030__nu0p50__psi1p00,hardzero_plus_depr,0.02,39,864,0.0,1,0.50661373,0.50661373,1.0402005,0.09115899,0.09115899,1.0,1.0396036e-14,1.140429e-13,-27.716728,2.2884867,0.76282895,0.14400001,0.0,0.13224177,25.890179,25.92018,2768000
hardzero_plus_depr__c0p54__z1p05__lam0p030__nu0p50__psi1p00,hardzero_plus_depr,0.02,39,865,0.0,1,0.50661373,0.50661373,1.0310922,0.09309103,0.09309103,1.0,1.0302602e-14,1.1067234e-13,-26.851711,2.268448,0.7561494,0.216,0.0,0.15914741,25.92018,25.95018,2771200
hardzero_plus_depr__c0p54__z1p05__lam0p030__nu0p50__psi1p00,hardzero_plus_depr,0.02,39,866,0.0,1,0.50661373,0.50661373,1.0320473,0.09288653,0.09288653,1.0,9.976145e-15,1.0740141e-13,-27.867477,2.2705493,0.75684977,0.15200001,0.0,0.15482466,25.95018,25.98018,2774400
hardzero_plus_depr__c0p54__z1p05__lam0p030__nu0p50__psi1p00,hardzero_plus_depr,0.02,39,867,0.0,1,0.50661373,0.50661373,1.0579176,0.0,0.08751498,0.0,0.0,1.0422715e-13,-27.883602,2.327465,0.7758217,0.104,0.0,0.14171675,25.98018,26.010181,2777600
hardzero_plus_depr__c0p54__z1p05__lam0p030__nu0p50__psi1p00,hardzero_plus_depr,0.02,39,868,0.0,1,0.50661373,0.50661373,1.0834475,0.0,0.08251873,0.0,0.0,1.01146705e-13,-27.70457,2.383632,0.794544,0.128,0.0,0.1747678,26.010181,26.040182,2780800
hardzero_plus_depr__c0p54__z1p05__lam0p030__nu0p50__psi1p00,hardzero_plus_depr,0.02,39,869,0.0,1,0.50661373,0.50661373,1.0455507,0.09004287,0.09004287,1.0,8.8383644e-15,9.8157295e-14,-26.972729,2.3002574,0.7667525,0.192,0.0,0.14864215,26.040182,26.070183,2784000
hardzero_plus_depr__c0p54__z1p05__lam0p030__nu0p50__psi1p00,hardzero_plus_depr,0.02,39,870,0.0,1,0.50661373,0.50661373,1.017728,0.09600018,0.09600018,1.0,9.144617e-15,9.525625e-14,-26.88475,2.2390463,0.7463488,0.192,0.0,0.14324725,26.070183,26.100183,2787200
hardzero_plus_depr__c0p54__z1p05__lam0p030__nu0p50__psi1p00,hardzero_plus_depr,0.02,39,871,0.0,1,0.50661373,0.50661373,1.1340889,0.0,0.07343635,0.0,0.0,9.2440934e-14,-29.200727,2.4950454,0.83168185,0.11,0.0,0.19471197,26.100183,26.130184,2790400
hardzero_plus_depr__c0p54__z1p05__lam0p030__nu0p50__psi1p00,hardzero_plus_depr,0.02,39,872,0.0,1,0.50661373,0.50661373,1.0038012,0.09912856,0.09912856,1.0,8.892707e-15,8.9708826e-14,-26.623192,2.208407,0.73613566,0.192,0.0,0.12833104,26.130184,26.160185,2793600
hardzero_plus_depr__c0p54__z1p05__lam0p030__nu0p50__psi1p00,hardzero_plus_depr,0.02,39,873,0.0,1,0.50661373,0.50661373,1.0051321,0.09882525,0.09882525,1.0,8.603477e-15,8.705748e-14,-26.625902,2.2113347,0.73711157,0.136,0.0,0.14631923,26.160185,26.190186,2796800
hardzero_plus_depr__c0p54__z1p05__lam0p030__nu0p50__psi1p00,hardzero_plus_depr,0.02,39,874,0.0,1,0.50661373,0.50661373,1.0239064,0.09464413,0.09464413,1.0,7.99596e-15,8.4484476e-14,-27.316708,2.252639,0.7508797,0.120000005,0.008,0.14114203,26.190186,26.220186,2800000
hardzero_plus_depr__c0p54__z1p05__lam0p030__nu0p50__psi1p00,hardzero_plus_depr,0.02,39,875,0.0,1,0.50661373,0.50661373,1.027218,0.09392518,0.09392518,1.0,7.700693e-15,8.198753e-14,-27.068424,2.2599247,0.75330824,0.15200001,0.0,0.17265986,26.220186,26.250187,2803200
hardzero_plus_depr__c0p54__z1p05__lam0p030__nu0p50__psi1p00,hardzero_plus_depr,0.02,39,876,0.0,1,0.50661373,0.50661373,1.0274549,0.093873955,0.093873955,1.0,7.469022e-15,7.956437e-14,-27.590282,2.2604458,0.753482,0.14400001,0.0,0.13901718,26.250187,26.280188,2806400
hardzero_plus_depr__c0p54__z1p05__lam0p030__nu0p50__psi1p00,hardzero_plus_depr,0.02,39,877,0.0,1,0.50661373,0.50661373,1.0209506,0.09529046,0.09529046,1.0,7.3576475e-15,7.721285e-14,-27.614256,2.2461362,0.74871206,0.192,0.0,0.15250738,26.280188,26.310188,2809600
hardzero_plus_depr__c0p54__z1p05__lam0p030__nu0p50__psi1p00,hardzero_plus_depr,0.02,39,878,0.0,1,0.50661373,0.50661373,1.0087332,0.098009184,0.098009184,1.0,7.343907e-15,7.4930805e-14,-27.335838,2.2192574,0.7397525,0.17600001,0.0,0.13904534,26.310188,26.340189,2812800
hardzero_plus_depr__c0p54__z1p05__lam0p030__nu0p50__psi1p00,hardzero_plus_depr,0.02,39,879,0.0,1,0.50661373,0.50661373,1.0477545,0.0895871,0.0895871,1.0,6.5144347e-15,7.271621e-14,-26.650782,2.305106,0.76836866,0.112,0.0,0.14125273,26.340189,26.37019,2816000
hardzero_plus_depr__c0p54__z1p05__lam0p030__nu0p50__psi1p00,hardzero_plus_depr,0.02,39,880,0.0,1,0.50661373,0.50661373,1.0655668,0.0,0.08598708,0.0,0.0,7.0567074e-14,-27.630482,2.3442936,0.7814312,0.16000001,0.0,0.1639753,26.37019,26.40019,2819200
hardzero_plus_depr__c0p54__z1p05__lam0p030__nu0p50__psi1p00,hardzero_plus_depr,0.02,39,881,0.0,1,0.50661373,0.50661373,1.0862706,0.0,0.08198406,0.0,0.0,6.8481455e-14,-27.15736,2.389843,0.79661435,0.120000005,0.0,0.15181895,26.40019,26.430191,2822400
hardzero_plus_depr__c0p54__z1p05__lam0p030__nu0p50__psi1p00,hardzero_plus_depr,0.02,39,882,0.0,1,0.50661373,0.50661373,1.0533471,0.0,0.088440835,0.0,0.0,6.645748e-14,-27.58212,2.31741,0.77247,0.120000005,0.0,0.14622031,26.430191,26.460192,2825600
hardzero_plus_depr__c0p54__z1p05__lam0p030__nu0p50__psi1p00,hardzero_plus_depr,0.02,39,883,0.0,1,0.50661373,0.50661373,1.0303321,0.0932541,0.0932541,1.0,6.0142664e-15,6.449332e-14,-26.739225,2.2667758,0.755592,0.128,0.0,0.14469758,26.460192,26.490192,2828800
hardzero_plus_depr__c0p54__z1p05__lam0p030__nu0p50__psi1p00,hardzero_plus_depr,0.02,39,884,0.0,1,0.50661373,0.50661373,1.0339582,0.0924787,0.0924787,1.0,5.7879837e-15,6.258721e-14,-27.493994,2.2747536,0.7582512,0.16,0.0,0.15070292,26.490192,26.520193,2832000
hardzero_plus_depr__c0p54__z1p05__lam0p030__nu0p50__psi1p00,hardzero_plus_depr,0.02,39,885,0.0,1,0.50661373,0.50661373,1.0055656,0.09872662,0.09872662,1.0,5.9964025e-15,6.073744e-14,-27.193478,2.2122886,0.73742956,0.17600001,0.0,0.15366906,26.520193,26.550194,2835200
hardzero_plus_depr__c0p54__z1p05__lam0p030__nu0p50__psi1p00,hardzero_plus_depr,0.02,39,886,0.0,1,0.50661373,0.50661373,1.0744745,0.0,0.08424139,0.0,0.0,5.894233e-14,-27.82017,2.363891,0.7879636,0.16000001,0.0,0.18389972,26.550194,26.580194,2838400
hardzero_plus_depr__c0p54__z1p05__lam0p030__nu0p50__psi1p00,hardzero_plus_depr,0.02,39,887,0.0,1,0.50661373,0.50661373,1.0690477,0.0,0.08530064,0.0,0.0,5.7200284e-14,-27.438272,2.3519518,0.78398395,0.15200001,0.0,0.15169828,26.580194,26.610195,2841600
hardzero_plus_depr__c0p54__z1p05__lam0p030__nu0p50__psi1p00,hardzero_plus_depr,0.02,39,888,0.0,1,0.50661373,0.50661373,1.0269394,0.09398544,0.09398544,1.0,5.217106e-15,5.5509725e-14,-27.507664,2.2593117,0.7531039,0.16800001,0.0,0.16027224,26.610195,26.640196,2844800
hardzero_plus_depr__c0p54__z1p05__lam0p030__nu0p50__psi1p00,hardzero_plus_depr,0.02,39,889,0.0,1,0.50661373,0.50661373,1.1025523,0.0,0.07896736,0.0,0.0,5.3869127e-14,-27.919443,2.4256635,0.80855453,0.16000001,0.0,0.16581894,26.640196,26.670197,2848000
hardzero_plus_depr__c0p54__z1p05__lam0p030__nu0p50__psi1p00,hardzero_plus_depr,0.02,39,890,0.0,1,0.50661373,0.50661373,1.0090536,0.09793691,0.09793691,1.0,5.1198496e-15,5.2277017e-14,-27.135433,2.2199621,0.7399874,0.136,0.0,0.13223615,26.670197,26.700197,2851200
hardzero_plus_depr__c0p54__z1p05__lam0p030__nu0p50__psi1p00,hardzero_plus_depr,0.02,39,891,0.0,1,0.50661373,0.50661373,1.0008324,0.099808514,0.099808514,1.0,5.0634816e-15,5.073196e-14,-26.840412,2.2018752,0.7339584,0.16800001,0.0,0.13891335,26.700197,26.730198,2854400
hardzero_plus_depr__c0p54__z1p05__lam0p030__nu0p50__psi1p00,hardzero_plus_depr,0.02,39,892,0.0,1,0.50661373,0.50661373,1.0659506,0.0,0.08591111,0.0,0.0,4.9232574e-14,-27.773575,2.3451383,0.7817128,0.16800001,0.0,0.1564532,26.730198,26.760199,2857600
hardzero_plus_depr__c0p54__z1p05__lam0p030__nu0p50__psi1p00,hardzero_plus_depr,0.02,39,893,0.0,1,0.50661373,0.50661373,1.0746784,0.0,0.084201835,0.0,0.0,4.77775e-14,-27.527328,2.3643398,0.7881133,0.224,0.0,0.15813115,26.760199,26.7902,2860800
hardzero_plus_depr__c0p54__z1p05__lam0p030__nu0p50__psi1p00,hardzero_plus_depr,0.02,39,894,0.0,1,0.50661373,0.50661373,1.078044,0.0,0.083551824,0.0,0.0,4.6365428e-14,-27.782463,2.3717442,0.7905814,0.16800001,0.0,0.14310387,26.7902,26.8202,2864000
hardzero_plus_depr__c0p54__z1p05__lam0p030__nu0p50__psi1p00,hardzero_plus_depr,0.02,39,895,0.0,1,0.50661373,0.50661373,1.0517796,0.0,0.08876063,0.0,0.0,4.499509e-14,-27.991364,2.3139615,0.7713205,0.14400001,0.0,0.14937937,26.8202,26.8502,2867200
hardzero_plus_depr__c0p54__z1p05__lam0p030__nu0p50__psi1p00,hardzero_plus_depr,0.02,39,896,0.0,1,0.50661373,0.50661373,1.0031736,0.0992719,0.0992719,1.0,4.3347326e-15,4.3665253e-14,-27.00651,2.207026,0.73567533,0.128,0.0,0.14983825,26.8502,26.880201,2870400
hardzero_plus_depr__c0p54__z1p05__lam0p030__nu0p50__psi1p00,hardzero_plus_depr,0.02,39,897,0.0,1,0.50661373,0.50661373,1.012066,0.097259946,0.097259946,1.0,4.1213633e-15,4.2374724e-14,-26.480854,2.2265897,0.74219656,0.12,0.0,0.14394268,26.880201,26.910202,2873600
hardzero_plus_depr__c0p54__z1p05__lam0p030__nu0p50__psi1p00,hardzero_plus_depr,0.02,39,898,0.0,1,0.50661373,0.50661373,1.1019307,0.0,0.07908047,0.0,0.0,4.112233e-14,-28.99993,2.4242961,0.80809873,0.192,0.0,0.15474248,26.910202,26.940203,2876800
hardzero_plus_depr__c0p54__z1p05__lam0p030__nu0p50__psi1p00,hardzero_plus_depr,0.02,39,899,0.0,1,0.50661373,0.50661373,1.0024672,0.09943353,0.09943353,1.0,3.9680897e-15,3.9906958e-14,-27.240244,2.2054718,0.73515725,0.096,0.0,0.1410072,26.940203,26.970203,2880000
hardzero_plus_depr__c0p54__z1p05__lam0p030__nu0p50__psi1p00,hardzero_plus_depr,0.02,39,900,0.0,1,0.50661373,0.50661373,1.0614702,0.0,0.08680201,0.0,0.0,3.8727502e-14,-27.711449,2.335281,0.778427,0.136,0.0,0.1380868,26.970203,27.000204,2883200
hardzero_plus_depr__c0p54__z1p05__lam0p030__nu0p50__psi1p00,hardzero_plus_depr,0.02,39,901,0.0,1,0.50661373,0.50661373,1.011321,0.097426936,0.097426936,1.0,3.6615875e-15,3.7582906e-14,-27.705034,2.2249506,0.7416502,0.14400001,0.0,0.1504235,27.000204,27.030205,2886400
hardzero_plus_depr__c0p54__z1p05__lam0p030__nu0p50__psi1p00,hardzero_plus_depr,0.02,39,902,0.0,1,0.50661373,0.50661373,1.0369487,0.091844104,0.091844104,1.0,3.349751e-15,3.647214e-14,-27.557526,2.2813327,0.7604443,0.136,0.0,0.14900869,27.030205,27.060205,2889600
hardzero_plus_depr__c0p54__z1p05__lam0p030__nu0p50__psi1p00,hardzero_plus_depr,0.02,39,903,0.0,1,0.50661373,0.50661373,1.0604622,0.0,0.0870037,0.0,0.0,3.5394197e-14,-27.922209,2.3330636,0.7776879,0.16000001,0.0,0.14056611,27.060205,27.090206,2892800
hardzero_plus_depr__c0p54__z1p05__lam0p030__nu0p50__psi1p00,hardzero_plus_depr,0.02,39,904,0.0,1,0.50661373,0.50661373,1.025329,0.094334595,0.094334595,1.0,3.2402157e-15,3.4348118e-14,-26.471119,2.2557688,0.75192297,0.16000001,0.0,0.15717883,27.090206,27.120207,2896000
hardzero_plus_depr__c0p54__z1p05__lam0p030__nu0p50__psi1p00,hardzero_plus_depr,0.02,39,905,0.0,1,0.50661373,0.50661373,1.0439065,0.09038442,0.09038442,1.0,3.0127795e-15,3.3332952e-14,-27.900442,2.2966402,0.76554674,0.128,0.0,0.13971101,27.120207,27.150208,2899200
hardzero_plus_depr__c0p54__z1p05__lam0p030__nu0p50__psi1p00,hardzero_plus_depr,0.02,39,906,0.0,1,0.50661373,0.50661373,1.0903478,0.0,0.08121799,0.0,0.0,3.2347792e-14,-27.970455,2.398813,0.79960436,0.120000005,0.0,0.1557281,27.150208,27.180208,2902400
hardzero_plus_depr__c0p54__z1p05__lam0p030__nu0p50__psi1p00,hardzero_plus_depr,0.02,39,907,0.0,1,0.50661373,0.50661373,1.0185488,0.09581889,0.09581889,1.0,3.007923e-15,3.1391753e-14,-26.398632,2.240852,0.74695075,0.128,0.0,0.15396579,27.180208,27.210209,2905600
hardzero_plus_depr__c0p54__z1p05__lam0p030__nu0p50__psi1p00,hardzero_plus_depr,0.02,39,908,0.0,1,0.50661373,0.50661373,1.1007295,0.0,0.07929952,0.0,0.0,3.0463967e-14,-29.575855,2.4216533,0.8072178,0.128,0.0,0.19210178,27.210209,27.24021,2908800
hardzero_plus_depr__c0p54__z1p05__lam0p030__nu0p50__psi1p00,hardzero_plus_depr,0.02,39,909,0.0,1,0.50661373,0.50661373,1.0129691,0.09705789,0.09705789,1.0,2.8693802e-15,2.9563598e-14,-27.632711,2.2285767,0.7428589,0.136,0.0,0.1528487,27.24021,27.27021,2912000
hardzero_plus_depr__c0p54__z1p05__lam0p030__nu0p50__psi1p00,hardzero_plus_depr,0.02,39,910,0.0,1,0.50661373,0.50661373,1.0395646,0.09129255,0.09129255,1.0,2.619169e-15,2.8689843e-14,-27.581356,2.287088,0.76236266,0.14999999,0.0,0.14148423,27.27021,27.30021,2915200
hardzero_plus_depr__c0p54__z1p05__lam0p030__nu0p50__psi1p00,hardzero_plus_depr,0.02,39,911,0.0,1,0.50661373,0.50661373,1.0186414,0.09579849,0.09579849,1.0,2.667213e-15,2.7841909e-14,-26.647867,2.2410557,0.7470186,0.18400002,0.0,0.13030909,27.30021,27.330212,2918400
hardzero_plus_depr__c0p54__z1p05__lam0p030__nu0p50__psi1p00,hardzero_plus_depr,0.02,39,912,0.0,1,0.50661373,0.50661373,1.0233251,0.09477087,0.09477087,1.0,2.5606179e-15,2.7019038e-14,-27.042702,2.2513602,0.7504534,0.208,0.0,0.16438185,27.330212,27.360212,2921600
hardzero_plus_depr__c0p54__z1p05__lam0p030__nu0p50__psi1p00,hardzero_plus_depr,0.02,39,913,0.0,1,0.50661373,0.50661373,1.1268692,0.0,0.07466736,0.0,0.0,2.6220488e-14,-28.894873,2.4791617,0.8263873,0.112,0.0,0.16414854,27.360212,27.390213,2924800
hardzero_plus_depr__c0p54__z1p05__lam0p030__nu0p50__psi1p00,hardzero_plus_depr,0.02,39,914,0.0,1,0.50661373,0.50661373,1.021816,0.09510077,0.09510077,1.0,2.41989e-15,2.5445536e-14,-26.855026,2.2480402,0.74934673,0.23200001,0.0,0.13570078,27.390213,27.420214,2928000
hardzero_plus_depr__c0p54__z1p05__lam0p030__nu0p50__psi1p00,hardzero_plus_depr,0.02,39,915,0.0,1,0.50661373,0.50661373,1.0663774,0.0,0.085826725,0.0,0.0,2.469349e-14,-28.198915,2.3460772,0.78202575,0.112,0.0,0.16770525,27.420214,27.450214,2931200
hardzero_plus_depr__c0p54__z1p05__lam0p030__nu0p50__psi1p00,hardzero_plus_depr,0.02,39,916,0.0,1,0.50661373,0.50661373,1.0344366,0.092376895,0.092376895,1.0,2.2136897e-15,2.3963672e-14,-27.576488,2.275806,0.758602,0.15200001,0.0,0.15599708,27.450214,27.480215,2934400
hardzero_plus_depr__c0p54__z1p05__lam0p030__nu0p50__psi1p00,hardzero_plus_depr,0.02,39,917,0.0,1,0.50661373,0.50661373,0.99891835,0.10024936,0.10024936,1.0,2.3313413e-15,2.3255423e-14,-25.85204,2.1976643,0.7325548,0.2,0.0,0.12782145,27.480215,27.510216,2937600
hardzero_plus_depr__c0p54__z1p05__lam0p030__nu0p50__psi1p00,hardzero_plus_depr,0.02,39,918,0.0,1,0.50661373,0.50661373,1.0603743,0.0,0.08702133,0.0,0.0,2.2568104e-14,-27.261662,2.33287,0.77762336,0.136,0.0,0.14749452,27.510216,27.540216,2940800
hardzero_plus_depr__c0p54__z1p05__lam0p030__nu0p50__psi1p00,hardzero_plus_depr,0.02,39,919,0.0,1,0.50661373,0.50661373,1.0205104,0.095387086,0.095387086,1.0,2.0890823e-15,2.19011e-14,-26.229788,2.2451677,0.74838924,0.23200001,0.0,0.12500837,27.540216,27.570217,2944000
hardzero_plus_depr__c0p54__z1p05__lam0p030__nu0p50__psi1p00,hardzero_plus_depr,0.02,39,920,0.0,1,0.50661373,0.50661373,1.0306314,0.09318985,0.09318985,1.0,1.9806396e-15,2.1253812e-14,-27.323978,2.2674344,0.75581145,0.128,0.0,0.14746173,27.570217,27.600218,2947200
hardzero_plus_depr__c0p54__z1p05__lam0p030__nu0p50__psi1p00,hardzero_plus_depr,0.02,39,921,0.0,1,0.50661373,0.50661373,1.0809476,0.0,0.08299509,0.0,0.0,2.0625652e-14,-27.203558,2.3781323,0.7927108,0.16000001,0.0,0.14846748,27.600218,27.630219,2950400
hardzero_plus_depr__c0p54__z1p05__lam0p030__nu0p50__psi1p00,hardzero_plus_depr,0.02,39,922,0.0,1,0.50661373,0.50661373,1.1377269,0.0,0.072823755,0.0,0.0,2.001606e-14,-28.224176,2.5030491,0.83434975,0.104,0.0,0.16825192,27.630219,27.66022,2953600
hardzero_plus_depr__c0p54__z1p05__lam0p030__nu0p50__psi1p00,hardzero_plus_depr,0.02,39,923,0.0,1,0.50661373,0.50661373,1.0415723,0.09087149,0.09087149,1.0,1.7651314e-15,1.942448e-14,-26.880598,2.2915049,0.76383495,0.16,0.0,0.15707652,27.66022,27.69022,2956800
hardzero_plus_depr__c0p54__z1p05__lam0p030__nu0p50__psi1p00,hardzero_plus_depr,0.02,39,924,0.0,1,0.50661373,0.50661373,1.0404367,0.0911094,0.0911094,1.0,1.7174476e-15,1.8850388e-14,-27.29641,2.2890065,0.76300216,0.18400002,0.0,0.13708109,27.69022,27.72022,2960000
hardzero_plus_depr__c0p54__z1p05__lam0p030__nu0p50__psi1p00,hardzero_plus_depr,0.02,39,925,0.0,1,0.50661373,0.50661373,1.025526,0.094291806,0.094291806,1.0,1.7249049e-15,1.8293264e-14,-26.797642,2.2562025,0.7520675,0.216,0.008,0.17024189,27.72022,27.750221,2963200
hardzero_plus_depr__c0p54__z1p05__lam0p030__nu0p50__psi1p00,hardzero_plus_depr,0.02,39,926,0.0,1,0.50661373,0.50661373,1.0634192,0.0,0.086413346,0.0,0.0,1.7752601e-14,-27.191715,2.339569,0.7798564,0.120000005,0.0,0.154446,27.750221,27.780222,2966400
hardzero_plus_depr__c0p54__z1p05__lam0p030__nu0p50__psi1p00,hardzero_plus_depr,0.02,39,927,0.0,1,0.50661373,0.50661373,1.0733166,0.0,0.084466286,0.0,0.0,1.7227922e-14,-27.38868,2.3613436,0.78711456,0.136,0.0,0.12547146,27.780222,27.810223,2969600
hardzero_plus_depr__c0p54__z1p05__lam0p030__nu0p50__psi1p00,hardzero_plus_depr,0.02,39,928,0.0,1,0.50661373,0.50661373,1.0427799,0.09061918,0.09061918,1.0,1.5150392e-15,1.6718748e-14,-27.326487,2.2941616,0.76472056,0.16000001,0.0,0.15185376,27.810223,27.840223,2972800
hardzero_plus_depr__c0p54__z1p05__lam0p030__nu0p50__psi1p00,hardzero_plus_depr,0.02,39,929,0.0,1,0.50661373,0.50661373,1.0265166,0.09407699,0.09407699,1.0,1.5263637e-15,1.6224623e-14,-26.603914,2.2583816,0.7527939,0.08800001,0.0,0.117236204,27.840223,27.870224,2976000
hardzero_plus_depr__c0p54__z1p05__lam0p030__nu0p50__psi1p00,hardzero_plus_depr,0.02,39,930,0.0,1,0.50661373,0.50661373,1.0386368,0.09148781,0.09148781,1.0,1.4404851e-15,1.5745104e-14,-26.166876,2.2850466,0.7616822,0.136,0.0,0.1548662,27.870224,27.900225,2979200
hardzero_plus_depr__c0p54__z1p05__lam0p030__nu0p50__psi1p00,hardzero_plus_depr,0.02,39,931,0.0,1,0.50661373,0.50661373,1.0779958,0.0,0.083561115,0.0,0.0,1.5279753e-14,-27.866621,2.371638,0.79054606,0.15200001,0.0,0.15928523,27.900225,27.930225,2982400
hardzero_plus_depr__c0p54__z1p05__lam0p030__nu0p50__psi1p00,hardzero_plus_depr,0.02,39,932,0.0,1,0.50661373,0.50661373,1.0068872,0.09842666,0.09842666,1.0,1.4594862e-15,1.4828159e-14,-27.316315,2.2151961,0.73839873,0.120000005,0.0,0.12671804,27.930225,27.960226,2985600
hardzero_plus_depr__c0p54__z1p05__lam0p030__nu0p50__psi1p00,hardzero_plus_depr,0.02,39,933,0.0,1,0.50661373,0.50661373,1.0440183,0.09036114,0.09036114,1.0,1.3002887e-15,1.438991e-14,-27.505978,2.296886,0.7656287,0.17600001,0.0,0.13690099,27.960226,27.990227,2988800
hardzero_plus_depr__c0p54__z1p05__lam0p030__nu0p50__psi1p00,hardzero_plus_depr,0.02,39,934,0.0,1,0.50661373,0.50661373,1.0635784,0.0,0.08638169,0.0,0.0,1.3964615e-14,-27.952415,2.339919,0.77997303,0.136,0.0,0.1349298,27.990227,28.020227,2992000
hardzero_plus_depr__c0p54__z1p05__lam0p030__nu0p50__psi1p00,hardzero_plus_depr,0.02,39,935,0.0,1,0.50661373,0.50661373,1.041922,0.090798356,0.090798356,1.0,1.2304893e-15,1.3551889e-14,-26.701529,2.292274,0.7640914,0.080000006,0.0,0.15439187,28.020227,28.050228,2995200
hardzero_plus_depr__c0p54__z1p05__lam0p030__nu0p50__psi1p00,hardzero_plus_depr,0.02,39,936,0.0,1,0.50661373,0.50661373,0.98177433,0.10428592,0.10428592,1.0,1.3715018e-15,1.3151361e-14,-26.195992,2.1599467,0.71998227,0.16,0.0,0.12261615,28.050228,28.080229,2998400
hardzero_plus_depr__c0p54__z1p05__lam0p030__nu0p50__psi1p00,hardzero_plus_depr,0.02,39,937,0.0,1,0.50661373,0.50661373,1.049116,0.08930668,0.08930668,1.0,1.1397919e-15,1.27626715e-14,-27.424643,2.3081014,0.76936716,0.136,0.0,0.15240526,28.080229,28.11023,3001600
hardzero_plus_depr__c0p54__z1p05__lam0p030__nu0p50__psi1p00,hardzero_plus_depr,0.02,39,938,0.0,1,0.50661373,0.50661373,1.0214773,0.09517494,0.09517494,1.0,1.1787862e-15,1.2385468e-14,-27.18357,2.247295,0.7490983,0.112,0.0,0.13504396,28.11023,28.14023,3004800
hardzero_plus_depr__c0p54__z1p05__lam0p030__nu0p50__psi1p00,hardzero_plus_depr,0.02,39,939,0.0,1,0.50661373,0.50661373,1.0237967,0.09466803,0.09466803,1.0,1.1378543e-15,1.20194145e-14,-26.70051,2.2523975,0.7507992,0.208,0.0,0.16701436,28.14023,28.17023,3008000
hardzero_plus_depr__c0p54__z1p05__lam0p030__nu0p50__psi1p00,hardzero_plus_depr,0.02,39,940,0.0,1,0.50661373,0.50661373,1.031009,0.093108855,0.093108855,1.0,1.0860384e-15,1.166418e-14,-26.619413,2.268265,0.7560884,0.14400001,0.0,0.14665607,28.17023,28.200232,3011200
hardzero_plus_depr__c0p54__z1p05__lam0p030__nu0p50__psi1p00,hardzero_plus_depr,0.02,39,941,0.0,1,0.50661373,0.50661373,1.082174,0.0,0.08276106,0.0,0.0,1.13194425e-14,-27.766361,2.3808303,0.7936101,0.120000005,0.0,0.14626536,28.200232,28.230232,3014400
hardzero_plus_depr__c0p54__z1p05__lam0p030__nu0p50__psi1p00,hardzero_plus_depr,0.02,39,942,0.0,1,0.50661373,0.50661373,0.9984815,0.10035025,0.10035025,1.0,1.1023369e-15,1.0984894e-14,-27.168224,2.1967032,0.7322344,0.16000001,0.0,0.13074867,28.230232,28.260233,3017600
hardzero_plus_depr__c0p54__z1p05__lam0p030__nu0p50__psi1p00,hardzero_plus_depr,0.02,39,943,0.0,1,0.50661373,0.50661373,1.0396669,0.09127105,0.09127105,1.0,9.729708e-16,1.0660234e-14,-27.648422,2.2873127,0.7624376,0.18400002,0.0,0.12790799,28.260233,28.290234,3020800
hardzero_plus_depr__c0p54__z1p05__lam0p030__nu0p50__psi1p00,hardzero_plus_depr,0.02,39,944,0.0,1,0.50661373,0.50661373,1.0897633,0.0,0.08132736,0.0,0.0,1.0345171e-14,-28.143064,2.397527,0.7991757,0.14400001,0.0,0.167685,28.290234,28.320234,3024000
hardzero_plus_depr__c0p54__z1p05__lam0p030__nu0p50__psi1p00,hardzero_plus_depr,0.02,39,945,0.0,1,0.50661373,0.50661373,1.0231851,0.094801426,0.094801426,1.0,9.517511e-16,1.0039417e-14,-27.64882,2.2510521,0.7503507,0.192,0.008,0.15144575,28.320234,28.350235,3027200
hardzero_plus_depr__c0p54__z1p05__lam0p030__nu0p50__psi1p00,hardzero_plus_depr,0.02,39,946,0.0,1,0.50661373,0.50661373,1.0247521,0.09445997,0.09445997,1.0,9.202953e-16,9.742701e-15,-27.36742,2.2544997,0.7514999,0.128,0.0,0.14064737,28.350235,28.380236,3030400
hardzero_plus_depr__c0p54__z1p05__lam0p030__nu0p50__psi1p00,hardzero_plus_depr,0.02,39,947,0.0,1,0.50661373,0.50661373,0.97326535,0.10634929,0.10634929,1.0,1.0055065e-15,9.4547546e-15,-26.568586,2.1412265,0.7137422,0.264,0.0,0.16286036,28.380236,28.410236,3033600
hardzero_plus_depr__c0p54__z1p05__lam0p030__nu0p50__psi1p00,hardzero_plus_depr,0.02,39,948,0.0,1,0.50661373,0.50661373,1.0792552,0.0,0.08331914,0.0,0.0,9.1753175e-15,-28.410704,2.374409,0.7914697,0.16000001,0.0,0.16921303,28.410236,28.440237,3036800
hardzero_plus_depr__c0p54__z1p05__lam0p030__nu0p50__psi1p00,hardzero_plus_depr,0.02,39,949,0.0,1,0.50661373,0.50661373,0.98230505,0.10415855,0.10415855,1.0,9.274423e-16,8.90414e-15,-27.1904,2.1611142,0.7203714,0.22,0.0,0.14590894,28.440237,28.470238,3040000
hardzero_plus_depr__c0p54__z1p05__lam0p030__nu0p50__psi1p00,hardzero_plus_depr,0.02,39,950,0.0,1,0.50661373,0.50661373,1.0612317,0.0,0.08684969,0.0,0.0,8.640977e-15,-27.521759,2.3347564,0.7782521,0.2,0.0,0.17853,28.470238,28.500238,3043200
hardzero_plus_depr__c0p54__z1p05__lam0p030__nu0p50__psi1p00,hardzero_plus_depr,0.02,39,951,0.0,1,0.50661373,0.50661373,1.0544617,0.0,0.08821416,0.0,0.0,8.3855914e-15,-27.252148,2.3198621,0.7732874,0.216,0.0,0.16154051,28.500238,28.53024,3046400
hardzero_plus_depr__c0p54__z1p05__lam0p030__nu0p50__psi1p00,hardzero_plus_depr,0.02,39,952,0.0,1,0.50661373,0.50661373,1.0381287,0.0915949,0.0915949,1.0,7.453768e-16,8.137755e-15,-27.398888,2.2839289,0.7613096,0.17600001,0.0,0.14316787,28.53024,28.56024,3049600
hardzero_plus_depr__c0p54__z1p05__lam0p030__nu0p50__psi1p00,hardzero_plus_depr,0.02,39,953,0.0,1,0.50661373,0.50661373,1.0330639,0.09266933,0.09266933,1.0,7.318321e-16,7.897242e-15,-27.03045,2.272786,0.7575953,0.136,0.0,0.141025,28.56024,28.59024,3052800
hardzero_plus_depr__c0p54__z1p05__lam0p030__nu0p50__psi1p00,hardzero_plus_depr,0.02,39,954,0.0,1,0.50661373,0.50661373,1.0005153,0.0998814,0.0998814,1.0,7.654749e-16,7.663838e-15,-26.197847,2.2011776,0.7337259,0.112,0.0,0.124626964,28.59024,28.620241,3056000
hardzero_plus_depr__c0p54__z1p05__lam0p030__nu0p50__psi1p00,hardzero_plus_depr,0.02,39,955,0.0,1,0.50661373,0.50661373,0.99263906,0.10170936,0.10170936,1.0,7.5644627e-16,7.437332e-15,-26.19238,2.1838496,0.72794986,0.2,0.0,0.12922089,28.620241,28.650242,3059200
hardzero_plus_depr__c0p54__z1p05__lam0p030__nu0p50__psi1p00,hardzero_plus_depr,0.02,39,956,0.0,1,0.50661373,0.50661373,0.9947222,0.10122268,0.10122268,1.0,7.305767e-16,7.21752e-15,-27.58121,2.1884325,0.7294775,0.2,0.0,0.12846303,28.650242,28.680243,3062400
hardzero_plus_depr__c0p54__z1p05__lam0p030__nu0p50__psi1p00,hardzero_plus_depr,0.02,39,957,0.0,1,0.50661373,0.50661373,1.0555537,0.0,0.08799263,0.0,0.0,7.004206e-15,-26.733852,2.3222644,0.77408814,0.15200001,0.0,0.13092934,28.680243,28.710243,3065600
hardzero_plus_depr__c0p54__z1p05__lam0p030__nu0p50__psi1p00,hardzero_plus_depr,0.02,39,958,0.0,1,0.50661373,0.50661373,1.0516988,0.0,0.08877714,0.0,0.0,6.7971963e-15,-27.954723,2.3137836,0.7712612,0.16000001,0.0,0.14821492,28.710243,28.740244,3068800
hardzero_plus_depr__c0p54__z1p05__lam0p030__nu0p50__psi1p00,hardzero_plus_depr,0.02,39,959,0.0,1,0.50661373,0.50661373,1.0482237,0.08949037,0.08949037,1.0,5.903057e-16,6.596304e-15,-27.961891,2.3061383,0.76871276,0.136,0.0,0.1401698,28.740244,28.770245,3072000
hardzero_plus_depr__c0p54__z1p05__lam0p030__nu0p50__psi1p00,hardzero_plus_depr,0.02,39,960,0.0,1,0.50661373,0.50661373,1.0007768,0.09982129,0.09982129,1.0,6.389909e-16,6.401349e-15,-26.156067,2.201753,0.73391765,0.14400001,0.0,0.14313762,28.770245,28.800245,3075200
hardzero_plus_depr__c0p54__z1p05__lam0p030__nu0p50__psi1p00,hardzero_plus_depr,0.02,39,961,0.0,1,0.50661373,0.50661373,1.0058357,0.09866528,0.09866528,1.0,6.1292416e-16,6.212156e-15,-26.414906,2.2128825,0.7376275,0.104,0.0,0.15641266,28.800245,28.830246,3078400
hardzero_plus_depr__c0p54__z1p05__lam0p030__nu0p50__psi1p00,hardzero_plus_depr,0.02,39,962,0.0,1,0.50661373,0.50661373,1.0330217,0.092678346,0.092678346,1.0,5.5871654e-16,6.0285554e-15,-26.935438,2.2726932,0.7575644,0.17999999,0.0,0.14013036,28.830246,28.860247,3081600
hardzero_plus_depr__c0p54__z1p05__lam0p030__nu0p50__psi1p00,hardzero_plus_depr,0.02,39,963,0.0,1,0.50661373,0.50661373,1.0277258,0.0938154,0.0938154,1.0,5.488558e-16,5.8503803e-15,-27.56937,2.2610419,0.75368065,0.16800001,0.0,0.14810891,28.860247,28.890247,3084800
hardzero_plus_depr__c0p54__z1p05__lam0p030__nu0p50__psi1p00,hardzero_plus_depr,0.02,39,964,0.0,1,0.50661373,0.50661373,1.0348849,0.09228158,0.09228158,1.0,5.2392604e-16,5.6774717e-15,-27.773836,2.2767923,0.7589308,0.136,0.0,0.17200215,28.890247,28.920248,3088000
hardzero_plus_depr__c0p54__z1p05__lam0p030__nu0p50__psi1p00,hardzero_plus_depr,0.02,39,965,0.0,1,0.50661373,0.50661373,1.065876,0.0,0.085925885,0.0,0.0,5.509673e-15,-27.952278,2.344974,0.78165805,0.16800001,0.0,0.16062687,28.920248,28.950249,3091200
hardzero_plus_depr__c0p54__z1p05__lam0p030__nu0p50__psi1p00,hardzero_plus_depr,0.02,39,966,0.0,1,0.50661373,0.50661373,1.0614477,0.0,0.086806506,0.0,0.0,5.346834e-15,-27.727848,2.3352315,0.77841055,0.14400001,0.0,0.15933602,28.950249,28.98025,3094400
hardzero_plus_depr__c0p54__z1p05__lam0p030__nu0p50__psi1p00,hardzero_plus_depr,0.02,39,967,0.0,1,0.50661373,0.50661373,0.99979246,0.10004779,0.10004779,1.0,5.1912876e-16,5.188808e-15,-26.746109,2.1995873,0.7331958,0.128,0.0,0.1352608,28.98025,29.01025,3097600
hardzero_plus_depr__c0p54__z1p05__lam0p030__nu0p50__psi1p00,hardzero_plus_depr,0.02,39,968,0.0,1,0.50661373,0.50661373,1.0807449,0.0,0.08303384,0.0,0.0,5.0354516e-15,-27.521404,2.3776863,0.7925621,0.16000001,0.0,0.152007,29.01025,29.04025,3100800
hardzero_plus_depr__c0p54__z1p05__lam0p030__nu0p50__psi1p00,hardzero_plus_depr,0.02,39,969,0.0,1,0.50661373,0.50661373,1.1063871,0.0,0.07827315,0.0,0.0,4.8866288e-15,-28.455553,2.4341004,0.8113668,0.104,0.0,0.1528987,29.04025,29.070251,3104000
hardzero_plus_depr__c0p54__z1p05__lam0p030__nu0p50__psi1p00,hardzero_plus_depr,0.02,39,970,0.0,1,0.50661373,0.50661373,1.0218642,0.0950902,0.0950902,1.0,4.509371e-16,4.7422037e-15,-26.858765,2.248146,0.749382,0.16000001,0.0,0.15818143,29.070251,29.100252,3107200
hardzero_plus_depr__c0p54__z1p05__lam0p030__nu0p50__psi1p00,hardzero_plus_depr,0.02,39,971,0.0,1,0.50661373,0.50661373,1.0805882,0.0,0.083063796,0.0,0.0,4.602047e-15,-27.958363,2.3773415,0.7924472,0.16000001,0.0,0.16086553,29.100252,29.130253,3110400
hardzero_plus_depr__c0p54__z1p05__lam0p030__nu0p50__psi1p00,hardzero_plus_depr,0.02,39,972,0.0,1,0.50661373,0.50661373,1.0544097,0.0,0.08822472,0.0,0.0,4.466033e-15,-27.99815,2.3197477,0.77324927,0.17600001,0.0,0.16851443,29.130253,29.160254,3113600
hardzero_plus_depr__c0p54__z1p05__lam0p030__nu0p50__psi1p00,hardzero_plus_depr,0.02,39,973,0.0,1,0.50661373,0.50661373,1.0728631,0.0,0.08455453,0.0,0.0,4.334039e-15,-27.815153,2.3603458,0.78678197,0.104,0.0,0.15339339,29.160254,29.190254,3116800
hardzero_plus_depr__c0p54__z1p05__lam0p030__nu0p50__psi1p00,hardzero_plus_depr,0.02,39,974,0.0,1,0.50661373,0.50661373,1.0703862,0.0,0.08503816,0.0,0.0,4.2059455e-15,-28.015316,2.3548965,0.7849655,0.14400001,0.0,0.15917386,29.190254,29.220255,3120000
hardzero_plus_depr__c0p54__z1p05__lam0p030__nu0p50__psi1p00,hardzero_plus_depr,0.02,39,975,0.0,1,0.50661373,0.50661373,1.0167953,0.096206576,0.096206576,1.0,3.9268048e-16,4.0816387e-15,-26.648518,2.2369943,0.7456648,0.13,0.0,0.116152614,29.220255,29.250256,3123200
hardzero_plus_depr__c0p54__z1p05__lam0p030__nu0p50__psi1p00,hardzero_plus_depr,0.02,39,976,0.0,1,0.50661373,0.50661373,0.97263217,0.106504455,0.106504455,1.0,4.218647e-16,3.961005e-15,-25.70547,2.1398335,0.7132778,0.208,0.0,0.14138593,29.250256,29.280256,3126400
hardzero_plus_depr__c0p54__z1p05__lam0p030__nu0p50__psi1p00,hardzero_plus_depr,0.02,39,977,0.0,1,0.50661373,0.50661373,1.0452775,0.090099536,0.090099536,1.0,3.4633695e-16,3.843937e-15,-26.718473,2.2996564,0.76655215,0.120000005,0.0,0.14700897,29.280256,29.310257,3129600
hardzero_plus_depr__c0p54__z1p05__lam0p030__nu0p50__psi1p00,hardzero_plus_depr,0.02,39,978,0.0,1,0.50661373,0.50661373,1.0272696,0.09391401,0.09391401,1.0,3.5033018e-16,3.7303293e-15,-27.3031,2.2600381,0.7533461,0.14400001,0.0,0.13740173,29.310257,29.340258,3132800
hardzero_plus_depr__c0p54__z1p05__lam0p030__nu0p50__psi1p00,hardzero_plus_depr,0.02,39,979,0.0,1,0.50661373,0.50661373,1.0655239,0.0,0.08599557,0.0,0.0,3.6200786e-15,-27.676685,2.3441994,0.78139985,0.14400001,0.0,0.15742838,29.340258,29.370258,3136000
hardzero_plus_depr__c0p54__z1p05__lam0p030__nu0p50__psi1p00,hardzero_plus_depr,0.02,39,980,0.0,1,0.50661373,0.50661373,1.025664,0.09426186,0.09426186,1.0,3.311501e-16,3.5130867e-15,-27.267408,2.2565057,0.7521686,0.16800001,0.0,0.16035403,29.370258,29.400259,3139200
hardzero_plus_depr__c0p54__z1p05__lam0p030__nu0p50__psi1p00,hardzero_plus_depr,0.02,39,981,0.0,1,0.50661373,0.50661373,1.0119869,0.09727767,0.09727767,1.0,3.3164455e-16,3.4092568e-15,-27.178963,2.2264156,0.74213856,0.14400001,0.0,0.14397033,29.400259,29.43026,3142400
hardzero_plus_depr__c0p54__z1p05__lam0p030__nu0p50__psi1p00,hardzero_plus_depr,0.02,39,982,0.0,1,0.50661373,0.50661373,1.0227572,0.094894886,0.094894886,1.0,3.1395933e-16,3.3084957e-15,-27.01143,2.2501106,0.7500369,0.192,0.008,0.14417842,29.43026,29.46026,3145600
hardzero_plus_depr__c0p54__z1p05__lam0p030__nu0p50__psi1p00,hardzero_plus_depr,0.02,39,983,0.0,1,0.50661373,0.50661373,1.0370007,0.091833115,0.091833115,1.0,2.9484976e-16,3.210713e-15,-26.388487,2.281447,0.7604823,0.112,0.0,0.15090021,29.46026,29.490261,3148800
hardzero_plus_depr__c0p54__z1p05__lam0p030__nu0p50__psi1p00,hardzero_plus_depr,0.02,39,984,0.0,1,0.50661373,0.50661373,1.0468676,0.08977025,0.08977025,1.0,2.7970793e-16,3.1158198e-15,-27.5058,2.3031547,0.76771826,0.16000001,0.008,0.15019648,29.490261,29.520262,3152000
hardzero_plus_depr__c0p54__z1p05__lam0p030__nu0p50__psi1p00,hardzero_plus_depr,0.02,39,985,0.0,1,0.50661373,0.50661373,1.101215,0.0,0.079210915,0.0,0.0,3.023731e-15,-28.110405,2.4227214,0.8075738,0.104,0.0,0.19363256,29.520262,29.550262,3155200
hardzero_plus_depr__c0p54__z1p05__lam0p030__nu0p50__psi1p00,hardzero_plus_depr,0.02,39,986,0.0,1,0.50661373,0.50661373,1.1090416,0.0,0.07779621,0.0,0.0,2.9343646e-15,-28.418034,2.4399402,0.8133134,0.128,0.0,0.16132127,29.550262,29.580263,3158400
hardzero_plus_depr__c0p54__z1p05__lam0p030__nu0p50__psi1p00,hardzero_plus_depr,0.02,39,987,0.0,1,0.50661373,0.50661373,0.96651566,0.10801507,0.10801507,1.0,3.0758792e-16,2.847639e-15,-26.307167,2.1263769,0.7087923,0.18400002,0.0,0.13789137,29.580263,29.610264,3161600
hardzero_plus_depr__c0p54__z1p05__lam0p030__nu0p50__psi1p00,hardzero_plus_depr,0.02,39,988,0.0,1,0.50661373,0.50661373,1.0118352,0.09731165,0.09731165,1.0,2.6891848e-16,2.7634765e-15,-26.677652,2.2260818,0.7420273,0.17,0.0,0.16720687,29.610264,29.640265,3164800
hardzero_plus_depr__c0p54__z1p05__lam0p030__nu0p50__psi1p00,hardzero_plus_depr,0.02,39,989,0.0,1,0.50661373,0.50661373,1.0649174,0.0,0.08611574,0.0,0.0,2.681802e-15,-27.045732,2.3428652,0.7809551,0.14400001,0.0,0.14545654,29.640265,29.670265,3168000
hardzero_plus_depr__c0p54__z1p05__lam0p030__nu0p50__psi1p00,hardzero_plus_depr,0.02,39,990,0.0,1,0.50661373,0.50661373,0.9992918,0.100163214,0.100163214,1.0,2.6067884e-16,2.6025407e-15,-26.76609,2.1984859,0.7328286,0.16800001,0.0,0.11918969,29.670265,29.700266,3171200
hardzero_plus_depr__c0p54__z1p05__lam0p030__nu0p50__psi1p00,hardzero_plus_depr,0.02,39,991,0.0,1,0.50661373,0.50661373,1.0076042,0.09826429,0.09826429,1.0,2.4817848e-16,2.5256223e-15,-26.659517,2.2167735,0.7389245,0.14400001,0.0,0.13983034,29.700266,29.730267,3174400
hardzero_plus_depr__c0p54__z1p05__lam0p030__nu0p50__psi1p00,hardzero_plus_depr,0.02,39,992,0.0,1,0.50661373,0.50661373,0.9924895,0.10174438,0.10174438,1.0,2.4937317e-16,2.4509773e-15,-27.025673,2.1835206,0.7278402,0.16000001,0.0,0.14080958,29.730267,29.760267,3177600
hardzero_plus_depr__c0p54__z1p05__lam0p030__nu0p50__psi1p00,hardzero_plus_depr,0.02,39,993,0.0,1,0.50661373,0.50661373,1.0306208,0.093192115,0.093192115,1.0,2.21661e-16,2.3785382e-15,-26.511246,2.267411,0.7558037,0.16800001,0.0,0.11992333,29.760267,29.790268,3180800
hardzero_plus_depr__c0p54__z1p05__lam0p030__nu0p50__psi1p00,hardzero_plus_depr,0.02,39,994,0.0,1,0.50661373,0.50661373,0.9802916,0.10464258,0.10464258,1.0,2.415402e-16,2.3082402e-15,-26.596533,2.1566846,0.7188949,0.17600001,0.0,0.12245242,29.790268,29.820269,3184000
hardzero_plus_depr__c0p54__z1p05__lam0p030__nu0p50__psi1p00,hardzero_plus_depr,0.02,39,995,0.0,1,0.50661373,0.50661373,1.0636717,0.0,0.08636311,0.0,0.0,2.2400197e-15,-28.27464,2.3401244,0.78004146,0.136,0.0,0.16237018,29.820269,29.85027,3187200
hardzero_plus_depr__c0p54__z1p05__lam0p030__nu0p50__psi1p00,hardzero_plus_depr,0.02,39,996,0.0,1,0.50661373,0.50661373,1.0263909,0.09410421,0.09410421,1.0,2.0456522e-16,2.1738158e-15,-27.34866,2.258105,0.7527017,0.16000001,0.0,0.1554638,29.85027,29.88027,3190400
hardzero_plus_depr__c0p54__z1p05__lam0p030__nu0p50__psi1p00,hardzero_plus_depr,0.02,39,997,0.0,1,0.50661373,0.50661373,1.0467079,0.089803256,0.089803256,1.0,1.894461e-16,2.1095684e-15,-28.110544,2.3028033,0.76760113,0.104,0.0,0.15963136,29.88027,29.91027,3193600
hardzero_plus_depr__c0p54__z1p05__lam0p030__nu0p50__psi1p00,hardzero_plus_depr,0.02,39,998,0.0,1,0.50661373,0.50661373,1.0285943,0.093628,0.093628,1.0,1.9167708e-16,2.0472198e-15,-27.071978,2.2629526,0.7543175,0.128,0.0,0.13362376,29.91027,29.940271,3196800
hardzero_plus_depr__c0p54__z1p05__lam0p030__nu0p50__psi1p00,hardzero_plus_depr,0.02,39,999,0.0,1,0.50661373,0.50661373,1.0660971,0.0,0.08588214,0.0,0.0,1.9867139e-15,-28.35731,2.3454607,0.78182024,0.112,0.0,0.14551653,29.940271,29.970272,3200000
hardzero_plus_depr__c0p54__z1p05__lam0p030__nu0p50__psi1p00,hardzero_plus_depr,0.02,39,1000,0.0,1,0.50661373,0.50661373,1.0682324,0.0,0.08546092,0.0,0.0,1.9279963e-15,-28.799026,2.3501582,0.7833861,0.2,0.0,0.18265828,29.970272,30.000273,3203200
hardzero_plus_depr__c0p54__z1p05__lam0p030__nu0p50__psi1p00,hardzero_plus_depr,0.02,39,1001,0.0,1,0.50661373,0.50661373,1.000215,0.09995049,0.09995049,1.0,1.870088e-16,1.8710143e-15,-26.224133,2.200517,0.73350567,0.12,0.0,0.13455726,30.000273,30.030273,3206400
hardzero_plus_depr__c0p54__z1p05__lam0p030__nu0p50__psi1p00,hardzero_plus_depr,0.02,39,1002,0.0,1,0.50661373,0.50661373,1.0481163,0.0895125,0.0895125,1.0,1.6252929e-16,1.8157161e-15,-27.322521,2.305902,0.768634,0.192,0.0,0.15335575,30.030273,30.060274,3209600
hardzero_plus_depr__c0p54__z1p05__lam0p030__nu0p50__psi1p00,hardzero_plus_depr,0.02,39,1003,0.0,1,0.50661373,0.50661373,1.0522705,0.0,0.08866035,0.0,0.0,1.7620524e-15,-27.596504,2.3150413,0.7716805,0.17600001,0.0,0.17463425,30.060274,30.090275,3212800
hardzero_plus_depr__c0p54__z1p05__lam0p030__nu0p50__psi1p00,hardzero_plus_depr,0.02,39,1004,0.0,1,0.50661373,0.50661373,1.0319965,0.092897385,0.092897385,1.0,1.5885219e-16,1.7099748e-15,-26.635138,2.2704377,0.7568126,0.136,0.0,0.1372404,30.090275,30.120275,3216000
hardzero_plus_depr__c0p54__z1p05__lam0p030__nu0p50__psi1p00,hardzero_plus_depr,0.02,39,1005,0.0,1,0.50661373,0.50661373,1.0084273,0.098078266,0.098078266,1.0,1.627546e-16,1.659436e-15,-27.682812,2.2185843,0.7395281,0.16800001,0.0,0.16254914,30.120275,30.150276,3219200
hardzero_plus_depr__c0p54__z1p05__lam0p030__nu0p50__psi1p00,hardzero_plus_depr,0.02,39,1006,0.0,1,0.50661373,0.50661373,1.0706213,0.0,0.084992126,0.0,0.0,1.6103913e-15,-27.614374,2.355414,0.785138,0.14400001,0.0,0.14427234,30.150276,30.180277,3222400
hardzero_plus_depr__c0p54__z1p05__lam0p030__nu0p50__psi1p00,hardzero_plus_depr,0.02,39,1007,0.0,1,0.50661373,0.50661373,1.0552145,0.0,0.08806137,0.0,0.0,1.5627959e-15,-27.158903,2.3215182,0.7738394,0.104,0.0,0.15856901,30.180277,30.210278,3225600
hardzero_plus_depr__c0p54__z1p05__lam0p030__nu0p50__psi1p00,hardzero_plus_depr,0.02,39,1008,0.0,1,0.50661373,0.50661373,1.0453465,0.09008521,0.09008521,1.0,1.3662389e-16,1.5166073e-15,-27.622068,2.2998083,0.76660275,0.16800001,0.0,0.17495063,30.210278,30.240278,3228800
hardzero_plus_depr__c0p54__z1p05__lam0p030__nu0p50__psi1p00,hardzero_plus_depr,0.02,39,1009,0.0,1,0.50661373,0.50661373,1.0680507,0.0,0.08549667,0.0,0.0,1.4717838e-15,-28.12457,2.3497586,0.7832529,0.120000005,0.0,0.16534297,30.240278,30.270279,3232000
hardzero_plus_depr__c0p54__z1p05__lam0p030__nu0p50__psi1p00,hardzero_plus_depr,0.02,39,1010,0.0,1,0.50661373,0.50661373,1.0156341,0.09646414,0.09646414,1.0,1.3777829e-16,1.428285e-15,-27.290232,2.2344396,0.7448132,0.15200001,0.0,0.12775587,30.270279,30.30028,3235200
hardzero_plus_depr__c0p54__z1p05__lam0p030__nu0p50__psi1p00,hardzero_plus_depr,0.02,39,1011,0.0,1,0.50661373,0.50661373,0.9714899,0.106784955,0.106784955,1.0,1.4801162e-16,1.3860719e-15,-25.808537,2.1373205,0.7124402,0.224,0.008,0.14614923,30.30028,30.33028,3238400
hardzero_plus_depr__c0p54__z1p05__lam0p030__nu0p50__psi1p00,hardzero_plus_depr,0.02,39,1012,0.0,1,0.50661373,0.50661373,1.0343086,0.09240414,0.09240414,1.0,1.2429339e-16,1.3451063e-15,-27.012344,2.2755241,0.7585081,0.112,0.0,0.15490629,30.33028,30.360281,3241600
hardzero_plus_depr__c0p54__z1p05__lam0p030__nu0p50__psi1p00,hardzero_plus_depr,0.02,39,1013,0.0,1,0.50661373,0.50661373,1.0421898,0.09074237,0.09074237,1.0,1.184507e-16,1.3053516e-15,-27.445759,2.2928634,0.7642878,0.120000005,0.0,0.17186885,30.360281,30.390282,3244800
hardzero_plus_depr__c0p54__z1p05__lam0p030__nu0p50__psi1p00,hardzero_plus_depr,0.02,39,1014,0.0,1,0.50661373,0.50661373,1.0980127,0.0,0.07979714,0.0,0.0,1.2667718e-15,-28.306519,2.415676,0.8052254,0.07,0.0,0.17373604,30.390282,30.420282,3248000
hardzero_plus_depr__c0p54__z1p05__lam0p030__nu0p50__psi1p00,hardzero_plus_depr,0.02,39,1015,0.0,1,0.50661373,0.50661373,1.04288,0.09059826,0.09059826,1.0,1.1137534e-16,1.2293321e-15,-27.644516,2.2943819,0.764794,0.128,0.0,0.14260821,30.420282,30.450283,3251200
hardzero_plus_depr__c0p54__z1p05__lam0p030__nu0p50__psi1p00,hardzero_plus_depr,0.02,39,1016,0.0,1,0.50661373,0.50661373,1.0215124,0.09516727,0.09516727,1.0,1.1353446e-16,1.192999e-15,-27.303177,2.2473722,0.74912405,0.17600001,0.0,0.14056595,30.450283,30.480284,3254400
hardzero_plus_depr__c0p54__z1p05__lam0p030__nu0p50__psi1p00,hardzero_plus_depr,0.02,39,1017,0.0,1,0.50661373,0.50661373,1.034743,0.09231177,0.09231177,1.0,1.06873006e-16,1.1577398e-15,-26.725607,2.27648,0.7588267,0.120000005,0.0,0.12110285,30.480284,30.510284,3257600
hardzero_plus_depr__c0p54__z1p05__lam0p030__nu0p50__psi1p00,hardzero_plus_depr,0.02,39,1018,0.0,1,0.50661373,0.50661373,1.0369488,0.09184408,0.09184408,1.0,1.031889e-16,1.1235226e-15,-27.54633,2.281333,0.76044434,0.08800001,0.0,0.14717685,30.510284,30.540285,3260800
hardzero_plus_depr__c0p54__z1p05__lam0p030__nu0p50__psi1p00,hardzero_plus_depr,0.02,39,1019,0.0,1,0.50661373,0.50661373,1.015491,0.09649593,0.09649593,1.0,1.0521113e-16,1.0903168e-15,-26.7851,2.234125,0.7447083,0.15200001,0.0,0.12851164,30.540285,30.570286,3264000
hardzero_plus_depr__c0p54__z1p05__lam0p030__nu0p50__psi1p00,hardzero_plus_depr,0.02,39,1020,0.0,1,0.50661373,0.50661373,1.1339314,0.0,0.073462985,0.0,0.0,1.0580923e-15,-29.277872,2.494699,0.83156633,0.080000006,0.0,0.1610626,30.570286,30.600286,3267200
hardzero_plus_depr__c0p54__z1p05__lam0p030__nu0p50__psi1p00,hardzero_plus_depr,0.02,39,1021,0.0,1,0.50661373,0.50661373,1.0123278,0.09720132,0.09720132,1.0,9.980828e-17,1.0268202e-15,-27.189814,2.2271657,0.7423886,0.136,0.0,0.1402402,30.600286,30.630287,3270400
hardzero_plus_depr__c0p54__z1p05__lam0p030__nu0p50__psi1p00,hardzero_plus_depr,0.02,39,1022,0.0,1,0.50661373,0.50661373,1.0218216,0.095099516,0.095099516,1.0,9.476405e-17,9.964724e-16,-26.796896,2.2480524,0.7493508,0.136,0.0,0.1482437,30.630287,30.660288,3273600
hardzero_plus_depr__c0p54__z1p05__lam0p030__nu0p50__psi1p00,hardzero_plus_depr,0.02,39,1023,0.0,1,0.50661373,0.50661373,1.058894,0.0,0.08731844,0.0,0.0,9.670215e-16,-27.419033,2.3296134,0.77653784,0.112,0.0,0.13355742,30.660288,30.690289,3276800
hardzero_plus_depr__c0p54__z1p05__lam0p030__nu0p50__psi1p00,hardzero_plus_depr,0.02,39,1024,0.0,1,0.50661373,0.50661373,1.0618371,0.0,0.0867287,0.0,0.0,9.384411e-16,-27.672974,2.3360882,0.77869606,0.15200001,0.0,0.17065495,30.690289,30.72029,3280000
hardzero_plus_depr__c0p54__z1p05__lam0p030__nu0p50__psi1p00,hardzero_plus_depr,0.02,39,1025,0.0,1,0.50661373,0.50661373,1.0593184,0.0,0.08723315,0.0,0.0,9.107054e-16,-28.235388,2.330547,0.77684903,0.136,0.0,0.1522962,30.72029,30.75029,3283200
hardzero_plus_depr__c0p54__z1p05__lam0p030__nu0p50__psi1p00,hardzero_plus_depr,0.02,39,1026,0.0,1,0.50661373,0.50661373,1.1042438,0.0,0.07866042,0.0,0.0,8.8378936e-16,-28.131279,2.4293847,0.8097949,0.104,0.0,0.17996974,30.75029,30.78029,3286400
hardzero_plus_depr__c0p54__z1p05__lam0p030__nu0p50__psi1p00,hardzero_plus_depr,0.02,39,1027,0.0,1,0.50661373,0.50661373,1.0678955,0.0,0.08552723,0.0,0.0,8.576688e-16,-28.403122,2.349417,0.783139,0.21,0.0,0.148282,30.78029,30.810291,3289600
hardzero_plus_depr__c0p54__z1p05__lam0p030__nu0p50__psi1p00,hardzero_plus_depr,0.02,39,1028,0.0,1,0.50661373,0.50661373,1.0197178,0.09556132,0.09556132,1.0,7.9537625e-17,8.323203e-16,-26.418663,2.243424,0.747808,0.16000001,0.0,0.13698769,30.810291,30.840292,3292800
hardzero_plus_depr__c0p54__z1p05__lam0p030__nu0p50__psi1p00,hardzero_plus_depr,0.02,39,1029,0.0,1,0.50661373,0.50661373,0.977207,0.10538845,0.10538845,1.0,8.512446e-17,8.07721e-16,-26.29684,2.1498983,0.7166328,0.18400002,0.0,0.15016778,30.840292,30.870293,3296000
hardzero_plus_depr__c0p54__z1p05__lam0p030__nu0p50__psi1p00,hardzero_plus_depr,0.02,39,1030,0.0,1,0.50661373,0.50661373,1.0380126,0.09161939,0.09161939,1.0,7.1815735e-17,7.838487e-16,-27.798294,2.2836733,0.76122445,0.136,0.0,0.15280564,30.870293,30.900293,3299200
hardzero_plus_depr__c0p54__z1p05__lam0p030__nu0p50__psi1p00,hardzero_plus_depr,0.02,39,1031,0.0,1,0.50661373,0.50661373,1.0566857,0.0,0.08776356,0.0,0.0,7.606819e-16,-27.628824,2.324755,0.7749183,0.08800001,0.0,0.1293468,30.900293,30.930294,3302400
hardzero_plus_depr__c0p54__z1p05__lam0p030__nu0p50__psi1p00,hardzero_plus_depr,0.02,39,1032,0.0,1,0.50661373,0.50661373,1.0948559,0.0,0.08037927,0.0,0.0,7.3819985e-16,-28.241165,2.408731,0.8029103,0.15200001,0.0,0.16010618,30.930294,30.960295,3305600
hardzero_plus_depr__c0p54__z1p05__lam0p030__nu0p50__psi1p00,hardzero_plus_depr,0.02,39,1033,0.0,1,0.50661373,0.50661373,1.0104766,0.09761654,0.09761654,1.0,6.993076e-17,7.163823e-16,-26.273882,2.2230928,0.74103093,0.24800001,0.0,0.14454323,30.960295,30.990295,3308800
hardzero_plus_depr__c0p54__z1p05__lam0p030__nu0p50__psi1p00,hardzero_plus_depr,0.02,39,1034,0.0,1,0.50661373,0.50661373,1.0383363,0.091551125,0.091551125,1.0,6.3647214e-17,6.9520954e-16,-27.779749,2.2843854,0.76146185,0.2,0.0,0.14643903,30.990295,31.020296,3312000
hardzero_plus_depr__c0p54__z1p05__lam0p030__nu0p50__psi1p00,hardzero_plus_depr,0.02,39,1035,0.0,1,0.50661373,0.50661373,1.0451647,0.09012293,0.09012293,1.0,6.080256e-17,6.746625e-16,-27.025955,2.2994082,0.7664694,0.15200001,0.0,0.15465716,31.020296,31.050297,3315200
hardzero_plus_depr__c0p54__z1p05__lam0p030__nu0p50__psi1p00,hardzero_plus_depr,0.02,39,1036,0.0,1,0.50661373,0.50661373,1.0632862,0.0,0.086439796,0.0,0.0,6.547228e-16,-27.753786,2.3392763,0.7797588,0.15200001,0.0,0.15535769,31.050297,31.080297,3318400
hardzero_plus_depr__c0p54__z1p05__lam0p030__nu0p50__psi1p00,hardzero_plus_depr,0.02,39,1037,0.0,1,0.50661373,0.50661373,1.0698564,0.0,0.08514195,0.0,0.0,6.353723e-16,-27.316082,2.3537312,0.7845771,0.136,0.0,0.15854263,31.080297,31.110298,3321600
hardzero_plus_depr__c0p54__z1p05__lam0p030__nu0p50__psi1p00,hardzero_plus_depr,0.02,39,1038,0.0,1,0.50661373,0.50661373,1.0554304,0.0,0.088017605,0.0,0.0,6.165938e-16,-27.126593,2.3219934,0.7739978,0.08800001,0.0,0.13794625,31.110298,31.140299,3324800
hardzero_plus_depr__c0p54__z1p05__lam0p030__nu0p50__psi1p00,hardzero_plus_depr,0.02,39,1039,0.0,1,0.50661373,0.50661373,1.0350105,0.09225492,0.09225492,1.0,5.5202603e-17,5.983703e-16,-26.806787,2.2770684,0.75902283,0.2,0.0,0.15540205,31.140299,31.1703,3328000
hardzero_plus_depr__c0p54__z1p05__lam0p030__nu0p50__psi1p00,hardzero_plus_depr,0.02,39,1040,0.0,1,0.50661373,0.50661373,1.0917926,0.0,0.08094824,0.0,0.0,5.806854e-16,-28.654917,2.4019916,0.8006639,0.17999999,0.0,0.15242806,31.1703,31.2003,3331200
hardzero_plus_depr__c0p54__z1p05__lam0p030__nu0p50__psi1p00,hardzero_plus_depr,0.02,39,1041,0.0,1,0.50661373,0.50661373,1.0530245,0.0,0.088506564,0.0,0.0,5.6352313e-16,-27.396517,2.3167002,0.7722334,0.120000005,0.0,0.1565995,31.2003,31.2303,3334400
hardzero_plus_depr__c0p54__z1p05__lam0p030__nu0p50__psi1p00,hardzero_plus_depr,0.02,39,1042,0.0,1,0.50661373,0.50661373,0.99320835,0.10157613,0.10157613,1.0,5.5548745e-17,5.4686813e-16,-27.207504,2.185102,0.7283673,0.16800001,0.0,0.13611461,31.2303,31.260302,3337600
hardzero_plus_depr__c0p54__z1p05__lam0p030__nu0p50__psi1p00,hardzero_plus_depr,0.02,39,1043,0.0,1,0.50661373,0.50661373,1.0254719,0.09430356,0.09430356,1.0,5.004741e-17,5.307054e-16,-26.771729,2.2560833,0.75202775,0.15200001,0.0,0.13829705,31.260302,31.290302,3340800
hardzero_plus_depr__c0p54__z1p05__lam0p030__nu0p50__psi1p00,hardzero_plus_depr,0.02,39,1044,0.0,1,0.50661373,0.50661373,1.0929016,0.0,0.080741785,0.0,0.0,5.1502033e-16,-28.242273,2.4044316,0.8014772,0.120000005,0.0,0.16036128,31.290302,31.320303,3344000
hardzero_plus_depr__c0p54__z1p05__lam0p030__nu0p50__psi1p00,hardzero_plus_depr,0.02,39,1045,0.0,1,0.50661373,0.50661373,0.9854718,0.10340183,0.10340183,1.0,5.1680114e-17,4.9979883e-16,-26.307896,2.1680813,0.7226938,0.16800001,0.0,0.13345434,31.320303,31.350304,3347200
hardzero_plus_depr__c0p54__z1p05__lam0p030__nu0p50__psi1p00,hardzero_plus_depr,0.02,39,1046,0.0,1,0.50661373,0.50661373,1.0496755,0.08919171,0.08919171,1.0,4.3260408e-17,4.850272e-16,-27.621943,2.3093321,0.7697774,0.16800001,0.0,0.13822864,31.350304,31.380304,3350400
hardzero_plus_depr__c0p54__z1p05__lam0p030__nu0p50__psi1p00,hardzero_plus_depr,0.02,39,1047,0.0,1,0.50661373,0.50661373,1.1032703,0.0,0.078836925,0.0,0.0,4.706922e-16,-28.25167,2.4272432,0.8090811,0.096,0.0,0.1679252,31.380304,31.410305,3353600
hardzero_plus_depr__c0p54__z1p05__lam0p030__nu0p50__psi1p00,hardzero_plus_depr,0.02,39,1048,0.0,1,0.50661373,0.50661373,1.0628899,0.0,0.08651871,0.0,0.0,4.567808e-16,-28.349882,2.3384044,0.7794682,0.112,0.0,0.16925924,31.410305,31.440306,3356800
hardzero_plus_depr__c0p54__z1p05__lam0p030__nu0p50__psi1p00,hardzero_plus_depr,0.02,39,1049,0.0,1,0.50661373,0.50661373,1.0249239,0.094422616,0.094422616,1.0,4.1855713e-17,4.4328058e-16,-27.012526,2.2548776,0.7516259,0.14400001,0.0,0.17180675,31.440306,31.470306,3360000
hardzero_plus_depr__c0p54__z1p05__lam0p030__nu0p50__psi1p00,hardzero_plus_depr,0.02,39,1050,0.0,1,0.50661373,0.50661373,1.0345687,0.09234882,0.09234882,1.0,3.9726557e-17,4.3017937e-16,-27.111048,2.2760966,0.7586989,0.080000006,0.0,0.15093435,31.470306,31.500307,3363200
hardzero_plus_depr__c0p54__z1p05__lam0p030__nu0p50__psi1p00,hardzero_plus_depr,0.02,39,1051,0.0,1,0.50661373,0.50661373,1.0281634,0.09372093,0.09372093,1.0,3.912524e-17,4.1746535e-16,-27.731047,2.2620046,0.75400156,0.112,0.0,0.17253727,31.500307,31.530308,3366400
hardzero_plus_depr__c0p54__z1p05__lam0p030__nu0p50__psi1p00,hardzero_plus_depr,0.02,39,1052,0.0,1,0.50661373,0.50661373,1.0848929,0.0,0.08224455,0.0,0.0,4.051271e-16,-28.39241,2.386812,0.795604,0.136,0.0,0.169661,31.530308,31.560308,3369600
hardzero_plus_depr__c0p54__z1p05__lam0p030__nu0p50__psi1p00,hardzero_plus_depr,0.02,39,1053,0.0,1,0.50661373,0.50661373,1.0645721,0.0,0.08618424,0.0,0.0,3.9315352e-16,-27.581335,2.3421054,0.7807018,0.14999999,0.0,0.14671113,31.560308,31.59031,3372800
hardzero_plus_depr__c0p54__z1p05__lam0p030__nu0p50__psi1p00,hardzero_plus_depr,0.02,39,1054,0.0,1,0.50661373,0.50661373,1.0998484,0.0,0.079460554,0.0,0.0,3.8153384e-16,-28.438553,2.4197147,0.8065716,0.080000006,0.0,0.13189898,31.59031,31.62031,3376000
hardzero_plus_depr__c0p54__z1p05__lam0p030__nu0p50__psi1p00,hardzero_plus_depr,0.02,39,1055,0.0,1,0.50661373,0.50661373,1.0721763,0.0,0.08468836,0.0,0.0,3.7025753e-16,-27.742523,2.358835,0.78627837,0.128,0.0,0.15923719,31.62031,31.65031,3379200
hardzero_plus_depr__c0p54__z1p05__lam0p030__nu0p50__psi1p00,hardzero_plus_depr,0.02,39,1056,0.0,1,0.50661373,0.50661373,1.026535,0.09407298,0.09407298,1.0,3.3801793e-17,3.5931455e-16,-27.0563,2.2584221,0.7528074,0.216,0.0,0.16123365,31.65031,31.680311,3382400
hardzero_plus_depr__c0p54__z1p05__lam0p030__nu0p50__psi1p00,hardzero_plus_depr,0.02,39,1057,0.0,1,0.50661373,0.50661373,0.9822567,0.10417014,0.10417014,1.0,3.6323602e-17,3.4869493e-16,-26.449593,2.161008,0.72033596,0.192,0.0,0.14792779,31.680311,31.710312,3385600
hardzero_plus_depr__c0p54__z1p05__lam0p030__nu0p50__psi1p00,hardzero_plus_depr,0.02,39,1058,0.0,1,0.50661373,0.50661373,0.9993593,0.100147635,0.100147635,1.0,3.3888878e-17,3.383892e-16,-27.087713,2.1986344,0.73287815,0.16000001,0.0,0.11407897,31.710312,31.740313,3388800
hardzero_plus_depr__c0p54__z1p05__lam0p030__nu0p50__psi1p00,hardzero_plus_depr,0.02,39,1059,0.0,1,0.50661373,0.50661373,1.0416185,0.09086185,0.09086185,1.0,2.9837947e-17,3.2838806e-16,-27.55876,2.2916064,0.7638688,0.136,0.0,0.11798452,31.740313,31.770313,3392000
hardzero_plus_depr__c0p54__z1p05__lam0p030__nu0p50__psi1p00,hardzero_plus_depr,0.02,39,1060,0.0,1,0.50661373,0.50661373,1.010521,0.09760653,0.09760653,1.0,3.1105495e-17,3.1868251e-16,-26.51401,2.2231908,0.7410636,0.14400001,0.0,0.15052816,31.770313,31.800314,3395200
hardzero_plus_depr__c0p54__z1p05__lam0p030__nu0p50__psi1p00,hardzero_plus_depr,0.02,39,1061,0.0,1,0.50661373,0.50661373,1.0349004,0.0922783,0.0922783,1.0,2.8538343e-17,3.0926385e-16,-27.987173,2.2768264,0.7589421,0.18400002,0.0,0.14363208,31.800314,31.830315,3398400
hardzero_plus_depr__c0p54__z1p05__lam0p030__nu0p50__psi1p00,hardzero_plus_depr,0.02,39,1062,0.0,1,0.50661373,0.50661373,1.0561491,0.0,0.087872066,0.0,0.0,3.001235e-16,-28.294434,2.3235745,0.77452487,0.136,0.0,0.16615967,31.830315,31.860315,3401600
hardzero_plus_depr__c0p54__z1p05__lam0p030__nu0p50__psi1p00,hardzero_plus_depr,0.02,39,1063,0.0,1,0.50661373,0.50661373,1.0427455,0.090626344,0.090626344,1.0,2.6395221e-17,2.9125328e-16,-28.270935,2.2940857,0.7646953,0.17600001,0.0,0.14218135,31.860315,31.890316,3404800
hardzero_plus_depr__c0p54__z1p05__lam0p030__nu0p50__psi1p00,hardzero_plus_depr,0.02,39,1064,0.0,1,0.50661373,0.50661373,1.016756,0.09621525,0.09621525,1.0,2.7194787e-17,2.8264529e-16,-26.070274,2.236908,0.745636,0.136,0.0,0.129792,31.890316,31.920317,3408000
hardzero_plus_depr__c0p54__z1p05__lam0p030__nu0p50__psi1p00,hardzero_plus_depr,0.02,39,1065,0.0,1,0.50661373,0.50661373,1.0500609,0.0,0.0891126,0.0,0.0,2.7429166e-16,-27.579609,2.31018,0.77006,0.16800001,0.0,0.13244121,31.920317,31.950317,3411200
hardzero_plus_depr__c0p54__z1p05__lam0p030__nu0p50__psi1p00,hardzero_plus_depr,0.02,39,1066,0.0,1,0.50661373,0.50661373,1.0256001,0.094275735,0.094275735,1.0,2.5094779e-17,2.6618492e-16,-27.472147,2.2563653,0.7521218,0.17,0.0,0.15491056,31.950317,31.980318,3414400
hardzero_plus_depr__c0p54__z1p05__lam0p030__nu0p50__psi1p00,hardzero_plus_depr,0.02,39,1067,0.0,1,0.50661373,0.50661373,1.0036281,0.09916806,0.09916806,1.0,2.5616874e-17,2.5831779e-16,-26.334501,2.208026,0.73600864,0.15200001,0.0,0.1322926,31.980318,32.01032,3417600
hardzero_plus_depr__c0p54__z1p05__lam0p030__nu0p50__psi1p00,hardzero_plus_depr,0.02,39,1068,0.0,1,0.50661373,0.50661373,1.0656468,0.0,0.085971236,0.0,0.0,2.5068319e-16,-27.530384,2.3444698,0.78148997,0.15200001,0.0,0.15873393,32.01032,32.040318,3420800
hardzero_plus_depr__c0p54__z1p05__lam0p030__nu0p50__psi1p00,hardzero_plus_depr,0.02,39,1069,0.0,1,0.50661373,0.50661373,0.9998734,0.100029156,0.100029156,1.0,2.433456e-17,2.4327467e-16,-26.85621,2.1997654,0.73325515,0.208,0.008,0.14953774,32.040318,32.070316,3424000
hardzero_plus_depr__c0p54__z1p05__lam0p030__nu0p50__psi1p00,hardzero_plus_depr,0.02,39,1070,0.0,1,0.50661373,0.50661373,1.1005014,0.0,0.07934116,0.0,0.0,2.360851e-16,-28.683294,2.4211514,0.80705047,0.120000005,0.0,0.18101466,32.070316,32.100315,3427200
hardzero_plus_depr__c0p54__z1p05__lam0p030__nu0p50__psi1p00,hardzero_plus_depr,0.02,39,1071,0.0,1,0.50661373,0.50661373,1.0368109,0.09187326,0.09187326,1.0,2.10489e-17,2.29108e-16,-26.993351,2.2810295,0.7603432,0.136,0.0,0.14708702,32.100315,32.130314,3430400
hardzero_plus_depr__c0p54__z1p05__lam0p030__nu0p50__psi1p00,hardzero_plus_depr,0.02,39,1072,0.0,1,0.50661373,0.50661373,1.0777303,0.0,0.08361221,0.0,0.0,2.2233712e-16,-28.175495,2.371054,0.79035133,0.18400002,0.0,0.13368958,32.130314,32.160313,3433600
hardzero_plus_depr__c0p54__z1p05__lam0p030__nu0p50__psi1p00,hardzero_plus_depr,0.02,39,1073,0.0,1,0.50661373,0.50661373,1.0206953,0.09534649,0.09534649,1.0,2.0572563e-17,2.1576633e-16,-26.629763,2.2455745,0.74852484,0.16800001,0.0,0.12959103,32.160313,32.19031,3436800
hardzero_plus_depr__c0p54__z1p05__lam0p030__nu0p50__psi1p00,hardzero_plus_depr,0.02,39,1074,0.0,1,0.50661373,0.50661373,1.0617291,0.0,0.08675029,0.0,0.0,2.0938972e-16,-28.26992,2.3358505,0.77861685,0.128,0.0,0.16137265,32.19031,32.22031,3440000
hardzero_plus_depr__c0p54__z1p05__lam0p030__nu0p50__psi1p00,hardzero_plus_depr,0.02,39,1075,0.0,1,0.50661373,0.50661373,1.0745863,0.0,0.08421971,0.0,0.0,2.0320158e-16,-27.581919,2.364137,0.78804564,0.120000005,0.0,0.15380447,32.22031,32.25031,3443200
hardzero_plus_depr__c0p54__z1p05__lam0p030__nu0p50__psi1p00,hardzero_plus_depr,0.02,39,1076,0.0,1,0.50661373,0.50661373,1.0448736,0.09018335,0.09018335,1.0,1.778382e-17,1.9719628e-16,-27.798958,2.2987678,0.766256,0.15200001,0.0,0.17310593,32.25031,32.280308,3446400
hardzero_plus_depr__c0p54__z1p05__lam0p030__nu0p50__psi1p00,hardzero_plus_depr,0.02,39,1077,0.0,1,0.50661373,0.50661373,1.0034797,0.09920197,0.09920197,1.0,1.8984134e-17,1.9136851e-16,-26.349768,2.2076995,0.73589987,0.15200001,0.0,0.15873861,32.280308,32.310307,3449600
hardzero_plus_depr__c0p54__z1p05__lam0p030__nu0p50__psi1p00,hardzero_plus_depr,0.02,39,1078,0.0,1,0.50661373,0.50661373,1.0391445,0.0913809,0.0913809,1.0,1.6970616e-17,1.8571294e-16,-27.630842,2.2861636,0.76205456,0.18400002,0.0,0.13817813,32.310307,32.340305,3452800
hardzero_plus_depr__c0p54__z1p05__lam0p030__nu0p50__psi1p00,hardzero_plus_depr,0.02,39,1079,0.0,1,0.50661373,0.50661373,1.0161467,0.096350364,0.096350364,1.0,1.7364697e-17,1.802245e-16,-27.656044,2.2355673,0.74518913,0.19999999,0.0,0.14398578,32.340305,32.370304,3456000
hardzero_plus_depr__c0p54__z1p05__lam0p030__nu0p50__psi1p00,hardzero_plus_depr,0.02,39,1080,0.0,1,0.50661373,0.50661373,1.0739567,0.0,0.084341876,0.0,0.0,1.7489827e-16,-28.412268,2.362752,0.787584,0.128,0.0,0.14615828,32.370304,32.400303,3459200
hardzero_plus_depr__c0p54__z1p05__lam0p030__nu0p50__psi1p00,hardzero_plus_depr,0.02,39,1081,0.0,1,0.50661373,0.50661373,1.0820423,0.0,0.082786135,0.0,0.0,1.6972945e-16,-28.367962,2.3805406,0.79351354,0.112,0.0,0.1842242,32.400303,32.4303,3462400
hardzero_plus_depr__c0p54__z1p05__lam0p030__nu0p50__psi1p00,hardzero_plus_depr,0.02,39,1082,0.0,1,0.50661373,0.50661373,1.0103527,0.09764438,0.09764438,1.0,1.6083338e-17,1.6471339e-16,-26.83783,2.2228203,0.7409401,0.128,0.0,0.13999054,32.4303,32.4603,3465600
hardzero_plus_depr__c0p54__z1p05__lam0p030__nu0p50__psi1p00,hardzero_plus_depr,0.02,39,1083,0.0,1,0.50661373,0.50661373,0.9866485,0.103122026,0.103122026,1.0,1.64836e-17,1.5984559e-16,-26.131386,2.17067,0.7235567,0.17600001,0.0,0.15141207,32.4603,32.4903,3468800
hardzero_plus_depr__c0p54__z1p05__lam0p030__nu0p50__psi1p00,hardzero_plus_depr,0.02,39,1084,0.0,1,0.50661373,0.50661373,1.0438672,0.09039258,0.09039258,1.0,1.4021845e-17,1.5512163e-16,-27.550268,2.2965539,0.76551795,0.15200001,0.0,0.15487936,32.4903,32.520298,3472000
hardzero_plus_depr__c0p54__z1p05__lam0p030__nu0p50__psi1p00,hardzero_plus_depr,0.02,39,1085,0.0,1,0.50661373,0.50661373,1.0067616,0.09845516,0.09845516,1.0,1.482117e-17,1.5053726e-16,-27.495918,2.2149196,0.7383065,0.16000001,0.0,0.15707703,32.520298,32.550297,3475200
hardzero_plus_depr__c0p54__z1p05__lam0p030__nu0p50__psi1p00,hardzero_plus_depr,0.02,39,1086,0.0,1,0.50661373,0.50661373,1.0586729,0.0,0.0873629,0.0,0.0,1.460884e-16,-27.524672,2.3291268,0.77637565,0.136,0.0,0.1610793,32.550297,32.580296,3478400
hardzero_plus_depr__c0p54__z1p05__lam0p030__nu0p50__psi1p00,hardzero_plus_depr,0.02,39,1087,0.0,1,0.50661373,0.50661373,1.1176288,0.0,0.076273054,0.0,0.0,1.41771e-16,-28.677677,2.4588325,0.81961083,0.120000005,0.0,0.17027295,32.580296,32.610294,3481600
hardzero_plus_depr__c0p54__z1p05__lam0p030__nu0p50__psi1p00,hardzero_plus_depr,0.02,39,1088,0.0,1,0.50661373,0.50661373,1.0164127,0.09629134,0.09629134,1.0,1.3247879e-17,1.375812e-16,-26.179403,2.2361526,0.7453842,0.128,0.0,0.12998192,32.610294,32.640293,3484800
hardzero_plus_depr__c0p54__z1p05__lam0p030__nu0p50__psi1p00,hardzero_plus_depr,0.02,39,1089,0.0,1,0.50661373,0.50661373,1.0286577,0.09361433,0.09361433,1.0,1.2498938e-17,1.3351522e-16,-27.823416,2.263092,0.754364,0.15200001,0.0,0.13215521,32.640293,32.67029,3488000
hardzero_plus_depr__c0p54__z1p05__lam0p030__nu0p50__psi1p00,hardzero_plus_depr,0.02,39,1090,0.0,1,0.50661373,0.50661373,1.0338467,0.09250245,0.09250245,1.0,1.1985488e-17,1.2956941e-16,-26.526928,2.2745082,0.7581694,0.128,0.0,0.14119557,32.67029,32.70029,3491200
hardzero_plus_depr__c0p54__z1p05__lam0p030__nu0p50__psi1p00,hardzero_plus_depr,0.02,39,1091,0.0,1,0.50661373,0.50661373,1.0100607,0.097710066,0.097710066,1.0,1.2286085e-17,1.2574021e-16,-27.07451,2.2221777,0.74072593,0.120000005,0.0,0.15374704,32.70029,32.73029,3494400
hardzero_plus_depr__c0p54__z1p05__lam0p030__nu0p50__psi1p00,hardzero_plus_depr,0.02,39,1092,0.0,1,0.50661373,0.50661373,1.0181621,0.09590426,0.09590426,1.0,1.1702639e-17,1.2202418e-16,-26.489614,2.2400014,0.74666715,0.14999999,0.0,0.13910191,32.73029,32.76029,3497600
hardzero_plus_depr__c0p54__z1p05__lam0p030__nu0p50__psi1p00,hardzero_plus_depr,0.02,39,1093,0.0,1,0.50661373,0.50661373,1.0473137,0.089678094,0.089678094,1.0,1.0619497e-17,1.1841796e-16,-27.70549,2.304136,0.76804537,0.128,0.0,0.15151149,32.76029,32.790287,3500800
hardzero_plus_depr__c0p54__z1p05__lam0p030__nu0p50__psi1p00,hardzero_plus_depr,0.02,39,1094,0.0,1,0.50661373,0.50661373,1.0849981,0.0,0.082224615,0.0,0.0,1.1491832e-16,-27.840933,2.3870435,0.7956812,0.16000001,0.0,0.16474429,32.790287,32.820286,3504000
hardzero_plus_depr__c0p54__z1p05__lam0p030__nu0p50__psi1p00,hardzero_plus_depr,0.02,39,1095,0.0,1,0.50661373,0.50661373,1.1154234,0.0,0.07666136,0.0,0.0,1.115221e-16,-28.323643,2.4539804,0.8179935,0.128,0.0,0.2259594,32.820286,32.850285,3507200
hardzero_plus_depr__c0p54__z1p05__lam0p030__nu0p50__psi1p00,hardzero_plus_depr,0.02,39,1096,0.0,1,0.50661373,0.50661373,1.0384738,0.09152214,0.09152214,1.0,9.9051e-18,1.08226267e-16,-27.607056,2.284688,0.7615627,0.17600001,0.0,0.14592871,32.850285,32.880283,3510400
hardzero_plus_depr__c0p54__z1p05__lam0p030__nu0p50__psi1p00,hardzero_plus_depr,0.02,39,1097,0.0,1,0.50661373,0.50661373,1.01904,0.0957106,0.0957106,1.0,1.0052275e-17,1.0502782e-16,-26.580822,2.2419326,0.7473109,0.120000005,0.0,0.1192842,32.880283,32.910282,3513600
hardzero_plus_depr__c0p54__z1p05__lam0p030__nu0p50__psi1p00,hardzero_plus_depr,0.02,39,1098,0.0,1,0.50661373,0.50661373,1.0252103,0.094360396,0.094360396,1.0,9.61758e-18,1.01923905e-16,-27.194075,2.2555077,0.75183594,0.224,0.0,0.14411677,32.910282,32.94028,3516800
hardzero_plus_depr__c0p54__z1p05__lam0p030__nu0p50__psi1p00,hardzero_plus_depr,0.02,39,1099,0.0,1,0.50661373,0.50661373,0.98865443,0.10264684,0.10264684,1.0,1.0152975e-17,9.8911717e-17,-26.265835,2.1750832,0.72502774,0.15200001,0.0,0.13183698,32.94028,32.97028,3520000
hardzero_plus_depr__c0p54__z1p05__lam0p030__nu0p50__psi1p00,hardzero_plus_depr,0.02,39,1100,0.0,1,0.50661373,0.50661373,1.0683998,0.0,0.085428,0.0,0.0,9.598856e-17,-27.76112,2.3505266,0.7835089,0.14400001,0.0,0.16655985,32.97028,33.00028,3523200
hardzero_plus_depr__c0p54__z1p05__lam0p030__nu0p50__psi1p00,hardzero_plus_depr,0.02,39,1101,0.0,1,0.50661373,0.50661373,1.0015768,0.09963759,0.09963759,1.0,9.281419e-18,9.315178e-17,-26.969778,2.203513,0.73450434,0.15200001,0.0,0.14467134,33.00028,33.030277,3526400
hardzero_plus_depr__c0p54__z1p05__lam0p030__nu0p50__psi1p00,hardzero_plus_depr,0.02,39,1102,0.0,1,0.50661373,0.50661373,1.0811079,0.0,0.082964465,0.0,0.0,9.039884e-17,-27.639208,2.3784847,0.79282826,0.14400001,0.0,0.14924185,33.030277,33.060276,3529600
hardzero_plus_depr__c0p54__z1p05__lam0p030__nu0p50__psi1p00,hardzero_plus_depr,0.02,39,1103,0.0,1,0.50661373,0.50661373,1.0202001,0.09545525,0.09545525,1.0,8.3740275e-18,8.772726e-17,-26.765228,2.2444851,0.74816173,0.18400002,0.0,0.13116851,33.060276,33.090275,3532800
hardzero_plus_depr__c0p54__z1p05__lam0p030__nu0p50__psi1p00,hardzero_plus_depr,0.02,39,1104,0.0,1,0.50661373,0.50661373,1.004496,0.0989701,0.0989701,1.0,8.4257825e-18,8.5134626e-17,-26.91507,2.2099352,0.7366451,0.18400002,0.0,0.13541716,33.090275,33.120274,3536000
hardzero_plus_depr__c0p54__z1p05__lam0p030__nu0p50__psi1p00,hardzero_plus_depr,0.02,39,1105,0.0,1,0.50661373,0.50661373,1.1283233,0.0,0.07441778,0.0,0.0,8.261862e-17,-29.011831,2.4823608,0.8274536,0.11,0.0,0.20437257,33.120274,33.150272,3539200
hardzero_plus_depr__c0p54__z1p05__lam0p030__nu0p50__psi1p00,hardzero_plus_depr,0.02,39,1106,0.0,1,0.50661373,0.50661373,1.0215116,0.09516745,0.09516745,1.0,7.630237e-18,8.017696e-17,-26.080376,2.2473702,0.74912345,0.15200001,0.0,0.13565814,33.150272,33.18027,3542400
hardzero_plus_depr__c0p54__z1p05__lam0p030__nu0p50__psi1p00,hardzero_plus_depr,0.02,39,1107,0.0,1,0.50661373,0.50661373,1.0948288,0.0,0.08038427,0.0,0.0,7.7807474e-17,-28.793348,2.4086716,0.80289054,0.120000005,0.0,0.17742541,33.18027,33.21027,3545600
hardzero_plus_depr__c0p54__z1p05__lam0p030__nu0p50__psi1p00,hardzero_plus_depr,0.02,39,1108,0.0,1,0.50661373,0.50661373,1.0559307,0.0,0.08791626,0.0,0.0,7.550801e-17,-27.51408,2.323094,0.77436465,0.104,0.0,0.17256215,33.21027,33.24027,3548800
hardzero_plus_depr__c0p54__z1p05__lam0p030__nu0p50__psi1p00,hardzero_plus_depr,0.02,39,1109,0.0,1,0.50661373,0.50661373,1.0359405,0.09205757,0.09205757,1.0,6.7456562e-18,7.3276496e-17,-28.034145,2.2791147,0.75970495,0.16800001,0.0,0.13293533,33.24027,33.270267,3552000
hardzero_plus_depr__c0p54__z1p05__lam0p030__nu0p50__psi1p00,hardzero_plus_depr,0.02,39,1110,0.0,1,0.50661373,0.50661373,1.0177131,0.09600347,0.09600347,1.0,6.826897e-18,7.111094e-17,-26.322428,2.2390134,0.74633783,0.16800001,0.0,0.1270619,33.270267,33.300266,3555200
hardzero_plus_depr__c0p54__z1p05__lam0p030__nu0p50__psi1p00,hardzero_plus_depr,0.02,39,1111,0.0,1,0.50661373,0.50661373,1.0298514,0.09335736,0.09335736,1.0,6.4425334e-18,6.9009376e-17,-27.418732,2.2657185,0.7552395,0.16000001,0.0,0.1438034,33.300266,33.330265,3558400
hardzero_plus_depr__c0p54__z1p05__lam0p030__nu0p50__psi1p00,hardzero_plus_depr,0.02,39,1112,0.0,1,0.50661373,0.50661373,0.99730116,0.10062337,0.10062337,1.0,6.7387394e-18,6.6969925e-17,-26.553324,2.1941063,0.7313688,0.16800001,0.0,0.14646533,33.330265,33.360264,3561600
hardzero_plus_depr__c0p54__z1p05__lam0p030__nu0p50__psi1p00,hardzero_plus_depr,0.02,39,1113,0.0,1,0.50661373,0.50661373,1.0673126,0.0,0.08564211,0.0,0.0,6.499074e-17,-27.761248,2.3481345,0.7827115,0.16000001,0.0,0.16654508,33.360264,33.390263,3564800
hardzero_plus_depr__c0p54__z1p05__lam0p030__nu0p50__psi1p00,hardzero_plus_depr,0.02,39,1114,0.0,1,0.50661373,0.50661373,1.0481937,0.08949656,0.08949656,1.0,5.6445527e-18,6.3070053e-17,-27.43026,2.3060722,0.76869076,0.16800001,0.0,0.16538753,33.390263,33.42026,3568000
hardzero_plus_depr__c0p54__z1p05__lam0p030__nu0p50__psi1p00,hardzero_plus_depr,0.02,39,1115,0.0,1,0.50661373,0.50661373,1.0438658,0.090392865,0.090392865,1.0,5.532597e-18,6.1206124e-17,-27.788391,2.2965505,0.7655169,0.120000005,0.0,0.14796096,33.42026,33.45026,3571200
hardzero_plus_depr__c0p54__z1p05__lam0p030__nu0p50__psi1p00,hardzero_plus_depr,0.02,39,1116,0.0,1,0.50661373,0.50661373,1.0291991,0.09349767,0.09349767,1.0,5.5535074e-18,5.939728e-17,-26.498224,2.2642832,0.7547611,0.15200001,0.0,0.1522555,33.45026,33.48026,3574400
hardzero_plus_depr__c0p54__z1p05__lam0p030__nu0p50__psi1p00,hardzero_plus_depr,0.02,39,1117,0.0,1,0.50661373,0.50661373,0.97701883,0.105434105,0.105434105,1.0,6.0774225e-18,5.76419e-17,-25.06169,2.1494844,0.7164948,0.16000001,0.0,0.11552844,33.48026,33.510258,3577600
hardzero_plus_depr__c0p54__z1p05__lam0p030__nu0p50__psi1p00,hardzero_plus_depr,0.02,39,1118,0.0,1,0.50661373,0.50661373,1.0105343,0.09760358,0.09760358,1.0,5.4597874e-18,5.5938393e-17,-27.015982,2.2232199,0.7410733,0.24,0.0,0.12688348,33.510258,33.540257,3580800
hardzero_plus_depr__c0p54__z1p05__lam0p030__nu0p50__psi1p00,hardzero_plus_depr,0.02,39,1119,0.0,1,0.50661373,0.50661373,1.0416583,0.090853505,0.090853505,1.0,4.932003e-18,5.4285227e-17,-26.541983,2.291694,0.763898,0.136,0.0,0.116017,33.540257,33.570255,3584000
hardzero_plus_depr__c0p54__z1p05__lam0p030__nu0p50__psi1p00,hardzero_plus_depr,0.02,39,1120,0.0,1,0.50661373,0.50661373,1.0551354,0.0,0.088077426,0.0,0.0,5.268092e-17,-27.703669,2.3213441,0.7737814,0.17600001,0.0,0.14714676,33.570255,33.600254,3587200
hardzero_plus_depr__c0p54__z1p05__lam0p030__nu0p50__psi1p00,hardzero_plus_depr,0.02,39,1121,0.0,1,0.50661373,0.50661373,1.0514293,0.0,0.08883225,0.0,0.0,5.1124033e-17,-27.077213,2.3131907,0.77106357,0.16000001,0.0,0.19372362,33.600254,33.630253,3590400
hardzero_plus_depr__c0p54__z1p05__lam0p030__nu0p50__psi1p00,hardzero_plus_depr,0.02,39,1122,0.0,1,0.50661373,0.50661373,1.0361205,0.09201942,0.09201942,1.0,4.5653723e-18,4.9613142e-17,-27.39116,2.2795107,0.7598369,0.18400002,0.0,0.15534182,33.630253,33.66025,3593600
hardzero_plus_depr__c0p54__z1p05__lam0p030__nu0p50__psi1p00,hardzero_plus_depr,0.02,39,1123,0.0,1,0.50661373,0.50661373,0.9844835,0.10363741,0.10363741,1.0,4.9898215e-18,4.814691e-17,-25.81741,2.165907,0.721969,0.16000001,0.0,0.11350538,33.66025,33.69025,3596800
hardzero_plus_depr__c0p54__z1p05__lam0p030__nu0p50__psi1p00,hardzero_plus_depr,0.02,39,1124,0.0,1,0.50661373,0.50661373,1.081164,0.0,0.08295374,0.0,0.0,4.6724015e-17,-28.2646,2.3786082,0.79286945,0.120000005,0.0,0.15906993,33.69025,33.72025,3600000
hardzero_plus_depr__c0p54__z1p05__lam0p030__nu0p50__psi1p00,hardzero_plus_depr,0.02,39,1125,0.0,1,0.50661373,0.50661373,0.94802266,0.112713866,0.112713866,1.0,5.1108032e-18,4.5343163e-17,-26.683052,2.0856915,0.6952305,0.224,0.008,0.14812501,33.72025,33.750248,3603200
hardzero_plus_depr__c0p54__z1p05__lam0p030__nu0p50__psi1p00,hardzero_plus_depr,0.02,39,1126,0.0,1,0.50661373,0.50661373,1.0759699,0.0,0.08395181,0.0,0.0,4.4003127e-17,-28.15408,2.367181,0.78906035,0.128,0.0,0.16500047,33.750248,33.780247,3606400
hardzero_plus_depr__c0p54__z1p05__lam0p030__nu0p50__psi1p00,hardzero_plus_depr,0.02,39,1127,0.0,1,0.50661373,0.50661373,1.0317266,0.09295514,0.09295514,1.0,3.9694346e-18,4.270269e-17,-27.782263,2.2698438,0.7566146,0.104,0.0,0.13900968,33.780247,33.810246,3609600
hardzero_plus_depr__c0p54__z1p05__lam0p030__nu0p50__psi1p00,hardzero_plus_depr,0.02,39,1128,0.0,1,0.50661373,0.50661373,1.0266778,0.094042055,0.094042055,1.0,3.897167e-18,4.1440683e-17,-27.388155,2.2587364,0.75291216,0.17600001,0.0,0.16198114,33.810246,33.840244,3612800
hardzero_plus_depr__c0p54__z1p05__lam0p030__nu0p50__psi1p00,hardzero_plus_depr,0.02,39,1129,0.0,1,0.50661373,0.50661373,1.0496846,0.08918984,0.08918984,1.0,3.5868566e-18,4.0215976e-17,-27.511503,2.3093524,0.76978415,0.136,0.0,0.15251087,33.840244,33.870243,3616000
hardzero_plus_depr__c0p54__z1p05__lam0p030__nu0p50__psi1p00,hardzero_plus_depr,0.02,39,1130,0.0,1,0.50661373,0.50661373,1.0322944,0.09283368,0.09283368,1.0,3.6230627e-18,3.902746e-17,-27.344923,2.2710931,0.7570311,0.136,0.0,0.14311735,33.870243,33.90024,3619200
hardzero_plus_depr__c0p54__z1p05__lam0p030__nu0p50__psi1p00,hardzero_plus_depr,0.02,39,1131,0.0,1,0.50661373,0.50661373,0.97752136,0.10531219,0.10531219,1.0,3.9886016e-18,3.7874072e-17,-25.39082,2.15059,0.71686333,0.22999999,0.0,0.123673126,33.90024,33.93024,3622400
hardzero_plus_depr__c0p54__z1p05__lam0p030__nu0p50__psi1p00,hardzero_plus_depr,0.02,39,1132,0.0,1,0.50661373,0.50661373,1.0375062,0.09172629,0.09172629,1.0,3.3713787e-18,3.675477e-17,-27.641514,2.2825592,0.76085305,0.120000005,0.0,0.18393819,33.93024,33.96024,3625600
hardzero_plus_depr__c0p54__z1p05__lam0p030__nu0p50__psi1p00,hardzero_plus_depr,0.02,39,1133,0.0,1,0.50661373,0.50661373,1.0165143,0.096268825,0.096268825,1.0,3.4337692e-18,3.5668547e-17,-26.905767,2.236376,0.7454587,0.14400001,0.0,0.13121462,33.96024,33.99024,3628800
hardzero_plus_depr__c0p54__z1p05__lam0p030__nu0p50__psi1p00,hardzero_plus_depr,0.02,39,1134,0.0,1,0.50661373,0.50661373,1.00382,0.09912428,0.09912428,1.0,3.43113e-18,3.4614425e-17,-25.997913,2.208448,0.7361493,0.18400002,0.0,0.15441182,33.99024,34.020237,3632000
hardzero_plus_depr__c0p54__z1p05__lam0p030__nu0p50__psi1p00,hardzero_plus_depr,0.02,39,1135,0.0,1,0.50661373,0.50661373,1.0351813,0.09221864,0.09221864,1.0,3.0977579e-18,3.359145e-17,-27.46588,2.2774444,0.7591481,0.17600001,0.0,0.17341074,34.020237,34.050236,3635200
hardzero_plus_depr__c0p54__z1p05__lam0p030__nu0p50__psi1p00,hardzero_plus_depr,0.02,39,1136,0.0,1,0.50661373,0.50661373,1.0112944,0.097432904,0.097432904,1.0,3.1761879e-18,3.2598718e-17,-27.04272,2.224892,0.7416307,0.16000001,0.0,0.13611947,34.050236,34.080235,3638400
hardzero_plus_depr__c0p54__z1p05__lam0p030__nu0p50__psi1p00,hardzero_plus_depr,0.02,39,1137,0.0,1,0.50661373,0.50661373,0.9953354,0.10107986,0.10107986,1.0,3.1976935e-18,3.1635317e-17,-25.633322,2.1897817,0.72992724,0.17600001,0.0,0.12742752,34.080235,34.110233,3641600
hardzero_plus_depr__c0p54__z1p05__lam0p030__nu0p50__psi1p00,hardzero_plus_depr,0.02,39,1138,0.0,1,0.50661373,0.50661373,0.9646594,0.10847772,0.10847772,1.0,3.3303081e-18,3.0700388e-17,-25.739649,2.122293,0.707431,0.18400002,0.0,0.13042302,34.110233,34.140232,3644800
hardzero_plus_depr__c0p54__z1p05__lam0p030__nu0p50__psi1p00,hardzero_plus_depr,0.02,39,1139,0.0,1,0.50661373,0.50661373,1.0098499,0.09775749,0.09775749,1.0,2.9124978e-18,2.979309e-17,-25.778965,2.2217143,0.74057144,0.15200001,0.0,0.14836088,34.140232,34.17023,3648000
hardzero_plus_depr__c0p54__z1p05__lam0p030__nu0p50__psi1p00,hardzero_plus_depr,0.02,39,1140,0.0,1,0.50661373,0.50661373,1.0275182,0.09386028,0.09386028,1.0,2.7137457e-18,2.891261e-17,-26.939444,2.260585,0.75352836,0.15200001,0.0,0.15158747,34.17023,34.20023,3651200
hardzero_plus_depr__c0p54__z1p05__lam0p030__nu0p50__psi1p00,hardzero_plus_depr,0.02,39,1141,0.0,1,0.50661373,0.50661373,1.0759598,0.0,0.08395377,0.0,0.0,2.8058145e-17,-27.932457,2.367159,0.78905296,0.112,0.0,0.17438076,34.20023,34.23023,3654400
hardzero_plus_depr__c0p54__z1p05__lam0p030__nu0p50__psi1p00,hardzero_plus_depr,0.02,39,1142,0.0,1,0.50661373,0.50661373,0.9746869,0.10600175,0.10600175,1.0,2.8863148e-18,2.7228936e-17,-25.515608,2.144354,0.71478474,0.18400002,0.0,0.120173216,34.23023,34.260227,3657600
hardzero_plus_depr__c0p54__z1p05__lam0p030__nu0p50__psi1p00,hardzero_plus_depr,0.02,39,1143,0.0,1,0.50661373,0.50661373,1.0278989,0.09377803,0.09377803,1.0,2.4780125e-18,2.6424232e-17,-26.604479,2.2614229,0.75380766,0.16000001,0.0,0.14985022,34.260227,34.290226,3660800
hardzero_plus_depr__c0p54__z1p05__lam0p030__nu0p50__psi1p00,hardzero_plus_depr,0.02,39,1144,0.0,1,0.50661373,0.50661373,1.0970038,0.0,0.07998271,0.0,0.0,2.5643307e-17,-28.653887,2.4134567,0.80448556,0.099999994,0.0,0.14891243,34.290226,34.320225,3664000
hardzero_plus_depr__c0p54__z1p05__lam0p030__nu0p50__psi1p00,hardzero_plus_depr,0.02,39,1145,0.0,1,0.50661373,0.50661373,1.0289072,0.093560554,0.093560554,1.0,2.328298e-18,2.4885466e-17,-26.7622,2.2636409,0.754547,0.120000005,0.0,0.13005072,34.320225,34.350224,3667200
hardzero_plus_depr__c0p54__z1p05__lam0p030__nu0p50__psi1p00,hardzero_plus_depr,0.02,39,1146,0.0,1,0.50661373,0.50661373,0.9887449,0.10262546,0.10262546,1.0,2.4784066e-18,2.4150018e-17,-26.831142,2.1752822,0.7250941,0.192,0.0,0.14812231,34.350224,34.380222,3670400
hardzero_plus_depr__c0p54__z1p05__lam0p030__nu0p50__psi1p00,hardzero_plus_depr,0.02,39,1147,0.0,1,0.50661373,0.50661373,1.0302001,0.09328243,0.09328243,1.0,2.1861956e-18,2.3436305e-17,-26.716946,2.2664855,0.7554952,0.104,0.0,0.12370105,34.380222,34.41022,3673600
hardzero_plus_depr__c0p54__z1p05__lam0p030__nu0p50__psi1p00,hardzero_plus_depr,0.02,39,1148,0.0,1,0.50661373,0.50661373,1.0343422,0.09239698,0.09239698,1.0,2.1014478e-18,2.2743685e-17,-26.680061,2.2755983,0.75853276,0.14400001,0.0,0.13364062,34.41022,34.44022,3676800
hardzero_plus_depr__c0p54__z1p05__lam0p030__nu0p50__psi1p00,hardzero_plus_depr,0.02,39,1149,0.0,1,0.50661373,0.50661373,1.0674475,0.0,0.0856155,0.0,0.0,2.2071535e-17,-28.192568,2.3484316,0.78281057,0.16000001,0.0,0.14761764,34.44022,34.47022,3680000
hardzero_plus_depr__c0p54__z1p05__lam0p030__nu0p50__psi1p00,hardzero_plus_depr,0.02,39,1150,0.0,1,0.50661373,0.50661373,1.0640885,0.0,0.08628027,0.0,0.0,2.1419248e-17,-27.966179,2.3410413,0.7803471,0.18400002,0.0,0.15472169,34.47022,34.500217,3683200
hardzero_plus_depr__c0p54__z1p05__lam0p030__nu0p50__psi1p00,hardzero_plus_depr,0.02,39,1151,0.0,1,0.50661373,0.50661373,1.0205796,0.0953719,0.0953719,1.0,1.9824231e-18,2.0786238e-17,-27.287931,2.2453198,0.74843997,0.16800001,0.0,0.14802636,34.500217,34.530216,3686400
hardzero_plus_depr__c0p54__z1p05__lam0p030__nu0p50__psi1p00,hardzero_plus_depr,0.02,39,1152,0.0,1,0.50661373,0.50661373,1.0033932,0.09922174,0.09922174,1.0,2.001495e-18,2.0171939e-17,-26.78888,2.207509,0.7358364,0.16800001,0.0,0.13161804,34.530216,34.560215,3689600
hardzero_plus_depr__c0p54__z1p05__lam0p030__nu0p50__psi1p00,hardzero_plus_depr,0.02,39,1153,0.0,1,0.50661373,0.50661373,1.0540708,0.0,0.08829359,0.0,0.0,1.957579e-17,-27.249138,2.3190022,0.7730007,0.14400001,0.008,0.17715248,34.560215,34.590214,3692800
hardzero_plus_depr__c0p54__z1p05__lam0p030__nu0p50__psi1p00,hardzero_plus_depr,0.02,39,1154,0.0,1,0.50661373,0.50661373,1.0666846,0.0,0.08576604,0.0,0.0,1.8997262e-17,-27.863888,2.346753,0.782251,0.08800001,0.0,0.14283784,34.590214,34.620213,3696000
hardzero_plus_depr__c0p54__z1p05__lam0p030__nu0p50__psi1p00,hardzero_plus_depr,0.02,39,1155,0.0,1,0.50661373,0.50661373,1.0170382,0.09615276,0.09615276,1.0,1.7726561e-18,1.8435831e-17,-26.133623,2.2375288,0.74584293,0.128,0.0,0.14410754,34.620213,34.65021,3699200
hardzero_plus_depr__c0p54__z1p05__lam0p030__nu0p50__psi1p00,hardzero_plus_depr,0.02,39,1156,0.0,1,0.50661373,0.50661373,1.0420643,0.09076861,0.09076861,1.0,1.6239405e-18,1.7890992e-17,-26.985336,2.2925873,0.7641958,0.104,0.0,0.145822,34.65021,34.68021,3702400
hardzero_plus_depr__c0p54__z1p05__lam0p030__nu0p50__psi1p00,hardzero_plus_depr,0.02,39,1157,0.0,1,0.50661373,0.50661373,0.9744719,0.106054254,0.106054254,1.0,1.8413409e-18,1.7362253e-17,-25.821486,2.143881,0.714627,0.14999999,0.0,0.15867999,34.68021,34.71021,3705600
hardzero_plus_depr__c0p54__z1p05__lam0p030__nu0p50__psi1p00,hardzero_plus_depr,0.02,39,1158,0.0,1,0.50661373,0.50661373,1.0514243,0.0,0.088833295,0.0,0.0,1.6849141e-17,-27.60949,2.3131795,0.7710599,0.16000001,0.0,0.14045265,34.71021,34.740208,3708800
hardzero_plus_depr__c0p54__z1p05__lam0p030__nu0p50__psi1p00,hardzero_plus_depr,0.02,39,1159,0.0,1,0.50661373,0.50661373,1.1238031,0.0,0.07519636,0.0,0.0,1.6351195e-17,-28.549885,2.4724164,0.8241388,0.120000005,0.0,0.17070122,34.740208,34.770206,3712000
hardzero_plus_depr__c0p54__z1p05__lam0p030__nu0p50__psi1p00,hardzero_plus_depr,0.02,39,1160,0.0,1,0.50661373,0.50661373,1.0114448,0.09739916,0.09739916,1.0,1.5455263e-18,1.5867963e-17,-25.829857,2.225223,0.74174106,0.17600001,0.0,0.12965606,34.770206,34.800205,3715200
hardzero_plus_depr__c0p54__z1p05__lam0p030__nu0p50__psi1p00,hardzero_plus_depr,0.02,39,1161,0.0,1,0.50661373,0.50661373,1.0160326,0.09637568,0.09637568,1.0,1.4840903e-18,1.5399013e-17,-26.688292,2.2353163,0.74510545,0.14400001,0.0,0.13897723,34.800205,34.830204,3718400
hardzero_plus_depr__c0p54__z1p05__lam0p030__nu0p50__psi1p00,hardzero_plus_depr,0.02,39,1162,0.0,1,0.50661373,0.50661373,1.0480702,0.08952199,0.08952199,1.0,1.3378096e-18,1.4943923e-17,-27.314827,2.3058004,0.76860017,0.16800001,0.0,0.16503541,34.830204,34.860203,3721600
hardzero_plus_depr__c0p54__z1p05__lam0p030__nu0p50__psi1p00,hardzero_plus_depr,0.02,39,1163,0.0,1,0.50661373,0.50661373,1.0427274,0.09063013,0.09063013,1.0,1.3143435e-18,1.450228e-17,-27.019638,2.294046,0.764682,0.128,0.0,0.15704113,34.860203,34.8902,3724800
hardzero_plus_depr__c0p54__z1p05__lam0p030__nu0p50__psi1p00,hardzero_plus_depr,0.02,39,1164,0.0,1,0.50661373,0.50661373,1.0236453,0.09470103,0.09470103,1.0,1.332793e-18,1.407369e-17,-26.641932,2.2520647,0.75068825,0.072000004,0.0,0.13996026,34.8902,34.9202,3728000
hardzero_plus_depr__c0p54__z1p05__lam0p030__nu0p50__psi1p00,hardzero_plus_depr,0.02,39,1165,0.0,1,0.50661373,0.50661373,1.0452446,0.09010637,0.09010637,1.0,1.2306518e-18,1.3657767e-17,-27.245193,2.299584,0.766528,0.17600001,0.0,0.13870285,34.9202,34.9502,3731200
hardzero_plus_depr__c0p54__z1p05__lam0p030__nu0p50__psi1p00,hardzero_plus_depr,0.02,39,1166,0.0,1,0.50661373,0.50661373,1.0440395,0.09035673,0.09035673,1.0,1.1976003e-18,1.3254135e-17,-27.773376,2.2969327,0.76564425,0.16800001,0.0,0.12239909,34.9502,34.980198,3734400
hardzero_plus_depr__c0p54__z1p05__lam0p030__nu0p50__psi1p00,hardzero_plus_depr,0.02,39,1167,0.0,1,0.50661373,0.50661373,0.98288894,0.104018606,0.104018606,1.0,1.3379322e-18,1.2862431e-17,-26.043467,2.1623988,0.7207996,0.18400002,0.0,0.1299831,34.980198,35.010197,3737600
hardzero_plus_depr__c0p54__z1p05__lam0p030__nu0p50__psi1p00,hardzero_plus_depr,0.02,39,1168,0.0,1,0.50661373,0.50661373,1.0608244,0.0,0.086931184,0.0,0.0,1.2482304e-17,-27.865492,2.3338602,0.7779534,0.120000005,0.008,0.14653377,35.010197,35.040195,3740800
hardzero_plus_depr__c0p54__z1p05__lam0p030__nu0p50__psi1p00,hardzero_plus_depr,0.02,39,1169,0.0,1,0.50661373,0.50661373,1.0498235,0.089161314,0.089161314,1.0,1.0800477e-18,1.2113411e-17,-26.94325,2.3096578,0.76988596,0.216,0.0,0.15806404,35.040195,35.070194,3744000
hardzero_plus_depr__c0p54__z1p05__lam0p030__nu0p50__psi1p00,hardzero_plus_depr,0.02,39,1170,0.0,1,0.50661373,0.50661373,1.0429572,0.0905822,0.0905822,1.0,1.0648318e-18,1.175542e-17,-27.388014,2.2945516,0.76485056,0.13,0.0,0.14799586,35.070194,35.100193,3747200
hardzero_plus_depr__c0p54__z1p05__lam0p030__nu0p50__psi1p00,hardzero_plus_depr,0.02,39,1171,0.0,1,0.50661373,0.50661373,1.0702912,0.0,0.08505675,0.0,0.0,1.14080085e-17,-28.189508,2.3546875,0.78489584,0.15200001,0.0,0.15757078,35.100193,35.13019,3750400
hardzero_plus_depr__c0p54__z1p05__lam0p030__nu0p50__psi1p00,hardzero_plus_depr,0.02,39,1172,0.0,1,0.50661373,0.50661373,1.1025418,0.0,0.078969285,0.0,0.0,1.10708646e-17,-27.601768,2.4256403,0.8085468,0.14400001,0.0,0.15327398,35.13019,35.16019,3753600
hardzero_plus_depr__c0p54__z1p05__lam0p030__nu0p50__psi1p00,hardzero_plus_depr,0.02,39,1173,0.0,1,0.50661373,0.50661373,1.0824846,0.0,0.082701884,0.0,0.0,1.0743684e-17,-27.925154,2.3815136,0.7938379,0.096,0.0,0.16275634,35.16019,35.19019,3756800
hardzero_plus_depr__c0p54__z1p05__lam0p030__nu0p50__psi1p00,hardzero_plus_depr,0.02,39,1174,0.0,1,0.50661373,0.50661373,1.0369284,0.0918484,0.0918484,1.0,9.576273e-19,1.0426172e-17,-26.970638,2.2812881,0.7604294,0.14400001,0.0,0.1471564,35.19019,35.22019,3760000
hardzero_plus_depr__c0p54__z1p05__lam0p030__nu0p50__psi1p00,hardzero_plus_depr,0.02,39,1175,0.0,1,0.50661373,0.50661373,1.073925,0.0,0.08434803,0.0,0.0,1.0118045e-17,-27.24629,2.362682,0.7875607,0.15200001,0.0,0.13970332,35.22019,35.250187,3763200
hardzero_plus_depr__c0p54__z1p05__lam0p030__nu0p50__psi1p00,hardzero_plus_depr,0.02,39,1176,0.0,1,0.50661373,0.50661373,1.0950282,0.0,0.08034741,0.0,0.0,9.8190235e-18,-28.86186,2.40911,0.8030367,0.16000001,0.0,0.17221352,35.250187,35.280186,3766400
hardzero_plus_depr__c0p54__z1p05__lam0p030__nu0p50__psi1p00,hardzero_plus_depr,0.02,39,1177,0.0,1,0.50661373,0.50661373,1.0523475,0.0,0.08864464,0.0,0.0,9.52884e-18,-27.62747,2.3152108,0.771737,0.112,0.0,0.15549856,35.280186,35.310184,3769600
hardzero_plus_depr__c0p54__z1p05__lam0p030__nu0p50__psi1p00,hardzero_plus_depr,0.02,39,1178,0.0,1,0.50661373,0.50661373,0.99513626,0.10112622,0.10112622,1.0,9.351375e-19,9.247231e-18,-26.892776,2.1893435,0.72978115,0.216,0.0,0.14840357,35.310184,35.340183,3772800
hardzero_plus_depr__c0p54__z1p05__lam0p030__nu0p50__psi1p00,hardzero_plus_depr,0.02,39,1179,0.0,1,0.50661373,0.50661373,1.0074645,0.09829593,0.09829593,1.0,8.821023e-19,8.973945e-18,-27.066406,2.2164662,0.7388221,0.16000001,0.0,0.1450757,35.340183,35.370182,3776000
hardzero_plus_depr__c0p54__z1p05__lam0p030__nu0p50__psi1p00,hardzero_plus_depr,0.02,39,1180,0.0,1,0.50661373,0.50661373,1.0194278,0.095625184,0.095625184,1.0,8.327744e-19,8.708735e-18,-26.749908,2.242786,0.7475953,0.128,0.0,0.15085123,35.370182,35.40018,3779200
hardzero_plus_depr__c0p54__z1p05__lam0p030__nu0p50__psi1p00,hardzero_plus_depr,0.02,39,1181,0.0,1,0.50661373,0.50661373,1.00603,0.09862114,0.09862114,1.0,8.334831e-19,8.451364e-18,-27.10201,2.2133102,0.7377701,0.120000005,0.0,0.13995394,35.40018,35.43018,3782400
hardzero_plus_depr__c0p54__z1p05__lam0p030__nu0p50__psi1p00,hardzero_plus_depr,0.02,39,1182,0.0,1,0.50661373,0.50661373,1.0661628,0.0,0.085869156,0.0,0.0,8.201598e-18,-28.526701,2.3456051,0.7818684,0.16000001,0.008,0.14866693,35.43018,35.46018,3785600
hardzero_plus_depr__c0p54__z1p05__lam0p030__nu0p50__psi1p00,hardzero_plus_depr,0.02,39,1183,0.0,1,0.50661373,0.50661373,0.998783,0.100280635,0.100280635,1.0,7.981551e-19,7.9592146e-18,-26.509264,2.1973665,0.7324555,0.089999996,0.0,0.15152133,35.46018,35.490177,3788800
hardzero_plus_depr__c0p54__z1p05__lam0p030__nu0p50__psi1p00,hardzero_plus_depr,0.02,39,1184,0.0,1,0.50661373,0.50661373,1.086034,0.0,0.08202871,0.0,0.0,7.723993e-18,-28.665106,2.3893225,0.79644084,0.096,0.0,0.1424452,35.490177,35.520176,3792000
hardzero_plus_depr__c0p54__z1p05__lam0p030__nu0p50__psi1p00,hardzero_plus_depr,0.02,39,1185,0.0,1,0.50661373,0.50661373,1.0508302,0.0,0.08895488,0.0,0.0,7.495725e-18,-27.39484,2.3118727,0.7706243,0.080000006,0.0,0.11983038,35.520176,35.550175,3795200
hardzero_plus_depr__c0p54__z1p05__lam0p030__nu0p50__psi1p00,hardzero_plus_depr,0.02,39,1186,0.0,1,0.50661373,0.50661373,1.0527911,0.0,0.088554144,0.0,0.0,7.274201e-18,-27.277836,2.3161867,0.77206224,0.104,0.0,0.18321612,35.550175,35.580173,3798400
hardzero_plus_depr__c0p54__z1p05__lam0p030__nu0p50__psi1p00,hardzero_plus_depr,0.02,39,1187,0.0,1,0.50661373,0.50661373,1.0215071,0.09516843,0.09516843,1.0,6.718153e-19,7.059225e-18,-27.145555,2.2473605,0.7491202,0.16800001,0.0,0.13101488,35.580173,35.610172,3801600
hardzero_plus_depr__c0p54__z1p05__lam0p030__nu0p50__psi1p00,hardzero_plus_depr,0.02,39,1188,0.0,1,0.50661373,0.50661373,1.0237447,0.094679356,0.094679356,1.0,6.4861046e-19,6.8506006e-18,-26.895678,2.2522833,0.75076115,0.128,0.0,0.13631864,35.610172,35.64017,3804800
hardzero_plus_depr__c0p54__z1p05__lam0p030__nu0p50__psi1p00,hardzero_plus_depr,0.02,39,1189,0.0,1,0.50661373,0.50661373,1.0524719,0.0,0.08861925,0.0,0.0,6.6481432e-18,-27.483452,2.3154843,0.7718281,0.080000006,0.0,0.15088569,35.64017,35.67017,3808000
hardzero_plus_depr__c0p54__z1p05__lam0p030__nu0p50__psi1p00,hardzero_plus_depr,0.02,39,1190,0.0,1,0.50661373,0.50661373,1.0977378,0.0,0.07984767,0.0,0.0,6.4516684e-18,-28.193068,2.4150712,0.8050238,0.128,0.0,0.16484937,35.67017,35.70017,3811200
hardzero_plus_depr__c0p54__z1p05__lam0p030__nu0p50__psi1p00,hardzero_plus_depr,0.02,39,1191,0.0,1,0.50661373,0.50661373,1.0513926,0.0,0.08883978,0.0,0.0,6.2610008e-18,-27.644648,2.3131099,0.7710366,0.15200001,0.0,0.15761113,35.70017,35.730167,3814400
hardzero_plus_depr__c0p54__z1p05__lam0p030__nu0p50__psi1p00,hardzero_plus_depr,0.02,39,1192,0.0,1,0.50661373,0.50661373,1.0087037,0.098015845,0.098015845,1.0,5.9554114e-19,6.075968e-18,-26.640734,2.2191925,0.73973083,0.18400002,0.0,0.1164254,35.730167,35.760166,3817600
hardzero_plus_depr__c0p54__z1p05__lam0p030__nu0p50__psi1p00,hardzero_plus_depr,0.02,39,1193,0.0,1,0.50661373,0.50661373,1.0104195,0.09762937,0.09762937,1.0,5.7566213e-19,5.896403e-18,-26.470999,2.2229674,0.74098915,0.128,0.0,0.13389611,35.760166,35.790165,3820800
hardzero_plus_depr__c0p54__z1p05__lam0p030__nu0p50__psi1p00,hardzero_plus_depr,0.02,39,1194,0.0,1,0.50661373,0.50661373,1.0465729,0.08983118,0.08983118,1.0,5.1402704e-19,5.7221447e-18,-27.2144,2.3025064,0.7675022,0.120000005,0.0,0.14763033,35.790165,35.820164,3824000
hardzero_plus_depr__c0p54__z1p05__lam0p030__nu0p50__psi1p00,hardzero_plus_depr,0.02,39,1195,0.0,1,0.50661373,0.50661373,1.0620644,0.0,0.086683325,0.0,0.0,5.5530367e-18,-27.72196,2.3365884,0.77886283,0.17600001,0.008,0.15084158,35.820164,35.850163,3827200
hardzero_plus_depr__c0p54__z1p05__lam0p030__nu0p50__psi1p00,hardzero_plus_depr,0.02,39,1196,0.0,1,0.50661373,0.50661373,1.0153711,0.09652257,0.09652257,1.0,5.20153e-19,5.388926e-18,-26.981968,2.233861,0.7446203,0.19999999,0.01,0.1414861,35.850163,35.88016,3830400
hardzero_plus_depr__c0p54__z1p05__lam0p030__nu0p50__psi1p00,hardzero_plus_depr,0.02,39,1197,0.0,1,0.50661373,0.50661373,1.0604553,0.0,0.087005086,0.0,0.0,5.2296654e-18,-27.76815,2.3330483,0.7776828,0.128,0.0,0.15842037,35.88016,35.91016,3833600
hardzero_plus_depr__c0p54__z1p05__lam0p030__nu0p50__psi1p00,hardzero_plus_depr,0.02,39,1198,0.0,1,0.50661373,0.50661373,1.0113603,0.09741811,0.09741811,1.0,4.944078e-19,5.075112e-18,-26.78318,2.225037,0.7416791,0.18400002,0.0,0.124853134,35.91016,35.94016,3836800
hardzero_plus_depr__c0p54__z1p05__lam0p030__nu0p50__psi1p00,hardzero_plus_depr,0.02,39,1199,0.0,1,0.50661373,0.50661373,1.0402918,0.09113982,0.09113982,1.0,4.488751e-19,4.925126e-18,-27.048737,2.2886877,0.76289594,0.096,0.0,0.13539833,35.94016,35.970158,3840000
hardzero_plus_depr__c0p54__z1p05__lam0p030__nu0p50__psi1p00,hardzero_plus_depr,0.02,39,1200,0.0,1,0.50661373,0.50661373,1.0620203,0.0,0.08669213,0.0,0.0,4.7795724e-18,-27.97469,2.3364913,0.77883047,0.136,0.0,0.13861755,35.970158,36.000156,3843200
hardzero_plus_depr__c0p54__z1p05__lam0p030__nu0p50__psi1p00,hardzero_plus_depr,0.02,39,1201,0.0,1,0.50661373,0.50661373,1.0325227,0.09278489,0.09278489,1.0,4.3036607e-19,4.6383206e-18,-27.528105,2.2715952,0.75719845,0.18400002,0.0,0.15980347,36.000156,36.030155,3846400
hardzero_plus_depr__c0p54__z1p05__lam0p030__nu0p50__psi1p00,hardzero_plus_depr,0.02,39,1202,0.0,1,0.50661373,0.50661373,0.98017836,0.104669854,0.104669854,1.0,4.711444e-19,4.5012427e-18,-26.049788,2.1564355,0.71881187,0.15200001,0.0,0.14348887,36.030155,36.060154,3849600
hardzero_plus_depr__c0p54__z1p05__lam0p030__nu0p50__psi1p00,hardzero_plus_depr,0.02,39,1203,0.0,1,0.50661373,0.50661373,0.98007035,0.10469588,0.10469588,1.0,4.573342e-19,4.368216e-18,-26.552057,2.1561978,0.7187326,0.208,0.0,0.16204949,36.060154,36.090153,3852800
hardzero_plus_depr__c0p54__z1p05__lam0p030__nu0p50__psi1p00,hardzero_plus_depr,0.02,39,1204,0.0,1,0.50661373,0.50661373,1.017053,0.096149474,0.096149474,1.0,4.0758924e-19,4.2391207e-18,-26.879267,2.2375612,0.7458538,0.14400001,0.0,0.11342239,36.090153,36.12015,3856000
hardzero_plus_depr__c0p54__z1p05__lam0p030__nu0p50__psi1p00,hardzero_plus_depr,0.02,39,1205,0.0,1,0.50661373,0.50661373,1.0397251,0.09125884,0.09125884,1.0,3.7542435e-19,4.113841e-18,-28.152117,2.2874408,0.76248026,0.17600001,0.0,0.15057752,36.12015,36.15015,3859200
hardzero_plus_depr__c0p54__z1p05__lam0p030__nu0p50__psi1p00,hardzero_plus_depr,0.02,39,1206,0.0,1,0.50661373,0.50661373,1.0887604,0.0,0.08151539,0.0,0.0,3.9922636e-18,-28.36952,2.3953207,0.7984402,0.120000005,0.0,0.21357621,36.15015,36.18015,3862400
hardzero_plus_depr__c0p54__z1p05__lam0p030__nu0p50__psi1p00,hardzero_plus_depr,0.02,39,1207,0.0,1,0.50661373,0.50661373,1.0075318,0.09828069,0.09828069,1.0,3.8076682e-19,3.874279e-18,-26.030384,2.2166142,0.73887146,0.18400002,0.0,0.12594277,36.18015,36.210148,3865600
hardzero_plus_depr__c0p54__z1p05__lam0p030__nu0p50__psi1p00,hardzero_plus_depr,0.02,39,1208,0.0,1,0.50661373,0.50661373,1.0030645,0.09929686,0.09929686,1.0,3.733345e-19,3.7597816e-18,-26.958399,2.206786,0.73559535,0.136,0.0,0.1513904,36.210148,36.240147,3868800
hardzero_plus_depr__c0p54__z1p05__lam0p030__nu0p50__psi1p00,hardzero_plus_depr,0.02,39,1209,0.0,1,0.50661373,0.50661373,0.98261595,0.10408402,0.10408402,1.0,3.7976795e-19,3.6486672e-18,-26.243916,2.1617982,0.7205994,0.17999999,0.0,0.126503,36.240147,36.270145,3872000
hardzero_plus_depr__c0p54__z1p05__lam0p030__nu0p50__psi1p00,hardzero_plus_depr,0.02,39,1210,0.0,1,0.50661373,0.50661373,1.0331727,0.09264612,0.09264612,1.0,3.2804484e-19,3.540837e-18,-26.941885,2.2730255,0.7576752,0.128,0.0,0.14357293,36.270145,36.300144,3875200
hardzero_plus_depr__c0p54__z1p05__lam0p030__nu0p50__psi1p00,hardzero_plus_depr,0.02,39,1211,0.0,1,0.50661373,0.50661373,1.0474437,0.08965124,0.08965124,1.0,3.0805904e-19,3.4361939e-18,-26.9735,2.3044221,0.76814073,0.18400002,0.0,0.15103868,36.300144,36.330143,3878400
hardzero_plus_depr__c0p54__z1p05__lam0p030__nu0p50__psi1p00,hardzero_plus_depr,0.02,39,1212,0.0,1,0.50661373,0.50661373,0.99595314,0.10093618,0.10093618,1.0,3.3658612e-19,3.334643e-18,-27.371454,2.1911407,0.73038024,0.17600001,0.0,0.14513317,36.330143,36.36014,3881600
hardzero_plus_depr__c0p54__z1p05__lam0p030__nu0p50__psi1p00,hardzero_plus_depr,0.02,39,1213,0.0,1,0.50661373,0.50661373,0.9878454,0.102838226,0.102838226,1.0,3.3279412e-19,3.2360935e-18,-25.990192,2.1733034,0.7244345,0.14400001,0.0,0.1361714,36.36014,36.39014,3884800
hardzero_plus_depr__c0p54__z1p05__lam0p030__nu0p50__psi1p00,hardzero_plus_depr,0.02,39,1214,0.0,1,0.50661373,0.50661373,1.0870825,0.0,0.08183093,0.0,0.0,3.1404563e-18,-28.82913,2.3916292,0.79720974,0.112,0.0,0.16105108,36.39014,36.42014,3888000
hardzero_plus_depr__c0p54__z1p05__lam0p030__nu0p50__psi1p00,hardzero_plus_depr,0.02,39,1215,0.0,1,0.50661373,0.50661373,1.018868,0.09574851,0.09574851,1.0,2.918075e-19,3.0476454e-18,-26.5754,2.2415543,0.74718475,0.112,0.0,0.11665713,36.42014,36.450138,3891200
hardzero_plus_depr__c0p54__z1p05__lam0p030__nu0p50__psi1p00,hardzero_plus_depr,0.02,39,1216,0.0,1,0.50661373,0.50661373,1.0799047,0.0,0.08319463,0.0,0.0,2.9575775e-18,-27.306873,2.3758378,0.79194593,0.120000005,0.0,0.14392306,36.450138,36.480137,3894400
hardzero_plus_depr__c0p54__z1p05__lam0p030__nu0p50__psi1p00,hardzero_plus_depr,0.02,39,1217,0.0,1,0.50661373,0.50661373,0.998765,0.10028477,0.10028477,1.0,2.878345e-19,2.8701716e-18,-26.760468,2.197327,0.7324423,0.14400001,0.0,0.12068534,36.480137,36.510136,3897600
hardzero_plus_depr__c0p54__z1p05__lam0p030__nu0p50__psi1p00,hardzero_plus_depr,0.02,39,1218,0.0,1,0.50661373,0.50661373,1.0243337,0.09455103,0.09455103,1.0,2.6335753e-19,2.7853483e-18,-26.724648,2.2535791,0.75119305,0.16800001,0.0,0.1600323,36.510136,36.540134,3900800
hardzero_plus_depr__c0p54__z1p05__lam0p030__nu0p50__psi1p00,hardzero_plus_depr,0.02,39,1219,0.0,1,0.50661373,0.50661373,1.1074682,0.0,0.07807854,0.0,0.0,2.703032e-18,-28.94563,2.4364789,0.81215966,0.15200001,0.0,0.19423325,36.540134,36.570133,3904000
hardzero_plus_depr__c0p54__z1p05__lam0p030__nu0p50__psi1p00,hardzero_plus_depr,0.02,39,1220,0.0,1,0.50661373,0.50661373,1.0524094,0.0,0.088631995,0.0,0.0,2.6231487e-18,-27.189173,2.315347,0.77178234,0.112,0.0,0.13971451,36.570133,36.600132,3907200
hardzero_plus_depr__c0p54__z1p05__lam0p030__nu0p50__psi1p00,hardzero_plus_depr,0.02,39,1221,0.0,1,0.50661373,0.50661373,0.9948563,0.10119143,0.10119143,1.0,2.5759557e-19,2.5456264e-18,-27.152443,2.1887276,0.7295759,0.208,0.008,0.12861301,36.600132,36.63013,3910400
hardzero_plus_depr__c0p54__z1p05__lam0p030__nu0p50__psi1p00,hardzero_plus_depr,0.02,39,1222,0.0,1,0.50661373,0.50661373,1.0019633,0.09954895,0.09954895,1.0,2.459252e-19,2.4703945e-18,-27.042912,2.204363,0.7347877,0.17,0.0,0.13549548,36.63013,36.66013,3913600
hardzero_plus_depr__c0p54__z1p05__lam0p030__nu0p50__psi1p00,hardzero_plus_depr,0.02,39,1223,0.0,1,0.50661373,0.50661373,1.0490086,0.08932879,0.08932879,1.0,2.1415561e-19,2.3973863e-18,-27.21862,2.3078651,0.7692884,0.14400001,0.0,0.16765007,36.66013,36.69013,3916800
hardzero_plus_depr__c0p54__z1p05__lam0p030__nu0p50__psi1p00,hardzero_plus_depr,0.02,39,1224,0.0,1,0.50661373,0.50661373,1.027468,0.09387111,0.09387111,1.0,2.1839447e-19,2.3265356e-18,-27.767708,2.2604747,0.7534916,0.064,0.0,0.15580124,36.69013,36.720127,3920000
hardzero_plus_depr__c0p54__z1p05__lam0p030__nu0p50__psi1p00,hardzero_plus_depr,0.02,39,1225,0.0,1,0.50661373,0.50661373,1.0410416,0.09098261,0.09098261,1.0,2.054186e-19,2.2577787e-18,-26.852274,2.2903373,0.7634458,0.15200001,0.0,0.14694858,36.720127,36.750126,3923200
hardzero_plus_depr__c0p54__z1p05__lam0p030__nu0p50__psi1p00,hardzero_plus_depr,0.02,39,1226,0.0,1,0.50661373,0.50661373,1.0656637,0.0,0.08596789,0.0,0.0,2.191054e-18,-27.852972,2.344507,0.78150237,0.128,0.0,0.13411237,36.750126,36.780125,3926400
hardzero_plus_depr__c0p54__z1p05__lam0p030__nu0p50__psi1p00,hardzero_plus_depr,0.02,39,1227,0.0,1,0.50661373,0.50661373,0.9964954,0.100810215,0.100810215,1.0,2.1435288e-19,2.1263013e-18,-26.44416,2.1923337,0.7307779,0.17600001,0.0,0.13060749,36.780125,36.810123,3929600
hardzero_plus_depr__c0p54__z1p05__lam0p030__nu0p50__psi1p00,hardzero_plus_depr,0.02,39,1228,0.0,1,0.50661373,0.50661373,1.024401,0.094536394,0.094536394,1.0,1.9507226e-19,2.063462e-18,-27.05149,2.2537272,0.7512424,0.24000001,0.0,0.15767066,36.810123,36.840122,3932800
hardzero_plus_depr__c0p54__z1p05__lam0p030__nu0p50__psi1p00,hardzero_plus_depr,0.02,39,1229,0.0,1,0.50661373,0.50661373,1.0433176,0.09050705,0.09050705,1.0,1.8123856e-19,2.00248e-18,-27.799295,2.2953444,0.7651148,0.16800001,0.0,0.13142748,36.840122,36.87012,3936000
hardzero_plus_depr__c0p54__z1p05__lam0p030__nu0p50__psi1p00,hardzero_plus_depr,0.02,39,1230,0.0,1,0.50661373,0.50661373,1.0456667,0.090018824,0.090018824,1.0,1.7493359e-19,1.9433002e-18,-27.89737,2.3005126,0.76683754,0.136,0.0,0.135162,36.87012,36.90012,3939200
hardzero_plus_depr__c0p54__z1p05__lam0p030__nu0p50__psi1p00,hardzero_plus_depr,0.02,39,1231,0.0,1,0.50661373,0.50661373,1.0367013,0.09189643,0.09189643,1.0,1.7330465e-19,1.8858692e-18,-27.697618,2.2807884,0.76026285,0.16800001,0.0,0.18940634,36.90012,36.93012,3942400
hardzero_plus_depr__c0p54__z1p05__lam0p030__nu0p50__psi1p00,hardzero_plus_depr,0.02,39,1232,0.0,1,0.50661373,0.50661373,1.0424755,0.09068272,0.09068272,1.0,1.6596168e-19,1.8301357e-18,-27.630093,2.2934918,0.7644973,0.128,0.0,0.14233492,36.93012,36.960117,3945600
hardzero_plus_depr__c0p54__z1p05__lam0p030__nu0p50__psi1p00,hardzero_plus_depr,0.02,39,1233,0.0,1,0.50661373,0.50661373,0.99770504,0.10052983,0.10052983,1.0,1.7854591e-19,1.7760492e-18,-27.065212,2.194995,0.731665,0.2,0.0,0.13572688,36.960117,36.990116,3948800
hardzero_plus_depr__c0p54__z1p05__lam0p030__nu0p50__psi1p00,hardzero_plus_depr,0.02,39,1234,0.0,1,0.50661373,0.50661373,1.0220486,0.095049836,0.095049836,1.0,1.6382419e-19,1.723561e-18,-26.81527,2.2485518,0.7495173,0.16000001,0.0,0.12521502,36.990116,37.020115,3952000
hardzero_plus_depr__c0p54__z1p05__lam0p030__nu0p50__psi1p00,hardzero_plus_depr,0.02,39,1235,0.0,1,0.50661373,0.50661373,1.032933,0.092697285,0.092697285,1.0,1.5504772e-19,1.6726241e-18,-27.989843,2.272498,0.75749934,0.22,0.01,0.15550044,37.020115,37.050114,3955200
hardzero_plus_depr__c0p54__z1p05__lam0p030__nu0p50__psi1p00,hardzero_plus_depr,0.02,39,1236,0.0,1,0.50661373,0.50661373,0.958074,0.110135175,0.110135175,1.0,1.7877061e-19,1.6231926e-18,-25.065739,2.1078048,0.7026016,0.192,0.0,0.15919499,37.050114,37.080112,3958400
hardzero_plus_depr__c0p54__z1p05__lam0p030__nu0p50__psi1p00,hardzero_plus_depr,0.02,39,1237,0.0,1,0.50661373,0.50661373,1.0364587,0.09194779,0.09194779,1.0,1.4483817e-19,1.575222e-18,-27.945826,2.2802548,0.760085,0.15200001,0.0,0.12697229,37.080112,37.11011,3961600
hardzero_plus_depr__c0p54__z1p05__lam0p030__nu0p50__psi1p00,hardzero_plus_depr,0.02,39,1238,0.0,1,0.50661373,0.50661373,1.0444276,0.090275995,0.090275995,1.0,1.3800211e-19,1.528669e-18,-27.87822,2.2977867,0.7659289,0.136,0.0,0.14780258,37.11011,37.14011,3964800
hardzero_plus_depr__c0p54__z1p05__lam0p030__nu0p50__psi1p00,hardzero_plus_depr,0.02,39,1239,0.0,1,0.50661373,0.50661373,1.0775558,0.0,0.083645806,0.0,0.0,1.4834919e-18,-27.005005,2.37067,0.79022336,0.072000004,0.0,0.16425094,37.14011,37.17011,3968000
hardzero_plus_depr__c0p54__z1p05__lam0p030__nu0p50__psi1p00,hardzero_plus_depr,0.02,39,1240,0.0,1,0.50661373,0.50661373,1.0212781,0.09521861,0.09521861,1.0,1.3708144e-19,1.4396497e-18,-28.029314,2.2468567,0.74895227,0.120000005,0.0,0.13825478,37.17011,37.200108,3971200
hardzero_plus_depr__c0p54__z1p05__lam0p030__nu0p50__psi1p00,hardzero_plus_depr,0.02,39,1241,0.0,1,0.50661373,0.50661373,1.0386208,0.09149116,0.09149116,1.0,1.2782262e-19,1.3971034e-18,-27.499805,2.2850115,0.76167053,0.15200001,0.0,0.13093437,37.200108,37.230106,3974400
hardzero_plus_depr__c0p54__z1p05__lam0p030__nu0p50__psi1p00,hardzero_plus_depr,0.02,39,1242,0.0,1,0.50661373,0.50661373,1.0230985,0.09482034,0.09482034,1.0,1.2855878e-19,1.3558144e-18,-27.305212,2.2508616,0.75028723,0.120000005,0.0,0.12861432,37.230106,37.260105,3977600
hardzero_plus_depr__c0p54__z1p05__lam0p030__nu0p50__psi1p00,hardzero_plus_depr,0.02,39,1243,0.0,1,0.50661373,0.50661373,1.0736614,0.0,0.084399246,0.0,0.0,1.3157456e-18,-27.316214,2.3621023,0.78736746,0.128,0.0,0.15996097,37.260105,37.290104,3980800
hardzero_plus_depr__c0p54__z1p05__lam0p030__nu0p50__psi1p00,hardzero_plus_depr,0.02,39,1244,0.0,1,0.50661373,0.50661373,1.0336167,0.09255147,0.09255147,1.0,1.1817538e-19,1.2768611e-18,-28.043943,2.274002,0.75800073,0.2,0.0,0.12698501,37.290104,37.320103,3984000
hardzero_plus_depr__c0p54__z1p05__lam0p030__nu0p50__psi1p00,hardzero_plus_depr,0.02,39,1245,0.0,1,0.50661373,0.50661373,1.039648,0.09127501,0.09127501,1.0,1.131012e-19,1.2391256e-18,-27.135359,2.2872715,0.7624239,0.15200001,0.0,0.16302818,37.320103,37.3501,3987200
hardzero_plus_depr__c0p54__z1p05__lam0p030__nu0p50__psi1p00,hardzero_plus_depr,0.02,39,1246,0.0,1,0.50661373,0.50661373,1.0547605,0.0,0.0881535,0.0,0.0,1.2025053e-18,-27.361076,2.3205194,0.7735065,0.16000001,0.0,0.16743767,37.3501,37.3801,3990400
hardzero_plus_depr__c0p54__z1p05__lam0p030__nu0p50__psi1p00,hardzero_plus_depr,0.02,39,1247,0.0,1,0.50661373,0.50661373,1.0211682,0.09524272,0.09524272,1.0,1.1114513e-19,1.1669673e-18,-26.841757,2.246615,0.7488717,0.136,0.0,0.14518146,37.3801,37.4101,3993600
hardzero_plus_depr__c0p54__z1p05__lam0p030__nu0p50__psi1p00,hardzero_plus_depr,0.02,39,1248,0.0,1,0.50661373,0.50661373,0.9984635,0.10035442,0.10035442,1.0,1.1364934e-19,1.1324797e-18,-27.585205,2.1966636,0.73222125,0.17,0.0,0.1349524,37.4101,37.440098,3996800
hardzero_plus_depr__c0p54__z1p05__lam0p030__nu0p50__psi1p00,hardzero_plus_depr,0.02,39,1249,0.0,1,0.50661373,0.50661373,1.0472645,0.08968824,0.08968824,1.0,9.856838e-20,1.0990112e-18,-26.973747,2.3040278,0.7680093,0.16800001,0.0,0.14593753,37.440098,37.470097,4000000
hardzero_plus_depr__c0p54__z1p05__lam0p030__nu0p50__psi1p00,hardzero_plus_depr,0.02,40,0,1.0,1,1.0,0.4618307,1.0384048,0.09153668,0.09153668,1.0,0.0018307335,0.02,-27.009108,2.2845361,0.76151204,0.14,0.0,0.1360506,0.0,0.0,3200
hardzero_plus_depr__c0p54__z1p05__lam0p030__nu0p50__psi1p00,hardzero_plus_depr,0.02,40,1,0.0,1,0.4618307,0.46377158,1.0130329,0.097043626,0.097043626,1.0,0.0019408725,0.02,-27.20836,2.2287169,0.7429056,0.18400002,0.0,0.14540449,0.0,0.03,6400
hardzero_plus_depr__c0p54__z1p05__lam0p030__nu0p50__psi1p00,hardzero_plus_depr,0.02,40,2,0.0,1,0.46377158,0.465601,1.0256903,0.094256155,0.094256155,1.0,0.0018294094,0.019408911,-27.97767,2.2565637,0.7521879,0.17600001,0.0,0.1601904,0.03,0.06,9600
hardzero_plus_depr__c0p54__z1p05__lam0p030__nu0p50__psi1p00,hardzero_plus_depr,0.02,40,3,0.0,1,0.465601,0.4674035,1.0190952,0.09569844,0.09569844,1.0,0.001802508,0.018835291,-27.111416,2.2420542,0.7473514,0.14400001,0.0,0.13702832,0.06,0.089999996,12800
hardzero_plus_depr__c0p54__z1p05__lam0p030__nu0p50__psi1p00,hardzero_plus_depr,0.02,40,4,0.0,1,0.4674035,0.46909976,1.0324534,0.092799686,0.092799686,1.0,0.0016962506,0.018278625,-26.730387,2.271443,0.75714767,0.104,0.0,0.14613195,0.089999996,0.12,16000
hardzero_plus_depr__c0p54__z1p05__lam0p030__nu0p50__psi1p00,hardzero_plus_depr,0.02,40,5,0.0,1,0.46909976,0.47073302,1.035862,0.09207421,0.09207421,1.0,0.0016332498,0.017738407,-27.58127,2.2789419,0.7596473,0.192,0.0,0.16662627,0.12,0.14999999,19200
hardzero_plus_depr__c0p54__z1p05__lam0p030__nu0p50__psi1p00,hardzero_plus_depr,0.02,40,6,0.0,1,0.47073302,0.4723192,1.0355352,0.09214351,0.09214351,1.0,0.0015861731,0.017214159,-27.202803,2.278223,0.7594077,0.16000001,0.0,0.15380596,0.14999999,0.17999999,22400
hardzero_plus_depr__c0p54__z1p05__lam0p030__nu0p50__psi1p00,hardzero_plus_depr,0.02,40,7,0.0,1,0.4723192,0.47384387,1.0396727,0.09126983,0.09126983,1.0,0.0015246994,0.016705405,-26.882572,2.2873256,0.7624419,0.18400002,0.0,0.15167265,0.17999999,0.21,25600
hardzero_plus_depr__c0p54__z1p05__lam0p030__nu0p50__psi1p00,hardzero_plus_depr,0.02,40,8,0.0,1,0.47384387,0.47384387,1.069803,0.0,0.085152425,0.0,0.0,0.016211685,-26.897873,2.3536136,0.7845379,0.136,0.0,0.16542348,0.21,0.24,28800
hardzero_plus_depr__c0p54__z1p05__lam0p030__nu0p50__psi1p00,hardzero_plus_depr,0.02,40,9,0.0,1,0.47384387,0.47538987,1.007592,0.09826708,0.09826708,1.0,0.0015459923,0.015732557,-26.411423,2.2167466,0.73891556,0.16000001,0.0,0.15798897,0.24,0.26999998,32000
hardzero_plus_depr__c0p54__z1p05__lam0p030__nu0p50__psi1p00,hardzero_plus_depr,0.02,40,10,0.0,1,0.47538987,0.47538987,1.0548267,0.0,0.088140056,0.0,0.0,0.01526759,-27.555937,2.3206651,0.77355504,0.128,0.0,0.15782511,0.26999998,0.29999998,35200
hardzero_plus_depr__c0p54__z1p05__lam0p030__nu0p50__psi1p00,hardzero_plus_depr,0.02,40,11,0.0,1,0.47538987,0.47676638,1.0319643,0.09290427,0.09290427,1.0,0.0013765034,0.014816363,-26.70791,2.270367,0.75678897,0.14400001,0.0,0.16121104,0.29999998,0.32999998,38400
hardzero_plus_depr__c0p54__z1p05__lam0p030__nu0p50__psi1p00,hardzero_plus_depr,0.02,40,12,0.0,1,0.47676638,0.47806853,1.0430465,0.090563565,0.090563565,1.0,0.001302166,0.014378476,-27.72838,2.294748,0.76491606,0.16000001,0.0,0.16626732,0.32999998,0.35999998,41600
hardzero_plus_depr__c0p54__z1p05__lam0p030__nu0p50__psi1p00,hardzero_plus_depr,0.02,40,13,0.0,1,0.47806853,0.4795374,0.97770095,0.10526863,0.10526863,1.0,0.0014688686,0.0139535265,-26.326015,2.150985,0.716995,0.099999994,0.0,0.15204346,0.35999998,0.39,44800
hardzero_plus_depr__c0p54__z1p05__lam0p030__nu0p50__psi1p00,hardzero_plus_depr,0.02,40,14,0.0,1,0.4795374,0.4795374,1.0553068,0.0,0.08804266,0.0,0.0,0.013541138,-28.568493,2.3217213,0.7739071,0.104,0.0,0.15134194,0.39,0.42,48000
hardzero_plus_depr__c0p54__z1p05__lam0p030__nu0p50__psi1p00,hardzero_plus_depr,0.02,40,15,0.0,1,0.4795374,0.4809617,0.965017,0.10838845,0.10838845,1.0,0.0014243257,0.013140936,-26.04179,2.1230798,0.7076933,0.208,0.0,0.14232512,0.42,0.45,51200
hardzero_plus_depr__c0p54__z1p05__lam0p030__nu0p50__psi1p00,hardzero_plus_depr,0.02,40,16,0.0,1,0.4809617,0.48211232,1.0446703,0.09022556,0.09022556,1.0,0.0011506071,0.012752563,-27.539032,2.2983208,0.76610696,0.14400001,0.0,0.16771589,0.45,0.48,54400
hardzero_plus_depr__c0p54__z1p05__lam0p030__nu0p50__psi1p00,hardzero_plus_depr,0.02,40,17,0.0,1,0.48211232,0.48328248,1.0243266,0.09455258,0.09455258,1.0,0.0011701513,0.012375668,-26.906958,2.2535634,0.7511878,0.17600001,0.0,0.1491034,0.48,0.51,57600
hardzero_plus_depr__c0p54__z1p05__lam0p030__nu0p50__psi1p00,hardzero_plus_depr,0.02,40,18,0.0,1,0.48328248,0.48435622,1.0486385,0.08940493,0.08940493,1.0,0.0010737453,0.012009911,-27.7028,2.3070507,0.7690169,0.104,0.0,0.14380911,0.51,0.53999996,60800
hardzero_plus_depr__c0p54__z1p05__lam0p030__nu0p50__psi1p00,hardzero_plus_depr,0.02,40,19,0.0,1,0.48435622,0.48542324,1.0383365,0.09155108,0.09155108,1.0,0.0010670247,0.011654965,-26.548635,2.284386,0.761462,0.14400001,0.0,0.12703446,0.53999996,0.56999993,64000
hardzero_plus_depr__c0p54__z1p05__lam0p030__nu0p50__psi1p00,hardzero_plus_depr,0.02,40,20,0.0,1,0.48542324,0.48651233,1.016416,0.09629063,0.09629063,1.0,0.0010890961,0.011310509,-27.123865,2.2361598,0.7453866,0.128,0.0,0.14004433,0.56999993,0.5999999,67200
hardzero_plus_depr__c0p54__z1p05__lam0p030__nu0p50__psi1p00,hardzero_plus_depr,0.02,40,21,0.0,1,0.48651233,0.48752555,1.0347552,0.09230915,0.09230915,1.0,0.0010132068,0.0109762335,-27.683071,2.276507,0.7588357,0.17600001,0.0,0.15303047,0.5999999,0.6299999,70400
hardzero_plus_depr__c0p54__z1p05__lam0p030__nu0p50__psi1p00,hardzero_plus_depr,0.02,40,22,0.0,1,0.48752555,0.48861507,0.99019027,0.10228447,0.10228447,1.0,0.0010895175,0.010651837,-25.836634,2.178462,0.726154,0.128,0.0,0.1297257,0.6299999,0.65999985,73600
hardzero_plus_depr__c0p54__z1p05__lam0p030__nu0p50__psi1p00,hardzero_plus_depr,0.02,40,23,0.0,1,0.48861507,0.4896104,1.0164198,0.096289776,0.096289776,1.0,0.00099535,0.010337027,-27.557991,2.2361681,0.7453894,0.17600001,0.0,0.14270394,0.65999985,0.6899998,76800
hardzero_plus_depr__c0p54__z1p05__lam0p030__nu0p50__psi1p00,hardzero_plus_depr,0.02,40,24,0.0,1,0.4896104,0.4905195,1.0427599,0.09062334,0.09062334,1.0,0.00090909016,0.010031523,-27.402317,2.2941177,0.7647059,0.16800001,0.0,0.16277726,0.6899998,0.7199998,80000
hardzero_plus_depr__c0p54__z1p05__lam0p030__nu0p50__psi1p00,hardzero_plus_depr,0.02,40,25,0.0,1,0.4905195,0.49143583,1.0262883,0.09412646,0.09412646,1.0,0.00091632555,0.009735047,-26.852139,2.2578793,0.7526264,0.120000005,0.0,0.1406068,0.7199998,0.74999976,83200
hardzero_plus_depr__c0p54__z1p05__lam0p030__nu0p50__psi1p00,hardzero_plus_depr,0.02,40,26,0.0,1,0.49143583,0.49143583,1.0504218,0.0,0.089038566,0.0,0.0,0.009447333,-27.152145,2.3109741,0.7703247,0.14,0.0,0.15330423,0.74999976,0.77999973,86400
hardzero_plus_depr__c0p54__z1p05__lam0p030__nu0p50__psi1p00,hardzero_plus_depr,0.02,40,27,0.0,1,0.49143583,0.49231082,1.0202734,0.095439136,0.095439136,1.0,0.00087499776,0.009168123,-26.478596,2.2446463,0.74821544,0.16800001,0.0,0.16232951,0.77999973,0.8099997,89600
hardzero_plus_depr__c0p54__z1p05__lam0p030__nu0p50__psi1p00,hardzero_plus_depr,0.02,40,28,0.0,1,0.49231082,0.49231082,1.0693902,0.0,0.08523341,0.0,0.0,0.008897164,-27.937752,2.3527055,0.7842352,0.208,0.0,0.17509156,0.8099997,0.8399997,92800
hardzero_plus_depr__c0p54__z1p05__lam0p030__nu0p50__psi1p00,hardzero_plus_depr,0.02,40,29,0.0,1,0.49231082,0.4931111,1.0329872,0.09268571,0.09268571,1.0,0.00080026814,0.008634213,-27.144608,2.2726173,0.75753915,0.16800001,0.0,0.15612596,0.8399997,0.86999965,96000
hardzero_plus_depr__c0p54__z1p05__lam0p030__nu0p50__psi1p00,hardzero_plus_depr,0.02,40,30,0.0,1,0.4931111,0.49394277,1.003253,0.09925378,0.09925378,1.0,0.0008316508,0.008379034,-27.548897,2.2072008,0.7357336,0.192,0.0,0.16067806,0.86999965,0.8999996,99200
hardzero_plus_depr__c0p54__z1p05__lam0p030__nu0p50__psi1p00,hardzero_plus_depr,0.02,40,31,0.0,1,0.49394277,0.49394277,1.0723165,0.0,0.08466102,0.0,0.0,0.008131397,-27.902832,2.3591435,0.7863812,0.112,0.0,0.15695505,0.8999996,0.9299996,102400
hardzero_plus_depr__c0p54__z1p05__lam0p030__nu0p50__psi1p00,hardzero_plus_depr,0.02,40,32,0.0,1,0.49394277,0.4946468,1.0495602,0.08921539,0.08921539,1.0,0.00070400554,0.007891078,-27.406992,2.3090785,0.76969284,0.18400002,0.0,0.13817437,0.9299996,0.95999956,105600
hardzero_plus_depr__c0p54__z1p05__lam0p030__nu0p50__psi1p00,hardzero_plus_depr,0.02,40,33,0.0,1,0.4946468,0.49535328,1.0349936,0.092258476,0.092258476,1.0,0.0007065026,0.007657861,-27.173307,2.2770314,0.7590105,0.18400002,0.0,0.15484893,0.95999956,0.98999953,108800
hardzero_plus_depr__c0p54__z1p05__lam0p030__nu0p50__psi1p00,hardzero_plus_depr,0.02,40,34,0.0,1,0.49535328,0.49535328,1.1392622,0.0,0.07256678,0.0,0.0,0.0074315374,-29.163118,2.5064268,0.8354756,0.104,0.0,0.17203775,0.98999953,1.0199995,112000
hardzero_plus_depr__c0p54__z1p05__lam0p030__nu0p50__psi1p00,hardzero_plus_depr,0.02,40,35,0.0,1,0.49535328,0.49599683,1.0494748,0.08923294,0.08923294,1.0,0.00064353924,0.0072119026,-28.028708,2.3088908,0.7696303,0.120000005,0.0,0.14099778,1.0199995,1.0499995,115200
hardzero_plus_depr__c0p54__z1p05__lam0p030__nu0p50__psi1p00,hardzero_plus_depr,0.02,40,36,0.0,1,0.49599683,0.49663377,1.0409257,0.09100689,0.09100689,1.0,0.0006369353,0.0069987588,-28.009903,2.2900825,0.76336086,0.15200001,0.0,0.1686946,1.0499995,1.0799994,118400
hardzero_plus_depr__c0p54__z1p05__lam0p030__nu0p50__psi1p00,hardzero_plus_depr,0.02,40,37,0.0,1,0.49663377,0.49724084,1.0487487,0.08938224,0.08938224,1.0,0.00060707645,0.006791914,-27.33123,2.3072932,0.76909775,0.096,0.0,0.122649975,1.0799994,1.1099994,121600
hardzero_plus_depr__c0p54__z1p05__lam0p030__nu0p50__psi1p00,hardzero_plus_depr,0.02,40,38,0.0,1,0.49724084,0.49724084,1.1025505,0.0,0.078967705,0.0,0.0,0.0065911827,-29.326271,2.4256597,0.8085532,0.15200001,0.0,0.18271635,1.1099994,1.1399994,124800
hardzero_plus_depr__c0p54__z1p05__lam0p030__nu0p50__psi1p00,hardzero_plus_depr,0.02,40,39,0.0,1,0.49724084,0.49724084,1.0502433,0.0,0.0890752,0.0,0.0,0.006396384,-27.237549,2.3105812,0.77019376,0.19999999,0.0,0.13379131,1.1399994,1.1699994,128000
hardzero_plus_depr__c0p54__z1p05__lam0p030__nu0p50__psi1p00,hardzero_plus_depr,0.02,40,40,0.0,1,0.49724084,0.49724084,1.0512238,0.0,0.0888743,0.0,0.0,0.006207343,-26.71347,2.3127384,0.7709128,0.136,0.0,0.15097451,1.1699994,1.1999993,131200
hardzero_plus_depr__c0p54__z1p05__lam0p030__nu0p50__psi1p00,hardzero_plus_depr,0.02,40,41,0.0,1,0.49724084,0.4978142,1.0214362,0.095183976,0.095183976,1.0,0.0005733776,0.006023888,-26.076708,2.2472045,0.7490682,0.17600001,0.0,0.12452782,1.1999993,1.2299993,134400
hardzero_plus_depr__c0p54__z1p05__lam0p030__nu0p50__psi1p00,hardzero_plus_depr,0.02,40,42,0.0,1,0.4978142,0.4978142,1.0557609,0.0,0.08795067,0.0,0.0,0.0058458555,-27.688648,2.3227203,0.77424014,0.112,0.0,0.14241366,1.2299993,1.2599993,137600
hardzero_plus_depr__c0p54__z1p05__lam0p030__nu0p50__psi1p00,hardzero_plus_depr,0.02,40,43,0.0,1,0.4978142,0.49835825,1.0181843,0.09589936,0.09589936,1.0,0.0005440451,0.005673084,-27.072638,2.2400503,0.7466835,0.136,0.0,0.1362704,1.2599993,1.2899992,140800
hardzero_plus_depr__c0p54__z1p05__lam0p030__nu0p50__psi1p00,hardzero_plus_depr,0.02,40,44,0.0,1,0.49835825,0.49835825,1.054808,0.0,0.08814383,0.0,0.0,0.00550542,-27.222723,2.3206239,0.77354133,0.18400002,0.0,0.14061849,1.2899992,1.3199992,144000
hardzero_plus_depr__c0p54__z1p05__lam0p030__nu0p50__psi1p00,hardzero_plus_depr,0.02,40,45,0.0,1,0.49835825,0.49886444,1.0234511,0.09474337,0.09474337,1.0,0.00050618633,0.00534271,-28.070747,2.2516375,0.75054586,0.112,0.0,0.17363068,1.3199992,1.3499992,147200
hardzero_plus_depr__c0p54__z1p05__lam0p030__nu0p50__psi1p00,hardzero_plus_depr,0.02,40,46,0.0,1,0.49886444,0.49935564,1.0234798,0.09473712,0.09473712,1.0,0.00049119396,0.0051848097,-27.534883,2.2517006,0.7505669,0.192,0.0,0.1378901,1.3499992,1.3799992,150400
hardzero_plus_depr__c0p54__z1p05__lam0p030__nu0p50__psi1p00,hardzero_plus_depr,0.02,40,47,0.0,1,0.49935564,0.49935564,1.1246983,0.0,0.07504153,0.0,0.0,0.0050315754,-29.310036,2.4743855,0.8247952,0.080000006,0.0,0.15932679,1.3799992,1.4099991,153600
hardzero_plus_depr__c0p54__z1p05__lam0p030__nu0p50__psi1p00,hardzero_plus_depr,0.02,40,48,0.0,1,0.49935564,0.49980623,1.0348914,0.09228022,0.09228022,1.0,0.00045059228,0.00488287,-27.573338,2.2768066,0.7589356,0.096,0.0,0.14311859,1.4099991,1.4399991,156800
hardzero_plus_depr__c0p54__z1p05__lam0p030__nu0p50__psi1p00,hardzero_plus_depr,0.02,40,49,0.0,1,0.49980623,0.49980623,1.0766797,0.0,0.08381471,0.0,0.0,0.0047385595,-28.536507,2.3687427,0.78958094,0.15200001,0.0,0.17969213,1.4399991,1.4699991,160000
hardzero_plus_depr__c0p54__z1p05__lam0p030__nu0p50__psi1p00,hardzero_plus_depr,0.02,40,50,0.0,1,0.49980623,0.5002336,1.0317975,0.09293996,0.09293996,1.0,0.0004273857,0.004598514,-26.663708,2.27,0.75666666,0.192,0.0,0.15792234,1.4699991,1.499999,163200
hardzero_plus_depr__c0p54__z1p05__lam0p030__nu0p50__psi1p00,hardzero_plus_depr,0.02,40,51,0.0,1,0.5002336,0.5002336,1.1011891,0.0,0.079215616,0.0,0.0,0.0044626077,-28.78254,2.4226644,0.80755484,0.14400001,0.0,0.1746451,1.499999,1.529999,166400
hardzero_plus_depr__c0p54__z1p05__lam0p030__nu0p50__psi1p00,hardzero_plus_depr,0.02,40,52,0.0,1,0.5002336,0.50067544,0.9912783,0.10202854,0.10202854,1.0,0.00044185683,0.004330718,-27.513235,2.1808558,0.72695196,0.17,0.0,0.14339803,1.529999,1.559999,169600
hardzero_plus_depr__c0p54__z1p05__lam0p030__nu0p50__psi1p00,hardzero_plus_depr,0.02,40,53,0.0,1,0.50067544,0.50110793,0.9875327,0.1029123,0.1029123,1.0,0.00043251214,0.0042027254,-26.451977,2.1726153,0.72420514,0.16800001,0.0,0.14731316,1.559999,1.589999,172800
hardzero_plus_depr__c0p54__z1p05__lam0p030__nu0p50__psi1p00,hardzero_plus_depr,0.02,40,54,0.0,1,0.50110793,0.50110793,1.0607466,0.0,0.08694675,0.0,0.0,0.0040785163,-27.845549,2.333689,0.77789634,0.136,0.0,0.13578133,1.589999,1.6199989,176000
hardzero_plus_depr__c0p54__z1p05__lam0p030__nu0p50__psi1p00,hardzero_plus_depr,0.02,40,55,0.0,1,0.50110793,0.50148165,1.0249054,0.094426654,0.094426654,1.0,0.0003737386,0.003957978,-27.329939,2.254837,0.75161237,0.208,0.0,0.16801496,1.6199989,1.6499989,179200
hardzero_plus_depr__c0p54__z1p05__lam0p030__nu0p50__psi1p00,hardzero_plus_depr,0.02,40,56,0.0,1,0.50148165,0.5018727,0.9922029,0.10181157,0.10181157,1.0,0.0003910585,0.0038410025,-27.246971,2.18289,0.72763,0.192,0.0,0.16532688,1.6499989,1.6799989,182400
hardzero_plus_depr__c0p54__z1p05__lam0p030__nu0p50__psi1p00,hardzero_plus_depr,0.02,40,57,0.0,1,0.5018727,0.50222796,1.0209062,0.09530018,0.09530018,1.0,0.00035522986,0.0037274836,-27.205141,2.2460384,0.7486795,0.128,0.0,0.14125602,1.6799989,1.7099988,185600
hardzero_plus_depr__c0p54__z1p05__lam0p030__nu0p50__psi1p00,hardzero_plus_depr,0.02,40,58,0.0,1,0.50222796,0.5025513,1.0487331,0.08938546,0.08938546,1.0,0.00032333581,0.00361732,-26.53289,2.3072588,0.7690863,0.104,0.0,0.15692613,1.7099988,1.7399988,188800
hardzero_plus_depr__c0p54__z1p05__lam0p030__nu0p50__psi1p00,hardzero_plus_depr,0.02,40,59,0.0,1,0.5025513,0.5028823,1.025523,0.09429248,0.09429248,1.0,0.00033100543,0.0035104118,-27.18218,2.2561955,0.7520652,0.136,0.0,0.13585997,1.7399988,1.7699988,192000
hardzero_plus_depr__c0p54__z1p05__lam0p030__nu0p50__psi1p00,hardzero_plus_depr,0.02,40,60,0.0,1,0.5028823,0.5031887,1.0460411,0.08994125,0.08994125,1.0,0.00030639963,0.0034066641,-27.546238,2.3013365,0.7671122,0.120000005,0.0,0.13370806,1.7699988,1.7999988,195200
hardzero_plus_depr__c0p54__z1p05__lam0p030__nu0p50__psi1p00,hardzero_plus_depr,0.02,40,61,0.0,1,0.5031887,0.50350523,1.0189501,0.09573041,0.09573041,1.0,0.000316483,0.0033059819,-27.135103,2.241735,0.747245,0.2,0.0,0.14494295,1.7999988,1.8299987,198400
hardzero_plus_depr__c0p54__z1p05__lam0p030__nu0p50__psi1p00,hardzero_plus_depr,0.02,40,62,0.0,1,0.50350523,0.5038131,1.0179226,0.09595716,0.09595716,1.0,0.000307857,0.0032082754,-26.792376,2.2394745,0.74649155,0.17600001,0.0,0.14679837,1.8299987,1.8599987,201600
hardzero_plus_depr__c0p54__z1p05__lam0p030__nu0p50__psi1p00,hardzero_plus_depr,0.02,40,63,0.0,1,0.5038131,0.5038131,1.1145971,0.0,0.07680737,0.0,0.0,0.0031134563,-28.987738,2.4521625,0.8173875,0.104,0.0,0.16708745,1.8599987,1.8899987,204800
hardzero_plus_depr__c0p54__z1p05__lam0p030__nu0p50__psi1p00,hardzero_plus_depr,0.02,40,64,0.0,1,0.5038131,0.5041141,1.00168,0.099613905,0.099613905,1.0,0.00030097747,0.0030214402,-26.792044,2.2037401,0.73458004,0.08800001,0.0,0.14905009,1.8899987,1.9199986,208000
hardzero_plus_depr__c0p54__z1p05__lam0p030__nu0p50__psi1p00,hardzero_plus_depr,0.02,40,65,0.0,1,0.5041141,0.50438213,1.0390098,0.09140925,0.09140925,1.0,0.000268025,0.0029321432,-26.497726,2.2858672,0.76195574,0.17,0.0,0.13471125,1.9199986,1.9499986,211200
hardzero_plus_depr__c0p54__z1p05__lam0p030__nu0p50__psi1p00,hardzero_plus_depr,0.02,40,66,0.0,1,0.50438213,0.504661,1.0086913,0.09801865,0.09801865,1.0,0.00027891062,0.0028454852,-27.800283,2.2191653,0.7397218,0.136,0.0,0.17173043,1.9499986,1.9799986,214400
hardzero_plus_depr__c0p54__z1p05__lam0p030__nu0p50__psi1p00,hardzero_plus_depr,0.02,40,67,0.0,1,0.504661,0.50491893,1.029671,0.09339617,0.09339617,1.0,0.0002579031,0.0027613884,-27.599209,2.2653213,0.7551071,0.216,0.0,0.13966285,1.9799986,2.0099986,217600
hardzero_plus_depr__c0p54__z1p05__lam0p030__nu0p50__psi1p00,hardzero_plus_depr,0.02,40,68,0.0,1,0.50491893,0.5051705,1.0273943,0.09388705,0.09388705,1.0,0.0002515964,0.0026797773,-27.006496,2.2603126,0.7534375,0.120000005,0.0,0.11616688,2.0099986,2.0399985,220800
hardzero_plus_depr__c0p54__z1p05__lam0p030__nu0p50__psi1p00,hardzero_plus_depr,0.02,40,69,0.0,1,0.5051705,0.5054427,0.98029155,0.10464258,0.10464258,1.0,0.0002721312,0.0026005781,-25.89383,2.1566844,0.71889484,0.17600001,0.0,0.1256397,2.0399985,2.0699985,224000
hardzero_plus_depr__c0p54__z1p05__lam0p030__nu0p50__psi1p00,hardzero_plus_depr,0.02,40,70,0.0,1,0.5054427,0.5056786,1.0292786,0.09348056,0.09348056,1.0,0.00023591869,0.0025237193,-26.544022,2.2644582,0.7548194,0.17600001,0.0,0.15363117,2.0699985,2.0999985,227200
hardzero_plus_depr__c0p54__z1p05__lam0p030__nu0p50__psi1p00,hardzero_plus_depr,0.02,40,71,0.0,1,0.5056786,0.5059125,1.0199676,0.09550638,0.09550638,1.0,0.00023390773,0.002449132,-27.262403,2.2439735,0.7479912,0.136,0.0,0.1516934,2.0999985,2.1299984,230400
hardzero_plus_depr__c0p54__z1p05__lam0p030__nu0p50__psi1p00,hardzero_plus_depr,0.02,40,72,0.0,1,0.5059125,0.50614285,1.0135481,0.09692859,0.09692859,1.0,0.00023037496,0.0023767494,-26.570744,2.2298503,0.74328345,0.15200001,0.008,0.1472113,2.1299984,2.1599984,233600
hardzero_plus_depr__c0p54__z1p05__lam0p030__nu0p50__psi1p00,hardzero_plus_depr,0.02,40,73,0.0,1,0.50614285,0.50636506,1.0162228,0.09633345,0.09633345,1.0,0.00022219369,0.002306506,-27.666212,2.235735,0.745245,0.23200001,0.0,0.15727215,2.1599984,2.1899984,236800
hardzero_plus_depr__c0p54__z1p05__lam0p030__nu0p50__psi1p00,hardzero_plus_depr,0.02,40,74,0.0,1,0.50636506,0.50658745,1.0028701,0.09934131,0.09934131,1.0,0.0002223595,0.0022383386,-26.543467,2.2063582,0.7354528,0.17600001,0.0,0.14037451,2.1899984,2.2199984,240000
hardzero_plus_depr__c0p54__z1p05__lam0p030__nu0p50__psi1p00,hardzero_plus_depr,0.02,40,75,0.0,1,0.50658745,0.506803,1.0034454,0.09920979,0.09920979,1.0,0.00021550208,0.0021721856,-26.509098,2.207624,0.73587465,0.17600001,0.0,0.17658034,2.2199984,2.2499983,243200
hardzero_plus_depr__c0p54__z1p05__lam0p030__nu0p50__psi1p00,hardzero_plus_depr,0.02,40,76,0.0,1,0.506803,0.5070161,0.99514914,0.1011232,0.1011232,1.0,0.00021316648,0.0021079879,-26.189169,2.1893718,0.7297906,0.18400002,0.0,0.16116601,2.2499983,2.2799983,246400
hardzero_plus_depr__c0p54__z1p05__lam0p030__nu0p50__psi1p00,hardzero_plus_depr,0.02,40,77,0.0,1,0.5070161,0.5070161,1.0585284,0.0,0.08739198,0.0,0.0,0.0020456875,-26.963833,2.328809,0.7762697,0.16800001,0.0,0.13361783,2.2799983,2.3099983,249600
hardzero_plus_depr__c0p54__z1p05__lam0p030__nu0p50__psi1p00,hardzero_plus_depr,0.02,40,78,0.0,1,0.5070161,0.5070161,1.0765156,0.0,0.083846405,0.0,0.0,0.0019852284,-27.059513,2.3683815,0.78946054,0.13,0.0,0.15129368,2.3099983,2.3399982,252800
hardzero_plus_depr__c0p54__z1p05__lam0p030__nu0p50__psi1p00,hardzero_plus_depr,0.02,40,79,0.0,1,0.5070161,0.5071934,1.0360976,0.09202426,0.09202426,1.0,0.00017728988,0.001926556,-27.35861,2.2794604,0.75982016,0.192,0.0,0.14659852,2.3399982,2.3699982,256000
hardzero_plus_depr__c0p54__z1p05__lam0p030__nu0p50__psi1p00,hardzero_plus_depr,0.02,40,80,0.0,1,0.5071934,0.5073841,0.99128306,0.10202742,0.10202742,1.0,0.0001907523,0.0018696178,-26.440868,2.1808662,0.7269554,0.17600001,0.0,0.12121231,2.3699982,2.3999982,259200
hardzero_plus_depr__c0p54__z1p05__lam0p030__nu0p50__psi1p00,hardzero_plus_depr,0.02,40,81,0.0,1,0.5073841,0.5073841,1.0875748,0.0,0.08173822,0.0,0.0,0.0018143624,-27.836285,2.3927124,0.7975708,0.17600001,0.0,0.14902705,2.3999982,2.4299982,262400
hardzero_plus_depr__c0p54__z1p05__lam0p030__nu0p50__psi1p00,hardzero_plus_depr,0.02,40,82,0.0,1,0.5073841,0.507559,1.0029358,0.09932629,0.09932629,1.0,0.00017488775,0.0017607398,-27.467571,2.2065027,0.73550093,0.112,0.0,0.15961297,2.4299982,2.4599981,265600
hardzero_plus_depr__c0p54__z1p05__lam0p030__nu0p50__psi1p00,hardzero_plus_depr,0.02,40,83,0.0,1,0.507559,0.507559,1.0677692,0.0,0.085552126,0.0,0.0,0.0017087021,-27.29554,2.349139,0.78304636,0.120000005,0.0,0.1428784,2.4599981,2.489998,268800
hardzero_plus_depr__c0p54__z1p05__lam0p030__nu0p50__psi1p00,hardzero_plus_depr,0.02,40,84,0.0,1,0.507559,0.50772583,0.9973151,0.100620136,0.100620136,1.0,0.00016684856,0.0016582025,-26.007828,2.194137,0.73137903,0.136,0.0,0.11863393,2.489998,2.519998,272000
hardzero_plus_depr__c0p54__z1p05__lam0p030__nu0p50__psi1p00,hardzero_plus_depr,0.02,40,85,0.0,1,0.50772583,0.50772583,1.0578818,0.0,0.08752218,0.0,0.0,0.0016091953,-27.911161,2.3273864,0.77579546,0.128,0.0,0.15965445,2.519998,2.549998,275200
hardzero_plus_depr__c0p54__z1p05__lam0p030__nu0p50__psi1p00,hardzero_plus_depr,0.02,40,86,0.0,1,0.50772583,0.50786954,1.0360854,0.092026874,0.092026874,1.0,0.00014371252,0.0015616363,-28.060215,2.2794333,0.7598111,0.120000005,0.0,0.15484804,2.549998,2.579998,278400
hardzero_plus_depr__c0p54__z1p05__lam0p030__nu0p50__psi1p00,hardzero_plus_depr,0.02,40,87,0.0,1,0.50786954,0.508027,0.9832888,0.103922874,0.103922874,1.0,0.00015749334,0.0015154829,-26.151897,2.1632786,0.7210929,0.14400001,0.0,0.13876262,2.579998,2.609998,281600
hardzero_plus_depr__c0p54__z1p05__lam0p030__nu0p50__psi1p00,hardzero_plus_depr,0.02,40,88,0.0,1,0.508027,0.50816715,1.0209694,0.095286325,0.095286325,1.0,0.00014013702,0.001470694,-27.00075,2.2461774,0.74872583,0.17600001,0.0,0.16032682,2.609998,2.639998,284800
hardzero_plus_depr__c0p54__z1p05__lam0p030__nu0p50__psi1p00,hardzero_plus_depr,0.02,40,89,0.0,1,0.50816715,0.508308,1.0057132,0.09869309,0.09869309,1.0,0.00014085756,0.0014272282,-27.069803,2.2126133,0.7375378,0.192,0.0,0.14976503,2.639998,2.669998,288000
hardzero_plus_depr__c0p54__z1p05__lam0p030__nu0p50__psi1p00,hardzero_plus_depr,0.02,40,90,0.0,1,0.508308,0.5084467,0.99931186,0.10015858,0.10015858,1.0,0.00013872437,0.0013850472,-27.116854,2.19853,0.73284334,0.16000001,0.0,0.12607458,2.669998,2.699998,291200
hardzero_plus_depr__c0p54__z1p05__lam0p030__nu0p50__psi1p00,hardzero_plus_depr,0.02,40,91,0.0,1,0.5084467,0.5085755,1.0184458,0.095841624,0.095841624,1.0,0.00012882198,0.001344113,-26.825922,2.2406256,0.7468752,0.099999994,0.0,0.14539725,2.699998,2.7299979,294400
hardzero_plus_depr__c0p54__z1p05__lam0p030__nu0p50__psi1p00,hardzero_plus_depr,0.02,40,92,0.0,1,0.5085755,0.5085755,1.0792966,0.0,0.0833112,0.0,0.0,0.0013043886,-27.163403,2.3744998,0.7915,0.14400001,0.0,0.15773065,2.7299979,2.7599978,297600
hardzero_plus_depr__c0p54__z1p05__lam0p030__nu0p50__psi1p00,hardzero_plus_depr,0.02,40,93,0.0,1,0.5085755,0.50869495,1.0252165,0.09435905,0.09435905,1.0,0.00011944326,0.0012658379,-27.461187,2.2555213,0.7518405,0.16000001,0.0,0.16526133,2.7599978,2.7899978,300800
hardzero_plus_depr__c0p54__z1p05__lam0p030__nu0p50__psi1p00,hardzero_plus_depr,0.02,40,94,0.0,1,0.50869495,0.50881255,1.0189419,0.09573221,0.09573221,1.0,0.00011760003,0.0012284269,-27.227581,2.2417169,0.747239,0.136,0.0,0.14659213,2.7899978,2.8199978,304000
hardzero_plus_depr__c0p54__z1p05__lam0p030__nu0p50__psi1p00,hardzero_plus_depr,0.02,40,95,0.0,1,0.50881255,0.50881255,1.0704389,0.0,0.085027836,0.0,0.0,0.0011921215,-27.717014,2.3550124,0.78500414,0.136,0.0,0.14727816,2.8199978,2.8499978,307200
hardzero_plus_depr__c0p54__z1p05__lam0p030__nu0p50__psi1p00,hardzero_plus_depr,0.02,40,96,0.0,1,0.50881255,0.50892216,1.0234987,0.09473301,0.09473301,1.0,0.000109595574,0.001156889,-26.918755,2.2517421,0.7505807,0.16000001,0.0,0.12489245,2.8499978,2.8799977,310400
hardzero_plus_depr__c0p54__z1p05__lam0p030__nu0p50__psi1p00,hardzero_plus_depr,0.02,40,97,0.0,1,0.50892216,0.50892216,1.0929986,0.0,0.08072375,0.0,0.0,0.0011226978,-28.388676,2.404645,0.80154836,0.136,0.0,0.16785711,2.8799977,2.9099977,313600
hardzero_plus_depr__c0p54__z1p05__lam0p030__nu0p50__psi1p00,hardzero_plus_depr,0.02,40,98,0.0,1,0.50892216,0.5090282,1.0118771,0.09730225,0.09730225,1.0,0.000106012456,0.001089517,-27.212557,2.2261739,0.742058,0.18400002,0.0,0.14622796,2.9099977,2.9399977,316800
hardzero_plus_depr__c0p54__z1p05__lam0p030__nu0p50__psi1p00,hardzero_plus_depr,0.02,40,99,0.0,1,0.5090282,0.50913197,1.0081981,0.098129995,0.098129995,1.0,0.00010375452,0.0010573171,-26.418568,2.2180803,0.7393601,0.18400002,0.0,0.16623269,2.9399977,2.9699976,320000
hardzero_plus_depr__c0p54__z1p05__lam0p030__nu0p50__psi1p00,hardzero_plus_depr,0.02,40,100,0.0,1,0.50913197,0.5092323,1.009736,0.097783156,0.097783156,1.0,0.000100332225,0.0010260686,-27.177177,2.2214634,0.7404878,0.17600001,0.0,0.14206858,2.9699976,2.9999976,323200
hardzero_plus_depr__c0p54__z1p05__lam0p030__nu0p50__psi1p00,hardzero_plus_depr,0.02,40,101,0.0,1,0.5092323,0.509336,0.98227155,0.10416659,0.10416659,1.0,0.00010372322,0.0009957437,-26.376057,2.1610405,0.72034687,0.17600001,0.0,0.14497353,2.9999976,3.0299976,326400
hardzero_plus_depr__c0p54__z1p05__lam0p030__nu0p50__psi1p00,hardzero_plus_depr,0.02,40,102,0.0,1,0.509336,0.509336,1.0663215,0.0,0.08583778,0.0,0.0,0.00096631504,-28.517164,2.3459542,0.78198475,0.120000005,0.0,0.14283581,3.0299976,3.0599976,329600
hardzero_plus_depr__c0p54__z1p05__lam0p030__nu0p50__psi1p00,hardzero_plus_depr,0.02,40,103,0.0,1,0.509336,0.509336,1.0511408,0.0,0.088891275,0.0,0.0,0.0009377562,-26.981794,2.3125558,0.77085197,0.208,0.0,0.13416265,3.0599976,3.0899975,332800
hardzero_plus_depr__c0p54__z1p05__lam0p030__nu0p50__psi1p00,hardzero_plus_depr,0.02,40,104,0.0,1,0.509336,0.50941867,1.0417343,0.090837605,0.090837605,1.0,8.2665974e-05,0.00091004133,-28.183624,2.2918613,0.7639538,0.17999999,0.0,0.14678568,3.0899975,3.1199975,336000
hardzero_plus_depr__c0p54__z1p05__lam0p030__nu0p50__psi1p00,hardzero_plus_depr,0.02,40,105,0.0,1,0.50941867,0.50941867,1.0576689,0.0,0.087565094,0.0,0.0,0.00088314555,-27.276766,2.3269181,0.7756394,0.128,0.0,0.14516702,3.1199975,3.1499975,339200
hardzero_plus_depr__c0p54__z1p05__lam0p030__nu0p50__psi1p00,hardzero_plus_depr,0.02,40,106,0.0,1,0.50941867,0.50949883,1.0291505,0.093508154,0.093508154,1.0,8.0140664e-05,0.00085704465,-27.055717,2.2641764,0.75472546,0.14400001,0.0,0.14005768,3.1499975,3.1799974,342400
hardzero_plus_depr__c0p54__z1p05__lam0p030__nu0p50__psi1p00,hardzero_plus_depr,0.02,40,107,0.0,1,0.50949883,0.50958806,0.96961033,0.10724812,0.10724812,1.0,8.919989e-05,0.00083171524,-26.394985,2.1331854,0.71106184,0.15200001,0.0,0.12282504,3.1799974,3.2099974,345600
hardzero_plus_depr__c0p54__z1p05__lam0p030__nu0p50__psi1p00,hardzero_plus_depr,0.02,40,108,0.0,1,0.50958806,0.50958806,1.0920889,0.0,0.080893025,0.0,0.0,0.0008071343,-28.25197,2.4026437,0.80088127,0.112,0.0,0.15966652,3.2099974,3.2399974,348800
hardzero_plus_depr__c0p54__z1p05__lam0p030__nu0p50__psi1p00,hardzero_plus_depr,0.02,40,109,0.0,1,0.50958806,0.5096679,0.99175704,0.10191613,0.10191613,1.0,7.982886e-05,0.00078327995,-26.88654,2.181909,0.727303,0.16000001,0.0,0.14921908,3.2399974,3.2699974,352000
hardzero_plus_depr__c0p54__z1p05__lam0p030__nu0p50__psi1p00,hardzero_plus_depr,0.02,40,110,0.0,1,0.5096679,0.50974154,1.0136425,0.09690751,0.09690751,1.0,7.3662355e-05,0.00076013047,-26.554924,2.2300582,0.7433528,0.16000001,0.0,0.13765672,3.2699974,3.2999973,355200
hardzero_plus_depr__c0p54__z1p05__lam0p030__nu0p50__psi1p00,hardzero_plus_depr,0.02,40,111,0.0,1,0.50974154,0.5098082,1.0442251,0.090318106,0.090318106,1.0,6.662453e-05,0.0007376653,-27.639013,2.297341,0.7657804,0.064,0.0,0.15010804,3.2999973,3.3299973,358400
hardzero_plus_depr__c0p54__z1p05__lam0p030__nu0p50__psi1p00,hardzero_plus_depr,0.02,40,112,0.0,1,0.5098082,0.5098082,1.1009009,0.0,0.07926822,0.0,0.0,0.00071586407,-28.80748,2.4220302,0.8073434,0.136,0.0,0.16700938,3.3299973,3.3599973,361600
hardzero_plus_depr__c0p54__z1p05__lam0p030__nu0p50__psi1p00,hardzero_plus_depr,0.02,40,113,0.0,1,0.5098082,0.5098728,1.03156,0.09299081,0.09299081,1.0,6.460137e-05,0.0006947071,-27.279222,2.2694771,0.7564924,0.15200001,0.0,0.14353216,3.3599973,3.3899972,364800
hardzero_plus_depr__c0p54__z1p05__lam0p030__nu0p50__psi1p00,hardzero_plus_depr,0.02,40,114,0.0,1,0.5098728,0.50993913,1.00686,0.09843284,0.09843284,1.0,6.6361e-05,0.0006741754,-26.389046,2.2151363,0.73837876,0.216,0.0,0.13690656,3.3899972,3.4199972,368000
hardzero_plus_depr__c0p54__z1p05__lam0p030__nu0p50__psi1p00,hardzero_plus_depr,0.02,40,115,0.0,1,0.50993913,0.5099987,1.040716,0.09105083,0.09105083,1.0,5.9570055e-05,0.0006542505,-27.098494,2.289621,0.7632071,0.17600001,0.0,0.16108814,3.4199972,3.4499972,371200
hardzero_plus_depr__c0p54__z1p05__lam0p030__nu0p50__psi1p00,hardzero_plus_depr,0.02,40,116,0.0,1,0.5099987,0.5100634,0.99153185,0.10196898,0.10196898,1.0,6.474159e-05,0.0006349145,-26.12644,2.1814137,0.7271379,0.208,0.0,0.14523077,3.4499972,3.4799972,374400
hardzero_plus_depr__c0p54__z1p05__lam0p030__nu0p50__psi1p00,hardzero_plus_depr,0.02,40,117,0.0,1,0.5100634,0.510125,1.0002246,0.099948294,0.099948294,1.0,6.158314e-05,0.00061615,-26.915127,2.200538,0.73351264,0.16,0.0,0.14734553,3.4799972,3.5099971,377600
hardzero_plus_depr__c0p54__z1p05__lam0p030__nu0p50__psi1p00,hardzero_plus_depr,0.02,40,118,0.0,1,0.510125,0.510125,1.0917562,0.0,0.08095501,0.0,0.0,0.00059793994,-27.947723,2.4019117,0.80063725,0.18400002,0.0,0.15564889,3.5099971,3.539997,380800
hardzero_plus_depr__c0p54__z1p05__lam0p030__nu0p50__psi1p00,hardzero_plus_depr,0.02,40,119,0.0,1,0.510125,0.51018095,1.0155662,0.09647921,0.09647921,1.0,5.598382e-05,0.0005802682,-27.30676,2.2342904,0.7447635,0.16800001,0.0,0.14599581,3.539997,3.569997,384000
hardzero_plus_depr__c0p54__z1p05__lam0p030__nu0p50__psi1p00,hardzero_plus_depr,0.02,40,120,0.0,1,0.51018095,0.5102354,1.0144544,0.09672652,0.09672652,1.0,5.4468517e-05,0.0005631187,-27.83391,2.2318442,0.7439481,0.192,0.0,0.16380745,3.569997,3.599997,387200
hardzero_plus_depr__c0p54__z1p05__lam0p030__nu0p50__psi1p00,hardzero_plus_depr,0.02,40,121,0.0,1,0.5102354,0.51028854,1.012545,0.09715273,0.09715273,1.0,5.309164e-05,0.00054647605,-27.097736,2.2276435,0.74254787,0.128,0.0,0.1402202,3.599997,3.629997,390400
hardzero_plus_depr__c0p54__z1p05__lam0p030__nu0p50__psi1p00,hardzero_plus_depr,0.02,40,122,0.0,1,0.51028854,0.51028854,1.051124,0.0,0.08889473,0.0,0.0,0.0005303252,-27.87492,2.3125188,0.77083963,0.14400001,0.0,0.1721684,3.629997,3.659997,393600
hardzero_plus_depr__c0p54__z1p05__lam0p030__nu0p50__psi1p00,hardzero_plus_depr,0.02,40,123,0.0,1,0.51028854,0.5103415,0.98720163,0.10299078,0.10299078,1.0,5.300439e-05,0.0005146518,-25.829185,2.171887,0.7239623,0.17600001,0.0,0.13154595,3.659997,3.689997,396800
hardzero_plus_depr__c0p54__z1p05__lam0p030__nu0p50__psi1p00,hardzero_plus_depr,0.02,40,124,0.0,1,0.5103415,0.5103415,1.0589559,0.0,0.08730599,0.0,0.0,0.0004994416,-27.373865,2.3297496,0.7765832,0.15200001,0.0,0.14685854,3.689997,3.719997,400000
hardzero_plus_depr__c0p54__z1p05__lam0p030__nu0p50__psi1p00,hardzero_plus_depr,0.02,40,125,0.0,1,0.5103415,0.51039076,0.9932983,0.10155509,0.10155509,1.0,4.9221802e-05,0.00048468082,-26.966333,2.1852999,0.7284333,0.17600001,0.0,0.15318912,3.719997,3.749997,403200
hardzero_plus_depr__c0p54__z1p05__lam0p030__nu0p50__psi1p00,hardzero_plus_depr,0.02,40,126,0.0,1,0.51039076,0.5104334,1.042795,0.09061602,0.09061602,1.0,4.2621825e-05,0.0004703564,-27.23181,2.2941947,0.7647316,0.120000005,0.0,0.14155175,3.749997,3.7799969,406400
hardzero_plus_depr__c0p54__z1p05__lam0p030__nu0p50__psi1p00,hardzero_plus_depr,0.02,40,127,0.0,1,0.5104334,0.5104779,1.0107412,0.09755707,0.09755707,1.0,4.4530436e-05,0.00045645525,-27.501177,2.223675,0.741225,0.120000005,0.0,0.14712189,3.7799969,3.8099968,409600
hardzero_plus_depr__c0p54__z1p05__lam0p030__nu0p50__psi1p00,hardzero_plus_depr,0.02,40,128,0.0,1,0.5104779,0.51051855,1.0374463,0.091738954,0.091738954,1.0,4.0637144e-05,0.00044296499,-27.129221,2.2824273,0.7608091,0.104,0.0,0.13818145,3.8099968,3.8399968,412800
hardzero_plus_depr__c0p54__z1p05__lam0p030__nu0p50__psi1p00,hardzero_plus_depr,0.02,40,129,0.0,1,0.51051855,0.51055896,1.0266683,0.09404412,0.09404412,1.0,4.0427065e-05,0.00042987338,-27.281487,2.2587154,0.75290513,0.17600001,0.0,0.17122015,3.8399968,3.8699968,416000
hardzero_plus_depr__c0p54__z1p05__lam0p030__nu0p50__psi1p00,hardzero_plus_depr,0.02,40,130,0.0,1,0.51055896,0.51055896,1.0921407,0.0,0.080883384,0.0,0.0,0.00041716872,-27.969929,2.4027574,0.8009192,0.12,0.0,0.1739671,3.8699968,3.8999968,419200
hardzero_plus_depr__c0p54__z1p05__lam0p030__nu0p50__psi1p00,hardzero_plus_depr,0.02,40,131,0.0,1,0.51055896,0.5105954,1.0456262,0.09002721,0.09002721,1.0,3.6446574e-05,0.00040483952,-27.733435,2.3004236,0.7668079,0.128,0.008,0.1393505,3.8999968,3.9299967,422400
hardzero_plus_depr__c0p54__z1p05__lam0p030__nu0p50__psi1p00,hardzero_plus_depr,0.02,40,132,0.0,1,0.5105954,0.5106307,1.0460432,0.08994082,0.08994082,1.0,3.5335477e-05,0.00039287473,-27.438974,2.3013408,0.7671136,0.14400001,0.0,0.15185462,3.9299967,3.9599967,425600
hardzero_plus_depr__c0p54__z1p05__lam0p030__nu0p50__psi1p00,hardzero_plus_depr,0.02,40,133,0.0,1,0.5106307,0.51066524,1.0434145,0.090486854,0.090486854,1.0,3.449934e-05,0.00038126353,-27.945038,2.2955577,0.76518595,0.128,0.0,0.14928807,3.9599967,3.9899967,428800
hardzero_plus_depr__c0p54__z1p05__lam0p030__nu0p50__psi1p00,hardzero_plus_depr,0.02,40,134,0.0,1,0.51066524,0.5106996,1.0320351,0.092889115,0.092889115,1.0,3.4368553e-05,0.00036999548,-26.940973,2.2705226,0.7568409,0.15200001,0.0,0.13975477,3.9899967,4.0199966,432000
hardzero_plus_depr__c0p54__z1p05__lam0p030__nu0p50__psi1p00,hardzero_plus_depr,0.02,40,135,0.0,1,0.5106996,0.51073205,1.044022,0.090360366,0.090360366,1.0,3.244484e-05,0.00035906053,-27.07169,2.296894,0.7656314,0.096,0.0,0.12641078,4.0199966,4.049997,435200
hardzero_plus_depr__c0p54__z1p05__lam0p030__nu0p50__psi1p00,hardzero_plus_depr,0.02,40,136,0.0,1,0.51073205,0.5107652,1.0214447,0.095182106,0.095182106,1.0,3.3166067e-05,0.00034844855,-27.066048,2.2472231,0.7490744,0.192,0.0,0.13836025,4.049997,4.079997,438400
hardzero_plus_depr__c0p54__z1p05__lam0p030__nu0p50__psi1p00,hardzero_plus_depr,0.02,40,137,0.0,1,0.5107652,0.5107652,1.0637051,0.0,0.08635648,0.0,0.0,0.0003381503,-28.163174,2.3401978,0.78006595,0.08800001,0.0,0.1388768,4.079997,4.1099973,441600
hardzero_plus_depr__c0p54__z1p05__lam0p030__nu0p50__psi1p00,hardzero_plus_depr,0.02,40,138,0.0,1,0.5107652,0.5107652,1.054044,0.0,0.088299036,0.0,0.0,0.00032815637,-27.65361,2.318943,0.77298105,0.08800001,0.0,0.15352632,4.1099973,4.1399975,444800
hardzero_plus_depr__c0p54__z1p05__lam0p030__nu0p50__psi1p00,hardzero_plus_depr,0.02,40,139,0.0,1,0.5107652,0.5107652,1.0787996,0.0,0.0834066,0.0,0.0,0.0003184578,-28.16999,2.3734066,0.79113555,0.14400001,0.0,0.1623335,4.1399975,4.1699977,448000
hardzero_plus_depr__c0p54__z1p05__lam0p030__nu0p50__psi1p00,hardzero_plus_depr,0.02,40,140,0.0,1,0.5107652,0.5107652,1.0643601,0.0,0.086226314,0.0,0.0,0.00030904592,-28.046087,2.341639,0.78054637,0.16800001,0.0,0.16206409,4.1699977,4.199998,451200
hardzero_plus_depr__c0p54__z1p05__lam0p030__nu0p50__psi1p00,hardzero_plus_depr,0.02,40,141,0.0,1,0.5107652,0.5107938,1.0200536,0.09548745,0.09548745,1.0,2.8637847e-05,0.00029991215,-27.23973,2.2441628,0.74805427,0.136,0.0,0.16176796,4.199998,4.229998,454400
hardzero_plus_depr__c0p54__z1p05__lam0p030__nu0p50__psi1p00,hardzero_plus_depr,0.02,40,142,0.0,1,0.5107938,0.5107938,1.064941,0.0,0.08611106,0.0,0.0,0.00029104835,-27.34877,2.342917,0.78097236,0.192,0.0,0.16454618,4.229998,4.2599983,457600
hardzero_plus_depr__c0p54__z1p05__lam0p030__nu0p50__psi1p00,hardzero_plus_depr,0.02,40,143,0.0,1,0.5107938,0.5108222,0.9983477,0.100381166,0.100381166,1.0,2.8352313e-05,0.00028244653,-26.0094,2.1964087,0.73213625,0.22,0.0,0.11702449,4.2599983,4.2899985,460800
hardzero_plus_depr__c0p54__z1p05__lam0p030__nu0p50__psi1p00,hardzero_plus_depr,0.02,40,144,0.0,1,0.5108222,0.5108222,1.0540352,0.0,0.08830083,0.0,0.0,0.00027409891,-27.875607,2.3189237,0.7729746,0.120000005,0.0,0.1622247,4.2899985,4.3199987,464000
hardzero_plus_depr__c0p54__z1p05__lam0p030__nu0p50__psi1p00,hardzero_plus_depr,0.02,40,145,0.0,1,0.5108222,0.5108513,0.96003556,0.10963883,0.10963883,1.0,2.9163712e-05,0.000265998,-25.833805,2.1121204,0.70404017,0.17600001,0.0,0.13269995,4.3199987,4.349999,467200
hardzero_plus_depr__c0p54__z1p05__lam0p030__nu0p50__psi1p00,hardzero_plus_depr,0.02,40,146,0.0,1,0.5108513,0.51087534,1.0310912,0.093091235,0.093091235,1.0,2.4030249e-05,0.00025813654,-26.769123,2.268446,0.7561487,0.14400001,0.0,0.16397329,4.349999,4.379999,470400
hardzero_plus_depr__c0p54__z1p05__lam0p030__nu0p50__psi1p00,hardzero_plus_depr,0.02,40,147,0.0,1,0.51087534,0.5108984,1.0361446,0.09201432,0.09201432,1.0,2.3050266e-05,0.00025050738,-27.613884,2.2795637,0.75985456,0.17600001,0.0,0.14575782,4.379999,4.4099994,473600
hardzero_plus_depr__c0p54__z1p05__lam0p030__nu0p50__psi1p00,hardzero_plus_depr,0.02,40,148,0.0,1,0.5108984,0.51092154,1.0219862,0.0950635,0.0950635,1.0,2.3110293e-05,0.00024310374,-27.211794,2.2484145,0.74947155,0.14400001,0.0,0.14796595,4.4099994,4.4399996,476800
hardzero_plus_depr__c0p54__z1p05__lam0p030__nu0p50__psi1p00,hardzero_plus_depr,0.02,40,149,0.0,1,0.51092154,0.5109442,1.0179789,0.09594471,0.09594471,1.0,2.2635168e-05,0.00023591887,-27.562607,2.2395983,0.7465328,0.192,0.0,0.15807003,4.4399996,4.47,480000
hardzero_plus_depr__c0p54__z1p05__lam0p030__nu0p50__psi1p00,hardzero_plus_depr,0.02,40,150,0.0,1,0.5109442,0.5109442,1.0612047,0.0,0.08685509,0.0,0.0,0.00022894636,-27.558832,2.3346968,0.7782323,0.15200001,0.0,0.13846491,4.47,4.5,483200
hardzero_plus_depr__c0p54__z1p05__lam0p030__nu0p50__psi1p00,hardzero_plus_depr,0.02,40,151,0.0,1,0.5109442,0.5109442,1.0616636,0.0,0.08676336,0.0,0.0,0.00022217994,-28.629648,2.3357067,0.7785689,0.192,0.0,0.16136985,4.5,4.53,486400
hardzero_plus_depr__c0p54__z1p05__lam0p030__nu0p50__psi1p00,hardzero_plus_depr,0.02,40,152,0.0,1,0.5109442,0.5109652,1.010151,0.09768974,0.09768974,1.0,2.1063226e-05,0.00021561349,-27.471539,2.2223766,0.7407922,0.16800001,0.0,0.14378256,4.53,4.5600004,489600
hardzero_plus_depr__c0p54__z1p05__lam0p030__nu0p50__psi1p00,hardzero_plus_depr,0.02,40,153,0.0,1,0.5109652,0.5109652,1.0602145,0.0,0.08705334,0.0,0.0,0.00020924107,-27.24324,2.3325186,0.77750623,0.16800001,0.0,0.1541349,4.5600004,4.5900006,492800
hardzero_plus_depr__c0p54__z1p05__lam0p030__nu0p50__psi1p00,hardzero_plus_depr,0.02,40,154,0.0,1,0.5109652,0.5109847,1.0180734,0.09592383,0.09592383,1.0,1.9478008e-05,0.00020305702,-27.480114,2.2398062,0.74660206,0.16000001,0.008,0.20619339,4.5900006,4.620001,496000
hardzero_plus_depr__c0p54__z1p05__lam0p030__nu0p50__psi1p00,hardzero_plus_depr,0.02,40,155,0.0,1,0.5109847,0.5109847,1.051665,0.0,0.08878406,0.0,0.0,0.00019705575,-27.611849,2.313709,0.77123636,0.136,0.0,0.16532512,4.620001,4.650001,499200
hardzero_plus_depr__c0p54__z1p05__lam0p030__nu0p50__psi1p00,hardzero_plus_depr,0.02,40,156,0.0,1,0.5109847,0.5110028,1.0242977,0.094558865,0.094558865,1.0,1.8082665e-05,0.00019123183,-27.362572,2.2535,0.7511667,0.16,0.0,0.1616819,4.650001,4.6800013,502400
hardzero_plus_depr__c0p54__z1p05__lam0p030__nu0p50__psi1p00,hardzero_plus_depr,0.02,40,157,0.0,1,0.5110028,0.5110028,1.0745455,0.0,0.08422762,0.0,0.0,0.00018558005,-27.456871,2.3640473,0.7880158,0.16000001,0.0,0.15509003,4.6800013,4.7100015,505600
hardzero_plus_depr__c0p54__z1p05__lam0p030__nu0p50__psi1p00,hardzero_plus_depr,0.02,40,158,0.0,1,0.5110028,0.51101977,1.0259405,0.094201855,0.094201855,1.0,1.6965309e-05,0.00018009527,-27.094757,2.2571142,0.75237143,0.17600001,0.008,0.12194138,4.7100015,4.7400017,508800
hardzero_plus_depr__c0p54__z1p05__lam0p030__nu0p50__psi1p00,hardzero_plus_depr,0.02,40,159,0.0,1,0.51101977,0.51101977,1.057189,0.0,0.08766193,0.0,0.0,0.00017477262,-26.957111,2.3258622,0.7752874,0.120000005,0.0,0.17883441,4.7400017,4.770002,512000
hardzero_plus_depr__c0p54__z1p05__lam0p030__nu0p50__psi1p00,hardzero_plus_depr,0.02,40,160,0.0,1,0.51101977,0.51101977,1.1046934,0.0,0.078579016,0.0,0.0,0.00016960729,-28.05199,2.430374,0.81012464,0.08800001,0.0,0.13988228,4.770002,4.800002,515200
hardzero_plus_depr__c0p54__z1p05__lam0p030__nu0p50__psi1p00,hardzero_plus_depr,0.02,40,161,0.0,1,0.51101977,0.51103497,1.0339832,0.09247339,0.09247339,1.0,1.5220619e-05,0.00016459459,-27.471262,2.2748086,0.75826955,0.136,0.0,0.14529026,4.800002,4.8300023,518400
hardzero_plus_depr__c0p54__z1p05__lam0p030__nu0p50__psi1p00,hardzero_plus_depr,0.02,40,162,0.0,1,0.51103497,0.51105165,0.98065543,0.104554944,0.104554944,1.0,1.6700567e-05,0.00015973006,-26.039385,2.157485,0.7191617,0.256,0.0,0.12588777,4.8300023,4.8600025,521600
hardzero_plus_depr__c0p54__z1p05__lam0p030__nu0p50__psi1p00,hardzero_plus_depr,0.02,40,163,0.0,1,0.51105165,0.51106626,1.0251399,0.09437567,0.09437567,1.0,1.4629105e-05,0.00015500929,-26.50516,2.255353,0.7517843,0.224,0.0,0.14942966,4.8600025,4.8900027,524800
hardzero_plus_depr__c0p54__z1p05__lam0p030__nu0p50__psi1p00,hardzero_plus_depr,0.02,40,164,0.0,1,0.51106626,0.51106626,1.0582979,0.0,0.087438375,0.0,0.0,0.00015042804,-27.763416,2.328302,0.77610064,0.136,0.0,0.16215047,4.8900027,4.920003,528000
hardzero_plus_depr__c0p54__z1p05__lam0p030__nu0p50__psi1p00,hardzero_plus_depr,0.02,40,165,0.0,1,0.51106626,0.5110802,1.0190498,0.09570843,0.09570843,1.0,1.3971725e-05,0.00014598218,-26.808556,2.2419543,0.74731815,0.192,0.0,0.14303093,4.920003,4.950003,531200
hardzero_plus_depr__c0p54__z1p05__lam0p030__nu0p50__psi1p00,hardzero_plus_depr,0.02,40,166,0.0,1,0.5110802,0.5110802,1.0517272,0.0,0.08877134,0.0,0.0,0.00014166773,-27.577368,2.313846,0.7712821,0.18400002,0.0,0.141176,4.950003,4.9800034,534400
hardzero_plus_depr__c0p54__z1p05__lam0p030__nu0p50__psi1p00,hardzero_plus_depr,0.02,40,167,0.0,1,0.5110802,0.5110802,1.0941391,0.0,0.080512054,0.0,0.0,0.00013748078,-27.355078,2.407154,0.80238473,0.112,0.0,0.13623515,4.9800034,5.0100036,537600
hardzero_plus_depr__c0p54__z1p05__lam0p030__nu0p50__psi1p00,hardzero_plus_depr,0.02,40,168,0.0,1,0.5110802,0.5110925,1.0366954,0.09189771,0.09189771,1.0,1.2260771e-05,0.00013341759,-27.525513,2.2807753,0.76025844,0.128,0.0,0.13859911,5.0100036,5.040004,540800
hardzero_plus_depr__c0p54__z1p05__lam0p030__nu0p50__psi1p00,hardzero_plus_depr,0.02,40,169,0.0,1,0.5110925,0.511105,1.0155876,0.09647446,0.09647446,1.0,1.249098e-05,0.00012947447,-26.471178,2.2343373,0.7447791,0.17,0.0,0.14081027,5.040004,5.070004,544000
hardzero_plus_depr__c0p54__z1p05__lam0p030__nu0p50__psi1p00,hardzero_plus_depr,0.02,40,170,0.0,1,0.511105,0.51111656,1.0367576,0.09188454,0.09188454,1.0,1.15450985e-05,0.00012564789,-27.015398,2.2809122,0.7603041,0.128,0.0,0.14396563,5.070004,5.100004,547200
hardzero_plus_depr__c0p54__z1p05__lam0p030__nu0p50__psi1p00,hardzero_plus_depr,0.02,40,171,0.0,1,0.51111656,0.51112795,1.0301224,0.093299136,0.093299136,1.0,1.1376376e-05,0.00012193442,-27.031862,2.2663145,0.7554382,0.17600001,0.0,0.15912077,5.100004,5.1300044,550400
hardzero_plus_depr__c0p54__z1p05__lam0p030__nu0p50__psi1p00,hardzero_plus_depr,0.02,40,172,0.0,1,0.51112795,0.5111403,0.98233145,0.10415221,0.10415221,1.0,1.2324403e-05,0.00011833069,-26.018051,2.1611724,0.7203908,0.17600001,0.0,0.131999,5.1300044,5.1600046,553600
hardzero_plus_depr__c0p54__z1p05__lam0p030__nu0p50__psi1p00,hardzero_plus_depr,0.02,40,173,0.0,1,0.5111403,0.5111403,1.0553756,0.0,0.08802872,0.0,0.0,0.000114833456,-27.097212,2.3218727,0.7739576,0.104,0.0,0.15746064,5.1600046,5.190005,556800
hardzero_plus_depr__c0p54__z1p05__lam0p030__nu0p50__psi1p00,hardzero_plus_depr,0.02,40,174,0.0,1,0.5111403,0.5111403,1.1187963,0.0,0.0760683,0.0,0.0,0.0001114396,-28.495504,2.461401,0.820467,0.128,0.0,0.1504897,5.190005,5.220005,560000
hardzero_plus_depr__c0p54__z1p05__lam0p030__nu0p50__psi1p00,hardzero_plus_depr,0.02,40,175,0.0,1,0.5111403,0.51115113,0.99909467,0.10020867,0.10020867,1.0,1.083717e-05,0.00010814603,-26.696848,2.1980522,0.7326841,0.2,0.0,0.1507315,5.220005,5.2500052,563200
hardzero_plus_depr__c0p54__z1p05__lam0p030__nu0p50__psi1p00,hardzero_plus_depr,0.02,40,176,0.0,1,0.51115113,0.51116186,0.9901874,0.10228513,0.10228513,1.0,1.0734807e-05,0.000104949824,-25.836752,2.1784558,0.72615194,0.192,0.0,0.13376175,5.2500052,5.2800055,566400
hardzero_plus_depr__c0p54__z1p05__lam0p030__nu0p50__psi1p00,hardzero_plus_depr,0.02,40,177,0.0,1,0.51116186,0.51116186,1.071744,0.0,0.08477269,0.0,0.0,0.000101848054,-27.81701,2.357884,0.78596133,0.16000001,0.0,0.15390186,5.2800055,5.3100057,569600
hardzero_plus_depr__c0p54__z1p05__lam0p030__nu0p50__psi1p00,hardzero_plus_depr,0.02,40,178,0.0,1,0.51116186,0.5111713,1.0214736,0.09517575,0.09517575,1.0,9.406978e-06,9.8837976e-05,-26.228397,2.2472868,0.7490956,0.2,0.0,0.14107366,5.3100057,5.340006,572800
hardzero_plus_depr__c0p54__z1p05__lam0p030__nu0p50__psi1p00,hardzero_plus_depr,0.02,40,179,0.0,1,0.5111713,0.5111713,1.0895154,0.0,0.08137379,0.0,0.0,9.5916854e-05,-29.02436,2.3969817,0.79899395,0.136,0.0,0.15993655,5.340006,5.370006,576000
hardzero_plus_depr__c0p54__z1p05__lam0p030__nu0p50__psi1p00,hardzero_plus_depr,0.02,40,180,0.0,1,0.5111713,0.5111713,1.0720758,0.0,0.08470794,0.0,0.0,9.308206e-05,-28.456745,2.358614,0.7862047,0.128,0.0,0.14643988,5.370006,5.4000063,579200
hardzero_plus_depr__c0p54__z1p05__lam0p030__nu0p50__psi1p00,hardzero_plus_depr,0.02,40,181,0.0,1,0.5111713,0.51117975,1.0287063,0.09360384,0.09360384,1.0,8.455333e-06,9.033105e-05,-27.29151,2.263199,0.7543997,0.16800001,0.0,0.14453071,5.4000063,5.4300065,582400
hardzero_plus_depr__c0p54__z1p05__lam0p030__nu0p50__psi1p00,hardzero_plus_depr,0.02,40,182,0.0,1,0.51117975,0.51118964,0.9467666,0.11304031,0.11304031,1.0,9.909267e-06,8.766135e-05,-25.681597,2.0829282,0.6943094,0.11,0.0,0.14180048,5.4300065,5.4600067,585600
hardzero_plus_depr__c0p54__z1p05__lam0p030__nu0p50__psi1p00,hardzero_plus_depr,0.02,40,183,0.0,1,0.51118964,0.5111976,1.026694,0.09403856,0.09403856,1.0,7.999911e-06,8.507054e-05,-27.108126,2.2587721,0.7529241,0.120000005,0.0,0.15143903,5.4600067,5.490007,588800
hardzero_plus_depr__c0p54__z1p05__lam0p030__nu0p50__psi1p00,hardzero_plus_depr,0.02,40,184,0.0,1,0.5111976,0.5111976,1.0593094,0.0,0.08723496,0.0,0.0,8.2556304e-05,-27.74899,2.330527,0.77684236,0.096,0.0,0.15581428,5.490007,5.520007,592000
hardzero_plus_depr__c0p54__z1p05__lam0p030__nu0p50__psi1p00,hardzero_plus_depr,0.02,40,185,0.0,1,0.5111976,0.51120585,0.9888281,0.10260579,0.10260579,1.0,8.220406e-06,8.011639e-05,-27.340391,2.1754653,0.7251551,0.18400002,0.0,0.16675715,5.520007,5.5500073,595200
hardzero_plus_depr__c0p54__z1p05__lam0p030__nu0p50__psi1p00,hardzero_plus_depr,0.02,40,186,0.0,1,0.51120585,0.51120585,1.1049579,0.0,0.07853116,0.0,0.0,7.774857e-05,-27.888334,2.4309561,0.8103187,0.096,0.0,0.1786431,5.5500073,5.5800076,598400
hardzero_plus_depr__c0p54__z1p05__lam0p030__nu0p50__psi1p00,hardzero_plus_depr,0.02,40,187,0.0,1,0.51120585,0.5112134,0.9977654,0.10051585,0.10051585,1.0,7.5839953e-06,7.545074e-05,-26.199022,2.1951277,0.73170924,0.18400002,0.0,0.11596523,5.5800076,5.610008,601600
hardzero_plus_depr__c0p54__z1p05__lam0p030__nu0p50__psi1p00,hardzero_plus_depr,0.02,40,188,0.0,1,0.5112134,0.5112206,1.0087141,0.098013505,0.098013505,1.0,7.1766285e-06,7.3220814e-05,-26.955256,2.2192154,0.73973846,0.17600001,0.0,0.15495242,5.610008,5.640008,604800
hardzero_plus_depr__c0p54__z1p05__lam0p030__nu0p50__psi1p00,hardzero_plus_depr,0.02,40,189,0.0,1,0.5112206,0.5112281,0.9765515,0.10554764,0.10554764,1.0,7.499877e-06,7.10568e-05,-26.352596,2.148456,0.7161521,0.208,0.0,0.13981143,5.640008,5.670008,608000
hardzero_plus_depr__c0p54__z1p05__lam0p030__nu0p50__psi1p00,hardzero_plus_depr,0.02,40,190,0.0,1,0.5112281,0.5112353,0.98145056,0.104363695,0.104363695,1.0,7.19658e-06,6.895674e-05,-26.773624,2.1592343,0.7197448,0.16000001,0.0,0.13849638,5.670008,5.7000084,611200
hardzero_plus_depr__c0p54__z1p05__lam0p030__nu0p50__psi1p00,hardzero_plus_depr,0.02,40,191,0.0,1,0.5112353,0.5112415,1.0316073,0.092980675,0.092980675,1.0,6.2221507e-06,6.691875e-05,-27.261383,2.2695813,0.7565271,0.16800001,0.0,0.16079968,5.7000084,5.7300086,614400
hardzero_plus_depr__c0p54__z1p05__lam0p030__nu0p50__psi1p00,hardzero_plus_depr,0.02,40,192,0.0,1,0.5112415,0.5112479,1.0061172,0.09860132,0.09860132,1.0,6.403267e-06,6.4940985e-05,-27.107563,2.2135022,0.7378341,0.18400002,0.0,0.14432925,5.7300086,5.760009,617600
hardzero_plus_depr__c0p54__z1p05__lam0p030__nu0p50__psi1p00,hardzero_plus_depr,0.02,40,193,0.0,1,0.5112479,0.5112537,1.0344563,0.09237271,0.09237271,1.0,5.821483e-06,6.3021675e-05,-27.866516,2.275849,0.7586164,0.16800001,0.0,0.14555414,5.760009,5.790009,620800
hardzero_plus_depr__c0p54__z1p05__lam0p030__nu0p50__psi1p00,hardzero_plus_depr,0.02,40,194,0.0,1,0.5112537,0.51125985,1.0001093,0.099974826,0.099974826,1.0,6.114369e-06,6.115909e-05,-26.42711,2.2002845,0.7334282,0.16000001,0.0,0.1546042,5.790009,5.820009,624000
hardzero_plus_depr__c0p54__z1p05__lam0p030__nu0p50__psi1p00,hardzero_plus_depr,0.02,40,195,0.0,1,0.51125985,0.5112664,0.9557337,0.11073024,0.11073024,1.0,6.5720124e-06,5.9351558e-05,-25.73919,2.1026561,0.7008854,0.17,0.0,0.13616492,5.820009,5.8500094,627200
hardzero_plus_depr__c0p54__z1p05__lam0p030__nu0p50__psi1p00,hardzero_plus_depr,0.02,40,196,0.0,1,0.5112664,0.5112717,1.0338432,0.092503205,0.092503205,1.0,5.3279477e-06,5.7597437e-05,-27.075846,2.2745004,0.7581668,0.128,0.0,0.13148963,5.8500094,5.8800097,630400
hardzero_plus_depr__c0p54__z1p05__lam0p030__nu0p50__psi1p00,hardzero_plus_depr,0.02,40,197,0.0,1,0.5112717,0.5112717,1.0620973,0.0,0.086676754,0.0,0.0,5.589516e-05,-28.405146,2.3366609,0.778887,0.128,0.0,0.15435867,5.8800097,5.91001,633600
hardzero_plus_depr__c0p54__z1p05__lam0p030__nu0p50__psi1p00,hardzero_plus_depr,0.02,40,198,0.0,1,0.5112717,0.5112771,1.0065818,0.098495916,0.098495916,1.0,5.342734e-06,5.4243203e-05,-26.328922,2.214524,0.7381747,0.18400002,0.0,0.13893189,5.91001,5.94001,636800
hardzero_plus_depr__c0p54__z1p05__lam0p030__nu0p50__psi1p00,hardzero_plus_depr,0.02,40,199,0.0,1,0.5112771,0.5112771,1.0545648,0.0,0.088193215,0.0,0.0,5.2640065e-05,-26.831821,2.3200889,0.773363,0.16800001,0.0,0.18595749,5.94001,5.9700103,640000
hardzero_plus_depr__c0p54__z1p05__lam0p030__nu0p50__psi1p00,hardzero_plus_depr,0.02,40,200,0.0,1,0.5112771,0.51128244,0.97920305,0.10490519,0.10490519,1.0,5.359008e-06,5.10843e-05,-27.046848,2.1542897,0.7180966,0.15200001,0.0,0.14446,5.9700103,6.0000105,643200
hardzero_plus_depr__c0p54__z1p05__lam0p030__nu0p50__psi1p00,hardzero_plus_depr,0.02,40,201,0.0,1,0.51128244,0.51128745,0.99495226,0.101169065,0.101169065,1.0,5.015408e-06,4.9574523e-05,-27.47923,2.1889386,0.7296462,0.14400001,0.0,0.14203419,6.0000105,6.0300107,646400
hardzero_plus_depr__c0p54__z1p05__lam0p030__nu0p50__psi1p00,hardzero_plus_depr,0.02,40,202,0.0,1,0.51128745,0.51129186,1.0351143,0.09223286,0.09223286,1.0,4.437264e-06,4.8109363e-05,-27.241804,2.277297,0.759099,0.16800001,0.0,0.14179954,6.0300107,6.060011,649600
hardzero_plus_depr__c0p54__z1p05__lam0p030__nu0p50__psi1p00,hardzero_plus_depr,0.02,40,203,0.0,1,0.51129186,0.51129603,1.0489327,0.0893444,0.0893444,1.0,4.171267e-06,4.6687506e-05,-27.567595,2.307698,0.7692327,0.112,0.0,0.15361923,6.060011,6.090011,652800
hardzero_plus_depr__c0p54__z1p05__lam0p030__nu0p50__psi1p00,hardzero_plus_depr,0.02,40,204,0.0,1,0.51129603,0.51129603,1.0605733,0.0,0.086981446,0.0,0.0,4.5307672e-05,-27.537493,2.333308,0.7777693,0.15200001,0.0,0.14492658,6.090011,6.1200113,656000
hardzero_plus_depr__c0p54__z1p05__lam0p030__nu0p50__psi1p00,hardzero_plus_depr,0.02,40,205,0.0,1,0.51129603,0.51130015,1.0288688,0.09356884,0.09356884,1.0,4.1140925e-06,4.396862e-05,-28.207966,2.2635565,0.75451887,0.120000005,0.0,0.15857722,6.1200113,6.1500115,659200
hardzero_plus_depr__c0p54__z1p05__lam0p030__nu0p50__psi1p00,hardzero_plus_depr,0.02,40,206,0.0,1,0.51130015,0.51130015,1.0650657,0.0,0.08608634,0.0,0.0,4.266914e-05,-27.450241,2.3431914,0.7810638,0.104,0.0,0.14153892,6.1500115,6.1800117,662400
hardzero_plus_depr__c0p54__z1p05__lam0p030__nu0p50__psi1p00,hardzero_plus_depr,0.02,40,207,0.0,1,0.51130015,0.51130396,1.0332689,0.092625596,0.092625596,1.0,3.8354474e-06,4.140807e-05,-26.550146,2.273237,0.7577457,0.192,0.0,0.15308456,6.1800117,6.210012,665600
hardzero_plus_depr__c0p54__z1p05__lam0p030__nu0p50__psi1p00,hardzero_plus_depr,0.02,40,208,0.0,1,0.51130396,0.51130784,1.0138464,0.09686203,0.09686203,1.0,3.89233e-06,4.0184266e-05,-27.712769,2.2305067,0.74350226,0.099999994,0.0,0.14529377,6.210012,6.240012,668800
hardzero_plus_depr__c0p54__z1p05__lam0p030__nu0p50__psi1p00,hardzero_plus_depr,0.02,40,209,0.0,1,0.51130784,0.5113115,1.0288433,0.09357433,0.09357433,1.0,3.6490842e-06,3.8996637e-05,-27.134932,2.2635005,0.75450015,0.2,0.008,0.1366159,6.240012,6.2700124,672000
hardzero_plus_depr__c0p54__z1p05__lam0p030__nu0p50__psi1p00,hardzero_plus_depr,0.02,40,210,0.0,1,0.5113115,0.51131487,1.0482318,0.089488685,0.089488685,1.0,3.386619e-06,3.7844104e-05,-28.44682,2.3061562,0.7687187,0.16000001,0.0,0.1748643,6.2700124,6.3000126,675200
hardzero_plus_depr__c0p54__z1p05__lam0p030__nu0p50__psi1p00,hardzero_plus_depr,0.02,40,211,0.0,1,0.51131487,0.5113185,1.0022355,0.099486575,0.099486575,1.0,3.6537074e-06,3.6725633e-05,-26.48682,2.2049623,0.73498744,0.112,0.0,0.14043373,6.3000126,6.330013,678400
hardzero_plus_depr__c0p54__z1p05__lam0p030__nu0p50__psi1p00,hardzero_plus_depr,0.02,40,212,0.0,1,0.5113185,0.5113218,1.0357965,0.09208808,0.09208808,1.0,3.2820394e-06,3.564022e-05,-27.188303,2.2787979,0.7595993,0.18400002,0.0,0.12174281,6.330013,6.360013,681600
hardzero_plus_depr__c0p54__z1p05__lam0p030__nu0p50__psi1p00,hardzero_plus_depr,0.02,40,213,0.0,1,0.5113218,0.5113218,1.0692396,0.0,0.08526296,0.0,0.0,3.4586883e-05,-27.905329,2.352374,0.78412473,0.096,0.0,0.15770164,6.360013,6.390013,684800
hardzero_plus_depr__c0p54__z1p05__lam0p030__nu0p50__psi1p00,hardzero_plus_depr,0.02,40,214,0.0,1,0.5113218,0.51132506,1.0119271,0.097291045,0.097291045,1.0,3.2655428e-06,3.356468e-05,-27.556433,2.226284,0.7420947,0.16800001,0.0,0.12719065,6.390013,6.4200134,688000
hardzero_plus_depr__c0p54__z1p05__lam0p030__nu0p50__psi1p00,hardzero_plus_depr,0.02,40,215,0.0,1,0.51132506,0.51132506,1.0583236,0.0,0.087433204,0.0,0.0,3.2572687e-05,-27.472443,2.3283584,0.7761195,0.224,0.0,0.15830104,6.4200134,6.4500136,691200
hardzero_plus_depr__c0p54__z1p05__lam0p030__nu0p50__psi1p00,hardzero_plus_depr,0.02,40,216,0.0,1,0.51132506,0.51132506,1.0569259,0.0,0.08771504,0.0,0.0,3.1610012e-05,-27.556175,2.3252833,0.77509445,0.14400001,0.0,0.150143,6.4500136,6.480014,694400
hardzero_plus_depr__c0p54__z1p05__lam0p030__nu0p50__psi1p00,hardzero_plus_depr,0.02,40,217,0.0,1,0.51132506,0.51132816,0.9915853,0.10195645,0.10195645,1.0,3.1275943e-06,3.0675787e-05,-27.179358,2.1815312,0.7271771,0.24000001,0.0,0.13408132,6.480014,6.510014,697600
hardzero_plus_depr__c0p54__z1p05__lam0p030__nu0p50__psi1p00,hardzero_plus_depr,0.02,40,218,0.0,1,0.51132816,0.51133096,1.0267228,0.094032325,0.094032325,1.0,2.7992648e-06,2.9769177e-05,-27.270435,2.2588353,0.7529451,0.14400001,0.0,0.1366327,6.510014,6.5400143,700800
hardzero_plus_depr__c0p54__z1p05__lam0p030__nu0p50__psi1p00,hardzero_plus_depr,0.02,40,219,0.0,1,0.51133096,0.511334,0.9795383,0.10482424,0.10482424,1.0,3.0283047e-06,2.8889355e-05,-25.938457,2.1550274,0.7183425,0.17600001,0.0,0.15523975,6.5400143,6.5700145,704000
hardzero_plus_depr__c0p54__z1p05__lam0p030__nu0p50__psi1p00,hardzero_plus_depr,0.02,40,220,0.0,1,0.511334,0.511334,1.0662497,0.0,0.08585197,0.0,0.0,2.8035542e-05,-28.683931,2.3457963,0.7819321,0.16800001,0.0,0.17925923,6.5700145,6.6000147,707200
hardzero_plus_depr__c0p54__z1p05__lam0p030__nu0p50__psi1p00,hardzero_plus_depr,0.02,40,221,0.0,1,0.511334,0.511334,1.0871483,0.0,0.08181853,0.0,0.0,2.720696e-05,-27.953508,2.391774,0.797258,0.099999994,0.0,0.14272955,6.6000147,6.630015,710400
hardzero_plus_depr__c0p54__z1p05__lam0p030__nu0p50__psi1p00,hardzero_plus_depr,0.02,40,222,0.0,1,0.511334,0.511334,1.0638115,0.0,0.08633532,0.0,0.0,2.640287e-05,-27.71066,2.3404322,0.7801441,0.2,0.0,0.13347952,6.630015,6.660015,713600
hardzero_plus_depr__c0p54__z1p05__lam0p030__nu0p50__psi1p00,hardzero_plus_depr,0.02,40,223,0.0,1,0.511334,0.51133657,1.0009652,0.09977799,0.09977799,1.0,2.5565655e-06,2.562254e-05,-27.280602,2.2021675,0.7340559,0.128,0.0,0.17451708,6.660015,6.6900153,716800
hardzero_plus_depr__c0p54__z1p05__lam0p030__nu0p50__psi1p00,hardzero_plus_depr,0.02,40,224,0.0,1,0.51133657,0.51133657,1.0754085,0.0,0.08406042,0.0,0.0,2.4865274e-05,-28.371965,2.3659458,0.7886486,0.14400001,0.0,0.17524189,6.6900153,6.7200155,720000
hardzero_plus_depr__c0p54__z1p05__lam0p030__nu0p50__psi1p00,hardzero_plus_depr,0.02,40,225,0.0,1,0.51133657,0.51133883,1.0328871,0.092707075,0.092707075,1.0,2.2370577e-06,2.413039e-05,-27.594404,2.272397,0.7574657,0.14400001,0.0,0.13520119,6.7200155,6.7500157,723200
hardzero_plus_depr__c0p54__z1p05__lam0p030__nu0p50__psi1p00,hardzero_plus_depr,0.02,40,226,0.0,1,0.51133883,0.51133883,1.0740877,0.0,0.08431644,0.0,0.0,2.3417224e-05,-27.946577,2.3630402,0.7876801,0.128,0.0,0.14483902,6.7500157,6.780016,726400
hardzero_plus_depr__c0p54__z1p05__lam0p030__nu0p50__psi1p00,hardzero_plus_depr,0.02,40,227,0.0,1,0.51133883,0.51133883,1.0831013,0.0,0.08258452,0.0,0.0,2.2725135e-05,-28.829802,2.3828704,0.7942902,0.16000001,0.0,0.15859546,6.780016,6.810016,729600
hardzero_plus_depr__c0p54__z1p05__lam0p030__nu0p50__psi1p00,hardzero_plus_depr,0.02,40,228,0.0,1,0.51133883,0.511341,1.011289,0.09743411,0.09743411,1.0,2.148763e-06,2.2053498e-05,-26.64869,2.2248802,0.74162674,0.072000004,0.0,0.12531935,6.810016,6.8400164,732800
hardzero_plus_depr__c0p54__z1p05__lam0p030__nu0p50__psi1p00,hardzero_plus_depr,0.02,40,229,0.0,1,0.511341,0.5113429,1.0444179,0.09027805,0.09027805,1.0,1.9321055e-06,2.1401718e-05,-27.60573,2.2977653,0.7659218,0.15200001,0.0,0.15177289,6.8400164,6.8700166,736000
hardzero_plus_depr__c0p54__z1p05__lam0p030__nu0p50__psi1p00,hardzero_plus_depr,0.02,40,230,0.0,1,0.5113429,0.51134473,1.045213,0.09011292,0.09011292,1.0,1.8715727e-06,2.0769196e-05,-27.993622,2.2995145,0.7665049,0.128,0.0,0.150813,6.8700166,6.900017,739200
hardzero_plus_depr__c0p54__z1p05__lam0p030__nu0p50__psi1p00,hardzero_plus_depr,0.02,40,231,0.0,1,0.51134473,0.51134473,1.0646306,0.0,0.086172625,0.0,0.0,2.015537e-05,-27.630821,2.3422341,0.78074473,0.104,0.0,0.14881277,6.900017,6.930017,742400
hardzero_plus_depr__c0p54__z1p05__lam0p030__nu0p50__psi1p00,hardzero_plus_depr,0.02,40,232,0.0,1,0.51134473,0.5113466,1.0217552,0.095114075,0.095114075,1.0,1.8604014e-06,1.9559686e-05,-27.600042,2.2479064,0.74930215,0.120000005,0.0,0.1638648,6.930017,6.960017,745600
hardzero_plus_depr__c0p54__z1p05__lam0p030__nu0p50__psi1p00,hardzero_plus_depr,0.02,40,233,0.0,1,0.5113466,0.5113484,1.0181034,0.095917225,0.095917225,1.0,1.8206629e-06,1.8981606e-05,-27.015806,2.2398722,0.7466241,0.18400002,0.0,0.14714468,6.960017,6.9900174,748800
hardzero_plus_depr__c0p54__z1p05__lam0p030__nu0p50__psi1p00,hardzero_plus_depr,0.02,40,234,0.0,1,0.5113484,0.51135015,1.0348562,0.0922877,0.0922877,1.0,1.6999958e-06,1.8420611e-05,-28.617575,2.276729,0.7589097,0.11,0.0,0.1277618,6.9900174,7.0200176,752000
hardzero_plus_depr__c0p54__z1p05__lam0p030__nu0p50__psi1p00,hardzero_plus_depr,0.02,40,235,0.0,1,0.51135015,0.5113519,1.0162411,0.09632941,0.09632941,1.0,1.7220034e-06,1.7876195e-05,-27.11622,2.235775,0.74525833,0.16800001,0.0,0.138387,7.0200176,7.050018,755200
hardzero_plus_depr__c0p54__z1p05__lam0p030__nu0p50__psi1p00,hardzero_plus_depr,0.02,40,236,0.0,1,0.5113519,0.5113535,1.0320837,0.092878714,0.092878714,1.0,1.6112477e-06,1.734787e-05,-27.462286,2.2706296,0.7568766,0.16800001,0.0,0.14268379,7.050018,7.080018,758400
hardzero_plus_depr__c0p54__z1p05__lam0p030__nu0p50__psi1p00,hardzero_plus_depr,0.02,40,237,0.0,1,0.5113535,0.511355,1.0476297,0.089612864,0.089612864,1.0,1.5086468e-06,1.683516e-05,-27.77586,2.3048315,0.76827717,0.15200001,0.0,0.14195794,7.080018,7.1100183,761600
hardzero_plus_depr__c0p54__z1p05__lam0p030__nu0p50__psi1p00,hardzero_plus_depr,0.02,40,238,0.0,1,0.511355,0.511355,1.0850013,0.0,0.082224004,0.0,0.0,1.6337603e-05,-28.674833,2.3870506,0.79568356,0.120000005,0.0,0.19721527,7.1100183,7.1400185,764800
hardzero_plus_depr__c0p54__z1p05__lam0p030__nu0p50__psi1p00,hardzero_plus_depr,0.02,40,239,0.0,1,0.511355,0.511355,1.0934137,0.0,0.080646634,0.0,0.0,1.585475e-05,-28.23457,2.405558,0.8018527,0.18400002,0.0,0.1868847,7.1400185,7.1700187,768000
hardzero_plus_depr__c0p54__z1p05__lam0p030__nu0p50__psi1p00,hardzero_plus_depr,0.02,40,240,0.0,1,0.511355,0.511355,1.0588639,0.0,0.0873245,0.0,0.0,1.5386167e-05,-27.393587,2.3295472,0.7765157,0.14400001,0.0,0.17532255,7.1700187,7.200019,771200
hardzero_plus_depr__c0p54__z1p05__lam0p030__nu0p50__psi1p00,hardzero_plus_depr,0.02,40,241,0.0,1,0.511355,0.5113565,0.99769235,0.10053277,0.10053277,1.0,1.5010985e-06,1.4931435e-05,-26.653677,2.194967,0.7316557,0.128,0.0,0.11524109,7.200019,7.230019,774400
hardzero_plus_depr__c0p54__z1p05__lam0p030__nu0p50__psi1p00,hardzero_plus_depr,0.02,40,242,0.0,1,0.5113565,0.51135796,0.9959682,0.10093267,0.10093267,1.0,1.4625286e-06,1.44901405e-05,-26.86233,2.1911738,0.73039126,0.096,0.0,0.14142516,7.230019,7.2600193,777600
hardzero_plus_depr__c0p54__z1p05__lam0p030__nu0p50__psi1p00,hardzero_plus_depr,0.02,40,243,0.0,1,0.51135796,0.51135796,1.0642909,0.0,0.08624006,0.0,0.0,1.40618895e-05,-28.667889,2.3414867,0.7804956,0.14400001,0.0,0.17629285,7.2600193,7.2900195,780800
hardzero_plus_depr__c0p54__z1p05__lam0p030__nu0p50__psi1p00,hardzero_plus_depr,0.02,40,244,0.0,1,0.51135796,0.51135933,0.9978824,0.10048878,0.10048878,1.0,1.3712994e-06,1.3646293e-05,-26.772455,2.1953852,0.7317951,0.192,0.0,0.13808171,7.2900195,7.3200197,784000
hardzero_plus_depr__c0p54__z1p05__lam0p030__nu0p50__psi1p00,hardzero_plus_depr,0.02,40,245,0.0,1,0.51135933,0.51136065,1.0087675,0.09800145,0.09800145,1.0,1.2978315e-06,1.3242983e-05,-26.757679,2.2193327,0.73977757,0.16000001,0.0,0.13232073,7.3200197,7.35002,787200
hardzero_plus_depr__c0p54__z1p05__lam0p030__nu0p50__psi1p00,hardzero_plus_depr,0.02,40,246,0.0,1,0.51136065,0.51136184,1.025125,0.09437891,0.09437891,1.0,1.2129192e-06,1.2851591e-05,-28.119486,2.25532,0.75177336,0.17600001,0.0,0.13623342,7.35002,7.38002,790400
hardzero_plus_depr__c0p54__z1p05__lam0p030__nu0p50__psi1p00,hardzero_plus_depr,0.02,40,247,0.0,1,0.51136184,0.51136184,1.0721928,0.0,0.08468515,0.0,0.0,1.2471766e-05,-28.230038,2.3588712,0.7862904,0.14999999,0.0,0.1458896,7.38002,7.4100204,793600
hardzero_plus_depr__c0p54__z1p05__lam0p030__nu0p50__psi1p00,hardzero_plus_depr,0.02,40,248,0.0,1,0.51136184,0.51136184,1.0628265,0.0,0.08653135,0.0,0.0,1.2103167e-05,-28.36562,2.338265,0.7794217,0.14400001,0.0,0.13208605,7.4100204,7.4400206,796800
hardzero_plus_depr__c0p54__z1p05__lam0p030__nu0p50__psi1p00,hardzero_plus_depr,0.02,40,249,0.0,1,0.51136184,0.5113629,1.0471625,0.0897093,0.0897093,1.0,1.0536771e-06,1.1745462e-05,-27.44164,2.3038034,0.7679345,0.128,0.0,0.1469039,7.4400206,7.470021,800000
hardzero_plus_depr__c0p54__z1p05__lam0p030__nu0p50__psi1p00,hardzero_plus_depr,0.02,40,250,0.0,1,0.5113629,0.5113639,1.0441196,0.090340056,0.090340056,1.0,1.0297257e-06,1.1398329e-05,-26.991926,2.297109,0.76570296,0.16000001,0.0,0.15017128,7.470021,7.500021,803200
hardzero_plus_depr__c0p54__z1p05__lam0p030__nu0p50__psi1p00,hardzero_plus_depr,0.02,40,251,0.0,1,0.5113639,0.51136506,1.0001218,0.09997194,0.09997194,1.0,1.1058352e-06,1.1061456e-05,-26.997143,2.200312,0.7334373,0.16000001,0.0,0.14386429,7.500021,7.530021,806400
hardzero_plus_depr__c0p54__z1p05__lam0p030__nu0p50__psi1p00,hardzero_plus_depr,0.02,40,252,0.0,1,0.51136506,0.511366,1.0497876,0.08916868,0.08916868,1.0,9.571845e-07,1.0734537e-05,-27.35195,2.309579,0.7698597,0.136,0.0,0.16153629,7.530021,7.5600214,809600
hardzero_plus_depr__c0p54__z1p05__lam0p030__nu0p50__psi1p00,hardzero_plus_depr,0.02,40,253,0.0,1,0.511366,0.511367,1.0053151,0.098783605,0.098783605,1.0,1.0290566e-06,1.0417281e-05,-26.90797,2.2117374,0.7372458,0.192,0.0,0.17141315,7.5600214,7.5900216,812800
hardzero_plus_depr__c0p54__z1p05__lam0p030__nu0p50__psi1p00,hardzero_plus_depr,0.02,40,254,0.0,1,0.511367,0.511368,1.014157,0.09679278,0.09679278,1.0,9.785172e-07,1.0109402e-05,-27.381851,2.23119,0.74373,0.192,0.0,0.16089654,7.5900216,7.620022,816000
hardzero_plus_depr__c0p54__z1p05__lam0p030__nu0p50__psi1p00,hardzero_plus_depr,0.02,40,255,0.0,1,0.511368,0.511368,1.0784667,0.0,0.08347055,0.0,0.0,9.810623e-06,-28.581537,2.372674,0.79089135,0.120000005,0.0,0.17104335,7.620022,7.650022,819200
hardzero_plus_depr__c0p54__z1p05__lam0p030__nu0p50__psi1p00,hardzero_plus_depr,0.02,40,256,0.0,1,0.511368,0.511368,1.0529381,0.0,0.08852416,0.0,0.0,9.520672e-06,-27.310415,2.31651,0.77217,0.14400001,0.008,0.15493971,7.650022,7.6800222,822400
hardzero_plus_depr__c0p54__z1p05__lam0p030__nu0p50__psi1p00,hardzero_plus_depr,0.02,40,257,0.0,1,0.511368,0.511368,1.083922,0.0,0.08242862,0.0,0.0,9.239293e-06,-28.378016,2.384676,0.794892,0.096,0.0,0.14949405,7.6800222,7.7100224,825600
hardzero_plus_depr__c0p54__z1p05__lam0p030__nu0p50__psi1p00,hardzero_plus_depr,0.02,40,258,0.0,1,0.511368,0.511368,1.0779003,0.0,0.08357948,0.0,0.0,8.966228e-06,-28.062849,2.371428,0.790476,0.136,0.0,0.15636261,7.7100224,7.7400227,828800
hardzero_plus_depr__c0p54__z1p05__lam0p030__nu0p50__psi1p00,hardzero_plus_depr,0.02,40,259,0.0,1,0.511368,0.511368,1.0537119,0.0,0.08836658,0.0,0.0,8.701234e-06,-27.221014,2.3182125,0.7727375,0.104,0.0,0.15048638,7.7400227,7.770023,832000
hardzero_plus_depr__c0p54__z1p05__lam0p030__nu0p50__psi1p00,hardzero_plus_depr,0.02,40,260,0.0,1,0.511368,0.511368,1.0500638,0.0,0.089111984,0.0,0.0,8.444073e-06,-26.821947,2.3101866,0.7700622,0.17999999,0.0,0.18795931,7.770023,7.800023,835200
hardzero_plus_depr__c0p54__z1p05__lam0p030__nu0p50__psi1p00,hardzero_plus_depr,0.02,40,261,0.0,1,0.511368,0.511368,1.1016457,0.0,0.079132386,0.0,0.0,8.19451e-06,-29.513048,2.4236689,0.80788964,0.16000001,0.0,0.17701721,7.800023,7.8300233,838400
hardzero_plus_depr__c0p54__z1p05__lam0p030__nu0p50__psi1p00,hardzero_plus_depr,0.02,40,262,0.0,1,0.511368,0.51136875,1.0273114,0.09390496,0.09390496,1.0,7.467627e-07,7.952324e-06,-27.309689,2.2601304,0.75337684,0.18400002,0.0,0.12831816,7.8300233,7.8600235,841600
hardzero_plus_depr__c0p54__z1p05__lam0p030__nu0p50__psi1p00,hardzero_plus_depr,0.02,40,263,0.0,1,0.51136875,0.5113695,0.9895913,0.10242565,0.10242565,1.0,7.90449e-07,7.717295e-06,-26.730232,2.1771443,0.7257148,0.16000001,0.0,0.1290647,7.8600235,7.8900237,844800
hardzero_plus_depr__c0p54__z1p05__lam0p030__nu0p50__psi1p00,hardzero_plus_depr,0.02,40,264,0.0,1,0.5113695,0.5113703,1.0007089,0.09983688,0.09983688,1.0,7.4769974e-07,7.489214e-06,-26.277561,2.2016037,0.7338679,0.136,0.0,0.15589814,7.8900237,7.920024,848000
hardzero_plus_depr__c0p54__z1p05__lam0p030__nu0p50__psi1p00,hardzero_plus_depr,0.02,40,265,0.0,1,0.5113703,0.511371,1.0077367,0.098234326,0.098234326,1.0,7.1395453e-07,7.267872e-06,-26.08904,2.217065,0.7390217,0.17600001,0.0,0.14524142,7.920024,7.950024,851200
hardzero_plus_depr__c0p54__z1p05__lam0p030__nu0p50__psi1p00,hardzero_plus_depr,0.02,40,266,0.0,1,0.511371,0.511371,1.0512778,0.0,0.08886327,0.0,0.0,7.0530727e-06,-28.0827,2.3128572,0.7709524,0.128,0.0,0.15267523,7.950024,7.9800243,854400
hardzero_plus_depr__c0p54__z1p05__lam0p030__nu0p50__psi1p00,hardzero_plus_depr,0.02,40,267,0.0,1,0.511371,0.5113717,1.0099268,0.097740196,0.097740196,1.0,6.689947e-07,6.844622e-06,-27.511627,2.2218833,0.74062777,0.112,0.0,0.16328825,7.9800243,8.010024,857600
hardzero_plus_depr__c0p54__z1p05__lam0p030__nu0p50__psi1p00,hardzero_plus_depr,0.02,40,268,0.0,1,0.5113717,0.5113723,0.9978209,0.10050301,0.10050301,1.0,6.675746e-07,6.6423345e-06,-27.23745,2.1952498,0.73174995,0.14400001,0.0,0.13209678,8.010024,8.040024,860800
hardzero_plus_depr__c0p54__z1p05__lam0p030__nu0p50__psi1p00,hardzero_plus_depr,0.02,40,269,0.0,1,0.5113723,0.511373,0.988891,0.10259093,0.10259093,1.0,6.613038e-07,6.4460255e-06,-26.743486,2.1756036,0.72520125,0.136,0.0,0.12898692,8.040024,8.070024,864000
hardzero_plus_depr__c0p54__z1p05__lam0p030__nu0p50__psi1p00,hardzero_plus_depr,0.02,40,270,0.0,1,0.511373,0.51137364,0.97547054,0.105810665,0.105810665,1.0,6.619005e-07,6.255518e-06,-27.302526,2.146078,0.7153594,0.15200001,0.0,0.14982143,8.070024,8.100023,867200
hardzero_plus_depr__c0p54__z1p05__lam0p030__nu0p50__psi1p00,hardzero_plus_depr,0.02,40,271,0.0,1,0.51137364,0.5113743,0.96690553,0.10791814,0.10791814,1.0,6.5513234e-07,6.070641e-06,-25.498724,2.1272347,0.70907825,0.16800001,0.0,0.12140198,8.100023,8.130023,870400
hardzero_plus_depr__c0p54__z1p05__lam0p030__nu0p50__psi1p00,hardzero_plus_depr,0.02,40,272,0.0,1,0.5113743,0.5113743,1.0796494,0.0,0.083243534,0.0,0.0,5.8912287e-06,-27.69322,2.3752763,0.7917588,0.112,0.0,0.15953887,8.130023,8.160023,873600
hardzero_plus_depr__c0p54__z1p05__lam0p030__nu0p50__psi1p00,hardzero_plus_depr,0.02,40,273,0.0,1,0.5113743,0.51137483,1.0312155,0.09306458,0.09306458,1.0,5.3206116e-07,5.717118e-06,-27.20227,2.2687194,0.75623983,0.07,0.0,0.14889917,8.160023,8.190022,876800
hardzero_plus_depr__c0p54__z1p05__lam0p030__nu0p50__psi1p00,hardzero_plus_depr,0.02,40,274,0.0,1,0.51137483,0.51137483,1.0532665,0.0,0.088457264,0.0,0.0,5.548153e-06,-28.25603,2.3172326,0.77241087,0.136,0.0,0.14355125,8.190022,8.220022,880000
hardzero_plus_depr__c0p54__z1p05__lam0p030__nu0p50__psi1p00,hardzero_plus_depr,0.02,40,275,0.0,1,0.51137483,0.5113753,1.036281,0.091985434,0.091985434,1.0,4.952663e-07,5.384182e-06,-27.874973,2.2798636,0.7599546,0.128,0.0,0.12829152,8.220022,8.250022,883200
hardzero_plus_depr__c0p54__z1p05__lam0p030__nu0p50__psi1p00,hardzero_plus_depr,0.02,40,276,0.0,1,0.5113753,0.5113753,1.0739167,0.0,0.08434966,0.0,0.0,5.2250566e-06,-28.296787,2.3626637,0.7875546,0.15200001,0.008,0.16188525,8.250022,8.280022,886400
hardzero_plus_depr__c0p54__z1p05__lam0p030__nu0p50__psi1p00,hardzero_plus_depr,0.02,40,277,0.0,1,0.5113753,0.51137584,0.99484915,0.10119309,0.10119309,1.0,5.1311315e-07,5.070634e-06,-26.70532,2.188712,0.7295706,0.16000001,0.0,0.1446354,8.280022,8.310021,889600
hardzero_plus_depr__c0p54__z1p05__lam0p030__nu0p50__psi1p00,hardzero_plus_depr,0.02,40,278,0.0,1,0.51137584,0.51137584,1.0944551,0.0,0.080453485,0.0,0.0,4.9207756e-06,-28.493448,2.4078493,0.8026165,0.080000006,0.0,0.18071212,8.310021,8.340021,892800
hardzero_plus_depr__c0p54__z1p05__lam0p030__nu0p50__psi1p00,hardzero_plus_depr,0.02,40,279,0.0,1,0.51137584,0.51137584,1.1215106,0.0,0.07559436,0.0,0.0,4.7753456e-06,-28.352777,2.4673727,0.82245755,0.112,0.0,0.17222089,8.340021,8.370021,896000
hardzero_plus_depr__c0p54__z1p05__lam0p030__nu0p50__psi1p00,hardzero_plus_depr,0.02,40,280,0.0,1,0.51137584,0.5113763,1.006277,0.09856507,0.09856507,1.0,4.5677166e-07,4.6342143e-06,-26.976852,2.2138536,0.7379512,0.15200001,0.0,0.15302545,8.370021,8.400021,899200
hardzero_plus_depr__c0p54__z1p05__lam0p030__nu0p50__psi1p00,hardzero_plus_depr,0.02,40,281,0.0,1,0.5113763,0.5113768,0.98651433,0.1031539,0.1031539,1.0,4.6390923e-07,4.4972535e-06,-26.26449,2.1703749,0.7234583,0.16000001,0.0,0.13196808,8.400021,8.43002,902400
hardzero_plus_depr__c0p54__z1p05__lam0p030__nu0p50__psi1p00,hardzero_plus_depr,0.02,40,282,0.0,1,0.5113768,0.5113773,0.94949734,0.11233179,0.11233179,1.0,4.9025425e-07,4.364341e-06,-26.685568,2.0889359,0.69631195,0.24000001,0.0,0.14172009,8.43002,8.46002,905600
hardzero_plus_depr__c0p54__z1p05__lam0p030__nu0p50__psi1p00,hardzero_plus_depr,0.02,40,283,0.0,1,0.5113773,0.5113773,1.063021,0.0,0.08649262,0.0,0.0,4.2353563e-06,-27.839052,2.338693,0.7795643,0.096,0.0,0.13450216,8.46002,8.49002,908800
hardzero_plus_depr__c0p54__z1p05__lam0p030__nu0p50__psi1p00,hardzero_plus_depr,0.02,40,284,0.0,1,0.5113773,0.5113777,0.9806026,0.104567654,0.104567654,1.0,4.297923e-07,4.110184e-06,-26.09665,2.157369,0.719123,0.112,0.0,0.1317399,8.49002,8.52002,912000
hardzero_plus_depr__c0p54__z1p05__lam0p030__nu0p50__psi1p00,hardzero_plus_depr,0.02,40,285,0.0,1,0.5113777,0.5113777,1.0596176,0.0,0.08717307,0.0,0.0,3.9887104e-06,-28.080267,2.3312054,0.7770685,0.15200001,0.0,0.1424028,8.52002,8.550019,915200
hardzero_plus_depr__c0p54__z1p05__lam0p030__nu0p50__psi1p00,hardzero_plus_depr,0.02,40,286,0.0,1,0.5113777,0.5113777,1.0805111,0.0,0.08307855,0.0,0.0,3.870827e-06,-27.494652,2.377172,0.7923907,0.07,0.0,0.1383766,8.550019,8.580019,918400
hardzero_plus_depr__c0p54__z1p05__lam0p030__nu0p50__psi1p00,hardzero_plus_depr,0.02,40,287,0.0,1,0.5113777,0.51137805,1.0217608,0.09511285,0.09511285,1.0,3.5728462e-07,3.7564284e-06,-26.358997,2.2479186,0.7493062,0.16800001,0.0,0.1456036,8.580019,8.610019,921600
hardzero_plus_depr__c0p54__z1p05__lam0p030__nu0p50__psi1p00,hardzero_plus_depr,0.02,40,288,0.0,1,0.51137805,0.51137835,1.0480276,0.089530766,0.089530766,1.0,3.2637632e-07,3.6454098e-06,-27.539259,2.3057067,0.76856893,0.136,0.0,0.13607651,8.610019,8.640018,924800
hardzero_plus_depr__c0p54__z1p05__lam0p030__nu0p50__psi1p00,hardzero_plus_depr,0.02,40,289,0.0,1,0.51137835,0.51137835,1.0686631,0.0,0.0853762,0.0,0.0,3.5376727e-06,-27.4612,2.3511057,0.7837019,0.14400001,0.0,0.16809884,8.640018,8.670018,928000
hardzero_plus_depr__c0p54__z1p05__lam0p030__nu0p50__psi1p00,hardzero_plus_depr,0.02,40,290,0.0,1,0.51137835,0.5113787,1.010621,0.097584106,0.097584106,1.0,3.350179e-07,3.4331194e-06,-26.153416,2.2234104,0.7411368,0.14400001,0.0,0.12787199,8.670018,8.700018,931200
hardzero_plus_depr__c0p54__z1p05__lam0p030__nu0p50__psi1p00,hardzero_plus_depr,0.02,40,291,0.0,1,0.5113787,0.511379,1.0358452,0.09207779,0.09207779,1.0,3.0677154e-07,3.3316562e-06,-27.859701,2.278905,0.759635,0.136,0.0,0.16288245,8.700018,8.730018,934400
hardzero_plus_depr__c0p54__z1p05__lam0p030__nu0p50__psi1p00,hardzero_plus_depr,0.02,40,292,0.0,1,0.511379,0.511379,1.0640502,0.0,0.086287886,0.0,0.0,3.2331918e-06,-27.288443,2.3409572,0.7803191,0.15200001,0.0,0.1634732,8.730018,8.760017,937600
hardzero_plus_depr__c0p54__z1p05__lam0p030__nu0p50__psi1p00,hardzero_plus_depr,0.02,40,293,0.0,1,0.511379,0.5113793,1.0069084,0.09842185,0.09842185,1.0,3.0881208e-07,3.1376373e-06,-26.404152,2.2152429,0.7384143,0.24800001,0.0,0.1393293,8.760017,8.790017,940800
hardzero_plus_depr__c0p54__z1p05__lam0p030__nu0p50__psi1p00,hardzero_plus_depr,0.02,40,294,0.0,1,0.5113793,0.5113796,1.0130949,0.09702979,0.09702979,1.0,2.9544668e-07,3.044907e-06,-26.800173,2.2288532,0.7429511,0.18400002,0.0,0.16537715,8.790017,8.820017,944000
hardzero_plus_depr__c0p54__z1p05__lam0p030__nu0p50__psi1p00,hardzero_plus_depr,0.02,40,295,0.0,1,0.5113796,0.5113799,1.0414498,0.09089714,0.09089714,1.0,2.6859354e-07,2.9549174e-06,-28.015146,2.2912352,0.76374507,0.2,0.0,0.16766405,8.820017,8.850017,947200
hardzero_plus_depr__c0p54__z1p05__lam0p030__nu0p50__psi1p00,hardzero_plus_depr,0.02,40,296,0.0,1,0.5113799,0.51138014,1.0480933,0.089517236,0.089517236,1.0,2.5669846e-07,2.867587e-06,-27.205389,2.3058515,0.76861715,0.14400001,0.0,0.13484134,8.850017,8.880016,950400
hardzero_plus_depr__c0p54__z1p05__lam0p030__nu0p50__psi1p00,hardzero_plus_depr,0.02,40,297,0.0,1,0.51138014,0.51138043,0.9666293,0.10798679,0.10798679,1.0,3.0050973e-07,2.7828378e-06,-25.469162,2.126627,0.70887566,0.28,0.0,0.1353983,8.880016,8.910016,953600
hardzero_plus_depr__c0p54__z1p05__lam0p030__nu0p50__psi1p00,hardzero_plus_depr,0.02,40,298,0.0,1,0.51138043,0.51138073,0.9806007,0.1045681,0.1045681,1.0,2.8239592e-07,2.7005933e-06,-26.395424,2.1573646,0.7191216,0.208,0.008,0.12170415,8.910016,8.940016,956800
hardzero_plus_depr__c0p54__z1p05__lam0p030__nu0p50__psi1p00,hardzero_plus_depr,0.02,40,299,0.0,1,0.51138073,0.511381,1.0173584,0.0960819,0.0960819,1.0,2.5180944e-07,2.6207792e-06,-26.888979,2.2382333,0.7460778,0.14999999,0.0,0.16023754,8.940016,8.970016,960000
hardzero_plus_depr__c0p54__z1p05__lam0p030__nu0p50__psi1p00,hardzero_plus_depr,0.02,40,300,0.0,1,0.511381,0.511381,1.0860661,0.0,0.082022674,0.0,0.0,2.5433244e-06,-28.643044,2.389393,0.7964644,0.14400001,0.0,0.15927745,8.970016,9.000015,963200
hardzero_plus_depr__c0p54__z1p05__lam0p030__nu0p50__psi1p00,hardzero_plus_depr,0.02,40,301,0.0,1,0.511381,0.5113812,1.0381778,0.09158453,0.09158453,1.0,2.260451e-07,2.468158e-06,-26.310362,2.2840369,0.7613456,0.18400002,0.0,0.120921746,9.000015,9.030015,966400
hardzero_plus_depr__c0p54__z1p05__lam0p030__nu0p50__psi1p00,hardzero_plus_depr,0.02,40,302,0.0,1,0.5113812,0.51138145,1.040975,0.09099656,0.09099656,1.0,2.1795623e-07,2.3952139e-06,-27.66282,2.2901907,0.7633969,0.16000001,0.0,0.15538464,9.030015,9.060015,969600
hardzero_plus_depr__c0p54__z1p05__lam0p030__nu0p50__psi1p00,hardzero_plus_depr,0.02,40,303,0.0,1,0.51138145,0.5113817,1.0149145,0.09662409,0.09662409,1.0,2.2459547e-07,2.3244252e-06,-27.097452,2.2328565,0.7442855,0.17600001,0.0,0.16496718,9.060015,9.090014,972800
hardzero_plus_depr__c0p54__z1p05__lam0p030__nu0p50__psi1p00,hardzero_plus_depr,0.02,40,304,0.0,1,0.5113817,0.5113819,0.96902376,0.10739305,0.10739305,1.0,2.422496e-07,2.2557288e-06,-26.297037,2.1318948,0.7106316,0.256,0.0,0.1262967,9.090014,9.120014,976000
hardzero_plus_depr__c0p54__z1p05__lam0p030__nu0p50__psi1p00,hardzero_plus_depr,0.02,40,305,0.0,1,0.5113819,0.51138216,1.014834,0.09664202,0.09664202,1.0,2.1155542e-07,2.1890626e-06,-26.403416,2.2326794,0.74422646,0.14400001,0.0,0.13371715,9.120014,9.150014,979200
hardzero_plus_depr__c0p54__z1p05__lam0p030__nu0p50__psi1p00,hardzero_plus_depr,0.02,40,306,0.0,1,0.51138216,0.5113824,0.9862732,0.103211194,0.103211194,1.0,2.1925838e-07,2.1243663e-06,-26.535536,2.1698444,0.7232815,0.16800001,0.0,0.14395408,9.150014,9.180014,982400
hardzero_plus_depr__c0p54__z1p05__lam0p030__nu0p50__psi1p00,hardzero_plus_depr,0.02,40,307,0.0,1,0.5113824,0.5113826,1.0166832,0.0962314,0.0962314,1.0,1.9838896e-07,2.0615823e-06,-26.96502,2.2367477,0.7455826,0.18400002,0.0,0.1346913,9.180014,9.210013,985600
hardzero_plus_depr__c0p54__z1p05__lam0p030__nu0p50__psi1p00,hardzero_plus_depr,0.02,40,308,0.0,1,0.5113826,0.5113826,1.0897928,0.0,0.08132183,0.0,0.0,2.0006541e-06,-27.31791,2.397592,0.7991974,0.136,0.0,0.14534044,9.210013,9.240013,988800
hardzero_plus_depr__c0p54__z1p05__lam0p030__nu0p50__psi1p00,hardzero_plus_depr,0.02,40,309,0.0,1,0.5113826,0.51138276,0.99436593,0.10130573,0.10130573,1.0,1.9668774e-07,1.9415263e-06,-27.351168,2.1876488,0.7292163,0.128,0.0,0.13678013,9.240013,9.270013,992000
hardzero_plus_depr__c0p54__z1p05__lam0p030__nu0p50__psi1p00,hardzero_plus_depr,0.02,40,310,0.0,1,0.51138276,0.51138294,1.0097723,0.09777497,0.09777497,1.0,1.8422232e-07,1.884146e-06,-26.990686,2.2215436,0.7405145,0.120000005,0.0,0.15098168,9.270013,9.300013,995200
hardzero_plus_depr__c0p54__z1p05__lam0p030__nu0p50__psi1p00,hardzero_plus_depr,0.02,40,311,0.0,1,0.51138294,0.5113831,0.9970034,0.10069239,0.10069239,1.0,1.8411215e-07,1.8284614e-06,-27.0918,2.1934512,0.7311504,0.14400001,0.0,0.12812997,9.300013,9.330012,998400
hardzero_plus_depr__c0p54__z1p05__lam0p030__nu0p50__psi1p00,hardzero_plus_depr,0.02,40,312,0.0,1,0.5113831,0.5113833,1.0237147,0.094685905,0.094685905,1.0,1.6801283e-07,1.7744228e-06,-26.765215,2.2522173,0.7507391,0.12,0.0,0.14116262,9.330012,9.360012,1001600
hardzero_plus_depr__c0p54__z1p05__lam0p030__nu0p50__psi1p00,hardzero_plus_depr,0.02,40,313,0.0,1,0.5113833,0.5113835,1.0417881,0.09082635,0.09082635,1.0,1.5640127e-07,1.7219812e-06,-28.137096,2.2919796,0.7639932,0.15200001,0.0,0.1347202,9.360012,9.390012,1004800
hardzero_plus_depr__c0p54__z1p05__lam0p030__nu0p50__psi1p00,hardzero_plus_depr,0.02,40,314,0.0,1,0.5113835,0.51138365,0.9934249,0.1015255,0.1015255,1.0,1.696582e-07,1.6710894e-06,-26.17069,2.1855783,0.7285261,0.24000001,0.0,0.15171824,9.390012,9.4200115,1008000
hardzero_plus_depr__c0p54__z1p05__lam0p030__nu0p50__psi1p00,hardzero_plus_depr,0.02,40,315,0.0,1,0.51138365,0.51138365,1.1377349,0.0,0.07282242,0.0,0.0,1.6217016e-06,-28.74298,2.5030668,0.8343556,0.104,0.0,0.17364304,9.4200115,9.450011,1011200
hardzero_plus_depr__c0p54__z1p05__lam0p030__nu0p50__psi1p00,hardzero_plus_depr,0.02,40,316,0.0,1,0.51138365,0.51138365,1.0515944,0.0,0.0887985,0.0,0.0,1.5737736e-06,-26.771805,2.3135538,0.7711846,0.112,0.0,0.19267763,9.450011,9.480011,1014400
hardzero_plus_depr__c0p54__z1p05__lam0p030__nu0p50__psi1p00,hardzero_plus_depr,0.02,40,317,0.0,1,0.51138365,0.51138383,0.9950787,0.10113962,0.10113962,1.0,1.544667e-07,1.527262e-06,-26.60459,2.1892169,0.72973895,0.15200001,0.0,0.12197503,9.480011,9.510011,1017600
hardzero_plus_depr__c0p54__z1p05__lam0p030__nu0p50__psi1p00,hardzero_plus_depr,0.02,40,318,0.0,1,0.51138383,0.51138395,1.0409542,0.09100092,0.09100092,1.0,1.3487474e-07,1.482125e-06,-27.09686,2.2901452,0.7633817,0.192,0.0,0.15142551,9.510011,9.54001,1020800
hardzero_plus_depr__c0p54__z1p05__lam0p030__nu0p50__psi1p00,hardzero_plus_depr,0.02,40,319,0.0,1,0.51138395,0.51138407,1.0308473,0.09314354,0.09314354,1.0,1.3397039e-07,1.4383219e-06,-27.20754,2.2679093,0.75596976,0.16000001,0.0,0.15618844,9.54001,9.57001,1024000
hardzero_plus_depr__c0p54__z1p05__lam0p030__nu0p50__psi1p00,hardzero_plus_depr,0.02,40,320,0.0,1,0.51138407,0.51138407,1.0768188,0.0,0.08378788,0.0,0.0,1.3958135e-06,-27.675055,2.3690488,0.789683,0.16800001,0.0,0.17386925,9.57001,9.60001,1027200
hardzero_plus_depr__c0p54__z1p05__lam0p030__nu0p50__psi1p00,hardzero_plus_depr,0.02,40,321,0.0,1,0.51138407,0.5113842,1.046049,0.08993962,0.08993962,1.0,1.218287e-07,1.3545612e-06,-27.555962,2.3013537,0.7671179,0.120000005,0.0,0.17411238,9.60001,9.63001,1030400
hardzero_plus_depr__c0p54__z1p05__lam0p030__nu0p50__psi1p00,hardzero_plus_depr,0.02,40,322,0.0,1,0.5113842,0.5113843,1.0465572,0.08983444,0.08983444,1.0,1.1808991e-07,1.3145283e-06,-28.002619,2.3024719,0.7674906,0.136,0.0,0.12770735,9.63001,9.660009,1033600
hardzero_plus_depr__c0p54__z1p05__lam0p030__nu0p50__psi1p00,hardzero_plus_depr,0.02,40,323,0.0,1,0.5113843,0.5113844,0.9796791,0.104790255,0.104790255,1.0,1.3367868e-07,1.2756785e-06,-26.54561,2.155337,0.7184457,0.14400001,0.0,0.14357166,9.660009,9.690009,1036800
hardzero_plus_depr__c0p54__z1p05__lam0p030__nu0p50__psi1p00,hardzero_plus_depr,0.02,40,324,0.0,1,0.5113844,0.51138455,1.0439659,0.090372026,0.090372026,1.0,1.1187847e-07,1.2379768e-06,-27.226046,2.296771,0.76559037,0.18400002,0.0,0.14417309,9.690009,9.720009,1040000
hardzero_plus_depr__c0p54__z1p05__lam0p030__nu0p50__psi1p00,hardzero_plus_depr,0.02,40,325,0.0,1,0.51138455,0.51138467,1.046309,0.08988579,0.08988579,1.0,1.0798784e-07,1.2013894e-06,-28.004622,2.3019257,0.7673086,0.16,0.0,0.1562135,9.720009,9.750009,1043200
hardzero_plus_depr__c0p54__z1p05__lam0p030__nu0p50__psi1p00,hardzero_plus_depr,0.02,40,326,0.0,1,0.51138467,0.5113848,1.0457408,0.09000345,0.09000345,1.0,1.0493353e-07,1.1658833e-06,-28.248507,2.3006759,0.76689196,0.17600001,0.0,0.14904752,9.750009,9.780008,1046400
hardzero_plus_depr__c0p54__z1p05__lam0p030__nu0p50__psi1p00,hardzero_plus_depr,0.02,40,327,0.0,1,0.5113848,0.5113849,1.033225,0.09263497,0.09263497,1.0,1.0480966e-07,1.1314265e-06,-26.26479,2.2731404,0.7577135,0.120000005,0.0,0.13472967,9.780008,9.810008,1049600
hardzero_plus_depr__c0p54__z1p05__lam0p030__nu0p50__psi1p00,hardzero_plus_depr,0.02,40,328,0.0,1,0.5113849,0.5113849,1.0544924,0.0,0.08820794,0.0,0.0,1.097988e-06,-28.404667,2.3199296,0.7733099,0.120000005,0.0,0.14262432,9.810008,9.840008,1052800
hardzero_plus_depr__c0p54__z1p05__lam0p030__nu0p50__psi1p00,hardzero_plus_depr,0.02,40,329,0.0,1,0.5113849,0.511385,0.9615394,0.109259866,0.109259866,1.0,1.1642054e-07,1.065538e-06,-25.298138,2.115429,0.705143,0.136,0.008,0.14183559,9.840008,9.8700075,1056000
hardzero_plus_depr__c0p54__z1p05__lam0p030__nu0p50__psi1p00,hardzero_plus_depr,0.02,40,330,0.0,1,0.511385,0.51138514,1.0138708,0.09685659,0.09685659,1.0,1.00154246e-07,1.0340468e-06,-26.647526,2.2305603,0.74352014,0.16000001,0.0,0.13614938,9.8700075,9.900007,1059200
hardzero_plus_depr__c0p54__z1p05__lam0p030__nu0p50__psi1p00,hardzero_plus_depr,0.02,40,331,0.0,1,0.51138514,0.51138514,1.1254677,0.0,0.07490871,0.0,0.0,1.0034863e-06,-28.50326,2.4760783,0.82535946,0.104,0.008,0.14235888,9.900007,9.930007,1062400
hardzero_plus_depr__c0p54__z1p05__lam0p030__nu0p50__psi1p00,hardzero_plus_depr,0.02,40,332,0.0,1,0.51138514,0.51138514,1.0566946,0.0,0.08776177,0.0,0.0,9.738292e-07,-28.686436,2.3247745,0.7749249,0.16800001,0.0,0.15126503,9.930007,9.960007,1065600
hardzero_plus_depr__c0p54__z1p05__lam0p030__nu0p50__psi1p00,hardzero_plus_depr,0.02,40,333,0.0,1,0.51138514,0.51138526,1.0097609,0.09777754,0.09777754,1.0,9.2404505e-08,9.450484e-07,-26.986303,2.2215183,0.7405061,0.2,0.0,0.18391739,9.960007,9.990006,1068800
hardzero_plus_depr__c0p54__z1p05__lam0p030__nu0p50__psi1p00,hardzero_plus_depr,0.02,40,334,0.0,1,0.51138526,0.5113853,1.0452461,0.09010604,0.09010604,1.0,8.263789e-08,9.171182e-07,-27.24978,2.2995875,0.7665292,0.112,0.0,0.15717585,9.990006,10.020006,1072000
hardzero_plus_depr__c0p54__z1p05__lam0p030__nu0p50__psi1p00,hardzero_plus_depr,0.02,40,335,0.0,1,0.5113853,0.5113853,1.0907304,0.0,0.08114646,0.0,0.0,8.9001344e-07,-27.794014,2.3996549,0.799885,0.16800001,0.0,0.15283163,10.020006,10.050006,1075200
hardzero_plus_depr__c0p54__z1p05__lam0p030__nu0p50__psi1p00,hardzero_plus_depr,0.02,40,336,0.0,1,0.5113853,0.5113853,1.06969,0.0,0.08517458,0.0,0.0,8.6370994e-07,-28.087442,2.353365,0.784455,0.112,0.0,0.14647968,10.050006,10.080006,1078400
hardzero_plus_depr__c0p54__z1p05__lam0p030__nu0p50__psi1p00,hardzero_plus_depr,0.02,40,337,0.0,1,0.5113853,0.5113853,1.0800468,0.0,0.08316742,0.0,0.0,8.3818355e-07,-28.344927,2.3761504,0.7920501,0.104,0.0,0.1537647,10.080006,10.110005,1081600
hardzero_plus_depr__c0p54__z1p05__lam0p030__nu0p50__psi1p00,hardzero_plus_depr,0.02,40,338,0.0,1,0.5113853,0.5113854,1.022831,0.094878756,0.094878756,1.0,7.717549e-08,8.1341176e-07,-26.78537,2.250273,0.750091,0.12,0.0,0.16655312,10.110005,10.140005,1084800
hardzero_plus_depr__c0p54__z1p05__lam0p030__nu0p50__psi1p00,hardzero_plus_depr,0.02,40,339,0.0,1,0.5113854,0.51138544,0.98339164,0.103898264,0.103898264,1.0,8.201439e-08,7.8937205e-07,-26.806515,2.1635048,0.7211683,0.18400002,0.0,0.12908837,10.140005,10.170005,1088000
hardzero_plus_depr__c0p54__z1p05__lam0p030__nu0p50__psi1p00,hardzero_plus_depr,0.02,40,340,0.0,1,0.51138544,0.5113855,1.0313071,0.09304497,0.09304497,1.0,7.1276425e-08,7.660428e-07,-27.93238,2.268921,0.756307,0.15200001,0.0,0.15212902,10.170005,10.200005,1091200
hardzero_plus_depr__c0p54__z1p05__lam0p030__nu0p50__psi1p00,hardzero_plus_depr,0.02,40,341,0.0,1,0.5113855,0.51138556,1.0113019,0.0974312,0.0974312,1.0,7.2430645e-08,7.43403e-07,-27.126575,2.2249086,0.7416362,0.16800001,0.0,0.1235742,10.200005,10.230004,1094400
hardzero_plus_depr__c0p54__z1p05__lam0p030__nu0p50__psi1p00,hardzero_plus_depr,0.02,40,342,0.0,1,0.51138556,0.51138556,1.0925756,0.0,0.08080243,0.0,0.0,7.214323e-07,-27.924978,2.4037142,0.80123806,0.17600001,0.0,0.16126463,10.230004,10.260004,1097600
hardzero_plus_depr__c0p54__z1p05__lam0p030__nu0p50__psi1p00,hardzero_plus_depr,0.02,40,343,0.0,1,0.51138556,0.51138556,1.0662367,0.0,0.08585454,0.0,0.0,7.001109e-07,-27.943497,2.3457677,0.7819226,0.14400001,0.0,0.14912175,10.260004,10.290004,1100800
hardzero_plus_depr__c0p54__z1p05__lam0p030__nu0p50__psi1p00,hardzero_plus_depr,0.02,40,344,0.0,1,0.51138556,0.51138556,1.0762416,0.0,0.083899304,0.0,0.0,6.7941966e-07,-27.966606,2.3677788,0.7892596,0.15200001,0.0,0.16851537,10.290004,10.3200035,1104000
hardzero_plus_depr__c0p54__z1p05__lam0p030__nu0p50__psi1p00,hardzero_plus_depr,0.02,40,345,0.0,1,0.51138556,0.51138556,1.0571244,0.0,0.087674975,0.0,0.0,6.5934e-07,-28.471273,2.32572,0.77524006,0.16000001,0.0,0.14755654,10.3200035,10.350003,1107200
hardzero_plus_depr__c0p54__z1p05__lam0p030__nu0p50__psi1p00,hardzero_plus_depr,0.02,40,346,0.0,1,0.51138556,0.5113856,1.0272554,0.09391707,0.09391707,1.0,6.009319e-08,6.3985374e-07,-26.840286,2.2600071,0.7533357,0.2,0.0,0.12623294,10.350003,10.380003,1110400
hardzero_plus_depr__c0p54__z1p05__lam0p030__nu0p50__psi1p00,hardzero_plus_depr,0.02,40,347,0.0,1,0.5113856,0.5113857,1.0361873,0.09200525,0.09200525,1.0,5.7130052e-08,6.2094335e-07,-26.324343,2.2796576,0.7598859,0.17600001,0.0,0.14312884,10.380003,10.410003,1113600
hardzero_plus_depr__c0p54__z1p05__lam0p030__nu0p50__psi1p00,hardzero_plus_depr,0.02,40,348,0.0,1,0.5113857,0.5113857,1.0639197,0.0,0.086313814,0.0,0.0,6.0259185e-07,-27.404541,2.34067,0.78022337,0.112,0.0,0.16132239,10.410003,10.440002,1116800
hardzero_plus_depr__c0p54__z1p05__lam0p030__nu0p50__psi1p00,hardzero_plus_depr,0.02,40,349,0.0,1,0.5113857,0.51138574,1.045912,0.089967966,0.089967966,1.0,5.261171e-08,5.847827e-07,-26.522066,2.3010523,0.7670175,0.080000006,0.0,0.13424183,10.440002,10.470002,1120000
hardzero_plus_depr__c0p54__z1p05__lam0p030__nu0p50__psi1p00,hardzero_plus_depr,0.02,40,350,0.0,1,0.51138574,0.5113858,0.978103,0.10517125,0.10517125,1.0,5.968468e-08,5.6749997e-07,-25.797161,2.1518695,0.71728987,0.136,0.0,0.14964284,10.470002,10.500002,1123200
hardzero_plus_depr__c0p54__z1p05__lam0p030__nu0p50__psi1p00,hardzero_plus_depr,0.02,40,351,0.0,1,0.5113858,0.51138586,0.9845325,0.1036257,0.1036257,1.0,5.706957e-08,5.50728e-07,-26.529812,2.1660147,0.7220049,0.14,0.0,0.10784638,10.500002,10.530002,1126400
hardzero_plus_depr__c0p54__z1p05__lam0p030__nu0p50__psi1p00,hardzero_plus_depr,0.02,40,352,0.0,1,0.51138586,0.5113859,0.9982762,0.100397706,0.100397706,1.0,5.3657722e-08,5.3445166e-07,-27.121227,2.1962514,0.7320838,0.128,0.0,0.142351,10.530002,10.560001,1129600
hardzero_plus_depr__c0p54__z1p05__lam0p030__nu0p50__psi1p00,hardzero_plus_depr,0.02,40,353,0.0,1,0.5113859,0.511386,1.0315967,0.09298296,0.09298296,1.0,4.8226205e-08,5.1865635e-07,-27.298985,2.269558,0.7565193,0.15200001,0.0,0.14515351,10.560001,10.590001,1132800
hardzero_plus_depr__c0p54__z1p05__lam0p030__nu0p50__psi1p00,hardzero_plus_depr,0.02,40,354,0.0,1,0.511386,0.51138604,1.0497507,0.089176275,0.089176275,1.0,4.4884903e-08,5.0332784e-07,-27.42599,2.3094976,0.76983255,0.120000005,0.0,0.14392604,10.590001,10.620001,1136000
hardzero_plus_depr__c0p54__z1p05__lam0p030__nu0p50__psi1p00,hardzero_plus_depr,0.02,40,355,0.0,1,0.51138604,0.51138604,1.1082369,0.0,0.07794048,0.0,0.0,4.884524e-07,-28.283934,2.43817,0.81272334,0.104,0.0,0.16427052,10.620001,10.650001,1139200
hardzero_plus_depr__c0p54__z1p05__lam0p030__nu0p50__psi1p00,hardzero_plus_depr,0.02,40,356,0.0,1,0.51138604,0.5113861,1.0126944,0.09711932,0.09711932,1.0,4.6036163e-08,4.7401656e-07,-25.802273,2.227972,0.74265736,0.112,0.0,0.12556954,10.650001,10.68,1142400
hardzero_plus_depr__c0p54__z1p05__lam0p030__nu0p50__psi1p00,hardzero_plus_depr,0.02,40,357,0.0,1,0.5113861,0.51138616,1.0451947,0.090116695,0.090116695,1.0,4.1454346e-08,4.6000739e-07,-27.568434,2.2994742,0.7664914,0.104,0.0,0.1300623,10.68,10.71,1145600
hardzero_plus_depr__c0p54__z1p05__lam0p030__nu0p50__psi1p00,hardzero_plus_depr,0.02,40,358,0.0,1,0.51138616,0.51138616,1.0575266,0.0,0.0875938,0.0,0.0,4.4641223e-07,-26.835627,2.326605,0.77553505,0.14400001,0.0,0.1527634,10.71,10.74,1148800
hardzero_plus_depr__c0p54__z1p05__lam0p030__nu0p50__psi1p00,hardzero_plus_depr,0.02,40,359,0.0,1,0.51138616,0.51138616,1.0643904,0.0,0.08622031,0.0,0.0,4.3321887e-07,-28.205263,2.3417056,0.78056854,0.16800001,0.0,0.1568991,10.74,10.7699995,1152000
hardzero_plus_depr__c0p54__z1p05__lam0p030__nu0p50__psi1p00,hardzero_plus_depr,0.02,40,360,0.0,1,0.51138616,0.5113862,1.0384799,0.09152085,0.09152085,1.0,3.847678e-08,4.2041543e-07,-26.597511,2.2847013,0.7615671,0.2,0.0,0.14971332,10.7699995,10.799999,1155200
hardzero_plus_depr__c0p54__z1p05__lam0p030__nu0p50__psi1p00,hardzero_plus_depr,0.02,40,361,0.0,1,0.5113862,0.5113863,1.0449048,0.09017688,0.09017688,1.0,3.67913e-08,4.0799037e-07,-28.011488,2.2988365,0.76627886,0.17600001,0.0,0.12839873,10.799999,10.829999,1158400
hardzero_plus_depr__c0p54__z1p05__lam0p030__nu0p50__psi1p00,hardzero_plus_depr,0.02,40,362,0.0,1,0.5113863,0.51138633,1.0061768,0.0985878,0.0985878,1.0,3.903412e-08,3.9593255e-07,-26.916632,2.2136333,0.7378778,0.096,0.0,0.12837319,10.829999,10.859999,1161600
hardzero_plus_depr__c0p54__z1p05__lam0p030__nu0p50__psi1p00,hardzero_plus_depr,0.02,40,363,0.0,1,0.51138633,0.51138633,1.0729852,0.0,0.08453077,0.0,0.0,3.8423104e-07,-27.8525,2.3606145,0.78687155,0.136,0.0,0.18549347,10.859999,10.889998,1164800
hardzero_plus_depr__c0p54__z1p05__lam0p030__nu0p50__psi1p00,hardzero_plus_depr,0.02,40,364,0.0,1,0.51138633,0.5113864,1.0074522,0.098298684,0.098298684,1.0,3.6653166e-08,3.7287543e-07,-27.162811,2.2164392,0.7388131,0.19,0.0,0.14779612,10.889998,10.919998,1168000
hardzero_plus_depr__c0p54__z1p05__lam0p030__nu0p50__psi1p00,hardzero_plus_depr,0.02,40,365,0.0,1,0.5113864,0.5113864,1.0614728,0.0,0.0868015,0.0,0.0,3.6185537e-07,-28.104729,2.3352866,0.7784289,0.136,0.0,0.16703089,10.919998,10.949998,1171200
hardzero_plus_depr__c0p54__z1p05__lam0p030__nu0p50__psi1p00,hardzero_plus_depr,0.02,40,366,0.0,1,0.5113864,0.5113864,1.0587107,0.0,0.0873553,0.0,0.0,3.5116102e-07,-27.475643,2.32921,0.77640337,0.120000005,0.008,0.14454496,10.949998,10.979998,1174400
hardzero_plus_depr__c0p54__z1p05__lam0p030__nu0p50__psi1p00,hardzero_plus_depr,0.02,40,367,0.0,1,0.5113864,0.51138645,1.0158386,0.09641873,0.09641873,1.0,3.2857837e-08,3.4078272e-07,-27.247105,2.2348895,0.74496317,0.120000005,0.0,0.16250002,10.979998,11.009997,1177600
hardzero_plus_depr__c0p54__z1p05__lam0p030__nu0p50__psi1p00,hardzero_plus_depr,0.02,40,368,0.0,1,0.51138645,0.51138645,1.0577799,0.0,0.08754274,0.0,0.0,3.3071123e-07,-27.543194,2.3271623,0.7757208,0.136,0.0,0.144178,11.009997,11.039997,1180800
hardzero_plus_depr__c0p54__z1p05__lam0p030__nu0p50__psi1p00,hardzero_plus_depr,0.02,40,369,0.0,1,0.51138645,0.5113865,0.9957651,0.100979894,0.100979894,1.0,3.2408213e-08,3.209373e-07,-27.108356,2.190727,0.7302424,0.14400001,0.0,0.17720301,11.039997,11.069997,1184000
hardzero_plus_depr__c0p54__z1p05__lam0p030__nu0p50__psi1p00,hardzero_plus_depr,0.02,40,370,0.0,1,0.5113865,0.5113865,1.0251346,0.09437684,0.09437684,1.0,2.9393878e-08,3.1145223e-07,-26.518513,2.255341,0.7517804,0.192,0.0,0.14076777,11.069997,11.099997,1187200
hardzero_plus_depr__c0p54__z1p05__lam0p030__nu0p50__psi1p00,hardzero_plus_depr,0.02,40,371,0.0,1,0.5113865,0.5113865,1.019488,0.09561191,0.09561191,1.0,2.889846e-08,3.022475e-07,-27.711607,2.2429183,0.7476394,0.16000001,0.0,0.19170076,11.099997,11.129996,1190400
hardzero_plus_depr__c0p54__z1p05__lam0p030__nu0p50__psi1p00,hardzero_plus_depr,0.02,40,372,0.0,1,0.5113865,0.5113865,1.0491879,0.0892919,0.0892919,1.0,2.6190639e-08,2.9331483e-07,-28.105448,2.3082595,0.76941985,0.18400002,0.0,0.16470979,11.129996,11.159996,1193600
hardzero_plus_depr__c0p54__z1p05__lam0p030__nu0p50__psi1p00,hardzero_plus_depr,0.02,40,373,0.0,1,0.5113865,0.5113865,1.0342946,0.092407115,0.092407115,1.0,2.6303328e-08,2.8464612e-07,-27.098095,2.2754936,0.7584979,0.16000001,0.0,0.15847316,11.159996,11.189996,1196800
hardzero_plus_depr__c0p54__z1p05__lam0p030__nu0p50__psi1p00,hardzero_plus_depr,0.02,40,374,0.0,1,0.5113865,0.5113865,1.0779052,0.0,0.08357855,0.0,0.0,2.7623364e-07,-28.22742,2.3714387,0.7904796,0.16000001,0.0,0.15243086,11.189996,11.2199955,1200000
hardzero_plus_depr__c0p54__z1p05__lam0p030__nu0p50__psi1p00,hardzero_plus_depr,0.02,40,375,0.0,1,0.5113865,0.5113865,1.0049744,0.09886115,0.09886115,1.0,2.6501688e-08,2.6806978e-07,-26.84409,2.2109878,0.73699594,0.16800001,0.0,0.14657801,11.2199955,11.249995,1203200
hardzero_plus_depr__c0p54__z1p05__lam0p030__nu0p50__psi1p00,hardzero_plus_depr,0.02,40,376,0.0,1,0.5113865,0.5113865,0.98856807,0.10266726,0.10266726,1.0,2.6708596e-08,2.6014717e-07,-27.101328,2.1748931,0.7249644,0.17600001,0.0,0.14351797,11.249995,11.279995,1206400
hardzero_plus_depr__c0p54__z1p05__lam0p030__nu0p50__psi1p00,hardzero_plus_depr,0.02,40,377,0.0,1,0.5113865,0.5113865,1.029161,0.093505904,0.093505904,1.0,2.3606384e-08,2.5245876e-07,-26.855747,2.2641993,0.7547331,0.12,0.0,0.1256823,11.279995,11.309995,1209600
hardzero_plus_depr__c0p54__z1p05__lam0p030__nu0p50__psi1p00,hardzero_plus_depr,0.02,40,378,0.0,1,0.5113865,0.5113865,1.0239234,0.094640404,0.094640404,1.0,2.3186665e-08,2.4499752e-07,-26.937714,2.2526765,0.75089216,0.18400002,0.0,0.16534549,11.309995,11.339994,1212800
hardzero_plus_depr__c0p54__z1p05__lam0p030__nu0p50__psi1p00,hardzero_plus_depr,0.02,40,379,0.0,1,0.5113865,0.5113865,1.0179757,0.095945425,0.095945425,1.0,2.281168e-08,2.3775682e-07,-27.233562,2.2395911,0.7465304,0.104,0.0,0.15663096,11.339994,11.369994,1216000
hardzero_plus_depr__c0p54__z1p05__lam0p030__nu0p50__psi1p00,hardzero_plus_depr,0.02,40,380,0.0,1,0.5113865,0.5113865,1.0421227,0.09075641,0.09075641,1.0,2.0940234e-08,2.307301e-07,-27.504133,2.2927158,0.7642386,0.15200001,0.0,0.1509903,11.369994,11.399994,1219200
hardzero_plus_depr__c0p54__z1p05__lam0p030__nu0p50__psi1p00,hardzero_plus_depr,0.02,40,381,0.0,1,0.5113865,0.5113865,1.0168931,0.09618488,0.09618488,1.0,2.1536858e-08,2.2391106e-07,-27.031689,2.2372096,0.74573654,0.128,0.0,0.14325018,11.399994,11.429994,1222400
hardzero_plus_depr__c0p54__z1p05__lam0p030__nu0p50__psi1p00,hardzero_plus_depr,0.02,40,382,0.0,1,0.5113865,0.5113865,1.0223262,0.0949891,0.0949891,1.0,2.0640519e-08,2.1729356e-07,-27.186775,2.2491627,0.74972093,0.120000005,0.0,0.13568042,11.429994,11.459993,1225600
hardzero_plus_depr__c0p54__z1p05__lam0p030__nu0p50__psi1p00,hardzero_plus_depr,0.02,40,383,0.0,1,0.5113865,0.5113865,1.0468247,0.08977911,0.08977911,1.0,1.8931866e-08,2.1087162e-07,-27.711704,2.3030603,0.7676868,0.128,0.0,0.1860397,11.459993,11.489993,1228800
hardzero_plus_depr__c0p54__z1p05__lam0p030__nu0p50__psi1p00,hardzero_plus_depr,0.02,40,384,0.0,1,0.5113865,0.5113865,1.0513389,0.0,0.088850744,0.0,0.0,2.0463946e-07,-27.389818,2.3129919,0.7709973,0.16000001,0.0,0.14147444,11.489993,11.519993,1232000
hardzero_plus_depr__c0p54__z1p05__lam0p030__nu0p50__psi1p00,hardzero_plus_depr,0.02,40,385,0.0,1,0.5113865,0.5113865,1.0547817,0.0,0.08814919,0.0,0.0,1.9859151e-07,-27.659264,2.320566,0.773522,0.112,0.0,0.14528927,11.519993,11.549993,1235200
hardzero_plus_depr__c0p54__z1p05__lam0p030__nu0p50__psi1p00,hardzero_plus_depr,0.02,40,386,0.0,1,0.5113865,0.5113865,1.0272846,0.093910754,0.093910754,1.0,1.8098694e-08,1.9272228e-07,-28.079294,2.2600713,0.7533571,0.23200001,0.0,0.16159534,11.549993,11.579992,1238400
hardzero_plus_depr__c0p54__z1p05__lam0p030__nu0p50__psi1p00,hardzero_plus_depr,0.02,40,387,0.0,1,0.5113865,0.5113865,1.0292742,0.09348152,0.09348152,1.0,1.7483526e-08,1.8702654e-07,-27.78631,2.2644484,0.7548162,0.120000005,0.0,0.1470042,11.579992,11.609992,1241600
hardzero_plus_depr__c0p54__z1p05__lam0p030__nu0p50__psi1p00,hardzero_plus_depr,0.02,40,388,0.0,1,0.5113865,0.5113865,1.0283633,0.09367778,0.09367778,1.0,1.7002435e-08,1.8149912e-07,-26.450603,2.2624445,0.7541482,0.16000001,0.0,0.110159926,11.609992,11.639992,1244800
hardzero_plus_depr__c0p54__z1p05__lam0p030__nu0p50__psi1p00,hardzero_plus_depr,0.02,40,389,0.0,1,0.5113865,0.5113865,1.0174161,0.09606914,0.09606914,1.0,1.6921144e-08,1.7613505e-07,-26.931932,2.2383602,0.7461201,0.208,0.0,0.14886646,11.639992,11.6699915,1248000
hardzero_plus_depr__c0p54__z1p05__lam0p030__nu0p50__psi1p00,hardzero_plus_depr,0.02,40,390,0.0,1,0.5113865,0.5113865,1.0797538,0.0,0.08322355,0.0,0.0,1.7092952e-07,-27.975998,2.3755057,0.79183525,0.11,0.0,0.18456265,11.6699915,11.699991,1251200
hardzero_plus_depr__c0p54__z1p05__lam0p030__nu0p50__psi1p00,hardzero_plus_depr,0.02,40,391,0.0,1,0.5113865,0.5113865,0.993498,0.10150839,0.10150839,1.0,1.6837992e-08,1.6587784e-07,-26.94938,2.1857393,0.72857976,0.18400002,0.0,0.1247314,11.699991,11.729991,1254400
hardzero_plus_depr__c0p54__z1p05__lam0p030__nu0p50__psi1p00,hardzero_plus_depr,0.02,40,392,0.0,1,0.5113865,0.5113865,1.020547,0.09537904,0.09537904,1.0,1.5353683e-08,1.6097545e-07,-26.40974,2.2452483,0.7484161,0.17600001,0.0,0.14032678,11.729991,11.759991,1257600
hardzero_plus_depr__c0p54__z1p05__lam0p030__nu0p50__psi1p00,hardzero_plus_depr,0.02,40,393,0.0,1,0.5113865,0.5113865,1.036921,0.09184996,0.09184996,1.0,1.4348613e-08,1.5621795e-07,-27.57122,2.281272,0.760424,0.14400001,0.0,0.16714321,11.759991,11.78999,1260800
hardzero_plus_depr__c0p54__z1p05__lam0p030__nu0p50__psi1p00,hardzero_plus_depr,0.02,40,394,0.0,1,0.5113865,0.5113865,1.003845,0.09911857,0.09911857,1.0,1.5026478e-08,1.5160104e-07,-27.054396,2.208503,0.73616767,0.136,0.0,0.14841828,11.78999,11.81999,1264000
hardzero_plus_depr__c0p54__z1p05__lam0p030__nu0p50__psi1p00,hardzero_plus_depr,0.02,40,395,0.0,1,0.5113865,0.5113865,1.0590805,0.0,0.08728095,0.0,0.0,1.471206e-07,-28.277449,2.3300235,0.7766745,0.112,0.0,0.13114296,11.81999,11.84999,1267200
hardzero_plus_depr__c0p54__z1p05__lam0p030__nu0p50__psi1p00,hardzero_plus_depr,0.02,40,396,0.0,1,0.5113865,0.5113865,1.0524089,0.0,0.08863211,0.0,0.0,1.4277256e-07,-27.519278,2.3153458,0.7717819,0.192,0.0,0.14197479,11.84999,11.87999,1270400
hardzero_plus_depr__c0p54__z1p05__lam0p030__nu0p50__psi1p00,hardzero_plus_depr,0.02,40,397,0.0,1,0.5113865,0.5113865,1.0799986,0.0,0.083176635,0.0,0.0,1.3855303e-07,-27.356525,2.3760443,0.7920148,0.104,0.0,0.14692625,11.87999,11.909989,1273600
hardzero_plus_depr__c0p54__z1p05__lam0p030__nu0p50__psi1p00,hardzero_plus_depr,0.02,40,398,0.0,1,0.5113865,0.5113865,1.0194557,0.09561902,0.09561902,1.0,1.2856762e-08,1.344582e-07,-26.654287,2.2428472,0.74761575,0.16000001,0.0,0.16364263,11.909989,11.939989,1276800
hardzero_plus_depr__c0p54__z1p05__lam0p030__nu0p50__psi1p00,hardzero_plus_depr,0.02,40,399,0.0,1,0.5113865,0.5113865,1.0670758,0.0,0.085688815,0.0,0.0,1.304844e-07,-28.312199,2.3476138,0.78253794,0.17600001,0.0,0.15077345,11.939989,11.969989,1280000
hardzero_plus_depr__c0p54__z1p05__lam0p030__nu0p50__psi1p00,hardzero_plus_depr,0.02,40,400,0.0,1,0.5113865,0.5113865,1.0284541,0.093658224,0.093658224,1.0,1.1859757e-08,1.2662804e-07,-27.487951,2.262644,0.7542147,0.104,0.0,0.14993523,11.969989,11.999989,1283200
hardzero_plus_depr__c0p54__z1p05__lam0p030__nu0p50__psi1p00,hardzero_plus_depr,0.02,40,401,0.0,1,0.5113865,0.5113865,0.99356955,0.10149169,0.10149169,1.0,1.2471872e-08,1.2288565e-07,-27.187551,2.1858966,0.7286322,0.18400002,0.0,0.13162984,11.999989,12.029988,1286400
hardzero_plus_depr__c0p54__z1p05__lam0p030__nu0p50__psi1p00,hardzero_plus_depr,0.02,40,402,0.0,1,0.5113865,0.5113865,1.0263066,0.09412247,0.09412247,1.0,1.1224468e-08,1.1925385e-07,-27.09829,2.2579195,0.7526399,0.16800001,0.0,0.12669581,12.029988,12.059988,1289600
hardzero_plus_depr__c0p54__z1p05__lam0p030__nu0p50__psi1p00,hardzero_plus_depr,0.02,40,403,0.0,1,0.5113865,0.5113865,1.0784703,0.0,0.08346985,0.0,0.0,1.15729414e-07,-26.720009,2.372682,0.79089403,0.14,0.0,0.15013032,12.059988,12.089988,1292800
hardzero_plus_depr__c0p54__z1p05__lam0p030__nu0p50__psi1p00,hardzero_plus_depr,0.02,40,404,0.0,1,0.5113865,0.5113865,1.0222012,0.09501646,0.09501646,1.0,1.0671215e-08,1.12309124e-07,-26.797447,2.2488875,0.7496292,0.18400002,0.008,0.14944968,12.089988,12.1199875,1296000
hardzero_plus_depr__c0p54__z1p05__lam0p030__nu0p50__psi1p00,hardzero_plus_depr,0.02,40,405,0.0,1,0.5113865,0.5113865,1.0305712,0.093202755,0.093202755,1.0,1.01581605e-08,1.08989916e-07,-27.23963,2.267302,0.75576735,0.136,0.0,0.15166837,12.1199875,12.149987,1299200
hardzero_plus_depr__c0p54__z1p05__lam0p030__nu0p50__psi1p00,hardzero_plus_depr,0.02,40,406,0.0,1,0.5113865,0.5113865,1.0972497,0.0,0.07993744,0.0,0.0,1.05768805e-07,-28.357136,2.4139977,0.8046659,0.128,0.0,0.123764336,12.149987,12.179987,1302400
hardzero_plus_depr__c0p54__z1p05__lam0p030__nu0p50__psi1p00,hardzero_plus_depr,0.02,40,407,0.0,1,0.5113865,0.5113865,1.089065,0.0,0.08145825,0.0,0.0,1.02642886e-07,-28.33951,2.3959908,0.7986636,0.15200001,0.0,0.17613548,12.179987,12.209987,1305600
hardzero_plus_depr__c0p54__z1p05__lam0p030__nu0p50__psi1p00,hardzero_plus_depr,0.02,40,408,0.0,1,0.5113865,0.5113865,1.0669342,0.0,0.08571675,0.0,0.0,9.960936e-08,-28.348534,2.3473022,0.7824341,0.16800001,0.0,0.16185087,12.209987,12.239986,1308800
hardzero_plus_depr__c0p54__z1p05__lam0p030__nu0p50__psi1p00,hardzero_plus_depr,0.02,40,409,0.0,1,0.5113865,0.5113865,1.0783085,0.0,0.08350097,0.0,0.0,9.666549e-08,-28.13172,2.372326,0.7907753,0.18400002,0.0,0.1697799,12.239986,12.269986,1312000
hardzero_plus_depr__c0p54__z1p05__lam0p030__nu0p50__psi1p00,hardzero_plus_depr,0.02,40,410,0.0,1,0.5113865,0.5113865,0.98199105,0.10423389,0.10423389,1.0,9.778036e-09,9.380861e-08,-26.092306,2.1604235,0.7201412,0.16800001,0.0,0.12949905,12.269986,12.299986,1315200
hardzero_plus_depr__c0p54__z1p05__lam0p030__nu0p50__psi1p00,hardzero_plus_depr,0.02,40,411,0.0,1,0.5113865,0.5113865,1.0482328,0.08948849,0.08948849,1.0,8.14669e-09,9.103618e-08,-27.877247,2.3061583,0.76871943,0.128,0.0,0.1549562,12.299986,12.329986,1318400
hardzero_plus_depr__c0p54__z1p05__lam0p030__nu0p50__psi1p00,hardzero_plus_depr,0.02,40,412,0.0,1,0.5113865,0.5113865,1.070751,0.0,0.084966764,0.0,0.0,8.834568e-08,-28.111511,2.355699,0.785233,0.08800001,0.0,0.1466581,12.329986,12.359985,1321600
hardzero_plus_depr__c0p54__z1p05__lam0p030__nu0p50__psi1p00,hardzero_plus_depr,0.02,40,413,0.0,1,0.5113865,0.5113865,1.0181793,0.09590046,0.09590046,1.0,8.221996e-09,8.573469e-08,-26.327406,2.240039,0.7466797,0.17600001,0.0,0.13156216,12.359985,12.389985,1324800
hardzero_plus_depr__c0p54__z1p05__lam0p030__nu0p50__psi1p00,hardzero_plus_depr,0.02,40,414,0.0,1,0.5113865,0.5113865,1.0110213,0.0974942,0.0974942,1.0,8.111602e-09,8.320087e-08,-27.44798,2.224291,0.7414304,0.128,0.0,0.13376155,12.389985,12.419985,1328000
hardzero_plus_depr__c0p54__z1p05__lam0p030__nu0p50__psi1p00,hardzero_plus_depr,0.02,40,415,0.0,1,0.5113865,0.5113865,1.0153772,0.09652121,0.09652121,1.0,7.793309e-09,8.074193e-08,-26.980627,2.2338743,0.7446248,0.15200001,0.0,0.13347326,12.419985,12.449985,1331200
hardzero_plus_depr__c0p54__z1p05__lam0p030__nu0p50__psi1p00,hardzero_plus_depr,0.02,40,416,0.0,1,0.5113865,0.5113865,0.99208724,0.10183866,0.10183866,1.0,7.979636e-09,7.835566e-08,-26.676342,2.1826355,0.7275452,0.14,0.0,0.14252435,12.449985,12.479984,1334400
hardzero_plus_depr__c0p54__z1p05__lam0p030__nu0p50__psi1p00,hardzero_plus_depr,0.02,40,417,0.0,1,0.5113865,0.5113865,1.0075107,0.098285474,0.098285474,1.0,7.47362e-09,7.6039925e-08,-26.817623,2.2165678,0.73885596,0.208,0.0,0.14840396,12.479984,12.509984,1337600
hardzero_plus_depr__c0p54__z1p05__lam0p030__nu0p50__psi1p00,hardzero_plus_depr,0.02,40,418,0.0,1,0.5113865,0.5113865,1.0024213,0.09944403,0.09944403,1.0,7.3382362e-09,7.379263e-08,-26.46571,2.205371,0.73512363,0.14400001,0.0,0.13608925,12.509984,12.539984,1340800
hardzero_plus_depr__c0p54__z1p05__lam0p030__nu0p50__psi1p00,hardzero_plus_depr,0.02,40,419,0.0,1,0.5113865,0.5113865,0.9930371,0.1016162,0.1016162,1.0,7.276913e-09,7.1611744e-08,-26.212368,2.1847253,0.7282418,0.16800001,0.0,0.1257133,12.539984,12.5699835,1344000
hardzero_plus_depr__c0p54__z1p05__lam0p030__nu0p50__psi1p00,hardzero_plus_depr,0.02,40,420,0.0,1,0.5113865,0.5113865,1.0177997,0.09598432,0.09598432,1.0,6.67046e-09,6.9495314e-08,-26.59865,2.2392042,0.7464014,0.128,0.0,0.14891319,12.5699835,12.599983,1347200
hardzero_plus_depr__c0p54__z1p05__lam0p030__nu0p50__psi1p00,hardzero_plus_depr,0.02,40,421,0.0,1,0.5113865,0.5113865,1.0958503,0.0,0.080195434,0.0,0.0,6.7441434e-08,-28.154917,2.410919,0.80363965,0.096,0.0,0.15004915,12.599983,12.629983,1350400
hardzero_plus_depr__c0p54__z1p05__lam0p030__nu0p50__psi1p00,hardzero_plus_depr,0.02,40,422,0.0,1,0.5113865,0.5113865,0.97466755,0.10600648,0.10600648,1.0,6.937939e-09,6.5448255e-08,-26.347454,2.1443114,0.7147705,0.16000001,0.0,0.114599064,12.629983,12.659983,1353600
hardzero_plus_depr__c0p54__z1p05__lam0p030__nu0p50__psi1p00,hardzero_plus_depr,0.02,40,423,0.0,1,0.5113865,0.5113865,1.0544984,0.0,0.088206686,0.0,0.0,6.351399e-08,-27.543451,2.319943,0.77331436,0.17600001,0.0,0.15464836,12.659983,12.689982,1356800
hardzero_plus_depr__c0p54__z1p05__lam0p030__nu0p50__psi1p00,hardzero_plus_depr,0.02,40,424,0.0,1,0.5113865,0.5113865,1.1045575,0.0,0.07860361,0.0,0.0,6.163688e-08,-28.50806,2.430075,0.810025,0.14400001,0.0,0.1689262,12.689982,12.719982,1360000
hardzero_plus_depr__c0p54__z1p05__lam0p030__nu0p50__psi1p00,hardzero_plus_depr,0.02,40,425,0.0,1,0.5113865,0.5113865,1.0128666,0.09708081,0.09708081,1.0,5.806913e-09,5.981525e-08,-26.34355,2.228351,0.7427837,0.192,0.0,0.14593622,12.719982,12.749982,1363200
hardzero_plus_depr__c0p54__z1p05__lam0p030__nu0p50__psi1p00,hardzero_plus_depr,0.02,40,426,0.0,1,0.5113865,0.5113865,1.0071949,0.09835696,0.09835696,1.0,5.709372e-09,5.8047462e-08,-27.021816,2.215873,0.73862433,0.208,0.0,0.15627702,12.749982,12.779982,1366400
hardzero_plus_depr__c0p54__z1p05__lam0p030__nu0p50__psi1p00,hardzero_plus_depr,0.02,40,427,0.0,1,0.5113865,0.5113865,1.1148391,0.0,0.07676459,0.0,0.0,5.6331913e-08,-28.817343,2.452695,0.81756496,0.112,0.0,0.15723069,12.779982,12.809981,1369600
hardzero_plus_depr__c0p54__z1p05__lam0p030__nu0p50__psi1p00,hardzero_plus_depr,0.02,40,428,0.0,1,0.5113865,0.5113865,1.0565844,0.0,0.08778405,0.0,0.0,5.466707e-08,-26.678871,2.324532,0.77484405,0.14400001,0.0,0.14093208,12.809981,12.839981,1372800
hardzero_plus_depr__c0p54__z1p05__lam0p030__nu0p50__psi1p00,hardzero_plus_depr,0.02,40,429,0.0,1,0.5113865,0.5113865,1.0102988,0.09765648,0.09765648,1.0,5.1808158e-09,5.3051426e-08,-26.244576,2.2227018,0.74090064,0.22999999,0.0,0.14236054,12.839981,12.869981,1376000
hardzero_plus_depr__c0p54__z1p05__lam0p030__nu0p50__psi1p00,hardzero_plus_depr,0.02,40,430,0.0,1,0.5113865,0.5113865,0.9997295,0.10006229,0.10006229,1.0,5.15156e-09,5.1483532e-08,-26.969799,2.1994488,0.73314965,0.08800001,0.0,0.10571488,12.869981,12.899981,1379200
hardzero_plus_depr__c0p54__z1p05__lam0p030__nu0p50__psi1p00,hardzero_plus_depr,0.02,40,431,0.0,1,0.5113865,0.5113865,1.0283995,0.09366999,0.09366999,1.0,4.6799378e-09,4.9961976e-08,-27.23724,2.262524,0.75417465,0.120000005,0.0,0.13323809,12.899981,12.92998,1382400
hardzero_plus_depr__c0p54__z1p05__lam0p030__nu0p50__psi1p00,hardzero_plus_depr,0.02,40,432,0.0,1,0.5113865,0.5113865,1.0003505,0.09991933,0.09991933,1.0,4.844628e-09,4.8485393e-08,-26.220516,2.200815,0.733605,0.2,0.0,0.13933694,12.92998,12.95998,1385600
hardzero_plus_depr__c0p54__z1p05__lam0p030__nu0p50__psi1p00,hardzero_plus_depr,0.02,40,433,0.0,1,0.5113865,0.5113865,1.0888917,0.0,0.081490725,0.0,0.0,4.7052442e-08,-28.190176,2.3956096,0.79853654,0.112,0.0,0.14008676,12.95998,12.98998,1388800
hardzero_plus_depr__c0p54__z1p05__lam0p030__nu0p50__psi1p00,hardzero_plus_depr,0.02,40,434,0.0,1,0.5113865,0.5113865,1.0015663,0.09963999,0.09963999,1.0,4.5497464e-09,4.566185e-08,-27.225744,2.2034898,0.7344966,0.16800001,0.0,0.15962651,12.98998,13.0199795,1392000
hardzero_plus_depr__c0p54__z1p05__lam0p030__nu0p50__psi1p00,hardzero_plus_depr,0.02,40,435,0.0,1,0.5113865,0.5113865,1.0976579,0.0,0.07986234,0.0,0.0,4.4312344e-08,-28.963322,2.4148955,0.8049652,0.128,0.0,0.17438768,13.0199795,13.049979,1395200
hardzero_plus_depr__c0p54__z1p05__lam0p030__nu0p50__psi1p00,hardzero_plus_depr,0.02,40,436,0.0,1,0.5113865,0.5113865,1.0103712,0.09764023,0.09764023,1.0,4.198797e-09,4.3002732e-08,-26.756647,2.222861,0.7409537,0.16000001,0.0,0.14401522,13.049979,13.079979,1398400
hardzero_plus_depr__c0p54__z1p05__lam0p030__nu0p50__psi1p00,hardzero_plus_depr,0.02,40,437,0.0,1,0.5113865,0.5113865,1.1054265,0.0,0.078446485,0.0,0.0,4.1731816e-08,-27.923918,2.431987,0.8106624,0.08800001,0.0,0.14362721,13.079979,13.109979,1401600
hardzero_plus_depr__c0p54__z1p05__lam0p030__nu0p50__psi1p00,hardzero_plus_depr,0.02,40,438,0.0,1,0.5113865,0.5113865,1.0092552,0.09789146,0.09789146,1.0,3.964454e-09,4.049847e-08,-26.826942,2.2204058,0.7401353,0.192,0.0,0.156662,13.109979,13.139978,1404800
hardzero_plus_depr__c0p54__z1p05__lam0p030__nu0p50__psi1p00,hardzero_plus_depr,0.02,40,439,0.0,1,0.5113865,0.5113865,1.0360463,0.09203514,0.09203514,1.0,3.6171248e-09,3.9301565e-08,-27.047451,2.2793474,0.7597825,0.15200001,0.0,0.148383,13.139978,13.169978,1408000
hardzero_plus_depr__c0p54__z1p05__lam0p030__nu0p50__psi1p00,hardzero_plus_depr,0.02,40,440,0.0,1,0.5113865,0.5113865,1.0142903,0.09676308,0.09676308,1.0,3.6905479e-09,3.814004e-08,-27.134315,2.2314832,0.74382776,0.14400001,0.0,0.1343983,13.169978,13.199978,1411200
hardzero_plus_depr__c0p54__z1p05__lam0p030__nu0p50__psi1p00,hardzero_plus_depr,0.02,40,441,0.0,1,0.5113865,0.5113865,1.0248367,0.0944416,0.0944416,1.0,3.495552e-09,3.7012843e-08,-26.70297,2.2546856,0.7515619,0.136,0.0,0.14790453,13.199978,13.229978,1414400
hardzero_plus_depr__c0p54__z1p05__lam0p030__nu0p50__psi1p00,hardzero_plus_depr,0.02,40,442,0.0,1,0.5113865,0.5113865,1.0233432,0.094766915,0.094766915,1.0,3.403929e-09,3.591896e-08,-27.241323,2.2514,0.7504667,0.099999994,0.0,0.15218341,13.229978,13.259977,1417600
hardzero_plus_depr__c0p54__z1p05__lam0p030__nu0p50__psi1p00,hardzero_plus_depr,0.02,40,443,0.0,1,0.5113865,0.5113865,0.98958564,0.10242697,0.10242697,1.0,3.5703378e-09,3.48574e-08,-27.072628,2.177132,0.72571063,0.23200001,0.0,0.15543719,13.259977,13.289977,1420800
hardzero_plus_depr__c0p54__z1p05__lam0p030__nu0p50__psi1p00,hardzero_plus_depr,0.02,40,444,0.0,1,0.5113865,0.5113865,1.065525,0.0,0.08599534,0.0,0.0,3.3827217e-08,-27.766226,2.344202,0.7814007,0.208,0.0,0.15918617,13.289977,13.319977,1424000
hardzero_plus_depr__c0p54__z1p05__lam0p030__nu0p50__psi1p00,hardzero_plus_depr,0.02,40,445,0.0,1,0.5113865,0.5113865,1.0149486,0.096616514,0.096616514,1.0,3.1716767e-09,3.282748e-08,-26.661236,2.2329316,0.74431056,0.120000005,0.0,0.12938462,13.319977,13.349977,1427200
hardzero_plus_depr__c0p54__z1p05__lam0p030__nu0p50__psi1p00,hardzero_plus_depr,0.02,40,446,0.0,1,0.5113865,0.5113865,0.98642546,0.103175,0.103175,1.0,3.2868763e-09,3.1857294e-08,-26.323273,2.1701794,0.72339314,0.096,0.0,0.124331325,13.349977,13.379976,1430400
hardzero_plus_depr__c0p54__z1p05__lam0p030__nu0p50__psi1p00,hardzero_plus_depr,0.02,40,447,0.0,1,0.5113865,0.5113865,1.0446167,0.09023671,0.09023671,1.0,2.7897378e-09,3.0915775e-08,-27.868639,2.2982028,0.7660676,0.14400001,0.0,0.1526518,13.379976,13.409976,1433600
hardzero_plus_depr__c0p54__z1p05__lam0p030__nu0p50__psi1p00,hardzero_plus_depr,0.02,40,448,0.0,1,0.5113865,0.5113865,0.98915565,0.10252844,0.10252844,1.0,3.076067e-09,3.0002084e-08,-27.279755,2.1761858,0.7253953,0.192,0.0,0.15155727,13.409976,13.439976,1436800
hardzero_plus_depr__c0p54__z1p05__lam0p030__nu0p50__psi1p00,hardzero_plus_depr,0.02,40,449,0.0,1,0.5113865,0.5113865,1.067155,0.0,0.08567319,0.0,0.0,2.9115396e-08,-27.159267,2.3477879,0.782596,0.120000005,0.0,0.16705488,13.439976,13.469975,1440000
hardzero_plus_depr__c0p54__z1p05__lam0p030__nu0p50__psi1p00,hardzero_plus_depr,0.02,40,450,0.0,1,0.5113865,0.5113865,1.0079409,0.098188154,0.098188154,1.0,2.7742977e-09,2.8254911e-08,-27.48147,2.2175143,0.73917145,0.18400002,0.0,0.14760934,13.469975,13.499975,1443200
hardzero_plus_depr__c0p54__z1p05__lam0p030__nu0p50__psi1p00,hardzero_plus_depr,0.02,40,451,0.0,1,0.5113865,0.5113865,1.0261703,0.09415203,0.09415203,1.0,2.5816358e-09,2.7419862e-08,-27.51386,2.2576196,0.7525399,0.17600001,0.0,0.16669063,13.499975,13.529975,1446400
hardzero_plus_depr__c0p54__z1p05__lam0p030__nu0p50__psi1p00,hardzero_plus_depr,0.02,40,452,0.0,1,0.5113865,0.5113865,1.0466481,0.08981561,0.08981561,1.0,2.3899474e-09,2.6609488e-08,-27.213423,2.302672,0.7675573,0.128,0.0,0.13497782,13.529975,13.559975,1449600
hardzero_plus_depr__c0p54__z1p05__lam0p030__nu0p50__psi1p00,hardzero_plus_depr,0.02,40,453,0.0,1,0.5113865,0.5113865,1.0625561,0.0,0.08658524,0.0,0.0,2.5823066e-08,-27.45633,2.33767,0.7792234,0.08800001,0.0,0.1428846,13.559975,13.589974,1452800
hardzero_plus_depr__c0p54__z1p05__lam0p030__nu0p50__psi1p00,hardzero_plus_depr,0.02,40,454,0.0,1,0.5113865,0.5113865,1.0096539,0.09780162,0.09780162,1.0,2.4508973e-09,2.5059885e-08,-27.143883,2.221283,0.7404277,0.15200001,0.0,0.14138785,13.589974,13.619974,1456000
hardzero_plus_depr__c0p54__z1p05__lam0p030__nu0p50__psi1p00,hardzero_plus_depr,0.02,40,455,0.0,1,0.5113865,0.5113865,1.0267655,0.09402309,0.09402309,1.0,2.2865723e-09,2.4319263e-08,-27.101837,2.2589293,0.7529764,0.17,0.0,0.15169978,13.619974,13.649974,1459200
hardzero_plus_depr__c0p54__z1p05__lam0p030__nu0p50__psi1p00,hardzero_plus_depr,0.02,40,456,0.0,1,0.5113865,0.5113865,1.0199429,0.095511824,0.095511824,1.0,2.2541293e-09,2.3600526e-08,-27.094786,2.2439191,0.7479731,0.16800001,0.0,0.13875231,13.649974,13.679974,1462400
hardzero_plus_depr__c0p54__z1p05__lam0p030__nu0p50__psi1p00,hardzero_plus_depr,0.02,40,457,0.0,1,0.5113865,0.5113865,1.0554175,0.0,0.08802023,0.0,0.0,2.2903029e-08,-27.37697,2.321965,0.77398837,0.14400001,0.0,0.17540523,13.679974,13.709973,1465600
hardzero_plus_depr__c0p54__z1p05__lam0p030__nu0p50__psi1p00,hardzero_plus_depr,0.02,40,458,0.0,1,0.5113865,0.5113865,1.0601255,0.0,0.0870712,0.0,0.0,2.222615e-08,-28.120258,2.3323226,0.7774409,0.14400001,0.0,0.14861551,13.709973,13.739973,1468800
hardzero_plus_depr__c0p54__z1p05__lam0p030__nu0p50__psi1p00,hardzero_plus_depr,0.02,40,459,0.0,1,0.5113865,0.5113865,1.013567,0.09692439,0.09692439,1.0,2.0905884e-09,2.156927e-08,-27.049707,2.2298918,0.7432973,0.128,0.0,0.1435247,13.739973,13.769973,1472000
hardzero_plus_depr__c0p54__z1p05__lam0p030__nu0p50__psi1p00,hardzero_plus_depr,0.02,40,460,0.0,1,0.5113865,0.5113865,1.0024198,0.09944436,0.09944436,1.0,2.0815503e-09,2.093181e-08,-25.920898,2.2053676,0.73512256,0.16800001,0.0,0.133752,13.769973,13.799973,1475200
hardzero_plus_depr__c0p54__z1p05__lam0p030__nu0p50__psi1p00,hardzero_plus_depr,0.02,40,461,0.0,1,0.5113865,0.5113865,1.0543814,0.0,0.08823048,0.0,0.0,2.0313186e-08,-27.612963,2.3196855,0.7732285,0.120000005,0.0,0.17181672,13.799973,13.829972,1478400
hardzero_plus_depr__c0p54__z1p05__lam0p030__nu0p50__psi1p00,hardzero_plus_depr,0.02,40,462,0.0,1,0.5113865,0.5113865,1.0580046,0.0,0.087497436,0.0,0.0,1.9712845e-08,-28.12567,2.3276567,0.7758856,0.136,0.0,0.15439306,13.829972,13.859972,1481600
hardzero_plus_depr__c0p54__z1p05__lam0p030__nu0p50__psi1p00,hardzero_plus_depr,0.02,40,463,0.0,1,0.5113865,0.5113865,1.0172795,0.09609936,0.09609936,1.0,1.8384048e-09,1.913025e-08,-26.266548,2.2380595,0.74601984,0.16800001,0.0,0.1616651,13.859972,13.889972,1484800
hardzero_plus_depr__c0p54__z1p05__lam0p030__nu0p50__psi1p00,hardzero_plus_depr,0.02,40,464,0.0,1,0.5113865,0.5113865,1.0501193,0.0,0.089100614,0.0,0.0,1.856487e-08,-27.687885,2.3103085,0.77010286,0.128,0.0,0.12908348,13.889972,13.919971,1488000
hardzero_plus_depr__c0p54__z1p05__lam0p030__nu0p50__psi1p00,hardzero_plus_depr,0.02,40,465,0.0,1,0.5113865,0.5113865,1.0056345,0.09871097,0.09871097,1.0,1.7783965e-09,1.80162e-08,-26.712778,2.2124403,0.7374801,0.16800001,0.0,0.13778892,13.919971,13.949971,1491200
hardzero_plus_depr__c0p54__z1p05__lam0p030__nu0p50__psi1p00,hardzero_plus_depr,0.02,40,466,0.0,1,0.5113865,0.5113865,1.0576133,0.0,0.08757632,0.0,0.0,1.7483744e-08,-27.30691,2.3267956,0.7755985,0.17600001,0.0,0.15687345,13.949971,13.979971,1494400
hardzero_plus_depr__c0p54__z1p05__lam0p030__nu0p50__psi1p00,hardzero_plus_depr,0.02,40,467,0.0,1,0.5113865,0.5113865,1.0522755,0.0,0.088659324,0.0,0.0,1.6967027e-08,-26.833513,2.3150525,0.77168417,0.112,0.0,0.16608979,13.979971,14.009971,1497600
hardzero_plus_depr__c0p54__z1p05__lam0p030__nu0p50__psi1p00,hardzero_plus_depr,0.02,40,468,0.0,1,0.5113865,0.5113865,0.97040397,0.10705231,0.10705231,1.0,1.7626783e-09,1.646558e-08,-26.4185,2.1349313,0.7116438,0.14999999,0.0,0.121892154,14.009971,14.03997,1500800
hardzero_plus_depr__c0p54__z1p05__lam0p030__nu0p50__psi1p00,hardzero_plus_depr,0.02,40,469,0.0,1,0.5113865,0.5113865,1.0918751,0.0,0.08093286,0.0,0.0,1.5978951e-08,-28.81463,2.402173,0.8007244,0.16800001,0.0,0.14384992,14.03997,14.06997,1504000
hardzero_plus_depr__c0p54__z1p05__lam0p030__nu0p50__psi1p00,hardzero_plus_depr,0.02,40,470,0.0,1,0.5113865,0.5113865,1.0284042,0.09366897,0.09366897,1.0,1.4524975e-09,1.5506709e-08,-27.197258,2.2625346,0.7541782,0.112,0.0,0.17582825,14.06997,14.09997,1507200
hardzero_plus_depr__c0p54__z1p05__lam0p030__nu0p50__psi1p00,hardzero_plus_depr,0.02,40,471,0.0,1,0.5113865,0.5113865,1.0143086,0.096759014,0.096759014,1.0,1.4560703e-09,1.504842e-08,-27.532106,2.2315235,0.7438412,0.120000005,0.0,0.15250829,14.09997,14.12997,1510400
hardzero_plus_depr__c0p54__z1p05__lam0p030__nu0p50__psi1p00,hardzero_plus_depr,0.02,40,472,0.0,1,0.5113865,0.5113865,1.040291,0.091139995,0.091139995,1.0,1.3309789e-09,1.4603676e-08,-27.695467,2.2886858,0.7628953,0.08800001,0.0,0.12898059,14.12997,14.159969,1513600
hardzero_plus_depr__c0p54__z1p05__lam0p030__nu0p50__psi1p00,hardzero_plus_depr,0.02,40,473,0.0,1,0.5113865,0.5113865,1.0475293,0.08963357,0.08963357,1.0,1.2702936e-09,1.4172075e-08,-28.349775,2.3046105,0.7682035,0.15200001,0.0,0.14254595,14.159969,14.189969,1516800
hardzero_plus_depr__c0p54__z1p05__lam0p030__nu0p50__psi1p00,hardzero_plus_depr,0.02,40,474,0.0,1,0.5113865,0.5113865,1.011617,0.097360566,0.097360566,1.0,1.3390223e-09,1.37532306e-08,-26.854118,2.2256017,0.74186724,0.16000001,0.0,0.16596289,14.189969,14.219969,1520000
hardzero_plus_depr__c0p54__z1p05__lam0p030__nu0p50__psi1p00,hardzero_plus_depr,0.02,40,475,0.0,1,0.5113865,0.5113865,1.0535548,0.0,0.08839857,0.0,0.0,1.3346764e-08,-27.704256,2.3178668,0.7726223,0.136,0.0,0.15489385,14.219969,14.249969,1523200
hardzero_plus_depr__c0p54__z1p05__lam0p030__nu0p50__psi1p00,hardzero_plus_depr,0.02,40,476,0.0,1,0.5113865,0.5113865,1.016612,0.09624716,0.09624716,1.0,1.246623e-09,1.295231e-08,-27.29432,2.236591,0.74553037,0.104,0.0,0.14229281,14.249969,14.279968,1526400
hardzero_plus_depr__c0p54__z1p05__lam0p030__nu0p50__psi1p00,hardzero_plus_depr,0.02,40,477,0.0,1,0.5113865,0.5113865,1.0304983,0.09321842,0.09321842,1.0,1.1717105e-09,1.2569517e-08,-27.988398,2.2671416,0.7557139,0.136,0.0,0.14640702,14.279968,14.309968,1529600
hardzero_plus_depr__c0p54__z1p05__lam0p030__nu0p50__psi1p00,hardzero_plus_depr,0.02,40,478,0.0,1,0.5113865,0.5113865,1.0316669,0.09296791,0.09296791,1.0,1.1340258e-09,1.2198035e-08,-27.850088,2.2697124,0.7565708,0.096,0.0,0.15108621,14.309968,14.339968,1532800
hardzero_plus_depr__c0p54__z1p05__lam0p030__nu0p50__psi1p00,hardzero_plus_depr,0.02,40,479,0.0,1,0.5113865,0.5113865,1.0274519,0.0938746,0.0938746,1.0,1.1112437e-09,1.1837532e-08,-27.271889,2.2604392,0.7534797,0.216,0.0,0.17121065,14.339968,14.369967,1536000
hardzero_plus_depr__c0p54__z1p05__lam0p030__nu0p50__psi1p00,hardzero_plus_depr,0.02,40,480,0.0,1,0.5113865,0.5113865,1.0690731,0.0,0.085295655,0.0,0.0,1.1487682e-08,-28.865658,2.3520079,0.78400266,0.15200001,0.0,0.16348065,14.369967,14.399967,1539200
hardzero_plus_depr__c0p54__z1p05__lam0p030__nu0p50__psi1p00,hardzero_plus_depr,0.02,40,481,0.0,1,0.5113865,0.5113865,1.0492266,0.08928394,0.08928394,1.0,9.953528e-10,1.1148172e-08,-27.620728,2.3083446,0.7694482,0.17999999,0.0,0.13267866,14.399967,14.429967,1542400
hardzero_plus_depr__c0p54__z1p05__lam0p030__nu0p50__psi1p00,hardzero_plus_depr,0.02,40,482,0.0,1,0.5113865,0.5113865,1.0576255,0.0,0.08757384,0.0,0.0,1.0818697e-08,-27.395473,2.3268228,0.7756076,0.136,0.0,0.13621737,14.429967,14.459967,1545600
hardzero_plus_depr__c0p54__z1p05__lam0p030__nu0p50__psi1p00,hardzero_plus_depr,0.02,40,483,0.0,1,0.5113865,0.5113865,1.069498,0.0,0.08521225,0.0,0.0,1.0498959e-08,-28.798756,2.3529425,0.78431416,0.112,0.0,0.16431573,14.459967,14.489966,1548800
hardzero_plus_depr__c0p54__z1p05__lam0p030__nu0p50__psi1p00,hardzero_plus_depr,0.02,40,484,0.0,1,0.5113865,0.5113865,1.0499772,0.08912977,0.08912977,1.0,9.0811375e-10,1.01886695e-08,-27.911669,2.309996,0.76999867,0.080000006,0.0,0.14775765,14.489966,14.519966,1552000
hardzero_plus_depr__c0p54__z1p05__lam0p030__nu0p50__psi1p00,hardzero_plus_depr,0.02,40,485,0.0,1,0.5113865,0.5113865,1.0441035,0.09034342,0.09034342,1.0,8.932754e-10,9.887553e-09,-27.43172,2.2970736,0.7656912,0.16800001,0.0,0.14631677,14.519966,14.549966,1555200
hardzero_plus_depr__c0p54__z1p05__lam0p030__nu0p50__psi1p00,hardzero_plus_depr,0.02,40,486,0.0,1,0.5113865,0.5113865,1.0254763,0.094302595,0.094302595,1.0,9.04865e-10,9.595335e-09,-26.818811,2.256093,0.752031,0.192,0.0,0.14375137,14.549966,14.579966,1558400
hardzero_plus_depr__c0p54__z1p05__lam0p030__nu0p50__psi1p00,hardzero_plus_depr,0.02,40,487,0.0,1,0.5113865,0.5113865,1.0391208,0.091385886,0.091385886,1.0,8.5096263e-10,9.311751e-09,-27.199602,2.2861114,0.76203716,0.16800001,0.0,0.12919685,14.579966,14.609965,1561600
hardzero_plus_depr__c0p54__z1p05__lam0p030__nu0p50__psi1p00,hardzero_plus_depr,0.02,40,488,0.0,1,0.5113865,0.5113865,1.0023557,0.09945904,0.09945904,1.0,8.9876656e-10,9.03655e-09,-26.542864,2.2052267,0.7350756,0.224,0.0,0.16292673,14.609965,14.639965,1564800
hardzero_plus_depr__c0p54__z1p05__lam0p030__nu0p50__psi1p00,hardzero_plus_depr,0.02,40,489,0.0,1,0.5113865,0.5113865,1.0465455,0.08983686,0.08983686,1.0,7.878227e-10,8.769482e-09,-28.376291,2.3024461,0.76748204,0.14400001,0.0,0.14505093,14.639965,14.669965,1568000
hardzero_plus_depr__c0p54__z1p05__lam0p030__nu0p50__psi1p00,hardzero_plus_depr,0.02,40,490,0.0,1,0.5113865,0.5113865,1.0502945,0.0,0.08906468,0.0,0.0,8.510307e-09,-27.730778,2.310694,0.77023137,0.23200001,0.0,0.15457836,14.669965,14.699965,1571200
hardzero_plus_depr__c0p54__z1p05__lam0p030__nu0p50__psi1p00,hardzero_plus_depr,0.02,40,491,0.0,1,0.5113865,0.5113865,1.0698916,0.0,0.08513505,0.0,0.0,8.258792e-09,-27.46098,2.3538084,0.7846028,0.136,0.0,0.14168069,14.699965,14.729964,1574400
hardzero_plus_depr__c0p54__z1p05__lam0p030__nu0p50__psi1p00,hardzero_plus_depr,0.02,40,492,0.0,1,0.5113865,0.5113865,1.1026326,0.0,0.07895276,0.0,0.0,8.01471e-09,-28.384434,2.4258404,0.8086135,0.16800001,0.0,0.18655002,14.729964,14.759964,1577600
hardzero_plus_depr__c0p54__z1p05__lam0p030__nu0p50__psi1p00,hardzero_plus_depr,0.02,40,493,0.0,1,0.5113865,0.5113865,1.0282363,0.0937052,0.0937052,1.0,7.2882417e-10,7.7778415e-09,-27.612,2.262165,0.754055,0.128,0.0,0.13858318,14.759964,14.789964,1580800
hardzero_plus_depr__c0p54__z1p05__lam0p030__nu0p50__psi1p00,hardzero_plus_depr,0.02,40,494,0.0,1,0.5113865,0.5113865,1.0641526,0.0,0.08626754,0.0,0.0,7.547973e-09,-27.051775,2.3411825,0.7803942,0.14999999,0.0,0.13697325,14.789964,14.819963,1584000
hardzero_plus_depr__c0p54__z1p05__lam0p030__nu0p50__psi1p00,hardzero_plus_depr,0.02,40,495,0.0,1,0.5113865,0.5113865,0.9860397,0.10326669,0.10326669,1.0,7.564181e-10,7.324899e-09,-26.546177,2.1693306,0.7231102,0.208,0.0,0.15888256,14.819963,14.849963,1587200
hardzero_plus_depr__c0p54__z1p05__lam0p030__nu0p50__psi1p00,hardzero_plus_depr,0.02,40,496,0.0,1,0.5113865,0.5113865,1.0607316,0.0,0.086949736,0.0,0.0,7.108417e-09,-28.11488,2.3336563,0.77788544,0.104,0.0,0.15987645,14.849963,14.879963,1590400
hardzero_plus_depr__c0p54__z1p05__lam0p030__nu0p50__psi1p00,hardzero_plus_depr,0.02,40,497,0.0,1,0.5113865,0.5113865,1.0535635,0.0,0.0883968,0.0,0.0,6.8983335e-09,-28.033049,2.3178859,0.77262866,0.16000001,0.0,0.14986591,14.879963,14.909963,1593600
hardzero_plus_depr__c0p54__z1p05__lam0p030__nu0p50__psi1p00,hardzero_plus_depr,0.02,40,498,0.0,1,0.5113865,0.5113865,1.1008883,0.0,0.07927052,0.0,0.0,6.6944583e-09,-28.326607,2.4220026,0.8073342,0.096,0.0,0.15800008,14.909963,14.939962,1596800
hardzero_plus_depr__c0p54__z1p05__lam0p030__nu0p50__psi1p00,hardzero_plus_depr,0.02,40,499,0.0,1,0.5113865,0.5113865,1.0384872,0.091519326,0.091519326,1.0,5.9456534e-10,6.49661e-09,-26.768663,2.2847176,0.76157254,0.15200001,0.0,0.1447191,14.939962,14.969962,1600000
hardzero_plus_depr__c0p54__z1p05__lam0p030__nu0p50__psi1p00,hardzero_plus_depr,0.02,40,500,0.0,1,0.5113865,0.5113865,0.9966919,0.100764625,0.100764625,1.0,6.352814e-10,6.3046075e-09,-26.743826,2.192766,0.730922,0.15200001,0.0,0.1413015,14.969962,14.999962,1603200
hardzero_plus_depr__c0p54__z1p05__lam0p030__nu0p50__psi1p00,hardzero_plus_depr,0.02,40,501,0.0,1,0.5113865,0.5113865,1.1210746,0.0,0.075670294,0.0,0.0,6.1182797e-09,-28.602583,2.4664133,0.8221378,0.16000001,0.0,0.1650013,14.999962,15.029962,1606400
hardzero_plus_depr__c0p54__z1p05__lam0p030__nu0p50__psi1p00,hardzero_plus_depr,0.02,40,502,0.0,1,0.5113865,0.5113865,1.1429976,0.0,0.071945295,0.0,0.0,5.9374585e-09,-30.171602,2.514645,0.83821505,0.104,0.0,0.16971171,15.029962,15.059961,1609600
hardzero_plus_depr__c0p54__z1p05__lam0p030__nu0p50__psi1p00,hardzero_plus_depr,0.02,40,503,0.0,1,0.5113865,0.5113865,1.0486172,0.08940931,0.08940931,1.0,5.151748e-10,5.761982e-09,-27.454283,2.307004,0.76900136,0.08800001,0.0,0.1502685,15.059961,15.089961,1612800
hardzero_plus_depr__c0p54__z1p05__lam0p030__nu0p50__psi1p00,hardzero_plus_depr,0.02,40,504,0.0,1,0.5113865,0.5113865,1.0034065,0.09921869,0.09921869,1.0,5.5480026e-10,5.591691e-09,-28.00972,2.2075384,0.73584616,0.16000001,0.0,0.17254126,15.089961,15.119961,1616000
hardzero_plus_depr__c0p54__z1p05__lam0p030__nu0p50__psi1p00,hardzero_plus_depr,0.02,40,505,0.0,1,0.5113865,0.5113865,0.9922005,0.10181213,0.10181213,1.0,5.5247673e-10,5.426433e-09,-26.772255,2.1828847,0.72762823,0.15200001,0.0,0.13749103,15.119961,15.1499605,1619200
hardzero_plus_depr__c0p54__z1p05__lam0p030__nu0p50__psi1p00,hardzero_plus_depr,0.02,40,506,0.0,1,0.5113865,0.5113865,0.97456634,0.1060312,0.1060312,1.0,5.583665e-10,5.2660587e-09,-25.803423,2.1440887,0.7146963,0.15200001,0.0,0.12727657,15.1499605,15.17996,1622400
hardzero_plus_depr__c0p54__z1p05__lam0p030__nu0p50__psi1p00,hardzero_plus_depr,0.02,40,507,0.0,1,0.5113865,0.5113865,1.0390817,0.09139413,0.09139413,1.0,4.6706283e-10,5.110425e-09,-26.524643,2.2860253,0.7620084,0.12,0.0,0.16034877,15.17996,15.20996,1625600
hardzero_plus_depr__c0p54__z1p05__lam0p030__nu0p50__psi1p00,hardzero_plus_depr,0.02,40,508,0.0,1,0.5113865,0.5113865,1.0248139,0.09444655,0.09444655,1.0,4.6839727e-10,4.9593902e-09,-27.267874,2.2546356,0.7515452,0.136,0.0,0.13794595,15.20996,15.23996,1628800
hardzero_plus_depr__c0p54__z1p05__lam0p030__nu0p50__psi1p00,hardzero_plus_depr,0.02,40,509,0.0,1,0.5113865,0.5113865,1.032442,0.09280215,0.09280215,1.0,4.4664e-10,4.8128195e-09,-27.649252,2.2714176,0.7571392,0.23200001,0.0,0.15772358,15.23996,15.269959,1632000
hardzero_plus_depr__c0p54__z1p05__lam0p030__nu0p50__psi1p00,hardzero_plus_depr,0.02,40,510,0.0,1,0.5113865,0.5113865,1.0424486,0.09068832,0.09068832,1.0,4.2356707e-10,4.6705804e-09,-28.157253,2.2934327,0.7644776,0.15200001,0.0,0.15281256,15.269959,15.299959,1635200
hardzero_plus_depr__c0p54__z1p05__lam0p030__nu0p50__psi1p00,hardzero_plus_depr,0.02,40,511,0.0,1,0.5113865,0.5113865,1.0151951,0.096561685,0.096561685,1.0,4.3767018e-10,4.532545e-09,-26.724134,2.2334738,0.7444913,0.16000001,0.0,0.14588284,15.299959,15.329959,1638400
hardzero_plus_depr__c0p54__z1p05__lam0p030__nu0p50__psi1p00,hardzero_plus_depr,0.02,40,512,0.0,1,0.5113865,0.5113865,1.0149245,0.09662188,0.09662188,1.0,4.2499992e-10,4.398589e-09,-26.902143,2.2328784,0.74429286,0.216,0.008,0.1589109,15.329959,15.359959,1641600
hardzero_plus_depr__c0p54__z1p05__lam0p030__nu0p50__psi1p00,hardzero_plus_depr,0.02,40,513,0.0,1,0.5113865,0.5113865,1.0471388,0.08971421,0.08971421,1.0,3.829534e-10,4.2685926e-09,-27.487434,2.3037515,0.76791716,0.17600001,0.0,0.16604972,15.359959,15.389958,1644800
hardzero_plus_depr__c0p54__z1p05__lam0p030__nu0p50__psi1p00,hardzero_plus_depr,0.02,40,514,0.0,1,0.5113865,0.5113865,1.0103391,0.09764743,0.09764743,1.0,4.044984e-10,4.142438e-09,-27.07554,2.2227905,0.7409302,0.16000001,0.0,0.17066821,15.389958,15.419958,1648000
hardzero_plus_depr__c0p54__z1p05__lam0p030__nu0p50__psi1p00,hardzero_plus_depr,0.02,40,515,0.0,1,0.5113865,0.5113865,1.1242727,0.0,0.0751151,0.0,0.0,4.020011e-09,-28.935568,2.4734495,0.82448316,0.104,0.0,0.17219809,15.419958,15.449958,1651200
hardzero_plus_depr__c0p54__z1p05__lam0p030__nu0p50__psi1p00,hardzero_plus_depr,0.02,40,516,0.0,1,0.5113865,0.5113865,1.048159,0.089503706,0.089503706,1.0,3.491721e-10,3.901203e-09,-27.238497,2.305996,0.7686653,0.15200001,0.0,0.13378996,15.449958,15.479958,1654400
hardzero_plus_depr__c0p54__z1p05__lam0p030__nu0p50__psi1p00,hardzero_plus_depr,0.02,40,517,0.0,1,0.5113865,0.5113865,1.030528,0.093212046,0.093212046,1.0,3.5289208e-10,3.7859063e-09,-27.733276,2.2672067,0.7557356,0.15200001,0.0,0.15151699,15.479958,15.509957,1657600
hardzero_plus_depr__c0p54__z1p05__lam0p030__nu0p50__psi1p00,hardzero_plus_depr,0.02,40,518,0.0,1,0.5113865,0.5113865,1.0747908,0.0,0.08418004,0.0,0.0,3.6740166e-09,-27.997124,2.364587,0.7881957,0.16800001,0.0,0.16934142,15.509957,15.539957,1660800
hardzero_plus_depr__c0p54__z1p05__lam0p030__nu0p50__psi1p00,hardzero_plus_depr,0.02,40,519,0.0,1,0.5113865,0.5113865,1.0573503,0.0,0.08762938,0.0,0.0,3.5654337e-09,-27.985607,2.3262172,0.77540576,0.120000005,0.0,0.16277567,15.539957,15.569957,1664000
hardzero_plus_depr__c0p54__z1p05__lam0p030__nu0p50__psi1p00,hardzero_plus_depr,0.02,40,520,0.0,1,0.5113865,0.5113865,1.0291362,0.09351123,0.09351123,1.0,3.2355452e-10,3.4600605e-09,-26.798483,2.264145,0.75471497,0.12,0.0,0.14039083,15.569957,15.5999565,1667200
hardzero_plus_depr__c0p54__z1p05__lam0p030__nu0p50__psi1p00,hardzero_plus_depr,0.02,40,521,0.0,1,0.5113865,0.5113865,1.0170242,0.096155874,0.096155874,1.0,3.228723e-10,3.3578011e-09,-26.741331,2.2374978,0.7458326,0.128,0.0,0.1480238,15.5999565,15.629956,1670400
hardzero_plus_depr__c0p54__z1p05__lam0p030__nu0p50__psi1p00,hardzero_plus_depr,0.02,40,522,0.0,1,0.5113865,0.5113865,1.0659734,0.0,0.08590661,0.0,0.0,3.258564e-09,-27.129246,2.3451884,0.78172946,0.128,0.0,0.14493926,15.629956,15.659956,1673600
hardzero_plus_depr__c0p54__z1p05__lam0p030__nu0p50__psi1p00,hardzero_plus_depr,0.02,40,523,0.0,1,0.5113865,0.5113865,1.0161457,0.096350566,0.096350566,1.0,3.046855e-10,3.1622596e-09,-27.460794,2.2355652,0.7451884,0.120000005,0.0,0.16099915,15.659956,15.689956,1676800
hardzero_plus_depr__c0p54__z1p05__lam0p030__nu0p50__psi1p00,hardzero_plus_depr,0.02,40,524,0.0,1,0.5113865,0.5113865,1.0767064,0.0,0.08380956,0.0,0.0,3.0688017e-09,-28.106117,2.3688014,0.7896005,0.136,0.0,0.13913092,15.689956,15.719955,1680000
hardzero_plus_depr__c0p54__z1p05__lam0p030__nu0p50__psi1p00,hardzero_plus_depr,0.02,40,525,0.0,1,0.5113865,0.5113865,0.9884719,0.10268998,0.10268998,1.0,3.058216e-10,2.9781053e-09,-26.044155,2.1746817,0.7248939,0.192,0.0,0.12504134,15.719955,15.749955,1683200
hardzero_plus_depr__c0p54__z1p05__lam0p030__nu0p50__psi1p00,hardzero_plus_depr,0.02,40,526,0.0,1,0.5113865,0.5113865,1.0387837,0.09145685,0.09145685,1.0,2.6431854e-10,2.89009e-09,-27.955484,2.2853696,0.7617899,0.16800001,0.0,0.14684992,15.749955,15.779955,1686400
hardzero_plus_depr__c0p54__z1p05__lam0p030__nu0p50__psi1p00,hardzero_plus_depr,0.02,40,527,0.0,1,0.5113865,0.5113865,1.0016708,0.099616,0.099616,1.0,2.7939057e-10,2.8046756e-09,-26.433395,2.2037199,0.7345733,0.216,0.0,0.14078029,15.779955,15.809955,1689600
hardzero_plus_depr__c0p54__z1p05__lam0p030__nu0p50__psi1p00,hardzero_plus_depr,0.02,40,528,0.0,1,0.5113865,0.5113865,1.0365087,0.091937214,0.091937214,1.0,2.5023342e-10,2.721786e-09,-27.523136,2.2803645,0.7601215,0.208,0.0,0.15779307,15.809955,15.839954,1692800
hardzero_plus_depr__c0p54__z1p05__lam0p030__nu0p50__psi1p00,hardzero_plus_depr,0.02,40,529,0.0,1,0.5113865,0.5113865,1.028409,0.09366794,0.09366794,1.0,2.474094e-10,2.6413456e-09,-27.718056,2.262545,0.75418174,0.17600001,0.0,0.14995815,15.839954,15.869954,1696000
hardzero_plus_depr__c0p54__z1p05__lam0p030__nu0p50__psi1p00,hardzero_plus_depr,0.02,40,530,0.0,1,0.5113865,0.5113865,1.0098644,0.097754225,0.097754225,1.0,2.505717e-10,2.5632825e-09,-26.638748,2.2217462,0.7405821,0.080000006,0.0,0.13110279,15.869954,15.899954,1699200
hardzero_plus_depr__c0p54__z1p05__lam0p030__nu0p50__psi1p00,hardzero_plus_depr,0.02,40,531,0.0,1,0.5113865,0.5113865,1.0593048,0.0,0.08723587,0.0,0.0,2.4875269e-09,-27.587309,2.330517,0.776839,0.08800001,0.0,0.1726809,15.899954,15.929954,1702400
hardzero_plus_depr__c0p54__z1p05__lam0p030__nu0p50__psi1p00,hardzero_plus_depr,0.02,40,532,0.0,1,0.5113865,0.5113865,1.0604877,0.0,0.0869986,0.0,0.0,2.4140099e-09,-28.286446,2.3331196,0.77770656,0.120000005,0.0,0.16801211,15.929954,15.959953,1705600
hardzero_plus_depr__c0p54__z1p05__lam0p030__nu0p50__psi1p00,hardzero_plus_depr,0.02,40,533,0.0,1,0.5113865,0.5113865,1.0312419,0.09305894,0.09305894,1.0,2.1800599e-10,2.3426658e-09,-26.481834,2.2687774,0.75625914,0.17999999,0.0,0.17606811,15.959953,15.989953,1708800
hardzero_plus_depr__c0p54__z1p05__lam0p030__nu0p50__psi1p00,hardzero_plus_depr,0.02,40,534,0.0,1,0.5113865,0.5113865,1.0462917,0.08988937,0.08988937,1.0,2.043572e-10,2.27343e-09,-26.694002,2.3018878,0.76729596,0.16000001,0.0,0.15676795,15.989953,16.019953,1712000
hardzero_plus_depr__c0p54__z1p05__lam0p030__nu0p50__psi1p00,hardzero_plus_depr,0.02,40,535,0.0,1,0.5113865,0.5113865,1.0263085,0.09412207,0.09412207,1.0,2.0765593e-10,2.2062407e-09,-26.955765,2.2579238,0.7526413,0.18400002,0.0,0.14529279,16.019953,16.049953,1715200
hardzero_plus_depr__c0p54__z1p05__lam0p030__nu0p50__psi1p00,hardzero_plus_depr,0.02,40,536,0.0,1,0.5113865,0.5113865,1.0071988,0.09835608,0.09835608,1.0,2.105838e-10,2.141035e-09,-26.946444,2.2158816,0.7386272,0.128,0.0,0.14368261,16.049953,16.079954,1718400
hardzero_plus_depr__c0p54__z1p05__lam0p030__nu0p50__psi1p00,hardzero_plus_depr,0.02,40,537,0.0,1,0.5113865,0.5113865,1.0521259,0.0,0.08868987,0.0,0.0,2.0777564e-09,-27.822506,2.3147233,0.77157444,0.15200001,0.0,0.12945276,16.079954,16.109955,1721600
hardzero_plus_depr__c0p54__z1p05__lam0p030__nu0p50__psi1p00,hardzero_plus_depr,0.02,40,538,0.0,1,0.5113865,0.5113865,1.1213616,0.0,0.07562029,0.0,0.0,2.0163482e-09,-28.90842,2.4670448,0.8223483,0.08800001,0.0,0.1568713,16.109955,16.139956,1724800
hardzero_plus_depr__c0p54__z1p05__lam0p030__nu0p50__psi1p00,hardzero_plus_depr,0.02,40,539,0.0,1,0.5113865,0.5113865,0.9695696,0.10725817,0.10725817,1.0,2.098779e-10,1.9567545e-09,-26.433332,2.1330957,0.7110319,0.24000001,0.0,0.14897941,16.139956,16.169956,1728000
hardzero_plus_depr__c0p54__z1p05__lam0p030__nu0p50__psi1p00,hardzero_plus_depr,0.02,40,540,0.0,1,0.5113865,0.5113865,1.0693343,0.0,0.08524438,0.0,0.0,1.8989226e-09,-28.39488,2.3525825,0.7841942,0.128,0.0,0.13859849,16.169956,16.199957,1731200
hardzero_plus_depr__c0p54__z1p05__lam0p030__nu0p50__psi1p00,hardzero_plus_depr,0.02,40,541,0.0,1,0.5113865,0.5113865,1.0646429,0.0,0.08617018,0.0,0.0,1.8427995e-09,-27.663088,2.342261,0.78075373,0.104,0.0,0.16596885,16.199957,16.229958,1734400
hardzero_plus_depr__c0p54__z1p05__lam0p030__nu0p50__psi1p00,hardzero_plus_depr,0.02,40,542,0.0,1,0.5113865,0.5113865,1.0217187,0.09512206,0.09512206,1.0,1.7011015e-10,1.7883354e-09,-27.395899,2.247826,0.7492754,0.120000005,0.0,0.13327986,16.229958,16.259958,1737600
hardzero_plus_depr__c0p54__z1p05__lam0p030__nu0p50__psi1p00,hardzero_plus_depr,0.02,40,543,0.0,1,0.5113865,0.5113865,1.0796127,0.0,0.08325058,0.0,0.0,1.735481e-09,-28.483837,2.3751955,0.79173183,0.120000005,0.0,0.16899137,16.259958,16.289959,1740800
hardzero_plus_depr__c0p54__z1p05__lam0p030__nu0p50__psi1p00,hardzero_plus_depr,0.02,40,544,0.0,1,0.5113865,0.5113865,1.0985067,0.0,0.07970642,0.0,0.0,1.6841885e-09,-28.80966,2.416763,0.8055877,0.120000005,0.0,0.17269155,16.289959,16.31996,1744000
hardzero_plus_depr__c0p54__z1p05__lam0p030__nu0p50__psi1p00,hardzero_plus_depr,0.02,40,545,0.0,1,0.5113865,0.5113865,1.0585445,0.0,0.08738873,0.0,0.0,1.6344119e-09,-27.592764,2.3288443,0.7762815,0.120000005,0.0,0.1431351,16.31996,16.34996,1747200
hardzero_plus_depr__c0p54__z1p05__lam0p030__nu0p50__psi1p00,hardzero_plus_depr,0.02,40,546,0.0,1,0.5113865,0.5113865,1.0775864,0.0,0.083639905,0.0,0.0,1.5861068e-09,-29.17676,2.3707373,0.7902458,0.11,0.0,0.15753685,16.34996,16.379961,1750400
hardzero_plus_depr__c0p54__z1p05__lam0p030__nu0p50__psi1p00,hardzero_plus_depr,0.02,40,547,0.0,1,0.5113865,0.5113865,1.0524322,0.0,0.08862737,0.0,0.0,1.5392294e-09,-27.195585,2.315397,0.771799,0.080000006,0.0,0.15261994,16.379961,16.409962,1753600
hardzero_plus_depr__c0p54__z1p05__lam0p030__nu0p50__psi1p00,hardzero_plus_depr,0.02,40,548,0.0,1,0.5113865,0.5113865,0.9720098,0.10665719,0.10665719,1.0,1.5931781e-10,1.4937371e-09,-26.21055,2.1384642,0.7128214,0.23200001,0.0,0.13472301,16.409962,16.439962,1756800
hardzero_plus_depr__c0p54__z1p05__lam0p030__nu0p50__psi1p00,hardzero_plus_depr,0.02,40,549,0.0,1,0.5113865,0.5113865,1.0223464,0.09498467,0.09498467,1.0,1.3768879e-10,1.4495896e-09,-26.826267,2.249207,0.7497357,0.192,0.008,0.13979243,16.439962,16.469963,1760000
hardzero_plus_depr__c0p54__z1p05__lam0p030__nu0p50__psi1p00,hardzero_plus_depr,0.02,40,550,0.0,1,0.5113865,0.5113865,1.0499195,0.08914161,0.08914161,1.0,1.2539966e-10,1.4067467e-09,-26.75751,2.309869,0.76995635,0.16000001,0.0,0.15438475,16.469963,16.499964,1763200
hardzero_plus_depr__c0p54__z1p05__lam0p030__nu0p50__psi1p00,hardzero_plus_depr,0.02,40,551,0.0,1,0.5113865,0.5113865,1.0295116,0.093430445,0.093430445,1.0,1.2754844e-10,1.3651701e-09,-27.241148,2.2649708,0.7549903,0.104,0.0,0.15127772,16.499964,16.529964,1766400
hardzero_plus_depr__c0p54__z1p05__lam0p030__nu0p50__psi1p00,hardzero_plus_depr,0.02,40,552,0.0,1,0.5113865,0.5113865,1.0984063,0.0,0.07972484,0.0,0.0,1.3248224e-09,-27.83717,2.416542,0.80551404,0.104,0.0,0.16306216,16.529964,16.559965,1769600
hardzero_plus_depr__c0p54__z1p05__lam0p030__nu0p50__psi1p00,hardzero_plus_depr,0.02,40,553,0.0,1,0.5113865,0.5113865,1.0608289,0.0,0.08693027,0.0,0.0,1.2856669e-09,-28.212551,2.3338702,0.7779567,0.120000005,0.0,0.14280127,16.559965,16.589966,1772800
hardzero_plus_depr__c0p54__z1p05__lam0p030__nu0p50__psi1p00,hardzero_plus_depr,0.02,40,554,0.0,1,0.5113865,0.5113865,1.0945535,0.0,0.08043527,0.0,0.0,1.247669e-09,-28.92597,2.4080658,0.8026886,0.096,0.0,0.19503531,16.589966,16.619967,1776000
hardzero_plus_depr__c0p54__z1p05__lam0p030__nu0p50__psi1p00,hardzero_plus_depr,0.02,40,555,0.0,1,0.5113865,0.5113865,1.0384232,0.09153281,0.09153281,1.0,1.1082737e-10,1.2107939e-09,-26.967718,2.2845767,0.7615256,0.18400002,0.0,0.13110489,16.619967,16.649967,1779200
hardzero_plus_depr__c0p54__z1p05__lam0p030__nu0p50__psi1p00,hardzero_plus_depr,0.02,40,556,0.0,1,0.5113865,0.5113865,1.0233365,0.09476838,0.09476838,1.0,1.11353676e-10,1.1750088e-09,-27.817814,2.2513855,0.7504618,0.120000005,0.0,0.15300402,16.649967,16.679968,1782400
hardzero_plus_depr__c0p54__z1p05__lam0p030__nu0p50__psi1p00,hardzero_plus_depr,0.02,40,557,0.0,1,0.5113865,0.5113865,0.98415077,0.103716835,0.103716835,1.0,1.1826637e-10,1.1402813e-09,-26.397635,2.165175,0.721725,0.16000001,0.0,0.1318216,16.679968,16.709969,1785600
hardzero_plus_depr__c0p54__z1p05__lam0p030__nu0p50__psi1p00,hardzero_plus_depr,0.02,40,558,0.0,1,0.5113865,0.5113865,1.0379596,0.09163057,0.09163057,1.0,1.0139657e-10,1.1065802e-09,-27.367567,2.2835567,0.7611856,0.14400001,0.0,0.13620597,16.709969,16.73997,1788800
hardzero_plus_depr__c0p54__z1p05__lam0p030__nu0p50__psi1p00,hardzero_plus_depr,0.02,40,559,0.0,1,0.5113865,0.5113865,1.0337439,0.09252438,0.09252438,1.0,9.935962e-11,1.073875e-09,-27.51602,2.274282,0.758094,0.13,0.0,0.13977076,16.73997,16.76997,1792000
hardzero_plus_depr__c0p54__z1p05__lam0p030__nu0p50__psi1p00,hardzero_plus_depr,0.02,40,560,0.0,1,0.5113865,0.5113865,0.9895385,0.10243811,0.10243811,1.0,1.0675449e-10,1.0421365e-09,-27.15651,2.1770282,0.72567606,0.14400001,0.0,0.12673958,16.76997,16.79997,1795200
hardzero_plus_depr__c0p54__z1p05__lam0p030__nu0p50__psi1p00,hardzero_plus_depr,0.02,40,561,0.0,1,0.5113865,0.5113865,1.0351369,0.09222807,0.09222807,1.0,9.327357e-11,1.011336e-09,-27.737896,2.2773468,0.75911564,0.18400002,0.0,0.18372656,16.79997,16.829971,1798400
hardzero_plus_depr__c0p54__z1p05__lam0p030__nu0p50__psi1p00,hardzero_plus_depr,0.02,40,562,0.0,1,0.5113865,0.5113865,1.0314732,0.09300938,0.09300938,1.0,9.128367e-11,9.814458e-10,-27.299301,2.2692862,0.7564287,0.120000005,0.0,0.16310593,16.829971,16.859972,1801600
hardzero_plus_depr__c0p54__z1p05__lam0p030__nu0p50__psi1p00,hardzero_plus_depr,0.02,40,563,0.0,1,0.5113865,0.5113865,0.98426795,0.10368884,0.10368884,1.0,9.8757315e-11,9.524391e-10,-25.634302,2.1654327,0.72181094,0.17600001,0.0,0.1600469,16.859972,16.889973,1804800
hardzero_plus_depr__c0p54__z1p05__lam0p030__nu0p50__psi1p00,hardzero_plus_depr,0.02,40,564,0.0,1,0.5113865,0.5113865,1.0919195,0.0,0.080924585,0.0,0.0,9.242896e-10,-28.302622,2.402271,0.80075705,0.17600001,0.0,0.20273215,16.889973,16.919973,1808000
hardzero_plus_depr__c0p54__z1p05__lam0p030__nu0p50__psi1p00,hardzero_plus_depr,0.02,40,565,0.0,1,0.5113865,0.5113865,1.0774212,0.0,0.083671734,0.0,0.0,8.9697205e-10,-27.701975,2.370374,0.79012465,0.16000001,0.0,0.13974582,16.919973,16.949974,1811200
hardzero_plus_depr__c0p54__z1p05__lam0p030__nu0p50__psi1p00,hardzero_plus_depr,0.02,40,566,0.0,1,0.5113865,0.5113865,0.9945855,0.10125454,0.10125454,1.0,8.813822e-11,8.704619e-10,-27.078634,2.1881318,0.72937727,0.16000001,0.0,0.13825145,16.949974,16.979975,1814400
hardzero_plus_depr__c0p54__z1p05__lam0p030__nu0p50__psi1p00,hardzero_plus_depr,0.02,40,567,0.0,1,0.5113865,0.5113865,1.0112989,0.097431876,0.097431876,1.0,8.230415e-11,8.4473534e-10,-26.557102,2.224902,0.741634,0.136,0.0,0.13021912,16.979975,17.009975,1817600
hardzero_plus_depr__c0p54__z1p05__lam0p030__nu0p50__psi1p00,hardzero_plus_depr,0.02,40,568,0.0,1,0.5113865,0.5113865,1.0473177,0.08967723,0.08967723,1.0,7.351462e-11,8.1976903e-10,-26.833765,2.304145,0.7680484,0.14400001,0.0,0.1384886,17.009975,17.039976,1820800
hardzero_plus_depr__c0p54__z1p05__lam0p030__nu0p50__psi1p00,hardzero_plus_depr,0.02,40,569,0.0,1,0.5113865,0.5113865,1.0753001,0.0,0.08408139,0.0,0.0,7.955407e-10,-28.278725,2.3657074,0.78856915,0.096,0.0,0.17598471,17.039976,17.069977,1824000
hardzero_plus_depr__c0p54__z1p05__lam0p030__nu0p50__psi1p00,hardzero_plus_depr,0.02,40,570,0.0,1,0.5113865,0.5113865,1.0563909,0.0,0.08782316,0.0,0.0,7.7202833e-10,-28.205622,2.3241062,0.7747021,0.112,0.0,0.17159297,17.069977,17.099977,1827200
hardzero_plus_depr__c0p54__z1p05__lam0p030__nu0p50__psi1p00,hardzero_plus_depr,0.02,40,571,0.0,1,0.5113865,0.5113865,1.0411843,0.090952724,0.090952724,1.0,6.8142776e-11,7.4921097e-10,-27.839409,2.290651,0.7635504,0.17600001,0.0,0.16925734,17.099977,17.129978,1830400
hardzero_plus_depr__c0p54__z1p05__lam0p030__nu0p50__psi1p00,hardzero_plus_depr,0.02,40,572,0.0,1,0.5113865,0.5113865,1.0285084,0.093646504,0.093646504,1.0,6.8087376e-11,7.2706796e-10,-27.107277,2.2627637,0.7542546,0.17,0.0,0.12977771,17.129978,17.159979,1833600
hardzero_plus_depr__c0p54__z1p05__lam0p030__nu0p50__psi1p00,hardzero_plus_depr,0.02,40,573,0.0,1,0.5113865,0.5113865,1.0240555,0.094611615,0.094611615,1.0,6.6756004e-11,7.055794e-10,-27.268452,2.2529671,0.7509891,0.15200001,0.0,0.14177945,17.159979,17.18998,1836800
hardzero_plus_depr__c0p54__z1p05__lam0p030__nu0p50__psi1p00,hardzero_plus_depr,0.02,40,574,0.0,1,0.5113865,0.5113865,1.0125968,0.09714113,0.09714113,1.0,6.651505e-11,6.847259e-10,-26.8457,2.2277575,0.74258584,0.048,0.0,0.12353315,17.18998,17.21998,1840000
hardzero_plus_depr__c0p54__z1p05__lam0p030__nu0p50__psi1p00,hardzero_plus_depr,0.02,40,575,0.0,1,0.5113865,0.5113865,1.0582901,0.0,0.08743994,0.0,0.0,6.644887e-10,-27.42177,2.3282847,0.7760949,0.096,0.0,0.14472015,17.21998,17.24998,1843200
hardzero_plus_depr__c0p54__z1p05__lam0p030__nu0p50__psi1p00,hardzero_plus_depr,0.02,40,576,0.0,1,0.5113865,0.5113865,1.0069059,0.09842242,0.09842242,1.0,6.346766e-11,6.448496e-10,-26.721817,2.2152371,0.7384124,0.192,0.0,0.15484565,17.24998,17.279982,1846400
hardzero_plus_depr__c0p54__z1p05__lam0p030__nu0p50__psi1p00,hardzero_plus_depr,0.02,40,577,0.0,1,0.5113865,0.5113865,1.0107684,0.09755095,0.09755095,1.0,6.104651e-11,6.25791e-10,-27.820173,2.2237349,0.741245,0.17600001,0.0,0.12407043,17.279982,17.309982,1849600
hardzero_plus_depr__c0p54__z1p05__lam0p030__nu0p50__psi1p00,hardzero_plus_depr,0.02,40,578,0.0,1,0.5113865,0.5113865,1.0219573,0.095069826,0.095069826,1.0,5.7735493e-11,6.0729566e-10,-27.256393,2.2483509,0.7494503,0.16000001,0.0,0.13910617,17.309982,17.339983,1852800
hardzero_plus_depr__c0p54__z1p05__lam0p030__nu0p50__psi1p00,hardzero_plus_depr,0.02,40,579,0.0,1,0.5113865,0.5113865,1.043915,0.09038263,0.09038263,1.0,5.3266728e-11,5.8934696e-10,-27.342854,2.296659,0.765553,0.16000001,0.0,0.16318303,17.339983,17.369984,1856000
hardzero_plus_depr__c0p54__z1p05__lam0p030__nu0p50__psi1p00,hardzero_plus_depr,0.02,40,580,0.0,1,0.5113865,0.5113865,1.0407395,0.09104591,0.09104591,1.0,5.207177e-11,5.719287e-10,-27.50086,2.2896726,0.76322424,0.104,0.0,0.16674045,17.369984,17.399984,1859200
hardzero_plus_depr__c0p54__z1p05__lam0p030__nu0p50__psi1p00,hardzero_plus_depr,0.02,40,581,0.0,1,0.5113865,0.5113865,1.0460445,0.08994054,0.08994054,1.0,4.9919277e-11,5.550253e-10,-27.688581,2.3013437,0.7671146,0.136,0.0,0.16621326,17.399984,17.429985,1862400
hardzero_plus_depr__c0p54__z1p05__lam0p030__nu0p50__psi1p00,hardzero_plus_depr,0.02,40,582,0.0,1,0.5113865,0.5113865,1.0942906,0.0,0.08048397,0.0,0.0,5.386214e-10,-28.273176,2.4074874,0.80249584,0.15200001,0.0,0.21454638,17.429985,17.459986,1865600
hardzero_plus_depr__c0p54__z1p05__lam0p030__nu0p50__psi1p00,hardzero_plus_depr,0.02,40,583,0.0,1,0.5113865,0.5113865,1.0272512,0.09391799,0.09391799,1.0,4.909116e-11,5.2270244e-10,-27.043905,2.2599978,0.7533326,0.192,0.0,0.16256692,17.459986,17.489986,1868800
hardzero_plus_depr__c0p54__z1p05__lam0p030__nu0p50__psi1p00,hardzero_plus_depr,0.02,40,584,0.0,1,0.5113865,0.5113865,1.0264587,0.09408951,0.09408951,1.0,4.772727e-11,5.072539e-10,-27.032892,2.2582543,0.75275147,0.080000006,0.0,0.14555582,17.489986,17.519987,1872000
hardzero_plus_depr__c0p54__z1p05__lam0p030__nu0p50__psi1p00,hardzero_plus_depr,0.02,40,585,0.0,1,0.5113865,0.5113865,1.0667495,0.0,0.08575324,0.0,0.0,4.9226195e-10,-28.044243,2.3468957,0.78229856,0.13,0.0,0.12537165,17.519987,17.549988,1875200
hardzero_plus_depr__c0p54__z1p05__lam0p030__nu0p50__psi1p00,hardzero_plus_depr,0.02,40,586,0.0,1,0.5113865,0.5113865,1.0344342,0.0923774,0.0923774,1.0,4.4129894e-11,4.777131e-10,-26.810455,2.2758007,0.75860023,0.104,0.0,0.13886312,17.549988,17.579988,1878400
hardzero_plus_depr__c0p54__z1p05__lam0p030__nu0p50__psi1p00,hardzero_plus_depr,0.02,40,587,0.0,1,0.5113865,0.5113865,1.0479798,0.08954063,0.08954063,1.0,4.1510517e-11,4.635942e-10,-27.62873,2.3056016,0.7685339,0.16000001,0.0,0.1799781,17.579988,17.60999,1881600
hardzero_plus_depr__c0p54__z1p05__lam0p030__nu0p50__psi1p00,hardzero_plus_depr,0.02,40,588,0.0,1,0.5113865,0.5113865,1.0516543,0.0,0.08878624,0.0,0.0,4.4989262e-10,-28.357485,2.3136857,0.77122855,0.136,0.0,0.16690522,17.60999,17.63999,1884800
hardzero_plus_depr__c0p54__z1p05__lam0p030__nu0p50__psi1p00,hardzero_plus_depr,0.02,40,589,0.0,1,0.5113865,0.5113865,1.0752773,0.0,0.0840858,0.0,0.0,4.3659598e-10,-28.014006,2.3656573,0.78855246,0.072000004,0.0,0.17899911,17.63999,17.66999,1888000
hardzero_plus_depr__c0p54__z1p05__lam0p030__nu0p50__psi1p00,hardzero_plus_depr,0.02,40,590,0.0,1,0.5113865,0.5113865,1.0423373,0.090711564,0.090711564,1.0,3.8433794e-11,4.2369233e-10,-27.61088,2.2931879,0.76439595,0.120000005,0.0,0.14196198,17.66999,17.699991,1891200
hardzero_plus_depr__c0p54__z1p05__lam0p030__nu0p50__psi1p00,hardzero_plus_depr,0.02,40,591,0.0,1,0.5113865,0.5113865,1.054959,0.0,0.088113196,0.0,0.0,4.1117004e-10,-26.932713,2.3209562,0.7736521,0.192,0.0,0.15720287,17.699991,17.729992,1894400
hardzero_plus_depr__c0p54__z1p05__lam0p030__nu0p50__psi1p00,hardzero_plus_depr,0.02,40,592,0.0,1,0.5113865,0.5113865,1.0234253,0.094749,0.094749,1.0,3.7806546e-11,3.9901787e-10,-27.506708,2.2515807,0.7505269,0.15200001,0.0,0.16986732,17.729992,17.759993,1897600
hardzero_plus_depr__c0p54__z1p05__lam0p030__nu0p50__psi1p00,hardzero_plus_depr,0.02,40,593,0.0,1,0.5113865,0.5113865,1.0593634,0.0,0.08722412,0.0,0.0,3.872248e-10,-27.783438,2.330646,0.77688205,0.136,0.0,0.12866092,17.759993,17.789993,1900800
hardzero_plus_depr__c0p54__z1p05__lam0p030__nu0p50__psi1p00,hardzero_plus_depr,0.02,40,594,0.0,1,0.5113865,0.5113865,0.99541885,0.10106044,0.10106044,1.0,3.7976528e-11,3.7578035e-10,-26.445122,2.1899652,0.72998846,0.224,0.0,0.1639615,17.789993,17.819994,1904000
hardzero_plus_depr__c0p54__z1p05__lam0p030__nu0p50__psi1p00,hardzero_plus_depr,0.02,40,595,0.0,1,0.5113865,0.5113865,1.0202278,0.09544917,0.09544917,1.0,3.4807844e-11,3.6467412e-10,-27.757011,2.244546,0.748182,0.17600001,0.0,0.15515049,17.819994,17.849995,1907200
hardzero_plus_depr__c0p54__z1p05__lam0p030__nu0p50__psi1p00,hardzero_plus_depr,0.02,40,596,0.0,1,0.5113865,0.5113865,1.0237234,0.094684005,0.094684005,1.0,3.3508304e-11,3.5389613e-10,-26.935703,2.2522364,0.7507455,0.16000001,0.0,0.129139,17.849995,17.879995,1910400
hardzero_plus_depr__c0p54__z1p05__lam0p030__nu0p50__psi1p00,hardzero_plus_depr,0.02,40,597,0.0,1,0.5113865,0.5113865,1.0171067,0.096137606,0.096137606,1.0,3.301718e-11,3.4343667e-10,-25.876207,2.2376792,0.7458931,0.17600001,0.0,0.118529566,17.879995,17.909996,1913600
hardzero_plus_depr__c0p54__z1p05__lam0p030__nu0p50__psi1p00,hardzero_plus_depr,0.02,40,598,0.0,1,0.5113865,0.5113865,1.0333449,0.09260941,0.09260941,1.0,3.0865453e-11,3.3328634e-10,-27.08476,2.2734041,0.7578014,0.21,0.01,0.13477157,17.909996,17.939997,1916800
hardzero_plus_depr__c0p54__z1p05__lam0p030__nu0p50__psi1p00,hardzero_plus_depr,0.02,40,599,0.0,1,0.5113865,0.5113865,1.0106828,0.09757019,0.09757019,1.0,3.1557718e-11,3.2343606e-10,-26.35189,2.2235465,0.7411822,0.224,0.0,0.13047467,17.939997,17.969997,1920000
hardzero_plus_depr__c0p54__z1p05__lam0p030__nu0p50__psi1p00,hardzero_plus_depr,0.02,40,600,0.0,1,0.5113865,0.5113865,1.0484307,0.08944773,0.08944773,1.0,2.8075571e-11,3.1387684e-10,-27.463915,2.3065937,0.7688646,0.128,0.0,0.17846514,17.969997,17.999998,1923200
hardzero_plus_depr__c0p54__z1p05__lam0p030__nu0p50__psi1p00,hardzero_plus_depr,0.02,40,601,0.0,1,0.5113865,0.5113865,1.0269724,0.09397829,0.09397829,1.0,2.8625805e-11,3.0460018e-10,-27.579418,2.2593844,0.7531282,0.15200001,0.0,0.17542976,17.999998,18.029999,1926400
hardzero_plus_depr__c0p54__z1p05__lam0p030__nu0p50__psi1p00,hardzero_plus_depr,0.02,40,602,0.0,1,0.5113865,0.5113865,0.97044396,0.107042454,0.107042454,1.0,3.16415e-11,2.9559766e-10,-26.637344,2.1350193,0.71167314,0.17600001,0.0,0.13736041,18.029999,18.06,1929600
hardzero_plus_depr__c0p54__z1p05__lam0p030__nu0p50__psi1p00,hardzero_plus_depr,0.02,40,603,0.0,1,0.5113865,0.5113865,1.0223244,0.09498948,0.09498948,1.0,2.72488e-11,2.8686126e-10,-27.657305,2.2491586,0.74971956,0.136,0.0,0.1395685,18.06,18.09,1932800
hardzero_plus_depr__c0p54__z1p05__lam0p030__nu0p50__psi1p00,hardzero_plus_depr,0.02,40,604,0.0,1,0.5113865,0.5113865,1.0491004,0.0893099,0.0893099,1.0,2.4862362e-11,2.7838304e-10,-27.87817,2.308067,0.7693557,0.14400001,0.0,0.15415615,18.09,18.12,1936000
hardzero_plus_depr__c0p54__z1p05__lam0p030__nu0p50__psi1p00,hardzero_plus_depr,0.02,40,605,0.0,1,0.5113865,0.5113865,1.0652997,0.0,0.08603997,0.0,0.0,2.7015537e-10,-27.775736,2.3437064,0.78123546,0.112,0.0,0.16805129,18.12,18.150002,1939200
hardzero_plus_depr__c0p54__z1p05__lam0p030__nu0p50__psi1p00,hardzero_plus_depr,0.02,40,606,0.0,1,0.5113865,0.5113865,1.1046501,0.0,0.07858685,0.0,0.0,2.621709e-10,-28.354166,2.4302788,0.8100929,0.120000005,0.0,0.1421889,18.150002,18.180002,1942400
hardzero_plus_depr__c0p54__z1p05__lam0p030__nu0p50__psi1p00,hardzero_plus_depr,0.02,40,607,0.0,1,0.5113865,0.5113865,1.0727739,0.0,0.08457189,0.0,0.0,2.5442237e-10,-28.09264,2.3601499,0.78671664,0.112,0.0,0.15164366,18.180002,18.210003,1945600
hardzero_plus_depr__c0p54__z1p05__lam0p030__nu0p50__psi1p00,hardzero_plus_depr,0.02,40,608,0.0,1,0.5113865,0.5113865,1.0592972,0.0,0.08723741,0.0,0.0,2.4690291e-10,-27.889408,2.3305004,0.7768335,0.16800001,0.0,0.14377612,18.210003,18.240004,1948800
hardzero_plus_depr__c0p54__z1p05__lam0p030__nu0p50__psi1p00,hardzero_plus_depr,0.02,40,609,0.0,1,0.5113865,0.5113865,1.0332648,0.0926265,0.0926265,1.0,2.2193834e-11,2.3960567e-10,-28.0495,2.273228,0.75774264,0.14400001,0.0,0.14108884,18.240004,18.270004,1952000
hardzero_plus_depr__c0p54__z1p05__lam0p030__nu0p50__psi1p00,hardzero_plus_depr,0.02,40,610,0.0,1,0.5113865,0.5113865,1.0523654,0.0,0.08864098,0.0,0.0,2.3252407e-10,-27.183533,2.3152502,0.7717501,0.14400001,0.0,0.14153603,18.270004,18.300005,1955200
hardzero_plus_depr__c0p54__z1p05__lam0p030__nu0p50__psi1p00,hardzero_plus_depr,0.02,40,611,0.0,1,0.5113865,0.5113865,1.0416118,0.090863235,0.090863235,1.0,2.0503455e-11,2.2565182e-10,-27.818472,2.2915916,0.7638639,0.14,0.0,0.16028656,18.300005,18.330006,1958400
hardzero_plus_depr__c0p54__z1p05__lam0p030__nu0p50__psi1p00,hardzero_plus_depr,0.02,40,612,0.0,1,0.5113865,0.5113865,1.080402,0.0,0.08309941,0.0,0.0,2.1898264e-10,-27.926138,2.376932,0.79231066,0.072000004,0.0,0.16479579,18.330006,18.360006,1961600
hardzero_plus_depr__c0p54__z1p05__lam0p030__nu0p50__psi1p00,hardzero_plus_depr,0.02,40,613,0.0,1,0.5113865,0.5113865,1.0554456,0.0,0.08801454,0.0,0.0,2.1251058e-10,-27.54947,2.3220265,0.77400887,0.15200001,0.0,0.15334909,18.360006,18.390007,1964800
hardzero_plus_depr__c0p54__z1p05__lam0p030__nu0p50__psi1p00,hardzero_plus_depr,0.02,40,614,0.0,1,0.5113865,0.5113865,1.0578564,0.0,0.08752729,0.0,0.0,2.062298e-10,-28.4835,2.3273306,0.77577686,0.14400001,0.0,0.14945394,18.390007,18.420008,1968000
hardzero_plus_depr__c0p54__z1p05__lam0p030__nu0p50__psi1p00,hardzero_plus_depr,0.02,40,615,0.0,1,0.5113865,0.5113865,1.043725,0.09042218,0.09042218,1.0,1.8096611e-11,2.0013464e-10,-27.274923,2.2962408,0.76541364,0.128,0.0,0.12971401,18.420008,18.450008,1971200
hardzero_plus_depr__c0p54__z1p05__lam0p030__nu0p50__psi1p00,hardzero_plus_depr,0.02,40,616,0.0,1,0.5113865,0.5113865,0.968852,0.10743556,0.10743556,1.0,2.0866095e-11,1.9421964e-10,-26.190966,2.131517,0.71050566,0.192,0.0,0.13543406,18.450008,18.48001,1974400
hardzero_plus_depr__c0p54__z1p05__lam0p030__nu0p50__psi1p00,hardzero_plus_depr,0.02,40,617,0.0,1,0.5113865,0.5113865,1.06699,0.0,0.08570576,0.0,0.0,1.8847945e-10,-28.058983,2.347425,0.782475,0.104,0.0,0.13742328,18.48001,18.51001,1977600
hardzero_plus_depr__c0p54__z1p05__lam0p030__nu0p50__psi1p00,hardzero_plus_depr,0.02,40,618,0.0,1,0.5113865,0.5113865,1.030945,0.093122594,0.093122594,1.0,1.7032953e-11,1.8290892e-10,-27.140226,2.268124,0.7560414,0.096,0.0,0.15044403,18.51001,18.54001,1980800
hardzero_plus_depr__c0p54__z1p05__lam0p030__nu0p50__psi1p00,hardzero_plus_depr,0.02,40,619,0.0,1,0.5113865,0.5113865,1.0461437,0.08992002,0.08992002,1.0,1.5961076e-11,1.7750303e-10,-26.835154,2.301562,0.76718736,0.112,0.0,0.14481214,18.54001,18.570011,1984000
hardzero_plus_depr__c0p54__z1p05__lam0p030__nu0p50__psi1p00,hardzero_plus_depr,0.02,40,620,0.0,1,0.5113865,0.5113865,0.9920955,0.10183674,0.10183674,1.0,1.7542082e-11,1.722569e-10,-26.239676,2.1826537,0.7275512,0.192,0.008,0.11896111,18.570011,18.600012,1987200
hardzero_plus_depr__c0p54__z1p05__lam0p030__nu0p50__psi1p00,hardzero_plus_depr,0.02,40,621,0.0,1,0.5113865,0.5113865,1.0113657,0.0974169,0.0974169,1.0,1.6284777e-11,1.6716584e-10,-25.890602,2.2250488,0.74168295,0.128,0.0,0.110073216,18.600012,18.630013,1990400
hardzero_plus_depr__c0p54__z1p05__lam0p030__nu0p50__psi1p00,hardzero_plus_depr,0.02,40,622,0.0,1,0.5113865,0.5113865,1.0543171,0.0,0.08824352,0.0,0.0,1.6222522e-10,-27.421787,2.319544,0.7731814,0.120000005,0.0,0.136436,18.630013,18.660013,1993600
hardzero_plus_depr__c0p54__z1p05__lam0p030__nu0p50__psi1p00,hardzero_plus_depr,0.02,40,623,0.0,1,0.5113865,0.5113865,1.019054,0.09570749,0.09570749,1.0,1.5067291e-11,1.5743064e-10,-26.608465,2.2419636,0.74732125,0.128,0.0,0.14727616,18.660013,18.690014,1996800
hardzero_plus_depr__c0p54__z1p05__lam0p030__nu0p50__psi1p00,hardzero_plus_depr,0.02,40,624,0.0,1,0.5113865,0.5113865,1.0197406,0.095556326,0.095556326,1.0,1.459888e-11,1.5277773e-10,-27.458252,2.243474,0.74782467,0.21,0.0,0.15610722,18.690014,18.720015,2000000
hardzero_plus_depr__c0p54__z1p05__lam0p030__nu0p50__psi1p00,hardzero_plus_depr,0.02,40,625,0.0,1,0.5113865,0.5113865,1.0725626,0.0,0.084613055,0.0,0.0,1.4826237e-10,-27.703653,2.3596847,0.7865616,0.14400001,0.0,0.14917675,18.720015,18.750015,2003200
hardzero_plus_depr__c0p54__z1p05__lam0p030__nu0p50__psi1p00,hardzero_plus_depr,0.02,40,626,0.0,1,0.5113865,0.5113865,1.0396171,0.09128154,0.09128154,1.0,1.31336305e-11,1.4388046e-10,-27.504236,2.2872033,0.7624011,0.192,0.0,0.159762,18.750015,18.780016,2006400
hardzero_plus_depr__c0p54__z1p05__lam0p030__nu0p50__psi1p00,hardzero_plus_depr,0.02,40,627,0.0,1,0.5113865,0.5113865,1.0810726,0.0,0.08297121,0.0,0.0,1.3962805e-10,-27.618643,2.3784072,0.79280245,0.104,0.0,0.14753988,18.780016,18.810017,2009600
hardzero_plus_depr__c0p54__z1p05__lam0p030__nu0p50__psi1p00,hardzero_plus_depr,0.02,40,628,0.0,1,0.5113865,0.5113865,1.0810853,0.0,0.08296877,0.0,0.0,1.3550133e-10,-27.753853,2.3784351,0.79281175,0.128,0.0,0.16763695,18.810017,18.840017,2012800
hardzero_plus_depr__c0p54__z1p05__lam0p030__nu0p50__psi1p00,hardzero_plus_depr,0.02,40,629,0.0,1,0.5113865,0.5113865,1.0330354,0.09267543,0.09267543,1.0,1.2186502e-11,1.3149658e-10,-26.624622,2.2727232,0.75757444,0.16000001,0.0,0.1144613,18.840017,18.870018,2016000
hardzero_plus_depr__c0p54__z1p05__lam0p030__nu0p50__psi1p00,hardzero_plus_depr,0.02,40,630,0.0,1,0.5113865,0.5113865,1.009496,0.097837195,0.097837195,1.0,1.2485022e-11,1.2761017e-10,-27.207363,2.2209356,0.74031186,0.15200001,0.0,0.13744101,18.870018,18.900019,2019200
hardzero_plus_depr__c0p54__z1p05__lam0p030__nu0p50__psi1p00,hardzero_plus_depr,0.02,40,631,0.0,1,0.5113865,0.5113865,1.0966437,0.0,0.08004907,0.0,0.0,1.2383865e-10,-28.299599,2.4126642,0.8042214,0.104,0.0,0.15277071,18.900019,18.93002,2022400
hardzero_plus_depr__c0p54__z1p05__lam0p030__nu0p50__psi1p00,hardzero_plus_depr,0.02,40,632,0.0,1,0.5113865,0.5113865,0.975548,0.10579179,0.10579179,1.0,1.27139054e-11,1.2017856e-10,-26.940027,2.1462486,0.7154162,0.224,0.0,0.13468122,18.93002,18.96002,2025600
hardzero_plus_depr__c0p54__z1p05__lam0p030__nu0p50__psi1p00,hardzero_plus_depr,0.02,40,633,0.0,1,0.5113865,0.5113865,0.9889985,0.10256555,0.10256555,1.0,1.19618785e-11,1.1662667e-10,-26.386282,2.1758401,0.72528005,0.2,0.0,0.13492365,18.96002,18.99002,2028800
hardzero_plus_depr__c0p54__z1p05__lam0p030__nu0p50__psi1p00,hardzero_plus_depr,0.02,40,634,0.0,1,0.5113865,0.5113865,1.0579772,0.0,0.087502964,0.0,0.0,1.13179764e-10,-27.808413,2.3275962,0.77586544,0.128,0.0,0.15315743,18.99002,19.020021,2032000
hardzero_plus_depr__c0p54__z1p05__lam0p030__nu0p50__psi1p00,hardzero_plus_depr,0.02,40,635,0.0,1,0.5113865,0.5113865,0.99854827,0.10033482,0.10033482,1.0,1.1020247e-11,1.0983472e-10,-26.603628,2.19685,0.73228335,0.14400001,0.0,0.15294999,19.020021,19.050022,2035200
hardzero_plus_depr__c0p54__z1p05__lam0p030__nu0p50__psi1p00,hardzero_plus_depr,0.02,40,636,0.0,1,0.5113865,0.5113865,1.0401068,0.09117866,0.09117866,1.0,9.7186e-12,1.0658854e-10,-27.881863,2.2882805,0.76276016,0.17600001,0.0,0.16970633,19.050022,19.080023,2038400
hardzero_plus_depr__c0p54__z1p05__lam0p030__nu0p50__psi1p00,hardzero_plus_depr,0.02,40,637,0.0,1,0.5113865,0.5113865,1.0411396,0.090962075,0.090962075,1.0,9.4089615e-12,1.0343829e-10,-27.603237,2.2905529,0.7635176,0.16,0.0,0.16586667,19.080023,19.110023,2041600
hardzero_plus_depr__c0p54__z1p05__lam0p030__nu0p50__psi1p00,hardzero_plus_depr,0.02,40,638,0.0,1,0.5113865,0.5113865,1.020249,0.09544451,0.09544451,1.0,9.580831e-12,1.0038117e-10,-26.67388,2.2445927,0.74819756,0.15200001,0.0,0.1595913,19.110023,19.140024,2044800
hardzero_plus_depr__c0p54__z1p05__lam0p030__nu0p50__psi1p00,hardzero_plus_depr,0.02,40,639,0.0,1,0.5113865,0.5113865,1.0226266,0.094923414,0.094923414,1.0,9.246907e-12,9.7414396e-11,-27.627094,2.2498236,0.74994123,0.112,0.0,0.13497584,19.140024,19.170025,2048000
hardzero_plus_depr__c0p54__z1p05__lam0p030__nu0p50__psi1p00,hardzero_plus_depr,0.02,40,640,0.0,1,0.5113865,0.5113865,1.0848283,0.0,0.082256794,0.0,0.0,9.4535296e-11,-27.789328,2.3866699,0.79555666,0.120000005,0.0,0.15021071,19.170025,19.200026,2051200
hardzero_plus_depr__c0p54__z1p05__lam0p030__nu0p50__psi1p00,hardzero_plus_depr,0.02,40,641,0.0,1,0.5113865,0.5113865,1.0585358,0.0,0.08739048,0.0,0.0,9.174129e-11,-27.509304,2.3288252,0.7762751,0.120000005,0.0,0.15450433,19.200026,19.230026,2054400
hardzero_plus_depr__c0p54__z1p05__lam0p030__nu0p50__psi1p00,hardzero_plus_depr,0.02,40,642,0.0,1,0.5113865,0.5113865,1.0190355,0.09571158,0.09571158,1.0,8.521189e-12,8.902986e-11,-26.729235,2.2419229,0.74730766,0.18400002,0.0,0.15491079,19.230026,19.260027,2057600
hardzero_plus_depr__c0p54__z1p05__lam0p030__nu0p50__psi1p00,hardzero_plus_depr,0.02,40,643,0.0,1,0.5113865,0.5113865,1.0095245,0.09783077,0.09783077,1.0,8.452439e-12,8.6398576e-11,-26.9531,2.220998,0.7403327,0.17600001,0.0,0.13242736,19.260027,19.290028,2060800
hardzero_plus_depr__c0p54__z1p05__lam0p030__nu0p50__psi1p00,hardzero_plus_depr,0.02,40,644,0.0,1,0.5113865,0.5113865,1.0245132,0.09451195,0.09451195,1.0,7.92436e-12,8.3845056e-11,-27.2945,2.2539742,0.7513248,0.208,0.0,0.17446503,19.290028,19.320028,2064000
hardzero_plus_depr__c0p54__z1p05__lam0p030__nu0p50__psi1p00,hardzero_plus_depr,0.02,40,645,0.0,1,0.5113865,0.5113865,1.0650007,0.0,0.08609923,0.0,0.0,8.1367e-11,-28.295673,2.343048,0.78101605,0.192,0.0,0.18303026,19.320028,19.350029,2067200
hardzero_plus_depr__c0p54__z1p05__lam0p030__nu0p50__psi1p00,hardzero_plus_depr,0.02,40,646,0.0,1,0.5113865,0.5113865,1.0353442,0.09218403,0.09218403,1.0,7.279052e-12,7.8962184e-11,-27.366991,2.277803,0.7592677,0.18400002,0.0,0.16274905,19.350029,19.38003,2070400
hardzero_plus_depr__c0p54__z1p05__lam0p030__nu0p50__psi1p00,hardzero_plus_depr,0.02,40,647,0.0,1,0.5113865,0.5113865,1.0224024,0.094972424,0.094972424,1.0,7.27759e-12,7.6628454e-11,-27.179184,2.2493303,0.7497768,0.192,0.0,0.15323222,19.38003,19.41003,2073600
hardzero_plus_depr__c0p54__z1p05__lam0p030__nu0p50__psi1p00,hardzero_plus_depr,0.02,40,648,0.0,1,0.5113865,0.5113865,1.064358,0.0,0.08622675,0.0,0.0,7.436369e-11,-27.003077,2.3416343,0.78054476,0.224,0.0,0.16118017,19.41003,19.440031,2076800
hardzero_plus_depr__c0p54__z1p05__lam0p030__nu0p50__psi1p00,hardzero_plus_depr,0.02,40,649,0.0,1,0.5113865,0.5113865,1.0691546,0.0,0.08527965,0.0,0.0,7.216586e-11,-27.300934,2.3521872,0.7840624,0.112,0.0,0.16764428,19.440031,19.470032,2080000
hardzero_plus_depr__c0p54__z1p05__lam0p030__nu0p50__psi1p00,hardzero_plus_depr,0.02,40,650,0.0,1,0.5113865,0.5113865,1.024441,0.09452768,0.09452768,1.0,6.6200556e-12,7.0032986e-11,-26.979477,2.2538152,0.7512717,0.12,0.0,0.14759041,19.470032,19.500032,2083200
hardzero_plus_depr__c0p54__z1p05__lam0p030__nu0p50__psi1p00,hardzero_plus_depr,0.02,40,651,0.0,1,0.5113865,0.5113865,1.0805516,0.0,0.083070785,0.0,0.0,6.7963156e-11,-27.558088,2.3772612,0.7924204,0.14400001,0.0,0.13570793,19.500032,19.530033,2086400
hardzero_plus_depr__c0p54__z1p05__lam0p030__nu0p50__psi1p00,hardzero_plus_depr,0.02,40,652,0.0,1,0.5113865,0.5113865,0.95654887,0.11052261,0.11052261,1.0,7.2894624e-12,6.595449e-11,-26.498734,2.1044495,0.7014832,0.16000001,0.0,0.13424233,19.530033,19.560034,2089600
hardzero_plus_depr__c0p54__z1p05__lam0p030__nu0p50__psi1p00,hardzero_plus_depr,0.02,40,653,0.0,1,0.5113865,0.5113865,1.062877,0.0,0.08652128,0.0,0.0,6.40052e-11,-26.839771,2.3383763,0.77945876,0.096,0.0,0.13983202,19.560034,19.590034,2092800
hardzero_plus_depr__c0p54__z1p05__lam0p030__nu0p50__psi1p00,hardzero_plus_depr,0.02,40,654,0.0,1,0.5113865,0.5113865,1.0072429,0.09834609,0.09834609,1.0,6.1086214e-12,6.2113516e-11,-26.472946,2.2159786,0.73865956,0.17600001,0.0,0.14871925,19.590034,19.620035,2096000
hardzero_plus_depr__c0p54__z1p05__lam0p030__nu0p50__psi1p00,hardzero_plus_depr,0.02,40,655,0.0,1,0.5113865,0.5113865,1.0972462,0.0,0.07993811,0.0,0.0,6.027774e-11,-28.55139,2.4139898,0.8046633,0.17600001,0.0,0.16194224,19.620035,19.650036,2099200
hardzero_plus_depr__c0p54__z1p05__lam0p030__nu0p50__psi1p00,hardzero_plus_depr,0.02,40,656,0.0,1,0.5113865,0.5113865,1.0192698,0.09565996,0.09565996,1.0,5.5957465e-12,5.849623e-11,-27.140144,2.2424383,0.74747944,0.18400002,0.0,0.14844362,19.650036,19.680037,2102400
hardzero_plus_depr__c0p54__z1p05__lam0p030__nu0p50__psi1p00,hardzero_plus_depr,0.02,40,657,0.0,1,0.5113865,0.5113865,1.0505446,0.0,0.08901339,0.0,0.0,5.676736e-11,-27.37515,2.3112442,0.77041477,0.16800001,0.0,0.13965023,19.680037,19.710037,2105600
hardzero_plus_depr__c0p54__z1p05__lam0p030__nu0p50__psi1p00,hardzero_plus_depr,0.02,40,658,0.0,1,0.5113865,0.5113865,1.0617247,0.0,0.08675116,0.0,0.0,5.5089593e-11,-28.402763,2.335841,0.7786137,0.104,0.0,0.16858679,19.710037,19.740038,2108800
hardzero_plus_depr__c0p54__z1p05__lam0p030__nu0p50__psi1p00,hardzero_plus_depr,0.02,40,659,0.0,1,0.5113865,0.5113865,1.0394377,0.09131924,0.09131924,1.0,4.882056e-12,5.346142e-11,-28.181402,2.2868085,0.7622695,0.136,0.0,0.16266218,19.740038,19.770039,2112000
hardzero_plus_depr__c0p54__z1p05__lam0p030__nu0p50__psi1p00,hardzero_plus_depr,0.02,40,660,0.0,1,0.5113865,0.5113865,1.0123372,0.09719921,0.09719921,1.0,5.042827e-12,5.1881357e-11,-27.165825,2.2271862,0.7423954,0.14400001,0.0,0.14605002,19.770039,19.80004,2115200
hardzero_plus_depr__c0p54__z1p05__lam0p030__nu0p50__psi1p00,hardzero_plus_depr,0.02,40,661,0.0,1,0.5113865,0.5113865,0.99940103,0.10013802,0.10013802,1.0,5.0417487e-12,5.0347997e-11,-26.429579,2.1987262,0.7329087,0.224,0.008,0.14473452,19.80004,19.83004,2118400
hardzero_plus_depr__c0p54__z1p05__lam0p030__nu0p50__psi1p00,hardzero_plus_depr,0.02,40,662,0.0,1,0.5113865,0.5113865,1.0667814,0.0,0.08574692,0.0,0.0,4.885995e-11,-27.967936,2.346966,0.78232205,0.096,0.0,0.13936813,19.83004,19.86004,2121600
hardzero_plus_depr__c0p54__z1p05__lam0p030__nu0p50__psi1p00,hardzero_plus_depr,0.02,40,663,0.0,1,0.5113865,0.5113865,1.0617272,0.0,0.086750664,0.0,0.0,4.741589e-11,-27.76507,2.3358464,0.7786155,0.17,0.0,0.14004163,19.86004,19.890041,2124800
hardzero_plus_depr__c0p54__z1p05__lam0p030__nu0p50__psi1p00,hardzero_plus_depr,0.02,40,664,0.0,1,0.5113865,0.5113865,1.0150063,0.096603684,0.096603684,1.0,4.4451712e-12,4.6014508e-11,-27.093748,2.2330585,0.7443528,0.18400002,0.0,0.13699555,19.890041,19.920042,2128000
hardzero_plus_depr__c0p54__z1p05__lam0p030__nu0p50__psi1p00,hardzero_plus_depr,0.02,40,665,0.0,1,0.5113865,0.5113865,1.0343162,0.09240251,0.09240251,1.0,4.1261924e-12,4.4654547e-11,-27.096489,2.275541,0.7585137,0.14400001,0.0,0.15204516,19.920042,19.950043,2131200
hardzero_plus_depr__c0p54__z1p05__lam0p030__nu0p50__psi1p00,hardzero_plus_depr,0.02,40,666,0.0,1,0.5113865,0.5113865,1.0066286,0.09848528,0.09848528,1.0,4.267837e-12,4.333477e-11,-26.947292,2.2146273,0.7382091,0.16800001,0.0,0.14277232,19.950043,19.980043,2134400
hardzero_plus_depr__c0p54__z1p05__lam0p030__nu0p50__psi1p00,hardzero_plus_depr,0.02,40,667,0.0,1,0.5113865,0.5113865,1.0764134,0.0,0.08386612,0.0,0.0,4.205401e-11,-27.851757,2.3681567,0.78938556,0.120000005,0.0,0.15058689,19.980043,20.010044,2137600
hardzero_plus_depr__c0p54__z1p05__lam0p030__nu0p50__psi1p00,hardzero_plus_depr,0.02,40,668,0.0,1,0.5113865,0.5113865,1.003483,0.09920121,0.09920121,1.0,4.04851e-12,4.0811094e-11,-27.205534,2.2077067,0.73590225,0.136,0.0,0.12448939,20.010044,20.040045,2140800
hardzero_plus_depr__c0p54__z1p05__lam0p030__nu0p50__psi1p00,hardzero_plus_depr,0.02,40,669,0.0,1,0.5113865,0.5113865,1.0850419,0.0,0.08221632,0.0,0.0,3.960492e-11,-28.859486,2.3871398,0.7957133,0.17600001,0.0,0.17836949,20.040045,20.070045,2144000
hardzero_plus_depr__c0p54__z1p05__lam0p030__nu0p50__psi1p00,hardzero_plus_depr,0.02,40,670,0.0,1,0.5113865,0.5113865,0.997079,0.10067484,0.10067484,1.0,3.869376e-12,3.843439e-11,-26.374098,2.1936176,0.7312059,0.14400001,0.0,0.12038965,20.070045,20.100046,2147200
hardzero_plus_depr__c0p54__z1p05__lam0p030__nu0p50__psi1p00,hardzero_plus_depr,0.02,40,671,0.0,1,0.5113865,0.5113865,0.9802219,0.10465937,0.10465937,1.0,3.903633e-12,3.7298456e-11,-26.402891,2.1565313,0.7188438,0.192,0.0,0.1359049,20.100046,20.130047,2150400
hardzero_plus_depr__c0p54__z1p05__lam0p030__nu0p50__psi1p00,hardzero_plus_depr,0.02,40,672,0.0,1,0.5113865,0.5113865,1.0532775,0.0,0.08845503,0.0,0.0,3.6196095e-11,-27.121737,2.3172567,0.7724189,0.14400001,0.0,0.14652576,20.130047,20.160048,2153600
hardzero_plus_depr__c0p54__z1p05__lam0p030__nu0p50__psi1p00,hardzero_plus_depr,0.02,40,673,0.0,1,0.5113865,0.5113865,1.0458024,0.08999071,0.08999071,1.0,3.1610422e-12,3.5126315e-11,-28.288427,2.300811,0.766937,0.136,0.0,0.16511938,20.160048,20.190048,2156800
hardzero_plus_depr__c0p54__z1p05__lam0p030__nu0p50__psi1p00,hardzero_plus_depr,0.02,40,674,0.0,1,0.5113865,0.5113865,1.042058,0.09076993,0.09076993,1.0,3.0941792e-12,3.4088152e-11,-27.381601,2.2925735,0.76419115,0.15200001,0.0,0.1601841,20.190048,20.220049,2160000
hardzero_plus_depr__c0p54__z1p05__lam0p030__nu0p50__psi1p00,hardzero_plus_depr,0.02,40,675,0.0,1,0.5113865,0.5113865,1.0152645,0.09654626,0.09654626,1.0,3.1938154e-12,3.3080674e-11,-27.52243,2.2336266,0.74454224,0.14400001,0.0,0.15437411,20.220049,20.25005,2163200
hardzero_plus_depr__c0p54__z1p05__lam0p030__nu0p50__psi1p00,hardzero_plus_depr,0.02,40,676,0.0,1,0.5113865,0.5113865,1.0515112,0.0,0.0888155,0.0,0.0,3.2102966e-11,-27.57246,2.3133707,0.7711236,0.17999999,0.0,0.15014091,20.25005,20.28005,2166400
hardzero_plus_depr__c0p54__z1p05__lam0p030__nu0p50__psi1p00,hardzero_plus_depr,0.02,40,677,0.0,1,0.5113865,0.5113865,1.0949548,0.0,0.08036097,0.0,0.0,3.115416e-11,-28.977772,2.4089487,0.8029829,0.16800001,0.008,0.14616585,20.28005,20.310051,2169600
hardzero_plus_depr__c0p54__z1p05__lam0p030__nu0p50__psi1p00,hardzero_plus_depr,0.02,40,678,0.0,1,0.5113865,0.5113865,1.0566084,0.0,0.08777918,0.0,0.0,3.0233396e-11,-27.751171,2.324585,0.7748617,0.17600001,0.0,0.15056886,20.310051,20.340052,2172800
hardzero_plus_depr__c0p54__z1p05__lam0p030__nu0p50__psi1p00,hardzero_plus_depr,0.02,40,679,0.0,1,0.5113865,0.5113865,1.0775793,0.0,0.0836413,0.0,0.0,2.9339843e-11,-28.152983,2.3707216,0.7902405,0.16000001,0.0,0.15729906,20.340052,20.370052,2176000
hardzero_plus_depr__c0p54__z1p05__lam0p030__nu0p50__psi1p00,hardzero_plus_depr,0.02,40,680,0.0,1,0.5113865,0.5113865,1.0603338,0.0,0.08702942,0.0,0.0,2.8472702e-11,-28.150732,2.332781,0.77759373,0.128,0.0,0.13891979,20.370052,20.400053,2179200
hardzero_plus_depr__c0p54__z1p05__lam0p030__nu0p50__psi1p00,hardzero_plus_depr,0.02,40,681,0.0,1,0.5113865,0.5113865,1.0890207,0.0,0.08146654,0.0,0.0,2.7631186e-11,-28.277948,2.3958933,0.79863113,0.128,0.0,0.16610855,20.400053,20.430054,2182400
hardzero_plus_depr__c0p54__z1p05__lam0p030__nu0p50__psi1p00,hardzero_plus_depr,0.02,40,682,0.0,1,0.5113865,0.5113865,1.0073038,0.09833228,0.09833228,1.0,2.6367352e-12,2.6814544e-11,-26.851604,2.2161126,0.7387042,0.208,0.0,0.1631941,20.430054,20.460054,2185600
hardzero_plus_depr__c0p54__z1p05__lam0p030__nu0p50__psi1p00,hardzero_plus_depr,0.02,40,683,0.0,1,0.5113865,0.5113865,0.99534184,0.10107835,0.10107835,1.0,2.6302643e-12,2.6022035e-11,-27.22277,2.1897957,0.72993195,0.128,0.0,0.17774391,20.460054,20.490055,2188800
hardzero_plus_depr__c0p54__z1p05__lam0p030__nu0p50__psi1p00,hardzero_plus_depr,0.02,40,684,0.0,1,0.5113865,0.5113865,0.9809023,0.10449553,0.10449553,1.0,2.6388206e-12,2.525295e-11,-26.3156,2.1580281,0.7193427,0.18400002,0.0,0.123992614,20.490055,20.520056,2192000
hardzero_plus_depr__c0p54__z1p05__lam0p030__nu0p50__psi1p00,hardzero_plus_depr,0.02,40,685,0.0,1,0.5113865,0.5113865,0.95760375,0.110254474,0.110254474,1.0,2.701962e-12,2.4506596e-11,-26.292414,2.1067703,0.7022568,0.14400001,0.0,0.1203641,20.520056,20.550056,2195200
hardzero_plus_depr__c0p54__z1p05__lam0p030__nu0p50__psi1p00,hardzero_plus_depr,0.02,40,686,0.0,1,0.5113865,0.5113865,1.0596733,0.0,0.0871619,0.0,0.0,2.37823e-11,-27.20725,2.331328,0.7771093,0.136,0.0,0.13890284,20.550056,20.580057,2198400
hardzero_plus_depr__c0p54__z1p05__lam0p030__nu0p50__psi1p00,hardzero_plus_depr,0.02,40,687,0.0,1,0.5113865,0.5113865,1.0594004,0.0,0.087216675,0.0,0.0,2.3079412e-11,-27.739738,2.3307276,0.77690923,0.128,0.0,0.14107017,20.580057,20.610058,2201600
hardzero_plus_depr__c0p54__z1p05__lam0p030__nu0p50__psi1p00,hardzero_plus_depr,0.02,40,688,0.0,1,0.5113865,0.5113865,1.027346,0.09389748,0.09389748,1.0,2.1030497e-12,2.2397298e-11,-27.487497,2.2602065,0.7534022,0.104,0.0,0.13028699,20.610058,20.640059,2204800
hardzero_plus_depr__c0p54__z1p05__lam0p030__nu0p50__psi1p00,hardzero_plus_depr,0.02,40,689,0.0,1,0.5113865,0.5113865,1.0254742,0.094303064,0.094303064,1.0,2.0497094e-12,2.1735343e-11,-27.15743,2.2560883,0.7520294,0.13,0.0,0.17526169,20.640059,20.67006,2208000
hardzero_plus_depr__c0p54__z1p05__lam0p030__nu0p50__psi1p00,hardzero_plus_depr,0.02,40,690,0.0,1,0.5113865,0.5113865,1.0969387,0.0,0.07999471,0.0,0.0,2.1092952e-11,-28.268412,2.4133134,0.8044378,0.104,0.0,0.15227655,20.67006,20.70006,2211200
hardzero_plus_depr__c0p54__z1p05__lam0p030__nu0p50__psi1p00,hardzero_plus_depr,0.02,40,691,0.0,1,0.5113865,0.5113865,1.0288763,0.09356721,0.09356721,1.0,1.9152783e-12,2.0469546e-11,-27.778145,2.2635732,0.7545244,0.112,0.0,0.14999281,20.70006,20.73006,2214400
hardzero_plus_depr__c0p54__z1p05__lam0p030__nu0p50__psi1p00,hardzero_plus_depr,0.02,40,692,0.0,1,0.5113865,0.5113865,0.99879926,0.10027686,0.10027686,1.0,1.991956e-12,1.9864565e-11,-27.250622,2.1974022,0.7324674,0.2,0.0,0.12812951,20.73006,20.760061,2217600
hardzero_plus_depr__c0p54__z1p05__lam0p030__nu0p50__psi1p00,hardzero_plus_depr,0.02,40,693,0.0,1,0.5113865,0.5113865,1.051318,0.0,0.08885502,0.0,0.0,1.9277463e-11,-27.577208,2.3129458,0.77098197,0.17600001,0.0,0.15828475,20.760061,20.790062,2220800
hardzero_plus_depr__c0p54__z1p05__lam0p030__nu0p50__psi1p00,hardzero_plus_depr,0.02,40,694,0.0,1,0.5113865,0.5113865,1.0212276,0.095229685,0.095229685,1.0,1.7815301e-12,1.8707718e-11,-27.80661,2.2467456,0.7489152,0.15200001,0.0,0.16550444,20.790062,20.820063,2224000
hardzero_plus_depr__c0p54__z1p05__lam0p030__nu0p50__psi1p00,hardzero_plus_depr,0.02,40,695,0.0,1,0.5113865,0.5113865,1.0603825,0.0,0.08701969,0.0,0.0,1.8154808e-11,-27.874481,2.3328881,0.7776294,0.136,0.0,0.1929879,20.820063,20.850063,2227200
hardzero_plus_depr__c0p54__z1p05__lam0p030__nu0p50__psi1p00,hardzero_plus_depr,0.02,40,696,0.0,1,0.5113865,0.5113865,1.062937,0.0,0.086509325,0.0,0.0,1.761824e-11,-28.070206,2.3385081,0.77950275,0.120000005,0.0,0.20978881,20.850063,20.880064,2230400
hardzero_plus_depr__c0p54__z1p05__lam0p030__nu0p50__psi1p00,hardzero_plus_depr,0.02,40,697,0.0,1,0.5113865,0.5113865,1.0410402,0.090982914,0.090982914,1.0,1.5555831e-12,1.709753e-11,-26.156168,2.2903342,0.7634448,0.15200001,0.0,0.16061908,20.880064,20.910065,2233600
hardzero_plus_depr__c0p54__z1p05__lam0p030__nu0p50__psi1p00,hardzero_plus_depr,0.02,40,698,0.0,1,0.5113865,0.5113865,1.0496389,0.089199245,0.089199245,1.0,1.4800127e-12,1.6592212e-11,-27.302439,2.3092515,0.76975054,0.16800001,0.0,0.12259028,20.910065,20.940065,2236800
hardzero_plus_depr__c0p54__z1p05__lam0p030__nu0p50__psi1p00,hardzero_plus_depr,0.02,40,699,0.0,1,0.5113865,0.5113865,1.0004852,0.09988834,0.09988834,1.0,1.6083848e-12,1.6101826e-11,-27.326878,2.2011113,0.7337038,0.17600001,0.0,0.1346472,20.940065,20.970066,2240000
hardzero_plus_depr__c0p54__z1p05__lam0p030__nu0p50__psi1p00,hardzero_plus_depr,0.02,40,700,0.0,1,0.5113865,0.5113865,0.9901444,0.10229528,0.10229528,1.0,1.5984593e-12,1.5625935e-11,-26.823875,2.1783612,0.7261204,0.17600001,0.0,0.18317203,20.970066,21.000067,2243200
hardzero_plus_depr__c0p54__z1p05__lam0p030__nu0p50__psi1p00,hardzero_plus_depr,0.02,40,701,0.0,1,0.5113865,0.5113865,1.1175319,0.0,0.07629008,0.0,0.0,1.5164108e-11,-28.375708,2.4586194,0.8195398,0.104,0.0,0.16185004,21.000067,21.030067,2246400
hardzero_plus_depr__c0p54__z1p05__lam0p030__nu0p50__psi1p00,hardzero_plus_depr,0.02,40,702,0.0,1,0.5113865,0.5113865,1.0152371,0.09655236,0.09655236,1.0,1.4208579e-12,1.4715932e-11,-26.880829,2.2335663,0.7445221,0.19,0.0,0.1444942,21.030067,21.060068,2249600
hardzero_plus_depr__c0p54__z1p05__lam0p030__nu0p50__psi1p00,hardzero_plus_depr,0.02,40,703,0.0,1,0.5113865,0.5113865,0.9711785,0.10686156,0.10686156,1.0,1.52609e-12,1.4281001e-11,-26.510067,2.1366353,0.7122118,0.216,0.0,0.14003049,21.060068,21.090069,2252800
hardzero_plus_depr__c0p54__z1p05__lam0p030__nu0p50__psi1p00,hardzero_plus_depr,0.02,40,704,0.0,1,0.5113865,0.5113865,1.0449262,0.09017245,0.09017245,1.0,1.249693e-12,1.3858923e-11,-27.933413,2.2988834,0.7662945,0.15200001,0.0,0.12840058,21.090069,21.12007,2256000
hardzero_plus_depr__c0p54__z1p05__lam0p030__nu0p50__psi1p00,hardzero_plus_depr,0.02,40,705,0.0,1,0.5113865,0.5113865,1.0191674,0.09568252,0.09568252,1.0,1.2868648e-12,1.3449321e-11,-27.19008,2.242213,0.74740434,0.15200001,0.0,0.14177214,21.12007,21.15007,2259200
hardzero_plus_depr__c0p54__z1p05__lam0p030__nu0p50__psi1p00,hardzero_plus_depr,0.02,40,706,0.0,1,0.5113865,0.5113865,1.0120419,0.09726533,0.09726533,1.0,1.2694899e-12,1.30518235e-11,-26.72995,2.2265368,0.7421789,0.16000001,0.0,0.12475427,21.15007,21.18007,2262400
hardzero_plus_depr__c0p54__z1p05__lam0p030__nu0p50__psi1p00,hardzero_plus_depr,0.02,40,707,0.0,1,0.5113865,0.5113865,1.0538933,0.0,0.08832968,0.0,0.0,1.2666076e-11,-27.582268,2.3186116,0.77287054,0.16000001,0.0,0.15066426,21.18007,21.210072,2265600
hardzero_plus_depr__c0p54__z1p05__lam0p030__nu0p50__psi1p00,hardzero_plus_depr,0.02,40,708,0.0,1,0.5113865,0.5113865,1.1043788,0.0,0.07863595,0.0,0.0,1.22917275e-11,-28.710045,2.429682,0.809894,0.104,0.0,0.16561241,21.210072,21.240072,2268800
hardzero_plus_depr__c0p54__z1p05__lam0p030__nu0p50__psi1p00,hardzero_plus_depr,0.02,40,709,0.0,1,0.5113865,0.5113865,1.0431494,0.090542115,0.090542115,1.0,1.0800266e-12,1.1928444e-11,-27.619467,2.2949743,0.76499146,0.14400001,0.0,0.13907123,21.240072,21.270073,2272000
hardzero_plus_depr__c0p54__z1p05__lam0p030__nu0p50__psi1p00,hardzero_plus_depr,0.02,40,710,0.0,1,0.5113865,0.5113865,1.0398908,0.09122402,0.09122402,1.0,1.0559999e-12,1.1575897e-11,-27.653782,2.2878053,0.7626018,0.216,0.0,0.16288285,21.270073,21.300074,2275200
hardzero_plus_depr__c0p54__z1p05__lam0p030__nu0p50__psi1p00,hardzero_plus_depr,0.02,40,711,0.0,1,0.5113865,0.5113865,1.0602136,0.0,0.08705353,0.0,0.0,1.123377e-11,-27.817715,2.3325164,0.7775055,0.17600001,0.0,0.16654745,21.300074,21.330074,2278400
hardzero_plus_depr__c0p54__z1p05__lam0p030__nu0p50__psi1p00,hardzero_plus_depr,0.02,40,712,0.0,1,0.5113865,0.5113865,1.0362973,0.09198196,0.09198196,1.0,1.0027648e-12,1.0901755e-11,-27.746267,2.2798996,0.75996655,0.2,0.0,0.15232222,21.330074,21.360075,2281600
hardzero_plus_depr__c0p54__z1p05__lam0p030__nu0p50__psi1p00,hardzero_plus_depr,0.02,40,713,0.0,1,0.5113865,0.5113865,1.0443485,0.09029247,0.09029247,1.0,9.552538e-13,1.0579551e-11,-27.446766,2.2976124,0.7658708,0.23200001,0.0,0.17037837,21.360075,21.390076,2284800
hardzero_plus_depr__c0p54__z1p05__lam0p030__nu0p50__psi1p00,hardzero_plus_depr,0.02,40,714,0.0,1,0.5113865,0.5113865,1.0539237,0.0,0.088323504,0.0,0.0,1.0266872e-11,-27.563473,2.3186784,0.77289283,0.15200001,0.0,0.1622558,21.390076,21.420076,2288000
hardzero_plus_depr__c0p54__z1p05__lam0p030__nu0p50__psi1p00,hardzero_plus_depr,0.02,40,715,0.0,1,0.5113865,0.5113865,1.1474361,0.0,0.07121375,0.0,0.0,9.963433e-12,-29.66473,2.52441,0.84147,0.099999994,0.0,0.1478834,21.420076,21.450077,2291200
hardzero_plus_depr__c0p54__z1p05__lam0p030__nu0p50__psi1p00,hardzero_plus_depr,0.02,40,716,0.0,1,0.5113865,0.5113865,1.095163,0.0,0.08032245,0.0,0.0,9.668962e-12,-28.580109,2.4094067,0.8031356,0.120000005,0.0,0.15737258,21.450077,21.480078,2294400
hardzero_plus_depr__c0p54__z1p05__lam0p030__nu0p50__psi1p00,hardzero_plus_depr,0.02,40,717,0.0,1,0.5113865,0.5113865,1.096866,0.0,0.080008104,0.0,0.0,9.3831965e-12,-28.643272,2.4131534,0.80438447,0.104,0.0,0.14977098,21.480078,21.510078,2297600
hardzero_plus_depr__c0p54__z1p05__lam0p030__nu0p50__psi1p00,hardzero_plus_depr,0.02,40,718,0.0,1,0.5113865,0.5113865,1.034634,0.092334926,0.092334926,1.0,8.407902e-13,9.105874e-12,-27.648064,2.2762403,0.7587468,0.136,0.0,0.1449969,21.510078,21.54008,2300800
hardzero_plus_depr__c0p54__z1p05__lam0p030__nu0p50__psi1p00,hardzero_plus_depr,0.02,40,719,0.0,1,0.5113865,0.5113865,1.0501,0.0,0.08910457,0.0,0.0,8.836748e-12,-26.896423,2.310266,0.7700887,0.16000001,0.0,0.14149383,21.54008,21.57008,2304000
hardzero_plus_depr__c0p54__z1p05__lam0p030__nu0p50__psi1p00,hardzero_plus_depr,0.02,40,720,0.0,1,0.5113865,0.5113865,1.0361181,0.092019916,0.092019916,1.0,7.8912387e-13,8.575577e-12,-27.856209,2.2795055,0.7598352,0.14400001,0.0,0.16628098,21.57008,21.60008,2307200
hardzero_plus_depr__c0p54__z1p05__lam0p030__nu0p50__psi1p00,hardzero_plus_depr,0.02,40,721,0.0,1,0.5113865,0.5113865,1.0231824,0.094802015,0.094802015,1.0,7.8895424e-13,8.322125e-12,-27.754345,2.2510462,0.75034875,0.16800001,0.0,0.13601807,21.60008,21.630081,2310400
hardzero_plus_depr__c0p54__z1p05__lam0p030__nu0p50__psi1p00,hardzero_plus_depr,0.02,40,722,0.0,1,0.5113865,0.5113865,1.0505916,0.0,0.08900376,0.0,0.0,8.076164e-12,-27.098011,2.3113477,0.7704493,0.2,0.0,0.16328429,21.630081,21.660082,2313600
hardzero_plus_depr__c0p54__z1p05__lam0p030__nu0p50__psi1p00,hardzero_plus_depr,0.02,40,723,0.0,1,0.5113865,0.5113865,1.0683618,0.0,0.08543547,0.0,0.0,7.837472e-12,-27.964231,2.350443,0.783481,0.136,0.0,0.1734515,21.660082,21.690083,2316800
hardzero_plus_depr__c0p54__z1p05__lam0p030__nu0p50__psi1p00,hardzero_plus_depr,0.02,40,724,0.0,1,0.5113865,0.5113865,1.0865327,0.0,0.08193458,0.0,0.0,7.6058335e-12,-28.400822,2.3904197,0.7968066,0.112,0.0,0.15397036,21.690083,21.720083,2320000
hardzero_plus_depr__c0p54__z1p05__lam0p030__nu0p50__psi1p00,hardzero_plus_depr,0.02,40,725,0.0,1,0.5113865,0.5113865,1.0592291,0.0,0.08725108,0.0,0.0,7.381042e-12,-27.854525,2.3303506,0.7767836,0.128,0.0,0.15273361,21.720083,21.750084,2323200
hardzero_plus_depr__c0p54__z1p05__lam0p030__nu0p50__psi1p00,hardzero_plus_depr,0.02,40,726,0.0,1,0.5113865,0.5113865,1.0397277,0.09125828,0.09125828,1.0,6.536734e-13,7.1628944e-12,-26.851633,2.2874465,0.76248217,0.136,0.0,0.1222403,21.750084,21.780085,2326400
hardzero_plus_depr__c0p54__z1p05__lam0p030__nu0p50__psi1p00,hardzero_plus_depr,0.02,40,727,0.0,1,0.5113865,0.5113865,1.02242,0.09496858,0.09496858,1.0,6.6014506e-13,6.9511944e-12,-27.119244,2.2493691,0.7497897,0.15200001,0.0,0.14628115,21.780085,21.810085,2329600
hardzero_plus_depr__c0p54__z1p05__lam0p030__nu0p50__psi1p00,hardzero_plus_depr,0.02,40,728,0.0,1,0.5113865,0.5113865,1.000767,0.09982356,0.09982356,1.0,6.7338485e-13,6.745751e-12,-26.676949,2.2017314,0.7339105,0.17999999,0.0,0.13459326,21.810085,21.840086,2332800
hardzero_plus_depr__c0p54__z1p05__lam0p030__nu0p50__psi1p00,hardzero_plus_depr,0.02,40,729,0.0,1,0.5113865,0.5113865,1.0142442,0.09677335,0.09677335,1.0,6.3351505e-13,6.5463793e-12,-26.951405,2.231382,0.74379396,0.16000001,0.0,0.14049602,21.840086,21.870087,2336000
hardzero_plus_depr__c0p54__z1p05__lam0p030__nu0p50__psi1p00,hardzero_plus_depr,0.02,40,730,0.0,1,0.5113865,0.5113865,1.122377,0.0,0.075443685,0.0,0.0,6.3529004e-12,-28.78553,2.4692788,0.82309294,0.120000005,0.0,0.1661063,21.870087,21.900087,2339200
hardzero_plus_depr__c0p54__z1p05__lam0p030__nu0p50__psi1p00,hardzero_plus_depr,0.02,40,731,0.0,1,0.5113865,0.5113865,1.0865463,0.0,0.081932016,0.0,0.0,6.1651396e-12,-28.191956,2.3904495,0.7968165,0.128,0.0,0.18977776,21.900087,21.930088,2342400
hardzero_plus_depr__c0p54__z1p05__lam0p030__nu0p50__psi1p00,hardzero_plus_depr,0.02,40,732,0.0,1,0.5113865,0.5113865,1.0146636,0.09667995,0.09667995,1.0,5.784291e-13,5.9829277e-12,-27.239769,2.2323043,0.74410146,0.16000001,0.0,0.13901377,21.930088,21.960089,2345600
hardzero_plus_depr__c0p54__z1p05__lam0p030__nu0p50__psi1p00,hardzero_plus_depr,0.02,40,733,0.0,1,0.5113865,0.5113865,1.056386,0.0,0.087824166,0.0,0.0,5.806101e-12,-28.103186,2.3240955,0.7746985,0.104,0.0,0.16510153,21.960089,21.99009,2348800
hardzero_plus_depr__c0p54__z1p05__lam0p030__nu0p50__psi1p00,hardzero_plus_depr,0.02,40,734,0.0,1,0.5113865,0.5113865,1.0664707,0.0,0.08580829,0.0,0.0,5.6345015e-12,-28.36553,2.3462825,0.7820942,0.14400001,0.0,0.15901886,21.99009,22.02009,2352000
hardzero_plus_depr__c0p54__z1p05__lam0p030__nu0p50__psi1p00,hardzero_plus_depr,0.02,40,735,0.0,1,0.5113865,0.5113865,1.0332255,0.09263485,0.09263485,1.0,5.065249e-13,5.4679733e-12,-27.845922,2.2731416,0.7577139,0.2,0.008,0.18481998,22.02009,22.05009,2355200
hardzero_plus_depr__c0p54__z1p05__lam0p030__nu0p50__psi1p00,hardzero_plus_depr,0.02,40,736,0.0,1,0.5113865,0.5113865,1.0554025,0.0,0.08802327,0.0,0.0,5.3063665e-12,-27.465794,2.3219318,0.7739773,0.128,0.0,0.15202,22.05009,22.080091,2358400
hardzero_plus_depr__c0p54__z1p05__lam0p030__nu0p50__psi1p00,hardzero_plus_depr,0.02,40,737,0.0,1,0.5113865,0.5113865,0.992352,0.1017766,0.1017766,1.0,5.241023e-13,5.149536e-12,-25.9083,2.183218,0.72773933,0.136,0.0,0.12456312,22.080091,22.110092,2361600
hardzero_plus_depr__c0p54__z1p05__lam0p030__nu0p50__psi1p00,hardzero_plus_depr,0.02,40,738,0.0,1,0.5113865,0.5113865,0.99148166,0.101980776,0.101980776,1.0,5.096327e-13,4.9973406e-12,-25.99853,2.1813033,0.7271011,0.15200001,0.0,0.122636795,22.110092,22.140093,2364800
hardzero_plus_depr__c0p54__z1p05__lam0p030__nu0p50__psi1p00,hardzero_plus_depr,0.02,40,739,0.0,1,0.5113865,0.5113865,1.082989,0.0,0.08260589,0.0,0.0,4.849644e-12,-27.885742,2.3826232,0.79420775,0.112,0.0,0.1695606,22.140093,22.170094,2368000
hardzero_plus_depr__c0p54__z1p05__lam0p030__nu0p50__psi1p00,hardzero_plus_depr,0.02,40,740,0.0,1,0.5113865,0.5113865,1.0284455,0.09366008,0.09366008,1.0,4.4079353e-13,4.7063117e-12,-27.71029,2.2626252,0.75420845,0.192,0.0,0.12460063,22.170094,22.200094,2371200
hardzero_plus_depr__c0p54__z1p05__lam0p030__nu0p50__psi1p00,hardzero_plus_depr,0.02,40,741,0.0,1,0.5113865,0.5113865,1.0589896,0.0,0.08729921,0.0,0.0,4.567216e-12,-28.186079,2.3298237,0.77660793,0.14999999,0.0,0.15206814,22.200094,22.230095,2374400
hardzero_plus_depr__c0p54__z1p05__lam0p030__nu0p50__psi1p00,hardzero_plus_depr,0.02,40,742,0.0,1,0.5113865,0.5113865,1.0157305,0.09644273,0.09644273,1.0,4.274565e-13,4.4322315e-12,-26.711164,2.2346518,0.74488395,0.2,0.0,0.14565283,22.230095,22.260096,2377600
hardzero_plus_depr__c0p54__z1p05__lam0p030__nu0p50__psi1p00,hardzero_plus_depr,0.02,40,743,0.0,1,0.5113865,0.5113865,1.0815543,0.0,0.08287923,0.0,0.0,4.3012365e-12,-28.256857,2.379467,0.79315567,0.112,0.0,0.14206503,22.260096,22.290096,2380800
hardzero_plus_depr__c0p54__z1p05__lam0p030__nu0p50__psi1p00,hardzero_plus_depr,0.02,40,744,0.0,1,0.5113865,0.5113865,1.0519235,0.0,0.08873122,0.0,0.0,4.1741124e-12,-27.02612,2.314278,0.77142596,0.104,0.0,0.1505626,22.290096,22.320097,2384000
hardzero_plus_depr__c0p54__z1p05__lam0p030__nu0p50__psi1p00,hardzero_plus_depr,0.02,40,745,0.0,1,0.5113865,0.5113865,1.0627407,0.0,0.086548455,0.0,0.0,4.0507463e-12,-28.280998,2.338076,0.77935874,0.080000006,0.0,0.14036348,22.320097,22.350098,2387200
hardzero_plus_depr__c0p54__z1p05__lam0p030__nu0p50__psi1p00,hardzero_plus_depr,0.02,40,746,0.0,1,0.5113865,0.5113865,1.0334424,0.09258861,0.09258861,1.0,3.6396821e-13,3.9310256e-12,-26.425837,2.2736187,0.75787294,0.16000001,0.0,0.14753741,22.350098,22.380098,2390400
hardzero_plus_depr__c0p54__z1p05__lam0p030__nu0p50__psi1p00,hardzero_plus_depr,0.02,40,747,0.0,1,0.5113865,0.5113865,1.0597045,0.0,0.087155625,0.0,0.0,3.814844e-12,-28.502098,2.3313966,0.7771322,0.104,0.0,0.14856905,22.380098,22.410099,2393600
hardzero_plus_depr__c0p54__z1p05__lam0p030__nu0p50__psi1p00,hardzero_plus_depr,0.02,40,748,0.0,1,0.5113865,0.5113865,0.9706906,0.10698169,0.10698169,1.0,3.9605648e-13,3.702096e-12,-25.962496,2.135562,0.711854,0.17600001,0.0,0.12387324,22.410099,22.4401,2396800
hardzero_plus_depr__c0p54__z1p05__lam0p030__nu0p50__psi1p00,hardzero_plus_depr,0.02,40,749,0.0,1,0.5113865,0.5113865,1.0791489,0.0,0.08333953,0.0,0.0,3.5926798e-12,-28.452175,2.3741748,0.7913916,0.14400001,0.0,0.1891671,22.4401,22.4701,2400000
hardzero_plus_depr__c0p54__z1p05__lam0p030__nu0p50__psi1p00,hardzero_plus_depr,0.02,40,750,0.0,1,0.5113865,0.5113865,0.96123934,0.109335355,0.109335355,1.0,3.8119746e-13,3.4864978e-12,-26.521006,2.1147687,0.7049229,0.23200001,0.0,0.12880982,22.4701,22.500101,2403200
hardzero_plus_depr__c0p54__z1p05__lam0p030__nu0p50__psi1p00,hardzero_plus_depr,0.02,40,751,0.0,1,0.5113865,0.5113865,1.0467489,0.08979478,0.08979478,1.0,3.0381646e-13,3.3834537e-12,-27.761448,2.3028934,0.7676312,0.136,0.0,0.14274283,22.500101,22.530102,2406400
hardzero_plus_depr__c0p54__z1p05__lam0p030__nu0p50__psi1p00,hardzero_plus_depr,0.02,40,752,0.0,1,0.5113865,0.5113865,1.085065,0.0,0.08221196,0.0,0.0,3.2834553e-12,-27.403744,2.3871906,0.79573023,0.048,0.0,0.14110626,22.530102,22.560102,2409600
hardzero_plus_depr__c0p54__z1p05__lam0p030__nu0p50__psi1p00,hardzero_plus_depr,0.02,40,753,0.0,1,0.5113865,0.5113865,1.0751845,0.0,0.084103785,0.0,0.0,3.1864125e-12,-28.09068,2.365453,0.78848433,0.128,0.0,0.16943492,22.560102,22.590103,2412800
hardzero_plus_depr__c0p54__z1p05__lam0p030__nu0p50__psi1p00,hardzero_plus_depr,0.02,40,754,0.0,1,0.5113865,0.5113865,0.9664358,0.108034916,0.108034916,1.0,3.340696e-13,3.0922374e-12,-26.824945,2.1262012,0.70873374,0.12,0.0,0.14696197,22.590103,22.620104,2416000
hardzero_plus_depr__c0p54__z1p05__lam0p030__nu0p50__psi1p00,hardzero_plus_depr,0.02,40,755,0.0,1,0.5113865,0.5113865,1.0620866,0.0,0.0866789,0.0,0.0,3.0008459e-12,-28.326202,2.3366373,0.7788791,0.136,0.0,0.14317672,22.620104,22.650105,2419200
hardzero_plus_depr__c0p54__z1p05__lam0p030__nu0p50__psi1p00,hardzero_plus_depr,0.02,40,756,0.0,1,0.5113865,0.5113865,1.0721867,0.0,0.08468631,0.0,0.0,2.9121558e-12,-27.015032,2.3588579,0.786286,0.15200001,0.0,0.13917854,22.650105,22.680105,2422400
hardzero_plus_depr__c0p54__z1p05__lam0p030__nu0p50__psi1p00,hardzero_plus_depr,0.02,40,757,0.0,1,0.5113865,0.5113865,1.0839053,0.0,0.08243178,0.0,0.0,2.8260866e-12,-28.386587,2.3846393,0.7948798,0.136,0.0,0.14431562,22.680105,22.710106,2425600
hardzero_plus_depr__c0p54__z1p05__lam0p030__nu0p50__psi1p00,hardzero_plus_depr,0.02,40,758,0.0,1,0.5113865,0.5113865,1.0175078,0.096048854,0.096048854,1.0,2.6341985e-13,2.7425612e-12,-26.989904,2.2385619,0.7461873,0.17600001,0.0,0.15866911,22.710106,22.740107,2428800
hardzero_plus_depr__c0p54__z1p05__lam0p030__nu0p50__psi1p00,hardzero_plus_depr,0.02,40,759,0.0,1,0.5113865,0.5113865,0.99287045,0.10165518,0.10165518,1.0,2.7055569e-13,2.6615043e-12,-25.876348,2.1843586,0.72811955,0.128,0.0,0.14193021,22.740107,22.770107,2432000
hardzero_plus_depr__c0p54__z1p05__lam0p030__nu0p50__psi1p00,hardzero_plus_depr,0.02,40,760,0.0,1,0.5113865,0.5113865,1.0067297,0.098462366,0.098462366,1.0,2.5431282e-13,2.582843e-12,-26.894003,2.2148497,0.7382833,0.192,0.0,0.14369382,22.770107,22.800108,2435200
hardzero_plus_depr__c0p54__z1p05__lam0p030__nu0p50__psi1p00,hardzero_plus_depr,0.02,40,761,0.0,1,0.5113865,0.5113865,1.0324062,0.09280978,0.09280978,1.0,2.3262837e-13,2.506507e-12,-27.323738,2.271339,0.757113,0.15200001,0.0,0.17595828,22.800108,22.830109,2438400
hardzero_plus_depr__c0p54__z1p05__lam0p030__nu0p50__psi1p00,hardzero_plus_depr,0.02,40,762,0.0,1,0.5113865,0.5113865,1.0363938,0.09196153,0.09196153,1.0,2.2368972e-13,2.432427e-12,-27.275246,2.2801118,0.7600373,0.112,0.0,0.16403817,22.830109,22.86011,2441600
hardzero_plus_depr__c0p54__z1p05__lam0p030__nu0p50__psi1p00,hardzero_plus_depr,0.02,40,763,0.0,1,0.5113865,0.5113865,0.99140584,0.101998575,0.101998575,1.0,2.407713e-13,2.3605358e-12,-26.089792,2.1811364,0.7270455,0.17600001,0.0,0.13619433,22.86011,22.89011,2444800
hardzero_plus_depr__c0p54__z1p05__lam0p030__nu0p50__psi1p00,hardzero_plus_depr,0.02,40,764,0.0,1,0.5113865,0.5113865,0.9926087,0.10171646,0.10171646,1.0,2.3300903e-13,2.2907702e-12,-27.108356,2.1837828,0.7279276,0.120000005,0.0,0.12900323,22.89011,22.92011,2448000
hardzero_plus_depr__c0p54__z1p05__lam0p030__nu0p50__psi1p00,hardzero_plus_depr,0.02,40,765,0.0,1,0.5113865,0.5113865,1.0138481,0.09686167,0.09686167,1.0,2.1532991e-13,2.2230663e-12,-27.263945,2.2305102,0.74350345,0.192,0.0,0.15598333,22.92011,22.950111,2451200
hardzero_plus_depr__c0p54__z1p05__lam0p030__nu0p50__psi1p00,hardzero_plus_depr,0.02,40,766,0.0,1,0.5113865,0.5113865,1.0742679,0.0,0.084281474,0.0,0.0,2.157363e-12,-27.861729,2.3634365,0.7878122,0.15200001,0.0,0.17438114,22.950111,22.980112,2454400
hardzero_plus_depr__c0p54__z1p05__lam0p030__nu0p50__psi1p00,hardzero_plus_depr,0.02,40,767,0.0,1,0.5113865,0.5113865,0.95980775,0.10969636,0.10969636,1.0,2.296605e-13,2.093602e-12,-26.065859,2.1116192,0.7038731,0.17999999,0.0,0.12864748,22.980112,23.010113,2457600
hardzero_plus_depr__c0p54__z1p05__lam0p030__nu0p50__psi1p00,hardzero_plus_depr,0.02,40,768,0.0,1,0.5113865,0.5113865,1.0094889,0.097838774,0.097838774,1.0,1.9878153e-13,2.0317255e-12,-26.829351,2.22092,0.74030674,0.16000001,0.0,0.15165734,23.010113,23.040113,2460800
hardzero_plus_depr__c0p54__z1p05__lam0p030__nu0p50__psi1p00,hardzero_plus_depr,0.02,40,769,0.0,1,0.5113865,0.5113865,1.0261525,0.09415589,0.09415589,1.0,1.8564504e-13,1.9716774e-12,-27.81799,2.2575805,0.7525269,0.17600001,0.0,0.16972652,23.040113,23.070114,2464000
hardzero_plus_depr__c0p54__z1p05__lam0p030__nu0p50__psi1p00,hardzero_plus_depr,0.02,40,770,0.0,1,0.5113865,0.5113865,1.0782893,0.0,0.083504654,0.0,0.0,1.9134043e-12,-27.569662,2.3722837,0.79076123,0.08800001,0.0,0.1390975,23.070114,23.100115,2467200
hardzero_plus_depr__c0p54__z1p05__lam0p030__nu0p50__psi1p00,hardzero_plus_depr,0.02,40,771,0.0,1,0.5113865,0.5113865,1.0123577,0.09719462,0.09719462,1.0,1.8047614e-13,1.8568532e-12,-26.292906,2.2272315,0.74241054,0.16800001,0.0,0.15053764,23.100115,23.130116,2470400
hardzero_plus_depr__c0p54__z1p05__lam0p030__nu0p50__psi1p00,hardzero_plus_depr,0.02,40,772,0.0,1,0.5113865,0.5113865,1.0263227,0.094119,0.094119,1.0,1.6959997e-13,1.8019738e-12,-27.363714,2.257955,0.7526517,0.128,0.0,0.1432052,23.130116,23.160116,2473600
hardzero_plus_depr__c0p54__z1p05__lam0p030__nu0p50__psi1p00,hardzero_plus_depr,0.02,40,773,0.0,1,0.5113865,0.5113865,0.9848889,0.103540696,0.103540696,1.0,1.8106331e-13,1.7487163e-12,-27.525185,2.1667988,0.7222663,0.208,0.0,0.17152995,23.160116,23.190117,2476800
hardzero_plus_depr__c0p54__z1p05__lam0p030__nu0p50__psi1p00,hardzero_plus_depr,0.02,40,774,0.0,1,0.5113865,0.5113865,1.0366877,0.091899306,0.091899306,1.0,1.5595611e-13,1.6970326e-12,-28.319506,2.2807586,0.7602529,0.112,0.0,0.17202197,23.190117,23.220118,2480000
hardzero_plus_depr__c0p54__z1p05__lam0p030__nu0p50__psi1p00,hardzero_plus_depr,0.02,40,775,0.0,1,0.5113865,0.5113865,1.01451,0.09671413,0.09671413,1.0,1.5927624e-13,1.6468765e-12,-26.58427,2.2319667,0.74398893,0.208,0.0,0.12694132,23.220118,23.250118,2483200
hardzero_plus_depr__c0p54__z1p05__lam0p030__nu0p50__psi1p00,hardzero_plus_depr,0.02,40,776,0.0,1,0.5113865,0.5113865,1.0182859,0.09587694,0.09587694,1.0,1.5323081e-13,1.5982029e-12,-26.800072,2.2402737,0.7467579,0.120000005,0.0,0.14190811,23.250118,23.280119,2486400
hardzero_plus_depr__c0p54__z1p05__lam0p030__nu0p50__psi1p00,hardzero_plus_depr,0.02,40,777,0.0,1,0.5113865,0.5113865,1.0675689,0.0,0.085591584,0.0,0.0,1.5509679e-12,-28.433723,2.3486984,0.7828995,0.14400001,0.0,0.15883309,23.280119,23.31012,2489600
hardzero_plus_depr__c0p54__z1p05__lam0p030__nu0p50__psi1p00,hardzero_plus_depr,0.02,40,778,0.0,1,0.5113865,0.5113865,1.0515507,0.0,0.08880741,0.0,0.0,1.5051288e-12,-27.923563,2.3134577,0.7711526,0.104,0.0,0.15206636,23.31012,23.34012,2492800
hardzero_plus_depr__c0p54__z1p05__lam0p030__nu0p50__psi1p00,hardzero_plus_depr,0.02,40,779,0.0,1,0.5113865,0.5113865,1.0380683,0.09160763,0.09160763,1.0,1.338062e-13,1.4606446e-12,-26.526075,2.2837958,0.7612653,0.120000005,0.0,0.17750144,23.34012,23.370121,2496000
hardzero_plus_depr__c0p54__z1p05__lam0p030__nu0p50__psi1p00,hardzero_plus_depr,0.02,40,780,0.0,1,0.5113865,0.5113865,1.055926,0.0,0.08791723,0.0,0.0,1.4174749e-12,-27.795567,2.3230836,0.77436125,0.19,0.0,0.15515031,23.370121,23.400122,2499200
hardzero_plus_depr__c0p54__z1p05__lam0p030__nu0p50__psi1p00,hardzero_plus_depr,0.02,40,781,0.0,1,0.5113865,0.5113865,1.0588253,0.0,0.08733227,0.0,0.0,1.3755813e-12,-27.781494,2.329462,0.77648735,0.104,0.0,0.13981964,23.400122,23.430122,2502400
hardzero_plus_depr__c0p54__z1p05__lam0p030__nu0p50__psi1p00,hardzero_plus_depr,0.02,40,782,0.0,1,0.5113865,0.5113865,0.9781627,0.10515679,0.10515679,1.0,1.4037652e-13,1.3349259e-12,-26.317978,2.152001,0.7173337,0.16800001,0.0,0.13089114,23.430122,23.460123,2505600
hardzero_plus_depr__c0p54__z1p05__lam0p030__nu0p50__psi1p00,hardzero_plus_depr,0.02,40,783,0.0,1,0.5113865,0.5113865,1.0619926,0.0,0.08669765,0.0,0.0,1.2954719e-12,-28.813965,2.3364305,0.7788102,0.18400002,0.0,0.16120672,23.460123,23.490124,2508800
hardzero_plus_depr__c0p54__z1p05__lam0p030__nu0p50__psi1p00,hardzero_plus_depr,0.02,40,784,0.0,1,0.5113865,0.5113865,1.0509938,0.0,0.088921376,0.0,0.0,1.257184e-12,-28.12386,2.3122325,0.7707442,0.136,0.0,0.19060037,23.490124,23.520124,2512000
hardzero_plus_depr__c0p54__z1p05__lam0p030__nu0p50__psi1p00,hardzero_plus_depr,0.02,40,785,0.0,1,0.5113865,0.5113865,1.0534407,0.0,0.0884218,0.0,0.0,1.2200278e-12,-27.85961,2.3176157,0.7725386,0.104,0.0,0.14280026,23.520124,23.550125,2515200
hardzero_plus_depr__c0p54__z1p05__lam0p030__nu0p50__psi1p00,hardzero_plus_depr,0.02,40,786,0.0,1,0.5113865,0.5113865,1.0109022,0.09752093,0.09752093,1.0,1.1546183e-13,1.1839697e-12,-26.915527,2.2240293,0.74134314,0.16800001,0.0,0.14485799,23.550125,23.580126,2518400
hardzero_plus_depr__c0p54__z1p05__lam0p030__nu0p50__psi1p00,hardzero_plus_depr,0.02,40,787,0.0,1,0.5113865,0.5113865,1.0222651,0.09500248,0.09500248,1.0,1.0915569e-13,1.1489773e-12,-26.945469,2.2490282,0.7496761,0.120000005,0.0,0.113980815,23.580126,23.610126,2521600
hardzero_plus_depr__c0p54__z1p05__lam0p030__nu0p50__psi1p00,hardzero_plus_depr,0.02,40,788,0.0,1,0.5113865,0.5113865,1.0210029,0.09527899,0.09527899,1.0,1.0623791e-13,1.1150192e-12,-27.06091,2.246251,0.7487504,0.17600001,0.0,0.13716184,23.610126,23.640127,2524800
hardzero_plus_depr__c0p54__z1p05__lam0p030__nu0p50__psi1p00,hardzero_plus_depr,0.02,40,789,0.0,1,0.5113865,0.5113865,1.014938,0.09661888,0.09661888,1.0,1.0454788e-13,1.0820647e-12,-26.711239,2.2329082,0.74430275,0.120000005,0.0,0.13129613,23.640127,23.670128,2528000
hardzero_plus_depr__c0p54__z1p05__lam0p030__nu0p50__psi1p00,hardzero_plus_depr,0.02,40,790,0.0,1,0.5113865,0.5113865,0.9786993,0.10502692,0.10502692,1.0,1.102871e-13,1.0500841e-12,-26.88617,2.1531816,0.7177272,0.208,0.0,0.15558848,23.670128,23.700129,2531200
hardzero_plus_depr__c0p54__z1p05__lam0p030__nu0p50__psi1p00,hardzero_plus_depr,0.02,40,791,0.0,1,0.5113865,0.5113865,1.0161536,0.09634882,0.09634882,1.0,9.8184136e-14,1.0190487e-12,-27.362324,2.2355826,0.7451942,0.216,0.0,0.14293729,23.700129,23.73013,2534400
hardzero_plus_depr__c0p54__z1p05__lam0p030__nu0p50__psi1p00,hardzero_plus_depr,0.02,40,792,0.0,1,0.5113865,0.5113865,1.0197866,0.09554619,0.09554619,1.0,9.4488545e-14,9.889305e-13,-26.79877,2.2435753,0.74785846,0.120000005,0.0,0.12699234,23.73013,23.76013,2537600
hardzero_plus_depr__c0p54__z1p05__lam0p030__nu0p50__psi1p00,hardzero_plus_depr,0.02,40,793,0.0,1,0.5113865,0.5113865,1.0346185,0.092338204,0.092338204,1.0,8.861721e-14,9.597026e-13,-26.600222,2.2762063,0.7587354,0.16,0.0,0.17339356,23.76013,23.79013,2540800
hardzero_plus_depr__c0p54__z1p05__lam0p030__nu0p50__psi1p00,hardzero_plus_depr,0.02,40,794,0.0,1,0.5113865,0.5113865,1.0773458,0.0,0.08368626,0.0,0.0,9.313384e-13,-28.063553,2.3702083,0.79006946,0.2,0.0,0.1590054,23.79013,23.820131,2544000
hardzero_plus_depr__c0p54__z1p05__lam0p030__nu0p50__psi1p00,hardzero_plus_depr,0.02,40,795,0.0,1,0.5113865,0.5113865,1.0062493,0.09857135,0.09857135,1.0,8.909003e-14,9.038126e-13,-27.742044,2.2137926,0.7379309,0.17600001,0.0,0.1356461,23.820131,23.850132,2547200
hardzero_plus_depr__c0p54__z1p05__lam0p030__nu0p50__psi1p00,hardzero_plus_depr,0.02,40,796,0.0,1,0.5113865,0.5113865,1.0503778,0.0,0.089047596,0.0,0.0,8.771003e-13,-27.812572,2.3108773,0.77029246,0.17600001,0.0,0.154938,23.850132,23.880133,2550400
hardzero_plus_depr__c0p54__z1p05__lam0p030__nu0p50__psi1p00,hardzero_plus_depr,0.02,40,797,0.0,1,0.5113865,0.5113865,1.1268638,0.0,0.07466829,0.0,0.0,8.511774e-13,-28.309107,2.47915,0.82638335,0.112,0.0,0.16655304,23.880133,23.910133,2553600
hardzero_plus_depr__c0p54__z1p05__lam0p030__nu0p50__psi1p00,hardzero_plus_depr,0.02,40,798,0.0,1,0.5113865,0.5113865,1.0125735,0.09714637,0.09714637,1.0,8.024493e-14,8.2602084e-13,-26.524046,2.2277062,0.74256873,0.128,0.0,0.14448781,23.910133,23.940134,2556800
hardzero_plus_depr__c0p54__z1p05__lam0p030__nu0p50__psi1p00,hardzero_plus_depr,0.02,40,799,0.0,1,0.5113865,0.5113865,1.0216246,0.0951427,0.0951427,1.0,7.626712e-14,8.016077e-13,-27.35199,2.247619,0.7492063,0.08800001,0.0,0.15481316,23.940134,23.970135,2560000
hardzero_plus_depr__c0p54__z1p05__lam0p030__nu0p50__psi1p00,hardzero_plus_depr,0.02,40,800,0.0,1,0.5113865,0.5113865,1.0222185,0.09501268,0.09501268,1.0,7.3911885e-14,7.7791603e-13,-27.401297,2.2489254,0.74964184,0.16800001,0.0,0.15755942,23.970135,24.000135,2563200
hardzero_plus_depr__c0p54__z1p05__lam0p030__nu0p50__psi1p00,hardzero_plus_depr,0.02,40,801,0.0,1,0.5113865,0.5113865,1.0639566,0.0,0.08630646,0.0,0.0,7.5492466e-13,-28.093483,2.3407512,0.78025043,0.15200001,0.0,0.1527896,24.000135,24.030136,2566400
hardzero_plus_depr__c0p54__z1p05__lam0p030__nu0p50__psi1p00,hardzero_plus_depr,0.02,40,802,0.0,1,0.5113865,0.5113865,0.98980284,0.102375776,0.102375776,1.0,7.500179e-14,7.326127e-13,-26.317156,2.1776097,0.7258699,0.208,0.0,0.13992557,24.030136,24.060137,2569600
hardzero_plus_depr__c0p54__z1p05__lam0p030__nu0p50__psi1p00,hardzero_plus_depr,0.02,40,803,0.0,1,0.5113865,0.5113865,0.99881196,0.10027394,0.10027394,1.0,7.129079e-14,7.109603e-13,-26.9381,2.1974301,0.7324767,0.192,0.0,0.15686768,24.060137,24.090137,2572800
hardzero_plus_depr__c0p54__z1p05__lam0p030__nu0p50__psi1p00,hardzero_plus_depr,0.02,40,804,0.0,1,0.5113865,0.5113865,1.0579504,0.0,0.087508366,0.0,0.0,6.8994783e-13,-27.884253,2.3275373,0.77584577,0.18400002,0.0,0.14221944,24.090137,24.120138,2576000
hardzero_plus_depr__c0p54__z1p05__lam0p030__nu0p50__psi1p00,hardzero_plus_depr,0.02,40,805,0.0,1,0.5113865,0.5113865,1.0213156,0.09521041,0.09521041,1.0,6.374873e-14,6.6955626e-13,-26.813599,2.2469392,0.74897975,0.136,0.0,0.14569798,24.120138,24.150139,2579200
hardzero_plus_depr__c0p54__z1p05__lam0p030__nu0p50__psi1p00,hardzero_plus_depr,0.02,40,806,0.0,1,0.5113865,0.5113865,1.027274,0.09391306,0.09391306,1.0,6.102165e-14,6.4976746e-13,-26.932077,2.260048,0.7533493,0.14,0.0,0.15268095,24.150139,24.18014,2582400
hardzero_plus_depr__c0p54__z1p05__lam0p030__nu0p50__psi1p00,hardzero_plus_depr,0.02,40,807,0.0,1,0.5113865,0.5113865,1.004406,0.09899061,0.09899061,1.0,6.241987e-14,6.305635e-13,-27.526535,2.2097373,0.7365791,0.136,0.008,0.1227444,24.18014,24.21014,2585600
hardzero_plus_depr__c0p54__z1p05__lam0p030__nu0p50__psi1p00,hardzero_plus_depr,0.02,40,808,0.0,1,0.5113865,0.5113865,0.9669606,0.10790446,0.10790446,1.0,6.602966e-14,6.1192707e-13,-26.421228,2.1273558,0.7091186,0.17600001,0.0,0.13516259,24.21014,24.24014,2588800
hardzero_plus_depr__c0p54__z1p05__lam0p030__nu0p50__psi1p00,hardzero_plus_depr,0.02,40,809,0.0,1,0.5113865,0.5113865,1.042261,0.0907275,0.0907275,1.0,5.3877753e-14,5.938415e-13,-27.417503,2.29302,0.76434004,0.16000001,0.0,0.15626788,24.24014,24.270142,2592000
hardzero_plus_depr__c0p54__z1p05__lam0p030__nu0p50__psi1p00,hardzero_plus_depr,0.02,40,810,0.0,1,0.5113865,0.5113865,1.0557944,0.0,0.087943874,0.0,0.0,5.762904e-13,-28.235676,2.322794,0.7742647,0.192,0.0,0.15523882,24.270142,24.300142,2595200
hardzero_plus_depr__c0p54__z1p05__lam0p030__nu0p50__psi1p00,hardzero_plus_depr,0.02,40,811,0.0,1,0.5113865,0.5113865,1.0735896,0.0,0.084413216,0.0,0.0,5.592581e-13,-27.31431,2.3619442,0.7873148,0.16000001,0.0,0.171466,24.300142,24.330143,2598400
hardzero_plus_depr__c0p54__z1p05__lam0p030__nu0p50__psi1p00,hardzero_plus_depr,0.02,40,812,0.0,1,0.5113865,0.5113865,1.0278803,0.09378204,0.09378204,1.0,5.089824e-14,5.427291e-13,-26.993221,2.2613819,0.75379395,0.18400002,0.0,0.1434187,24.330143,24.360144,2601600
hardzero_plus_depr__c0p54__z1p05__lam0p030__nu0p50__psi1p00,hardzero_plus_depr,0.02,40,813,0.0,1,0.5113865,0.5113865,1.0602059,0.0,0.08705507,0.0,0.0,5.266887e-13,-27.397049,2.3324995,0.77749985,0.16000001,0.0,0.15322584,24.360144,24.390144,2604800
hardzero_plus_depr__c0p54__z1p05__lam0p030__nu0p50__psi1p00,hardzero_plus_depr,0.02,40,814,0.0,1,0.5113865,0.5113865,1.0711037,0.0,0.08489777,0.0,0.0,5.111224e-13,-27.48523,2.356475,0.7854917,0.120000005,0.0,0.14697583,24.390144,24.420145,2608000
hardzero_plus_depr__c0p54__z1p05__lam0p030__nu0p50__psi1p00,hardzero_plus_depr,0.02,40,815,0.0,1,0.5113865,0.5113865,1.0779673,0.0,0.08356659,0.0,0.0,4.9601604e-13,-28.806185,2.3715754,0.79052514,0.16000001,0.0,0.17728002,24.420145,24.450146,2611200
hardzero_plus_depr__c0p54__z1p05__lam0p030__nu0p50__psi1p00,hardzero_plus_depr,0.02,40,816,0.0,1,0.5113865,0.5113865,1.0362866,0.09198422,0.09198422,1.0,4.427718e-14,4.813563e-13,-27.02234,2.279876,0.7599587,0.136,0.0,0.13560295,24.450146,24.480146,2614400
hardzero_plus_depr__c0p54__z1p05__lam0p030__nu0p50__psi1p00,hardzero_plus_depr,0.02,40,817,0.0,1,0.5113865,0.5113865,0.99063295,0.10218027,0.10218027,1.0,4.7731438e-14,4.671297e-13,-25.704922,2.179436,0.7264787,0.096,0.0,0.13006632,24.480146,24.510147,2617600
hardzero_plus_depr__c0p54__z1p05__lam0p030__nu0p50__psi1p00,hardzero_plus_depr,0.02,40,818,0.0,1,0.5113865,0.5113865,1.0466136,0.08982276,0.08982276,1.0,4.071878e-14,4.5332363e-13,-27.872087,2.3025959,0.767532,0.16000001,0.0,0.12804654,24.510147,24.540148,2620800
hardzero_plus_depr__c0p54__z1p05__lam0p030__nu0p50__psi1p00,hardzero_plus_depr,0.02,40,819,0.0,1,0.5113865,0.5113865,1.0995743,0.0,0.07951072,0.0,0.0,4.3992558e-13,-28.945364,2.4191117,0.8063706,0.14,0.0,0.14589715,24.540148,24.570148,2624000
hardzero_plus_depr__c0p54__z1p05__lam0p030__nu0p50__psi1p00,hardzero_plus_depr,0.02,40,820,0.0,1,0.5113865,0.5113865,1.1084145,0.0,0.0779086,0.0,0.0,4.2692352e-13,-28.457087,2.4385607,0.8128536,0.136,0.0,0.19214752,24.570148,24.60015,2627200
hardzero_plus_depr__c0p54__z1p05__lam0p030__nu0p50__psi1p00,hardzero_plus_depr,0.02,40,821,0.0,1,0.5113865,0.5113865,1.0873415,0.0,0.08178214,0.0,0.0,4.1430577e-13,-28.461966,2.3921993,0.79739976,0.192,0.0,0.18057163,24.60015,24.63015,2630400
hardzero_plus_depr__c0p54__z1p05__lam0p030__nu0p50__psi1p00,hardzero_plus_depr,0.02,40,822,0.0,1,0.5113865,0.5113865,1.0502311,0.0,0.08907768,0.0,0.0,4.0206087e-13,-27.062363,2.3105545,0.7701849,0.16000001,0.0,0.12675299,24.63015,24.66015,2633600
hardzero_plus_depr__c0p54__z1p05__lam0p030__nu0p50__psi1p00,hardzero_plus_depr,0.02,40,823,0.0,1,0.5113865,0.5113865,1.0259181,0.094206706,0.094206706,1.0,3.6757374e-14,3.901779e-13,-27.508884,2.2570648,0.752355,0.136,0.0,0.13708737,24.66015,24.690151,2636800
hardzero_plus_depr__c0p54__z1p05__lam0p030__nu0p50__psi1p00,hardzero_plus_depr,0.02,40,824,0.0,1,0.5113865,0.5113865,1.0645084,0.0,0.08619688,0.0,0.0,3.7864617e-13,-27.24916,2.3419654,0.78065515,0.080000006,0.0,0.12965226,24.690151,24.720152,2640000
hardzero_plus_depr__c0p54__z1p05__lam0p030__nu0p50__psi1p00,hardzero_plus_depr,0.02,40,825,0.0,1,0.5113865,0.5113865,1.0427837,0.09061838,0.09061838,1.0,3.3298197e-14,3.6745523e-13,-28.458418,2.2941701,0.7647234,0.17600001,0.0,0.1622909,24.720152,24.750153,2643200
hardzero_plus_depr__c0p54__z1p05__lam0p030__nu0p50__psi1p00,hardzero_plus_depr,0.02,40,826,0.0,1,0.5113865,0.5113865,0.9911701,0.10205396,0.10205396,1.0,3.639194e-14,3.5659507e-13,-26.688742,2.1806178,0.7268726,0.16800001,0.0,0.1573089,24.750153,24.780153,2646400
hardzero_plus_depr__c0p54__z1p05__lam0p030__nu0p50__psi1p00,hardzero_plus_depr,0.02,40,827,0.0,1,0.5113865,0.5113865,1.0447248,0.090214245,0.090214245,1.0,3.1219164e-14,3.460558e-13,-27.53158,2.2984405,0.76614684,0.16000001,0.0,0.13940448,24.780153,24.810154,2649600
hardzero_plus_depr__c0p54__z1p05__lam0p030__nu0p50__psi1p00,hardzero_plus_depr,0.02,40,828,0.0,1,0.5113865,0.5113865,0.991086,0.10207372,0.10207372,1.0,3.4279223e-14,3.358281e-13,-27.011097,2.1804328,0.72681093,0.120000005,0.0,0.13924569,24.810154,24.840155,2652800
hardzero_plus_depr__c0p54__z1p05__lam0p030__nu0p50__psi1p00,hardzero_plus_depr,0.02,40,829,0.0,1,0.5113865,0.5113865,1.0249296,0.09442139,0.09442139,1.0,3.077218e-14,3.2590263e-13,-27.027853,2.2548902,0.75163007,0.14400001,0.0,0.14090401,24.840155,24.870155,2656000
hardzero_plus_depr__c0p54__z1p05__lam0p030__nu0p50__psi1p00,hardzero_plus_depr,0.02,40,830,0.0,1,0.5113865,0.5113865,1.0197493,0.09555442,0.09555442,1.0,3.022105e-14,3.1627058e-13,-26.55035,2.2434933,0.7478311,0.16000001,0.0,0.15047847,24.870155,24.900156,2659200
hardzero_plus_depr__c0p54__z1p05__lam0p030__nu0p50__psi1p00,hardzero_plus_depr,0.02,40,831,0.0,1,0.5113865,0.5113865,0.9790111,0.10495155,0.10495155,1.0,3.2212063e-14,3.0692316e-13,-26.12355,2.1538675,0.7179558,0.18400002,0.0,0.16090791,24.900156,24.930157,2662400
hardzero_plus_depr__c0p54__z1p05__lam0p030__nu0p50__psi1p00,hardzero_plus_depr,0.02,40,832,0.0,1,0.5113865,0.5113865,0.9752518,0.10586397,0.10586397,1.0,3.1531794e-14,2.9785197e-13,-26.246826,2.1455967,0.71519893,0.21,0.0,0.14866532,24.930157,24.960157,2665600
hardzero_plus_depr__c0p54__z1p05__lam0p030__nu0p50__psi1p00,hardzero_plus_depr,0.02,40,833,0.0,1,0.5113865,0.5113865,1.073057,0.0,0.08451678,0.0,0.0,2.8904892e-13,-27.865614,2.3607726,0.78692424,0.16000001,0.0,0.1461568,24.960157,24.990158,2668800
hardzero_plus_depr__c0p54__z1p05__lam0p030__nu0p50__psi1p00,hardzero_plus_depr,0.02,40,834,0.0,1,0.5113865,0.5113865,1.039224,0.09136417,0.09136417,1.0,2.5628203e-14,2.8050606e-13,-28.082813,2.2863386,0.76211286,0.136,0.0,0.17303213,24.990158,25.020159,2672000
hardzero_plus_depr__c0p54__z1p05__lam0p030__nu0p50__psi1p00,hardzero_plus_depr,0.02,40,835,0.0,1,0.5113865,0.5113865,0.99665993,0.10077203,0.10077203,1.0,2.7431724e-14,2.7221565e-13,-26.242048,2.1926956,0.73089856,0.16000001,0.0,0.14592166,25.020159,25.05016,2675200
hardzero_plus_depr__c0p54__z1p05__lam0p030__nu0p50__psi1p00,hardzero_plus_depr,0.02,40,836,0.0,1,0.5113865,0.5113865,1.0214771,0.095175005,0.095175005,1.0,2.514241e-14,2.641703e-13,-27.974236,2.2472944,0.7490982,0.120000005,0.0,0.15388697,25.05016,25.08016,2678400
hardzero_plus_depr__c0p54__z1p05__lam0p030__nu0p50__psi1p00,hardzero_plus_depr,0.02,40,837,0.0,1,0.5113865,0.5113865,1.0648035,0.0,0.08613835,0.0,0.0,2.563627e-13,-27.217085,2.3426144,0.7808715,0.192,0.0,0.15323247,25.08016,25.11016,2681600
hardzero_plus_depr__c0p54__z1p05__lam0p030__nu0p50__psi1p00,hardzero_plus_depr,0.02,40,838,0.0,1,0.5113865,0.5113865,1.0596471,0.0,0.08716716,0.0,0.0,2.4878586e-13,-28.332813,2.3312702,0.7770901,0.16000001,0.0,0.16483782,25.11016,25.140162,2684800
hardzero_plus_depr__c0p54__z1p05__lam0p030__nu0p50__psi1p00,hardzero_plus_depr,0.02,40,839,0.0,1,0.5113865,0.5113865,1.1052457,0.0,0.07847915,0.0,0.0,2.4143299e-13,-29.128632,2.4315891,0.8105297,0.18400002,0.0,0.19487302,25.140162,25.170162,2688000
hardzero_plus_depr__c0p54__z1p05__lam0p030__nu0p50__psi1p00,hardzero_plus_depr,0.02,40,840,0.0,1,0.5113865,0.5113865,1.1379799,0.0,0.072781354,0.0,0.0,2.342974e-13,-29.904081,2.5036056,0.83453524,0.18400002,0.0,0.18333305,25.170162,25.200163,2691200
hardzero_plus_depr__c0p54__z1p05__lam0p030__nu0p50__psi1p00,hardzero_plus_depr,0.02,40,841,0.0,1,0.5113865,0.5113865,0.9972151,0.10064331,0.10064331,1.0,2.2883539e-14,2.2737269e-13,-26.995615,2.193917,0.7313057,0.16800001,0.0,0.13841543,25.200163,25.230164,2694400
hardzero_plus_depr__c0p54__z1p05__lam0p030__nu0p50__psi1p00,hardzero_plus_depr,0.02,40,842,0.0,1,0.5113865,0.5113865,1.0574144,0.0,0.08761642,0.0,0.0,2.2065265e-13,-26.740732,2.326358,0.77545273,0.120000005,0.0,0.13852867,25.230164,25.260164,2697600
hardzero_plus_depr__c0p54__z1p05__lam0p030__nu0p50__psi1p00,hardzero_plus_depr,0.02,40,843,0.0,1,0.5113865,0.5113865,1.0651635,0.0,0.08606697,0.0,0.0,2.1413124e-13,-28.054304,2.3434064,0.7811355,0.104,0.0,0.17401063,25.260164,25.290165,2700800
hardzero_plus_depr__c0p54__z1p05__lam0p030__nu0p50__psi1p00,hardzero_plus_depr,0.02,40,844,0.0,1,0.5113865,0.5113865,1.0312222,0.09306316,0.09306316,1.0,1.9338763e-14,2.0780257e-13,-27.772562,2.2687342,0.7562448,0.136,0.0,0.14983235,25.290165,25.320166,2704000
hardzero_plus_depr__c0p54__z1p05__lam0p030__nu0p50__psi1p00,hardzero_plus_depr,0.02,40,845,0.0,1,0.5113865,0.5113865,1.0996501,0.0,0.079496846,0.0,0.0,2.0166093e-13,-28.745443,2.4192786,0.8064262,0.11,0.0,0.14755473,25.320166,25.350166,2707200
hardzero_plus_depr__c0p54__z1p05__lam0p030__nu0p50__psi1p00,hardzero_plus_depr,0.02,40,846,0.0,1,0.5113865,0.5113865,1.0625967,0.0,0.08657715,0.0,0.0,1.9570082e-13,-27.329239,2.3377593,0.7792531,0.112,0.0,0.14916654,25.350166,25.380167,2710400
hardzero_plus_depr__c0p54__z1p05__lam0p030__nu0p50__psi1p00,hardzero_plus_depr,0.02,40,847,0.0,1,0.5113865,0.5113865,1.0193659,0.09563879,0.09563879,1.0,1.8163417e-14,1.8991685e-13,-26.702578,2.2426498,0.74754995,0.120000005,0.0,0.13332546,25.380167,25.410168,2713600
hardzero_plus_depr__c0p54__z1p05__lam0p030__nu0p50__psi1p00,hardzero_plus_depr,0.02,40,848,0.0,1,0.5113865,0.5113865,1.123634,0.0,0.075225666,0.0,0.0,1.8430384e-13,-29.035448,2.4720442,0.8240148,0.136,0.0,0.19271779,25.410168,25.440168,2716800
hardzero_plus_depr__c0p54__z1p05__lam0p030__nu0p50__psi1p00,hardzero_plus_depr,0.02,40,849,0.0,1,0.5113865,0.5113865,1.0531646,0.0,0.088478014,0.0,0.0,1.7885671e-13,-27.683584,2.3170085,0.7723362,0.17600001,0.0,0.15644692,25.440168,25.47017,2720000
hardzero_plus_depr__c0p54__z1p05__lam0p030__nu0p50__psi1p00,hardzero_plus_depr,0.02,40,850,0.0,1,0.5113865,0.5113865,1.0393066,0.09134681,0.09134681,1.0,1.5855118e-14,1.7357058e-13,-26.883055,2.2865202,0.7621734,0.16800001,0.008,0.14563727,25.47017,25.50017,2723200
hardzero_plus_depr__c0p54__z1p05__lam0p030__nu0p50__psi1p00,hardzero_plus_depr,0.02,40,851,0.0,1,0.5113865,0.5113865,1.0667336,0.0,0.08575636,0.0,0.0,1.6844069e-13,-27.736849,2.346861,0.782287,0.14400001,0.0,0.13552967,25.50017,25.53017,2726400
hardzero_plus_depr__c0p54__z1p05__lam0p030__nu0p50__psi1p00,hardzero_plus_depr,0.02,40,852,0.0,1,0.5113865,0.5113865,1.011662,0.09735045,0.09735045,1.0,1.5913137e-14,1.6346238e-13,-26.87993,2.2257009,0.7419003,0.128,0.0,0.14104772,25.53017,25.560171,2729600
hardzero_plus_depr__c0p54__z1p05__lam0p030__nu0p50__psi1p00,hardzero_plus_depr,0.02,40,853,0.0,1,0.5113865,0.5113865,1.0800002,0.0,0.083176345,0.0,0.0,1.5863123e-13,-27.582533,2.3760478,0.79201597,0.128,0.0,0.17387587,25.560171,25.590172,2732800
hardzero_plus_depr__c0p54__z1p05__lam0p030__nu0p50__psi1p00,hardzero_plus_depr,0.02,40,854,0.0,1,0.5113865,0.5113865,1.0555745,0.0,0.0879884,0.0,0.0,1.5394286e-13,-27.183664,2.3223104,0.7741035,0.104,0.0,0.14424162,25.590172,25.620173,2736000
hardzero_plus_depr__c0p54__z1p05__lam0p030__nu0p50__psi1p00,hardzero_plus_depr,0.02,40,855,0.0,1,0.5113865,0.5113865,1.0514617,0.0,0.08882562,0.0,0.0,1.4939306e-13,-27.43243,2.313262,0.77108735,0.17600001,0.0,0.16789736,25.620173,25.650173,2739200
hardzero_plus_depr__c0p54__z1p05__lam0p030__nu0p50__psi1p00,hardzero_plus_depr,0.02,40,856,0.0,1,0.5113865,0.5113865,1.0441176,0.09034049,0.09034049,1.0,1.309736e-14,1.4497774e-13,-27.038063,2.2971046,0.76570153,0.15200001,0.0,0.12986636,25.650173,25.680174,2742400
hardzero_plus_depr__c0p54__z1p05__lam0p030__nu0p50__psi1p00,hardzero_plus_depr,0.02,40,857,0.0,1,0.5113865,0.5113865,1.0717087,0.0,0.08477958,0.0,0.0,1.4069289e-13,-27.71317,2.3578062,0.7859354,0.128,0.0,0.14790629,25.680174,25.710175,2745600
hardzero_plus_depr__c0p54__z1p05__lam0p030__nu0p50__psi1p00,hardzero_plus_depr,0.02,40,858,0.0,1,0.5113865,0.5113865,1.059703,0.0,0.08715594,0.0,0.0,1.365347e-13,-27.843641,2.3313932,0.7771311,0.099999994,0.0,0.14644398,25.710175,25.740175,2748800
hardzero_plus_depr__c0p54__z1p05__lam0p030__nu0p50__psi1p00,hardzero_plus_depr,0.02,40,859,0.0,1,0.5113865,0.5113865,0.9733014,0.10634047,0.10634047,1.0,1.4090049e-14,1.3249941e-13,-25.942036,2.141306,0.71376866,0.16000001,0.0,0.14662504,25.740175,25.770176,2752000
hardzero_plus_depr__c0p54__z1p05__lam0p030__nu0p50__psi1p00,hardzero_plus_depr,0.02,40,860,0.0,1,0.5113865,0.5113865,0.98830146,0.10273031,0.10273031,1.0,1.32094085e-14,1.2858336e-13,-26.945002,2.1743066,0.7247689,0.120000005,0.0,0.15142825,25.770176,25.800177,2755200
hardzero_plus_depr__c0p54__z1p05__lam0p030__nu0p50__psi1p00,hardzero_plus_depr,0.02,40,861,0.0,1,0.5113865,0.5113865,1.0037619,0.099137545,0.099137545,1.0,1.2370688e-14,1.2478308e-13,-27.069368,2.2083201,0.73610675,0.2,0.0,0.14184761,25.800177,25.830177,2758400
hardzero_plus_depr__c0p54__z1p05__lam0p030__nu0p50__psi1p00,hardzero_plus_depr,0.02,40,862,0.0,1,0.5113865,0.5113865,1.096894,0.0,0.080002934,0.0,0.0,1.2109508e-13,-28.587515,2.4132152,0.8044051,0.14400001,0.0,0.14282867,25.830177,25.860178,2761600
hardzero_plus_depr__c0p54__z1p05__lam0p030__nu0p50__psi1p00,hardzero_plus_depr,0.02,40,863,0.0,1,0.5113865,0.5113865,1.0128872,0.097076185,0.097076185,1.0,1.1408015e-14,1.175161e-13,-26.372143,2.2283964,0.7427988,0.128,0.0,0.16021389,25.860178,25.890179,2764800
hardzero_plus_depr__c0p54__z1p05__lam0p030__nu0p50__psi1p00,hardzero_plus_depr,0.02,40,864,0.0,1,0.5113865,0.5113865,0.98550034,0.10339502,0.10339502,1.0,1.1791469e-14,1.140429e-13,-26.932213,2.168144,0.72271466,0.128,0.0,0.1292567,25.890179,25.92018,2768000
hardzero_plus_depr__c0p54__z1p05__lam0p030__nu0p50__psi1p00,hardzero_plus_depr,0.02,40,865,0.0,1,0.5113865,0.5113865,1.0089208,0.09796685,0.09796685,1.0,1.0842221e-14,1.1067234e-13,-26.438183,2.21967,0.73989004,0.17600001,0.0,0.15082355,25.92018,25.95018,2771200
hardzero_plus_depr__c0p54__z1p05__lam0p030__nu0p50__psi1p00,hardzero_plus_depr,0.02,40,866,0.0,1,0.5113865,0.5113865,1.0468493,0.089774035,0.089774035,1.0,9.641858e-15,1.0740141e-13,-28.008564,2.3031144,0.76770484,0.064,0.0,0.16829513,25.95018,25.98018,2774400
hardzero_plus_depr__c0p54__z1p05__lam0p030__nu0p50__psi1p00,hardzero_plus_depr,0.02,40,867,0.0,1,0.5113865,0.5113865,1.0334735,0.092581995,0.092581995,1.0,9.649557e-15,1.0422715e-13,-26.788874,2.2736871,0.7578957,0.104,0.0,0.15311776,25.98018,26.010181,2777600
hardzero_plus_depr__c0p54__z1p05__lam0p030__nu0p50__psi1p00,hardzero_plus_depr,0.02,40,868,0.0,1,0.5113865,0.5113865,1.037652,0.0916955,0.0916955,1.0,9.274698e-15,1.01146705e-13,-27.321722,2.28288,0.76096004,0.136,0.0,0.14834805,26.010181,26.040182,2780800
hardzero_plus_depr__c0p54__z1p05__lam0p030__nu0p50__psi1p00,hardzero_plus_depr,0.02,40,869,0.0,1,0.5113865,0.5113865,1.0058465,0.09866281,0.09866281,1.0,9.684474e-15,9.8157295e-14,-27.628773,2.2129064,0.7376355,0.17600001,0.0,0.16357094,26.040182,26.070183,2784000
hardzero_plus_depr__c0p54__z1p05__lam0p030__nu0p50__psi1p00,hardzero_plus_depr,0.02,40,870,0.0,1,0.5113865,0.5113865,1.0540334,0.0,0.08830119,0.0,0.0,9.525625e-14,-27.566591,2.31892,0.7729733,0.16000001,0.0,0.16285959,26.070183,26.100183,2787200
hardzero_plus_depr__c0p54__z1p05__lam0p030__nu0p50__psi1p00,hardzero_plus_depr,0.02,40,871,0.0,1,0.5113865,0.5113865,1.0797118,0.0,0.08323158,0.0,0.0,9.2440934e-14,-27.824203,2.3754134,0.7918045,0.11,0.0,0.16085151,26.100183,26.130184,2790400
hardzero_plus_depr__c0p54__z1p05__lam0p030__nu0p50__psi1p00,hardzero_plus_depr,0.02,40,872,0.0,1,0.5113865,0.5113865,1.0213182,0.09520982,0.09520982,1.0,8.541162e-15,8.9708826e-14,-28.032858,2.246945,0.74898165,0.17600001,0.0,0.15886633,26.130184,26.160185,2793600
hardzero_plus_depr__c0p54__z1p05__lam0p030__nu0p50__psi1p00,hardzero_plus_depr,0.02,40,873,0.0,1,0.5113865,0.5113865,1.0534446,0.0,0.088420995,0.0,0.0,8.705748e-14,-27.645578,2.3176246,0.7725415,0.128,0.0,0.15272835,26.160185,26.190186,2796800
hardzero_plus_depr__c0p54__z1p05__lam0p030__nu0p50__psi1p00,hardzero_plus_depr,0.02,40,874,0.0,1,0.5113865,0.5113865,0.98728985,0.102969855,0.102969855,1.0,8.6993545e-15,8.4484476e-14,-27.11133,2.172081,0.72402704,0.15200001,0.008,0.14106786,26.190186,26.220186,2800000
hardzero_plus_depr__c0p54__z1p05__lam0p030__nu0p50__psi1p00,hardzero_plus_depr,0.02,40,875,0.0,1,0.5113865,0.5113865,1.0325919,0.09277009,0.09277009,1.0,7.605991e-15,8.198753e-14,-28.205185,2.2717476,0.75724924,0.2,0.0,0.18759875,26.220186,26.250187,2803200
hardzero_plus_depr__c0p54__z1p05__lam0p030__nu0p50__psi1p00,hardzero_plus_depr,0.02,40,876,0.0,1,0.5113865,0.5113865,1.0676818,0.0,0.08556935,0.0,0.0,7.956437e-14,-28.470846,2.3489468,0.7829823,0.24800001,0.0,0.15142095,26.250187,26.280188,2806400
hardzero_plus_depr__c0p54__z1p05__lam0p030__nu0p50__psi1p00,hardzero_plus_depr,0.02,40,877,0.0,1,0.5113865,0.5113865,1.0261486,0.09415674,0.09415674,1.0,7.27011e-15,7.721285e-14,-28.07447,2.257572,0.752524,0.15200001,0.0,0.14935602,26.280188,26.310188,2809600
hardzero_plus_depr__c0p54__z1p05__lam0p030__nu0p50__psi1p00,hardzero_plus_depr,0.02,40,878,0.0,1,0.5113865,0.5113865,1.0315006,0.093003534,0.093003534,1.0,6.9688297e-15,7.4930805e-14,-27.53462,2.2693467,0.7564489,0.120000005,0.0,0.12217387,26.310188,26.340189,2812800
hardzero_plus_depr__c0p54__z1p05__lam0p030__nu0p50__psi1p00,hardzero_plus_depr,0.02,40,879,0.0,1,0.5113865,0.5113865,1.030233,0.09327536,0.09327536,1.0,6.782631e-15,7.271621e-14,-27.46168,2.266558,0.75551933,0.14400001,0.0,0.14850572,26.340189,26.37019,2816000
hardzero_plus_depr__c0p54__z1p05__lam0p030__nu0p50__psi1p00,hardzero_plus_depr,0.02,40,880,0.0,1,0.5113865,0.5113865,1.0400686,0.09118668,0.09118668,1.0,6.434777e-15,7.0567074e-14,-27.78109,2.2881966,0.7627322,0.216,0.0,0.1841593,26.37019,26.40019,2819200
hardzero_plus_depr__c0p54__z1p05__lam0p030__nu0p50__psi1p00,hardzero_plus_depr,0.02,40,881,0.0,1,0.5113865,0.5113865,1.0472045,0.08970063,0.08970063,1.0,6.14283e-15,6.8481455e-14,-27.40088,2.303896,0.7679653,0.14400001,0.0,0.13233195,26.40019,26.430191,2822400
hardzero_plus_depr__c0p54__z1p05__lam0p030__nu0p50__psi1p00,hardzero_plus_depr,0.02,40,882,0.0,1,0.5113865,0.5113865,0.99034584,0.102247834,0.102247834,1.0,6.7951334e-15,6.645748e-14,-26.919346,2.1788044,0.7262682,0.17600001,0.0,0.12798068,26.430191,26.460192,2825600
hardzero_plus_depr__c0p54__z1p05__lam0p030__nu0p50__psi1p00,hardzero_plus_depr,0.02,40,883,0.0,1,0.5113865,0.5113865,1.0643684,0.0,0.08622468,0.0,0.0,6.449332e-14,-28.173567,2.3416572,0.7805524,0.17600001,0.0,0.18076605,26.460192,26.490192,2828800
hardzero_plus_depr__c0p54__z1p05__lam0p030__nu0p50__psi1p00,hardzero_plus_depr,0.02,40,884,0.0,1,0.5113865,0.5113865,1.005471,0.09874816,0.09874816,1.0,6.180372e-15,6.258721e-14,-27.105724,2.2120802,0.7373601,0.16,0.0,0.12596223,26.490192,26.520193,2832000
hardzero_plus_depr__c0p54__z1p05__lam0p030__nu0p50__psi1p00,hardzero_plus_depr,0.02,40,885,0.0,1,0.5113865,0.5113865,1.0674206,0.0,0.08562081,0.0,0.0,6.073744e-14,-27.153978,2.3483722,0.7827908,0.15200001,0.0,0.14851704,26.520193,26.550194,2835200
hardzero_plus_depr__c0p54__z1p05__lam0p030__nu0p50__psi1p00,hardzero_plus_depr,0.02,40,886,0.0,1,0.5113865,0.5113865,1.0538892,0.0,0.088330515,0.0,0.0,5.894233e-14,-27.123993,2.3186026,0.77286756,0.136,0.0,0.1338633,26.550194,26.580194,2838400
hardzero_plus_depr__c0p54__z1p05__lam0p030__nu0p50__psi1p00,hardzero_plus_depr,0.02,40,887,0.0,1,0.5113865,0.5113865,0.98483557,0.103553414,0.103553414,1.0,5.923285e-15,5.7200284e-14,-24.879805,2.1666815,0.7222272,0.224,0.0,0.12785202,26.580194,26.610195,2841600
hardzero_plus_depr__c0p54__z1p05__lam0p030__nu0p50__psi1p00,hardzero_plus_depr,0.02,40,888,0.0,1,0.5113865,0.5113865,1.0499474,0.08913589,0.08913589,1.0,4.947909e-15,5.5509725e-14,-27.338425,2.3099303,0.7699768,0.14400001,0.0,0.1256024,26.610195,26.640196,2844800
hardzero_plus_depr__c0p54__z1p05__lam0p030__nu0p50__psi1p00,hardzero_plus_depr,0.02,40,889,0.0,1,0.5113865,0.5113865,1.0419475,0.09079303,0.09079303,1.0,4.890941e-15,5.3869127e-14,-27.361103,2.2923303,0.7641101,0.14400001,0.0,0.13772732,26.640196,26.670197,2848000
hardzero_plus_depr__c0p54__z1p05__lam0p030__nu0p50__psi1p00,hardzero_plus_depr,0.02,40,890,0.0,1,0.5113865,0.5113865,1.03075,0.09316439,0.09316439,1.0,4.8703564e-15,5.2277017e-14,-27.089178,2.2676954,0.7558985,0.15200001,0.0,0.17409746,26.670197,26.700197,2851200
hardzero_plus_depr__c0p54__z1p05__lam0p030__nu0p50__psi1p00,hardzero_plus_depr,0.02,40,891,0.0,1,0.5113865,0.5113865,1.0202247,0.09544986,0.09544986,1.0,4.8423586e-15,5.073196e-14,-26.673489,2.2445393,0.7481798,0.112,0.0,0.14800675,26.700197,26.730198,2854400
hardzero_plus_depr__c0p54__z1p05__lam0p030__nu0p50__psi1p00,hardzero_plus_depr,0.02,40,892,0.0,1,0.5113865,0.5113865,1.0026401,0.09939392,0.09939392,1.0,4.8934186e-15,4.9232574e-14,-26.642435,2.2058523,0.7352841,0.16800001,0.0,0.12855981,26.730198,26.760199,2857600
hardzero_plus_depr__c0p54__z1p05__lam0p030__nu0p50__psi1p00,hardzero_plus_depr,0.02,40,893,0.0,1,0.5113865,0.5113865,0.9868959,0.10306331,0.10306331,1.0,4.924107e-15,4.77775e-14,-26.746271,2.1712143,0.72373813,0.15200001,0.0,0.13962093,26.760199,26.7902,2860800
hardzero_plus_depr__c0p54__z1p05__lam0p030__nu0p50__psi1p00,hardzero_plus_depr,0.02,40,894,0.0,1,0.5113865,0.5113865,1.0260446,0.09417929,0.09417929,1.0,4.366663e-15,4.6365428e-14,-27.33874,2.2573433,0.7524478,0.120000005,0.0,0.1407533,26.7902,26.8202,2864000
hardzero_plus_depr__c0p54__z1p05__lam0p030__nu0p50__psi1p00,hardzero_plus_depr,0.02,40,895,0.0,1,0.5113865,0.5113865,1.0485663,0.08941979,0.08941979,1.0,4.023452e-15,4.499509e-14,-28.162037,2.306892,0.768964,0.16800001,0.0,0.15631488,26.8202,26.8502,2867200
hardzero_plus_depr__c0p54__z1p05__lam0p030__nu0p50__psi1p00,hardzero_plus_depr,0.02,40,896,0.0,1,0.5113865,0.5113865,1.0743353,0.0,0.08426837,0.0,0.0,4.3665253e-14,-28.586308,2.363585,0.7878617,0.112,0.0,0.15992935,26.8502,26.880201,2870400
hardzero_plus_depr__c0p54__z1p05__lam0p030__nu0p50__psi1p00,hardzero_plus_depr,0.02,40,897,0.0,1,0.5113865,0.5113865,1.0210131,0.095276736,0.095276736,1.0,4.0373254e-15,4.2374724e-14,-26.565535,2.2462738,0.74875796,0.21,0.0,0.13743141,26.880201,26.910202,2873600
hardzero_plus_depr__c0p54__z1p05__lam0p030__nu0p50__psi1p00,hardzero_plus_depr,0.02,40,898,0.0,1,0.5113865,0.5113865,1.0107782,0.09754877,0.09754877,1.0,4.011433e-15,4.112233e-14,-27.848633,2.2237563,0.7412521,0.192,0.0,0.25561464,26.910202,26.940203,2876800
hardzero_plus_depr__c0p54__z1p05__lam0p030__nu0p50__psi1p00,hardzero_plus_depr,0.02,40,899,0.0,1,0.5113865,0.5113865,0.9862082,0.10322665,0.10322665,1.0,4.1194613e-15,3.9906958e-14,-26.682133,2.1697013,0.7232338,0.16800001,0.0,0.1312708,26.940203,26.970203,2880000
hardzero_plus_depr__c0p54__z1p05__lam0p030__nu0p50__psi1p00,hardzero_plus_depr,0.02,40,900,0.0,1,0.5113865,0.5113865,1.0673738,0.0,0.08563007,0.0,0.0,3.8727502e-14,-28.672121,2.3482692,0.78275645,0.096,0.0,0.13904986,26.970203,27.000204,2883200
hardzero_plus_depr__c0p54__z1p05__lam0p030__nu0p50__psi1p00,hardzero_plus_depr,0.02,40,901,0.0,1,0.5113865,0.5113865,1.0176413,0.096019335,0.096019335,1.0,3.6086856e-15,3.7582906e-14,-26.426182,2.2388556,0.7462852,0.08800001,0.0,0.123462506,27.000204,27.030205,2886400
hardzero_plus_depr__c0p54__z1p05__lam0p030__nu0p50__psi1p00,hardzero_plus_depr,0.02,40,902,0.0,1,0.5113865,0.5113865,1.0422732,0.090724975,0.090724975,1.0,3.308934e-15,3.647214e-14,-28.139544,2.2930467,0.7643489,0.120000005,0.0,0.15227582,27.030205,27.060205,2889600
hardzero_plus_depr__c0p54__z1p05__lam0p030__nu0p50__psi1p00,hardzero_plus_depr,0.02,40,903,0.0,1,0.5113865,0.5113865,1.0067763,0.0984518,0.0984518,1.0,3.4846224e-15,3.5394197e-14,-26.996317,2.2149522,0.73831743,0.16000001,0.0,0.15629527,27.060205,27.090206,2892800
hardzero_plus_depr__c0p54__z1p05__lam0p030__nu0p50__psi1p00,hardzero_plus_depr,0.02,40,904,0.0,1,0.5113865,0.5113865,1.0247761,0.09445477,0.09445477,1.0,3.2443437e-15,3.4348118e-14,-27.885704,2.2545524,0.7515175,0.14400001,0.0,0.13552023,27.090206,27.120207,2896000
hardzero_plus_depr__c0p54__z1p05__lam0p030__nu0p50__psi1p00,hardzero_plus_depr,0.02,40,905,0.0,1,0.5113865,0.5113865,1.0424273,0.09069277,0.09069277,1.0,3.0230578e-15,3.3332952e-14,-27.8516,2.2933857,0.76446193,0.15200001,0.0,0.13922018,27.120207,27.150208,2899200
hardzero_plus_depr__c0p54__z1p05__lam0p030__nu0p50__psi1p00,hardzero_plus_depr,0.02,40,906,0.0,1,0.5113865,0.5113865,1.0115471,0.09737621,0.09737621,1.0,3.1499055e-15,3.2347792e-14,-27.058104,2.2254481,0.74181604,0.17600001,0.0,0.14184362,27.150208,27.180208,2902400
hardzero_plus_depr__c0p54__z1p05__lam0p030__nu0p50__psi1p00,hardzero_plus_depr,0.02,40,907,0.0,1,0.5113865,0.5113865,1.0000495,0.099988595,0.099988595,1.0,3.1388172e-15,3.1391753e-14,-27.189384,2.2001529,0.7333843,0.23200001,0.0,0.17273468,27.180208,27.210209,2905600
hardzero_plus_depr__c0p54__z1p05__lam0p030__nu0p50__psi1p00,hardzero_plus_depr,0.02,40,908,0.0,1,0.5113865,0.5113865,1.044634,0.09023312,0.09023312,1.0,2.7488587e-15,3.0463967e-14,-28.195644,2.2982407,0.76608026,0.14400001,0.0,0.17610177,27.210209,27.24021,2908800
hardzero_plus_depr__c0p54__z1p05__lam0p030__nu0p50__psi1p00,hardzero_plus_depr,0.02,40,909,0.0,1,0.5113865,0.5113865,1.010194,0.0976801,0.0976801,1.0,2.8877752e-15,2.9563598e-14,-27.333096,2.222471,0.7408237,0.2,0.0,0.14660452,27.24021,27.27021,2912000
hardzero_plus_depr__c0p54__z1p05__lam0p030__nu0p50__psi1p00,hardzero_plus_depr,0.02,40,910,0.0,1,0.5113865,0.5113865,1.0287274,0.09359929,0.09359929,1.0,2.685349e-15,2.8689843e-14,-26.549765,2.2632456,0.7544152,0.14,0.0,0.14908397,27.27021,27.30021,2915200
hardzero_plus_depr__c0p54__z1p05__lam0p030__nu0p50__psi1p00,hardzero_plus_depr,0.02,40,911,0.0,1,0.5113865,0.5113865,0.960727,0.10946444,0.10946444,1.0,3.0476989e-15,2.7841909e-14,-26.570885,2.1136415,0.70454717,0.192,0.0,0.13012582,27.30021,27.330212,2918400
hardzero_plus_depr__c0p54__z1p05__lam0p030__nu0p50__psi1p00,hardzero_plus_depr,0.02,40,912,0.0,1,0.5113865,0.5113865,0.9698089,0.107199095,0.107199095,1.0,2.8964165e-15,2.7019038e-14,-26.378618,2.1336222,0.7112074,0.2,0.0,0.12669311,27.330212,27.360212,2921600
hardzero_plus_depr__c0p54__z1p05__lam0p030__nu0p50__psi1p00,hardzero_plus_depr,0.02,40,913,0.0,1,0.5113865,0.5113865,1.028838,0.09357546,0.09357546,1.0,2.4535942e-15,2.6220488e-14,-27.139854,2.2634888,0.7544963,0.18400002,0.0,0.12830944,27.360212,27.390213,2924800
hardzero_plus_depr__c0p54__z1p05__lam0p030__nu0p50__psi1p00,hardzero_plus_depr,0.02,40,914,0.0,1,0.5113865,0.5113865,1.1019006,0.0,0.07908597,0.0,0.0,2.5445536e-14,-28.194092,2.4242296,0.80807656,0.104,0.0,0.17481214,27.390213,27.420214,2928000
hardzero_plus_depr__c0p54__z1p05__lam0p030__nu0p50__psi1p00,hardzero_plus_depr,0.02,40,915,0.0,1,0.5113865,0.5113865,0.9869879,0.10304149,0.10304149,1.0,2.5444542e-15,2.469349e-14,-26.30188,2.1714168,0.7238056,0.16800001,0.0,0.13698627,27.420214,27.450214,2931200
hardzero_plus_depr__c0p54__z1p05__lam0p030__nu0p50__psi1p00,hardzero_plus_depr,0.02,40,916,0.0,1,0.5113865,0.5113865,1.0548586,0.0,0.08813358,0.0,0.0,2.3963672e-14,-27.429129,2.3207352,0.7735784,0.136,0.0,0.15337737,27.450214,27.480215,2934400
hardzero_plus_depr__c0p54__z1p05__lam0p030__nu0p50__psi1p00,hardzero_plus_depr,0.02,40,917,0.0,1,0.5113865,0.5113865,1.0627649,0.0,0.08654363,0.0,0.0,2.3255423e-14,-28.377249,2.3381295,0.7793765,0.18400002,0.0,0.18327475,27.480215,27.510216,2937600
hardzero_plus_depr__c0p54__z1p05__lam0p030__nu0p50__psi1p00,hardzero_plus_depr,0.02,40,918,0.0,1,0.5113865,0.5113865,1.0573753,0.0,0.08762433,0.0,0.0,2.2568104e-14,-27.826746,2.3262722,0.7754241,0.112,0.0,0.1372609,27.510216,27.540216,2940800
hardzero_plus_depr__c0p54__z1p05__lam0p030__nu0p50__psi1p00,hardzero_plus_depr,0.02,40,919,0.0,1,0.5113865,0.5113865,1.0529983,0.0,0.0885119,0.0,0.0,2.19011e-14,-28.286646,2.3166425,0.7722142,0.128,0.0,0.17608026,27.540216,27.570217,2944000
hardzero_plus_depr__c0p54__z1p05__lam0p030__nu0p50__psi1p00,hardzero_plus_depr,0.02,40,920,0.0,1,0.5113865,0.5113865,0.9965909,0.10078805,0.10078805,1.0,2.1421302e-15,2.1253812e-14,-26.462076,2.1925437,0.73084795,0.224,0.0,0.14524038,27.570217,27.600218,2947200
hardzero_plus_depr__c0p54__z1p05__lam0p030__nu0p50__psi1p00,hardzero_plus_depr,0.02,40,921,0.0,1,0.5113865,0.5113865,1.0139236,0.0968448,0.0968448,1.0,1.997487e-15,2.0625652e-14,-26.318346,2.2306767,0.7435589,0.208,0.0,0.14753635,27.600218,27.630219,2950400
hardzero_plus_depr__c0p54__z1p05__lam0p030__nu0p50__psi1p00,hardzero_plus_depr,0.02,40,922,0.0,1,0.5113865,0.5113865,1.0244217,0.09453189,0.09453189,1.0,1.8921558e-15,2.001606e-14,-26.975965,2.2537727,0.7512576,0.17600001,0.0,0.111060396,27.630219,27.66022,2953600
hardzero_plus_depr__c0p54__z1p05__lam0p030__nu0p50__psi1p00,hardzero_plus_depr,0.02,40,923,0.0,1,0.5113865,0.5113865,0.97544295,0.10581739,0.10581739,1.0,2.0554478e-15,1.942448e-14,-26.10452,2.1460173,0.7153391,0.17999999,0.0,0.108558565,27.66022,27.69022,2956800
hardzero_plus_depr__c0p54__z1p05__lam0p030__nu0p50__psi1p00,hardzero_plus_depr,0.02,40,924,0.0,1,0.5113865,0.5113865,1.0122571,0.09721715,0.09721715,1.0,1.832581e-15,1.8850388e-14,-27.972149,2.22701,0.7423367,0.17600001,0.0,0.18138736,27.69022,27.72022,2960000
hardzero_plus_depr__c0p54__z1p05__lam0p030__nu0p50__psi1p00,hardzero_plus_depr,0.02,40,925,0.0,1,0.5113865,0.5113865,1.0297142,0.09338686,0.09338686,1.0,1.7083505e-15,1.8293264e-14,-27.473938,2.2654166,0.7551389,0.128,0.0,0.15190792,27.72022,27.750221,2963200
hardzero_plus_depr__c0p54__z1p05__lam0p030__nu0p50__psi1p00,hardzero_plus_depr,0.02,40,926,0.0,1,0.5113865,0.5113865,1.0199846,0.095502645,0.095502645,1.0,1.6954203e-15,1.7752601e-14,-26.27704,2.244011,0.74800366,0.16000001,0.0,0.12667888,27.750221,27.780222,2966400
hardzero_plus_depr__c0p54__z1p05__lam0p030__nu0p50__psi1p00,hardzero_plus_depr,0.02,40,927,0.0,1,0.5113865,0.5113865,1.0342299,0.09242089,0.09242089,1.0,1.5922199e-15,1.7227922e-14,-27.215815,2.2753513,0.75845045,0.120000005,0.0,0.17085929,27.780222,27.810223,2969600
hardzero_plus_depr__c0p54__z1p05__lam0p030__nu0p50__psi1p00,hardzero_plus_depr,0.02,40,928,0.0,1,0.5113865,0.5113865,1.0563909,0.0,0.08782316,0.0,0.0,1.6718748e-14,-27.484083,2.3241065,0.7747022,0.104,0.0,0.14336264,27.810223,27.840223,2972800
hardzero_plus_depr__c0p54__z1p05__lam0p030__nu0p50__psi1p00,hardzero_plus_depr,0.02,40,929,0.0,1,0.5113865,0.5113865,1.0568527,0.0,0.08772982,0.0,0.0,1.6224623e-14,-27.475964,2.3251224,0.7750408,0.15200001,0.0,0.14708005,27.840223,27.870224,2976000
hardzero_plus_depr__c0p54__z1p05__lam0p030__nu0p50__psi1p00,hardzero_plus_depr,0.02,40,930,0.0,1,0.5113865,0.5113865,1.0289154,0.09355877,0.09355877,1.0,1.4730927e-15,1.5745104e-14,-26.774288,2.263659,0.754553,0.18400002,0.0,0.133692,27.870224,27.900225,2979200
hardzero_plus_depr__c0p54__z1p05__lam0p030__nu0p50__psi1p00,hardzero_plus_depr,0.02,40,931,0.0,1,0.5113865,0.5113865,1.0600712,0.0,0.08708208,0.0,0.0,1.5279753e-14,-28.028017,2.3322034,0.77740115,0.128,0.0,0.16507553,27.900225,27.930225,2982400
hardzero_plus_depr__c0p54__z1p05__lam0p030__nu0p50__psi1p00,hardzero_plus_depr,0.02,40,932,0.0,1,0.5113865,0.5113865,0.9738989,0.10619428,0.10619428,1.0,1.5746657e-15,1.4828159e-14,-25.69814,2.1426203,0.7142068,0.14400001,0.0,0.11078123,27.930225,27.960226,2985600
hardzero_plus_depr__c0p54__z1p05__lam0p030__nu0p50__psi1p00,hardzero_plus_depr,0.02,40,933,0.0,1,0.5113865,0.5113865,1.0611722,0.0,0.08686157,0.0,0.0,1.438991e-14,-27.808567,2.3346255,0.7782085,0.17600001,0.0,0.16638754,27.960226,27.990227,2988800
hardzero_plus_depr__c0p54__z1p05__lam0p030__nu0p50__psi1p00,hardzero_plus_depr,0.02,40,934,0.0,1,0.5113865,0.5113865,1.0105824,0.097592734,0.097592734,1.0,1.3628449e-15,1.3964615e-14,-26.745764,2.2233257,0.7411086,0.15200001,0.0,0.13754852,27.990227,28.020227,2992000
hardzero_plus_depr__c0p54__z1p05__lam0p030__nu0p50__psi1p00,hardzero_plus_depr,0.02,40,935,0.0,1,0.5113865,0.5113865,1.0606322,0.0,0.086969666,0.0,0.0,1.3551889e-14,-27.524837,2.3334374,0.7778125,0.16000001,0.0,0.15912886,28.020227,28.050228,2995200
hardzero_plus_depr__c0p54__z1p05__lam0p030__nu0p50__psi1p00,hardzero_plus_depr,0.02,40,936,0.0,1,0.5113865,0.5113865,1.0447941,0.090199865,0.090199865,1.0,1.186251e-15,1.3151361e-14,-27.748913,2.2985928,0.7661976,0.17999999,0.0,0.14060661,28.050228,28.080229,2998400
hardzero_plus_depr__c0p54__z1p05__lam0p030__nu0p50__psi1p00,hardzero_plus_depr,0.02,40,937,0.0,1,0.5113865,0.5113865,1.0281471,0.09372446,0.09372446,1.0,1.1961745e-15,1.27626715e-14,-26.932972,2.2619689,0.75398964,0.096,0.0,0.121887945,28.080229,28.11023,3001600
hardzero_plus_depr__c0p54__z1p05__lam0p030__nu0p50__psi1p00,hardzero_plus_depr,0.02,40,938,0.0,1,0.5113865,0.5113865,1.021801,0.09510406,0.09510406,1.0,1.1779084e-15,1.2385468e-14,-26.707447,2.248007,0.7493357,0.120000005,0.0,0.14545743,28.11023,28.14023,3004800
hardzero_plus_depr__c0p54__z1p05__lam0p030__nu0p50__psi1p00,hardzero_plus_depr,0.02,40,939,0.0,1,0.5113865,0.5113865,1.0264741,0.09408619,0.09408619,1.0,1.130861e-15,1.20194145e-14,-26.99237,2.2582881,0.75276273,0.18400002,0.0,0.14909686,28.14023,28.17023,3008000
hardzero_plus_depr__c0p54__z1p05__lam0p030__nu0p50__psi1p00,hardzero_plus_depr,0.02,40,940,0.0,1,0.5113865,0.5113865,1.0339892,0.092472106,0.092472106,1.0,1.0786112e-15,1.166418e-14,-26.760256,2.2748218,0.75827396,0.16000001,0.0,0.16996893,28.17023,28.200232,3011200
hardzero_plus_depr__c0p54__z1p05__lam0p030__nu0p50__psi1p00,hardzero_plus_depr,0.02,40,941,0.0,1,0.5113865,0.5113865,1.0509323,0.0,0.088933975,0.0,0.0,1.13194425e-14,-27.781462,2.312097,0.770699,0.16800001,0.0,0.14012,28.200232,28.230232,3014400
hardzero_plus_depr__c0p54__z1p05__lam0p030__nu0p50__psi1p00,hardzero_plus_depr,0.02,40,942,0.0,1,0.5113865,0.5113865,1.0234842,0.094736144,0.094736144,1.0,1.0406665e-15,1.0984894e-14,-26.779627,2.2517102,0.75057006,0.17600001,0.0,0.12171619,28.230232,28.260233,3017600
hardzero_plus_depr__c0p54__z1p05__lam0p030__nu0p50__psi1p00,hardzero_plus_depr,0.02,40,943,0.0,1,0.5113865,0.5113865,1.027048,0.09396193,0.09396193,1.0,1.0016562e-15,1.0660234e-14,-27.765177,2.2595508,0.7531836,0.112,0.0,0.15255077,28.260233,28.290234,3020800
hardzero_plus_depr__c0p54__z1p05__lam0p030__nu0p50__psi1p00,hardzero_plus_depr,0.02,40,944,0.0,1,0.5113865,0.5113865,1.0023503,0.09946027,0.09946027,1.0,1.0289335e-15,1.0345171e-14,-27.695324,2.2052147,0.7350716,0.136,0.0,0.13736469,28.290234,28.320234,3024000
hardzero_plus_depr__c0p54__z1p05__lam0p030__nu0p50__psi1p00,hardzero_plus_depr,0.02,40,945,0.0,1,0.5113865,0.5113865,1.017295,0.09609592,0.09609592,1.0,9.64747e-16,1.0039417e-14,-27.202726,2.2380936,0.7460312,0.14400001,0.0,0.13516544,28.320234,28.350235,3027200
hardzero_plus_depr__c0p54__z1p05__lam0p030__nu0p50__psi1p00,hardzero_plus_depr,0.02,40,946,0.0,1,0.5113865,0.5113865,1.0356818,0.092112415,0.092112415,1.0,8.974237e-16,9.742701e-15,-27.742346,2.2785456,0.7595152,0.17600001,0.0,0.16531333,28.350235,28.380236,3030400
hardzero_plus_depr__c0p54__z1p05__lam0p030__nu0p50__psi1p00,hardzero_plus_depr,0.02,40,947,0.0,1,0.5113865,0.5113865,0.99020195,0.10228172,0.10228172,1.0,9.670485e-16,9.4547546e-15,-26.193798,2.1784878,0.7261626,0.2,0.0,0.13806506,28.380236,28.410236,3033600
hardzero_plus_depr__c0p54__z1p05__lam0p030__nu0p50__psi1p00,hardzero_plus_depr,0.02,40,948,0.0,1,0.5113865,0.5113865,1.0786533,0.0,0.08343468,0.0,0.0,9.1753175e-15,-27.73099,2.3730848,0.79102826,0.120000005,0.0,0.16218986,28.410236,28.440237,3036800
hardzero_plus_depr__c0p54__z1p05__lam0p030__nu0p50__psi1p00,hardzero_plus_depr,0.02,40,949,0.0,1,0.5113865,0.5113865,1.0171999,0.09611698,0.09611698,1.0,8.5583907e-16,8.90414e-15,-27.27658,2.2378843,0.7459614,0.14,0.0,0.11826292,28.440237,28.470238,3040000
hardzero_plus_depr__c0p54__z1p05__lam0p030__nu0p50__psi1p00,hardzero_plus_depr,0.02,40,950,0.0,1,0.5113865,0.5113865,0.9954465,0.10105398,0.10105398,1.0,8.7320515e-16,8.640977e-15,-26.840567,2.190026,0.7300087,0.192,0.0,0.15974364,28.470238,28.500238,3043200
hardzero_plus_depr__c0p54__z1p05__lam0p030__nu0p50__psi1p00,hardzero_plus_depr,0.02,40,951,0.0,1,0.5113865,0.5113865,0.9764107,0.10558184,0.10558184,1.0,8.853662e-16,8.3855914e-15,-25.984278,2.1481464,0.71604884,0.18400002,0.0,0.124719925,28.500238,28.53024,3046400
hardzero_plus_depr__c0p54__z1p05__lam0p030__nu0p50__psi1p00,hardzero_plus_depr,0.02,40,952,0.0,1,0.5113865,0.5113865,0.98403084,0.103745475,0.103745475,1.0,8.442552e-16,8.137755e-15,-26.709528,2.164911,0.721637,0.15200001,0.0,0.1525123,28.53024,28.56024,3049600
hardzero_plus_depr__c0p54__z1p05__lam0p030__nu0p50__psi1p00,hardzero_plus_depr,0.02,40,953,0.0,1,0.5113865,0.5113865,1.0547585,0.0,0.08815388,0.0,0.0,7.897242e-15,-27.894983,2.3205152,0.7735051,0.128,0.0,0.1471771,28.56024,28.59024,3052800
hardzero_plus_depr__c0p54__z1p05__lam0p030__nu0p50__psi1p00,hardzero_plus_depr,0.02,40,954,0.0,1,0.5113865,0.5113865,1.0319605,0.09290509,0.09290509,1.0,7.1200954e-16,7.663838e-15,-28.368996,2.2703583,0.7567861,0.14400001,0.0,0.15261607,28.59024,28.620241,3056000
hardzero_plus_depr__c0p54__z1p05__lam0p030__nu0p50__psi1p00,hardzero_plus_depr,0.02,40,955,0.0,1,0.5113865,0.5113865,1.0300108,0.0933231,0.0933231,1.0,6.940749e-16,7.437332e-15,-28.31215,2.2660692,0.75535643,0.18400002,0.0,0.16563083,28.620241,28.650242,3059200
hardzero_plus_depr__c0p54__z1p05__lam0p030__nu0p50__psi1p00,hardzero_plus_depr,0.02,40,956,0.0,1,0.5113865,0.5113865,1.0808722,0.0,0.0830095,0.0,0.0,7.21752e-15,-28.715763,2.3779664,0.79265547,0.128,0.0,0.16554897,28.650242,28.680243,3062400
hardzero_plus_depr__c0p54__z1p05__lam0p030__nu0p50__psi1p00,hardzero_plus_depr,0.02,40,957,0.0,1,0.5113865,0.5113865,1.0983896,0.0,0.079727896,0.0,0.0,7.004206e-15,-28.54041,2.4165053,0.8055018,0.112,0.0,0.14437567,28.680243,28.710243,3065600
hardzero_plus_depr__c0p54__z1p05__lam0p030__nu0p50__psi1p00,hardzero_plus_depr,0.02,40,958,0.0,1,0.5113865,0.5113865,1.0465469,0.08983655,0.08983655,1.0,6.106367e-16,6.7971963e-15,-27.035782,2.3024492,0.7674831,0.128,0.0,0.14907768,28.710243,28.740244,3068800
hardzero_plus_depr__c0p54__z1p05__lam0p030__nu0p50__psi1p00,hardzero_plus_depr,0.02,40,959,0.0,1,0.5113865,0.5113865,1.0154344,0.09650852,0.09650852,1.0,6.365995e-16,6.596304e-15,-27.85218,2.2340002,0.74466676,0.14400001,0.0,0.14603491,28.740244,28.770245,3072000
hardzero_plus_depr__c0p54__z1p05__lam0p030__nu0p50__psi1p00,hardzero_plus_depr,0.02,40,960,0.0,1,0.5113865,0.5113865,1.031512,0.09300107,0.09300107,1.0,5.953323e-16,6.401349e-15,-26.585485,2.2693717,0.75645727,0.17600001,0.0,0.14299591,28.770245,28.800245,3075200
hardzero_plus_depr__c0p54__z1p05__lam0p030__nu0p50__psi1p00,hardzero_plus_depr,0.02,40,961,0.0,1,0.5113865,0.5113865,1.0991917,0.0,0.07958079,0.0,0.0,6.212156e-15,-28.788134,2.4182699,0.80609,0.192,0.0,0.17443138,28.800245,28.830246,3078400
hardzero_plus_depr__c0p54__z1p05__lam0p030__nu0p50__psi1p00,hardzero_plus_depr,0.02,40,962,0.0,1,0.5113865,0.5113865,1.1069754,0.0,0.0781672,0.0,0.0,6.0285554e-15,-29.94496,2.4353945,0.8117982,0.089999996,0.0,0.15866162,28.830246,28.860247,3081600
hardzero_plus_depr__c0p54__z1p05__lam0p030__nu0p50__psi1p00,hardzero_plus_depr,0.02,40,963,0.0,1,0.5113865,0.5113865,1.0774425,0.0,0.08366763,0.0,0.0,5.8503803e-15,-29.170197,2.370421,0.79014033,0.112,0.0,0.15242425,28.860247,28.890247,3084800
hardzero_plus_depr__c0p54__z1p05__lam0p030__nu0p50__psi1p00,hardzero_plus_depr,0.02,40,964,0.0,1,0.5113865,0.5113865,0.9943576,0.10130769,0.10130769,1.0,5.7517153e-16,5.6774717e-15,-26.145912,2.1876304,0.72921014,0.112,0.0,0.12680268,28.890247,28.920248,3088000
hardzero_plus_depr__c0p54__z1p05__lam0p030__nu0p50__psi1p00,hardzero_plus_depr,0.02,40,965,0.0,1,0.5113865,0.5113865,1.0398105,0.091240875,0.091240875,1.0,5.027074e-16,5.509673e-15,-27.829695,2.287629,0.76254296,0.112,0.0,0.14808406,28.920248,28.950249,3091200
hardzero_plus_depr__c0p54__z1p05__lam0p030__nu0p50__psi1p00,hardzero_plus_depr,0.02,40,966,0.0,1,0.5113865,0.5113865,1.06292,0.0,0.08651273,0.0,0.0,5.346834e-15,-27.482576,2.3384707,0.77949023,0.112,0.0,0.14768858,28.950249,28.98025,3094400
hardzero_plus_depr__c0p54__z1p05__lam0p030__nu0p50__psi1p00,hardzero_plus_depr,0.02,40,967,0.0,1,0.5113865,0.5113865,1.0416931,0.09084623,0.09084623,1.0,4.7138363e-16,5.188808e-15,-27.93886,2.2917705,0.7639235,0.216,0.0,0.18131104,28.98025,29.01025,3097600
hardzero_plus_depr__c0p54__z1p05__lam0p030__nu0p50__psi1p00,hardzero_plus_depr,0.02,40,968,0.0,1,0.5113865,0.5113865,0.9772017,0.10538973,0.10538973,1.0,5.306849e-16,5.0354516e-15,-26.025667,2.1498866,0.7166289,0.16800001,0.0,0.14891325,29.01025,29.04025,3100800
hardzero_plus_depr__c0p54__z1p05__lam0p030__nu0p50__psi1p00,hardzero_plus_depr,0.02,40,969,0.0,1,0.5113865,0.5113865,1.0435054,0.090467915,0.090467915,1.0,4.4208312e-16,4.8866288e-15,-27.801867,2.2957578,0.7652526,0.16800001,0.0,0.16462532,29.04025,29.070251,3104000
hardzero_plus_depr__c0p54__z1p05__lam0p030__nu0p50__psi1p00,hardzero_plus_depr,0.02,40,970,0.0,1,0.5113865,0.5113865,1.0508015,0.0,0.08896075,0.0,0.0,4.7422037e-15,-27.426609,2.3118095,0.7706032,0.14400001,0.0,0.14233752,29.070251,29.100252,3107200
hardzero_plus_depr__c0p54__z1p05__lam0p030__nu0p50__psi1p00,hardzero_plus_depr,0.02,40,971,0.0,1,0.5113865,0.5113865,1.0036424,0.09916479,0.09916479,1.0,4.56361e-16,4.602047e-15,-26.841818,2.2080574,0.73601913,0.16800001,0.0,0.14149807,29.100252,29.130253,3110400
hardzero_plus_depr__c0p54__z1p05__lam0p030__nu0p50__psi1p00,hardzero_plus_depr,0.02,40,972,0.0,1,0.5113865,0.5113865,1.0798166,0.0,0.083211504,0.0,0.0,4.466033e-15,-27.986338,2.375644,0.7918813,0.14400001,0.0,0.16459502,29.130253,29.160254,3113600
hardzero_plus_depr__c0p54__z1p05__lam0p030__nu0p50__psi1p00,hardzero_plus_depr,0.02,40,973,0.0,1,0.5113865,0.5113865,1.021798,0.09510469,0.09510469,1.0,4.121874e-16,4.334039e-15,-27.695509,2.2480006,0.74933356,0.136,0.0,0.16315207,29.160254,29.190254,3116800
hardzero_plus_depr__c0p54__z1p05__lam0p030__nu0p50__psi1p00,hardzero_plus_depr,0.02,40,974,0.0,1,0.5113865,0.5113865,0.9993888,0.10014083,0.10014083,1.0,4.211869e-16,4.2059455e-15,-26.552774,2.1986992,0.7328998,0.17600001,0.0,0.17566821,29.190254,29.220255,3120000
hardzero_plus_depr__c0p54__z1p05__lam0p030__nu0p50__psi1p00,hardzero_plus_depr,0.02,40,975,0.0,1,0.5113865,0.5113865,1.0307939,0.093154974,0.093154974,1.0,3.8022496e-16,4.0816387e-15,-26.837952,2.267792,0.75593066,0.17,0.0,0.1359146,29.220255,29.250256,3123200
hardzero_plus_depr__c0p54__z1p05__lam0p030__nu0p50__psi1p00,hardzero_plus_depr,0.02,40,976,0.0,1,0.5113865,0.5113865,1.0039179,0.09910192,0.09910192,1.0,3.9254323e-16,3.961005e-15,-26.883814,2.2086635,0.7362212,0.17600001,0.0,0.17341632,29.250256,29.280256,3126400
hardzero_plus_depr__c0p54__z1p05__lam0p030__nu0p50__psi1p00,hardzero_plus_depr,0.02,40,977,0.0,1,0.5113865,0.5113865,1.1060491,0.0,0.07833412,0.0,0.0,3.843937e-15,-28.64675,2.4333565,0.81111884,0.096,0.0,0.15808365,29.280256,29.310257,3129600
hardzero_plus_depr__c0p54__z1p05__lam0p030__nu0p50__psi1p00,hardzero_plus_depr,0.02,40,978,0.0,1,0.5113865,0.5113865,1.0578004,0.0,0.0875386,0.0,0.0,3.7303293e-15,-27.54353,2.3272073,0.7757358,0.112,0.0,0.13615899,29.310257,29.340258,3132800
hardzero_plus_depr__c0p54__z1p05__lam0p030__nu0p50__psi1p00,hardzero_plus_depr,0.02,40,979,0.0,1,0.5113865,0.5113865,1.0200872,0.095480084,0.095480084,1.0,3.4564543e-16,3.6200786e-15,-26.777681,2.2442367,0.74807894,0.136,0.0,0.13416824,29.340258,29.370258,3136000
hardzero_plus_depr__c0p54__z1p05__lam0p030__nu0p50__psi1p00,hardzero_plus_depr,0.02,40,980,0.0,1,0.5113865,0.5113865,0.9950399,0.101148665,0.101148665,1.0,3.5534403e-16,3.5130867e-15,-26.821686,2.1891315,0.7297105,0.216,0.008,0.16315211,29.370258,29.400259,3139200
hardzero_plus_depr__c0p54__z1p05__lam0p030__nu0p50__psi1p00,hardzero_plus_depr,0.02,40,981,0.0,1,0.5113865,0.5113865,1.0523349,0.0,0.08864722,0.0,0.0,3.4092568e-15,-28.303349,2.315183,0.7717277,0.136,0.0,0.16024588,29.400259,29.43026,3142400
hardzero_plus_depr__c0p54__z1p05__lam0p030__nu0p50__psi1p00,hardzero_plus_depr,0.02,40,982,0.0,1,0.5113865,0.5113865,1.0231255,0.09481444,0.09481444,1.0,3.1369317e-16,3.3084957e-15,-27.321182,2.250921,0.750307,0.14400001,0.0,0.15673465,29.43026,29.46026,3145600
hardzero_plus_depr__c0p54__z1p05__lam0p030__nu0p50__psi1p00,hardzero_plus_depr,0.02,40,983,0.0,1,0.5113865,0.5113865,1.0316831,0.092964455,0.092964455,1.0,2.9848218e-16,3.210713e-15,-27.408997,2.2697482,0.75658274,0.14400001,0.0,0.17808162,29.46026,29.490261,3148800
hardzero_plus_depr__c0p54__z1p05__lam0p030__nu0p50__psi1p00,hardzero_plus_depr,0.02,40,984,0.0,1,0.5113865,0.5113865,1.0272783,0.093912125,0.093912125,1.0,2.9261325e-16,3.1158198e-15,-27.67781,2.2600574,0.7533525,0.128,0.0,0.15156119,29.490261,29.520262,3152000
hardzero_plus_depr__c0p54__z1p05__lam0p030__nu0p50__psi1p00,hardzero_plus_depr,0.02,40,985,0.0,1,0.5113865,0.5113865,1.0032377,0.09925725,0.09925725,1.0,3.0012723e-16,3.023731e-15,-27.089752,2.2071671,0.7357224,0.192,0.0,0.1450975,29.520262,29.550262,3155200
hardzero_plus_depr__c0p54__z1p05__lam0p030__nu0p50__psi1p00,hardzero_plus_depr,0.02,40,986,0.0,1,0.5113865,0.5113865,1.0731311,0.0,0.08450238,0.0,0.0,2.9343646e-15,-28.236153,2.3609354,0.7869785,0.15200001,0.0,0.16927719,29.550262,29.580263,3158400
hardzero_plus_depr__c0p54__z1p05__lam0p030__nu0p50__psi1p00,hardzero_plus_depr,0.02,40,987,0.0,1,0.5113865,0.5113865,1.0010422,0.09976029,0.09976029,1.0,2.8408127e-16,2.847639e-15,-27.23834,2.2023368,0.73411226,0.18400002,0.0,0.16069175,29.580263,29.610264,3161600
hardzero_plus_depr__c0p54__z1p05__lam0p030__nu0p50__psi1p00,hardzero_plus_depr,0.02,40,988,0.0,1,0.5113865,0.5113865,1.0347731,0.09230534,0.09230534,1.0,2.5508365e-16,2.7634765e-15,-28.038715,2.2765462,0.7588488,0.19,0.0,0.13787222,29.610264,29.640265,3164800
hardzero_plus_depr__c0p54__z1p05__lam0p030__nu0p50__psi1p00,hardzero_plus_depr,0.02,40,989,0.0,1,0.5113865,0.5113865,0.98779786,0.10284948,0.10284948,1.0,2.7582196e-16,2.681802e-15,-27.227427,2.1731987,0.72439957,0.17600001,0.0,0.13353673,29.640265,29.670265,3168000
hardzero_plus_depr__c0p54__z1p05__lam0p030__nu0p50__psi1p00,hardzero_plus_depr,0.02,40,990,0.0,1,0.5113865,0.5113865,1.0458015,0.089990884,0.089990884,1.0,2.3420493e-16,2.6025407e-15,-28.16888,2.3008094,0.7669365,0.2,0.0,0.16911666,29.670265,29.700266,3171200
hardzero_plus_depr__c0p54__z1p05__lam0p030__nu0p50__psi1p00,hardzero_plus_depr,0.02,40,991,0.0,1,0.5113865,0.5113865,0.97758216,0.10529745,0.10529745,1.0,2.6594158e-16,2.5256223e-15,-26.677807,2.1507237,0.7169079,0.15200001,0.0,0.14578608,29.700266,29.730267,3174400
hardzero_plus_depr__c0p54__z1p05__lam0p030__nu0p50__psi1p00,hardzero_plus_depr,0.02,40,992,0.0,1,0.5113865,0.5113865,1.0246906,0.094473355,0.094473355,1.0,2.3155205e-16,2.4509773e-15,-27.355377,2.2543645,0.75145483,0.136,0.0,0.14290604,29.730267,29.760267,3177600
hardzero_plus_depr__c0p54__z1p05__lam0p030__nu0p50__psi1p00,hardzero_plus_depr,0.02,40,993,0.0,1,0.5113865,0.5113865,1.0309104,0.09313001,0.09313001,1.0,2.2151328e-16,2.3785382e-15,-26.492823,2.268048,0.756016,0.16000001,0.0,0.14330724,29.760267,29.790268,3180800
hardzero_plus_depr__c0p54__z1p05__lam0p030__nu0p50__psi1p00,hardzero_plus_depr,0.02,40,994,0.0,1,0.5113865,0.5113865,1.0308237,0.093148604,0.093148604,1.0,2.1500935e-16,2.3082402e-15,-27.153091,2.2678576,0.75595254,0.136,0.0,0.13536954,29.790268,29.820269,3184000
hardzero_plus_depr__c0p54__z1p05__lam0p030__nu0p50__psi1p00,hardzero_plus_depr,0.02,40,995,0.0,1,0.5113865,0.5113865,1.0341333,0.092441425,0.092441425,1.0,2.0707061e-16,2.2400197e-15,-26.854464,2.2751386,0.7583796,0.14400001,0.0,0.1379284,29.820269,29.85027,3187200
hardzero_plus_depr__c0p54__z1p05__lam0p030__nu0p50__psi1p00,hardzero_plus_depr,0.02,40,996,0.0,1,0.5113865,0.5113865,1.0524138,0.0,0.08863111,0.0,0.0,2.1738158e-15,-27.93035,2.3153567,0.7717856,0.16800001,0.0,0.16399243,29.85027,29.88027,3190400
hardzero_plus_depr__c0p54__z1p05__lam0p030__nu0p50__psi1p00,hardzero_plus_depr,0.02,40,997,0.0,1,0.5113865,0.5113865,1.0613856,0.0,0.0868189,0.0,0.0,2.1095684e-15,-27.708864,2.335095,0.778365,0.18400002,0.0,0.13368113,29.88027,29.91027,3193600
hardzero_plus_depr__c0p54__z1p05__lam0p030__nu0p50__psi1p00,hardzero_plus_depr,0.02,40,998,0.0,1,0.5113865,0.5113865,0.99052155,0.10220647,0.10220647,1.0,2.0923911e-16,2.0472198e-15,-27.13567,2.1791909,0.726397,0.192,0.0,0.16221912,29.91027,29.940271,3196800
hardzero_plus_depr__c0p54__z1p05__lam0p030__nu0p50__psi1p00,hardzero_plus_depr,0.02,40,999,0.0,1,0.5113865,0.5113865,1.0396258,0.09127971,0.09127971,1.0,1.8134666e-16,1.9867139e-15,-27.844093,2.2872224,0.7624075,0.16000001,0.0,0.15377188,29.940271,29.970272,3200000
hardzero_plus_depr__c0p54__z1p05__lam0p030__nu0p50__psi1p00,hardzero_plus_depr,0.02,40,1000,0.0,1,0.5113865,0.5113865,0.9988867,0.100256674,0.100256674,1.0,1.932945e-16,1.9279963e-15,-26.555904,2.1975946,0.73253155,0.104,0.0,0.15132177,29.970272,30.000273,3203200
hardzero_plus_depr__c0p54__z1p05__lam0p030__nu0p50__psi1p00,hardzero_plus_depr,0.02,40,1001,0.0,1,0.5113865,0.5113865,1.0173117,0.09609224,0.09609224,1.0,1.7978994e-16,1.8710143e-15,-26.92521,2.2381303,0.74604344,0.13,0.0,0.15241738,30.000273,30.030273,3206400
hardzero_plus_depr__c0p54__z1p05__lam0p030__nu0p50__psi1p00,hardzero_plus_depr,0.02,40,1002,0.0,1,0.5113865,0.5113865,1.0272222,0.09392426,0.09392426,1.0,1.705398e-16,1.8157161e-15,-27.084486,2.259934,0.75331134,0.104,0.0,0.14402027,30.030273,30.060274,3209600
hardzero_plus_depr__c0p54__z1p05__lam0p030__nu0p50__psi1p00,hardzero_plus_depr,0.02,40,1003,0.0,1,0.5113865,0.5113865,1.0444129,0.09027908,0.09027908,1.0,1.5907647e-16,1.7620524e-15,-27.147142,2.297754,0.765918,0.128,0.0,0.16483252,30.060274,30.090275,3212800
hardzero_plus_depr__c0p54__z1p05__lam0p030__nu0p50__psi1p00,hardzero_plus_depr,0.02,40,1004,0.0,1,0.5113865,0.5113865,1.0675299,0.0,0.08559926,0.0,0.0,1.7099748e-15,-27.376295,2.3486128,0.78287095,0.18400002,0.0,0.1387342,30.090275,30.120275,3216000
hardzero_plus_depr__c0p54__z1p05__lam0p030__nu0p50__psi1p00,hardzero_plus_depr,0.02,40,1005,0.0,1,0.5113865,0.5113865,1.0139321,0.096842915,0.096842915,1.0,1.6070462e-16,1.659436e-15,-27.515205,2.2306952,0.7435651,0.15200001,0.0,0.15993182,30.120275,30.150276,3219200
hardzero_plus_depr__c0p54__z1p05__lam0p030__nu0p50__psi1p00,hardzero_plus_depr,0.02,40,1006,0.0,1,0.5113865,0.5113865,1.035635,0.09212234,0.09212234,1.0,1.4835302e-16,1.6103913e-15,-27.190845,2.2784424,0.75948083,0.136,0.0,0.16173238,30.150276,30.180277,3222400
hardzero_plus_depr__c0p54__z1p05__lam0p030__nu0p50__psi1p00,hardzero_plus_depr,0.02,40,1007,0.0,1,0.5113865,0.5113865,1.0027158,0.099376604,0.099376604,1.0,1.5530534e-16,1.5627959e-15,-27.151558,2.206019,0.73533964,0.2,0.0,0.16475649,30.180277,30.210278,3225600
hardzero_plus_depr__c0p54__z1p05__lam0p030__nu0p50__psi1p00,hardzero_plus_depr,0.02,40,1008,0.0,1,0.5113865,0.5113865,1.017812,0.09598159,0.09598159,1.0,1.4556638e-16,1.5166073e-15,-26.768822,2.239231,0.74641037,0.112,0.0,0.13248467,30.210278,30.240278,3228800
hardzero_plus_depr__c0p54__z1p05__lam0p030__nu0p50__psi1p00,hardzero_plus_depr,0.02,40,1009,0.0,1,0.5113865,0.5113865,1.0072379,0.09834722,0.09834722,1.0,1.4474585e-16,1.4717838e-15,-26.934269,2.2159677,0.7386559,0.128,0.0,0.1361119,30.240278,30.270279,3232000
hardzero_plus_depr__c0p54__z1p05__lam0p030__nu0p50__psi1p00,hardzero_plus_depr,0.02,40,1010,0.0,1,0.5113865,0.5113865,0.9540098,0.11117067,0.11117067,1.0,1.587834e-16,1.428285e-15,-26.04994,2.0988634,0.69962114,0.216,0.0,0.14274862,30.270279,30.30028,3235200
hardzero_plus_depr__c0p54__z1p05__lam0p030__nu0p50__psi1p00,hardzero_plus_depr,0.02,40,1011,0.0,1,0.5113865,0.5113865,1.038649,0.09148523,0.09148523,1.0,1.2680511e-16,1.3860719e-15,-27.761307,2.2850733,0.7616911,0.2,0.0,0.17853725,30.30028,30.33028,3238400
hardzero_plus_depr__c0p54__z1p05__lam0p030__nu0p50__psi1p00,hardzero_plus_depr,0.02,40,1012,0.0,1,0.5113865,0.5113865,1.0868251,0.0,0.08187943,0.0,0.0,1.3451063e-15,-28.180716,2.391063,0.79702103,0.15200001,0.0,0.16665588,30.33028,30.360281,3241600
hardzero_plus_depr__c0p54__z1p05__lam0p030__nu0p50__psi1p00,hardzero_plus_depr,0.02,40,1013,0.0,1,0.5113865,0.5113865,1.0248264,0.09444383,0.09444383,1.0,1.232824e-16,1.3053516e-15,-27.618654,2.2546632,0.7515544,0.2,0.0,0.13172811,30.360281,30.390282,3244800
hardzero_plus_depr__c0p54__z1p05__lam0p030__nu0p50__psi1p00,hardzero_plus_depr,0.02,40,1014,0.0,1,0.5113865,0.5113865,1.032329,0.09282629,0.09282629,1.0,1.1758972e-16,1.2667718e-15,-26.43493,2.2711692,0.7570564,0.13,0.0,0.13210617,30.390282,30.420282,3248000
hardzero_plus_depr__c0p54__z1p05__lam0p030__nu0p50__psi1p00,hardzero_plus_depr,0.02,40,1015,0.0,1,0.5113865,0.5113865,0.9785798,0.10505584,0.10505584,1.0,1.2914852e-16,1.2293321e-15,-25.501692,2.1529186,0.71763957,0.208,0.0,0.13394034,30.420282,30.450283,3251200
hardzero_plus_depr__c0p54__z1p05__lam0p030__nu0p50__psi1p00,hardzero_plus_depr,0.02,40,1016,0.0,1,0.5113865,0.5113865,0.98459303,0.103611276,0.103611276,1.0,1.2360815e-16,1.192999e-15,-27.74904,2.166148,0.72204936,0.224,0.0,0.13560666,30.450283,30.480284,3254400
hardzero_plus_depr__c0p54__z1p05__lam0p030__nu0p50__psi1p00,hardzero_plus_depr,0.02,40,1017,0.0,1,0.5113865,0.5113865,1.0260862,0.09417026,0.09417026,1.0,1.09024655e-16,1.1577398e-15,-26.540047,2.2574348,0.7524783,0.136,0.0,0.13876371,30.480284,30.510284,3257600
hardzero_plus_depr__c0p54__z1p05__lam0p030__nu0p50__psi1p00,hardzero_plus_depr,0.02,40,1018,0.0,1,0.5113865,0.5113865,1.0703919,0.0,0.08503702,0.0,0.0,1.1235226e-15,-28.170734,2.3549092,0.78496975,0.18400002,0.0,0.17272067,30.510284,30.540285,3260800
hardzero_plus_depr__c0p54__z1p05__lam0p030__nu0p50__psi1p00,hardzero_plus_depr,0.02,40,1019,0.0,1,0.5113865,0.5113865,1.0169654,0.0961689,0.0961689,1.0,1.04854566e-16,1.0903168e-15,-27.117874,2.2373686,0.7457895,0.104,0.0,0.12991536,30.540285,30.570286,3264000
hardzero_plus_depr__c0p54__z1p05__lam0p030__nu0p50__psi1p00,hardzero_plus_depr,0.02,40,1020,0.0,1,0.5113865,0.5113865,1.0438626,0.09039356,0.09039356,1.0,9.5644724e-17,1.0580923e-15,-27.75304,2.2965436,0.76551455,0.128,0.0,0.16328214,30.570286,30.600286,3267200
hardzero_plus_depr__c0p54__z1p05__lam0p030__nu0p50__psi1p00,hardzero_plus_depr,0.02,40,1021,0.0,1,0.5113865,0.5113865,1.0650219,0.0,0.08609504,0.0,0.0,1.0268202e-15,-28.410233,2.3430948,0.7810316,0.08800001,0.0,0.13885364,30.600286,30.630287,3270400
hardzero_plus_depr__c0p54__z1p05__lam0p030__nu0p50__psi1p00,hardzero_plus_depr,0.02,40,1022,0.0,1,0.5113865,0.5113865,1.0418751,0.09080816,0.09080816,1.0,9.048783e-17,9.964724e-16,-27.967722,2.292171,0.76405704,0.18400002,0.0,0.17449842,30.630287,30.660288,3273600
hardzero_plus_depr__c0p54__z1p05__lam0p030__nu0p50__psi1p00,hardzero_plus_depr,0.02,40,1023,0.0,1,0.5113865,0.5113865,1.0210477,0.09526916,0.09526916,1.0,9.212733e-17,9.670215e-16,-26.620972,2.2463498,0.7487833,0.17600001,0.0,0.14602262,30.660288,30.690289,3276800
hardzero_plus_depr__c0p54__z1p05__lam0p030__nu0p50__psi1p00,hardzero_plus_depr,0.02,40,1024,0.0,1,0.5113865,0.5113865,0.94982594,0.11224681,0.11224681,1.0,1.05337024e-16,9.384411e-16,-26.197403,2.0896587,0.69655293,0.16800001,0.0,0.12936178,30.690289,30.72029,3280000
hardzero_plus_depr__c0p54__z1p05__lam0p030__nu0p50__psi1p00,hardzero_plus_depr,0.02,40,1025,0.0,1,0.5113865,0.5113865,1.0165097,0.09626986,0.09626986,1.0,8.767348e-17,9.107054e-16,-27.295689,2.2363658,0.74545527,0.16000001,0.0,0.1956937,30.72029,30.75029,3283200
hardzero_plus_depr__c0p54__z1p05__lam0p030__nu0p50__psi1p00,hardzero_plus_depr,0.02,40,1026,0.0,1,0.5113865,0.5113865,1.0149266,0.09662142,0.09662142,1.0,8.539298e-17,8.8378936e-16,-26.885107,2.232883,0.74429435,0.18400002,0.0,0.15518443,30.75029,30.78029,3286400
hardzero_plus_depr__c0p54__z1p05__lam0p030__nu0p50__psi1p00,hardzero_plus_depr,0.02,40,1027,0.0,1,0.5113865,0.5113865,1.0388142,0.091450445,0.091450445,1.0,7.84342e-17,8.576688e-16,-27.886147,2.2854369,0.7618123,0.22,0.0,0.12733597,30.78029,30.810291,3289600
hardzero_plus_depr__c0p54__z1p05__lam0p030__nu0p50__psi1p00,hardzero_plus_depr,0.02,40,1028,0.0,1,0.5113865,0.5113865,1.0439045,0.0903848,0.0903848,1.0,7.5229105e-17,8.323203e-16,-26.954098,2.2966359,0.7655453,0.128,0.0,0.14661328,30.810291,30.840292,3292800
hardzero_plus_depr__c0p54__z1p05__lam0p030__nu0p50__psi1p00,hardzero_plus_depr,0.02,40,1029,0.0,1,0.5113865,0.5113865,1.105514,0.0,0.07843068,0.0,0.0,8.07721e-16,-29.279556,2.4321795,0.8107265,0.112,0.0,0.1702241,30.840292,30.870293,3296000
hardzero_plus_depr__c0p54__z1p05__lam0p030__nu0p50__psi1p00,hardzero_plus_depr,0.02,40,1030,0.0,1,0.5113865,0.5113865,1.0424476,0.090688534,0.090688534,1.0,7.108609e-17,7.838487e-16,-27.576431,2.2934303,0.7644768,0.14400001,0.0,0.13423488,30.870293,30.900293,3299200
hardzero_plus_depr__c0p54__z1p05__lam0p030__nu0p50__psi1p00,hardzero_plus_depr,0.02,40,1031,0.0,1,0.5113865,0.5113865,1.0233532,0.09476475,0.09476475,1.0,7.2085826e-17,7.606819e-16,-27.82433,2.251422,0.750474,0.18400002,0.0,0.18010767,30.900293,30.930294,3302400
hardzero_plus_depr__c0p54__z1p05__lam0p030__nu0p50__psi1p00,hardzero_plus_depr,0.02,40,1032,0.0,1,0.5113865,0.5113865,1.0533955,0.0,0.08843099,0.0,0.0,7.3819985e-16,-27.826002,2.3175163,0.77250546,0.136,0.0,0.13194665,30.930294,30.960295,3305600
hardzero_plus_depr__c0p54__z1p05__lam0p030__nu0p50__psi1p00,hardzero_plus_depr,0.02,40,1033,0.0,1,0.5113865,0.5113865,1.0189313,0.09573456,0.09573456,1.0,6.8582544e-17,7.163823e-16,-27.210245,2.2416935,0.7472312,0.16800001,0.0,0.16042428,30.960295,30.990295,3308800
hardzero_plus_depr__c0p54__z1p05__lam0p030__nu0p50__psi1p00,hardzero_plus_depr,0.02,40,1034,0.0,1,0.5113865,0.5113865,1.0457633,0.089998804,0.089998804,1.0,6.256803e-17,6.9520954e-16,-28.075956,2.3007252,0.7669084,0.192,0.0,0.17514181,30.990295,31.020296,3312000
hardzero_plus_depr__c0p54__z1p05__lam0p030__nu0p50__psi1p00,hardzero_plus_depr,0.02,40,1035,0.0,1,0.5113865,0.5113865,1.002539,0.099417076,0.099417076,1.0,6.707297e-17,6.746625e-16,-26.866905,2.2056298,0.73520994,0.208,0.0,0.21199593,31.020296,31.050297,3315200
hardzero_plus_depr__c0p54__z1p05__lam0p030__nu0p50__psi1p00,hardzero_plus_depr,0.02,40,1036,0.0,1,0.5113865,0.5113865,1.0401689,0.09116562,0.09116562,1.0,5.968821e-17,6.547228e-16,-28.51402,2.2884173,0.7628058,0.14400001,0.0,0.16781014,31.050297,31.080297,3318400
hardzero_plus_depr__c0p54__z1p05__lam0p030__nu0p50__psi1p00,hardzero_plus_depr,0.02,40,1037,0.0,1,0.5113865,0.5113865,1.0096437,0.09780393,0.09780393,1.0,6.2141904e-17,6.353723e-16,-26.952204,2.2212605,0.7404202,0.15200001,0.0,0.14147182,31.080297,31.110298,3321600
hardzero_plus_depr__c0p54__z1p05__lam0p030__nu0p50__psi1p00,hardzero_plus_depr,0.02,40,1038,0.0,1,0.5113865,0.5113865,1.0426198,0.09065258,0.09065258,1.0,5.5895817e-17,6.165938e-16,-27.638014,2.2938094,0.76460314,0.15200001,0.0,0.14550069,31.110298,31.140299,3324800
hardzero_plus_depr__c0p54__z1p05__lam0p030__nu0p50__psi1p00,hardzero_plus_depr,0.02,40,1039,0.0,1,0.5113865,0.5113865,1.0319443,0.09290855,0.09290855,1.0,5.559371e-17,5.983703e-16,-26.883684,2.2703228,0.7567743,0.15200001,0.0,0.15021433,31.140299,31.1703,3328000
hardzero_plus_depr__c0p54__z1p05__lam0p030__nu0p50__psi1p00,hardzero_plus_depr,0.02,40,1040,0.0,1,0.5113865,0.5113865,1.0386834,0.09147799,0.09147799,1.0,5.3119934e-17,5.806854e-16,-26.597036,2.285149,0.76171637,0.14,0.0,0.15361533,31.1703,31.2003,3331200
hardzero_plus_depr__c0p54__z1p05__lam0p030__nu0p50__psi1p00,hardzero_plus_depr,0.02,40,1041,0.0,1,0.5113865,0.5113865,1.0205306,0.09538265,0.09538265,1.0,5.3750332e-17,5.6352313e-16,-26.592007,2.245212,0.748404,0.128,0.0,0.13477615,31.2003,31.2303,3334400
hardzero_plus_depr__c0p54__z1p05__lam0p030__nu0p50__psi1p00,hardzero_plus_depr,0.02,40,1042,0.0,1,0.5113865,0.5113865,1.0299394,0.09333845,0.09333845,1.0,5.1043827e-17,5.4686813e-16,-26.962181,2.265912,0.75530404,0.17600001,0.0,0.14009961,31.2303,31.260302,3337600
hardzero_plus_depr__c0p54__z1p05__lam0p030__nu0p50__psi1p00,hardzero_plus_depr,0.02,40,1043,0.0,1,0.5113865,0.5113865,1.0683861,0.0,0.08543069,0.0,0.0,5.307054e-16,-27.240213,2.3504963,0.78349876,0.15200001,0.0,0.13941355,31.260302,31.290302,3340800
hardzero_plus_depr__c0p54__z1p05__lam0p030__nu0p50__psi1p00,hardzero_plus_depr,0.02,40,1044,0.0,1,0.5113865,0.5113865,1.0226511,0.09491807,0.09491807,1.0,4.8884736e-17,5.1502033e-16,-26.81251,2.2498772,0.7499591,0.14400001,0.0,0.13414294,31.290302,31.320303,3344000
hardzero_plus_depr__c0p54__z1p05__lam0p030__nu0p50__psi1p00,hardzero_plus_depr,0.02,40,1045,0.0,1,0.5113865,0.5113865,1.0159174,0.09640124,0.09640124,1.0,4.8181226e-17,4.9979883e-16,-27.032219,2.235063,0.74502105,0.16800001,0.0,0.16643625,31.320303,31.350304,3347200
hardzero_plus_depr__c0p54__z1p05__lam0p030__nu0p50__psi1p00,hardzero_plus_depr,0.02,40,1046,0.0,1,0.5113865,0.5113865,1.0592879,0.0,0.08723929,0.0,0.0,4.850272e-16,-27.992952,2.3304799,0.7768266,0.16800001,0.0,0.16454224,31.350304,31.380304,3350400
hardzero_plus_depr__c0p54__z1p05__lam0p030__nu0p50__psi1p00,hardzero_plus_depr,0.02,40,1047,0.0,1,0.5113865,0.5113865,1.0515877,0.0,0.08879986,0.0,0.0,4.706922e-16,-27.908354,2.313539,0.7711797,0.16000001,0.0,0.15600003,31.380304,31.410305,3353600
hardzero_plus_depr__c0p54__z1p05__lam0p030__nu0p50__psi1p00,hardzero_plus_depr,0.02,40,1048,0.0,1,0.5113865,0.5113865,1.0458893,0.08997269,0.08997269,1.0,4.1097797e-17,4.567808e-16,-27.24221,2.3010023,0.7670008,0.128,0.0,0.1466555,31.410305,31.440306,3356800
hardzero_plus_depr__c0p54__z1p05__lam0p030__nu0p50__psi1p00,hardzero_plus_depr,0.02,40,1049,0.0,1,0.5113865,0.5113865,0.9783047,0.10512242,0.10512242,1.0,4.6598727e-17,4.4328058e-16,-26.54074,2.1523132,0.71743774,0.17600001,0.0,0.13885422,31.440306,31.470306,3360000
hardzero_plus_depr__c0p54__z1p05__lam0p030__nu0p50__psi1p00,hardzero_plus_depr,0.02,40,1050,0.0,1,0.5113865,0.5113865,1.0205336,0.095382,0.095382,1.0,4.1031368e-17,4.3017937e-16,-27.268118,2.2452188,0.7484063,0.16000001,0.0,0.17141716,31.470306,31.500307,3363200
hardzero_plus_depr__c0p54__z1p05__lam0p030__nu0p50__psi1p00,hardzero_plus_depr,0.02,40,1051,0.0,1,0.5113865,0.5113865,0.9934839,0.1015117,0.1015117,1.0,4.2377618e-17,4.1746535e-16,-26.901384,2.1857083,0.72856945,0.14400001,0.0,0.12518983,31.500307,31.530308,3366400
hardzero_plus_depr__c0p54__z1p05__lam0p030__nu0p50__psi1p00,hardzero_plus_depr,0.02,40,1052,0.0,1,0.5113865,0.5113865,1.0797487,0.0,0.083224505,0.0,0.0,4.051271e-16,-27.853333,2.3754947,0.7918316,0.15200001,0.0,0.15407063,31.530308,31.560308,3369600
hardzero_plus_depr__c0p54__z1p05__lam0p030__nu0p50__psi1p00,hardzero_plus_depr,0.02,40,1053,0.0,1,0.5113865,0.5113865,1.0753652,0.0,0.08406878,0.0,0.0,3.9315352e-16,-27.459625,2.3658507,0.7886169,0.17,0.0,0.17332187,31.560308,31.59031,3372800
hardzero_plus_depr__c0p54__z1p05__lam0p030__nu0p50__psi1p00,hardzero_plus_depr,0.02,40,1054,0.0,1,0.5113865,0.5113865,1.0580229,0.0,0.08749376,0.0,0.0,3.8153384e-16,-27.320316,2.3276968,0.77589893,0.15200001,0.0,0.14286011,31.59031,31.62031,3376000
hardzero_plus_depr__c0p54__z1p05__lam0p030__nu0p50__psi1p00,hardzero_plus_depr,0.02,40,1055,0.0,1,0.5113865,0.5113865,1.0205005,0.09538925,0.09538925,1.0,3.5318587e-17,3.7025753e-16,-26.560305,2.245146,0.74838203,0.208,0.0,0.14874053,31.62031,31.65031,3379200
hardzero_plus_depr__c0p54__z1p05__lam0p030__nu0p50__psi1p00,hardzero_plus_depr,0.02,40,1056,0.0,1,0.5113865,0.5113865,1.0617193,0.0,0.086752236,0.0,0.0,3.5931455e-16,-28.215868,2.335829,0.7786097,0.128,0.0,0.13718674,31.65031,31.680311,3382400
hardzero_plus_depr__c0p54__z1p05__lam0p030__nu0p50__psi1p00,hardzero_plus_depr,0.02,40,1057,0.0,1,0.5113865,0.5113865,0.99571645,0.10099119,0.10099119,1.0,3.5215117e-17,3.4869493e-16,-26.459946,2.19062,0.73020667,0.18400002,0.0,0.13304988,31.680311,31.710312,3385600
hardzero_plus_depr__c0p54__z1p05__lam0p030__nu0p50__psi1p00,hardzero_plus_depr,0.02,40,1058,0.0,1,0.5113865,0.5113865,1.0679408,0.0,0.085518315,0.0,0.0,3.383892e-16,-28.355627,2.3495169,0.7831723,0.17600001,0.0,0.16049308,31.710312,31.740313,3388800
hardzero_plus_depr__c0p54__z1p05__lam0p030__nu0p50__psi1p00,hardzero_plus_depr,0.02,40,1059,0.0,1,0.5113865,0.5113865,0.9815617,0.10433698,0.10433698,1.0,3.4263015e-17,3.2838806e-16,-27.396358,2.159479,0.71982634,0.120000005,0.0,0.13512002,31.740313,31.770313,3392000
hardzero_plus_depr__c0p54__z1p05__lam0p030__nu0p50__psi1p00,hardzero_plus_depr,0.02,40,1060,0.0,1,0.5113865,0.5113865,0.98873484,0.102627836,0.102627836,1.0,3.2705696e-17,3.1868251e-16,-27.076271,2.17526,0.7250867,0.16000001,0.0,0.14183544,31.770313,31.800314,3395200
hardzero_plus_depr__c0p54__z1p05__lam0p030__nu0p50__psi1p00,hardzero_plus_depr,0.02,40,1061,0.0,1,0.5113865,0.5113865,1.0503417,0.0,0.089055,0.0,0.0,3.0926385e-16,-27.091923,2.310798,0.770266,0.104,0.0,0.16406387,31.800314,31.830315,3398400
hardzero_plus_depr__c0p54__z1p05__lam0p030__nu0p50__psi1p00,hardzero_plus_depr,0.02,40,1062,0.0,1,0.5113865,0.5113865,1.0557739,0.0,0.08794805,0.0,0.0,3.001235e-16,-27.856632,2.322749,0.7742497,0.15200001,0.0,0.12457459,31.830315,31.860315,3401600
hardzero_plus_depr__c0p54__z1p05__lam0p030__nu0p50__psi1p00,hardzero_plus_depr,0.02,40,1063,0.0,1,0.5113865,0.5113865,1.0471218,0.089717716,0.089717716,1.0,2.613058e-17,2.9125328e-16,-28.211403,2.3037138,0.76790464,0.136,0.0,0.15120117,31.860315,31.890316,3404800
hardzero_plus_depr__c0p54__z1p05__lam0p030__nu0p50__psi1p00,hardzero_plus_depr,0.02,40,1064,0.0,1,0.5113865,0.5113865,1.0513232,0.0,0.08885396,0.0,0.0,2.8264529e-16,-27.308104,2.3129573,0.7709858,0.192,0.0,0.14485487,31.890316,31.920317,3408000
hardzero_plus_depr__c0p54__z1p05__lam0p030__nu0p50__psi1p00,hardzero_plus_depr,0.02,40,1065,0.0,1,0.5113865,0.5113865,1.0235022,0.09473224,0.09473224,1.0,2.5984264e-17,2.7429166e-16,-27.536295,2.25175,0.75058335,0.14400001,0.0,0.12973766,31.920317,31.950317,3411200
hardzero_plus_depr__c0p54__z1p05__lam0p030__nu0p50__psi1p00,hardzero_plus_depr,0.02,40,1066,0.0,1,0.5113865,0.5113865,1.0105652,0.097596616,0.097596616,1.0,2.5978747e-17,2.6618492e-16,-27.618916,2.2232878,0.74109596,0.22999999,0.0,0.13822336,31.950317,31.980318,3414400
hardzero_plus_depr__c0p54__z1p05__lam0p030__nu0p50__psi1p00,hardzero_plus_depr,0.02,40,1067,0.0,1,0.5113865,0.5113865,1.0191678,0.09568244,0.09568244,1.0,2.4716476e-17,2.5831779e-16,-26.654566,2.242214,0.7474047,0.15200001,0.0,0.14036141,31.980318,32.01032,3417600
hardzero_plus_depr__c0p54__z1p05__lam0p030__nu0p50__psi1p00,hardzero_plus_depr,0.02,40,1068,0.0,1,0.5113865,0.5113865,1.0897391,0.0,0.081331894,0.0,0.0,2.5068319e-16,-27.977953,2.3974738,0.799158,0.120000005,0.0,0.16419822,32.01032,32.040318,3420800
hardzero_plus_depr__c0p54__z1p05__lam0p030__nu0p50__psi1p00,hardzero_plus_depr,0.02,40,1069,0.0,1,0.5113865,0.5113865,1.0891098,0.0,0.081449844,0.0,0.0,2.4327467e-16,-28.570692,2.3960893,0.79869646,0.080000006,0.0,0.16016838,32.040318,32.070316,3424000
hardzero_plus_depr__c0p54__z1p05__lam0p030__nu0p50__psi1p00,hardzero_plus_depr,0.02,40,1070,0.0,1,0.5113865,0.5113865,1.0278157,0.093795985,0.093795985,1.0,2.2143835e-17,2.360851e-16,-27.603994,2.2612398,0.7537466,0.16000001,0.0,0.13823143,32.070316,32.100315,3427200
hardzero_plus_depr__c0p54__z1p05__lam0p030__nu0p50__psi1p00,hardzero_plus_depr,0.02,40,1071,0.0,1,0.5113865,0.5113865,1.0082834,0.09811074,0.09811074,1.0,2.2477957e-17,2.29108e-16,-27.383799,2.2182677,0.73942256,0.136,0.0,0.15884021,32.100315,32.130314,3430400
hardzero_plus_depr__c0p54__z1p05__lam0p030__nu0p50__psi1p00,hardzero_plus_depr,0.02,40,1072,0.0,1,0.5113865,0.5113865,1.0222491,0.095005974,0.095005974,1.0,2.1123356e-17,2.2233712e-16,-26.871822,2.248993,0.7496643,0.16000001,0.0,0.12398841,32.130314,32.160313,3433600
hardzero_plus_depr__c0p54__z1p05__lam0p030__nu0p50__psi1p00,hardzero_plus_depr,0.02,40,1073,0.0,1,0.5113865,0.5113865,1.0287715,0.09358978,0.09358978,1.0,2.0193524e-17,2.1576633e-16,-27.714752,2.2633426,0.7544476,0.16000001,0.0,0.1642192,32.160313,32.19031,3436800
hardzero_plus_depr__c0p54__z1p05__lam0p030__nu0p50__psi1p00,hardzero_plus_depr,0.02,40,1074,0.0,1,0.5113865,0.5113865,0.9592685,0.109832644,0.109832644,1.0,2.2997826e-17,2.0938972e-16,-25.940563,2.1104329,0.7034776,0.16800001,0.0,0.11962392,32.19031,32.22031,3440000
hardzero_plus_depr__c0p54__z1p05__lam0p030__nu0p50__psi1p00,hardzero_plus_depr,0.02,40,1075,0.0,1,0.5113865,0.5113865,1.02997,0.093331866,0.093331866,1.0,1.8965182e-17,2.0320158e-16,-27.124817,2.2659793,0.75532645,0.16800001,0.0,0.15258637,32.22031,32.25031,3443200
hardzero_plus_depr__c0p54__z1p05__lam0p030__nu0p50__psi1p00,hardzero_plus_depr,0.02,40,1076,0.0,1,0.5113865,0.5113865,1.0048501,0.09888943,0.09888943,1.0,1.9500629e-17,1.9719628e-16,-26.469936,2.2107146,0.73690486,0.16800001,0.0,0.141925,32.25031,32.280308,3446400
hardzero_plus_depr__c0p54__z1p05__lam0p030__nu0p50__psi1p00,hardzero_plus_depr,0.02,40,1077,0.0,1,0.5113865,0.5113865,1.0403876,0.09111973,0.09111973,1.0,1.7437447e-17,1.9136851e-16,-27.586983,2.2888985,0.76296616,0.104,0.0,0.13595222,32.280308,32.310307,3449600
hardzero_plus_depr__c0p54__z1p05__lam0p030__nu0p50__psi1p00,hardzero_plus_depr,0.02,40,1078,0.0,1,0.5113865,0.5113865,1.0331769,0.09264523,0.09264523,1.0,1.7205418e-17,1.8571294e-16,-27.875607,2.2730346,0.7576782,0.104,0.0,0.1639404,32.310307,32.340305,3452800
hardzero_plus_depr__c0p54__z1p05__lam0p030__nu0p50__psi1p00,hardzero_plus_depr,0.02,40,1079,0.0,1,0.5113865,0.5113865,1.0481924,0.08949681,0.08949681,1.0,1.6129519e-17,1.802245e-16,-26.560997,2.3060694,0.7686898,0.14,0.0,0.13566999,32.340305,32.370304,3456000
hardzero_plus_depr__c0p54__z1p05__lam0p030__nu0p50__psi1p00,hardzero_plus_depr,0.02,40,1080,0.0,1,0.5113865,0.5113865,1.0923609,0.0,0.08084239,0.0,0.0,1.7489827e-16,-28.40011,2.4032419,0.80108064,0.08800001,0.0,0.21853735,32.370304,32.400303,3459200
hardzero_plus_depr__c0p54__z1p05__lam0p030__nu0p50__psi1p00,hardzero_plus_depr,0.02,40,1081,0.0,1,0.5113865,0.5113865,1.0549817,0.0,0.0881086,0.0,0.0,1.6972945e-16,-28.336954,2.321006,0.7736687,0.128,0.0,0.15010649,32.400303,32.4303,3462400
hardzero_plus_depr__c0p54__z1p05__lam0p030__nu0p50__psi1p00,hardzero_plus_depr,0.02,40,1082,0.0,1,0.5113865,0.5113865,0.9825369,0.104102954,0.104102954,1.0,1.7147151e-17,1.6471339e-16,-26.421165,2.1616244,0.7205415,0.136,0.0,0.13613017,32.4303,32.4603,3465600
hardzero_plus_depr__c0p54__z1p05__lam0p030__nu0p50__psi1p00,hardzero_plus_depr,0.02,40,1083,0.0,1,0.5113865,0.5113865,1.0307086,0.093173295,0.093173295,1.0,1.489334e-17,1.5984559e-16,-27.455158,2.267604,0.7558681,0.136,0.0,0.14717339,32.4603,32.4903,3468800
hardzero_plus_depr__c0p54__z1p05__lam0p030__nu0p50__psi1p00,hardzero_plus_depr,0.02,40,1084,0.0,1,0.5113865,0.5113865,1.0117806,0.09732387,0.09732387,1.0,1.5097037e-17,1.5512163e-16,-27.635056,2.2259617,0.7419872,0.17600001,0.0,0.13499863,32.4903,32.520298,3472000
hardzero_plus_depr__c0p54__z1p05__lam0p030__nu0p50__psi1p00,hardzero_plus_depr,0.02,40,1085,0.0,1,0.5113865,0.5113865,1.0751754,0.0,0.08410553,0.0,0.0,1.5053726e-16,-28.7104,2.3654332,0.7884778,0.128,0.0,0.1921905,32.520298,32.550297,3475200
hardzero_plus_depr__c0p54__z1p05__lam0p030__nu0p50__psi1p00,hardzero_plus_depr,0.02,40,1086,0.0,1,0.5113865,0.5113865,0.9966605,0.100771904,0.100771904,1.0,1.4721606e-17,1.460884e-16,-26.407907,2.1926968,0.730899,0.18400002,0.0,0.101717986,32.550297,32.580296,3478400
hardzero_plus_depr__c0p54__z1p05__lam0p030__nu0p50__psi1p00,hardzero_plus_depr,0.02,40,1087,0.0,1,0.5113865,0.5113865,1.0084893,0.09806425,0.09806425,1.0,1.3902668e-17,1.41771e-16,-27.187304,2.2187207,0.7395736,0.16800001,0.0,0.13925955,32.580296,32.610294,3481600
hardzero_plus_depr__c0p54__z1p05__lam0p030__nu0p50__psi1p00,hardzero_plus_depr,0.02,40,1088,0.0,1,0.5113865,0.5113865,1.0497835,0.08916954,0.08916954,1.0,1.2268053e-17,1.375812e-16,-27.653366,2.3095698,0.76985663,0.136,0.0,0.15114848,32.610294,32.640293,3484800
hardzero_plus_depr__c0p54__z1p05__lam0p030__nu0p50__psi1p00,hardzero_plus_depr,0.02,40,1089,0.0,1,0.5113865,0.5113865,1.089962,0.0,0.081290156,0.0,0.0,1.3351522e-16,-27.815048,2.3979642,0.7993214,0.120000005,0.0,0.14670223,32.640293,32.67029,3488000
hardzero_plus_depr__c0p54__z1p05__lam0p030__nu0p50__psi1p00,hardzero_plus_depr,0.02,40,1090,0.0,1,0.5113865,0.5113865,0.98014086,0.104678884,0.104678884,1.0,1.3563181e-17,1.2956941e-16,-26.231255,2.156353,0.71878433,0.136,0.0,0.12090388,32.67029,32.70029,3491200
hardzero_plus_depr__c0p54__z1p05__lam0p030__nu0p50__psi1p00,hardzero_plus_depr,0.02,40,1091,0.0,1,0.5113865,0.5113865,1.0521556,0.0,0.08868382,0.0,0.0,1.2574021e-16,-27.844809,2.3147886,0.7715962,0.120000005,0.0,0.14236319,32.70029,32.73029,3494400
hardzero_plus_depr__c0p54__z1p05__lam0p030__nu0p50__psi1p00,hardzero_plus_depr,0.02,40,1092,0.0,1,0.5113865,0.5113865,1.1168848,0.0,0.07640383,0.0,0.0,1.2202418e-16,-28.673326,2.4571958,0.8190653,0.17,0.0,0.16449842,32.73029,32.76029,3497600
hardzero_plus_depr__c0p54__z1p05__lam0p030__nu0p50__psi1p00,hardzero_plus_depr,0.02,40,1093,0.0,1,0.5113865,0.5113865,0.99099433,0.10209527,0.10209527,1.0,1.2089913e-17,1.1841796e-16,-26.7057,2.180231,0.7267437,0.14400001,0.0,0.14355133,32.76029,32.790287,3500800
hardzero_plus_depr__c0p54__z1p05__lam0p030__nu0p50__psi1p00,hardzero_plus_depr,0.02,40,1094,0.0,1,0.5113865,0.5113865,1.0344572,0.09237251,0.09237251,1.0,1.0615294e-17,1.1491832e-16,-27.159157,2.2758512,0.7586171,0.16800001,0.0,0.15406968,32.790287,32.820286,3504000
hardzero_plus_depr__c0p54__z1p05__lam0p030__nu0p50__psi1p00,hardzero_plus_depr,0.02,40,1095,0.0,1,0.5113865,0.5113865,1.0948238,0.0,0.08038521,0.0,0.0,1.115221e-16,-28.424156,2.4086607,0.8028869,0.112,0.0,0.15198027,32.820286,32.850285,3507200
hardzero_plus_depr__c0p54__z1p05__lam0p030__nu0p50__psi1p00,hardzero_plus_depr,0.02,40,1096,0.0,1,0.5113865,0.5113865,0.9897807,0.10238097,0.10238097,1.0,1.108031e-17,1.08226267e-16,-25.82763,2.177561,0.7258537,0.120000005,0.0,0.13348787,32.850285,32.880283,3510400
hardzero_plus_depr__c0p54__z1p05__lam0p030__nu0p50__psi1p00,hardzero_plus_depr,0.02,40,1097,0.0,1,0.5113865,0.5113865,1.0488441,0.089362614,0.089362614,1.0,9.38556e-18,1.0502782e-16,-27.3953,2.307503,0.76916766,0.104,0.0,0.12573716,32.880283,32.910282,3513600
hardzero_plus_depr__c0p54__z1p05__lam0p030__nu0p50__psi1p00,hardzero_plus_depr,0.02,40,1098,0.0,1,0.5113865,0.5113865,1.0995103,0.0,0.07952243,0.0,0.0,1.01923905e-16,-28.816664,2.418971,0.8063237,0.14400001,0.0,0.18855198,32.910282,32.94028,3516800
hardzero_plus_depr__c0p54__z1p05__lam0p030__nu0p50__psi1p00,hardzero_plus_depr,0.02,40,1099,0.0,1,0.5113865,0.5113865,0.99603087,0.100918114,0.100918114,1.0,9.981984e-18,9.8911717e-17,-26.68082,2.1913116,0.7304372,0.104,0.0,0.17659014,32.94028,32.97028,3520000
hardzero_plus_depr__c0p54__z1p05__lam0p030__nu0p50__psi1p00,hardzero_plus_depr,0.02,40,1100,0.0,1,0.5113865,0.5113865,1.0726677,0.0,0.08459257,0.0,0.0,9.598856e-17,-27.952005,2.359916,0.7866387,0.16800001,0.0,0.14491348,32.97028,33.00028,3523200
hardzero_plus_depr__c0p54__z1p05__lam0p030__nu0p50__psi1p00,hardzero_plus_depr,0.02,40,1101,0.0,1,0.5113865,0.5113865,0.9783015,0.10512316,0.10512316,1.0,9.79241e-18,9.315178e-17,-26.934475,2.1523063,0.7174355,0.16000001,0.0,0.15736364,33.00028,33.030277,3526400
hardzero_plus_depr__c0p54__z1p05__lam0p030__nu0p50__psi1p00,hardzero_plus_depr,0.02,40,1102,0.0,1,0.5113865,0.5113865,1.0370487,0.09182296,0.09182296,1.0,8.300689e-18,9.039884e-17,-27.586576,2.2815528,0.7605176,0.16000001,0.0,0.16026244,33.030277,33.060276,3529600
hardzero_plus_depr__c0p54__z1p05__lam0p030__nu0p50__psi1p00,hardzero_plus_depr,0.02,40,1103,0.0,1,0.5113865,0.5113865,1.0229629,0.094849944,0.094849944,1.0,8.320926e-18,8.772726e-17,-26.268349,2.2505634,0.7501878,0.17600001,0.0,0.123045094,33.060276,33.090275,3532800
hardzero_plus_depr__c0p54__z1p05__lam0p030__nu0p50__psi1p00,hardzero_plus_depr,0.02,40,1104,0.0,1,0.5113865,0.5113865,1.0545666,0.0,0.08819286,0.0,0.0,8.5134626e-17,-27.98529,2.320093,0.7733643,0.16800001,0.0,0.1575336,33.090275,33.120274,3536000
hardzero_plus_depr__c0p54__z1p05__lam0p030__nu0p50__psi1p00,hardzero_plus_depr,0.02,40,1105,0.0,1,0.5113865,0.5113865,1.0493861,0.089251146,0.089251146,1.0,7.3738064e-18,8.261862e-17,-27.375511,2.3086956,0.7695652,0.12,0.0,0.1342351,33.120274,33.150272,3539200
hardzero_plus_depr__c0p54__z1p05__lam0p030__nu0p50__psi1p00,hardzero_plus_depr,0.02,40,1106,0.0,1,0.5113865,0.5113865,1.0429419,0.09058537,0.09058537,1.0,7.26286e-18,8.017696e-17,-27.448187,2.294518,0.76483935,0.14400001,0.0,0.15246624,33.150272,33.18027,3542400
hardzero_plus_depr__c0p54__z1p05__lam0p030__nu0p50__psi1p00,hardzero_plus_depr,0.02,40,1107,0.0,1,0.5113865,0.5113865,1.0037792,0.099133596,0.099133596,1.0,7.713334e-18,7.7807474e-17,-26.965717,2.2083583,0.73611945,0.208,0.008,0.15510224,33.18027,33.21027,3545600
hardzero_plus_depr__c0p54__z1p05__lam0p030__nu0p50__psi1p00,hardzero_plus_depr,0.02,40,1108,0.0,1,0.5113865,0.5113865,1.0514227,0.0,0.08883361,0.0,0.0,7.550801e-17,-28.190014,2.3131762,0.77105874,0.136,0.0,0.1657464,33.21027,33.24027,3548800
hardzero_plus_depr__c0p54__z1p05__lam0p030__nu0p50__psi1p00,hardzero_plus_depr,0.02,40,1109,0.0,1,0.5113865,0.5113865,1.0410808,0.09097439,0.09097439,1.0,6.6662845e-18,7.3276496e-17,-27.464306,2.2904236,0.7634746,0.128,0.0,0.14819147,33.24027,33.270267,3552000
hardzero_plus_depr__c0p54__z1p05__lam0p030__nu0p50__psi1p00,hardzero_plus_depr,0.02,40,1110,0.0,1,0.5113865,0.5113865,1.0358716,0.09207217,0.09207217,1.0,6.547338e-18,7.111094e-17,-28.110682,2.278963,0.7596544,0.23200001,0.0,0.1609787,33.270267,33.300266,3555200
hardzero_plus_depr__c0p54__z1p05__lam0p030__nu0p50__psi1p00,hardzero_plus_depr,0.02,40,1111,0.0,1,0.5113865,0.5113865,1.0364593,0.09194766,0.09194766,1.0,6.3452508e-18,6.9009376e-17,-27.325241,2.280256,0.76008534,0.15200001,0.0,0.14648524,33.300266,33.330265,3558400
hardzero_plus_depr__c0p54__z1p05__lam0p030__nu0p50__psi1p00,hardzero_plus_depr,0.02,40,1112,0.0,1,0.5113865,0.5113865,1.0267259,0.094031654,0.094031654,1.0,6.297293e-18,6.6969925e-17,-27.593872,2.258842,0.75294733,0.208,0.0,0.13231523,33.330265,33.360264,3561600
hardzero_plus_depr__c0p54__z1p05__lam0p030__nu0p50__psi1p00,hardzero_plus_depr,0.02,40,1113,0.0,1,0.5113865,0.5113865,0.94494015,0.113516726,0.113516726,1.0,7.377536e-18,6.499074e-17,-25.595583,2.0789099,0.69297,0.17600001,0.0,0.1333253,33.360264,33.390263,3564800
hardzero_plus_depr__c0p54__z1p05__lam0p030__nu0p50__psi1p00,hardzero_plus_depr,0.02,40,1114,0.0,1,0.5113865,0.5113865,1.014713,0.09666893,0.09666893,1.0,6.0969146e-18,6.3070053e-17,-26.800787,2.2324133,0.74413776,0.15200001,0.0,0.14098532,33.390263,33.42026,3568000
hardzero_plus_depr__c0p54__z1p05__lam0p030__nu0p50__psi1p00,hardzero_plus_depr,0.02,40,1115,0.0,1,0.5113865,0.5113865,0.99789923,0.10048489,0.10048489,1.0,6.150291e-18,6.1206124e-17,-26.690514,2.1954222,0.7318074,0.224,0.0,0.17670324,33.42026,33.45026,3571200
hardzero_plus_depr__c0p54__z1p05__lam0p030__nu0p50__psi1p00,hardzero_plus_depr,0.02,40,1116,0.0,1,0.5113865,0.5113865,1.0279021,0.09377732,0.09377732,1.0,5.5701176e-18,5.939728e-17,-27.180038,2.2614298,0.7538099,0.16000001,0.0,0.17310818,33.45026,33.48026,3574400
hardzero_plus_depr__c0p54__z1p05__lam0p030__nu0p50__psi1p00,hardzero_plus_depr,0.02,40,1117,0.0,1,0.5113865,0.5113865,1.0339727,0.092475615,0.092475615,1.0,5.3304706e-18,5.76419e-17,-28.173048,2.2747855,0.75826186,0.096,0.0,0.14052695,33.48026,33.510258,3577600
hardzero_plus_depr__c0p54__z1p05__lam0p030__nu0p50__psi1p00,hardzero_plus_depr,0.02,40,1118,0.0,1,0.5113865,0.5113865,1.0454541,0.090062894,0.090062894,1.0,5.0379737e-18,5.5938393e-17,-27.25954,2.300045,0.7666817,0.14,0.0,0.15454525,33.510258,33.540257,3580800
hardzero_plus_depr__c0p54__z1p05__lam0p030__nu0p50__psi1p00,hardzero_plus_depr,0.02,40,1119,0.0,1,0.5113865,0.5113865,1.0480676,0.08952255,0.08952255,1.0,4.859752e-18,5.4285227e-17,-27.082005,2.3057947,0.76859826,0.15200001,0.0,0.15317266,33.540257,33.570255,3584000
hardzero_plus_depr__c0p54__z1p05__lam0p030__nu0p50__psi1p00,hardzero_plus_depr,0.02,40,1120,0.0,1,0.5113865,0.5113865,1.0816108,0.0,0.08286844,0.0,0.0,5.268092e-17,-28.333666,2.3795912,0.7931971,0.112,0.0,0.1681867,33.570255,33.600254,3587200
hardzero_plus_depr__c0p54__z1p05__lam0p030__nu0p50__psi1p00,hardzero_plus_depr,0.02,40,1121,0.0,1,0.5113865,0.5113865,1.032067,0.09288233,0.09288233,1.0,4.7485192e-18,5.1124033e-17,-27.022182,2.2705927,0.75686425,0.192,0.0,0.14258765,33.600254,33.630253,3590400
hardzero_plus_depr__c0p54__z1p05__lam0p030__nu0p50__psi1p00,hardzero_plus_depr,0.02,40,1122,0.0,1,0.5113865,0.5113865,1.0126907,0.09712015,0.09712015,1.0,4.818436e-18,4.9613142e-17,-27.599365,2.227964,0.7426547,0.17600001,0.0,0.1533497,33.630253,33.66025,3593600
hardzero_plus_depr__c0p54__z1p05__lam0p030__nu0p50__psi1p00,hardzero_plus_depr,0.02,40,1123,0.0,1,0.5113865,0.5113865,1.0041356,0.09905225,0.09905225,1.0,4.7690598e-18,4.814691e-17,-26.523634,2.2091424,0.7363808,0.192,0.0,0.14905302,33.66025,33.69025,3596800
hardzero_plus_depr__c0p54__z1p05__lam0p030__nu0p50__psi1p00,hardzero_plus_depr,0.02,40,1124,0.0,1,0.5113865,0.5113865,1.011233,0.09744667,0.09744667,1.0,4.5531e-18,4.6724015e-17,-27.081192,2.224757,0.7415857,0.17600001,0.0,0.12490967,33.69025,33.72025,3600000
hardzero_plus_depr__c0p54__z1p05__lam0p030__nu0p50__psi1p00,hardzero_plus_depr,0.02,40,1125,0.0,1,0.5113865,0.5113865,1.0906733,0.0,0.08115711,0.0,0.0,4.5343163e-17,-28.508821,2.3995292,0.7998431,0.112,0.0,0.16312185,33.72025,33.750248,3603200
hardzero_plus_depr__c0p54__z1p05__lam0p030__nu0p50__psi1p00,hardzero_plus_depr,0.02,40,1126,0.0,1,0.5113865,0.5113865,1.025874,0.09421627,0.09421627,1.0,4.1458106e-18,4.4003127e-17,-26.420534,2.256968,0.7523227,0.120000005,0.0,0.12307048,33.750248,33.780247,3606400
hardzero_plus_depr__c0p54__z1p05__lam0p030__nu0p50__psi1p00,hardzero_plus_depr,0.02,40,1127,0.0,1,0.5113865,0.5113865,1.0394446,0.0913178,0.0913178,1.0,3.899516e-18,4.270269e-17,-27.171408,2.2868237,0.7622746,0.14400001,0.0,0.120572306,33.780247,33.810246,3609600
hardzero_plus_depr__c0p54__z1p05__lam0p030__nu0p50__psi1p00,hardzero_plus_depr,0.02,40,1128,0.0,1,0.5113865,0.5113865,1.0214186,0.09518783,0.09518783,1.0,3.9446486e-18,4.1440683e-17,-26.543993,2.2471657,0.74905527,0.18400002,0.0,0.17202841,33.810246,33.840244,3612800
hardzero_plus_depr__c0p54__z1p05__lam0p030__nu0p50__psi1p00,hardzero_plus_depr,0.02,40,1129,0.0,1,0.5113865,0.5113865,1.055696,0.0,0.08796379,0.0,0.0,4.0215976e-17,-28.76515,2.3225777,0.7741926,0.104,0.0,0.13554215,33.840244,33.870243,3616000
hardzero_plus_depr__c0p54__z1p05__lam0p030__nu0p50__psi1p00,hardzero_plus_depr,0.02,40,1130,0.0,1,0.5113865,0.5113865,1.0460912,0.08993087,0.08993087,1.0,3.5097732e-18,3.902746e-17,-27.468283,2.3014467,0.7671489,0.17600001,0.0,0.1466269,33.870243,33.90024,3619200
hardzero_plus_depr__c0p54__z1p05__lam0p030__nu0p50__psi1p00,hardzero_plus_depr,0.02,40,1131,0.0,1,0.5113865,0.5113865,1.0216359,0.095140204,0.095140204,1.0,3.603347e-18,3.7874072e-17,-26.677347,2.2476437,0.7492146,0.14,0.0,0.13808145,33.90024,33.93024,3622400
hardzero_plus_depr__c0p54__z1p05__lam0p030__nu0p50__psi1p00,hardzero_plus_depr,0.02,40,1132,0.0,1,0.5113865,0.5113865,1.0270667,0.0939579,0.0939579,1.0,3.453401e-18,3.675477e-17,-28.387169,2.2595918,0.7531973,0.15200001,0.0,0.1515474,33.93024,33.96024,3625600
hardzero_plus_depr__c0p54__z1p05__lam0p030__nu0p50__psi1p00,hardzero_plus_depr,0.02,40,1133,0.0,1,0.5113865,0.5113865,1.0309701,0.0931172,0.0931172,1.0,3.3213554e-18,3.5668547e-17,-27.54882,2.2681794,0.7560598,0.216,0.0,0.13810405,33.96024,33.99024,3628800
hardzero_plus_depr__c0p54__z1p05__lam0p030__nu0p50__psi1p00,hardzero_plus_depr,0.02,40,1134,0.0,1,0.5113865,0.5113865,0.9904175,0.10223099,0.10223099,1.0,3.5386667e-18,3.4614425e-17,-25.948343,2.178962,0.7263207,0.15200001,0.0,0.13900974,33.99024,34.020237,3632000
hardzero_plus_depr__c0p54__z1p05__lam0p030__nu0p50__psi1p00,hardzero_plus_depr,0.02,40,1135,0.0,1,0.5113865,0.5113865,1.0193149,0.09565003,0.09565003,1.0,3.2130232e-18,3.359145e-17,-26.838135,2.2425375,0.7475125,0.16800001,0.0,0.13067871,34.020237,34.050236,3635200
hardzero_plus_depr__c0p54__z1p05__lam0p030__nu0p50__psi1p00,hardzero_plus_depr,0.02,40,1136,0.0,1,0.5113865,0.5113865,1.0490639,0.08931739,0.08931739,1.0,2.9116323e-18,3.2598718e-17,-27.75836,2.3079867,0.76932895,0.16800001,0.0,0.14299405,34.050236,34.080235,3638400
hardzero_plus_depr__c0p54__z1p05__lam0p030__nu0p50__psi1p00,hardzero_plus_depr,0.02,40,1137,0.0,1,0.5113865,0.5113865,0.9980632,0.100446954,0.100446954,1.0,3.1776712e-18,3.1635317e-17,-26.28876,2.195783,0.73192763,0.192,0.0,0.15524136,34.080235,34.110233,3641600
hardzero_plus_depr__c0p54__z1p05__lam0p030__nu0p50__psi1p00,hardzero_plus_depr,0.02,40,1138,0.0,1,0.5113865,0.5113865,1.0269252,0.0939885,0.0939885,1.0,2.8854835e-18,3.0700388e-17,-26.97429,2.2592807,0.7530936,0.096,0.0,0.1563565,34.110233,34.140232,3644800
hardzero_plus_depr__c0p54__z1p05__lam0p030__nu0p50__psi1p00,hardzero_plus_depr,0.02,40,1139,0.0,1,0.5113865,0.5113865,1.0669858,0.0,0.08570657,0.0,0.0,2.979309e-17,-27.848661,2.3474157,0.7824719,0.096,0.0,0.15826796,34.140232,34.17023,3648000
hardzero_plus_depr__c0p54__z1p05__lam0p030__nu0p50__psi1p00,hardzero_plus_depr,0.02,40,1140,0.0,1,0.5113865,0.5113865,1.0774652,0.0,0.08366326,0.0,0.0,2.891261e-17,-28.354027,2.3704708,0.79015696,0.128,0.0,0.14167951,34.17023,34.20023,3651200
hardzero_plus_depr__c0p54__z1p05__lam0p030__nu0p50__psi1p00,hardzero_plus_depr,0.02,40,1141,0.0,1,0.5113865,0.5113865,0.98334855,0.103908576,0.103908576,1.0,2.9154818e-18,2.8058145e-17,-26.424002,2.16341,0.7211367,0.128,0.0,0.14208159,34.20023,34.23023,3654400
hardzero_plus_depr__c0p54__z1p05__lam0p030__nu0p50__psi1p00,hardzero_plus_depr,0.02,40,1142,0.0,1,0.5113865,0.5113865,1.0110018,0.09749854,0.09749854,1.0,2.6547816e-18,2.7228936e-17,-27.334768,2.2242484,0.74141616,0.16000001,0.0,0.16398883,34.23023,34.260227,3657600
hardzero_plus_depr__c0p54__z1p05__lam0p030__nu0p50__psi1p00,hardzero_plus_depr,0.02,40,1143,0.0,1,0.5113865,0.5113865,1.098548,0.0,0.07969882,0.0,0.0,2.6424232e-17,-28.933832,2.416854,0.805618,0.14400001,0.0,0.15869066,34.260227,34.290226,3660800
hardzero_plus_depr__c0p54__z1p05__lam0p030__nu0p50__psi1p00,hardzero_plus_depr,0.02,40,1144,0.0,1,0.5113865,0.5113865,1.0584139,0.0,0.087415025,0.0,0.0,2.5643307e-17,-28.238005,2.328557,0.7761857,0.14999999,0.0,0.16636938,34.290226,34.320225,3664000
hardzero_plus_depr__c0p54__z1p05__lam0p030__nu0p50__psi1p00,hardzero_plus_depr,0.02,40,1145,0.0,1,0.5113865,0.5113865,1.0278648,0.09378538,0.09378538,1.0,2.333893e-18,2.4885466e-17,-27.41343,2.2613478,0.75378263,0.136,0.0,0.13833077,34.320225,34.350224,3667200
hardzero_plus_depr__c0p54__z1p05__lam0p030__nu0p50__psi1p00,hardzero_plus_depr,0.02,40,1146,0.0,1,0.5113865,0.5113865,1.0306174,0.093192846,0.093192846,1.0,2.250609e-18,2.4150018e-17,-26.721304,2.2674034,0.75580114,0.15200001,0.0,0.14592418,34.350224,34.380222,3670400
hardzero_plus_depr__c0p54__z1p05__lam0p030__nu0p50__psi1p00,hardzero_plus_depr,0.02,40,1147,0.0,1,0.5113865,0.5113865,0.9679967,0.107647315,0.107647315,1.0,2.5228554e-18,2.3436305e-17,-26.228989,2.1296353,0.70987844,0.16800001,0.0,0.15607502,34.380222,34.41022,3673600
hardzero_plus_depr__c0p54__z1p05__lam0p030__nu0p50__psi1p00,hardzero_plus_depr,0.02,40,1148,0.0,1,0.5113865,0.5113865,1.0578388,0.0,0.087530866,0.0,0.0,2.2743685e-17,-27.498293,2.3272917,0.7757639,0.192,0.0,0.14548631,34.41022,34.44022,3676800
hardzero_plus_depr__c0p54__z1p05__lam0p030__nu0p50__psi1p00,hardzero_plus_depr,0.02,40,1149,0.0,1,0.5113865,0.5113865,1.031682,0.09296468,0.09296468,1.0,2.0518732e-18,2.2071535e-17,-27.07599,2.2697458,0.75658196,0.096,0.0,0.13445115,34.44022,34.47022,3680000
hardzero_plus_depr__c0p54__z1p05__lam0p030__nu0p50__psi1p00,hardzero_plus_depr,0.02,40,1150,0.0,1,0.5113865,0.5113865,1.0312091,0.093065955,0.093065955,1.0,1.9934027e-18,2.1419248e-17,-27.290625,2.2687054,0.7562351,0.15200001,0.0,0.16137874,34.47022,34.500217,3683200
hardzero_plus_depr__c0p54__z1p05__lam0p030__nu0p50__psi1p00,hardzero_plus_depr,0.02,40,1151,0.0,1,0.5113865,0.5113865,1.050927,0.0,0.088935055,0.0,0.0,2.0786238e-17,-27.272146,2.3120856,0.7706952,0.14400001,0.0,0.14518178,34.500217,34.530216,3686400
hardzero_plus_depr__c0p54__z1p05__lam0p030__nu0p50__psi1p00,hardzero_plus_depr,0.02,40,1152,0.0,1,0.5113865,0.5113865,1.011297,0.09743232,0.09743232,1.0,1.965399e-18,2.0171939e-17,-27.858982,2.2248979,0.74163264,0.16800001,0.0,0.14103618,34.530216,34.560215,3689600
hardzero_plus_depr__c0p54__z1p05__lam0p030__nu0p50__psi1p00,hardzero_plus_depr,0.02,40,1153,0.0,1,0.5113865,0.5113865,1.0208901,0.09530373,0.09530373,1.0,1.8656457e-18,1.957579e-17,-26.95833,2.2460032,0.7486677,0.16800001,0.0,0.14815103,34.560215,34.590214,3692800
hardzero_plus_depr__c0p54__z1p05__lam0p030__nu0p50__psi1p00,hardzero_plus_depr,0.02,40,1154,0.0,1,0.5113865,0.5113865,1.0596057,0.0,0.08717546,0.0,0.0,1.8997262e-17,-28.429943,2.3311791,0.77705973,0.16000001,0.0,0.14492577,34.590214,34.620213,3696000
hardzero_plus_depr__c0p54__z1p05__lam0p030__nu0p50__psi1p00,hardzero_plus_depr,0.02,40,1155,0.0,1,0.5113865,0.5113865,1.0568736,0.0,0.08772562,0.0,0.0,1.8435831e-17,-27.793037,2.3251684,0.7750561,0.14400001,0.0,0.16250288,34.620213,34.65021,3699200
hardzero_plus_depr__c0p54__z1p05__lam0p030__nu0p50__psi1p00,hardzero_plus_depr,0.02,40,1156,0.0,1,0.5113865,0.5113865,0.9763543,0.10559557,0.10559557,1.0,1.8892094e-18,1.7890992e-17,-26.118326,2.1480224,0.7160075,0.128,0.0,0.121111736,34.65021,34.68021,3702400
hardzero_plus_depr__c0p54__z1p05__lam0p030__nu0p50__psi1p00,hardzero_plus_depr,0.02,40,1157,0.0,1,0.5113865,0.5113865,0.96979374,0.10720282,0.10720282,1.0,1.8612825e-18,1.7362253e-17,-27.53372,2.1335888,0.7111963,0.19999999,0.0,0.13385616,34.68021,34.71021,3705600
hardzero_plus_depr__c0p54__z1p05__lam0p030__nu0p50__psi1p00,hardzero_plus_depr,0.02,40,1158,0.0,1,0.5113865,0.5113865,0.98174185,0.10429373,0.10429373,1.0,1.7572598e-18,1.6849141e-17,-27.495712,2.1598752,0.7199584,0.16800001,0.0,0.16931304,34.71021,34.740208,3708800
hardzero_plus_depr__c0p54__z1p05__lam0p030__nu0p50__psi1p00,hardzero_plus_depr,0.02,40,1159,0.0,1,0.5113865,0.5113865,1.1171508,0.0,0.07635707,0.0,0.0,1.6351195e-17,-28.776258,2.4577808,0.8192603,0.14400001,0.0,0.16935934,34.740208,34.770206,3712000
hardzero_plus_depr__c0p54__z1p05__lam0p030__nu0p50__psi1p00,hardzero_plus_depr,0.02,40,1160,0.0,1,0.5113865,0.5113865,1.0817218,0.0,0.08284727,0.0,0.0,1.5867963e-17,-28.42512,2.3798354,0.79327846,0.120000005,0.0,0.16197304,34.770206,34.800205,3715200
hardzero_plus_depr__c0p54__z1p05__lam0p030__nu0p50__psi1p00,hardzero_plus_depr,0.02,40,1161,0.0,1,0.5113865,0.5113865,1.0096201,0.09780925,0.09780925,1.0,1.5061658e-18,1.5399013e-17,-26.568295,2.2212086,0.7404029,0.16000001,0.0,0.15356474,34.800205,34.830204,3718400
hardzero_plus_depr__c0p54__z1p05__lam0p030__nu0p50__psi1p00,hardzero_plus_depr,0.02,40,1162,0.0,1,0.5113865,0.5113865,1.0527157,0.0,0.08856953,0.0,0.0,1.4943923e-17,-26.350374,2.3160207,0.7720069,0.128,0.0,0.17027797,34.830204,34.860203,3721600
hardzero_plus_depr__c0p54__z1p05__lam0p030__nu0p50__psi1p00,hardzero_plus_depr,0.02,40,1163,0.0,1,0.5113865,0.5113865,1.0541271,0.0,0.08828213,0.0,0.0,1.450228e-17,-28.152525,2.319126,0.77304196,0.18400002,0.0,0.15672544,34.860203,34.8902,3724800
hardzero_plus_depr__c0p54__z1p05__lam0p030__nu0p50__psi1p00,hardzero_plus_depr,0.02,40,1164,0.0,1,0.5113865,0.5113865,1.009135,0.09791854,0.09791854,1.0,1.3780752e-18,1.407369e-17,-26.566036,2.2201414,0.74004716,0.17600001,0.0,0.14197053,34.8902,34.9202,3728000
hardzero_plus_depr__c0p54__z1p05__lam0p030__nu0p50__psi1p00,hardzero_plus_depr,0.02,40,1165,0.0,1,0.5113865,0.5113865,1.0385646,0.09150301,0.09150301,1.0,1.2497268e-18,1.3657767e-17,-26.40794,2.2848878,0.7616293,0.14400001,0.0,0.14478546,34.9202,34.9502,3731200
hardzero_plus_depr__c0p54__z1p05__lam0p030__nu0p50__psi1p00,hardzero_plus_depr,0.02,40,1166,0.0,1,0.5113865,0.5113865,0.9738757,0.10619995,0.10619995,1.0,1.4075884e-18,1.3254135e-17,-26.736935,2.1425693,0.71418977,0.24800001,0.0,0.14391086,34.9502,34.980198,3734400
hardzero_plus_depr__c0p54__z1p05__lam0p030__nu0p50__psi1p00,hardzero_plus_depr,0.02,40,1167,0.0,1,0.5113865,0.5113865,1.0664268,0.0,0.08581699,0.0,0.0,1.2862431e-17,-27.572943,2.3461857,0.78206193,0.120000005,0.0,0.14305097,34.980198,35.010197,3737600
hardzero_plus_depr__c0p54__z1p05__lam0p030__nu0p50__psi1p00,hardzero_plus_depr,0.02,40,1168,0.0,1,0.5113865,0.5113865,1.0506257,0.0,0.08899678,0.0,0.0,1.2482304e-17,-27.517946,2.3114226,0.7704742,0.18400002,0.0,0.16007605,35.010197,35.040195,3740800
hardzero_plus_depr__c0p54__z1p05__lam0p030__nu0p50__psi1p00,hardzero_plus_depr,0.02,40,1169,0.0,1,0.5113865,0.5113865,1.059153,0.0,0.087266386,0.0,0.0,1.2113411e-17,-28.084562,2.330183,0.7767277,0.14400001,0.0,0.15948758,35.040195,35.070194,3744000
hardzero_plus_depr__c0p54__z1p05__lam0p030__nu0p50__psi1p00,hardzero_plus_depr,0.02,40,1170,0.0,1,0.5113865,0.5113865,0.98281044,0.104037404,0.104037404,1.0,1.2230034e-18,1.175542e-17,-25.983871,2.1622262,0.7207421,0.11,0.0,0.1246704,35.070194,35.100193,3747200
hardzero_plus_depr__c0p54__z1p05__lam0p030__nu0p50__psi1p00,hardzero_plus_depr,0.02,40,1171,0.0,1,0.5113865,0.5113865,0.9829602,0.104001544,0.104001544,1.0,1.1864505e-18,1.14080085e-17,-27.38521,2.1625557,0.7208519,0.2,0.0,0.14586236,35.100193,35.13019,3750400
hardzero_plus_depr__c0p54__z1p05__lam0p030__nu0p50__psi1p00,hardzero_plus_depr,0.02,40,1172,0.0,1,0.5113865,0.5113865,1.0241042,0.09460099,0.09460099,1.0,1.0473148e-18,1.10708646e-17,-27.004524,2.2530744,0.75102484,0.224,0.0,0.15593985,35.13019,35.16019,3753600
hardzero_plus_depr__c0p54__z1p05__lam0p030__nu0p50__psi1p00,hardzero_plus_depr,0.02,40,1173,0.0,1,0.5113865,0.5113865,1.0516535,0.0,0.088786416,0.0,0.0,1.0743684e-17,-27.386398,2.313684,0.771228,0.128,0.0,0.15929797,35.16019,35.19019,3756800
hardzero_plus_depr__c0p54__z1p05__lam0p030__nu0p50__psi1p00,hardzero_plus_depr,0.02,40,1174,0.0,1,0.5113865,0.5113865,1.0253398,0.09433223,0.09433223,1.0,9.835242e-19,1.0426172e-17,-27.185915,2.2557926,0.7519309,0.120000005,0.0,0.15001963,35.19019,35.22019,3760000
hardzero_plus_depr__c0p54__z1p05__lam0p030__nu0p50__psi1p00,hardzero_plus_depr,0.02,40,1175,0.0,1,0.5113865,0.5113865,1.0717008,0.0,0.08478112,0.0,0.0,1.0118045e-17,-28.097588,2.3577888,0.7859296,0.16800001,0.0,0.19175677,35.22019,35.250187,3763200
hardzero_plus_depr__c0p54__z1p05__lam0p030__nu0p50__psi1p00,hardzero_plus_depr,0.02,40,1176,0.0,1,0.5113865,0.5113865,1.085851,0.0,0.08206332,0.0,0.0,9.8190235e-18,-27.826704,2.3889198,0.7963066,0.17600001,0.0,0.15420265,35.250187,35.280186,3766400
hardzero_plus_depr__c0p54__z1p05__lam0p030__nu0p50__psi1p00,hardzero_plus_depr,0.02,40,1177,0.0,1,0.5113865,0.5113865,1.0674111,0.0,0.08562269,0.0,0.0,9.52884e-18,-27.460775,2.3483512,0.78278375,0.17600001,0.0,0.1420627,35.280186,35.310184,3769600
hardzero_plus_depr__c0p54__z1p05__lam0p030__nu0p50__psi1p00,hardzero_plus_depr,0.02,40,1178,0.0,1,0.5113865,0.5113865,1.0346798,0.092325196,0.092325196,1.0,8.537524e-19,9.247231e-18,-27.43296,2.276341,0.75878036,0.16000001,0.0,0.13579895,35.310184,35.340183,3772800
hardzero_plus_depr__c0p54__z1p05__lam0p030__nu0p50__psi1p00,hardzero_plus_depr,0.02,40,1179,0.0,1,0.5113865,0.5113865,1.0338231,0.09250748,0.09250748,1.0,8.3015707e-19,8.973945e-18,-27.090714,2.2744563,0.7581521,0.16800001,0.0,0.14349267,35.340183,35.370182,3776000
hardzero_plus_depr__c0p54__z1p05__lam0p030__nu0p50__psi1p00,hardzero_plus_depr,0.02,40,1180,0.0,1,0.5113865,0.5113865,1.0102204,0.09767413,0.09767413,1.0,8.5061815e-19,8.708735e-18,-27.289728,2.2225292,0.74084306,0.192,0.0,0.14627434,35.370182,35.40018,3779200
hardzero_plus_depr__c0p54__z1p05__lam0p030__nu0p50__psi1p00,hardzero_plus_depr,0.02,40,1181,0.0,1,0.5113865,0.5113865,0.97157824,0.106763236,0.106763236,1.0,9.022949e-19,8.451364e-18,-26.605892,2.1375148,0.712505,0.096,0.0,0.107857265,35.40018,35.43018,3782400
hardzero_plus_depr__c0p54__z1p05__lam0p030__nu0p50__psi1p00,hardzero_plus_depr,0.02,40,1182,0.0,1,0.5113865,0.5113865,1.069175,0.0,0.08527564,0.0,0.0,8.201598e-18,-27.582544,2.352232,0.78407735,0.16000001,0.0,0.15085001,35.43018,35.46018,3785600
hardzero_plus_depr__c0p54__z1p05__lam0p030__nu0p50__psi1p00,hardzero_plus_depr,0.02,40,1183,0.0,1,0.5113865,0.5113865,1.0203438,0.09542369,0.09542369,1.0,7.5949764e-19,7.9592146e-18,-28.026424,2.244801,0.74826705,0.14999999,0.0,0.17763205,35.46018,35.490177,3788800
hardzero_plus_depr__c0p54__z1p05__lam0p030__nu0p50__psi1p00,hardzero_plus_depr,0.02,40,1184,0.0,1,0.5113865,0.5113865,1.0124016,0.09718482,0.09718482,1.0,7.5065493e-19,7.723993e-18,-26.128906,2.2273278,0.7424426,0.16000001,0.0,0.13713126,35.490177,35.520176,3792000
hardzero_plus_depr__c0p54__z1p05__lam0p030__nu0p50__psi1p00,hardzero_plus_depr,0.02,40,1185,0.0,1,0.5113865,0.5113865,1.032457,0.09279894,0.09279894,1.0,6.955953e-19,7.495725e-18,-27.679546,2.2714508,0.7571503,0.096,0.0,0.13756399,35.520176,35.550175,3795200
hardzero_plus_depr__c0p54__z1p05__lam0p030__nu0p50__psi1p00,hardzero_plus_depr,0.02,40,1186,0.0,1,0.5113865,0.5113865,1.0233417,0.09476725,0.09476725,1.0,6.89356e-19,7.274201e-18,-27.182041,2.2513967,0.7504656,0.192,0.0,0.15562004,35.550175,35.580173,3798400
hardzero_plus_depr__c0p54__z1p05__lam0p030__nu0p50__psi1p00,hardzero_plus_depr,0.02,40,1187,0.0,1,0.5113865,0.5113865,1.0690913,0.0,0.08529208,0.0,0.0,7.059225e-18,-27.394918,2.352048,0.784016,0.136,0.0,0.15709178,35.580173,35.610172,3801600
hardzero_plus_depr__c0p54__z1p05__lam0p030__nu0p50__psi1p00,hardzero_plus_depr,0.02,40,1188,0.0,1,0.5113865,0.5113865,1.0425774,0.090661444,0.090661444,1.0,6.2108536e-19,6.8506006e-18,-27.865519,2.293716,0.764572,0.15200001,0.0,0.13046725,35.610172,35.64017,3804800
hardzero_plus_depr__c0p54__z1p05__lam0p030__nu0p50__psi1p00,hardzero_plus_depr,0.02,40,1189,0.0,1,0.5113865,0.5113865,1.0319068,0.09291656,0.09291656,1.0,6.177226e-19,6.6481432e-18,-27.226458,2.2702403,0.75674677,0.136,0.0,0.16101559,35.64017,35.67017,3808000
hardzero_plus_depr__c0p54__z1p05__lam0p030__nu0p50__psi1p00,hardzero_plus_depr,0.02,40,1190,0.0,1,0.5113865,0.5113865,1.0568067,0.0,0.08773913,0.0,0.0,6.4516684e-18,-28.37495,2.325021,0.775007,0.112,0.0,0.16204546,35.67017,35.70017,3811200
hardzero_plus_depr__c0p54__z1p05__lam0p030__nu0p50__psi1p00,hardzero_plus_depr,0.02,40,1191,0.0,1,0.5113865,0.5113865,1.0807114,0.0,0.08304024,0.0,0.0,6.2610008e-18,-27.244873,2.3776124,0.79253745,0.120000005,0.0,0.13487113,35.70017,35.730167,3814400
hardzero_plus_depr__c0p54__z1p05__lam0p030__nu0p50__psi1p00,hardzero_plus_depr,0.02,40,1192,0.0,1,0.5113865,0.5113865,1.014275,0.096766494,0.096766494,1.0,5.879501e-19,6.075968e-18,-27.681105,2.2314494,0.7438165,0.112,0.0,0.13129562,35.730167,35.760166,3817600
hardzero_plus_depr__c0p54__z1p05__lam0p030__nu0p50__psi1p00,hardzero_plus_depr,0.02,40,1193,0.0,1,0.5113865,0.5113865,0.9857963,0.1033246,0.1033246,1.0,6.092435e-19,5.896403e-18,-26.366508,2.168795,0.72293174,0.17600001,0.0,0.13821612,35.760166,35.790165,3820800
hardzero_plus_depr__c0p54__z1p05__lam0p030__nu0p50__psi1p00,hardzero_plus_depr,0.02,40,1194,0.0,1,0.5113865,0.5113865,1.023641,0.09470195,0.09470195,1.0,5.4189827e-19,5.7221447e-18,-27.362665,2.2520552,0.7506851,0.16000001,0.0,0.14932835,35.790165,35.820164,3824000
hardzero_plus_depr__c0p54__z1p05__lam0p030__nu0p50__psi1p00,hardzero_plus_depr,0.02,40,1195,0.0,1,0.5113865,0.5113865,1.0404304,0.09111073,0.09111073,1.0,5.0594125e-19,5.5530367e-18,-27.387312,2.2889926,0.76299757,0.112,0.0,0.15314187,35.820164,35.850163,3827200
hardzero_plus_depr__c0p54__z1p05__lam0p030__nu0p50__psi1p00,hardzero_plus_depr,0.02,40,1196,0.0,1,0.5113865,0.5113865,0.9803561,0.10462703,0.10462703,1.0,5.6382735e-19,5.388926e-18,-25.847118,2.1568265,0.71894217,0.12,0.0,0.11798021,35.850163,35.88016,3830400
hardzero_plus_depr__c0p54__z1p05__lam0p030__nu0p50__psi1p00,hardzero_plus_depr,0.02,40,1197,0.0,1,0.5113865,0.5113865,1.0527765,0.0,0.08855713,0.0,0.0,5.2296654e-18,-27.662325,2.3161545,0.7720515,0.104,0.0,0.16011554,35.88016,35.91016,3833600
hardzero_plus_depr__c0p54__z1p05__lam0p030__nu0p50__psi1p00,hardzero_plus_depr,0.02,40,1198,0.0,1,0.5113865,0.5113865,1.0095198,0.09783182,0.09783182,1.0,4.9650746e-19,5.075112e-18,-26.386902,2.220988,0.7403294,0.16000001,0.0,0.1445612,35.91016,35.94016,3836800
hardzero_plus_depr__c0p54__z1p05__lam0p030__nu0p50__psi1p00,hardzero_plus_depr,0.02,40,1199,0.0,1,0.5113865,0.5113865,1.0835094,0.0,0.08250695,0.0,0.0,4.925126e-18,-28.551008,2.3837683,0.79458946,0.136,0.0,0.1750693,35.94016,35.970158,3840000
hardzero_plus_depr__c0p54__z1p05__lam0p030__nu0p50__psi1p00,hardzero_plus_depr,0.02,40,1200,0.0,1,0.5113865,0.5113865,1.0972373,0.0,0.07993973,0.0,0.0,4.7795724e-18,-28.317814,2.4139705,0.80465686,0.096,0.0,0.15319936,35.970158,36.000156,3843200
hardzero_plus_depr__c0p54__z1p05__lam0p030__nu0p50__psi1p00,hardzero_plus_depr,0.02,40,1201,0.0,1,0.5113865,0.5113865,1.0941433,0.0,0.08051129,0.0,0.0,4.6383206e-18,-28.988234,2.4071634,0.80238783,0.112,0.0,0.1621749,36.000156,36.030155,3846400
hardzero_plus_depr__c0p54__z1p05__lam0p030__nu0p50__psi1p00,hardzero_plus_depr,0.02,40,1202,0.0,1,0.5113865,0.5113865,1.0760047,0.0,0.08394508,0.0,0.0,4.5012427e-18,-27.47229,2.3672578,0.789086,0.16800001,0.0,0.15300754,36.030155,36.060154,3849600
hardzero_plus_depr__c0p54__z1p05__lam0p030__nu0p50__psi1p00,hardzero_plus_depr,0.02,40,1203,0.0,1,0.5113865,0.5113865,1.0559309,0.0,0.08791624,0.0,0.0,4.368216e-18,-28.069977,2.3230944,0.7743648,0.14400001,0.0,0.14364243,36.060154,36.090153,3852800
hardzero_plus_depr__c0p54__z1p05__lam0p030__nu0p50__psi1p00,hardzero_plus_depr,0.02,40,1204,0.0,1,0.5113865,0.5113865,1.0273716,0.093891956,0.093891956,1.0,3.9801933e-19,4.2391207e-18,-26.957548,2.2602627,0.75342095,0.104,0.0,0.1258433,36.090153,36.12015,3856000
hardzero_plus_depr__c0p54__z1p05__lam0p030__nu0p50__psi1p00,hardzero_plus_depr,0.02,40,1205,0.0,1,0.5113865,0.5113865,1.0119443,0.09728719,0.09728719,1.0,4.0022402e-19,4.113841e-18,-27.40205,2.226322,0.74210733,0.192,0.0,0.12860925,36.12015,36.15015,3859200
hardzero_plus_depr__c0p54__z1p05__lam0p030__nu0p50__psi1p00,hardzero_plus_depr,0.02,40,1206,0.0,1,0.5113865,0.5113865,1.0554507,0.0,0.08801351,0.0,0.0,3.9922636e-18,-27.552103,2.322038,0.7740127,0.128,0.0,0.1583266,36.15015,36.18015,3862400
hardzero_plus_depr__c0p54__z1p05__lam0p030__nu0p50__psi1p00,hardzero_plus_depr,0.02,40,1207,0.0,1,0.5113865,0.5113865,1.0402684,0.09114473,0.09114473,1.0,3.5312012e-19,3.874279e-18,-27.848545,2.2886362,0.7628788,0.096,0.0,0.13500074,36.18015,36.210148,3865600
hardzero_plus_depr__c0p54__z1p05__lam0p030__nu0p50__psi1p00,hardzero_plus_depr,0.02,40,1208,0.0,1,0.5113865,0.5113865,1.0883253,0.0,0.08159709,0.0,0.0,3.7597816e-18,-29.12845,2.3943634,0.79812115,0.080000006,0.0,0.17362474,36.210148,36.240147,3868800
hardzero_plus_depr__c0p54__z1p05__lam0p030__nu0p50__psi1p00,hardzero_plus_depr,0.02,40,1209,0.0,1,0.5113865,0.5113865,1.013321,0.09697928,0.09697928,1.0,3.5384512e-19,3.6486672e-18,-26.796633,2.2293508,0.743117,0.16,0.0,0.15538794,36.240147,36.270145,3872000
hardzero_plus_depr__c0p54__z1p05__lam0p030__nu0p50__psi1p00,hardzero_plus_depr,0.02,40,1210,0.0,1,0.5113865,0.5113865,1.056015,0.0,0.0878992,0.0,0.0,3.540837e-18,-27.64058,2.3232794,0.77442646,0.120000005,0.0,0.158497,36.270145,36.300144,3875200
hardzero_plus_depr__c0p54__z1p05__lam0p030__nu0p50__psi1p00,hardzero_plus_depr,0.02,40,1211,0.0,1,0.5113865,0.5113865,1.0265927,0.09406048,0.09406048,1.0,3.2321005e-19,3.4361939e-18,-26.537552,2.2585492,0.75284976,0.16000001,0.0,0.14799926,36.300144,36.330143,3878400
hardzero_plus_depr__c0p54__z1p05__lam0p030__nu0p50__psi1p00,hardzero_plus_depr,0.02,40,1212,0.0,1,0.5113865,0.5113865,1.083661,0.0,0.08247817,0.0,0.0,3.334643e-18,-28.477013,2.3841016,0.79470056,0.136,0.0,0.15779541,36.330143,36.36014,3881600
hardzero_plus_depr__c0p54__z1p05__lam0p030__nu0p50__psi1p00,hardzero_plus_depr,0.02,40,1213,0.0,1,0.5113865,0.5113865,1.0687507,0.0,0.085358985,0.0,0.0,3.2360935e-18,-27.609583,2.3512986,0.7837662,0.128,0.0,0.14356147,36.36014,36.39014,3884800
hardzero_plus_depr__c0p54__z1p05__lam0p030__nu0p50__psi1p00,hardzero_plus_depr,0.02,40,1214,0.0,1,0.5113865,0.5113865,1.0037358,0.0991435,0.0991435,1.0,3.1135582e-19,3.1404563e-18,-26.926086,2.2082627,0.73608756,0.216,0.0,0.13813108,36.39014,36.42014,3888000
hardzero_plus_depr__c0p54__z1p05__lam0p030__nu0p50__psi1p00,hardzero_plus_depr,0.02,40,1215,0.0,1,0.5113865,0.5113865,1.060738,0.0,0.08694848,0.0,0.0,3.0476454e-18,-27.494247,2.3336701,0.7778901,0.120000005,0.0,0.12962754,36.42014,36.450138,3891200
hardzero_plus_depr__c0p54__z1p05__lam0p030__nu0p50__psi1p00,hardzero_plus_depr,0.02,40,1216,0.0,1,0.5113865,0.5113865,1.0294415,0.09344553,0.09344553,1.0,2.763724e-19,2.9575775e-18,-26.856981,2.2648165,0.75493884,0.136,0.0,0.13579062,36.450138,36.480137,3894400
hardzero_plus_depr__c0p54__z1p05__lam0p030__nu0p50__psi1p00,hardzero_plus_depr,0.02,40,1217,0.0,1,0.5113865,0.5113865,1.0767764,0.0,0.08379605,0.0,0.0,2.8701716e-18,-27.5875,2.3689554,0.7896518,0.128,0.0,0.15379646,36.480137,36.510136,3897600
hardzero_plus_depr__c0p54__z1p05__lam0p030__nu0p50__psi1p00,hardzero_plus_depr,0.02,40,1218,0.0,1,0.5113865,0.5113865,1.0239931,0.0946252,0.0946252,1.0,2.6356414e-19,2.7853483e-18,-27.096073,2.2528298,0.7509433,0.14400001,0.0,0.1531464,36.510136,36.540134,3900800
hardzero_plus_depr__c0p54__z1p05__lam0p030__nu0p50__psi1p00,hardzero_plus_depr,0.02,40,1219,0.0,1,0.5113865,0.5113865,1.0077336,0.09823503,0.09823503,1.0,2.6553245e-19,2.703032e-18,-27.225605,2.2170582,0.7390194,0.14400001,0.0,0.1360551,36.540134,36.570133,3904000
hardzero_plus_depr__c0p54__z1p05__lam0p030__nu0p50__psi1p00,hardzero_plus_depr,0.02,40,1220,0.0,1,0.5113865,0.5113865,0.9994806,0.100119665,0.100119665,1.0,2.6262878e-19,2.6231487e-18,-26.356411,2.1989012,0.7329671,0.14400001,0.0,0.13819669,36.570133,36.600132,3907200
hardzero_plus_depr__c0p54__z1p05__lam0p030__nu0p50__psi1p00,hardzero_plus_depr,0.02,40,1221,0.0,1,0.5113865,0.5113865,1.0973793,0.0,0.0799136,0.0,0.0,2.5456264e-18,-28.787514,2.4142828,0.80476093,0.16000001,0.0,0.15847717,36.600132,36.63013,3910400
hardzero_plus_depr__c0p54__z1p05__lam0p030__nu0p50__psi1p00,hardzero_plus_depr,0.02,40,1222,0.0,1,0.5113865,0.5113865,1.0315922,0.09298389,0.09298389,1.0,2.297069e-19,2.4703945e-18,-27.27559,2.2695482,0.7565161,0.16,0.0,0.16989343,36.63013,36.66013,3913600
hardzero_plus_depr__c0p54__z1p05__lam0p030__nu0p50__psi1p00,hardzero_plus_depr,0.02,40,1223,0.0,1,0.5113865,0.5113865,1.088607,0.0,0.08154419,0.0,0.0,2.3973863e-18,-28.705973,2.394983,0.7983277,0.192,0.0,0.1701273,36.66013,36.69013,3916800
hardzero_plus_depr__c0p54__z1p05__lam0p030__nu0p50__psi1p00,hardzero_plus_depr,0.02,40,1224,0.0,1,0.5113865,0.5113865,1.0098143,0.09776551,0.09776551,1.0,2.2745495e-19,2.3265356e-18,-27.523655,2.2216358,0.7405453,0.080000006,0.0,0.116643555,36.69013,36.720127,3920000
hardzero_plus_depr__c0p54__z1p05__lam0p030__nu0p50__psi1p00,hardzero_plus_depr,0.02,40,1225,0.0,1,0.5113865,0.5113865,1.0145557,0.09670397,0.09670397,1.0,2.1833616e-19,2.2577787e-18,-27.154102,2.232067,0.74402237,0.128,0.0,0.13958918,36.720127,36.750126,3923200
hardzero_plus_depr__c0p54__z1p05__lam0p030__nu0p50__psi1p00,hardzero_plus_depr,0.02,40,1226,0.0,1,0.5113865,0.5113865,0.9949971,0.10115863,0.10115863,1.0,2.21644e-19,2.191054e-18,-26.22671,2.1890373,0.7296791,0.216,0.0,0.1277509,36.750126,36.780125,3926400
hardzero_plus_depr__c0p54__z1p05__lam0p030__nu0p50__psi1p00,hardzero_plus_depr,0.02,40,1227,0.0,1,0.5113865,0.5113865,1.0701475,0.0,0.085084885,0.0,0.0,2.1263013e-18,-27.577454,2.3543715,0.7847905,0.14400001,0.0,0.13698001,36.780125,36.810123,3929600
hardzero_plus_depr__c0p54__z1p05__lam0p030__nu0p50__psi1p00,hardzero_plus_depr,0.02,40,1228,0.0,1,0.5113865,0.5113865,1.0484248,0.08944892,0.08944892,1.0,1.8457445e-19,2.063462e-18,-26.980408,2.3065808,0.7688603,0.15200001,0.0,0.15414782,36.810123,36.840122,3932800
hardzero_plus_depr__c0p54__z1p05__lam0p030__nu0p50__psi1p00,hardzero_plus_depr,0.02,40,1229,0.0,1,0.5113865,0.5113865,1.0169419,0.096174076,0.096174076,1.0,1.9258666e-19,2.00248e-18,-26.58811,2.2373168,0.7457723,0.16000001,0.0,0.12460606,36.840122,36.87012,3936000
hardzero_plus_depr__c0p54__z1p05__lam0p030__nu0p50__psi1p00,hardzero_plus_depr,0.02,40,1230,0.0,1,0.5113865,0.5113865,1.0491862,0.08929225,0.08929225,1.0,1.7352164e-19,1.9433002e-18,-27.225952,2.308256,0.76941866,0.2,0.0,0.14694248,36.87012,36.90012,3939200
hardzero_plus_depr__c0p54__z1p05__lam0p030__nu0p50__psi1p00,hardzero_plus_depr,0.02,40,1231,0.0,1,0.5113865,0.5113865,1.0813947,0.0,0.08290969,0.0,0.0,1.8858692e-18,-27.557896,2.3791158,0.7930386,0.16000001,0.0,0.14166969,36.90012,36.93012,3942400
hardzero_plus_depr__c0p54__z1p05__lam0p030__nu0p50__psi1p00,hardzero_plus_depr,0.02,40,1232,0.0,1,0.5113865,0.5113865,1.017013,0.096158355,0.096158355,1.0,1.7598283e-19,1.8301357e-18,-26.86419,2.2374732,0.74582446,0.14400001,0.0,0.1690282,36.93012,36.960117,3945600
hardzero_plus_depr__c0p54__z1p05__lam0p030__nu0p50__psi1p00,hardzero_plus_depr,0.02,40,1233,0.0,1,0.5113865,0.5113865,1.0290263,0.09353491,0.09353491,1.0,1.661226e-19,1.7760492e-18,-27.4114,2.263903,0.7546343,0.14400001,0.0,0.13610388,36.960117,36.990116,3948800
hardzero_plus_depr__c0p54__z1p05__lam0p030__nu0p50__psi1p00,hardzero_plus_depr,0.02,40,1234,0.0,1,0.5113865,0.5113865,1.0549353,0.0,0.08811801,0.0,0.0,1.723561e-18,-27.244604,2.320904,0.7736347,0.18400002,0.0,0.12923972,36.990116,37.020115,3952000
hardzero_plus_depr__c0p54__z1p05__lam0p030__nu0p50__psi1p00,hardzero_plus_depr,0.02,40,1235,0.0,1,0.5113865,0.5113865,1.0257235,0.094248936,0.094248936,1.0,1.5764305e-19,1.6726241e-18,-27.171,2.2566366,0.7522122,0.19,0.0,0.15858383,37.020115,37.050114,3955200
hardzero_plus_depr__c0p54__z1p05__lam0p030__nu0p50__psi1p00,hardzero_plus_depr,0.02,40,1236,0.0,1,0.5113865,0.5113865,1.0080653,0.09816002,0.09816002,1.0,1.5933263e-19,1.6231926e-18,-26.888556,2.217788,0.7392627,0.192,0.0,0.12836267,37.050114,37.080112,3958400
hardzero_plus_depr__c0p54__z1p05__lam0p030__nu0p50__psi1p00,hardzero_plus_depr,0.02,40,1237,0.0,1,0.5113865,0.5113865,1.0325412,0.092780955,0.092780955,1.0,1.461506e-19,1.575222e-18,-27.311855,2.2716358,0.7572119,0.120000005,0.0,0.1428226,37.080112,37.11011,3961600
hardzero_plus_depr__c0p54__z1p05__lam0p030__nu0p50__psi1p00,hardzero_plus_depr,0.02,40,1238,0.0,1,0.5113865,0.5113865,1.0810264,0.0,0.08298002,0.0,0.0,1.528669e-18,-28.455357,2.3783057,0.7927686,0.136,0.0,0.1695294,37.11011,37.14011,3964800
hardzero_plus_depr__c0p54__z1p05__lam0p030__nu0p50__psi1p00,hardzero_plus_depr,0.02,40,1239,0.0,1,0.5113865,0.5113865,1.0414944,0.09088781,0.09088781,1.0,1.3483132e-19,1.4834919e-18,-27.496439,2.2913334,0.76377785,0.112,0.0,0.14421837,37.14011,37.17011,3968000
hardzero_plus_depr__c0p54__z1p05__lam0p030__nu0p50__psi1p00,hardzero_plus_depr,0.02,40,1240,0.0,1,0.5113865,0.5113865,1.0554171,0.0,0.08802031,0.0,0.0,1.4396497e-18,-27.314648,2.3219638,0.77398795,0.112,0.0,0.13236208,37.17011,37.200108,3971200
hardzero_plus_depr__c0p54__z1p05__lam0p030__nu0p50__psi1p00,hardzero_plus_depr,0.02,40,1241,0.0,1,0.5113865,0.5113865,1.0546869,0.0,0.08816843,0.0,0.0,1.3971034e-18,-27.739805,2.3203576,0.7734525,0.064,0.0,0.13213824,37.200108,37.230106,3974400
hardzero_plus_depr__c0p54__z1p05__lam0p030__nu0p50__psi1p00,hardzero_plus_depr,0.02,40,1242,0.0,1,0.5113865,0.5113865,1.0062044,0.09858155,0.09858155,1.0,1.3365829e-19,1.3558144e-18,-27.144054,2.2136939,0.737898,0.14400001,0.0,0.1648295,37.230106,37.260105,3977600
hardzero_plus_depr__c0p54__z1p05__lam0p030__nu0p50__psi1p00,hardzero_plus_depr,0.02,40,1243,0.0,1,0.5113865,0.5113865,1.0408155,0.09103,0.09103,1.0,1.1977233e-19,1.3157456e-18,-26.612661,2.2898397,0.7632799,0.096,0.0,0.14689367,37.260105,37.290104,3980800
hardzero_plus_depr__c0p54__z1p05__lam0p030__nu0p50__psi1p00,hardzero_plus_depr,0.02,40,1244,0.0,1,0.5113865,0.5113865,1.0418651,0.09081026,0.09081026,1.0,1.159521e-19,1.2768611e-18,-27.648302,2.292149,0.7640497,0.2,0.0,0.15831669,37.290104,37.320103,3984000
hardzero_plus_depr__c0p54__z1p05__lam0p030__nu0p50__psi1p00,hardzero_plus_depr,0.02,40,1245,0.0,1,0.5113865,0.5113865,1.0557748,0.0,0.08794783,0.0,0.0,1.2391256e-18,-27.809185,2.322751,0.7742504,0.16000001,0.0,0.16539268,37.320103,37.3501,3987200
hardzero_plus_depr__c0p54__z1p05__lam0p030__nu0p50__psi1p00,hardzero_plus_depr,0.02,40,1246,0.0,1,0.5113865,0.5113865,1.0178745,0.09596779,0.09596779,1.0,1.1540178e-19,1.2025053e-18,-26.406908,2.2393687,0.74645627,0.16000001,0.0,0.14463119,37.3501,37.3801,3990400
hardzero_plus_depr__c0p54__z1p05__lam0p030__nu0p50__psi1p00,hardzero_plus_depr,0.02,40,1247,0.0,1,0.5113865,0.5113865,0.99483186,0.10119712,0.10119712,1.0,1.1809373e-19,1.1669673e-18,-27.176231,2.1886737,0.72955793,0.136,0.0,0.12573366,37.3801,37.4101,3993600
hardzero_plus_depr__c0p54__z1p05__lam0p030__nu0p50__psi1p00,hardzero_plus_depr,0.02,40,1248,0.0,1,0.5113865,0.5113865,1.0054781,0.09874654,0.09874654,1.0,1.1182846e-19,1.1324797e-18,-27.940159,2.212096,0.73736537,0.22999999,0.0,0.14612478,37.4101,37.440098,3996800
hardzero_plus_depr__c0p54__z1p05__lam0p030__nu0p50__psi1p00,hardzero_plus_depr,0.02,40,1249,0.0,1,0.5113865,0.5113865,1.0675788,0.0,0.08558963,0.0,0.0,1.0990112e-18,-28.267641,2.3487203,0.7829068,0.14400001,0.0,0.1907365,37.440098,37.470097,4000000
hardzero_plus_depr__c0p54__z1p05__lam0p030__nu0p50__psi1p00,hardzero_plus_depr,0.02,41,0,1.0,1,1.0,0.46192855,1.0157976,0.096427836,0.096427836,1.0,0.0019285567,0.02,-27.423994,2.2347994,0.7449331,0.19999999,0.0,0.15954061,0.0,0.0,3200
hardzero_plus_depr__c0p54__z1p05__lam0p030__nu0p50__psi1p00,hardzero_plus_depr,0.02,41,1,0.0,1,0.46192855,0.46373606,1.0439509,0.090375155,0.090375155,1.0,0.001807503,0.02,-27.942667,2.296738,0.76557934,0.17600001,0.0,0.1457079,0.0,0.03,6400
hardzero_plus_depr__c0p54__z1p05__lam0p030__nu0p50__psi1p00,hardzero_plus_depr,0.02,41,2,0.0,1,0.46373606,0.4655247,1.0354754,0.09215621,0.09215621,1.0,0.0017886517,0.019408911,-27.160028,2.2780914,0.75936383,0.112,0.0,0.16250852,0.03,0.06,9600
hardzero_plus_depr__c0p54__z1p05__lam0p030__nu0p50__psi1p00,hardzero_plus_depr,0.02,41,3,0.0,1,0.4655247,0.46739966,1.0019817,0.09954473,0.09954473,1.0,0.0018749539,0.018835291,-27.186563,2.2044039,0.7348013,0.17600001,0.0,0.17438948,0.06,0.089999996,12800
hardzero_plus_depr__c0p54__z1p05__lam0p030__nu0p50__psi1p00,hardzero_plus_depr,0.02,41,4,0.0,1,0.46739966,0.46739966,1.1055894,0.0,0.07841707,0.0,0.0,0.018278625,-28.573126,2.4323452,0.8107817,0.14400001,0.0,0.17196593,0.089999996,0.12,16000
hardzero_plus_depr__c0p54__z1p05__lam0p030__nu0p50__psi1p00,hardzero_plus_depr,0.02,41,5,0.0,1,0.46739966,0.46739966,1.089527,0.0,0.08137162,0.0,0.0,0.017738407,-28.569685,2.3970072,0.7990024,0.14400001,0.0,0.19502284,0.12,0.14999999,19200
hardzero_plus_depr__c0p54__z1p05__lam0p030__nu0p50__psi1p00,hardzero_plus_depr,0.02,41,6,0.0,1,0.46739966,0.4690309,1.0233694,0.0947612,0.0947612,1.0,0.0016312343,0.017214159,-27.411627,2.2514577,0.7504859,0.096,0.0,0.16113259,0.14999999,0.17999999,22400
hardzero_plus_depr__c0p54__z1p05__lam0p030__nu0p50__psi1p00,hardzero_plus_depr,0.02,41,7,0.0,1,0.4690309,0.4690309,1.052521,0.0,0.08860924,0.0,0.0,0.016705405,-27.87015,2.3155925,0.7718642,0.2,0.0,0.18065763,0.17999999,0.21,25600
hardzero_plus_depr__c0p54__z1p05__lam0p030__nu0p50__psi1p00,hardzero_plus_depr,0.02,41,8,0.0,1,0.4690309,0.47052848,1.0344305,0.09237819,0.09237819,1.0,0.0014976062,0.016211685,-27.482212,2.2757926,0.75859755,0.15200001,0.0,0.15585855,0.21,0.24,28800
hardzero_plus_depr__c0p54__z1p05__lam0p030__nu0p50__psi1p00,hardzero_plus_depr,0.02,41,9,0.0,1,0.47052848,0.47052848,1.0620744,0.0,0.08668132,0.0,0.0,0.015732557,-27.517317,2.3366103,0.7788701,0.120000005,0.0,0.20588,0.24,0.26999998,32000
hardzero_plus_depr__c0p54__z1p05__lam0p030__nu0p50__psi1p00,hardzero_plus_depr,0.02,41,10,0.0,1,0.47052848,0.47197658,1.0229708,0.094848216,0.094848216,1.0,0.0014481037,0.01526759,-26.852594,2.2505808,0.7501936,0.208,0.0,0.13274714,0.26999998,0.29999998,35200
hardzero_plus_depr__c0p54__z1p05__lam0p030__nu0p50__psi1p00,hardzero_plus_depr,0.02,41,11,0.0,1,0.47197658,0.47333062,1.0391104,0.09138809,0.09138809,1.0,0.0013540392,0.014816363,-27.872744,2.2860885,0.7620295,0.15200001,0.0,0.205776,0.29999998,0.32999998,38400
hardzero_plus_depr__c0p54__z1p05__lam0p030__nu0p50__psi1p00,hardzero_plus_depr,0.02,41,12,0.0,1,0.47333062,0.4747325,1.0110022,0.09749848,0.09749848,1.0,0.0014018795,0.014378476,-26.53994,2.2242491,0.7414164,0.16800001,0.0,0.14868143,0.32999998,0.35999998,41600
hardzero_plus_depr__c0p54__z1p05__lam0p030__nu0p50__psi1p00,hardzero_plus_depr,0.02,41,13,0.0,1,0.4747325,0.47601432,1.0368544,0.09186406,0.09186406,1.0,0.0012818276,0.0139535265,-27.921701,2.281125,0.760375,0.13,0.0,0.16520788,0.35999998,0.39,44800
hardzero_plus_depr__c0p54__z1p05__lam0p030__nu0p50__psi1p00,hardzero_plus_depr,0.02,41,14,0.0,1,0.47601432,0.4772378,1.0440638,0.09035167,0.09035167,1.0,0.0012234644,0.013541138,-27.599255,2.2969863,0.76566213,0.14400001,0.0,0.16310889,0.39,0.42,48000
hardzero_plus_depr__c0p54__z1p05__lam0p030__nu0p50__psi1p00,hardzero_plus_depr,0.02,41,15,0.0,1,0.4772378,0.47843295,1.041195,0.09095047,0.09095047,1.0,0.0011951743,0.013140936,-27.159983,2.290675,0.7635583,0.112,0.0,0.17048699,0.42,0.45,51200
hardzero_plus_depr__c0p54__z1p05__lam0p030__nu0p50__psi1p00,hardzero_plus_depr,0.02,41,16,0.0,1,0.47843295,0.47968364,1.0084528,0.098072484,0.098072484,1.0,0.0012506755,0.012752563,-26.95045,2.2186403,0.7395468,0.128,0.0,0.14278246,0.45,0.48,54400
hardzero_plus_depr__c0p54__z1p05__lam0p030__nu0p50__psi1p00,hardzero_plus_depr,0.02,41,17,0.0,1,0.47968364,0.48098904,0.9768252,0.105481125,0.105481125,1.0,0.0013053993,0.012375668,-25.74204,2.1490583,0.7163528,0.14400001,0.0,0.15386866,0.48,0.51,57600
hardzero_plus_depr__c0p54__z1p05__lam0p030__nu0p50__psi1p00,hardzero_plus_depr,0.02,41,18,0.0,1,0.48098904,0.48098904,1.0827245,0.0,0.08265623,0.0,0.0,0.012009911,-28.688948,2.3820415,0.79401386,0.17600001,0.0,0.18750508,0.51,0.53999996,60800
hardzero_plus_depr__c0p54__z1p05__lam0p030__nu0p50__psi1p00,hardzero_plus_depr,0.02,41,19,0.0,1,0.48098904,0.48207232,1.0317734,0.09294511,0.09294511,1.0,0.0010832719,0.011654965,-26.5932,2.2699468,0.75664896,0.14400001,0.0,0.1669637,0.53999996,0.56999993,64000
hardzero_plus_depr__c0p54__z1p05__lam0p030__nu0p50__psi1p00,hardzero_plus_depr,0.02,41,20,0.0,1,0.48207232,0.48323295,0.98879564,0.10261347,0.10261347,1.0,0.0011606106,0.011310509,-26.447033,2.1753938,0.7251313,0.16800001,0.0,0.1688117,0.56999993,0.5999999,67200
hardzero_plus_depr__c0p54__z1p05__lam0p030__nu0p50__psi1p00,hardzero_plus_depr,0.02,41,21,0.0,1,0.48323295,0.4843787,0.9813607,0.104385294,0.104385294,1.0,0.0011457574,0.0109762335,-25.984526,2.1590366,0.7196789,0.16800001,0.0,0.13968824,0.5999999,0.6299999,70400
hardzero_plus_depr__c0p54__z1p05__lam0p030__nu0p50__psi1p00,hardzero_plus_depr,0.02,41,22,0.0,1,0.4843787,0.48536086,1.0352443,0.09220525,0.09220525,1.0,0.0009821553,0.010651837,-27.884672,2.2775831,0.7591944,0.14400001,0.0,0.20526816,0.6299999,0.65999985,73600
hardzero_plus_depr__c0p54__z1p05__lam0p030__nu0p50__psi1p00,hardzero_plus_depr,0.02,41,23,0.0,1,0.48536086,0.48637378,1.0088212,0.09798933,0.09798933,1.0,0.0010129183,0.010337027,-26.804142,2.2194512,0.7398171,0.17600001,0.0,0.15702856,0.65999985,0.6899998,76800
hardzero_plus_depr__c0p54__z1p05__lam0p030__nu0p50__psi1p00,hardzero_plus_depr,0.02,41,24,0.0,1,0.48637378,0.48637378,1.0616492,0.0,0.086766236,0.0,0.0,0.010031523,-27.522299,2.335675,0.7785584,0.136,0.0,0.15978053,0.6899998,0.7199998,80000
hardzero_plus_depr__c0p54__z1p05__lam0p030__nu0p50__psi1p00,hardzero_plus_depr,0.02,41,25,0.0,1,0.48637378,0.48728934,1.0266582,0.09404632,0.09404632,1.0,0.00091554533,0.009735047,-27.369333,2.258693,0.7528977,0.112,0.0,0.14761585,0.7199998,0.74999976,83200
hardzero_plus_depr__c0p54__z1p05__lam0p030__nu0p50__psi1p00,hardzero_plus_depr,0.02,41,26,0.0,1,0.48728934,0.48728934,1.0709491,0.0,0.084928,0.0,0.0,0.009447333,-28.599663,2.356135,0.78537834,0.16,0.0,0.19601794,0.74999976,0.77999973,86400
hardzero_plus_depr__c0p54__z1p05__lam0p030__nu0p50__psi1p00,hardzero_plus_depr,0.02,41,27,0.0,1,0.48728934,0.48821357,0.9965019,0.100808725,0.100808725,1.0,0.00092422677,0.009168123,-27.041615,2.192348,0.7307827,0.120000005,0.0,0.14096855,0.77999973,0.8099997,89600
hardzero_plus_depr__c0p54__z1p05__lam0p030__nu0p50__psi1p00,hardzero_plus_depr,0.02,41,28,0.0,1,0.48821357,0.48902935,1.0376862,0.09168827,0.09168827,1.0,0.0008157655,0.008897164,-27.589272,2.2829552,0.7609851,0.16800001,0.0,0.14833176,0.8099997,0.8399997,92800
hardzero_plus_depr__c0p54__z1p05__lam0p030__nu0p50__psi1p00,hardzero_plus_depr,0.02,41,29,0.0,1,0.48902935,0.4898377,1.0286238,0.093621634,0.093621634,1.0,0.00080834917,0.008634213,-27.927961,2.2630177,0.7543392,0.072000004,0.0,0.14951716,0.8399997,0.86999965,96000
hardzero_plus_depr__c0p54__z1p05__lam0p030__nu0p50__psi1p00,hardzero_plus_depr,0.02,41,30,0.0,1,0.4898377,0.4898377,1.0675622,0.0,0.08559289,0.0,0.0,0.008379034,-28.09503,2.3486838,0.7828946,0.17600001,0.0,0.1679172,0.86999965,0.8999996,99200
hardzero_plus_depr__c0p54__z1p05__lam0p030__nu0p50__psi1p00,hardzero_plus_depr,0.02,41,31,0.0,1,0.4898377,0.4906488,1.0010976,0.0997476,0.0997476,1.0,0.0008110873,0.008131397,-27.131008,2.2024586,0.7341529,0.192,0.008,0.1702487,0.8999996,0.9299996,102400
hardzero_plus_depr__c0p54__z1p05__lam0p030__nu0p50__psi1p00,hardzero_plus_depr,0.02,41,32,0.0,1,0.4906488,0.4906488,1.069525,0.0,0.08520693,0.0,0.0,0.007891078,-28.28085,2.353002,0.78433406,0.16800001,0.0,0.16582401,0.9299996,0.95999956,105600
hardzero_plus_depr__c0p54__z1p05__lam0p030__nu0p50__psi1p00,hardzero_plus_depr,0.02,41,33,0.0,1,0.4906488,0.4906488,1.0842351,0.0,0.0823692,0.0,0.0,0.007657861,-28.283413,2.3853648,0.7951216,0.120000005,0.0,0.16850695,0.95999956,0.98999953,108800
hardzero_plus_depr__c0p54__z1p05__lam0p030__nu0p50__psi1p00,hardzero_plus_depr,0.02,41,34,0.0,1,0.4906488,0.49131882,1.0450026,0.090156585,0.090156585,1.0,0.000670002,0.0074315374,-27.941505,2.2990515,0.7663505,0.120000005,0.0,0.15246697,0.98999953,1.0199995,112000
hardzero_plus_depr__c0p54__z1p05__lam0p030__nu0p50__psi1p00,hardzero_plus_depr,0.02,41,35,0.0,1,0.49131882,0.49131882,1.0798031,0.0,0.08321408,0.0,0.0,0.0072119026,-28.007517,2.3756144,0.7918715,0.120000005,0.0,0.18499202,1.0199995,1.0499995,115200
hardzero_plus_depr__c0p54__z1p05__lam0p030__nu0p50__psi1p00,hardzero_plus_depr,0.02,41,36,0.0,1,0.49131882,0.49131882,1.1175631,0.0,0.0762846,0.0,0.0,0.0069987588,-29.805294,2.458688,0.8195627,0.15200001,0.0,0.20736347,1.0499995,1.0799994,118400
hardzero_plus_depr__c0p54__z1p05__lam0p030__nu0p50__psi1p00,hardzero_plus_depr,0.02,41,37,0.0,1,0.49131882,0.49131882,1.0696281,0.0,0.08518672,0.0,0.0,0.006791914,-27.163067,2.3532288,0.78440964,0.16800001,0.0,0.13965745,1.0799994,1.1099994,121600
hardzero_plus_depr__c0p54__z1p05__lam0p030__nu0p50__psi1p00,hardzero_plus_depr,0.02,41,38,0.0,1,0.49131882,0.49193993,1.0257894,0.094234645,0.094234645,1.0,0.00062111777,0.0065911827,-28.309856,2.2567816,0.75226057,0.2,0.0,0.16752976,1.1099994,1.1399994,124800
hardzero_plus_depr__c0p54__z1p05__lam0p030__nu0p50__psi1p00,hardzero_plus_depr,0.02,41,39,0.0,1,0.49193993,0.49193993,1.0729657,0.0,0.084534556,0.0,0.0,0.006396384,-27.989319,2.3605719,0.7868573,0.11,0.0,0.14542665,1.1399994,1.1699994,128000
hardzero_plus_depr__c0p54__z1p05__lam0p030__nu0p50__psi1p00,hardzero_plus_depr,0.02,41,40,0.0,1,0.49193993,0.49252132,1.0284536,0.093658336,0.093658336,1.0,0.00058136944,0.006207343,-27.499983,2.262643,0.7542144,0.16800001,0.0,0.15374807,1.1699994,1.1999993,131200
hardzero_plus_depr__c0p54__z1p05__lam0p030__nu0p50__psi1p00,hardzero_plus_depr,0.02,41,41,0.0,1,0.49252132,0.49306902,1.0413185,0.090924606,0.090924606,1.0,0.00054771965,0.006023888,-27.530642,2.2909465,0.76364887,0.128,0.0,0.15946859,1.1999993,1.2299993,134400
hardzero_plus_depr__c0p54__z1p05__lam0p030__nu0p50__psi1p00,hardzero_plus_depr,0.02,41,42,0.0,1,0.49306902,0.49306902,1.0570451,0.0,0.087690964,0.0,0.0,0.0058458555,-28.062716,2.3255458,0.77518195,0.136,0.0,0.1612801,1.2299993,1.2599993,137600
hardzero_plus_depr__c0p54__z1p05__lam0p030__nu0p50__psi1p00,hardzero_plus_depr,0.02,41,43,0.0,1,0.49306902,0.493582,1.0437243,0.09042233,0.09042233,1.0,0.00051297346,0.005673084,-26.542759,2.2962394,0.76541317,0.15200001,0.0,0.15863678,1.2599993,1.2899992,140800
hardzero_plus_depr__c0p54__z1p05__lam0p030__nu0p50__psi1p00,hardzero_plus_depr,0.02,41,44,0.0,1,0.493582,0.49410224,1.0246048,0.094492026,0.094492026,1.0,0.0005202183,0.00550542,-28.298906,2.2541757,0.7513919,0.16800001,0.0,0.14192247,1.2899992,1.3199992,144000
hardzero_plus_depr__c0p54__z1p05__lam0p030__nu0p50__psi1p00,hardzero_plus_depr,0.02,41,45,0.0,1,0.49410224,0.49410224,1.0577211,0.0,0.087554574,0.0,0.0,0.00534271,-28.192272,2.327033,0.7756777,0.16000001,0.0,0.16557105,1.3199992,1.3499992,147200
hardzero_plus_depr__c0p54__z1p05__lam0p030__nu0p50__psi1p00,hardzero_plus_depr,0.02,41,46,0.0,1,0.49410224,0.49457815,1.0372148,0.09178785,0.09178785,1.0,0.00047590255,0.0051848097,-27.319864,2.281918,0.76063937,0.17600001,0.0,0.16799274,1.3499992,1.3799992,150400
hardzero_plus_depr__c0p54__z1p05__lam0p030__nu0p50__psi1p00,hardzero_plus_depr,0.02,41,47,0.0,1,0.49457815,0.49503964,1.0375317,0.09172089,0.09172089,1.0,0.00046150057,0.0050315754,-27.919085,2.2826154,0.7608718,0.16000001,0.0,0.1812878,1.3799992,1.4099991,153600
hardzero_plus_depr__c0p54__z1p05__lam0p030__nu0p50__psi1p00,hardzero_plus_depr,0.02,41,48,0.0,1,0.49503964,0.49550983,1.0164143,0.096291,0.096291,1.0,0.0004701764,0.00488287,-27.261385,2.236156,0.74538535,0.16000001,0.0,0.15352547,1.4099991,1.4399991,156800
hardzero_plus_depr__c0p54__z1p05__lam0p030__nu0p50__psi1p00,hardzero_plus_depr,0.02,41,49,0.0,1,0.49550983,0.4959429,1.0390893,0.09139252,0.09139252,1.0,0.00043306887,0.0047385595,-27.644949,2.2860422,0.7620141,0.104,0.0,0.19335404,1.4399991,1.4699991,160000
hardzero_plus_depr__c0p54__z1p05__lam0p030__nu0p50__psi1p00,hardzero_plus_depr,0.02,41,50,0.0,1,0.4959429,0.49641308,0.990354,0.102245934,0.102245934,1.0,0.00047017937,0.004598514,-27.219076,2.1788223,0.72627413,0.208,0.0,0.16485108,1.4699991,1.499999,163200
hardzero_plus_depr__c0p54__z1p05__lam0p030__nu0p50__psi1p00,hardzero_plus_depr,0.02,41,51,0.0,1,0.49641308,0.4968759,0.98415655,0.10371545,0.10371545,1.0,0.00046284136,0.0044626077,-26.979864,2.1651876,0.7217292,0.15200001,0.0,0.13953748,1.499999,1.529999,166400
hardzero_plus_depr__c0p54__z1p05__lam0p030__nu0p50__psi1p00,hardzero_plus_depr,0.02,41,52,0.0,1,0.4968759,0.4968759,1.0605196,0.0,0.08699223,0.0,0.0,0.004330718,-27.990543,2.3331897,0.7777299,0.14999999,0.0,0.16632949,1.529999,1.559999,169600
hardzero_plus_depr__c0p54__z1p05__lam0p030__nu0p50__psi1p00,hardzero_plus_depr,0.02,41,53,0.0,1,0.4968759,0.49725503,1.044767,0.0902055,0.0902055,1.0,0.00037910894,0.0042027254,-27.281212,2.2985334,0.76617783,0.192,0.0,0.1789615,1.559999,1.589999,172800
hardzero_plus_depr__c0p54__z1p05__lam0p030__nu0p50__psi1p00,hardzero_plus_depr,0.02,41,54,0.0,1,0.49725503,0.49764758,1.0165864,0.09625285,0.09625285,1.0,0.00039256882,0.0040785163,-26.746223,2.2365348,0.74551165,0.072000004,0.0,0.14947888,1.589999,1.6199989,176000
hardzero_plus_depr__c0p54__z1p05__lam0p030__nu0p50__psi1p00,hardzero_plus_depr,0.02,41,55,0.0,1,0.49764758,0.49764758,1.0510263,0.0,0.08891472,0.0,0.0,0.003957978,-28.14957,2.3123043,0.7707681,0.15200001,0.0,0.20533292,1.6199989,1.6499989,179200
hardzero_plus_depr__c0p54__z1p05__lam0p030__nu0p50__psi1p00,hardzero_plus_depr,0.02,41,56,0.0,1,0.49764758,0.4979945,1.0442212,0.090318926,0.090318926,1.0,0.0003469152,0.0038410025,-27.88131,2.2973325,0.7657775,0.18400002,0.0,0.15413587,1.6499989,1.6799989,182400
hardzero_plus_depr__c0p54__z1p05__lam0p030__nu0p50__psi1p00,hardzero_plus_depr,0.02,41,57,0.0,1,0.4979945,0.4979945,1.0594882,0.0,0.08719906,0.0,0.0,0.0037274836,-27.207802,2.3309205,0.7769735,0.14400001,0.0,0.1663832,1.6799989,1.7099988,185600
hardzero_plus_depr__c0p54__z1p05__lam0p030__nu0p50__psi1p00,hardzero_plus_depr,0.02,41,58,0.0,1,0.4979945,0.49834463,1.0141628,0.096791506,0.096791506,1.0,0.00035012586,0.00361732,-26.517855,2.2312026,0.74373424,0.14400001,0.0,0.14298175,1.7099988,1.7399988,188800
hardzero_plus_depr__c0p54__z1p05__lam0p030__nu0p50__psi1p00,hardzero_plus_depr,0.02,41,59,0.0,1,0.49834463,0.49834463,1.0543694,0.0,0.088232905,0.0,0.0,0.0035104118,-27.858747,2.3196592,0.77321976,0.18400002,0.0,0.1869293,1.7399988,1.7699988,192000
hardzero_plus_depr__c0p54__z1p05__lam0p030__nu0p50__psi1p00,hardzero_plus_depr,0.02,41,60,0.0,1,0.49834463,0.49867013,1.0197656,0.09555082,0.09555082,1.0,0.00032550955,0.0034066641,-27.132158,2.243529,0.747843,0.18400002,0.0,0.17006493,1.7699988,1.7999988,195200
hardzero_plus_depr__c0p54__z1p05__lam0p030__nu0p50__psi1p00,hardzero_plus_depr,0.02,41,61,0.0,1,0.49867013,0.49899682,1.0051522,0.098820664,0.098820664,1.0,0.00032669932,0.0033059819,-26.715067,2.211379,0.73712635,0.15200001,0.0,0.14481461,1.7999988,1.8299987,198400
hardzero_plus_depr__c0p54__z1p05__lam0p030__nu0p50__psi1p00,hardzero_plus_depr,0.02,41,62,0.0,1,0.49899682,0.49928752,1.0428486,0.090604834,0.090604834,1.0,0.00029068528,0.0032082754,-27.658237,2.2943127,0.7647709,0.16800001,0.0,0.16248034,1.8299987,1.8599987,201600
hardzero_plus_depr__c0p54__z1p05__lam0p030__nu0p50__psi1p00,hardzero_plus_depr,0.02,41,63,0.0,1,0.49928752,0.4995846,1.0203761,0.09541659,0.09541659,1.0,0.0002970754,0.0031134563,-27.80696,2.244872,0.7482907,0.17600001,0.0,0.16725686,1.8599987,1.8899987,204800
hardzero_plus_depr__c0p54__z1p05__lam0p030__nu0p50__psi1p00,hardzero_plus_depr,0.02,41,64,0.0,1,0.4995846,0.4995846,1.0583065,0.0,0.087436646,0.0,0.0,0.0030214402,-28.018076,2.3283207,0.77610695,0.208,0.0,0.14578958,1.8899987,1.9199986,208000
hardzero_plus_depr__c0p54__z1p05__lam0p030__nu0p50__psi1p00,hardzero_plus_depr,0.02,41,65,0.0,1,0.4995846,0.4998753,1.003706,0.09915031,0.09915031,1.0,0.0002907229,0.0029321432,-26.933878,2.2081974,0.7360658,0.13,0.01,0.16113324,1.9199986,1.9499986,211200
hardzero_plus_depr__c0p54__z1p05__lam0p030__nu0p50__psi1p00,hardzero_plus_depr,0.02,41,66,0.0,1,0.4998753,0.5001385,1.0338098,0.09251033,0.09251033,1.0,0.00026323678,0.0028454852,-27.798847,2.274427,0.75814235,0.104,0.0,0.14897212,1.9499986,1.9799986,214400
hardzero_plus_depr__c0p54__z1p05__lam0p030__nu0p50__psi1p00,hardzero_plus_depr,0.02,41,67,0.0,1,0.5001385,0.5001385,1.0539235,0.0,0.08832355,0.0,0.0,0.0027613884,-27.644787,2.318678,0.77289265,0.16800001,0.0,0.15552449,1.9799986,2.0099986,217600
hardzero_plus_depr__c0p54__z1p05__lam0p030__nu0p50__psi1p00,hardzero_plus_depr,0.02,41,68,0.0,1,0.5001385,0.5003811,1.0431973,0.09053213,0.09053213,1.0,0.00024260595,0.0026797773,-27.589943,2.29508,0.7650267,0.192,0.0,0.18670538,2.0099986,2.0399985,220800
hardzero_plus_depr__c0p54__z1p05__lam0p030__nu0p50__psi1p00,hardzero_plus_depr,0.02,41,69,0.0,1,0.5003811,0.5003811,1.0566738,0.0,0.08776597,0.0,0.0,0.0026005781,-27.84319,2.3247287,0.7749096,0.16800001,0.0,0.16479567,2.0399985,2.0699985,224000
hardzero_plus_depr__c0p54__z1p05__lam0p030__nu0p50__psi1p00,hardzero_plus_depr,0.02,41,70,0.0,1,0.5003811,0.5003811,1.0639465,0.0,0.08630848,0.0,0.0,0.0025237193,-28.262743,2.340729,0.78024304,0.120000005,0.0,0.17403266,2.0699985,2.0999985,227200
hardzero_plus_depr__c0p54__z1p05__lam0p030__nu0p50__psi1p00,hardzero_plus_depr,0.02,41,71,0.0,1,0.5003811,0.5006193,1.0121088,0.09725035,0.09725035,1.0,0.00023817895,0.002449132,-26.591024,2.2266839,0.742228,0.128,0.0,0.14720568,2.0999985,2.1299984,230400
hardzero_plus_depr__c0p54__z1p05__lam0p030__nu0p50__psi1p00,hardzero_plus_depr,0.02,41,72,0.0,1,0.5006193,0.5008585,0.9972107,0.100644335,0.100644335,1.0,0.00023920636,0.0023767494,-26.135529,2.1939073,0.73130244,0.17600001,0.0,0.14857,2.1299984,2.1599984,233600
hardzero_plus_depr__c0p54__z1p05__lam0p030__nu0p50__psi1p00,hardzero_plus_depr,0.02,41,73,0.0,1,0.5008585,0.5010893,0.9996996,0.10006919,0.10006919,1.0,0.00023081018,0.002306506,-26.206736,2.199383,0.7331277,0.192,0.0,0.1765853,2.1599984,2.1899984,236800
hardzero_plus_depr__c0p54__z1p05__lam0p030__nu0p50__psi1p00,hardzero_plus_depr,0.02,41,74,0.0,1,0.5010893,0.5012898,1.0478375,0.08956999,0.08956999,1.0,0.00020048798,0.0022383386,-27.50051,2.3052886,0.7684295,0.18400002,0.0,0.16664746,2.1899984,2.2199984,240000
hardzero_plus_depr__c0p54__z1p05__lam0p030__nu0p50__psi1p00,hardzero_plus_depr,0.02,41,75,0.0,1,0.5012898,0.5015102,0.9935914,0.101486556,0.101486556,1.0,0.00022044763,0.0021721856,-26.649437,2.1859448,0.7286483,0.192,0.0,0.16594343,2.2199984,2.2499983,243200
hardzero_plus_depr__c0p54__z1p05__lam0p030__nu0p50__psi1p00,hardzero_plus_depr,0.02,41,76,0.0,1,0.5015102,0.5017043,1.035907,0.09206466,0.09206466,1.0,0.00019407118,0.0021079879,-27.182165,2.279041,0.7596804,0.136,0.0,0.15362443,2.2499983,2.2799983,246400
hardzero_plus_depr__c0p54__z1p05__lam0p030__nu0p50__psi1p00,hardzero_plus_depr,0.02,41,77,0.0,1,0.5017043,0.50188977,1.0425593,0.09066523,0.09066523,1.0,0.00018547273,0.0020456875,-27.507069,2.2936761,0.76455873,0.136,0.0,0.17363149,2.2799983,2.3099983,249600
hardzero_plus_depr__c0p54__z1p05__lam0p030__nu0p50__psi1p00,hardzero_plus_depr,0.02,41,78,0.0,1,0.50188977,0.50207645,1.0267715,0.09402177,0.09402177,1.0,0.00018665468,0.0019852284,-28.703808,2.2589426,0.7529809,0.11,0.0,0.15785807,2.3099983,2.3399982,252800
hardzero_plus_depr__c0p54__z1p05__lam0p030__nu0p50__psi1p00,hardzero_plus_depr,0.02,41,79,0.0,1,0.50207645,0.50207645,1.0510167,0.0,0.0889167,0.0,0.0,0.001926556,-27.984236,2.3122828,0.77076095,0.16000001,0.0,0.18646996,2.3399982,2.3699982,256000
hardzero_plus_depr__c0p54__z1p05__lam0p030__nu0p50__psi1p00,hardzero_plus_depr,0.02,41,80,0.0,1,0.50207645,0.5022502,1.0318841,0.092921436,0.092921436,1.0,0.00017372757,0.0018696178,-27.309286,2.2701902,0.7567301,0.136,0.0,0.16190837,2.3699982,2.3999982,259200
hardzero_plus_depr__c0p54__z1p05__lam0p030__nu0p50__psi1p00,hardzero_plus_depr,0.02,41,81,0.0,1,0.5022502,0.50241417,1.04402,0.090360776,0.090360776,1.0,0.00016394719,0.0018143624,-27.65206,2.29689,0.76563,0.17600001,0.0,0.14891969,2.3999982,2.4299982,262400
hardzero_plus_depr__c0p54__z1p05__lam0p030__nu0p50__psi1p00,hardzero_plus_depr,0.02,41,82,0.0,1,0.50241417,0.50259197,0.9957715,0.10097838,0.10097838,1.0,0.00017779665,0.0017607398,-26.654018,2.190741,0.730247,0.192,0.0,0.16211665,2.4299982,2.4599981,265600
hardzero_plus_depr__c0p54__z1p05__lam0p030__nu0p50__psi1p00,hardzero_plus_depr,0.02,41,83,0.0,1,0.50259197,0.50259197,1.0534099,0.0,0.08842806,0.0,0.0,0.0017087021,-27.591154,2.317548,0.772516,0.216,0.0,0.15224464,2.4599981,2.489998,268800
hardzero_plus_depr__c0p54__z1p05__lam0p030__nu0p50__psi1p00,hardzero_plus_depr,0.02,41,84,0.0,1,0.50259197,0.5027694,0.9705897,0.10700653,0.10700653,1.0,0.00017743849,0.0016582025,-26.510788,2.13534,0.71178,0.208,0.0,0.1584772,2.489998,2.519998,272000
hardzero_plus_depr__c0p54__z1p05__lam0p030__nu0p50__psi1p00,hardzero_plus_depr,0.02,41,85,0.0,1,0.5027694,0.50292087,1.0263364,0.09411603,0.09411603,1.0,0.00015145107,0.0016091953,-27.638458,2.257985,0.7526617,0.208,0.0,0.15006046,2.519998,2.549998,275200
hardzero_plus_depr__c0p54__z1p05__lam0p030__nu0p50__psi1p00,hardzero_plus_depr,0.02,41,86,0.0,1,0.50292087,0.50306976,1.0207794,0.095328026,0.095328026,1.0,0.00014886771,0.0015616363,-27.122213,2.2457595,0.74858654,0.16000001,0.0,0.1589517,2.549998,2.579998,278400
hardzero_plus_depr__c0p54__z1p05__lam0p030__nu0p50__psi1p00,hardzero_plus_depr,0.02,41,87,0.0,1,0.50306976,0.50306976,1.1170112,0.0,0.07638161,0.0,0.0,0.0015154829,-28.02768,2.4574738,0.81915796,0.120000005,0.0,0.18267557,2.579998,2.609998,281600
hardzero_plus_depr__c0p54__z1p05__lam0p030__nu0p50__psi1p00,hardzero_plus_depr,0.02,41,88,0.0,1,0.50306976,0.50306976,1.0779912,0.0,0.08356199,0.0,0.0,0.001470694,-27.907627,2.371628,0.7905427,0.16000001,0.0,0.1692248,2.609998,2.639998,284800
hardzero_plus_depr__c0p54__z1p05__lam0p030__nu0p50__psi1p00,hardzero_plus_depr,0.02,41,89,0.0,1,0.50306976,0.5032134,0.9972143,0.10064347,0.10064347,1.0,0.0001436412,0.0014272282,-26.68723,2.1939154,0.7313051,0.14400001,0.0,0.14788713,2.639998,2.669998,288000
hardzero_plus_depr__c0p54__z1p05__lam0p030__nu0p50__psi1p00,hardzero_plus_depr,0.02,41,90,0.0,1,0.5032134,0.50333834,1.0448546,0.09018728,0.09018728,1.0,0.00012491364,0.0013850472,-27.43603,2.298726,0.766242,0.14400001,0.0,0.1508907,2.669998,2.699998,291200
hardzero_plus_depr__c0p54__z1p05__lam0p030__nu0p50__psi1p00,hardzero_plus_depr,0.02,41,91,0.0,1,0.50333834,0.50333834,1.0831901,0.0,0.082567655,0.0,0.0,0.001344113,-27.956444,2.3830657,0.7943553,0.13,0.0,0.1633003,2.699998,2.7299979,294400
hardzero_plus_depr__c0p54__z1p05__lam0p030__nu0p50__psi1p00,hardzero_plus_depr,0.02,41,92,0.0,1,0.50333834,0.50345504,1.0484138,0.08945121,0.08945121,1.0,0.00011667914,0.0013043886,-27.3866,2.3065562,0.7688521,0.208,0.0,0.1469128,2.7299979,2.7599978,297600
hardzero_plus_depr__c0p54__z1p05__lam0p030__nu0p50__psi1p00,hardzero_plus_depr,0.02,41,93,0.0,1,0.50345504,0.50345504,1.061625,0.0,0.086771086,0.0,0.0,0.0012658379,-26.68785,2.3356216,0.77854055,0.15200001,0.0,0.14873376,2.7599978,2.7899978,300800
hardzero_plus_depr__c0p54__z1p05__lam0p030__nu0p50__psi1p00,hardzero_plus_depr,0.02,41,94,0.0,1,0.50345504,0.50345504,1.0913821,0.0,0.08102478,0.0,0.0,0.0012284269,-28.664457,2.4010887,0.80036294,0.136,0.0,0.17401072,2.7899978,2.8199978,304000
hardzero_plus_depr__c0p54__z1p05__lam0p030__nu0p50__psi1p00,hardzero_plus_depr,0.02,41,95,0.0,1,0.50345504,0.50357926,0.9820563,0.10421821,0.10421821,1.0,0.00012424077,0.0011921215,-27.085516,2.160567,0.72018903,0.14400001,0.0,0.14811322,2.8199978,2.8499978,307200
hardzero_plus_depr__c0p54__z1p05__lam0p030__nu0p50__psi1p00,hardzero_plus_depr,0.02,41,96,0.0,1,0.50357926,0.50357926,1.0546368,0.0,0.088178605,0.0,0.0,0.001156889,-27.846857,2.3202474,0.7734158,0.080000006,0.0,0.16458143,2.8499978,2.8799977,310400
hardzero_plus_depr__c0p54__z1p05__lam0p030__nu0p50__psi1p00,hardzero_plus_depr,0.02,41,97,0.0,1,0.50357926,0.50368184,1.0391607,0.091377504,0.091377504,1.0,0.00010258933,0.0011226978,-27.889479,2.2861993,0.7620665,0.16800001,0.0,0.156319,2.8799977,2.9099977,313600
hardzero_plus_depr__c0p54__z1p05__lam0p030__nu0p50__psi1p00,hardzero_plus_depr,0.02,41,98,0.0,1,0.50368184,0.50378466,1.0251601,0.09437129,0.09437129,1.0,0.000102819125,0.001089517,-27.524355,2.2553973,0.7517991,0.16000001,0.0,0.15163714,2.9099977,2.9399977,316800
hardzero_plus_depr__c0p54__z1p05__lam0p030__nu0p50__psi1p00,hardzero_plus_depr,0.02,41,99,0.0,1,0.50378466,0.50388116,1.0395981,0.09128553,0.09128553,1.0,9.651775e-05,0.0010573171,-27.295954,2.2871616,0.7623872,0.17600001,0.0,0.14621638,2.9399977,2.9699976,320000
hardzero_plus_depr__c0p54__z1p05__lam0p030__nu0p50__psi1p00,hardzero_plus_depr,0.02,41,100,0.0,1,0.50388116,0.503986,0.9906585,0.10217426,0.10217426,1.0,0.000104837796,0.0010260686,-27.211872,2.1794922,0.7264974,0.192,0.0,0.13558377,2.9699976,2.9999976,323200
hardzero_plus_depr__c0p54__z1p05__lam0p030__nu0p50__psi1p00,hardzero_plus_depr,0.02,41,101,0.0,1,0.503986,0.50408894,0.9854569,0.10340538,0.10340538,1.0,0.00010296525,0.0009957437,-27.25468,2.1680484,0.72268283,0.18400002,0.0,0.17710182,2.9999976,3.0299976,326400
hardzero_plus_depr__c0p54__z1p05__lam0p030__nu0p50__psi1p00,hardzero_plus_depr,0.02,41,102,0.0,1,0.50408894,0.5041815,1.0186734,0.095791414,0.095791414,1.0,9.256468e-05,0.00096631504,-26.836533,2.2411263,0.7470421,0.216,0.0,0.17826274,3.0299976,3.0599976,329600
hardzero_plus_depr__c0p54__z1p05__lam0p030__nu0p50__psi1p00,hardzero_plus_depr,0.02,41,103,0.0,1,0.5041815,0.5041815,1.072937,0.0,0.08454014,0.0,0.0,0.0009377562,-28.641035,2.3605084,0.78683615,0.15200001,0.0,0.14691249,3.0599976,3.0899975,332800
hardzero_plus_depr__c0p54__z1p05__lam0p030__nu0p50__psi1p00,hardzero_plus_depr,0.02,41,104,0.0,1,0.5041815,0.50426275,1.0491527,0.08929914,0.08929914,1.0,8.126591e-05,0.00091004133,-26.477774,2.308182,0.76939404,0.17,0.0,0.16389504,3.0899975,3.1199975,336000
hardzero_plus_depr__c0p54__z1p05__lam0p030__nu0p50__psi1p00,hardzero_plus_depr,0.02,41,105,0.0,1,0.50426275,0.50435525,0.9799982,0.104713306,0.104713306,1.0,9.247709e-05,0.00088314555,-26.888628,2.156039,0.71867967,0.128,0.0,0.13232142,3.1199975,3.1499975,339200
hardzero_plus_depr__c0p54__z1p05__lam0p030__nu0p50__psi1p00,hardzero_plus_depr,0.02,41,106,0.0,1,0.50435525,0.5044373,1.0186808,0.09578979,0.09578979,1.0,8.209613e-05,0.00085704465,-26.992218,2.2411425,0.74704754,0.16000001,0.0,0.13265097,3.1499975,3.1799974,342400
hardzero_plus_depr__c0p54__z1p05__lam0p030__nu0p50__psi1p00,hardzero_plus_depr,0.02,41,107,0.0,1,0.5044373,0.5044373,1.0872334,0.0,0.081802495,0.0,0.0,0.00083171524,-28.538382,2.3919613,0.7973205,0.16800001,0.0,0.19420932,3.1799974,3.2099974,345600
hardzero_plus_depr__c0p54__z1p05__lam0p030__nu0p50__psi1p00,hardzero_plus_depr,0.02,41,108,0.0,1,0.5044373,0.5045113,1.0379808,0.09162609,0.09162609,1.0,7.3954565e-05,0.0008071343,-27.66983,2.2836034,0.76120114,0.15200001,0.0,0.14125611,3.2099974,3.2399974,348800
hardzero_plus_depr__c0p54__z1p05__lam0p030__nu0p50__psi1p00,hardzero_plus_depr,0.02,41,109,0.0,1,0.5045113,0.5045113,1.062008,0.0,0.08669459,0.0,0.0,0.00078327995,-27.812056,2.3364644,0.77882147,0.16000001,0.0,0.17739326,3.2399974,3.2699974,352000
hardzero_plus_depr__c0p54__z1p05__lam0p030__nu0p50__psi1p00,hardzero_plus_depr,0.02,41,110,0.0,1,0.5045113,0.5045808,1.0387788,0.0914579,0.0914579,1.0,6.951994e-05,0.00076013047,-27.22814,2.285359,0.76178634,0.136,0.0,0.14698486,3.2699974,3.2999973,355200
hardzero_plus_depr__c0p54__z1p05__lam0p030__nu0p50__psi1p00,hardzero_plus_depr,0.02,41,111,0.0,1,0.5045808,0.5046505,1.0247524,0.09445993,0.09445993,1.0,6.967981e-05,0.0007376653,-27.158237,2.2545002,0.75150007,0.104,0.0,0.15188476,3.2999973,3.3299973,358400
hardzero_plus_depr__c0p54__z1p05__lam0p030__nu0p50__psi1p00,hardzero_plus_depr,0.02,41,112,0.0,1,0.5046505,0.5046505,1.0766582,0.0,0.08381885,0.0,0.0,0.00071586407,-28.324747,2.3686955,0.7895652,0.096,0.0,0.1734541,3.3299973,3.3599973,361600
hardzero_plus_depr__c0p54__z1p05__lam0p030__nu0p50__psi1p00,hardzero_plus_depr,0.02,41,113,0.0,1,0.5046505,0.5047162,1.0240152,0.094620414,0.094620414,1.0,6.5733475e-05,0.0006947071,-26.66496,2.2528784,0.7509595,0.14400001,0.0,0.15358816,3.3599973,3.3899972,364800
hardzero_plus_depr__c0p54__z1p05__lam0p030__nu0p50__psi1p00,hardzero_plus_depr,0.02,41,114,0.0,1,0.5047162,0.50477666,1.0475798,0.08962315,0.08962315,1.0,6.0421724e-05,0.0006741754,-27.183441,2.3047216,0.7682406,0.15200001,0.0,0.1549701,3.3899972,3.4199972,368000
hardzero_plus_depr__c0p54__z1p05__lam0p030__nu0p50__psi1p00,hardzero_plus_depr,0.02,41,115,0.0,1,0.50477666,0.50483906,1.0204474,0.09540094,0.09540094,1.0,6.241611e-05,0.0006542505,-26.980896,2.245029,0.748343,0.136,0.0,0.13893472,3.4199972,3.4499972,371200
hardzero_plus_depr__c0p54__z1p05__lam0p030__nu0p50__psi1p00,hardzero_plus_depr,0.02,41,116,0.0,1,0.50483906,0.5048983,1.0301713,0.09328863,0.09328863,1.0,5.9230304e-05,0.0006349145,-27.09435,2.266422,0.75547403,0.2,0.0,0.16962501,3.4499972,3.4799972,374400
hardzero_plus_depr__c0p54__z1p05__lam0p030__nu0p50__psi1p00,hardzero_plus_depr,0.02,41,117,0.0,1,0.5048983,0.5049591,1.0057999,0.098673396,0.098673396,1.0,6.079761e-05,0.00061615,-27.131317,2.2128038,0.7376013,0.16,0.0,0.15384026,3.4799972,3.5099971,377600
hardzero_plus_depr__c0p54__z1p05__lam0p030__nu0p50__psi1p00,hardzero_plus_depr,0.02,41,118,0.0,1,0.5049591,0.50501406,1.0365953,0.09191887,0.09191887,1.0,5.4961965e-05,0.00059793994,-28.399582,2.2805552,0.7601851,0.18400002,0.0,0.16720991,3.5099971,3.539997,380800
hardzero_plus_depr__c0p54__z1p05__lam0p030__nu0p50__psi1p00,hardzero_plus_depr,0.02,41,119,0.0,1,0.50501406,0.5050703,1.0135463,0.096928984,0.096928984,1.0,5.6244808e-05,0.0005802682,-26.924065,2.2298465,0.7432822,0.16800001,0.0,0.14123306,3.539997,3.569997,384000
hardzero_plus_depr__c0p54__z1p05__lam0p030__nu0p50__psi1p00,hardzero_plus_depr,0.02,41,120,0.0,1,0.5050703,0.5050703,1.0781782,0.0,0.083526015,0.0,0.0,0.0005631187,-28.054598,2.3720393,0.7906798,0.16800001,0.0,0.16271456,3.569997,3.599997,387200
hardzero_plus_depr__c0p54__z1p05__lam0p030__nu0p50__psi1p00,hardzero_plus_depr,0.02,41,121,0.0,1,0.5050703,0.50512415,1.0065157,0.098510906,0.098510906,1.0,5.383385e-05,0.00054647605,-26.629316,2.2143788,0.7381263,0.112,0.0,0.14078972,3.599997,3.629997,390400
hardzero_plus_depr__c0p54__z1p05__lam0p030__nu0p50__psi1p00,hardzero_plus_depr,0.02,41,122,0.0,1,0.50512415,0.5051731,1.034801,0.092299424,0.092299424,1.0,4.8948714e-05,0.0005303252,-27.123829,2.2766078,0.7588693,0.096,0.0,0.1587737,3.629997,3.659997,393600
hardzero_plus_depr__c0p54__z1p05__lam0p030__nu0p50__psi1p00,hardzero_plus_depr,0.02,41,123,0.0,1,0.5051731,0.5052232,1.0114549,0.09739688,0.09739688,1.0,5.0125484e-05,0.0005146518,-27.671244,2.2252452,0.74174845,0.16000001,0.0,0.16346128,3.659997,3.689997,396800
hardzero_plus_depr__c0p54__z1p05__lam0p030__nu0p50__psi1p00,hardzero_plus_depr,0.02,41,124,0.0,1,0.5052232,0.5052232,1.0735765,0.0,0.08441577,0.0,0.0,0.0004994416,-28.774366,2.3619153,0.7873051,0.16800001,0.0,0.17964777,3.689997,3.719997,400000
hardzero_plus_depr__c0p54__z1p05__lam0p030__nu0p50__psi1p00,hardzero_plus_depr,0.02,41,125,0.0,1,0.5052232,0.50526875,1.0272413,0.09392011,0.09392011,1.0,4.5521276e-05,0.00048468082,-27.05087,2.2599761,0.7533254,0.08800001,0.0,0.15449387,3.719997,3.749997,403200
hardzero_plus_depr__c0p54__z1p05__lam0p030__nu0p50__psi1p00,hardzero_plus_depr,0.02,41,126,0.0,1,0.50526875,0.5053118,1.0384537,0.09152638,0.09152638,1.0,4.305002e-05,0.0004703564,-27.869576,2.2846437,0.7615479,0.128,0.0,0.18196379,3.749997,3.7799969,406400
hardzero_plus_depr__c0p54__z1p05__lam0p030__nu0p50__psi1p00,hardzero_plus_depr,0.02,41,127,0.0,1,0.5053118,0.5053551,1.0226747,0.094912924,0.094912924,1.0,4.3323504e-05,0.00045645525,-27.206644,2.2499292,0.7499764,0.096,0.0,0.15052547,3.7799969,3.8099968,409600
hardzero_plus_depr__c0p54__z1p05__lam0p030__nu0p50__psi1p00,hardzero_plus_depr,0.02,41,128,0.0,1,0.5053551,0.5053551,1.0558972,0.0,0.08792306,0.0,0.0,0.00044296499,-26.925045,2.3230202,0.7743401,0.136,0.008,0.1796668,3.8099968,3.8399968,412800
hardzero_plus_depr__c0p54__z1p05__lam0p030__nu0p50__psi1p00,hardzero_plus_depr,0.02,41,129,0.0,1,0.5053551,0.5053959,1.0230353,0.094834134,0.094834134,1.0,4.076667e-05,0.00042987338,-26.797071,2.2507226,0.7502409,0.16000001,0.0,0.15569027,3.8399968,3.8699968,416000
hardzero_plus_depr__c0p54__z1p05__lam0p030__nu0p50__psi1p00,hardzero_plus_depr,0.02,41,130,0.0,1,0.5053959,0.5054387,0.98882425,0.102606714,0.102606714,1.0,4.280431e-05,0.00041716872,-26.47521,2.1754568,0.72515225,0.19999999,0.0,0.14166805,3.8699968,3.8999968,419200
hardzero_plus_depr__c0p54__z1p05__lam0p030__nu0p50__psi1p00,hardzero_plus_depr,0.02,41,131,0.0,1,0.5054387,0.5054387,1.0590233,0.0,0.08729246,0.0,0.0,0.00040483952,-26.927786,2.3298976,0.77663255,0.136,0.0,0.17584541,3.8999968,3.9299967,422400
hardzero_plus_depr__c0p54__z1p05__lam0p030__nu0p50__psi1p00,hardzero_plus_depr,0.02,41,132,0.0,1,0.5054387,0.5054743,1.0420004,0.09078197,0.09078197,1.0,3.5665944e-05,0.00039287473,-27.576937,2.2924466,0.7641489,0.17600001,0.0,0.14697543,3.9299967,3.9599967,425600
hardzero_plus_depr__c0p54__z1p05__lam0p030__nu0p50__psi1p00,hardzero_plus_depr,0.02,41,133,0.0,1,0.5054743,0.50550896,1.0415573,0.09087463,0.09087463,1.0,3.4647182e-05,0.00038126353,-27.724253,2.2914717,0.7638239,0.096,0.0,0.14903153,3.9599967,3.9899967,428800
hardzero_plus_depr__c0p54__z1p05__lam0p030__nu0p50__psi1p00,hardzero_plus_depr,0.02,41,134,0.0,1,0.50550896,0.50550896,1.0844496,0.0,0.08232853,0.0,0.0,0.00036999548,-28.16503,2.3858368,0.79527897,0.128,0.0,0.18252432,3.9899967,4.0199966,432000
hardzero_plus_depr__c0p54__z1p05__lam0p030__nu0p50__psi1p00,hardzero_plus_depr,0.02,41,135,0.0,1,0.50550896,0.505548,0.96340847,0.10879064,0.10879064,1.0,3.9062426e-05,0.00035906053,-26.298872,2.119541,0.70651364,0.17600001,0.0,0.160096,4.0199966,4.049997,435200
hardzero_plus_depr__c0p54__z1p05__lam0p030__nu0p50__psi1p00,hardzero_plus_depr,0.02,41,136,0.0,1,0.505548,0.5055792,1.0485197,0.08942939,0.08942939,1.0,3.1161544e-05,0.00034844855,-28.094402,2.3067894,0.76892984,0.112,0.0,0.17282712,4.049997,4.079997,438400
hardzero_plus_depr__c0p54__z1p05__lam0p030__nu0p50__psi1p00,hardzero_plus_depr,0.02,41,137,0.0,1,0.5055792,0.5056124,1.0080603,0.09816114,0.09816114,1.0,3.319322e-05,0.0003381503,-26.667557,2.217777,0.739259,0.18400002,0.0,0.14998531,4.079997,4.1099973,441600
hardzero_plus_depr__c0p54__z1p05__lam0p030__nu0p50__psi1p00,hardzero_plus_depr,0.02,41,138,0.0,1,0.5056124,0.5056441,1.0149328,0.09662003,0.09662003,1.0,3.1706477e-05,0.00032815637,-26.342218,2.2328966,0.7442989,0.128,0.0,0.1628108,4.1099973,4.1399975,444800
hardzero_plus_depr__c0p54__z1p05__lam0p030__nu0p50__psi1p00,hardzero_plus_depr,0.02,41,139,0.0,1,0.5056441,0.50567347,1.0352696,0.092199884,0.092199884,1.0,2.9361774e-05,0.0003184578,-27.342978,2.2776387,0.7592129,0.128,0.0,0.15337288,4.1399975,4.1699977,448000
hardzero_plus_depr__c0p54__z1p05__lam0p030__nu0p50__psi1p00,hardzero_plus_depr,0.02,41,140,0.0,1,0.50567347,0.50567347,1.0578362,0.0,0.08753138,0.0,0.0,0.00030904592,-28.009306,2.327286,0.775762,0.128,0.0,0.16703807,4.1699977,4.199998,451200
hardzero_plus_depr__c0p54__z1p05__lam0p030__nu0p50__psi1p00,hardzero_plus_depr,0.02,41,141,0.0,1,0.50567347,0.50567347,1.075483,0.0,0.084046,0.0,0.0,0.00029991215,-27.866259,2.3661098,0.7887033,0.14400001,0.0,0.1838671,4.199998,4.229998,454400
hardzero_plus_depr__c0p54__z1p05__lam0p030__nu0p50__psi1p00,hardzero_plus_depr,0.02,41,142,0.0,1,0.50567347,0.5057017,1.0133381,0.09697547,0.09697547,1.0,2.822455e-05,0.00029104835,-26.26959,2.2293882,0.74312943,0.072000004,0.0,0.13887773,4.229998,4.2599983,457600
hardzero_plus_depr__c0p54__z1p05__lam0p030__nu0p50__psi1p00,hardzero_plus_depr,0.02,41,143,0.0,1,0.5057017,0.5057328,0.95870304,0.10997574,0.10997574,1.0,3.1062267e-05,0.00028244653,-25.968086,2.1091888,0.70306295,0.22999999,0.0,0.15799531,4.2599983,4.2899985,460800
hardzero_plus_depr__c0p54__z1p05__lam0p030__nu0p50__psi1p00,hardzero_plus_depr,0.02,41,144,0.0,1,0.5057328,0.5057617,0.9768097,0.105484895,0.105484895,1.0,2.8913295e-05,0.00027409891,-26.88369,2.1490242,0.71634144,0.16000001,0.0,0.14208351,4.2899985,4.3199987,464000
hardzero_plus_depr__c0p54__z1p05__lam0p030__nu0p50__psi1p00,hardzero_plus_depr,0.02,41,145,0.0,1,0.5057617,0.5057865,1.0309671,0.09311784,0.09311784,1.0,2.476916e-05,0.000265998,-27.215096,2.268173,0.7560577,0.2,0.0,0.1913207,4.3199987,4.349999,467200
hardzero_plus_depr__c0p54__z1p05__lam0p030__nu0p50__psi1p00,hardzero_plus_depr,0.02,41,146,0.0,1,0.5057865,0.5058113,1.017751,0.0959951,0.0959951,1.0,2.4779843e-05,0.00025813654,-27.438622,2.2390969,0.74636567,0.14400001,0.0,0.16414823,4.349999,4.379999,470400
hardzero_plus_depr__c0p54__z1p05__lam0p030__nu0p50__psi1p00,hardzero_plus_depr,0.02,41,147,0.0,1,0.5058113,0.5058113,1.0590013,0.0,0.08729686,0.0,0.0,0.00025050738,-27.657324,2.3298495,0.7766165,0.14400001,0.0,0.16225736,4.379999,4.4099994,473600
hardzero_plus_depr__c0p54__z1p05__lam0p030__nu0p50__psi1p00,hardzero_plus_depr,0.02,41,148,0.0,1,0.5058113,0.5058343,1.0235642,0.09471871,0.09471871,1.0,2.3026472e-05,0.00024310374,-27.408411,2.2518861,0.7506287,0.16000001,0.0,0.17419708,4.4099994,4.4399996,476800
hardzero_plus_depr__c0p54__z1p05__lam0p030__nu0p50__psi1p00,hardzero_plus_depr,0.02,41,149,0.0,1,0.5058343,0.5058565,1.02574,0.09424535,0.09424535,1.0,2.2234257e-05,0.00023591887,-27.311323,2.256673,0.7522244,0.16000001,0.0,0.15535527,4.4399996,4.47,480000
hardzero_plus_depr__c0p54__z1p05__lam0p030__nu0p50__psi1p00,hardzero_plus_depr,0.02,41,150,0.0,1,0.5058565,0.5058565,1.0510776,0.0,0.08890423,0.0,0.0,0.00022894636,-27.346237,2.3124168,0.7708056,0.23200001,0.0,0.16555706,4.47,4.5,483200
hardzero_plus_depr__c0p54__z1p05__lam0p030__nu0p50__psi1p00,hardzero_plus_depr,0.02,41,151,0.0,1,0.5058565,0.5058797,0.98105377,0.10445909,0.10445909,1.0,2.3208715e-05,0.00022217994,-26.161919,2.1583614,0.7194538,0.192,0.0,0.16161814,4.5,4.53,486400
hardzero_plus_depr__c0p54__z1p05__lam0p030__nu0p50__psi1p00,hardzero_plus_depr,0.02,41,152,0.0,1,0.5058797,0.5058797,1.0791328,0.0,0.08334263,0.0,0.0,0.00021561349,-28.142279,2.3741395,0.79137987,0.136,0.0,0.1600091,4.53,4.5600004,489600
hardzero_plus_depr__c0p54__z1p05__lam0p030__nu0p50__psi1p00,hardzero_plus_depr,0.02,41,153,0.0,1,0.5058797,0.5058993,1.028649,0.0936162,0.0936162,1.0,1.9588355e-05,0.00020924107,-27.354492,2.263073,0.7543577,0.192,0.0,0.15232374,4.5600004,4.5900006,492800
hardzero_plus_depr__c0p54__z1p05__lam0p030__nu0p50__psi1p00,hardzero_plus_depr,0.02,41,154,0.0,1,0.5058993,0.5058993,1.0514768,0.0,0.088822536,0.0,0.0,0.00020305702,-28.551336,2.3132951,0.7710984,0.18400002,0.0,0.14740425,4.5900006,4.620001,496000
hardzero_plus_depr__c0p54__z1p05__lam0p030__nu0p50__psi1p00,hardzero_plus_depr,0.02,41,155,0.0,1,0.5058993,0.5058993,1.0766288,0.0,0.083824545,0.0,0.0,0.00019705575,-28.512243,2.3686306,0.78954357,0.14400001,0.0,0.18758373,4.620001,4.650001,499200
hardzero_plus_depr__c0p54__z1p05__lam0p030__nu0p50__psi1p00,hardzero_plus_depr,0.02,41,156,0.0,1,0.5058993,0.50591683,1.0376463,0.0916967,0.0916967,1.0,1.7535327e-05,0.00019123183,-26.634512,2.2828674,0.7609558,0.17999999,0.0,0.14597856,4.650001,4.6800013,502400
hardzero_plus_depr__c0p54__z1p05__lam0p030__nu0p50__psi1p00,hardzero_plus_depr,0.02,41,157,0.0,1,0.50591683,0.50591683,1.0760814,0.0,0.08393028,0.0,0.0,0.00018558005,-28.452944,2.3674264,0.78914213,0.08800001,0.0,0.15786242,4.6800013,4.7100015,505600
hardzero_plus_depr__c0p54__z1p05__lam0p030__nu0p50__psi1p00,hardzero_plus_depr,0.02,41,158,0.0,1,0.50591683,0.5059331,1.0441678,0.09033004,0.09033004,1.0,1.6268013e-05,0.00018009527,-27.750973,2.297215,0.76573837,0.136,0.0,0.14577869,4.7100015,4.7400017,508800
hardzero_plus_depr__c0p54__z1p05__lam0p030__nu0p50__psi1p00,hardzero_plus_depr,0.02,41,159,0.0,1,0.5059331,0.5059331,1.0701114,0.0,0.08509196,0.0,0.0,0.00017477262,-27.631474,2.3542922,0.78476405,0.128,0.0,0.14517884,4.7400017,4.770002,512000
hardzero_plus_depr__c0p54__z1p05__lam0p030__nu0p50__psi1p00,hardzero_plus_depr,0.02,41,160,0.0,1,0.5059331,0.5059331,1.0578563,0.0,0.087527335,0.0,0.0,0.00016960729,-28.20286,2.3273304,0.7757768,0.16000001,0.0,0.15937535,4.770002,4.800002,515200
hardzero_plus_depr__c0p54__z1p05__lam0p030__nu0p50__psi1p00,hardzero_plus_depr,0.02,41,161,0.0,1,0.5059331,0.5059478,1.0482317,0.08948871,0.08948871,1.0,1.4729357e-05,0.00016459459,-26.950798,2.306156,0.76871866,0.080000006,0.0,0.17531382,4.800002,4.8300023,518400
hardzero_plus_depr__c0p54__z1p05__lam0p030__nu0p50__psi1p00,hardzero_plus_depr,0.02,41,162,0.0,1,0.5059478,0.5059478,1.0724678,0.0,0.08463153,0.0,0.0,0.00015973006,-28.203732,2.3594763,0.7864921,0.14400001,0.0,0.17928547,4.8300023,4.8600025,521600
hardzero_plus_depr__c0p54__z1p05__lam0p030__nu0p50__psi1p00,hardzero_plus_depr,0.02,41,163,0.0,1,0.5059478,0.5059478,1.0614572,0.0,0.08680462,0.0,0.0,0.00015500929,-27.282444,2.3352523,0.77841747,0.192,0.0,0.16946411,4.8600025,4.8900027,524800
hardzero_plus_depr__c0p54__z1p05__lam0p030__nu0p50__psi1p00,hardzero_plus_depr,0.02,41,164,0.0,1,0.5059478,0.5059627,1.0046266,0.09894033,0.09894033,1.0,1.48834e-05,0.00015042804,-25.953556,2.2102227,0.73674095,0.208,0.0,0.21261144,4.8900027,4.920003,528000
hardzero_plus_depr__c0p54__z1p05__lam0p030__nu0p50__psi1p00,hardzero_plus_depr,0.02,41,165,0.0,1,0.5059627,0.50597614,1.0375909,0.0917084,0.0917084,1.0,1.3387792e-05,0.00014598218,-27.668352,2.2827456,0.7609152,0.120000005,0.0,0.15102997,4.920003,4.950003,531200
hardzero_plus_depr__c0p54__z1p05__lam0p030__nu0p50__psi1p00,hardzero_plus_depr,0.02,41,166,0.0,1,0.50597614,0.5059889,1.0462531,0.089897364,0.089897364,1.0,1.2735555e-05,0.00014166773,-27.18517,2.3018029,0.76726764,0.08800001,0.0,0.15915658,4.950003,4.9800034,534400
hardzero_plus_depr__c0p54__z1p05__lam0p030__nu0p50__psi1p00,hardzero_plus_depr,0.02,41,167,0.0,1,0.5059889,0.506003,0.98769414,0.102874056,0.102874056,1.0,1.4143205e-05,0.00013748078,-26.438395,2.1729705,0.7243235,0.216,0.0,0.16899046,4.9800034,5.0100036,537600
hardzero_plus_depr__c0p54__z1p05__lam0p030__nu0p50__psi1p00,hardzero_plus_depr,0.02,41,168,0.0,1,0.506003,0.506003,1.0649133,0.0,0.08611656,0.0,0.0,0.00013341759,-28.426052,2.342856,0.780952,0.14400001,0.0,0.18723005,5.0100036,5.040004,540800
hardzero_plus_depr__c0p54__z1p05__lam0p030__nu0p50__psi1p00,hardzero_plus_depr,0.02,41,169,0.0,1,0.506003,0.50601494,1.0362812,0.09198536,0.09198536,1.0,1.1909756e-05,0.00012947447,-27.236,2.2798643,0.7599548,0.19999999,0.0,0.1477325,5.040004,5.070004,544000
hardzero_plus_depr__c0p54__z1p05__lam0p030__nu0p50__psi1p00,hardzero_plus_depr,0.02,41,170,0.0,1,0.50601494,0.5060266,1.0315757,0.09298744,0.09298744,1.0,1.1683675e-05,0.00012564789,-26.838657,2.2695117,0.75650394,0.15200001,0.0,0.12955464,5.070004,5.100004,547200
hardzero_plus_depr__c0p54__z1p05__lam0p030__nu0p50__psi1p00,hardzero_plus_depr,0.02,41,171,0.0,1,0.5060266,0.5060379,1.0344552,0.092372954,0.092372954,1.0,1.12634425e-05,0.00012193442,-26.973347,2.275847,0.7586157,0.208,0.0,0.14477718,5.100004,5.1300044,550400
hardzero_plus_depr__c0p54__z1p05__lam0p030__nu0p50__psi1p00,hardzero_plus_depr,0.02,41,172,0.0,1,0.5060379,0.50605005,0.9888024,0.10261188,0.10261188,1.0,1.2142134e-05,0.00011833069,-25.854565,2.1754086,0.7251362,0.120000005,0.0,0.14730947,5.1300044,5.1600046,553600
hardzero_plus_depr__c0p54__z1p05__lam0p030__nu0p50__psi1p00,hardzero_plus_depr,0.02,41,173,0.0,1,0.50605005,0.5060618,0.9908612,0.10212657,0.10212657,1.0,1.1727547e-05,0.000114833456,-26.567362,2.179938,0.72664607,0.224,0.0,0.14340188,5.1600046,5.190005,556800
hardzero_plus_depr__c0p54__z1p05__lam0p030__nu0p50__psi1p00,hardzero_plus_depr,0.02,41,174,0.0,1,0.5060618,0.50607175,1.0483441,0.08946556,0.08946556,1.0,9.970006e-06,0.0001114396,-28.274721,2.3064032,0.7688011,0.16800001,0.0,0.15704538,5.190005,5.220005,560000
hardzero_plus_depr__c0p54__z1p05__lam0p030__nu0p50__psi1p00,hardzero_plus_depr,0.02,41,175,0.0,1,0.50607175,0.50608146,1.0476326,0.08961226,0.08961226,1.0,9.69121e-06,0.00010814603,-27.476206,2.3048377,0.76827925,0.16800001,0.0,0.18789557,5.220005,5.2500052,563200
hardzero_plus_depr__c0p54__z1p05__lam0p030__nu0p50__psi1p00,hardzero_plus_depr,0.02,41,176,0.0,1,0.50608146,0.50608146,1.0534589,0.0,0.08841807,0.0,0.0,0.000104949824,-27.07916,2.3176558,0.77255195,0.104,0.0,0.14164901,5.2500052,5.2800055,566400
hardzero_plus_depr__c0p54__z1p05__lam0p030__nu0p50__psi1p00,hardzero_plus_depr,0.02,41,177,0.0,1,0.50608146,0.50609064,1.0452504,0.09010514,0.09010514,1.0,9.1770335e-06,0.000101848054,-26.821978,2.2995968,0.7665323,0.136,0.0,0.14905597,5.2800055,5.3100057,569600
hardzero_plus_depr__c0p54__z1p05__lam0p030__nu0p50__psi1p00,hardzero_plus_depr,0.02,41,178,0.0,1,0.50609064,0.50609994,1.0271263,0.093945,0.093945,1.0,9.285333e-06,9.8837976e-05,-26.79104,2.259723,0.753241,0.16800001,0.0,0.15126729,5.3100057,5.340006,572800
hardzero_plus_depr__c0p54__z1p05__lam0p030__nu0p50__psi1p00,hardzero_plus_depr,0.02,41,179,0.0,1,0.50609994,0.50610876,1.0364434,0.09195105,0.09195105,1.0,8.819656e-06,9.5916854e-05,-27.300798,2.280221,0.76007366,0.16000001,0.0,0.1648709,5.340006,5.370006,576000
hardzero_plus_depr__c0p54__z1p05__lam0p030__nu0p50__psi1p00,hardzero_plus_depr,0.02,41,180,0.0,1,0.50610876,0.50611806,1.0002154,0.09995042,0.09995042,1.0,9.303591e-06,9.308206e-05,-27.020245,2.200518,0.73350596,0.18400002,0.0,0.1600647,5.370006,5.4000063,579200
hardzero_plus_depr__c0p54__z1p05__lam0p030__nu0p50__psi1p00,hardzero_plus_depr,0.02,41,181,0.0,1,0.50611806,0.50611806,1.0805304,0.0,0.083074845,0.0,0.0,9.033105e-05,-28.288404,2.3772144,0.79240483,0.104,0.0,0.17792773,5.4000063,5.4300065,582400
hardzero_plus_depr__c0p54__z1p05__lam0p030__nu0p50__psi1p00,hardzero_plus_depr,0.02,41,182,0.0,1,0.50611806,0.50612664,1.0076848,0.09824607,0.09824607,1.0,8.612383e-06,8.766135e-05,-26.898928,2.216951,0.73898363,0.22,0.0,0.1250718,5.4300065,5.4600067,585600
hardzero_plus_depr__c0p54__z1p05__lam0p030__nu0p50__psi1p00,hardzero_plus_depr,0.02,41,183,0.0,1,0.50612664,0.50612664,1.0544707,0.0,0.08821233,0.0,0.0,8.507054e-05,-27.736694,2.3198817,0.7732939,0.17600001,0.0,0.16193788,5.4600067,5.490007,588800
hardzero_plus_depr__c0p54__z1p05__lam0p030__nu0p50__psi1p00,hardzero_plus_depr,0.02,41,184,0.0,1,0.50612664,0.5061349,0.9988868,0.100256644,0.100256644,1.0,8.276818e-06,8.2556304e-05,-26.608795,2.197595,0.73253167,0.120000005,0.0,0.16889456,5.490007,5.520007,592000
hardzero_plus_depr__c0p54__z1p05__lam0p030__nu0p50__psi1p00,hardzero_plus_depr,0.02,41,185,0.0,1,0.5061349,0.50614214,1.0457287,0.09000597,0.09000597,1.0,7.2109538e-06,8.011639e-05,-28.429388,2.300649,0.766883,0.192,0.0,0.18685433,5.520007,5.5500073,595200
hardzero_plus_depr__c0p54__z1p05__lam0p030__nu0p50__psi1p00,hardzero_plus_depr,0.02,41,186,0.0,1,0.50614214,0.5061491,1.0480528,0.0895256,0.0895256,1.0,6.9604876e-06,7.774857e-05,-27.367966,2.3057623,0.76858747,0.16800001,0.0,0.19770996,5.5500073,5.5800076,598400
hardzero_plus_depr__c0p54__z1p05__lam0p030__nu0p50__psi1p00,hardzero_plus_depr,0.02,41,187,0.0,1,0.5061491,0.506156,1.0390024,0.091410816,0.091410816,1.0,6.897014e-06,7.545074e-05,-27.460546,2.285851,0.7619504,0.16000001,0.0,0.15061547,5.5800076,5.610008,601600
hardzero_plus_depr__c0p54__z1p05__lam0p030__nu0p50__psi1p00,hardzero_plus_depr,0.02,41,188,0.0,1,0.506156,0.50616306,1.0178882,0.09596476,0.09596476,1.0,7.026618e-06,7.3220814e-05,-26.641329,2.2393987,0.7464663,0.16800001,0.0,0.14879403,5.610008,5.640008,604800
hardzero_plus_depr__c0p54__z1p05__lam0p030__nu0p50__psi1p00,hardzero_plus_depr,0.02,41,189,0.0,1,0.50616306,0.50617,1.0109255,0.09751568,0.09751568,1.0,6.929152e-06,7.10568e-05,-27.273445,2.2240806,0.7413602,0.14400001,0.0,0.1746416,5.640008,5.670008,608000
hardzero_plus_depr__c0p54__z1p05__lam0p030__nu0p50__psi1p00,hardzero_plus_depr,0.02,41,190,0.0,1,0.50617,0.50617665,1.015006,0.09660375,0.09660375,1.0,6.66148e-06,6.895674e-05,-26.45876,2.2330577,0.7443526,0.224,0.0,0.15896812,5.670008,5.7000084,611200
hardzero_plus_depr__c0p54__z1p05__lam0p030__nu0p50__psi1p00,hardzero_plus_depr,0.02,41,191,0.0,1,0.50617665,0.506183,1.0205468,0.095379084,0.095379084,1.0,6.382649e-06,6.691875e-05,-27.26872,2.2452478,0.74841595,0.112,0.0,0.16293356,5.7000084,5.7300086,614400
hardzero_plus_depr__c0p54__z1p05__lam0p030__nu0p50__psi1p00,hardzero_plus_depr,0.02,41,192,0.0,1,0.506183,0.5061891,1.0273775,0.093890674,0.093890674,1.0,6.097353e-06,6.4940985e-05,-27.109837,2.2602756,0.75342524,0.14400001,0.0,0.16198434,5.7300086,5.760009,617600
hardzero_plus_depr__c0p54__z1p05__lam0p030__nu0p50__psi1p00,hardzero_plus_depr,0.02,41,193,0.0,1,0.5061891,0.50619495,1.0335436,0.09256705,0.09256705,1.0,5.8337305e-06,6.3021675e-05,-26.627544,2.2738414,0.75794715,0.128,0.0,0.15023385,5.760009,5.790009,620800
hardzero_plus_depr__c0p54__z1p05__lam0p030__nu0p50__psi1p00,hardzero_plus_depr,0.02,41,194,0.0,1,0.50619495,0.5062009,1.0118543,0.097307354,0.097307354,1.0,5.951229e-06,6.115909e-05,-27.333927,2.2261238,0.7420413,0.16800001,0.0,0.1640197,5.790009,5.820009,624000
hardzero_plus_depr__c0p54__z1p05__lam0p030__nu0p50__psi1p00,hardzero_plus_depr,0.02,41,195,0.0,1,0.5062009,0.50620675,1.0090828,0.09793033,0.09793033,1.0,5.8123173e-06,5.9351558e-05,-27.333376,2.2200265,0.74000883,0.14999999,0.0,0.17153862,5.820009,5.8500094,627200
hardzero_plus_depr__c0p54__z1p05__lam0p030__nu0p50__psi1p00,hardzero_plus_depr,0.02,41,196,0.0,1,0.50620675,0.50621235,1.0121633,0.09723815,0.09723815,1.0,5.6006684e-06,5.7597437e-05,-26.751818,2.2268038,0.74226797,0.14400001,0.0,0.1682032,5.8500094,5.8800097,630400
hardzero_plus_depr__c0p54__z1p05__lam0p030__nu0p50__psi1p00,hardzero_plus_depr,0.02,41,197,0.0,1,0.50621235,0.50621235,1.0541278,0.0,0.08828201,0.0,0.0,5.589516e-05,-27.38508,2.3191276,0.77304256,0.120000005,0.0,0.13527158,5.8800097,5.91001,633600
hardzero_plus_depr__c0p54__z1p05__lam0p030__nu0p50__psi1p00,hardzero_plus_depr,0.02,41,198,0.0,1,0.50621235,0.50621235,1.0524697,0.0,0.088619694,0.0,0.0,5.4243203e-05,-27.390263,2.3154795,0.7718265,0.17600001,0.0,0.16345204,5.91001,5.94001,636800
hardzero_plus_depr__c0p54__z1p05__lam0p030__nu0p50__psi1p00,hardzero_plus_depr,0.02,41,199,0.0,1,0.50621235,0.50621706,1.0482063,0.08949395,0.08949395,1.0,4.7109675e-06,5.2640065e-05,-27.823591,2.3061,0.7687,0.14400001,0.0,0.16041113,5.94001,5.9700103,640000
hardzero_plus_depr__c0p54__z1p05__lam0p030__nu0p50__psi1p00,hardzero_plus_depr,0.02,41,200,0.0,1,0.50621706,0.50622195,1.0212592,0.09522276,0.09522276,1.0,4.864388e-06,5.10843e-05,-26.452229,2.246815,0.7489383,0.216,0.0,0.15167646,5.9700103,6.0000105,643200
hardzero_plus_depr__c0p54__z1p05__lam0p030__nu0p50__psi1p00,hardzero_plus_depr,0.02,41,201,0.0,1,0.50622195,0.50622666,1.0223227,0.09498989,0.09498989,1.0,4.7090784e-06,4.9574523e-05,-26.340557,2.2491548,0.7497183,0.17600001,0.0,0.15997243,6.0000105,6.0300107,646400
hardzero_plus_depr__c0p54__z1p05__lam0p030__nu0p50__psi1p00,hardzero_plus_depr,0.02,41,202,0.0,1,0.50622666,0.50623125,1.0186762,0.095790796,0.095790796,1.0,4.608434e-06,4.8109363e-05,-26.906387,2.2411323,0.7470441,0.15200001,0.0,0.16409117,6.0300107,6.060011,649600
hardzero_plus_depr__c0p54__z1p05__lam0p030__nu0p50__psi1p00,hardzero_plus_depr,0.02,41,203,0.0,1,0.50623125,0.50623566,1.0266426,0.09404971,0.09404971,1.0,4.3909463e-06,4.6687506e-05,-25.327337,2.2586586,0.75288624,0.14400001,0.0,0.14581633,6.060011,6.090011,652800
hardzero_plus_depr__c0p54__z1p05__lam0p030__nu0p50__psi1p00,hardzero_plus_depr,0.02,41,204,0.0,1,0.50623566,0.5062403,0.9868893,0.10306489,0.10306489,1.0,4.66963e-06,4.5307672e-05,-26.50181,2.1711998,0.7237333,0.14400001,0.0,0.15742482,6.090011,6.1200113,656000
hardzero_plus_depr__c0p54__z1p05__lam0p030__nu0p50__psi1p00,hardzero_plus_depr,0.02,41,205,0.0,1,0.5062403,0.5062403,1.0739499,0.0,0.08434321,0.0,0.0,4.396862e-05,-28.184237,2.362737,0.787579,0.104,0.0,0.15750633,6.1200113,6.1500115,659200
hardzero_plus_depr__c0p54__z1p05__lam0p030__nu0p50__psi1p00,hardzero_plus_depr,0.02,41,206,0.0,1,0.5062403,0.50624436,1.0241681,0.09458708,0.09458708,1.0,4.0359496e-06,4.266914e-05,-27.65592,2.2532148,0.75107163,0.16000001,0.0,0.1612801,6.1500115,6.1800117,662400
hardzero_plus_depr__c0p54__z1p05__lam0p030__nu0p50__psi1p00,hardzero_plus_depr,0.02,41,207,0.0,1,0.50624436,0.5062485,1.004606,0.09894502,0.09894502,1.0,4.0971227e-06,4.140807e-05,-27.016493,2.2101774,0.7367258,0.192,0.0,0.15819491,6.1800117,6.210012,665600
hardzero_plus_depr__c0p54__z1p05__lam0p030__nu0p50__psi1p00,hardzero_plus_depr,0.02,41,208,0.0,1,0.5062485,0.5062526,0.991543,0.10196639,0.10196639,1.0,4.0974446e-06,4.0184266e-05,-26.800987,2.1814382,0.7271461,0.17999999,0.0,0.13837624,6.210012,6.240012,668800
hardzero_plus_depr__c0p54__z1p05__lam0p030__nu0p50__psi1p00,hardzero_plus_depr,0.02,41,209,0.0,1,0.5062526,0.5062561,1.0454192,0.09007013,0.09007013,1.0,3.5124322e-06,3.8996637e-05,-27.319765,2.2999682,0.7666561,0.16800001,0.0,0.16625203,6.240012,6.2700124,672000
hardzero_plus_depr__c0p54__z1p05__lam0p030__nu0p50__psi1p00,hardzero_plus_depr,0.02,41,210,0.0,1,0.5062561,0.5062561,1.053877,0.0,0.088333,0.0,0.0,3.7844104e-05,-27.761139,2.3185756,0.77285856,0.128,0.0,0.15856823,6.2700124,6.3000126,675200
hardzero_plus_depr__c0p54__z1p05__lam0p030__nu0p50__psi1p00,hardzero_plus_depr,0.02,41,211,0.0,1,0.5062561,0.5062597,1.0133106,0.09698162,0.09698162,1.0,3.5617113e-06,3.6725633e-05,-26.895737,2.2293277,0.7431092,0.17600001,0.0,0.17292559,6.3000126,6.330013,678400
hardzero_plus_depr__c0p54__z1p05__lam0p030__nu0p50__psi1p00,hardzero_plus_depr,0.02,41,212,0.0,1,0.5062597,0.506263,1.0288434,0.0935743,0.0935743,1.0,3.3350086e-06,3.564022e-05,-27.14877,2.2635007,0.75450027,0.128,0.0,0.15176398,6.330013,6.360013,681600
hardzero_plus_depr__c0p54__z1p05__lam0p030__nu0p50__psi1p00,hardzero_plus_depr,0.02,41,213,0.0,1,0.506263,0.5062662,1.0379195,0.09163903,0.09163903,1.0,3.1695083e-06,3.4586883e-05,-28.101353,2.2834685,0.7611562,0.128,0.0,0.15462284,6.360013,6.390013,684800
hardzero_plus_depr__c0p54__z1p05__lam0p030__nu0p50__psi1p00,hardzero_plus_depr,0.02,41,214,0.0,1,0.5062662,0.5062662,1.0506319,0.0,0.08899551,0.0,0.0,3.356468e-05,-27.72651,2.3114362,0.7704787,0.16000001,0.0,0.18500125,6.390013,6.4200134,688000
hardzero_plus_depr__c0p54__z1p05__lam0p030__nu0p50__psi1p00,hardzero_plus_depr,0.02,41,215,0.0,1,0.5062662,0.5062695,0.98627514,0.103210725,0.103210725,1.0,3.3618505e-06,3.2572687e-05,-26.734587,2.1698487,0.72328293,0.2,0.0,0.16227175,6.4200134,6.4500136,691200
hardzero_plus_depr__c0p54__z1p05__lam0p030__nu0p50__psi1p00,hardzero_plus_depr,0.02,41,216,0.0,1,0.5062695,0.50627255,1.0173724,0.09607881,0.09607881,1.0,3.0370525e-06,3.1610012e-05,-26.894526,2.2382638,0.74608797,0.128,0.0,0.13658585,6.4500136,6.480014,694400
hardzero_plus_depr__c0p54__z1p05__lam0p030__nu0p50__psi1p00,hardzero_plus_depr,0.02,41,217,0.0,1,0.50627255,0.50627565,0.99581075,0.100969285,0.100969285,1.0,3.0973122e-06,3.0675787e-05,-26.7896,2.1908274,0.7302758,0.17600001,0.0,0.13830431,6.480014,6.510014,697600
hardzero_plus_depr__c0p54__z1p05__lam0p030__nu0p50__psi1p00,hardzero_plus_depr,0.02,41,218,0.0,1,0.50627565,0.50627565,1.0624857,0.0,0.086599275,0.0,0.0,2.9769177e-05,-27.168299,2.337515,0.7791717,0.15200001,0.0,0.14026383,6.510014,6.5400143,700800
hardzero_plus_depr__c0p54__z1p05__lam0p030__nu0p50__psi1p00,hardzero_plus_depr,0.02,41,219,0.0,1,0.50627565,0.50627565,1.0501689,0.0,0.089090444,0.0,0.0,2.8889355e-05,-28.13657,2.3104177,0.7701392,0.16000001,0.0,0.15118134,6.5400143,6.5700145,704000
hardzero_plus_depr__c0p54__z1p05__lam0p030__nu0p50__psi1p00,hardzero_plus_depr,0.02,41,220,0.0,1,0.50627565,0.5062783,1.0255661,0.094283104,0.094283104,1.0,2.6432779e-06,2.8035542e-05,-27.23763,2.2562904,0.75209683,0.192,0.0,0.1943829,6.5700145,6.6000147,707200
hardzero_plus_depr__c0p54__z1p05__lam0p030__nu0p50__psi1p00,hardzero_plus_depr,0.02,41,221,0.0,1,0.5062783,0.5062809,1.0187503,0.09577445,0.09577445,1.0,2.6057314e-06,2.720696e-05,-27.642748,2.2412953,0.74709845,0.13,0.0,0.12695663,6.6000147,6.630015,710400
hardzero_plus_depr__c0p54__z1p05__lam0p030__nu0p50__psi1p00,hardzero_plus_depr,0.02,41,222,0.0,1,0.5062809,0.50628334,1.0385627,0.09150343,0.09150343,1.0,2.415953e-06,2.640287e-05,-26.746412,2.2848835,0.76162785,0.15200001,0.0,0.16934384,6.630015,6.660015,713600
hardzero_plus_depr__c0p54__z1p05__lam0p030__nu0p50__psi1p00,hardzero_plus_depr,0.02,41,223,0.0,1,0.50628334,0.50628334,1.0695705,0.0,0.085198015,0.0,0.0,2.562254e-05,-28.045902,2.3531022,0.78436744,0.096,0.0,0.14957726,6.660015,6.6900153,716800
hardzero_plus_depr__c0p54__z1p05__lam0p030__nu0p50__psi1p00,hardzero_plus_depr,0.02,41,224,0.0,1,0.50628334,0.5062857,1.0212446,0.09522597,0.09522597,1.0,2.36782e-06,2.4865274e-05,-26.625145,2.246783,0.7489277,0.14400001,0.0,0.141946,6.6900153,6.7200155,720000
hardzero_plus_depr__c0p54__z1p05__lam0p030__nu0p50__psi1p00,hardzero_plus_depr,0.02,41,225,0.0,1,0.5062857,0.50628835,0.9632902,0.108820274,0.108820274,1.0,2.6258756e-06,2.413039e-05,-26.176126,2.1192808,0.706427,0.216,0.0,0.13043262,6.7200155,6.7500157,723200
hardzero_plus_depr__c0p54__z1p05__lam0p030__nu0p50__psi1p00,hardzero_plus_depr,0.02,41,226,0.0,1,0.50628835,0.50629056,1.0278502,0.09378854,0.09378854,1.0,2.1962674e-06,2.3417224e-05,-26.753368,2.2613156,0.7537719,0.16800001,0.0,0.16082235,6.7500157,6.780016,726400
hardzero_plus_depr__c0p54__z1p05__lam0p030__nu0p50__psi1p00,hardzero_plus_depr,0.02,41,227,0.0,1,0.50629056,0.5062926,1.0458802,0.089974575,0.089974575,1.0,2.0446844e-06,2.2725135e-05,-28.125692,2.3009825,0.7669942,0.15200001,0.0,0.1599348,6.780016,6.810016,729600
hardzero_plus_depr__c0p54__z1p05__lam0p030__nu0p50__psi1p00,hardzero_plus_depr,0.02,41,228,0.0,1,0.5062926,0.50629467,1.0218457,0.095094256,0.095094256,1.0,2.097161e-06,2.2053498e-05,-27.2234,2.2481055,0.74936855,0.136,0.0,0.14783466,6.810016,6.8400164,732800
hardzero_plus_depr__c0p54__z1p05__lam0p030__nu0p50__psi1p00,hardzero_plus_depr,0.02,41,229,0.0,1,0.50629467,0.50629467,1.0651289,0.0,0.08607382,0.0,0.0,2.1401718e-05,-28.546108,2.3433304,0.78111017,0.16800001,0.0,0.17293409,6.8400164,6.8700166,736000
hardzero_plus_depr__c0p54__z1p05__lam0p030__nu0p50__psi1p00,hardzero_plus_depr,0.02,41,230,0.0,1,0.50629467,0.50629467,1.0668654,0.0,0.085730344,0.0,0.0,2.0769196e-05,-27.407068,2.3471508,0.7823836,0.104,0.0,0.18539616,6.8700166,6.900017,739200
hardzero_plus_depr__c0p54__z1p05__lam0p030__nu0p50__psi1p00,hardzero_plus_depr,0.02,41,231,0.0,1,0.50629467,0.50629646,1.0461156,0.08992581,0.08992581,1.0,1.812488e-06,2.015537e-05,-27.15824,2.3015003,0.7671668,0.104,0.0,0.14769712,6.900017,6.930017,742400
hardzero_plus_depr__c0p54__z1p05__lam0p030__nu0p50__psi1p00,hardzero_plus_depr,0.02,41,232,0.0,1,0.50629646,0.5062983,1.0223511,0.09498364,0.09498364,1.0,1.8578501e-06,1.9559686e-05,-27.546534,2.2492175,0.74973917,0.2,0.0,0.14219421,6.930017,6.960017,745600
hardzero_plus_depr__c0p54__z1p05__lam0p030__nu0p50__psi1p00,hardzero_plus_depr,0.02,41,233,0.0,1,0.5062983,0.5063004,0.9539083,0.11119665,0.11119665,1.0,2.110691e-06,1.8981606e-05,-26.35586,2.0986402,0.69954675,0.14400001,0.0,0.13077353,6.960017,6.9900174,748800
hardzero_plus_depr__c0p54__z1p05__lam0p030__nu0p50__psi1p00,hardzero_plus_depr,0.02,41,234,0.0,1,0.5063004,0.5063004,1.0684615,0.0,0.08541585,0.0,0.0,1.8420611e-05,-27.350857,2.3506622,0.7835541,0.11,0.0,0.16982685,6.9900174,7.0200176,752000
hardzero_plus_depr__c0p54__z1p05__lam0p030__nu0p50__psi1p00,hardzero_plus_depr,0.02,41,235,0.0,1,0.5063004,0.5063021,1.0150683,0.096589886,0.096589886,1.0,1.7266597e-06,1.7876195e-05,-27.5599,2.2331948,0.7443983,0.112,0.0,0.16687746,7.0200176,7.050018,755200
hardzero_plus_depr__c0p54__z1p05__lam0p030__nu0p50__psi1p00,hardzero_plus_depr,0.02,41,236,0.0,1,0.5063021,0.5063021,1.085692,0.0,0.082093336,0.0,0.0,1.734787e-05,-29.019365,2.3885703,0.79619014,0.128,0.0,0.17828026,7.050018,7.080018,758400
hardzero_plus_depr__c0p54__z1p05__lam0p030__nu0p50__psi1p00,hardzero_plus_depr,0.02,41,237,0.0,1,0.5063021,0.5063021,1.0678837,0.0,0.08552955,0.0,0.0,1.683516e-05,-28.301159,2.3493912,0.7831304,0.120000005,0.0,0.18383625,7.080018,7.1100183,761600
hardzero_plus_depr__c0p54__z1p05__lam0p030__nu0p50__psi1p00,hardzero_plus_depr,0.02,41,238,0.0,1,0.5063021,0.5063037,1.0115943,0.097365625,0.097365625,1.0,1.5907209e-06,1.6337603e-05,-26.96518,2.2255518,0.7418506,0.14400001,0.0,0.15575139,7.1100183,7.1400185,764800
hardzero_plus_depr__c0p54__z1p05__lam0p030__nu0p50__psi1p00,hardzero_plus_depr,0.02,41,239,0.0,1,0.5063037,0.5063037,1.0535018,0.0,0.088409334,0.0,0.0,1.585475e-05,-28.1607,2.3177505,0.7725835,0.120000005,0.0,0.1701637,7.1400185,7.1700187,768000
hardzero_plus_depr__c0p54__z1p05__lam0p030__nu0p50__psi1p00,hardzero_plus_depr,0.02,41,240,0.0,1,0.5063037,0.5063053,1.0010803,0.09975156,0.09975156,1.0,1.5347943e-06,1.5386167e-05,-26.393393,2.2024207,0.7341403,0.112,0.0,0.15981771,7.1700187,7.200019,771200
hardzero_plus_depr__c0p54__z1p05__lam0p030__nu0p50__psi1p00,hardzero_plus_depr,0.02,41,241,0.0,1,0.5063053,0.5063053,1.0510478,0.0,0.08891031,0.0,0.0,1.4931435e-05,-28.052622,2.3123512,0.7707838,0.096,0.0,0.1895252,7.200019,7.230019,774400
hardzero_plus_depr__c0p54__z1p05__lam0p030__nu0p50__psi1p00,hardzero_plus_depr,0.02,41,242,0.0,1,0.5063053,0.5063067,1.0100778,0.09770621,0.09770621,1.0,1.4157768e-06,1.44901405e-05,-26.41463,2.2222157,0.7407386,0.14400001,0.0,0.15553351,7.230019,7.2600193,777600
hardzero_plus_depr__c0p54__z1p05__lam0p030__nu0p50__psi1p00,hardzero_plus_depr,0.02,41,243,0.0,1,0.5063067,0.5063067,1.0779443,0.0,0.08357102,0.0,0.0,1.40618895e-05,-28.766352,2.3715248,0.7905083,0.15200001,0.0,0.17523576,7.2600193,7.2900195,780800
hardzero_plus_depr__c0p54__z1p05__lam0p030__nu0p50__psi1p00,hardzero_plus_depr,0.02,41,244,0.0,1,0.5063067,0.5063081,0.994417,0.101293825,0.101293825,1.0,1.3822852e-06,1.3646293e-05,-26.266348,2.187761,0.7292537,0.136,0.0,0.1665954,7.2900195,7.3200197,784000
hardzero_plus_depr__c0p54__z1p05__lam0p030__nu0p50__psi1p00,hardzero_plus_depr,0.02,41,245,0.0,1,0.5063081,0.5063094,1.0131633,0.0970145,0.0970145,1.0,1.2847614e-06,1.3242983e-05,-26.223469,2.229004,0.74300134,0.18400002,0.0,0.15857497,7.3200197,7.35002,787200
hardzero_plus_depr__c0p54__z1p05__lam0p030__nu0p50__psi1p00,hardzero_plus_depr,0.02,41,246,0.0,1,0.5063094,0.5063107,0.9860893,0.1032549,0.1032549,1.0,1.3269897e-06,1.2851591e-05,-27.027958,2.1694398,0.7231466,0.208,0.0,0.15296395,7.35002,7.38002,790400
hardzero_plus_depr__c0p54__z1p05__lam0p030__nu0p50__psi1p00,hardzero_plus_depr,0.02,41,247,0.0,1,0.5063107,0.506312,0.9727289,0.10648074,0.10648074,1.0,1.3280029e-06,1.2471766e-05,-26.29827,2.1400464,0.7133488,0.14,0.0,0.1251462,7.38002,7.4100204,793600
hardzero_plus_depr__c0p54__z1p05__lam0p030__nu0p50__psi1p00,hardzero_plus_depr,0.02,41,248,0.0,1,0.506312,0.50631315,1.039082,0.09139406,0.09139406,1.0,1.1061576e-06,1.2103167e-05,-27.603987,2.2860262,0.7620088,0.096,0.0,0.14100546,7.4100204,7.4400206,796800
hardzero_plus_depr__c0p54__z1p05__lam0p030__nu0p50__psi1p00,hardzero_plus_depr,0.02,41,249,0.0,1,0.50631315,0.5063143,1.020424,0.095406055,0.095406055,1.0,1.1205882e-06,1.1745462e-05,-27.45647,2.2449777,0.74832594,0.128,0.0,0.15466315,7.4400206,7.470021,800000
hardzero_plus_depr__c0p54__z1p05__lam0p030__nu0p50__psi1p00,hardzero_plus_depr,0.02,41,250,0.0,1,0.5063143,0.5063143,1.0990274,0.0,0.07961091,0.0,0.0,1.1398329e-05,-28.935717,2.4179084,0.8059695,0.136,0.0,0.1911648,7.470021,7.500021,803200
hardzero_plus_depr__c0p54__z1p05__lam0p030__nu0p50__psi1p00,hardzero_plus_depr,0.02,41,251,0.0,1,0.5063143,0.50631547,0.9652135,0.108339414,0.108339414,1.0,1.1983916e-06,1.1061456e-05,-26.423376,2.123512,0.70783734,0.224,0.0,0.14555383,7.500021,7.530021,806400
hardzero_plus_depr__c0p54__z1p05__lam0p030__nu0p50__psi1p00,hardzero_plus_depr,0.02,41,252,0.0,1,0.50631547,0.50631547,1.0621194,0.0,0.08667236,0.0,0.0,1.0734537e-05,-28.065441,2.3367093,0.7789031,0.136,0.0,0.1885049,7.530021,7.5600214,809600
hardzero_plus_depr__c0p54__z1p05__lam0p030__nu0p50__psi1p00,hardzero_plus_depr,0.02,41,253,0.0,1,0.50631547,0.50631547,1.0769974,0.0,0.08375343,0.0,0.0,1.0417281e-05,-28.25876,2.3694415,0.7898139,0.080000006,0.0,0.17794935,7.5600214,7.5900216,812800
hardzero_plus_depr__c0p54__z1p05__lam0p030__nu0p50__psi1p00,hardzero_plus_depr,0.02,41,254,0.0,1,0.50631547,0.50631547,1.0792321,0.0,0.083323576,0.0,0.0,1.0109402e-05,-28.447134,2.374358,0.79145265,0.16000001,0.0,0.18040067,7.5900216,7.620022,816000
hardzero_plus_depr__c0p54__z1p05__lam0p030__nu0p50__psi1p00,hardzero_plus_depr,0.02,41,255,0.0,1,0.50631547,0.5063164,1.0021069,0.09951604,0.09951604,1.0,9.763144e-07,9.810623e-06,-26.107138,2.2046793,0.7348931,0.16800001,0.0,0.11878192,7.620022,7.650022,819200
hardzero_plus_depr__c0p54__z1p05__lam0p030__nu0p50__psi1p00,hardzero_plus_depr,0.02,41,256,0.0,1,0.5063164,0.5063164,1.0644244,0.0,0.08621357,0.0,0.0,9.520672e-06,-28.048462,2.3417804,0.7805935,0.112,0.0,0.17250718,7.650022,7.6800222,822400
hardzero_plus_depr__c0p54__z1p05__lam0p030__nu0p50__psi1p00,hardzero_plus_depr,0.02,41,257,0.0,1,0.5063164,0.5063173,1.0242784,0.09456307,0.09456307,1.0,8.7369585e-07,9.239293e-06,-27.385845,2.2534575,0.7511525,0.208,0.0,0.1690403,7.6800222,7.7100224,825600
hardzero_plus_depr__c0p54__z1p05__lam0p030__nu0p50__psi1p00,hardzero_plus_depr,0.02,41,258,0.0,1,0.5063173,0.50631815,1.0350081,0.09225542,0.09225542,1.0,8.2718316e-07,8.966228e-06,-27.379444,2.2770631,0.75902104,0.14400001,0.0,0.1803025,7.7100224,7.7400227,828800
hardzero_plus_depr__c0p54__z1p05__lam0p030__nu0p50__psi1p00,hardzero_plus_depr,0.02,41,259,0.0,1,0.50631815,0.506319,1.0167196,0.09622335,0.09622335,1.0,8.3726184e-07,8.701234e-06,-26.509752,2.2368279,0.7456093,0.14400001,0.0,0.14334603,7.7400227,7.770023,832000
hardzero_plus_depr__c0p54__z1p05__lam0p030__nu0p50__psi1p00,hardzero_plus_depr,0.02,41,260,0.0,1,0.506319,0.506319,1.0704819,0.0,0.08501941,0.0,0.0,8.444073e-06,-28.418064,2.3551073,0.7850358,0.13,0.0,0.18302855,7.770023,7.800023,835200
hardzero_plus_depr__c0p54__z1p05__lam0p030__nu0p50__psi1p00,hardzero_plus_depr,0.02,41,261,0.0,1,0.506319,0.506319,1.0748067,0.0,0.084176965,0.0,0.0,8.19451e-06,-28.061142,2.3646219,0.7882073,0.096,0.0,0.16499431,7.800023,7.8300233,838400
hardzero_plus_depr__c0p54__z1p05__lam0p030__nu0p50__psi1p00,hardzero_plus_depr,0.02,41,262,0.0,1,0.506319,0.506319,1.0529284,0.0,0.08852615,0.0,0.0,7.952324e-06,-27.006683,2.3164887,0.7721629,0.120000005,0.0,0.14681652,7.8300233,7.8600235,841600
hardzero_plus_depr__c0p54__z1p05__lam0p030__nu0p50__psi1p00,hardzero_plus_depr,0.02,41,263,0.0,1,0.506319,0.5063197,1.0293756,0.0934597,0.0934597,1.0,7.2125613e-07,7.717295e-06,-28.064392,2.2646716,0.75489056,0.17600001,0.0,0.1643821,7.8600235,7.8900237,844800
hardzero_plus_depr__c0p54__z1p05__lam0p030__nu0p50__psi1p00,hardzero_plus_depr,0.02,41,264,0.0,1,0.5063197,0.5063205,0.98733056,0.10296021,0.10296021,1.0,7.7109104e-07,7.489214e-06,-26.346664,2.1721706,0.7240569,0.2,0.0,0.15433815,7.8900237,7.920024,848000
hardzero_plus_depr__c0p54__z1p05__lam0p030__nu0p50__psi1p00,hardzero_plus_depr,0.02,41,265,0.0,1,0.5063205,0.5063212,0.99675953,0.10074894,0.10074894,1.0,7.3223043e-07,7.267872e-06,-26.787708,2.1929147,0.7309716,0.120000005,0.0,0.1308639,7.920024,7.950024,851200
hardzero_plus_depr__c0p54__z1p05__lam0p030__nu0p50__psi1p00,hardzero_plus_depr,0.02,41,266,0.0,1,0.5063212,0.5063219,0.9865926,0.1031353,0.1031353,1.0,7.274208e-07,7.0530727e-06,-27.14558,2.170547,0.7235157,0.16000001,0.0,0.13938509,7.950024,7.9800243,854400
hardzero_plus_depr__c0p54__z1p05__lam0p030__nu0p50__psi1p00,hardzero_plus_depr,0.02,41,267,0.0,1,0.5063219,0.50632256,1.0190772,0.09570239,0.09570239,1.0,6.550467e-07,6.844622e-06,-26.93002,2.2420146,0.74733824,0.128,0.0,0.14936677,7.9800243,8.010024,857600
hardzero_plus_depr__c0p54__z1p05__lam0p030__nu0p50__psi1p00,hardzero_plus_depr,0.02,41,268,0.0,1,0.50632256,0.5063232,0.9977816,0.10051212,0.10051212,1.0,6.676351e-07,6.6423345e-06,-26.488401,2.1951632,0.7317211,0.136,0.0,0.13777602,8.010024,8.040024,860800
hardzero_plus_depr__c0p54__z1p05__lam0p030__nu0p50__psi1p00,hardzero_plus_depr,0.02,41,269,0.0,1,0.5063232,0.5063239,0.98333323,0.10391224,0.10391224,1.0,6.6982096e-07,6.4460255e-06,-26.11099,2.1633763,0.7211255,0.128,0.0,0.14142352,8.040024,8.070024,864000
hardzero_plus_depr__c0p54__z1p05__lam0p030__nu0p50__psi1p00,hardzero_plus_depr,0.02,41,270,0.0,1,0.5063239,0.50632447,1.0338509,0.092501566,0.092501566,1.0,5.7864526e-07,6.255518e-06,-28.56906,2.2745173,0.75817245,0.128,0.0,0.16792408,8.070024,8.100023,867200
hardzero_plus_depr__c0p54__z1p05__lam0p030__nu0p50__psi1p00,hardzero_plus_depr,0.02,41,271,0.0,1,0.50632447,0.506325,1.031392,0.09302678,0.09302678,1.0,5.647322e-07,6.070641e-06,-26.710855,2.2691076,0.75636923,0.136,0.0,0.1388043,8.100023,8.130023,870400
hardzero_plus_depr__c0p54__z1p05__lam0p030__nu0p50__psi1p00,hardzero_plus_depr,0.02,41,272,0.0,1,0.506325,0.5063256,1.0049213,0.09887321,0.09887321,1.0,5.824847e-07,5.8912287e-06,-26.497532,2.210871,0.736957,0.16000001,0.0,0.15070628,8.130023,8.160023,873600
hardzero_plus_depr__c0p54__z1p05__lam0p030__nu0p50__psi1p00,hardzero_plus_depr,0.02,41,273,0.0,1,0.5063256,0.50632614,1.0208584,0.09531068,0.09531068,1.0,5.449024e-07,5.717118e-06,-26.619717,2.2459333,0.7486445,0.06,0.0,0.1552616,8.160023,8.190022,876800
hardzero_plus_depr__c0p54__z1p05__lam0p030__nu0p50__psi1p00,hardzero_plus_depr,0.02,41,274,0.0,1,0.50632614,0.50632674,0.96625674,0.108079486,0.108079486,1.0,5.996415e-07,5.548153e-06,-26.103167,2.1258073,0.7086024,0.24000001,0.0,0.1431057,8.190022,8.220022,880000
hardzero_plus_depr__c0p54__z1p05__lam0p030__nu0p50__psi1p00,hardzero_plus_depr,0.02,41,275,0.0,1,0.50632674,0.5063273,1.0193368,0.0956452,0.0956452,1.0,5.1497113e-07,5.384182e-06,-26.824009,2.242586,0.7475287,0.17600001,0.0,0.174964,8.220022,8.250022,883200
hardzero_plus_depr__c0p54__z1p05__lam0p030__nu0p50__psi1p00,hardzero_plus_depr,0.02,41,276,0.0,1,0.5063273,0.5063278,1.0133742,0.0969674,0.0969674,1.0,5.066602e-07,5.2250566e-06,-26.764046,2.2294679,0.74315596,0.120000005,0.0,0.15774822,8.250022,8.280022,886400
hardzero_plus_depr__c0p54__z1p05__lam0p030__nu0p50__psi1p00,hardzero_plus_depr,0.02,41,277,0.0,1,0.5063278,0.5063283,1.0065914,0.09849373,0.09849373,1.0,4.9942565e-07,5.070634e-06,-26.562065,2.2145455,0.7381818,0.16800001,0.0,0.14943744,8.280022,8.310021,889600
hardzero_plus_depr__c0p54__z1p05__lam0p030__nu0p50__psi1p00,hardzero_plus_depr,0.02,41,278,0.0,1,0.5063283,0.50632876,1.0351547,0.09222428,0.09222428,1.0,4.5381498e-07,4.9207756e-06,-26.485104,2.2773857,0.7591286,0.16800001,0.0,0.14156763,8.310021,8.340021,892800
hardzero_plus_depr__c0p54__z1p05__lam0p030__nu0p50__psi1p00,hardzero_plus_depr,0.02,41,279,0.0,1,0.50632876,0.5063292,1.0423522,0.09070845,0.09070845,1.0,4.331642e-07,4.7753456e-06,-27.905128,2.2932208,0.7644069,0.14400001,0.0,0.15759705,8.340021,8.370021,896000
hardzero_plus_depr__c0p54__z1p05__lam0p030__nu0p50__psi1p00,hardzero_plus_depr,0.02,41,280,0.0,1,0.5063292,0.50632966,0.9996895,0.10007153,0.10007153,1.0,4.637529e-07,4.6342143e-06,-27.582047,2.1993608,0.7331203,0.136,0.0,0.16370383,8.370021,8.400021,899200
hardzero_plus_depr__c0p54__z1p05__lam0p030__nu0p50__psi1p00,hardzero_plus_depr,0.02,41,281,0.0,1,0.50632966,0.5063301,1.0396346,0.09127784,0.09127784,1.0,4.1049958e-07,4.4972535e-06,-27.739672,2.2872417,0.7624139,0.16800001,0.0,0.15498538,8.400021,8.43002,902400
hardzero_plus_depr__c0p54__z1p05__lam0p030__nu0p50__psi1p00,hardzero_plus_depr,0.02,41,282,0.0,1,0.5063301,0.5063301,1.0897065,0.0,0.08133798,0.0,0.0,4.364341e-06,-29.108282,2.3974023,0.79913414,0.112,0.0,0.17213875,8.43002,8.46002,905600
hardzero_plus_depr__c0p54__z1p05__lam0p030__nu0p50__psi1p00,hardzero_plus_depr,0.02,41,283,0.0,1,0.5063301,0.5063305,1.0161657,0.09634613,0.09634613,1.0,4.080602e-07,4.2353563e-06,-26.93401,2.2356093,0.74520314,0.120000005,0.0,0.19581152,8.46002,8.49002,908800
hardzero_plus_depr__c0p54__z1p05__lam0p030__nu0p50__psi1p00,hardzero_plus_depr,0.02,41,284,0.0,1,0.5063305,0.5063309,1.0224382,0.094964616,0.094964616,1.0,3.9032204e-07,4.110184e-06,-26.963436,2.249409,0.749803,0.14400001,0.0,0.15925904,8.49002,8.52002,912000
hardzero_plus_depr__c0p54__z1p05__lam0p030__nu0p50__psi1p00,hardzero_plus_depr,0.02,41,285,0.0,1,0.5063309,0.5063309,1.062941,0.0,0.086508535,0.0,0.0,3.9887104e-06,-27.699007,2.3385167,0.7795056,0.14400001,0.0,0.15460001,8.52002,8.550019,915200
hardzero_plus_depr__c0p54__z1p05__lam0p030__nu0p50__psi1p00,hardzero_plus_depr,0.02,41,286,0.0,1,0.5063309,0.50633126,1.0426565,0.09064491,0.09064491,1.0,3.5087078e-07,3.870827e-06,-28.524149,2.2938902,0.7646301,0.14,0.0,0.15199786,8.550019,8.580019,918400
hardzero_plus_depr__c0p54__z1p05__lam0p030__nu0p50__psi1p00,hardzero_plus_depr,0.02,41,287,0.0,1,0.50633126,0.5063317,0.9763722,0.10559121,0.10559121,1.0,3.9664582e-07,3.7564284e-06,-26.3839,2.1480618,0.7160206,0.216,0.0,0.15404968,8.580019,8.610019,921600
hardzero_plus_depr__c0p54__z1p05__lam0p030__nu0p50__psi1p00,hardzero_plus_depr,0.02,41,288,0.0,1,0.5063317,0.50633204,1.0335256,0.092570886,0.092570886,1.0,3.3745883e-07,3.6454098e-06,-27.297663,2.2738016,0.75793386,0.17600001,0.0,0.16883501,8.610019,8.640018,924800
hardzero_plus_depr__c0p54__z1p05__lam0p030__nu0p50__psi1p00,hardzero_plus_depr,0.02,41,289,0.0,1,0.50633204,0.5063324,1.0049514,0.09886637,0.09886637,1.0,3.4975687e-07,3.5376727e-06,-26.713627,2.210937,0.736979,0.120000005,0.0,0.169003,8.640018,8.670018,928000
hardzero_plus_depr__c0p54__z1p05__lam0p030__nu0p50__psi1p00,hardzero_plus_depr,0.02,41,290,0.0,1,0.5063324,0.5063324,1.071681,0.0,0.08478498,0.0,0.0,3.4331194e-06,-28.184856,2.3577454,0.78591514,0.112,0.0,0.18094933,8.670018,8.700018,931200
hardzero_plus_depr__c0p54__z1p05__lam0p030__nu0p50__psi1p00,hardzero_plus_depr,0.02,41,291,0.0,1,0.5063324,0.5063324,1.0683606,0.0,0.0854357,0.0,0.0,3.3316562e-06,-28.572313,2.3504403,0.7834801,0.17600001,0.008,0.19199267,8.700018,8.730018,934400
hardzero_plus_depr__c0p54__z1p05__lam0p030__nu0p50__psi1p00,hardzero_plus_depr,0.02,41,292,0.0,1,0.5063324,0.5063327,1.0001504,0.09996536,0.09996536,1.0,3.2320716e-07,3.2331918e-06,-27.095388,2.2003748,0.7334583,0.136,0.0,0.14669512,8.730018,8.760017,937600
hardzero_plus_depr__c0p54__z1p05__lam0p030__nu0p50__psi1p00,hardzero_plus_depr,0.02,41,293,0.0,1,0.5063327,0.50633305,0.9743584,0.10608198,0.10608198,1.0,3.3284678e-07,3.1376373e-06,-26.891176,2.1436312,0.71454376,0.216,0.0,0.16341253,8.760017,8.790017,940800
hardzero_plus_depr__c0p54__z1p05__lam0p030__nu0p50__psi1p00,hardzero_plus_depr,0.02,41,294,0.0,1,0.50633305,0.50633335,1.0373505,0.09175916,0.09175916,1.0,2.793981e-07,3.044907e-06,-27.762016,2.2822168,0.76073897,0.216,0.0,0.14648461,8.790017,8.820017,944000
hardzero_plus_depr__c0p54__z1p05__lam0p030__nu0p50__psi1p00,hardzero_plus_depr,0.02,41,295,0.0,1,0.50633335,0.5063336,1.0448009,0.090198465,0.090198465,1.0,2.66529e-07,2.9549174e-06,-27.551224,2.2986078,0.7662026,0.14400001,0.0,0.1203161,8.820017,8.850017,947200
hardzero_plus_depr__c0p54__z1p05__lam0p030__nu0p50__psi1p00,hardzero_plus_depr,0.02,41,296,0.0,1,0.5063336,0.5063338,1.03898,0.091415524,0.091415524,1.0,2.6214198e-07,2.867587e-06,-27.139673,2.2858016,0.7619339,0.15200001,0.0,0.15889859,8.850017,8.880016,950400
hardzero_plus_depr__c0p54__z1p05__lam0p030__nu0p50__psi1p00,hardzero_plus_depr,0.02,41,297,0.0,1,0.5063338,0.50633407,1.0436184,0.09044436,0.09044436,1.0,2.51692e-07,2.7828378e-06,-27.60032,2.2960064,0.7653355,0.15200001,0.0,0.15190616,8.880016,8.910016,953600
hardzero_plus_depr__c0p54__z1p05__lam0p030__nu0p50__psi1p00,hardzero_plus_depr,0.02,41,298,0.0,1,0.50633407,0.50633407,1.0500975,0.0,0.0891051,0.0,0.0,2.7005933e-06,-27.414986,2.3102605,0.7700869,0.120000005,0.0,0.1599724,8.910016,8.940016,956800
hardzero_plus_depr__c0p54__z1p05__lam0p030__nu0p50__psi1p00,hardzero_plus_depr,0.02,41,299,0.0,1,0.50633407,0.5063343,1.0325879,0.09277098,0.09277098,1.0,2.4313226e-07,2.6207792e-06,-27.1498,2.2717388,0.75724626,0.13,0.0,0.1448266,8.940016,8.970016,960000
hardzero_plus_depr__c0p54__z1p05__lam0p030__nu0p50__psi1p00,hardzero_plus_depr,0.02,41,300,0.0,1,0.5063343,0.5063343,1.0593275,0.0,0.08723132,0.0,0.0,2.5433244e-06,-27.763115,2.3305671,0.7768557,0.112,0.0,0.18021095,8.970016,9.000015,963200
hardzero_plus_depr__c0p54__z1p05__lam0p030__nu0p50__psi1p00,hardzero_plus_depr,0.02,41,301,0.0,1,0.5063343,0.50633454,1.0213009,0.095213614,0.095213614,1.0,2.3500225e-07,2.468158e-06,-27.198292,2.2469068,0.74896896,0.16000001,0.0,0.14718549,9.000015,9.030015,966400
hardzero_plus_depr__c0p54__z1p05__lam0p030__nu0p50__psi1p00,hardzero_plus_depr,0.02,41,302,0.0,1,0.50633454,0.50633454,1.0883054,0.0,0.081600845,0.0,0.0,2.3952139e-06,-28.55163,2.3943195,0.79810655,0.15200001,0.0,0.14225452,9.030015,9.060015,969600
hardzero_plus_depr__c0p54__z1p05__lam0p030__nu0p50__psi1p00,hardzero_plus_depr,0.02,41,303,0.0,1,0.50633454,0.50633454,1.0634089,0.0,0.0864154,0.0,0.0,2.3244252e-06,-27.917154,2.3395462,0.77984875,0.16000001,0.0,0.18113169,9.060015,9.090014,972800
hardzero_plus_depr__c0p54__z1p05__lam0p030__nu0p50__psi1p00,hardzero_plus_depr,0.02,41,304,0.0,1,0.50633454,0.50633454,1.0556444,0.0,0.08797426,0.0,0.0,2.2557288e-06,-27.721611,2.322464,0.77415466,0.15200001,0.0,0.15477179,9.090014,9.120014,976000
hardzero_plus_depr__c0p54__z1p05__lam0p030__nu0p50__psi1p00,hardzero_plus_depr,0.02,41,305,0.0,1,0.50633454,0.50633454,1.0603228,0.0,0.08703164,0.0,0.0,2.1890626e-06,-27.420128,2.3327568,0.7775856,0.18400002,0.0,0.14085133,9.120014,9.150014,979200
hardzero_plus_depr__c0p54__z1p05__lam0p030__nu0p50__psi1p00,hardzero_plus_depr,0.02,41,306,0.0,1,0.50633454,0.50633454,1.0858189,0.0,0.08206936,0.0,0.0,2.1243663e-06,-26.726305,2.3888493,0.7962831,0.128,0.0,0.15839238,9.150014,9.180014,982400
hardzero_plus_depr__c0p54__z1p05__lam0p030__nu0p50__psi1p00,hardzero_plus_depr,0.02,41,307,0.0,1,0.50633454,0.50633454,1.1015911,0.0,0.07914233,0.0,0.0,2.0615823e-06,-28.420595,2.423549,0.80784965,0.112,0.0,0.18698786,9.180014,9.210013,985600
hardzero_plus_depr__c0p54__z1p05__lam0p030__nu0p50__psi1p00,hardzero_plus_depr,0.02,41,308,0.0,1,0.50633454,0.50633454,1.0559217,0.0,0.08791811,0.0,0.0,2.0006541e-06,-28.201036,2.323074,0.77435803,0.128,0.0,0.16257393,9.210013,9.240013,988800
hardzero_plus_depr__c0p54__z1p05__lam0p030__nu0p50__psi1p00,hardzero_plus_depr,0.02,41,309,0.0,1,0.50633454,0.50633454,1.0532326,0.0,0.08846418,0.0,0.0,1.9415263e-06,-27.931587,2.317158,0.772386,0.136,0.0,0.17669633,9.240013,9.270013,992000
hardzero_plus_depr__c0p54__z1p05__lam0p030__nu0p50__psi1p00,hardzero_plus_depr,0.02,41,310,0.0,1,0.50633454,0.5063347,1.0244117,0.09453405,0.09453405,1.0,1.7811594e-07,1.884146e-06,-28.214125,2.2537508,0.75125027,0.136,0.0,0.1787619,9.270013,9.300013,995200
hardzero_plus_depr__c0p54__z1p05__lam0p030__nu0p50__psi1p00,hardzero_plus_depr,0.02,41,311,0.0,1,0.5063347,0.5063349,1.0124484,0.09717433,0.09717433,1.0,1.7767952e-07,1.8284614e-06,-27.35194,2.227431,0.74247706,0.192,0.0,0.15924028,9.300013,9.330012,998400
hardzero_plus_depr__c0p54__z1p05__lam0p030__nu0p50__psi1p00,hardzero_plus_depr,0.02,41,312,0.0,1,0.5063349,0.5063351,1.0056093,0.09871671,0.09871671,1.0,1.7516518e-07,1.7744228e-06,-26.350866,2.2123845,0.7374615,0.17,0.0,0.13679491,9.330012,9.360012,1001600
hardzero_plus_depr__c0p54__z1p05__lam0p030__nu0p50__psi1p00,hardzero_plus_depr,0.02,41,313,0.0,1,0.5063351,0.50633526,0.987095,0.10301606,0.10301606,1.0,1.7739173e-07,1.7219812e-06,-26.416607,2.1716523,0.7238841,0.17600001,0.0,0.19495149,9.360012,9.390012,1004800
hardzero_plus_depr__c0p54__z1p05__lam0p030__nu0p50__psi1p00,hardzero_plus_depr,0.02,41,314,0.0,1,0.50633526,0.50633526,1.0935129,0.0,0.08062823,0.0,0.0,1.6710894e-06,-29.145855,2.4057765,0.80192554,0.128,0.0,0.1817248,9.390012,9.4200115,1008000
hardzero_plus_depr__c0p54__z1p05__lam0p030__nu0p50__psi1p00,hardzero_plus_depr,0.02,41,315,0.0,1,0.50633526,0.50633544,1.0187017,0.09578518,0.09578518,1.0,1.5533497e-07,1.6217016e-06,-27.23783,2.2411885,0.74706286,0.18400002,0.0,0.1654832,9.4200115,9.450011,1011200
hardzero_plus_depr__c0p54__z1p05__lam0p030__nu0p50__psi1p00,hardzero_plus_depr,0.02,41,316,0.0,1,0.50633544,0.5063356,1.022464,0.09495896,0.09495896,1.0,1.494439e-07,1.5737736e-06,-27.561138,2.2494657,0.7498219,0.18400002,0.0,0.16389163,9.450011,9.480011,1014400
hardzero_plus_depr__c0p54__z1p05__lam0p030__nu0p50__psi1p00,hardzero_plus_depr,0.02,41,317,0.0,1,0.5063356,0.5063356,1.0772796,0.0,0.083699025,0.0,0.0,1.527262e-06,-27.881495,2.3700624,0.7900208,0.104,0.0,0.15137038,9.480011,9.510011,1017600
hardzero_plus_depr__c0p54__z1p05__lam0p030__nu0p50__psi1p00,hardzero_plus_depr,0.02,41,318,0.0,1,0.5063356,0.5063356,1.0960795,0.0,0.08015313,0.0,0.0,1.482125e-06,-28.610212,2.411423,0.8038077,0.136,0.0,0.18409269,9.510011,9.54001,1020800
hardzero_plus_depr__c0p54__z1p05__lam0p030__nu0p50__psi1p00,hardzero_plus_depr,0.02,41,319,0.0,1,0.5063356,0.5063356,1.0601103,0.0,0.08707423,0.0,0.0,1.4383219e-06,-28.497915,2.3322892,0.77742976,0.16800001,0.0,0.17769568,9.54001,9.57001,1024000
hardzero_plus_depr__c0p54__z1p05__lam0p030__nu0p50__psi1p00,hardzero_plus_depr,0.02,41,320,0.0,1,0.5063356,0.50633574,1.0248203,0.09444516,0.09444516,1.0,1.3182783e-07,1.3958135e-06,-27.131819,2.2546496,0.7515499,0.16000001,0.0,0.13508318,9.57001,9.60001,1027200
hardzero_plus_depr__c0p54__z1p05__lam0p030__nu0p50__psi1p00,hardzero_plus_depr,0.02,41,321,0.0,1,0.50633574,0.50633574,1.0964111,0.0,0.080091946,0.0,0.0,1.3545612e-06,-29.004044,2.4121525,0.80405086,0.120000005,0.0,0.19320954,9.60001,9.63001,1030400
hardzero_plus_depr__c0p54__z1p05__lam0p030__nu0p50__psi1p00,hardzero_plus_depr,0.02,41,322,0.0,1,0.50633574,0.50633585,1.0270694,0.0939573,0.0939573,1.0,1.2350952e-07,1.3145283e-06,-27.091764,2.2595978,0.7531993,0.16800001,0.0,0.13648391,9.63001,9.660009,1033600
hardzero_plus_depr__c0p54__z1p05__lam0p030__nu0p50__psi1p00,hardzero_plus_depr,0.02,41,323,0.0,1,0.50633585,0.506336,0.9991332,0.100199774,0.100199774,1.0,1.278227e-07,1.2756785e-06,-26.901016,2.198137,0.7327124,0.256,0.0,0.14766261,9.660009,9.690009,1036800
hardzero_plus_depr__c0p54__z1p05__lam0p030__nu0p50__psi1p00,hardzero_plus_depr,0.02,41,324,0.0,1,0.506336,0.506336,1.0899483,0.0,0.08129273,0.0,0.0,1.2379768e-06,-28.53406,2.3979342,0.7993114,0.120000005,0.0,0.22231929,9.690009,9.720009,1040000
hardzero_plus_depr__c0p54__z1p05__lam0p030__nu0p50__psi1p00,hardzero_plus_depr,0.02,41,325,0.0,1,0.506336,0.5063361,1.0172848,0.09609819,0.09609819,1.0,1.1545135e-07,1.2013894e-06,-27.147785,2.2380712,0.7460238,0.17999999,0.0,0.13850169,9.720009,9.750009,1043200
hardzero_plus_depr__c0p54__z1p05__lam0p030__nu0p50__psi1p00,hardzero_plus_depr,0.02,41,326,0.0,1,0.5063361,0.5063362,0.9995482,0.10010408,0.10010408,1.0,1.1670967e-07,1.1658833e-06,-27.141323,2.19905,0.73301667,0.192,0.0,0.17010076,9.750009,9.780008,1046400
hardzero_plus_depr__c0p54__z1p05__lam0p030__nu0p50__psi1p00,hardzero_plus_depr,0.02,41,327,0.0,1,0.5063362,0.50633633,0.97172314,0.10672764,0.10672764,1.0,1.2075448e-07,1.1314265e-06,-25.775187,2.1378336,0.7126112,0.15200001,0.0,0.14692806,9.780008,9.810008,1049600
hardzero_plus_depr__c0p54__z1p05__lam0p030__nu0p50__psi1p00,hardzero_plus_depr,0.02,41,328,0.0,1,0.50633633,0.50633633,1.096784,0.0,0.080023214,0.0,0.0,1.097988e-06,-28.266151,2.412973,0.8043243,0.112,0.0,0.16777419,9.810008,9.840008,1052800
hardzero_plus_depr__c0p54__z1p05__lam0p030__nu0p50__psi1p00,hardzero_plus_depr,0.02,41,329,0.0,1,0.50633633,0.50633645,0.97392184,0.106188655,0.106188655,1.0,1.1314804e-07,1.065538e-06,-26.994099,2.1426709,0.7142236,0.24800001,0.0,0.14979541,9.840008,9.8700075,1056000
hardzero_plus_depr__c0p54__z1p05__lam0p030__nu0p50__psi1p00,hardzero_plus_depr,0.02,41,330,0.0,1,0.50633645,0.50633657,1.0257226,0.094249144,0.094249144,1.0,9.745803e-08,1.0340468e-06,-27.512135,2.256635,0.7522117,0.16800001,0.0,0.14902501,9.8700075,9.900007,1059200
hardzero_plus_depr__c0p54__z1p05__lam0p030__nu0p50__psi1p00,hardzero_plus_depr,0.02,41,331,0.0,1,0.50633657,0.5063367,1.0235319,0.09472575,0.09472575,1.0,9.5055995e-08,1.0034863e-06,-27.521908,2.251815,0.75060505,0.120000005,0.0,0.16321608,9.900007,9.930007,1062400
hardzero_plus_depr__c0p54__z1p05__lam0p030__nu0p50__psi1p00,hardzero_plus_depr,0.02,41,332,0.0,1,0.5063367,0.5063368,0.9769497,0.105450906,0.105450906,1.0,1.0269117e-07,9.738292e-07,-27.304401,2.1493323,0.71644413,0.17600001,0.0,0.16426793,9.930007,9.960007,1065600
hardzero_plus_depr__c0p54__z1p05__lam0p030__nu0p50__psi1p00,hardzero_plus_depr,0.02,41,333,0.0,1,0.5063368,0.5063369,1.0026904,0.09938241,0.09938241,1.0,9.392119e-08,9.450484e-07,-27.027037,2.205963,0.735321,0.16800001,0.0,0.15952125,9.960007,9.990006,1068800
hardzero_plus_depr__c0p54__z1p05__lam0p030__nu0p50__psi1p00,hardzero_plus_depr,0.02,41,334,0.0,1,0.5063369,0.50633705,1.0084099,0.098082185,0.098082185,1.0,8.9952955e-08,9.171182e-07,-27.44186,2.218546,0.7395153,0.14400001,0.0,0.13588046,9.990006,10.020006,1072000
hardzero_plus_depr__c0p54__z1p05__lam0p030__nu0p50__psi1p00,hardzero_plus_depr,0.02,41,335,0.0,1,0.50633705,0.50633717,0.965153,0.108354524,0.108354524,1.0,9.6436985e-08,8.9001344e-07,-26.392834,2.123379,0.707793,0.17600001,0.0,0.17239808,10.020006,10.050006,1075200
hardzero_plus_depr__c0p54__z1p05__lam0p030__nu0p50__psi1p00,hardzero_plus_depr,0.02,41,336,0.0,1,0.50633717,0.5063372,0.9862159,0.1032248,0.1032248,1.0,8.915629e-08,8.6370994e-07,-26.39083,2.1697183,0.7232394,0.16800001,0.0,0.13020681,10.050006,10.080006,1078400
hardzero_plus_depr__c0p54__z1p05__lam0p030__nu0p50__psi1p00,hardzero_plus_depr,0.02,41,337,0.0,1,0.5063372,0.5063373,1.020811,0.0953211,0.0953211,1.0,7.989657e-08,8.3818355e-07,-27.047813,2.2458289,0.74860966,0.112,0.0,0.15536417,10.080006,10.110005,1081600
hardzero_plus_depr__c0p54__z1p05__lam0p030__nu0p50__psi1p00,hardzero_plus_depr,0.02,41,338,0.0,1,0.5063373,0.50633734,1.0387418,0.09146567,0.09146567,1.0,7.4399246e-08,8.1341176e-07,-28.219028,2.2852776,0.7617592,0.14999999,0.0,0.14849314,10.110005,10.140005,1084800
hardzero_plus_depr__c0p54__z1p05__lam0p030__nu0p50__psi1p00,hardzero_plus_depr,0.02,41,339,0.0,1,0.50633734,0.5063374,0.9816523,0.104315214,0.104315214,1.0,8.234351e-08,7.8937205e-07,-26.826235,2.1596782,0.71989274,0.23200001,0.0,0.13023773,10.140005,10.170005,1088000
hardzero_plus_depr__c0p54__z1p05__lam0p030__nu0p50__psi1p00,hardzero_plus_depr,0.02,41,340,0.0,1,0.5063374,0.50633746,1.0262997,0.094123974,0.094123974,1.0,7.210299e-08,7.660428e-07,-27.504757,2.2579045,0.7526349,0.17600001,0.0,0.1515974,10.170005,10.200005,1091200
hardzero_plus_depr__c0p54__z1p05__lam0p030__nu0p50__psi1p00,hardzero_plus_depr,0.02,41,341,0.0,1,0.50633746,0.5063375,1.0125389,0.09715408,0.09715408,1.0,7.222464e-08,7.43403e-07,-27.432983,2.2276301,0.7425434,0.23200001,0.0,0.16678719,10.200005,10.230004,1094400
hardzero_plus_depr__c0p54__z1p05__lam0p030__nu0p50__psi1p00,hardzero_plus_depr,0.02,41,342,0.0,1,0.5063375,0.5063376,1.034273,0.092411704,0.092411704,1.0,6.666879e-08,7.214323e-07,-27.182037,2.2754462,0.7584821,0.216,0.0,0.16361178,10.230004,10.260004,1097600
hardzero_plus_depr__c0p54__z1p05__lam0p030__nu0p50__psi1p00,hardzero_plus_depr,0.02,41,343,0.0,1,0.5063376,0.50633764,1.01861,0.09580539,0.09580539,1.0,6.7074396e-08,7.001109e-07,-26.787222,2.2409868,0.7469956,0.120000005,0.0,0.14150922,10.260004,10.290004,1100800
hardzero_plus_depr__c0p54__z1p05__lam0p030__nu0p50__psi1p00,hardzero_plus_depr,0.02,41,344,0.0,1,0.50633764,0.5063377,1.0324955,0.09279071,0.09279071,1.0,6.304383e-08,6.7941966e-07,-27.489853,2.2715354,0.7571785,0.16000001,0.0,0.18551637,10.290004,10.3200035,1104000
hardzero_plus_depr__c0p54__z1p05__lam0p030__nu0p50__psi1p00,hardzero_plus_depr,0.02,41,345,0.0,1,0.5063377,0.50633776,0.99778664,0.10051095,0.10051095,1.0,6.6270886e-08,6.5934e-07,-26.309528,2.1951745,0.73172486,0.14400001,0.0,0.13065423,10.3200035,10.350003,1107200
hardzero_plus_depr__c0p54__z1p05__lam0p030__nu0p50__psi1p00,hardzero_plus_depr,0.02,41,346,0.0,1,0.50633776,0.5063378,1.0316622,0.09296891,0.09296891,1.0,5.9486506e-08,6.3985374e-07,-26.968403,2.2697022,0.7565674,0.14400001,0.0,0.13071628,10.350003,10.380003,1110400
hardzero_plus_depr__c0p54__z1p05__lam0p030__nu0p50__psi1p00,hardzero_plus_depr,0.02,41,347,0.0,1,0.5063378,0.5063378,1.0731539,0.0,0.08449794,0.0,0.0,6.2094335e-07,-27.795292,2.3609855,0.7869952,0.18400002,0.0,0.17261928,10.380003,10.410003,1113600
hardzero_plus_depr__c0p54__z1p05__lam0p030__nu0p50__psi1p00,hardzero_plus_depr,0.02,41,348,0.0,1,0.5063378,0.5063379,1.046376,0.08987193,0.08987193,1.0,5.4156093e-08,6.0259185e-07,-28.070755,2.3020732,0.76735777,0.192,0.0,0.18757628,10.410003,10.440002,1116800
hardzero_plus_depr__c0p54__z1p05__lam0p030__nu0p50__psi1p00,hardzero_plus_depr,0.02,41,349,0.0,1,0.5063379,0.50633794,0.9961443,0.10089175,0.10089175,1.0,5.899975e-08,5.847827e-07,-26.616018,2.1915612,0.7305204,0.192,0.0,0.14576018,10.440002,10.470002,1120000
hardzero_plus_depr__c0p54__z1p05__lam0p030__nu0p50__psi1p00,hardzero_plus_depr,0.02,41,350,0.0,1,0.50633794,0.506338,1.041055,0.090979815,0.090979815,1.0,5.163104e-08,5.6749997e-07,-27.464998,2.2903666,0.76345557,0.128,0.0,0.15961789,10.470002,10.500002,1123200
hardzero_plus_depr__c0p54__z1p05__lam0p030__nu0p50__psi1p00,hardzero_plus_depr,0.02,41,351,0.0,1,0.506338,0.50633806,0.9970116,0.10069047,0.10069047,1.0,5.5453057e-08,5.50728e-07,-26.916296,2.1934693,0.73115647,0.16,0.0,0.14534573,10.500002,10.530002,1126400
hardzero_plus_depr__c0p54__z1p05__lam0p030__nu0p50__psi1p00,hardzero_plus_depr,0.02,41,352,0.0,1,0.50633806,0.5063381,1.0406489,0.09106491,0.09106491,1.0,4.866979e-08,5.3445166e-07,-27.850605,2.2894733,0.7631578,0.128,0.0,0.17654158,10.530002,10.560001,1129600
hardzero_plus_depr__c0p54__z1p05__lam0p030__nu0p50__psi1p00,hardzero_plus_depr,0.02,41,353,0.0,1,0.5063381,0.5063382,1.0302022,0.09328199,0.09328199,1.0,4.83813e-08,5.1865635e-07,-28.094007,2.26649,0.7554967,0.23200001,0.0,0.16820155,10.560001,10.590001,1132800
hardzero_plus_depr__c0p54__z1p05__lam0p030__nu0p50__psi1p00,hardzero_plus_depr,0.02,41,354,0.0,1,0.5063382,0.5063382,1.0506896,0.0,0.08898369,0.0,0.0,5.0332784e-07,-27.50216,2.3115633,0.7705211,0.14400001,0.0,0.1448793,10.590001,10.620001,1136000
hardzero_plus_depr__c0p54__z1p05__lam0p030__nu0p50__psi1p00,hardzero_plus_depr,0.02,41,355,0.0,1,0.5063382,0.5063382,1.0670056,0.0,0.085702665,0.0,0.0,4.884524e-07,-27.787407,2.3474593,0.78248644,0.16000001,0.0,0.17616065,10.620001,10.650001,1139200
hardzero_plus_depr__c0p54__z1p05__lam0p030__nu0p50__psi1p00,hardzero_plus_depr,0.02,41,356,0.0,1,0.5063382,0.50633824,1.0491945,0.08929057,0.08929057,1.0,4.232521e-08,4.7401656e-07,-27.180883,2.3082738,0.7694246,0.16000001,0.0,0.15829799,10.650001,10.68,1142400
hardzero_plus_depr__c0p54__z1p05__lam0p030__nu0p50__psi1p00,hardzero_plus_depr,0.02,41,357,0.0,1,0.50633824,0.50633824,1.0866529,0.0,0.08191192,0.0,0.0,4.6000739e-07,-28.359314,2.3906841,0.7968947,0.14400001,0.0,0.19337563,10.68,10.71,1145600
hardzero_plus_depr__c0p54__z1p05__lam0p030__nu0p50__psi1p00,hardzero_plus_depr,0.02,41,358,0.0,1,0.50633824,0.5063383,1.0019753,0.099546194,0.099546194,1.0,4.443864e-08,4.4641223e-07,-27.40664,2.2043896,0.7347965,0.128,0.008,0.14587207,10.71,10.74,1148800
hardzero_plus_depr__c0p54__z1p05__lam0p030__nu0p50__psi1p00,hardzero_plus_depr,0.02,41,359,0.0,1,0.5063383,0.5063383,1.0899361,0.0,0.081295,0.0,0.0,4.3321887e-07,-27.580717,2.3979073,0.79930246,0.112,0.0,0.17528889,10.74,10.7699995,1152000
hardzero_plus_depr__c0p54__z1p05__lam0p030__nu0p50__psi1p00,hardzero_plus_depr,0.02,41,360,0.0,1,0.5063383,0.50633836,0.99293137,0.10164093,0.10164093,1.0,4.2731415e-08,4.2041543e-07,-26.724463,2.1844926,0.7281642,0.192,0.0,0.16445361,10.7699995,10.799999,1155200
hardzero_plus_depr__c0p54__z1p05__lam0p030__nu0p50__psi1p00,hardzero_plus_depr,0.02,41,361,0.0,1,0.50633836,0.50633836,1.0691413,0.0,0.08528225,0.0,0.0,4.0799037e-07,-28.548965,2.3521578,0.7840526,0.16800001,0.0,0.18429512,10.799999,10.829999,1158400
hardzero_plus_depr__c0p54__z1p05__lam0p030__nu0p50__psi1p00,hardzero_plus_depr,0.02,41,362,0.0,1,0.50633836,0.5063384,1.038601,0.09149533,0.09149533,1.0,3.6225977e-08,3.9593255e-07,-27.238735,2.284968,0.761656,0.136,0.0,0.13807036,10.829999,10.859999,1161600
hardzero_plus_depr__c0p54__z1p05__lam0p030__nu0p50__psi1p00,hardzero_plus_depr,0.02,41,363,0.0,1,0.5063384,0.5063385,1.0026468,0.0993924,0.0993924,1.0,3.8189647e-08,3.8423104e-07,-27.17736,2.205867,0.73528904,0.2,0.0,0.1504673,10.859999,10.889998,1164800
hardzero_plus_depr__c0p54__z1p05__lam0p030__nu0p50__psi1p00,hardzero_plus_depr,0.02,41,364,0.0,1,0.5063385,0.50633854,1.0343134,0.09240311,0.09240311,1.0,3.445485e-08,3.7287543e-07,-27.149742,2.275535,0.7585117,0.19,0.0,0.15831573,10.889998,10.919998,1168000
hardzero_plus_depr__c0p54__z1p05__lam0p030__nu0p50__psi1p00,hardzero_plus_depr,0.02,41,365,0.0,1,0.50633854,0.5063386,1.0125608,0.09714919,0.09714919,1.0,3.5153956e-08,3.6185537e-07,-26.44272,2.2276783,0.74255943,0.14400001,0.0,0.14526877,10.919998,10.949998,1171200
hardzero_plus_depr__c0p54__z1p05__lam0p030__nu0p50__psi1p00,hardzero_plus_depr,0.02,41,366,0.0,1,0.5063386,0.50633866,1.010688,0.09756905,0.09756905,1.0,3.4262445e-08,3.5116102e-07,-26.273457,2.223558,0.741186,0.128,0.0,0.14462899,10.949998,10.979998,1174400
hardzero_plus_depr__c0p54__z1p05__lam0p030__nu0p50__psi1p00,hardzero_plus_depr,0.02,41,367,0.0,1,0.50633866,0.5063387,1.0251576,0.09437185,0.09437185,1.0,3.2160294e-08,3.4078272e-07,-26.696308,2.2553916,0.7517972,0.112,0.0,0.14099537,10.979998,11.009997,1177600
hardzero_plus_depr__c0p54__z1p05__lam0p030__nu0p50__psi1p00,hardzero_plus_depr,0.02,41,368,0.0,1,0.5063387,0.5063388,1.0333496,0.09260839,0.09260839,1.0,3.0626634e-08,3.3071123e-07,-27.18645,2.2734146,0.7578049,0.16000001,0.0,0.16697617,11.009997,11.039997,1180800
hardzero_plus_depr__c0p54__z1p05__lam0p030__nu0p50__psi1p00,hardzero_plus_depr,0.02,41,369,0.0,1,0.5063388,0.50633883,1.026067,0.094174415,0.094174415,1.0,3.0224083e-08,3.209373e-07,-26.843178,2.2573926,0.75246423,0.128,0.0,0.13554335,11.039997,11.069997,1184000
hardzero_plus_depr__c0p54__z1p05__lam0p030__nu0p50__psi1p00,hardzero_plus_depr,0.02,41,370,0.0,1,0.50633883,0.5063389,1.0035695,0.099181466,0.099181466,1.0,3.0890288e-08,3.1145223e-07,-26.883583,2.207897,0.73596567,0.16800001,0.0,0.18006529,11.069997,11.099997,1187200
hardzero_plus_depr__c0p54__z1p05__lam0p030__nu0p50__psi1p00,hardzero_plus_depr,0.02,41,371,0.0,1,0.5063389,0.5063389,1.0386162,0.091492146,0.091492146,1.0,2.7653273e-08,3.022475e-07,-27.370743,2.2850013,0.76166713,0.16000001,0.0,0.14533943,11.099997,11.129996,1190400
hardzero_plus_depr__c0p54__z1p05__lam0p030__nu0p50__psi1p00,hardzero_plus_depr,0.02,41,372,0.0,1,0.5063389,0.5063389,1.0444118,0.09027932,0.09027932,1.0,2.6480263e-08,2.9331483e-07,-27.69882,2.2977517,0.76591724,0.112,0.0,0.14553863,11.129996,11.159996,1193600
hardzero_plus_depr__c0p54__z1p05__lam0p030__nu0p50__psi1p00,hardzero_plus_depr,0.02,41,373,0.0,1,0.5063389,0.5063389,0.98834276,0.10272054,0.10272054,1.0,2.9239002e-08,2.8464612e-07,-26.419346,2.1743975,0.72479916,0.24000001,0.0,0.1532487,11.159996,11.189996,1196800
hardzero_plus_depr__c0p54__z1p05__lam0p030__nu0p50__psi1p00,hardzero_plus_depr,0.02,41,374,0.0,1,0.5063389,0.5063389,1.0086423,0.0980297,0.0980297,1.0,2.7079102e-08,2.7623364e-07,-26.077538,2.2190573,0.7396858,0.16000001,0.0,0.16515508,11.189996,11.2199955,1200000
hardzero_plus_depr__c0p54__z1p05__lam0p030__nu0p50__psi1p00,hardzero_plus_depr,0.02,41,375,0.0,1,0.5063389,0.5063389,1.0305884,0.09319907,0.09319907,1.0,2.4983853e-08,2.6806978e-07,-27.49919,2.2673397,0.7557799,0.16800001,0.0,0.18494423,11.2199955,11.249995,1203200
hardzero_plus_depr__c0p54__z1p05__lam0p030__nu0p50__psi1p00,hardzero_plus_depr,0.02,41,376,0.0,1,0.5063389,0.5063389,1.0393561,0.0913364,0.0913364,1.0,2.3760906e-08,2.6014717e-07,-28.230978,2.2866292,0.7622098,0.192,0.0,0.17484914,11.249995,11.279995,1206400
hardzero_plus_depr__c0p54__z1p05__lam0p030__nu0p50__psi1p00,hardzero_plus_depr,0.02,41,377,0.0,1,0.5063389,0.5063389,1.0223354,0.09498708,0.09498708,1.0,2.398032e-08,2.5245876e-07,-26.700182,2.249183,0.74972767,0.13,0.0,0.16735101,11.279995,11.309995,1209600
hardzero_plus_depr__c0p54__z1p05__lam0p030__nu0p50__psi1p00,hardzero_plus_depr,0.02,41,378,0.0,1,0.5063389,0.5063389,1.0358317,0.09208064,0.09208064,1.0,2.2559528e-08,2.4499752e-07,-27.196112,2.2788754,0.75962514,0.15200001,0.0,0.1427117,11.309995,11.339994,1212800
hardzero_plus_depr__c0p54__z1p05__lam0p030__nu0p50__psi1p00,hardzero_plus_depr,0.02,41,379,0.0,1,0.5063389,0.5063389,1.0159236,0.09639986,0.09639986,1.0,2.2919725e-08,2.3775682e-07,-26.818079,2.2350767,0.7450256,0.16000001,0.0,0.16059533,11.339994,11.369994,1216000
hardzero_plus_depr__c0p54__z1p05__lam0p030__nu0p50__psi1p00,hardzero_plus_depr,0.02,41,380,0.0,1,0.5063389,0.5063389,1.0275131,0.09386136,0.09386136,1.0,2.165664e-08,2.307301e-07,-27.798466,2.260574,0.7535247,0.208,0.0,0.14622559,11.369994,11.399994,1219200
hardzero_plus_depr__c0p54__z1p05__lam0p030__nu0p50__psi1p00,hardzero_plus_depr,0.02,41,381,0.0,1,0.5063389,0.5063389,1.0189856,0.09572258,0.09572258,1.0,2.1433344e-08,2.2391106e-07,-27.187555,2.2418132,0.74727106,0.208,0.0,0.16778901,11.399994,11.429994,1222400
hardzero_plus_depr__c0p54__z1p05__lam0p030__nu0p50__psi1p00,hardzero_plus_depr,0.02,41,382,0.0,1,0.5063389,0.5063389,1.0264715,0.09408675,0.09408675,1.0,2.0444444e-08,2.1729356e-07,-27.467888,2.2582824,0.7527608,0.16800001,0.0,0.15085179,11.429994,11.459993,1225600
hardzero_plus_depr__c0p54__z1p05__lam0p030__nu0p50__psi1p00,hardzero_plus_depr,0.02,41,383,0.0,1,0.5063389,0.5063389,0.95524323,0.11085537,0.11085537,1.0,2.3376252e-08,2.1087162e-07,-26.022743,2.101577,0.7005257,0.208,0.0,0.13407972,11.459993,11.489993,1228800
hardzero_plus_depr__c0p54__z1p05__lam0p030__nu0p50__psi1p00,hardzero_plus_depr,0.02,41,384,0.0,1,0.5063389,0.5063389,1.0160275,0.09637681,0.09637681,1.0,1.9722497e-08,2.0463946e-07,-27.725555,2.235305,0.7451017,0.136,0.0,0.15825012,11.489993,11.519993,1232000
hardzero_plus_depr__c0p54__z1p05__lam0p030__nu0p50__psi1p00,hardzero_plus_depr,0.02,41,385,0.0,1,0.5063389,0.5063389,0.9873365,0.102958806,0.102958806,1.0,2.0446745e-08,1.9859151e-07,-27.075932,2.1721838,0.72406125,0.2,0.0,0.17391483,11.519993,11.549993,1235200
hardzero_plus_depr__c0p54__z1p05__lam0p030__nu0p50__psi1p00,hardzero_plus_depr,0.02,41,386,0.0,1,0.5063389,0.5063389,1.029043,0.09353132,0.09353132,1.0,1.8025569e-08,1.9272228e-07,-26.992023,2.2639396,0.75464654,0.120000005,0.0,0.14970526,11.549993,11.579992,1238400
hardzero_plus_depr__c0p54__z1p05__lam0p030__nu0p50__psi1p00,hardzero_plus_depr,0.02,41,387,0.0,1,0.5063389,0.5063389,1.0977767,0.0,0.07984051,0.0,0.0,1.8702654e-07,-28.334486,2.4151568,0.8050523,0.14400001,0.0,0.17537534,11.579992,11.609992,1241600
hardzero_plus_depr__c0p54__z1p05__lam0p030__nu0p50__psi1p00,hardzero_plus_depr,0.02,41,388,0.0,1,0.5063389,0.5063389,1.0920142,0.0,0.08090695,0.0,0.0,1.8149912e-07,-28.577934,2.4024792,0.80082643,0.104,0.008,0.1803815,11.609992,11.639992,1244800
hardzero_plus_depr__c0p54__z1p05__lam0p030__nu0p50__psi1p00,hardzero_plus_depr,0.02,41,389,0.0,1,0.5063389,0.5063389,1.0968769,0.0,0.0800061,0.0,0.0,1.7613505e-07,-28.203377,2.4131773,0.80439246,0.18400002,0.0,0.16996416,11.639992,11.6699915,1248000
hardzero_plus_depr__c0p54__z1p05__lam0p030__nu0p50__psi1p00,hardzero_plus_depr,0.02,41,390,0.0,1,0.5063389,0.5063389,1.0023947,0.09945012,0.09945012,1.0,1.6998962e-08,1.7092952e-07,-26.548376,2.2053123,0.7351041,0.14,0.0,0.15893763,11.6699915,11.699991,1251200
hardzero_plus_depr__c0p54__z1p05__lam0p030__nu0p50__psi1p00,hardzero_plus_depr,0.02,41,391,0.0,1,0.5063389,0.5063389,1.0096688,0.097798266,0.097798266,1.0,1.6222565e-08,1.6587784e-07,-27.130127,2.2213159,0.74043864,0.17600001,0.0,0.15212107,11.699991,11.729991,1254400
hardzero_plus_depr__c0p54__z1p05__lam0p030__nu0p50__psi1p00,hardzero_plus_depr,0.02,41,392,0.0,1,0.5063389,0.5063389,1.0332597,0.09262756,0.09262756,1.0,1.4910762e-08,1.6097545e-07,-27.182579,2.273217,0.757739,0.14400001,0.0,0.15780786,11.729991,11.759991,1257600
hardzero_plus_depr__c0p54__z1p05__lam0p030__nu0p50__psi1p00,hardzero_plus_depr,0.02,41,393,0.0,1,0.5063389,0.5063389,0.97375053,0.10623057,0.10623057,1.0,1.6595122e-08,1.5621795e-07,-25.952782,2.142294,0.714098,0.18400002,0.0,0.16724694,11.759991,11.78999,1260800
hardzero_plus_depr__c0p54__z1p05__lam0p030__nu0p50__psi1p00,hardzero_plus_depr,0.02,41,394,0.0,1,0.5063389,0.5063389,1.0653621,0.0,0.08602762,0.0,0.0,1.5160104e-07,-27.76214,2.3438435,0.7812812,0.112,0.0,0.17356604,11.78999,11.81999,1264000
hardzero_plus_depr__c0p54__z1p05__lam0p030__nu0p50__psi1p00,hardzero_plus_depr,0.02,41,395,0.0,1,0.5063389,0.5063389,1.0092669,0.09788882,0.09788882,1.0,1.4401462e-08,1.471206e-07,-27.92561,2.2204313,0.7401438,0.128,0.0,0.1428333,11.81999,11.84999,1267200
hardzero_plus_depr__c0p54__z1p05__lam0p030__nu0p50__psi1p00,hardzero_plus_depr,0.02,41,396,0.0,1,0.5063389,0.5063389,1.0361673,0.092009515,0.092009515,1.0,1.3136434e-08,1.4277256e-07,-27.523314,2.2796135,0.7598712,0.136,0.0,0.17616542,11.84999,11.87999,1270400
hardzero_plus_depr__c0p54__z1p05__lam0p030__nu0p50__psi1p00,hardzero_plus_depr,0.02,41,397,0.0,1,0.5063389,0.5063389,1.0145688,0.09670104,0.09670104,1.0,1.3398223e-08,1.3855303e-07,-26.801264,2.232096,0.744032,0.17600001,0.0,0.16395389,11.87999,11.909989,1273600
hardzero_plus_depr__c0p54__z1p05__lam0p030__nu0p50__psi1p00,hardzero_plus_depr,0.02,41,398,0.0,1,0.5063389,0.5063389,1.0572067,0.0,0.08765834,0.0,0.0,1.344582e-07,-27.6877,2.3259013,0.77530044,0.128,0.0,0.15992013,11.909989,11.939989,1276800
hardzero_plus_depr__c0p54__z1p05__lam0p030__nu0p50__psi1p00,hardzero_plus_depr,0.02,41,399,0.0,1,0.5063389,0.5063389,1.0283004,0.09369137,0.09369137,1.0,1.2225262e-08,1.304844e-07,-27.7316,2.262306,0.754102,0.104,0.0,0.16637443,11.939989,11.969989,1280000
hardzero_plus_depr__c0p54__z1p05__lam0p030__nu0p50__psi1p00,hardzero_plus_depr,0.02,41,400,0.0,1,0.5063389,0.5063389,0.99604946,0.100913785,0.100913785,1.0,1.2778514e-08,1.2662804e-07,-26.594065,2.1913526,0.73045087,0.15200001,0.0,0.16462985,11.969989,11.999989,1283200
hardzero_plus_depr__c0p54__z1p05__lam0p030__nu0p50__psi1p00,hardzero_plus_depr,0.02,41,401,0.0,1,0.5063389,0.5063389,1.004893,0.09887968,0.09887968,1.0,1.2150894e-08,1.2288565e-07,-26.889187,2.2108088,0.7369363,0.16000001,0.0,0.15594298,11.999989,12.029988,1286400
hardzero_plus_depr__c0p54__z1p05__lam0p030__nu0p50__psi1p00,hardzero_plus_depr,0.02,41,402,0.0,1,0.5063389,0.5063389,0.9985826,0.1003269,0.1003269,1.0,1.196437e-08,1.1925385e-07,-26.841106,2.1969256,0.73230857,0.096,0.0,0.14695989,12.029988,12.059988,1289600
hardzero_plus_depr__c0p54__z1p05__lam0p030__nu0p50__psi1p00,hardzero_plus_depr,0.02,41,403,0.0,1,0.5063389,0.5063389,1.0506347,0.0,0.088994935,0.0,0.0,1.15729414e-07,-28.411299,2.3114426,0.7704809,0.17999999,0.0,0.1710069,12.059988,12.089988,1292800
hardzero_plus_depr__c0p54__z1p05__lam0p030__nu0p50__psi1p00,hardzero_plus_depr,0.02,41,404,0.0,1,0.5063389,0.5063389,1.0627773,0.0,0.08654115,0.0,0.0,1.12309124e-07,-27.86208,2.3381567,0.77938557,0.096,0.0,0.16251901,12.089988,12.1199875,1296000
hardzero_plus_depr__c0p54__z1p05__lam0p030__nu0p50__psi1p00,hardzero_plus_depr,0.02,41,405,0.0,1,0.5063389,0.5063389,1.0647625,0.0,0.08614648,0.0,0.0,1.08989916e-07,-28.568054,2.3425243,0.78084147,0.18400002,0.008,0.16508098,12.1199875,12.149987,1299200
hardzero_plus_depr__c0p54__z1p05__lam0p030__nu0p50__psi1p00,hardzero_plus_depr,0.02,41,406,0.0,1,0.5063389,0.5063389,1.024775,0.094455,0.094455,1.0,9.9903925e-09,1.05768805e-07,-26.569263,2.25455,0.7515167,0.15200001,0.0,0.18876998,12.149987,12.179987,1302400
hardzero_plus_depr__c0p54__z1p05__lam0p030__nu0p50__psi1p00,hardzero_plus_depr,0.02,41,407,0.0,1,0.5063389,0.5063389,0.9443136,0.113680616,0.113680616,1.0,1.1668506e-08,1.02642886e-07,-25.867123,2.0775313,0.6925105,0.208,0.008,0.13551626,12.179987,12.209987,1305600
hardzero_plus_depr__c0p54__z1p05__lam0p030__nu0p50__psi1p00,hardzero_plus_depr,0.02,41,408,0.0,1,0.5063389,0.5063389,1.0791698,0.0,0.083335534,0.0,0.0,9.960936e-08,-28.199291,2.3742208,0.791407,0.16800001,0.0,0.1657569,12.209987,12.239986,1308800
hardzero_plus_depr__c0p54__z1p05__lam0p030__nu0p50__psi1p00,hardzero_plus_depr,0.02,41,409,0.0,1,0.5063389,0.5063389,1.0641582,0.0,0.08626643,0.0,0.0,9.666549e-08,-27.746403,2.3411949,0.7803983,0.15200001,0.0,0.18549338,12.239986,12.269986,1312000
hardzero_plus_depr__c0p54__z1p05__lam0p030__nu0p50__psi1p00,hardzero_plus_depr,0.02,41,410,0.0,1,0.5063389,0.5063389,1.0489823,0.0893342,0.0893342,1.0,8.380317e-09,9.380861e-08,-27.432398,2.307807,0.769269,0.15200001,0.0,0.15725482,12.269986,12.299986,1315200
hardzero_plus_depr__c0p54__z1p05__lam0p030__nu0p50__psi1p00,hardzero_plus_depr,0.02,41,411,0.0,1,0.5063389,0.5063389,0.98286974,0.10402322,0.10402322,1.0,9.469876e-09,9.103618e-08,-26.489351,2.1623566,0.72078556,0.224,0.0,0.1666914,12.299986,12.329986,1318400
hardzero_plus_depr__c0p54__z1p05__lam0p030__nu0p50__psi1p00,hardzero_plus_depr,0.02,41,412,0.0,1,0.5063389,0.5063389,1.015661,0.09645816,0.09645816,1.0,8.521662e-09,8.834568e-08,-27.217667,2.2344987,0.74483293,0.15200001,0.0,0.16732405,12.329986,12.359985,1321600
hardzero_plus_depr__c0p54__z1p05__lam0p030__nu0p50__psi1p00,hardzero_plus_depr,0.02,41,413,0.0,1,0.5063389,0.5063389,1.000609,0.099859856,0.099859856,1.0,8.561454e-09,8.573469e-08,-27.645716,2.2013838,0.7337946,0.17600001,0.0,0.1484831,12.359985,12.389985,1324800
hardzero_plus_depr__c0p54__z1p05__lam0p030__nu0p50__psi1p00,hardzero_plus_depr,0.02,41,414,0.0,1,0.5063389,0.5063389,1.0152103,0.096558325,0.096558325,1.0,8.033736e-09,8.320087e-08,-26.806774,2.2335072,0.7445024,0.15200001,0.0,0.16156141,12.389985,12.419985,1328000
hardzero_plus_depr__c0p54__z1p05__lam0p030__nu0p50__psi1p00,hardzero_plus_depr,0.02,41,415,0.0,1,0.5063389,0.5063389,1.0993153,0.0,0.079558164,0.0,0.0,8.074193e-08,-28.698418,2.418542,0.80618066,0.16800001,0.0,0.17042884,12.419985,12.449985,1331200
hardzero_plus_depr__c0p54__z1p05__lam0p030__nu0p50__psi1p00,hardzero_plus_depr,0.02,41,416,0.0,1,0.5063389,0.5063389,1.0934758,0.0,0.080635116,0.0,0.0,7.835566e-08,-28.167915,2.4056947,0.80189824,0.12,0.0,0.21887961,12.449985,12.479984,1334400
hardzero_plus_depr__c0p54__z1p05__lam0p030__nu0p50__psi1p00,hardzero_plus_depr,0.02,41,417,0.0,1,0.5063389,0.5063389,1.0340656,0.09245584,0.09245584,1.0,7.0303354e-09,7.6039925e-08,-27.542929,2.2749898,0.75833,0.128,0.0,0.1759605,12.479984,12.509984,1337600
hardzero_plus_depr__c0p54__z1p05__lam0p030__nu0p50__psi1p00,hardzero_plus_depr,0.02,41,418,0.0,1,0.5063389,0.5063389,1.0210721,0.095263794,0.095263794,1.0,7.0297657e-09,7.379263e-08,-26.256731,2.2464037,0.74880123,0.15200001,0.0,0.15986288,12.509984,12.539984,1340800
hardzero_plus_depr__c0p54__z1p05__lam0p030__nu0p50__psi1p00,hardzero_plus_depr,0.02,41,419,0.0,1,0.5063389,0.5063389,1.0347705,0.09230591,0.09230591,1.0,6.6101875e-09,7.1611744e-08,-26.986607,2.2765405,0.7588469,0.18400002,0.0,0.17194474,12.539984,12.5699835,1344000
hardzero_plus_depr__c0p54__z1p05__lam0p030__nu0p50__psi1p00,hardzero_plus_depr,0.02,41,420,0.0,1,0.5063389,0.5063389,1.065394,0.0,0.08602128,0.0,0.0,6.9495314e-08,-28.433971,2.3439138,0.7813046,0.120000005,0.0,0.19047105,12.5699835,12.599983,1347200
hardzero_plus_depr__c0p54__z1p05__lam0p030__nu0p50__psi1p00,hardzero_plus_depr,0.02,41,421,0.0,1,0.5063389,0.5063389,1.0213021,0.09521336,0.09521336,1.0,6.4213257e-09,6.7441434e-08,-27.139618,2.2469094,0.7489698,0.18400002,0.008,0.15181094,12.599983,12.629983,1350400
hardzero_plus_depr__c0p54__z1p05__lam0p030__nu0p50__psi1p00,hardzero_plus_depr,0.02,41,422,0.0,1,0.5063389,0.5063389,1.0669806,0.0,0.08570762,0.0,0.0,6.5448255e-08,-27.338652,2.3474042,0.7824681,0.17600001,0.0,0.15122104,12.629983,12.659983,1353600
hardzero_plus_depr__c0p54__z1p05__lam0p030__nu0p50__psi1p00,hardzero_plus_depr,0.02,41,423,0.0,1,0.5063389,0.5063389,1.0122955,0.09720855,0.09720855,1.0,6.1741026e-09,6.351399e-08,-26.99281,2.2270947,0.7423649,0.15200001,0.0,0.14865577,12.659983,12.689982,1356800
hardzero_plus_depr__c0p54__z1p05__lam0p030__nu0p50__psi1p00,hardzero_plus_depr,0.02,41,424,0.0,1,0.5063389,0.5063389,1.0450007,0.09015697,0.09015697,1.0,5.556995e-09,6.163688e-08,-28.55712,2.2990475,0.7663492,0.128,0.0,0.20169704,12.689982,12.719982,1360000
hardzero_plus_depr__c0p54__z1p05__lam0p030__nu0p50__psi1p00,hardzero_plus_depr,0.02,41,425,0.0,1,0.5063389,0.5063389,0.99123037,0.10203981,0.10203981,1.0,6.1035363e-09,5.981525e-08,-27.140646,2.1807504,0.7269168,0.16800001,0.0,0.13972443,12.719982,12.749982,1363200
hardzero_plus_depr__c0p54__z1p05__lam0p030__nu0p50__psi1p00,hardzero_plus_depr,0.02,41,426,0.0,1,0.5063389,0.5063389,1.0404068,0.09111568,0.09111568,1.0,5.289034e-09,5.8047462e-08,-27.126034,2.2889407,0.7629802,0.16800001,0.0,0.14894083,12.749982,12.779982,1366400
hardzero_plus_depr__c0p54__z1p05__lam0p030__nu0p50__psi1p00,hardzero_plus_depr,0.02,41,427,0.0,1,0.5063389,0.5063389,1.0405887,0.09107752,0.09107752,1.0,5.130571e-09,5.6331913e-08,-27.483603,2.289341,0.7631137,0.16000001,0.0,0.14851485,12.779982,12.809981,1369600
hardzero_plus_depr__c0p54__z1p05__lam0p030__nu0p50__psi1p00,hardzero_plus_depr,0.02,41,428,0.0,1,0.5063389,0.5063389,1.0176693,0.09601313,0.09601313,1.0,5.2487565e-09,5.466707e-08,-27.779995,2.238917,0.7463057,0.15200001,0.0,0.16327906,12.809981,12.839981,1372800
hardzero_plus_depr__c0p54__z1p05__lam0p030__nu0p50__psi1p00,hardzero_plus_depr,0.02,41,429,0.0,1,0.5063389,0.5063389,1.0699472,0.0,0.08512415,0.0,0.0,5.3051426e-08,-28.0738,2.353931,0.78464365,0.16,0.0,0.18183506,12.839981,12.869981,1376000
hardzero_plus_depr__c0p54__z1p05__lam0p030__nu0p50__psi1p00,hardzero_plus_depr,0.02,41,430,0.0,1,0.5063389,0.5063389,1.0278739,0.09378342,0.09378342,1.0,4.8283018e-09,5.1483532e-08,-26.996994,2.2613676,0.7537892,0.17600001,0.0,0.15317993,12.869981,12.899981,1379200
hardzero_plus_depr__c0p54__z1p05__lam0p030__nu0p50__psi1p00,hardzero_plus_depr,0.02,41,431,0.0,1,0.5063389,0.5063389,1.048644,0.08940381,0.08940381,1.0,4.466791e-09,4.9961976e-08,-27.713848,2.3070629,0.769021,0.08800001,0.0,0.15753458,12.899981,12.92998,1382400
hardzero_plus_depr__c0p54__z1p05__lam0p030__nu0p50__psi1p00,hardzero_plus_depr,0.02,41,432,0.0,1,0.5063389,0.5063389,1.0102593,0.0976654,0.0976654,1.0,4.7353454e-09,4.8485393e-08,-27.421915,2.2226148,0.7408716,0.136,0.0,0.13440008,12.92998,12.95998,1385600
hardzero_plus_depr__c0p54__z1p05__lam0p030__nu0p50__psi1p00,hardzero_plus_depr,0.02,41,433,0.0,1,0.5063389,0.5063389,1.0469846,0.089746065,0.089746065,1.0,4.2227715e-09,4.7052442e-08,-27.250107,2.303412,0.767804,0.112,0.0,0.16812634,12.95998,12.98998,1388800
hardzero_plus_depr__c0p54__z1p05__lam0p030__nu0p50__psi1p00,hardzero_plus_depr,0.02,41,434,0.0,1,0.5063389,0.5063389,1.0679177,0.0,0.08552287,0.0,0.0,4.566185e-08,-28.022657,2.3494658,0.7831553,0.136,0.0,0.16117692,12.98998,13.0199795,1392000
hardzero_plus_depr__c0p54__z1p05__lam0p030__nu0p50__psi1p00,hardzero_plus_depr,0.02,41,435,0.0,1,0.5063389,0.5063389,1.044072,0.090349965,0.090349965,1.0,4.0036188e-09,4.4312344e-08,-26.825222,2.2970042,0.7656681,0.104,0.0,0.16134863,13.0199795,13.049979,1395200
hardzero_plus_depr__c0p54__z1p05__lam0p030__nu0p50__psi1p00,hardzero_plus_depr,0.02,41,436,0.0,1,0.5063389,0.5063389,1.054323,0.0,0.088242345,0.0,0.0,4.3002732e-08,-27.76523,2.319557,0.7731857,0.136,0.0,0.16427012,13.049979,13.079979,1398400
hardzero_plus_depr__c0p54__z1p05__lam0p030__nu0p50__psi1p00,hardzero_plus_depr,0.02,41,437,0.0,1,0.5063389,0.5063389,1.0627375,0.0,0.086549096,0.0,0.0,4.1731816e-08,-27.75481,2.3380692,0.7793564,0.128,0.0,0.15531614,13.079979,13.109979,1401600
hardzero_plus_depr__c0p54__z1p05__lam0p030__nu0p50__psi1p00,hardzero_plus_depr,0.02,41,438,0.0,1,0.5063389,0.5063389,1.0012447,0.0997138,0.0997138,1.0,4.0382564e-09,4.049847e-08,-27.167582,2.2027822,0.73426074,0.18400002,0.0,0.1819987,13.109979,13.139978,1404800
hardzero_plus_depr__c0p54__z1p05__lam0p030__nu0p50__psi1p00,hardzero_plus_depr,0.02,41,439,0.0,1,0.5063389,0.5063389,1.0567836,0.0,0.0877438,0.0,0.0,3.9301565e-08,-27.09291,2.3249702,0.7749901,0.17600001,0.0,0.14081207,13.139978,13.169978,1408000
hardzero_plus_depr__c0p54__z1p05__lam0p030__nu0p50__psi1p00,hardzero_plus_depr,0.02,41,440,0.0,1,0.5063389,0.5063389,1.0290521,0.093529336,0.093529336,1.0,3.5672127e-09,3.814004e-08,-27.266003,2.26396,0.75465333,0.14400001,0.0,0.1293378,13.169978,13.199978,1411200
hardzero_plus_depr__c0p54__z1p05__lam0p030__nu0p50__psi1p00,hardzero_plus_depr,0.02,41,441,0.0,1,0.5063389,0.5063389,1.0377584,0.09167305,0.09167305,1.0,3.39308e-09,3.7012843e-08,-27.806715,2.283114,0.761038,0.136,0.0,0.16101602,13.199978,13.229978,1414400
hardzero_plus_depr__c0p54__z1p05__lam0p030__nu0p50__psi1p00,hardzero_plus_depr,0.02,41,442,0.0,1,0.5063389,0.5063389,1.031798,0.09293985,0.09293985,1.0,3.3383027e-09,3.591896e-08,-27.151499,2.270001,0.756667,0.14,0.0,0.15439743,13.229978,13.259977,1417600
hardzero_plus_depr__c0p54__z1p05__lam0p030__nu0p50__psi1p00,hardzero_plus_depr,0.02,41,443,0.0,1,0.5063389,0.5063389,1.0737872,0.0,0.08437481,0.0,0.0,3.48574e-08,-27.503126,2.362379,0.78745973,0.08800001,0.0,0.16284351,13.259977,13.289977,1420800
hardzero_plus_depr__c0p54__z1p05__lam0p030__nu0p50__psi1p00,hardzero_plus_depr,0.02,41,444,0.0,1,0.5063389,0.5063389,0.9880042,0.10280062,0.10280062,1.0,3.477459e-09,3.3827217e-08,-26.843336,2.1736526,0.7245509,0.104,0.0,0.14918877,13.289977,13.319977,1424000
hardzero_plus_depr__c0p54__z1p05__lam0p030__nu0p50__psi1p00,hardzero_plus_depr,0.02,41,445,0.0,1,0.5063389,0.5063389,1.0490279,0.0893248,0.0893248,1.0,2.9323082e-09,3.282748e-08,-27.14354,2.3079076,0.76930255,0.096,0.0,0.16337961,13.319977,13.349977,1427200
hardzero_plus_depr__c0p54__z1p05__lam0p030__nu0p50__psi1p00,hardzero_plus_depr,0.02,41,446,0.0,1,0.5063389,0.5063389,1.0491211,0.08930564,0.08930564,1.0,2.845036e-09,3.1857294e-08,-27.669111,2.3081126,0.7693709,0.16800001,0.0,0.13983695,13.349977,13.379976,1430400
hardzero_plus_depr__c0p54__z1p05__lam0p030__nu0p50__psi1p00,hardzero_plus_depr,0.02,41,447,0.0,1,0.5063389,0.5063389,1.0304259,0.093233936,0.093233936,1.0,2.8823994e-09,3.0915775e-08,-26.901258,2.2669823,0.7556608,0.16800001,0.0,0.16166675,13.379976,13.409976,1433600
hardzero_plus_depr__c0p54__z1p05__lam0p030__nu0p50__psi1p00,hardzero_plus_depr,0.02,41,448,0.0,1,0.5063389,0.5063389,1.0112258,0.097448274,0.097448274,1.0,2.9236513e-09,3.0002084e-08,-26.8389,2.2247412,0.7415804,0.120000005,0.0,0.15734236,13.409976,13.439976,1436800
hardzero_plus_depr__c0p54__z1p05__lam0p030__nu0p50__psi1p00,hardzero_plus_depr,0.02,41,449,0.0,1,0.5063389,0.5063389,0.9983648,0.100377224,0.100377224,1.0,2.9225227e-09,2.9115396e-08,-26.403814,2.1964464,0.7321488,0.192,0.0,0.15981458,13.439976,13.469975,1440000
hardzero_plus_depr__c0p54__z1p05__lam0p030__nu0p50__psi1p00,hardzero_plus_depr,0.02,41,450,0.0,1,0.5063389,0.5063389,1.0641823,0.0,0.08626164,0.0,0.0,2.8254911e-08,-27.501974,2.3412478,0.78041595,0.15200001,0.0,0.1871689,13.469975,13.499975,1443200
hardzero_plus_depr__c0p54__z1p05__lam0p030__nu0p50__psi1p00,hardzero_plus_depr,0.02,41,451,0.0,1,0.5063389,0.5063389,1.0225958,0.09493016,0.09493016,1.0,2.6029718e-09,2.7419862e-08,-27.461142,2.2497556,0.7499186,0.17600001,0.0,0.16079663,13.499975,13.529975,1446400
hardzero_plus_depr__c0p54__z1p05__lam0p030__nu0p50__psi1p00,hardzero_plus_depr,0.02,41,452,0.0,1,0.5063389,0.5063389,1.0126351,0.09713256,0.09713256,1.0,2.5846478e-09,2.6609488e-08,-26.671976,2.2278419,0.742614,0.15200001,0.0,0.14557208,13.529975,13.559975,1449600
hardzero_plus_depr__c0p54__z1p05__lam0p030__nu0p50__psi1p00,hardzero_plus_depr,0.02,41,453,0.0,1,0.5063389,0.5063389,1.0272412,0.09392014,0.09392014,1.0,2.425306e-09,2.5823066e-08,-27.119217,2.259976,0.75332534,0.16800001,0.0,0.17118666,13.559975,13.589974,1452800
hardzero_plus_depr__c0p54__z1p05__lam0p030__nu0p50__psi1p00,hardzero_plus_depr,0.02,41,454,0.0,1,0.5063389,0.5063389,1.022557,0.09493862,0.09493862,1.0,2.3791509e-09,2.5059885e-08,-27.379475,2.2496703,0.7498901,0.2,0.0,0.15139286,13.589974,13.619974,1456000
hardzero_plus_depr__c0p54__z1p05__lam0p030__nu0p50__psi1p00,hardzero_plus_depr,0.02,41,455,0.0,1,0.5063389,0.5063389,0.9918814,0.101886965,0.101886965,1.0,2.477816e-09,2.4319263e-08,-26.978416,2.1821826,0.7273942,0.17,0.0,0.13370341,13.619974,13.649974,1459200
hardzero_plus_depr__c0p54__z1p05__lam0p030__nu0p50__psi1p00,hardzero_plus_depr,0.02,41,456,0.0,1,0.5063389,0.5063389,1.021365,0.09519956,0.09519956,1.0,2.2467597e-09,2.3600526e-08,-26.705498,2.247048,0.749016,0.15200001,0.0,0.1648968,13.649974,13.679974,1462400
hardzero_plus_depr__c0p54__z1p05__lam0p030__nu0p50__psi1p00,hardzero_plus_depr,0.02,41,457,0.0,1,0.5063389,0.5063389,1.0706916,0.0,0.08497837,0.0,0.0,2.2903029e-08,-28.0601,2.3555686,0.78518957,0.14400001,0.0,0.16647017,13.679974,13.709973,1465600
hardzero_plus_depr__c0p54__z1p05__lam0p030__nu0p50__psi1p00,hardzero_plus_depr,0.02,41,458,0.0,1,0.5063389,0.5063389,1.0243353,0.09455069,0.09455069,1.0,2.1014979e-09,2.222615e-08,-27.700157,2.2535825,0.7511942,0.14400001,0.0,0.16444199,13.709973,13.739973,1468800
hardzero_plus_depr__c0p54__z1p05__lam0p030__nu0p50__psi1p00,hardzero_plus_depr,0.02,41,459,0.0,1,0.5063389,0.5063389,1.0126109,0.09713798,0.09713798,1.0,2.0951954e-09,2.156927e-08,-26.478834,2.2277884,0.74259615,0.15200001,0.0,0.13188654,13.739973,13.769973,1472000
hardzero_plus_depr__c0p54__z1p05__lam0p030__nu0p50__psi1p00,hardzero_plus_depr,0.02,41,460,0.0,1,0.5063389,0.5063389,1.0530018,0.0,0.088511206,0.0,0.0,2.093181e-08,-27.166046,2.3166502,0.77221674,0.14400001,0.0,0.14911225,13.769973,13.799973,1475200
hardzero_plus_depr__c0p54__z1p05__lam0p030__nu0p50__psi1p00,hardzero_plus_depr,0.02,41,461,0.0,1,0.5063389,0.5063389,1.0328069,0.09272421,0.09272421,1.0,1.8835242e-09,2.0313186e-08,-26.931581,2.2722206,0.7574069,0.17600001,0.0,0.17330696,13.799973,13.829972,1478400
hardzero_plus_depr__c0p54__z1p05__lam0p030__nu0p50__psi1p00,hardzero_plus_depr,0.02,41,462,0.0,1,0.5063389,0.5063389,1.011071,0.09748302,0.09748302,1.0,1.9216675e-09,1.9712845e-08,-27.666025,2.2244005,0.7414669,0.120000005,0.0,0.18147866,13.829972,13.859972,1481600
hardzero_plus_depr__c0p54__z1p05__lam0p030__nu0p50__psi1p00,hardzero_plus_depr,0.02,41,463,0.0,1,0.5063389,0.5063389,1.0477239,0.08959342,0.08959342,1.0,1.7139444e-09,1.913025e-08,-27.736885,2.3050387,0.76834625,0.192,0.0,0.18362276,13.859972,13.889972,1484800
hardzero_plus_depr__c0p54__z1p05__lam0p030__nu0p50__psi1p00,hardzero_plus_depr,0.02,41,464,0.0,1,0.5063389,0.5063389,1.009861,0.097755,0.097755,1.0,1.814809e-09,1.856487e-08,-26.453794,2.2217386,0.74057955,0.216,0.0,0.1813389,13.889972,13.919971,1488000
hardzero_plus_depr__c0p54__z1p05__lam0p030__nu0p50__psi1p00,hardzero_plus_depr,0.02,41,465,0.0,1,0.5063389,0.5063389,1.0016221,0.09962718,0.09962718,1.0,1.7949032e-09,1.80162e-08,-26.913256,2.2036126,0.73453754,0.15200001,0.0,0.14100121,13.919971,13.949971,1491200
hardzero_plus_depr__c0p54__z1p05__lam0p030__nu0p50__psi1p00,hardzero_plus_depr,0.02,41,466,0.0,1,0.5063389,0.5063389,1.0421075,0.09075959,0.09075959,1.0,1.5868175e-09,1.7483744e-08,-27.409662,2.2926822,0.7642274,0.14400001,0.0,0.15984283,13.949971,13.979971,1494400
hardzero_plus_depr__c0p54__z1p05__lam0p030__nu0p50__psi1p00,hardzero_plus_depr,0.02,41,467,0.0,1,0.5063389,0.5063389,1.0115291,0.09738026,0.09738026,1.0,1.6522534e-09,1.6967027e-08,-27.084162,2.2254083,0.7418028,0.072000004,0.0,0.16001658,13.979971,14.009971,1497600
hardzero_plus_depr__c0p54__z1p05__lam0p030__nu0p50__psi1p00,hardzero_plus_depr,0.02,41,468,0.0,1,0.5063389,0.5063389,0.97857755,0.10505637,0.10505637,1.0,1.729814e-09,1.646558e-08,-26.052187,2.1529136,0.7176379,0.16,0.0,0.14236386,14.009971,14.03997,1500800
hardzero_plus_depr__c0p54__z1p05__lam0p030__nu0p50__psi1p00,hardzero_plus_depr,0.02,41,469,0.0,1,0.5063389,0.5063389,1.0121737,0.09723583,0.09723583,1.0,1.5537266e-09,1.5978951e-08,-27.343697,2.2268264,0.7422755,0.208,0.0,0.17191505,14.03997,14.06997,1504000
hardzero_plus_depr__c0p54__z1p05__lam0p030__nu0p50__psi1p00,hardzero_plus_depr,0.02,41,470,0.0,1,0.5063389,0.5063389,1.0460323,0.08994307,0.08994307,1.0,1.394721e-09,1.5506709e-08,-27.426409,2.301317,0.7671057,0.128,0.0,0.1256736,14.06997,14.09997,1507200
hardzero_plus_depr__c0p54__z1p05__lam0p030__nu0p50__psi1p00,hardzero_plus_depr,0.02,41,471,0.0,1,0.5063389,0.5063389,1.0068489,0.09843535,0.09843535,1.0,1.4812964e-09,1.504842e-08,-27.5227,2.215112,0.73837066,0.17600001,0.0,0.14369121,14.09997,14.12997,1510400
hardzero_plus_depr__c0p54__z1p05__lam0p030__nu0p50__psi1p00,hardzero_plus_depr,0.02,41,472,0.0,1,0.5063389,0.5063389,1.0364178,0.091956444,0.091956444,1.0,1.3429021e-09,1.4603676e-08,-26.643106,2.2801647,0.76005495,0.104,0.0,0.16530417,14.12997,14.159969,1513600
hardzero_plus_depr__c0p54__z1p05__lam0p030__nu0p50__psi1p00,hardzero_plus_depr,0.02,41,473,0.0,1,0.5063389,0.5063389,1.0174345,0.09606506,0.09606506,1.0,1.3614412e-09,1.4172075e-08,-27.302591,2.2384005,0.7461335,0.18400002,0.0,0.15758052,14.159969,14.189969,1516800
hardzero_plus_depr__c0p54__z1p05__lam0p030__nu0p50__psi1p00,hardzero_plus_depr,0.02,41,474,0.0,1,0.5063389,0.5063389,1.0266119,0.094056346,0.094056346,1.0,1.2935786e-09,1.37532306e-08,-28.238087,2.2585914,0.7528638,0.136,0.0,0.1413756,14.189969,14.219969,1520000
hardzero_plus_depr__c0p54__z1p05__lam0p030__nu0p50__psi1p00,hardzero_plus_depr,0.02,41,475,0.0,1,0.5063389,0.5063389,1.0434294,0.09048375,0.09048375,1.0,1.2076652e-09,1.3346764e-08,-27.682505,2.2955904,0.7651968,0.120000005,0.0,0.16595681,14.219969,14.249969,1523200
hardzero_plus_depr__c0p54__z1p05__lam0p030__nu0p50__psi1p00,hardzero_plus_depr,0.02,41,476,0.0,1,0.5063389,0.5063389,1.0075146,0.09828458,0.09828458,1.0,1.2730124e-09,1.295231e-08,-26.163427,2.2165763,0.7388588,0.208,0.0,0.1530865,14.249969,14.279968,1526400
hardzero_plus_depr__c0p54__z1p05__lam0p030__nu0p50__psi1p00,hardzero_plus_depr,0.02,41,477,0.0,1,0.5063389,0.5063389,1.0353557,0.092181616,0.092181616,1.0,1.1586784e-09,1.2569517e-08,-28.167395,2.277828,0.75927603,0.136,0.0,0.17423472,14.279968,14.309968,1529600
hardzero_plus_depr__c0p54__z1p05__lam0p030__nu0p50__psi1p00,hardzero_plus_depr,0.02,41,478,0.0,1,0.5063389,0.5063389,0.9912162,0.10204314,0.10204314,1.0,1.2447258e-09,1.2198035e-08,-26.025951,2.1807191,0.7269064,0.17600001,0.0,0.14247109,14.309968,14.339968,1532800
hardzero_plus_depr__c0p54__z1p05__lam0p030__nu0p50__psi1p00,hardzero_plus_depr,0.02,41,479,0.0,1,0.5063389,0.5063389,1.006522,0.09850947,0.09850947,1.0,1.166109e-09,1.1837532e-08,-26.851475,2.2143927,0.7381309,0.14400001,0.0,0.13231085,14.339968,14.369967,1536000
hardzero_plus_depr__c0p54__z1p05__lam0p030__nu0p50__psi1p00,hardzero_plus_depr,0.02,41,480,0.0,1,0.5063389,0.5063389,1.1060091,0.0,0.07834131,0.0,0.0,1.1487682e-08,-28.295063,2.4332688,0.81108963,0.120000005,0.0,0.20467682,14.369967,14.399967,1539200
hardzero_plus_depr__c0p54__z1p05__lam0p030__nu0p50__psi1p00,hardzero_plus_depr,0.02,41,481,0.0,1,0.5063389,0.5063389,1.0025523,0.09941404,0.09941404,1.0,1.1082849e-09,1.1148172e-08,-27.231213,2.205659,0.73521966,0.17999999,0.0,0.1524229,14.399967,14.429967,1542400
hardzero_plus_depr__c0p54__z1p05__lam0p030__nu0p50__psi1p00,hardzero_plus_depr,0.02,41,482,0.0,1,0.5063389,0.5063389,1.0446393,0.09023202,0.09023202,1.0,9.761929e-10,1.0818697e-08,-27.536312,2.2982526,0.7660842,0.16800001,0.0,0.15043499,14.429967,14.459967,1545600
hardzero_plus_depr__c0p54__z1p05__lam0p030__nu0p50__psi1p00,hardzero_plus_depr,0.02,41,483,0.0,1,0.5063389,0.5063389,1.0180323,0.09593293,0.09593293,1.0,1.0071959e-09,1.0498959e-08,-26.599976,2.2397158,0.74657196,0.120000005,0.0,0.13746245,14.459967,14.489966,1548800
hardzero_plus_depr__c0p54__z1p05__lam0p030__nu0p50__psi1p00,hardzero_plus_depr,0.02,41,484,0.0,1,0.5063389,0.5063389,1.0215222,0.09516511,0.09516511,1.0,9.696058e-10,1.01886695e-08,-26.391563,2.2473936,0.7491312,0.18400002,0.0,0.14861046,14.489966,14.519966,1552000
hardzero_plus_depr__c0p54__z1p05__lam0p030__nu0p50__psi1p00,hardzero_plus_depr,0.02,41,485,0.0,1,0.5063389,0.5063389,1.002108,0.0995158,0.0995158,1.0,9.839678e-10,9.887553e-09,-26.054651,2.2046816,0.7348939,0.2,0.0,0.15095273,14.519966,14.549966,1555200
hardzero_plus_depr__c0p54__z1p05__lam0p030__nu0p50__psi1p00,hardzero_plus_depr,0.02,41,486,0.0,1,0.5063389,0.5063389,1.0180367,0.09593195,0.09593195,1.0,9.204992e-10,9.595335e-09,-27.49191,2.2397256,0.74657524,0.136,0.0,0.15081611,14.549966,14.579966,1558400
hardzero_plus_depr__c0p54__z1p05__lam0p030__nu0p50__psi1p00,hardzero_plus_depr,0.02,41,487,0.0,1,0.5063389,0.5063389,1.0582418,0.0,0.087449655,0.0,0.0,9.311751e-09,-28.373444,2.3281786,0.77605957,0.16800001,0.0,0.18221106,14.579966,14.609965,1561600
hardzero_plus_depr__c0p54__z1p05__lam0p030__nu0p50__psi1p00,hardzero_plus_depr,0.02,41,488,0.0,1,0.5063389,0.5063389,1.0202643,0.09544116,0.09544116,1.0,8.624589e-10,9.03655e-09,-27.327927,2.2446263,0.74820876,0.16000001,0.0,0.17844424,14.609965,14.639965,1564800
hardzero_plus_depr__c0p54__z1p05__lam0p030__nu0p50__psi1p00,hardzero_plus_depr,0.02,41,489,0.0,1,0.5063389,0.5063389,1.056542,0.0,0.08779261,0.0,0.0,8.769482e-09,-27.875692,2.3244388,0.77481294,0.192,0.0,0.1465597,14.639965,14.669965,1568000
hardzero_plus_depr__c0p54__z1p05__lam0p030__nu0p50__psi1p00,hardzero_plus_depr,0.02,41,490,0.0,1,0.5063389,0.5063389,1.077506,0.0,0.083655424,0.0,0.0,8.510307e-09,-28.158312,2.3705604,0.7901868,0.08800001,0.0,0.17367561,14.669965,14.699965,1571200
hardzero_plus_depr__c0p54__z1p05__lam0p030__nu0p50__psi1p00,hardzero_plus_depr,0.02,41,491,0.0,1,0.5063389,0.5063389,1.0284002,0.09366983,0.09366983,1.0,7.7359963e-10,8.258792e-09,-27.34317,2.2625256,0.7541752,0.128,0.0,0.15566985,14.699965,14.729964,1574400
hardzero_plus_depr__c0p54__z1p05__lam0p030__nu0p50__psi1p00,hardzero_plus_depr,0.02,41,492,0.0,1,0.5063389,0.5063389,1.0199775,0.09550422,0.09550422,1.0,7.654386e-10,8.01471e-09,-27.578148,2.2439952,0.7479984,0.16000001,0.0,0.14044073,14.729964,14.759964,1577600
hardzero_plus_depr__c0p54__z1p05__lam0p030__nu0p50__psi1p00,hardzero_plus_depr,0.02,41,493,0.0,1,0.5063389,0.5063389,1.018653,0.09579591,0.09579591,1.0,7.450854e-10,7.7778415e-09,-27.254889,2.2410815,0.74702716,0.16800001,0.0,0.15797196,14.759964,14.789964,1580800
hardzero_plus_depr__c0p54__z1p05__lam0p030__nu0p50__psi1p00,hardzero_plus_depr,0.02,41,494,0.0,1,0.5063389,0.5063389,1.0588136,0.0,0.087334625,0.0,0.0,7.547973e-09,-28.10724,2.3294363,0.77647877,0.14,0.0,0.15186118,14.789964,14.819963,1584000
hardzero_plus_depr__c0p54__z1p05__lam0p030__nu0p50__psi1p00,hardzero_plus_depr,0.02,41,495,0.0,1,0.5063389,0.5063389,1.0796448,0.0,0.08324443,0.0,0.0,7.324899e-09,-28.716768,2.375266,0.7917554,0.18400002,0.0,0.17084637,14.819963,14.849963,1587200
hardzero_plus_depr__c0p54__z1p05__lam0p030__nu0p50__psi1p00,hardzero_plus_depr,0.02,41,496,0.0,1,0.5063389,0.5063389,0.99625367,0.10086635,0.10086635,1.0,7.1700007e-10,7.108417e-09,-26.79694,2.1918018,0.7306006,0.192,0.0,0.14184274,14.849963,14.879963,1590400
hardzero_plus_depr__c0p54__z1p05__lam0p030__nu0p50__psi1p00,hardzero_plus_depr,0.02,41,497,0.0,1,0.5063389,0.5063389,1.0118989,0.09729738,0.09729738,1.0,6.7118977e-10,6.8983335e-09,-27.056206,2.226222,0.742074,0.208,0.0,0.14609249,14.879963,14.909963,1593600
hardzero_plus_depr__c0p54__z1p05__lam0p030__nu0p50__psi1p00,hardzero_plus_depr,0.02,41,498,0.0,1,0.5063389,0.5063389,1.0044149,0.09898858,0.09898858,1.0,6.626749e-10,6.6944583e-09,-26.464579,2.2097569,0.7365856,0.23200001,0.0,0.15393908,14.909963,14.939962,1596800
hardzero_plus_depr__c0p54__z1p05__lam0p030__nu0p50__psi1p00,hardzero_plus_depr,0.02,41,499,0.0,1,0.5063389,0.5063389,1.0787579,0.0,0.08341461,0.0,0.0,6.49661e-09,-27.772423,2.3733146,0.7911049,0.17600001,0.0,0.19263685,14.939962,14.969962,1600000
hardzero_plus_depr__c0p54__z1p05__lam0p030__nu0p50__psi1p00,hardzero_plus_depr,0.02,41,500,0.0,1,0.5063389,0.5063389,1.0393149,0.091345064,0.091345064,1.0,5.758948e-10,6.3046075e-09,-27.459654,2.2865384,0.7621795,0.17600001,0.0,0.15464495,14.969962,14.999962,1603200
hardzero_plus_depr__c0p54__z1p05__lam0p030__nu0p50__psi1p00,hardzero_plus_depr,0.02,41,501,0.0,1,0.5063389,0.5063389,0.9966529,0.10077366,0.10077366,1.0,6.1656147e-10,6.1182797e-09,-27.823858,2.1926801,0.7308934,0.208,0.0,0.16446659,14.999962,15.029962,1606400
hardzero_plus_depr__c0p54__z1p05__lam0p030__nu0p50__psi1p00,hardzero_plus_depr,0.02,41,502,0.0,1,0.5063389,0.5063389,0.99073696,0.1021558,0.1021558,1.0,6.065458e-10,5.9374585e-09,-26.251554,2.1796649,0.726555,0.224,0.0,0.14096731,15.029962,15.059961,1609600
hardzero_plus_depr__c0p54__z1p05__lam0p030__nu0p50__psi1p00,hardzero_plus_depr,0.02,41,503,0.0,1,0.5063389,0.5063389,1.0976583,0.0,0.07986229,0.0,0.0,5.761982e-09,-27.966238,2.4148965,0.8049655,0.072000004,0.0,0.18598062,15.059961,15.089961,1612800
hardzero_plus_depr__c0p54__z1p05__lam0p030__nu0p50__psi1p00,hardzero_plus_depr,0.02,41,504,0.0,1,0.5063389,0.5063389,1.0412456,0.09093989,0.09093989,1.0,5.0850774e-10,5.591691e-09,-27.341812,2.290786,0.76359534,0.120000005,0.0,0.16625151,15.089961,15.119961,1616000
hardzero_plus_depr__c0p54__z1p05__lam0p030__nu0p50__psi1p00,hardzero_plus_depr,0.02,41,505,0.0,1,0.5063389,0.5063389,1.0211891,0.095238134,0.095238134,1.0,5.168034e-10,5.426433e-09,-27.028595,2.246661,0.748887,0.192,0.008,0.1712233,15.119961,15.1499605,1619200
hardzero_plus_depr__c0p54__z1p05__lam0p030__nu0p50__psi1p00,hardzero_plus_depr,0.02,41,506,0.0,1,0.5063389,0.5063389,1.0194167,0.09562761,0.09562761,1.0,5.035806e-10,5.2660587e-09,-27.430084,2.2427616,0.7475872,0.112,0.0,0.15776312,15.1499605,15.17996,1622400
hardzero_plus_depr__c0p54__z1p05__lam0p030__nu0p50__psi1p00,hardzero_plus_depr,0.02,41,507,0.0,1,0.5063389,0.5063389,1.0166003,0.096249774,0.096249774,1.0,4.9187726e-10,5.110425e-09,-26.97709,2.236565,0.7455217,0.11,0.0,0.1331855,15.17996,15.20996,1625600
hardzero_plus_depr__c0p54__z1p05__lam0p030__nu0p50__psi1p00,hardzero_plus_depr,0.02,41,508,0.0,1,0.5063389,0.5063389,1.0406818,0.091058,0.091058,1.0,4.5159215e-10,4.9593902e-09,-27.319609,2.2895458,0.7631819,0.120000005,0.0,0.13451879,15.20996,15.23996,1628800
hardzero_plus_depr__c0p54__z1p05__lam0p030__nu0p50__psi1p00,hardzero_plus_depr,0.02,41,509,0.0,1,0.5063389,0.5063389,1.0538975,0.0,0.08832883,0.0,0.0,4.8128195e-09,-27.573175,2.318621,0.77287364,0.128,0.0,0.16366115,15.23996,15.269959,1632000
hardzero_plus_depr__c0p54__z1p05__lam0p030__nu0p50__psi1p00,hardzero_plus_depr,0.02,41,510,0.0,1,0.5063389,0.5063389,1.0700399,0.0,0.085105985,0.0,0.0,4.6705804e-09,-28.263737,2.3541348,0.7847116,0.136,0.0,0.17145911,15.269959,15.299959,1635200
hardzero_plus_depr__c0p54__z1p05__lam0p030__nu0p50__psi1p00,hardzero_plus_depr,0.02,41,511,0.0,1,0.5063389,0.5063389,1.0160726,0.096366785,0.096366785,1.0,4.367868e-10,4.532545e-09,-27.281439,2.2354045,0.74513483,0.16000001,0.0,0.1432427,15.299959,15.329959,1638400
hardzero_plus_depr__c0p54__z1p05__lam0p030__nu0p50__psi1p00,hardzero_plus_depr,0.02,41,512,0.0,1,0.5063389,0.5063389,1.0121515,0.0972408,0.0972408,1.0,4.277223e-10,4.398589e-09,-26.942152,2.2267778,0.74225926,0.192,0.0,0.1671601,15.329959,15.359959,1641600
hardzero_plus_depr__c0p54__z1p05__lam0p030__nu0p50__psi1p00,hardzero_plus_depr,0.02,41,513,0.0,1,0.5063389,0.5063389,1.0678663,0.0,0.085533,0.0,0.0,4.2685926e-09,-26.92929,2.3493528,0.78311765,0.112,0.0,0.14331417,15.359959,15.389958,1644800
hardzero_plus_depr__c0p54__z1p05__lam0p030__nu0p50__psi1p00,hardzero_plus_depr,0.02,41,514,0.0,1,0.5063389,0.5063389,1.0426943,0.09063703,0.09063703,1.0,3.7545828e-10,4.142438e-09,-27.730639,2.2939732,0.76465774,0.112,0.0,0.16528726,15.389958,15.419958,1648000
hardzero_plus_depr__c0p54__z1p05__lam0p030__nu0p50__psi1p00,hardzero_plus_depr,0.02,41,515,0.0,1,0.5063389,0.5063389,1.0315292,0.09299739,0.09299739,1.0,3.738505e-10,4.020011e-09,-26.811892,2.2694094,0.75646985,0.18400002,0.0,0.18383503,15.419958,15.449958,1651200
hardzero_plus_depr__c0p54__z1p05__lam0p030__nu0p50__psi1p00,hardzero_plus_depr,0.02,41,516,0.0,1,0.5063389,0.5063389,1.0620549,0.0,0.086685225,0.0,0.0,3.901203e-09,-27.595604,2.3365674,0.7788558,0.128,0.0,0.17460534,15.449958,15.479958,1654400
hardzero_plus_depr__c0p54__z1p05__lam0p030__nu0p50__psi1p00,hardzero_plus_depr,0.02,41,517,0.0,1,0.5063389,0.5063389,1.0280756,0.093739875,0.093739875,1.0,3.5489037e-10,3.7859063e-09,-27.437687,2.2618115,0.7539372,0.17600001,0.0,0.16400707,15.479958,15.509957,1657600
hardzero_plus_depr__c0p54__z1p05__lam0p030__nu0p50__psi1p00,hardzero_plus_depr,0.02,41,518,0.0,1,0.5063389,0.5063389,1.0581323,0.0,0.08747172,0.0,0.0,3.6740166e-09,-27.699917,2.3279376,0.7759792,0.17600001,0.0,0.16766186,15.509957,15.539957,1660800
hardzero_plus_depr__c0p54__z1p05__lam0p030__nu0p50__psi1p00,hardzero_plus_depr,0.02,41,519,0.0,1,0.5063389,0.5063389,1.050529,0.0,0.0890166,0.0,0.0,3.5654337e-09,-27.622185,2.31121,0.7704033,0.128,0.0,0.1627795,15.539957,15.569957,1664000
hardzero_plus_depr__c0p54__z1p05__lam0p030__nu0p50__psi1p00,hardzero_plus_depr,0.02,41,520,0.0,1,0.5063389,0.5063389,1.0973812,0.0,0.079913236,0.0,0.0,3.4600605e-09,-29.133123,2.4142869,0.8047623,0.16,0.0,0.18385415,15.569957,15.5999565,1667200
hardzero_plus_depr__c0p54__z1p05__lam0p030__nu0p50__psi1p00,hardzero_plus_depr,0.02,41,521,0.0,1,0.5063389,0.5063389,1.0118092,0.09731747,0.09731747,1.0,3.2677272e-10,3.3578011e-09,-27.986338,2.2260246,0.7420082,0.192,0.0,0.151406,15.5999565,15.629956,1670400
hardzero_plus_depr__c0p54__z1p05__lam0p030__nu0p50__psi1p00,hardzero_plus_depr,0.02,41,522,0.0,1,0.5063389,0.5063389,0.97955656,0.10481981,0.10481981,1.0,3.4156208e-10,3.258564e-09,-26.310843,2.1550674,0.71835583,0.192,0.0,0.15096442,15.629956,15.659956,1673600
hardzero_plus_depr__c0p54__z1p05__lam0p030__nu0p50__psi1p00,hardzero_plus_depr,0.02,41,523,0.0,1,0.5063389,0.5063389,0.9734969,0.106292605,0.106292605,1.0,3.361248e-10,3.1622596e-09,-26.438189,2.141736,0.713912,0.17600001,0.0,0.15082346,15.659956,15.689956,1676800
hardzero_plus_depr__c0p54__z1p05__lam0p030__nu0p50__psi1p00,hardzero_plus_depr,0.02,41,524,0.0,1,0.5063389,0.5063389,1.0173846,0.0960761,0.0960761,1.0,2.948385e-10,3.0688017e-09,-26.989252,2.238291,0.746097,0.16000001,0.0,0.17309523,15.689956,15.719955,1680000
hardzero_plus_depr__c0p54__z1p05__lam0p030__nu0p50__psi1p00,hardzero_plus_depr,0.02,41,525,0.0,1,0.5063389,0.5063389,1.0081674,0.09813695,0.09813695,1.0,2.9226216e-10,2.9781053e-09,-27.113688,2.2180126,0.73933756,0.16000001,0.0,0.14905983,15.719955,15.749955,1683200
hardzero_plus_depr__c0p54__z1p05__lam0p030__nu0p50__psi1p00,hardzero_plus_depr,0.02,41,526,0.0,1,0.5063389,0.5063389,1.0077256,0.09823684,0.09823684,1.0,2.8391328e-10,2.89009e-09,-26.89234,2.2170405,0.73901355,0.18400002,0.0,0.1626317,15.749955,15.779955,1686400
hardzero_plus_depr__c0p54__z1p05__lam0p030__nu0p50__psi1p00,hardzero_plus_depr,0.02,41,527,0.0,1,0.5063389,0.5063389,0.98619854,0.103228934,0.103228934,1.0,2.8952368e-10,2.8046756e-09,-26.973774,2.16968,0.7232267,0.17600001,0.0,0.13756521,15.779955,15.809955,1689600
hardzero_plus_depr__c0p54__z1p05__lam0p030__nu0p50__psi1p00,hardzero_plus_depr,0.02,41,528,0.0,1,0.5063389,0.5063389,1.072937,0.0,0.08454014,0.0,0.0,2.721786e-09,-27.552954,2.3605087,0.78683627,0.104,0.0,0.17532781,15.809955,15.839954,1692800
hardzero_plus_depr__c0p54__z1p05__lam0p030__nu0p50__psi1p00,hardzero_plus_depr,0.02,41,529,0.0,1,0.5063389,0.5063389,1.0479352,0.08954983,0.08954983,1.0,2.3653204e-10,2.6413456e-09,-26.979141,2.3055036,0.7685012,0.208,0.0,0.13952428,15.839954,15.869954,1696000
hardzero_plus_depr__c0p54__z1p05__lam0p030__nu0p50__psi1p00,hardzero_plus_depr,0.02,41,530,0.0,1,0.5063389,0.5063389,1.0387065,0.0914731,0.0914731,1.0,2.3447141e-10,2.5632825e-09,-27.560616,2.2852,0.7617334,0.120000005,0.0,0.16194758,15.869954,15.899954,1699200
hardzero_plus_depr__c0p54__z1p05__lam0p030__nu0p50__psi1p00,hardzero_plus_depr,0.02,41,531,0.0,1,0.5063389,0.5063389,1.0383754,0.0915429,0.0915429,1.0,2.2771542e-10,2.4875269e-09,-27.496998,2.2844715,0.7614905,0.16800001,0.0,0.14225891,15.899954,15.929954,1702400
hardzero_plus_depr__c0p54__z1p05__lam0p030__nu0p50__psi1p00,hardzero_plus_depr,0.02,41,532,0.0,1,0.5063389,0.5063389,0.99999523,0.10000109,0.10000109,1.0,2.4140362e-10,2.4140099e-09,-26.990196,2.2000334,0.7333445,0.16800001,0.0,0.15554443,15.929954,15.959953,1705600
hardzero_plus_depr__c0p54__z1p05__lam0p030__nu0p50__psi1p00,hardzero_plus_depr,0.02,41,533,0.0,1,0.5063389,0.5063389,0.99143595,0.1019915,0.1019915,1.0,2.3893199e-10,2.3426658e-09,-26.046597,2.1812027,0.7270676,0.17,0.0,0.14663656,15.959953,15.989953,1708800
hardzero_plus_depr__c0p54__z1p05__lam0p030__nu0p50__psi1p00,hardzero_plus_depr,0.02,41,534,0.0,1,0.5063389,0.5063389,1.0235795,0.094715364,0.094715364,1.0,2.1532875e-10,2.27343e-09,-27.879404,2.2519197,0.7506399,0.17600001,0.0,0.15813212,15.989953,16.019953,1712000
hardzero_plus_depr__c0p54__z1p05__lam0p030__nu0p50__psi1p00,hardzero_plus_depr,0.02,41,535,0.0,1,0.5063389,0.5063389,0.9990886,0.10021008,0.10021008,1.0,2.2108755e-10,2.2062407e-09,-26.569864,2.1980388,0.7326796,0.136,0.0,0.13533218,16.019953,16.049953,1715200
hardzero_plus_depr__c0p54__z1p05__lam0p030__nu0p50__psi1p00,hardzero_plus_depr,0.02,41,536,0.0,1,0.5063389,0.5063389,1.0368428,0.09186651,0.09186651,1.0,1.966894e-10,2.141035e-09,-27.335228,2.2810998,0.7603666,0.14400001,0.0,0.15742098,16.049953,16.079954,1718400
hardzero_plus_depr__c0p54__z1p05__lam0p030__nu0p50__psi1p00,hardzero_plus_depr,0.02,41,537,0.0,1,0.5063389,0.5063389,0.9735924,0.10626925,0.10626925,1.0,2.2080161e-10,2.0777564e-09,-26.906885,2.141946,0.71398205,0.216,0.0,0.1581849,16.079954,16.109955,1721600
hardzero_plus_depr__c0p54__z1p05__lam0p030__nu0p50__psi1p00,hardzero_plus_depr,0.02,41,538,0.0,1,0.5063389,0.5063389,1.097035,0.0,0.079976976,0.0,0.0,2.0163482e-09,-28.30263,2.4135253,0.80450845,0.15200001,0.0,0.17640768,16.109955,16.139956,1724800
hardzero_plus_depr__c0p54__z1p05__lam0p030__nu0p50__psi1p00,hardzero_plus_depr,0.02,41,539,0.0,1,0.5063389,0.5063389,1.0479684,0.089543,0.089543,1.0,1.7521368e-10,1.9567545e-09,-27.607443,2.3055766,0.76852554,0.17600001,0.0,0.15188006,16.139956,16.169956,1728000
hardzero_plus_depr__c0p54__z1p05__lam0p030__nu0p50__psi1p00,hardzero_plus_depr,0.02,41,540,0.0,1,0.5063389,0.5063389,1.0287229,0.09360027,0.09360027,1.0,1.7773967e-10,1.8989226e-09,-27.117193,2.2632356,0.7544119,0.16800001,0.0,0.20232545,16.169956,16.199957,1731200
hardzero_plus_depr__c0p54__z1p05__lam0p030__nu0p50__psi1p00,hardzero_plus_depr,0.02,41,541,0.0,1,0.5063389,0.5063389,1.0390654,0.09139757,0.09139757,1.0,1.684274e-10,1.8427995e-09,-27.202724,2.2859895,0.7619965,0.136,0.0,0.162128,16.199957,16.229958,1734400
hardzero_plus_depr__c0p54__z1p05__lam0p030__nu0p50__psi1p00,hardzero_plus_depr,0.02,41,542,0.0,1,0.5063389,0.5063389,1.0507436,0.0,0.088972636,0.0,0.0,1.7883354e-09,-27.786518,2.311682,0.7705607,0.16000001,0.0,0.18470421,16.229958,16.259958,1737600
hardzero_plus_depr__c0p54__z1p05__lam0p030__nu0p50__psi1p00,hardzero_plus_depr,0.02,41,543,0.0,1,0.5063389,0.5063389,1.0493098,0.08926683,0.08926683,1.0,1.5492088e-10,1.735481e-09,-27.161938,2.3085277,0.76950926,0.136,0.0,0.15277435,16.259958,16.289959,1740800
hardzero_plus_depr__c0p54__z1p05__lam0p030__nu0p50__psi1p00,hardzero_plus_depr,0.02,41,544,0.0,1,0.5063389,0.5063389,0.99501866,0.10115358,0.10115358,1.0,1.703617e-10,1.6841885e-09,-26.198366,2.1890848,0.72969496,0.15200001,0.0,0.17832305,16.289959,16.31996,1744000
hardzero_plus_depr__c0p54__z1p05__lam0p030__nu0p50__psi1p00,hardzero_plus_depr,0.02,41,545,0.0,1,0.5063389,0.5063389,1.0735341,0.0,0.08442398,0.0,0.0,1.6344119e-09,-27.128298,2.3618221,0.78727406,0.192,0.0,0.18969138,16.31996,16.34996,1747200
hardzero_plus_depr__c0p54__z1p05__lam0p030__nu0p50__psi1p00,hardzero_plus_depr,0.02,41,546,0.0,1,0.5063389,0.5063389,0.9765462,0.105548896,0.105548896,1.0,1.6741182e-10,1.5861068e-09,-25.897757,2.1484447,0.71614826,0.17999999,0.0,0.13473424,16.34996,16.379961,1750400
hardzero_plus_depr__c0p54__z1p05__lam0p030__nu0p50__psi1p00,hardzero_plus_depr,0.02,41,547,0.0,1,0.5063389,0.5063389,0.9906128,0.102185,0.102185,1.0,1.5728616e-10,1.5392294e-09,-26.735592,2.1793916,0.7264639,0.16800001,0.0,0.14731598,16.379961,16.409962,1753600
hardzero_plus_depr__c0p54__z1p05__lam0p030__nu0p50__psi1p00,hardzero_plus_depr,0.02,41,548,0.0,1,0.5063389,0.5063389,1.034718,0.09231705,0.09231705,1.0,1.3789742e-10,1.4937371e-09,-27.046652,2.2764251,0.7588084,0.136,0.0,0.18369691,16.409962,16.439962,1756800
hardzero_plus_depr__c0p54__z1p05__lam0p030__nu0p50__psi1p00,hardzero_plus_depr,0.02,41,549,0.0,1,0.5063389,0.5063389,1.0331527,0.0926504,0.0926504,1.0,1.3430505e-10,1.4495896e-09,-27.355417,2.2729814,0.7576605,0.17600001,0.0,0.16681378,16.439962,16.469963,1760000
hardzero_plus_depr__c0p54__z1p05__lam0p030__nu0p50__psi1p00,hardzero_plus_depr,0.02,41,550,0.0,1,0.5063389,0.5063389,1.1208487,0.0,0.07570967,0.0,0.0,1.4067467e-09,-29.024443,2.4659162,0.8219721,0.216,0.0,0.18658298,16.469963,16.499964,1763200
hardzero_plus_depr__c0p54__z1p05__lam0p030__nu0p50__psi1p00,hardzero_plus_depr,0.02,41,551,0.0,1,0.5063389,0.5063389,1.0971006,0.0,0.07996489,0.0,0.0,1.3651701e-09,-28.571785,2.4136696,0.80455655,0.128,0.0,0.17553498,16.499964,16.529964,1766400
hardzero_plus_depr__c0p54__z1p05__lam0p030__nu0p50__psi1p00,hardzero_plus_depr,0.02,41,552,0.0,1,0.5063389,0.5063389,1.0316534,0.09297081,0.09297081,1.0,1.2316981e-10,1.3248224e-09,-27.017954,2.269683,0.756561,0.18400002,0.0,0.16346313,16.529964,16.559965,1769600
hardzero_plus_depr__c0p54__z1p05__lam0p030__nu0p50__psi1p00,hardzero_plus_depr,0.02,41,553,0.0,1,0.5063389,0.5063389,0.9657915,0.10819533,0.10819533,1.0,1.3910315e-10,1.2856669e-09,-26.021719,2.1247838,0.70826125,0.16000001,0.0,0.16218567,16.559965,16.589966,1772800
hardzero_plus_depr__c0p54__z1p05__lam0p030__nu0p50__psi1p00,hardzero_plus_depr,0.02,41,554,0.0,1,0.5063389,0.5063389,0.983558,0.10385849,0.10385849,1.0,1.2958101e-10,1.247669e-09,-26.769575,2.1638708,0.7212903,0.128,0.0,0.15587054,16.589966,16.619967,1776000
hardzero_plus_depr__c0p54__z1p05__lam0p030__nu0p50__psi1p00,hardzero_plus_depr,0.02,41,555,0.0,1,0.5063389,0.5063389,1.008256,0.09811694,0.09811694,1.0,1.187994e-10,1.2107939e-09,-27.399582,2.2182074,0.7394025,0.14400001,0.0,0.13212293,16.619967,16.649967,1779200
hardzero_plus_depr__c0p54__z1p05__lam0p030__nu0p50__psi1p00,hardzero_plus_depr,0.02,41,556,0.0,1,0.5063389,0.5063389,1.043836,0.09039907,0.09039907,1.0,1.062197e-10,1.1750088e-09,-27.411777,2.296485,0.765495,0.112,0.0,0.14804547,16.649967,16.679968,1782400
hardzero_plus_depr__c0p54__z1p05__lam0p030__nu0p50__psi1p00,hardzero_plus_depr,0.02,41,557,0.0,1,0.5063389,0.5063389,1.022835,0.09487787,0.09487787,1.0,1.0818746e-10,1.1402813e-09,-27.336843,2.250282,0.75009406,0.16000001,0.0,0.15591758,16.679968,16.709969,1785600
hardzero_plus_depr__c0p54__z1p05__lam0p030__nu0p50__psi1p00,hardzero_plus_depr,0.02,41,558,0.0,1,0.5063389,0.5063389,0.997924,0.10047917,0.10047917,1.0,1.1118826e-10,1.1065802e-09,-26.710377,2.1954765,0.73182553,0.14400001,0.0,0.1502222,16.709969,16.73997,1788800
hardzero_plus_depr__c0p54__z1p05__lam0p030__nu0p50__psi1p00,hardzero_plus_depr,0.02,41,559,0.0,1,0.5063389,0.5063389,1.0468558,0.08977269,0.08977269,1.0,9.640464e-11,1.073875e-09,-27.79902,2.3031287,0.7677096,0.13,0.0,0.16034785,16.73997,16.76997,1792000
hardzero_plus_depr__c0p54__z1p05__lam0p030__nu0p50__psi1p00,hardzero_plus_depr,0.02,41,560,0.0,1,0.5063389,0.5063389,1.0278255,0.093793884,0.093793884,1.0,9.774603e-11,1.0421365e-09,-27.149817,2.2612612,0.7537538,0.096,0.0,0.13954163,16.76997,16.79997,1795200
hardzero_plus_depr__c0p54__z1p05__lam0p030__nu0p50__psi1p00,hardzero_plus_depr,0.02,41,561,0.0,1,0.5063389,0.5063389,1.0579962,0.0,0.08749915,0.0,0.0,1.011336e-09,-27.147444,2.327638,0.7758793,0.120000005,0.0,0.15960135,16.79997,16.829971,1798400
hardzero_plus_depr__c0p54__z1p05__lam0p030__nu0p50__psi1p00,hardzero_plus_depr,0.02,41,562,0.0,1,0.5063389,0.5063389,0.9911901,0.10204927,0.10204927,1.0,1.0015583e-10,9.814458e-10,-26.54346,2.1806617,0.7268872,0.104,0.0,0.16500819,16.829971,16.859972,1801600
hardzero_plus_depr__c0p54__z1p05__lam0p030__nu0p50__psi1p00,hardzero_plus_depr,0.02,41,563,0.0,1,0.5063389,0.5063389,1.0859641,0.0,0.082041934,0.0,0.0,9.524391e-10,-27.43825,2.3891687,0.7963896,0.14400001,0.0,0.16754052,16.859972,16.889973,1804800
hardzero_plus_depr__c0p54__z1p05__lam0p030__nu0p50__psi1p00,hardzero_plus_depr,0.02,41,564,0.0,1,0.5063389,0.5063389,0.9939492,0.101403,0.101403,1.0,9.3725736e-11,9.242896e-10,-27.022776,2.1867318,0.7289106,0.17600001,0.0,0.17263024,16.889973,16.919973,1808000
hardzero_plus_depr__c0p54__z1p05__lam0p030__nu0p50__psi1p00,hardzero_plus_depr,0.02,41,565,0.0,1,0.5063389,0.5063389,1.0338668,0.0924982,0.0924982,1.0,8.29683e-11,8.9697205e-10,-26.936224,2.2745523,0.75818413,0.16000001,0.0,0.16582279,16.919973,16.949974,1811200
hardzero_plus_depr__c0p54__z1p05__lam0p030__nu0p50__psi1p00,hardzero_plus_depr,0.02,41,566,0.0,1,0.5063389,0.5063389,1.0538237,0.0,0.088343844,0.0,0.0,8.704619e-10,-27.658445,2.3184586,0.7728195,0.08800001,0.0,0.16110152,16.949974,16.979975,1814400
hardzero_plus_depr__c0p54__z1p05__lam0p030__nu0p50__psi1p00,hardzero_plus_depr,0.02,41,567,0.0,1,0.5063389,0.5063389,1.0969455,0.0,0.07999346,0.0,0.0,8.4473534e-10,-29.126028,2.4133284,0.8044428,0.15200001,0.0,0.1788354,16.979975,17.009975,1817600
hardzero_plus_depr__c0p54__z1p05__lam0p030__nu0p50__psi1p00,hardzero_plus_depr,0.02,41,568,0.0,1,0.5063389,0.5063389,1.0419573,0.090790994,0.090790994,1.0,7.4427645e-11,8.1976903e-10,-28.743586,2.2923517,0.76411724,0.15200001,0.0,0.16171229,17.009975,17.039976,1820800
hardzero_plus_depr__c0p54__z1p05__lam0p030__nu0p50__psi1p00,hardzero_plus_depr,0.02,41,569,0.0,1,0.5063389,0.5063389,1.0740551,0.0,0.08432277,0.0,0.0,7.955407e-10,-28.004244,2.3629684,0.7876562,0.208,0.0,0.17048939,17.039976,17.069977,1824000
hardzero_plus_depr__c0p54__z1p05__lam0p030__nu0p50__psi1p00,hardzero_plus_depr,0.02,41,570,0.0,1,0.5063389,0.5063389,1.048761,0.08937973,0.08937973,1.0,6.9003685e-11,7.7202833e-10,-26.958786,2.3073204,0.7691068,0.120000005,0.0,0.14669392,17.069977,17.099977,1827200
hardzero_plus_depr__c0p54__z1p05__lam0p030__nu0p50__psi1p00,hardzero_plus_depr,0.02,41,571,0.0,1,0.5063389,0.5063389,1.0168898,0.09618563,0.09618563,1.0,7.206333e-11,7.4921097e-10,-27.223467,2.2372022,0.7457341,0.18400002,0.0,0.14884973,17.099977,17.129978,1830400
hardzero_plus_depr__c0p54__z1p05__lam0p030__nu0p50__psi1p00,hardzero_plus_depr,0.02,41,572,0.0,1,0.5063389,0.5063389,1.034312,0.0924034,0.0924034,1.0,6.718355e-11,7.2706796e-10,-27.630747,2.2755318,0.7585106,0.16,0.0,0.14618978,17.129978,17.159979,1833600
hardzero_plus_depr__c0p54__z1p05__lam0p030__nu0p50__psi1p00,hardzero_plus_depr,0.02,41,573,0.0,1,0.5063389,0.5063389,1.0407395,0.09104591,0.09104591,1.0,6.424011e-11,7.055794e-10,-27.573122,2.2896726,0.76322424,0.14400001,0.0,0.1670073,17.159979,17.18998,1836800
hardzero_plus_depr__c0p54__z1p05__lam0p030__nu0p50__psi1p00,hardzero_plus_depr,0.02,41,574,0.0,1,0.5063389,0.5063389,1.0437825,0.09041021,0.09041021,1.0,6.190621e-11,6.847259e-10,-27.332762,2.2963674,0.76545584,0.15200001,0.0,0.1724439,17.18998,17.21998,1840000
hardzero_plus_depr__c0p54__z1p05__lam0p030__nu0p50__psi1p00,hardzero_plus_depr,0.02,41,575,0.0,1,0.5063389,0.5063389,1.0552347,0.0,0.088057294,0.0,0.0,6.644887e-10,-27.204649,2.3215625,0.7738542,0.15200001,0.0,0.16778646,17.21998,17.24998,1843200
hardzero_plus_depr__c0p54__z1p05__lam0p030__nu0p50__psi1p00,hardzero_plus_depr,0.02,41,576,0.0,1,0.5063389,0.5063389,1.0253513,0.09432976,0.09432976,1.0,6.082851e-11,6.448496e-10,-27.101315,2.255818,0.7519393,0.136,0.0,0.15014979,17.24998,17.279982,1846400
hardzero_plus_depr__c0p54__z1p05__lam0p030__nu0p50__psi1p00,hardzero_plus_depr,0.02,41,577,0.0,1,0.5063389,0.5063389,1.0433916,0.09049162,0.09049162,1.0,5.662884e-11,6.25791e-10,-28.207535,2.2955074,0.76516914,0.16800001,0.0,0.15858962,17.279982,17.309982,1849600
hardzero_plus_depr__c0p54__z1p05__lam0p030__nu0p50__psi1p00,hardzero_plus_depr,0.02,41,578,0.0,1,0.5063389,0.5063389,0.9515993,0.111789405,0.111789405,1.0,6.788922e-11,6.0729566e-10,-25.54032,2.0935602,0.69785345,0.2,0.0,0.1324049,17.309982,17.339983,1852800
hardzero_plus_depr__c0p54__z1p05__lam0p030__nu0p50__psi1p00,hardzero_plus_depr,0.02,41,579,0.0,1,0.5063389,0.5063389,0.9970728,0.10067628,0.10067628,1.0,5.933326e-11,5.8934696e-10,-27.632063,2.193604,0.73120135,0.15200001,0.0,0.1384124,17.339983,17.369984,1856000
hardzero_plus_depr__c0p54__z1p05__lam0p030__nu0p50__psi1p00,hardzero_plus_depr,0.02,41,580,0.0,1,0.5063389,0.5063389,1.0375824,0.091710195,0.091710195,1.0,5.2451696e-11,5.719287e-10,-26.915817,2.2827268,0.76090896,0.15200001,0.0,0.17131414,17.369984,17.399984,1859200
hardzero_plus_depr__c0p54__z1p05__lam0p030__nu0p50__psi1p00,hardzero_plus_depr,0.02,41,581,0.0,1,0.5063389,0.5063389,1.0426638,0.0906434,0.0906434,1.0,5.0309378e-11,5.550253e-10,-27.322693,2.2939062,0.76463544,0.080000006,0.0,0.14968148,17.399984,17.429985,1862400
hardzero_plus_depr__c0p54__z1p05__lam0p030__nu0p50__psi1p00,hardzero_plus_depr,0.02,41,582,0.0,1,0.5063389,0.5063389,1.0664681,0.0,0.0858088,0.0,0.0,5.386214e-10,-27.830057,2.3462768,0.7820923,0.14400001,0.0,0.16545123,17.429985,17.459986,1865600
hardzero_plus_depr__c0p54__z1p05__lam0p030__nu0p50__psi1p00,hardzero_plus_depr,0.02,41,583,0.0,1,0.5063389,0.5063389,1.0088689,0.09797855,0.09797855,1.0,5.1213627e-11,5.2270244e-10,-27.070383,2.2195559,0.73985195,0.2,0.0,0.16305663,17.459986,17.489986,1868800
hardzero_plus_depr__c0p54__z1p05__lam0p030__nu0p50__psi1p00,hardzero_plus_depr,0.02,41,584,0.0,1,0.5063389,0.5063389,1.0067109,0.09846664,0.09846664,1.0,4.9947588e-11,5.072539e-10,-26.191664,2.2148082,0.73826945,0.17600001,0.0,0.18537304,17.489986,17.519987,1872000
hardzero_plus_depr__c0p54__z1p05__lam0p030__nu0p50__psi1p00,hardzero_plus_depr,0.02,41,585,0.0,1,0.5063389,0.5063389,0.9960447,0.100914896,0.100914896,1.0,4.9676565e-11,4.9226195e-10,-26.404663,2.191342,0.7304474,0.17999999,0.0,0.15020669,17.519987,17.549988,1875200
hardzero_plus_depr__c0p54__z1p05__lam0p030__nu0p50__psi1p00,hardzero_plus_depr,0.02,41,586,0.0,1,0.5063389,0.5063389,1.0288311,0.09357693,0.09357693,1.0,4.4702925e-11,4.777131e-10,-27.217474,2.2634737,0.75449127,0.16000001,0.0,0.167635,17.549988,17.579988,1878400
hardzero_plus_depr__c0p54__z1p05__lam0p030__nu0p50__psi1p00,hardzero_plus_depr,0.02,41,587,0.0,1,0.5063389,0.5063389,0.99785525,0.100495055,0.100495055,1.0,4.6588924e-11,4.635942e-10,-26.543097,2.1953254,0.73177516,0.136,0.0,0.15055616,17.579988,17.60999,1881600
hardzero_plus_depr__c0p54__z1p05__lam0p030__nu0p50__psi1p00,hardzero_plus_depr,0.02,41,588,0.0,1,0.5063389,0.5063389,1.072164,0.0,0.084690735,0.0,0.0,4.4989262e-10,-27.74657,2.358808,0.78626937,0.096,0.0,0.16383785,17.60999,17.63999,1884800
hardzero_plus_depr__c0p54__z1p05__lam0p030__nu0p50__psi1p00,hardzero_plus_depr,0.02,41,589,0.0,1,0.5063389,0.5063389,1.0129206,0.097068734,0.097068734,1.0,4.237982e-11,4.3659598e-10,-26.291529,2.2284698,0.7428233,0.136,0.008,0.13072208,17.63999,17.66999,1888000
hardzero_plus_depr__c0p54__z1p05__lam0p030__nu0p50__psi1p00,hardzero_plus_depr,0.02,41,590,0.0,1,0.5063389,0.5063389,1.0566076,0.0,0.08777934,0.0,0.0,4.2369233e-10,-27.828318,2.324583,0.77486104,0.128,0.0,0.1753937,17.66999,17.699991,1891200
hardzero_plus_depr__c0p54__z1p05__lam0p030__nu0p50__psi1p00,hardzero_plus_depr,0.02,41,591,0.0,1,0.5063389,0.5063389,1.0777435,0.0,0.08360966,0.0,0.0,4.1117004e-10,-27.994606,2.371083,0.79036105,0.192,0.0,0.17585577,17.699991,17.729992,1894400
hardzero_plus_depr__c0p54__z1p05__lam0p030__nu0p50__psi1p00,hardzero_plus_depr,0.02,41,592,0.0,1,0.5063389,0.5063389,1.0144029,0.09673801,0.09673801,1.0,3.8600196e-11,3.9901787e-10,-27.172977,2.231731,0.7439103,0.16000001,0.0,0.19553086,17.729992,17.759993,1897600
hardzero_plus_depr__c0p54__z1p05__lam0p030__nu0p50__psi1p00,hardzero_plus_depr,0.02,41,593,0.0,1,0.5063389,0.5063389,1.0081131,0.09814921,0.09814921,1.0,3.800581e-11,3.872248e-10,-27.611908,2.2178931,0.73929775,0.16800001,0.0,0.15903786,17.759993,17.789993,1900800
hardzero_plus_depr__c0p54__z1p05__lam0p030__nu0p50__psi1p00,hardzero_plus_depr,0.02,41,594,0.0,1,0.5063389,0.5063389,1.0592583,0.0,0.08724521,0.0,0.0,3.7578035e-10,-27.329094,2.3304148,0.7768049,0.096,0.0,0.19393255,17.789993,17.819994,1904000
hardzero_plus_depr__c0p54__z1p05__lam0p030__nu0p50__psi1p00,hardzero_plus_depr,0.02,41,595,0.0,1,0.5063389,0.5063389,0.99459904,0.10125137,0.10125137,1.0,3.6923756e-11,3.6467412e-10,-26.290607,2.1881616,0.7293872,0.17600001,0.0,0.12795083,17.819994,17.849995,1907200
hardzero_plus_depr__c0p54__z1p05__lam0p030__nu0p50__psi1p00,hardzero_plus_depr,0.02,41,596,0.0,1,0.5063389,0.5063389,1.0451148,0.09013329,0.09013329,1.0,3.189782e-11,3.5389613e-10,-27.805077,2.2992983,0.76643276,0.096,0.0,0.15269242,17.849995,17.879995,1910400
hardzero_plus_depr__c0p54__z1p05__lam0p030__nu0p50__psi1p00,hardzero_plus_depr,0.02,41,597,0.0,1,0.5063389,0.5063389,1.0137817,0.096876465,0.096876465,1.0,3.327093e-11,3.4343667e-10,-27.1042,2.2303643,0.7434548,0.08800001,0.0,0.14078686,17.879995,17.909996,1913600
hardzero_plus_depr__c0p54__z1p05__lam0p030__nu0p50__psi1p00,hardzero_plus_depr,0.02,41,598,0.0,1,0.5063389,0.5063389,0.9685982,0.10749836,0.10749836,1.0,3.5827737e-11,3.3328634e-10,-26.762821,2.1309586,0.7103195,0.21,0.01,0.13921848,17.909996,17.939997,1916800
hardzero_plus_depr__c0p54__z1p05__lam0p030__nu0p50__psi1p00,hardzero_plus_depr,0.02,41,599,0.0,1,0.5063389,0.5063389,1.0452869,0.09009758,0.09009758,1.0,2.9140804e-11,3.2343606e-10,-27.558884,2.2996771,0.76655906,0.120000005,0.0,0.15657285,17.939997,17.969997,1920000
hardzero_plus_depr__c0p54__z1p05__lam0p030__nu0p50__psi1p00,hardzero_plus_depr,0.02,41,600,0.0,1,0.5063389,0.5063389,1.0391006,0.09139013,0.09139013,1.0,2.8685247e-11,3.1387684e-10,-27.691677,2.286067,0.7620224,0.112,0.0,0.18612015,17.969997,17.999998,1923200
hardzero_plus_depr__c0p54__z1p05__lam0p030__nu0p50__psi1p00,hardzero_plus_depr,0.02,41,601,0.0,1,0.5063389,0.5063389,1.018002,0.095939614,0.095939614,1.0,2.9223225e-11,3.0460018e-10,-26.309935,2.2396493,0.7465498,0.2,0.0,0.14616595,17.999998,18.029999,1926400
hardzero_plus_depr__c0p54__z1p05__lam0p030__nu0p50__psi1p00,hardzero_plus_depr,0.02,41,602,0.0,1,0.5063389,0.5063389,0.98456,0.10361913,0.10361913,1.0,3.0629572e-11,2.9559766e-10,-26.052286,2.1660752,0.7220251,0.14400001,0.0,0.14000472,18.029999,18.06,1929600
hardzero_plus_depr__c0p54__z1p05__lam0p030__nu0p50__psi1p00,hardzero_plus_depr,0.02,41,603,0.0,1,0.5063389,0.5063389,1.0485941,0.08941408,0.08941408,1.0,2.5649436e-11,2.8686126e-10,-28.026005,2.3069532,0.76898444,0.14400001,0.0,0.18218178,18.06,18.09,1932800
hardzero_plus_depr__c0p54__z1p05__lam0p030__nu0p50__psi1p00,hardzero_plus_depr,0.02,41,604,0.0,1,0.5063389,0.5063389,1.0847187,0.0,0.082277544,0.0,0.0,2.7838304e-10,-28.13786,2.3864288,0.7954763,0.136,0.0,0.18379603,18.09,18.12,1936000
hardzero_plus_depr__c0p54__z1p05__lam0p030__nu0p50__psi1p00,hardzero_plus_depr,0.02,41,605,0.0,1,0.5063389,0.5063389,0.9993401,0.10015205,0.10015205,1.0,2.7056616e-11,2.7015537e-10,-27.644014,2.1985922,0.7328641,0.2,0.0,0.15970248,18.12,18.150002,1939200
hardzero_plus_depr__c0p54__z1p05__lam0p030__nu0p50__psi1p00,hardzero_plus_depr,0.02,41,606,0.0,1,0.5063389,0.5063389,0.94089615,0.11457869,0.11457869,1.0,3.0039197e-11,2.621709e-10,-25.689997,2.0700128,0.6900043,0.192,0.0,0.17483874,18.150002,18.180002,1942400
hardzero_plus_depr__c0p54__z1p05__lam0p030__nu0p50__psi1p00,hardzero_plus_depr,0.02,41,607,0.0,1,0.5063389,0.5063389,1.0287734,0.09358938,0.09358938,1.0,2.3811232e-11,2.5442237e-10,-27.108149,2.2633467,0.7544489,0.208,0.008,0.14839111,18.180002,18.210003,1945600
hardzero_plus_depr__c0p54__z1p05__lam0p030__nu0p50__psi1p00,hardzero_plus_depr,0.02,41,608,0.0,1,0.5063389,0.5063389,1.0203972,0.09541195,0.09541195,1.0,2.3557488e-11,2.4690291e-10,-27.299055,2.2449186,0.7483062,0.16000001,0.0,0.16681015,18.210003,18.240004,1948800
hardzero_plus_depr__c0p54__z1p05__lam0p030__nu0p50__psi1p00,hardzero_plus_depr,0.02,41,609,0.0,1,0.5063389,0.5063389,1.0665786,0.0,0.08578698,0.0,0.0,2.3960567e-10,-27.785334,2.34652,0.78217334,0.16800001,0.0,0.15883176,18.240004,18.270004,1952000
hardzero_plus_depr__c0p54__z1p05__lam0p030__nu0p50__psi1p00,hardzero_plus_depr,0.02,41,610,0.0,1,0.5063389,0.5063389,0.9775506,0.10530508,0.10530508,1.0,2.4485967e-11,2.3252407e-10,-25.810116,2.1506543,0.7168848,0.15200001,0.0,0.14641757,18.270004,18.300005,1955200
hardzero_plus_depr__c0p54__z1p05__lam0p030__nu0p50__psi1p00,hardzero_plus_depr,0.02,41,611,0.0,1,0.5063389,0.5063389,1.0072294,0.09834914,0.09834914,1.0,2.2192663e-11,2.2565182e-10,-27.196123,2.215949,0.7386497,0.099999994,0.0,0.13979517,18.300005,18.330006,1958400
hardzero_plus_depr__c0p54__z1p05__lam0p030__nu0p50__psi1p00,hardzero_plus_depr,0.02,41,612,0.0,1,0.5063389,0.5063389,1.0544745,0.0,0.08821157,0.0,0.0,2.1898264e-10,-27.425262,2.3198903,0.7732968,0.136,0.0,0.18704955,18.330006,18.360006,1961600
hardzero_plus_depr__c0p54__z1p05__lam0p030__nu0p50__psi1p00,hardzero_plus_depr,0.02,41,613,0.0,1,0.5063389,0.5063389,1.0409272,0.091006584,0.091006584,1.0,1.9339861e-11,2.1251058e-10,-27.903107,2.2900856,0.7633619,0.14400001,0.0,0.17553864,18.360006,18.390007,1964800
hardzero_plus_depr__c0p54__z1p05__lam0p030__nu0p50__psi1p00,hardzero_plus_depr,0.02,41,614,0.0,1,0.5063389,0.5063389,0.9872275,0.10298466,0.10298466,1.0,2.1238506e-11,2.062298e-10,-26.440123,2.171944,0.7239813,0.14400001,0.0,0.1315839,18.390007,18.420008,1968000
hardzero_plus_depr__c0p54__z1p05__lam0p030__nu0p50__psi1p00,hardzero_plus_depr,0.02,41,615,0.0,1,0.5063389,0.5063389,1.0416087,0.09086388,0.09086388,1.0,1.818501e-11,2.0013464e-10,-26.507427,2.291585,0.76386166,0.14400001,0.0,0.15608467,18.420008,18.450008,1971200
hardzero_plus_depr__c0p54__z1p05__lam0p030__nu0p50__psi1p00,hardzero_plus_depr,0.02,41,616,0.0,1,0.5063389,0.5063389,1.0877429,0.0,0.081706576,0.0,0.0,1.9421964e-10,-28.380917,2.3930821,0.7976941,0.096,0.0,0.17156237,18.450008,18.48001,1974400
hardzero_plus_depr__c0p54__z1p05__lam0p030__nu0p50__psi1p00,hardzero_plus_depr,0.02,41,617,0.0,1,0.5063389,0.5063389,1.0374386,0.09174055,0.09174055,1.0,1.7291208e-11,1.8847945e-10,-27.39079,2.2824106,0.7608036,0.128,0.0,0.16719185,18.48001,18.51001,1977600
hardzero_plus_depr__c0p54__z1p05__lam0p030__nu0p50__psi1p00,hardzero_plus_depr,0.02,41,618,0.0,1,0.5063389,0.5063389,0.99910873,0.10020544,0.10020544,1.0,1.8328469e-11,1.8290892e-10,-25.78674,2.1980832,0.7326944,0.17600001,0.0,0.13929352,18.51001,18.54001,1980800
hardzero_plus_depr__c0p54__z1p05__lam0p030__nu0p50__psi1p00,hardzero_plus_depr,0.02,41,619,0.0,1,0.5063389,0.5063389,0.9815576,0.10433797,0.10433797,1.0,1.8520305e-11,1.7750303e-10,-26.241543,2.1594698,0.7198233,0.16000001,0.0,0.13401218,18.54001,18.570011,1984000
hardzero_plus_depr__c0p54__z1p05__lam0p030__nu0p50__psi1p00,hardzero_plus_depr,0.02,41,620,0.0,1,0.5063389,0.5063389,1.0121839,0.09723354,0.09723354,1.0,1.6749149e-11,1.722569e-10,-26.415974,2.226849,0.74228305,0.16800001,0.0,0.1328228,18.570011,18.600012,1987200
hardzero_plus_depr__c0p54__z1p05__lam0p030__nu0p50__psi1p00,hardzero_plus_depr,0.02,41,621,0.0,1,0.5063389,0.5063389,1.0604935,0.0,0.08699745,0.0,0.0,1.6716584e-10,-27.674536,2.3331323,0.7777108,0.16000001,0.0,0.16108678,18.600012,18.630013,1990400
hardzero_plus_depr__c0p54__z1p05__lam0p030__nu0p50__psi1p00,hardzero_plus_depr,0.02,41,622,0.0,1,0.5063389,0.5063389,1.0567386,0.0,0.08775288,0.0,0.0,1.6222522e-10,-27.458141,2.3248713,0.7749571,0.112,0.0,0.15761794,18.630013,18.660013,1993600
hardzero_plus_depr__c0p54__z1p05__lam0p030__nu0p50__psi1p00,hardzero_plus_depr,0.02,41,623,0.0,1,0.5063389,0.5063389,1.0346891,0.092323214,0.092323214,1.0,1.4534502e-11,1.5743064e-10,-27.27128,2.2763615,0.75878716,0.14400001,0.0,0.14686993,18.660013,18.690014,1996800
hardzero_plus_depr__c0p54__z1p05__lam0p030__nu0p50__psi1p00,hardzero_plus_depr,0.02,41,624,0.0,1,0.5063389,0.5063389,1.0573905,0.0,0.087621264,0.0,0.0,1.5277773e-10,-27.702509,2.3263054,0.77543515,0.11,0.0,0.16076954,18.690014,18.720015,2000000
hardzero_plus_depr__c0p54__z1p05__lam0p030__nu0p50__psi1p00,hardzero_plus_depr,0.02,41,625,0.0,1,0.5063389,0.5063389,1.0440775,0.090348825,0.090348825,1.0,1.3395332e-11,1.4826237e-10,-27.63775,2.2970164,0.76567215,0.16800001,0.008,0.14438395,18.720015,18.750015,2003200
hardzero_plus_depr__c0p54__z1p05__lam0p030__nu0p50__psi1p00,hardzero_plus_depr,0.02,41,626,0.0,1,0.5063389,0.5063389,1.0721698,0.0,0.084689625,0.0,0.0,1.4388046e-10,-27.84062,2.3588207,0.7862736,0.128,0.0,0.1799685,18.750015,18.780016,2006400
hardzero_plus_depr__c0p54__z1p05__lam0p030__nu0p50__psi1p00,hardzero_plus_depr,0.02,41,627,0.0,1,0.5063389,0.5063389,1.0272123,0.09392641,0.09392641,1.0,1.3114761e-11,1.3962805e-10,-27.010263,2.259912,0.753304,0.128,0.0,0.14072955,18.780016,18.810017,2009600
hardzero_plus_depr__c0p54__z1p05__lam0p030__nu0p50__psi1p00,hardzero_plus_depr,0.02,41,628,0.0,1,0.5063389,0.5063389,1.0541412,0.0,0.0882793,0.0,0.0,1.3550133e-10,-28.424538,2.319157,0.77305233,0.112,0.0,0.16061512,18.810017,18.840017,2012800
hardzero_plus_depr__c0p54__z1p05__lam0p030__nu0p50__psi1p00,hardzero_plus_depr,0.02,41,629,0.0,1,0.5063389,0.5063389,1.033547,0.0925663,0.0925663,1.0,1.2172151e-11,1.3149658e-10,-27.673346,2.2738488,0.7579496,0.15200001,0.0,0.1379855,18.840017,18.870018,2016000
hardzero_plus_depr__c0p54__z1p05__lam0p030__nu0p50__psi1p00,hardzero_plus_depr,0.02,41,630,0.0,1,0.5063389,0.5063389,1.0444618,0.090268895,0.090268895,1.0,1.1519229e-11,1.2761017e-10,-27.620132,2.2978618,0.76595396,0.104,0.0,0.15769419,18.870018,18.900019,2019200
hardzero_plus_depr__c0p54__z1p05__lam0p030__nu0p50__psi1p00,hardzero_plus_depr,0.02,41,631,0.0,1,0.5063389,0.5063389,1.0842202,0.0,0.08237203,0.0,0.0,1.2383865e-10,-28.175734,2.385332,0.7951107,0.104,0.0,0.16074932,18.900019,18.93002,2022400
hardzero_plus_depr__c0p54__z1p05__lam0p030__nu0p50__psi1p00,hardzero_plus_depr,0.02,41,632,0.0,1,0.5063389,0.5063389,1.0264952,0.09408161,0.09408161,1.0,1.1306593e-11,1.2017856e-10,-27.160946,2.2583346,0.75277823,0.16800001,0.0,0.1509029,18.93002,18.96002,2025600
hardzero_plus_depr__c0p54__z1p05__lam0p030__nu0p50__psi1p00,hardzero_plus_depr,0.02,41,633,0.0,1,0.5063389,0.5063389,1.0209721,0.095285736,0.095285736,1.0,1.1112858e-11,1.1662667e-10,-25.958822,2.2461836,0.7487279,0.15200001,0.0,0.15673007,18.96002,18.99002,2028800
hardzero_plus_depr__c0p54__z1p05__lam0p030__nu0p50__psi1p00,hardzero_plus_depr,0.02,41,634,0.0,1,0.5063389,0.5063389,1.0001206,0.099972226,0.099972226,1.0,1.1314833e-11,1.13179764e-10,-26.77749,2.2003093,0.73343647,0.17600001,0.0,0.1602153,18.99002,19.020021,2032000
hardzero_plus_depr__c0p54__z1p05__lam0p030__nu0p50__psi1p00,hardzero_plus_depr,0.02,41,635,0.0,1,0.5063389,0.5063389,1.0569427,0.0,0.08771165,0.0,0.0,1.0983472e-10,-27.733063,2.3253205,0.77510685,0.136,0.0,0.16207719,19.020021,19.050022,2035200
hardzero_plus_depr__c0p54__z1p05__lam0p030__nu0p50__psi1p00,hardzero_plus_depr,0.02,41,636,0.0,1,0.5063389,0.5063389,1.0266776,0.09404212,0.09404212,1.0,1.00238125e-11,1.0658854e-10,-26.502771,2.258736,0.752912,0.096,0.0,0.14028253,19.050022,19.080023,2038400
hardzero_plus_depr__c0p54__z1p05__lam0p030__nu0p50__psi1p00,hardzero_plus_depr,0.02,41,637,0.0,1,0.5063389,0.5063389,1.0273112,0.09390501,0.09390501,1.0,9.713374e-12,1.0343829e-10,-27.583622,2.2601297,0.7533766,0.16,0.0,0.13463174,19.080023,19.110023,2041600
hardzero_plus_depr__c0p54__z1p05__lam0p030__nu0p50__psi1p00,hardzero_plus_depr,0.02,41,638,0.0,1,0.5063389,0.5063389,1.0232507,0.09478711,0.09478711,1.0,9.514841e-12,1.0038117e-10,-27.200293,2.2511964,0.7503988,0.16000001,0.0,0.1666186,19.110023,19.140024,2044800
hardzero_plus_depr__c0p54__z1p05__lam0p030__nu0p50__psi1p00,hardzero_plus_depr,0.02,41,639,0.0,1,0.5063389,0.5063389,0.984766,0.10357001,0.10357001,1.0,1.008921e-11,9.7414396e-11,-27.381414,2.1665285,0.7221762,0.192,0.0,0.15967472,19.140024,19.170025,2048000
hardzero_plus_depr__c0p54__z1p05__lam0p030__nu0p50__psi1p00,hardzero_plus_depr,0.02,41,640,0.0,1,0.5063389,0.5063389,1.010388,0.09763644,0.09763644,1.0,9.23009e-12,9.4535296e-11,-27.368452,2.222898,0.740966,0.14400001,0.0,0.13923195,19.170025,19.200026,2051200
hardzero_plus_depr__c0p54__z1p05__lam0p030__nu0p50__psi1p00,hardzero_plus_depr,0.02,41,641,0.0,1,0.5063389,0.5063389,1.0635277,0.0,0.086391754,0.0,0.0,9.174129e-11,-27.636103,2.3398077,0.77993596,0.120000005,0.0,0.18169028,19.200026,19.230026,2054400
hardzero_plus_depr__c0p54__z1p05__lam0p030__nu0p50__psi1p00,hardzero_plus_depr,0.02,41,642,0.0,1,0.5063389,0.5063389,1.040085,0.091183245,0.091183245,1.0,8.118031e-12,8.902986e-11,-26.711565,2.2882326,0.7627442,0.14400001,0.0,0.16851482,19.230026,19.260027,2057600
hardzero_plus_depr__c0p54__z1p05__lam0p030__nu0p50__psi1p00,hardzero_plus_depr,0.02,41,643,0.0,1,0.5063389,0.5063389,1.06364,0.0,0.08636941,0.0,0.0,8.6398576e-11,-27.42313,2.3400548,0.78001827,0.120000005,0.0,0.17860664,19.260027,19.290028,2060800
hardzero_plus_depr__c0p54__z1p05__lam0p030__nu0p50__psi1p00,hardzero_plus_depr,0.02,41,644,0.0,1,0.5063389,0.5063389,1.059218,0.0,0.0872533,0.0,0.0,8.3845056e-11,-28.272305,2.3303263,0.7767755,0.208,0.0,0.1923215,19.290028,19.320028,2064000
hardzero_plus_depr__c0p54__z1p05__lam0p030__nu0p50__psi1p00,hardzero_plus_depr,0.02,41,645,0.0,1,0.5063389,0.5063389,1.04299,0.09057535,0.09057535,1.0,7.369845e-12,8.1367e-11,-27.427132,2.2946239,0.76487464,0.16800001,0.0,0.1443914,19.320028,19.350029,2067200
hardzero_plus_depr__c0p54__z1p05__lam0p030__nu0p50__psi1p00,hardzero_plus_depr,0.02,41,646,0.0,1,0.5063389,0.5063389,1.0166122,0.09624714,0.09624714,1.0,7.599884e-12,7.8962184e-11,-26.418291,2.2365913,0.7455305,0.14400001,0.0,0.13333727,19.350029,19.38003,2070400
hardzero_plus_depr__c0p54__z1p05__lam0p030__nu0p50__psi1p00,hardzero_plus_depr,0.02,41,647,0.0,1,0.5063389,0.5063389,1.0361013,0.09202349,0.09202349,1.0,7.051618e-12,7.6628454e-11,-27.593533,2.2794685,0.75982285,0.224,0.0,0.15800785,19.38003,19.41003,2073600
hardzero_plus_depr__c0p54__z1p05__lam0p030__nu0p50__psi1p00,hardzero_plus_depr,0.02,41,648,0.0,1,0.5063389,0.5063389,1.1058345,0.0,0.07837283,0.0,0.0,7.436369e-11,-29.12072,2.4328845,0.8109615,0.112,0.0,0.1753852,19.41003,19.440031,2076800
hardzero_plus_depr__c0p54__z1p05__lam0p030__nu0p50__psi1p00,hardzero_plus_depr,0.02,41,649,0.0,1,0.5063389,0.5063389,1.0468273,0.08977858,0.08977858,1.0,6.478948e-12,7.216586e-11,-27.7777,2.303066,0.7676887,0.136,0.008,0.16755818,19.440031,19.470032,2080000
hardzero_plus_depr__c0p54__z1p05__lam0p030__nu0p50__psi1p00,hardzero_plus_depr,0.02,41,650,0.0,1,0.5063389,0.5063389,1.1023331,0.0,0.07900725,0.0,0.0,7.0032986e-11,-28.827518,2.4251812,0.8083937,0.13,0.0,0.17803429,19.470032,19.500032,2083200
hardzero_plus_depr__c0p54__z1p05__lam0p030__nu0p50__psi1p00,hardzero_plus_depr,0.02,41,651,0.0,1,0.5063389,0.5063389,0.99361193,0.10148177,0.10148177,1.0,6.8970216e-12,6.7963156e-11,-27.951342,2.1859899,0.7286633,0.16800001,0.0,0.16580017,19.500032,19.530033,2086400
hardzero_plus_depr__c0p54__z1p05__lam0p030__nu0p50__psi1p00,hardzero_plus_depr,0.02,41,652,0.0,1,0.5063389,0.5063389,0.9677514,0.107708156,0.107708156,1.0,7.1038366e-12,6.595449e-11,-25.94545,2.1290956,0.70969856,0.18400002,0.0,0.1272222,19.530033,19.560034,2089600
hardzero_plus_depr__c0p54__z1p05__lam0p030__nu0p50__psi1p00,hardzero_plus_depr,0.02,41,653,0.0,1,0.5063389,0.5063389,1.0267339,0.094029926,0.094029926,1.0,6.018404e-12,6.40052e-11,-27.466822,2.2588596,0.75295323,0.17600001,0.0,0.17492105,19.560034,19.590034,2092800
hardzero_plus_depr__c0p54__z1p05__lam0p030__nu0p50__psi1p00,hardzero_plus_depr,0.02,41,654,0.0,1,0.5063389,0.5063389,1.0400276,0.09119529,0.09119529,1.0,5.6644602e-12,6.2113516e-11,-27.242325,2.2881064,0.76270217,0.15200001,0.0,0.13427678,19.590034,19.620035,2096000
hardzero_plus_depr__c0p54__z1p05__lam0p030__nu0p50__psi1p00,hardzero_plus_depr,0.02,41,655,0.0,1,0.5063389,0.5063389,1.039785,0.091246225,0.091246225,1.0,5.5001164e-12,6.027774e-11,-27.883957,2.2875726,0.76252425,0.120000005,0.0,0.19893607,19.620035,19.650036,2099200
hardzero_plus_depr__c0p54__z1p05__lam0p030__nu0p50__psi1p00,hardzero_plus_depr,0.02,41,656,0.0,1,0.5063389,0.5063389,1.0483227,0.08946998,0.08946998,1.0,5.2336564e-12,5.849623e-11,-26.994404,2.306356,0.76878536,0.08800001,0.0,0.14543228,19.650036,19.680037,2102400
hardzero_plus_depr__c0p54__z1p05__lam0p030__nu0p50__psi1p00,hardzero_plus_depr,0.02,41,657,0.0,1,0.5063389,0.5063389,1.0383434,0.09154962,0.09154962,1.0,5.1970303e-12,5.676736e-11,-27.284327,2.2844012,0.7614671,0.15200001,0.0,0.18125385,19.680037,19.710037,2105600
hardzero_plus_depr__c0p54__z1p05__lam0p030__nu0p50__psi1p00,hardzero_plus_depr,0.02,41,658,0.0,1,0.5063389,0.5063389,1.0598524,0.0,0.087125964,0.0,0.0,5.5089593e-11,-27.77691,2.3317218,0.77724063,0.136,0.0,0.17380962,19.710037,19.740038,2108800
hardzero_plus_depr__c0p54__z1p05__lam0p030__nu0p50__psi1p00,hardzero_plus_depr,0.02,41,659,0.0,1,0.5063389,0.5063389,1.0112059,0.09745274,0.09745274,1.0,5.209962e-12,5.346142e-11,-26.519361,2.2246974,0.7415658,0.104,0.0,0.1417838,19.740038,19.770039,2112000
hardzero_plus_depr__c0p54__z1p05__lam0p030__nu0p50__psi1p00,hardzero_plus_depr,0.02,41,660,0.0,1,0.5063389,0.5063389,1.043913,0.09038306,0.09038306,1.0,4.6891956e-12,5.1881357e-11,-27.89479,2.2966545,0.7655515,0.17600001,0.0,0.1659882,19.770039,19.80004,2115200
hardzero_plus_depr__c0p54__z1p05__lam0p030__nu0p50__psi1p00,hardzero_plus_depr,0.02,41,661,0.0,1,0.5063389,0.5063389,0.97506636,0.10590919,0.10590919,1.0,5.3323158e-12,5.0347997e-11,-26.549267,2.1451888,0.715063,0.2,0.0,0.12679741,19.80004,19.83004,2118400
hardzero_plus_depr__c0p54__z1p05__lam0p030__nu0p50__psi1p00,hardzero_plus_depr,0.02,41,662,0.0,1,0.5063389,0.5063389,1.0585965,0.0,0.08737827,0.0,0.0,4.885995e-11,-27.424665,2.3289587,0.7763196,0.136,0.0,0.14893286,19.83004,19.86004,2121600
hardzero_plus_depr__c0p54__z1p05__lam0p030__nu0p50__psi1p00,hardzero_plus_depr,0.02,41,663,0.0,1,0.5063389,0.5063389,0.9716865,0.10673664,0.10673664,1.0,5.061013e-12,4.741589e-11,-26.147692,2.137753,0.7125844,0.25,0.0,0.15449376,19.86004,19.890041,2124800
hardzero_plus_depr__c0p54__z1p05__lam0p030__nu0p50__psi1p00,hardzero_plus_depr,0.02,41,664,0.0,1,0.5063389,0.5063389,1.0383871,0.09154043,0.09154043,1.0,4.212188e-12,4.6014508e-11,-27.244263,2.284497,0.76149905,0.15200001,0.0,0.15180653,19.890041,19.920042,2128000
hardzero_plus_depr__c0p54__z1p05__lam0p030__nu0p50__psi1p00,hardzero_plus_depr,0.02,41,665,0.0,1,0.5063389,0.5063389,1.0081497,0.09814095,0.09814095,1.0,4.3824397e-12,4.4654547e-11,-26.790188,2.2179737,0.73932457,0.18400002,0.0,0.16225526,19.920042,19.950043,2131200
hardzero_plus_depr__c0p54__z1p05__lam0p030__nu0p50__psi1p00,hardzero_plus_depr,0.02,41,666,0.0,1,0.5063389,0.5063389,1.0316349,0.09297476,0.09297476,1.0,4.0290397e-12,4.333477e-11,-27.476927,2.269642,0.7565474,0.16000001,0.0,0.15311752,19.950043,19.980043,2134400
hardzero_plus_depr__c0p54__z1p05__lam0p030__nu0p50__psi1p00,hardzero_plus_depr,0.02,41,667,0.0,1,0.5063389,0.5063389,0.99214524,0.101825066,0.101825066,1.0,4.2821523e-12,4.205401e-11,-26.977104,2.182763,0.7275877,0.192,0.0,0.1674775,19.980043,20.010044,2137600
hardzero_plus_depr__c0p54__z1p05__lam0p030__nu0p50__psi1p00,hardzero_plus_depr,0.02,41,668,0.0,1,0.5063389,0.5063389,1.0345879,0.09234472,0.09234472,1.0,3.7686894e-12,4.0811094e-11,-27.534252,2.2761388,0.75871295,0.192,0.0,0.17853275,20.010044,20.040045,2140800
hardzero_plus_depr__c0p54__z1p05__lam0p030__nu0p50__psi1p00,hardzero_plus_depr,0.02,41,669,0.0,1,0.5063389,0.5063389,1.067748,0.0,0.08555631,0.0,0.0,3.960492e-11,-27.709385,2.3490925,0.78303087,0.096,0.0,0.15931885,20.040045,20.070045,2144000
hardzero_plus_depr__c0p54__z1p05__lam0p030__nu0p50__psi1p00,hardzero_plus_depr,0.02,41,670,0.0,1,0.5063389,0.5063389,1.0316192,0.09297813,0.09297813,1.0,3.5735577e-12,3.843439e-11,-28.293362,2.2696075,0.7565359,0.2,0.008,0.148483,20.070045,20.100046,2147200
hardzero_plus_depr__c0p54__z1p05__lam0p030__nu0p50__psi1p00,hardzero_plus_depr,0.02,41,671,0.0,1,0.5063389,0.5063389,1.0039308,0.09909897,0.09909897,1.0,3.6962386e-12,3.7298456e-11,-26.571327,2.2086918,0.7362306,0.112,0.0,0.14744091,20.100046,20.130047,2150400
hardzero_plus_depr__c0p54__z1p05__lam0p030__nu0p50__psi1p00,hardzero_plus_depr,0.02,41,672,0.0,1,0.5063389,0.5063389,1.0575708,0.0,0.08758488,0.0,0.0,3.6196095e-11,-27.621193,2.3267024,0.7755675,0.112,0.0,0.15697867,20.130047,20.160048,2153600
hardzero_plus_depr__c0p54__z1p05__lam0p030__nu0p50__psi1p00,hardzero_plus_depr,0.02,41,673,0.0,1,0.5063389,0.5063389,1.0530483,0.0,0.08850173,0.0,0.0,3.5126315e-11,-28.094187,2.3167524,0.77225083,0.08800001,0.0,0.14095056,20.160048,20.190048,2156800
hardzero_plus_depr__c0p54__z1p05__lam0p030__nu0p50__psi1p00,hardzero_plus_depr,0.02,41,674,0.0,1,0.5063389,0.5063389,0.996781,0.10074395,0.10074395,1.0,3.434175e-12,3.4088152e-11,-27.037859,2.192962,0.7309873,0.14400001,0.0,0.14165373,20.190048,20.220049,2160000
hardzero_plus_depr__c0p54__z1p05__lam0p030__nu0p50__psi1p00,hardzero_plus_depr,0.02,41,675,0.0,1,0.5063389,0.5063389,1.0825473,0.0,0.08268993,0.0,0.0,3.3080674e-11,-28.940525,2.3816516,0.7938839,0.120000005,0.0,0.18251064,20.220049,20.25005,2163200
hardzero_plus_depr__c0p54__z1p05__lam0p030__nu0p50__psi1p00,hardzero_plus_depr,0.02,41,676,0.0,1,0.5063389,0.5063389,1.0581249,0.0,0.08747321,0.0,0.0,3.2102966e-11,-27.810974,2.3279214,0.7759738,0.17,0.0,0.16587527,20.25005,20.28005,2166400
hardzero_plus_depr__c0p54__z1p05__lam0p030__nu0p50__psi1p00,hardzero_plus_depr,0.02,41,677,0.0,1,0.5063389,0.5063389,0.9971607,0.100655906,0.100655906,1.0,3.13585e-12,3.115416e-11,-26.777845,2.1937973,0.7312658,0.128,0.0,0.14290479,20.28005,20.310051,2169600
hardzero_plus_depr__c0p54__z1p05__lam0p030__nu0p50__psi1p00,hardzero_plus_depr,0.02,41,678,0.0,1,0.5063389,0.5063389,0.9991714,0.10019098,0.10019098,1.0,3.0291136e-12,3.0233396e-11,-26.656412,2.198221,0.73274034,0.15200001,0.0,0.15473495,20.310051,20.340052,2172800
hardzero_plus_depr__c0p54__z1p05__lam0p030__nu0p50__psi1p00,hardzero_plus_depr,0.02,41,679,0.0,1,0.5063389,0.5063389,1.0223544,0.09498294,0.09498294,1.0,2.7867845e-12,2.9339843e-11,-26.847858,2.2492244,0.7497415,0.16800001,0.0,0.16885506,20.340052,20.370052,2176000
hardzero_plus_depr__c0p54__z1p05__lam0p030__nu0p50__psi1p00,hardzero_plus_depr,0.02,41,680,0.0,1,0.5063389,0.5063389,1.017652,0.09601696,0.09601696,1.0,2.7338622e-12,2.8472702e-11,-26.591208,2.2388792,0.74629307,0.112,0.0,0.13929527,20.370052,20.400053,2179200
hardzero_plus_depr__c0p54__z1p05__lam0p030__nu0p50__psi1p00,hardzero_plus_depr,0.02,41,681,0.0,1,0.5063389,0.5063389,1.0608158,0.0,0.086932905,0.0,0.0,2.7631186e-11,-28.33515,2.3338413,0.7779471,0.18400002,0.0,0.18652794,20.400053,20.430054,2182400
hardzero_plus_depr__c0p54__z1p05__lam0p030__nu0p50__psi1p00,hardzero_plus_depr,0.02,41,682,0.0,1,0.5063389,0.5063389,1.0303593,0.093248256,0.093248256,1.0,2.5004094e-12,2.6814544e-11,-26.682154,2.2668357,0.7556119,0.192,0.0,0.17932923,20.430054,20.460054,2185600
hardzero_plus_depr__c0p54__z1p05__lam0p030__nu0p50__psi1p00,hardzero_plus_depr,0.02,41,683,0.0,1,0.5063389,0.5063389,1.030989,0.09311314,0.09311314,1.0,2.4229934e-12,2.6022035e-11,-26.869997,2.2682211,0.7560737,0.120000005,0.0,0.1390887,20.460054,20.490055,2188800
hardzero_plus_depr__c0p54__z1p05__lam0p030__nu0p50__psi1p00,hardzero_plus_depr,0.02,41,684,0.0,1,0.5063389,0.5063389,1.0622404,0.0,0.086648226,0.0,0.0,2.525295e-11,-27.7966,2.3369753,0.7789918,0.136,0.0,0.15443996,20.490055,20.520056,2192000
hardzero_plus_depr__c0p54__z1p05__lam0p030__nu0p50__psi1p00,hardzero_plus_depr,0.02,41,685,0.0,1,0.5063389,0.5063389,1.0238266,0.094661504,0.094661504,1.0,2.3198312e-12,2.4506596e-11,-26.016535,2.2524636,0.75082123,0.16800001,0.0,0.16438998,20.520056,20.550056,2195200
hardzero_plus_depr__c0p54__z1p05__lam0p030__nu0p50__psi1p00,hardzero_plus_depr,0.02,41,686,0.0,1,0.5063389,0.5063389,1.031894,0.09291931,0.09291931,1.0,2.209835e-12,2.37823e-11,-27.931692,2.270212,0.75673735,0.128,0.0,0.16456233,20.550056,20.580057,2198400
hardzero_plus_depr__c0p54__z1p05__lam0p030__nu0p50__psi1p00,hardzero_plus_depr,0.02,41,687,0.0,1,0.5063389,0.5063389,1.0679291,0.0,0.08552062,0.0,0.0,2.3079412e-11,-27.615025,2.3494911,0.7831637,0.16000001,0.0,0.14948075,20.580057,20.610058,2201600
hardzero_plus_depr__c0p54__z1p05__lam0p030__nu0p50__psi1p00,hardzero_plus_depr,0.02,41,688,0.0,1,0.5063389,0.5063389,0.9922472,0.10180116,0.10180116,1.0,2.2800709e-12,2.2397298e-11,-26.602657,2.1829875,0.7276625,0.17600001,0.0,0.16378668,20.610058,20.640059,2204800
hardzero_plus_depr__c0p54__z1p05__lam0p030__nu0p50__psi1p00,hardzero_plus_depr,0.02,41,689,0.0,1,0.5063389,0.5063389,1.0457556,0.09000038,0.09000038,1.0,1.9561891e-12,2.1735343e-11,-27.183039,2.3007083,0.7669028,0.17999999,0.0,0.18323454,20.640059,20.67006,2208000
hardzero_plus_depr__c0p54__z1p05__lam0p030__nu0p50__psi1p00,hardzero_plus_depr,0.02,41,690,0.0,1,0.5063389,0.5063389,0.9704975,0.10702926,0.10702926,1.0,2.257563e-12,2.1092952e-11,-26.134228,2.135137,0.71171236,0.23200001,0.0,0.12754904,20.67006,20.70006,2211200
hardzero_plus_depr__c0p54__z1p05__lam0p030__nu0p50__psi1p00,hardzero_plus_depr,0.02,41,691,0.0,1,0.5063389,0.5063389,1.0708795,0.0,0.0849416,0.0,0.0,2.0469546e-11,-27.853905,2.3559818,0.7853273,0.17600001,0.0,0.16795766,20.70006,20.73006,2214400
hardzero_plus_depr__c0p54__z1p05__lam0p030__nu0p50__psi1p00,hardzero_plus_depr,0.02,41,692,0.0,1,0.5063389,0.5063389,1.068185,0.0,0.08547026,0.0,0.0,1.9864565e-11,-27.518341,2.3500538,0.7833513,0.17600001,0.0,0.18883444,20.73006,20.760061,2217600
hardzero_plus_depr__c0p54__z1p05__lam0p030__nu0p50__psi1p00,hardzero_plus_depr,0.02,41,693,0.0,1,0.5063389,0.5063389,1.0082052,0.09812843,0.09812843,1.0,1.8916672e-12,1.9277463e-11,-26.642767,2.2180958,0.7393653,0.14400001,0.0,0.14756073,20.760061,20.790062,2220800
hardzero_plus_depr__c0p54__z1p05__lam0p030__nu0p50__psi1p00,hardzero_plus_depr,0.02,41,694,0.0,1,0.5063389,0.5063389,1.0310097,0.09310871,0.09310871,1.0,1.7418516e-12,1.8707718e-11,-27.68222,2.2682667,0.7560889,0.104,0.0,0.15615785,20.790062,20.820063,2224000
hardzero_plus_depr__c0p54__z1p05__lam0p030__nu0p50__psi1p00,hardzero_plus_depr,0.02,41,695,0.0,1,0.5063389,0.5063389,0.9590519,0.10988744,0.10988744,1.0,1.9949853e-12,1.8154808e-11,-25.925222,2.1099563,0.7033188,0.216,0.0,0.13066879,20.820063,20.850063,2227200
hardzero_plus_depr__c0p54__z1p05__lam0p030__nu0p50__psi1p00,hardzero_plus_depr,0.02,41,696,0.0,1,0.5063389,0.5063389,1.0082449,0.09811945,0.09811945,1.0,1.7286921e-12,1.761824e-11,-26.36287,2.218183,0.73939437,0.15200001,0.0,0.14793345,20.850063,20.880064,2230400
hardzero_plus_depr__c0p54__z1p05__lam0p030__nu0p50__psi1p00,hardzero_plus_depr,0.02,41,697,0.0,1,0.5063389,0.5063389,1.0256948,0.09425517,0.09425517,1.0,1.6115307e-12,1.709753e-11,-26.784227,2.2565737,0.75219125,0.15200001,0.0,0.15869194,20.880064,20.910065,2233600
hardzero_plus_depr__c0p54__z1p05__lam0p030__nu0p50__psi1p00,hardzero_plus_depr,0.02,41,698,0.0,1,0.5063389,0.5063389,1.0129526,0.09706159,0.09706159,1.0,1.6104664e-12,1.6592212e-11,-26.581465,2.2285402,0.7428467,0.256,0.0,0.15572518,20.910065,20.940065,2236800
hardzero_plus_depr__c0p54__z1p05__lam0p030__nu0p50__psi1p00,hardzero_plus_depr,0.02,41,699,0.0,1,0.5063389,0.5063389,0.9326725,0.11676899,0.11676899,1.0,1.8801941e-12,1.6101826e-11,-25.984955,2.0519204,0.6839735,0.16000001,0.0,0.13563961,20.940065,20.970066,2240000
hardzero_plus_depr__c0p54__z1p05__lam0p030__nu0p50__psi1p00,hardzero_plus_depr,0.02,41,700,0.0,1,0.5063389,0.5063389,1.0482634,0.08948217,0.08948217,1.0,1.3982426e-12,1.5625935e-11,-27.852947,2.3062255,0.76874185,0.16800001,0.0,0.16725849,20.970066,21.000067,2243200
hardzero_plus_depr__c0p54__z1p05__lam0p030__nu0p50__psi1p00,hardzero_plus_depr,0.02,41,701,0.0,1,0.5063389,0.5063389,1.0315522,0.09299247,0.09299247,1.0,1.4101478e-12,1.5164108e-11,-27.886158,2.2694602,0.7564868,0.192,0.0,0.17827623,21.000067,21.030067,2246400
hardzero_plus_depr__c0p54__z1p05__lam0p030__nu0p50__psi1p00,hardzero_plus_depr,0.02,41,702,0.0,1,0.5063389,0.5063389,1.069012,0.0,0.085307635,0.0,0.0,1.4715932e-11,-28.359858,2.3518734,0.78395784,0.16,0.0,0.14532238,21.030067,21.060068,2249600
hardzero_plus_depr__c0p54__z1p05__lam0p030__nu0p50__psi1p00,hardzero_plus_depr,0.02,41,703,0.0,1,0.5063389,0.5063389,1.0063181,0.09855572,0.09855572,1.0,1.4074743e-12,1.4281001e-11,-27.530172,2.213944,0.7379813,0.120000005,0.0,0.16678138,21.060068,21.090069,2252800
hardzero_plus_depr__c0p54__z1p05__lam0p030__nu0p50__psi1p00,hardzero_plus_depr,0.02,41,704,0.0,1,0.5063389,0.5063389,1.0414205,0.090903275,0.090903275,1.0,1.2598215e-12,1.3858923e-11,-27.733837,2.2911708,0.7637236,0.17600001,0.0,0.16663073,21.090069,21.12007,2256000
hardzero_plus_depr__c0p54__z1p05__lam0p030__nu0p50__psi1p00,hardzero_plus_depr,0.02,41,705,0.0,1,0.5063389,0.5063389,1.1171669,0.0,0.076354235,0.0,0.0,1.3449321e-11,-28.109896,2.4578161,0.81927204,0.072000004,0.0,0.16073602,21.12007,21.15007,2259200
hardzero_plus_depr__c0p54__z1p05__lam0p030__nu0p50__psi1p00,hardzero_plus_depr,0.02,41,706,0.0,1,0.5063389,0.5063389,1.1085719,0.0,0.07788039,0.0,0.0,1.30518235e-11,-28.559216,2.438907,0.81296897,0.136,0.0,0.18145931,21.15007,21.18007,2262400
hardzero_plus_depr__c0p54__z1p05__lam0p030__nu0p50__psi1p00,hardzero_plus_depr,0.02,41,707,0.0,1,0.5063389,0.5063389,1.0075512,0.09827631,0.09827631,1.0,1.2447752e-12,1.2666076e-11,-26.784977,2.216657,0.73888564,0.18400002,0.0,0.16294427,21.18007,21.210072,2265600
hardzero_plus_depr__c0p54__z1p05__lam0p030__nu0p50__psi1p00,hardzero_plus_depr,0.02,41,708,0.0,1,0.5063389,0.5063389,1.0151403,0.09657388,0.09657388,1.0,1.1870599e-12,1.22917275e-11,-26.921637,2.2333531,0.74445105,0.14400001,0.0,0.16012223,21.210072,21.240072,2268800
hardzero_plus_depr__c0p54__z1p05__lam0p030__nu0p50__psi1p00,hardzero_plus_depr,0.02,41,709,0.0,1,0.5063389,0.5063389,1.0196507,0.0955761,0.0955761,1.0,1.1400741e-12,1.1928444e-11,-26.862467,2.2432764,0.7477588,0.18400002,0.0,0.15187943,21.240072,21.270073,2272000
hardzero_plus_depr__c0p54__z1p05__lam0p030__nu0p50__psi1p00,hardzero_plus_depr,0.02,41,710,0.0,1,0.5063389,0.5063389,1.0008119,0.09981322,0.09981322,1.0,1.1554276e-12,1.1575897e-11,-26.8276,2.2018301,0.7339434,0.24000001,0.0,0.16475436,21.270073,21.300074,2275200
hardzero_plus_depr__c0p54__z1p05__lam0p030__nu0p50__psi1p00,hardzero_plus_depr,0.02,41,711,0.0,1,0.5063389,0.5063389,1.029653,0.093400024,0.093400024,1.0,1.0492344e-12,1.123377e-11,-26.521639,2.2652817,0.75509393,0.16800001,0.0,0.13287598,21.300074,21.330074,2278400
hardzero_plus_depr__c0p54__z1p05__lam0p030__nu0p50__psi1p00,hardzero_plus_depr,0.02,41,712,0.0,1,0.5063389,0.5063389,1.0203885,0.095413856,0.095413856,1.0,1.0401785e-12,1.0901755e-11,-26.490232,2.2448995,0.74829984,0.120000005,0.0,0.13586783,21.330074,21.360075,2281600
hardzero_plus_depr__c0p54__z1p05__lam0p030__nu0p50__psi1p00,hardzero_plus_depr,0.02,41,713,0.0,1,0.5063389,0.5063389,1.0491956,0.089290306,0.089290306,1.0,9.446514e-13,1.0579551e-11,-27.62684,2.3082764,0.7694255,0.18400002,0.0,0.16430318,21.360075,21.390076,2284800
hardzero_plus_depr__c0p54__z1p05__lam0p030__nu0p50__psi1p00,hardzero_plus_depr,0.02,41,714,0.0,1,0.5063389,0.5063389,1.0240318,0.094616786,0.094616786,1.0,9.714185e-13,1.0266872e-11,-27.235247,2.252915,0.7509717,0.120000005,0.0,0.16717243,21.390076,21.420076,2288000
hardzero_plus_depr__c0p54__z1p05__lam0p030__nu0p50__psi1p00,hardzero_plus_depr,0.02,41,715,0.0,1,0.5063389,0.5063389,1.0116639,0.09735003,0.09735003,1.0,9.699405e-13,9.963433e-12,-26.870224,2.2257051,0.74190176,0.14999999,0.0,0.13219185,21.420076,21.450077,2291200
hardzero_plus_depr__c0p54__z1p05__lam0p030__nu0p50__psi1p00,hardzero_plus_depr,0.02,41,716,0.0,1,0.5063389,0.5063389,0.9981264,0.10043235,0.10043235,1.0,9.710765e-13,9.668962e-12,-26.87368,2.195922,0.731974,0.14400001,0.0,0.16895548,21.450077,21.480078,2294400
hardzero_plus_depr__c0p54__z1p05__lam0p030__nu0p50__psi1p00,hardzero_plus_depr,0.02,41,717,0.0,1,0.5063389,0.5063389,1.0229332,0.09485643,0.09485643,1.0,8.9005653e-13,9.3831965e-12,-26.649082,2.250498,0.75016606,0.17600001,0.0,0.16454598,21.480078,21.510078,2297600
hardzero_plus_depr__c0p54__z1p05__lam0p030__nu0p50__psi1p00,hardzero_plus_depr,0.02,41,718,0.0,1,0.5063389,0.5063389,1.0846252,0.0,0.08229524,0.0,0.0,9.105874e-12,-28.59967,2.386223,0.7954077,0.128,0.0,0.16857974,21.510078,21.54008,2300800
hardzero_plus_depr__c0p54__z1p05__lam0p030__nu0p50__psi1p00,hardzero_plus_depr,0.02,41,719,0.0,1,0.5063389,0.5063389,0.9595389,0.10976429,0.10976429,1.0,9.699595e-13,8.836748e-12,-25.973564,2.1110277,0.7036759,0.2,0.0,0.1580586,21.54008,21.57008,2304000
hardzero_plus_depr__c0p54__z1p05__lam0p030__nu0p50__psi1p00,hardzero_plus_depr,0.02,41,720,0.0,1,0.5063389,0.5063389,0.9744122,0.10606882,0.10606882,1.0,9.096013e-13,8.575577e-12,-25.9966,2.1437497,0.7145833,0.15200001,0.0,0.14050253,21.57008,21.60008,2307200
hardzero_plus_depr__c0p54__z1p05__lam0p030__nu0p50__psi1p00,hardzero_plus_depr,0.02,41,721,0.0,1,0.5063389,0.5063389,1.0586458,0.0,0.087368354,0.0,0.0,8.322125e-12,-27.993511,2.3290675,0.77635586,0.14400001,0.0,0.18217346,21.60008,21.630081,2310400
hardzero_plus_depr__c0p54__z1p05__lam0p030__nu0p50__psi1p00,hardzero_plus_depr,0.02,41,722,0.0,1,0.5063389,0.5063389,1.0428267,0.09060941,0.09060941,1.0,7.3177646e-13,8.076164e-12,-27.629456,2.2942643,0.7647548,0.136,0.0,0.18165362,21.630081,21.660082,2313600
hardzero_plus_depr__c0p54__z1p05__lam0p030__nu0p50__psi1p00,hardzero_plus_depr,0.02,41,723,0.0,1,0.5063389,0.5063389,1.021492,0.09517174,0.09517174,1.0,7.459059e-13,7.837472e-12,-27.716698,2.2473273,0.74910915,0.15200001,0.008,0.18696028,21.660082,21.690083,2316800
hardzero_plus_depr__c0p54__z1p05__lam0p030__nu0p50__psi1p00,hardzero_plus_depr,0.02,41,724,0.0,1,0.5063389,0.5063389,0.9765446,0.105549306,0.105549306,1.0,8.0279045e-13,7.6058335e-12,-26.123217,2.148441,0.71614707,0.224,0.0,0.12391477,21.690083,21.720083,2320000
hardzero_plus_depr__c0p54__z1p05__lam0p030__nu0p50__psi1p00,hardzero_plus_depr,0.02,41,725,0.0,1,0.5063389,0.5063389,1.0210136,0.09527663,0.09527663,1.0,7.032408e-13,7.381042e-12,-27.409615,2.2462747,0.74875826,0.120000005,0.0,0.14838158,21.720083,21.750084,2323200
hardzero_plus_depr__c0p54__z1p05__lam0p030__nu0p50__psi1p00,hardzero_plus_depr,0.02,41,726,0.0,1,0.5063389,0.5063389,1.0172404,0.09610802,0.09610802,1.0,6.884116e-13,7.1628944e-12,-26.40935,2.2379735,0.7459912,0.14400001,0.0,0.1403389,21.750084,21.780085,2326400
hardzero_plus_depr__c0p54__z1p05__lam0p030__nu0p50__psi1p00,hardzero_plus_depr,0.02,41,727,0.0,1,0.5063389,0.5063389,0.9690827,0.10737848,0.10737848,1.0,7.464087e-13,6.9511944e-12,-26.000565,2.1320245,0.7106749,0.136,0.0,0.15495609,21.780085,21.810085,2329600
hardzero_plus_depr__c0p54__z1p05__lam0p030__nu0p50__psi1p00,hardzero_plus_depr,0.02,41,728,0.0,1,0.5063389,0.5063389,1.0346241,0.09233702,0.09233702,1.0,6.2288255e-13,6.745751e-12,-28.551945,2.2762184,0.7587395,0.17,0.0,0.16509773,21.810085,21.840086,2332800
hardzero_plus_depr__c0p54__z1p05__lam0p030__nu0p50__psi1p00,hardzero_plus_depr,0.02,41,729,0.0,1,0.5063389,0.5063389,1.0486743,0.089397565,0.089397565,1.0,5.852304e-13,6.5463793e-12,-28.335398,2.3071296,0.7690432,0.128,0.0,0.19558637,21.840086,21.870087,2336000
hardzero_plus_depr__c0p54__z1p05__lam0p030__nu0p50__psi1p00,hardzero_plus_depr,0.02,41,730,0.0,1,0.5063389,0.5063389,1.0588816,0.0,0.08732092,0.0,0.0,6.3529004e-12,-27.494276,2.329586,0.7765287,0.120000005,0.0,0.15478592,21.870087,21.900087,2339200
hardzero_plus_depr__c0p54__z1p05__lam0p030__nu0p50__psi1p00,hardzero_plus_depr,0.02,41,731,0.0,1,0.5063389,0.5063389,1.0282441,0.09370349,0.09370349,1.0,5.776951e-13,6.1651396e-12,-27.126694,2.2621822,0.75406075,0.16800001,0.0,0.15227829,21.900087,21.930088,2342400
hardzero_plus_depr__c0p54__z1p05__lam0p030__nu0p50__psi1p00,hardzero_plus_depr,0.02,41,732,0.0,1,0.5063389,0.5063389,1.03091,0.093130074,0.093130074,1.0,5.571905e-13,5.9829277e-12,-27.608738,2.2680473,0.7560158,0.128,0.0,0.15411472,21.930088,21.960089,2345600
hardzero_plus_depr__c0p54__z1p05__lam0p030__nu0p50__psi1p00,hardzero_plus_depr,0.02,41,733,0.0,1,0.5063389,0.5063389,1.0345055,0.09236225,0.09236225,1.0,5.362645e-13,5.806101e-12,-27.357193,2.2759576,0.75865257,0.14400001,0.0,0.14576416,21.960089,21.99009,2348800
hardzero_plus_depr__c0p54__z1p05__lam0p030__nu0p50__psi1p00,hardzero_plus_depr,0.02,41,734,0.0,1,0.5063389,0.5063389,1.0159703,0.09638947,0.09638947,1.0,5.4310663e-13,5.6345015e-12,-27.007208,2.2351794,0.74505985,0.208,0.0,0.16401795,21.99009,22.02009,2352000
hardzero_plus_depr__c0p54__z1p05__lam0p030__nu0p50__psi1p00,hardzero_plus_depr,0.02,41,735,0.0,1,0.5063389,0.5063389,1.0543697,0.0,0.08823286,0.0,0.0,5.4679733e-12,-27.55332,2.3196597,0.77321994,0.136,0.0,0.17663924,22.02009,22.05009,2355200
hardzero_plus_depr__c0p54__z1p05__lam0p030__nu0p50__psi1p00,hardzero_plus_depr,0.02,41,736,0.0,1,0.5063389,0.5063389,1.0021708,0.099501394,0.099501394,1.0,5.2799085e-13,5.3063665e-12,-26.833643,2.20482,0.73494,0.16000001,0.0,0.13126764,22.05009,22.080091,2358400
hardzero_plus_depr__c0p54__z1p05__lam0p030__nu0p50__psi1p00,hardzero_plus_depr,0.02,41,737,0.0,1,0.5063389,0.5063389,1.0333494,0.09260844,0.09260844,1.0,4.768905e-13,5.149536e-12,-26.604187,2.2734141,0.75780475,0.14400001,0.0,0.1681941,22.080091,22.110092,2361600
hardzero_plus_depr__c0p54__z1p05__lam0p030__nu0p50__psi1p00,hardzero_plus_depr,0.02,41,738,0.0,1,0.5063389,0.5063389,1.0559502,0.0,0.08791234,0.0,0.0,4.9973406e-12,-27.801414,2.3231368,0.77437896,0.096,0.0,0.1688434,22.110092,22.140093,2364800
hardzero_plus_depr__c0p54__z1p05__lam0p030__nu0p50__psi1p00,hardzero_plus_depr,0.02,41,739,0.0,1,0.5063389,0.5063389,0.99012595,0.102299616,0.102299616,1.0,4.961167e-13,4.849644e-12,-27.099564,2.1783206,0.7261069,0.24800001,0.0,0.18379237,22.140093,22.170094,2368000
hardzero_plus_depr__c0p54__z1p05__lam0p030__nu0p50__psi1p00,hardzero_plus_depr,0.02,41,740,0.0,1,0.5063389,0.5063389,1.1230638,0.0,0.0753245,0.0,0.0,4.7063117e-12,-28.654652,2.4707897,0.8235966,0.104,0.0,0.14860389,22.170094,22.200094,2371200
hardzero_plus_depr__c0p54__z1p05__lam0p030__nu0p50__psi1p00,hardzero_plus_depr,0.02,41,741,0.0,1,0.5063389,0.5063389,1.034408,0.092383,0.092383,1.0,4.219331e-13,4.567216e-12,-26.446785,2.275743,0.75858104,0.19,0.0,0.12852128,22.200094,22.230095,2374400
hardzero_plus_depr__c0p54__z1p05__lam0p030__nu0p50__psi1p00,hardzero_plus_depr,0.02,41,742,0.0,1,0.5063389,0.5063389,0.9854446,0.10340829,0.10340829,1.0,4.583295e-13,4.4322315e-12,-26.46974,2.1680214,0.72267383,0.136,0.0,0.1361156,22.230095,22.260096,2377600
hardzero_plus_depr__c0p54__z1p05__lam0p030__nu0p50__psi1p00,hardzero_plus_depr,0.02,41,743,0.0,1,0.5063389,0.5063389,1.039396,0.091327995,0.091327995,1.0,3.928233e-13,4.3012365e-12,-26.991997,2.286717,0.762239,0.136,0.0,0.15723686,22.260096,22.290096,2380800
hardzero_plus_depr__c0p54__z1p05__lam0p030__nu0p50__psi1p00,hardzero_plus_depr,0.02,41,744,0.0,1,0.5063389,0.5063389,1.0402718,0.09114403,0.09114403,1.0,3.8044543e-13,4.1741124e-12,-27.792261,2.2886436,0.7628812,0.2,0.0,0.16215812,22.290096,22.320097,2384000
hardzero_plus_depr__c0p54__z1p05__lam0p030__nu0p50__psi1p00,hardzero_plus_depr,0.02,41,745,0.0,1,0.5063389,0.5063389,1.0247066,0.09446988,0.09446988,1.0,3.8267352e-13,4.0507463e-12,-27.490711,2.2543995,0.7514665,0.16000001,0.0,0.19846354,22.320097,22.350098,2387200
hardzero_plus_depr__c0p54__z1p05__lam0p030__nu0p50__psi1p00,hardzero_plus_depr,0.02,41,746,0.0,1,0.5063389,0.5063389,1.0518653,0.0,0.08874311,0.0,0.0,3.9310256e-12,-27.504774,2.3141499,0.7713833,0.14400001,0.0,0.17329891,22.350098,22.380098,2390400
hardzero_plus_depr__c0p54__z1p05__lam0p030__nu0p50__psi1p00,hardzero_plus_depr,0.02,41,747,0.0,1,0.5063389,0.5063389,0.9913399,0.10201407,0.10201407,1.0,3.8916776e-13,3.814844e-12,-26.322445,2.1809914,0.72699714,0.15200001,0.0,0.14282237,22.380098,22.410099,2393600
hardzero_plus_depr__c0p54__z1p05__lam0p030__nu0p50__psi1p00,hardzero_plus_depr,0.02,41,748,0.0,1,0.5063389,0.5063389,1.0534238,0.0,0.088425234,0.0,0.0,3.702096e-12,-28.231646,2.3175786,0.7725262,0.14400001,0.0,0.16386855,22.410099,22.4401,2396800
hardzero_plus_depr__c0p54__z1p05__lam0p030__nu0p50__psi1p00,hardzero_plus_depr,0.02,41,749,0.0,1,0.5063389,0.5063389,1.0136775,0.09689971,0.09689971,1.0,3.4812962e-13,3.5926798e-12,-26.217505,2.230135,0.74337834,0.17600001,0.0,0.13330323,22.4401,22.4701,2400000
hardzero_plus_depr__c0p54__z1p05__lam0p030__nu0p50__psi1p00,hardzero_plus_depr,0.02,41,750,0.0,1,0.5063389,0.5063389,1.0937521,0.0,0.08058382,0.0,0.0,3.4864978e-12,-28.955574,2.4063027,0.8021009,0.136,0.0,0.17033683,22.4701,22.500101,2403200
hardzero_plus_depr__c0p54__z1p05__lam0p030__nu0p50__psi1p00,hardzero_plus_depr,0.02,41,751,0.0,1,0.5063389,0.5063389,1.0794506,0.0,0.083281666,0.0,0.0,3.3834537e-12,-28.509335,2.3748388,0.791613,0.080000006,0.0,0.14911795,22.500101,22.530102,2406400
hardzero_plus_depr__c0p54__z1p05__lam0p030__nu0p50__psi1p00,hardzero_plus_depr,0.02,41,752,0.0,1,0.5063389,0.5063389,1.0700202,0.0,0.085109845,0.0,0.0,3.2834553e-12,-27.831877,2.3540914,0.7846972,0.17600001,0.0,0.14942385,22.530102,22.560102,2409600
hardzero_plus_depr__c0p54__z1p05__lam0p030__nu0p50__psi1p00,hardzero_plus_depr,0.02,41,753,0.0,1,0.5063389,0.5063389,1.0453784,0.09007859,0.09007859,1.0,2.8702756e-13,3.1864125e-12,-28.393917,2.2998786,0.76662624,0.2,0.0,0.15231158,22.560102,22.590103,2412800
hardzero_plus_depr__c0p54__z1p05__lam0p030__nu0p50__psi1p00,hardzero_plus_depr,0.02,41,754,0.0,1,0.5063389,0.5063389,1.0840986,0.0,0.082395114,0.0,0.0,3.0922374e-12,-28.044254,2.3850644,0.7950215,0.21,0.0,0.18307543,22.590103,22.620104,2416000
hardzero_plus_depr__c0p54__z1p05__lam0p030__nu0p50__psi1p00,hardzero_plus_depr,0.02,41,755,0.0,1,0.5063389,0.5063389,1.0206822,0.09534934,0.09534934,1.0,2.8612868e-13,3.0008459e-12,-27.136116,2.2455456,0.74851525,0.16800001,0.0,0.18429644,22.620104,22.650105,2419200
hardzero_plus_depr__c0p54__z1p05__lam0p030__nu0p50__psi1p00,hardzero_plus_depr,0.02,41,756,0.0,1,0.5063389,0.5063389,1.0137155,0.09689123,0.09689123,1.0,2.8216237e-13,2.9121558e-12,-26.958597,2.2302186,0.74340624,0.128,0.0,0.1631293,22.650105,22.680105,2422400
hardzero_plus_depr__c0p54__z1p05__lam0p030__nu0p50__psi1p00,hardzero_plus_depr,0.02,41,757,0.0,1,0.5063389,0.5063389,1.024276,0.09456358,0.09456358,1.0,2.6724486e-13,2.8260866e-12,-27.827745,2.2534523,0.7511508,0.2,0.0,0.14761862,22.680105,22.710106,2425600
hardzero_plus_depr__c0p54__z1p05__lam0p030__nu0p50__psi1p00,hardzero_plus_depr,0.02,41,758,0.0,1,0.5063389,0.5063389,1.0543872,0.0,0.088229276,0.0,0.0,2.7425612e-12,-28.514395,2.319698,0.7732327,0.17600001,0.0,0.17831248,22.710106,22.740107,2428800
hardzero_plus_depr__c0p54__z1p05__lam0p030__nu0p50__psi1p00,hardzero_plus_depr,0.02,41,759,0.0,1,0.5063389,0.5063389,1.0419943,0.090783246,0.090783246,1.0,2.4161998e-13,2.6615043e-12,-26.809195,2.2924333,0.7641444,0.104,0.0,0.17436235,22.740107,22.770107,2432000
hardzero_plus_depr__c0p54__z1p05__lam0p030__nu0p50__psi1p00,hardzero_plus_depr,0.02,41,760,0.0,1,0.5063389,0.5063389,1.0752147,0.0,0.084097914,0.0,0.0,2.582843e-12,-28.158152,2.3655198,0.7885066,0.112,0.0,0.1725289,22.770107,22.800108,2435200
hardzero_plus_depr__c0p54__z1p05__lam0p030__nu0p50__psi1p00,hardzero_plus_depr,0.02,41,761,0.0,1,0.5063389,0.5063389,0.99012476,0.102299914,0.102299914,1.0,2.5641544e-13,2.506507e-12,-26.319023,2.178318,0.72610605,0.2,0.0,0.1485552,22.800108,22.830109,2438400
hardzero_plus_depr__c0p54__z1p05__lam0p030__nu0p50__psi1p00,hardzero_plus_depr,0.02,41,762,0.0,1,0.5063389,0.5063389,1.0321501,0.09286452,0.09286452,1.0,2.2588618e-13,2.432427e-12,-27.895607,2.2707756,0.7569252,0.15200001,0.0,0.1805129,22.830109,22.86011,2441600
hardzero_plus_depr__c0p54__z1p05__lam0p030__nu0p50__psi1p00,hardzero_plus_depr,0.02,41,763,0.0,1,0.5063389,0.5063389,0.9858328,0.1033159,0.1033159,1.0,2.4388087e-13,2.3605358e-12,-26.449635,2.1688755,0.7229585,0.208,0.0,0.15645856,22.86011,22.89011,2444800
hardzero_plus_depr__c0p54__z1p05__lam0p030__nu0p50__psi1p00,hardzero_plus_depr,0.02,41,764,0.0,1,0.5063389,0.5063389,1.0161994,0.09633867,0.09633867,1.0,2.2068975e-13,2.2907702e-12,-27.015419,2.2356832,0.74522775,0.16800001,0.0,0.15769047,22.89011,22.92011,2448000
hardzero_plus_depr__c0p54__z1p05__lam0p030__nu0p50__psi1p00,hardzero_plus_depr,0.02,41,765,0.0,1,0.5063389,0.5063389,1.0251353,0.09437668,0.09437668,1.0,2.0980563e-13,2.2230663e-12,-26.837372,2.2553427,0.7517809,0.16000001,0.0,0.15372343,22.92011,22.950111,2451200
hardzero_plus_depr__c0p54__z1p05__lam0p030__nu0p50__psi1p00,hardzero_plus_depr,0.02,41,766,0.0,1,0.5063389,0.5063389,1.0574714,0.0,0.08760493,0.0,0.0,2.157363e-12,-27.363615,2.3264835,0.7754945,0.112,0.0,0.14693746,22.950111,22.980112,2454400
hardzero_plus_depr__c0p54__z1p05__lam0p030__nu0p50__psi1p00,hardzero_plus_depr,0.02,41,767,0.0,1,0.5063389,0.5063389,1.0376898,0.091687515,0.091687515,1.0,1.9195717e-13,2.093602e-12,-28.363125,2.2829633,0.76098776,0.13,0.0,0.15566008,22.980112,23.010113,2457600
hardzero_plus_depr__c0p54__z1p05__lam0p030__nu0p50__psi1p00,hardzero_plus_depr,0.02,41,768,0.0,1,0.5063389,0.5063389,0.9685285,0.10751561,0.10751561,1.0,2.1844221e-13,2.0317255e-12,-26.3567,2.1308053,0.71026844,0.224,0.0,0.1674866,23.010113,23.040113,2460800
hardzero_plus_depr__c0p54__z1p05__lam0p030__nu0p50__psi1p00,hardzero_plus_depr,0.02,41,769,0.0,1,0.5063389,0.5063389,0.9989294,0.10024683,0.10024683,1.0,1.976544e-13,1.9716774e-12,-26.914257,2.1976886,0.7325629,0.14400001,0.0,0.16690588,23.040113,23.070114,2464000
hardzero_plus_depr__c0p54__z1p05__lam0p030__nu0p50__psi1p00,hardzero_plus_depr,0.02,41,770,0.0,1,0.5063389,0.5063389,1.087245,0.0,0.08180031,0.0,0.0,1.9134043e-12,-29.115498,2.3919866,0.7973289,0.128,0.0,0.1682206,23.070114,23.100115,2467200
hardzero_plus_depr__c0p54__z1p05__lam0p030__nu0p50__psi1p00,hardzero_plus_depr,0.02,41,771,0.0,1,0.5063389,0.5063389,1.0503097,0.0,0.08906156,0.0,0.0,1.8568532e-12,-27.63062,2.3107274,0.77024245,0.128,0.0,0.16267686,23.100115,23.130116,2470400
hardzero_plus_depr__c0p54__z1p05__lam0p030__nu0p50__psi1p00,hardzero_plus_depr,0.02,41,772,0.0,1,0.5063389,0.5063389,0.98867285,0.10264249,0.10264249,1.0,1.8495908e-13,1.8019738e-12,-26.906902,2.1751237,0.7250413,0.18400002,0.0,0.16589135,23.130116,23.160116,2473600
hardzero_plus_depr__c0p54__z1p05__lam0p030__nu0p50__psi1p00,hardzero_plus_depr,0.02,41,773,0.0,1,0.5063389,0.5063389,1.011596,0.09736526,0.09736526,1.0,1.7026422e-13,1.7487163e-12,-27.565622,2.2255557,0.7418519,0.15200001,0.0,0.19549161,23.160116,23.190117,2476800
hardzero_plus_depr__c0p54__z1p05__lam0p030__nu0p50__psi1p00,hardzero_plus_depr,0.02,41,774,0.0,1,0.5063389,0.5063389,1.0093802,0.097863264,0.097863264,1.0,1.6607715e-13,1.6970326e-12,-26.76399,2.220681,0.740227,0.17600001,0.0,0.14530084,23.190117,23.220118,2480000
hardzero_plus_depr__c0p54__z1p05__lam0p030__nu0p50__psi1p00,hardzero_plus_depr,0.02,41,775,0.0,1,0.5063389,0.5063389,0.9880653,0.10278616,0.10278616,1.0,1.6927612e-13,1.6468765e-12,-27.057323,2.173787,0.7245957,0.216,0.0,0.14599861,23.220118,23.250118,2483200
hardzero_plus_depr__c0p54__z1p05__lam0p030__nu0p50__psi1p00,hardzero_plus_depr,0.02,41,776,0.0,1,0.5063389,0.5063389,1.0559949,0.0,0.08790329,0.0,0.0,1.5982029e-12,-28.493546,2.323235,0.7744117,0.16000001,0.0,0.20154308,23.250118,23.280119,2486400
hardzero_plus_depr__c0p54__z1p05__lam0p030__nu0p50__psi1p00,hardzero_plus_depr,0.02,41,777,0.0,1,0.5063389,0.5063389,1.0466884,0.08980729,0.08980729,1.0,1.3928823e-13,1.5509679e-12,-27.501995,2.3027606,0.7675869,0.15200001,0.0,0.17748468,23.280119,23.31012,2489600
hardzero_plus_depr__c0p54__z1p05__lam0p030__nu0p50__psi1p00,hardzero_plus_depr,0.02,41,778,0.0,1,0.5063389,0.5063389,1.0479127,0.08955447,0.08955447,1.0,1.3479101e-13,1.5051288e-12,-27.685188,2.305454,0.7684847,0.15200001,0.0,0.16221122,23.31012,23.34012,2492800
hardzero_plus_depr__c0p54__z1p05__lam0p030__nu0p50__psi1p00,hardzero_plus_depr,0.02,41,779,0.0,1,0.5063389,0.5063389,1.0111883,0.097456716,0.097456716,1.0,1.4234963e-13,1.4606446e-12,-27.294653,2.2246587,0.74155295,0.17600001,0.0,0.15401383,23.34012,23.370121,2496000
hardzero_plus_depr__c0p54__z1p05__lam0p030__nu0p50__psi1p00,hardzero_plus_depr,0.02,41,780,0.0,1,0.5063389,0.5063389,1.035394,0.09217348,0.09217348,1.0,1.3065359e-13,1.4174749e-12,-28.052746,2.2779121,0.75930405,0.13,0.0,0.13875812,23.370121,23.400122,2499200
hardzero_plus_depr__c0p54__z1p05__lam0p030__nu0p50__psi1p00,hardzero_plus_depr,0.02,41,781,0.0,1,0.5063389,0.5063389,1.0676707,0.0,0.08557153,0.0,0.0,1.3755813e-12,-28.219685,2.3489225,0.7829742,0.096,0.0,0.16446424,23.400122,23.430122,2502400
hardzero_plus_depr__c0p54__z1p05__lam0p030__nu0p50__psi1p00,hardzero_plus_depr,0.02,41,782,0.0,1,0.5063389,0.5063389,1.0732204,0.0,0.08448501,0.0,0.0,1.3349259e-12,-28.222918,2.361132,0.787044,0.15200001,0.0,0.16883665,23.430122,23.460123,2505600
hardzero_plus_depr__c0p54__z1p05__lam0p030__nu0p50__psi1p00,hardzero_plus_depr,0.02,41,783,0.0,1,0.5063389,0.5063389,1.0679479,0.0,0.08551693,0.0,0.0,1.2954719e-12,-27.827929,2.3495321,0.7831774,0.136,0.0,0.17725326,23.460123,23.490124,2508800
hardzero_plus_depr__c0p54__z1p05__lam0p030__nu0p50__psi1p00,hardzero_plus_depr,0.02,41,784,0.0,1,0.5063389,0.5063389,1.0051258,0.09882669,0.09882669,1.0,1.2424333e-13,1.257184e-12,-26.731152,2.2113209,0.737107,0.096,0.0,0.15799275,23.490124,23.520124,2512000
hardzero_plus_depr__c0p54__z1p05__lam0p030__nu0p50__psi1p00,hardzero_plus_depr,0.02,41,785,0.0,1,0.5063389,0.5063389,1.0394084,0.09132538,0.09132538,1.0,1.114195e-13,1.2200278e-12,-27.555426,2.2867444,0.76224816,0.16000001,0.0,0.1643322,23.520124,23.550125,2515200
hardzero_plus_depr__c0p54__z1p05__lam0p030__nu0p50__psi1p00,hardzero_plus_depr,0.02,41,786,0.0,1,0.5063389,0.5063389,1.0485724,0.08941854,0.08941854,1.0,1.0586884e-13,1.1839697e-12,-27.46847,2.3069055,0.7689685,0.18400002,0.0,0.16557492,23.550125,23.580126,2518400
hardzero_plus_depr__c0p54__z1p05__lam0p030__nu0p50__psi1p00,hardzero_plus_depr,0.02,41,787,0.0,1,0.5063389,0.5063389,1.0299984,0.093325764,0.093325764,1.0,1.0722918e-13,1.1489773e-12,-26.750223,2.2660418,0.75534725,0.128,0.0,0.13787507,23.580126,23.610126,2521600
hardzero_plus_depr__c0p54__z1p05__lam0p030__nu0p50__psi1p00,hardzero_plus_depr,0.02,41,788,0.0,1,0.5063389,0.5063389,0.9547203,0.11098892,0.11098892,1.0,1.2375478e-13,1.1150192e-12,-26.066517,2.1004267,0.70014226,0.2,0.0,0.13944963,23.610126,23.640127,2524800
hardzero_plus_depr__c0p54__z1p05__lam0p030__nu0p50__psi1p00,hardzero_plus_depr,0.02,41,789,0.0,1,0.5063389,0.5063389,1.0466908,0.08980679,0.08980679,1.0,9.717675e-14,1.0820647e-12,-27.744831,2.3027658,0.7675886,0.208,0.0,0.14848582,23.640127,23.670128,2528000
hardzero_plus_depr__c0p54__z1p05__lam0p030__nu0p50__psi1p00,hardzero_plus_depr,0.02,41,790,0.0,1,0.5063389,0.5063389,1.0832196,0.0,0.08256202,0.0,0.0,1.0500841e-12,-28.875923,2.3831308,0.79437697,0.14400001,0.0,0.19109258,23.670128,23.700129,2531200
hardzero_plus_depr__c0p54__z1p05__lam0p030__nu0p50__psi1p00,hardzero_plus_depr,0.02,41,791,0.0,1,0.5063389,0.5063389,0.9974936,0.10057878,0.10057878,1.0,1.02494666e-13,1.0190487e-12,-27.33912,2.1945298,0.7315099,0.15200001,0.0,0.19852403,23.700129,23.73013,2534400
hardzero_plus_depr__c0p54__z1p05__lam0p030__nu0p50__psi1p00,hardzero_plus_depr,0.02,41,792,0.0,1,0.5063389,0.5063389,1.0707719,0.0,0.08496265,0.0,0.0,9.889305e-13,-28.08428,2.3557453,0.78524846,0.18400002,0.0,0.1720813,23.73013,23.76013,2537600
hardzero_plus_depr__c0p54__z1p05__lam0p030__nu0p50__psi1p00,hardzero_plus_depr,0.02,41,793,0.0,1,0.5063389,0.5063389,1.0240736,0.094607666,0.094607666,1.0,9.0795223e-14,9.597026e-13,-27.722834,2.253007,0.7510023,0.16,0.0,0.15363915,23.76013,23.79013,2540800
hardzero_plus_depr__c0p54__z1p05__lam0p030__nu0p50__psi1p00,hardzero_plus_depr,0.02,41,794,0.0,1,0.5063389,0.5063389,1.0307842,0.09315706,0.09315706,1.0,8.676075e-14,9.313384e-13,-26.229372,2.2677705,0.7559235,0.16000001,0.0,0.14281085,23.79013,23.820131,2544000
hardzero_plus_depr__c0p54__z1p05__lam0p030__nu0p50__psi1p00,hardzero_plus_depr,0.02,41,795,0.0,1,0.5063389,0.5063389,1.0937554,0.0,0.08058322,0.0,0.0,9.038126e-13,-28.208498,2.4063098,0.8021033,0.128,0.0,0.15970303,23.820131,23.850132,2547200
hardzero_plus_depr__c0p54__z1p05__lam0p030__nu0p50__psi1p00,hardzero_plus_depr,0.02,41,796,0.0,1,0.5063389,0.5063389,0.96315163,0.108854994,0.108854994,1.0,9.547675e-14,8.771003e-13,-26.7094,2.1189759,0.7063253,0.15200001,0.0,0.15101656,23.850132,23.880133,2550400
hardzero_plus_depr__c0p54__z1p05__lam0p030__nu0p50__psi1p00,hardzero_plus_depr,0.02,41,797,0.0,1,0.5063389,0.5063389,0.95976454,0.10970729,0.10970729,1.0,9.338037e-14,8.511774e-13,-26.290464,2.111524,0.7038414,0.16000001,0.0,0.14063856,23.880133,23.910133,2553600
hardzero_plus_depr__c0p54__z1p05__lam0p030__nu0p50__psi1p00,hardzero_plus_depr,0.02,41,798,0.0,1,0.5063389,0.5063389,1.0397675,0.09124992,0.09124992,1.0,7.537434e-14,8.2602084e-13,-27.29776,2.2875342,0.76251143,0.16800001,0.0,0.14902107,23.910133,23.940134,2556800
hardzero_plus_depr__c0p54__z1p05__lam0p030__nu0p50__psi1p00,hardzero_plus_depr,0.02,41,799,0.0,1,0.5063389,0.5063389,1.0394053,0.09132603,0.09132603,1.0,7.320765e-14,8.016077e-13,-27.40146,2.2867374,0.76224583,0.128,0.0,0.15061648,23.940134,23.970135,2560000
hardzero_plus_depr__c0p54__z1p05__lam0p030__nu0p50__psi1p00,hardzero_plus_depr,0.02,41,800,0.0,1,0.5063389,0.5063389,0.97781503,0.10524101,0.10524101,1.0,8.186867e-14,7.7791603e-13,-26.62349,2.151236,0.7170787,0.16000001,0.0,0.16307577,23.970135,24.000135,2563200
hardzero_plus_depr__c0p54__z1p05__lam0p030__nu0p50__psi1p00,hardzero_plus_depr,0.02,41,801,0.0,1,0.5063389,0.5063389,1.0517367,0.0,0.0887694,0.0,0.0,7.5492466e-13,-27.619644,2.3138669,0.771289,0.120000005,0.0,0.15372798,24.000135,24.030136,2566400
hardzero_plus_depr__c0p54__z1p05__lam0p030__nu0p50__psi1p00,hardzero_plus_depr,0.02,41,802,0.0,1,0.5063389,0.5063389,1.0118343,0.09731186,0.09731186,1.0,7.1291904e-14,7.326127e-13,-26.930874,2.22608,0.7420267,0.16000001,0.0,0.14600775,24.030136,24.060137,2569600
hardzero_plus_depr__c0p54__z1p05__lam0p030__nu0p50__psi1p00,hardzero_plus_depr,0.02,41,803,0.0,1,0.5063389,0.5063389,1.04958,0.08921132,0.08921132,1.0,6.342571e-14,7.109603e-13,-27.784067,2.309122,0.7697074,0.2,0.0,0.18953693,24.060137,24.090137,2572800
hardzero_plus_depr__c0p54__z1p05__lam0p030__nu0p50__psi1p00,hardzero_plus_depr,0.02,41,804,0.0,1,0.5063389,0.5063389,0.9694982,0.10727579,0.10727579,1.0,7.40147e-14,6.8994783e-13,-25.77259,2.1329386,0.7109796,0.17600001,0.0,0.13386372,24.090137,24.120138,2576000
hardzero_plus_depr__c0p54__z1p05__lam0p030__nu0p50__psi1p00,hardzero_plus_depr,0.02,41,805,0.0,1,0.5063389,0.5063389,1.0744992,0.0,0.08423658,0.0,0.0,6.6955626e-13,-28.352844,2.3639455,0.78798187,0.112,0.0,0.19757898,24.120138,24.150139,2579200
hardzero_plus_depr__c0p54__z1p05__lam0p030__nu0p50__psi1p00,hardzero_plus_depr,0.02,41,806,0.0,1,0.5063389,0.5063389,1.0386277,0.0914897,0.0914897,1.0,5.944703e-14,6.4976746e-13,-27.112604,2.2850268,0.7616756,0.19,0.0,0.15597342,24.150139,24.18014,2582400
hardzero_plus_depr__c0p54__z1p05__lam0p030__nu0p50__psi1p00,hardzero_plus_depr,0.02,41,807,0.0,1,0.5063389,0.5063389,1.039746,0.09125442,0.09125442,1.0,5.7541706e-14,6.305635e-13,-27.262543,2.287487,0.7624957,0.16800001,0.0,0.15919757,24.18014,24.21014,2585600
hardzero_plus_depr__c0p54__z1p05__lam0p030__nu0p50__psi1p00,hardzero_plus_depr,0.02,41,808,0.0,1,0.5063389,0.5063389,0.9974555,0.10058761,0.10058761,1.0,6.155228e-14,6.1192707e-13,-26.676031,2.1944458,0.73148197,0.15200001,0.0,0.14923325,24.21014,24.24014,2588800
hardzero_plus_depr__c0p54__z1p05__lam0p030__nu0p50__psi1p00,hardzero_plus_depr,0.02,41,809,0.0,1,0.5063389,0.5063389,1.0802834,0.0,0.08312212,0.0,0.0,5.938415e-13,-28.644907,2.3766708,0.79222363,0.120000005,0.0,0.1908095,24.24014,24.270142,2592000
hardzero_plus_depr__c0p54__z1p05__lam0p030__nu0p50__psi1p00,hardzero_plus_depr,0.02,41,810,0.0,1,0.5063389,0.5063389,1.063897,0.0,0.086318314,0.0,0.0,5.762904e-13,-27.61958,2.34062,0.7802067,0.15200001,0.0,0.15106773,24.270142,24.300142,2595200
hardzero_plus_depr__c0p54__z1p05__lam0p030__nu0p50__psi1p00,hardzero_plus_depr,0.02,41,811,0.0,1,0.5063389,0.5063389,1.0189875,0.09572214,0.09572214,1.0,5.353338e-14,5.592581e-13,-27.082815,2.2418175,0.7472725,0.208,0.0,0.15486257,24.300142,24.330143,2598400
hardzero_plus_depr__c0p54__z1p05__lam0p030__nu0p50__psi1p00,hardzero_plus_depr,0.02,41,812,0.0,1,0.5063389,0.5063389,1.0741858,0.0,0.08429739,0.0,0.0,5.427291e-13,-27.94691,2.363256,0.78775203,0.16000001,0.0,0.18708776,24.330143,24.360144,2601600
hardzero_plus_depr__c0p54__z1p05__lam0p030__nu0p50__psi1p00,hardzero_plus_depr,0.02,41,813,0.0,1,0.5063389,0.5063389,1.0424446,0.09068916,0.09068916,1.0,4.7764957e-14,5.266887e-13,-27.395752,2.293424,0.76447463,0.136,0.0,0.16321597,24.360144,24.390144,2604800
hardzero_plus_depr__c0p54__z1p05__lam0p030__nu0p50__psi1p00,hardzero_plus_depr,0.02,41,814,0.0,1,0.5063389,0.5063389,0.9758075,0.105728604,0.105728604,1.0,5.4040258e-14,5.111224e-13,-26.995764,2.1468194,0.71560645,0.16000001,0.0,0.1476194,24.390144,24.420145,2608000
hardzero_plus_depr__c0p54__z1p05__lam0p030__nu0p50__psi1p00,hardzero_plus_depr,0.02,41,815,0.0,1,0.5063389,0.5063389,1.067534,0.0,0.08559846,0.0,0.0,4.9601604e-13,-27.685314,2.3486216,0.78287387,0.136,0.0,0.20109668,24.420145,24.450146,2611200
hardzero_plus_depr__c0p54__z1p05__lam0p030__nu0p50__psi1p00,hardzero_plus_depr,0.02,41,816,0.0,1,0.5063389,0.5063389,0.97926307,0.10489068,0.10489068,1.0,5.0489787e-14,4.813563e-13,-26.51356,2.1544218,0.7181406,0.18400002,0.0,0.16497125,24.450146,24.480146,2614400
hardzero_plus_depr__c0p54__z1p05__lam0p030__nu0p50__psi1p00,hardzero_plus_depr,0.02,41,817,0.0,1,0.5063389,0.5063389,1.0769548,0.0,0.08376164,0.0,0.0,4.671297e-13,-27.645357,2.369348,0.7897827,0.120000005,0.0,0.15991718,24.480146,24.510147,2617600
hardzero_plus_depr__c0p54__z1p05__lam0p030__nu0p50__psi1p00,hardzero_plus_depr,0.02,41,818,0.0,1,0.5063389,0.5063389,1.0353186,0.09218948,0.09218948,1.0,4.179167e-14,4.5332363e-13,-26.919252,2.2777464,0.75924885,0.080000006,0.0,0.14993848,24.510147,24.540148,2620800
hardzero_plus_depr__c0p54__z1p05__lam0p030__nu0p50__psi1p00,hardzero_plus_depr,0.02,41,819,0.0,1,0.5063389,0.5063389,1.0958571,0.0,0.08019417,0.0,0.0,4.3992558e-13,-28.616125,2.4109337,0.8036446,0.14,0.0,0.1615211,24.540148,24.570148,2624000
hardzero_plus_depr__c0p54__z1p05__lam0p030__nu0p50__psi1p00,hardzero_plus_depr,0.02,41,820,0.0,1,0.5063389,0.5063389,1.0563076,0.0,0.08784002,0.0,0.0,4.2692352e-13,-27.660496,2.323923,0.77464104,0.16800001,0.0,0.18855105,24.570148,24.60015,2627200
hardzero_plus_depr__c0p54__z1p05__lam0p030__nu0p50__psi1p00,hardzero_plus_depr,0.02,41,821,0.0,1,0.5063389,0.5063389,1.0786304,0.0,0.08343908,0.0,0.0,4.1430577e-13,-28.049788,2.3730342,0.79101145,0.128,0.0,0.16589321,24.60015,24.63015,2630400
hardzero_plus_depr__c0p54__z1p05__lam0p030__nu0p50__psi1p00,hardzero_plus_depr,0.02,41,822,0.0,1,0.5063389,0.5063389,1.0547577,0.0,0.08815405,0.0,0.0,4.0206087e-13,-27.696428,2.3205132,0.77350444,0.17600001,0.0,0.14381534,24.63015,24.66015,2633600
hardzero_plus_depr__c0p54__z1p05__lam0p030__nu0p50__psi1p00,hardzero_plus_depr,0.02,41,823,0.0,1,0.5063389,0.5063389,1.0271268,0.09394489,0.09394489,1.0,3.6655222e-14,3.901779e-13,-27.032705,2.2597241,0.7532414,0.16800001,0.0,0.15775608,24.66015,24.690151,2636800
hardzero_plus_depr__c0p54__z1p05__lam0p030__nu0p50__psi1p00,hardzero_plus_depr,0.02,41,824,0.0,1,0.5063389,0.5063389,1.0467166,0.08980146,0.08980146,1.0,3.400298e-14,3.7864617e-13,-27.905907,2.3028224,0.76760745,0.128,0.0,0.1607874,24.690151,24.720152,2640000
hardzero_plus_depr__c0p54__z1p05__lam0p030__nu0p50__psi1p00,hardzero_plus_depr,0.02,41,825,0.0,1,0.5063389,0.5063389,1.008863,0.09797991,0.09797991,1.0,3.600323e-14,3.6745523e-13,-27.3108,2.219543,0.73984766,0.16000001,0.0,0.1498755,24.720152,24.750153,2643200
hardzero_plus_depr__c0p54__z1p05__lam0p030__nu0p50__psi1p00,hardzero_plus_depr,0.02,41,826,0.0,1,0.5063389,0.5063389,0.9742127,0.10611756,0.10611756,1.0,3.7841e-14,3.5659507e-13,-26.290512,2.1433108,0.71443695,0.23200001,0.0,0.13866977,24.750153,24.780153,2646400
hardzero_plus_depr__c0p54__z1p05__lam0p030__nu0p50__psi1p00,hardzero_plus_depr,0.02,41,827,0.0,1,0.5063389,0.5063389,1.0654278,0.0,0.0860146,0.0,0.0,3.460558e-13,-28.192057,2.343988,0.78132933,0.18400002,0.0,0.16065556,24.780153,24.810154,2649600
hardzero_plus_depr__c0p54__z1p05__lam0p030__nu0p50__psi1p00,hardzero_plus_depr,0.02,41,828,0.0,1,0.5063389,0.5063389,1.0897815,0.0,0.081323944,0.0,0.0,3.358281e-13,-28.115583,2.3975673,0.7991891,0.136,0.0,0.1583526,24.810154,24.840155,2652800
hardzero_plus_depr__c0p54__z1p05__lam0p030__nu0p50__psi1p00,hardzero_plus_depr,0.02,41,829,0.0,1,0.5063389,0.5063389,1.0453006,0.09009472,0.09009472,1.0,2.936211e-14,3.2590263e-13,-27.560324,2.2997072,0.7665691,0.17600001,0.008,0.19824663,24.840155,24.870155,2656000
hardzero_plus_depr__c0p54__z1p05__lam0p030__nu0p50__psi1p00,hardzero_plus_depr,0.02,41,830,0.0,1,0.5063389,0.5063389,1.0622941,0.0,0.086637475,0.0,0.0,3.1627058e-13,-27.559057,2.3370938,0.7790313,0.136,0.0,0.1748241,24.870155,24.900156,2659200
hardzero_plus_depr__c0p54__z1p05__lam0p030__nu0p50__psi1p00,hardzero_plus_depr,0.02,41,831,0.0,1,0.5063389,0.5063389,0.99928856,0.10016395,0.10016395,1.0,3.0742637e-14,3.0692316e-13,-26.784973,2.1984787,0.73282623,0.16000001,0.0,0.13266128,24.900156,24.930157,2662400
hardzero_plus_depr__c0p54__z1p05__lam0p030__nu0p50__psi1p00,hardzero_plus_depr,0.02,41,832,0.0,1,0.5063389,0.5063389,1.0784044,0.0,0.08348251,0.0,0.0,2.9785197e-13,-28.22997,2.3725371,0.79084575,0.14,0.0,0.1542777,24.930157,24.960157,2665600
hardzero_plus_depr__c0p54__z1p05__lam0p030__nu0p50__psi1p00,hardzero_plus_depr,0.02,41,833,0.0,1,0.5063389,0.5063389,0.98187286,0.10426225,0.10426225,1.0,3.013689e-14,2.8904892e-13,-26.08926,2.1601634,0.7200545,0.128,0.0,0.1429985,24.960157,24.990158,2668800
hardzero_plus_depr__c0p54__z1p05__lam0p030__nu0p50__psi1p00,hardzero_plus_depr,0.02,41,834,0.0,1,0.5063389,0.5063389,1.0677468,0.0,0.08555654,0.0,0.0,2.8050606e-13,-27.637259,2.3490899,0.78303,0.14400001,0.008,0.17932941,24.990158,25.020159,2672000
hardzero_plus_depr__c0p54__z1p05__lam0p030__nu0p50__psi1p00,hardzero_plus_depr,0.02,41,835,0.0,1,0.5063389,0.5063389,1.0112704,0.09743827,0.09743827,1.0,2.6524222e-14,2.7221565e-13,-26.01401,2.2248392,0.7416131,0.14400001,0.0,0.18090215,25.020159,25.05016,2675200
hardzero_plus_depr__c0p54__z1p05__lam0p030__nu0p50__psi1p00,hardzero_plus_depr,0.02,41,836,0.0,1,0.5063389,0.5063389,1.0419897,0.0907842,0.0907842,1.0,2.398249e-14,2.641703e-13,-28.060856,2.292423,0.764141,0.2,0.0,0.17370318,25.05016,25.08016,2678400
hardzero_plus_depr__c0p54__z1p05__lam0p030__nu0p50__psi1p00,hardzero_plus_depr,0.02,41,837,0.0,1,0.5063389,0.5063389,1.0643175,0.0,0.0862348,0.0,0.0,2.563627e-13,-27.696224,2.341545,0.7805151,0.16000001,0.0,0.1499813,25.08016,25.11016,2681600
hardzero_plus_depr__c0p54__z1p05__lam0p030__nu0p50__psi1p00,hardzero_plus_depr,0.02,41,838,0.0,1,0.5063389,0.5063389,1.0009475,0.09978208,0.09978208,1.0,2.482437e-14,2.4878586e-13,-26.74263,2.2021284,0.7340428,0.2,0.0,0.16238935,25.11016,25.140162,2684800
hardzero_plus_depr__c0p54__z1p05__lam0p030__nu0p50__psi1p00,hardzero_plus_depr,0.02,41,839,0.0,1,0.5063389,0.5063389,1.0028687,0.09934164,0.09934164,1.0,2.3984348e-14,2.4143299e-13,-26.18017,2.206355,0.7354517,0.136,0.0,0.13464962,25.140162,25.170162,2688000
hardzero_plus_depr__c0p54__z1p05__lam0p030__nu0p50__psi1p00,hardzero_plus_depr,0.02,41,840,0.0,1,0.5063389,0.5063389,1.0335077,0.092574686,0.092574686,1.0,2.1690007e-14,2.342974e-13,-27.664019,2.2737625,0.75792086,0.16000001,0.0,0.17825305,25.170162,25.200163,2691200
hardzero_plus_depr__c0p54__z1p05__lam0p030__nu0p50__psi1p00,hardzero_plus_depr,0.02,41,841,0.0,1,0.5063389,0.5063389,0.98722005,0.1029864,0.1029864,1.0,2.3416295e-14,2.2737269e-13,-27.285141,2.1719275,0.72397584,0.224,0.0,0.1610976,25.200163,25.230164,2694400
hardzero_plus_depr__c0p54__z1p05__lam0p030__nu0p50__psi1p00,hardzero_plus_depr,0.02,41,842,0.0,1,0.5063389,0.5063389,1.0201247,0.095471844,0.095471844,1.0,2.1066116e-14,2.2065265e-13,-27.223778,2.2443192,0.7481064,0.136,0.0,0.15975422,25.230164,25.260164,2697600
hardzero_plus_depr__c0p54__z1p05__lam0p030__nu0p50__psi1p00,hardzero_plus_depr,0.02,41,843,0.0,1,0.5063389,0.5063389,1.0765835,0.0,0.08383328,0.0,0.0,2.1413124e-13,-27.437342,2.368531,0.78951037,0.15200001,0.0,0.16595359,25.260164,25.290165,2700800
hardzero_plus_depr__c0p54__z1p05__lam0p030__nu0p50__psi1p00,hardzero_plus_depr,0.02,41,844,0.0,1,0.5063389,0.5063389,1.0386957,0.0914754,0.0914754,1.0,1.9008822e-14,2.0780257e-13,-26.364548,2.285176,0.76172537,0.120000005,0.0,0.15647848,25.290165,25.320166,2704000
hardzero_plus_depr__c0p54__z1p05__lam0p030__nu0p50__psi1p00,hardzero_plus_depr,0.02,41,845,0.0,1,0.5063389,0.5063389,1.0573623,0.0,0.08762695,0.0,0.0,2.0166093e-13,-27.096193,2.3262436,0.7754146,0.17,0.0,0.15717895,25.320166,25.350166,2707200
hardzero_plus_depr__c0p54__z1p05__lam0p030__nu0p50__psi1p00,hardzero_plus_depr,0.02,41,846,0.0,1,0.5063389,0.5063389,1.0492735,0.0892743,0.0892743,1.0,1.7471054e-14,1.9570082e-13,-27.977434,2.3084478,0.7694826,0.14400001,0.0,0.16013335,25.350166,25.380167,2710400
hardzero_plus_depr__c0p54__z1p05__lam0p030__nu0p50__psi1p00,hardzero_plus_depr,0.02,41,847,0.0,1,0.5063389,0.5063389,1.06532,0.0,0.08603595,0.0,0.0,1.8991685e-13,-27.568686,2.3437507,0.78125024,0.14400001,0.0,0.1719888,25.380167,25.410168,2713600
hardzero_plus_depr__c0p54__z1p05__lam0p030__nu0p50__psi1p00,hardzero_plus_depr,0.02,41,848,0.0,1,0.5063389,0.5063389,0.99387765,0.1014197,0.1014197,1.0,1.869204e-14,1.8430384e-13,-26.342392,2.1865745,0.7288582,0.16800001,0.0,0.14731319,25.410168,25.440168,2716800
hardzero_plus_depr__c0p54__z1p05__lam0p030__nu0p50__psi1p00,hardzero_plus_depr,0.02,41,849,0.0,1,0.5063389,0.5063389,1.0384037,0.0915369,0.0915369,1.0,1.637199e-14,1.7885671e-13,-27.680887,2.2845337,0.76151127,0.136,0.0,0.1531116,25.440168,25.47017,2720000
hardzero_plus_depr__c0p54__z1p05__lam0p030__nu0p50__psi1p00,hardzero_plus_depr,0.02,41,850,0.0,1,0.5063389,0.5063389,1.0104904,0.09761342,0.09761342,1.0,1.6942817e-14,1.7357058e-13,-26.938166,2.2231233,0.7410411,0.136,0.0,0.1345266,25.47017,25.50017,2723200
hardzero_plus_depr__c0p54__z1p05__lam0p030__nu0p50__psi1p00,hardzero_plus_depr,0.02,41,851,0.0,1,0.5063389,0.5063389,1.0532737,0.0,0.08845581,0.0,0.0,1.6844069e-13,-27.640362,2.3172483,0.7724161,0.192,0.0,0.17845745,25.50017,25.53017,2726400
hardzero_plus_depr__c0p54__z1p05__lam0p030__nu0p50__psi1p00,hardzero_plus_depr,0.02,41,852,0.0,1,0.5063389,0.5063389,1.0469862,0.08974572,0.08974572,1.0,1.467005e-14,1.6346238e-13,-27.854614,2.3034158,0.7678053,0.128,0.0,0.16861066,25.53017,25.560171,2729600
hardzero_plus_depr__c0p54__z1p05__lam0p030__nu0p50__psi1p00,hardzero_plus_depr,0.02,41,853,0.0,1,0.5063389,0.5063389,1.0548759,0.0,0.08813007,0.0,0.0,1.5863123e-13,-27.856903,2.3207731,0.77359104,0.112,0.0,0.13580182,25.560171,25.590172,2732800
hardzero_plus_depr__c0p54__z1p05__lam0p030__nu0p50__psi1p00,hardzero_plus_depr,0.02,41,854,0.0,1,0.5063389,0.5063389,0.9945439,0.101264246,0.101264246,1.0,1.5588908e-14,1.5394286e-13,-26.603424,2.1880403,0.72934675,0.16800001,0.0,0.13958438,25.590172,25.620173,2736000
hardzero_plus_depr__c0p54__z1p05__lam0p030__nu0p50__psi1p00,hardzero_plus_depr,0.02,41,855,0.0,1,0.5063389,0.5063389,1.1068748,0.0,0.07818532,0.0,0.0,1.4939306e-13,-27.888128,2.4351733,0.8117244,0.104,0.0,0.15369162,25.620173,25.650173,2739200
hardzero_plus_depr__c0p54__z1p05__lam0p030__nu0p50__psi1p00,hardzero_plus_depr,0.02,41,856,0.0,1,0.5063389,0.5063389,1.0339522,0.09247998,0.09247998,1.0,1.3407539e-14,1.4497774e-13,-27.512989,2.2747405,0.75824684,0.216,0.0,0.1669781,25.650173,25.680174,2742400
hardzero_plus_depr__c0p54__z1p05__lam0p030__nu0p50__psi1p00,hardzero_plus_depr,0.02,41,857,0.0,1,0.5063389,0.5063389,1.0102208,0.09767404,0.09767404,1.0,1.3742043e-14,1.4069289e-13,-26.643538,2.2225301,0.7408434,0.18400002,0.0,0.14153789,25.680174,25.710175,2745600
hardzero_plus_depr__c0p54__z1p05__lam0p030__nu0p50__psi1p00,hardzero_plus_depr,0.02,41,858,0.0,1,0.5063389,0.5063389,1.1187898,0.0,0.07606944,0.0,0.0,1.365347e-13,-29.355951,2.4613867,0.8204622,0.14999999,0.0,0.17581958,25.710175,25.740175,2748800
hardzero_plus_depr__c0p54__z1p05__lam0p030__nu0p50__psi1p00,hardzero_plus_depr,0.02,41,859,0.0,1,0.5063389,0.5063389,1.0788473,0.0,0.08339743,0.0,0.0,1.3249941e-13,-28.171099,2.3735116,0.79117054,0.14400001,0.0,0.16599625,25.740175,25.770176,2752000
hardzero_plus_depr__c0p54__z1p05__lam0p030__nu0p50__psi1p00,hardzero_plus_depr,0.02,41,860,0.0,1,0.5063389,0.5063389,1.0529796,0.0,0.08851572,0.0,0.0,1.2858336e-13,-27.945702,2.3166013,0.77220047,0.128,0.0,0.17253281,25.770176,25.800177,2755200
hardzero_plus_depr__c0p54__z1p05__lam0p030__nu0p50__psi1p00,hardzero_plus_depr,0.02,41,861,0.0,1,0.5063389,0.5063389,0.94411427,0.11373279,0.11373279,1.0,1.4191928e-14,1.2478308e-13,-25.563068,2.077093,0.69236434,0.16000001,0.0,0.13490234,25.800177,25.830177,2758400
hardzero_plus_depr__c0p54__z1p05__lam0p030__nu0p50__psi1p00,hardzero_plus_depr,0.02,41,862,0.0,1,0.5063389,0.5063389,1.0236847,0.09469243,0.09469243,1.0,1.1466788e-14,1.2109508e-13,-27.032671,2.2521515,0.75071716,0.128,0.0,0.170624,25.830177,25.860178,2761600
hardzero_plus_depr__c0p54__z1p05__lam0p030__nu0p50__psi1p00,hardzero_plus_depr,0.02,41,863,0.0,1,0.5063389,0.5063389,1.011677,0.09734708,0.09734708,1.0,1.143985e-14,1.175161e-13,-26.726553,2.225734,0.74191135,0.18400002,0.0,0.16426954,25.860178,25.890179,2764800
hardzero_plus_depr__c0p54__z1p05__lam0p030__nu0p50__psi1p00,hardzero_plus_depr,0.02,41,864,0.0,1,0.5063389,0.5063389,0.99314094,0.1015919,0.1015919,1.0,1.1585835e-14,1.140429e-13,-26.025642,2.1849537,0.7283179,0.208,0.0,0.13623188,25.890179,25.92018,2768000
hardzero_plus_depr__c0p54__z1p05__lam0p030__nu0p50__psi1p00,hardzero_plus_depr,0.02,41,865,0.0,1,0.5063389,0.5063389,1.0544896,0.0,0.08820848,0.0,0.0,1.1067234e-13,-27.80117,2.3199234,0.7733078,0.16800001,0.0,0.16709842,25.92018,25.95018,2771200
hardzero_plus_depr__c0p54__z1p05__lam0p030__nu0p50__psi1p00,hardzero_plus_depr,0.02,41,866,0.0,1,0.5063389,0.5063389,1.0585694,0.0,0.087383725,0.0,0.0,1.0740141e-13,-28.3187,2.3288991,0.7762997,0.18400002,0.0,0.14754131,25.95018,25.98018,2774400
hardzero_plus_depr__c0p54__z1p05__lam0p030__nu0p50__psi1p00,hardzero_plus_depr,0.02,41,867,0.0,1,0.5063389,0.5063389,0.99356306,0.101493195,0.101493195,1.0,1.0578346e-14,1.0422715e-13,-25.26381,2.1858823,0.72862744,0.18400002,0.0,0.13784498,25.98018,26.010181,2777600
hardzero_plus_depr__c0p54__z1p05__lam0p030__nu0p50__psi1p00,hardzero_plus_depr,0.02,41,868,0.0,1,0.5063389,0.5063389,1.0737969,0.0,0.08437293,0.0,0.0,1.01146705e-13,-27.944012,2.3624003,0.78746676,0.16800001,0.0,0.14594567,26.010181,26.040182,2780800
hardzero_plus_depr__c0p54__z1p05__lam0p030__nu0p50__psi1p00,hardzero_plus_depr,0.02,41,869,0.0,1,0.5063389,0.5063389,1.0989,0.0,0.07963428,0.0,0.0,9.8157295e-14,-28.106812,2.4176283,0.80587614,0.080000006,0.0,0.16847275,26.040182,26.070183,2784000
hardzero_plus_depr__c0p54__z1p05__lam0p030__nu0p50__psi1p00,hardzero_plus_depr,0.02,41,870,0.0,1,0.5063389,0.5063389,0.9934097,0.10152903,0.10152903,1.0,9.671275e-15,9.525625e-14,-26.905025,2.185545,0.728515,0.2,0.0,0.15287708,26.070183,26.100183,2787200
hardzero_plus_depr__c0p54__z1p05__lam0p030__nu0p50__psi1p00,hardzero_plus_depr,0.02,41,871,0.0,1,0.5063389,0.5063389,1.0293299,0.09346952,0.09346952,1.0,8.64041e-15,9.2440934e-14,-26.752848,2.264571,0.754857,0.14999999,0.0,0.14917557,26.100183,26.130184,2790400
hardzero_plus_depr__c0p54__z1p05__lam0p030__nu0p50__psi1p00,hardzero_plus_depr,0.02,41,872,0.0,1,0.5063389,0.5063389,1.0192063,0.09567396,0.09567396,1.0,8.5827985e-15,8.9708826e-14,-27.379457,2.2422986,0.7474329,0.112,0.0,0.16279624,26.130184,26.160185,2793600
hardzero_plus_depr__c0p54__z1p05__lam0p030__nu0p50__psi1p00,hardzero_plus_depr,0.02,41,873,0.0,1,0.5063389,0.5063389,1.062438,0.0,0.08660879,0.0,0.0,8.705748e-14,-27.951817,2.3374102,0.7791368,0.072000004,0.0,0.15160936,26.160185,26.190186,2796800
hardzero_plus_depr__c0p54__z1p05__lam0p030__nu0p50__psi1p00,hardzero_plus_depr,0.02,41,874,0.0,1,0.5063389,0.5063389,1.0655234,0.0,0.085995674,0.0,0.0,8.4484476e-14,-28.184084,2.3441982,0.7813994,0.104,0.0,0.19770683,26.190186,26.220186,2800000
hardzero_plus_depr__c0p54__z1p05__lam0p030__nu0p50__psi1p00,hardzero_plus_depr,0.02,41,875,0.0,1,0.5063389,0.5063389,1.0512681,0.0,0.088865235,0.0,0.0,8.198753e-14,-27.883184,2.312836,0.7709453,0.112,0.0,0.17588937,26.220186,26.250187,2803200
hardzero_plus_depr__c0p54__z1p05__lam0p030__nu0p50__psi1p00,hardzero_plus_depr,0.02,41,876,0.0,1,0.5063389,0.5063389,0.94452435,0.11362547,0.11362547,1.0,9.040539e-15,7.956437e-14,-25.79801,2.077995,0.69266504,0.224,0.0,0.16357723,26.250187,26.280188,2806400
hardzero_plus_depr__c0p54__z1p05__lam0p030__nu0p50__psi1p00,hardzero_plus_depr,0.02,41,877,0.0,1,0.5063389,0.5063389,1.0909841,0.0,0.08109907,0.0,0.0,7.721285e-14,-28.835594,2.400213,0.800071,0.18400002,0.0,0.17983551,26.280188,26.310188,2809600
hardzero_plus_depr__c0p54__z1p05__lam0p030__nu0p50__psi1p00,hardzero_plus_depr,0.02,41,878,0.0,1,0.5063389,0.5063389,1.040892,0.09101396,0.09101396,1.0,6.8197494e-15,7.4930805e-14,-27.836096,2.290008,0.76333606,0.14400001,0.0,0.15767515,26.310188,26.340189,2812800
hardzero_plus_depr__c0p54__z1p05__lam0p030__nu0p50__psi1p00,hardzero_plus_depr,0.02,41,879,0.0,1,0.5063389,0.5063389,1.0654666,0.0,0.08600691,0.0,0.0,7.271621e-14,-28.641872,2.3440735,0.7813579,0.136,0.0,0.17388004,26.340189,26.37019,2816000
hardzero_plus_depr__c0p54__z1p05__lam0p030__nu0p50__psi1p00,hardzero_plus_depr,0.02,41,880,0.0,1,0.5063389,0.5063389,1.0472687,0.08968737,0.08968737,1.0,6.328975e-15,7.0567074e-14,-28.02622,2.3040373,0.76801246,0.16800001,0.0,0.19419293,26.37019,26.40019,2819200
hardzero_plus_depr__c0p54__z1p05__lam0p030__nu0p50__psi1p00,hardzero_plus_depr,0.02,41,881,0.0,1,0.5063389,0.5063389,1.0615392,0.0,0.08678824,0.0,0.0,6.8481455e-14,-27.891062,2.3354328,0.7784776,0.136,0.0,0.1477952,26.40019,26.430191,2822400
hardzero_plus_depr__c0p54__z1p05__lam0p030__nu0p50__psi1p00,hardzero_plus_depr,0.02,41,882,0.0,1,0.5063389,0.5063389,1.0230697,0.0948266,0.0948266,1.0,6.301937e-15,6.645748e-14,-27.110611,2.2507985,0.7502662,0.16800001,0.0,0.15496027,26.430191,26.460192,2825600
hardzero_plus_depr__c0p54__z1p05__lam0p030__nu0p50__psi1p00,hardzero_plus_depr,0.02,41,883,0.0,1,0.5063389,0.5063389,1.0163449,0.096306376,0.096306376,1.0,6.2111177e-15,6.449332e-14,-28.222025,2.2360034,0.7453345,0.15200001,0.0,0.1797698,26.460192,26.490192,2828800
hardzero_plus_depr__c0p54__z1p05__lam0p030__nu0p50__psi1p00,hardzero_plus_depr,0.02,41,884,0.0,1,0.5063389,0.5063389,1.0485796,0.08941706,0.08941706,1.0,5.5963645e-15,6.258721e-14,-27.68931,2.3069212,0.76897377,0.11,0.0,0.15131105,26.490192,26.520193,2832000
hardzero_plus_depr__c0p54__z1p05__lam0p030__nu0p50__psi1p00,hardzero_plus_depr,0.02,41,885,0.0,1,0.5063389,0.5063389,1.0595698,0.0,0.08718267,0.0,0.0,6.073744e-14,-28.205805,2.3311002,0.77703345,0.16800001,0.0,0.18655059,26.520193,26.550194,2835200
hardzero_plus_depr__c0p54__z1p05__lam0p030__nu0p50__psi1p00,hardzero_plus_depr,0.02,41,886,0.0,1,0.5063389,0.5063389,1.0285276,0.09364237,0.09364237,1.0,5.5194996e-15,5.894233e-14,-27.469868,2.262806,0.75426865,0.15200001,0.0,0.15565681,26.550194,26.580194,2838400
hardzero_plus_depr__c0p54__z1p05__lam0p030__nu0p50__psi1p00,hardzero_plus_depr,0.02,41,887,0.0,1,0.5063389,0.5063389,1.0370495,0.09182278,0.09182278,1.0,5.252289e-15,5.7200284e-14,-27.784838,2.2815545,0.7605182,0.136,0.0,0.1467749,26.580194,26.610195,2841600
hardzero_plus_depr__c0p54__z1p05__lam0p030__nu0p50__psi1p00,hardzero_plus_depr,0.02,41,888,0.0,1,0.5063389,0.5063389,1.1024097,0.0,0.07899329,0.0,0.0,5.5509725e-14,-28.718468,2.4253497,0.8084499,0.128,0.0,0.14827822,26.610195,26.640196,2844800
hardzero_plus_depr__c0p54__z1p05__lam0p030__nu0p50__psi1p00,hardzero_plus_depr,0.02,41,889,0.0,1,0.5063389,0.5063389,1.0563731,0.0,0.08782676,0.0,0.0,5.3869127e-14,-27.541412,2.3240674,0.77468914,0.112,0.0,0.15086433,26.640196,26.670197,2848000
hardzero_plus_depr__c0p54__z1p05__lam0p030__nu0p50__psi1p00,hardzero_plus_depr,0.02,41,890,0.0,1,0.5063389,0.5063389,1.0465113,0.08984393,0.08984393,1.0,4.6967727e-15,5.2277017e-14,-27.516525,2.3023708,0.76745695,0.16000001,0.0,0.17666212,26.670197,26.700197,2851200
hardzero_plus_depr__c0p54__z1p05__lam0p030__nu0p50__psi1p00,hardzero_plus_depr,0.02,41,891,0.0,1,0.5063389,0.5063389,1.0330374,0.09267499,0.09267499,1.0,4.7015843e-15,5.073196e-14,-27.833792,2.2727277,0.7575759,0.14400001,0.0,0.17053409,26.700197,26.730198,2854400
hardzero_plus_depr__c0p54__z1p05__lam0p030__nu0p50__psi1p00,hardzero_plus_depr,0.02,41,892,0.0,1,0.5063389,0.5063389,1.0421863,0.09074312,0.09074312,1.0,4.4675173e-15,4.9232574e-14,-26.673586,2.2928555,0.7642852,0.17600001,0.0,0.18802282,26.730198,26.760199,2857600
hardzero_plus_depr__c0p54__z1p05__lam0p030__nu0p50__psi1p00,hardzero_plus_depr,0.02,41,893,0.0,1,0.5063389,0.5063389,1.0398278,0.09123724,0.09123724,1.0,4.3590874e-15,4.77775e-14,-27.351576,2.2876668,0.7625556,0.128,0.0,0.16348433,26.760199,26.7902,2860800
hardzero_plus_depr__c0p54__z1p05__lam0p030__nu0p50__psi1p00,hardzero_plus_depr,0.02,41,894,0.0,1,0.5063389,0.5063389,1.0557271,0.0,0.0879575,0.0,0.0,4.6365428e-14,-27.619886,2.3226461,0.7742154,0.112,0.0,0.17359228,26.7902,26.8202,2864000
hardzero_plus_depr__c0p54__z1p05__lam0p030__nu0p50__psi1p00,hardzero_plus_depr,0.02,41,895,0.0,1,0.5063389,0.5063389,0.9744947,0.10604869,0.10604869,1.0,4.7716703e-15,4.499509e-14,-25.839012,2.1439312,0.7146437,0.14400001,0.0,0.14283612,26.8202,26.8502,2867200
hardzero_plus_depr__c0p54__z1p05__lam0p030__nu0p50__psi1p00,hardzero_plus_depr,0.02,41,896,0.0,1,0.5063389,0.5063389,1.0077496,0.09823142,0.09823142,1.0,4.2893e-15,4.3665253e-14,-27.543808,2.2170932,0.7390311,0.16800001,0.0,0.17460005,26.8502,26.880201,2870400
hardzero_plus_depr__c0p54__z1p05__lam0p030__nu0p50__psi1p00,hardzero_plus_depr,0.02,41,897,0.0,1,0.5063389,0.5063389,1.0509917,0.0,0.08892182,0.0,0.0,4.2374724e-14,-26.84652,2.3122277,0.7707426,0.14999999,0.0,0.14430192,26.880201,26.910202,2873600
hardzero_plus_depr__c0p54__z1p05__lam0p030__nu0p50__psi1p00,hardzero_plus_depr,0.02,41,898,0.0,1,0.5063389,0.5063389,1.0186908,0.09578758,0.09578758,1.0,3.9390086e-15,4.112233e-14,-27.135042,2.2411647,0.74705493,0.14400001,0.0,0.15765208,26.910202,26.940203,2876800
hardzero_plus_depr__c0p54__z1p05__lam0p030__nu0p50__psi1p00,hardzero_plus_depr,0.02,41,899,0.0,1,0.5063389,0.5063389,1.027085,0.09395396,0.09395396,1.0,3.7494168e-15,3.9906958e-14,-26.742493,2.2596319,0.75321066,0.18400002,0.0,0.1642142,26.940203,26.970203,2880000
hardzero_plus_depr__c0p54__z1p05__lam0p030__nu0p50__psi1p00,hardzero_plus_depr,0.02,41,900,0.0,1,0.5063389,0.5063389,1.0106174,0.097584896,0.097584896,1.0,3.779219e-15,3.8727502e-14,-26.762686,2.2234025,0.74113417,0.224,0.008,0.1731174,26.970203,27.000204,2883200
hardzero_plus_depr__c0p54__z1p05__lam0p030__nu0p50__psi1p00,hardzero_plus_depr,0.02,41,901,0.0,1,0.5063389,0.5063389,1.0272006,0.09392894,0.09392894,1.0,3.5301225e-15,3.7582906e-14,-28.014153,2.2598865,0.75329554,0.16800001,0.0,0.15859362,27.000204,27.030205,2886400
hardzero_plus_depr__c0p54__z1p05__lam0p030__nu0p50__psi1p00,hardzero_plus_depr,0.02,41,902,0.0,1,0.5063389,0.5063389,1.0527484,0.0,0.08856284,0.0,0.0,3.647214e-14,-27.910057,2.3160927,0.77203095,0.080000006,0.0,0.15369691,27.030205,27.060205,2889600
hardzero_plus_depr__c0p54__z1p05__lam0p030__nu0p50__psi1p00,hardzero_plus_depr,0.02,41,903,0.0,1,0.5063389,0.5063389,1.0676323,0.0,0.0855791,0.0,0.0,3.5394197e-14,-27.538994,2.348838,0.78294605,0.208,0.0,0.18529053,27.060205,27.090206,2892800
hardzero_plus_depr__c0p54__z1p05__lam0p030__nu0p50__psi1p00,hardzero_plus_depr,0.02,41,904,0.0,1,0.5063389,0.5063389,1.0444225,0.090277076,0.090277076,1.0,3.1008476e-15,3.4348118e-14,-27.181524,2.2977755,0.76592517,0.128,0.0,0.15759532,27.090206,27.120207,2896000
hardzero_plus_depr__c0p54__z1p05__lam0p030__nu0p50__psi1p00,hardzero_plus_depr,0.02,41,905,0.0,1,0.5063389,0.5063389,1.0317568,0.09294867,0.09294867,1.0,3.0982534e-15,3.3332952e-14,-27.362995,2.26991,0.75663674,0.192,0.0,0.1820385,27.120207,27.150208,2899200
hardzero_plus_depr__c0p54__z1p05__lam0p030__nu0p50__psi1p00,hardzero_plus_depr,0.02,41,906,0.0,1,0.5063389,0.5063389,0.9867676,0.10309376,0.10309376,1.0,3.3348555e-15,3.2347792e-14,-25.983255,2.170932,0.723644,0.14400001,0.0,0.15360728,27.150208,27.180208,2902400
hardzero_plus_depr__c0p54__z1p05__lam0p030__nu0p50__psi1p00,hardzero_plus_depr,0.02,41,907,0.0,1,0.5063389,0.5063389,1.023614,0.09470785,0.09470785,1.0,2.9730452e-15,3.1391753e-14,-27.442995,2.2519958,0.7506653,0.112,0.0,0.15712924,27.180208,27.210209,2905600
hardzero_plus_depr__c0p54__z1p05__lam0p030__nu0p50__psi1p00,hardzero_plus_depr,0.02,41,908,0.0,1,0.5063389,0.5063389,1.0035077,0.099195555,0.099195555,1.0,3.02189e-15,3.0463967e-14,-27.930906,2.207761,0.73592037,0.128,0.0,0.15803914,27.210209,27.24021,2908800
hardzero_plus_depr__c0p54__z1p05__lam0p030__nu0p50__psi1p00,hardzero_plus_depr,0.02,41,909,0.0,1,0.5063389,0.5063389,1.0043589,0.09900134,0.09900134,1.0,2.9268357e-15,2.9563598e-14,-26.352644,2.2096336,0.73654455,0.15200001,0.0,0.15603335,27.24021,27.27021,2912000
hardzero_plus_depr__c0p54__z1p05__lam0p030__nu0p50__psi1p00,hardzero_plus_depr,0.02,41,910,0.0,1,0.5063389,0.5063389,1.0384227,0.09153291,0.09153291,1.0,2.6260647e-15,2.8689843e-14,-27.046503,2.2845755,0.76152515,0.14999999,0.0,0.15448089,27.27021,27.30021,2915200
hardzero_plus_depr__c0p54__z1p05__lam0p030__nu0p50__psi1p00,hardzero_plus_depr,0.02,41,911,0.0,1,0.5063389,0.5063389,1.0497357,0.08917936,0.08917936,1.0,2.4829236e-15,2.7841909e-14,-27.869421,2.3094645,0.7698215,0.17600001,0.0,0.13992168,27.30021,27.330212,2918400
hardzero_plus_depr__c0p54__z1p05__lam0p030__nu0p50__psi1p00,hardzero_plus_depr,0.02,41,912,0.0,1,0.5063389,0.5063389,1.0093108,0.09787891,0.09787891,1.0,2.644594e-15,2.7019038e-14,-26.821245,2.2205281,0.7401761,0.128,0.0,0.14752042,27.330212,27.360212,2921600
hardzero_plus_depr__c0p54__z1p05__lam0p030__nu0p50__psi1p00,hardzero_plus_depr,0.02,41,913,0.0,1,0.5063389,0.5063389,1.0727351,0.0,0.08457945,0.0,0.0,2.6220488e-14,-28.283228,2.3600643,0.7866881,0.14400001,0.0,0.18247327,27.360212,27.390213,2924800
hardzero_plus_depr__c0p54__z1p05__lam0p030__nu0p50__psi1p00,hardzero_plus_depr,0.02,41,914,0.0,1,0.5063389,0.5063389,1.0043353,0.09900673,0.09900673,1.0,2.5192793e-15,2.5445536e-14,-26.928322,2.2095819,0.7365273,0.2,0.008,0.18502933,27.390213,27.420214,2928000
hardzero_plus_depr__c0p54__z1p05__lam0p030__nu0p50__psi1p00,hardzero_plus_depr,0.02,41,915,0.0,1,0.5063389,0.5063389,0.9948271,0.10119823,0.10119823,1.0,2.4989376e-15,2.469349e-14,-26.048264,2.1886632,0.7295544,0.136,0.0,0.16088729,27.420214,27.450214,2931200
hardzero_plus_depr__c0p54__z1p05__lam0p030__nu0p50__psi1p00,hardzero_plus_depr,0.02,41,916,0.0,1,0.5063389,0.5063389,1.0043774,0.098997146,0.098997146,1.0,2.3723352e-15,2.3963672e-14,-26.632668,2.2096744,0.73655814,0.2,0.0,0.14216912,27.450214,27.480215,2934400
hardzero_plus_depr__c0p54__z1p05__lam0p030__nu0p50__psi1p00,hardzero_plus_depr,0.02,41,917,0.0,1,0.5063389,0.5063389,1.0242705,0.09456477,0.09456477,1.0,2.1991438e-15,2.3255423e-14,-27.59654,2.2534401,0.75114673,0.18400002,0.0,0.1573333,27.480215,27.510216,2937600
hardzero_plus_depr__c0p54__z1p05__lam0p030__nu0p50__psi1p00,hardzero_plus_depr,0.02,41,918,0.0,1,0.5063389,0.5063389,1.0508054,0.0,0.088959955,0.0,0.0,2.2568104e-14,-27.613016,2.3118181,0.77060604,0.136,0.0,0.1548093,27.510216,27.540216,2940800
hardzero_plus_depr__c0p54__z1p05__lam0p030__nu0p50__psi1p00,hardzero_plus_depr,0.02,41,919,0.0,1,0.5063389,0.5063389,1.027778,0.09380413,0.09380413,1.0,2.0544136e-15,2.19011e-14,-26.871372,2.2611568,0.753719,0.192,0.0,0.1587333,27.540216,27.570217,2944000
hardzero_plus_depr__c0p54__z1p05__lam0p030__nu0p50__psi1p00,hardzero_plus_depr,0.02,41,920,0.0,1,0.5063389,0.5063389,1.0532671,0.0,0.08845714,0.0,0.0,2.1253812e-14,-27.726734,2.317234,0.77241135,0.136,0.0,0.15926522,27.570217,27.600218,2947200
hardzero_plus_depr__c0p54__z1p05__lam0p030__nu0p50__psi1p00,hardzero_plus_depr,0.02,41,921,0.0,1,0.5063389,0.5063389,1.0915693,0.0,0.08098986,0.0,0.0,2.0625652e-14,-29.404736,2.4015005,0.80050015,0.080000006,0.0,0.16763578,27.600218,27.630219,2950400
hardzero_plus_depr__c0p54__z1p05__lam0p030__nu0p50__psi1p00,hardzero_plus_depr,0.02,41,922,0.0,1,0.5063389,0.5063389,1.0014983,0.099655576,0.099655576,1.0,1.994712e-15,2.001606e-14,-26.092096,2.2033403,0.73444676,0.18400002,0.0,0.14082421,27.630219,27.66022,2953600
hardzero_plus_depr__c0p54__z1p05__lam0p030__nu0p50__psi1p00,hardzero_plus_depr,0.02,41,923,0.0,1,0.5063389,0.5063389,0.99255216,0.101729706,0.101729706,1.0,1.9760466e-15,1.942448e-14,-26.67916,2.1836584,0.72788614,0.22,0.0,0.15386017,27.66022,27.69022,2956800
hardzero_plus_depr__c0p54__z1p05__lam0p030__nu0p50__psi1p00,hardzero_plus_depr,0.02,41,924,0.0,1,0.5063389,0.5063389,1.0642678,0.0,0.08624467,0.0,0.0,1.8850388e-14,-27.653433,2.341436,0.78047866,0.128,0.0,0.17839572,27.69022,27.72022,2960000
hardzero_plus_depr__c0p54__z1p05__lam0p030__nu0p50__psi1p00,hardzero_plus_depr,0.02,41,925,0.0,1,0.5063389,0.5063389,1.005744,0.09868611,0.09868611,1.0,1.805291e-15,1.8293264e-14,-26.540977,2.2126808,0.7375603,0.2,0.0,0.1376966,27.72022,27.750221,2963200
hardzero_plus_depr__c0p54__z1p05__lam0p030__nu0p50__psi1p00,hardzero_plus_depr,0.02,41,926,0.0,1,0.5063389,0.5063389,1.049273,0.089274414,0.089274414,1.0,1.5848531e-15,1.7752601e-14,-28.27929,2.3084466,0.76948225,0.15200001,0.0,0.17868926,27.750221,27.780222,2966400
hardzero_plus_depr__c0p54__z1p05__lam0p030__nu0p50__psi1p00,hardzero_plus_depr,0.02,41,927,0.0,1,0.5063389,0.5063389,1.0235863,0.094713904,0.094713904,1.0,1.6317237e-15,1.7227922e-14,-28.242584,2.2519348,0.7506449,0.216,0.0,0.16965866,27.780222,27.810223,2969600
hardzero_plus_depr__c0p54__z1p05__lam0p030__nu0p50__psi1p00,hardzero_plus_depr,0.02,41,928,0.0,1,0.5063389,0.5063389,1.0237433,0.09467967,0.09467967,1.0,1.5829255e-15,1.6718748e-14,-27.913513,2.2522802,0.7507601,0.24800001,0.008,0.1848612,27.810223,27.840223,2972800
hardzero_plus_depr__c0p54__z1p05__lam0p030__nu0p50__psi1p00,hardzero_plus_depr,0.02,41,929,0.0,1,0.5063389,0.5063389,1.0151818,0.09656465,0.09656465,1.0,1.5667251e-15,1.6224623e-14,-27.215622,2.2334445,0.7444815,0.15200001,0.0,0.15353988,27.840223,27.870224,2976000
hardzero_plus_depr__c0p54__z1p05__lam0p030__nu0p50__psi1p00,hardzero_plus_depr,0.02,41,930,0.0,1,0.5063389,0.5063389,1.0865604,0.0,0.08192936,0.0,0.0,1.5745104e-14,-28.529556,2.3904805,0.79682684,0.14400001,0.0,0.20946771,27.870224,27.900225,2979200
hardzero_plus_depr__c0p54__z1p05__lam0p030__nu0p50__psi1p00,hardzero_plus_depr,0.02,41,931,0.0,1,0.5063389,0.5063389,1.0112722,0.09743787,0.09743787,1.0,1.4888266e-15,1.5279753e-14,-26.610813,2.2248433,0.74161446,0.18400002,0.0,0.18063338,27.900225,27.930225,2982400
hardzero_plus_depr__c0p54__z1p05__lam0p030__nu0p50__psi1p00,hardzero_plus_depr,0.02,41,932,0.0,1,0.5063389,0.5063389,1.0678205,0.0,0.085542016,0.0,0.0,1.4828159e-14,-28.455868,2.3492522,0.7830841,0.128,0.0,0.16836932,27.930225,27.960226,2985600
hardzero_plus_depr__c0p54__z1p05__lam0p030__nu0p50__psi1p00,hardzero_plus_depr,0.02,41,933,0.0,1,0.5063389,0.5063389,1.0524281,0.0,0.088628195,0.0,0.0,1.438991e-14,-28.088379,2.3153882,0.7717961,0.120000005,0.0,0.16325346,27.960226,27.990227,2988800
hardzero_plus_depr__c0p54__z1p05__lam0p030__nu0p50__psi1p00,hardzero_plus_depr,0.02,41,934,0.0,1,0.5063389,0.5063389,1.1243532,0.0,0.07510119,0.0,0.0,1.3964615e-14,-29.291069,2.4736264,0.82454216,0.16800001,0.0,0.1801905,27.990227,28.020227,2992000
hardzero_plus_depr__c0p54__z1p05__lam0p030__nu0p50__psi1p00,hardzero_plus_depr,0.02,41,935,0.0,1,0.5063389,0.5063389,1.0133908,0.0969637,0.0969637,1.0,1.3140414e-15,1.3551889e-14,-27.348736,2.229504,0.74316806,0.16000001,0.0,0.15686594,28.020227,28.050228,2995200
hardzero_plus_depr__c0p54__z1p05__lam0p030__nu0p50__psi1p00,hardzero_plus_depr,0.02,41,936,0.0,1,0.5063389,0.5063389,0.9825765,0.10409348,0.10409348,1.0,1.3689709e-15,1.3151361e-14,-26.887337,2.1617115,0.7205705,0.22,0.0,0.13524511,28.050228,28.080229,2998400
hardzero_plus_depr__c0p54__z1p05__lam0p030__nu0p50__psi1p00,hardzero_plus_depr,0.02,41,937,0.0,1,0.5063389,0.5063389,1.0507599,0.0,0.08896928,0.0,0.0,1.27626715e-14,-27.290134,2.311718,0.77057266,0.112,0.0,0.1892544,28.080229,28.11023,3001600
hardzero_plus_depr__c0p54__z1p05__lam0p030__nu0p50__psi1p00,hardzero_plus_depr,0.02,41,938,0.0,1,0.5063389,0.5063389,1.1104857,0.0,0.077537954,0.0,0.0,1.2385468e-14,-29.055964,2.4431174,0.8143725,0.15200001,0.0,0.16360688,28.11023,28.14023,3004800
hardzero_plus_depr__c0p54__z1p05__lam0p030__nu0p50__psi1p00,hardzero_plus_depr,0.02,41,939,0.0,1,0.5063389,0.5063389,1.0431288,0.0905464,0.0905464,1.0,1.0883147e-15,1.20194145e-14,-26.943882,2.2949293,0.76497644,0.096,0.0,0.15534455,28.14023,28.17023,3008000
hardzero_plus_depr__c0p54__z1p05__lam0p030__nu0p50__psi1p00,hardzero_plus_depr,0.02,41,940,0.0,1,0.5063389,0.5063389,1.0031611,0.09927478,0.09927478,1.0,1.1579588e-15,1.166418e-14,-27.172665,2.2069983,0.73566616,0.2,0.0,0.1686167,28.17023,28.200232,3011200
hardzero_plus_depr__c0p54__z1p05__lam0p030__nu0p50__psi1p00,hardzero_plus_depr,0.02,41,941,0.0,1,0.5063389,0.5063389,1.0252888,0.09434332,0.09434332,1.0,1.0679138e-15,1.13194425e-14,-26.815542,2.2556803,0.75189346,0.17600001,0.0,0.16099536,28.200232,28.230232,3014400
hardzero_plus_depr__c0p54__z1p05__lam0p030__nu0p50__psi1p00,hardzero_plus_depr,0.02,41,942,0.0,1,0.5063389,0.5063389,1.0707052,0.0,0.08497571,0.0,0.0,1.0984894e-14,-27.717384,2.3555984,0.7851995,0.17600001,0.0,0.19253242,28.230232,28.260233,3017600
hardzero_plus_depr__c0p54__z1p05__lam0p030__nu0p50__psi1p00,hardzero_plus_depr,0.02,41,943,0.0,1,0.5063389,0.5063389,1.0265255,0.09407507,0.09407507,1.0,1.0028622e-15,1.0660234e-14,-27.214245,2.2584012,0.7528004,0.112,0.0,0.16826288,28.260233,28.290234,3020800
hardzero_plus_depr__c0p54__z1p05__lam0p030__nu0p50__psi1p00,hardzero_plus_depr,0.02,41,944,0.0,1,0.5063389,0.5063389,1.0985733,0.0,0.07969419,0.0,0.0,1.0345171e-14,-28.29768,2.4169095,0.8056365,0.120000005,0.0,0.17110918,28.290234,28.320234,3024000
hardzero_plus_depr__c0p54__z1p05__lam0p030__nu0p50__psi1p00,hardzero_plus_depr,0.02,41,945,0.0,1,0.5063389,0.5063389,1.063804,0.0,0.0863368,0.0,0.0,1.0039417e-14,-28.6796,2.3404155,0.7801385,0.120000005,0.0,0.19788843,28.320234,28.350235,3027200
hardzero_plus_depr__c0p54__z1p05__lam0p030__nu0p50__psi1p00,hardzero_plus_depr,0.02,41,946,0.0,1,0.5063389,0.5063389,1.0731727,0.0,0.08449428,0.0,0.0,9.742701e-15,-27.497505,2.361027,0.787009,0.14400001,0.0,0.15510595,28.350235,28.380236,3030400
hardzero_plus_depr__c0p54__z1p05__lam0p030__nu0p50__psi1p00,hardzero_plus_depr,0.02,41,947,0.0,1,0.5063389,0.5063389,1.0753872,0.0,0.08406451,0.0,0.0,9.4547546e-15,-27.71663,2.365899,0.78863305,0.16800001,0.0,0.173968,28.380236,28.410236,3033600
hardzero_plus_depr__c0p54__z1p05__lam0p030__nu0p50__psi1p00,hardzero_plus_depr,0.02,41,948,0.0,1,0.5063389,0.5063389,1.0127031,0.09711737,0.09711737,1.0,8.910827e-16,9.1753175e-15,-27.244396,2.227991,0.74266374,0.14400001,0.0,0.14650287,28.410236,28.440237,3036800
hardzero_plus_depr__c0p54__z1p05__lam0p030__nu0p50__psi1p00,hardzero_plus_depr,0.02,41,949,0.0,1,0.5063389,0.5063389,1.0617712,0.0,0.08674187,0.0,0.0,8.90414e-15,-28.621235,2.3359432,0.7786478,0.14999999,0.0,0.1787358,28.440237,28.470238,3040000
hardzero_plus_depr__c0p54__z1p05__lam0p030__nu0p50__psi1p00,hardzero_plus_depr,0.02,41,950,0.0,1,0.5063389,0.5063389,1.0571572,0.0,0.087668344,0.0,0.0,8.640977e-15,-27.574818,2.3257923,0.77526414,0.120000005,0.0,0.16013888,28.470238,28.500238,3043200
hardzero_plus_depr__c0p54__z1p05__lam0p030__nu0p50__psi1p00,hardzero_plus_depr,0.02,41,951,0.0,1,0.5063389,0.5063389,1.0206717,0.095351666,0.095351666,1.0,7.995801e-16,8.3855914e-15,-26.55137,2.2455227,0.7485076,0.15200001,0.0,0.1319752,28.500238,28.53024,3046400
hardzero_plus_depr__c0p54__z1p05__lam0p030__nu0p50__psi1p00,hardzero_plus_depr,0.02,41,952,0.0,1,0.5063389,0.5063389,0.98981386,0.10237316,0.10237316,1.0,8.3308766e-16,8.137755e-15,-26.261583,2.177634,0.725878,0.112,0.0,0.181761,28.53024,28.56024,3049600
hardzero_plus_depr__c0p54__z1p05__lam0p030__nu0p50__psi1p00,hardzero_plus_depr,0.02,41,953,0.0,1,0.5063389,0.5063389,1.0703474,0.0,0.08504574,0.0,0.0,7.897242e-15,-28.322075,2.3548114,0.78493714,0.104,0.0,0.184882,28.56024,28.59024,3052800
hardzero_plus_depr__c0p54__z1p05__lam0p030__nu0p50__psi1p00,hardzero_plus_depr,0.02,41,954,0.0,1,0.5063389,0.5063389,1.0576458,0.0,0.087569766,0.0,0.0,7.663838e-15,-27.144222,2.3268673,0.7756225,0.16000001,0.0,0.18440664,28.59024,28.620241,3056000
hardzero_plus_depr__c0p54__z1p05__lam0p030__nu0p50__psi1p00,hardzero_plus_depr,0.02,41,955,0.0,1,0.5063389,0.5063389,1.0247563,0.09445907,0.09445907,1.0,7.025235e-16,7.437332e-15,-27.626698,2.254509,0.751503,0.17600001,0.0,0.15309219,28.620241,28.650242,3059200
hardzero_plus_depr__c0p54__z1p05__lam0p030__nu0p50__psi1p00,hardzero_plus_depr,0.02,41,956,0.0,1,0.5063389,0.5063389,1.0193628,0.095639475,0.095639475,1.0,6.9027987e-16,7.21752e-15,-27.104774,2.2426429,0.7475476,0.14400001,0.0,0.16325809,28.650242,28.680243,3062400
hardzero_plus_depr__c0p54__z1p05__lam0p030__nu0p50__psi1p00,hardzero_plus_depr,0.02,41,957,0.0,1,0.5063389,0.5063389,0.98282814,0.104033165,0.104033165,1.0,7.2866973e-16,7.004206e-15,-26.452148,2.162265,0.72075504,0.136,0.0,0.12837018,28.680243,28.710243,3065600
hardzero_plus_depr__c0p54__z1p05__lam0p030__nu0p50__psi1p00,hardzero_plus_depr,0.02,41,958,0.0,1,0.5063389,0.5063389,1.0350281,0.092251174,0.092251174,1.0,6.2704933e-16,6.7971963e-15,-27.045204,2.2771072,0.75903577,0.208,0.0,0.13922706,28.710243,28.740244,3068800
hardzero_plus_depr__c0p54__z1p05__lam0p030__nu0p50__psi1p00,hardzero_plus_depr,0.02,41,959,0.0,1,0.5063389,0.5063389,0.9846659,0.103593886,0.103593886,1.0,6.8333674e-16,6.596304e-15,-25.76637,2.1663082,0.72210276,0.24800001,0.0,0.14430596,28.740244,28.770245,3072000
hardzero_plus_depr__c0p54__z1p05__lam0p030__nu0p50__psi1p00,hardzero_plus_depr,0.02,41,960,0.0,1,0.5063389,0.5063389,0.97817665,0.1051534,0.1051534,1.0,6.731236e-16,6.401349e-15,-26.462618,2.1520317,0.7173439,0.23200001,0.008,0.16652852,28.770245,28.800245,3075200
hardzero_plus_depr__c0p54__z1p05__lam0p030__nu0p50__psi1p00,hardzero_plus_depr,0.02,41,961,0.0,1,0.5063389,0.5063389,1.0264553,0.094090275,0.094090275,1.0,5.845035e-16,6.212156e-15,-27.161835,2.2582467,0.7527489,0.136,0.0,0.15112689,28.800245,28.830246,3078400
hardzero_plus_depr__c0p54__z1p05__lam0p030__nu0p50__psi1p00,hardzero_plus_depr,0.02,41,962,0.0,1,0.5063389,0.5063389,0.98579365,0.10332521,0.10332521,1.0,6.229018e-16,6.0285554e-15,-26.586445,2.1687894,0.72292984,0.14999999,0.0,0.14516675,28.830246,28.860247,3081600
hardzero_plus_depr__c0p54__z1p05__lam0p030__nu0p50__psi1p00,hardzero_plus_depr,0.02,41,963,0.0,1,0.5063389,0.5063389,1.0023377,0.099463165,0.099463165,1.0,5.8189734e-16,5.8503803e-15,-26.338955,2.205187,0.73506236,0.192,0.0,0.122488506,28.860247,28.890247,3084800
hardzero_plus_depr__c0p54__z1p05__lam0p030__nu0p50__psi1p00,hardzero_plus_depr,0.02,41,964,0.0,1,0.5063389,0.5063389,1.039236,0.091361664,0.091361664,1.0,5.187033e-16,5.6774717e-15,-27.046818,2.2863648,0.7621216,0.136,0.0,0.17232434,28.890247,28.920248,3088000
hardzero_plus_depr__c0p54__z1p05__lam0p030__nu0p50__psi1p00,hardzero_plus_depr,0.02,41,965,0.0,1,0.5063389,0.5063389,1.0163374,0.09630806,0.09630806,1.0,5.3062596e-16,5.509673e-15,-27.85911,2.235987,0.745329,0.2,0.0,0.14819224,28.920248,28.950249,3091200
hardzero_plus_depr__c0p54__z1p05__lam0p030__nu0p50__psi1p00,hardzero_plus_depr,0.02,41,966,0.0,1,0.5063389,0.5063389,1.0423775,0.090703174,0.090703174,1.0,4.849748e-16,5.346834e-15,-27.492142,2.2932763,0.76442546,0.15200001,0.0,0.13848935,28.950249,28.98025,3094400
hardzero_plus_depr__c0p54__z1p05__lam0p030__nu0p50__psi1p00,hardzero_plus_depr,0.02,41,967,0.0,1,0.5063389,0.5063389,0.9572718,0.110338785,0.110338785,1.0,5.725267e-16,5.188808e-15,-26.176416,2.10604,0.7020134,0.256,0.0,0.1472256,28.98025,29.01025,3097600
hardzero_plus_depr__c0p54__z1p05__lam0p030__nu0p50__psi1p00,hardzero_plus_depr,0.02,41,968,0.0,1,0.5063389,0.5063389,1.0449569,0.09016606,0.09016606,1.0,4.5402687e-16,5.0354516e-15,-27.153685,2.2989511,0.76631707,0.16000001,0.0,0.16791412,29.01025,29.04025,3100800
hardzero_plus_depr__c0p54__z1p05__lam0p030__nu0p50__psi1p00,hardzero_plus_depr,0.02,41,969,0.0,1,0.5063389,0.5063389,1.009632,0.097806565,0.097806565,1.0,4.779444e-16,4.8866288e-15,-27.396421,2.2212348,0.74041164,0.208,0.0,0.16703378,29.04025,29.070251,3104000
hardzero_plus_depr__c0p54__z1p05__lam0p030__nu0p50__psi1p00,hardzero_plus_depr,0.02,41,970,0.0,1,0.5063389,0.5063389,1.0094028,0.097858205,0.097858205,1.0,4.6406357e-16,4.7422037e-15,-26.728136,2.2207303,0.74024343,0.24800001,0.0,0.13843149,29.070251,29.100252,3107200
hardzero_plus_depr__c0p54__z1p05__lam0p030__nu0p50__psi1p00,hardzero_plus_depr,0.02,41,971,0.0,1,0.5063389,0.5063389,1.0846514,0.0,0.0822903,0.0,0.0,4.602047e-15,-27.97653,2.3862805,0.79542685,0.120000005,0.0,0.17329149,29.100252,29.130253,3110400
hardzero_plus_depr__c0p54__z1p05__lam0p030__nu0p50__psi1p00,hardzero_plus_depr,0.02,41,972,0.0,1,0.5063389,0.5063389,1.0215653,0.09515568,0.09515568,1.0,4.249684e-16,4.466033e-15,-27.443869,2.2474885,0.74916285,0.16800001,0.0,0.15730973,29.130253,29.160254,3113600
hardzero_plus_depr__c0p54__z1p05__lam0p030__nu0p50__psi1p00,hardzero_plus_depr,0.02,41,973,0.0,1,0.5063389,0.5063389,1.0249618,0.094414376,0.094414376,1.0,4.0919558e-16,4.334039e-15,-27.460024,2.254961,0.7516537,0.128,0.0,0.17633906,29.160254,29.190254,3116800
hardzero_plus_depr__c0p54__z1p05__lam0p030__nu0p50__psi1p00,hardzero_plus_depr,0.02,41,974,0.0,1,0.5063389,0.5063389,1.0350055,0.09225597,0.09225597,1.0,3.880236e-16,4.2059455e-15,-27.741192,2.2770574,0.75901914,0.15200001,0.0,0.15320887,29.190254,29.220255,3120000
hardzero_plus_depr__c0p54__z1p05__lam0p030__nu0p50__psi1p00,hardzero_plus_depr,0.02,41,975,0.0,1,0.5063389,0.5063389,0.9794832,0.10483753,0.10483753,1.0,4.2790892e-16,4.0816387e-15,-26.757896,2.154906,0.718302,0.14,0.0,0.1467933,29.220255,29.250256,3123200
hardzero_plus_depr__c0p54__z1p05__lam0p030__nu0p50__psi1p00,hardzero_plus_depr,0.02,41,976,0.0,1,0.5063389,0.5063389,1.0561726,0.0,0.08786731,0.0,0.0,3.961005e-15,-27.902489,2.323626,0.77454203,0.18400002,0.008,0.16028143,29.250256,29.280256,3126400
hardzero_plus_depr__c0p54__z1p05__lam0p030__nu0p50__psi1p00,hardzero_plus_depr,0.02,41,977,0.0,1,0.5063389,0.5063389,1.0610778,0.0,0.08688046,0.0,0.0,3.843937e-15,-27.45392,2.3344178,0.7781393,0.16000001,0.0,0.15533908,29.280256,29.310257,3129600
hardzero_plus_depr__c0p54__z1p05__lam0p030__nu0p50__psi1p00,hardzero_plus_depr,0.02,41,978,0.0,1,0.5063389,0.5063389,1.0397367,0.09125638,0.09125638,1.0,3.4041635e-16,3.7303293e-15,-27.75785,2.2874665,0.76248884,0.15200001,0.0,0.17812523,29.310257,29.340258,3132800
hardzero_plus_depr__c0p54__z1p05__lam0p030__nu0p50__psi1p00,hardzero_plus_depr,0.02,41,979,0.0,1,0.5063389,0.5063389,0.99507904,0.10113953,0.10113953,1.0,3.6613306e-16,3.6200786e-15,-26.598654,2.1892176,0.7297392,0.16000001,0.008,0.14308727,29.340258,29.370258,3136000
hardzero_plus_depr__c0p54__z1p05__lam0p030__nu0p50__psi1p00,hardzero_plus_depr,0.02,41,980,0.0,1,0.5063389,0.5063389,0.994876,0.10118683,0.10118683,1.0,3.554781e-16,3.5130867e-15,-27.481455,2.188771,0.72959036,0.096,0.0,0.15517864,29.370258,29.400259,3139200
hardzero_plus_depr__c0p54__z1p05__lam0p030__nu0p50__psi1p00,hardzero_plus_depr,0.02,41,981,0.0,1,0.5063389,0.5063389,0.9625075,0.10901657,0.10901657,1.0,3.7166548e-16,3.4092568e-15,-26.100498,2.1175587,0.7058529,0.16000001,0.0,0.15110372,29.400259,29.43026,3142400
hardzero_plus_depr__c0p54__z1p05__lam0p030__nu0p50__psi1p00,hardzero_plus_depr,0.02,41,982,0.0,1,0.5063389,0.5063389,0.9946267,0.101244934,0.101244934,1.0,3.3496842e-16,3.3084957e-15,-26.251497,2.1882224,0.7294075,0.15200001,0.008,0.118133724,29.43026,29.46026,3145600
hardzero_plus_depr__c0p54__z1p05__lam0p030__nu0p50__psi1p00,hardzero_plus_depr,0.02,41,983,0.0,1,0.5063389,0.5063389,1.055389,0.0,0.088025995,0.0,0.0,3.210713e-15,-27.80826,2.3219023,0.77396744,0.08800001,0.0,0.15304679,29.46026,29.490261,3148800
hardzero_plus_depr__c0p54__z1p05__lam0p030__nu0p50__psi1p00,hardzero_plus_depr,0.02,41,984,0.0,1,0.5063389,0.5063389,0.9786226,0.105045475,0.105045475,1.0,3.2730277e-16,3.1158198e-15,-26.833351,2.1530128,0.7176709,0.112,0.0,0.12009129,29.490261,29.520262,3152000
hardzero_plus_depr__c0p54__z1p05__lam0p030__nu0p50__psi1p00,hardzero_plus_depr,0.02,41,985,0.0,1,0.5063389,0.5063389,1.0867146,0.0,0.08190028,0.0,0.0,3.023731e-15,-28.729252,2.3908198,0.79693997,0.136,0.0,0.16508871,29.520262,29.550262,3155200
hardzero_plus_depr__c0p54__z1p05__lam0p030__nu0p50__psi1p00,hardzero_plus_depr,0.02,41,986,0.0,1,0.5063389,0.5063389,0.99698365,0.10069695,0.10069695,1.0,2.9548157e-16,2.9343646e-15,-26.565248,2.1934078,0.73113596,0.16800001,0.0,0.13943401,29.550262,29.580263,3158400
hardzero_plus_depr__c0p54__z1p05__lam0p030__nu0p50__psi1p00,hardzero_plus_depr,0.02,41,987,0.0,1,0.5063389,0.5063389,1.0362915,0.0919832,0.0919832,1.0,2.6193493e-16,2.847639e-15,-26.900793,2.2798867,0.75996226,0.112,0.0,0.14425515,29.580263,29.610264,3161600
hardzero_plus_depr__c0p54__z1p05__lam0p030__nu0p50__psi1p00,hardzero_plus_depr,0.02,41,988,0.0,1,0.5063389,0.5063389,1.0287101,0.093603015,0.093603015,1.0,2.5866973e-16,2.7634765e-15,-27.289057,2.2632074,0.7544025,0.17999999,0.0,0.1382805,29.610264,29.640265,3164800
hardzero_plus_depr__c0p54__z1p05__lam0p030__nu0p50__psi1p00,hardzero_plus_depr,0.02,41,989,0.0,1,0.5063389,0.5063389,1.0623647,0.0,0.086623415,0.0,0.0,2.681802e-15,-28.220293,2.337249,0.779083,0.192,0.0,0.16341555,29.640265,29.670265,3168000
hardzero_plus_depr__c0p54__z1p05__lam0p030__nu0p50__psi1p00,hardzero_plus_depr,0.02,41,990,0.0,1,0.5063389,0.5063389,1.0524061,0.0,0.08863269,0.0,0.0,2.6025407e-15,-27.60331,2.3153396,0.7717799,0.17600001,0.0,0.16737936,29.670265,29.700266,3171200
hardzero_plus_depr__c0p54__z1p05__lam0p030__nu0p50__psi1p00,hardzero_plus_depr,0.02,41,991,0.0,1,0.5063389,0.5063389,1.0373067,0.091768436,0.091768436,1.0,2.317724e-16,2.5256223e-15,-27.54005,2.2821202,0.7607068,0.128,0.0,0.16422002,29.700266,29.730267,3174400
hardzero_plus_depr__c0p54__z1p05__lam0p030__nu0p50__psi1p00,hardzero_plus_depr,0.02,41,992,0.0,1,0.5063389,0.5063389,1.0572592,0.0,0.08764774,0.0,0.0,2.4509773e-15,-27.759306,2.3260167,0.7753389,0.16800001,0.0,0.16802949,29.730267,29.760267,3177600
hardzero_plus_depr__c0p54__z1p05__lam0p030__nu0p50__psi1p00,hardzero_plus_depr,0.02,41,993,0.0,1,0.5063389,0.5063389,1.0459101,0.089968376,0.089968376,1.0,2.1399321e-16,2.3785382e-15,-28.770943,2.3010483,0.7670161,0.192,0.0,0.1642082,29.760267,29.790268,3180800
hardzero_plus_depr__c0p54__z1p05__lam0p030__nu0p50__psi1p00,hardzero_plus_depr,0.02,41,994,0.0,1,0.5063389,0.5063389,1.0277492,0.093810365,0.093810365,1.0,2.1653685e-16,2.3082402e-15,-27.286385,2.2610934,0.7536978,0.136,0.0,0.15217514,29.790268,29.820269,3184000
hardzero_plus_depr__c0p54__z1p05__lam0p030__nu0p50__psi1p00,hardzero_plus_depr,0.02,41,995,0.0,1,0.5063389,0.5063389,1.0306355,0.09318896,0.09318896,1.0,2.087451e-16,2.2400197e-15,-28.150288,2.2674434,0.7558145,0.192,0.0,0.17534666,29.820269,29.85027,3187200
hardzero_plus_depr__c0p54__z1p05__lam0p030__nu0p50__psi1p00,hardzero_plus_depr,0.02,41,996,0.0,1,0.5063389,0.5063389,1.0568438,0.0,0.08773164,0.0,0.0,2.1738158e-15,-27.99406,2.3251026,0.7750342,0.17600001,0.0,0.15860528,29.85027,29.88027,3190400
hardzero_plus_depr__c0p54__z1p05__lam0p030__nu0p50__psi1p00,hardzero_plus_depr,0.02,41,997,0.0,1,0.5063389,0.5063389,0.9467886,0.11303459,0.11303459,1.0,2.384542e-16,2.1095684e-15,-26.243462,2.0829766,0.69432557,0.216,0.0,0.13418666,29.88027,29.91027,3193600
hardzero_plus_depr__c0p54__z1p05__lam0p030__nu0p50__psi1p00,hardzero_plus_depr,0.02,41,998,0.0,1,0.5063389,0.5063389,0.99303997,0.10161551,0.10161551,1.0,2.0802928e-16,2.0472198e-15,-26.414557,2.1847315,0.7282438,0.208,0.0,0.14345706,29.91027,29.940271,3196800
hardzero_plus_depr__c0p54__z1p05__lam0p030__nu0p50__psi1p00,hardzero_plus_depr,0.02,41,999,0.0,1,0.5063389,0.5063389,0.96075445,0.10945749,0.10945749,1.0,2.1746071e-16,1.9867139e-15,-26.230068,2.113702,0.7045674,0.192,0.008,0.17138374,29.940271,29.970272,3200000
hardzero_plus_depr__c0p54__z1p05__lam0p030__nu0p50__psi1p00,hardzero_plus_depr,0.02,41,1000,0.0,1,0.5063389,0.5063389,1.0293549,0.09346416,0.09346416,1.0,1.8019854e-16,1.9279963e-15,-27.493822,2.264626,0.75487536,0.14400001,0.0,0.1752204,29.970272,30.000273,3203200
hardzero_plus_depr__c0p54__z1p05__lam0p030__nu0p50__psi1p00,hardzero_plus_depr,0.02,41,1001,0.0,1,0.5063389,0.5063389,1.0211438,0.09524808,0.09524808,1.0,1.7821052e-16,1.8710143e-15,-26.275469,2.2465613,0.7488538,0.14999999,0.0,0.13664842,30.000273,30.030273,3206400
hardzero_plus_depr__c0p54__z1p05__lam0p030__nu0p50__psi1p00,hardzero_plus_depr,0.02,41,1002,0.0,1,0.5063389,0.5063389,1.0583014,0.0,0.08743767,0.0,0.0,1.8157161e-15,-27.35677,2.3283098,0.77610326,0.16000001,0.0,0.16507533,30.030273,30.060274,3209600
hardzero_plus_depr__c0p54__z1p05__lam0p030__nu0p50__psi1p00,hardzero_plus_depr,0.02,41,1003,0.0,1,0.5063389,0.5063389,1.0911605,0.0,0.08106613,0.0,0.0,1.7620524e-15,-28.73952,2.4006011,0.8002004,0.14400001,0.0,0.16006278,30.060274,30.090275,3212800
hardzero_plus_depr__c0p54__z1p05__lam0p030__nu0p50__psi1p00,hardzero_plus_depr,0.02,41,1004,0.0,1,0.5063389,0.5063389,1.0032483,0.09925482,0.09925482,1.0,1.6972323e-16,1.7099748e-15,-26.549631,2.2071905,0.7357302,0.2,0.0,0.15450597,30.090275,30.120275,3216000
hardzero_plus_depr__c0p54__z1p05__lam0p030__nu0p50__psi1p00,hardzero_plus_depr,0.02,41,1005,0.0,1,0.5063389,0.5063389,1.0119543,0.09728495,0.09728495,1.0,1.6143815e-16,1.659436e-15,-26.757566,2.2263439,0.74211466,0.18400002,0.0,0.15911816,30.120275,30.150276,3219200
hardzero_plus_depr__c0p54__z1p05__lam0p030__nu0p50__psi1p00,hardzero_plus_depr,0.02,41,1006,0.0,1,0.5063389,0.5063389,1.0400295,0.091194876,0.091194876,1.0,1.4685943e-16,1.6103913e-15,-26.756056,2.2881107,0.7627036,0.2,0.0,0.16860671,30.150276,30.180277,3222400
hardzero_plus_depr__c0p54__z1p05__lam0p030__nu0p50__psi1p00,hardzero_plus_depr,0.02,41,1007,0.0,1,0.5063389,0.5063389,0.9804764,0.104598045,0.104598045,1.0,1.634654e-16,1.5627959e-15,-26.418303,2.1570911,0.7190304,0.18400002,0.0,0.15938583,30.180277,30.210278,3225600
hardzero_plus_depr__c0p54__z1p05__lam0p030__nu0p50__psi1p00,hardzero_plus_depr,0.02,41,1008,0.0,1,0.5063389,0.5063389,0.9840689,0.10373639,0.10373639,1.0,1.5732737e-16,1.5166073e-15,-25.944035,2.1649947,0.7216649,0.14400001,0.0,0.13271937,30.210278,30.240278,3228800
hardzero_plus_depr__c0p54__z1p05__lam0p030__nu0p50__psi1p00,hardzero_plus_depr,0.02,41,1009,0.0,1,0.5063389,0.5063389,0.9882332,0.10274645,0.10274645,1.0,1.5122055e-16,1.4717838e-15,-26.143162,2.1741564,0.7247188,0.2,0.0,0.14393042,30.240278,30.270279,3232000
hardzero_plus_depr__c0p54__z1p05__lam0p030__nu0p50__psi1p00,hardzero_plus_depr,0.02,41,1010,0.0,1,0.5063389,0.5063389,1.054092,0.0,0.088289276,0.0,0.0,1.428285e-15,-27.969173,2.319049,0.77301633,0.064,0.0,0.14769258,30.270279,30.30028,3235200
hardzero_plus_depr__c0p54__z1p05__lam0p030__nu0p50__psi1p00,hardzero_plus_depr,0.02,41,1011,0.0,1,0.5063389,0.5063389,1.0552168,0.0,0.08806091,0.0,0.0,1.3860719e-15,-27.72957,2.3215232,0.7738411,0.08800001,0.0,0.17448404,30.30028,30.33028,3238400
hardzero_plus_depr__c0p54__z1p05__lam0p030__nu0p50__psi1p00,hardzero_plus_depr,0.02,41,1012,0.0,1,0.5063389,0.5063389,1.0773479,0.0,0.08368586,0.0,0.0,1.3451063e-15,-27.792835,2.3702126,0.7900709,0.112,0.0,0.15495954,30.33028,30.360281,3241600
hardzero_plus_depr__c0p54__z1p05__lam0p030__nu0p50__psi1p00,hardzero_plus_depr,0.02,41,1013,0.0,1,0.5063389,0.5063389,1.0143285,0.096754566,0.096754566,1.0,1.2629873e-16,1.3053516e-15,-27.00253,2.2315671,0.7438557,0.17600001,0.0,0.13666844,30.360281,30.390282,3244800
hardzero_plus_depr__c0p54__z1p05__lam0p030__nu0p50__psi1p00,hardzero_plus_depr,0.02,41,1014,0.0,1,0.5063389,0.5063389,1.1356089,0.0,0.07317977,0.0,0.0,1.2667718e-15,-29.866823,2.4983895,0.8327965,0.13,0.0,0.2165601,30.390282,30.420282,3248000
hardzero_plus_depr__c0p54__z1p05__lam0p030__nu0p50__psi1p00,hardzero_plus_depr,0.02,41,1015,0.0,1,0.5063389,0.5063389,0.9650766,0.10837357,0.10837357,1.0,1.332271e-16,1.2293321e-15,-26.057716,2.123211,0.70773697,0.16000001,0.0,0.11965452,30.420282,30.450283,3251200
hardzero_plus_depr__c0p54__z1p05__lam0p030__nu0p50__psi1p00,hardzero_plus_depr,0.02,41,1016,0.0,1,0.5063389,0.5063389,1.0459365,0.089962915,0.089962915,1.0,1.07325665e-16,1.192999e-15,-28.008802,2.3011062,0.7670354,0.096,0.0,0.12617256,30.450283,30.480284,3254400
hardzero_plus_depr__c0p54__z1p05__lam0p030__nu0p50__psi1p00,hardzero_plus_depr,0.02,41,1017,0.0,1,0.5063389,0.5063389,0.99229145,0.10179079,0.10179079,1.0,1.1784724e-16,1.1577398e-15,-26.84125,2.1830847,0.7276949,0.104,0.0,0.15753695,30.480284,30.510284,3257600
hardzero_plus_depr__c0p54__z1p05__lam0p030__nu0p50__psi1p00,hardzero_plus_depr,0.02,41,1018,0.0,1,0.5063389,0.5063389,1.0681401,0.0,0.08547908,0.0,0.0,1.1235226e-15,-27.498726,2.3499553,0.78331846,0.136,0.0,0.17854455,30.510284,30.540285,3260800
hardzero_plus_depr__c0p54__z1p05__lam0p030__nu0p50__psi1p00,hardzero_plus_depr,0.02,41,1019,0.0,1,0.5063389,0.5063389,1.039412,0.09132464,0.09132464,1.0,9.957279e-17,1.0903168e-15,-26.377254,2.286752,0.76225066,0.136,0.0,0.16683687,30.540285,30.570286,3264000
hardzero_plus_depr__c0p54__z1p05__lam0p030__nu0p50__psi1p00,hardzero_plus_depr,0.02,41,1020,0.0,1,0.5063389,0.5063389,1.0196133,0.09558433,0.09558433,1.0,1.01137044e-16,1.0580923e-15,-27.352896,2.2431939,0.7477313,0.128,0.0,0.17573996,30.570286,30.600286,3267200
hardzero_plus_depr__c0p54__z1p05__lam0p030__nu0p50__psi1p00,hardzero_plus_depr,0.02,41,1021,0.0,1,0.5063389,0.5063389,1.0390333,0.091404326,0.091404326,1.0,9.385581e-17,1.0268202e-15,-27.635721,2.285919,0.761973,0.16800001,0.0,0.15032281,30.600286,30.630287,3270400
hardzero_plus_depr__c0p54__z1p05__lam0p030__nu0p50__psi1p00,hardzero_plus_depr,0.02,41,1022,0.0,1,0.5063389,0.5063389,1.0515838,0.0,0.088800654,0.0,0.0,9.964724e-16,-27.135105,2.3135304,0.7711768,0.112,0.0,0.15527223,30.630287,30.660288,3273600
hardzero_plus_depr__c0p54__z1p05__lam0p030__nu0p50__psi1p00,hardzero_plus_depr,0.02,41,1023,0.0,1,0.5063389,0.5063389,1.0177281,0.09600015,0.09600015,1.0,9.283421e-17,9.670215e-16,-27.077139,2.2390466,0.74634886,0.17600001,0.0,0.1603371,30.660288,30.690289,3276800
hardzero_plus_depr__c0p54__z1p05__lam0p030__nu0p50__psi1p00,hardzero_plus_depr,0.02,41,1024,0.0,1,0.5063389,0.5063389,1.082642,0.0,0.08267192,0.0,0.0,9.384411e-16,-28.8433,2.3818598,0.7939533,0.16000001,0.0,0.16098519,30.690289,30.72029,3280000
hardzero_plus_depr__c0p54__z1p05__lam0p030__nu0p50__psi1p00,hardzero_plus_depr,0.02,41,1025,0.0,1,0.5063389,0.5063389,1.0025237,0.099420585,0.099420585,1.0,9.054286e-17,9.107054e-16,-27.016584,2.2055962,0.73519874,0.2,0.0,0.17253077,30.72029,30.75029,3283200
hardzero_plus_depr__c0p54__z1p05__lam0p030__nu0p50__psi1p00,hardzero_plus_depr,0.02,41,1026,0.0,1,0.5063389,0.5063389,1.0086502,0.09802792,0.09802792,1.0,8.663603e-17,8.8378936e-16,-27.098005,2.2190747,0.7396916,0.120000005,0.0,0.17519274,30.75029,30.78029,3286400
hardzero_plus_depr__c0p54__z1p05__lam0p030__nu0p50__psi1p00,hardzero_plus_depr,0.02,41,1027,0.0,1,0.5063389,0.5063389,1.0488927,0.08935262,0.08935262,1.0,7.663496e-17,8.576688e-16,-27.618652,2.30761,0.76920336,0.13,0.0,0.15412371,30.78029,30.810291,3289600
hardzero_plus_depr__c0p54__z1p05__lam0p030__nu0p50__psi1p00,hardzero_plus_depr,0.02,41,1028,0.0,1,0.5063389,0.5063389,1.0499268,0.08914012,0.08914012,1.0,7.419313e-17,8.323203e-16,-28.381266,2.309885,0.7699617,0.120000005,0.0,0.16120124,30.810291,30.840292,3292800
hardzero_plus_depr__c0p54__z1p05__lam0p030__nu0p50__psi1p00,hardzero_plus_depr,0.02,41,1029,0.0,1,0.5063389,0.5063389,0.9995098,0.10011293,0.10011293,1.0,8.086332e-17,8.07721e-16,-27.10147,2.1989655,0.73298854,0.18400002,0.0,0.17170037,30.840292,30.870293,3296000
hardzero_plus_depr__c0p54__z1p05__lam0p030__nu0p50__psi1p00,hardzero_plus_depr,0.02,41,1030,0.0,1,0.5063389,0.5063389,1.0080659,0.09815988,0.09815988,1.0,7.6942494e-17,7.838487e-16,-26.706259,2.2177894,0.7392632,0.192,0.0,0.15797006,30.870293,30.900293,3299200
hardzero_plus_depr__c0p54__z1p05__lam0p030__nu0p50__psi1p00,hardzero_plus_depr,0.02,41,1031,0.0,1,0.5063389,0.5063389,1.0610273,0.0,0.08689057,0.0,0.0,7.606819e-16,-27.85293,2.3343067,0.7781023,0.112,0.0,0.15850492,30.900293,30.930294,3302400
hardzero_plus_depr__c0p54__z1p05__lam0p030__nu0p50__psi1p00,hardzero_plus_depr,0.02,41,1032,0.0,1,0.5063389,0.5063389,1.0065659,0.09849951,0.09849951,1.0,7.271232e-17,7.3819985e-16,-26.992283,2.2144892,0.7381631,0.2,0.0,0.162403,30.930294,30.960295,3305600
hardzero_plus_depr__c0p54__z1p05__lam0p030__nu0p50__psi1p00,hardzero_plus_depr,0.02,41,1033,0.0,1,0.5063389,0.5063389,1.0461785,0.089912795,0.089912795,1.0,6.441193e-17,7.163823e-16,-28.579842,2.3016386,0.76721287,0.18400002,0.0,0.18753795,30.960295,30.990295,3308800
hardzero_plus_depr__c0p54__z1p05__lam0p030__nu0p50__psi1p00,hardzero_plus_depr,0.02,41,1034,0.0,1,0.5063389,0.5063389,1.0454764,0.09005825,0.09005825,1.0,6.2609354e-17,6.9520954e-16,-26.460592,2.3000941,0.76669806,0.112,0.0,0.1456894,30.990295,31.020296,3312000
hardzero_plus_depr__c0p54__z1p05__lam0p030__nu0p50__psi1p00,hardzero_plus_depr,0.02,41,1035,0.0,1,0.5063389,0.5063389,1.0147315,0.09666483,0.09666483,1.0,6.521614e-17,6.746625e-16,-27.593529,2.2324538,0.7441513,0.15200001,0.0,0.18206722,31.020296,31.050297,3315200
hardzero_plus_depr__c0p54__z1p05__lam0p030__nu0p50__psi1p00,hardzero_plus_depr,0.02,41,1036,0.0,1,0.5063389,0.5063389,1.0244627,0.09452297,0.09452297,1.0,6.1886345e-17,6.547228e-16,-26.595673,2.2538629,0.75128764,0.17600001,0.0,0.1439647,31.050297,31.080297,3318400
hardzero_plus_depr__c0p54__z1p05__lam0p030__nu0p50__psi1p00,hardzero_plus_depr,0.02,41,1037,0.0,1,0.5063389,0.5063389,1.0765041,0.0,0.08384861,0.0,0.0,6.353723e-16,-28.27617,2.3683562,0.7894521,0.136,0.0,0.17342629,31.080297,31.110298,3321600
hardzero_plus_depr__c0p54__z1p05__lam0p030__nu0p50__psi1p00,hardzero_plus_depr,0.02,41,1038,0.0,1,0.5063389,0.5063389,1.0263048,0.09412288,0.09412288,1.0,5.803559e-17,6.165938e-16,-27.403088,2.2579157,0.7526386,0.128,0.0,0.1458259,31.110298,31.140299,3324800
hardzero_plus_depr__c0p54__z1p05__lam0p030__nu0p50__psi1p00,hardzero_plus_depr,0.02,41,1039,0.0,1,0.5063389,0.5063389,1.0139487,0.09683922,0.09683922,1.0,5.794571e-17,5.983703e-16,-26.760534,2.2307317,0.74357724,0.16000001,0.0,0.13986044,31.140299,31.1703,3328000
hardzero_plus_depr__c0p54__z1p05__lam0p030__nu0p50__psi1p00,hardzero_plus_depr,0.02,41,1040,0.0,1,0.5063389,0.5063389,1.0332624,0.09262701,0.09262701,1.0,5.378715e-17,5.806854e-16,-27.69146,2.2732227,0.7577409,0.17,0.0,0.16469063,31.1703,31.2003,3331200
hardzero_plus_depr__c0p54__z1p05__lam0p030__nu0p50__psi1p00,hardzero_plus_depr,0.02,41,1041,0.0,1,0.5063389,0.5063389,1.0219811,0.09506461,0.09506461,1.0,5.3571108e-17,5.6352313e-16,-27.302387,2.2484033,0.7494678,0.14400001,0.0,0.14125775,31.2003,31.2303,3334400
hardzero_plus_depr__c0p54__z1p05__lam0p030__nu0p50__psi1p00,hardzero_plus_depr,0.02,41,1042,0.0,1,0.5063389,0.5063389,1.0246612,0.09447977,0.09447977,1.0,5.1667974e-17,5.4686813e-16,-27.432476,2.2542996,0.75143325,0.18400002,0.0,0.1518958,31.2303,31.260302,3337600
hardzero_plus_depr__c0p54__z1p05__lam0p030__nu0p50__psi1p00,hardzero_plus_depr,0.02,41,1043,0.0,1,0.5063389,0.5063389,1.0516076,0.0,0.08879579,0.0,0.0,5.307054e-16,-28.093134,2.313583,0.77119434,0.112,0.0,0.17555794,31.260302,31.290302,3340800
hardzero_plus_depr__c0p54__z1p05__lam0p030__nu0p50__psi1p00,hardzero_plus_depr,0.02,41,1044,0.0,1,0.5063389,0.5063389,1.0284272,0.093664005,0.093664005,1.0,4.8238867e-17,5.1502033e-16,-27.440386,2.2625852,0.7541951,0.16800001,0.0,0.1752098,31.290302,31.320303,3344000
hardzero_plus_depr__c0p54__z1p05__lam0p030__nu0p50__psi1p00,hardzero_plus_depr,0.02,41,1045,0.0,1,0.5063389,0.5063389,1.0215878,0.09515073,0.09515073,1.0,4.7556225e-17,4.9979883e-16,-27.160616,2.247538,0.74917936,0.120000005,0.0,0.15334013,31.320303,31.350304,3347200
hardzero_plus_depr__c0p54__z1p05__lam0p030__nu0p50__psi1p00,hardzero_plus_depr,0.02,41,1046,0.0,1,0.5063389,0.5063389,1.0396814,0.091268,0.091268,1.0,4.4267464e-17,4.850272e-16,-27.670063,2.287345,0.7624483,0.16000001,0.0,0.21078621,31.350304,31.380304,3350400
hardzero_plus_depr__c0p54__z1p05__lam0p030__nu0p50__psi1p00,hardzero_plus_depr,0.02,41,1047,0.0,1,0.5063389,0.5063389,1.0472434,0.08969261,0.08969261,1.0,4.221761e-17,4.706922e-16,-27.700308,2.3039813,0.7679938,0.16000001,0.0,0.15496446,31.380304,31.410305,3353600
hardzero_plus_depr__c0p54__z1p05__lam0p030__nu0p50__psi1p00,hardzero_plus_depr,0.02,41,1048,0.0,1,0.5063389,0.5063389,1.032553,0.09277844,0.09277844,1.0,4.2379408e-17,4.567808e-16,-27.2788,2.271662,0.7572207,0.17600001,0.0,0.16632274,31.410305,31.440306,3356800
hardzero_plus_depr__c0p54__z1p05__lam0p030__nu0p50__psi1p00,hardzero_plus_depr,0.02,41,1049,0.0,1,0.5063389,0.5063389,1.008633,0.098031804,0.098031804,1.0,4.3455596e-17,4.4328058e-16,-27.572306,2.2190368,0.739679,0.14400001,0.0,0.14325076,31.440306,31.470306,3360000
hardzero_plus_depr__c0p54__z1p05__lam0p030__nu0p50__psi1p00,hardzero_plus_depr,0.02,41,1050,0.0,1,0.5063389,0.5063389,1.0190412,0.09571032,0.09571032,1.0,4.1172607e-17,4.3017937e-16,-27.572931,2.2419353,0.7473118,0.104,0.0,0.17225914,31.470306,31.500307,3363200
hardzero_plus_depr__c0p54__z1p05__lam0p030__nu0p50__psi1p00,hardzero_plus_depr,0.02,41,1051,0.0,1,0.5063389,0.5063389,1.0042667,0.09902235,0.09902235,1.0,4.13384e-17,4.1746535e-16,-27.434044,2.209431,0.736477,0.16000001,0.0,0.16744299,31.500307,31.530308,3366400
hardzero_plus_depr__c0p54__z1p05__lam0p030__nu0p50__psi1p00,hardzero_plus_depr,0.02,41,1052,0.0,1,0.5063389,0.5063389,1.0640521,0.0,0.08628749,0.0,0.0,4.051271e-16,-27.898222,2.3409615,0.7803205,0.128,0.0,0.19346184,31.530308,31.560308,3369600
hardzero_plus_depr__c0p54__z1p05__lam0p030__nu0p50__psi1p00,hardzero_plus_depr,0.02,41,1053,0.0,1,0.5063389,0.5063389,1.0347466,0.09231098,0.09231098,1.0,3.6292387e-17,3.9315352e-16,-28.176344,2.276488,0.75882936,0.16,0.0,0.152818,31.560308,31.59031,3372800
hardzero_plus_depr__c0p54__z1p05__lam0p030__nu0p50__psi1p00,hardzero_plus_depr,0.02,41,1054,0.0,1,0.5063389,0.5063389,1.0188504,0.095752366,0.095752366,1.0,3.653277e-17,3.8153384e-16,-26.644327,2.2415156,0.7471719,0.16000001,0.0,0.17328353,31.59031,31.62031,3376000
hardzero_plus_depr__c0p54__z1p05__lam0p030__nu0p50__psi1p00,hardzero_plus_depr,0.02,41,1055,0.0,1,0.5063389,0.5063389,1.0221866,0.09501962,0.09501962,1.0,3.5181732e-17,3.7025753e-16,-27.384005,2.2488556,0.74961853,0.15200001,0.0,0.1416147,31.62031,31.65031,3379200
hardzero_plus_depr__c0p54__z1p05__lam0p030__nu0p50__psi1p00,hardzero_plus_depr,0.02,41,1056,0.0,1,0.5063389,0.5063389,1.0146633,0.09667999,0.09667999,1.0,3.473853e-17,3.5931455e-16,-27.3287,2.2323039,0.7441013,0.072000004,0.0,0.13988617,31.65031,31.680311,3382400
hardzero_plus_depr__c0p54__z1p05__lam0p030__nu0p50__psi1p00,hardzero_plus_depr,0.02,41,1057,0.0,1,0.5063389,0.5063389,1.0109117,0.09751879,0.09751879,1.0,3.4004306e-17,3.4869493e-16,-26.808895,2.2240503,0.7413501,0.18400002,0.0,0.14248395,31.680311,31.710312,3385600
hardzero_plus_depr__c0p54__z1p05__lam0p030__nu0p50__psi1p00,hardzero_plus_depr,0.02,41,1058,0.0,1,0.5063389,0.5063389,1.0785495,0.0,0.08345464,0.0,0.0,3.383892e-16,-28.563622,2.3728564,0.79095215,0.16000001,0.0,0.15427473,31.710312,31.740313,3388800
hardzero_plus_depr__c0p54__z1p05__lam0p030__nu0p50__psi1p00,hardzero_plus_depr,0.02,41,1059,0.0,1,0.5063389,0.5063389,0.98505914,0.10350012,0.10350012,1.0,3.3988203e-17,3.2838806e-16,-26.139423,2.1671734,0.7223911,0.15200001,0.0,0.12620287,31.740313,31.770313,3392000
hardzero_plus_depr__c0p54__z1p05__lam0p030__nu0p50__psi1p00,hardzero_plus_depr,0.02,41,1060,0.0,1,0.5063389,0.5063389,1.0844449,0.0,0.08232942,0.0,0.0,3.1868251e-16,-28.8886,2.3858263,0.79527545,0.208,0.0,0.16120169,31.770313,31.800314,3395200
hardzero_plus_depr__c0p54__z1p05__lam0p030__nu0p50__psi1p00,hardzero_plus_depr,0.02,41,1061,0.0,1,0.5063389,0.5063389,1.0963712,0.0,0.080099314,0.0,0.0,3.0926385e-16,-28.376307,2.4120648,0.8040216,0.08800001,0.0,0.16561082,31.800314,31.830315,3398400
hardzero_plus_depr__c0p54__z1p05__lam0p030__nu0p50__psi1p00,hardzero_plus_depr,0.02,41,1062,0.0,1,0.5063389,0.5063389,1.013697,0.09689536,0.09689536,1.0,2.9080573e-17,3.001235e-16,-27.246744,2.2301779,0.74339265,0.17600001,0.0,0.17938137,31.830315,31.860315,3401600
hardzero_plus_depr__c0p54__z1p05__lam0p030__nu0p50__psi1p00,hardzero_plus_depr,0.02,41,1063,0.0,1,0.5063389,0.5063389,1.0365504,0.091928385,0.091928385,1.0,2.6774443e-17,2.9125328e-16,-26.82084,2.2804565,0.7601522,0.16000001,0.0,0.1497989,31.860315,31.890316,3404800
hardzero_plus_depr__c0p54__z1p05__lam0p030__nu0p50__psi1p00,hardzero_plus_depr,0.02,41,1064,0.0,1,0.5063389,0.5063389,1.0064973,0.09851508,0.09851508,1.0,2.7844822e-17,2.8264529e-16,-26.756891,2.2143383,0.7381128,0.17600001,0.008,0.1697039,31.890316,31.920317,3408000
hardzero_plus_depr__c0p54__z1p05__lam0p030__nu0p50__psi1p00,hardzero_plus_depr,0.02,41,1065,0.0,1,0.5063389,0.5063389,1.0846567,0.0,0.08228928,0.0,0.0,2.7429166e-16,-28.177315,2.3862925,0.79543084,0.112,0.0,0.1747185,31.920317,31.950317,3411200
hardzero_plus_depr__c0p54__z1p05__lam0p030__nu0p50__psi1p00,hardzero_plus_depr,0.02,41,1066,0.0,1,0.5063389,0.5063389,1.0063119,0.09855713,0.09855713,1.0,2.6234422e-17,2.6618492e-16,-27.0609,2.2139304,0.7379768,0.13,0.0,0.13229212,31.950317,31.980318,3414400
hardzero_plus_depr__c0p54__z1p05__lam0p030__nu0p50__psi1p00,hardzero_plus_depr,0.02,41,1067,0.0,1,0.5063389,0.5063389,0.97582257,0.105724916,0.105724916,1.0,2.7310627e-17,2.5831779e-16,-26.35849,2.1468525,0.71561754,0.2,0.0,0.1518421,31.980318,32.01032,3417600
hardzero_plus_depr__c0p54__z1p05__lam0p030__nu0p50__psi1p00,hardzero_plus_depr,0.02,41,1068,0.0,1,0.5063389,0.5063389,1.0009662,0.09977777,0.09977777,1.0,2.501261e-17,2.5068319e-16,-27.60199,2.2021697,0.7340566,0.16000001,0.0,0.1702314,32.01032,32.040318,3420800
hardzero_plus_depr__c0p54__z1p05__lam0p030__nu0p50__psi1p00,hardzero_plus_depr,0.02,41,1069,0.0,1,0.5063389,0.5063389,1.0468597,0.089771874,0.089771874,1.0,2.1839223e-17,2.4327467e-16,-27.370436,2.3031375,0.76771253,0.104,0.0,0.15428047,32.040318,32.070316,3424000
hardzero_plus_depr__c0p54__z1p05__lam0p030__nu0p50__psi1p00,hardzero_plus_depr,0.02,41,1070,0.0,1,0.5063389,0.5063389,1.009817,0.0977649,0.0977649,1.0,2.3080837e-17,2.360851e-16,-27.5756,2.2216418,0.7405473,0.17600001,0.0,0.14889915,32.070316,32.100315,3427200
hardzero_plus_depr__c0p54__z1p05__lam0p030__nu0p50__psi1p00,hardzero_plus_depr,0.02,41,1071,0.0,1,0.5063389,0.5063389,1.0817552,0.0,0.082840905,0.0,0.0,2.29108e-16,-28.589146,2.3799088,0.79330295,0.136,0.0,0.18607709,32.100315,32.130314,3430400
hardzero_plus_depr__c0p54__z1p05__lam0p030__nu0p50__psi1p00,hardzero_plus_depr,0.02,41,1072,0.0,1,0.5063389,0.5063389,0.99864626,0.10031219,0.10031219,1.0,2.2303124e-17,2.2233712e-16,-27.051779,2.1970656,0.73235524,0.128,0.0,0.1512696,32.130314,32.160313,3433600
hardzero_plus_depr__c0p54__z1p05__lam0p030__nu0p50__psi1p00,hardzero_plus_depr,0.02,41,1073,0.0,1,0.5063389,0.5063389,1.0400343,0.09119388,0.09119388,1.0,1.9676569e-17,2.1576633e-16,-27.113184,2.2881212,0.7627071,0.112,0.0,0.15669064,32.160313,32.19031,3436800
hardzero_plus_depr__c0p54__z1p05__lam0p030__nu0p50__psi1p00,hardzero_plus_depr,0.02,41,1074,0.0,1,0.5063389,0.5063389,1.0385687,0.09150214,0.09150214,1.0,1.9159607e-17,2.0938972e-16,-27.296782,2.2848969,0.7616323,0.18400002,0.0,0.12874153,32.19031,32.22031,3440000
hardzero_plus_depr__c0p54__z1p05__lam0p030__nu0p50__psi1p00,hardzero_plus_depr,0.02,41,1075,0.0,1,0.5063389,0.5063389,1.0218252,0.09509875,0.09509875,1.0,1.9324216e-17,2.0320158e-16,-26.95217,2.2480602,0.7493534,0.15200001,0.0,0.14090796,32.22031,32.25031,3443200
hardzero_plus_depr__c0p54__z1p05__lam0p030__nu0p50__psi1p00,hardzero_plus_depr,0.02,41,1076,0.0,1,0.5063389,0.5063389,0.99166125,0.101938605,0.101938605,1.0,2.0101915e-17,1.9719628e-16,-26.954689,2.1816983,0.7272328,0.208,0.008,0.15490574,32.25031,32.280308,3446400
hardzero_plus_depr__c0p54__z1p05__lam0p030__nu0p50__psi1p00,hardzero_plus_depr,0.02,41,1077,0.0,1,0.5063389,0.5063389,1.0278089,0.09379747,0.09379747,1.0,1.7949882e-17,1.9136851e-16,-27.285402,2.2612247,0.7537416,0.14400001,0.0,0.1539348,32.280308,32.310307,3449600
hardzero_plus_depr__c0p54__z1p05__lam0p030__nu0p50__psi1p00,hardzero_plus_depr,0.02,41,1078,0.0,1,0.5063389,0.5063389,1.0370679,0.09181891,0.09181891,1.0,1.705196e-17,1.8571294e-16,-26.469736,2.281595,0.76053166,0.104,0.0,0.17090616,32.310307,32.340305,3452800
hardzero_plus_depr__c0p54__z1p05__lam0p030__nu0p50__psi1p00,hardzero_plus_depr,0.02,41,1079,0.0,1,0.5063389,0.5063389,1.0918014,0.0,0.0809466,0.0,0.0,1.802245e-16,-28.454037,2.4020112,0.8006704,0.12,0.0,0.1660534,32.340305,32.370304,3456000
hardzero_plus_depr__c0p54__z1p05__lam0p030__nu0p50__psi1p00,hardzero_plus_depr,0.02,41,1080,0.0,1,0.5063389,0.5063389,1.037331,0.091763295,0.091763295,1.0,1.6049243e-17,1.7489827e-16,-27.25974,2.2821736,0.76072454,0.216,0.0,0.16507483,32.370304,32.400303,3459200
hardzero_plus_depr__c0p54__z1p05__lam0p030__nu0p50__psi1p00,hardzero_plus_depr,0.02,41,1081,0.0,1,0.5063389,0.5063389,1.0328335,0.09271853,0.09271853,1.0,1.5737065e-17,1.6972945e-16,-27.275578,2.272279,0.7574264,0.16000001,0.0,0.14488573,32.400303,32.4303,3462400
hardzero_plus_depr__c0p54__z1p05__lam0p030__nu0p50__psi1p00,hardzero_plus_depr,0.02,41,1082,0.0,1,0.5063389,0.5063389,1.0039701,0.099089995,0.099089995,1.0,1.632145e-17,1.6471339e-16,-27.688536,2.2087784,0.73625946,0.208,0.0,0.15129279,32.4303,32.4603,3465600
hardzero_plus_depr__c0p54__z1p05__lam0p030__nu0p50__psi1p00,hardzero_plus_depr,0.02,41,1083,0.0,1,0.5063389,0.5063389,1.0256342,0.09426833,0.09426833,1.0,1.5068377e-17,1.5984559e-16,-27.07334,2.2564402,0.7521467,0.14400001,0.0,0.1470943,32.4603,32.4903,3468800
hardzero_plus_depr__c0p54__z1p05__lam0p030__nu0p50__psi1p00,hardzero_plus_depr,0.02,41,1084,0.0,1,0.5063389,0.5063389,1.0420697,0.09076749,0.09076749,1.0,1.408e-17,1.5512163e-16,-28.096354,2.292599,0.7641997,0.14400001,0.0,0.14568916,32.4903,32.520298,3472000
hardzero_plus_depr__c0p54__z1p05__lam0p030__nu0p50__psi1p00,hardzero_plus_depr,0.02,41,1085,0.0,1,0.5063389,0.5063389,1.0360763,0.09202878,0.09202878,1.0,1.3853761e-17,1.5053726e-16,-27.126263,2.2794135,0.7598045,0.14400001,0.0,0.14319593,32.520298,32.550297,3475200
hardzero_plus_depr__c0p54__z1p05__lam0p030__nu0p50__psi1p00,hardzero_plus_depr,0.02,41,1086,0.0,1,0.5063389,0.5063389,1.0401773,0.09116386,0.09116386,1.0,1.3317982e-17,1.460884e-16,-27.686125,2.288436,0.762812,0.17600001,0.0,0.18257613,32.550297,32.580296,3478400
hardzero_plus_depr__c0p54__z1p05__lam0p030__nu0p50__psi1p00,hardzero_plus_depr,0.02,41,1087,0.0,1,0.5063389,0.5063389,1.0960602,0.0,0.080156706,0.0,0.0,1.41771e-16,-28.596752,2.4113805,0.80379355,0.096,0.0,0.1778866,32.580296,32.610294,3481600
hardzero_plus_depr__c0p54__z1p05__lam0p030__nu0p50__psi1p00,hardzero_plus_depr,0.02,41,1088,0.0,1,0.5063389,0.5063389,1.0574222,0.0,0.08761488,0.0,0.0,1.375812e-16,-28.032139,2.3263752,0.77545846,0.16000001,0.0,0.1667143,32.610294,32.640293,3484800
hardzero_plus_depr__c0p54__z1p05__lam0p030__nu0p50__psi1p00,hardzero_plus_depr,0.02,41,1089,0.0,1,0.5063389,0.5063389,1.0704039,0.0,0.085034676,0.0,0.0,1.3351522e-16,-27.3857,2.3549356,0.78497857,0.120000005,0.0,0.17431585,32.640293,32.67029,3488000
hardzero_plus_depr__c0p54__z1p05__lam0p030__nu0p50__psi1p00,hardzero_plus_depr,0.02,41,1090,0.0,1,0.5063389,0.5063389,1.1146122,0.0,0.0768047,0.0,0.0,1.2956941e-16,-28.895615,2.452196,0.81739867,0.16000001,0.0,0.17205617,32.67029,32.70029,3491200
hardzero_plus_depr__c0p54__z1p05__lam0p030__nu0p50__psi1p00,hardzero_plus_depr,0.02,41,1091,0.0,1,0.5063389,0.5063389,1.0571876,0.0,0.087662205,0.0,0.0,1.2574021e-16,-28.070133,2.325859,0.7752864,0.16000001,0.0,0.17555219,32.70029,32.73029,3494400
hardzero_plus_depr__c0p54__z1p05__lam0p030__nu0p50__psi1p00,hardzero_plus_depr,0.02,41,1092,0.0,1,0.5063389,0.5063389,1.0123733,0.09719115,0.09719115,1.0,1.185967e-17,1.2202418e-16,-27.117435,2.2272658,0.742422,0.21,0.0,0.13631949,32.73029,32.76029,3497600
hardzero_plus_depr__c0p54__z1p05__lam0p030__nu0p50__psi1p00,hardzero_plus_depr,0.02,41,1093,0.0,1,0.5063389,0.5063389,0.9706554,0.10699035,0.10699035,1.0,1.2669579e-17,1.1841796e-16,-26.54186,2.1354845,0.7118282,0.224,0.008,0.1433023,32.76029,32.790287,3500800
hardzero_plus_depr__c0p54__z1p05__lam0p030__nu0p50__psi1p00,hardzero_plus_depr,0.02,41,1094,0.0,1,0.5063389,0.5063389,1.0253601,0.094327845,0.094327845,1.0,1.0839998e-17,1.1491832e-16,-27.641317,2.2558372,0.75194573,0.15200001,0.0,0.15943453,32.790287,32.820286,3504000
hardzero_plus_depr__c0p54__z1p05__lam0p030__nu0p50__psi1p00,hardzero_plus_depr,0.02,41,1095,0.0,1,0.5063389,0.5063389,1.0433487,0.09050058,0.09050058,1.0,1.0092815e-17,1.115221e-16,-27.129156,2.295413,0.7651377,0.208,0.0,0.17218809,32.820286,32.850285,3507200
hardzero_plus_depr__c0p54__z1p05__lam0p030__nu0p50__psi1p00,hardzero_plus_depr,0.02,41,1096,0.0,1,0.5063389,0.5063389,1.0066954,0.09847017,0.09847017,1.0,1.0657058e-17,1.08226267e-16,-27.015919,2.2147741,0.73825806,0.15200001,0.0,0.1469655,32.850285,32.880283,3510400
hardzero_plus_depr__c0p54__z1p05__lam0p030__nu0p50__psi1p00,hardzero_plus_depr,0.02,41,1097,0.0,1,0.5063389,0.5063389,1.0380008,0.091621876,0.091621876,1.0,9.622846e-18,1.0502782e-16,-27.6358,2.2836475,0.76121587,0.16000001,0.0,0.17226797,32.880283,32.910282,3513600
hardzero_plus_depr__c0p54__z1p05__lam0p030__nu0p50__psi1p00,hardzero_plus_depr,0.02,41,1098,0.0,1,0.5063389,0.5063389,0.98818713,0.10275735,0.10275735,1.0,1.047343e-17,1.01923905e-16,-26.439028,2.174055,0.7246851,0.14400001,0.0,0.1282119,32.910282,32.94028,3516800
hardzero_plus_depr__c0p54__z1p05__lam0p030__nu0p50__psi1p00,hardzero_plus_depr,0.02,41,1099,0.0,1,0.5063389,0.5063389,0.9757287,0.10574778,0.10574778,1.0,1.0459695e-17,9.8911717e-17,-26.316273,2.146646,0.7155487,0.18400002,0.0,0.14066681,32.94028,32.97028,3520000
hardzero_plus_depr__c0p54__z1p05__lam0p030__nu0p50__psi1p00,hardzero_plus_depr,0.02,41,1100,0.0,1,0.5063389,0.5063389,1.0921004,0.0,0.08089089,0.0,0.0,9.598856e-17,-28.45232,2.4026687,0.8008896,0.120000005,0.0,0.1782102,32.97028,33.00028,3523200
hardzero_plus_depr__c0p54__z1p05__lam0p030__nu0p50__psi1p00,hardzero_plus_depr,0.02,41,1101,0.0,1,0.5063389,0.5063389,1.0918236,0.0,0.080942474,0.0,0.0,9.315178e-17,-28.331646,2.4020598,0.8006866,0.096,0.0,0.17680635,33.00028,33.030277,3526400
hardzero_plus_depr__c0p54__z1p05__lam0p030__nu0p50__psi1p00,hardzero_plus_depr,0.02,41,1102,0.0,1,0.5063389,0.5063389,1.0178351,0.095976494,0.095976494,1.0,8.6761634e-18,9.039884e-17,-27.380194,2.2392821,0.7464274,0.15200001,0.0,0.14195064,33.030277,33.060276,3529600
hardzero_plus_depr__c0p54__z1p05__lam0p030__nu0p50__psi1p00,hardzero_plus_depr,0.02,41,1103,0.0,1,0.5063389,0.5063389,1.0769769,0.0,0.08375738,0.0,0.0,8.772726e-17,-27.725227,2.3693964,0.78979886,0.128,0.0,0.1658757,33.060276,33.090275,3532800
hardzero_plus_depr__c0p54__z1p05__lam0p030__nu0p50__psi1p00,hardzero_plus_depr,0.02,41,1104,0.0,1,0.5063389,0.5063389,1.0412515,0.090938635,0.090938635,1.0,7.742027e-18,8.5134626e-17,-27.379208,2.2907991,0.76359975,0.14400001,0.0,0.1716418,33.090275,33.120274,3536000
hardzero_plus_depr__c0p54__z1p05__lam0p030__nu0p50__psi1p00,hardzero_plus_depr,0.02,41,1105,0.0,1,0.5063389,0.5063389,1.0548458,0.0,0.08813617,0.0,0.0,8.261862e-17,-28.295689,2.320707,0.77356905,0.14,0.0,0.1677806,33.120274,33.150272,3539200
hardzero_plus_depr__c0p54__z1p05__lam0p030__nu0p50__psi1p00,hardzero_plus_depr,0.02,41,1106,0.0,1,0.5063389,0.5063389,1.0412852,0.09093161,0.09093161,1.0,7.29062e-18,8.017696e-17,-27.666294,2.290873,0.76362437,0.18400002,0.0,0.17262934,33.150272,33.18027,3542400
hardzero_plus_depr__c0p54__z1p05__lam0p030__nu0p50__psi1p00,hardzero_plus_depr,0.02,41,1107,0.0,1,0.5063389,0.5063389,1.0747992,0.0,0.08417843,0.0,0.0,7.7807474e-17,-28.407635,2.3646054,0.7882018,0.14400001,0.0,0.17082962,33.18027,33.21027,3545600
hardzero_plus_depr__c0p54__z1p05__lam0p030__nu0p50__psi1p00,hardzero_plus_depr,0.02,41,1108,0.0,1,0.5063389,0.5063389,1.1009219,0.0,0.079264395,0.0,0.0,7.550801e-17,-28.02799,2.4220765,0.80735886,0.120000005,0.0,0.15832047,33.21027,33.24027,3548800
hardzero_plus_depr__c0p54__z1p05__lam0p030__nu0p50__psi1p00,hardzero_plus_depr,0.02,41,1109,0.0,1,0.5063389,0.5063389,1.0515538,0.0,0.08880678,0.0,0.0,7.3276496e-17,-27.203825,2.3134646,0.7711549,0.16000001,0.0,0.16497956,33.24027,33.270267,3552000
hardzero_plus_depr__c0p54__z1p05__lam0p030__nu0p50__psi1p00,hardzero_plus_depr,0.02,41,1110,0.0,1,0.5063389,0.5063389,1.0670403,0.0,0.085695826,0.0,0.0,7.111094e-17,-27.463749,2.3475356,0.7825119,0.136,0.0,0.18215697,33.270267,33.300266,3555200
hardzero_plus_depr__c0p54__z1p05__lam0p030__nu0p50__psi1p00,hardzero_plus_depr,0.02,41,1111,0.0,1,0.5063389,0.5063389,1.0364176,0.09195648,0.09195648,1.0,6.345859e-18,6.9009376e-17,-27.419271,2.2801642,0.76005477,0.15200001,0.0,0.14236672,33.300266,33.330265,3558400
hardzero_plus_depr__c0p54__z1p05__lam0p030__nu0p50__psi1p00,hardzero_plus_depr,0.02,41,1112,0.0,1,0.5063389,0.5063389,0.98294336,0.10400558,0.10400558,1.0,6.965246e-18,6.6969925e-17,-27.227777,2.1625185,0.7208395,0.17600001,0.0,0.1525555,33.330265,33.360264,3561600
hardzero_plus_depr__c0p54__z1p05__lam0p030__nu0p50__psi1p00,hardzero_plus_depr,0.02,41,1113,0.0,1,0.5063389,0.5063389,0.9895113,0.10244451,0.10244451,1.0,6.6579445e-18,6.499074e-17,-26.282635,2.1769683,0.72565615,0.14400001,0.0,0.14126347,33.360264,33.390263,3564800
hardzero_plus_depr__c0p54__z1p05__lam0p030__nu0p50__psi1p00,hardzero_plus_depr,0.02,41,1114,0.0,1,0.5063389,0.5063389,1.0344242,0.09237954,0.09237954,1.0,5.8263827e-18,6.3070053e-17,-26.924297,2.2757785,0.75859284,0.128,0.008,0.1564363,33.390263,33.42026,3568000
hardzero_plus_depr__c0p54__z1p05__lam0p030__nu0p50__psi1p00,hardzero_plus_depr,0.02,41,1115,0.0,1,0.5063389,0.5063389,1.0164299,0.096287526,0.096287526,1.0,5.8933864e-18,6.1206124e-17,-27.195896,2.2361903,0.7453968,0.16800001,0.0,0.14959715,33.42026,33.45026,3571200
hardzero_plus_depr__c0p54__z1p05__lam0p030__nu0p50__psi1p00,hardzero_plus_depr,0.02,41,1116,0.0,1,0.5063389,0.5063389,1.0240768,0.09460697,0.09460697,1.0,5.619397e-18,5.939728e-17,-27.39173,2.253014,0.7510047,0.2,0.0,0.14515568,33.45026,33.48026,3574400
hardzero_plus_depr__c0p54__z1p05__lam0p030__nu0p50__psi1p00,hardzero_plus_depr,0.02,41,1117,0.0,1,0.5063389,0.5063389,1.0325174,0.09278602,0.09278602,1.0,5.348363e-18,5.76419e-17,-28.012684,2.2715838,0.75719464,0.16000001,0.0,0.14373209,33.48026,33.510258,3577600
hardzero_plus_depr__c0p54__z1p05__lam0p030__nu0p50__psi1p00,hardzero_plus_depr,0.02,41,1118,0.0,1,0.5063389,0.5063389,1.0683595,0.0,0.08543593,0.0,0.0,5.5938393e-17,-26.910898,2.3504379,0.78347933,0.14,0.0,0.144343,33.510258,33.540257,3580800
hardzero_plus_depr__c0p54__z1p05__lam0p030__nu0p50__psi1p00,hardzero_plus_depr,0.02,41,1119,0.0,1,0.5063389,0.5063389,1.0573707,0.0,0.087625265,0.0,0.0,5.4285227e-17,-27.804749,2.326262,0.77542067,0.2,0.0,0.1660842,33.540257,33.570255,3584000
hardzero_plus_depr__c0p54__z1p05__lam0p030__nu0p50__psi1p00,hardzero_plus_depr,0.02,41,1120,0.0,1,0.5063389,0.5063389,0.9545649,0.11102865,0.11102865,1.0,5.8490913e-18,5.268092e-17,-26.288265,2.1000848,0.7000283,0.14400001,0.0,0.14037244,33.570255,33.600254,3587200
hardzero_plus_depr__c0p54__z1p05__lam0p030__nu0p50__psi1p00,hardzero_plus_depr,0.02,41,1121,0.0,1,0.5063389,0.5063389,0.97655773,0.1055461,0.1055461,1.0,5.3959423e-18,5.1124033e-17,-27.312162,2.14847,0.71615666,0.17600001,0.0,0.14730513,33.600254,33.630253,3590400
hardzero_plus_depr__c0p54__z1p05__lam0p030__nu0p50__psi1p00,hardzero_plus_depr,0.02,41,1122,0.0,1,0.5063389,0.5063389,1.0533285,0.0,0.088444635,0.0,0.0,4.9613142e-17,-27.404655,2.317369,0.77245635,0.08800001,0.0,0.14131337,33.630253,33.66025,3593600
hardzero_plus_depr__c0p54__z1p05__lam0p030__nu0p50__psi1p00,hardzero_plus_depr,0.02,41,1123,0.0,1,0.5063389,0.5063389,1.0063062,0.09855845,0.09855845,1.0,4.745285e-18,4.814691e-17,-27.583246,2.2139177,0.7379726,0.2,0.008,0.16693425,33.66025,33.69025,3596800
hardzero_plus_depr__c0p54__z1p05__lam0p030__nu0p50__psi1p00,hardzero_plus_depr,0.02,41,1124,0.0,1,0.5063389,0.5063389,1.0464879,0.089848764,0.089848764,1.0,4.198095e-18,4.6724015e-17,-27.655247,2.3023193,0.7674398,0.14400001,0.0,0.16287681,33.69025,33.72025,3600000
hardzero_plus_depr__c0p54__z1p05__lam0p030__nu0p50__psi1p00,hardzero_plus_depr,0.02,41,1125,0.0,1,0.5063389,0.5063389,1.0557698,0.0,0.087948866,0.0,0.0,4.5343163e-17,-27.324457,2.3227398,0.77424663,0.08800001,0.0,0.148363,33.72025,33.750248,3603200
hardzero_plus_depr__c0p54__z1p05__lam0p030__nu0p50__psi1p00,hardzero_plus_depr,0.02,41,1126,0.0,1,0.5063389,0.5063389,1.0255172,0.09429371,0.09429371,1.0,4.149218e-18,4.4003127e-17,-27.585823,2.256183,0.752061,0.224,0.0,0.15937479,33.750248,33.780247,3606400
hardzero_plus_depr__c0p54__z1p05__lam0p030__nu0p50__psi1p00,hardzero_plus_depr,0.02,41,1127,0.0,1,0.5063389,0.5063389,1.0361838,0.09200601,0.09200601,1.0,3.928904e-18,4.270269e-17,-26.781696,2.27965,0.75988334,0.17600001,0.0,0.1817489,33.780247,33.810246,3609600
hardzero_plus_depr__c0p54__z1p05__lam0p030__nu0p50__psi1p00,hardzero_plus_depr,0.02,41,1128,0.0,1,0.5063389,0.5063389,1.0391725,0.09137502,0.09137502,1.0,3.7866434e-18,4.1440683e-17,-28.147104,2.2862253,0.7620751,0.18400002,0.0,0.16569394,33.810246,33.840244,3612800
hardzero_plus_depr__c0p54__z1p05__lam0p030__nu0p50__psi1p00,hardzero_plus_depr,0.02,41,1129,0.0,1,0.5063389,0.5063389,1.0540348,0.0,0.08830091,0.0,0.0,4.0215976e-17,-27.161491,2.318923,0.7729744,0.18400002,0.0,0.17414343,33.840244,33.870243,3616000
hardzero_plus_depr__c0p54__z1p05__lam0p030__nu0p50__psi1p00,hardzero_plus_depr,0.02,41,1130,0.0,1,0.5063389,0.5063389,1.1061192,0.0,0.07832148,0.0,0.0,3.902746e-17,-28.709814,2.4335108,0.8111703,0.136,0.0,0.17896642,33.870243,33.90024,3619200
hardzero_plus_depr__c0p54__z1p05__lam0p030__nu0p50__psi1p00,hardzero_plus_depr,0.02,41,1131,0.0,1,0.5063389,0.5063389,1.0524927,0.0,0.08861501,0.0,0.0,3.7874072e-17,-28.092447,2.3155303,0.77184343,0.19999999,0.0,0.20135778,33.90024,33.93024,3622400
hardzero_plus_depr__c0p54__z1p05__lam0p030__nu0p50__psi1p00,hardzero_plus_depr,0.02,41,1132,0.0,1,0.5063389,0.5063389,1.1036447,0.0,0.07876898,0.0,0.0,3.675477e-17,-29.165157,2.428067,0.8093557,0.15200001,0.0,0.17139502,33.93024,33.96024,3625600
hardzero_plus_depr__c0p54__z1p05__lam0p030__nu0p50__psi1p00,hardzero_plus_depr,0.02,41,1133,0.0,1,0.5063389,0.5063389,1.0484998,0.089433484,0.089433484,1.0,3.1899625e-18,3.5668547e-17,-27.33565,2.3067458,0.7689153,0.136,0.0,0.1669175,33.96024,33.99024,3628800
hardzero_plus_depr__c0p54__z1p05__lam0p030__nu0p50__psi1p00,hardzero_plus_depr,0.02,41,1134,0.0,1,0.5063389,0.5063389,1.0226994,0.09490751,0.09490751,1.0,3.2851687e-18,3.4614425e-17,-27.448692,2.2499835,0.7499945,0.136,0.0,0.15260018,33.99024,34.020237,3632000
hardzero_plus_depr__c0p54__z1p05__lam0p030__nu0p50__psi1p00,hardzero_plus_depr,0.02,41,1135,0.0,1,0.5063389,0.5063389,1.0836825,0.0,0.082474075,0.0,0.0,3.359145e-17,-28.41313,2.384149,0.79471636,0.128,0.0,0.15630493,34.020237,34.050236,3635200
hardzero_plus_depr__c0p54__z1p05__lam0p030__nu0p50__psi1p00,hardzero_plus_depr,0.02,41,1136,0.0,1,0.5063389,0.5063389,1.0845255,0.0,0.082314156,0.0,0.0,3.2598718e-17,-28.660978,2.3860037,0.7953346,0.16800001,0.0,0.1800187,34.050236,34.080235,3638400
hardzero_plus_depr__c0p54__z1p05__lam0p030__nu0p50__psi1p00,hardzero_plus_depr,0.02,41,1137,0.0,1,0.5063389,0.5063389,1.0256343,0.094268315,0.094268315,1.0,2.982208e-18,3.1635317e-17,-27.214989,2.2564404,0.75214684,0.192,0.0,0.18008591,34.080235,34.110233,3641600
hardzero_plus_depr__c0p54__z1p05__lam0p030__nu0p50__psi1p00,hardzero_plus_depr,0.02,41,1138,0.0,1,0.5063389,0.5063389,1.0107882,0.09754651,0.09754651,1.0,2.9947158e-18,3.0700388e-17,-27.61937,2.2237785,0.7412595,0.18400002,0.0,0.15959868,34.110233,34.140232,3644800
hardzero_plus_depr__c0p54__z1p05__lam0p030__nu0p50__psi1p00,hardzero_plus_depr,0.02,41,1139,0.0,1,0.5063389,0.5063389,1.0477358,0.08959096,0.08959096,1.0,2.6691915e-18,2.979309e-17,-27.156757,2.305065,0.768355,0.128,0.0,0.15984103,34.140232,34.17023,3648000
hardzero_plus_depr__c0p54__z1p05__lam0p030__nu0p50__psi1p00,hardzero_plus_depr,0.02,41,1140,0.0,1,0.5063389,0.5063389,1.0594103,0.0,0.08721468,0.0,0.0,2.891261e-17,-27.597794,2.3307493,0.77691644,0.18400002,0.0,0.15041037,34.17023,34.20023,3651200
hardzero_plus_depr__c0p54__z1p05__lam0p030__nu0p50__psi1p00,hardzero_plus_depr,0.02,41,1141,0.0,1,0.5063389,0.5063389,0.9558735,0.1106946,0.1106946,1.0,3.1058851e-18,2.8058145e-17,-26.485697,2.1029637,0.70098794,0.18400002,0.0,0.15918045,34.20023,34.23023,3654400
hardzero_plus_depr__c0p54__z1p05__lam0p030__nu0p50__psi1p00,hardzero_plus_depr,0.02,41,1142,0.0,1,0.5063389,0.5063389,1.0034286,0.09921366,0.09921366,1.0,2.7014823e-18,2.7228936e-17,-27.297224,2.207587,0.7358624,0.136,0.0,0.14486049,34.23023,34.260227,3657600
hardzero_plus_depr__c0p54__z1p05__lam0p030__nu0p50__psi1p00,hardzero_plus_depr,0.02,41,1143,0.0,1,0.5063389,0.5063389,0.9895794,0.10242846,0.10242846,1.0,2.7065933e-18,2.6424232e-17,-26.728338,2.177118,0.72570604,0.192,0.0,0.1327148,34.260227,34.290226,3660800
hardzero_plus_depr__c0p54__z1p05__lam0p030__nu0p50__psi1p00,hardzero_plus_depr,0.02,41,1144,0.0,1,0.5063389,0.5063389,1.1050591,0.0,0.07851287,0.0,0.0,2.5643307e-17,-28.427555,2.4311786,0.81039286,0.13,0.0,0.16426344,34.290226,34.320225,3664000
hardzero_plus_depr__c0p54__z1p05__lam0p030__nu0p50__psi1p00,hardzero_plus_depr,0.02,41,1145,0.0,1,0.5063389,0.5063389,1.025296,0.09434177,0.09434177,1.0,2.347739e-18,2.4885466e-17,-26.755426,2.2556963,0.75189877,0.128,0.008,0.15603128,34.320225,34.350224,3667200
hardzero_plus_depr__c0p54__z1p05__lam0p030__nu0p50__psi1p00,hardzero_plus_depr,0.02,41,1146,0.0,1,0.5063389,0.5063389,1.0176122,0.09602577,0.09602577,1.0,2.319024e-18,2.4150018e-17,-27.472834,2.2387917,0.7462639,0.14400001,0.0,0.16084243,34.350224,34.380222,3670400
hardzero_plus_depr__c0p54__z1p05__lam0p030__nu0p50__psi1p00,hardzero_plus_depr,0.02,41,1147,0.0,1,0.5063389,0.5063389,1.0592265,0.0,0.08725162,0.0,0.0,2.3436305e-17,-27.683756,2.330345,0.7767817,0.16000001,0.0,0.1839651,34.380222,34.41022,3673600
hardzero_plus_depr__c0p54__z1p05__lam0p030__nu0p50__psi1p00,hardzero_plus_depr,0.02,41,1148,0.0,1,0.5063389,0.5063389,1.014725,0.09666628,0.09666628,1.0,2.1985474e-18,2.2743685e-17,-27.633106,2.2324395,0.7441465,0.2,0.0,0.16465834,34.41022,34.44022,3676800
hardzero_plus_depr__c0p54__z1p05__lam0p030__nu0p50__psi1p00,hardzero_plus_depr,0.02,41,1149,0.0,1,0.5063389,0.5063389,1.0760286,0.0,0.083940476,0.0,0.0,2.2071535e-17,-27.899565,2.3673103,0.78910345,0.120000005,0.0,0.15967362,34.44022,34.47022,3680000
hardzero_plus_depr__c0p54__z1p05__lam0p030__nu0p50__psi1p00,hardzero_plus_depr,0.02,41,1150,0.0,1,0.5063389,0.5063389,1.0226924,0.09490902,0.09490902,1.0,2.03288e-18,2.1419248e-17,-27.192545,2.2499683,0.74998945,0.15200001,0.0,0.17280401,34.47022,34.500217,3683200
hardzero_plus_depr__c0p54__z1p05__lam0p030__nu0p50__psi1p00,hardzero_plus_depr,0.02,41,1151,0.0,1,0.5063389,0.5063389,1.0903616,0.0,0.0812154,0.0,0.0,2.0786238e-17,-28.892107,2.3988433,0.7996144,0.15200001,0.0,0.18404996,34.500217,34.530216,3686400
hardzero_plus_depr__c0p54__z1p05__lam0p030__nu0p50__psi1p00,hardzero_plus_depr,0.02,41,1152,0.0,1,0.5063389,0.5063389,1.0596507,0.0,0.08716643,0.0,0.0,2.0171939e-17,-28.201595,2.331278,0.7770927,0.17600001,0.0,0.1706535,34.530216,34.560215,3689600
hardzero_plus_depr__c0p54__z1p05__lam0p030__nu0p50__psi1p00,hardzero_plus_depr,0.02,41,1153,0.0,1,0.5063389,0.5063389,1.0257941,0.09423361,0.09423361,1.0,1.8446973e-18,1.957579e-17,-27.140919,2.2567923,0.75226414,0.16000001,0.0,0.15074699,34.560215,34.590214,3692800
hardzero_plus_depr__c0p54__z1p05__lam0p030__nu0p50__psi1p00,hardzero_plus_depr,0.02,41,1154,0.0,1,0.5063389,0.5063389,1.0423361,0.090711825,0.090711825,1.0,1.7232762e-18,1.8997262e-17,-27.472198,2.2931852,0.7643951,0.14400001,0.0,0.15220302,34.590214,34.620213,3696000
hardzero_plus_depr__c0p54__z1p05__lam0p030__nu0p50__psi1p00,hardzero_plus_depr,0.02,41,1155,0.0,1,0.5063389,0.5063389,1.0110464,0.09748855,0.09748855,1.0,1.7972825e-18,1.8435831e-17,-27.567759,2.2243464,0.7414488,0.192,0.0,0.15603854,34.620213,34.65021,3699200
hardzero_plus_depr__c0p54__z1p05__lam0p030__nu0p50__psi1p00,hardzero_plus_depr,0.02,41,1156,0.0,1,0.5063389,0.5063389,1.0312119,0.09306537,0.09306537,1.0,1.6650319e-18,1.7890992e-17,-26.854158,2.2687113,0.75623715,0.096,0.0,0.1525525,34.65021,34.68021,3702400
hardzero_plus_depr__c0p54__z1p05__lam0p030__nu0p50__psi1p00,hardzero_plus_depr,0.02,41,1157,0.0,1,0.5063389,0.5063389,1.030716,0.09317169,0.09317169,1.0,1.6176705e-18,1.7362253e-17,-27.113054,2.2676203,0.75587344,0.089999996,0.0,0.15495662,34.68021,34.71021,3705600
hardzero_plus_depr__c0p54__z1p05__lam0p030__nu0p50__psi1p00,hardzero_plus_depr,0.02,41,1158,0.0,1,0.5063389,0.5063389,0.99645394,0.100819856,0.100819856,1.0,1.698728e-18,1.6849141e-17,-26.418705,2.1922424,0.73074746,0.16800001,0.0,0.1517994,34.71021,34.740208,3708800
hardzero_plus_depr__c0p54__z1p05__lam0p030__nu0p50__psi1p00,hardzero_plus_depr,0.02,41,1159,0.0,1,0.5063389,0.5063389,1.0052029,0.098809145,0.098809145,1.0,1.6156476e-18,1.6351195e-17,-26.503841,2.2114906,0.73716354,0.24000001,0.0,0.14899382,34.740208,34.770206,3712000
hardzero_plus_depr__c0p54__z1p05__lam0p030__nu0p50__psi1p00,hardzero_plus_depr,0.02,41,1160,0.0,1,0.5063389,0.5063389,1.0662311,0.0,0.08585565,0.0,0.0,1.5867963e-17,-28.25095,2.3457553,0.78191847,0.136,0.0,0.2003272,34.770206,34.800205,3715200
hardzero_plus_depr__c0p54__z1p05__lam0p030__nu0p50__psi1p00,hardzero_plus_depr,0.02,41,1161,0.0,1,0.5063389,0.5063389,1.015149,0.09657195,0.09657195,1.0,1.4871127e-18,1.5399013e-17,-27.395947,2.2333724,0.7444575,0.256,0.0,0.1655974,34.800205,34.830204,3718400
hardzero_plus_depr__c0p54__z1p05__lam0p030__nu0p50__psi1p00,hardzero_plus_depr,0.02,41,1162,0.0,1,0.5063389,0.5063389,1.0780996,0.0,0.08354113,0.0,0.0,1.4943923e-17,-28.11912,2.3718665,0.7906222,0.136,0.0,0.16671336,34.830204,34.860203,3721600
hardzero_plus_depr__c0p54__z1p05__lam0p030__nu0p50__psi1p00,hardzero_plus_depr,0.02,41,1163,0.0,1,0.5063389,0.5063389,1.0155029,0.09649328,0.09649328,1.0,1.3993726e-18,1.450228e-17,-27.618244,2.2341511,0.74471706,0.17600001,0.0,0.16080792,34.860203,34.8902,3724800
hardzero_plus_depr__c0p54__z1p05__lam0p030__nu0p50__psi1p00,hardzero_plus_depr,0.02,41,1164,0.0,1,0.5063389,0.5063389,1.0415835,0.09086914,0.09086914,1.0,1.2788642e-18,1.407369e-17,-27.784452,2.2915294,0.7638432,0.16000001,0.0,0.15535131,34.8902,34.9202,3728000
hardzero_plus_depr__c0p54__z1p05__lam0p030__nu0p50__psi1p00,hardzero_plus_depr,0.02,41,1165,0.0,1,0.5063389,0.5063389,1.0866739,0.0,0.08190796,0.0,0.0,1.3657767e-17,-27.661158,2.3907301,0.79691005,0.120000005,0.0,0.18505791,34.9202,34.9502,3731200
hardzero_plus_depr__c0p54__z1p05__lam0p030__nu0p50__psi1p00,hardzero_plus_depr,0.02,41,1166,0.0,1,0.5063389,0.5063389,0.9772698,0.10537319,0.10537319,1.0,1.3966305e-18,1.3254135e-17,-27.670368,2.1500366,0.71667886,0.23200001,0.008,0.18052056,34.9502,34.980198,3734400
hardzero_plus_depr__c0p54__z1p05__lam0p030__nu0p50__psi1p00,hardzero_plus_depr,0.02,41,1167,0.0,1,0.5063389,0.5063389,1.0011401,0.09973782,0.09973782,1.0,1.2828709e-18,1.2862431e-17,-26.401217,2.2025523,0.73418415,0.136,0.0,0.13466989,34.980198,35.010197,3737600
hardzero_plus_depr__c0p54__z1p05__lam0p030__nu0p50__psi1p00,hardzero_plus_depr,0.02,41,1168,0.0,1,0.5063389,0.5063389,0.9885302,0.10267619,0.10267619,1.0,1.2816355e-18,1.2482304e-17,-26.146547,2.17481,0.72493666,0.136,0.0,0.14651054,35.010197,35.040195,3740800
hardzero_plus_depr__c0p54__z1p05__lam0p030__nu0p50__psi1p00,hardzero_plus_depr,0.02,41,1169,0.0,1,0.5063389,0.5063389,1.01223,0.0972232,0.0972232,1.0,1.1777046e-18,1.2113411e-17,-27.686634,2.2269506,0.7423169,0.208,0.0,0.17952166,35.040195,35.070194,3744000
hardzero_plus_depr__c0p54__z1p05__lam0p030__nu0p50__psi1p00,hardzero_plus_depr,0.02,41,1170,0.0,1,0.5063389,0.5063389,1.0999578,0.0,0.07944053,0.0,0.0,1.175542e-17,-28.216103,2.4199555,0.80665183,0.12,0.0,0.15963289,35.070194,35.100193,3747200
hardzero_plus_depr__c0p54__z1p05__lam0p030__nu0p50__psi1p00,hardzero_plus_depr,0.02,41,1171,0.0,1,0.5063389,0.5063389,1.0018252,0.099580616,0.099580616,1.0,1.1360166e-18,1.14080085e-17,-27.123543,2.2040596,0.73468655,0.216,0.0,0.15070598,35.100193,35.13019,3750400
hardzero_plus_depr__c0p54__z1p05__lam0p030__nu0p50__psi1p00,hardzero_plus_depr,0.02,41,1172,0.0,1,0.5063389,0.5063389,1.0289212,0.09355753,0.09355753,1.0,1.0357627e-18,1.10708646e-17,-27.481447,2.2636719,0.7545573,0.120000005,0.0,0.18437323,35.13019,35.16019,3753600
hardzero_plus_depr__c0p54__z1p05__lam0p030__nu0p50__psi1p00,hardzero_plus_depr,0.02,41,1173,0.0,1,0.5063389,0.5063389,1.0350785,0.09224047,0.09224047,1.0,9.910024e-19,1.0743684e-17,-26.959553,2.2772183,0.7590728,0.192,0.0,0.1479676,35.16019,35.19019,3756800
hardzero_plus_depr__c0p54__z1p05__lam0p030__nu0p50__psi1p00,hardzero_plus_depr,0.02,41,1174,0.0,1,0.5063389,0.5063389,1.0617976,0.0,0.086736605,0.0,0.0,1.0426172e-17,-27.703196,2.3360014,0.77866715,0.120000005,0.0,0.15431735,35.19019,35.22019,3760000
hardzero_plus_depr__c0p54__z1p05__lam0p030__nu0p50__psi1p00,hardzero_plus_depr,0.02,41,1175,0.0,1,0.5063389,0.5063389,1.0816423,0.0,0.08286244,0.0,0.0,1.0118045e-17,-27.960777,2.3796606,0.7932202,0.120000005,0.0,0.19272973,35.22019,35.250187,3763200
hardzero_plus_depr__c0p54__z1p05__lam0p030__nu0p50__psi1p00,hardzero_plus_depr,0.02,41,1176,0.0,1,0.5063389,0.5063389,0.9944455,0.101287186,0.101287186,1.0,9.945413e-19,9.8190235e-18,-26.885933,2.1878238,0.72927463,0.16000001,0.0,0.14726195,35.250187,35.280186,3766400
hardzero_plus_depr__c0p54__z1p05__lam0p030__nu0p50__psi1p00,hardzero_plus_depr,0.02,41,1177,0.0,1,0.5063389,0.5063389,1.0229257,0.09485806,0.09485806,1.0,9.038872e-19,9.52884e-18,-27.08852,2.2504816,0.7501606,0.17600001,0.0,0.14781027,35.280186,35.310184,3769600
hardzero_plus_depr__c0p54__z1p05__lam0p030__nu0p50__psi1p00,hardzero_plus_depr,0.02,41,1178,0.0,1,0.5063389,0.5063389,1.0568341,0.0,0.08773359,0.0,0.0,9.247231e-18,-27.910471,2.3250813,0.77502716,0.056,0.0,0.1495335,35.310184,35.340183,3772800
hardzero_plus_depr__c0p54__z1p05__lam0p030__nu0p50__psi1p00,hardzero_plus_depr,0.02,41,1179,0.0,1,0.5063389,0.5063389,1.0020219,0.09953552,0.09953552,1.0,8.932262e-19,8.973945e-18,-26.350391,2.204492,0.73483074,0.208,0.0,0.1626721,35.340183,35.370182,3776000
hardzero_plus_depr__c0p54__z1p05__lam0p030__nu0p50__psi1p00,hardzero_plus_depr,0.02,41,1180,0.0,1,0.5063389,0.5063389,1.0561639,0.0,0.08786907,0.0,0.0,8.708735e-18,-27.700571,2.323607,0.77453566,0.17600001,0.0,0.17013791,35.370182,35.40018,3779200
hardzero_plus_depr__c0p54__z1p05__lam0p030__nu0p50__psi1p00,hardzero_plus_depr,0.02,41,1181,0.0,1,0.5063389,0.5063389,1.0568651,0.0,0.08772734,0.0,0.0,8.451364e-18,-28.085402,2.3251495,0.77504987,0.136,0.0,0.15241975,35.40018,35.43018,3782400
hardzero_plus_depr__c0p54__z1p05__lam0p030__nu0p50__psi1p00,hardzero_plus_depr,0.02,41,1182,0.0,1,0.5063389,0.5063389,1.0093372,0.09787298,0.09787298,1.0,8.027149e-19,8.201598e-18,-26.855972,2.220586,0.7401954,0.14400001,0.0,0.15897325,35.43018,35.46018,3785600
hardzero_plus_depr__c0p54__z1p05__lam0p030__nu0p50__psi1p00,hardzero_plus_depr,0.02,41,1183,0.0,1,0.5063389,0.5063389,0.98287386,0.10402222,0.10402222,1.0,8.2793516e-19,7.9592146e-18,-25.672968,2.1623657,0.7207886,0.22,0.0,0.13845879,35.46018,35.490177,3788800
hardzero_plus_depr__c0p54__z1p05__lam0p030__nu0p50__psi1p00,hardzero_plus_depr,0.02,41,1184,0.0,1,0.5063389,0.5063389,1.0296397,0.09340287,0.09340287,1.0,7.2144315e-19,7.723993e-18,-27.641264,2.2652526,0.7550842,0.18400002,0.0,0.14703354,35.490177,35.520176,3792000
hardzero_plus_depr__c0p54__z1p05__lam0p030__nu0p50__psi1p00,hardzero_plus_depr,0.02,41,1185,0.0,1,0.5063389,0.5063389,1.0283535,0.09367993,0.09367993,1.0,7.0219895e-19,7.495725e-18,-27.432838,2.2624228,0.754141,0.14400001,0.0,0.13838685,35.520176,35.550175,3795200
hardzero_plus_depr__c0p54__z1p05__lam0p030__nu0p50__psi1p00,hardzero_plus_depr,0.02,41,1186,0.0,1,0.5063389,0.5063389,1.0093784,0.09786369,0.09786369,1.0,7.118801e-19,7.274201e-18,-26.685732,2.220677,0.7402257,0.192,0.0,0.1465973,35.550175,35.580173,3798400
hardzero_plus_depr__c0p54__z1p05__lam0p030__nu0p50__psi1p00,hardzero_plus_depr,0.02,41,1187,0.0,1,0.5063389,0.5063389,1.0400873,0.091182746,0.091182746,1.0,6.436795e-19,7.059225e-18,-27.04917,2.2882378,0.762746,0.104,0.0,0.14853154,35.580173,35.610172,3801600
hardzero_plus_depr__c0p54__z1p05__lam0p030__nu0p50__psi1p00,hardzero_plus_depr,0.02,41,1188,0.0,1,0.5063389,0.5063389,1.0045557,0.09895648,0.09895648,1.0,6.779113e-19,6.8506006e-18,-26.81329,2.2100668,0.736689,0.18400002,0.0,0.16414991,35.610172,35.64017,3804800
hardzero_plus_depr__c0p54__z1p05__lam0p030__nu0p50__psi1p00,hardzero_plus_depr,0.02,41,1189,0.0,1,0.5063389,0.5063389,0.9591379,0.10986568,0.10986568,1.0,7.3040276e-19,6.6481432e-18,-25.850536,2.1101456,0.7033819,0.16000001,0.0,0.14299192,35.64017,35.67017,3808000
hardzero_plus_depr__c0p54__z1p05__lam0p030__nu0p50__psi1p00,hardzero_plus_depr,0.02,41,1190,0.0,1,0.5063389,0.5063389,1.0155569,0.09648127,0.09648127,1.0,6.2246515e-19,6.4516684e-18,-26.661058,2.2342699,0.74475664,0.104,0.0,0.12700279,35.67017,35.70017,3811200
hardzero_plus_depr__c0p54__z1p05__lam0p030__nu0p50__psi1p00,hardzero_plus_depr,0.02,41,1191,0.0,1,0.5063389,0.5063389,1.0149894,0.09660743,0.09660743,1.0,6.0485923e-19,6.2610008e-18,-27.567593,2.2330213,0.7443404,0.15200001,0.0,0.16808242,35.70017,35.730167,3814400
hardzero_plus_depr__c0p54__z1p05__lam0p030__nu0p50__psi1p00,hardzero_plus_depr,0.02,41,1192,0.0,1,0.5063389,0.5063389,1.0530335,0.0,0.088504724,0.0,0.0,6.075968e-18,-27.943943,2.3167198,0.7722399,0.128,0.0,0.14054511,35.730167,35.760166,3817600
hardzero_plus_depr__c0p54__z1p05__lam0p030__nu0p50__psi1p00,hardzero_plus_depr,0.02,41,1193,0.0,1,0.5063389,0.5063389,1.0320734,0.09288095,0.09288095,1.0,5.476635e-19,5.896403e-18,-26.280249,2.2706068,0.75686896,0.216,0.0,0.15947746,35.760166,35.790165,3820800
hardzero_plus_depr__c0p54__z1p05__lam0p030__nu0p50__psi1p00,hardzero_plus_depr,0.02,41,1194,0.0,1,0.5063389,0.5063389,1.0453322,0.090088174,0.090088174,1.0,5.1549756e-19,5.7221447e-18,-27.476418,2.2997768,0.76659226,0.14400001,0.0,0.17350374,35.790165,35.820164,3824000
hardzero_plus_depr__c0p54__z1p05__lam0p030__nu0p50__psi1p00,hardzero_plus_depr,0.02,41,1195,0.0,1,0.5063389,0.5063389,1.0311749,0.09307329,0.09307329,1.0,5.168394e-19,5.5530367e-18,-27.640371,2.26863,0.75621,0.192,0.0,0.16841716,35.820164,35.850163,3827200
hardzero_plus_depr__c0p54__z1p05__lam0p030__nu0p50__psi1p00,hardzero_plus_depr,0.02,41,1196,0.0,1,0.5063389,0.5063389,1.0633239,0.0,0.08643232,0.0,0.0,5.388926e-18,-27.603123,2.3393593,0.77978647,0.089999996,0.0,0.16544203,35.850163,35.88016,3830400
hardzero_plus_depr__c0p54__z1p05__lam0p030__nu0p50__psi1p00,hardzero_plus_depr,0.02,41,1197,0.0,1,0.5063389,0.5063389,1.0492182,0.089285694,0.089285694,1.0,4.669343e-19,5.2296654e-18,-27.580105,2.308326,0.769442,0.2,0.0,0.19401893,35.88016,35.91016,3833600
hardzero_plus_depr__c0p54__z1p05__lam0p030__nu0p50__psi1p00,hardzero_plus_depr,0.02,41,1198,0.0,1,0.5063389,0.5063389,1.0184133,0.0958488,0.0958488,1.0,4.864434e-19,5.075112e-18,-26.811285,2.240554,0.7468514,0.120000005,0.0,0.14732349,35.91016,35.94016,3836800
hardzero_plus_depr__c0p54__z1p05__lam0p030__nu0p50__psi1p00,hardzero_plus_depr,0.02,41,1199,0.0,1,0.5063389,0.5063389,0.997636,0.100545816,0.100545816,1.0,4.952008e-19,4.925126e-18,-26.807516,2.194843,0.73161435,0.192,0.0,0.18379934,35.94016,35.970158,3840000
hardzero_plus_depr__c0p54__z1p05__lam0p030__nu0p50__psi1p00,hardzero_plus_depr,0.02,41,1200,0.0,1,0.5063389,0.5063389,1.0502799,0.0,0.089067675,0.0,0.0,4.7795724e-18,-27.692345,2.3106618,0.77022064,0.16800001,0.0,0.17327067,35.970158,36.000156,3843200
hardzero_plus_depr__c0p54__z1p05__lam0p030__nu0p50__psi1p00,hardzero_plus_depr,0.02,41,1201,0.0,1,0.5063389,0.5063389,1.0067569,0.09845622,0.09845622,1.0,4.5667153e-19,4.6383206e-18,-26.729874,2.2149093,0.7383031,0.128,0.0,0.14466506,36.000156,36.030155,3846400
hardzero_plus_depr__c0p54__z1p05__lam0p030__nu0p50__psi1p00,hardzero_plus_depr,0.02,41,1202,0.0,1,0.5063389,0.5063389,1.0770624,0.0,0.08374091,0.0,0.0,4.5012427e-18,-28.205606,2.3695846,0.78986156,0.14400001,0.0,0.17773493,36.030155,36.060154,3849600
hardzero_plus_depr__c0p54__z1p05__lam0p030__nu0p50__psi1p00,hardzero_plus_depr,0.02,41,1203,0.0,1,0.5063389,0.5063389,1.0575573,0.0,0.0875876,0.0,0.0,4.368216e-18,-27.482317,2.3266726,0.7755575,0.192,0.0,0.14712185,36.060154,36.090153,3852800
hardzero_plus_depr__c0p54__z1p05__lam0p030__nu0p50__psi1p00,hardzero_plus_depr,0.02,41,1204,0.0,1,0.5063389,0.5063389,1.0037661,0.09913657,0.09913657,1.0,4.2025188e-19,4.2391207e-18,-26.955532,2.2083294,0.73610985,0.208,0.0,0.15391792,36.090153,36.12015,3856000
hardzero_plus_depr__c0p54__z1p05__lam0p030__nu0p50__psi1p00,hardzero_plus_depr,0.02,41,1205,0.0,1,0.5063389,0.5063389,1.0438833,0.09038922,0.09038922,1.0,3.7184687e-19,4.113841e-18,-28.18039,2.2965891,0.76552975,0.120000005,0.0,0.16570969,36.12015,36.15015,3859200
hardzero_plus_depr__c0p54__z1p05__lam0p030__nu0p50__psi1p00,hardzero_plus_depr,0.02,41,1206,0.0,1,0.5063389,0.5063389,1.036298,0.09198181,0.09198181,1.0,3.6721564e-19,3.9922636e-18,-27.422764,2.2799013,0.7599671,0.17600001,0.0,0.16394812,36.15015,36.18015,3862400
hardzero_plus_depr__c0p54__z1p05__lam0p030__nu0p50__psi1p00,hardzero_plus_depr,0.02,41,1207,0.0,1,0.5063389,0.5063389,0.99570733,0.100993305,0.100993305,1.0,3.9127626e-19,3.874279e-18,-26.8145,2.1906,0.7302,0.208,0.0,0.15519351,36.18015,36.210148,3865600
hardzero_plus_depr__c0p54__z1p05__lam0p030__nu0p50__psi1p00,hardzero_plus_depr,0.02,41,1208,0.0,1,0.5063389,0.5063389,1.0764344,0.0,0.08386209,0.0,0.0,3.7597816e-18,-28.306778,2.368203,0.789401,0.208,0.0,0.19699578,36.210148,36.240147,3868800
hardzero_plus_depr__c0p54__z1p05__lam0p030__nu0p50__psi1p00,hardzero_plus_depr,0.02,41,1209,0.0,1,0.5063389,0.5063389,1.0547651,0.0,0.08815256,0.0,0.0,3.6486672e-18,-27.953896,2.3205295,0.77350986,0.16,0.0,0.16928796,36.240147,36.270145,3872000
hardzero_plus_depr__c0p54__z1p05__lam0p030__nu0p50__psi1p00,hardzero_plus_depr,0.02,41,1210,0.0,1,0.5063389,0.5063389,1.1274223,0.0,0.07457232,0.0,0.0,3.540837e-18,-28.964588,2.4803786,0.8267929,0.136,0.0,0.16874571,36.270145,36.300144,3875200
hardzero_plus_depr__c0p54__z1p05__lam0p030__nu0p50__psi1p00,hardzero_plus_depr,0.02,41,1211,0.0,1,0.5063389,0.5063389,1.0018038,0.09958553,0.09958553,1.0,3.421952e-19,3.4361939e-18,-26.363466,2.2040122,0.73467076,0.28800002,0.0,0.15625748,36.300144,36.330143,3878400
hardzero_plus_depr__c0p54__z1p05__lam0p030__nu0p50__psi1p00,hardzero_plus_depr,0.02,41,1212,0.0,1,0.5063389,0.5063389,1.0631751,0.0,0.08646192,0.0,0.0,3.334643e-18,-27.639975,2.339032,0.77967733,0.14400001,0.0,0.16193894,36.330143,36.36014,3881600
hardzero_plus_depr__c0p54__z1p05__lam0p030__nu0p50__psi1p00,hardzero_plus_depr,0.02,41,1213,0.0,1,0.5063389,0.5063389,1.045042,0.09014839,0.09014839,1.0,2.917286e-19,3.2360935e-18,-28.346825,2.2991383,0.7663795,0.17600001,0.0,0.16369478,36.36014,36.39014,3884800
hardzero_plus_depr__c0p54__z1p05__lam0p030__nu0p50__psi1p00,hardzero_plus_depr,0.02,41,1214,0.0,1,0.5063389,0.5063389,1.0154812,0.09649809,0.09649809,1.0,3.0304803e-19,3.1404563e-18,-27.978897,2.2341032,0.7447011,0.17600001,0.008,0.16730988,36.39014,36.42014,3888000
hardzero_plus_depr__c0p54__z1p05__lam0p030__nu0p50__psi1p00,hardzero_plus_depr,0.02,41,1215,0.0,1,0.5063389,0.5063389,1.0488471,0.08936202,0.08936202,1.0,2.7234374e-19,3.0476454e-18,-27.492191,2.3075097,0.7691699,0.136,0.0,0.14391941,36.42014,36.450138,3891200
hardzero_plus_depr__c0p54__z1p05__lam0p030__nu0p50__psi1p00,hardzero_plus_depr,0.02,41,1216,0.0,1,0.5063389,0.5063389,1.0211751,0.095241204,0.095241204,1.0,2.8168323e-19,2.9575775e-18,-27.059961,2.2466302,0.74887675,0.136,0.0,0.16921395,36.450138,36.480137,3894400
hardzero_plus_depr__c0p54__z1p05__lam0p030__nu0p50__psi1p00,hardzero_plus_depr,0.02,41,1217,0.0,1,0.5063389,0.5063389,1.0302813,0.093265,0.093265,1.0,2.6768653e-19,2.8701716e-18,-26.34705,2.266664,0.7555547,0.192,0.0,0.16477153,36.480137,36.510136,3897600
hardzero_plus_depr__c0p54__z1p05__lam0p030__nu0p50__psi1p00,hardzero_plus_depr,0.02,41,1218,0.0,1,0.5063389,0.5063389,1.0152618,0.09654687,0.09654687,1.0,2.6891668e-19,2.7853483e-18,-26.500216,2.2336204,0.74454015,0.112,0.0,0.14674354,36.510136,36.540134,3900800
hardzero_plus_depr__c0p54__z1p05__lam0p030__nu0p50__psi1p00,hardzero_plus_depr,0.02,41,1219,0.0,1,0.5063389,0.5063389,1.0192823,0.09565719,0.09565719,1.0,2.5856446e-19,2.703032e-18,-28.329351,2.242466,0.7474887,0.2,0.0,0.20601675,36.540134,36.570133,3904000
hardzero_plus_depr__c0p54__z1p05__lam0p030__nu0p50__psi1p00,hardzero_plus_depr,0.02,41,1220,0.0,1,0.5063389,0.5063389,1.0172918,0.096096635,0.096096635,1.0,2.5207577e-19,2.6231487e-18,-27.108114,2.2380867,0.7460289,0.17600001,0.0,0.15283127,36.570133,36.600132,3907200
hardzero_plus_depr__c0p54__z1p05__lam0p030__nu0p50__psi1p00,hardzero_plus_depr,0.02,41,1221,0.0,1,0.5063389,0.5063389,1.0722849,0.0,0.084667176,0.0,0.0,2.5456264e-18,-28.524057,2.3590739,0.786358,0.096,0.0,0.17162919,36.600132,36.63013,3910400
hardzero_plus_depr__c0p54__z1p05__lam0p030__nu0p50__psi1p00,hardzero_plus_depr,0.02,41,1222,0.0,1,0.5063389,0.5063389,1.0295964,0.09341218,0.09341218,1.0,2.3076496e-19,2.4703945e-18,-26.750341,2.2651575,0.7550525,0.22,0.0,0.15411657,36.63013,36.66013,3913600
hardzero_plus_depr__c0p54__z1p05__lam0p030__nu0p50__psi1p00,hardzero_plus_depr,0.02,41,1223,0.0,1,0.5063389,0.5063389,1.0059808,0.09863231,0.09863231,1.0,2.3645976e-19,2.3973863e-18,-27.351482,2.213202,0.737734,0.120000005,0.0,0.14473587,36.66013,36.69013,3916800
hardzero_plus_depr__c0p54__z1p05__lam0p030__nu0p50__psi1p00,hardzero_plus_depr,0.02,41,1224,0.0,1,0.5063389,0.5063389,0.9822693,0.10416714,0.10416714,1.0,2.4234856e-19,2.3265356e-18,-26.04587,2.1610355,0.7203452,0.16800001,0.0,0.14723513,36.69013,36.720127,3920000
hardzero_plus_depr__c0p54__z1p05__lam0p030__nu0p50__psi1p00,hardzero_plus_depr,0.02,41,1225,0.0,1,0.5063389,0.5063389,1.0036654,0.099159546,0.099159546,1.0,2.238803e-19,2.2577787e-18,-26.714182,2.208108,0.736036,0.14400001,0.0,0.1410407,36.720127,36.750126,3923200
hardzero_plus_depr__c0p54__z1p05__lam0p030__nu0p50__psi1p00,hardzero_plus_depr,0.02,41,1226,0.0,1,0.5063389,0.5063389,1.0567722,0.0,0.08774608,0.0,0.0,2.191054e-18,-28.043352,2.3249454,0.77498186,0.128,0.0,0.17844996,36.750126,36.780125,3926400
hardzero_plus_depr__c0p54__z1p05__lam0p030__nu0p50__psi1p00,hardzero_plus_depr,0.02,41,1227,0.0,1,0.5063389,0.5063389,1.092392,0.0,0.080836594,0.0,0.0,2.1263013e-18,-28.932243,2.4033103,0.8011035,0.14400001,0.0,0.18933237,36.780125,36.810123,3929600
hardzero_plus_depr__c0p54__z1p05__lam0p030__nu0p50__psi1p00,hardzero_plus_depr,0.02,41,1228,0.0,1,0.5063389,0.5063389,0.98838055,0.102711596,0.102711596,1.0,2.1194147e-19,2.063462e-18,-26.492002,2.1744807,0.72482693,0.2,0.0,0.13895242,36.810123,36.840122,3932800
hardzero_plus_depr__c0p54__z1p05__lam0p030__nu0p50__psi1p00,hardzero_plus_depr,0.02,41,1229,0.0,1,0.5063389,0.5063389,1.00424,0.099028446,0.099028446,1.0,1.9830248e-19,2.00248e-18,-27.198414,2.2093723,0.73645747,0.16800001,0.0,0.14325887,36.840122,36.87012,3936000
hardzero_plus_depr__c0p54__z1p05__lam0p030__nu0p50__psi1p00,hardzero_plus_depr,0.02,41,1230,0.0,1,0.5063389,0.5063389,1.0427004,0.090635754,0.090635754,1.0,1.7613247e-19,1.9433002e-18,-27.67948,2.2939868,0.76466227,0.136,0.0,0.16862728,36.87012,36.90012,3939200
hardzero_plus_depr__c0p54__z1p05__lam0p030__nu0p50__psi1p00,hardzero_plus_depr,0.02,41,1231,0.0,1,0.5063389,0.5063389,0.9866827,0.10311391,0.10311391,1.0,1.9445936e-19,1.8858692e-18,-26.273731,2.1707454,0.7235818,0.15200001,0.0,0.14241132,36.90012,36.93012,3942400
hardzero_plus_depr__c0p54__z1p05__lam0p030__nu0p50__psi1p00,hardzero_plus_depr,0.02,41,1232,0.0,1,0.5063389,0.5063389,0.99432725,0.10131477,0.10131477,1.0,1.8541977e-19,1.8301357e-18,-26.82269,2.1875637,0.7291879,0.18400002,0.0,0.15047534,36.93012,36.960117,3945600
hardzero_plus_depr__c0p54__z1p05__lam0p030__nu0p50__psi1p00,hardzero_plus_depr,0.02,41,1233,0.0,1,0.5063389,0.5063389,1.0049115,0.098875456,0.098875456,1.0,1.7560768e-19,1.7760492e-18,-26.50759,2.2108495,0.73694986,0.192,0.0,0.15704225,36.960117,36.990116,3948800
hardzero_plus_depr__c0p54__z1p05__lam0p030__nu0p50__psi1p00,hardzero_plus_depr,0.02,41,1234,0.0,1,0.5063389,0.5063389,0.9938578,0.101424344,0.101424344,1.0,1.7481104e-19,1.723561e-18,-26.325104,2.1865308,0.7288436,0.192,0.0,0.15605152,36.990116,37.020115,3952000
hardzero_plus_depr__c0p54__z1p05__lam0p030__nu0p50__psi1p00,hardzero_plus_depr,0.02,41,1235,0.0,1,0.5063389,0.5063389,1.0528535,0.0,0.08854143,0.0,0.0,1.6726241e-18,-27.00866,2.316324,0.772108,0.099999994,0.0,0.1442251,37.020115,37.050114,3955200
hardzero_plus_depr__c0p54__z1p05__lam0p030__nu0p50__psi1p00,hardzero_plus_depr,0.02,41,1236,0.0,1,0.5063389,0.5063389,1.0030277,0.099305265,0.099305265,1.0,1.6119157e-19,1.6231926e-18,-27.094786,2.2067049,0.7355683,0.208,0.008,0.15332022,37.050114,37.080112,3958400
hardzero_plus_depr__c0p54__z1p05__lam0p030__nu0p50__psi1p00,hardzero_plus_depr,0.02,41,1237,0.0,1,0.5063389,0.5063389,1.0553646,0.0,0.08803095,0.0,0.0,1.575222e-18,-28.052784,2.3218486,0.77394956,0.128,0.0,0.19437198,37.080112,37.11011,3961600
hardzero_plus_depr__c0p54__z1p05__lam0p030__nu0p50__psi1p00,hardzero_plus_depr,0.02,41,1238,0.0,1,0.5063389,0.5063389,1.0449115,0.09017548,0.09017548,1.0,1.3784846e-19,1.528669e-18,-27.508093,2.2988513,0.76628375,0.208,0.008,0.17511275,37.11011,37.14011,3964800
hardzero_plus_depr__c0p54__z1p05__lam0p030__nu0p50__psi1p00,hardzero_plus_depr,0.02,41,1239,0.0,1,0.5063389,0.5063389,1.0198705,0.09552774,0.09552774,1.0,1.4171462e-19,1.4834919e-18,-27.378056,2.2437599,0.74792,0.104,0.0,0.14406668,37.14011,37.17011,3968000
hardzero_plus_depr__c0p54__z1p05__lam0p030__nu0p50__psi1p00,hardzero_plus_depr,0.02,41,1240,0.0,1,0.5063389,0.5063389,1.0556208,0.0,0.08797904,0.0,0.0,1.4396497e-18,-27.46311,2.322412,0.7741374,0.18400002,0.0,0.16915268,37.17011,37.200108,3971200
hardzero_plus_depr__c0p54__z1p05__lam0p030__nu0p50__psi1p00,hardzero_plus_depr,0.02,41,1241,0.0,1,0.5063389,0.5063389,1.0103205,0.097651616,0.097651616,1.0,1.364294e-19,1.3971034e-18,-27.313236,2.2227495,0.7409165,0.120000005,0.0,0.15309927,37.200108,37.230106,3974400
hardzero_plus_depr__c0p54__z1p05__lam0p030__nu0p50__psi1p00,hardzero_plus_depr,0.02,41,1242,0.0,1,0.5063389,0.5063389,1.0430728,0.090558074,0.090558074,1.0,1.2277994e-19,1.3558144e-18,-27.222233,2.294806,0.7649354,0.15200001,0.0,0.15799493,37.230106,37.260105,3977600
hardzero_plus_depr__c0p54__z1p05__lam0p030__nu0p50__psi1p00,hardzero_plus_depr,0.02,41,1243,0.0,1,0.5063389,0.5063389,0.98838055,0.102711596,0.102711596,1.0,1.3514234e-19,1.3157456e-18,-26.077848,2.1744807,0.72482693,0.120000005,0.0,0.16034044,37.260105,37.290104,3980800
hardzero_plus_depr__c0p54__z1p05__lam0p030__nu0p50__psi1p00,hardzero_plus_depr,0.02,41,1244,0.0,1,0.5063389,0.5063389,1.055131,0.0,0.08807831,0.0,0.0,1.2768611e-18,-27.874372,2.3213344,0.77377814,0.17600001,0.0,0.15737137,37.290104,37.320103,3984000
hardzero_plus_depr__c0p54__z1p05__lam0p030__nu0p50__psi1p00,hardzero_plus_depr,0.02,41,1245,0.0,1,0.5063389,0.5063389,0.99976844,0.10005332,0.10005332,1.0,1.2397862e-19,1.2391256e-18,-27.603277,2.1995344,0.73317814,0.16800001,0.0,0.15948583,37.320103,37.3501,3987200
hardzero_plus_depr__c0p54__z1p05__lam0p030__nu0p50__psi1p00,hardzero_plus_depr,0.02,41,1246,0.0,1,0.5063389,0.5063389,1.0222199,0.09501235,0.09501235,1.0,1.1425286e-19,1.2025053e-18,-26.657738,2.2489288,0.74964297,0.120000005,0.0,0.1664356,37.3501,37.3801,3990400
hardzero_plus_depr__c0p54__z1p05__lam0p030__nu0p50__psi1p00,hardzero_plus_depr,0.02,41,1247,0.0,1,0.5063389,0.5063389,1.0173116,0.096092254,0.096092254,1.0,1.1213652e-19,1.1669673e-18,-26.871572,2.23813,0.7460434,0.14400001,0.0,0.15714392,37.3801,37.4101,3993600
hardzero_plus_depr__c0p54__z1p05__lam0p030__nu0p50__psi1p00,hardzero_plus_depr,0.02,41,1248,0.0,1,0.5063389,0.5063389,1.0037179,0.099147566,0.099147566,1.0,1.1228261e-19,1.1324797e-18,-26.089836,2.2082236,0.73607457,0.14,0.0,0.13634019,37.4101,37.440098,3996800
hardzero_plus_depr__c0p54__z1p05__lam0p030__nu0p50__psi1p00,hardzero_plus_depr,0.02,41,1249,0.0,1,0.5063389,0.5063389,1.0425067,0.09067619,0.09067619,1.0,9.9654145e-20,1.0990112e-18,-28.060936,2.2935605,0.76452017,0.104,0.0,0.16615969,37.440098,37.470097,4000000
