mechanism_tag,mechanism,alpha,seed,update,update_u,update_counter,energy_E_pre,energy_E_post,funding_z,funding_g,funding_g_raw,funding_cut_active,funding_income,funding_alpha_eff,episode_return_end_mean,terminal_min_dists_end_mean,terminal_dbar_end,terminal_occupied_end_mean,terminal_CSR_train,vartd_VarTD,depr_F,depr_F_post,env_steps
hardzero_only__c0p58__z1p00__lam0p000__nu0p50__psi0p00,hardzero_only,0.052,38,0,1.0,1,1.0,0.42000002,1.0820855,0.0,0.082777925,0.0,0.0,0.052,-27.605452,2.3806355,0.7935452,0.11,0.0,0.15982054,0.0,0.0,3200
hardzero_only__c0p58__z1p00__lam0p000__nu0p50__psi0p00,hardzero_only,0.052,38,1,0.0,1,0.42000002,0.42000002,1.0275104,0.0,0.09386196,0.0,0.0,0.052,-27.512161,2.260568,0.75352263,0.17600001,0.0,0.16420598,0.0,0.0,6400
hardzero_only__c0p58__z1p00__lam0p000__nu0p50__psi0p00,hardzero_only,0.052,38,2,0.0,1,0.42000002,0.42000002,1.0117905,0.0,0.097321644,0.0,0.0,0.052,-26.828037,2.2259836,0.74199456,0.17600001,0.0,0.14578708,0.0,0.0,9600
hardzero_only__c0p58__z1p00__lam0p000__nu0p50__psi0p00,hardzero_only,0.052,38,3,0.0,1,0.42000002,0.42000002,1.0120441,0.0,0.09726484,0.0,0.0,0.052,-26.771875,2.2265415,0.7421805,0.16800001,0.0,0.15549259,0.0,0.0,12800
hardzero_only__c0p58__z1p00__lam0p000__nu0p50__psi0p00,hardzero_only,0.052,38,4,0.0,1,0.42000002,0.42000002,1.0664916,0.0,0.08580416,0.0,0.0,0.052,-27.259026,2.3463285,0.7821095,0.136,0.0,0.16018406,0.0,0.0,16000
hardzero_only__c0p58__z1p00__lam0p000__nu0p50__psi0p00,hardzero_only,0.052,38,5,0.0,1,0.42000002,0.42000002,1.1097598,0.0,0.07766765,0.0,0.0,0.052,-28.411482,2.4415202,0.8138401,0.096,0.0,0.18801689,0.0,0.0,19200
hardzero_only__c0p58__z1p00__lam0p000__nu0p50__psi0p00,hardzero_only,0.052,38,6,0.0,1,0.42000002,0.42000002,1.077657,0.0,0.08362632,0.0,0.0,0.052,-27.629124,2.3708928,0.7902976,0.128,0.0,0.15429173,0.0,0.0,22400
hardzero_only__c0p58__z1p00__lam0p000__nu0p50__psi0p00,hardzero_only,0.052,38,7,0.0,1,0.42000002,0.42000002,1.08352,0.0,0.08250494,0.0,0.0,0.052,-27.47306,2.3837917,0.79459727,0.120000005,0.0,0.13392264,0.0,0.0,25600
hardzero_only__c0p58__z1p00__lam0p000__nu0p50__psi0p00,hardzero_only,0.052,38,8,0.0,1,0.42000002,0.42000002,1.0189674,0.0,0.095726594,0.0,0.0,0.052,-27.194399,2.2417731,0.7472577,0.16800001,0.0,0.15093914,0.0,0.0,28800
hardzero_only__c0p58__z1p00__lam0p000__nu0p50__psi0p00,hardzero_only,0.052,38,9,0.0,1,0.42000002,0.42000002,1.0299357,0.0,0.09333926,0.0,0.0,0.052,-27.1067,2.265904,0.75530136,0.14400001,0.0,0.14773187,0.0,0.0,32000
hardzero_only__c0p58__z1p00__lam0p000__nu0p50__psi0p00,hardzero_only,0.052,38,10,0.0,1,0.42000002,0.42000002,1.0529579,0.0,0.08852013,0.0,0.0,0.052,-27.50543,2.3165536,0.77218455,0.192,0.0,0.16645871,0.0,0.0,35200
hardzero_only__c0p58__z1p00__lam0p000__nu0p50__psi0p00,hardzero_only,0.052,38,11,0.0,1,0.42000002,0.42000002,1.026342,0.0,0.094114795,0.0,0.0,0.052,-27.74855,2.2579975,0.7526659,0.096,0.0,0.14521441,0.0,0.0,38400
hardzero_only__c0p58__z1p00__lam0p000__nu0p50__psi0p00,hardzero_only,0.052,38,12,0.0,1,0.42000002,0.42000002,1.0089883,0.0,0.09795164,0.0,0.0,0.052,-27.583681,2.2198186,0.7399396,0.15200001,0.0,0.17023255,0.0,0.0,41600
hardzero_only__c0p58__z1p00__lam0p000__nu0p50__psi0p00,hardzero_only,0.052,38,13,0.0,1,0.42000002,0.42000002,1.1193155,0.0,0.075977415,0.0,0.0,0.052,-28.83287,2.4625432,0.82084775,0.16,0.0,0.23039162,0.0,0.0,44800
hardzero_only__c0p58__z1p00__lam0p000__nu0p50__psi0p00,hardzero_only,0.052,38,14,0.0,1,0.42000002,0.42521694,0.9985879,0.10032569,0.10032569,1.0,0.005216936,0.052,-26.17145,2.1969373,0.73231244,0.192,0.0,0.15510246,0.0,0.0,48000
hardzero_only__c0p58__z1p00__lam0p000__nu0p50__psi0p00,hardzero_only,0.052,38,15,0.0,1,0.42521694,0.42521694,1.0426277,0.0,0.09065094,0.0,0.0,0.052,-27.519022,2.2938268,0.764609,0.14400001,0.0,0.16071431,0.0,0.0,51200
hardzero_only__c0p58__z1p00__lam0p000__nu0p50__psi0p00,hardzero_only,0.052,38,16,0.0,1,0.42521694,0.42521694,1.0871007,0.0,0.081827484,0.0,0.0,0.052,-27.851978,2.3916695,0.7972232,0.136,0.0,0.16544616,0.0,0.0,54400
hardzero_only__c0p58__z1p00__lam0p000__nu0p50__psi0p00,hardzero_only,0.052,38,17,0.0,1,0.42521694,0.42521694,1.0839468,0.0,0.082423896,0.0,0.0,0.052,-28.236135,2.3847306,0.7949102,0.104,0.0,0.173383,0.0,0.0,57600
hardzero_only__c0p58__z1p00__lam0p000__nu0p50__psi0p00,hardzero_only,0.052,38,18,0.0,1,0.42521694,0.42521694,1.067319,0.0,0.08564084,0.0,0.0,0.052,-27.665398,2.3481488,0.7827163,0.104,0.0,0.18104814,0.0,0.0,60800
hardzero_only__c0p58__z1p00__lam0p000__nu0p50__psi0p00,hardzero_only,0.052,38,19,0.0,1,0.42521694,0.42521694,1.0152044,0.0,0.09655963,0.0,0.0,0.052,-27.815239,2.2334943,0.74449813,0.15200001,0.0,0.18656655,0.0,0.0,64000
hardzero_only__c0p58__z1p00__lam0p000__nu0p50__psi0p00,hardzero_only,0.052,38,20,0.0,1,0.42521694,0.42521694,1.040489,0.0,0.09109846,0.0,0.0,0.052,-27.263287,2.2891214,0.7630405,0.14400001,0.0,0.17384918,0.0,0.0,67200
hardzero_only__c0p58__z1p00__lam0p000__nu0p50__psi0p00,hardzero_only,0.052,38,21,0.0,1,0.42521694,0.42521694,1.0477034,0.0,0.08959765,0.0,0.0,0.052,-27.6249,2.3049934,0.76833117,0.14400001,0.0,0.18873739,0.0,0.0,70400
hardzero_only__c0p58__z1p00__lam0p000__nu0p50__psi0p00,hardzero_only,0.052,38,22,0.0,1,0.42521694,0.42521694,1.0230066,0.0,0.09484042,0.0,0.0,0.052,-27.026098,2.2506595,0.7502198,0.17600001,0.0,0.17418103,0.0,0.0,73600
hardzero_only__c0p58__z1p00__lam0p000__nu0p50__psi0p00,hardzero_only,0.052,38,23,0.0,1,0.42521694,0.42521694,1.047077,0.0,0.089726985,0.0,0.0,0.052,-27.815641,2.3036153,0.7678718,0.15200001,0.0,0.14255652,0.0,0.0,76800
hardzero_only__c0p58__z1p00__lam0p000__nu0p50__psi0p00,hardzero_only,0.052,38,24,0.0,1,0.42521694,0.42521694,1.1137477,0.0,0.07695773,0.0,0.0,0.052,-29.127272,2.450294,0.8167647,0.112,0.0,0.17430909,0.0,0.0,80000
hardzero_only__c0p58__z1p00__lam0p000__nu0p50__psi0p00,hardzero_only,0.052,38,25,0.0,1,0.42521694,0.42521694,1.067909,0.0,0.085524574,0.0,0.0,0.052,-28.41947,2.3494468,0.78314894,0.192,0.0,0.20276265,0.0,0.0,83200
hardzero_only__c0p58__z1p00__lam0p000__nu0p50__psi0p00,hardzero_only,0.052,38,26,0.0,1,0.42521694,0.42521694,1.056417,0.0,0.087817885,0.0,0.0,0.052,-27.826595,2.3241637,0.77472126,0.089999996,0.0,0.2030331,0.0,0.0,86400
hardzero_only__c0p58__z1p00__lam0p000__nu0p50__psi0p00,hardzero_only,0.052,38,27,0.0,1,0.42521694,0.42521694,1.082683,0.0,0.08266411,0.0,0.0,0.052,-28.367584,2.3819501,0.7939834,0.136,0.0,0.15831745,0.0,0.0,89600
hardzero_only__c0p58__z1p00__lam0p000__nu0p50__psi0p00,hardzero_only,0.052,38,28,0.0,1,0.42521694,0.42521694,1.0148923,0.0,0.096629046,0.0,0.0,0.052,-27.253883,2.2328076,0.74426925,0.128,0.0,0.1692182,0.0,0.0,92800
hardzero_only__c0p58__z1p00__lam0p000__nu0p50__psi0p00,hardzero_only,0.052,38,29,0.0,1,0.42521694,0.42521694,1.0833848,0.0,0.082530655,0.0,0.0,0.052,-28.378778,2.3834941,0.7944981,0.14400001,0.0,0.16770878,0.0,0.0,96000
hardzero_only__c0p58__z1p00__lam0p000__nu0p50__psi0p00,hardzero_only,0.052,38,30,0.0,1,0.42521694,0.42521694,1.0123818,0.0,0.09718925,0.0,0.0,0.052,-26.951456,2.2272844,0.7424282,0.15200001,0.008,0.1629974,0.0,0.0,99200
hardzero_only__c0p58__z1p00__lam0p000__nu0p50__psi0p00,hardzero_only,0.052,38,31,0.0,1,0.42521694,0.42521694,1.0652817,0.0,0.08604354,0.0,0.0,0.052,-28.503918,2.3436666,0.7812222,0.128,0.0,0.17574123,0.0,0.0,102400
hardzero_only__c0p58__z1p00__lam0p000__nu0p50__psi0p00,hardzero_only,0.052,38,32,0.0,1,0.42521694,0.42521694,1.0680541,0.0,0.085496016,0.0,0.0,0.052,-27.383541,2.349766,0.78325534,0.112,0.0,0.15454675,0.0,0.0,105600
hardzero_only__c0p58__z1p00__lam0p000__nu0p50__psi0p00,hardzero_only,0.052,38,33,0.0,1,0.42521694,0.42521694,1.0674313,0.0,0.085618705,0.0,0.0,0.052,-28.68788,2.3483958,0.78279865,0.096,0.0,0.15007977,0.0,0.0,108800
hardzero_only__c0p58__z1p00__lam0p000__nu0p50__psi0p00,hardzero_only,0.052,38,34,0.0,1,0.42521694,0.42521694,1.0764189,0.0,0.08386507,0.0,0.0,0.052,-28.202236,2.3681688,0.7893896,0.15200001,0.0,0.18389168,0.0,0.0,112000
hardzero_only__c0p58__z1p00__lam0p000__nu0p50__psi0p00,hardzero_only,0.052,38,35,0.0,1,0.42521694,0.42521694,1.0245053,0.0,0.0945137,0.0,0.0,0.052,-27.954159,2.2539566,0.7513189,0.192,0.0,0.1561547,0.0,0.0,115200
hardzero_only__c0p58__z1p00__lam0p000__nu0p50__psi0p00,hardzero_only,0.052,38,36,0.0,1,0.42521694,0.42521694,1.0778077,0.0,0.083597325,0.0,0.0,0.052,-28.748842,2.3712242,0.7904081,0.15200001,0.0,0.20346443,0.0,0.0,118400
hardzero_only__c0p58__z1p00__lam0p000__nu0p50__psi0p00,hardzero_only,0.052,38,37,0.0,1,0.42521694,0.42521694,1.0282398,0.0,0.09370444,0.0,0.0,0.052,-27.111103,2.262173,0.75405765,0.16000001,0.0,0.14186715,0.0,0.0,121600
hardzero_only__c0p58__z1p00__lam0p000__nu0p50__psi0p00,hardzero_only,0.052,38,38,0.0,1,0.42521694,0.42521694,1.0642554,0.0,0.08624712,0.0,0.0,0.052,-27.931368,2.3414085,0.78046954,0.112,0.0,0.19443955,0.0,0.0,124800
hardzero_only__c0p58__z1p00__lam0p000__nu0p50__psi0p00,hardzero_only,0.052,38,39,0.0,1,0.42521694,0.42521694,1.1053311,0.0,0.07846373,0.0,0.0,0.052,-27.905283,2.431777,0.81059235,0.14999999,0.0,0.18528599,0.0,0.0,128000
hardzero_only__c0p58__z1p00__lam0p000__nu0p50__psi0p00,hardzero_only,0.052,38,40,0.0,1,0.42521694,0.42521694,1.0454255,0.0,0.09006882,0.0,0.0,0.052,-27.761322,2.299982,0.7666607,0.16800001,0.0,0.15579508,0.0,0.0,131200
hardzero_only__c0p58__z1p00__lam0p000__nu0p50__psi0p00,hardzero_only,0.052,38,41,0.0,1,0.42521694,0.42521694,1.0182159,0.0,0.095892385,0.0,0.0,0.052,-26.163357,2.2401197,0.7467066,0.15200001,0.0,0.16777739,0.0,0.0,134400
hardzero_only__c0p58__z1p00__lam0p000__nu0p50__psi0p00,hardzero_only,0.052,38,42,0.0,1,0.42521694,0.42521694,1.0284237,0.0,0.09366479,0.0,0.0,0.052,-26.916224,2.2625773,0.7541925,0.17600001,0.0,0.16063754,0.0,0.0,137600
hardzero_only__c0p58__z1p00__lam0p000__nu0p50__psi0p00,hardzero_only,0.052,38,43,0.0,1,0.42521694,0.42521694,1.0580796,0.0,0.08748233,0.0,0.0,0.052,-27.677258,2.3278215,0.77594054,0.112,0.0,0.1438021,0.0,0.0,140800
hardzero_only__c0p58__z1p00__lam0p000__nu0p50__psi0p00,hardzero_only,0.052,38,44,0.0,1,0.42521694,0.42521694,1.1038653,0.0,0.078728996,0.0,0.0,0.052,-28.922869,2.4285522,0.8095174,0.128,0.0,0.17667435,0.0,0.0,144000
hardzero_only__c0p58__z1p00__lam0p000__nu0p50__psi0p00,hardzero_only,0.052,38,45,0.0,1,0.42521694,0.4304328,0.99867743,0.100305,0.100305,1.0,0.00521586,0.052,-26.952272,2.1971343,0.7323781,0.120000005,0.0,0.1759267,0.0,0.0,147200
hardzero_only__c0p58__z1p00__lam0p000__nu0p50__psi0p00,hardzero_only,0.052,38,46,0.0,1,0.4304328,0.4304328,1.0480337,0.0,0.08952953,0.0,0.0,0.052,-27.384548,2.3057203,0.76857346,0.18400002,0.0,0.16858162,0.0,0.0,150400
hardzero_only__c0p58__z1p00__lam0p000__nu0p50__psi0p00,hardzero_only,0.052,38,47,0.0,1,0.4304328,0.4304328,1.023601,0.0,0.09471067,0.0,0.0,0.052,-27.43624,2.2519672,0.7506558,0.17600001,0.0,0.14274053,0.0,0.0,153600
hardzero_only__c0p58__z1p00__lam0p000__nu0p50__psi0p00,hardzero_only,0.052,38,48,0.0,1,0.4304328,0.4304328,1.0276307,0.0,0.09383596,0.0,0.0,0.052,-27.410545,2.2608325,0.75361085,0.15200001,0.0,0.15516347,0.0,0.0,156800
hardzero_only__c0p58__z1p00__lam0p000__nu0p50__psi0p00,hardzero_only,0.052,38,49,0.0,1,0.4304328,0.4304328,1.0021366,0.0,0.09950923,0.0,0.0,0.052,-26.659933,2.2047446,0.7349149,0.208,0.0,0.1622444,0.0,0.0,160000
hardzero_only__c0p58__z1p00__lam0p000__nu0p50__psi0p00,hardzero_only,0.052,38,50,0.0,1,0.4304328,0.4304328,1.1042958,0.0,0.07865099,0.0,0.0,0.052,-28.64287,2.4294994,0.80983317,0.120000005,0.0,0.16709954,0.0,0.0,163200
hardzero_only__c0p58__z1p00__lam0p000__nu0p50__psi0p00,hardzero_only,0.052,38,51,0.0,1,0.4304328,0.4304328,1.0494907,0.0,0.08922968,0.0,0.0,0.052,-27.148958,2.3089256,0.7696419,0.064,0.0,0.13833225,0.0,0.0,166400
hardzero_only__c0p58__z1p00__lam0p000__nu0p50__psi0p00,hardzero_only,0.052,38,52,0.0,1,0.4304328,0.4304328,1.0032259,0.0,0.09925995,0.0,0.0,0.052,-26.621494,2.2071412,0.7357137,0.13,0.0,0.15500169,0.0,0.0,169600
hardzero_only__c0p58__z1p00__lam0p000__nu0p50__psi0p00,hardzero_only,0.052,38,53,0.0,1,0.4304328,0.4304328,1.0539323,0.0,0.08832176,0.0,0.0,0.052,-28.033522,2.3186975,0.77289915,0.14400001,0.0,0.16345225,0.0,0.0,172800
hardzero_only__c0p58__z1p00__lam0p000__nu0p50__psi0p00,hardzero_only,0.052,38,54,0.0,1,0.4304328,0.4304328,1.0609913,0.0,0.08689778,0.0,0.0,0.052,-28.640282,2.3342276,0.7780759,0.15200001,0.0,0.18221222,0.0,0.0,176000
hardzero_only__c0p58__z1p00__lam0p000__nu0p50__psi0p00,hardzero_only,0.052,38,55,0.0,1,0.4304328,0.4304328,1.0359652,0.0,0.092052326,0.0,0.0,0.052,-27.738565,2.279169,0.75972307,0.136,0.0,0.14618635,0.0,0.0,179200
hardzero_only__c0p58__z1p00__lam0p000__nu0p50__psi0p00,hardzero_only,0.052,38,56,0.0,1,0.4304328,0.4304328,1.0986758,0.0,0.07967538,0.0,0.0,0.052,-27.838312,2.4171352,0.80571175,0.120000005,0.0,0.18036334,0.0,0.0,182400
hardzero_only__c0p58__z1p00__lam0p000__nu0p50__psi0p00,hardzero_only,0.052,38,57,0.0,1,0.4304328,0.4304328,1.0455381,0.0,0.09004548,0.0,0.0,0.052,-26.888973,2.3002298,0.7667433,0.104,0.0,0.14124705,0.0,0.0,185600
hardzero_only__c0p58__z1p00__lam0p000__nu0p50__psi0p00,hardzero_only,0.052,38,58,0.0,1,0.4304328,0.4304328,1.0531967,0.0,0.08847148,0.0,0.0,0.052,-28.055935,2.3170788,0.7723596,0.128,0.0,0.16311495,0.0,0.0,188800
hardzero_only__c0p58__z1p00__lam0p000__nu0p50__psi0p00,hardzero_only,0.052,38,59,0.0,1,0.4304328,0.4304328,1.0225313,0.0,0.09494426,0.0,0.0,0.052,-27.566908,2.2496138,0.74987125,0.17600001,0.0,0.14950533,0.0,0.0,192000
hardzero_only__c0p58__z1p00__lam0p000__nu0p50__psi0p00,hardzero_only,0.052,38,60,0.0,1,0.4304328,0.4304328,1.0831649,0.0,0.08257244,0.0,0.0,0.052,-28.190327,2.3830104,0.7943368,0.128,0.0,0.16021906,0.0,0.0,195200
hardzero_only__c0p58__z1p00__lam0p000__nu0p50__psi0p00,hardzero_only,0.052,38,61,0.0,1,0.4304328,0.4304328,1.0581536,0.0,0.08746742,0.0,0.0,0.052,-28.51789,2.3279846,0.7759949,0.15200001,0.0,0.18668039,0.0,0.0,198400
hardzero_only__c0p58__z1p00__lam0p000__nu0p50__psi0p00,hardzero_only,0.052,38,62,0.0,1,0.4304328,0.4304328,1.0471847,0.0,0.089704715,0.0,0.0,0.052,-27.11533,2.3038523,0.7679508,0.192,0.008,0.16809031,0.0,0.0,201600
hardzero_only__c0p58__z1p00__lam0p000__nu0p50__psi0p00,hardzero_only,0.052,38,63,0.0,1,0.4304328,0.4304328,1.0500348,0.0,0.08911796,0.0,0.0,0.052,-27.575123,2.3101227,0.7700409,0.096,0.0,0.14690834,0.0,0.0,204800
hardzero_only__c0p58__z1p00__lam0p000__nu0p50__psi0p00,hardzero_only,0.052,38,64,0.0,1,0.4304328,0.4304328,1.0538651,0.0,0.088335425,0.0,0.0,0.052,-27.55922,2.3185494,0.7728498,0.14400001,0.0,0.17218295,0.0,0.0,208000
hardzero_only__c0p58__z1p00__lam0p000__nu0p50__psi0p00,hardzero_only,0.052,38,65,0.0,1,0.4304328,0.4304328,1.0402323,0.0,0.09115232,0.0,0.0,0.052,-27.882835,2.2885568,0.7628523,0.24,0.0,0.16726303,0.0,0.0,211200
hardzero_only__c0p58__z1p00__lam0p000__nu0p50__psi0p00,hardzero_only,0.052,38,66,0.0,1,0.4304328,0.4304328,1.0520514,0.0,0.0887051,0.0,0.0,0.052,-28.11506,2.3145592,0.7715198,0.16000001,0.0,0.19641899,0.0,0.0,214400
hardzero_only__c0p58__z1p00__lam0p000__nu0p50__psi0p00,hardzero_only,0.052,38,67,0.0,1,0.4304328,0.4304328,1.0424268,0.0,0.090692885,0.0,0.0,0.052,-27.512482,2.2933848,0.76446164,0.14400001,0.0,0.16359939,0.0,0.0,217600
hardzero_only__c0p58__z1p00__lam0p000__nu0p50__psi0p00,hardzero_only,0.052,38,68,0.0,1,0.4304328,0.4304328,1.0538701,0.0,0.08833442,0.0,0.0,0.052,-26.89713,2.3185606,0.77285355,0.16000001,0.008,0.15818153,0.0,0.0,220800
hardzero_only__c0p58__z1p00__lam0p000__nu0p50__psi0p00,hardzero_only,0.052,38,69,0.0,1,0.4304328,0.4304328,1.0275669,0.0,0.09384974,0.0,0.0,0.052,-27.110336,2.2606924,0.7535641,0.16800001,0.0,0.14088593,0.0,0.0,224000
hardzero_only__c0p58__z1p00__lam0p000__nu0p50__psi0p00,hardzero_only,0.052,38,70,0.0,1,0.4304328,0.4304328,1.0218624,0.0,0.09509061,0.0,0.0,0.052,-27.12715,2.2481422,0.74938077,0.15200001,0.0,0.15979332,0.0,0.0,227200
hardzero_only__c0p58__z1p00__lam0p000__nu0p50__psi0p00,hardzero_only,0.052,38,71,0.0,1,0.4304328,0.4304328,1.0838193,0.0,0.08244811,0.0,0.0,0.052,-28.164948,2.38445,0.7948167,0.14400001,0.0,0.18900561,0.0,0.0,230400
hardzero_only__c0p58__z1p00__lam0p000__nu0p50__psi0p00,hardzero_only,0.052,38,72,0.0,1,0.4304328,0.4304328,1.0559901,0.0,0.087904245,0.0,0.0,0.052,-27.96227,2.3232245,0.7744082,0.136,0.0,0.14832881,0.0,0.0,233600
hardzero_only__c0p58__z1p00__lam0p000__nu0p50__psi0p00,hardzero_only,0.052,38,73,0.0,1,0.4304328,0.4304328,1.0102752,0.0,0.09766179,0.0,0.0,0.052,-27.79581,2.2226498,0.7408833,0.216,0.0,0.17135769,0.0,0.0,236800
hardzero_only__c0p58__z1p00__lam0p000__nu0p50__psi0p00,hardzero_only,0.052,38,74,0.0,1,0.4304328,0.43601048,0.9695495,0.10726313,0.10726313,1.0,0.005577683,0.052,-26.27487,2.1330514,0.71101713,0.208,0.0,0.12428994,0.0,0.0,240000
hardzero_only__c0p58__z1p00__lam0p000__nu0p50__psi0p00,hardzero_only,0.052,38,75,0.0,1,0.43601048,0.4413137,0.99146336,0.10198508,0.10198508,1.0,0.0053032245,0.052,-27.179518,2.181263,0.7270877,0.256,0.0,0.17751883,0.0,0.0,243200
hardzero_only__c0p58__z1p00__lam0p000__nu0p50__psi0p00,hardzero_only,0.052,38,76,0.0,1,0.4413137,0.4413137,1.0373536,0.0,0.091758505,0.0,0.0,0.052,-27.441011,2.2822235,0.7607412,0.096,0.0,0.15425992,0.0,0.0,246400
hardzero_only__c0p58__z1p00__lam0p000__nu0p50__psi0p00,hardzero_only,0.052,38,77,0.0,1,0.4413137,0.4413137,1.0731325,0.0,0.08450209,0.0,0.0,0.052,-27.976046,2.3609388,0.7869796,0.136,0.0,0.18419528,0.0,0.0,249600
hardzero_only__c0p58__z1p00__lam0p000__nu0p50__psi0p00,hardzero_only,0.052,38,78,0.0,1,0.4413137,0.4413137,1.0442917,0.0,0.09030426,0.0,0.0,0.052,-27.852095,2.2974877,0.76582927,0.12,0.0,0.14147988,0.0,0.0,252800
hardzero_only__c0p58__z1p00__lam0p000__nu0p50__psi0p00,hardzero_only,0.052,38,79,0.0,1,0.4413137,0.4413137,1.056582,0.0,0.087784536,0.0,0.0,0.052,-28.430227,2.3245268,0.77484226,0.16800001,0.0,0.18206804,0.0,0.0,256000
hardzero_only__c0p58__z1p00__lam0p000__nu0p50__psi0p00,hardzero_only,0.052,38,80,0.0,1,0.4413137,0.4413137,1.0575942,0.0,0.08758017,0.0,0.0,0.052,-27.744892,2.3267536,0.7755846,0.16000001,0.0,0.1640748,0.0,0.0,259200
hardzero_only__c0p58__z1p00__lam0p000__nu0p50__psi0p00,hardzero_only,0.052,38,81,0.0,1,0.4413137,0.4413137,1.059309,0.0,0.08723504,0.0,0.0,0.052,-27.971392,2.3305264,0.7768421,0.16000001,0.0,0.15297602,0.0,0.0,262400
hardzero_only__c0p58__z1p00__lam0p000__nu0p50__psi0p00,hardzero_only,0.052,38,82,0.0,1,0.4413137,0.4413137,1.0895331,0.0,0.08137049,0.0,0.0,0.052,-28.852976,2.3970206,0.7990069,0.136,0.0,0.15697375,0.0,0.0,265600
hardzero_only__c0p58__z1p00__lam0p000__nu0p50__psi0p00,hardzero_only,0.052,38,83,0.0,1,0.4413137,0.4413137,1.0200257,0.0,0.09549361,0.0,0.0,0.052,-26.880512,2.2441013,0.74803376,0.096,0.0,0.15004003,0.0,0.0,268800
hardzero_only__c0p58__z1p00__lam0p000__nu0p50__psi0p00,hardzero_only,0.052,38,84,0.0,1,0.4413137,0.4413137,1.0098726,0.0,0.097752385,0.0,0.0,0.052,-27.028286,2.221764,0.74058807,0.192,0.0,0.16335393,0.0,0.0,272000
hardzero_only__c0p58__z1p00__lam0p000__nu0p50__psi0p00,hardzero_only,0.052,38,85,0.0,1,0.4413137,0.4413137,1.057499,0.0,0.08759936,0.0,0.0,0.052,-27.461004,2.3265443,0.7755148,0.112,0.0,0.15892667,0.0,0.0,275200
hardzero_only__c0p58__z1p00__lam0p000__nu0p50__psi0p00,hardzero_only,0.052,38,86,0.0,1,0.4413137,0.4413137,1.0074446,0.0,0.09830043,0.0,0.0,0.052,-26.603907,2.2164223,0.73880744,0.16000001,0.0,0.17228359,0.0,0.0,278400
hardzero_only__c0p58__z1p00__lam0p000__nu0p50__psi0p00,hardzero_only,0.052,38,87,0.0,1,0.4413137,0.4413137,1.0407636,0.0,0.09104088,0.0,0.0,0.052,-27.325342,2.2897258,0.76324195,0.128,0.0,0.17929968,0.0,0.0,281600
hardzero_only__c0p58__z1p00__lam0p000__nu0p50__psi0p00,hardzero_only,0.052,38,88,0.0,1,0.4413137,0.4413137,1.0336672,0.0,0.0925407,0.0,0.0,0.052,-27.044891,2.2741132,0.75803775,0.14400001,0.0,0.15984477,0.0,0.0,284800
hardzero_only__c0p58__z1p00__lam0p000__nu0p50__psi0p00,hardzero_only,0.052,38,89,0.0,1,0.4413137,0.4413137,1.0757055,0.0,0.08400295,0.0,0.0,0.052,-27.58097,2.3665993,0.78886646,0.096,0.0,0.19334662,0.0,0.0,288000
hardzero_only__c0p58__z1p00__lam0p000__nu0p50__psi0p00,hardzero_only,0.052,38,90,0.0,1,0.4413137,0.44688588,0.9699789,0.10715713,0.10715713,1.0,0.005572171,0.052,-26.891794,2.1339962,0.7113321,0.18400002,0.0,0.17011933,0.0,0.0,291200
hardzero_only__c0p58__z1p00__lam0p000__nu0p50__psi0p00,hardzero_only,0.052,38,91,0.0,1,0.44688588,0.44688588,1.0437393,0.0,0.09041921,0.0,0.0,0.052,-27.343998,2.2962723,0.76542413,0.19999999,0.0,0.18774454,0.0,0.0,294400
hardzero_only__c0p58__z1p00__lam0p000__nu0p50__psi0p00,hardzero_only,0.052,38,92,0.0,1,0.44688588,0.44688588,1.0790831,0.0,0.08335216,0.0,0.0,0.052,-28.018442,2.37403,0.7913434,0.15200001,0.0,0.16864002,0.0,0.0,297600
hardzero_only__c0p58__z1p00__lam0p000__nu0p50__psi0p00,hardzero_only,0.052,38,93,0.0,1,0.44688588,0.44688588,1.0574346,0.0,0.08761237,0.0,0.0,0.052,-27.441847,2.3264024,0.7754675,0.136,0.0,0.16573203,0.0,0.0,300800
hardzero_only__c0p58__z1p00__lam0p000__nu0p50__psi0p00,hardzero_only,0.052,38,94,0.0,1,0.44688588,0.44688588,1.0887015,0.0,0.08152644,0.0,0.0,0.052,-27.843645,2.3951912,0.79839706,0.15200001,0.0,0.1732074,0.0,0.0,304000
hardzero_only__c0p58__z1p00__lam0p000__nu0p50__psi0p00,hardzero_only,0.052,38,95,0.0,1,0.44688588,0.44688588,1.0234036,0.0,0.094753735,0.0,0.0,0.052,-26.587168,2.251533,0.75051105,0.17600001,0.0,0.14164256,0.0,0.0,307200
hardzero_only__c0p58__z1p00__lam0p000__nu0p50__psi0p00,hardzero_only,0.052,38,96,0.0,1,0.44688588,0.44688588,1.04193,0.0,0.09079669,0.0,0.0,0.052,-26.805565,2.2922916,0.7640972,0.17600001,0.0,0.15501532,0.0,0.0,310400
hardzero_only__c0p58__z1p00__lam0p000__nu0p50__psi0p00,hardzero_only,0.052,38,97,0.0,1,0.44688588,0.44688588,1.0294993,0.0,0.093433075,0.0,0.0,0.052,-26.535666,2.2649436,0.7549812,0.136,0.0,0.15170155,0.0,0.0,313600
hardzero_only__c0p58__z1p00__lam0p000__nu0p50__psi0p00,hardzero_only,0.052,38,98,0.0,1,0.44688588,0.45222405,0.9886123,0.102656804,0.102656804,1.0,0.005338154,0.052,-26.709158,2.1749904,0.7249968,0.18400002,0.0,0.14560565,0.0,0.0,316800
hardzero_only__c0p58__z1p00__lam0p000__nu0p50__psi0p00,hardzero_only,0.052,38,99,0.0,1,0.45222405,0.4579093,0.9612535,0.10933178,0.10933178,1.0,0.0056852526,0.052,-26.106989,2.1148,0.70493335,0.192,0.0,0.15013665,0.0,0.0,320000
hardzero_only__c0p58__z1p00__lam0p000__nu0p50__psi0p00,hardzero_only,0.052,38,100,0.0,1,0.4579093,0.4579093,1.0794846,0.0,0.08327514,0.0,0.0,0.052,-28.82146,2.3749135,0.79163784,0.112,0.0,0.17955495,0.0,0.0,323200
hardzero_only__c0p58__z1p00__lam0p000__nu0p50__psi0p00,hardzero_only,0.052,38,101,0.0,1,0.4579093,0.4579093,1.080918,0.0,0.08300074,0.0,0.0,0.052,-28.297556,2.378067,0.792689,0.16800001,0.0,0.18852608,0.0,0.0,326400
hardzero_only__c0p58__z1p00__lam0p000__nu0p50__psi0p00,hardzero_only,0.052,38,102,0.0,1,0.4579093,0.4579093,1.0095996,0.0,0.09781387,0.0,0.0,0.052,-27.326035,2.2211633,0.7403878,0.192,0.008,0.1526793,0.0,0.0,329600
hardzero_only__c0p58__z1p00__lam0p000__nu0p50__psi0p00,hardzero_only,0.052,38,103,0.0,1,0.4579093,0.4579093,1.030738,0.0,0.09316697,0.0,0.0,0.052,-26.553787,2.267669,0.75588965,0.136,0.0,0.15547179,0.0,0.0,332800
hardzero_only__c0p58__z1p00__lam0p000__nu0p50__psi0p00,hardzero_only,0.052,38,104,0.0,1,0.4579093,0.4579093,1.1155571,0.0,0.07663779,0.0,0.0,0.052,-28.439022,2.4542747,0.8180916,0.099999994,0.0,0.21695586,0.0,0.0,336000
hardzero_only__c0p58__z1p00__lam0p000__nu0p50__psi0p00,hardzero_only,0.052,38,105,0.0,1,0.4579093,0.4579093,1.0241215,0.0,0.09459725,0.0,0.0,0.052,-27.02556,2.2531123,0.7510375,0.17600001,0.0,0.14878196,0.0,0.0,339200
hardzero_only__c0p58__z1p00__lam0p000__nu0p50__psi0p00,hardzero_only,0.052,38,106,0.0,1,0.4579093,0.4579093,1.0449814,0.0,0.09016099,0.0,0.0,0.052,-27.717356,2.2990048,0.76633495,0.136,0.0,0.16706832,0.0,0.0,342400
hardzero_only__c0p58__z1p00__lam0p000__nu0p50__psi0p00,hardzero_only,0.052,38,107,0.0,1,0.4579093,0.4579093,1.029634,0.0,0.0934041,0.0,0.0,0.052,-26.78829,2.26524,0.75508,0.14400001,0.0,0.15349236,0.0,0.0,345600
hardzero_only__c0p58__z1p00__lam0p000__nu0p50__psi0p00,hardzero_only,0.052,38,108,0.0,1,0.4579093,0.4579093,1.0525764,0.0,0.088597916,0.0,0.0,0.052,-27.430822,2.3157144,0.7719048,0.17600001,0.0,0.14674711,0.0,0.0,348800
hardzero_only__c0p58__z1p00__lam0p000__nu0p50__psi0p00,hardzero_only,0.052,38,109,0.0,1,0.4579093,0.4631792,0.9942002,0.10134441,0.10134441,1.0,0.0052699093,0.052,-25.597866,2.1872842,0.72909474,0.16000001,0.0,0.14773892,0.0,0.0,352000
hardzero_only__c0p58__z1p00__lam0p000__nu0p50__psi0p00,hardzero_only,0.052,38,110,0.0,1,0.4631792,0.4631792,1.0147561,0.0,0.09665937,0.0,0.0,0.052,-26.708067,2.232508,0.74416935,0.120000005,0.0,0.18515776,0.0,0.0,355200
hardzero_only__c0p58__z1p00__lam0p000__nu0p50__psi0p00,hardzero_only,0.052,38,111,0.0,1,0.4631792,0.4631792,1.0094744,0.0,0.09784207,0.0,0.0,0.052,-26.684711,2.220888,0.740296,0.208,0.0,0.14172748,0.0,0.0,358400
hardzero_only__c0p58__z1p00__lam0p000__nu0p50__psi0p00,hardzero_only,0.052,38,112,0.0,1,0.4631792,0.4631792,1.0044655,0.0,0.09897706,0.0,0.0,0.052,-26.180225,2.2098682,0.73662275,0.23200001,0.0,0.1561388,0.0,0.0,361600
hardzero_only__c0p58__z1p00__lam0p000__nu0p50__psi0p00,hardzero_only,0.052,38,113,0.0,1,0.4631792,0.4631792,1.0860671,0.0,0.08202247,0.0,0.0,0.052,-27.897388,2.3893952,0.7964651,0.096,0.0,0.17610268,0.0,0.0,364800
hardzero_only__c0p58__z1p00__lam0p000__nu0p50__psi0p00,hardzero_only,0.052,38,114,0.0,1,0.4631792,0.4631792,1.0496238,0.0,0.08920233,0.0,0.0,0.052,-28.114496,2.3092186,0.76973957,0.15200001,0.0,0.15377064,0.0,0.0,368000
hardzero_only__c0p58__z1p00__lam0p000__nu0p50__psi0p00,hardzero_only,0.052,38,115,0.0,1,0.4631792,0.4631792,1.060754,0.0,0.08694528,0.0,0.0,0.052,-27.84126,2.3337052,0.77790177,0.14400001,0.0,0.1675958,0.0,0.0,371200
hardzero_only__c0p58__z1p00__lam0p000__nu0p50__psi0p00,hardzero_only,0.052,38,116,0.0,1,0.4631792,0.4631792,1.0140511,0.0,0.09681638,0.0,0.0,0.052,-27.068325,2.2309568,0.7436523,0.17600001,0.0,0.16990581,0.0,0.0,374400
hardzero_only__c0p58__z1p00__lam0p000__nu0p50__psi0p00,hardzero_only,0.052,38,117,0.0,1,0.4631792,0.4631792,1.067796,0.0,0.08554685,0.0,0.0,0.052,-28.669924,2.349198,0.78306603,0.12,0.0,0.16547328,0.0,0.0,377600
hardzero_only__c0p58__z1p00__lam0p000__nu0p50__psi0p00,hardzero_only,0.052,38,118,0.0,1,0.4631792,0.4631792,1.009882,0.0,0.09775027,0.0,0.0,0.052,-26.586952,2.2217848,0.740595,0.18400002,0.0,0.1370672,0.0,0.0,380800
hardzero_only__c0p58__z1p00__lam0p000__nu0p50__psi0p00,hardzero_only,0.052,38,119,0.0,1,0.4631792,0.4631792,1.0629367,0.0,0.08650941,0.0,0.0,0.052,-27.465984,2.3385074,0.7795025,0.15200001,0.0,0.16809578,0.0,0.0,384000
hardzero_only__c0p58__z1p00__lam0p000__nu0p50__psi0p00,hardzero_only,0.052,38,120,0.0,1,0.4631792,0.4631792,1.0438677,0.0,0.09039248,0.0,0.0,0.052,-27.166378,2.2965548,0.7655183,0.14400001,0.0,0.14329457,0.0,0.0,387200
hardzero_only__c0p58__z1p00__lam0p000__nu0p50__psi0p00,hardzero_only,0.052,38,121,0.0,1,0.4631792,0.4631792,1.0275527,0.0,0.09385281,0.0,0.0,0.052,-27.064814,2.2606611,0.75355375,0.16000001,0.0,0.15247548,0.0,0.0,390400
hardzero_only__c0p58__z1p00__lam0p000__nu0p50__psi0p00,hardzero_only,0.052,38,122,0.0,1,0.4631792,0.4631792,1.0300962,0.0,0.09330476,0.0,0.0,0.052,-27.054815,2.2662568,0.75541896,0.2,0.0,0.181154,0.0,0.0,393600
hardzero_only__c0p58__z1p00__lam0p000__nu0p50__psi0p00,hardzero_only,0.052,38,123,0.0,1,0.4631792,0.4631792,1.0699499,0.0,0.08512362,0.0,0.0,0.052,-28.669476,2.3539367,0.78464556,0.104,0.0,0.16014497,0.0,0.0,396800
hardzero_only__c0p58__z1p00__lam0p000__nu0p50__psi0p00,hardzero_only,0.052,38,124,0.0,1,0.4631792,0.4631792,1.0692995,0.0,0.08525121,0.0,0.0,0.052,-27.868458,2.3525057,0.7841686,0.128,0.0,0.15321454,0.0,0.0,400000
hardzero_only__c0p58__z1p00__lam0p000__nu0p50__psi0p00,hardzero_only,0.052,38,125,0.0,1,0.4631792,0.4631792,1.0008464,0.0,0.099805295,0.0,0.0,0.052,-26.280943,2.201906,0.7339687,0.2,0.008,0.16387643,0.0,0.0,403200
hardzero_only__c0p58__z1p00__lam0p000__nu0p50__psi0p00,hardzero_only,0.052,38,126,0.0,1,0.4631792,0.4631792,1.0171071,0.0,0.096137516,0.0,0.0,0.052,-26.93716,2.2376804,0.7458935,0.23200001,0.008,0.1707164,0.0,0.0,406400
hardzero_only__c0p58__z1p00__lam0p000__nu0p50__psi0p00,hardzero_only,0.052,38,127,0.0,1,0.4631792,0.4631792,1.009718,0.0,0.09778721,0.0,0.0,0.052,-27.124352,2.2214239,0.74047464,0.192,0.0,0.17106035,0.0,0.0,409600
hardzero_only__c0p58__z1p00__lam0p000__nu0p50__psi0p00,hardzero_only,0.052,38,128,0.0,1,0.4631792,0.4631792,1.02353,0.0,0.09472616,0.0,0.0,0.052,-27.612211,2.251811,0.7506037,0.18400002,0.0,0.16498645,0.0,0.0,412800
hardzero_only__c0p58__z1p00__lam0p000__nu0p50__psi0p00,hardzero_only,0.052,38,129,0.0,1,0.4631792,0.4631792,1.0134717,0.0,0.09694564,0.0,0.0,0.052,-26.914072,2.2296822,0.7432274,0.15200001,0.0,0.14715187,0.0,0.0,416000
hardzero_only__c0p58__z1p00__lam0p000__nu0p50__psi0p00,hardzero_only,0.052,38,130,0.0,1,0.4631792,0.4631792,1.0362532,0.0,0.091991305,0.0,0.0,0.052,-27.469526,2.2798026,0.7599342,0.099999994,0.0,0.18248105,0.0,0.0,419200
hardzero_only__c0p58__z1p00__lam0p000__nu0p50__psi0p00,hardzero_only,0.052,38,131,0.0,1,0.4631792,0.4631792,1.0974796,0.0,0.07989514,0.0,0.0,0.052,-28.806032,2.4145033,0.8048345,0.17600001,0.0,0.1643958,0.0,0.0,422400
hardzero_only__c0p58__z1p00__lam0p000__nu0p50__psi0p00,hardzero_only,0.052,38,132,0.0,1,0.4631792,0.4686971,0.97422874,0.10611364,0.10611364,1.0,0.0055179093,0.052,-26.213036,2.143346,0.7144487,0.16800001,0.008,0.17728303,0.0,0.0,425600
hardzero_only__c0p58__z1p00__lam0p000__nu0p50__psi0p00,hardzero_only,0.052,38,133,0.0,1,0.4686971,0.4686971,1.0649787,0.0,0.08610359,0.0,0.0,0.052,-27.339102,2.343,0.781,0.16000001,0.0,0.14295265,0.0,0.0,428800
hardzero_only__c0p58__z1p00__lam0p000__nu0p50__psi0p00,hardzero_only,0.052,38,134,0.0,1,0.4686971,0.4686971,1.0947881,0.0,0.080391824,0.0,0.0,0.052,-28.232447,2.408582,0.8028607,0.120000005,0.0,0.15475892,0.0,0.0,432000
hardzero_only__c0p58__z1p00__lam0p000__nu0p50__psi0p00,hardzero_only,0.052,38,135,0.0,1,0.4686971,0.4686971,1.0278687,0.0,0.09378454,0.0,0.0,0.052,-27.53897,2.2613564,0.7537855,0.16800001,0.0,0.18958952,0.0,0.0,435200
hardzero_only__c0p58__z1p00__lam0p000__nu0p50__psi0p00,hardzero_only,0.052,38,136,0.0,1,0.4686971,0.4686971,1.0632004,0.0,0.08645689,0.0,0.0,0.052,-27.999153,2.3390875,0.77969587,0.120000005,0.0,0.16046545,0.0,0.0,438400
hardzero_only__c0p58__z1p00__lam0p000__nu0p50__psi0p00,hardzero_only,0.052,38,137,0.0,1,0.4686971,0.4686971,1.0550439,0.0,0.08809597,0.0,0.0,0.052,-27.444475,2.321143,0.7737143,0.15200001,0.0,0.16697136,0.0,0.0,441600
hardzero_only__c0p58__z1p00__lam0p000__nu0p50__psi0p00,hardzero_only,0.052,38,138,0.0,1,0.4686971,0.4686971,1.024733,0.0,0.09446416,0.0,0.0,0.052,-27.774044,2.2544575,0.7514858,0.14400001,0.0,0.18387154,0.0,0.0,444800
hardzero_only__c0p58__z1p00__lam0p000__nu0p50__psi0p00,hardzero_only,0.052,38,139,0.0,1,0.4686971,0.4686971,1.022069,0.0,0.09504539,0.0,0.0,0.052,-26.506857,2.2485967,0.7495322,0.14400001,0.0,0.15520762,0.0,0.0,448000
hardzero_only__c0p58__z1p00__lam0p000__nu0p50__psi0p00,hardzero_only,0.052,38,140,0.0,1,0.4686971,0.4686971,1.0099499,0.0,0.09773498,0.0,0.0,0.052,-27.516132,2.2219343,0.7406448,0.18400002,0.0,0.16293633,0.0,0.0,451200
hardzero_only__c0p58__z1p00__lam0p000__nu0p50__psi0p00,hardzero_only,0.052,38,141,0.0,1,0.4686971,0.4686971,1.083065,0.0,0.082591414,0.0,0.0,0.052,-29.428259,2.3827906,0.79426354,0.136,0.0,0.17820862,0.0,0.0,454400
hardzero_only__c0p58__z1p00__lam0p000__nu0p50__psi0p00,hardzero_only,0.052,38,142,0.0,1,0.4686971,0.4740875,0.9843815,0.10366173,0.10366173,1.0,0.0053904103,0.052,-27.185146,2.1656826,0.7218942,0.16000001,0.0,0.14935596,0.0,0.0,457600
hardzero_only__c0p58__z1p00__lam0p000__nu0p50__psi0p00,hardzero_only,0.052,38,143,0.0,1,0.4740875,0.4740875,1.0715426,0.0,0.084812015,0.0,0.0,0.052,-27.688028,2.3574407,0.78581357,0.14,0.0,0.1638222,0.0,0.0,460800
hardzero_only__c0p58__z1p00__lam0p000__nu0p50__psi0p00,hardzero_only,0.052,38,144,0.0,1,0.4740875,0.4740875,1.0425475,0.0,0.09066769,0.0,0.0,0.052,-27.101786,2.2936502,0.7645501,0.136,0.0,0.15893738,0.0,0.0,464000
hardzero_only__c0p58__z1p00__lam0p000__nu0p50__psi0p00,hardzero_only,0.052,38,145,0.0,1,0.4740875,0.4740875,1.0605412,0.0,0.08698789,0.0,0.0,0.052,-27.81467,2.3332372,0.7777457,0.136,0.0,0.21007164,0.0,0.0,467200
hardzero_only__c0p58__z1p00__lam0p000__nu0p50__psi0p00,hardzero_only,0.052,38,146,0.0,1,0.4740875,0.4740875,1.062745,0.0,0.08654759,0.0,0.0,0.052,-27.467936,2.3380857,0.7793619,0.08800001,0.0,0.1451595,0.0,0.0,470400
hardzero_only__c0p58__z1p00__lam0p000__nu0p50__psi0p00,hardzero_only,0.052,38,147,0.0,1,0.4740875,0.4740875,1.0541339,0.0,0.08828077,0.0,0.0,0.052,-27.977068,2.319141,0.773047,0.16000001,0.0,0.1676513,0.0,0.0,473600
hardzero_only__c0p58__z1p00__lam0p000__nu0p50__psi0p00,hardzero_only,0.052,38,148,0.0,1,0.4740875,0.4740875,1.0399115,0.0,0.09121967,0.0,0.0,0.052,-27.029583,2.287851,0.76261705,0.192,0.0,0.13981147,0.0,0.0,476800
hardzero_only__c0p58__z1p00__lam0p000__nu0p50__psi0p00,hardzero_only,0.052,38,149,0.0,1,0.4740875,0.4740875,1.0446475,0.0,0.09023032,0.0,0.0,0.052,-27.494892,2.2982702,0.7660901,0.08800001,0.0,0.18379748,0.0,0.0,480000
hardzero_only__c0p58__z1p00__lam0p000__nu0p50__psi0p00,hardzero_only,0.052,38,150,0.0,1,0.4740875,0.4740875,1.020755,0.0,0.09533337,0.0,0.0,0.052,-27.71619,2.245706,0.7485687,0.16800001,0.0,0.1623747,0.0,0.0,483200
hardzero_only__c0p58__z1p00__lam0p000__nu0p50__psi0p00,hardzero_only,0.052,38,151,0.0,1,0.4740875,0.4740875,1.0680931,0.0,0.08548836,0.0,0.0,0.052,-28.049273,2.3498516,0.7832839,0.136,0.0,0.1752835,0.0,0.0,486400
hardzero_only__c0p58__z1p00__lam0p000__nu0p50__psi0p00,hardzero_only,0.052,38,152,0.0,1,0.4740875,0.4740875,1.0515224,0.0,0.088813215,0.0,0.0,0.052,-28.645306,2.3133955,0.7711319,0.18400002,0.008,0.19089253,0.0,0.0,489600
hardzero_only__c0p58__z1p00__lam0p000__nu0p50__psi0p00,hardzero_only,0.052,38,153,0.0,1,0.4740875,0.4740875,1.0585973,0.0,0.08737811,0.0,0.0,0.052,-28.356735,2.3289607,0.7763202,0.136,0.0,0.15780966,0.0,0.0,492800
hardzero_only__c0p58__z1p00__lam0p000__nu0p50__psi0p00,hardzero_only,0.052,38,154,0.0,1,0.4740875,0.4740875,1.115836,0.0,0.07658858,0.0,0.0,0.052,-28.682459,2.4548883,0.81829613,0.16000001,0.0,0.16820006,0.0,0.0,496000
hardzero_only__c0p58__z1p00__lam0p000__nu0p50__psi0p00,hardzero_only,0.052,38,155,0.0,1,0.4740875,0.4793941,0.9911864,0.10205015,0.10205015,1.0,0.0053066076,0.052,-25.997826,2.1806536,0.72688454,0.18400002,0.0,0.15037595,0.0,0.0,499200
hardzero_only__c0p58__z1p00__lam0p000__nu0p50__psi0p00,hardzero_only,0.052,38,156,0.0,1,0.4793941,0.48481974,0.98155284,0.104339115,0.104339115,1.0,0.0054256343,0.052,-26.45331,2.1594594,0.7198198,0.28,0.0,0.14034714,0.0,0.0,502400
hardzero_only__c0p58__z1p00__lam0p000__nu0p50__psi0p00,hardzero_only,0.052,38,157,0.0,1,0.48481974,0.48481974,1.0335346,0.0,0.09256895,0.0,0.0,0.052,-27.911337,2.2738216,0.75794053,0.192,0.0,0.17390253,0.0,0.0,505600
hardzero_only__c0p58__z1p00__lam0p000__nu0p50__psi0p00,hardzero_only,0.052,38,158,0.0,1,0.48481974,0.49045473,0.9651106,0.10836509,0.10836509,1.0,0.005634985,0.052,-26.049818,2.1232858,0.70776194,0.208,0.0,0.17269486,0.0,0.0,508800
hardzero_only__c0p58__z1p00__lam0p000__nu0p50__psi0p00,hardzero_only,0.052,38,159,0.0,1,0.49045473,0.49045473,1.0346853,0.0,0.09232403,0.0,0.0,0.052,-27.886856,2.2763531,0.7587844,0.128,0.0,0.15261951,0.0,0.0,512000
hardzero_only__c0p58__z1p00__lam0p000__nu0p50__psi0p00,hardzero_only,0.052,38,160,0.0,1,0.49045473,0.49045473,1.0231681,0.0,0.09480515,0.0,0.0,0.052,-27.288082,2.2510147,0.75033826,0.15200001,0.0,0.17434964,0.0,0.0,515200
hardzero_only__c0p58__z1p00__lam0p000__nu0p50__psi0p00,hardzero_only,0.052,38,161,0.0,1,0.49045473,0.49045473,1.0317683,0.0,0.09294621,0.0,0.0,0.052,-27.544382,2.2699356,0.7566452,0.14400001,0.0,0.1584048,0.0,0.0,518400
hardzero_only__c0p58__z1p00__lam0p000__nu0p50__psi0p00,hardzero_only,0.052,38,162,0.0,1,0.49045473,0.49045473,1.0535555,0.0,0.08839842,0.0,0.0,0.052,-27.032438,2.3178682,0.77262276,0.16000001,0.0,0.17600381,0.0,0.0,521600
hardzero_only__c0p58__z1p00__lam0p000__nu0p50__psi0p00,hardzero_only,0.052,38,163,0.0,1,0.49045473,0.49045473,1.0736984,0.0,0.08439206,0.0,0.0,0.052,-28.473125,2.3621836,0.7873945,0.120000005,0.0,0.17304072,0.0,0.0,524800
hardzero_only__c0p58__z1p00__lam0p000__nu0p50__psi0p00,hardzero_only,0.052,38,164,0.0,1,0.49045473,0.49045473,1.0275451,0.0,0.093854465,0.0,0.0,0.052,-27.017527,2.2606444,0.75354815,0.16800001,0.0,0.16725442,0.0,0.0,528000
hardzero_only__c0p58__z1p00__lam0p000__nu0p50__psi0p00,hardzero_only,0.052,38,165,0.0,1,0.49045473,0.49045473,1.0723888,0.0,0.08464693,0.0,0.0,0.052,-28.843555,2.3593023,0.7864341,0.17600001,0.0,0.21281214,0.0,0.0,531200
hardzero_only__c0p58__z1p00__lam0p000__nu0p50__psi0p00,hardzero_only,0.052,38,166,0.0,1,0.49045473,0.49045473,1.0222821,0.0,0.09499874,0.0,0.0,0.052,-27.257595,2.2490656,0.74968857,0.136,0.0,0.16276939,0.0,0.0,534400
hardzero_only__c0p58__z1p00__lam0p000__nu0p50__psi0p00,hardzero_only,0.052,38,167,0.0,1,0.49045473,0.49045473,1.0560825,0.0,0.08788556,0.0,0.0,0.052,-27.651693,2.323428,0.774476,0.15200001,0.0,0.16643634,0.0,0.0,537600
hardzero_only__c0p58__z1p00__lam0p000__nu0p50__psi0p00,hardzero_only,0.052,38,168,0.0,1,0.49045473,0.49611694,0.96301824,0.10888843,0.10888843,1.0,0.0056621986,0.052,-26.476662,2.1186824,0.7062275,0.18400002,0.008,0.14823495,0.0,0.0,540800
hardzero_only__c0p58__z1p00__lam0p000__nu0p50__psi0p00,hardzero_only,0.052,38,169,0.0,1,0.49611694,0.49611694,1.050853,0.0,0.08895021,0.0,0.0,0.052,-25.973398,2.3119228,0.77064097,0.099999994,0.0,0.13032256,0.0,0.0,544000
hardzero_only__c0p58__z1p00__lam0p000__nu0p50__psi0p00,hardzero_only,0.052,38,170,0.0,1,0.49611694,0.49611694,1.0464832,0.0,0.089849755,0.0,0.0,0.052,-27.573591,2.3023088,0.76743627,0.2,0.0,0.174041,0.0,0.0,547200
hardzero_only__c0p58__z1p00__lam0p000__nu0p50__psi0p00,hardzero_only,0.052,38,171,0.0,1,0.49611694,0.49611694,1.0299369,0.0,0.09333898,0.0,0.0,0.052,-27.184889,2.2659066,0.7553022,0.15200001,0.0,0.17178595,0.0,0.0,550400
hardzero_only__c0p58__z1p00__lam0p000__nu0p50__psi0p00,hardzero_only,0.052,38,172,0.0,1,0.49611694,0.49611694,1.0275658,0.0,0.09384997,0.0,0.0,0.052,-26.08307,2.26069,0.75356334,0.18400002,0.0,0.15165512,0.0,0.0,553600
hardzero_only__c0p58__z1p00__lam0p000__nu0p50__psi0p00,hardzero_only,0.052,38,173,0.0,1,0.49611694,0.49611694,1.0773708,0.0,0.08368145,0.0,0.0,0.052,-27.718313,2.370263,0.7900877,0.14400001,0.0,0.20423529,0.0,0.0,556800
hardzero_only__c0p58__z1p00__lam0p000__nu0p50__psi0p00,hardzero_only,0.052,38,174,0.0,1,0.49611694,0.49611694,1.0893625,0.0,0.08140244,0.0,0.0,0.052,-28.474869,2.3966453,0.79888177,0.136,0.0,0.1699403,0.0,0.0,560000
hardzero_only__c0p58__z1p00__lam0p000__nu0p50__psi0p00,hardzero_only,0.052,38,175,0.0,1,0.49611694,0.49611694,1.0347439,0.0,0.09231155,0.0,0.0,0.052,-27.61185,2.276482,0.7588274,0.14400001,0.0,0.16373299,0.0,0.0,563200
hardzero_only__c0p58__z1p00__lam0p000__nu0p50__psi0p00,hardzero_only,0.052,38,176,0.0,1,0.49611694,0.49611694,1.074853,0.0,0.08416802,0.0,0.0,0.052,-28.26461,2.3647237,0.78824127,0.08800001,0.0,0.18269506,0.0,0.0,566400
hardzero_only__c0p58__z1p00__lam0p000__nu0p50__psi0p00,hardzero_only,0.052,38,177,0.0,1,0.49611694,0.49611694,1.038249,0.0,0.09156953,0.0,0.0,0.052,-28.16679,2.2841935,0.76139784,0.15200001,0.0,0.15378201,0.0,0.0,569600
hardzero_only__c0p58__z1p00__lam0p000__nu0p50__psi0p00,hardzero_only,0.052,38,178,0.0,1,0.49611694,0.49611694,1.0735129,0.0,0.08442811,0.0,0.0,0.052,-27.819414,2.3617756,0.78725857,0.16800001,0.0,0.17376679,0.0,0.0,572800
hardzero_only__c0p58__z1p00__lam0p000__nu0p50__psi0p00,hardzero_only,0.052,38,179,0.0,1,0.49611694,0.49611694,1.0249473,0.0,0.09441755,0.0,0.0,0.052,-27.433308,2.254929,0.75164306,0.192,0.0,0.19328365,0.0,0.0,576000
hardzero_only__c0p58__z1p00__lam0p000__nu0p50__psi0p00,hardzero_only,0.052,38,180,0.0,1,0.49611694,0.49611694,1.0943018,0.0,0.08048189,0.0,0.0,0.052,-28.141644,2.407512,0.802504,0.096,0.0,0.186219,0.0,0.0,579200
hardzero_only__c0p58__z1p00__lam0p000__nu0p50__psi0p00,hardzero_only,0.052,38,181,0.0,1,0.49611694,0.49611694,1.0615842,0.0,0.086779214,0.0,0.0,0.052,-27.133472,2.335532,0.7785107,0.16000001,0.0,0.15534203,0.0,0.0,582400
hardzero_only__c0p58__z1p00__lam0p000__nu0p50__psi0p00,hardzero_only,0.052,38,182,0.0,1,0.49611694,0.49611694,1.0616937,0.0,0.08675735,0.0,0.0,0.052,-28.241835,2.3357728,0.7785909,0.16,0.0,0.1704258,0.0,0.0,585600
hardzero_only__c0p58__z1p00__lam0p000__nu0p50__psi0p00,hardzero_only,0.052,38,183,0.0,1,0.49611694,0.49611694,1.0094677,0.0,0.09784356,0.0,0.0,0.052,-27.517197,2.2208734,0.7402911,0.16800001,0.0,0.17939016,0.0,0.0,588800
hardzero_only__c0p58__z1p00__lam0p000__nu0p50__psi0p00,hardzero_only,0.052,38,184,0.0,1,0.49611694,0.49611694,1.0340554,0.0,0.092458025,0.0,0.0,0.052,-27.861355,2.2749672,0.7583224,0.16000001,0.0,0.17328781,0.0,0.0,592000
hardzero_only__c0p58__z1p00__lam0p000__nu0p50__psi0p00,hardzero_only,0.052,38,185,0.0,1,0.49611694,0.49611694,1.0169373,0.0,0.09617511,0.0,0.0,0.052,-26.351198,2.2373066,0.7457689,0.08800001,0.0,0.13482982,0.0,0.0,595200
hardzero_only__c0p58__z1p00__lam0p000__nu0p50__psi0p00,hardzero_only,0.052,38,186,0.0,1,0.49611694,0.49611694,1.0505347,0.0,0.08901543,0.0,0.0,0.052,-27.557343,2.3112226,0.77040756,0.14400001,0.0,0.1764745,0.0,0.0,598400
hardzero_only__c0p58__z1p00__lam0p000__nu0p50__psi0p00,hardzero_only,0.052,38,187,0.0,1,0.49611694,0.5017568,0.96473634,0.108458504,0.108458504,1.0,0.0056398422,0.052,-27.117691,2.1224623,0.70748746,0.216,0.0,0.13051249,0.0,0.0,601600
hardzero_only__c0p58__z1p00__lam0p000__nu0p50__psi0p00,hardzero_only,0.052,38,188,0.0,1,0.5017568,0.5017568,1.0449507,0.0,0.09016735,0.0,0.0,0.052,-27.659044,2.2989376,0.76631254,0.112,0.0,0.15054663,0.0,0.0,604800
hardzero_only__c0p58__z1p00__lam0p000__nu0p50__psi0p00,hardzero_only,0.052,38,189,0.0,1,0.5017568,0.5017568,1.0389512,0.0,0.09142161,0.0,0.0,0.052,-27.383049,2.2857382,0.76191276,0.112,0.0,0.15393789,0.0,0.0,608000
hardzero_only__c0p58__z1p00__lam0p000__nu0p50__psi0p00,hardzero_only,0.052,38,190,0.0,1,0.5017568,0.5017568,1.0638863,0.0,0.08632046,0.0,0.0,0.052,-28.383814,2.3405967,0.78019893,0.112,0.0,0.18159766,0.0,0.0,611200
hardzero_only__c0p58__z1p00__lam0p000__nu0p50__psi0p00,hardzero_only,0.052,38,191,0.0,1,0.5017568,0.5017568,1.050238,0.0,0.08907626,0.0,0.0,0.052,-27.155958,2.3105698,0.77018994,0.17600001,0.0,0.18517776,0.0,0.0,614400
hardzero_only__c0p58__z1p00__lam0p000__nu0p50__psi0p00,hardzero_only,0.052,38,192,0.0,1,0.5017568,0.5017568,1.0431987,0.0,0.090531826,0.0,0.0,0.052,-27.734911,2.295083,0.7650277,0.104,0.0,0.15338558,0.0,0.0,617600
hardzero_only__c0p58__z1p00__lam0p000__nu0p50__psi0p00,hardzero_only,0.052,38,193,0.0,1,0.5017568,0.5017568,1.0374619,0.0,0.091735646,0.0,0.0,0.052,-27.669737,2.2824616,0.76082057,0.16800001,0.0,0.15101889,0.0,0.0,620800
hardzero_only__c0p58__z1p00__lam0p000__nu0p50__psi0p00,hardzero_only,0.052,38,194,0.0,1,0.5017568,0.5017568,1.0911702,0.0,0.08106433,0.0,0.0,0.052,-28.90327,2.4006224,0.8002075,0.128,0.0,0.15969315,0.0,0.0,624000
hardzero_only__c0p58__z1p00__lam0p000__nu0p50__psi0p00,hardzero_only,0.052,38,195,0.0,1,0.5017568,0.5017568,1.1108589,0.0,0.07747134,0.0,0.0,0.052,-29.659834,2.4439385,0.8146462,0.11,0.0,0.18007615,0.0,0.0,627200
hardzero_only__c0p58__z1p00__lam0p000__nu0p50__psi0p00,hardzero_only,0.052,38,196,0.0,1,0.5017568,0.5073395,0.96915877,0.10735969,0.10735969,1.0,0.005582704,0.052,-26.18171,2.132192,0.7107307,0.17600001,0.0,0.14796898,0.0,0.0,630400
hardzero_only__c0p58__z1p00__lam0p000__nu0p50__psi0p00,hardzero_only,0.052,38,197,0.0,1,0.5073395,0.5073395,1.0117084,0.0,0.09734005,0.0,0.0,0.052,-27.248877,2.225803,0.7419343,0.2,0.0,0.15304805,0.0,0.0,633600
hardzero_only__c0p58__z1p00__lam0p000__nu0p50__psi0p00,hardzero_only,0.052,38,198,0.0,1,0.5073395,0.5073395,1.0160747,0.0,0.09636632,0.0,0.0,0.052,-27.741764,2.2354088,0.74513626,0.15200001,0.0,0.15324056,0.0,0.0,636800
hardzero_only__c0p58__z1p00__lam0p000__nu0p50__psi0p00,hardzero_only,0.052,38,199,0.0,1,0.5073395,0.5073395,1.0398595,0.0,0.091230586,0.0,0.0,0.052,-27.93793,2.2877367,0.7625789,0.15200001,0.0,0.17914861,0.0,0.0,640000
hardzero_only__c0p58__z1p00__lam0p000__nu0p50__psi0p00,hardzero_only,0.052,38,200,0.0,1,0.5073395,0.5073395,1.0702375,0.0,0.085067265,0.0,0.0,0.052,-27.637001,2.3545694,0.7848565,0.080000006,0.0,0.18319242,0.0,0.0,643200
hardzero_only__c0p58__z1p00__lam0p000__nu0p50__psi0p00,hardzero_only,0.052,38,201,0.0,1,0.5073395,0.5073395,1.1043968,0.0,0.07863269,0.0,0.0,0.052,-29.032793,2.4297216,0.8099072,0.128,0.0,0.1776564,0.0,0.0,646400
hardzero_only__c0p58__z1p00__lam0p000__nu0p50__psi0p00,hardzero_only,0.052,38,202,0.0,1,0.5073395,0.5073395,1.0157416,0.0,0.09644027,0.0,0.0,0.052,-27.092627,2.2346761,0.74489206,0.224,0.0,0.17247903,0.0,0.0,649600
hardzero_only__c0p58__z1p00__lam0p000__nu0p50__psi0p00,hardzero_only,0.052,38,203,0.0,1,0.5073395,0.5073395,1.0830158,0.0,0.08260079,0.0,0.0,0.052,-27.988108,2.3826823,0.7942275,0.16000001,0.0,0.17767905,0.0,0.0,652800
hardzero_only__c0p58__z1p00__lam0p000__nu0p50__psi0p00,hardzero_only,0.052,38,204,0.0,1,0.5073395,0.5073395,1.0406829,0.0,0.091057785,0.0,0.0,0.052,-27.823215,2.2895482,0.76318276,0.128,0.0,0.17083512,0.0,0.0,656000
hardzero_only__c0p58__z1p00__lam0p000__nu0p50__psi0p00,hardzero_only,0.052,38,205,0.0,1,0.5073395,0.5073395,1.0250552,0.0,0.0943941,0.0,0.0,0.052,-27.20965,2.2551665,0.7517222,0.17600001,0.0,0.1698941,0.0,0.0,659200
hardzero_only__c0p58__z1p00__lam0p000__nu0p50__psi0p00,hardzero_only,0.052,38,206,0.0,1,0.5073395,0.5073395,1.0202584,0.0,0.09544244,0.0,0.0,0.052,-27.230263,2.2446134,0.74820447,0.136,0.0,0.17263375,0.0,0.0,662400
hardzero_only__c0p58__z1p00__lam0p000__nu0p50__psi0p00,hardzero_only,0.052,38,207,0.0,1,0.5073395,0.5073395,1.0385664,0.0,0.091502644,0.0,0.0,0.052,-28.359161,2.2848916,0.76163054,0.16000001,0.0,0.15747239,0.0,0.0,665600
hardzero_only__c0p58__z1p00__lam0p000__nu0p50__psi0p00,hardzero_only,0.052,38,208,0.0,1,0.5073395,0.5073395,1.0027497,0.0,0.09936885,0.0,0.0,0.052,-27.224775,2.2060933,0.73536444,0.19,0.0,0.1823993,0.0,0.0,668800
hardzero_only__c0p58__z1p00__lam0p000__nu0p50__psi0p00,hardzero_only,0.052,38,209,0.0,1,0.5073395,0.5073395,1.0573008,0.0,0.08763936,0.0,0.0,0.052,-27.50318,2.3261082,0.7753694,0.136,0.0,0.20141445,0.0,0.0,672000
hardzero_only__c0p58__z1p00__lam0p000__nu0p50__psi0p00,hardzero_only,0.052,38,210,0.0,1,0.5073395,0.5073395,1.0597743,0.0,0.087141626,0.0,0.0,0.052,-28.465807,2.33155,0.7771833,0.208,0.008,0.16272916,0.0,0.0,675200
hardzero_only__c0p58__z1p00__lam0p000__nu0p50__psi0p00,hardzero_only,0.052,38,211,0.0,1,0.5073395,0.5073395,1.0433728,0.0,0.09049555,0.0,0.0,0.052,-27.68843,2.295466,0.7651553,0.128,0.0,0.16401127,0.0,0.0,678400
hardzero_only__c0p58__z1p00__lam0p000__nu0p50__psi0p00,hardzero_only,0.052,38,212,0.0,1,0.5073395,0.5073395,1.016533,0.0,0.096264675,0.0,0.0,0.052,-26.889969,2.2364173,0.74547243,0.2,0.0,0.17375593,0.0,0.0,681600
hardzero_only__c0p58__z1p00__lam0p000__nu0p50__psi0p00,hardzero_only,0.052,38,213,0.0,1,0.5073395,0.5073395,1.0956101,0.0,0.0802398,0.0,0.0,0.052,-28.668056,2.4103904,0.80346346,0.104,0.0,0.16959654,0.0,0.0,684800
hardzero_only__c0p58__z1p00__lam0p000__nu0p50__psi0p00,hardzero_only,0.052,38,214,0.0,1,0.5073395,0.5073395,1.0567404,0.0,0.08775252,0.0,0.0,0.052,-27.917665,2.3248754,0.7749585,0.120000005,0.0,0.14687888,0.0,0.0,688000
hardzero_only__c0p58__z1p00__lam0p000__nu0p50__psi0p00,hardzero_only,0.052,38,215,0.0,1,0.5073395,0.5073395,1.0703647,0.0,0.08504236,0.0,0.0,0.052,-28.332338,2.3548493,0.7849498,0.15200001,0.0,0.17515776,0.0,0.0,691200
hardzero_only__c0p58__z1p00__lam0p000__nu0p50__psi0p00,hardzero_only,0.052,38,216,0.0,1,0.5073395,0.5073395,1.052597,0.0,0.088593714,0.0,0.0,0.052,-27.347555,2.3157597,0.7719199,0.112,0.0,0.18469109,0.0,0.0,694400
hardzero_only__c0p58__z1p00__lam0p000__nu0p50__psi0p00,hardzero_only,0.052,38,217,0.0,1,0.5073395,0.5073395,1.045686,0.0,0.09001481,0.0,0.0,0.052,-27.763922,2.3005552,0.7668518,0.128,0.0,0.15749457,0.0,0.0,697600
hardzero_only__c0p58__z1p00__lam0p000__nu0p50__psi0p00,hardzero_only,0.052,38,218,0.0,1,0.5073395,0.5073395,1.0052658,0.0,0.09879482,0.0,0.0,0.052,-27.604742,2.211629,0.7372097,0.17600001,0.0,0.14453343,0.0,0.0,700800
hardzero_only__c0p58__z1p00__lam0p000__nu0p50__psi0p00,hardzero_only,0.052,38,219,0.0,1,0.5073395,0.5073395,1.0582335,0.0,0.087451346,0.0,0.0,0.052,-27.863985,2.3281603,0.7760534,0.128,0.0,0.15551315,0.0,0.0,704000
hardzero_only__c0p58__z1p00__lam0p000__nu0p50__psi0p00,hardzero_only,0.052,38,220,0.0,1,0.5073395,0.512592,0.99563247,0.10101072,0.10101072,1.0,0.0052525573,0.052,-26.888952,2.1904352,0.7301451,0.16800001,0.0,0.15474376,0.0,0.0,707200
hardzero_only__c0p58__z1p00__lam0p000__nu0p50__psi0p00,hardzero_only,0.052,38,221,0.0,1,0.512592,0.512592,1.0810649,0.0,0.08297267,0.0,0.0,0.052,-28.134512,2.3783903,0.7927968,0.14999999,0.0,0.16987526,0.0,0.0,710400
hardzero_only__c0p58__z1p00__lam0p000__nu0p50__psi0p00,hardzero_only,0.052,38,222,0.0,1,0.512592,0.512592,1.009734,0.0,0.09778357,0.0,0.0,0.052,-27.082096,2.2214592,0.7404864,0.208,0.0,0.17328063,0.0,0.0,713600
hardzero_only__c0p58__z1p00__lam0p000__nu0p50__psi0p00,hardzero_only,0.052,38,223,0.0,1,0.512592,0.512592,1.0704784,0.0,0.08502007,0.0,0.0,0.052,-28.127909,2.3550997,0.7850332,0.192,0.0,0.18064615,0.0,0.0,716800
hardzero_only__c0p58__z1p00__lam0p000__nu0p50__psi0p00,hardzero_only,0.052,38,224,0.0,1,0.512592,0.512592,1.0390754,0.0,0.09139545,0.0,0.0,0.052,-27.36422,2.2860115,0.76200384,0.16000001,0.0,0.15084101,0.0,0.0,720000
hardzero_only__c0p58__z1p00__lam0p000__nu0p50__psi0p00,hardzero_only,0.052,38,225,0.0,1,0.512592,0.512592,1.0299972,0.0,0.09332601,0.0,0.0,0.052,-27.438255,2.2660391,0.7553464,0.136,0.0,0.17818129,0.0,0.0,723200
hardzero_only__c0p58__z1p00__lam0p000__nu0p50__psi0p00,hardzero_only,0.052,38,226,0.0,1,0.512592,0.512592,1.0006465,0.0,0.099851266,0.0,0.0,0.052,-27.447893,2.201466,0.73382205,0.17600001,0.0,0.1734971,0.0,0.0,726400
hardzero_only__c0p58__z1p00__lam0p000__nu0p50__psi0p00,hardzero_only,0.052,38,227,0.0,1,0.512592,0.512592,1.0924675,0.0,0.08082252,0.0,0.0,0.052,-27.73758,2.4034765,0.80115885,0.080000006,0.0,0.16110085,0.0,0.0,729600
hardzero_only__c0p58__z1p00__lam0p000__nu0p50__psi0p00,hardzero_only,0.052,38,228,0.0,1,0.512592,0.512592,1.069693,0.0,0.08517399,0.0,0.0,0.052,-28.041775,2.3533716,0.7844572,0.14400001,0.0,0.19837858,0.0,0.0,732800
hardzero_only__c0p58__z1p00__lam0p000__nu0p50__psi0p00,hardzero_only,0.052,38,229,0.0,1,0.512592,0.512592,1.0623841,0.0,0.08661953,0.0,0.0,0.052,-27.854975,2.3372917,0.77909726,0.112,0.0,0.1415963,0.0,0.0,736000
hardzero_only__c0p58__z1p00__lam0p000__nu0p50__psi0p00,hardzero_only,0.052,38,230,0.0,1,0.512592,0.512592,1.0499114,0.0,0.08914328,0.0,0.0,0.052,-28.889679,2.3098512,0.7699504,0.14400001,0.0,0.16941081,0.0,0.0,739200
hardzero_only__c0p58__z1p00__lam0p000__nu0p50__psi0p00,hardzero_only,0.052,38,231,0.0,1,0.512592,0.512592,1.0238819,0.0,0.09464945,0.0,0.0,0.052,-27.597813,2.2525852,0.75086176,0.192,0.0,0.14735739,0.0,0.0,742400
hardzero_only__c0p58__z1p00__lam0p000__nu0p50__psi0p00,hardzero_only,0.052,38,232,0.0,1,0.512592,0.512592,1.0152981,0.0,0.096538804,0.0,0.0,0.052,-26.531614,2.2337005,0.74456686,0.120000005,0.0,0.15130602,0.0,0.0,745600
hardzero_only__c0p58__z1p00__lam0p000__nu0p50__psi0p00,hardzero_only,0.052,38,233,0.0,1,0.512592,0.512592,1.0610627,0.0,0.086883485,0.0,0.0,0.052,-26.982748,2.3343844,0.77812815,0.17600001,0.0,0.1707805,0.0,0.0,748800
hardzero_only__c0p58__z1p00__lam0p000__nu0p50__psi0p00,hardzero_only,0.052,38,234,0.0,1,0.512592,0.512592,1.0135812,0.0,0.09692121,0.0,0.0,0.052,-26.24028,2.229923,0.7433077,0.12,0.0,0.14281657,0.0,0.0,752000
hardzero_only__c0p58__z1p00__lam0p000__nu0p50__psi0p00,hardzero_only,0.052,38,235,0.0,1,0.512592,0.512592,1.0233407,0.0,0.09476748,0.0,0.0,0.052,-26.854288,2.2513945,0.75046486,0.18400002,0.0,0.17554712,0.0,0.0,755200
hardzero_only__c0p58__z1p00__lam0p000__nu0p50__psi0p00,hardzero_only,0.052,38,236,0.0,1,0.512592,0.512592,1.0624465,0.0,0.0866071,0.0,0.0,0.052,-28.103687,2.337429,0.77914304,0.16800001,0.0,0.17351529,0.0,0.0,758400
hardzero_only__c0p58__z1p00__lam0p000__nu0p50__psi0p00,hardzero_only,0.052,38,237,0.0,1,0.512592,0.512592,1.0923002,0.0,0.080853686,0.0,0.0,0.052,-28.16074,2.4031084,0.8010361,0.14400001,0.0,0.20492981,0.0,0.0,761600
hardzero_only__c0p58__z1p00__lam0p000__nu0p50__psi0p00,hardzero_only,0.052,38,238,0.0,1,0.512592,0.512592,1.00791,0.0,0.09819513,0.0,0.0,0.052,-27.552183,2.2174463,0.7391488,0.192,0.0,0.15275292,0.0,0.0,764800
hardzero_only__c0p58__z1p00__lam0p000__nu0p50__psi0p00,hardzero_only,0.052,38,239,0.0,1,0.512592,0.512592,1.113459,0.0,0.0770089,0.0,0.0,0.052,-28.77187,2.4496586,0.8165529,0.08800001,0.0,0.18375713,0.0,0.0,768000
hardzero_only__c0p58__z1p00__lam0p000__nu0p50__psi0p00,hardzero_only,0.052,38,240,0.0,1,0.512592,0.512592,1.0884976,0.0,0.081564724,0.0,0.0,0.052,-28.09806,2.3947427,0.7982476,0.136,0.0,0.17012405,0.0,0.0,771200
hardzero_only__c0p58__z1p00__lam0p000__nu0p50__psi0p00,hardzero_only,0.052,38,241,0.0,1,0.512592,0.512592,1.076492,0.0,0.08385095,0.0,0.0,0.052,-28.50361,2.3683295,0.7894432,0.24000001,0.008,0.21894991,0.0,0.0,774400
hardzero_only__c0p58__z1p00__lam0p000__nu0p50__psi0p00,hardzero_only,0.052,38,242,0.0,1,0.512592,0.512592,1.0182129,0.0,0.09589303,0.0,0.0,0.052,-26.948408,2.2401133,0.74670446,0.120000005,0.0,0.1553346,0.0,0.0,777600
hardzero_only__c0p58__z1p00__lam0p000__nu0p50__psi0p00,hardzero_only,0.052,38,243,0.0,1,0.512592,0.512592,1.07289,0.0,0.08454929,0.0,0.0,0.052,-27.516338,2.3604052,0.78680176,0.136,0.0,0.16058116,0.0,0.0,780800
hardzero_only__c0p58__z1p00__lam0p000__nu0p50__psi0p00,hardzero_only,0.052,38,244,0.0,1,0.512592,0.512592,1.0432708,0.0,0.090516806,0.0,0.0,0.052,-27.849161,2.2952416,0.7650806,0.16800001,0.0,0.16797312,0.0,0.0,784000
hardzero_only__c0p58__z1p00__lam0p000__nu0p50__psi0p00,hardzero_only,0.052,38,245,0.0,1,0.512592,0.512592,1.1008605,0.0,0.0792756,0.0,0.0,0.052,-28.237368,2.4219413,0.8073138,0.072000004,0.0,0.16675639,0.0,0.0,787200
hardzero_only__c0p58__z1p00__lam0p000__nu0p50__psi0p00,hardzero_only,0.052,38,246,0.0,1,0.512592,0.512592,1.0473785,0.0,0.08966469,0.0,0.0,0.052,-27.527689,2.3042789,0.768093,0.120000005,0.0,0.15828373,0.0,0.0,790400
hardzero_only__c0p58__z1p00__lam0p000__nu0p50__psi0p00,hardzero_only,0.052,38,247,0.0,1,0.512592,0.512592,1.0425532,0.0,0.09066649,0.0,0.0,0.052,-27.634003,2.2936628,0.76455426,0.17999999,0.0,0.16003487,0.0,0.0,793600
hardzero_only__c0p58__z1p00__lam0p000__nu0p50__psi0p00,hardzero_only,0.052,38,248,0.0,1,0.512592,0.512592,1.069132,0.0,0.085284084,0.0,0.0,0.052,-27.843634,2.3521373,0.7840458,0.15200001,0.0,0.176577,0.0,0.0,796800
hardzero_only__c0p58__z1p00__lam0p000__nu0p50__psi0p00,hardzero_only,0.052,38,249,0.0,1,0.512592,0.512592,1.0305268,0.0,0.09321229,0.0,0.0,0.052,-27.075247,2.267204,0.7557347,0.16800001,0.0,0.16702017,0.0,0.0,800000
hardzero_only__c0p58__z1p00__lam0p000__nu0p50__psi0p00,hardzero_only,0.052,38,250,0.0,1,0.512592,0.512592,1.0589844,0.0,0.08730027,0.0,0.0,0.052,-28.628592,2.3298123,0.7766041,0.128,0.0,0.17146187,0.0,0.0,803200
hardzero_only__c0p58__z1p00__lam0p000__nu0p50__psi0p00,hardzero_only,0.052,38,251,0.0,1,0.512592,0.512592,1.0592977,0.0,0.08723731,0.0,0.0,0.052,-27.03334,2.3305016,0.7768339,0.216,0.0,0.17089933,0.0,0.0,806400
hardzero_only__c0p58__z1p00__lam0p000__nu0p50__psi0p00,hardzero_only,0.052,38,252,0.0,1,0.512592,0.512592,1.0222038,0.0,0.09501586,0.0,0.0,0.052,-26.928274,2.2488933,0.7496311,0.16800001,0.0,0.15244816,0.0,0.0,809600
hardzero_only__c0p58__z1p00__lam0p000__nu0p50__psi0p00,hardzero_only,0.052,38,253,0.0,1,0.512592,0.512592,1.0815451,0.0,0.082880974,0.0,0.0,0.052,-28.063328,2.3794467,0.79314893,0.136,0.0,0.17767298,0.0,0.0,812800
hardzero_only__c0p58__z1p00__lam0p000__nu0p50__psi0p00,hardzero_only,0.052,38,254,0.0,1,0.512592,0.512592,1.0464411,0.0,0.08985845,0.0,0.0,0.052,-27.745901,2.3022163,0.76740545,0.15200001,0.0,0.1491874,0.0,0.0,816000
hardzero_only__c0p58__z1p00__lam0p000__nu0p50__psi0p00,hardzero_only,0.052,38,255,0.0,1,0.512592,0.512592,1.0252614,0.0,0.09434928,0.0,0.0,0.052,-27.148624,2.25562,0.7518734,0.120000005,0.0,0.16808127,0.0,0.0,819200
hardzero_only__c0p58__z1p00__lam0p000__nu0p50__psi0p00,hardzero_only,0.052,38,256,0.0,1,0.512592,0.512592,1.0670655,0.0,0.08569086,0.0,0.0,0.052,-27.478403,2.347591,0.7825303,0.120000005,0.0,0.16159323,0.0,0.0,822400
hardzero_only__c0p58__z1p00__lam0p000__nu0p50__psi0p00,hardzero_only,0.052,38,257,0.0,1,0.512592,0.512592,1.0689251,0.0,0.08532472,0.0,0.0,0.052,-27.95561,2.3516822,0.78389406,0.16800001,0.0,0.19091599,0.0,0.0,825600
hardzero_only__c0p58__z1p00__lam0p000__nu0p50__psi0p00,hardzero_only,0.052,38,258,0.0,1,0.512592,0.512592,1.0349408,0.0,0.092269704,0.0,0.0,0.052,-27.173014,2.2769153,0.7589718,0.14400001,0.0,0.16047071,0.0,0.0,828800
hardzero_only__c0p58__z1p00__lam0p000__nu0p50__psi0p00,hardzero_only,0.052,38,259,0.0,1,0.512592,0.512592,1.092018,0.0,0.080906235,0.0,0.0,0.052,-28.86042,2.4024875,0.8008292,0.17600001,0.0,0.1916561,0.0,0.0,832000
hardzero_only__c0p58__z1p00__lam0p000__nu0p50__psi0p00,hardzero_only,0.052,38,260,0.0,1,0.512592,0.512592,1.0310403,0.0,0.09310215,0.0,0.0,0.052,-27.484026,2.268334,0.7561113,0.14,0.0,0.16489507,0.0,0.0,835200
hardzero_only__c0p58__z1p00__lam0p000__nu0p50__psi0p00,hardzero_only,0.052,38,261,0.0,1,0.512592,0.51780796,0.9986715,0.100306384,0.100306384,1.0,0.005215932,0.052,-26.464111,2.1971211,0.7323737,0.16000001,0.0,0.17271253,0.0,0.0,838400
hardzero_only__c0p58__z1p00__lam0p000__nu0p50__psi0p00,hardzero_only,0.052,38,262,0.0,1,0.51780796,0.51780796,1.0817779,0.0,0.08283656,0.0,0.0,0.052,-28.201935,2.3799589,0.79331964,0.16000001,0.0,0.17349033,0.0,0.0,841600
hardzero_only__c0p58__z1p00__lam0p000__nu0p50__psi0p00,hardzero_only,0.052,38,263,0.0,1,0.51780796,0.51780796,1.0591763,0.0,0.087261684,0.0,0.0,0.052,-27.291903,2.3302345,0.77674484,0.16000001,0.008,0.18333758,0.0,0.0,844800
hardzero_only__c0p58__z1p00__lam0p000__nu0p50__psi0p00,hardzero_only,0.052,38,264,0.0,1,0.51780796,0.51780796,1.012702,0.0,0.0971176,0.0,0.0,0.052,-26.907848,2.227989,0.742663,0.14400001,0.0,0.16276589,0.0,0.0,848000
hardzero_only__c0p58__z1p00__lam0p000__nu0p50__psi0p00,hardzero_only,0.052,38,265,0.0,1,0.51780796,0.52317125,0.98657286,0.10314,0.10314,1.0,0.00536328,0.052,-26.538979,2.1705036,0.7235012,0.18400002,0.0,0.13988322,0.0,0.0,851200
hardzero_only__c0p58__z1p00__lam0p000__nu0p50__psi0p00,hardzero_only,0.052,38,266,0.0,1,0.52317125,0.52317125,1.0130954,0.0,0.09702968,0.0,0.0,0.052,-26.767185,2.2288544,0.7429515,0.15200001,0.0,0.15869723,0.0,0.0,854400
hardzero_only__c0p58__z1p00__lam0p000__nu0p50__psi0p00,hardzero_only,0.052,38,267,0.0,1,0.52317125,0.52844334,0.99402297,0.10138579,0.10138579,1.0,0.005272061,0.052,-25.780354,2.1868942,0.72896475,0.17600001,0.0,0.13601087,0.0,0.0,857600
hardzero_only__c0p58__z1p00__lam0p000__nu0p50__psi0p00,hardzero_only,0.052,38,268,0.0,1,0.52844334,0.52844334,1.0470998,0.0,0.08972225,0.0,0.0,0.052,-27.177088,2.3036656,0.76788855,0.16000001,0.0,0.15651861,0.0,0.0,860800
hardzero_only__c0p58__z1p00__lam0p000__nu0p50__psi0p00,hardzero_only,0.052,38,269,0.0,1,0.52844334,0.52844334,1.0623087,0.0,0.086634584,0.0,0.0,0.052,-27.825537,2.3371258,0.77904195,0.14400001,0.0,0.19460486,0.0,0.0,864000
hardzero_only__c0p58__z1p00__lam0p000__nu0p50__psi0p00,hardzero_only,0.052,38,270,0.0,1,0.52844334,0.52844334,1.0550246,0.0,0.08809988,0.0,0.0,0.052,-26.799265,2.3211005,0.7737002,0.096,0.0,0.14601837,0.0,0.0,867200
hardzero_only__c0p58__z1p00__lam0p000__nu0p50__psi0p00,hardzero_only,0.052,38,271,0.0,1,0.52844334,0.52844334,1.0286098,0.0,0.093624644,0.0,0.0,0.052,-26.65588,2.2629867,0.7543289,0.17600001,0.0,0.14542216,0.0,0.0,870400
hardzero_only__c0p58__z1p00__lam0p000__nu0p50__psi0p00,hardzero_only,0.052,38,272,0.0,1,0.52844334,0.52844334,1.0667002,0.0,0.08576295,0.0,0.0,0.052,-27.493856,2.3467875,0.7822625,0.24800001,0.0,0.16685195,0.0,0.0,873600
hardzero_only__c0p58__z1p00__lam0p000__nu0p50__psi0p00,hardzero_only,0.052,38,273,0.0,1,0.52844334,0.5339745,0.9731845,0.10636909,0.10636909,1.0,0.0055311928,0.052,-26.259335,2.1410487,0.7136829,0.17999999,0.0,0.16823097,0.0,0.0,876800
hardzero_only__c0p58__z1p00__lam0p000__nu0p50__psi0p00,hardzero_only,0.052,38,274,0.0,1,0.5339745,0.5339745,1.0772852,0.0,0.08369795,0.0,0.0,0.052,-27.609608,2.3700747,0.79002494,0.14400001,0.0,0.15922686,0.0,0.0,880000
hardzero_only__c0p58__z1p00__lam0p000__nu0p50__psi0p00,hardzero_only,0.052,38,275,0.0,1,0.5339745,0.5339745,1.0862488,0.0,0.08198818,0.0,0.0,0.052,-28.537851,2.389795,0.7965984,0.112,0.0,0.16121507,0.0,0.0,883200
hardzero_only__c0p58__z1p00__lam0p000__nu0p50__psi0p00,hardzero_only,0.052,38,276,0.0,1,0.5339745,0.5339745,1.0273265,0.0,0.093901716,0.0,0.0,0.052,-27.551853,2.2601633,0.7533878,0.112,0.0,0.17663962,0.0,0.0,886400
hardzero_only__c0p58__z1p00__lam0p000__nu0p50__psi0p00,hardzero_only,0.052,38,277,0.0,1,0.5339745,0.5339745,1.0863138,0.0,0.081975885,0.0,0.0,0.052,-27.13158,2.389938,0.79664606,0.14400001,0.0,0.15094092,0.0,0.0,889600
hardzero_only__c0p58__z1p00__lam0p000__nu0p50__psi0p00,hardzero_only,0.052,38,278,0.0,1,0.5339745,0.5339745,1.0402865,0.0,0.09114093,0.0,0.0,0.052,-27.409592,2.288676,0.762892,0.112,0.0,0.1733928,0.0,0.0,892800
hardzero_only__c0p58__z1p00__lam0p000__nu0p50__psi0p00,hardzero_only,0.052,38,279,0.0,1,0.5339745,0.5339745,1.0796101,0.0,0.08325108,0.0,0.0,0.052,-28.222998,2.3751895,0.79172987,0.128,0.0,0.18637964,0.0,0.0,896000
hardzero_only__c0p58__z1p00__lam0p000__nu0p50__psi0p00,hardzero_only,0.052,38,280,0.0,1,0.5339745,0.5339745,1.044809,0.0,0.090196766,0.0,0.0,0.052,-27.875072,2.2986257,0.7662086,0.14400001,0.0,0.16433991,0.0,0.0,899200
hardzero_only__c0p58__z1p00__lam0p000__nu0p50__psi0p00,hardzero_only,0.052,38,281,0.0,1,0.5339745,0.5339745,1.0071757,0.0,0.098361306,0.0,0.0,0.052,-26.108416,2.2158308,0.73861027,0.14400001,0.0,0.15546168,0.0,0.0,902400
hardzero_only__c0p58__z1p00__lam0p000__nu0p50__psi0p00,hardzero_only,0.052,38,282,0.0,1,0.5339745,0.5339745,1.0130781,0.0,0.09703354,0.0,0.0,0.052,-27.309975,2.2288163,0.74293876,0.192,0.0,0.1603206,0.0,0.0,905600
hardzero_only__c0p58__z1p00__lam0p000__nu0p50__psi0p00,hardzero_only,0.052,38,283,0.0,1,0.5339745,0.5339745,1.072978,0.0,0.08453216,0.0,0.0,0.052,-27.896233,2.3605988,0.7868663,0.14400001,0.0,0.19096997,0.0,0.0,908800
hardzero_only__c0p58__z1p00__lam0p000__nu0p50__psi0p00,hardzero_only,0.052,38,284,0.0,1,0.5339745,0.5339745,1.0245177,0.0,0.094511,0.0,0.0,0.052,-27.195173,2.2539837,0.75132793,0.136,0.0,0.1661766,0.0,0.0,912000
hardzero_only__c0p58__z1p00__lam0p000__nu0p50__psi0p00,hardzero_only,0.052,38,285,0.0,1,0.5339745,0.5339745,1.0181124,0.0,0.095915236,0.0,0.0,0.052,-27.50531,2.239892,0.74663067,0.18400002,0.0,0.14929022,0.0,0.0,915200
hardzero_only__c0p58__z1p00__lam0p000__nu0p50__psi0p00,hardzero_only,0.052,38,286,0.0,1,0.5339745,0.5339745,1.0173948,0.0,0.09607386,0.0,0.0,0.052,-25.971792,2.2383132,0.7461044,0.17999999,0.0,0.14635533,0.0,0.0,918400
hardzero_only__c0p58__z1p00__lam0p000__nu0p50__psi0p00,hardzero_only,0.052,38,287,0.0,1,0.5339745,0.5339745,1.0633712,0.0,0.08642288,0.0,0.0,0.052,-28.407797,2.3394632,0.7798211,0.17600001,0.0,0.16248915,0.0,0.0,921600
hardzero_only__c0p58__z1p00__lam0p000__nu0p50__psi0p00,hardzero_only,0.052,38,288,0.0,1,0.5339745,0.5339745,1.0999177,0.0,0.07944788,0.0,0.0,0.052,-29.009619,2.4198673,0.80662245,0.112,0.0,0.19352387,0.0,0.0,924800
hardzero_only__c0p58__z1p00__lam0p000__nu0p50__psi0p00,hardzero_only,0.052,38,289,0.0,1,0.5339745,0.5339745,1.1056824,0.0,0.078400284,0.0,0.0,0.052,-28.763178,2.4325497,0.8108499,0.15200001,0.0,0.1815272,0.0,0.0,928000
hardzero_only__c0p58__z1p00__lam0p000__nu0p50__psi0p00,hardzero_only,0.052,38,290,0.0,1,0.5339745,0.5339745,1.0419153,0.0,0.090799764,0.0,0.0,0.052,-28.203627,2.2922595,0.7640865,0.15200001,0.0,0.17233732,0.0,0.0,931200
hardzero_only__c0p58__z1p00__lam0p000__nu0p50__psi0p00,hardzero_only,0.052,38,291,0.0,1,0.5339745,0.5393665,0.9842574,0.10369137,0.10369137,1.0,0.005391951,0.052,-26.36977,2.1654096,0.7218032,0.16800001,0.0,0.18440385,0.0,0.0,934400
hardzero_only__c0p58__z1p00__lam0p000__nu0p50__psi0p00,hardzero_only,0.052,38,292,0.0,1,0.5393665,0.5393665,1.0457294,0.0,0.090005815,0.0,0.0,0.052,-27.640812,2.3006506,0.76688355,0.136,0.0,0.1804624,0.0,0.0,937600
hardzero_only__c0p58__z1p00__lam0p000__nu0p50__psi0p00,hardzero_only,0.052,38,293,0.0,1,0.5393665,0.5393665,1.0315342,0.0,0.09299633,0.0,0.0,0.052,-26.855381,2.2694206,0.75647354,0.18400002,0.0,0.1634457,0.0,0.0,940800
hardzero_only__c0p58__z1p00__lam0p000__nu0p50__psi0p00,hardzero_only,0.052,38,294,0.0,1,0.5393665,0.5393665,1.0295894,0.0,0.093413696,0.0,0.0,0.052,-27.463587,2.265142,0.7550473,0.192,0.0,0.16478506,0.0,0.0,944000
hardzero_only__c0p58__z1p00__lam0p000__nu0p50__psi0p00,hardzero_only,0.052,38,295,0.0,1,0.5393665,0.5393665,1.0872346,0.0,0.08180228,0.0,0.0,0.052,-28.047043,2.391964,0.7973213,0.16000001,0.008,0.15459788,0.0,0.0,947200
hardzero_only__c0p58__z1p00__lam0p000__nu0p50__psi0p00,hardzero_only,0.052,38,296,0.0,1,0.5393665,0.5393665,1.0435214,0.0,0.09046459,0.0,0.0,0.052,-26.8429,2.295793,0.7652644,0.136,0.0,0.15527207,0.0,0.0,950400
hardzero_only__c0p58__z1p00__lam0p000__nu0p50__psi0p00,hardzero_only,0.052,38,297,0.0,1,0.5393665,0.5393665,1.0610206,0.0,0.08689192,0.0,0.0,0.052,-28.643076,2.334292,0.77809733,0.16000001,0.0,0.20231283,0.0,0.0,953600
hardzero_only__c0p58__z1p00__lam0p000__nu0p50__psi0p00,hardzero_only,0.052,38,298,0.0,1,0.5393665,0.5393665,1.0471352,0.0,0.08971494,0.0,0.0,0.052,-26.869314,2.3037436,0.76791453,0.14400001,0.0,0.14653932,0.0,0.0,956800
hardzero_only__c0p58__z1p00__lam0p000__nu0p50__psi0p00,hardzero_only,0.052,38,299,0.0,1,0.5393665,0.5393665,1.0309556,0.0,0.093120314,0.0,0.0,0.052,-28.409994,2.2681475,0.75604916,0.17999999,0.0,0.16069777,0.0,0.0,960000
hardzero_only__c0p58__z1p00__lam0p000__nu0p50__psi0p00,hardzero_only,0.052,38,300,0.0,1,0.5393665,0.5393665,1.096032,0.0,0.080161884,0.0,0.0,0.052,-28.303478,2.4113185,0.80377287,0.14400001,0.0,0.16384527,0.0,0.0,963200
hardzero_only__c0p58__z1p00__lam0p000__nu0p50__psi0p00,hardzero_only,0.052,38,301,0.0,1,0.5393665,0.5393665,1.034517,0.0,0.09235979,0.0,0.0,0.052,-27.233114,2.2759829,0.758661,0.14400001,0.0,0.16955051,0.0,0.0,966400
hardzero_only__c0p58__z1p00__lam0p000__nu0p50__psi0p00,hardzero_only,0.052,38,302,0.0,1,0.5393665,0.5393665,1.0001802,0.0,0.099958494,0.0,0.0,0.052,-26.063166,2.2004404,0.73348016,0.16800001,0.0,0.18371628,0.0,0.0,969600
hardzero_only__c0p58__z1p00__lam0p000__nu0p50__psi0p00,hardzero_only,0.052,38,303,0.0,1,0.5393665,0.5393665,1.0215666,0.0,0.09515538,0.0,0.0,0.052,-27.744438,2.2474914,0.7491638,0.15200001,0.0,0.17364967,0.0,0.0,972800
hardzero_only__c0p58__z1p00__lam0p000__nu0p50__psi0p00,hardzero_only,0.052,38,304,0.0,1,0.5393665,0.5393665,1.0554678,0.0,0.08801003,0.0,0.0,0.052,-27.796864,2.3220756,0.7740252,0.120000005,0.0,0.16607074,0.0,0.0,976000
hardzero_only__c0p58__z1p00__lam0p000__nu0p50__psi0p00,hardzero_only,0.052,38,305,0.0,1,0.5393665,0.5393665,1.0687718,0.0,0.08535483,0.0,0.0,0.052,-27.907463,2.351345,0.7837817,0.16000001,0.0,0.17089674,0.0,0.0,979200
hardzero_only__c0p58__z1p00__lam0p000__nu0p50__psi0p00,hardzero_only,0.052,38,306,0.0,1,0.5393665,0.5393665,1.0120716,0.0,0.097258694,0.0,0.0,0.052,-27.031391,2.226602,0.74220073,0.15200001,0.0,0.14688449,0.0,0.0,982400
hardzero_only__c0p58__z1p00__lam0p000__nu0p50__psi0p00,hardzero_only,0.052,38,307,0.0,1,0.5393665,0.5393665,1.0438224,0.0,0.090401895,0.0,0.0,0.052,-27.889908,2.2964551,0.76548505,0.08800001,0.0,0.13378096,0.0,0.0,985600
hardzero_only__c0p58__z1p00__lam0p000__nu0p50__psi0p00,hardzero_only,0.052,38,308,0.0,1,0.5393665,0.5393665,1.0190516,0.0,0.09570804,0.0,0.0,0.052,-26.203978,2.2419581,0.7473194,0.17600001,0.0,0.16839087,0.0,0.0,988800
hardzero_only__c0p58__z1p00__lam0p000__nu0p50__psi0p00,hardzero_only,0.052,38,309,0.0,1,0.5393665,0.5393665,1.0326605,0.0,0.09275545,0.0,0.0,0.052,-26.830006,2.2718985,0.75729954,0.15200001,0.0,0.15518254,0.0,0.0,992000
hardzero_only__c0p58__z1p00__lam0p000__nu0p50__psi0p00,hardzero_only,0.052,38,310,0.0,1,0.5393665,0.5393665,1.08179,0.0,0.08283427,0.0,0.0,0.052,-27.377306,2.3799853,0.79332846,0.080000006,0.0,0.16104549,0.0,0.0,995200
hardzero_only__c0p58__z1p00__lam0p000__nu0p50__psi0p00,hardzero_only,0.052,38,311,0.0,1,0.5393665,0.5448451,0.977331,0.10535837,0.10535837,1.0,0.0054786354,0.052,-26.804407,2.150171,0.7167237,0.18400002,0.0,0.15120271,0.0,0.0,998400
hardzero_only__c0p58__z1p00__lam0p000__nu0p50__psi0p00,hardzero_only,0.052,38,312,0.0,1,0.5448451,0.5448451,1.0717199,0.0,0.0847774,0.0,0.0,0.052,-28.124651,2.3578308,0.7859436,0.11,0.0,0.14868602,0.0,0.0,1001600
hardzero_only__c0p58__z1p00__lam0p000__nu0p50__psi0p00,hardzero_only,0.052,38,313,0.0,1,0.5448451,0.5448451,1.0229087,0.0,0.09486179,0.0,0.0,0.052,-27.21172,2.250444,0.750148,0.18400002,0.0,0.15543953,0.0,0.0,1004800
hardzero_only__c0p58__z1p00__lam0p000__nu0p50__psi0p00,hardzero_only,0.052,38,314,0.0,1,0.5448451,0.5448451,1.0853573,0.0,0.082156636,0.0,0.0,0.052,-28.918945,2.3878338,0.79594463,0.16800001,0.0,0.167779,0.0,0.0,1008000
hardzero_only__c0p58__z1p00__lam0p000__nu0p50__psi0p00,hardzero_only,0.052,38,315,0.0,1,0.5448451,0.5448451,1.0434564,0.0,0.090478115,0.0,0.0,0.052,-27.817822,2.29565,0.7652167,0.17600001,0.0,0.17086308,0.0,0.0,1011200
hardzero_only__c0p58__z1p00__lam0p000__nu0p50__psi0p00,hardzero_only,0.052,38,316,0.0,1,0.5448451,0.5448451,1.0432105,0.0,0.09052936,0.0,0.0,0.052,-27.430462,2.295109,0.76503634,0.16000001,0.0,0.17731756,0.0,0.0,1014400
hardzero_only__c0p58__z1p00__lam0p000__nu0p50__psi0p00,hardzero_only,0.052,38,317,0.0,1,0.5448451,0.5501641,0.99017537,0.102287985,0.102287985,1.0,0.0053189755,0.052,-26.00033,2.1784294,0.7261431,0.24000001,0.0,0.14223236,0.0,0.0,1017600
hardzero_only__c0p58__z1p00__lam0p000__nu0p50__psi0p00,hardzero_only,0.052,38,318,0.0,1,0.5501641,0.5501641,1.1037841,0.0,0.07874371,0.0,0.0,0.052,-28.455044,2.4283736,0.8094579,0.136,0.0,0.2226221,0.0,0.0,1020800
hardzero_only__c0p58__z1p00__lam0p000__nu0p50__psi0p00,hardzero_only,0.052,38,319,0.0,1,0.5501641,0.5501641,1.033801,0.0,0.0925122,0.0,0.0,0.052,-27.01059,2.2744076,0.7581359,0.192,0.0,0.17670403,0.0,0.0,1024000
hardzero_only__c0p58__z1p00__lam0p000__nu0p50__psi0p00,hardzero_only,0.052,38,320,0.0,1,0.5501641,0.5501641,1.0536017,0.0,0.088389,0.0,0.0,0.052,-27.455055,2.31797,0.7726567,0.128,0.0,0.16413777,0.0,0.0,1027200
hardzero_only__c0p58__z1p00__lam0p000__nu0p50__psi0p00,hardzero_only,0.052,38,321,0.0,1,0.5501641,0.55595183,0.9534968,0.111302055,0.111302055,1.0,0.005787707,0.052,-25.06117,2.097735,0.699245,0.15200001,0.0,0.14555275,0.0,0.0,1030400
hardzero_only__c0p58__z1p00__lam0p000__nu0p50__psi0p00,hardzero_only,0.052,38,322,0.0,1,0.55595183,0.55595183,1.0865982,0.0,0.08192223,0.0,0.0,0.052,-28.297209,2.3905637,0.7968546,0.096,0.0,0.16958995,0.0,0.0,1033600
hardzero_only__c0p58__z1p00__lam0p000__nu0p50__psi0p00,hardzero_only,0.052,38,323,0.0,1,0.55595183,0.55595183,1.0282701,0.0,0.09369789,0.0,0.0,0.052,-27.97112,2.2622395,0.7540798,0.128,0.0,0.16872783,0.0,0.0,1036800
hardzero_only__c0p58__z1p00__lam0p000__nu0p50__psi0p00,hardzero_only,0.052,38,324,0.0,1,0.55595183,0.55595183,1.0867711,0.0,0.08188962,0.0,0.0,0.052,-28.394838,2.3909442,0.79698145,0.14400001,0.0,0.15946147,0.0,0.0,1040000
hardzero_only__c0p58__z1p00__lam0p000__nu0p50__psi0p00,hardzero_only,0.052,38,325,0.0,1,0.55595183,0.5616031,0.96385485,0.108678885,0.108678885,1.0,0.005651302,0.052,-26.197916,2.120523,0.706841,0.13,0.0,0.15941705,0.0,0.0,1043200
hardzero_only__c0p58__z1p00__lam0p000__nu0p50__psi0p00,hardzero_only,0.052,38,326,0.0,1,0.5616031,0.5616031,1.0562301,0.0,0.087855704,0.0,0.0,0.052,-27.6691,2.3237526,0.77458423,0.112,0.0,0.16248466,0.0,0.0,1046400
hardzero_only__c0p58__z1p00__lam0p000__nu0p50__psi0p00,hardzero_only,0.052,38,327,0.0,1,0.5616031,0.5616031,1.0665262,0.0,0.08579733,0.0,0.0,0.052,-27.673445,2.3464043,0.7821348,0.14400001,0.0,0.15583138,0.0,0.0,1049600
hardzero_only__c0p58__z1p00__lam0p000__nu0p50__psi0p00,hardzero_only,0.052,38,328,0.0,1,0.5616031,0.5616031,1.0276144,0.0,0.0938395,0.0,0.0,0.052,-27.500093,2.2607968,0.7535989,0.16800001,0.0,0.16677788,0.0,0.0,1052800
hardzero_only__c0p58__z1p00__lam0p000__nu0p50__psi0p00,hardzero_only,0.052,38,329,0.0,1,0.5616031,0.5616031,1.0251833,0.0,0.09436624,0.0,0.0,0.052,-26.983511,2.2554483,0.75181615,0.2,0.0,0.15009502,0.0,0.0,1056000
hardzero_only__c0p58__z1p00__lam0p000__nu0p50__psi0p00,hardzero_only,0.052,38,330,0.0,1,0.5616031,0.5616031,1.0674345,0.0,0.08561808,0.0,0.0,0.052,-28.146803,2.348403,0.78280103,0.120000005,0.0,0.16933219,0.0,0.0,1059200
hardzero_only__c0p58__z1p00__lam0p000__nu0p50__psi0p00,hardzero_only,0.052,38,331,0.0,1,0.5616031,0.5616031,1.0008571,0.0,0.09980282,0.0,0.0,0.052,-25.586458,2.2019296,0.73397654,0.14400001,0.0,0.13520683,0.0,0.0,1062400
hardzero_only__c0p58__z1p00__lam0p000__nu0p50__psi0p00,hardzero_only,0.052,38,332,0.0,1,0.5616031,0.5616031,1.0753741,0.0,0.084067054,0.0,0.0,0.052,-28.041315,2.3658702,0.78862345,0.2,0.0,0.1989042,0.0,0.0,1065600
hardzero_only__c0p58__z1p00__lam0p000__nu0p50__psi0p00,hardzero_only,0.052,38,333,0.0,1,0.5616031,0.5616031,1.0235281,0.0,0.09472659,0.0,0.0,0.052,-27.451893,2.2518067,0.75060225,0.112,0.0,0.16894703,0.0,0.0,1068800
hardzero_only__c0p58__z1p00__lam0p000__nu0p50__psi0p00,hardzero_only,0.052,38,334,0.0,1,0.5616031,0.5616031,1.0327994,0.0,0.0927258,0.0,0.0,0.052,-26.940063,2.272204,0.75740135,0.112,0.0,0.15160297,0.0,0.0,1072000
hardzero_only__c0p58__z1p00__lam0p000__nu0p50__psi0p00,hardzero_only,0.052,38,335,0.0,1,0.5616031,0.5616031,1.0748771,0.0,0.08416332,0.0,0.0,0.052,-28.468063,2.3647768,0.78825897,0.14400001,0.0,0.19963343,0.0,0.0,1075200
hardzero_only__c0p58__z1p00__lam0p000__nu0p50__psi0p00,hardzero_only,0.052,38,336,0.0,1,0.5616031,0.5616031,1.049278,0.0,0.089273386,0.0,0.0,0.052,-27.431389,2.3084576,0.7694859,0.14400001,0.0,0.19162706,0.0,0.0,1078400
hardzero_only__c0p58__z1p00__lam0p000__nu0p50__psi0p00,hardzero_only,0.052,38,337,0.0,1,0.5616031,0.5616031,1.056608,0.0,0.08777928,0.0,0.0,0.052,-27.823223,2.324584,0.77486134,0.128,0.0,0.17935543,0.0,0.0,1081600
hardzero_only__c0p58__z1p00__lam0p000__nu0p50__psi0p00,hardzero_only,0.052,38,338,0.0,1,0.5616031,0.5616031,1.0985086,0.0,0.07970606,0.0,0.0,0.052,-28.225805,2.4167671,0.8055891,0.19,0.0,0.17408551,0.0,0.0,1084800
hardzero_only__c0p58__z1p00__lam0p000__nu0p50__psi0p00,hardzero_only,0.052,38,339,0.0,1,0.5616031,0.5616031,1.0951014,0.0,0.080333866,0.0,0.0,0.052,-28.760517,2.409271,0.80309033,0.128,0.0,0.17118973,0.0,0.0,1088000
hardzero_only__c0p58__z1p00__lam0p000__nu0p50__psi0p00,hardzero_only,0.052,38,340,0.0,1,0.5616031,0.5616031,1.023061,0.0,0.0948285,0.0,0.0,0.052,-27.045115,2.2507792,0.75025976,0.14400001,0.0,0.16061552,0.0,0.0,1091200
hardzero_only__c0p58__z1p00__lam0p000__nu0p50__psi0p00,hardzero_only,0.052,38,341,0.0,1,0.5616031,0.5616031,1.088304,0.0,0.08160108,0.0,0.0,0.052,-28.109512,2.3943167,0.7981056,0.16800001,0.0,0.17998202,0.0,0.0,1094400
hardzero_only__c0p58__z1p00__lam0p000__nu0p50__psi0p00,hardzero_only,0.052,38,342,0.0,1,0.5616031,0.5616031,1.003705,0.0,0.09915052,0.0,0.0,0.052,-26.307968,2.2081952,0.7360651,0.16800001,0.0,0.16461487,0.0,0.0,1097600
hardzero_only__c0p58__z1p00__lam0p000__nu0p50__psi0p00,hardzero_only,0.052,38,343,0.0,1,0.5616031,0.5616031,1.0206468,0.0,0.09535712,0.0,0.0,0.052,-26.973467,2.245468,0.7484893,0.18400002,0.008,0.15650965,0.0,0.0,1100800
hardzero_only__c0p58__z1p00__lam0p000__nu0p50__psi0p00,hardzero_only,0.052,38,344,0.0,1,0.5616031,0.5616031,1.0065666,0.0,0.09849934,0.0,0.0,0.052,-27.22907,2.214491,0.73816365,0.136,0.0,0.14347713,0.0,0.0,1104000
hardzero_only__c0p58__z1p00__lam0p000__nu0p50__psi0p00,hardzero_only,0.052,38,345,0.0,1,0.5616031,0.5616031,1.0589033,0.0,0.087316565,0.0,0.0,0.052,-27.452457,2.329634,0.7765447,0.112,0.0,0.17003249,0.0,0.0,1107200
hardzero_only__c0p58__z1p00__lam0p000__nu0p50__psi0p00,hardzero_only,0.052,38,346,0.0,1,0.5616031,0.5616031,1.033788,0.0,0.092514984,0.0,0.0,0.052,-27.015837,2.274379,0.7581264,0.17600001,0.0,0.14356099,0.0,0.0,1110400
hardzero_only__c0p58__z1p00__lam0p000__nu0p50__psi0p00,hardzero_only,0.052,38,347,0.0,1,0.5616031,0.56727403,0.96235144,0.10905574,0.10905574,1.0,0.0056708986,0.052,-26.242231,2.1172154,0.7057385,0.14400001,0.0,0.14752693,0.0,0.0,1113600
hardzero_only__c0p58__z1p00__lam0p000__nu0p50__psi0p00,hardzero_only,0.052,38,348,0.0,1,0.56727403,0.56727403,1.0612168,0.0,0.08685267,0.0,0.0,0.052,-27.879946,2.3347237,0.7782413,0.112,0.0,0.16855699,0.0,0.0,1116800
hardzero_only__c0p58__z1p00__lam0p000__nu0p50__psi0p00,hardzero_only,0.052,38,349,0.0,1,0.56727403,0.56727403,1.0029013,0.0,0.09933417,0.0,0.0,0.052,-27.141457,2.2064269,0.73547566,0.16800001,0.0,0.16871934,0.0,0.0,1120000
hardzero_only__c0p58__z1p00__lam0p000__nu0p50__psi0p00,hardzero_only,0.052,38,350,0.0,1,0.56727403,0.56727403,1.0308878,0.0,0.093134835,0.0,0.0,0.052,-27.6815,2.2679985,0.7559995,0.16000001,0.0,0.15507126,0.0,0.0,1123200
hardzero_only__c0p58__z1p00__lam0p000__nu0p50__psi0p00,hardzero_only,0.052,38,351,0.0,1,0.56727403,0.56727403,1.0370609,0.0,0.0918204,0.0,0.0,0.052,-27.511488,2.2815795,0.76052654,0.07,0.0,0.14481507,0.0,0.0,1126400
hardzero_only__c0p58__z1p00__lam0p000__nu0p50__psi0p00,hardzero_only,0.052,38,352,0.0,1,0.56727403,0.56727403,1.062746,0.0,0.08654738,0.0,0.0,0.052,-27.795153,2.338088,0.7793627,0.136,0.0,0.16181467,0.0,0.0,1129600
hardzero_only__c0p58__z1p00__lam0p000__nu0p50__psi0p00,hardzero_only,0.052,38,353,0.0,1,0.56727403,0.56727403,1.0450433,0.0,0.09014811,0.0,0.0,0.052,-27.328232,2.2991414,0.7663805,0.112,0.0,0.15352374,0.0,0.0,1132800
hardzero_only__c0p58__z1p00__lam0p000__nu0p50__psi0p00,hardzero_only,0.052,38,354,0.0,1,0.56727403,0.56727403,1.0395744,0.0,0.091290504,0.0,0.0,0.052,-26.958359,2.2871094,0.7623698,0.208,0.0,0.18624192,0.0,0.0,1136000
hardzero_only__c0p58__z1p00__lam0p000__nu0p50__psi0p00,hardzero_only,0.052,38,355,0.0,1,0.56727403,0.5725624,0.99268264,0.10169915,0.10169915,1.0,0.005288356,0.052,-27.229029,2.1839454,0.7279818,0.120000005,0.0,0.13750112,0.0,0.0,1139200
hardzero_only__c0p58__z1p00__lam0p000__nu0p50__psi0p00,hardzero_only,0.052,38,356,0.0,1,0.5725624,0.5725624,1.0522256,0.0,0.08866954,0.0,0.0,0.052,-27.586311,2.3149426,0.7716476,0.120000005,0.0,0.16501065,0.0,0.0,1142400
hardzero_only__c0p58__z1p00__lam0p000__nu0p50__psi0p00,hardzero_only,0.052,38,357,0.0,1,0.5725624,0.5725624,1.0571492,0.0,0.08766995,0.0,0.0,0.052,-27.410679,2.3257747,0.77525824,0.15200001,0.0,0.15153025,0.0,0.0,1145600
hardzero_only__c0p58__z1p00__lam0p000__nu0p50__psi0p00,hardzero_only,0.052,38,358,0.0,1,0.5725624,0.5725624,1.0726664,0.0,0.08459284,0.0,0.0,0.052,-28.292646,2.359913,0.7866377,0.120000005,0.0,0.17315075,0.0,0.0,1148800
hardzero_only__c0p58__z1p00__lam0p000__nu0p50__psi0p00,hardzero_only,0.052,38,359,0.0,1,0.5725624,0.5725624,1.0857432,0.0,0.082083665,0.0,0.0,0.052,-28.068449,2.3886828,0.79622763,0.096,0.0,0.1690229,0.0,0.0,1152000
hardzero_only__c0p58__z1p00__lam0p000__nu0p50__psi0p00,hardzero_only,0.052,38,360,0.0,1,0.5725624,0.5725624,1.0208418,0.0,0.095314324,0.0,0.0,0.052,-26.94096,2.2458968,0.7486323,0.2,0.008,0.15589666,0.0,0.0,1155200
hardzero_only__c0p58__z1p00__lam0p000__nu0p50__psi0p00,hardzero_only,0.052,38,361,0.0,1,0.5725624,0.5725624,1.0612094,0.0,0.086854145,0.0,0.0,0.052,-26.88141,2.3347075,0.77823585,0.208,0.0,0.1581211,0.0,0.0,1158400
hardzero_only__c0p58__z1p00__lam0p000__nu0p50__psi0p00,hardzero_only,0.052,38,362,0.0,1,0.5725624,0.5725624,1.0098071,0.0,0.097767115,0.0,0.0,0.052,-27.439404,2.22162,0.74054,0.16800001,0.0,0.14646037,0.0,0.0,1161600
hardzero_only__c0p58__z1p00__lam0p000__nu0p50__psi0p00,hardzero_only,0.052,38,363,0.0,1,0.5725624,0.5725624,1.0724614,0.0,0.084632784,0.0,0.0,0.052,-27.843733,2.359462,0.78648734,0.17600001,0.0,0.16167158,0.0,0.0,1164800
hardzero_only__c0p58__z1p00__lam0p000__nu0p50__psi0p00,hardzero_only,0.052,38,364,0.0,1,0.5725624,0.5725624,1.0087588,0.0,0.09800341,0.0,0.0,0.052,-27.204306,2.2193136,0.73977125,0.22,0.0,0.13851176,0.0,0.0,1168000
hardzero_only__c0p58__z1p00__lam0p000__nu0p50__psi0p00,hardzero_only,0.052,38,365,0.0,1,0.5725624,0.5725624,1.002787,0.0,0.09936032,0.0,0.0,0.052,-25.572802,2.2061753,0.7353918,0.128,0.0,0.16676381,0.0,0.0,1171200
hardzero_only__c0p58__z1p00__lam0p000__nu0p50__psi0p00,hardzero_only,0.052,38,366,0.0,1,0.5725624,0.5725624,1.0542765,0.0,0.08825179,0.0,0.0,0.052,-27.740883,2.3194547,0.7731516,0.128,0.0,0.18172419,0.0,0.0,1174400
hardzero_only__c0p58__z1p00__lam0p000__nu0p50__psi0p00,hardzero_only,0.052,38,367,0.0,1,0.5725624,0.5725624,1.0569537,0.0,0.087709434,0.0,0.0,0.052,-27.555313,2.3253446,0.7751149,0.16000001,0.0,0.15146057,0.0,0.0,1177600
hardzero_only__c0p58__z1p00__lam0p000__nu0p50__psi0p00,hardzero_only,0.052,38,368,0.0,1,0.5725624,0.5725624,1.0360683,0.0,0.092030466,0.0,0.0,0.052,-27.726334,2.2793958,0.75979865,0.128,0.0,0.13656159,0.0,0.0,1180800
hardzero_only__c0p58__z1p00__lam0p000__nu0p50__psi0p00,hardzero_only,0.052,38,369,0.0,1,0.5725624,0.5725624,1.035591,0.0,0.092131674,0.0,0.0,0.052,-27.987938,2.2783458,0.75944865,0.17600001,0.0,0.18498231,0.0,0.0,1184000
hardzero_only__c0p58__z1p00__lam0p000__nu0p50__psi0p00,hardzero_only,0.052,38,370,0.0,1,0.5725624,0.5725624,1.0253128,0.0,0.09433813,0.0,0.0,0.052,-28.19998,2.2557333,0.7519111,0.18400002,0.0,0.19923879,0.0,0.0,1187200
hardzero_only__c0p58__z1p00__lam0p000__nu0p50__psi0p00,hardzero_only,0.052,38,371,0.0,1,0.5725624,0.5777911,0.9976122,0.10055133,0.10055133,1.0,0.0052286694,0.052,-26.540411,2.1947906,0.7315969,0.18400002,0.0,0.14433584,0.0,0.0,1190400
hardzero_only__c0p58__z1p00__lam0p000__nu0p50__psi0p00,hardzero_only,0.052,38,372,0.0,1,0.5777911,0.5777911,1.0380405,0.0,0.091613494,0.0,0.0,0.052,-26.625063,2.2837348,0.76124495,0.120000005,0.0,0.13414077,0.0,0.0,1193600
hardzero_only__c0p58__z1p00__lam0p000__nu0p50__psi0p00,hardzero_only,0.052,38,373,0.0,1,0.5777911,0.5777911,1.0131663,0.0,0.09701383,0.0,0.0,0.052,-26.305912,2.2290103,0.7430035,0.128,0.0,0.16462477,0.0,0.0,1196800
hardzero_only__c0p58__z1p00__lam0p000__nu0p50__psi0p00,hardzero_only,0.052,38,374,0.0,1,0.5777911,0.5777911,1.0112414,0.0,0.09744477,0.0,0.0,0.052,-27.601913,2.2247756,0.7415919,0.14400001,0.0,0.14899725,0.0,0.0,1200000
hardzero_only__c0p58__z1p00__lam0p000__nu0p50__psi0p00,hardzero_only,0.052,38,375,0.0,1,0.5777911,0.5777911,1.0652046,0.0,0.086058825,0.0,0.0,0.052,-27.758923,2.343497,0.7811657,0.08800001,0.0,0.17027563,0.0,0.0,1203200
hardzero_only__c0p58__z1p00__lam0p000__nu0p50__psi0p00,hardzero_only,0.052,38,376,0.0,1,0.5777911,0.5777911,1.0389518,0.0,0.09142147,0.0,0.0,0.052,-27.397173,2.2857394,0.7619132,0.16000001,0.0,0.18493164,0.0,0.0,1206400
hardzero_only__c0p58__z1p00__lam0p000__nu0p50__psi0p00,hardzero_only,0.052,38,377,0.0,1,0.5777911,0.5777911,1.0480123,0.0,0.08953395,0.0,0.0,0.052,-27.226015,2.305673,0.76855767,0.14999999,0.0,0.17938627,0.0,0.0,1209600
hardzero_only__c0p58__z1p00__lam0p000__nu0p50__psi0p00,hardzero_only,0.052,38,378,0.0,1,0.5777911,0.5777911,1.1070606,0.0,0.07815188,0.0,0.0,0.052,-28.177729,2.435582,0.8118607,0.16000001,0.0,0.17309019,0.0,0.0,1212800
hardzero_only__c0p58__z1p00__lam0p000__nu0p50__psi0p00,hardzero_only,0.052,38,379,0.0,1,0.5777911,0.5777911,1.0069313,0.0,0.09841667,0.0,0.0,0.052,-27.186304,2.2152932,0.7384311,0.208,0.0,0.16776851,0.0,0.0,1216000
hardzero_only__c0p58__z1p00__lam0p000__nu0p50__psi0p00,hardzero_only,0.052,38,380,0.0,1,0.5777911,0.5777911,1.0219142,0.0,0.09507925,0.0,0.0,0.052,-27.479275,2.2482562,0.74941874,0.14400001,0.0,0.13460515,0.0,0.0,1219200
hardzero_only__c0p58__z1p00__lam0p000__nu0p50__psi0p00,hardzero_only,0.052,38,381,0.0,1,0.5777911,0.5777911,1.075525,0.0,0.08403786,0.0,0.0,0.052,-27.687626,2.3662024,0.78873414,0.128,0.0,0.16319714,0.0,0.0,1222400
hardzero_only__c0p58__z1p00__lam0p000__nu0p50__psi0p00,hardzero_only,0.052,38,382,0.0,1,0.5777911,0.5777911,1.0854418,0.0,0.082140654,0.0,0.0,0.052,-27.729912,2.3880198,0.7960066,0.104,0.0,0.1545929,0.0,0.0,1225600
hardzero_only__c0p58__z1p00__lam0p000__nu0p50__psi0p00,hardzero_only,0.052,38,383,0.0,1,0.5777911,0.5777911,1.0155298,0.0,0.09648732,0.0,0.0,0.052,-27.10984,2.23421,0.7447367,0.216,0.0,0.13818373,0.0,0.0,1228800
hardzero_only__c0p58__z1p00__lam0p000__nu0p50__psi0p00,hardzero_only,0.052,38,384,0.0,1,0.5777911,0.5777911,1.03517,0.0,0.09222105,0.0,0.0,0.052,-27.014666,2.2774193,0.7591398,0.15200001,0.0,0.15141562,0.0,0.0,1232000
hardzero_only__c0p58__z1p00__lam0p000__nu0p50__psi0p00,hardzero_only,0.052,38,385,0.0,1,0.5777911,0.5777911,1.0753119,0.0,0.0840791,0.0,0.0,0.052,-27.839579,2.3657334,0.7885778,0.120000005,0.0,0.17483112,0.0,0.0,1235200
hardzero_only__c0p58__z1p00__lam0p000__nu0p50__psi0p00,hardzero_only,0.052,38,386,0.0,1,0.5777911,0.58300936,0.9984777,0.10035114,0.10035114,1.0,0.0052182595,0.052,-25.701601,2.1966949,0.7322316,0.15200001,0.0,0.15723498,0.0,0.0,1238400
hardzero_only__c0p58__z1p00__lam0p000__nu0p50__psi0p00,hardzero_only,0.052,38,387,1.0,2,0.58300936,0.008294115,0.99298,0.10162953,0.10162953,1.0,0.005284736,0.052,-27.330868,2.1845996,0.7281999,0.216,0.0,0.15139572,0.0,0.0,1241600
hardzero_only__c0p58__z1p00__lam0p000__nu0p50__psi0p00,hardzero_only,0.052,38,388,0.0,2,0.008294115,0.008294115,1.0242856,0.0,0.09456151,0.0,0.0,0.052,-26.970087,2.2534733,0.75115776,0.16800001,0.0,0.16288531,0.0,0.0,1244800
hardzero_only__c0p58__z1p00__lam0p000__nu0p50__psi0p00,hardzero_only,0.052,38,389,0.0,2,0.008294115,0.008294115,1.0044309,0.0,0.09898494,0.0,0.0,0.052,-26.438719,2.2097921,0.7365974,0.16800001,0.0,0.14467779,0.0,0.0,1248000
hardzero_only__c0p58__z1p00__lam0p000__nu0p50__psi0p00,hardzero_only,0.052,38,390,0.0,2,0.008294115,0.008294115,1.0889248,0.0,0.08148455,0.0,0.0,0.052,-28.996836,2.3956823,0.7985608,0.13,0.0,0.18685748,0.0,0.0,1251200
hardzero_only__c0p58__z1p00__lam0p000__nu0p50__psi0p00,hardzero_only,0.052,38,391,0.0,2,0.008294115,0.008294115,1.019661,0.0,0.09557385,0.0,0.0,0.052,-27.29997,2.243299,0.7477664,0.096,0.0,0.17134263,0.0,0.0,1254400
hardzero_only__c0p58__z1p00__lam0p000__nu0p50__psi0p00,hardzero_only,0.052,38,392,0.0,2,0.008294115,0.013505194,0.9990757,0.100213066,0.100213066,1.0,0.0052110795,0.052,-26.88254,2.1980104,0.7326702,0.120000005,0.0,0.16108516,0.0,0.0,1257600
hardzero_only__c0p58__z1p00__lam0p000__nu0p50__psi0p00,hardzero_only,0.052,38,393,0.0,2,0.013505194,0.013505194,1.0466397,0.0,0.08981737,0.0,0.0,0.052,-27.359299,2.3026533,0.7675511,0.14400001,0.0,0.14774305,0.0,0.0,1260800
hardzero_only__c0p58__z1p00__lam0p000__nu0p50__psi0p00,hardzero_only,0.052,38,394,0.0,2,0.013505194,0.013505194,1.0395998,0.0,0.09128518,0.0,0.0,0.052,-27.37442,2.2871652,0.7623884,0.15200001,0.0,0.14465986,0.0,0.0,1264000
hardzero_only__c0p58__z1p00__lam0p000__nu0p50__psi0p00,hardzero_only,0.052,38,395,0.0,2,0.013505194,0.013505194,1.0202663,0.0,0.09544071,0.0,0.0,0.052,-27.15304,2.2446306,0.7482102,0.208,0.0,0.15849592,0.0,0.0,1267200
hardzero_only__c0p58__z1p00__lam0p000__nu0p50__psi0p00,hardzero_only,0.052,38,396,0.0,2,0.013505194,0.013505194,1.0293236,0.0,0.09347089,0.0,0.0,0.052,-26.969107,2.2645571,0.7548524,0.18400002,0.0,0.18443261,0.0,0.0,1270400
hardzero_only__c0p58__z1p00__lam0p000__nu0p50__psi0p00,hardzero_only,0.052,38,397,0.0,2,0.013505194,0.013505194,1.085872,0.0,0.082059324,0.0,0.0,0.052,-28.480907,2.3889663,0.7963221,0.120000005,0.0,0.20669675,0.0,0.0,1273600
hardzero_only__c0p58__z1p00__lam0p000__nu0p50__psi0p00,hardzero_only,0.052,38,398,0.0,2,0.013505194,0.013505194,1.0339104,0.0,0.092488885,0.0,0.0,0.052,-27.13781,2.2746482,0.7582161,0.2,0.0,0.16207209,0.0,0.0,1276800
hardzero_only__c0p58__z1p00__lam0p000__nu0p50__psi0p00,hardzero_only,0.052,38,399,0.0,2,0.013505194,0.018847808,0.98824954,0.102742575,0.102742575,1.0,0.005342614,0.052,-26.698551,2.1741924,0.72473085,0.18400002,0.0,0.16943148,0.0,0.0,1280000
hardzero_only__c0p58__z1p00__lam0p000__nu0p50__psi0p00,hardzero_only,0.052,38,400,0.0,2,0.018847808,0.018847808,1.0274936,0.0,0.09386559,0.0,0.0,0.052,-27.290924,2.260531,0.75351036,0.136,0.0,0.15471074,0.0,0.0,1283200
hardzero_only__c0p58__z1p00__lam0p000__nu0p50__psi0p00,hardzero_only,0.052,38,401,0.0,2,0.018847808,0.018847808,1.09083,0.0,0.08112787,0.0,0.0,0.052,-28.49888,2.399874,0.799958,0.128,0.0,0.20723489,0.0,0.0,1286400
hardzero_only__c0p58__z1p00__lam0p000__nu0p50__psi0p00,hardzero_only,0.052,38,402,0.0,2,0.018847808,0.018847808,1.0303602,0.0,0.093248054,0.0,0.0,0.052,-26.342669,2.2668378,0.7556126,0.216,0.0,0.18642189,0.0,0.0,1289600
hardzero_only__c0p58__z1p00__lam0p000__nu0p50__psi0p00,hardzero_only,0.052,38,403,0.0,2,0.018847808,0.024055637,0.9993466,0.10015055,0.10015055,1.0,0.0052078287,0.052,-26.86091,2.1986065,0.73286885,0.26999998,0.01,0.17203245,0.0,0.0,1292800
hardzero_only__c0p58__z1p00__lam0p000__nu0p50__psi0p00,hardzero_only,0.052,38,404,0.0,2,0.024055637,0.024055637,1.0234486,0.0,0.09474394,0.0,0.0,0.052,-27.348385,2.2516317,0.75054395,0.16000001,0.0,0.17300363,0.0,0.0,1296000
hardzero_only__c0p58__z1p00__lam0p000__nu0p50__psi0p00,hardzero_only,0.052,38,405,0.0,2,0.024055637,0.024055637,1.0965956,0.0,0.08005793,0.0,0.0,0.052,-27.997406,2.4125586,0.8041862,0.136,0.0,0.18917641,0.0,0.0,1299200
hardzero_only__c0p58__z1p00__lam0p000__nu0p50__psi0p00,hardzero_only,0.052,38,406,0.0,2,0.024055637,0.024055637,1.041579,0.0,0.0908701,0.0,0.0,0.052,-27.57633,2.2915196,0.7638399,0.120000005,0.0,0.16267623,0.0,0.0,1302400
hardzero_only__c0p58__z1p00__lam0p000__nu0p50__psi0p00,hardzero_only,0.052,38,407,0.0,2,0.024055637,0.024055637,1.0439776,0.0,0.09036961,0.0,0.0,0.052,-29.08767,2.2967966,0.7655989,0.136,0.0,0.20474713,0.0,0.0,1305600
hardzero_only__c0p58__z1p00__lam0p000__nu0p50__psi0p00,hardzero_only,0.052,38,408,0.0,2,0.024055637,0.024055637,1.0178331,0.0,0.09597693,0.0,0.0,0.052,-27.031395,2.2392776,0.74642587,0.136,0.008,0.15050437,0.0,0.0,1308800
hardzero_only__c0p58__z1p00__lam0p000__nu0p50__psi0p00,hardzero_only,0.052,38,409,0.0,2,0.024055637,0.024055637,1.070482,0.0,0.08501939,0.0,0.0,0.052,-27.086048,2.3551075,0.78503585,0.16800001,0.0,0.19516231,0.0,0.0,1312000
hardzero_only__c0p58__z1p00__lam0p000__nu0p50__psi0p00,hardzero_only,0.052,38,410,0.0,2,0.024055637,0.024055637,1.0193559,0.0,0.095641,0.0,0.0,0.052,-27.59784,2.2426276,0.74754256,0.18400002,0.0,0.19936849,0.0,0.0,1315200
hardzero_only__c0p58__z1p00__lam0p000__nu0p50__psi0p00,hardzero_only,0.052,38,411,0.0,2,0.024055637,0.024055637,1.0578982,0.0,0.087518886,0.0,0.0,0.052,-27.95063,2.3274224,0.7758075,0.08800001,0.0,0.18622757,0.0,0.0,1318400
hardzero_only__c0p58__z1p00__lam0p000__nu0p50__psi0p00,hardzero_only,0.052,38,412,0.0,2,0.024055637,0.024055637,1.0757483,0.0,0.08399465,0.0,0.0,0.052,-28.533592,2.3666935,0.7888979,0.072000004,0.0,0.15407778,0.0,0.0,1321600
hardzero_only__c0p58__z1p00__lam0p000__nu0p50__psi0p00,hardzero_only,0.052,38,413,0.0,2,0.024055637,0.024055637,1.0390311,0.0,0.09140476,0.0,0.0,0.052,-27.48463,2.2859142,0.7619714,0.17600001,0.0,0.18022788,0.0,0.0,1324800
hardzero_only__c0p58__z1p00__lam0p000__nu0p50__psi0p00,hardzero_only,0.052,38,414,0.0,2,0.024055637,0.024055637,1.0446459,0.0,0.090230644,0.0,0.0,0.052,-27.620958,2.298267,0.76608896,0.136,0.0,0.15156102,0.0,0.0,1328000
hardzero_only__c0p58__z1p00__lam0p000__nu0p50__psi0p00,hardzero_only,0.052,38,415,0.0,2,0.024055637,0.029283691,0.9976632,0.10053951,0.10053951,1.0,0.0052280547,0.052,-26.70943,2.194903,0.7316343,0.136,0.0,0.1460049,0.0,0.0,1331200
hardzero_only__c0p58__z1p00__lam0p000__nu0p50__psi0p00,hardzero_only,0.052,38,416,0.0,2,0.029283691,0.029283691,1.0653869,0.0,0.086022705,0.0,0.0,0.052,-27.06986,2.343898,0.78129935,0.19,0.0,0.16585171,0.0,0.0,1334400
hardzero_only__c0p58__z1p00__lam0p000__nu0p50__psi0p00,hardzero_only,0.052,38,417,0.0,2,0.029283691,0.029283691,1.0251862,0.0,0.09436562,0.0,0.0,0.052,-27.672228,2.2554545,0.7518182,0.17600001,0.0,0.1688339,0.0,0.0,1337600
hardzero_only__c0p58__z1p00__lam0p000__nu0p50__psi0p00,hardzero_only,0.052,38,418,0.0,2,0.029283691,0.029283691,1.0494186,0.0,0.08924449,0.0,0.0,0.052,-27.695951,2.308767,0.76958907,0.16800001,0.0,0.20787083,0.0,0.0,1340800
hardzero_only__c0p58__z1p00__lam0p000__nu0p50__psi0p00,hardzero_only,0.052,38,419,0.0,2,0.029283691,0.029283691,1.0208409,0.0,0.095314525,0.0,0.0,0.052,-27.377565,2.245895,0.74863166,0.16000001,0.0,0.1507676,0.0,0.0,1344000
hardzero_only__c0p58__z1p00__lam0p000__nu0p50__psi0p00,hardzero_only,0.052,38,420,0.0,2,0.029283691,0.029283691,1.0651293,0.0,0.08607374,0.0,0.0,0.052,-27.195007,2.343331,0.7811104,0.15200001,0.0,0.1638709,0.0,0.0,1347200
hardzero_only__c0p58__z1p00__lam0p000__nu0p50__psi0p00,hardzero_only,0.052,38,421,0.0,2,0.029283691,0.029283691,1.0724627,0.0,0.08463252,0.0,0.0,0.052,-27.906572,2.359465,0.7864883,0.2,0.0,0.17134653,0.0,0.0,1350400
hardzero_only__c0p58__z1p00__lam0p000__nu0p50__psi0p00,hardzero_only,0.052,38,422,0.0,2,0.029283691,0.029283691,1.0155507,0.0,0.09648265,0.0,0.0,0.052,-27.789783,2.2342563,0.7447521,0.216,0.0,0.16500731,0.0,0.0,1353600
hardzero_only__c0p58__z1p00__lam0p000__nu0p50__psi0p00,hardzero_only,0.052,38,423,0.0,2,0.029283691,0.03448821,0.99962276,0.10008689,0.10008689,1.0,0.0052045183,0.052,-27.400196,2.199214,0.7330713,0.104,0.0,0.15347865,0.0,0.0,1356800
hardzero_only__c0p58__z1p00__lam0p000__nu0p50__psi0p00,hardzero_only,0.052,38,424,0.0,2,0.03448821,0.03448821,1.019981,0.0,0.09550342,0.0,0.0,0.052,-26.696417,2.244003,0.74800104,0.15200001,0.0,0.17305782,0.0,0.0,1360000
hardzero_only__c0p58__z1p00__lam0p000__nu0p50__psi0p00,hardzero_only,0.052,38,425,0.0,2,0.03448821,0.03448821,1.0512781,0.0,0.08886318,0.0,0.0,0.052,-27.76243,2.312858,0.7709527,0.16000001,0.0,0.15727702,0.0,0.0,1363200
hardzero_only__c0p58__z1p00__lam0p000__nu0p50__psi0p00,hardzero_only,0.052,38,426,0.0,2,0.03448821,0.0398213,0.9890243,0.10255946,0.10255946,1.0,0.005333092,0.052,-27.01229,2.175897,0.725299,0.17600001,0.0,0.15279905,0.0,0.0,1366400
hardzero_only__c0p58__z1p00__lam0p000__nu0p50__psi0p00,hardzero_only,0.052,38,427,0.0,2,0.0398213,0.0398213,1.0736418,0.0,0.084403075,0.0,0.0,0.052,-28.054396,2.362059,0.78735304,0.17600001,0.0,0.16904752,0.0,0.0,1369600
hardzero_only__c0p58__z1p00__lam0p000__nu0p50__psi0p00,hardzero_only,0.052,38,428,0.0,2,0.0398213,0.0398213,1.0164466,0.0,0.09628384,0.0,0.0,0.052,-28.0848,2.2362273,0.74540913,0.16800001,0.0,0.17364018,0.0,0.0,1372800
hardzero_only__c0p58__z1p00__lam0p000__nu0p50__psi0p00,hardzero_only,0.052,38,429,0.0,2,0.0398213,0.0398213,1.0432947,0.0,0.090511814,0.0,0.0,0.052,-26.14819,2.295294,0.76509804,0.12,0.0,0.13230781,0.0,0.0,1376000
hardzero_only__c0p58__z1p00__lam0p000__nu0p50__psi0p00,hardzero_only,0.052,38,430,0.0,2,0.0398213,0.04520191,0.985172,0.103473224,0.103473224,1.0,0.0053806077,0.052,-26.840633,2.1674216,0.72247386,0.24000001,0.0,0.17217287,0.0,0.0,1379200
hardzero_only__c0p58__z1p00__lam0p000__nu0p50__psi0p00,hardzero_only,0.052,38,431,0.0,2,0.04520191,0.05062216,0.98198384,0.104235604,0.104235604,1.0,0.0054202517,0.052,-26.314325,2.1604075,0.72013587,0.16000001,0.0,0.13643758,0.0,0.0,1382400
hardzero_only__c0p58__z1p00__lam0p000__nu0p50__psi0p00,hardzero_only,0.052,38,432,0.0,2,0.05062216,0.05584032,0.998486,0.100349225,0.100349225,1.0,0.00521816,0.052,-27.106161,2.196713,0.7322377,0.192,0.0,0.16458686,0.0,0.0,1385600
hardzero_only__c0p58__z1p00__lam0p000__nu0p50__psi0p00,hardzero_only,0.052,38,433,0.0,2,0.05584032,0.061461885,0.9661463,0.10810696,0.10810696,1.0,0.0056215622,0.052,-27.20398,2.1255643,0.7085215,0.24000001,0.0,0.15693401,0.0,0.0,1388800
hardzero_only__c0p58__z1p00__lam0p000__nu0p50__psi0p00,hardzero_only,0.052,38,434,0.0,2,0.061461885,0.061461885,1.0208434,0.0,0.09531398,0.0,0.0,0.052,-27.020134,2.2459004,0.7486335,0.18400002,0.0,0.16072051,0.0,0.0,1392000
hardzero_only__c0p58__z1p00__lam0p000__nu0p50__psi0p00,hardzero_only,0.052,38,435,0.0,2,0.061461885,0.061461885,1.042898,0.0,0.09059452,0.0,0.0,0.052,-27.973335,2.2944217,0.7648072,0.16800001,0.0,0.18857408,0.0,0.0,1395200
hardzero_only__c0p58__z1p00__lam0p000__nu0p50__psi0p00,hardzero_only,0.052,38,436,0.0,2,0.061461885,0.061461885,1.0560333,0.0,0.08789551,0.0,0.0,0.052,-27.443485,2.3233194,0.7744398,0.104,0.0,0.15855597,0.0,0.0,1398400
hardzero_only__c0p58__z1p00__lam0p000__nu0p50__psi0p00,hardzero_only,0.052,38,437,0.0,2,0.061461885,0.061461885,1.0609934,0.0,0.08689735,0.0,0.0,0.052,-28.168493,2.334232,0.77807736,0.17600001,0.0,0.19519758,0.0,0.0,1401600
hardzero_only__c0p58__z1p00__lam0p000__nu0p50__psi0p00,hardzero_only,0.052,38,438,0.0,2,0.061461885,0.066963114,0.9755436,0.10579286,0.10579286,1.0,0.005501229,0.052,-25.706984,2.1462388,0.715413,0.192,0.0,0.15344901,0.0,0.0,1404800
hardzero_only__c0p58__z1p00__lam0p000__nu0p50__psi0p00,hardzero_only,0.052,38,439,0.0,2,0.066963114,0.066963114,1.0012041,0.0,0.09972312,0.0,0.0,0.052,-27.305176,2.202693,0.734231,0.216,0.0,0.17391226,0.0,0.0,1408000
hardzero_only__c0p58__z1p00__lam0p000__nu0p50__psi0p00,hardzero_only,0.052,38,440,0.0,2,0.066963114,0.066963114,1.0625203,0.0,0.08659238,0.0,0.0,0.052,-27.952085,2.3375912,0.7791971,0.16800001,0.0,0.159096,0.0,0.0,1411200
hardzero_only__c0p58__z1p00__lam0p000__nu0p50__psi0p00,hardzero_only,0.052,38,441,0.0,2,0.066963114,0.066963114,1.0914096,0.0,0.081019655,0.0,0.0,0.052,-28.170708,2.401149,0.80038303,0.080000006,0.0,0.17720284,0.0,0.0,1414400
hardzero_only__c0p58__z1p00__lam0p000__nu0p50__psi0p00,hardzero_only,0.052,38,442,0.0,2,0.066963114,0.066963114,1.0216055,0.0,0.09514687,0.0,0.0,0.052,-26.98289,2.247577,0.74919236,0.17,0.0,0.14705521,0.0,0.0,1417600
hardzero_only__c0p58__z1p00__lam0p000__nu0p50__psi0p00,hardzero_only,0.052,38,443,0.0,2,0.066963114,0.066963114,1.0397545,0.0,0.09125265,0.0,0.0,0.052,-27.033533,2.2875056,0.7625019,0.104,0.0,0.1505101,0.0,0.0,1420800
hardzero_only__c0p58__z1p00__lam0p000__nu0p50__psi0p00,hardzero_only,0.052,38,444,0.0,2,0.066963114,0.066963114,1.0296607,0.0,0.09339838,0.0,0.0,0.052,-27.474297,2.2652988,0.75509965,0.16800001,0.0,0.15055563,0.0,0.0,1424000
hardzero_only__c0p58__z1p00__lam0p000__nu0p50__psi0p00,hardzero_only,0.052,38,445,0.0,2,0.066963114,0.07234604,0.984985,0.10351779,0.10351779,1.0,0.0053829253,0.052,-26.416307,2.1670103,0.72233677,0.096,0.0,0.13193707,0.0,0.0,1427200
hardzero_only__c0p58__z1p00__lam0p000__nu0p50__psi0p00,hardzero_only,0.052,38,446,0.0,2,0.07234604,0.07234604,1.0565401,0.0,0.08779299,0.0,0.0,0.052,-27.286142,2.3244348,0.7748116,0.120000005,0.0,0.17484228,0.0,0.0,1430400
hardzero_only__c0p58__z1p00__lam0p000__nu0p50__psi0p00,hardzero_only,0.052,38,447,0.0,2,0.07234604,0.07234604,1.0409538,0.0,0.091001004,0.0,0.0,0.052,-27.39193,2.290144,0.76338136,0.192,0.0,0.1474915,0.0,0.0,1433600
hardzero_only__c0p58__z1p00__lam0p000__nu0p50__psi0p00,hardzero_only,0.052,38,448,0.0,2,0.07234604,0.07755049,0.9996283,0.10008562,0.10008562,1.0,0.0052044527,0.052,-26.382767,2.1992261,0.7330754,0.15200001,0.0,0.1474156,0.0,0.0,1436800
hardzero_only__c0p58__z1p00__lam0p000__nu0p50__psi0p00,hardzero_only,0.052,38,449,0.0,2,0.07755049,0.07755049,1.0907892,0.0,0.08113547,0.0,0.0,0.052,-27.537497,2.399784,0.79992807,0.120000005,0.0,0.17726836,0.0,0.0,1440000
hardzero_only__c0p58__z1p00__lam0p000__nu0p50__psi0p00,hardzero_only,0.052,38,450,0.0,2,0.07755049,0.07755049,1.0104498,0.0,0.097622566,0.0,0.0,0.052,-27.134977,2.223034,0.7410113,0.17600001,0.0,0.1797757,0.0,0.0,1443200
hardzero_only__c0p58__z1p00__lam0p000__nu0p50__psi0p00,hardzero_only,0.052,38,451,0.0,2,0.07755049,0.07755049,1.0600164,0.0,0.08709306,0.0,0.0,0.052,-29.167215,2.3320827,0.7773609,0.14400001,0.0,0.17364274,0.0,0.0,1446400
hardzero_only__c0p58__z1p00__lam0p000__nu0p50__psi0p00,hardzero_only,0.052,38,452,0.0,2,0.07755049,0.07755049,1.0228403,0.0,0.094876744,0.0,0.0,0.052,-27.385426,2.2502935,0.7500979,0.2,0.0,0.16153772,0.0,0.0,1449600
hardzero_only__c0p58__z1p00__lam0p000__nu0p50__psi0p00,hardzero_only,0.052,38,453,0.0,2,0.07755049,0.07755049,1.0054668,0.0,0.09874911,0.0,0.0,0.052,-26.829626,2.2120712,0.7373571,0.16800001,0.0,0.13523978,0.0,0.0,1452800
hardzero_only__c0p58__z1p00__lam0p000__nu0p50__psi0p00,hardzero_only,0.052,38,454,0.0,2,0.07755049,0.07755049,1.00469,0.0,0.09892589,0.0,0.0,0.052,-27.05512,2.2103622,0.73678744,0.15200001,0.0,0.16882807,0.0,0.0,1456000
hardzero_only__c0p58__z1p00__lam0p000__nu0p50__psi0p00,hardzero_only,0.052,38,455,0.0,2,0.07755049,0.08284928,0.99182665,0.101899795,0.101899795,1.0,0.0052987896,0.052,-26.329372,2.1820621,0.72735405,0.19999999,0.0,0.15592565,0.0,0.0,1459200
hardzero_only__c0p58__z1p00__lam0p000__nu0p50__psi0p00,hardzero_only,0.052,38,456,0.0,2,0.08284928,0.08284928,1.0095575,0.0,0.09782334,0.0,0.0,0.052,-27.429094,2.2210708,0.7403569,0.14400001,0.0,0.15620932,0.0,0.0,1462400
hardzero_only__c0p58__z1p00__lam0p000__nu0p50__psi0p00,hardzero_only,0.052,38,457,0.0,2,0.08284928,0.08284928,1.0022181,0.0,0.09949056,0.0,0.0,0.052,-26.547203,2.2049239,0.7349746,0.23200001,0.0,0.14761615,0.0,0.0,1465600
hardzero_only__c0p58__z1p00__lam0p000__nu0p50__psi0p00,hardzero_only,0.052,38,458,0.0,2,0.08284928,0.08284928,1.0465754,0.0,0.08983067,0.0,0.0,0.052,-27.895643,2.302512,0.767504,0.136,0.0,0.16219604,0.0,0.0,1468800
hardzero_only__c0p58__z1p00__lam0p000__nu0p50__psi0p00,hardzero_only,0.052,38,459,0.0,2,0.08284928,0.08284928,1.0640738,0.0,0.08628319,0.0,0.0,0.052,-27.883549,2.3410091,0.7803364,0.15200001,0.0,0.1582191,0.0,0.0,1472000
hardzero_only__c0p58__z1p00__lam0p000__nu0p50__psi0p00,hardzero_only,0.052,38,460,0.0,2,0.08284928,0.08284928,1.0772449,0.0,0.083705716,0.0,0.0,0.052,-27.778193,2.369986,0.7899954,0.15200001,0.0,0.16062328,0.0,0.0,1475200
hardzero_only__c0p58__z1p00__lam0p000__nu0p50__psi0p00,hardzero_only,0.052,38,461,0.0,2,0.08284928,0.08284928,1.0417598,0.0,0.09083226,0.0,0.0,0.052,-27.344421,2.2919173,0.76397246,0.112,0.0,0.15914795,0.0,0.0,1478400
hardzero_only__c0p58__z1p00__lam0p000__nu0p50__psi0p00,hardzero_only,0.052,38,462,0.0,2,0.08284928,0.08284928,1.0304241,0.0,0.09323434,0.0,0.0,0.052,-27.716064,2.2669783,0.75565946,0.15200001,0.0,0.16124275,0.0,0.0,1481600
hardzero_only__c0p58__z1p00__lam0p000__nu0p50__psi0p00,hardzero_only,0.052,38,463,0.0,2,0.08284928,0.08284928,1.035023,0.0,0.09225226,0.0,0.0,0.052,-27.950274,2.277096,0.759032,0.2,0.0,0.1816139,0.0,0.0,1484800
hardzero_only__c0p58__z1p00__lam0p000__nu0p50__psi0p00,hardzero_only,0.052,38,464,0.0,2,0.08284928,0.08284928,1.0136894,0.0,0.09689705,0.0,0.0,0.052,-27.511955,2.2301612,0.7433871,0.216,0.0,0.158323,0.0,0.0,1488000
hardzero_only__c0p58__z1p00__lam0p000__nu0p50__psi0p00,hardzero_only,0.052,38,465,0.0,2,0.08284928,0.08284928,1.0259622,0.0,0.09419714,0.0,0.0,0.052,-26.68427,2.2571619,0.7523873,0.136,0.0,0.15252937,0.0,0.0,1491200
hardzero_only__c0p58__z1p00__lam0p000__nu0p50__psi0p00,hardzero_only,0.052,38,466,0.0,2,0.08284928,0.08805972,0.99912846,0.10020088,0.10020088,1.0,0.0052104457,0.052,-26.335354,2.1981266,0.7327089,0.17600001,0.0,0.16074176,0.0,0.0,1494400
hardzero_only__c0p58__z1p00__lam0p000__nu0p50__psi0p00,hardzero_only,0.052,38,467,0.0,2,0.08805972,0.08805972,1.0303191,0.0,0.09325688,0.0,0.0,0.052,-26.985907,2.2667472,0.75558245,0.16000001,0.0,0.15225103,0.0,0.0,1497600
hardzero_only__c0p58__z1p00__lam0p000__nu0p50__psi0p00,hardzero_only,0.052,38,468,0.0,2,0.08805972,0.09334587,0.9928641,0.10165668,0.10165668,1.0,0.005286148,0.052,-25.884512,2.1843445,0.72811484,0.16,0.0,0.14400724,0.0,0.0,1500800
hardzero_only__c0p58__z1p00__lam0p000__nu0p50__psi0p00,hardzero_only,0.052,38,469,0.0,2,0.09334587,0.09334587,1.0414907,0.0,0.09088859,0.0,0.0,0.052,-27.445333,2.2913253,0.7637751,0.112,0.0,0.20888974,0.0,0.0,1504000
hardzero_only__c0p58__z1p00__lam0p000__nu0p50__psi0p00,hardzero_only,0.052,38,470,0.0,2,0.09334587,0.09334587,1.0735953,0.0,0.084412105,0.0,0.0,0.052,-27.83949,2.3619568,0.78731894,0.120000005,0.0,0.16931148,0.0,0.0,1507200
hardzero_only__c0p58__z1p00__lam0p000__nu0p50__psi0p00,hardzero_only,0.052,38,471,0.0,2,0.09334587,0.09334587,1.0768677,0.0,0.08377845,0.0,0.0,0.052,-28.095781,2.3691564,0.7897188,0.15200001,0.0,0.16190013,0.0,0.0,1510400
hardzero_only__c0p58__z1p00__lam0p000__nu0p50__psi0p00,hardzero_only,0.052,38,472,0.0,2,0.09334587,0.09869621,0.9876225,0.10289103,0.10289103,1.0,0.0053503336,0.052,-25.925415,2.172813,0.724271,0.17600001,0.0,0.13971838,0.0,0.0,1513600
hardzero_only__c0p58__z1p00__lam0p000__nu0p50__psi0p00,hardzero_only,0.052,38,473,0.0,2,0.09869621,0.10390082,0.99961495,0.1000887,0.1000887,1.0,0.0052046124,0.052,-26.752882,2.1991968,0.7330656,0.208,0.0,0.15704407,0.0,0.0,1516800
hardzero_only__c0p58__z1p00__lam0p000__nu0p50__psi0p00,hardzero_only,0.052,38,474,0.0,2,0.10390082,0.10390082,1.0487814,0.0,0.089375526,0.0,0.0,0.052,-27.572119,2.3073652,0.76912177,0.14400001,0.0,0.17580496,0.0,0.0,1520000
hardzero_only__c0p58__z1p00__lam0p000__nu0p50__psi0p00,hardzero_only,0.052,38,475,0.0,2,0.10390082,0.10390082,1.0128781,0.0,0.09707825,0.0,0.0,0.052,-26.942059,2.2283762,0.74279207,0.17600001,0.008,0.15493831,0.0,0.0,1523200
hardzero_only__c0p58__z1p00__lam0p000__nu0p50__psi0p00,hardzero_only,0.052,38,476,0.0,2,0.10390082,0.10390082,1.0648336,0.0,0.08613235,0.0,0.0,0.052,-27.668493,2.3426807,0.78089356,0.16800001,0.0,0.17121166,0.0,0.0,1526400
hardzero_only__c0p58__z1p00__lam0p000__nu0p50__psi0p00,hardzero_only,0.052,38,477,0.0,2,0.10390082,0.10390082,1.0625658,0.0,0.08658332,0.0,0.0,0.052,-27.989397,2.3376915,0.77923054,0.136,0.0,0.17272031,0.0,0.0,1529600
hardzero_only__c0p58__z1p00__lam0p000__nu0p50__psi0p00,hardzero_only,0.052,38,478,0.0,2,0.10390082,0.10390082,1.074795,0.0,0.08417924,0.0,0.0,0.052,-28.247139,2.3645961,0.7881987,0.104,0.0,0.14584115,0.0,0.0,1532800
hardzero_only__c0p58__z1p00__lam0p000__nu0p50__psi0p00,hardzero_only,0.052,38,479,0.0,2,0.10390082,0.10390082,1.0525234,0.0,0.08860875,0.0,0.0,0.052,-28.181822,2.3155975,0.77186584,0.18400002,0.008,0.15538603,0.0,0.0,1536000
hardzero_only__c0p58__z1p00__lam0p000__nu0p50__psi0p00,hardzero_only,0.052,38,480,0.0,2,0.10390082,0.10390082,1.049256,0.0,0.08927792,0.0,0.0,0.052,-27.134132,2.3084092,0.76946974,0.128,0.0,0.16123874,0.0,0.0,1539200
hardzero_only__c0p58__z1p00__lam0p000__nu0p50__psi0p00,hardzero_only,0.052,38,481,0.0,2,0.10390082,0.10390082,1.049828,0.0,0.0891604,0.0,0.0,0.052,-27.095516,2.3096678,0.7698893,0.14999999,0.0,0.1626398,0.0,0.0,1542400
hardzero_only__c0p58__z1p00__lam0p000__nu0p50__psi0p00,hardzero_only,0.052,38,482,0.0,2,0.10390082,0.10390082,1.0101765,0.0,0.09768401,0.0,0.0,0.052,-27.093115,2.2224329,0.740811,0.120000005,0.0,0.1611991,0.0,0.0,1545600
hardzero_only__c0p58__z1p00__lam0p000__nu0p50__psi0p00,hardzero_only,0.052,38,483,0.0,2,0.10390082,0.10390082,1.039966,0.0,0.09120823,0.0,0.0,0.052,-27.895283,2.2879708,0.7626569,0.16000001,0.0,0.14707312,0.0,0.0,1548800
hardzero_only__c0p58__z1p00__lam0p000__nu0p50__psi0p00,hardzero_only,0.052,38,484,0.0,2,0.10390082,0.10390082,1.0295037,0.0,0.093432136,0.0,0.0,0.052,-27.572615,2.2649534,0.7549845,0.18400002,0.0,0.17438841,0.0,0.0,1552000
hardzero_only__c0p58__z1p00__lam0p000__nu0p50__psi0p00,hardzero_only,0.052,38,485,0.0,2,0.10390082,0.1091949,0.9922132,0.10180915,0.10180915,1.0,0.005294076,0.052,-25.848766,2.1829126,0.7276375,0.14400001,0.0,0.13519397,0.0,0.0,1555200
hardzero_only__c0p58__z1p00__lam0p000__nu0p50__psi0p00,hardzero_only,0.052,38,486,0.0,2,0.1091949,0.1091949,1.0863539,0.0,0.08196832,0.0,0.0,0.052,-28.565723,2.3900263,0.79667544,0.208,0.0,0.17720923,0.0,0.0,1558400
hardzero_only__c0p58__z1p00__lam0p000__nu0p50__psi0p00,hardzero_only,0.052,38,487,0.0,2,0.1091949,0.1091949,1.0175954,0.0,0.09602948,0.0,0.0,0.052,-26.633396,2.2387545,0.7462515,0.128,0.0,0.13520715,0.0,0.0,1561600
hardzero_only__c0p58__z1p00__lam0p000__nu0p50__psi0p00,hardzero_only,0.052,38,488,0.0,2,0.1091949,0.114486,0.9924572,0.10175195,0.10175195,1.0,0.0052911015,0.052,-26.669537,2.1834495,0.7278165,0.128,0.0,0.14568959,0.0,0.0,1564800
hardzero_only__c0p58__z1p00__lam0p000__nu0p50__psi0p00,hardzero_only,0.052,38,489,0.0,2,0.114486,0.114486,1.0612363,0.0,0.08684877,0.0,0.0,0.052,-27.148087,2.3347664,0.77825546,0.136,0.0,0.1600932,0.0,0.0,1568000
hardzero_only__c0p58__z1p00__lam0p000__nu0p50__psi0p00,hardzero_only,0.052,38,490,0.0,2,0.114486,0.114486,1.0361112,0.0,0.09202138,0.0,0.0,0.052,-27.240643,2.2794902,0.7598301,0.17600001,0.0,0.15886869,0.0,0.0,1571200
hardzero_only__c0p58__z1p00__lam0p000__nu0p50__psi0p00,hardzero_only,0.052,38,491,0.0,2,0.114486,0.114486,1.0681745,0.0,0.085472316,0.0,0.0,0.052,-26.83903,2.3500307,0.78334355,0.136,0.0,0.18805766,0.0,0.0,1574400
hardzero_only__c0p58__z1p00__lam0p000__nu0p50__psi0p00,hardzero_only,0.052,38,492,0.0,2,0.114486,0.114486,1.0070528,0.0,0.09838915,0.0,0.0,0.052,-26.405571,2.2155604,0.73852015,0.17600001,0.0,0.16569714,0.0,0.0,1577600
hardzero_only__c0p58__z1p00__lam0p000__nu0p50__psi0p00,hardzero_only,0.052,38,493,0.0,2,0.114486,0.114486,1.0584573,0.0,0.08740629,0.0,0.0,0.052,-28.395786,2.3286524,0.77621746,0.120000005,0.0,0.21751368,0.0,0.0,1580800
hardzero_only__c0p58__z1p00__lam0p000__nu0p50__psi0p00,hardzero_only,0.052,38,494,0.0,2,0.114486,0.114486,1.0461719,0.0,0.089914165,0.0,0.0,0.052,-27.483461,2.301624,0.76720804,0.19999999,0.0,0.17639384,0.0,0.0,1584000
hardzero_only__c0p58__z1p00__lam0p000__nu0p50__psi0p00,hardzero_only,0.052,38,495,0.0,2,0.114486,0.114486,1.004912,0.0,0.09887534,0.0,0.0,0.052,-27.176645,2.2108507,0.7369503,0.16000001,0.0,0.16185954,0.0,0.0,1587200
hardzero_only__c0p58__z1p00__lam0p000__nu0p50__psi0p00,hardzero_only,0.052,38,496,0.0,2,0.114486,0.114486,1.0064663,0.0,0.098522104,0.0,0.0,0.052,-27.536808,2.21427,0.73809004,0.120000005,0.0,0.14682175,0.0,0.0,1590400
hardzero_only__c0p58__z1p00__lam0p000__nu0p50__psi0p00,hardzero_only,0.052,38,497,0.0,2,0.114486,0.114486,1.0380224,0.0,0.091617316,0.0,0.0,0.052,-27.487097,2.283695,0.76123166,0.2,0.0,0.17053655,0.0,0.0,1593600
hardzero_only__c0p58__z1p00__lam0p000__nu0p50__psi0p00,hardzero_only,0.052,38,498,0.0,2,0.114486,0.114486,1.0043486,0.0,0.09900368,0.0,0.0,0.052,-26.45732,2.2096112,0.7365371,0.16000001,0.008,0.16533574,0.0,0.0,1596800
hardzero_only__c0p58__z1p00__lam0p000__nu0p50__psi0p00,hardzero_only,0.052,38,499,0.0,2,0.114486,0.114486,1.0284929,0.0,0.09364985,0.0,0.0,0.052,-27.654114,2.2627296,0.75424325,0.120000005,0.0,0.18258448,0.0,0.0,1600000
hardzero_only__c0p58__z1p00__lam0p000__nu0p50__psi0p00,hardzero_only,0.052,38,500,0.0,2,0.114486,0.11981781,0.9891289,0.10253475,0.10253475,1.0,0.005331807,0.052,-25.526194,2.176127,0.72537565,0.15200001,0.0,0.14218687,0.0,0.0,1603200
hardzero_only__c0p58__z1p00__lam0p000__nu0p50__psi0p00,hardzero_only,0.052,38,501,0.0,2,0.11981781,0.11981781,1.0240636,0.0,0.09460986,0.0,0.0,0.052,-28.03401,2.2529848,0.7509949,0.208,0.0,0.16393049,0.0,0.0,1606400
hardzero_only__c0p58__z1p00__lam0p000__nu0p50__psi0p00,hardzero_only,0.052,38,502,0.0,2,0.11981781,0.11981781,1.0175436,0.0,0.09604095,0.0,0.0,0.052,-27.76474,2.2386405,0.74621356,0.16000001,0.0,0.15449068,0.0,0.0,1609600
hardzero_only__c0p58__z1p00__lam0p000__nu0p50__psi0p00,hardzero_only,0.052,38,503,0.0,2,0.11981781,0.11981781,1.001158,0.0,0.0997337,0.0,0.0,0.052,-26.482483,2.2025917,0.73419726,0.17600001,0.0,0.16435029,0.0,0.0,1612800
hardzero_only__c0p58__z1p00__lam0p000__nu0p50__psi0p00,hardzero_only,0.052,38,504,0.0,2,0.11981781,0.11981781,1.0117446,0.0,0.09733195,0.0,0.0,0.052,-27.465675,2.2258825,0.7419609,0.128,0.0,0.14679559,0.0,0.0,1616000
hardzero_only__c0p58__z1p00__lam0p000__nu0p50__psi0p00,hardzero_only,0.052,38,505,0.0,2,0.11981781,0.11981781,1.0287474,0.0,0.09359498,0.0,0.0,0.052,-27.679716,2.2632897,0.75442994,0.08800001,0.0,0.17860611,0.0,0.0,1619200
hardzero_only__c0p58__z1p00__lam0p000__nu0p50__psi0p00,hardzero_only,0.052,38,506,0.0,2,0.11981781,0.11981781,1.1072956,0.0,0.07810958,0.0,0.0,0.052,-28.962732,2.436099,0.81203306,0.15200001,0.0,0.17482668,0.0,0.0,1622400
hardzero_only__c0p58__z1p00__lam0p000__nu0p50__psi0p00,hardzero_only,0.052,38,507,0.0,2,0.11981781,0.11981781,1.0720257,0.0,0.084717736,0.0,0.0,0.052,-29.018044,2.3585036,0.78616786,0.14,0.0,0.18875885,0.0,0.0,1625600
hardzero_only__c0p58__z1p00__lam0p000__nu0p50__psi0p00,hardzero_only,0.052,38,508,0.0,2,0.11981781,0.11981781,1.0249956,0.0,0.094407044,0.0,0.0,0.052,-27.253761,2.2550352,0.7516784,0.14400001,0.0,0.18155453,0.0,0.0,1628800
hardzero_only__c0p58__z1p00__lam0p000__nu0p50__psi0p00,hardzero_only,0.052,38,509,0.0,2,0.11981781,0.11981781,1.0313708,0.0,0.093031324,0.0,0.0,0.052,-27.498617,2.269061,0.75635374,0.15200001,0.0,0.17160214,0.0,0.0,1632000
hardzero_only__c0p58__z1p00__lam0p000__nu0p50__psi0p00,hardzero_only,0.052,38,510,0.0,2,0.11981781,0.11981781,1.088622,0.0,0.081541374,0.0,0.0,0.052,-28.242174,2.3950162,0.7983388,0.040000003,0.0,0.20694073,0.0,0.0,1635200
hardzero_only__c0p58__z1p00__lam0p000__nu0p50__psi0p00,hardzero_only,0.052,38,511,0.0,2,0.11981781,0.11981781,1.0803813,0.0,0.08310337,0.0,0.0,0.052,-27.898344,2.3768864,0.79229546,0.112,0.0,0.17268014,0.0,0.0,1638400
hardzero_only__c0p58__z1p00__lam0p000__nu0p50__psi0p00,hardzero_only,0.052,38,512,0.0,2,0.11981781,0.11981781,1.0752897,0.0,0.0840834,0.0,0.0,0.052,-27.733013,2.3656847,0.7885616,0.120000005,0.0,0.1693677,0.0,0.0,1641600
hardzero_only__c0p58__z1p00__lam0p000__nu0p50__psi0p00,hardzero_only,0.052,38,513,0.0,2,0.11981781,0.11981781,1.0252122,0.0,0.094359964,0.0,0.0,0.052,-26.854103,2.2555118,0.75183725,0.120000005,0.0,0.14811635,0.0,0.0,1644800
hardzero_only__c0p58__z1p00__lam0p000__nu0p50__psi0p00,hardzero_only,0.052,38,514,0.0,2,0.11981781,0.11981781,1.0528934,0.0,0.08853328,0.0,0.0,0.052,-27.843893,2.3164117,0.7721373,0.192,0.0,0.17597072,0.0,0.0,1648000
hardzero_only__c0p58__z1p00__lam0p000__nu0p50__psi0p00,hardzero_only,0.052,38,515,0.0,2,0.11981781,0.11981781,1.0315253,0.0,0.09299824,0.0,0.0,0.052,-27.575876,2.2694008,0.756467,0.17600001,0.0,0.19257766,0.0,0.0,1651200
hardzero_only__c0p58__z1p00__lam0p000__nu0p50__psi0p00,hardzero_only,0.052,38,516,0.0,2,0.11981781,0.11981781,1.0281694,0.0,0.09371963,0.0,0.0,0.052,-27.633467,2.2620177,0.7540059,0.128,0.0,0.16080253,0.0,0.0,1654400
hardzero_only__c0p58__z1p00__lam0p000__nu0p50__psi0p00,hardzero_only,0.052,38,517,0.0,2,0.11981781,0.11981781,1.0386474,0.0,0.09148555,0.0,0.0,0.052,-27.532194,2.28507,0.76169,0.096,0.0,0.14771755,0.0,0.0,1657600
hardzero_only__c0p58__z1p00__lam0p000__nu0p50__psi0p00,hardzero_only,0.052,38,518,0.0,2,0.11981781,0.11981781,1.0904546,0.0,0.08119801,0.0,0.0,0.052,-28.40711,2.3990479,0.7996826,0.08800001,0.0,0.1798222,0.0,0.0,1660800
hardzero_only__c0p58__z1p00__lam0p000__nu0p50__psi0p00,hardzero_only,0.052,38,519,0.0,2,0.11981781,0.11981781,1.0900856,0.0,0.08126702,0.0,0.0,0.052,-27.97403,2.3982363,0.79941213,0.15200001,0.0,0.18372941,0.0,0.0,1664000
hardzero_only__c0p58__z1p00__lam0p000__nu0p50__psi0p00,hardzero_only,0.052,38,520,0.0,2,0.11981781,0.11981781,1.0225613,0.0,0.0949377,0.0,0.0,0.052,-27.726616,2.2496798,0.7498933,0.17999999,0.0,0.19787651,0.0,0.0,1667200
hardzero_only__c0p58__z1p00__lam0p000__nu0p50__psi0p00,hardzero_only,0.052,38,521,0.0,2,0.11981781,0.11981781,1.1033579,0.0,0.078821026,0.0,0.0,0.052,-28.786234,2.4274359,0.80914533,0.08800001,0.0,0.1778853,0.0,0.0,1670400
hardzero_only__c0p58__z1p00__lam0p000__nu0p50__psi0p00,hardzero_only,0.052,38,522,0.0,2,0.11981781,0.11981781,1.0245755,0.0,0.0944984,0.0,0.0,0.052,-27.807787,2.254111,0.7513704,0.16000001,0.0,0.18710369,0.0,0.0,1673600
hardzero_only__c0p58__z1p00__lam0p000__nu0p50__psi0p00,hardzero_only,0.052,38,523,0.0,2,0.11981781,0.12502988,0.9989937,0.10023199,0.10023199,1.0,0.0052120634,0.052,-26.01673,2.19783,0.73261,0.192,0.0,0.17513326,0.0,0.0,1676800
hardzero_only__c0p58__z1p00__lam0p000__nu0p50__psi0p00,hardzero_only,0.052,38,524,0.0,2,0.12502988,0.12502988,1.0356613,0.0,0.09211676,0.0,0.0,0.052,-27.413733,2.2785003,0.75950015,0.192,0.0,0.16470455,0.0,0.0,1680000
hardzero_only__c0p58__z1p00__lam0p000__nu0p50__psi0p00,hardzero_only,0.052,38,525,0.0,2,0.12502988,0.13034019,0.9908836,0.102121316,0.102121316,1.0,0.0053103087,0.052,-26.989851,2.1799874,0.7266625,0.17600001,0.0,0.18390064,0.0,0.0,1683200
hardzero_only__c0p58__z1p00__lam0p000__nu0p50__psi0p00,hardzero_only,0.052,38,526,0.0,2,0.13034019,0.13034019,1.03229,0.0,0.09283464,0.0,0.0,0.052,-27.35535,2.2710834,0.7570278,0.16000001,0.0,0.16538158,0.0,0.0,1686400
hardzero_only__c0p58__z1p00__lam0p000__nu0p50__psi0p00,hardzero_only,0.052,38,527,0.0,2,0.13034019,0.13034019,1.0330535,0.0,0.092671566,0.0,0.0,0.052,-27.467075,2.272763,0.7575877,0.2,0.0,0.1425688,0.0,0.0,1689600
hardzero_only__c0p58__z1p00__lam0p000__nu0p50__psi0p00,hardzero_only,0.052,38,528,0.0,2,0.13034019,0.13034019,1.0367687,0.0,0.0918822,0.0,0.0,0.052,-27.330912,2.2809367,0.76031226,0.16000001,0.0,0.18978326,0.0,0.0,1692800
hardzero_only__c0p58__z1p00__lam0p000__nu0p50__psi0p00,hardzero_only,0.052,38,529,0.0,2,0.13034019,0.13034019,1.0407606,0.0,0.09104148,0.0,0.0,0.052,-27.587107,2.289719,0.76323974,0.120000005,0.0,0.13386078,0.0,0.0,1696000
hardzero_only__c0p58__z1p00__lam0p000__nu0p50__psi0p00,hardzero_only,0.052,38,530,0.0,2,0.13034019,0.13034019,1.0076506,0.0,0.098253794,0.0,0.0,0.052,-26.735605,2.2168756,0.73895854,0.16000001,0.008,0.14066242,0.0,0.0,1699200
hardzero_only__c0p58__z1p00__lam0p000__nu0p50__psi0p00,hardzero_only,0.052,38,531,0.0,2,0.13034019,0.13034019,1.0333521,0.0,0.09260786,0.0,0.0,0.052,-27.411537,2.27342,0.7578067,0.136,0.0,0.17138706,0.0,0.0,1702400
hardzero_only__c0p58__z1p00__lam0p000__nu0p50__psi0p00,hardzero_only,0.052,38,532,0.0,2,0.13034019,0.13557853,0.9968095,0.10073734,0.10073734,1.0,0.0052383416,0.052,-26.654476,2.1930246,0.73100823,0.128,0.0,0.17202382,0.0,0.0,1705600
hardzero_only__c0p58__z1p00__lam0p000__nu0p50__psi0p00,hardzero_only,0.052,38,533,0.0,2,0.13557853,0.13557853,1.0689251,0.0,0.08532472,0.0,0.0,0.052,-28.38271,2.3516822,0.78389406,0.099999994,0.0,0.15736504,0.0,0.0,1708800
hardzero_only__c0p58__z1p00__lam0p000__nu0p50__psi0p00,hardzero_only,0.052,38,534,0.0,2,0.13557853,0.13557853,1.0449907,0.0,0.09015906,0.0,0.0,0.052,-27.777653,2.2990253,0.7663418,0.16800001,0.0,0.19074163,0.0,0.0,1712000
hardzero_only__c0p58__z1p00__lam0p000__nu0p50__psi0p00,hardzero_only,0.052,38,535,0.0,2,0.13557853,0.13557853,1.1081287,0.0,0.0779599,0.0,0.0,0.052,-28.737337,2.4379318,0.81264395,0.120000005,0.0,0.17203309,0.0,0.0,1715200
hardzero_only__c0p58__z1p00__lam0p000__nu0p50__psi0p00,hardzero_only,0.052,38,536,0.0,2,0.13557853,0.1408471,0.99431026,0.10131873,0.10131873,1.0,0.005268574,0.052,-25.558912,2.1875262,0.72917545,0.120000005,0.0,0.17124738,0.0,0.0,1718400
hardzero_only__c0p58__z1p00__lam0p000__nu0p50__psi0p00,hardzero_only,0.052,38,537,0.0,2,0.1408471,0.14632413,0.9774583,0.10532748,0.10532748,1.0,0.005477029,0.052,-26.173052,2.1504512,0.7168171,0.208,0.0,0.14488272,0.0,0.0,1721600
hardzero_only__c0p58__z1p00__lam0p000__nu0p50__psi0p00,hardzero_only,0.052,38,538,0.0,2,0.14632413,0.14632413,1.0040617,0.0,0.09906911,0.0,0.0,0.052,-26.98368,2.2089798,0.73632663,0.16000001,0.0,0.17031091,0.0,0.0,1724800
hardzero_only__c0p58__z1p00__lam0p000__nu0p50__psi0p00,hardzero_only,0.052,38,539,0.0,2,0.14632413,0.14632413,1.0428827,0.0,0.09059772,0.0,0.0,0.052,-26.991667,2.2943878,0.76479596,0.136,0.0,0.15876861,0.0,0.0,1728000
hardzero_only__c0p58__z1p00__lam0p000__nu0p50__psi0p00,hardzero_only,0.052,38,540,0.0,2,0.14632413,0.14632413,1.0007972,0.0,0.099816605,0.0,0.0,0.052,-26.923035,2.2017977,0.7339326,0.14400001,0.0,0.15295085,0.0,0.0,1731200
hardzero_only__c0p58__z1p00__lam0p000__nu0p50__psi0p00,hardzero_only,0.052,38,541,0.0,2,0.14632413,0.14632413,1.0088745,0.0,0.097977296,0.0,0.0,0.052,-26.865421,2.2195683,0.7398561,0.14400001,0.0,0.16502124,0.0,0.0,1734400
hardzero_only__c0p58__z1p00__lam0p000__nu0p50__psi0p00,hardzero_only,0.052,38,542,0.0,2,0.14632413,0.14632413,1.0473938,0.0,0.089661546,0.0,0.0,0.052,-27.28952,2.3043125,0.7681042,0.18400002,0.0,0.16623837,0.0,0.0,1737600
hardzero_only__c0p58__z1p00__lam0p000__nu0p50__psi0p00,hardzero_only,0.052,38,543,0.0,2,0.14632413,0.14632413,1.0509436,0.0,0.088931665,0.0,0.0,0.052,-28.15338,2.312122,0.77070737,0.192,0.0,0.17809278,0.0,0.0,1740800
hardzero_only__c0p58__z1p00__lam0p000__nu0p50__psi0p00,hardzero_only,0.052,38,544,0.0,2,0.14632413,0.14632413,1.0201263,0.0,0.09547148,0.0,0.0,0.052,-27.323204,2.2443228,0.7481076,0.128,0.0,0.15560149,0.0,0.0,1744000
hardzero_only__c0p58__z1p00__lam0p000__nu0p50__psi0p00,hardzero_only,0.052,38,545,0.0,2,0.14632413,0.14632413,1.086339,0.0,0.08197114,0.0,0.0,0.052,-28.388266,2.3899934,0.7966645,0.104,0.0,0.17596337,0.0,0.0,1747200
hardzero_only__c0p58__z1p00__lam0p000__nu0p50__psi0p00,hardzero_only,0.052,38,546,0.0,2,0.14632413,0.14632413,1.0373614,0.0,0.091756865,0.0,0.0,0.052,-27.234505,2.2822406,0.7607469,0.12,0.0,0.18603262,0.0,0.0,1750400
hardzero_only__c0p58__z1p00__lam0p000__nu0p50__psi0p00,hardzero_only,0.052,38,547,0.0,2,0.14632413,0.14632413,1.0631963,0.0,0.08645769,0.0,0.0,0.052,-28.42875,2.3390787,0.7796929,0.192,0.0,0.16736272,0.0,0.0,1753600
hardzero_only__c0p58__z1p00__lam0p000__nu0p50__psi0p00,hardzero_only,0.052,38,548,0.0,2,0.14632413,0.14632413,1.046381,0.0,0.08987088,0.0,0.0,0.052,-27.530474,2.3020842,0.7673614,0.112,0.008,0.1608297,0.0,0.0,1756800
hardzero_only__c0p58__z1p00__lam0p000__nu0p50__psi0p00,hardzero_only,0.052,38,549,0.0,2,0.14632413,0.14632413,1.0397198,0.0,0.09125993,0.0,0.0,0.052,-27.343805,2.2874293,0.76247644,0.16800001,0.0,0.15927468,0.0,0.0,1760000
hardzero_only__c0p58__z1p00__lam0p000__nu0p50__psi0p00,hardzero_only,0.052,38,550,0.0,2,0.14632413,0.14632413,1.0243492,0.0,0.09454767,0.0,0.0,0.052,-26.509033,2.2536132,0.75120443,0.14400001,0.0,0.16265942,0.0,0.0,1763200
hardzero_only__c0p58__z1p00__lam0p000__nu0p50__psi0p00,hardzero_only,0.052,38,551,0.0,2,0.14632413,0.14632413,1.0033425,0.0,0.09923331,0.0,0.0,0.052,-27.000502,2.2073977,0.73579925,0.112,0.0,0.1480023,0.0,0.0,1766400
hardzero_only__c0p58__z1p00__lam0p000__nu0p50__psi0p00,hardzero_only,0.052,38,552,0.0,2,0.14632413,0.14632413,1.073547,0.0,0.084421486,0.0,0.0,0.052,-28.348614,2.3618505,0.78728354,0.18400002,0.0,0.1804641,0.0,0.0,1769600
hardzero_only__c0p58__z1p00__lam0p000__nu0p50__psi0p00,hardzero_only,0.052,38,553,0.0,2,0.14632413,0.14632413,1.0630972,0.0,0.08647742,0.0,0.0,0.052,-27.990137,2.3388605,0.7796202,0.08800001,0.0,0.14742355,0.0,0.0,1772800
hardzero_only__c0p58__z1p00__lam0p000__nu0p50__psi0p00,hardzero_only,0.052,38,554,0.0,2,0.14632413,0.14632413,1.063675,0.0,0.08636245,0.0,0.0,0.052,-28.59024,2.3401318,0.78004396,0.104,0.0,0.20515081,0.0,0.0,1776000
hardzero_only__c0p58__z1p00__lam0p000__nu0p50__psi0p00,hardzero_only,0.052,38,555,0.0,2,0.14632413,0.14632413,1.043082,0.0,0.09055615,0.0,0.0,0.052,-26.801676,2.2948263,0.7649421,0.096,0.0,0.163128,0.0,0.0,1779200
hardzero_only__c0p58__z1p00__lam0p000__nu0p50__psi0p00,hardzero_only,0.052,38,556,0.0,2,0.14632413,0.15154816,0.997997,0.10046229,0.10046229,1.0,0.005224039,0.052,-26.377625,2.1956372,0.7318791,0.2,0.0,0.15865985,0.0,0.0,1782400
hardzero_only__c0p58__z1p00__lam0p000__nu0p50__psi0p00,hardzero_only,0.052,38,557,0.0,2,0.15154816,0.15703522,0.97666425,0.10552024,0.10552024,1.0,0.0054870527,0.052,-27.265112,2.1487043,0.7162348,0.208,0.0,0.17531411,0.0,0.0,1785600
hardzero_only__c0p58__z1p00__lam0p000__nu0p50__psi0p00,hardzero_only,0.052,38,558,0.0,2,0.15703522,0.15703522,1.0156548,0.0,0.096459545,0.0,0.0,0.052,-27.238016,2.2344851,0.7448284,0.192,0.0,0.15588696,0.0,0.0,1788800
hardzero_only__c0p58__z1p00__lam0p000__nu0p50__psi0p00,hardzero_only,0.052,38,559,0.0,2,0.15703522,0.15703522,1.0610496,0.0,0.08688612,0.0,0.0,0.052,-27.151606,2.3343556,0.77811855,0.13,0.0,0.18655682,0.0,0.0,1792000
hardzero_only__c0p58__z1p00__lam0p000__nu0p50__psi0p00,hardzero_only,0.052,38,560,0.0,2,0.15703522,0.15703522,1.0405552,0.0,0.091084555,0.0,0.0,0.052,-28.022406,2.2892673,0.7630891,0.192,0.0,0.20503372,0.0,0.0,1795200
hardzero_only__c0p58__z1p00__lam0p000__nu0p50__psi0p00,hardzero_only,0.052,38,561,0.0,2,0.15703522,0.15703522,1.0477319,0.0,0.08959178,0.0,0.0,0.052,-27.331915,2.305056,0.76835203,0.128,0.0,0.15102598,0.0,0.0,1798400
hardzero_only__c0p58__z1p00__lam0p000__nu0p50__psi0p00,hardzero_only,0.052,38,562,0.0,2,0.15703522,0.15703522,1.0628996,0.0,0.08651679,0.0,0.0,0.052,-28.379686,2.3384259,0.77947533,0.16000001,0.0,0.18291731,0.0,0.0,1801600
hardzero_only__c0p58__z1p00__lam0p000__nu0p50__psi0p00,hardzero_only,0.052,38,563,0.0,2,0.15703522,0.15703522,1.0512381,0.0,0.08887138,0.0,0.0,0.052,-28.768427,2.31277,0.7709233,0.192,0.0,0.1949069,0.0,0.0,1804800
hardzero_only__c0p58__z1p00__lam0p000__nu0p50__psi0p00,hardzero_only,0.052,38,564,0.0,2,0.15703522,0.15703522,1.0045605,0.0,0.09895541,0.0,0.0,0.052,-26.92173,2.210077,0.73669237,0.17600001,0.0,0.179555,0.0,0.0,1808000
hardzero_only__c0p58__z1p00__lam0p000__nu0p50__psi0p00,hardzero_only,0.052,38,565,0.0,2,0.15703522,0.15703522,1.0825592,0.0,0.08268766,0.0,0.0,0.052,-28.18124,2.3816779,0.7938926,0.08800001,0.0,0.19780535,0.0,0.0,1811200
hardzero_only__c0p58__z1p00__lam0p000__nu0p50__psi0p00,hardzero_only,0.052,38,566,0.0,2,0.15703522,0.15703522,1.0133547,0.0,0.09697177,0.0,0.0,0.052,-26.72293,2.2294247,0.7431416,0.136,0.0,0.15373549,0.0,0.0,1814400
hardzero_only__c0p58__z1p00__lam0p000__nu0p50__psi0p00,hardzero_only,0.052,38,567,0.0,2,0.15703522,0.15703522,1.0636423,0.0,0.086368956,0.0,0.0,0.052,-27.874712,2.3400598,0.78001994,0.136,0.0,0.1563718,0.0,0.0,1817600
hardzero_only__c0p58__z1p00__lam0p000__nu0p50__psi0p00,hardzero_only,0.052,38,568,0.0,2,0.15703522,0.15703522,1.0568807,0.0,0.08772417,0.0,0.0,0.052,-27.712868,2.325184,0.77506137,0.136,0.0,0.1800823,0.0,0.0,1820800
hardzero_only__c0p58__z1p00__lam0p000__nu0p50__psi0p00,hardzero_only,0.052,38,569,0.0,2,0.15703522,0.15703522,1.0443256,0.0,0.09029722,0.0,0.0,0.052,-27.93787,2.2975621,0.76585406,0.136,0.0,0.15264092,0.0,0.0,1824000
hardzero_only__c0p58__z1p00__lam0p000__nu0p50__psi0p00,hardzero_only,0.052,38,570,0.0,2,0.15703522,0.15703522,1.0137175,0.0,0.096890785,0.0,0.0,0.052,-25.937084,2.2302232,0.7434077,0.18400002,0.0,0.15783788,0.0,0.0,1827200
hardzero_only__c0p58__z1p00__lam0p000__nu0p50__psi0p00,hardzero_only,0.052,38,571,0.0,2,0.15703522,0.16276492,0.95787096,0.110186644,0.110186644,1.0,0.0057297056,0.052,-25.570696,2.1073582,0.7024528,0.24800001,0.0,0.14826098,0.0,0.0,1830400
hardzero_only__c0p58__z1p00__lam0p000__nu0p50__psi0p00,hardzero_only,0.052,38,572,0.0,2,0.16276492,0.16276492,1.0168251,0.0,0.096199974,0.0,0.0,0.052,-27.482635,2.2370598,0.74568665,0.14,0.0,0.2038807,0.0,0.0,1833600
hardzero_only__c0p58__z1p00__lam0p000__nu0p50__psi0p00,hardzero_only,0.052,38,573,0.0,2,0.16276492,0.16276492,1.0320877,0.0,0.09287787,0.0,0.0,0.052,-27.024822,2.2706382,0.75687945,0.16800001,0.0,0.15478015,0.0,0.0,1836800
hardzero_only__c0p58__z1p00__lam0p000__nu0p50__psi0p00,hardzero_only,0.052,38,574,0.0,2,0.16276492,0.16276492,1.0008755,0.0,0.09979862,0.0,0.0,0.052,-27.540466,2.20197,0.7339901,0.24000001,0.008,0.18878011,0.0,0.0,1840000
hardzero_only__c0p58__z1p00__lam0p000__nu0p50__psi0p00,hardzero_only,0.052,38,575,0.0,2,0.16276492,0.16276492,1.0575831,0.0,0.0875824,0.0,0.0,0.052,-27.616226,2.3267293,0.7755765,0.136,0.0,0.16897473,0.0,0.0,1843200
hardzero_only__c0p58__z1p00__lam0p000__nu0p50__psi0p00,hardzero_only,0.052,38,576,0.0,2,0.16276492,0.1680658,0.9916554,0.10193998,0.10193998,1.0,0.0053008795,0.052,-26.318521,2.1816854,0.7272285,0.18400002,0.0,0.1662737,0.0,0.0,1846400
hardzero_only__c0p58__z1p00__lam0p000__nu0p50__psi0p00,hardzero_only,0.052,38,577,0.0,2,0.1680658,0.1680658,1.0470797,0.0,0.089726426,0.0,0.0,0.052,-28.636484,2.3036213,0.76787376,0.2,0.0,0.16503276,0.0,0.0,1849600
hardzero_only__c0p58__z1p00__lam0p000__nu0p50__psi0p00,hardzero_only,0.052,38,578,0.0,2,0.1680658,0.1680658,1.0603133,0.0,0.08703353,0.0,0.0,0.052,-27.971891,2.332736,0.7775787,0.16000001,0.0,0.19727696,0.0,0.0,1852800
hardzero_only__c0p58__z1p00__lam0p000__nu0p50__psi0p00,hardzero_only,0.052,38,579,0.0,2,0.1680658,0.17337462,0.9910053,0.10209269,0.10209269,1.0,0.00530882,0.052,-25.856102,2.1802552,0.72675174,0.15200001,0.0,0.16642594,0.0,0.0,1856000
hardzero_only__c0p58__z1p00__lam0p000__nu0p50__psi0p00,hardzero_only,0.052,38,580,0.0,2,0.17337462,0.17337462,1.0024239,0.0,0.09944344,0.0,0.0,0.052,-27.240522,2.2053766,0.73512554,0.2,0.0,0.15597372,0.0,0.0,1859200
hardzero_only__c0p58__z1p00__lam0p000__nu0p50__psi0p00,hardzero_only,0.052,38,581,0.0,2,0.17337462,0.17337462,1.0760292,0.0,0.08394036,0.0,0.0,0.052,-27.954613,2.3673115,0.78910387,0.120000005,0.0,0.17995581,0.0,0.0,1862400
hardzero_only__c0p58__z1p00__lam0p000__nu0p50__psi0p00,hardzero_only,0.052,38,582,0.0,2,0.17337462,0.17337462,1.0110949,0.0,0.097477645,0.0,0.0,0.052,-26.479282,2.2244532,0.7414844,0.16800001,0.0,0.15167189,0.0,0.0,1865600
hardzero_only__c0p58__z1p00__lam0p000__nu0p50__psi0p00,hardzero_only,0.052,38,583,0.0,2,0.17337462,0.17891777,0.97224677,0.106599025,0.106599025,1.0,0.0055431495,0.052,-25.904724,2.1389856,0.71299523,0.16000001,0.0,0.12715155,0.0,0.0,1868800
hardzero_only__c0p58__z1p00__lam0p000__nu0p50__psi0p00,hardzero_only,0.052,38,584,0.0,2,0.17891777,0.17891777,1.0264167,0.0,0.09409864,0.0,0.0,0.052,-27.35923,2.2581618,0.7527206,0.15200001,0.0,0.18072304,0.0,0.0,1872000
hardzero_only__c0p58__z1p00__lam0p000__nu0p50__psi0p00,hardzero_only,0.052,38,585,0.0,2,0.17891777,0.17891777,1.0141618,0.0,0.096791714,0.0,0.0,0.052,-27.733246,2.2312007,0.7437336,0.099999994,0.0,0.16296256,0.0,0.0,1875200
hardzero_only__c0p58__z1p00__lam0p000__nu0p50__psi0p00,hardzero_only,0.052,38,586,0.0,2,0.17891777,0.17891777,1.0295018,0.0,0.09343254,0.0,0.0,0.052,-26.995392,2.264949,0.75498307,0.192,0.0,0.15716848,0.0,0.0,1878400
hardzero_only__c0p58__z1p00__lam0p000__nu0p50__psi0p00,hardzero_only,0.052,38,587,0.0,2,0.17891777,0.1841541,0.996976,0.100698724,0.100698724,1.0,0.0052363337,0.052,-27.277592,2.193391,0.73113036,0.16800001,0.0,0.1761407,0.0,0.0,1881600
hardzero_only__c0p58__z1p00__lam0p000__nu0p50__psi0p00,hardzero_only,0.052,38,588,0.0,2,0.1841541,0.1841541,1.0144292,0.0,0.096732125,0.0,0.0,0.052,-26.97247,2.2317889,0.7439296,0.112,0.0,0.16843288,0.0,0.0,1884800
hardzero_only__c0p58__z1p00__lam0p000__nu0p50__psi0p00,hardzero_only,0.052,38,589,0.0,2,0.1841541,0.1841541,1.0147675,0.0,0.09665681,0.0,0.0,0.052,-26.109966,2.2325332,0.74417776,0.16800001,0.0,0.16052037,0.0,0.0,1888000
hardzero_only__c0p58__z1p00__lam0p000__nu0p50__psi0p00,hardzero_only,0.052,38,590,0.0,2,0.1841541,0.1841541,1.0345387,0.0,0.092355184,0.0,0.0,0.052,-28.688643,2.2760308,0.75867695,0.16000001,0.0,0.17815718,0.0,0.0,1891200
hardzero_only__c0p58__z1p00__lam0p000__nu0p50__psi0p00,hardzero_only,0.052,38,591,0.0,2,0.1841541,0.1841541,1.0719811,0.0,0.084726416,0.0,0.0,0.052,-28.537947,2.3584054,0.78613514,0.14400001,0.0,0.18043701,0.0,0.0,1894400
hardzero_only__c0p58__z1p00__lam0p000__nu0p50__psi0p00,hardzero_only,0.052,38,592,0.0,2,0.1841541,0.1841541,1.0582402,0.0,0.08744999,0.0,0.0,0.052,-27.93142,2.3281748,0.7760583,0.120000005,0.0,0.16940749,0.0,0.0,1897600
hardzero_only__c0p58__z1p00__lam0p000__nu0p50__psi0p00,hardzero_only,0.052,38,593,0.0,2,0.1841541,0.1841541,1.066757,0.0,0.08575174,0.0,0.0,0.052,-27.893505,2.3469121,0.78230405,0.15200001,0.0,0.17348434,0.0,0.0,1900800
hardzero_only__c0p58__z1p00__lam0p000__nu0p50__psi0p00,hardzero_only,0.052,38,594,0.0,2,0.1841541,0.1841541,1.0710357,0.0,0.08491105,0.0,0.0,0.052,-27.958603,2.3563256,0.7854419,0.128,0.0,0.18593466,0.0,0.0,1904000
hardzero_only__c0p58__z1p00__lam0p000__nu0p50__psi0p00,hardzero_only,0.052,38,595,0.0,2,0.1841541,0.1841541,1.0107282,0.0,0.09755997,0.0,0.0,0.052,-27.045473,2.2236466,0.7412156,0.14400001,0.0,0.1746868,0.0,0.0,1907200
hardzero_only__c0p58__z1p00__lam0p000__nu0p50__psi0p00,hardzero_only,0.052,38,596,0.0,2,0.1841541,0.1841541,1.0506063,0.0,0.08900077,0.0,0.0,0.052,-27.916302,2.31138,0.77046,0.208,0.0,0.16799118,0.0,0.0,1910400
hardzero_only__c0p58__z1p00__lam0p000__nu0p50__psi0p00,hardzero_only,0.052,38,597,0.0,2,0.1841541,0.1841541,1.0492636,0.0,0.08927634,0.0,0.0,0.052,-27.858736,2.308426,0.76947534,0.128,0.0,0.18612427,0.0,0.0,1913600
hardzero_only__c0p58__z1p00__lam0p000__nu0p50__psi0p00,hardzero_only,0.052,38,598,0.0,2,0.1841541,0.1841541,1.0132642,0.0,0.09699197,0.0,0.0,0.052,-26.777006,2.2292256,0.74307525,0.099999994,0.0,0.13785264,0.0,0.0,1916800
hardzero_only__c0p58__z1p00__lam0p000__nu0p50__psi0p00,hardzero_only,0.052,38,599,0.0,2,0.1841541,0.1841541,1.0175935,0.0,0.096029885,0.0,0.0,0.052,-27.260775,2.2387505,0.74625015,0.216,0.0,0.15204944,0.0,0.0,1920000
hardzero_only__c0p58__z1p00__lam0p000__nu0p50__psi0p00,hardzero_only,0.052,38,600,0.0,2,0.1841541,0.1841541,1.0359156,0.0,0.09206284,0.0,0.0,0.052,-27.449717,2.27906,0.75968665,0.208,0.0,0.16261718,0.0,0.0,1923200
hardzero_only__c0p58__z1p00__lam0p000__nu0p50__psi0p00,hardzero_only,0.052,38,601,0.0,2,0.1841541,0.1841541,1.045454,0.0,0.09006291,0.0,0.0,0.052,-28.554535,2.3000448,0.7666816,0.18400002,0.0,0.17243773,0.0,0.0,1926400
hardzero_only__c0p58__z1p00__lam0p000__nu0p50__psi0p00,hardzero_only,0.052,38,602,0.0,2,0.1841541,0.18970577,0.971579,0.10676306,0.10676306,1.0,0.005551679,0.052,-26.561993,2.1375165,0.7125055,0.18400002,0.0,0.14116332,0.0,0.0,1929600
hardzero_only__c0p58__z1p00__lam0p000__nu0p50__psi0p00,hardzero_only,0.052,38,603,0.0,2,0.18970577,0.18970577,1.0298302,0.0,0.09336191,0.0,0.0,0.052,-26.781666,2.2656717,0.75522393,0.15200001,0.0,0.16611977,0.0,0.0,1932800
hardzero_only__c0p58__z1p00__lam0p000__nu0p50__psi0p00,hardzero_only,0.052,38,604,0.0,2,0.18970577,0.18970577,1.0449017,0.0,0.09017752,0.0,0.0,0.052,-27.891209,2.2988298,0.7662766,0.18400002,0.0,0.16026485,0.0,0.0,1936000
hardzero_only__c0p58__z1p00__lam0p000__nu0p50__psi0p00,hardzero_only,0.052,38,605,0.0,2,0.18970577,0.18970577,1.0099652,0.0,0.09773155,0.0,0.0,0.052,-27.746351,2.2219677,0.7406559,0.14400001,0.0,0.15011528,0.0,0.0,1939200
hardzero_only__c0p58__z1p00__lam0p000__nu0p50__psi0p00,hardzero_only,0.052,38,606,0.0,2,0.18970577,0.18970577,1.045906,0.0,0.08996924,0.0,0.0,0.052,-27.121458,2.301039,0.767013,0.16800001,0.0,0.1514344,0.0,0.0,1942400
hardzero_only__c0p58__z1p00__lam0p000__nu0p50__psi0p00,hardzero_only,0.052,38,607,0.0,2,0.18970577,0.18970577,1.0559999,0.0,0.08790228,0.0,0.0,0.052,-27.40436,2.323246,0.7744154,0.104,0.0,0.1768888,0.0,0.0,1945600
hardzero_only__c0p58__z1p00__lam0p000__nu0p50__psi0p00,hardzero_only,0.052,38,608,0.0,2,0.18970577,0.19494063,0.9970984,0.10067035,0.10067035,1.0,0.0052348585,0.052,-25.988945,2.1936603,0.7312201,0.192,0.0,0.17557174,0.0,0.0,1948800
hardzero_only__c0p58__z1p00__lam0p000__nu0p50__psi0p00,hardzero_only,0.052,38,609,0.0,2,0.19494063,0.19494063,1.0144242,0.0,0.09673325,0.0,0.0,0.052,-26.66413,2.231778,0.743926,0.15200001,0.0,0.14046434,0.0,0.0,1952000
hardzero_only__c0p58__z1p00__lam0p000__nu0p50__psi0p00,hardzero_only,0.052,38,610,0.0,2,0.19494063,0.19494063,1.0395699,0.0,0.09129146,0.0,0.0,0.052,-27.40296,2.2870994,0.7623665,0.08800001,0.0,0.17207031,0.0,0.0,1955200
hardzero_only__c0p58__z1p00__lam0p000__nu0p50__psi0p00,hardzero_only,0.052,38,611,0.0,2,0.19494063,0.19494063,1.0283337,0.0,0.0936842,0.0,0.0,0.052,-27.256575,2.2623792,0.7541264,0.22999999,0.0,0.16664757,0.0,0.0,1958400
hardzero_only__c0p58__z1p00__lam0p000__nu0p50__psi0p00,hardzero_only,0.052,38,612,0.0,2,0.19494063,0.20018362,0.9964247,0.10082665,0.10082665,1.0,0.005242986,0.052,-26.453703,2.192178,0.730726,0.112,0.0,0.14961557,0.0,0.0,1961600
hardzero_only__c0p58__z1p00__lam0p000__nu0p50__psi0p00,hardzero_only,0.052,38,613,0.0,2,0.20018362,0.20018362,1.0515411,0.0,0.08880938,0.0,0.0,0.052,-27.24541,2.3134365,0.7711455,0.14400001,0.0,0.15438941,0.0,0.0,1964800
hardzero_only__c0p58__z1p00__lam0p000__nu0p50__psi0p00,hardzero_only,0.052,38,614,0.0,2,0.20018362,0.20018362,1.0258104,0.0,0.094230086,0.0,0.0,0.052,-27.660286,2.2568278,0.75227594,0.216,0.0,0.17825922,0.0,0.0,1968000
hardzero_only__c0p58__z1p00__lam0p000__nu0p50__psi0p00,hardzero_only,0.052,38,615,0.0,2,0.20018362,0.20018362,1.0341308,0.0,0.09244195,0.0,0.0,0.052,-27.590565,2.2751331,0.75837773,0.14400001,0.0,0.15828955,0.0,0.0,1971200
hardzero_only__c0p58__z1p00__lam0p000__nu0p50__psi0p00,hardzero_only,0.052,38,616,0.0,2,0.20018362,0.20018362,1.0277475,0.0,0.09381073,0.0,0.0,0.052,-27.884235,2.2610898,0.7536966,0.24000001,0.0,0.18077426,0.0,0.0,1974400
hardzero_only__c0p58__z1p00__lam0p000__nu0p50__psi0p00,hardzero_only,0.052,38,617,0.0,2,0.20018362,0.20018362,1.0227131,0.0,0.09490452,0.0,0.0,0.052,-27.106964,2.2500136,0.75000453,0.15200001,0.0,0.14796124,0.0,0.0,1977600
hardzero_only__c0p58__z1p00__lam0p000__nu0p50__psi0p00,hardzero_only,0.052,38,618,0.0,2,0.20018362,0.20018362,1.0322824,0.0,0.09283625,0.0,0.0,0.052,-27.335554,2.2710664,0.75702214,0.136,0.0,0.14794734,0.0,0.0,1980800
hardzero_only__c0p58__z1p00__lam0p000__nu0p50__psi0p00,hardzero_only,0.052,38,619,0.0,2,0.20018362,0.20018362,1.0325192,0.0,0.09278564,0.0,0.0,0.052,-27.469147,2.2715876,0.7571959,0.16800001,0.0,0.15887882,0.0,0.0,1984000
hardzero_only__c0p58__z1p00__lam0p000__nu0p50__psi0p00,hardzero_only,0.052,38,620,0.0,2,0.20018362,0.20625201,0.9329291,0.11669999,0.11669999,1.0,0.0060683996,0.052,-25.889158,2.052485,0.68416166,0.16800001,0.0,0.13075936,0.0,0.0,1987200
hardzero_only__c0p58__z1p00__lam0p000__nu0p50__psi0p00,hardzero_only,0.052,38,621,0.0,2,0.20625201,0.20625201,1.0269004,0.0,0.09399389,0.0,0.0,0.052,-27.131731,2.259226,0.75307536,0.16800001,0.0,0.17129639,0.0,0.0,1990400
hardzero_only__c0p58__z1p00__lam0p000__nu0p50__psi0p00,hardzero_only,0.052,38,622,0.0,2,0.20625201,0.20625201,1.0347128,0.0,0.09231817,0.0,0.0,0.052,-27.996233,2.2764137,0.75880456,0.18400002,0.0,0.17770684,0.0,0.0,1993600
hardzero_only__c0p58__z1p00__lam0p000__nu0p50__psi0p00,hardzero_only,0.052,38,623,0.0,2,0.20625201,0.20625201,1.0276362,0.0,0.09383477,0.0,0.0,0.052,-27.663841,2.2608447,0.7536149,0.136,0.0,0.14959379,0.0,0.0,1996800
hardzero_only__c0p58__z1p00__lam0p000__nu0p50__psi0p00,hardzero_only,0.052,38,624,0.0,2,0.20625201,0.20625201,1.0577675,0.0,0.08754522,0.0,0.0,0.052,-27.389032,2.327135,0.7757117,0.11,0.0,0.16278803,0.0,0.0,2000000
hardzero_only__c0p58__z1p00__lam0p000__nu0p50__psi0p00,hardzero_only,0.052,38,625,0.0,2,0.20625201,0.20625201,1.0011133,0.0,0.09974398,0.0,0.0,0.052,-26.608059,2.2024932,0.7341644,0.16000001,0.0,0.15449013,0.0,0.0,2003200
hardzero_only__c0p58__z1p00__lam0p000__nu0p50__psi0p00,hardzero_only,0.052,38,626,0.0,2,0.20625201,0.20625201,1.0415014,0.0,0.090886325,0.0,0.0,0.052,-27.135202,2.291349,0.763783,0.14400001,0.0,0.17772587,0.0,0.0,2006400
hardzero_only__c0p58__z1p00__lam0p000__nu0p50__psi0p00,hardzero_only,0.052,38,627,0.0,2,0.20625201,0.20625201,1.020229,0.0,0.095448926,0.0,0.0,0.052,-27.034643,2.2445486,0.7481829,0.096,0.0,0.16748773,0.0,0.0,2009600
hardzero_only__c0p58__z1p00__lam0p000__nu0p50__psi0p00,hardzero_only,0.052,38,628,0.0,2,0.20625201,0.20625201,1.0788383,0.0,0.08339916,0.0,0.0,0.052,-27.886013,2.3734918,0.7911639,0.16000001,0.0,0.21109451,0.0,0.0,2012800
hardzero_only__c0p58__z1p00__lam0p000__nu0p50__psi0p00,hardzero_only,0.052,38,629,0.0,2,0.20625201,0.20625201,1.0448301,0.0,0.0901924,0.0,0.0,0.052,-27.296072,2.298672,0.766224,0.192,0.0,0.17518035,0.0,0.0,2016000
hardzero_only__c0p58__z1p00__lam0p000__nu0p50__psi0p00,hardzero_only,0.052,38,630,0.0,2,0.20625201,0.20625201,1.0301421,0.0,0.09329491,0.0,0.0,0.052,-27.017775,2.266358,0.75545263,0.128,0.0,0.18078765,0.0,0.0,2019200
hardzero_only__c0p58__z1p00__lam0p000__nu0p50__psi0p00,hardzero_only,0.052,38,631,0.0,2,0.20625201,0.20625201,1.0894451,0.0,0.08138696,0.0,0.0,0.052,-28.402225,2.3968272,0.79894245,0.14400001,0.0,0.18354285,0.0,0.0,2022400
hardzero_only__c0p58__z1p00__lam0p000__nu0p50__psi0p00,hardzero_only,0.052,38,632,0.0,2,0.20625201,0.20625201,1.0463474,0.0,0.08987784,0.0,0.0,0.052,-27.304056,2.3020103,0.7673368,0.16000001,0.0,0.1562364,0.0,0.0,2025600
hardzero_only__c0p58__z1p00__lam0p000__nu0p50__psi0p00,hardzero_only,0.052,38,633,0.0,2,0.20625201,0.20625201,1.0128423,0.0,0.09708623,0.0,0.0,0.052,-26.473549,2.2282975,0.74276584,0.16000001,0.0,0.15372577,0.0,0.0,2028800
hardzero_only__c0p58__z1p00__lam0p000__nu0p50__psi0p00,hardzero_only,0.052,38,634,0.0,2,0.20625201,0.20625201,1.046143,0.0,0.089920126,0.0,0.0,0.052,-26.713821,2.3015606,0.7671869,0.096,0.0,0.15200011,0.0,0.0,2032000
hardzero_only__c0p58__z1p00__lam0p000__nu0p50__psi0p00,hardzero_only,0.052,38,635,0.0,2,0.20625201,0.20625201,1.0289707,0.0,0.09354687,0.0,0.0,0.052,-27.468515,2.2637808,0.7545936,0.14400001,0.0,0.15463462,0.0,0.0,2035200
hardzero_only__c0p58__z1p00__lam0p000__nu0p50__psi0p00,hardzero_only,0.052,38,636,0.0,2,0.20625201,0.20625201,1.0075353,0.0,0.09827989,0.0,0.0,0.052,-27.1441,2.2166219,0.73887396,0.192,0.0,0.16718042,0.0,0.0,2038400
hardzero_only__c0p58__z1p00__lam0p000__nu0p50__psi0p00,hardzero_only,0.052,38,637,0.0,2,0.20625201,0.20625201,1.039672,0.0,0.091269985,0.0,0.0,0.052,-27.027775,2.2873242,0.7624414,0.089999996,0.0,0.14953393,0.0,0.0,2041600
hardzero_only__c0p58__z1p00__lam0p000__nu0p50__psi0p00,hardzero_only,0.052,38,638,0.0,2,0.20625201,0.20625201,1.0590214,0.0,0.08729284,0.0,0.0,0.052,-27.67801,2.3298936,0.77663124,0.18400002,0.0,0.17619805,0.0,0.0,2044800
hardzero_only__c0p58__z1p00__lam0p000__nu0p50__psi0p00,hardzero_only,0.052,38,639,0.0,2,0.20625201,0.20625201,1.0624875,0.0,0.086598925,0.0,0.0,0.052,-27.84075,2.3375192,0.7791731,0.16800001,0.0,0.17547192,0.0,0.0,2048000
hardzero_only__c0p58__z1p00__lam0p000__nu0p50__psi0p00,hardzero_only,0.052,38,640,0.0,2,0.20625201,0.20625201,1.0598055,0.0,0.087135375,0.0,0.0,0.052,-26.088326,2.3316188,0.7772063,0.104,0.0,0.16190183,0.0,0.0,2051200
hardzero_only__c0p58__z1p00__lam0p000__nu0p50__psi0p00,hardzero_only,0.052,38,641,0.0,2,0.20625201,0.20625201,1.0453812,0.0,0.09007801,0.0,0.0,0.052,-26.806484,2.2998846,0.7666282,0.104,0.0,0.15559512,0.0,0.0,2054400
hardzero_only__c0p58__z1p00__lam0p000__nu0p50__psi0p00,hardzero_only,0.052,38,642,0.0,2,0.20625201,0.20625201,1.0453598,0.0,0.09008244,0.0,0.0,0.052,-27.17311,2.2998376,0.7666125,0.16000001,0.0,0.16934164,0.0,0.0,2057600
hardzero_only__c0p58__z1p00__lam0p000__nu0p50__psi0p00,hardzero_only,0.052,38,643,0.0,2,0.20625201,0.20625201,1.0226924,0.0,0.09490902,0.0,0.0,0.052,-26.85865,2.2499683,0.74998945,0.18400002,0.0,0.16889063,0.0,0.0,2060800
hardzero_only__c0p58__z1p00__lam0p000__nu0p50__psi0p00,hardzero_only,0.052,38,644,0.0,2,0.20625201,0.20625201,1.0383205,0.0,0.09155445,0.0,0.0,0.052,-27.778042,2.2843509,0.7614503,0.136,0.0,0.15495835,0.0,0.0,2064000
hardzero_only__c0p58__z1p00__lam0p000__nu0p50__psi0p00,hardzero_only,0.052,38,645,0.0,2,0.20625201,0.20625201,1.0530442,0.0,0.088502556,0.0,0.0,0.052,-27.779621,2.3167436,0.7722479,0.120000005,0.0,0.17278346,0.0,0.0,2067200
hardzero_only__c0p58__z1p00__lam0p000__nu0p50__psi0p00,hardzero_only,0.052,38,646,0.0,2,0.20625201,0.20625201,1.0852832,0.0,0.082170665,0.0,0.0,0.052,-28.135931,2.3876705,0.7958902,0.120000005,0.0,0.18995741,0.0,0.0,2070400
hardzero_only__c0p58__z1p00__lam0p000__nu0p50__psi0p00,hardzero_only,0.052,38,647,0.0,2,0.20625201,0.20625201,1.0423987,0.0,0.09069874,0.0,0.0,0.052,-27.573486,2.2933228,0.76444095,0.17600001,0.0,0.1851614,0.0,0.0,2073600
hardzero_only__c0p58__z1p00__lam0p000__nu0p50__psi0p00,hardzero_only,0.052,38,648,0.0,2,0.20625201,0.20625201,1.0109776,0.0,0.09750398,0.0,0.0,0.052,-26.396006,2.2241952,0.74139845,0.128,0.0,0.16225135,0.0,0.0,2076800
hardzero_only__c0p58__z1p00__lam0p000__nu0p50__psi0p00,hardzero_only,0.052,38,649,0.0,2,0.20625201,0.20625201,1.0038881,0.0,0.0991087,0.0,0.0,0.052,-26.696733,2.208598,0.7361993,0.16000001,0.0,0.16304292,0.0,0.0,2080000
hardzero_only__c0p58__z1p00__lam0p000__nu0p50__psi0p00,hardzero_only,0.052,38,650,0.0,2,0.20625201,0.20625201,1.0095888,0.0,0.097816266,0.0,0.0,0.052,-26.616463,2.22114,0.74038,0.19999999,0.0,0.17572643,0.0,0.0,2083200
hardzero_only__c0p58__z1p00__lam0p000__nu0p50__psi0p00,hardzero_only,0.052,38,651,0.0,2,0.20625201,0.20625201,1.000244,0.0,0.09994382,0.0,0.0,0.052,-26.46415,2.2005808,0.73352695,0.16800001,0.0,0.13942105,0.0,0.0,2086400
hardzero_only__c0p58__z1p00__lam0p000__nu0p50__psi0p00,hardzero_only,0.052,38,652,0.0,2,0.20625201,0.20625201,1.0121771,0.0,0.09723507,0.0,0.0,0.052,-26.793604,2.226834,0.74227804,0.16000001,0.0,0.15821858,0.0,0.0,2089600
hardzero_only__c0p58__z1p00__lam0p000__nu0p50__psi0p00,hardzero_only,0.052,38,653,0.0,2,0.20625201,0.20625201,1.0774522,0.0,0.083665766,0.0,0.0,0.052,-28.19902,2.3704422,0.7901474,0.15200001,0.0,0.17529537,0.0,0.0,2092800
hardzero_only__c0p58__z1p00__lam0p000__nu0p50__psi0p00,hardzero_only,0.052,38,654,0.0,2,0.20625201,0.20625201,1.0141354,0.0,0.0967976,0.0,0.0,0.052,-27.27343,2.2311423,0.7437141,0.16800001,0.0,0.1755389,0.0,0.0,2096000
hardzero_only__c0p58__z1p00__lam0p000__nu0p50__psi0p00,hardzero_only,0.052,38,655,0.0,2,0.20625201,0.20625201,1.0515298,0.0,0.08881172,0.0,0.0,0.052,-27.467985,2.3134117,0.77113724,0.16800001,0.0,0.14941412,0.0,0.0,2099200
hardzero_only__c0p58__z1p00__lam0p000__nu0p50__psi0p00,hardzero_only,0.052,38,656,0.0,2,0.20625201,0.20625201,1.0745428,0.0,0.08422814,0.0,0.0,0.052,-28.296818,2.3640413,0.7880138,0.14400001,0.0,0.1806113,0.0,0.0,2102400
hardzero_only__c0p58__z1p00__lam0p000__nu0p50__psi0p00,hardzero_only,0.052,38,657,0.0,2,0.20625201,0.20625201,1.0119505,0.0,0.0972858,0.0,0.0,0.052,-26.680916,2.2263355,0.74211186,0.17600001,0.0,0.14884378,0.0,0.0,2105600
hardzero_only__c0p58__z1p00__lam0p000__nu0p50__psi0p00,hardzero_only,0.052,38,658,0.0,2,0.20625201,0.20625201,1.0408154,0.0,0.091030024,0.0,0.0,0.052,-27.315384,2.2898395,0.76327986,0.096,0.0,0.15186565,0.0,0.0,2108800
hardzero_only__c0p58__z1p00__lam0p000__nu0p50__psi0p00,hardzero_only,0.052,38,659,0.0,2,0.20625201,0.20625201,1.0068374,0.0,0.09843796,0.0,0.0,0.052,-27.29389,2.2150865,0.7383622,0.17600001,0.0,0.16052735,0.0,0.0,2112000
hardzero_only__c0p58__z1p00__lam0p000__nu0p50__psi0p00,hardzero_only,0.052,38,660,0.0,2,0.20625201,0.20625201,1.020335,0.0,0.09542562,0.0,0.0,0.052,-27.820375,2.2447817,0.7482606,0.112,0.0,0.17467843,0.0,0.0,2115200
hardzero_only__c0p58__z1p00__lam0p000__nu0p50__psi0p00,hardzero_only,0.052,38,661,0.0,2,0.20625201,0.20625201,1.004596,0.0,0.09894731,0.0,0.0,0.052,-26.779215,2.2101552,0.7367184,0.208,0.0,0.13468835,0.0,0.0,2118400
hardzero_only__c0p58__z1p00__lam0p000__nu0p50__psi0p00,hardzero_only,0.052,38,662,0.0,2,0.20625201,0.20625201,1.0369872,0.0,0.09183596,0.0,0.0,0.052,-27.591099,2.2814174,0.7604725,0.136,0.0,0.16241433,0.0,0.0,2121600
hardzero_only__c0p58__z1p00__lam0p000__nu0p50__psi0p00,hardzero_only,0.052,38,663,0.0,2,0.20625201,0.20625201,1.0523374,0.0,0.08864671,0.0,0.0,0.052,-27.375658,2.3151886,0.7717296,0.17999999,0.0,0.16775295,0.0,0.0,2124800
hardzero_only__c0p58__z1p00__lam0p000__nu0p50__psi0p00,hardzero_only,0.052,38,664,0.0,2,0.20625201,0.20625201,1.0313171,0.0,0.09304281,0.0,0.0,0.052,-27.120422,2.268943,0.7563144,0.16800001,0.0,0.16979542,0.0,0.0,2128000
hardzero_only__c0p58__z1p00__lam0p000__nu0p50__psi0p00,hardzero_only,0.052,38,665,0.0,2,0.20625201,0.20625201,1.0843134,0.0,0.08235436,0.0,0.0,0.052,-28.250195,2.3855371,0.79517907,0.096,0.0,0.19886579,0.0,0.0,2131200
hardzero_only__c0p58__z1p00__lam0p000__nu0p50__psi0p00,hardzero_only,0.052,38,666,0.0,2,0.20625201,0.20625201,1.0224305,0.0,0.09496629,0.0,0.0,0.052,-27.060667,2.249392,0.74979734,0.15200001,0.008,0.14868708,0.0,0.0,2134400
hardzero_only__c0p58__z1p00__lam0p000__nu0p50__psi0p00,hardzero_only,0.052,38,667,0.0,2,0.20625201,0.20625201,1.0035415,0.0,0.09918785,0.0,0.0,0.052,-26.157354,2.2078352,0.7359451,0.14400001,0.0,0.143744,0.0,0.0,2137600
hardzero_only__c0p58__z1p00__lam0p000__nu0p50__psi0p00,hardzero_only,0.052,38,668,0.0,2,0.20625201,0.20625201,1.0238762,0.0,0.09465069,0.0,0.0,0.052,-27.1146,2.2525725,0.75085753,0.120000005,0.0,0.15062833,0.0,0.0,2140800
hardzero_only__c0p58__z1p00__lam0p000__nu0p50__psi0p00,hardzero_only,0.052,38,669,0.0,2,0.20625201,0.20625201,1.0333635,0.0,0.09260544,0.0,0.0,0.052,-28.036781,2.273445,0.757815,0.18400002,0.0,0.15035637,0.0,0.0,2144000
hardzero_only__c0p58__z1p00__lam0p000__nu0p50__psi0p00,hardzero_only,0.052,38,670,0.0,2,0.20625201,0.21156982,0.99027056,0.10226555,0.10226555,1.0,0.0053178086,0.052,-27.529858,2.1786387,0.7262129,0.16800001,0.0,0.16765255,0.0,0.0,2147200
hardzero_only__c0p58__z1p00__lam0p000__nu0p50__psi0p00,hardzero_only,0.052,38,671,0.0,2,0.21156982,0.21156982,1.0243956,0.0,0.09453756,0.0,0.0,0.052,-27.181597,2.2537153,0.75123847,0.216,0.0,0.17727077,0.0,0.0,2150400
hardzero_only__c0p58__z1p00__lam0p000__nu0p50__psi0p00,hardzero_only,0.052,38,672,0.0,2,0.21156982,0.21156982,1.0169065,0.0,0.09618192,0.0,0.0,0.052,-27.066298,2.237239,0.7457463,0.16800001,0.0,0.1878019,0.0,0.0,2153600
hardzero_only__c0p58__z1p00__lam0p000__nu0p50__psi0p00,hardzero_only,0.052,38,673,0.0,2,0.21156982,0.21156982,1.0937691,0.0,0.08058067,0.0,0.0,0.052,-28.284872,2.40634,0.8021133,0.136,0.0,0.18970993,0.0,0.0,2156800
hardzero_only__c0p58__z1p00__lam0p000__nu0p50__psi0p00,hardzero_only,0.052,38,674,0.0,2,0.21156982,0.21156982,1.0684276,0.0,0.08542252,0.0,0.0,0.052,-28.382473,2.3505876,0.7835292,0.136,0.0,0.19058558,0.0,0.0,2160000
hardzero_only__c0p58__z1p00__lam0p000__nu0p50__psi0p00,hardzero_only,0.052,38,675,0.0,2,0.21156982,0.21156982,1.013572,0.0,0.09692325,0.0,0.0,0.052,-26.389055,2.229903,0.74330103,0.17600001,0.0,0.1593713,0.0,0.0,2163200
hardzero_only__c0p58__z1p00__lam0p000__nu0p50__psi0p00,hardzero_only,0.052,38,676,0.0,2,0.21156982,0.21156982,1.0358417,0.0,0.092078514,0.0,0.0,0.052,-26.972607,2.2788973,0.75963247,0.19999999,0.0,0.20786075,0.0,0.0,2166400
hardzero_only__c0p58__z1p00__lam0p000__nu0p50__psi0p00,hardzero_only,0.052,38,677,0.0,2,0.21156982,0.21692778,0.9870033,0.103037834,0.103037834,1.0,0.0053579677,0.052,-26.634214,2.1714506,0.7238169,0.224,0.0,0.15725048,0.0,0.0,2169600
hardzero_only__c0p58__z1p00__lam0p000__nu0p50__psi0p00,hardzero_only,0.052,38,678,0.0,2,0.21692778,0.21692778,1.006658,0.0,0.09847863,0.0,0.0,0.052,-26.600231,2.2146916,0.7382306,0.2,0.0,0.16393198,0.0,0.0,2172800
hardzero_only__c0p58__z1p00__lam0p000__nu0p50__psi0p00,hardzero_only,0.052,38,679,0.0,2,0.21692778,0.21692778,1.0178978,0.0,0.09596262,0.0,0.0,0.052,-27.189726,2.23942,0.7464733,0.16800001,0.0,0.17287005,0.0,0.0,2176000
hardzero_only__c0p58__z1p00__lam0p000__nu0p50__psi0p00,hardzero_only,0.052,38,680,0.0,2,0.21692778,0.21692778,1.0215995,0.0,0.09514817,0.0,0.0,0.052,-26.465698,2.2475638,0.74918795,0.15200001,0.0,0.13640846,0.0,0.0,2179200
hardzero_only__c0p58__z1p00__lam0p000__nu0p50__psi0p00,hardzero_only,0.052,38,681,0.0,2,0.21692778,0.21692778,1.0495672,0.0,0.08921396,0.0,0.0,0.052,-27.192791,2.309094,0.769698,0.136,0.0,0.1691758,0.0,0.0,2182400
hardzero_only__c0p58__z1p00__lam0p000__nu0p50__psi0p00,hardzero_only,0.052,38,682,0.0,2,0.21692778,0.21692778,1.0017257,0.0,0.09960344,0.0,0.0,0.052,-26.994524,2.2038405,0.73461354,0.17600001,0.0,0.162171,0.0,0.0,2185600
hardzero_only__c0p58__z1p00__lam0p000__nu0p50__psi0p00,hardzero_only,0.052,38,683,0.0,2,0.21692778,0.22216249,0.9971114,0.10066735,0.10066735,1.0,0.0052347025,0.052,-27.598541,2.1936889,0.73122966,0.16800001,0.0,0.17456487,0.0,0.0,2188800
hardzero_only__c0p58__z1p00__lam0p000__nu0p50__psi0p00,hardzero_only,0.052,38,684,0.0,2,0.22216249,0.22216249,1.0217402,0.0,0.09511736,0.0,0.0,0.052,-27.371279,2.2478733,0.7492911,0.256,0.008,0.19646882,0.0,0.0,2192000
hardzero_only__c0p58__z1p00__lam0p000__nu0p50__psi0p00,hardzero_only,0.052,38,685,0.0,2,0.22216249,0.22216249,1.055868,0.0,0.087928966,0.0,0.0,0.052,-27.809408,2.322956,0.7743187,0.104,0.0,0.19840409,0.0,0.0,2195200
hardzero_only__c0p58__z1p00__lam0p000__nu0p50__psi0p00,hardzero_only,0.052,38,686,0.0,2,0.22216249,0.22216249,1.056312,0.0,0.08783914,0.0,0.0,0.052,-27.71939,2.3239326,0.77464426,0.14400001,0.0,0.2004497,0.0,0.0,2198400
hardzero_only__c0p58__z1p00__lam0p000__nu0p50__psi0p00,hardzero_only,0.052,38,687,0.0,2,0.22216249,0.22216249,1.0374037,0.0,0.09174794,0.0,0.0,0.052,-27.66218,2.2823336,0.7607779,0.08800001,0.0,0.15666156,0.0,0.0,2201600
hardzero_only__c0p58__z1p00__lam0p000__nu0p50__psi0p00,hardzero_only,0.052,38,688,0.0,2,0.22216249,0.22216249,1.017821,0.0,0.09597962,0.0,0.0,0.052,-27.08672,2.239251,0.746417,0.15200001,0.0,0.17140523,0.0,0.0,2204800
hardzero_only__c0p58__z1p00__lam0p000__nu0p50__psi0p00,hardzero_only,0.052,38,689,0.0,2,0.22216249,0.2275226,0.9868296,0.103079066,0.103079066,1.0,0.0053601116,0.052,-27.320051,2.1710684,0.7236895,0.12,0.0,0.17317343,0.0,0.0,2208000
hardzero_only__c0p58__z1p00__lam0p000__nu0p50__psi0p00,hardzero_only,0.052,38,690,0.0,2,0.2275226,0.2275226,1.0123278,0.0,0.09720132,0.0,0.0,0.052,-26.914,2.2271657,0.7423886,0.18400002,0.0,0.15233961,0.0,0.0,2211200
hardzero_only__c0p58__z1p00__lam0p000__nu0p50__psi0p00,hardzero_only,0.052,38,691,0.0,2,0.2275226,0.2275226,1.0522991,0.0,0.0886545,0.0,0.0,0.052,-27.495007,2.3151042,0.77170146,0.16800001,0.0,0.18271366,0.0,0.0,2214400
hardzero_only__c0p58__z1p00__lam0p000__nu0p50__psi0p00,hardzero_only,0.052,38,692,0.0,2,0.2275226,0.2275226,1.0833671,0.0,0.08253399,0.0,0.0,0.052,-28.396862,2.3834553,0.7944851,0.14400001,0.0,0.15650296,0.0,0.0,2217600
hardzero_only__c0p58__z1p00__lam0p000__nu0p50__psi0p00,hardzero_only,0.052,38,693,0.0,2,0.2275226,0.2275226,1.0811939,0.0,0.08294802,0.0,0.0,0.052,-27.517403,2.378674,0.7928914,0.136,0.0,0.18787445,0.0,0.0,2220800
hardzero_only__c0p58__z1p00__lam0p000__nu0p50__psi0p00,hardzero_only,0.052,38,694,0.0,2,0.2275226,0.2275226,1.0273001,0.0,0.09390739,0.0,0.0,0.052,-27.369844,2.2601054,0.7533685,0.14400001,0.0,0.15773535,0.0,0.0,2224000
hardzero_only__c0p58__z1p00__lam0p000__nu0p50__psi0p00,hardzero_only,0.052,38,695,0.0,2,0.2275226,0.2275226,1.0493107,0.0,0.08926666,0.0,0.0,0.052,-27.527472,2.3085296,0.7695099,0.17600001,0.0,0.1635715,0.0,0.0,2227200
hardzero_only__c0p58__z1p00__lam0p000__nu0p50__psi0p00,hardzero_only,0.052,38,696,0.0,2,0.2275226,0.2275226,1.0059568,0.0,0.09863776,0.0,0.0,0.052,-26.929525,2.213149,0.7377164,0.104,0.0,0.15268485,0.0,0.0,2230400
hardzero_only__c0p58__z1p00__lam0p000__nu0p50__psi0p00,hardzero_only,0.052,38,697,0.0,2,0.2275226,0.23288305,0.98680216,0.10308555,0.10308555,1.0,0.0053604487,0.052,-26.961237,2.171008,0.7236694,0.2,0.0,0.1678627,0.0,0.0,2233600
hardzero_only__c0p58__z1p00__lam0p000__nu0p50__psi0p00,hardzero_only,0.052,38,698,0.0,2,0.23288305,0.23823383,0.98758656,0.102899544,0.102899544,1.0,0.0053507765,0.052,-26.827703,2.1727338,0.7242446,0.23200001,0.0,0.15399809,0.0,0.0,2236800
hardzero_only__c0p58__z1p00__lam0p000__nu0p50__psi0p00,hardzero_only,0.052,38,699,0.0,2,0.23823383,0.23823383,1.0345305,0.0,0.09235693,0.0,0.0,0.052,-27.847145,2.2760127,0.7586709,0.16000001,0.0,0.17547436,0.0,0.0,2240000
hardzero_only__c0p58__z1p00__lam0p000__nu0p50__psi0p00,hardzero_only,0.052,38,700,0.0,2,0.23823383,0.24359632,0.98663807,0.103124514,0.103124514,1.0,0.005362475,0.052,-25.712357,2.1706471,0.72354907,0.14400001,0.0,0.15881354,0.0,0.0,2243200
hardzero_only__c0p58__z1p00__lam0p000__nu0p50__psi0p00,hardzero_only,0.052,38,701,0.0,2,0.24359632,0.24359632,1.0638615,0.0,0.08632538,0.0,0.0,0.052,-27.73828,2.340542,0.7801807,0.136,0.0,0.1747593,0.0,0.0,2246400
hardzero_only__c0p58__z1p00__lam0p000__nu0p50__psi0p00,hardzero_only,0.052,38,702,0.0,2,0.24359632,0.24897215,0.98555785,0.10338134,0.10338134,1.0,0.00537583,0.052,-26.81956,2.1682706,0.72275686,0.14999999,0.0,0.18637517,0.0,0.0,2249600
hardzero_only__c0p58__z1p00__lam0p000__nu0p50__psi0p00,hardzero_only,0.052,38,703,0.0,2,0.24897215,0.24897215,1.0313349,0.0,0.09303901,0.0,0.0,0.052,-26.780928,2.268982,0.75632733,0.16000001,0.0,0.15453702,0.0,0.0,2252800
hardzero_only__c0p58__z1p00__lam0p000__nu0p50__psi0p00,hardzero_only,0.052,38,704,0.0,2,0.24897215,0.25418454,0.9989647,0.10023866,0.10023866,1.0,0.0052124104,0.052,-26.157673,2.1977663,0.73258877,0.128,0.0,0.14595698,0.0,0.0,2256000
hardzero_only__c0p58__z1p00__lam0p000__nu0p50__psi0p00,hardzero_only,0.052,38,705,0.0,2,0.25418454,0.25418454,1.0045294,0.0,0.0989625,0.0,0.0,0.052,-27.578854,2.2100086,0.73666954,0.16800001,0.0,0.16684088,0.0,0.0,2259200
hardzero_only__c0p58__z1p00__lam0p000__nu0p50__psi0p00,hardzero_only,0.052,38,706,0.0,2,0.25418454,0.25418454,1.0806636,0.0,0.08304938,0.0,0.0,0.052,-28.801903,2.3775072,0.7925024,0.16000001,0.0,0.2048905,0.0,0.0,2262400
hardzero_only__c0p58__z1p00__lam0p000__nu0p50__psi0p00,hardzero_only,0.052,38,707,0.0,2,0.25418454,0.25418454,1.0119059,0.0,0.097295806,0.0,0.0,0.052,-26.69526,2.2262375,0.7420792,0.17600001,0.0,0.15341955,0.0,0.0,2265600
hardzero_only__c0p58__z1p00__lam0p000__nu0p50__psi0p00,hardzero_only,0.052,38,708,0.0,2,0.25418454,0.25418454,1.0508794,0.0,0.08894481,0.0,0.0,0.052,-28.536316,2.3119807,0.7706603,0.128,0.0,0.19937694,0.0,0.0,2268800
hardzero_only__c0p58__z1p00__lam0p000__nu0p50__psi0p00,hardzero_only,0.052,38,709,0.0,2,0.25418454,0.25418454,1.0373702,0.0,0.09175501,0.0,0.0,0.052,-26.954817,2.28226,0.76075333,0.2,0.0,0.14822999,0.0,0.0,2272000
hardzero_only__c0p58__z1p00__lam0p000__nu0p50__psi0p00,hardzero_only,0.052,38,710,0.0,2,0.25418454,0.25418454,1.0367159,0.0,0.09189337,0.0,0.0,0.052,-27.343407,2.2808204,0.76027346,0.14400001,0.0,0.16521756,0.0,0.0,2275200
hardzero_only__c0p58__z1p00__lam0p000__nu0p50__psi0p00,hardzero_only,0.052,38,711,0.0,2,0.25418454,0.2596866,0.9754785,0.10580874,0.10580874,1.0,0.005502055,0.052,-25.991997,2.1460955,0.7153652,0.16000001,0.0,0.15047526,0.0,0.0,2278400
hardzero_only__c0p58__z1p00__lam0p000__nu0p50__psi0p00,hardzero_only,0.052,38,712,0.0,2,0.2596866,0.26574177,0.93387645,0.11644571,0.11644571,1.0,0.006055177,0.052,-26.12597,2.0545692,0.6848564,0.23200001,0.0,0.15705025,0.0,0.0,2281600
hardzero_only__c0p58__z1p00__lam0p000__nu0p50__psi0p00,hardzero_only,0.052,38,713,0.0,2,0.26574177,0.26574177,1.0650294,0.0,0.086093545,0.0,0.0,0.052,-27.521803,2.3431115,0.7810372,0.128,0.0,0.16999504,0.0,0.0,2284800
hardzero_only__c0p58__z1p00__lam0p000__nu0p50__psi0p00,hardzero_only,0.052,38,714,0.0,2,0.26574177,0.26574177,1.0403299,0.0,0.09113183,0.0,0.0,0.052,-27.351486,2.2887716,0.7629239,0.072000004,0.0,0.1359661,0.0,0.0,2288000
hardzero_only__c0p58__z1p00__lam0p000__nu0p50__psi0p00,hardzero_only,0.052,38,715,0.0,2,0.26574177,0.26574177,1.0443342,0.0,0.09029544,0.0,0.0,0.052,-27.71305,2.297581,0.7658603,0.19,0.0,0.17573877,0.0,0.0,2291200
hardzero_only__c0p58__z1p00__lam0p000__nu0p50__psi0p00,hardzero_only,0.052,38,716,0.0,2,0.26574177,0.26574177,1.0169271,0.0,0.09617736,0.0,0.0,0.052,-26.65913,2.2372844,0.7457615,0.15200001,0.0,0.1477744,0.0,0.0,2294400
hardzero_only__c0p58__z1p00__lam0p000__nu0p50__psi0p00,hardzero_only,0.052,38,717,0.0,2,0.26574177,0.26574177,1.0412759,0.0,0.09093354,0.0,0.0,0.052,-27.243967,2.2908525,0.7636175,0.16000001,0.0,0.18134099,0.0,0.0,2297600
hardzero_only__c0p58__z1p00__lam0p000__nu0p50__psi0p00,hardzero_only,0.052,38,718,0.0,2,0.26574177,0.26574177,1.0696608,0.0,0.085180305,0.0,0.0,0.052,-28.187696,2.3533008,0.7844336,0.136,0.0,0.19229186,0.0,0.0,2300800
hardzero_only__c0p58__z1p00__lam0p000__nu0p50__psi0p00,hardzero_only,0.052,38,719,0.0,2,0.26574177,0.26574177,1.0608447,0.0,0.08692712,0.0,0.0,0.052,-28.08527,2.333905,0.77796835,0.120000005,0.0,0.18187192,0.0,0.0,2304000
hardzero_only__c0p58__z1p00__lam0p000__nu0p50__psi0p00,hardzero_only,0.052,38,720,0.0,2,0.26574177,0.27190876,0.92593056,0.11859584,0.11859584,1.0,0.006166984,0.052,-25.602356,2.037088,0.67902935,0.16800001,0.008,0.14225927,0.0,0.0,2307200
hardzero_only__c0p58__z1p00__lam0p000__nu0p50__psi0p00,hardzero_only,0.052,38,721,0.0,2,0.27190876,0.27764004,0.9577504,0.11021726,0.11021726,1.0,0.0057312977,0.052,-25.6402,2.1070929,0.7023643,0.15200001,0.0,0.1504525,0.0,0.0,2310400
hardzero_only__c0p58__z1p00__lam0p000__nu0p50__psi0p00,hardzero_only,0.052,38,722,0.0,2,0.27764004,0.27764004,1.0328025,0.0,0.09272514,0.0,0.0,0.052,-27.377926,2.2722108,0.7574036,0.14400001,0.0,0.18367605,0.0,0.0,2313600
hardzero_only__c0p58__z1p00__lam0p000__nu0p50__psi0p00,hardzero_only,0.052,38,723,0.0,2,0.27764004,0.27764004,1.049831,0.0,0.08915978,0.0,0.0,0.052,-27.926016,2.3096745,0.7698915,0.14400001,0.0,0.17453957,0.0,0.0,2316800
hardzero_only__c0p58__z1p00__lam0p000__nu0p50__psi0p00,hardzero_only,0.052,38,724,0.0,2,0.27764004,0.27764004,1.0476669,0.0,0.08960517,0.0,0.0,0.052,-27.679365,2.3049133,0.76830447,0.112,0.0,0.15465647,0.0,0.0,2320000
hardzero_only__c0p58__z1p00__lam0p000__nu0p50__psi0p00,hardzero_only,0.052,38,725,0.0,2,0.27764004,0.27764004,1.0387529,0.0,0.091463335,0.0,0.0,0.052,-27.089537,2.2853022,0.7617674,0.14400001,0.0,0.14870837,0.0,0.0,2323200
hardzero_only__c0p58__z1p00__lam0p000__nu0p50__psi0p00,hardzero_only,0.052,38,726,0.0,2,0.27764004,0.27764004,1.0591943,0.0,0.08725806,0.0,0.0,0.052,-28.234516,2.330274,0.7767581,0.192,0.0,0.16904308,0.0,0.0,2326400
hardzero_only__c0p58__z1p00__lam0p000__nu0p50__psi0p00,hardzero_only,0.052,38,727,0.0,2,0.27764004,0.27764004,1.0327382,0.0,0.092738874,0.0,0.0,0.052,-27.591898,2.2720695,0.7573565,0.14400001,0.0,0.16900422,0.0,0.0,2329600
hardzero_only__c0p58__z1p00__lam0p000__nu0p50__psi0p00,hardzero_only,0.052,38,728,0.0,2,0.27764004,0.27764004,1.0547214,0.0,0.088161424,0.0,0.0,0.052,-28.40987,2.3204334,0.7734778,0.13,0.0,0.17235053,0.0,0.0,2332800
hardzero_only__c0p58__z1p00__lam0p000__nu0p50__psi0p00,hardzero_only,0.052,38,729,0.0,2,0.27764004,0.27764004,1.0450885,0.0,0.09013875,0.0,0.0,0.052,-27.247519,2.2992406,0.76641357,0.16000001,0.0,0.14918317,0.0,0.0,2336000
hardzero_only__c0p58__z1p00__lam0p000__nu0p50__psi0p00,hardzero_only,0.052,38,730,0.0,2,0.27764004,0.27764004,1.0061028,0.0,0.09860461,0.0,0.0,0.052,-27.063282,2.2134705,0.7378235,0.18400002,0.0,0.1504504,0.0,0.0,2339200
hardzero_only__c0p58__z1p00__lam0p000__nu0p50__psi0p00,hardzero_only,0.052,38,731,0.0,2,0.27764004,0.27764004,1.006825,0.0,0.09844077,0.0,0.0,0.052,-26.950842,2.2150593,0.73835313,0.14400001,0.0,0.15558355,0.0,0.0,2342400
hardzero_only__c0p58__z1p00__lam0p000__nu0p50__psi0p00,hardzero_only,0.052,38,732,0.0,2,0.27764004,0.27764004,1.0527698,0.0,0.08855849,0.0,0.0,0.052,-28.429504,2.3161397,0.77204657,0.072000004,0.0,0.1759523,0.0,0.0,2345600
hardzero_only__c0p58__z1p00__lam0p000__nu0p50__psi0p00,hardzero_only,0.052,38,733,0.0,2,0.27764004,0.2829858,0.98799425,0.10280298,0.10280298,1.0,0.005345755,0.052,-26.346743,2.1736307,0.7245436,0.23200001,0.008,0.17253302,0.0,0.0,2348800
hardzero_only__c0p58__z1p00__lam0p000__nu0p50__psi0p00,hardzero_only,0.052,38,734,0.0,2,0.2829858,0.2829858,1.0494335,0.0,0.08924142,0.0,0.0,0.052,-27.699362,2.3087997,0.7695999,0.112,0.0,0.18858212,0.0,0.0,2352000
hardzero_only__c0p58__z1p00__lam0p000__nu0p50__psi0p00,hardzero_only,0.052,38,735,0.0,2,0.2829858,0.2829858,1.0407561,0.0,0.09104244,0.0,0.0,0.052,-28.047596,2.289709,0.7632364,0.17600001,0.0,0.18827523,0.0,0.0,2355200
hardzero_only__c0p58__z1p00__lam0p000__nu0p50__psi0p00,hardzero_only,0.052,38,736,0.0,2,0.2829858,0.2829858,1.0361518,0.0,0.09201281,0.0,0.0,0.052,-27.023779,2.2795794,0.7598598,0.16800001,0.0,0.17445676,0.0,0.0,2358400
hardzero_only__c0p58__z1p00__lam0p000__nu0p50__psi0p00,hardzero_only,0.052,38,737,0.0,2,0.2829858,0.2829858,1.0041934,0.0,0.09903907,0.0,0.0,0.052,-27.048275,2.2092695,0.7364232,0.14400001,0.0,0.17112112,0.0,0.0,2361600
hardzero_only__c0p58__z1p00__lam0p000__nu0p50__psi0p00,hardzero_only,0.052,38,738,0.0,2,0.2829858,0.2829858,1.0130653,0.0,0.097036384,0.0,0.0,0.052,-27.466343,2.2287881,0.7429294,0.16800001,0.0,0.18248808,0.0,0.0,2364800
hardzero_only__c0p58__z1p00__lam0p000__nu0p50__psi0p00,hardzero_only,0.052,38,739,0.0,2,0.2829858,0.2829858,1.017699,0.0,0.09600659,0.0,0.0,0.052,-26.428154,2.2389824,0.7463275,0.15200001,0.0,0.1611055,0.0,0.0,2368000
hardzero_only__c0p58__z1p00__lam0p000__nu0p50__psi0p00,hardzero_only,0.052,38,740,0.0,2,0.2829858,0.2829858,1.0112135,0.0,0.097451046,0.0,0.0,0.052,-27.370832,2.2247143,0.7415714,0.18400002,0.0,0.15622786,0.0,0.0,2371200
hardzero_only__c0p58__z1p00__lam0p000__nu0p50__psi0p00,hardzero_only,0.052,38,741,0.0,2,0.2829858,0.2829858,1.0380899,0.0,0.09160309,0.0,0.0,0.052,-27.47373,2.2838433,0.76128113,0.13,0.0,0.15525083,0.0,0.0,2374400
hardzero_only__c0p58__z1p00__lam0p000__nu0p50__psi0p00,hardzero_only,0.052,38,742,0.0,2,0.2829858,0.28839645,0.98275346,0.104051076,0.104051076,1.0,0.005410656,0.052,-27.381672,2.1621008,0.72070026,0.16800001,0.0,0.14662103,0.0,0.0,2377600
hardzero_only__c0p58__z1p00__lam0p000__nu0p50__psi0p00,hardzero_only,0.052,38,743,0.0,2,0.28839645,0.28839645,1.0240123,0.0,0.09462102,0.0,0.0,0.052,-27.59777,2.2528722,0.7509574,0.16000001,0.0,0.14957029,0.0,0.0,2380800
hardzero_only__c0p58__z1p00__lam0p000__nu0p50__psi0p00,hardzero_only,0.052,38,744,0.0,2,0.28839645,0.28839645,1.0956562,0.0,0.08023131,0.0,0.0,0.052,-28.711052,2.4104917,0.80349725,0.17600001,0.0,0.19052921,0.0,0.0,2384000
hardzero_only__c0p58__z1p00__lam0p000__nu0p50__psi0p00,hardzero_only,0.052,38,745,0.0,2,0.28839645,0.28839645,1.0913554,0.0,0.08102976,0.0,0.0,0.052,-28.440115,2.4010298,0.8003433,0.120000005,0.0,0.1732365,0.0,0.0,2387200
hardzero_only__c0p58__z1p00__lam0p000__nu0p50__psi0p00,hardzero_only,0.052,38,746,0.0,2,0.28839645,0.29401228,0.96658826,0.10799701,0.10799701,1.0,0.0056158444,0.052,-26.170687,2.1265366,0.70884556,0.17600001,0.0,0.15448098,0.0,0.0,2390400
hardzero_only__c0p58__z1p00__lam0p000__nu0p50__psi0p00,hardzero_only,0.052,38,747,0.0,2,0.29401228,0.29941925,0.9830488,0.10398032,0.10398032,1.0,0.0054069767,0.052,-26.21089,2.1627505,0.72091687,0.192,0.0,0.1460586,0.0,0.0,2393600
hardzero_only__c0p58__z1p00__lam0p000__nu0p50__psi0p00,hardzero_only,0.052,38,748,0.0,2,0.29941925,0.30481827,0.98368794,0.103827424,0.103827424,1.0,0.005399026,0.052,-26.346035,2.1641567,0.7213856,0.16800001,0.0,0.15255567,0.0,0.0,2396800
hardzero_only__c0p58__z1p00__lam0p000__nu0p50__psi0p00,hardzero_only,0.052,38,749,0.0,2,0.30481827,0.31044322,0.96588373,0.10817234,0.10817234,1.0,0.005624962,0.052,-26.222322,2.1249866,0.7083289,0.15200001,0.0,0.15310743,0.0,0.0,2400000
hardzero_only__c0p58__z1p00__lam0p000__nu0p50__psi0p00,hardzero_only,0.052,38,750,0.0,2,0.31044322,0.31605837,0.9666433,0.10798334,0.10798334,1.0,0.005615134,0.052,-26.542341,2.1266577,0.7088859,0.16000001,0.0,0.140546,0.0,0.0,2403200
hardzero_only__c0p58__z1p00__lam0p000__nu0p50__psi0p00,hardzero_only,0.052,38,751,0.0,2,0.31605837,0.3213331,0.99380267,0.10143721,0.10143721,1.0,0.005274735,0.052,-26.72732,2.1864095,0.72880316,0.16800001,0.0,0.15670477,0.0,0.0,2406400
hardzero_only__c0p58__z1p00__lam0p000__nu0p50__psi0p00,hardzero_only,0.052,38,752,0.0,2,0.3213331,0.3213331,1.0288836,0.0,0.09356564,0.0,0.0,0.052,-27.137703,2.2635891,0.7545297,0.208,0.0,0.17268069,0.0,0.0,2409600
hardzero_only__c0p58__z1p00__lam0p000__nu0p50__psi0p00,hardzero_only,0.052,38,753,0.0,2,0.3213331,0.3213331,1.0160943,0.0,0.096361965,0.0,0.0,0.052,-27.203154,2.2354522,0.74515074,0.136,0.0,0.1596939,0.0,0.0,2412800
hardzero_only__c0p58__z1p00__lam0p000__nu0p50__psi0p00,hardzero_only,0.052,38,754,0.0,2,0.3213331,0.3213331,1.1041557,0.0,0.07867638,0.0,0.0,0.052,-28.603373,2.4291909,0.8097303,0.07,0.0,0.17906412,0.0,0.0,2416000
hardzero_only__c0p58__z1p00__lam0p000__nu0p50__psi0p00,hardzero_only,0.052,38,755,0.0,2,0.3213331,0.3267473,0.9824701,0.104118966,0.104118966,1.0,0.0054141865,0.052,-26.633232,2.1614773,0.7204925,0.136,0.0,0.14879233,0.0,0.0,2419200
hardzero_only__c0p58__z1p00__lam0p000__nu0p50__psi0p00,hardzero_only,0.052,38,756,0.0,2,0.3267473,0.3267473,1.011326,0.0,0.09742582,0.0,0.0,0.052,-26.838432,2.2249615,0.74165386,0.208,0.0,0.16496511,0.0,0.0,2422400
hardzero_only__c0p58__z1p00__lam0p000__nu0p50__psi0p00,hardzero_only,0.052,38,757,0.0,2,0.3267473,0.33207718,0.9892871,0.10249743,0.10249743,1.0,0.0053298664,0.052,-26.150085,2.176475,0.7254917,0.224,0.0,0.13516277,0.0,0.0,2425600
hardzero_only__c0p58__z1p00__lam0p000__nu0p50__psi0p00,hardzero_only,0.052,38,758,0.0,2,0.33207718,0.33207718,1.0445548,0.0,0.090249576,0.0,0.0,0.052,-26.268568,2.2980666,0.7660222,0.104,0.0,0.16459972,0.0,0.0,2428800
hardzero_only__c0p58__z1p00__lam0p000__nu0p50__psi0p00,hardzero_only,0.052,38,759,0.0,2,0.33207718,0.33207718,1.0057393,0.0,0.09868716,0.0,0.0,0.052,-26.239477,2.2126708,0.73755693,0.16800001,0.0,0.14627485,0.0,0.0,2432000
hardzero_only__c0p58__z1p00__lam0p000__nu0p50__psi0p00,hardzero_only,0.052,38,760,0.0,2,0.33207718,0.33207718,1.035282,0.0,0.09219724,0.0,0.0,0.052,-27.750696,2.2776659,0.759222,0.128,0.0,0.17286694,0.0,0.0,2435200
hardzero_only__c0p58__z1p00__lam0p000__nu0p50__psi0p00,hardzero_only,0.052,38,761,0.0,2,0.33207718,0.33207718,1.0302074,0.0,0.093280874,0.0,0.0,0.052,-27.243979,2.2665014,0.7555005,0.136,0.0,0.17716086,0.0,0.0,2438400
hardzero_only__c0p58__z1p00__lam0p000__nu0p50__psi0p00,hardzero_only,0.052,38,762,0.0,2,0.33207718,0.33207718,1.0457307,0.0,0.09000556,0.0,0.0,0.052,-26.709036,2.3006535,0.7668845,0.17600001,0.0,0.14684223,0.0,0.0,2441600
hardzero_only__c0p58__z1p00__lam0p000__nu0p50__psi0p00,hardzero_only,0.052,38,763,0.0,2,0.33207718,0.33207718,1.0228716,0.0,0.09486989,0.0,0.0,0.052,-27.046732,2.2503624,0.7501208,0.2,0.008,0.1523426,0.0,0.0,2444800
hardzero_only__c0p58__z1p00__lam0p000__nu0p50__psi0p00,hardzero_only,0.052,38,764,0.0,2,0.33207718,0.33207718,1.070138,0.0,0.08508677,0.0,0.0,0.052,-28.454063,2.3543506,0.78478354,0.136,0.0,0.18230762,0.0,0.0,2448000
hardzero_only__c0p58__z1p00__lam0p000__nu0p50__psi0p00,hardzero_only,0.052,38,765,0.0,2,0.33207718,0.33207718,1.0844071,0.0,0.08233659,0.0,0.0,0.052,-28.02303,2.3857431,0.79524773,0.104,0.0,0.16541702,0.0,0.0,2451200
hardzero_only__c0p58__z1p00__lam0p000__nu0p50__psi0p00,hardzero_only,0.052,38,766,0.0,2,0.33207718,0.33744273,0.9863883,0.10318383,0.10318383,1.0,0.0053655594,0.052,-26.381554,2.1700976,0.7233659,0.112,0.0,0.14024273,0.0,0.0,2454400
hardzero_only__c0p58__z1p00__lam0p000__nu0p50__psi0p00,hardzero_only,0.052,38,767,0.0,2,0.33744273,0.33744273,1.0324917,0.0,0.09279153,0.0,0.0,0.052,-27.907518,2.271527,0.7571757,0.16,0.01,0.17218553,0.0,0.0,2457600
hardzero_only__c0p58__z1p00__lam0p000__nu0p50__psi0p00,hardzero_only,0.052,38,768,0.0,2,0.33744273,0.33744273,1.028488,0.0,0.0936509,0.0,0.0,0.052,-26.799265,2.262719,0.7542397,0.15200001,0.0,0.15526637,0.0,0.0,2460800
hardzero_only__c0p58__z1p00__lam0p000__nu0p50__psi0p00,hardzero_only,0.052,38,769,0.0,2,0.33744273,0.33744273,1.0586935,0.0,0.08735876,0.0,0.0,0.052,-28.180807,2.3291724,0.7763908,0.112,0.0,0.18833917,0.0,0.0,2464000
hardzero_only__c0p58__z1p00__lam0p000__nu0p50__psi0p00,hardzero_only,0.052,38,770,0.0,2,0.33744273,0.33744273,1.0605106,0.0,0.08699401,0.0,0.0,0.052,-26.831139,2.33317,0.7777233,0.112,0.0,0.17198333,0.0,0.0,2467200
hardzero_only__c0p58__z1p00__lam0p000__nu0p50__psi0p00,hardzero_only,0.052,38,771,0.0,2,0.33744273,0.33744273,1.045337,0.0,0.09008718,0.0,0.0,0.052,-27.450266,2.2997873,0.7665958,0.17600001,0.0,0.17222217,0.0,0.0,2470400
hardzero_only__c0p58__z1p00__lam0p000__nu0p50__psi0p00,hardzero_only,0.052,38,772,0.0,2,0.33744273,0.34275997,0.99031705,0.10225461,0.10225461,1.0,0.0053172396,0.052,-27.18142,2.178741,0.726247,0.136,0.0,0.15873645,0.0,0.0,2473600
hardzero_only__c0p58__z1p00__lam0p000__nu0p50__psi0p00,hardzero_only,0.052,38,773,0.0,2,0.34275997,0.34275997,1.0389009,0.0,0.0914322,0.0,0.0,0.052,-26.992699,2.2856276,0.76187587,0.17600001,0.0,0.15749326,0.0,0.0,2476800
hardzero_only__c0p58__z1p00__lam0p000__nu0p50__psi0p00,hardzero_only,0.052,38,774,0.0,2,0.34275997,0.34275997,1.0630668,0.0,0.08648348,0.0,0.0,0.052,-27.583937,2.3387938,0.77959794,0.128,0.0,0.17111044,0.0,0.0,2480000
hardzero_only__c0p58__z1p00__lam0p000__nu0p50__psi0p00,hardzero_only,0.052,38,775,0.0,2,0.34275997,0.34275997,1.0287452,0.0,0.093595475,0.0,0.0,0.052,-27.462908,2.2632847,0.75442827,0.15200001,0.0,0.17305762,0.0,0.0,2483200
hardzero_only__c0p58__z1p00__lam0p000__nu0p50__psi0p00,hardzero_only,0.052,38,776,0.0,2,0.34275997,0.34275997,1.0334501,0.0,0.092586964,0.0,0.0,0.052,-27.223309,2.2736356,0.75787854,0.136,0.0,0.15590891,0.0,0.0,2486400
hardzero_only__c0p58__z1p00__lam0p000__nu0p50__psi0p00,hardzero_only,0.052,38,777,0.0,2,0.34275997,0.34275997,1.0481477,0.0,0.08950603,0.0,0.0,0.052,-27.642763,2.305971,0.76865697,0.096,0.0,0.18127353,0.0,0.0,2489600
hardzero_only__c0p58__z1p00__lam0p000__nu0p50__psi0p00,hardzero_only,0.052,38,778,0.0,2,0.34275997,0.34275997,1.0060163,0.0,0.09862427,0.0,0.0,0.052,-27.238882,2.21328,0.73776,0.16800001,0.0,0.16787009,0.0,0.0,2492800
hardzero_only__c0p58__z1p00__lam0p000__nu0p50__psi0p00,hardzero_only,0.052,38,779,0.0,2,0.34275997,0.34275997,1.0561775,0.0,0.08786633,0.0,0.0,0.052,-27.314062,2.323637,0.77454567,0.136,0.0,0.14775394,0.0,0.0,2496000
hardzero_only__c0p58__z1p00__lam0p000__nu0p50__psi0p00,hardzero_only,0.052,38,780,0.0,2,0.34275997,0.34275997,1.0091801,0.0,0.097908385,0.0,0.0,0.052,-27.600765,2.2202404,0.7400801,0.16,0.0,0.14991824,0.0,0.0,2499200
hardzero_only__c0p58__z1p00__lam0p000__nu0p50__psi0p00,hardzero_only,0.052,38,781,0.0,2,0.34275997,0.34275997,1.0056684,0.0,0.09870328,0.0,0.0,0.052,-26.929647,2.2125146,0.7375049,0.096,0.0,0.14746377,0.0,0.0,2502400
hardzero_only__c0p58__z1p00__lam0p000__nu0p50__psi0p00,hardzero_only,0.052,38,782,0.0,2,0.34275997,0.34275997,1.0836668,0.0,0.08247707,0.0,0.0,0.052,-28.327389,2.3841145,0.79470485,0.136,0.0,0.17458998,0.0,0.0,2505600
hardzero_only__c0p58__z1p00__lam0p000__nu0p50__psi0p00,hardzero_only,0.052,38,783,0.0,2,0.34275997,0.34799808,0.9968294,0.10073273,0.10073273,1.0,0.005238102,0.052,-26.335821,2.1930685,0.73102283,0.15200001,0.0,0.17719738,0.0,0.0,2508800
hardzero_only__c0p58__z1p00__lam0p000__nu0p50__psi0p00,hardzero_only,0.052,38,784,0.0,2,0.34799808,0.34799808,1.0525621,0.0,0.08860085,0.0,0.0,0.052,-27.395477,2.315683,0.77189434,0.16800001,0.0,0.17314787,0.0,0.0,2512000
hardzero_only__c0p58__z1p00__lam0p000__nu0p50__psi0p00,hardzero_only,0.052,38,785,0.0,2,0.34799808,0.34799808,1.0677764,0.0,0.0855507,0.0,0.0,0.052,-28.06937,2.349155,0.78305167,0.120000005,0.0,0.15630835,0.0,0.0,2515200
hardzero_only__c0p58__z1p00__lam0p000__nu0p50__psi0p00,hardzero_only,0.052,38,786,0.0,2,0.34799808,0.34799808,1.0471159,0.0,0.08971894,0.0,0.0,0.052,-27.236448,2.303701,0.76790035,0.14400001,0.0,0.16633786,0.0,0.0,2518400
hardzero_only__c0p58__z1p00__lam0p000__nu0p50__psi0p00,hardzero_only,0.052,38,787,0.0,2,0.34799808,0.35322025,0.9981526,0.100426294,0.100426294,1.0,0.0052221674,0.052,-27.596838,2.1959796,0.7319932,0.208,0.0,0.1732399,0.0,0.0,2521600
hardzero_only__c0p58__z1p00__lam0p000__nu0p50__psi0p00,hardzero_only,0.052,38,788,0.0,2,0.35322025,0.35322025,1.063953,0.0,0.08630718,0.0,0.0,0.052,-26.892092,2.3407435,0.78024787,0.072000004,0.0,0.18547252,0.0,0.0,2524800
hardzero_only__c0p58__z1p00__lam0p000__nu0p50__psi0p00,hardzero_only,0.052,38,789,0.0,2,0.35322025,0.3585327,0.99070925,0.102162324,0.102162324,1.0,0.005312441,0.052,-26.638079,2.1796038,0.7265346,0.17600001,0.008,0.17849159,0.0,0.0,2528000
hardzero_only__c0p58__z1p00__lam0p000__nu0p50__psi0p00,hardzero_only,0.052,38,790,0.0,2,0.3585327,0.3585327,1.0320503,0.0,0.09288589,0.0,0.0,0.052,-27.52957,2.270556,0.75685203,0.192,0.0,0.17616422,0.0,0.0,2531200
hardzero_only__c0p58__z1p00__lam0p000__nu0p50__psi0p00,hardzero_only,0.052,38,791,0.0,2,0.3585327,0.3585327,1.0386567,0.0,0.0914836,0.0,0.0,0.052,-27.043194,2.2850904,0.7616968,0.2,0.0,0.15895824,0.0,0.0,2534400
hardzero_only__c0p58__z1p00__lam0p000__nu0p50__psi0p00,hardzero_only,0.052,38,792,0.0,2,0.3585327,0.3585327,1.0302342,0.0,0.093275115,0.0,0.0,0.052,-27.944365,2.2665606,0.7555202,0.192,0.0,0.13461673,0.0,0.0,2537600
hardzero_only__c0p58__z1p00__lam0p000__nu0p50__psi0p00,hardzero_only,0.052,38,793,0.0,2,0.3585327,0.3585327,1.004575,0.0,0.0989521,0.0,0.0,0.052,-26.446167,2.2101092,0.7367031,0.099999994,0.0,0.15137792,0.0,0.0,2540800
hardzero_only__c0p58__z1p00__lam0p000__nu0p50__psi0p00,hardzero_only,0.052,38,794,0.0,2,0.3585327,0.3585327,1.045103,0.0,0.09013574,0.0,0.0,0.052,-27.990374,2.2992725,0.7664242,0.120000005,0.0,0.17230894,0.0,0.0,2544000
hardzero_only__c0p58__z1p00__lam0p000__nu0p50__psi0p00,hardzero_only,0.052,38,795,0.0,2,0.3585327,0.3585327,1.0105995,0.0,0.09758892,0.0,0.0,0.052,-26.878885,2.2233634,0.7411212,0.16800001,0.0,0.15240233,0.0,0.0,2547200
hardzero_only__c0p58__z1p00__lam0p000__nu0p50__psi0p00,hardzero_only,0.052,38,796,0.0,2,0.3585327,0.3585327,1.0416796,0.0,0.09084905,0.0,0.0,0.052,-26.756079,2.291741,0.76391363,0.216,0.0,0.16720536,0.0,0.0,2550400
hardzero_only__c0p58__z1p00__lam0p000__nu0p50__psi0p00,hardzero_only,0.052,38,797,0.0,2,0.3585327,0.3585327,1.0352366,0.0,0.092206895,0.0,0.0,0.052,-28.039198,2.277566,0.75918865,0.208,0.0,0.17403495,0.0,0.0,2553600
hardzero_only__c0p58__z1p00__lam0p000__nu0p50__psi0p00,hardzero_only,0.052,38,798,0.0,2,0.3585327,0.36373597,0.9997267,0.10006294,0.10006294,1.0,0.0052032727,0.052,-26.752113,2.1994426,0.73314756,0.16800001,0.0,0.15547298,0.0,0.0,2556800
hardzero_only__c0p58__z1p00__lam0p000__nu0p50__psi0p00,hardzero_only,0.052,38,799,0.0,2,0.36373597,0.36373597,1.0433742,0.0,0.09049524,0.0,0.0,0.052,-27.249968,2.295469,0.7651564,0.15200001,0.0,0.18234754,0.0,0.0,2560000
hardzero_only__c0p58__z1p00__lam0p000__nu0p50__psi0p00,hardzero_only,0.052,38,800,0.0,2,0.36373597,0.36373597,1.0107158,0.0,0.09756277,0.0,0.0,0.052,-26.580605,2.2236192,0.7412064,0.16000001,0.0,0.15793589,0.0,0.0,2563200
hardzero_only__c0p58__z1p00__lam0p000__nu0p50__psi0p00,hardzero_only,0.052,38,801,0.0,2,0.36373597,0.36373597,1.0335469,0.0,0.092566326,0.0,0.0,0.052,-28.126202,2.2738485,0.75794953,0.128,0.0,0.18233386,0.0,0.0,2566400
hardzero_only__c0p58__z1p00__lam0p000__nu0p50__psi0p00,hardzero_only,0.052,38,802,0.0,2,0.36373597,0.36373597,1.0433421,0.0,0.090501934,0.0,0.0,0.052,-27.778255,2.2953985,0.76513284,0.128,0.0,0.18238235,0.0,0.0,2569600
hardzero_only__c0p58__z1p00__lam0p000__nu0p50__psi0p00,hardzero_only,0.052,38,803,0.0,2,0.36373597,0.36373597,1.0307903,0.0,0.09315575,0.0,0.0,0.052,-27.224154,2.2677839,0.755928,0.136,0.0,0.15015514,0.0,0.0,2572800
hardzero_only__c0p58__z1p00__lam0p000__nu0p50__psi0p00,hardzero_only,0.052,38,804,0.0,2,0.36373597,0.36373597,1.0011554,0.0,0.09973432,0.0,0.0,0.052,-27.337708,2.2025857,0.73419523,0.16000001,0.0,0.16742268,0.0,0.0,2576000
hardzero_only__c0p58__z1p00__lam0p000__nu0p50__psi0p00,hardzero_only,0.052,38,805,0.0,2,0.36373597,0.36373597,1.0434169,0.0,0.09048636,0.0,0.0,0.052,-28.048876,2.295563,0.7651877,0.104,0.0,0.16903219,0.0,0.0,2579200
hardzero_only__c0p58__z1p00__lam0p000__nu0p50__psi0p00,hardzero_only,0.052,38,806,0.0,2,0.36373597,0.36373597,1.045092,0.0,0.09013802,0.0,0.0,0.052,-27.005749,2.2992482,0.7664161,0.14,0.0,0.18781975,0.0,0.0,2582400
hardzero_only__c0p58__z1p00__lam0p000__nu0p50__psi0p00,hardzero_only,0.052,38,807,0.0,2,0.36373597,0.36373597,1.0200115,0.0,0.09549673,0.0,0.0,0.052,-26.77207,2.2440703,0.74802345,0.192,0.0,0.15616685,0.0,0.0,2585600
hardzero_only__c0p58__z1p00__lam0p000__nu0p50__psi0p00,hardzero_only,0.052,38,808,0.0,2,0.36373597,0.36897555,0.9967072,0.10076107,0.10076107,1.0,0.0052395756,0.052,-27.491255,2.1927996,0.7309332,0.17600001,0.0,0.16477786,0.0,0.0,2588800
hardzero_only__c0p58__z1p00__lam0p000__nu0p50__psi0p00,hardzero_only,0.052,38,809,0.0,2,0.36897555,0.36897555,1.0961596,0.0,0.08013836,0.0,0.0,0.052,-29.011406,2.4115992,0.8038664,0.16000001,0.0,0.19641659,0.0,0.0,2592000
hardzero_only__c0p58__z1p00__lam0p000__nu0p50__psi0p00,hardzero_only,0.052,38,810,0.0,2,0.36897555,0.36897555,1.0707544,0.0,0.08496608,0.0,0.0,0.052,-27.600212,2.3557067,0.7852356,0.17600001,0.0,0.17700219,0.0,0.0,2595200
hardzero_only__c0p58__z1p00__lam0p000__nu0p50__psi0p00,hardzero_only,0.052,38,811,0.0,2,0.36897555,0.36897555,1.1000133,0.0,0.0794304,0.0,0.0,0.052,-28.2977,2.4200776,0.80669254,0.17600001,0.0,0.18074758,0.0,0.0,2598400
hardzero_only__c0p58__z1p00__lam0p000__nu0p50__psi0p00,hardzero_only,0.052,38,812,0.0,2,0.36897555,0.3744651,0.97646636,0.10556833,0.10556833,1.0,0.0054895533,0.052,-26.158264,2.148269,0.71608967,0.16800001,0.0,0.14283682,0.0,0.0,2601600
hardzero_only__c0p58__z1p00__lam0p000__nu0p50__psi0p00,hardzero_only,0.052,38,813,0.0,2,0.3744651,0.37989762,0.9810026,0.10447139,0.10447139,1.0,0.0054325126,0.052,-26.140991,2.158249,0.7194163,0.15200001,0.0,0.1589947,0.0,0.0,2604800
hardzero_only__c0p58__z1p00__lam0p000__nu0p50__psi0p00,hardzero_only,0.052,38,814,0.0,2,0.37989762,0.38577628,0.94672525,0.11305109,0.11305109,1.0,0.0058786566,0.052,-26.170708,2.082837,0.6942791,0.15200001,0.0,0.13369232,0.0,0.0,2608000
hardzero_only__c0p58__z1p00__lam0p000__nu0p50__psi0p00,hardzero_only,0.052,38,815,0.0,2,0.38577628,0.39120805,0.98106277,0.104456924,0.104456924,1.0,0.00543176,0.052,-27.032448,2.1583812,0.7194604,0.208,0.0,0.1544934,0.0,0.0,2611200
hardzero_only__c0p58__z1p00__lam0p000__nu0p50__psi0p00,hardzero_only,0.052,38,816,0.0,2,0.39120805,0.39663407,0.98152107,0.10434675,0.10434675,1.0,0.005426031,0.052,-26.47904,2.1593895,0.71979654,0.104,0.0,0.13547872,0.0,0.0,2614400
hardzero_only__c0p58__z1p00__lam0p000__nu0p50__psi0p00,hardzero_only,0.052,38,817,0.0,2,0.39663407,0.39663407,1.0139389,0.0,0.09684141,0.0,0.0,0.052,-27.524603,2.23071,0.74357,0.128,0.0,0.15185761,0.0,0.0,2617600
hardzero_only__c0p58__z1p00__lam0p000__nu0p50__psi0p00,hardzero_only,0.052,38,818,0.0,2,0.39663407,0.39663407,1.0045605,0.0,0.09895541,0.0,0.0,0.052,-26.893856,2.2100773,0.7366924,0.15200001,0.0,0.13832979,0.0,0.0,2620800
hardzero_only__c0p58__z1p00__lam0p000__nu0p50__psi0p00,hardzero_only,0.052,38,819,0.0,2,0.39663407,0.39663407,1.0066806,0.0,0.09847349,0.0,0.0,0.052,-27.050093,2.2147415,0.73824716,0.13,0.0,0.16202396,0.0,0.0,2624000
hardzero_only__c0p58__z1p00__lam0p000__nu0p50__psi0p00,hardzero_only,0.052,38,820,0.0,2,0.39663407,0.39663407,1.024854,0.0,0.09443784,0.0,0.0,0.052,-27.497011,2.2547238,0.75157464,0.104,0.0,0.15842696,0.0,0.0,2627200
hardzero_only__c0p58__z1p00__lam0p000__nu0p50__psi0p00,hardzero_only,0.052,38,821,0.0,2,0.39663407,0.39663407,1.0333898,0.0,0.09259983,0.0,0.0,0.052,-27.43367,2.273503,0.7578344,0.128,0.0,0.17686848,0.0,0.0,2630400
hardzero_only__c0p58__z1p00__lam0p000__nu0p50__psi0p00,hardzero_only,0.052,38,822,0.0,2,0.39663407,0.39663407,1.0821308,0.0,0.08276928,0.0,0.0,0.052,-27.500427,2.3807352,0.7935784,0.136,0.0,0.17671923,0.0,0.0,2633600
hardzero_only__c0p58__z1p00__lam0p000__nu0p50__psi0p00,hardzero_only,0.052,38,823,0.0,2,0.39663407,0.39663407,1.0007709,0.0,0.099822655,0.0,0.0,0.052,-27.04212,2.20174,0.73391336,0.16000001,0.0,0.1439986,0.0,0.0,2636800
hardzero_only__c0p58__z1p00__lam0p000__nu0p50__psi0p00,hardzero_only,0.052,38,824,0.0,2,0.39663407,0.39663407,1.0076232,0.0,0.09826001,0.0,0.0,0.052,-27.399038,2.2168152,0.73893845,0.16800001,0.0,0.15242904,0.0,0.0,2640000
hardzero_only__c0p58__z1p00__lam0p000__nu0p50__psi0p00,hardzero_only,0.052,38,825,0.0,2,0.39663407,0.39663407,1.0863688,0.0,0.081965506,0.0,0.0,0.052,-28.38579,2.390059,0.79668635,0.17600001,0.0,0.17427883,0.0,0.0,2643200
hardzero_only__c0p58__z1p00__lam0p000__nu0p50__psi0p00,hardzero_only,0.052,38,826,0.0,2,0.39663407,0.39663407,1.0313344,0.0,0.09303911,0.0,0.0,0.052,-27.674288,2.268981,0.75632703,0.128,0.0,0.16801871,0.0,0.0,2646400
hardzero_only__c0p58__z1p00__lam0p000__nu0p50__psi0p00,hardzero_only,0.052,38,827,0.0,2,0.39663407,0.39663407,1.0237395,0.0,0.09468048,0.0,0.0,0.052,-26.929008,2.2522717,0.7507572,0.14400001,0.0,0.17692086,0.0,0.0,2649600
hardzero_only__c0p58__z1p00__lam0p000__nu0p50__psi0p00,hardzero_only,0.052,38,828,0.0,2,0.39663407,0.39663407,1.0403628,0.0,0.091124915,0.0,0.0,0.052,-27.092869,2.2888439,0.762948,0.18400002,0.0,0.16620837,0.0,0.0,2652800
hardzero_only__c0p58__z1p00__lam0p000__nu0p50__psi0p00,hardzero_only,0.052,38,829,0.0,2,0.39663407,0.39663407,1.0589154,0.0,0.08731413,0.0,0.0,0.052,-27.843843,2.3296604,0.7765535,0.112,0.0,0.14952919,0.0,0.0,2656000
hardzero_only__c0p58__z1p00__lam0p000__nu0p50__psi0p00,hardzero_only,0.052,38,830,0.0,2,0.39663407,0.4019761,0.98829526,0.10273175,0.10273175,1.0,0.005342051,0.052,-27.719824,2.174293,0.72476435,0.192,0.0,0.16439624,0.0,0.0,2659200
hardzero_only__c0p58__z1p00__lam0p000__nu0p50__psi0p00,hardzero_only,0.052,38,831,0.0,2,0.4019761,0.4019761,1.0301112,0.0,0.093301535,0.0,0.0,0.052,-27.558004,2.26629,0.75543,0.16000001,0.0,0.16190414,0.0,0.0,2662400
hardzero_only__c0p58__z1p00__lam0p000__nu0p50__psi0p00,hardzero_only,0.052,38,832,0.0,2,0.4019761,0.4019761,1.0366986,0.0,0.091897026,0.0,0.0,0.052,-27.523495,2.2807825,0.7602608,0.24,0.0,0.18134472,0.0,0.0,2665600
hardzero_only__c0p58__z1p00__lam0p000__nu0p50__psi0p00,hardzero_only,0.052,38,833,0.0,2,0.4019761,0.4019761,1.0133574,0.0,0.09697117,0.0,0.0,0.052,-28.199419,2.229431,0.7431437,0.16800001,0.0,0.17075364,0.0,0.0,2668800
hardzero_only__c0p58__z1p00__lam0p000__nu0p50__psi0p00,hardzero_only,0.052,38,834,0.0,2,0.4019761,0.4019761,1.0226363,0.0,0.09492131,0.0,0.0,0.052,-26.764755,2.2498448,0.74994826,0.18400002,0.0,0.15789545,0.0,0.0,2672000
hardzero_only__c0p58__z1p00__lam0p000__nu0p50__psi0p00,hardzero_only,0.052,38,835,0.0,2,0.4019761,0.4019761,1.019803,0.0,0.095542565,0.0,0.0,0.052,-27.088564,2.2436116,0.74787056,0.14400001,0.0,0.17541601,0.0,0.0,2675200
hardzero_only__c0p58__z1p00__lam0p000__nu0p50__psi0p00,hardzero_only,0.052,38,836,0.0,2,0.4019761,0.4019761,1.069493,0.0,0.085213214,0.0,0.0,0.052,-27.778105,2.3529317,0.7843106,0.120000005,0.0,0.16507837,0.0,0.0,2678400
hardzero_only__c0p58__z1p00__lam0p000__nu0p50__psi0p00,hardzero_only,0.052,38,837,0.0,2,0.4019761,0.4078335,0.948299,0.11264216,0.11264216,1.0,0.0058573927,0.052,-25.917358,2.0862994,0.69543314,0.216,0.0,0.14310397,0.0,0.0,2681600
hardzero_only__c0p58__z1p00__lam0p000__nu0p50__psi0p00,hardzero_only,0.052,38,838,0.0,2,0.4078335,0.4078335,1.0877455,0.0,0.08170609,0.0,0.0,0.052,-28.719229,2.393088,0.79769605,0.15200001,0.0,0.19336642,0.0,0.0,2684800
hardzero_only__c0p58__z1p00__lam0p000__nu0p50__psi0p00,hardzero_only,0.052,38,839,0.0,2,0.4078335,0.4130867,0.99557674,0.101023704,0.101023704,1.0,0.0052532325,0.052,-26.94508,2.1903126,0.7301042,0.15200001,0.0,0.16312805,0.0,0.0,2688000
hardzero_only__c0p58__z1p00__lam0p000__nu0p50__psi0p00,hardzero_only,0.052,38,840,0.0,2,0.4130867,0.4130867,1.0059398,0.0,0.09864162,0.0,0.0,0.052,-27.120575,2.2131119,0.737704,0.224,0.0,0.15690501,0.0,0.0,2691200
hardzero_only__c0p58__z1p00__lam0p000__nu0p50__psi0p00,hardzero_only,0.052,38,841,0.0,2,0.4130867,0.4130867,1.0593015,0.0,0.08723654,0.0,0.0,0.052,-27.539606,2.33051,0.77683663,0.17600001,0.0,0.1631749,0.0,0.0,2694400
hardzero_only__c0p58__z1p00__lam0p000__nu0p50__psi0p00,hardzero_only,0.052,38,842,0.0,2,0.4130867,0.4130867,1.0312309,0.0,0.09306129,0.0,0.0,0.052,-27.245417,2.2687533,0.7562511,0.104,0.0,0.15267414,0.0,0.0,2697600
hardzero_only__c0p58__z1p00__lam0p000__nu0p50__psi0p00,hardzero_only,0.052,38,843,0.0,2,0.4130867,0.4130867,1.0055147,0.0,0.09873821,0.0,0.0,0.052,-26.427423,2.2121766,0.7373922,0.120000005,0.0,0.15594697,0.0,0.0,2700800
hardzero_only__c0p58__z1p00__lam0p000__nu0p50__psi0p00,hardzero_only,0.052,38,844,0.0,2,0.4130867,0.4130867,1.030936,0.0,0.09312451,0.0,0.0,0.052,-26.820148,2.2681046,0.75603485,0.2,0.0,0.17248142,0.0,0.0,2704000
hardzero_only__c0p58__z1p00__lam0p000__nu0p50__psi0p00,hardzero_only,0.052,38,845,0.0,2,0.4130867,0.4130867,1.0586655,0.0,0.0873644,0.0,0.0,0.052,-26.501179,2.3291106,0.7763702,0.17,0.0,0.14842916,0.0,0.0,2707200
hardzero_only__c0p58__z1p00__lam0p000__nu0p50__psi0p00,hardzero_only,0.052,38,846,0.0,2,0.4130867,0.4130867,1.0236822,0.0,0.09469297,0.0,0.0,0.052,-27.868923,2.252146,0.7507154,0.18400002,0.0,0.1962817,0.0,0.0,2710400
hardzero_only__c0p58__z1p00__lam0p000__nu0p50__psi0p00,hardzero_only,0.052,38,847,0.0,2,0.4130867,0.4130867,1.0564936,0.0,0.087802395,0.0,0.0,0.052,-27.729078,2.3243325,0.77477753,0.16800001,0.0,0.16668436,0.0,0.0,2713600
hardzero_only__c0p58__z1p00__lam0p000__nu0p50__psi0p00,hardzero_only,0.052,38,848,0.0,2,0.4130867,0.4130867,1.0599265,0.0,0.08711109,0.0,0.0,0.052,-27.89924,2.3318849,0.777295,0.120000005,0.0,0.18249545,0.0,0.0,2716800
hardzero_only__c0p58__z1p00__lam0p000__nu0p50__psi0p00,hardzero_only,0.052,38,849,0.0,2,0.4130867,0.4130867,1.0127659,0.0,0.09710332,0.0,0.0,0.052,-27.093998,2.2281294,0.7427098,0.15200001,0.0,0.13998204,0.0,0.0,2720000
hardzero_only__c0p58__z1p00__lam0p000__nu0p50__psi0p00,hardzero_only,0.052,38,850,0.0,2,0.4130867,0.4130867,1.0449843,0.0,0.09016037,0.0,0.0,0.052,-27.939375,2.2990115,0.76633716,0.14400001,0.0,0.1803656,0.0,0.0,2723200
hardzero_only__c0p58__z1p00__lam0p000__nu0p50__psi0p00,hardzero_only,0.052,38,851,0.0,2,0.4130867,0.4130867,1.0096424,0.0,0.09780423,0.0,0.0,0.052,-26.910946,2.2212574,0.74041915,0.14400001,0.0,0.1557037,0.0,0.0,2726400
hardzero_only__c0p58__z1p00__lam0p000__nu0p50__psi0p00,hardzero_only,0.052,38,852,0.0,2,0.4130867,0.4183403,0.9955489,0.101030186,0.101030186,1.0,0.0052535697,0.052,-26.394464,2.1902514,0.7300838,0.16800001,0.0,0.13781391,0.0,0.0,2729600
hardzero_only__c0p58__z1p00__lam0p000__nu0p50__psi0p00,hardzero_only,0.052,38,853,0.0,2,0.4183403,0.4183403,1.0411083,0.0,0.090968646,0.0,0.0,0.052,-27.244944,2.290484,0.7634947,0.2,0.008,0.15675168,0.0,0.0,2732800
hardzero_only__c0p58__z1p00__lam0p000__nu0p50__psi0p00,hardzero_only,0.052,38,854,0.0,2,0.4183403,0.4183403,1.0242546,0.0,0.09456827,0.0,0.0,0.052,-27.461988,2.253405,0.75113505,0.224,0.0,0.17274036,0.0,0.0,2736000
hardzero_only__c0p58__z1p00__lam0p000__nu0p50__psi0p00,hardzero_only,0.052,38,855,0.0,2,0.4183403,0.4183403,1.0226785,0.0,0.09491208,0.0,0.0,0.052,-26.558823,2.2499375,0.7499792,0.136,0.0,0.19379407,0.0,0.0,2739200
hardzero_only__c0p58__z1p00__lam0p000__nu0p50__psi0p00,hardzero_only,0.052,38,856,0.0,2,0.4183403,0.42401165,0.96231663,0.10906448,0.10906448,1.0,0.005671353,0.052,-26.521584,2.1171389,0.705713,0.16800001,0.0,0.1568684,0.0,0.0,2742400
hardzero_only__c0p58__z1p00__lam0p000__nu0p50__psi0p00,hardzero_only,0.052,38,857,0.0,2,0.42401165,0.42401165,1.00891,0.0,0.09796931,0.0,0.0,0.052,-26.032278,2.2196462,0.7398821,0.120000005,0.008,0.1523329,0.0,0.0,2745600
hardzero_only__c0p58__z1p00__lam0p000__nu0p50__psi0p00,hardzero_only,0.052,38,858,0.0,2,0.42401165,0.42401165,1.040352,0.0,0.091127194,0.0,0.0,0.052,-27.71701,2.28882,0.76294005,0.099999994,0.0,0.1729662,0.0,0.0,2748800
hardzero_only__c0p58__z1p00__lam0p000__nu0p50__psi0p00,hardzero_only,0.052,38,859,0.0,2,0.42401165,0.42401165,1.0099539,0.0,0.09773409,0.0,0.0,0.052,-26.930426,2.221943,0.7406477,0.16800001,0.0,0.17671396,0.0,0.0,2752000
hardzero_only__c0p58__z1p00__lam0p000__nu0p50__psi0p00,hardzero_only,0.052,38,860,0.0,2,0.42401165,0.42934594,0.9889272,0.10258237,0.10258237,1.0,0.0053342837,0.052,-26.58528,2.1756833,0.7252278,0.15200001,0.0,0.14510238,0.0,0.0,2755200
hardzero_only__c0p58__z1p00__lam0p000__nu0p50__psi0p00,hardzero_only,0.052,38,861,0.0,2,0.42934594,0.42934594,1.083322,0.0,0.08254255,0.0,0.0,0.052,-27.929268,2.383356,0.7944521,0.104,0.0,0.19383635,0.0,0.0,2758400
hardzero_only__c0p58__z1p00__lam0p000__nu0p50__psi0p00,hardzero_only,0.052,38,862,0.0,2,0.42934594,0.42934594,1.0159831,0.0,0.09638664,0.0,0.0,0.052,-27.232786,2.2352076,0.7450692,0.16000001,0.0,0.19184536,0.0,0.0,2761600
hardzero_only__c0p58__z1p00__lam0p000__nu0p50__psi0p00,hardzero_only,0.052,38,863,0.0,2,0.42934594,0.42934594,1.0286225,0.0,0.093621895,0.0,0.0,0.052,-28.534834,2.2630148,0.75433826,0.17600001,0.0,0.16878355,0.0,0.0,2764800
hardzero_only__c0p58__z1p00__lam0p000__nu0p50__psi0p00,hardzero_only,0.052,38,864,0.0,2,0.42934594,0.42934594,1.0433546,0.0,0.09049933,0.0,0.0,0.052,-28.418152,2.295426,0.76514196,0.096,0.0,0.1536472,0.0,0.0,2768000
hardzero_only__c0p58__z1p00__lam0p000__nu0p50__psi0p00,hardzero_only,0.052,38,865,0.0,2,0.42934594,0.43474337,0.9838154,0.10379695,0.10379695,1.0,0.005397442,0.052,-26.330221,2.164437,0.72147906,0.208,0.0,0.14215969,0.0,0.0,2771200
hardzero_only__c0p58__z1p00__lam0p000__nu0p50__psi0p00,hardzero_only,0.052,38,866,0.0,2,0.43474337,0.4401098,0.9863179,0.10320056,0.10320056,1.0,0.005366429,0.052,-26.400106,2.1699426,0.7233142,0.216,0.008,0.17377493,0.0,0.0,2774400
hardzero_only__c0p58__z1p00__lam0p000__nu0p50__psi0p00,hardzero_only,0.052,38,867,0.0,2,0.4401098,0.4401098,1.0256374,0.0,0.09426764,0.0,0.0,0.052,-26.86981,2.2564473,0.7521491,0.18400002,0.0,0.15242991,0.0,0.0,2777600
hardzero_only__c0p58__z1p00__lam0p000__nu0p50__psi0p00,hardzero_only,0.052,38,868,0.0,2,0.4401098,0.4453779,0.99435014,0.101309426,0.101309426,1.0,0.0052680904,0.052,-26.883078,2.187614,0.72920465,0.16000001,0.0,0.14179736,0.0,0.0,2780800
hardzero_only__c0p58__z1p00__lam0p000__nu0p50__psi0p00,hardzero_only,0.052,38,869,0.0,2,0.4453779,0.4453779,1.0289831,0.0,0.09354421,0.0,0.0,0.052,-27.177013,2.263808,0.7546027,0.16000001,0.0,0.14270625,0.0,0.0,2784000
hardzero_only__c0p58__z1p00__lam0p000__nu0p50__psi0p00,hardzero_only,0.052,38,870,0.0,2,0.4453779,0.4453779,1.0418943,0.0,0.09080413,0.0,0.0,0.052,-27.763752,2.2922132,0.7640711,0.136,0.0,0.16644733,0.0,0.0,2787200
hardzero_only__c0p58__z1p00__lam0p000__nu0p50__psi0p00,hardzero_only,0.052,38,871,0.0,2,0.4453779,0.4453779,1.024047,0.0,0.09461347,0.0,0.0,0.052,-27.32425,2.2529485,0.7509829,0.13,0.0,0.16469271,0.0,0.0,2790400
hardzero_only__c0p58__z1p00__lam0p000__nu0p50__psi0p00,hardzero_only,0.052,38,872,0.0,2,0.4453779,0.4453779,1.0543143,0.0,0.08824412,0.0,0.0,0.052,-29.016376,2.3195376,0.77317923,0.120000005,0.0,0.17411566,0.0,0.0,2793600
hardzero_only__c0p58__z1p00__lam0p000__nu0p50__psi0p00,hardzero_only,0.052,38,873,0.0,2,0.4453779,0.4453779,1.0315472,0.0,0.092993535,0.0,0.0,0.052,-27.096556,2.2694492,0.7564831,0.2,0.0,0.18635455,0.0,0.0,2796800
hardzero_only__c0p58__z1p00__lam0p000__nu0p50__psi0p00,hardzero_only,0.052,38,874,0.0,2,0.4453779,0.4453779,1.0579987,0.0,0.08749865,0.0,0.0,0.052,-28.273497,2.3276434,0.7758812,0.120000005,0.0,0.16345294,0.0,0.0,2800000
hardzero_only__c0p58__z1p00__lam0p000__nu0p50__psi0p00,hardzero_only,0.052,38,875,0.0,2,0.4453779,0.4453779,1.0298346,0.0,0.093360975,0.0,0.0,0.052,-27.186785,2.2656815,0.7552272,0.16000001,0.0,0.1701974,0.0,0.0,2803200
hardzero_only__c0p58__z1p00__lam0p000__nu0p50__psi0p00,hardzero_only,0.052,38,876,0.0,2,0.4453779,0.4453779,1.0456806,0.0,0.09001592,0.0,0.0,0.052,-28.13168,2.3005433,0.7668478,0.17600001,0.0,0.17390488,0.0,0.0,2806400
hardzero_only__c0p58__z1p00__lam0p000__nu0p50__psi0p00,hardzero_only,0.052,38,877,0.0,2,0.4453779,0.450604,0.997824,0.10050229,0.10050229,1.0,0.005226119,0.052,-26.708815,2.1952567,0.7317523,0.14400001,0.0,0.18067732,0.0,0.0,2809600
hardzero_only__c0p58__z1p00__lam0p000__nu0p50__psi0p00,hardzero_only,0.052,38,878,0.0,2,0.450604,0.450604,1.0625114,0.0,0.08659416,0.0,0.0,0.052,-28.374743,2.3375719,0.77919066,0.136,0.0,0.1693781,0.0,0.0,2812800
hardzero_only__c0p58__z1p00__lam0p000__nu0p50__psi0p00,hardzero_only,0.052,38,879,0.0,2,0.450604,0.450604,1.0375466,0.0,0.091717735,0.0,0.0,0.052,-27.981825,2.282648,0.76088274,0.16800001,0.0,0.18112496,0.0,0.0,2816000
hardzero_only__c0p58__z1p00__lam0p000__nu0p50__psi0p00,hardzero_only,0.052,38,880,0.0,2,0.450604,0.450604,1.0333765,0.0,0.09260268,0.0,0.0,0.052,-27.02138,2.2734735,0.75782454,0.136,0.0,0.14898005,0.0,0.0,2819200
hardzero_only__c0p58__z1p00__lam0p000__nu0p50__psi0p00,hardzero_only,0.052,38,881,0.0,2,0.450604,0.4560138,0.9828223,0.10403457,0.10403457,1.0,0.005409798,0.052,-25.293076,2.1622522,0.72075075,0.2,0.0,0.16364498,0.0,0.0,2822400
hardzero_only__c0p58__z1p00__lam0p000__nu0p50__psi0p00,hardzero_only,0.052,38,882,0.0,2,0.4560138,0.4560138,1.0667351,0.0,0.085756056,0.0,0.0,0.052,-27.93033,2.3468642,0.7822881,0.16800001,0.0,0.15921755,0.0,0.0,2825600
hardzero_only__c0p58__z1p00__lam0p000__nu0p50__psi0p00,hardzero_only,0.052,38,883,0.0,2,0.4560138,0.4560138,1.0471913,0.0,0.089703366,0.0,0.0,0.052,-27.558786,2.3038669,0.76795566,0.128,0.0,0.1376625,0.0,0.0,2828800
hardzero_only__c0p58__z1p00__lam0p000__nu0p50__psi0p00,hardzero_only,0.052,38,884,0.0,2,0.4560138,0.4560138,1.1082247,0.0,0.077942654,0.0,0.0,0.052,-28.804478,2.4381433,0.81271446,0.19,0.0,0.18097764,0.0,0.0,2832000
hardzero_only__c0p58__z1p00__lam0p000__nu0p50__psi0p00,hardzero_only,0.052,38,885,0.0,2,0.4560138,0.4560138,1.0311596,0.0,0.09307656,0.0,0.0,0.052,-27.742235,2.2685964,0.7561988,0.17600001,0.008,0.18728109,0.0,0.0,2835200
hardzero_only__c0p58__z1p00__lam0p000__nu0p50__psi0p00,hardzero_only,0.052,38,886,0.0,2,0.4560138,0.4560138,1.1099043,0.0,0.07764182,0.0,0.0,0.052,-28.05825,2.4418383,0.8139461,0.15200001,0.0,0.18465391,0.0,0.0,2838400
hardzero_only__c0p58__z1p00__lam0p000__nu0p50__psi0p00,hardzero_only,0.052,38,887,0.0,2,0.4560138,0.4560138,1.0474774,0.0,0.08964429,0.0,0.0,0.052,-27.067518,2.3044963,0.76816547,0.18400002,0.0,0.18213275,0.0,0.0,2841600
hardzero_only__c0p58__z1p00__lam0p000__nu0p50__psi0p00,hardzero_only,0.052,38,888,0.0,2,0.4560138,0.4560138,1.0694411,0.0,0.085223414,0.0,0.0,0.052,-28.308918,2.3528173,0.78427243,0.112,0.0,0.17718796,0.0,0.0,2844800
hardzero_only__c0p58__z1p00__lam0p000__nu0p50__psi0p00,hardzero_only,0.052,38,889,0.0,2,0.4560138,0.4560138,1.071544,0.0,0.08481173,0.0,0.0,0.052,-28.181435,2.357444,0.7858147,0.2,0.0,0.17074189,0.0,0.0,2848000
hardzero_only__c0p58__z1p00__lam0p000__nu0p50__psi0p00,hardzero_only,0.052,38,890,0.0,2,0.4560138,0.4560138,1.0074629,0.0,0.0982963,0.0,0.0,0.052,-26.900524,2.2164626,0.7388209,0.224,0.008,0.17288831,0.0,0.0,2851200
hardzero_only__c0p58__z1p00__lam0p000__nu0p50__psi0p00,hardzero_only,0.052,38,891,0.0,2,0.4560138,0.4560138,1.0608044,0.0,0.086935185,0.0,0.0,0.052,-28.12613,2.3338163,0.7779388,0.128,0.0,0.21504772,0.0,0.0,2854400
hardzero_only__c0p58__z1p00__lam0p000__nu0p50__psi0p00,hardzero_only,0.052,38,892,0.0,2,0.4560138,0.4560138,1.0764494,0.0,0.08385917,0.0,0.0,0.052,-28.84392,2.368236,0.789412,0.120000005,0.0,0.20648639,0.0,0.0,2857600
hardzero_only__c0p58__z1p00__lam0p000__nu0p50__psi0p00,hardzero_only,0.052,38,893,0.0,2,0.4560138,0.4560138,1.0228275,0.0,0.09487952,0.0,0.0,0.052,-27.253965,2.2502654,0.75008845,0.112,0.0,0.14761485,0.0,0.0,2860800
hardzero_only__c0p58__z1p00__lam0p000__nu0p50__psi0p00,hardzero_only,0.052,38,894,0.0,2,0.4560138,0.4560138,1.0696558,0.0,0.08518128,0.0,0.0,0.052,-27.624533,2.3532896,0.7844299,0.136,0.0,0.15129882,0.0,0.0,2864000
hardzero_only__c0p58__z1p00__lam0p000__nu0p50__psi0p00,hardzero_only,0.052,38,895,0.0,2,0.4560138,0.4560138,1.0268203,0.0,0.0940112,0.0,0.0,0.052,-26.850904,2.25905,0.75301665,0.15200001,0.0,0.1362992,0.0,0.0,2867200
hardzero_only__c0p58__z1p00__lam0p000__nu0p50__psi0p00,hardzero_only,0.052,38,896,0.0,2,0.4560138,0.4560138,1.0330963,0.0,0.09266242,0.0,0.0,0.052,-27.087004,2.2728572,0.7576191,0.216,0.008,0.18533957,0.0,0.0,2870400
hardzero_only__c0p58__z1p00__lam0p000__nu0p50__psi0p00,hardzero_only,0.052,38,897,0.0,2,0.4560138,0.46143332,0.98204345,0.104221314,0.104221314,1.0,0.0054195086,0.052,-26.860636,2.1605387,0.72017956,0.19,0.0,0.15653193,0.0,0.0,2873600
hardzero_only__c0p58__z1p00__lam0p000__nu0p50__psi0p00,hardzero_only,0.052,38,898,0.0,2,0.46143332,0.46143332,1.0397245,0.0,0.09125896,0.0,0.0,0.052,-27.262604,2.2874396,0.7624799,0.16800001,0.0,0.16707638,0.0,0.0,2876800
hardzero_only__c0p58__z1p00__lam0p000__nu0p50__psi0p00,hardzero_only,0.052,38,899,0.0,2,0.46143332,0.46143332,1.0185803,0.0,0.09581195,0.0,0.0,0.052,-26.91083,2.2409215,0.7469739,0.120000005,0.0,0.14988309,0.0,0.0,2880000
hardzero_only__c0p58__z1p00__lam0p000__nu0p50__psi0p00,hardzero_only,0.052,38,900,0.0,2,0.46143332,0.46143332,1.0646178,0.0,0.08617517,0.0,0.0,0.052,-27.373531,2.3422058,0.78073525,0.14400001,0.0,0.15479851,0.0,0.0,2883200
hardzero_only__c0p58__z1p00__lam0p000__nu0p50__psi0p00,hardzero_only,0.052,38,901,0.0,2,0.46143332,0.46143332,1.0097717,0.0,0.097775094,0.0,0.0,0.052,-27.846308,2.2215421,0.74051404,0.16800001,0.0,0.16302168,0.0,0.0,2886400
hardzero_only__c0p58__z1p00__lam0p000__nu0p50__psi0p00,hardzero_only,0.052,38,902,0.0,2,0.46143332,0.46143332,1.0276958,0.0,0.09382188,0.0,0.0,0.052,-27.684347,2.2609758,0.75365865,0.2,0.0,0.18508844,0.0,0.0,2889600
hardzero_only__c0p58__z1p00__lam0p000__nu0p50__psi0p00,hardzero_only,0.052,38,903,0.0,2,0.46143332,0.46680504,0.9858899,0.10330234,0.10330234,1.0,0.0053717215,0.052,-26.488512,2.169001,0.7230004,0.16800001,0.0,0.15398929,0.0,0.0,2892800
hardzero_only__c0p58__z1p00__lam0p000__nu0p50__psi0p00,hardzero_only,0.052,38,904,0.0,2,0.46680504,0.46680504,1.0050316,0.0,0.09884811,0.0,0.0,0.052,-27.381758,2.2111137,0.7370379,0.15200001,0.0,0.17140186,0.0,0.0,2896000
hardzero_only__c0p58__z1p00__lam0p000__nu0p50__psi0p00,hardzero_only,0.052,38,905,0.0,2,0.46680504,0.46680504,1.0542815,0.0,0.08825078,0.0,0.0,0.052,-27.821505,2.3194656,0.7731552,0.136,0.0,0.1679787,0.0,0.0,2899200
hardzero_only__c0p58__z1p00__lam0p000__nu0p50__psi0p00,hardzero_only,0.052,38,906,0.0,2,0.46680504,0.47212562,0.99004525,0.10231862,0.10231862,1.0,0.0053205686,0.052,-26.857136,2.178143,0.7260477,0.18400002,0.0,0.14909196,0.0,0.0,2902400
hardzero_only__c0p58__z1p00__lam0p000__nu0p50__psi0p00,hardzero_only,0.052,38,907,0.0,2,0.47212562,0.47212562,1.0583669,0.0,0.08742449,0.0,0.0,0.052,-27.196613,2.3284538,0.7761513,0.17600001,0.0,0.17041191,0.0,0.0,2905600
hardzero_only__c0p58__z1p00__lam0p000__nu0p50__psi0p00,hardzero_only,0.052,38,908,0.0,2,0.47212562,0.47212562,1.0909501,0.0,0.08110541,0.0,0.0,0.052,-28.305584,2.4001381,0.8000461,0.14400001,0.0,0.17513615,0.0,0.0,2908800
hardzero_only__c0p58__z1p00__lam0p000__nu0p50__psi0p00,hardzero_only,0.052,38,909,0.0,2,0.47212562,0.47212562,1.0239444,0.0,0.09463582,0.0,0.0,0.052,-27.15215,2.2527225,0.75090754,0.16800001,0.0,0.14950342,0.0,0.0,2912000
hardzero_only__c0p58__z1p00__lam0p000__nu0p50__psi0p00,hardzero_only,0.052,38,910,0.0,2,0.47212562,0.47212562,1.0400258,0.0,0.09119566,0.0,0.0,0.052,-26.821083,2.2881026,0.7627009,0.11,0.0,0.14072,0.0,0.0,2915200
hardzero_only__c0p58__z1p00__lam0p000__nu0p50__psi0p00,hardzero_only,0.052,38,911,0.0,2,0.47212562,0.47212562,1.0206252,0.0,0.09536187,0.0,0.0,0.052,-27.524643,2.2454205,0.7484735,0.16000001,0.0,0.16611741,0.0,0.0,2918400
hardzero_only__c0p58__z1p00__lam0p000__nu0p50__psi0p00,hardzero_only,0.052,38,912,0.0,2,0.47212562,0.47212562,1.030114,0.0,0.093300916,0.0,0.0,0.052,-27.113634,2.2662961,0.75543207,0.120000005,0.0,0.15637746,0.0,0.0,2921600
hardzero_only__c0p58__z1p00__lam0p000__nu0p50__psi0p00,hardzero_only,0.052,38,913,0.0,2,0.47212562,0.47212562,1.0154061,0.0,0.09651479,0.0,0.0,0.052,-26.918135,2.233938,0.744646,0.16800001,0.0,0.16560623,0.0,0.0,2924800
hardzero_only__c0p58__z1p00__lam0p000__nu0p50__psi0p00,hardzero_only,0.052,38,914,0.0,2,0.47212562,0.47212562,1.0743647,0.0,0.08426269,0.0,0.0,0.052,-28.074152,2.3636494,0.78788316,0.136,0.0,0.15897974,0.0,0.0,2928000
hardzero_only__c0p58__z1p00__lam0p000__nu0p50__psi0p00,hardzero_only,0.052,38,915,0.0,2,0.47212562,0.47212562,1.0035033,0.0,0.099196576,0.0,0.0,0.052,-26.752892,2.2077513,0.7359171,0.2,0.0,0.14282323,0.0,0.0,2931200
hardzero_only__c0p58__z1p00__lam0p000__nu0p50__psi0p00,hardzero_only,0.052,38,916,0.0,2,0.47212562,0.47764233,0.9743234,0.10609052,0.10609052,1.0,0.0055167074,0.052,-26.068214,2.1435542,0.7145181,0.16800001,0.0,0.14876463,0.0,0.0,2934400
hardzero_only__c0p58__z1p00__lam0p000__nu0p50__psi0p00,hardzero_only,0.052,38,917,0.0,2,0.47764233,0.47764233,1.0262314,0.0,0.094138786,0.0,0.0,0.052,-27.974127,2.257754,0.7525847,0.2,0.0,0.17384769,0.0,0.0,2937600
hardzero_only__c0p58__z1p00__lam0p000__nu0p50__psi0p00,hardzero_only,0.052,38,918,0.0,2,0.47764233,0.47764233,1.0702696,0.0,0.08506097,0.0,0.0,0.052,-28.28165,2.35464,0.78488004,0.15200001,0.0,0.19460677,0.0,0.0,2940800
hardzero_only__c0p58__z1p00__lam0p000__nu0p50__psi0p00,hardzero_only,0.052,38,919,0.0,2,0.47764233,0.47764233,1.0103384,0.0,0.09764759,0.0,0.0,0.052,-27.35474,2.2227888,0.7409296,0.128,0.0,0.14085247,0.0,0.0,2944000
hardzero_only__c0p58__z1p00__lam0p000__nu0p50__psi0p00,hardzero_only,0.052,38,920,0.0,2,0.47764233,0.47764233,1.0928242,0.0,0.08075619,0.0,0.0,0.052,-28.535982,2.4042614,0.80142045,0.112,0.0,0.20342919,0.0,0.0,2947200
hardzero_only__c0p58__z1p00__lam0p000__nu0p50__psi0p00,hardzero_only,0.052,38,921,0.0,2,0.47764233,0.47764233,1.0013118,0.0,0.0996984,0.0,0.0,0.052,-26.597532,2.20293,0.73431003,0.16800001,0.0,0.15823609,0.0,0.0,2950400
hardzero_only__c0p58__z1p00__lam0p000__nu0p50__psi0p00,hardzero_only,0.052,38,922,0.0,2,0.47764233,0.47764233,1.0399048,0.0,0.09122106,0.0,0.0,0.052,-27.999584,2.2878363,0.7626121,0.14400001,0.0,0.18405864,0.0,0.0,2953600
hardzero_only__c0p58__z1p00__lam0p000__nu0p50__psi0p00,hardzero_only,0.052,38,923,0.0,2,0.47764233,0.47764233,1.0147818,0.0,0.096653625,0.0,0.0,0.052,-27.201822,2.2325647,0.74418825,0.17,0.0,0.1525588,0.0,0.0,2956800
hardzero_only__c0p58__z1p00__lam0p000__nu0p50__psi0p00,hardzero_only,0.052,38,924,0.0,2,0.47764233,0.47764233,1.0425751,0.0,0.0906619,0.0,0.0,0.052,-26.806822,2.2937112,0.7645704,0.15200001,0.0,0.17322655,0.0,0.0,2960000
hardzero_only__c0p58__z1p00__lam0p000__nu0p50__psi0p00,hardzero_only,0.052,38,925,0.0,2,0.47764233,0.47764233,1.0535746,0.0,0.088394545,0.0,0.0,0.052,-27.762554,2.3179104,0.77263683,0.136,0.0,0.16807547,0.0,0.0,2963200
hardzero_only__c0p58__z1p00__lam0p000__nu0p50__psi0p00,hardzero_only,0.052,38,926,0.0,2,0.47764233,0.47764233,1.018027,0.0,0.0959341,0.0,0.0,0.052,-26.634008,2.239704,0.74656796,0.136,0.0,0.13926822,0.0,0.0,2966400
hardzero_only__c0p58__z1p00__lam0p000__nu0p50__psi0p00,hardzero_only,0.052,38,927,0.0,2,0.47764233,0.47764233,1.0092272,0.0,0.09789778,0.0,0.0,0.052,-26.05645,2.220344,0.7401147,0.192,0.0,0.13230604,0.0,0.0,2969600
hardzero_only__c0p58__z1p00__lam0p000__nu0p50__psi0p00,hardzero_only,0.052,38,928,0.0,2,0.47764233,0.47764233,1.0671147,0.0,0.08568113,0.0,0.0,0.052,-27.986303,2.3476992,0.7825664,0.136,0.0,0.17246106,0.0,0.0,2972800
hardzero_only__c0p58__z1p00__lam0p000__nu0p50__psi0p00,hardzero_only,0.052,38,929,0.0,2,0.47764233,0.48287952,0.99690366,0.10071551,0.10071551,1.0,0.005237207,0.052,-25.973593,2.1932318,0.7310773,0.192,0.0,0.1306009,0.0,0.0,2976000
hardzero_only__c0p58__z1p00__lam0p000__nu0p50__psi0p00,hardzero_only,0.052,38,930,0.0,2,0.48287952,0.48287952,1.0550437,0.0,0.088096015,0.0,0.0,0.052,-27.988457,2.3211424,0.7737142,0.120000005,0.0,0.18190289,0.0,0.0,2979200
hardzero_only__c0p58__z1p00__lam0p000__nu0p50__psi0p00,hardzero_only,0.052,38,931,0.0,2,0.48287952,0.48287952,1.0713054,0.0,0.08485836,0.0,0.0,0.052,-27.492178,2.3569188,0.78563964,0.18400002,0.0,0.18119851,0.0,0.0,2982400
hardzero_only__c0p58__z1p00__lam0p000__nu0p50__psi0p00,hardzero_only,0.052,38,932,0.0,2,0.48287952,0.48287952,1.0065367,0.0,0.09850613,0.0,0.0,0.052,-26.943884,2.214425,0.7381417,0.17600001,0.0,0.14073576,0.0,0.0,2985600
hardzero_only__c0p58__z1p00__lam0p000__nu0p50__psi0p00,hardzero_only,0.052,38,933,0.0,2,0.48287952,0.48287952,1.0432937,0.0,0.09051201,0.0,0.0,0.052,-27.605684,2.295292,0.7650973,0.128,0.0,0.17210083,0.0,0.0,2988800
hardzero_only__c0p58__z1p00__lam0p000__nu0p50__psi0p00,hardzero_only,0.052,38,934,0.0,2,0.48287952,0.48287952,1.0534514,0.0,0.08841961,0.0,0.0,0.052,-27.886824,2.3176394,0.77254647,0.14400001,0.0,0.1871845,0.0,0.0,2992000
hardzero_only__c0p58__z1p00__lam0p000__nu0p50__psi0p00,hardzero_only,0.052,38,935,0.0,2,0.48287952,0.48287952,1.0217863,0.0,0.09510725,0.0,0.0,0.052,-26.950935,2.2479749,0.749325,0.14400001,0.0,0.14286812,0.0,0.0,2995200
hardzero_only__c0p58__z1p00__lam0p000__nu0p50__psi0p00,hardzero_only,0.052,38,936,0.0,2,0.48287952,0.48287952,1.0141134,0.0,0.09680249,0.0,0.0,0.052,-27.121557,2.2310941,0.74369806,0.17999999,0.0,0.15861139,0.0,0.0,2998400
hardzero_only__c0p58__z1p00__lam0p000__nu0p50__psi0p00,hardzero_only,0.052,38,937,0.0,2,0.48287952,0.48287952,1.0097518,0.0,0.097779594,0.0,0.0,0.052,-26.499186,2.2214983,0.74049944,0.18400002,0.0,0.118137285,0.0,0.0,3001600
hardzero_only__c0p58__z1p00__lam0p000__nu0p50__psi0p00,hardzero_only,0.052,38,938,0.0,2,0.48287952,0.48287952,1.0201677,0.0,0.095462374,0.0,0.0,0.052,-27.313313,2.2444139,0.74813795,0.2,0.0,0.15358315,0.0,0.0,3004800
hardzero_only__c0p58__z1p00__lam0p000__nu0p50__psi0p00,hardzero_only,0.052,38,939,0.0,2,0.48287952,0.48287952,1.0488827,0.0,0.08935467,0.0,0.0,0.052,-27.55425,2.307588,0.76919603,0.136,0.0,0.19711293,0.0,0.0,3008000
hardzero_only__c0p58__z1p00__lam0p000__nu0p50__psi0p00,hardzero_only,0.052,38,940,0.0,2,0.48287952,0.48287952,1.0675615,0.0,0.08559304,0.0,0.0,0.052,-28.288351,2.3486822,0.7828941,0.17600001,0.0,0.16669129,0.0,0.0,3011200
hardzero_only__c0p58__z1p00__lam0p000__nu0p50__psi0p00,hardzero_only,0.052,38,941,0.0,2,0.48287952,0.48287952,1.0060138,0.0,0.098624825,0.0,0.0,0.052,-26.600506,2.2132745,0.73775816,0.17600001,0.0,0.16923681,0.0,0.0,3014400
hardzero_only__c0p58__z1p00__lam0p000__nu0p50__psi0p00,hardzero_only,0.052,38,942,0.0,2,0.48287952,0.48287952,1.0451142,0.0,0.09013341,0.0,0.0,0.052,-28.005423,2.299297,0.7664324,0.096,0.0,0.18425368,0.0,0.0,3017600
hardzero_only__c0p58__z1p00__lam0p000__nu0p50__psi0p00,hardzero_only,0.052,38,943,0.0,2,0.48287952,0.48827314,0.98412347,0.10372333,0.10372333,1.0,0.0053936136,0.052,-26.286158,2.1651149,0.72170496,0.2,0.0,0.13799635,0.0,0.0,3020800
hardzero_only__c0p58__z1p00__lam0p000__nu0p50__psi0p00,hardzero_only,0.052,38,944,0.0,2,0.48827314,0.48827314,1.0285262,0.0,0.09364267,0.0,0.0,0.052,-27.908777,2.2628028,0.75426763,0.120000005,0.0,0.1607899,0.0,0.0,3024000
hardzero_only__c0p58__z1p00__lam0p000__nu0p50__psi0p00,hardzero_only,0.052,38,945,0.0,2,0.48827314,0.49361354,0.9884288,0.10270019,0.10270019,1.0,0.00534041,0.052,-26.957298,2.1745868,0.7248623,0.224,0.0,0.1867919,0.0,0.0,3027200
hardzero_only__c0p58__z1p00__lam0p000__nu0p50__psi0p00,hardzero_only,0.052,38,946,0.0,2,0.49361354,0.49361354,1.0301399,0.0,0.09329536,0.0,0.0,0.052,-27.896982,2.2663531,0.7554511,0.16800001,0.0,0.16495408,0.0,0.0,3030400
hardzero_only__c0p58__z1p00__lam0p000__nu0p50__psi0p00,hardzero_only,0.052,38,947,0.0,2,0.49361354,0.49361354,1.0478555,0.0,0.089566275,0.0,0.0,0.052,-27.985794,2.3053281,0.76844275,0.208,0.0,0.17809317,0.0,0.0,3033600
hardzero_only__c0p58__z1p00__lam0p000__nu0p50__psi0p00,hardzero_only,0.052,38,948,0.0,2,0.49361354,0.49361354,1.0466038,0.0,0.089824796,0.0,0.0,0.052,-27.112652,2.3025744,0.76752484,0.17600001,0.0,0.14083071,0.0,0.0,3036800
hardzero_only__c0p58__z1p00__lam0p000__nu0p50__psi0p00,hardzero_only,0.052,38,949,0.0,2,0.49361354,0.49361354,1.0509479,0.0,0.08893078,0.0,0.0,0.052,-27.355936,2.3121316,0.7707106,0.13,0.0,0.1990837,0.0,0.0,3040000
hardzero_only__c0p58__z1p00__lam0p000__nu0p50__psi0p00,hardzero_only,0.052,38,950,0.0,2,0.49361354,0.49361354,1.0038246,0.0,0.09912322,0.0,0.0,0.052,-26.789364,2.2084582,0.73615277,0.16800001,0.0,0.16760412,0.0,0.0,3043200
hardzero_only__c0p58__z1p00__lam0p000__nu0p50__psi0p00,hardzero_only,0.052,38,951,0.0,2,0.49361354,0.49361354,1.0184349,0.0,0.09584405,0.0,0.0,0.052,-27.405403,2.2406015,0.7468672,0.16800001,0.0,0.17418994,0.0,0.0,3046400
hardzero_only__c0p58__z1p00__lam0p000__nu0p50__psi0p00,hardzero_only,0.052,38,952,0.0,2,0.49361354,0.49936128,0.9565066,0.110533364,0.110533364,1.0,0.005747735,0.052,-26.490316,2.1043565,0.7014522,0.16000001,0.0,0.17089114,0.0,0.0,3049600
hardzero_only__c0p58__z1p00__lam0p000__nu0p50__psi0p00,hardzero_only,0.052,38,953,0.0,2,0.49936128,0.49936128,1.0275184,0.0,0.09386022,0.0,0.0,0.052,-26.595278,2.2605855,0.75352854,0.120000005,0.0,0.15238497,0.0,0.0,3052800
hardzero_only__c0p58__z1p00__lam0p000__nu0p50__psi0p00,hardzero_only,0.052,38,954,0.0,2,0.49936128,0.49936128,1.038476,0.0,0.09152169,0.0,0.0,0.052,-27.30403,2.2846928,0.76156425,0.136,0.0,0.14924942,0.0,0.0,3056000
hardzero_only__c0p58__z1p00__lam0p000__nu0p50__psi0p00,hardzero_only,0.052,38,955,0.0,2,0.49936128,0.5045648,0.9997063,0.10006764,0.10006764,1.0,0.005203517,0.052,-27.23889,2.1993978,0.7331326,0.128,0.0,0.18372455,0.0,0.0,3059200
hardzero_only__c0p58__z1p00__lam0p000__nu0p50__psi0p00,hardzero_only,0.052,38,956,0.0,2,0.5045648,0.5045648,1.0469213,0.0,0.089759156,0.0,0.0,0.052,-28.14542,2.3032727,0.7677576,0.136,0.0,0.18295741,0.0,0.0,3062400
hardzero_only__c0p58__z1p00__lam0p000__nu0p50__psi0p00,hardzero_only,0.052,38,957,0.0,2,0.5045648,0.5045648,1.0834795,0.0,0.08251263,0.0,0.0,0.052,-28.298517,2.3837025,0.7945675,0.112,0.0,0.15015297,0.0,0.0,3065600
hardzero_only__c0p58__z1p00__lam0p000__nu0p50__psi0p00,hardzero_only,0.052,38,958,0.0,2,0.5045648,0.5045648,1.0357977,0.0,0.09208784,0.0,0.0,0.052,-27.862976,2.2788005,0.75960016,0.15200001,0.0,0.16844429,0.0,0.0,3068800
hardzero_only__c0p58__z1p00__lam0p000__nu0p50__psi0p00,hardzero_only,0.052,38,959,0.0,2,0.5045648,0.5045648,1.0060984,0.0,0.098605596,0.0,0.0,0.052,-26.902622,2.2134607,0.73782027,0.2,0.0,0.17480151,0.0,0.0,3072000
hardzero_only__c0p58__z1p00__lam0p000__nu0p50__psi0p00,hardzero_only,0.052,38,960,0.0,2,0.5045648,0.5045648,1.0409389,0.0,0.09100413,0.0,0.0,0.052,-27.366634,2.2901113,0.76337045,0.136,0.0,0.14668126,0.0,0.0,3075200
hardzero_only__c0p58__z1p00__lam0p000__nu0p50__psi0p00,hardzero_only,0.052,38,961,0.0,2,0.5045648,0.5045648,1.0946189,0.0,0.080423154,0.0,0.0,0.052,-29.11684,2.4082098,0.80273664,0.104,0.0,0.14158832,0.0,0.0,3078400
hardzero_only__c0p58__z1p00__lam0p000__nu0p50__psi0p00,hardzero_only,0.052,38,962,0.0,2,0.5045648,0.5045648,1.0254482,0.0,0.09430871,0.0,0.0,0.052,-27.182627,2.256031,0.75201035,0.14,0.0,0.15747623,0.0,0.0,3081600
hardzero_only__c0p58__z1p00__lam0p000__nu0p50__psi0p00,hardzero_only,0.052,38,963,0.0,2,0.5045648,0.5045648,1.0386059,0.0,0.09149431,0.0,0.0,0.052,-27.413015,2.2849786,0.76165956,0.14400001,0.0,0.16332051,0.0,0.0,3084800
hardzero_only__c0p58__z1p00__lam0p000__nu0p50__psi0p00,hardzero_only,0.052,38,964,0.0,2,0.5045648,0.5045648,1.032258,0.0,0.092841454,0.0,0.0,0.052,-27.030027,2.271013,0.7570044,0.128,0.0,0.16749032,0.0,0.0,3088000
hardzero_only__c0p58__z1p00__lam0p000__nu0p50__psi0p00,hardzero_only,0.052,38,965,0.0,2,0.5045648,0.5100506,0.9767661,0.10549549,0.10549549,1.0,0.0054857656,0.052,-26.320513,2.1489284,0.7163095,0.17600001,0.0,0.16374257,0.0,0.0,3091200
hardzero_only__c0p58__z1p00__lam0p000__nu0p50__psi0p00,hardzero_only,0.052,38,966,0.0,2,0.5100506,0.5100506,1.0333655,0.0,0.09260502,0.0,0.0,0.052,-26.586735,2.2734494,0.7578165,0.192,0.0,0.15308368,0.0,0.0,3094400
hardzero_only__c0p58__z1p00__lam0p000__nu0p50__psi0p00,hardzero_only,0.052,38,967,0.0,2,0.5100506,0.5100506,1.077037,0.0,0.0837458,0.0,0.0,0.052,-28.347666,2.3695288,0.78984296,0.120000005,0.0,0.22001071,0.0,0.0,3097600
hardzero_only__c0p58__z1p00__lam0p000__nu0p50__psi0p00,hardzero_only,0.052,38,968,0.0,2,0.5100506,0.5100506,1.091937,0.0,0.080921344,0.0,0.0,0.052,-27.790262,2.4023092,0.80076975,0.120000005,0.0,0.14037243,0.0,0.0,3100800
hardzero_only__c0p58__z1p00__lam0p000__nu0p50__psi0p00,hardzero_only,0.052,38,969,0.0,2,0.5100506,0.5100506,1.0678369,0.0,0.08553879,0.0,0.0,0.052,-28.13258,2.349288,0.783096,0.17600001,0.0,0.1767546,0.0,0.0,3104000
hardzero_only__c0p58__z1p00__lam0p000__nu0p50__psi0p00,hardzero_only,0.052,38,970,0.0,2,0.5100506,0.515465,0.98245174,0.104123384,0.104123384,1.0,0.005414416,0.052,-27.065102,2.161437,0.720479,0.16800001,0.0,0.15122232,0.0,0.0,3107200
hardzero_only__c0p58__z1p00__lam0p000__nu0p50__psi0p00,hardzero_only,0.052,38,971,0.0,2,0.515465,0.52095544,0.9763955,0.10558554,0.10558554,1.0,0.005490448,0.052,-26.220161,2.148113,0.7160377,0.16000001,0.0,0.15612893,0.0,0.0,3110400
hardzero_only__c0p58__z1p00__lam0p000__nu0p50__psi0p00,hardzero_only,0.052,38,972,0.0,2,0.52095544,0.52095544,1.0163133,0.0,0.09631338,0.0,0.0,0.052,-27.313,2.235934,0.7453114,0.112,0.0,0.17199038,0.0,0.0,3113600
hardzero_only__c0p58__z1p00__lam0p000__nu0p50__psi0p00,hardzero_only,0.052,38,973,0.0,2,0.52095544,0.52095544,1.0630981,0.0,0.08647726,0.0,0.0,0.052,-28.192099,2.3388624,0.7796208,0.136,0.0,0.19990006,0.0,0.0,3116800
hardzero_only__c0p58__z1p00__lam0p000__nu0p50__psi0p00,hardzero_only,0.052,38,974,0.0,2,0.52095544,0.52095544,1.003932,0.0,0.09909871,0.0,0.0,0.052,-28.450788,2.2086945,0.7362315,0.18400002,0.0,0.17843929,0.0,0.0,3120000
hardzero_only__c0p58__z1p00__lam0p000__nu0p50__psi0p00,hardzero_only,0.052,38,975,0.0,2,0.52095544,0.52095544,1.0312669,0.0,0.09305357,0.0,0.0,0.052,-26.799816,2.2688324,0.7562775,0.16,0.0,0.1628919,0.0,0.0,3123200
hardzero_only__c0p58__z1p00__lam0p000__nu0p50__psi0p00,hardzero_only,0.052,38,976,0.0,2,0.52095544,0.52095544,1.0135736,0.0,0.09692288,0.0,0.0,0.052,-27.274836,2.2299066,0.7433022,0.2,0.0,0.15957662,0.0,0.0,3126400
hardzero_only__c0p58__z1p00__lam0p000__nu0p50__psi0p00,hardzero_only,0.052,38,977,0.0,2,0.52095544,0.52095544,1.0420288,0.0,0.09077603,0.0,0.0,0.052,-27.821535,2.292509,0.7641697,0.120000005,0.0,0.16961841,0.0,0.0,3129600
hardzero_only__c0p58__z1p00__lam0p000__nu0p50__psi0p00,hardzero_only,0.052,38,978,0.0,2,0.52095544,0.52095544,1.0715948,0.0,0.08480182,0.0,0.0,0.052,-27.983372,2.3575556,0.7858519,0.16800001,0.0,0.15606879,0.0,0.0,3132800
hardzero_only__c0p58__z1p00__lam0p000__nu0p50__psi0p00,hardzero_only,0.052,38,979,0.0,2,0.52095544,0.5261915,0.9970022,0.10069265,0.10069265,1.0,0.005236018,0.052,-27.188925,2.1934485,0.73114955,0.16000001,0.0,0.16415228,0.0,0.0,3136000
hardzero_only__c0p58__z1p00__lam0p000__nu0p50__psi0p00,hardzero_only,0.052,38,980,0.0,2,0.5261915,0.5261915,1.0337323,0.0,0.09252682,0.0,0.0,0.052,-27.67232,2.2742565,0.7580855,0.120000005,0.0,0.17200398,0.0,0.0,3139200
hardzero_only__c0p58__z1p00__lam0p000__nu0p50__psi0p00,hardzero_only,0.052,38,981,0.0,2,0.5261915,0.5261915,1.0334773,0.0,0.092581175,0.0,0.0,0.052,-27.609665,2.2736955,0.7578985,0.14400001,0.0,0.20789532,0.0,0.0,3142400
hardzero_only__c0p58__z1p00__lam0p000__nu0p50__psi0p00,hardzero_only,0.052,38,982,0.0,2,0.5261915,0.5261915,1.027973,0.0,0.093762,0.0,0.0,0.052,-27.928885,2.261586,0.753862,0.14400001,0.0,0.17806222,0.0,0.0,3145600
hardzero_only__c0p58__z1p00__lam0p000__nu0p50__psi0p00,hardzero_only,0.052,38,983,0.0,2,0.5261915,0.5261915,1.0114325,0.0,0.09740192,0.0,0.0,0.052,-27.43156,2.225196,0.741732,0.192,0.0,0.15561917,0.0,0.0,3148800
hardzero_only__c0p58__z1p00__lam0p000__nu0p50__psi0p00,hardzero_only,0.052,38,984,0.0,2,0.5261915,0.5261915,1.037977,0.0,0.0916269,0.0,0.0,0.052,-27.86757,2.2835948,0.7611983,0.112,0.0,0.1386958,0.0,0.0,3152000
hardzero_only__c0p58__z1p00__lam0p000__nu0p50__psi0p00,hardzero_only,0.052,38,985,0.0,2,0.5261915,0.53158844,0.98385257,0.10378807,0.10378807,1.0,0.00539698,0.052,-26.432322,2.1645188,0.7215063,0.208,0.008,0.13826126,0.0,0.0,3155200
hardzero_only__c0p58__z1p00__lam0p000__nu0p50__psi0p00,hardzero_only,0.052,38,986,0.0,2,0.53158844,0.53158844,1.0278398,0.0,0.0937908,0.0,0.0,0.052,-27.028639,2.2612927,0.7537643,0.112,0.0,0.15216275,0.0,0.0,3158400
hardzero_only__c0p58__z1p00__lam0p000__nu0p50__psi0p00,hardzero_only,0.052,38,987,0.0,2,0.53158844,0.53158844,1.0440452,0.0,0.090355545,0.0,0.0,0.052,-27.712034,2.2969453,0.7656485,0.15200001,0.0,0.21541275,0.0,0.0,3161600
hardzero_only__c0p58__z1p00__lam0p000__nu0p50__psi0p00,hardzero_only,0.052,38,988,0.0,2,0.53158844,0.53158844,1.0139008,0.0,0.09684991,0.0,0.0,0.052,-25.214184,2.230626,0.7435421,0.099999994,0.0,0.15420184,0.0,0.0,3164800
hardzero_only__c0p58__z1p00__lam0p000__nu0p50__psi0p00,hardzero_only,0.052,38,989,0.0,2,0.53158844,0.53158844,1.0360991,0.0,0.092023954,0.0,0.0,0.052,-27.432896,2.2794635,0.7598212,0.128,0.0,0.15857963,0.0,0.0,3168000
hardzero_only__c0p58__z1p00__lam0p000__nu0p50__psi0p00,hardzero_only,0.052,38,990,0.0,2,0.53158844,0.53158844,1.049862,0.0,0.08915341,0.0,0.0,0.052,-27.338541,2.3097427,0.76991427,0.128,0.0,0.18339676,0.0,0.0,3171200
hardzero_only__c0p58__z1p00__lam0p000__nu0p50__psi0p00,hardzero_only,0.052,38,991,0.0,2,0.53158844,0.53158844,1.0592675,0.0,0.08724338,0.0,0.0,0.052,-28.48191,2.330435,0.7768117,0.17600001,0.0,0.16650975,0.0,0.0,3174400
hardzero_only__c0p58__z1p00__lam0p000__nu0p50__psi0p00,hardzero_only,0.052,38,992,0.0,2,0.53158844,0.53158844,1.0180835,0.0,0.095921636,0.0,0.0,0.052,-27.617416,2.2398283,0.74660945,0.15200001,0.0,0.18096139,0.0,0.0,3177600
hardzero_only__c0p58__z1p00__lam0p000__nu0p50__psi0p00,hardzero_only,0.052,38,993,0.0,2,0.53158844,0.53158844,1.0021824,0.0,0.09949874,0.0,0.0,0.052,-26.462547,2.2048452,0.7349484,0.17600001,0.0,0.14620718,0.0,0.0,3180800
hardzero_only__c0p58__z1p00__lam0p000__nu0p50__psi0p00,hardzero_only,0.052,38,994,0.0,2,0.53158844,0.5368035,0.99874455,0.1002895,0.1002895,1.0,0.0052150544,0.052,-26.223732,2.1972818,0.7324273,0.16000001,0.0,0.16106723,0.0,0.0,3184000
hardzero_only__c0p58__z1p00__lam0p000__nu0p50__psi0p00,hardzero_only,0.052,38,995,0.0,2,0.5368035,0.5368035,1.0231218,0.0,0.09481523,0.0,0.0,0.052,-27.610933,2.250913,0.75030434,0.16000001,0.0,0.16937263,0.0,0.0,3187200
hardzero_only__c0p58__z1p00__lam0p000__nu0p50__psi0p00,hardzero_only,0.052,38,996,0.0,2,0.5368035,0.5421396,0.98877907,0.102617376,0.102617376,1.0,0.0053361035,0.052,-27.894386,2.1753573,0.7251191,0.24000001,0.0,0.18621556,0.0,0.0,3190400
hardzero_only__c0p58__z1p00__lam0p000__nu0p50__psi0p00,hardzero_only,0.052,38,997,0.0,2,0.5421396,0.5475228,0.98496234,0.103523195,0.103523195,1.0,0.005383206,0.052,-26.130903,2.1669605,0.7223202,0.17600001,0.0,0.14873095,0.0,0.0,3193600
hardzero_only__c0p58__z1p00__lam0p000__nu0p50__psi0p00,hardzero_only,0.052,38,998,0.0,2,0.5475228,0.5475228,1.0565331,0.0,0.087794416,0.0,0.0,0.052,-27.905056,2.3244193,0.77480644,0.16800001,0.0,0.23938431,0.0,0.0,3196800
hardzero_only__c0p58__z1p00__lam0p000__nu0p50__psi0p00,hardzero_only,0.052,38,999,0.0,2,0.5475228,0.5475228,1.024161,0.0,0.09458864,0.0,0.0,0.052,-26.91321,2.253199,0.7510664,0.112,0.0,0.16381374,0.0,0.0,3200000
hardzero_only__c0p58__z1p00__lam0p000__nu0p50__psi0p00,hardzero_only,0.052,38,1000,0.0,2,0.5475228,0.5475228,1.0399094,0.0,0.09122012,0.0,0.0,0.052,-26.772324,2.2878463,0.76261544,0.128,0.0,0.1627001,0.0,0.0,3203200
hardzero_only__c0p58__z1p00__lam0p000__nu0p50__psi0p00,hardzero_only,0.052,38,1001,0.0,2,0.5475228,0.5475228,1.0480671,0.0,0.08952264,0.0,0.0,0.052,-28.042532,2.3057938,0.76859796,0.16,0.0,0.15402308,0.0,0.0,3206400
hardzero_only__c0p58__z1p00__lam0p000__nu0p50__psi0p00,hardzero_only,0.052,38,1002,0.0,2,0.5475228,0.55275404,0.9973987,0.10060077,0.10060077,1.0,0.0052312403,0.052,-26.313135,2.194321,0.7314403,0.136,0.008,0.15635273,0.0,0.0,3209600
hardzero_only__c0p58__z1p00__lam0p000__nu0p50__psi0p00,hardzero_only,0.052,38,1003,0.0,2,0.55275404,0.55275404,1.0224206,0.0,0.09496844,0.0,0.0,0.052,-27.60608,2.2493703,0.74979013,0.128,0.0,0.15834662,0.0,0.0,3212800
hardzero_only__c0p58__z1p00__lam0p000__nu0p50__psi0p00,hardzero_only,0.052,38,1004,0.0,2,0.55275404,0.55275404,1.0316204,0.0,0.09297786,0.0,0.0,0.052,-27.707598,2.2696102,0.7565367,0.15200001,0.0,0.17731436,0.0,0.0,3216000
hardzero_only__c0p58__z1p00__lam0p000__nu0p50__psi0p00,hardzero_only,0.052,38,1005,0.0,2,0.55275404,0.55275404,1.0670184,0.0,0.085700154,0.0,0.0,0.052,-28.095459,2.3474874,0.78249586,0.128,0.0,0.16006355,0.0,0.0,3219200
hardzero_only__c0p58__z1p00__lam0p000__nu0p50__psi0p00,hardzero_only,0.052,38,1006,0.0,2,0.55275404,0.55275404,1.030171,0.0,0.09328868,0.0,0.0,0.052,-27.155146,2.2664216,0.75547385,0.15200001,0.0,0.16558282,0.0,0.0,3222400
hardzero_only__c0p58__z1p00__lam0p000__nu0p50__psi0p00,hardzero_only,0.052,38,1007,0.0,2,0.55275404,0.55275404,1.05593,0.0,0.08791641,0.0,0.0,0.052,-27.67958,2.3230925,0.7743642,0.096,0.0,0.18217921,0.0,0.0,3225600
hardzero_only__c0p58__z1p00__lam0p000__nu0p50__psi0p00,hardzero_only,0.052,38,1008,0.0,2,0.55275404,0.55275404,1.0406009,0.0,0.09107498,0.0,0.0,0.052,-27.96792,2.2893677,0.76312256,0.17600001,0.0,0.19927613,0.0,0.0,3228800
hardzero_only__c0p58__z1p00__lam0p000__nu0p50__psi0p00,hardzero_only,0.052,38,1009,0.0,2,0.55275404,0.55275404,1.0212953,0.0,0.09521484,0.0,0.0,0.052,-27.094463,2.2468946,0.7489649,0.18400002,0.0,0.20833284,0.0,0.0,3232000
hardzero_only__c0p58__z1p00__lam0p000__nu0p50__psi0p00,hardzero_only,0.052,38,1010,0.0,2,0.55275404,0.5580733,0.9901544,0.10229292,0.10229292,1.0,0.0053192317,0.052,-26.48394,2.178383,0.72612774,0.096,0.0,0.14742836,0.0,0.0,3235200
hardzero_only__c0p58__z1p00__lam0p000__nu0p50__psi0p00,hardzero_only,0.052,38,1011,0.0,2,0.5580733,0.5633105,0.99690485,0.10071523,0.10071523,1.0,0.005237192,0.052,-26.290253,2.1932344,0.73107815,0.18400002,0.0,0.16115412,0.0,0.0,3238400
hardzero_only__c0p58__z1p00__lam0p000__nu0p50__psi0p00,hardzero_only,0.052,38,1012,0.0,2,0.5633105,0.5633105,1.0700077,0.0,0.085112296,0.0,0.0,0.052,-27.349522,2.354064,0.784688,0.14400001,0.0,0.17706755,0.0,0.0,3241600
hardzero_only__c0p58__z1p00__lam0p000__nu0p50__psi0p00,hardzero_only,0.052,38,1013,0.0,2,0.5633105,0.5633105,1.0314524,0.0,0.093013845,0.0,0.0,0.052,-28.024086,2.2692406,0.7564136,0.192,0.0,0.17881887,0.0,0.0,3244800
hardzero_only__c0p58__z1p00__lam0p000__nu0p50__psi0p00,hardzero_only,0.052,38,1014,0.0,2,0.5633105,0.5633105,1.0398163,0.0,0.091239676,0.0,0.0,0.052,-27.188059,2.2876415,0.7625472,0.16,0.0,0.16387579,0.0,0.0,3248000
hardzero_only__c0p58__z1p00__lam0p000__nu0p50__psi0p00,hardzero_only,0.052,38,1015,0.0,2,0.5633105,0.56853884,0.9976383,0.100545295,0.100545295,1.0,0.0052283555,0.052,-27.113098,2.194848,0.731616,0.15200001,0.0,0.16893473,0.0,0.0,3251200
hardzero_only__c0p58__z1p00__lam0p000__nu0p50__psi0p00,hardzero_only,0.052,38,1016,0.0,2,0.56853884,0.56853884,1.0272863,0.0,0.093910396,0.0,0.0,0.052,-26.973986,2.2600749,0.7533583,0.136,0.0,0.1482406,0.0,0.0,3254400
hardzero_only__c0p58__z1p00__lam0p000__nu0p50__psi0p00,hardzero_only,0.052,38,1017,0.0,2,0.56853884,0.56853884,1.0186286,0.0,0.0958013,0.0,0.0,0.052,-27.242119,2.2410276,0.7470092,0.192,0.0,0.16519563,0.0,0.0,3257600
hardzero_only__c0p58__z1p00__lam0p000__nu0p50__psi0p00,hardzero_only,0.052,38,1018,0.0,2,0.56853884,0.56853884,1.063099,0.0,0.08647707,0.0,0.0,0.052,-28.47407,2.3388646,0.77962154,0.104,0.0,0.16184248,0.0,0.0,3260800
hardzero_only__c0p58__z1p00__lam0p000__nu0p50__psi0p00,hardzero_only,0.052,38,1019,0.0,2,0.56853884,0.56853884,1.0239701,0.0,0.094630234,0.0,0.0,0.052,-27.277353,2.2527792,0.75092643,0.18400002,0.0,0.17713115,0.0,0.0,3264000
hardzero_only__c0p58__z1p00__lam0p000__nu0p50__psi0p00,hardzero_only,0.052,38,1020,0.0,2,0.56853884,0.56853884,1.0065901,0.0,0.098494016,0.0,0.0,0.052,-26.197544,2.2145424,0.7381808,0.18400002,0.0,0.16329081,0.0,0.0,3267200
hardzero_only__c0p58__z1p00__lam0p000__nu0p50__psi0p00,hardzero_only,0.052,38,1021,0.0,2,0.56853884,0.56853884,1.0444121,0.0,0.09027923,0.0,0.0,0.052,-27.558317,2.2977526,0.76591754,0.216,0.008,0.18278852,0.0,0.0,3270400
hardzero_only__c0p58__z1p00__lam0p000__nu0p50__psi0p00,hardzero_only,0.052,38,1022,0.0,2,0.56853884,0.56853884,1.0093385,0.0,0.097872674,0.0,0.0,0.052,-26.92739,2.220589,0.74019635,0.18400002,0.0,0.1606349,0.0,0.0,3273600
hardzero_only__c0p58__z1p00__lam0p000__nu0p50__psi0p00,hardzero_only,0.052,38,1023,0.0,2,0.56853884,0.56853884,1.0952231,0.0,0.08031134,0.0,0.0,0.052,-28.869118,2.4095387,0.8031796,0.080000006,0.0,0.1658592,0.0,0.0,3276800
hardzero_only__c0p58__z1p00__lam0p000__nu0p50__psi0p00,hardzero_only,0.052,38,1024,0.0,2,0.56853884,0.56853884,1.0075866,0.0,0.0982683,0.0,0.0,0.052,-27.48784,2.216735,0.7389116,0.2,0.0,0.16170642,0.0,0.0,3280000
hardzero_only__c0p58__z1p00__lam0p000__nu0p50__psi0p00,hardzero_only,0.052,38,1025,0.0,2,0.56853884,0.56853884,1.0391536,0.0,0.09137901,0.0,0.0,0.052,-28.257719,2.2861836,0.76206124,0.128,0.0,0.16621847,0.0,0.0,3283200
hardzero_only__c0p58__z1p00__lam0p000__nu0p50__psi0p00,hardzero_only,0.052,38,1026,0.0,2,0.56853884,0.56853884,1.0350922,0.0,0.09223754,0.0,0.0,0.052,-27.047447,2.2772484,0.7590828,0.23200001,0.0,0.14613348,0.0,0.0,3286400
hardzero_only__c0p58__z1p00__lam0p000__nu0p50__psi0p00,hardzero_only,0.052,38,1027,0.0,2,0.56853884,0.56853884,1.0512946,0.0,0.08885981,0.0,0.0,0.052,-28.264078,2.312894,0.77096474,0.14999999,0.0,0.18418437,0.0,0.0,3289600
hardzero_only__c0p58__z1p00__lam0p000__nu0p50__psi0p00,hardzero_only,0.052,38,1028,0.0,2,0.56853884,0.56853884,1.0336919,0.0,0.09253543,0.0,0.0,0.052,-27.683626,2.2741675,0.75805587,0.14400001,0.0,0.18597023,0.0,0.0,3292800
hardzero_only__c0p58__z1p00__lam0p000__nu0p50__psi0p00,hardzero_only,0.052,38,1029,0.0,2,0.56853884,0.5738142,0.9937513,0.10144921,0.10144921,1.0,0.005275359,0.052,-26.550467,2.1862965,0.7287655,0.17600001,0.0,0.16262396,0.0,0.0,3296000
hardzero_only__c0p58__z1p00__lam0p000__nu0p50__psi0p00,hardzero_only,0.052,38,1030,0.0,2,0.5738142,0.5738142,1.0433466,0.0,0.09050099,0.0,0.0,0.052,-26.60851,2.2954085,0.7651362,0.128,0.0,0.16737574,0.0,0.0,3299200
hardzero_only__c0p58__z1p00__lam0p000__nu0p50__psi0p00,hardzero_only,0.052,38,1031,0.0,2,0.5738142,0.5738142,1.048174,0.0,0.08950061,0.0,0.0,0.052,-27.095287,2.3060288,0.7686763,0.16800001,0.0,0.1555003,0.0,0.0,3302400
hardzero_only__c0p58__z1p00__lam0p000__nu0p50__psi0p00,hardzero_only,0.052,38,1032,0.0,2,0.5738142,0.5738142,1.0386829,0.0,0.09147808,0.0,0.0,0.052,-27.209238,2.2851481,0.76171607,0.16800001,0.0,0.16023937,0.0,0.0,3305600
hardzero_only__c0p58__z1p00__lam0p000__nu0p50__psi0p00,hardzero_only,0.052,38,1033,0.0,2,0.5738142,0.5738142,1.0628794,0.0,0.08652081,0.0,0.0,0.052,-29.041494,2.3383815,0.77946055,0.15200001,0.0,0.18979453,0.0,0.0,3308800
hardzero_only__c0p58__z1p00__lam0p000__nu0p50__psi0p00,hardzero_only,0.052,38,1034,0.0,2,0.5738142,0.5738142,1.0483212,0.0,0.089470275,0.0,0.0,0.052,-27.433466,2.3063529,0.7687843,0.18400002,0.008,0.15038498,0.0,0.0,3312000
hardzero_only__c0p58__z1p00__lam0p000__nu0p50__psi0p00,hardzero_only,0.052,38,1035,0.0,2,0.5738142,0.5738142,1.056992,0.0,0.08770168,0.0,0.0,0.052,-27.893164,2.325429,0.775143,0.16800001,0.0,0.17245875,0.0,0.0,3315200
hardzero_only__c0p58__z1p00__lam0p000__nu0p50__psi0p00,hardzero_only,0.052,38,1036,0.0,2,0.5738142,0.5738142,1.0297059,0.0,0.09338864,0.0,0.0,0.052,-28.501888,2.2653983,0.7551328,0.136,0.0,0.18977158,0.0,0.0,3318400
hardzero_only__c0p58__z1p00__lam0p000__nu0p50__psi0p00,hardzero_only,0.052,38,1037,0.0,2,0.5738142,0.5738142,1.056335,0.0,0.08783446,0.0,0.0,0.052,-27.523323,2.3239834,0.7746612,0.112,0.0,0.17725553,0.0,0.0,3321600
hardzero_only__c0p58__z1p00__lam0p000__nu0p50__psi0p00,hardzero_only,0.052,38,1038,0.0,2,0.5738142,0.5738142,1.053557,0.0,0.0883981,0.0,0.0,0.052,-27.503391,2.3178718,0.77262396,0.136,0.0,0.17933671,0.0,0.0,3324800
hardzero_only__c0p58__z1p00__lam0p000__nu0p50__psi0p00,hardzero_only,0.052,38,1039,0.0,2,0.5738142,0.5738142,1.0788971,0.0,0.08338787,0.0,0.0,0.052,-28.205315,2.373621,0.791207,0.136,0.0,0.16674922,0.0,0.0,3328000
hardzero_only__c0p58__z1p00__lam0p000__nu0p50__psi0p00,hardzero_only,0.052,38,1040,0.0,2,0.5738142,0.5791426,0.9894105,0.10246827,0.10246827,1.0,0.00532835,0.052,-26.421972,2.1767466,0.72558224,0.14,0.0,0.15780203,0.0,0.0,3331200
hardzero_only__c0p58__z1p00__lam0p000__nu0p50__psi0p00,hardzero_only,0.052,38,1041,0.0,2,0.5791426,0.5791426,1.0924222,0.0,0.08083096,0.0,0.0,0.052,-28.336298,2.403377,0.8011257,0.136,0.0,0.2067909,0.0,0.0,3334400
hardzero_only__c0p58__z1p00__lam0p000__nu0p50__psi0p00,hardzero_only,0.052,38,1042,0.0,2,0.5791426,0.5791426,1.0143824,0.0,0.09674257,0.0,0.0,0.052,-27.172375,2.2316859,0.7438953,0.14400001,0.0,0.18052997,0.0,0.0,3337600
hardzero_only__c0p58__z1p00__lam0p000__nu0p50__psi0p00,hardzero_only,0.052,38,1043,0.0,2,0.5791426,0.5791426,1.0367947,0.0,0.0918767,0.0,0.0,0.052,-27.697016,2.2809937,0.7603313,0.14400001,0.0,0.17428121,0.0,0.0,3340800
hardzero_only__c0p58__z1p00__lam0p000__nu0p50__psi0p00,hardzero_only,0.052,38,1044,0.0,2,0.5791426,0.5791426,1.0341733,0.0,0.09243294,0.0,0.0,0.052,-27.324001,2.2752266,0.7584089,0.216,0.0,0.1645186,0.0,0.0,3344000
hardzero_only__c0p58__z1p00__lam0p000__nu0p50__psi0p00,hardzero_only,0.052,38,1045,0.0,2,0.5791426,0.5791426,1.0404371,0.0,0.091109335,0.0,0.0,0.052,-27.867884,2.2890074,0.7630025,0.120000005,0.0,0.15792604,0.0,0.0,3347200
hardzero_only__c0p58__z1p00__lam0p000__nu0p50__psi0p00,hardzero_only,0.052,38,1046,0.0,2,0.5791426,0.5791426,1.0977523,0.0,0.07984498,0.0,0.0,0.052,-28.263752,2.4151034,0.8050345,0.15200001,0.0,0.19885652,0.0,0.0,3350400
hardzero_only__c0p58__z1p00__lam0p000__nu0p50__psi0p00,hardzero_only,0.052,38,1047,0.0,2,0.5791426,0.5791426,1.0138512,0.0,0.09686097,0.0,0.0,0.052,-27.221205,2.2305171,0.7435057,0.17600001,0.0,0.19400752,0.0,0.0,3353600
hardzero_only__c0p58__z1p00__lam0p000__nu0p50__psi0p00,hardzero_only,0.052,38,1048,0.0,2,0.5791426,0.5791426,1.0324025,0.0,0.09281058,0.0,0.0,0.052,-27.161089,2.2713308,0.7571103,0.16000001,0.0,0.14489593,0.0,0.0,3356800
hardzero_only__c0p58__z1p00__lam0p000__nu0p50__psi0p00,hardzero_only,0.052,38,1049,0.0,2,0.5791426,0.5845608,0.98214483,0.104196995,0.104196995,1.0,0.005418244,0.052,-26.362751,2.1607618,0.72025394,0.136,0.0,0.1388795,0.0,0.0,3360000
hardzero_only__c0p58__z1p00__lam0p000__nu0p50__psi0p00,hardzero_only,0.052,38,1050,1.0,3,0.5845608,0.004560828,1.054869,0.0,0.08813146,0.0,0.0,0.052,-27.644608,2.3207583,0.77358615,0.096,0.0,0.19855055,0.0,0.0,3363200
hardzero_only__c0p58__z1p00__lam0p000__nu0p50__psi0p00,hardzero_only,0.052,38,1051,0.0,3,0.004560828,0.010058517,0.9758232,0.105724774,0.105724774,1.0,0.0054976884,0.052,-26.538736,2.146854,0.715618,0.136,0.0,0.15492994,0.0,0.0,3366400
hardzero_only__c0p58__z1p00__lam0p000__nu0p50__psi0p00,hardzero_only,0.052,38,1052,0.0,3,0.010058517,0.015387688,0.98934364,0.102484055,0.102484055,1.0,0.005329171,0.052,-27.638845,2.1765995,0.7255332,0.16800001,0.0,0.1561922,0.0,0.0,3369600
hardzero_only__c0p58__z1p00__lam0p000__nu0p50__psi0p00,hardzero_only,0.052,38,1053,0.0,3,0.015387688,0.015387688,1.0657699,0.0,0.08594687,0.0,0.0,0.052,-27.346481,2.3447406,0.7815802,0.16,0.0,0.19472745,0.0,0.0,3372800
hardzero_only__c0p58__z1p00__lam0p000__nu0p50__psi0p00,hardzero_only,0.052,38,1054,0.0,3,0.015387688,0.015387688,1.057684,0.0,0.08756206,0.0,0.0,0.052,-27.883444,2.3269513,0.77565044,0.112,0.0,0.15398733,0.0,0.0,3376000
hardzero_only__c0p58__z1p00__lam0p000__nu0p50__psi0p00,hardzero_only,0.052,38,1055,0.0,3,0.015387688,0.015387688,1.05876,0.0,0.087345384,0.0,0.0,0.052,-27.84168,2.3293185,0.77643955,0.128,0.0,0.17450468,0.0,0.0,3379200
hardzero_only__c0p58__z1p00__lam0p000__nu0p50__psi0p00,hardzero_only,0.052,38,1056,0.0,3,0.015387688,0.015387688,1.0261679,0.0,0.09415255,0.0,0.0,0.052,-26.7456,2.2576144,0.75253814,0.15200001,0.0,0.1486864,0.0,0.0,3382400
hardzero_only__c0p58__z1p00__lam0p000__nu0p50__psi0p00,hardzero_only,0.052,38,1057,0.0,3,0.015387688,0.020657841,0.9941801,0.1013491,0.1013491,1.0,0.0052701533,0.052,-26.532103,2.18724,0.72907996,0.15200001,0.0,0.13783026,0.0,0.0,3385600
hardzero_only__c0p58__z1p00__lam0p000__nu0p50__psi0p00,hardzero_only,0.052,38,1058,0.0,3,0.020657841,0.025965506,0.9910998,0.10207049,0.10207049,1.0,0.0053076656,0.052,-26.735973,2.180463,0.72682106,0.14400001,0.0,0.13718367,0.0,0.0,3388800
hardzero_only__c0p58__z1p00__lam0p000__nu0p50__psi0p00,hardzero_only,0.052,38,1059,0.0,3,0.025965506,0.025965506,1.0149713,0.0,0.09661147,0.0,0.0,0.052,-27.39535,2.2329814,0.7443272,0.17600001,0.0,0.18409333,0.0,0.0,3392000
hardzero_only__c0p58__z1p00__lam0p000__nu0p50__psi0p00,hardzero_only,0.052,38,1060,0.0,3,0.025965506,0.025965506,1.0301975,0.0,0.09328298,0.0,0.0,0.052,-28.0067,2.2664797,0.7554933,0.18400002,0.0,0.17597835,0.0,0.0,3395200
hardzero_only__c0p58__z1p00__lam0p000__nu0p50__psi0p00,hardzero_only,0.052,38,1061,0.0,3,0.025965506,0.031577125,0.9669151,0.10791578,0.10791578,1.0,0.005611621,0.052,-25.766512,2.1272557,0.7090852,0.17600001,0.0,0.15651059,0.0,0.0,3398400
hardzero_only__c0p58__z1p00__lam0p000__nu0p50__psi0p00,hardzero_only,0.052,38,1062,0.0,3,0.031577125,0.031577125,1.0356231,0.0,0.09212489,0.0,0.0,0.052,-27.63975,2.2784162,0.7594721,0.16800001,0.0,0.18990807,0.0,0.0,3401600
hardzero_only__c0p58__z1p00__lam0p000__nu0p50__psi0p00,hardzero_only,0.052,38,1063,0.0,3,0.031577125,0.031577125,1.0579357,0.0,0.08751133,0.0,0.0,0.052,-27.99945,2.327505,0.77583504,0.128,0.0,0.19059154,0.0,0.0,3404800
hardzero_only__c0p58__z1p00__lam0p000__nu0p50__psi0p00,hardzero_only,0.052,38,1064,0.0,3,0.031577125,0.036903597,0.98956364,0.10243217,0.10243217,1.0,0.0053264727,0.052,-26.525747,2.1770835,0.72569454,0.224,0.0,0.20372026,0.0,0.0,3408000
hardzero_only__c0p58__z1p00__lam0p000__nu0p50__psi0p00,hardzero_only,0.052,38,1065,0.0,3,0.036903597,0.036903597,1.054456,0.0,0.088215314,0.0,0.0,0.052,-28.05813,2.3198495,0.7732832,0.224,0.0,0.16536629,0.0,0.0,3411200
hardzero_only__c0p58__z1p00__lam0p000__nu0p50__psi0p00,hardzero_only,0.052,38,1066,0.0,3,0.036903597,0.036903597,1.0174575,0.0,0.09605998,0.0,0.0,0.052,-26.43636,2.2384512,0.74615043,0.14999999,0.0,0.14211245,0.0,0.0,3414400
hardzero_only__c0p58__z1p00__lam0p000__nu0p50__psi0p00,hardzero_only,0.052,38,1067,0.0,3,0.036903597,0.036903597,1.0225103,0.0,0.094948836,0.0,0.0,0.052,-27.690369,2.2495675,0.7498559,0.16800001,0.0,0.14921412,0.0,0.0,3417600
hardzero_only__c0p58__z1p00__lam0p000__nu0p50__psi0p00,hardzero_only,0.052,38,1068,0.0,3,0.036903597,0.036903597,1.037348,0.0,0.09175969,0.0,0.0,0.052,-26.908443,2.2822113,0.7607371,0.136,0.0,0.1563165,0.0,0.0,3420800
hardzero_only__c0p58__z1p00__lam0p000__nu0p50__psi0p00,hardzero_only,0.052,38,1069,0.0,3,0.036903597,0.036903597,1.0802385,0.0,0.08313072,0.0,0.0,0.052,-28.41749,2.3765721,0.79219073,0.16800001,0.0,0.16596861,0.0,0.0,3424000
hardzero_only__c0p58__z1p00__lam0p000__nu0p50__psi0p00,hardzero_only,0.052,38,1070,0.0,3,0.036903597,0.036903597,1.0300976,0.0,0.093304455,0.0,0.0,0.052,-27.200186,2.26626,0.75541997,0.17600001,0.0,0.16654341,0.0,0.0,3427200
hardzero_only__c0p58__z1p00__lam0p000__nu0p50__psi0p00,hardzero_only,0.052,38,1071,0.0,3,0.036903597,0.036903597,1.0578473,0.0,0.08752915,0.0,0.0,0.052,-28.62233,2.3273103,0.7757701,0.104,0.0,0.16589287,0.0,0.0,3430400
hardzero_only__c0p58__z1p00__lam0p000__nu0p50__psi0p00,hardzero_only,0.052,38,1072,0.0,3,0.036903597,0.036903597,1.1079248,0.0,0.077996515,0.0,0.0,0.052,-28.878468,2.4374833,0.81249446,0.104,0.0,0.1838361,0.0,0.0,3433600
hardzero_only__c0p58__z1p00__lam0p000__nu0p50__psi0p00,hardzero_only,0.052,38,1073,0.0,3,0.036903597,0.036903597,1.0113263,0.0,0.09742572,0.0,0.0,0.052,-27.803865,2.2249622,0.7416541,0.216,0.0,0.19746858,0.0,0.0,3436800
hardzero_only__c0p58__z1p00__lam0p000__nu0p50__psi0p00,hardzero_only,0.052,38,1074,0.0,3,0.036903597,0.036903597,1.0456038,0.0,0.09003187,0.0,0.0,0.052,-28.292164,2.3003743,0.76679146,0.17600001,0.0,0.16332956,0.0,0.0,3440000
hardzero_only__c0p58__z1p00__lam0p000__nu0p50__psi0p00,hardzero_only,0.052,38,1075,0.0,3,0.036903597,0.036903597,1.0377095,0.0,0.091683365,0.0,0.0,0.052,-27.960457,2.2830064,0.7610022,0.16800001,0.0,0.19101313,0.0,0.0,3443200
hardzero_only__c0p58__z1p00__lam0p000__nu0p50__psi0p00,hardzero_only,0.052,38,1076,0.0,3,0.036903597,0.036903597,1.0132266,0.0,0.097000375,0.0,0.0,0.052,-27.827513,2.2291431,0.7430477,0.208,0.0,0.17205144,0.0,0.0,3446400
hardzero_only__c0p58__z1p00__lam0p000__nu0p50__psi0p00,hardzero_only,0.052,38,1077,0.0,3,0.036903597,0.042477604,0.96983576,0.10719245,0.10719245,1.0,0.0055740075,0.052,-26.8544,2.1336813,0.7112271,0.15200001,0.0,0.16785315,0.0,0.0,3449600
hardzero_only__c0p58__z1p00__lam0p000__nu0p50__psi0p00,hardzero_only,0.052,38,1078,0.0,3,0.042477604,0.047731537,0.9955187,0.10103719,0.10103719,1.0,0.005253934,0.052,-26.62918,2.1901848,0.73006165,0.14400001,0.008,0.13626018,0.0,0.0,3452800
hardzero_only__c0p58__z1p00__lam0p000__nu0p50__psi0p00,hardzero_only,0.052,38,1079,0.0,3,0.047731537,0.047731537,1.0060377,0.0,0.09861938,0.0,0.0,0.052,-27.435343,2.2133272,0.73777574,0.14999999,0.0,0.14028427,0.0,0.0,3456000
hardzero_only__c0p58__z1p00__lam0p000__nu0p50__psi0p00,hardzero_only,0.052,38,1080,0.0,3,0.047731537,0.053505905,0.95449895,0.11104551,0.11104551,1.0,0.0057743667,0.052,-26.263203,2.0999396,0.6999799,0.16800001,0.0,0.14015874,0.0,0.0,3459200
hardzero_only__c0p58__z1p00__lam0p000__nu0p50__psi0p00,hardzero_only,0.052,38,1081,0.0,3,0.053505905,0.053505905,1.0053653,0.0,0.098772205,0.0,0.0,0.052,-26.947681,2.2118478,0.73728263,0.136,0.0,0.16965261,0.0,0.0,3462400
hardzero_only__c0p58__z1p00__lam0p000__nu0p50__psi0p00,hardzero_only,0.052,38,1082,0.0,3,0.053505905,0.053505905,1.0453609,0.0,0.09008222,0.0,0.0,0.052,-27.975924,2.29984,0.76661336,0.15200001,0.0,0.20868564,0.0,0.0,3465600
hardzero_only__c0p58__z1p00__lam0p000__nu0p50__psi0p00,hardzero_only,0.052,38,1083,0.0,3,0.053505905,0.053505905,1.0094613,0.0,0.097845,0.0,0.0,0.052,-27.524752,2.220859,0.74028635,0.192,0.0,0.15806468,0.0,0.0,3468800
hardzero_only__c0p58__z1p00__lam0p000__nu0p50__psi0p00,hardzero_only,0.052,38,1084,0.0,3,0.053505905,0.053505905,1.0219228,0.0,0.095077366,0.0,0.0,0.052,-27.636116,2.248275,0.74942505,0.128,0.0,0.15626356,0.0,0.0,3472000
hardzero_only__c0p58__z1p00__lam0p000__nu0p50__psi0p00,hardzero_only,0.052,38,1085,0.0,3,0.053505905,0.058930587,0.9816289,0.10432083,0.10432083,1.0,0.0054246834,0.052,-26.619436,2.1596267,0.7198756,0.17600001,0.0,0.15866177,0.0,0.0,3475200
hardzero_only__c0p58__z1p00__lam0p000__nu0p50__psi0p00,hardzero_only,0.052,38,1086,0.0,3,0.058930587,0.058930587,1.0019994,0.0,0.099540696,0.0,0.0,0.052,-26.585165,2.2044427,0.7348143,0.120000005,0.0,0.15163487,0.0,0.0,3478400
hardzero_only__c0p58__z1p00__lam0p000__nu0p50__psi0p00,hardzero_only,0.052,38,1087,0.0,3,0.058930587,0.058930587,1.0169504,0.0,0.09617223,0.0,0.0,0.052,-27.07247,2.2373354,0.7457785,0.14400001,0.0,0.15770347,0.0,0.0,3481600
hardzero_only__c0p58__z1p00__lam0p000__nu0p50__psi0p00,hardzero_only,0.052,38,1088,0.0,3,0.058930587,0.06437827,0.9797916,0.10476312,0.10476312,1.0,0.0054476825,0.052,-26.306236,2.1555846,0.7185282,0.216,0.0,0.14814992,0.0,0.0,3484800
hardzero_only__c0p58__z1p00__lam0p000__nu0p50__psi0p00,hardzero_only,0.052,38,1089,0.0,3,0.06437827,0.06437827,1.038346,0.0,0.091549076,0.0,0.0,0.052,-27.80437,2.284407,0.761469,0.16800001,0.0,0.17212193,0.0,0.0,3488000
hardzero_only__c0p58__z1p00__lam0p000__nu0p50__psi0p00,hardzero_only,0.052,38,1090,0.0,3,0.06437827,0.0696964,0.99024475,0.10227165,0.10227165,1.0,0.005318126,0.052,-26.969978,2.178582,0.726194,0.2,0.0,0.18014352,0.0,0.0,3491200
hardzero_only__c0p58__z1p00__lam0p000__nu0p50__psi0p00,hardzero_only,0.052,38,1091,0.0,3,0.0696964,0.0696964,1.033506,0.0,0.09257504,0.0,0.0,0.052,-27.2689,2.2737586,0.75791955,0.128,0.0,0.15533137,0.0,0.0,3494400
hardzero_only__c0p58__z1p00__lam0p000__nu0p50__psi0p00,hardzero_only,0.052,38,1092,0.0,3,0.0696964,0.0696964,1.0521051,0.0,0.08869414,0.0,0.0,0.052,-27.858866,2.3146775,0.7715592,0.13,0.0,0.15369055,0.0,0.0,3497600
hardzero_only__c0p58__z1p00__lam0p000__nu0p50__psi0p00,hardzero_only,0.052,38,1093,0.0,3,0.0696964,0.0696964,1.0049285,0.0,0.09887159,0.0,0.0,0.052,-26.789808,2.2108867,0.73696226,0.208,0.0,0.15228936,0.0,0.0,3500800
hardzero_only__c0p58__z1p00__lam0p000__nu0p50__psi0p00,hardzero_only,0.052,38,1094,0.0,3,0.0696964,0.0696964,1.0276399,0.0,0.093833975,0.0,0.0,0.052,-26.80918,2.2608528,0.75361764,0.14400001,0.0,0.14404117,0.0,0.0,3504000
hardzero_only__c0p58__z1p00__lam0p000__nu0p50__psi0p00,hardzero_only,0.052,38,1095,0.0,3,0.0696964,0.0696964,1.0348216,0.0,0.09229505,0.0,0.0,0.052,-27.198858,2.276653,0.7588844,0.120000005,0.0,0.15669419,0.0,0.0,3507200
hardzero_only__c0p58__z1p00__lam0p000__nu0p50__psi0p00,hardzero_only,0.052,38,1096,0.0,3,0.0696964,0.074993774,0.99194235,0.10187267,0.10187267,1.0,0.0052973786,0.052,-26.12541,2.1823168,0.7274389,0.16000001,0.0,0.13173155,0.0,0.0,3510400
hardzero_only__c0p58__z1p00__lam0p000__nu0p50__psi0p00,hardzero_only,0.052,38,1097,0.0,3,0.074993774,0.074993774,1.0567313,0.0,0.08775434,0.0,0.0,0.052,-27.817665,2.3248553,0.7749518,0.224,0.0,0.1784492,0.0,0.0,3513600
hardzero_only__c0p58__z1p00__lam0p000__nu0p50__psi0p00,hardzero_only,0.052,38,1098,0.0,3,0.074993774,0.08053982,0.97201943,0.10665483,0.10665483,1.0,0.005546051,0.052,-26.157402,2.1384854,0.7128285,0.15200001,0.0,0.15856583,0.0,0.0,3516800
hardzero_only__c0p58__z1p00__lam0p000__nu0p50__psi0p00,hardzero_only,0.052,38,1099,0.0,3,0.08053982,0.08053982,1.0428005,0.0,0.090614855,0.0,0.0,0.052,-28.048141,2.294207,0.7647357,0.16800001,0.0,0.18471494,0.0,0.0,3520000
hardzero_only__c0p58__z1p00__lam0p000__nu0p50__psi0p00,hardzero_only,0.052,38,1100,0.0,3,0.08053982,0.08053982,1.0774322,0.0,0.08366962,0.0,0.0,0.052,-28.050468,2.370398,0.7901327,0.16000001,0.0,0.209872,0.0,0.0,3523200
hardzero_only__c0p58__z1p00__lam0p000__nu0p50__psi0p00,hardzero_only,0.052,38,1101,0.0,3,0.08053982,0.08053982,1.0083319,0.0,0.0980998,0.0,0.0,0.052,-27.44048,2.2183745,0.7394582,0.128,0.0,0.14379473,0.0,0.0,3526400
hardzero_only__c0p58__z1p00__lam0p000__nu0p50__psi0p00,hardzero_only,0.052,38,1102,0.0,3,0.08053982,0.08053982,1.0233312,0.0,0.09476955,0.0,0.0,0.052,-26.785648,2.2513735,0.7504579,0.192,0.0,0.16448294,0.0,0.0,3529600
hardzero_only__c0p58__z1p00__lam0p000__nu0p50__psi0p00,hardzero_only,0.052,38,1103,0.0,3,0.08053982,0.08053982,1.0078222,0.0,0.098215014,0.0,0.0,0.052,-26.623646,2.217253,0.73908436,0.2,0.0,0.15255079,0.0,0.0,3532800
hardzero_only__c0p58__z1p00__lam0p000__nu0p50__psi0p00,hardzero_only,0.052,38,1104,0.0,3,0.08053982,0.08053982,1.0465827,0.0,0.08982915,0.0,0.0,0.052,-27.33956,2.302528,0.76750934,0.16000001,0.0,0.15179415,0.0,0.0,3536000
hardzero_only__c0p58__z1p00__lam0p000__nu0p50__psi0p00,hardzero_only,0.052,38,1105,0.0,3,0.08053982,0.08053982,1.0292355,0.0,0.093489856,0.0,0.0,0.052,-27.146128,2.2643633,0.7547878,0.16,0.0,0.16655898,0.0,0.0,3539200
hardzero_only__c0p58__z1p00__lam0p000__nu0p50__psi0p00,hardzero_only,0.052,38,1106,0.0,3,0.08053982,0.08053982,1.0274239,0.0,0.093880646,0.0,0.0,0.052,-26.91924,2.2603776,0.7534592,0.128,0.0,0.14578402,0.0,0.0,3542400
hardzero_only__c0p58__z1p00__lam0p000__nu0p50__psi0p00,hardzero_only,0.052,38,1107,0.0,3,0.08053982,0.08053982,1.0094517,0.0,0.09784715,0.0,0.0,0.052,-26.470865,2.2208383,0.74027944,0.14400001,0.0,0.17017011,0.0,0.0,3545600
hardzero_only__c0p58__z1p00__lam0p000__nu0p50__psi0p00,hardzero_only,0.052,38,1108,0.0,3,0.08053982,0.08053982,1.0046345,0.0,0.09893853,0.0,0.0,0.052,-26.060003,2.2102401,0.7367467,0.15200001,0.0,0.15336041,0.0,0.0,3548800
hardzero_only__c0p58__z1p00__lam0p000__nu0p50__psi0p00,hardzero_only,0.052,38,1109,0.0,3,0.08053982,0.08053982,1.0633255,0.0,0.08643197,0.0,0.0,0.052,-27.410921,2.3393629,0.77978766,0.192,0.0,0.16070382,0.0,0.0,3552000
hardzero_only__c0p58__z1p00__lam0p000__nu0p50__psi0p00,hardzero_only,0.052,38,1110,0.0,3,0.08053982,0.08053982,1.0358505,0.0,0.092076644,0.0,0.0,0.052,-27.572552,2.2789166,0.7596389,0.120000005,0.0,0.13865748,0.0,0.0,3555200
hardzero_only__c0p58__z1p00__lam0p000__nu0p50__psi0p00,hardzero_only,0.052,38,1111,0.0,3,0.08053982,0.08579193,0.99566996,0.101002,0.101002,1.0,0.0052521043,0.052,-27.27928,2.1905177,0.7301726,0.192,0.0,0.17542195,0.0,0.0,3558400
hardzero_only__c0p58__z1p00__lam0p000__nu0p50__psi0p00,hardzero_only,0.052,38,1112,0.0,3,0.08579193,0.09110821,0.9903956,0.10223613,0.10223613,1.0,0.005316279,0.052,-26.031517,2.1789138,0.72630465,0.17600001,0.0,0.1642214,0.0,0.0,3561600
hardzero_only__c0p58__z1p00__lam0p000__nu0p50__psi0p00,hardzero_only,0.052,38,1113,0.0,3,0.09110821,0.09110821,1.0185499,0.0,0.09581866,0.0,0.0,0.052,-27.095192,2.2408545,0.7469515,0.2,0.0,0.15230073,0.0,0.0,3564800
hardzero_only__c0p58__z1p00__lam0p000__nu0p50__psi0p00,hardzero_only,0.052,38,1114,0.0,3,0.09110821,0.09667735,0.9702156,0.10709874,0.10709874,1.0,0.005569135,0.052,-26.214888,2.134517,0.71150565,0.216,0.0,0.15190326,0.0,0.0,3568000
hardzero_only__c0p58__z1p00__lam0p000__nu0p50__psi0p00,hardzero_only,0.052,38,1115,0.0,3,0.09667735,0.10195605,0.99347645,0.101513445,0.101513445,1.0,0.005278699,0.052,-27.116295,2.1856918,0.72856396,0.18400002,0.0,0.14134075,0.0,0.0,3571200
hardzero_only__c0p58__z1p00__lam0p000__nu0p50__psi0p00,hardzero_only,0.052,38,1116,0.0,3,0.10195605,0.10195605,1.0465726,0.0,0.08983125,0.0,0.0,0.052,-27.378134,2.3025057,0.76750195,0.120000005,0.0,0.15461148,0.0,0.0,3574400
hardzero_only__c0p58__z1p00__lam0p000__nu0p50__psi0p00,hardzero_only,0.052,38,1117,0.0,3,0.10195605,0.10195605,1.0301592,0.0,0.093291216,0.0,0.0,0.052,-27.056799,2.2663956,0.7554652,0.16800001,0.0,0.13729566,0.0,0.0,3577600
hardzero_only__c0p58__z1p00__lam0p000__nu0p50__psi0p00,hardzero_only,0.052,38,1118,0.0,3,0.10195605,0.107412145,0.9791212,0.10492495,0.10492495,1.0,0.0054560974,0.052,-26.533525,2.1541097,0.7180366,0.26999998,0.0,0.12339226,0.0,0.0,3580800
hardzero_only__c0p58__z1p00__lam0p000__nu0p50__psi0p00,hardzero_only,0.052,38,1119,0.0,3,0.107412145,0.11274567,0.98898894,0.10256781,0.10256781,1.0,0.005333526,0.052,-26.606337,2.1758192,0.7252731,0.14400001,0.0,0.14671776,0.0,0.0,3584000
hardzero_only__c0p58__z1p00__lam0p000__nu0p50__psi0p00,hardzero_only,0.052,38,1120,0.0,3,0.11274567,0.11274567,1.0366675,0.0,0.0919036,0.0,0.0,0.052,-27.50944,2.280714,0.76023805,0.16800001,0.0,0.13728568,0.0,0.0,3587200
hardzero_only__c0p58__z1p00__lam0p000__nu0p50__psi0p00,hardzero_only,0.052,38,1121,0.0,3,0.11274567,0.11274567,1.0070487,0.0,0.098390065,0.0,0.0,0.052,-26.780106,2.2155514,0.73851717,0.192,0.0,0.16129354,0.0,0.0,3590400
hardzero_only__c0p58__z1p00__lam0p000__nu0p50__psi0p00,hardzero_only,0.052,38,1122,0.0,3,0.11274567,0.11274567,1.0253828,0.0,0.09432292,0.0,0.0,0.052,-27.683424,2.255887,0.75196236,0.136,0.0,0.17814487,0.0,0.0,3593600
hardzero_only__c0p58__z1p00__lam0p000__nu0p50__psi0p00,hardzero_only,0.052,38,1123,0.0,3,0.11274567,0.11274567,1.0452414,0.0,0.09010703,0.0,0.0,0.052,-27.174591,2.299577,0.7665257,0.128,0.0,0.17049131,0.0,0.0,3596800
hardzero_only__c0p58__z1p00__lam0p000__nu0p50__psi0p00,hardzero_only,0.052,38,1124,0.0,3,0.11274567,0.11274567,1.0236104,0.0,0.09470864,0.0,0.0,0.052,-27.095118,2.2519877,0.75066257,0.136,0.0,0.1536912,0.0,0.0,3600000
hardzero_only__c0p58__z1p00__lam0p000__nu0p50__psi0p00,hardzero_only,0.052,38,1125,0.0,3,0.11274567,0.118098974,0.9873813,0.102948174,0.102948174,1.0,0.005353305,0.052,-26.828636,2.1722822,0.7240941,0.216,0.0,0.16635168,0.0,0.0,3603200
hardzero_only__c0p58__z1p00__lam0p000__nu0p50__psi0p00,hardzero_only,0.052,38,1126,0.0,3,0.118098974,0.118098974,1.0133593,0.0,0.09697073,0.0,0.0,0.052,-26.684336,2.229435,0.743145,0.14400001,0.0,0.18604732,0.0,0.0,3606400
hardzero_only__c0p58__z1p00__lam0p000__nu0p50__psi0p00,hardzero_only,0.052,38,1127,0.0,3,0.118098974,0.118098974,1.011109,0.0,0.09747449,0.0,0.0,0.052,-26.962994,2.2244842,0.7414948,0.128,0.0,0.16344483,0.0,0.0,3609600
hardzero_only__c0p58__z1p00__lam0p000__nu0p50__psi0p00,hardzero_only,0.052,38,1128,0.0,3,0.118098974,0.118098974,1.0169024,0.0,0.09618284,0.0,0.0,0.052,-27.4254,2.23723,0.7457434,0.136,0.0,0.16145591,0.0,0.0,3612800
hardzero_only__c0p58__z1p00__lam0p000__nu0p50__psi0p00,hardzero_only,0.052,38,1129,0.0,3,0.118098974,0.12396352,0.94776917,0.11277968,0.11277968,1.0,0.0058645434,0.052,-26.379263,2.0851338,0.69504464,0.16800001,0.0,0.14147747,0.0,0.0,3616000
hardzero_only__c0p58__z1p00__lam0p000__nu0p50__psi0p00,hardzero_only,0.052,38,1130,0.0,3,0.12396352,0.12954904,0.96893966,0.107413866,0.107413866,1.0,0.005585521,0.052,-26.153006,2.1317098,0.71057,0.15200001,0.0,0.14315802,0.0,0.0,3619200
hardzero_only__c0p58__z1p00__lam0p000__nu0p50__psi0p00,hardzero_only,0.052,38,1131,0.0,3,0.12954904,0.12954904,1.057602,0.0,0.08757858,0.0,0.0,0.052,-26.86084,2.326771,0.77559036,0.16,0.0,0.17241357,0.0,0.0,3622400
hardzero_only__c0p58__z1p00__lam0p000__nu0p50__psi0p00,hardzero_only,0.052,38,1132,0.0,3,0.12954904,0.12954904,1.0005081,0.0,0.09988307,0.0,0.0,0.052,-26.410942,2.2011616,0.73372054,0.224,0.0,0.15226787,0.0,0.0,3625600
hardzero_only__c0p58__z1p00__lam0p000__nu0p50__psi0p00,hardzero_only,0.052,38,1133,0.0,3,0.12954904,0.12954904,1.0644047,0.0,0.08621747,0.0,0.0,0.052,-27.259228,2.341737,0.78057903,0.16000001,0.0,0.15841645,0.0,0.0,3628800
hardzero_only__c0p58__z1p00__lam0p000__nu0p50__psi0p00,hardzero_only,0.052,38,1134,0.0,3,0.12954904,0.12954904,1.0386131,0.0,0.091492794,0.0,0.0,0.052,-27.250397,2.2849944,0.7616648,0.16000001,0.0,0.17290342,0.0,0.0,3632000
hardzero_only__c0p58__z1p00__lam0p000__nu0p50__psi0p00,hardzero_only,0.052,38,1135,0.0,3,0.12954904,0.12954904,1.0223773,0.0,0.09497793,0.0,0.0,0.052,-27.530212,2.249275,0.74975836,0.15200001,0.0,0.15232994,0.0,0.0,3635200
hardzero_only__c0p58__z1p00__lam0p000__nu0p50__psi0p00,hardzero_only,0.052,38,1136,0.0,3,0.12954904,0.12954904,1.019247,0.0,0.09566497,0.0,0.0,0.052,-27.075775,2.2423882,0.74746275,0.14400001,0.0,0.15906064,0.0,0.0,3638400
hardzero_only__c0p58__z1p00__lam0p000__nu0p50__psi0p00,hardzero_only,0.052,38,1137,0.0,3,0.12954904,0.12954904,1.0390937,0.0,0.09139159,0.0,0.0,0.052,-27.472277,2.2860518,0.76201725,0.14400001,0.0,0.16308917,0.0,0.0,3641600
hardzero_only__c0p58__z1p00__lam0p000__nu0p50__psi0p00,hardzero_only,0.052,38,1138,0.0,3,0.12954904,0.13493206,0.9849774,0.103519596,0.103519596,1.0,0.0053830193,0.052,-27.047953,2.1669936,0.7223312,0.192,0.0,0.15593357,0.0,0.0,3644800
hardzero_only__c0p58__z1p00__lam0p000__nu0p50__psi0p00,hardzero_only,0.052,38,1139,0.0,3,0.13493206,0.14013349,0.9998808,0.10002745,0.10002745,1.0,0.0052014273,0.052,-26.887373,2.1997817,0.7332606,0.096,0.0,0.1335597,0.0,0.0,3648000
hardzero_only__c0p58__z1p00__lam0p000__nu0p50__psi0p00,hardzero_only,0.052,38,1140,0.0,3,0.14013349,0.14013349,1.0650505,0.0,0.08608936,0.0,0.0,0.052,-28.044504,2.3431578,0.7810526,0.256,0.0,0.19301906,0.0,0.0,3651200
hardzero_only__c0p58__z1p00__lam0p000__nu0p50__psi0p00,hardzero_only,0.052,38,1141,0.0,3,0.14013349,0.14575109,0.96645224,0.10803085,0.10803085,1.0,0.005617604,0.052,-26.311481,2.1262374,0.70874584,0.15200001,0.0,0.15195593,0.0,0.0,3654400
hardzero_only__c0p58__z1p00__lam0p000__nu0p50__psi0p00,hardzero_only,0.052,38,1142,0.0,3,0.14575109,0.14575109,1.0149323,0.0,0.09662015,0.0,0.0,0.052,-26.67621,2.2328956,0.7442986,0.128,0.0,0.1627146,0.0,0.0,3657600
hardzero_only__c0p58__z1p00__lam0p000__nu0p50__psi0p00,hardzero_only,0.052,38,1143,0.0,3,0.14575109,0.14575109,1.065388,0.0,0.086022496,0.0,0.0,0.052,-28.377281,2.3439002,0.78130007,0.120000005,0.0,0.18731801,0.0,0.0,3660800
hardzero_only__c0p58__z1p00__lam0p000__nu0p50__psi0p00,hardzero_only,0.052,38,1144,0.0,3,0.14575109,0.14575109,1.0032756,0.0,0.099248596,0.0,0.0,0.052,-26.542166,2.2072506,0.7357502,0.099999994,0.01,0.16580306,0.0,0.0,3664000
hardzero_only__c0p58__z1p00__lam0p000__nu0p50__psi0p00,hardzero_only,0.052,38,1145,0.0,3,0.14575109,0.14575109,1.0277405,0.0,0.09381225,0.0,0.0,0.052,-27.080107,2.2610743,0.75369143,0.08800001,0.0,0.15688929,0.0,0.0,3667200
hardzero_only__c0p58__z1p00__lam0p000__nu0p50__psi0p00,hardzero_only,0.052,38,1146,0.0,3,0.14575109,0.15122584,0.9776398,0.10528347,0.10528347,1.0,0.0054747406,0.052,-26.781464,2.1508505,0.7169502,0.17600001,0.0,0.17431115,0.0,0.0,3670400
hardzero_only__c0p58__z1p00__lam0p000__nu0p50__psi0p00,hardzero_only,0.052,38,1147,0.0,3,0.15122584,0.15122584,1.0255226,0.0,0.094292544,0.0,0.0,0.052,-27.216572,2.2561948,0.75206494,0.16000001,0.0,0.15644056,0.0,0.0,3673600
hardzero_only__c0p58__z1p00__lam0p000__nu0p50__psi0p00,hardzero_only,0.052,38,1148,0.0,3,0.15122584,0.1567256,0.97565967,0.105764605,0.105764605,1.0,0.0054997597,0.052,-26.35501,2.1464942,0.7154981,0.216,0.0,0.15647255,0.0,0.0,3676800
hardzero_only__c0p58__z1p00__lam0p000__nu0p50__psi0p00,hardzero_only,0.052,38,1149,0.0,3,0.1567256,0.1567256,1.0239246,0.0,0.09464013,0.0,0.0,0.052,-27.00209,2.252679,0.75089306,0.16000001,0.0,0.15870114,0.0,0.0,3680000
hardzero_only__c0p58__z1p00__lam0p000__nu0p50__psi0p00,hardzero_only,0.052,38,1150,0.0,3,0.1567256,0.1621854,0.97882605,0.1049963,0.1049963,1.0,0.005459808,0.052,-26.168438,2.1534603,0.7178201,0.17600001,0.0,0.17136127,0.0,0.0,3683200
hardzero_only__c0p58__z1p00__lam0p000__nu0p50__psi0p00,hardzero_only,0.052,38,1151,0.0,3,0.1621854,0.1621854,1.0202649,0.0,0.09544102,0.0,0.0,0.052,-27.252056,2.2446275,0.7482092,0.2,0.0,0.17241511,0.0,0.0,3686400
hardzero_only__c0p58__z1p00__lam0p000__nu0p50__psi0p00,hardzero_only,0.052,38,1152,0.0,3,0.1621854,0.16787782,0.9607067,0.109469526,0.109469526,1.0,0.0056924154,0.052,-25.965124,2.113597,0.7045323,0.15200001,0.0,0.13352789,0.0,0.0,3689600
hardzero_only__c0p58__z1p00__lam0p000__nu0p50__psi0p00,hardzero_only,0.052,38,1153,0.0,3,0.16787782,0.16787782,1.0282346,0.0,0.09370558,0.0,0.0,0.052,-27.413979,2.2621613,0.7540538,0.192,0.0,0.18372044,0.0,0.0,3692800
hardzero_only__c0p58__z1p00__lam0p000__nu0p50__psi0p00,hardzero_only,0.052,38,1154,0.0,3,0.16787782,0.16787782,1.0076667,0.0,0.098250166,0.0,0.0,0.052,-26.954002,2.216911,0.7389704,0.14400001,0.0,0.15807809,0.0,0.0,3696000
hardzero_only__c0p58__z1p00__lam0p000__nu0p50__psi0p00,hardzero_only,0.052,38,1155,0.0,3,0.16787782,0.16787782,1.015366,0.0,0.096523724,0.0,0.0,0.052,-27.050411,2.2338498,0.7446166,0.14400001,0.0,0.16961356,0.0,0.0,3699200
hardzero_only__c0p58__z1p00__lam0p000__nu0p50__psi0p00,hardzero_only,0.052,38,1156,0.0,3,0.16787782,0.16787782,1.0436721,0.0,0.090433195,0.0,0.0,0.052,-27.60895,2.2961245,0.76537484,0.14400001,0.0,0.14697905,0.0,0.0,3702400
hardzero_only__c0p58__z1p00__lam0p000__nu0p50__psi0p00,hardzero_only,0.052,38,1157,0.0,3,0.16787782,0.16787782,1.0568156,0.0,0.08773731,0.0,0.0,0.052,-27.719728,2.3250408,0.7750136,0.14999999,0.0,0.16216093,0.0,0.0,3705600
hardzero_only__c0p58__z1p00__lam0p000__nu0p50__psi0p00,hardzero_only,0.052,38,1158,0.0,3,0.16787782,0.17335138,0.9777341,0.1052606,0.1052606,1.0,0.0054735513,0.052,-26.77445,2.151058,0.7170193,0.18400002,0.0,0.1648201,0.0,0.0,3708800
hardzero_only__c0p58__z1p00__lam0p000__nu0p50__psi0p00,hardzero_only,0.052,38,1159,0.0,3,0.17335138,0.17911652,0.9551937,0.11086803,0.11086803,1.0,0.0057651377,0.052,-26.493994,2.101468,0.7004894,0.216,0.0,0.14032756,0.0,0.0,3712000
hardzero_only__c0p58__z1p00__lam0p000__nu0p50__psi0p00,hardzero_only,0.052,38,1160,0.0,3,0.17911652,0.17911652,1.0487608,0.0,0.08937977,0.0,0.0,0.052,-27.845652,2.3073196,0.76910657,0.16000001,0.0,0.16663983,0.0,0.0,3715200
hardzero_only__c0p58__z1p00__lam0p000__nu0p50__psi0p00,hardzero_only,0.052,38,1161,0.0,3,0.17911652,0.17911652,1.004345,0.0,0.09900451,0.0,0.0,0.052,-26.56406,2.2096033,0.7365345,0.16800001,0.008,0.15860815,0.0,0.0,3718400
hardzero_only__c0p58__z1p00__lam0p000__nu0p50__psi0p00,hardzero_only,0.052,38,1162,0.0,3,0.17911652,0.17911652,1.0392139,0.0,0.0913663,0.0,0.0,0.052,-26.344769,2.2863162,0.7621054,0.16800001,0.0,0.1562171,0.0,0.0,3721600
hardzero_only__c0p58__z1p00__lam0p000__nu0p50__psi0p00,hardzero_only,0.052,38,1163,0.0,3,0.17911652,0.18464924,0.9730639,0.10639864,0.10639864,1.0,0.0055327294,0.052,-26.487555,2.1407833,0.71359444,0.192,0.0,0.1610155,0.0,0.0,3724800
hardzero_only__c0p58__z1p00__lam0p000__nu0p50__psi0p00,hardzero_only,0.052,38,1164,0.0,3,0.18464924,0.190069,0.98202324,0.104226165,0.104226165,1.0,0.0054197605,0.052,-26.97301,2.1604943,0.7201648,0.18400002,0.0,0.1776556,0.0,0.0,3728000
hardzero_only__c0p58__z1p00__lam0p000__nu0p50__psi0p00,hardzero_only,0.052,38,1165,0.0,3,0.190069,0.19537278,0.9914182,0.101995684,0.101995684,1.0,0.005303776,0.052,-26.351707,2.1811635,0.72705454,0.112,0.0,0.14896971,0.0,0.0,3731200
hardzero_only__c0p58__z1p00__lam0p000__nu0p50__psi0p00,hardzero_only,0.052,38,1166,0.0,3,0.19537278,0.19537278,1.0423057,0.0,0.090718165,0.0,0.0,0.052,-27.35545,2.2931182,0.76437277,0.136,0.0,0.19930625,0.0,0.0,3734400
hardzero_only__c0p58__z1p00__lam0p000__nu0p50__psi0p00,hardzero_only,0.052,38,1167,0.0,3,0.19537278,0.19537278,1.0000435,0.0,0.09998999,0.0,0.0,0.052,-27.02343,2.2001398,0.73337996,0.096,0.0,0.18940605,0.0,0.0,3737600
hardzero_only__c0p58__z1p00__lam0p000__nu0p50__psi0p00,hardzero_only,0.052,38,1168,0.0,3,0.19537278,0.19537278,1.0173724,0.0,0.09607881,0.0,0.0,0.052,-26.817883,2.2382638,0.74608797,0.104,0.0,0.17123477,0.0,0.0,3740800
hardzero_only__c0p58__z1p00__lam0p000__nu0p50__psi0p00,hardzero_only,0.052,38,1169,0.0,3,0.19537278,0.19537278,1.013284,0.0,0.09698756,0.0,0.0,0.052,-27.446657,2.2292693,0.7430898,0.136,0.0,0.16501534,0.0,0.0,3744000
hardzero_only__c0p58__z1p00__lam0p000__nu0p50__psi0p00,hardzero_only,0.052,38,1170,0.0,3,0.19537278,0.2009353,0.970731,0.10697171,0.10697171,1.0,0.005562529,0.052,-26.188866,2.1356509,0.71188366,0.19,0.0,0.13060595,0.0,0.0,3747200
hardzero_only__c0p58__z1p00__lam0p000__nu0p50__psi0p00,hardzero_only,0.052,38,1171,0.0,3,0.2009353,0.2009353,1.0197372,0.0,0.09555706,0.0,0.0,0.052,-27.252974,2.2434666,0.7478222,0.18400002,0.0,0.17982845,0.0,0.0,3750400
hardzero_only__c0p58__z1p00__lam0p000__nu0p50__psi0p00,hardzero_only,0.052,38,1172,0.0,3,0.2009353,0.20635276,0.9822089,0.10418162,0.10418162,1.0,0.0054174443,0.052,-26.881105,2.1609027,0.7203009,0.192,0.0,0.14859773,0.0,0.0,3753600
hardzero_only__c0p58__z1p00__lam0p000__nu0p50__psi0p00,hardzero_only,0.052,38,1173,0.0,3,0.20635276,0.20635276,1.139496,0.0,0.07252772,0.0,0.0,0.052,-29.554155,2.5069413,0.8356471,0.112,0.0,0.19329019,0.0,0.0,3756800
hardzero_only__c0p58__z1p00__lam0p000__nu0p50__psi0p00,hardzero_only,0.052,38,1174,0.0,3,0.20635276,0.21177241,0.982031,0.104224294,0.104224294,1.0,0.0054196636,0.052,-26.990278,2.1605113,0.72017044,0.128,0.0,0.17368974,0.0,0.0,3760000
hardzero_only__c0p58__z1p00__lam0p000__nu0p50__psi0p00,hardzero_only,0.052,38,1175,0.0,3,0.21177241,0.21177241,1.0195724,0.0,0.09559333,0.0,0.0,0.052,-26.447952,2.243104,0.74770135,0.16800001,0.0,0.15238683,0.0,0.0,3763200
hardzero_only__c0p58__z1p00__lam0p000__nu0p50__psi0p00,hardzero_only,0.052,38,1176,0.0,3,0.21177241,0.21177241,1.0251483,0.0,0.09437385,0.0,0.0,0.052,-27.347914,2.2553713,0.75179046,0.17600001,0.0,0.17695239,0.0,0.0,3766400
hardzero_only__c0p58__z1p00__lam0p000__nu0p50__psi0p00,hardzero_only,0.052,38,1177,0.0,3,0.21177241,0.21710645,0.98894703,0.1025777,0.1025777,1.0,0.0053340406,0.052,-26.127151,2.175727,0.7252423,0.16000001,0.0,0.13957123,0.0,0.0,3769600
hardzero_only__c0p58__z1p00__lam0p000__nu0p50__psi0p00,hardzero_only,0.052,38,1178,0.0,3,0.21710645,0.21710645,1.0539356,0.0,0.08832107,0.0,0.0,0.052,-27.924458,2.3187046,0.77290154,0.104,0.0,0.18318631,0.0,0.0,3772800
hardzero_only__c0p58__z1p00__lam0p000__nu0p50__psi0p00,hardzero_only,0.052,38,1179,0.0,3,0.21710645,0.22235835,0.99568754,0.10099793,0.10099793,1.0,0.0052518924,0.052,-27.610792,2.1905563,0.73018545,0.128,0.0,0.13375033,0.0,0.0,3776000
hardzero_only__c0p58__z1p00__lam0p000__nu0p50__psi0p00,hardzero_only,0.052,38,1180,0.0,3,0.22235835,0.22235835,1.0848625,0.0,0.082250305,0.0,0.0,0.052,-28.664162,2.3867452,0.79558176,0.120000005,0.0,0.17388277,0.0,0.0,3779200
hardzero_only__c0p58__z1p00__lam0p000__nu0p50__psi0p00,hardzero_only,0.052,38,1181,0.0,3,0.22235835,0.22235835,1.0520108,0.0,0.08871339,0.0,0.0,0.052,-28.057917,2.3144698,0.77149,0.15200001,0.0,0.18489332,0.0,0.0,3782400
hardzero_only__c0p58__z1p00__lam0p000__nu0p50__psi0p00,hardzero_only,0.052,38,1182,0.0,3,0.22235835,0.22235835,1.0182571,0.0,0.095883265,0.0,0.0,0.052,-27.064713,2.2402105,0.7467369,0.15200001,0.0,0.16868223,0.0,0.0,3785600
hardzero_only__c0p58__z1p00__lam0p000__nu0p50__psi0p00,hardzero_only,0.052,38,1183,0.0,3,0.22235835,0.22813651,0.9542135,0.111118525,0.111118525,1.0,0.005778163,0.052,-26.604805,2.0993116,0.69977057,0.16,0.0,0.17078306,0.0,0.0,3788800
hardzero_only__c0p58__z1p00__lam0p000__nu0p50__psi0p00,hardzero_only,0.052,38,1184,0.0,3,0.22813651,0.22813651,1.042773,0.0,0.0906206,0.0,0.0,0.052,-28.13659,2.2941465,0.76471555,0.208,0.0,0.18366893,0.0,0.0,3792000
hardzero_only__c0p58__z1p00__lam0p000__nu0p50__psi0p00,hardzero_only,0.052,38,1185,0.0,3,0.22813651,0.23348193,0.9880217,0.10279651,0.10279651,1.0,0.0053454186,0.052,-27.012379,2.173691,0.7245637,0.14400001,0.0,0.15834382,0.0,0.0,3795200
hardzero_only__c0p58__z1p00__lam0p000__nu0p50__psi0p00,hardzero_only,0.052,38,1186,0.0,3,0.23348193,0.23877206,0.99253625,0.10173344,0.10173344,1.0,0.005290139,0.052,-26.44405,2.1836233,0.72787446,0.17600001,0.0,0.13059019,0.0,0.0,3798400
hardzero_only__c0p58__z1p00__lam0p000__nu0p50__psi0p00,hardzero_only,0.052,38,1187,0.0,3,0.23877206,0.24416286,0.9843513,0.10366895,0.10366895,1.0,0.0053907856,0.052,-27.617142,2.165616,0.72187203,0.14400001,0.0,0.16728488,0.0,0.0,3801600
hardzero_only__c0p58__z1p00__lam0p000__nu0p50__psi0p00,hardzero_only,0.052,38,1188,0.0,3,0.24416286,0.24416286,1.0297475,0.0,0.09337969,0.0,0.0,0.052,-27.585459,2.2654896,0.7551632,0.15200001,0.0,0.18717906,0.0,0.0,3804800
hardzero_only__c0p58__z1p00__lam0p000__nu0p50__psi0p00,hardzero_only,0.052,38,1189,0.0,3,0.24416286,0.24938893,0.9978277,0.100501426,0.100501426,1.0,0.0052260743,0.052,-26.00508,2.1952648,0.73175496,0.2,0.0,0.14393562,0.0,0.0,3808000
hardzero_only__c0p58__z1p00__lam0p000__nu0p50__psi0p00,hardzero_only,0.052,38,1190,0.0,3,0.24938893,0.25464812,0.9950838,0.10113841,0.10113841,1.0,0.0052591977,0.052,-27.460005,2.189228,0.7297427,0.15200001,0.0,0.15122406,0.0,0.0,3811200
hardzero_only__c0p58__z1p00__lam0p000__nu0p50__psi0p00,hardzero_only,0.052,38,1191,0.0,3,0.25464812,0.25464812,1.0060074,0.0,0.09862626,0.0,0.0,0.052,-26.968689,2.2132607,0.73775357,0.17600001,0.0,0.16111985,0.0,0.0,3814400
hardzero_only__c0p58__z1p00__lam0p000__nu0p50__psi0p00,hardzero_only,0.052,38,1192,0.0,3,0.25464812,0.26033399,0.9612056,0.10934385,0.10934385,1.0,0.0056858803,0.052,-25.928213,2.1146946,0.70489824,0.2,0.0,0.1501356,0.0,0.0,3817600
hardzero_only__c0p58__z1p00__lam0p000__nu0p50__psi0p00,hardzero_only,0.052,38,1193,0.0,3,0.26033399,0.26567304,0.98853976,0.10267394,0.10267394,1.0,0.005339045,0.052,-26.464134,2.174831,0.72494364,0.17600001,0.0,0.13618688,0.0,0.0,3820800
hardzero_only__c0p58__z1p00__lam0p000__nu0p50__psi0p00,hardzero_only,0.052,38,1194,0.0,3,0.26567304,0.27111083,0.98058045,0.104573,0.104573,1.0,0.005437796,0.052,-26.220413,2.15732,0.7191067,0.16800001,0.0,0.14032452,0.0,0.0,3824000
hardzero_only__c0p58__z1p00__lam0p000__nu0p50__psi0p00,hardzero_only,0.052,38,1195,0.0,3,0.27111083,0.27684158,0.95779264,0.11020654,0.11020654,1.0,0.0057307403,0.052,-26.914759,2.1071858,0.7023953,0.18400002,0.0,0.1658978,0.0,0.0,3827200
hardzero_only__c0p58__z1p00__lam0p000__nu0p50__psi0p00,hardzero_only,0.052,38,1196,0.0,3,0.27684158,0.27684158,1.066392,0.0,0.085823864,0.0,0.0,0.052,-28.52921,2.3461092,0.7820364,0.21,0.0,0.18185976,0.0,0.0,3830400
hardzero_only__c0p58__z1p00__lam0p000__nu0p50__psi0p00,hardzero_only,0.052,38,1197,0.0,3,0.27684158,0.27684158,1.0382738,0.0,0.09156429,0.0,0.0,0.052,-28.090487,2.2842479,0.76141596,0.15200001,0.0,0.18599963,0.0,0.0,3833600
hardzero_only__c0p58__z1p00__lam0p000__nu0p50__psi0p00,hardzero_only,0.052,38,1198,0.0,3,0.27684158,0.27684158,1.0456201,0.0,0.09002848,0.0,0.0,0.052,-27.557768,2.30041,0.7668034,0.136,0.0,0.14025718,0.0,0.0,3836800
hardzero_only__c0p58__z1p00__lam0p000__nu0p50__psi0p00,hardzero_only,0.052,38,1199,0.0,3,0.27684158,0.27684158,1.0355064,0.0,0.092149645,0.0,0.0,0.052,-26.66219,2.2781594,0.7593865,0.120000005,0.0,0.17004094,0.0,0.0,3840000
hardzero_only__c0p58__z1p00__lam0p000__nu0p50__psi0p00,hardzero_only,0.052,38,1200,0.0,3,0.27684158,0.27684158,1.0280198,0.0,0.09375192,0.0,0.0,0.052,-27.304068,2.2616887,0.75389624,0.16000001,0.0,0.1500461,0.0,0.0,3843200
hardzero_only__c0p58__z1p00__lam0p000__nu0p50__psi0p00,hardzero_only,0.052,38,1201,0.0,3,0.27684158,0.27684158,1.027437,0.0,0.09387783,0.0,0.0,0.052,-27.640697,2.2604065,0.7534689,0.14400001,0.0,0.15188716,0.0,0.0,3846400
hardzero_only__c0p58__z1p00__lam0p000__nu0p50__psi0p00,hardzero_only,0.052,38,1202,0.0,3,0.27684158,0.28307903,0.92099625,0.119950965,0.119950965,1.0,0.0062374505,0.052,-25.138403,2.0262322,0.67541075,0.28,0.0,0.12346285,0.0,0.0,3849600
hardzero_only__c0p58__z1p00__lam0p000__nu0p50__psi0p00,hardzero_only,0.052,38,1203,0.0,3,0.28307903,0.28828064,0.99986506,0.10003106,0.10003106,1.0,0.0052016154,0.052,-27.939249,2.199747,0.73324907,0.192,0.0,0.15253109,0.0,0.0,3852800
hardzero_only__c0p58__z1p00__lam0p000__nu0p50__psi0p00,hardzero_only,0.052,38,1204,0.0,3,0.28828064,0.28828064,1.022305,0.0,0.09499373,0.0,0.0,0.052,-27.876728,2.249116,0.7497053,0.136,0.0,0.17207794,0.0,0.0,3856000
hardzero_only__c0p58__z1p00__lam0p000__nu0p50__psi0p00,hardzero_only,0.052,38,1205,0.0,3,0.28828064,0.28828064,1.0067221,0.0,0.0984641,0.0,0.0,0.052,-27.172302,2.2148328,0.7382776,0.120000005,0.0,0.14018343,0.0,0.0,3859200
hardzero_only__c0p58__z1p00__lam0p000__nu0p50__psi0p00,hardzero_only,0.052,38,1206,0.0,3,0.28828064,0.28828064,1.0091562,0.0,0.09791377,0.0,0.0,0.052,-27.277256,2.220188,0.74006265,0.14400001,0.0,0.14853524,0.0,0.0,3862400
hardzero_only__c0p58__z1p00__lam0p000__nu0p50__psi0p00,hardzero_only,0.052,38,1207,0.0,3,0.28828064,0.28828064,1.026832,0.0,0.0940087,0.0,0.0,0.052,-27.920568,2.2590754,0.7530252,0.2,0.0,0.19782127,0.0,0.0,3865600
hardzero_only__c0p58__z1p00__lam0p000__nu0p50__psi0p00,hardzero_only,0.052,38,1208,0.0,3,0.28828064,0.28828064,1.0539716,0.0,0.08831375,0.0,0.0,0.052,-28.059301,2.318784,0.772928,0.112,0.0,0.15349182,0.0,0.0,3868800
hardzero_only__c0p58__z1p00__lam0p000__nu0p50__psi0p00,hardzero_only,0.052,38,1209,0.0,3,0.28828064,0.28828064,1.0723876,0.0,0.08464715,0.0,0.0,0.052,-28.02063,2.3592997,0.7864332,0.14999999,0.0,0.16783744,0.0,0.0,3872000
hardzero_only__c0p58__z1p00__lam0p000__nu0p50__psi0p00,hardzero_only,0.052,38,1210,0.0,3,0.28828064,0.29371843,0.9805798,0.104573146,0.104573146,1.0,0.0054378035,0.052,-26.138739,2.1573186,0.7191062,0.17600001,0.0,0.15085469,0.0,0.0,3875200
hardzero_only__c0p58__z1p00__lam0p000__nu0p50__psi0p00,hardzero_only,0.052,38,1211,0.0,3,0.29371843,0.29371843,1.0096031,0.0,0.09781305,0.0,0.0,0.052,-27.480158,2.2211714,0.7403905,0.16800001,0.0,0.16009687,0.0,0.0,3878400
hardzero_only__c0p58__z1p00__lam0p000__nu0p50__psi0p00,hardzero_only,0.052,38,1212,0.0,3,0.29371843,0.29906192,0.98817736,0.10275965,0.10275965,1.0,0.005343502,0.052,-26.395338,2.1740336,0.7246779,0.136,0.0,0.1464529,0.0,0.0,3881600
hardzero_only__c0p58__z1p00__lam0p000__nu0p50__psi0p00,hardzero_only,0.052,38,1213,0.0,3,0.29906192,0.29906192,1.0297266,0.0,0.09338419,0.0,0.0,0.052,-26.363,2.2654438,0.75514793,0.208,0.0,0.16249773,0.0,0.0,3884800
hardzero_only__c0p58__z1p00__lam0p000__nu0p50__psi0p00,hardzero_only,0.052,38,1214,0.0,3,0.29906192,0.29906192,1.0711137,0.0,0.084895805,0.0,0.0,0.052,-27.477388,2.3564973,0.7854991,0.136,0.0,0.1707503,0.0,0.0,3888000
hardzero_only__c0p58__z1p00__lam0p000__nu0p50__psi0p00,hardzero_only,0.052,38,1215,0.0,3,0.29906192,0.29906192,1.0291471,0.0,0.09350887,0.0,0.0,0.052,-27.028059,2.264169,0.754723,0.18400002,0.0,0.18870959,0.0,0.0,3891200
hardzero_only__c0p58__z1p00__lam0p000__nu0p50__psi0p00,hardzero_only,0.052,38,1216,0.0,3,0.29906192,0.29906192,1.014347,0.0,0.09675046,0.0,0.0,0.052,-27.423407,2.231608,0.7438693,0.14400001,0.0,0.16619645,0.0,0.0,3894400
hardzero_only__c0p58__z1p00__lam0p000__nu0p50__psi0p00,hardzero_only,0.052,38,1217,0.0,3,0.29906192,0.3043733,0.9907968,0.10214172,0.10214172,1.0,0.00531137,0.052,-27.080442,2.1797965,0.72659886,0.112,0.0,0.14307684,0.0,0.0,3897600
hardzero_only__c0p58__z1p00__lam0p000__nu0p50__psi0p00,hardzero_only,0.052,38,1218,0.0,3,0.3043733,0.3043733,1.00926,0.0,0.09789036,0.0,0.0,0.052,-27.502977,2.2204165,0.7401389,0.2,0.0,0.15750861,0.0,0.0,3900800
hardzero_only__c0p58__z1p00__lam0p000__nu0p50__psi0p00,hardzero_only,0.052,38,1219,0.0,3,0.3043733,0.3043733,1.0303204,0.0,0.09325659,0.0,0.0,0.052,-27.504642,2.26675,0.7555834,0.14400001,0.0,0.15160766,0.0,0.0,3904000
hardzero_only__c0p58__z1p00__lam0p000__nu0p50__psi0p00,hardzero_only,0.052,38,1220,0.0,3,0.3043733,0.3098067,0.98093176,0.10448843,0.10448843,1.0,0.0054333988,0.052,-25.983202,2.158093,0.71936435,0.24000001,0.0,0.16322002,0.0,0.0,3907200
hardzero_only__c0p58__z1p00__lam0p000__nu0p50__psi0p00,hardzero_only,0.052,38,1221,0.0,3,0.3098067,0.3098067,1.0083338,0.0,0.09809935,0.0,0.0,0.052,-26.781914,2.2183785,0.7394595,0.136,0.0,0.16307528,0.0,0.0,3910400
hardzero_only__c0p58__z1p00__lam0p000__nu0p50__psi0p00,hardzero_only,0.052,38,1222,0.0,3,0.3098067,0.31570166,0.94552267,0.113364555,0.113364555,1.0,0.005894957,0.052,-25.948147,2.0801914,0.69339716,0.19999999,0.0,0.14134803,0.0,0.0,3913600
hardzero_only__c0p58__z1p00__lam0p000__nu0p50__psi0p00,hardzero_only,0.052,38,1223,0.0,3,0.31570166,0.3210069,0.9913003,0.102023385,0.102023385,1.0,0.005305216,0.052,-26.642872,2.1809042,0.72696805,0.128,0.0,0.14853847,0.0,0.0,3916800
hardzero_only__c0p58__z1p00__lam0p000__nu0p50__psi0p00,hardzero_only,0.052,38,1224,0.0,3,0.3210069,0.3210069,1.0690643,0.0,0.08529738,0.0,0.0,0.052,-28.176868,2.3519883,0.7839961,0.112,0.0,0.19470146,0.0,0.0,3920000
hardzero_only__c0p58__z1p00__lam0p000__nu0p50__psi0p00,hardzero_only,0.052,38,1225,0.0,3,0.3210069,0.3210069,1.0046743,0.0,0.09892947,0.0,0.0,0.052,-26.745455,2.2103276,0.7367759,0.17600001,0.0,0.14229782,0.0,0.0,3923200
hardzero_only__c0p58__z1p00__lam0p000__nu0p50__psi0p00,hardzero_only,0.052,38,1226,0.0,3,0.3210069,0.3264367,0.98121905,0.10441934,0.10441934,1.0,0.005429806,0.052,-26.42317,2.158725,0.71957505,0.136,0.0,0.13390271,0.0,0.0,3926400
hardzero_only__c0p58__z1p00__lam0p000__nu0p50__psi0p00,hardzero_only,0.052,38,1227,0.0,3,0.3264367,0.3264367,1.0166663,0.0,0.09623513,0.0,0.0,0.052,-27.12028,2.2367105,0.7455702,0.16000001,0.0,0.14112978,0.0,0.0,3929600
hardzero_only__c0p58__z1p00__lam0p000__nu0p50__psi0p00,hardzero_only,0.052,38,1228,0.0,3,0.3264367,0.33179128,0.9872777,0.10297275,0.10297275,1.0,0.0053545833,0.052,-26.905815,2.1720543,0.7240181,0.18400002,0.0,0.15070616,0.0,0.0,3932800
hardzero_only__c0p58__z1p00__lam0p000__nu0p50__psi0p00,hardzero_only,0.052,38,1229,0.0,3,0.33179128,0.3373547,0.97066253,0.106988594,0.106988594,1.0,0.005563407,0.052,-26.668747,2.1355002,0.7118334,0.208,0.0,0.17385718,0.0,0.0,3936000
hardzero_only__c0p58__z1p00__lam0p000__nu0p50__psi0p00,hardzero_only,0.052,38,1230,0.0,3,0.3373547,0.34261164,0.9952694,0.10109521,0.10109521,1.0,0.005256951,0.052,-26.957685,2.1896365,0.72987884,0.08800001,0.0,0.14986315,0.0,0.0,3939200
hardzero_only__c0p58__z1p00__lam0p000__nu0p50__psi0p00,hardzero_only,0.052,38,1231,0.0,3,0.34261164,0.34823042,0.9663615,0.108053416,0.108053416,1.0,0.0056187776,0.052,-25.982834,2.1260378,0.7086793,0.128,0.0,0.14028268,0.0,0.0,3942400
hardzero_only__c0p58__z1p00__lam0p000__nu0p50__psi0p00,hardzero_only,0.052,38,1232,0.0,3,0.34823042,0.34823042,1.0634061,0.0,0.08641594,0.0,0.0,0.052,-28.078901,2.3395402,0.7798468,0.15200001,0.0,0.16817018,0.0,0.0,3945600
hardzero_only__c0p58__z1p00__lam0p000__nu0p50__psi0p00,hardzero_only,0.052,38,1233,0.0,3,0.34823042,0.34823042,1.0239097,0.0,0.094643384,0.0,0.0,0.052,-26.2533,2.2526462,0.7508821,0.16800001,0.0,0.16875504,0.0,0.0,3948800
hardzero_only__c0p58__z1p00__lam0p000__nu0p50__psi0p00,hardzero_only,0.052,38,1234,0.0,3,0.34823042,0.34823042,1.0089139,0.0,0.097968414,0.0,0.0,0.052,-27.318851,2.2196548,0.739885,0.2,0.0,0.15034606,0.0,0.0,3952000
hardzero_only__c0p58__z1p00__lam0p000__nu0p50__psi0p00,hardzero_only,0.052,38,1235,0.0,3,0.34823042,0.35357192,0.9883397,0.102721244,0.102721244,1.0,0.0053415047,0.052,-26.876678,2.1743908,0.72479695,0.14999999,0.0,0.159656,0.0,0.0,3955200
hardzero_only__c0p58__z1p00__lam0p000__nu0p50__psi0p00,hardzero_only,0.052,38,1236,0.0,3,0.35357192,0.35882032,0.9959778,0.10093044,0.10093044,1.0,0.0052483827,0.052,-26.506033,2.191195,0.73039836,0.120000005,0.0,0.14223063,0.0,0.0,3958400
hardzero_only__c0p58__z1p00__lam0p000__nu0p50__psi0p00,hardzero_only,0.052,38,1237,0.0,3,0.35882032,0.36460292,0.95388,0.111203894,0.111203894,1.0,0.005782603,0.052,-25.955996,2.098578,0.699526,0.224,0.0,0.1553901,0.0,0.0,3961600
hardzero_only__c0p58__z1p00__lam0p000__nu0p50__psi0p00,hardzero_only,0.052,38,1238,0.0,3,0.36460292,0.36460292,1.0434183,0.0,0.09048606,0.0,0.0,0.052,-27.859785,2.295566,0.7651887,0.128,0.0,0.1830538,0.0,0.0,3964800
hardzero_only__c0p58__z1p00__lam0p000__nu0p50__psi0p00,hardzero_only,0.052,38,1239,0.0,3,0.36460292,0.36988336,0.9933325,0.1015471,0.1015471,1.0,0.0052804495,0.052,-27.32091,2.1853752,0.7284584,0.15200001,0.0,0.15955168,0.0,0.0,3968000
hardzero_only__c0p58__z1p00__lam0p000__nu0p50__psi0p00,hardzero_only,0.052,38,1240,0.0,3,0.36988336,0.36988336,1.0986165,0.0,0.07968626,0.0,0.0,0.052,-28.897575,2.4170046,0.80566823,0.136,0.0,0.17846103,0.0,0.0,3971200
hardzero_only__c0p58__z1p00__lam0p000__nu0p50__psi0p00,hardzero_only,0.052,38,1241,0.0,3,0.36988336,0.36988336,1.0305047,0.0,0.09321703,0.0,0.0,0.052,-27.296486,2.2671556,0.7557186,0.136,0.0,0.15634245,0.0,0.0,3974400
hardzero_only__c0p58__z1p00__lam0p000__nu0p50__psi0p00,hardzero_only,0.052,38,1242,0.0,3,0.36988336,0.3751675,0.99302995,0.101617865,0.101617865,1.0,0.005284129,0.052,-26.659958,2.1847095,0.72823656,0.120000005,0.0,0.15715484,0.0,0.0,3977600
hardzero_only__c0p58__z1p00__lam0p000__nu0p50__psi0p00,hardzero_only,0.052,38,1243,0.0,3,0.3751675,0.3751675,1.1046579,0.0,0.07858544,0.0,0.0,0.052,-28.998333,2.430296,0.81009865,0.08800001,0.0,0.18622744,0.0,0.0,3980800
hardzero_only__c0p58__z1p00__lam0p000__nu0p50__psi0p00,hardzero_only,0.052,38,1244,0.0,3,0.3751675,0.3751675,1.0124222,0.0,0.09718021,0.0,0.0,0.052,-27.147213,2.2273734,0.7424578,0.16800001,0.0,0.15880162,0.0,0.0,3984000
hardzero_only__c0p58__z1p00__lam0p000__nu0p50__psi0p00,hardzero_only,0.052,38,1245,0.0,3,0.3751675,0.3751675,1.0191127,0.0,0.09569456,0.0,0.0,0.052,-27.023119,2.2420928,0.7473643,0.14400001,0.0,0.15592556,0.0,0.0,3987200
hardzero_only__c0p58__z1p00__lam0p000__nu0p50__psi0p00,hardzero_only,0.052,38,1246,0.0,3,0.3751675,0.3805385,0.98594844,0.10328839,0.10328839,1.0,0.0053709964,0.052,-26.487041,2.1691298,0.7230433,0.14400001,0.0,0.14755005,0.0,0.0,3990400
hardzero_only__c0p58__z1p00__lam0p000__nu0p50__psi0p00,hardzero_only,0.052,38,1247,0.0,3,0.3805385,0.3805385,1.0061973,0.0,0.09858315,0.0,0.0,0.052,-25.998377,2.2136784,0.7378928,0.128,0.0,0.13379176,0.0,0.0,3993600
hardzero_only__c0p58__z1p00__lam0p000__nu0p50__psi0p00,hardzero_only,0.052,38,1248,0.0,3,0.3805385,0.3805385,1.0217354,0.0,0.09511841,0.0,0.0,0.052,-27.177868,2.2478628,0.7492876,0.24,0.01,0.16446656,0.0,0.0,3996800
hardzero_only__c0p58__z1p00__lam0p000__nu0p50__psi0p00,hardzero_only,0.052,38,1249,0.0,3,0.3805385,0.3805385,1.0245246,0.0,0.09450948,0.0,0.0,0.052,-27.894325,2.253999,0.751333,0.17600001,0.008,0.21591154,0.0,0.0,4000000
