mechanism_tag,mechanism,alpha,seed,update,update_u,update_counter,energy_E_pre,energy_E_post,funding_z,funding_g,funding_g_raw,funding_cut_active,funding_income,funding_alpha_eff,episode_return_end_mean,terminal_min_dists_end_mean,terminal_dbar_end,terminal_occupied_end_mean,terminal_CSR_train,vartd_VarTD,depr_F,depr_F_post,env_steps
hardzero_plus_depr__c0p60__z1p05__lam0p010__nu0p50__psi0p75,hardzero_plus_depr,0.01,34,0,1.0,1,1.0,0.39999998,1.0739973,0.0,0.084334016,0.0,0.0,0.01,-27.958464,2.3628411,0.78761375,0.17999999,0.0,0.15948392,0.0,0.0,3200
hardzero_plus_depr__c0p60__z1p05__lam0p010__nu0p50__psi0p75,hardzero_plus_depr,0.01,34,1,0.0,1,0.39999998,0.39999998,1.0724891,0.0,0.08462738,0.0,0.0,0.01,-28.132221,2.3595233,0.7865078,0.136,0.0,0.14916873,0.0,0.01,6400
hardzero_plus_depr__c0p60__z1p05__lam0p010__nu0p50__psi0p75,hardzero_plus_depr,0.01,34,2,0.0,1,0.39999998,0.40093744,1.0247953,0.094450586,0.094450586,1.0,0.00093744847,0.00992528,-26.762012,2.2545946,0.75153154,0.128,0.0,0.13993247,0.01,0.02,9600
hardzero_plus_depr__c0p60__z1p05__lam0p010__nu0p50__psi0p75,hardzero_plus_depr,0.01,34,3,0.0,1,0.40093744,0.40187427,1.0218152,0.09510095,0.09510095,1.0,0.0009368508,0.0098511195,-27.811333,2.2480383,0.74934614,0.128,0.0,0.15757243,0.02,0.03,12800
hardzero_plus_depr__c0p60__z1p05__lam0p010__nu0p50__psi0p75,hardzero_plus_depr,0.01,34,4,0.0,1,0.40187427,0.4028234,1.0129087,0.097071394,0.097071394,1.0,0.00094911666,0.0097775115,-27.01932,2.2284436,0.74281454,0.216,0.0,0.14274544,0.03,0.04,16000
hardzero_plus_depr__c0p60__z1p05__lam0p010__nu0p50__psi0p75,hardzero_plus_depr,0.01,34,5,0.0,1,0.4028234,0.4028234,1.1063346,0.0,0.078282624,0.0,0.0,0.009704456,-28.404078,2.4339848,0.8113283,0.08800001,0.0,0.14422202,0.04,0.049999997,19200
hardzero_plus_depr__c0p60__z1p05__lam0p010__nu0p50__psi0p75,hardzero_plus_depr,0.01,34,6,0.0,1,0.4028234,0.4037285,1.0270176,0.093968526,0.093968526,1.0,0.00090509956,0.009631944,-27.575981,2.2594838,0.7531613,0.120000005,0.0,0.15643002,0.049999997,0.059999995,22400
hardzero_plus_depr__c0p60__z1p05__lam0p010__nu0p50__psi0p75,hardzero_plus_depr,0.01,34,7,0.0,1,0.4037285,0.4046365,1.0223575,0.09498226,0.09498226,1.0,0.00090802804,0.009559975,-27.840498,2.2492313,0.7497438,0.16000001,0.0,0.17608269,0.059999995,0.06999999,25600
hardzero_plus_depr__c0p60__z1p05__lam0p010__nu0p50__psi0p75,hardzero_plus_depr,0.01,34,8,0.0,1,0.4046365,0.40562803,0.98089254,0.10449787,0.10449787,1.0,0.0009915326,0.0094885435,-26.798449,2.1580067,0.71933556,0.2,0.0,0.15097676,0.06999999,0.07999999,28800
hardzero_plus_depr__c0p60__z1p05__lam0p010__nu0p50__psi0p75,hardzero_plus_depr,0.01,34,9,0.0,1,0.40562803,0.40648207,1.0424685,0.09068417,0.09068417,1.0,0.00085403136,0.009417646,-27.740341,2.2934766,0.7644922,0.16800001,0.0,0.17796504,0.07999999,0.08999999,32000
hardzero_plus_depr__c0p60__z1p05__lam0p010__nu0p50__psi0p75,hardzero_plus_depr,0.01,34,10,0.0,1,0.40648207,0.4073674,1.0235703,0.094717376,0.094717376,1.0,0.0008853495,0.009347277,-26.642384,2.2518997,0.75063324,0.136,0.0,0.15469615,0.08999999,0.09999999,35200
hardzero_plus_depr__c0p60__z1p05__lam0p010__nu0p50__psi0p75,hardzero_plus_depr,0.01,34,11,0.0,1,0.4073674,0.40836298,0.96935374,0.1073115,0.1073115,1.0,0.0009955755,0.009277435,-26.187553,2.1326208,0.7108736,0.16800001,0.0,0.12549242,0.09999999,0.109999985,38400
hardzero_plus_depr__c0p60__z1p05__lam0p010__nu0p50__psi0p75,hardzero_plus_depr,0.01,34,12,0.0,1,0.40836298,0.40836298,1.0914868,0.0,0.08100525,0.0,0.0,0.009208114,-28.310148,2.401319,0.8004397,0.128,0.0,0.1475675,0.109999985,0.11999998,41600
hardzero_plus_depr__c0p60__z1p05__lam0p010__nu0p50__psi0p75,hardzero_plus_depr,0.01,34,13,0.0,1,0.40836298,0.40836298,1.0612545,0.0,0.08684513,0.0,0.0,0.009139312,-27.350943,2.3348064,0.7782688,0.14999999,0.0,0.12891199,0.11999998,0.12999998,44800
hardzero_plus_depr__c0p60__z1p05__lam0p010__nu0p50__psi0p75,hardzero_plus_depr,0.01,34,14,0.0,1,0.40836298,0.40925765,1.0059901,0.09863019,0.09863019,1.0,0.0008946767,0.009071023,-25.963255,2.2132225,0.7377409,0.120000005,0.0,0.13114542,0.12999998,0.13999999,48000
hardzero_plus_depr__c0p60__z1p05__lam0p010__nu0p50__psi0p75,hardzero_plus_depr,0.01,34,15,0.0,1,0.40925765,0.41006526,1.0471925,0.08970311,0.08970311,1.0,0.00080761913,0.009003245,-27.617239,2.3038695,0.7679565,0.17600001,0.0,0.14951156,0.13999999,0.14999999,51200
hardzero_plus_depr__c0p60__z1p05__lam0p010__nu0p50__psi0p75,hardzero_plus_depr,0.01,34,16,0.0,1,0.41006526,0.41086358,1.0489609,0.089338586,0.089338586,1.0,0.0007983272,0.008935973,-27.37849,2.30776,0.7692534,0.15200001,0.0,0.144051,0.14999999,0.16,54400
hardzero_plus_depr__c0p60__z1p05__lam0p010__nu0p50__psi0p75,hardzero_plus_depr,0.01,34,17,0.0,1,0.41086358,0.41086358,1.0852445,0.0,0.08217797,0.0,0.0,0.008869204,-27.686272,2.3875856,0.7958619,0.15200001,0.0,0.15779619,0.16,0.17,57600
hardzero_plus_depr__c0p60__z1p05__lam0p010__nu0p50__psi0p75,hardzero_plus_depr,0.01,34,18,0.0,1,0.41086358,0.41165236,1.0476716,0.08960421,0.08960421,1.0,0.00078878,0.008802935,-27.862703,2.3049235,0.76830786,0.192,0.0,0.1634074,0.17,0.18,60800
hardzero_plus_depr__c0p60__z1p05__lam0p010__nu0p50__psi0p75,hardzero_plus_depr,0.01,34,19,0.0,1,0.41165236,0.4124935,1.0165049,0.09627091,0.09627091,1.0,0.0008411342,0.008737159,-27.498524,2.2363553,0.7454518,0.112,0.0,0.14142181,0.18,0.19000001,64000
hardzero_plus_depr__c0p60__z1p05__lam0p010__nu0p50__psi0p75,hardzero_plus_depr,0.01,34,20,0.0,1,0.4124935,0.41331464,1.0236943,0.094690345,0.094690345,1.0,0.00082114286,0.008671875,-26.530403,2.2521725,0.7507242,0.18400002,0.0,0.1292692,0.19000001,0.20000002,67200
hardzero_plus_depr__c0p60__z1p05__lam0p010__nu0p50__psi0p75,hardzero_plus_depr,0.01,34,21,0.0,1,0.41331464,0.41331464,1.0678238,0.0,0.08554138,0.0,0.0,0.008607079,-29.008583,2.3492591,0.7830864,0.17600001,0.0,0.18192236,0.20000002,0.21000002,70400
hardzero_plus_depr__c0p60__z1p05__lam0p010__nu0p50__psi0p75,hardzero_plus_depr,0.01,34,22,0.0,1,0.41331464,0.41331464,1.0657789,0.0,0.0859451,0.0,0.0,0.008542768,-28.070585,2.3447602,0.78158677,0.16000001,0.0,0.17606921,0.21000002,0.22000003,73600
hardzero_plus_depr__c0p60__z1p05__lam0p010__nu0p50__psi0p75,hardzero_plus_depr,0.01,34,23,0.0,1,0.41331464,0.41331464,1.0582811,0.0,0.08744177,0.0,0.0,0.008478937,-28.201874,2.328265,0.77608836,0.16000001,0.0,0.19864674,0.22000003,0.23000003,76800
hardzero_plus_depr__c0p60__z1p05__lam0p010__nu0p50__psi0p75,hardzero_plus_depr,0.01,34,24,0.0,1,0.41331464,0.41331464,1.0701562,0.0,0.08508319,0.0,0.0,0.008415583,-27.805704,2.3543906,0.7847969,0.104,0.0,0.15215553,0.23000003,0.24000004,80000
hardzero_plus_depr__c0p60__z1p05__lam0p010__nu0p50__psi0p75,hardzero_plus_depr,0.01,34,25,0.0,1,0.41331464,0.41413724,1.006638,0.09848314,0.09848314,1.0,0.0008226003,0.0083527025,-27.404003,2.214648,0.73821604,0.14400001,0.0,0.1281038,0.24000004,0.25000003,83200
hardzero_plus_depr__c0p60__z1p05__lam0p010__nu0p50__psi0p75,hardzero_plus_depr,0.01,34,26,0.0,1,0.41413724,0.41413724,1.0577745,0.0,0.0875438,0.0,0.0,0.008290291,-27.682913,2.3271506,0.7757169,0.16,0.0,0.15047352,0.25000003,0.26000002,86400
hardzero_plus_depr__c0p60__z1p05__lam0p010__nu0p50__psi0p75,hardzero_plus_depr,0.01,34,27,0.0,1,0.41413724,0.41497606,0.99164456,0.10194254,0.10194254,1.0,0.00083881855,0.008228347,-28.060312,2.1816616,0.72722054,0.15200001,0.0,0.1508901,0.26000002,0.27,89600
hardzero_plus_depr__c0p60__z1p05__lam0p010__nu0p50__psi0p75,hardzero_plus_depr,0.01,34,28,0.0,1,0.41497606,0.4157246,1.0378326,0.09165736,0.09165736,1.0,0.00074855326,0.0081668645,-27.650118,2.2832773,0.7610924,0.128,0.0,0.13731693,0.27,0.28,92800
hardzero_plus_depr__c0p60__z1p05__lam0p010__nu0p50__psi0p75,hardzero_plus_depr,0.01,34,29,0.0,1,0.4157246,0.416459,1.0428727,0.09059982,0.09059982,1.0,0.00073438784,0.008105842,-27.068386,2.2943656,0.76478857,0.096,0.0,0.17879982,0.28,0.29,96000
hardzero_plus_depr__c0p60__z1p05__lam0p010__nu0p50__psi0p75,hardzero_plus_depr,0.01,34,30,0.0,1,0.416459,0.4172081,1.0309938,0.09311212,0.09311212,1.0,0.00074911275,0.008045277,-27.19631,2.2682316,0.75607723,0.15200001,0.0,0.16938676,0.29,0.29999998,99200
hardzero_plus_depr__c0p60__z1p05__lam0p010__nu0p50__psi0p75,hardzero_plus_depr,0.01,34,31,0.0,1,0.4172081,0.41794664,1.033921,0.09248664,0.09248664,1.0,0.00073852076,0.007985162,-27.089926,2.2746716,0.7582239,0.136,0.0,0.15117773,0.29999998,0.30999997,102400
hardzero_plus_depr__c0p60__z1p05__lam0p010__nu0p50__psi0p75,hardzero_plus_depr,0.01,34,32,0.0,1,0.41794664,0.41794664,1.1131915,0.0,0.07705636,0.0,0.0,0.007925497,-28.870161,2.4490702,0.8163568,0.112,0.0,0.16183263,0.30999997,0.31999996,105600
hardzero_plus_depr__c0p60__z1p05__lam0p010__nu0p50__psi0p75,hardzero_plus_depr,0.01,34,33,0.0,1,0.41794664,0.418702,1.0176055,0.09602724,0.09602724,1.0,0.000755377,0.007866278,-26.763002,2.238777,0.746259,0.128,0.0,0.15397178,0.31999996,0.32999995,108800
hardzero_plus_depr__c0p60__z1p05__lam0p010__nu0p50__psi0p75,hardzero_plus_depr,0.01,34,34,0.0,1,0.418702,0.4194634,1.0108988,0.09752168,0.09752168,1.0,0.0007614007,0.007807502,-26.810982,2.224022,0.74134064,0.24800001,0.0,0.16592914,0.32999995,0.33999994,112000
hardzero_plus_depr__c0p60__z1p05__lam0p010__nu0p50__psi0p75,hardzero_plus_depr,0.01,34,35,0.0,1,0.4194634,0.42018688,1.0298212,0.093363866,0.093363866,1.0,0.000723492,0.007749165,-27.569563,2.2656517,0.75521725,0.112,0.0,0.14904018,0.33999994,0.34999993,115200
hardzero_plus_depr__c0p60__z1p05__lam0p010__nu0p50__psi0p75,hardzero_plus_depr,0.01,34,36,0.0,1,0.42018688,0.42018688,1.0644271,0.0,0.08621301,0.0,0.0,0.007691264,-27.492233,2.3417864,0.7805955,0.136,0.0,0.19541006,0.34999993,0.35999992,118400
hardzero_plus_depr__c0p60__z1p05__lam0p010__nu0p50__psi0p75,hardzero_plus_depr,0.01,34,37,0.0,1,0.42018688,0.42018688,1.0739914,0.0,0.08433515,0.0,0.0,0.0076337955,-28.164474,2.3628283,0.78760946,0.128,0.0,0.19273366,0.35999992,0.36999992,121600
hardzero_plus_depr__c0p60__z1p05__lam0p010__nu0p50__psi0p75,hardzero_plus_depr,0.01,34,38,0.0,1,0.42018688,0.4209629,0.98961467,0.10242013,0.10242013,1.0,0.0007760123,0.0075767557,-26.82825,2.1771958,0.72573197,0.112,0.0,0.15296903,0.36999992,0.3799999,124800
hardzero_plus_depr__c0p60__z1p05__lam0p010__nu0p50__psi0p75,hardzero_plus_depr,0.01,34,39,0.0,1,0.4209629,0.42165217,1.0378307,0.09165777,0.09165777,1.0,0.0006892796,0.0075201434,-26.69975,2.2832732,0.7610911,0.17,0.0,0.1341214,0.3799999,0.3899999,128000
hardzero_plus_depr__c0p60__z1p05__lam0p010__nu0p50__psi0p75,hardzero_plus_depr,0.01,34,40,0.0,1,0.42165217,0.42236692,1.0188084,0.09576166,0.09576166,1.0,0.00071476045,0.0074639525,-27.501106,2.2414231,0.74714106,0.224,0.0,0.15242472,0.3899999,0.3999999,131200
hardzero_plus_depr__c0p60__z1p05__lam0p010__nu0p50__psi0p75,hardzero_plus_depr,0.01,34,41,0.0,1,0.42236692,0.42312607,0.9893888,0.1024734,0.1024734,1.0,0.0007591417,0.007408183,-25.953022,2.176699,0.7255663,0.17600001,0.0,0.11540932,0.3999999,0.40999988,134400
hardzero_plus_depr__c0p60__z1p05__lam0p010__nu0p50__psi0p75,hardzero_plus_depr,0.01,34,42,0.0,1,0.42312607,0.42395666,0.94706875,0.11296169,0.11296169,1.0,0.00083058805,0.0073528294,-25.44798,2.083593,0.69453096,0.17600001,0.0,0.14044811,0.40999988,0.41999987,137600
hardzero_plus_depr__c0p60__z1p05__lam0p010__nu0p50__psi0p75,hardzero_plus_depr,0.01,34,43,0.0,1,0.42395666,0.42464527,1.0252197,0.09435835,0.09435835,1.0,0.00068861677,0.0072978893,-27.911892,2.2555285,0.75184286,0.16000001,0.0,0.18429565,0.41999987,0.42999986,140800
hardzero_plus_depr__c0p60__z1p05__lam0p010__nu0p50__psi0p75,hardzero_plus_depr,0.01,34,44,0.0,1,0.42464527,0.42464527,1.0778009,0.0,0.083598614,0.0,0.0,0.0072433595,-28.421219,2.3712091,0.79040307,0.096,0.0,0.18157563,0.42999986,0.43999985,144000
hardzero_plus_depr__c0p60__z1p05__lam0p010__nu0p50__psi0p75,hardzero_plus_depr,0.01,34,45,0.0,1,0.42464527,0.42536816,0.99761206,0.10055136,0.10055136,1.0,0.0007228877,0.0071892384,-27.131952,2.1947904,0.7315968,0.16000001,0.0,0.15834044,0.43999985,0.44999984,147200
hardzero_plus_depr__c0p60__z1p05__lam0p010__nu0p50__psi0p75,hardzero_plus_depr,0.01,34,46,0.0,1,0.42536816,0.42606953,1.0074744,0.09829368,0.09829368,1.0,0.0007013766,0.007135521,-26.54129,2.216488,0.7388293,0.17600001,0.0,0.13592924,0.44999984,0.45999983,150400
hardzero_plus_depr__c0p60__z1p05__lam0p010__nu0p50__psi0p75,hardzero_plus_depr,0.01,34,47,0.0,1,0.42606953,0.42671734,1.0387264,0.091468915,0.091468915,1.0,0.0006478015,0.007082204,-27.875275,2.2852437,0.76174796,0.17600001,0.0,0.14286624,0.45999983,0.46999982,153600
hardzero_plus_depr__c0p60__z1p05__lam0p010__nu0p50__psi0p75,hardzero_plus_depr,0.01,34,48,0.0,1,0.42671734,0.42738566,1.0219232,0.095077306,0.095077306,1.0,0.00066832564,0.0070292866,-27.28527,2.248276,0.74942535,0.128,0.0,0.16270429,0.46999982,0.4799998,156800
hardzero_plus_depr__c0p60__z1p05__lam0p010__nu0p50__psi0p75,hardzero_plus_depr,0.01,34,49,0.0,1,0.42738566,0.4280821,1.0007682,0.09982327,0.09982327,1.0,0.0006964434,0.006976764,-26.813105,2.201734,0.7339114,0.120000005,0.0,0.13441499,0.4799998,0.4899998,160000
hardzero_plus_depr__c0p60__z1p05__lam0p010__nu0p50__psi0p75,hardzero_plus_depr,0.01,34,50,0.0,1,0.4280821,0.42871785,1.0371213,0.09180761,0.09180761,1.0,0.0006357341,0.0069246343,-27.544573,2.2817125,0.7605709,0.112,0.0,0.1408427,0.4899998,0.4999998,163200
hardzero_plus_depr__c0p60__z1p05__lam0p010__nu0p50__psi0p75,hardzero_plus_depr,0.01,34,51,0.0,1,0.42871785,0.42941412,0.99435794,0.10130762,0.10130762,1.0,0.0006962765,0.0068728933,-26.677908,2.1876311,0.7292104,0.18400002,0.0,0.119321726,0.4999998,0.5099998,166400
hardzero_plus_depr__c0p60__z1p05__lam0p010__nu0p50__psi0p75,hardzero_plus_depr,0.01,34,52,0.0,1,0.42941412,0.42941412,1.0617077,0.0,0.08675455,0.0,0.0,0.0068215397,-27.059998,2.3358037,0.7786013,0.13,0.0,0.13277945,0.5099998,0.5199998,169600
hardzero_plus_depr__c0p60__z1p05__lam0p010__nu0p50__psi0p75,hardzero_plus_depr,0.01,34,53,0.0,1,0.42941412,0.43007016,1.013697,0.09689536,0.09689536,1.0,0.0006560368,0.0067705694,-26.70404,2.230178,0.7433927,0.15200001,0.0,0.15752704,0.5199998,0.5299998,172800
hardzero_plus_depr__c0p60__z1p05__lam0p010__nu0p50__psi0p75,hardzero_plus_depr,0.01,34,54,0.0,1,0.43007016,0.43071514,1.0178156,0.095980816,0.095980816,1.0,0.00064498925,0.006719981,-26.498087,2.239239,0.746413,0.120000005,0.0,0.14447032,0.5299998,0.5399998,176000
hardzero_plus_depr__c0p60__z1p05__lam0p010__nu0p50__psi0p75,hardzero_plus_depr,0.01,34,55,0.0,1,0.43071514,0.43136957,1.0082537,0.098117456,0.098117456,1.0,0.00065442076,0.006669769,-26.427109,2.2182024,0.7394008,0.14400001,0.0,0.15673816,0.5399998,0.5499998,179200
hardzero_plus_depr__c0p60__z1p05__lam0p010__nu0p50__psi0p75,hardzero_plus_depr,0.01,34,56,0.0,1,0.43136957,0.43202752,1.0026673,0.09938771,0.09938771,1.0,0.00065794,0.006619933,-27.09196,2.205912,0.73530406,0.16000001,0.0,0.16631259,0.5499998,0.55999976,182400
hardzero_plus_depr__c0p60__z1p05__lam0p010__nu0p50__psi0p75,hardzero_plus_depr,0.01,34,57,0.0,1,0.43202752,0.43202752,1.1263403,0.0,0.07475834,0.0,0.0,0.006570469,-28.764093,2.477998,0.8259994,0.136,0.0,0.18238737,0.55999976,0.56999975,185600
hardzero_plus_depr__c0p60__z1p05__lam0p010__nu0p50__psi0p75,hardzero_plus_depr,0.01,34,58,0.0,1,0.43202752,0.4326257,1.0374877,0.09173018,0.09173018,1.0,0.0005982069,0.006521375,-27.424519,2.2825186,0.7608396,0.136,0.0,0.14686717,0.56999975,0.57999974,188800
hardzero_plus_depr__c0p60__z1p05__lam0p010__nu0p50__psi0p75,hardzero_plus_depr,0.01,34,59,0.0,1,0.4326257,0.4332475,1.0174271,0.09606671,0.09606671,1.0,0.000621806,0.0064726477,-27.22196,2.2383842,0.7461281,0.17600001,0.0,0.1465677,0.57999974,0.58999974,192000
hardzero_plus_depr__c0p60__z1p05__lam0p010__nu0p50__psi0p75,hardzero_plus_depr,0.01,34,60,0.0,1,0.4332475,0.4332475,1.0610131,0.0,0.08689341,0.0,0.0,0.0064242845,-28.11826,2.3342755,0.77809185,0.120000005,0.0,0.15027834,0.58999974,0.5999997,195200
hardzero_plus_depr__c0p60__z1p05__lam0p010__nu0p50__psi0p75,hardzero_plus_depr,0.01,34,61,0.0,1,0.4332475,0.4332475,1.058652,0.0,0.08736711,0.0,0.0,0.0063762832,-28.926134,2.329081,0.7763604,0.16000001,0.0,0.18216357,0.5999997,0.6099997,198400
hardzero_plus_depr__c0p60__z1p05__lam0p010__nu0p50__psi0p75,hardzero_plus_depr,0.01,34,62,0.0,1,0.4332475,0.43381697,1.0458548,0.089979835,0.089979835,1.0,0.0005694499,0.006328639,-28.465345,2.3009264,0.7669755,0.16800001,0.0,0.17202091,0.6099997,0.6199997,201600
hardzero_plus_depr__c0p60__z1p05__lam0p010__nu0p50__psi0p75,hardzero_plus_depr,0.01,34,63,0.0,1,0.43381697,0.43442205,1.0162452,0.0963285,0.0963285,1.0,0.00060507323,0.0062813526,-26.87927,2.2357843,0.74526143,0.08800001,0.0,0.15270041,0.6199997,0.6299997,204800
hardzero_plus_depr__c0p60__z1p05__lam0p010__nu0p50__psi0p75,hardzero_plus_depr,0.01,34,64,0.0,1,0.43442205,0.43501136,1.0244453,0.094526745,0.094526745,1.0,0.0005893193,0.006234418,-28.12174,2.2538247,0.75127494,0.120000005,0.0,0.18841282,0.6299997,0.6399997,208000
hardzero_plus_depr__c0p60__z1p05__lam0p010__nu0p50__psi0p75,hardzero_plus_depr,0.01,34,65,0.0,1,0.43501136,0.43501136,1.0557044,0.0,0.08796211,0.0,0.0,0.0061878352,-27.341843,2.322596,0.7741987,0.14,0.0,0.15100606,0.6399997,0.6499997,211200
hardzero_plus_depr__c0p60__z1p05__lam0p010__nu0p50__psi0p75,hardzero_plus_depr,0.01,34,66,0.0,1,0.43501136,0.43563333,0.9945012,0.10127419,0.10127419,1.0,0.0006219855,0.0061415997,-26.8845,2.1879463,0.72931546,0.16800001,0.0,0.18358712,0.6499997,0.65999967,214400
hardzero_plus_depr__c0p60__z1p05__lam0p010__nu0p50__psi0p75,hardzero_plus_depr,0.01,34,67,0.0,1,0.43563333,0.43563333,1.0625787,0.0,0.08658074,0.0,0.0,0.00609571,-27.642878,2.3377197,0.7792399,0.096,0.0,0.18256915,0.65999967,0.66999966,217600
hardzero_plus_depr__c0p60__z1p05__lam0p010__nu0p50__psi0p75,hardzero_plus_depr,0.01,34,68,0.0,1,0.43563333,0.4361736,1.0491642,0.08929678,0.08929678,1.0,0.00054026017,0.006050164,-28.283812,2.3082073,0.76940244,0.16800001,0.0,0.15836672,0.66999966,0.67999965,220800
hardzero_plus_depr__c0p60__z1p05__lam0p010__nu0p50__psi0p75,hardzero_plus_depr,0.01,34,69,0.0,1,0.4361736,0.4367706,1.0025387,0.09941715,0.09941715,1.0,0.00059699576,0.0060049575,-27.450941,2.205629,0.7352097,0.14400001,0.0,0.13518527,0.67999965,0.68999964,224000
hardzero_plus_depr__c0p60__z1p05__lam0p010__nu0p50__psi0p75,hardzero_plus_depr,0.01,34,70,0.0,1,0.4367706,0.43730327,1.0487884,0.08937407,0.08937407,1.0,0.0005326774,0.0059600887,-27.880302,2.3073807,0.7691269,0.112,0.0,0.17397541,0.68999964,0.69999963,227200
hardzero_plus_depr__c0p60__z1p05__lam0p010__nu0p50__psi0p75,hardzero_plus_depr,0.01,34,71,0.0,1,0.43730327,0.43784302,1.0397959,0.09124397,0.09124397,1.0,0.0005397587,0.005915555,-27.424725,2.2875967,0.76253223,0.120000005,0.0,0.13881876,0.69999963,0.7099996,230400
hardzero_plus_depr__c0p60__z1p05__lam0p010__nu0p50__psi0p75,hardzero_plus_depr,0.01,34,72,0.0,1,0.43784302,0.43839872,1.0238917,0.09464731,0.09464731,1.0,0.0005557079,0.005871354,-26.978756,2.2526066,0.7508689,0.17600001,0.0,0.1604707,0.7099996,0.7199996,233600
hardzero_plus_depr__c0p60__z1p05__lam0p010__nu0p50__psi0p75,hardzero_plus_depr,0.01,34,73,0.0,1,0.43839872,0.43892714,1.042494,0.090678826,0.090678826,1.0,0.0005284294,0.005827484,-26.991653,2.2935328,0.764511,0.192,0.0,0.14979838,0.7199996,0.7299996,236800
hardzero_plus_depr__c0p60__z1p05__lam0p010__nu0p50__psi0p75,hardzero_plus_depr,0.01,34,74,0.0,1,0.43892714,0.4395127,0.9946621,0.10123668,0.10123668,1.0,0.000585547,0.0057839416,-27.032925,2.1883004,0.7294335,0.2,0.0,0.13477023,0.7299996,0.7399996,240000
hardzero_plus_depr__c0p60__z1p05__lam0p010__nu0p50__psi0p75,hardzero_plus_depr,0.01,34,75,0.0,1,0.4395127,0.44003922,1.037547,0.09171767,0.09171767,1.0,0.00052652584,0.005740724,-26.726809,2.282649,0.76088303,0.15200001,0.0,0.11950211,0.7399996,0.7499996,243200
hardzero_plus_depr__c0p60__z1p05__lam0p010__nu0p50__psi0p75,hardzero_plus_depr,0.01,34,76,0.0,1,0.44003922,0.4405999,1.0070121,0.098398365,0.098398365,1.0,0.0005606572,0.00569783,-26.857927,2.2154708,0.7384903,0.15200001,0.0,0.14112343,0.7499996,0.7599996,246400
hardzero_plus_depr__c0p60__z1p05__lam0p010__nu0p50__psi0p75,hardzero_plus_depr,0.01,34,77,0.0,1,0.4405999,0.4411609,1.0034813,0.09920161,0.09920161,1.0,0.0005610105,0.0056552556,-27.257076,2.2077029,0.735901,0.18400002,0.0,0.14390953,0.7599996,0.76999956,249600
hardzero_plus_depr__c0p60__z1p05__lam0p010__nu0p50__psi0p75,hardzero_plus_depr,0.01,34,78,0.0,1,0.4411609,0.44169527,1.02133,0.09520723,0.09520723,1.0,0.0005343982,0.005613,-27.2657,2.246971,0.7489903,0.14999999,0.0,0.13867065,0.76999956,0.77999955,252800
hardzero_plus_depr__c0p60__z1p05__lam0p010__nu0p50__psi0p75,hardzero_plus_depr,0.01,34,79,0.0,1,0.44169527,0.44169527,1.081778,0.0,0.08283654,0.0,0.0,0.005571061,-27.608635,2.379959,0.7933197,0.192,0.0,0.16168022,0.77999955,0.78999954,256000
hardzero_plus_depr__c0p60__z1p05__lam0p010__nu0p50__psi0p75,hardzero_plus_depr,0.01,34,80,0.0,1,0.44169527,0.44226816,0.9846154,0.10360594,0.10360594,1.0,0.0005728822,0.0055294335,-26.384005,2.166197,0.7220657,0.136,0.0,0.13212585,0.78999954,0.79999954,259200
hardzero_plus_depr__c0p60__z1p05__lam0p010__nu0p50__psi0p75,hardzero_plus_depr,0.01,34,81,0.0,1,0.44226816,0.4427595,1.0480354,0.089529194,0.089529194,1.0,0.00049134676,0.0054881177,-27.354376,2.305724,0.76857466,0.15200001,0.0,0.136629,0.79999954,0.8099995,262400
hardzero_plus_depr__c0p60__z1p05__lam0p010__nu0p50__psi0p75,hardzero_plus_depr,0.01,34,82,0.0,1,0.4427595,0.4427595,1.1019872,0.0,0.07907019,0.0,0.0,0.005447111,-28.348803,2.4244204,0.80814016,0.096,0.0,0.1853126,0.8099995,0.8199995,265600
hardzero_plus_depr__c0p60__z1p05__lam0p010__nu0p50__psi0p75,hardzero_plus_depr,0.01,34,83,0.0,1,0.4427595,0.4427595,1.0533415,0.0,0.088441975,0.0,0.0,0.0054064114,-27.214533,2.3173976,0.7724659,0.2,0.0,0.15304969,0.8199995,0.8299995,268800
hardzero_plus_depr__c0p60__z1p05__lam0p010__nu0p50__psi0p75,hardzero_plus_depr,0.01,34,84,0.0,1,0.4427595,0.44339898,0.9238377,0.11916873,0.11916873,1.0,0.0006394611,0.0053660143,-24.650259,2.0324836,0.6774945,0.14400001,0.0,0.1321323,0.8299995,0.8399995,272000
hardzero_plus_depr__c0p60__z1p05__lam0p010__nu0p50__psi0p75,hardzero_plus_depr,0.01,34,85,0.0,1,0.44339898,0.44391292,1.0154915,0.096495815,0.096495815,1.0,0.000513929,0.00532592,-27.442368,2.2341259,0.74470866,0.128,0.0,0.15147246,0.8399995,0.8499995,275200
hardzero_plus_depr__c0p60__z1p05__lam0p010__nu0p50__psi0p75,hardzero_plus_depr,0.01,34,86,0.0,1,0.44391292,0.44440466,1.031395,0.093026154,0.093026154,1.0,0.00049174787,0.005286125,-28.526127,2.2691143,0.75637144,0.16800001,0.0,0.18895628,0.8499995,0.8599995,278400
hardzero_plus_depr__c0p60__z1p05__lam0p010__nu0p50__psi0p75,hardzero_plus_depr,0.01,34,87,0.0,1,0.44440466,0.44497016,0.9674478,0.10778348,0.10778348,1.0,0.00056549977,0.005246627,-25.942244,2.1284277,0.70947593,0.2,0.0,0.15322104,0.8599995,0.86999947,281600
hardzero_plus_depr__c0p60__z1p05__lam0p010__nu0p50__psi0p75,hardzero_plus_depr,0.01,34,88,0.0,1,0.44497016,0.44497016,1.078521,0.0,0.08346011,0.0,0.0,0.0052074254,-28.767628,2.3727937,0.7909312,0.104,0.0,0.16237712,0.86999947,0.87999946,284800
hardzero_plus_depr__c0p60__z1p05__lam0p010__nu0p50__psi0p75,hardzero_plus_depr,0.01,34,89,0.0,1,0.44497016,0.44545636,1.0265511,0.0940695,0.0940695,1.0,0.00048619966,0.0051685153,-27.261581,2.2584577,0.75281924,0.18400002,0.0,0.15265414,0.87999946,0.88999945,288000
hardzero_plus_depr__c0p60__z1p05__lam0p010__nu0p50__psi0p75,hardzero_plus_depr,0.01,34,90,0.0,1,0.44545636,0.4459446,1.0214547,0.09517991,0.09517991,1.0,0.00048826303,0.005129896,-27.231274,2.2472453,0.7490818,0.136,0.0,0.13874789,0.88999945,0.89999944,291200
hardzero_plus_depr__c0p60__z1p05__lam0p010__nu0p50__psi0p75,hardzero_plus_depr,0.01,34,91,0.0,1,0.4459446,0.44645017,1.0030656,0.0992966,0.0992966,1.0,0.00050557515,0.0050915657,-26.783922,2.2067883,0.7355961,0.16,0.0,0.12816635,0.89999944,0.90999943,294400
hardzero_plus_depr__c0p60__z1p05__lam0p010__nu0p50__psi0p75,hardzero_plus_depr,0.01,34,92,0.0,1,0.44645017,0.44693547,1.017576,0.09603378,0.09603378,1.0,0.00048530888,0.0050535225,-26.85756,2.2387118,0.7462373,0.104,0.0,0.13858083,0.90999943,0.9199994,297600
hardzero_plus_depr__c0p60__z1p05__lam0p010__nu0p50__psi0p75,hardzero_plus_depr,0.01,34,93,0.0,1,0.44693547,0.44741058,1.0235337,0.09472537,0.09472537,1.0,0.00047511997,0.0050157625,-27.34722,2.2518191,0.7506064,0.128,0.0,0.13281439,0.9199994,0.9299994,300800
hardzero_plus_depr__c0p60__z1p05__lam0p010__nu0p50__psi0p75,hardzero_plus_depr,0.01,34,94,0.0,1,0.44741058,0.44788316,1.0226022,0.09492876,0.09492876,1.0,0.0004725824,0.004978285,-27.076136,2.2497697,0.7499232,0.17600001,0.0,0.13642892,0.9299994,0.9399994,304000
hardzero_plus_depr__c0p60__z1p05__lam0p010__nu0p50__psi0p75,hardzero_plus_depr,0.01,34,95,0.0,1,0.44788316,0.44838524,0.99304795,0.10161365,0.10161365,1.0,0.00050208194,0.0049410877,-26.304644,2.1847491,0.7282497,0.14400001,0.0,0.15043546,0.9399994,0.9499994,307200
hardzero_plus_depr__c0p60__z1p05__lam0p010__nu0p50__psi0p75,hardzero_plus_depr,0.01,34,96,0.0,1,0.44838524,0.44838524,1.0504622,0.0,0.08903029,0.0,0.0,0.004904168,-27.833805,2.311063,0.7703544,0.14400001,0.0,0.15406361,0.9499994,0.9599994,310400
hardzero_plus_depr__c0p60__z1p05__lam0p010__nu0p50__psi0p75,hardzero_plus_depr,0.01,34,97,0.0,1,0.44838524,0.44882157,1.0474808,0.08964357,0.08964357,1.0,0.0004363423,0.004867525,-27.34432,2.304504,0.768168,0.112,0.0,0.16902581,0.9599994,0.9699994,313600
hardzero_plus_depr__c0p60__z1p05__lam0p010__nu0p50__psi0p75,hardzero_plus_depr,0.01,34,98,0.0,1,0.44882157,0.44930303,1.0015018,0.099654794,0.099654794,1.0,0.0004814478,0.0048311553,-26.111301,2.203348,0.7344493,0.192,0.0,0.14902063,0.9699994,0.97999936,316800
hardzero_plus_depr__c0p60__z1p05__lam0p010__nu0p50__psi0p75,hardzero_plus_depr,0.01,34,99,0.0,1,0.44930303,0.44977894,1.0032568,0.0992529,0.0992529,1.0,0.0004759233,0.004795057,-26.135616,2.207209,0.73573637,0.192,0.0,0.13422516,0.97999936,0.98999935,320000
hardzero_plus_depr__c0p60__z1p05__lam0p010__nu0p50__psi0p75,hardzero_plus_depr,0.01,34,100,0.0,1,0.44977894,0.45024607,1.0081018,0.09815178,0.09815178,1.0,0.00046712672,0.0047592283,-26.258795,2.2178683,0.73928946,0.17600001,0.0,0.13142222,0.98999935,0.99999934,323200
hardzero_plus_depr__c0p60__z1p05__lam0p010__nu0p50__psi0p75,hardzero_plus_depr,0.01,34,101,0.0,1,0.45024607,0.45024607,1.0720961,0.0,0.08470398,0.0,0.0,0.0047236676,-27.87195,2.3586586,0.78621954,0.128,0.0,0.14555484,0.99999934,1.0099994,326400
hardzero_plus_depr__c0p60__z1p05__lam0p010__nu0p50__psi0p75,hardzero_plus_depr,0.01,34,102,0.0,1,0.45024607,0.4506937,1.0201057,0.09547601,0.09547601,1.0,0.00044762707,0.0046883724,-27.991854,2.2442775,0.74809253,0.15200001,0.0,0.15101942,1.0099994,1.0199994,329600
hardzero_plus_depr__c0p60__z1p05__lam0p010__nu0p50__psi0p75,hardzero_plus_depr,0.01,34,103,0.0,1,0.4506937,0.45117307,0.98708826,0.103017665,0.103017665,1.0,0.00047937635,0.004653341,-26.647844,2.1716375,0.7238792,0.16000001,0.0,0.15829621,1.0199994,1.0299994,332800
hardzero_plus_depr__c0p60__z1p05__lam0p010__nu0p50__psi0p75,hardzero_plus_depr,0.01,34,104,0.0,1,0.45117307,0.45117307,1.0777396,0.0,0.083610415,0.0,0.0,0.0046185716,-27.567583,2.3710744,0.7903582,0.13,0.0,0.14559433,1.0299994,1.0399994,336000
hardzero_plus_depr__c0p60__z1p05__lam0p010__nu0p50__psi0p75,hardzero_plus_depr,0.01,34,105,0.0,1,0.45117307,0.45168135,0.9551563,0.110877566,0.110877566,1.0,0.0005082697,0.0045840624,-26.024458,2.1013858,0.700462,0.216,0.0,0.12315559,1.0399994,1.0499994,339200
hardzero_plus_depr__c0p60__z1p05__lam0p010__nu0p50__psi0p75,hardzero_plus_depr,0.01,34,106,0.0,1,0.45168135,0.45213133,1.0048038,0.098899975,0.098899975,1.0,0.00044997613,0.00454981,-26.57298,2.2106125,0.7368709,0.216,0.0,0.16996485,1.0499994,1.0599993,342400
hardzero_plus_depr__c0p60__z1p05__lam0p010__nu0p50__psi0p75,hardzero_plus_depr,0.01,34,107,0.0,1,0.45213133,0.45213133,1.0587729,0.0,0.087342784,0.0,0.0,0.004515815,-28.035118,2.329347,0.77644897,0.2,0.0,0.18199629,1.0599993,1.0699993,345600
hardzero_plus_depr__c0p60__z1p05__lam0p010__nu0p50__psi0p75,hardzero_plus_depr,0.01,34,108,0.0,1,0.45213133,0.4525326,1.0480428,0.08952765,0.08952765,1.0,0.0004012694,0.0044820723,-28.29206,2.30574,0.7685801,0.14400001,0.0,0.1664924,1.0699993,1.0799993,348800
hardzero_plus_depr__c0p60__z1p05__lam0p010__nu0p50__psi0p75,hardzero_plus_depr,0.01,34,109,0.0,1,0.4525326,0.4525326,1.0618173,0.0,0.08673267,0.0,0.0,0.004448583,-27.633879,2.3360445,0.7786815,0.080000006,0.0,0.14258067,1.0799993,1.0899993,352000
hardzero_plus_depr__c0p60__z1p05__lam0p010__nu0p50__psi0p75,hardzero_plus_depr,0.01,34,110,0.0,1,0.4525326,0.45300546,0.9702118,0.10709969,0.10709969,1.0,0.00047288192,0.0044153435,-26.264301,2.1345086,0.7115029,0.17600001,0.0,0.1463366,1.0899993,1.0999993,355200
hardzero_plus_depr__c0p60__z1p05__lam0p010__nu0p50__psi0p75,hardzero_plus_depr,0.01,34,111,0.0,1,0.45300546,0.4534567,0.9872987,0.10296777,0.10296777,1.0,0.00045124104,0.0043823523,-25.7996,2.1721005,0.72403353,0.08800001,0.0,0.13651437,1.0999993,1.1099993,358400
hardzero_plus_depr__c0p60__z1p05__lam0p010__nu0p50__psi0p75,hardzero_plus_depr,0.01,34,112,0.0,1,0.4534567,0.4538798,1.0119951,0.09727584,0.09727584,1.0,0.00042311172,0.0043496075,-27.146353,2.2264338,0.7421446,0.120000005,0.0,0.16013479,1.1099993,1.1199993,361600
hardzero_plus_depr__c0p60__z1p05__lam0p010__nu0p50__psi0p75,hardzero_plus_depr,0.01,34,113,0.0,1,0.4538798,0.4538798,1.0738893,0.0,0.084355,0.0,0.0,0.0043171076,-27.381474,2.3626037,0.7875346,0.120000005,0.0,0.16583125,1.1199993,1.1299993,364800
hardzero_plus_depr__c0p60__z1p05__lam0p010__nu0p50__psi0p75,hardzero_plus_depr,0.01,34,114,0.0,1,0.4538798,0.4538798,1.0571574,0.0,0.08766831,0.0,0.0,0.0042848503,-27.62916,2.3257928,0.77526426,0.15200001,0.0,0.1451433,1.1299993,1.1399993,368000
hardzero_plus_depr__c0p60__z1p05__lam0p010__nu0p50__psi0p75,hardzero_plus_depr,0.01,34,115,0.0,1,0.4538798,0.4538798,1.0645359,0.0,0.08619143,0.0,0.0,0.0042528342,-27.499079,2.3420255,0.7806752,0.120000005,0.0,0.15234505,1.1399993,1.1499993,371200
hardzero_plus_depr__c0p60__z1p05__lam0p010__nu0p50__psi0p75,hardzero_plus_depr,0.01,34,116,0.0,1,0.4538798,0.45430028,1.0016601,0.099618465,0.099618465,1.0,0.00042049523,0.004221057,-26.917856,2.2036963,0.73456544,0.17600001,0.0,0.13821754,1.1499993,1.1599993,374400
hardzero_plus_depr__c0p60__z1p05__lam0p010__nu0p50__psi0p75,hardzero_plus_depr,0.01,34,117,0.0,1,0.45430028,0.45430028,1.0619912,0.0,0.08669794,0.0,0.0,0.004189518,-27.730663,2.3364272,0.7788091,0.12,0.0,0.19135049,1.1599993,1.1699992,377600
hardzero_plus_depr__c0p60__z1p05__lam0p010__nu0p50__psi0p75,hardzero_plus_depr,0.01,34,118,0.0,1,0.45430028,0.45430028,1.0983685,0.0,0.07973178,0.0,0.0,0.0041582137,-28.326267,2.416459,0.8054864,0.128,0.0,0.15703931,1.1699992,1.1799992,380800
hardzero_plus_depr__c0p60__z1p05__lam0p010__nu0p50__psi0p75,hardzero_plus_depr,0.01,34,119,0.0,1,0.45430028,0.45468646,1.0288768,0.093567096,0.093567096,1.0,0.0003861649,0.0041271443,-27.114086,2.2635741,0.7545247,0.16000001,0.0,0.1261208,1.1799992,1.1899992,384000
hardzero_plus_depr__c0p60__z1p05__lam0p010__nu0p50__psi0p75,hardzero_plus_depr,0.01,34,120,0.0,1,0.45468646,0.45508716,1.009566,0.097821444,0.097821444,1.0,0.0004007066,0.0040963064,-26.775408,2.2210894,0.7403631,0.120000005,0.0,0.13894106,1.1899992,1.1999992,387200
hardzero_plus_depr__c0p60__z1p05__lam0p010__nu0p50__psi0p75,hardzero_plus_depr,0.01,34,121,0.0,1,0.45508716,0.45508716,1.1117649,0.0,0.077309884,0.0,0.0,0.0040656994,-28.40769,2.4459317,0.8153106,0.096,0.0,0.17840594,1.1999992,1.2099992,390400
hardzero_plus_depr__c0p60__z1p05__lam0p010__nu0p50__psi0p75,hardzero_plus_depr,0.01,34,122,0.0,1,0.45508716,0.45552126,0.9682922,0.10757412,0.10757412,1.0,0.000434096,0.00403532,-26.664177,2.1302853,0.7100951,0.192,0.0,0.19295868,1.2099992,1.2199992,393600
hardzero_plus_depr__c0p60__z1p05__lam0p010__nu0p50__psi0p75,hardzero_plus_depr,0.01,34,123,0.0,1,0.45552126,0.45588616,1.0404456,0.09110756,0.09110756,1.0,0.00036490118,0.004005169,-27.786165,2.289026,0.7630087,0.120000005,0.0,0.1654599,1.2199992,1.2299992,396800
hardzero_plus_depr__c0p60__z1p05__lam0p010__nu0p50__psi0p75,hardzero_plus_depr,0.01,34,124,0.0,1,0.45588616,0.45626506,1.0208266,0.09531766,0.09531766,1.0,0.0003789108,0.0039752424,-26.991081,2.2458634,0.74862117,0.23200001,0.0,0.1646592,1.2299992,1.2399992,400000
hardzero_plus_depr__c0p60__z1p05__lam0p010__nu0p50__psi0p75,hardzero_plus_depr,0.01,34,125,0.0,1,0.45626506,0.4566519,1.0085963,0.09804008,0.09804008,1.0,0.00038682105,0.0039455397,-26.502033,2.2189562,0.7396521,0.15200001,0.0,0.18680876,1.2399992,1.2499992,403200
hardzero_plus_depr__c0p60__z1p05__lam0p010__nu0p50__psi0p75,hardzero_plus_depr,0.01,34,126,0.0,1,0.4566519,0.4566519,1.059403,0.0,0.087216176,0.0,0.0,0.003916058,-27.799374,2.330733,0.776911,0.16000001,0.0,0.1450176,1.2499992,1.2599992,406400
hardzero_plus_depr__c0p60__z1p05__lam0p010__nu0p50__psi0p75,hardzero_plus_depr,0.01,34,127,0.0,1,0.4566519,0.45704216,0.9982265,0.1004092,0.1004092,1.0,0.00039027032,0.0038867982,-25.742447,2.1961422,0.73204744,0.16800001,0.0,0.12547578,1.2599992,1.2699991,409600
hardzero_plus_depr__c0p60__z1p05__lam0p010__nu0p50__psi0p75,hardzero_plus_depr,0.01,34,128,0.0,1,0.45704216,0.45740744,1.0236974,0.094689675,0.094689675,1.0,0.00036528968,0.0038577563,-26.783201,2.2521791,0.7507264,0.15200001,0.0,0.14213249,1.2699991,1.2799991,412800
hardzero_plus_depr__c0p60__z1p05__lam0p010__nu0p50__psi0p75,hardzero_plus_depr,0.01,34,129,0.0,1,0.45740744,0.45779213,0.99797064,0.10046837,0.10046837,1.0,0.0003846865,0.0038289314,-26.402239,2.1955793,0.7318598,0.136,0.0,0.12935607,1.2799991,1.2899991,416000
hardzero_plus_depr__c0p60__z1p05__lam0p010__nu0p50__psi0p75,hardzero_plus_depr,0.01,34,130,0.0,1,0.45779213,0.45817655,0.9950114,0.101155296,0.101155296,1.0,0.0003844227,0.0038003218,-26.809744,2.1890688,0.7296896,0.13,0.0,0.13216887,1.2899991,1.2999991,419200
hardzero_plus_depr__c0p60__z1p05__lam0p010__nu0p50__psi0p75,hardzero_plus_depr,0.01,34,131,0.0,1,0.45817655,0.45817655,1.0583092,0.0,0.0874361,0.0,0.0,0.003771926,-26.732615,2.3283267,0.7761089,0.096,0.0,0.14406715,1.2999991,1.3099991,422400
hardzero_plus_depr__c0p60__z1p05__lam0p010__nu0p50__psi0p75,hardzero_plus_depr,0.01,34,132,0.0,1,0.45817655,0.458527,1.0287023,0.09360471,0.09360471,1.0,0.00035043192,0.0037437424,-27.257696,2.2631903,0.7543968,0.15200001,0.0,0.13432859,1.3099991,1.3199991,425600
hardzero_plus_depr__c0p60__z1p05__lam0p010__nu0p50__psi0p75,hardzero_plus_depr,0.01,34,133,0.0,1,0.458527,0.45888215,1.0196157,0.09558381,0.09558381,1.0,0.00035516743,0.0037157696,-27.529938,2.243199,0.74773306,0.14400001,0.0,0.14859875,1.3199991,1.3299991,428800
hardzero_plus_depr__c0p60__z1p05__lam0p010__nu0p50__psi0p75,hardzero_plus_depr,0.01,34,134,0.0,1,0.45888215,0.45888215,1.1229641,0.0,0.07534177,0.0,0.0,0.0036880055,-29.575058,2.4705706,0.8235235,0.14400001,0.0,0.16839784,1.3299991,1.3399991,432000
hardzero_plus_depr__c0p60__z1p05__lam0p010__nu0p50__psi0p75,hardzero_plus_depr,0.01,34,135,0.0,1,0.45888215,0.45923632,1.0143209,0.09675627,0.09675627,1.0,0.00035417135,0.0036604486,-27.69004,2.2315505,0.7438502,0.136,0.0,0.13373694,1.3399991,1.3499991,435200
hardzero_plus_depr__c0p60__z1p05__lam0p010__nu0p50__psi0p75,hardzero_plus_depr,0.01,34,136,0.0,1,0.45923632,0.45958,1.0241308,0.094595216,0.094595216,1.0,0.0003436737,0.003633098,-27.168184,2.2531328,0.7510443,0.18400002,0.0,0.13071308,1.3499991,1.3599991,438400
hardzero_plus_depr__c0p60__z1p05__lam0p010__nu0p50__psi0p75,hardzero_plus_depr,0.01,34,137,0.0,1,0.45958,0.45992061,1.0247585,0.0944586,0.0944586,1.0,0.00034061322,0.0036059523,-27.205534,2.2545137,0.7515046,0.192,0.008,0.17936239,1.3599991,1.369999,441600
hardzero_plus_depr__c0p60__z1p05__lam0p010__nu0p50__psi0p75,hardzero_plus_depr,0.01,34,138,0.0,1,0.45992061,0.46024638,1.0408418,0.091024466,0.091024466,1.0,0.0003257773,0.0035790082,-27.767494,2.2898977,0.7632992,0.216,0.0,0.16352762,1.369999,1.379999,444800
hardzero_plus_depr__c0p60__z1p05__lam0p010__nu0p50__psi0p75,hardzero_plus_depr,0.01,34,139,0.0,1,0.46024638,0.46024638,1.0755396,0.0,0.08403503,0.0,0.0,0.0035522666,-28.788208,2.3662343,0.7887448,0.16800001,0.0,0.1966592,1.379999,1.389999,448000
hardzero_plus_depr__c0p60__z1p05__lam0p010__nu0p50__psi0p75,hardzero_plus_depr,0.01,34,140,0.0,1,0.46024638,0.4605883,1.0133169,0.09698021,0.09698021,1.0,0.00034192542,0.0035257237,-27.05079,2.2293415,0.7431139,0.14400001,0.0,0.15546355,1.389999,1.399999,451200
hardzero_plus_depr__c0p60__z1p05__lam0p010__nu0p50__psi0p75,hardzero_plus_depr,0.01,34,141,0.0,1,0.4605883,0.4605883,1.0541875,0.0,0.08826987,0.0,0.0,0.00349938,-27.977478,2.319259,0.7730863,0.17600001,0.0,0.14141859,1.399999,1.409999,454400
hardzero_plus_depr__c0p60__z1p05__lam0p010__nu0p50__psi0p75,hardzero_plus_depr,0.01,34,142,0.0,1,0.4605883,0.4609274,1.0104117,0.097631104,0.097631104,1.0,0.00033909554,0.0034732325,-26.59936,2.2229502,0.7409834,0.216,0.0,0.14850925,1.409999,1.419999,457600
hardzero_plus_depr__c0p60__z1p05__lam0p010__nu0p50__psi0p75,hardzero_plus_depr,0.01,34,143,0.0,1,0.4609274,0.4609274,1.0704733,0.0,0.08502109,0.0,0.0,0.0034472814,-28.476215,2.3550882,0.7850294,0.14999999,0.01,0.16091597,1.419999,1.429999,460800
hardzero_plus_depr__c0p60__z1p05__lam0p010__nu0p50__psi0p75,hardzero_plus_depr,0.01,34,144,0.0,1,0.4609274,0.46126947,1.0000888,0.09997954,0.09997954,1.0,0.0003420823,0.003421523,-26.825323,2.2002394,0.73341316,0.16800001,0.0,0.13573237,1.429999,1.439999,464000
hardzero_plus_depr__c0p60__z1p05__lam0p010__nu0p50__psi0p75,hardzero_plus_depr,0.01,34,145,0.0,1,0.46126947,0.46159035,1.0246118,0.0944905,0.0944905,1.0,0.00032088574,0.0033959579,-27.11228,2.2541912,0.7513971,0.16000001,0.0,0.16993564,1.439999,1.449999,467200
hardzero_plus_depr__c0p60__z1p05__lam0p010__nu0p50__psi0p75,hardzero_plus_depr,0.01,34,146,0.0,1,0.46159035,0.46190944,1.0238004,0.09466722,0.09466722,1.0,0.00031908377,0.0033705835,-26.911808,2.252406,0.750802,0.14400001,0.0,0.13823426,1.449999,1.459999,470400
hardzero_plus_depr__c0p60__z1p05__lam0p010__nu0p50__psi0p75,hardzero_plus_depr,0.01,34,147,0.0,1,0.46190944,0.46190944,1.0627302,0.0,0.08655054,0.0,0.0,0.003345399,-28.471142,2.3380532,0.7793511,0.136,0.0,0.19329298,1.459999,1.469999,473600
hardzero_plus_depr__c0p60__z1p05__lam0p010__nu0p50__psi0p75,hardzero_plus_depr,0.01,34,148,0.0,1,0.46190944,0.4622296,1.0158063,0.0964259,0.0964259,1.0,0.00032017272,0.0033204018,-26.407385,2.2348185,0.7449395,0.224,0.0,0.14837594,1.469999,1.479999,476800
hardzero_plus_depr__c0p60__z1p05__lam0p010__nu0p50__psi0p75,hardzero_plus_depr,0.01,34,149,0.0,1,0.4622296,0.46254197,1.0232948,0.09477749,0.09477749,1.0,0.00031234795,0.0032955923,-26.579422,2.2512934,0.7504312,0.18400002,0.0,0.15684822,1.479999,1.4899989,480000
hardzero_plus_depr__c0p60__z1p05__lam0p010__nu0p50__psi0p75,hardzero_plus_depr,0.01,34,150,0.0,1,0.46254197,0.4628354,1.047169,0.08970796,0.08970796,1.0,0.00029343183,0.0032709676,-27.756126,2.3038177,0.76793927,0.16000001,0.0,0.14947563,1.4899989,1.4999989,483200
hardzero_plus_depr__c0p60__z1p05__lam0p010__nu0p50__psi0p75,hardzero_plus_depr,0.01,34,151,0.0,1,0.4628354,0.4631414,1.0256791,0.09425858,0.09425858,1.0,0.00030601304,0.0032465272,-26.631199,2.256539,0.75217974,0.216,0.0,0.16067062,1.4999989,1.5099989,486400
hardzero_plus_depr__c0p60__z1p05__lam0p010__nu0p50__psi0p75,hardzero_plus_depr,0.01,34,152,0.0,1,0.4631414,0.4634973,0.9568327,0.11045041,0.11045041,1.0,0.00035590096,0.0032222692,-25.912933,2.105074,0.7016913,0.16000001,0.0,0.13255168,1.5099989,1.5199989,489600
hardzero_plus_depr__c0p60__z1p05__lam0p010__nu0p50__psi0p75,hardzero_plus_depr,0.01,34,153,0.0,1,0.4634973,0.46380538,1.0162451,0.09632852,0.09632852,1.0,0.0003080772,0.003198193,-28.010822,2.2357838,0.7452613,0.2,0.0,0.15035059,1.5199989,1.5299989,492800
hardzero_plus_depr__c0p60__z1p05__lam0p010__nu0p50__psi0p75,hardzero_plus_depr,0.01,34,154,0.0,1,0.46380538,0.46413413,0.9847995,0.103562005,0.103562005,1.0,0.00032873644,0.0031742959,-27.158361,2.1666021,0.72220075,0.14400001,0.0,0.16058624,1.5299989,1.5399989,496000
hardzero_plus_depr__c0p60__z1p05__lam0p010__nu0p50__psi0p75,hardzero_plus_depr,0.01,34,155,0.0,1,0.46413413,0.46442762,1.0307943,0.09315491,0.09315491,1.0,0.00029349176,0.0031505777,-26.370783,2.2677927,0.7559309,0.120000005,0.0,0.1347224,1.5399989,1.5499989,499200
hardzero_plus_depr__c0p60__z1p05__lam0p010__nu0p50__psi0p75,hardzero_plus_depr,0.01,34,156,0.0,1,0.46442762,0.46475834,0.9756815,0.105759285,0.105759285,1.0,0.00033071317,0.0031270368,-25.301273,2.146542,0.71551406,0.14999999,0.0,0.13341151,1.5499989,1.5599989,502400
hardzero_plus_depr__c0p60__z1p05__lam0p010__nu0p50__psi0p75,hardzero_plus_depr,0.01,34,157,0.0,1,0.46475834,0.46506643,1.0031836,0.099269636,0.099269636,1.0,0.00030810043,0.0031036723,-27.129986,2.207048,0.73568267,0.18400002,0.0,0.14693798,1.5599989,1.5699989,505600
hardzero_plus_depr__c0p60__z1p05__lam0p010__nu0p50__psi0p75,hardzero_plus_depr,0.01,34,158,0.0,1,0.46506643,0.46537003,1.0063276,0.09855357,0.09855357,1.0,0.00030359242,0.0030804812,-26.110756,2.213965,0.73798835,0.16000001,0.0,0.13934784,1.5699989,1.5799989,508800
hardzero_plus_depr__c0p60__z1p05__lam0p010__nu0p50__psi0p75,hardzero_plus_depr,0.01,34,159,0.0,1,0.46537003,0.4656797,0.9944612,0.10128354,0.10128354,1.0,0.00030967084,0.0030574645,-26.225922,2.1878583,0.72928613,0.18400002,0.0,0.1337455,1.5799989,1.5899988,512000
hardzero_plus_depr__c0p60__z1p05__lam0p010__nu0p50__psi0p75,hardzero_plus_depr,0.01,34,160,0.0,1,0.4656797,0.46598855,0.99237907,0.10177027,0.10177027,1.0,0.000308834,0.003034619,-25.420654,2.1832776,0.72775924,0.15200001,0.0,0.12683472,1.5899988,1.5999988,515200
hardzero_plus_depr__c0p60__z1p05__lam0p010__nu0p50__psi0p75,hardzero_plus_depr,0.01,34,161,0.0,1,0.46598855,0.46625873,1.0471884,0.08970396,0.08970396,1.0,0.0002701834,0.003011945,-27.448685,2.3038604,0.7679535,0.192,0.0,0.14056014,1.5999988,1.6099988,518400
hardzero_plus_depr__c0p60__z1p05__lam0p010__nu0p50__psi0p75,hardzero_plus_depr,0.01,34,162,0.0,1,0.46625873,0.46625873,1.09303,0.0,0.08071792,0.0,0.0,0.0029894395,-29.006454,2.4047139,0.8015713,0.112,0.0,0.18601693,1.6099988,1.6199988,521600
hardzero_plus_depr__c0p60__z1p05__lam0p010__nu0p50__psi0p75,hardzero_plus_depr,0.01,34,163,0.0,1,0.46625873,0.46656626,0.98445815,0.10364344,0.10364344,1.0,0.00030752074,0.0029671027,-26.162725,2.165851,0.7219504,0.2,0.0,0.13910182,1.6199988,1.6299988,524800
hardzero_plus_depr__c0p60__z1p05__lam0p010__nu0p50__psi0p75,hardzero_plus_depr,0.01,34,164,0.0,1,0.46656626,0.4668482,1.0189368,0.09573335,0.09573335,1.0,0.00028192828,0.0029449328,-27.17118,2.2417057,0.74723524,0.15200001,0.0,0.13787265,1.6299988,1.6399988,528000
hardzero_plus_depr__c0p60__z1p05__lam0p010__nu0p50__psi0p75,hardzero_plus_depr,0.01,34,165,0.0,1,0.4668482,0.46712986,1.0160747,0.09636632,0.09636632,1.0,0.00028167185,0.0029229282,-26.666767,2.2354088,0.74513626,0.112,0.0,0.13066863,1.6399988,1.6499988,531200
hardzero_plus_depr__c0p60__z1p05__lam0p010__nu0p50__psi0p75,hardzero_plus_depr,0.01,34,166,0.0,1,0.46712986,0.467398,1.0341982,0.09242763,0.09242763,1.0,0.00026814075,0.0029010884,-26.787794,2.2752814,0.75842714,0.16000001,0.0,0.14954731,1.6499988,1.6599988,534400
hardzero_plus_depr__c0p60__z1p05__lam0p010__nu0p50__psi0p75,hardzero_plus_depr,0.01,34,167,0.0,1,0.467398,0.46766382,1.0346677,0.092327744,0.092327744,1.0,0.0002658496,0.002879412,-27.430233,2.2763145,0.75877154,0.136,0.0,0.15065496,1.6599988,1.6699988,537600
hardzero_plus_depr__c0p60__z1p05__lam0p010__nu0p50__psi0p75,hardzero_plus_depr,0.01,34,168,0.0,1,0.46766382,0.46766382,1.0707941,0.0,0.084958315,0.0,0.0,0.002857897,-28.503477,2.3557942,0.78526473,0.18400002,0.0,0.16309962,1.6699988,1.6799988,540800
hardzero_plus_depr__c0p60__z1p05__lam0p010__nu0p50__psi0p75,hardzero_plus_depr,0.01,34,169,0.0,1,0.46766382,0.46766382,1.0572871,0.0,0.08764212,0.0,0.0,0.002836543,-27.427483,2.326078,0.77535933,0.13,0.0,0.1713767,1.6799988,1.6899987,544000
hardzero_plus_depr__c0p60__z1p05__lam0p010__nu0p50__psi0p75,hardzero_plus_depr,0.01,34,170,0.0,1,0.46766382,0.46766382,1.0730236,0.0,0.08452329,0.0,0.0,0.002815348,-28.062706,2.360699,0.7868997,0.16800001,0.0,0.15942295,1.6899987,1.6999987,547200
hardzero_plus_depr__c0p60__z1p05__lam0p010__nu0p50__psi0p75,hardzero_plus_depr,0.01,34,171,0.0,1,0.46766382,0.46766382,1.086375,0.0,0.08196436,0.0,0.0,0.002794312,-29.10151,2.3900728,0.79669094,0.192,0.0,0.18271096,1.6999987,1.7099987,550400
hardzero_plus_depr__c0p60__z1p05__lam0p010__nu0p50__psi0p75,hardzero_plus_depr,0.01,34,172,0.0,1,0.46766382,0.46796516,0.9639619,0.1086521,0.1086521,1.0,0.00030133934,0.0027734332,-26.526697,2.1207585,0.70691955,0.17600001,0.0,0.1335314,1.7099987,1.7199987,553600
hardzero_plus_depr__c0p60__z1p05__lam0p010__nu0p50__psi0p75,hardzero_plus_depr,0.01,34,173,0.0,1,0.46796516,0.46821263,1.0462146,0.08990534,0.08990534,1.0,0.00024748337,0.0027527106,-27.416845,2.301718,0.76723933,0.112,0.0,0.13456193,1.7199987,1.7299987,556800
hardzero_plus_depr__c0p60__z1p05__lam0p010__nu0p50__psi0p75,hardzero_plus_depr,0.01,34,174,0.0,1,0.46821263,0.46850643,0.96847683,0.107528396,0.107528396,1.0,0.00029378285,0.002732142,-26.24387,2.1306915,0.7102305,0.2,0.0,0.13056892,1.7299987,1.7399987,560000
hardzero_plus_depr__c0p60__z1p05__lam0p010__nu0p50__psi0p75,hardzero_plus_depr,0.01,34,175,0.0,1,0.46850643,0.46876362,1.0229704,0.09484829,0.09484829,1.0,0.00025720277,0.0027117282,-27.276728,2.2505798,0.7501933,0.192,0.0,0.13194759,1.7399987,1.7499987,563200
hardzero_plus_depr__c0p60__z1p05__lam0p010__nu0p50__psi0p75,hardzero_plus_depr,0.01,34,176,0.0,1,0.46876362,0.4690064,1.0447711,0.090204656,0.090204656,1.0,0.00024278276,0.002691466,-27.595411,2.2985423,0.76618075,0.23200001,0.0,0.1322946,1.7499987,1.7599987,566400
hardzero_plus_depr__c0p60__z1p05__lam0p010__nu0p50__psi0p75,hardzero_plus_depr,0.01,34,177,0.0,1,0.4690064,0.46924633,1.0466064,0.089824244,0.089824244,1.0,0.00023995253,0.0026713558,-27.50751,2.30258,0.76752675,0.16800001,0.0,0.14573537,1.7599987,1.7699987,569600
hardzero_plus_depr__c0p60__z1p05__lam0p010__nu0p50__psi0p75,hardzero_plus_depr,0.01,34,178,0.0,1,0.46924633,0.46924633,1.051037,0.0,0.08891254,0.0,0.0,0.0026513955,-27.64229,2.3123274,0.7707758,0.128,0.0,0.14485107,1.7699987,1.7799987,572800
hardzero_plus_depr__c0p60__z1p05__lam0p010__nu0p50__psi0p75,hardzero_plus_depr,0.01,34,179,0.0,1,0.46924633,0.46948847,1.0361581,0.09201147,0.09201147,1.0,0.00024213594,0.0026315844,-26.502707,2.2795932,0.75986445,0.16000001,0.0,0.129781,1.7799987,1.7899987,576000
hardzero_plus_depr__c0p60__z1p05__lam0p010__nu0p50__psi0p75,hardzero_plus_depr,0.01,34,180,0.0,1,0.46948847,0.46973628,1.0228289,0.0948792,0.0948792,1.0,0.00024781702,0.0026119214,-26.783298,2.2502687,0.7500896,0.15200001,0.0,0.16725266,1.7899987,1.7999986,579200
hardzero_plus_depr__c0p60__z1p05__lam0p010__nu0p50__psi0p75,hardzero_plus_depr,0.01,34,181,0.0,1,0.46973628,0.46973628,1.058578,0.0,0.087382,0.0,0.0,0.0025924053,-27.332481,2.3289182,0.7763061,0.16800001,0.0,0.14048088,1.7999986,1.8099986,582400
hardzero_plus_depr__c0p60__z1p05__lam0p010__nu0p50__psi0p75,hardzero_plus_depr,0.01,34,182,0.0,1,0.46973628,0.46996686,1.0476438,0.08960995,0.08960995,1.0,0.00023056954,0.002573035,-27.94683,2.3048623,0.7682874,0.14999999,0.0,0.17190036,1.8099986,1.8199986,585600
hardzero_plus_depr__c0p60__z1p05__lam0p010__nu0p50__psi0p75,hardzero_plus_depr,0.01,34,183,0.0,1,0.46996686,0.47024485,0.963153,0.10885466,0.10885466,1.0,0.00027799406,0.0025538094,-26.061916,2.118979,0.70632637,0.14400001,0.0,0.12566674,1.8199986,1.8299986,588800
hardzero_plus_depr__c0p60__z1p05__lam0p010__nu0p50__psi0p75,hardzero_plus_depr,0.01,34,184,0.0,1,0.47024485,0.4705031,0.9919248,0.101876765,0.101876765,1.0,0.00025822982,0.0025347273,-26.30976,2.1822782,0.72742605,0.16000001,0.0,0.13400808,1.8299986,1.8399986,592000
hardzero_plus_depr__c0p60__z1p05__lam0p010__nu0p50__psi0p75,hardzero_plus_depr,0.01,34,185,0.0,1,0.4705031,0.47074774,1.0121467,0.09724186,0.09724186,1.0,0.00024463996,0.0025157884,-27.360495,2.2267673,0.7422558,0.16800001,0.0,0.13645731,1.8399986,1.8499986,595200
hardzero_plus_depr__c0p60__z1p05__lam0p010__nu0p50__psi0p75,hardzero_plus_depr,0.01,34,186,0.0,1,0.47074774,0.4709812,1.029172,0.093503535,0.093503535,1.0,0.0002334774,0.0024969901,-26.853922,2.2642236,0.7547412,0.15200001,0.0,0.12578745,1.8499986,1.8599986,598400
hardzero_plus_depr__c0p60__z1p05__lam0p010__nu0p50__psi0p75,hardzero_plus_depr,0.01,34,187,0.0,1,0.4709812,0.47120607,1.0422692,0.090725794,0.090725794,1.0,0.00022484873,0.002478333,-27.691395,2.2930381,0.76434606,0.16800001,0.0,0.17479078,1.8599986,1.8699986,601600
hardzero_plus_depr__c0p60__z1p05__lam0p010__nu0p50__psi0p75,hardzero_plus_depr,0.01,34,188,0.0,1,0.47120607,0.47142723,1.0462031,0.0899077,0.0899077,1.0,0.00022115631,0.002459815,-27.939533,2.301693,0.767231,0.216,0.0,0.14843962,1.8699986,1.8799986,604800
hardzero_plus_depr__c0p60__z1p05__lam0p010__nu0p50__psi0p75,hardzero_plus_depr,0.01,34,189,0.0,1,0.47142723,0.4716618,1.0173491,0.09608396,0.09608396,1.0,0.0002345828,0.0024414356,-26.801455,2.2382128,0.746071,0.18400002,0.0,0.15456618,1.8799986,1.8899986,608000
hardzero_plus_depr__c0p60__z1p05__lam0p010__nu0p50__psi0p75,hardzero_plus_depr,0.01,34,190,0.0,1,0.4716618,0.4716618,1.0597185,0.0,0.08715282,0.0,0.0,0.002423193,-28.208227,2.3314273,0.77714247,0.136,0.0,0.15122105,1.8899986,1.8999985,611200
hardzero_plus_depr__c0p60__z1p05__lam0p010__nu0p50__psi0p75,hardzero_plus_depr,0.01,34,191,0.0,1,0.4716618,0.47191066,0.9851752,0.10347246,0.10347246,1.0,0.00024886028,0.0024050872,-27.073448,2.1674287,0.72247624,0.2,0.0,0.14086193,1.8999985,1.9099985,614400
hardzero_plus_depr__c0p60__z1p05__lam0p010__nu0p50__psi0p75,hardzero_plus_depr,0.01,34,192,0.0,1,0.47191066,0.47215348,0.99258304,0.10172248,0.10172248,1.0,0.0002428234,0.0023871164,-26.9023,2.1837263,0.7279088,0.16000001,0.0,0.14989662,1.9099985,1.9199985,617600
hardzero_plus_depr__c0p60__z1p05__lam0p010__nu0p50__psi0p75,hardzero_plus_depr,0.01,34,193,0.0,1,0.47215348,0.47238225,1.0152123,0.096557885,0.096557885,1.0,0.00022877268,0.0023692802,-27.979708,2.2335117,0.7445039,0.17600001,0.0,0.18056542,1.9199985,1.9299985,620800
hardzero_plus_depr__c0p60__z1p05__lam0p010__nu0p50__psi0p75,hardzero_plus_depr,0.01,34,194,0.0,1,0.47238225,0.47238225,1.0908571,0.0,0.08112278,0.0,0.0,0.0023515772,-28.217642,2.3999336,0.7999779,0.112,0.0,0.16258287,1.9299985,1.9399985,624000
hardzero_plus_depr__c0p60__z1p05__lam0p010__nu0p50__psi0p75,hardzero_plus_depr,0.01,34,195,0.0,1,0.47238225,0.4725976,1.034957,0.09226627,0.09226627,1.0,0.00021535004,0.0023340061,-27.61068,2.276951,0.75898373,0.14999999,0.0,0.14716831,1.9399985,1.9499985,627200
hardzero_plus_depr__c0p60__z1p05__lam0p010__nu0p50__psi0p75,hardzero_plus_depr,0.01,34,196,0.0,1,0.4725976,0.4725976,1.0628421,0.0,0.08652824,0.0,0.0,0.0023165666,-27.805939,2.3382993,0.77943313,0.16000001,0.0,0.14052188,1.9499985,1.9599985,630400
hardzero_plus_depr__c0p60__z1p05__lam0p010__nu0p50__psi0p75,hardzero_plus_depr,0.01,34,197,0.0,1,0.4725976,0.47282624,1.0024502,0.09943739,0.09943739,1.0,0.00022863218,0.0022992576,-26.405264,2.2054346,0.73514485,0.14400001,0.0,0.13751847,1.9599985,1.9699985,633600
hardzero_plus_depr__c0p60__z1p05__lam0p010__nu0p50__psi0p75,hardzero_plus_depr,0.01,34,198,0.0,1,0.47282624,0.47305396,1.0009053,0.099791765,0.099791765,1.0,0.00022773254,0.0022820774,-26.29094,2.2020357,0.7340119,0.120000005,0.0,0.12137497,1.9699985,1.9799985,636800
hardzero_plus_depr__c0p60__z1p05__lam0p010__nu0p50__psi0p75,hardzero_plus_depr,0.01,34,199,0.0,1,0.47305396,0.47326458,1.0315665,0.092989415,0.092989415,1.0,0.00021062348,0.0022650263,-27.021193,2.2694917,0.75649726,0.23200001,0.0,0.15253468,1.9799985,1.9899985,640000
hardzero_plus_depr__c0p60__z1p05__lam0p010__nu0p50__psi0p75,hardzero_plus_depr,0.01,34,200,0.0,1,0.47326458,0.47349647,0.9865474,0.10314605,0.10314605,1.0,0.00023188282,0.0022481019,-25.800953,2.1704476,0.72348255,0.18400002,0.0,0.15087351,1.9899985,1.9999985,643200
hardzero_plus_depr__c0p60__z1p05__lam0p010__nu0p50__psi0p75,hardzero_plus_depr,0.01,34,201,0.0,1,0.47349647,0.47369838,1.043388,0.09049238,0.09049238,1.0,0.00020191606,0.0022313045,-27.890812,2.2954993,0.76516646,0.15200001,0.0,0.14604726,1.9999985,2.0099986,646400
hardzero_plus_depr__c0p60__z1p05__lam0p010__nu0p50__psi0p75,hardzero_plus_depr,0.01,34,202,0.0,1,0.47369838,0.47391245,1.0147338,0.09666432,0.09666432,1.0,0.00021407587,0.0022146318,-27.452728,2.2324588,0.74415296,0.14400001,0.0,0.14029017,2.0099986,2.0199986,649600
hardzero_plus_depr__c0p60__z1p05__lam0p010__nu0p50__psi0p75,hardzero_plus_depr,0.01,34,203,0.0,1,0.47391245,0.47391245,1.0505749,0.0,0.0890072,0.0,0.0,0.0021980843,-26.751427,2.311311,0.770437,0.16800001,0.0,0.14619964,2.0199986,2.0299985,652800
hardzero_plus_depr__c0p60__z1p05__lam0p010__nu0p50__psi0p75,hardzero_plus_depr,0.01,34,204,0.0,1,0.47391245,0.47391245,1.0597932,0.0,0.08713782,0.0,0.0,0.0021816604,-27.86866,2.3315916,0.77719724,0.14400001,0.0,0.16934459,2.0299985,2.0399985,656000
hardzero_plus_depr__c0p60__z1p05__lam0p010__nu0p50__psi0p75,hardzero_plus_depr,0.01,34,205,0.0,1,0.47391245,0.47411868,1.0211691,0.09524254,0.09524254,1.0,0.00020623428,0.002165359,-27.465378,2.2466168,0.7488723,0.17600001,0.0,0.1280565,2.0399985,2.0499985,659200
hardzero_plus_depr__c0p60__z1p05__lam0p010__nu0p50__psi0p75,hardzero_plus_depr,0.01,34,206,0.0,1,0.47411868,0.4743192,1.0301225,0.09329909,0.09329909,1.0,0.00020051649,0.0021491793,-26.753855,2.2663147,0.75543827,0.15200001,0.008,0.16916902,2.0499985,2.0599985,662400
hardzero_plus_depr__c0p60__z1p05__lam0p010__nu0p50__psi0p75,hardzero_plus_depr,0.01,34,207,0.0,1,0.4743192,0.4743192,1.057482,0.0,0.08760281,0.0,0.0,0.0021331212,-28.864935,2.3265069,0.7755023,0.120000005,0.0,0.17577586,2.0599985,2.0699985,665600
hardzero_plus_depr__c0p60__z1p05__lam0p010__nu0p50__psi0p75,hardzero_plus_depr,0.01,34,208,0.0,1,0.4743192,0.4743192,1.0686883,0.0,0.085371256,0.0,0.0,0.0021171826,-27.658144,2.3511612,0.78372043,0.19999999,0.0,0.1549948,2.0699985,2.0799985,668800
hardzero_plus_depr__c0p60__z1p05__lam0p010__nu0p50__psi0p75,hardzero_plus_depr,0.01,34,209,0.0,1,0.4743192,0.47451746,1.0252458,0.09435268,0.09435268,1.0,0.00019826922,0.002101363,-26.854324,2.2555857,0.75186193,0.112,0.0,0.13453984,2.0799985,2.0899985,672000
hardzero_plus_depr__c0p60__z1p05__lam0p010__nu0p50__psi0p75,hardzero_plus_depr,0.01,34,210,0.0,1,0.47451746,0.47472528,1.0015452,0.09964484,0.09964484,1.0,0.0002078254,0.0020856615,-26.857204,2.2034433,0.7344811,0.120000005,0.0,0.16073819,2.0899985,2.0999985,675200
hardzero_plus_depr__c0p60__z1p05__lam0p010__nu0p50__psi0p75,hardzero_plus_depr,0.01,34,211,0.0,1,0.47472528,0.47472528,1.0852352,0.0,0.08217973,0.0,0.0,0.0020700777,-28.960415,2.3875651,0.79585505,0.14400001,0.0,0.15717177,2.0999985,2.1099985,678400
hardzero_plus_depr__c0p60__z1p05__lam0p010__nu0p50__psi0p75,hardzero_plus_depr,0.01,34,212,0.0,1,0.47472528,0.47493306,0.99510837,0.1011327,0.1011327,1.0,0.00020778831,0.0020546105,-27.246069,2.1892822,0.72976077,0.136,0.0,0.13841827,2.1099985,2.1199985,681600
hardzero_plus_depr__c0p60__z1p05__lam0p010__nu0p50__psi0p75,hardzero_plus_depr,0.01,34,213,0.0,1,0.47493306,0.47512183,1.033556,0.092564404,0.092564404,1.0,0.00018876273,0.0020392584,-27.266968,2.2738686,0.7579562,0.15200001,0.0,0.15431021,2.1199985,2.1299984,684800
hardzero_plus_depr__c0p60__z1p05__lam0p010__nu0p50__psi0p75,hardzero_plus_depr,0.01,34,214,0.0,1,0.47512183,0.4753061,1.040793,0.09103471,0.09103471,1.0,0.00018425616,0.002024021,-28.030293,2.2897902,0.7632634,0.14400001,0.0,0.14067595,2.1299984,2.1399984,688000
hardzero_plus_depr__c0p60__z1p05__lam0p010__nu0p50__psi0p75,hardzero_plus_depr,0.01,34,215,0.0,1,0.4753061,0.47548953,1.0394896,0.09130832,0.09130832,1.0,0.00018342909,0.002008898,-27.34243,2.286923,0.76230764,0.112,0.0,0.17421865,2.1399984,2.1499984,691200
hardzero_plus_depr__c0p60__z1p05__lam0p010__nu0p50__psi0p75,hardzero_plus_depr,0.01,34,216,0.0,1,0.47548953,0.47567472,1.0320673,0.09288223,0.09288223,1.0,0.00018519672,0.0019938876,-27.71572,2.2705934,0.7568645,0.112,0.0,0.14370164,2.1499984,2.1599984,694400
hardzero_plus_depr__c0p60__z1p05__lam0p010__nu0p50__psi0p75,hardzero_plus_depr,0.01,34,217,0.0,1,0.47567472,0.47587463,0.99558216,0.10102243,0.10102243,1.0,0.00019992232,0.0019789895,-26.558626,2.1903245,0.7301082,0.18400002,0.0,0.12828366,2.1599984,2.1699984,697600
hardzero_plus_depr__c0p60__z1p05__lam0p010__nu0p50__psi0p75,hardzero_plus_depr,0.01,34,218,0.0,1,0.47587463,0.47605613,1.0343064,0.092404604,0.092404604,1.0,0.00018150134,0.0019642024,-27.424932,2.2755196,0.75850654,0.16800001,0.0,0.1346696,2.1699984,2.1799984,700800
hardzero_plus_depr__c0p60__z1p05__lam0p010__nu0p50__psi0p75,hardzero_plus_depr,0.01,34,219,0.0,1,0.47605613,0.47623292,1.0424881,0.090680085,0.090680085,1.0,0.00017678319,0.001949526,-27.675428,2.2935197,0.7645066,0.112,0.0,0.18012337,2.1799984,2.1899984,704000
hardzero_plus_depr__c0p60__z1p05__lam0p010__nu0p50__psi0p75,hardzero_plus_depr,0.01,34,220,0.0,1,0.47623292,0.476452,0.94604903,0.11322726,0.11322726,1.0,0.00021909016,0.0019349594,-25.903284,2.0813494,0.69378316,0.23200001,0.0,0.1399227,2.1899984,2.1999984,707200
hardzero_plus_depr__c0p60__z1p05__lam0p010__nu0p50__psi0p75,hardzero_plus_depr,0.01,34,221,0.0,1,0.476452,0.4766254,1.0443509,0.09029197,0.09029197,1.0,0.00017340585,0.0019205014,-28.263023,2.2976177,0.7658726,0.16,0.0,0.14573884,2.1999984,2.2099984,710400
hardzero_plus_depr__c0p60__z1p05__lam0p010__nu0p50__psi0p75,hardzero_plus_depr,0.01,34,222,0.0,1,0.4766254,0.4766254,1.0594316,0.0,0.087210424,0.0,0.0,0.0019061514,-27.62315,2.330796,0.776932,0.120000005,0.0,0.17352052,2.2099984,2.2199984,713600
hardzero_plus_depr__c0p60__z1p05__lam0p010__nu0p50__psi0p75,hardzero_plus_depr,0.01,34,223,0.0,1,0.4766254,0.47681782,0.99265707,0.10170514,0.10170514,1.0,0.00019241685,0.0018919087,-26.281256,2.1838892,0.7279631,0.2,0.0,0.1654281,2.2199984,2.2299984,716800
hardzero_plus_depr__c0p60__z1p05__lam0p010__nu0p50__psi0p75,hardzero_plus_depr,0.01,34,224,0.0,1,0.47681782,0.47701454,0.9797505,0.104773015,0.104773015,1.0,0.0001967399,0.0018777726,-26.321411,2.1554942,0.7184981,0.128,0.0,0.14480558,2.2299984,2.2399983,720000
hardzero_plus_depr__c0p60__z1p05__lam0p010__nu0p50__psi0p75,hardzero_plus_depr,0.01,34,225,0.0,1,0.47701454,0.47701454,1.085152,0.0,0.08219549,0.0,0.0,0.001863742,-28.295,2.387382,0.795794,0.120000005,0.0,0.16861103,2.2399983,2.2499983,723200
hardzero_plus_depr__c0p60__z1p05__lam0p010__nu0p50__psi0p75,hardzero_plus_depr,0.01,34,226,0.0,1,0.47701454,0.47701454,1.073602,0.0,0.0844108,0.0,0.0,0.0018498161,-28.148417,2.3619714,0.78732383,0.128,0.0,0.14169587,2.2499983,2.2599983,726400
hardzero_plus_depr__c0p60__z1p05__lam0p010__nu0p50__psi0p75,hardzero_plus_depr,0.01,34,227,0.0,1,0.47701454,0.4771829,1.0376524,0.09169541,0.09169541,1.0,0.00016835227,0.0018359945,-27.56463,2.2828808,0.7609603,0.120000005,0.0,0.14104864,2.2599983,2.2699983,729600
hardzero_plus_depr__c0p60__z1p05__lam0p010__nu0p50__psi0p75,hardzero_plus_depr,0.01,34,228,0.0,1,0.4771829,0.47735134,1.0341605,0.09243565,0.09243565,1.0,0.0001684433,0.0018222763,-26.944939,2.2751985,0.7583995,0.14400001,0.0,0.14047326,2.2699983,2.2799983,732800
hardzero_plus_depr__c0p60__z1p05__lam0p010__nu0p50__psi0p75,hardzero_plus_depr,0.01,34,229,0.0,1,0.47735134,0.47752252,1.0238963,0.09464629,0.09464629,1.0,0.000171183,0.0018086603,-27.558914,2.252617,0.7508723,0.136,0.0,0.17748368,2.2799983,2.2899983,736000
hardzero_plus_depr__c0p60__z1p05__lam0p010__nu0p50__psi0p75,hardzero_plus_depr,0.01,34,230,0.0,1,0.47752252,0.47752252,1.0877341,0.0,0.08170825,0.0,0.0,0.0017951458,-28.224264,2.3930628,0.79768765,0.14400001,0.0,0.19834982,2.2899983,2.2999983,739200
hardzero_plus_depr__c0p60__z1p05__lam0p010__nu0p50__psi0p75,hardzero_plus_depr,0.01,34,231,0.0,1,0.47752252,0.47752252,1.0545399,0.0,0.088198274,0.0,0.0,0.0017817329,-27.140896,2.3200343,0.77334476,0.096,0.0,0.13956414,2.2999983,2.3099983,742400
hardzero_plus_depr__c0p60__z1p05__lam0p010__nu0p50__psi0p75,hardzero_plus_depr,0.01,34,232,0.0,1,0.47752252,0.47770858,0.97794604,0.10520925,0.10520925,1.0,0.00018605412,0.0017684199,-26.327993,2.1515243,0.71717477,0.14400001,0.0,0.1538015,2.3099983,2.3199983,745600
hardzero_plus_depr__c0p60__z1p05__lam0p010__nu0p50__psi0p75,hardzero_plus_depr,0.01,34,233,0.0,1,0.47770858,0.4778741,1.0254605,0.09430603,0.09430603,1.0,0.00016552654,0.0017552063,-26.95413,2.2560582,0.7520194,0.136,0.0,0.16061486,2.3199983,2.3299983,748800
hardzero_plus_depr__c0p60__z1p05__lam0p010__nu0p50__psi0p75,hardzero_plus_depr,0.01,34,234,0.0,1,0.4778741,0.47804794,1.0009407,0.09978363,0.09978363,1.0,0.00017383219,0.0017420913,-25.977741,2.2021134,0.7340378,0.19,0.0,0.12237417,2.3299983,2.3399982,752000
hardzero_plus_depr__c0p60__z1p05__lam0p010__nu0p50__psi0p75,hardzero_plus_depr,0.01,34,235,0.0,1,0.47804794,0.4782156,1.0133581,0.096971005,0.096971005,1.0,0.0001676701,0.0017290746,-27.822157,2.2294323,0.74314415,0.2,0.0,0.1564128,2.3399982,2.3499982,755200
hardzero_plus_depr__c0p60__z1p05__lam0p010__nu0p50__psi0p75,hardzero_plus_depr,0.01,34,236,0.0,1,0.4782156,0.47837958,1.0197657,0.09555079,0.09555079,1.0,0.00016397999,0.0017161552,-26.75553,2.2435293,0.74784315,0.18400002,0.0,0.1527297,2.3499982,2.3599982,758400
hardzero_plus_depr__c0p60__z1p05__lam0p010__nu0p50__psi0p75,hardzero_plus_depr,0.01,34,237,0.0,1,0.47837958,0.47854224,1.0199931,0.095500775,0.095500775,1.0,0.00016266954,0.0017033322,-26.248177,2.2440295,0.74800986,0.16800001,0.0,0.13818522,2.3599982,2.3699982,761600
hardzero_plus_depr__c0p60__z1p05__lam0p010__nu0p50__psi0p75,hardzero_plus_depr,0.01,34,238,0.0,1,0.47854224,0.4786948,1.0446208,0.09023587,0.09023587,1.0,0.0001525532,0.0016906048,-27.68132,2.2982116,0.76607054,0.136,0.0,0.15910406,2.3699982,2.3799982,764800
hardzero_plus_depr__c0p60__z1p05__lam0p010__nu0p50__psi0p75,hardzero_plus_depr,0.01,34,239,0.0,1,0.4786948,0.47885633,1.0165216,0.096267216,0.096267216,1.0,0.00016153377,0.0016779727,-27.040249,2.236392,0.745464,0.16000001,0.0,0.162286,2.3799982,2.3899982,768000
hardzero_plus_depr__c0p60__z1p05__lam0p010__nu0p50__psi0p75,hardzero_plus_depr,0.01,34,240,0.0,1,0.47885633,0.47902927,0.9836348,0.10384012,0.10384012,1.0,0.00017293899,0.0016654353,-26.62083,2.1640399,0.7213466,0.216,0.0,0.13358511,2.3899982,2.3999982,771200
hardzero_plus_depr__c0p60__z1p05__lam0p010__nu0p50__psi0p75,hardzero_plus_depr,0.01,34,241,0.0,1,0.47902927,0.47902927,1.0614967,0.0,0.0867967,0.0,0.0,0.0016529912,-27.6222,2.3353395,0.77844656,0.14400001,0.0,0.16101098,2.3999982,2.4099982,774400
hardzero_plus_depr__c0p60__z1p05__lam0p010__nu0p50__psi0p75,hardzero_plus_depr,0.01,34,242,0.0,1,0.47902927,0.479178,1.0425735,0.09066227,0.09066227,1.0,0.00014874413,0.0016406398,-27.44651,2.2937074,0.76456916,0.128,0.0,0.13947164,2.4099982,2.4199982,777600
hardzero_plus_depr__c0p60__z1p05__lam0p010__nu0p50__psi0p75,hardzero_plus_depr,0.01,34,243,0.0,1,0.479178,0.479178,1.064333,0.0,0.086231716,0.0,0.0,0.0016283813,-27.117876,2.3415792,0.7805264,0.14400001,0.0,0.15671165,2.4199982,2.4299982,780800
hardzero_plus_depr__c0p60__z1p05__lam0p010__nu0p50__psi0p75,hardzero_plus_depr,0.01,34,244,0.0,1,0.479178,0.4793234,1.0459795,0.089954,0.089954,1.0,0.00014538494,0.0016162143,-27.636177,2.3012009,0.76706696,0.15200001,0.0,0.15722471,2.4299982,2.4399981,784000
hardzero_plus_depr__c0p60__z1p05__lam0p010__nu0p50__psi0p75,hardzero_plus_depr,0.01,34,245,0.0,1,0.4793234,0.4793234,1.1284659,0.0,0.074393354,0.0,0.0,0.0016041378,-29.161549,2.4826746,0.8275582,0.112,0.0,0.21549033,2.4399981,2.4499981,787200
hardzero_plus_depr__c0p60__z1p05__lam0p010__nu0p50__psi0p75,hardzero_plus_depr,0.01,34,246,0.0,1,0.4793234,0.47946635,1.0467469,0.0897952,0.0897952,1.0,0.00014296759,0.0015921518,-27.879854,2.302889,0.76762974,0.14400001,0.0,0.19877346,2.4499981,2.4599981,790400
hardzero_plus_depr__c0p60__z1p05__lam0p010__nu0p50__psi0p75,hardzero_plus_depr,0.01,34,247,0.0,1,0.47946635,0.47946635,1.0543845,0.0,0.08822985,0.0,0.0,0.0015802555,-28.235205,2.3196921,0.77323073,0.099999994,0.0,0.17651865,2.4599981,2.4699981,793600
hardzero_plus_depr__c0p60__z1p05__lam0p010__nu0p50__psi0p75,hardzero_plus_depr,0.01,34,248,0.0,1,0.47946635,0.4796109,1.0354707,0.0921572,0.0921572,1.0,0.00014454377,0.0015684479,-27.397476,2.2780812,0.75936043,0.15200001,0.0,0.1261471,2.4699981,2.479998,796800
hardzero_plus_depr__c0p60__z1p05__lam0p010__nu0p50__psi0p75,hardzero_plus_depr,0.01,34,249,0.0,1,0.4796109,0.47977027,0.98979056,0.10237865,0.10237865,1.0,0.00015937576,0.0015567285,-26.241804,2.1775827,0.72586095,0.16000001,0.0,0.14444253,2.479998,2.489998,800000
hardzero_plus_depr__c0p60__z1p05__lam0p010__nu0p50__psi0p75,hardzero_plus_depr,0.01,34,250,0.0,1,0.47977027,0.47990876,1.0475022,0.089639165,0.089639165,1.0,0.00013850117,0.0015450966,-27.911375,2.304551,0.76818365,0.224,0.0,0.18845922,2.489998,2.499998,803200
hardzero_plus_depr__c0p60__z1p05__lam0p010__nu0p50__psi0p75,hardzero_plus_depr,0.01,34,251,0.0,1,0.47990876,0.4800549,1.0210013,0.09527931,0.09527931,1.0,0.00014611575,0.0015335517,-27.437279,2.2462478,0.74874926,0.136,0.0,0.15545344,2.499998,2.509998,806400
hardzero_plus_depr__c0p60__z1p05__lam0p010__nu0p50__psi0p75,hardzero_plus_depr,0.01,34,252,0.0,1,0.4800549,0.4801951,1.0356429,0.09212067,0.09212067,1.0,0.00014021625,0.0015220932,-27.87529,2.2784598,0.7594866,0.18400002,0.0,0.18153161,2.509998,2.519998,809600
hardzero_plus_depr__c0p60__z1p05__lam0p010__nu0p50__psi0p75,hardzero_plus_depr,0.01,34,253,0.0,1,0.4801951,0.48033452,1.0348711,0.09228453,0.09228453,1.0,0.00013941611,0.0015107202,-27.525646,2.2767618,0.7589206,0.128,0.0,0.12935974,2.519998,2.529998,812800
hardzero_plus_depr__c0p60__z1p05__lam0p010__nu0p50__psi0p75,hardzero_plus_depr,0.01,34,254,0.0,1,0.48033452,0.48046848,1.0489421,0.08934246,0.08934246,1.0,0.00013396295,0.0014994321,-28.513235,2.3077188,0.7692396,0.14400001,0.0,0.13929464,2.529998,2.539998,816000
hardzero_plus_depr__c0p60__z1p05__lam0p010__nu0p50__psi0p75,hardzero_plus_depr,0.01,34,255,0.0,1,0.48046848,0.48061424,1.0090133,0.097945996,0.097945996,1.0,0.00014576603,0.0014882286,-27.273272,2.2198737,0.7399579,0.14400001,0.0,0.15454297,2.539998,2.549998,819200
hardzero_plus_depr__c0p60__z1p05__lam0p010__nu0p50__psi0p75,hardzero_plus_depr,0.01,34,256,0.0,1,0.48061424,0.48075545,1.0195686,0.09559418,0.09559418,1.0,0.000141203,0.0014771087,-26.860098,2.2430956,0.74769855,0.080000006,0.0,0.13182731,2.549998,2.559998,822400
hardzero_plus_depr__c0p60__z1p05__lam0p010__nu0p50__psi0p75,hardzero_plus_depr,0.01,34,257,0.0,1,0.48075545,0.4808888,1.0411122,0.09096783,0.09096783,1.0,0.00013336535,0.0014660717,-27.600428,2.2904925,0.76349753,0.14400001,0.0,0.14285277,2.559998,2.569998,825600
hardzero_plus_depr__c0p60__z1p05__lam0p010__nu0p50__psi0p75,hardzero_plus_depr,0.01,34,258,0.0,1,0.4808888,0.4808888,1.0772555,0.0,0.08370366,0.0,0.0,0.0014551172,-28.297607,2.3700094,0.7900032,0.112,0.0,0.14778839,2.569998,2.579998,828800
hardzero_plus_depr__c0p60__z1p05__lam0p010__nu0p50__psi0p75,hardzero_plus_depr,0.01,34,259,0.0,1,0.4808888,0.4810325,1.002258,0.099481426,0.099481426,1.0,0.00014367553,0.0014442448,-27.169168,2.2050116,0.7350039,0.16800001,0.0,0.1581586,2.579998,2.589998,832000
hardzero_plus_depr__c0p60__z1p05__lam0p010__nu0p50__psi0p75,hardzero_plus_depr,0.01,34,260,0.0,1,0.4810325,0.4810325,1.0502824,0.0,0.08906717,0.0,0.0,0.0014334536,-27.739391,2.3106673,0.7702224,0.16,0.0,0.15742363,2.589998,2.599998,835200
hardzero_plus_depr__c0p60__z1p05__lam0p010__nu0p50__psi0p75,hardzero_plus_depr,0.01,34,261,0.0,1,0.4810325,0.48117587,0.996632,0.10077852,0.10077852,1.0,0.00014338191,0.0014227428,-26.664785,2.192634,0.73087806,0.128,0.0,0.1329773,2.599998,2.609998,838400
hardzero_plus_depr__c0p60__z1p05__lam0p010__nu0p50__psi0p75,hardzero_plus_depr,0.01,34,262,0.0,1,0.48117587,0.4813132,1.0121112,0.09724981,0.09724981,1.0,0.00013732763,0.001412112,-26.47201,2.226689,0.7422297,0.136,0.0,0.14588356,2.609998,2.619998,841600
hardzero_plus_depr__c0p60__z1p05__lam0p010__nu0p50__psi0p75,hardzero_plus_depr,0.01,34,263,0.0,1,0.4813132,0.48144603,1.0232842,0.09477979,0.09477979,1.0,0.00013283965,0.001401561,-27.57584,2.25127,0.7504234,0.16000001,0.0,0.1560229,2.619998,2.629998,844800
hardzero_plus_depr__c0p60__z1p05__lam0p010__nu0p50__psi0p75,hardzero_plus_depr,0.01,34,264,0.0,1,0.48144603,0.48158413,1.0031245,0.09928315,0.09928315,1.0,0.00013811166,0.0013910886,-26.437649,2.206918,0.73563933,0.14400001,0.0,0.14205784,2.629998,2.639998,848000
hardzero_plus_depr__c0p60__z1p05__lam0p010__nu0p50__psi0p75,hardzero_plus_depr,0.01,34,265,0.0,1,0.48158413,0.48158413,1.076953,0.0,0.083761975,0.0,0.0,0.0013806944,-28.299864,2.369344,0.78978133,0.112,0.0,0.14644688,2.639998,2.649998,851200
hardzero_plus_depr__c0p60__z1p05__lam0p010__nu0p50__psi0p75,hardzero_plus_depr,0.01,34,266,0.0,1,0.48158413,0.48171583,1.017226,0.09611121,0.09611121,1.0,0.00013170869,0.001370378,-27.200418,2.2379417,0.7459806,0.16000001,0.0,0.13676704,2.649998,2.659998,854400
hardzero_plus_depr__c0p60__z1p05__lam0p010__nu0p50__psi0p75,hardzero_plus_depr,0.01,34,267,0.0,1,0.48171583,0.48171583,1.060795,0.0,0.08693708,0.0,0.0,0.0013601386,-27.991627,2.3337955,0.77793187,0.14400001,0.0,0.16314843,2.659998,2.669998,857600
hardzero_plus_depr__c0p60__z1p05__lam0p010__nu0p50__psi0p75,hardzero_plus_depr,0.01,34,268,0.0,1,0.48171583,0.48171583,1.076876,0.0,0.08377684,0.0,0.0,0.0013499759,-28.498287,2.3691745,0.7897248,0.136,0.0,0.17774732,2.669998,2.679998,860800
hardzero_plus_depr__c0p60__z1p05__lam0p010__nu0p50__psi0p75,hardzero_plus_depr,0.01,34,269,0.0,1,0.48171583,0.48171583,1.0601332,0.0,0.08706964,0.0,0.0,0.001339889,-27.935774,2.3323395,0.7774465,0.216,0.0,0.18024462,2.679998,2.689998,864000
hardzero_plus_depr__c0p60__z1p05__lam0p010__nu0p50__psi0p75,hardzero_plus_depr,0.01,34,270,0.0,1,0.48171583,0.48184872,1.0003302,0.09992399,0.09992399,1.0,0.00013288663,0.0013298772,-27.032782,2.2007704,0.7335901,0.18400002,0.0,0.16263197,2.689998,2.699998,867200
hardzero_plus_depr__c0p60__z1p05__lam0p010__nu0p50__psi0p75,hardzero_plus_depr,0.01,34,271,0.0,1,0.48184872,0.48197538,1.0178754,0.09596759,0.09596759,1.0,0.00012667151,0.0013199406,-26.841896,2.2393706,0.74645686,0.104,0.0,0.15851155,2.699998,2.709998,870400
hardzero_plus_depr__c0p60__z1p05__lam0p010__nu0p50__psi0p75,hardzero_plus_depr,0.01,34,272,0.0,1,0.48197538,0.48210558,1.0026894,0.09938266,0.09938266,1.0,0.00013019904,0.0013100781,-26.500444,2.2059605,0.7353202,0.112,0.0,0.15306929,2.709998,2.719998,873600
hardzero_plus_depr__c0p60__z1p05__lam0p010__nu0p50__psi0p75,hardzero_plus_depr,0.01,34,273,0.0,1,0.48210558,0.48210558,1.0650133,0.0,0.08609673,0.0,0.0,0.0013002891,-27.923813,2.343076,0.78102535,0.14,0.0,0.17964906,2.719998,2.7299979,876800
hardzero_plus_depr__c0p60__z1p05__lam0p010__nu0p50__psi0p75,hardzero_plus_depr,0.01,34,274,0.0,1,0.48210558,0.48210558,1.0525975,0.0,0.088593625,0.0,0.0,0.0012905735,-27.95445,2.3157609,0.7719203,0.17600001,0.0,0.16100243,2.7299979,2.7399979,880000
hardzero_plus_depr__c0p60__z1p05__lam0p010__nu0p50__psi0p75,hardzero_plus_depr,0.01,34,275,0.0,1,0.48210558,0.48210558,1.0619969,0.0,0.0866968,0.0,0.0,0.0012809304,-27.346598,2.3364398,0.7788133,0.16000001,0.0,0.16477029,2.7399979,2.7499979,883200
hardzero_plus_depr__c0p60__z1p05__lam0p010__nu0p50__psi0p75,hardzero_plus_depr,0.01,34,276,0.0,1,0.48210558,0.48223078,1.006646,0.098481335,0.098481335,1.0,0.00012520517,0.0012713594,-27.35906,2.2146654,0.7382218,0.112,0.0,0.15592027,2.7499979,2.7599978,886400
hardzero_plus_depr__c0p60__z1p05__lam0p010__nu0p50__psi0p75,hardzero_plus_depr,0.01,34,277,0.0,1,0.48223078,0.48223078,1.0865589,0.0,0.08192963,0.0,0.0,0.0012618599,-28.282024,2.3904774,0.7968258,0.104,0.0,0.14955312,2.7599978,2.7699978,889600
hardzero_plus_depr__c0p60__z1p05__lam0p010__nu0p50__psi0p75,hardzero_plus_depr,0.01,34,278,0.0,1,0.48223078,0.48235357,1.0086445,0.09802921,0.09802921,1.0,0.00012277484,0.0012524312,-26.839605,2.219062,0.7396874,0.17600001,0.0,0.14754204,2.7699978,2.7799978,892800
hardzero_plus_depr__c0p60__z1p05__lam0p010__nu0p50__psi0p75,hardzero_plus_depr,0.01,34,279,0.0,1,0.48235357,0.48247448,1.0120901,0.097254544,0.097254544,1.0,0.00012089451,0.0012430731,-26.82762,2.2266426,0.7422142,0.136,0.0,0.17034823,2.7799978,2.7899978,896000
hardzero_plus_depr__c0p60__z1p05__lam0p010__nu0p50__psi0p75,hardzero_plus_depr,0.01,34,280,0.0,1,0.48247448,0.4825933,1.0163941,0.096295476,0.096295476,1.0,0.00011880793,0.0012337852,-27.19606,2.2361119,0.7453706,0.23200001,0.0,0.15814063,2.7899978,2.7999978,899200
hardzero_plus_depr__c0p60__z1p05__lam0p010__nu0p50__psi0p75,hardzero_plus_depr,0.01,34,281,0.0,1,0.4825933,0.4827101,1.0205907,0.095369466,0.095369466,1.0,0.00011678621,0.001224566,-26.73425,2.2453444,0.74844813,0.17600001,0.0,0.14146818,2.7999978,2.8099978,902400
hardzero_plus_depr__c0p60__z1p05__lam0p010__nu0p50__psi0p75,hardzero_plus_depr,0.01,34,282,0.0,1,0.4827101,0.48284078,0.96851754,0.10751831,0.10751831,1.0,0.00013067952,0.0012154164,-25.497602,2.1307812,0.7102604,0.24800001,0.0,0.14058426,2.8099978,2.8199978,905600
hardzero_plus_depr__c0p60__z1p05__lam0p010__nu0p50__psi0p75,hardzero_plus_depr,0.01,34,283,0.0,1,0.48284078,0.48284078,1.0643919,0.0,0.08622002,0.0,0.0,0.0012063349,-27.48945,2.341709,0.7805697,0.112,0.0,0.16681898,2.8199978,2.8299978,908800
hardzero_plus_depr__c0p60__z1p05__lam0p010__nu0p50__psi0p75,hardzero_plus_depr,0.01,34,284,0.0,1,0.48284078,0.4829624,0.99315697,0.10158814,0.10158814,1.0,0.00012163363,0.0011973212,-26.871662,2.184989,0.72832966,0.18400002,0.0,0.13496935,2.8299978,2.8399978,912000
hardzero_plus_depr__c0p60__z1p05__lam0p010__nu0p50__psi0p75,hardzero_plus_depr,0.01,34,285,0.0,1,0.4829624,0.48307416,1.0266522,0.09404761,0.09404761,1.0,0.00011176384,0.001188375,-27.62672,2.2586799,0.7528933,0.112,0.0,0.1624863,2.8399978,2.8499978,915200
hardzero_plus_depr__c0p60__z1p05__lam0p010__nu0p50__psi0p75,hardzero_plus_depr,0.01,34,286,0.0,1,0.48307416,0.48307416,1.0808758,0.0,0.08300882,0.0,0.0,0.0011794954,-28.927547,2.3779743,0.7926581,0.08,0.0,0.1833995,2.8499978,2.8599977,918400
hardzero_plus_depr__c0p60__z1p05__lam0p010__nu0p50__psi0p75,hardzero_plus_depr,0.01,34,287,0.0,1,0.48307416,0.48318252,1.0335921,0.0925567,0.0925567,1.0,0.000108354485,0.0011706823,-27.862627,2.273948,0.7579827,0.16000001,0.0,0.1614343,2.8599977,2.8699977,921600
hardzero_plus_depr__c0p60__z1p05__lam0p010__nu0p50__psi0p75,hardzero_plus_depr,0.01,34,288,0.0,1,0.48318252,0.483308,0.9666713,0.10797636,0.10797636,1.0,0.00012546153,0.0011619352,-26.113825,2.1267192,0.7089064,0.2,0.0,0.14558652,2.8699977,2.8799977,924800
hardzero_plus_depr__c0p60__z1p05__lam0p010__nu0p50__psi0p75,hardzero_plus_depr,0.01,34,289,0.0,1,0.483308,0.483308,1.0672251,0.0,0.08565936,0.0,0.0,0.001153253,-27.724913,2.347942,0.7826474,0.128,0.0,0.15175836,2.8799977,2.8899977,928000
hardzero_plus_depr__c0p60__z1p05__lam0p010__nu0p50__psi0p75,hardzero_plus_depr,0.01,34,290,0.0,1,0.483308,0.48341075,1.046863,0.08977121,0.08977121,1.0,0.000102755366,0.0011446361,-27.971907,2.3031445,0.76771486,0.136,0.008,0.15222797,2.8899977,2.8999977,931200
hardzero_plus_depr__c0p60__z1p05__lam0p010__nu0p50__psi0p75,hardzero_plus_depr,0.01,34,291,0.0,1,0.48341075,0.48351797,1.0250888,0.094386786,0.094386786,1.0,0.00010723126,0.0011360834,-26.579527,2.2552404,0.75174683,0.136,0.0,0.1394432,2.8999977,2.9099977,934400
hardzero_plus_depr__c0p60__z1p05__lam0p010__nu0p50__psi0p75,hardzero_plus_depr,0.01,34,292,0.0,1,0.48351797,0.4836274,1.0130509,0.097039625,0.097039625,1.0,0.00010942138,0.0011275948,-27.851187,2.2287564,0.74291885,0.15200001,0.0,0.14095213,2.9099977,2.9199977,937600
hardzero_plus_depr__c0p60__z1p05__lam0p010__nu0p50__psi0p75,hardzero_plus_depr,0.01,34,293,0.0,1,0.4836274,0.4837471,0.97084546,0.106943525,0.106943525,1.0,0.00011968793,0.0011191695,-26.336996,2.1359026,0.7119676,0.192,0.0,0.13431531,2.9199977,2.9299977,940800
hardzero_plus_depr__c0p60__z1p05__lam0p010__nu0p50__psi0p75,hardzero_plus_depr,0.01,34,294,0.0,1,0.4837471,0.48385358,1.0183457,0.09586372,0.09586372,1.0,0.00010648609,0.001110807,-26.899647,2.2404053,0.7468018,0.15200001,0.0,0.14459091,2.9299977,2.9399977,944000
hardzero_plus_depr__c0p60__z1p05__lam0p010__nu0p50__psi0p75,hardzero_plus_depr,0.01,34,295,0.0,1,0.48385358,0.4839591,1.0190008,0.095719226,0.095719226,1.0,0.00010553113,0.0011025071,-26.601742,2.2418466,0.7472822,0.17600001,0.0,0.16077147,2.9399977,2.9499977,947200
hardzero_plus_depr__c0p60__z1p05__lam0p010__nu0p50__psi0p75,hardzero_plus_depr,0.01,34,296,0.0,1,0.4839591,0.4839591,1.0736293,0.0,0.084405504,0.0,0.0,0.0010942693,-28.115904,2.3620315,0.78734386,0.14400001,0.0,0.17458089,2.9499977,2.9599977,950400
hardzero_plus_depr__c0p60__z1p05__lam0p010__nu0p50__psi0p75,hardzero_plus_depr,0.01,34,297,0.0,1,0.4839591,0.4839591,1.0567207,0.0,0.08775649,0.0,0.0,0.0010860928,-27.829096,2.324832,0.774944,0.14400001,0.0,0.15134487,2.9599977,2.9699976,953600
hardzero_plus_depr__c0p60__z1p05__lam0p010__nu0p50__psi0p75,hardzero_plus_depr,0.01,34,298,0.0,1,0.4839591,0.4839591,1.0948691,0.0,0.08037682,0.0,0.0,0.0010779777,-28.548359,2.4087603,0.8029201,0.136,0.0,0.12927684,2.9699976,2.9799976,956800
hardzero_plus_depr__c0p60__z1p05__lam0p010__nu0p50__psi0p75,hardzero_plus_depr,0.01,34,299,0.0,1,0.4839591,0.48405564,1.0446713,0.09022537,0.09022537,1.0,9.653421e-05,0.0010699232,-28.06478,2.2983227,0.76610756,0.11,0.0,0.15800023,2.9799976,2.9899976,960000
hardzero_plus_depr__c0p60__z1p05__lam0p010__nu0p50__psi0p75,hardzero_plus_depr,0.01,34,300,0.0,1,0.48405564,0.48405564,1.0919862,0.0,0.08091216,0.0,0.0,0.0010619288,-28.208147,2.4024177,0.8008059,0.14400001,0.0,0.15883532,2.9899976,2.9999976,963200
hardzero_plus_depr__c0p60__z1p05__lam0p010__nu0p50__psi0p75,hardzero_plus_depr,0.01,34,301,0.0,1,0.48405564,0.484158,1.0126996,0.097118154,0.097118154,1.0,0.00010236198,0.0010539943,-26.835773,2.2279837,0.74266124,0.136,0.0,0.14561921,2.9999976,3.0099976,966400
hardzero_plus_depr__c0p60__z1p05__lam0p010__nu0p50__psi0p75,hardzero_plus_depr,0.01,34,302,0.0,1,0.484158,0.48427877,0.937647,0.11543911,0.11543911,1.0,0.000120763005,0.0010461187,-26.252829,2.0628645,0.68762153,0.28,0.0,0.13047318,3.0099976,3.0199976,969600
hardzero_plus_depr__c0p60__z1p05__lam0p010__nu0p50__psi0p75,hardzero_plus_depr,0.01,34,303,0.0,1,0.48427877,0.48427877,1.0697845,0.0,0.08515604,0.0,0.0,0.0010383022,-28.2839,2.3535728,0.7845243,0.136,0.0,0.14933538,3.0199976,3.0299976,972800
hardzero_plus_depr__c0p60__z1p05__lam0p010__nu0p50__psi0p75,hardzero_plus_depr,0.01,34,304,0.0,1,0.48427877,0.48437357,1.036298,0.09198181,0.09198181,1.0,9.479132e-05,0.0010305442,-27.49929,2.2799013,0.7599671,0.2,0.0,0.15605637,3.0299976,3.0399976,976000
hardzero_plus_depr__c0p60__z1p05__lam0p010__nu0p50__psi0p75,hardzero_plus_depr,0.01,34,305,0.0,1,0.48437357,0.4844702,1.0247726,0.09445552,0.09445552,1.0,9.6613236e-05,0.0010228438,-26.879797,2.2545447,0.7515149,0.208,0.0,0.18197908,3.0399976,3.0499976,979200
hardzero_plus_depr__c0p60__z1p05__lam0p010__nu0p50__psi0p75,hardzero_plus_depr,0.01,34,306,0.0,1,0.4844702,0.4845688,1.0126379,0.09713196,0.09713196,1.0,9.8608485e-05,0.0010152012,-27.698263,2.2278478,0.74261594,0.15200001,0.0,0.14754125,3.0499976,3.0599976,982400
hardzero_plus_depr__c0p60__z1p05__lam0p010__nu0p50__psi0p75,hardzero_plus_depr,0.01,34,307,0.0,1,0.4845688,0.48466864,1.0040467,0.09907254,0.09907254,1.0,9.982705e-05,0.0010076157,-27.48205,2.2089467,0.7363156,0.14400001,0.0,0.13926892,3.0599976,3.0699975,985600
hardzero_plus_depr__c0p60__z1p05__lam0p010__nu0p50__psi0p75,hardzero_plus_depr,0.01,34,308,0.0,1,0.48466864,0.4847842,0.93730986,0.11552876,0.11552876,1.0,0.000115538816,0.001000087,-25.977839,2.0621228,0.6873743,0.256,0.0,0.15242241,3.0699975,3.0799975,988800
hardzero_plus_depr__c0p60__z1p05__lam0p010__nu0p50__psi0p75,hardzero_plus_depr,0.01,34,309,0.0,1,0.4847842,0.48487523,1.0375787,0.09171098,0.09171098,1.0,9.103364e-05,0.0009926144,-27.588057,2.2827187,0.7609062,0.17600001,0.0,0.15761481,3.0799975,3.0899975,992000
hardzero_plus_depr__c0p60__z1p05__lam0p010__nu0p50__psi0p75,hardzero_plus_depr,0.01,34,310,0.0,1,0.48487523,0.48496798,1.026256,0.094133474,0.094133474,1.0,9.274006e-05,0.0009851975,-27.488194,2.2578082,0.75260276,0.104,0.0,0.14561023,3.0899975,3.0999975,995200
hardzero_plus_depr__c0p60__z1p05__lam0p010__nu0p50__psi0p75,hardzero_plus_depr,0.01,34,311,0.0,1,0.48496798,0.48505616,1.0448095,0.09019668,0.09019668,1.0,8.819757e-05,0.0009778362,-27.874622,2.2986267,0.7662089,0.112,0.0,0.1709274,3.0999975,3.1099975,998400
hardzero_plus_depr__c0p60__z1p05__lam0p010__nu0p50__psi0p75,hardzero_plus_depr,0.01,34,312,0.0,1,0.48505616,0.48514596,1.0336931,0.09253519,0.09253519,1.0,8.980818e-05,0.00097053,-27.778975,2.2741702,0.75805676,0.07,0.0,0.15751594,3.1099975,3.1199975,1001600
hardzero_plus_depr__c0p60__z1p05__lam0p010__nu0p50__psi0p75,hardzero_plus_depr,0.01,34,313,0.0,1,0.48514596,0.48514596,1.0530621,0.0,0.088498905,0.0,0.0,0.000963278,-28.012106,2.3167827,0.7722609,0.216,0.0,0.15455887,3.1199975,3.1299975,1004800
hardzero_plus_depr__c0p60__z1p05__lam0p010__nu0p50__psi0p75,hardzero_plus_depr,0.01,34,314,0.0,1,0.48514596,0.48523343,1.0386553,0.0914839,0.0914839,1.0,8.7465975e-05,0.00095608056,-27.415594,2.2850873,0.7616958,0.16000001,0.0,0.18480991,3.1299975,3.1399975,1008000
hardzero_plus_depr__c0p60__z1p05__lam0p010__nu0p50__psi0p75,hardzero_plus_depr,0.01,34,315,0.0,1,0.48523343,0.4853271,1.0056826,0.09870006,0.09870006,1.0,9.366013e-05,0.00094893685,-26.719643,2.2125459,0.73751533,0.14400001,0.0,0.12403893,3.1399975,3.1499975,1011200
hardzero_plus_depr__c0p60__z1p05__lam0p010__nu0p50__psi0p75,hardzero_plus_depr,0.01,34,316,0.0,1,0.4853271,0.48541954,1.008141,0.098142914,0.098142914,1.0,9.243556e-05,0.0009418465,-27.278946,2.2179546,0.73931825,0.14400001,0.0,0.14881705,3.1499975,3.1599975,1014400
hardzero_plus_depr__c0p60__z1p05__lam0p010__nu0p50__psi0p75,hardzero_plus_depr,0.01,34,317,0.0,1,0.48541954,0.48541954,1.0508878,0.0,0.088943094,0.0,0.0,0.00093480916,-27.818676,2.3119993,0.7706665,0.128,0.0,0.13981956,3.1599975,3.1699975,1017600
hardzero_plus_depr__c0p60__z1p05__lam0p010__nu0p50__psi0p75,hardzero_plus_depr,0.01,34,318,0.0,1,0.48541954,0.48551327,0.99560136,0.10101797,0.10101797,1.0,9.372691e-05,0.0009278241,-26.782196,2.1903667,0.73012227,0.17600001,0.0,0.13169767,3.1699975,3.1799974,1020800
hardzero_plus_depr__c0p60__z1p05__lam0p010__nu0p50__psi0p75,hardzero_plus_depr,0.01,34,319,0.0,1,0.48551327,0.48551327,1.0516503,0.0,0.08878707,0.0,0.0,0.0009208915,-27.934464,2.3136768,0.77122563,0.192,0.0,0.16800071,3.1799974,3.1899974,1024000
hardzero_plus_depr__c0p60__z1p05__lam0p010__nu0p50__psi0p75,hardzero_plus_depr,0.01,34,320,0.0,1,0.48551327,0.485606,0.99367464,0.10146713,0.10146713,1.0,9.274205e-05,0.00091401074,-26.756077,2.186128,0.72870934,0.23200001,0.0,0.12652934,3.1899974,3.1999974,1027200
hardzero_plus_depr__c0p60__z1p05__lam0p010__nu0p50__psi0p75,hardzero_plus_depr,0.01,34,321,0.0,1,0.485606,0.48568818,1.042955,0.090582624,0.090582624,1.0,8.2174854e-05,0.0009071812,-27.060818,2.2945468,0.76484895,0.120000005,0.0,0.12477101,3.1999974,3.2099974,1030400
hardzero_plus_depr__c0p60__z1p05__lam0p010__nu0p50__psi0p75,hardzero_plus_depr,0.01,34,322,0.0,1,0.48568818,0.48568818,1.0543334,0.0,0.08824022,0.0,0.0,0.0009004028,-28.172369,2.3195798,0.7731933,0.14400001,0.0,0.15442374,3.2099974,3.2199974,1033600
hardzero_plus_depr__c0p60__z1p05__lam0p010__nu0p50__psi0p75,hardzero_plus_depr,0.01,34,323,0.0,1,0.48568818,0.48576862,1.0456995,0.090012014,0.090012014,1.0,8.0441496e-05,0.00089367514,-27.502485,2.3005848,0.7668616,0.15200001,0.0,0.14659151,3.2199974,3.2299974,1036800
hardzero_plus_depr__c0p60__z1p05__lam0p010__nu0p50__psi0p75,hardzero_plus_depr,0.01,34,324,0.0,1,0.48576862,0.4858621,0.9772045,0.10538904,0.10538904,1.0,9.3479845e-05,0.00088699773,-25.788713,2.1498928,0.71663094,0.18400002,0.0,0.13000014,3.2299974,3.2399974,1040000
hardzero_plus_depr__c0p60__z1p05__lam0p010__nu0p50__psi0p75,hardzero_plus_depr,0.01,34,325,0.0,1,0.4858621,0.4858621,1.1299769,0.0,0.074134976,0.0,0.0,0.00088037015,-28.359016,2.4859989,0.8286663,0.099999994,0.0,0.18633404,3.2399974,3.2499974,1043200
hardzero_plus_depr__c0p60__z1p05__lam0p010__nu0p50__psi0p75,hardzero_plus_depr,0.01,34,326,0.0,1,0.4858621,0.48594484,1.0238011,0.094667055,0.094667055,1.0,8.27193e-05,0.00087379187,-26.641953,2.2524073,0.75080246,0.17600001,0.0,0.16074814,3.2499974,3.2599974,1046400
hardzero_plus_depr__c0p60__z1p05__lam0p010__nu0p50__psi0p75,hardzero_plus_depr,0.01,34,327,0.0,1,0.48594484,0.48594484,1.0519648,0.0,0.0887228,0.0,0.0,0.00086726306,-26.611525,2.3143687,0.77145624,0.112,0.0,0.13961495,3.2599974,3.2699974,1049600
hardzero_plus_depr__c0p60__z1p05__lam0p010__nu0p50__psi0p75,hardzero_plus_depr,0.01,34,328,0.0,1,0.48594484,0.48602587,1.0263032,0.09412324,0.09412324,1.0,8.101968e-05,0.000860783,-27.36381,2.2579122,0.7526374,0.15200001,0.0,0.1414696,3.2699974,3.2799973,1052800
hardzero_plus_depr__c0p60__z1p05__lam0p010__nu0p50__psi0p75,hardzero_plus_depr,0.01,34,329,0.0,1,0.48602587,0.48602587,1.1377119,0.0,0.072826274,0.0,0.0,0.00085435103,-28.99234,2.5030162,0.8343388,0.096,0.0,0.18531659,3.2799973,3.2899973,1056000
hardzero_plus_depr__c0p60__z1p05__lam0p010__nu0p50__psi0p75,hardzero_plus_depr,0.01,34,330,0.0,1,0.48602587,0.48610643,1.0223122,0.094992176,0.094992176,1.0,8.055027e-05,0.00084796746,-27.06435,2.2491317,0.74971056,0.136,0.0,0.14678518,3.2899973,3.2999973,1059200
hardzero_plus_depr__c0p60__z1p05__lam0p010__nu0p50__psi0p75,hardzero_plus_depr,0.01,34,331,0.0,1,0.48610643,0.4861872,1.0178423,0.095974915,0.095974915,1.0,8.077551e-05,0.00084163155,-26.940008,2.2392979,0.74643266,0.16000001,0.0,0.13449658,3.2999973,3.3099973,1062400
hardzero_plus_depr__c0p60__z1p05__lam0p010__nu0p50__psi0p75,hardzero_plus_depr,0.01,34,332,0.0,1,0.4861872,0.48627123,0.99739015,0.10060274,0.10060274,1.0,8.403779e-05,0.000835343,-27.134846,2.194302,0.73143405,0.15200001,0.0,0.13067894,3.3099973,3.3199973,1065600
hardzero_plus_depr__c0p60__z1p05__lam0p010__nu0p50__psi0p75,hardzero_plus_depr,0.01,34,333,0.0,1,0.48627123,0.48634797,1.0335845,0.09255833,0.09255833,1.0,7.6740245e-05,0.0008291014,-27.336489,2.2739313,0.7579771,0.128,0.0,0.14298803,3.3199973,3.3299973,1068800
hardzero_plus_depr__c0p60__z1p05__lam0p010__nu0p50__psi0p75,hardzero_plus_depr,0.01,34,334,0.0,1,0.48634797,0.486428,1.0120778,0.0972573,0.0972573,1.0,8.003364e-05,0.00082290627,-27.896322,2.2266157,0.74220526,0.15200001,0.0,0.13058227,3.3299973,3.3399973,1072000
hardzero_plus_depr__c0p60__z1p05__lam0p010__nu0p50__psi0p75,hardzero_plus_depr,0.01,34,335,0.0,1,0.486428,0.4865011,1.0481006,0.089515746,0.089515746,1.0,7.3112664e-05,0.00081675756,-27.250885,2.3058674,0.7686225,0.2,0.0,0.1594073,3.3399973,3.3499973,1075200
hardzero_plus_depr__c0p60__z1p05__lam0p010__nu0p50__psi0p75,hardzero_plus_depr,0.01,34,336,0.0,1,0.4865011,0.4865817,1.002444,0.09943882,0.09943882,1.0,8.061056e-05,0.0008106549,-27.08999,2.205421,0.7351403,0.17600001,0.0,0.14592552,3.3499973,3.3599973,1078400
hardzero_plus_depr__c0p60__z1p05__lam0p010__nu0p50__psi0p75,hardzero_plus_depr,0.01,34,337,0.0,1,0.4865817,0.4866598,1.012971,0.09705747,0.09705747,1.0,7.809221e-05,0.0008045976,-26.483438,2.2285807,0.74286026,0.16000001,0.0,0.15850517,3.3599973,3.3699973,1081600
hardzero_plus_depr__c0p60__z1p05__lam0p010__nu0p50__psi0p75,hardzero_plus_depr,0.01,34,338,0.0,1,0.4866598,0.4866598,1.0529585,0.0,0.08852003,0.0,0.0,0.00079858577,-26.995907,2.316555,0.772185,0.13,0.0,0.13880095,3.3699973,3.3799973,1084800
hardzero_plus_depr__c0p60__z1p05__lam0p010__nu0p50__psi0p75,hardzero_plus_depr,0.01,34,339,0.0,1,0.4866598,0.48674294,0.9791868,0.104909115,0.104909115,1.0,8.315294e-05,0.00079261884,-25.784567,2.154254,0.7180847,0.192,0.008,0.15315029,3.3799973,3.3899972,1088000
hardzero_plus_depr__c0p60__z1p05__lam0p010__nu0p50__psi0p75,hardzero_plus_depr,0.01,34,340,0.0,1,0.48674294,0.4868182,1.0192642,0.095661186,0.095661186,1.0,7.5256314e-05,0.00078669644,-27.02349,2.2424262,0.7474754,0.120000005,0.0,0.14944933,3.3899972,3.3999972,1091200
hardzero_plus_depr__c0p60__z1p05__lam0p010__nu0p50__psi0p75,hardzero_plus_depr,0.01,34,341,0.0,1,0.4868182,0.4868182,1.0949876,0.0,0.0803549,0.0,0.0,0.00078081834,-28.519081,2.409021,0.803007,0.136,0.0,0.18922453,3.3999972,3.4099972,1094400
hardzero_plus_depr__c0p60__z1p05__lam0p010__nu0p50__psi0p75,hardzero_plus_depr,0.01,34,342,0.0,1,0.4868182,0.48688906,1.0388883,0.091434814,0.091434814,1.0,7.0860515e-05,0.00077498396,-27.508627,2.2856,0.7618667,0.112,0.0,0.15795504,3.4099972,3.4199972,1097600
hardzero_plus_depr__c0p60__z1p05__lam0p010__nu0p50__psi0p75,hardzero_plus_depr,0.01,34,343,0.0,1,0.48688906,0.48696545,1.0029776,0.099316716,0.099316716,1.0,7.6393764e-05,0.0007691934,-26.326555,2.2065947,0.73553157,0.192,0.0,0.13123807,3.4199972,3.4299972,1100800
hardzero_plus_depr__c0p60__z1p05__lam0p010__nu0p50__psi0p75,hardzero_plus_depr,0.01,34,344,0.0,1,0.48696545,0.48696545,1.0587978,0.0,0.087337784,0.0,0.0,0.0007634461,-28.208235,2.3294017,0.77646726,0.120000005,0.0,0.18637465,3.4299972,3.4399972,1104000
hardzero_plus_depr__c0p60__z1p05__lam0p010__nu0p50__psi0p75,hardzero_plus_depr,0.01,34,345,0.0,1,0.48696545,0.48696545,1.0537528,0.0,0.088358276,0.0,0.0,0.00075774145,-28.117525,2.3183024,0.7727675,0.14400001,0.0,0.15105574,3.4399972,3.4499972,1107200
hardzero_plus_depr__c0p60__z1p05__lam0p010__nu0p50__psi0p75,hardzero_plus_depr,0.01,34,346,0.0,1,0.48696545,0.48703864,1.011723,0.097336784,0.097336784,1.0,7.3205025e-05,0.00075207977,-27.223364,2.225835,0.741945,0.136,0.0,0.1619287,3.4499972,3.4599972,1110400
hardzero_plus_depr__c0p60__z1p05__lam0p010__nu0p50__psi0p75,hardzero_plus_depr,0.01,34,347,0.0,1,0.48703864,0.4871081,1.0312581,0.09305546,0.09305546,1.0,6.946221e-05,0.00074646034,-26.466688,2.2688131,0.75627106,0.120000005,0.0,0.15446883,3.4599972,3.4699972,1113600
hardzero_plus_depr__c0p60__z1p05__lam0p010__nu0p50__psi0p75,hardzero_plus_depr,0.01,34,348,0.0,1,0.4871081,0.48718178,1.002497,0.099426694,0.099426694,1.0,7.3663534e-05,0.0007408829,-27.309685,2.2055373,0.7351791,0.16000001,0.0,0.13961206,3.4699972,3.4799972,1116800
hardzero_plus_depr__c0p60__z1p05__lam0p010__nu0p50__psi0p75,hardzero_plus_depr,0.01,34,349,0.0,1,0.48718178,0.4872566,0.9924931,0.10174356,0.10174356,1.0,7.481683e-05,0.0007353471,-27.519978,2.1835284,0.7278428,0.16800001,0.0,0.16831553,3.4799972,3.4899971,1120000
hardzero_plus_depr__c0p60__z1p05__lam0p010__nu0p50__psi0p75,hardzero_plus_depr,0.01,34,350,0.0,1,0.4872566,0.48732844,1.0067031,0.09846839,0.09846839,1.0,7.18674e-05,0.0007298525,-27.193304,2.214791,0.7382637,0.14400001,0.0,0.14286771,3.4899971,3.4999971,1123200
hardzero_plus_depr__c0p60__z1p05__lam0p010__nu0p50__psi0p75,hardzero_plus_depr,0.01,34,351,0.0,1,0.48732844,0.48732844,1.0652995,0.0,0.08604001,0.0,0.0,0.0007243992,-28.069126,2.3437057,0.7812352,0.13,0.0,0.20827834,3.4999971,3.5099971,1126400
hardzero_plus_depr__c0p60__z1p05__lam0p010__nu0p50__psi0p75,hardzero_plus_depr,0.01,34,352,0.0,1,0.48732844,0.48739895,1.0085062,0.098060444,0.098060444,1.0,7.050414e-05,0.0007189865,-26.607698,2.2187579,0.739586,0.2,0.008,0.1371772,3.5099971,3.5199971,1129600
hardzero_plus_depr__c0p60__z1p05__lam0p010__nu0p50__psi0p75,hardzero_plus_depr,0.01,34,353,0.0,1,0.48739895,0.48746622,1.0257019,0.09425364,0.09425364,1.0,6.726073e-05,0.0007136141,-27.206196,2.2565892,0.75219643,0.14400001,0.0,0.12630266,3.5199971,3.529997,1132800
hardzero_plus_depr__c0p60__z1p05__lam0p010__nu0p50__psi0p75,hardzero_plus_depr,0.01,34,354,0.0,1,0.48746622,0.48754075,0.9779203,0.10521549,0.10521549,1.0,7.452224e-05,0.00070828205,-26.78359,2.1514676,0.7171559,0.16000001,0.0,0.15709478,3.529997,3.539997,1136000
hardzero_plus_depr__c0p60__z1p05__lam0p010__nu0p50__psi0p75,hardzero_plus_depr,0.01,34,355,0.0,1,0.48754075,0.48760414,1.045028,0.090151295,0.090151295,1.0,6.337545e-05,0.0007029899,-27.512133,2.2991076,0.7663692,0.192,0.0,0.1617867,3.539997,3.549997,1139200
hardzero_plus_depr__c0p60__z1p05__lam0p010__nu0p50__psi0p75,hardzero_plus_depr,0.01,34,356,0.0,1,0.48760414,0.48760414,1.0702505,0.0,0.085064724,0.0,0.0,0.00069773727,-27.673862,2.354598,0.78486603,0.136,0.0,0.14935781,3.549997,3.559997,1142400
hardzero_plus_depr__c0p60__z1p05__lam0p010__nu0p50__psi0p75,hardzero_plus_depr,0.01,34,357,0.0,1,0.48760414,0.48767096,1.0155694,0.09647849,0.09647849,1.0,6.6813656e-05,0.00069252384,-27.488838,2.2342975,0.7447659,0.16000001,0.0,0.13513897,3.559997,3.569997,1145600
hardzero_plus_depr__c0p60__z1p05__lam0p010__nu0p50__psi0p75,hardzero_plus_depr,0.01,34,358,0.0,1,0.48767096,0.48773572,1.0258085,0.09423052,0.09423052,1.0,6.476928e-05,0.0006873493,-26.853039,2.2568238,0.75227463,0.08800001,0.0,0.15297318,3.569997,3.579997,1148800
hardzero_plus_depr__c0p60__z1p05__lam0p010__nu0p50__psi0p75,hardzero_plus_depr,0.01,34,359,0.0,1,0.48773572,0.48780388,1.0004728,0.09989119,0.09989119,1.0,6.8147114e-05,0.00068221346,-26.783886,2.2010841,0.73369473,0.18400002,0.0,0.15202919,3.579997,3.589997,1152000
hardzero_plus_depr__c0p60__z1p05__lam0p010__nu0p50__psi0p75,hardzero_plus_depr,0.01,34,360,0.0,1,0.48780388,0.48787028,1.0085564,0.0980491,0.0980491,1.0,6.639062e-05,0.00067711604,-26.841436,2.2188683,0.7396228,0.096,0.0,0.12960213,3.589997,3.599997,1155200
hardzero_plus_depr__c0p60__z1p05__lam0p010__nu0p50__psi0p75,hardzero_plus_depr,0.01,34,361,0.0,1,0.48787028,0.48787028,1.0594171,0.0,0.08721333,0.0,0.0,0.0006720565,-28.329674,2.3307643,0.77692145,0.120000005,0.0,0.1787661,3.599997,3.609997,1158400
hardzero_plus_depr__c0p60__z1p05__lam0p010__nu0p50__psi0p75,hardzero_plus_depr,0.01,34,362,0.0,1,0.48787028,0.48793435,1.0174705,0.09605712,0.09605712,1.0,6.407346e-05,0.000667035,-26.667105,2.2384799,0.74616,0.2,0.0,0.17654014,3.609997,3.619997,1161600
hardzero_plus_depr__c0p60__z1p05__lam0p010__nu0p50__psi0p75,hardzero_plus_depr,0.01,34,363,0.0,1,0.48793435,0.48799458,1.0410548,0.09097984,0.09097984,1.0,6.0233288e-05,0.00066205097,-27.650242,2.2903664,0.7634555,0.18400002,0.0,0.14961581,3.619997,3.629997,1164800
hardzero_plus_depr__c0p60__z1p05__lam0p010__nu0p50__psi0p75,hardzero_plus_depr,0.01,34,364,0.0,1,0.48799458,0.48805395,1.044101,0.09034394,0.09034394,1.0,5.9365386e-05,0.00065710425,-27.865591,2.297068,0.7656894,0.17,0.0,0.13892493,3.629997,3.639997,1168000
hardzero_plus_depr__c0p60__z1p05__lam0p010__nu0p50__psi0p75,hardzero_plus_depr,0.01,34,365,0.0,1,0.48805395,0.48811248,1.0469466,0.089753896,0.089753896,1.0,5.8536993e-05,0.00065219443,-26.550356,2.3033285,0.7677762,0.136,0.0,0.1486419,3.639997,3.649997,1171200
hardzero_plus_depr__c0p60__z1p05__lam0p010__nu0p50__psi0p75,hardzero_plus_depr,0.01,34,366,0.0,1,0.48811248,0.48811248,1.0765519,0.0,0.08383938,0.0,0.0,0.0006473211,-28.492023,2.3684616,0.78948724,0.120000005,0.0,0.15103677,3.649997,3.659997,1174400
hardzero_plus_depr__c0p60__z1p05__lam0p010__nu0p50__psi0p75,hardzero_plus_depr,0.01,34,367,0.0,1,0.48811248,0.48817116,1.0392971,0.09134882,0.09134882,1.0,5.869019e-05,0.0006424844,-26.745562,2.2864993,0.76216644,0.15200001,0.0,0.15690975,3.659997,3.669997,1177600
hardzero_plus_depr__c0p60__z1p05__lam0p010__nu0p50__psi0p75,hardzero_plus_depr,0.01,34,368,0.0,1,0.48817116,0.48823175,1.0221806,0.095020965,0.095020965,1.0,6.0593335e-05,0.00063768384,-27.32144,2.2488422,0.7496141,0.136,0.0,0.16810133,3.669997,3.679997,1180800
hardzero_plus_depr__c0p60__z1p05__lam0p010__nu0p50__psi0p75,hardzero_plus_depr,0.01,34,369,0.0,1,0.48823175,0.48829335,1.0117595,0.09732861,0.09732861,1.0,6.1601124e-05,0.00063291896,-26.342213,2.2259154,0.74197185,0.192,0.0,0.15202682,3.679997,3.689997,1184000
hardzero_plus_depr__c0p60__z1p05__lam0p010__nu0p50__psi0p75,hardzero_plus_depr,0.01,34,370,0.0,1,0.48829335,0.48835912,0.9800762,0.104694486,0.104694486,1.0,6.576802e-05,0.00062818994,-26.319809,2.1562107,0.7187369,0.17600001,0.0,0.12935688,3.689997,3.699997,1187200
hardzero_plus_depr__c0p60__z1p05__lam0p010__nu0p50__psi0p75,hardzero_plus_depr,0.01,34,371,0.0,1,0.48835912,0.48842415,0.9816746,0.104309864,0.104309864,1.0,6.50368e-05,0.0006234962,-26.57576,2.1597273,0.71990913,0.208,0.0,0.1728922,3.699997,3.709997,1190400
hardzero_plus_depr__c0p60__z1p05__lam0p010__nu0p50__psi0p75,hardzero_plus_depr,0.01,34,372,0.0,1,0.48842415,0.48848128,1.0347036,0.09232011,0.09232011,1.0,5.7131143e-05,0.0006188375,-26.673477,2.2763934,0.7587978,0.17600001,0.0,0.15242274,3.709997,3.719997,1193600
hardzero_plus_depr__c0p60__z1p05__lam0p010__nu0p50__psi0p75,hardzero_plus_depr,0.01,34,373,0.0,1,0.48848128,0.48848128,1.0748068,0.0,0.08417694,0.0,0.0,0.0006142136,-28.50491,2.364622,0.7882074,0.104,0.0,0.14892799,3.719997,3.729997,1196800
hardzero_plus_depr__c0p60__z1p05__lam0p010__nu0p50__psi0p75,hardzero_plus_depr,0.01,34,374,0.0,1,0.48848128,0.48848128,1.0686408,0.0,0.0853806,0.0,0.0,0.00060962414,-28.673298,2.3510568,0.7836856,0.16000001,0.0,0.16429472,3.729997,3.739997,1200000
hardzero_plus_depr__c0p60__z1p05__lam0p010__nu0p50__psi0p75,hardzero_plus_depr,0.01,34,375,0.0,1,0.48848128,0.48854017,1.0116925,0.09734362,0.09734362,1.0,5.889962e-05,0.0006050691,-26.766146,2.225768,0.74192274,0.15200001,0.0,0.13954118,3.739997,3.749997,1203200
hardzero_plus_depr__c0p60__z1p05__lam0p010__nu0p50__psi0p75,hardzero_plus_depr,0.01,34,376,0.0,1,0.48854017,0.48860154,0.99068636,0.10216771,0.10216771,1.0,6.135662e-05,0.0006005481,-27.237108,2.1795535,0.72651786,0.17600001,0.0,0.16498105,3.749997,3.759997,1206400
hardzero_plus_depr__c0p60__z1p05__lam0p010__nu0p50__psi0p75,hardzero_plus_depr,0.01,34,377,0.0,1,0.48860154,0.48860154,1.0764108,0.0,0.083866626,0.0,0.0,0.00059606077,-28.152287,2.368151,0.78938365,0.17999999,0.0,0.1369526,3.759997,3.769997,1209600
hardzero_plus_depr__c0p60__z1p05__lam0p010__nu0p50__psi0p75,hardzero_plus_depr,0.01,34,378,0.0,1,0.48860154,0.48866045,1.0017565,0.09959636,0.09959636,1.0,5.892191e-05,0.00059160707,-26.925678,2.2039084,0.7346362,0.14400001,0.0,0.12668338,3.769997,3.7799969,1212800
hardzero_plus_depr__c0p60__z1p05__lam0p010__nu0p50__psi0p75,hardzero_plus_depr,0.01,34,379,0.0,1,0.48866045,0.4887152,1.0303273,0.093255125,0.093255125,1.0,5.475816e-05,0.0005871866,-27.26365,2.2667654,0.7555885,0.14400001,0.0,0.14088288,3.7799969,3.7899969,1216000
hardzero_plus_depr__c0p60__z1p05__lam0p010__nu0p50__psi0p75,hardzero_plus_depr,0.01,34,380,0.0,1,0.4887152,0.4887152,1.0607743,0.0,0.0869412,0.0,0.0,0.0005827992,-27.749401,2.33375,0.77791667,0.18400002,0.0,0.19284862,3.7899969,3.7999969,1219200
hardzero_plus_depr__c0p60__z1p05__lam0p010__nu0p50__psi0p75,hardzero_plus_depr,0.01,34,381,0.0,1,0.4887152,0.4887152,1.0816609,0.0,0.08285888,0.0,0.0,0.0005784447,-27.731087,2.3797014,0.7932338,0.120000005,0.0,0.1694456,3.7999969,3.8099968,1222400
hardzero_plus_depr__c0p60__z1p05__lam0p010__nu0p50__psi0p75,hardzero_plus_depr,0.01,34,382,0.0,1,0.4887152,0.4887704,1.0171307,0.096132286,0.096132286,1.0,5.51917e-05,0.0005741224,-26.855574,2.2377324,0.7459108,0.16800001,0.0,0.13818397,3.8099968,3.8199968,1225600
hardzero_plus_depr__c0p60__z1p05__lam0p010__nu0p50__psi0p75,hardzero_plus_depr,0.01,34,383,0.0,1,0.4887704,0.48882854,0.9912968,0.10202418,0.10202418,1.0,5.813671e-05,0.0005698326,-26.659546,2.1808965,0.72696555,0.192,0.0,0.20565863,3.8199968,3.8299968,1228800
hardzero_plus_depr__c0p60__z1p05__lam0p010__nu0p50__psi0p75,hardzero_plus_depr,0.01,34,384,0.0,1,0.48882854,0.48888594,0.99351895,0.1015035,0.1015035,1.0,5.7407833e-05,0.0005655749,-26.407799,2.1857853,0.72859514,0.08800001,0.0,0.13800298,3.8299968,3.8399968,1232000
hardzero_plus_depr__c0p60__z1p05__lam0p010__nu0p50__psi0p75,hardzero_plus_depr,0.01,34,385,0.0,1,0.48888594,0.4889409,1.0092041,0.09790296,0.09790296,1.0,5.495772e-05,0.0005613489,-27.090076,2.2202935,0.7400979,0.16800001,0.0,0.16172913,3.8399968,3.8499968,1235200
hardzero_plus_depr__c0p60__z1p05__lam0p010__nu0p50__psi0p75,hardzero_plus_depr,0.01,34,386,0.0,1,0.4889409,0.4889949,1.0135517,0.096927784,0.096927784,1.0,5.4003754e-05,0.00055715453,-26.830256,2.2298584,0.74328613,0.15200001,0.0,0.14483109,3.8499968,3.8599968,1238400
hardzero_plus_depr__c0p60__z1p05__lam0p010__nu0p50__psi0p75,hardzero_plus_depr,0.01,34,387,0.0,1,0.4889949,0.4890487,1.0118731,0.09730314,0.09730314,1.0,5.3807817e-05,0.0005529916,-27.665405,2.2261653,0.7420551,0.15200001,0.0,0.15890028,3.8599968,3.8699968,1241600
hardzero_plus_depr__c0p60__z1p05__lam0p010__nu0p50__psi0p75,hardzero_plus_depr,0.01,34,388,0.0,1,0.4890487,0.4890487,1.0772731,0.0,0.08370027,0.0,0.0,0.0005488597,-28.366028,2.3700483,0.7900161,0.104,0.0,0.17938845,3.8699968,3.8799968,1244800
hardzero_plus_depr__c0p60__z1p05__lam0p010__nu0p50__psi0p75,hardzero_plus_depr,0.01,34,389,0.0,1,0.4890487,0.4891009,1.0183626,0.095859975,0.095859975,1.0,5.2220556e-05,0.0005447587,-26.681406,2.2404425,0.7468142,0.128,0.0,0.15378596,3.8799968,3.8899968,1248000
hardzero_plus_depr__c0p60__z1p05__lam0p010__nu0p50__psi0p75,hardzero_plus_depr,0.01,34,390,0.0,1,0.4891009,0.4891541,1.0070013,0.09840081,0.09840081,1.0,5.320416e-05,0.0005406882,-26.805422,2.215447,0.73848236,0.13,0.0,0.14808443,3.8899968,3.8999968,1251200
hardzero_plus_depr__c0p60__z1p05__lam0p010__nu0p50__psi0p75,hardzero_plus_depr,0.01,34,391,0.0,1,0.4891541,0.48921317,0.9584083,0.11005042,0.11005042,1.0,5.905836e-05,0.0005366482,-25.900703,2.1085403,0.70284677,0.16000001,0.0,0.11525913,3.8999968,3.9099967,1254400
hardzero_plus_depr__c0p60__z1p05__lam0p010__nu0p50__psi0p75,hardzero_plus_depr,0.01,34,392,0.0,1,0.48921317,0.48921317,1.0754211,0.0,0.08405798,0.0,0.0,0.0005326384,-28.682102,2.3659737,0.7886579,0.096,0.0,0.18183391,3.9099967,3.9199967,1257600
hardzero_plus_depr__c0p60__z1p05__lam0p010__nu0p50__psi0p75,hardzero_plus_depr,0.01,34,393,0.0,1,0.48921317,0.4892656,1.0036707,0.09915835,0.09915835,1.0,5.242091e-05,0.00052865857,-27.290773,2.2081196,0.7360399,0.128,0.0,0.1603918,3.9199967,3.9299967,1260800
hardzero_plus_depr__c0p60__z1p05__lam0p010__nu0p50__psi0p75,hardzero_plus_depr,0.01,34,394,0.0,1,0.4892656,0.4892656,1.0846765,0.0,0.08228553,0.0,0.0,0.0005247084,-27.863777,2.386336,0.7954454,0.128,0.0,0.15600608,3.9299967,3.9399967,1264000
hardzero_plus_depr__c0p60__z1p05__lam0p010__nu0p50__psi0p75,hardzero_plus_depr,0.01,34,395,0.0,1,0.4892656,0.48931962,0.9839314,0.10376922,0.10376922,1.0,5.404175e-05,0.00052078784,-27.084066,2.1646924,0.7215642,0.16800001,0.0,0.16972072,3.9399967,3.9499967,1267200
hardzero_plus_depr__c0p60__z1p05__lam0p010__nu0p50__psi0p75,hardzero_plus_depr,0.01,34,396,0.0,1,0.48931962,0.4893684,1.0250889,0.094386764,0.094386764,1.0,4.87882e-05,0.0005168966,-26.619125,2.2552407,0.7517469,0.16800001,0.0,0.13156897,3.9499967,3.9599967,1270400
hardzero_plus_depr__c0p60__z1p05__lam0p010__nu0p50__psi0p75,hardzero_plus_depr,0.01,34,397,0.0,1,0.4893684,0.48941463,1.0453272,0.090089224,0.090089224,1.0,4.6218876e-05,0.00051303447,-27.909275,2.2997658,0.7665886,0.15200001,0.0,0.17049918,3.9599967,3.9699967,1273600
hardzero_plus_depr__c0p60__z1p05__lam0p010__nu0p50__psi0p75,hardzero_plus_depr,0.01,34,398,0.0,1,0.48941463,0.4894629,1.0229903,0.09484395,0.09484395,1.0,4.829463e-05,0.00050920097,-27.452566,2.2506237,0.7502079,0.216,0.0,0.15216596,3.9699967,3.9799967,1276800
hardzero_plus_depr__c0p60__z1p05__lam0p010__nu0p50__psi0p75,hardzero_plus_depr,0.01,34,399,0.0,1,0.4894629,0.48950842,1.0455136,0.09005054,0.09005054,1.0,4.551121e-05,0.0005053963,-27.851574,2.300176,0.7667253,0.072000004,0.0,0.13277617,3.9799967,3.9899967,1280000
hardzero_plus_depr__c0p60__z1p05__lam0p010__nu0p50__psi0p75,hardzero_plus_depr,0.01,34,400,0.0,1,0.48950842,0.4895559,1.023885,0.09464877,0.09464877,1.0,4.7477723e-05,0.00050162006,-27.571873,2.252592,0.750864,0.14400001,0.0,0.16180545,3.9899967,3.9999967,1283200
hardzero_plus_depr__c0p60__z1p05__lam0p010__nu0p50__psi0p75,hardzero_plus_depr,0.01,34,401,0.0,1,0.4895559,0.48960474,1.008234,0.098121904,0.098121904,1.0,4.8852133e-05,0.00049787184,-26.767044,2.2181592,0.73938644,0.128,0.0,0.12610416,3.9999967,4.009997,1286400
hardzero_plus_depr__c0p60__z1p05__lam0p010__nu0p50__psi0p75,hardzero_plus_depr,0.01,34,402,0.0,1,0.48960474,0.48965502,0.9924148,0.1017619,0.1017619,1.0,5.028582e-05,0.0004941517,-26.61836,2.183356,0.72778535,0.17600001,0.0,0.13699427,4.009997,4.019997,1289600
hardzero_plus_depr__c0p60__z1p05__lam0p010__nu0p50__psi0p75,hardzero_plus_depr,0.01,34,403,0.0,1,0.48965502,0.48970264,1.0128282,0.09708938,0.09708938,1.0,4.7618392e-05,0.0004904593,-26.534443,2.2282667,0.7427556,0.14,0.0,0.14911626,4.019997,4.0299973,1292800
hardzero_plus_depr__c0p60__z1p05__lam0p010__nu0p50__psi0p75,hardzero_plus_depr,0.01,34,404,0.0,1,0.48970264,0.48974982,1.0135659,0.09692461,0.09692461,1.0,4.7182377e-05,0.0004867946,-26.60612,2.2298894,0.7432965,0.23200001,0.0,0.18686979,4.0299973,4.0399976,1296000
hardzero_plus_depr__c0p60__z1p05__lam0p010__nu0p50__psi0p75,hardzero_plus_depr,0.01,34,405,0.0,1,0.48974982,0.48979667,1.013421,0.096956946,0.096956946,1.0,4.6845445e-05,0.0004831572,-26.533485,2.2295709,0.7431903,0.120000005,0.0,0.14421469,4.0399976,4.049998,1299200
hardzero_plus_depr__c0p60__z1p05__lam0p010__nu0p50__psi0p75,hardzero_plus_depr,0.01,34,406,0.0,1,0.48979667,0.48984182,1.0260681,0.09417419,0.09417419,1.0,4.516095e-05,0.000479547,-26.964045,2.2573948,0.75246495,0.192,0.0,0.1490216,4.049998,4.059998,1302400
hardzero_plus_depr__c0p60__z1p05__lam0p010__nu0p50__psi0p75,hardzero_plus_depr,0.01,34,407,0.0,1,0.48984182,0.48984182,1.0533897,0.0,0.08843216,0.0,0.0,0.00047596378,-27.700321,2.3175035,0.7725012,0.120000005,0.0,0.15276429,4.059998,4.0699983,1305600
hardzero_plus_depr__c0p60__z1p05__lam0p010__nu0p50__psi0p75,hardzero_plus_depr,0.01,34,408,0.0,1,0.48984182,0.48989016,0.9899072,0.102351174,0.102351174,1.0,4.835144e-05,0.0004724073,-25.570988,2.1778393,0.7259464,0.16800001,0.0,0.13069914,4.0699983,4.0799985,1308800
hardzero_plus_depr__c0p60__z1p05__lam0p010__nu0p50__psi0p75,hardzero_plus_depr,0.01,34,409,0.0,1,0.48989016,0.48993215,1.0478919,0.08955878,0.08955878,1.0,4.1992087e-05,0.0004688774,-27.520544,2.3054082,0.76846945,0.112,0.0,0.15759258,4.0799985,4.0899987,1312000
hardzero_plus_depr__c0p60__z1p05__lam0p010__nu0p50__psi0p75,hardzero_plus_depr,0.01,34,410,0.0,1,0.48993215,0.4899783,1.0033972,0.0992208,0.0992208,1.0,4.617477e-05,0.00046537392,-26.844215,2.2075179,0.7358393,0.136,0.0,0.11606682,4.0899987,4.099999,1315200
hardzero_plus_depr__c0p60__z1p05__lam0p010__nu0p50__psi0p75,hardzero_plus_depr,0.01,34,411,0.0,1,0.4899783,0.49002054,1.0389568,0.091420434,0.091420434,1.0,4.2226784e-05,0.00046189656,-27.052822,2.2857506,0.7619169,0.112,0.0,0.143152,4.099999,4.109999,1318400
hardzero_plus_depr__c0p60__z1p05__lam0p010__nu0p50__psi0p75,hardzero_plus_depr,0.01,34,412,0.0,1,0.49002054,0.49006402,1.0229201,0.09485928,0.09485928,1.0,4.348779e-05,0.00045844528,-27.667824,2.2504692,0.7501564,0.112,0.0,0.14600502,4.109999,4.1199994,1321600
hardzero_plus_depr__c0p60__z1p05__lam0p010__nu0p50__psi0p75,hardzero_plus_depr,0.01,34,413,0.0,1,0.49006402,0.49006402,1.0918261,0.0,0.08094198,0.0,0.0,0.00045501968,-28.300152,2.4020653,0.80068845,0.208,0.0,0.18494195,4.1199994,4.1299996,1324800
hardzero_plus_depr__c0p60__z1p05__lam0p010__nu0p50__psi0p75,hardzero_plus_depr,0.01,34,414,0.0,1,0.49006402,0.49010533,1.0387868,0.091456205,0.091456205,1.0,4.130343e-05,0.00045161974,-27.294529,2.2853765,0.7617922,0.096,0.0,0.1552931,4.1299996,4.14,1328000
hardzero_plus_depr__c0p60__z1p05__lam0p010__nu0p50__psi0p75,hardzero_plus_depr,0.01,34,415,0.0,1,0.49010533,0.49010533,1.1093469,0.0,0.07774153,0.0,0.0,0.0004482452,-28.76171,2.4406118,0.8135373,0.072000004,0.0,0.15458313,4.14,4.15,1331200
hardzero_plus_depr__c0p60__z1p05__lam0p010__nu0p50__psi0p75,hardzero_plus_depr,0.01,34,416,0.0,1,0.49010533,0.49014837,1.0143037,0.0967601,0.0967601,1.0,4.3048167e-05,0.00044489585,-26.764633,2.2315128,0.7438376,0.16,0.0,0.13226213,4.15,4.1600003,1334400
hardzero_plus_depr__c0p60__z1p05__lam0p010__nu0p50__psi0p75,hardzero_plus_depr,0.01,34,417,0.0,1,0.49014837,0.49019265,0.9987533,0.10028747,0.10028747,1.0,4.4284086e-05,0.0004415715,-26.491735,2.1973011,0.73243374,0.15200001,0.0,0.13277213,4.1600003,4.1700006,1337600
hardzero_plus_depr__c0p60__z1p05__lam0p010__nu0p50__psi0p75,hardzero_plus_depr,0.01,34,418,0.0,1,0.49019265,0.49023432,1.0220737,0.09504433,0.09504433,1.0,4.1655272e-05,0.00043827205,-26.791498,2.2486072,0.74953574,0.136,0.0,0.1464311,4.1700006,4.180001,1340800
hardzero_plus_depr__c0p60__z1p05__lam0p010__nu0p50__psi0p75,hardzero_plus_depr,0.01,34,419,0.0,1,0.49023432,0.49027452,1.0343225,0.09240117,0.09240117,1.0,4.019425e-05,0.00043499717,-27.951248,2.275555,0.75851834,0.16800001,0.0,0.16403899,4.180001,4.190001,1344000
hardzero_plus_depr__c0p60__z1p05__lam0p010__nu0p50__psi0p75,hardzero_plus_depr,0.01,34,420,0.0,1,0.49027452,0.49031344,1.0451947,0.090116695,0.090116695,1.0,3.8907605e-05,0.0004317469,-27.303715,2.2994742,0.7664914,0.18400002,0.0,0.18193404,4.190001,4.2000012,1347200
hardzero_plus_depr__c0p60__z1p05__lam0p010__nu0p50__psi0p75,hardzero_plus_depr,0.01,34,421,0.0,1,0.49031344,0.49035388,1.0250717,0.094390504,0.094390504,1.0,4.0448296e-05,0.0004285208,-27.07356,2.2552028,0.75173426,0.136,0.0,0.17376058,4.2000012,4.2100015,1350400
hardzero_plus_depr__c0p60__z1p05__lam0p010__nu0p50__psi0p75,hardzero_plus_depr,0.01,34,422,0.0,1,0.49035388,0.49035388,1.107275,0.0,0.0781133,0.0,0.0,0.00042531884,-28.546095,2.4360538,0.8120179,0.096,0.0,0.16612633,4.2100015,4.2200017,1353600
hardzero_plus_depr__c0p60__z1p05__lam0p010__nu0p50__psi0p75,hardzero_plus_depr,0.01,34,423,0.0,1,0.49035388,0.49039266,1.0369395,0.09184606,0.09184606,1.0,3.877197e-05,0.00042214085,-27.375046,2.2813125,0.7604375,0.18400002,0.0,0.14579,4.2200017,4.230002,1356800
hardzero_plus_depr__c0p60__z1p05__lam0p010__nu0p50__psi0p75,hardzero_plus_depr,0.01,34,424,0.0,1,0.49039266,0.4904356,0.98923117,0.10251062,0.10251062,1.0,4.2950567e-05,0.0004189865,-26.677654,2.176352,0.7254507,0.16800001,0.0,0.15832613,4.230002,4.240002,1360000
hardzero_plus_depr__c0p60__z1p05__lam0p010__nu0p50__psi0p75,hardzero_plus_depr,0.01,34,425,0.0,1,0.4904356,0.4904356,1.0858891,0.0,0.0820561,0.0,0.0,0.00041585581,-28.380735,2.3890038,0.7963346,0.136,0.0,0.15446496,4.240002,4.2500024,1363200
hardzero_plus_depr__c0p60__z1p05__lam0p010__nu0p50__psi0p75,hardzero_plus_depr,0.01,34,426,0.0,1,0.4904356,0.4904777,0.99123937,0.10203769,0.10203769,1.0,4.2115906e-05,0.00041274852,-26.97576,2.1807702,0.7269234,0.16000001,0.0,0.1282468,4.2500024,4.2600026,1366400
hardzero_plus_depr__c0p60__z1p05__lam0p010__nu0p50__psi0p75,hardzero_plus_depr,0.01,34,427,0.0,1,0.4904777,0.49051648,1.0239646,0.09463142,0.09463142,1.0,3.876712e-05,0.00040966438,-27.661623,2.2527673,0.75092244,0.216,0.0,0.16776818,4.2600026,4.270003,1369600
hardzero_plus_depr__c0p60__z1p05__lam0p010__nu0p50__psi0p75,hardzero_plus_depr,0.01,34,428,0.0,1,0.49051648,0.49051648,1.0915785,0.0,0.08098816,0.0,0.0,0.00040660333,-28.009464,2.4015205,0.80050683,0.14400001,0.0,0.16844714,4.270003,4.280003,1372800
hardzero_plus_depr__c0p60__z1p05__lam0p010__nu0p50__psi0p75,hardzero_plus_depr,0.01,34,429,0.0,1,0.49051648,0.49055356,1.0367162,0.09189328,0.09189328,1.0,3.7084923e-05,0.00040356515,-26.996723,2.2808213,0.7602738,0.14999999,0.0,0.15555753,4.280003,4.2900033,1376000
hardzero_plus_depr__c0p60__z1p05__lam0p010__nu0p50__psi0p75,hardzero_plus_depr,0.01,34,430,0.0,1,0.49055356,0.49055356,1.0622582,0.0,0.08664465,0.0,0.0,0.00040054967,-27.634272,2.337015,0.779005,0.14400001,0.0,0.15381145,4.2900033,4.3000035,1379200
hardzero_plus_depr__c0p60__z1p05__lam0p010__nu0p50__psi0p75,hardzero_plus_depr,0.01,34,431,0.0,1,0.49055356,0.49059322,1.0011178,0.099742934,0.099742934,1.0,3.9653474e-05,0.00039755672,-26.94809,2.2025032,0.73416775,0.14400001,0.0,0.12871283,4.3000035,4.3100038,1382400
hardzero_plus_depr__c0p60__z1p05__lam0p010__nu0p50__psi0p75,hardzero_plus_depr,0.01,34,432,0.0,1,0.49059322,0.4906311,1.0178745,0.09596779,0.09596779,1.0,3.7867558e-05,0.0003945861,-26.591635,2.2393687,0.74645627,0.120000005,0.0,0.1582198,4.3100038,4.320004,1385600
hardzero_plus_depr__c0p60__z1p05__lam0p010__nu0p50__psi0p75,hardzero_plus_depr,0.01,34,433,0.0,1,0.4906311,0.4906311,1.0902324,0.0,0.081239566,0.0,0.0,0.00039163776,-28.260344,2.398559,0.7995197,0.104,0.0,0.15715282,4.320004,4.330004,1388800
hardzero_plus_depr__c0p60__z1p05__lam0p010__nu0p50__psi0p75,hardzero_plus_depr,0.01,34,434,0.0,1,0.4906311,0.4906707,0.99175835,0.10191583,0.10191583,1.0,3.961584e-05,0.00038871134,-26.428474,2.181912,0.727304,0.2,0.0,0.15244175,4.330004,4.3400044,1392000
hardzero_plus_depr__c0p60__z1p05__lam0p010__nu0p50__psi0p75,hardzero_plus_depr,0.01,34,435,0.0,1,0.4906707,0.4906707,1.0637118,0.0,0.086355135,0.0,0.0,0.0003858069,-27.949345,2.3402126,0.7800709,0.08800001,0.0,0.14470094,4.3400044,4.3500047,1395200
hardzero_plus_depr__c0p60__z1p05__lam0p010__nu0p50__psi0p75,hardzero_plus_depr,0.01,34,436,0.0,1,0.4906707,0.4906707,1.0606546,0.0,0.086965166,0.0,0.0,0.00038292407,-27.328402,2.3334868,0.77782893,0.16000001,0.0,0.1412344,4.3500047,4.360005,1398400
hardzero_plus_depr__c0p60__z1p05__lam0p010__nu0p50__psi0p75,hardzero_plus_depr,0.01,34,437,0.0,1,0.4906707,0.4906707,1.1046535,0.0,0.07858625,0.0,0.0,0.0003800628,-28.017393,2.4302862,0.8100954,0.128,0.0,0.18096851,4.360005,4.370005,1401600
hardzero_plus_depr__c0p60__z1p05__lam0p010__nu0p50__psi0p75,hardzero_plus_depr,0.01,34,438,0.0,1,0.4906707,0.49070933,0.9898586,0.10236261,0.10236261,1.0,3.8613525e-05,0.00037722295,-27.006174,2.1777325,0.72591084,0.18400002,0.0,0.14215632,4.370005,4.3800054,1404800
hardzero_plus_depr__c0p60__z1p05__lam0p010__nu0p50__psi0p75,hardzero_plus_depr,0.01,34,439,0.0,1,0.49070933,0.49074468,1.0248744,0.09443338,0.09443338,1.0,3.5356265e-05,0.0003744043,-27.200497,2.2547688,0.75158966,0.16800001,0.0,0.13052465,4.3800054,4.3900056,1408000
hardzero_plus_depr__c0p60__z1p05__lam0p010__nu0p50__psi0p75,hardzero_plus_depr,0.01,34,440,0.0,1,0.49074468,0.49074468,1.0842668,0.0,0.082363196,0.0,0.0,0.0003716067,-28.053509,2.3854346,0.7951449,0.136,0.0,0.19020306,4.3900056,4.400006,1411200
hardzero_plus_depr__c0p60__z1p05__lam0p010__nu0p50__psi0p75,hardzero_plus_depr,0.01,34,441,0.0,1,0.49074468,0.49077842,1.0388718,0.09143833,0.09143833,1.0,3.3725202e-05,0.00036883002,-28.255497,2.2855635,0.7618545,0.2,0.0,0.2029566,4.400006,4.410006,1414400
hardzero_plus_depr__c0p60__z1p05__lam0p010__nu0p50__psi0p75,hardzero_plus_depr,0.01,34,442,0.0,1,0.49077842,0.49081185,1.0394244,0.09132203,0.09132203,1.0,3.3430624e-05,0.00036607406,-28.411276,2.2867794,0.76225984,0.13,0.0,0.17668319,4.410006,4.4200063,1417600
hardzero_plus_depr__c0p60__z1p05__lam0p010__nu0p50__psi0p75,hardzero_plus_depr,0.01,34,443,0.0,1,0.49081185,0.4908482,0.99985415,0.100033596,0.100033596,1.0,3.6346082e-05,0.00036333874,-26.968056,2.199723,0.733241,0.2,0.0,0.15293175,4.4200063,4.4300065,1420800
hardzero_plus_depr__c0p60__z1p05__lam0p010__nu0p50__psi0p75,hardzero_plus_depr,0.01,34,444,0.0,1,0.4908482,0.4908482,1.0989386,0.0,0.0796272,0.0,0.0,0.00036062382,-29.28825,2.4177132,0.8059044,0.120000005,0.0,0.15670557,4.4300065,4.4400067,1424000
hardzero_plus_depr__c0p60__z1p05__lam0p010__nu0p50__psi0p75,hardzero_plus_depr,0.01,34,445,0.0,1,0.4908482,0.49088323,1.0096332,0.09780628,0.09780628,1.0,3.5007724e-05,0.0003579292,-27.500986,2.2212374,0.7404125,0.17600001,0.0,0.15220357,4.4400067,4.450007,1427200
hardzero_plus_depr__c0p60__z1p05__lam0p010__nu0p50__psi0p75,hardzero_plus_depr,0.01,34,446,0.0,1,0.49088323,0.4909163,1.0309733,0.093116514,0.093116514,1.0,3.308008e-05,0.0003552547,-27.396055,2.2681866,0.7560622,0.18400002,0.0,0.1497035,4.450007,4.460007,1430400
hardzero_plus_depr__c0p60__z1p05__lam0p010__nu0p50__psi0p75,hardzero_plus_depr,0.01,34,447,0.0,1,0.4909163,0.49094954,1.0259026,0.09421008,0.09421008,1.0,3.321849e-05,0.00035260018,-27.037868,2.257031,0.75234365,0.120000005,0.0,0.1338884,4.460007,4.4700074,1433600
hardzero_plus_depr__c0p60__z1p05__lam0p010__nu0p50__psi0p75,hardzero_plus_depr,0.01,34,448,0.0,1,0.49094954,0.49094954,1.1302994,0.0,0.07407994,0.0,0.0,0.00034996553,-28.519325,2.4867084,0.82890284,0.112,0.0,0.1746056,4.4700074,4.4800076,1436800
hardzero_plus_depr__c0p60__z1p05__lam0p010__nu0p50__psi0p75,hardzero_plus_depr,0.01,34,449,0.0,1,0.49094954,0.4909809,1.0443159,0.09029923,0.09029923,1.0,3.1365482e-05,0.00034735052,-28.374998,2.297541,0.76584697,0.17600001,0.0,0.16254693,4.4800076,4.490008,1440000
hardzero_plus_depr__c0p60__z1p05__lam0p010__nu0p50__psi0p75,hardzero_plus_depr,0.01,34,450,0.0,1,0.4909809,0.4910122,1.0422035,0.09073951,0.09073951,1.0,3.128291e-05,0.00034475513,-28.157019,2.2928936,0.7642979,0.16800001,0.0,0.16439761,4.490008,4.500008,1443200
hardzero_plus_depr__c0p60__z1p05__lam0p010__nu0p50__psi0p75,hardzero_plus_depr,0.01,34,451,0.0,1,0.4910122,0.4910122,1.0635866,0.0,0.086380035,0.0,0.0,0.00034217903,-28.208342,2.3399372,0.7799791,0.15200001,0.0,0.15796912,4.500008,4.5100083,1446400
hardzero_plus_depr__c0p60__z1p05__lam0p010__nu0p50__psi0p75,hardzero_plus_depr,0.01,34,452,0.0,1,0.4910122,0.4910122,1.0764108,0.0,0.083866626,0.0,0.0,0.00033962226,-27.995817,2.368151,0.78938365,0.120000005,0.0,0.16240774,4.5100083,4.5200086,1449600
hardzero_plus_depr__c0p60__z1p05__lam0p010__nu0p50__psi0p75,hardzero_plus_depr,0.01,34,453,0.0,1,0.4910122,0.49104425,1.0216429,0.09513866,0.09513866,1.0,3.2069773e-05,0.00033708455,-27.274912,2.2476592,0.7492198,0.16800001,0.0,0.15586588,4.5200086,4.530009,1452800
hardzero_plus_depr__c0p60__z1p05__lam0p010__nu0p50__psi0p75,hardzero_plus_depr,0.01,34,454,0.0,1,0.49104425,0.49107453,1.0433713,0.09049585,0.09049585,1.0,3.0276817e-05,0.00033456582,-26.762981,2.2954628,0.7651543,0.15200001,0.0,0.15109058,4.530009,4.540009,1456000
hardzero_plus_depr__c0p60__z1p05__lam0p010__nu0p50__psi0p75,hardzero_plus_depr,0.01,34,455,0.0,1,0.49107453,0.49107453,1.061906,0.0,0.08671495,0.0,0.0,0.00033206592,-27.986376,2.3362398,0.7787466,0.14999999,0.0,0.15763412,4.540009,4.5500093,1459200
hardzero_plus_depr__c0p60__z1p05__lam0p010__nu0p50__psi0p75,hardzero_plus_depr,0.01,34,456,0.0,1,0.49107453,0.4911045,1.041002,0.0909909,0.0909909,1.0,2.9989209e-05,0.0003295847,-28.120443,2.2902503,0.76341677,0.15200001,0.0,0.16432753,4.5500093,4.5600095,1462400
hardzero_plus_depr__c0p60__z1p05__lam0p010__nu0p50__psi0p75,hardzero_plus_depr,0.01,34,457,0.0,1,0.4911045,0.4911363,1.0123408,0.09719842,0.09719842,1.0,3.1795742e-05,0.000327122,-27.184753,2.227194,0.742398,0.16000001,0.0,0.14691591,4.5600095,4.5700097,1465600
hardzero_plus_depr__c0p60__z1p05__lam0p010__nu0p50__psi0p75,hardzero_plus_depr,0.01,34,458,0.0,1,0.4911363,0.49116728,1.0204215,0.09540661,0.09540661,1.0,3.0976396e-05,0.0003246777,-27.561895,2.2449722,0.7483241,0.224,0.0,0.15829894,4.5700097,4.58001,1468800
hardzero_plus_depr__c0p60__z1p05__lam0p010__nu0p50__psi0p75,hardzero_plus_depr,0.01,34,459,0.0,1,0.49116728,0.4911965,1.0422025,0.09073973,0.09073973,1.0,2.9241026e-05,0.00032225164,-27.876394,2.2928913,0.7642971,0.16800001,0.0,0.16108625,4.58001,4.59001,1472000
hardzero_plus_depr__c0p60__z1p05__lam0p010__nu0p50__psi0p75,hardzero_plus_depr,0.01,34,460,0.0,1,0.4911965,0.4911965,1.0694975,0.0,0.085212335,0.0,0.0,0.00031984373,-28.108912,2.3529415,0.78431386,0.136,0.0,0.17503026,4.59001,4.6000104,1475200
hardzero_plus_depr__c0p60__z1p05__lam0p010__nu0p50__psi0p75,hardzero_plus_depr,0.01,34,461,0.0,1,0.4911965,0.4912271,1.0162596,0.0963253,0.0963253,1.0,3.0578838e-05,0.00031745384,-26.697083,2.2358155,0.74527186,0.18400002,0.0,0.13873172,4.6000104,4.6100106,1478400
hardzero_plus_depr__c0p60__z1p05__lam0p010__nu0p50__psi0p75,hardzero_plus_depr,0.01,34,462,0.0,1,0.4912271,0.4912588,0.99737537,0.10060617,0.10060617,1.0,3.169917e-05,0.0003150818,-26.005253,2.1942697,0.73142326,0.192,0.0,0.13192113,4.6100106,4.620011,1481600
hardzero_plus_depr__c0p60__z1p05__lam0p010__nu0p50__psi0p75,hardzero_plus_depr,0.01,34,463,0.0,1,0.4912588,0.49129164,0.9788894,0.104980975,0.104980975,1.0,3.2830434e-05,0.00031272747,-26.463438,2.1535997,0.7178666,0.17600001,0.0,0.13504504,4.620011,4.630011,1484800
hardzero_plus_depr__c0p60__z1p05__lam0p010__nu0p50__psi0p75,hardzero_plus_depr,0.01,34,464,0.0,1,0.49129164,0.49131954,1.0464671,0.08985307,0.08985307,1.0,2.7889559e-05,0.00031039072,-27.147028,2.3022735,0.7674245,0.136,0.0,0.15370148,4.630011,4.6400113,1488000
hardzero_plus_depr__c0p60__z1p05__lam0p010__nu0p50__psi0p75,hardzero_plus_depr,0.01,34,465,0.0,1,0.49131954,0.49134734,1.044502,0.09026055,0.09026055,1.0,2.78067e-05,0.00030807147,-27.856592,2.2979503,0.76598346,0.104,0.0,0.16000131,4.6400113,4.6500115,1491200
hardzero_plus_depr__c0p60__z1p05__lam0p010__nu0p50__psi0p75,hardzero_plus_depr,0.01,34,466,0.0,1,0.49134734,0.49137673,1.0173603,0.096081465,0.096081465,1.0,2.9378782e-05,0.0003057695,-26.787409,2.2382374,0.74607915,0.16800001,0.0,0.14898856,4.6500115,4.660012,1494400
hardzero_plus_depr__c0p60__z1p05__lam0p010__nu0p50__psi0p75,hardzero_plus_depr,0.01,34,467,0.0,1,0.49137673,0.4914047,1.0350746,0.0922413,0.0922413,1.0,2.799383e-05,0.00030348476,-27.87131,2.2772095,0.75906986,0.192,0.0,0.18374698,4.660012,4.670012,1497600
hardzero_plus_depr__c0p60__z1p05__lam0p010__nu0p50__psi0p75,hardzero_plus_depr,0.01,34,468,0.0,1,0.4914047,0.4914047,1.0671602,0.0,0.08567216,0.0,0.0,0.0003012171,-28.669075,2.3477995,0.78259987,0.12,0.0,0.17700998,4.670012,4.680012,1500800
hardzero_plus_depr__c0p60__z1p05__lam0p010__nu0p50__psi0p75,hardzero_plus_depr,0.01,34,469,0.0,1,0.4914047,0.4914047,1.0516275,0.0,0.08879173,0.0,0.0,0.00029896636,-28.11215,2.3136268,0.77120894,0.128,0.0,0.15502486,4.680012,4.6900125,1504000
hardzero_plus_depr__c0p60__z1p05__lam0p010__nu0p50__psi0p75,hardzero_plus_depr,0.01,34,470,0.0,1,0.4914047,0.49143577,0.98005635,0.10469928,0.10469928,1.0,3.1067673e-05,0.00029673247,-25.986017,2.156167,0.71872234,0.23200001,0.0,0.16448098,4.6900125,4.7000127,1507200
hardzero_plus_depr__c0p60__z1p05__lam0p010__nu0p50__psi0p75,hardzero_plus_depr,0.01,34,471,0.0,1,0.49143577,0.49143577,1.09791,0.0,0.079816,0.0,0.0,0.00029451525,-29.032082,2.4154503,0.80515015,0.072000004,0.0,0.17442477,4.7000127,4.710013,1510400
hardzero_plus_depr__c0p60__z1p05__lam0p010__nu0p50__psi0p75,hardzero_plus_depr,0.01,34,472,0.0,1,0.49143577,0.49143577,1.0838493,0.0,0.08244241,0.0,0.0,0.0002923146,-27.781244,2.384516,0.79483867,0.120000005,0.0,0.15696162,4.710013,4.720013,1513600
hardzero_plus_depr__c0p60__z1p05__lam0p010__nu0p50__psi0p75,hardzero_plus_depr,0.01,34,473,0.0,1,0.49143577,0.49146166,1.0495152,0.089224644,0.089224644,1.0,2.588678e-05,0.00029013038,-27.813032,2.3089797,0.76965994,0.18400002,0.0,0.15361395,4.720013,4.7300134,1516800
hardzero_plus_depr__c0p60__z1p05__lam0p010__nu0p50__psi0p75,hardzero_plus_depr,0.01,34,474,0.0,1,0.49146166,0.49146166,1.0558448,0.0,0.08793366,0.0,0.0,0.00028796247,-26.949865,2.3229048,0.77430165,0.136,0.0,0.15014534,4.7300134,4.7400136,1520000
hardzero_plus_depr__c0p60__z1p05__lam0p010__nu0p50__psi0p75,hardzero_plus_depr,0.01,34,475,0.0,1,0.49146166,0.49148867,1.0245711,0.09449937,0.09449937,1.0,2.700894e-05,0.0002858108,-27.410809,2.2541013,0.7513671,0.128,0.0,0.1422649,4.7400136,4.750014,1523200
hardzero_plus_depr__c0p60__z1p05__lam0p010__nu0p50__psi0p75,hardzero_plus_depr,0.01,34,476,0.0,1,0.49148867,0.49151435,1.0431997,0.09053163,0.09053163,1.0,2.5681577e-05,0.00028367518,-27.290426,2.295085,0.76502836,0.14400001,0.0,0.1426283,4.750014,4.760014,1526400
hardzero_plus_depr__c0p60__z1p05__lam0p010__nu0p50__psi0p75,hardzero_plus_depr,0.01,34,477,0.0,1,0.49151435,0.49154195,1.0085533,0.098049805,0.098049805,1.0,2.7606466e-05,0.00028155555,-26.799086,2.2188616,0.73962057,0.120000005,0.0,0.1436457,4.760014,4.7700143,1529600
hardzero_plus_depr__c0p60__z1p05__lam0p010__nu0p50__psi0p75,hardzero_plus_depr,0.01,34,478,0.0,1,0.49154195,0.49154195,1.0916034,0.0,0.08098351,0.0,0.0,0.00027945172,-28.402824,2.4015753,0.8005251,0.128,0.0,0.1648066,4.7700143,4.7800145,1532800
hardzero_plus_depr__c0p60__z1p05__lam0p010__nu0p50__psi0p75,hardzero_plus_depr,0.01,34,479,0.0,1,0.49154195,0.4915689,1.0126973,0.097118646,0.097118646,1.0,2.6937178e-05,0.0002773636,-27.102755,2.2279787,0.74265957,0.14400001,0.0,0.16774884,4.7800145,4.7900147,1536000
hardzero_plus_depr__c0p60__z1p05__lam0p010__nu0p50__psi0p75,hardzero_plus_depr,0.01,34,480,0.0,1,0.4915689,0.49159458,1.0302039,0.09328161,0.09328161,1.0,2.56796e-05,0.00027529112,-26.353186,2.2664938,0.75549793,0.14400001,0.0,0.15631984,4.7900147,4.800015,1539200
hardzero_plus_depr__c0p60__z1p05__lam0p010__nu0p50__psi0p75,hardzero_plus_depr,0.01,34,481,0.0,1,0.49159458,0.4916199,1.0330309,0.092676386,0.092676386,1.0,2.5322352e-05,0.00027323412,-26.973362,2.2727132,0.7575711,0.17999999,0.0,0.13781442,4.800015,4.810015,1542400
hardzero_plus_depr__c0p60__z1p05__lam0p010__nu0p50__psi0p75,hardzero_plus_depr,0.01,34,482,0.0,1,0.4916199,0.49164453,1.0421283,0.09075524,0.09075524,1.0,2.461214e-05,0.0002711925,-27.940006,2.2927282,0.76424277,0.15200001,0.0,0.14379537,4.810015,4.8200154,1545600
hardzero_plus_depr__c0p60__z1p05__lam0p010__nu0p50__psi0p75,hardzero_plus_depr,0.01,34,483,0.0,1,0.49164453,0.49166945,1.0336628,0.09254163,0.09254163,1.0,2.490907e-05,0.0002691661,-26.882713,2.2741036,0.7580346,0.136,0.0,0.1419807,4.8200154,4.8300157,1548800
hardzero_plus_depr__c0p60__z1p05__lam0p010__nu0p50__psi0p75,hardzero_plus_depr,0.01,34,484,0.0,1,0.49166945,0.49169463,1.025867,0.0942178,0.0942178,1.0,2.5170742e-05,0.00026715486,-26.981499,2.2569525,0.75231755,0.14400001,0.0,0.13510962,4.8300157,4.840016,1552000
hardzero_plus_depr__c0p60__z1p05__lam0p010__nu0p50__psi0p75,hardzero_plus_depr,0.01,34,485,0.0,1,0.49169463,0.49172068,1.0076478,0.09825446,0.09825446,1.0,2.6053023e-05,0.00026515868,-27.134197,2.2168694,0.73895645,0.128,0.0,0.16762085,4.840016,4.850016,1555200
hardzero_plus_depr__c0p60__z1p05__lam0p010__nu0p50__psi0p75,hardzero_plus_depr,0.01,34,486,0.0,1,0.49172068,0.4917455,1.0255371,0.0942894,0.0942894,1.0,2.4814835e-05,0.00026317735,-27.536972,2.2562268,0.7520756,0.16800001,0.0,0.16765535,4.850016,4.8600163,1558400
hardzero_plus_depr__c0p60__z1p05__lam0p010__nu0p50__psi0p75,hardzero_plus_depr,0.01,34,487,0.0,1,0.4917455,0.49176952,1.0364625,0.091946974,0.091946974,1.0,2.4017549e-05,0.00026121087,-26.87709,2.2802632,0.7600877,0.18400002,0.0,0.14557661,4.8600163,4.8700166,1561600
hardzero_plus_depr__c0p60__z1p05__lam0p010__nu0p50__psi0p75,hardzero_plus_depr,0.01,34,488,0.0,1,0.49176952,0.49176952,1.101711,0.0,0.07912049,0.0,0.0,0.00025925908,-28.92903,2.4238126,0.80793756,0.17600001,0.0,0.17753899,4.8700166,4.880017,1564800
hardzero_plus_depr__c0p60__z1p05__lam0p010__nu0p50__psi0p75,hardzero_plus_depr,0.01,34,489,0.0,1,0.49176952,0.49176952,1.0861969,0.0,0.081997976,0.0,0.0,0.00025732184,-28.04627,2.3896809,0.7965603,0.112,0.0,0.17023198,4.880017,4.890017,1568000
hardzero_plus_depr__c0p60__z1p05__lam0p010__nu0p50__psi0p75,hardzero_plus_depr,0.01,34,490,0.0,1,0.49176952,0.49179572,0.98889714,0.102589495,0.102589495,1.0,2.6201267e-05,0.00025539912,-26.76426,2.1756172,0.7252058,0.208,0.0,0.14828487,4.890017,4.9000173,1571200
hardzero_plus_depr__c0p60__z1p05__lam0p010__nu0p50__psi0p75,hardzero_plus_depr,0.01,34,491,0.0,1,0.49179572,0.49179572,1.0604519,0.0,0.08700577,0.0,0.0,0.00025349075,-27.92193,2.3330407,0.7776803,0.15200001,0.0,0.15062785,4.9000173,4.9100175,1574400
hardzero_plus_depr__c0p60__z1p05__lam0p010__nu0p50__psi0p75,hardzero_plus_depr,0.01,34,492,0.0,1,0.49179572,0.49179572,1.0601348,0.0,0.08706933,0.0,0.0,0.00025159665,-27.907063,2.332343,0.7774477,0.16800001,0.0,0.14834794,4.9100175,4.9200177,1577600
hardzero_plus_depr__c0p60__z1p05__lam0p010__nu0p50__psi0p75,hardzero_plus_depr,0.01,34,493,0.0,1,0.49179572,0.49181882,1.0336174,0.09255131,0.09255131,1.0,2.3111605e-05,0.00024971666,-27.49398,2.2740037,0.75800127,0.096,0.0,0.15461166,4.9200177,4.930018,1580800
hardzero_plus_depr__c0p60__z1p05__lam0p010__nu0p50__psi0p75,hardzero_plus_depr,0.01,34,494,0.0,1,0.49181882,0.49184388,0.9950568,0.10114471,0.10114471,1.0,2.5068792e-05,0.00024785075,-27.62473,2.1891687,0.7297229,0.17999999,0.0,0.13593774,4.930018,4.940018,1584000
hardzero_plus_depr__c0p60__z1p05__lam0p010__nu0p50__psi0p75,hardzero_plus_depr,0.01,34,495,0.0,1,0.49184388,0.49186873,0.99554914,0.101030104,0.101030104,1.0,2.4853283e-05,0.0002459988,-26.67148,2.1902518,0.73008394,0.16800001,0.0,0.14295149,4.940018,4.9500184,1587200
hardzero_plus_depr__c0p60__z1p05__lam0p010__nu0p50__psi0p75,hardzero_plus_depr,0.01,34,496,0.0,1,0.49186873,0.4918932,0.99932396,0.10015578,0.10015578,1.0,2.44541e-05,0.00024416065,-26.963951,2.1985567,0.7328522,0.15200001,0.0,0.1427378,4.9500184,4.9600186,1590400
hardzero_plus_depr__c0p60__z1p05__lam0p010__nu0p50__psi0p75,hardzero_plus_depr,0.01,34,497,0.0,1,0.4918932,0.4918932,1.0562841,0.0,0.087844774,0.0,0.0,0.00024233627,-27.697193,2.3238714,0.7746238,0.16000001,0.0,0.14853694,4.9600186,4.970019,1593600
hardzero_plus_depr__c0p60__z1p05__lam0p010__nu0p50__psi0p75,hardzero_plus_depr,0.01,34,498,0.0,1,0.4918932,0.4919158,1.0272362,0.09392124,0.09392124,1.0,2.2590453e-05,0.0002405255,-27.115906,2.259965,0.75332165,0.18400002,0.0,0.13240881,4.970019,4.980019,1596800
hardzero_plus_depr__c0p60__z1p05__lam0p010__nu0p50__psi0p75,hardzero_plus_depr,0.01,34,499,0.0,1,0.4919158,0.49193832,1.0252335,0.09435533,0.09435533,1.0,2.2525284e-05,0.00023872826,-27.873396,2.2555587,0.7518529,0.16800001,0.0,0.16018139,4.980019,4.9900193,1600000
hardzero_plus_depr__c0p60__z1p05__lam0p010__nu0p50__psi0p75,hardzero_plus_depr,0.01,34,500,0.0,1,0.49193832,0.49196124,1.0145776,0.09669908,0.09669908,1.0,2.291231e-05,0.00023694446,-27.544687,2.2321153,0.74403846,0.18400002,0.0,0.16652954,4.9900193,5.0000196,1603200
hardzero_plus_depr__c0p60__z1p05__lam0p010__nu0p50__psi0p75,hardzero_plus_depr,0.01,34,501,0.0,1,0.49196124,0.49198326,1.0284368,0.09366196,0.09366196,1.0,2.2026856e-05,0.00023517398,-27.435043,2.2626061,0.75420207,0.120000005,0.0,0.14876506,5.0000196,5.01002,1606400
hardzero_plus_depr__c0p60__z1p05__lam0p010__nu0p50__psi0p75,hardzero_plus_depr,0.01,34,502,0.0,1,0.49198326,0.49200588,1.0138799,0.096854575,0.096854575,1.0,2.2607479e-05,0.00023341674,-27.266726,2.2305803,0.7435268,0.16000001,0.0,0.15398802,5.01002,5.02002,1609600
hardzero_plus_depr__c0p60__z1p05__lam0p010__nu0p50__psi0p75,hardzero_plus_depr,0.01,34,503,0.0,1,0.49200588,0.49202666,1.0472053,0.08970046,0.08970046,1.0,2.078114e-05,0.00023167262,-27.232794,2.3038979,0.767966,0.112,0.0,0.17158955,5.02002,5.03002,1612800
hardzero_plus_depr__c0p60__z1p05__lam0p010__nu0p50__psi0p75,hardzero_plus_depr,0.01,34,504,0.0,1,0.49202666,0.49205017,0.9903659,0.1022431,0.1022431,1.0,2.3509934e-05,0.00022994152,-26.017838,2.1788485,0.72628284,0.17600001,0.0,0.15049312,5.03002,5.0400205,1616000
hardzero_plus_depr__c0p60__z1p05__lam0p010__nu0p50__psi0p75,hardzero_plus_depr,0.01,34,505,0.0,1,0.49205017,0.4920714,1.0316607,0.09296924,0.09296924,1.0,2.1217755e-05,0.00022822339,-27.100952,2.2696989,0.7565663,0.16000001,0.0,0.16782878,5.0400205,5.0500207,1619200
hardzero_plus_depr__c0p60__z1p05__lam0p010__nu0p50__psi0p75,hardzero_plus_depr,0.01,34,506,0.0,1,0.4920714,0.49209204,1.0402185,0.0911552,0.0911552,1.0,2.0648302e-05,0.00022651808,-27.85749,2.2885263,0.7628421,0.136,0.0,0.14613332,5.0500207,5.060021,1622400
hardzero_plus_depr__c0p60__z1p05__lam0p010__nu0p50__psi0p75,hardzero_plus_depr,0.01,34,507,0.0,1,0.49209204,0.49211454,0.9996613,0.10007802,0.10007802,1.0,2.2500093e-05,0.00022482553,-26.571327,2.1992989,0.73309964,0.17999999,0.0,0.14408122,5.060021,5.070021,1625600
hardzero_plus_depr__c0p60__z1p05__lam0p010__nu0p50__psi0p75,hardzero_plus_depr,0.01,34,508,0.0,1,0.49211454,0.49213466,1.0451995,0.09011571,0.09011571,1.0,2.0108922e-05,0.00022314559,-27.51654,2.299485,0.766495,0.128,0.0,0.14940901,5.070021,5.0800214,1628800
hardzero_plus_depr__c0p60__z1p05__lam0p010__nu0p50__psi0p75,hardzero_plus_depr,0.01,34,509,0.0,1,0.49213466,0.49215516,1.0336549,0.092543304,0.092543304,1.0,2.0496325e-05,0.00022147821,-27.086803,2.2740862,0.75802875,0.104,0.0,0.14813378,5.0800214,5.0900216,1632000
hardzero_plus_depr__c0p60__z1p05__lam0p010__nu0p50__psi0p75,hardzero_plus_depr,0.01,34,510,0.0,1,0.49215516,0.49217615,1.0203733,0.09541718,0.09541718,1.0,2.097492e-05,0.0002198233,-27.55109,2.2448661,0.74828875,0.192,0.0,0.1376725,5.0900216,5.100022,1635200
hardzero_plus_depr__c0p60__z1p05__lam0p010__nu0p50__psi0p75,hardzero_plus_depr,0.01,34,511,0.0,1,0.49217615,0.4921985,0.9894969,0.1024479,0.1024479,1.0,2.2352158e-05,0.00021818075,-26.950338,2.1769366,0.72564554,0.17600001,0.0,0.18167563,5.100022,5.110022,1638400
hardzero_plus_depr__c0p60__z1p05__lam0p010__nu0p50__psi0p75,hardzero_plus_depr,0.01,34,512,0.0,1,0.4921985,0.49221826,1.039993,0.091202535,0.091202535,1.0,1.9749952e-05,0.00021655047,-28.1113,2.2880304,0.76267684,0.14400001,0.0,0.15499756,5.110022,5.1200223,1641600
hardzero_plus_depr__c0p60__z1p05__lam0p010__nu0p50__psi0p75,hardzero_plus_depr,0.01,34,513,0.0,1,0.49221826,0.49221826,1.0972048,0.0,0.07994571,0.0,0.0,0.00021493238,-28.479528,2.4138987,0.8046329,0.096,0.0,0.15068316,5.1200223,5.1300225,1644800
hardzero_plus_depr__c0p60__z1p05__lam0p010__nu0p50__psi0p75,hardzero_plus_depr,0.01,34,514,0.0,1,0.49221826,0.49221826,1.0565665,0.0,0.08778767,0.0,0.0,0.00021332639,-26.752663,2.3244927,0.77483094,0.15200001,0.0,0.15444471,5.1300225,5.1400228,1648000
hardzero_plus_depr__c0p60__z1p05__lam0p010__nu0p50__psi0p75,hardzero_plus_depr,0.01,34,515,0.0,1,0.49221826,0.49221826,1.0853819,0.0,0.082151994,0.0,0.0,0.0002117324,-27.818577,2.3878877,0.7959626,0.136,0.0,0.13983776,5.1400228,5.150023,1651200
hardzero_plus_depr__c0p60__z1p05__lam0p010__nu0p50__psi0p75,hardzero_plus_depr,0.01,34,516,0.0,1,0.49221826,0.4922383,1.0201656,0.095462844,0.095462844,1.0,2.0061545e-05,0.0002101503,-26.369537,2.244409,0.7481364,0.16000001,0.0,0.14339702,5.150023,5.160023,1654400
hardzero_plus_depr__c0p60__z1p05__lam0p010__nu0p50__psi0p75,hardzero_plus_depr,0.01,34,517,0.0,1,0.4922383,0.49226052,0.97304577,0.10640308,0.10640308,1.0,2.2193557e-05,0.00020858002,-26.32555,2.1407435,0.7135812,0.208,0.0,0.13478123,5.160023,5.1700234,1657600
hardzero_plus_depr__c0p60__z1p05__lam0p010__nu0p50__psi0p75,hardzero_plus_depr,0.01,34,518,0.0,1,0.49226052,0.49228156,0.9928433,0.101661555,0.101661555,1.0,2.104613e-05,0.00020702151,-27.852085,2.1842988,0.7280996,0.2,0.0,0.1454219,5.1700234,5.1800237,1660800
hardzero_plus_depr__c0p60__z1p05__lam0p010__nu0p50__psi0p75,hardzero_plus_depr,0.01,34,519,0.0,1,0.49228156,0.49228156,1.0523974,0.0,0.08863447,0.0,0.0,0.0002054746,-28.268257,2.3153205,0.7717735,0.15200001,0.0,0.19101714,5.1800237,5.190024,1664000
hardzero_plus_depr__c0p60__z1p05__lam0p010__nu0p50__psi0p75,hardzero_plus_depr,0.01,34,520,0.0,1,0.49228156,0.4923001,1.0417715,0.09082981,0.09082981,1.0,1.8523768e-05,0.00020393929,-27.758257,2.291943,0.76398104,0.17,0.0,0.15434578,5.190024,5.200024,1667200
hardzero_plus_depr__c0p60__z1p05__lam0p010__nu0p50__psi0p75,hardzero_plus_depr,0.01,34,521,0.0,1,0.4923001,0.4923188,1.034255,0.092415534,0.092415534,1.0,1.870633e-05,0.00020241544,-27.43303,2.2754066,0.75846887,0.136,0.0,0.16224702,5.200024,5.2100244,1670400
hardzero_plus_depr__c0p60__z1p05__lam0p010__nu0p50__psi0p75,hardzero_plus_depr,0.01,34,522,0.0,1,0.4923188,0.4923188,1.073949,0.0,0.08434339,0.0,0.0,0.00020090294,-28.538443,2.362735,0.78757834,0.072000004,0.0,0.16215935,5.2100244,5.2200246,1673600
hardzero_plus_depr__c0p60__z1p05__lam0p010__nu0p50__psi0p75,hardzero_plus_depr,0.01,34,523,0.0,1,0.4923188,0.49233705,1.0383997,0.091537766,0.091537766,1.0,1.8252793e-05,0.00019940178,-27.103773,2.284525,0.76150835,0.136,0.0,0.15939721,5.2200246,5.230025,1676800
hardzero_plus_depr__c0p60__z1p05__lam0p010__nu0p50__psi0p75,hardzero_plus_depr,0.01,34,524,0.0,1,0.49233705,0.4923568,1.0008837,0.09979671,0.09979671,1.0,1.975095e-05,0.00019791184,-28.031641,2.201988,0.73399603,0.17600001,0.0,0.1538208,5.230025,5.240025,1680000
hardzero_plus_depr__c0p60__z1p05__lam0p010__nu0p50__psi0p75,hardzero_plus_depr,0.01,34,525,0.0,1,0.4923568,0.4923568,1.0572016,0.0,0.08765937,0.0,0.0,0.000196433,-27.76744,2.32589,0.7752967,0.112,0.0,0.141222,5.240025,5.2500253,1683200
hardzero_plus_depr__c0p60__z1p05__lam0p010__nu0p50__psi0p75,hardzero_plus_depr,0.01,34,526,0.0,1,0.4923568,0.49237466,1.0385169,0.09151307,0.09151307,1.0,1.7841867e-05,0.00019496524,-27.995338,2.2847826,0.76159424,0.18400002,0.0,0.15083107,5.2500253,5.2600255,1686400
hardzero_plus_depr__c0p60__z1p05__lam0p010__nu0p50__psi0p75,hardzero_plus_depr,0.01,34,527,0.0,1,0.49237466,0.49239272,1.0298547,0.093356654,0.093356654,1.0,1.8065299e-05,0.00019350843,-27.377619,2.2657256,0.7552419,0.17600001,0.0,0.16431066,5.2600255,5.2700257,1689600
hardzero_plus_depr__c0p60__z1p05__lam0p010__nu0p50__psi0p75,hardzero_plus_depr,0.01,34,528,0.0,1,0.49239272,0.49241075,1.0275645,0.093850255,0.093850255,1.0,1.8025117e-05,0.00019206254,-27.313017,2.260687,0.7535624,0.128,0.0,0.13029613,5.2700257,5.280026,1692800
hardzero_plus_depr__c0p60__z1p05__lam0p010__nu0p50__psi0p75,hardzero_plus_depr,0.01,34,529,0.0,1,0.49241075,0.4924291,1.0162715,0.09632266,0.09632266,1.0,1.836174e-05,0.0001906274,-27.529793,2.235842,0.7452807,0.18400002,0.0,0.14424945,5.280026,5.290026,1696000
hardzero_plus_depr__c0p60__z1p05__lam0p010__nu0p50__psi0p75,hardzero_plus_depr,0.01,34,530,0.0,1,0.4924291,0.4924291,1.062783,0.0,0.08654001,0.0,0.0,0.000189203,-27.598898,2.3381693,0.7793898,0.112,0.0,0.15776931,5.290026,5.3000264,1699200
hardzero_plus_depr__c0p60__z1p05__lam0p010__nu0p50__psi0p75,hardzero_plus_depr,0.01,34,531,0.0,1,0.4924291,0.4924291,1.0510482,0.0,0.088910244,0.0,0.0,0.00018778928,-27.962902,2.3123522,0.7707841,0.15200001,0.0,0.20533639,5.3000264,5.3100266,1702400
hardzero_plus_depr__c0p60__z1p05__lam0p010__nu0p50__psi0p75,hardzero_plus_depr,0.01,34,532,0.0,1,0.4924291,0.4924291,1.0557318,0.0,0.08795656,0.0,0.0,0.00018638608,-27.804615,2.3226564,0.7742188,0.15200001,0.0,0.16734836,5.3100266,5.320027,1705600
hardzero_plus_depr__c0p60__z1p05__lam0p010__nu0p50__psi0p75,hardzero_plus_depr,0.01,34,533,0.0,1,0.4924291,0.49244723,1.0088022,0.09799363,0.09799363,1.0,1.8128174e-05,0.00018499339,-26.772778,2.219409,0.739803,0.11,0.0,0.14083545,5.320027,5.330027,1708800
hardzero_plus_depr__c0p60__z1p05__lam0p010__nu0p50__psi0p75,hardzero_plus_depr,0.01,34,534,0.0,1,0.49244723,0.49244723,1.0526209,0.0,0.088588856,0.0,0.0,0.0001836111,-27.163576,2.315812,0.7719374,0.120000005,0.0,0.15344271,5.330027,5.3400273,1712000
hardzero_plus_depr__c0p60__z1p05__lam0p010__nu0p50__psi0p75,hardzero_plus_depr,0.01,34,535,0.0,1,0.49244723,0.49246454,1.0220934,0.095040016,0.095040016,1.0,1.732001e-05,0.00018223914,-27.816832,2.2486503,0.7495501,0.17600001,0.0,0.115336575,5.3400273,5.3500276,1715200
hardzero_plus_depr__c0p60__z1p05__lam0p010__nu0p50__psi0p75,hardzero_plus_depr,0.01,34,536,0.0,1,0.49246454,0.49248186,1.0192382,0.09566691,0.09566691,1.0,1.7303984e-05,0.00018087743,-26.601055,2.242369,0.7474563,0.128,0.0,0.1728535,5.3500276,5.360028,1718400
hardzero_plus_depr__c0p60__z1p05__lam0p010__nu0p50__psi0p75,hardzero_plus_depr,0.01,34,537,0.0,1,0.49248186,0.49249816,1.0418292,0.09081775,0.09081775,1.0,1.6304137e-05,0.00017952589,-27.559084,2.2920702,0.7640234,0.120000005,0.0,0.15259519,5.360028,5.370028,1721600
hardzero_plus_depr__c0p60__z1p05__lam0p010__nu0p50__psi0p75,hardzero_plus_depr,0.01,34,538,0.0,1,0.49249816,0.49251565,1.0080006,0.09817465,0.09817465,1.0,1.7493196e-05,0.00017818445,-27.098747,2.2176456,0.73921525,0.136,0.0,0.16938905,5.370028,5.3800282,1724800
hardzero_plus_depr__c0p60__z1p05__lam0p010__nu0p50__psi0p75,hardzero_plus_depr,0.01,34,539,0.0,1,0.49251565,0.4925324,1.0232908,0.094778374,0.094778374,1.0,1.6761844e-05,0.00017685303,-27.44847,2.2512846,0.7504282,0.14400001,0.0,0.16103107,5.3800282,5.3900285,1728000
hardzero_plus_depr__c0p60__z1p05__lam0p010__nu0p50__psi0p75,hardzero_plus_depr,0.01,34,540,0.0,1,0.4925324,0.49254873,1.031336,0.093038775,0.093038775,1.0,1.6331242e-05,0.00017553156,-27.707205,2.2689843,0.7563281,0.14400001,0.0,0.15918824,5.3900285,5.4000287,1731200
hardzero_plus_depr__c0p60__z1p05__lam0p010__nu0p50__psi0p75,hardzero_plus_depr,0.01,34,541,0.0,1,0.49254873,0.49256605,1.0030453,0.099301234,0.099301234,1.0,1.7300259e-05,0.00017421998,-27.031006,2.2067437,0.7355813,0.15200001,0.0,0.1460479,5.4000287,5.410029,1734400
hardzero_plus_depr__c0p60__z1p05__lam0p010__nu0p50__psi0p75,hardzero_plus_depr,0.01,34,542,0.0,1,0.49256605,0.49258155,1.047698,0.08959876,0.08959876,1.0,1.5493253e-05,0.00017291817,-26.982014,2.3049817,0.76832724,0.096,0.0,0.14782085,5.410029,5.420029,1737600
hardzero_plus_depr__c0p60__z1p05__lam0p010__nu0p50__psi0p75,hardzero_plus_depr,0.01,34,543,0.0,1,0.49258155,0.49259764,1.0277363,0.09381314,0.09381314,1.0,1.6100787e-05,0.00017162612,-27.308615,2.261065,0.75368834,0.136,0.0,0.14350283,5.420029,5.4300294,1740800
hardzero_plus_depr__c0p60__z1p05__lam0p010__nu0p50__psi0p75,hardzero_plus_depr,0.01,34,544,0.0,1,0.49259764,0.4926133,1.0367036,0.09189595,0.09189595,1.0,1.5653897e-05,0.0001703437,-27.226824,2.2807934,0.7602645,0.120000005,0.0,0.14634554,5.4300294,5.4400296,1744000
hardzero_plus_depr__c0p60__z1p05__lam0p010__nu0p50__psi0p75,hardzero_plus_depr,0.01,34,545,0.0,1,0.4926133,0.49262944,1.0195751,0.095592745,0.095592745,1.0,1.6161948e-05,0.00016907087,-27.26855,2.24311,0.7477033,0.14400001,0.0,0.13865511,5.4400296,5.45003,1747200
hardzero_plus_depr__c0p60__z1p05__lam0p010__nu0p50__psi0p75,hardzero_plus_depr,0.01,34,546,0.0,1,0.49262944,0.49264488,1.0358242,0.092082225,0.092082225,1.0,1.5452093e-05,0.00016780756,-26.865732,2.2788587,0.7596196,0.11,0.0,0.13634905,5.45003,5.46003,1750400
hardzero_plus_depr__c0p60__z1p05__lam0p010__nu0p50__psi0p75,hardzero_plus_depr,0.01,34,547,0.0,1,0.49264488,0.49266112,1.0106115,0.097586215,0.097586215,1.0,1.6253343e-05,0.00016655368,-27.353994,2.2233899,0.74113,0.192,0.0,0.13915722,5.46003,5.4700303,1753600
hardzero_plus_depr__c0p60__z1p05__lam0p010__nu0p50__psi0p75,hardzero_plus_depr,0.01,34,548,0.0,1,0.49266112,0.49267593,1.0476345,0.08961186,0.08961186,1.0,1.4813662e-05,0.00016530917,-27.512869,2.304842,0.7682807,0.16000001,0.0,0.13160525,5.4700303,5.4800305,1756800
hardzero_plus_depr__c0p60__z1p05__lam0p010__nu0p50__psi0p75,hardzero_plus_depr,0.01,34,549,0.0,1,0.49267593,0.49269208,1.0066596,0.09847826,0.09847826,1.0,1.6157719e-05,0.00016407396,-27.086525,2.2146955,0.73823184,0.14400001,0.0,0.13194712,5.4800305,5.490031,1760000
hardzero_plus_depr__c0p60__z1p05__lam0p010__nu0p50__psi0p75,hardzero_plus_depr,0.01,34,550,0.0,1,0.49269208,0.4927084,0.9984566,0.10035601,0.10035601,1.0,1.6342776e-05,0.000162848,-26.57509,2.1966484,0.7322161,0.17600001,0.0,0.12575573,5.490031,5.500031,1763200
hardzero_plus_depr__c0p60__z1p05__lam0p010__nu0p50__psi0p75,hardzero_plus_depr,0.01,34,551,0.0,1,0.4927084,0.49272326,1.0368526,0.09186443,0.09186443,1.0,1.4848155e-05,0.00016163116,-27.040327,2.2811213,0.7603738,0.16000001,0.0,0.14321654,5.500031,5.510031,1766400
hardzero_plus_depr__c0p60__z1p05__lam0p010__nu0p50__psi0p75,hardzero_plus_depr,0.01,34,552,0.0,1,0.49272326,0.49273902,1.0078748,0.09820309,0.09820309,1.0,1.5754078e-05,0.00016042344,-26.517107,2.2173688,0.739123,0.16800001,0.0,0.1500499,5.510031,5.5200315,1769600
hardzero_plus_depr__c0p60__z1p05__lam0p010__nu0p50__psi0p75,hardzero_plus_depr,0.01,34,553,0.0,1,0.49273902,0.4927545,1.0126101,0.09713817,0.09713817,1.0,1.5466798e-05,0.00015922473,-27.29856,2.2277865,0.74259555,0.18400002,0.0,0.14990392,5.5200315,5.5300317,1772800
hardzero_plus_depr__c0p60__z1p05__lam0p010__nu0p50__psi0p75,hardzero_plus_depr,0.01,34,554,0.0,1,0.4927545,0.49276915,1.0322329,0.092846826,0.092846826,1.0,1.4673047e-05,0.00015803499,-28.221687,2.2709577,0.7569859,0.136,0.0,0.16914193,5.5300317,5.540032,1776000
hardzero_plus_depr__c0p60__z1p05__lam0p010__nu0p50__psi0p75,hardzero_plus_depr,0.01,34,555,0.0,1,0.49276915,0.4927841,1.0202974,0.095433876,0.095433876,1.0,1.4969198e-05,0.00015685413,-26.661871,2.2446992,0.7482331,0.120000005,0.0,0.108088404,5.540032,5.550032,1779200
hardzero_plus_depr__c0p60__z1p05__lam0p010__nu0p50__psi0p75,hardzero_plus_depr,0.01,34,556,0.0,1,0.4927841,0.49280018,0.9864248,0.10317518,0.10317518,1.0,1.606253e-05,0.00015568211,-27.092764,2.170178,0.72339267,0.192,0.0,0.15249917,5.550032,5.5600324,1782400
hardzero_plus_depr__c0p60__z1p05__lam0p010__nu0p50__psi0p75,hardzero_plus_depr,0.01,34,557,0.0,1,0.49280018,0.49281546,1.004246,0.099027075,0.099027075,1.0,1.530155e-05,0.00015451884,-26.876184,2.2093854,0.7364618,0.14400001,0.0,0.12904815,5.5600324,5.5700326,1785600
hardzero_plus_depr__c0p60__z1p05__lam0p010__nu0p50__psi0p75,hardzero_plus_depr,0.01,34,558,0.0,1,0.49281546,0.49281546,1.1003183,0.0,0.07937463,0.0,0.0,0.00015336425,-28.16762,2.4207487,0.80691624,0.16800001,0.0,0.19789584,5.5700326,5.580033,1788800
hardzero_plus_depr__c0p60__z1p05__lam0p010__nu0p50__psi0p75,hardzero_plus_depr,0.01,34,559,0.0,1,0.49281546,0.49283016,1.0154743,0.09649964,0.09649964,1.0,1.468901e-05,0.00015221829,-26.152245,2.2340882,0.7446961,0.099999994,0.0,0.11612532,5.580033,5.590033,1792000
hardzero_plus_depr__c0p60__z1p05__lam0p010__nu0p50__psi0p75,hardzero_plus_depr,0.01,34,560,0.0,1,0.49283016,0.49284378,1.0448983,0.09017823,0.09017823,1.0,1.3624209e-05,0.00015108091,-27.45546,2.2988222,0.7662741,0.128,0.008,0.1687879,5.590033,5.6000333,1795200
hardzero_plus_depr__c0p60__z1p05__lam0p010__nu0p50__psi0p75,hardzero_plus_depr,0.01,34,561,0.0,1,0.49284378,0.49285752,1.0379212,0.09163868,0.09163868,1.0,1.3741403e-05,0.000149952,-27.33684,2.2834723,0.76115745,0.120000005,0.0,0.14585842,5.6000333,5.6100335,1798400
hardzero_plus_depr__c0p60__z1p05__lam0p010__nu0p50__psi0p75,hardzero_plus_depr,0.01,34,562,0.0,1,0.49285752,0.49287108,1.0400076,0.09119949,0.09119949,1.0,1.3573362e-05,0.00014883156,-27.839682,2.2880623,0.76268744,0.16800001,0.0,0.14490245,5.6100335,5.6200337,1801600
hardzero_plus_depr__c0p60__z1p05__lam0p010__nu0p50__psi0p75,hardzero_plus_depr,0.01,34,563,0.0,1,0.49287108,0.49287108,1.0514035,0.0,0.08883753,0.0,0.0,0.00014771946,-26.820314,2.313134,0.7710447,0.192,0.0,0.13194174,5.6200337,5.630034,1804800
hardzero_plus_depr__c0p60__z1p05__lam0p010__nu0p50__psi0p75,hardzero_plus_depr,0.01,34,564,0.0,1,0.49287108,0.49287108,1.098625,0.0,0.07968473,0.0,0.0,0.00014661568,-28.471123,2.4170232,0.80567443,0.14400001,0.0,0.18150577,5.630034,5.640034,1808000
hardzero_plus_depr__c0p60__z1p05__lam0p010__nu0p50__psi0p75,hardzero_plus_depr,0.01,34,565,0.0,1,0.49287108,0.49287108,1.0734057,0.0,0.08444894,0.0,0.0,0.00014552016,-28.180859,2.3615398,0.78717995,0.112,0.008,0.14775892,5.640034,5.6500344,1811200
hardzero_plus_depr__c0p60__z1p05__lam0p010__nu0p50__psi0p75,hardzero_plus_depr,0.01,34,566,0.0,1,0.49287108,0.49288398,1.0488508,0.08936125,0.08936125,1.0,1.2906697e-05,0.00014443281,-26.399567,2.3075178,0.7691726,0.104,0.0,0.14716257,5.6500344,5.6600347,1814400
hardzero_plus_depr__c0p60__z1p05__lam0p010__nu0p50__psi0p75,hardzero_plus_depr,0.01,34,567,0.0,1,0.49288398,0.49289763,1.0209608,0.09528822,0.09528822,1.0,1.3659908e-05,0.0001433536,-27.263744,2.2461586,0.7487196,0.18400002,0.0,0.16949387,5.6600347,5.670035,1817600
hardzero_plus_depr__c0p60__z1p05__lam0p010__nu0p50__psi0p75,hardzero_plus_depr,0.01,34,568,0.0,1,0.49289763,0.49291176,1.0028954,0.09933552,0.09933552,1.0,1.41337005e-05,0.00014228244,-27.022703,2.2064137,0.73547125,0.216,0.0,0.1713662,5.670035,5.680035,1820800
hardzero_plus_depr__c0p60__z1p05__lam0p010__nu0p50__psi0p75,hardzero_plus_depr,0.01,34,569,0.0,1,0.49291176,0.49292728,0.95909816,0.10987574,0.10987574,1.0,1.5516574e-05,0.0001412193,-26.516478,2.110058,0.7033527,0.208,0.0,0.13650084,5.680035,5.6900353,1824000
hardzero_plus_depr__c0p60__z1p05__lam0p010__nu0p50__psi0p75,hardzero_plus_depr,0.01,34,570,0.0,1,0.49292728,0.49292728,1.0712085,0.0,0.08487729,0.0,0.0,0.00014016408,-28.18125,2.3567057,0.7855686,0.17600001,0.0,0.16415335,5.6900353,5.7000356,1827200
hardzero_plus_depr__c0p60__z1p05__lam0p010__nu0p50__psi0p75,hardzero_plus_depr,0.01,34,571,0.0,1,0.49292728,0.49293983,1.0451411,0.090127826,0.090127826,1.0,1.2538291e-05,0.00013911676,-28.060112,2.2993562,0.7664521,0.128,0.0,0.14416608,5.7000356,5.710036,1830400
hardzero_plus_depr__c0p60__z1p05__lam0p010__nu0p50__psi0p75,hardzero_plus_depr,0.01,34,572,0.0,1,0.49293983,0.49295312,1.0169976,0.09616177,0.09616177,1.0,1.3277755e-05,0.00013807727,-27.792763,2.2374394,0.74581313,0.19999999,0.0,0.19113605,5.710036,5.720036,1833600
hardzero_plus_depr__c0p60__z1p05__lam0p010__nu0p50__psi0p75,hardzero_plus_depr,0.01,34,573,0.0,1,0.49295312,0.4929674,0.98241305,0.104132645,0.104132645,1.0,1.4270915e-05,0.00013704554,-26.27915,2.161352,0.72045064,0.16800001,0.0,0.1522786,5.720036,5.7300363,1836800
hardzero_plus_depr__c0p60__z1p05__lam0p010__nu0p50__psi0p75,hardzero_plus_depr,0.01,34,574,0.0,1,0.4929674,0.4929674,1.0627612,0.0,0.08654437,0.0,0.0,0.00013602151,-26.700935,2.3381212,0.77937376,0.112,0.0,0.119671814,5.7300363,5.7400365,1840000
hardzero_plus_depr__c0p60__z1p05__lam0p010__nu0p50__psi0p75,hardzero_plus_depr,0.01,34,575,0.0,1,0.4929674,0.49298075,1.0048736,0.09888408,0.09888408,1.0,1.334986e-05,0.00013500515,-26.957144,2.210766,0.736922,0.080000006,0.0,0.1379066,5.7400365,5.7500367,1843200
hardzero_plus_depr__c0p60__z1p05__lam0p010__nu0p50__psi0p75,hardzero_plus_depr,0.01,34,576,0.0,1,0.49298075,0.49298075,1.0931566,0.0,0.08069441,0.0,0.0,0.00013399636,-28.674263,2.4049926,0.80166423,0.104,0.0,0.14895585,5.7500367,5.760037,1846400
hardzero_plus_depr__c0p60__z1p05__lam0p010__nu0p50__psi0p75,hardzero_plus_depr,0.01,34,577,0.0,1,0.49298075,0.49298075,1.0761831,0.0,0.08391061,0.0,0.0,0.00013299515,-27.89102,2.36765,0.7892167,0.136,0.0,0.16865347,5.760037,5.770037,1849600
hardzero_plus_depr__c0p60__z1p05__lam0p010__nu0p50__psi0p75,hardzero_plus_depr,0.01,34,578,0.0,1,0.49298075,0.4929929,1.0357932,0.0920888,0.0920888,1.0,1.2155848e-05,0.00013200137,-27.484907,2.2787905,0.7595968,0.120000005,0.0,0.16555223,5.770037,5.7800374,1852800
hardzero_plus_depr__c0p60__z1p05__lam0p010__nu0p50__psi0p75,hardzero_plus_depr,0.01,34,579,0.0,1,0.4929929,0.49300465,1.0471956,0.08970249,0.08970249,1.0,1.1752376e-05,0.00013101505,-27.68733,2.3038762,0.76795876,0.2,0.0,0.19261073,5.7800374,5.7900376,1856000
hardzero_plus_depr__c0p60__z1p05__lam0p010__nu0p50__psi0p75,hardzero_plus_depr,0.01,34,580,0.0,1,0.49300465,0.49300465,1.0730834,0.0,0.084511645,0.0,0.0,0.00013003609,-27.415215,2.3608305,0.78694355,0.16800001,0.0,0.1633371,5.7900376,5.800038,1859200
hardzero_plus_depr__c0p60__z1p05__lam0p010__nu0p50__psi0p75,hardzero_plus_depr,0.01,34,581,0.0,1,0.49300465,0.49300465,1.0724086,0.0,0.08464308,0.0,0.0,0.00012906444,-28.374891,2.359346,0.78644866,0.14400001,0.0,0.20376617,5.800038,5.810038,1862400
hardzero_plus_depr__c0p60__z1p05__lam0p010__nu0p50__psi0p75,hardzero_plus_depr,0.01,34,582,0.0,1,0.49300465,0.49301645,1.0356904,0.09211059,0.09211059,1.0,1.1799372e-05,0.00012810006,-27.515434,2.2785645,0.7595215,0.136,0.0,0.1465788,5.810038,5.8200383,1865600
hardzero_plus_depr__c0p60__z1p05__lam0p010__nu0p50__psi0p75,hardzero_plus_depr,0.01,34,583,0.0,1,0.49301645,0.4930289,1.0085686,0.09804632,0.09804632,1.0,1.2465893e-05,0.00012714289,-26.754257,2.2188954,0.73963183,0.192,0.0,0.13616467,5.8200383,5.8300385,1868800
hardzero_plus_depr__c0p60__z1p05__lam0p010__nu0p50__psi0p75,hardzero_plus_depr,0.01,34,584,0.0,1,0.4930289,0.49304038,1.0416903,0.0908468,0.0908468,1.0,1.1464217e-05,0.00012619286,-28.400057,2.2917645,0.7639215,0.17600001,0.0,0.14130157,5.8300385,5.840039,1872000
hardzero_plus_depr__c0p60__z1p05__lam0p010__nu0p50__psi0p75,hardzero_plus_depr,0.01,34,585,0.0,1,0.49304038,0.49305183,1.0386596,0.091483004,0.091483004,1.0,1.1458241e-05,0.00012524994,-27.801754,2.2850966,0.7616989,0.21,0.0,0.16324657,5.840039,5.850039,1875200
hardzero_plus_depr__c0p60__z1p05__lam0p010__nu0p50__psi0p75,hardzero_plus_depr,0.01,34,586,0.0,1,0.49305183,0.49305183,1.0758291,0.0,0.08397903,0.0,0.0,0.00012431404,-28.836407,2.3668714,0.7889571,0.136,0.0,0.16807006,5.850039,5.860039,1878400
hardzero_plus_depr__c0p60__z1p05__lam0p010__nu0p50__psi0p75,hardzero_plus_depr,0.01,34,587,0.0,1,0.49305183,0.49305183,1.0575814,0.0,0.08758274,0.0,0.0,0.00012338517,-26.920267,2.3267255,0.77557516,0.18400002,0.0,0.173441,5.860039,5.8700395,1881600
hardzero_plus_depr__c0p60__z1p05__lam0p010__nu0p50__psi0p75,hardzero_plus_depr,0.01,34,588,0.0,1,0.49305183,0.49305183,1.0874016,0.0,0.08177083,0.0,0.0,0.0001224632,-28.389305,2.3923314,0.7974438,0.08800001,0.0,0.1628922,5.8700395,5.8800397,1884800
hardzero_plus_depr__c0p60__z1p05__lam0p010__nu0p50__psi0p75,hardzero_plus_depr,0.01,34,589,0.0,1,0.49305183,0.4930627,1.0479637,0.08954396,0.08954396,1.0,1.0883903e-05,0.00012154815,-27.31651,2.3055663,0.76852214,0.15200001,0.0,0.15342972,5.8800397,5.89004,1888000
hardzero_plus_depr__c0p60__z1p05__lam0p010__nu0p50__psi0p75,hardzero_plus_depr,0.01,34,590,0.0,1,0.4930627,0.4930627,1.0771194,0.0,0.08372991,0.0,0.0,0.00012063993,-28.652658,2.36971,0.78990334,0.14400001,0.0,0.19029129,5.89004,5.90004,1891200
hardzero_plus_depr__c0p60__z1p05__lam0p010__nu0p50__psi0p75,hardzero_plus_depr,0.01,34,591,0.0,1,0.4930627,0.4930627,1.0783485,0.0,0.08349326,0.0,0.0,0.00011973849,-27.438684,2.372414,0.79080474,0.104,0.0,0.1260489,5.90004,5.9100404,1894400
hardzero_plus_depr__c0p60__z1p05__lam0p010__nu0p50__psi0p75,hardzero_plus_depr,0.01,34,592,0.0,1,0.4930627,0.49307394,1.0242327,0.094573006,0.094573006,1.0,1.12394155e-05,0.0001188438,-26.9791,2.253357,0.751119,0.120000005,0.0,0.14584327,5.9100404,5.9200406,1897600
hardzero_plus_depr__c0p60__z1p05__lam0p010__nu0p50__psi0p75,hardzero_plus_depr,0.01,34,593,0.0,1,0.49307394,0.49308452,1.0473145,0.08967792,0.08967792,1.0,1.0578029e-05,0.00011795578,-27.594149,2.304138,0.768046,0.18400002,0.0,0.14155428,5.9200406,5.930041,1900800
hardzero_plus_depr__c0p60__z1p05__lam0p010__nu0p50__psi0p75,hardzero_plus_depr,0.01,34,594,0.0,1,0.49308452,0.4930955,1.0278195,0.09379516,0.09379516,1.0,1.0981012e-05,0.0001170744,-27.13586,2.261248,0.7537494,0.224,0.0,0.15995783,5.930041,5.940041,1904000
hardzero_plus_depr__c0p60__z1p05__lam0p010__nu0p50__psi0p75,hardzero_plus_depr,0.01,34,595,0.0,1,0.4930955,0.49310672,1.0143158,0.09675739,0.09675739,1.0,1.1243171e-05,0.000116199604,-27.070026,2.2315395,0.74384654,0.096,0.0,0.14163265,5.940041,5.9500413,1907200
hardzero_plus_depr__c0p60__z1p05__lam0p010__nu0p50__psi0p75,hardzero_plus_depr,0.01,34,596,0.0,1,0.49310672,0.49311763,1.0242013,0.09457986,0.09457986,1.0,1.0908023e-05,0.00011533135,-27.766115,2.2532878,0.75109595,0.112,0.0,0.1683747,5.9500413,5.9600415,1910400
hardzero_plus_depr__c0p60__z1p05__lam0p010__nu0p50__psi0p75,hardzero_plus_depr,0.01,34,597,0.0,1,0.49311763,0.4931287,1.0153818,0.09652018,0.09652018,1.0,1.1048624e-05,0.00011446958,-27.074778,2.2338846,0.7446282,0.216,0.0,0.15288946,5.9600415,5.9700418,1913600
hardzero_plus_depr__c0p60__z1p05__lam0p010__nu0p50__psi0p75,hardzero_plus_depr,0.01,34,598,0.0,1,0.4931287,0.49313906,1.0402125,0.09115647,0.09115647,1.0,1.0356674e-05,0.00011361425,-26.826906,2.2885132,0.76283777,0.14,0.0,0.14294545,5.9700418,5.980042,1916800
hardzero_plus_depr__c0p60__z1p05__lam0p010__nu0p50__psi0p75,hardzero_plus_depr,0.01,34,599,0.0,1,0.49313906,0.49314943,1.0369145,0.09185135,0.09185135,1.0,1.0357646e-05,0.00011276531,-27.637085,2.2812574,0.76041913,0.192,0.0,0.19060385,5.980042,5.990042,1920000
hardzero_plus_depr__c0p60__z1p05__lam0p010__nu0p50__psi0p75,hardzero_plus_depr,0.01,34,600,0.0,1,0.49314943,0.49314943,1.0611627,0.0,0.08686348,0.0,0.0,0.00011192272,-27.962244,2.3346045,0.7782015,0.14400001,0.0,0.15635392,5.990042,6.0000424,1923200
hardzero_plus_depr__c0p60__z1p05__lam0p010__nu0p50__psi0p75,hardzero_plus_depr,0.01,34,601,0.0,1,0.49314943,0.49314943,1.0512309,0.0,0.08887284,0.0,0.0,0.000111086425,-26.544086,2.3127542,0.7709181,0.2,0.0,0.14676137,6.0000424,6.0100427,1926400
hardzero_plus_depr__c0p60__z1p05__lam0p010__nu0p50__psi0p75,hardzero_plus_depr,0.01,34,602,0.0,1,0.49314943,0.49314943,1.0596912,0.0,0.08715831,0.0,0.0,0.00011025636,-28.291882,2.3313673,0.77712244,0.15200001,0.0,0.16847263,6.0100427,6.020043,1929600
hardzero_plus_depr__c0p60__z1p05__lam0p010__nu0p50__psi0p75,hardzero_plus_depr,0.01,34,603,0.0,1,0.49314943,0.4931607,0.98735726,0.10295387,0.10295387,1.0,1.1266501e-05,0.00010943251,-26.610409,2.1722293,0.72407645,0.208,0.0,0.14437647,6.020043,6.030043,1932800
hardzero_plus_depr__c0p60__z1p05__lam0p010__nu0p50__psi0p75,hardzero_plus_depr,0.01,34,604,0.0,1,0.4931607,0.4931715,1.0018097,0.099584155,0.099584155,1.0,1.0816316e-05,0.000108614826,-26.934551,2.2040255,0.73467517,0.15200001,0.0,0.14816059,6.030043,6.0400434,1936000
hardzero_plus_depr__c0p60__z1p05__lam0p010__nu0p50__psi0p75,hardzero_plus_depr,0.01,34,605,0.0,1,0.4931715,0.49318153,1.0314969,0.093004316,0.093004316,1.0,1.0026166e-05,0.00010780324,-27.317078,2.2693384,0.7564461,0.14400001,0.0,0.15093869,6.0400434,6.0500436,1939200
hardzero_plus_depr__c0p60__z1p05__lam0p010__nu0p50__psi0p75,hardzero_plus_depr,0.01,34,606,0.0,1,0.49318153,0.49319163,1.0252742,0.094346516,0.094346516,1.0,1.0094862e-05,0.00010699772,-27.06291,2.2556481,0.75188273,0.136,0.0,0.15017785,6.0500436,6.060044,1942400
hardzero_plus_depr__c0p60__z1p05__lam0p010__nu0p50__psi0p75,hardzero_plus_depr,0.01,34,607,0.0,1,0.49319163,0.49319163,1.0700674,0.0,0.08510059,0.0,0.0,0.00010619822,-28.339108,2.3541954,0.7847318,0.128,0.0,0.17003286,6.060044,6.070044,1945600
hardzero_plus_depr__c0p60__z1p05__lam0p010__nu0p50__psi0p75,hardzero_plus_depr,0.01,34,608,0.0,1,0.49319163,0.49320182,1.0143641,0.09674663,0.09674663,1.0,1.019755e-05,0.0001054047,-27.009636,2.2316456,0.7438819,0.15200001,0.0,0.15034121,6.070044,6.0800443,1948800
hardzero_plus_depr__c0p60__z1p05__lam0p010__nu0p50__psi0p75,hardzero_plus_depr,0.01,34,609,0.0,1,0.49320182,0.49320182,1.0624746,0.0,0.08660148,0.0,0.0,0.0001046171,-27.439322,2.3374908,0.7791636,0.120000005,0.0,0.15937902,6.0800443,6.0900445,1952000
hardzero_plus_depr__c0p60__z1p05__lam0p010__nu0p50__psi0p75,hardzero_plus_depr,0.01,34,610,0.0,1,0.49320182,0.49320182,1.0577323,0.0,0.08755232,0.0,0.0,0.00010383539,-28.267078,2.3270576,0.7756859,0.120000005,0.0,0.14375877,6.0900445,6.1000447,1955200
hardzero_plus_depr__c0p60__z1p05__lam0p010__nu0p50__psi0p75,hardzero_plus_depr,0.01,34,611,0.0,1,0.49320182,0.49320182,1.0705248,0.0,0.08501102,0.0,0.0,0.00010305952,-27.650707,2.3552017,0.78506726,0.14999999,0.0,0.15800105,6.1000447,6.110045,1958400
hardzero_plus_depr__c0p60__z1p05__lam0p010__nu0p50__psi0p75,hardzero_plus_depr,0.01,34,612,0.0,1,0.49320182,0.4932124,0.9847925,0.10356368,0.10356368,1.0,1.0593472e-05,0.00010228945,-26.005394,2.1665866,0.72219557,0.192,0.0,0.14680855,6.110045,6.120045,1961600
hardzero_plus_depr__c0p60__z1p05__lam0p010__nu0p50__psi0p75,hardzero_plus_depr,0.01,34,613,0.0,1,0.4932124,0.4932124,1.0612941,0.0,0.086837225,0.0,0.0,0.00010152513,-27.326174,2.3348937,0.7782979,0.136,0.0,0.17346936,6.120045,6.1300454,1964800
hardzero_plus_depr__c0p60__z1p05__lam0p010__nu0p50__psi0p75,hardzero_plus_depr,0.01,34,614,0.0,1,0.4932124,0.49322182,1.0287801,0.093587935,0.093587935,1.0,9.430531e-06,0.00010076652,-26.640661,2.2633615,0.75445384,0.18400002,0.0,0.1527446,6.1300454,6.1400456,1968000
hardzero_plus_depr__c0p60__z1p05__lam0p010__nu0p50__psi0p75,hardzero_plus_depr,0.01,34,615,0.0,1,0.49322182,0.49322182,1.0920854,0.0,0.08089368,0.0,0.0,0.00010001358,-28.563576,2.4026358,0.80087864,0.2,0.0,0.16823523,6.1400456,6.150046,1971200
hardzero_plus_depr__c0p60__z1p05__lam0p010__nu0p50__psi0p75,hardzero_plus_depr,0.01,34,616,0.0,1,0.49322182,0.49322182,1.1224461,0.0,0.07543171,0.0,0.0,9.926627e-05,-29.878609,2.4694307,0.8231436,0.16800001,0.0,0.19209975,6.150046,6.160046,1974400
hardzero_plus_depr__c0p60__z1p05__lam0p010__nu0p50__psi0p75,hardzero_plus_depr,0.01,34,617,0.0,1,0.49322182,0.49322182,1.1396341,0.0,0.072504655,0.0,0.0,9.8524535e-05,-29.624073,2.507245,0.8357484,0.104,0.0,0.18939058,6.160046,6.1700463,1977600
hardzero_plus_depr__c0p60__z1p05__lam0p010__nu0p50__psi0p75,hardzero_plus_depr,0.01,34,618,0.0,1,0.49322182,0.49323133,1.0128613,0.097082,0.097082,1.0,9.4934885e-06,9.7788354e-05,-27.11443,2.2283392,0.74277973,0.17600001,0.0,0.13550225,6.1700463,6.1800466,1980800
hardzero_plus_depr__c0p60__z1p05__lam0p010__nu0p50__psi0p75,hardzero_plus_depr,0.01,34,619,0.0,1,0.49323133,0.49323133,1.0863547,0.0,0.081968166,0.0,0.0,9.7057666e-05,-28.359745,2.3900282,0.7966761,0.17600001,0.0,0.13660723,6.1800466,6.190047,1984000
hardzero_plus_depr__c0p60__z1p05__lam0p010__nu0p50__psi0p75,hardzero_plus_depr,0.01,34,620,0.0,1,0.49323133,0.49323994,1.0491115,0.08930762,0.08930762,1.0,8.6032205e-06,9.6332435e-05,-26.62889,2.3080914,0.7693638,0.136,0.0,0.17406003,6.190047,6.200047,1987200
hardzero_plus_depr__c0p60__z1p05__lam0p010__nu0p50__psi0p75,hardzero_plus_depr,0.01,34,621,0.0,1,0.49323994,0.4932493,1.0098078,0.09776698,0.09776698,1.0,9.347759e-06,9.561264e-05,-27.081964,2.2216215,0.7405405,0.120000005,0.0,0.14886856,6.200047,6.2100472,1990400
hardzero_plus_depr__c0p60__z1p05__lam0p010__nu0p50__psi0p75,hardzero_plus_depr,0.01,34,622,0.0,1,0.4932493,0.4932493,1.0532098,0.0,0.08846882,0.0,0.0,9.48982e-05,-27.908981,2.317108,0.7723693,0.128,0.0,0.13814391,6.2100472,6.2200475,1993600
hardzero_plus_depr__c0p60__z1p05__lam0p010__nu0p50__psi0p75,hardzero_plus_depr,0.01,34,623,0.0,1,0.4932493,0.4932586,1.0051401,0.09882344,0.09882344,1.0,9.3080935e-06,9.418912e-05,-26.220821,2.2113523,0.73711747,0.14400001,0.0,0.13927704,6.2200475,6.2300477,1996800
hardzero_plus_depr__c0p60__z1p05__lam0p010__nu0p50__psi0p75,hardzero_plus_depr,0.01,34,624,0.0,1,0.4932586,0.4932672,1.0349783,0.092261754,0.092261754,1.0,8.62512e-06,9.348532e-05,-28.318716,2.2769976,0.7589992,0.22999999,0.0,0.20546149,6.2300477,6.240048,2000000
hardzero_plus_depr__c0p60__z1p05__lam0p010__nu0p50__psi0p75,hardzero_plus_depr,0.01,34,625,0.0,1,0.4932672,0.49327573,1.0370723,0.09181797,0.09181797,1.0,8.519494e-06,9.278679e-05,-27.60231,2.2816045,0.7605349,0.16000001,0.0,0.15685596,6.240048,6.250048,2003200
hardzero_plus_depr__c0p60__z1p05__lam0p010__nu0p50__psi0p75,hardzero_plus_depr,0.01,34,626,0.0,1,0.49327573,0.4932847,1.0119976,0.09727525,0.09727525,1.0,8.9584155e-06,9.2093476e-05,-26.97487,2.2264392,0.74214643,0.16000001,0.0,0.17714229,6.250048,6.2600484,2006400
hardzero_plus_depr__c0p60__z1p05__lam0p010__nu0p50__psi0p75,hardzero_plus_depr,0.01,34,627,0.0,1,0.4932847,0.49329302,1.041636,0.09085816,0.09085816,1.0,8.304921e-06,9.140534e-05,-27.830908,2.291645,0.7638817,0.18400002,0.0,0.16053793,6.2600484,6.2700486,2009600
hardzero_plus_depr__c0p60__z1p05__lam0p010__nu0p50__psi0p75,hardzero_plus_depr,0.01,34,628,0.0,1,0.49329302,0.4933018,1.0142119,0.096780546,0.096780546,1.0,8.780158e-06,9.0722344e-05,-26.997946,2.2313106,0.74377024,0.096,0.0,0.14410475,6.2700486,6.280049,2012800
hardzero_plus_depr__c0p60__z1p05__lam0p010__nu0p50__psi0p75,hardzero_plus_depr,0.01,34,629,0.0,1,0.4933018,0.49331027,1.0274802,0.09386847,0.09386847,1.0,8.452336e-06,9.0044465e-05,-26.480488,2.2605016,0.7535006,0.14400001,0.0,0.15959519,6.280049,6.290049,2016000
hardzero_plus_depr__c0p60__z1p05__lam0p010__nu0p50__psi0p75,hardzero_plus_depr,0.01,34,630,0.0,1,0.49331027,0.49331027,1.0525073,0.0,0.08861203,0.0,0.0,8.937164e-05,-27.980425,2.3155622,0.7718541,0.096,0.0,0.15059802,6.290049,6.3000493,2019200
hardzero_plus_depr__c0p60__z1p05__lam0p010__nu0p50__psi0p75,hardzero_plus_depr,0.01,34,631,0.0,1,0.49331027,0.49331027,1.0602838,0.0,0.08703946,0.0,0.0,8.870385e-05,-27.787153,2.332671,0.777557,0.120000005,0.0,0.16472656,6.3000493,6.3100495,2022400
hardzero_plus_depr__c0p60__z1p05__lam0p010__nu0p50__psi0p75,hardzero_plus_depr,0.01,34,632,0.0,1,0.49331027,0.49331912,0.99753565,0.10056905,0.10056905,1.0,8.854204e-06,8.8041044e-05,-27.202835,2.1946223,0.7315408,0.2,0.0,0.14946441,6.3100495,6.32005,2025600
hardzero_plus_depr__c0p60__z1p05__lam0p010__nu0p50__psi0p75,hardzero_plus_depr,0.01,34,633,0.0,1,0.49331912,0.49331912,1.0729462,0.0,0.08453837,0.0,0.0,8.738318e-05,-28.038658,2.3605287,0.78684294,0.128,0.0,0.1664263,6.32005,6.33005,2028800
hardzero_plus_depr__c0p60__z1p05__lam0p010__nu0p50__psi0p75,hardzero_plus_depr,0.01,34,634,0.0,1,0.49331912,0.49331912,1.0545076,0.0,0.08820484,0.0,0.0,8.673025e-05,-27.6676,2.319963,0.77332103,0.16800001,0.0,0.1508766,6.33005,6.34005,2032000
hardzero_plus_depr__c0p60__z1p05__lam0p010__nu0p50__psi0p75,hardzero_plus_depr,0.01,34,635,0.0,1,0.49331912,0.4933271,1.0319601,0.09290516,0.09290516,1.0,7.997479e-06,8.608219e-05,-26.807453,2.2703576,0.75678587,0.17600001,0.0,0.1383907,6.34005,6.3500504,2035200
hardzero_plus_depr__c0p60__z1p05__lam0p010__nu0p50__psi0p75,hardzero_plus_depr,0.01,34,636,0.0,1,0.4933271,0.49333546,1.0107892,0.0975463,0.0975463,1.0,8.334257e-06,8.543898e-05,-27.26929,2.2237806,0.74126023,0.136,0.0,0.16668078,6.3500504,6.3600507,2038400
hardzero_plus_depr__c0p60__z1p05__lam0p010__nu0p50__psi0p75,hardzero_plus_depr,0.01,34,637,0.0,1,0.49333546,0.49334437,0.9792038,0.104904994,0.104904994,1.0,8.896003e-06,8.4800566e-05,-26.940464,2.1542914,0.71809715,0.17,0.0,0.17221808,6.3600507,6.370051,2041600
hardzero_plus_depr__c0p60__z1p05__lam0p010__nu0p50__psi0p75,hardzero_plus_depr,0.01,34,638,0.0,1,0.49334437,0.4933525,1.0146601,0.096680716,0.096680716,1.0,8.137318e-06,8.4166924e-05,-27.419876,2.232297,0.744099,0.2,0.0,0.17638582,6.370051,6.380051,2044800
hardzero_plus_depr__c0p60__z1p05__lam0p010__nu0p50__psi0p75,hardzero_plus_depr,0.01,34,639,0.0,1,0.4933525,0.49336055,1.0162776,0.09632133,0.09632133,1.0,8.046493e-06,8.353802e-05,-27.185204,2.2358553,0.74528515,0.18400002,0.0,0.15230282,6.380051,6.3900514,2048000
hardzero_plus_depr__c0p60__z1p05__lam0p010__nu0p50__psi0p75,hardzero_plus_depr,0.01,34,640,0.0,1,0.49336055,0.49336055,1.1014588,0.0,0.07916646,0.0,0.0,8.291382e-05,-28.735483,2.4232578,0.8077526,0.128,0.0,0.16301537,6.3900514,6.4000516,2051200
hardzero_plus_depr__c0p60__z1p05__lam0p010__nu0p50__psi0p75,hardzero_plus_depr,0.01,34,641,0.0,1,0.49336055,0.493369,0.9884055,0.10270567,0.10270567,1.0,8.452089e-06,8.2294275e-05,-26.995817,2.1745355,0.7248452,0.18400002,0.0,0.15517364,6.4000516,6.410052,2054400
hardzero_plus_depr__c0p60__z1p05__lam0p010__nu0p50__psi0p75,hardzero_plus_depr,0.01,34,642,0.0,1,0.493369,0.49337745,0.986262,0.10321385,0.10321385,1.0,8.430441e-06,8.167936e-05,-26.578533,2.1698198,0.7232733,0.2,0.008,0.16933207,6.410052,6.420052,2057600
hardzero_plus_depr__c0p60__z1p05__lam0p010__nu0p50__psi0p75,hardzero_plus_depr,0.01,34,643,0.0,1,0.49337745,0.49338546,1.0051032,0.0988318,0.0988318,1.0,8.012199e-06,8.106904e-05,-26.893826,2.2112713,0.73709047,0.2,0.0,0.14463517,6.420052,6.4300523,2060800
hardzero_plus_depr__c0p60__z1p05__lam0p010__nu0p50__psi0p75,hardzero_plus_depr,0.01,34,644,0.0,1,0.49338546,0.49339283,1.0378114,0.09166184,0.09166184,1.0,7.375413e-06,8.046329e-05,-27.176903,2.2832305,0.76107687,0.112,0.0,0.15475164,6.4300523,6.4400525,2064000
hardzero_plus_depr__c0p60__z1p05__lam0p010__nu0p50__psi0p75,hardzero_plus_depr,0.01,34,645,0.0,1,0.49339283,0.49339283,1.0549675,0.0,0.08811148,0.0,0.0,7.986205e-05,-28.066833,2.3209748,0.7736583,0.16800001,0.0,0.16802208,6.4400525,6.4500527,2067200
hardzero_plus_depr__c0p60__z1p05__lam0p010__nu0p50__psi0p75,hardzero_plus_depr,0.01,34,646,0.0,1,0.49339283,0.49340025,1.0293831,0.09345809,0.09345809,1.0,7.4079853e-06,7.9265315e-05,-27.126228,2.264688,0.75489604,0.08800001,0.0,0.1493511,6.4500527,6.460053,2070400
hardzero_plus_depr__c0p60__z1p05__lam0p010__nu0p50__psi0p75,hardzero_plus_depr,0.01,34,647,0.0,1,0.49340025,0.49340746,1.037874,0.09164864,0.09164864,1.0,7.2102775e-06,7.8673045e-05,-27.098948,2.2833683,0.7611228,0.120000005,0.0,0.144138,6.460053,6.470053,2073600
hardzero_plus_depr__c0p60__z1p05__lam0p010__nu0p50__psi0p75,hardzero_plus_depr,0.01,34,648,0.0,1,0.49340746,0.4934147,1.0319273,0.092912175,0.092912175,1.0,7.255064e-06,7.808518e-05,-27.433285,2.2702854,0.7567618,0.104,0.0,0.13391238,6.470053,6.4800534,2076800
hardzero_plus_depr__c0p60__z1p05__lam0p010__nu0p50__psi0p75,hardzero_plus_depr,0.01,34,649,0.0,1,0.4934147,0.4934219,1.0317668,0.092946544,0.092946544,1.0,7.203517e-06,7.750172e-05,-27.583902,2.2699323,0.7566441,0.136,0.0,0.1540809,6.4800534,6.4900537,2080000
hardzero_plus_depr__c0p60__z1p05__lam0p010__nu0p50__psi0p75,hardzero_plus_depr,0.01,34,650,0.0,1,0.4934219,0.49342892,1.0407794,0.09103757,0.09103757,1.0,7.002848e-06,7.692262e-05,-28.634514,2.2897604,0.76325345,0.14999999,0.0,0.17572556,6.4900537,6.500054,2083200
hardzero_plus_depr__c0p60__z1p05__lam0p010__nu0p50__psi0p75,hardzero_plus_depr,0.01,34,651,0.0,1,0.49342892,0.49343652,1.0014272,0.09967192,0.09967192,1.0,7.6097367e-06,7.6347846e-05,-26.137802,2.2031837,0.73439455,0.16000001,0.0,0.1531701,6.500054,6.510054,2086400
hardzero_plus_depr__c0p60__z1p05__lam0p010__nu0p50__psi0p75,hardzero_plus_depr,0.01,34,652,0.0,1,0.49343652,0.49343652,1.0693146,0.0,0.085248224,0.0,0.0,7.577736e-05,-27.743082,2.352539,0.7841797,0.112,0.0,0.1759968,6.510054,6.5200543,2089600
hardzero_plus_depr__c0p60__z1p05__lam0p010__nu0p50__psi0p75,hardzero_plus_depr,0.01,34,653,0.0,1,0.49343652,0.49343652,1.0510203,0.0,0.08891595,0.0,0.0,7.5211145e-05,-27.433079,2.3122907,0.7707636,0.16000001,0.0,0.14402172,6.5200543,6.5300546,2092800
hardzero_plus_depr__c0p60__z1p05__lam0p010__nu0p50__psi0p75,hardzero_plus_depr,0.01,34,654,0.0,1,0.49343652,0.4934433,1.040681,0.09105817,0.09105817,1.0,6.7974165e-06,7.4649164e-05,-28.228037,2.2895439,0.7631813,0.08800001,0.0,0.14483276,6.5300546,6.540055,2096000
hardzero_plus_depr__c0p60__z1p05__lam0p010__nu0p50__psi0p75,hardzero_plus_depr,0.01,34,655,0.0,1,0.4934433,0.4934433,1.0555547,0.0,0.08799243,0.0,0.0,7.409137e-05,-27.929873,2.3222668,0.774089,0.15200001,0.0,0.1667479,6.540055,6.550055,2099200
hardzero_plus_depr__c0p60__z1p05__lam0p010__nu0p50__psi0p75,hardzero_plus_depr,0.01,34,656,0.0,1,0.4934433,0.4934507,0.99847025,0.10035285,0.10035285,1.0,7.379724e-06,7.353776e-05,-26.150406,2.1966784,0.73222613,0.120000005,0.0,0.17189407,6.550055,6.5600553,2102400
hardzero_plus_depr__c0p60__z1p05__lam0p010__nu0p50__psi0p75,hardzero_plus_depr,0.01,34,657,0.0,1,0.4934507,0.4934507,1.0803641,0.0,0.08310666,0.0,0.0,7.298827e-05,-27.857025,2.3768485,0.7922828,0.112,0.0,0.16686557,6.5600553,6.5700555,2105600
hardzero_plus_depr__c0p60__z1p05__lam0p010__nu0p50__psi0p75,hardzero_plus_depr,0.01,34,658,0.0,1,0.4934507,0.4934507,1.0947665,0.0,0.08039583,0.0,0.0,7.244289e-05,-27.98192,2.4085343,0.80284476,0.104,0.0,0.18092547,6.5700555,6.5800557,2108800
hardzero_plus_depr__c0p60__z1p05__lam0p010__nu0p50__psi0p75,hardzero_plus_depr,0.01,34,659,0.0,1,0.4934507,0.4934507,1.0700154,0.0,0.085110776,0.0,0.0,7.1901595e-05,-28.441162,2.354081,0.78469366,0.128,0.0,0.15638055,6.5800557,6.590056,2112000
hardzero_plus_depr__c0p60__z1p05__lam0p010__nu0p50__psi0p75,hardzero_plus_depr,0.01,34,660,0.0,1,0.4934507,0.4934507,1.0557725,0.0,0.0879483,0.0,0.0,7.136434e-05,-27.05494,2.322746,0.7742487,0.104,0.0,0.13984348,6.590056,6.600056,2115200
hardzero_plus_depr__c0p60__z1p05__lam0p010__nu0p50__psi0p75,hardzero_plus_depr,0.01,34,661,0.0,1,0.4934507,0.49345753,1.0152146,0.09655737,0.09655737,1.0,6.8392637e-06,7.083109e-05,-27.169228,2.2335167,0.7445056,0.14400001,0.0,0.13266447,6.600056,6.6100564,2118400
hardzero_plus_depr__c0p60__z1p05__lam0p010__nu0p50__psi0p75,hardzero_plus_depr,0.01,34,662,0.0,1,0.49345753,0.49346426,1.0191703,0.095681876,0.095681876,1.0,6.726612e-06,7.030184e-05,-27.328081,2.2422194,0.7474065,0.16000001,0.0,0.14772275,6.6100564,6.6200566,2121600
hardzero_plus_depr__c0p60__z1p05__lam0p010__nu0p50__psi0p75,hardzero_plus_depr,0.01,34,663,0.0,1,0.49346426,0.49347132,0.9947335,0.10122002,0.10122002,1.0,7.062782e-06,6.9776535e-05,-26.864208,2.1884575,0.72948587,0.21,0.0,0.15153752,6.6200566,6.630057,2124800
hardzero_plus_depr__c0p60__z1p05__lam0p010__nu0p50__psi0p75,hardzero_plus_depr,0.01,34,664,0.0,1,0.49347132,0.49347132,1.0706258,0.0,0.08499123,0.0,0.0,6.9255155e-05,-28.072168,2.3554237,0.7851412,0.072000004,0.0,0.12435501,6.630057,6.640057,2128000
hardzero_plus_depr__c0p60__z1p05__lam0p010__nu0p50__psi0p75,hardzero_plus_depr,0.01,34,665,0.0,1,0.49347132,0.49347132,1.0507736,0.0,0.08896647,0.0,0.0,6.8737674e-05,-27.484026,2.311748,0.7705827,0.16800001,0.0,0.16462125,6.640057,6.6500573,2131200
hardzero_plus_depr__c0p60__z1p05__lam0p010__nu0p50__psi0p75,hardzero_plus_depr,0.01,34,666,0.0,1,0.49347132,0.49347785,1.0190444,0.095709614,0.095709614,1.0,6.529699e-06,6.8224064e-05,-27.187017,2.2419424,0.74731416,0.208,0.008,0.16987002,6.6500573,6.6600575,2134400
hardzero_plus_depr__c0p60__z1p05__lam0p010__nu0p50__psi0p75,hardzero_plus_depr,0.01,34,667,0.0,1,0.49347785,0.49348405,1.0388947,0.09143349,0.09143349,1.0,6.191353e-06,6.771428e-05,-26.937115,2.2856138,0.7618713,0.104,0.0,0.13062079,6.6600575,6.670058,2137600
hardzero_plus_depr__c0p60__z1p05__lam0p010__nu0p50__psi0p75,hardzero_plus_depr,0.01,34,668,0.0,1,0.49348405,0.4934915,0.95533586,0.11083174,0.11083174,1.0,7.448813e-06,6.7208304e-05,-26.15113,2.101781,0.70059365,0.2,0.0,0.15731502,6.670058,6.680058,2140800
hardzero_plus_depr__c0p60__z1p05__lam0p010__nu0p50__psi0p75,hardzero_plus_depr,0.01,34,669,0.0,1,0.4934915,0.49349812,1.0043191,0.09901043,0.09901043,1.0,6.6046023e-06,6.6706125e-05,-26.722946,2.209546,0.7365154,0.18400002,0.008,0.13316062,6.680058,6.690058,2144000
hardzero_plus_depr__c0p60__z1p05__lam0p010__nu0p50__psi0p75,hardzero_plus_depr,0.01,34,670,0.0,1,0.49349812,0.49350438,1.0236597,0.09469789,0.09469789,1.0,6.269728e-06,6.6207685e-05,-26.765535,2.2520964,0.7506988,0.14400001,0.0,0.1339385,6.690058,6.7000585,2147200
hardzero_plus_depr__c0p60__z1p05__lam0p010__nu0p50__psi0p75,hardzero_plus_depr,0.01,34,671,0.0,1,0.49350438,0.49351025,1.048182,0.08949897,0.08949897,1.0,5.881244e-06,6.571298e-05,-27.409567,2.3060465,0.7686822,0.17600001,0.0,0.14899513,6.7000585,6.7100587,2150400
hardzero_plus_depr__c0p60__z1p05__lam0p010__nu0p50__psi0p75,hardzero_plus_depr,0.01,34,672,0.0,1,0.49351025,0.49351025,1.0526485,0.0,0.088583216,0.0,0.0,6.522196e-05,-27.89897,2.3158731,0.77195776,0.15200001,0.0,0.17709176,6.7100587,6.720059,2153600
hardzero_plus_depr__c0p60__z1p05__lam0p010__nu0p50__psi0p75,hardzero_plus_depr,0.01,34,673,0.0,1,0.49351025,0.49351642,1.0209782,0.0952844,0.0952844,1.0,6.1681985e-06,6.473461e-05,-27.53715,2.246197,0.7487323,0.192,0.0,0.15804167,6.720059,6.730059,2156800
hardzero_plus_depr__c0p60__z1p05__lam0p010__nu0p50__psi0p75,hardzero_plus_depr,0.01,34,674,0.0,1,0.49351642,0.49352255,1.0207843,0.09532695,0.09532695,1.0,6.1248434e-06,6.425091e-05,-27.443235,2.2457702,0.7485901,0.136,0.0,0.1523495,6.730059,6.7400594,2160000
hardzero_plus_depr__c0p60__z1p05__lam0p010__nu0p50__psi0p75,hardzero_plus_depr,0.01,34,675,0.0,1,0.49352255,0.4935286,1.0219595,0.09506932,0.09506932,1.0,6.062648e-06,6.3770814e-05,-26.941923,2.2483559,0.749452,0.17600001,0.0,0.14352325,6.7400594,6.7500596,2163200
hardzero_plus_depr__c0p60__z1p05__lam0p010__nu0p50__psi0p75,hardzero_plus_depr,0.01,34,676,0.0,1,0.4935286,0.49353483,1.0074514,0.09829887,0.09829887,1.0,6.22176e-06,6.329432e-05,-26.733967,2.2164373,0.73881245,0.13,0.0,0.12738746,6.7500596,6.76006,2166400
hardzero_plus_depr__c0p60__z1p05__lam0p010__nu0p50__psi0p75,hardzero_plus_depr,0.01,34,677,0.0,1,0.49353483,0.49354056,1.0397402,0.09125564,0.09125564,1.0,5.7328048e-06,6.2821375e-05,-26.815182,2.2874742,0.7624914,0.15200001,0.0,0.15134253,6.76006,6.77006,2169600
hardzero_plus_depr__c0p60__z1p05__lam0p010__nu0p50__psi0p75,hardzero_plus_depr,0.01,34,678,0.0,1,0.49354056,0.49354616,1.0455445,0.090044156,0.090044156,1.0,5.6144295e-06,6.235196e-05,-28.418404,2.3002439,0.76674795,0.16000001,0.0,0.17615937,6.77006,6.7800603,2172800
hardzero_plus_depr__c0p60__z1p05__lam0p010__nu0p50__psi0p75,hardzero_plus_depr,0.01,34,679,0.0,1,0.49354616,0.4935523,1.0031651,0.099273846,0.099273846,1.0,6.1436676e-06,6.1886065e-05,-26.21796,2.2070074,0.73566914,0.18400002,0.0,0.14353992,6.7800603,6.7900605,2176000
hardzero_plus_depr__c0p60__z1p05__lam0p010__nu0p50__psi0p75,hardzero_plus_depr,0.01,34,680,0.0,1,0.4935523,0.493558,1.0331656,0.09264764,0.09264764,1.0,5.6907556e-06,6.142364e-05,-27.6487,2.2730095,0.75766987,0.096,0.0,0.15743652,6.7900605,6.8000607,2179200
hardzero_plus_depr__c0p60__z1p05__lam0p010__nu0p50__psi0p75,hardzero_plus_depr,0.01,34,681,0.0,1,0.493558,0.49356365,1.0324091,0.092809185,0.092809185,1.0,5.6580825e-06,6.096468e-05,-27.315783,2.2713454,0.7571151,0.136,0.0,0.1477383,6.8000607,6.810061,2182400
hardzero_plus_depr__c0p60__z1p05__lam0p010__nu0p50__psi0p75,hardzero_plus_depr,0.01,34,682,0.0,1,0.49356365,0.49356908,1.047447,0.08965055,0.08965055,1.0,5.424678e-06,6.0509145e-05,-27.35564,2.3044293,0.7681431,0.136,0.0,0.14823632,6.810061,6.820061,2185600
hardzero_plus_depr__c0p60__z1p05__lam0p010__nu0p50__psi0p75,hardzero_plus_depr,0.01,34,683,0.0,1,0.49356908,0.49357444,1.0479714,0.08954238,0.08954238,1.0,5.3776475e-06,6.005701e-05,-27.15435,2.305583,0.7685277,0.18400002,0.0,0.17600653,6.820061,6.8300614,2188800
hardzero_plus_depr__c0p60__z1p05__lam0p010__nu0p50__psi0p75,hardzero_plus_depr,0.01,34,684,0.0,1,0.49357444,0.4935806,0.9847815,0.103566304,0.103566304,1.0,6.173407e-06,5.960826e-05,-25.84049,2.1665626,0.7221875,0.208,0.0,0.14662728,6.8300614,6.8400617,2192000
hardzero_plus_depr__c0p60__z1p05__lam0p010__nu0p50__psi0p75,hardzero_plus_depr,0.01,34,685,0.0,1,0.4935806,0.493586,1.0393152,0.091345005,0.091345005,1.0,5.404231e-06,5.9162856e-05,-27.611103,2.286539,0.76217973,0.192,0.0,0.14799938,6.8400617,6.850062,2195200
hardzero_plus_depr__c0p60__z1p05__lam0p010__nu0p50__psi0p75,hardzero_plus_depr,0.01,34,686,0.0,1,0.493586,0.4935917,1.0144653,0.0967241,0.0967241,1.0,5.6797157e-06,5.872079e-05,-26.808617,2.2318683,0.7439561,0.16000001,0.0,0.13436277,6.850062,6.860062,2198400
hardzero_plus_depr__c0p60__z1p05__lam0p010__nu0p50__psi0p75,hardzero_plus_depr,0.01,34,687,0.0,1,0.4935917,0.49359807,0.9613215,0.10931468,0.10931468,1.0,6.37108e-06,5.8282018e-05,-25.72624,2.1149495,0.7049832,0.16000001,0.0,0.11720902,6.860062,6.8700624,2201600
hardzero_plus_depr__c0p60__z1p05__lam0p010__nu0p50__psi0p75,hardzero_plus_depr,0.01,34,688,0.0,1,0.49359807,0.49359807,1.0852307,0.0,0.0821806,0.0,0.0,5.7846526e-05,-27.96409,2.3875554,0.7958518,0.096,0.0,0.15592898,6.8700624,6.8800626,2204800
hardzero_plus_depr__c0p60__z1p05__lam0p010__nu0p50__psi0p75,hardzero_plus_depr,0.01,34,689,0.0,1,0.49359807,0.49360326,1.0446368,0.090232536,0.090232536,1.0,5.1806373e-06,5.7414294e-05,-27.168335,2.2982469,0.7660823,0.099999994,0.0,0.15257752,6.8800626,6.890063,2208000
hardzero_plus_depr__c0p60__z1p05__lam0p010__nu0p50__psi0p75,hardzero_plus_depr,0.01,34,690,0.0,1,0.49360326,0.49360952,0.95836955,0.11006023,0.11006023,1.0,6.2718136e-06,5.6985285e-05,-25.436632,2.1084552,0.7028184,0.14400001,0.0,0.13358,6.890063,6.900063,2211200
hardzero_plus_depr__c0p60__z1p05__lam0p010__nu0p50__psi0p75,hardzero_plus_depr,0.01,34,691,0.0,1,0.49360952,0.49361518,0.99925464,0.10017176,0.10017176,1.0,5.6656636e-06,5.655949e-05,-25.334728,2.198404,0.7328014,0.112,0.0,0.15154949,6.900063,6.9100633,2214400
hardzero_plus_depr__c0p60__z1p05__lam0p010__nu0p50__psi0p75,hardzero_plus_depr,0.01,34,692,0.0,1,0.49361518,0.49361518,1.0588723,0.0,0.087322794,0.0,0.0,5.613687e-05,-27.613047,2.3295658,0.7765219,0.120000005,0.0,0.1719048,6.9100633,6.9200635,2217600
hardzero_plus_depr__c0p60__z1p05__lam0p010__nu0p50__psi0p75,hardzero_plus_depr,0.01,34,693,0.0,1,0.49361518,0.49361518,1.0612354,0.0,0.08684894,0.0,0.0,5.5717406e-05,-28.133602,2.3347645,0.77825487,0.18400002,0.0,0.16974369,6.9200635,6.9300637,2220800
hardzero_plus_depr__c0p60__z1p05__lam0p010__nu0p50__psi0p75,hardzero_plus_depr,0.01,34,694,0.0,1,0.49361518,0.49362096,0.98107904,0.10445302,0.10445302,1.0,5.7763646e-06,5.530108e-05,-25.976654,2.158417,0.71947235,0.136,0.0,0.15406416,6.9300637,6.940064,2224000
hardzero_plus_depr__c0p60__z1p05__lam0p010__nu0p50__psi0p75,hardzero_plus_depr,0.01,34,695,0.0,1,0.49362096,0.49362096,1.0605302,0.0,0.08699009,0.0,0.0,5.4887863e-05,-27.445803,2.333213,0.77773774,0.112,0.0,0.14957026,6.940064,6.950064,2227200
hardzero_plus_depr__c0p60__z1p05__lam0p010__nu0p50__psi0p75,hardzero_plus_depr,0.01,34,696,0.0,1,0.49362096,0.49362096,1.061567,0.0,0.086782664,0.0,0.0,5.4477736e-05,-28.41286,2.3354938,0.77849793,0.112,0.0,0.14576566,6.950064,6.9600644,2230400
hardzero_plus_depr__c0p60__z1p05__lam0p010__nu0p50__psi0p75,hardzero_plus_depr,0.01,34,697,0.0,1,0.49362096,0.49362648,0.9917358,0.101921104,0.101921104,1.0,5.510943e-06,5.4070675e-05,-26.509878,2.1818624,0.7272875,0.192,0.0,0.1304085,6.9600644,6.9700646,2233600
hardzero_plus_depr__c0p60__z1p05__lam0p010__nu0p50__psi0p75,hardzero_plus_depr,0.01,34,698,0.0,1,0.49362648,0.49363154,1.0255828,0.09427949,0.09427949,1.0,5.0596645e-06,5.3666652e-05,-26.817074,2.2563272,0.75210905,0.15200001,0.0,0.14093582,6.9700646,6.980065,2236800
hardzero_plus_depr__c0p60__z1p05__lam0p010__nu0p50__psi0p75,hardzero_plus_depr,0.01,34,699,0.0,1,0.49363154,0.49363634,1.0442181,0.09031957,0.09031957,1.0,4.8109305e-06,5.326565e-05,-28.151197,2.2973256,0.7657752,0.14400001,0.0,0.14104958,6.980065,6.990065,2240000
hardzero_plus_depr__c0p60__z1p05__lam0p010__nu0p50__psi0p75,hardzero_plus_depr,0.01,34,700,0.0,1,0.49363634,0.49363634,1.0756699,0.0,0.08400983,0.0,0.0,5.286764e-05,-28.092407,2.366521,0.7888403,0.16800001,0.0,0.16509649,6.990065,7.0000653,2243200
hardzero_plus_depr__c0p60__z1p05__lam0p010__nu0p50__psi0p75,hardzero_plus_depr,0.01,34,701,0.0,1,0.49363634,0.49363634,1.0735617,0.0,0.084418625,0.0,0.0,5.247261e-05,-28.55938,2.361883,0.7872943,0.136,0.0,0.16723701,7.0000653,7.0100656,2246400
hardzero_plus_depr__c0p60__z1p05__lam0p010__nu0p50__psi0p75,hardzero_plus_depr,0.01,34,702,0.0,1,0.49363634,0.49364123,1.0283082,0.09368969,0.09368969,1.0,4.879408e-06,5.2080526e-05,-26.577602,2.2623231,0.7541077,0.17,0.0,0.14461993,7.0100656,7.020066,2249600
hardzero_plus_depr__c0p60__z1p05__lam0p010__nu0p50__psi0p75,hardzero_plus_depr,0.01,34,703,0.0,1,0.49364123,0.49364597,1.0387896,0.091455616,0.091455616,1.0,4.727467e-06,5.169138e-05,-26.90338,2.2853827,0.76179427,0.120000005,0.0,0.14659348,7.020066,7.030066,2252800
hardzero_plus_depr__c0p60__z1p05__lam0p010__nu0p50__psi0p75,hardzero_plus_depr,0.01,34,704,0.0,1,0.49364597,0.4936507,1.033162,0.09264842,0.09264842,1.0,4.753339e-06,5.130513e-05,-27.747614,2.2730017,0.75766724,0.192,0.016,0.16704026,7.030066,7.0400662,2256000
hardzero_plus_depr__c0p60__z1p05__lam0p010__nu0p50__psi0p75,hardzero_plus_depr,0.01,34,705,0.0,1,0.4936507,0.4936554,1.0348626,0.09228633,0.09228633,1.0,4.699383e-06,5.0921768e-05,-27.335567,2.2767432,0.7589144,0.18400002,0.0,0.14272618,7.0400662,7.0500665,2259200
hardzero_plus_depr__c0p60__z1p05__lam0p010__nu0p50__psi0p75,hardzero_plus_depr,0.01,34,706,0.0,1,0.4936554,0.49366036,1.0089401,0.097962506,0.097962506,1.0,4.951151e-06,5.0541283e-05,-27.455091,2.2197125,0.73990417,0.2,0.0,0.15624133,7.0500665,7.0600667,2262400
hardzero_plus_depr__c0p60__z1p05__lam0p010__nu0p50__psi0p75,hardzero_plus_depr,0.01,34,707,0.0,1,0.49366036,0.493666,0.95046616,0.11208147,0.11208147,1.0,5.622413e-06,5.0163628e-05,-25.755148,2.0910673,0.69702244,0.208,0.0,0.1418822,7.0600667,7.070067,2265600
hardzero_plus_depr__c0p60__z1p05__lam0p010__nu0p50__psi0p75,hardzero_plus_depr,0.01,34,708,0.0,1,0.493666,0.49367046,1.0463986,0.089867234,0.089867234,1.0,4.474382e-06,4.9788803e-05,-26.862204,2.302123,0.7673744,0.15200001,0.0,0.14973325,7.070067,7.080067,2268800
hardzero_plus_depr__c0p60__z1p05__lam0p010__nu0p50__psi0p75,hardzero_plus_depr,0.01,34,709,0.0,1,0.49367046,0.4936757,0.97293913,0.10642922,0.10642922,1.0,5.2593887e-06,4.9416773e-05,-25.662064,2.140509,0.713503,0.15200001,0.0,0.13244218,7.080067,7.0900674,2272000
hardzero_plus_depr__c0p60__z1p05__lam0p010__nu0p50__psi0p75,hardzero_plus_depr,0.01,34,710,0.0,1,0.4936757,0.4936805,1.0099276,0.09774001,0.09774001,1.0,4.7939056e-06,4.9047525e-05,-27.336527,2.2218852,0.7406284,0.14400001,0.0,0.15189275,7.0900674,7.1000676,2275200
hardzero_plus_depr__c0p60__z1p05__lam0p010__nu0p50__psi0p75,hardzero_plus_depr,0.01,34,711,0.0,1,0.4936805,0.4936855,0.9889554,0.10257573,0.10257573,1.0,4.9934924e-06,4.8681035e-05,-25.867105,2.1757452,0.72524846,0.14400001,0.0,0.121459834,7.1000676,7.110068,2278400
hardzero_plus_depr__c0p60__z1p05__lam0p010__nu0p50__psi0p75,hardzero_plus_depr,0.01,34,712,0.0,1,0.4936855,0.4936904,0.9944916,0.10127644,0.10127644,1.0,4.8934025e-06,4.8317284e-05,-26.474976,2.187925,0.72930837,0.104,0.0,0.15802188,7.110068,7.120068,2281600
hardzero_plus_depr__c0p60__z1p05__lam0p010__nu0p50__psi0p75,hardzero_plus_depr,0.01,34,713,0.0,1,0.4936904,0.4936904,1.0767477,0.0,0.083801605,0.0,0.0,4.795625e-05,-29.118656,2.3688922,0.7896308,0.104,0.0,0.1788138,7.120068,7.1300683,2284800
hardzero_plus_depr__c0p60__z1p05__lam0p010__nu0p50__psi0p75,hardzero_plus_depr,0.01,34,714,0.0,1,0.4936904,0.49369475,1.0375384,0.091719486,0.091719486,1.0,4.3656564e-06,4.7597918e-05,-27.377045,2.28263,0.76087666,0.16800001,0.0,0.15365574,7.1300683,7.1400685,2288000
hardzero_plus_depr__c0p60__z1p05__lam0p010__nu0p50__psi0p75,hardzero_plus_depr,0.01,34,715,0.0,1,0.49369475,0.49369925,1.0214002,0.095191844,0.095191844,1.0,4.4970775e-06,4.7242258e-05,-27.433403,2.2471254,0.7490418,0.14,0.0,0.14662132,7.1400685,7.1500688,2291200
hardzero_plus_depr__c0p60__z1p05__lam0p010__nu0p50__psi0p75,hardzero_plus_depr,0.01,34,716,0.0,1,0.49369925,0.4937043,0.96921545,0.10734566,0.10734566,1.0,5.0333592e-06,4.6889265e-05,-26.183794,2.1323166,0.7107722,0.16800001,0.0,0.13300402,7.1500688,7.160069,2294400
hardzero_plus_depr__c0p60__z1p05__lam0p010__nu0p50__psi0p75,hardzero_plus_depr,0.01,34,717,0.0,1,0.4937043,0.4937043,1.1026778,0.0,0.07894455,0.0,0.0,4.6538902e-05,-29.032347,2.4259396,0.80864656,0.216,0.0,0.16288202,7.160069,7.170069,2297600
hardzero_plus_depr__c0p60__z1p05__lam0p010__nu0p50__psi0p75,hardzero_plus_depr,0.01,34,718,0.0,1,0.4937043,0.4937088,1.0114452,0.097399086,0.097399086,1.0,4.498976e-06,4.6191155e-05,-26.356552,2.2252238,0.7417413,0.16800001,0.0,0.16142933,7.170069,7.1800694,2300800
hardzero_plus_depr__c0p60__z1p05__lam0p010__nu0p50__psi0p75,hardzero_plus_depr,0.01,34,719,0.0,1,0.4937088,0.4937088,1.0811815,0.0,0.0829504,0.0,0.0,4.584601e-05,-28.456564,2.3786469,0.7928823,0.128,0.0,0.15213203,7.1800694,7.1900697,2304000
hardzero_plus_depr__c0p60__z1p05__lam0p010__nu0p50__psi0p75,hardzero_plus_depr,0.01,34,720,0.0,1,0.4937088,0.4937088,1.0659426,0.0,0.0859127,0.0,0.0,4.5503442e-05,-27.773945,2.3451207,0.7817069,0.128,0.0,0.1432907,7.1900697,7.20007,2307200
hardzero_plus_depr__c0p60__z1p05__lam0p010__nu0p50__psi0p75,hardzero_plus_depr,0.01,34,721,0.0,1,0.4937088,0.4937088,1.0517336,0.0,0.088770024,0.0,0.0,4.516344e-05,-27.51697,2.3138602,0.7712867,0.096,0.0,0.1627622,7.20007,7.21007,2310400
hardzero_plus_depr__c0p60__z1p05__lam0p010__nu0p50__psi0p75,hardzero_plus_depr,0.01,34,722,0.0,1,0.4937088,0.49371323,1.0045563,0.09895635,0.09895635,1.0,4.4358144e-06,4.482597e-05,-27.072308,2.210068,0.7366893,0.16000001,0.0,0.17604472,7.21007,7.2200704,2313600
hardzero_plus_depr__c0p60__z1p05__lam0p010__nu0p50__psi0p75,hardzero_plus_depr,0.01,34,723,0.0,1,0.49371323,0.49371323,1.0562481,0.0,0.08785206,0.0,0.0,4.4491026e-05,-27.51437,2.3237922,0.7745974,0.112,0.0,0.16942486,7.2200704,7.2300706,2316800
hardzero_plus_depr__c0p60__z1p05__lam0p010__nu0p50__psi0p75,hardzero_plus_depr,0.01,34,724,0.0,1,0.49371323,0.49371752,1.0117383,0.097333364,0.097333364,1.0,4.2981032e-06,4.415858e-05,-27.297358,2.2258687,0.74195623,0.16800001,0.0,0.1387026,7.2300706,7.240071,2320000
hardzero_plus_depr__c0p60__z1p05__lam0p010__nu0p50__psi0p75,hardzero_plus_depr,0.01,34,725,0.0,1,0.49371752,0.49372163,1.0280737,0.0937403,0.0937403,1.0,4.108508e-06,4.3828622e-05,-27.207193,2.2618072,0.75393575,0.15200001,0.0,0.12886363,7.240071,7.250071,2323200
hardzero_plus_depr__c0p60__z1p05__lam0p010__nu0p50__psi0p75,hardzero_plus_depr,0.01,34,726,0.0,1,0.49372163,0.4937256,1.0398494,0.09123272,0.09123272,1.0,3.9687266e-06,4.350113e-05,-27.799923,2.2877145,0.7625715,0.136,0.0,0.17928573,7.250071,7.2600713,2326400
hardzero_plus_depr__c0p60__z1p05__lam0p010__nu0p50__psi0p75,hardzero_plus_depr,0.01,34,727,0.0,1,0.4937256,0.49372977,1.014183,0.09678698,0.09678698,1.0,4.178883e-06,4.3176085e-05,-26.576784,2.2312472,0.7437491,0.17600001,0.0,0.14825852,7.2600713,7.2700715,2329600
hardzero_plus_depr__c0p60__z1p05__lam0p010__nu0p50__psi0p75,hardzero_plus_depr,0.01,34,728,0.0,1,0.49372977,0.49372977,1.061713,0.0,0.086753495,0.0,0.0,4.2853466e-05,-27.44001,2.3358152,0.7786051,0.11,0.0,0.1588794,7.2700715,7.2800717,2332800
hardzero_plus_depr__c0p60__z1p05__lam0p010__nu0p50__psi0p75,hardzero_plus_depr,0.01,34,729,0.0,1,0.49372977,0.49372977,1.11094,0.0,0.07745688,0.0,0.0,4.2533262e-05,-28.867455,2.4441168,0.8147056,0.128,0.0,0.14381358,7.2800717,7.290072,2336000
hardzero_plus_depr__c0p60__z1p05__lam0p010__nu0p50__psi0p75,hardzero_plus_depr,0.01,34,730,0.0,1,0.49372977,0.49373382,1.0177324,0.095999196,0.095999196,1.0,4.0526493e-06,4.2215448e-05,-26.938747,2.2390559,0.74635196,0.17600001,0.0,0.1396095,7.290072,7.300072,2339200
hardzero_plus_depr__c0p60__z1p05__lam0p010__nu0p50__psi0p75,hardzero_plus_depr,0.01,34,731,0.0,1,0.49373382,0.49373806,0.99543405,0.1010569,0.1010569,1.0,4.2342854e-06,4.190001e-05,-26.383917,2.1899986,0.72999954,0.18400002,0.0,0.1297744,7.300072,7.3100724,2342400
hardzero_plus_depr__c0p60__z1p05__lam0p010__nu0p50__psi0p75,hardzero_plus_depr,0.01,34,732,0.0,1,0.49373806,0.4937423,0.9936766,0.10146667,0.10146667,1.0,4.2196875e-06,4.1586933e-05,-26.552052,2.1861322,0.7287108,0.17600001,0.0,0.13983884,7.3100724,7.3200727,2345600
hardzero_plus_depr__c0p60__z1p05__lam0p010__nu0p50__psi0p75,hardzero_plus_depr,0.01,34,733,0.0,1,0.4937423,0.4937423,1.0550066,0.0,0.08810354,0.0,0.0,4.1276187e-05,-27.59385,2.321061,0.773687,0.16800001,0.0,0.212308,7.3200727,7.330073,2348800
hardzero_plus_depr__c0p60__z1p05__lam0p010__nu0p50__psi0p75,hardzero_plus_depr,0.01,34,734,0.0,1,0.4937423,0.49374643,0.9936763,0.101466745,0.101466745,1.0,4.156866e-06,4.0967767e-05,-26.44817,2.1861315,0.72871053,0.192,0.0,0.11972438,7.330073,7.340073,2352000
hardzero_plus_depr__c0p60__z1p05__lam0p010__nu0p50__psi0p75,hardzero_plus_depr,0.01,34,735,0.0,1,0.49374643,0.49374643,1.0596195,0.0,0.087172695,0.0,0.0,4.066165e-05,-28.071014,2.3312094,0.7770698,0.17600001,0.0,0.13908628,7.340073,7.3500733,2355200
hardzero_plus_depr__c0p60__z1p05__lam0p010__nu0p50__psi0p75,hardzero_plus_depr,0.01,34,736,0.0,1,0.49374643,0.49375004,1.0486816,0.08939607,0.08939607,1.0,3.6078306e-06,4.0357823e-05,-28.052328,2.3071456,0.7690486,0.14400001,0.0,0.14700522,7.3500733,7.3600736,2358400
hardzero_plus_depr__c0p60__z1p05__lam0p010__nu0p50__psi0p75,hardzero_plus_depr,0.01,34,737,0.0,1,0.49375004,0.49375418,0.98501956,0.103509545,0.103509545,1.0,4.146206e-06,4.0056264e-05,-26.901134,2.1670864,0.72236216,0.18400002,0.0,0.14558487,7.3600736,7.370074,2361600
hardzero_plus_depr__c0p60__z1p05__lam0p010__nu0p50__psi0p75,hardzero_plus_depr,0.01,34,738,0.0,1,0.49375418,0.49375418,1.0500674,0.0,0.08911126,0.0,0.0,3.975696e-05,-27.744253,2.3101945,0.77006483,0.16000001,0.0,0.12783997,7.370074,7.380074,2364800
hardzero_plus_depr__c0p60__z1p05__lam0p010__nu0p50__psi0p75,hardzero_plus_depr,0.01,34,739,0.0,1,0.49375418,0.49375418,1.1201004,0.0,0.07584023,0.0,0.0,3.945989e-05,-28.888678,2.46427,0.8214234,0.112,0.0,0.18982331,7.380074,7.3900743,2368000
hardzero_plus_depr__c0p60__z1p05__lam0p010__nu0p50__psi0p75,hardzero_plus_depr,0.01,34,740,0.0,1,0.49375418,0.493758,1.0127131,0.09711512,0.09711512,1.0,3.803518e-06,3.9165043e-05,-27.339287,2.2280133,0.74267113,0.192,0.0,0.16867843,7.3900743,7.4000745,2371200
hardzero_plus_depr__c0p60__z1p05__lam0p010__nu0p50__psi0p75,hardzero_plus_depr,0.01,34,741,0.0,1,0.493758,0.4937617,1.0213269,0.095207915,0.095207915,1.0,3.7009597e-06,3.8872397e-05,-26.922094,2.246964,0.74898803,0.089999996,0.0,0.13561174,7.4000745,7.4100747,2374400
hardzero_plus_depr__c0p60__z1p05__lam0p010__nu0p50__psi0p75,hardzero_plus_depr,0.01,34,742,0.0,1,0.4937617,0.4937654,1.0154753,0.09649943,0.09649943,1.0,3.7231348e-06,3.8581937e-05,-26.909052,2.23409,0.74469674,0.18400002,0.0,0.14113262,7.4100747,7.420075,2377600
hardzero_plus_depr__c0p60__z1p05__lam0p010__nu0p50__psi0p75,hardzero_plus_depr,0.01,34,743,0.0,1,0.4937654,0.49376908,1.0178812,0.09596631,0.09596631,1.0,3.6748997e-06,3.8293645e-05,-27.263752,2.2393832,0.7464611,0.136,0.0,0.12182924,7.420075,7.430075,2380800
hardzero_plus_depr__c0p60__z1p05__lam0p010__nu0p50__psi0p75,hardzero_plus_depr,0.01,34,744,0.0,1,0.49376908,0.49377263,1.0285816,0.093630716,0.093630716,1.0,3.5586709e-06,3.8007514e-05,-27.647404,2.2629247,0.7543082,0.192,0.0,0.1514714,7.430075,7.4400754,2384000
hardzero_plus_depr__c0p60__z1p05__lam0p010__nu0p50__psi0p75,hardzero_plus_depr,0.01,34,745,0.0,1,0.49377263,0.49377653,0.98386025,0.103786245,0.103786245,1.0,3.915182e-06,3.7723516e-05,-25.944338,2.1645358,0.72151196,0.224,0.0,0.13996777,7.4400754,7.4500756,2387200
hardzero_plus_depr__c0p60__z1p05__lam0p010__nu0p50__psi0p75,hardzero_plus_depr,0.01,34,746,0.0,1,0.49377653,0.49377653,1.1003895,0.0,0.07936161,0.0,0.0,3.7441645e-05,-28.802305,2.420905,0.8069684,0.15200001,0.0,0.18324608,7.4500756,7.460076,2390400
hardzero_plus_depr__c0p60__z1p05__lam0p010__nu0p50__psi0p75,hardzero_plus_depr,0.01,34,747,0.0,1,0.49377653,0.49377653,1.0920665,0.0,0.0808972,0.0,0.0,3.7161873e-05,-28.202065,2.4025943,0.8008648,0.15200001,0.0,0.16475381,7.460076,7.470076,2393600
hardzero_plus_depr__c0p60__z1p05__lam0p010__nu0p50__psi0p75,hardzero_plus_depr,0.01,34,748,0.0,1,0.49377653,0.4937799,1.0397588,0.09125175,0.09125175,1.0,3.3657477e-06,3.6884197e-05,-27.05781,2.2875152,0.76250505,0.120000005,0.0,0.1416846,7.470076,7.4800763,2396800
hardzero_plus_depr__c0p60__z1p05__lam0p010__nu0p50__psi0p75,hardzero_plus_depr,0.01,34,749,0.0,1,0.4937799,0.4937799,1.0661813,0.0,0.0858655,0.0,0.0,3.6608595e-05,-28.119202,2.3456457,0.7818819,0.096,0.0,0.16860466,7.4800763,7.4900765,2400000
hardzero_plus_depr__c0p60__z1p05__lam0p010__nu0p50__psi0p75,hardzero_plus_depr,0.01,34,750,0.0,1,0.4937799,0.4937833,1.0286335,0.09361953,0.09361953,1.0,3.4016703e-06,3.633505e-05,-27.416971,2.2630389,0.7543463,0.16800001,0.0,0.1439755,7.4900765,7.500077,2403200
hardzero_plus_depr__c0p60__z1p05__lam0p010__nu0p50__psi0p75,hardzero_plus_depr,0.01,34,751,0.0,1,0.4937833,0.4937833,1.0720211,0.0,0.08471863,0.0,0.0,3.606355e-05,-27.566013,2.3584936,0.7861645,0.080000006,0.0,0.1417464,7.500077,7.510077,2406400
hardzero_plus_depr__c0p60__z1p05__lam0p010__nu0p50__psi0p75,hardzero_plus_depr,0.01,34,752,0.0,1,0.4937833,0.49378687,1.0005985,0.09986226,0.09986226,1.0,3.5744774e-06,3.5794077e-05,-25.425888,2.2013607,0.73378694,0.14400001,0.0,0.113007054,7.510077,7.520077,2409600
hardzero_plus_depr__c0p60__z1p05__lam0p010__nu0p50__psi0p75,hardzero_plus_depr,0.01,34,753,0.0,1,0.49378687,0.49379012,1.0397178,0.091260366,0.091260366,1.0,3.2421724e-06,3.552662e-05,-27.39002,2.2874248,0.76247495,0.24800001,0.008,0.15348743,7.520077,7.5300775,2412800
hardzero_plus_depr__c0p60__z1p05__lam0p010__nu0p50__psi0p75,hardzero_plus_depr,0.01,34,754,0.0,1,0.49379012,0.49379376,0.98615533,0.10323919,0.10323919,1.0,3.6403342e-06,3.5261164e-05,-25.958221,2.169585,0.723195,0.14999999,0.0,0.13160849,7.5300775,7.5400777,2416000
hardzero_plus_depr__c0p60__z1p05__lam0p010__nu0p50__psi0p75,hardzero_plus_depr,0.01,34,755,0.0,1,0.49379376,0.49379376,1.054719,0.0,0.088161916,0.0,0.0,3.4997687e-05,-27.724306,2.3204281,0.77347606,0.15200001,0.0,0.15909928,7.5400777,7.550078,2419200
hardzero_plus_depr__c0p60__z1p05__lam0p010__nu0p50__psi0p75,hardzero_plus_depr,0.01,34,756,0.0,1,0.49379376,0.49379742,0.97729963,0.105365954,0.105365954,1.0,3.6600109e-06,3.4736182e-05,-26.418987,2.1501021,0.71670073,0.15200001,0.0,0.128967,7.550078,7.560078,2422400
hardzero_plus_depr__c0p60__z1p05__lam0p010__nu0p50__psi0p75,hardzero_plus_depr,0.01,34,757,0.0,1,0.49379742,0.4938005,1.0498327,0.08915944,0.08915944,1.0,3.0739166e-06,3.4476627e-05,-27.149788,2.309678,0.7698927,0.15200001,0.0,0.14667934,7.560078,7.5700784,2425600
hardzero_plus_depr__c0p60__z1p05__lam0p010__nu0p50__psi0p75,hardzero_plus_depr,0.01,34,758,0.0,1,0.4938005,0.49380365,1.0349653,0.09226451,0.09226451,1.0,3.1572006e-06,3.4219014e-05,-26.846973,2.276969,0.7589897,0.14400001,0.0,0.14008628,7.5700784,7.5800786,2428800
hardzero_plus_depr__c0p60__z1p05__lam0p010__nu0p50__psi0p75,hardzero_plus_depr,0.01,34,759,0.0,1,0.49380365,0.49380675,1.0410771,0.09097517,0.09097517,1.0,3.0898195e-06,3.3963326e-05,-28.194086,2.2904155,0.76347184,0.16800001,0.0,0.16436677,7.5800786,7.590079,2432000
hardzero_plus_depr__c0p60__z1p05__lam0p010__nu0p50__psi0p75,hardzero_plus_depr,0.01,34,760,0.0,1,0.49380675,0.49380982,1.0393468,0.091338366,0.091338366,1.0,3.078975e-06,3.3709548e-05,-28.489809,2.2866087,0.7622029,0.128,0.0,0.1513879,7.590079,7.600079,2435200
hardzero_plus_depr__c0p60__z1p05__lam0p010__nu0p50__psi0p75,hardzero_plus_depr,0.01,34,761,0.0,1,0.49380982,0.49380982,1.0502892,0.0,0.08906576,0.0,0.0,3.345767e-05,-28.243923,2.3106823,0.77022743,0.15200001,0.0,0.1445774,7.600079,7.6100793,2438400
hardzero_plus_depr__c0p60__z1p05__lam0p010__nu0p50__psi0p75,hardzero_plus_depr,0.01,34,762,0.0,1,0.49380982,0.49381307,1.0087596,0.09800322,0.09800322,1.0,3.2544583e-06,3.3207667e-05,-26.548677,2.2193155,0.73977184,0.16000001,0.0,0.13597153,7.6100793,7.6200795,2441600
hardzero_plus_depr__c0p60__z1p05__lam0p010__nu0p50__psi0p75,hardzero_plus_depr,0.01,34,763,0.0,1,0.49381307,0.49381608,1.0385513,0.0915058,0.0915058,1.0,3.0159883e-06,3.295953e-05,-27.903028,2.2848585,0.7616195,0.14400001,0.0,0.17465691,7.6200795,7.6300797,2444800
hardzero_plus_depr__c0p60__z1p05__lam0p010__nu0p50__psi0p75,hardzero_plus_depr,0.01,34,764,0.0,1,0.49381608,0.4938192,1.0197058,0.09556398,0.09556398,1.0,3.126209e-06,3.271326e-05,-26.944092,2.2433975,0.74779916,0.2,0.0,0.1480789,7.6300797,7.64008,2448000
hardzero_plus_depr__c0p60__z1p05__lam0p010__nu0p50__psi0p75,hardzero_plus_depr,0.01,34,765,0.0,1,0.4938192,0.4938192,1.0542104,0.0,0.08826522,0.0,0.0,3.246882e-05,-28.039633,2.3193092,0.7731031,0.14400001,0.0,0.17393014,7.64008,7.65008,2451200
hardzero_plus_depr__c0p60__z1p05__lam0p010__nu0p50__psi0p75,hardzero_plus_depr,0.01,34,766,0.0,1,0.4938192,0.49382222,1.0298873,0.09334964,0.09334964,1.0,3.0083052e-06,3.222621e-05,-27.029385,2.2657974,0.75526583,0.192,0.0,0.14683291,7.65008,7.6600804,2454400
hardzero_plus_depr__c0p60__z1p05__lam0p010__nu0p50__psi0p75,hardzero_plus_depr,0.01,34,767,0.0,1,0.49382222,0.49382514,1.0406001,0.09107515,0.09107515,1.0,2.9130763e-06,3.198541e-05,-27.209753,2.2893658,0.76312196,0.11,0.0,0.17318366,7.6600804,7.6700807,2457600
hardzero_plus_depr__c0p60__z1p05__lam0p010__nu0p50__psi0p75,hardzero_plus_depr,0.01,34,768,0.0,1,0.49382514,0.4938282,1.0160214,0.096378155,0.096378155,1.0,3.059661e-06,3.1746415e-05,-27.22507,2.2352917,0.7450973,0.14400001,0.0,0.1624442,7.6700807,7.680081,2460800
hardzero_plus_depr__c0p60__z1p05__lam0p010__nu0p50__psi0p75,hardzero_plus_depr,0.01,34,769,0.0,1,0.4938282,0.49383116,1.0287945,0.093584836,0.093584836,1.0,2.9487833e-06,3.15092e-05,-27.66313,2.2633932,0.7544644,0.112,0.0,0.16234162,7.680081,7.690081,2464000
hardzero_plus_depr__c0p60__z1p05__lam0p010__nu0p50__psi0p75,hardzero_plus_depr,0.01,34,770,0.0,1,0.49383116,0.49383435,0.99290437,0.10164726,0.10164726,1.0,3.178892e-06,3.127376e-05,-26.769848,2.1844332,0.7281444,0.18400002,0.0,0.15958229,7.690081,7.7000813,2467200
hardzero_plus_depr__c0p60__z1p05__lam0p010__nu0p50__psi0p75,hardzero_plus_depr,0.01,34,771,0.0,1,0.49383435,0.49383724,1.0316283,0.0929762,0.0929762,1.0,2.8859886e-06,3.104008e-05,-27.422436,2.2696276,0.75654256,0.16000001,0.0,0.1490887,7.7000813,7.7100816,2470400
hardzero_plus_depr__c0p60__z1p05__lam0p010__nu0p50__psi0p75,hardzero_plus_depr,0.01,34,772,0.0,1,0.49383724,0.4938402,1.0204662,0.0953968,0.0953968,1.0,2.9389983e-06,3.0808143e-05,-26.917397,2.2450705,0.7483568,0.17600001,0.008,0.16314332,7.7100816,7.720082,2473600
hardzero_plus_depr__c0p60__z1p05__lam0p010__nu0p50__psi0p75,hardzero_plus_depr,0.01,34,773,0.0,1,0.4938402,0.49384344,0.97311646,0.10638576,0.10638576,1.0,3.2530572e-06,3.057794e-05,-26.56134,2.140899,0.713633,0.128,0.0,0.16467717,7.720082,7.730082,2476800
hardzero_plus_depr__c0p60__z1p05__lam0p010__nu0p50__psi0p75,hardzero_plus_depr,0.01,34,774,0.0,1,0.49384344,0.49384636,1.017375,0.09607824,0.09607824,1.0,2.9159228e-06,3.034946e-05,-27.304037,2.2382698,0.74608994,0.16000001,0.0,0.16596517,7.730082,7.7400823,2480000
hardzero_plus_depr__c0p60__z1p05__lam0p010__nu0p50__psi0p75,hardzero_plus_depr,0.01,34,775,0.0,1,0.49384636,0.49384636,1.0667448,0.0,0.08575416,0.0,0.0,3.0122685e-05,-28.431295,2.3468854,0.78229517,0.16000001,0.0,0.15761799,7.7400823,7.7500825,2483200
hardzero_plus_depr__c0p60__z1p05__lam0p010__nu0p50__psi0p75,hardzero_plus_depr,0.01,34,776,0.0,1,0.49384636,0.4938494,0.9948931,0.10118284,0.10118284,1.0,3.0251247e-06,2.9897605e-05,-26.382366,2.1888084,0.7296028,0.17600001,0.0,0.15422957,7.7500825,7.7600827,2486400
hardzero_plus_depr__c0p60__z1p05__lam0p010__nu0p50__psi0p75,hardzero_plus_depr,0.01,34,777,0.0,1,0.4938494,0.4938521,1.0391378,0.09138231,0.09138231,1.0,2.7116976e-06,2.9674207e-05,-27.66031,2.286149,0.7620497,0.14400001,0.0,0.15217489,7.7600827,7.770083,2489600
hardzero_plus_depr__c0p60__z1p05__lam0p010__nu0p50__psi0p75,hardzero_plus_depr,0.01,34,778,0.0,1,0.4938521,0.4938521,1.0664562,0.0,0.08581115,0.0,0.0,2.9452474e-05,-28.310474,2.3462505,0.7820835,0.128,0.0,0.14483137,7.770083,7.780083,2492800
hardzero_plus_depr__c0p60__z1p05__lam0p010__nu0p50__psi0p75,hardzero_plus_depr,0.01,34,779,0.0,1,0.4938521,0.49385473,1.0449164,0.09017447,0.09017447,1.0,2.6360167e-06,2.9232406e-05,-27.332802,2.298862,0.7662873,0.192,0.008,0.18094555,7.780083,7.7900834,2496000
hardzero_plus_depr__c0p60__z1p05__lam0p010__nu0p50__psi0p75,hardzero_plus_depr,0.01,34,780,0.0,1,0.49385473,0.49385762,1.000583,0.09986583,0.09986583,1.0,2.8975048e-06,2.9013976e-05,-27.709024,2.2013266,0.73377556,0.16,0.01,0.14810398,7.7900834,7.8000836,2499200
hardzero_plus_depr__c0p60__z1p05__lam0p010__nu0p50__psi0p75,hardzero_plus_depr,0.01,34,781,0.0,1,0.49385762,0.4938604,1.0176232,0.09602334,0.09602334,1.0,2.7652018e-06,2.8797183e-05,-26.75041,2.2388158,0.74627197,0.16800001,0.0,0.11597734,7.8000836,7.810084,2502400
hardzero_plus_depr__c0p60__z1p05__lam0p010__nu0p50__psi0p75,hardzero_plus_depr,0.01,34,782,0.0,1,0.4938604,0.49386314,1.0170795,0.09614363,0.09614363,1.0,2.7479778e-06,2.8582004e-05,-26.737177,2.2376196,0.7458732,0.112,0.0,0.13378975,7.810084,7.820084,2505600
hardzero_plus_depr__c0p60__z1p05__lam0p010__nu0p50__psi0p75,hardzero_plus_depr,0.01,34,783,0.0,1,0.49386314,0.49386585,1.02145,0.09518093,0.09518093,1.0,2.7001342e-06,2.8368437e-05,-27.178568,2.247235,0.7490784,0.128,0.0,0.14705786,7.820084,7.8300843,2508800
hardzero_plus_depr__c0p60__z1p05__lam0p010__nu0p50__psi0p75,hardzero_plus_depr,0.01,34,784,0.0,1,0.49386585,0.49386856,1.0178003,0.095984176,0.095984176,1.0,2.702575e-06,2.8156464e-05,-26.523556,2.2392054,0.7464018,0.17600001,0.0,0.12479838,7.8300843,7.8400846,2512000
hardzero_plus_depr__c0p60__z1p05__lam0p010__nu0p50__psi0p75,hardzero_plus_depr,0.01,34,785,0.0,1,0.49386856,0.49386856,1.0551734,0.0,0.08806972,0.0,0.0,2.7946076e-05,-27.494236,2.3214278,0.7738093,0.08800001,0.0,0.13586365,7.8400846,7.850085,2515200
hardzero_plus_depr__c0p60__z1p05__lam0p010__nu0p50__psi0p75,hardzero_plus_depr,0.01,34,786,0.0,1,0.49386856,0.49387148,0.97709763,0.10541499,0.10541499,1.0,2.923923e-06,2.773726e-05,-25.875872,2.1496577,0.7165526,0.16000001,0.0,0.13054854,7.850085,7.860085,2518400
hardzero_plus_depr__c0p60__z1p05__lam0p010__nu0p50__psi0p75,hardzero_plus_depr,0.01,34,787,0.0,1,0.49387148,0.493874,1.036343,0.0919723,0.0919723,1.0,2.5319978e-06,2.7530004e-05,-27.080729,2.28,0.76,0.08800001,0.0,0.13034777,7.860085,7.8700852,2521600
hardzero_plus_depr__c0p60__z1p05__lam0p010__nu0p50__psi0p75,hardzero_plus_depr,0.01,34,788,0.0,1,0.493874,0.49387673,1.0032067,0.09926433,0.09926433,1.0,2.712328e-06,2.7324297e-05,-26.655495,2.207099,0.73569965,0.128,0.0,0.13699819,7.8700852,7.8800855,2524800
hardzero_plus_depr__c0p60__z1p05__lam0p010__nu0p50__psi0p75,hardzero_plus_depr,0.01,34,789,0.0,1,0.49387673,0.49387932,1.0174677,0.09605771,0.09605771,1.0,2.6050973e-06,2.7120126e-05,-26.987724,2.2384737,0.7461579,0.15200001,0.0,0.1328706,7.8800855,7.8900857,2528000
hardzero_plus_depr__c0p60__z1p05__lam0p010__nu0p50__psi0p75,hardzero_plus_depr,0.01,34,790,0.0,1,0.49387932,0.49387932,1.0688922,0.0,0.08533119,0.0,0.0,2.6917483e-05,-27.79257,2.35161,0.78387,0.15200001,0.0,0.15815586,7.8900857,7.900086,2531200
hardzero_plus_depr__c0p60__z1p05__lam0p010__nu0p50__psi0p75,hardzero_plus_depr,0.01,34,791,0.0,1,0.49387932,0.49388203,0.9953229,0.10108276,0.10108276,1.0,2.7005622e-06,2.6716349e-05,-26.405216,2.189754,0.729918,0.104,0.0,0.13352326,7.900086,7.910086,2534400
hardzero_plus_depr__c0p60__z1p05__lam0p010__nu0p50__psi0p75,hardzero_plus_depr,0.01,34,792,0.0,1,0.49388203,0.49388203,1.0987897,0.0,0.0796545,0.0,0.0,2.6516724e-05,-28.391588,2.4173856,0.8057952,0.120000005,0.0,0.22664383,7.910086,7.9200864,2537600
hardzero_plus_depr__c0p60__z1p05__lam0p010__nu0p50__psi0p75,hardzero_plus_depr,0.01,34,793,0.0,1,0.49388203,0.49388203,1.0924537,0.0,0.080825105,0.0,0.0,2.6318588e-05,-28.795723,2.4034462,0.8011488,0.17,0.0,0.18446922,7.9200864,7.9300866,2540800
hardzero_plus_depr__c0p60__z1p05__lam0p010__nu0p50__psi0p75,hardzero_plus_depr,0.01,34,794,0.0,1,0.49388203,0.4938846,1.0106825,0.097570285,0.097570285,1.0,2.5487243e-06,2.6121932e-05,-26.579906,2.2235458,0.74118197,0.15200001,0.0,0.14117396,7.9300866,7.940087,2544000
hardzero_plus_depr__c0p60__z1p05__lam0p010__nu0p50__psi0p75,hardzero_plus_depr,0.01,34,795,0.0,1,0.4938846,0.49388704,1.025755,0.09424209,0.09424209,1.0,2.4433907e-06,2.5926747e-05,-27.47753,2.2567062,0.7522354,0.216,0.0,0.17285557,7.940087,7.950087,2547200
hardzero_plus_depr__c0p60__z1p05__lam0p010__nu0p50__psi0p75,hardzero_plus_depr,0.01,34,796,0.0,1,0.49388704,0.49388972,0.98309267,0.10396983,0.10396983,1.0,2.6754574e-06,2.5733018e-05,-25.953833,2.162847,0.72094905,0.192,0.0,0.12790596,7.950087,7.9600873,2550400
hardzero_plus_depr__c0p60__z1p05__lam0p010__nu0p50__psi0p75,hardzero_plus_depr,0.01,34,797,0.0,1,0.49388972,0.49389213,1.0223154,0.094991475,0.094991475,1.0,2.4261526e-06,2.554074e-05,-27.277395,2.2491388,0.74971294,0.216,0.0,0.16387248,7.9600873,7.9700875,2553600
hardzero_plus_depr__c0p60__z1p05__lam0p010__nu0p50__psi0p75,hardzero_plus_depr,0.01,34,798,0.0,1,0.49389213,0.49389464,1.0068308,0.098439455,0.098439455,1.0,2.4954297e-06,2.5349895e-05,-27.580488,2.215072,0.7383573,0.15200001,0.0,0.14858174,7.9700875,7.9800878,2556800
hardzero_plus_depr__c0p60__z1p05__lam0p010__nu0p50__psi0p75,hardzero_plus_depr,0.01,34,799,0.0,1,0.49389464,0.49389464,1.0660654,0.0,0.08588841,0.0,0.0,2.516048e-05,-27.736025,2.3453908,0.78179693,0.18400002,0.0,0.15438832,7.9800878,7.990088,2560000
hardzero_plus_depr__c0p60__z1p05__lam0p010__nu0p50__psi0p75,hardzero_plus_depr,0.01,34,800,0.0,1,0.49389464,0.4938971,1.0027322,0.099372886,0.099372886,1.0,2.481587e-06,2.4972476e-05,-26.935087,2.206055,0.7353517,0.208,0.0,0.17431763,7.990088,8.000088,2563200
hardzero_plus_depr__c0p60__z1p05__lam0p010__nu0p50__psi0p75,hardzero_plus_depr,0.01,34,801,0.0,1,0.4938971,0.4938971,1.064327,0.0,0.086232886,0.0,0.0,2.478589e-05,-28.040314,2.341566,0.78052205,0.136,0.0,0.15160602,8.000088,8.010088,2566400
hardzero_plus_depr__c0p60__z1p05__lam0p010__nu0p50__psi0p75,hardzero_plus_depr,0.01,34,802,0.0,1,0.4938971,0.49389955,1.0041089,0.099058345,0.099058345,1.0,2.4369033e-06,2.4600688e-05,-27.61961,2.2090838,0.73636127,0.16000001,0.0,0.15316635,8.010088,8.020088,2569600
hardzero_plus_depr__c0p60__z1p05__lam0p010__nu0p50__psi0p75,hardzero_plus_depr,0.01,34,803,0.0,1,0.49389955,0.49390176,1.043933,0.09037888,0.09037888,1.0,2.206769e-06,2.4416868e-05,-27.561565,2.2966986,0.76556623,0.128,0.0,0.14774613,8.020088,8.030088,2572800
hardzero_plus_depr__c0p60__z1p05__lam0p010__nu0p50__psi0p75,hardzero_plus_depr,0.01,34,804,0.0,1,0.49390176,0.49390402,1.0293039,0.09347512,0.09347512,1.0,2.2653153e-06,2.4234421e-05,-27.203619,2.2645137,0.75483793,0.2,0.0,0.15450521,8.030088,8.040089,2576000
hardzero_plus_depr__c0p60__z1p05__lam0p010__nu0p50__psi0p75,hardzero_plus_depr,0.01,34,805,0.0,1,0.49390402,0.49390402,1.0752591,0.0,0.08408933,0.0,0.0,2.4053339e-05,-27.643164,2.3656173,0.7885391,0.14400001,0.0,0.17444505,8.040089,8.050089,2579200
hardzero_plus_depr__c0p60__z1p05__lam0p010__nu0p50__psi0p75,hardzero_plus_depr,0.01,34,806,0.0,1,0.49390402,0.49390402,1.0592284,0.0,0.08725122,0.0,0.0,2.387361e-05,-28.056322,2.330349,0.776783,0.17999999,0.0,0.14394318,8.050089,8.060089,2582400
hardzero_plus_depr__c0p60__z1p05__lam0p010__nu0p50__psi0p75,hardzero_plus_depr,0.01,34,807,0.0,1,0.49390402,0.49390402,1.0546899,0.0,0.08816782,0.0,0.0,2.3695226e-05,-27.071571,2.320364,0.77345467,0.112,0.0,0.13013186,8.060089,8.070089,2585600
hardzero_plus_depr__c0p60__z1p05__lam0p010__nu0p50__psi0p75,hardzero_plus_depr,0.01,34,808,0.0,1,0.49390402,0.4939065,0.9784066,0.10509773,0.10509773,1.0,2.4717067e-06,2.3518172e-05,-26.633709,2.1525376,0.71751255,0.16800001,0.0,0.14110087,8.070089,8.08009,2588800
hardzero_plus_depr__c0p60__z1p05__lam0p010__nu0p50__psi0p75,hardzero_plus_depr,0.01,34,809,0.0,1,0.4939065,0.49390882,0.99917084,0.10019111,0.10019111,1.0,2.3387047e-06,2.3342438e-05,-26.653091,2.1982198,0.7327399,0.14400001,0.0,0.15698121,8.08009,8.09009,2592000
hardzero_plus_depr__c0p60__z1p05__lam0p010__nu0p50__psi0p75,hardzero_plus_depr,0.01,34,810,0.0,1,0.49390882,0.4939109,1.0475973,0.08961955,0.08961955,1.0,2.0763077e-06,2.3168024e-05,-27.62289,2.30476,0.7682533,0.15200001,0.0,0.13810721,8.09009,8.10009,2595200
hardzero_plus_depr__c0p60__z1p05__lam0p010__nu0p50__psi0p75,hardzero_plus_depr,0.01,34,811,0.0,1,0.4939109,0.4939132,0.99967486,0.100074895,0.100074895,1.0,2.301213e-06,2.2994907e-05,-26.978954,2.1993287,0.7331096,0.216,0.0,0.15749748,8.10009,8.11009,2598400
hardzero_plus_depr__c0p60__z1p05__lam0p010__nu0p50__psi0p75,hardzero_plus_depr,0.01,34,812,0.0,1,0.4939132,0.4939153,1.0386822,0.09147823,0.09147823,1.0,2.0878156e-06,2.2823087e-05,-27.667145,2.2851465,0.76171553,0.14400001,0.0,0.14918776,8.11009,8.1200905,2601600
hardzero_plus_depr__c0p60__z1p05__lam0p010__nu0p50__psi0p75,hardzero_plus_depr,0.01,34,813,0.0,1,0.4939153,0.49391752,1.0085067,0.098060325,0.098060325,1.0,2.2213167e-06,2.2652552e-05,-27.36674,2.218759,0.73958635,0.2,0.0,0.15646593,8.1200905,8.130091,2604800
hardzero_plus_depr__c0p60__z1p05__lam0p010__nu0p50__psi0p75,hardzero_plus_depr,0.01,34,814,0.0,1,0.49391752,0.49391752,1.0549343,0.0,0.088118225,0.0,0.0,2.2483287e-05,-27.458305,2.3209016,0.7736339,0.136,0.0,0.15159732,8.130091,8.140091,2608000
hardzero_plus_depr__c0p60__z1p05__lam0p010__nu0p50__psi0p75,hardzero_plus_depr,0.01,34,815,0.0,1,0.49391752,0.49391967,1.016504,0.0962711,0.0962711,1.0,2.1483177e-06,2.2315291e-05,-27.226988,2.2363536,0.7454512,0.128,0.008,0.17533307,8.140091,8.150091,2611200
hardzero_plus_depr__c0p60__z1p05__lam0p010__nu0p50__psi0p75,hardzero_plus_depr,0.01,34,816,0.0,1,0.49391967,0.49392173,1.0304096,0.09323745,0.09323745,1.0,2.065074e-06,2.2148548e-05,-27.05146,2.2669463,0.7556488,0.080000006,0.0,0.15859176,8.150091,8.160091,2614400
hardzero_plus_depr__c0p60__z1p05__lam0p010__nu0p50__psi0p75,hardzero_plus_depr,0.01,34,817,0.0,1,0.49392173,0.49392378,1.0271977,0.093929544,0.093929544,1.0,2.0648583e-06,2.1983054e-05,-25.840576,2.25988,0.7532934,0.17600001,0.0,0.14250389,8.160091,8.170092,2617600
hardzero_plus_depr__c0p60__z1p05__lam0p010__nu0p50__psi0p75,hardzero_plus_depr,0.01,34,818,0.0,1,0.49392378,0.4939259,1.0139258,0.09684432,0.09684432,1.0,2.113026e-06,2.1818792e-05,-27.429153,2.2306812,0.74356043,0.128,0.0,0.17116338,8.170092,8.180092,2620800
hardzero_plus_depr__c0p60__z1p05__lam0p010__nu0p50__psi0p75,hardzero_plus_depr,0.01,34,819,0.0,1,0.4939259,0.49392813,0.9851348,0.10348208,0.10348208,1.0,2.2409831e-06,2.165576e-05,-26.650995,2.1673398,0.7224466,0.07,0.0,0.15563394,8.180092,8.190092,2624000
hardzero_plus_depr__c0p60__z1p05__lam0p010__nu0p50__psi0p75,hardzero_plus_depr,0.01,34,820,0.0,1,0.49392813,0.49393016,1.0283526,0.093680106,0.093680106,1.0,2.013555e-06,2.1493945e-05,-27.716341,2.262421,0.7541403,0.14400001,0.0,0.13892296,8.190092,8.200092,2627200
hardzero_plus_depr__c0p60__z1p05__lam0p010__nu0p50__psi0p75,hardzero_plus_depr,0.01,34,821,0.0,1,0.49393016,0.49393213,1.0342265,0.09242159,0.09242159,1.0,1.9716613e-06,2.133334e-05,-26.617674,2.275344,0.758448,0.104,0.0,0.13249837,8.200092,8.210093,2630400
hardzero_plus_depr__c0p60__z1p05__lam0p010__nu0p50__psi0p75,hardzero_plus_depr,0.01,34,822,0.0,1,0.49393213,0.4939341,1.0317824,0.0929432,0.0929432,1.0,1.9679735e-06,2.1173937e-05,-27.204449,2.2699666,0.7566556,0.2,0.0,0.15502219,8.210093,8.220093,2633600
hardzero_plus_depr__c0p60__z1p05__lam0p010__nu0p50__psi0p75,hardzero_plus_depr,0.01,34,823,0.0,1,0.4939341,0.4939341,1.0901858,0.0,0.08124828,0.0,0.0,2.1015721e-05,-28.05176,2.3984566,0.79948556,0.14400001,0.0,0.16042483,8.220093,8.230093,2636800
hardzero_plus_depr__c0p60__z1p05__lam0p010__nu0p50__psi0p75,hardzero_plus_depr,0.01,34,824,0.0,1,0.4939341,0.4939341,1.0518546,0.0,0.08874531,0.0,0.0,2.0858686e-05,-27.36218,2.3141263,0.7713754,0.104,0.0,0.15632945,8.230093,8.240093,2640000
hardzero_plus_depr__c0p60__z1p05__lam0p010__nu0p50__psi0p75,hardzero_plus_depr,0.01,34,825,0.0,1,0.4939341,0.4939362,0.9917243,0.10192381,0.10192381,1.0,2.1101114e-06,2.0702832e-05,-26.500051,2.181837,0.72727907,0.216,0.0,0.15813135,8.240093,8.250093,2643200
hardzero_plus_depr__c0p60__z1p05__lam0p010__nu0p50__psi0p75,hardzero_plus_depr,0.01,34,826,0.0,1,0.4939362,0.49393845,0.9660558,0.108129494,0.108129494,1.0,2.2218596e-06,2.0548137e-05,-26.22715,2.1253653,0.7084551,0.224,0.0,0.14740749,8.250093,8.260094,2646400
hardzero_plus_depr__c0p60__z1p05__lam0p010__nu0p50__psi0p75,hardzero_plus_depr,0.01,34,827,0.0,1,0.49393845,0.4939406,0.97994137,0.104726985,0.104726985,1.0,2.135865e-06,2.03946e-05,-26.500696,2.155914,0.71863806,0.17600001,0.0,0.12941164,8.260094,8.270094,2649600
hardzero_plus_depr__c0p60__z1p05__lam0p010__nu0p50__psi0p75,hardzero_plus_depr,0.01,34,828,0.0,1,0.4939406,0.4939424,1.0488939,0.08935237,0.08935237,1.0,1.8086891e-06,2.0242207e-05,-27.385715,2.3076127,0.76920426,0.112,0.0,0.1632854,8.270094,8.280094,2652800
hardzero_plus_depr__c0p60__z1p05__lam0p010__nu0p50__psi0p75,hardzero_plus_depr,0.01,34,829,0.0,1,0.4939424,0.49394432,1.0237422,0.0946799,0.0946799,1.0,1.9022098e-06,2.0090956e-05,-27.50196,2.2522779,0.7507593,0.15200001,0.0,0.13621649,8.280094,8.290094,2656000
hardzero_plus_depr__c0p60__z1p05__lam0p010__nu0p50__psi0p75,hardzero_plus_depr,0.01,34,830,0.0,1,0.49394432,0.4939462,1.0267731,0.09402143,0.09402143,1.0,1.8748657e-06,1.9940833e-05,-27.214964,2.258946,0.752982,0.120000005,0.0,0.16914621,8.290094,8.300095,2659200
hardzero_plus_depr__c0p60__z1p05__lam0p010__nu0p50__psi0p75,hardzero_plus_depr,0.01,34,831,0.0,1,0.4939462,0.4939482,0.9940529,0.1013788,0.1013788,1.0,2.006472e-06,1.979183e-05,-26.97115,2.18696,0.7289867,0.17600001,0.0,0.15069613,8.300095,8.310095,2662400
hardzero_plus_depr__c0p60__z1p05__lam0p010__nu0p50__psi0p75,hardzero_plus_depr,0.01,34,832,0.0,1,0.4939482,0.4939482,1.1160177,0.0,0.07655653,0.0,0.0,1.9643949e-05,-28.596565,2.455288,0.81842935,0.099999994,0.0,0.18408306,8.310095,8.320095,2665600
hardzero_plus_depr__c0p60__z1p05__lam0p010__nu0p50__psi0p75,hardzero_plus_depr,0.01,34,833,0.0,1,0.4939482,0.49394995,1.0468606,0.0897717,0.0897717,1.0,1.7502936e-06,1.9497164e-05,-27.150475,2.3031392,0.76771307,0.17600001,0.0,0.16874172,8.320095,8.330095,2668800
hardzero_plus_depr__c0p60__z1p05__lam0p010__nu0p50__psi0p75,hardzero_plus_depr,0.01,34,834,0.0,1,0.49394995,0.4939517,1.0408006,0.09103313,0.09103313,1.0,1.7616259e-06,1.935148e-05,-26.820604,2.289807,0.76326907,0.15200001,0.0,0.1373591,8.330095,8.3400955,2672000
hardzero_plus_depr__c0p60__z1p05__lam0p010__nu0p50__psi0p75,hardzero_plus_depr,0.01,34,835,0.0,1,0.4939517,0.4939517,1.0773122,0.0,0.08369272,0.0,0.0,1.9206882e-05,-27.835081,2.3701344,0.7900448,0.15200001,0.0,0.1759153,8.3400955,8.350096,2675200
hardzero_plus_depr__c0p60__z1p05__lam0p010__nu0p50__psi0p75,hardzero_plus_depr,0.01,34,836,0.0,1,0.4939517,0.4939517,1.0522151,0.0,0.08867167,0.0,0.0,1.9063365e-05,-27.879446,2.3149195,0.7716398,0.112,0.0,0.12547612,8.350096,8.360096,2678400
hardzero_plus_depr__c0p60__z1p05__lam0p010__nu0p50__psi0p75,hardzero_plus_depr,0.01,34,837,0.0,1,0.4939517,0.4939517,1.0715104,0.0,0.084818296,0.0,0.0,1.8920924e-05,-27.852812,2.3573701,0.7857901,0.136,0.0,0.14009343,8.360096,8.370096,2681600
hardzero_plus_depr__c0p60__z1p05__lam0p010__nu0p50__psi0p75,hardzero_plus_depr,0.01,34,838,0.0,1,0.4939517,0.4939517,1.0570027,0.0,0.08769954,0.0,0.0,1.8779545e-05,-28.176308,2.3254523,0.7751508,0.136,0.0,0.15737943,8.370096,8.380096,2684800
hardzero_plus_depr__c0p60__z1p05__lam0p010__nu0p50__psi0p75,hardzero_plus_depr,0.01,34,839,0.0,1,0.4939517,0.4939534,1.042827,0.09060935,0.09060935,1.0,1.6888878e-06,1.8639223e-05,-28.249386,2.2942653,0.76475513,0.18400002,0.0,0.14603284,8.380096,8.390097,2688000
hardzero_plus_depr__c0p60__z1p05__lam0p010__nu0p50__psi0p75,hardzero_plus_depr,0.01,34,840,0.0,1,0.4939534,0.4939534,1.0553389,0.0,0.08803618,0.0,0.0,1.8499946e-05,-27.703379,2.321792,0.77393067,0.136,0.0,0.13797411,8.390097,8.400097,2691200
hardzero_plus_depr__c0p60__z1p05__lam0p010__nu0p50__psi0p75,hardzero_plus_depr,0.01,34,841,0.0,1,0.4939534,0.49395514,1.0296535,0.09339991,0.09339991,1.0,1.7149824e-06,1.8361714e-05,-27.807627,2.265283,0.7550944,0.14400001,0.0,0.14361443,8.400097,8.410097,2694400
hardzero_plus_depr__c0p60__z1p05__lam0p010__nu0p50__psi0p75,hardzero_plus_depr,0.01,34,842,0.0,1,0.49395514,0.4939568,1.0357777,0.092092074,0.092092074,1.0,1.6783331e-06,1.8224511e-05,-27.04049,2.2787564,0.7595855,0.104,0.0,0.123874106,8.410097,8.420097,2697600
hardzero_plus_depr__c0p60__z1p05__lam0p010__nu0p50__psi0p75,hardzero_plus_depr,0.01,34,843,0.0,1,0.4939568,0.4939568,1.0524663,0.0,0.088620394,0.0,0.0,1.8088336e-05,-27.536203,2.3154721,0.77182406,0.112,0.0,0.1524236,8.420097,8.430098,2700800
hardzero_plus_depr__c0p60__z1p05__lam0p010__nu0p50__psi0p75,hardzero_plus_depr,0.01,34,844,0.0,1,0.4939568,0.4939568,1.0650548,0.0,0.086088516,0.0,0.0,1.795318e-05,-27.10397,2.3431673,0.7810558,0.128,0.0,0.1297496,8.430098,8.440098,2704000
hardzero_plus_depr__c0p60__z1p05__lam0p010__nu0p50__psi0p75,hardzero_plus_depr,0.01,34,845,0.0,1,0.4939568,0.49395865,0.98083425,0.1045119,0.1045119,1.0,1.8623008e-06,1.7819031e-05,-26.467964,2.1578784,0.7192928,0.17,0.0,0.12990148,8.440098,8.450098,2707200
hardzero_plus_depr__c0p60__z1p05__lam0p010__nu0p50__psi0p75,hardzero_plus_depr,0.01,34,846,0.0,1,0.49395865,0.49396026,1.0374882,0.091730066,0.091730066,1.0,1.6223274e-06,1.7685885e-05,-27.076376,2.2825196,0.7608399,0.17600001,0.0,0.14795433,8.450098,8.460098,2710400
hardzero_plus_depr__c0p60__z1p05__lam0p010__nu0p50__psi0p75,hardzero_plus_depr,0.01,34,847,0.0,1,0.49396026,0.49396026,1.0534234,0.0,0.08842532,0.0,0.0,1.7553733e-05,-28.118773,2.3175778,0.77252597,0.17600001,0.0,0.15062544,8.460098,8.4700985,2713600
hardzero_plus_depr__c0p60__z1p05__lam0p010__nu0p50__psi0p75,hardzero_plus_depr,0.01,34,848,0.0,1,0.49396026,0.49396026,1.0634917,0.0,0.08639892,0.0,0.0,1.742257e-05,-28.015848,2.3397286,0.77990955,0.15200001,0.0,0.14377865,8.4700985,8.480099,2716800
hardzero_plus_depr__c0p60__z1p05__lam0p010__nu0p50__psi0p75,hardzero_plus_depr,0.01,34,849,0.0,1,0.49396026,0.49396026,1.0938958,0.0,0.080557175,0.0,0.0,1.7292388e-05,-28.1665,2.4066188,0.8022063,0.128,0.0,0.16040471,8.480099,8.490099,2720000
hardzero_plus_depr__c0p60__z1p05__lam0p010__nu0p50__psi0p75,hardzero_plus_depr,0.01,34,850,0.0,1,0.49396026,0.493962,0.9969006,0.1007162,0.1007162,1.0,1.72861e-06,1.7163176e-05,-26.356268,2.1932251,0.73107505,0.17600001,0.0,0.14259046,8.490099,8.500099,2723200
hardzero_plus_depr__c0p60__z1p05__lam0p010__nu0p50__psi0p75,hardzero_plus_depr,0.01,34,851,0.0,1,0.493962,0.4939636,1.0235183,0.09472871,0.09472871,1.0,1.6136969e-06,1.703493e-05,-27.389475,2.2517853,0.7505951,0.14400001,0.0,0.14467621,8.500099,8.510099,2726400
hardzero_plus_depr__c0p60__z1p05__lam0p010__nu0p50__psi0p75,hardzero_plus_depr,0.01,34,852,0.0,1,0.4939636,0.49396518,1.0300215,0.09332081,0.09332081,1.0,1.5778351e-06,1.6907645e-05,-27.131702,2.2660925,0.7553642,0.14400001,0.0,0.14594139,8.510099,8.5201,2729600
hardzero_plus_depr__c0p60__z1p05__lam0p010__nu0p50__psi0p75,hardzero_plus_depr,0.01,34,853,0.0,1,0.49396518,0.49396518,1.0892922,0.0,0.08141563,0.0,0.0,1.6781309e-05,-28.489391,2.3964906,0.7988302,0.096,0.0,0.19464566,8.5201,8.5301,2732800
hardzero_plus_depr__c0p60__z1p05__lam0p010__nu0p50__psi0p75,hardzero_plus_depr,0.01,34,854,0.0,1,0.49396518,0.49396676,1.0247712,0.09445583,0.09445583,1.0,1.5732485e-06,1.6655917e-05,-26.858599,2.2545416,0.7515139,0.18400002,0.0,0.15170217,8.5301,8.5401,2736000
hardzero_plus_depr__c0p60__z1p05__lam0p010__nu0p50__psi0p75,hardzero_plus_depr,0.01,34,855,0.0,1,0.49396676,0.49396846,0.99140483,0.10199882,0.10199882,1.0,1.6861895e-06,1.6531461e-05,-25.722267,2.1811342,0.72704476,0.18400002,0.0,0.118347935,8.5401,8.5501,2739200
hardzero_plus_depr__c0p60__z1p05__lam0p010__nu0p50__psi0p75,hardzero_plus_depr,0.01,34,856,0.0,1,0.49396846,0.49396846,1.0595006,0.0,0.08719657,0.0,0.0,1.6407936e-05,-27.515903,2.3309479,0.77698267,0.17600001,0.0,0.14494291,8.5501,8.560101,2742400
hardzero_plus_depr__c0p60__z1p05__lam0p010__nu0p50__psi0p75,hardzero_plus_depr,0.01,34,857,0.0,1,0.49396846,0.49396846,1.0705147,0.0,0.08501298,0.0,0.0,1.6285334e-05,-28.114983,2.3551793,0.7850598,0.128,0.0,0.16198327,8.560101,8.570101,2745600
hardzero_plus_depr__c0p60__z1p05__lam0p010__nu0p50__psi0p75,hardzero_plus_depr,0.01,34,858,0.0,1,0.49396846,0.49396846,1.074324,0.0,0.08427058,0.0,0.0,1.6163647e-05,-27.588823,2.36356,0.78785336,0.099999994,0.0,0.15552273,8.570101,8.580101,2748800
hardzero_plus_depr__c0p60__z1p05__lam0p010__nu0p50__psi0p75,hardzero_plus_depr,0.01,34,859,0.0,1,0.49396846,0.49397007,0.9981146,0.10043508,0.10043508,1.0,1.6112673e-06,1.6042874e-05,-26.602058,2.195896,0.7319653,0.24000001,0.0,0.1828801,8.580101,8.590101,2752000
hardzero_plus_depr__c0p60__z1p05__lam0p010__nu0p50__psi0p75,hardzero_plus_depr,0.01,34,860,0.0,1,0.49397007,0.49397007,1.0566846,0.0,0.087763794,0.0,0.0,1.5922997e-05,-28.333893,2.3247526,0.77491754,0.16000001,0.0,0.16469789,8.590101,8.600101,2755200
hardzero_plus_depr__c0p60__z1p05__lam0p010__nu0p50__psi0p75,hardzero_plus_depr,0.01,34,861,0.0,1,0.49397007,0.49397007,1.0571272,0.0,0.08767439,0.0,0.0,1.5804018e-05,-28.375784,2.3257263,0.7752421,0.112,0.0,0.14453351,8.600101,8.610102,2758400
hardzero_plus_depr__c0p60__z1p05__lam0p010__nu0p50__psi0p75,hardzero_plus_depr,0.01,34,862,0.0,1,0.49397007,0.4939716,1.0111314,0.09746947,0.09746947,1.0,1.5288992e-06,1.568593e-05,-26.168118,2.2245336,0.7415112,0.136,0.0,0.12171034,8.610102,8.620102,2761600
hardzero_plus_depr__c0p60__z1p05__lam0p010__nu0p50__psi0p75,hardzero_plus_depr,0.01,34,863,0.0,1,0.4939716,0.493973,1.0417167,0.09084129,0.09084129,1.0,1.4142829e-06,1.5568723e-05,-28.045008,2.2918224,0.7639408,0.208,0.0,0.17733005,8.620102,8.630102,2764800
hardzero_plus_depr__c0p60__z1p05__lam0p010__nu0p50__psi0p75,hardzero_plus_depr,0.01,34,864,0.0,1,0.493973,0.493973,1.0658878,0.0,0.08592355,0.0,0.0,1.5452391e-05,-28.443846,2.345,0.7816667,0.128,0.0,0.17488483,8.630102,8.640102,2768000
hardzero_plus_depr__c0p60__z1p05__lam0p010__nu0p50__psi0p75,hardzero_plus_depr,0.01,34,865,0.0,1,0.493973,0.493973,1.0635103,0.0,0.08639521,0.0,0.0,1.533693e-05,-28.670279,2.3397694,0.77992314,0.15200001,0.0,0.16844152,8.640102,8.650103,2771200
hardzero_plus_depr__c0p60__z1p05__lam0p010__nu0p50__psi0p75,hardzero_plus_depr,0.01,34,866,0.0,1,0.493973,0.49397454,0.9955269,0.10103528,0.10103528,1.0,1.5379924e-06,1.522233e-05,-25.876198,2.190203,0.7300677,0.17600001,0.0,0.14270237,8.650103,8.660103,2774400
hardzero_plus_depr__c0p60__z1p05__lam0p010__nu0p50__psi0p75,hardzero_plus_depr,0.01,34,867,0.0,1,0.49397454,0.49397597,1.0278043,0.093798466,0.093798466,1.0,1.4171621e-06,1.5108586e-05,-27.158102,2.2612145,0.75373816,0.14400001,0.0,0.16592999,8.660103,8.670103,2777600
hardzero_plus_depr__c0p60__z1p05__lam0p010__nu0p50__psi0p75,hardzero_plus_depr,0.01,34,868,0.0,1,0.49397597,0.49397755,0.9748833,0.10595383,0.10595383,1.0,1.5888511e-06,1.4995693e-05,-26.21281,2.1447861,0.71492875,0.224,0.0,0.13470376,8.670103,8.680103,2780800
hardzero_plus_depr__c0p60__z1p05__lam0p010__nu0p50__psi0p75,hardzero_plus_depr,0.01,34,869,0.0,1,0.49397755,0.493979,1.0112574,0.09744119,0.09744119,1.0,1.4502801e-06,1.4883645e-05,-26.77063,2.2248108,0.7416036,0.136,0.0,0.13597201,8.680103,8.690104,2784000
hardzero_plus_depr__c0p60__z1p05__lam0p010__nu0p50__psi0p75,hardzero_plus_depr,0.01,34,870,0.0,1,0.493979,0.49398035,1.0416396,0.090857424,0.090857424,1.0,1.3421851e-06,1.4772431e-05,-27.492874,2.291653,0.7638843,0.08800001,0.0,0.13914077,8.690104,8.700104,2787200
hardzero_plus_depr__c0p60__z1p05__lam0p010__nu0p50__psi0p75,hardzero_plus_depr,0.01,34,871,0.0,1,0.49398035,0.4939817,1.0406425,0.091066256,0.091066256,1.0,1.3352179e-06,1.466205e-05,-28.360878,2.2894592,0.7631531,0.19,0.0,0.16298325,8.700104,8.710104,2790400
hardzero_plus_depr__c0p60__z1p05__lam0p010__nu0p50__psi0p75,hardzero_plus_depr,0.01,34,872,0.0,1,0.4939817,0.4939831,1.0169915,0.09616312,0.09616312,1.0,1.3994131e-06,1.4552494e-05,-26.704105,2.237426,0.7458087,0.208,0.0,0.1348016,8.710104,8.720104,2793600
hardzero_plus_depr__c0p60__z1p05__lam0p010__nu0p50__psi0p75,hardzero_plus_depr,0.01,34,873,0.0,1,0.4939831,0.4939845,1.0118349,0.09731171,0.09731171,1.0,1.4055465e-06,1.4443755e-05,-26.557438,2.2260811,0.74202704,0.2,0.0,0.15476252,8.720104,8.730104,2796800
hardzero_plus_depr__c0p60__z1p05__lam0p010__nu0p50__psi0p75,hardzero_plus_depr,0.01,34,874,0.0,1,0.4939845,0.49398598,0.98508686,0.10349351,0.10349351,1.0,1.4836656e-06,1.4335832e-05,-26.064512,2.1672344,0.7224115,0.208,0.0,0.16336869,8.730104,8.740105,2800000
hardzero_plus_depr__c0p60__z1p05__lam0p010__nu0p50__psi0p75,hardzero_plus_depr,0.01,34,875,0.0,1,0.49398598,0.49398738,1.0057839,0.098677024,0.098677024,1.0,1.4040469e-06,1.4228711e-05,-27.096018,2.2127688,0.7375896,0.128,0.0,0.15074371,8.740105,8.750105,2803200
hardzero_plus_depr__c0p60__z1p05__lam0p010__nu0p50__psi0p75,hardzero_plus_depr,0.01,34,876,0.0,1,0.49398738,0.49398866,1.0464183,0.089863166,0.089863166,1.0,1.2690829e-06,1.4122393e-05,-27.848577,2.3021662,0.76738876,0.14400001,0.0,0.15988879,8.750105,8.760105,2806400
hardzero_plus_depr__c0p60__z1p05__lam0p010__nu0p50__psi0p75,hardzero_plus_depr,0.01,34,877,0.0,1,0.49398866,0.49398866,1.0789709,0.0,0.08337369,0.0,0.0,1.4016869e-05,-28.354086,2.3737833,0.79126114,0.112,0.0,0.16433188,8.760105,8.770105,2809600
hardzero_plus_depr__c0p60__z1p05__lam0p010__nu0p50__psi0p75,hardzero_plus_depr,0.01,34,878,0.0,1,0.49398866,0.49398997,1.0279118,0.093775235,0.093775235,1.0,1.3046136e-06,1.3912134e-05,-27.678627,2.261451,0.753817,0.192,0.0,0.14053535,8.770105,8.780106,2812800
hardzero_plus_depr__c0p60__z1p05__lam0p010__nu0p50__psi0p75,hardzero_plus_depr,0.01,34,879,0.0,1,0.49398997,0.49399123,1.0469971,0.08974347,0.08974347,1.0,1.239194e-06,1.380818e-05,-26.8379,2.3034396,0.7678132,0.16000001,0.0,0.15673842,8.780106,8.790106,2816000
hardzero_plus_depr__c0p60__z1p05__lam0p010__nu0p50__psi0p75,hardzero_plus_depr,0.01,34,880,0.0,1,0.49399123,0.49399123,1.0710862,0.0,0.08490119,0.0,0.0,1.3705004e-05,-28.117535,2.3564367,0.78547895,0.16000001,0.0,0.16133764,8.790106,8.800106,2819200
hardzero_plus_depr__c0p60__z1p05__lam0p010__nu0p50__psi0p75,hardzero_plus_depr,0.01,34,881,0.0,1,0.49399123,0.4939926,0.9961405,0.10089264,0.10089264,1.0,1.372402e-06,1.3602598e-05,-27.844545,2.1915529,0.7305176,0.216,0.0,0.14839046,8.800106,8.810106,2822400
hardzero_plus_depr__c0p60__z1p05__lam0p010__nu0p50__psi0p75,hardzero_plus_depr,0.01,34,882,0.0,1,0.4939926,0.49399394,1.0071869,0.09835878,0.09835878,1.0,1.3279378e-06,1.3500958e-05,-26.740349,2.2158554,0.7386185,0.18400002,0.0,0.14460403,8.810106,8.8201065,2825600
hardzero_plus_depr__c0p60__z1p05__lam0p010__nu0p50__psi0p75,hardzero_plus_depr,0.01,34,883,0.0,1,0.49399394,0.49399394,1.0557352,0.0,0.08795586,0.0,0.0,1.34000775e-05,-28.381083,2.3226638,0.7742213,0.120000005,0.0,0.15874588,8.8201065,8.830107,2828800
hardzero_plus_depr__c0p60__z1p05__lam0p010__nu0p50__psi0p75,hardzero_plus_depr,0.01,34,884,0.0,1,0.49399394,0.49399394,1.0693634,0.0,0.08523867,0.0,0.0,1.3299949e-05,-28.355055,2.3526464,0.78421545,0.14999999,0.0,0.12701088,8.830107,8.840107,2832000
hardzero_plus_depr__c0p60__z1p05__lam0p010__nu0p50__psi0p75,hardzero_plus_depr,0.01,34,885,0.0,1,0.49399394,0.49399522,1.0152149,0.09655728,0.09655728,1.0,1.2746113e-06,1.3200572e-05,-26.867765,2.2335174,0.7445058,0.208,0.0,0.15665741,8.840107,8.850107,2835200
hardzero_plus_depr__c0p60__z1p05__lam0p010__nu0p50__psi0p75,hardzero_plus_depr,0.01,34,886,0.0,1,0.49399522,0.49399647,1.0243571,0.09454595,0.09454595,1.0,1.238735e-06,1.3101935e-05,-27.019331,2.2536306,0.7512102,0.16000001,0.0,0.161397,8.850107,8.860107,2838400
hardzero_plus_depr__c0p60__z1p05__lam0p010__nu0p50__psi0p75,hardzero_plus_depr,0.01,34,887,0.0,1,0.49399647,0.49399647,1.0618256,0.0,0.086731,0.0,0.0,1.3004037e-05,-28.22465,2.336063,0.77868766,0.128,0.0,0.16381346,8.860107,8.870108,2841600
hardzero_plus_depr__c0p60__z1p05__lam0p010__nu0p50__psi0p75,hardzero_plus_depr,0.01,34,888,0.0,1,0.49399647,0.49399763,1.049642,0.089198604,0.089198604,1.0,1.1512747e-06,1.29068685e-05,-27.08617,2.3092585,0.76975286,0.16800001,0.0,0.17250173,8.870108,8.880108,2844800
hardzero_plus_depr__c0p60__z1p05__lam0p010__nu0p50__psi0p75,hardzero_plus_depr,0.01,34,889,0.0,1,0.49399763,0.4939988,1.0425315,0.090671025,0.090671025,1.0,1.1615346e-06,1.2810427e-05,-27.901926,2.293615,0.7645384,0.136,0.0,0.15936932,8.880108,8.890108,2848000
hardzero_plus_depr__c0p60__z1p05__lam0p010__nu0p50__psi0p75,hardzero_plus_depr,0.01,34,890,0.0,1,0.4939988,0.49399993,1.045609,0.090030774,0.090030774,1.0,1.1447149e-06,1.2714707e-05,-27.498013,2.3003857,0.7667953,0.224,0.0,0.18530644,8.890108,8.900108,2851200
hardzero_plus_depr__c0p60__z1p05__lam0p010__nu0p50__psi0p75,hardzero_plus_depr,0.01,34,891,0.0,1,0.49399993,0.49400118,1.0005018,0.099884525,0.099884525,1.0,1.2605127e-06,1.26197e-05,-26.664629,2.2011478,0.73371595,0.120000005,0.0,0.1351699,8.900108,8.910109,2854400
hardzero_plus_depr__c0p60__z1p05__lam0p010__nu0p50__psi0p75,hardzero_plus_depr,0.01,34,892,0.0,1,0.49400118,0.4940024,1.0064888,0.09851701,0.09851701,1.0,1.2339653e-06,1.2525405e-05,-26.209644,2.2143195,0.7381065,0.096,0.0,0.14664803,8.910109,8.920109,2857600
hardzero_plus_depr__c0p60__z1p05__lam0p010__nu0p50__psi0p75,hardzero_plus_depr,0.01,34,893,0.0,1,0.4940024,0.4940024,1.1120721,0.0,0.07725522,0.0,0.0,1.2431813e-05,-27.806395,2.4466076,0.8155359,0.128,0.0,0.17261863,8.920109,8.930109,2860800
hardzero_plus_depr__c0p60__z1p05__lam0p010__nu0p50__psi0p75,hardzero_plus_depr,0.01,34,894,0.0,1,0.4940024,0.49400353,1.0372869,0.091772616,0.091772616,1.0,1.1323751e-06,1.2338922e-05,-27.093607,2.2820766,0.76069224,0.17600001,0.0,0.1348578,8.930109,8.940109,2864000
hardzero_plus_depr__c0p60__z1p05__lam0p010__nu0p50__psi0p75,hardzero_plus_depr,0.01,34,895,0.0,1,0.49400353,0.49400353,1.0577863,0.0,0.087541424,0.0,0.0,1.2246724e-05,-27.369335,2.3271763,0.7757255,0.192,0.0,0.1367566,8.940109,8.9501095,2867200
hardzero_plus_depr__c0p60__z1p05__lam0p010__nu0p50__psi0p75,hardzero_plus_depr,0.01,34,896,0.0,1,0.49400353,0.49400464,1.0416453,0.09085624,0.09085624,1.0,1.1043769e-06,1.2155213e-05,-27.709396,2.2916653,0.7638885,0.14400001,0.0,0.15049417,8.9501095,8.96011,2870400
hardzero_plus_depr__c0p60__z1p05__lam0p010__nu0p50__psi0p75,hardzero_plus_depr,0.01,34,897,0.0,1,0.49400464,0.4940058,1.0148792,0.096631944,0.096631944,1.0,1.1658054e-06,1.206439e-05,-26.313866,2.2327788,0.7442596,0.19,0.0,0.14887515,8.96011,8.97011,2873600
hardzero_plus_depr__c0p60__z1p05__lam0p010__nu0p50__psi0p75,hardzero_plus_depr,0.01,34,898,0.0,1,0.4940058,0.49400693,1.026011,0.09418658,0.09418658,1.0,1.127813e-06,1.1974243e-05,-27.716122,2.2572691,0.75242305,0.136,0.0,0.14469247,8.97011,8.98011,2876800
hardzero_plus_depr__c0p60__z1p05__lam0p010__nu0p50__psi0p75,hardzero_plus_depr,0.01,34,899,0.0,1,0.49400693,0.49400803,1.0331353,0.09265411,0.09265411,1.0,1.1011728e-06,1.1884769e-05,-27.1008,2.272943,0.7576477,0.17600001,0.0,0.15995806,8.98011,8.99011,2880000
hardzero_plus_depr__c0p60__z1p05__lam0p010__nu0p50__psi0p75,hardzero_plus_depr,0.01,34,900,0.0,1,0.49400803,0.49400923,0.99524766,0.10110027,0.10110027,1.0,1.1925753e-06,1.1795965e-05,-26.895496,2.1895885,0.72986287,0.18400002,0.0,0.1383234,8.99011,9.000111,2883200
hardzero_plus_depr__c0p60__z1p05__lam0p010__nu0p50__psi0p75,hardzero_plus_depr,0.01,34,901,0.0,1,0.49400923,0.4940104,1.0018245,0.09958076,0.09958076,1.0,1.165874e-06,1.1707824e-05,-26.375399,2.204058,0.734686,0.17600001,0.0,0.14274529,9.000111,9.010111,2886400
hardzero_plus_depr__c0p60__z1p05__lam0p010__nu0p50__psi0p75,hardzero_plus_depr,0.01,34,902,0.0,1,0.4940104,0.49401155,1.0043578,0.09900158,0.09900158,1.0,1.1504322e-06,1.1620343e-05,-27.513306,2.2096312,0.7365438,0.18400002,0.0,0.15785047,9.010111,9.020111,2889600
hardzero_plus_depr__c0p60__z1p05__lam0p010__nu0p50__psi0p75,hardzero_plus_depr,0.01,34,903,0.0,1,0.49401155,0.4940127,0.99775946,0.10051725,0.10051725,1.0,1.1593171e-06,1.1533513e-05,-26.478617,2.1951146,0.7317049,0.192,0.0,0.1549996,9.020111,9.030111,2892800
hardzero_plus_depr__c0p60__z1p05__lam0p010__nu0p50__psi0p75,hardzero_plus_depr,0.01,34,904,0.0,1,0.4940127,0.4940127,1.0644499,0.0,0.086208485,0.0,0.0,1.1447334e-05,-27.417202,2.3418365,0.7806122,0.14400001,0.0,0.14611319,9.030111,9.040112,2896000
hardzero_plus_depr__c0p60__z1p05__lam0p010__nu0p50__psi0p75,hardzero_plus_depr,0.01,34,905,0.0,1,0.4940127,0.49401382,1.0085506,0.098050386,0.098050386,1.0,1.1140288e-06,1.1361799e-05,-27.721535,2.2188556,0.73961854,0.136,0.0,0.14928156,9.040112,9.050112,2899200
hardzero_plus_depr__c0p60__z1p05__lam0p010__nu0p50__psi0p75,hardzero_plus_depr,0.01,34,906,0.0,1,0.49401382,0.49401382,1.0682607,0.0,0.08545536,0.0,0.0,1.1276902e-05,-27.744223,2.3502204,0.78340685,0.15200001,0.0,0.17908879,9.050112,9.060112,2902400
hardzero_plus_depr__c0p60__z1p05__lam0p010__nu0p50__psi0p75,hardzero_plus_depr,0.01,34,907,0.0,1,0.49401382,0.4940149,1.0232749,0.09478182,0.09478182,1.0,1.0608587e-06,1.1192639e-05,-26.733252,2.2512498,0.75041664,0.208,0.0,0.15593795,9.060112,9.070112,2905600
hardzero_plus_depr__c0p60__z1p05__lam0p010__nu0p50__psi0p75,hardzero_plus_depr,0.01,34,908,0.0,1,0.4940149,0.494016,1.0050608,0.098841466,0.098841466,1.0,1.0980305e-06,1.1109007e-05,-26.569588,2.2111778,0.7370593,0.224,0.0,0.14084943,9.070112,9.080112,2908800
hardzero_plus_depr__c0p60__z1p05__lam0p010__nu0p50__psi0p75,hardzero_plus_depr,0.01,34,909,0.0,1,0.494016,0.494016,1.0680264,0.0,0.085501455,0.0,0.0,1.1025999e-05,-27.607681,2.349705,0.783235,0.15200001,0.0,0.16518535,9.080112,9.090113,2912000
hardzero_plus_depr__c0p60__z1p05__lam0p010__nu0p50__psi0p75,hardzero_plus_depr,0.01,34,910,0.0,1,0.494016,0.4940171,0.9941039,0.10136688,0.10136688,1.0,1.1093197e-06,1.0943611e-05,-26.333458,2.1870723,0.7290241,0.19,0.0,0.13597989,9.090113,9.100113,2915200
hardzero_plus_depr__c0p60__z1p05__lam0p010__nu0p50__psi0p75,hardzero_plus_depr,0.01,34,911,0.0,1,0.4940171,0.49401823,0.98249596,0.10411276,0.10411276,1.0,1.130856e-06,1.0861839e-05,-26.275312,2.1615343,0.72051144,0.2,0.0,0.14755125,9.100113,9.110113,2918400
hardzero_plus_depr__c0p60__z1p05__lam0p010__nu0p50__psi0p75,hardzero_plus_depr,0.01,34,912,0.0,1,0.49401823,0.49401927,1.0091834,0.09790764,0.09790764,1.0,1.0555108e-06,1.0780678e-05,-27.464766,2.2202477,0.7400826,0.15200001,0.0,0.16076379,9.110113,9.120113,2921600
hardzero_plus_depr__c0p60__z1p05__lam0p010__nu0p50__psi0p75,hardzero_plus_depr,0.01,34,913,0.0,1,0.49401927,0.49402034,0.9966817,0.10076699,0.10076699,1.0,1.0782193e-06,1.0700124e-05,-27.451391,2.1927435,0.73091453,0.15200001,0.0,0.16895731,9.120113,9.130114,2924800
hardzero_plus_depr__c0p60__z1p05__lam0p010__nu0p50__psi0p75,hardzero_plus_depr,0.01,34,914,0.0,1,0.49402034,0.49402145,0.9880062,0.10280016,0.10280016,1.0,1.0917553e-06,1.0620171e-05,-26.404474,2.173657,0.72455233,0.15200001,0.0,0.15769649,9.130114,9.140114,2928000
hardzero_plus_depr__c0p60__z1p05__lam0p010__nu0p50__psi0p75,hardzero_plus_depr,0.01,34,915,0.0,1,0.49402145,0.49402246,1.0223414,0.09498579,0.09498579,1.0,1.0012278e-06,1.0540817e-05,-26.834122,2.249196,0.749732,0.16000001,0.008,0.15104131,9.140114,9.150114,2931200
hardzero_plus_depr__c0p60__z1p05__lam0p010__nu0p50__psi0p75,hardzero_plus_depr,0.01,34,916,0.0,1,0.49402246,0.49402344,1.0251685,0.09436946,0.09436946,1.0,9.872984e-07,1.0462054e-05,-27.114756,2.255416,0.7518053,0.136,0.0,0.14377941,9.150114,9.160114,2934400
hardzero_plus_depr__c0p60__z1p05__lam0p010__nu0p50__psi0p75,hardzero_plus_depr,0.01,34,917,0.0,1,0.49402344,0.49402443,1.0171064,0.09613767,0.09613767,1.0,9.982821e-07,1.038388e-05,-26.723368,2.2376788,0.74589294,0.18400002,0.0,0.14851923,9.160114,9.1701145,2937600
hardzero_plus_depr__c0p60__z1p05__lam0p010__nu0p50__psi0p75,hardzero_plus_depr,0.01,34,918,0.0,1,0.49402443,0.49402544,1.0010654,0.09975499,0.09975499,1.0,1.028104e-06,1.0306291e-05,-26.462543,2.2023878,0.7341293,0.14400001,0.0,0.13714235,9.1701145,9.180115,2940800
hardzero_plus_depr__c0p60__z1p05__lam0p010__nu0p50__psi0p75,hardzero_plus_depr,0.01,34,919,0.0,1,0.49402544,0.49402642,1.0221246,0.0950332,0.0950332,1.0,9.721213e-07,1.0229281e-05,-26.821991,2.2487192,0.7495731,0.2,0.0,0.1519445,9.180115,9.190115,2944000
hardzero_plus_depr__c0p60__z1p05__lam0p010__nu0p50__psi0p75,hardzero_plus_depr,0.01,34,920,0.0,1,0.49402642,0.49402732,1.0497806,0.08917013,0.08917013,1.0,9.0533064e-07,1.0152847e-05,-27.209486,2.3095634,0.7698545,0.096,0.0,0.1517998,9.190115,9.200115,2947200
hardzero_plus_depr__c0p60__z1p05__lam0p010__nu0p50__psi0p75,hardzero_plus_depr,0.01,34,921,0.0,1,0.49402732,0.4940283,1.0105511,0.09759978,0.09759978,1.0,9.835113e-07,1.0076983e-05,-26.745132,2.2232568,0.74108565,0.16000001,0.0,0.15594852,9.200115,9.210115,2950400
hardzero_plus_depr__c0p60__z1p05__lam0p010__nu0p50__psi0p75,hardzero_plus_depr,0.01,34,922,0.0,1,0.4940283,0.4940293,0.9916163,0.10194918,0.10194918,1.0,1.0196637e-06,1.0001687e-05,-27.222734,2.1815994,0.7271998,0.17600001,0.0,0.16953996,9.210115,9.220116,2953600
hardzero_plus_depr__c0p60__z1p05__lam0p010__nu0p50__psi0p75,hardzero_plus_depr,0.01,34,923,0.0,1,0.4940293,0.4940293,1.0597063,0.0,0.087155275,0.0,0.0,9.926953e-06,-27.464933,2.3314004,0.77713346,0.13,0.0,0.14241765,9.220116,9.230116,2956800
hardzero_plus_depr__c0p60__z1p05__lam0p010__nu0p50__psi0p75,hardzero_plus_depr,0.01,34,924,0.0,1,0.4940293,0.49403027,1.0085336,0.098054245,0.098054245,1.0,9.661068e-07,9.852778e-06,-26.708786,2.2188182,0.7396061,0.18400002,0.0,0.14038971,9.230116,9.240116,2960000
hardzero_plus_depr__c0p60__z1p05__lam0p010__nu0p50__psi0p75,hardzero_plus_depr,0.01,34,925,0.0,1,0.49403027,0.49403027,1.0708748,0.0,0.08494252,0.0,0.0,9.779157e-06,-27.06262,2.3559716,0.78532386,0.16800001,0.0,0.16738696,9.240116,9.250116,2963200
hardzero_plus_depr__c0p60__z1p05__lam0p010__nu0p50__psi0p75,hardzero_plus_depr,0.01,34,926,0.0,1,0.49403027,0.49403122,1.0044096,0.0989898,0.0989898,1.0,9.608035e-07,9.706086e-06,-27.07212,2.2097452,0.73658174,0.17600001,0.0,0.13245578,9.250116,9.260117,2966400
hardzero_plus_depr__c0p60__z1p05__lam0p010__nu0p50__psi0p75,hardzero_plus_depr,0.01,34,927,0.0,1,0.49403122,0.49403122,1.076677,0.0,0.083815254,0.0,0.0,9.633561e-06,-29.081985,2.3687367,0.7895789,0.216,0.0,0.15549457,9.260117,9.270117,2969600
hardzero_plus_depr__c0p60__z1p05__lam0p010__nu0p50__psi0p75,hardzero_plus_depr,0.01,34,928,0.0,1,0.49403122,0.4940321,1.0273259,0.09390185,0.09390185,1.0,8.978499e-07,9.561578e-06,-26.754044,2.260162,0.7533874,0.080000006,0.0,0.14077154,9.270117,9.280117,2972800
hardzero_plus_depr__c0p60__z1p05__lam0p010__nu0p50__psi0p75,hardzero_plus_depr,0.01,34,929,0.0,1,0.4940321,0.49403298,1.0366887,0.091899104,0.091899104,1.0,8.7213465e-07,9.4901325e-06,-27.639254,2.2807608,0.7602536,0.120000005,0.0,0.17292443,9.280117,9.290117,2976000
hardzero_plus_depr__c0p60__z1p05__lam0p010__nu0p50__psi0p75,hardzero_plus_depr,0.01,34,930,0.0,1,0.49403298,0.49403384,1.0447536,0.09020829,0.09020829,1.0,8.496919e-07,9.419222e-06,-27.089561,2.2985036,0.7661679,0.18400002,0.0,0.16379759,9.290117,9.3001175,2979200
hardzero_plus_depr__c0p60__z1p05__lam0p010__nu0p50__psi0p75,hardzero_plus_depr,0.01,34,931,0.0,1,0.49403384,0.4940347,1.0396742,0.09126953,0.09126953,1.0,8.532642e-07,9.34884e-06,-28.778702,2.2873287,0.76244295,0.104,0.0,0.1541665,9.3001175,9.310118,2982400
hardzero_plus_depr__c0p60__z1p05__lam0p010__nu0p50__psi0p75,hardzero_plus_depr,0.01,34,932,0.0,1,0.4940347,0.4940356,1.0207345,0.09533787,0.09533787,1.0,8.8463855e-07,9.278984e-06,-27.19105,2.2456608,0.74855363,0.14400001,0.0,0.15753889,9.310118,9.320118,2985600
hardzero_plus_depr__c0p60__z1p05__lam0p010__nu0p50__psi0p75,hardzero_plus_depr,0.01,34,933,0.0,1,0.4940356,0.49403644,1.0420326,0.09077523,0.09077523,1.0,8.3600816e-07,9.209651e-06,-28.084055,2.2925174,0.7641725,0.18400002,0.0,0.16595848,9.320118,9.330118,2988800
hardzero_plus_depr__c0p60__z1p05__lam0p010__nu0p50__psi0p75,hardzero_plus_depr,0.01,34,934,0.0,1,0.49403644,0.49403644,1.082759,0.0,0.08264964,0.0,0.0,9.140836e-06,-29.627266,2.3821175,0.7940392,0.120000005,0.0,0.15879978,9.330118,9.340118,2992000
hardzero_plus_depr__c0p60__z1p05__lam0p010__nu0p50__psi0p75,hardzero_plus_depr,0.01,34,935,0.0,1,0.49403644,0.4940373,1.0219576,0.09506975,0.09506975,1.0,8.625235e-07,9.072533e-06,-27.132252,2.2483516,0.74945056,0.14400001,0.0,0.15551436,9.340118,9.350119,2995200
hardzero_plus_depr__c0p60__z1p05__lam0p010__nu0p50__psi0p75,hardzero_plus_depr,0.01,34,936,0.0,1,0.4940373,0.4940373,1.0587327,0.0,0.08735086,0.0,0.0,9.004742e-06,-28.142918,2.3292587,0.7764196,0.099999994,0.0,0.17431788,9.350119,9.360119,2998400
hardzero_plus_depr__c0p60__z1p05__lam0p010__nu0p50__psi0p75,hardzero_plus_depr,0.01,34,937,0.0,1,0.4940373,0.4940382,1.0041776,0.09904269,0.09904269,1.0,8.851899e-07,8.937458e-06,-26.848623,2.2092347,0.7364116,0.14400001,0.0,0.15202148,9.360119,9.370119,3001600
hardzero_plus_depr__c0p60__z1p05__lam0p010__nu0p50__psi0p75,hardzero_plus_depr,0.01,34,938,0.0,1,0.4940382,0.49403903,1.0300965,0.09330468,0.09330468,1.0,8.2767565e-07,8.8706765e-06,-27.478916,2.2662575,0.7554192,0.128,0.0,0.16474348,9.370119,9.380119,3004800
hardzero_plus_depr__c0p60__z1p05__lam0p010__nu0p50__psi0p75,hardzero_plus_depr,0.01,34,939,0.0,1,0.49403903,0.49403983,1.0370454,0.09182365,0.09182365,1.0,8.0845166e-07,8.804394e-06,-27.41668,2.2815454,0.76051515,0.120000005,0.0,0.14414226,9.380119,9.39012,3008000
hardzero_plus_depr__c0p60__z1p05__lam0p010__nu0p50__psi0p75,hardzero_plus_depr,0.01,34,940,0.0,1,0.49403983,0.4940407,1.0086926,0.09801834,0.09801834,1.0,8.565437e-07,8.738606e-06,-26.984388,2.2191682,0.7397227,0.16000001,0.0,0.1520224,9.39012,9.40012,3011200
hardzero_plus_depr__c0p60__z1p05__lam0p010__nu0p50__psi0p75,hardzero_plus_depr,0.01,34,941,0.0,1,0.4940407,0.49404153,1.0129836,0.09705467,0.09705467,1.0,8.4178527e-07,8.673311e-06,-27.108398,2.2286084,0.7428695,0.17600001,0.008,0.15473056,9.40012,9.41012,3014400
hardzero_plus_depr__c0p60__z1p05__lam0p010__nu0p50__psi0p75,hardzero_plus_depr,0.01,34,942,0.0,1,0.49404153,0.49404153,1.0963551,0.0,0.08010227,0.0,0.0,8.608503e-06,-28.344242,2.4120293,0.8040098,0.120000005,0.0,0.1774646,9.41012,9.42012,3017600
hardzero_plus_depr__c0p60__z1p05__lam0p010__nu0p50__psi0p75,hardzero_plus_depr,0.01,34,943,0.0,1,0.49404153,0.49404234,1.0243244,0.09455305,0.09455305,1.0,8.078782e-07,8.544179e-06,-26.34366,2.2535586,0.75118625,0.14400001,0.0,0.15275896,9.42012,9.43012,3020800
hardzero_plus_depr__c0p60__z1p05__lam0p010__nu0p50__psi0p75,hardzero_plus_depr,0.01,34,944,0.0,1,0.49404234,0.4940431,1.0467292,0.089798845,0.089798845,1.0,7.615244e-07,8.480336e-06,-27.33877,2.3028502,0.76761675,0.128,0.0,0.17398591,9.43012,9.440121,3024000
hardzero_plus_depr__c0p60__z1p05__lam0p010__nu0p50__psi0p75,hardzero_plus_depr,0.01,34,945,0.0,1,0.4940431,0.4940439,1.0306154,0.09319327,0.09319327,1.0,7.844049e-07,8.41697e-06,-28.162357,2.2673993,0.7557998,0.136,0.0,0.16026956,9.440121,9.450121,3027200
hardzero_plus_depr__c0p60__z1p05__lam0p010__nu0p50__psi0p75,hardzero_plus_depr,0.01,34,946,0.0,1,0.4940439,0.49404463,1.0432974,0.090511255,0.090511255,1.0,7.5613804e-07,8.354077e-06,-27.611319,2.2953002,0.7651001,0.15200001,0.0,0.16237064,9.450121,9.460121,3030400
hardzero_plus_depr__c0p60__z1p05__lam0p010__nu0p50__psi0p75,hardzero_plus_depr,0.01,34,947,0.0,1,0.49404463,0.49404547,1.0047815,0.098905064,0.098905064,1.0,8.200866e-07,8.291654e-06,-26.55532,2.2105634,0.7368545,0.192,0.0,0.15800026,9.460121,9.470121,3033600
hardzero_plus_depr__c0p60__z1p05__lam0p010__nu0p50__psi0p75,hardzero_plus_depr,0.01,34,948,0.0,1,0.49404547,0.49404627,1.015763,0.09643551,0.09643551,1.0,7.9363514e-07,8.229698e-06,-26.842932,2.2347233,0.7449078,0.208,0.0,0.14487109,9.470121,9.480122,3036800
hardzero_plus_depr__c0p60__z1p05__lam0p010__nu0p50__psi0p75,hardzero_plus_depr,0.01,34,949,0.0,1,0.49404627,0.49404702,1.045376,0.09007911,0.09007911,1.0,7.357847e-07,8.168206e-06,-28.150368,2.299873,0.7666244,0.17,0.0,0.15696076,9.480122,9.490122,3040000
hardzero_plus_depr__c0p60__z1p05__lam0p010__nu0p50__psi0p75,hardzero_plus_depr,0.01,34,950,0.0,1,0.49404702,0.49404776,1.0291438,0.0935096,0.0935096,1.0,7.5809834e-07,8.107171e-06,-27.302032,2.2641616,0.75472057,0.128,0.0,0.16960554,9.490122,9.500122,3043200
hardzero_plus_depr__c0p60__z1p05__lam0p010__nu0p50__psi0p75,hardzero_plus_depr,0.01,34,951,0.0,1,0.49404776,0.4940486,0.9873194,0.10296286,0.10296286,1.0,8.285003e-07,8.046593e-06,-26.480263,2.172146,0.72404873,0.128,0.0,0.12802228,9.500122,9.510122,3046400
hardzero_plus_depr__c0p60__z1p05__lam0p010__nu0p50__psi0p75,hardzero_plus_depr,0.01,34,952,0.0,1,0.4940486,0.4940494,0.99653304,0.10080148,0.10080148,1.0,8.050479e-07,7.9864685e-06,-26.969416,2.1924164,0.7308055,0.136,0.0,0.15086293,9.510122,9.520123,3049600
hardzero_plus_depr__c0p60__z1p05__lam0p010__nu0p50__psi0p75,hardzero_plus_depr,0.01,34,953,0.0,1,0.4940494,0.49405015,1.0349154,0.09227511,0.09227511,1.0,7.3144565e-07,7.926792e-06,-27.148115,2.2768595,0.7589532,0.208,0.0,0.15841761,9.520123,9.530123,3052800
hardzero_plus_depr__c0p60__z1p05__lam0p010__nu0p50__psi0p75,hardzero_plus_depr,0.01,34,954,0.0,1,0.49405015,0.49405015,1.0798594,0.0,0.083203316,0.0,0.0,7.867563e-06,-27.6826,2.3757381,0.79191273,0.16000001,0.0,0.15246052,9.530123,9.540123,3056000
hardzero_plus_depr__c0p60__z1p05__lam0p010__nu0p50__psi0p75,hardzero_plus_depr,0.01,34,955,0.0,1,0.49405015,0.4940509,1.0229523,0.09485225,0.09485225,1.0,7.4067987e-07,7.808775e-06,-27.277452,2.25054,0.75018,0.128,0.0,0.15724033,9.540123,9.550123,3059200
hardzero_plus_depr__c0p60__z1p05__lam0p010__nu0p50__psi0p75,hardzero_plus_depr,0.01,34,956,0.0,1,0.4940509,0.49405164,1.020557,0.095376834,0.095376834,1.0,7.3921115e-07,7.750426e-06,-27.146767,2.2452703,0.74842346,0.18400002,0.0,0.15246738,9.550123,9.560123,3062400
hardzero_plus_depr__c0p60__z1p05__lam0p010__nu0p50__psi0p75,hardzero_plus_depr,0.01,34,957,0.0,1,0.49405164,0.49405238,1.0176301,0.09602181,0.09602181,1.0,7.3864925e-07,7.692515e-06,-27.378527,2.2388308,0.746277,0.2,0.016,0.15318581,9.560123,9.570124,3065600
hardzero_plus_depr__c0p60__z1p05__lam0p010__nu0p50__psi0p75,hardzero_plus_depr,0.01,34,958,0.0,1,0.49405238,0.49405238,1.0684,0.0,0.08542794,0.0,0.0,7.635035e-06,-27.7231,2.350527,0.783509,0.14400001,0.0,0.20728528,9.570124,9.580124,3068800
hardzero_plus_depr__c0p60__z1p05__lam0p010__nu0p50__psi0p75,hardzero_plus_depr,0.01,34,959,0.0,1,0.49405238,0.49405316,0.9975894,0.1005566,0.1005566,1.0,7.6201644e-07,7.577986e-06,-26.384825,2.1947405,0.7315802,0.112,0.0,0.11683439,9.580124,9.590124,3072000
hardzero_plus_depr__c0p60__z1p05__lam0p010__nu0p50__psi0p75,hardzero_plus_depr,0.01,34,960,0.0,1,0.49405316,0.49405387,1.0131725,0.097012445,0.097012445,1.0,7.296657e-07,7.521362e-06,-27.008324,2.229024,0.743008,0.2,0.0,0.12000659,9.590124,9.600124,3075200
hardzero_plus_depr__c0p60__z1p05__lam0p010__nu0p50__psi0p75,hardzero_plus_depr,0.01,34,961,0.0,1,0.49405387,0.4940546,1.013936,0.096842036,0.096842036,1.0,7.229414e-07,7.4651616e-06,-26.786863,2.2307038,0.74356794,0.216,0.0,0.121883534,9.600124,9.610125,3078400
hardzero_plus_depr__c0p60__z1p05__lam0p010__nu0p50__psi0p75,hardzero_plus_depr,0.01,34,962,0.0,1,0.4940546,0.4940546,1.0509287,0.0,0.08893471,0.0,0.0,7.409381e-06,-27.445976,2.3120892,0.7706964,0.089999996,0.0,0.14427248,9.610125,9.620125,3081600
hardzero_plus_depr__c0p60__z1p05__lam0p010__nu0p50__psi0p75,hardzero_plus_depr,0.01,34,963,0.0,1,0.4940546,0.49405527,1.0328866,0.092707165,0.092707165,1.0,6.817701e-07,7.3540173e-06,-26.834583,2.2723958,0.7574653,0.192,0.008,0.15415622,9.620125,9.630125,3084800
hardzero_plus_depr__c0p60__z1p05__lam0p010__nu0p50__psi0p75,hardzero_plus_depr,0.01,34,964,0.0,1,0.49405527,0.49405605,0.97202116,0.106654406,0.106654406,1.0,7.7847767e-07,7.2990674e-06,-27.071323,2.1384892,0.71282977,0.128,0.0,0.13594574,9.630125,9.640125,3088000
hardzero_plus_depr__c0p60__z1p05__lam0p010__nu0p50__psi0p75,hardzero_plus_depr,0.01,34,965,0.0,1,0.49405605,0.49405605,1.0751723,0.0,0.08410613,0.0,0.0,7.2445278e-06,-27.25886,2.3654263,0.78847545,0.14400001,0.0,0.15944433,9.640125,9.6501255,3091200
hardzero_plus_depr__c0p60__z1p05__lam0p010__nu0p50__psi0p75,hardzero_plus_depr,0.01,34,966,0.0,1,0.49405605,0.49405676,1.005113,0.09882959,0.09882959,1.0,7.1062385e-07,7.1903955e-06,-26.807526,2.2112927,0.7370976,0.16000001,0.0,0.16262332,9.6501255,9.660126,3094400
hardzero_plus_depr__c0p60__z1p05__lam0p010__nu0p50__psi0p75,hardzero_plus_depr,0.01,34,967,0.0,1,0.49405676,0.49405676,1.0537627,0.0,0.08835626,0.0,0.0,7.136669e-06,-28.560865,2.318324,0.7727747,0.17600001,0.0,0.1928838,9.660126,9.670126,3097600
hardzero_plus_depr__c0p60__z1p05__lam0p010__nu0p50__psi0p75,hardzero_plus_depr,0.01,34,968,0.0,1,0.49405676,0.49405676,1.0611801,0.0,0.08686,0.0,0.0,7.0833426e-06,-27.813908,2.334643,0.77821434,0.120000005,0.0,0.17673096,9.670126,9.680126,3100800
hardzero_plus_depr__c0p60__z1p05__lam0p010__nu0p50__psi0p75,hardzero_plus_depr,0.01,34,969,0.0,1,0.49405676,0.4940574,1.0485071,0.08943199,0.08943199,1.0,6.287441e-07,7.0304154e-06,-27.361908,2.3067617,0.7689206,0.16800001,0.0,0.14107679,9.680126,9.690126,3104000
hardzero_plus_depr__c0p60__z1p05__lam0p010__nu0p50__psi0p75,hardzero_plus_depr,0.01,34,970,0.0,1,0.4940574,0.49405807,1.0078773,0.098202534,0.098202534,1.0,6.8524577e-07,6.977883e-06,-27.538853,2.2173746,0.7391249,0.2,0.0,0.15994126,9.690126,9.700127,3107200
hardzero_plus_depr__c0p60__z1p05__lam0p010__nu0p50__psi0p75,hardzero_plus_depr,0.01,34,971,0.0,1,0.49405807,0.49405882,0.97278386,0.10646726,0.10646726,1.0,7.3736487e-07,6.925743e-06,-26.307562,2.1401672,0.7133891,0.208,0.0,0.15422224,9.700127,9.710127,3110400
hardzero_plus_depr__c0p60__z1p05__lam0p010__nu0p50__psi0p75,hardzero_plus_depr,0.01,34,972,0.0,1,0.49405882,0.49405944,1.0345572,0.092351235,0.092351235,1.0,6.3482173e-07,6.873993e-06,-27.574226,2.2760713,0.7586905,0.136,0.0,0.14824134,9.710127,9.720127,3113600
hardzero_plus_depr__c0p60__z1p05__lam0p010__nu0p50__psi0p75,hardzero_plus_depr,0.01,34,973,0.0,1,0.49405944,0.49405944,1.0741763,0.0,0.08429924,0.0,0.0,6.82263e-06,-27.889292,2.363235,0.787745,0.120000005,0.0,0.1533557,9.720127,9.730127,3116800
hardzero_plus_depr__c0p60__z1p05__lam0p010__nu0p50__psi0p75,hardzero_plus_depr,0.01,34,974,0.0,1,0.49405944,0.49406013,0.9885998,0.10265974,0.10265974,1.0,6.9517586e-07,6.7716505e-06,-26.62754,2.174963,0.7249877,0.18400002,0.0,0.15585527,9.730127,9.740128,3120000
hardzero_plus_depr__c0p60__z1p05__lam0p010__nu0p50__psi0p75,hardzero_plus_depr,0.01,34,975,0.0,1,0.49406013,0.49406075,1.0335349,0.092568904,0.092568904,1.0,6.221604e-07,6.721052e-06,-28.338135,2.273822,0.7579407,0.17,0.0,0.13892779,9.740128,9.750128,3123200
hardzero_plus_depr__c0p60__z1p05__lam0p010__nu0p50__psi0p75,hardzero_plus_depr,0.01,34,976,0.0,1,0.49406075,0.49406075,1.0585911,0.0,0.08737935,0.0,0.0,6.670831e-06,-28.823442,2.328947,0.7763157,0.128,0.0,0.16564804,9.750128,9.760128,3126400
hardzero_plus_depr__c0p60__z1p05__lam0p010__nu0p50__psi0p75,hardzero_plus_depr,0.01,34,977,0.0,1,0.49406075,0.49406075,1.0542499,0.0,0.08825719,0.0,0.0,6.6209855e-06,-27.776777,2.319396,0.773132,0.120000005,0.0,0.15533698,9.760128,9.770128,3129600
hardzero_plus_depr__c0p60__z1p05__lam0p010__nu0p50__psi0p75,hardzero_plus_depr,0.01,34,978,0.0,1,0.49406075,0.49406075,1.0914626,0.0,0.08100977,0.0,0.0,6.571514e-06,-27.974823,2.4012656,0.8004219,0.17600001,0.0,0.17023914,9.770128,9.7801285,3132800
hardzero_plus_depr__c0p60__z1p05__lam0p010__nu0p50__psi0p75,hardzero_plus_depr,0.01,34,979,0.0,1,0.49406075,0.49406075,1.083652,0.0,0.082479864,0.0,0.0,6.5224103e-06,-29.008347,2.384082,0.79469407,0.14400001,0.0,0.1779141,9.7801285,9.790129,3136000
hardzero_plus_depr__c0p60__z1p05__lam0p010__nu0p50__psi0p75,hardzero_plus_depr,0.01,34,980,0.0,1,0.49406075,0.4940614,0.98622435,0.10322281,0.10322281,1.0,6.682308e-07,6.473674e-06,-27.12277,2.1697369,0.7232456,0.16800001,0.0,0.14274725,9.790129,9.800129,3139200
hardzero_plus_depr__c0p60__z1p05__lam0p010__nu0p50__psi0p75,hardzero_plus_depr,0.01,34,981,0.0,1,0.4940614,0.494062,1.0228914,0.09486556,0.09486556,1.0,6.095399e-07,6.4253018e-06,-26.061329,2.250406,0.75013536,0.16000001,0.0,0.13638349,9.800129,9.810129,3142400
hardzero_plus_depr__c0p60__z1p05__lam0p010__nu0p50__psi0p75,hardzero_plus_depr,0.01,34,982,0.0,1,0.494062,0.4940626,1.0222541,0.09500488,0.09500488,1.0,6.0587377e-07,6.3772914e-06,-27.452862,2.249004,0.749668,0.128,0.0,0.14259838,9.810129,9.820129,3145600
hardzero_plus_depr__c0p60__z1p05__lam0p010__nu0p50__psi0p75,hardzero_plus_depr,0.01,34,983,0.0,1,0.4940626,0.49406326,0.9940284,0.101384506,0.101384506,1.0,6.4172735e-07,6.3296393e-06,-26.735918,2.186906,0.72896874,0.18400002,0.0,0.13361034,9.820129,9.83013,3148800
hardzero_plus_depr__c0p60__z1p05__lam0p010__nu0p50__psi0p75,hardzero_plus_depr,0.01,34,984,0.0,1,0.49406326,0.49406385,1.0161208,0.0963561,0.0963561,1.0,6.0534217e-07,6.2823437e-06,-25.711784,2.2355103,0.7451701,0.112,0.0,0.13048449,9.83013,9.84013,3152000
hardzero_plus_depr__c0p60__z1p05__lam0p010__nu0p50__psi0p75,hardzero_plus_depr,0.01,34,985,0.0,1,0.49406385,0.49406445,1.0161837,0.09634214,0.09634214,1.0,6.00732e-07,6.235402e-06,-27.27547,2.2356489,0.7452163,0.16800001,0.0,0.15828408,9.84013,9.85013,3155200
hardzero_plus_depr__c0p60__z1p05__lam0p010__nu0p50__psi0p75,hardzero_plus_depr,0.01,34,986,0.0,1,0.49406445,0.49406445,1.0789295,0.0,0.083381645,0.0,0.0,6.18881e-06,-28.30776,2.3736925,0.79123086,0.15200001,0.0,0.16900602,9.85013,9.86013,3158400
hardzero_plus_depr__c0p60__z1p05__lam0p010__nu0p50__psi0p75,hardzero_plus_depr,0.01,34,987,0.0,1,0.49406445,0.494065,1.0487413,0.08938377,0.08938377,1.0,5.490457e-07,6.142566e-06,-26.77396,2.307277,0.7690923,0.14400001,0.008,0.18476963,9.86013,9.870131,3161600
hardzero_plus_depr__c0p60__z1p05__lam0p010__nu0p50__psi0p75,hardzero_plus_depr,0.01,34,988,0.0,1,0.494065,0.49406558,1.0004883,0.099887624,0.099887624,1.0,6.0898174e-07,6.0966686e-06,-27.59984,2.2011182,0.7337061,0.17999999,0.0,0.14405866,9.870131,9.880131,3164800
hardzero_plus_depr__c0p60__z1p05__lam0p010__nu0p50__psi0p75,hardzero_plus_depr,0.01,34,989,0.0,1,0.49406558,0.49406618,1.0028597,0.099343695,0.099343695,1.0,6.0113996e-07,6.0511134e-06,-27.354134,2.2063355,0.7354452,0.120000005,0.0,0.13926241,9.880131,9.890131,3168000
hardzero_plus_depr__c0p60__z1p05__lam0p010__nu0p50__psi0p75,hardzero_plus_depr,0.01,34,990,0.0,1,0.49406618,0.49406675,1.0334288,0.09259151,0.09259151,1.0,5.5609524e-07,6.0058987e-06,-26.717731,2.2735887,0.7578629,0.128,0.0,0.17317219,9.890131,9.900131,3171200
hardzero_plus_depr__c0p60__z1p05__lam0p010__nu0p50__psi0p75,hardzero_plus_depr,0.01,34,991,0.0,1,0.49406675,0.49406734,0.9940166,0.10138726,0.10138726,1.0,6.043717e-07,5.961022e-06,-25.647911,2.18688,0.72896004,0.224,0.0,0.12466454,9.900131,9.910131,3174400
hardzero_plus_depr__c0p60__z1p05__lam0p010__nu0p50__psi0p75,hardzero_plus_depr,0.01,34,992,0.0,1,0.49406734,0.49406734,1.102496,0.0,0.07897761,0.0,0.0,5.9164804e-06,-28.896818,2.4255397,0.8085133,0.128,0.0,0.15096532,9.910131,9.920132,3177600
hardzero_plus_depr__c0p60__z1p05__lam0p010__nu0p50__psi0p75,hardzero_plus_depr,0.01,34,993,0.0,1,0.49406734,0.49406788,1.0366309,0.09191135,0.09191135,1.0,5.397285e-07,5.872272e-06,-28.89388,2.2806334,0.76021117,0.16800001,0.0,0.16073927,9.920132,9.930132,3180800
hardzero_plus_depr__c0p60__z1p05__lam0p010__nu0p50__psi0p75,hardzero_plus_depr,0.01,34,994,0.0,1,0.49406788,0.49406844,1.0180796,0.09592248,0.09592248,1.0,5.5907395e-07,5.8283936e-06,-27.68977,2.23982,0.7466067,0.15200001,0.0,0.14152682,9.930132,9.940132,3184000
hardzero_plus_depr__c0p60__z1p05__lam0p010__nu0p50__psi0p75,hardzero_plus_depr,0.01,34,995,0.0,1,0.49406844,0.49406904,0.99144524,0.101989344,0.101989344,1.0,5.899924e-07,5.7848433e-06,-27.165504,2.1812232,0.7270744,0.16000001,0.0,0.13065292,9.940132,9.950132,3187200
hardzero_plus_depr__c0p60__z1p05__lam0p010__nu0p50__psi0p75,hardzero_plus_depr,0.01,34,996,0.0,1,0.49406904,0.49406904,1.058163,0.0,0.087465525,0.0,0.0,5.741618e-06,-28.298746,2.328005,0.7760017,0.120000005,0.0,0.14013207,9.950132,9.960133,3190400
hardzero_plus_depr__c0p60__z1p05__lam0p010__nu0p50__psi0p75,hardzero_plus_depr,0.01,34,997,0.0,1,0.49406904,0.49406958,1.0202116,0.09545274,0.09545274,1.0,5.4395804e-07,5.6987155e-06,-26.868675,2.2445102,0.7481701,0.120000005,0.0,0.14797924,9.960133,9.970133,3193600
hardzero_plus_depr__c0p60__z1p05__lam0p010__nu0p50__psi0p75,hardzero_plus_depr,0.01,34,998,0.0,1,0.49406958,0.49406958,1.0801486,0.0,0.08314793,0.0,0.0,5.656135e-06,-28.832697,2.3763742,0.79212475,0.08800001,0.0,0.15282656,9.970133,9.980133,3196800
hardzero_plus_depr__c0p60__z1p05__lam0p010__nu0p50__psi0p75,hardzero_plus_depr,0.01,34,999,0.0,1,0.49406958,0.49406958,1.0666299,0.0,0.08577685,0.0,0.0,5.6138715e-06,-28.04523,2.3466327,0.78221095,0.15200001,0.0,0.15438113,9.980133,9.990133,3200000
hardzero_plus_depr__c0p60__z1p05__lam0p010__nu0p50__psi0p75,hardzero_plus_depr,0.01,34,1000,0.0,1,0.49406958,0.49407008,1.0374595,0.09173615,0.09173615,1.0,5.111469e-07,5.5719242e-06,-27.479649,2.2824564,0.76081884,0.15200001,0.0,0.15637983,9.990133,10.0001335,3203200
hardzero_plus_depr__c0p60__z1p05__lam0p010__nu0p50__psi0p75,hardzero_plus_depr,0.01,34,1001,0.0,1,0.49407008,0.49407008,1.0575218,0.0,0.08759476,0.0,0.0,5.5302894e-06,-27.97126,2.3265946,0.77553153,0.14,0.0,0.16657177,10.0001335,10.010134,3206400
hardzero_plus_depr__c0p60__z1p05__lam0p010__nu0p50__psi0p75,hardzero_plus_depr,0.01,34,1002,0.0,1,0.49407008,0.49407065,0.97980416,0.10476007,0.10476007,1.0,5.7502456e-07,5.4889665e-06,-26.739048,2.1556122,0.71853745,0.16000001,0.0,0.16443749,10.010134,10.020134,3209600
hardzero_plus_depr__c0p60__z1p05__lam0p010__nu0p50__psi0p75,hardzero_plus_depr,0.01,34,1003,0.0,1,0.49407065,0.49407065,1.0629472,0.0,0.08650732,0.0,0.0,5.4479524e-06,-27.779951,2.3385305,0.7795102,0.128,0.0,0.15279151,10.020134,10.030134,3212800
hardzero_plus_depr__c0p60__z1p05__lam0p010__nu0p50__psi0p75,hardzero_plus_depr,0.01,34,1004,0.0,1,0.49407065,0.49407065,1.0524662,0.0,0.08862042,0.0,0.0,5.4072448e-06,-27.243353,2.3154716,0.7718239,0.16800001,0.0,0.14428242,10.030134,10.040134,3216000
hardzero_plus_depr__c0p60__z1p05__lam0p010__nu0p50__psi0p75,hardzero_plus_depr,0.01,34,1005,0.0,1,0.49407065,0.49407113,1.0455441,0.090044215,0.090044215,1.0,4.832531e-07,5.366842e-06,-27.211504,2.3002431,0.7667477,0.15200001,0.0,0.15836444,10.040134,10.050135,3219200
hardzero_plus_depr__c0p60__z1p05__lam0p010__nu0p50__psi0p75,hardzero_plus_depr,0.01,34,1006,0.0,1,0.49407113,0.49407113,1.0575953,0.0,0.08757996,0.0,0.0,5.32674e-06,-27.829348,2.326756,0.77558535,0.136,0.0,0.17800413,10.050135,10.060135,3222400
hardzero_plus_depr__c0p60__z1p05__lam0p010__nu0p50__psi0p75,hardzero_plus_depr,0.01,34,1007,0.0,1,0.49407113,0.49407163,1.0123516,0.09719599,0.09719599,1.0,5.1386917e-07,5.2869377e-06,-27.026268,2.2272182,0.7424061,0.15200001,0.008,0.15755741,10.060135,10.070135,3225600
hardzero_plus_depr__c0p60__z1p05__lam0p010__nu0p50__psi0p75,hardzero_plus_depr,0.01,34,1008,0.0,1,0.49407163,0.49407214,1.0200484,0.09548862,0.09548862,1.0,5.010702e-07,5.2474334e-06,-27.57889,2.244151,0.7480504,0.23200001,0.0,0.17276396,10.070135,10.080135,3228800
hardzero_plus_depr__c0p60__z1p05__lam0p010__nu0p50__psi0p75,hardzero_plus_depr,0.01,34,1009,0.0,1,0.49407214,0.49407214,1.0724896,0.0,0.08462727,0.0,0.0,5.2082237e-06,-28.262177,2.3595243,0.7865081,0.112,0.0,0.18962242,10.080135,10.090136,3232000
hardzero_plus_depr__c0p60__z1p05__lam0p010__nu0p50__psi0p75,hardzero_plus_depr,0.01,34,1010,0.0,1,0.49407214,0.49407262,1.0243261,0.094552696,0.094552696,1.0,4.88772e-07,5.1693078e-06,-27.653961,2.2535625,0.7511875,0.18400002,0.0,0.17817849,10.090136,10.100136,3235200
hardzero_plus_depr__c0p60__z1p05__lam0p010__nu0p50__psi0p75,hardzero_plus_depr,0.01,34,1011,0.0,1,0.49407262,0.49407262,1.0588889,0.0,0.08731946,0.0,0.0,5.1306815e-06,-28.590822,2.329602,0.776534,0.15200001,0.0,0.17841756,10.100136,10.110136,3238400
hardzero_plus_depr__c0p60__z1p05__lam0p010__nu0p50__psi0p75,hardzero_plus_depr,0.01,34,1012,0.0,1,0.49407262,0.4940731,1.0243608,0.09454514,0.09454514,1.0,4.8145637e-07,5.092344e-06,-27.94574,2.2536387,0.75121295,0.128,0.0,0.15880556,10.110136,10.120136,3241600
hardzero_plus_depr__c0p60__z1p05__lam0p010__nu0p50__psi0p75,hardzero_plus_depr,0.01,34,1013,0.0,1,0.4940731,0.4940736,0.99585193,0.100959696,0.100959696,1.0,5.1027996e-07,5.054294e-06,-26.289,2.190918,0.730306,0.16800001,0.0,0.13281131,10.120136,10.1301365,3244800
hardzero_plus_depr__c0p60__z1p05__lam0p010__nu0p50__psi0p75,hardzero_plus_depr,0.01,34,1014,0.0,1,0.4940736,0.49407408,1.0328513,0.092714705,0.092714705,1.0,4.6510587e-07,5.0165277e-06,-26.607979,2.2723184,0.7574395,0.12,0.0,0.12470724,10.1301365,10.140137,3248000
hardzero_plus_depr__c0p60__z1p05__lam0p010__nu0p50__psi0p75,hardzero_plus_depr,0.01,34,1015,0.0,1,0.49407408,0.49407408,1.0873998,0.0,0.08177116,0.0,0.0,4.9790438e-06,-29.017786,2.3923273,0.79744244,0.104,0.0,0.18307167,10.140137,10.150137,3251200
hardzero_plus_depr__c0p60__z1p05__lam0p010__nu0p50__psi0p75,hardzero_plus_depr,0.01,34,1016,0.0,1,0.49407408,0.49407408,1.097229,0.0,0.07994126,0.0,0.0,4.9418395e-06,-28.647131,2.413952,0.8046507,0.18400002,0.0,0.20334476,10.150137,10.160137,3254400
hardzero_plus_depr__c0p60__z1p05__lam0p010__nu0p50__psi0p75,hardzero_plus_depr,0.01,34,1017,0.0,1,0.49407408,0.49407408,1.1178492,0.0,0.07623437,0.0,0.0,4.904913e-06,-29.494205,2.4593174,0.8197725,0.096,0.0,0.16002737,10.160137,10.170137,3257600
hardzero_plus_depr__c0p60__z1p05__lam0p010__nu0p50__psi0p75,hardzero_plus_depr,0.01,34,1018,0.0,1,0.49407408,0.49407408,1.068941,0.0,0.085321605,0.0,0.0,4.868263e-06,-27.99929,2.3517172,0.78390574,0.136,0.0,0.1565876,10.170137,10.180138,3260800
hardzero_plus_depr__c0p60__z1p05__lam0p010__nu0p50__psi0p75,hardzero_plus_depr,0.01,34,1019,0.0,1,0.49407408,0.49407408,1.0781227,0.0,0.083536685,0.0,0.0,4.8318875e-06,-28.376575,2.3719175,0.79063916,0.08800001,0.0,0.14906797,10.180138,10.190138,3264000
hardzero_plus_depr__c0p60__z1p05__lam0p010__nu0p50__psi0p75,hardzero_plus_depr,0.01,34,1020,0.0,1,0.49407408,0.49407408,1.0721747,0.0,0.08468868,0.0,0.0,4.795783e-06,-27.93068,2.3588314,0.7862772,0.096,0.0,0.15743323,10.190138,10.200138,3267200
hardzero_plus_depr__c0p60__z1p05__lam0p010__nu0p50__psi0p75,hardzero_plus_depr,0.01,34,1021,0.0,1,0.49407408,0.49407452,1.0228417,0.09487642,0.09487642,1.0,4.5160684e-07,4.759948e-06,-28.095858,2.2502966,0.7500989,0.24800001,0.0,0.16617756,10.200138,10.210138,3270400
hardzero_plus_depr__c0p60__z1p05__lam0p010__nu0p50__psi0p75,hardzero_plus_depr,0.01,34,1022,0.0,1,0.49407452,0.49407494,1.041793,0.09082533,0.09082533,1.0,4.2909346e-07,4.724381e-06,-27.00213,2.2919903,0.7639968,0.136,0.0,0.15190326,10.210138,10.220139,3273600
hardzero_plus_depr__c0p60__z1p05__lam0p010__nu0p50__psi0p75,hardzero_plus_depr,0.01,34,1023,0.0,1,0.49407494,0.49407536,1.0453445,0.09008563,0.09008563,1.0,4.2241874e-07,4.68908e-06,-27.829453,2.2998037,0.76660126,0.136,0.0,0.16752622,10.220139,10.230139,3276800
hardzero_plus_depr__c0p60__z1p05__lam0p010__nu0p50__psi0p75,hardzero_plus_depr,0.01,34,1024,0.0,1,0.49407536,0.4940758,1.0162231,0.096333414,0.096333414,1.0,4.4833988e-07,4.654043e-06,-27.054562,2.2357354,0.74524516,0.16000001,0.0,0.14310741,10.230139,10.240139,3280000
hardzero_plus_depr__c0p60__z1p05__lam0p010__nu0p50__psi0p75,hardzero_plus_depr,0.01,34,1025,0.0,1,0.4940758,0.4940758,1.0831748,0.0,0.08257055,0.0,0.0,4.619267e-06,-27.631153,2.3830323,0.7943441,0.18400002,0.0,0.1609653,10.240139,10.250139,3283200
hardzero_plus_depr__c0p60__z1p05__lam0p010__nu0p50__psi0p75,hardzero_plus_depr,0.01,34,1026,0.0,1,0.4940758,0.49407622,1.0343264,0.092400335,0.092400335,1.0,4.2363257e-07,4.5847514e-06,-26.920275,2.2755635,0.7585212,0.096,0.0,0.13322031,10.250139,10.260139,3286400
hardzero_plus_depr__c0p60__z1p05__lam0p010__nu0p50__psi0p75,hardzero_plus_depr,0.01,34,1027,0.0,1,0.49407622,0.49407667,1.0176011,0.09602822,0.09602822,1.0,4.3697585e-07,4.550494e-06,-26.628359,2.2387671,0.74625576,0.13,0.0,0.17237994,10.260139,10.27014,3289600
hardzero_plus_depr__c0p60__z1p05__lam0p010__nu0p50__psi0p75,hardzero_plus_depr,0.01,34,1028,0.0,1,0.49407667,0.49407712,1.0008087,0.09981397,0.09981397,1.0,4.5080898e-07,4.516492e-06,-25.886549,2.2018232,0.7339411,0.14400001,0.0,0.13612927,10.27014,10.28014,3292800
hardzero_plus_depr__c0p60__z1p05__lam0p010__nu0p50__psi0p75,hardzero_plus_depr,0.01,34,1029,0.0,1,0.49407712,0.49407712,1.0741787,0.0,0.084298775,0.0,0.0,4.4827443e-06,-28.180624,2.3632402,0.7877468,0.064,0.0,0.17558165,10.28014,10.29014,3296000
hardzero_plus_depr__c0p60__z1p05__lam0p010__nu0p50__psi0p75,hardzero_plus_depr,0.01,34,1030,0.0,1,0.49407712,0.49407753,1.0260926,0.094168864,0.094168864,1.0,4.1898073e-07,4.449249e-06,-27.718836,2.257449,0.752483,0.216,0.0,0.16915658,10.29014,10.30014,3299200
hardzero_plus_depr__c0p60__z1p05__lam0p010__nu0p50__psi0p75,hardzero_plus_depr,0.01,34,1031,0.0,1,0.49407753,0.49407795,1.0133489,0.09697304,0.09697304,1.0,4.2823325e-07,4.4160033e-06,-27.573423,2.229412,0.74313736,0.16000001,0.0,0.14375822,10.30014,10.310141,3302400
hardzero_plus_depr__c0p60__z1p05__lam0p010__nu0p50__psi0p75,hardzero_plus_depr,0.01,34,1032,0.0,1,0.49407795,0.49407795,1.1174067,0.0,0.07631207,0.0,0.0,4.383007e-06,-29.760784,2.458344,0.819448,0.120000005,0.0,0.15776077,10.310141,10.320141,3305600
hardzero_plus_depr__c0p60__z1p05__lam0p010__nu0p50__psi0p75,hardzero_plus_depr,0.01,34,1033,0.0,1,0.49407795,0.49407834,1.0424471,0.09068864,0.09068864,1.0,3.9451882e-07,4.3502564e-06,-27.501904,2.2934294,0.7644765,0.17600001,0.0,0.14693019,10.320141,10.330141,3308800
hardzero_plus_depr__c0p60__z1p05__lam0p010__nu0p50__psi0p75,hardzero_plus_depr,0.01,34,1034,0.0,1,0.49407834,0.49407876,1.0194849,0.09561259,0.09561259,1.0,4.1283133e-07,4.3177506e-06,-26.925371,2.2429116,0.7476372,0.128,0.0,0.1468073,10.330141,10.340141,3312000
hardzero_plus_depr__c0p60__z1p05__lam0p010__nu0p50__psi0p75,hardzero_plus_depr,0.01,34,1035,0.0,1,0.49407876,0.4940792,0.9937835,0.10144171,0.10144171,1.0,4.347272e-07,4.2854876e-06,-26.594946,2.1863673,0.7287891,0.16000001,0.0,0.1262827,10.340141,10.350142,3315200
hardzero_plus_depr__c0p60__z1p05__lam0p010__nu0p50__psi0p75,hardzero_plus_depr,0.01,34,1036,0.0,1,0.4940792,0.49407962,1.0193644,0.09563914,0.09563914,1.0,4.0679785e-07,4.253466e-06,-27.422398,2.2426465,0.7475488,0.18400002,0.0,0.14058606,10.350142,10.360142,3318400
hardzero_plus_depr__c0p60__z1p05__lam0p010__nu0p50__psi0p75,hardzero_plus_depr,0.01,34,1037,0.0,1,0.49407962,0.49408004,1.0084467,0.09807386,0.09807386,1.0,4.1403683e-07,4.221684e-06,-26.72394,2.218627,0.73954237,0.16800001,0.0,0.1501579,10.360142,10.370142,3321600
hardzero_plus_depr__c0p60__z1p05__lam0p010__nu0p50__psi0p75,hardzero_plus_depr,0.01,34,1038,0.0,1,0.49408004,0.49408042,1.0330973,0.09266222,0.09266222,1.0,3.8826758e-07,4.190139e-06,-27.205591,2.2728593,0.7576198,0.16000001,0.0,0.13277927,10.370142,10.380142,3324800
hardzero_plus_depr__c0p60__z1p05__lam0p010__nu0p50__psi0p75,hardzero_plus_depr,0.01,34,1039,0.0,1,0.49408042,0.49408084,1.0109507,0.09751003,0.09751003,1.0,4.055276e-07,4.1588296e-06,-26.535975,2.2241359,0.74137866,0.14400001,0.0,0.12574445,10.380142,10.390142,3328000
hardzero_plus_depr__c0p60__z1p05__lam0p010__nu0p50__psi0p75,hardzero_plus_depr,0.01,34,1040,0.0,1,0.49408084,0.49408123,1.0327948,0.092726775,0.092726775,1.0,3.827533e-07,4.127754e-06,-27.514526,2.272194,0.757398,0.17,0.0,0.16011734,10.390142,10.400143,3331200
hardzero_plus_depr__c0p60__z1p05__lam0p010__nu0p50__psi0p75,hardzero_plus_depr,0.01,34,1041,0.0,1,0.49408123,0.49408165,0.9906959,0.10216546,0.10216546,1.0,4.1856282e-07,4.096911e-06,-26.424507,2.1795745,0.72652483,0.128,0.0,0.15289555,10.400143,10.410143,3334400
hardzero_plus_depr__c0p60__z1p05__lam0p010__nu0p50__psi0p75,hardzero_plus_depr,0.01,34,1042,0.0,1,0.49408165,0.49408165,1.0671757,0.0,0.08566911,0.0,0.0,4.0662985e-06,-28.275078,2.3478334,0.78261113,0.18400002,0.0,0.14589302,10.410143,10.420143,3337600
hardzero_plus_depr__c0p60__z1p05__lam0p010__nu0p50__psi0p75,hardzero_plus_depr,0.01,34,1043,0.0,1,0.49408165,0.49408203,1.0138639,0.09685813,0.09685813,1.0,3.9091117e-07,4.035915e-06,-26.97288,2.2305453,0.74351513,0.14400001,0.0,0.1425052,10.420143,10.430143,3340800
hardzero_plus_depr__c0p60__z1p05__lam0p010__nu0p50__psi0p75,hardzero_plus_depr,0.01,34,1044,0.0,1,0.49408203,0.49408242,1.0233306,0.09476967,0.09476967,1.0,3.7962437e-07,4.005758e-06,-27.387312,2.251372,0.7504574,0.16800001,0.0,0.16164793,10.430143,10.440144,3344000
hardzero_plus_depr__c0p60__z1p05__lam0p010__nu0p50__psi0p75,hardzero_plus_depr,0.01,34,1045,0.0,1,0.49408242,0.4940828,1.0024432,0.099439,0.099439,1.0,3.9535217e-07,3.975826e-06,-26.17438,2.205419,0.7351397,0.15200001,0.0,0.14196067,10.440144,10.450144,3347200
hardzero_plus_depr__c0p60__z1p05__lam0p010__nu0p50__psi0p75,hardzero_plus_depr,0.01,34,1046,0.0,1,0.4940828,0.4940832,1.0219744,0.09506606,0.09506606,1.0,3.7514198e-07,3.946119e-06,-26.694798,2.2483888,0.74946296,0.15200001,0.0,0.14240298,10.450144,10.460144,3350400
hardzero_plus_depr__c0p60__z1p05__lam0p010__nu0p50__psi0p75,hardzero_plus_depr,0.01,34,1047,0.0,1,0.4940832,0.49408355,1.0457695,0.089997515,0.089997515,1.0,3.5248723e-07,3.916633e-06,-27.259962,2.3007388,0.76691294,0.16000001,0.0,0.16916141,10.460144,10.470144,3353600
hardzero_plus_depr__c0p60__z1p05__lam0p010__nu0p50__psi0p75,hardzero_plus_depr,0.01,34,1048,0.0,1,0.49408355,0.4940839,1.0435047,0.090468064,0.090468064,1.0,3.516826e-07,3.8873673e-06,-27.793875,2.295756,0.76525205,0.15200001,0.0,0.15455964,10.470144,10.4801445,3356800
hardzero_plus_depr__c0p60__z1p05__lam0p010__nu0p50__psi0p75,hardzero_plus_depr,0.01,34,1049,0.0,1,0.4940839,0.4940839,1.05477,0.0,0.08815157,0.0,0.0,3.8583203e-06,-27.538095,2.3205402,0.77351344,0.15200001,0.0,0.16921824,10.4801445,10.490145,3360000
hardzero_plus_depr__c0p60__z1p05__lam0p010__nu0p50__psi0p75,hardzero_plus_depr,0.01,34,1050,0.0,1,0.4940839,0.49408427,1.0375528,0.09171642,0.09171642,1.0,3.5122716e-07,3.82949e-06,-27.577126,2.282662,0.7608873,0.120000005,0.0,0.17072737,10.490145,10.500145,3363200
hardzero_plus_depr__c0p60__z1p05__lam0p010__nu0p50__psi0p75,hardzero_plus_depr,0.01,34,1051,0.0,1,0.49408427,0.49408427,1.0971929,0.0,0.079947904,0.0,0.0,3.8008764e-06,-28.367428,2.4138725,0.8046242,0.112,0.0,0.20278506,10.500145,10.510145,3366400
hardzero_plus_depr__c0p60__z1p05__lam0p010__nu0p50__psi0p75,hardzero_plus_depr,0.01,34,1052,0.0,1,0.49408427,0.49408463,1.0206089,0.095365465,0.095365465,1.0,3.5976387e-07,3.7724753e-06,-27.24139,2.2453845,0.7484615,0.120000005,0.0,0.12761764,10.510145,10.520145,3369600
hardzero_plus_depr__c0p60__z1p05__lam0p010__nu0p50__psi0p75,hardzero_plus_depr,0.01,34,1053,0.0,1,0.49408463,0.49408498,1.0329249,0.092699006,0.092699006,1.0,3.470917e-07,3.7442874e-06,-27.48989,2.2724802,0.75749344,0.24,0.0,0.15943706,10.520145,10.530146,3372800
hardzero_plus_depr__c0p60__z1p05__lam0p010__nu0p50__psi0p75,hardzero_plus_depr,0.01,34,1054,0.0,1,0.49408498,0.4940853,1.042385,0.09070161,0.09070161,1.0,3.3707522e-07,3.7163093e-06,-27.604528,2.2932928,0.76443094,0.15200001,0.0,0.14641312,10.530146,10.540146,3376000
hardzero_plus_depr__c0p60__z1p05__lam0p010__nu0p50__psi0p75,hardzero_plus_depr,0.01,34,1055,0.0,1,0.4940853,0.4940853,1.0745946,0.0,0.08421808,0.0,0.0,3.6885408e-06,-27.865042,2.3641553,0.7880518,0.104,0.0,0.16650991,10.540146,10.550146,3379200
hardzero_plus_depr__c0p60__z1p05__lam0p010__nu0p50__psi0p75,hardzero_plus_depr,0.01,34,1056,0.0,1,0.4940853,0.4940853,1.0787183,0.0,0.083422214,0.0,0.0,3.6609795e-06,-28.384647,2.3732276,0.7910759,0.136,0.0,0.13071585,10.550146,10.560146,3382400
hardzero_plus_depr__c0p60__z1p05__lam0p010__nu0p50__psi0p75,hardzero_plus_depr,0.01,34,1057,0.0,1,0.4940853,0.4940853,1.0820115,0.0,0.08279202,0.0,0.0,3.6336241e-06,-27.150501,2.3804727,0.7934909,0.112,0.0,0.15099458,10.560146,10.570147,3385600
hardzero_plus_depr__c0p60__z1p05__lam0p010__nu0p50__psi0p75,hardzero_plus_depr,0.01,34,1058,0.0,1,0.4940853,0.4940853,1.0507271,0.0,0.08897599,0.0,0.0,3.6064735e-06,-27.937796,2.3116457,0.7705486,0.14400001,0.0,0.14386651,10.570147,10.580147,3388800
hardzero_plus_depr__c0p60__z1p05__lam0p010__nu0p50__psi0p75,hardzero_plus_depr,0.01,34,1059,0.0,1,0.4940853,0.49408564,1.0197396,0.095556535,0.095556535,1.0,3.4204703e-07,3.5795254e-06,-26.788055,2.2434719,0.74782395,0.192,0.008,0.14361355,10.580147,10.590147,3392000
hardzero_plus_depr__c0p60__z1p05__lam0p010__nu0p50__psi0p75,hardzero_plus_depr,0.01,34,1060,0.0,1,0.49408564,0.494086,1.0080371,0.09816641,0.09816641,1.0,3.4876354e-07,3.5527787e-06,-26.863604,2.217726,0.739242,0.18400002,0.0,0.14740942,10.590147,10.600147,3395200
hardzero_plus_depr__c0p60__z1p05__lam0p010__nu0p50__psi0p75,hardzero_plus_depr,0.01,34,1061,0.0,1,0.494086,0.49408633,1.0281624,0.09372115,0.09372115,1.0,3.3048255e-07,3.5262321e-06,-27.632755,2.2620025,0.75400084,0.136,0.0,0.13252617,10.600147,10.610147,3398400
hardzero_plus_depr__c0p60__z1p05__lam0p010__nu0p50__psi0p75,hardzero_plus_depr,0.01,34,1062,0.0,1,0.49408633,0.49408665,1.0391223,0.09138558,0.09138558,1.0,3.198389e-07,3.4998836e-06,-27.96589,2.2861147,0.76203823,0.16000001,0.0,0.19680573,10.610147,10.620148,3401600
hardzero_plus_depr__c0p60__z1p05__lam0p010__nu0p50__psi0p75,hardzero_plus_depr,0.01,34,1063,0.0,1,0.49408665,0.49408665,1.0941687,0.0,0.08050656,0.0,0.0,3.4737325e-06,-28.187069,2.4072192,0.80240643,0.14400001,0.0,0.15800993,10.620148,10.630148,3404800
hardzero_plus_depr__c0p60__z1p05__lam0p010__nu0p50__psi0p75,hardzero_plus_depr,0.01,34,1064,0.0,1,0.49408665,0.49408695,1.04426,0.09031086,0.09031086,1.0,3.113716e-07,3.447776e-06,-28.267965,2.2974179,0.76580596,0.112,0.0,0.1444057,10.630148,10.640148,3408000
hardzero_plus_depr__c0p60__z1p05__lam0p010__nu0p50__psi0p75,hardzero_plus_depr,0.01,34,1065,0.0,1,0.49408695,0.4940873,0.98588437,0.10330363,0.10330363,1.0,3.535065e-07,3.422014e-06,-26.285686,2.168989,0.72299635,0.16000001,0.0,0.13494152,10.640148,10.650148,3411200
hardzero_plus_depr__c0p60__z1p05__lam0p010__nu0p50__psi0p75,hardzero_plus_depr,0.01,34,1066,0.0,1,0.4940873,0.4940873,1.0612389,0.0,0.08684826,0.0,0.0,3.396444e-06,-27.424198,2.334772,0.77825737,0.17999999,0.0,0.1809421,10.650148,10.660149,3414400
hardzero_plus_depr__c0p60__z1p05__lam0p010__nu0p50__psi0p75,hardzero_plus_depr,0.01,34,1067,0.0,1,0.4940873,0.4940873,1.0614687,0.0,0.086802304,0.0,0.0,3.3710655e-06,-27.883926,2.3352778,0.77842593,0.128,0.0,0.13678467,10.660149,10.670149,3417600
hardzero_plus_depr__c0p60__z1p05__lam0p010__nu0p50__psi0p75,hardzero_plus_depr,0.01,34,1068,0.0,1,0.4940873,0.4940873,1.0901182,0.0,0.081260934,0.0,0.0,3.3458782e-06,-28.333733,2.3983078,0.799436,0.112,0.0,0.16575456,10.670149,10.680149,3420800
hardzero_plus_depr__c0p60__z1p05__lam0p010__nu0p50__psi0p75,hardzero_plus_depr,0.01,34,1069,0.0,1,0.4940873,0.4940876,1.0326502,0.09275764,0.09275764,1.0,3.080366e-07,3.3208755e-06,-27.469126,2.2718759,0.757292,0.128,0.0,0.15521863,10.680149,10.690149,3424000
hardzero_plus_depr__c0p60__z1p05__lam0p010__nu0p50__psi0p75,hardzero_plus_depr,0.01,34,1070,0.0,1,0.4940876,0.4940876,1.0551863,0.0,0.0880671,0.0,0.0,3.2960606e-06,-27.236504,2.3214562,0.77381873,0.136,0.0,0.17390738,10.690149,10.70015,3427200
hardzero_plus_depr__c0p60__z1p05__lam0p010__nu0p50__psi0p75,hardzero_plus_depr,0.01,34,1071,0.0,1,0.4940876,0.49408793,1.0099678,0.09773097,0.09773097,1.0,3.1972033e-07,3.2714331e-06,-26.855122,2.2219734,0.7406578,0.192,0.0,0.15336958,10.70015,10.71015,3430400
hardzero_plus_depr__c0p60__z1p05__lam0p010__nu0p50__psi0p75,hardzero_plus_depr,0.01,34,1072,0.0,1,0.49408793,0.49408793,1.0621911,0.0,0.08665803,0.0,0.0,3.2469902e-06,-28.324694,2.336867,0.7789557,0.18400002,0.0,0.18275815,10.71015,10.72015,3433600
hardzero_plus_depr__c0p60__z1p05__lam0p010__nu0p50__psi0p75,hardzero_plus_depr,0.01,34,1073,0.0,1,0.49408793,0.49408793,1.0984195,0.0,0.07972241,0.0,0.0,3.222727e-06,-28.723417,2.4165714,0.8055238,0.136,0.0,0.18770707,10.72015,10.73015,3436800
hardzero_plus_depr__c0p60__z1p05__lam0p010__nu0p50__psi0p75,hardzero_plus_depr,0.01,34,1074,0.0,1,0.49408793,0.49408793,1.1019498,0.0,0.079077,0.0,0.0,3.1986444e-06,-28.753466,2.424338,0.80811274,0.16800001,0.0,0.19797742,10.73015,10.74015,3440000
hardzero_plus_depr__c0p60__z1p05__lam0p010__nu0p50__psi0p75,hardzero_plus_depr,0.01,34,1075,0.0,1,0.49408793,0.49408793,1.0608692,0.0,0.08692221,0.0,0.0,3.1747456e-06,-28.409647,2.3339589,0.7779863,0.16000001,0.0,0.1650439,10.74015,10.750151,3443200
hardzero_plus_depr__c0p60__z1p05__lam0p010__nu0p50__psi0p75,hardzero_plus_depr,0.01,34,1076,0.0,1,0.49408793,0.49408793,1.0529047,0.0,0.08853098,0.0,0.0,3.151025e-06,-27.788134,2.3164368,0.7721456,0.16000001,0.0,0.15457118,10.750151,10.760151,3446400
hardzero_plus_depr__c0p60__z1p05__lam0p010__nu0p50__psi0p75,hardzero_plus_depr,0.01,34,1077,0.0,1,0.49408793,0.49408823,1.0107814,0.097548045,0.097548045,1.0,3.0507942e-07,3.1274785e-06,-27.47002,2.2237635,0.7412545,0.16800001,0.0,0.16820365,10.760151,10.770151,3449600
hardzero_plus_depr__c0p60__z1p05__lam0p010__nu0p50__psi0p75,hardzero_plus_depr,0.01,34,1078,0.0,1,0.49408823,0.49408856,0.9953489,0.1010767,0.1010767,1.0,3.1375302e-07,3.1041081e-06,-27.584328,2.1898112,0.7299371,0.2,0.0,0.15810949,10.770151,10.780151,3452800
hardzero_plus_depr__c0p60__z1p05__lam0p010__nu0p50__psi0p75,hardzero_plus_depr,0.01,34,1079,0.0,1,0.49408856,0.49408856,1.0689796,0.0,0.08531402,0.0,0.0,3.0809153e-06,-28.849463,2.351802,0.78393406,0.11,0.0,0.12890749,10.780151,10.790152,3456000
hardzero_plus_depr__c0p60__z1p05__lam0p010__nu0p50__psi0p75,hardzero_plus_depr,0.01,34,1080,0.0,1,0.49408856,0.49408886,0.99695706,0.10070312,0.10070312,1.0,3.0793967e-07,3.057896e-06,-27.198387,2.1933494,0.7311165,0.16000001,0.0,0.15520433,10.790152,10.800152,3459200
hardzero_plus_depr__c0p60__z1p05__lam0p010__nu0p50__psi0p75,hardzero_plus_depr,0.01,34,1081,0.0,1,0.49408886,0.49408913,1.0465393,0.089838125,0.089838125,1.0,2.7266282e-07,3.0350457e-06,-27.572649,2.3024325,0.7674775,0.136,0.0,0.15722664,10.800152,10.810152,3462400
hardzero_plus_depr__c0p60__z1p05__lam0p010__nu0p50__psi0p75,hardzero_plus_depr,0.01,34,1082,0.0,1,0.49408913,0.4940894,1.0353097,0.092191376,0.092191376,1.0,2.7771418e-07,3.012366e-06,-27.962267,2.277727,0.7592423,0.17600001,0.0,0.18815751,10.810152,10.820152,3465600
hardzero_plus_depr__c0p60__z1p05__lam0p010__nu0p50__psi0p75,hardzero_plus_depr,0.01,34,1083,0.0,1,0.4940894,0.4940894,1.0670084,0.0,0.085702114,0.0,0.0,2.9898588e-06,-27.697813,2.3474653,0.78248847,0.16000001,0.0,0.15850523,10.820152,10.8301525,3468800
hardzero_plus_depr__c0p60__z1p05__lam0p010__nu0p50__psi0p75,hardzero_plus_depr,0.01,34,1084,0.0,1,0.4940894,0.49408966,1.0468907,0.08976545,0.08976545,1.0,2.6638074e-07,2.9675195e-06,-26.975664,2.3032057,0.76773524,0.15200001,0.0,0.16309862,10.8301525,10.840153,3472000
hardzero_plus_depr__c0p60__z1p05__lam0p010__nu0p50__psi0p75,hardzero_plus_depr,0.01,34,1085,0.0,1,0.49408966,0.49408996,1.0009946,0.099771254,0.099771254,1.0,2.9386072e-07,2.9453445e-06,-27.013641,2.2022321,0.7340774,0.15200001,0.0,0.14866416,10.840153,10.850153,3475200
hardzero_plus_depr__c0p60__z1p05__lam0p010__nu0p50__psi0p75,hardzero_plus_depr,0.01,34,1086,0.0,1,0.49408996,0.49409026,0.972249,0.106598474,0.106598474,1.0,3.1162307e-07,2.9233352e-06,-26.653698,2.1389904,0.71299684,0.2,0.0,0.16090573,10.850153,10.860153,3478400
hardzero_plus_depr__c0p60__z1p05__lam0p010__nu0p50__psi0p75,hardzero_plus_depr,0.01,34,1087,0.0,1,0.49409026,0.49409056,0.9787173,0.10502258,0.10502258,1.0,3.0472228e-07,2.901493e-06,-26.632872,2.1532211,0.7177404,0.14400001,0.0,0.13149214,10.860153,10.870153,3481600
hardzero_plus_depr__c0p60__z1p05__lam0p010__nu0p50__psi0p75,hardzero_plus_depr,0.01,34,1088,0.0,1,0.49409056,0.49409086,1.0056533,0.098706715,0.098706715,1.0,2.8425697e-07,2.879814e-06,-26.776009,2.2124813,0.73749375,0.15200001,0.0,0.13661888,10.870153,10.880154,3484800
hardzero_plus_depr__c0p60__z1p05__lam0p010__nu0p50__psi0p75,hardzero_plus_depr,0.01,34,1089,0.0,1,0.49409086,0.49409112,1.0313541,0.09303489,0.09303489,1.0,2.6592113e-07,2.8582945e-06,-27.334587,2.2690241,0.7563414,0.18400002,0.0,0.1494529,10.880154,10.890154,3488000
hardzero_plus_depr__c0p60__z1p05__lam0p010__nu0p50__psi0p75,hardzero_plus_depr,0.01,34,1090,0.0,1,0.49409112,0.4940914,1.0138055,0.09687116,0.09687116,1.0,2.7481724e-07,2.8369357e-06,-27.661503,2.2304165,0.7434722,0.14400001,0.0,0.16912492,10.890154,10.900154,3491200
hardzero_plus_depr__c0p60__z1p05__lam0p010__nu0p50__psi0p75,hardzero_plus_depr,0.01,34,1091,0.0,1,0.4940914,0.49409166,1.029827,0.09336262,0.09336262,1.0,2.6288478e-07,2.815739e-06,-28.217682,2.2656646,0.75522155,0.16800001,0.0,0.16501503,10.900154,10.910154,3494400
hardzero_plus_depr__c0p60__z1p05__lam0p010__nu0p50__psi0p75,hardzero_plus_depr,0.01,34,1092,0.0,1,0.49409166,0.49409196,0.96384454,0.108681455,0.108681455,1.0,3.0373215e-07,2.7947008e-06,-25.22463,2.1205003,0.7068335,0.14,0.0,0.11726881,10.910154,10.920155,3497600
hardzero_plus_depr__c0p60__z1p05__lam0p010__nu0p50__psi0p75,hardzero_plus_depr,0.01,34,1093,0.0,1,0.49409196,0.4940922,1.0437458,0.09041787,0.09041787,1.0,2.5080266e-07,2.7738174e-06,-27.502298,2.2962866,0.7654289,0.18400002,0.0,0.16222827,10.920155,10.930155,3500800
hardzero_plus_depr__c0p60__z1p05__lam0p010__nu0p50__psi0p75,hardzero_plus_depr,0.01,34,1094,0.0,1,0.4940922,0.4940922,1.0660073,0.0,0.08589991,0.0,0.0,2.7530896e-06,-27.931084,2.3452628,0.78175426,0.128,0.0,0.16469869,10.930155,10.940155,3504000
hardzero_plus_depr__c0p60__z1p05__lam0p010__nu0p50__psi0p75,hardzero_plus_depr,0.01,34,1095,0.0,1,0.4940922,0.4940922,1.0781341,0.0,0.0835345,0.0,0.0,2.7325193e-06,-28.601587,2.3719423,0.79064745,0.096,0.0,0.16210216,10.940155,10.950155,3507200
hardzero_plus_depr__c0p60__z1p05__lam0p010__nu0p50__psi0p75,hardzero_plus_depr,0.01,34,1096,0.0,1,0.4940922,0.49409243,1.0437346,0.090420194,0.090420194,1.0,2.452289e-07,2.7121032e-06,-27.085154,2.2962618,0.7654206,0.14400001,0.0,0.14623979,10.950155,10.9601555,3510400
hardzero_plus_depr__c0p60__z1p05__lam0p010__nu0p50__psi0p75,hardzero_plus_depr,0.01,34,1097,0.0,1,0.49409243,0.49409243,1.0631756,0.0,0.086461835,0.0,0.0,2.6918367e-06,-28.391764,2.339033,0.7796776,0.2,0.0,0.1637763,10.9601555,10.970156,3513600
hardzero_plus_depr__c0p60__z1p05__lam0p010__nu0p50__psi0p75,hardzero_plus_depr,0.01,34,1098,0.0,1,0.49409243,0.49409243,1.0524514,0.0,0.08862344,0.0,0.0,2.6717216e-06,-28.082722,2.3154392,0.7718131,0.16800001,0.0,0.16080439,10.970156,10.980156,3516800
hardzero_plus_depr__c0p60__z1p05__lam0p010__nu0p50__psi0p75,hardzero_plus_depr,0.01,34,1099,0.0,1,0.49409243,0.49409267,1.0395168,0.09130261,0.09130261,1.0,2.4211258e-07,2.6517596e-06,-27.734602,2.2869825,0.76232755,0.15200001,0.0,0.15619653,10.980156,10.990156,3520000
hardzero_plus_depr__c0p60__z1p05__lam0p010__nu0p50__psi0p75,hardzero_plus_depr,0.01,34,1100,0.0,1,0.49409267,0.49409267,1.0655951,0.0,0.085981466,0.0,0.0,2.6319462e-06,-27.615395,2.344356,0.78145206,0.14400001,0.0,0.13511798,10.990156,11.000156,3523200
hardzero_plus_depr__c0p60__z1p05__lam0p010__nu0p50__psi0p75,hardzero_plus_depr,0.01,34,1101,0.0,1,0.49409267,0.49409267,1.1218632,0.0,0.075532995,0.0,0.0,2.612279e-06,-28.911024,2.4681485,0.8227162,0.15200001,0.0,0.17424706,11.000156,11.010157,3526400
hardzero_plus_depr__c0p60__z1p05__lam0p010__nu0p50__psi0p75,hardzero_plus_depr,0.01,34,1102,0.0,1,0.49409267,0.49409267,1.0548611,0.0,0.088133074,0.0,0.0,2.5927586e-06,-26.654955,2.3207407,0.77358025,0.18400002,0.0,0.14903036,11.010157,11.020157,3529600
hardzero_plus_depr__c0p60__z1p05__lam0p010__nu0p50__psi0p75,hardzero_plus_depr,0.01,34,1103,0.0,1,0.49409267,0.4940929,1.0496442,0.08919814,0.08919814,1.0,2.295413e-07,2.5733866e-06,-27.40702,2.3092635,0.7697545,0.14400001,0.008,0.1580278,11.020157,11.030157,3532800
hardzero_plus_depr__c0p60__z1p05__lam0p010__nu0p50__psi0p75,hardzero_plus_depr,0.01,34,1104,0.0,1,0.4940929,0.4940929,1.0630221,0.0,0.08649237,0.0,0.0,2.554159e-06,-27.91951,2.3386955,0.7795652,0.14400001,0.0,0.15978251,11.030157,11.040157,3536000
hardzero_plus_depr__c0p60__z1p05__lam0p010__nu0p50__psi0p75,hardzero_plus_depr,0.01,34,1105,0.0,1,0.4940929,0.49409318,0.99400353,0.1013903,0.1013903,1.0,2.570318e-07,2.5350728e-06,-27.149775,2.1868515,0.7289505,0.16,0.0,0.15512869,11.040157,11.050158,3539200
hardzero_plus_depr__c0p60__z1p05__lam0p010__nu0p50__psi0p75,hardzero_plus_depr,0.01,34,1106,0.0,1,0.49409318,0.49409318,1.0924102,0.0,0.080833204,0.0,0.0,2.5161294e-06,-27.216848,2.4033504,0.8011168,0.17600001,0.0,0.16139859,11.050158,11.060158,3542400
hardzero_plus_depr__c0p60__z1p05__lam0p010__nu0p50__psi0p75,hardzero_plus_depr,0.01,34,1107,0.0,1,0.49409318,0.49409342,1.0289274,0.09355619,0.09355619,1.0,2.3364062e-07,2.4973294e-06,-27.895845,2.2636855,0.75456184,0.128,0.0,0.15814517,11.060158,11.070158,3545600
hardzero_plus_depr__c0p60__z1p05__lam0p010__nu0p50__psi0p75,hardzero_plus_depr,0.01,34,1108,0.0,1,0.49409342,0.49409366,1.0166318,0.09624278,0.09624278,1.0,2.3855412e-07,2.4786705e-06,-27.022865,2.2366347,0.7455449,0.18400002,0.0,0.13927104,11.070158,11.080158,3548800
hardzero_plus_depr__c0p60__z1p05__lam0p010__nu0p50__psi0p75,hardzero_plus_depr,0.01,34,1109,0.0,1,0.49409366,0.49409366,1.0598882,0.0,0.087118775,0.0,0.0,2.4601484e-06,-27.212984,2.3318007,0.7772669,0.136,0.0,0.15342881,11.080158,11.090158,3552000
hardzero_plus_depr__c0p60__z1p05__lam0p010__nu0p50__psi0p75,hardzero_plus_depr,0.01,34,1110,0.0,1,0.49409366,0.4940939,1.0149144,0.096624136,0.096624136,1.0,2.3593341e-07,2.4417648e-06,-27.29484,2.2328563,0.74428546,0.14400001,0.0,0.1484192,11.090158,11.100159,3555200
hardzero_plus_depr__c0p60__z1p05__lam0p010__nu0p50__psi0p75,hardzero_plus_depr,0.01,34,1111,0.0,1,0.4940939,0.4940941,1.0387745,0.0914588,0.0914588,1.0,2.216523e-07,2.4235208e-06,-27.582516,2.2853496,0.76178324,0.208,0.0,0.18637179,11.100159,11.110159,3558400
hardzero_plus_depr__c0p60__z1p05__lam0p010__nu0p50__psi0p75,hardzero_plus_depr,0.01,34,1112,0.0,1,0.4940941,0.4940941,1.0776106,0.0,0.08363526,0.0,0.0,2.405413e-06,-27.816349,2.3707907,0.7902636,0.136,0.0,0.20074663,11.110159,11.120159,3561600
hardzero_plus_depr__c0p60__z1p05__lam0p010__nu0p50__psi0p75,hardzero_plus_depr,0.01,34,1113,0.0,1,0.4940941,0.4940941,1.0635147,0.0,0.086394325,0.0,0.0,2.3874384e-06,-27.40377,2.3397791,0.7799264,0.16000001,0.0,0.16894044,11.120159,11.130159,3564800
hardzero_plus_depr__c0p60__z1p05__lam0p010__nu0p50__psi0p75,hardzero_plus_depr,0.01,34,1114,0.0,1,0.4940941,0.49409434,0.9947849,0.10120805,0.10120805,1.0,2.3982238e-07,2.369598e-06,-27.054564,2.1885705,0.72952354,0.192,0.0,0.17600709,11.130159,11.14016,3568000
hardzero_plus_depr__c0p60__z1p05__lam0p010__nu0p50__psi0p75,hardzero_plus_depr,0.01,34,1115,0.0,1,0.49409434,0.49409455,1.0267562,0.094025105,0.094025105,1.0,2.2113699e-07,2.351893e-06,-27.267338,2.2589087,0.7529696,0.224,0.0,0.1521226,11.14016,11.15016,3571200
hardzero_plus_depr__c0p60__z1p05__lam0p010__nu0p50__psi0p75,hardzero_plus_depr,0.01,34,1116,0.0,1,0.49409455,0.49409455,1.0893674,0.0,0.08140154,0.0,0.0,2.334321e-06,-28.088621,2.396656,0.79888535,0.104,0.0,0.1901858,11.15016,11.16016,3574400
hardzero_plus_depr__c0p60__z1p05__lam0p010__nu0p50__psi0p75,hardzero_plus_depr,0.01,34,1117,0.0,1,0.49409455,0.49409476,1.0485259,0.08942811,0.08942811,1.0,2.0719396e-07,2.3168773e-06,-27.679892,2.3068032,0.7689344,0.096,0.0,0.17603013,11.16016,11.17016,3577600
hardzero_plus_depr__c0p60__z1p05__lam0p010__nu0p50__psi0p75,hardzero_plus_depr,0.01,34,1118,0.0,1,0.49409476,0.49409476,1.059191,0.0,0.08725875,0.0,0.0,2.2995644e-06,-27.70049,2.3302667,0.7767556,0.14999999,0.0,0.14916322,11.17016,11.1801605,3580800
hardzero_plus_depr__c0p60__z1p05__lam0p010__nu0p50__psi0p75,hardzero_plus_depr,0.01,34,1119,0.0,1,0.49409476,0.49409476,1.0530736,0.0,0.088496536,0.0,0.0,2.2823826e-06,-28.324049,2.3168082,0.7722694,0.192,0.0,0.17945786,11.1801605,11.190161,3584000
hardzero_plus_depr__c0p60__z1p05__lam0p010__nu0p50__psi0p75,hardzero_plus_depr,0.01,34,1120,0.0,1,0.49409476,0.49409497,1.0163016,0.09631597,0.09631597,1.0,2.1818741e-07,2.2653294e-06,-27.198044,2.2359083,0.7453028,0.16000001,0.0,0.1646357,11.190161,11.200161,3587200
hardzero_plus_depr__c0p60__z1p05__lam0p010__nu0p50__psi0p75,hardzero_plus_depr,0.01,34,1121,0.0,1,0.49409497,0.49409518,1.0059927,0.09862963,0.09862963,1.0,2.2175902e-07,2.2484016e-06,-26.678303,2.213228,0.73774266,0.112,0.0,0.13822499,11.200161,11.210161,3590400
hardzero_plus_depr__c0p60__z1p05__lam0p010__nu0p50__psi0p75,hardzero_plus_depr,0.01,34,1122,0.0,1,0.49409518,0.49409518,1.0628026,0.0,0.08653612,0.0,0.0,2.2316005e-06,-28.052254,2.3382123,0.7794041,0.120000005,0.0,0.14537942,11.210161,11.220161,3593600
hardzero_plus_depr__c0p60__z1p05__lam0p010__nu0p50__psi0p75,hardzero_plus_depr,0.01,34,1123,0.0,1,0.49409518,0.49409518,1.1034503,0.0,0.07880426,0.0,0.0,2.2149268e-06,-28.130003,2.4276392,0.8092131,0.112,0.0,0.19294417,11.220161,11.230162,3596800
hardzero_plus_depr__c0p60__z1p05__lam0p010__nu0p50__psi0p75,hardzero_plus_depr,0.01,34,1124,0.0,1,0.49409518,0.49409539,1.0191767,0.09568046,0.09568046,1.0,2.1034177e-07,2.1983774e-06,-27.529505,2.2422335,0.7474112,0.192,0.0,0.14123017,11.230162,11.240162,3600000
hardzero_plus_depr__c0p60__z1p05__lam0p010__nu0p50__psi0p75,hardzero_plus_depr,0.01,34,1125,0.0,1,0.49409539,0.4940956,1.0330234,0.092677996,0.092677996,1.0,2.0221874e-07,2.1819499e-06,-27.21393,2.2726967,0.7575656,0.136,0.008,0.120832585,11.240162,11.250162,3603200
hardzero_plus_depr__c0p60__z1p05__lam0p010__nu0p50__psi0p75,hardzero_plus_depr,0.01,34,1126,0.0,1,0.4940956,0.49409583,0.97261167,0.10650948,0.10650948,1.0,2.3066173e-07,2.1656451e-06,-25.720345,2.1397884,0.7132628,0.17600001,0.0,0.12779155,11.250162,11.260162,3606400
hardzero_plus_depr__c0p60__z1p05__lam0p010__nu0p50__psi0p75,hardzero_plus_depr,0.01,34,1127,0.0,1,0.49409583,0.49409604,1.0062902,0.09856207,0.09856207,1.0,2.1185562e-07,2.149464e-06,-27.722395,2.2138827,0.73796093,0.080000006,0.0,0.1311114,11.260162,11.270163,3609600
hardzero_plus_depr__c0p60__z1p05__lam0p010__nu0p50__psi0p75,hardzero_plus_depr,0.01,34,1128,0.0,1,0.49409604,0.49409625,1.0194876,0.095612004,0.095612004,1.0,2.0397906e-07,2.1334042e-06,-27.084139,2.2429175,0.7476392,0.15200001,0.0,0.14187568,11.270163,11.280163,3612800
hardzero_plus_depr__c0p60__z1p05__lam0p010__nu0p50__psi0p75,hardzero_plus_depr,0.01,34,1129,0.0,1,0.49409625,0.49409625,1.0928085,0.0,0.080759116,0.0,0.0,2.1174621e-06,-27.688097,2.4042268,0.80140895,0.136,0.0,0.18475057,11.280163,11.290163,3616000
hardzero_plus_depr__c0p60__z1p05__lam0p010__nu0p50__psi0p75,hardzero_plus_depr,0.01,34,1130,0.0,1,0.49409625,0.49409643,1.0430719,0.09055827,0.09055827,1.0,1.903208e-07,2.1016392e-06,-27.589146,2.2948039,0.76493466,0.16800001,0.0,0.15921941,11.290163,11.300163,3619200
hardzero_plus_depr__c0p60__z1p05__lam0p010__nu0p50__psi0p75,hardzero_plus_depr,0.01,34,1131,0.0,1,0.49409643,0.49409664,0.98616874,0.10323603,0.10323603,1.0,2.1534377e-07,2.0859363e-06,-26.170135,2.1696146,0.72320485,0.17999999,0.0,0.115127124,11.300163,11.3101635,3622400
hardzero_plus_depr__c0p60__z1p05__lam0p010__nu0p50__psi0p75,hardzero_plus_depr,0.01,34,1132,0.0,1,0.49409664,0.49409685,0.98393905,0.10376739,0.10376739,1.0,2.1483494e-07,2.0703512e-06,-26.022026,2.164709,0.7215697,0.17600001,0.0,0.14139399,11.3101635,11.320164,3625600
hardzero_plus_depr__c0p60__z1p05__lam0p010__nu0p50__psi0p75,hardzero_plus_depr,0.01,34,1133,0.0,1,0.49409685,0.49409702,1.0385193,0.09151257,0.09151257,1.0,1.8804737e-07,2.0548803e-06,-26.583286,2.2847881,0.7615961,0.16800001,0.0,0.16063014,11.320164,11.330164,3628800
hardzero_plus_depr__c0p60__z1p05__lam0p010__nu0p50__psi0p75,hardzero_plus_depr,0.01,34,1134,0.0,1,0.49409702,0.49409723,1.014059,0.09681463,0.09681463,1.0,1.9745585e-07,2.0395248e-06,-26.787315,2.2309742,0.74365807,0.17600001,0.0,0.16013877,11.330164,11.340164,3632000
hardzero_plus_depr__c0p60__z1p05__lam0p010__nu0p50__psi0p75,hardzero_plus_depr,0.01,34,1135,0.0,1,0.49409723,0.4940974,1.0398622,0.09123004,0.09123004,1.0,1.8467571e-07,2.0242862e-06,-26.853848,2.2877424,0.7625808,0.17600001,0.0,0.15032077,11.340164,11.350164,3635200
hardzero_plus_depr__c0p60__z1p05__lam0p010__nu0p50__psi0p75,hardzero_plus_depr,0.01,34,1136,0.0,1,0.4940974,0.4940976,1.0412538,0.09093815,0.09093815,1.0,1.8270944e-07,2.0091616e-06,-27.810648,2.2908041,0.7636014,0.192,0.0,0.1439359,11.350164,11.360165,3638400
hardzero_plus_depr__c0p60__z1p05__lam0p010__nu0p50__psi0p75,hardzero_plus_depr,0.01,34,1137,0.0,1,0.4940976,0.4940978,0.98592025,0.10329511,0.10329511,1.0,2.0598573e-07,1.9941479e-06,-26.767223,2.1690679,0.72302264,0.136,0.0,0.14452952,11.360165,11.370165,3641600
hardzero_plus_depr__c0p60__z1p05__lam0p010__nu0p50__psi0p75,hardzero_plus_depr,0.01,34,1138,0.0,1,0.4940978,0.4940978,1.0653769,0.0,0.08602469,0.0,0.0,1.9792465e-06,-28.112106,2.343876,0.78129196,0.136,0.0,0.13718343,11.370165,11.380165,3644800
hardzero_plus_depr__c0p60__z1p05__lam0p010__nu0p50__psi0p75,hardzero_plus_depr,0.01,34,1139,0.0,1,0.4940978,0.49409798,1.0363299,0.09197508,0.09197508,1.0,1.8068121e-07,1.9644583e-06,-27.023085,2.2799711,0.7599904,0.16000001,0.0,0.15989965,11.380165,11.390165,3648000
hardzero_plus_depr__c0p60__z1p05__lam0p010__nu0p50__psi0p75,hardzero_plus_depr,0.01,34,1140,0.0,1,0.49409798,0.4940982,0.9520101,0.11168373,0.11168373,1.0,2.1775874e-07,1.9497804e-06,-25.800894,2.094464,0.6981547,0.216,0.0,0.15248902,11.390165,11.400166,3651200
hardzero_plus_depr__c0p60__z1p05__lam0p010__nu0p50__psi0p75,hardzero_plus_depr,0.01,34,1141,0.0,1,0.4940982,0.49409837,1.0265325,0.09407354,0.09407354,1.0,1.8205213e-07,1.9352108e-06,-26.645325,2.2584167,0.7528056,0.120000005,0.0,0.1555616,11.400166,11.410166,3654400
hardzero_plus_depr__c0p60__z1p05__lam0p010__nu0p50__psi0p75,hardzero_plus_depr,0.01,34,1142,0.0,1,0.49409837,0.49409857,0.9742519,0.10610798,0.10610798,1.0,2.0380688e-07,1.9207498e-06,-25.885864,2.143397,0.71446574,0.16800001,0.0,0.14811493,11.410166,11.420166,3657600
hardzero_plus_depr__c0p60__z1p05__lam0p010__nu0p50__psi0p75,hardzero_plus_depr,0.01,34,1143,0.0,1,0.49409857,0.49409857,1.0622733,0.0,0.086641654,0.0,0.0,1.9063986e-06,-27.732306,2.3370478,0.77901596,0.128,0.0,0.15963802,11.420166,11.430166,3660800
hardzero_plus_depr__c0p60__z1p05__lam0p010__nu0p50__psi0p75,hardzero_plus_depr,0.01,34,1144,0.0,1,0.49409857,0.49409875,1.0084364,0.09807618,0.09807618,1.0,1.8557529e-07,1.8921545e-06,-27.513523,2.2186046,0.73953485,0.11,0.0,0.13998307,11.430166,11.440166,3664000
hardzero_plus_depr__c0p60__z1p05__lam0p010__nu0p50__psi0p75,hardzero_plus_depr,0.01,34,1145,0.0,1,0.49409875,0.49409875,1.0675468,0.0,0.08559593,0.0,0.0,1.8780152e-06,-27.552643,2.34865,0.78288335,0.128,0.0,0.15109758,11.440166,11.450167,3667200
hardzero_plus_depr__c0p60__z1p05__lam0p010__nu0p50__psi0p75,hardzero_plus_depr,0.01,34,1146,0.0,1,0.49409875,0.49409875,1.0596666,0.0,0.08716323,0.0,0.0,1.8639815e-06,-27.538408,2.3313131,0.7771044,0.16800001,0.0,0.17231004,11.450167,11.460167,3670400
hardzero_plus_depr__c0p60__z1p05__lam0p010__nu0p50__psi0p75,hardzero_plus_depr,0.01,34,1147,0.0,1,0.49409875,0.49409875,1.0634475,0.0,0.08640772,0.0,0.0,1.8500544e-06,-27.880478,2.339631,0.77987707,0.120000005,0.0,0.143192,11.460167,11.470167,3673600
hardzero_plus_depr__c0p60__z1p05__lam0p010__nu0p50__psi0p75,hardzero_plus_depr,0.01,34,1148,0.0,1,0.49409875,0.49409893,1.0080761,0.098157585,0.098157585,1.0,1.8024006e-07,1.8362316e-06,-26.931427,2.2178116,0.73927057,0.128,0.0,0.13031931,11.470167,11.480167,3676800
hardzero_plus_depr__c0p60__z1p05__lam0p010__nu0p50__psi0p75,hardzero_plus_depr,0.01,34,1149,0.0,1,0.49409893,0.4940991,1.0189713,0.09572572,0.09572572,1.0,1.744611e-07,1.8225102e-06,-26.89277,2.2417817,0.7472606,0.112,0.0,0.12418212,11.480167,11.490168,3680000
hardzero_plus_depr__c0p60__z1p05__lam0p010__nu0p50__psi0p75,hardzero_plus_depr,0.01,34,1150,0.0,1,0.4940991,0.4940991,1.05039,0.0,0.089045085,0.0,0.0,1.8088914e-06,-27.544432,2.310904,0.77030134,0.192,0.0,0.16785403,11.490168,11.500168,3683200
hardzero_plus_depr__c0p60__z1p05__lam0p010__nu0p50__psi0p75,hardzero_plus_depr,0.01,34,1151,0.0,1,0.4940991,0.49409926,1.0497959,0.089166984,0.089166984,1.0,1.6008828e-07,1.7953761e-06,-28.51713,2.309597,0.7698657,0.17600001,0.0,0.16447657,11.500168,11.510168,3686400
hardzero_plus_depr__c0p60__z1p05__lam0p010__nu0p50__psi0p75,hardzero_plus_depr,0.01,34,1152,0.0,1,0.49409926,0.49409944,0.96881515,0.10744465,0.10744465,1.0,1.9146225e-07,1.7819616e-06,-26.541069,2.1314359,0.71047866,0.216,0.0,0.14464194,11.510168,11.520168,3689600
hardzero_plus_depr__c0p60__z1p05__lam0p010__nu0p50__psi0p75,hardzero_plus_depr,0.01,34,1153,0.0,1,0.49409944,0.49409962,0.9843256,0.103675075,0.103675075,1.0,1.8336448e-07,1.7686457e-06,-26.82506,2.1655595,0.7218532,0.2,0.0,0.14880376,11.520168,11.530169,3692800
hardzero_plus_depr__c0p60__z1p05__lam0p010__nu0p50__psi0p75,hardzero_plus_depr,0.01,34,1154,0.0,1,0.49409962,0.49409977,1.0300807,0.0933081,0.0933081,1.0,1.6379578e-07,1.7554294e-06,-27.47208,2.2662227,0.7554076,0.15200001,0.0,0.13870572,11.530169,11.540169,3696000
hardzero_plus_depr__c0p60__z1p05__lam0p010__nu0p50__psi0p75,hardzero_plus_depr,0.01,34,1155,0.0,1,0.49409977,0.49409977,1.0694185,0.0,0.08522784,0.0,0.0,1.7423134e-06,-27.718142,2.3527677,0.7842559,0.104,0.0,0.15875347,11.540169,11.550169,3699200
hardzero_plus_depr__c0p60__z1p05__lam0p010__nu0p50__psi0p75,hardzero_plus_depr,0.01,34,1156,0.0,1,0.49409977,0.49409994,0.9855703,0.10337836,0.10337836,1.0,1.7877174e-07,1.7292955e-06,-25.89525,2.168298,0.72276604,0.136,0.0,0.130139,11.550169,11.560169,3702400
hardzero_plus_depr__c0p60__z1p05__lam0p010__nu0p50__psi0p75,hardzero_plus_depr,0.01,34,1157,0.0,1,0.49409994,0.49410012,1.0104666,0.097618796,0.097618796,1.0,1.6755028e-07,1.7163732e-06,-27.039106,2.2230709,0.74102366,0.17999999,0.0,0.14757423,11.560169,11.570169,3705600
hardzero_plus_depr__c0p60__z1p05__lam0p010__nu0p50__psi0p75,hardzero_plus_depr,0.01,34,1158,0.0,1,0.49410012,0.49410027,1.0397192,0.09126006,0.09126006,1.0,1.5546584e-07,1.7035475e-06,-27.780443,2.287428,0.76247597,0.16000001,0.0,0.172418,11.570169,11.58017,3708800
hardzero_plus_depr__c0p60__z1p05__lam0p010__nu0p50__psi0p75,hardzero_plus_depr,0.01,34,1159,0.0,1,0.49410027,0.49410027,1.0547004,0.0,0.08816569,0.0,0.0,1.6908192e-06,-27.51841,2.3203871,0.7734624,0.18400002,0.0,0.15378098,11.58017,11.59017,3712000
hardzero_plus_depr__c0p60__z1p05__lam0p010__nu0p50__psi0p75,hardzero_plus_depr,0.01,34,1160,0.0,1,0.49410027,0.49410027,1.0743433,0.0,0.08426683,0.0,0.0,1.6781859e-06,-28.339415,2.3636026,0.78786755,0.17600001,0.0,0.17393753,11.59017,11.60017,3715200
hardzero_plus_depr__c0p60__z1p05__lam0p010__nu0p50__psi0p75,hardzero_plus_depr,0.01,34,1161,0.0,1,0.49410027,0.49410042,1.0166252,0.096244246,0.096244246,1.0,1.603088e-07,1.6656455e-06,-26.740602,2.23662,0.74554,0.18400002,0.0,0.14358035,11.60017,11.61017,3718400
hardzero_plus_depr__c0p60__z1p05__lam0p010__nu0p50__psi0p75,hardzero_plus_depr,0.01,34,1162,0.0,1,0.49410042,0.49410057,1.0277203,0.09381659,0.09381659,1.0,1.5509748e-07,1.6531989e-06,-27.195263,2.26103,0.75367665,0.16800001,0.0,0.15571742,11.61017,11.620171,3721600
hardzero_plus_depr__c0p60__z1p05__lam0p010__nu0p50__psi0p75,hardzero_plus_depr,0.01,34,1163,0.0,1,0.49410057,0.49410072,1.0472337,0.0896946,0.0896946,1.0,1.471751e-07,1.6408469e-06,-27.29672,2.30396,0.7679867,0.112,0.0,0.14249042,11.620171,11.630171,3724800
hardzero_plus_depr__c0p60__z1p05__lam0p010__nu0p50__psi0p75,hardzero_plus_depr,0.01,34,1164,0.0,1,0.49410072,0.49410087,1.0144539,0.09672663,0.09672663,1.0,1.5752774e-07,1.6285869e-06,-26.871466,2.2318432,0.74394774,0.2,0.0,0.15891169,11.630171,11.640171,3728000
hardzero_plus_depr__c0p60__z1p05__lam0p010__nu0p50__psi0p75,hardzero_plus_depr,0.01,34,1165,0.0,1,0.49410087,0.49410087,1.0582744,0.0,0.08744311,0.0,0.0,1.6164171e-06,-27.584743,2.3282502,0.7760834,0.16800001,0.0,0.1757086,11.640171,11.650171,3731200
hardzero_plus_depr__c0p60__z1p05__lam0p010__nu0p50__psi0p75,hardzero_plus_depr,0.01,34,1166,0.0,1,0.49410087,0.49410087,1.0587622,0.0,0.08734495,0.0,0.0,1.6043383e-06,-27.94849,2.3293233,0.7764411,0.17600001,0.0,0.19849056,11.650171,11.6601715,3734400
hardzero_plus_depr__c0p60__z1p05__lam0p010__nu0p50__psi0p75,hardzero_plus_depr,0.01,34,1167,0.0,1,0.49410087,0.49410102,1.0125197,0.09715839,0.09715839,1.0,1.5471028e-07,1.5923513e-06,-26.873568,2.227588,0.74252933,0.192,0.0,0.14434494,11.6601715,11.670172,3737600
hardzero_plus_depr__c0p60__z1p05__lam0p010__nu0p50__psi0p75,hardzero_plus_depr,0.01,34,1168,0.0,1,0.49410102,0.49410102,1.0862194,0.0,0.081993714,0.0,0.0,1.5804538e-06,-27.94488,2.3897305,0.79657686,0.2,0.0,0.14534529,11.670172,11.680172,3740800
hardzero_plus_depr__c0p60__z1p05__lam0p010__nu0p50__psi0p75,hardzero_plus_depr,0.01,34,1169,0.0,1,0.49410102,0.49410102,1.0664386,0.0,0.08581466,0.0,0.0,1.5686437e-06,-27.587006,2.3462117,0.7820706,0.104,0.0,0.15391465,11.680172,11.690172,3744000
hardzero_plus_depr__c0p60__z1p05__lam0p010__nu0p50__psi0p75,hardzero_plus_depr,0.01,34,1170,0.0,1,0.49410102,0.4941012,0.9704346,0.10704475,0.10704475,1.0,1.6666031e-07,1.5569219e-06,-26.679983,2.1349988,0.7116663,0.17,0.0,0.15302193,11.690172,11.700172,3747200
hardzero_plus_depr__c0p60__z1p05__lam0p010__nu0p50__psi0p75,hardzero_plus_depr,0.01,34,1171,0.0,1,0.4941012,0.4941012,1.0577337,0.0,0.08755204,0.0,0.0,1.5452893e-06,-27.863596,2.3270605,0.77568686,0.15200001,0.0,0.16423613,11.700172,11.710173,3750400
hardzero_plus_depr__c0p60__z1p05__lam0p010__nu0p50__psi0p75,hardzero_plus_depr,0.01,34,1172,0.0,1,0.4941012,0.49410138,0.96066874,0.10947911,0.10947911,1.0,1.6791284e-07,1.5337433e-06,-25.950724,2.1135135,0.7045045,0.192,0.0,0.1265904,11.710173,11.720173,3753600
hardzero_plus_depr__c0p60__z1p05__lam0p010__nu0p50__psi0p75,hardzero_plus_depr,0.01,34,1173,0.0,1,0.49410138,0.49410152,1.0346552,0.09233042,0.09233042,1.0,1.4055296e-07,1.5222822e-06,-26.915304,2.2762868,0.7587623,0.15200001,0.0,0.16038544,11.720173,11.730173,3756800
hardzero_plus_depr__c0p60__z1p05__lam0p010__nu0p50__psi0p75,hardzero_plus_depr,0.01,34,1174,0.0,1,0.49410152,0.49410152,1.0513248,0.0,0.08885363,0.0,0.0,1.5109068e-06,-27.285118,2.3129609,0.770987,0.128,0.0,0.15059976,11.730173,11.740173,3760000
hardzero_plus_depr__c0p60__z1p05__lam0p010__nu0p50__psi0p75,hardzero_plus_depr,0.01,34,1175,0.0,1,0.49410152,0.49410152,1.0722767,0.0,0.08466877,0.0,0.0,1.499618e-06,-28.293503,2.3590558,0.7863519,0.192,0.0,0.1548139,11.740173,11.750174,3763200
hardzero_plus_depr__c0p60__z1p05__lam0p010__nu0p50__psi0p75,hardzero_plus_depr,0.01,34,1176,0.0,1,0.49410152,0.49410152,1.0863793,0.0,0.08196353,0.0,0.0,1.4884133e-06,-28.395163,2.3900821,0.79669404,0.112,0.0,0.17548946,11.750174,11.760174,3766400
hardzero_plus_depr__c0p60__z1p05__lam0p010__nu0p50__psi0p75,hardzero_plus_depr,0.01,34,1177,0.0,1,0.49410152,0.49410167,0.9774049,0.10534044,0.10534044,1.0,1.5561848e-07,1.4772909e-06,-25.94291,2.1503336,0.7167779,0.2,0.0,0.14791201,11.760174,11.770174,3769600
hardzero_plus_depr__c0p60__z1p05__lam0p010__nu0p50__psi0p75,hardzero_plus_depr,0.01,34,1178,0.0,1,0.49410167,0.49410185,0.9408404,0.11459339,0.11459339,1.0,1.6802275e-07,1.4662518e-06,-25.35975,2.0698903,0.68996346,0.24800001,0.0,0.13420996,11.770174,11.780174,3772800
hardzero_plus_depr__c0p60__z1p05__lam0p010__nu0p50__psi0p75,hardzero_plus_depr,0.01,34,1179,0.0,1,0.49410185,0.494102,0.99987763,0.10002818,0.10002818,1.0,1.4557067e-07,1.4552966e-06,-27.224,2.1997747,0.73325825,0.16000001,0.0,0.15761529,11.780174,11.7901745,3776000
hardzero_plus_depr__c0p60__z1p05__lam0p010__nu0p50__psi0p75,hardzero_plus_depr,0.01,34,1180,0.0,1,0.494102,0.49410215,1.0269407,0.09398517,0.09398517,1.0,1.3575435e-07,1.4444231e-06,-27.4967,2.2593145,0.75310487,0.15200001,0.0,0.15672988,11.7901745,11.800175,3779200
hardzero_plus_depr__c0p60__z1p05__lam0p010__nu0p50__psi0p75,hardzero_plus_depr,0.01,34,1181,0.0,1,0.49410215,0.49410215,1.0519592,0.0,0.08872394,0.0,0.0,1.4336294e-06,-27.013037,2.3143563,0.7714521,0.128,0.0,0.13911162,11.800175,11.810175,3782400
hardzero_plus_depr__c0p60__z1p05__lam0p010__nu0p50__psi0p75,hardzero_plus_depr,0.01,34,1182,0.0,1,0.49410215,0.4941023,1.0166671,0.096234955,0.096234955,1.0,1.369343e-07,1.4229165e-06,-25.987001,2.2367122,0.7455708,0.15200001,0.0,0.13221964,11.810175,11.820175,3785600
hardzero_plus_depr__c0p60__z1p05__lam0p010__nu0p50__psi0p75,hardzero_plus_depr,0.01,34,1183,0.0,1,0.4941023,0.4941023,1.0772123,0.0,0.08371198,0.0,0.0,1.412285e-06,-27.359594,2.3699145,0.78997153,0.14,0.0,0.16031764,11.820175,11.830175,3788800
hardzero_plus_depr__c0p60__z1p05__lam0p010__nu0p50__psi0p75,hardzero_plus_depr,0.01,34,1184,0.0,1,0.4941023,0.49410242,1.0227233,0.09490228,0.09490228,1.0,1.3302765e-07,1.401733e-06,-27.285812,2.2500362,0.7500121,0.15200001,0.0,0.14863203,11.830175,11.840176,3792000
hardzero_plus_depr__c0p60__z1p05__lam0p010__nu0p50__psi0p75,hardzero_plus_depr,0.01,34,1185,0.0,1,0.49410242,0.49410254,1.0481516,0.08950522,0.08950522,1.0,1.2452489e-07,1.3912584e-06,-26.758217,2.3059795,0.76865983,0.128,0.0,0.15469316,11.840176,11.850176,3795200
hardzero_plus_depr__c0p60__z1p05__lam0p010__nu0p50__psi0p75,hardzero_plus_depr,0.01,34,1186,0.0,1,0.49410254,0.49410266,1.0328557,0.09271378,0.09271378,1.0,1.2802494e-07,1.380862e-06,-26.604254,2.2723281,0.7574427,0.112,0.0,0.12651166,11.850176,11.860176,3798400
hardzero_plus_depr__c0p60__z1p05__lam0p010__nu0p50__psi0p75,hardzero_plus_depr,0.01,34,1187,0.0,1,0.49410266,0.49410266,1.053874,0.0,0.088333614,0.0,0.0,1.3705447e-06,-27.819057,2.3185692,0.7728564,0.120000005,0.0,0.15293565,11.860176,11.870176,3801600
hardzero_plus_depr__c0p60__z1p05__lam0p010__nu0p50__psi0p75,hardzero_plus_depr,0.01,34,1188,0.0,1,0.49410266,0.49410278,1.0227133,0.094904475,0.094904475,1.0,1.2909898e-07,1.3603044e-06,-27.441267,2.2500143,0.75000477,0.136,0.0,0.14378962,11.870176,11.880177,3804800
hardzero_plus_depr__c0p60__z1p05__lam0p010__nu0p50__psi0p75,hardzero_plus_depr,0.01,34,1189,0.0,1,0.49410278,0.4941029,1.0214821,0.095173895,0.095173895,1.0,1.2849803e-07,1.3501394e-06,-27.651752,2.2473054,0.7491018,0.14400001,0.0,0.1509128,11.880177,11.890177,3808000
hardzero_plus_depr__c0p60__z1p05__lam0p010__nu0p50__psi0p75,hardzero_plus_depr,0.01,34,1190,0.0,1,0.4941029,0.494103,1.0079246,0.09819185,0.09819185,1.0,1.3158204e-07,1.3400505e-06,-26.025347,2.2174783,0.73915946,0.080000006,0.0,0.12329275,11.890177,11.900177,3811200
hardzero_plus_depr__c0p60__z1p05__lam0p010__nu0p50__psi0p75,hardzero_plus_depr,0.01,34,1191,0.0,1,0.494103,0.494103,1.0532002,0.0,0.088470764,0.0,0.0,1.3300382e-06,-27.927439,2.317087,0.77236235,0.136,0.0,0.17437384,11.900177,11.910177,3814400
hardzero_plus_depr__c0p60__z1p05__lam0p010__nu0p50__psi0p75,hardzero_plus_depr,0.01,34,1192,0.0,1,0.494103,0.49410313,1.0387782,0.091458015,0.091458015,1.0,1.2073377e-07,1.3201005e-06,-26.888731,2.2853577,0.7617859,0.112,0.0,0.15134026,11.910177,11.920177,3817600
hardzero_plus_depr__c0p60__z1p05__lam0p010__nu0p50__psi0p75,hardzero_plus_depr,0.01,34,1193,0.0,1,0.49410313,0.49410313,1.0684022,0.0,0.085427515,0.0,0.0,1.310236e-06,-28.50188,2.3505318,0.7835106,0.15200001,0.0,0.17181058,11.920177,11.930178,3820800
hardzero_plus_depr__c0p60__z1p05__lam0p010__nu0p50__psi0p75,hardzero_plus_depr,0.01,34,1194,0.0,1,0.49410313,0.49410313,1.0564059,0.0,0.08782013,0.0,0.0,1.3004451e-06,-27.719002,2.3241394,0.77471316,0.14400001,0.0,0.16240995,11.930178,11.940178,3824000
hardzero_plus_depr__c0p60__z1p05__lam0p010__nu0p50__psi0p75,hardzero_plus_depr,0.01,34,1195,0.0,1,0.49410313,0.49410313,1.0538319,0.0,0.08834217,0.0,0.0,1.2907286e-06,-27.76995,2.3184767,0.7728256,0.104,0.0,0.13893238,11.940178,11.950178,3827200
hardzero_plus_depr__c0p60__z1p05__lam0p010__nu0p50__psi0p75,hardzero_plus_depr,0.01,34,1196,0.0,1,0.49410313,0.49410325,1.0040479,0.09907228,0.09907228,1.0,1.2691999e-07,1.2810848e-06,-27.287556,2.2089493,0.73631644,0.19,0.0,0.13808198,11.950178,11.960178,3830400
hardzero_plus_depr__c0p60__z1p05__lam0p010__nu0p50__psi0p75,hardzero_plus_depr,0.01,34,1197,0.0,1,0.49410325,0.4941034,0.97562176,0.10577384,0.10577384,1.0,1.3449268e-07,1.2715118e-06,-26.470806,2.1464107,0.71547025,0.112,0.0,0.15067144,11.960178,11.970179,3833600
hardzero_plus_depr__c0p60__z1p05__lam0p010__nu0p50__psi0p75,hardzero_plus_depr,0.01,34,1198,0.0,1,0.4941034,0.49410352,1.0375433,0.09171846,0.09171846,1.0,1.15749636e-07,1.2620103e-06,-27.48016,2.282641,0.76088035,0.2,0.0,0.13985789,11.970179,11.980179,3836800
hardzero_plus_depr__c0p60__z1p05__lam0p010__nu0p50__psi0p75,hardzero_plus_depr,0.01,34,1199,0.0,1,0.49410352,0.49410352,1.0575683,0.0,0.08758538,0.0,0.0,1.252581e-06,-27.659685,2.3266966,0.77556556,0.128,0.0,0.12390534,11.980179,11.990179,3840000
hardzero_plus_depr__c0p60__z1p05__lam0p010__nu0p50__psi0p75,hardzero_plus_depr,0.01,34,1200,0.0,1,0.49410352,0.49410352,1.0719612,0.0,0.08473032,0.0,0.0,1.2432222e-06,-27.235357,2.3583617,0.7861206,0.16000001,0.008,0.1726752,11.990179,12.000179,3843200
hardzero_plus_depr__c0p60__z1p05__lam0p010__nu0p50__psi0p75,hardzero_plus_depr,0.01,34,1201,0.0,1,0.49410352,0.49410352,1.0577074,0.0,0.087557346,0.0,0.0,1.2339322e-06,-28.257301,2.3270028,0.7756676,0.18400002,0.0,0.18351072,12.000179,12.0101795,3846400
hardzero_plus_depr__c0p60__z1p05__lam0p010__nu0p50__psi0p75,hardzero_plus_depr,0.01,34,1202,0.0,1,0.49410352,0.49410352,1.0713843,0.0,0.084842935,0.0,0.0,1.2247115e-06,-27.430912,2.3570926,0.7856976,0.14400001,0.0,0.1499348,12.0101795,12.02018,3849600
hardzero_plus_depr__c0p60__z1p05__lam0p010__nu0p50__psi0p75,hardzero_plus_depr,0.01,34,1203,0.0,1,0.49410352,0.49410364,1.0166826,0.096231535,0.096231535,1.0,1.16975286e-07,1.2155608e-06,-27.54924,2.2367463,0.7455821,0.16800001,0.0,0.1706108,12.02018,12.03018,3852800
hardzero_plus_depr__c0p60__z1p05__lam0p010__nu0p50__psi0p75,hardzero_plus_depr,0.01,34,1204,0.0,1,0.49410364,0.49410376,1.0159581,0.0963922,0.0963922,1.0,1.16295126e-07,1.2064786e-06,-26.305868,2.2351525,0.74505085,0.14400001,0.0,0.1540027,12.03018,12.04018,3856000
hardzero_plus_depr__c0p60__z1p05__lam0p010__nu0p50__psi0p75,hardzero_plus_depr,0.01,34,1205,0.0,1,0.49410376,0.49410376,1.0555022,0.0,0.08800306,0.0,0.0,1.197463e-06,-27.615883,2.3221512,0.7740504,0.136,0.0,0.19407433,12.04018,12.05018,3859200
hardzero_plus_depr__c0p60__z1p05__lam0p010__nu0p50__psi0p75,hardzero_plus_depr,0.01,34,1206,0.0,1,0.49410376,0.49410388,1.0206517,0.09535605,0.09535605,1.0,1.1333208e-07,1.1885148e-06,-26.90645,2.2454786,0.7484929,0.112,0.0,0.12948677,12.05018,12.060181,3862400
hardzero_plus_depr__c0p60__z1p05__lam0p010__nu0p50__psi0p75,hardzero_plus_depr,0.01,34,1207,0.0,1,0.49410388,0.49410388,1.066121,0.0,0.085877426,0.0,0.0,1.1796348e-06,-28.057487,2.3455129,0.78183764,0.136,0.0,0.16640864,12.060181,12.070181,3865600
hardzero_plus_depr__c0p60__z1p05__lam0p010__nu0p50__psi0p75,hardzero_plus_depr,0.01,34,1208,0.0,1,0.49410388,0.494104,1.0112332,0.09744663,0.09744663,1.0,1.1409254e-07,1.1708208e-06,-26.724747,2.2247574,0.74158585,0.136,0.0,0.16332866,12.070181,12.080181,3868800
hardzero_plus_depr__c0p60__z1p05__lam0p010__nu0p50__psi0p75,hardzero_plus_depr,0.01,34,1209,0.0,1,0.494104,0.49410412,1.0237201,0.094684705,0.094684705,1.0,1.1003043e-07,1.1620718e-06,-26.563095,2.2522292,0.7507431,0.14,0.0,0.13094197,12.080181,12.090181,3872000
hardzero_plus_depr__c0p60__z1p05__lam0p010__nu0p50__psi0p75,hardzero_plus_depr,0.01,34,1210,0.0,1,0.49410412,0.49410424,1.041606,0.09086444,0.09086444,1.0,1.0480198e-07,1.1533882e-06,-27.590826,2.2915788,0.7638596,0.104,0.0,0.1527752,12.090181,12.100182,3875200
hardzero_plus_depr__c0p60__z1p05__lam0p010__nu0p50__psi0p75,hardzero_plus_depr,0.01,34,1211,0.0,1,0.49410424,0.49410436,1.0079863,0.09817788,0.09817788,1.0,1.1239114e-07,1.1447705e-06,-27.201298,2.2176142,0.73920476,0.096,0.0,0.1503583,12.100182,12.110182,3878400
hardzero_plus_depr__c0p60__z1p05__lam0p010__nu0p50__psi0p75,hardzero_plus_depr,0.01,34,1212,0.0,1,0.49410436,0.49410436,1.0577486,0.0,0.08754904,0.0,0.0,1.1362172e-06,-28.287373,2.3270934,0.7756978,0.14400001,0.0,0.13471693,12.110182,12.120182,3881600
hardzero_plus_depr__c0p60__z1p05__lam0p010__nu0p50__psi0p75,hardzero_plus_depr,0.01,34,1213,0.0,1,0.49410436,0.49410436,1.0757142,0.0,0.08400124,0.0,0.0,1.1277267e-06,-28.30129,2.3666186,0.7888729,0.112,0.0,0.15797251,12.120182,12.130182,3884800
hardzero_plus_depr__c0p60__z1p05__lam0p010__nu0p50__psi0p75,hardzero_plus_depr,0.01,34,1214,0.0,1,0.49410436,0.49410447,0.97495234,0.105937,0.105937,1.0,1.1857523e-07,1.1192996e-06,-26.340376,2.144938,0.71497935,0.128,0.0,0.117768764,12.130182,12.1401825,3888000
hardzero_plus_depr__c0p60__z1p05__lam0p010__nu0p50__psi0p75,hardzero_plus_depr,0.01,34,1215,0.0,1,0.49410447,0.4941046,1.0232137,0.09479518,0.09479518,1.0,1.0531144e-07,1.1109366e-06,-26.398739,2.251115,0.7503717,0.128,0.0,0.12945226,12.1401825,12.150183,3891200
hardzero_plus_depr__c0p60__z1p05__lam0p010__nu0p50__psi0p75,hardzero_plus_depr,0.01,34,1216,0.0,1,0.4941046,0.49410468,1.0477986,0.089578,0.089578,1.0,9.877194e-08,1.1026361e-06,-27.735817,2.305203,0.768401,0.14400001,0.0,0.1604445,12.150183,12.160183,3894400
hardzero_plus_depr__c0p60__z1p05__lam0p010__nu0p50__psi0p75,hardzero_plus_depr,0.01,34,1217,0.0,1,0.49410468,0.49410477,1.0450704,0.0901425,0.0901425,1.0,9.865165e-08,1.0943966e-06,-27.179462,2.2992008,0.7664003,0.128,0.0,0.12220487,12.160183,12.170183,3897600
hardzero_plus_depr__c0p60__z1p05__lam0p010__nu0p50__psi0p75,hardzero_plus_depr,0.01,34,1218,0.0,1,0.49410477,0.4941049,1.0020424,0.099530816,0.099530816,1.0,1.08112225e-07,1.0862186e-06,-26.954409,2.2045374,0.7348458,0.16000001,0.0,0.15051833,12.170183,12.180183,3900800
hardzero_plus_depr__c0p60__z1p05__lam0p010__nu0p50__psi0p75,hardzero_plus_depr,0.01,34,1219,0.0,1,0.4941049,0.49410498,1.0439886,0.090367325,0.090367325,1.0,9.742526e-08,1.0781027e-06,-27.408264,2.2968209,0.765607,0.14400001,0.0,0.16657846,12.180183,12.190184,3904000
hardzero_plus_depr__c0p60__z1p05__lam0p010__nu0p50__psi0p75,hardzero_plus_depr,0.01,34,1220,0.0,1,0.49410498,0.49410507,1.0259451,0.09420087,0.09420087,1.0,1.0079941e-07,1.0700476e-06,-27.699083,2.2571242,0.75237477,0.2,0.0,0.16372748,12.190184,12.200184,3907200
hardzero_plus_depr__c0p60__z1p05__lam0p010__nu0p50__psi0p75,hardzero_plus_depr,0.01,34,1221,0.0,1,0.49410507,0.49410516,1.038611,0.09149321,0.09149321,1.0,9.7170506e-08,1.0620515e-06,-27.43202,2.28499,0.7616634,0.14400001,0.0,0.14561401,12.200184,12.210184,3910400
hardzero_plus_depr__c0p60__z1p05__lam0p010__nu0p50__psi0p75,hardzero_plus_depr,0.01,34,1222,0.0,1,0.49410516,0.49410516,1.052678,0.0,0.08857721,0.0,0.0,1.0541153e-06,-27.593447,2.3159378,0.7719793,0.13,0.0,0.15438226,12.210184,12.220184,3913600
hardzero_plus_depr__c0p60__z1p05__lam0p010__nu0p50__psi0p75,hardzero_plus_depr,0.01,34,1223,0.0,1,0.49410516,0.49410528,0.99151593,0.10197273,0.10197273,1.0,1.0668787e-07,1.0462393e-06,-26.350996,2.1813786,0.72712624,0.136,0.0,0.1251675,12.220184,12.230185,3916800
hardzero_plus_depr__c0p60__z1p05__lam0p010__nu0p50__psi0p75,hardzero_plus_depr,0.01,34,1224,0.0,1,0.49410528,0.49410528,1.0507289,0.0,0.08897562,0.0,0.0,1.0384222e-06,-26.744225,2.3116498,0.77054995,0.120000005,0.0,0.15206037,12.230185,12.240185,3920000
hardzero_plus_depr__c0p60__z1p05__lam0p010__nu0p50__psi0p75,hardzero_plus_depr,0.01,34,1225,0.0,1,0.49410528,0.49410537,1.0065937,0.09849322,0.09849322,1.0,1.01513265e-07,1.0306625e-06,-27.395723,2.2145503,0.73818344,0.208,0.008,0.14378238,12.240185,12.250185,3923200
hardzero_plus_depr__c0p60__z1p05__lam0p010__nu0p50__psi0p75,hardzero_plus_depr,0.01,34,1226,0.0,1,0.49410537,0.49410537,1.0686951,0.0,0.08536993,0.0,0.0,1.0229608e-06,-28.405619,2.351176,0.7837254,0.120000005,0.0,0.1741173,12.250185,12.260185,3926400
hardzero_plus_depr__c0p60__z1p05__lam0p010__nu0p50__psi0p75,hardzero_plus_depr,0.01,34,1227,0.0,1,0.49410537,0.49410537,1.0620661,0.0,0.086683,0.0,0.0,1.0153175e-06,-27.78533,2.336592,0.778864,0.120000005,0.0,0.16539703,12.260185,12.270185,3929600
hardzero_plus_depr__c0p60__z1p05__lam0p010__nu0p50__psi0p75,hardzero_plus_depr,0.01,34,1228,0.0,1,0.49410537,0.49410537,1.0940516,0.0,0.080528274,0.0,0.0,1.0077315e-06,-28.274548,2.4069617,0.8023206,0.14400001,0.0,0.15843156,12.270185,12.280186,3932800
hardzero_plus_depr__c0p60__z1p05__lam0p010__nu0p50__psi0p75,hardzero_plus_depr,0.01,34,1229,0.0,1,0.49410537,0.49410546,0.993919,0.10141006,0.10141006,1.0,1.0143046e-07,1.0002011e-06,-26.519224,2.1866655,0.7288885,0.136,0.0,0.133924,12.280186,12.290186,3936000
hardzero_plus_depr__c0p60__z1p05__lam0p010__nu0p50__psi0p75,hardzero_plus_depr,0.01,34,1230,0.0,1,0.49410546,0.49410555,1.0278537,0.09378778,0.09378778,1.0,9.310566e-08,9.92727e-07,-27.609077,2.2613235,0.7537745,0.080000006,0.0,0.14020751,12.290186,12.300186,3939200
hardzero_plus_depr__c0p60__z1p05__lam0p010__nu0p50__psi0p75,hardzero_plus_depr,0.01,34,1231,0.0,1,0.49410555,0.49410555,1.088477,0.0,0.08156859,0.0,0.0,9.853097e-07,-27.893545,2.3946972,0.79823244,0.056,0.0,0.14609395,12.300186,12.310186,3942400
hardzero_plus_depr__c0p60__z1p05__lam0p010__nu0p50__psi0p75,hardzero_plus_depr,0.01,34,1232,0.0,1,0.49410555,0.49410564,1.03371,0.09253157,0.09253157,1.0,9.049105e-08,9.779478e-07,-27.747297,2.2742074,0.75806916,0.17600001,0.0,0.18460417,12.310186,12.320187,3945600
hardzero_plus_depr__c0p60__z1p05__lam0p010__nu0p50__psi0p75,hardzero_plus_depr,0.01,34,1233,0.0,1,0.49410564,0.49410573,1.0071793,0.09836051,0.09836051,1.0,9.547265e-08,9.7064e-07,-27.854767,2.2158387,0.7386129,0.296,0.0,0.1481656,12.320187,12.330187,3948800
hardzero_plus_depr__c0p60__z1p05__lam0p010__nu0p50__psi0p75,hardzero_plus_depr,0.01,34,1234,0.0,1,0.49410573,0.49410573,1.0528249,0.0,0.08854725,0.0,0.0,9.633868e-07,-26.836338,2.316261,0.77208704,0.14400001,0.0,0.16468434,12.330187,12.340187,3952000
hardzero_plus_depr__c0p60__z1p05__lam0p010__nu0p50__psi0p75,hardzero_plus_depr,0.01,34,1235,0.0,1,0.49410573,0.49410585,0.96103454,0.10938693,0.10938693,1.0,1.04594534e-07,9.561886e-07,-26.20707,2.1143181,0.7047727,0.14999999,0.0,0.14090808,12.340187,12.350187,3955200
hardzero_plus_depr__c0p60__z1p05__lam0p010__nu0p50__psi0p75,hardzero_plus_depr,0.01,34,1236,0.0,1,0.49410585,0.49410594,1.0290213,0.09353598,0.09353598,1.0,8.876981e-08,9.4904453e-07,-26.971493,2.263892,0.7546307,0.18400002,0.008,0.16702929,12.350187,12.360188,3958400
hardzero_plus_depr__c0p60__z1p05__lam0p010__nu0p50__psi0p75,hardzero_plus_depr,0.01,34,1237,0.0,1,0.49410594,0.49410594,1.0853592,0.0,0.082156286,0.0,0.0,9.419526e-07,-28.946884,2.387838,0.795946,0.14400001,0.0,0.18621437,12.360188,12.370188,3961600
hardzero_plus_depr__c0p60__z1p05__lam0p010__nu0p50__psi0p75,hardzero_plus_depr,0.01,34,1238,0.0,1,0.49410594,0.49410594,1.0731726,0.0,0.08449429,0.0,0.0,9.349138e-07,-28.592558,2.3610268,0.78700894,0.104,0.0,0.1517203,12.370188,12.380188,3964800
hardzero_plus_depr__c0p60__z1p05__lam0p010__nu0p50__psi0p75,hardzero_plus_depr,0.01,34,1239,0.0,1,0.49410594,0.49410602,0.9648019,0.10844214,0.10844214,1.0,1.0062655e-07,9.2792845e-07,-26.253712,2.1226065,0.7075355,0.16000001,0.0,0.14531194,12.380188,12.390188,3968000
hardzero_plus_depr__c0p60__z1p05__lam0p010__nu0p50__psi0p75,hardzero_plus_depr,0.01,34,1240,0.0,1,0.49410602,0.4941061,1.0257467,0.09424391,0.09424391,1.0,8.679819e-08,9.2099526e-07,-27.11369,2.2566879,0.75222933,0.17600001,0.0,0.13254254,12.390188,12.400188,3971200
hardzero_plus_depr__c0p60__z1p05__lam0p010__nu0p50__psi0p75,hardzero_plus_depr,0.01,34,1241,0.0,1,0.4941061,0.4941061,1.0638404,0.0,0.08632958,0.0,0.0,9.141131e-07,-28.30148,2.3404956,0.7801652,0.128,0.0,0.14816885,12.400188,12.410189,3974400
hardzero_plus_depr__c0p60__z1p05__lam0p010__nu0p50__psi0p75,hardzero_plus_depr,0.01,34,1242,0.0,1,0.4941061,0.4941062,1.0164473,0.096283674,0.096283674,1.0,8.7356476e-08,9.0728236e-07,-26.727573,2.2362287,0.7454096,0.17600001,0.0,0.12749398,12.410189,12.420189,3977600
hardzero_plus_depr__c0p60__z1p05__lam0p010__nu0p50__psi0p75,hardzero_plus_depr,0.01,34,1243,0.0,1,0.4941062,0.4941063,1.0238993,0.09464566,0.09464566,1.0,8.522874e-08,9.0050344e-07,-27.65197,2.2526236,0.7508745,0.16000001,0.0,0.15081725,12.420189,12.430189,3980800
hardzero_plus_depr__c0p60__z1p05__lam0p010__nu0p50__psi0p75,hardzero_plus_depr,0.01,34,1244,0.0,1,0.4941063,0.49410638,1.000061,0.09998596,0.09998596,1.0,8.936497e-08,8.9377517e-07,-26.694164,2.2001781,0.7333927,0.120000005,0.0,0.13064258,12.430189,12.440189,3984000
hardzero_plus_depr__c0p60__z1p05__lam0p010__nu0p50__psi0p75,hardzero_plus_depr,0.01,34,1245,0.0,1,0.49410638,0.49410647,0.9948133,0.101201445,0.101201445,1.0,8.9775426e-08,8.870963e-07,-27.079222,2.188633,0.72954434,0.128,0.0,0.1337201,12.440189,12.45019,3987200
hardzero_plus_depr__c0p60__z1p05__lam0p010__nu0p50__psi0p75,hardzero_plus_depr,0.01,34,1246,0.0,1,0.49410647,0.49410656,0.9984305,0.10036205,0.10036205,1.0,8.836552e-08,8.8046744e-07,-26.24635,2.196591,0.732197,0.208,0.0,0.14742483,12.45019,12.46019,3990400
hardzero_plus_depr__c0p60__z1p05__lam0p010__nu0p50__psi0p75,hardzero_plus_depr,0.01,34,1247,0.0,1,0.49410656,0.49410656,1.07002,0.0,0.08510988,0.0,0.0,8.738889e-07,-28.131702,2.354091,0.784697,0.096,0.0,0.13745868,12.46019,12.47019,3993600
hardzero_plus_depr__c0p60__z1p05__lam0p010__nu0p50__psi0p75,hardzero_plus_depr,0.01,34,1248,0.0,1,0.49410656,0.49410665,1.0267305,0.09403064,0.09403064,1.0,8.155837e-08,8.673595e-07,-28.284262,2.2588522,0.7529508,0.17,0.0,0.15800102,12.47019,12.48019,3996800
hardzero_plus_depr__c0p60__z1p05__lam0p010__nu0p50__psi0p75,hardzero_plus_depr,0.01,34,1249,0.0,1,0.49410665,0.49410674,1.0436375,0.0904404,0.0904404,1.0,7.785816e-08,8.608781e-07,-26.623798,2.2960484,0.7653495,0.18400002,0.0,0.12436751,12.48019,12.4901905,4000000
