mechanism_tag,alpha,family,seed,update,update_u,update_counter,energy_E_pre,energy_E_post,energy_E_raw,funding_z,funding_g,funding_g_raw,funding_cut_active,funding_income,funding_alpha_eff,support_s,debt_charge,debt_level_pre,debt_level_post,episode_return_end_mean,terminal_min_dists_end_mean,terminal_dbar_end,terminal_occupied_end_mean,terminal_CSR_train,vartd_VarTD,depr_F,depr_F_post
hardzero_only__c0p58__z1p00__lam0p000__nu0p50__psi0p00,0.082,borrow,54,0,1.0,1,1.0,0.42000002,0.42000002,1.0316244,0.0,0.092976995,0.0,0.0,0.082,0.0,0.0,0.0,0.0,-27.154165,2.269619,0.7565397,0.17,0.0,0.1458518,0.0,0.0
hardzero_only__c0p58__z1p00__lam0p000__nu0p50__psi0p00,0.082,borrow,54,1,1.0,2,0.42000002,-0.15164676,-0.15164676,0.9919609,0.10186831,0.10186831,1.0,0.008353202,0.082,0.0,0.0,0.0,0.15164676,-27.146132,2.1823575,0.7274525,0.18400002,0.0,0.15669166,0.0,0.0
hardzero_only__c0p58__z1p00__lam0p000__nu0p50__psi0p00,0.082,borrow,54,2,0.0,2,-0.15164676,-0.1463635,-0.1463635,0.9938891,0.10141705,0.10141705,1.0,0.008316198,0.082,0.0,0.003032935,0.15164676,0.1463635,-26.698692,2.1865997,0.7288666,0.16800001,0.0,0.1543328,0.0,0.0
hardzero_only__c0p58__z1p00__lam0p000__nu0p50__psi0p00,0.082,borrow,54,3,0.0,2,-0.1463635,-0.14929077,-0.14929077,1.0593052,0.0,0.087235816,0.0,0.0,0.082,0.0,0.0029272698,0.1463635,0.14929077,-27.65525,2.330518,0.7768394,0.17600001,0.0,0.1518419,0.0,0.0
hardzero_only__c0p58__z1p00__lam0p000__nu0p50__psi0p00,0.082,borrow,54,4,0.0,2,-0.14929077,-0.15227659,-0.15227659,1.0027202,0.0,0.099375606,0.0,0.0,0.082,0.0,0.0029858153,0.14929077,0.15227659,-26.971655,2.2060287,0.7353429,0.17600001,0.0,0.15176788,0.0,0.0
hardzero_only__c0p58__z1p00__lam0p000__nu0p50__psi0p00,0.082,borrow,54,5,0.0,2,-0.15227659,-0.15532212,-0.15532212,1.0217359,0.0,0.0951183,0.0,0.0,0.082,0.0,0.0030455317,0.15227659,0.15532212,-27.67141,2.2478638,0.74928796,0.192,0.0,0.1435177,0.0,0.0
hardzero_only__c0p58__z1p00__lam0p000__nu0p50__psi0p00,0.082,borrow,54,6,0.0,2,-0.15532212,-0.15842856,-0.15842856,1.0244657,0.0,0.09452231,0.0,0.0,0.082,0.0,0.0031064423,0.15532212,0.15842856,-26.442333,2.2538695,0.75128984,0.18400002,0.0,0.13537464,0.0,0.0
hardzero_only__c0p58__z1p00__lam0p000__nu0p50__psi0p00,0.082,borrow,54,7,0.0,2,-0.15842856,-0.15321401,-0.15321401,0.99040776,0.10223325,0.10223325,1.0,0.008383127,0.082,0.0,0.0031685713,0.15842856,0.15321401,-26.019556,2.1789405,0.72631353,0.120000005,0.0,0.13859566,0.0,0.0
hardzero_only__c0p58__z1p00__lam0p000__nu0p50__psi0p00,0.082,borrow,54,8,0.0,2,-0.15321401,-0.15627828,-0.15627828,1.0239038,0.0,0.094644666,0.0,0.0,0.082,0.0,0.0030642801,0.15321401,0.15627828,-27.221266,2.2526333,0.7508778,0.136,0.0,0.1395367,0.0,0.0
hardzero_only__c0p58__z1p00__lam0p000__nu0p50__psi0p00,0.082,borrow,54,9,0.0,2,-0.15627828,-0.15940385,-0.15940385,1.0047977,0.0,0.09890136,0.0,0.0,0.082,0.0,0.0031255656,0.15627828,0.15940385,-27.725088,2.210599,0.73686635,0.16800001,0.0,0.13412066,0.0,0.0
hardzero_only__c0p58__z1p00__lam0p000__nu0p50__psi0p00,0.082,borrow,54,10,0.0,2,-0.15940385,-0.16259192,-0.16259192,1.0561215,0.0,0.08787766,0.0,0.0,0.082,0.0,0.003188077,0.15940385,0.16259192,-27.433685,2.3235137,0.7745046,0.16800001,0.008,0.14881676,0.0,0.0
hardzero_only__c0p58__z1p00__lam0p000__nu0p50__psi0p00,0.082,borrow,54,11,0.0,2,-0.16259192,-0.16584376,-0.16584376,1.0484842,0.0,0.08943671,0.0,0.0,0.082,0.0,0.0032518383,0.16259192,0.16584376,-27.213371,2.3067114,0.76890385,0.096,0.0,0.18470925,0.0,0.0
hardzero_only__c0p58__z1p00__lam0p000__nu0p50__psi0p00,0.082,borrow,54,12,0.0,2,-0.16584376,-0.16916063,-0.16916063,1.040637,0.0,0.0910674,0.0,0.0,0.082,0.0,0.003316875,0.16584376,0.16916063,-26.987278,2.289447,0.763149,0.18400002,0.0,0.13755473,0.0,0.0
hardzero_only__c0p58__z1p00__lam0p000__nu0p50__psi0p00,0.082,borrow,54,13,0.0,2,-0.16916063,-0.17254385,-0.17254385,1.0323514,0.0,0.09282151,0.0,0.0,0.082,0.0,0.0033832127,0.16916063,0.17254385,-27.38058,2.2712183,0.7570728,0.14999999,0.0,0.14680919,0.0,0.0
hardzero_only__c0p58__z1p00__lam0p000__nu0p50__psi0p00,0.082,borrow,54,14,0.0,2,-0.17254385,-0.1672823,-0.1672823,0.973675,0.106249034,0.106249034,1.0,0.008712421,0.082,0.0,0.003450877,0.17254385,0.1672823,-26.7225,2.1421278,0.7140426,0.120000005,0.0,0.12828054,0.0,0.0
hardzero_only__c0p58__z1p00__lam0p000__nu0p50__psi0p00,0.082,borrow,54,15,0.0,2,-0.1672823,-0.1616508,-0.1616508,0.9606758,0.10947733,0.10947733,1.0,0.008977141,0.082,0.0,0.003345646,0.1672823,0.1616508,-26.909386,2.113529,0.7045097,0.16000001,0.0,0.13345818,0.0,0.0
hardzero_only__c0p58__z1p00__lam0p000__nu0p50__psi0p00,0.082,borrow,54,16,0.0,2,-0.1616508,-0.15607077,-0.15607077,0.96868724,0.10747632,0.10747632,1.0,0.008813058,0.082,0.0,0.003233016,0.1616508,0.15607077,-26.201393,2.1311545,0.71038485,0.16000001,0.0,0.13716082,0.0,0.0
hardzero_only__c0p58__z1p00__lam0p000__nu0p50__psi0p00,0.082,borrow,54,17,0.0,2,-0.15607077,-0.15919219,-0.15919219,1.029525,0.0,0.093427554,0.0,0.0,0.082,0.0,0.0031214154,0.15607077,0.15919219,-26.879675,2.2650003,0.7550001,0.17600001,0.008,0.13705163,0.0,0.0
hardzero_only__c0p58__z1p00__lam0p000__nu0p50__psi0p00,0.082,borrow,54,18,0.0,2,-0.15919219,-0.16237603,-0.16237603,1.0068697,0.0,0.09843063,0.0,0.0,0.082,0.0,0.0031838438,0.15919219,0.16237603,-27.411478,2.2151575,0.73838586,0.192,0.0,0.12213463,0.0,0.0
hardzero_only__c0p58__z1p00__lam0p000__nu0p50__psi0p00,0.082,borrow,54,19,0.0,2,-0.16237603,-0.15728612,-0.15728612,0.99278194,0.1016759,0.1016759,1.0,0.008337424,0.082,0.0,0.0032475207,0.16237603,0.15728612,-26.464481,2.1841638,0.72805464,0.120000005,0.0,0.11680049,0.0,0.0
hardzero_only__c0p58__z1p00__lam0p000__nu0p50__psi0p00,0.082,borrow,54,20,0.0,2,-0.15728612,-0.16043185,-0.16043185,1.0127563,0.0,0.09710544,0.0,0.0,0.082,0.0,0.0031457224,0.15728612,0.16043185,-26.860537,2.2281084,0.74270284,0.224,0.0,0.15590796,0.0,0.0
hardzero_only__c0p58__z1p00__lam0p000__nu0p50__psi0p00,0.082,borrow,54,21,0.0,2,-0.16043185,-0.16364048,-0.16364048,1.0152134,0.0,0.09655763,0.0,0.0,0.082,0.0,0.0032086368,0.16043185,0.16364048,-26.915266,2.233514,0.7445047,0.18400002,0.0,0.15815699,0.0,0.0
hardzero_only__c0p58__z1p00__lam0p000__nu0p50__psi0p00,0.082,borrow,54,22,0.0,2,-0.16364048,-0.1669133,-0.1669133,1.042194,0.0,0.0907415,0.0,0.0,0.082,0.0,0.0032728096,0.16364048,0.1669133,-26.998016,2.2928727,0.7642909,0.128,0.0,0.1531295,0.0,0.0
hardzero_only__c0p58__z1p00__lam0p000__nu0p50__psi0p00,0.082,borrow,54,23,0.0,2,-0.1669133,-0.17025156,-0.17025156,1.0228206,0.0,0.094881035,0.0,0.0,0.082,0.0,0.003338266,0.1669133,0.17025156,-27.29138,2.2502503,0.75008345,0.2,0.0,0.15619944,0.0,0.0
hardzero_only__c0p58__z1p00__lam0p000__nu0p50__psi0p00,0.082,borrow,54,24,0.0,2,-0.17025156,-0.16481899,-0.16481899,0.9674793,0.107775666,0.107775666,1.0,0.008837605,0.082,0.0,0.0034050313,0.17025156,0.16481899,-25.775295,2.128497,0.709499,0.16800001,0.0,0.13839732,0.0,0.0
hardzero_only__c0p58__z1p00__lam0p000__nu0p50__psi0p00,0.082,borrow,54,25,0.0,2,-0.16481899,-0.16811536,-0.16811536,1.0743334,0.0,0.084268756,0.0,0.0,0.082,0.0,0.0032963797,0.16481899,0.16811536,-28.595274,2.3635807,0.7878603,0.120000005,0.0,0.15145977,0.0,0.0
hardzero_only__c0p58__z1p00__lam0p000__nu0p50__psi0p00,0.082,borrow,54,26,0.0,2,-0.16811536,-0.17147768,-0.17147768,1.0592583,0.0,0.08724521,0.0,0.0,0.082,0.0,0.003362307,0.16811536,0.17147768,-27.757063,2.3304148,0.7768049,0.13,0.0,0.13363028,0.0,0.0
hardzero_only__c0p58__z1p00__lam0p000__nu0p50__psi0p00,0.082,borrow,54,27,0.0,2,-0.17147768,-0.17490722,-0.17490722,1.0369399,0.0,0.09184597,0.0,0.0,0.082,0.0,0.0034295535,0.17147768,0.17490722,-27.537333,2.2813132,0.7604377,0.192,0.0,0.15090391,0.0,0.0
hardzero_only__c0p58__z1p00__lam0p000__nu0p50__psi0p00,0.082,borrow,54,28,0.0,2,-0.17490722,-0.17840537,-0.17840537,1.0390733,0.0,0.09139589,0.0,0.0,0.082,0.0,0.0034981444,0.17490722,0.17840537,-27.777489,2.286007,0.76200235,0.14400001,0.0,0.13876028,0.0,0.0
hardzero_only__c0p58__z1p00__lam0p000__nu0p50__psi0p00,0.082,borrow,54,29,0.0,2,-0.17840537,-0.18197349,-0.18197349,1.0070076,0.0,0.09839938,0.0,0.0,0.082,0.0,0.0035681075,0.17840537,0.18197349,-26.746141,2.215461,0.738487,0.18400002,0.0,0.1491961,0.0,0.0
hardzero_only__c0p58__z1p00__lam0p000__nu0p50__psi0p00,0.082,borrow,54,30,0.0,2,-0.18197349,-0.18561296,-0.18561296,1.0562865,0.0,0.08784429,0.0,0.0,0.082,0.0,0.0036394696,0.18197349,0.18561296,-27.27641,2.3238766,0.77462554,0.136,0.0,0.14883465,0.0,0.0
hardzero_only__c0p58__z1p00__lam0p000__nu0p50__psi0p00,0.082,borrow,54,31,0.0,2,-0.18561296,-0.18100473,-0.18100473,0.99366504,0.10146936,0.10146936,1.0,0.008320488,0.082,0.0,0.0037122592,0.18561296,0.18100473,-27.142775,2.1861067,0.72870225,0.096,0.0,0.15422316,0.0,0.0
hardzero_only__c0p58__z1p00__lam0p000__nu0p50__psi0p00,0.082,borrow,54,32,0.0,2,-0.18100473,-0.17604853,-0.17604853,0.9805142,0.10458895,0.10458895,1.0,0.008576294,0.082,0.0,0.0036200946,0.18100473,0.17604853,-26.210274,2.1571743,0.71905816,0.16800001,0.0,0.15224178,0.0,0.0
hardzero_only__c0p58__z1p00__lam0p000__nu0p50__psi0p00,0.082,borrow,54,33,0.0,2,-0.17604853,-0.17129824,-0.17129824,0.9962424,0.10086897,0.10086897,1.0,0.0082712555,0.082,0.0,0.0035209705,0.17604853,0.17129824,-26.272469,2.191777,0.73059237,0.096,0.0,0.13920808,0.0,0.0
hardzero_only__c0p58__z1p00__lam0p000__nu0p50__psi0p00,0.082,borrow,54,34,0.0,2,-0.17129824,-0.1747242,-0.1747242,1.0469902,0.0,0.08974491,0.0,0.0,0.082,0.0,0.0034259646,0.17129824,0.1747242,-27.278559,2.3034244,0.76780814,0.17600001,0.0,0.14567518,0.0,0.0
hardzero_only__c0p58__z1p00__lam0p000__nu0p50__psi0p00,0.082,borrow,54,35,0.0,2,-0.1747242,-0.17821869,-0.17821869,1.013354,0.0,0.09697193,0.0,0.0,0.082,0.0,0.0034944841,0.1747242,0.17821869,-27.064743,2.2294233,0.7431411,0.192,0.0,0.15310507,0.0,0.0
hardzero_only__c0p58__z1p00__lam0p000__nu0p50__psi0p00,0.082,borrow,54,36,0.0,2,-0.17821869,-0.1735567,-0.1735567,0.9986059,0.100321524,0.100321524,1.0,0.008226365,0.082,0.0,0.0035643738,0.17821869,0.1735567,-26.520197,2.196977,0.7323257,0.2,0.0,0.14334464,0.0,0.0
hardzero_only__c0p58__z1p00__lam0p000__nu0p50__psi0p00,0.082,borrow,54,37,0.0,2,-0.1735567,-0.1687064,-0.1687064,0.9936159,0.10148085,0.10148085,1.0,0.00832143,0.082,0.0,0.003471134,0.1735567,0.1687064,-27.497513,2.1859987,0.72866625,0.216,0.0,0.14445744,0.0,0.0
hardzero_only__c0p58__z1p00__lam0p000__nu0p50__psi0p00,0.082,borrow,54,38,0.0,2,-0.1687064,-0.17208053,-0.17208053,1.0164218,0.0,0.096289344,0.0,0.0,0.082,0.0,0.003374128,0.1687064,0.17208053,-26.504244,2.2361727,0.7453909,0.224,0.0,0.15138364,0.0,0.0
hardzero_only__c0p58__z1p00__lam0p000__nu0p50__psi0p00,0.082,borrow,54,39,0.0,2,-0.17208053,-0.16593629,-0.16593629,0.93218285,0.11690072,0.11690072,1.0,0.009585859,0.082,0.0,0.0034416106,0.17208053,0.16593629,-25.632677,2.0508432,0.68361443,0.16,0.0,0.13751478,0.0,0.0
hardzero_only__c0p58__z1p00__lam0p000__nu0p50__psi0p00,0.082,borrow,54,40,0.0,2,-0.16593629,-0.16925502,-0.16925502,1.0447094,0.0,0.090217456,0.0,0.0,0.082,0.0,0.0033187259,0.16593629,0.16925502,-27.586868,2.2984066,0.7661356,0.112,0.0,0.15757881,0.0,0.0
hardzero_only__c0p58__z1p00__lam0p000__nu0p50__psi0p00,0.082,borrow,54,41,0.0,2,-0.16925502,-0.17264012,-0.17264012,1.0128522,0.0,0.09708403,0.0,0.0,0.082,0.0,0.0033851003,0.16925502,0.17264012,-27.160904,2.2283194,0.7427732,0.112,0.0,0.18980412,0.0,0.0
hardzero_only__c0p58__z1p00__lam0p000__nu0p50__psi0p00,0.082,borrow,54,42,0.0,2,-0.17264012,-0.17609292,-0.17609292,1.0226063,0.0,0.09492788,0.0,0.0,0.082,0.0,0.0034528023,0.17264012,0.17609292,-27.815462,2.2497787,0.74992627,0.112,0.0,0.1436914,0.0,0.0
hardzero_only__c0p58__z1p00__lam0p000__nu0p50__psi0p00,0.082,borrow,54,43,0.0,2,-0.17609292,-0.17122424,-0.17122424,0.9900234,0.1023238,0.1023238,1.0,0.008390551,0.082,0.0,0.0035218585,0.17609292,0.17122424,-26.661676,2.1780949,0.72603166,0.128,0.0,0.13717428,0.0,0.0
hardzero_only__c0p58__z1p00__lam0p000__nu0p50__psi0p00,0.082,borrow,54,44,0.0,2,-0.17122424,-0.17464872,-0.17464872,1.0279647,0.0,0.09376381,0.0,0.0,0.082,0.0,0.0034244847,0.17122424,0.17464872,-28.14041,2.2615676,0.7538559,0.14400001,0.0,0.14949718,0.0,0.0
hardzero_only__c0p58__z1p00__lam0p000__nu0p50__psi0p00,0.082,borrow,54,45,0.0,2,-0.17464872,-0.1781417,-0.1781417,1.0442742,0.0,0.090307906,0.0,0.0,0.082,0.0,0.0034929742,0.17464872,0.1781417,-27.222763,2.297449,0.7658164,0.16000001,0.0,0.15471067,0.0,0.0
hardzero_only__c0p58__z1p00__lam0p000__nu0p50__psi0p00,0.082,borrow,54,46,0.0,2,-0.1781417,-0.17324808,-0.17324808,0.9866256,0.103127465,0.103127465,1.0,0.008456453,0.082,0.0,0.0035628339,0.1781417,0.17324808,-26.546255,2.1706197,0.72353995,0.18400002,0.0,0.151159,0.0,0.0
hardzero_only__c0p58__z1p00__lam0p000__nu0p50__psi0p00,0.082,borrow,54,47,0.0,2,-0.17324808,-0.16831326,-0.16831326,0.98954564,0.10243639,0.10243639,1.0,0.008399785,0.082,0.0,0.0034649617,0.17324808,0.16831326,-26.325056,2.177044,0.7256813,0.208,0.008,0.13924631,0.0,0.0
hardzero_only__c0p58__z1p00__lam0p000__nu0p50__psi0p00,0.082,borrow,54,48,0.0,2,-0.16831326,-0.17167953,-0.17167953,1.0201126,0.0,0.09547448,0.0,0.0,0.082,0.0,0.0033662652,0.16831326,0.17167953,-26.400856,2.2442925,0.74809754,0.16800001,0.0,0.11573624,0.0,0.0
hardzero_only__c0p58__z1p00__lam0p000__nu0p50__psi0p00,0.082,borrow,54,49,0.0,2,-0.17167953,-0.17511311,-0.17511311,1.030786,0.0,0.09315666,0.0,0.0,0.082,0.0,0.0034335905,0.17167953,0.17511311,-27.672468,2.2677746,0.7559249,0.14400001,0.0,0.16319494,0.0,0.0
hardzero_only__c0p58__z1p00__lam0p000__nu0p50__psi0p00,0.082,borrow,54,50,0.0,2,-0.17511311,-0.1702128,-0.1702128,0.98940176,0.10247035,0.10247035,1.0,0.008402569,0.082,0.0,0.003502262,0.17511311,0.1702128,-26.975098,2.1767273,0.7255758,0.216,0.0,0.16720586,0.0,0.0
hardzero_only__c0p58__z1p00__lam0p000__nu0p50__psi0p00,0.082,borrow,54,51,0.0,2,-0.1702128,-0.16445981,-0.16445981,0.9520487,0.111673795,0.111673795,1.0,0.009157252,0.082,0.0,0.003404256,0.1702128,0.16445981,-25.31578,2.094549,0.698183,0.192,0.0,0.13496779,0.0,0.0
hardzero_only__c0p58__z1p00__lam0p000__nu0p50__psi0p00,0.082,borrow,54,52,0.0,2,-0.16445981,-0.167749,-0.167749,1.0656872,0.0,0.08596324,0.0,0.0,0.082,0.0,0.0032891962,0.16445981,0.167749,-28.26343,2.3445587,0.7815196,0.13,0.0,0.1438445,0.0,0.0
hardzero_only__c0p58__z1p00__lam0p000__nu0p50__psi0p00,0.082,borrow,54,53,0.0,2,-0.167749,-0.16269211,-0.16269211,0.9889216,0.1025837,0.1025837,1.0,0.008411864,0.082,0.0,0.00335498,0.167749,0.16269211,-25.973127,2.1756709,0.72522366,0.17600001,0.0,0.11123838,0.0,0.0
hardzero_only__c0p58__z1p00__lam0p000__nu0p50__psi0p00,0.082,borrow,54,54,0.0,2,-0.16269211,-0.15753509,-0.15753509,0.988973,0.10257157,0.10257157,1.0,0.008410869,0.082,0.0,0.0032538422,0.16269211,0.15753509,-26.772833,2.175784,0.7252614,0.192,0.0,0.15749843,0.0,0.0
hardzero_only__c0p58__z1p00__lam0p000__nu0p50__psi0p00,0.082,borrow,54,55,0.0,2,-0.15753509,-0.1606858,-0.1606858,1.012131,0.0,0.09724539,0.0,0.0,0.082,0.0,0.0031507018,0.15753509,0.1606858,-27.01968,2.2267325,0.7422442,0.17600001,0.0,0.13808084,0.0,0.0
hardzero_only__c0p58__z1p00__lam0p000__nu0p50__psi0p00,0.082,borrow,54,56,0.0,2,-0.1606858,-0.15565309,-0.15565309,0.9975486,0.100566044,0.100566044,1.0,0.008246416,0.082,0.0,0.0032137157,0.1606858,0.15565309,-27.60584,2.1946507,0.7315502,0.192,0.008,0.13015422,0.0,0.0
hardzero_only__c0p58__z1p00__lam0p000__nu0p50__psi0p00,0.082,borrow,54,57,0.0,2,-0.15565309,-0.15876615,-0.15876615,1.0079507,0.0,0.09818596,0.0,0.0,0.082,0.0,0.0031130617,0.15565309,0.15876615,-26.46022,2.2175357,0.7391786,0.14400001,0.0,0.13668422,0.0,0.0
hardzero_only__c0p58__z1p00__lam0p000__nu0p50__psi0p00,0.082,borrow,54,58,0.0,2,-0.15876615,-0.16194147,-0.16194147,1.0171337,0.0,0.09613162,0.0,0.0,0.082,0.0,0.003175323,0.15876615,0.16194147,-26.98896,2.2377388,0.74591297,0.14400001,0.0,0.12514265,0.0,0.0
hardzero_only__c0p58__z1p00__lam0p000__nu0p50__psi0p00,0.082,borrow,54,59,0.0,2,-0.16194147,-0.1651803,-0.1651803,1.0439131,0.0,0.090383016,0.0,0.0,0.082,0.0,0.0032388293,0.16194147,0.1651803,-27.365562,2.2966547,0.76555157,0.16800001,0.0,0.18333037,0.0,0.0
hardzero_only__c0p58__z1p00__lam0p000__nu0p50__psi0p00,0.082,borrow,54,60,0.0,2,-0.1651803,-0.16014268,-0.16014268,0.9925842,0.10172221,0.10172221,1.0,0.008341221,0.082,0.0,0.0033036058,0.1651803,0.16014268,-26.434216,2.183729,0.7279097,0.23200001,0.0,0.15761538,0.0,0.0
hardzero_only__c0p58__z1p00__lam0p000__nu0p50__psi0p00,0.082,borrow,54,61,0.0,2,-0.16014268,-0.16334553,-0.16334553,1.0116774,0.0,0.09734701,0.0,0.0,0.082,0.0,0.0032028535,0.16014268,0.16334553,-26.74688,2.2257347,0.7419116,0.136,0.0,0.13829853,0.0,0.0
hardzero_only__c0p58__z1p00__lam0p000__nu0p50__psi0p00,0.082,borrow,54,62,0.0,2,-0.16334553,-0.15795447,-0.15795447,0.97639734,0.1055851,0.1055851,1.0,0.008657978,0.082,0.0,0.0032669106,0.16334553,0.15795447,-27.017588,2.148117,0.71603906,0.17600001,0.0,0.15226944,0.0,0.0
hardzero_only__c0p58__z1p00__lam0p000__nu0p50__psi0p00,0.082,borrow,54,63,0.0,2,-0.15795447,-0.15236808,-0.15236808,0.97203034,0.10665216,0.10665216,1.0,0.008745478,0.082,0.0,0.0031590892,0.15795447,0.15236808,-26.47349,2.1385095,0.7128365,0.208,0.008,0.16750386,0.0,0.0
hardzero_only__c0p58__z1p00__lam0p000__nu0p50__psi0p00,0.082,borrow,54,64,0.0,2,-0.15236808,-0.15541545,-0.15541545,1.0553776,0.0,0.08802831,0.0,0.0,0.082,0.0,0.0030473615,0.15236808,0.15541545,-27.582022,2.321877,0.77395904,0.104,0.0,0.16256694,0.0,0.0
hardzero_only__c0p58__z1p00__lam0p000__nu0p50__psi0p00,0.082,borrow,54,65,0.0,2,-0.15541545,-0.15852375,-0.15852375,1.0279593,0.0,0.093764976,0.0,0.0,0.082,0.0,0.0031083089,0.15541545,0.15852375,-28.099745,2.2615557,0.7538519,0.14,0.0,0.18088028,0.0,0.0
hardzero_only__c0p58__z1p00__lam0p000__nu0p50__psi0p00,0.082,borrow,54,66,0.0,2,-0.15852375,-0.16169423,-0.16169423,1.0024602,0.0,0.09943512,0.0,0.0,0.082,0.0,0.003170475,0.15852375,0.16169423,-26.9592,2.2054565,0.7351522,0.18400002,0.0,0.15148613,0.0,0.0
hardzero_only__c0p58__z1p00__lam0p000__nu0p50__psi0p00,0.082,borrow,54,67,0.0,2,-0.16169423,-0.16492811,-0.16492811,1.0228994,0.0,0.094863825,0.0,0.0,0.082,0.0,0.0032338845,0.16169423,0.16492811,-27.59557,2.2504237,0.75014126,0.08800001,0.0,0.14969063,0.0,0.0
hardzero_only__c0p58__z1p00__lam0p000__nu0p50__psi0p00,0.082,borrow,54,68,0.0,2,-0.16492811,-0.16822667,-0.16822667,1.0215508,0.0,0.09515885,0.0,0.0,0.082,0.0,0.003298562,0.16492811,0.16822667,-27.891802,2.2474566,0.7491522,0.14400001,0.0,0.13155895,0.0,0.0
hardzero_only__c0p58__z1p00__lam0p000__nu0p50__psi0p00,0.082,borrow,54,69,0.0,2,-0.16822667,-0.16281836,-0.16281836,0.97067344,0.10698589,0.10698589,1.0,0.0087728435,0.082,0.0,0.0033645334,0.16822667,0.16281836,-26.50285,2.1355243,0.71184146,0.128,0.0,0.15199485,0.0,0.0
hardzero_only__c0p58__z1p00__lam0p000__nu0p50__psi0p00,0.082,borrow,54,70,0.0,2,-0.16281836,-0.16607472,-0.16607472,1.0583991,0.0,0.08741801,0.0,0.0,0.082,0.0,0.003256367,0.16281836,0.16607472,-28.25668,2.3285244,0.7761748,0.14400001,0.0,0.1756769,0.0,0.0
hardzero_only__c0p58__z1p00__lam0p000__nu0p50__psi0p00,0.082,borrow,54,71,0.0,2,-0.16607472,-0.16113026,-0.16113026,0.9965206,0.100804366,0.100804366,1.0,0.008265958,0.082,0.0,0.0033214944,0.16607472,0.16113026,-26.817472,2.192389,0.73079634,0.14400001,0.0,0.15154526,0.0,0.0
hardzero_only__c0p58__z1p00__lam0p000__nu0p50__psi0p00,0.082,borrow,54,72,0.0,2,-0.16113026,-0.16435286,-0.16435286,1.0431718,0.0,0.09053744,0.0,0.0,0.082,0.0,0.0032226052,0.16113026,0.16435286,-27.589825,2.2950237,0.7650079,0.112,0.0,0.13560538,0.0,0.0
hardzero_only__c0p58__z1p00__lam0p000__nu0p50__psi0p00,0.082,borrow,54,73,0.0,2,-0.16435286,-0.16763993,-0.16763993,1.0330813,0.0,0.09266562,0.0,0.0,0.082,0.0,0.0032870572,0.16435286,0.16763993,-27.431211,2.2728243,0.7576081,0.17600001,0.0,0.1503185,0.0,0.0
hardzero_only__c0p58__z1p00__lam0p000__nu0p50__psi0p00,0.082,borrow,54,74,0.0,2,-0.16763993,-0.17099273,-0.17099273,1.0357171,0.0,0.09210493,0.0,0.0,0.082,0.0,0.0033527985,0.16763993,0.17099273,-28.220078,2.278623,0.75954103,0.128,0.0,0.13576041,0.0,0.0
hardzero_only__c0p58__z1p00__lam0p000__nu0p50__psi0p00,0.082,borrow,54,75,0.0,2,-0.17099273,-0.1744126,-0.1744126,1.0176373,0.0,0.09602023,0.0,0.0,0.082,0.0,0.0034198547,0.17099273,0.1744126,-26.875916,2.2388468,0.7462823,0.14400001,0.0,0.15301831,0.0,0.0
hardzero_only__c0p58__z1p00__lam0p000__nu0p50__psi0p00,0.082,borrow,54,76,0.0,2,-0.1744126,-0.16962118,-0.16962118,0.9958007,0.100971624,0.100971624,1.0,0.008279674,0.082,0.0,0.0034882517,0.1744126,0.16962118,-26.51392,2.1908052,0.7302684,0.18400002,0.0,0.13485277,0.0,0.0
hardzero_only__c0p58__z1p00__lam0p000__nu0p50__psi0p00,0.082,borrow,54,77,0.0,2,-0.16962118,-0.16454925,-0.16454925,0.9862191,0.10322404,0.10322404,1.0,0.008464372,0.082,0.0,0.0033924235,0.16962118,0.16454925,-27.219315,2.1697254,0.7232418,0.16800001,0.0,0.13104567,0.0,0.0
hardzero_only__c0p58__z1p00__lam0p000__nu0p50__psi0p00,0.082,borrow,54,78,0.0,2,-0.16454925,-0.15958878,-0.15958878,0.99728405,0.100627325,0.100627325,1.0,0.008251441,0.082,0.0,0.0032909848,0.16454925,0.15958878,-27.375326,2.1940687,0.73135626,0.21,0.0,0.14606151,0.0,0.0
hardzero_only__c0p58__z1p00__lam0p000__nu0p50__psi0p00,0.082,borrow,54,79,0.0,2,-0.15958878,-0.16278055,-0.16278055,1.0154401,0.0,0.09650723,0.0,0.0,0.082,0.0,0.0031917756,0.15958878,0.16278055,-27.617273,2.2340128,0.744671,0.192,0.0,0.14265595,0.0,0.0
hardzero_only__c0p58__z1p00__lam0p000__nu0p50__psi0p00,0.082,borrow,54,80,0.0,2,-0.16278055,-0.16603616,-0.16603616,1.0359867,0.0,0.09204778,0.0,0.0,0.082,0.0,0.003255611,0.16278055,0.16603616,-27.271837,2.2792163,0.7597388,0.192,0.0,0.14897414,0.0,0.0
hardzero_only__c0p58__z1p00__lam0p000__nu0p50__psi0p00,0.082,borrow,54,81,0.0,2,-0.16603616,-0.16935688,-0.16935688,1.0043448,0.0,0.09900456,0.0,0.0,0.082,0.0,0.003320723,0.16603616,0.16935688,-27.171347,2.2096028,0.7365343,0.14400001,0.0,0.13233677,0.0,0.0
hardzero_only__c0p58__z1p00__lam0p000__nu0p50__psi0p00,0.082,borrow,54,82,0.0,2,-0.16935688,-0.17274402,-0.17274402,1.0287555,0.0,0.09359322,0.0,0.0,0.082,0.0,0.0033871375,0.16935688,0.17274402,-26.879347,2.2633073,0.7544358,0.14400001,0.0,0.13584031,0.0,0.0
hardzero_only__c0p58__z1p00__lam0p000__nu0p50__psi0p00,0.082,borrow,54,83,0.0,2,-0.17274402,-0.1761989,-0.1761989,1.0200566,0.0,0.0954868,0.0,0.0,0.082,0.0,0.0034548803,0.17274402,0.1761989,-27.7755,2.2441692,0.7480564,0.18400002,0.0,0.18451402,0.0,0.0
hardzero_only__c0p58__z1p00__lam0p000__nu0p50__psi0p00,0.082,borrow,54,84,0.0,2,-0.1761989,-0.17135544,-0.17135544,0.9912218,0.102041826,0.102041826,1.0,0.0083674295,0.082,0.0,0.003523978,0.1761989,0.17135544,-26.61404,2.1807315,0.72691053,0.2,0.0,0.14061932,0.0,0.0
hardzero_only__c0p58__z1p00__lam0p000__nu0p50__psi0p00,0.082,borrow,54,85,0.0,2,-0.17135544,-0.17478254,-0.17478254,1.0530124,0.0,0.08850903,0.0,0.0,0.082,0.0,0.0034271087,0.17135544,0.17478254,-28.113697,2.3166735,0.77222455,0.16800001,0.0,0.1504045,0.0,0.0
hardzero_only__c0p58__z1p00__lam0p000__nu0p50__psi0p00,0.082,borrow,54,86,0.0,2,-0.17478254,-0.1782782,-0.1782782,1.0620714,0.0,0.086681925,0.0,0.0,0.082,0.0,0.0034956508,0.17478254,0.1782782,-28.116629,2.3366039,0.77886796,0.2,0.0,0.17734736,0.0,0.0
hardzero_only__c0p58__z1p00__lam0p000__nu0p50__psi0p00,0.082,borrow,54,87,0.0,2,-0.1782782,-0.18184376,-0.18184376,1.0436201,0.0,0.09044402,0.0,0.0,0.082,0.0,0.0035655638,0.1782782,0.18184376,-27.451654,2.29601,0.7653367,0.15200001,0.0,0.14549574,0.0,0.0
hardzero_only__c0p58__z1p00__lam0p000__nu0p50__psi0p00,0.082,borrow,54,88,0.0,2,-0.18184376,-0.18548064,-0.18548064,1.052892,0.0,0.08853357,0.0,0.0,0.082,0.0,0.003636875,0.18184376,0.18548064,-28.094238,2.3164086,0.7721362,0.16800001,0.0,0.16619843,0.0,0.0
hardzero_only__c0p58__z1p00__lam0p000__nu0p50__psi0p00,0.082,borrow,54,89,0.0,2,-0.18548064,-0.18058692,-0.18058692,0.97914726,0.104918644,0.104918644,1.0,0.008603329,0.082,0.0,0.0037096126,0.18548064,0.18058692,-27.311735,2.154167,0.71805567,0.16000001,0.0,0.14264064,0.0,0.0
hardzero_only__c0p58__z1p00__lam0p000__nu0p50__psi0p00,0.082,borrow,54,90,0.0,2,-0.18058692,-0.18419866,-0.18419866,1.0171406,0.0,0.09613009,0.0,0.0,0.082,0.0,0.0036117383,0.18058692,0.18419866,-27.539125,2.237754,0.74591804,0.192,0.0,0.14678808,0.0,0.0
hardzero_only__c0p58__z1p00__lam0p000__nu0p50__psi0p00,0.082,borrow,54,91,0.0,2,-0.18419866,-0.17949422,-0.17949422,0.99013424,0.10229766,0.10229766,1.0,0.008388408,0.082,0.0,0.003683973,0.18419866,0.17949422,-25.979078,2.1783388,0.72611296,0.21,0.0,0.13874301,0.0,0.0
hardzero_only__c0p58__z1p00__lam0p000__nu0p50__psi0p00,0.082,borrow,54,92,0.0,2,-0.17949422,-0.1830841,-0.1830841,1.062982,0.0,0.08650038,0.0,0.0,0.082,0.0,0.0035898841,0.17949422,0.1830841,-28.01582,2.338607,0.7795357,0.136,0.0,0.1590782,0.0,0.0
hardzero_only__c0p58__z1p00__lam0p000__nu0p50__psi0p00,0.082,borrow,54,93,0.0,2,-0.1830841,-0.18674578,-0.18674578,1.0123379,0.0,0.097199075,0.0,0.0,0.082,0.0,0.003661682,0.1830841,0.18674578,-27.28982,2.2271879,0.742396,0.120000005,0.0,0.13853727,0.0,0.0
hardzero_only__c0p58__z1p00__lam0p000__nu0p50__psi0p00,0.082,borrow,54,94,0.0,2,-0.18674578,-0.1904807,-0.1904807,1.0192367,0.0,0.09566725,0.0,0.0,0.082,0.0,0.0037349155,0.18674578,0.1904807,-27.461262,2.2423654,0.7474551,0.14400001,0.0,0.13628042,0.0,0.0
hardzero_only__c0p58__z1p00__lam0p000__nu0p50__psi0p00,0.082,borrow,54,95,0.0,2,-0.1904807,-0.18589087,-0.18589087,0.9895634,0.10243222,0.10243222,1.0,0.008399443,0.082,0.0,0.0038096139,0.1904807,0.18589087,-27.37208,2.177083,0.72569436,0.2,0.0,0.1505376,0.0,0.0
hardzero_only__c0p58__z1p00__lam0p000__nu0p50__psi0p00,0.082,borrow,54,96,0.0,2,-0.18589087,-0.1896087,-0.1896087,1.0359724,0.0,0.09205081,0.0,0.0,0.082,0.0,0.0037178174,0.18589087,0.1896087,-27.612103,2.2791846,0.7597282,0.2,0.0,0.14207742,0.0,0.0
hardzero_only__c0p58__z1p00__lam0p000__nu0p50__psi0p00,0.082,borrow,54,97,0.0,2,-0.1896087,-0.19340086,-0.19340086,1.0265064,0.0,0.0940792,0.0,0.0,0.082,0.0,0.0037921737,0.1896087,0.19340086,-26.922066,2.2583592,0.7527864,0.18400002,0.0,0.15498523,0.0,0.0
hardzero_only__c0p58__z1p00__lam0p000__nu0p50__psi0p00,0.082,borrow,54,98,0.0,2,-0.19340086,-0.19726887,-0.19726887,1.0166326,0.0,0.09624262,0.0,0.0,0.082,0.0,0.003868017,0.19340086,0.19726887,-28.067554,2.2366362,0.7455454,0.136,0.0,0.1490955,0.0,0.0
hardzero_only__c0p58__z1p00__lam0p000__nu0p50__psi0p00,0.082,borrow,54,99,0.0,2,-0.19726887,-0.20121425,-0.20121425,1.0194949,0.0,0.09561038,0.0,0.0,0.082,0.0,0.003945377,0.19726887,0.20121425,-26.4716,2.2429335,0.74764454,0.112,0.0,0.15032971,0.0,0.0
hardzero_only__c0p58__z1p00__lam0p000__nu0p50__psi0p00,0.082,borrow,54,100,0.0,2,-0.20121425,-0.19685195,-0.19685195,0.990229,0.10227536,0.10227536,1.0,0.008386579,0.082,0.0,0.004024285,0.20121425,0.19685195,-26.451746,2.1785474,0.72618246,0.128,0.0,0.13176979,0.0,0.0
hardzero_only__c0p58__z1p00__lam0p000__nu0p50__psi0p00,0.082,borrow,54,101,0.0,2,-0.19685195,-0.20078899,-0.20078899,1.0028042,0.0,0.0993564,0.0,0.0,0.082,0.0,0.003937039,0.19685195,0.20078899,-27.029451,2.2062132,0.73540443,0.136,0.0,0.14441009,0.0,0.0
hardzero_only__c0p58__z1p00__lam0p000__nu0p50__psi0p00,0.082,borrow,54,102,0.0,2,-0.20078899,-0.20480476,-0.20480476,1.0267545,0.0,0.09402546,0.0,0.0,0.082,0.0,0.0040157796,0.20078899,0.20480476,-27.397728,2.258905,0.7529683,0.18400002,0.0,0.1338728,0.0,0.0
hardzero_only__c0p58__z1p00__lam0p000__nu0p50__psi0p00,0.082,borrow,54,103,0.0,2,-0.20480476,-0.20890085,-0.20890085,1.0476551,0.0,0.089607604,0.0,0.0,0.082,0.0,0.004096095,0.20480476,0.20890085,-28.116558,2.3048873,0.76829576,0.16000001,0.0,0.15652347,0.0,0.0
hardzero_only__c0p58__z1p00__lam0p000__nu0p50__psi0p00,0.082,borrow,54,104,0.0,2,-0.20890085,-0.21307887,-0.21307887,1.0420746,0.0,0.090766475,0.0,0.0,0.082,0.0,0.004178017,0.20890085,0.21307887,-27.309055,2.29261,0.7642033,0.19,0.0,0.16039403,0.0,0.0
hardzero_only__c0p58__z1p00__lam0p000__nu0p50__psi0p00,0.082,borrow,54,105,0.0,2,-0.21307887,-0.21734045,-0.21734045,1.0538995,0.0,0.08832841,0.0,0.0,0.082,0.0,0.0042615775,0.21307887,0.21734045,-27.720713,2.3186252,0.7728751,0.128,0.0,0.18397173,0.0,0.0
hardzero_only__c0p58__z1p00__lam0p000__nu0p50__psi0p00,0.082,borrow,54,106,0.0,2,-0.21734045,-0.22168726,-0.22168726,1.0008782,0.0,0.09979798,0.0,0.0,0.082,0.0,0.004346809,0.21734045,0.22168726,-26.782938,2.201976,0.73399204,0.192,0.0,0.15285642,0.0,0.0
hardzero_only__c0p58__z1p00__lam0p000__nu0p50__psi0p00,0.082,borrow,54,107,0.0,2,-0.22168726,-0.22612101,-0.22612101,1.0811542,0.0,0.0829556,0.0,0.0,0.082,0.0,0.004433745,0.22168726,0.22612101,-27.884872,2.3785868,0.7928623,0.136,0.0,0.15494134,0.0,0.0
hardzero_only__c0p58__z1p00__lam0p000__nu0p50__psi0p00,0.082,borrow,54,108,0.0,2,-0.22612101,-0.23064342,-0.23064342,1.0462191,0.0,0.08990439,0.0,0.0,0.082,0.0,0.00452242,0.22612101,0.23064342,-27.69484,2.301728,0.76724267,0.112,0.0,0.14505413,0.0,0.0
hardzero_only__c0p58__z1p00__lam0p000__nu0p50__psi0p00,0.082,borrow,54,109,0.0,2,-0.23064342,-0.23525628,-0.23525628,1.0235486,0.0,0.09472212,0.0,0.0,0.082,0.0,0.004612868,0.23064342,0.23525628,-27.541018,2.2518518,0.75061727,0.16800001,0.0,0.15130214,0.0,0.0
hardzero_only__c0p58__z1p00__lam0p000__nu0p50__psi0p00,0.082,borrow,54,110,0.0,2,-0.23525628,-0.23996142,-0.23996142,1.0196998,0.0,0.09556528,0.0,0.0,0.082,0.0,0.0047051255,0.23525628,0.23996142,-26.748772,2.2433844,0.7477948,0.17600001,0.0,0.16770269,0.0,0.0
hardzero_only__c0p58__z1p00__lam0p000__nu0p50__psi0p00,0.082,borrow,54,111,0.0,2,-0.23996142,-0.24476065,-0.24476065,1.0026494,0.0,0.09939181,0.0,0.0,0.082,0.0,0.004799228,0.23996142,0.24476065,-27.783258,2.2058728,0.73529094,0.136,0.0,0.15374532,0.0,0.0
hardzero_only__c0p58__z1p00__lam0p000__nu0p50__psi0p00,0.082,borrow,54,112,0.0,2,-0.24476065,-0.24965586,-0.24965586,1.0576543,0.0,0.08756805,0.0,0.0,0.082,0.0,0.004895213,0.24476065,0.24965586,-27.18342,2.326886,0.7756287,0.120000005,0.0,0.16125365,0.0,0.0
hardzero_only__c0p58__z1p00__lam0p000__nu0p50__psi0p00,0.082,borrow,54,113,0.0,2,-0.24965586,-0.25464898,-0.25464898,1.0587908,0.0,0.0873392,0.0,0.0,0.082,0.0,0.004993117,0.24965586,0.25464898,-28.574223,2.3293862,0.7764621,0.120000005,0.0,0.1543208,0.0,0.0
hardzero_only__c0p58__z1p00__lam0p000__nu0p50__psi0p00,0.082,borrow,54,114,0.0,2,-0.25464898,-0.25128025,-0.25128025,0.9863545,0.10319188,0.10319188,1.0,0.008461734,0.082,0.0,0.0050929794,0.25464898,0.25128025,-27.28978,2.1700232,0.7233411,0.18400002,0.008,0.13845907,0.0,0.0
hardzero_only__c0p58__z1p00__lam0p000__nu0p50__psi0p00,0.082,borrow,54,115,0.0,2,-0.25128025,-0.25630584,-0.25630584,1.0323479,0.0,0.092822246,0.0,0.0,0.082,0.0,0.0050256047,0.25128025,0.25630584,-27.887836,2.2712107,0.75707024,0.17600001,0.0,0.1196526,0.0,0.0
hardzero_only__c0p58__z1p00__lam0p000__nu0p50__psi0p00,0.082,borrow,54,116,0.0,2,-0.25630584,-0.26143196,-0.26143196,1.0777586,0.0,0.083606765,0.0,0.0,0.082,0.0,0.005126117,0.25630584,0.26143196,-27.64453,2.3711162,0.7903721,0.08800001,0.0,0.15016173,0.0,0.0
hardzero_only__c0p58__z1p00__lam0p000__nu0p50__psi0p00,0.082,borrow,54,117,0.0,2,-0.26143196,-0.25828958,-0.25828958,0.9910353,0.10208565,0.10208565,1.0,0.008371023,0.082,0.0,0.005228639,0.26143196,0.25828958,-27.169613,2.1803212,0.72677374,0.14999999,0.0,0.15445179,0.0,0.0
hardzero_only__c0p58__z1p00__lam0p000__nu0p50__psi0p00,0.082,borrow,54,118,0.0,2,-0.25828958,-0.26345536,-0.26345536,1.0274222,0.0,0.093881026,0.0,0.0,0.082,0.0,0.0051657916,0.25828958,0.26345536,-26.916101,2.2603738,0.75345796,0.15200001,0.0,0.15241274,0.0,0.0
hardzero_only__c0p58__z1p00__lam0p000__nu0p50__psi0p00,0.082,borrow,54,119,0.0,2,-0.26345536,-0.26872447,-0.26872447,1.0485517,0.0,0.0894228,0.0,0.0,0.082,0.0,0.005269107,0.26345536,0.26872447,-27.77297,2.3068597,0.76895326,0.120000005,0.0,0.19386743,0.0,0.0
hardzero_only__c0p58__z1p00__lam0p000__nu0p50__psi0p00,0.082,borrow,54,120,0.0,2,-0.26872447,-0.27409896,-0.27409896,1.047246,0.0,0.08969208,0.0,0.0,0.082,0.0,0.0053744894,0.26872447,0.27409896,-27.299524,2.3039873,0.7679958,0.128,0.0,0.14500134,0.0,0.0
hardzero_only__c0p58__z1p00__lam0p000__nu0p50__psi0p00,0.082,borrow,54,121,0.0,2,-0.27409896,-0.27958095,-0.27958095,1.0220753,0.0,0.09504398,0.0,0.0,0.082,0.0,0.0054819793,0.27409896,0.27958095,-26.586292,2.2486105,0.7495369,0.16000001,0.0,0.13632299,0.0,0.0
hardzero_only__c0p58__z1p00__lam0p000__nu0p50__psi0p00,0.082,borrow,54,122,0.0,2,-0.27958095,-0.28517258,-0.28517258,1.0205299,0.0,0.09538282,0.0,0.0,0.082,0.0,0.005591619,0.27958095,0.28517258,-26.740572,2.2452106,0.74840355,0.128,0.0,0.14413384,0.0,0.0
hardzero_only__c0p58__z1p00__lam0p000__nu0p50__psi0p00,0.082,borrow,54,123,0.0,2,-0.28517258,-0.28245354,-0.28245354,0.98837376,0.10271319,0.10271319,1.0,0.008422482,0.082,0.0,0.0057034516,0.28517258,0.28245354,-26.158459,2.1744657,0.7248219,0.17600001,0.0,0.13517015,0.0,0.0
hardzero_only__c0p58__z1p00__lam0p000__nu0p50__psi0p00,0.082,borrow,54,124,0.0,2,-0.28245354,-0.2881026,-0.2881026,1.0358173,0.0,0.09208369,0.0,0.0,0.082,0.0,0.0056490707,0.28245354,0.2881026,-27.534637,2.2788434,0.75961447,0.14400001,0.0,0.13924977,0.0,0.0
hardzero_only__c0p58__z1p00__lam0p000__nu0p50__psi0p00,0.082,borrow,54,125,0.0,2,-0.2881026,-0.28554365,-0.28554365,0.99363965,0.101475306,0.101475306,1.0,0.008320975,0.082,0.0,0.005762052,0.2881026,0.28554365,-26.550085,2.186051,0.72868365,0.14400001,0.0,0.13717565,0.0,0.0
hardzero_only__c0p58__z1p00__lam0p000__nu0p50__psi0p00,0.082,borrow,54,126,0.0,2,-0.28554365,-0.28304946,-0.28304946,0.9997323,0.10006165,0.10006165,1.0,0.008205055,0.082,0.0,0.005710873,0.28554365,0.28304946,-26.52585,2.199455,0.7331517,0.16000001,0.0,0.12700683,0.0,0.0
hardzero_only__c0p58__z1p00__lam0p000__nu0p50__psi0p00,0.082,borrow,54,127,0.0,2,-0.28304946,-0.28017125,-0.28017125,0.9823962,0.10413669,0.10413669,1.0,0.008539209,0.082,0.0,0.0056609893,0.28304946,0.28017125,-26.070421,2.1613147,0.72043824,0.16000001,0.0,0.13575986,0.0,0.0
hardzero_only__c0p58__z1p00__lam0p000__nu0p50__psi0p00,0.082,borrow,54,128,0.0,2,-0.28017125,-0.2769131,-0.2769131,0.96630365,0.10806782,0.10806782,1.0,0.008861561,0.082,0.0,0.0056034247,0.28017125,0.2769131,-26.243021,2.1259105,0.7086369,0.192,0.0,0.12609264,0.0,0.0
hardzero_only__c0p58__z1p00__lam0p000__nu0p50__psi0p00,0.082,borrow,54,129,0.0,2,-0.2769131,-0.27387813,-0.27387813,0.98066884,0.1045517,0.1045517,1.0,0.00857324,0.082,0.0,0.005538262,0.2769131,0.27387813,-26.300747,2.1575146,0.7191715,0.16000001,0.0,0.1310305,0.0,0.0
hardzero_only__c0p58__z1p00__lam0p000__nu0p50__psi0p00,0.082,borrow,54,130,0.0,2,-0.27387813,-0.27043116,-0.27043116,0.9632282,0.10883579,0.10883579,1.0,0.008924535,0.082,0.0,0.0054775625,0.27387813,0.27043116,-26.058302,2.1191444,0.7063815,0.17999999,0.0,0.15427849,0.0,0.0
hardzero_only__c0p58__z1p00__lam0p000__nu0p50__psi0p00,0.082,borrow,54,131,0.0,2,-0.27043116,-0.27583978,-0.27583978,1.0136673,0.0,0.096901976,0.0,0.0,0.082,0.0,0.0054086233,0.27043116,0.27583978,-28.452139,2.2301128,0.74337095,0.16000001,0.0,0.14522433,0.0,0.0
hardzero_only__c0p58__z1p00__lam0p000__nu0p50__psi0p00,0.082,borrow,54,132,0.0,2,-0.27583978,-0.28135657,-0.28135657,1.038554,0.0,0.09150526,0.0,0.0,0.082,0.0,0.0055167954,0.27583978,0.28135657,-26.957516,2.2848644,0.7616215,0.16000001,0.0,0.15964821,0.0,0.0
hardzero_only__c0p58__z1p00__lam0p000__nu0p50__psi0p00,0.082,borrow,54,133,0.0,2,-0.28135657,-0.2869837,-0.2869837,1.077741,0.0,0.08361013,0.0,0.0,0.082,0.0,0.0056271316,0.28135657,0.2869837,-28.016216,2.3710775,0.7903592,0.17600001,0.0,0.1606108,0.0,0.0
hardzero_only__c0p58__z1p00__lam0p000__nu0p50__psi0p00,0.082,borrow,54,134,0.0,2,-0.2869837,-0.29272336,-0.29272336,1.0196912,0.0,0.09556717,0.0,0.0,0.082,0.0,0.005739674,0.2869837,0.29272336,-26.69242,2.2433655,0.74778855,0.14400001,0.0,0.15465909,0.0,0.0
hardzero_only__c0p58__z1p00__lam0p000__nu0p50__psi0p00,0.082,borrow,54,135,0.0,2,-0.29272336,-0.29857782,-0.29857782,1.0222543,0.0,0.09500481,0.0,0.0,0.082,0.0,0.005854467,0.29272336,0.29857782,-27.320143,2.2490044,0.7496681,0.16000001,0.0,0.13277963,0.0,0.0
hardzero_only__c0p58__z1p00__lam0p000__nu0p50__psi0p00,0.082,borrow,54,136,0.0,2,-0.29857782,-0.29613498,-0.29613498,0.98879194,0.10261435,0.10261435,1.0,0.0084143765,0.082,0.0,0.005971556,0.29857782,0.29613498,-26.8556,2.1753857,0.7251286,0.208,0.0,0.15834896,0.0,0.0
hardzero_only__c0p58__z1p00__lam0p000__nu0p50__psi0p00,0.082,borrow,54,137,0.0,2,-0.29613498,-0.30205768,-0.30205768,1.026066,0.0,0.09417465,0.0,0.0,0.082,0.0,0.0059226993,0.29613498,0.30205768,-27.344955,2.2573903,0.75246346,0.18400002,0.0,0.14271243,0.0,0.0
hardzero_only__c0p58__z1p00__lam0p000__nu0p50__psi0p00,0.082,borrow,54,138,0.0,2,-0.30205768,-0.30809882,-0.30809882,1.009511,0.0,0.097833805,0.0,0.0,0.082,0.0,0.0060411533,0.30205768,0.30809882,-27.143044,2.2209685,0.7403228,0.18400002,0.0,0.16306686,0.0,0.0
hardzero_only__c0p58__z1p00__lam0p000__nu0p50__psi0p00,0.082,borrow,54,139,0.0,2,-0.30809882,-0.3142608,-0.3142608,1.013923,0.0,0.09684495,0.0,0.0,0.082,0.0,0.006161976,0.30809882,0.3142608,-26.821947,2.2306752,0.7435584,0.14400001,0.0,0.15234505,0.0,0.0
hardzero_only__c0p58__z1p00__lam0p000__nu0p50__psi0p00,0.082,borrow,54,140,0.0,2,-0.3142608,-0.32054603,-0.32054603,1.0020671,0.0,0.099525176,0.0,0.0,0.082,0.0,0.006285216,0.3142608,0.32054603,-26.79091,2.2045915,0.7348639,0.224,0.0,0.13859108,0.0,0.0
hardzero_only__c0p58__z1p00__lam0p000__nu0p50__psi0p00,0.082,borrow,54,141,0.0,2,-0.32054603,-0.31756347,-0.31756347,0.9409876,0.11455457,0.11455457,1.0,0.009393475,0.082,0.0,0.0064109205,0.32054603,0.31756347,-25.828596,2.070214,0.69007134,0.24000001,0.0,0.13261777,0.0,0.0
hardzero_only__c0p58__z1p00__lam0p000__nu0p50__psi0p00,0.082,borrow,54,142,0.0,2,-0.31756347,-0.3151525,-0.3151525,0.97119796,0.10685677,0.10685677,1.0,0.008762255,0.082,0.0,0.0063512693,0.31756347,0.3151525,-25.8272,2.1366782,0.7122261,0.16800001,0.0,0.13381669,0.0,0.0
hardzero_only__c0p58__z1p00__lam0p000__nu0p50__psi0p00,0.082,borrow,54,143,0.0,2,-0.3151525,-0.32145554,-0.32145554,1.0361811,0.0,0.09200658,0.0,0.0,0.082,0.0,0.0063030496,0.3151525,0.32145554,-27.784414,2.279644,0.7598814,0.089999996,0.0,0.14791359,0.0,0.0
hardzero_only__c0p58__z1p00__lam0p000__nu0p50__psi0p00,0.082,borrow,54,144,0.0,2,-0.32145554,-0.32788464,-0.32788464,1.1118537,0.0,0.07729409,0.0,0.0,0.082,0.0,0.0064291107,0.32145554,0.32788464,-28.893143,2.446127,0.8153757,0.104,0.0,0.18416128,0.0,0.0
hardzero_only__c0p58__z1p00__lam0p000__nu0p50__psi0p00,0.082,borrow,54,145,0.0,2,-0.32788464,-0.33444235,-0.33444235,1.0157791,0.0,0.09643192,0.0,0.0,0.082,0.0,0.006557693,0.32788464,0.33444235,-27.361017,2.2347589,0.74491966,0.15200001,0.0,0.16002622,0.0,0.0
hardzero_only__c0p58__z1p00__lam0p000__nu0p50__psi0p00,0.082,borrow,54,146,0.0,2,-0.33444235,-0.34113118,-0.34113118,1.0276735,0.0,0.093826726,0.0,0.0,0.082,0.0,0.0066888467,0.33444235,0.34113118,-27.457605,2.2609267,0.75364226,0.18400002,0.0,0.1360017,0.0,0.0
hardzero_only__c0p58__z1p00__lam0p000__nu0p50__psi0p00,0.082,borrow,54,147,0.0,2,-0.34113118,-0.3479538,-0.3479538,1.0556014,0.0,0.08798296,0.0,0.0,0.082,0.0,0.0068226233,0.34113118,0.3479538,-27.526606,2.3223693,0.77412313,0.136,0.0,0.13291802,0.0,0.0
hardzero_only__c0p58__z1p00__lam0p000__nu0p50__psi0p00,0.082,borrow,54,148,0.0,2,-0.3479538,-0.35491288,-0.35491288,1.007543,0.0,0.098278165,0.0,0.0,0.082,0.0,0.0069590756,0.3479538,0.35491288,-27.038097,2.2166388,0.7388796,0.104,0.0,0.12735023,0.0,0.0
hardzero_only__c0p58__z1p00__lam0p000__nu0p50__psi0p00,0.082,borrow,54,149,0.0,2,-0.35491288,-0.35291553,-0.35291553,0.9549814,0.110922225,0.110922225,1.0,0.009095622,0.082,0.0,0.0070982575,0.35491288,0.35291553,-25.318398,2.101001,0.7003337,0.16000001,0.0,0.128611,0.0,0.0
hardzero_only__c0p58__z1p00__lam0p000__nu0p50__psi0p00,0.082,borrow,54,150,0.0,2,-0.35291553,-0.3512894,-0.3512894,0.97507143,0.10590796,0.10590796,1.0,0.008684454,0.082,0.0,0.0070583103,0.35291553,0.3512894,-26.6381,2.1452,0.7150667,0.17600001,0.0,0.14568213,0.0,0.0
hardzero_only__c0p58__z1p00__lam0p000__nu0p50__psi0p00,0.082,borrow,54,151,0.0,2,-0.3512894,-0.35831517,-0.35831517,1.016298,0.0,0.09631678,0.0,0.0,0.082,0.0,0.0070257876,0.3512894,0.35831517,-27.469673,2.2359004,0.7453002,0.136,0.0,0.12167662,0.0,0.0
hardzero_only__c0p58__z1p00__lam0p000__nu0p50__psi0p00,0.082,borrow,54,152,0.0,2,-0.35831517,-0.36548147,-0.36548147,1.0764095,0.0,0.08386689,0.0,0.0,0.082,0.0,0.007166303,0.35831517,0.36548147,-27.712349,2.368148,0.7893827,0.08800001,0.0,0.14820157,0.0,0.0
hardzero_only__c0p58__z1p00__lam0p000__nu0p50__psi0p00,0.082,borrow,54,153,0.0,2,-0.36548147,-0.3643375,-0.3643375,0.9867733,0.1030924,0.1030924,1.0,0.008453577,0.082,0.0,0.007309629,0.36548147,0.3643375,-26.599905,2.1709447,0.72364825,0.120000005,0.0,0.11942551,0.0,0.0
hardzero_only__c0p58__z1p00__lam0p000__nu0p50__psi0p00,0.082,borrow,54,154,0.0,2,-0.3643375,-0.37162426,-0.37162426,1.0167288,0.0,0.0962213,0.0,0.0,0.082,0.0,0.00728675,0.3643375,0.37162426,-28.203724,2.2368479,0.74561596,0.16000001,0.008,0.13529198,0.0,0.0
hardzero_only__c0p58__z1p00__lam0p000__nu0p50__psi0p00,0.082,borrow,54,155,0.0,2,-0.37162426,-0.37013063,-0.37013063,0.9631515,0.10885502,0.10885502,1.0,0.008926111,0.082,0.0,0.007432485,0.37162426,0.37013063,-26.389816,2.1189756,0.70632523,0.16800001,0.0,0.13079834,0.0,0.0
hardzero_only__c0p58__z1p00__lam0p000__nu0p50__psi0p00,0.082,borrow,54,156,0.0,2,-0.37013063,-0.37753323,-0.37753323,1.065764,0.0,0.08594806,0.0,0.0,0.082,0.0,0.0074026124,0.37013063,0.37753323,-27.980568,2.3447275,0.78157586,0.14999999,0.0,0.12810676,0.0,0.0
hardzero_only__c0p58__z1p00__lam0p000__nu0p50__psi0p00,0.082,borrow,54,157,0.0,2,-0.37753323,-0.37674975,-0.37674975,0.99295324,0.10163581,0.10163581,1.0,0.008334137,0.082,0.0,0.0075506642,0.37753323,0.37674975,-26.671711,2.1845407,0.7281803,0.15200001,0.0,0.1419299,0.0,0.0
hardzero_only__c0p58__z1p00__lam0p000__nu0p50__psi0p00,0.082,borrow,54,158,0.0,2,-0.37674975,-0.38428473,-0.38428473,1.0864075,0.0,0.081958205,0.0,0.0,0.082,0.0,0.0075349947,0.37674975,0.38428473,-28.483803,2.3901443,0.7967148,0.096,0.0,0.1731797,0.0,0.0
hardzero_only__c0p58__z1p00__lam0p000__nu0p50__psi0p00,0.082,borrow,54,159,0.0,2,-0.38428473,-0.39197043,-0.39197043,1.056214,0.0,0.08785895,0.0,0.0,0.082,0.0,0.0076856944,0.38428473,0.39197043,-29.187164,2.323717,0.7745724,0.096,0.0,0.18219905,0.0,0.0
hardzero_only__c0p58__z1p00__lam0p000__nu0p50__psi0p00,0.082,borrow,54,160,0.0,2,-0.39197043,-0.39119554,-0.39119554,0.9785937,0.10505246,0.10505246,1.0,0.008614303,0.082,0.0,0.007839409,0.39197043,0.39119554,-26.500532,2.152949,0.7176497,0.17600001,0.0,0.15164407,0.0,0.0
hardzero_only__c0p58__z1p00__lam0p000__nu0p50__psi0p00,0.082,borrow,54,161,0.0,2,-0.39119554,-0.39901945,-0.39901945,1.0450286,0.0,0.09015119,0.0,0.0,0.082,0.0,0.007823911,0.39119554,0.39901945,-27.773638,2.2991087,0.7663696,0.192,0.0,0.16284172,0.0,0.0
hardzero_only__c0p58__z1p00__lam0p000__nu0p50__psi0p00,0.082,borrow,54,162,0.0,2,-0.39901945,-0.39848968,-0.39848968,0.98387736,0.10378213,0.10378213,1.0,0.008510135,0.082,0.0,0.007980389,0.39901945,0.39848968,-25.87508,2.1645734,0.7215245,0.120000005,0.0,0.1338544,0.0,0.0
hardzero_only__c0p58__z1p00__lam0p000__nu0p50__psi0p00,0.082,borrow,54,163,0.0,2,-0.39848968,-0.398046,-0.398046,0.98883814,0.10260341,0.10260341,1.0,0.00841348,0.082,0.0,0.007969794,0.39848968,0.398046,-26.796787,2.1754873,0.72516245,0.17600001,0.0,0.11032288,0.0,0.0
hardzero_only__c0p58__z1p00__lam0p000__nu0p50__psi0p00,0.082,borrow,54,164,0.0,2,-0.398046,-0.4060069,-0.4060069,1.0162166,0.0,0.09633483,0.0,0.0,0.082,0.0,0.007960919,0.398046,0.4060069,-26.696457,2.235721,0.7452404,0.17600001,0.0,0.15210938,0.0,0.0
hardzero_only__c0p58__z1p00__lam0p000__nu0p50__psi0p00,0.082,borrow,54,165,0.0,2,-0.4060069,-0.40514773,-0.40514773,0.96057004,0.109503984,0.109503984,1.0,0.008979327,0.082,0.0,0.008120138,0.4060069,0.40514773,-26.843002,2.1132963,0.70443213,0.224,0.0,0.14474677,0.0,0.0
hardzero_only__c0p58__z1p00__lam0p000__nu0p50__psi0p00,0.082,borrow,54,166,0.0,2,-0.40514773,-0.40477294,-0.40477294,0.98553413,0.10338699,0.10338699,1.0,0.0084777335,0.082,0.0,0.008102954,0.40514773,0.40477294,-26.54137,2.1682184,0.72273946,0.18400002,0.0,0.124110594,0.0,0.0
hardzero_only__c0p58__z1p00__lam0p000__nu0p50__psi0p00,0.082,borrow,54,167,0.0,2,-0.40477294,-0.41286838,-0.41286838,1.0181321,0.0,0.09591089,0.0,0.0,0.082,0.0,0.008095458,0.40477294,0.41286838,-27.340107,2.2399354,0.74664515,0.17600001,0.0,0.15169407,0.0,0.0
hardzero_only__c0p58__z1p00__lam0p000__nu0p50__psi0p00,0.082,borrow,54,168,0.0,2,-0.41286838,-0.412775,-0.412775,0.992089,0.101838276,0.101838276,1.0,0.008350739,0.082,0.0,0.008257368,0.41286838,0.412775,-26.333626,2.1826394,0.72754645,0.136,0.0,0.1489548,0.0,0.0
hardzero_only__c0p58__z1p00__lam0p000__nu0p50__psi0p00,0.082,borrow,54,169,0.0,2,-0.412775,-0.42103052,-0.42103052,1.0635867,0.0,0.08638002,0.0,0.0,0.082,0.0,0.0082555,0.412775,0.42103052,-27.556206,2.3399374,0.77997917,0.049999997,0.0,0.14406934,0.0,0.0
hardzero_only__c0p58__z1p00__lam0p000__nu0p50__psi0p00,0.082,borrow,54,170,0.0,2,-0.42103052,-0.42121887,-0.42121887,0.99829406,0.100393586,0.100393586,1.0,0.008232274,0.082,0.0,0.00842061,0.42103052,0.42121887,-26.505335,2.1962907,0.7320969,0.17600001,0.0,0.13737547,0.0,0.0
hardzero_only__c0p58__z1p00__lam0p000__nu0p50__psi0p00,0.082,borrow,54,171,0.0,2,-0.42121887,-0.42058384,-0.42058384,0.9567147,0.1104804,0.1104804,1.0,0.009059393,0.082,0.0,0.008424377,0.42121887,0.42058384,-26.332504,2.1048143,0.7016048,0.18400002,0.0,0.13771372,0.0,0.0
hardzero_only__c0p58__z1p00__lam0p000__nu0p50__psi0p00,0.082,borrow,54,172,0.0,2,-0.42058384,-0.4198981,-0.4198981,0.9548954,0.11094421,0.11094421,1.0,0.009097425,0.082,0.0,0.008411677,0.42058384,0.4198981,-25.940374,2.1008117,0.7002706,0.18400002,0.0,0.1648789,0.0,0.0
hardzero_only__c0p58__z1p00__lam0p000__nu0p50__psi0p00,0.082,borrow,54,173,0.0,2,-0.4198981,-0.42829606,-0.42829606,1.0558639,0.0,0.08792981,0.0,0.0,0.082,0.0,0.008397962,0.4198981,0.42829606,-27.664028,2.3229468,0.7743156,0.136,0.0,0.14897878,0.0,0.0
hardzero_only__c0p58__z1p00__lam0p000__nu0p50__psi0p00,0.082,borrow,54,174,0.0,2,-0.42829606,-0.436862,-0.436862,1.0020651,0.0,0.099525616,0.0,0.0,0.082,0.0,0.008565921,0.42829606,0.436862,-27.041859,2.2045872,0.73486245,0.17600001,0.0,0.14027402,0.0,0.0
hardzero_only__c0p58__z1p00__lam0p000__nu0p50__psi0p00,0.082,borrow,54,175,0.0,2,-0.436862,-0.44559923,-0.44559923,1.0368202,0.0,0.091871284,0.0,0.0,0.082,0.0,0.00873724,0.436862,0.44559923,-27.711508,2.28105,0.76035,0.16000001,0.0,0.15085714,0.0,0.0
hardzero_only__c0p58__z1p00__lam0p000__nu0p50__psi0p00,0.082,borrow,54,176,0.0,2,-0.44559923,-0.4459879,-0.4459879,0.98320514,0.10394289,0.10394289,1.0,0.008523317,0.082,0.0,0.008911984,0.44559923,0.4459879,-27.025568,2.1630945,0.72103155,0.208,0.008,0.14218184,0.0,0.0
hardzero_only__c0p58__z1p00__lam0p000__nu0p50__psi0p00,0.082,borrow,54,177,0.0,2,-0.4459879,-0.45490766,-0.45490766,1.0724887,0.0,0.08462746,0.0,0.0,0.082,0.0,0.008919758,0.4459879,0.45490766,-28.18662,2.359522,0.78650737,0.104,0.0,0.17402475,0.0,0.0
hardzero_only__c0p58__z1p00__lam0p000__nu0p50__psi0p00,0.082,borrow,54,178,0.0,2,-0.45490766,-0.4640058,-0.4640058,1.0094665,0.0,0.09784384,0.0,0.0,0.082,0.0,0.009098153,0.45490766,0.4640058,-26.881474,2.2208707,0.7402903,0.2,0.0,0.16690147,0.0,0.0
hardzero_only__c0p58__z1p00__lam0p000__nu0p50__psi0p00,0.082,borrow,54,179,0.0,2,-0.4640058,-0.46475428,-0.46475428,0.9827825,0.1040441,0.1040441,1.0,0.008531617,0.082,0.0,0.009280115,0.4640058,0.46475428,-25.88722,2.1621647,0.7207216,0.18400002,0.0,0.12170462,0.0,0.0
hardzero_only__c0p58__z1p00__lam0p000__nu0p50__psi0p00,0.082,borrow,54,180,0.0,2,-0.46475428,-0.47404936,-0.47404936,1.014933,0.0,0.09661999,0.0,0.0,0.082,0.0,0.009295085,0.46475428,0.47404936,-27.07511,2.2328973,0.7442991,0.096,0.0,0.15032595,0.0,0.0
hardzero_only__c0p58__z1p00__lam0p000__nu0p50__psi0p00,0.082,borrow,54,181,0.0,2,-0.47404936,-0.48353034,-0.48353034,1.0530012,0.0,0.08851131,0.0,0.0,0.082,0.0,0.009480987,0.47404936,0.48353034,-27.326439,2.3166487,0.77221626,0.14400001,0.0,0.14157113,0.0,0.0
hardzero_only__c0p58__z1p00__lam0p000__nu0p50__psi0p00,0.082,borrow,54,182,0.0,2,-0.48353034,-0.49320096,-0.49320096,1.0193907,0.0,0.09563334,0.0,0.0,0.082,0.0,0.009670607,0.48353034,0.49320096,-26.634516,2.2427044,0.74756813,0.14,0.0,0.16751322,0.0,0.0
hardzero_only__c0p58__z1p00__lam0p000__nu0p50__psi0p00,0.082,borrow,54,183,0.0,2,-0.49320096,-0.503065,-0.503065,1.0542612,0.0,0.088254884,0.0,0.0,0.082,0.0,0.009864019,0.49320096,0.503065,-27.694193,2.319421,0.7731404,0.136,0.0,0.13383889,0.0,0.0
hardzero_only__c0p58__z1p00__lam0p000__nu0p50__psi0p00,0.082,borrow,54,184,0.0,2,-0.503065,-0.50432986,-0.50432986,0.9695072,0.10727357,0.10727357,1.0,0.008796433,0.082,0.0,0.010061299,0.503065,0.50432986,-25.778444,2.1329584,0.71098614,0.16000001,0.0,0.14227794,0.0,0.0
hardzero_only__c0p58__z1p00__lam0p000__nu0p50__psi0p00,0.082,borrow,54,185,0.0,2,-0.50432986,-0.50548375,-0.50548375,0.9628304,0.108935535,0.108935535,1.0,0.008932714,0.082,0.0,0.010086597,0.50432986,0.50548375,-26.906475,2.1182692,0.70608974,0.2,0.0,0.17073296,0.0,0.0
hardzero_only__c0p58__z1p00__lam0p000__nu0p50__psi0p00,0.082,borrow,54,186,0.0,2,-0.50548375,-0.5070869,-0.5070869,0.984059,0.10373875,0.10373875,1.0,0.008506577,0.082,0.0,0.010109675,0.50548375,0.5070869,-27.100842,2.164973,0.7216577,0.216,0.0,0.16054802,0.0,0.0
hardzero_only__c0p58__z1p00__lam0p000__nu0p50__psi0p00,0.082,borrow,54,187,0.0,2,-0.5070869,-0.5172286,-0.5172286,1.0327669,0.0,0.09273273,0.0,0.0,0.082,0.0,0.010141737,0.5070869,0.5172286,-26.97147,2.2721326,0.75737756,0.2,0.0,0.14907493,0.0,0.0
hardzero_only__c0p58__z1p00__lam0p000__nu0p50__psi0p00,0.082,borrow,54,188,0.0,2,-0.5172286,-0.52757317,-0.52757317,1.0565076,0.0,0.087799564,0.0,0.0,0.082,0.0,0.010344571,0.5172286,0.52757317,-27.82555,2.324363,0.77478766,0.192,0.0,0.15080297,0.0,0.0
hardzero_only__c0p58__z1p00__lam0p000__nu0p50__psi0p00,0.082,borrow,54,189,0.0,2,-0.52757317,-0.5381246,-0.5381246,1.0258157,0.0,0.094228916,0.0,0.0,0.082,0.0,0.010551463,0.52757317,0.5381246,-27.288939,2.2568398,0.75227994,0.17600001,0.0,0.14089423,0.0,0.0
hardzero_only__c0p58__z1p00__lam0p000__nu0p50__psi0p00,0.082,borrow,54,190,0.0,2,-0.5381246,-0.54888713,-0.54888713,1.0042543,0.0,0.09902519,0.0,0.0,0.082,0.0,0.010762492,0.5381246,0.54888713,-26.723728,2.2094038,0.73646796,0.16800001,0.0,0.16219272,0.0,0.0
hardzero_only__c0p58__z1p00__lam0p000__nu0p50__psi0p00,0.082,borrow,54,191,0.0,2,-0.54888713,-0.5598649,-0.5598649,1.0703604,0.0,0.08504319,0.0,0.0,0.082,0.0,0.010977742,0.54888713,0.5598649,-27.814352,2.35484,0.7849467,0.17600001,0.0,0.1400067,0.0,0.0
hardzero_only__c0p58__z1p00__lam0p000__nu0p50__psi0p00,0.082,borrow,54,192,0.0,2,-0.5598649,-0.5626855,-0.5626855,0.9907426,0.102154456,0.102154456,1.0,0.008376665,0.082,0.0,0.011197297,0.5598649,0.5626855,-26.875334,2.1796772,0.7265591,0.192,0.0,0.12603872,0.0,0.0
hardzero_only__c0p58__z1p00__lam0p000__nu0p50__psi0p00,0.082,borrow,54,193,0.0,2,-0.5626855,-0.5739392,-0.5739392,1.0382254,0.0,0.091574505,0.0,0.0,0.082,0.0,0.01125371,0.5626855,0.5739392,-27.219717,2.2841415,0.76138055,0.120000005,0.0,0.15253973,0.0,0.0
hardzero_only__c0p58__z1p00__lam0p000__nu0p50__psi0p00,0.082,borrow,54,194,0.0,2,-0.5739392,-0.585418,-0.585418,1.0571444,0.0,0.08767092,0.0,0.0,0.082,0.0,0.011478784,0.5739392,0.585418,-27.479391,2.3257642,0.7752547,0.15200001,0.0,0.15255417,0.0,0.0
hardzero_only__c0p58__z1p00__lam0p000__nu0p50__psi0p00,0.082,borrow,54,195,0.0,2,-0.585418,-0.59712636,-0.59712636,1.0032868,0.0,0.09924605,0.0,0.0,0.082,0.0,0.011708359,0.585418,0.59712636,-26.688828,2.2072752,0.7357584,0.12,0.0,0.15097362,0.0,0.0
hardzero_only__c0p58__z1p00__lam0p000__nu0p50__psi0p00,0.082,borrow,54,196,0.0,2,-0.59712636,-0.6,-0.6090689,1.0422275,0.0,0.09073451,0.0,0.0,0.082,0.0,0.011942527,0.59712636,0.6,-26.923847,2.2929463,0.7643155,0.16800001,0.0,0.13050817,0.0,0.0
hardzero_only__c0p58__z1p00__lam0p000__nu0p50__psi0p00,0.082,borrow,54,197,0.0,2,-0.6,-0.6,-0.6037117,0.99534833,0.10107685,0.10107685,1.0,0.0082883015,0.082,0.0,0.012,0.6,0.6,-27.165209,2.18981,0.7299367,0.16800001,0.0,0.15475681,0.0,0.0
hardzero_only__c0p58__z1p00__lam0p000__nu0p50__psi0p00,0.082,borrow,54,198,0.0,2,-0.6,-0.6,-0.61200005,1.0414044,0.0,0.090906635,0.0,0.0,0.082,0.0,0.012,0.6,0.6,-27.098753,2.2911353,0.7637118,0.104,0.0,0.14289024,0.0,0.0
hardzero_only__c0p58__z1p00__lam0p000__nu0p50__psi0p00,0.082,borrow,54,199,0.0,2,-0.6,-0.6,-0.61200005,1.0177302,0.0,0.09599968,0.0,0.0,0.082,0.0,0.012,0.6,0.6,-27.623007,2.239051,0.7463504,0.08800001,0.008,0.15924287,0.0,0.0
hardzero_only__c0p58__z1p00__lam0p000__nu0p50__psi0p00,0.082,borrow,54,200,0.0,2,-0.6,-0.6,-0.61200005,1.0242753,0.0,0.09456374,0.0,0.0,0.082,0.0,0.012,0.6,0.6,-27.898447,2.2534506,0.75115025,0.136,0.0,0.1391682,0.0,0.0
hardzero_only__c0p58__z1p00__lam0p000__nu0p50__psi0p00,0.082,borrow,54,201,0.0,2,-0.6,-0.6,-0.61200005,1.0116137,0.0,0.09736129,0.0,0.0,0.082,0.0,0.012,0.6,0.6,-26.972921,2.2255948,0.7418649,0.14400001,0.0,0.15505971,0.0,0.0
hardzero_only__c0p58__z1p00__lam0p000__nu0p50__psi0p00,0.082,borrow,54,202,0.0,2,-0.6,-0.6,-0.61200005,1.0206791,0.0,0.09535003,0.0,0.0,0.082,0.0,0.012,0.6,0.6,-27.512821,2.245539,0.748513,0.2,0.0,0.15405834,0.0,0.0
hardzero_only__c0p58__z1p00__lam0p000__nu0p50__psi0p00,0.082,borrow,54,203,0.0,2,-0.6,-0.6,-0.60308915,0.9638931,0.1086693,0.1086693,1.0,0.008910883,0.082,0.0,0.012,0.6,0.6,-25.552507,2.1206071,0.70686907,0.16000001,0.0,0.12442925,0.0,0.0
hardzero_only__c0p58__z1p00__lam0p000__nu0p50__psi0p00,0.082,borrow,54,204,0.0,2,-0.6,-0.6,-0.61200005,1.0011399,0.0,0.09973786,0.0,0.0,0.082,0.0,0.012,0.6,0.6,-26.262327,2.2025516,0.7341839,0.18400002,0.0,0.15153374,0.0,0.0
hardzero_only__c0p58__z1p00__lam0p000__nu0p50__psi0p00,0.082,borrow,54,205,0.0,2,-0.6,-0.6,-0.6024427,0.93347657,0.116552986,0.116552986,1.0,0.009557345,0.082,0.0,0.012,0.6,0.6,-25.273277,2.0536895,0.68456316,0.23200001,0.008,0.1328632,0.0,0.0
hardzero_only__c0p58__z1p00__lam0p000__nu0p50__psi0p00,0.082,borrow,54,206,0.0,2,-0.6,-0.6,-0.61200005,1.0013433,0.0,0.09969117,0.0,0.0,0.082,0.0,0.012,0.6,0.6,-27.40888,2.202999,0.73433304,0.192,0.0,0.15504938,0.0,0.0
hardzero_only__c0p58__z1p00__lam0p000__nu0p50__psi0p00,0.082,borrow,54,207,0.0,2,-0.6,-0.6,-0.61200005,1.0189056,0.0,0.0957402,0.0,0.0,0.082,0.0,0.012,0.6,0.6,-26.706219,2.2416372,0.7472124,0.08800001,0.0,0.131643,0.0,0.0
hardzero_only__c0p58__z1p00__lam0p000__nu0p50__psi0p00,0.082,borrow,54,208,0.0,2,-0.6,-0.6,-0.6036953,0.9944846,0.10127806,0.10127806,1.0,0.008304801,0.082,0.0,0.012,0.6,0.6,-26.646189,2.1879098,0.7293033,0.19,0.0,0.12537928,0.0,0.0
hardzero_only__c0p58__z1p00__lam0p000__nu0p50__psi0p00,0.082,borrow,54,209,0.0,2,-0.6,-0.6,-0.6036663,0.9929744,0.101630844,0.101630844,1.0,0.00833373,0.082,0.0,0.012,0.6,0.6,-27.047113,2.1845872,0.7281958,0.14400001,0.0,0.13907656,0.0,0.0
hardzero_only__c0p58__z1p00__lam0p000__nu0p50__psi0p00,0.082,borrow,54,210,0.0,2,-0.6,-0.6,-0.61200005,1.041935,0.0,0.09079564,0.0,0.0,0.082,0.0,0.012,0.6,0.6,-27.771278,2.2923026,0.7641009,0.16800001,0.0,0.1511556,0.0,0.0
hardzero_only__c0p58__z1p00__lam0p000__nu0p50__psi0p00,0.082,borrow,54,211,0.0,2,-0.6,-0.6,-0.61200005,1.0244604,0.0,0.09452344,0.0,0.0,0.082,0.0,0.012,0.6,0.6,-27.295118,2.2538579,0.751286,0.18400002,0.0,0.14552541,0.0,0.0
hardzero_only__c0p58__z1p00__lam0p000__nu0p50__psi0p00,0.082,borrow,54,212,0.0,2,-0.6,-0.6,-0.60365,0.992124,0.10183004,0.10183004,1.0,0.008350064,0.082,0.0,0.012,0.6,0.6,-26.89186,2.1827164,0.72757214,0.136,0.0,0.12790383,0.0,0.0
hardzero_only__c0p58__z1p00__lam0p000__nu0p50__psi0p00,0.082,borrow,54,213,0.0,2,-0.6,-0.6,-0.60360765,0.98992854,0.102346145,0.102346145,1.0,0.008392384,0.082,0.0,0.012,0.6,0.6,-26.601435,2.1778862,0.7259621,0.208,0.0,0.12036787,0.0,0.0
hardzero_only__c0p58__z1p00__lam0p000__nu0p50__psi0p00,0.082,borrow,54,214,0.0,2,-0.6,-0.6,-0.61200005,1.0017304,0.0,0.09960234,0.0,0.0,0.082,0.0,0.012,0.6,0.6,-26.502884,2.203851,0.734617,0.14400001,0.0,0.12334667,0.0,0.0
hardzero_only__c0p58__z1p00__lam0p000__nu0p50__psi0p00,0.082,borrow,54,215,0.0,2,-0.6,-0.6,-0.61200005,1.0208102,0.0,0.09532125,0.0,0.0,0.082,0.0,0.012,0.6,0.6,-27.087036,2.2458274,0.7486092,0.14400001,0.0,0.13721049,0.0,0.0
hardzero_only__c0p58__z1p00__lam0p000__nu0p50__psi0p00,0.082,borrow,54,216,0.0,2,-0.6,-0.6,-0.61200005,1.0535821,0.0,0.088393,0.0,0.0,0.082,0.0,0.012,0.6,0.6,-27.695234,2.317927,0.7726423,0.136,0.0,0.16850427,0.0,0.0
hardzero_only__c0p58__z1p00__lam0p000__nu0p50__psi0p00,0.082,borrow,54,217,0.0,2,-0.6,-0.6,-0.60372984,0.9962981,0.100856036,0.100856036,1.0,0.008270195,0.082,0.0,0.012,0.6,0.6,-26.949877,2.1918995,0.7306332,0.16800001,0.0,0.13051687,0.0,0.0
hardzero_only__c0p58__z1p00__lam0p000__nu0p50__psi0p00,0.082,borrow,54,218,0.0,2,-0.6,-0.6,-0.61200005,1.0037395,0.0,0.09914265,0.0,0.0,0.082,0.0,0.012,0.6,0.6,-27.16418,2.208271,0.73609036,0.17600001,0.0,0.14118896,0.0,0.0
hardzero_only__c0p58__z1p00__lam0p000__nu0p50__psi0p00,0.082,borrow,54,219,0.0,2,-0.6,-0.6,-0.61200005,1.0262655,0.0,0.0941314,0.0,0.0,0.082,0.0,0.012,0.6,0.6,-26.992811,2.2578292,0.7526097,0.128,0.0,0.13545035,0.0,0.0
hardzero_only__c0p58__z1p00__lam0p000__nu0p50__psi0p00,0.082,borrow,54,220,0.0,2,-0.6,-0.6,-0.61200005,1.0376587,0.0,0.09169408,0.0,0.0,0.082,0.0,0.012,0.6,0.6,-27.859379,2.2828946,0.7609649,0.16800001,0.0,0.16453277,0.0,0.0
hardzero_only__c0p58__z1p00__lam0p000__nu0p50__psi0p00,0.082,borrow,54,221,0.0,2,-0.6,-0.6,-0.61200005,1.035927,0.0,0.09206042,0.0,0.0,0.082,0.0,0.012,0.6,0.6,-27.389765,2.279085,0.759695,0.11,0.0,0.1500452,0.0,0.0
hardzero_only__c0p58__z1p00__lam0p000__nu0p50__psi0p00,0.082,borrow,54,222,0.0,2,-0.6,-0.6,-0.6037629,0.9980371,0.10045299,0.10045299,1.0,0.008237145,0.082,0.0,0.012,0.6,0.6,-27.006428,2.1957254,0.7319085,0.16800001,0.0,0.15511993,0.0,0.0
hardzero_only__c0p58__z1p00__lam0p000__nu0p50__psi0p00,0.082,borrow,54,223,0.0,2,-0.6,-0.6,-0.61200005,1.0462942,0.0,0.08988883,0.0,0.0,0.082,0.0,0.012,0.6,0.6,-27.248188,2.3018932,0.76729774,0.15200001,0.0,0.15552771,0.0,0.0
hardzero_only__c0p58__z1p00__lam0p000__nu0p50__psi0p00,0.082,borrow,54,224,0.0,2,-0.6,-0.6,-0.61200005,1.0142586,0.0,0.09677014,0.0,0.0,0.082,0.0,0.012,0.6,0.6,-27.310698,2.2314136,0.7438046,0.192,0.0,0.1341158,0.0,0.0
hardzero_only__c0p58__z1p00__lam0p000__nu0p50__psi0p00,0.082,borrow,54,225,0.0,2,-0.6,-0.6,-0.6029395,0.95665747,0.11049497,0.11049497,1.0,0.009060588,0.082,0.0,0.012,0.6,0.6,-25.523563,2.1046884,0.7015628,0.2,0.0,0.110513724,0.0,0.0
hardzero_only__c0p58__z1p00__lam0p000__nu0p50__psi0p00,0.082,borrow,54,226,0.0,2,-0.6,-0.6,-0.61200005,1.0538973,0.0,0.088328876,0.0,0.0,0.082,0.0,0.012,0.6,0.6,-29.014742,2.3186202,0.7728734,0.120000005,0.0,0.1497388,0.0,0.0
hardzero_only__c0p58__z1p00__lam0p000__nu0p50__psi0p00,0.082,borrow,54,227,0.0,2,-0.6,-0.6,-0.60334224,0.97640675,0.1055828,0.1055828,1.0,0.00865779,0.082,0.0,0.012,0.6,0.6,-26.034212,2.1481378,0.716046,0.216,0.0,0.13014771,0.0,0.0
hardzero_only__c0p58__z1p00__lam0p000__nu0p50__psi0p00,0.082,borrow,54,228,0.0,2,-0.6,-0.6,-0.61200005,1.0183734,0.0,0.09585763,0.0,0.0,0.082,0.0,0.012,0.6,0.6,-27.36817,2.240466,0.74682206,0.2,0.0,0.13944669,0.0,0.0
hardzero_only__c0p58__z1p00__lam0p000__nu0p50__psi0p00,0.082,borrow,54,229,0.0,2,-0.6,-0.6,-0.61200005,1.0010198,0.0,0.09976545,0.0,0.0,0.082,0.0,0.012,0.6,0.6,-26.994778,2.2022877,0.73409593,0.128,0.0,0.14215727,0.0,0.0
hardzero_only__c0p58__z1p00__lam0p000__nu0p50__psi0p00,0.082,borrow,54,230,0.0,2,-0.6,-0.6,-0.60316056,0.96738636,0.10779872,0.10779872,1.0,0.0088394955,0.082,0.0,0.012,0.6,0.6,-26.884443,2.1282926,0.7094309,0.192,0.0,0.1503972,0.0,0.0
hardzero_only__c0p58__z1p00__lam0p000__nu0p50__psi0p00,0.082,borrow,54,231,0.0,2,-0.6,-0.6,-0.61200005,1.015522,0.0,0.09648903,0.0,0.0,0.082,0.0,0.012,0.6,0.6,-27.938887,2.234193,0.74473107,0.16000001,0.0,0.15526739,0.0,0.0
hardzero_only__c0p58__z1p00__lam0p000__nu0p50__psi0p00,0.082,borrow,54,232,0.0,2,-0.6,-0.6,-0.6034831,0.9835298,0.10386523,0.10386523,1.0,0.008516949,0.082,0.0,0.012,0.6,0.6,-27.08751,2.1638088,0.7212696,0.16000001,0.0,0.14724386,0.0,0.0
hardzero_only__c0p58__z1p00__lam0p000__nu0p50__psi0p00,0.082,borrow,54,233,0.0,2,-0.6,-0.6,-0.6036733,0.9933383,0.101545736,0.101545736,1.0,0.00832675,0.082,0.0,0.012,0.6,0.6,-26.5101,2.1853878,0.72846264,0.2,0.0,0.15182945,0.0,0.0
hardzero_only__c0p58__z1p00__lam0p000__nu0p50__psi0p00,0.082,borrow,54,234,0.0,2,-0.6,-0.6,-0.61200005,1.033127,0.0,0.09265588,0.0,0.0,0.082,0.0,0.012,0.6,0.6,-27.23871,2.2729247,0.75764155,0.099999994,0.0,0.1508852,0.0,0.0
hardzero_only__c0p58__z1p00__lam0p000__nu0p50__psi0p00,0.082,borrow,54,235,0.0,2,-0.6,-0.6,-0.60359335,0.9891877,0.10252086,0.10252086,1.0,0.008406711,0.082,0.0,0.012,0.6,0.6,-26.524384,2.1762564,0.7254188,0.208,0.0,0.14255038,0.0,0.0
hardzero_only__c0p58__z1p00__lam0p000__nu0p50__psi0p00,0.082,borrow,54,236,0.0,2,-0.6,-0.6,-0.61200005,1.0189272,0.0,0.09573545,0.0,0.0,0.082,0.0,0.012,0.6,0.6,-28.09703,2.2416847,0.74722826,0.192,0.0,0.15509161,0.0,0.0
hardzero_only__c0p58__z1p00__lam0p000__nu0p50__psi0p00,0.082,borrow,54,237,0.0,2,-0.6,-0.6,-0.6030866,0.9637689,0.108700395,0.108700395,1.0,0.008913432,0.082,0.0,0.012,0.6,0.6,-26.21204,2.120334,0.706778,0.17600001,0.0,0.12864372,0.0,0.0
hardzero_only__c0p58__z1p00__lam0p000__nu0p50__psi0p00,0.082,borrow,54,238,0.0,2,-0.6,-0.6,-0.61200005,1.0191498,0.0,0.09568639,0.0,0.0,0.082,0.0,0.012,0.6,0.6,-27.660814,2.2421744,0.74739146,0.128,0.0,0.15933862,0.0,0.0
hardzero_only__c0p58__z1p00__lam0p000__nu0p50__psi0p00,0.082,borrow,54,239,0.0,2,-0.6,-0.6,-0.61200005,1.023044,0.0,0.09483223,0.0,0.0,0.082,0.0,0.012,0.6,0.6,-28.286898,2.2507417,0.75024724,0.16000001,0.0,0.1685359,0.0,0.0
hardzero_only__c0p58__z1p00__lam0p000__nu0p50__psi0p00,0.082,borrow,54,240,0.0,2,-0.6,-0.6,-0.61200005,1.0617633,0.0,0.08674345,0.0,0.0,0.082,0.0,0.012,0.6,0.6,-28.612064,2.3359258,0.77864194,0.136,0.0,0.14754243,0.0,0.0
hardzero_only__c0p58__z1p00__lam0p000__nu0p50__psi0p00,0.082,borrow,54,241,0.0,2,-0.6,-0.6,-0.60370713,0.99510664,0.10113311,0.10113311,1.0,0.008292915,0.082,0.0,0.012,0.6,0.6,-26.75859,2.1892784,0.72975945,0.16000001,0.008,0.16350676,0.0,0.0
hardzero_only__c0p58__z1p00__lam0p000__nu0p50__psi0p00,0.082,borrow,54,242,0.0,2,-0.6,-0.6,-0.61200005,1.010349,0.0,0.097645216,0.0,0.0,0.082,0.0,0.012,0.6,0.6,-27.289394,2.2228122,0.7409374,0.192,0.0,0.1679512,0.0,0.0
hardzero_only__c0p58__z1p00__lam0p000__nu0p50__psi0p00,0.082,borrow,54,243,0.0,2,-0.6,-0.6,-0.61200005,1.0504104,0.0,0.089040905,0.0,0.0,0.082,0.0,0.012,0.6,0.6,-27.444838,2.310949,0.77031636,0.104,0.0,0.15186065,0.0,0.0
hardzero_only__c0p58__z1p00__lam0p000__nu0p50__psi0p00,0.082,borrow,54,244,0.0,2,-0.6,-0.6,-0.60376966,0.9983937,0.10037054,0.10037054,1.0,0.008230384,0.082,0.0,0.012,0.6,0.6,-25.883316,2.19651,0.73217005,0.192,0.008,0.12605135,0.0,0.0
hardzero_only__c0p58__z1p00__lam0p000__nu0p50__psi0p00,0.082,borrow,54,245,0.0,2,-0.6,-0.6,-0.61200005,1.0289853,0.0,0.093543746,0.0,0.0,0.082,0.0,0.012,0.6,0.6,-27.817705,2.2638128,0.7546043,0.18400002,0.0,0.1534385,0.0,0.0
hardzero_only__c0p58__z1p00__lam0p000__nu0p50__psi0p00,0.082,borrow,54,246,0.0,2,-0.6,-0.6,-0.61200005,1.0037521,0.0,0.099139765,0.0,0.0,0.082,0.0,0.012,0.6,0.6,-27.266851,2.2082987,0.7360996,0.112,0.0,0.15850426,0.0,0.0
hardzero_only__c0p58__z1p00__lam0p000__nu0p50__psi0p00,0.082,borrow,54,247,0.0,2,-0.6,-0.6,-0.61200005,1.0032037,0.0,0.099265024,0.0,0.0,0.082,0.0,0.012,0.6,0.6,-27.492317,2.2070923,0.73569745,0.099999994,0.0,0.13737325,0.0,0.0
hardzero_only__c0p58__z1p00__lam0p000__nu0p50__psi0p00,0.082,borrow,54,248,0.0,2,-0.6,-0.6,-0.61200005,1.0099666,0.0,0.097731225,0.0,0.0,0.082,0.0,0.012,0.6,0.6,-26.758131,2.2219708,0.740657,0.208,0.0,0.13328522,0.0,0.0
hardzero_only__c0p58__z1p00__lam0p000__nu0p50__psi0p00,0.082,borrow,54,249,0.0,2,-0.6,-0.6,-0.61200005,1.0930598,0.0,0.0807124,0.0,0.0,0.082,0.0,0.012,0.6,0.6,-27.983767,2.4047794,0.8015932,0.096,0.0,0.16807063,0.0,0.0
hardzero_only__c0p58__z1p00__lam0p000__nu0p50__psi0p00,0.082,borrow,54,250,0.0,2,-0.6,-0.6,-0.61200005,1.0066984,0.0,0.09846948,0.0,0.0,0.082,0.0,0.012,0.6,0.6,-27.862103,2.2147806,0.7382602,0.224,0.0,0.1419994,0.0,0.0
hardzero_only__c0p58__z1p00__lam0p000__nu0p50__psi0p00,0.082,borrow,54,251,0.0,2,-0.6,-0.6,-0.60342705,0.9806825,0.10454844,0.10454844,1.0,0.008572972,0.082,0.0,0.012,0.6,0.6,-27.052067,2.1575446,0.71918154,0.192,0.0,0.15593216,0.0,0.0
hardzero_only__c0p58__z1p00__lam0p000__nu0p50__psi0p00,0.082,borrow,54,252,0.0,2,-0.6,-0.6,-0.61200005,1.0611433,0.0,0.08686737,0.0,0.0,0.082,0.0,0.012,0.6,0.6,-28.08339,2.3345618,0.7781873,0.120000005,0.0,0.15972549,0.0,0.0
hardzero_only__c0p58__z1p00__lam0p000__nu0p50__psi0p00,0.082,borrow,54,253,0.0,2,-0.6,-0.6,-0.61200005,1.0680492,0.0,0.08549697,0.0,0.0,0.082,0.0,0.012,0.6,0.6,-28.146961,2.349755,0.7832517,0.104,0.0,0.14965992,0.0,0.0
hardzero_only__c0p58__z1p00__lam0p000__nu0p50__psi0p00,0.082,borrow,54,254,0.0,2,-0.6,-0.6,-0.61200005,1.0279522,0.0,0.09376652,0.0,0.0,0.082,0.0,0.012,0.6,0.6,-27.399502,2.26154,0.75384665,0.16800001,0.0,0.15293896,0.0,0.0
hardzero_only__c0p58__z1p00__lam0p000__nu0p50__psi0p00,0.082,borrow,54,255,0.0,2,-0.6,-0.6,-0.61200005,1.0062981,0.0,0.09856028,0.0,0.0,0.082,0.0,0.012,0.6,0.6,-26.929932,2.2138999,0.73796666,0.208,0.0,0.15642442,0.0,0.0
hardzero_only__c0p58__z1p00__lam0p000__nu0p50__psi0p00,0.082,borrow,54,256,0.0,2,-0.6,-0.6,-0.6035914,0.9890868,0.102544695,0.102544695,1.0,0.008408666,0.082,0.0,0.012,0.6,0.6,-26.93204,2.1760345,0.72534484,0.112,0.0,0.16038242,0.0,0.0
hardzero_only__c0p58__z1p00__lam0p000__nu0p50__psi0p00,0.082,borrow,54,257,0.0,2,-0.6,-0.6,-0.6028029,0.95015967,0.1121606,0.1121606,1.0,0.00919717,0.082,0.0,0.012,0.6,0.6,-25.988945,2.090393,0.6967977,0.17600001,0.0,0.12065606,0.0,0.0
hardzero_only__c0p58__z1p00__lam0p000__nu0p50__psi0p00,0.082,borrow,54,258,0.0,2,-0.6,-0.6,-0.6036279,0.9909783,0.10209904,0.10209904,1.0,0.0083721215,0.082,0.0,0.012,0.6,0.6,-27.17329,2.1801958,0.72673196,0.17600001,0.0,0.13854401,0.0,0.0
hardzero_only__c0p58__z1p00__lam0p000__nu0p50__psi0p00,0.082,borrow,54,259,0.0,2,-0.6,-0.6,-0.61200005,1.0217746,0.0,0.09510981,0.0,0.0,0.082,0.0,0.012,0.6,0.6,-27.190376,2.2479491,0.7493164,0.2,0.0,0.13345708,0.0,0.0
hardzero_only__c0p58__z1p00__lam0p000__nu0p50__psi0p00,0.082,borrow,54,260,0.0,2,-0.6,-0.6,-0.61200005,1.0575974,0.0,0.087579526,0.0,0.0,0.082,0.0,0.012,0.6,0.6,-28.070412,2.3267608,0.77558696,0.06,0.0,0.1603835,0.0,0.0
hardzero_only__c0p58__z1p00__lam0p000__nu0p50__psi0p00,0.082,borrow,54,261,0.0,2,-0.6,-0.6,-0.61200005,1.0231316,0.0,0.0948131,0.0,0.0,0.082,0.0,0.012,0.6,0.6,-27.662773,2.2509344,0.7503115,0.128,0.0,0.14738558,0.0,0.0
hardzero_only__c0p58__z1p00__lam0p000__nu0p50__psi0p00,0.082,borrow,54,262,0.0,2,-0.6,-0.6,-0.603474,0.98306644,0.1039761,0.1039761,1.0,0.00852604,0.082,0.0,0.012,0.6,0.6,-26.822424,2.1627893,0.7209298,0.18400002,0.0,0.13321114,0.0,0.0
hardzero_only__c0p58__z1p00__lam0p000__nu0p50__psi0p00,0.082,borrow,54,263,0.0,2,-0.6,-0.6,-0.61200005,1.0407469,0.0,0.09104437,0.0,0.0,0.082,0.0,0.012,0.6,0.6,-27.094528,2.289689,0.7632297,0.16000001,0.0,0.13716362,0.0,0.0
hardzero_only__c0p58__z1p00__lam0p000__nu0p50__psi0p00,0.082,borrow,54,264,0.0,2,-0.6,-0.6,-0.61200005,1.0169653,0.0,0.09616892,0.0,0.0,0.082,0.0,0.012,0.6,0.6,-26.433018,2.2373683,0.74578947,0.104,0.0,0.11306694,0.0,0.0
hardzero_only__c0p58__z1p00__lam0p000__nu0p50__psi0p00,0.082,borrow,54,265,0.0,2,-0.6,-0.6,-0.61200005,1.0068359,0.0,0.09843828,0.0,0.0,0.082,0.0,0.012,0.6,0.6,-27.492273,2.2150834,0.7383611,0.18400002,0.0,0.16607147,0.0,0.0
hardzero_only__c0p58__z1p00__lam0p000__nu0p50__psi0p00,0.082,borrow,54,266,0.0,2,-0.6,-0.6,-0.61200005,1.0218093,0.0,0.09510222,0.0,0.0,0.082,0.0,0.012,0.6,0.6,-28.06535,2.2480254,0.74934185,0.128,0.0,0.14442337,0.0,0.0
hardzero_only__c0p58__z1p00__lam0p000__nu0p50__psi0p00,0.082,borrow,54,267,0.0,2,-0.6,-0.6,-0.60295135,0.9572267,0.11035025,0.11035025,1.0,0.009048721,0.082,0.0,0.012,0.6,0.6,-26.282179,2.1059408,0.7019803,0.15200001,0.0,0.14263307,0.0,0.0
hardzero_only__c0p58__z1p00__lam0p000__nu0p50__psi0p00,0.082,borrow,54,268,0.0,2,-0.6,-0.6,-0.61200005,1.0584093,0.0,0.08741595,0.0,0.0,0.082,0.0,0.012,0.6,0.6,-27.965445,2.328547,0.77618235,0.08800001,0.0,0.15453145,0.0,0.0
hardzero_only__c0p58__z1p00__lam0p000__nu0p50__psi0p00,0.082,borrow,54,269,0.0,2,-0.6,-0.6,-0.61200005,1.0275164,0.0,0.09386066,0.0,0.0,0.082,0.0,0.012,0.6,0.6,-27.313478,2.2605813,0.7535271,0.136,0.0,0.14421763,0.0,0.0
hardzero_only__c0p58__z1p00__lam0p000__nu0p50__psi0p00,0.082,borrow,54,270,0.0,2,-0.6,-0.6,-0.61200005,1.0332831,0.0,0.09262257,0.0,0.0,0.082,0.0,0.012,0.6,0.6,-28.196062,2.2732682,0.7577561,0.16000001,0.0,0.14498314,0.0,0.0
hardzero_only__c0p58__z1p00__lam0p000__nu0p50__psi0p00,0.082,borrow,54,271,0.0,2,-0.6,-0.6,-0.6035716,0.9880665,0.1027859,0.1027859,1.0,0.008428444,0.082,0.0,0.012,0.6,0.6,-26.2227,2.1737897,0.7245966,0.24000001,0.0,0.13609515,0.0,0.0
hardzero_only__c0p58__z1p00__lam0p000__nu0p50__psi0p00,0.082,borrow,54,272,0.0,2,-0.6,-0.6,-0.61200005,1.0173858,0.0,0.09607583,0.0,0.0,0.082,0.0,0.012,0.6,0.6,-27.994114,2.2382936,0.7460979,0.2,0.0,0.13663389,0.0,0.0
hardzero_only__c0p58__z1p00__lam0p000__nu0p50__psi0p00,0.082,borrow,54,273,0.0,2,-0.6,-0.6,-0.61200005,1.0133502,0.0,0.09697276,0.0,0.0,0.082,0.0,0.012,0.6,0.6,-27.11684,2.2294152,0.74313843,0.14,0.0,0.14592206,0.0,0.0
hardzero_only__c0p58__z1p00__lam0p000__nu0p50__psi0p00,0.082,borrow,54,274,0.0,2,-0.6,-0.6,-0.61200005,1.034623,0.0,0.09233726,0.0,0.0,0.082,0.0,0.012,0.6,0.6,-27.660873,2.276216,0.7587387,0.136,0.0,0.13264872,0.0,0.0
hardzero_only__c0p58__z1p00__lam0p000__nu0p50__psi0p00,0.082,borrow,54,275,0.0,2,-0.6,-0.6,-0.61200005,1.0052869,0.0,0.09879001,0.0,0.0,0.082,0.0,0.012,0.6,0.6,-27.328312,2.2116754,0.7372252,0.16000001,0.0,0.14698176,0.0,0.0
hardzero_only__c0p58__z1p00__lam0p000__nu0p50__psi0p00,0.082,borrow,54,276,0.0,2,-0.6,-0.6,-0.61200005,1.0020047,0.0,0.09953946,0.0,0.0,0.082,0.0,0.012,0.6,0.6,-27.308666,2.2044544,0.73481816,0.16800001,0.0,0.13672915,0.0,0.0
hardzero_only__c0p58__z1p00__lam0p000__nu0p50__psi0p00,0.082,borrow,54,277,0.0,2,-0.6,-0.6,-0.61200005,1.0602663,0.0,0.08704297,0.0,0.0,0.082,0.0,0.012,0.6,0.6,-27.917147,2.3326323,0.77754414,0.136,0.0,0.15237974,0.0,0.0
hardzero_only__c0p58__z1p00__lam0p000__nu0p50__psi0p00,0.082,borrow,54,278,0.0,2,-0.6,-0.6,-0.61200005,1.0039406,0.0,0.09909675,0.0,0.0,0.082,0.0,0.012,0.6,0.6,-26.432043,2.2087133,0.73623776,0.14400001,0.008,0.12809984,0.0,0.0
hardzero_only__c0p58__z1p00__lam0p000__nu0p50__psi0p00,0.082,borrow,54,279,0.0,2,-0.6,-0.6,-0.60370135,0.9948034,0.10120374,0.10120374,1.0,0.008298707,0.082,0.0,0.012,0.6,0.6,-26.76567,2.1886113,0.7295371,0.136,0.0,0.14711523,0.0,0.0
hardzero_only__c0p58__z1p00__lam0p000__nu0p50__psi0p00,0.082,borrow,54,280,0.0,2,-0.6,-0.6,-0.602278,0.92605615,0.11856155,0.11856155,1.0,0.0097220475,0.082,0.0,0.012,0.6,0.6,-25.952524,2.0373642,0.67912143,0.264,0.0,0.122150525,0.0,0.0
hardzero_only__c0p58__z1p00__lam0p000__nu0p50__psi0p00,0.082,borrow,54,281,0.0,2,-0.6,-0.6,-0.61200005,1.0248239,0.0,0.09444437,0.0,0.0,0.082,0.0,0.012,0.6,0.6,-27.037083,2.2546575,0.7515525,0.080000006,0.0,0.13238853,0.0,0.0
hardzero_only__c0p58__z1p00__lam0p000__nu0p50__psi0p00,0.082,borrow,54,282,0.0,2,-0.6,-0.6,-0.61200005,1.0005231,0.0,0.09987962,0.0,0.0,0.082,0.0,0.012,0.6,0.6,-26.865482,2.2011948,0.7337316,0.208,0.008,0.135924,0.0,0.0
hardzero_only__c0p58__z1p00__lam0p000__nu0p50__psi0p00,0.082,borrow,54,283,0.0,2,-0.6,-0.6,-0.61200005,1.0465287,0.0,0.08984033,0.0,0.0,0.082,0.0,0.012,0.6,0.6,-27.723808,2.3024092,0.76746976,0.15200001,0.0,0.14657044,0.0,0.0
hardzero_only__c0p58__z1p00__lam0p000__nu0p50__psi0p00,0.082,borrow,54,284,0.0,2,-0.6,-0.6,-0.61200005,1.085748,0.0,0.08208277,0.0,0.0,0.082,0.0,0.012,0.6,0.6,-28.286556,2.3886933,0.79623115,0.128,0.0,0.19260694,0.0,0.0
hardzero_only__c0p58__z1p00__lam0p000__nu0p50__psi0p00,0.082,borrow,54,285,0.0,2,-0.6,-0.6,-0.60369605,0.9945258,0.10126847,0.10126847,1.0,0.008304015,0.082,0.0,0.012,0.6,0.6,-26.274235,2.1880004,0.7293335,0.16800001,0.0,0.123624526,0.0,0.0
hardzero_only__c0p58__z1p00__lam0p000__nu0p50__psi0p00,0.082,borrow,54,286,0.0,2,-0.6,-0.6,-0.61200005,1.0329726,0.0,0.09268882,0.0,0.0,0.082,0.0,0.012,0.6,0.6,-26.853876,2.272585,0.7575283,0.19,0.0,0.12192841,0.0,0.0
hardzero_only__c0p58__z1p00__lam0p000__nu0p50__psi0p00,0.082,borrow,54,287,0.0,2,-0.6,-0.6,-0.61200005,1.0087004,0.0,0.09801659,0.0,0.0,0.082,0.0,0.012,0.6,0.6,-26.493095,2.219185,0.7397284,0.17600001,0.0,0.15501702,0.0,0.0
hardzero_only__c0p58__z1p00__lam0p000__nu0p50__psi0p00,0.082,borrow,54,288,0.0,2,-0.6,-0.6,-0.61200005,1.0352429,0.0,0.092205554,0.0,0.0,0.082,0.0,0.012,0.6,0.6,-27.866804,2.2775798,0.7591933,0.120000005,0.0,0.13217576,0.0,0.0
hardzero_only__c0p58__z1p00__lam0p000__nu0p50__psi0p00,0.082,borrow,54,289,0.0,2,-0.6,-0.6,-0.61200005,1.0135379,0.0,0.09693088,0.0,0.0,0.082,0.0,0.012,0.6,0.6,-26.327412,2.229828,0.743276,0.18400002,0.0,0.14553295,0.0,0.0
hardzero_only__c0p58__z1p00__lam0p000__nu0p50__psi0p00,0.082,borrow,54,290,0.0,2,-0.6,-0.6,-0.61200005,1.0340327,0.0,0.09246285,0.0,0.0,0.082,0.0,0.012,0.6,0.6,-27.237232,2.2749174,0.7583058,0.15200001,0.0,0.13111685,0.0,0.0
hardzero_only__c0p58__z1p00__lam0p000__nu0p50__psi0p00,0.082,borrow,54,291,0.0,2,-0.6,-0.6,-0.61200005,1.0087762,0.0,0.09799949,0.0,0.0,0.082,0.0,0.012,0.6,0.6,-26.582415,2.219352,0.739784,0.15200001,0.0,0.1278327,0.0,0.0
hardzero_only__c0p58__z1p00__lam0p000__nu0p50__psi0p00,0.082,borrow,54,292,0.0,2,-0.6,-0.6,-0.6036766,0.99351025,0.101505525,0.101505525,1.0,0.008323453,0.082,0.0,0.012,0.6,0.6,-27.373966,2.1857662,0.72858876,0.18400002,0.0,0.1393272,0.0,0.0
hardzero_only__c0p58__z1p00__lam0p000__nu0p50__psi0p00,0.082,borrow,54,293,0.0,2,-0.6,-0.6,-0.6035221,0.9855233,0.103389554,0.103389554,1.0,0.008477944,0.082,0.0,0.012,0.6,0.6,-26.421907,2.1681945,0.72273153,0.16000001,0.0,0.15977336,0.0,0.0
hardzero_only__c0p58__z1p00__lam0p000__nu0p50__psi0p00,0.082,borrow,54,294,0.0,2,-0.6,-0.6,-0.60362315,0.9907294,0.10215757,0.10215757,1.0,0.008376921,0.082,0.0,0.012,0.6,0.6,-27.032156,2.1796482,0.7265494,0.072000004,0.0,0.15297827,0.0,0.0
hardzero_only__c0p58__z1p00__lam0p000__nu0p50__psi0p00,0.082,borrow,54,295,0.0,2,-0.6,-0.6,-0.6030346,0.961242,0.1093347,0.1093347,1.0,0.008965446,0.082,0.0,0.012,0.6,0.6,-26.361107,2.1147747,0.70492494,0.14400001,0.0,0.14440885,0.0,0.0
hardzero_only__c0p58__z1p00__lam0p000__nu0p50__psi0p00,0.082,borrow,54,296,0.0,2,-0.6,-0.6,-0.61200005,1.0068781,0.0,0.09842873,0.0,0.0,0.082,0.0,0.012,0.6,0.6,-27.444145,2.215176,0.73839206,0.17600001,0.0,0.16478351,0.0,0.0
hardzero_only__c0p58__z1p00__lam0p000__nu0p50__psi0p00,0.082,borrow,54,297,0.0,2,-0.6,-0.6,-0.61200005,1.073701,0.0,0.08439156,0.0,0.0,0.082,0.0,0.012,0.6,0.6,-28.165735,2.3621893,0.78739643,0.192,0.0,0.18412904,0.0,0.0
hardzero_only__c0p58__z1p00__lam0p000__nu0p50__psi0p00,0.082,borrow,54,298,0.0,2,-0.6,-0.6,-0.60376924,0.9983714,0.10037569,0.10037569,1.0,0.008230806,0.082,0.0,0.012,0.6,0.6,-27.640205,2.196461,0.73215365,0.208,0.0,0.17233251,0.0,0.0
hardzero_only__c0p58__z1p00__lam0p000__nu0p50__psi0p00,0.082,borrow,54,299,0.0,2,-0.6,-0.6,-0.61200005,1.0413704,0.0,0.09091374,0.0,0.0,0.082,0.0,0.012,0.6,0.6,-28.032963,2.2910607,0.7636869,0.14999999,0.0,0.14952388,0.0,0.0
hardzero_only__c0p58__z1p00__lam0p000__nu0p50__psi0p00,0.082,borrow,54,300,0.0,2,-0.6,-0.6,-0.60338897,0.97875756,0.10501284,0.10501284,1.0,0.008611053,0.082,0.0,0.012,0.6,0.6,-26.24637,2.1533096,0.71776986,0.216,0.0,0.12570839,0.0,0.0
hardzero_only__c0p58__z1p00__lam0p000__nu0p50__psi0p00,0.082,borrow,54,301,0.0,2,-0.6,-0.6,-0.61200005,1.0177398,0.0,0.095997564,0.0,0.0,0.082,0.0,0.012,0.6,0.6,-26.4716,2.2390723,0.74635744,0.18400002,0.0,0.15110984,0.0,0.0
hardzero_only__c0p58__z1p00__lam0p000__nu0p50__psi0p00,0.082,borrow,54,302,0.0,2,-0.6,-0.6,-0.61200005,1.0583819,0.0,0.08742147,0.0,0.0,0.082,0.0,0.012,0.6,0.6,-27.305681,2.3284867,0.77616227,0.136,0.0,0.16255158,0.0,0.0
hardzero_only__c0p58__z1p00__lam0p000__nu0p50__psi0p00,0.082,borrow,54,303,0.0,2,-0.6,-0.6,-0.60280687,0.9503492,0.112111665,0.112111665,1.0,0.009193157,0.082,0.0,0.012,0.6,0.6,-25.828758,2.09081,0.6969367,0.23200001,0.0,0.13334082,0.0,0.0
hardzero_only__c0p58__z1p00__lam0p000__nu0p50__psi0p00,0.082,borrow,54,304,0.0,2,-0.6,-0.6,-0.61200005,1.0097623,0.0,0.09777721,0.0,0.0,0.082,0.0,0.012,0.6,0.6,-27.22624,2.2215214,0.7405071,0.16000001,0.0,0.15006356,0.0,0.0
hardzero_only__c0p58__z1p00__lam0p000__nu0p50__psi0p00,0.082,borrow,54,305,0.0,2,-0.6,-0.6,-0.61200005,1.0582236,0.0,0.08745333,0.0,0.0,0.082,0.0,0.012,0.6,0.6,-27.182863,2.3281384,0.77604616,0.16000001,0.0,0.16420278,0.0,0.0
hardzero_only__c0p58__z1p00__lam0p000__nu0p50__psi0p00,0.082,borrow,54,306,0.0,2,-0.6,-0.6,-0.61200005,1.0036248,0.0,0.099168845,0.0,0.0,0.082,0.0,0.012,0.6,0.6,-26.708551,2.2080185,0.7360062,0.17600001,0.0,0.13523786,0.0,0.0
hardzero_only__c0p58__z1p00__lam0p000__nu0p50__psi0p00,0.082,borrow,54,307,0.0,2,-0.6,-0.6,-0.61200005,1.0458851,0.0,0.08997357,0.0,0.0,0.082,0.0,0.012,0.6,0.6,-27.64319,2.3009932,0.76699775,0.17600001,0.0,0.17713621,0.0,0.0
hardzero_only__c0p58__z1p00__lam0p000__nu0p50__psi0p00,0.082,borrow,54,308,0.0,2,-0.6,-0.6,-0.61200005,1.0219928,0.0,0.09506205,0.0,0.0,0.082,0.0,0.012,0.6,0.6,-26.979916,2.248429,0.7494764,0.14400001,0.0,0.15306239,0.0,0.0
hardzero_only__c0p58__z1p00__lam0p000__nu0p50__psi0p00,0.082,borrow,54,309,0.0,2,-0.6,-0.6,-0.61200005,1.0502958,0.0,0.08906441,0.0,0.0,0.082,0.0,0.012,0.6,0.6,-27.72189,2.3106968,0.7702323,0.192,0.0,0.1507044,0.0,0.0
hardzero_only__c0p58__z1p00__lam0p000__nu0p50__psi0p00,0.082,borrow,54,310,0.0,2,-0.6,-0.6,-0.61200005,1.0387541,0.0,0.0914631,0.0,0.0,0.082,0.0,0.012,0.6,0.6,-27.288782,2.2853048,0.7617683,0.15200001,0.0,0.16067292,0.0,0.0
hardzero_only__c0p58__z1p00__lam0p000__nu0p50__psi0p00,0.082,borrow,54,311,0.0,2,-0.6,-0.6,-0.60307354,0.96313137,0.10886008,0.10886008,1.0,0.008926527,0.082,0.0,0.012,0.6,0.6,-26.149864,2.1189313,0.70631045,0.112,0.0,0.13655166,0.0,0.0
hardzero_only__c0p58__z1p00__lam0p000__nu0p50__psi0p00,0.082,borrow,54,312,0.0,2,-0.6,-0.6,-0.60318726,0.96870047,0.10747304,0.10747304,1.0,0.00881279,0.082,0.0,0.012,0.6,0.6,-26.633846,2.1311836,0.71039456,0.19999999,0.0,0.1234673,0.0,0.0
hardzero_only__c0p58__z1p00__lam0p000__nu0p50__psi0p00,0.082,borrow,54,313,0.0,2,-0.6,-0.6,-0.61200005,1.0431606,0.0,0.09053977,0.0,0.0,0.082,0.0,0.012,0.6,0.6,-27.271551,2.2949991,0.76499975,0.104,0.0,0.1732344,0.0,0.0
hardzero_only__c0p58__z1p00__lam0p000__nu0p50__psi0p00,0.082,borrow,54,314,0.0,2,-0.6,-0.6,-0.60339695,0.97915906,0.10491579,0.10491579,1.0,0.008603095,0.082,0.0,0.012,0.6,0.6,-25.593868,2.154193,0.7180643,0.18400002,0.0,0.13366173,0.0,0.0
hardzero_only__c0p58__z1p00__lam0p000__nu0p50__psi0p00,0.082,borrow,54,315,0.0,2,-0.6,-0.6,-0.61200005,1.0418397,0.0,0.09081557,0.0,0.0,0.082,0.0,0.012,0.6,0.6,-27.301857,2.2920933,0.7640311,0.15200001,0.0,0.16358039,0.0,0.0
hardzero_only__c0p58__z1p00__lam0p000__nu0p50__psi0p00,0.082,borrow,54,316,0.0,2,-0.6,-0.6,-0.61200005,1.0451624,0.0,0.0901234,0.0,0.0,0.082,0.0,0.012,0.6,0.6,-27.576452,2.2994032,0.76646775,0.14400001,0.0,0.17829095,0.0,0.0
hardzero_only__c0p58__z1p00__lam0p000__nu0p50__psi0p00,0.082,borrow,54,317,0.0,2,-0.6,-0.6,-0.61200005,1.0455937,0.0,0.09003393,0.0,0.0,0.082,0.0,0.012,0.6,0.6,-27.716183,2.300352,0.7667841,0.16800001,0.0,0.15087351,0.0,0.0
hardzero_only__c0p58__z1p00__lam0p000__nu0p50__psi0p00,0.082,borrow,54,318,0.0,2,-0.6,-0.6,-0.61200005,1.0097811,0.0,0.09777297,0.0,0.0,0.082,0.0,0.012,0.6,0.6,-27.105093,2.2215629,0.74052095,0.16000001,0.0,0.13669841,0.0,0.0
hardzero_only__c0p58__z1p00__lam0p000__nu0p50__psi0p00,0.082,borrow,54,319,0.0,2,-0.6,-0.6,-0.61200005,1.0444821,0.0,0.090264685,0.0,0.0,0.082,0.0,0.012,0.6,0.6,-28.085657,2.2979064,0.7659688,0.128,0.0,0.14396325,0.0,0.0
hardzero_only__c0p58__z1p00__lam0p000__nu0p50__psi0p00,0.082,borrow,54,320,0.0,2,-0.6,-0.6,-0.6033089,0.97473866,0.105989136,0.105989136,1.0,0.00869111,0.082,0.0,0.012,0.6,0.6,-26.320845,2.1444678,0.71482265,0.15200001,0.0,0.1380883,0.0,0.0
hardzero_only__c0p58__z1p00__lam0p000__nu0p50__psi0p00,0.082,borrow,54,321,0.0,2,-0.6,-0.6,-0.61200005,1.0015512,0.0,0.09964346,0.0,0.0,0.082,0.0,0.012,0.6,0.6,-26.972984,2.2034564,0.7344855,0.16800001,0.0,0.15020385,0.0,0.0
hardzero_only__c0p58__z1p00__lam0p000__nu0p50__psi0p00,0.082,borrow,54,322,0.0,2,-0.6,-0.6,-0.61200005,1.0013789,0.0,0.099683,0.0,0.0,0.082,0.0,0.012,0.6,0.6,-25.93011,2.2030776,0.7343592,0.208,0.0,0.1322842,0.0,0.0
hardzero_only__c0p58__z1p00__lam0p000__nu0p50__psi0p00,0.082,borrow,54,323,0.0,2,-0.6,-0.6,-0.61200005,1.0305198,0.0,0.093213774,0.0,0.0,0.082,0.0,0.012,0.6,0.6,-27.331564,2.267189,0.7557297,0.104,0.0,0.14139527,0.0,0.0
hardzero_only__c0p58__z1p00__lam0p000__nu0p50__psi0p00,0.082,borrow,54,324,0.0,2,-0.6,-0.6,-0.61200005,1.0020189,0.0,0.0995362,0.0,0.0,0.082,0.0,0.012,0.6,0.6,-27.277502,2.2044857,0.7348286,0.224,0.0,0.16724184,0.0,0.0
hardzero_only__c0p58__z1p00__lam0p000__nu0p50__psi0p00,0.082,borrow,54,325,0.0,2,-0.6,-0.6,-0.60351104,0.9849562,0.10352465,0.10352465,1.0,0.008489021,0.082,0.0,0.012,0.6,0.6,-27.265385,2.166947,0.72231567,0.14,0.0,0.14477806,0.0,0.0
hardzero_only__c0p58__z1p00__lam0p000__nu0p50__psi0p00,0.082,borrow,54,326,0.0,2,-0.6,-0.6,-0.61200005,1.0211899,0.0,0.09523795,0.0,0.0,0.082,0.0,0.012,0.6,0.6,-26.664124,2.2466626,0.74888754,0.16800001,0.0,0.14863554,0.0,0.0
hardzero_only__c0p58__z1p00__lam0p000__nu0p50__psi0p00,0.082,borrow,54,327,0.0,2,-0.6,-0.6,-0.61200005,1.0503817,0.0,0.089046806,0.0,0.0,0.082,0.0,0.012,0.6,0.6,-27.697697,2.3108857,0.77029526,0.16800001,0.0,0.14447355,0.0,0.0
hardzero_only__c0p58__z1p00__lam0p000__nu0p50__psi0p00,0.082,borrow,54,328,0.0,2,-0.6,-0.6,-0.61200005,1.0447628,0.0,0.090206355,0.0,0.0,0.082,0.0,0.012,0.6,0.6,-27.639069,2.2985241,0.76617473,0.15200001,0.0,0.16025923,0.0,0.0
hardzero_only__c0p58__z1p00__lam0p000__nu0p50__psi0p00,0.082,borrow,54,329,0.0,2,-0.6,-0.6,-0.61200005,1.05696,0.0,0.08770815,0.0,0.0,0.082,0.0,0.012,0.6,0.6,-28.142767,2.3253584,0.7751195,0.17600001,0.0,0.14409307,0.0,0.0
hardzero_only__c0p58__z1p00__lam0p000__nu0p50__psi0p00,0.082,borrow,54,330,0.0,2,-0.6,-0.6,-0.61200005,1.0411948,0.0,0.09095051,0.0,0.0,0.082,0.0,0.012,0.6,0.6,-27.284218,2.2906742,0.7635581,0.17600001,0.0,0.16748248,0.0,0.0
hardzero_only__c0p58__z1p00__lam0p000__nu0p50__psi0p00,0.082,borrow,54,331,0.0,2,-0.6,-0.6,-0.61200005,1.0354474,0.0,0.09216216,0.0,0.0,0.082,0.0,0.012,0.6,0.6,-27.696096,2.2780297,0.75934327,0.128,0.0,0.14615831,0.0,0.0
hardzero_only__c0p58__z1p00__lam0p000__nu0p50__psi0p00,0.082,borrow,54,332,0.0,2,-0.6,-0.6,-0.60288066,0.9538485,0.111211956,0.111211956,1.0,0.00911938,0.082,0.0,0.012,0.6,0.6,-25.709993,2.0985086,0.6995029,0.15200001,0.0,0.13172789,0.0,0.0
hardzero_only__c0p58__z1p00__lam0p000__nu0p50__psi0p00,0.082,borrow,54,333,0.0,2,-0.6,-0.6,-0.61200005,1.0608903,0.0,0.08691798,0.0,0.0,0.082,0.0,0.012,0.6,0.6,-28.314238,2.3340054,0.7780018,0.18400002,0.0,0.18345433,0.0,0.0
hardzero_only__c0p58__z1p00__lam0p000__nu0p50__psi0p00,0.082,borrow,54,334,0.0,2,-0.6,-0.6,-0.61200005,1.0680492,0.0,0.08549697,0.0,0.0,0.082,0.0,0.012,0.6,0.6,-27.454178,2.349755,0.7832517,0.16000001,0.0,0.18590215,0.0,0.0
hardzero_only__c0p58__z1p00__lam0p000__nu0p50__psi0p00,0.082,borrow,54,335,0.0,2,-0.6,-0.6,-0.6029314,0.9562715,0.1105932,0.1105932,1.0,0.009068643,0.082,0.0,0.012,0.6,0.6,-26.540554,2.1038394,0.7012798,0.208,0.0,0.12124014,0.0,0.0
hardzero_only__c0p58__z1p00__lam0p000__nu0p50__psi0p00,0.082,borrow,54,336,0.0,2,-0.6,-0.6,-0.61200005,1.0060955,0.0,0.09860626,0.0,0.0,0.082,0.0,0.012,0.6,0.6,-27.335344,2.2134542,0.7378181,0.208,0.0,0.14816216,0.0,0.0
hardzero_only__c0p58__z1p00__lam0p000__nu0p50__psi0p00,0.082,borrow,54,337,0.0,2,-0.6,-0.6,-0.61200005,1.0359389,0.0,0.09205792,0.0,0.0,0.082,0.0,0.012,0.6,0.6,-27.168076,2.279111,0.75970364,0.104,0.0,0.1572464,0.0,0.0
hardzero_only__c0p58__z1p00__lam0p000__nu0p50__psi0p00,0.082,borrow,54,338,0.0,2,-0.6,-0.6,-0.6033407,0.97632724,0.10560214,0.10560214,1.0,0.008659376,0.082,0.0,0.012,0.6,0.6,-27.109716,2.1479628,0.7159876,0.16,0.0,0.15984467,0.0,0.0
hardzero_only__c0p58__z1p00__lam0p000__nu0p50__psi0p00,0.082,borrow,54,339,0.0,2,-0.6,-0.6,-0.61200005,1.0521088,0.0,0.08869338,0.0,0.0,0.082,0.0,0.012,0.6,0.6,-28.834372,2.3146856,0.77156186,0.16000001,0.0,0.16569626,0.0,0.0
hardzero_only__c0p58__z1p00__lam0p000__nu0p50__psi0p00,0.082,borrow,54,340,0.0,2,-0.6,-0.6,-0.61200005,1.0101048,0.0,0.09770015,0.0,0.0,0.082,0.0,0.012,0.6,0.6,-27.223562,2.2222748,0.7407583,0.16000001,0.0,0.14033797,0.0,0.0
hardzero_only__c0p58__z1p00__lam0p000__nu0p50__psi0p00,0.082,borrow,54,341,0.0,2,-0.6,-0.6,-0.61200005,1.0206224,0.0,0.095362484,0.0,0.0,0.082,0.0,0.012,0.6,0.6,-26.622486,2.245414,0.7484714,0.16000001,0.0,0.13968691,0.0,0.0
hardzero_only__c0p58__z1p00__lam0p000__nu0p50__psi0p00,0.082,borrow,54,342,0.0,2,-0.6,-0.6,-0.61200005,1.0506781,0.0,0.08898605,0.0,0.0,0.082,0.0,0.012,0.6,0.6,-27.885845,2.311538,0.7705127,0.128,0.0,0.12875384,0.0,0.0
hardzero_only__c0p58__z1p00__lam0p000__nu0p50__psi0p00,0.082,borrow,54,343,0.0,2,-0.6,-0.6,-0.61200005,1.0569031,0.0,0.087719634,0.0,0.0,0.082,0.0,0.012,0.6,0.6,-27.306227,2.3252332,0.77507776,0.128,0.0,0.162504,0.0,0.0
hardzero_only__c0p58__z1p00__lam0p000__nu0p50__psi0p00,0.082,borrow,54,344,0.0,2,-0.6,-0.6,-0.61200005,1.0225064,0.0,0.09494969,0.0,0.0,0.082,0.0,0.012,0.6,0.6,-27.831305,2.249559,0.749853,0.136,0.0,0.17338948,0.0,0.0
hardzero_only__c0p58__z1p00__lam0p000__nu0p50__psi0p00,0.082,borrow,54,345,0.0,2,-0.6,-0.6,-0.61200005,1.009944,0.0,0.09773633,0.0,0.0,0.082,0.0,0.012,0.6,0.6,-27.468552,2.2219212,0.7406404,0.136,0.0,0.16379234,0.0,0.0
hardzero_only__c0p58__z1p00__lam0p000__nu0p50__psi0p00,0.082,borrow,54,346,0.0,2,-0.6,-0.6,-0.61200005,1.000873,0.0,0.099799186,0.0,0.0,0.082,0.0,0.012,0.6,0.6,-26.769253,2.2019646,0.7339882,0.18400002,0.0,0.13559262,0.0,0.0
hardzero_only__c0p58__z1p00__lam0p000__nu0p50__psi0p00,0.082,borrow,54,347,0.0,2,-0.6,-0.6,-0.61200005,1.0211744,0.0,0.09524136,0.0,0.0,0.082,0.0,0.012,0.6,0.6,-26.504002,2.2466285,0.7488762,0.192,0.0,0.15637596,0.0,0.0
hardzero_only__c0p58__z1p00__lam0p000__nu0p50__psi0p00,0.082,borrow,54,348,0.0,2,-0.6,-0.6,-0.6032271,0.97066814,0.106987216,0.106987216,1.0,0.008772952,0.082,0.0,0.012,0.6,0.6,-26.591387,2.1355126,0.71183753,0.18400002,0.0,0.15210286,0.0,0.0
hardzero_only__c0p58__z1p00__lam0p000__nu0p50__psi0p00,0.082,borrow,54,349,0.0,2,-0.6,-0.6,-0.61200005,1.0161481,0.0,0.096350044,0.0,0.0,0.082,0.0,0.012,0.6,0.6,-27.595901,2.2355704,0.74519014,0.104,0.0,0.1782033,0.0,0.0
hardzero_only__c0p58__z1p00__lam0p000__nu0p50__psi0p00,0.082,borrow,54,350,0.0,2,-0.6,-0.6,-0.61200005,1.021805,0.0,0.095103145,0.0,0.0,0.082,0.0,0.012,0.6,0.6,-26.67076,2.248016,0.74933875,0.17600001,0.0,0.14894544,0.0,0.0
hardzero_only__c0p58__z1p00__lam0p000__nu0p50__psi0p00,0.082,borrow,54,351,0.0,2,-0.6,-0.6,-0.61200005,1.0543178,0.0,0.08824338,0.0,0.0,0.082,0.0,0.012,0.6,0.6,-27.910038,2.3195455,0.77318186,0.089999996,0.0,0.14664869,0.0,0.0
hardzero_only__c0p58__z1p00__lam0p000__nu0p50__psi0p00,0.082,borrow,54,352,0.0,2,-0.6,-0.6,-0.6034837,0.98355895,0.103858255,0.103858255,1.0,0.008516377,0.082,0.0,0.012,0.6,0.6,-26.815943,2.163873,0.721291,0.104,0.0,0.15065409,0.0,0.0
hardzero_only__c0p58__z1p00__lam0p000__nu0p50__psi0p00,0.082,borrow,54,353,0.0,2,-0.6,-0.6,-0.60330325,0.9744555,0.106058255,0.106058255,1.0,0.008696777,0.082,0.0,0.012,0.6,0.6,-26.27156,2.1438448,0.714615,0.136,0.0,0.13323715,0.0,0.0
hardzero_only__c0p58__z1p00__lam0p000__nu0p50__psi0p00,0.082,borrow,54,354,0.0,2,-0.6,-0.6,-0.61200005,1.0213655,0.0,0.09519945,0.0,0.0,0.082,0.0,0.012,0.6,0.6,-27.590372,2.247049,0.7490164,0.17600001,0.0,0.14605302,0.0,0.0
hardzero_only__c0p58__z1p00__lam0p000__nu0p50__psi0p00,0.082,borrow,54,355,0.0,2,-0.6,-0.6,-0.6030668,0.9628055,0.108941786,0.108941786,1.0,0.008933227,0.082,0.0,0.012,0.6,0.6,-26.523651,2.1182144,0.7060715,0.17600001,0.0,0.12779042,0.0,0.0
hardzero_only__c0p58__z1p00__lam0p000__nu0p50__psi0p00,0.082,borrow,54,356,0.0,2,-0.6,-0.6,-0.61200005,1.0038549,0.0,0.09911631,0.0,0.0,0.082,0.0,0.012,0.6,0.6,-26.42145,2.2085247,0.73617494,0.14400001,0.0,0.13796295,0.0,0.0
hardzero_only__c0p58__z1p00__lam0p000__nu0p50__psi0p00,0.082,borrow,54,357,0.0,2,-0.6,-0.6,-0.61200005,1.0090833,0.0,0.097930215,0.0,0.0,0.082,0.0,0.012,0.6,0.6,-26.732603,2.2200274,0.7400092,0.136,0.0,0.12711245,0.0,0.0
hardzero_only__c0p58__z1p00__lam0p000__nu0p50__psi0p00,0.082,borrow,54,358,0.0,2,-0.6,-0.6,-0.61200005,1.0305284,0.0,0.093211934,0.0,0.0,0.082,0.0,0.012,0.6,0.6,-27.56931,2.2672079,0.755736,0.120000005,0.0,0.1521012,0.0,0.0
hardzero_only__c0p58__z1p00__lam0p000__nu0p50__psi0p00,0.082,borrow,54,359,0.0,2,-0.6,-0.6,-0.60279995,0.9500208,0.11219646,0.11219646,1.0,0.00920011,0.082,0.0,0.012,0.6,0.6,-26.449652,2.0900874,0.6966958,0.16800001,0.0,0.15531176,0.0,0.0
hardzero_only__c0p58__z1p00__lam0p000__nu0p50__psi0p00,0.082,borrow,54,360,0.0,2,-0.6,-0.6,-0.61200005,1.0905266,0.0,0.08118456,0.0,0.0,0.082,0.0,0.012,0.6,0.6,-27.999401,2.3992064,0.7997355,0.120000005,0.0,0.14733864,0.0,0.0
hardzero_only__c0p58__z1p00__lam0p000__nu0p50__psi0p00,0.082,borrow,54,361,0.0,2,-0.6,-0.6,-0.60336447,0.9775235,0.10531166,0.10531166,1.0,0.008635556,0.082,0.0,0.012,0.6,0.6,-25.970234,2.1505947,0.71686494,0.18400002,0.0,0.117421344,0.0,0.0
hardzero_only__c0p58__z1p00__lam0p000__nu0p50__psi0p00,0.082,borrow,54,362,0.0,2,-0.6,-0.6,-0.61200005,1.0272845,0.0,0.093910776,0.0,0.0,0.082,0.0,0.012,0.6,0.6,-27.583614,2.260071,0.75335705,0.120000005,0.0,0.17897312,0.0,0.0
hardzero_only__c0p58__z1p00__lam0p000__nu0p50__psi0p00,0.082,borrow,54,363,0.0,2,-0.6,-0.6,-0.6035334,0.9861025,0.103251755,0.103251755,1.0,0.008466644,0.082,0.0,0.012,0.6,0.6,-26.49407,2.1694689,0.72315633,0.208,0.0,0.12511988,0.0,0.0
hardzero_only__c0p58__z1p00__lam0p000__nu0p50__psi0p00,0.082,borrow,54,364,0.0,2,-0.6,-0.6,-0.61200005,1.0015007,0.0,0.09965503,0.0,0.0,0.082,0.0,0.012,0.6,0.6,-26.89659,2.2033455,0.73444855,0.17,0.0,0.14569725,0.0,0.0
hardzero_only__c0p58__z1p00__lam0p000__nu0p50__psi0p00,0.082,borrow,54,365,0.0,2,-0.6,-0.6,-0.61200005,1.0658251,0.0,0.08593595,0.0,0.0,0.082,0.0,0.012,0.6,0.6,-28.478495,2.344862,0.7816207,0.192,0.0,0.23266226,0.0,0.0
hardzero_only__c0p58__z1p00__lam0p000__nu0p50__psi0p00,0.082,borrow,54,366,0.0,2,-0.6,-0.6,-0.6037232,0.9959504,0.10093681,0.10093681,1.0,0.008276818,0.082,0.0,0.012,0.6,0.6,-26.87485,2.1911347,0.73037827,0.18400002,0.0,0.13524961,0.0,0.0
hardzero_only__c0p58__z1p00__lam0p000__nu0p50__psi0p00,0.082,borrow,54,367,0.0,2,-0.6,-0.6,-0.6036486,0.9920513,0.10184709,0.10184709,1.0,0.008351462,0.082,0.0,0.012,0.6,0.6,-25.777998,2.1825564,0.7275188,0.2,0.0,0.13707246,0.0,0.0
hardzero_only__c0p58__z1p00__lam0p000__nu0p50__psi0p00,0.082,borrow,54,368,0.0,2,-0.6,-0.6,-0.61200005,1.0405072,0.0,0.091094635,0.0,0.0,0.082,0.0,0.012,0.6,0.6,-27.723635,2.2891614,0.76305383,0.18400002,0.0,0.17063302,0.0,0.0
hardzero_only__c0p58__z1p00__lam0p000__nu0p50__psi0p00,0.082,borrow,54,369,0.0,2,-0.6,-0.6,-0.603119,0.96535057,0.10830522,0.10830522,1.0,0.008881029,0.082,0.0,0.012,0.6,0.6,-27.267006,2.1238136,0.7079379,0.23200001,0.0,0.13393149,0.0,0.0
hardzero_only__c0p58__z1p00__lam0p000__nu0p50__psi0p00,0.082,borrow,54,370,0.0,2,-0.6,-0.6,-0.61200005,1.0208683,0.0,0.095308505,0.0,0.0,0.082,0.0,0.012,0.6,0.6,-26.645018,2.2459552,0.74865174,0.128,0.0,0.13753958,0.0,0.0
hardzero_only__c0p58__z1p00__lam0p000__nu0p50__psi0p00,0.082,borrow,54,371,0.0,2,-0.6,-0.6,-0.61200005,1.0221773,0.0,0.095021665,0.0,0.0,0.082,0.0,0.012,0.6,0.6,-27.807423,2.248835,0.74961174,0.136,0.0,0.14791226,0.0,0.0
hardzero_only__c0p58__z1p00__lam0p000__nu0p50__psi0p00,0.082,borrow,54,372,0.0,2,-0.6,-0.6,-0.6037499,0.99734914,0.100612246,0.100612246,1.0,0.008250204,0.082,0.0,0.012,0.6,0.6,-26.437454,2.194212,0.731404,0.2,0.0,0.14184672,0.0,0.0
hardzero_only__c0p58__z1p00__lam0p000__nu0p50__psi0p00,0.082,borrow,54,373,0.0,2,-0.6,-0.6,-0.6037914,0.99954385,0.10010508,0.10010508,1.0,0.008208617,0.082,0.0,0.012,0.6,0.6,-26.263796,2.1990404,0.7330135,0.192,0.0,0.14263073,0.0,0.0
hardzero_only__c0p58__z1p00__lam0p000__nu0p50__psi0p00,0.082,borrow,54,374,0.0,2,-0.6,-0.6,-0.61200005,1.0131639,0.0,0.09701436,0.0,0.0,0.082,0.0,0.012,0.6,0.6,-26.78551,2.229005,0.7430017,0.16800001,0.008,0.15175217,0.0,0.0
hardzero_only__c0p58__z1p00__lam0p000__nu0p50__psi0p00,0.082,borrow,54,375,0.0,2,-0.6,-0.6,-0.61200005,1.0267328,0.0,0.09403016,0.0,0.0,0.082,0.0,0.012,0.6,0.6,-26.985722,2.2588573,0.75295246,0.128,0.0,0.14813296,0.0,0.0
hardzero_only__c0p58__z1p00__lam0p000__nu0p50__psi0p00,0.082,borrow,54,376,0.0,2,-0.6,-0.6,-0.6037849,0.9991981,0.10018483,0.10018483,1.0,0.008215156,0.082,0.0,0.012,0.6,0.6,-26.990814,2.1982796,0.7327599,0.16800001,0.0,0.15113612,0.0,0.0
hardzero_only__c0p58__z1p00__lam0p000__nu0p50__psi0p00,0.082,borrow,54,377,0.0,2,-0.6,-0.6,-0.60369396,0.9944186,0.10129347,0.10129347,1.0,0.008306065,0.082,0.0,0.012,0.6,0.6,-26.735334,2.1877646,0.7292549,0.19,0.0,0.14971957,0.0,0.0
hardzero_only__c0p58__z1p00__lam0p000__nu0p50__psi0p00,0.082,borrow,54,378,0.0,2,-0.6,-0.6,-0.61200005,1.0230709,0.0,0.094826356,0.0,0.0,0.082,0.0,0.012,0.6,0.6,-27.641027,2.250801,0.750267,0.14400001,0.0,0.16073565,0.0,0.0
hardzero_only__c0p58__z1p00__lam0p000__nu0p50__psi0p00,0.082,borrow,54,379,0.0,2,-0.6,-0.6,-0.6032612,0.97235733,0.10657189,0.10657189,1.0,0.008738895,0.082,0.0,0.012,0.6,0.6,-26.2876,2.1392288,0.7130763,0.16000001,0.0,0.13599119,0.0,0.0
hardzero_only__c0p58__z1p00__lam0p000__nu0p50__psi0p00,0.082,borrow,54,380,0.0,2,-0.6,-0.6,-0.61200005,1.0780333,0.0,0.08355388,0.0,0.0,0.082,0.0,0.012,0.6,0.6,-28.500889,2.3717208,0.7905736,0.128,0.0,0.14689088,0.0,0.0
hardzero_only__c0p58__z1p00__lam0p000__nu0p50__psi0p00,0.082,borrow,54,381,0.0,2,-0.6,-0.6,-0.61200005,1.0054337,0.0,0.09875664,0.0,0.0,0.082,0.0,0.012,0.6,0.6,-26.43156,2.2119982,0.73733276,0.18400002,0.0,0.15692562,0.0,0.0
hardzero_only__c0p58__z1p00__lam0p000__nu0p50__psi0p00,0.082,borrow,54,382,0.0,2,-0.6,-0.6,-0.61200005,1.0416015,0.0,0.09086537,0.0,0.0,0.082,0.0,0.012,0.6,0.6,-26.881323,2.2915692,0.7638564,0.15200001,0.0,0.1702948,0.0,0.0
hardzero_only__c0p58__z1p00__lam0p000__nu0p50__psi0p00,0.082,borrow,54,383,0.0,2,-0.6,-0.6,-0.603653,0.99228245,0.1017929,0.1017929,1.0,0.008347019,0.082,0.0,0.012,0.6,0.6,-27.336191,2.183065,0.7276883,0.15200001,0.0,0.13826987,0.0,0.0
hardzero_only__c0p58__z1p00__lam0p000__nu0p50__psi0p00,0.082,borrow,54,384,0.0,2,-0.6,-0.6,-0.61200005,1.0424806,0.0,0.090681635,0.0,0.0,0.082,0.0,0.012,0.6,0.6,-26.90077,2.293503,0.76450104,0.104,0.0,0.17140839,0.0,0.0
hardzero_only__c0p58__z1p00__lam0p000__nu0p50__psi0p00,0.082,borrow,54,385,0.0,2,-0.6,-0.6,-0.61200005,1.0474126,0.0,0.08965765,0.0,0.0,0.082,0.0,0.012,0.6,0.6,-27.88966,2.3043537,0.7681179,0.08800001,0.0,0.1881881,0.0,0.0
hardzero_only__c0p58__z1p00__lam0p000__nu0p50__psi0p00,0.082,borrow,54,386,0.0,2,-0.6,-0.6,-0.61200005,1.0280133,0.0,0.09375331,0.0,0.0,0.082,0.0,0.012,0.6,0.6,-27.995436,2.2616746,0.7538916,0.14400001,0.0,0.17240931,0.0,0.0
hardzero_only__c0p58__z1p00__lam0p000__nu0p50__psi0p00,0.082,borrow,54,387,0.0,2,-0.6,-0.6,-0.6035052,0.9846566,0.103596106,0.103596106,1.0,0.008494881,0.082,0.0,0.012,0.6,0.6,-26.322935,2.1662877,0.7220959,0.080000006,0.0,0.13142976,0.0,0.0
hardzero_only__c0p58__z1p00__lam0p000__nu0p50__psi0p00,0.082,borrow,54,388,0.0,2,-0.6,-0.6,-0.6037236,0.9959697,0.100932315,0.100932315,1.0,0.00827645,0.082,0.0,0.012,0.6,0.6,-26.860245,2.1911771,0.7303924,0.2,0.0,0.14107049,0.0,0.0
hardzero_only__c0p58__z1p00__lam0p000__nu0p50__psi0p00,0.082,borrow,54,389,0.0,2,-0.6,-0.6,-0.60343486,0.98107696,0.10445351,0.10445351,1.0,0.008565188,0.082,0.0,0.012,0.6,0.6,-25.974627,2.1584125,0.71947086,0.112,0.0,0.12626877,0.0,0.0
hardzero_only__c0p58__z1p00__lam0p000__nu0p50__psi0p00,0.082,borrow,54,390,0.0,2,-0.6,-0.6,-0.61200005,1.0487,0.0,0.089392275,0.0,0.0,0.082,0.0,0.012,0.6,0.6,-28.2856,2.3071861,0.76906204,0.12,0.0,0.16780518,0.0,0.0
hardzero_only__c0p58__z1p00__lam0p000__nu0p50__psi0p00,0.082,borrow,54,391,0.0,2,-0.6,-0.6,-0.6036449,0.99185944,0.10189209,0.10189209,1.0,0.008355152,0.082,0.0,0.012,0.6,0.6,-25.733807,2.1821344,0.72737813,0.16800001,0.0,0.12626195,0.0,0.0
hardzero_only__c0p58__z1p00__lam0p000__nu0p50__psi0p00,0.082,borrow,54,392,0.0,2,-0.6,-0.6,-0.61200005,1.0123594,0.0,0.097194254,0.0,0.0,0.082,0.0,0.012,0.6,0.6,-27.108332,2.227235,0.74241173,0.2,0.0,0.15624337,0.0,0.0
hardzero_only__c0p58__z1p00__lam0p000__nu0p50__psi0p00,0.082,borrow,54,393,0.0,2,-0.6,-0.6,-0.6037472,0.9972102,0.10064444,0.10064444,1.0,0.008252844,0.082,0.0,0.012,0.6,0.6,-26.714964,2.1939063,0.73130214,0.224,0.0,0.16220236,0.0,0.0
hardzero_only__c0p58__z1p00__lam0p000__nu0p50__psi0p00,0.082,borrow,54,394,0.0,2,-0.6,-0.6,-0.61200005,1.007782,0.0,0.098224096,0.0,0.0,0.082,0.0,0.012,0.6,0.6,-26.354044,2.2171645,0.73905486,0.15200001,0.0,0.1228534,0.0,0.0
hardzero_only__c0p58__z1p00__lam0p000__nu0p50__psi0p00,0.082,borrow,54,395,0.0,2,-0.6,-0.6,-0.61200005,1.0627434,0.0,0.0865479,0.0,0.0,0.082,0.0,0.012,0.6,0.6,-27.766254,2.3380823,0.7793608,0.128,0.0,0.17890169,0.0,0.0
hardzero_only__c0p58__z1p00__lam0p000__nu0p50__psi0p00,0.082,borrow,54,396,0.0,2,-0.6,-0.6,-0.61200005,1.0732672,0.0,0.08447589,0.0,0.0,0.082,0.0,0.012,0.6,0.6,-27.901297,2.3612351,0.7870784,0.15200001,0.0,0.17861624,0.0,0.0
hardzero_only__c0p58__z1p00__lam0p000__nu0p50__psi0p00,0.082,borrow,54,397,0.0,2,-0.6,-0.6,-0.61200005,1.0931752,0.0,0.08069095,0.0,0.0,0.082,0.0,0.012,0.6,0.6,-28.465717,2.4050333,0.8016778,0.15200001,0.0,0.1446083,0.0,0.0
hardzero_only__c0p58__z1p00__lam0p000__nu0p50__psi0p00,0.082,borrow,54,398,0.0,2,-0.6,-0.6,-0.61200005,1.0118928,0.0,0.09729873,0.0,0.0,0.082,0.0,0.012,0.6,0.6,-27.254007,2.2262087,0.7420696,0.08800001,0.0,0.14318192,0.0,0.0
hardzero_only__c0p58__z1p00__lam0p000__nu0p50__psi0p00,0.082,borrow,54,399,0.0,2,-0.6,-0.6,-0.61200005,1.0199177,0.0,0.09551735,0.0,0.0,0.082,0.0,0.012,0.6,0.6,-27.227568,2.2438638,0.7479546,0.120000005,0.0,0.14444566,0.0,0.0
hardzero_only__c0p58__z1p00__lam0p000__nu0p50__psi0p00,0.082,borrow,54,400,0.0,2,-0.6,-0.6,-0.6034908,0.98392385,0.10377102,0.10377102,1.0,0.008509224,0.082,0.0,0.012,0.6,0.6,-26.286482,2.1646757,0.7215586,0.128,0.0,0.15380402,0.0,0.0
hardzero_only__c0p58__z1p00__lam0p000__nu0p50__psi0p00,0.082,borrow,54,401,0.0,2,-0.6,-0.6,-0.6036789,0.9936281,0.101477996,0.101477996,1.0,0.008321196,0.082,0.0,0.012,0.6,0.6,-27.225494,2.1860254,0.7286751,0.128,0.0,0.15011427,0.0,0.0
hardzero_only__c0p58__z1p00__lam0p000__nu0p50__psi0p00,0.082,borrow,54,402,0.0,2,-0.6,-0.6,-0.6035113,0.98497003,0.10352137,0.10352137,1.0,0.008488753,0.082,0.0,0.012,0.6,0.6,-26.836578,2.1669774,0.7223258,0.16000001,0.0,0.15003589,0.0,0.0
hardzero_only__c0p58__z1p00__lam0p000__nu0p50__psi0p00,0.082,borrow,54,403,0.0,2,-0.6,-0.6,-0.61200005,1.0091296,0.0,0.097919755,0.0,0.0,0.082,0.0,0.012,0.6,0.6,-27.276445,2.2201295,0.74004316,0.16,0.0,0.1352639,0.0,0.0
hardzero_only__c0p58__z1p00__lam0p000__nu0p50__psi0p00,0.082,borrow,54,404,0.0,2,-0.6,-0.6,-0.6034716,0.98294336,0.10400558,0.10400558,1.0,0.008528458,0.082,0.0,0.012,0.6,0.6,-25.338415,2.1625185,0.7208395,0.120000005,0.0,0.12626143,0.0,0.0
hardzero_only__c0p58__z1p00__lam0p000__nu0p50__psi0p00,0.082,borrow,54,405,0.0,2,-0.6,-0.6,-0.61200005,1.0029963,0.0,0.09931243,0.0,0.0,0.082,0.0,0.012,0.6,0.6,-27.225283,2.206636,0.73554534,0.2,0.0,0.17873234,0.0,0.0
hardzero_only__c0p58__z1p00__lam0p000__nu0p50__psi0p00,0.082,borrow,54,406,0.0,2,-0.6,-0.6,-0.61200005,1.0123153,0.0,0.09720413,0.0,0.0,0.082,0.0,0.012,0.6,0.6,-27.302166,2.227138,0.74237937,0.104,0.0,0.15434861,0.0,0.0
hardzero_only__c0p58__z1p00__lam0p000__nu0p50__psi0p00,0.082,borrow,54,407,0.0,2,-0.6,-0.6,-0.60340804,0.9797178,0.10478091,0.10478091,1.0,0.008592035,0.082,0.0,0.012,0.6,0.6,-25.77391,2.1554222,0.7184741,0.15200001,0.008,0.139189,0.0,0.0
hardzero_only__c0p58__z1p00__lam0p000__nu0p50__psi0p00,0.082,borrow,54,408,0.0,2,-0.6,-0.6,-0.61200005,1.0000061,0.0,0.099998586,0.0,0.0,0.082,0.0,0.012,0.6,0.6,-26.087158,2.2000573,0.7333524,0.104,0.0,0.13072526,0.0,0.0
hardzero_only__c0p58__z1p00__lam0p000__nu0p50__psi0p00,0.082,borrow,54,409,0.0,2,-0.6,-0.6,-0.61200005,1.0035393,0.0,0.09918834,0.0,0.0,0.082,0.0,0.012,0.6,0.6,-27.290873,2.2078307,0.73594356,0.18400002,0.0,0.1636492,0.0,0.0
hardzero_only__c0p58__z1p00__lam0p000__nu0p50__psi0p00,0.082,borrow,54,410,0.0,2,-0.6,-0.6,-0.61200005,1.0287613,0.0,0.093591996,0.0,0.0,0.082,0.0,0.012,0.6,0.6,-27.356644,2.26332,0.75444,0.128,0.0,0.14636497,0.0,0.0
hardzero_only__c0p58__z1p00__lam0p000__nu0p50__psi0p00,0.082,borrow,54,411,0.0,2,-0.6,-0.6,-0.6036371,0.9914557,0.10198688,0.10198688,1.0,0.008362924,0.082,0.0,0.012,0.6,0.6,-26.614517,2.181246,0.727082,0.192,0.0,0.14628604,0.0,0.0
hardzero_only__c0p58__z1p00__lam0p000__nu0p50__psi0p00,0.082,borrow,54,412,0.0,2,-0.6,-0.6,-0.60373294,0.9964618,0.10081802,0.10081802,1.0,0.008267079,0.082,0.0,0.012,0.6,0.6,-26.887333,2.1922598,0.7307533,0.136,0.0,0.15545495,0.0,0.0
hardzero_only__c0p58__z1p00__lam0p000__nu0p50__psi0p00,0.082,borrow,54,413,0.0,2,-0.6,-0.6,-0.6028317,0.95152247,0.11180918,0.11180918,1.0,0.009168353,0.082,0.0,0.012,0.6,0.6,-26.271135,2.0933912,0.69779706,0.216,0.0,0.118290916,0.0,0.0
hardzero_only__c0p58__z1p00__lam0p000__nu0p50__psi0p00,0.082,borrow,54,414,0.0,2,-0.6,-0.6,-0.61200005,1.017846,0.0,0.09597409,0.0,0.0,0.082,0.0,0.012,0.6,0.6,-27.016706,2.239306,0.74643534,0.16800001,0.0,0.15638171,0.0,0.0
hardzero_only__c0p58__z1p00__lam0p000__nu0p50__psi0p00,0.082,borrow,54,415,0.0,2,-0.6,-0.6,-0.61200005,1.013776,0.0,0.09687774,0.0,0.0,0.082,0.0,0.012,0.6,0.6,-26.70331,2.2303517,0.7434506,0.17600001,0.0,0.14519799,0.0,0.0
hardzero_only__c0p58__z1p00__lam0p000__nu0p50__psi0p00,0.082,borrow,54,416,0.0,2,-0.6,-0.6,-0.6031074,0.96478313,0.108446814,0.108446814,1.0,0.008892639,0.082,0.0,0.012,0.6,0.6,-27.20908,2.1225653,0.7075218,0.17,0.0,0.12127809,0.0,0.0
hardzero_only__c0p58__z1p00__lam0p000__nu0p50__psi0p00,0.082,borrow,54,417,0.0,2,-0.6,-0.6,-0.603512,0.9850058,0.10351283,0.10351283,1.0,0.0084880525,0.082,0.0,0.012,0.6,0.6,-26.506372,2.167056,0.722352,0.17600001,0.0,0.14974307,0.0,0.0
hardzero_only__c0p58__z1p00__lam0p000__nu0p50__psi0p00,0.082,borrow,54,418,0.0,2,-0.6,-0.6,-0.61200005,1.002869,0.0,0.099341564,0.0,0.0,0.082,0.0,0.012,0.6,0.6,-27.125221,2.2063558,0.73545194,0.15200001,0.0,0.14145137,0.0,0.0
hardzero_only__c0p58__z1p00__lam0p000__nu0p50__psi0p00,0.082,borrow,54,419,0.0,2,-0.6,-0.6,-0.61200005,1.0548404,0.0,0.088137254,0.0,0.0,0.082,0.0,0.012,0.6,0.6,-27.822605,2.3206954,0.7735652,0.14400001,0.0,0.1432977,0.0,0.0
hardzero_only__c0p58__z1p00__lam0p000__nu0p50__psi0p00,0.082,borrow,54,420,0.0,2,-0.6,-0.6,-0.61200005,1.0126909,0.0,0.097120106,0.0,0.0,0.082,0.0,0.012,0.6,0.6,-26.441624,2.2279644,0.7426548,0.136,0.0,0.1461158,0.0,0.0
hardzero_only__c0p58__z1p00__lam0p000__nu0p50__psi0p00,0.082,borrow,54,421,0.0,2,-0.6,-0.6,-0.6037517,0.9974494,0.100589015,0.100589015,1.0,0.008248299,0.082,0.0,0.012,0.6,0.6,-26.291376,2.1944325,0.7314775,0.15200001,0.0,0.12606795,0.0,0.0
hardzero_only__c0p58__z1p00__lam0p000__nu0p50__psi0p00,0.082,borrow,54,422,0.0,2,-0.6,-0.6,-0.61200005,1.0227541,0.0,0.094895564,0.0,0.0,0.082,0.0,0.012,0.6,0.6,-27.082329,2.250104,0.7500347,0.136,0.0,0.143441,0.0,0.0
hardzero_only__c0p58__z1p00__lam0p000__nu0p50__psi0p00,0.082,borrow,54,423,0.0,2,-0.6,-0.6,-0.6037669,0.9982495,0.10040388,0.10040388,1.0,0.008233119,0.082,0.0,0.012,0.6,0.6,-27.189968,2.1961927,0.73206425,0.16800001,0.0,0.16054665,0.0,0.0
hardzero_only__c0p58__z1p00__lam0p000__nu0p50__psi0p00,0.082,borrow,54,424,0.0,2,-0.6,-0.6,-0.61200005,1.0458478,0.0,0.08998129,0.0,0.0,0.082,0.0,0.012,0.6,0.6,-28.00235,2.300911,0.76697034,0.072000004,0.0,0.14540276,0.0,0.0
hardzero_only__c0p58__z1p00__lam0p000__nu0p50__psi0p00,0.082,borrow,54,425,0.0,2,-0.6,-0.6,-0.6037137,0.9954516,0.1010528,0.1010528,1.0,0.00828633,0.082,0.0,0.012,0.6,0.6,-26.454124,2.1900373,0.7300124,0.08800001,0.0,0.15198703,0.0,0.0
hardzero_only__c0p58__z1p00__lam0p000__nu0p50__psi0p00,0.082,borrow,54,426,0.0,2,-0.6,-0.6,-0.6034835,0.98354936,0.10386055,0.10386055,1.0,0.008516565,0.082,0.0,0.012,0.6,0.6,-26.646856,2.1638517,0.7212839,0.216,0.0,0.14954041,0.0,0.0
hardzero_only__c0p58__z1p00__lam0p000__nu0p50__psi0p00,0.082,borrow,54,427,0.0,2,-0.6,-0.6,-0.61200005,1.0237423,0.0,0.09467987,0.0,0.0,0.082,0.0,0.012,0.6,0.6,-28.476019,2.252278,0.75075936,0.208,0.0,0.16833505,0.0,0.0
hardzero_only__c0p58__z1p00__lam0p000__nu0p50__psi0p00,0.082,borrow,54,428,0.0,2,-0.6,-0.6,-0.61200005,1.0095816,0.0,0.09781792,0.0,0.0,0.082,0.0,0.012,0.6,0.6,-26.749756,2.2211237,0.74037457,0.14400001,0.0,0.14475538,0.0,0.0
hardzero_only__c0p58__z1p00__lam0p000__nu0p50__psi0p00,0.082,borrow,54,429,0.0,2,-0.6,-0.6,-0.61200005,1.0256934,0.0,0.09425548,0.0,0.0,0.082,0.0,0.012,0.6,0.6,-26.667786,2.2565706,0.75219023,0.089999996,0.0,0.14975278,0.0,0.0
hardzero_only__c0p58__z1p00__lam0p000__nu0p50__psi0p00,0.082,borrow,54,430,0.0,2,-0.6,-0.6,-0.61200005,1.0713061,0.0,0.08485821,0.0,0.0,0.082,0.0,0.012,0.6,0.6,-27.931646,2.3569205,0.7856402,0.192,0.0,0.15034892,0.0,0.0
hardzero_only__c0p58__z1p00__lam0p000__nu0p50__psi0p00,0.082,borrow,54,431,0.0,2,-0.6,-0.6,-0.61200005,1.0417935,0.0,0.09082522,0.0,0.0,0.082,0.0,0.012,0.6,0.6,-27.849333,2.2919915,0.7639972,0.14400001,0.0,0.15950379,0.0,0.0
hardzero_only__c0p58__z1p00__lam0p000__nu0p50__psi0p00,0.082,borrow,54,432,0.0,2,-0.6,-0.6,-0.6031938,0.9690242,0.107392944,0.107392944,1.0,0.008806222,0.082,0.0,0.012,0.6,0.6,-26.61847,2.1318958,0.71063197,0.192,0.0,0.13918218,0.0,0.0
hardzero_only__c0p58__z1p00__lam0p000__nu0p50__psi0p00,0.082,borrow,54,433,0.0,2,-0.6,-0.6,-0.61200005,1.0456867,0.0,0.09001466,0.0,0.0,0.082,0.0,0.012,0.6,0.6,-27.650927,2.3005567,0.76685226,0.24800001,0.0,0.1680598,0.0,0.0
hardzero_only__c0p58__z1p00__lam0p000__nu0p50__psi0p00,0.082,borrow,54,434,0.0,2,-0.6,-0.6,-0.61200005,1.038831,0.0,0.0914469,0.0,0.0,0.082,0.0,0.012,0.6,0.6,-28.077911,2.2854738,0.7618246,0.15200001,0.0,0.16441639,0.0,0.0
hardzero_only__c0p58__z1p00__lam0p000__nu0p50__psi0p00,0.082,borrow,54,435,0.0,2,-0.6,-0.6,-0.61200005,1.0144998,0.0,0.09671642,0.0,0.0,0.082,0.0,0.012,0.6,0.6,-27.697939,2.231944,0.74398136,0.128,0.0,0.15440403,0.0,0.0
hardzero_only__c0p58__z1p00__lam0p000__nu0p50__psi0p00,0.082,borrow,54,436,0.0,2,-0.6,-0.6,-0.61200005,1.0453712,0.0,0.0900801,0.0,0.0,0.082,0.0,0.012,0.6,0.6,-28.310486,2.2998626,0.7666209,0.192,0.0,0.17839237,0.0,0.0
hardzero_only__c0p58__z1p00__lam0p000__nu0p50__psi0p00,0.082,borrow,54,437,0.0,2,-0.6,-0.6,-0.61200005,1.0885516,0.0,0.08155458,0.0,0.0,0.082,0.0,0.012,0.6,0.6,-29.455492,2.3948615,0.79828715,0.18400002,0.0,0.18051006,0.0,0.0
hardzero_only__c0p58__z1p00__lam0p000__nu0p50__psi0p00,0.082,borrow,54,438,0.0,2,-0.6,-0.6,-0.61200005,1.0356606,0.0,0.092116915,0.0,0.0,0.082,0.0,0.012,0.6,0.6,-26.820953,2.278499,0.75949967,0.17600001,0.0,0.15144813,0.0,0.0
hardzero_only__c0p58__z1p00__lam0p000__nu0p50__psi0p00,0.082,borrow,54,439,0.0,2,-0.6,-0.6,-0.61200005,1.0179119,0.0,0.095959514,0.0,0.0,0.082,0.0,0.012,0.6,0.6,-26.865248,2.239451,0.7464837,0.17600001,0.0,0.17207451,0.0,0.0
hardzero_only__c0p58__z1p00__lam0p000__nu0p50__psi0p00,0.082,borrow,54,440,0.0,2,-0.6,-0.6,-0.61200005,1.036735,0.0,0.09188929,0.0,0.0,0.082,0.0,0.012,0.6,0.6,-27.48839,2.2808626,0.7602875,0.14400001,0.0,0.17732662,0.0,0.0
hardzero_only__c0p58__z1p00__lam0p000__nu0p50__psi0p00,0.082,borrow,54,441,0.0,2,-0.6,-0.6,-0.61200005,1.0226799,0.0,0.09491176,0.0,0.0,0.082,0.0,0.012,0.6,0.6,-27.340534,2.2499409,0.74998033,0.16800001,0.0,0.17404303,0.0,0.0
hardzero_only__c0p58__z1p00__lam0p000__nu0p50__psi0p00,0.082,borrow,54,442,0.0,2,-0.6,-0.6,-0.603262,0.97240067,0.10656124,0.10656124,1.0,0.008738022,0.082,0.0,0.012,0.6,0.6,-25.71045,2.1393242,0.71310806,0.17999999,0.0,0.15827452,0.0,0.0
hardzero_only__c0p58__z1p00__lam0p000__nu0p50__psi0p00,0.082,borrow,54,443,0.0,2,-0.6,-0.6,-0.61200005,1.0362321,0.0,0.09199578,0.0,0.0,0.082,0.0,0.012,0.6,0.6,-27.424204,2.279756,0.7599187,0.17600001,0.0,0.14226183,0.0,0.0
hardzero_only__c0p58__z1p00__lam0p000__nu0p50__psi0p00,0.082,borrow,54,444,0.0,2,-0.6,-0.6,-0.61200005,1.0045043,0.0,0.098968185,0.0,0.0,0.082,0.0,0.012,0.6,0.6,-26.752356,2.2099535,0.7366512,0.14400001,0.0,0.123287715,0.0,0.0
hardzero_only__c0p58__z1p00__lam0p000__nu0p50__psi0p00,0.082,borrow,54,445,0.0,2,-0.6,-0.6,-0.61200005,1.0237362,0.0,0.09468121,0.0,0.0,0.082,0.0,0.012,0.6,0.6,-26.82892,2.2522647,0.75075495,0.112,0.0,0.12599169,0.0,0.0
hardzero_only__c0p58__z1p00__lam0p000__nu0p50__psi0p00,0.082,borrow,54,446,0.0,2,-0.6,-0.6,-0.60295635,0.9574674,0.1102891,0.1102891,1.0,0.009043707,0.082,0.0,0.012,0.6,0.6,-25.784676,2.1064703,0.7021568,0.18400002,0.0,0.14819983,0.0,0.0
hardzero_only__c0p58__z1p00__lam0p000__nu0p50__psi0p00,0.082,borrow,54,447,0.0,2,-0.6,-0.6,-0.60354584,0.9867407,0.10310014,0.10310014,1.0,0.008454212,0.082,0.0,0.012,0.6,0.6,-26.871841,2.170873,0.72362435,0.208,0.0,0.15947618,0.0,0.0
hardzero_only__c0p58__z1p00__lam0p000__nu0p50__psi0p00,0.082,borrow,54,448,0.0,2,-0.6,-0.6,-0.61200005,1.0189397,0.0,0.0957327,0.0,0.0,0.082,0.0,0.012,0.6,0.6,-26.93098,2.241712,0.7472374,0.23200001,0.0,0.15147273,0.0,0.0
hardzero_only__c0p58__z1p00__lam0p000__nu0p50__psi0p00,0.082,borrow,54,449,0.0,2,-0.6,-0.6,-0.61200005,1.00798,0.0,0.09817931,0.0,0.0,0.082,0.0,0.012,0.6,0.6,-26.54374,2.2176003,0.7392001,0.23200001,0.0,0.16319473,0.0,0.0
hardzero_only__c0p58__z1p00__lam0p000__nu0p50__psi0p00,0.082,borrow,54,450,0.0,2,-0.6,-0.6,-0.61200005,1.0702271,0.0,0.085069284,0.0,0.0,0.082,0.0,0.012,0.6,0.6,-28.488007,2.3545468,0.7848489,0.16800001,0.0,0.19909962,0.0,0.0
hardzero_only__c0p58__z1p00__lam0p000__nu0p50__psi0p00,0.082,borrow,54,451,0.0,2,-0.6,-0.6,-0.61200005,1.0551969,0.0,0.08806495,0.0,0.0,0.082,0.0,0.012,0.6,0.6,-27.765438,2.3214796,0.77382654,0.096,0.0,0.1418964,0.0,0.0
hardzero_only__c0p58__z1p00__lam0p000__nu0p50__psi0p00,0.082,borrow,54,452,0.0,2,-0.6,-0.6,-0.60302746,0.9608963,0.10942175,0.10942175,1.0,0.008972584,0.082,0.0,0.012,0.6,0.6,-26.423653,2.1140141,0.7046714,0.192,0.0,0.13173023,0.0,0.0
hardzero_only__c0p58__z1p00__lam0p000__nu0p50__psi0p00,0.082,borrow,54,453,0.0,2,-0.6,-0.6,-0.61200005,1.0232728,0.0,0.09478231,0.0,0.0,0.082,0.0,0.012,0.6,0.6,-27.52271,2.251245,0.750415,0.17600001,0.0,0.15826066,0.0,0.0
hardzero_only__c0p58__z1p00__lam0p000__nu0p50__psi0p00,0.082,borrow,54,454,0.0,2,-0.6,-0.6,-0.61200005,1.0175098,0.0,0.096048415,0.0,0.0,0.082,0.0,0.012,0.6,0.6,-27.409065,2.2385664,0.7461888,0.16000001,0.0,0.15654558,0.0,0.0
hardzero_only__c0p58__z1p00__lam0p000__nu0p50__psi0p00,0.082,borrow,54,455,0.0,2,-0.6,-0.6,-0.6035732,0.9881495,0.102766246,0.102766246,1.0,0.008426832,0.082,0.0,0.012,0.6,0.6,-26.858255,2.1739724,0.7246575,0.24,0.0,0.14013653,0.0,0.0
hardzero_only__c0p58__z1p00__lam0p000__nu0p50__psi0p00,0.082,borrow,54,456,0.0,2,-0.6,-0.6,-0.60341775,0.980212,0.10466176,0.10466176,1.0,0.008582265,0.082,0.0,0.012,0.6,0.6,-26.590979,2.1565094,0.7188365,0.2,0.0,0.14514484,0.0,0.0
hardzero_only__c0p58__z1p00__lam0p000__nu0p50__psi0p00,0.082,borrow,54,457,0.0,2,-0.6,-0.6,-0.61200005,1.0137075,0.0,0.096893005,0.0,0.0,0.082,0.0,0.012,0.6,0.6,-26.970842,2.230201,0.74340034,0.136,0.008,0.15280184,0.0,0.0
hardzero_only__c0p58__z1p00__lam0p000__nu0p50__psi0p00,0.082,borrow,54,458,0.0,2,-0.6,-0.6,-0.61200005,1.016193,0.0,0.09634007,0.0,0.0,0.082,0.0,0.012,0.6,0.6,-26.851995,2.2356694,0.74522316,0.14400001,0.0,0.13101356,0.0,0.0
hardzero_only__c0p58__z1p00__lam0p000__nu0p50__psi0p00,0.082,borrow,54,459,0.0,2,-0.6,-0.6,-0.6036947,0.99445426,0.10128513,0.10128513,1.0,0.008305381,0.082,0.0,0.012,0.6,0.6,-27.065372,2.187843,0.72928107,0.18400002,0.0,0.13260564,0.0,0.0
hardzero_only__c0p58__z1p00__lam0p000__nu0p50__psi0p00,0.082,borrow,54,460,0.0,2,-0.6,-0.6,-0.6036744,0.99339753,0.10153189,0.10153189,1.0,0.008325616,0.082,0.0,0.012,0.6,0.6,-26.009197,2.1855183,0.7285061,0.17600001,0.0,0.13235153,0.0,0.0
hardzero_only__c0p58__z1p00__lam0p000__nu0p50__psi0p00,0.082,borrow,54,461,0.0,2,-0.6,-0.6,-0.60349977,0.9843815,0.10366173,0.10366173,1.0,0.008500262,0.082,0.0,0.012,0.6,0.6,-26.471191,2.1656826,0.7218942,0.23200001,0.0,0.14764427,0.0,0.0
hardzero_only__c0p58__z1p00__lam0p000__nu0p50__psi0p00,0.082,borrow,54,462,0.0,2,-0.6,-0.6,-0.61200005,1.0523248,0.0,0.08864929,0.0,0.0,0.082,0.0,0.012,0.6,0.6,-27.230976,2.3151608,0.7717203,0.112,0.0,0.14422818,0.0,0.0
hardzero_only__c0p58__z1p00__lam0p000__nu0p50__psi0p00,0.082,borrow,54,463,0.0,2,-0.6,-0.6,-0.61200005,1.0461758,0.0,0.08991335,0.0,0.0,0.082,0.0,0.012,0.6,0.6,-27.689724,2.301633,0.76721096,0.120000005,0.0,0.14294024,0.0,0.0
hardzero_only__c0p58__z1p00__lam0p000__nu0p50__psi0p00,0.082,borrow,54,464,0.0,2,-0.6,-0.6,-0.60346055,0.9823819,0.104140125,0.104140125,1.0,0.00853949,0.082,0.0,0.012,0.6,0.6,-27.240326,2.1612833,0.72042775,0.16000001,0.0,0.1401838,0.0,0.0
hardzero_only__c0p58__z1p00__lam0p000__nu0p50__psi0p00,0.082,borrow,54,465,0.0,2,-0.6,-0.6,-0.6034019,0.9794096,0.10485531,0.10485531,1.0,0.008598136,0.082,0.0,0.012,0.6,0.6,-26.06482,2.1547441,0.71824807,0.216,0.0,0.14420167,0.0,0.0
hardzero_only__c0p58__z1p00__lam0p000__nu0p50__psi0p00,0.082,borrow,54,466,0.0,2,-0.6,-0.6,-0.60377574,0.99871594,0.100296095,0.100296095,1.0,0.00822428,0.082,0.0,0.012,0.6,0.6,-27.480072,2.197219,0.7324063,0.208,0.0,0.1638629,0.0,0.0
hardzero_only__c0p58__z1p00__lam0p000__nu0p50__psi0p00,0.082,borrow,54,467,0.0,2,-0.6,-0.6,-0.61200005,1.0147053,0.0,0.096670665,0.0,0.0,0.082,0.0,0.012,0.6,0.6,-26.976286,2.2323961,0.74413204,0.192,0.0,0.14606604,0.0,0.0
hardzero_only__c0p58__z1p00__lam0p000__nu0p50__psi0p00,0.082,borrow,54,468,0.0,2,-0.6,-0.6,-0.61200005,1.1074723,0.0,0.078077815,0.0,0.0,0.082,0.0,0.012,0.6,0.6,-30.089544,2.4364877,0.8121626,0.14999999,0.0,0.16768199,0.0,0.0
hardzero_only__c0p58__z1p00__lam0p000__nu0p50__psi0p00,0.082,borrow,54,469,0.0,2,-0.6,-0.6,-0.61200005,1.0323575,0.0,0.092820205,0.0,0.0,0.082,0.0,0.012,0.6,0.6,-27.119015,2.2712317,0.7570772,0.2,0.0,0.14308754,0.0,0.0
hardzero_only__c0p58__z1p00__lam0p000__nu0p50__psi0p00,0.082,borrow,54,470,0.0,2,-0.6,-0.6,-0.61200005,1.0408884,0.0,0.0910147,0.0,0.0,0.082,0.0,0.012,0.6,0.6,-27.721848,2.2900002,0.76333344,0.17600001,0.0,0.12987624,0.0,0.0
hardzero_only__c0p58__z1p00__lam0p000__nu0p50__psi0p00,0.082,borrow,54,471,0.0,2,-0.6,-0.6,-0.61200005,1.0506103,0.0,0.08899994,0.0,0.0,0.082,0.0,0.012,0.6,0.6,-28.157698,2.3113887,0.77046293,0.192,0.0,0.14654358,0.0,0.0
hardzero_only__c0p58__z1p00__lam0p000__nu0p50__psi0p00,0.082,borrow,54,472,0.0,2,-0.6,-0.6,-0.61200005,1.0001324,0.0,0.099969506,0.0,0.0,0.082,0.0,0.012,0.6,0.6,-26.92755,2.2003353,0.7334451,0.18400002,0.0,0.14591458,0.0,0.0
hardzero_only__c0p58__z1p00__lam0p000__nu0p50__psi0p00,0.082,borrow,54,473,0.0,2,-0.6,-0.6,-0.61200005,1.0129855,0.0,0.09705425,0.0,0.0,0.082,0.0,0.012,0.6,0.6,-27.392359,2.2286124,0.7428708,0.136,0.0,0.15334173,0.0,0.0
hardzero_only__c0p58__z1p00__lam0p000__nu0p50__psi0p00,0.082,borrow,54,474,0.0,2,-0.6,-0.6,-0.60313034,0.9659049,0.10816709,0.10816709,1.0,0.008869702,0.082,0.0,0.012,0.6,0.6,-26.32365,2.1250331,0.7083444,0.112,0.0,0.1523112,0.0,0.0
hardzero_only__c0p58__z1p00__lam0p000__nu0p50__psi0p00,0.082,borrow,54,475,0.0,2,-0.6,-0.6,-0.61200005,1.0302114,0.0,0.09328001,0.0,0.0,0.082,0.0,0.012,0.6,0.6,-28.541094,2.2665105,0.75550354,0.18400002,0.0,0.17939664,0.0,0.0
hardzero_only__c0p58__z1p00__lam0p000__nu0p50__psi0p00,0.082,borrow,54,476,0.0,2,-0.6,-0.6,-0.6037696,0.9983895,0.100371525,0.100371525,1.0,0.008230465,0.082,0.0,0.012,0.6,0.6,-26.091478,2.1965008,0.73216695,0.136,0.0,0.12741555,0.0,0.0
hardzero_only__c0p58__z1p00__lam0p000__nu0p50__psi0p00,0.082,borrow,54,477,0.0,2,-0.6,-0.6,-0.61200005,1.0158597,0.0,0.09641404,0.0,0.0,0.082,0.0,0.012,0.6,0.6,-26.70026,2.234936,0.74497867,0.18400002,0.0,0.14317843,0.0,0.0
hardzero_only__c0p58__z1p00__lam0p000__nu0p50__psi0p00,0.082,borrow,54,478,0.0,2,-0.6,-0.6,-0.61200005,1.0030154,0.0,0.09930807,0.0,0.0,0.082,0.0,0.012,0.6,0.6,-26.55755,2.206678,0.73555934,0.16000001,0.0,0.14403404,0.0,0.0
hardzero_only__c0p58__z1p00__lam0p000__nu0p50__psi0p00,0.082,borrow,54,479,0.0,2,-0.6,-0.6,-0.60330683,0.974633,0.10601492,0.10601492,1.0,0.008693224,0.082,0.0,0.012,0.6,0.6,-27.514091,2.1442354,0.71474516,0.096,0.0,0.1385674,0.0,0.0
hardzero_only__c0p58__z1p00__lam0p000__nu0p50__psi0p00,0.082,borrow,54,480,0.0,2,-0.6,-0.6,-0.60350007,0.9843967,0.103658125,0.103658125,1.0,0.008499967,0.082,0.0,0.012,0.6,0.6,-27.553833,2.165716,0.72190535,0.14400001,0.0,0.12790065,0.0,0.0
hardzero_only__c0p58__z1p00__lam0p000__nu0p50__psi0p00,0.082,borrow,54,481,0.0,2,-0.6,-0.6,-0.61200005,1.0016136,0.0,0.099629134,0.0,0.0,0.082,0.0,0.012,0.6,0.6,-27.646694,2.203594,0.73453134,0.16,0.0,0.14837997,0.0,0.0
hardzero_only__c0p58__z1p00__lam0p000__nu0p50__psi0p00,0.082,borrow,54,482,0.0,2,-0.6,-0.6,-0.61200005,1.0048796,0.0,0.09888271,0.0,0.0,0.082,0.0,0.012,0.6,0.6,-27.36684,2.2107792,0.73692644,0.16000001,0.0,0.14971384,0.0,0.0
hardzero_only__c0p58__z1p00__lam0p000__nu0p50__psi0p00,0.082,borrow,54,483,0.0,2,-0.6,-0.6,-0.6035585,0.9873918,0.10294568,0.10294568,1.0,0.008441546,0.082,0.0,0.012,0.6,0.6,-26.441208,2.1723053,0.7241018,0.120000005,0.0,0.14059512,0.0,0.0
hardzero_only__c0p58__z1p00__lam0p000__nu0p50__psi0p00,0.082,borrow,54,484,0.0,2,-0.6,-0.6,-0.61200005,1.0183996,0.0,0.095851816,0.0,0.0,0.082,0.0,0.012,0.6,0.6,-26.447855,2.2405238,0.7468413,0.120000005,0.0,0.14272358,0.0,0.0
hardzero_only__c0p58__z1p00__lam0p000__nu0p50__psi0p00,0.082,borrow,54,485,0.0,2,-0.6,-0.6,-0.6027573,0.948012,0.11271663,0.11271663,1.0,0.009242764,0.082,0.0,0.012,0.6,0.6,-26.045454,2.085668,0.69522274,0.18400002,0.0,0.13535567,0.0,0.0
hardzero_only__c0p58__z1p00__lam0p000__nu0p50__psi0p00,0.082,borrow,54,486,0.0,2,-0.6,-0.6,-0.61200005,1.0310189,0.0,0.09310675,0.0,0.0,0.082,0.0,0.012,0.6,0.6,-27.497513,2.2682867,0.7560956,0.23200001,0.0,0.14928539,0.0,0.0
hardzero_only__c0p58__z1p00__lam0p000__nu0p50__psi0p00,0.082,borrow,54,487,0.0,2,-0.6,-0.6,-0.61200005,1.0273365,0.0,0.09389954,0.0,0.0,0.082,0.0,0.012,0.6,0.6,-27.580364,2.2601855,0.7533952,0.15200001,0.0,0.16717969,0.0,0.0
hardzero_only__c0p58__z1p00__lam0p000__nu0p50__psi0p00,0.082,borrow,54,488,0.0,2,-0.6,-0.6,-0.6037936,0.99965984,0.100078344,0.100078344,1.0,0.008206424,0.082,0.0,0.012,0.6,0.6,-26.969994,2.1992955,0.7330985,0.16000001,0.0,0.13453786,0.0,0.0
hardzero_only__c0p58__z1p00__lam0p000__nu0p50__psi0p00,0.082,borrow,54,489,0.0,2,-0.6,-0.6,-0.60345143,0.9819172,0.10425161,0.10425161,1.0,0.008548632,0.082,0.0,0.012,0.6,0.6,-26.033209,2.160261,0.720087,0.16800001,0.0,0.14373744,0.0,0.0
hardzero_only__c0p58__z1p00__lam0p000__nu0p50__psi0p00,0.082,borrow,54,490,0.0,2,-0.6,-0.6,-0.61200005,1.0006407,0.0,0.09985258,0.0,0.0,0.082,0.0,0.012,0.6,0.6,-26.985552,2.2014537,0.73381793,0.192,0.0,0.16019554,0.0,0.0
hardzero_only__c0p58__z1p00__lam0p000__nu0p50__psi0p00,0.082,borrow,54,491,0.0,2,-0.6,-0.6,-0.61200005,1.0106899,0.0,0.09756861,0.0,0.0,0.082,0.0,0.012,0.6,0.6,-27.210438,2.223562,0.74118733,0.112,0.0,0.15083326,0.0,0.0
hardzero_only__c0p58__z1p00__lam0p000__nu0p50__psi0p00,0.082,borrow,54,492,0.0,2,-0.6,-0.6,-0.61200005,1.0205764,0.0,0.0953726,0.0,0.0,0.082,0.0,0.012,0.6,0.6,-27.18258,2.2453127,0.7484376,0.18400002,0.0,0.13007961,0.0,0.0
hardzero_only__c0p58__z1p00__lam0p000__nu0p50__psi0p00,0.082,borrow,54,493,0.0,2,-0.6,-0.6,-0.61200005,1.0240464,0.0,0.094613604,0.0,0.0,0.082,0.0,0.012,0.6,0.6,-26.751131,2.252947,0.7509824,0.136,0.0,0.17739049,0.0,0.0
hardzero_only__c0p58__z1p00__lam0p000__nu0p50__psi0p00,0.082,borrow,54,494,0.0,2,-0.6,-0.6,-0.6033652,0.97755873,0.10530312,0.10530312,1.0,0.008634856,0.082,0.0,0.012,0.6,0.6,-26.645039,2.1506722,0.71689075,0.13,0.0,0.1646444,0.0,0.0
hardzero_only__c0p58__z1p00__lam0p000__nu0p50__psi0p00,0.082,borrow,54,495,0.0,2,-0.6,-0.6,-0.61200005,1.0438752,0.0,0.090390906,0.0,0.0,0.082,0.0,0.012,0.6,0.6,-28.090775,2.2965713,0.7655238,0.112,0.0,0.13537526,0.0,0.0
hardzero_only__c0p58__z1p00__lam0p000__nu0p50__psi0p00,0.082,borrow,54,496,0.0,2,-0.6,-0.6,-0.60352385,0.9856139,0.103367984,0.103367984,1.0,0.008476175,0.082,0.0,0.012,0.6,0.6,-26.520992,2.1683939,0.722798,0.17600001,0.0,0.14010832,0.0,0.0
hardzero_only__c0p58__z1p00__lam0p000__nu0p50__psi0p00,0.082,borrow,54,497,0.0,2,-0.6,-0.6,-0.61200005,1.012094,0.0,0.09725366,0.0,0.0,0.082,0.0,0.012,0.6,0.6,-26.430939,2.2266512,0.74221706,0.17600001,0.0,0.16150017,0.0,0.0
hardzero_only__c0p58__z1p00__lam0p000__nu0p50__psi0p00,0.082,borrow,54,498,0.0,2,-0.6,-0.6,-0.61200005,1.0039425,0.0,0.099096306,0.0,0.0,0.082,0.0,0.012,0.6,0.6,-26.686935,2.2087176,0.7362392,0.17600001,0.0,0.15452635,0.0,0.0
hardzero_only__c0p58__z1p00__lam0p000__nu0p50__psi0p00,0.082,borrow,54,499,0.0,2,-0.6,-0.6,-0.61200005,1.0301741,0.0,0.09328802,0.0,0.0,0.082,0.0,0.012,0.6,0.6,-26.849974,2.2664285,0.7554762,0.2,0.0,0.12236111,0.0,0.0
hardzero_only__c0p58__z1p00__lam0p000__nu0p50__psi0p00,0.082,borrow,54,500,0.0,2,-0.6,-0.6,-0.61200005,1.0708327,0.0,0.08495076,0.0,0.0,0.082,0.0,0.012,0.6,0.6,-28.449486,2.355879,0.78529304,0.15200001,0.0,0.17098276,0.0,0.0
hardzero_only__c0p58__z1p00__lam0p000__nu0p50__psi0p00,0.082,borrow,54,501,0.0,2,-0.6,-0.6,-0.61200005,1.0209386,0.0,0.095293075,0.0,0.0,0.082,0.0,0.012,0.6,0.6,-27.7283,2.24611,0.74870336,0.104,0.0,0.17595619,0.0,0.0
hardzero_only__c0p58__z1p00__lam0p000__nu0p50__psi0p00,0.082,borrow,54,502,0.0,2,-0.6,-0.6,-0.603406,0.9796154,0.10480561,0.10480561,1.0,0.00859406,0.082,0.0,0.012,0.6,0.6,-26.500048,2.155197,0.718399,0.15200001,0.0,0.122010514,0.0,0.0
hardzero_only__c0p58__z1p00__lam0p000__nu0p50__psi0p00,0.082,borrow,54,503,0.0,2,-0.6,-0.6,-0.61200005,1.0587041,0.0,0.087356634,0.0,0.0,0.082,0.0,0.012,0.6,0.6,-28.793919,2.3291955,0.77639854,0.16800001,0.0,0.16262893,0.0,0.0
hardzero_only__c0p58__z1p00__lam0p000__nu0p50__psi0p00,0.082,borrow,54,504,0.0,2,-0.6,-0.6,-0.61200005,1.0509061,0.0,0.08893934,0.0,0.0,0.082,0.0,0.012,0.6,0.6,-27.880676,2.3120396,0.7706799,0.15200001,0.0,0.18473406,0.0,0.0
hardzero_only__c0p58__z1p00__lam0p000__nu0p50__psi0p00,0.082,borrow,54,505,0.0,2,-0.6,-0.6,-0.61200005,1.0087687,0.0,0.098001175,0.0,0.0,0.082,0.0,0.012,0.6,0.6,-26.774279,2.2193353,0.73977846,0.15200001,0.0,0.14487046,0.0,0.0
hardzero_only__c0p58__z1p00__lam0p000__nu0p50__psi0p00,0.082,borrow,54,506,0.0,2,-0.6,-0.6,-0.61200005,1.0379305,0.0,0.09163671,0.0,0.0,0.082,0.0,0.012,0.6,0.6,-28.395906,2.2834926,0.7611642,0.120000005,0.0,0.16446987,0.0,0.0
hardzero_only__c0p58__z1p00__lam0p000__nu0p50__psi0p00,0.082,borrow,54,507,0.0,2,-0.6,-0.6,-0.60340446,0.97953814,0.10482426,0.10482426,1.0,0.00859559,0.082,0.0,0.012,0.6,0.6,-26.701036,2.155027,0.7183423,0.17,0.0,0.13837591,0.0,0.0
hardzero_only__c0p58__z1p00__lam0p000__nu0p50__psi0p00,0.082,borrow,54,508,0.0,2,-0.6,-0.6,-0.61200005,1.0340928,0.0,0.09245007,0.0,0.0,0.082,0.0,0.012,0.6,0.6,-27.23182,2.2750494,0.75834984,0.23200001,0.008,0.17157039,0.0,0.0
hardzero_only__c0p58__z1p00__lam0p000__nu0p50__psi0p00,0.082,borrow,54,509,0.0,2,-0.6,-0.6,-0.6035213,0.9854808,0.10339969,0.10339969,1.0,0.008478775,0.082,0.0,0.012,0.6,0.6,-26.713274,2.168101,0.72270036,0.16800001,0.0,0.12827758,0.0,0.0
hardzero_only__c0p58__z1p00__lam0p000__nu0p50__psi0p00,0.082,borrow,54,510,0.0,2,-0.6,-0.6,-0.61200005,1.0254354,0.0,0.09431147,0.0,0.0,0.082,0.0,0.012,0.6,0.6,-26.577621,2.2560031,0.75200105,0.23200001,0.008,0.15485898,0.0,0.0
hardzero_only__c0p58__z1p00__lam0p000__nu0p50__psi0p00,0.082,borrow,54,511,0.0,2,-0.6,-0.6,-0.61200005,1.0847626,0.0,0.08226923,0.0,0.0,0.082,0.0,0.012,0.6,0.6,-28.219364,2.3865254,0.7955085,0.104,0.0,0.13846895,0.0,0.0
hardzero_only__c0p58__z1p00__lam0p000__nu0p50__psi0p00,0.082,borrow,54,512,0.0,2,-0.6,-0.6,-0.61200005,1.0515339,0.0,0.08881086,0.0,0.0,0.082,0.0,0.012,0.6,0.6,-27.199808,2.3134208,0.7711403,0.128,0.0,0.16660185,0.0,0.0
hardzero_only__c0p58__z1p00__lam0p000__nu0p50__psi0p00,0.082,borrow,54,513,0.0,2,-0.6,-0.6,-0.60360676,0.9898815,0.10235722,0.10235722,1.0,0.008393292,0.082,0.0,0.012,0.6,0.6,-26.877703,2.1777828,0.7259276,0.14400001,0.0,0.13740756,0.0,0.0
hardzero_only__c0p58__z1p00__lam0p000__nu0p50__psi0p00,0.082,borrow,54,514,0.0,2,-0.6,-0.6,-0.61200005,1.0058063,0.0,0.09867194,0.0,0.0,0.082,0.0,0.012,0.6,0.6,-26.821299,2.2128181,0.73760605,0.17600001,0.0,0.1440362,0.0,0.0
hardzero_only__c0p58__z1p00__lam0p000__nu0p50__psi0p00,0.082,borrow,54,515,0.0,2,-0.6,-0.6,-0.61200005,1.0619359,0.0,0.08670898,0.0,0.0,0.082,0.0,0.012,0.6,0.6,-27.44877,2.3363056,0.77876854,0.17600001,0.0,0.19127831,0.0,0.0
hardzero_only__c0p58__z1p00__lam0p000__nu0p50__psi0p00,0.082,borrow,54,516,0.0,2,-0.6,-0.6,-0.61200005,1.0417484,0.0,0.09083466,0.0,0.0,0.082,0.0,0.012,0.6,0.6,-26.791994,2.2918923,0.7639641,0.16800001,0.0,0.14518493,0.0,0.0
hardzero_only__c0p58__z1p00__lam0p000__nu0p50__psi0p00,0.082,borrow,54,517,0.0,2,-0.6,-0.6,-0.61200005,1.0351362,0.0,0.0922282,0.0,0.0,0.082,0.0,0.012,0.6,0.6,-27.8587,2.2773452,0.7591151,0.14400001,0.0,0.1435179,0.0,0.0
hardzero_only__c0p58__z1p00__lam0p000__nu0p50__psi0p00,0.082,borrow,54,518,0.0,2,-0.6,-0.6,-0.6035036,0.9845771,0.103615046,0.103615046,1.0,0.008496434,0.082,0.0,0.012,0.6,0.6,-26.616426,2.166113,0.7220377,0.16000001,0.0,0.14351496,0.0,0.0
hardzero_only__c0p58__z1p00__lam0p000__nu0p50__psi0p00,0.082,borrow,54,519,0.0,2,-0.6,-0.6,-0.60337013,0.97780776,0.10524277,0.10524277,1.0,0.008629907,0.082,0.0,0.012,0.6,0.6,-25.97779,2.15122,0.7170734,0.216,0.0,0.13273567,0.0,0.0
hardzero_only__c0p58__z1p00__lam0p000__nu0p50__psi0p00,0.082,borrow,54,520,0.0,2,-0.6,-0.6,-0.61200005,1.0183359,0.0,0.09586587,0.0,0.0,0.082,0.0,0.012,0.6,0.6,-27.83702,2.2403839,0.74679464,0.16,0.0,0.15333392,0.0,0.0
hardzero_only__c0p58__z1p00__lam0p000__nu0p50__psi0p00,0.082,borrow,54,521,0.0,2,-0.6,-0.6,-0.61200005,1.0047418,0.0,0.098914094,0.0,0.0,0.082,0.0,0.012,0.6,0.6,-26.728876,2.2104762,0.7368254,0.17600001,0.0,0.16618608,0.0,0.0
hardzero_only__c0p58__z1p00__lam0p000__nu0p50__psi0p00,0.082,borrow,54,522,0.0,2,-0.6,-0.6,-0.61200005,1.0225703,0.0,0.09493573,0.0,0.0,0.082,0.0,0.012,0.6,0.6,-27.213438,2.2496994,0.7498998,0.128,0.0,0.14493518,0.0,0.0
hardzero_only__c0p58__z1p00__lam0p000__nu0p50__psi0p00,0.082,borrow,54,523,0.0,2,-0.6,-0.6,-0.61200005,1.0600559,0.0,0.08708515,0.0,0.0,0.082,0.0,0.012,0.6,0.6,-27.301765,2.3321695,0.7773899,0.104,0.0,0.13774471,0.0,0.0
hardzero_only__c0p58__z1p00__lam0p000__nu0p50__psi0p00,0.082,borrow,54,524,0.0,2,-0.6,-0.6,-0.61200005,1.027828,0.0,0.093793355,0.0,0.0,0.082,0.0,0.012,0.6,0.6,-26.72777,2.2612667,0.75375557,0.16800001,0.0,0.1398102,0.0,0.0
hardzero_only__c0p58__z1p00__lam0p000__nu0p50__psi0p00,0.082,borrow,54,525,0.0,2,-0.6,-0.6,-0.61200005,1.0185463,0.0,0.095819436,0.0,0.0,0.082,0.0,0.012,0.6,0.6,-27.14301,2.2408466,0.7469489,0.16000001,0.0,0.14705168,0.0,0.0
hardzero_only__c0p58__z1p00__lam0p000__nu0p50__psi0p00,0.082,borrow,54,526,0.0,2,-0.6,-0.6,-0.60323787,0.9712014,0.10685591,0.10685591,1.0,0.0087621845,0.082,0.0,0.012,0.6,0.6,-27.15952,2.1366858,0.71222866,0.216,0.0,0.15765335,0.0,0.0
hardzero_only__c0p58__z1p00__lam0p000__nu0p50__psi0p00,0.082,borrow,54,527,0.0,2,-0.6,-0.6,-0.61200005,1.0584111,0.0,0.08741557,0.0,0.0,0.082,0.0,0.012,0.6,0.6,-28.666603,2.328551,0.7761837,0.128,0.0,0.17880546,0.0,0.0
hardzero_only__c0p58__z1p00__lam0p000__nu0p50__psi0p00,0.082,borrow,54,528,0.0,2,-0.6,-0.6,-0.61200005,1.0074793,0.0,0.09829257,0.0,0.0,0.082,0.0,0.012,0.6,0.6,-27.100409,2.2164986,0.7388329,0.216,0.0,0.15235464,0.0,0.0
hardzero_only__c0p58__z1p00__lam0p000__nu0p50__psi0p00,0.082,borrow,54,529,0.0,2,-0.6,-0.6,-0.61200005,1.0039467,0.0,0.09909536,0.0,0.0,0.082,0.0,0.012,0.6,0.6,-27.579473,2.208727,0.7362423,0.16800001,0.0,0.13976945,0.0,0.0
hardzero_only__c0p58__z1p00__lam0p000__nu0p50__psi0p00,0.082,borrow,54,530,0.0,2,-0.6,-0.6,-0.61200005,1.0293512,0.0,0.09346494,0.0,0.0,0.082,0.0,0.012,0.6,0.6,-26.834314,2.264618,0.7548727,0.112,0.0,0.13404575,0.0,0.0
hardzero_only__c0p58__z1p00__lam0p000__nu0p50__psi0p00,0.082,borrow,54,531,0.0,2,-0.6,-0.6,-0.61200005,1.0335424,0.0,0.092567295,0.0,0.0,0.082,0.0,0.012,0.6,0.6,-27.778215,2.2738388,0.75794625,0.136,0.0,0.13680904,0.0,0.0
hardzero_only__c0p58__z1p00__lam0p000__nu0p50__psi0p00,0.082,borrow,54,532,0.0,2,-0.6,-0.6,-0.61200005,1.0190817,0.0,0.095701404,0.0,0.0,0.082,0.0,0.012,0.6,0.6,-27.305702,2.2420244,0.7473415,0.15200001,0.0,0.13797249,0.0,0.0
hardzero_only__c0p58__z1p00__lam0p000__nu0p50__psi0p00,0.082,borrow,54,533,0.0,2,-0.6,-0.6,-0.61200005,1.0081799,0.0,0.098134145,0.0,0.0,0.082,0.0,0.012,0.6,0.6,-27.451677,2.21804,0.7393467,0.14,0.0,0.16310431,0.0,0.0
hardzero_only__c0p58__z1p00__lam0p000__nu0p50__psi0p00,0.082,borrow,54,534,0.0,2,-0.6,-0.6,-0.61200005,1.0306042,0.0,0.09319567,0.0,0.0,0.082,0.0,0.012,0.6,0.6,-27.088356,2.2673745,0.75579154,0.16800001,0.0,0.17360033,0.0,0.0
hardzero_only__c0p58__z1p00__lam0p000__nu0p50__psi0p00,0.082,borrow,54,535,0.0,2,-0.6,-0.6,-0.61200005,1.0004572,0.0,0.09989479,0.0,0.0,0.082,0.0,0.012,0.6,0.6,-26.881197,2.2010498,0.7336833,0.112,0.0,0.15431297,0.0,0.0
hardzero_only__c0p58__z1p00__lam0p000__nu0p50__psi0p00,0.082,borrow,54,536,0.0,2,-0.6,-0.6,-0.61200005,1.0412354,0.0,0.09094202,0.0,0.0,0.082,0.0,0.012,0.6,0.6,-26.92404,2.2907636,0.7635879,0.16800001,0.0,0.15319641,0.0,0.0
hardzero_only__c0p58__z1p00__lam0p000__nu0p50__psi0p00,0.082,borrow,54,537,0.0,2,-0.6,-0.6,-0.61200005,1.0167018,0.0,0.096227266,0.0,0.0,0.082,0.0,0.012,0.6,0.6,-26.603771,2.2367887,0.7455963,0.14400001,0.0,0.14178158,0.0,0.0
hardzero_only__c0p58__z1p00__lam0p000__nu0p50__psi0p00,0.082,borrow,54,538,0.0,2,-0.6,-0.6,-0.61200005,1.0063503,0.0,0.09854844,0.0,0.0,0.082,0.0,0.012,0.6,0.6,-26.569748,2.2140148,0.7380049,0.14400001,0.0,0.14518201,0.0,0.0
hardzero_only__c0p58__z1p00__lam0p000__nu0p50__psi0p00,0.082,borrow,54,539,0.0,2,-0.6,-0.6,-0.61200005,1.0261172,0.0,0.094163544,0.0,0.0,0.082,0.0,0.012,0.6,0.6,-27.589333,2.257503,0.752501,0.08800001,0.0,0.13039035,0.0,0.0
hardzero_only__c0p58__z1p00__lam0p000__nu0p50__psi0p00,0.082,borrow,54,540,0.0,2,-0.6,-0.6,-0.61200005,1.00711,0.0,0.09837618,0.0,0.0,0.082,0.0,0.012,0.6,0.6,-27.436018,2.2156863,0.7385621,0.136,0.0,0.14251947,0.0,0.0
hardzero_only__c0p58__z1p00__lam0p000__nu0p50__psi0p00,0.082,borrow,54,541,0.0,2,-0.6,-0.6,-0.61200005,1.0298493,0.0,0.09335781,0.0,0.0,0.082,0.0,0.012,0.6,0.6,-28.174894,2.2657137,0.75523794,0.15200001,0.0,0.14791216,0.0,0.0
hardzero_only__c0p58__z1p00__lam0p000__nu0p50__psi0p00,0.082,borrow,54,542,0.0,2,-0.6,-0.6,-0.61200005,1.0777866,0.0,0.08360136,0.0,0.0,0.082,0.0,0.012,0.6,0.6,-28.894728,2.371178,0.79039264,0.15200001,0.0,0.18044065,0.0,0.0
hardzero_only__c0p58__z1p00__lam0p000__nu0p50__psi0p00,0.082,borrow,54,543,0.0,2,-0.6,-0.6,-0.61200005,1.0030403,0.0,0.099302374,0.0,0.0,0.082,0.0,0.012,0.6,0.6,-27.827116,2.2067327,0.7355776,0.15200001,0.0,0.15027054,0.0,0.0
hardzero_only__c0p58__z1p00__lam0p000__nu0p50__psi0p00,0.082,borrow,54,544,0.0,2,-0.6,-0.6,-0.61200005,1.0042975,0.0,0.09901534,0.0,0.0,0.082,0.0,0.012,0.6,0.6,-27.07828,2.2094986,0.73649955,0.18400002,0.0,0.15242627,0.0,0.0
hardzero_only__c0p58__z1p00__lam0p000__nu0p50__psi0p00,0.082,borrow,54,545,0.0,2,-0.6,-0.6,-0.61200005,1.0690076,0.0,0.08530851,0.0,0.0,0.082,0.0,0.012,0.6,0.6,-27.372984,2.3518639,0.7839546,0.16800001,0.0,0.15902576,0.0,0.0
hardzero_only__c0p58__z1p00__lam0p000__nu0p50__psi0p00,0.082,borrow,54,546,0.0,2,-0.6,-0.6,-0.61200005,1.0076202,0.0,0.09826068,0.0,0.0,0.082,0.0,0.012,0.6,0.6,-26.939423,2.2168088,0.7389363,0.19,0.0,0.15839887,0.0,0.0
hardzero_only__c0p58__z1p00__lam0p000__nu0p50__psi0p00,0.082,borrow,54,547,0.0,2,-0.6,-0.6,-0.6035675,0.9878539,0.102836214,0.102836214,1.0,0.00843257,0.082,0.0,0.012,0.6,0.6,-27.36003,2.173322,0.7244407,0.216,0.0,0.15433541,0.0,0.0
hardzero_only__c0p58__z1p00__lam0p000__nu0p50__psi0p00,0.082,borrow,54,548,0.0,2,-0.6,-0.6,-0.61200005,1.0226423,0.0,0.09492,0.0,0.0,0.082,0.0,0.012,0.6,0.6,-27.013697,2.249858,0.7499527,0.136,0.0,0.1420547,0.0,0.0
hardzero_only__c0p58__z1p00__lam0p000__nu0p50__psi0p00,0.082,borrow,54,549,0.0,2,-0.6,-0.6,-0.6027113,0.9458585,0.11327694,0.11327694,1.0,0.00928871,0.082,0.0,0.012,0.6,0.6,-25.075691,2.0809302,0.69364345,0.14400001,0.0,0.1309376,0.0,0.0
hardzero_only__c0p58__z1p00__lam0p000__nu0p50__psi0p00,0.082,borrow,54,550,0.0,2,-0.6,-0.6,-0.603614,0.9902548,0.10226926,0.10226926,1.0,0.00838608,0.082,0.0,0.012,0.6,0.6,-26.074554,2.1786041,0.7262014,0.208,0.0,0.14247589,0.0,0.0
hardzero_only__c0p58__z1p00__lam0p000__nu0p50__psi0p00,0.082,borrow,54,551,0.0,2,-0.6,-0.6,-0.61200005,1.0619358,0.0,0.086709,0.0,0.0,0.082,0.0,0.012,0.6,0.6,-28.004555,2.3363054,0.7787685,0.128,0.0,0.15700153,0.0,0.0
hardzero_only__c0p58__z1p00__lam0p000__nu0p50__psi0p00,0.082,borrow,54,552,0.0,2,-0.6,-0.6,-0.61200005,1.0610859,0.0,0.08687885,0.0,0.0,0.082,0.0,0.012,0.6,0.6,-27.521708,2.3344357,0.77814525,0.14400001,0.0,0.17632505,0.0,0.0
hardzero_only__c0p58__z1p00__lam0p000__nu0p50__psi0p00,0.082,borrow,54,553,0.0,2,-0.6,-0.6,-0.61200005,1.0021117,0.0,0.09951495,0.0,0.0,0.082,0.0,0.012,0.6,0.6,-26.451797,2.2046897,0.7348966,0.15200001,0.0,0.11516144,0.0,0.0
hardzero_only__c0p58__z1p00__lam0p000__nu0p50__psi0p00,0.082,borrow,54,554,0.0,2,-0.6,-0.6,-0.61200005,1.0005968,0.0,0.09986269,0.0,0.0,0.082,0.0,0.012,0.6,0.6,-27.044945,2.201357,0.7337856,0.208,0.0,0.1249411,0.0,0.0
hardzero_only__c0p58__z1p00__lam0p000__nu0p50__psi0p00,0.082,borrow,54,555,0.0,2,-0.6,-0.6,-0.61200005,1.0223212,0.0,0.09499018,0.0,0.0,0.082,0.0,0.012,0.6,0.6,-27.649385,2.2491517,0.74971724,0.15200001,0.0,0.13517754,0.0,0.0
hardzero_only__c0p58__z1p00__lam0p000__nu0p50__psi0p00,0.082,borrow,54,556,0.0,2,-0.6,-0.6,-0.61200005,1.0285499,0.0,0.09363755,0.0,0.0,0.082,0.0,0.012,0.6,0.6,-27.300716,2.262855,0.75428504,0.104,0.0,0.13412713,0.0,0.0
hardzero_only__c0p58__z1p00__lam0p000__nu0p50__psi0p00,0.082,borrow,54,557,0.0,2,-0.6,-0.6,-0.61200005,1.0424787,0.0,0.090682045,0.0,0.0,0.082,0.0,0.012,0.6,0.6,-27.773724,2.293499,0.76449966,0.16800001,0.0,0.14562607,0.0,0.0
hardzero_only__c0p58__z1p00__lam0p000__nu0p50__psi0p00,0.082,borrow,54,558,0.0,2,-0.6,-0.6,-0.61200005,1.0287362,0.0,0.0935974,0.0,0.0,0.082,0.0,0.012,0.6,0.6,-28.035337,2.263265,0.75442165,0.192,0.0,0.14954422,0.0,0.0
hardzero_only__c0p58__z1p00__lam0p000__nu0p50__psi0p00,0.082,borrow,54,559,0.0,2,-0.6,-0.6,-0.602663,0.9436044,0.113866396,0.113866396,1.0,0.009337044,0.082,0.0,0.012,0.6,0.6,-25.569132,2.0759711,0.6919904,0.17,0.0,0.14117885,0.0,0.0
hardzero_only__c0p58__z1p00__lam0p000__nu0p50__psi0p00,0.082,borrow,54,560,0.0,2,-0.6,-0.6,-0.60273635,0.94702846,0.11297217,0.11297217,1.0,0.0092637185,0.082,0.0,0.012,0.6,0.6,-25.94817,2.0835042,0.6945014,0.224,0.0,0.10827787,0.0,0.0
hardzero_only__c0p58__z1p00__lam0p000__nu0p50__psi0p00,0.082,borrow,54,561,0.0,2,-0.6,-0.6,-0.60301954,0.96051216,0.10951858,0.10951858,1.0,0.008980524,0.082,0.0,0.012,0.6,0.6,-25.651081,2.113169,0.7043897,0.136,0.0,0.13554817,0.0,0.0
hardzero_only__c0p58__z1p00__lam0p000__nu0p50__psi0p00,0.082,borrow,54,562,0.0,2,-0.6,-0.6,-0.61200005,1.063079,0.0,0.08648105,0.0,0.0,0.082,0.0,0.012,0.6,0.6,-28.140345,2.3388205,0.7796068,0.128,0.0,0.18503997,0.0,0.0
hardzero_only__c0p58__z1p00__lam0p000__nu0p50__psi0p00,0.082,borrow,54,563,0.0,2,-0.6,-0.6,-0.61200005,1.0324055,0.0,0.09280994,0.0,0.0,0.082,0.0,0.012,0.6,0.6,-27.595064,2.2713375,0.7571125,0.128,0.0,0.1475333,0.0,0.0
hardzero_only__c0p58__z1p00__lam0p000__nu0p50__psi0p00,0.082,borrow,54,564,0.0,2,-0.6,-0.6,-0.61200005,1.0167166,0.0,0.09622399,0.0,0.0,0.082,0.0,0.012,0.6,0.6,-26.67704,2.2368212,0.7456071,0.18400002,0.0,0.12052345,0.0,0.0
hardzero_only__c0p58__z1p00__lam0p000__nu0p50__psi0p00,0.082,borrow,54,565,0.0,2,-0.6,-0.6,-0.6034185,0.9802485,0.104652956,0.104652956,1.0,0.008581542,0.082,0.0,0.012,0.6,0.6,-25.559471,2.1565897,0.71886325,0.16000001,0.0,0.1261141,0.0,0.0
hardzero_only__c0p58__z1p00__lam0p000__nu0p50__psi0p00,0.082,borrow,54,566,0.0,2,-0.6,-0.6,-0.61200005,1.0571171,0.0,0.08767644,0.0,0.0,0.082,0.0,0.012,0.6,0.6,-28.36834,2.325704,0.7752347,0.17600001,0.0,0.18276419,0.0,0.0
hardzero_only__c0p58__z1p00__lam0p000__nu0p50__psi0p00,0.082,borrow,54,567,0.0,2,-0.6,-0.6,-0.61200005,1.0645202,0.0,0.08619453,0.0,0.0,0.082,0.0,0.012,0.6,0.6,-28.066183,2.3419912,0.7806637,0.120000005,0.0,0.15207185,0.0,0.0
hardzero_only__c0p58__z1p00__lam0p000__nu0p50__psi0p00,0.082,borrow,54,568,0.0,2,-0.6,-0.6,-0.60340786,0.9797098,0.104782835,0.104782835,1.0,0.008592193,0.082,0.0,0.012,0.6,0.6,-26.469109,2.1554046,0.7184682,0.192,0.0,0.12862732,0.0,0.0
hardzero_only__c0p58__z1p00__lam0p000__nu0p50__psi0p00,0.082,borrow,54,569,0.0,2,-0.6,-0.6,-0.60370946,0.995227,0.101105094,0.101105094,1.0,0.008290618,0.082,0.0,0.012,0.6,0.6,-26.940615,2.189543,0.72984767,0.23200001,0.0,0.1768445,0.0,0.0
hardzero_only__c0p58__z1p00__lam0p000__nu0p50__psi0p00,0.082,borrow,54,570,0.0,2,-0.6,-0.6,-0.61200005,1.0263505,0.0,0.09411298,0.0,0.0,0.082,0.0,0.012,0.6,0.6,-27.114573,2.258016,0.7526721,0.16000001,0.0,0.15480031,0.0,0.0
hardzero_only__c0p58__z1p00__lam0p000__nu0p50__psi0p00,0.082,borrow,54,571,0.0,2,-0.6,-0.6,-0.61200005,1.0034828,0.0,0.09920126,0.0,0.0,0.082,0.0,0.012,0.6,0.6,-27.042763,2.2077062,0.7359021,0.216,0.0,0.16546987,0.0,0.0
hardzero_only__c0p58__z1p00__lam0p000__nu0p50__psi0p00,0.082,borrow,54,572,0.0,2,-0.6,-0.6,-0.60373193,0.99640656,0.10083086,0.10083086,1.0,0.008268131,0.082,0.0,0.012,0.6,0.6,-27.326784,2.1921382,0.7307128,0.14,0.0,0.13972364,0.0,0.0
hardzero_only__c0p58__z1p00__lam0p000__nu0p50__psi0p00,0.082,borrow,54,573,0.0,2,-0.6,-0.6,-0.61200005,1.0272545,0.0,0.09391727,0.0,0.0,0.082,0.0,0.012,0.6,0.6,-27.843733,2.260005,0.753335,0.16000001,0.0,0.13823906,0.0,0.0
hardzero_only__c0p58__z1p00__lam0p000__nu0p50__psi0p00,0.082,borrow,54,574,0.0,2,-0.6,-0.6,-0.61200005,1.068689,0.0,0.085371114,0.0,0.0,0.082,0.0,0.012,0.6,0.6,-27.97147,2.3511627,0.7837209,0.17600001,0.0,0.1859462,0.0,0.0
hardzero_only__c0p58__z1p00__lam0p000__nu0p50__psi0p00,0.082,borrow,54,575,0.0,2,-0.6,-0.6,-0.6032161,0.9701236,0.107121445,0.107121445,1.0,0.008783959,0.082,0.0,0.012,0.6,0.6,-26.244076,2.1343145,0.7114382,0.104,0.0,0.13438107,0.0,0.0
hardzero_only__c0p58__z1p00__lam0p000__nu0p50__psi0p00,0.082,borrow,54,576,0.0,2,-0.6,-0.6,-0.6035062,0.98470837,0.10358376,0.10358376,1.0,0.008493869,0.082,0.0,0.012,0.6,0.6,-26.50555,2.1664016,0.7221339,0.23200001,0.0,0.13257073,0.0,0.0
hardzero_only__c0p58__z1p00__lam0p000__nu0p50__psi0p00,0.082,borrow,54,577,0.0,2,-0.6,-0.6,-0.61200005,1.0406487,0.0,0.09106495,0.0,0.0,0.082,0.0,0.012,0.6,0.6,-27.398571,2.2894728,0.7631576,0.128,0.0,0.15918458,0.0,0.0
hardzero_only__c0p58__z1p00__lam0p000__nu0p50__psi0p00,0.082,borrow,54,578,0.0,2,-0.6,-0.6,-0.6035788,0.98843724,0.10269818,0.10269818,1.0,0.008421251,0.082,0.0,0.012,0.6,0.6,-26.814997,2.1746054,0.7248685,0.17600001,0.0,0.1301483,0.0,0.0
hardzero_only__c0p58__z1p00__lam0p000__nu0p50__psi0p00,0.082,borrow,54,579,0.0,2,-0.6,-0.6,-0.61200005,1.022352,0.0,0.09498345,0.0,0.0,0.082,0.0,0.012,0.6,0.6,-27.346098,2.2492192,0.74973977,0.096,0.0,0.14558418,0.0,0.0
hardzero_only__c0p58__z1p00__lam0p000__nu0p50__psi0p00,0.082,borrow,54,580,0.0,2,-0.6,-0.6,-0.61200005,1.0562199,0.0,0.08785774,0.0,0.0,0.082,0.0,0.012,0.6,0.6,-27.510317,2.3237302,0.7745768,0.120000005,0.0,0.15663016,0.0,0.0
hardzero_only__c0p58__z1p00__lam0p000__nu0p50__psi0p00,0.082,borrow,54,581,0.0,2,-0.6,-0.6,-0.61200005,1.0503544,0.0,0.08905241,0.0,0.0,0.082,0.0,0.012,0.6,0.6,-27.399208,2.3108258,0.7702753,0.128,0.0,0.14222674,0.0,0.0
hardzero_only__c0p58__z1p00__lam0p000__nu0p50__psi0p00,0.082,borrow,54,582,0.0,2,-0.6,-0.6,-0.6033579,0.9771926,0.105391935,0.105391935,1.0,0.008642139,0.082,0.0,0.012,0.6,0.6,-26.721619,2.1498666,0.71662223,0.16000001,0.0,0.14300188,0.0,0.0
hardzero_only__c0p58__z1p00__lam0p000__nu0p50__psi0p00,0.082,borrow,54,583,0.0,2,-0.6,-0.6,-0.61200005,1.0158023,0.0,0.0964268,0.0,0.0,0.082,0.0,0.012,0.6,0.6,-27.592857,2.2348096,0.7449366,0.16800001,0.0,0.15975092,0.0,0.0
hardzero_only__c0p58__z1p00__lam0p000__nu0p50__psi0p00,0.082,borrow,54,584,0.0,2,-0.6,-0.6,-0.61200005,1.0349472,0.0,0.092268355,0.0,0.0,0.082,0.0,0.012,0.6,0.6,-27.601688,2.2769291,0.7589764,0.224,0.0,0.15300931,0.0,0.0
hardzero_only__c0p58__z1p00__lam0p000__nu0p50__psi0p00,0.082,borrow,54,585,0.0,2,-0.6,-0.6,-0.60336053,0.97732556,0.10535968,0.10535968,1.0,0.008639494,0.082,0.0,0.012,0.6,0.6,-26.959816,2.1501591,0.71671975,0.25,0.0,0.13291728,0.0,0.0
hardzero_only__c0p58__z1p00__lam0p000__nu0p50__psi0p00,0.082,borrow,54,586,0.0,2,-0.6,-0.6,-0.61200005,1.0193021,0.0,0.09565284,0.0,0.0,0.082,0.0,0.012,0.6,0.6,-26.838734,2.2425094,0.74750316,0.16800001,0.0,0.13863951,0.0,0.0
hardzero_only__c0p58__z1p00__lam0p000__nu0p50__psi0p00,0.082,borrow,54,587,0.0,2,-0.6,-0.6,-0.6036418,0.99169874,0.1019298,0.1019298,1.0,0.008358244,0.082,0.0,0.012,0.6,0.6,-25.98437,2.1817808,0.7272603,0.15200001,0.0,0.14904888,0.0,0.0
hardzero_only__c0p58__z1p00__lam0p000__nu0p50__psi0p00,0.082,borrow,54,588,0.0,2,-0.6,-0.6,-0.61200005,1.061379,0.0,0.086820245,0.0,0.0,0.082,0.0,0.012,0.6,0.6,-28.947966,2.3350804,0.7783601,0.136,0.0,0.1475925,0.0,0.0
hardzero_only__c0p58__z1p00__lam0p000__nu0p50__psi0p00,0.082,borrow,54,589,0.0,2,-0.6,-0.6,-0.603468,0.98275954,0.10404961,0.10404961,1.0,0.008532068,0.082,0.0,0.012,0.6,0.6,-27.0638,2.1621141,0.72070473,0.136,0.0,0.14416997,0.0,0.0
hardzero_only__c0p58__z1p00__lam0p000__nu0p50__psi0p00,0.082,borrow,54,590,0.0,2,-0.6,-0.6,-0.60342556,0.98060447,0.10456721,0.10456721,1.0,0.008574511,0.082,0.0,0.012,0.6,0.6,-26.57815,2.157373,0.7191243,0.16800001,0.0,0.13842401,0.0,0.0
hardzero_only__c0p58__z1p00__lam0p000__nu0p50__psi0p00,0.082,borrow,54,591,0.0,2,-0.6,-0.6,-0.61200005,1.0039601,0.0,0.09909229,0.0,0.0,0.082,0.0,0.012,0.6,0.6,-26.688128,2.2087564,0.7362522,0.15200001,0.0,0.14624417,0.0,0.0
hardzero_only__c0p58__z1p00__lam0p000__nu0p50__psi0p00,0.082,borrow,54,592,0.0,2,-0.6,-0.6,-0.61200005,1.0238763,0.0,0.09465067,0.0,0.0,0.082,0.0,0.012,0.6,0.6,-27.085955,2.2525728,0.7508576,0.16800001,0.0,0.1574156,0.0,0.0
hardzero_only__c0p58__z1p00__lam0p000__nu0p50__psi0p00,0.082,borrow,54,593,0.0,2,-0.6,-0.6,-0.61200005,1.0213208,0.0,0.095209256,0.0,0.0,0.082,0.0,0.012,0.6,0.6,-26.680979,2.2469506,0.74898356,0.120000005,0.0,0.14770618,0.0,0.0
hardzero_only__c0p58__z1p00__lam0p000__nu0p50__psi0p00,0.082,borrow,54,594,0.0,2,-0.6,-0.6,-0.6036218,0.9906588,0.102174185,0.102174185,1.0,0.008378283,0.082,0.0,0.012,0.6,0.6,-26.566864,2.179493,0.72649765,0.16800001,0.0,0.14004807,0.0,0.0
hardzero_only__c0p58__z1p00__lam0p000__nu0p50__psi0p00,0.082,borrow,54,595,0.0,2,-0.6,-0.6,-0.61200005,1.038997,0.0,0.09141195,0.0,0.0,0.082,0.0,0.012,0.6,0.6,-27.517843,2.285839,0.7619464,0.112,0.0,0.1384661,0.0,0.0
hardzero_only__c0p58__z1p00__lam0p000__nu0p50__psi0p00,0.082,borrow,54,596,0.0,2,-0.6,-0.6,-0.61200005,1.0156893,0.0,0.096451886,0.0,0.0,0.082,0.0,0.012,0.6,0.6,-27.593153,2.234561,0.7448537,0.14400001,0.0,0.14284788,0.0,0.0
hardzero_only__c0p58__z1p00__lam0p000__nu0p50__psi0p00,0.082,borrow,54,597,0.0,2,-0.6,-0.6,-0.60346437,0.9825766,0.10409345,0.10409345,1.0,0.008535663,0.082,0.0,0.012,0.6,0.6,-26.18131,2.1617117,0.72057056,0.120000005,0.0,0.13182326,0.0,0.0
hardzero_only__c0p58__z1p00__lam0p000__nu0p50__psi0p00,0.082,borrow,54,598,0.0,2,-0.6,-0.6,-0.61200005,1.067008,0.0,0.0857022,0.0,0.0,0.082,0.0,0.012,0.6,0.6,-28.06252,2.3474646,0.7824882,0.14999999,0.0,0.16473776,0.0,0.0
hardzero_only__c0p58__z1p00__lam0p000__nu0p50__psi0p00,0.082,borrow,54,599,0.0,2,-0.6,-0.6,-0.61200005,1.0011351,0.0,0.099738955,0.0,0.0,0.082,0.0,0.012,0.6,0.6,-26.447023,2.202541,0.7341804,0.17600001,0.0,0.1674737,0.0,0.0
hardzero_only__c0p58__z1p00__lam0p000__nu0p50__psi0p00,0.082,borrow,54,600,0.0,2,-0.6,-0.6,-0.61200005,1.0762671,0.0,0.08389439,0.0,0.0,0.082,0.0,0.012,0.6,0.6,-28.148975,2.367835,0.7892784,0.128,0.0,0.15122281,0.0,0.0
hardzero_only__c0p58__z1p00__lam0p000__nu0p50__psi0p00,0.082,borrow,54,601,0.0,2,-0.6,-0.6,-0.6037998,0.9999889,0.10000254,0.10000254,1.0,0.008200209,0.082,0.0,0.012,0.6,0.6,-26.743006,2.2000196,0.7333399,0.2,0.0,0.14983678,0.0,0.0
hardzero_only__c0p58__z1p00__lam0p000__nu0p50__psi0p00,0.082,borrow,54,602,0.0,2,-0.6,-0.6,-0.61200005,1.0026989,0.0,0.099380486,0.0,0.0,0.082,0.0,0.012,0.6,0.6,-27.212494,2.2059817,0.73532724,0.216,0.0,0.13667487,0.0,0.0
hardzero_only__c0p58__z1p00__lam0p000__nu0p50__psi0p00,0.082,borrow,54,603,0.0,2,-0.6,-0.6,-0.61200005,1.0238715,0.0,0.09465171,0.0,0.0,0.082,0.0,0.012,0.6,0.6,-27.770117,2.2525623,0.75085413,0.15200001,0.0,0.13439132,0.0,0.0
hardzero_only__c0p58__z1p00__lam0p000__nu0p50__psi0p00,0.082,borrow,54,604,0.0,2,-0.6,-0.6,-0.61200005,1.0287254,0.0,0.09359974,0.0,0.0,0.082,0.0,0.012,0.6,0.6,-27.130487,2.263241,0.7544137,0.2,0.0,0.15713619,0.0,0.0
hardzero_only__c0p58__z1p00__lam0p000__nu0p50__psi0p00,0.082,borrow,54,605,0.0,2,-0.6,-0.6,-0.61200005,1.0382361,0.0,0.09157223,0.0,0.0,0.082,0.0,0.012,0.6,0.6,-27.159567,2.2841651,0.7613884,0.17600001,0.0,0.15129878,0.0,0.0
hardzero_only__c0p58__z1p00__lam0p000__nu0p50__psi0p00,0.082,borrow,54,606,0.0,2,-0.6,-0.6,-0.61200005,1.044915,0.0,0.09017477,0.0,0.0,0.082,0.0,0.012,0.6,0.6,-27.745579,2.298859,0.7662863,0.18400002,0.0,0.1370842,0.0,0.0
hardzero_only__c0p58__z1p00__lam0p000__nu0p50__psi0p00,0.082,borrow,54,607,0.0,2,-0.6,-0.6,-0.61200005,1.0168899,0.0,0.096185595,0.0,0.0,0.082,0.0,0.012,0.6,0.6,-27.914068,2.2372024,0.74573416,0.14400001,0.0,0.16311811,0.0,0.0
hardzero_only__c0p58__z1p00__lam0p000__nu0p50__psi0p00,0.082,borrow,54,608,0.0,2,-0.6,-0.6,-0.61200005,1.0313752,0.0,0.09303039,0.0,0.0,0.082,0.0,0.012,0.6,0.6,-27.246271,2.2690706,0.7563569,0.112,0.0,0.15577546,0.0,0.0
hardzero_only__c0p58__z1p00__lam0p000__nu0p50__psi0p00,0.082,borrow,54,609,0.0,2,-0.6,-0.6,-0.61200005,1.0351042,0.0,0.09223502,0.0,0.0,0.082,0.0,0.012,0.6,0.6,-27.208044,2.2772746,0.75909156,0.17600001,0.0,0.17890427,0.0,0.0
hardzero_only__c0p58__z1p00__lam0p000__nu0p50__psi0p00,0.082,borrow,54,610,0.0,2,-0.6,-0.6,-0.6023786,0.93057257,0.11733495,0.11733495,1.0,0.009621466,0.082,0.0,0.012,0.6,0.6,-25.125223,2.0473006,0.68243355,0.192,0.0,0.11488081,0.0,0.0
hardzero_only__c0p58__z1p00__lam0p000__nu0p50__psi0p00,0.082,borrow,54,611,0.0,2,-0.6,-0.6,-0.61200005,1.0229776,0.0,0.094846725,0.0,0.0,0.082,0.0,0.012,0.6,0.6,-27.285667,2.2505956,0.75019854,0.14999999,0.0,0.1365225,0.0,0.0
hardzero_only__c0p58__z1p00__lam0p000__nu0p50__psi0p00,0.082,borrow,54,612,0.0,2,-0.6,-0.6,-0.6034276,0.98070985,0.10454183,0.10454183,1.0,0.00857243,0.082,0.0,0.012,0.6,0.6,-26.299133,2.1576047,0.71920156,0.16800001,0.0,0.15816021,0.0,0.0
hardzero_only__c0p58__z1p00__lam0p000__nu0p50__psi0p00,0.082,borrow,54,613,0.0,2,-0.6,-0.6,-0.61200005,1.0167364,0.0,0.09621961,0.0,0.0,0.082,0.0,0.012,0.6,0.6,-26.777048,2.2368648,0.7456216,0.16000001,0.0,0.14801486,0.0,0.0
hardzero_only__c0p58__z1p00__lam0p000__nu0p50__psi0p00,0.082,borrow,54,614,0.0,2,-0.6,-0.6,-0.60376894,0.9983561,0.10037923,0.10037923,1.0,0.008231097,0.082,0.0,0.012,0.6,0.6,-26.307716,2.1964273,0.73214245,0.16800001,0.0,0.14527781,0.0,0.0
hardzero_only__c0p58__z1p00__lam0p000__nu0p50__psi0p00,0.082,borrow,54,615,0.0,2,-0.6,-0.6,-0.61200005,1.0208197,0.0,0.09531918,0.0,0.0,0.082,0.0,0.012,0.6,0.6,-27.851458,2.2458482,0.7486161,0.17600001,0.0,0.13483018,0.0,0.0
hardzero_only__c0p58__z1p00__lam0p000__nu0p50__psi0p00,0.082,borrow,54,616,0.0,2,-0.6,-0.6,-0.61200005,1.0170422,0.0,0.09615188,0.0,0.0,0.082,0.0,0.012,0.6,0.6,-27.65459,2.2375374,0.7458458,0.096,0.0,0.1424383,0.0,0.0
hardzero_only__c0p58__z1p00__lam0p000__nu0p50__psi0p00,0.082,borrow,54,617,0.0,2,-0.6,-0.6,-0.61200005,1.017211,0.0,0.09611452,0.0,0.0,0.082,0.0,0.012,0.6,0.6,-27.396545,2.2379088,0.74596965,0.18400002,0.008,0.166656,0.0,0.0
hardzero_only__c0p58__z1p00__lam0p000__nu0p50__psi0p00,0.082,borrow,54,618,0.0,2,-0.6,-0.6,-0.61200005,1.008849,0.0,0.09798303,0.0,0.0,0.082,0.0,0.012,0.6,0.6,-26.501356,2.2195122,0.7398374,0.096,0.0,0.12837082,0.0,0.0
hardzero_only__c0p58__z1p00__lam0p000__nu0p50__psi0p00,0.082,borrow,54,619,0.0,2,-0.6,-0.6,-0.61200005,1.031906,0.0,0.09291675,0.0,0.0,0.082,0.0,0.012,0.6,0.6,-27.923641,2.2702386,0.75674623,0.15200001,0.0,0.14289431,0.0,0.0
hardzero_only__c0p58__z1p00__lam0p000__nu0p50__psi0p00,0.082,borrow,54,620,0.0,2,-0.6,-0.6,-0.61200005,1.0049958,0.0,0.09885626,0.0,0.0,0.082,0.0,0.012,0.6,0.6,-26.986973,2.211035,0.7370117,0.24000001,0.0,0.16050006,0.0,0.0
hardzero_only__c0p58__z1p00__lam0p000__nu0p50__psi0p00,0.082,borrow,54,621,0.0,2,-0.6,-0.6,-0.61200005,1.0478859,0.0,0.089559995,0.0,0.0,0.082,0.0,0.012,0.6,0.6,-27.453157,2.305395,0.768465,0.104,0.0,0.15063116,0.0,0.0
hardzero_only__c0p58__z1p00__lam0p000__nu0p50__psi0p00,0.082,borrow,54,622,0.0,2,-0.6,-0.6,-0.61200005,1.0371652,0.0,0.091798335,0.0,0.0,0.082,0.0,0.012,0.6,0.6,-28.053076,2.2818089,0.76060295,0.136,0.0,0.15387186,0.0,0.0
hardzero_only__c0p58__z1p00__lam0p000__nu0p50__psi0p00,0.082,borrow,54,623,0.0,2,-0.6,-0.6,-0.61200005,1.0563239,0.0,0.08783671,0.0,0.0,0.082,0.0,0.012,0.6,0.6,-28.260962,2.3239589,0.77465296,0.08800001,0.0,0.1682676,0.0,0.0
hardzero_only__c0p58__z1p00__lam0p000__nu0p50__psi0p00,0.082,borrow,54,624,0.0,2,-0.6,-0.6,-0.61200005,1.0476876,0.0,0.0896009,0.0,0.0,0.082,0.0,0.012,0.6,0.6,-27.788357,2.3049588,0.7683196,0.11,0.0,0.15405154,0.0,0.0
hardzero_only__c0p58__z1p00__lam0p000__nu0p50__psi0p00,0.082,borrow,54,625,0.0,2,-0.6,-0.6,-0.61200005,1.0265105,0.0,0.09407832,0.0,0.0,0.082,0.0,0.012,0.6,0.6,-28.007294,2.258368,0.7527894,0.216,0.0,0.15048768,0.0,0.0
hardzero_only__c0p58__z1p00__lam0p000__nu0p50__psi0p00,0.082,borrow,54,626,0.0,2,-0.6,-0.6,-0.61200005,1.0010203,0.0,0.09976533,0.0,0.0,0.082,0.0,0.012,0.6,0.6,-26.89271,2.2022886,0.7340962,0.17600001,0.0,0.13214456,0.0,0.0
hardzero_only__c0p58__z1p00__lam0p000__nu0p50__psi0p00,0.082,borrow,54,627,0.0,2,-0.6,-0.6,-0.61200005,1.043017,0.0,0.09056971,0.0,0.0,0.082,0.0,0.012,0.6,0.6,-26.691513,2.2946832,0.7648944,0.17600001,0.0,0.15366526,0.0,0.0
hardzero_only__c0p58__z1p00__lam0p000__nu0p50__psi0p00,0.082,borrow,54,628,0.0,2,-0.6,-0.6,-0.60373306,0.9964667,0.1008169,0.1008169,1.0,0.008266985,0.082,0.0,0.012,0.6,0.6,-27.199194,2.1922705,0.7307569,0.14400001,0.0,0.14654432,0.0,0.0
hardzero_only__c0p58__z1p00__lam0p000__nu0p50__psi0p00,0.082,borrow,54,629,0.0,2,-0.6,-0.6,-0.61200005,1.0372503,0.0,0.09178034,0.0,0.0,0.082,0.0,0.012,0.6,0.6,-26.799019,2.2819963,0.7606654,0.15200001,0.0,0.14359559,0.0,0.0
hardzero_only__c0p58__z1p00__lam0p000__nu0p50__psi0p00,0.082,borrow,54,630,0.0,2,-0.6,-0.6,-0.6036588,0.9925812,0.10172292,0.10172292,1.0,0.00834128,0.082,0.0,0.012,0.6,0.6,-26.945057,2.1837223,0.7279074,0.208,0.0,0.15097457,0.0,0.0
hardzero_only__c0p58__z1p00__lam0p000__nu0p50__psi0p00,0.082,borrow,54,631,0.0,2,-0.6,-0.6,-0.61200005,1.000546,0.0,0.099874355,0.0,0.0,0.082,0.0,0.012,0.6,0.6,-26.314947,2.201245,0.7337484,0.16800001,0.0,0.13546777,0.0,0.0
hardzero_only__c0p58__z1p00__lam0p000__nu0p50__psi0p00,0.082,borrow,54,632,0.0,2,-0.6,-0.6,-0.61200005,1.0169686,0.0,0.09616819,0.0,0.0,0.082,0.0,0.012,0.6,0.6,-27.429796,2.2373755,0.74579185,0.104,0.0,0.13655323,0.0,0.0
hardzero_only__c0p58__z1p00__lam0p000__nu0p50__psi0p00,0.082,borrow,54,633,0.0,2,-0.6,-0.6,-0.61200005,1.0407269,0.0,0.09104856,0.0,0.0,0.082,0.0,0.012,0.6,0.6,-27.318338,2.289645,0.763215,0.15200001,0.0,0.17189659,0.0,0.0
hardzero_only__c0p58__z1p00__lam0p000__nu0p50__psi0p00,0.082,borrow,54,634,0.0,2,-0.6,-0.6,-0.61200005,1.034691,0.0,0.09232282,0.0,0.0,0.082,0.0,0.012,0.6,0.6,-28.080345,2.2763655,0.7587885,0.18400002,0.0,0.18946007,0.0,0.0
hardzero_only__c0p58__z1p00__lam0p000__nu0p50__psi0p00,0.082,borrow,54,635,0.0,2,-0.6,-0.6,-0.6037812,0.9990055,0.10022926,0.10022926,1.0,0.0082188,0.082,0.0,0.012,0.6,0.6,-26.879238,2.197856,0.7326187,0.18400002,0.0,0.16876939,0.0,0.0
hardzero_only__c0p58__z1p00__lam0p000__nu0p50__psi0p00,0.082,borrow,54,636,0.0,2,-0.6,-0.6,-0.61200005,1.0158368,0.0,0.09641912,0.0,0.0,0.082,0.0,0.012,0.6,0.6,-27.595615,2.2348857,0.7449619,0.224,0.008,0.15634558,0.0,0.0
hardzero_only__c0p58__z1p00__lam0p000__nu0p50__psi0p00,0.082,borrow,54,637,0.0,2,-0.6,-0.6,-0.61200005,1.0625156,0.0,0.08659331,0.0,0.0,0.082,0.0,0.012,0.6,0.6,-28.43678,2.337581,0.77919364,0.17,0.0,0.13717555,0.0,0.0
hardzero_only__c0p58__z1p00__lam0p000__nu0p50__psi0p00,0.082,borrow,54,638,0.0,2,-0.6,-0.6,-0.61200005,1.0501666,0.0,0.08909091,0.0,0.0,0.082,0.0,0.012,0.6,0.6,-27.511574,2.3104126,0.77013755,0.15200001,0.008,0.18272929,0.0,0.0
hardzero_only__c0p58__z1p00__lam0p000__nu0p50__psi0p00,0.082,borrow,54,639,0.0,2,-0.6,-0.6,-0.61200005,1.0133947,0.0,0.096962824,0.0,0.0,0.082,0.0,0.012,0.6,0.6,-26.793306,2.229513,0.743171,0.15200001,0.0,0.14265989,0.0,0.0
hardzero_only__c0p58__z1p00__lam0p000__nu0p50__psi0p00,0.082,borrow,54,640,0.0,2,-0.6,-0.6,-0.6036862,0.99401265,0.10138817,0.10138817,1.0,0.00831383,0.082,0.0,0.012,0.6,0.6,-27.124384,2.1868715,0.7289572,0.17600001,0.0,0.1381888,0.0,0.0
hardzero_only__c0p58__z1p00__lam0p000__nu0p50__psi0p00,0.082,borrow,54,641,0.0,2,-0.6,-0.6,-0.61200005,1.0688667,0.0,0.08533619,0.0,0.0,0.082,0.0,0.012,0.6,0.6,-28.714167,2.3515537,0.78385127,0.136,0.0,0.17546652,0.0,0.0
hardzero_only__c0p58__z1p00__lam0p000__nu0p50__psi0p00,0.082,borrow,54,642,0.0,2,-0.6,-0.6,-0.60349554,0.98416346,0.103713796,0.103713796,1.0,0.008504531,0.082,0.0,0.012,0.6,0.6,-26.753782,2.1652029,0.7217343,0.208,0.0,0.14649008,0.0,0.0
hardzero_only__c0p58__z1p00__lam0p000__nu0p50__psi0p00,0.082,borrow,54,643,0.0,2,-0.6,-0.6,-0.61200005,1.0237218,0.0,0.09468435,0.0,0.0,0.082,0.0,0.012,0.6,0.6,-27.21116,2.252233,0.75074434,0.096,0.0,0.14004055,0.0,0.0
hardzero_only__c0p58__z1p00__lam0p000__nu0p50__psi0p00,0.082,borrow,54,644,0.0,2,-0.6,-0.6,-0.61200005,1.0628445,0.0,0.086527765,0.0,0.0,0.082,0.0,0.012,0.6,0.6,-27.60338,2.3383045,0.77943486,0.17600001,0.0,0.14763232,0.0,0.0
hardzero_only__c0p58__z1p00__lam0p000__nu0p50__psi0p00,0.082,borrow,54,645,0.0,2,-0.6,-0.6,-0.61200005,1.0630941,0.0,0.08647804,0.0,0.0,0.082,0.0,0.012,0.6,0.6,-28.330523,2.3388538,0.77961797,0.16000001,0.0,0.14768404,0.0,0.0
hardzero_only__c0p58__z1p00__lam0p000__nu0p50__psi0p00,0.082,borrow,54,646,0.0,2,-0.6,-0.6,-0.6034687,0.9827964,0.10404077,0.10404077,1.0,0.008531343,0.082,0.0,0.012,0.6,0.6,-26.638279,2.1621952,0.72073174,0.15200001,0.0,0.12691088,0.0,0.0
hardzero_only__c0p58__z1p00__lam0p000__nu0p50__psi0p00,0.082,borrow,54,647,0.0,2,-0.6,-0.6,-0.61200005,1.0022517,0.0,0.09948285,0.0,0.0,0.082,0.0,0.012,0.6,0.6,-26.71064,2.2049978,0.7349993,0.16800001,0.0,0.13951734,0.0,0.0
hardzero_only__c0p58__z1p00__lam0p000__nu0p50__psi0p00,0.082,borrow,54,648,0.0,2,-0.6,-0.6,-0.61200005,1.0436025,0.0,0.09044771,0.0,0.0,0.082,0.0,0.012,0.6,0.6,-28.470684,2.2959712,0.76532376,0.16000001,0.0,0.17260563,0.0,0.0
hardzero_only__c0p58__z1p00__lam0p000__nu0p50__psi0p00,0.082,borrow,54,649,0.0,2,-0.6,-0.6,-0.61200005,1.0787781,0.0,0.08341072,0.0,0.0,0.082,0.0,0.012,0.6,0.6,-28.273436,2.3733594,0.7911198,0.136,0.0,0.20840314,0.0,0.0
hardzero_only__c0p58__z1p00__lam0p000__nu0p50__psi0p00,0.082,borrow,54,650,0.0,2,-0.6,-0.6,-0.61200005,1.0785446,0.0,0.08345557,0.0,0.0,0.082,0.0,0.012,0.6,0.6,-28.305277,2.3728456,0.79094857,0.14999999,0.0,0.16239123,0.0,0.0
hardzero_only__c0p58__z1p00__lam0p000__nu0p50__psi0p00,0.082,borrow,54,651,0.0,2,-0.6,-0.6,-0.6033204,0.9753113,0.10584947,0.10584947,1.0,0.008679656,0.082,0.0,0.012,0.6,0.6,-26.583826,2.1457276,0.71524256,0.2,0.0,0.15101667,0.0,0.0
hardzero_only__c0p58__z1p00__lam0p000__nu0p50__psi0p00,0.082,borrow,54,652,0.0,2,-0.6,-0.6,-0.6036746,0.99340504,0.10153012,0.10153012,1.0,0.00832547,0.082,0.0,0.012,0.6,0.6,-26.98197,2.1855347,0.7285116,0.14400001,0.0,0.170421,0.0,0.0
hardzero_only__c0p58__z1p00__lam0p000__nu0p50__psi0p00,0.082,borrow,54,653,0.0,2,-0.6,-0.6,-0.61200005,1.002072,0.0,0.09952403,0.0,0.0,0.082,0.0,0.012,0.6,0.6,-27.112883,2.2046022,0.73486745,0.128,0.0,0.13684358,0.0,0.0
hardzero_only__c0p58__z1p00__lam0p000__nu0p50__psi0p00,0.082,borrow,54,654,0.0,2,-0.6,-0.6,-0.61200005,1.0282696,0.0,0.093698,0.0,0.0,0.082,0.0,0.012,0.6,0.6,-26.29139,2.2622385,0.7540795,0.15200001,0.0,0.15262866,0.0,0.0
hardzero_only__c0p58__z1p00__lam0p000__nu0p50__psi0p00,0.082,borrow,54,655,0.0,2,-0.6,-0.6,-0.60376906,0.9983623,0.10037779,0.10037779,1.0,0.008230979,0.082,0.0,0.012,0.6,0.6,-26.95611,2.196441,0.732147,0.18400002,0.0,0.1656814,0.0,0.0
hardzero_only__c0p58__z1p00__lam0p000__nu0p50__psi0p00,0.082,borrow,54,656,0.0,2,-0.6,-0.6,-0.61200005,1.0187044,0.0,0.09578458,0.0,0.0,0.082,0.0,0.012,0.6,0.6,-26.70075,2.2411945,0.7470648,0.104,0.0,0.15394807,0.0,0.0
hardzero_only__c0p58__z1p00__lam0p000__nu0p50__psi0p00,0.082,borrow,54,657,0.0,2,-0.6,-0.6,-0.61200005,1.0556598,0.0,0.087971136,0.0,0.0,0.082,0.0,0.012,0.6,0.6,-27.291798,2.3224978,0.774166,0.18400002,0.0,0.1465058,0.0,0.0
hardzero_only__c0p58__z1p00__lam0p000__nu0p50__psi0p00,0.082,borrow,54,658,0.0,2,-0.6,-0.6,-0.61200005,1.0377291,0.0,0.091679215,0.0,0.0,0.082,0.0,0.012,0.6,0.6,-27.425749,2.2830498,0.7610166,0.128,0.0,0.15985064,0.0,0.0
hardzero_only__c0p58__z1p00__lam0p000__nu0p50__psi0p00,0.082,borrow,54,659,0.0,2,-0.6,-0.6,-0.60350984,0.98489636,0.10353892,0.10353892,1.0,0.008490192,0.082,0.0,0.012,0.6,0.6,-26.722149,2.1668153,0.7222718,0.18400002,0.0,0.13732229,0.0,0.0
hardzero_only__c0p58__z1p00__lam0p000__nu0p50__psi0p00,0.082,borrow,54,660,0.0,2,-0.6,-0.6,-0.61200005,1.006415,0.0,0.09853373,0.0,0.0,0.082,0.0,0.012,0.6,0.6,-27.645227,2.2141573,0.7380525,0.128,0.0,0.17143789,0.0,0.0
hardzero_only__c0p58__z1p00__lam0p000__nu0p50__psi0p00,0.082,borrow,54,661,0.0,2,-0.6,-0.6,-0.60360134,0.98960114,0.102423325,0.102423325,1.0,0.008398713,0.082,0.0,0.012,0.6,0.6,-25.887264,2.177166,0.725722,0.18400002,0.0,0.13897036,0.0,0.0
hardzero_only__c0p58__z1p00__lam0p000__nu0p50__psi0p00,0.082,borrow,54,662,0.0,2,-0.6,-0.6,-0.6036757,0.99346626,0.10151582,0.10151582,1.0,0.008324298,0.082,0.0,0.012,0.6,0.6,-26.923239,2.1856694,0.7285565,0.14400001,0.0,0.16183808,0.0,0.0
hardzero_only__c0p58__z1p00__lam0p000__nu0p50__psi0p00,0.082,borrow,54,663,0.0,2,-0.6,-0.6,-0.6036664,0.99298024,0.101629496,0.101629496,1.0,0.008333619,0.082,0.0,0.012,0.6,0.6,-25.777706,2.1846,0.7282001,0.13,0.0,0.12719256,0.0,0.0
hardzero_only__c0p58__z1p00__lam0p000__nu0p50__psi0p00,0.082,borrow,54,664,0.0,2,-0.6,-0.6,-0.61200005,1.0091184,0.0,0.09792227,0.0,0.0,0.082,0.0,0.012,0.6,0.6,-26.154325,2.220105,0.740035,0.16800001,0.0,0.11038058,0.0,0.0
hardzero_only__c0p58__z1p00__lam0p000__nu0p50__psi0p00,0.082,borrow,54,665,0.0,2,-0.6,-0.6,-0.6032452,0.9715645,0.10676662,0.10676662,1.0,0.008754863,0.082,0.0,0.012,0.6,0.6,-26.022846,2.1374846,0.71249485,0.15200001,0.0,0.12537512,0.0,0.0
hardzero_only__c0p58__z1p00__lam0p000__nu0p50__psi0p00,0.082,borrow,54,666,0.0,2,-0.6,-0.6,-0.61200005,1.0464313,0.0,0.08986046,0.0,0.0,0.082,0.0,0.012,0.6,0.6,-27.706326,2.3021948,0.7673983,0.120000005,0.0,0.17415516,0.0,0.0
hardzero_only__c0p58__z1p00__lam0p000__nu0p50__psi0p00,0.082,borrow,54,667,0.0,2,-0.6,-0.6,-0.6032938,0.9739822,0.106173895,0.106173895,1.0,0.00870626,0.082,0.0,0.012,0.6,0.6,-26.440079,2.1428037,0.7142679,0.216,0.0,0.15019868,0.0,0.0
hardzero_only__c0p58__z1p00__lam0p000__nu0p50__psi0p00,0.082,borrow,54,668,0.0,2,-0.6,-0.6,-0.61200005,1.0035824,0.0,0.09917854,0.0,0.0,0.082,0.0,0.012,0.6,0.6,-26.800976,2.2079253,0.73597515,0.15200001,0.0,0.1558174,0.0,0.0
hardzero_only__c0p58__z1p00__lam0p000__nu0p50__psi0p00,0.082,borrow,54,669,0.0,2,-0.6,-0.6,-0.6037126,0.995393,0.10106644,0.10106644,1.0,0.008287448,0.082,0.0,0.012,0.6,0.6,-26.554178,2.1899083,0.72996944,0.16800001,0.0,0.12521808,0.0,0.0
hardzero_only__c0p58__z1p00__lam0p000__nu0p50__psi0p00,0.082,borrow,54,670,0.0,2,-0.6,-0.6,-0.61200005,1.0428994,0.0,0.09059425,0.0,0.0,0.082,0.0,0.012,0.6,0.6,-27.647667,2.2944245,0.7648082,0.14400001,0.0,0.15826574,0.0,0.0
hardzero_only__c0p58__z1p00__lam0p000__nu0p50__psi0p00,0.082,borrow,54,671,0.0,2,-0.6,-0.6,-0.61200005,1.0061425,0.0,0.09859558,0.0,0.0,0.082,0.0,0.012,0.6,0.6,-27.396006,2.2135577,0.7378526,0.16000001,0.0,0.12536211,0.0,0.0
hardzero_only__c0p58__z1p00__lam0p000__nu0p50__psi0p00,0.082,borrow,54,672,0.0,2,-0.6,-0.6,-0.60213715,0.9198095,0.120279185,0.120279185,1.0,0.009862893,0.082,0.0,0.012,0.6,0.6,-25.548458,2.0236213,0.67454046,0.208,0.008,0.11393217,0.0,0.0
hardzero_only__c0p58__z1p00__lam0p000__nu0p50__psi0p00,0.082,borrow,54,673,0.0,2,-0.6,-0.6,-0.61200005,1.0707321,0.0,0.08497043,0.0,0.0,0.082,0.0,0.012,0.6,0.6,-28.26452,2.3556578,0.7852193,0.18400002,0.0,0.19242811,0.0,0.0
hardzero_only__c0p58__z1p00__lam0p000__nu0p50__psi0p00,0.082,borrow,54,674,0.0,2,-0.6,-0.6,-0.61200005,1.0346375,0.0,0.09233418,0.0,0.0,0.082,0.0,0.012,0.6,0.6,-27.286753,2.2762477,0.75874925,0.15200001,0.0,0.14031856,0.0,0.0
hardzero_only__c0p58__z1p00__lam0p000__nu0p50__psi0p00,0.082,borrow,54,675,0.0,2,-0.6,-0.6,-0.61200005,1.0143405,0.0,0.09675189,0.0,0.0,0.082,0.0,0.012,0.6,0.6,-27.151695,2.2315936,0.74386454,0.136,0.0,0.16080472,0.0,0.0
hardzero_only__c0p58__z1p00__lam0p000__nu0p50__psi0p00,0.082,borrow,54,676,0.0,2,-0.6,-0.6,-0.6037793,0.9989048,0.10025249,0.10025249,1.0,0.008220704,0.082,0.0,0.012,0.6,0.6,-26.477583,2.1976345,0.73254484,0.17,0.0,0.15813778,0.0,0.0
hardzero_only__c0p58__z1p00__lam0p000__nu0p50__psi0p00,0.082,borrow,54,677,0.0,2,-0.6,-0.6,-0.61200005,1.0254606,0.0,0.09430601,0.0,0.0,0.082,0.0,0.012,0.6,0.6,-27.07476,2.2560585,0.7520195,0.192,0.0,0.14105564,0.0,0.0
hardzero_only__c0p58__z1p00__lam0p000__nu0p50__psi0p00,0.082,borrow,54,678,0.0,2,-0.6,-0.6,-0.60360944,0.9900198,0.10232463,0.10232463,1.0,0.008390619,0.082,0.0,0.012,0.6,0.6,-27.152506,2.178087,0.72602904,0.16800001,0.0,0.14680788,0.0,0.0
hardzero_only__c0p58__z1p00__lam0p000__nu0p50__psi0p00,0.082,borrow,54,679,0.0,2,-0.6,-0.6,-0.61200005,1.0229757,0.0,0.09484716,0.0,0.0,0.082,0.0,0.012,0.6,0.6,-27.606066,2.2505915,0.7501972,0.216,0.0,0.16504458,0.0,0.0
hardzero_only__c0p58__z1p00__lam0p000__nu0p50__psi0p00,0.082,borrow,54,680,0.0,2,-0.6,-0.6,-0.61200005,1.0206786,0.0,0.09535014,0.0,0.0,0.082,0.0,0.012,0.6,0.6,-27.72031,2.2455378,0.7485126,0.120000005,0.0,0.14489996,0.0,0.0
hardzero_only__c0p58__z1p00__lam0p000__nu0p50__psi0p00,0.082,borrow,54,681,0.0,2,-0.6,-0.6,-0.61200005,1.0050348,0.0,0.09884738,0.0,0.0,0.082,0.0,0.012,0.6,0.6,-27.628666,2.2111208,0.7370403,0.24800001,0.0,0.15862353,0.0,0.0
hardzero_only__c0p58__z1p00__lam0p000__nu0p50__psi0p00,0.082,borrow,54,682,0.0,2,-0.6,-0.6,-0.61200005,1.0400143,0.0,0.091198094,0.0,0.0,0.082,0.0,0.012,0.6,0.6,-27.822834,2.288077,0.7626924,0.120000005,0.0,0.14333941,0.0,0.0
hardzero_only__c0p58__z1p00__lam0p000__nu0p50__psi0p00,0.082,borrow,54,683,0.0,2,-0.6,-0.6,-0.61200005,1.0244545,0.0,0.09452475,0.0,0.0,0.082,0.0,0.012,0.6,0.6,-27.299347,2.2538447,0.7512816,0.15200001,0.0,0.13185033,0.0,0.0
hardzero_only__c0p58__z1p00__lam0p000__nu0p50__psi0p00,0.082,borrow,54,684,0.0,2,-0.6,-0.6,-0.61200005,1.0366173,0.0,0.09191423,0.0,0.0,0.082,0.0,0.012,0.6,0.6,-26.887018,2.2806036,0.7602012,0.192,0.0,0.14501902,0.0,0.0
hardzero_only__c0p58__z1p00__lam0p000__nu0p50__psi0p00,0.082,borrow,54,685,0.0,2,-0.6,-0.6,-0.61200005,1.021545,0.0,0.0951601,0.0,0.0,0.082,0.0,0.012,0.6,0.6,-27.338726,2.247444,0.749148,0.24000001,0.0,0.14277264,0.0,0.0
hardzero_only__c0p58__z1p00__lam0p000__nu0p50__psi0p00,0.082,borrow,54,686,0.0,2,-0.6,-0.6,-0.61200005,1.0443045,0.0,0.09030162,0.0,0.0,0.082,0.0,0.012,0.6,0.6,-27.816708,2.2975156,0.76583856,0.16800001,0.0,0.18539557,0.0,0.0
hardzero_only__c0p58__z1p00__lam0p000__nu0p50__psi0p00,0.082,borrow,54,687,0.0,2,-0.6,-0.6,-0.61200005,1.0334878,0.0,0.09257892,0.0,0.0,0.082,0.0,0.012,0.6,0.6,-27.24397,2.2737186,0.7579062,0.064,0.0,0.124425955,0.0,0.0
hardzero_only__c0p58__z1p00__lam0p000__nu0p50__psi0p00,0.082,borrow,54,688,0.0,2,-0.6,-0.6,-0.60333925,0.97625506,0.10561971,0.10561971,1.0,0.008660817,0.082,0.0,0.012,0.6,0.6,-26.24118,2.147804,0.7159347,0.15200001,0.0,0.13059582,0.0,0.0
hardzero_only__c0p58__z1p00__lam0p000__nu0p50__psi0p00,0.082,borrow,54,689,0.0,2,-0.6,-0.6,-0.60372216,0.99589497,0.10094969,0.10094969,1.0,0.008277874,0.082,0.0,0.012,0.6,0.6,-26.527729,2.1910126,0.73033756,0.17999999,0.0,0.11184798,0.0,0.0
hardzero_only__c0p58__z1p00__lam0p000__nu0p50__psi0p00,0.082,borrow,54,690,0.0,2,-0.6,-0.6,-0.60338265,0.9784376,0.10509024,0.10509024,1.0,0.0086174,0.082,0.0,0.012,0.6,0.6,-26.127813,2.1526058,0.71753526,0.15200001,0.0,0.12405462,0.0,0.0
hardzero_only__c0p58__z1p00__lam0p000__nu0p50__psi0p00,0.082,borrow,54,691,0.0,2,-0.6,-0.6,-0.6037688,0.99834824,0.10038105,0.10038105,1.0,0.008231246,0.082,0.0,0.012,0.6,0.6,-27.34152,2.19641,0.73213667,0.224,0.0,0.14862302,0.0,0.0
hardzero_only__c0p58__z1p00__lam0p000__nu0p50__psi0p00,0.082,borrow,54,692,0.0,2,-0.6,-0.6,-0.6033905,0.9788352,0.104994066,0.104994066,1.0,0.008609514,0.082,0.0,0.012,0.6,0.6,-26.722216,2.1534805,0.71782684,0.216,0.0,0.13602743,0.0,0.0
hardzero_only__c0p58__z1p00__lam0p000__nu0p50__psi0p00,0.082,borrow,54,693,0.0,2,-0.6,-0.6,-0.61200005,1.0305961,0.0,0.093197405,0.0,0.0,0.082,0.0,0.012,0.6,0.6,-27.5027,2.2673569,0.75578564,0.14400001,0.0,0.15053917,0.0,0.0
hardzero_only__c0p58__z1p00__lam0p000__nu0p50__psi0p00,0.082,borrow,54,694,0.0,2,-0.6,-0.6,-0.61200005,1.0233643,0.0,0.094762325,0.0,0.0,0.082,0.0,0.012,0.6,0.6,-27.344872,2.2514465,0.7504822,0.14400001,0.0,0.14465576,0.0,0.0
hardzero_only__c0p58__z1p00__lam0p000__nu0p50__psi0p00,0.082,borrow,54,695,0.0,2,-0.6,-0.6,-0.61200005,1.0203317,0.0,0.09542633,0.0,0.0,0.082,0.0,0.012,0.6,0.6,-27.313692,2.2447746,0.74825823,0.096,0.0,0.13465065,0.0,0.0
hardzero_only__c0p58__z1p00__lam0p000__nu0p50__psi0p00,0.082,borrow,54,696,0.0,2,-0.6,-0.6,-0.61200005,1.0180855,0.0,0.09592118,0.0,0.0,0.082,0.0,0.012,0.6,0.6,-27.126398,2.2398329,0.746611,0.17600001,0.0,0.15835257,0.0,0.0
hardzero_only__c0p58__z1p00__lam0p000__nu0p50__psi0p00,0.082,borrow,54,697,0.0,2,-0.6,-0.6,-0.61200005,1.0737464,0.0,0.08438273,0.0,0.0,0.082,0.0,0.012,0.6,0.6,-27.979935,2.3622894,0.7874298,0.14400001,0.0,0.2212246,0.0,0.0
hardzero_only__c0p58__z1p00__lam0p000__nu0p50__psi0p00,0.082,borrow,54,698,0.0,2,-0.6,-0.6,-0.61200005,1.0496653,0.0,0.0891938,0.0,0.0,0.082,0.0,0.012,0.6,0.6,-28.323618,2.3093097,0.7697699,0.128,0.0,0.17576152,0.0,0.0
hardzero_only__c0p58__z1p00__lam0p000__nu0p50__psi0p00,0.082,borrow,54,699,0.0,2,-0.6,-0.6,-0.61200005,1.0317996,0.0,0.09293952,0.0,0.0,0.082,0.0,0.012,0.6,0.6,-27.529068,2.2700043,0.7566681,0.128,0.0,0.14550121,0.0,0.0
hardzero_only__c0p58__z1p00__lam0p000__nu0p50__psi0p00,0.082,borrow,54,700,0.0,2,-0.6,-0.6,-0.60263205,0.9421663,0.11424407,0.11424407,1.0,0.0093680145,0.082,0.0,0.012,0.6,0.6,-26.262959,2.0728073,0.6909358,0.24000001,0.0,0.12519574,0.0,0.0
hardzero_only__c0p58__z1p00__lam0p000__nu0p50__psi0p00,0.082,borrow,54,701,0.0,2,-0.6,-0.6,-0.61200005,1.04132,0.0,0.09092431,0.0,0.0,0.082,0.0,0.012,0.6,0.6,-27.723007,2.2909496,0.7636499,0.08800001,0.0,0.1596526,0.0,0.0
hardzero_only__c0p58__z1p00__lam0p000__nu0p50__psi0p00,0.082,borrow,54,702,0.0,2,-0.6,-0.6,-0.61200005,1.0491725,0.0,0.08929505,0.0,0.0,0.082,0.0,0.012,0.6,0.6,-27.621351,2.3082256,0.7694086,0.19,0.0,0.161463,0.0,0.0
hardzero_only__c0p58__z1p00__lam0p000__nu0p50__psi0p00,0.082,borrow,54,703,0.0,2,-0.6,-0.6,-0.61200005,1.0362406,0.0,0.09199398,0.0,0.0,0.082,0.0,0.012,0.6,0.6,-27.505638,2.279775,0.759925,0.16000001,0.0,0.16866715,0.0,0.0
hardzero_only__c0p58__z1p00__lam0p000__nu0p50__psi0p00,0.082,borrow,54,704,0.0,2,-0.6,-0.6,-0.61200005,1.0027453,0.0,0.09936987,0.0,0.0,0.082,0.0,0.012,0.6,0.6,-26.687866,2.2060835,0.7353612,0.2,0.0,0.16566643,0.0,0.0
hardzero_only__c0p58__z1p00__lam0p000__nu0p50__psi0p00,0.082,borrow,54,705,0.0,2,-0.6,-0.6,-0.61200005,1.0254173,0.0,0.09431541,0.0,0.0,0.082,0.0,0.012,0.6,0.6,-27.252768,2.255963,0.7519877,0.23200001,0.0,0.144158,0.0,0.0
hardzero_only__c0p58__z1p00__lam0p000__nu0p50__psi0p00,0.082,borrow,54,706,0.0,2,-0.6,-0.6,-0.61200005,1.0353403,0.0,0.09218487,0.0,0.0,0.082,0.0,0.012,0.6,0.6,-27.64069,2.2777941,0.7592647,0.16800001,0.0,0.13867489,0.0,0.0
hardzero_only__c0p58__z1p00__lam0p000__nu0p50__psi0p00,0.082,borrow,54,707,0.0,2,-0.6,-0.6,-0.6034066,0.9796468,0.10479805,0.10479805,1.0,0.00859344,0.082,0.0,0.012,0.6,0.6,-26.34339,2.155266,0.71842206,0.16000001,0.0,0.14646746,0.0,0.0
hardzero_only__c0p58__z1p00__lam0p000__nu0p50__psi0p00,0.082,borrow,54,708,0.0,2,-0.6,-0.6,-0.61200005,1.0052723,0.0,0.09879336,0.0,0.0,0.082,0.0,0.012,0.6,0.6,-27.258268,2.2116432,0.73721445,0.16000001,0.0,0.13458848,0.0,0.0
hardzero_only__c0p58__z1p00__lam0p000__nu0p50__psi0p00,0.082,borrow,54,709,0.0,2,-0.6,-0.6,-0.61200005,1.0527922,0.0,0.08855393,0.0,0.0,0.082,0.0,0.012,0.6,0.6,-27.62369,2.316189,0.772063,0.120000005,0.0,0.16428795,0.0,0.0
hardzero_only__c0p58__z1p00__lam0p000__nu0p50__psi0p00,0.082,borrow,54,710,0.0,2,-0.6,-0.6,-0.6034881,0.9837844,0.10380436,0.10380436,1.0,0.008511958,0.082,0.0,0.012,0.6,0.6,-26.233736,2.1643689,0.7214563,0.2,0.0,0.11950494,0.0,0.0
hardzero_only__c0p58__z1p00__lam0p000__nu0p50__psi0p00,0.082,borrow,54,711,0.0,2,-0.6,-0.6,-0.61200005,1.0838053,0.0,0.08245076,0.0,0.0,0.082,0.0,0.012,0.6,0.6,-28.611607,2.3844192,0.7948064,0.16000001,0.0,0.18152104,0.0,0.0
hardzero_only__c0p58__z1p00__lam0p000__nu0p50__psi0p00,0.082,borrow,54,712,0.0,2,-0.6,-0.6,-0.6036232,0.9907338,0.10215655,0.10215655,1.0,0.008376838,0.082,0.0,0.012,0.6,0.6,-26.45751,2.179658,0.72655267,0.136,0.0,0.14051342,0.0,0.0
hardzero_only__c0p58__z1p00__lam0p000__nu0p50__psi0p00,0.082,borrow,54,713,0.0,2,-0.6,-0.6,-0.6030656,0.9627459,0.108956724,0.108956724,1.0,0.008934451,0.082,0.0,0.012,0.6,0.6,-25.975704,2.1180832,0.70602775,0.17600001,0.0,0.123653695,0.0,0.0
hardzero_only__c0p58__z1p00__lam0p000__nu0p50__psi0p00,0.082,borrow,54,714,0.0,2,-0.6,-0.6,-0.61200005,1.0129591,0.0,0.09706013,0.0,0.0,0.082,0.0,0.012,0.6,0.6,-26.722033,2.2285545,0.7428515,0.16800001,0.0,0.14722337,0.0,0.0
hardzero_only__c0p58__z1p00__lam0p000__nu0p50__psi0p00,0.082,borrow,54,715,0.0,2,-0.6,-0.6,-0.61200005,1.0171267,0.0,0.09613319,0.0,0.0,0.082,0.0,0.012,0.6,0.6,-27.192919,2.2377234,0.7459078,0.13,0.0,0.15648021,0.0,0.0
hardzero_only__c0p58__z1p00__lam0p000__nu0p50__psi0p00,0.082,borrow,54,716,0.0,2,-0.6,-0.6,-0.6032222,0.9704254,0.10704702,0.10704702,1.0,0.008777856,0.082,0.0,0.012,0.6,0.6,-26.013027,2.1349785,0.71165955,0.17600001,0.0,0.12836294,0.0,0.0
hardzero_only__c0p58__z1p00__lam0p000__nu0p50__psi0p00,0.082,borrow,54,717,0.0,2,-0.6,-0.6,-0.61200005,1.0148016,0.0,0.09664922,0.0,0.0,0.082,0.0,0.012,0.6,0.6,-27.374086,2.232608,0.74420273,0.15200001,0.0,0.15070115,0.0,0.0
hardzero_only__c0p58__z1p00__lam0p000__nu0p50__psi0p00,0.082,borrow,54,718,0.0,2,-0.6,-0.6,-0.61200005,1.011096,0.0,0.09747741,0.0,0.0,0.082,0.0,0.012,0.6,0.6,-27.09551,2.2244556,0.74148524,0.136,0.0,0.14924347,0.0,0.0
hardzero_only__c0p58__z1p00__lam0p000__nu0p50__psi0p00,0.082,borrow,54,719,0.0,2,-0.6,-0.6,-0.60345757,0.98223,0.10417655,0.10417655,1.0,0.008542477,0.082,0.0,0.012,0.6,0.6,-25.682442,2.1609492,0.7203164,0.136,0.0,0.1338855,0.0,0.0
hardzero_only__c0p58__z1p00__lam0p000__nu0p50__psi0p00,0.082,borrow,54,720,0.0,2,-0.6,-0.6,-0.61200005,1.0316052,0.0,0.09298112,0.0,0.0,0.082,0.0,0.012,0.6,0.6,-26.592985,2.2695768,0.75652564,0.120000005,0.0,0.13171242,0.0,0.0
hardzero_only__c0p58__z1p00__lam0p000__nu0p50__psi0p00,0.082,borrow,54,721,0.0,2,-0.6,-0.6,-0.61200005,1.0104666,0.0,0.097618796,0.0,0.0,0.082,0.0,0.012,0.6,0.6,-27.277998,2.2230709,0.74102366,0.16000001,0.0,0.15031713,0.0,0.0
hardzero_only__c0p58__z1p00__lam0p000__nu0p50__psi0p00,0.082,borrow,54,722,0.0,2,-0.6,-0.6,-0.61200005,1.0465039,0.0,0.08984545,0.0,0.0,0.082,0.0,0.012,0.6,0.6,-27.595716,2.3023546,0.7674515,0.16000001,0.0,0.16925703,0.0,0.0
hardzero_only__c0p58__z1p00__lam0p000__nu0p50__psi0p00,0.082,borrow,54,723,0.0,2,-0.6,-0.6,-0.61200005,1.0319101,0.0,0.09291588,0.0,0.0,0.082,0.0,0.012,0.6,0.6,-27.875576,2.2702475,0.75674915,0.16000001,0.0,0.1624967,0.0,0.0
hardzero_only__c0p58__z1p00__lam0p000__nu0p50__psi0p00,0.082,borrow,54,724,0.0,2,-0.6,-0.6,-0.61200005,1.0608962,0.0,0.08691683,0.0,0.0,0.082,0.0,0.012,0.6,0.6,-27.319336,2.3340182,0.7780061,0.08800001,0.0,0.13379668,0.0,0.0
hardzero_only__c0p58__z1p00__lam0p000__nu0p50__psi0p00,0.082,borrow,54,725,0.0,2,-0.6,-0.6,-0.6034317,0.9809181,0.10449172,0.10449172,1.0,0.008568321,0.082,0.0,0.012,0.6,0.6,-26.262825,2.158063,0.71935433,0.2,0.0,0.11318872,0.0,0.0
hardzero_only__c0p58__z1p00__lam0p000__nu0p50__psi0p00,0.082,borrow,54,726,0.0,2,-0.6,-0.6,-0.60324234,0.9714222,0.10680161,0.10680161,1.0,0.008757732,0.082,0.0,0.012,0.6,0.6,-26.620506,2.1371715,0.71239054,0.208,0.0,0.123217,0.0,0.0
hardzero_only__c0p58__z1p00__lam0p000__nu0p50__psi0p00,0.082,borrow,54,727,0.0,2,-0.6,-0.6,-0.60345453,0.9820743,0.10421391,0.10421391,1.0,0.00854554,0.082,0.0,0.012,0.6,0.6,-26.679245,2.1606066,0.7202022,0.216,0.0,0.14730377,0.0,0.0
hardzero_only__c0p58__z1p00__lam0p000__nu0p50__psi0p00,0.082,borrow,54,728,0.0,2,-0.6,-0.6,-0.61200005,1.0749727,0.0,0.0841448,0.0,0.0,0.082,0.0,0.012,0.6,0.6,-27.617233,2.3649874,0.7883291,0.099999994,0.0,0.17748734,0.0,0.0
hardzero_only__c0p58__z1p00__lam0p000__nu0p50__psi0p00,0.082,borrow,54,729,0.0,2,-0.6,-0.6,-0.61200005,1.0615282,0.0,0.086790405,0.0,0.0,0.082,0.0,0.012,0.6,0.6,-27.395805,2.3354087,0.77846956,0.048,0.0,0.14699104,0.0,0.0
hardzero_only__c0p58__z1p00__lam0p000__nu0p50__psi0p00,0.082,borrow,54,730,0.0,2,-0.6,-0.6,-0.6035486,0.98688084,0.10306687,0.10306687,1.0,0.008451483,0.082,0.0,0.012,0.6,0.6,-26.444832,2.1711812,0.7237271,0.17600001,0.0,0.12591822,0.0,0.0
hardzero_only__c0p58__z1p00__lam0p000__nu0p50__psi0p00,0.082,borrow,54,731,0.0,2,-0.6,-0.6,-0.603223,0.97046727,0.10703669,0.10703669,1.0,0.008777008,0.082,0.0,0.012,0.6,0.6,-26.467169,2.1350706,0.7116902,0.192,0.0,0.12724438,0.0,0.0
hardzero_only__c0p58__z1p00__lam0p000__nu0p50__psi0p00,0.082,borrow,54,732,0.0,2,-0.6,-0.6,-0.6033953,0.97907495,0.10493613,0.10493613,1.0,0.008604763,0.082,0.0,0.012,0.6,0.6,-26.332418,2.154008,0.7180027,0.2,0.008,0.14087187,0.0,0.0
hardzero_only__c0p58__z1p00__lam0p000__nu0p50__psi0p00,0.082,borrow,54,733,0.0,2,-0.6,-0.6,-0.61200005,1.0834949,0.0,0.08250972,0.0,0.0,0.082,0.0,0.012,0.6,0.6,-28.05327,2.3837364,0.7945788,0.120000005,0.0,0.16167898,0.0,0.0
hardzero_only__c0p58__z1p00__lam0p000__nu0p50__psi0p00,0.082,borrow,54,734,0.0,2,-0.6,-0.6,-0.61200005,1.0277637,0.0,0.09380722,0.0,0.0,0.082,0.0,0.012,0.6,0.6,-26.53737,2.2611253,0.7537085,0.16000001,0.0,0.13412341,0.0,0.0
hardzero_only__c0p58__z1p00__lam0p000__nu0p50__psi0p00,0.082,borrow,54,735,0.0,2,-0.6,-0.6,-0.61200005,1.0410259,0.0,0.09098591,0.0,0.0,0.082,0.0,0.012,0.6,0.6,-28.71304,2.2903028,0.7634343,0.16000001,0.0,0.21261102,0.0,0.0
hardzero_only__c0p58__z1p00__lam0p000__nu0p50__psi0p00,0.082,borrow,54,736,0.0,2,-0.6,-0.6,-0.60367924,0.993648,0.101473354,0.101473354,1.0,0.008320815,0.082,0.0,0.012,0.6,0.6,-26.909723,2.1860693,0.7286898,0.192,0.0,0.16592313,0.0,0.0
hardzero_only__c0p58__z1p00__lam0p000__nu0p50__psi0p00,0.082,borrow,54,737,0.0,2,-0.6,-0.6,-0.61200005,1.0364115,0.0,0.091957785,0.0,0.0,0.082,0.0,0.012,0.6,0.6,-27.279943,2.280151,0.7600503,0.2,0.0,0.14259242,0.0,0.0
hardzero_only__c0p58__z1p00__lam0p000__nu0p50__psi0p00,0.082,borrow,54,738,0.0,2,-0.6,-0.6,-0.61200005,1.0117662,0.0,0.0973271,0.0,0.0,0.082,0.0,0.012,0.6,0.6,-26.670982,2.22593,0.7419767,0.128,0.0,0.13720012,0.0,0.0
hardzero_only__c0p58__z1p00__lam0p000__nu0p50__psi0p00,0.082,borrow,54,739,0.0,2,-0.6,-0.6,-0.6036549,0.99237967,0.101770125,0.101770125,1.0,0.00834515,0.082,0.0,0.012,0.6,0.6,-26.943935,2.1832788,0.7277596,0.136,0.008,0.14700061,0.0,0.0
hardzero_only__c0p58__z1p00__lam0p000__nu0p50__psi0p00,0.082,borrow,54,740,0.0,2,-0.6,-0.6,-0.6037158,0.9955608,0.101027384,0.101027384,1.0,0.008284246,0.082,0.0,0.012,0.6,0.6,-26.644485,2.1902776,0.7300925,0.16000001,0.0,0.13451242,0.0,0.0
hardzero_only__c0p58__z1p00__lam0p000__nu0p50__psi0p00,0.082,borrow,54,741,0.0,2,-0.6,-0.6,-0.61200005,1.008145,0.0,0.09814202,0.0,0.0,0.082,0.0,0.012,0.6,0.6,-27.05413,2.2179632,0.7393211,0.17,0.0,0.13792375,0.0,0.0
hardzero_only__c0p58__z1p00__lam0p000__nu0p50__psi0p00,0.082,borrow,54,742,0.0,2,-0.6,-0.6,-0.6036995,0.9947059,0.10122647,0.10122647,1.0,0.008300571,0.082,0.0,0.012,0.6,0.6,-27.449244,2.1883967,0.7294656,0.128,0.0,0.15609385,0.0,0.0
hardzero_only__c0p58__z1p00__lam0p000__nu0p50__psi0p00,0.082,borrow,54,743,0.0,2,-0.6,-0.6,-0.61200005,1.0005857,0.0,0.09986524,0.0,0.0,0.082,0.0,0.012,0.6,0.6,-26.319872,2.2013326,0.7337775,0.192,0.0,0.14622274,0.0,0.0
hardzero_only__c0p58__z1p00__lam0p000__nu0p50__psi0p00,0.082,borrow,54,744,0.0,2,-0.6,-0.6,-0.6036725,0.99329686,0.10155542,0.10155542,1.0,0.008327545,0.082,0.0,0.012,0.6,0.6,-26.335957,2.1852968,0.7284323,0.14400001,0.0,0.12881702,0.0,0.0
hardzero_only__c0p58__z1p00__lam0p000__nu0p50__psi0p00,0.082,borrow,54,745,0.0,2,-0.6,-0.6,-0.61200005,1.01984,0.0,0.09553444,0.0,0.0,0.082,0.0,0.012,0.6,0.6,-27.870033,2.2436929,0.7478976,0.14400001,0.0,0.16551745,0.0,0.0
hardzero_only__c0p58__z1p00__lam0p000__nu0p50__psi0p00,0.082,borrow,54,746,0.0,2,-0.6,-0.6,-0.61200005,1.0057372,0.0,0.098687656,0.0,0.0,0.082,0.0,0.012,0.6,0.6,-27.40438,2.212666,0.7375554,0.16000001,0.0,0.15267764,0.0,0.0
hardzero_only__c0p58__z1p00__lam0p000__nu0p50__psi0p00,0.082,borrow,54,747,0.0,2,-0.6,-0.6,-0.61200005,1.0208541,0.0,0.09531162,0.0,0.0,0.082,0.0,0.012,0.6,0.6,-27.550163,2.245924,0.7486414,0.16000001,0.0,0.16149692,0.0,0.0
hardzero_only__c0p58__z1p00__lam0p000__nu0p50__psi0p00,0.082,borrow,54,748,0.0,2,-0.6,-0.6,-0.61200005,1.0242592,0.0,0.094567254,0.0,0.0,0.082,0.0,0.012,0.6,0.6,-27.395979,2.2534153,0.75113845,0.208,0.0,0.18331528,0.0,0.0
hardzero_only__c0p58__z1p00__lam0p000__nu0p50__psi0p00,0.082,borrow,54,749,0.0,2,-0.6,-0.6,-0.60309637,0.9642442,0.10858148,0.10858148,1.0,0.008903682,0.082,0.0,0.012,0.6,0.6,-25.806278,2.1213796,0.70712656,0.17600001,0.0,0.1313197,0.0,0.0
hardzero_only__c0p58__z1p00__lam0p000__nu0p50__psi0p00,0.082,borrow,54,750,0.0,2,-0.6,-0.6,-0.61200005,1.080948,0.0,0.082995005,0.0,0.0,0.082,0.0,0.012,0.6,0.6,-28.582678,2.378133,0.792711,0.136,0.0,0.16934401,0.0,0.0
hardzero_only__c0p58__z1p00__lam0p000__nu0p50__psi0p00,0.082,borrow,54,751,0.0,2,-0.6,-0.6,-0.61200005,1.0187743,0.0,0.09576917,0.0,0.0,0.082,0.0,0.012,0.6,0.6,-27.550926,2.241348,0.747116,0.16000001,0.0,0.15637368,0.0,0.0
hardzero_only__c0p58__z1p00__lam0p000__nu0p50__psi0p00,0.082,borrow,54,752,0.0,2,-0.6,-0.6,-0.61200005,1.0349141,0.0,0.09227537,0.0,0.0,0.082,0.0,0.012,0.6,0.6,-28.046679,2.2768567,0.75895226,0.16000001,0.0,0.14875004,0.0,0.0
hardzero_only__c0p58__z1p00__lam0p000__nu0p50__psi0p00,0.082,borrow,54,753,0.0,2,-0.6,-0.6,-0.61200005,1.0167904,0.0,0.09620765,0.0,0.0,0.082,0.0,0.012,0.6,0.6,-27.504368,2.2369835,0.7456612,0.24800001,0.0,0.17399846,0.0,0.0
hardzero_only__c0p58__z1p00__lam0p000__nu0p50__psi0p00,0.082,borrow,54,754,0.0,2,-0.6,-0.6,-0.61200005,1.1141471,0.0,0.076887,0.0,0.0,0.082,0.0,0.012,0.6,0.6,-27.80325,2.4511726,0.81705755,0.07,0.0,0.15020251,0.0,0.0
hardzero_only__c0p58__z1p00__lam0p000__nu0p50__psi0p00,0.082,borrow,54,755,0.0,2,-0.6,-0.6,-0.60326374,0.97248423,0.10654074,0.10654074,1.0,0.008736341,0.082,0.0,0.012,0.6,0.6,-26.74415,2.139508,0.71316934,0.128,0.0,0.13817643,0.0,0.0
hardzero_only__c0p58__z1p00__lam0p000__nu0p50__psi0p00,0.082,borrow,54,756,0.0,2,-0.6,-0.6,-0.61200005,1.0845952,0.0,0.08230093,0.0,0.0,0.082,0.0,0.012,0.6,0.6,-28.156357,2.386157,0.7953857,0.16800001,0.0,0.13856876,0.0,0.0
hardzero_only__c0p58__z1p00__lam0p000__nu0p50__psi0p00,0.082,borrow,54,757,0.0,2,-0.6,-0.6,-0.61200005,1.0424211,0.0,0.09069407,0.0,0.0,0.082,0.0,0.012,0.6,0.6,-27.684462,2.2933722,0.7644574,0.17600001,0.0,0.15021832,0.0,0.0
hardzero_only__c0p58__z1p00__lam0p000__nu0p50__psi0p00,0.082,borrow,54,758,0.0,2,-0.6,-0.6,-0.6036009,0.98957944,0.10242843,0.10242843,1.0,0.008399132,0.082,0.0,0.012,0.6,0.6,-26.301281,2.1771183,0.7257061,0.128,0.0,0.153815,0.0,0.0
hardzero_only__c0p58__z1p00__lam0p000__nu0p50__psi0p00,0.082,borrow,54,759,0.0,2,-0.6,-0.6,-0.61200005,1.020341,0.0,0.09542428,0.0,0.0,0.082,0.0,0.012,0.6,0.6,-26.75433,2.244795,0.748265,0.112,0.0,0.14316848,0.0,0.0
hardzero_only__c0p58__z1p00__lam0p000__nu0p50__psi0p00,0.082,borrow,54,760,0.0,2,-0.6,-0.6,-0.61200005,1.0463742,0.0,0.08987229,0.0,0.0,0.082,0.0,0.012,0.6,0.6,-27.436766,2.3020692,0.7673564,0.136,0.0,0.14971197,0.0,0.0
hardzero_only__c0p58__z1p00__lam0p000__nu0p50__psi0p00,0.082,borrow,54,761,0.0,2,-0.6,-0.6,-0.61200005,1.0363312,0.0,0.0919748,0.0,0.0,0.082,0.0,0.012,0.6,0.6,-27.26023,2.279974,0.75999135,0.16800001,0.0,0.17840396,0.0,0.0
hardzero_only__c0p58__z1p00__lam0p000__nu0p50__psi0p00,0.082,borrow,54,762,0.0,2,-0.6,-0.6,-0.60375124,0.9974224,0.10059529,0.10059529,1.0,0.008248813,0.082,0.0,0.012,0.6,0.6,-27.463083,2.1943731,0.7314577,0.15200001,0.0,0.12590493,0.0,0.0
hardzero_only__c0p58__z1p00__lam0p000__nu0p50__psi0p00,0.082,borrow,54,763,0.0,2,-0.6,-0.6,-0.61200005,1.006019,0.0,0.09862363,0.0,0.0,0.082,0.0,0.012,0.6,0.6,-26.700846,2.213286,0.737762,0.136,0.0,0.14281256,0.0,0.0
hardzero_only__c0p58__z1p00__lam0p000__nu0p50__psi0p00,0.082,borrow,54,764,0.0,2,-0.6,-0.6,-0.61200005,1.0608816,0.0,0.086919725,0.0,0.0,0.082,0.0,0.012,0.6,0.6,-27.05996,2.3339863,0.77799547,0.120000005,0.008,0.14345063,0.0,0.0
hardzero_only__c0p58__z1p00__lam0p000__nu0p50__psi0p00,0.082,borrow,54,765,0.0,2,-0.6,-0.6,-0.60345864,0.9822831,0.1041638,0.1041638,1.0,0.008541432,0.082,0.0,0.012,0.6,0.6,-27.054308,2.161066,0.7203554,0.136,0.0,0.13954467,0.0,0.0
hardzero_only__c0p58__z1p00__lam0p000__nu0p50__psi0p00,0.082,borrow,54,766,0.0,2,-0.6,-0.6,-0.61200005,1.0145696,0.0,0.096700855,0.0,0.0,0.082,0.0,0.012,0.6,0.6,-26.069965,2.2320979,0.7440326,0.15200001,0.0,0.12783806,0.0,0.0
hardzero_only__c0p58__z1p00__lam0p000__nu0p50__psi0p00,0.082,borrow,54,767,0.0,2,-0.6,-0.6,-0.61200005,1.0254562,0.0,0.094306976,0.0,0.0,0.082,0.0,0.012,0.6,0.6,-26.939049,2.2560487,0.75201625,0.17,0.0,0.13747184,0.0,0.0
hardzero_only__c0p58__z1p00__lam0p000__nu0p50__psi0p00,0.082,borrow,54,768,0.0,2,-0.6,-0.6,-0.6030968,0.9642651,0.10857625,0.10857625,1.0,0.008903253,0.082,0.0,0.012,0.6,0.6,-25.483494,2.1214256,0.7071419,0.2,0.0,0.11973849,0.0,0.0
hardzero_only__c0p58__z1p00__lam0p000__nu0p50__psi0p00,0.082,borrow,54,769,0.0,2,-0.6,-0.6,-0.61200005,1.0639801,0.0,0.08630181,0.0,0.0,0.082,0.0,0.012,0.6,0.6,-28.637754,2.340803,0.78026766,0.112,0.0,0.1665839,0.0,0.0
hardzero_only__c0p58__z1p00__lam0p000__nu0p50__psi0p00,0.082,borrow,54,770,0.0,2,-0.6,-0.6,-0.61200005,1.0101337,0.0,0.09769362,0.0,0.0,0.082,0.0,0.012,0.6,0.6,-27.15336,2.2223387,0.7407796,0.120000005,0.0,0.1748984,0.0,0.0
hardzero_only__c0p58__z1p00__lam0p000__nu0p50__psi0p00,0.082,borrow,54,771,0.0,2,-0.6,-0.6,-0.61200005,1.0293813,0.0,0.09345847,0.0,0.0,0.082,0.0,0.012,0.6,0.6,-27.342926,2.264684,0.7548947,0.192,0.0,0.1638706,0.0,0.0
hardzero_only__c0p58__z1p00__lam0p000__nu0p50__psi0p00,0.082,borrow,54,772,0.0,2,-0.6,-0.6,-0.61200005,1.0093242,0.0,0.09787589,0.0,0.0,0.082,0.0,0.012,0.6,0.6,-26.576912,2.2205575,0.74018586,0.16800001,0.0,0.15750448,0.0,0.0
hardzero_only__c0p58__z1p00__lam0p000__nu0p50__psi0p00,0.082,borrow,54,773,0.0,2,-0.6,-0.6,-0.61200005,1.0898346,0.0,0.08131402,0.0,0.0,0.082,0.0,0.012,0.6,0.6,-28.009438,2.3976839,0.79922795,0.120000005,0.0,0.1598198,0.0,0.0
hardzero_only__c0p58__z1p00__lam0p000__nu0p50__psi0p00,0.082,borrow,54,774,0.0,2,-0.6,-0.6,-0.61200005,1.0003519,0.0,0.09991899,0.0,0.0,0.082,0.0,0.012,0.6,0.6,-28.059448,2.200818,0.73360604,0.18400002,0.0,0.17444368,0.0,0.0
hardzero_only__c0p58__z1p00__lam0p000__nu0p50__psi0p00,0.082,borrow,54,775,0.0,2,-0.6,-0.6,-0.6026778,0.94429374,0.11368582,0.11368582,1.0,0.009322237,0.082,0.0,0.012,0.6,0.6,-24.965282,2.0774877,0.69249594,0.16800001,0.0,0.13647184,0.0,0.0
hardzero_only__c0p58__z1p00__lam0p000__nu0p50__psi0p00,0.082,borrow,54,776,0.0,2,-0.6,-0.6,-0.61200005,1.0701219,0.0,0.08508992,0.0,0.0,0.082,0.0,0.012,0.6,0.6,-28.161583,2.3543153,0.7847718,0.15200001,0.0,0.17450218,0.0,0.0
hardzero_only__c0p58__z1p00__lam0p000__nu0p50__psi0p00,0.082,borrow,54,777,0.0,2,-0.6,-0.6,-0.60319465,0.96906644,0.1073825,0.1073825,1.0,0.008805365,0.082,0.0,0.012,0.6,0.6,-26.451252,2.1319888,0.71066296,0.15200001,0.0,0.16644366,0.0,0.0
hardzero_only__c0p58__z1p00__lam0p000__nu0p50__psi0p00,0.082,borrow,54,778,0.0,2,-0.6,-0.6,-0.60343796,0.9812343,0.10441566,0.10441566,1.0,0.008562084,0.082,0.0,0.012,0.6,0.6,-26.39206,2.1587586,0.71958625,0.15200001,0.0,0.13392691,0.0,0.0
hardzero_only__c0p58__z1p00__lam0p000__nu0p50__psi0p00,0.082,borrow,54,779,0.0,2,-0.6,-0.6,-0.6035071,0.98475504,0.103572614,0.103572614,1.0,0.008492955,0.082,0.0,0.012,0.6,0.6,-26.376827,2.1665044,0.72216815,0.16000001,0.0,0.15388136,0.0,0.0
hardzero_only__c0p58__z1p00__lam0p000__nu0p50__psi0p00,0.082,borrow,54,780,0.0,2,-0.6,-0.6,-0.61200005,1.0386218,0.0,0.09149097,0.0,0.0,0.082,0.0,0.012,0.6,0.6,-27.041513,2.2850137,0.76167125,0.24,0.0,0.15069126,0.0,0.0
hardzero_only__c0p58__z1p00__lam0p000__nu0p50__psi0p00,0.082,borrow,54,781,0.0,2,-0.6,-0.6,-0.61200005,1.0232751,0.0,0.09478178,0.0,0.0,0.082,0.0,0.012,0.6,0.6,-27.82306,2.2512503,0.75041676,0.16800001,0.0,0.17333797,0.0,0.0
hardzero_only__c0p58__z1p00__lam0p000__nu0p50__psi0p00,0.082,borrow,54,782,0.0,2,-0.6,-0.6,-0.61200005,1.0854793,0.0,0.08213357,0.0,0.0,0.082,0.0,0.012,0.6,0.6,-28.96207,2.388102,0.79603404,0.120000005,0.0,0.17297983,0.0,0.0
hardzero_only__c0p58__z1p00__lam0p000__nu0p50__psi0p00,0.082,borrow,54,783,0.0,2,-0.6,-0.6,-0.61200005,1.0334585,0.0,0.09258519,0.0,0.0,0.082,0.0,0.012,0.6,0.6,-27.305021,2.273654,0.7578847,0.24800001,0.0,0.14894362,0.0,0.0
hardzero_only__c0p58__z1p00__lam0p000__nu0p50__psi0p00,0.082,borrow,54,784,0.0,2,-0.6,-0.6,-0.61200005,1.1024976,0.0,0.078977324,0.0,0.0,0.082,0.0,0.012,0.6,0.6,-28.764006,2.425543,0.80851436,0.14400001,0.0,0.15748724,0.0,0.0
hardzero_only__c0p58__z1p00__lam0p000__nu0p50__psi0p00,0.082,borrow,54,785,0.0,2,-0.6,-0.6,-0.61200005,1.0391794,0.0,0.091373555,0.0,0.0,0.082,0.0,0.012,0.6,0.6,-27.03165,2.2862403,0.76208013,0.2,0.0,0.14037985,0.0,0.0
hardzero_only__c0p58__z1p00__lam0p000__nu0p50__psi0p00,0.082,borrow,54,786,0.0,2,-0.6,-0.6,-0.61200005,1.005502,0.0,0.09874111,0.0,0.0,0.082,0.0,0.012,0.6,0.6,-27.55455,2.2121484,0.7373828,0.16800001,0.0,0.14611077,0.0,0.0
hardzero_only__c0p58__z1p00__lam0p000__nu0p50__psi0p00,0.082,borrow,54,787,0.0,2,-0.6,-0.6,-0.61200005,1.0437715,0.0,0.0904125,0.0,0.0,0.082,0.0,0.012,0.6,0.6,-27.69756,2.296343,0.76544774,0.15200001,0.0,0.13432124,0.0,0.0
hardzero_only__c0p58__z1p00__lam0p000__nu0p50__psi0p00,0.082,borrow,54,788,0.0,2,-0.6,-0.6,-0.61200005,1.0000254,0.0,0.09999416,0.0,0.0,0.082,0.0,0.012,0.6,0.6,-27.448318,2.2000997,0.7333666,0.208,0.0,0.14276165,0.0,0.0
hardzero_only__c0p58__z1p00__lam0p000__nu0p50__psi0p00,0.082,borrow,54,789,0.0,2,-0.6,-0.6,-0.6033239,0.9754868,0.1058067,0.1058067,1.0,0.00867615,0.082,0.0,0.012,0.6,0.6,-26.132048,2.1461139,0.7153713,0.14400001,0.0,0.11719513,0.0,0.0
hardzero_only__c0p58__z1p00__lam0p000__nu0p50__psi0p00,0.082,borrow,54,790,0.0,2,-0.6,-0.6,-0.61200005,1.0179857,0.0,0.09594323,0.0,0.0,0.082,0.0,0.012,0.6,0.6,-26.56782,2.2396133,0.7465378,0.136,0.0,0.14800642,0.0,0.0
hardzero_only__c0p58__z1p00__lam0p000__nu0p50__psi0p00,0.082,borrow,54,791,0.0,2,-0.6,-0.6,-0.61200005,1.037732,0.0,0.0916786,0.0,0.0,0.082,0.0,0.012,0.6,0.6,-27.136593,2.283056,0.7610187,0.14400001,0.0,0.1865273,0.0,0.0
hardzero_only__c0p58__z1p00__lam0p000__nu0p50__psi0p00,0.082,borrow,54,792,0.0,2,-0.6,-0.6,-0.61200005,1.0553309,0.0,0.0880378,0.0,0.0,0.082,0.0,0.012,0.6,0.6,-27.469952,2.3217742,0.77392477,0.104,0.0,0.14697358,0.0,0.0
hardzero_only__c0p58__z1p00__lam0p000__nu0p50__psi0p00,0.082,borrow,54,793,0.0,2,-0.6,-0.6,-0.60335076,0.9768319,0.105479494,0.105479494,1.0,0.0086493185,0.082,0.0,0.012,0.6,0.6,-27.273756,2.1490731,0.7163577,0.17999999,0.0,0.14124765,0.0,0.0
hardzero_only__c0p58__z1p00__lam0p000__nu0p50__psi0p00,0.082,borrow,54,794,0.0,2,-0.6,-0.6,-0.61200005,1.0830288,0.0,0.08259831,0.0,0.0,0.082,0.0,0.012,0.6,0.6,-27.69732,2.382711,0.794237,0.136,0.0,0.14874426,0.0,0.0
hardzero_only__c0p58__z1p00__lam0p000__nu0p50__psi0p00,0.082,borrow,54,795,0.0,2,-0.6,-0.6,-0.61200005,1.0050433,0.0,0.09884545,0.0,0.0,0.082,0.0,0.012,0.6,0.6,-27.53301,2.2111394,0.7370465,0.14400001,0.0,0.16034341,0.0,0.0
hardzero_only__c0p58__z1p00__lam0p000__nu0p50__psi0p00,0.082,borrow,54,796,0.0,2,-0.6,-0.6,-0.61200005,1.0468407,0.0,0.08977581,0.0,0.0,0.082,0.0,0.012,0.6,0.6,-27.562809,2.3030956,0.7676985,0.120000005,0.0,0.15740818,0.0,0.0
hardzero_only__c0p58__z1p00__lam0p000__nu0p50__psi0p00,0.082,borrow,54,797,0.0,2,-0.6,-0.6,-0.61200005,1.0120337,0.0,0.09726718,0.0,0.0,0.082,0.0,0.012,0.6,0.6,-26.560297,2.2265186,0.7421729,0.16000001,0.0,0.14366199,0.0,0.0
hardzero_only__c0p58__z1p00__lam0p000__nu0p50__psi0p00,0.082,borrow,54,798,0.0,2,-0.6,-0.6,-0.61200005,1.0440015,0.0,0.09036464,0.0,0.0,0.082,0.0,0.012,0.6,0.6,-27.68601,2.296849,0.76561636,0.16800001,0.0,0.14971688,0.0,0.0
hardzero_only__c0p58__z1p00__lam0p000__nu0p50__psi0p00,0.082,borrow,54,799,0.0,2,-0.6,-0.6,-0.603458,0.98225075,0.10417158,0.10417158,1.0,0.00854207,0.082,0.0,0.012,0.6,0.6,-27.389774,2.1609948,0.7203316,0.120000005,0.0,0.13120914,0.0,0.0
hardzero_only__c0p58__z1p00__lam0p000__nu0p50__psi0p00,0.082,borrow,54,800,0.0,2,-0.6,-0.6,-0.61200005,1.0510315,0.0,0.088913664,0.0,0.0,0.082,0.0,0.012,0.6,0.6,-27.947384,2.3123155,0.77077186,0.2,0.0,0.14251107,0.0,0.0
hardzero_only__c0p58__z1p00__lam0p000__nu0p50__psi0p00,0.082,borrow,54,801,0.0,2,-0.6,-0.6,-0.61200005,1.020212,0.0,0.09545264,0.0,0.0,0.082,0.0,0.012,0.6,0.6,-28.042278,2.2445114,0.7481705,0.136,0.0,0.1523371,0.0,0.0
hardzero_only__c0p58__z1p00__lam0p000__nu0p50__psi0p00,0.082,borrow,54,802,0.0,2,-0.6,-0.6,-0.61200005,1.0077295,0.0,0.09823594,0.0,0.0,0.082,0.0,0.012,0.6,0.6,-26.825329,2.2170494,0.7390165,0.192,0.0,0.123992614,0.0,0.0
hardzero_only__c0p58__z1p00__lam0p000__nu0p50__psi0p00,0.082,borrow,54,803,0.0,2,-0.6,-0.6,-0.61200005,1.0337628,0.0,0.09252032,0.0,0.0,0.082,0.0,0.012,0.6,0.6,-26.44095,2.2743237,0.7581079,0.208,0.0,0.1613856,0.0,0.0
hardzero_only__c0p58__z1p00__lam0p000__nu0p50__psi0p00,0.082,borrow,54,804,0.0,2,-0.6,-0.6,-0.60323524,0.97107303,0.1068875,0.1068875,1.0,0.008764775,0.082,0.0,0.012,0.6,0.6,-25.673841,2.1364033,0.7121345,0.17600001,0.0,0.14403318,0.0,0.0
hardzero_only__c0p58__z1p00__lam0p000__nu0p50__psi0p00,0.082,borrow,54,805,0.0,2,-0.6,-0.6,-0.61200005,1.0046622,0.0,0.09893224,0.0,0.0,0.082,0.0,0.012,0.6,0.6,-26.216585,2.210301,0.736767,0.15200001,0.0,0.15371835,0.0,0.0
hardzero_only__c0p58__z1p00__lam0p000__nu0p50__psi0p00,0.082,borrow,54,806,0.0,2,-0.6,-0.6,-0.61200005,1.0792049,0.0,0.083328776,0.0,0.0,0.082,0.0,0.012,0.6,0.6,-28.440023,2.3742983,0.7914328,0.13,0.0,0.17634441,0.0,0.0
hardzero_only__c0p58__z1p00__lam0p000__nu0p50__psi0p00,0.082,borrow,54,807,0.0,2,-0.6,-0.6,-0.60342443,0.9805499,0.10458035,0.10458035,1.0,0.008575589,0.082,0.0,0.012,0.6,0.6,-26.476255,2.1572528,0.71908426,0.136,0.0,0.10649856,0.0,0.0
hardzero_only__c0p58__z1p00__lam0p000__nu0p50__psi0p00,0.082,borrow,54,808,0.0,2,-0.6,-0.6,-0.60286117,0.95292115,0.111449674,0.111449674,1.0,0.009138874,0.082,0.0,0.012,0.6,0.6,-25.680653,2.0964684,0.69882286,0.18400002,0.0,0.12973648,0.0,0.0
hardzero_only__c0p58__z1p00__lam0p000__nu0p50__psi0p00,0.082,borrow,54,809,0.0,2,-0.6,-0.6,-0.61200005,1.0560732,0.0,0.08788744,0.0,0.0,0.082,0.0,0.012,0.6,0.6,-27.98151,2.3234074,0.77446914,0.136,0.0,0.15451398,0.0,0.0
hardzero_only__c0p58__z1p00__lam0p000__nu0p50__psi0p00,0.082,borrow,54,810,0.0,2,-0.6,-0.6,-0.61200005,1.039516,0.0,0.09130278,0.0,0.0,0.082,0.0,0.012,0.6,0.6,-27.805477,2.2869809,0.76232696,0.192,0.0,0.18427119,0.0,0.0
hardzero_only__c0p58__z1p00__lam0p000__nu0p50__psi0p00,0.082,borrow,54,811,0.0,2,-0.6,-0.6,-0.61200005,1.0313413,0.0,0.09303764,0.0,0.0,0.082,0.0,0.012,0.6,0.6,-27.519495,2.2689962,0.7563321,0.128,0.0,0.1328477,0.0,0.0
hardzero_only__c0p58__z1p00__lam0p000__nu0p50__psi0p00,0.082,borrow,54,812,0.0,2,-0.6,-0.6,-0.61200005,1.12638,0.0,0.07475152,0.0,0.0,0.082,0.0,0.012,0.6,0.6,-29.798012,2.4780855,0.8260285,0.16000001,0.0,0.19738439,0.0,0.0
hardzero_only__c0p58__z1p00__lam0p000__nu0p50__psi0p00,0.082,borrow,54,813,0.0,2,-0.6,-0.6,-0.61200005,1.0020252,0.0,0.09953476,0.0,0.0,0.082,0.0,0.012,0.6,0.6,-26.850258,2.2044995,0.7348332,0.216,0.0,0.1768014,0.0,0.0
hardzero_only__c0p58__z1p00__lam0p000__nu0p50__psi0p00,0.082,borrow,54,814,0.0,2,-0.6,-0.6,-0.61200005,1.0142055,0.0,0.09678198,0.0,0.0,0.082,0.0,0.012,0.6,0.6,-27.212608,2.2312965,0.74376553,0.17600001,0.0,0.15486392,0.0,0.0
hardzero_only__c0p58__z1p00__lam0p000__nu0p50__psi0p00,0.082,borrow,54,815,0.0,2,-0.6,-0.6,-0.6036526,0.9922605,0.10179805,0.10179805,1.0,0.0083474405,0.082,0.0,0.012,0.6,0.6,-26.52563,2.1830168,0.7276723,0.208,0.0,0.14709906,0.0,0.0
hardzero_only__c0p58__z1p00__lam0p000__nu0p50__psi0p00,0.082,borrow,54,816,0.0,2,-0.6,-0.6,-0.61200005,1.0268428,0.0,0.094006345,0.0,0.0,0.082,0.0,0.012,0.6,0.6,-27.28233,2.2590992,0.7530331,0.08800001,0.0,0.15062702,0.0,0.0
hardzero_only__c0p58__z1p00__lam0p000__nu0p50__psi0p00,0.082,borrow,54,817,0.0,2,-0.6,-0.6,-0.61200005,1.0081311,0.0,0.098145135,0.0,0.0,0.082,0.0,0.012,0.6,0.6,-27.217869,2.2179327,0.7393109,0.2,0.0,0.15577376,0.0,0.0
hardzero_only__c0p58__z1p00__lam0p000__nu0p50__psi0p00,0.082,borrow,54,818,0.0,2,-0.6,-0.6,-0.61200005,1.0142239,0.0,0.09677787,0.0,0.0,0.082,0.0,0.012,0.6,0.6,-26.973583,2.2313373,0.7437791,0.2,0.0,0.14880379,0.0,0.0
hardzero_only__c0p58__z1p00__lam0p000__nu0p50__psi0p00,0.082,borrow,54,819,0.0,2,-0.6,-0.6,-0.61200005,1.0057511,0.0,0.098684475,0.0,0.0,0.082,0.0,0.012,0.6,0.6,-26.92695,2.2126968,0.73756564,0.16,0.0,0.11958566,0.0,0.0
hardzero_only__c0p58__z1p00__lam0p000__nu0p50__psi0p00,0.082,borrow,54,820,0.0,2,-0.6,-0.6,-0.61200005,1.0178468,0.0,0.09597391,0.0,0.0,0.082,0.0,0.012,0.6,0.6,-27.640215,2.2393076,0.7464359,0.136,0.0,0.13383031,0.0,0.0
hardzero_only__c0p58__z1p00__lam0p000__nu0p50__psi0p00,0.082,borrow,54,821,0.0,2,-0.6,-0.6,-0.61200005,1.0265824,0.0,0.09406273,0.0,0.0,0.082,0.0,0.012,0.6,0.6,-27.853144,2.2585263,0.7528421,0.136,0.0,0.13653488,0.0,0.0
hardzero_only__c0p58__z1p00__lam0p000__nu0p50__psi0p00,0.082,borrow,54,822,0.0,2,-0.6,-0.6,-0.61200005,1.0171413,0.0,0.096129924,0.0,0.0,0.082,0.0,0.012,0.6,0.6,-27.407393,2.2377555,0.7459185,0.2,0.0,0.17339644,0.0,0.0
hardzero_only__c0p58__z1p00__lam0p000__nu0p50__psi0p00,0.082,borrow,54,823,0.0,2,-0.6,-0.6,-0.61200005,1.0227702,0.0,0.094892055,0.0,0.0,0.082,0.0,0.012,0.6,0.6,-27.43511,2.2501392,0.75004643,0.128,0.0,0.15959588,0.0,0.0
hardzero_only__c0p58__z1p00__lam0p000__nu0p50__psi0p00,0.082,borrow,54,824,0.0,2,-0.6,-0.6,-0.61200005,1.0753001,0.0,0.08408139,0.0,0.0,0.082,0.0,0.012,0.6,0.6,-28.651499,2.3657074,0.78856915,0.14400001,0.0,0.1758681,0.0,0.0
hardzero_only__c0p58__z1p00__lam0p000__nu0p50__psi0p00,0.082,borrow,54,825,0.0,2,-0.6,-0.6,-0.6037775,0.9988103,0.10027432,0.10027432,1.0,0.008222494,0.082,0.0,0.012,0.6,0.6,-27.078337,2.1974266,0.7324755,0.120000005,0.0,0.14354357,0.0,0.0
hardzero_only__c0p58__z1p00__lam0p000__nu0p50__psi0p00,0.082,borrow,54,826,0.0,2,-0.6,-0.6,-0.61200005,1.0550921,0.0,0.0880862,0.0,0.0,0.082,0.0,0.012,0.6,0.6,-27.319223,2.321249,0.7737497,0.136,0.0,0.13819051,0.0,0.0
hardzero_only__c0p58__z1p00__lam0p000__nu0p50__psi0p00,0.082,borrow,54,827,0.0,2,-0.6,-0.6,-0.61200005,1.0180568,0.0,0.09592754,0.0,0.0,0.082,0.0,0.012,0.6,0.6,-27.40249,2.2397697,0.7465899,0.15200001,0.0,0.15381292,0.0,0.0
hardzero_only__c0p58__z1p00__lam0p000__nu0p50__psi0p00,0.082,borrow,54,828,0.0,2,-0.6,-0.6,-0.61200005,1.0694438,0.0,0.08522286,0.0,0.0,0.082,0.0,0.012,0.6,0.6,-27.388948,2.3528235,0.7842745,0.104,0.0,0.1728135,0.0,0.0
hardzero_only__c0p58__z1p00__lam0p000__nu0p50__psi0p00,0.082,borrow,54,829,0.0,2,-0.6,-0.6,-0.61200005,1.0375279,0.0,0.09172169,0.0,0.0,0.082,0.0,0.012,0.6,0.6,-27.756836,2.282607,0.760869,0.14400001,0.0,0.17249219,0.0,0.0
hardzero_only__c0p58__z1p00__lam0p000__nu0p50__psi0p00,0.082,borrow,54,830,0.0,2,-0.6,-0.6,-0.61200005,1.005273,0.0,0.09879319,0.0,0.0,0.082,0.0,0.012,0.6,0.6,-26.630642,2.2116446,0.7372149,0.14400001,0.0,0.1638061,0.0,0.0
hardzero_only__c0p58__z1p00__lam0p000__nu0p50__psi0p00,0.082,borrow,54,831,0.0,2,-0.6,-0.6,-0.61200005,1.0553445,0.0,0.088035025,0.0,0.0,0.082,0.0,0.012,0.6,0.6,-27.950304,2.3218043,0.7739348,0.128,0.0,0.15834303,0.0,0.0
hardzero_only__c0p58__z1p00__lam0p000__nu0p50__psi0p00,0.082,borrow,54,832,0.0,2,-0.6,-0.6,-0.603792,0.99957335,0.10009827,0.10009827,1.0,0.008208058,0.082,0.0,0.012,0.6,0.6,-26.795605,2.1991053,0.7330351,0.14,0.0,0.12898642,0.0,0.0
hardzero_only__c0p58__z1p00__lam0p000__nu0p50__psi0p00,0.082,borrow,54,833,0.0,2,-0.6,-0.6,-0.61200005,1.0139529,0.0,0.096838295,0.0,0.0,0.082,0.0,0.012,0.6,0.6,-26.713371,2.2307408,0.7435803,0.16800001,0.0,0.15880693,0.0,0.0
hardzero_only__c0p58__z1p00__lam0p000__nu0p50__psi0p00,0.082,borrow,54,834,0.0,2,-0.6,-0.6,-0.61200005,1.0242122,0.0,0.09457748,0.0,0.0,0.082,0.0,0.012,0.6,0.6,-27.31907,2.2533119,0.751104,0.16800001,0.0,0.15397756,0.0,0.0
hardzero_only__c0p58__z1p00__lam0p000__nu0p50__psi0p00,0.082,borrow,54,835,0.0,2,-0.6,-0.6,-0.6033098,0.9747832,0.10597828,0.10597828,1.0,0.008690219,0.082,0.0,0.012,0.6,0.6,-26.094938,2.1445658,0.7148553,0.216,0.0,0.14157161,0.0,0.0
hardzero_only__c0p58__z1p00__lam0p000__nu0p50__psi0p00,0.082,borrow,54,836,0.0,2,-0.6,-0.6,-0.60367864,0.993617,0.10148059,0.10148059,1.0,0.008321408,0.082,0.0,0.012,0.6,0.6,-26.146374,2.186001,0.728667,0.136,0.0,0.12393578,0.0,0.0
hardzero_only__c0p58__z1p00__lam0p000__nu0p50__psi0p00,0.082,borrow,54,837,0.0,2,-0.6,-0.6,-0.61200005,1.0353445,0.0,0.09218399,0.0,0.0,0.082,0.0,0.012,0.6,0.6,-27.032612,2.2778034,0.7592678,0.128,0.0,0.114798106,0.0,0.0
hardzero_only__c0p58__z1p00__lam0p000__nu0p50__psi0p00,0.082,borrow,54,838,0.0,2,-0.6,-0.6,-0.6034614,0.98242307,0.10413024,0.10413024,1.0,0.00853868,0.082,0.0,0.012,0.6,0.6,-26.557184,2.1613739,0.720458,0.224,0.0,0.11907995,0.0,0.0
hardzero_only__c0p58__z1p00__lam0p000__nu0p50__psi0p00,0.082,borrow,54,839,0.0,2,-0.6,-0.6,-0.6034962,0.9841967,0.10370585,0.10370585,1.0,0.00850388,0.082,0.0,0.012,0.6,0.6,-26.994467,2.165276,0.7217587,0.120000005,0.0,0.1207131,0.0,0.0
hardzero_only__c0p58__z1p00__lam0p000__nu0p50__psi0p00,0.082,borrow,54,840,0.0,2,-0.6,-0.6,-0.61200005,1.0304567,0.0,0.093227334,0.0,0.0,0.082,0.0,0.012,0.6,0.6,-26.943216,2.26705,0.75568336,0.15200001,0.0,0.14807959,0.0,0.0
hardzero_only__c0p58__z1p00__lam0p000__nu0p50__psi0p00,0.082,borrow,54,841,0.0,2,-0.6,-0.6,-0.61200005,1.0218514,0.0,0.09509301,0.0,0.0,0.082,0.0,0.012,0.6,0.6,-28.01462,2.248118,0.74937266,0.16000001,0.0,0.17581205,0.0,0.0
hardzero_only__c0p58__z1p00__lam0p000__nu0p50__psi0p00,0.082,borrow,54,842,0.0,2,-0.6,-0.6,-0.61200005,1.0487729,0.0,0.08937727,0.0,0.0,0.082,0.0,0.012,0.6,0.6,-27.708965,2.3073466,0.76911557,0.15200001,0.0,0.1289364,0.0,0.0
hardzero_only__c0p58__z1p00__lam0p000__nu0p50__psi0p00,0.082,borrow,54,843,0.0,2,-0.6,-0.6,-0.60357153,0.9880622,0.1027869,0.1027869,1.0,0.008428526,0.082,0.0,0.012,0.6,0.6,-27.259617,2.1737802,0.7245934,0.15200001,0.0,0.12468505,0.0,0.0
hardzero_only__c0p58__z1p00__lam0p000__nu0p50__psi0p00,0.082,borrow,54,844,0.0,2,-0.6,-0.6,-0.60280824,0.9504135,0.11209505,0.11209505,1.0,0.009191794,0.082,0.0,0.012,0.6,0.6,-25.495827,2.0909514,0.6969838,0.192,0.008,0.13581179,0.0,0.0
hardzero_only__c0p58__z1p00__lam0p000__nu0p50__psi0p00,0.082,borrow,54,845,0.0,2,-0.6,-0.6,-0.60369545,0.9944962,0.101275355,0.101275355,1.0,0.008304579,0.082,0.0,0.012,0.6,0.6,-26.193798,2.1879354,0.7293118,0.13,0.0,0.15990616,0.0,0.0
hardzero_only__c0p58__z1p00__lam0p000__nu0p50__psi0p00,0.082,borrow,54,846,0.0,2,-0.6,-0.6,-0.60373485,0.9965611,0.10079497,0.10079497,1.0,0.008265188,0.082,0.0,0.012,0.6,0.6,-26.371357,2.1924782,0.7308261,0.18400002,0.0,0.16917606,0.0,0.0
hardzero_only__c0p58__z1p00__lam0p000__nu0p50__psi0p00,0.082,borrow,54,847,0.0,2,-0.6,-0.6,-0.61200005,1.0187594,0.0,0.09577246,0.0,0.0,0.082,0.0,0.012,0.6,0.6,-26.789982,2.2413154,0.7471051,0.16800001,0.0,0.16378677,0.0,0.0
hardzero_only__c0p58__z1p00__lam0p000__nu0p50__psi0p00,0.082,borrow,54,848,0.0,2,-0.6,-0.6,-0.61200005,1.036604,0.0,0.09191704,0.0,0.0,0.082,0.0,0.012,0.6,0.6,-27.351707,2.2805743,0.76019144,0.16800001,0.0,0.15865722,0.0,0.0
hardzero_only__c0p58__z1p00__lam0p000__nu0p50__psi0p00,0.082,borrow,54,849,0.0,2,-0.6,-0.6,-0.61200005,1.0438213,0.0,0.09040213,0.0,0.0,0.082,0.0,0.012,0.6,0.6,-27.471285,2.2964528,0.7654843,0.208,0.0,0.14930704,0.0,0.0
hardzero_only__c0p58__z1p00__lam0p000__nu0p50__psi0p00,0.082,borrow,54,850,0.0,2,-0.6,-0.6,-0.61200005,1.0144026,0.0,0.096738055,0.0,0.0,0.082,0.0,0.012,0.6,0.6,-27.28876,2.2317305,0.7439102,0.17600001,0.0,0.14056925,0.0,0.0
hardzero_only__c0p58__z1p00__lam0p000__nu0p50__psi0p00,0.082,borrow,54,851,0.0,2,-0.6,-0.6,-0.61200005,1.0006279,0.0,0.09985553,0.0,0.0,0.082,0.0,0.012,0.6,0.6,-27.075592,2.2014253,0.73380846,0.24000001,0.0,0.1350362,0.0,0.0
hardzero_only__c0p58__z1p00__lam0p000__nu0p50__psi0p00,0.082,borrow,54,852,0.0,2,-0.6,-0.6,-0.6027377,0.94709307,0.11295536,0.11295536,1.0,0.00926234,0.082,0.0,0.012,0.6,0.6,-25.997778,2.0836463,0.6945488,0.216,0.0,0.14262368,0.0,0.0
hardzero_only__c0p58__z1p00__lam0p000__nu0p50__psi0p00,0.082,borrow,54,853,0.0,2,-0.6,-0.6,-0.61200005,1.0654353,0.0,0.08601312,0.0,0.0,0.082,0.0,0.012,0.6,0.6,-27.871376,2.3440044,0.7813348,0.136,0.0,0.15238595,0.0,0.0
hardzero_only__c0p58__z1p00__lam0p000__nu0p50__psi0p00,0.082,borrow,54,854,0.0,2,-0.6,-0.6,-0.6030461,0.96180165,0.1091939,0.1091939,1.0,0.0089539,0.082,0.0,0.012,0.6,0.6,-25.701502,2.116006,0.7053353,0.16800001,0.0,0.112417415,0.0,0.0
hardzero_only__c0p58__z1p00__lam0p000__nu0p50__psi0p00,0.082,borrow,54,855,0.0,2,-0.6,-0.6,-0.60316426,0.96756834,0.107753575,0.107753575,1.0,0.0088357935,0.082,0.0,0.012,0.6,0.6,-26.138752,2.1286929,0.7095643,0.15200001,0.0,0.13159467,0.0,0.0
hardzero_only__c0p58__z1p00__lam0p000__nu0p50__psi0p00,0.082,borrow,54,856,0.0,2,-0.6,-0.6,-0.61200005,1.0061846,0.0,0.09858604,0.0,0.0,0.082,0.0,0.012,0.6,0.6,-26.90946,2.2136502,0.73788345,0.216,0.008,0.15952678,0.0,0.0
hardzero_only__c0p58__z1p00__lam0p000__nu0p50__psi0p00,0.082,borrow,54,857,0.0,2,-0.6,-0.6,-0.61200005,1.0178688,0.0,0.09596905,0.0,0.0,0.082,0.0,0.012,0.6,0.6,-26.64322,2.239356,0.74645203,0.16800001,0.0,0.14281736,0.0,0.0
hardzero_only__c0p58__z1p00__lam0p000__nu0p50__psi0p00,0.082,borrow,54,858,0.0,2,-0.6,-0.6,-0.61200005,1.0414134,0.0,0.09090475,0.0,0.0,0.082,0.0,0.012,0.6,0.6,-27.436623,2.2911553,0.7637185,0.14999999,0.0,0.17534727,0.0,0.0
hardzero_only__c0p58__z1p00__lam0p000__nu0p50__psi0p00,0.082,borrow,54,859,0.0,2,-0.6,-0.6,-0.61200005,1.004647,0.0,0.09893568,0.0,0.0,0.082,0.0,0.012,0.6,0.6,-27.201033,2.2102675,0.73675585,0.120000005,0.0,0.13203049,0.0,0.0
hardzero_only__c0p58__z1p00__lam0p000__nu0p50__psi0p00,0.082,borrow,54,860,0.0,2,-0.6,-0.6,-0.60281134,0.95056033,0.11205718,0.11205718,1.0,0.009188689,0.082,0.0,0.012,0.6,0.6,-26.324394,2.0912745,0.6970915,0.16000001,0.0,0.12857904,0.0,0.0
hardzero_only__c0p58__z1p00__lam0p000__nu0p50__psi0p00,0.082,borrow,54,861,0.0,2,-0.6,-0.6,-0.61200005,1.0326093,0.0,0.092766374,0.0,0.0,0.082,0.0,0.012,0.6,0.6,-27.473274,2.271786,0.757262,0.120000005,0.0,0.15665478,0.0,0.0
hardzero_only__c0p58__z1p00__lam0p000__nu0p50__psi0p00,0.082,borrow,54,862,0.0,2,-0.6,-0.6,-0.6035445,0.98666996,0.10311694,0.10311694,1.0,0.008455589,0.082,0.0,0.012,0.6,0.6,-26.520876,2.1707172,0.72357243,0.16800001,0.0,0.14055622,0.0,0.0
hardzero_only__c0p58__z1p00__lam0p000__nu0p50__psi0p00,0.082,borrow,54,863,0.0,2,-0.6,-0.6,-0.61200005,1.0329243,0.0,0.09269915,0.0,0.0,0.082,0.0,0.012,0.6,0.6,-27.478899,2.2724788,0.75749296,0.16800001,0.0,0.13628107,0.0,0.0
hardzero_only__c0p58__z1p00__lam0p000__nu0p50__psi0p00,0.082,borrow,54,864,0.0,2,-0.6,-0.6,-0.61200005,1.0579345,0.0,0.08751156,0.0,0.0,0.082,0.0,0.012,0.6,0.6,-27.826778,2.3275025,0.7758342,0.16800001,0.0,0.16007388,0.0,0.0
hardzero_only__c0p58__z1p00__lam0p000__nu0p50__psi0p00,0.082,borrow,54,865,0.0,2,-0.6,-0.6,-0.61200005,1.0223902,0.0,0.0949751,0.0,0.0,0.082,0.0,0.012,0.6,0.6,-27.537415,2.2493033,0.7497678,0.104,0.0,0.12875374,0.0,0.0
hardzero_only__c0p58__z1p00__lam0p000__nu0p50__psi0p00,0.082,borrow,54,866,0.0,2,-0.6,-0.6,-0.61200005,1.0296397,0.0,0.09340287,0.0,0.0,0.082,0.0,0.012,0.6,0.6,-27.979809,2.2652526,0.7550842,0.104,0.0,0.18598405,0.0,0.0
hardzero_only__c0p58__z1p00__lam0p000__nu0p50__psi0p00,0.082,borrow,54,867,0.0,2,-0.6,-0.6,-0.61200005,1.0291849,0.0,0.09350073,0.0,0.0,0.082,0.0,0.012,0.6,0.6,-26.538496,2.2642522,0.7547507,0.136,0.0,0.15446456,0.0,0.0
hardzero_only__c0p58__z1p00__lam0p000__nu0p50__psi0p00,0.082,borrow,54,868,0.0,2,-0.6,-0.6,-0.61200005,1.0256321,0.0,0.09426876,0.0,0.0,0.082,0.0,0.012,0.6,0.6,-27.924494,2.2564359,0.7521453,0.128,0.0,0.1471595,0.0,0.0
hardzero_only__c0p58__z1p00__lam0p000__nu0p50__psi0p00,0.082,borrow,54,869,0.0,2,-0.6,-0.6,-0.6037188,0.99571973,0.100990444,0.100990444,1.0,0.008281217,0.082,0.0,0.012,0.6,0.6,-27.146053,2.190627,0.73020905,0.216,0.0,0.15131071,0.0,0.0
hardzero_only__c0p58__z1p00__lam0p000__nu0p50__psi0p00,0.082,borrow,54,870,0.0,2,-0.6,-0.6,-0.61200005,1.0281502,0.0,0.09372378,0.0,0.0,0.082,0.0,0.012,0.6,0.6,-27.676567,2.2619755,0.75399184,0.16800001,0.0,0.15305439,0.0,0.0
hardzero_only__c0p58__z1p00__lam0p000__nu0p50__psi0p00,0.082,borrow,54,871,0.0,2,-0.6,-0.6,-0.61200005,1.0268523,0.0,0.09400431,0.0,0.0,0.082,0.0,0.012,0.6,0.6,-26.8395,2.25912,0.75304,0.13,0.0,0.15472326,0.0,0.0
hardzero_only__c0p58__z1p00__lam0p000__nu0p50__psi0p00,0.082,borrow,54,872,0.0,2,-0.6,-0.6,-0.61200005,1.0611016,0.0,0.08687572,0.0,0.0,0.082,0.0,0.012,0.6,0.6,-27.711441,2.33447,0.7781567,0.18400002,0.0,0.14970705,0.0,0.0
hardzero_only__c0p58__z1p00__lam0p000__nu0p50__psi0p00,0.082,borrow,54,873,0.0,2,-0.6,-0.6,-0.61200005,1.0119741,0.0,0.09728051,0.0,0.0,0.082,0.0,0.012,0.6,0.6,-26.411001,2.2263875,0.7421292,0.14400001,0.0,0.16337354,0.0,0.0
hardzero_only__c0p58__z1p00__lam0p000__nu0p50__psi0p00,0.082,borrow,54,874,0.0,2,-0.6,-0.6,-0.6033806,0.9783345,0.1051152,0.1051152,1.0,0.008619446,0.082,0.0,0.012,0.6,0.6,-26.705666,2.1523788,0.7174596,0.24800001,0.0,0.14229055,0.0,0.0
hardzero_only__c0p58__z1p00__lam0p000__nu0p50__psi0p00,0.082,borrow,54,875,0.0,2,-0.6,-0.6,-0.61200005,1.0101479,0.0,0.09769043,0.0,0.0,0.082,0.0,0.012,0.6,0.6,-26.712038,2.22237,0.74079,0.16800001,0.0,0.15681449,0.0,0.0
hardzero_only__c0p58__z1p00__lam0p000__nu0p50__psi0p00,0.082,borrow,54,876,0.0,2,-0.6,-0.6,-0.60369873,0.99466807,0.10123528,0.10123528,1.0,0.0083012935,0.082,0.0,0.012,0.6,0.6,-26.93459,2.1883135,0.7294378,0.17600001,0.0,0.17049283,0.0,0.0
hardzero_only__c0p58__z1p00__lam0p000__nu0p50__psi0p00,0.082,borrow,54,877,0.0,2,-0.6,-0.6,-0.61200005,1.0408056,0.0,0.09103206,0.0,0.0,0.082,0.0,0.012,0.6,0.6,-26.786491,2.289818,0.7632727,0.16000001,0.0,0.14358996,0.0,0.0
hardzero_only__c0p58__z1p00__lam0p000__nu0p50__psi0p00,0.082,borrow,54,878,0.0,2,-0.6,-0.6,-0.6034559,0.98214465,0.10419702,0.10419702,1.0,0.008544155,0.082,0.0,0.012,0.6,0.6,-25.820446,2.1607614,0.7202538,0.16800001,0.0,0.1301315,0.0,0.0
hardzero_only__c0p58__z1p00__lam0p000__nu0p50__psi0p00,0.082,borrow,54,879,0.0,2,-0.6,-0.6,-0.60353154,0.9860073,0.1032744,0.1032744,1.0,0.008468501,0.082,0.0,0.012,0.6,0.6,-26.206474,2.1692593,0.7230865,0.24000001,0.0,0.15936044,0.0,0.0
hardzero_only__c0p58__z1p00__lam0p000__nu0p50__psi0p00,0.082,borrow,54,880,0.0,2,-0.6,-0.6,-0.61200005,1.0696148,0.0,0.08518934,0.0,0.0,0.082,0.0,0.012,0.6,0.6,-28.478157,2.3531995,0.78439987,0.16800001,0.0,0.1778025,0.0,0.0
hardzero_only__c0p58__z1p00__lam0p000__nu0p50__psi0p00,0.082,borrow,54,881,0.0,2,-0.6,-0.6,-0.61200005,1.037779,0.0,0.09166868,0.0,0.0,0.082,0.0,0.012,0.6,0.6,-27.827328,2.2831593,0.7610531,0.16800001,0.0,0.1453181,0.0,0.0
hardzero_only__c0p58__z1p00__lam0p000__nu0p50__psi0p00,0.082,borrow,54,882,0.0,2,-0.6,-0.6,-0.6036845,0.9939236,0.101408966,0.101408966,1.0,0.008315535,0.082,0.0,0.012,0.6,0.6,-27.12297,2.1866755,0.72889185,0.14400001,0.0,0.1364401,0.0,0.0
hardzero_only__c0p58__z1p00__lam0p000__nu0p50__psi0p00,0.082,borrow,54,883,0.0,2,-0.6,-0.6,-0.61200005,1.0840086,0.0,0.08241218,0.0,0.0,0.082,0.0,0.012,0.6,0.6,-28.535694,2.3848665,0.7949555,0.104,0.0,0.16679123,0.0,0.0
hardzero_only__c0p58__z1p00__lam0p000__nu0p50__psi0p00,0.082,borrow,54,884,0.0,2,-0.6,-0.6,-0.61200005,1.004756,0.0,0.09891087,0.0,0.0,0.082,0.0,0.012,0.6,0.6,-26.044325,2.2105072,0.7368357,0.17999999,0.0,0.14721672,0.0,0.0
hardzero_only__c0p58__z1p00__lam0p000__nu0p50__psi0p00,0.082,borrow,54,885,0.0,2,-0.6,-0.6,-0.6035763,0.98831004,0.10272827,0.10272827,1.0,0.008423719,0.082,0.0,0.012,0.6,0.6,-27.319267,2.1743255,0.7247752,0.136,0.0,0.13242944,0.0,0.0
hardzero_only__c0p58__z1p00__lam0p000__nu0p50__psi0p00,0.082,borrow,54,886,0.0,2,-0.6,-0.6,-0.6037734,0.99859184,0.10032477,0.10032477,1.0,0.008226631,0.082,0.0,0.012,0.6,0.6,-26.994265,2.196946,0.7323153,0.136,0.0,0.14011164,0.0,0.0
hardzero_only__c0p58__z1p00__lam0p000__nu0p50__psi0p00,0.082,borrow,54,887,0.0,2,-0.6,-0.6,-0.61200005,1.0224798,0.0,0.09495552,0.0,0.0,0.082,0.0,0.012,0.6,0.6,-27.116993,2.2495005,0.7498335,0.14400001,0.0,0.15303805,0.0,0.0
hardzero_only__c0p58__z1p00__lam0p000__nu0p50__psi0p00,0.082,borrow,54,888,0.0,2,-0.6,-0.6,-0.61200005,1.0127082,0.0,0.09711624,0.0,0.0,0.082,0.0,0.012,0.6,0.6,-25.935299,2.2280025,0.74266756,0.17600001,0.0,0.14011572,0.0,0.0
hardzero_only__c0p58__z1p00__lam0p000__nu0p50__psi0p00,0.082,borrow,54,889,0.0,2,-0.6,-0.6,-0.61200005,1.0144635,0.0,0.096724495,0.0,0.0,0.082,0.0,0.012,0.6,0.6,-27.169615,2.2318645,0.74395484,0.16000001,0.0,0.14878732,0.0,0.0
hardzero_only__c0p58__z1p00__lam0p000__nu0p50__psi0p00,0.082,borrow,54,890,0.0,2,-0.6,-0.6,-0.61200005,1.0325565,0.0,0.09277766,0.0,0.0,0.082,0.0,0.012,0.6,0.6,-27.593182,2.2716699,0.7572233,0.192,0.0,0.16249633,0.0,0.0
hardzero_only__c0p58__z1p00__lam0p000__nu0p50__psi0p00,0.082,borrow,54,891,0.0,2,-0.6,-0.6,-0.61200005,1.007176,0.0,0.09836124,0.0,0.0,0.082,0.0,0.012,0.6,0.6,-26.608786,2.2158315,0.7386105,0.18400002,0.0,0.15426554,0.0,0.0
hardzero_only__c0p58__z1p00__lam0p000__nu0p50__psi0p00,0.082,borrow,54,892,0.0,2,-0.6,-0.6,-0.60368615,0.994008,0.10138926,0.10138926,1.0,0.008313919,0.082,0.0,0.012,0.6,0.6,-25.851534,2.1868613,0.7289538,0.16800001,0.0,0.12441838,0.0,0.0
hardzero_only__c0p58__z1p00__lam0p000__nu0p50__psi0p00,0.082,borrow,54,893,0.0,2,-0.6,-0.6,-0.6034334,0.9810013,0.1044717,0.1044717,1.0,0.008566679,0.082,0.0,0.012,0.6,0.6,-26.478386,2.158246,0.71941537,0.16800001,0.008,0.15047893,0.0,0.0
hardzero_only__c0p58__z1p00__lam0p000__nu0p50__psi0p00,0.082,borrow,54,894,0.0,2,-0.6,-0.6,-0.61200005,1.0925906,0.0,0.08079964,0.0,0.0,0.082,0.0,0.012,0.6,0.6,-28.457129,2.4037473,0.80124915,0.14400001,0.0,0.18148464,0.0,0.0
hardzero_only__c0p58__z1p00__lam0p000__nu0p50__psi0p00,0.082,borrow,54,895,0.0,2,-0.6,-0.6,-0.60373855,0.99675626,0.10074969,0.10074969,1.0,0.008261475,0.082,0.0,0.012,0.6,0.6,-26.793655,2.1929076,0.7309692,0.208,0.0,0.12313826,0.0,0.0
hardzero_only__c0p58__z1p00__lam0p000__nu0p50__psi0p00,0.082,borrow,54,896,0.0,2,-0.6,-0.6,-0.61200005,1.0096569,0.0,0.09780095,0.0,0.0,0.082,0.0,0.012,0.6,0.6,-27.480598,2.2212896,0.7404299,0.120000005,0.0,0.15736112,0.0,0.0
hardzero_only__c0p58__z1p00__lam0p000__nu0p50__psi0p00,0.082,borrow,54,897,0.0,2,-0.6,-0.6,-0.6032377,0.97119385,0.10685777,0.10685777,1.0,0.008762337,0.082,0.0,0.012,0.6,0.6,-26.160057,2.1366692,0.71222305,0.13,0.0,0.13696536,0.0,0.0
hardzero_only__c0p58__z1p00__lam0p000__nu0p50__psi0p00,0.082,borrow,54,898,0.0,2,-0.6,-0.6,-0.61200005,1.0508285,0.0,0.08895524,0.0,0.0,0.082,0.0,0.012,0.6,0.6,-27.672709,2.3118687,0.7706229,0.14400001,0.0,0.14430848,0.0,0.0
hardzero_only__c0p58__z1p00__lam0p000__nu0p50__psi0p00,0.082,borrow,54,899,0.0,2,-0.6,-0.6,-0.61200005,1.007139,0.0,0.098369636,0.0,0.0,0.082,0.0,0.012,0.6,0.6,-27.092798,2.21575,0.7385833,0.112,0.0,0.16299596,0.0,0.0
hardzero_only__c0p58__z1p00__lam0p000__nu0p50__psi0p00,0.082,borrow,54,900,0.0,2,-0.6,-0.6,-0.61200005,1.0382341,0.0,0.09157267,0.0,0.0,0.082,0.0,0.012,0.6,0.6,-27.18451,2.2841606,0.7613869,0.17600001,0.0,0.14103627,0.0,0.0
hardzero_only__c0p58__z1p00__lam0p000__nu0p50__psi0p00,0.082,borrow,54,901,0.0,2,-0.6,-0.6,-0.60357565,0.988275,0.102736555,0.102736555,1.0,0.008424398,0.082,0.0,0.012,0.6,0.6,-26.555973,2.1742485,0.7247495,0.16800001,0.0,0.13520928,0.0,0.0
hardzero_only__c0p58__z1p00__lam0p000__nu0p50__psi0p00,0.082,borrow,54,902,0.0,2,-0.6,-0.6,-0.6036998,0.99472183,0.101222746,0.101222746,1.0,0.008300265,0.082,0.0,0.012,0.6,0.6,-26.453978,2.1884317,0.7294773,0.16000001,0.0,0.13592443,0.0,0.0
hardzero_only__c0p58__z1p00__lam0p000__nu0p50__psi0p00,0.082,borrow,54,903,0.0,2,-0.6,-0.6,-0.61200005,1.0521785,0.0,0.088679135,0.0,0.0,0.082,0.0,0.012,0.6,0.6,-28.824335,2.314839,0.771613,0.080000006,0.0,0.18898109,0.0,0.0
hardzero_only__c0p58__z1p00__lam0p000__nu0p50__psi0p00,0.082,borrow,54,904,0.0,2,-0.6,-0.6,-0.61200005,1.0609834,0.0,0.086899355,0.0,0.0,0.082,0.0,0.012,0.6,0.6,-27.114334,2.3342102,0.7780701,0.15200001,0.0,0.15580316,0.0,0.0
hardzero_only__c0p58__z1p00__lam0p000__nu0p50__psi0p00,0.082,borrow,54,905,0.0,2,-0.6,-0.6,-0.61200005,1.0723517,0.0,0.08465416,0.0,0.0,0.082,0.0,0.012,0.6,0.6,-27.426018,2.3592207,0.78640693,0.15200001,0.0,0.18303582,0.0,0.0
hardzero_only__c0p58__z1p00__lam0p000__nu0p50__psi0p00,0.082,borrow,54,906,0.0,2,-0.6,-0.6,-0.61200005,1.0369573,0.0,0.091842294,0.0,0.0,0.082,0.0,0.012,0.6,0.6,-27.755463,2.2813516,0.76045054,0.16000001,0.0,0.13974638,0.0,0.0
hardzero_only__c0p58__z1p00__lam0p000__nu0p50__psi0p00,0.082,borrow,54,907,0.0,2,-0.6,-0.6,-0.61200005,1.0116452,0.0,0.097354226,0.0,0.0,0.082,0.0,0.012,0.6,0.6,-27.015602,2.225664,0.741888,0.15200001,0.0,0.16555576,0.0,0.0
hardzero_only__c0p58__z1p00__lam0p000__nu0p50__psi0p00,0.082,borrow,54,908,0.0,2,-0.6,-0.6,-0.61200005,1.0309609,0.0,0.09311916,0.0,0.0,0.082,0.0,0.012,0.6,0.6,-27.944693,2.2681594,0.75605315,0.136,0.0,0.14695826,0.0,0.0
hardzero_only__c0p58__z1p00__lam0p000__nu0p50__psi0p00,0.082,borrow,54,909,0.0,2,-0.6,-0.6,-0.61200005,1.035441,0.0,0.0921635,0.0,0.0,0.082,0.0,0.012,0.6,0.6,-27.43828,2.2780159,0.7593386,0.2,0.0,0.13695309,0.0,0.0
hardzero_only__c0p58__z1p00__lam0p000__nu0p50__psi0p00,0.082,borrow,54,910,0.0,2,-0.6,-0.6,-0.61200005,1.0358273,0.0,0.09208156,0.0,0.0,0.082,0.0,0.012,0.6,0.6,-27.871796,2.2788656,0.75962186,0.13,0.0,0.15101025,0.0,0.0
hardzero_only__c0p58__z1p00__lam0p000__nu0p50__psi0p00,0.082,borrow,54,911,0.0,2,-0.6,-0.6,-0.61200005,1.0147966,0.0,0.09665034,0.0,0.0,0.082,0.0,0.012,0.6,0.6,-27.159306,2.232597,0.74419904,0.120000005,0.0,0.15067406,0.0,0.0
hardzero_only__c0p58__z1p00__lam0p000__nu0p50__psi0p00,0.082,borrow,54,912,0.0,2,-0.6,-0.6,-0.61200005,1.0467867,0.0,0.08978697,0.0,0.0,0.082,0.0,0.012,0.6,0.6,-27.467966,2.3029766,0.7676589,0.104,0.0,0.16249049,0.0,0.0
hardzero_only__c0p58__z1p00__lam0p000__nu0p50__psi0p00,0.082,borrow,54,913,0.0,2,-0.6,-0.6,-0.61200005,1.0495584,0.0,0.08921576,0.0,0.0,0.082,0.0,0.012,0.6,0.6,-27.43487,2.3090746,0.7696916,0.16000001,0.0,0.16901678,0.0,0.0
hardzero_only__c0p58__z1p00__lam0p000__nu0p50__psi0p00,0.082,borrow,54,914,0.0,2,-0.6,-0.6,-0.61200005,1.0517033,0.0,0.08877623,0.0,0.0,0.082,0.0,0.012,0.6,0.6,-27.546669,2.3137937,0.77126455,0.17600001,0.0,0.1392021,0.0,0.0
hardzero_only__c0p58__z1p00__lam0p000__nu0p50__psi0p00,0.082,borrow,54,915,0.0,2,-0.6,-0.6,-0.61200005,1.0554456,0.0,0.08801454,0.0,0.0,0.082,0.0,0.012,0.6,0.6,-27.10631,2.3220265,0.77400887,0.136,0.0,0.15366633,0.0,0.0
hardzero_only__c0p58__z1p00__lam0p000__nu0p50__psi0p00,0.082,borrow,54,916,0.0,2,-0.6,-0.6,-0.61200005,1.0208837,0.0,0.09530514,0.0,0.0,0.082,0.0,0.012,0.6,0.6,-26.649435,2.2459888,0.74866295,0.17600001,0.0,0.15763554,0.0,0.0
hardzero_only__c0p58__z1p00__lam0p000__nu0p50__psi0p00,0.082,borrow,54,917,0.0,2,-0.6,-0.6,-0.6033979,0.9792086,0.10490384,0.10490384,1.0,0.008602115,0.082,0.0,0.012,0.6,0.6,-27.028784,2.154302,0.71810067,0.16800001,0.0,0.14339966,0.0,0.0
hardzero_only__c0p58__z1p00__lam0p000__nu0p50__psi0p00,0.082,borrow,54,918,0.0,2,-0.6,-0.6,-0.61200005,1.0480332,0.0,0.08952961,0.0,0.0,0.082,0.0,0.012,0.6,0.6,-26.71417,2.3057191,0.76857305,0.096,0.0,0.15488783,0.0,0.0
hardzero_only__c0p58__z1p00__lam0p000__nu0p50__psi0p00,0.082,borrow,54,919,0.0,2,-0.6,-0.6,-0.61200005,1.0165229,0.0,0.09626692,0.0,0.0,0.082,0.0,0.012,0.6,0.6,-26.811138,2.2363951,0.74546504,0.16800001,0.0,0.15806536,0.0,0.0
hardzero_only__c0p58__z1p00__lam0p000__nu0p50__psi0p00,0.082,borrow,54,920,0.0,2,-0.6,-0.6,-0.6033084,0.9747119,0.10599566,0.10599566,1.0,0.008691644,0.082,0.0,0.012,0.6,0.6,-26.633394,2.144409,0.714803,0.23200001,0.0,0.1468662,0.0,0.0
hardzero_only__c0p58__z1p00__lam0p000__nu0p50__psi0p00,0.082,borrow,54,921,0.0,2,-0.6,-0.6,-0.61200005,1.0229425,0.0,0.09485439,0.0,0.0,0.082,0.0,0.012,0.6,0.6,-28.18143,2.2505186,0.75017285,0.16800001,0.0,0.15474246,0.0,0.0
hardzero_only__c0p58__z1p00__lam0p000__nu0p50__psi0p00,0.082,borrow,54,922,0.0,2,-0.6,-0.6,-0.61200005,1.0080158,0.0,0.09817123,0.0,0.0,0.082,0.0,0.012,0.6,0.6,-27.279383,2.217679,0.73922634,0.120000005,0.0,0.1327628,0.0,0.0
hardzero_only__c0p58__z1p00__lam0p000__nu0p50__psi0p00,0.082,borrow,54,923,0.0,2,-0.6,-0.6,-0.61200005,1.0481575,0.0,0.089504026,0.0,0.0,0.082,0.0,0.012,0.6,0.6,-27.052624,2.3059924,0.7686641,0.14999999,0.0,0.14426397,0.0,0.0
hardzero_only__c0p58__z1p00__lam0p000__nu0p50__psi0p00,0.082,borrow,54,924,0.0,2,-0.6,-0.6,-0.61200005,1.0141139,0.0,0.0968024,0.0,0.0,0.082,0.0,0.012,0.6,0.6,-26.756681,2.231095,0.74369836,0.2,0.0,0.14918967,0.0,0.0
hardzero_only__c0p58__z1p00__lam0p000__nu0p50__psi0p00,0.082,borrow,54,925,0.0,2,-0.6,-0.6,-0.61200005,1.0294737,0.0,0.093438596,0.0,0.0,0.082,0.0,0.012,0.6,0.6,-26.663946,2.2648873,0.75496244,0.15200001,0.0,0.12508176,0.0,0.0
hardzero_only__c0p58__z1p00__lam0p000__nu0p50__psi0p00,0.082,borrow,54,926,0.0,2,-0.6,-0.6,-0.61200005,1.009845,0.0,0.09775859,0.0,0.0,0.082,0.0,0.012,0.6,0.6,-27.574228,2.2217035,0.74056786,0.192,0.0,0.15585017,0.0,0.0
hardzero_only__c0p58__z1p00__lam0p000__nu0p50__psi0p00,0.082,borrow,54,927,0.0,2,-0.6,-0.6,-0.61200005,1.052611,0.0,0.08859088,0.0,0.0,0.082,0.0,0.012,0.6,0.6,-27.757162,2.3157904,0.77193016,0.136,0.0,0.14769997,0.0,0.0
hardzero_only__c0p58__z1p00__lam0p000__nu0p50__psi0p00,0.082,borrow,54,928,0.0,2,-0.6,-0.6,-0.61200005,1.0760567,0.0,0.08393504,0.0,0.0,0.082,0.0,0.012,0.6,0.6,-28.45437,2.367372,0.789124,0.128,0.0,0.18961842,0.0,0.0
hardzero_only__c0p58__z1p00__lam0p000__nu0p50__psi0p00,0.082,borrow,54,929,0.0,2,-0.6,-0.6,-0.61200005,1.0224334,0.0,0.09496566,0.0,0.0,0.082,0.0,0.012,0.6,0.6,-27.35735,2.2493985,0.7497995,0.16800001,0.0,0.12490643,0.0,0.0
hardzero_only__c0p58__z1p00__lam0p000__nu0p50__psi0p00,0.082,borrow,54,930,0.0,2,-0.6,-0.6,-0.6034959,0.98418176,0.103709415,0.103709415,1.0,0.008504172,0.082,0.0,0.012,0.6,0.6,-27.007572,2.1652431,0.72174776,0.224,0.0,0.13372144,0.0,0.0
hardzero_only__c0p58__z1p00__lam0p000__nu0p50__psi0p00,0.082,borrow,54,931,0.0,2,-0.6,-0.6,-0.61200005,1.0426719,0.0,0.090641715,0.0,0.0,0.082,0.0,0.012,0.6,0.6,-27.721025,2.293924,0.7646414,0.120000005,0.0,0.17957978,0.0,0.0
hardzero_only__c0p58__z1p00__lam0p000__nu0p50__psi0p00,0.082,borrow,54,932,0.0,2,-0.6,-0.6,-0.6037854,0.99922353,0.10017895,0.10017895,1.0,0.008214674,0.082,0.0,0.012,0.6,0.6,-27.232838,2.1983356,0.73277855,0.16800001,0.0,0.13621412,0.0,0.0
hardzero_only__c0p58__z1p00__lam0p000__nu0p50__psi0p00,0.082,borrow,54,933,0.0,2,-0.6,-0.6,-0.60364175,0.9916958,0.10193051,0.10193051,1.0,0.008358302,0.082,0.0,0.012,0.6,0.6,-26.664862,2.1817744,0.72725815,0.136,0.0,0.1531471,0.0,0.0
hardzero_only__c0p58__z1p00__lam0p000__nu0p50__psi0p00,0.082,borrow,54,934,0.0,2,-0.6,-0.6,-0.61200005,1.0544912,0.0,0.08820816,0.0,0.0,0.082,0.0,0.012,0.6,0.6,-27.262259,2.319927,0.773309,0.128,0.0,0.20433185,0.0,0.0
hardzero_only__c0p58__z1p00__lam0p000__nu0p50__psi0p00,0.082,borrow,54,935,0.0,2,-0.6,-0.6,-0.6029327,0.9563342,0.11057725,0.11057725,1.0,0.009067334,0.082,0.0,0.012,0.6,0.6,-26.6923,2.1039772,0.7013258,0.128,0.0,0.12423882,0.0,0.0
hardzero_only__c0p58__z1p00__lam0p000__nu0p50__psi0p00,0.082,borrow,54,936,0.0,2,-0.6,-0.6,-0.60354424,0.986659,0.103119545,0.103119545,1.0,0.008455803,0.082,0.0,0.012,0.6,0.6,-25.709408,2.1706932,0.7235644,0.089999996,0.0,0.13166226,0.0,0.0
hardzero_only__c0p58__z1p00__lam0p000__nu0p50__psi0p00,0.082,borrow,54,937,0.0,2,-0.6,-0.6,-0.61200005,1.043979,0.0,0.090369314,0.0,0.0,0.082,0.0,0.012,0.6,0.6,-27.62337,2.2967997,0.7655999,0.15200001,0.0,0.1391134,0.0,0.0
hardzero_only__c0p58__z1p00__lam0p000__nu0p50__psi0p00,0.082,borrow,54,938,0.0,2,-0.6,-0.6,-0.61200005,1.0314398,0.0,0.09301655,0.0,0.0,0.082,0.0,0.012,0.6,0.6,-26.496927,2.2692127,0.7564043,0.2,0.0,0.14822231,0.0,0.0
hardzero_only__c0p58__z1p00__lam0p000__nu0p50__psi0p00,0.082,borrow,54,939,0.0,2,-0.6,-0.6,-0.61200005,1.068439,0.0,0.08542029,0.0,0.0,0.082,0.0,0.012,0.6,0.6,-28.16606,2.3506126,0.78353757,0.104,0.0,0.17092428,0.0,0.0
hardzero_only__c0p58__z1p00__lam0p000__nu0p50__psi0p00,0.082,borrow,54,940,0.0,2,-0.6,-0.6,-0.61200005,1.0419347,0.0,0.09079569,0.0,0.0,0.082,0.0,0.012,0.6,0.6,-27.707987,2.2923021,0.76410073,0.16000001,0.0,0.14839196,0.0,0.0
hardzero_only__c0p58__z1p00__lam0p000__nu0p50__psi0p00,0.082,borrow,54,941,0.0,2,-0.6,-0.6,-0.61200005,1.027083,0.0,0.09395436,0.0,0.0,0.082,0.0,0.012,0.6,0.6,-27.768028,2.2596278,0.7532093,0.16000001,0.008,0.14428876,0.0,0.0
hardzero_only__c0p58__z1p00__lam0p000__nu0p50__psi0p00,0.082,borrow,54,942,0.0,2,-0.6,-0.6,-0.61200005,1.045634,0.0,0.09002558,0.0,0.0,0.082,0.0,0.012,0.6,0.6,-27.992329,2.3004408,0.76681364,0.120000005,0.0,0.16046499,0.0,0.0
hardzero_only__c0p58__z1p00__lam0p000__nu0p50__psi0p00,0.082,borrow,54,943,0.0,2,-0.6,-0.6,-0.6036465,0.99194455,0.101872124,0.101872124,1.0,0.008353515,0.082,0.0,0.012,0.6,0.6,-26.690859,2.1823215,0.72744054,0.2,0.0,0.12421645,0.0,0.0
hardzero_only__c0p58__z1p00__lam0p000__nu0p50__psi0p00,0.082,borrow,54,944,0.0,2,-0.6,-0.6,-0.61200005,1.0358369,0.0,0.09207952,0.0,0.0,0.082,0.0,0.012,0.6,0.6,-27.198679,2.2788868,0.75962895,0.120000005,0.0,0.14006534,0.0,0.0
hardzero_only__c0p58__z1p00__lam0p000__nu0p50__psi0p00,0.082,borrow,54,945,0.0,2,-0.6,-0.6,-0.6035826,0.98863363,0.102651745,0.102651745,1.0,0.008417443,0.082,0.0,0.012,0.6,0.6,-26.180887,2.1750374,0.7250125,0.14400001,0.0,0.11964881,0.0,0.0
hardzero_only__c0p58__z1p00__lam0p000__nu0p50__psi0p00,0.082,borrow,54,946,0.0,2,-0.6,-0.6,-0.61200005,1.0464903,0.0,0.08984827,0.0,0.0,0.082,0.0,0.012,0.6,0.6,-27.00199,2.3023248,0.76744163,0.14400001,0.0,0.18135765,0.0,0.0
hardzero_only__c0p58__z1p00__lam0p000__nu0p50__psi0p00,0.082,borrow,54,947,0.0,2,-0.6,-0.6,-0.60348475,0.98361444,0.10384498,0.10384498,1.0,0.008515288,0.082,0.0,0.012,0.6,0.6,-26.021635,2.163995,0.7213317,0.14400001,0.0,0.12866926,0.0,0.0
hardzero_only__c0p58__z1p00__lam0p000__nu0p50__psi0p00,0.082,borrow,54,948,0.0,2,-0.6,-0.6,-0.61200005,1.0074527,0.0,0.09829857,0.0,0.0,0.082,0.0,0.012,0.6,0.6,-26.883074,2.2164402,0.7388134,0.14400001,0.0,0.16188014,0.0,0.0
hardzero_only__c0p58__z1p00__lam0p000__nu0p50__psi0p00,0.082,borrow,54,949,0.0,2,-0.6,-0.6,-0.61200005,1.077997,0.0,0.08356087,0.0,0.0,0.082,0.0,0.012,0.6,0.6,-28.784704,2.3716407,0.7905469,0.19999999,0.0,0.15629102,0.0,0.0
hardzero_only__c0p58__z1p00__lam0p000__nu0p50__psi0p00,0.082,borrow,54,950,0.0,2,-0.6,-0.6,-0.61200005,1.0356684,0.0,0.09211527,0.0,0.0,0.082,0.0,0.012,0.6,0.6,-26.928381,2.2785158,0.7595053,0.17600001,0.0,0.1530062,0.0,0.0
hardzero_only__c0p58__z1p00__lam0p000__nu0p50__psi0p00,0.082,borrow,54,951,0.0,2,-0.6,-0.6,-0.6032568,0.9721408,0.106625035,0.106625035,1.0,0.008743254,0.082,0.0,0.012,0.6,0.6,-26.369242,2.1387525,0.7129175,0.24000001,0.0,0.16732049,0.0,0.0
hardzero_only__c0p58__z1p00__lam0p000__nu0p50__psi0p00,0.082,borrow,54,952,0.0,2,-0.6,-0.6,-0.61200005,1.0047762,0.0,0.09890624,0.0,0.0,0.082,0.0,0.012,0.6,0.6,-26.356052,2.210552,0.7368507,0.128,0.0,0.13802622,0.0,0.0
hardzero_only__c0p58__z1p00__lam0p000__nu0p50__psi0p00,0.082,borrow,54,953,0.0,2,-0.6,-0.6,-0.6034297,0.98081464,0.10451661,0.10451661,1.0,0.008570362,0.082,0.0,0.012,0.6,0.6,-26.553915,2.1578352,0.71927845,0.2,0.0,0.1661833,0.0,0.0
hardzero_only__c0p58__z1p00__lam0p000__nu0p50__psi0p00,0.082,borrow,54,954,0.0,2,-0.6,-0.6,-0.60320723,0.96968484,0.10722972,0.10722972,1.0,0.008792837,0.082,0.0,0.012,0.6,0.6,-25.786512,2.1333492,0.71111643,0.128,0.0,0.123634875,0.0,0.0
hardzero_only__c0p58__z1p00__lam0p000__nu0p50__psi0p00,0.082,borrow,54,955,0.0,2,-0.6,-0.6,-0.61200005,1.0424241,0.0,0.090693444,0.0,0.0,0.082,0.0,0.012,0.6,0.6,-27.452356,2.2933788,0.7644596,0.128,0.0,0.15646371,0.0,0.0
hardzero_only__c0p58__z1p00__lam0p000__nu0p50__psi0p00,0.082,borrow,54,956,0.0,2,-0.6,-0.6,-0.61200005,1.043013,0.0,0.09057056,0.0,0.0,0.082,0.0,0.012,0.6,0.6,-28.85167,2.2946744,0.7648915,0.208,0.0,0.18993218,0.0,0.0
hardzero_only__c0p58__z1p00__lam0p000__nu0p50__psi0p00,0.082,borrow,54,957,0.0,2,-0.6,-0.6,-0.6037916,0.9995531,0.10010295,0.10010295,1.0,0.0082084425,0.082,0.0,0.012,0.6,0.6,-26.661081,2.1990607,0.73302025,0.15200001,0.0,0.13771477,0.0,0.0
hardzero_only__c0p58__z1p00__lam0p000__nu0p50__psi0p00,0.082,borrow,54,958,0.0,2,-0.6,-0.6,-0.61200005,1.0333934,0.0,0.09259906,0.0,0.0,0.082,0.0,0.012,0.6,0.6,-27.683462,2.273511,0.757837,0.15200001,0.0,0.113767624,0.0,0.0
hardzero_only__c0p58__z1p00__lam0p000__nu0p50__psi0p00,0.082,borrow,54,959,0.0,2,-0.6,-0.6,-0.61200005,1.0570207,0.0,0.087695904,0.0,0.0,0.082,0.0,0.012,0.6,0.6,-27.720284,2.325492,0.775164,0.192,0.0,0.16091882,0.0,0.0
hardzero_only__c0p58__z1p00__lam0p000__nu0p50__psi0p00,0.082,borrow,54,960,0.0,2,-0.6,-0.6,-0.60317737,0.96821404,0.10759349,0.10759349,1.0,0.0088226665,0.082,0.0,0.012,0.6,0.6,-25.899424,2.1301134,0.7100378,0.15200001,0.0,0.11474449,0.0,0.0
hardzero_only__c0p58__z1p00__lam0p000__nu0p50__psi0p00,0.082,borrow,54,961,0.0,2,-0.6,-0.6,-0.61200005,1.0492356,0.0,0.08928209,0.0,0.0,0.082,0.0,0.012,0.6,0.6,-28.366436,2.3083644,0.76945484,0.128,0.0,0.18581975,0.0,0.0
hardzero_only__c0p58__z1p00__lam0p000__nu0p50__psi0p00,0.082,borrow,54,962,0.0,2,-0.6,-0.6,-0.603225,0.9705635,0.10701298,0.10701298,1.0,0.008775065,0.082,0.0,0.012,0.6,0.6,-26.514154,2.1352823,0.71176076,0.22,0.0,0.13851386,0.0,0.0
hardzero_only__c0p58__z1p00__lam0p000__nu0p50__psi0p00,0.082,borrow,54,963,0.0,2,-0.6,-0.6,-0.61200005,1.02661,0.0,0.09405675,0.0,0.0,0.082,0.0,0.012,0.6,0.6,-27.508005,2.2585871,0.7528624,0.17600001,0.0,0.14818831,0.0,0.0
hardzero_only__c0p58__z1p00__lam0p000__nu0p50__psi0p00,0.082,borrow,54,964,0.0,2,-0.6,-0.6,-0.61200005,1.0098534,0.0,0.09775672,0.0,0.0,0.082,0.0,0.012,0.6,0.6,-26.998547,2.2217216,0.7405739,0.14400001,0.0,0.13835366,0.0,0.0
hardzero_only__c0p58__z1p00__lam0p000__nu0p50__psi0p00,0.082,borrow,54,965,0.0,2,-0.6,-0.6,-0.61200005,1.0210431,0.0,0.09527018,0.0,0.0,0.082,0.0,0.012,0.6,0.6,-27.237959,2.2463396,0.7487799,0.16800001,0.0,0.13988115,0.0,0.0
hardzero_only__c0p58__z1p00__lam0p000__nu0p50__psi0p00,0.082,borrow,54,966,0.0,2,-0.6,-0.6,-0.6033331,0.9759499,0.105693944,0.105693944,1.0,0.008666904,0.082,0.0,0.012,0.6,0.6,-26.41474,2.1471326,0.7157109,0.24800001,0.0,0.14840867,0.0,0.0
hardzero_only__c0p58__z1p00__lam0p000__nu0p50__psi0p00,0.082,borrow,54,967,0.0,2,-0.6,-0.6,-0.61200005,1.0007772,0.0,0.0998212,0.0,0.0,0.082,0.0,0.012,0.6,0.6,-27.471205,2.2017539,0.73391795,0.128,0.0,0.14883074,0.0,0.0
hardzero_only__c0p58__z1p00__lam0p000__nu0p50__psi0p00,0.082,borrow,54,968,0.0,2,-0.6,-0.6,-0.61200005,1.0134628,0.0,0.09694763,0.0,0.0,0.082,0.0,0.012,0.6,0.6,-27.712107,2.2296627,0.7432209,0.112,0.008,0.15176259,0.0,0.0
hardzero_only__c0p58__z1p00__lam0p000__nu0p50__psi0p00,0.082,borrow,54,969,0.0,2,-0.6,-0.6,-0.603729,0.9962546,0.10086613,0.10086613,1.0,0.008271023,0.082,0.0,0.012,0.6,0.6,-27.066296,2.191804,0.7306013,0.16800001,0.0,0.13708243,0.0,0.0
hardzero_only__c0p58__z1p00__lam0p000__nu0p50__psi0p00,0.082,borrow,54,970,0.0,2,-0.6,-0.6,-0.603704,0.9949412,0.10117165,0.10117165,1.0,0.008296075,0.082,0.0,0.012,0.6,0.6,-27.05019,2.1889143,0.7296381,0.15200001,0.0,0.12974106,0.0,0.0
hardzero_only__c0p58__z1p00__lam0p000__nu0p50__psi0p00,0.082,borrow,54,971,0.0,2,-0.6,-0.6,-0.61200005,1.0320667,0.0,0.092882365,0.0,0.0,0.082,0.0,0.012,0.6,0.6,-27.67199,2.270592,0.756864,0.136,0.0,0.19012581,0.0,0.0
hardzero_only__c0p58__z1p00__lam0p000__nu0p50__psi0p00,0.082,borrow,54,972,0.0,2,-0.6,-0.6,-0.61200005,1.0306959,0.0,0.09317601,0.0,0.0,0.082,0.0,0.012,0.6,0.6,-26.487478,2.2675762,0.7558588,0.17600001,0.008,0.16670664,0.0,0.0
hardzero_only__c0p58__z1p00__lam0p000__nu0p50__psi0p00,0.082,borrow,54,973,0.0,2,-0.6,-0.6,-0.61200005,1.0122116,0.0,0.09722735,0.0,0.0,0.082,0.0,0.012,0.6,0.6,-27.719135,2.2269099,0.7423033,0.15200001,0.0,0.13409106,0.0,0.0
hardzero_only__c0p58__z1p00__lam0p000__nu0p50__psi0p00,0.082,borrow,54,974,0.0,2,-0.6,-0.6,-0.60308653,0.9637635,0.10870174,0.10870174,1.0,0.008913543,0.082,0.0,0.012,0.6,0.6,-26.036524,2.120322,0.706774,0.14400001,0.0,0.14194165,0.0,0.0
hardzero_only__c0p58__z1p00__lam0p000__nu0p50__psi0p00,0.082,borrow,54,975,0.0,2,-0.6,-0.6,-0.61200005,1.0764204,0.0,0.08386476,0.0,0.0,0.082,0.0,0.012,0.6,0.6,-27.03039,2.3681722,0.78939074,0.12,0.0,0.121097006,0.0,0.0
hardzero_only__c0p58__z1p00__lam0p000__nu0p50__psi0p00,0.082,borrow,54,976,0.0,2,-0.6,-0.6,-0.61200005,1.0020766,0.0,0.09952296,0.0,0.0,0.082,0.0,0.012,0.6,0.6,-26.510954,2.2046125,0.73487085,0.18400002,0.0,0.16913569,0.0,0.0
hardzero_only__c0p58__z1p00__lam0p000__nu0p50__psi0p00,0.082,borrow,54,977,0.0,2,-0.6,-0.6,-0.60336554,0.97757715,0.10529865,0.10529865,1.0,0.00863449,0.082,0.0,0.012,0.6,0.6,-26.972736,2.1507127,0.7169043,0.17600001,0.0,0.12948059,0.0,0.0
hardzero_only__c0p58__z1p00__lam0p000__nu0p50__psi0p00,0.082,borrow,54,978,0.0,2,-0.6,-0.6,-0.61200005,1.0166541,0.0,0.096237846,0.0,0.0,0.082,0.0,0.012,0.6,0.6,-26.32697,2.2366838,0.7455613,0.2,0.0,0.16574593,0.0,0.0
hardzero_only__c0p58__z1p00__lam0p000__nu0p50__psi0p00,0.082,borrow,54,979,0.0,2,-0.6,-0.6,-0.61200005,1.0550218,0.0,0.08810047,0.0,0.0,0.082,0.0,0.012,0.6,0.6,-28.339445,2.3210943,0.7736981,0.14400001,0.0,0.17264768,0.0,0.0
hardzero_only__c0p58__z1p00__lam0p000__nu0p50__psi0p00,0.082,borrow,54,980,0.0,2,-0.6,-0.6,-0.61200005,1.091905,0.0,0.08092728,0.0,0.0,0.082,0.0,0.012,0.6,0.6,-28.605736,2.402239,0.8007464,0.136,0.0,0.16903439,0.0,0.0
hardzero_only__c0p58__z1p00__lam0p000__nu0p50__psi0p00,0.082,borrow,54,981,0.0,2,-0.6,-0.6,-0.6030521,0.9620884,0.10912181,0.10912181,1.0,0.008947988,0.082,0.0,0.012,0.6,0.6,-26.371193,2.1166368,0.7055456,0.128,0.0,0.15435879,0.0,0.0
hardzero_only__c0p58__z1p00__lam0p000__nu0p50__psi0p00,0.082,borrow,54,982,0.0,2,-0.6,-0.6,-0.61200005,1.0035836,0.0,0.09917825,0.0,0.0,0.082,0.0,0.012,0.6,0.6,-26.82761,2.207928,0.735976,0.2,0.0,0.1446007,0.0,0.0
hardzero_only__c0p58__z1p00__lam0p000__nu0p50__psi0p00,0.082,borrow,54,983,0.0,2,-0.6,-0.6,-0.60311675,0.96524054,0.10833267,0.10833267,1.0,0.00888328,0.082,0.0,0.012,0.6,0.6,-25.993853,2.1235716,0.70785725,0.192,0.0,0.13105302,0.0,0.0
hardzero_only__c0p58__z1p00__lam0p000__nu0p50__psi0p00,0.082,borrow,54,984,0.0,2,-0.6,-0.6,-0.61200005,1.0323187,0.0,0.09282848,0.0,0.0,0.082,0.0,0.012,0.6,0.6,-27.286325,2.2711465,0.75704885,0.16800001,0.0,0.1513337,0.0,0.0
hardzero_only__c0p58__z1p00__lam0p000__nu0p50__psi0p00,0.082,borrow,54,985,0.0,2,-0.6,-0.6,-0.61200005,1.0270231,0.0,0.09396733,0.0,0.0,0.082,0.0,0.012,0.6,0.6,-28.209044,2.259496,0.75316536,0.112,0.0,0.15854435,0.0,0.0
hardzero_only__c0p58__z1p00__lam0p000__nu0p50__psi0p00,0.082,borrow,54,986,0.0,2,-0.6,-0.6,-0.61200005,1.0438707,0.0,0.09039185,0.0,0.0,0.082,0.0,0.012,0.6,0.6,-27.120033,2.2965612,0.76552045,0.112,0.0,0.14154352,0.0,0.0
hardzero_only__c0p58__z1p00__lam0p000__nu0p50__psi0p00,0.082,borrow,54,987,0.0,2,-0.6,-0.6,-0.60315585,0.96715504,0.10785615,0.10785615,1.0,0.008844204,0.082,0.0,0.012,0.6,0.6,-26.503946,2.1277835,0.7092612,0.192,0.0,0.14191799,0.0,0.0
hardzero_only__c0p58__z1p00__lam0p000__nu0p50__psi0p00,0.082,borrow,54,988,0.0,2,-0.6,-0.6,-0.61200005,1.0726013,0.0,0.08460551,0.0,0.0,0.082,0.0,0.012,0.6,0.6,-29.112568,2.35977,0.78659004,0.11,0.0,0.17056127,0.0,0.0
hardzero_only__c0p58__z1p00__lam0p000__nu0p50__psi0p00,0.082,borrow,54,989,0.0,2,-0.6,-0.6,-0.61200005,1.0231307,0.0,0.09481331,0.0,0.0,0.082,0.0,0.012,0.6,0.6,-26.628838,2.2509325,0.75031084,0.18400002,0.0,0.1329768,0.0,0.0
hardzero_only__c0p58__z1p00__lam0p000__nu0p50__psi0p00,0.082,borrow,54,990,0.0,2,-0.6,-0.6,-0.61200005,1.0103984,0.0,0.09763411,0.0,0.0,0.082,0.0,0.012,0.6,0.6,-27.311623,2.222921,0.74097365,0.2,0.008,0.1961423,0.0,0.0
hardzero_only__c0p58__z1p00__lam0p000__nu0p50__psi0p00,0.082,borrow,54,991,0.0,2,-0.6,-0.6,-0.61200005,1.0100502,0.0,0.09771243,0.0,0.0,0.082,0.0,0.012,0.6,0.6,-27.088642,2.2221549,0.7407183,0.2,0.0,0.1490141,0.0,0.0
hardzero_only__c0p58__z1p00__lam0p000__nu0p50__psi0p00,0.082,borrow,54,992,0.0,2,-0.6,-0.6,-0.61200005,1.0425727,0.0,0.0906624,0.0,0.0,0.082,0.0,0.012,0.6,0.6,-27.642958,2.2937057,0.76456857,0.128,0.0,0.15647909,0.0,0.0
hardzero_only__c0p58__z1p00__lam0p000__nu0p50__psi0p00,0.082,borrow,54,993,0.0,2,-0.6,-0.6,-0.6036892,0.99416804,0.101351924,0.101351924,1.0,0.008310858,0.082,0.0,0.012,0.6,0.6,-26.274612,2.1872134,0.72907114,0.120000005,0.0,0.13194883,0.0,0.0
hardzero_only__c0p58__z1p00__lam0p000__nu0p50__psi0p00,0.082,borrow,54,994,0.0,2,-0.6,-0.6,-0.61200005,1.0117592,0.0,0.097328685,0.0,0.0,0.082,0.0,0.012,0.6,0.6,-26.847313,2.2259145,0.7419715,0.208,0.0,0.14099768,0.0,0.0
hardzero_only__c0p58__z1p00__lam0p000__nu0p50__psi0p00,0.082,borrow,54,995,0.0,2,-0.6,-0.6,-0.60356516,0.98773307,0.10286484,0.10286484,1.0,0.008434917,0.082,0.0,0.012,0.6,0.6,-26.359045,2.1730561,0.72435206,0.216,0.0,0.1431793,0.0,0.0
hardzero_only__c0p58__z1p00__lam0p000__nu0p50__psi0p00,0.082,borrow,54,996,0.0,2,-0.6,-0.6,-0.61200005,1.0417483,0.0,0.090834685,0.0,0.0,0.082,0.0,0.012,0.6,0.6,-28.670624,2.291892,0.76396406,0.120000005,0.0,0.16371533,0.0,0.0
hardzero_only__c0p58__z1p00__lam0p000__nu0p50__psi0p00,0.082,borrow,54,997,0.0,2,-0.6,-0.6,-0.61200005,1.0121658,0.0,0.097237594,0.0,0.0,0.082,0.0,0.012,0.6,0.6,-26.324879,2.2268093,0.74226975,0.2,0.0,0.14212205,0.0,0.0
hardzero_only__c0p58__z1p00__lam0p000__nu0p50__psi0p00,0.082,borrow,54,998,0.0,2,-0.6,-0.6,-0.61200005,1.0255959,0.0,0.09427663,0.0,0.0,0.082,0.0,0.012,0.6,0.6,-27.743187,2.256356,0.7521187,0.112,0.0,0.15342818,0.0,0.0
hardzero_only__c0p58__z1p00__lam0p000__nu0p50__psi0p00,0.082,borrow,54,999,0.0,2,-0.6,-0.6,-0.60248446,0.935379,0.11604354,0.11604354,1.0,0.0095155705,0.082,0.0,0.012,0.6,0.6,-26.568567,2.057875,0.6859583,0.16000001,0.0,0.14004996,0.0,0.0
hardzero_only__c0p58__z1p00__lam0p000__nu0p50__psi0p00,0.082,borrow,54,1000,0.0,2,-0.6,-0.6,-0.61200005,1.0752524,0.0,0.08409063,0.0,0.0,0.082,0.0,0.012,0.6,0.6,-27.909245,2.3656025,0.78853416,0.16800001,0.0,0.14848,0.0,0.0
hardzero_only__c0p58__z1p00__lam0p000__nu0p50__psi0p00,0.082,borrow,54,1001,0.0,2,-0.6,-0.6,-0.6034693,0.98282576,0.10403373,0.10403373,1.0,0.008530766,0.082,0.0,0.012,0.6,0.6,-26.067883,2.1622598,0.7207533,0.17,0.0,0.13805884,0.0,0.0
hardzero_only__c0p58__z1p00__lam0p000__nu0p50__psi0p00,0.082,borrow,54,1002,0.0,2,-0.6,-0.6,-0.61200005,1.0355026,0.0,0.09215046,0.0,0.0,0.082,0.0,0.012,0.6,0.6,-27.403383,2.278151,0.7593837,0.17600001,0.0,0.15071644,0.0,0.0
hardzero_only__c0p58__z1p00__lam0p000__nu0p50__psi0p00,0.082,borrow,54,1003,0.0,2,-0.6,-0.6,-0.61200005,1.0122095,0.0,0.09722779,0.0,0.0,0.082,0.0,0.012,0.6,0.6,-26.344564,2.2269053,0.7423018,0.120000005,0.0,0.14366557,0.0,0.0
hardzero_only__c0p58__z1p00__lam0p000__nu0p50__psi0p00,0.082,borrow,54,1004,0.0,2,-0.6,-0.6,-0.61200005,1.0126524,0.0,0.09712869,0.0,0.0,0.082,0.0,0.012,0.6,0.6,-26.18906,2.2278798,0.7426266,0.16000001,0.0,0.145725,0.0,0.0
hardzero_only__c0p58__z1p00__lam0p000__nu0p50__psi0p00,0.082,borrow,54,1005,0.0,2,-0.6,-0.6,-0.60367316,0.9933317,0.10154729,0.10154729,1.0,0.008326878,0.082,0.0,0.012,0.6,0.6,-26.181032,2.1853733,0.7284578,0.136,0.0,0.1321144,0.0,0.0
hardzero_only__c0p58__z1p00__lam0p000__nu0p50__psi0p00,0.082,borrow,54,1006,0.0,2,-0.6,-0.6,-0.61200005,1.0310477,0.0,0.093100555,0.0,0.0,0.082,0.0,0.012,0.6,0.6,-27.513552,2.2683501,0.75611675,0.16800001,0.0,0.16391562,0.0,0.0
hardzero_only__c0p58__z1p00__lam0p000__nu0p50__psi0p00,0.082,borrow,54,1007,0.0,2,-0.6,-0.6,-0.6036563,0.99245363,0.1017528,0.1017528,1.0,0.00834373,0.082,0.0,0.012,0.6,0.6,-26.799164,2.1834416,0.7278139,0.216,0.0,0.1469344,0.0,0.0
hardzero_only__c0p58__z1p00__lam0p000__nu0p50__psi0p00,0.082,borrow,54,1008,0.0,2,-0.6,-0.6,-0.6033338,0.9759799,0.105686635,0.105686635,1.0,0.008666304,0.082,0.0,0.012,0.6,0.6,-26.610853,2.1471987,0.71573293,0.16800001,0.0,0.13388255,0.0,0.0
hardzero_only__c0p58__z1p00__lam0p000__nu0p50__psi0p00,0.082,borrow,54,1009,0.0,2,-0.6,-0.6,-0.61200005,1.0626338,0.0,0.086569756,0.0,0.0,0.082,0.0,0.012,0.6,0.6,-27.877947,2.337841,0.77928036,0.192,0.0,0.18919502,0.0,0.0
hardzero_only__c0p58__z1p00__lam0p000__nu0p50__psi0p00,0.082,borrow,54,1010,0.0,2,-0.6,-0.6,-0.60368943,0.9941801,0.1013491,0.1013491,1.0,0.008310626,0.082,0.0,0.012,0.6,0.6,-27.85322,2.18724,0.72907996,0.16800001,0.0,0.12947284,0.0,0.0
hardzero_only__c0p58__z1p00__lam0p000__nu0p50__psi0p00,0.082,borrow,54,1011,0.0,2,-0.6,-0.6,-0.61200005,1.044519,0.0,0.090257026,0.0,0.0,0.082,0.0,0.012,0.6,0.6,-27.60481,2.2979875,0.76599586,0.120000005,0.0,0.16548371,0.0,0.0
hardzero_only__c0p58__z1p00__lam0p000__nu0p50__psi0p00,0.082,borrow,54,1012,0.0,2,-0.6,-0.6,-0.6035376,0.98631907,0.103200294,0.103200294,1.0,0.008462424,0.082,0.0,0.012,0.6,0.6,-26.795612,2.1699452,0.7233151,0.2,0.0,0.14247926,0.0,0.0
hardzero_only__c0p58__z1p00__lam0p000__nu0p50__psi0p00,0.082,borrow,54,1013,0.0,2,-0.6,-0.6,-0.61200005,1.017838,0.0,0.09597585,0.0,0.0,0.082,0.0,0.012,0.6,0.6,-26.478817,2.2392883,0.74642944,0.16800001,0.0,0.15243997,0.0,0.0
hardzero_only__c0p58__z1p00__lam0p000__nu0p50__psi0p00,0.082,borrow,54,1014,0.0,2,-0.6,-0.6,-0.61200005,1.0376188,0.0,0.09170252,0.0,0.0,0.082,0.0,0.012,0.6,0.6,-27.389614,2.2828069,0.76093566,0.099999994,0.0,0.13240358,0.0,0.0
hardzero_only__c0p58__z1p00__lam0p000__nu0p50__psi0p00,0.082,borrow,54,1015,0.0,2,-0.6,-0.6,-0.60271,0.9457952,0.11329345,0.11329345,1.0,0.009290063,0.082,0.0,0.012,0.6,0.6,-25.179724,2.080791,0.693597,0.24000001,0.0,0.14039375,0.0,0.0
hardzero_only__c0p58__z1p00__lam0p000__nu0p50__psi0p00,0.082,borrow,54,1016,0.0,2,-0.6,-0.6,-0.61200005,1.0201157,0.0,0.095473796,0.0,0.0,0.082,0.0,0.012,0.6,0.6,-26.838146,2.2442994,0.7480998,0.2,0.0,0.17655435,0.0,0.0
hardzero_only__c0p58__z1p00__lam0p000__nu0p50__psi0p00,0.082,borrow,54,1017,0.0,2,-0.6,-0.6,-0.61200005,1.0278795,0.0,0.09378222,0.0,0.0,0.082,0.0,0.012,0.6,0.6,-27.625908,2.26138,0.75379336,0.128,0.0,0.1619403,0.0,0.0
hardzero_only__c0p58__z1p00__lam0p000__nu0p50__psi0p00,0.082,borrow,54,1018,0.0,2,-0.6,-0.6,-0.61200005,1.0916879,0.0,0.080967754,0.0,0.0,0.082,0.0,0.012,0.6,0.6,-28.697556,2.4017613,0.8005871,0.112,0.0,0.18254094,0.0,0.0
hardzero_only__c0p58__z1p00__lam0p000__nu0p50__psi0p00,0.082,borrow,54,1019,0.0,2,-0.6,-0.6,-0.61200005,1.0264901,0.0,0.094082735,0.0,0.0,0.082,0.0,0.012,0.6,0.6,-27.024004,2.2583232,0.7527744,0.2,0.0,0.15554106,0.0,0.0
hardzero_only__c0p58__z1p00__lam0p000__nu0p50__psi0p00,0.082,borrow,54,1020,0.0,2,-0.6,-0.6,-0.61200005,1.0702537,0.0,0.08506409,0.0,0.0,0.082,0.0,0.012,0.6,0.6,-27.694605,2.3546052,0.7848684,0.112,0.0,0.1285491,0.0,0.0
hardzero_only__c0p58__z1p00__lam0p000__nu0p50__psi0p00,0.082,borrow,54,1021,0.0,2,-0.6,-0.6,-0.60367113,0.99322426,0.101572394,0.101572394,1.0,0.008328937,0.082,0.0,0.012,0.6,0.6,-27.26583,2.185137,0.728379,0.192,0.0,0.15486655,0.0,0.0
hardzero_only__c0p58__z1p00__lam0p000__nu0p50__psi0p00,0.082,borrow,54,1022,0.0,2,-0.6,-0.6,-0.6034972,0.9842485,0.10369349,0.10369349,1.0,0.008502867,0.082,0.0,0.012,0.6,0.6,-26.770716,2.16539,0.7217967,0.24800001,0.0,0.1420413,0.0,0.0
hardzero_only__c0p58__z1p00__lam0p000__nu0p50__psi0p00,0.082,borrow,54,1023,0.0,2,-0.6,-0.6,-0.61200005,1.0443343,0.0,0.09029542,0.0,0.0,0.082,0.0,0.012,0.6,0.6,-27.019318,2.2975814,0.7658605,0.16800001,0.0,0.1520511,0.0,0.0
hardzero_only__c0p58__z1p00__lam0p000__nu0p50__psi0p00,0.082,borrow,54,1024,0.0,2,-0.6,-0.6,-0.61200005,1.1133732,0.0,0.077024125,0.0,0.0,0.082,0.0,0.012,0.6,0.6,-28.38522,2.4494698,0.81648993,0.072000004,0.0,0.17102951,0.0,0.0
hardzero_only__c0p58__z1p00__lam0p000__nu0p50__psi0p00,0.082,borrow,54,1025,0.0,2,-0.6,-0.6,-0.6036929,0.9943615,0.10130677,0.10130677,1.0,0.008307155,0.082,0.0,0.012,0.6,0.6,-26.736969,2.187639,0.729213,0.15200001,0.0,0.14811954,0.0,0.0
hardzero_only__c0p58__z1p00__lam0p000__nu0p50__psi0p00,0.082,borrow,54,1026,0.0,2,-0.6,-0.6,-0.61200005,1.0820421,0.0,0.082786195,0.0,0.0,0.082,0.0,0.012,0.6,0.6,-27.877295,2.3805401,0.7935134,0.08800001,0.0,0.15412518,0.0,0.0
hardzero_only__c0p58__z1p00__lam0p000__nu0p50__psi0p00,0.082,borrow,54,1027,0.0,2,-0.6,-0.6,-0.61200005,1.0178982,0.0,0.09596256,0.0,0.0,0.082,0.0,0.012,0.6,0.6,-26.77658,2.239421,0.74647367,0.16,0.0,0.13655971,0.0,0.0
hardzero_only__c0p58__z1p00__lam0p000__nu0p50__psi0p00,0.082,borrow,54,1028,0.0,2,-0.6,-0.6,-0.61200005,1.0400699,0.0,0.0911864,0.0,0.0,0.082,0.0,0.012,0.6,0.6,-27.879253,2.2881994,0.76273316,0.136,0.0,0.14163654,0.0,0.0
hardzero_only__c0p58__z1p00__lam0p000__nu0p50__psi0p00,0.082,borrow,54,1029,0.0,2,-0.6,-0.6,-0.61200005,1.0252109,0.0,0.09436026,0.0,0.0,0.082,0.0,0.012,0.6,0.6,-27.857767,2.255509,0.7518363,0.192,0.0,0.15434928,0.0,0.0
hardzero_only__c0p58__z1p00__lam0p000__nu0p50__psi0p00,0.082,borrow,54,1030,0.0,2,-0.6,-0.6,-0.61200005,1.0191191,0.0,0.09569314,0.0,0.0,0.082,0.0,0.012,0.6,0.6,-26.258472,2.242107,0.747369,0.15200001,0.0,0.14650783,0.0,0.0
hardzero_only__c0p58__z1p00__lam0p000__nu0p50__psi0p00,0.082,borrow,54,1031,0.0,2,-0.6,-0.6,-0.61200005,1.0731766,0.0,0.08449351,0.0,0.0,0.082,0.0,0.012,0.6,0.6,-27.973114,2.3610356,0.78701186,0.15200001,0.0,0.14999005,0.0,0.0
hardzero_only__c0p58__z1p00__lam0p000__nu0p50__psi0p00,0.082,borrow,54,1032,0.0,2,-0.6,-0.6,-0.61200005,1.045721,0.0,0.09000755,0.0,0.0,0.082,0.0,0.012,0.6,0.6,-27.562525,2.3006322,0.7668774,0.136,0.0,0.15085767,0.0,0.0
hardzero_only__c0p58__z1p00__lam0p000__nu0p50__psi0p00,0.082,borrow,54,1033,0.0,2,-0.6,-0.6,-0.61200005,1.0174466,0.0,0.096062385,0.0,0.0,0.082,0.0,0.012,0.6,0.6,-26.682266,2.2384274,0.7461425,0.16000001,0.0,0.14262454,0.0,0.0
hardzero_only__c0p58__z1p00__lam0p000__nu0p50__psi0p00,0.082,borrow,54,1034,0.0,2,-0.6,-0.6,-0.61200005,1.0343975,0.0,0.09238522,0.0,0.0,0.082,0.0,0.012,0.6,0.6,-27.877344,2.27572,0.7585733,0.120000005,0.0,0.14706844,0.0,0.0
hardzero_only__c0p58__z1p00__lam0p000__nu0p50__psi0p00,0.082,borrow,54,1035,0.0,2,-0.6,-0.6,-0.61200005,1.0346305,0.0,0.09233565,0.0,0.0,0.082,0.0,0.012,0.6,0.6,-27.904827,2.2762327,0.75874424,0.216,0.0,0.14794002,0.0,0.0
hardzero_only__c0p58__z1p00__lam0p000__nu0p50__psi0p00,0.082,borrow,54,1036,0.0,2,-0.6,-0.6,-0.6028295,0.95142025,0.111835524,0.111835524,1.0,0.009170514,0.082,0.0,0.012,0.6,0.6,-26.806879,2.0931664,0.69772214,0.16000001,0.0,0.1311802,0.0,0.0
hardzero_only__c0p58__z1p00__lam0p000__nu0p50__psi0p00,0.082,borrow,54,1037,0.0,2,-0.6,-0.6,-0.61200005,1.038865,0.0,0.09143974,0.0,0.0,0.082,0.0,0.012,0.6,0.6,-28.03418,2.2855487,0.7618496,0.208,0.0,0.16317461,0.0,0.0
hardzero_only__c0p58__z1p00__lam0p000__nu0p50__psi0p00,0.082,borrow,54,1038,0.0,2,-0.6,-0.6,-0.60340464,0.97954595,0.10482239,0.10482239,1.0,0.008595436,0.082,0.0,0.012,0.6,0.6,-26.631802,2.155044,0.718348,0.17600001,0.0,0.1461124,0.0,0.0
hardzero_only__c0p58__z1p00__lam0p000__nu0p50__psi0p00,0.082,borrow,54,1039,0.0,2,-0.6,-0.6,-0.60332525,0.9755533,0.1057905,0.1057905,1.0,0.008674822,0.082,0.0,0.012,0.6,0.6,-26.851082,2.14626,0.71542,0.192,0.0,0.16601822,0.0,0.0
hardzero_only__c0p58__z1p00__lam0p000__nu0p50__psi0p00,0.082,borrow,54,1040,0.0,2,-0.6,-0.6,-0.603464,0.9825561,0.104098365,0.104098365,1.0,0.008536066,0.082,0.0,0.012,0.6,0.6,-26.183218,2.1616666,0.72055554,0.22,0.0,0.13203548,0.0,0.0
hardzero_only__c0p58__z1p00__lam0p000__nu0p50__psi0p00,0.082,borrow,54,1041,0.0,2,-0.6,-0.6,-0.61200005,1.0035051,0.0,0.09919617,0.0,0.0,0.082,0.0,0.012,0.6,0.6,-27.046234,2.2077553,0.73591846,0.17600001,0.0,0.14234637,0.0,0.0
hardzero_only__c0p58__z1p00__lam0p000__nu0p50__psi0p00,0.082,borrow,54,1042,0.0,2,-0.6,-0.6,-0.61200005,1.0447236,0.0,0.090214506,0.0,0.0,0.082,0.0,0.012,0.6,0.6,-27.513723,2.2984378,0.76614594,0.16000001,0.0,0.16035691,0.0,0.0
hardzero_only__c0p58__z1p00__lam0p000__nu0p50__psi0p00,0.082,borrow,54,1043,0.0,2,-0.6,-0.6,-0.60345805,0.9822546,0.10417064,0.10417064,1.0,0.008541993,0.082,0.0,0.012,0.6,0.6,-26.401684,2.1610034,0.7203345,0.15200001,0.0,0.13433027,0.0,0.0
hardzero_only__c0p58__z1p00__lam0p000__nu0p50__psi0p00,0.082,borrow,54,1044,0.0,2,-0.6,-0.6,-0.61200005,1.0199448,0.0,0.09551139,0.0,0.0,0.082,0.0,0.012,0.6,0.6,-27.70787,2.2439234,0.7479745,0.18400002,0.0,0.13313638,0.0,0.0
hardzero_only__c0p58__z1p00__lam0p000__nu0p50__psi0p00,0.082,borrow,54,1045,0.0,2,-0.6,-0.6,-0.61200005,1.0577033,0.0,0.08755819,0.0,0.0,0.082,0.0,0.012,0.6,0.6,-28.383064,2.3269937,0.77566457,0.17600001,0.0,0.17290841,0.0,0.0
hardzero_only__c0p58__z1p00__lam0p000__nu0p50__psi0p00,0.082,borrow,54,1046,0.0,2,-0.6,-0.6,-0.61200005,1.00168,0.0,0.099613905,0.0,0.0,0.082,0.0,0.012,0.6,0.6,-27.480337,2.2037401,0.73458004,0.192,0.0,0.15376465,0.0,0.0
hardzero_only__c0p58__z1p00__lam0p000__nu0p50__psi0p00,0.082,borrow,54,1047,0.0,2,-0.6,-0.6,-0.61200005,1.0394084,0.0,0.09132538,0.0,0.0,0.082,0.0,0.012,0.6,0.6,-28.322584,2.286744,0.76224804,0.128,0.0,0.15888682,0.0,0.0
hardzero_only__c0p58__z1p00__lam0p000__nu0p50__psi0p00,0.082,borrow,54,1048,0.0,2,-0.6,-0.6,-0.61200005,1.0230057,0.0,0.0948406,0.0,0.0,0.082,0.0,0.012,0.6,0.6,-27.139927,2.2506576,0.7502192,0.136,0.0,0.13320065,0.0,0.0
hardzero_only__c0p58__z1p00__lam0p000__nu0p50__psi0p00,0.082,borrow,54,1049,0.0,2,-0.6,-0.6,-0.6033246,0.9755201,0.1057986,0.1057986,1.0,0.008675486,0.082,0.0,0.012,0.6,0.6,-25.752518,2.146187,0.7153957,0.17600001,0.0,0.12129481,0.0,0.0
hardzero_only__c0p58__z1p00__lam0p000__nu0p50__psi0p00,0.082,borrow,54,1050,0.0,2,-0.6,-0.6,-0.6034864,0.9836977,0.10382507,0.10382507,1.0,0.0085136555,0.082,0.0,0.012,0.6,0.6,-26.050968,2.1641781,0.72139275,0.16800001,0.0,0.15673384,0.0,0.0
hardzero_only__c0p58__z1p00__lam0p000__nu0p50__psi0p00,0.082,borrow,54,1051,0.0,2,-0.6,-0.6,-0.60254705,0.9382452,0.11528022,0.11528022,1.0,0.009452978,0.082,0.0,0.012,0.6,0.6,-25.671886,2.0641806,0.6880602,0.216,0.0,0.13643739,0.0,0.0
hardzero_only__c0p58__z1p00__lam0p000__nu0p50__psi0p00,0.082,borrow,54,1052,0.0,2,-0.6,-0.6,-0.61200005,1.0370321,0.0,0.09182646,0.0,0.0,0.082,0.0,0.012,0.6,0.6,-28.050217,2.2815163,0.76050544,0.128,0.0,0.16448985,0.0,0.0
hardzero_only__c0p58__z1p00__lam0p000__nu0p50__psi0p00,0.082,borrow,54,1053,0.0,2,-0.6,-0.6,-0.61200005,1.0119171,0.0,0.097293295,0.0,0.0,0.082,0.0,0.012,0.6,0.6,-27.352705,2.226262,0.74208736,0.17,0.0,0.15764546,0.0,0.0
hardzero_only__c0p58__z1p00__lam0p000__nu0p50__psi0p00,0.082,borrow,54,1054,0.0,2,-0.6,-0.6,-0.61200005,1.0016841,0.0,0.09961299,0.0,0.0,0.082,0.0,0.012,0.6,0.6,-26.847706,2.203749,0.734583,0.18400002,0.0,0.13604766,0.0,0.0
hardzero_only__c0p58__z1p00__lam0p000__nu0p50__psi0p00,0.082,borrow,54,1055,0.0,2,-0.6,-0.6,-0.61200005,1.0226595,0.0,0.094916224,0.0,0.0,0.082,0.0,0.012,0.6,0.6,-26.78941,2.2498958,0.7499653,0.15200001,0.0,0.16588202,0.0,0.0
hardzero_only__c0p58__z1p00__lam0p000__nu0p50__psi0p00,0.082,borrow,54,1056,0.0,2,-0.6,-0.6,-0.61200005,1.0240089,0.0,0.094621785,0.0,0.0,0.082,0.0,0.012,0.6,0.6,-26.870354,2.2528646,0.75095487,0.16800001,0.0,0.12737012,0.0,0.0
hardzero_only__c0p58__z1p00__lam0p000__nu0p50__psi0p00,0.082,borrow,54,1057,0.0,2,-0.6,-0.6,-0.61200005,1.0300757,0.0,0.09330917,0.0,0.0,0.082,0.0,0.012,0.6,0.6,-27.317036,2.2662117,0.75540394,0.104,0.0,0.15176222,0.0,0.0
hardzero_only__c0p58__z1p00__lam0p000__nu0p50__psi0p00,0.082,borrow,54,1058,0.0,2,-0.6,-0.6,-0.61200005,1.0187386,0.0,0.09577703,0.0,0.0,0.082,0.0,0.012,0.6,0.6,-27.21077,2.2412698,0.74709,0.15200001,0.0,0.1490398,0.0,0.0
hardzero_only__c0p58__z1p00__lam0p000__nu0p50__psi0p00,0.082,borrow,54,1059,0.0,2,-0.6,-0.6,-0.6036822,0.9938031,0.101437114,0.101437114,1.0,0.008317844,0.082,0.0,0.012,0.6,0.6,-25.818243,2.1864104,0.7288035,0.24800001,0.0,0.13209412,0.0,0.0
hardzero_only__c0p58__z1p00__lam0p000__nu0p50__psi0p00,0.082,borrow,54,1060,0.0,2,-0.6,-0.6,-0.61200005,1.0385443,0.0,0.091507286,0.0,0.0,0.082,0.0,0.012,0.6,0.6,-27.522696,2.2848432,0.76161444,0.216,0.0,0.18562767,0.0,0.0
hardzero_only__c0p58__z1p00__lam0p000__nu0p50__psi0p00,0.082,borrow,54,1061,0.0,2,-0.6,-0.6,-0.61200005,1.0414741,0.0,0.09089205,0.0,0.0,0.082,0.0,0.012,0.6,0.6,-27.394571,2.2912889,0.76376295,0.16800001,0.0,0.17258808,0.0,0.0
hardzero_only__c0p58__z1p00__lam0p000__nu0p50__psi0p00,0.082,borrow,54,1062,0.0,2,-0.6,-0.6,-0.61200005,1.0416216,0.0,0.090861194,0.0,0.0,0.082,0.0,0.012,0.6,0.6,-28.115067,2.291613,0.7638711,0.208,0.0,0.17061351,0.0,0.0
hardzero_only__c0p58__z1p00__lam0p000__nu0p50__psi0p00,0.082,borrow,54,1063,0.0,2,-0.6,-0.6,-0.61200005,1.0707768,0.0,0.0849617,0.0,0.0,0.082,0.0,0.012,0.6,0.6,-28.408007,2.355756,0.78525203,0.14400001,0.0,0.16147065,0.0,0.0
hardzero_only__c0p58__z1p00__lam0p000__nu0p50__psi0p00,0.082,borrow,54,1064,0.0,2,-0.6,-0.6,-0.61200005,1.004496,0.0,0.0989701,0.0,0.0,0.082,0.0,0.012,0.6,0.6,-26.646038,2.2099352,0.7366451,0.216,0.0,0.13950361,0.0,0.0
hardzero_only__c0p58__z1p00__lam0p000__nu0p50__psi0p00,0.082,borrow,54,1065,0.0,2,-0.6,-0.6,-0.61200005,1.0927035,0.0,0.080778636,0.0,0.0,0.082,0.0,0.012,0.6,0.6,-28.42976,2.4039955,0.8013319,0.120000005,0.0,0.1427076,0.0,0.0
hardzero_only__c0p58__z1p00__lam0p000__nu0p50__psi0p00,0.082,borrow,54,1066,0.0,2,-0.6,-0.6,-0.60376483,0.9981379,0.100429684,0.100429684,1.0,0.008235235,0.082,0.0,0.012,0.6,0.6,-27.205845,2.1959472,0.7319824,0.19,0.0,0.16541266,0.0,0.0
hardzero_only__c0p58__z1p00__lam0p000__nu0p50__psi0p00,0.082,borrow,54,1067,0.0,2,-0.6,-0.6,-0.61200005,1.0353183,0.0,0.09218955,0.0,0.0,0.082,0.0,0.012,0.6,0.6,-27.789762,2.2777457,0.7592486,0.192,0.0,0.17001256,0.0,0.0
hardzero_only__c0p58__z1p00__lam0p000__nu0p50__psi0p00,0.082,borrow,54,1068,0.0,2,-0.6,-0.6,-0.61200005,1.0545175,0.0,0.08820282,0.0,0.0,0.082,0.0,0.012,0.6,0.6,-27.805037,2.319985,0.7733283,0.16800001,0.0,0.14430751,0.0,0.0
hardzero_only__c0p58__z1p00__lam0p000__nu0p50__psi0p00,0.082,borrow,54,1069,0.0,2,-0.6,-0.6,-0.60330695,0.9746396,0.106013305,0.106013305,1.0,0.008693092,0.082,0.0,0.012,0.6,0.6,-27.21218,2.14425,0.71475,0.2,0.0,0.13345551,0.0,0.0
hardzero_only__c0p58__z1p00__lam0p000__nu0p50__psi0p00,0.082,borrow,54,1070,0.0,2,-0.6,-0.6,-0.61200005,1.0431453,0.0,0.090542965,0.0,0.0,0.082,0.0,0.012,0.6,0.6,-26.998882,2.2949655,0.76498854,0.16800001,0.0,0.16519512,0.0,0.0
hardzero_only__c0p58__z1p00__lam0p000__nu0p50__psi0p00,0.082,borrow,54,1071,0.0,2,-0.6,-0.6,-0.6033058,0.97458184,0.10602741,0.10602741,1.0,0.008694248,0.082,0.0,0.012,0.6,0.6,-26.345528,2.1441228,0.7147076,0.208,0.0,0.12598106,0.0,0.0
hardzero_only__c0p58__z1p00__lam0p000__nu0p50__psi0p00,0.082,borrow,54,1072,0.0,2,-0.6,-0.6,-0.61200005,1.0102265,0.0,0.09767276,0.0,0.0,0.082,0.0,0.012,0.6,0.6,-27.830044,2.2225428,0.7408476,0.104,0.0,0.16110043,0.0,0.0
hardzero_only__c0p58__z1p00__lam0p000__nu0p50__psi0p00,0.082,borrow,54,1073,0.0,2,-0.6,-0.6,-0.61200005,1.0580829,0.0,0.08748166,0.0,0.0,0.082,0.0,0.012,0.6,0.6,-27.606607,2.327829,0.775943,0.192,0.0,0.15188512,0.0,0.0
hardzero_only__c0p58__z1p00__lam0p000__nu0p50__psi0p00,0.082,borrow,54,1074,0.0,2,-0.6,-0.6,-0.61200005,1.0532596,0.0,0.08845865,0.0,0.0,0.082,0.0,0.012,0.6,0.6,-28.555878,2.3172174,0.7724058,0.120000005,0.0,0.17446841,0.0,0.0
hardzero_only__c0p58__z1p00__lam0p000__nu0p50__psi0p00,0.082,borrow,54,1075,0.0,2,-0.6,-0.6,-0.61200005,1.0180016,0.0,0.095939726,0.0,0.0,0.082,0.0,0.012,0.6,0.6,-27.344103,2.239648,0.74654937,0.136,0.0,0.12520559,0.0,0.0
hardzero_only__c0p58__z1p00__lam0p000__nu0p50__psi0p00,0.082,borrow,54,1076,0.0,2,-0.6,-0.6,-0.61200005,1.0283349,0.0,0.09368393,0.0,0.0,0.082,0.0,0.012,0.6,0.6,-27.43524,2.2623818,0.75412726,0.136,0.0,0.14777376,0.0,0.0
hardzero_only__c0p58__z1p00__lam0p000__nu0p50__psi0p00,0.082,borrow,54,1077,0.0,2,-0.6,-0.6,-0.61200005,1.0020354,0.0,0.09953243,0.0,0.0,0.082,0.0,0.012,0.6,0.6,-27.992062,2.204522,0.73484063,0.17600001,0.0,0.15577653,0.0,0.0
hardzero_only__c0p58__z1p00__lam0p000__nu0p50__psi0p00,0.082,borrow,54,1078,0.0,2,-0.6,-0.6,-0.61200005,1.0746247,0.0,0.08421226,0.0,0.0,0.082,0.0,0.012,0.6,0.6,-28.30888,2.3642216,0.7880739,0.128,0.0,0.15262039,0.0,0.0
hardzero_only__c0p58__z1p00__lam0p000__nu0p50__psi0p00,0.082,borrow,54,1079,0.0,2,-0.6,-0.6,-0.61200005,1.018689,0.0,0.095787965,0.0,0.0,0.082,0.0,0.012,0.6,0.6,-27.250614,2.2411606,0.74705356,0.14,0.0,0.124946855,0.0,0.0
hardzero_only__c0p58__z1p00__lam0p000__nu0p50__psi0p00,0.082,borrow,54,1080,0.0,2,-0.6,-0.6,-0.61200005,1.0328069,0.0,0.09272421,0.0,0.0,0.082,0.0,0.012,0.6,0.6,-28.247557,2.2722206,0.7574069,0.192,0.0,0.19026043,0.0,0.0
hardzero_only__c0p58__z1p00__lam0p000__nu0p50__psi0p00,0.082,borrow,54,1081,0.0,2,-0.6,-0.6,-0.6032203,0.9703306,0.10707038,0.10707038,1.0,0.008779772,0.082,0.0,0.012,0.6,0.6,-26.507572,2.13477,0.71159,0.16800001,0.0,0.16542394,0.0,0.0
hardzero_only__c0p58__z1p00__lam0p000__nu0p50__psi0p00,0.082,borrow,54,1082,0.0,2,-0.6,-0.6,-0.61200005,1.0203131,0.0,0.09543043,0.0,0.0,0.082,0.0,0.012,0.6,0.6,-27.720707,2.2447338,0.74824464,0.128,0.0,0.14306241,0.0,0.0
hardzero_only__c0p58__z1p00__lam0p000__nu0p50__psi0p00,0.082,borrow,54,1083,0.0,2,-0.6,-0.6,-0.61200005,1.027832,0.0,0.09379245,0.0,0.0,0.082,0.0,0.012,0.6,0.6,-27.677038,2.2612755,0.75375855,0.16000001,0.0,0.15362322,0.0,0.0
hardzero_only__c0p58__z1p00__lam0p000__nu0p50__psi0p00,0.082,borrow,54,1084,0.0,2,-0.6,-0.6,-0.603285,0.97354525,0.10628078,0.10628078,1.0,0.008715024,0.082,0.0,0.012,0.6,0.6,-26.212059,2.1418424,0.7139475,0.24000001,0.0,0.14842781,0.0,0.0
hardzero_only__c0p58__z1p00__lam0p000__nu0p50__psi0p00,0.082,borrow,54,1085,0.0,2,-0.6,-0.6,-0.61200005,1.0538651,0.0,0.088335425,0.0,0.0,0.082,0.0,0.012,0.6,0.6,-27.489374,2.3185494,0.7728498,0.15200001,0.0,0.14370075,0.0,0.0
hardzero_only__c0p58__z1p00__lam0p000__nu0p50__psi0p00,0.082,borrow,54,1086,0.0,2,-0.6,-0.6,-0.60372466,0.9960249,0.100919485,0.100919485,1.0,0.008275398,0.082,0.0,0.012,0.6,0.6,-26.957855,2.1912985,0.73043287,0.2,0.0,0.15065575,0.0,0.0
hardzero_only__c0p58__z1p00__lam0p000__nu0p50__psi0p00,0.082,borrow,54,1087,0.0,2,-0.6,-0.6,-0.61200005,1.0707716,0.0,0.08496271,0.0,0.0,0.082,0.0,0.012,0.6,0.6,-27.856537,2.3557446,0.7852482,0.16800001,0.0,0.1635686,0.0,0.0
hardzero_only__c0p58__z1p00__lam0p000__nu0p50__psi0p00,0.082,borrow,54,1088,0.0,2,-0.6,-0.6,-0.61200005,1.0473531,0.0,0.08966995,0.0,0.0,0.082,0.0,0.012,0.6,0.6,-28.138748,2.3042228,0.7680743,0.2,0.0,0.14104709,0.0,0.0
hardzero_only__c0p58__z1p00__lam0p000__nu0p50__psi0p00,0.082,borrow,54,1089,0.0,2,-0.6,-0.6,-0.61200005,1.0374101,0.0,0.09174658,0.0,0.0,0.082,0.0,0.012,0.6,0.6,-28.664066,2.282348,0.76078266,0.14400001,0.0,0.14624634,0.0,0.0
hardzero_only__c0p58__z1p00__lam0p000__nu0p50__psi0p00,0.082,borrow,54,1090,0.0,2,-0.6,-0.6,-0.61200005,1.0131924,0.0,0.097008005,0.0,0.0,0.082,0.0,0.012,0.6,0.6,-26.634436,2.2290678,0.7430226,0.128,0.0,0.1705616,0.0,0.0
hardzero_only__c0p58__z1p00__lam0p000__nu0p50__psi0p00,0.082,borrow,54,1091,0.0,2,-0.6,-0.6,-0.61200005,1.0036815,0.0,0.09915589,0.0,0.0,0.082,0.0,0.012,0.6,0.6,-26.978577,2.2081435,0.73604786,0.120000005,0.0,0.15516049,0.0,0.0
hardzero_only__c0p58__z1p00__lam0p000__nu0p50__psi0p00,0.082,borrow,54,1092,0.0,2,-0.6,-0.6,-0.60379714,0.9998444,0.10003583,0.10003583,1.0,0.008202938,0.082,0.0,0.012,0.6,0.6,-26.428728,2.1997015,0.73323387,0.11,0.0,0.14593679,0.0,0.0
hardzero_only__c0p58__z1p00__lam0p000__nu0p50__psi0p00,0.082,borrow,54,1093,0.0,2,-0.6,-0.6,-0.6031188,0.9653385,0.10830825,0.10830825,1.0,0.0088812765,0.082,0.0,0.012,0.6,0.6,-26.772,2.1237872,0.7079291,0.192,0.0,0.15240675,0.0,0.0
hardzero_only__c0p58__z1p00__lam0p000__nu0p50__psi0p00,0.082,borrow,54,1094,0.0,2,-0.6,-0.6,-0.61200005,1.0308108,0.0,0.093151346,0.0,0.0,0.082,0.0,0.012,0.6,0.6,-27.77609,2.2678292,0.75594306,0.216,0.0,0.14924623,0.0,0.0
hardzero_only__c0p58__z1p00__lam0p000__nu0p50__psi0p00,0.082,borrow,54,1095,0.0,2,-0.6,-0.6,-0.61200005,1.0127877,0.0,0.097098455,0.0,0.0,0.082,0.0,0.012,0.6,0.6,-27.371313,2.2281773,0.7427258,0.16000001,0.0,0.16494368,0.0,0.0
hardzero_only__c0p58__z1p00__lam0p000__nu0p50__psi0p00,0.082,borrow,54,1096,0.0,2,-0.6,-0.6,-0.6031698,0.9678416,0.10768577,0.10768577,1.0,0.0088302335,0.082,0.0,0.012,0.6,0.6,-27.284157,2.1292942,0.7097647,0.208,0.0,0.15039597,0.0,0.0
hardzero_only__c0p58__z1p00__lam0p000__nu0p50__psi0p00,0.082,borrow,54,1097,0.0,2,-0.6,-0.6,-0.603777,0.9987818,0.10028089,0.10028089,1.0,0.0082230335,0.082,0.0,0.012,0.6,0.6,-25.727558,2.1973639,0.73245466,0.136,0.0,0.13802111,0.0,0.0
hardzero_only__c0p58__z1p00__lam0p000__nu0p50__psi0p00,0.082,borrow,54,1098,0.0,2,-0.6,-0.6,-0.61200005,1.0249586,0.0,0.09441508,0.0,0.0,0.082,0.0,0.012,0.6,0.6,-28.321781,2.2549539,0.7516513,0.15200001,0.0,0.1365657,0.0,0.0
hardzero_only__c0p58__z1p00__lam0p000__nu0p50__psi0p00,0.082,borrow,54,1099,0.0,2,-0.6,-0.6,-0.61200005,1.0636238,0.0,0.08637264,0.0,0.0,0.082,0.0,0.012,0.6,0.6,-28.054846,2.340019,0.78000635,0.16000001,0.0,0.1813882,0.0,0.0
hardzero_only__c0p58__z1p00__lam0p000__nu0p50__psi0p00,0.082,borrow,54,1100,0.0,2,-0.6,-0.6,-0.61200005,1.0154446,0.0,0.09650624,0.0,0.0,0.082,0.0,0.012,0.6,0.6,-27.68031,2.2340229,0.7446743,0.18400002,0.0,0.14487971,0.0,0.0
hardzero_only__c0p58__z1p00__lam0p000__nu0p50__psi0p00,0.082,borrow,54,1101,0.0,2,-0.6,-0.6,-0.61200005,1.0090376,0.0,0.097940505,0.0,0.0,0.082,0.0,0.012,0.6,0.6,-26.58436,2.219927,0.7399757,0.128,0.0,0.14634304,0.0,0.0
hardzero_only__c0p58__z1p00__lam0p000__nu0p50__psi0p00,0.082,borrow,54,1102,0.0,2,-0.6,-0.6,-0.6028509,0.9524335,0.1115749,0.1115749,1.0,0.009149143,0.082,0.0,0.012,0.6,0.6,-26.418032,2.0953956,0.6984652,0.256,0.0,0.11569521,0.0,0.0
hardzero_only__c0p58__z1p00__lam0p000__nu0p50__psi0p00,0.082,borrow,54,1103,0.0,2,-0.6,-0.6,-0.61200005,1.0917155,0.0,0.08096262,0.0,0.0,0.082,0.0,0.012,0.6,0.6,-29.128363,2.4018219,0.8006073,0.16800001,0.0,0.17813374,0.0,0.0
hardzero_only__c0p58__z1p00__lam0p000__nu0p50__psi0p00,0.082,borrow,54,1104,0.0,2,-0.6,-0.6,-0.61200005,1.0257245,0.0,0.09424871,0.0,0.0,0.082,0.0,0.012,0.6,0.6,-27.231714,2.256639,0.752213,0.096,0.0,0.12998962,0.0,0.0
hardzero_only__c0p58__z1p00__lam0p000__nu0p50__psi0p00,0.082,borrow,54,1105,0.0,2,-0.6,-0.6,-0.61200005,1.0547019,0.0,0.08816538,0.0,0.0,0.082,0.0,0.012,0.6,0.6,-27.955353,2.3203905,0.7734635,0.11,0.0,0.16248187,0.0,0.0
hardzero_only__c0p58__z1p00__lam0p000__nu0p50__psi0p00,0.082,borrow,54,1106,0.0,2,-0.6,-0.6,-0.61200005,1.0454819,0.0,0.09005711,0.0,0.0,0.082,0.0,0.012,0.6,0.6,-28.368372,2.300106,0.76670206,0.136,0.0,0.18303213,0.0,0.0
hardzero_only__c0p58__z1p00__lam0p000__nu0p50__psi0p00,0.082,borrow,54,1107,0.0,2,-0.6,-0.6,-0.6037953,0.9997486,0.1000579,0.1000579,1.0,0.008204748,0.082,0.0,0.012,0.6,0.6,-27.424763,2.1994908,0.7331636,0.15200001,0.0,0.14654842,0.0,0.0
hardzero_only__c0p58__z1p00__lam0p000__nu0p50__psi0p00,0.082,borrow,54,1108,0.0,2,-0.6,-0.6,-0.61200005,1.0580125,0.0,0.08749585,0.0,0.0,0.082,0.0,0.012,0.6,0.6,-27.177832,2.327674,0.7758913,0.128,0.0,0.13723364,0.0,0.0
hardzero_only__c0p58__z1p00__lam0p000__nu0p50__psi0p00,0.082,borrow,54,1109,0.0,2,-0.6,-0.6,-0.61200005,1.0559622,0.0,0.08790989,0.0,0.0,0.082,0.0,0.012,0.6,0.6,-27.76538,2.3231633,0.7743878,0.17600001,0.0,0.17761655,0.0,0.0
hardzero_only__c0p58__z1p00__lam0p000__nu0p50__psi0p00,0.082,borrow,54,1110,0.0,2,-0.6,-0.6,-0.61200005,1.0507435,0.0,0.08897266,0.0,0.0,0.082,0.0,0.012,0.6,0.6,-27.70445,2.3116817,0.7705606,0.17600001,0.0,0.16557114,0.0,0.0
hardzero_only__c0p58__z1p00__lam0p000__nu0p50__psi0p00,0.082,borrow,54,1111,0.0,2,-0.6,-0.6,-0.60366124,0.9927083,0.10169314,0.10169314,1.0,0.008338838,0.082,0.0,0.012,0.6,0.6,-26.568247,2.184002,0.72800064,0.136,0.0,0.15006983,0.0,0.0
hardzero_only__c0p58__z1p00__lam0p000__nu0p50__psi0p00,0.082,borrow,54,1112,0.0,2,-0.6,-0.6,-0.61200005,1.0727022,0.0,0.08458587,0.0,0.0,0.082,0.0,0.012,0.6,0.6,-27.972454,2.3599918,0.78666395,0.048,0.0,0.15203504,0.0,0.0
hardzero_only__c0p58__z1p00__lam0p000__nu0p50__psi0p00,0.082,borrow,54,1113,0.0,2,-0.6,-0.6,-0.61200005,1.0604783,0.0,0.087000474,0.0,0.0,0.082,0.0,0.012,0.6,0.6,-28.436846,2.333099,0.77769965,0.16800001,0.0,0.17465997,0.0,0.0
hardzero_only__c0p58__z1p00__lam0p000__nu0p50__psi0p00,0.082,borrow,54,1114,0.0,2,-0.6,-0.6,-0.61200005,1.0400583,0.0,0.091188855,0.0,0.0,0.082,0.0,0.012,0.6,0.6,-27.620224,2.288174,0.76272464,0.15200001,0.0,0.14867328,0.0,0.0
hardzero_only__c0p58__z1p00__lam0p000__nu0p50__psi0p00,0.082,borrow,54,1115,0.0,2,-0.6,-0.6,-0.61200005,1.1083589,0.0,0.0779186,0.0,0.0,0.082,0.0,0.012,0.6,0.6,-28.490732,2.4384382,0.81281275,0.072000004,0.0,0.1663574,0.0,0.0
hardzero_only__c0p58__z1p00__lam0p000__nu0p50__psi0p00,0.082,borrow,54,1116,0.0,2,-0.6,-0.6,-0.61200005,1.0523612,0.0,0.088641845,0.0,0.0,0.082,0.0,0.012,0.6,0.6,-27.464325,2.3152409,0.771747,0.120000005,0.0,0.16914184,0.0,0.0
hardzero_only__c0p58__z1p00__lam0p000__nu0p50__psi0p00,0.082,borrow,54,1117,0.0,2,-0.6,-0.6,-0.61200005,1.0099608,0.0,0.09773253,0.0,0.0,0.082,0.0,0.012,0.6,0.6,-27.125841,2.2219582,0.74065274,0.112,0.0,0.16834378,0.0,0.0
hardzero_only__c0p58__z1p00__lam0p000__nu0p50__psi0p00,0.082,borrow,54,1118,0.0,2,-0.6,-0.6,-0.61200005,1.0071574,0.0,0.09836543,0.0,0.0,0.082,0.0,0.012,0.6,0.6,-28.078835,2.2157907,0.7385969,0.14,0.0,0.1484941,0.0,0.0
hardzero_only__c0p58__z1p00__lam0p000__nu0p50__psi0p00,0.082,borrow,54,1119,0.0,2,-0.6,-0.6,-0.61200005,1.004601,0.0,0.09894618,0.0,0.0,0.082,0.0,0.012,0.6,0.6,-26.549372,2.2101665,0.7367222,0.16800001,0.0,0.11886582,0.0,0.0
hardzero_only__c0p58__z1p00__lam0p000__nu0p50__psi0p00,0.082,borrow,54,1120,0.0,2,-0.6,-0.6,-0.6031274,0.9657625,0.10820255,0.10820255,1.0,0.008872609,0.082,0.0,0.012,0.6,0.6,-26.25552,2.1247199,0.70824,0.136,0.0,0.13495956,0.0,0.0
hardzero_only__c0p58__z1p00__lam0p000__nu0p50__psi0p00,0.082,borrow,54,1121,0.0,2,-0.6,-0.6,-0.6037178,0.9956666,0.1010028,0.1010028,1.0,0.008282229,0.082,0.0,0.012,0.6,0.6,-26.550314,2.1905103,0.73017013,0.16800001,0.0,0.11988197,0.0,0.0
hardzero_only__c0p58__z1p00__lam0p000__nu0p50__psi0p00,0.082,borrow,54,1122,0.0,2,-0.6,-0.6,-0.61200005,1.0391343,0.0,0.091383055,0.0,0.0,0.082,0.0,0.012,0.6,0.6,-27.524548,2.2861412,0.76204705,0.15200001,0.0,0.14114586,0.0,0.0
hardzero_only__c0p58__z1p00__lam0p000__nu0p50__psi0p00,0.082,borrow,54,1123,0.0,2,-0.6,-0.6,-0.61200005,1.0349214,0.0,0.09227383,0.0,0.0,0.082,0.0,0.012,0.6,0.6,-27.379139,2.2768726,0.75895756,0.224,0.0,0.17434832,0.0,0.0
hardzero_only__c0p58__z1p00__lam0p000__nu0p50__psi0p00,0.082,borrow,54,1124,0.0,2,-0.6,-0.6,-0.61200005,1.0132715,0.0,0.096990354,0.0,0.0,0.082,0.0,0.012,0.6,0.6,-27.592403,2.2292416,0.74308056,0.208,0.0,0.13849162,0.0,0.0
hardzero_only__c0p58__z1p00__lam0p000__nu0p50__psi0p00,0.082,borrow,54,1125,0.0,2,-0.6,-0.6,-0.6037295,0.99627876,0.100860536,0.100860536,1.0,0.0082705645,0.082,0.0,0.012,0.6,0.6,-26.793905,2.191857,0.7306191,0.112,0.0,0.13495125,0.0,0.0
hardzero_only__c0p58__z1p00__lam0p000__nu0p50__psi0p00,0.082,borrow,54,1126,0.0,2,-0.6,-0.6,-0.61200005,1.0182186,0.0,0.095891766,0.0,0.0,0.082,0.0,0.012,0.6,0.6,-26.981794,2.2401257,0.7467086,0.16000001,0.0,0.14917101,0.0,0.0
hardzero_only__c0p58__z1p00__lam0p000__nu0p50__psi0p00,0.082,borrow,54,1127,0.0,2,-0.6,-0.6,-0.61200005,1.0454501,0.0,0.09006373,0.0,0.0,0.082,0.0,0.012,0.6,0.6,-27.12713,2.3000362,0.76667875,0.17600001,0.0,0.13041225,0.0,0.0
hardzero_only__c0p58__z1p00__lam0p000__nu0p50__psi0p00,0.082,borrow,54,1128,0.0,2,-0.6,-0.6,-0.61200005,1.018271,0.0,0.095880225,0.0,0.0,0.082,0.0,0.012,0.6,0.6,-27.364525,2.2402408,0.74674696,0.14400001,0.0,0.14737913,0.0,0.0
hardzero_only__c0p58__z1p00__lam0p000__nu0p50__psi0p00,0.082,borrow,54,1129,0.0,2,-0.6,-0.6,-0.61200005,1.0421839,0.0,0.09074362,0.0,0.0,0.082,0.0,0.012,0.6,0.6,-27.848759,2.2928503,0.7642834,0.14400001,0.0,0.1648451,0.0,0.0
hardzero_only__c0p58__z1p00__lam0p000__nu0p50__psi0p00,0.082,borrow,54,1130,0.0,2,-0.6,-0.6,-0.6027762,0.9489034,0.11248551,0.11248551,1.0,0.009223812,0.082,0.0,0.012,0.6,0.6,-25.285017,2.087629,0.69587636,0.2,0.0,0.1350752,0.0,0.0
hardzero_only__c0p58__z1p00__lam0p000__nu0p50__psi0p00,0.082,borrow,54,1131,0.0,2,-0.6,-0.6,-0.61200005,1.0011215,0.0,0.0997421,0.0,0.0,0.082,0.0,0.012,0.6,0.6,-26.81631,2.2025113,0.73417044,0.22999999,0.0,0.1410877,0.0,0.0
hardzero_only__c0p58__z1p00__lam0p000__nu0p50__psi0p00,0.082,borrow,54,1132,0.0,2,-0.6,-0.6,-0.61200005,1.000346,0.0,0.09992038,0.0,0.0,0.082,0.0,0.012,0.6,0.6,-27.094364,2.200805,0.7336017,0.16800001,0.0,0.14990234,0.0,0.0
hardzero_only__c0p58__z1p00__lam0p000__nu0p50__psi0p00,0.082,borrow,54,1133,0.0,2,-0.6,-0.6,-0.61200005,1.0284222,0.0,0.093665086,0.0,0.0,0.082,0.0,0.012,0.6,0.6,-28.25006,2.2625742,0.7541914,0.192,0.0,0.15275474,0.0,0.0
hardzero_only__c0p58__z1p00__lam0p000__nu0p50__psi0p00,0.082,borrow,54,1134,0.0,2,-0.6,-0.6,-0.61200005,1.0404358,0.0,0.09110962,0.0,0.0,0.082,0.0,0.012,0.6,0.6,-27.51027,2.2890043,0.76300144,0.096,0.0,0.12988749,0.0,0.0
hardzero_only__c0p58__z1p00__lam0p000__nu0p50__psi0p00,0.082,borrow,54,1135,0.0,2,-0.6,-0.6,-0.61200005,1.0447466,0.0,0.09020973,0.0,0.0,0.082,0.0,0.012,0.6,0.6,-28.69591,2.2984886,0.7661629,0.112,0.0,0.19244201,0.0,0.0
hardzero_only__c0p58__z1p00__lam0p000__nu0p50__psi0p00,0.082,borrow,54,1136,0.0,2,-0.6,-0.6,-0.61200005,1.0426147,0.0,0.09065364,0.0,0.0,0.082,0.0,0.012,0.6,0.6,-27.175957,2.2937982,0.76459944,0.15200001,0.0,0.1438061,0.0,0.0
hardzero_only__c0p58__z1p00__lam0p000__nu0p50__psi0p00,0.082,borrow,54,1137,0.0,2,-0.6,-0.6,-0.61200005,1.0355957,0.0,0.09213069,0.0,0.0,0.082,0.0,0.012,0.6,0.6,-27.40281,2.2783558,0.759452,0.16000001,0.0,0.14142555,0.0,0.0
hardzero_only__c0p58__z1p00__lam0p000__nu0p50__psi0p00,0.082,borrow,54,1138,0.0,2,-0.6,-0.6,-0.6037496,0.9973344,0.10061564,0.10061564,1.0,0.008250483,0.082,0.0,0.012,0.6,0.6,-26.65419,2.1941795,0.7313932,0.24800001,0.0,0.1431726,0.0,0.0
hardzero_only__c0p58__z1p00__lam0p000__nu0p50__psi0p00,0.082,borrow,54,1139,0.0,2,-0.6,-0.6,-0.61200005,1.0400718,0.0,0.09118599,0.0,0.0,0.082,0.0,0.012,0.6,0.6,-28.055674,2.2882037,0.7627346,0.18400002,0.0,0.15634069,0.0,0.0
hardzero_only__c0p58__z1p00__lam0p000__nu0p50__psi0p00,0.082,borrow,54,1140,0.0,2,-0.6,-0.6,-0.61200005,1.0373791,0.0,0.091753125,0.0,0.0,0.082,0.0,0.012,0.6,0.6,-28.072876,2.2822797,0.76075995,0.18400002,0.0,0.16066445,0.0,0.0
hardzero_only__c0p58__z1p00__lam0p000__nu0p50__psi0p00,0.082,borrow,54,1141,0.0,2,-0.6,-0.6,-0.61200005,1.0094756,0.0,0.097841784,0.0,0.0,0.082,0.0,0.012,0.6,0.6,-26.478453,2.2208908,0.74029696,0.096,0.0,0.1661593,0.0,0.0
hardzero_only__c0p58__z1p00__lam0p000__nu0p50__psi0p00,0.082,borrow,54,1142,0.0,2,-0.6,-0.6,-0.61200005,1.0739139,0.0,0.08435018,0.0,0.0,0.082,0.0,0.012,0.6,0.6,-28.691744,2.3626578,0.7875526,0.120000005,0.0,0.18419142,0.0,0.0
hardzero_only__c0p58__z1p00__lam0p000__nu0p50__psi0p00,0.082,borrow,54,1143,0.0,2,-0.6,-0.6,-0.61200005,1.0492884,0.0,0.08927124,0.0,0.0,0.082,0.0,0.012,0.6,0.6,-28.262297,2.3084805,0.7694935,0.18400002,0.0,0.15453388,0.0,0.0
hardzero_only__c0p58__z1p00__lam0p000__nu0p50__psi0p00,0.082,borrow,54,1144,0.0,2,-0.6,-0.6,-0.60377157,0.99849385,0.10034741,0.10034741,1.0,0.008228487,0.082,0.0,0.012,0.6,0.6,-26.591469,2.1967304,0.7322435,0.14999999,0.0,0.12513503,0.0,0.0
hardzero_only__c0p58__z1p00__lam0p000__nu0p50__psi0p00,0.082,borrow,54,1145,0.0,2,-0.6,-0.6,-0.61200005,1.0347059,0.0,0.09231965,0.0,0.0,0.082,0.0,0.012,0.6,0.6,-27.377237,2.2763984,0.7587995,0.136,0.0,0.1630218,0.0,0.0
hardzero_only__c0p58__z1p00__lam0p000__nu0p50__psi0p00,0.082,borrow,54,1146,0.0,2,-0.6,-0.6,-0.60373783,0.9967164,0.10075893,0.10075893,1.0,0.008262233,0.082,0.0,0.012,0.6,0.6,-27.601013,2.1928198,0.73094,0.136,0.0,0.15053388,0.0,0.0
hardzero_only__c0p58__z1p00__lam0p000__nu0p50__psi0p00,0.082,borrow,54,1147,0.0,2,-0.6,-0.6,-0.61200005,1.0192959,0.0,0.095654204,0.0,0.0,0.082,0.0,0.012,0.6,0.6,-27.11622,2.2424958,0.74749863,0.224,0.0,0.16004382,0.0,0.0
hardzero_only__c0p58__z1p00__lam0p000__nu0p50__psi0p00,0.082,borrow,54,1148,0.0,2,-0.6,-0.6,-0.61200005,1.0132263,0.0,0.097000435,0.0,0.0,0.082,0.0,0.012,0.6,0.6,-27.000525,2.2291422,0.7430474,0.120000005,0.0,0.14484775,0.0,0.0
hardzero_only__c0p58__z1p00__lam0p000__nu0p50__psi0p00,0.082,borrow,54,1149,0.0,2,-0.6,-0.6,-0.6031655,0.9676312,0.10773796,0.10773796,1.0,0.008834513,0.082,0.0,0.012,0.6,0.6,-25.798021,2.1288311,0.7096104,0.2,0.008,0.12743457,0.0,0.0
hardzero_only__c0p58__z1p00__lam0p000__nu0p50__psi0p00,0.082,borrow,54,1150,0.0,2,-0.6,-0.6,-0.61200005,1.0205626,0.0,0.095375605,0.0,0.0,0.082,0.0,0.012,0.6,0.6,-27.040907,2.2452826,0.74842757,0.16000001,0.0,0.18908562,0.0,0.0
hardzero_only__c0p58__z1p00__lam0p000__nu0p50__psi0p00,0.082,borrow,54,1151,0.0,2,-0.6,-0.6,-0.61200005,1.035349,0.0,0.09218302,0.0,0.0,0.082,0.0,0.012,0.6,0.6,-27.215298,2.2778132,0.7592711,0.16800001,0.0,0.1441222,0.0,0.0
hardzero_only__c0p58__z1p00__lam0p000__nu0p50__psi0p00,0.082,borrow,54,1152,0.0,2,-0.6,-0.6,-0.60376996,0.9984102,0.10036674,0.10036674,1.0,0.008230073,0.082,0.0,0.012,0.6,0.6,-27.092098,2.1965463,0.73218215,0.112,0.0,0.13525078,0.0,0.0
hardzero_only__c0p58__z1p00__lam0p000__nu0p50__psi0p00,0.082,borrow,54,1153,0.0,2,-0.6,-0.6,-0.61200005,1.0542946,0.0,0.08824811,0.0,0.0,0.082,0.0,0.012,0.6,0.6,-27.786581,2.3194945,0.77316487,0.16800001,0.0,0.13440341,0.0,0.0
hardzero_only__c0p58__z1p00__lam0p000__nu0p50__psi0p00,0.082,borrow,54,1154,0.0,2,-0.6,-0.6,-0.60373473,0.9965557,0.10079622,0.10079622,1.0,0.00826529,0.082,0.0,0.012,0.6,0.6,-27.08732,2.1924663,0.7308221,0.17600001,0.0,0.1369249,0.0,0.0
hardzero_only__c0p58__z1p00__lam0p000__nu0p50__psi0p00,0.082,borrow,54,1155,0.0,2,-0.6,-0.6,-0.61200005,1.0339341,0.0,0.09248384,0.0,0.0,0.082,0.0,0.012,0.6,0.6,-27.843748,2.2747004,0.7582335,0.128,0.0,0.1325753,0.0,0.0
hardzero_only__c0p58__z1p00__lam0p000__nu0p50__psi0p00,0.082,borrow,54,1156,0.0,2,-0.6,-0.6,-0.6036922,0.9943247,0.10131537,0.10131537,1.0,0.008307861,0.082,0.0,0.012,0.6,0.6,-26.01629,2.187558,0.729186,0.192,0.0,0.14274353,0.0,0.0
hardzero_only__c0p58__z1p00__lam0p000__nu0p50__psi0p00,0.082,borrow,54,1157,0.0,2,-0.6,-0.6,-0.61200005,1.1151862,0.0,0.07670324,0.0,0.0,0.082,0.0,0.012,0.6,0.6,-28.459414,2.4534585,0.81781954,0.17,0.0,0.16279037,0.0,0.0
hardzero_only__c0p58__z1p00__lam0p000__nu0p50__psi0p00,0.082,borrow,54,1158,0.0,2,-0.6,-0.6,-0.61200005,1.0005934,0.0,0.09986345,0.0,0.0,0.082,0.0,0.012,0.6,0.6,-26.524805,2.2013495,0.7337832,0.104,0.0,0.13151607,0.0,0.0
hardzero_only__c0p58__z1p00__lam0p000__nu0p50__psi0p00,0.082,borrow,54,1159,0.0,2,-0.6,-0.6,-0.61200005,1.0095335,0.0,0.097828746,0.0,0.0,0.082,0.0,0.012,0.6,0.6,-27.178593,2.221018,0.7403394,0.192,0.008,0.17197335,0.0,0.0
hardzero_only__c0p58__z1p00__lam0p000__nu0p50__psi0p00,0.082,borrow,54,1160,0.0,2,-0.6,-0.6,-0.61200005,1.0384562,0.0,0.09152585,0.0,0.0,0.082,0.0,0.012,0.6,0.6,-27.920694,2.2846491,0.7615497,0.136,0.0,0.14393143,0.0,0.0
hardzero_only__c0p58__z1p00__lam0p000__nu0p50__psi0p00,0.082,borrow,54,1161,0.0,2,-0.6,-0.6,-0.61200005,1.026308,0.0,0.0941222,0.0,0.0,0.082,0.0,0.012,0.6,0.6,-27.524458,2.2579226,0.7526409,0.17600001,0.0,0.15661377,0.0,0.0
hardzero_only__c0p58__z1p00__lam0p000__nu0p50__psi0p00,0.082,borrow,54,1162,0.0,2,-0.6,-0.6,-0.61200005,1.0185311,0.0,0.09582282,0.0,0.0,0.082,0.0,0.012,0.6,0.6,-27.098953,2.240813,0.7469377,0.136,0.0,0.16723233,0.0,0.0
hardzero_only__c0p58__z1p00__lam0p000__nu0p50__psi0p00,0.082,borrow,54,1163,0.0,2,-0.6,-0.6,-0.61200005,1.0212226,0.0,0.095230795,0.0,0.0,0.082,0.0,0.012,0.6,0.6,-27.197763,2.2467346,0.74891156,0.128,0.0,0.14320679,0.0,0.0
hardzero_only__c0p58__z1p00__lam0p000__nu0p50__psi0p00,0.082,borrow,54,1164,0.0,2,-0.6,-0.6,-0.61200005,1.0163791,0.0,0.09629881,0.0,0.0,0.082,0.0,0.012,0.6,0.6,-27.18867,2.2360787,0.7453596,0.18400002,0.0,0.1533702,0.0,0.0
hardzero_only__c0p58__z1p00__lam0p000__nu0p50__psi0p00,0.082,borrow,54,1165,0.0,2,-0.6,-0.6,-0.61200005,1.0180976,0.0,0.0959185,0.0,0.0,0.082,0.0,0.012,0.6,0.6,-26.7945,2.2398596,0.7466199,0.16800001,0.0,0.13815609,0.0,0.0
hardzero_only__c0p58__z1p00__lam0p000__nu0p50__psi0p00,0.082,borrow,54,1166,0.0,2,-0.6,-0.6,-0.60370135,0.9948034,0.10120374,0.10120374,1.0,0.008298707,0.082,0.0,0.012,0.6,0.6,-26.437002,2.1886113,0.7295371,0.14400001,0.0,0.13935255,0.0,0.0
hardzero_only__c0p58__z1p00__lam0p000__nu0p50__psi0p00,0.082,borrow,54,1167,0.0,2,-0.6,-0.6,-0.61200005,1.0698087,0.0,0.085151285,0.0,0.0,0.082,0.0,0.012,0.6,0.6,-28.230885,2.3536263,0.7845421,0.16800001,0.008,0.1736736,0.0,0.0
hardzero_only__c0p58__z1p00__lam0p000__nu0p50__psi0p00,0.082,borrow,54,1168,0.0,2,-0.6,-0.6,-0.6037391,0.99678195,0.10074373,0.10074373,1.0,0.008260987,0.082,0.0,0.012,0.6,0.6,-26.48805,2.192964,0.730988,0.2,0.0,0.15324646,0.0,0.0
hardzero_only__c0p58__z1p00__lam0p000__nu0p50__psi0p00,0.082,borrow,54,1169,0.0,2,-0.6,-0.6,-0.61200005,1.0382953,0.0,0.091559775,0.0,0.0,0.082,0.0,0.012,0.6,0.6,-28.273764,2.2842953,0.7614318,0.224,0.0,0.17544572,0.0,0.0
hardzero_only__c0p58__z1p00__lam0p000__nu0p50__psi0p00,0.082,borrow,54,1170,0.0,2,-0.6,-0.6,-0.60354716,0.9868089,0.10308395,0.10308395,1.0,0.008452885,0.082,0.0,0.012,0.6,0.6,-26.487804,2.171023,0.7236743,0.19999999,0.0,0.1532711,0.0,0.0
hardzero_only__c0p58__z1p00__lam0p000__nu0p50__psi0p00,0.082,borrow,54,1171,0.0,2,-0.6,-0.6,-0.61200005,1.0399499,0.0,0.091211595,0.0,0.0,0.082,0.0,0.012,0.6,0.6,-27.60198,2.2879355,0.7626452,0.080000006,0.0,0.15410905,0.0,0.0
hardzero_only__c0p58__z1p00__lam0p000__nu0p50__psi0p00,0.082,borrow,54,1172,0.0,2,-0.6,-0.6,-0.6036248,0.9908176,0.10213683,0.10213683,1.0,0.00837522,0.082,0.0,0.012,0.6,0.6,-27.01451,2.1798422,0.7266141,0.192,0.0,0.14365757,0.0,0.0
hardzero_only__c0p58__z1p00__lam0p000__nu0p50__psi0p00,0.082,borrow,54,1173,0.0,2,-0.6,-0.6,-0.61200005,1.0468051,0.0,0.089783154,0.0,0.0,0.082,0.0,0.012,0.6,0.6,-27.882156,2.3030174,0.7676725,0.120000005,0.0,0.13285539,0.0,0.0
hardzero_only__c0p58__z1p00__lam0p000__nu0p50__psi0p00,0.082,borrow,54,1174,0.0,2,-0.6,-0.6,-0.61200005,1.0612786,0.0,0.08684031,0.0,0.0,0.082,0.0,0.012,0.6,0.6,-27.85463,2.3348594,0.77828646,0.14400001,0.0,0.1627691,0.0,0.0
hardzero_only__c0p58__z1p00__lam0p000__nu0p50__psi0p00,0.082,borrow,54,1175,0.0,2,-0.6,-0.6,-0.61200005,1.0354007,0.0,0.09217206,0.0,0.0,0.082,0.0,0.012,0.6,0.6,-27.058153,2.2779272,0.75930905,0.120000005,0.0,0.1344518,0.0,0.0
hardzero_only__c0p58__z1p00__lam0p000__nu0p50__psi0p00,0.082,borrow,54,1176,0.0,2,-0.6,-0.6,-0.61200005,1.0004371,0.0,0.09989939,0.0,0.0,0.082,0.0,0.012,0.6,0.6,-26.660875,2.2010057,0.73366857,0.18400002,0.0,0.18675408,0.0,0.0
hardzero_only__c0p58__z1p00__lam0p000__nu0p50__psi0p00,0.082,borrow,54,1177,0.0,2,-0.6,-0.6,-0.61200005,1.0414838,0.0,0.090890035,0.0,0.0,0.082,0.0,0.012,0.6,0.6,-27.27764,2.29131,0.76377004,0.128,0.0,0.14028382,0.0,0.0
hardzero_only__c0p58__z1p00__lam0p000__nu0p50__psi0p00,0.082,borrow,54,1178,0.0,2,-0.6,-0.6,-0.61200005,1.0084282,0.0,0.09807803,0.0,0.0,0.082,0.0,0.012,0.6,0.6,-26.904034,2.2185864,0.73952883,0.112,0.0,0.15033445,0.0,0.0
hardzero_only__c0p58__z1p00__lam0p000__nu0p50__psi0p00,0.082,borrow,54,1179,0.0,2,-0.6,-0.6,-0.61200005,1.0053952,0.0,0.098765396,0.0,0.0,0.082,0.0,0.012,0.6,0.6,-27.412697,2.2119136,0.73730457,0.2,0.0,0.13138656,0.0,0.0
hardzero_only__c0p58__z1p00__lam0p000__nu0p50__psi0p00,0.082,borrow,54,1180,0.0,2,-0.6,-0.6,-0.61200005,1.0188869,0.0,0.095744334,0.0,0.0,0.082,0.0,0.012,0.6,0.6,-27.383759,2.241596,0.7471987,0.16800001,0.0,0.15725443,0.0,0.0
hardzero_only__c0p58__z1p00__lam0p000__nu0p50__psi0p00,0.082,borrow,54,1181,0.0,2,-0.6,-0.6,-0.60334367,0.9764771,0.10556571,0.10556571,1.0,0.008656388,0.082,0.0,0.012,0.6,0.6,-26.3304,2.1482925,0.71609753,0.28,0.0,0.14660974,0.0,0.0
hardzero_only__c0p58__z1p00__lam0p000__nu0p50__psi0p00,0.082,borrow,54,1182,0.0,2,-0.6,-0.6,-0.61200005,1.0242321,0.0,0.09457315,0.0,0.0,0.082,0.0,0.012,0.6,0.6,-27.465664,2.2533557,0.7511186,0.2,0.0,0.1254579,0.0,0.0
hardzero_only__c0p58__z1p00__lam0p000__nu0p50__psi0p00,0.082,borrow,54,1183,0.0,2,-0.6,-0.6,-0.6031928,0.9689726,0.10740569,0.10740569,1.0,0.008807267,0.082,0.0,0.012,0.6,0.6,-26.462944,2.1317823,0.7105941,0.22999999,0.0,0.16675816,0.0,0.0
hardzero_only__c0p58__z1p00__lam0p000__nu0p50__psi0p00,0.082,borrow,54,1184,0.0,2,-0.6,-0.6,-0.61200005,1.0313898,0.0,0.09302724,0.0,0.0,0.082,0.0,0.012,0.6,0.6,-27.417864,2.2691028,0.7563676,0.128,0.0,0.16010015,0.0,0.0
hardzero_only__c0p58__z1p00__lam0p000__nu0p50__psi0p00,0.082,borrow,54,1185,0.0,2,-0.6,-0.6,-0.60351545,0.98518324,0.103470534,0.103470534,1.0,0.008484584,0.082,0.0,0.012,0.6,0.6,-27.080193,2.1674464,0.72248214,0.17600001,0.0,0.15481117,0.0,0.0
hardzero_only__c0p58__z1p00__lam0p000__nu0p50__psi0p00,0.082,borrow,54,1186,0.0,2,-0.6,-0.6,-0.61200005,1.0852525,0.0,0.08217646,0.0,0.0,0.082,0.0,0.012,0.6,0.6,-28.269852,2.3876033,0.7958678,0.16800001,0.0,0.19710088,0.0,0.0
hardzero_only__c0p58__z1p00__lam0p000__nu0p50__psi0p00,0.082,borrow,54,1187,0.0,2,-0.6,-0.6,-0.602992,0.95918214,0.10985448,0.10985448,1.0,0.009008068,0.082,0.0,0.012,0.6,0.6,-26.104809,2.1102428,0.7034143,0.23200001,0.0,0.10624052,0.0,0.0
hardzero_only__c0p58__z1p00__lam0p000__nu0p50__psi0p00,0.082,borrow,54,1188,0.0,2,-0.6,-0.6,-0.61200005,1.0442569,0.0,0.0903115,0.0,0.0,0.082,0.0,0.012,0.6,0.6,-28.148169,2.2974112,0.76580375,0.128,0.0,0.15964583,0.0,0.0
hardzero_only__c0p58__z1p00__lam0p000__nu0p50__psi0p00,0.082,borrow,54,1189,0.0,2,-0.6,-0.6,-0.61200005,1.0396987,0.0,0.09126437,0.0,0.0,0.082,0.0,0.012,0.6,0.6,-27.748459,2.2873828,0.76246095,0.136,0.0,0.12645178,0.0,0.0
hardzero_only__c0p58__z1p00__lam0p000__nu0p50__psi0p00,0.082,borrow,54,1190,0.0,2,-0.6,-0.6,-0.61200005,1.0685654,0.0,0.085395426,0.0,0.0,0.082,0.0,0.012,0.6,0.6,-28.074877,2.3508909,0.7836303,0.136,0.0,0.16368176,0.0,0.0
hardzero_only__c0p58__z1p00__lam0p000__nu0p50__psi0p00,0.082,borrow,54,1191,0.0,2,-0.6,-0.6,-0.61200005,1.0337164,0.0,0.092530206,0.0,0.0,0.082,0.0,0.012,0.6,0.6,-27.480183,2.2742217,0.7580739,0.112,0.0,0.16245237,0.0,0.0
hardzero_only__c0p58__z1p00__lam0p000__nu0p50__psi0p00,0.082,borrow,54,1192,0.0,2,-0.6,-0.6,-0.6035248,0.985663,0.1033563,0.1033563,1.0,0.008475217,0.082,0.0,0.012,0.6,0.6,-27.153355,2.1685019,0.722834,0.17600001,0.0,0.13365822,0.0,0.0
hardzero_only__c0p58__z1p00__lam0p000__nu0p50__psi0p00,0.082,borrow,54,1193,0.0,2,-0.6,-0.6,-0.61200005,1.0890231,0.0,0.08146609,0.0,0.0,0.082,0.0,0.012,0.6,0.6,-28.514029,2.3958986,0.79863286,0.17600001,0.0,0.16468829,0.0,0.0
hardzero_only__c0p58__z1p00__lam0p000__nu0p50__psi0p00,0.082,borrow,54,1194,0.0,2,-0.6,-0.6,-0.60357064,0.9880164,0.10279773,0.10279773,1.0,0.008429415,0.082,0.0,0.012,0.6,0.6,-26.631582,2.1736796,0.7245599,0.17600001,0.0,0.14179844,0.0,0.0
hardzero_only__c0p58__z1p00__lam0p000__nu0p50__psi0p00,0.082,borrow,54,1195,0.0,2,-0.6,-0.6,-0.60332954,0.9757699,0.10573775,0.10573775,1.0,0.008670496,0.082,0.0,0.012,0.6,0.6,-25.36265,2.1467366,0.7155789,0.18400002,0.0,0.11483465,0.0,0.0
hardzero_only__c0p58__z1p00__lam0p000__nu0p50__psi0p00,0.082,borrow,54,1196,0.0,2,-0.6,-0.6,-0.61200005,1.0027477,0.0,0.099369325,0.0,0.0,0.082,0.0,0.012,0.6,0.6,-25.41641,2.206089,0.735363,0.19999999,0.0,0.10945964,0.0,0.0
hardzero_only__c0p58__z1p00__lam0p000__nu0p50__psi0p00,0.082,borrow,54,1197,0.0,2,-0.6,-0.6,-0.61200005,1.0585254,0.0,0.08739257,0.0,0.0,0.082,0.0,0.012,0.6,0.6,-27.423203,2.3288026,0.7762675,0.096,0.0,0.15718615,0.0,0.0
hardzero_only__c0p58__z1p00__lam0p000__nu0p50__psi0p00,0.082,borrow,54,1198,0.0,2,-0.6,-0.6,-0.61200005,1.0027167,0.0,0.09937641,0.0,0.0,0.082,0.0,0.012,0.6,0.6,-27.250896,2.2060206,0.73534024,0.16000001,0.0,0.14758995,0.0,0.0
hardzero_only__c0p58__z1p00__lam0p000__nu0p50__psi0p00,0.082,borrow,54,1199,0.0,2,-0.6,-0.6,-0.61200005,1.007726,0.0,0.09823676,0.0,0.0,0.082,0.0,0.012,0.6,0.6,-26.824478,2.2170413,0.7390138,0.128,0.0,0.14475688,0.0,0.0
hardzero_only__c0p58__z1p00__lam0p000__nu0p50__psi0p00,0.082,borrow,54,1200,0.0,2,-0.6,-0.6,-0.60371715,0.9956302,0.101011254,0.101011254,1.0,0.008282923,0.082,0.0,0.012,0.6,0.6,-27.249004,2.1904302,0.7301434,0.16000001,0.0,0.1540622,0.0,0.0
hardzero_only__c0p58__z1p00__lam0p000__nu0p50__psi0p00,0.082,borrow,54,1201,0.0,2,-0.6,-0.6,-0.6035467,0.98678285,0.103090145,0.103090145,1.0,0.008453392,0.082,0.0,0.012,0.6,0.6,-26.856667,2.1709657,0.7236552,0.17600001,0.0,0.15098913,0.0,0.0
hardzero_only__c0p58__z1p00__lam0p000__nu0p50__psi0p00,0.082,borrow,54,1202,0.0,2,-0.6,-0.6,-0.60360825,0.9899582,0.10233914,0.10233914,1.0,0.00839181,0.082,0.0,0.012,0.6,0.6,-27.006407,2.1779516,0.72598386,0.208,0.0,0.1354459,0.0,0.0
hardzero_only__c0p58__z1p00__lam0p000__nu0p50__psi0p00,0.082,borrow,54,1203,0.0,2,-0.6,-0.6,-0.61200005,1.0534732,0.0,0.08841515,0.0,0.0,0.082,0.0,0.012,0.6,0.6,-27.60732,2.3176875,0.7725625,0.16800001,0.0,0.13711824,0.0,0.0
hardzero_only__c0p58__z1p00__lam0p000__nu0p50__psi0p00,0.082,borrow,54,1204,0.0,2,-0.6,-0.6,-0.61200005,1.045692,0.0,0.090013586,0.0,0.0,0.082,0.0,0.012,0.6,0.6,-26.97642,2.3005683,0.76685613,0.14400001,0.0,0.17795023,0.0,0.0
hardzero_only__c0p58__z1p00__lam0p000__nu0p50__psi0p00,0.082,borrow,54,1205,0.0,2,-0.6,-0.6,-0.61200005,1.0161042,0.0,0.09635978,0.0,0.0,0.082,0.0,0.012,0.6,0.6,-27.294434,2.2354739,0.74515796,0.16800001,0.0,0.14023669,0.0,0.0
hardzero_only__c0p58__z1p00__lam0p000__nu0p50__psi0p00,0.082,borrow,54,1206,0.0,2,-0.6,-0.6,-0.61200005,1.0579026,0.0,0.08751801,0.0,0.0,0.082,0.0,0.012,0.6,0.6,-27.713139,2.3274322,0.7758107,0.15200001,0.0,0.16939752,0.0,0.0
hardzero_only__c0p58__z1p00__lam0p000__nu0p50__psi0p00,0.082,borrow,54,1207,0.0,2,-0.6,-0.6,-0.61200005,1.0218608,0.0,0.09509095,0.0,0.0,0.082,0.0,0.012,0.6,0.6,-27.581102,2.2481387,0.7493796,0.136,0.0,0.12786786,0.0,0.0
hardzero_only__c0p58__z1p00__lam0p000__nu0p50__psi0p00,0.082,borrow,54,1208,0.0,2,-0.6,-0.6,-0.61200005,1.0296978,0.0,0.093390405,0.0,0.0,0.082,0.0,0.012,0.6,0.6,-27.099459,2.2653804,0.75512683,0.120000005,0.0,0.16233227,0.0,0.0
hardzero_only__c0p58__z1p00__lam0p000__nu0p50__psi0p00,0.082,borrow,54,1209,0.0,2,-0.6,-0.6,-0.6035218,0.9855082,0.10339315,0.10339315,1.0,0.008478239,0.082,0.0,0.012,0.6,0.6,-25.59402,2.1681614,0.7227205,0.13,0.0,0.13996173,0.0,0.0
hardzero_only__c0p58__z1p00__lam0p000__nu0p50__psi0p00,0.082,borrow,54,1210,0.0,2,-0.6,-0.6,-0.61200005,1.0679334,0.0,0.08551977,0.0,0.0,0.082,0.0,0.012,0.6,0.6,-28.238382,2.3495004,0.7831668,0.15200001,0.008,0.16849801,0.0,0.0
hardzero_only__c0p58__z1p00__lam0p000__nu0p50__psi0p00,0.082,borrow,54,1211,0.0,2,-0.6,-0.6,-0.6036754,0.99344903,0.10151987,0.10151987,1.0,0.00832463,0.082,0.0,0.012,0.6,0.6,-27.394846,2.1856315,0.7285439,0.15200001,0.0,0.15590563,0.0,0.0
hardzero_only__c0p58__z1p00__lam0p000__nu0p50__psi0p00,0.082,borrow,54,1212,0.0,2,-0.6,-0.6,-0.6033396,0.9762756,0.1056147,0.1056147,1.0,0.008660406,0.082,0.0,0.012,0.6,0.6,-25.262964,2.1478493,0.7159498,0.224,0.0,0.14413129,0.0,0.0
hardzero_only__c0p58__z1p00__lam0p000__nu0p50__psi0p00,0.082,borrow,54,1213,0.0,2,-0.6,-0.6,-0.61200005,1.0194103,0.0,0.09562903,0.0,0.0,0.082,0.0,0.012,0.6,0.6,-27.66185,2.2427473,0.74758244,0.16000001,0.0,0.16649693,0.0,0.0
hardzero_only__c0p58__z1p00__lam0p000__nu0p50__psi0p00,0.082,borrow,54,1214,0.0,2,-0.6,-0.6,-0.61200005,1.0611475,0.0,0.08686654,0.0,0.0,0.082,0.0,0.012,0.6,0.6,-27.572365,2.334571,0.7781903,0.208,0.0,0.15433963,0.0,0.0
hardzero_only__c0p58__z1p00__lam0p000__nu0p50__psi0p00,0.082,borrow,54,1215,0.0,2,-0.6,-0.6,-0.61200005,1.0509439,0.0,0.0889316,0.0,0.0,0.082,0.0,0.012,0.6,0.6,-28.046394,2.3121226,0.77070755,0.2,0.0,0.14390443,0.0,0.0
hardzero_only__c0p58__z1p00__lam0p000__nu0p50__psi0p00,0.082,borrow,54,1216,0.0,2,-0.6,-0.6,-0.61200005,1.0067611,0.0,0.09845525,0.0,0.0,0.082,0.0,0.012,0.6,0.6,-26.773838,2.2149186,0.7383062,0.17600001,0.0,0.14691612,0.0,0.0
hardzero_only__c0p58__z1p00__lam0p000__nu0p50__psi0p00,0.082,borrow,54,1217,0.0,2,-0.6,-0.6,-0.61200005,1.0181663,0.0,0.09590334,0.0,0.0,0.082,0.0,0.012,0.6,0.6,-26.477192,2.2400105,0.7466702,0.128,0.0,0.16299856,0.0,0.0
hardzero_only__c0p58__z1p00__lam0p000__nu0p50__psi0p00,0.082,borrow,54,1218,0.0,2,-0.6,-0.6,-0.61200005,1.0319768,0.0,0.092901595,0.0,0.0,0.082,0.0,0.012,0.6,0.6,-28.385887,2.2703943,0.75679815,0.14400001,0.0,0.17299227,0.0,0.0
hardzero_only__c0p58__z1p00__lam0p000__nu0p50__psi0p00,0.082,borrow,54,1219,0.0,2,-0.6,-0.6,-0.6037779,0.9988271,0.10027044,0.10027044,1.0,0.008222177,0.082,0.0,0.012,0.6,0.6,-26.473217,2.1974635,0.73248786,0.2,0.0,0.15263219,0.0,0.0
hardzero_only__c0p58__z1p00__lam0p000__nu0p50__psi0p00,0.082,borrow,54,1220,0.0,2,-0.6,-0.6,-0.61200005,1.0514349,0.0,0.08883111,0.0,0.0,0.082,0.0,0.012,0.6,0.6,-27.380808,2.3132029,0.7710676,0.18400002,0.0,0.16649315,0.0,0.0
hardzero_only__c0p58__z1p00__lam0p000__nu0p50__psi0p00,0.082,borrow,54,1221,0.0,2,-0.6,-0.6,-0.6033688,0.9777411,0.1052589,0.1052589,1.0,0.008631229,0.082,0.0,0.012,0.6,0.6,-27.110752,2.1510735,0.7170245,0.216,0.0,0.17192137,0.0,0.0
hardzero_only__c0p58__z1p00__lam0p000__nu0p50__psi0p00,0.082,borrow,54,1222,0.0,2,-0.6,-0.6,-0.60364944,0.9920954,0.10183674,0.10183674,1.0,0.008350613,0.082,0.0,0.012,0.6,0.6,-26.971104,2.1826534,0.72755116,0.22,0.0,0.1419097,0.0,0.0
hardzero_only__c0p58__z1p00__lam0p000__nu0p50__psi0p00,0.082,borrow,54,1223,0.0,2,-0.6,-0.6,-0.61200005,1.024622,0.0,0.094488285,0.0,0.0,0.082,0.0,0.012,0.6,0.6,-27.004274,2.2542133,0.75140446,0.16800001,0.0,0.14885826,0.0,0.0
hardzero_only__c0p58__z1p00__lam0p000__nu0p50__psi0p00,0.082,borrow,54,1224,0.0,2,-0.6,-0.6,-0.61200005,1.0713674,0.0,0.084846236,0.0,0.0,0.082,0.0,0.012,0.6,0.6,-28.667015,2.3570552,0.78568506,0.128,0.008,0.16641758,0.0,0.0
hardzero_only__c0p58__z1p00__lam0p000__nu0p50__psi0p00,0.082,borrow,54,1225,0.0,2,-0.6,-0.6,-0.60342926,0.9807932,0.104521796,0.104521796,1.0,0.0085707875,0.082,0.0,0.012,0.6,0.6,-26.630438,2.157788,0.7192627,0.2,0.0,0.15206102,0.0,0.0
hardzero_only__c0p58__z1p00__lam0p000__nu0p50__psi0p00,0.082,borrow,54,1226,0.0,2,-0.6,-0.6,-0.6037,0.994732,0.10122039,0.10122039,1.0,0.0083000725,0.082,0.0,0.012,0.6,0.6,-27.24635,2.1884542,0.72948474,0.16800001,0.0,0.17660664,0.0,0.0
hardzero_only__c0p58__z1p00__lam0p000__nu0p50__psi0p00,0.082,borrow,54,1227,0.0,2,-0.6,-0.6,-0.61200005,1.0341657,0.0,0.09243453,0.0,0.0,0.082,0.0,0.012,0.6,0.6,-27.98856,2.2752101,0.7584034,0.136,0.0,0.16612451,0.0,0.0
hardzero_only__c0p58__z1p00__lam0p000__nu0p50__psi0p00,0.082,borrow,54,1228,0.0,2,-0.6,-0.6,-0.61200005,1.0021119,0.0,0.099514894,0.0,0.0,0.082,0.0,0.012,0.6,0.6,-26.883823,2.2046902,0.7348968,0.128,0.0,0.15027998,0.0,0.0
hardzero_only__c0p58__z1p00__lam0p000__nu0p50__psi0p00,0.082,borrow,54,1229,0.0,2,-0.6,-0.6,-0.61200005,1.014262,0.0,0.0967694,0.0,0.0,0.082,0.0,0.012,0.6,0.6,-27.791153,2.231421,0.743807,0.14400001,0.0,0.13163742,0.0,0.0
hardzero_only__c0p58__z1p00__lam0p000__nu0p50__psi0p00,0.082,borrow,54,1230,0.0,2,-0.6,-0.6,-0.61200005,1.0620595,0.0,0.0866843,0.0,0.0,0.082,0.0,0.012,0.6,0.6,-28.311558,2.3365777,0.77885926,0.128,0.0,0.13880616,0.0,0.0
hardzero_only__c0p58__z1p00__lam0p000__nu0p50__psi0p00,0.082,borrow,54,1231,0.0,2,-0.6,-0.6,-0.61200005,1.0136424,0.0,0.09690754,0.0,0.0,0.082,0.0,0.012,0.6,0.6,-27.48102,2.230058,0.74335265,0.14400001,0.0,0.15722045,0.0,0.0
hardzero_only__c0p58__z1p00__lam0p000__nu0p50__psi0p00,0.082,borrow,54,1232,0.0,2,-0.6,-0.6,-0.61200005,1.0019124,0.0,0.099560626,0.0,0.0,0.082,0.0,0.012,0.6,0.6,-26.975079,2.2042513,0.73475045,0.18400002,0.0,0.14076829,0.0,0.0
hardzero_only__c0p58__z1p00__lam0p000__nu0p50__psi0p00,0.082,borrow,54,1233,0.0,2,-0.6,-0.6,-0.61200005,1.0224694,0.0,0.09495778,0.0,0.0,0.082,0.0,0.012,0.6,0.6,-27.410652,2.2494776,0.7498259,0.18400002,0.0,0.16002132,0.0,0.0
hardzero_only__c0p58__z1p00__lam0p000__nu0p50__psi0p00,0.082,borrow,54,1234,0.0,2,-0.6,-0.6,-0.61200005,1.0619346,0.0,0.086709246,0.0,0.0,0.082,0.0,0.012,0.6,0.6,-27.310091,2.3363028,0.7787676,0.15200001,0.0,0.14054652,0.0,0.0
hardzero_only__c0p58__z1p00__lam0p000__nu0p50__psi0p00,0.082,borrow,54,1235,0.0,2,-0.6,-0.6,-0.603482,0.9834737,0.103878655,0.103878655,1.0,0.0085180495,0.082,0.0,0.012,0.6,0.6,-25.820784,2.1636853,0.7212285,0.19,0.0,0.14749047,0.0,0.0
hardzero_only__c0p58__z1p00__lam0p000__nu0p50__psi0p00,0.082,borrow,54,1236,0.0,2,-0.6,-0.6,-0.61200005,1.0598972,0.0,0.087116964,0.0,0.0,0.082,0.0,0.012,0.6,0.6,-28.46795,2.3318205,0.77727354,0.136,0.0,0.17550085,0.0,0.0
hardzero_only__c0p58__z1p00__lam0p000__nu0p50__psi0p00,0.082,borrow,54,1237,0.0,2,-0.6,-0.6,-0.60319746,0.9692018,0.107349046,0.107349046,1.0,0.008802622,0.082,0.0,0.012,0.6,0.6,-26.780153,2.1322865,0.7107622,0.17600001,0.0,0.121744044,0.0,0.0
hardzero_only__c0p58__z1p00__lam0p000__nu0p50__psi0p00,0.082,borrow,54,1238,0.0,2,-0.6,-0.6,-0.61200005,1.023498,0.0,0.09473314,0.0,0.0,0.082,0.0,0.012,0.6,0.6,-27.642021,2.2517407,0.75058025,0.08800001,0.0,0.14633846,0.0,0.0
hardzero_only__c0p58__z1p00__lam0p000__nu0p50__psi0p00,0.082,borrow,54,1239,0.0,2,-0.6,-0.6,-0.60352975,0.98591405,0.10329656,0.10329656,1.0,0.008470318,0.082,0.0,0.012,0.6,0.6,-26.085356,2.1690543,0.7230181,0.16000001,0.0,0.12724441,0.0,0.0
hardzero_only__c0p58__z1p00__lam0p000__nu0p50__psi0p00,0.082,borrow,54,1240,0.0,2,-0.6,-0.6,-0.61200005,1.0284661,0.0,0.09365563,0.0,0.0,0.082,0.0,0.012,0.6,0.6,-27.08262,2.2626705,0.7542235,0.104,0.0,0.13359192,0.0,0.0
hardzero_only__c0p58__z1p00__lam0p000__nu0p50__psi0p00,0.082,borrow,54,1241,0.0,2,-0.6,-0.6,-0.61200005,1.0116069,0.0,0.097362794,0.0,0.0,0.082,0.0,0.012,0.6,0.6,-26.979383,2.2255797,0.7418599,0.2,0.0,0.16678216,0.0,0.0
hardzero_only__c0p58__z1p00__lam0p000__nu0p50__psi0p00,0.082,borrow,54,1242,0.0,2,-0.6,-0.6,-0.61200005,1.0501043,0.0,0.0891037,0.0,0.0,0.082,0.0,0.012,0.6,0.6,-28.181623,2.3102756,0.7700919,0.112,0.0,0.1661606,0.0,0.0
hardzero_only__c0p58__z1p00__lam0p000__nu0p50__psi0p00,0.082,borrow,54,1243,0.0,2,-0.6,-0.6,-0.61200005,1.0197955,0.0,0.095544234,0.0,0.0,0.082,0.0,0.012,0.6,0.6,-28.31678,2.243595,0.74786496,0.120000005,0.0,0.12389811,0.0,0.0
hardzero_only__c0p58__z1p00__lam0p000__nu0p50__psi0p00,0.082,borrow,54,1244,0.0,2,-0.6,-0.6,-0.6034142,0.9800284,0.10470602,0.10470602,1.0,0.008585894,0.082,0.0,0.012,0.6,0.6,-26.826506,2.1561055,0.71870184,0.14400001,0.0,0.13451211,0.0,0.0
hardzero_only__c0p58__z1p00__lam0p000__nu0p50__psi0p00,0.082,borrow,54,1245,0.0,2,-0.6,-0.6,-0.61200005,1.0534838,0.0,0.088413,0.0,0.0,0.082,0.0,0.012,0.6,0.6,-27.28375,2.3177106,0.77257025,0.15200001,0.0,0.117181145,0.0,0.0
hardzero_only__c0p58__z1p00__lam0p000__nu0p50__psi0p00,0.082,borrow,54,1246,0.0,2,-0.6,-0.6,-0.60345423,0.9820599,0.104217365,0.104217365,1.0,0.008545824,0.082,0.0,0.012,0.6,0.6,-26.440153,2.160575,0.72019166,0.17600001,0.0,0.121670105,0.0,0.0
hardzero_only__c0p58__z1p00__lam0p000__nu0p50__psi0p00,0.082,borrow,54,1247,0.0,2,-0.6,-0.6,-0.60366637,0.9929774,0.101630166,0.101630166,1.0,0.008333674,0.082,0.0,0.012,0.6,0.6,-26.782557,2.184594,0.728198,0.16800001,0.0,0.14076431,0.0,0.0
hardzero_only__c0p58__z1p00__lam0p000__nu0p50__psi0p00,0.082,borrow,54,1248,0.0,2,-0.6,-0.6,-0.61200005,1.0029148,0.0,0.099331096,0.0,0.0,0.082,0.0,0.012,0.6,0.6,-26.026684,2.2064567,0.73548555,0.14,0.0,0.15551125,0.0,0.0
hardzero_only__c0p58__z1p00__lam0p000__nu0p50__psi0p00,0.082,borrow,54,1249,0.0,2,-0.6,-0.6,-0.61200005,1.0017436,0.0,0.09959933,0.0,0.0,0.082,0.0,0.012,0.6,0.6,-27.077232,2.2038798,0.73462665,0.17600001,0.0,0.16490051,0.0,0.0
