mechanism_tag,mechanism,alpha,seed,update,update_u,update_counter,energy_E_pre,energy_E_post,funding_z,funding_g,funding_g_raw,funding_cut_active,funding_income,funding_alpha_eff,episode_return_end_mean,terminal_min_dists_end_mean,terminal_dbar_end,terminal_occupied_end_mean,terminal_CSR_train,vartd_VarTD,depr_F,depr_F_post,env_steps
hardzero_plus_depr__c0p50__z1p10__lam0p010__nu0p50__psi1p25,hardzero_plus_depr,0.02,36,0,1.0,1,1.0,0.5019731,1.00588,0.09865519,0.09865519,1.0,0.0019731037,0.02,-26.322607,2.2129803,0.7376601,0.17,0.0,0.1406561,0.0,0.0,3200
hardzero_plus_depr__c0p50__z1p10__lam0p010__nu0p50__psi1p25,hardzero_plus_depr,0.02,36,1,1.0,2,0.5019731,0.003816508,1.0354067,0.092170775,0.092170775,1.0,0.0018434154,0.02,-27.19927,2.2779403,0.75931346,0.24000001,0.0,0.13793102,0.0,0.0,6400
hardzero_plus_depr__c0p50__z1p10__lam0p010__nu0p50__psi1p25,hardzero_plus_depr,0.02,36,2,0.0,2,0.003816508,0.0058546914,0.9917867,0.101909176,0.101909176,1.0,0.0020381834,0.02,-26.019754,2.1819744,0.72732484,0.15200001,0.0,0.13082676,0.0,0.01,9600
hardzero_plus_depr__c0p50__z1p10__lam0p010__nu0p50__psi1p25,hardzero_plus_depr,0.02,36,3,0.0,2,0.0058546914,0.007858687,0.99370456,0.10146014,0.10146014,1.0,0.0020039957,0.019751556,-27.323154,2.1861937,0.7287313,0.16000001,0.0,0.13336188,0.01,0.02,12800
hardzero_plus_depr__c0p50__z1p10__lam0p010__nu0p50__psi1p25,hardzero_plus_depr,0.02,36,4,0.0,2,0.007858687,0.009510258,1.0722753,0.08466905,0.08466905,1.0,0.0016515712,0.019506197,-27.838577,2.3590527,0.7863509,0.096,0.0,0.14840502,0.02,0.03,16000
hardzero_plus_depr__c0p50__z1p10__lam0p010__nu0p50__psi1p25,hardzero_plus_depr,0.02,36,5,0.0,2,0.009510258,0.011395225,1.0094402,0.097849764,0.097849764,1.0,0.0018849669,0.019263888,-26.561377,2.2208128,0.740271,0.16000001,0.0,0.1580116,0.03,0.04,19200
hardzero_plus_depr__c0p50__z1p10__lam0p010__nu0p50__psi1p25,hardzero_plus_depr,0.02,36,6,0.0,2,0.011395225,0.013211561,1.0201191,0.09547307,0.09547307,1.0,0.001816336,0.019024588,-27.306166,2.2443068,0.7481023,0.216,0.008,0.17779735,0.04,0.049999997,22400
hardzero_plus_depr__c0p50__z1p10__lam0p010__nu0p50__psi1p25,hardzero_plus_depr,0.02,36,7,0.0,2,0.013211561,0.014900324,1.0463179,0.08988393,0.08988393,1.0,0.0016887628,0.018788261,-27.556913,2.3019454,0.76731515,0.17600001,0.008,0.15537989,0.049999997,0.059999995,25600
hardzero_plus_depr__c0p50__z1p10__lam0p010__nu0p50__psi1p25,hardzero_plus_depr,0.02,36,8,0.0,2,0.014900324,0.016658159,1.0234797,0.09473714,0.09473714,1.0,0.0017578354,0.01855487,-27.525427,2.2517004,0.75056684,0.18400002,0.0,0.14523557,0.059999995,0.06999999,28800
hardzero_plus_depr__c0p50__z1p10__lam0p010__nu0p50__psi1p25,hardzero_plus_depr,0.02,36,9,0.0,2,0.016658159,0.018230218,1.06656,0.08579064,0.08579064,1.0,0.00157206,0.018324377,-27.539244,2.346479,0.7821597,0.16000001,0.0,0.14567356,0.06999999,0.07999999,32000
hardzero_plus_depr__c0p50__z1p10__lam0p010__nu0p50__psi1p25,hardzero_plus_depr,0.02,36,10,0.0,2,0.018230218,0.020036345,1.0008522,0.09980395,0.09980395,1.0,0.0018061269,0.018096749,-27.446363,2.2019188,0.73397297,0.14400001,0.0,0.15912569,0.07999999,0.08999999,35200
hardzero_plus_depr__c0p50__z1p10__lam0p010__nu0p50__psi1p25,hardzero_plus_depr,0.02,36,11,0.0,2,0.020036345,0.021696562,1.0320069,0.092895165,0.092895165,1.0,0.0016602174,0.017871946,-27.137068,2.2704604,0.75682014,0.16000001,0.0,0.16092224,0.08999999,0.09999999,38400
hardzero_plus_depr__c0p50__z1p10__lam0p010__nu0p50__psi1p25,hardzero_plus_depr,0.02,36,12,0.0,2,0.021696562,0.023569092,0.97431415,0.10609278,0.10609278,1.0,0.0018725311,0.01764994,-26.229753,2.143534,0.71451133,0.14400001,0.0,0.13180904,0.09999999,0.109999985,41600
hardzero_plus_depr__c0p50__z1p10__lam0p010__nu0p50__psi1p25,hardzero_plus_depr,0.02,36,13,0.0,2,0.023569092,0.025129788,1.0479963,0.08953723,0.08953723,1.0,0.0015606955,0.017430687,-27.449257,2.3056378,0.768546,0.19999999,0.0,0.16590956,0.109999985,0.11999998,44800
hardzero_plus_depr__c0p50__z1p10__lam0p010__nu0p50__psi1p25,hardzero_plus_depr,0.02,36,14,0.0,2,0.025129788,0.026647547,1.0546831,0.0881692,0.0881692,1.0,0.0015177588,0.01721416,-27.634941,2.3203492,0.7734498,0.128,0.0,0.119170584,0.11999998,0.12999998,48000
hardzero_plus_depr__c0p50__z1p10__lam0p010__nu0p50__psi1p25,hardzero_plus_depr,0.02,36,15,0.0,2,0.026647547,0.028210178,1.0366006,0.09191775,0.09191775,1.0,0.0015626313,0.017000321,-27.87776,2.280567,0.760189,0.16800001,0.0,0.15292893,0.12999998,0.13999999,51200
hardzero_plus_depr__c0p50__z1p10__lam0p010__nu0p50__psi1p25,hardzero_plus_depr,0.02,36,16,0.0,2,0.028210178,0.029719742,1.0461768,0.089913145,0.089913145,1.0,0.0015095643,0.01678914,-27.744823,2.3016348,0.7672116,0.15200001,0.0,0.15902571,0.13999999,0.14999999,54400
hardzero_plus_depr__c0p50__z1p10__lam0p010__nu0p50__psi1p25,hardzero_plus_depr,0.02,36,17,0.0,2,0.029719742,0.031302117,1.0202899,0.09543552,0.09543552,1.0,0.0015823764,0.016580582,-27.533455,2.2446826,0.74822754,0.128,0.0,0.13562393,0.14999999,0.16,57600
hardzero_plus_depr__c0p50__z1p10__lam0p010__nu0p50__psi1p25,hardzero_plus_depr,0.02,36,18,0.0,2,0.031302117,0.032898307,1.0110861,0.09747963,0.09747963,1.0,0.0015961914,0.016374616,-25.957994,2.224434,0.74147797,0.120000005,0.0,0.13911861,0.16,0.17,60800
hardzero_plus_depr__c0p50__z1p10__lam0p010__nu0p50__psi1p25,hardzero_plus_depr,0.02,36,19,0.0,2,0.032898307,0.034357924,1.0445035,0.090260245,0.090260245,1.0,0.0014596172,0.016171208,-27.162146,2.2979536,0.76598454,0.120000005,0.0,0.15084688,0.17,0.18,64000
hardzero_plus_depr__c0p50__z1p10__lam0p010__nu0p50__psi1p25,hardzero_plus_depr,0.02,36,20,0.0,2,0.034357924,0.035855204,1.0280101,0.093754,0.093754,1.0,0.0014972817,0.015970323,-27.520197,2.2616675,0.7538892,0.136,0.0,0.14952008,0.18,0.19000001,67200
hardzero_plus_depr__c0p50__z1p10__lam0p010__nu0p50__psi1p25,hardzero_plus_depr,0.02,36,21,0.0,2,0.035855204,0.03754345,0.97044915,0.10704116,0.10704116,1.0,0.0016882464,0.015771937,-25.925533,2.1350307,0.71167696,0.104,0.0,0.124510564,0.19000001,0.20000002,70400
hardzero_plus_depr__c0p50__z1p10__lam0p010__nu0p50__psi1p25,hardzero_plus_depr,0.02,36,22,0.0,2,0.03754345,0.039056025,1.0127395,0.09710922,0.09710922,1.0,0.0015125747,0.015576015,-27.047115,2.2280715,0.7426905,0.128,0.0,0.13879384,0.20000002,0.21000002,73600
hardzero_plus_depr__c0p50__z1p10__lam0p010__nu0p50__psi1p25,hardzero_plus_depr,0.02,36,23,0.0,2,0.039056025,0.040480323,1.0334268,0.09259195,0.09259195,1.0,0.0014242982,0.015382526,-27.38982,2.2735844,0.7578615,0.14400001,0.0,0.1582836,0.21000002,0.22000003,76800
hardzero_plus_depr__c0p50__z1p10__lam0p010__nu0p50__psi1p25,hardzero_plus_depr,0.02,36,24,0.0,2,0.040480323,0.041912194,1.0256956,0.09425501,0.09425501,1.0,0.0014318695,0.015191441,-27.140642,2.2565753,0.7521918,0.15200001,0.0,0.14205968,0.22000003,0.23000003,80000
hardzero_plus_depr__c0p50__z1p10__lam0p010__nu0p50__psi1p25,hardzero_plus_depr,0.02,36,25,0.0,2,0.041912194,0.04325776,1.0472649,0.08968814,0.08968814,1.0,0.0013455669,0.01500273,-27.812798,2.304029,0.76800966,0.128,0.0,0.17970642,0.23000003,0.24000004,83200
hardzero_plus_depr__c0p50__z1p10__lam0p010__nu0p50__psi1p25,hardzero_plus_depr,0.02,36,26,0.0,2,0.04325776,0.044479966,1.0835975,0.08249023,0.08249023,1.0,0.0012222051,0.014816362,-28.738182,2.3839622,0.7946541,0.14,0.0,0.18483953,0.24000004,0.25000003,86400
hardzero_plus_depr__c0p50__z1p10__lam0p010__nu0p50__psi1p25,hardzero_plus_depr,0.02,36,27,0.0,2,0.044479966,0.045776807,1.0524268,0.08862845,0.08862845,1.0,0.0012968391,0.014632312,-27.207333,2.3153853,0.77179515,0.128,0.0,0.14920563,0.25000003,0.26000002,89600
hardzero_plus_depr__c0p50__z1p10__lam0p010__nu0p50__psi1p25,hardzero_plus_depr,0.02,36,28,0.0,2,0.045776807,0.04714599,1.023423,0.09474952,0.09474952,1.0,0.0013691824,0.014450547,-27.588003,2.2515755,0.7505252,0.192,0.0,0.14729987,0.26000002,0.27,92800
hardzero_plus_depr__c0p50__z1p10__lam0p010__nu0p50__psi1p25,hardzero_plus_depr,0.02,36,29,0.0,2,0.04714599,0.04842095,1.0489585,0.08933908,0.08933908,1.0,0.0012749615,0.0142710395,-27.535662,2.307755,0.7692517,0.128,0.0,0.1696001,0.27,0.28,96000
hardzero_plus_depr__c0p50__z1p10__lam0p010__nu0p50__psi1p25,hardzero_plus_depr,0.02,36,30,0.0,2,0.04842095,0.04972109,1.0350378,0.09224911,0.09224911,1.0,0.001300137,0.014093762,-27.225882,2.2771285,0.75904286,0.15200001,0.0,0.18461117,0.28,0.29,99200
hardzero_plus_depr__c0p50__z1p10__lam0p010__nu0p50__psi1p25,hardzero_plus_depr,0.02,36,31,0.0,2,0.04972109,0.051016204,1.0312897,0.09304869,0.09304869,1.0,0.0012951154,0.013918686,-27.467876,2.2688828,0.75629425,0.136,0.0,0.1396118,0.29,0.29999998,102400
hardzero_plus_depr__c0p50__z1p10__lam0p010__nu0p50__psi1p25,hardzero_plus_depr,0.02,36,32,0.0,2,0.051016204,0.05244851,0.98213303,0.10419983,0.10419983,1.0,0.0014323085,0.013745786,-26.912268,2.1607358,0.7202453,0.23200001,0.0,0.15328918,0.29999998,0.30999997,105600
hardzero_plus_depr__c0p50__z1p10__lam0p010__nu0p50__psi1p25,hardzero_plus_depr,0.02,36,33,0.0,2,0.05244851,0.053868353,0.980501,0.10459212,0.10459212,1.0,0.0014198414,0.013575032,-26.878723,2.1571453,0.71904844,0.17600001,0.0,0.15554637,0.30999997,0.31999996,108800
hardzero_plus_depr__c0p50__z1p10__lam0p010__nu0p50__psi1p25,hardzero_plus_depr,0.02,36,34,0.0,2,0.053868353,0.055035584,1.0601553,0.08706522,0.08706522,1.0,0.0011672312,0.0134064015,-27.720642,2.3323882,0.7774627,0.15200001,0.0,0.165038,0.31999996,0.32999995,112000
hardzero_plus_depr__c0p50__z1p10__lam0p010__nu0p50__psi1p25,hardzero_plus_depr,0.02,36,35,0.0,2,0.055035584,0.05639385,0.98889846,0.10258918,0.10258918,1.0,0.0013582669,0.013239865,-26.48457,2.17562,0.72520673,0.136,0.0,0.124210104,0.32999995,0.33999994,115200
hardzero_plus_depr__c0p50__z1p10__lam0p010__nu0p50__psi1p25,hardzero_plus_depr,0.02,36,36,0.0,2,0.05639385,0.057561446,1.0491619,0.08929725,0.08929725,1.0,0.0011675969,0.013075396,-27.69292,2.3082023,0.7694008,0.18400002,0.0,0.16494758,0.33999994,0.34999993,118400
hardzero_plus_depr__c0p50__z1p10__lam0p010__nu0p50__psi1p25,hardzero_plus_depr,0.02,36,37,0.0,2,0.057561446,0.058799453,1.0183028,0.09587319,0.09587319,1.0,0.0012380078,0.012912972,-26.203255,2.240311,0.7467703,0.17600001,0.008,0.13446864,0.34999993,0.35999992,121600
hardzero_plus_depr__c0p50__z1p10__lam0p010__nu0p50__psi1p25,hardzero_plus_depr,0.02,36,38,0.0,2,0.058799453,0.05988378,1.0704364,0.08502833,0.08502833,1.0,0.0010843292,0.012752565,-27.85397,2.355007,0.78500235,0.14400001,0.0,0.1417829,0.35999992,0.36999992,124800
hardzero_plus_depr__c0p50__z1p10__lam0p010__nu0p50__psi1p25,hardzero_plus_depr,0.02,36,39,0.0,2,0.05988378,0.060898785,1.0937011,0.080593295,0.080593295,1.0,0.0010150039,0.0125941485,-28.211426,2.4061906,0.8020636,0.17,0.0,0.17034175,0.36999992,0.3799999,128000
hardzero_plus_depr__c0p50__z1p10__lam0p010__nu0p50__psi1p25,hardzero_plus_depr,0.02,36,40,0.0,2,0.060898785,0.062056035,1.0313135,0.09304359,0.09304359,1.0,0.0011572484,0.012437702,-27.07822,2.2689352,0.7563118,0.2,0.0,0.14369659,0.3799999,0.3899999,131200
hardzero_plus_depr__c0p50__z1p10__lam0p010__nu0p50__psi1p25,hardzero_plus_depr,0.02,36,41,0.0,2,0.062056035,0.06320961,1.027266,0.09391479,0.09391479,1.0,0.0011535741,0.012283199,-27.151579,2.2600303,0.75334346,0.17600001,0.0,0.17774035,0.3899999,0.3999999,134400
hardzero_plus_depr__c0p50__z1p10__lam0p010__nu0p50__psi1p25,hardzero_plus_depr,0.02,36,42,0.0,2,0.06320961,0.06424774,1.0676297,0.08557961,0.08557961,1.0,0.0010381334,0.012130615,-27.995792,2.3488321,0.7829441,0.104,0.0,0.1795592,0.3999999,0.40999988,137600
hardzero_plus_depr__c0p50__z1p10__lam0p010__nu0p50__psi1p25,hardzero_plus_depr,0.02,36,43,0.0,2,0.06424774,0.065331936,1.043347,0.09050092,0.09050092,1.0,0.0010841943,0.011979925,-26.761162,2.2954092,0.7651364,0.16000001,0.0,0.15461807,0.40999988,0.41999987,140800
hardzero_plus_depr__c0p50__z1p10__lam0p010__nu0p50__psi1p25,hardzero_plus_depr,0.02,36,44,0.0,2,0.065331936,0.06646232,1.0197979,0.095543705,0.095543705,1.0,0.001130388,0.011831109,-27.104008,2.2436001,0.74786675,0.136,0.0,0.15532322,0.41999987,0.42999986,144000
hardzero_plus_depr__c0p50__z1p10__lam0p010__nu0p50__psi1p25,hardzero_plus_depr,0.02,36,45,0.0,2,0.06646232,0.0675528,1.0299808,0.09332955,0.09332955,1.0,0.0010904755,0.011684139,-27.15986,2.266003,0.7553343,0.16800001,0.0,0.20607153,0.42999986,0.43999985,147200
hardzero_plus_depr__c0p50__z1p10__lam0p010__nu0p50__psi1p25,hardzero_plus_depr,0.02,36,46,0.0,2,0.0675528,0.06865614,1.0194595,0.09561818,0.09561818,1.0,0.001103338,0.011538997,-26.772503,2.2428555,0.74761856,0.128,0.0,0.13604645,0.43999985,0.44999984,150400
hardzero_plus_depr__c0p50__z1p10__lam0p010__nu0p50__psi1p25,hardzero_plus_depr,0.02,36,47,0.0,2,0.06865614,0.06973088,1.0254378,0.094310954,0.094310954,1.0,0.0010747354,0.011395658,-27.474796,2.2560081,0.7520027,0.120000005,0.0,0.15151517,0.44999984,0.45999983,153600
hardzero_plus_depr__c0p50__z1p10__lam0p010__nu0p50__psi1p25,hardzero_plus_depr,0.02,36,48,0.0,2,0.06973088,0.06973088,1.1056261,0.0,0.07841043,0.0,0.0,0.011254099,-28.094688,2.432426,0.81080866,0.080000006,0.0,0.16421995,0.45999983,0.46999982,156800
hardzero_plus_depr__c0p50__z1p10__lam0p010__nu0p50__psi1p25,hardzero_plus_depr,0.02,36,49,0.0,2,0.06973088,0.07081939,1.0090475,0.09793826,0.09793826,1.0,0.0010885152,0.011114299,-26.886148,2.2199488,0.73998296,0.15200001,0.0,0.1364694,0.46999982,0.4799998,160000
hardzero_plus_depr__c0p50__z1p10__lam0p010__nu0p50__psi1p25,hardzero_plus_depr,0.02,36,50,0.0,2,0.07081939,0.071867265,1.0201452,0.09546734,0.09546734,1.0,0.0010478719,0.010976234,-27.394615,2.2443643,0.74812144,0.128,0.0,0.13893461,0.4799998,0.4899998,163200
hardzero_plus_depr__c0p50__z1p10__lam0p010__nu0p50__psi1p25,hardzero_plus_depr,0.02,36,51,0.0,2,0.071867265,0.07302839,0.97014546,0.10711603,0.10711603,1.0,0.0011611255,0.010839886,-25.8969,2.1343627,0.7114543,0.224,0.0,0.1460924,0.4899998,0.4999998,166400
hardzero_plus_depr__c0p50__z1p10__lam0p010__nu0p50__psi1p25,hardzero_plus_depr,0.02,36,52,0.0,2,0.07302839,0.07413884,0.9840979,0.10372944,0.10372944,1.0,0.0011104476,0.01070523,-26.49984,2.1650586,0.72168624,0.24,0.0,0.16621473,0.4999998,0.5099998,169600
hardzero_plus_depr__c0p50__z1p10__lam0p010__nu0p50__psi1p25,hardzero_plus_depr,0.02,36,53,0.0,2,0.07413884,0.07503543,1.0715727,0.084806144,0.084806144,1.0,0.0008965916,0.010572248,-28.412724,2.357507,0.7858357,0.136,0.0,0.16924763,0.5099998,0.5199998,172800
hardzero_plus_depr__c0p50__z1p10__lam0p010__nu0p50__psi1p25,hardzero_plus_depr,0.02,36,54,0.0,2,0.07503543,0.07601192,1.0290729,0.09352488,0.09352488,1.0,0.0009764856,0.010440918,-26.88757,2.2640054,0.7546685,0.14400001,0.0,0.15874818,0.5199998,0.5299998,176000
hardzero_plus_depr__c0p50__z1p10__lam0p010__nu0p50__psi1p25,hardzero_plus_depr,0.02,36,55,0.0,2,0.07601192,0.07700826,1.0149016,0.09662697,0.09662697,1.0,0.0009963419,0.01031122,-26.451118,2.2328281,0.74427605,0.192,0.0,0.13149582,0.5299998,0.5399998,179200
hardzero_plus_depr__c0p50__z1p10__lam0p010__nu0p50__psi1p25,hardzero_plus_depr,0.02,36,56,0.0,2,0.07700826,0.07802456,1.0008615,0.09980183,0.09980183,1.0,0.0010162952,0.010183131,-27.494608,2.2019393,0.7339798,0.14400001,0.0,0.14260587,0.5399998,0.5499998,182400
hardzero_plus_depr__c0p50__z1p10__lam0p010__nu0p50__psi1p25,hardzero_plus_depr,0.02,36,57,0.0,2,0.07802456,0.07907655,0.9804406,0.10460666,0.10460666,1.0,0.0010519908,0.0100566335,-26.695158,2.1570125,0.71900415,0.192,0.0,0.12306125,0.5499998,0.55999976,185600
hardzero_plus_depr__c0p50__z1p10__lam0p010__nu0p50__psi1p25,hardzero_plus_depr,0.02,36,58,0.0,2,0.07907655,0.07998959,1.0365342,0.091931805,0.091931805,1.0,0.0009130399,0.009931709,-28.143642,2.2804208,0.7601403,0.2,0.0,0.16405918,0.55999976,0.56999975,188800
hardzero_plus_depr__c0p50__z1p10__lam0p010__nu0p50__psi1p25,hardzero_plus_depr,0.02,36,59,0.0,2,0.07998959,0.08088119,1.0414225,0.09090284,0.09090284,1.0,0.00089160557,0.009808335,-27.680103,2.2911751,0.76372504,0.208,0.0,0.16771467,0.56999975,0.57999974,192000
hardzero_plus_depr__c0p50__z1p10__lam0p010__nu0p50__psi1p25,hardzero_plus_depr,0.02,36,60,0.0,2,0.08088119,0.081727795,1.0584874,0.087400235,0.087400235,1.0,0.00084660196,0.009686495,-27.630686,2.328719,0.77623963,0.136,0.0,0.14960817,0.57999974,0.58999974,195200
hardzero_plus_depr__c0p50__z1p10__lam0p010__nu0p50__psi1p25,hardzero_plus_depr,0.02,36,61,0.0,2,0.081727795,0.08263639,1.0223652,0.09498058,0.09498058,1.0,0.00090860005,0.009566166,-28.012598,2.2492483,0.7497494,0.112,0.0,0.16388394,0.58999974,0.5999997,198400
hardzero_plus_depr__c0p50__z1p10__lam0p010__nu0p50__psi1p25,hardzero_plus_depr,0.02,36,62,0.0,2,0.08263639,0.08346388,1.0575515,0.08758877,0.08758877,1.0,0.0008274804,0.009447334,-28.027723,2.3266597,0.7755532,0.16800001,0.0,0.18632938,0.5999997,0.6099997,201600
hardzero_plus_depr__c0p50__z1p10__lam0p010__nu0p50__psi1p25,hardzero_plus_depr,0.02,36,63,0.0,2,0.08346388,0.08423855,1.0807627,0.08303042,0.08303042,1.0,0.0007746719,0.009329977,-28.695076,2.3777256,0.79257524,0.128,0.0,0.15817189,0.6099997,0.6199997,204800
hardzero_plus_depr__c0p50__z1p10__lam0p010__nu0p50__psi1p25,hardzero_plus_depr,0.02,36,64,0.0,2,0.08423855,0.08506292,1.0483316,0.089468144,0.089468144,1.0,0.0008243665,0.009214079,-27.723396,2.3063755,0.76879185,0.15200001,0.0,0.15419811,0.6199997,0.6299997,208000
hardzero_plus_depr__c0p50__z1p10__lam0p010__nu0p50__psi1p25,hardzero_plus_depr,0.02,36,65,0.0,2,0.08506292,0.0859739,0.9995146,0.10011183,0.10011183,1.0,0.00091097964,0.00909962,-27.66677,2.198976,0.73299205,0.19,0.0,0.15575127,0.6299997,0.6399997,211200
hardzero_plus_depr__c0p50__z1p10__lam0p010__nu0p50__psi1p25,hardzero_plus_depr,0.02,36,66,0.0,2,0.0859739,0.08682057,1.0258825,0.094214454,0.094214454,1.0,0.000846666,0.008986583,-27.971367,2.2569866,0.7523289,0.128,0.0,0.14546098,0.6399997,0.6499997,214400
hardzero_plus_depr__c0p50__z1p10__lam0p010__nu0p50__psi1p25,hardzero_plus_depr,0.02,36,67,0.0,2,0.08682057,0.087625735,1.0422832,0.09072288,0.09072288,1.0,0.000805161,0.00887495,-27.845871,2.2930686,0.76435626,0.120000005,0.0,0.15845147,0.6499997,0.65999967,217600
hardzero_plus_depr__c0p50__z1p10__lam0p010__nu0p50__psi1p25,hardzero_plus_depr,0.02,36,68,0.0,2,0.087625735,0.0884973,1.0024339,0.09944114,0.09944114,1.0,0.00087157206,0.008764703,-26.258492,2.2053986,0.7351329,0.128,0.0,0.14221814,0.65999967,0.66999966,220800
hardzero_plus_depr__c0p50__z1p10__lam0p010__nu0p50__psi1p25,hardzero_plus_depr,0.02,36,69,0.0,2,0.0884973,0.08936674,0.9980705,0.10044528,0.10044528,1.0,0.0008694369,0.008655827,-26.60653,2.1957989,0.731933,0.17600001,0.0,0.14440206,0.66999966,0.67999965,224000
hardzero_plus_depr__c0p50__z1p10__lam0p010__nu0p50__psi1p25,hardzero_plus_depr,0.02,36,70,0.0,2,0.08936674,0.09016476,1.029868,0.093353786,0.093353786,1.0,0.0007980164,0.008548303,-27.200302,2.265755,0.75525165,0.104,0.0,0.14634654,0.67999965,0.68999964,227200
hardzero_plus_depr__c0p50__z1p10__lam0p010__nu0p50__psi1p25,hardzero_plus_depr,0.02,36,71,0.0,2,0.09016476,0.091003306,1.0029247,0.09932882,0.09932882,1.0,0.00083854527,0.008442114,-27.483908,2.2064784,0.7354928,0.15200001,0.0,0.13090573,0.68999964,0.69999963,230400
hardzero_plus_depr__c0p50__z1p10__lam0p010__nu0p50__psi1p25,hardzero_plus_depr,0.02,36,72,0.0,2,0.091003306,0.09180691,1.0159806,0.09638719,0.09638719,1.0,0.00080360356,0.008337244,-26.97778,2.2352018,0.7450673,0.14400001,0.0,0.17848489,0.69999963,0.7099996,233600
hardzero_plus_depr__c0p50__z1p10__lam0p010__nu0p50__psi1p25,hardzero_plus_depr,0.02,36,73,0.0,2,0.09180691,0.09254444,1.0478187,0.089573875,0.089573875,1.0,0.0007375224,0.008233678,-27.301762,2.305247,0.7684157,0.128,0.0,0.15064578,0.7099996,0.7199996,236800
hardzero_plus_depr__c0p50__z1p10__lam0p010__nu0p50__psi1p25,hardzero_plus_depr,0.02,36,74,0.0,2,0.09254444,0.09329667,1.0338122,0.09250981,0.09250981,1.0,0.000752234,0.008131397,-26.905083,2.2744322,0.7581441,0.128,0.0,0.15227541,0.7199996,0.7299996,240000
hardzero_plus_depr__c0p50__z1p10__lam0p010__nu0p50__psi1p25,hardzero_plus_depr,0.02,36,75,0.0,2,0.09329667,0.09410798,0.99555117,0.10102965,0.10102965,1.0,0.0008113072,0.008030388,-27.183973,2.1902564,0.7300855,0.16000001,0.0,0.1516335,0.7299996,0.7399996,243200
hardzero_plus_depr__c0p50__z1p10__lam0p010__nu0p50__psi1p25,hardzero_plus_depr,0.02,36,76,0.0,2,0.09410798,0.09482374,1.0445368,0.090253316,0.090253316,1.0,0.00071576587,0.007930633,-27.304495,2.2980268,0.766009,0.136,0.0,0.13735543,0.7399996,0.7499996,246400
hardzero_plus_depr__c0p50__z1p10__lam0p010__nu0p50__psi1p25,hardzero_plus_depr,0.02,36,77,0.0,2,0.09482374,0.09551794,1.0523944,0.088635065,0.088635065,1.0,0.00069420016,0.007832116,-27.436932,2.3153138,0.7717713,0.120000005,0.0,0.17925678,0.7499996,0.7599996,249600
hardzero_plus_depr__c0p50__z1p10__lam0p010__nu0p50__psi1p25,hardzero_plus_depr,0.02,36,78,0.0,2,0.09551794,0.09621568,1.0447565,0.090207666,0.090207666,1.0,0.0006977405,0.007734825,-27.811308,2.2985103,0.76617014,0.14999999,0.0,0.15189567,0.7599996,0.76999956,252800
hardzero_plus_depr__c0p50__z1p10__lam0p010__nu0p50__psi1p25,hardzero_plus_depr,0.02,36,79,0.0,2,0.09621568,0.096824825,1.0983008,0.07974421,0.07974421,1.0,0.0006091454,0.007638741,-28.854828,2.41631,0.80543673,0.104,0.0,0.14253163,0.76999956,0.77999955,256000
hardzero_plus_depr__c0p50__z1p10__lam0p010__nu0p50__psi1p25,hardzero_plus_depr,0.02,36,80,0.0,2,0.096824825,0.097528346,1.0303165,0.093257435,0.093257435,1.0,0.00070352026,0.0075438516,-27.476732,2.2667415,0.75558054,0.16800001,0.0,0.17244577,0.77999955,0.78999954,259200
hardzero_plus_depr__c0p50__z1p10__lam0p010__nu0p50__psi1p25,hardzero_plus_depr,0.02,36,81,0.0,2,0.097528346,0.09818454,1.0551299,0.08807854,0.08807854,1.0,0.0006561975,0.00745014,-27.95189,2.3213322,0.7737774,0.120000005,0.0,0.14193247,0.78999954,0.79999954,262400
hardzero_plus_depr__c0p50__z1p10__lam0p010__nu0p50__psi1p25,hardzero_plus_depr,0.02,36,82,0.0,2,0.09818454,0.09884273,1.0483828,0.0894576,0.0894576,1.0,0.0006581927,0.0073575936,-28.076965,2.306488,0.76882935,0.128,0.0,0.16633332,0.79999954,0.8099995,265600
hardzero_plus_depr__c0p50__z1p10__lam0p010__nu0p50__psi1p25,hardzero_plus_depr,0.02,36,83,0.0,2,0.09884273,0.09960694,0.978098,0.105172455,0.105172455,1.0,0.00076420355,0.007266195,-26.52197,2.1518586,0.7172862,0.16800001,0.0,0.1307896,0.8099995,0.8199995,268800
hardzero_plus_depr__c0p50__z1p10__lam0p010__nu0p50__psi1p25,hardzero_plus_depr,0.02,36,84,0.0,2,0.09960694,0.100255035,1.044239,0.09031522,0.09031522,1.0,0.0006480961,0.007175934,-27.724264,2.2973719,0.76579064,0.16000001,0.0,0.15968992,0.8199995,0.8299995,272000
hardzero_plus_depr__c0p50__z1p10__lam0p010__nu0p50__psi1p25,hardzero_plus_depr,0.02,36,85,0.0,2,0.100255035,0.10089608,1.0435579,0.090456985,0.090456985,1.0,0.0006410499,0.0070867925,-28.317375,2.2958732,0.7652911,0.08800001,0.0,0.16321056,0.8299995,0.8399995,275200
hardzero_plus_depr__c0p50__z1p10__lam0p010__nu0p50__psi1p25,hardzero_plus_depr,0.02,36,86,0.0,2,0.10089608,0.101551,1.0288352,0.093576066,0.093576066,1.0,0.00065491634,0.006998759,-27.346613,2.2634826,0.7544942,0.16800001,0.0,0.14316133,0.8399995,0.8499995,278400
hardzero_plus_depr__c0p50__z1p10__lam0p010__nu0p50__psi1p25,hardzero_plus_depr,0.02,36,87,0.0,2,0.101551,0.10220687,1.0227726,0.09489153,0.09489153,1.0,0.0006558731,0.006911819,-27.144556,2.2501445,0.75004816,0.120000005,0.0,0.14279823,0.8499995,0.8599995,281600
hardzero_plus_depr__c0p50__z1p10__lam0p010__nu0p50__psi1p25,hardzero_plus_depr,0.02,36,88,0.0,2,0.10220687,0.10283084,1.0389966,0.09141204,0.09141204,1.0,0.00062397483,0.0068259593,-26.837255,2.2858381,0.7619461,0.056,0.0,0.14915937,0.8599995,0.86999947,284800
hardzero_plus_depr__c0p50__z1p10__lam0p010__nu0p50__psi1p25,hardzero_plus_depr,0.02,36,89,0.0,2,0.10283084,0.10339866,1.0745267,0.08423127,0.08423127,1.0,0.000567817,0.006741166,-27.566643,2.3640058,0.78800195,0.128,0.0,0.17146116,0.86999947,0.87999946,288000
hardzero_plus_depr__c0p50__z1p10__lam0p010__nu0p50__psi1p25,hardzero_plus_depr,0.02,36,90,0.0,2,0.10339866,0.10411208,0.9699608,0.107161604,0.107161604,1.0,0.00071342045,0.006657426,-25.49133,2.1339564,0.71131885,0.256,0.008,0.13645178,0.87999946,0.88999945,291200
hardzero_plus_depr__c0p50__z1p10__lam0p010__nu0p50__psi1p25,hardzero_plus_depr,0.02,36,91,0.0,2,0.10411208,0.10477913,0.9937199,0.10145656,0.10145656,1.0,0.0006670491,0.0065747257,-26.2789,2.1862273,0.7287425,0.11,0.0,0.15193304,0.88999945,0.89999944,294400
hardzero_plus_depr__c0p50__z1p10__lam0p010__nu0p50__psi1p25,hardzero_plus_depr,0.02,36,92,0.0,2,0.10477913,0.10546676,0.9750953,0.10590212,0.10590212,1.0,0.00068762817,0.006493054,-26.549744,2.1452525,0.7150842,0.216,0.0,0.14450768,0.89999944,0.90999943,297600
hardzero_plus_depr__c0p50__z1p10__lam0p010__nu0p50__psi1p25,hardzero_plus_depr,0.02,36,93,0.0,2,0.10546676,0.1060966,1.0077891,0.09822248,0.09822248,1.0,0.0006298414,0.0064123957,-27.403316,2.2171803,0.7390601,0.14400001,0.0,0.14421523,0.90999943,0.9199994,300800
hardzero_plus_depr__c0p50__z1p10__lam0p010__nu0p50__psi1p25,hardzero_plus_depr,0.02,36,94,0.0,2,0.1060966,0.106739774,0.99326384,0.10156315,0.10156315,1.0,0.00064317306,0.00633274,-26.72736,2.185224,0.72840804,0.18400002,0.0,0.1521714,0.9199994,0.9299994,304000
hardzero_plus_depr__c0p50__z1p10__lam0p010__nu0p50__psi1p25,hardzero_plus_depr,0.02,36,95,0.0,2,0.106739774,0.10740103,0.97579676,0.10573123,0.10573123,1.0,0.00066125084,0.006254073,-25.97261,2.1467957,0.7155986,0.16000001,0.0,0.13767843,0.9299994,0.9399994,307200
hardzero_plus_depr__c0p50__z1p10__lam0p010__nu0p50__psi1p25,hardzero_plus_depr,0.02,36,96,0.0,2,0.10740103,0.10802609,0.9948108,0.101202026,0.101202026,1.0,0.0006250626,0.006176384,-26.809704,2.1886275,0.7295425,0.14400001,0.0,0.15476848,0.9399994,0.9499994,310400
hardzero_plus_depr__c0p50__z1p10__lam0p010__nu0p50__psi1p25,hardzero_plus_depr,0.02,36,97,0.0,2,0.10802609,0.108618,1.0130479,0.09704027,0.09704027,1.0,0.0005919126,0.0060996595,-26.238586,2.22875,0.7429167,0.15200001,0.0,0.16297771,0.9499994,0.9599994,313600
hardzero_plus_depr__c0p50__z1p10__lam0p010__nu0p50__psi1p25,hardzero_plus_depr,0.02,36,98,0.0,2,0.108618,0.109183915,1.0271225,0.09394583,0.09394583,1.0,0.0005659192,0.0060238885,-27.539225,2.2597146,0.7532382,0.136,0.0,0.17314866,0.9599994,0.9699994,316800
hardzero_plus_depr__c0p50__z1p10__lam0p010__nu0p50__psi1p25,hardzero_plus_depr,0.02,36,99,0.0,2,0.109183915,0.10970777,1.0552325,0.088057734,0.088057734,1.0,0.0005238606,0.0059490586,-27.972347,2.321558,0.7738527,0.120000005,0.0,0.14151227,0.9699994,0.97999936,320000
hardzero_plus_depr__c0p50__z1p10__lam0p010__nu0p50__psi1p25,hardzero_plus_depr,0.02,36,100,0.0,2,0.10970777,0.11024803,1.0364212,0.091955744,0.091955744,1.0,0.0005402545,0.005875158,-27.763699,2.280172,0.7600574,0.136,0.0,0.17123245,0.97999936,0.98999935,323200
hardzero_plus_depr__c0p50__z1p10__lam0p010__nu0p50__psi1p25,hardzero_plus_depr,0.02,36,101,0.0,2,0.11024803,0.11073826,1.073191,0.08449072,0.08449072,1.0,0.00049023,0.005802176,-28.158337,2.3610675,0.78702253,0.18400002,0.0,0.15434515,0.98999935,0.99999934,326400
hardzero_plus_depr__c0p50__z1p10__lam0p010__nu0p50__psi1p25,hardzero_plus_depr,0.02,36,102,0.0,2,0.11073826,0.11133528,0.9821762,0.10418947,0.10418947,1.0,0.0005970162,0.005730101,-25.59984,2.1608307,0.72027695,0.15200001,0.0,0.13663629,0.99999934,1.0099994,329600
hardzero_plus_depr__c0p50__z1p10__lam0p010__nu0p50__psi1p25,hardzero_plus_depr,0.02,36,103,0.0,2,0.11133528,0.11185177,1.0396693,0.09127055,0.09127055,1.0,0.0005164927,0.0056589195,-27.282207,2.287318,0.76243937,0.128,0.0,0.14873423,1.0099994,1.0199994,332800
hardzero_plus_depr__c0p50__z1p10__lam0p010__nu0p50__psi1p25,hardzero_plus_depr,0.02,36,104,0.0,2,0.11185177,0.11233297,1.0649755,0.08610422,0.08610422,1.0,0.00048120404,0.005588623,-27.647795,2.3429928,0.78099763,0.14,0.0,0.15962295,1.0199994,1.0299994,336000
hardzero_plus_depr__c0p50__z1p10__lam0p010__nu0p50__psi1p25,hardzero_plus_depr,0.02,36,105,0.0,2,0.11233297,0.11285746,1.0221376,0.095030345,0.095030345,1.0,0.0005244916,0.005519201,-27.297323,2.2487476,0.7495825,0.14400001,0.0,0.14470835,1.0299994,1.0399994,339200
hardzero_plus_depr__c0p50__z1p10__lam0p010__nu0p50__psi1p25,hardzero_plus_depr,0.02,36,106,0.0,2,0.11285746,0.11337794,1.020039,0.09549069,0.09549069,1.0,0.0005204853,0.0054506394,-27.765486,2.2441306,0.74804354,0.18400002,0.0,0.14713155,1.0399994,1.0499994,342400
hardzero_plus_depr__c0p50__z1p10__lam0p010__nu0p50__psi1p25,hardzero_plus_depr,0.02,36,107,0.0,2,0.11337794,0.113902174,1.0114989,0.097387016,0.097387016,1.0,0.0005242276,0.0053829313,-26.573088,2.225342,0.7417807,0.17600001,0.0,0.15629658,1.0499994,1.0599993,345600
hardzero_plus_depr__c0p50__z1p10__lam0p010__nu0p50__psi1p25,hardzero_plus_depr,0.02,36,108,0.0,2,0.113902174,0.11439404,1.0337468,0.09252374,0.09252374,1.0,0.00049186207,0.0053160638,-26.595762,2.2742884,0.75809616,0.120000005,0.0,0.15144852,1.0599993,1.0699993,348800
hardzero_plus_depr__c0p50__z1p10__lam0p010__nu0p50__psi1p25,hardzero_plus_depr,0.02,36,109,0.0,2,0.11439404,0.114875026,1.0380301,0.09161569,0.09161569,1.0,0.0004809848,0.0052500265,-27.317251,2.283712,0.7612373,0.216,0.0,0.15991639,1.0699993,1.0799993,352000
hardzero_plus_depr__c0p50__z1p10__lam0p010__nu0p50__psi1p25,hardzero_plus_depr,0.02,36,110,0.0,2,0.114875026,0.11539107,1.0020489,0.09952934,0.09952934,1.0,0.0005160407,0.0051848097,-27.256615,2.2045515,0.7348505,0.192,0.0,0.15778236,1.0799993,1.0899993,355200
hardzero_plus_depr__c0p50__z1p10__lam0p010__nu0p50__psi1p25,hardzero_plus_depr,0.02,36,111,0.0,2,0.11539107,0.11586489,1.0336894,0.09253598,0.09253598,1.0,0.00047382154,0.005120403,-27.04777,2.274162,0.758054,0.208,0.0,0.14866853,1.0899993,1.0999993,358400
hardzero_plus_depr__c0p50__z1p10__lam0p010__nu0p50__psi1p25,hardzero_plus_depr,0.02,36,112,0.0,2,0.11586489,0.116396055,0.97864205,0.10504079,0.10504079,1.0,0.0005311699,0.005056796,-25.666138,2.1530554,0.71768516,0.16800001,0.0,0.14624153,1.0999993,1.1099993,361600
hardzero_plus_depr__c0p50__z1p10__lam0p010__nu0p50__psi1p25,hardzero_plus_depr,0.02,36,113,0.0,2,0.116396055,0.11682603,1.0650074,0.0860979,0.0860979,1.0,0.00042997123,0.0049939803,-27.442545,2.343063,0.78102106,0.14400001,0.0,0.13414834,1.1099993,1.1199993,364800
hardzero_plus_depr__c0p50__z1p10__lam0p010__nu0p50__psi1p25,hardzero_plus_depr,0.02,36,114,0.0,2,0.11682603,0.11735208,0.97198755,0.10666266,0.10666266,1.0,0.00052605424,0.0049319435,-26.548786,2.1384153,0.71280515,0.216,0.0,0.15589331,1.1199993,1.1299993,368000
hardzero_plus_depr__c0p50__z1p10__lam0p010__nu0p50__psi1p25,hardzero_plus_depr,0.02,36,115,0.0,2,0.11735208,0.117824756,1.0130324,0.097043745,0.097043745,1.0,0.00047266885,0.0048706783,-27.451868,2.228716,0.7429053,0.15200001,0.0,0.15407173,1.1299993,1.1399993,371200
hardzero_plus_depr__c0p50__z1p10__lam0p010__nu0p50__psi1p25,hardzero_plus_depr,0.02,36,116,0.0,2,0.117824756,0.11829375,1.0109963,0.09749977,0.09749977,1.0,0.00046899082,0.0048101735,-27.63667,2.2242362,0.7414121,0.16000001,0.0,0.15775532,1.1399993,1.1499993,374400
hardzero_plus_depr__c0p50__z1p10__lam0p010__nu0p50__psi1p25,hardzero_plus_depr,0.02,36,117,0.0,2,0.11829375,0.11875436,1.0134012,0.09696139,0.09696139,1.0,0.00046060738,0.004750421,-27.186228,2.229527,0.7431757,0.13,0.0,0.14537168,1.1499993,1.1599993,377600
hardzero_plus_depr__c0p50__z1p10__lam0p010__nu0p50__psi1p25,hardzero_plus_depr,0.02,36,118,0.0,2,0.11875436,0.11917953,1.0427365,0.09062824,0.09062824,1.0,0.0004251742,0.00469141,-28.261873,2.2940662,0.76468873,0.112,0.0,0.14909363,1.1599993,1.1699992,380800
hardzero_plus_depr__c0p50__z1p10__lam0p010__nu0p50__psi1p25,hardzero_plus_depr,0.02,36,119,0.0,2,0.11917953,0.119629025,1.0131496,0.09701756,0.09701756,1.0,0.00044949522,0.004633133,-26.672525,2.2289736,0.7429912,0.208,0.0,0.16386372,1.1699992,1.1799992,384000
hardzero_plus_depr__c0p50__z1p10__lam0p010__nu0p50__psi1p25,hardzero_plus_depr,0.02,36,120,0.0,2,0.119629025,0.12011494,0.97388536,0.10619757,0.10619757,1.0,0.00048591537,0.004575579,-26.72301,2.1425905,0.71419686,0.17600001,0.0,0.14011458,1.1799992,1.1899992,387200
hardzero_plus_depr__c0p50__z1p10__lam0p010__nu0p50__psi1p25,hardzero_plus_depr,0.02,36,121,0.0,2,0.12011494,0.120580815,0.98674625,0.10309882,0.10309882,1.0,0.00046587677,0.0045187403,-26.816832,2.170885,0.7236284,0.136,0.0,0.16333929,1.1899992,1.1999992,390400
hardzero_plus_depr__c0p50__z1p10__lam0p010__nu0p50__psi1p25,hardzero_plus_depr,0.02,36,122,0.0,2,0.120580815,0.12097493,1.0539699,0.08831411,0.08831411,1.0,0.0003941112,0.0044626077,-27.933979,2.31878,0.7729267,0.136,0.0,0.15922727,1.1999992,1.2099992,393600
hardzero_plus_depr__c0p50__z1p10__lam0p010__nu0p50__psi1p25,hardzero_plus_depr,0.02,36,123,0.0,2,0.12097493,0.12136833,1.0493206,0.08926464,0.08926464,1.0,0.00039340465,0.0044071726,-28.738008,2.3085513,0.7695171,0.16800001,0.0,0.18606445,1.2099992,1.2199992,396800
hardzero_plus_depr__c0p50__z1p10__lam0p010__nu0p50__psi1p25,hardzero_plus_depr,0.02,36,124,0.0,2,0.12136833,0.121792965,1.0107192,0.09756202,0.09756202,1.0,0.00042463146,0.0043524257,-27.395063,2.2236266,0.7412089,0.14400001,0.0,0.1668255,1.2199992,1.2299992,400000
hardzero_plus_depr__c0p50__z1p10__lam0p010__nu0p50__psi1p25,hardzero_plus_depr,0.02,36,125,0.0,2,0.121792965,0.12220468,1.0187055,0.09578433,0.09578433,1.0,0.00041171542,0.0042983587,-26.84679,2.2411969,0.74706566,0.128,0.0,0.15256862,1.2299992,1.2399992,403200
hardzero_plus_depr__c0p50__z1p10__lam0p010__nu0p50__psi1p25,hardzero_plus_depr,0.02,36,126,0.0,2,0.12220468,0.122626014,1.0032519,0.09925402,0.09925402,1.0,0.0004213297,0.0042449636,-27.125462,2.2071984,0.7357328,0.136,0.0,0.15512569,1.2399992,1.2499992,406400
hardzero_plus_depr__c0p50__z1p10__lam0p010__nu0p50__psi1p25,hardzero_plus_depr,0.02,36,127,0.0,2,0.122626014,0.123055466,0.989532,0.10243962,0.10243962,1.0,0.00042945068,0.004192232,-27.303997,2.1770139,0.7256713,0.192,0.0,0.16041307,1.2499992,1.2599992,409600
hardzero_plus_depr__c0p50__z1p10__lam0p010__nu0p50__psi1p25,hardzero_plus_depr,0.02,36,128,0.0,2,0.123055466,0.12348119,0.9878895,0.10282779,0.10282779,1.0,0.00042572303,0.0041401554,-26.830305,2.1734004,0.7244668,0.16000001,0.0,0.13825381,1.2599992,1.2699991,412800
hardzero_plus_depr__c0p50__z1p10__lam0p010__nu0p50__psi1p25,hardzero_plus_depr,0.02,36,129,0.0,2,0.12348119,0.12389975,0.98983043,0.10236926,0.10236926,1.0,0.0004185598,0.0040887254,-25.833387,2.1776705,0.72589016,0.216,0.008,0.124975346,1.2699991,1.2799991,416000
hardzero_plus_depr__c0p50__z1p10__lam0p010__nu0p50__psi1p25,hardzero_plus_depr,0.02,36,130,0.0,2,0.12389975,0.124275126,1.031692,0.09296255,0.09296255,1.0,0.00037537667,0.0040379344,-27.603363,2.2697678,0.7565893,0.17999999,0.0,0.16081625,1.2799991,1.2899991,419200
hardzero_plus_depr__c0p50__z1p10__lam0p010__nu0p50__psi1p25,hardzero_plus_depr,0.02,36,131,0.0,2,0.124275126,0.124671124,1.0030408,0.09930228,0.09930228,1.0,0.00039599507,0.0039877743,-26.814201,2.2067337,0.73557794,0.17600001,0.0,0.15539844,1.2899991,1.2999991,422400
hardzero_plus_depr__c0p50__z1p10__lam0p010__nu0p50__psi1p25,hardzero_plus_depr,0.02,36,132,0.0,2,0.124671124,0.12506717,0.9975507,0.100565545,0.100565545,1.0,0.000396051,0.0039382377,-26.210804,2.1946554,0.7315518,0.128,0.0,0.14471227,1.2999991,1.3099991,425600
hardzero_plus_depr__c0p50__z1p10__lam0p010__nu0p50__psi1p25,hardzero_plus_depr,0.02,36,133,0.0,2,0.12506717,0.1254154,1.0480218,0.08953199,0.08953199,1.0,0.00034821822,0.0038893165,-28.346643,2.3056939,0.76856464,0.128,0.0,0.16202782,1.3099991,1.3199991,428800
hardzero_plus_depr__c0p50__z1p10__lam0p010__nu0p50__psi1p25,hardzero_plus_depr,0.02,36,134,0.0,2,0.1254154,0.12579481,1.005325,0.09878137,0.09878137,1.0,0.00037941948,0.0038410025,-26.702759,2.211759,0.73725307,0.216,0.008,0.15104137,1.3199991,1.3299991,432000
hardzero_plus_depr__c0p50__z1p10__lam0p010__nu0p50__psi1p25,hardzero_plus_depr,0.02,36,135,0.0,2,0.12579481,0.12618102,0.99220073,0.10181206,0.10181206,1.0,0.00038620253,0.0037932887,-27.216587,2.1828852,0.7276284,0.18400002,0.008,0.16388036,1.3299991,1.3399991,435200
hardzero_plus_depr__c0p50__z1p10__lam0p010__nu0p50__psi1p25,hardzero_plus_depr,0.02,36,136,0.0,2,0.12618102,0.12654671,1.0104828,0.097615145,0.097615145,1.0,0.00036568267,0.0037461675,-26.656322,2.2231066,0.7410356,0.18400002,0.0,0.15241596,1.3399991,1.3499991,438400
hardzero_plus_depr__c0p50__z1p10__lam0p010__nu0p50__psi1p25,hardzero_plus_depr,0.02,36,137,0.0,2,0.12654671,0.1269097,1.0082573,0.09811664,0.09811664,1.0,0.00036299546,0.0036996321,-26.852873,2.2182102,0.7394034,0.16800001,0.0,0.1376938,1.3499991,1.3599991,441600
hardzero_plus_depr__c0p50__z1p10__lam0p010__nu0p50__psi1p25,hardzero_plus_depr,0.02,36,138,0.0,2,0.1269097,0.12725778,1.021053,0.095268,0.095268,1.0,0.0003480783,0.0036536746,-26.594414,2.2463613,0.7487871,0.08800001,0.0,0.14186268,1.3599991,1.369999,444800
hardzero_plus_depr__c0p50__z1p10__lam0p010__nu0p50__psi1p25,hardzero_plus_depr,0.02,36,139,0.0,2,0.12725778,0.12759393,1.0307593,0.09316239,0.09316239,1.0,0.00033615672,0.003608288,-26.727642,2.2677157,0.7559053,0.17600001,0.0,0.17790858,1.369999,1.379999,448000
hardzero_plus_depr__c0p50__z1p10__lam0p010__nu0p50__psi1p25,hardzero_plus_depr,0.02,36,140,0.0,2,0.12759393,0.12796266,0.9851639,0.10347515,0.10347515,1.0,0.0003687301,0.003563465,-26.49143,2.167404,0.722468,0.224,0.0,0.13677168,1.379999,1.389999,451200
hardzero_plus_depr__c0p50__z1p10__lam0p010__nu0p50__psi1p25,hardzero_plus_depr,0.02,36,141,0.0,2,0.12796266,0.12831947,0.99401486,0.10138767,0.10138767,1.0,0.00035680342,0.0035191993,-27.1177,2.1868763,0.7289588,0.15200001,0.0,0.13604218,1.389999,1.399999,454400
hardzero_plus_depr__c0p50__z1p10__lam0p010__nu0p50__psi1p25,hardzero_plus_depr,0.02,36,142,0.0,2,0.12831947,0.12868752,0.97510886,0.10589881,0.10589881,1.0,0.0003680495,0.003475483,-25.733528,2.1452823,0.7150941,0.2,0.0,0.14266564,1.399999,1.409999,457600
hardzero_plus_depr__c0p50__z1p10__lam0p010__nu0p50__psi1p25,hardzero_plus_depr,0.02,36,143,0.0,2,0.12868752,0.12904099,0.98722696,0.10298478,0.10298478,1.0,0.0003534757,0.0034323102,-26.459734,2.1719427,0.7239809,0.17999999,0.0,0.13466078,1.409999,1.419999,460800
hardzero_plus_depr__c0p50__z1p10__lam0p010__nu0p50__psi1p25,hardzero_plus_depr,0.02,36,144,0.0,2,0.12904099,0.1293882,0.9895682,0.102431096,0.102431096,1.0,0.00034720794,0.003389673,-26.648172,2.1770935,0.7256979,0.208,0.0,0.14966825,1.419999,1.429999,464000
hardzero_plus_depr__c0p50__z1p10__lam0p010__nu0p50__psi1p25,hardzero_plus_depr,0.02,36,145,0.0,2,0.1293882,0.12969711,1.0348892,0.09228068,0.09228068,1.0,0.00030891568,0.0033475661,-27.207293,2.2768018,0.75893396,0.14400001,0.0,0.14779857,1.429999,1.439999,467200
hardzero_plus_depr__c0p50__z1p10__lam0p010__nu0p50__psi1p25,hardzero_plus_depr,0.02,36,146,0.0,2,0.12969711,0.13001055,1.0231577,0.09480741,0.09480741,1.0,0.00031343158,0.0033059819,-27.008394,2.2509918,0.7503306,0.17600001,0.0,0.13963778,1.439999,1.449999,470400
hardzero_plus_depr__c0p50__z1p10__lam0p010__nu0p50__psi1p25,hardzero_plus_depr,0.02,36,147,0.0,2,0.13001055,0.13038094,0.94519854,0.113449186,0.113449186,1.0,0.00037040186,0.0032649143,-25.983606,2.0794783,0.69315946,0.216,0.0,0.10729561,1.449999,1.459999,473600
hardzero_plus_depr__c0p50__z1p10__lam0p010__nu0p50__psi1p25,hardzero_plus_depr,0.02,36,148,0.0,2,0.13038094,0.13067316,1.0427375,0.09062801,0.09062801,1.0,0.00029221707,0.003224357,-27.06598,2.2940683,0.76468945,0.16800001,0.0,0.1655307,1.459999,1.469999,476800
hardzero_plus_depr__c0p50__z1p10__lam0p010__nu0p50__psi1p25,hardzero_plus_depr,0.02,36,149,0.0,2,0.13067316,0.13098615,1.0074719,0.098294236,0.098294236,1.0,0.0003129987,0.0031843036,-27.13758,2.2164824,0.73882747,0.208,0.0,0.17587113,1.469999,1.479999,480000
hardzero_plus_depr__c0p50__z1p10__lam0p010__nu0p50__psi1p25,hardzero_plus_depr,0.02,36,150,0.0,2,0.13098615,0.1312692,1.0457331,0.09000506,0.09000506,1.0,0.0002830432,0.0031447473,-26.847181,2.3006587,0.76688623,0.136,0.0,0.17331338,1.479999,1.4899989,483200
hardzero_plus_depr__c0p50__z1p10__lam0p010__nu0p50__psi1p25,hardzero_plus_depr,0.02,36,151,0.0,2,0.1312692,0.13154867,1.0458202,0.089987,0.089987,1.0,0.0002794711,0.003105683,-27.112076,2.3008504,0.76695013,0.16000001,0.0,0.146328,1.4899989,1.4999989,486400
hardzero_plus_depr__c0p50__z1p10__lam0p010__nu0p50__psi1p25,hardzero_plus_depr,0.02,36,152,0.0,2,0.13154867,0.13184005,1.0222657,0.095002346,0.095002346,1.0,0.00029138202,0.0030671034,-27.134888,2.2490294,0.74967647,0.16800001,0.0,0.14377436,1.4999989,1.5099989,489600
hardzero_plus_depr__c0p50__z1p10__lam0p010__nu0p50__psi1p25,hardzero_plus_depr,0.02,36,153,0.0,2,0.13184005,0.13212201,1.0311232,0.093084395,0.093084395,1.0,0.00028195293,0.0030290033,-27.059095,2.2685163,0.7561721,0.136,0.0,0.14637032,1.5099989,1.5199989,492800
hardzero_plus_depr__c0p50__z1p10__lam0p010__nu0p50__psi1p25,hardzero_plus_depr,0.02,36,154,0.0,2,0.13212201,0.13238053,1.0633757,0.086422,0.086422,1.0,0.0002585207,0.0029913764,-27.765392,2.3394732,0.77982444,0.08800001,0.0,0.16727845,1.5199989,1.5299989,496000
hardzero_plus_depr__c0p50__z1p10__lam0p010__nu0p50__psi1p25,hardzero_plus_depr,0.02,36,155,0.0,2,0.13238053,0.13265768,1.0277439,0.09381149,0.09381149,1.0,0.0002771395,0.0029542171,-27.334793,2.261082,0.753694,0.14400001,0.0,0.17121215,1.5299989,1.5399989,499200
hardzero_plus_depr__c0p50__z1p10__lam0p010__nu0p50__psi1p25,hardzero_plus_depr,0.02,36,156,0.0,2,0.13265768,0.1329391,1.0156618,0.09645797,0.09645797,1.0,0.00028141798,0.002917519,-27.544346,2.2345006,0.7448336,0.14,0.0,0.13366853,1.5399989,1.5499989,502400
hardzero_plus_depr__c0p50__z1p10__lam0p010__nu0p50__psi1p25,hardzero_plus_depr,0.02,36,157,0.0,2,0.1329391,0.13321565,1.0178182,0.09598022,0.09598022,1.0,0.00027654562,0.0028812771,-26.936144,2.2392447,0.7464149,0.120000005,0.0,0.15575887,1.5499989,1.5599989,505600
hardzero_plus_depr__c0p50__z1p10__lam0p010__nu0p50__psi1p25,hardzero_plus_depr,0.02,36,158,0.0,2,0.13321565,0.13348114,1.0300953,0.09330494,0.09330494,1.0,0.00026549783,0.0028454852,-27.77325,2.266255,0.7554183,0.15200001,0.0,0.16563678,1.5599989,1.5699989,508800
hardzero_plus_depr__c0p50__z1p10__lam0p010__nu0p50__psi1p25,hardzero_plus_depr,0.02,36,159,0.0,2,0.13348114,0.13371842,1.0734773,0.084435046,0.084435046,1.0,0.00023727413,0.002810138,-28.66524,2.3616972,0.7872324,0.192,0.008,0.19699532,1.5699989,1.5799989,512000
hardzero_plus_depr__c0p50__z1p10__lam0p010__nu0p50__psi1p25,hardzero_plus_depr,0.02,36,160,0.0,2,0.13371842,0.13401009,0.9784064,0.10509778,0.10509778,1.0,0.0002916705,0.00277523,-26.242437,2.152537,0.71751237,0.208,0.0,0.13755812,1.5799989,1.5899988,515200
hardzero_plus_depr__c0p50__z1p10__lam0p010__nu0p50__psi1p25,hardzero_plus_depr,0.02,36,161,0.0,2,0.13401009,0.1342793,1.0077928,0.09822164,0.09822164,1.0,0.00026920153,0.002740756,-26.817287,2.2171886,0.7390629,0.2,0.0,0.16751283,1.5899988,1.5999988,518400
hardzero_plus_depr__c0p50__z1p10__lam0p010__nu0p50__psi1p25,hardzero_plus_depr,0.02,36,162,0.0,2,0.1342793,0.13452901,1.0350002,0.09225709,0.09225709,1.0,0.00024971316,0.0027067098,-27.054474,2.277046,0.7590153,0.224,0.0,0.17081475,1.5999988,1.6099988,521600
hardzero_plus_depr__c0p50__z1p10__lam0p010__nu0p50__psi1p25,hardzero_plus_depr,0.02,36,163,0.0,2,0.13452901,0.13478395,1.0205574,0.09537677,0.09537677,1.0,0.00025495028,0.0026730858,-27.945618,2.2452712,0.74842376,0.192,0.0,0.14123717,1.6099988,1.6199988,524800
hardzero_plus_depr__c0p50__z1p10__lam0p010__nu0p50__psi1p25,hardzero_plus_depr,0.02,36,164,0.0,2,0.13478395,0.13502246,1.0440784,0.09034865,0.09034865,1.0,0.0002385097,0.002639881,-27.18238,2.2970183,0.7656728,0.096,0.0,0.17290287,1.6199988,1.6299988,528000
hardzero_plus_depr__c0p50__z1p10__lam0p010__nu0p50__psi1p25,hardzero_plus_depr,0.02,36,165,0.0,2,0.13502246,0.13526691,1.0279524,0.09376647,0.09376647,1.0,0.00024445742,0.0026070878,-27.14997,2.2615404,0.7538468,0.136,0.0,0.19437344,1.6299988,1.6399988,531200
hardzero_plus_depr__c0p50__z1p10__lam0p010__nu0p50__psi1p25,hardzero_plus_depr,0.02,36,166,0.0,2,0.13526691,0.13553277,0.986085,0.103255935,0.103255935,1.0,0.00026585325,0.0025747018,-27.726112,2.1694303,0.72314346,0.2,0.0,0.17100532,1.6399988,1.6499988,534400
hardzero_plus_depr__c0p50__z1p10__lam0p010__nu0p50__psi1p25,hardzero_plus_depr,0.02,36,167,0.0,2,0.13553277,0.13574603,1.0763711,0.08387431,0.08387431,1.0,0.00021326874,0.0025427183,-28.297724,2.3680637,0.78935456,0.15200001,0.0,0.16096246,1.6499988,1.6599988,537600
hardzero_plus_depr__c0p50__z1p10__lam0p010__nu0p50__psi1p25,hardzero_plus_depr,0.02,36,168,0.0,2,0.13574603,0.1359675,1.0545592,0.08819435,0.08819435,1.0,0.0002214677,0.0025111325,-27.736916,2.3200767,0.77335894,0.14400001,0.0,0.1473715,1.6599988,1.6699988,540800
hardzero_plus_depr__c0p50__z1p10__lam0p010__nu0p50__psi1p25,hardzero_plus_depr,0.02,36,169,0.0,2,0.1359675,0.13620625,1.0164822,0.09627594,0.09627594,1.0,0.00023875841,0.0024799386,-27.56197,2.2363055,0.7454352,0.14999999,0.0,0.16453855,1.6699988,1.6799988,544000
hardzero_plus_depr__c0p50__z1p10__lam0p010__nu0p50__psi1p25,hardzero_plus_depr,0.02,36,170,0.0,2,0.13620625,0.13646255,0.9802551,0.10465136,0.10465136,1.0,0.000256305,0.002449132,-26.870089,2.1566043,0.71886814,0.16800001,0.0,0.1416308,1.6799988,1.6899987,547200
hardzero_plus_depr__c0p50__z1p10__lam0p010__nu0p50__psi1p25,hardzero_plus_depr,0.02,36,171,0.0,2,0.13646255,0.13668013,1.045971,0.08995577,0.08995577,1.0,0.00021757679,0.0024187085,-28.20633,2.3011823,0.76706076,0.14400001,0.0,0.19198278,1.6899987,1.6999987,550400
hardzero_plus_depr__c0p50__z1p10__lam0p010__nu0p50__psi1p25,hardzero_plus_depr,0.02,36,172,0.0,2,0.13668013,0.13690406,1.0280364,0.093748346,0.093748346,1.0,0.00022393321,0.0023886631,-27.088648,2.2617252,0.7539084,0.16000001,0.0,0.16729355,1.6999987,1.7099987,553600
hardzero_plus_depr__c0p50__z1p10__lam0p010__nu0p50__psi1p25,hardzero_plus_depr,0.02,36,173,0.0,2,0.13690406,0.13710476,1.0701549,0.08508345,0.08508345,1.0,0.00020071106,0.0023589907,-26.916685,2.3543878,0.78479594,0.136,0.0,0.14191389,1.7099987,1.7199987,556800
hardzero_plus_depr__c0p50__z1p10__lam0p010__nu0p50__psi1p25,hardzero_plus_depr,0.02,36,174,0.0,2,0.13710476,0.13734862,0.98015714,0.104674965,0.104674965,1.0,0.00024385989,0.002329687,-27.078,2.1563888,0.71879625,0.208,0.0,0.13808095,1.7199987,1.7299987,560000
hardzero_plus_depr__c0p50__z1p10__lam0p010__nu0p50__psi1p25,hardzero_plus_depr,0.02,36,175,0.0,2,0.13734862,0.13756928,1.018166,0.09590341,0.09590341,1.0,0.00022064947,0.0023007467,-27.418875,2.2400098,0.74666995,0.104,0.0,0.14258237,1.7299987,1.7399987,563200
hardzero_plus_depr__c0p50__z1p10__lam0p010__nu0p50__psi1p25,hardzero_plus_depr,0.02,36,176,0.0,2,0.13756928,0.13778812,1.016326,0.09631058,0.09631058,1.0,0.0002188337,0.0022721668,-26.823397,2.2359617,0.74532056,0.128,0.0,0.14253326,1.7399987,1.7499987,566400
hardzero_plus_depr__c0p50__z1p10__lam0p010__nu0p50__psi1p25,hardzero_plus_depr,0.02,36,177,0.0,2,0.13778812,0.13801622,0.9928808,0.10165276,0.10165276,1.0,0.00022810283,0.0022439414,-26.775938,2.1843815,0.7281272,0.16000001,0.0,0.15365174,1.7499987,1.7599987,569600
hardzero_plus_depr__c0p50__z1p10__lam0p010__nu0p50__psi1p25,hardzero_plus_depr,0.02,36,178,0.0,2,0.13801622,0.13824867,0.97927153,0.10488863,0.10488863,1.0,0.0002324402,0.0022160667,-26.234173,2.1544404,0.7181468,0.208,0.0,0.14588787,1.7599987,1.7699987,572800
hardzero_plus_depr__c0p50__z1p10__lam0p010__nu0p50__psi1p25,hardzero_plus_depr,0.02,36,179,0.0,2,0.13824867,0.13847081,0.9935003,0.10150788,0.10150788,1.0,0.00022215387,0.0021885382,-25.390612,2.1857443,0.7285814,0.15200001,0.0,0.16589364,1.7699987,1.7799987,576000
hardzero_plus_depr__c0p50__z1p10__lam0p010__nu0p50__psi1p25,hardzero_plus_depr,0.02,36,180,0.0,2,0.13847081,0.13867117,1.032901,0.092704095,0.092704095,1.0,0.0002003662,0.0021613522,-27.554441,2.2724276,0.75747585,0.128,0.0,0.15687506,1.7799987,1.7899987,579200
hardzero_plus_depr__c0p50__z1p10__lam0p010__nu0p50__psi1p25,hardzero_plus_depr,0.02,36,181,0.0,2,0.13867117,0.13887599,1.0179197,0.095957816,0.095957816,1.0,0.00020482228,0.0021345033,-27.150549,2.239468,0.7464894,0.15200001,0.0,0.11948492,1.7899987,1.7999986,582400
hardzero_plus_depr__c0p50__z1p10__lam0p010__nu0p50__psi1p25,hardzero_plus_depr,0.02,36,182,0.0,2,0.13887599,0.13907608,1.0226406,0.09492037,0.09492037,1.0,0.00020009099,0.0021079879,-27.005392,2.249854,0.74995136,0.12,0.0,0.16104633,1.7999986,1.8099986,585600
hardzero_plus_depr__c0p50__z1p10__lam0p010__nu0p50__psi1p25,hardzero_plus_depr,0.02,36,183,0.0,2,0.13907608,0.13924447,1.0921284,0.08088568,0.08088568,1.0,0.00016838795,0.0020818019,-28.186075,2.4027305,0.8009102,0.048,0.0,0.16152436,1.8099986,1.8199986,588800
hardzero_plus_depr__c0p50__z1p10__lam0p010__nu0p50__psi1p25,hardzero_plus_depr,0.02,36,184,0.0,2,0.13924447,0.1394406,1.020461,0.095397934,0.095397934,1.0,0.0001961326,0.0020559418,-27.58524,2.245059,0.748353,0.16000001,0.0,0.16419032,1.8199986,1.8299986,592000
hardzero_plus_depr__c0p50__z1p10__lam0p010__nu0p50__psi1p25,hardzero_plus_depr,0.02,36,185,0.0,2,0.1394406,0.13965693,0.9724644,0.10654562,0.10654562,1.0,0.00021633049,0.0020304024,-25.807917,2.1394644,0.7131548,0.208,0.0,0.16223872,1.8299986,1.8399986,595200
hardzero_plus_depr__c0p50__z1p10__lam0p010__nu0p50__psi1p25,hardzero_plus_depr,0.02,36,186,0.0,2,0.13965693,0.13984932,1.0179799,0.09594451,0.09594451,1.0,0.00019238603,0.00200518,-27.918743,2.2396004,0.7465335,0.192,0.0,0.17331928,1.8399986,1.8499986,598400
hardzero_plus_depr__c0p50__z1p10__lam0p010__nu0p50__psi1p25,hardzero_plus_depr,0.02,36,187,0.0,2,0.13984932,0.14003763,1.0218532,0.0950926,0.0950926,1.0,0.00018830916,0.0019802714,-27.907158,2.248122,0.74937403,0.192,0.0,0.15121622,1.8499986,1.8599986,601600
hardzero_plus_depr__c0p50__z1p10__lam0p010__nu0p50__psi1p25,hardzero_plus_depr,0.02,36,188,0.0,2,0.14003763,0.14022739,1.0130763,0.09703394,0.09703394,1.0,0.0001897666,0.0019556724,-26.819555,2.2288125,0.7429375,0.120000005,0.0,0.127742,1.8599986,1.8699986,604800
hardzero_plus_depr__c0p50__z1p10__lam0p010__nu0p50__psi1p25,hardzero_plus_depr,0.02,36,189,0.0,2,0.14022739,0.14039965,1.0496738,0.089192055,0.089192055,1.0,0.00017226362,0.0019313786,-27.07939,2.3093286,0.7697762,0.18400002,0.0,0.13400124,1.8699986,1.8799986,608000
hardzero_plus_depr__c0p50__z1p10__lam0p010__nu0p50__psi1p25,hardzero_plus_depr,0.02,36,190,0.0,2,0.14039965,0.1405757,1.0347726,0.09230546,0.09230546,1.0,0.0001760622,0.0019073866,-27.359127,2.2765453,0.7588484,0.16000001,0.0,0.18039492,1.8799986,1.8899986,611200
hardzero_plus_depr__c0p50__z1p10__lam0p010__nu0p50__psi1p25,hardzero_plus_depr,0.02,36,191,0.0,2,0.1405757,0.14076307,1.0023149,0.09946838,0.09946838,1.0,0.00018736784,0.0018836925,-27.159082,2.2051368,0.7350456,0.208,0.0,0.14369632,1.8899986,1.8999985,614400
hardzero_plus_depr__c0p50__z1p10__lam0p010__nu0p50__psi1p25,hardzero_plus_depr,0.02,36,192,0.0,2,0.14076307,0.14093632,1.030937,0.09312431,0.09312431,1.0,0.00017323851,0.0018602932,-27.666014,2.2681067,0.75603557,0.15200001,0.0,0.15639901,1.8999985,1.9099985,617600
hardzero_plus_depr__c0p50__z1p10__lam0p010__nu0p50__psi1p25,hardzero_plus_depr,0.02,36,193,0.0,2,0.14093632,0.14110745,1.0307947,0.093154795,0.093154795,1.0,0.00017114251,0.0018371842,-27.004517,2.2677937,0.75593126,0.16000001,0.0,0.150068,1.9099985,1.9199985,620800
hardzero_plus_depr__c0p50__z1p10__lam0p010__nu0p50__psi1p25,hardzero_plus_depr,0.02,36,194,0.0,2,0.14110745,0.14126444,1.0628887,0.08651895,0.08651895,1.0,0.00015697673,0.0018143624,-27.857924,2.338402,0.77946734,0.120000005,0.0,0.16016813,1.9199985,1.9299985,624000
hardzero_plus_depr__c0p50__z1p10__lam0p010__nu0p50__psi1p25,hardzero_plus_depr,0.02,36,195,0.0,2,0.14126444,0.1414423,1.0032295,0.09925912,0.09925912,1.0,0.00017785486,0.0017918239,-27.021763,2.207149,0.73571634,0.12,0.0,0.12838371,1.9299985,1.9399985,627200
hardzero_plus_depr__c0p50__z1p10__lam0p010__nu0p50__psi1p25,hardzero_plus_depr,0.02,36,196,0.0,2,0.1414423,0.14161523,1.0100085,0.097721815,0.097721815,1.0,0.00017292518,0.0017695659,-26.362387,2.222063,0.7406877,0.16000001,0.0,0.13404454,1.9399985,1.9499985,630400
hardzero_plus_depr__c0p50__z1p10__lam0p010__nu0p50__psi1p25,hardzero_plus_depr,0.02,36,197,0.0,2,0.14161523,0.14178924,1.0018322,0.09957901,0.09957901,1.0,0.00017402266,0.0017475837,-27.99588,2.2040749,0.7346916,0.17600001,0.0,0.19745034,1.9499985,1.9599985,633600
hardzero_plus_depr__c0p50__z1p10__lam0p010__nu0p50__psi1p25,hardzero_plus_depr,0.02,36,198,0.0,2,0.14178924,0.14196776,0.98532104,0.10343774,0.10343774,1.0,0.00017852058,0.0017258748,-26.746252,2.1677496,0.72258323,0.16800001,0.0,0.14236529,1.9599985,1.9699985,636800
hardzero_plus_depr__c0p50__z1p10__lam0p010__nu0p50__psi1p25,hardzero_plus_depr,0.02,36,199,0.0,2,0.14196776,0.14213003,1.021329,0.09520746,0.09520746,1.0,0.00016227498,0.0017044356,-27.269634,2.2469687,0.7489896,0.216,0.0,0.14463851,1.9699985,1.9799985,640000
hardzero_plus_depr__c0p50__z1p10__lam0p010__nu0p50__psi1p25,hardzero_plus_depr,0.02,36,200,0.0,2,0.14213003,0.14230208,0.9904834,0.10221546,0.10221546,1.0,0.00017205552,0.0016832631,-26.421206,2.179107,0.726369,0.16800001,0.0,0.12766518,1.9799985,1.9899985,643200
hardzero_plus_depr__c0p50__z1p10__lam0p010__nu0p50__psi1p25,hardzero_plus_depr,0.02,36,201,0.0,2,0.14230208,0.14248137,0.9671483,0.10785782,0.10785782,1.0,0.0001792978,0.0016623533,-26.477499,2.1277688,0.7092563,0.216,0.0,0.13900533,1.9899985,1.9999985,646400
hardzero_plus_depr__c0p50__z1p10__lam0p010__nu0p50__psi1p25,hardzero_plus_depr,0.02,36,202,0.0,2,0.14248137,0.14263478,1.029432,0.09344755,0.09344755,1.0,0.00015341313,0.0016417031,-27.020462,2.2647958,0.7549319,0.112,0.0,0.15685372,1.9999985,2.0099986,649600
hardzero_plus_depr__c0p50__z1p10__lam0p010__nu0p50__psi1p25,hardzero_plus_depr,0.02,36,203,0.0,2,0.14263478,0.1427791,1.050524,0.089017615,0.089017615,1.0,0.0001443251,0.0016213094,-27.788677,2.311199,0.7703997,0.15200001,0.0,0.16918153,2.0099986,2.0199986,652800
hardzero_plus_depr__c0p50__z1p10__lam0p010__nu0p50__psi1p25,hardzero_plus_depr,0.02,36,204,0.0,2,0.1427791,0.14293581,1.0093071,0.09787974,0.09787974,1.0,0.00015672202,0.0016011691,-26.828121,2.22052,0.74017334,0.15200001,0.0,0.13680318,2.0199986,2.0299985,656000
hardzero_plus_depr__c0p50__z1p10__lam0p010__nu0p50__psi1p25,hardzero_plus_depr,0.02,36,205,0.0,2,0.14293581,0.1430899,1.01121,0.097451836,0.097451836,1.0,0.00015409854,0.001581279,-26.54047,2.2247064,0.7415688,0.15200001,0.0,0.152164,2.0299985,2.0399985,659200
hardzero_plus_depr__c0p50__z1p10__lam0p010__nu0p50__psi1p25,hardzero_plus_depr,0.02,36,206,0.0,2,0.1430899,0.1432582,0.9675106,0.10776789,0.10776789,1.0,0.0001682942,0.0015616359,-26.187132,2.1285658,0.70952195,0.15200001,0.0,0.12244062,2.0399985,2.0499985,662400
hardzero_plus_depr__c0p50__z1p10__lam0p010__nu0p50__psi1p25,hardzero_plus_depr,0.02,36,207,0.0,2,0.1432582,0.14339608,1.0486506,0.089402445,0.089402445,1.0,0.00013787978,0.0015422372,-27.570526,2.3070774,0.7690258,0.15200001,0.0,0.16205788,2.0499985,2.0599985,665600
hardzero_plus_depr__c0p50__z1p10__lam0p010__nu0p50__psi1p25,hardzero_plus_depr,0.02,36,208,0.0,2,0.14339608,0.14354652,1.0053666,0.0987719,0.0987719,1.0,0.00015043742,0.0015230792,-26.298916,2.2118506,0.7372836,0.12,0.0,0.13062318,2.0599985,2.0699985,668800
hardzero_plus_depr__c0p50__z1p10__lam0p010__nu0p50__psi1p25,hardzero_plus_depr,0.02,36,209,0.0,2,0.14354652,0.14369027,1.0197017,0.09556487,0.09556487,1.0,0.00014374478,0.0015041592,-27.818287,2.2433887,0.74779624,0.18400002,0.0,0.15855898,2.0699985,2.0799985,672000
hardzero_plus_depr__c0p50__z1p10__lam0p010__nu0p50__psi1p25,hardzero_plus_depr,0.02,36,210,0.0,2,0.14369027,0.14384979,0.9690777,0.10737974,0.10737974,1.0,0.00015950987,0.0014854745,-26.962421,2.1320136,0.7106712,0.16800001,0.0,0.15142296,2.0799985,2.0899985,675200
hardzero_plus_depr__c0p50__z1p10__lam0p010__nu0p50__psi1p25,hardzero_plus_depr,0.02,36,211,0.0,2,0.14384979,0.14400609,0.9724991,0.10653711,0.10653711,1.0,0.00015629226,0.0014670216,-26.198599,2.1395407,0.71318024,0.224,0.0,0.15194575,2.0899985,2.0999985,678400
hardzero_plus_depr__c0p50__z1p10__lam0p010__nu0p50__psi1p25,hardzero_plus_depr,0.02,36,212,0.0,2,0.14400609,0.1441589,0.9768535,0.105474256,0.105474256,1.0,0.00015281088,0.0014487979,-26.608185,2.1491206,0.71637356,0.128,0.0,0.12941238,2.0999985,2.1099985,681600
hardzero_plus_depr__c0p50__z1p10__lam0p010__nu0p50__psi1p25,hardzero_plus_depr,0.02,36,213,0.0,2,0.1441589,0.14429164,1.0325629,0.09277631,0.09277631,1.0,0.0001327444,0.0014308005,-27.564468,2.2716837,0.7572279,0.14400001,0.0,0.15795371,2.1099985,2.1199985,684800
hardzero_plus_depr__c0p50__z1p10__lam0p010__nu0p50__psi1p25,hardzero_plus_depr,0.02,36,214,0.0,2,0.14429164,0.14443202,1.0028276,0.09935102,0.09935102,1.0,0.00014038564,0.0014130267,-27.20415,2.206265,0.73542166,0.18400002,0.0,0.16307466,2.1199985,2.1299984,688000
hardzero_plus_depr__c0p50__z1p10__lam0p010__nu0p50__psi1p25,hardzero_plus_depr,0.02,36,215,0.0,2,0.14443202,0.14457576,0.9871326,0.10300715,0.10300715,1.0,0.00014374382,0.0013954742,-26.968887,2.171735,0.7239117,0.16000001,0.0,0.14072429,2.1299984,2.1399984,691200
hardzero_plus_depr__c0p50__z1p10__lam0p010__nu0p50__psi1p25,hardzero_plus_depr,0.02,36,216,0.0,2,0.14457576,0.14472057,0.9784852,0.10507871,0.10507871,1.0,0.0001448131,0.0013781392,-26.477098,2.1527104,0.7175702,0.136,0.0,0.11012458,2.1399984,2.1499984,694400
hardzero_plus_depr__c0p50__z1p10__lam0p010__nu0p50__psi1p25,hardzero_plus_depr,0.02,36,217,0.0,2,0.14472057,0.144862,0.9833416,0.10391026,0.10391026,1.0,0.00014142391,0.0013610197,-26.068031,2.1633947,0.72113156,0.16000001,0.0,0.14006811,2.1499984,2.1599984,697600
hardzero_plus_depr__c0p50__z1p10__lam0p010__nu0p50__psi1p25,hardzero_plus_depr,0.02,36,218,0.0,2,0.144862,0.1449762,1.0707394,0.08496901,0.08496901,1.0,0.00011420795,0.001344113,-28.263294,2.3556738,0.7852246,0.14400001,0.0,0.14394748,2.1599984,2.1699984,700800
hardzero_plus_depr__c0p50__z1p10__lam0p010__nu0p50__psi1p25,hardzero_plus_depr,0.02,36,219,0.0,2,0.1449762,0.14510791,1.0033838,0.0992239,0.0992239,1.0,0.00013171141,0.0013274162,-26.78475,2.2074883,0.7358295,0.120000005,0.0,0.12745705,2.1699984,2.1799984,704000
hardzero_plus_depr__c0p50__z1p10__lam0p010__nu0p50__psi1p25,hardzero_plus_depr,0.02,36,220,0.0,2,0.14510791,0.1452393,0.999021,0.10022568,0.10022568,1.0,0.00013138852,0.0013109266,-27.596329,2.19789,0.73263,0.2,0.0,0.16746497,2.1799984,2.1899984,707200
hardzero_plus_depr__c0p50__z1p10__lam0p010__nu0p50__psi1p25,hardzero_plus_depr,0.02,36,221,0.0,2,0.1452393,0.14534585,1.0845697,0.082305774,0.082305774,1.0,0.0001065565,0.0012946419,-29.172812,2.386101,0.795367,0.14,0.0,0.18547076,2.1899984,2.1999984,710400
hardzero_plus_depr__c0p50__z1p10__lam0p010__nu0p50__psi1p25,hardzero_plus_depr,0.02,36,222,0.0,2,0.14534585,0.14548044,0.97772735,0.105262235,0.105262235,1.0,0.00013458404,0.0012785597,-26.761868,2.1510432,0.71701443,0.24800001,0.0,0.14454165,2.1999984,2.2099984,713600
hardzero_plus_depr__c0p50__z1p10__lam0p010__nu0p50__psi1p25,hardzero_plus_depr,0.02,36,223,0.0,2,0.14548044,0.14559782,1.0316918,0.092962585,0.092962585,1.0,0.000117381765,0.0012626775,-27.541107,2.2697673,0.7565891,0.128,0.0,0.17082813,2.2099984,2.2199984,716800
hardzero_plus_depr__c0p50__z1p10__lam0p010__nu0p50__psi1p25,hardzero_plus_depr,0.02,36,224,0.0,2,0.14559782,0.14572538,0.9901239,0.10230011,0.10230011,1.0,0.00012756743,0.0012469921,-26.267696,2.178316,0.7261054,0.128,0.0,0.15490489,2.2199984,2.2299984,720000
hardzero_plus_depr__c0p50__z1p10__lam0p010__nu0p50__psi1p25,hardzero_plus_depr,0.02,36,225,0.0,2,0.14572538,0.14586197,0.955048,0.110905215,0.110905215,1.0,0.00013657995,0.0012315017,-26.43497,2.1011477,0.7003826,0.224,0.008,0.16388398,2.2299984,2.2399983,723200
hardzero_plus_depr__c0p50__z1p10__lam0p010__nu0p50__psi1p25,hardzero_plus_depr,0.02,36,226,0.0,2,0.14586197,0.14598909,0.9807683,0.10452778,0.10452778,1.0,0.00012712707,0.0012162038,-26.777704,2.1577334,0.7192445,0.2,0.0,0.14797738,2.2399983,2.2499983,726400
hardzero_plus_depr__c0p50__z1p10__lam0p010__nu0p50__psi1p25,hardzero_plus_depr,0.02,36,227,0.0,2,0.14598909,0.14611636,0.9748735,0.10595623,0.10595623,1.0,0.00012726359,0.0012010959,-26.734228,2.1447644,0.7149215,0.16000001,0.0,0.1527415,2.2499983,2.2599983,729600
hardzero_plus_depr__c0p50__z1p10__lam0p010__nu0p50__psi1p25,hardzero_plus_depr,0.02,36,228,0.0,2,0.14611636,0.1462223,1.0491321,0.08930338,0.08930338,1.0,0.00010592948,0.0011861755,-27.73215,2.3081367,0.7693789,0.16000001,0.0,0.14873055,2.2599983,2.2699983,732800
hardzero_plus_depr__c0p50__z1p10__lam0p010__nu0p50__psi1p25,hardzero_plus_depr,0.02,36,229,0.0,2,0.1462223,0.1463369,1.0094913,0.09783824,0.09783824,1.0,0.000114611685,0.0011714406,-27.452616,2.2209253,0.74030846,0.16800001,0.0,0.16409989,2.2699983,2.2799983,736000
hardzero_plus_depr__c0p50__z1p10__lam0p010__nu0p50__psi1p25,hardzero_plus_depr,0.02,36,230,0.0,2,0.1463369,0.14643706,1.062591,0.0865783,0.0865783,1.0,0.00010016146,0.0011568887,-27.396414,2.3377469,0.77924895,0.072000004,0.0,0.15113018,2.2799983,2.2899983,739200
hardzero_plus_depr__c0p50__z1p10__lam0p010__nu0p50__psi1p25,hardzero_plus_depr,0.02,36,231,0.0,2,0.14643706,0.14654848,1.0108904,0.097523585,0.097523585,1.0,0.00011142244,0.0011425179,-27.57952,2.2240033,0.74133444,0.192,0.0,0.18458158,2.2899983,2.2999983,742400
hardzero_plus_depr__c0p50__z1p10__lam0p010__nu0p50__psi1p25,hardzero_plus_depr,0.02,36,232,0.0,2,0.14654848,0.14666584,0.982895,0.10401717,0.10401717,1.0,0.0001173652,0.0011283252,-25.87919,2.1624122,0.7208041,0.17600001,0.0,0.13210656,2.2999983,2.3099983,745600
hardzero_plus_depr__c0p50__z1p10__lam0p010__nu0p50__psi1p25,hardzero_plus_depr,0.02,36,233,0.0,2,0.14666584,0.14676553,1.0483418,0.08946605,0.08946605,1.0,9.969281e-05,0.0011143088,-27.852585,2.306398,0.7687993,0.2,0.0,0.1794598,2.3099983,2.3199983,748800
hardzero_plus_depr__c0p50__z1p10__lam0p010__nu0p50__psi1p25,hardzero_plus_depr,0.02,36,234,0.0,2,0.14676553,0.14686279,1.0536366,0.08838192,0.08838192,1.0,9.726138e-05,0.0011004669,-27.966572,2.3180466,0.7726822,0.14999999,0.0,0.1634277,2.3199983,2.3299983,752000
hardzero_plus_depr__c0p50__z1p10__lam0p010__nu0p50__psi1p25,hardzero_plus_depr,0.02,36,235,0.0,2,0.14686279,0.14697742,0.9768062,0.10548575,0.10548575,1.0,0.00011464156,0.0010867966,-26.503538,2.1490166,0.7163389,0.128,0.0,0.14407194,2.3299983,2.3399982,755200
hardzero_plus_depr__c0p50__z1p10__lam0p010__nu0p50__psi1p25,hardzero_plus_depr,0.02,36,236,0.0,2,0.14697742,0.14708123,1.0145195,0.09671204,0.09671204,1.0,0.00010380066,0.0010732962,-27.18704,2.2319875,0.74399585,0.224,0.0,0.17458117,2.3399982,2.3499982,758400
hardzero_plus_depr__c0p50__z1p10__lam0p010__nu0p50__psi1p25,hardzero_plus_depr,0.02,36,237,0.0,2,0.14708123,0.14718795,0.9970471,0.100682236,0.100682236,1.0,0.0001067195,0.0010599635,-26.7941,2.1935475,0.7311825,0.15200001,0.0,0.16417484,2.3499982,2.3599982,761600
hardzero_plus_depr__c0p50__z1p10__lam0p010__nu0p50__psi1p25,hardzero_plus_depr,0.02,36,238,0.0,2,0.14718795,0.14727935,1.0588942,0.0873184,0.0873184,1.0,9.140458e-05,0.0010467963,-27.983461,2.3296137,0.7765379,0.17600001,0.0,0.16195124,2.3599982,2.3699982,764800
hardzero_plus_depr__c0p50__z1p10__lam0p010__nu0p50__psi1p25,hardzero_plus_depr,0.02,36,239,0.0,2,0.14727935,0.14736229,1.0956491,0.08023259,0.08023259,1.0,8.294389e-05,0.001033793,-27.48623,2.4104762,0.80349207,0.14400001,0.0,0.17334491,2.3699982,2.3799982,768000
hardzero_plus_depr__c0p50__z1p10__lam0p010__nu0p50__psi1p25,hardzero_plus_depr,0.02,36,240,0.0,2,0.14736229,0.14746903,0.9806712,0.10455113,0.10455113,1.0,0.000106741565,0.0010209508,-26.452404,2.1575198,0.7191733,0.136,0.0,0.13090011,2.3799982,2.3899982,771200
hardzero_plus_depr__c0p50__z1p10__lam0p010__nu0p50__psi1p25,hardzero_plus_depr,0.02,36,241,0.0,2,0.14746903,0.1475657,1.0182991,0.095874004,0.095874004,1.0,9.6666736e-05,0.0010082684,-27.774914,2.2403028,0.74676764,0.16000001,0.0,0.15588047,2.3899982,2.3999982,774400
hardzero_plus_depr__c0p50__z1p10__lam0p010__nu0p50__psi1p25,hardzero_plus_depr,0.02,36,242,0.0,2,0.1475657,0.14766428,1.0043082,0.09901289,0.09901289,1.0,9.859146e-05,0.0009957437,-27.900879,2.2095222,0.7365074,0.128,0.0,0.1581703,2.3999982,2.4099982,777600
hardzero_plus_depr__c0p50__z1p10__lam0p010__nu0p50__psi1p25,hardzero_plus_depr,0.02,36,243,0.0,2,0.14766428,0.14776401,0.9939016,0.101414114,0.101414114,1.0,9.972804e-05,0.0009833743,-27.507055,2.1866271,0.72887576,0.208,0.0,0.13860136,2.4099982,2.4199982,780800
hardzero_plus_depr__c0p50__z1p10__lam0p010__nu0p50__psi1p25,hardzero_plus_depr,0.02,36,244,0.0,2,0.14776401,0.14784953,1.0552684,0.088050455,0.088050455,1.0,8.551096e-05,0.0009711587,-27.246225,2.321637,0.773879,0.072000004,0.0,0.15065077,2.4199982,2.4299982,784000
hardzero_plus_depr__c0p50__z1p10__lam0p010__nu0p50__psi1p25,hardzero_plus_depr,0.02,36,245,0.0,2,0.14784953,0.14794645,0.99544024,0.10105546,0.10105546,1.0,9.692175e-05,0.0009590947,-26.829706,2.1900122,0.7300041,0.14400001,0.0,0.12981498,2.4299982,2.4399981,787200
hardzero_plus_depr__c0p50__z1p10__lam0p010__nu0p50__psi1p25,hardzero_plus_depr,0.02,36,246,0.0,2,0.14794645,0.14803451,1.0316373,0.092974246,0.092974246,1.0,8.80634e-05,0.0009471806,-26.954054,2.2696474,0.7565491,0.18400002,0.0,0.14999007,2.4399981,2.4499981,790400
hardzero_plus_depr__c0p50__z1p10__lam0p010__nu0p50__psi1p25,hardzero_plus_depr,0.02,36,247,0.0,2,0.14803451,0.14810982,1.0941734,0.080505684,0.080505684,1.0,7.53062e-05,0.00093541463,-27.821678,2.4072297,0.8024099,0.099999994,0.0,0.16871694,2.4499981,2.4599981,793600
hardzero_plus_depr__c0p50__z1p10__lam0p010__nu0p50__psi1p25,hardzero_plus_depr,0.02,36,248,0.0,2,0.14810982,0.1481984,1.0182567,0.09588338,0.09588338,1.0,8.8576555e-05,0.0009237947,-27.846098,2.2402093,0.74673647,0.120000005,0.0,0.14831895,2.4599981,2.4699981,796800
hardzero_plus_depr__c0p50__z1p10__lam0p010__nu0p50__psi1p25,hardzero_plus_depr,0.02,36,249,0.0,2,0.1481984,0.14828502,1.0225277,0.094945036,0.094945036,1.0,8.662017e-05,0.0009123191,-26.840729,2.249606,0.74986863,0.120000005,0.0,0.12724814,2.4699981,2.479998,800000
hardzero_plus_depr__c0p50__z1p10__lam0p010__nu0p50__psi1p25,hardzero_plus_depr,0.02,36,250,0.0,2,0.14828502,0.14836916,1.0296493,0.09340083,0.09340083,1.0,8.415287e-05,0.0009009863,-28.18398,2.2652736,0.7550912,0.216,0.0,0.19595106,2.479998,2.489998,803200
hardzero_plus_depr__c0p50__z1p10__lam0p010__nu0p50__psi1p25,hardzero_plus_depr,0.02,36,251,0.0,2,0.14836916,0.14836916,1.106777,0.0,0.07820293,0.0,0.0,0.00088979397,-29.671677,2.434958,0.81165266,0.18400002,0.0,0.18698932,2.489998,2.499998,806400
hardzero_plus_depr__c0p50__z1p10__lam0p010__nu0p50__psi1p25,hardzero_plus_depr,0.02,36,252,0.0,2,0.14836916,0.14845051,1.033538,0.09256824,0.09256824,1.0,8.134348e-05,0.00087874074,-27.186678,2.273829,0.75794303,0.17600001,0.0,0.13411738,2.499998,2.509998,809600
hardzero_plus_depr__c0p50__z1p10__lam0p010__nu0p50__psi1p25,hardzero_plus_depr,0.02,36,253,0.0,2,0.14845051,0.1485417,0.9784337,0.10509117,0.10509117,1.0,9.1200716e-05,0.00086782477,-26.711807,2.1525972,0.7175324,0.18400002,0.0,0.13909416,2.509998,2.519998,812800
hardzero_plus_depr__c0p50__z1p10__lam0p010__nu0p50__psi1p25,hardzero_plus_depr,0.02,36,254,0.0,2,0.1485417,0.14862116,1.032876,0.092709444,0.092709444,1.0,7.945611e-05,0.0008570444,-27.373165,2.2723725,0.7574575,0.16800001,0.0,0.17305131,2.519998,2.529998,816000
hardzero_plus_depr__c0p50__z1p10__lam0p010__nu0p50__psi1p25,hardzero_plus_depr,0.02,36,255,0.0,2,0.14862116,0.14870168,1.0216774,0.09513114,0.09513114,1.0,8.0518825e-05,0.00084639824,-26.901373,2.247735,0.74924505,0.112,0.0,0.13614428,2.529998,2.539998,819200
hardzero_plus_depr__c0p50__z1p10__lam0p010__nu0p50__psi1p25,hardzero_plus_depr,0.02,36,256,0.0,2,0.14870168,0.14877799,1.0395806,0.0912892,0.0912892,1.0,7.6307195e-05,0.00083588413,-27.60448,2.287123,0.76237434,0.18400002,0.0,0.16108511,2.539998,2.549998,822400
hardzero_plus_depr__c0p50__z1p10__lam0p010__nu0p50__psi1p25,hardzero_plus_depr,0.02,36,257,0.0,2,0.14877799,0.1488645,0.979719,0.10478063,0.10478063,1.0,8.649647e-05,0.0008255005,-26.422579,2.1554248,0.718475,0.192,0.0,0.14083081,2.549998,2.559998,825600
hardzero_plus_depr__c0p50__z1p10__lam0p010__nu0p50__psi1p25,hardzero_plus_depr,0.02,36,258,0.0,2,0.1488645,0.14894025,1.0318844,0.092921354,0.092921354,1.0,7.575378e-05,0.00081524614,-27.352818,2.270191,0.7567303,0.128,0.0,0.14188808,2.559998,2.569998,828800
hardzero_plus_depr__c0p50__z1p10__lam0p010__nu0p50__psi1p25,hardzero_plus_depr,0.02,36,259,0.0,2,0.14894025,0.14901613,1.0257338,0.09424669,0.09424669,1.0,7.5879805e-05,0.00080511905,-26.74529,2.2566595,0.75221986,0.16800001,0.0,0.15121302,2.569998,2.579998,832000
hardzero_plus_depr__c0p50__z1p10__lam0p010__nu0p50__psi1p25,hardzero_plus_depr,0.02,36,260,0.0,2,0.14901613,0.14908056,1.0913212,0.08103614,0.08103614,1.0,6.4433254e-05,0.0007951175,-28.391499,2.4009547,0.80031824,0.11,0.0,0.14907055,2.579998,2.589998,835200
hardzero_plus_depr__c0p50__z1p10__lam0p010__nu0p50__psi1p25,hardzero_plus_depr,0.02,36,261,0.0,2,0.14908056,0.14915234,1.0390447,0.091401905,0.091401905,1.0,7.177247e-05,0.00078524044,-27.929224,2.285944,0.76198137,0.112,0.0,0.15104142,2.589998,2.599998,838400
hardzero_plus_depr__c0p50__z1p10__lam0p010__nu0p50__psi1p25,hardzero_plus_depr,0.02,36,262,0.0,2,0.14915234,0.14921944,1.0628873,0.08651925,0.08651925,1.0,6.7094465e-05,0.000775486,-27.598122,2.3383987,0.7794663,0.104,0.0,0.15841785,2.599998,2.609998,841600
hardzero_plus_depr__c0p50__z1p10__lam0p010__nu0p50__psi1p25,hardzero_plus_depr,0.02,36,263,0.0,2,0.14921944,0.14929202,1.0233068,0.09477484,0.09477484,1.0,7.258359e-05,0.0007658529,-27.017378,2.25132,0.75044,0.096,0.0,0.17769353,2.609998,2.619998,844800
hardzero_plus_depr__c0p50__z1p10__lam0p010__nu0p50__psi1p25,hardzero_plus_depr,0.02,36,264,0.0,2,0.14929202,0.1493604,1.0437706,0.09041269,0.09041269,1.0,6.838267e-05,0.0007563393,-27.775206,2.2963412,0.7654471,0.16800001,0.0,0.14947368,2.619998,2.629998,848000
hardzero_plus_depr__c0p50__z1p10__lam0p010__nu0p50__psi1p25,hardzero_plus_depr,0.02,36,265,0.0,2,0.1493604,0.1494344,1.0040947,0.09906158,0.09906158,1.0,7.399344e-05,0.0007469439,-26.877817,2.2090526,0.7363509,0.128,0.0,0.14700945,2.629998,2.639998,851200
hardzero_plus_depr__c0p50__z1p10__lam0p010__nu0p50__psi1p25,hardzero_plus_depr,0.02,36,266,0.0,2,0.1494344,0.14951132,0.981809,0.104277596,0.104277596,1.0,7.692196e-05,0.0007376653,-26.773338,2.160023,0.72000766,0.208,0.0,0.14327326,2.639998,2.649998,854400
hardzero_plus_depr__c0p50__z1p10__lam0p010__nu0p50__psi1p25,hardzero_plus_depr,0.02,36,267,0.0,2,0.14951132,0.14958179,1.0144134,0.09673567,0.09673567,1.0,7.047211e-05,0.0007285018,-27.202736,2.2317538,0.74391794,0.16800001,0.0,0.14298744,2.649998,2.659998,857600
hardzero_plus_depr__c0p50__z1p10__lam0p010__nu0p50__psi1p25,hardzero_plus_depr,0.02,36,268,0.0,2,0.14958179,0.14965715,0.9798958,0.104737975,0.104737975,1.0,7.535397e-05,0.0007194523,-26.126173,2.1558137,0.71860456,0.18400002,0.0,0.14136074,2.659998,2.669998,860800
hardzero_plus_depr__c0p50__z1p10__lam0p010__nu0p50__psi1p25,hardzero_plus_depr,0.02,36,269,0.0,2,0.14965715,0.14973289,0.97223735,0.10660134,0.10660134,1.0,7.574185e-05,0.000710515,-26.740852,2.138965,0.7129883,0.16000001,0.0,0.15113598,2.669998,2.679998,864000
hardzero_plus_depr__c0p50__z1p10__lam0p010__nu0p50__psi1p25,hardzero_plus_depr,0.02,36,270,0.0,2,0.14973289,0.1497956,1.0487674,0.0893784,0.0893784,1.0,6.271582e-05,0.0007016888,-27.01794,2.3073344,0.7691115,0.192,0.0,0.17910627,2.679998,2.689998,867200
hardzero_plus_depr__c0p50__z1p10__lam0p010__nu0p50__psi1p25,hardzero_plus_depr,0.02,36,271,0.0,2,0.1497956,0.14985877,1.0402218,0.09115451,0.09115451,1.0,6.3167565e-05,0.00069297245,-26.821354,2.2885337,0.76284456,0.216,0.0,0.16014782,2.689998,2.699998,870400
hardzero_plus_depr__c0p50__z1p10__lam0p010__nu0p50__psi1p25,hardzero_plus_depr,0.02,36,272,0.0,2,0.14985877,0.14992352,1.0240945,0.094603136,0.094603136,1.0,6.474299e-05,0.0006843641,-27.260612,2.2530527,0.7510176,0.14400001,0.0,0.14393501,2.699998,2.709998,873600
hardzero_plus_depr__c0p50__z1p10__lam0p010__nu0p50__psi1p25,hardzero_plus_depr,0.02,36,273,0.0,2,0.14992352,0.14997752,1.0974146,0.079907104,0.079907104,1.0,5.4006236e-05,0.0006758628,-28.331852,2.4143603,0.8047868,0.07,0.0,0.15404287,2.709998,2.719998,876800
hardzero_plus_depr__c0p50__z1p10__lam0p010__nu0p50__psi1p25,hardzero_plus_depr,0.02,36,274,0.0,2,0.14997752,0.15003558,1.0605443,0.086987264,0.086987264,1.0,5.8061145e-05,0.0006674672,-28.619055,2.3332438,0.777748,0.14400001,0.0,0.15741962,2.719998,2.7299979,880000
hardzero_plus_depr__c0p50__z1p10__lam0p010__nu0p50__psi1p25,hardzero_plus_depr,0.02,36,275,0.0,2,0.15003558,0.1501018,0.9980305,0.100454524,0.100454524,1.0,6.621719e-05,0.0006591758,-26.320068,2.195711,0.7319037,0.17600001,0.0,0.14471965,2.7299979,2.7399979,883200
hardzero_plus_depr__c0p50__z1p10__lam0p010__nu0p50__psi1p25,hardzero_plus_depr,0.02,36,276,0.0,2,0.1501018,0.15016346,1.0235218,0.09472797,0.09472797,1.0,6.166672e-05,0.0006509874,-26.712465,2.251793,0.75059766,0.14400001,0.0,0.16377439,2.7399979,2.7499979,886400
hardzero_plus_depr__c0p50__z1p10__lam0p010__nu0p50__psi1p25,hardzero_plus_depr,0.02,36,277,0.0,2,0.15016346,0.15022047,1.0521319,0.088688664,0.088688664,1.0,5.7017995e-05,0.0006429006,-27.952599,2.3147364,0.7715788,0.128,0.0,0.1528658,2.7499979,2.7599978,889600
hardzero_plus_depr__c0p50__z1p10__lam0p010__nu0p50__psi1p25,hardzero_plus_depr,0.02,36,278,0.0,2,0.15022047,0.15028042,1.0249503,0.0944169,0.0944169,1.0,5.9946644e-05,0.0006349143,-26.9671,2.2549355,0.7516452,0.216,0.0,0.1352281,2.7599978,2.7699978,892800
hardzero_plus_depr__c0p50__z1p10__lam0p010__nu0p50__psi1p25,hardzero_plus_depr,0.02,36,279,0.0,2,0.15028042,0.15033829,1.034781,0.09230367,0.09230367,1.0,5.7876932e-05,0.0006270274,-27.310774,2.2765636,0.75885457,0.120000005,0.0,0.16734676,2.7699978,2.7799978,896000
hardzero_plus_depr__c0p50__z1p10__lam0p010__nu0p50__psi1p25,hardzero_plus_depr,0.02,36,280,0.0,2,0.15033829,0.15040274,0.98260456,0.10408675,0.10408675,1.0,6.445451e-05,0.00061923836,-26.666544,2.1617732,0.72059107,0.224,0.008,0.16469039,2.7799978,2.7899978,899200
hardzero_plus_depr__c0p50__z1p10__lam0p010__nu0p50__psi1p25,hardzero_plus_depr,0.02,36,281,0.0,2,0.15040274,0.15045874,1.0382713,0.091564834,0.091564834,1.0,5.599611e-05,0.00061154604,-27.346415,2.2842424,0.7614142,0.096,0.0,0.15274817,2.7899978,2.7999978,902400
hardzero_plus_depr__c0p50__z1p10__lam0p010__nu0p50__psi1p25,hardzero_plus_depr,0.02,36,282,0.0,2,0.15045874,0.15051101,1.0626642,0.086563714,0.086563714,1.0,5.22801e-05,0.00060394936,-28.092243,2.3379078,0.7793026,0.128,0.0,0.16089663,2.7999978,2.8099978,905600
hardzero_plus_depr__c0p50__z1p10__lam0p010__nu0p50__psi1p25,hardzero_plus_depr,0.02,36,283,0.0,2,0.15051101,0.15056993,1.0052898,0.09878938,0.09878938,1.0,5.8922626e-05,0.000596447,-26.936409,2.2116816,0.7372272,0.16000001,0.0,0.14293456,2.8099978,2.8199978,908800
hardzero_plus_depr__c0p50__z1p10__lam0p010__nu0p50__psi1p25,hardzero_plus_depr,0.02,36,284,0.0,2,0.15056993,0.15062904,0.9984317,0.100361764,0.100361764,1.0,5.9116872e-05,0.0005890378,-26.097391,2.1965935,0.7321979,0.136,0.0,0.14697322,2.8199978,2.8299978,912000
hardzero_plus_depr__c0p50__z1p10__lam0p010__nu0p50__psi1p25,hardzero_plus_depr,0.02,36,285,0.0,2,0.15062904,0.15068379,1.0263087,0.094122045,0.094122045,1.0,5.4752734e-05,0.0005817206,-27.030064,2.257924,0.7526414,0.16000001,0.0,0.16516393,2.8299978,2.8399978,915200
hardzero_plus_depr__c0p50__z1p10__lam0p010__nu0p50__psi1p25,hardzero_plus_depr,0.02,36,286,0.0,2,0.15068379,0.15074356,0.9828116,0.10403713,0.10403713,1.0,5.976874e-05,0.0005744943,-25.199821,2.1622288,0.72074294,0.14,0.0,0.1348368,2.8399978,2.8499978,918400
hardzero_plus_depr__c0p50__z1p10__lam0p010__nu0p50__psi1p25,hardzero_plus_depr,0.02,36,287,0.0,2,0.15074356,0.15079555,1.037926,0.09163767,0.09163767,1.0,5.1991363e-05,0.000567358,-26.919342,2.2834828,0.76116097,0.14400001,0.0,0.14617722,2.8499978,2.8599977,921600
hardzero_plus_depr__c0p50__z1p10__lam0p010__nu0p50__psi1p25,hardzero_plus_depr,0.02,36,288,0.0,2,0.15079555,0.15085007,1.0118434,0.09730979,0.09730979,1.0,5.4523658e-05,0.0005603101,-27.121712,2.2261,0.74203336,0.16000001,0.0,0.12908027,2.8599977,2.8699977,924800
hardzero_plus_depr__c0p50__z1p10__lam0p010__nu0p50__psi1p25,hardzero_plus_depr,0.02,36,289,0.0,2,0.15085007,0.15090193,1.0282362,0.09370524,0.09370524,1.0,5.1851774e-05,0.0005533498,-27.881893,2.2621646,0.7540549,0.14400001,0.0,0.14468127,2.8699977,2.8799977,928000
hardzero_plus_depr__c0p50__z1p10__lam0p010__nu0p50__psi1p25,hardzero_plus_depr,0.02,36,290,0.0,2,0.15090193,0.15095319,1.027822,0.09379462,0.09379462,1.0,5.1256513e-05,0.00054647605,-26.258799,2.2612536,0.7537512,0.136,0.0,0.13934864,2.8799977,2.8899977,931200
hardzero_plus_depr__c0p50__z1p10__lam0p010__nu0p50__psi1p25,hardzero_plus_depr,0.02,36,291,0.0,2,0.15095319,0.15100443,1.0224646,0.09495882,0.09495882,1.0,5.1248095e-05,0.0005396876,-27.283522,2.2494671,0.7498224,0.16800001,0.0,0.17189087,2.8899977,2.8999977,934400
hardzero_plus_depr__c0p50__z1p10__lam0p010__nu0p50__psi1p25,hardzero_plus_depr,0.02,36,292,0.0,2,0.15100443,0.15105796,0.9981137,0.10043527,0.10043527,1.0,5.3530337e-05,0.00053298345,-26.813023,2.195894,0.7319647,0.14400001,0.0,0.15164533,2.8999977,2.9099977,937600
hardzero_plus_depr__c0p50__z1p10__lam0p010__nu0p50__psi1p25,hardzero_plus_depr,0.02,36,293,0.0,2,0.15105796,0.15110682,1.0322952,0.092833504,0.092833504,1.0,4.8864087e-05,0.0005263626,-27.082066,2.2710948,0.7570316,0.08800001,0.0,0.17796601,2.9099977,2.9199977,940800
hardzero_plus_depr__c0p50__z1p10__lam0p010__nu0p50__psi1p25,hardzero_plus_depr,0.02,36,294,0.0,2,0.15110682,0.1511629,0.9671561,0.1078559,0.1078559,1.0,5.6066092e-05,0.00051982404,-25.963705,2.127786,0.709262,0.15200001,0.0,0.12186854,2.9199977,2.9299977,944000
hardzero_plus_depr__c0p50__z1p10__lam0p010__nu0p50__psi1p25,hardzero_plus_depr,0.02,36,295,0.0,2,0.1511629,0.15121923,0.9595728,0.10975574,0.10975574,1.0,5.634495e-05,0.0005133668,-26.14878,2.1111023,0.7037008,0.15200001,0.0,0.13883446,2.9299977,2.9399977,947200
hardzero_plus_depr__c0p50__z1p10__lam0p010__nu0p50__psi1p25,hardzero_plus_depr,0.02,36,296,0.0,2,0.15121923,0.15127271,0.9768041,0.10548626,0.10548626,1.0,5.3480435e-05,0.0005069896,-26.251028,2.1490119,0.7163373,0.15200001,0.0,0.13666247,2.9399977,2.9499977,950400
hardzero_plus_depr__c0p50__z1p10__lam0p010__nu0p50__psi1p25,hardzero_plus_depr,0.02,36,297,0.0,2,0.15127271,0.15131849,1.0389735,0.091416895,0.091416895,1.0,4.5771674e-05,0.00050069165,-27.03867,2.285787,0.76192904,0.08800001,0.0,0.15238574,2.9499977,2.9599977,953600
hardzero_plus_depr__c0p50__z1p10__lam0p010__nu0p50__psi1p25,hardzero_plus_depr,0.02,36,298,0.0,2,0.15131849,0.15136768,1.0022519,0.09948283,0.09948283,1.0,4.9191476e-05,0.00049447204,-27.047302,2.204998,0.73499936,0.16800001,0.0,0.13352916,2.9599977,2.9699976,956800
hardzero_plus_depr__c0p50__z1p10__lam0p010__nu0p50__psi1p25,hardzero_plus_depr,0.02,36,299,0.0,2,0.15136768,0.1514109,1.0531241,0.08848626,0.08848626,1.0,4.3210457e-05,0.00048832956,-27.651987,2.3169193,0.77230644,0.16,0.0,0.18814456,2.9699976,2.9799976,960000
hardzero_plus_depr__c0p50__z1p10__lam0p010__nu0p50__psi1p25,hardzero_plus_depr,0.02,36,300,0.0,2,0.1514109,0.15146537,0.94708353,0.11295787,0.11295787,1.0,5.4475455e-05,0.00048226345,-26.40777,2.0836253,0.6945418,0.23200001,0.0,0.1400905,2.9799976,2.9899976,963200
hardzero_plus_depr__c0p50__z1p10__lam0p010__nu0p50__psi1p25,hardzero_plus_depr,0.02,36,301,0.0,2,0.15146537,0.15151396,0.9913343,0.10201538,0.10201538,1.0,4.858714e-05,0.00047627266,-26.701954,2.180979,0.726993,0.120000005,0.0,0.13227262,2.9899976,2.9999976,966400
hardzero_plus_depr__c0p50__z1p10__lam0p010__nu0p50__psi1p25,hardzero_plus_depr,0.02,36,302,0.0,2,0.15151396,0.15155514,1.0578107,0.08753654,0.08753654,1.0,4.117336e-05,0.00047035626,-27.465076,2.32723,0.77574337,0.112,0.0,0.12291289,2.9999976,3.0099976,969600
hardzero_plus_depr__c0p50__z1p10__lam0p010__nu0p50__psi1p25,hardzero_plus_depr,0.02,36,303,0.0,2,0.15155514,0.15160467,0.97208637,0.10663841,0.10663841,1.0,4.953498e-05,0.0004645135,-26.070185,2.1386328,0.71287763,0.24000001,0.0,0.12742297,3.0099976,3.0199976,972800
hardzero_plus_depr__c0p50__z1p10__lam0p010__nu0p50__psi1p25,hardzero_plus_depr,0.02,36,304,0.0,2,0.15160467,0.15164985,1.0065687,0.09849887,0.09849887,1.0,4.5185687e-05,0.0004587432,-27.480165,2.2144952,0.7381651,0.192,0.0,0.14405037,3.0199976,3.0299976,976000
hardzero_plus_depr__c0p50__z1p10__lam0p010__nu0p50__psi1p25,hardzero_plus_depr,0.02,36,305,0.0,2,0.15164985,0.15164985,1.1142277,0.0,0.076872736,0.0,0.0,0.00045304457,-28.988087,2.4513497,0.8171166,0.136,0.0,0.16913238,3.0299976,3.0399976,979200
hardzero_plus_depr__c0p50__z1p10__lam0p010__nu0p50__psi1p25,hardzero_plus_depr,0.02,36,306,0.0,2,0.15164985,0.15169269,1.0188642,0.095749356,0.095749356,1.0,4.2839874e-05,0.00044741685,-26.601677,2.241546,0.747182,0.128,0.0,0.14665584,3.0399976,3.0499976,982400
hardzero_plus_depr__c0p50__z1p10__lam0p010__nu0p50__psi1p25,hardzero_plus_depr,0.02,36,307,0.0,2,0.15169269,0.15173556,1.0131615,0.0970149,0.0970149,1.0,4.2866894e-05,0.0004418589,-27.58847,2.2289999,0.743,0.18400002,0.0,0.1571219,3.0499976,3.0599976,985600
hardzero_plus_depr__c0p50__z1p10__lam0p010__nu0p50__psi1p25,hardzero_plus_depr,0.02,36,308,0.0,2,0.15173556,0.15177254,1.0717463,0.08477223,0.08477223,1.0,3.699206e-05,0.00043637003,-27.727053,2.3578892,0.78596306,0.120000005,0.0,0.16632746,3.0599976,3.0699975,988800
hardzero_plus_depr__c0p50__z1p10__lam0p010__nu0p50__psi1p25,hardzero_plus_depr,0.02,36,309,0.0,2,0.15177254,0.15181112,1.0480772,0.089520566,0.089520566,1.0,3.8578826e-05,0.00043094932,-27.573244,2.305816,0.76860535,0.16000001,0.0,0.14084417,3.0699975,3.0799975,992000
hardzero_plus_depr__c0p50__z1p10__lam0p010__nu0p50__psi1p25,hardzero_plus_depr,0.02,36,310,0.0,2,0.15181112,0.15185116,1.026465,0.094088145,0.094088145,1.0,4.0043535e-05,0.00042559596,-27.70892,2.258268,0.75275606,0.120000005,0.0,0.15328458,3.0799975,3.0899975,995200
hardzero_plus_depr__c0p50__z1p10__lam0p010__nu0p50__psi1p25,hardzero_plus_depr,0.02,36,311,0.0,2,0.15185116,0.15188998,1.03453,0.09235703,0.09235703,1.0,3.881851e-05,0.00042030922,-27.537968,2.2760115,0.7586705,0.15200001,0.0,0.15358801,3.0899975,3.0999975,998400
hardzero_plus_depr__c0p50__z1p10__lam0p010__nu0p50__psi1p25,hardzero_plus_depr,0.02,36,312,0.0,2,0.15188998,0.15193294,0.98508507,0.10349395,0.10349395,1.0,4.29591e-05,0.00041508803,-27.28953,2.1672304,0.72241014,0.17999999,0.0,0.1375986,3.0999975,3.1099975,1001600
hardzero_plus_depr__c0p50__z1p10__lam0p010__nu0p50__psi1p25,hardzero_plus_depr,0.02,36,313,0.0,2,0.15193294,0.15196986,1.0453322,0.090088174,0.090088174,1.0,3.693e-05,0.00040993173,-27.402185,2.2997768,0.76659226,0.128,0.0,0.15606236,3.1099975,3.1199975,1004800
hardzero_plus_depr__c0p50__z1p10__lam0p010__nu0p50__psi1p25,hardzero_plus_depr,0.02,36,314,0.0,2,0.15196986,0.15200788,1.0273471,0.09389725,0.09389725,1.0,3.801332e-05,0.00040483952,-27.851397,2.2602088,0.75340295,0.128,0.0,0.16059111,3.1199975,3.1299975,1008000
hardzero_plus_depr__c0p50__z1p10__lam0p010__nu0p50__psi1p25,hardzero_plus_depr,0.02,36,315,0.0,2,0.15200788,0.15204315,1.0544499,0.08821656,0.08821656,1.0,3.526991e-05,0.00039981052,-28.026085,2.3198361,0.7732787,0.208,0.0,0.1517038,3.1299975,3.1399975,1011200
hardzero_plus_depr__c0p50__z1p10__lam0p010__nu0p50__psi1p25,hardzero_plus_depr,0.02,36,316,0.0,2,0.15204315,0.15207794,1.0548986,0.088125445,0.088125445,1.0,3.4795798e-05,0.00039484396,-27.643248,2.3208234,0.77360785,0.14400001,0.0,0.15620117,3.1399975,3.1499975,1014400
hardzero_plus_depr__c0p50__z1p10__lam0p010__nu0p50__psi1p25,hardzero_plus_depr,0.02,36,317,0.0,2,0.15207794,0.15211251,1.0521954,0.088675685,0.088675685,1.0,3.457812e-05,0.00038993912,-27.858135,2.314876,0.7716254,0.17600001,0.0,0.1961114,3.1499975,3.1599975,1017600
hardzero_plus_depr__c0p50__z1p10__lam0p010__nu0p50__psi1p25,hardzero_plus_depr,0.02,36,318,0.0,2,0.15211251,0.1521516,0.99356574,0.10149256,0.10149256,1.0,3.90843e-05,0.00038509522,-27.068083,2.1858883,0.72862947,0.15200001,0.0,0.14091186,3.1599975,3.1699975,1020800
hardzero_plus_depr__c0p50__z1p10__lam0p010__nu0p50__psi1p25,hardzero_plus_depr,0.02,36,319,0.0,2,0.1521516,0.1521899,0.9969071,0.10071469,0.10071469,1.0,3.8302962e-05,0.00038031157,-26.852104,2.1932395,0.7310798,0.136,0.0,0.14807035,3.1699975,3.1799974,1024000
hardzero_plus_depr__c0p50__z1p10__lam0p010__nu0p50__psi1p25,hardzero_plus_depr,0.02,36,320,0.0,2,0.1521899,0.15222223,1.0650313,0.08609318,0.08609318,1.0,3.2335498e-05,0.00037558723,-27.841002,2.3431156,0.7810385,0.136,0.0,0.14971098,3.1799974,3.1899974,1027200
hardzero_plus_depr__c0p50__z1p10__lam0p010__nu0p50__psi1p25,hardzero_plus_depr,0.02,36,321,0.0,2,0.15222223,0.15225758,1.0209587,0.095288694,0.095288694,1.0,3.5344634e-05,0.0003709216,-27.398417,2.2461538,0.74871796,0.192,0.0,0.15792616,3.1899974,3.1999974,1030400
hardzero_plus_depr__c0p50__z1p10__lam0p010__nu0p50__psi1p25,hardzero_plus_depr,0.02,36,322,0.0,2,0.15225758,0.1522918,1.0295615,0.09341969,0.09341969,1.0,3.422094e-05,0.00036631397,-28.072268,2.2650807,0.75502694,0.128,0.0,0.15506895,3.1999974,3.2099974,1033600
hardzero_plus_depr__c0p50__z1p10__lam0p010__nu0p50__psi1p25,hardzero_plus_depr,0.02,36,323,0.0,2,0.1522918,0.15232429,1.046805,0.08978318,0.08978318,1.0,3.248027e-05,0.00036176346,-27.849642,2.3030171,0.7676724,0.136,0.0,0.16966428,3.2099974,3.2199974,1036800
hardzero_plus_depr__c0p50__z1p10__lam0p010__nu0p50__psi1p25,hardzero_plus_depr,0.02,36,324,0.0,2,0.15232429,0.15236405,0.9536086,0.1112734,0.1112734,1.0,3.9754606e-05,0.00035726963,-26.19588,2.0979807,0.69932693,0.23200001,0.008,0.1318657,3.2199974,3.2299974,1040000
hardzero_plus_depr__c0p50__z1p10__lam0p010__nu0p50__psi1p25,hardzero_plus_depr,0.02,36,325,0.0,2,0.15236405,0.15236405,1.1273123,0.0,0.07459122,0.0,0.0,0.00035283162,-28.99159,2.4801366,0.82671225,0.13,0.0,0.17292638,3.2299974,3.2399974,1043200
hardzero_plus_depr__c0p50__z1p10__lam0p010__nu0p50__psi1p25,hardzero_plus_depr,0.02,36,326,0.0,2,0.15236405,0.15239725,1.020923,0.09529651,0.09529651,1.0,3.320593e-05,0.00034844855,-26.79629,2.2460754,0.7486918,0.128,0.0,0.1464649,3.2399974,3.2499974,1046400
hardzero_plus_depr__c0p50__z1p10__lam0p010__nu0p50__psi1p25,hardzero_plus_depr,0.02,36,327,0.0,2,0.15239725,0.15242842,1.042909,0.090592235,0.090592235,1.0,3.117461e-05,0.00034412014,-27.830961,2.2944458,0.7648153,0.16800001,0.0,0.15612628,3.2499974,3.2599974,1049600
hardzero_plus_depr__c0p50__z1p10__lam0p010__nu0p50__psi1p25,hardzero_plus_depr,0.02,36,328,0.0,2,0.15242842,0.15246202,1.004949,0.098866925,0.098866925,1.0,3.3599463e-05,0.00033984534,-26.406342,2.2109318,0.7369773,0.15200001,0.0,0.14113927,3.2599974,3.2699974,1052800
hardzero_plus_depr__c0p50__z1p10__lam0p010__nu0p50__psi1p25,hardzero_plus_depr,0.02,36,329,0.0,2,0.15246202,0.15249588,0.9962579,0.100865364,0.100865364,1.0,3.3852815e-05,0.00033562377,-26.872442,2.191811,0.7306037,0.17600001,0.0,0.14360723,3.2699974,3.2799973,1056000
hardzero_plus_depr__c0p50__z1p10__lam0p010__nu0p50__psi1p25,hardzero_plus_depr,0.02,36,330,0.0,2,0.15249588,0.15252614,1.0395744,0.091290504,0.091290504,1.0,3.0258661e-05,0.00033145465,-27.497473,2.2871094,0.7623698,0.16000001,0.0,0.15755516,3.2799973,3.2899973,1059200
hardzero_plus_depr__c0p50__z1p10__lam0p010__nu0p50__psi1p25,hardzero_plus_depr,0.02,36,331,0.0,2,0.15252614,0.15255739,1.0202426,0.09544592,0.09544592,1.0,3.1243e-05,0.00032733715,-27.050196,2.2445784,0.7481928,0.16000001,0.0,0.18084255,3.2899973,3.2999973,1062400
hardzero_plus_depr__c0p50__z1p10__lam0p010__nu0p50__psi1p25,hardzero_plus_depr,0.02,36,332,0.0,2,0.15255739,0.15258843,1.0176543,0.09601645,0.09601645,1.0,3.1039333e-05,0.00032327097,-26.727568,2.2388842,0.74629474,0.128,0.0,0.14199041,3.2999973,3.3099973,1065600
hardzero_plus_depr__c0p50__z1p10__lam0p010__nu0p50__psi1p25,hardzero_plus_depr,0.02,36,333,0.0,2,0.15258843,0.15261383,1.0990673,0.07960359,0.07960359,1.0,2.5413869e-05,0.0003192553,-29.305523,2.4179964,0.8059988,0.136,0.0,0.22102667,3.3099973,3.3199973,1068800
hardzero_plus_depr__c0p50__z1p10__lam0p010__nu0p50__psi1p25,hardzero_plus_depr,0.02,36,334,0.0,2,0.15261383,0.15264395,1.0199969,0.09549994,0.09549994,1.0,3.0110117e-05,0.0003152894,-25.675209,2.2440379,0.74801266,0.17600001,0.0,0.15115853,3.3199973,3.3299973,1072000
hardzero_plus_depr__c0p50__z1p10__lam0p010__nu0p50__psi1p25,hardzero_plus_depr,0.02,36,335,0.0,2,0.15264395,0.15267229,1.0409507,0.09100166,0.09100166,1.0,2.8335444e-05,0.00031137283,-27.709772,2.290137,0.76337904,0.2,0.0,0.15685244,3.3299973,3.3399973,1075200
hardzero_plus_depr__c0p50__z1p10__lam0p010__nu0p50__psi1p25,hardzero_plus_depr,0.02,36,336,0.0,2,0.15267229,0.1527016,1.0207679,0.09533055,0.09533055,1.0,2.9314617e-05,0.00030750496,-26.933184,2.2457342,0.7485781,0.18400002,0.0,0.14089513,3.3399973,3.3499973,1078400
hardzero_plus_depr__c0p50__z1p10__lam0p010__nu0p50__psi1p25,hardzero_plus_depr,0.02,36,337,0.0,2,0.1527016,0.15272872,1.0492142,0.089286506,0.089286506,1.0,2.711497e-05,0.00030368497,-28.187359,2.3083174,0.76943916,0.104,0.0,0.15189804,3.3499973,3.3599973,1081600
hardzero_plus_depr__c0p50__z1p10__lam0p010__nu0p50__psi1p25,hardzero_plus_depr,0.02,36,338,0.0,2,0.15272872,0.15276237,0.95003563,0.11219263,0.11219263,1.0,3.3647982e-05,0.0002999126,-26.155836,2.09012,0.6967067,0.26,0.0,0.14033727,3.3599973,3.3699973,1084800
hardzero_plus_depr__c0p50__z1p10__lam0p010__nu0p50__psi1p25,hardzero_plus_depr,0.02,36,339,0.0,2,0.15276237,0.15279303,0.98479754,0.10356247,0.10356247,1.0,3.0673848e-05,0.00029618692,-26.683176,2.1665978,0.7221993,0.16800001,0.0,0.14334732,3.3699973,3.3799973,1088000
hardzero_plus_depr__c0p50__z1p10__lam0p010__nu0p50__psi1p25,hardzero_plus_depr,0.02,36,340,0.0,2,0.15279303,0.15282094,1.0203904,0.09541345,0.09541345,1.0,2.7909166e-05,0.00029250767,-27.817095,2.2449036,0.7483012,0.18400002,0.0,0.14691702,3.3799973,3.3899972,1091200
hardzero_plus_depr__c0p50__z1p10__lam0p010__nu0p50__psi1p25,hardzero_plus_depr,0.02,36,341,0.0,2,0.15282094,0.15284696,1.0454197,0.090070024,0.090070024,1.0,2.6018904e-05,0.00028887417,-27.767332,2.2999692,0.7666564,0.2,0.0,0.1689787,3.3899972,3.3999972,1094400
hardzero_plus_depr__c0p50__z1p10__lam0p010__nu0p50__psi1p25,hardzero_plus_depr,0.02,36,342,0.0,2,0.15284696,0.15287508,1.0062354,0.0985745,0.0985745,1.0,2.8121889e-05,0.00028528564,-26.812069,2.213762,0.7379207,0.208,0.0,0.14914754,3.3999972,3.4099972,1097600
hardzero_plus_depr__c0p50__z1p10__lam0p010__nu0p50__psi1p25,hardzero_plus_depr,0.02,36,343,0.0,2,0.15287508,0.15290259,1.0104187,0.09762955,0.09762955,1.0,2.7506325e-05,0.0002817418,-26.759119,2.2229655,0.7409885,0.15200001,0.0,0.14232707,3.4099972,3.4199972,1100800
hardzero_plus_depr__c0p50__z1p10__lam0p010__nu0p50__psi1p25,hardzero_plus_depr,0.02,36,344,0.0,2,0.15290259,0.15292726,1.0520387,0.0887077,0.0887077,1.0,2.46822e-05,0.0002782419,-27.16964,2.3145313,0.7715105,0.14400001,0.0,0.16654333,3.4199972,3.4299972,1104000
hardzero_plus_depr__c0p50__z1p10__lam0p010__nu0p50__psi1p25,hardzero_plus_depr,0.02,36,345,0.0,2,0.15292726,0.15295543,0.9893416,0.10248455,0.10248455,1.0,2.816127e-05,0.00027478553,-26.891506,2.176595,0.7255317,0.2,0.0,0.1434741,3.4299972,3.4399972,1107200
hardzero_plus_depr__c0p50__z1p10__lam0p010__nu0p50__psi1p25,hardzero_plus_depr,0.02,36,346,0.0,2,0.15295543,0.15297982,1.0461851,0.08991142,0.08991142,1.0,2.4399456e-05,0.00027137215,-28.009071,2.3016531,0.76721776,0.14400001,0.0,0.16276586,3.4399972,3.4499972,1110400
hardzero_plus_depr__c0p50__z1p10__lam0p010__nu0p50__psi1p25,hardzero_plus_depr,0.02,36,347,0.0,2,0.15297982,0.15300705,0.9930654,0.10160955,0.10160955,1.0,2.7231466e-05,0.00026800105,-26.549364,2.1847875,0.72826254,0.17600001,0.0,0.15811728,3.4499972,3.4599972,1113600
hardzero_plus_depr__c0p50__z1p10__lam0p010__nu0p50__psi1p25,hardzero_plus_depr,0.02,36,348,0.0,2,0.15300705,0.1530318,1.0292295,0.093491144,0.093491144,1.0,2.4744484e-05,0.00026467195,-27.04218,2.2643502,0.7547834,0.224,0.0,0.14725278,3.4599972,3.4699972,1116800
hardzero_plus_depr__c0p50__z1p10__lam0p010__nu0p50__psi1p25,hardzero_plus_depr,0.02,36,349,0.0,2,0.1530318,0.15305895,0.9834271,0.1038898,0.1038898,1.0,2.715515e-05,0.00026138418,-27.243643,2.1635828,0.72119427,0.17600001,0.0,0.16541812,3.4699972,3.4799972,1120000
hardzero_plus_depr__c0p50__z1p10__lam0p010__nu0p50__psi1p25,hardzero_plus_depr,0.02,36,350,0.0,2,0.15305895,0.15308736,0.95838594,0.11005608,0.11005608,1.0,2.8409562e-05,0.00025813715,-26.83799,2.1084912,0.70283043,0.192,0.0,0.16639337,3.4799972,3.4899971,1123200
hardzero_plus_depr__c0p50__z1p10__lam0p010__nu0p50__psi1p25,hardzero_plus_depr,0.02,36,351,0.0,2,0.15308736,0.15311372,0.98554885,0.10338347,0.10338347,1.0,2.6355607e-05,0.00025493058,-27.174335,2.1682508,0.7227503,0.14999999,0.0,0.14886446,3.4899971,3.4999971,1126400
hardzero_plus_depr__c0p50__z1p10__lam0p010__nu0p50__psi1p25,hardzero_plus_depr,0.02,36,352,0.0,2,0.15311372,0.15314136,0.9594093,0.10979707,0.10979707,1.0,2.7642925e-05,0.0002517638,-26.365372,2.1107426,0.70358086,0.23200001,0.0,0.13436691,3.4999971,3.5099971,1129600
hardzero_plus_depr__c0p50__z1p10__lam0p010__nu0p50__psi1p25,hardzero_plus_depr,0.02,36,353,0.0,2,0.15314136,0.15316401,1.0406201,0.091070965,0.091070965,1.0,2.2643544e-05,0.00024863626,-27.063326,2.2894099,0.7631366,0.15200001,0.0,0.16334453,3.5099971,3.5199971,1132800
hardzero_plus_depr__c0p50__z1p10__lam0p010__nu0p50__psi1p25,hardzero_plus_depr,0.02,36,354,0.0,2,0.15316401,0.15318549,1.0582575,0.0874465,0.0874465,1.0,2.1472288e-05,0.0002455477,-27.575296,2.328213,0.776071,0.18400002,0.0,0.16626044,3.5199971,3.529997,1136000
hardzero_plus_depr__c0p50__z1p10__lam0p010__nu0p50__psi1p25,hardzero_plus_depr,0.02,36,355,0.0,2,0.15318549,0.15321225,0.95715684,0.11036799,0.11036799,1.0,2.676395e-05,0.0002424974,-26.787691,2.105787,0.70192903,0.216,0.0,0.13865867,3.529997,3.539997,1139200
hardzero_plus_depr__c0p50__z1p10__lam0p010__nu0p50__psi1p25,hardzero_plus_depr,0.02,36,356,0.0,2,0.15321225,0.15323506,1.0209526,0.09529001,0.09529001,1.0,2.2820539e-05,0.0002394851,-26.991798,2.2461405,0.7487135,0.120000005,0.0,0.12595472,3.539997,3.549997,1142400
hardzero_plus_depr__c0p50__z1p10__lam0p010__nu0p50__psi1p25,hardzero_plus_depr,0.02,36,357,0.0,2,0.15323506,0.15325718,1.0292267,0.09349175,0.09349175,1.0,2.2111755e-05,0.00023651023,-27.263405,2.2643437,0.75478125,0.15200001,0.0,0.12939025,3.549997,3.559997,1145600
hardzero_plus_depr__c0p50__z1p10__lam0p010__nu0p50__psi1p25,hardzero_plus_depr,0.02,36,358,0.0,2,0.15325718,0.15327929,1.0237395,0.09468048,0.09468048,1.0,2.2114726e-05,0.00023357218,-27.726465,2.2522717,0.7507572,0.136,0.0,0.17268312,3.559997,3.569997,1148800
hardzero_plus_depr__c0p50__z1p10__lam0p010__nu0p50__psi1p25,hardzero_plus_depr,0.02,36,359,0.0,2,0.15327929,0.15330073,1.0318125,0.09293675,0.09293675,1.0,2.1437787e-05,0.00023067072,-27.17877,2.270033,0.7566776,0.14400001,0.0,0.16285233,3.569997,3.579997,1152000
hardzero_plus_depr__c0p50__z1p10__lam0p010__nu0p50__psi1p25,hardzero_plus_depr,0.02,36,360,0.0,2,0.15330073,0.15332317,1.0065128,0.098511554,0.098511554,1.0,2.2441447e-05,0.00022780523,-26.620413,2.2143724,0.73812413,0.256,0.0,0.17292278,3.579997,3.589997,1155200
hardzero_plus_depr__c0p50__z1p10__lam0p010__nu0p50__psi1p25,hardzero_plus_depr,0.02,36,361,0.0,2,0.15332317,0.15334372,1.0392634,0.09135591,0.09135591,1.0,2.0552836e-05,0.00022497543,-28.009396,2.286425,0.7621417,0.15200001,0.0,0.1531146,3.589997,3.599997,1158400
hardzero_plus_depr__c0p50__z1p10__lam0p010__nu0p50__psi1p25,hardzero_plus_depr,0.02,36,362,0.0,2,0.15334372,0.15336691,0.9814589,0.10436168,0.10436168,1.0,2.318716e-05,0.00022218078,-26.379982,2.1592526,0.7197509,0.192,0.0,0.13123925,3.599997,3.609997,1161600
hardzero_plus_depr__c0p50__z1p10__lam0p010__nu0p50__psi1p25,hardzero_plus_depr,0.02,36,363,0.0,2,0.15336691,0.15338917,0.9937092,0.101459056,0.101459056,1.0,2.2262222e-05,0.00021942075,-26.498001,2.186204,0.7287347,0.18400002,0.0,0.16748002,3.609997,3.619997,1164800
hardzero_plus_depr__c0p50__z1p10__lam0p010__nu0p50__psi1p25,hardzero_plus_depr,0.02,36,364,0.0,2,0.15338917,0.15340984,1.0203999,0.09541136,0.09541136,1.0,2.0675174e-05,0.00021669509,-27.139286,2.2449248,0.7483083,0.17999999,0.0,0.14235131,3.619997,3.629997,1168000
hardzero_plus_depr__c0p50__z1p10__lam0p010__nu0p50__psi1p25,hardzero_plus_depr,0.02,36,365,0.0,2,0.15340984,0.15342931,1.0409344,0.091005065,0.091005065,1.0,1.9475385e-05,0.0002140033,-27.344723,2.2901015,0.7633672,0.16000001,0.0,0.13347074,3.629997,3.639997,1171200
hardzero_plus_depr__c0p50__z1p10__lam0p010__nu0p50__psi1p25,hardzero_plus_depr,0.02,36,366,0.0,2,0.15342931,0.15345086,0.99163544,0.10194468,0.10194468,1.0,2.1545482e-05,0.00021134484,-26.653494,2.1816416,0.72721386,0.2,0.0,0.14878406,3.639997,3.649997,1174400
hardzero_plus_depr__c0p50__z1p10__lam0p010__nu0p50__psi1p25,hardzero_plus_depr,0.02,36,367,0.0,2,0.15345086,0.15347198,0.9949571,0.10116794,0.10116794,1.0,2.1115724e-05,0.00020871952,-27.081253,2.1889493,0.7296498,0.17600001,0.0,0.13579597,3.649997,3.659997,1177600
hardzero_plus_depr__c0p50__z1p10__lam0p010__nu0p50__psi1p25,hardzero_plus_depr,0.02,36,368,0.0,2,0.15347198,0.15349495,0.95270866,0.11150424,0.11150424,1.0,2.2984013e-05,0.0002061268,-26.332842,2.096001,0.698667,0.16800001,0.0,0.12535682,3.659997,3.669997,1180800
hardzero_plus_depr__c0p50__z1p10__lam0p010__nu0p50__psi1p25,hardzero_plus_depr,0.02,36,369,0.0,2,0.15349495,0.15351503,1.0062672,0.098567285,0.098567285,1.0,2.006497e-05,0.00020356622,-26.434175,2.213832,0.737944,0.208,0.008,0.14415449,3.669997,3.679997,1184000
hardzero_plus_depr__c0p50__z1p10__lam0p010__nu0p50__psi1p25,hardzero_plus_depr,0.02,36,370,0.0,2,0.15351503,0.1535341,1.0229125,0.094860956,0.094860956,1.0,1.9070609e-05,0.00020103749,-26.867771,2.2504525,0.75015086,0.16800001,0.0,0.17326142,3.679997,3.689997,1187200
hardzero_plus_depr__c0p50__z1p10__lam0p010__nu0p50__psi1p25,hardzero_plus_depr,0.02,36,371,0.0,2,0.1535341,0.15355134,1.0611801,0.08686,0.08686,1.0,1.7245193e-05,0.0001985401,-27.651138,2.334643,0.77821434,0.112,0.0,0.16250728,3.689997,3.699997,1190400
hardzero_plus_depr__c0p50__z1p10__lam0p010__nu0p50__psi1p25,hardzero_plus_depr,0.02,36,372,0.0,2,0.15355134,0.15356977,1.026884,0.09399745,0.09399745,1.0,1.843044e-05,0.00019607384,-27.511005,2.2591898,0.7530633,0.120000005,0.0,0.18483928,3.699997,3.709997,1193600
hardzero_plus_depr__c0p50__z1p10__lam0p010__nu0p50__psi1p25,hardzero_plus_depr,0.02,36,373,0.0,2,0.15356977,0.15358882,1.0071528,0.09836649,0.09836649,1.0,1.9047513e-05,0.00019363822,-26.352705,2.2157805,0.7385935,0.15200001,0.0,0.14989668,3.709997,3.719997,1196800
hardzero_plus_depr__c0p50__z1p10__lam0p010__nu0p50__psi1p25,hardzero_plus_depr,0.02,36,374,0.0,2,0.15358882,0.15360712,1.0192912,0.095655255,0.095655255,1.0,1.8292416e-05,0.00019123274,-27.398697,2.2424853,0.7474951,0.136,0.0,0.14510272,3.719997,3.729997,1200000
hardzero_plus_depr__c0p50__z1p10__lam0p010__nu0p50__psi1p25,hardzero_plus_depr,0.02,36,375,0.0,2,0.15360712,0.15362722,0.9727853,0.10646693,0.10646693,1.0,2.0107052e-05,0.00018885726,-26.204302,2.1401703,0.7133901,0.23200001,0.0,0.13229038,3.729997,3.739997,1203200
hardzero_plus_depr__c0p50__z1p10__lam0p010__nu0p50__psi1p25,hardzero_plus_depr,0.02,36,376,0.0,2,0.15362722,0.1536456,1.0060794,0.0986099,0.0986099,1.0,1.839185e-05,0.00018651118,-26.656397,2.213419,0.7378063,0.208,0.0,0.1750763,3.739997,3.749997,1206400
hardzero_plus_depr__c0p50__z1p10__lam0p010__nu0p50__psi1p25,hardzero_plus_depr,0.02,36,377,0.0,2,0.1536456,0.15366323,1.0189943,0.09572066,0.09572066,1.0,1.7631204e-05,0.00018419433,-27.399035,2.2418323,0.74727744,0.16,0.0,0.1377745,3.749997,3.759997,1209600
hardzero_plus_depr__c0p50__z1p10__lam0p010__nu0p50__psi1p25,hardzero_plus_depr,0.02,36,378,0.0,2,0.15366323,0.15367953,1.04742,0.08965614,0.08965614,1.0,1.6309014e-05,0.00018190627,-27.680496,2.3043702,0.7681234,0.2,0.0,0.17541988,3.759997,3.769997,1212800
hardzero_plus_depr__c0p50__z1p10__lam0p010__nu0p50__psi1p25,hardzero_plus_depr,0.02,36,379,0.0,2,0.15367953,0.1536977,0.9951926,0.101113096,0.101113096,1.0,1.816462e-05,0.00017964655,-27.054976,2.1894674,0.7298225,0.18400002,0.0,0.17666726,3.769997,3.7799969,1216000
hardzero_plus_depr__c0p50__z1p10__lam0p010__nu0p50__psi1p25,hardzero_plus_depr,0.02,36,380,0.0,2,0.1536977,0.15371278,1.070583,0.08499963,0.08499963,1.0,1.5080207e-05,0.00017741497,-27.286737,2.3553295,0.7851099,0.14400001,0.0,0.1873226,3.7799969,3.7899969,1219200
hardzero_plus_depr__c0p50__z1p10__lam0p010__nu0p50__psi1p25,hardzero_plus_depr,0.02,36,381,0.0,2,0.15371278,0.15373099,0.98330927,0.103917986,0.103917986,1.0,1.8207587e-05,0.00017521113,-26.898632,2.1633236,0.7211079,0.14400001,0.0,0.1465844,3.7899969,3.7999969,1222400
hardzero_plus_depr__c0p50__z1p10__lam0p010__nu0p50__psi1p25,hardzero_plus_depr,0.02,36,382,0.0,2,0.15373099,0.15374914,0.979149,0.10491825,0.10491825,1.0,1.8154484e-05,0.00017303457,-26.58833,2.1541708,0.7180569,0.208,0.0,0.1341665,3.7999969,3.8099968,1225600
hardzero_plus_depr__c0p50__z1p10__lam0p010__nu0p50__psi1p25,hardzero_plus_depr,0.02,36,383,0.0,2,0.15374914,0.15376543,1.0206993,0.09534562,0.09534562,1.0,1.6293146e-05,0.00017088512,-27.49751,2.2455833,0.74852777,0.17600001,0.0,0.14011164,3.8099968,3.8199968,1228800
hardzero_plus_depr__c0p50__z1p10__lam0p010__nu0p50__psi1p25,hardzero_plus_depr,0.02,36,384,0.0,2,0.15376543,0.15378323,0.97679734,0.10548789,0.10548789,1.0,1.7802387e-05,0.00016876239,-26.161955,2.148997,0.7163324,0.15200001,0.0,0.13390861,3.8199968,3.8299968,1232000
hardzero_plus_depr__c0p50__z1p10__lam0p010__nu0p50__psi1p25,hardzero_plus_depr,0.02,36,385,0.0,2,0.15378323,0.15380077,0.97774017,0.10525915,0.10525915,1.0,1.7543116e-05,0.00016666595,-26.910177,2.1510713,0.7170238,0.16800001,0.0,0.13029999,3.8299968,3.8399968,1235200
hardzero_plus_depr__c0p50__z1p10__lam0p010__nu0p50__psi1p25,hardzero_plus_depr,0.02,36,386,0.0,2,0.15380077,0.15381436,1.0833836,0.08253087,0.08253087,1.0,1.358422e-05,0.00016459562,-29.154459,2.3834915,0.7944972,0.15200001,0.0,0.2354386,3.8399968,3.8499968,1238400
hardzero_plus_depr__c0p50__z1p10__lam0p010__nu0p50__psi1p25,hardzero_plus_depr,0.02,36,387,0.0,2,0.15381436,0.15383147,0.97771645,0.105264895,0.105264895,1.0,1.7110906e-05,0.00016255093,-26.378954,2.151019,0.7170064,0.080000006,0.0,0.12221392,3.8499968,3.8599968,1241600
hardzero_plus_depr__c0p50__z1p10__lam0p010__nu0p50__psi1p25,hardzero_plus_depr,0.02,36,388,0.0,2,0.15383147,0.15384637,1.032186,0.092856854,0.092856854,1.0,1.4906469e-05,0.00016053171,-27.88013,2.2708547,0.7569516,0.15200001,0.0,0.18189682,3.8599968,3.8699968,1244800
hardzero_plus_depr__c0p50__z1p10__lam0p010__nu0p50__psi1p25,hardzero_plus_depr,0.02,36,389,0.0,2,0.15384637,0.15386245,0.9938253,0.101431936,0.101431936,1.0,1.6080774e-05,0.00015853759,-26.54412,2.1864593,0.7288198,0.192,0.0,0.13831803,3.8699968,3.8799968,1248000
hardzero_plus_depr__c0p50__z1p10__lam0p010__nu0p50__psi1p25,hardzero_plus_depr,0.02,36,390,0.0,2,0.15386245,0.15387732,1.0225098,0.09494895,0.09494895,1.0,1.4865982e-05,0.00015656816,-27.245756,2.2495666,0.7498555,0.12,0.0,0.14226237,3.8799968,3.8899968,1251200
hardzero_plus_depr__c0p50__z1p10__lam0p010__nu0p50__psi1p25,hardzero_plus_depr,0.02,36,391,0.0,2,0.15387732,0.15389216,1.0179331,0.09595482,0.09595482,1.0,1.4836848e-05,0.00015462327,-27.57981,2.2394977,0.74649924,0.15200001,0.0,0.14748815,3.8899968,3.8999968,1254400
hardzero_plus_depr__c0p50__z1p10__lam0p010__nu0p50__psi1p25,hardzero_plus_depr,0.02,36,392,0.0,2,0.15389216,0.15390594,1.0444616,0.09026894,0.09026894,1.0,1.3784289e-05,0.00015270246,-27.111597,2.2978613,0.7659538,0.08800001,0.0,0.14444485,3.8999968,3.9099967,1257600
hardzero_plus_depr__c0p50__z1p10__lam0p010__nu0p50__psi1p25,hardzero_plus_depr,0.02,36,393,0.0,2,0.15390594,0.15391813,1.0924037,0.08083442,0.08083442,1.0,1.2190282e-05,0.00015080559,-28.246557,2.403336,0.80111206,0.096,0.0,0.15040943,3.9099967,3.9199967,1260800
hardzero_plus_depr__c0p50__z1p10__lam0p010__nu0p50__psi1p25,hardzero_plus_depr,0.02,36,394,0.0,2,0.15391813,0.15393166,1.0415397,0.09087834,0.09087834,1.0,1.3534717e-05,0.00014893227,-26.994997,2.291433,0.76381105,0.15200001,0.0,0.16737822,3.9199967,3.9299967,1264000
hardzero_plus_depr__c0p50__z1p10__lam0p010__nu0p50__psi1p25,hardzero_plus_depr,0.02,36,395,0.0,2,0.15393166,0.15394583,1.0162445,0.09632865,0.09632865,1.0,1.4168228e-05,0.00014708217,-26.678337,2.2357826,0.7452609,0.120000005,0.0,0.15796001,3.9299967,3.9399967,1267200
hardzero_plus_depr__c0p50__z1p10__lam0p010__nu0p50__psi1p25,hardzero_plus_depr,0.02,36,396,0.0,2,0.15394583,0.15395929,1.033079,0.09266611,0.09266611,1.0,1.3460228e-05,0.00014525512,-27.732786,2.2728193,0.75760645,0.208,0.0,0.1521378,3.9399967,3.9499967,1270400
hardzero_plus_depr__c0p50__z1p10__lam0p010__nu0p50__psi1p25,hardzero_plus_depr,0.02,36,397,0.0,2,0.15395929,0.15397185,1.057496,0.087599985,0.087599985,1.0,1.2566283e-05,0.00014345074,-27.771364,2.3265376,0.7755126,0.136,0.0,0.15591645,3.9499967,3.9599967,1273600
hardzero_plus_depr__c0p50__z1p10__lam0p010__nu0p50__psi1p25,hardzero_plus_depr,0.02,36,398,0.0,2,0.15397185,0.15398452,1.0488583,0.0893597,0.0893597,1.0,1.2659475e-05,0.00014166873,-27.635311,2.3075342,0.7691781,0.112,0.0,0.14184985,3.9599967,3.9699967,1276800
hardzero_plus_depr__c0p50__z1p10__lam0p010__nu0p50__psi1p25,hardzero_plus_depr,0.02,36,399,0.0,2,0.15398452,0.15399757,1.0300919,0.09330568,0.09330568,1.0,1.3054297e-05,0.00013990892,-27.04232,2.2662475,0.75541586,0.16000001,0.0,0.16001453,3.9699967,3.9799967,1280000
hardzero_plus_depr__c0p50__z1p10__lam0p010__nu0p50__psi1p25,hardzero_plus_depr,0.02,36,400,0.0,2,0.15399757,0.15400949,1.0638912,0.08631949,0.08631949,1.0,1.1926848e-05,0.00013817097,-27.99009,2.3406074,0.7802025,0.16000001,0.0,0.1687843,3.9799967,3.9899967,1283200
hardzero_plus_depr__c0p50__z1p10__lam0p010__nu0p50__psi1p25,hardzero_plus_depr,0.02,36,401,0.0,2,0.15400949,0.15400949,1.1098723,0.0,0.07764752,0.0,0.0,0.00013645456,-28.416374,2.441768,0.81392264,0.16000001,0.0,0.18281363,3.9899967,3.9999967,1286400
hardzero_plus_depr__c0p50__z1p10__lam0p010__nu0p50__psi1p25,hardzero_plus_depr,0.02,36,402,0.0,2,0.15400949,0.15402374,0.9759307,0.10569861,0.10569861,1.0,1.4243893e-05,0.00013475951,-26.797012,2.1470904,0.7156968,0.24800001,0.0,0.12707454,3.9999967,4.009997,1289600
hardzero_plus_depr__c0p50__z1p10__lam0p010__nu0p50__psi1p25,hardzero_plus_depr,0.02,36,403,0.0,2,0.15402374,0.15403672,1.0107092,0.09756428,0.09756428,1.0,1.2984388e-05,0.00013308547,-26.790361,2.2236047,0.7412016,0.22,0.0,0.13259916,4.009997,4.019997,1292800
hardzero_plus_depr__c0p50__z1p10__lam0p010__nu0p50__psi1p25,hardzero_plus_depr,0.02,36,404,0.0,2,0.15403672,0.15405017,0.98974407,0.10238962,0.10238962,1.0,1.3457295e-05,0.00013143221,-26.58429,2.1774805,0.72582686,0.14400001,0.0,0.15109068,4.019997,4.0299973,1296000
hardzero_plus_depr__c0p50__z1p10__lam0p010__nu0p50__psi1p25,hardzero_plus_depr,0.02,36,405,0.0,2,0.15405017,0.15406203,1.038963,0.09141912,0.09141912,1.0,1.18661565e-05,0.0001297995,-27.717484,2.2857642,0.7619214,0.136,0.0,0.15467715,4.0299973,4.0399976,1299200
hardzero_plus_depr__c0p50__z1p10__lam0p010__nu0p50__psi1p25,hardzero_plus_depr,0.02,36,406,0.0,2,0.15406203,0.15407321,1.0593476,0.087227285,0.087227285,1.0,1.118141e-05,0.00012818706,-27.494074,2.3306112,0.7768704,0.16800001,0.0,0.1461599,4.0399976,4.049998,1302400
hardzero_plus_depr__c0p50__z1p10__lam0p010__nu0p50__psi1p25,hardzero_plus_depr,0.02,36,407,0.0,2,0.15407321,0.1540855,1.0125042,0.09716184,0.09716184,1.0,1.2300171e-05,0.00012659468,-27.066883,2.2275538,0.74251795,0.112,0.0,0.1611999,4.049998,4.059998,1305600
hardzero_plus_depr__c0p50__z1p10__lam0p010__nu0p50__psi1p25,hardzero_plus_depr,0.02,36,408,0.0,2,0.1540855,0.15409875,0.9748359,0.10596541,0.10596541,1.0,1.3248014e-05,0.00012502205,-27.068878,2.1446817,0.71489394,0.208,0.0,0.1502831,4.059998,4.0699983,1308800
hardzero_plus_depr__c0p50__z1p10__lam0p010__nu0p50__psi1p25,hardzero_plus_depr,0.02,36,409,0.0,2,0.15409875,0.15410954,1.058558,0.08738603,0.08738603,1.0,1.0789463e-05,0.00012346897,-27.4942,2.328874,0.7762914,0.208,0.0,0.15809815,4.0699983,4.0799985,1312000
hardzero_plus_depr__c0p50__z1p10__lam0p010__nu0p50__psi1p25,hardzero_plus_depr,0.02,36,410,0.0,2,0.15410954,0.15412241,0.9762531,0.10562019,0.10562019,1.0,1.2878817e-05,0.000121935176,-26.802267,2.1477997,0.71593326,0.24000001,0.0,0.13558298,4.0799985,4.0899987,1315200
hardzero_plus_depr__c0p50__z1p10__lam0p010__nu0p50__psi1p25,hardzero_plus_depr,0.02,36,411,0.0,2,0.15412241,0.1541338,1.0243735,0.09454237,0.09454237,1.0,1.1384834e-05,0.00012042044,-27.575891,2.2536669,0.7512223,0.15200001,0.0,0.13842438,4.0899987,4.099999,1318400
hardzero_plus_depr__c0p50__z1p10__lam0p010__nu0p50__psi1p25,hardzero_plus_depr,0.02,36,412,0.0,2,0.1541338,0.1541459,0.9924878,0.1017448,0.1017448,1.0,1.2099951e-05,0.000118924516,-26.4054,2.1835167,0.72783893,0.17600001,0.0,0.11762075,4.099999,4.109999,1321600
hardzero_plus_depr__c0p50__z1p10__lam0p010__nu0p50__psi1p25,hardzero_plus_depr,0.02,36,413,0.0,2,0.1541459,0.15415674,1.0343013,0.092405684,0.092405684,1.0,1.08527865e-05,0.000117447176,-27.846062,2.2755082,0.7585027,0.15200001,0.0,0.1493514,4.109999,4.1199994,1324800
hardzero_plus_depr__c0p50__z1p10__lam0p010__nu0p50__psi1p25,hardzero_plus_depr,0.02,36,414,0.0,2,0.15415674,0.15416801,1.0127262,0.09711221,0.09711221,1.0,1.126387e-05,0.000115988194,-26.98969,2.2280421,0.7426807,0.16800001,0.0,0.16257787,4.1199994,4.1299996,1328000
hardzero_plus_depr__c0p50__z1p10__lam0p010__nu0p50__psi1p25,hardzero_plus_depr,0.02,36,415,0.0,2,0.15416801,0.1541787,1.0300678,0.09331086,0.09331086,1.0,1.0688511e-05,0.000114547336,-28.023165,2.2661943,0.75539815,0.112,0.0,0.1456809,4.1299996,4.14,1331200
hardzero_plus_depr__c0p50__z1p10__lam0p010__nu0p50__psi1p25,hardzero_plus_depr,0.02,36,416,0.0,2,0.1541787,0.154189,1.0403279,0.09113224,0.09113224,1.0,1.0309277e-05,0.00011312437,-28.142014,2.288767,0.7629224,0.099999994,0.0,0.14336158,4.14,4.15,1334400
hardzero_plus_depr__c0p50__z1p10__lam0p010__nu0p50__psi1p25,hardzero_plus_depr,0.02,36,417,0.0,2,0.154189,0.15420015,1.0012053,0.09972284,0.09972284,1.0,1.1140945e-05,0.00011171909,-26.558632,2.2026956,0.7342319,0.18400002,0.0,0.15363118,4.15,4.1600003,1337600
hardzero_plus_depr__c0p50__z1p10__lam0p010__nu0p50__psi1p25,hardzero_plus_depr,0.02,36,418,0.0,2,0.15420015,0.1542112,0.99971575,0.10006546,0.10006546,1.0,1.1040349e-05,0.00011033126,-26.968414,2.1994185,0.7331395,0.24000001,0.0,0.12229744,4.1600003,4.1700006,1340800
hardzero_plus_depr__c0p50__z1p10__lam0p010__nu0p50__psi1p25,hardzero_plus_depr,0.02,36,419,0.0,2,0.1542112,0.15422195,1.0052308,0.09880278,0.09880278,1.0,1.0765617e-05,0.00010896067,-27.000652,2.211552,0.737184,0.128,0.0,0.15126346,4.1700006,4.180001,1344000
hardzero_plus_depr__c0p50__z1p10__lam0p010__nu0p50__psi1p25,hardzero_plus_depr,0.02,36,420,0.0,2,0.15422195,0.15423192,1.0331393,0.09265325,0.09265325,1.0,9.970148e-06,0.000107607106,-27.350782,2.272952,0.75765073,0.2,0.0,0.1722193,4.180001,4.190001,1347200
hardzero_plus_depr__c0p50__z1p10__lam0p010__nu0p50__psi1p25,hardzero_plus_depr,0.02,36,421,0.0,2,0.15423192,0.15424232,1.0090991,0.09792664,0.09792664,1.0,1.0406699e-05,0.00010627036,-27.10061,2.2200625,0.7400209,0.192,0.0,0.170077,4.190001,4.2000012,1350400
hardzero_plus_depr__c0p50__z1p10__lam0p010__nu0p50__psi1p25,hardzero_plus_depr,0.02,36,422,0.0,2,0.15424232,0.1542517,1.0491016,0.08930966,0.08930966,1.0,9.373069e-06,0.00010495022,-27.197954,2.3080695,0.7693565,0.16800001,0.0,0.14830229,4.2000012,4.2100015,1353600
hardzero_plus_depr__c0p50__z1p10__lam0p010__nu0p50__psi1p25,hardzero_plus_depr,0.02,36,423,0.0,2,0.1542517,0.15426028,1.0821635,0.08276307,0.08276307,1.0,8.5781e-06,0.000103646475,-28.225399,2.3808072,0.7936024,0.15200001,0.0,0.17385897,4.2100015,4.2200017,1356800
hardzero_plus_depr__c0p50__z1p10__lam0p010__nu0p50__psi1p25,hardzero_plus_depr,0.02,36,424,0.0,2,0.15426028,0.15426935,1.0526236,0.088588305,0.088588305,1.0,9.067805e-06,0.000102358936,-27.695814,2.3158183,0.77193946,0.15200001,0.0,0.15424223,4.2200017,4.230002,1360000
hardzero_plus_depr__c0p50__z1p10__lam0p010__nu0p50__psi1p25,hardzero_plus_depr,0.02,36,425,0.0,2,0.15426935,0.15427946,1.0001872,0.0999569,0.0999569,1.0,1.01043815e-05,0.00010108738,-26.24872,2.2004557,0.7334852,0.216,0.0,0.15389623,4.230002,4.240002,1363200
hardzero_plus_depr__c0p50__z1p10__lam0p010__nu0p50__psi1p25,hardzero_plus_depr,0.02,36,426,0.0,2,0.15427946,0.15428899,1.0195875,0.09559001,0.09559001,1.0,9.542906e-06,9.9831625e-05,-27.099623,2.2431374,0.7477125,0.208,0.0,0.15846045,4.240002,4.2500024,1366400
hardzero_plus_depr__c0p50__z1p10__lam0p010__nu0p50__psi1p25,hardzero_plus_depr,0.02,36,427,0.0,2,0.15428899,0.15429874,1.0049136,0.09887498,0.09887498,1.0,9.748229e-06,9.859147e-05,-26.95441,2.210854,0.73695135,0.16800001,0.0,0.16299154,4.2500024,4.2600026,1369600
hardzero_plus_depr__c0p50__z1p10__lam0p010__nu0p50__psi1p25,hardzero_plus_depr,0.02,36,428,0.0,2,0.15429874,0.15430653,1.0968978,0.08000225,0.08000225,1.0,7.789556e-06,9.736671e-05,-28.526373,2.4132235,0.80440784,0.15200001,0.0,0.18614304,4.2600026,4.270003,1372800
hardzero_plus_depr__c0p50__z1p10__lam0p010__nu0p50__psi1p25,hardzero_plus_depr,0.02,36,429,0.0,2,0.15430653,0.15431687,0.96827894,0.1075774,0.1075774,1.0,1.0344339e-05,9.615718e-05,-26.416298,2.1302562,0.7100854,0.25,0.01,0.14396021,4.270003,4.280003,1376000
hardzero_plus_depr__c0p50__z1p10__lam0p010__nu0p50__psi1p25,hardzero_plus_depr,0.02,36,430,0.0,2,0.15431687,0.15432598,1.0179805,0.095944375,0.095944375,1.0,9.111134e-06,9.496267e-05,-26.441149,2.2396019,0.746534,0.16000001,0.0,0.15469685,4.280003,4.2900033,1379200
hardzero_plus_depr__c0p50__z1p10__lam0p010__nu0p50__psi1p25,hardzero_plus_depr,0.02,36,431,0.0,2,0.15432598,0.15433353,1.0941049,0.08051839,0.08051839,1.0,7.5512557e-06,9.3783e-05,-28.921766,2.4070787,0.8023596,0.112,0.0,0.16964833,4.2900033,4.3000035,1382400
hardzero_plus_depr__c0p50__z1p10__lam0p010__nu0p50__psi1p25,hardzero_plus_depr,0.02,36,432,0.0,2,0.15433353,0.1543419,1.0438446,0.09039728,0.09039728,1.0,8.3724135e-06,9.261798e-05,-27.84374,2.296504,0.7655014,0.16000001,0.0,0.17080559,4.3000035,4.3100038,1385600
hardzero_plus_depr__c0p50__z1p10__lam0p010__nu0p50__psi1p25,hardzero_plus_depr,0.02,36,433,0.0,2,0.1543419,0.15435003,1.0515842,0.08880057,0.08880057,1.0,8.12236e-06,9.146743e-05,-28.219118,2.3135316,0.77117723,0.096,0.0,0.16477759,4.3100038,4.320004,1388800
hardzero_plus_depr__c0p50__z1p10__lam0p010__nu0p50__psi1p25,hardzero_plus_depr,0.02,36,434,0.0,2,0.15435003,0.15435891,1.0072322,0.098348506,0.098348506,1.0,8.883937e-06,9.033118e-05,-27.705488,2.215955,0.7386517,0.15200001,0.0,0.15254235,4.320004,4.330004,1392000
hardzero_plus_depr__c0p50__z1p10__lam0p010__nu0p50__psi1p25,hardzero_plus_depr,0.02,36,435,0.0,2,0.15435891,0.15436685,1.0502136,0.08908127,0.08908127,1.0,7.946855e-06,8.920904e-05,-28.115303,2.310516,0.77017206,0.136,0.0,0.1593837,4.330004,4.3400044,1395200
hardzero_plus_depr__c0p50__z1p10__lam0p010__nu0p50__psi1p25,hardzero_plus_depr,0.02,36,436,0.0,2,0.15436685,0.15437444,1.064747,0.086149536,0.086149536,1.0,7.5898474e-06,8.810085e-05,-27.67483,2.3424902,0.7808301,0.120000005,0.0,0.16446549,4.3400044,4.3500047,1398400
hardzero_plus_depr__c0p50__z1p10__lam0p010__nu0p50__psi1p25,hardzero_plus_depr,0.02,36,437,0.0,2,0.15437444,0.15438263,1.0256919,0.09425581,0.09425581,1.0,8.200861e-06,8.700642e-05,-26.996792,2.2565672,0.7521891,0.17600001,0.0,0.15298775,4.3500047,4.360005,1401600
hardzero_plus_depr__c0p50__z1p10__lam0p010__nu0p50__psi1p25,hardzero_plus_depr,0.02,36,438,0.0,2,0.15438263,0.15439197,0.9636779,0.108723186,0.108723186,1.0,9.342103e-06,8.592558e-05,-26.045124,2.1201336,0.70671123,0.192,0.0,0.1274826,4.360005,4.370005,1404800
hardzero_plus_depr__c0p50__z1p10__lam0p010__nu0p50__psi1p25,hardzero_plus_depr,0.02,36,439,0.0,2,0.15439197,0.15440044,1.0007691,0.09982306,0.09982306,1.0,8.470802e-06,8.485817e-05,-27.150305,2.201736,0.733912,0.18400002,0.0,0.1648724,4.370005,4.3800054,1408000
hardzero_plus_depr__c0p50__z1p10__lam0p010__nu0p50__psi1p25,hardzero_plus_depr,0.02,36,440,0.0,2,0.15440044,0.15440923,0.9792074,0.104904145,0.104904145,1.0,8.791389e-06,8.3804014e-05,-27.15292,2.1542993,0.7180998,0.15200001,0.0,0.1539625,4.3800054,4.3900056,1411200
hardzero_plus_depr__c0p50__z1p10__lam0p010__nu0p50__psi1p25,hardzero_plus_depr,0.02,36,441,0.0,2,0.15440923,0.15441681,1.0380574,0.091609925,0.091609925,1.0,7.581909e-06,8.276296e-05,-26.215216,2.283772,0.76125735,0.136,0.0,0.13329062,4.3900056,4.400006,1414400
hardzero_plus_depr__c0p50__z1p10__lam0p010__nu0p50__psi1p25,hardzero_plus_depr,0.02,36,442,0.0,2,0.15441681,0.15442452,1.026071,0.09417356,0.09417356,1.0,7.697261e-06,8.173484e-05,-27.578539,2.2574012,0.7524671,0.089999996,0.0,0.15502037,4.400006,4.410006,1417600
hardzero_plus_depr__c0p50__z1p10__lam0p010__nu0p50__psi1p25,hardzero_plus_depr,0.02,36,443,0.0,2,0.15442452,0.1544334,0.9581562,0.1101143,0.1101143,1.0,8.888371e-06,8.0719496e-05,-25.701012,2.1079857,0.70266193,0.15200001,0.0,0.1176385,4.410006,4.4200063,1420800
hardzero_plus_depr__c0p50__z1p10__lam0p010__nu0p50__psi1p25,hardzero_plus_depr,0.02,36,444,0.0,2,0.1544334,0.15443997,1.0839834,0.08241697,0.08241697,1.0,6.5700133e-06,7.971676e-05,-27.479372,2.3848112,0.7949371,0.112,0.0,0.14658874,4.4200063,4.4300065,1424000
hardzero_plus_depr__c0p50__z1p10__lam0p010__nu0p50__psi1p25,hardzero_plus_depr,0.02,36,445,0.0,2,0.15443997,0.1544473,1.0310544,0.09309913,0.09309913,1.0,7.3293677e-06,7.872649e-05,-26.459084,2.268365,0.75612164,0.16000001,0.0,0.16245449,4.4300065,4.4400067,1427200
hardzero_plus_depr__c0p50__z1p10__lam0p010__nu0p50__psi1p25,hardzero_plus_depr,0.02,36,446,0.0,2,0.1544473,0.15445462,1.0263817,0.094106205,0.094106205,1.0,7.316616e-06,7.77485e-05,-27.054888,2.258085,0.752695,0.23200001,0.0,0.16432877,4.4400067,4.450007,1430400
hardzero_plus_depr__c0p50__z1p10__lam0p010__nu0p50__psi1p25,hardzero_plus_depr,0.02,36,447,0.0,2,0.15445462,0.15445462,1.1031034,0.0,0.07886723,0.0,0.0,7.678267e-05,-28.773418,2.426876,0.8089587,0.14400001,0.0,0.19391124,4.450007,4.460007,1433600
hardzero_plus_depr__c0p50__z1p10__lam0p010__nu0p50__psi1p25,hardzero_plus_depr,0.02,36,448,0.0,2,0.15445462,0.15446192,1.0166353,0.096242025,0.096242025,1.0,7.297921e-06,7.582884e-05,-27.288715,2.2366424,0.7455475,0.15200001,0.0,0.13113953,4.460007,4.4700074,1436800
hardzero_plus_depr__c0p50__z1p10__lam0p010__nu0p50__psi1p25,hardzero_plus_depr,0.02,36,449,0.0,2,0.15446192,0.1544692,1.0121756,0.09723541,0.09723541,1.0,7.2816542e-06,7.4886855e-05,-26.812641,2.2268307,0.7422769,0.128,0.0,0.13755724,4.4700074,4.4800076,1440000
hardzero_plus_depr__c0p50__z1p10__lam0p010__nu0p50__psi1p25,hardzero_plus_depr,0.02,36,450,0.0,2,0.1544692,0.1544764,1.0113723,0.09741541,0.09741541,1.0,7.20451e-06,7.395657e-05,-26.854303,2.2250636,0.7416879,0.128,0.0,0.14603686,4.4800076,4.490008,1443200
hardzero_plus_depr__c0p50__z1p10__lam0p010__nu0p50__psi1p25,hardzero_plus_depr,0.02,36,451,0.0,2,0.1544764,0.15448284,1.0551581,0.088072814,0.088072814,1.0,6.432649e-06,7.303785e-05,-27.287573,2.3213942,0.7737981,0.112,0.0,0.1437955,4.490008,4.500008,1446400
hardzero_plus_depr__c0p50__z1p10__lam0p010__nu0p50__psi1p25,hardzero_plus_depr,0.02,36,452,0.0,2,0.15448284,0.1544892,1.0544938,0.08820763,0.08820763,1.0,6.3624643e-06,7.213054e-05,-27.78983,2.3199327,0.7733109,0.16800001,0.0,0.17475232,4.500008,4.5100083,1449600
hardzero_plus_depr__c0p50__z1p10__lam0p010__nu0p50__psi1p25,hardzero_plus_depr,0.02,36,453,0.0,2,0.1544892,0.15449585,1.0302794,0.0932654,0.0932654,1.0,6.643714e-06,7.12345e-05,-27.831715,2.26666,0.75555336,0.16000001,0.0,0.14654897,4.5100083,4.5200086,1452800
hardzero_plus_depr__c0p50__z1p10__lam0p010__nu0p50__psi1p25,hardzero_plus_depr,0.02,36,454,0.0,2,0.15449585,0.15450242,1.029141,0.0935102,0.0935102,1.0,6.5784043e-06,7.034959e-05,-27.934237,2.2641554,0.7547185,0.15200001,0.0,0.19492885,4.5200086,4.530009,1456000
hardzero_plus_depr__c0p50__z1p10__lam0p010__nu0p50__psi1p25,hardzero_plus_depr,0.02,36,455,0.0,2,0.15450242,0.15450838,1.0663586,0.08583045,0.08583045,1.0,5.9631284e-06,6.9475675e-05,-27.700243,2.3460357,0.7820119,0.14999999,0.0,0.16236182,4.530009,4.540009,1459200
hardzero_plus_depr__c0p50__z1p10__lam0p010__nu0p50__psi1p25,hardzero_plus_depr,0.02,36,456,0.0,2,0.15450838,0.15451461,1.0416791,0.09084915,0.09084915,1.0,6.233398e-06,6.8612615e-05,-27.749899,2.29174,0.76391333,0.136,0.0,0.15135512,4.540009,4.5500093,1462400
hardzero_plus_depr__c0p50__z1p10__lam0p010__nu0p50__psi1p25,hardzero_plus_depr,0.02,36,457,0.0,2,0.15451461,0.15452032,1.0742025,0.084294155,0.084294155,1.0,5.7117954e-06,6.776028e-05,-28.23549,2.3632927,0.78776425,0.112,0.0,0.17160803,4.5500093,4.5600095,1465600
hardzero_plus_depr__c0p50__z1p10__lam0p010__nu0p50__psi1p25,hardzero_plus_depr,0.02,36,458,0.0,2,0.15452032,0.15452723,0.9856671,0.10335532,0.10335532,1.0,6.9163852e-06,6.6918525e-05,-26.786314,2.168511,0.722837,0.136,0.0,0.14990507,4.5600095,4.5700097,1468800
hardzero_plus_depr__c0p50__z1p10__lam0p010__nu0p50__psi1p25,hardzero_plus_depr,0.02,36,459,0.0,2,0.15452723,0.15453283,1.0721098,0.084701315,0.084701315,1.0,5.597675e-06,6.608723e-05,-27.294323,2.3586886,0.78622955,0.17600001,0.0,0.16842425,4.5700097,4.58001,1472000
hardzero_plus_depr__c0p50__z1p10__lam0p010__nu0p50__psi1p25,hardzero_plus_depr,0.02,36,460,0.0,2,0.15453283,0.15453896,1.0278261,0.09379376,0.09379376,1.0,6.1215683e-06,6.5266264e-05,-27.02425,2.2612624,0.75375414,0.16000001,0.0,0.13427341,4.58001,4.59001,1475200
hardzero_plus_depr__c0p50__z1p10__lam0p010__nu0p50__psi1p25,hardzero_plus_depr,0.02,36,461,0.0,2,0.15453896,0.15454483,1.0402538,0.09114781,0.09114781,1.0,5.8749765e-06,6.445549e-05,-26.9504,2.288604,0.76286805,0.096,0.0,0.15586244,4.59001,4.6000104,1478400
hardzero_plus_depr__c0p50__z1p10__lam0p010__nu0p50__psi1p25,hardzero_plus_depr,0.02,36,462,0.0,2,0.15454483,0.15455107,1.0082169,0.09812579,0.09812579,1.0,6.2461777e-06,6.36548e-05,-27.047445,2.2181213,0.7393738,0.15200001,0.0,0.16991349,4.6000104,4.6100106,1481600
hardzero_plus_depr__c0p50__z1p10__lam0p010__nu0p50__psi1p25,hardzero_plus_depr,0.02,36,463,0.0,2,0.15455107,0.15455748,0.9921814,0.101816595,0.101816595,1.0,6.4006026e-06,6.286404e-05,-27.880404,2.1828427,0.7276143,0.16000001,0.0,0.13651304,4.6100106,4.620011,1484800
hardzero_plus_depr__c0p50__z1p10__lam0p010__nu0p50__psi1p25,hardzero_plus_depr,0.02,36,464,0.0,2,0.15455748,0.1545632,1.0349975,0.092257686,0.092257686,1.0,5.7276447e-06,6.208312e-05,-28.423853,2.27704,0.75901335,0.23200001,0.0,0.16451687,4.620011,4.630011,1488000
hardzero_plus_depr__c0p50__z1p10__lam0p010__nu0p50__psi1p25,hardzero_plus_depr,0.02,36,465,0.0,2,0.1545632,0.15456946,0.9909294,0.10211053,0.10211053,1.0,6.2605895e-06,6.131189e-05,-26.842743,2.1800883,0.72669613,0.16800001,0.0,0.14869694,4.630011,4.6400113,1491200
hardzero_plus_depr__c0p50__z1p10__lam0p010__nu0p50__psi1p25,hardzero_plus_depr,0.02,36,466,0.0,2,0.15456946,0.15457562,0.9933918,0.10153322,0.10153322,1.0,6.1478613e-06,6.0550246e-05,-26.340673,2.1855056,0.7285019,0.128,0.0,0.14509155,4.6400113,4.6500115,1494400
hardzero_plus_depr__c0p50__z1p10__lam0p010__nu0p50__psi1p25,hardzero_plus_depr,0.02,36,467,0.0,2,0.15457562,0.15458201,0.971435,0.10679845,0.10679845,1.0,6.3863404e-06,5.979806e-05,-26.654898,2.1371996,0.7123999,0.224,0.0,0.15503393,4.6500115,4.660012,1497600
hardzero_plus_depr__c0p50__z1p10__lam0p010__nu0p50__psi1p25,hardzero_plus_depr,0.02,36,468,0.0,2,0.15458201,0.15458734,1.043606,0.09044695,0.09044695,1.0,5.341364e-06,5.905522e-05,-27.15764,2.295979,0.7653264,0.13,0.0,0.14066096,4.660012,4.670012,1500800
hardzero_plus_depr__c0p50__z1p10__lam0p010__nu0p50__psi1p25,hardzero_plus_depr,0.02,36,469,0.0,2,0.15458734,0.15459377,0.9585189,0.110022396,0.110022396,1.0,6.416684e-06,5.8321613e-05,-26.030003,2.1087837,0.70292795,0.16800001,0.0,0.14170603,4.670012,4.680012,1504000
hardzero_plus_depr__c0p50__z1p10__lam0p010__nu0p50__psi1p25,hardzero_plus_depr,0.02,36,470,0.0,2,0.15459377,0.15459916,1.0284021,0.09366943,0.09366943,1.0,5.395089e-06,5.7597113e-05,-27.601515,2.2625299,0.7541766,0.192,0.0,0.16806255,4.680012,4.6900125,1507200
hardzero_plus_depr__c0p50__z1p10__lam0p010__nu0p50__psi1p25,hardzero_plus_depr,0.02,36,471,0.0,2,0.15459916,0.1546054,0.9593502,0.109811984,0.109811984,1.0,6.2462823e-06,5.688161e-05,-26.408686,2.1106126,0.7035376,0.208,0.0,0.1371426,4.6900125,4.7000127,1510400
hardzero_plus_depr__c0p50__z1p10__lam0p010__nu0p50__psi1p25,hardzero_plus_depr,0.02,36,472,0.0,2,0.1546054,0.15461087,1.0120082,0.09727289,0.09727289,1.0,5.4643046e-06,5.6175002e-05,-26.677197,2.2264626,0.74215424,0.216,0.0,0.1442624,4.7000127,4.710013,1513600
hardzero_plus_depr__c0p50__z1p10__lam0p010__nu0p50__psi1p25,hardzero_plus_depr,0.02,36,473,0.0,2,0.15461087,0.15461612,1.0238764,0.09465065,0.09465065,1.0,5.2509495e-06,5.5477165e-05,-28.13724,2.2525733,0.7508578,0.15200001,0.0,0.16174747,4.710013,4.720013,1516800
hardzero_plus_depr__c0p50__z1p10__lam0p010__nu0p50__psi1p25,hardzero_plus_depr,0.02,36,474,0.0,2,0.15461612,0.15462144,1.0124159,0.09718162,0.09718162,1.0,5.3243866e-06,5.4788e-05,-27.466486,2.2273593,0.7424531,0.18400002,0.0,0.15712978,4.720013,4.7300134,1520000
hardzero_plus_depr__c0p50__z1p10__lam0p010__nu0p50__psi1p25,hardzero_plus_depr,0.02,36,475,0.0,2,0.15462144,0.15462627,1.0491964,0.089290164,0.089290164,1.0,4.8312586e-06,5.41074e-05,-28.32531,2.308278,0.76942605,0.120000005,0.0,0.13148132,4.7300134,4.7400136,1523200
hardzero_plus_depr__c0p50__z1p10__lam0p010__nu0p50__psi1p25,hardzero_plus_depr,0.02,36,476,0.0,2,0.15462627,0.15463136,1.0210332,0.09527234,0.09527234,1.0,5.0909016e-06,5.343525e-05,-26.938658,2.2463179,0.7487726,0.16800001,0.0,0.16618745,4.7400136,4.750014,1526400
hardzero_plus_depr__c0p50__z1p10__lam0p010__nu0p50__psi1p25,hardzero_plus_depr,0.02,36,477,0.0,2,0.15463136,0.15463631,1.0286802,0.09360947,0.09360947,1.0,4.9399077e-06,5.2771455e-05,-27.0166,2.2631416,0.7543806,0.136,0.0,0.160749,4.750014,4.760014,1529600
hardzero_plus_depr__c0p50__z1p10__lam0p010__nu0p50__psi1p25,hardzero_plus_depr,0.02,36,478,0.0,2,0.15463631,0.15464076,1.0676452,0.08557655,0.08557655,1.0,4.459899e-06,5.21159e-05,-28.297491,2.3488662,0.7829554,0.08800001,0.0,0.17462875,4.760014,4.7700143,1532800
hardzero_plus_depr__c0p50__z1p10__lam0p010__nu0p50__psi1p25,hardzero_plus_depr,0.02,36,479,0.0,2,0.15464076,0.15464652,0.95211726,0.111656174,0.111656174,1.0,5.746775e-06,5.1468494e-05,-25.785217,2.0946999,0.6982333,0.136,0.0,0.13072576,4.7700143,4.7800145,1536000
hardzero_plus_depr__c0p50__z1p10__lam0p010__nu0p50__psi1p25,hardzero_plus_depr,0.02,36,480,0.0,2,0.15464652,0.15465128,1.0272663,0.09391472,0.09391472,1.0,4.773603e-06,5.0829127e-05,-27.441357,2.260031,0.7533437,0.16000001,0.0,0.14962985,4.7800145,4.7900147,1539200
hardzero_plus_depr__c0p50__z1p10__lam0p010__nu0p50__psi1p25,hardzero_plus_depr,0.02,36,481,0.0,2,0.15465128,0.1546562,1.0084205,0.09807978,0.09807978,1.0,4.92338e-06,5.0197705e-05,-26.242134,2.2185693,0.7395231,0.14999999,0.0,0.12556829,4.7900147,4.800015,1542400
hardzero_plus_depr__c0p50__z1p10__lam0p010__nu0p50__psi1p25,hardzero_plus_depr,0.02,36,482,0.0,2,0.1546562,0.15466085,1.0282103,0.0937108,0.0937108,1.0,4.6456307e-06,4.9574122e-05,-27.221235,2.2621078,0.75403595,0.17600001,0.0,0.15613025,4.800015,4.810015,1545600
hardzero_plus_depr__c0p50__z1p10__lam0p010__nu0p50__psi1p25,hardzero_plus_depr,0.02,36,483,0.0,2,0.15466085,0.15466541,1.0304129,0.09323674,0.09323674,1.0,4.564711e-06,4.895829e-05,-27.900099,2.2669537,0.75565124,0.096,0.0,0.15613969,4.810015,4.8200154,1548800
hardzero_plus_depr__c0p50__z1p10__lam0p010__nu0p50__psi1p25,hardzero_plus_depr,0.02,36,484,0.0,2,0.15466541,0.15467021,1.0039093,0.09910389,0.09910389,1.0,4.7916833e-06,4.8350103e-05,-27.089622,2.2086446,0.7362149,0.2,0.0,0.15294996,4.8200154,4.8300157,1552000
hardzero_plus_depr__c0p50__z1p10__lam0p010__nu0p50__psi1p25,hardzero_plus_depr,0.02,36,485,0.0,2,0.15467021,0.1546743,1.0667971,0.085743815,0.085743815,1.0,4.0942223e-06,4.7749476e-05,-27.962763,2.3470006,0.78233355,0.096,0.0,0.1554298,4.8300157,4.840016,1555200
hardzero_plus_depr__c0p50__z1p10__lam0p010__nu0p50__psi1p25,hardzero_plus_depr,0.02,36,486,0.0,2,0.1546743,0.15467829,1.0738593,0.0843608,0.0843608,1.0,3.978144e-06,4.7156307e-05,-28.379446,2.3625376,0.78751254,0.128,0.0,0.16717716,4.840016,4.850016,1558400
hardzero_plus_depr__c0p50__z1p10__lam0p010__nu0p50__psi1p25,hardzero_plus_depr,0.02,36,487,0.0,2,0.15467829,0.15468265,1.0277402,0.093812294,0.093812294,1.0,4.3688865e-06,4.657051e-05,-27.432549,2.2610736,0.7536912,0.17600001,0.0,0.16806933,4.850016,4.8600163,1561600
hardzero_plus_depr__c0p50__z1p10__lam0p010__nu0p50__psi1p25,hardzero_plus_depr,0.02,36,488,0.0,2,0.15468265,0.1546869,1.0339476,0.09248097,0.09248097,1.0,4.253384e-06,4.599199e-05,-27.36022,2.2747302,0.75824344,0.128,0.0,0.13678679,4.8600163,4.8700166,1564800
hardzero_plus_depr__c0p50__z1p10__lam0p010__nu0p50__psi1p25,hardzero_plus_depr,0.02,36,489,0.0,2,0.1546869,0.15469149,0.9958713,0.1009552,0.1009552,1.0,4.5854517e-06,4.5420657e-05,-26.656683,2.1909606,0.7303202,0.104,0.0,0.13609879,4.8700166,4.880017,1568000
hardzero_plus_depr__c0p50__z1p10__lam0p010__nu0p50__psi1p25,hardzero_plus_depr,0.02,36,490,0.0,2,0.15469149,0.1546955,1.048579,0.08941719,0.08941719,1.0,4.010935e-06,4.485642e-05,-27.529774,2.3069198,0.7689733,0.112,0.0,0.13902782,4.880017,4.890017,1571200
hardzero_plus_depr__c0p50__z1p10__lam0p010__nu0p50__psi1p25,hardzero_plus_depr,0.02,36,491,0.0,2,0.1546955,0.15469968,1.0249956,0.094407044,0.094407044,1.0,4.182156e-06,4.429919e-05,-26.606575,2.2550352,0.7516784,0.16000001,0.0,0.14008273,4.890017,4.9000173,1574400
hardzero_plus_depr__c0p50__z1p10__lam0p010__nu0p50__psi1p25,hardzero_plus_depr,0.02,36,492,0.0,2,0.15469968,0.15470417,0.9893418,0.102484494,0.102484494,1.0,4.4835824e-06,4.3748885e-05,-26.932997,2.1765954,0.7255318,0.136,0.0,0.14648807,4.9000173,4.9100175,1577600
hardzero_plus_depr__c0p50__z1p10__lam0p010__nu0p50__psi1p25,hardzero_plus_depr,0.02,36,493,0.0,2,0.15470417,0.15470809,1.0415562,0.090874866,0.090874866,1.0,3.926286e-06,4.320541e-05,-27.708517,2.2914696,0.7638232,0.136,0.0,0.15771942,4.9100175,4.9200177,1580800
hardzero_plus_depr__c0p50__z1p10__lam0p010__nu0p50__psi1p25,hardzero_plus_depr,0.02,36,494,0.0,2,0.15470809,0.15471229,1.0061505,0.09859377,0.09859377,1.0,4.2068677e-06,4.2668697e-05,-26.33177,2.2135754,0.7378585,0.19999999,0.0,0.1319279,4.9200177,4.930018,1584000
hardzero_plus_depr__c0p50__z1p10__lam0p010__nu0p50__psi1p25,hardzero_plus_depr,0.02,36,495,0.0,2,0.15471229,0.15471588,1.0698965,0.0851341,0.0851341,1.0,3.587435e-06,4.213864e-05,-27.887625,2.3538191,0.7846064,0.080000006,0.0,0.18518423,4.930018,4.940018,1587200
hardzero_plus_depr__c0p50__z1p10__lam0p010__nu0p50__psi1p25,hardzero_plus_depr,0.02,36,496,0.0,2,0.15471588,0.15471989,1.0154741,0.09649968,0.09649968,1.0,4.015851e-06,4.1615174e-05,-27.646496,2.2340877,0.7446959,0.192,0.0,0.13775012,4.940018,4.9500184,1590400
hardzero_plus_depr__c0p50__z1p10__lam0p010__nu0p50__psi1p25,hardzero_plus_depr,0.02,36,497,0.0,2,0.15471989,0.15472353,1.0527481,0.08856292,0.08856292,1.0,3.6397776e-06,4.109821e-05,-27.375374,2.316092,0.7720307,0.224,0.0,0.14970227,4.9500184,4.9600186,1593600
hardzero_plus_depr__c0p50__z1p10__lam0p010__nu0p50__psi1p25,hardzero_plus_depr,0.02,36,498,0.0,2,0.15472353,0.15472688,1.0834783,0.08251286,0.08251286,1.0,3.3490048e-06,4.058767e-05,-28.45938,2.3837,0.79456663,0.104,0.0,0.18250437,4.9600186,4.970019,1596800
hardzero_plus_depr__c0p50__z1p10__lam0p010__nu0p50__psi1p25,hardzero_plus_depr,0.02,36,499,0.0,2,0.15472688,0.15473059,1.0339606,0.0924782,0.0924782,1.0,3.7068473e-06,4.0083472e-05,-27.936443,2.2747586,0.75825286,0.136,0.0,0.15225075,4.970019,4.980019,1600000
hardzero_plus_depr__c0p50__z1p10__lam0p010__nu0p50__psi1p25,hardzero_plus_depr,0.02,36,500,0.0,2,0.15473059,0.15473422,1.0372398,0.09178257,0.09178257,1.0,3.6332622e-06,3.9585535e-05,-28.141615,2.2819731,0.7606577,0.136,0.0,0.15006375,4.980019,4.9900193,1603200
hardzero_plus_depr__c0p50__z1p10__lam0p010__nu0p50__psi1p25,hardzero_plus_depr,0.02,36,501,0.0,2,0.15473422,0.15473764,1.0589633,0.08730451,0.08730451,1.0,3.4130635e-06,3.9093782e-05,-28.216757,2.3297658,0.7765886,0.17600001,0.0,0.15373546,4.9900193,5.0000196,1606400
hardzero_plus_depr__c0p50__z1p10__lam0p010__nu0p50__psi1p25,hardzero_plus_depr,0.02,36,502,0.0,2,0.15473764,0.15474108,1.0503337,0.08905664,0.08905664,1.0,3.4383118e-06,3.8608145e-05,-27.153732,2.3107803,0.7702601,0.128,0.0,0.14990614,5.0000196,5.01002,1609600
hardzero_plus_depr__c0p50__z1p10__lam0p010__nu0p50__psi1p25,hardzero_plus_depr,0.02,36,503,0.0,2,0.15474108,0.15474448,1.049642,0.089198604,0.089198604,1.0,3.4010122e-06,3.8128535e-05,-27.868715,2.3092585,0.76975286,0.096,0.0,0.16287404,5.01002,5.02002,1612800
hardzero_plus_depr__c0p50__z1p10__lam0p010__nu0p50__psi1p25,hardzero_plus_depr,0.02,36,504,0.0,2,0.15474448,0.15474826,0.99817485,0.10042114,0.10042114,1.0,3.7813463e-06,3.7654885e-05,-27.131413,2.1960285,0.73200953,0.15200001,0.008,0.14179532,5.02002,5.03002,1616000
hardzero_plus_depr__c0p50__z1p10__lam0p010__nu0p50__psi1p25,hardzero_plus_depr,0.02,36,505,0.0,2,0.15474826,0.15475188,1.0115863,0.09736741,0.09736741,1.0,3.6208135e-06,3.7187117e-05,-27.11122,2.2255344,0.74184483,0.18400002,0.0,0.14829923,5.03002,5.0400205,1619200
hardzero_plus_depr__c0p50__z1p10__lam0p010__nu0p50__psi1p25,hardzero_plus_depr,0.02,36,506,0.0,2,0.15475188,0.15475528,1.0333859,0.09260067,0.09260067,1.0,3.4007744e-06,3.672516e-05,-27.357006,2.2734942,0.75783145,0.15200001,0.0,0.15553068,5.0400205,5.0500207,1622400
hardzero_plus_depr__c0p50__z1p10__lam0p010__nu0p50__psi1p25,hardzero_plus_depr,0.02,36,507,0.0,2,0.15475528,0.15475889,1.0021161,0.099513926,0.099513926,1.0,3.609265e-06,3.6268942e-05,-27.424042,2.2046993,0.73489976,0.21,0.0,0.15570135,5.0500207,5.060021,1625600
hardzero_plus_depr__c0p50__z1p10__lam0p010__nu0p50__psi1p25,hardzero_plus_depr,0.02,36,508,0.0,2,0.15475889,0.15476242,1.0053197,0.09878257,0.09878257,1.0,3.538233e-06,3.5818393e-05,-27.063564,2.2117476,0.73724926,0.18400002,0.0,0.15925895,5.060021,5.070021,1628800
hardzero_plus_depr__c0p50__z1p10__lam0p010__nu0p50__psi1p25,hardzero_plus_depr,0.02,36,509,0.0,2,0.15476242,0.1547657,1.0340171,0.092466176,0.092466176,1.0,3.2708467e-06,3.537344e-05,-28.628185,2.274883,0.75829434,0.16000001,0.0,0.15184233,5.070021,5.0800214,1632000
hardzero_plus_depr__c0p50__z1p10__lam0p010__nu0p50__psi1p25,hardzero_plus_depr,0.02,36,510,0.0,2,0.1547657,0.15476924,0.99290437,0.10164726,0.10164726,1.0,3.5509468e-06,3.4934015e-05,-26.59836,2.1844332,0.7281444,0.15200001,0.008,0.13686472,5.0800214,5.0900216,1635200
hardzero_plus_depr__c0p50__z1p10__lam0p010__nu0p50__psi1p25,hardzero_plus_depr,0.02,36,511,0.0,2,0.15476924,0.15477245,1.0322851,0.09283567,0.09283567,1.0,3.2028347e-06,3.4500044e-05,-27.841763,2.2710726,0.7570242,0.14400001,0.0,0.15346569,5.0900216,5.100022,1638400
hardzero_plus_depr__c0p50__z1p10__lam0p010__nu0p50__psi1p25,hardzero_plus_depr,0.02,36,512,0.0,2,0.15477245,0.15477587,0.9977959,0.10050881,0.10050881,1.0,3.424483e-06,3.4071472e-05,-26.332994,2.1951947,0.7317316,0.16000001,0.0,0.11502335,5.100022,5.110022,1641600
hardzero_plus_depr__c0p50__z1p10__lam0p010__nu0p50__psi1p25,hardzero_plus_depr,0.02,36,513,0.0,2,0.15477587,0.1547793,0.9916304,0.10194586,0.10194586,1.0,3.4302966e-06,3.364822e-05,-26.810669,2.1816304,0.72721016,0.18400002,0.0,0.14971866,5.110022,5.1200223,1644800
hardzero_plus_depr__c0p50__z1p10__lam0p010__nu0p50__psi1p25,hardzero_plus_depr,0.02,36,514,0.0,2,0.1547793,0.15478234,1.0391583,0.091378,0.091378,1.0,3.0365118e-06,3.3230226e-05,-27.165924,2.286194,0.7620647,0.14400001,0.0,0.1548854,5.1200223,5.1300225,1648000
hardzero_plus_depr__c0p50__z1p10__lam0p010__nu0p50__psi1p25,hardzero_plus_depr,0.02,36,515,0.0,2,0.15478234,0.15478234,1.1023923,0.0,0.07899646,0.0,0.0,3.281742e-05,-28.658615,2.4253116,0.8084372,0.14400001,0.0,0.17635567,5.1300225,5.1400228,1651200
hardzero_plus_depr__c0p50__z1p10__lam0p010__nu0p50__psi1p25,hardzero_plus_depr,0.02,36,516,0.0,2,0.15478234,0.15478526,1.0455408,0.09004492,0.09004492,1.0,2.9183334e-06,3.240975e-05,-28.619312,2.3002357,0.76674527,0.192,0.0,0.16941462,5.1400228,5.150023,1654400
hardzero_plus_depr__c0p50__z1p10__lam0p010__nu0p50__psi1p25,hardzero_plus_depr,0.02,36,517,0.0,2,0.15478526,0.15478803,1.0622971,0.0866369,0.0866369,1.0,2.7729993e-06,3.2007138e-05,-28.621008,2.3371003,0.7790334,0.15200001,0.0,0.16056636,5.150023,5.160023,1657600
hardzero_plus_depr__c0p50__z1p10__lam0p010__nu0p50__psi1p25,hardzero_plus_depr,0.02,36,518,0.0,2,0.15478803,0.15479101,1.0251721,0.094368674,0.094368674,1.0,2.9829494e-06,3.160953e-05,-27.954956,2.2554238,0.7518079,0.16800001,0.0,0.17535701,5.160023,5.1700234,1660800
hardzero_plus_depr__c0p50__z1p10__lam0p010__nu0p50__psi1p25,hardzero_plus_depr,0.02,36,519,0.0,2,0.15479101,0.15479368,1.0675433,0.08559664,0.08559664,1.0,2.6720584e-06,3.121686e-05,-27.43309,2.348642,0.7828807,0.15200001,0.0,0.14323494,5.1700234,5.1800237,1664000
hardzero_plus_depr__c0p50__z1p10__lam0p010__nu0p50__psi1p25,hardzero_plus_depr,0.02,36,520,0.0,2,0.15479368,0.15479368,1.1104109,0.0,0.0775513,0.0,0.0,3.082907e-05,-29.094618,2.4429529,0.81431764,0.13,0.0,0.16156068,5.1800237,5.190024,1667200
hardzero_plus_depr__c0p50__z1p10__lam0p010__nu0p50__psi1p25,hardzero_plus_depr,0.02,36,521,0.0,2,0.15479368,0.15479685,0.98096436,0.10448059,0.10448059,1.0,3.1810264e-06,3.04461e-05,-26.850712,2.1581647,0.71938825,0.16800001,0.0,0.1454543,5.190024,5.200024,1670400
hardzero_plus_depr__c0p50__z1p10__lam0p010__nu0p50__psi1p25,hardzero_plus_depr,0.02,36,522,0.0,2,0.15479685,0.15479976,1.0138339,0.09686483,0.09686483,1.0,2.9125201e-06,3.0067882e-05,-26.832006,2.230479,0.743493,0.16800001,0.0,0.1514562,5.200024,5.2100244,1673600
hardzero_plus_depr__c0p50__z1p10__lam0p010__nu0p50__psi1p25,hardzero_plus_depr,0.02,36,523,0.0,2,0.15479976,0.15480226,1.0748683,0.08416502,0.08416502,1.0,2.4992269e-06,2.9694364e-05,-26.840197,2.3647575,0.78825253,0.128,0.0,0.16457322,5.2100244,5.2200246,1676800
hardzero_plus_depr__c0p50__z1p10__lam0p010__nu0p50__psi1p25,hardzero_plus_depr,0.02,36,524,0.0,2,0.15480226,0.15480487,1.0503598,0.08905129,0.08905129,1.0,2.6114724e-06,2.9325485e-05,-27.173128,2.3108377,0.7702793,0.17600001,0.0,0.15801227,5.2200246,5.230025,1680000
hardzero_plus_depr__c0p50__z1p10__lam0p010__nu0p50__psi1p25,hardzero_plus_depr,0.02,36,525,0.0,2,0.15480487,0.15480763,1.0206478,0.09535691,0.09535691,1.0,2.7616497e-06,2.896119e-05,-27.004786,2.24547,0.74849004,0.16000001,0.0,0.14511561,5.230025,5.240025,1683200
hardzero_plus_depr__c0p50__z1p10__lam0p010__nu0p50__psi1p25,hardzero_plus_depr,0.02,36,526,0.0,2,0.15480763,0.15481041,1.0104852,0.0976146,0.0976146,1.0,2.7919161e-06,2.860142e-05,-26.94554,2.2231119,0.7410373,0.15200001,0.0,0.14371522,5.240025,5.2500253,1686400
hardzero_plus_depr__c0p50__z1p10__lam0p010__nu0p50__psi1p25,hardzero_plus_depr,0.02,36,527,0.0,2,0.15481041,0.15481295,1.0480919,0.089517534,0.089517534,1.0,2.528523e-06,2.824612e-05,-28.197752,2.3058481,0.7686161,0.16000001,0.0,0.1477633,5.2500253,5.2600255,1689600
hardzero_plus_depr__c0p50__z1p10__lam0p010__nu0p50__psi1p25,hardzero_plus_depr,0.02,36,528,0.0,2,0.15481295,0.15481567,1.0108546,0.0975316,0.0975316,1.0,2.7206668e-06,2.7895234e-05,-27.453688,2.2239246,0.7413082,0.15200001,0.0,0.15421173,5.2600255,5.2700257,1692800
hardzero_plus_depr__c0p50__z1p10__lam0p010__nu0p50__psi1p25,hardzero_plus_depr,0.02,36,529,0.0,2,0.15481567,0.15481862,0.9697171,0.10722176,0.10722176,1.0,2.9538207e-06,2.7548705e-05,-25.633516,2.1334202,0.7111401,0.104,0.0,0.11964806,5.2700257,5.280026,1696000
hardzero_plus_depr__c0p50__z1p10__lam0p010__nu0p50__psi1p25,hardzero_plus_depr,0.02,36,530,0.0,2,0.15481862,0.15482096,1.0660107,0.08589924,0.08589924,1.0,2.337016e-06,2.720648e-05,-28.195778,2.3452704,0.7817568,0.16000001,0.0,0.1326209,5.280026,5.290026,1699200
hardzero_plus_depr__c0p50__z1p10__lam0p010__nu0p50__psi1p25,hardzero_plus_depr,0.02,36,531,0.0,2,0.15482096,0.15482338,1.0473808,0.08966421,0.08966421,1.0,2.4091437e-06,2.6868509e-05,-28.193893,2.3042839,0.76809466,0.16800001,0.0,0.15353069,5.290026,5.3000264,1702400
hardzero_plus_depr__c0p50__z1p10__lam0p010__nu0p50__psi1p25,hardzero_plus_depr,0.02,36,532,0.0,2,0.15482338,0.15482584,1.0322462,0.09284397,0.09284397,1.0,2.4635901e-06,2.6534735e-05,-27.357283,2.270987,0.7569957,0.16800001,0.0,0.12456314,5.3000264,5.3100266,1705600
hardzero_plus_depr__c0p50__z1p10__lam0p010__nu0p50__psi1p25,hardzero_plus_depr,0.02,36,533,0.0,2,0.15482584,0.154828,1.0850123,0.082221925,0.082221925,1.0,2.1546346e-06,2.6205109e-05,-28.29824,2.3870747,0.7956916,0.12,0.0,0.13761829,5.3100266,5.320027,1708800
hardzero_plus_depr__c0p50__z1p10__lam0p010__nu0p50__psi1p25,hardzero_plus_depr,0.02,36,534,0.0,2,0.154828,0.15483035,1.0421757,0.09074533,0.09074533,1.0,2.3484508e-06,2.5879577e-05,-27.514149,2.2928321,0.7642774,0.136,0.0,0.14974566,5.320027,5.330027,1712000
hardzero_plus_depr__c0p50__z1p10__lam0p010__nu0p50__psi1p25,hardzero_plus_depr,0.02,36,535,0.0,2,0.15483035,0.15483269,1.037599,0.09170669,0.09170669,1.0,2.3438477e-06,2.5558087e-05,-27.658014,2.2827632,0.7609211,0.112,0.0,0.15837836,5.330027,5.3400273,1715200
hardzero_plus_depr__c0p50__z1p10__lam0p010__nu0p50__psi1p25,hardzero_plus_depr,0.02,36,536,0.0,2,0.15483269,0.15483522,0.9973788,0.100605376,0.100605376,1.0,2.5393397e-06,2.5240595e-05,-26.301407,2.1942773,0.73142576,0.17600001,0.0,0.1560554,5.3400273,5.3500276,1718400
hardzero_plus_depr__c0p50__z1p10__lam0p010__nu0p50__psi1p25,hardzero_plus_depr,0.02,36,537,0.0,2,0.15483522,0.15483749,1.0405142,0.09109316,0.09109316,1.0,2.270683e-06,2.4927042e-05,-27.885427,2.289177,0.763059,0.17600001,0.0,0.17682698,5.3500276,5.360028,1721600
hardzero_plus_depr__c0p50__z1p10__lam0p010__nu0p50__psi1p25,hardzero_plus_depr,0.02,36,538,0.0,2,0.15483749,0.15483953,1.0797554,0.08322324,0.08322324,1.0,2.0487387e-06,2.4617386e-05,-27.77356,2.3755093,0.79183644,0.136,0.0,0.14857592,5.360028,5.370028,1724800
hardzero_plus_depr__c0p50__z1p10__lam0p010__nu0p50__psi1p25,hardzero_plus_depr,0.02,36,539,0.0,2,0.15483953,0.15484181,1.0290163,0.09353705,0.09353705,1.0,2.2740332e-06,2.4311577e-05,-27.482477,2.263881,0.754627,0.16000001,0.0,0.15635256,5.370028,5.3800282,1728000
hardzero_plus_depr__c0p50__z1p10__lam0p010__nu0p50__psi1p25,hardzero_plus_depr,0.02,36,540,0.0,2,0.15484181,0.15484448,0.9546475,0.11100755,0.11100755,1.0,2.665243e-06,2.4009567e-05,-26.574142,2.1002665,0.70008886,0.24800001,0.0,0.1335406,5.3800282,5.3900285,1731200
hardzero_plus_depr__c0p50__z1p10__lam0p010__nu0p50__psi1p25,hardzero_plus_depr,0.02,36,541,0.0,2,0.15484448,0.15484671,1.0246941,0.09447261,0.09447261,1.0,2.2400693e-06,2.3711309e-05,-27.224201,2.254372,0.75145733,0.14400001,0.0,0.12246196,5.3900285,5.4000287,1734400
hardzero_plus_depr__c0p50__z1p10__lam0p010__nu0p50__psi1p25,hardzero_plus_depr,0.02,36,542,0.0,2,0.15484671,0.1548491,0.9915301,0.101969406,0.101969406,1.0,2.3877926e-06,2.3416755e-05,-26.44659,2.1814098,0.7271366,0.192,0.0,0.15390337,5.4000287,5.410029,1737600
hardzero_plus_depr__c0p50__z1p10__lam0p010__nu0p50__psi1p25,hardzero_plus_depr,0.02,36,543,0.0,2,0.1548491,0.15485127,1.0260875,0.09416997,0.09416997,1.0,2.1777612e-06,2.3125858e-05,-27.101034,2.2574377,0.75247926,0.16800001,0.0,0.14186679,5.410029,5.420029,1740800
hardzero_plus_depr__c0p50__z1p10__lam0p010__nu0p50__psi1p25,hardzero_plus_depr,0.02,36,544,0.0,2,0.15485127,0.15485384,0.9506684,0.1120293,0.1120293,1.0,2.5585898e-06,2.2838578e-05,-26.384853,2.0915122,0.69717073,0.216,0.0,0.1420195,5.420029,5.4300294,1744000
hardzero_plus_depr__c0p50__z1p10__lam0p010__nu0p50__psi1p25,hardzero_plus_depr,0.02,36,545,0.0,2,0.15485384,0.15485589,1.0409251,0.091007024,0.091007024,1.0,2.0526513e-06,2.2554867e-05,-27.332535,2.290081,0.7633604,0.14400001,0.0,0.14460315,5.4300294,5.4400296,1747200
hardzero_plus_depr__c0p50__z1p10__lam0p010__nu0p50__psi1p25,hardzero_plus_depr,0.02,36,546,0.0,2,0.15485589,0.15485781,1.065457,0.08600881,0.08600881,1.0,1.9158185e-06,2.2274678e-05,-26.886936,2.344052,0.78135073,0.12,0.0,0.13522439,5.4400296,5.45003,1750400
hardzero_plus_depr__c0p50__z1p10__lam0p010__nu0p50__psi1p25,hardzero_plus_depr,0.02,36,547,0.0,2,0.15485781,0.15485999,1.0038334,0.09912121,0.09912121,1.0,2.1804658e-06,2.1997974e-05,-27.175838,2.2084777,0.73615927,0.208,0.0,0.14660785,5.45003,5.46003,1753600
hardzero_plus_depr__c0p50__z1p10__lam0p010__nu0p50__psi1p25,hardzero_plus_depr,0.02,36,548,0.0,2,0.15485999,0.15486218,0.99765813,0.10054069,0.10054069,1.0,2.1842168e-06,2.1724703e-05,-27.498817,2.1948917,0.73163056,0.112,0.0,0.1485337,5.46003,5.4700303,1756800
hardzero_plus_depr__c0p50__z1p10__lam0p010__nu0p50__psi1p25,hardzero_plus_depr,0.02,36,549,0.0,2,0.15486218,0.15486418,1.0298365,0.09336055,0.09336055,1.0,2.0030348e-06,2.1454829e-05,-27.59279,2.2656856,0.7552285,0.216,0.0,0.19985652,5.4700303,5.4800305,1760000
hardzero_plus_depr__c0p50__z1p10__lam0p010__nu0p50__psi1p25,hardzero_plus_depr,0.02,36,550,0.0,2,0.15486418,0.15486634,0.9903218,0.10225348,0.10225348,1.0,2.1665783e-06,2.1188307e-05,-26.89986,2.1787515,0.7262505,0.14400001,0.0,0.15306263,5.4800305,5.490031,1763200
hardzero_plus_depr__c0p50__z1p10__lam0p010__nu0p50__psi1p25,hardzero_plus_depr,0.02,36,551,0.0,2,0.15486634,0.15486832,1.0238241,0.09466205,0.09466205,1.0,1.9808124e-06,2.0925096e-05,-28.075779,2.2524579,0.7508193,0.15200001,0.0,0.16791677,5.490031,5.500031,1766400
hardzero_plus_depr__c0p50__z1p10__lam0p010__nu0p50__psi1p25,hardzero_plus_depr,0.02,36,552,0.0,2,0.15486832,0.15487048,0.9792967,0.10488256,0.10488256,1.0,2.167414e-06,2.0665153e-05,-26.573378,2.1544957,0.7181653,0.2,0.0,0.14729972,5.500031,5.510031,1769600
hardzero_plus_depr__c0p50__z1p10__lam0p010__nu0p50__psi1p25,hardzero_plus_depr,0.02,36,553,0.0,2,0.15487048,0.1548724,1.0271653,0.09393658,0.09393658,1.0,1.917099e-06,2.040844e-05,-26.93915,2.2598088,0.7532696,0.128,0.0,0.1315571,5.510031,5.5200315,1772800
hardzero_plus_depr__c0p50__z1p10__lam0p010__nu0p50__psi1p25,hardzero_plus_depr,0.02,36,554,0.0,2,0.1548724,0.15487427,1.0348281,0.09229368,0.09229368,1.0,1.8601714e-06,2.0154917e-05,-27.745308,2.276667,0.7588891,0.120000005,0.0,0.14096569,5.5200315,5.5300317,1776000
hardzero_plus_depr__c0p50__z1p10__lam0p010__nu0p50__psi1p25,hardzero_plus_depr,0.02,36,555,0.0,2,0.15487427,0.15487614,1.0244062,0.09453525,0.09453525,1.0,1.881681e-06,1.9904544e-05,-28.070898,2.2537386,0.7512462,0.192,0.0,0.15701184,5.5300317,5.540032,1779200
hardzero_plus_depr__c0p50__z1p10__lam0p010__nu0p50__psi1p25,hardzero_plus_depr,0.02,36,556,0.0,2,0.15487614,0.15487815,0.991071,0.10207725,0.10207725,1.0,2.006561e-06,1.965728e-05,-26.785883,2.1803997,0.7267999,0.16800001,0.0,0.14529474,5.540032,5.550032,1782400
hardzero_plus_depr__c0p50__z1p10__lam0p010__nu0p50__psi1p25,hardzero_plus_depr,0.02,36,557,0.0,2,0.15487815,0.15487993,1.0390382,0.091403276,0.091403276,1.0,1.7744198e-06,1.9413088e-05,-28.214546,2.2859297,0.7619766,0.128,0.0,0.14414464,5.550032,5.5600324,1785600
hardzero_plus_depr__c0p50__z1p10__lam0p010__nu0p50__psi1p25,hardzero_plus_depr,0.02,36,558,0.0,2,0.15487993,0.1548818,1.0104195,0.09762937,0.09762937,1.0,1.8717434e-06,1.917193e-05,-27.702988,2.2229671,0.7409891,0.112,0.0,0.16729766,5.5600324,5.5700326,1788800
hardzero_plus_depr__c0p50__z1p10__lam0p010__nu0p50__psi1p25,hardzero_plus_depr,0.02,36,559,0.0,2,0.1548818,0.15488347,1.0537761,0.08835352,0.08835352,1.0,1.6728649e-06,1.8933766e-05,-28.830214,2.318354,0.77278465,0.13,0.0,0.18791471,5.5700326,5.580033,1792000
hardzero_plus_depr__c0p50__z1p10__lam0p010__nu0p50__psi1p25,hardzero_plus_depr,0.02,36,560,0.0,2,0.15488347,0.15488507,1.0689532,0.085319206,0.085319206,1.0,1.5953466e-06,1.8698564e-05,-28.202103,2.351744,0.7839147,0.192,0.0,0.16016838,5.580033,5.590033,1795200
hardzero_plus_depr__c0p50__z1p10__lam0p010__nu0p50__psi1p25,hardzero_plus_depr,0.02,36,561,0.0,2,0.15488507,0.15488683,1.0225003,0.09495103,0.09495103,1.0,1.7533924e-06,1.846628e-05,-27.074127,2.2495456,0.74984854,0.16000001,0.0,0.16592093,5.590033,5.6000333,1798400
hardzero_plus_depr__c0p50__z1p10__lam0p010__nu0p50__psi1p25,hardzero_plus_depr,0.02,36,562,0.0,2,0.15488683,0.15488853,1.0310766,0.09309438,0.09309438,1.0,1.6977514e-06,1.8236884e-05,-27.866806,2.2684138,0.75613797,0.112,0.0,0.15461192,5.6000333,5.6100335,1801600
hardzero_plus_depr__c0p50__z1p10__lam0p010__nu0p50__psi1p25,hardzero_plus_depr,0.02,36,563,0.0,2,0.15488853,0.15489036,0.9909448,0.10210693,0.10210693,1.0,1.8389801e-06,1.8010336e-05,-26.901587,2.1801221,0.7267074,0.216,0.0,0.1344398,5.6100335,5.6200337,1804800
hardzero_plus_depr__c0p50__z1p10__lam0p010__nu0p50__psi1p25,hardzero_plus_depr,0.02,36,564,0.0,2,0.15489036,0.15489203,1.0266684,0.0940441,0.0940441,1.0,1.6727249e-06,1.7786602e-05,-26.879564,2.2587156,0.75290525,0.18400002,0.0,0.1455129,5.6200337,5.630034,1808000
hardzero_plus_depr__c0p50__z1p10__lam0p010__nu0p50__psi1p25,hardzero_plus_depr,0.02,36,565,0.0,2,0.15489203,0.15489371,1.0192592,0.09566228,0.09566228,1.0,1.6803701e-06,1.756565e-05,-27.092276,2.242415,0.7474717,0.120000005,0.0,0.16038534,5.630034,5.640034,1811200
hardzero_plus_depr__c0p50__z1p10__lam0p010__nu0p50__psi1p25,hardzero_plus_depr,0.02,36,566,0.0,2,0.15489371,0.15489544,1.0005485,0.09987379,0.09987379,1.0,1.7325546e-06,1.734744e-05,-27.16005,2.2012506,0.7337502,0.16000001,0.0,0.15489732,5.640034,5.6500344,1814400
hardzero_plus_depr__c0p50__z1p10__lam0p010__nu0p50__psi1p25,hardzero_plus_depr,0.02,36,567,0.0,2,0.15489544,0.15489714,1.0054659,0.098749325,0.098749325,1.0,1.6917676e-06,1.713194e-05,-27.245663,2.212069,0.73735636,0.16800001,0.0,0.14469406,5.6500344,5.6600347,1817600
hardzero_plus_depr__c0p50__z1p10__lam0p010__nu0p50__psi1p25,hardzero_plus_depr,0.02,36,568,0.0,2,0.15489714,0.1548989,0.9830217,0.103986815,0.103986815,1.0,1.7593654e-06,1.691912e-05,-25.841791,2.1626909,0.72089696,0.17600001,0.0,0.119922005,5.6600347,5.670035,1820800
hardzero_plus_depr__c0p50__z1p10__lam0p010__nu0p50__psi1p25,hardzero_plus_depr,0.02,36,569,0.0,2,0.1548989,0.15490048,1.0248193,0.09444538,0.09444538,1.0,1.5780826e-06,1.6708944e-05,-26.774845,2.2546473,0.7515491,0.17600001,0.0,0.13686146,5.670035,5.680035,1824000
hardzero_plus_depr__c0p50__z1p10__lam0p010__nu0p50__psi1p25,hardzero_plus_depr,0.02,36,570,0.0,2,0.15490048,0.15490203,1.0271672,0.093936145,0.093936145,1.0,1.5500758e-06,1.6501377e-05,-27.052217,2.259813,0.75327104,0.16800001,0.0,0.14248204,5.680035,5.6900353,1827200
hardzero_plus_depr__c0p50__z1p10__lam0p010__nu0p50__psi1p25,hardzero_plus_depr,0.02,36,571,0.0,2,0.15490203,0.15490356,1.0272529,0.09391761,0.09391761,1.0,1.5305178e-06,1.6296388e-05,-27.930592,2.2600014,0.7533338,0.15200001,0.0,0.15712479,5.6900353,5.7000356,1830400
hardzero_plus_depr__c0p50__z1p10__lam0p010__nu0p50__psi1p25,hardzero_plus_depr,0.02,36,572,0.0,2,0.15490356,0.15490523,0.9844021,0.10365681,0.10365681,1.0,1.6682473e-06,1.6093947e-05,-25.925468,2.1657279,0.7219093,0.14999999,0.0,0.12999168,5.7000356,5.710036,1833600
hardzero_plus_depr__c0p50__z1p10__lam0p010__nu0p50__psi1p25,hardzero_plus_depr,0.02,36,573,0.0,2,0.15490523,0.15490654,1.0822157,0.0827531,0.0827531,1.0,1.3152794e-06,1.589402e-05,-28.154827,2.380922,0.79364073,0.112,0.0,0.16651751,5.710036,5.720036,1836800
hardzero_plus_depr__c0p50__z1p10__lam0p010__nu0p50__psi1p25,hardzero_plus_depr,0.02,36,574,0.0,2,0.15490654,0.15490794,1.0502737,0.08906895,0.08906895,1.0,1.3980775e-06,1.5696576e-05,-27.740223,2.3106482,0.7702161,0.096,0.008,0.14474623,5.720036,5.7300363,1840000
hardzero_plus_depr__c0p50__z1p10__lam0p010__nu0p50__psi1p25,hardzero_plus_depr,0.02,36,575,0.0,2,0.15490794,0.1549095,0.9950854,0.101138055,0.101138055,1.0,1.5678003e-06,1.5501586e-05,-26.2619,2.1892316,0.7297439,0.16000001,0.0,0.12534386,5.7300363,5.7400365,1843200
hardzero_plus_depr__c0p50__z1p10__lam0p010__nu0p50__psi1p25,hardzero_plus_depr,0.02,36,576,0.0,2,0.1549095,0.15491089,1.0436274,0.090442516,0.090442516,1.0,1.3845862e-06,1.5309019e-05,-27.070889,2.296026,0.765342,0.16800001,0.0,0.14458373,5.7400365,5.7500367,1846400
hardzero_plus_depr__c0p50__z1p10__lam0p010__nu0p50__psi1p25,hardzero_plus_depr,0.02,36,577,0.0,2,0.15491089,0.15491228,1.0397884,0.091245525,0.091245525,1.0,1.3795267e-06,1.5118842e-05,-26.685614,2.28758,0.7625267,0.17600001,0.0,0.16723394,5.7500367,5.760037,1849600
hardzero_plus_depr__c0p50__z1p10__lam0p010__nu0p50__psi1p25,hardzero_plus_depr,0.02,36,578,0.0,2,0.15491228,0.15491366,1.0325383,0.09278157,0.09278157,1.0,1.3853243e-06,1.4931028e-05,-27.463562,2.2716296,0.7572099,0.17600001,0.0,0.1582559,5.760037,5.770037,1852800
hardzero_plus_depr__c0p50__z1p10__lam0p010__nu0p50__psi1p25,hardzero_plus_depr,0.02,36,579,0.0,2,0.15491366,0.15491499,1.0454243,0.090069056,0.090069056,1.0,1.3281176e-06,1.47455485e-05,-26.848549,2.2999794,0.76665986,0.192,0.0,0.1701506,5.770037,5.7800374,1856000
hardzero_plus_depr__c0p50__z1p10__lam0p010__nu0p50__psi1p25,hardzero_plus_depr,0.02,36,580,0.0,2,0.15491499,0.15491633,1.0375127,0.0917249,0.0917249,1.0,1.3357322e-06,1.4562373e-05,-26.960705,2.2825735,0.7608578,0.120000005,0.0,0.1406677,5.7800374,5.7900376,1859200
hardzero_plus_depr__c0p50__z1p10__lam0p010__nu0p50__psi1p25,hardzero_plus_depr,0.02,36,581,0.0,2,0.15491633,0.15491767,1.0288558,0.09357162,0.09357162,1.0,1.3456976e-06,1.4381471e-05,-26.991476,2.2635279,0.7545093,0.16000001,0.0,0.14575134,5.7900376,5.800038,1862400
hardzero_plus_depr__c0p50__z1p10__lam0p010__nu0p50__psi1p25,hardzero_plus_depr,0.02,36,582,0.0,2,0.15491767,0.15491895,1.0430269,0.09056764,0.09056764,1.0,1.2863156e-06,1.42028175e-05,-27.214268,2.2947052,0.76490176,0.136,0.0,0.14291109,5.800038,5.810038,1865600
hardzero_plus_depr__c0p50__z1p10__lam0p010__nu0p50__psi1p25,hardzero_plus_depr,0.02,36,583,0.0,2,0.15491895,0.15492038,0.99139273,0.10200166,0.10200166,1.0,1.4307144e-06,1.4026384e-05,-26.116314,2.1811075,0.7270359,0.16800001,0.0,0.1636661,5.810038,5.8200383,1868800
hardzero_plus_depr__c0p50__z1p10__lam0p010__nu0p50__psi1p25,hardzero_plus_depr,0.02,36,584,0.0,2,0.15492038,0.1549217,1.0219179,0.09507843,0.09507843,1.0,1.3170398e-06,1.3852141e-05,-27.165663,2.2482643,0.7494215,0.14400001,0.0,0.138777,5.8200383,5.8300385,1872000
hardzero_plus_depr__c0p50__z1p10__lam0p010__nu0p50__psi1p25,hardzero_plus_depr,0.02,36,585,0.0,2,0.1549217,0.15492302,1.0150137,0.096602045,0.096602045,1.0,1.321522e-06,1.3680062e-05,-27.197544,2.2330747,0.74435824,0.14,0.0,0.14437869,5.8300385,5.840039,1875200
hardzero_plus_depr__c0p50__z1p10__lam0p010__nu0p50__psi1p25,hardzero_plus_depr,0.02,36,586,0.0,2,0.15492302,0.15492436,1.0037682,0.0991361,0.0991361,1.0,1.3393407e-06,1.3510121e-05,-26.94325,2.2083342,0.7361114,0.14400001,0.0,0.14200887,5.840039,5.850039,1878400
hardzero_plus_depr__c0p50__z1p10__lam0p010__nu0p50__psi1p25,hardzero_plus_depr,0.02,36,587,0.0,2,0.15492436,0.15492564,1.0150661,0.09659037,0.09659037,1.0,1.2887369e-06,1.3342292e-05,-27.379244,2.23319,0.7443967,0.15200001,0.0,0.17436618,5.850039,5.860039,1881600
hardzero_plus_depr__c0p50__z1p10__lam0p010__nu0p50__psi1p25,hardzero_plus_depr,0.02,36,588,0.0,2,0.15492564,0.15492696,1.0004267,0.09990182,0.09990182,1.0,1.3163611e-06,1.3176548e-05,-26.191885,2.2009826,0.7336609,0.17600001,0.0,0.16863455,5.860039,5.8700395,1884800
hardzero_plus_depr__c0p50__z1p10__lam0p010__nu0p50__psi1p25,hardzero_plus_depr,0.02,36,589,0.0,2,0.15492696,0.15492818,1.026362,0.09411049,0.09411049,1.0,1.2246469e-06,1.3012863e-05,-26.667751,2.2580414,0.7526805,0.112,0.0,0.12596443,5.8700395,5.8800397,1888000
hardzero_plus_depr__c0p50__z1p10__lam0p010__nu0p50__psi1p25,hardzero_plus_depr,0.02,36,590,0.0,2,0.15492818,0.15492941,1.0143929,0.096740246,0.096740246,1.0,1.2432292e-06,1.285121e-05,-27.074259,2.2317088,0.7439029,0.14400001,0.0,0.15360613,5.8800397,5.89004,1891200
hardzero_plus_depr__c0p50__z1p10__lam0p010__nu0p50__psi1p25,hardzero_plus_depr,0.02,36,591,0.0,2,0.15492941,0.15493067,1.0073643,0.098318614,0.098318614,1.0,1.2478172e-06,1.2691567e-05,-26.828497,2.2162457,0.73874855,0.15200001,0.0,0.15393099,5.89004,5.90004,1894400
hardzero_plus_depr__c0p50__z1p10__lam0p010__nu0p50__psi1p25,hardzero_plus_depr,0.02,36,592,0.0,2,0.15493067,0.15493192,0.99879,0.100279,0.100279,1.0,1.2568876e-06,1.2533906e-05,-27.157797,2.197382,0.7324607,0.16800001,0.0,0.14023718,5.90004,5.9100404,1897600
hardzero_plus_depr__c0p50__z1p10__lam0p010__nu0p50__psi1p25,hardzero_plus_depr,0.02,36,593,0.0,2,0.15493192,0.15493317,0.994074,0.101373866,0.101373866,1.0,1.2548264e-06,1.2378204e-05,-26.877449,2.1870065,0.7290022,0.136,0.0,0.12456274,5.9100404,5.9200406,1900800
hardzero_plus_depr__c0p50__z1p10__lam0p010__nu0p50__psi1p25,hardzero_plus_depr,0.02,36,594,0.0,2,0.15493317,0.15493444,0.9854504,0.103406906,0.103406906,1.0,1.2640911e-06,1.2224436e-05,-27.14693,2.168034,0.72267807,0.216,0.008,0.15374522,5.9200406,5.930041,1904000
hardzero_plus_depr__c0p50__z1p10__lam0p010__nu0p50__psi1p25,hardzero_plus_depr,0.02,36,595,0.0,2,0.15493444,0.1549356,1.0139681,0.096834905,0.096834905,1.0,1.169047e-06,1.2072578e-05,-26.712175,2.2307744,0.7435915,0.17600001,0.0,0.1417542,5.930041,5.940041,1907200
hardzero_plus_depr__c0p50__z1p10__lam0p010__nu0p50__psi1p25,hardzero_plus_depr,0.02,36,596,0.0,2,0.1549356,0.15493666,1.0516963,0.08877765,0.08877765,1.0,1.058461e-06,1.1922606e-05,-27.803762,2.3137782,0.7712594,0.16800001,0.0,0.16279231,5.940041,5.9500413,1910400
hardzero_plus_depr__c0p50__z1p10__lam0p010__nu0p50__psi1p25,hardzero_plus_depr,0.02,36,597,0.0,2,0.15493666,0.15493762,1.0841486,0.0823856,0.0823856,1.0,9.700491e-07,1.1774498e-05,-27.965605,2.3851748,0.79505825,0.128,0.0,0.20975398,5.9500413,5.9600415,1913600
hardzero_plus_depr__c0p50__z1p10__lam0p010__nu0p50__psi1p25,hardzero_plus_depr,0.02,36,598,0.0,2,0.15493762,0.1549387,1.0362309,0.09199603,0.09199603,1.0,1.0697509e-06,1.1628229e-05,-27.587412,2.2797534,0.75991786,0.12,0.0,0.12908778,5.9600415,5.9700418,1916800
hardzero_plus_depr__c0p50__z1p10__lam0p010__nu0p50__psi1p25,hardzero_plus_depr,0.02,36,599,0.0,2,0.1549387,0.15493983,1.0042684,0.09902198,0.09902198,1.0,1.1371463e-06,1.1483778e-05,-26.457773,2.2094345,0.7364782,0.16000001,0.0,0.15419048,5.9700418,5.980042,1920000
hardzero_plus_depr__c0p50__z1p10__lam0p010__nu0p50__psi1p25,hardzero_plus_depr,0.02,36,600,0.0,2,0.15493983,0.15494093,1.0148973,0.09662791,0.09662791,1.0,1.0958688e-06,1.1341121e-05,-27.410576,2.2328188,0.74427295,0.136,0.0,0.16099934,5.980042,5.990042,1923200
hardzero_plus_depr__c0p50__z1p10__lam0p010__nu0p50__psi1p25,hardzero_plus_depr,0.02,36,601,0.0,2,0.15494093,0.154942,1.0164305,0.09628739,0.09628739,1.0,1.0784415e-06,1.1200236e-05,-27.402748,2.2361917,0.74539727,0.16800001,0.0,0.15791878,5.990042,6.0000424,1926400
hardzero_plus_depr__c0p50__z1p10__lam0p010__nu0p50__psi1p25,hardzero_plus_depr,0.02,36,602,0.0,2,0.154942,0.15494296,1.0664136,0.085819565,0.085819565,1.0,9.4925895e-07,1.1061102e-05,-27.595192,2.3461568,0.7820523,0.16000001,0.0,0.16791861,6.0000424,6.0100427,1929600
hardzero_plus_depr__c0p50__z1p10__lam0p010__nu0p50__psi1p25,hardzero_plus_depr,0.02,36,603,0.0,2,0.15494296,0.154944,1.0172722,0.09610096,0.09610096,1.0,1.0497777e-06,1.0923695e-05,-27.015495,2.2380435,0.74601454,0.18400002,0.0,0.16871399,6.0100427,6.020043,1932800
hardzero_plus_depr__c0p50__z1p10__lam0p010__nu0p50__psi1p25,hardzero_plus_depr,0.02,36,604,0.0,2,0.154944,0.15494506,1.0085386,0.098053105,0.098053105,1.0,1.0577965e-06,1.0787996e-05,-27.026724,2.2188292,0.7396097,0.15200001,0.0,0.17119779,6.020043,6.030043,1936000
hardzero_plus_depr__c0p50__z1p10__lam0p010__nu0p50__psi1p25,hardzero_plus_depr,0.02,36,605,0.0,2,0.15494506,0.154946,1.0558246,0.08793775,0.08793775,1.0,9.368872e-07,1.0653982e-05,-27.27998,2.3228605,0.77428687,0.104,0.0,0.14676657,6.030043,6.0400434,1939200
hardzero_plus_depr__c0p50__z1p10__lam0p010__nu0p50__psi1p25,hardzero_plus_depr,0.02,36,606,0.0,2,0.154946,0.15494701,1.0177021,0.0960059,0.0960059,1.0,1.0101389e-06,1.0521633e-05,-27.448503,2.2389894,0.7463298,0.16800001,0.0,0.16582343,6.0400434,6.0500436,1942400
hardzero_plus_depr__c0p50__z1p10__lam0p010__nu0p50__psi1p25,hardzero_plus_depr,0.02,36,607,0.0,2,0.15494701,0.15494798,1.0291914,0.09349935,0.09349935,1.0,9.715451e-07,1.0390929e-05,-26.641142,2.2642663,0.75475544,0.15200001,0.0,0.14244199,6.0500436,6.060044,1945600
hardzero_plus_depr__c0p50__z1p10__lam0p010__nu0p50__psi1p25,hardzero_plus_depr,0.02,36,608,0.0,2,0.15494798,0.15494893,1.0337812,0.092516415,0.092516415,1.0,9.4938935e-07,1.0261848e-05,-27.30583,2.274364,0.7581214,0.128,0.0,0.15347731,6.060044,6.070044,1948800
hardzero_plus_depr__c0p50__z1p10__lam0p010__nu0p50__psi1p25,hardzero_plus_depr,0.02,36,609,0.0,2,0.15494893,0.15494992,1.0128286,0.09708931,0.09708931,1.0,9.83939e-07,1.0134369e-05,-26.546669,2.2282674,0.74275583,0.18400002,0.0,0.1633708,6.070044,6.0800443,1952000
hardzero_plus_depr__c0p50__z1p10__lam0p010__nu0p50__psi1p25,hardzero_plus_depr,0.02,36,610,0.0,2,0.15494992,0.15495092,1.0017922,0.09958816,0.09958816,1.0,9.967257e-07,1.0008475e-05,-26.93815,2.203987,0.7346623,0.2,0.0,0.1410009,6.0800443,6.0900445,1955200
hardzero_plus_depr__c0p50__z1p10__lam0p010__nu0p50__psi1p25,hardzero_plus_depr,0.02,36,611,0.0,2,0.15495092,0.15495186,1.0246367,0.09448508,0.09448508,1.0,9.3390423e-07,9.884145e-06,-26.832006,2.2542458,0.75141525,0.14999999,0.0,0.12866487,6.0900445,6.1000447,1958400
hardzero_plus_depr__c0p50__z1p10__lam0p010__nu0p50__psi1p25,hardzero_plus_depr,0.02,36,612,0.0,2,0.15495186,0.15495281,1.0070041,0.098400176,0.098400176,1.0,9.605195e-07,9.76136e-06,-26.910688,2.2154534,0.7384845,0.096,0.0,0.16248998,6.1000447,6.110045,1961600
hardzero_plus_depr__c0p50__z1p10__lam0p010__nu0p50__psi1p25,hardzero_plus_depr,0.02,36,613,0.0,2,0.15495281,0.15495361,1.074516,0.08423332,0.08423332,1.0,8.120176e-07,9.6401e-06,-27.886559,2.3639824,0.78799415,0.112,0.0,0.16643916,6.110045,6.120045,1964800
hardzero_plus_depr__c0p50__z1p10__lam0p010__nu0p50__psi1p25,hardzero_plus_depr,0.02,36,614,0.0,2,0.15495361,0.15495461,0.9803805,0.10462114,0.10462114,1.0,9.960295e-07,9.520346e-06,-26.06359,2.1568801,0.71896005,0.17600001,0.0,0.14369555,6.120045,6.1300454,1968000
hardzero_plus_depr__c0p50__z1p10__lam0p010__nu0p50__psi1p25,hardzero_plus_depr,0.02,36,615,0.0,2,0.15495461,0.1549555,1.0226122,0.094926566,0.094926566,1.0,8.9250716e-07,9.40208e-06,-26.669302,2.2497919,0.7499306,0.16800001,0.0,0.17157058,6.1300454,6.1400456,1971200
hardzero_plus_depr__c0p50__z1p10__lam0p010__nu0p50__psi1p25,hardzero_plus_depr,0.02,36,616,0.0,2,0.1549555,0.15495647,0.9786455,0.10503994,0.10503994,1.0,9.753255e-07,9.285282e-06,-27.01188,2.153063,0.7176877,0.16800001,0.008,0.15169974,6.1400456,6.150046,1974400
hardzero_plus_depr__c0p50__z1p10__lam0p010__nu0p50__psi1p25,hardzero_plus_depr,0.02,36,617,0.0,2,0.15495647,0.15495731,1.0442159,0.09032003,0.09032003,1.0,8.2822896e-07,9.169937e-06,-27.309258,2.2973208,0.76577365,0.120000005,0.0,0.13360368,6.150046,6.160046,1977600
hardzero_plus_depr__c0p50__z1p10__lam0p010__nu0p50__psi1p25,hardzero_plus_depr,0.02,36,618,0.0,2,0.15495731,0.15495817,1.0220488,0.09504978,0.09504978,1.0,8.6077307e-07,9.056023e-06,-27.297556,2.2485523,0.74951744,0.136,0.0,0.16280936,6.160046,6.1700463,1980800
hardzero_plus_depr__c0p50__z1p10__lam0p010__nu0p50__psi1p25,hardzero_plus_depr,0.02,36,619,0.0,2,0.15495817,0.15495907,0.99977446,0.10005194,0.10005194,1.0,8.9481705e-07,8.943525e-06,-26.77622,2.1995478,0.7331826,0.15200001,0.0,0.1442884,6.1700463,6.1800466,1984000
hardzero_plus_depr__c0p50__z1p10__lam0p010__nu0p50__psi1p25,hardzero_plus_depr,0.02,36,620,0.0,2,0.15495907,0.15496002,0.96830225,0.10757163,0.10757163,1.0,9.5011825e-07,8.832424e-06,-26.833704,2.1303074,0.7101025,0.14400001,0.0,0.1325428,6.1800466,6.190047,1987200
hardzero_plus_depr__c0p50__z1p10__lam0p010__nu0p50__psi1p25,hardzero_plus_depr,0.02,36,621,0.0,2,0.15496002,0.1549609,0.9947217,0.101222776,0.101222776,1.0,8.8293615e-07,8.722703e-06,-26.65229,2.1884315,0.72947717,0.16800001,0.0,0.13748902,6.190047,6.200047,1990400
hardzero_plus_depr__c0p50__z1p10__lam0p010__nu0p50__psi1p25,hardzero_plus_depr,0.02,36,622,0.0,2,0.1549609,0.15496174,1.0175569,0.096038,0.096038,1.0,8.273044e-07,8.614345e-06,-27.632935,2.2386699,0.74622333,0.096,0.0,0.14693855,6.200047,6.2100472,1993600
hardzero_plus_depr__c0p50__z1p10__lam0p010__nu0p50__psi1p25,hardzero_plus_depr,0.02,36,623,0.0,2,0.15496174,0.15496263,0.97516835,0.10588432,0.10588432,1.0,9.007932e-07,8.507333e-06,-26.244324,2.1454132,0.7151377,0.15200001,0.0,0.11213005,6.2100472,6.2200475,1996800
hardzero_plus_depr__c0p50__z1p10__lam0p010__nu0p50__psi1p25,hardzero_plus_depr,0.02,36,624,0.0,2,0.15496263,0.1549634,1.0382876,0.091561384,0.091561384,1.0,7.692668e-07,8.401651e-06,-27.330248,2.2842784,0.76142615,0.19,0.01,0.14880663,6.2200475,6.2300477,2000000
hardzero_plus_depr__c0p50__z1p10__lam0p010__nu0p50__psi1p25,hardzero_plus_depr,0.02,36,625,0.0,2,0.1549634,0.15496421,1.0128604,0.09708218,0.09708218,1.0,8.0551825e-07,8.297282e-06,-26.643177,2.2283373,0.74277914,0.208,0.0,0.1468621,6.2300477,6.240048,2003200
hardzero_plus_depr__c0p50__z1p10__lam0p010__nu0p50__psi1p25,hardzero_plus_depr,0.02,36,626,0.0,2,0.15496421,0.15496494,1.052815,0.08854928,0.08854928,1.0,7.255913e-07,8.194209e-06,-28.175753,2.316239,0.7720797,0.104,0.0,0.121212006,6.240048,6.250048,2006400
hardzero_plus_depr__c0p50__z1p10__lam0p010__nu0p50__psi1p25,hardzero_plus_depr,0.02,36,627,0.0,2,0.15496494,0.15496568,1.0352253,0.092209294,0.092209294,1.0,7.461961e-07,8.092417e-06,-27.480497,2.2775412,0.7591804,0.208,0.0,0.17364511,6.250048,6.2600484,2009600
hardzero_plus_depr__c0p50__z1p10__lam0p010__nu0p50__psi1p25,hardzero_plus_depr,0.02,36,628,0.0,2,0.15496568,0.1549664,1.0486642,0.08939965,0.08939965,1.0,7.144721e-07,7.991889e-06,-27.813751,2.3071072,0.76903576,0.2,0.0,0.17960173,6.2600484,6.2700486,2012800
hardzero_plus_depr__c0p50__z1p10__lam0p010__nu0p50__psi1p25,hardzero_plus_depr,0.02,36,629,0.0,2,0.1549664,0.15496719,0.9968764,0.10072182,0.10072182,1.0,7.94958e-07,7.89261e-06,-27.822123,2.193172,0.73105735,0.16000001,0.0,0.15391037,6.2700486,6.280049,2016000
hardzero_plus_depr__c0p50__z1p10__lam0p010__nu0p50__psi1p25,hardzero_plus_depr,0.02,36,630,0.0,2,0.15496719,0.1549679,1.0343341,0.0923987,0.0923987,1.0,7.2020765e-07,7.794564e-06,-27.130545,2.2755804,0.7585268,0.120000005,0.0,0.14607094,6.280049,6.290049,2019200
hardzero_plus_depr__c0p50__z1p10__lam0p010__nu0p50__psi1p25,hardzero_plus_depr,0.02,36,631,0.0,2,0.1549679,0.15496868,0.9967707,0.10074635,0.10074635,1.0,7.755188e-07,7.697736e-06,-26.6666,2.1929393,0.7309798,0.17600001,0.0,0.16156726,6.290049,6.3000493,2022400
hardzero_plus_depr__c0p50__z1p10__lam0p010__nu0p50__psi1p25,hardzero_plus_depr,0.02,36,632,0.0,2,0.15496868,0.15496941,1.0193737,0.09563708,0.09563708,1.0,7.270437e-07,7.602111e-06,-27.850555,2.2426667,0.7475556,0.120000005,0.0,0.16978136,6.3000493,6.3100495,2025600
hardzero_plus_depr__c0p50__z1p10__lam0p010__nu0p50__psi1p25,hardzero_plus_depr,0.02,36,633,0.0,2,0.15496941,0.15497018,0.9846143,0.10360619,0.10360619,1.0,7.778415e-07,7.507674e-06,-25.97654,2.1661947,0.7220649,0.112,0.0,0.128437,6.3100495,6.32005,2028800
hardzero_plus_depr__c0p50__z1p10__lam0p010__nu0p50__psi1p25,hardzero_plus_depr,0.02,36,634,0.0,2,0.15497018,0.15497094,0.9867717,0.103092775,0.103092775,1.0,7.643721e-07,7.41441e-06,-26.306345,2.170941,0.72364706,0.14400001,0.0,0.15184973,6.32005,6.33005,2032000
hardzero_plus_depr__c0p50__z1p10__lam0p010__nu0p50__psi1p25,hardzero_plus_depr,0.02,36,635,0.0,2,0.15497094,0.15497158,1.0549543,0.088114165,0.088114165,1.0,6.451987e-07,7.3223046e-06,-28.314562,2.3209457,0.7736486,0.16800001,0.0,0.15674494,6.33005,6.34005,2035200
hardzero_plus_depr__c0p50__z1p10__lam0p010__nu0p50__psi1p25,hardzero_plus_depr,0.02,36,636,0.0,2,0.15497158,0.15497234,0.9764026,0.10558383,0.10558383,1.0,7.6351296e-07,7.2313437e-06,-26.906454,2.1481285,0.7160429,0.15200001,0.0,0.14710711,6.34005,6.3500504,2038400
hardzero_plus_depr__c0p50__z1p10__lam0p010__nu0p50__psi1p25,hardzero_plus_depr,0.02,36,637,0.0,2,0.15497234,0.1549731,0.9745687,0.10603061,0.10603061,1.0,7.5721897e-07,7.1415125e-06,-26.680864,2.144094,0.714698,0.17,0.0,0.120928586,6.3500504,6.3600507,2041600
hardzero_plus_depr__c0p50__z1p10__lam0p010__nu0p50__psi1p25,hardzero_plus_depr,0.02,36,638,0.0,2,0.1549731,0.15497375,1.0378911,0.09164501,0.09164501,1.0,6.463536e-07,7.0527967e-06,-28.266,2.283406,0.76113534,0.128,0.0,0.13699427,6.3600507,6.370051,2044800
hardzero_plus_depr__c0p50__z1p10__lam0p010__nu0p50__psi1p25,hardzero_plus_depr,0.02,36,639,0.0,2,0.15497375,0.15497446,0.98960936,0.10242138,0.10242138,1.0,7.133837e-07,6.9651837e-06,-26.451721,2.177184,0.72572803,0.136,0.0,0.13015124,6.370051,6.380051,2048000
hardzero_plus_depr__c0p50__z1p10__lam0p010__nu0p50__psi1p25,hardzero_plus_depr,0.02,36,640,0.0,2,0.15497446,0.15497507,1.0510323,0.08891349,0.08891349,1.0,6.1160557e-07,6.878659e-06,-27.702547,2.3123171,0.7707724,0.096,0.0,0.14641367,6.380051,6.3900514,2051200
hardzero_plus_depr__c0p50__z1p10__lam0p010__nu0p50__psi1p25,hardzero_plus_depr,0.02,36,641,0.0,2,0.15497507,0.15497574,1.009114,0.09792328,0.09792328,1.0,6.652133e-07,6.7932087e-06,-27.147669,2.2200952,0.7400317,0.18400002,0.0,0.15678085,6.3900514,6.4000516,2054400
hardzero_plus_depr__c0p50__z1p10__lam0p010__nu0p50__psi1p25,hardzero_plus_depr,0.02,36,642,0.0,2,0.15497574,0.15497641,1.0038755,0.09911159,0.09911159,1.0,6.649216e-07,6.7088176e-06,-26.579325,2.2085702,0.7361901,0.17600001,0.0,0.14852422,6.4000516,6.410052,2057600
hardzero_plus_depr__c0p50__z1p10__lam0p010__nu0p50__psi1p25,hardzero_plus_depr,0.02,36,643,0.0,2,0.15497641,0.1549771,0.9808405,0.10451038,0.10451038,1.0,6.924314e-07,6.6254797e-06,-26.196075,2.1578922,0.7192974,0.16800001,0.0,0.15001178,6.410052,6.420052,2060800
hardzero_plus_depr__c0p50__z1p10__lam0p010__nu0p50__psi1p25,hardzero_plus_depr,0.02,36,644,0.0,2,0.1549771,0.15497777,0.9861857,0.10323199,0.10323199,1.0,6.7546466e-07,6.5431723e-06,-27.231201,2.169652,0.72321737,0.216,0.0,0.13557091,6.420052,6.4300523,2064000
hardzero_plus_depr__c0p50__z1p10__lam0p010__nu0p50__psi1p25,hardzero_plus_depr,0.02,36,645,0.0,2,0.15497777,0.15497844,0.9878193,0.10284441,0.10284441,1.0,6.645696e-07,6.461893e-06,-26.873941,2.173246,0.7244153,0.136,0.0,0.140109,6.4300523,6.4400525,2067200
hardzero_plus_depr__c0p50__z1p10__lam0p010__nu0p50__psi1p25,hardzero_plus_depr,0.02,36,646,0.0,2,0.15497844,0.15497902,1.039965,0.09120842,0.09120842,1.0,5.820573e-07,6.381618e-06,-27.297287,2.2879689,0.76265633,0.128,0.0,0.14698042,6.4400525,6.4500527,2070400
hardzero_plus_depr__c0p50__z1p10__lam0p010__nu0p50__psi1p25,hardzero_plus_depr,0.02,36,647,0.0,2,0.15497902,0.15497959,1.0473564,0.08966926,0.08966926,1.0,5.651266e-07,6.302345e-06,-26.626095,2.30423,0.76807666,0.15200001,0.0,0.16021995,6.4500527,6.460053,2073600
hardzero_plus_depr__c0p50__z1p10__lam0p010__nu0p50__psi1p25,hardzero_plus_depr,0.02,36,648,0.0,2,0.15497959,0.15498015,1.0454907,0.090055294,0.090055294,1.0,5.605088e-07,6.2240515e-06,-28.453451,2.3001256,0.76670855,0.16000001,0.0,0.15432218,6.460053,6.470053,2076800
hardzero_plus_depr__c0p50__z1p10__lam0p010__nu0p50__psi1p25,hardzero_plus_depr,0.02,36,649,0.0,2,0.15498015,0.15498066,1.0851557,0.08219478,0.08219478,1.0,5.052296e-07,6.1467354e-06,-28.070097,2.3873904,0.7957968,0.096,0.0,0.14699684,6.470053,6.4800534,2080000
hardzero_plus_depr__c0p50__z1p10__lam0p010__nu0p50__psi1p25,hardzero_plus_depr,0.02,36,650,0.0,2,0.15498066,0.15498121,1.0448688,0.09018434,0.09018434,1.0,5.4745277e-07,6.070375e-06,-28.020979,2.2987573,0.76625246,0.14999999,0.0,0.17362863,6.4800534,6.4900537,2083200
hardzero_plus_depr__c0p50__z1p10__lam0p010__nu0p50__psi1p25,hardzero_plus_depr,0.02,36,651,0.0,2,0.15498121,0.15498182,0.9879214,0.10282023,0.10282023,1.0,6.164041e-07,5.994969e-06,-26.874952,2.1734705,0.72449017,0.16800001,0.0,0.13973586,6.4900537,6.500054,2086400
hardzero_plus_depr__c0p50__z1p10__lam0p010__nu0p50__psi1p25,hardzero_plus_depr,0.02,36,652,0.0,2,0.15498182,0.1549824,1.0105518,0.09759962,0.09759962,1.0,5.778379e-07,5.9204935e-06,-27.145424,2.2232583,0.7410861,0.15200001,0.0,0.16655111,6.500054,6.510054,2089600
hardzero_plus_depr__c0p50__z1p10__lam0p010__nu0p50__psi1p25,hardzero_plus_depr,0.02,36,653,0.0,2,0.1549824,0.1549824,1.1078888,0.0,0.07800298,0.0,0.0,5.846949e-06,-28.661308,2.4374042,0.81246805,0.096,0.0,0.16702299,6.510054,6.5200543,2092800
hardzero_plus_depr__c0p50__z1p10__lam0p010__nu0p50__psi1p25,hardzero_plus_depr,0.02,36,654,0.0,2,0.1549824,0.15498297,1.0087909,0.09799617,0.09799617,1.0,5.6586055e-07,5.7743127e-06,-26.774734,2.2193842,0.73979473,0.16000001,0.0,0.16086723,6.5200543,6.5300546,2096000
hardzero_plus_depr__c0p50__z1p10__lam0p010__nu0p50__psi1p25,hardzero_plus_depr,0.02,36,655,0.0,2,0.15498297,0.15498349,1.0446882,0.09022187,0.09022187,1.0,5.144978e-07,5.702584e-06,-27.622082,2.29836,0.7661201,0.136,0.0,0.14780368,6.5300546,6.540055,2099200
hardzero_plus_depr__c0p50__z1p10__lam0p010__nu0p50__psi1p25,hardzero_plus_depr,0.02,36,656,0.0,2,0.15498349,0.15498406,0.9987089,0.10029773,0.10029773,1.0,5.6485084e-07,5.6317413e-06,-26.307528,2.1972034,0.73240113,0.15200001,0.0,0.15683854,6.540055,6.550055,2102400
hardzero_plus_depr__c0p50__z1p10__lam0p010__nu0p50__psi1p25,hardzero_plus_depr,0.02,36,657,0.0,2,0.15498406,0.15498456,1.0352595,0.09220203,0.09220203,1.0,5.128078e-07,5.561784e-06,-27.225727,2.2776163,0.75920546,0.16800001,0.0,0.14207187,6.550055,6.5600553,2105600
hardzero_plus_depr__c0p50__z1p10__lam0p010__nu0p50__psi1p25,hardzero_plus_depr,0.02,36,658,0.0,2,0.15498456,0.15498509,1.02287,0.09487025,0.09487025,1.0,5.2109283e-07,5.4926895e-06,-27.271011,2.2503588,0.7501196,0.16000001,0.0,0.14577587,6.5600553,6.5700555,2108800
hardzero_plus_depr__c0p50__z1p10__lam0p010__nu0p50__psi1p25,hardzero_plus_depr,0.02,36,659,0.0,2,0.15498509,0.15498565,0.9838181,0.10379629,0.10379629,1.0,5.630388e-07,5.4244597e-06,-26.645123,2.164443,0.721481,0.16000001,0.0,0.1253317,6.5700555,6.5800557,2112000
hardzero_plus_depr__c0p50__z1p10__lam0p010__nu0p50__psi1p25,hardzero_plus_depr,0.02,36,660,0.0,2,0.15498565,0.1549862,0.9875349,0.102911785,0.102911785,1.0,5.513058e-07,5.3570716e-06,-26.445498,2.17262,0.7242067,0.15200001,0.0,0.11990812,6.5800557,6.590056,2115200
hardzero_plus_depr__c0p50__z1p10__lam0p010__nu0p50__psi1p25,hardzero_plus_depr,0.02,36,661,0.0,2,0.1549862,0.15498672,1.0103505,0.09764489,0.09764489,1.0,5.165928e-07,5.290526e-06,-26.701159,2.2228155,0.74093854,0.15200001,0.0,0.13493581,6.590056,6.600056,2118400
hardzero_plus_depr__c0p50__z1p10__lam0p010__nu0p50__psi1p25,hardzero_plus_depr,0.02,36,662,0.0,2,0.15498672,0.15498717,1.0606229,0.08697151,0.08697151,1.0,4.5440893e-07,5.2248024e-06,-27.860914,2.333417,0.7778057,0.120000005,0.0,0.15917057,6.600056,6.6100564,2121600
hardzero_plus_depr__c0p50__z1p10__lam0p010__nu0p50__psi1p25,hardzero_plus_depr,0.02,36,663,0.0,2,0.15498717,0.15498775,0.9473607,0.1128858,0.1128858,1.0,5.824794e-07,5.1598995e-06,-25.843935,2.0842352,0.69474506,0.22999999,0.0,0.14564322,6.6100564,6.6200566,2124800
hardzero_plus_depr__c0p50__z1p10__lam0p010__nu0p50__psi1p25,hardzero_plus_depr,0.02,36,664,0.0,2,0.15498775,0.15498826,0.9975339,0.10056946,0.10056946,1.0,5.124817e-07,5.0957983e-06,-26.689005,2.1946185,0.7315395,0.16000001,0.0,0.13911808,6.6200566,6.630057,2128000
hardzero_plus_depr__c0p50__z1p10__lam0p010__nu0p50__psi1p25,hardzero_plus_depr,0.02,36,665,0.0,2,0.15498826,0.15498869,1.0708537,0.084946655,0.084946655,1.0,4.2749394e-07,5.032499e-06,-27.758873,2.355925,0.78530836,0.128,0.0,0.15221208,6.630057,6.640057,2131200
hardzero_plus_depr__c0p50__z1p10__lam0p010__nu0p50__psi1p25,hardzero_plus_depr,0.02,36,666,0.0,2,0.15498869,0.1549892,0.9921744,0.10181825,0.10181825,1.0,5.060346e-07,4.9699797e-06,-26.413591,2.1828272,0.7276091,0.18400002,0.0,0.14125066,6.640057,6.6500573,2134400
hardzero_plus_depr__c0p50__z1p10__lam0p010__nu0p50__psi1p25,hardzero_plus_depr,0.02,36,667,0.0,2,0.1549892,0.15498963,1.0588863,0.08731998,0.08731998,1.0,4.2858764e-07,4.9082428e-06,-27.92747,2.3295963,0.7765321,0.16000001,0.0,0.16239713,6.6500573,6.6600575,2137600
hardzero_plus_depr__c0p50__z1p10__lam0p010__nu0p50__psi1p25,hardzero_plus_depr,0.02,36,668,0.0,2,0.15498963,0.15499008,1.036809,0.09187365,0.09187365,1.0,4.4533618e-07,4.8472675e-06,-27.68123,2.2810252,0.76034176,0.208,0.0,0.16410433,6.6600575,6.670058,2140800
hardzero_plus_depr__c0p50__z1p10__lam0p010__nu0p50__psi1p25,hardzero_plus_depr,0.02,36,669,0.0,2,0.15499008,0.15499054,1.0215696,0.095154725,0.095154725,1.0,4.555109e-07,4.787055e-06,-27.932594,2.247498,0.749166,0.15200001,0.0,0.17281903,6.670058,6.680058,2144000
hardzero_plus_depr__c0p50__z1p10__lam0p010__nu0p50__psi1p25,hardzero_plus_depr,0.02,36,670,0.0,2,0.15499054,0.154991,1.00766,0.09825166,0.09825166,1.0,4.6449316e-07,4.7275857e-06,-27.467115,2.2168963,0.73896545,0.14400001,0.0,0.1753128,6.680058,6.690058,2147200
hardzero_plus_depr__c0p50__z1p10__lam0p010__nu0p50__psi1p25,hardzero_plus_depr,0.02,36,671,0.0,2,0.154991,0.15499142,1.0513104,0.08885657,0.08885657,1.0,4.1485885e-07,4.6688597e-06,-27.93506,2.3129292,0.7709764,0.208,0.0,0.15326777,6.690058,6.7000585,2150400
hardzero_plus_depr__c0p50__z1p10__lam0p010__nu0p50__psi1p25,hardzero_plus_depr,0.02,36,672,0.0,2,0.15499142,0.15499187,1.0121168,0.09724856,0.09724856,1.0,4.4839936e-07,4.6108585e-06,-26.71561,2.2267015,0.7422339,0.2,0.0,0.12706746,6.7000585,6.7100587,2153600
hardzero_plus_depr__c0p50__z1p10__lam0p010__nu0p50__psi1p25,hardzero_plus_depr,0.02,36,673,0.0,2,0.15499187,0.1549923,1.0186563,0.09579521,0.09579521,1.0,4.3621134e-07,4.553582e-06,-27.552055,2.2410884,0.7470295,0.128,0.0,0.1472979,6.7100587,6.720059,2156800
hardzero_plus_depr__c0p50__z1p10__lam0p010__nu0p50__psi1p25,hardzero_plus_depr,0.02,36,674,0.0,2,0.1549923,0.1549927,1.0426277,0.09065094,0.09065094,1.0,4.076585e-07,4.4970134e-06,-27.540604,2.2938268,0.764609,0.120000005,0.0,0.1417337,6.720059,6.730059,2160000
hardzero_plus_depr__c0p50__z1p10__lam0p010__nu0p50__psi1p25,hardzero_plus_depr,0.02,36,675,0.0,2,0.1549927,0.1549931,1.0354339,0.09216502,0.09216502,1.0,4.0931886e-07,4.4411518e-06,-27.781149,2.278,0.7593334,0.16000001,0.0,0.13891318,6.730059,6.7400594,2163200
hardzero_plus_depr__c0p50__z1p10__lam0p010__nu0p50__psi1p25,hardzero_plus_depr,0.02,36,676,0.0,2,0.1549931,0.15499353,1.0063126,0.098556966,0.098556966,1.0,4.322688e-07,4.385979e-06,-26.283531,2.213932,0.7379774,0.17999999,0.0,0.13589264,6.7400594,6.7500596,2166400
hardzero_plus_depr__c0p50__z1p10__lam0p010__nu0p50__psi1p25,hardzero_plus_depr,0.02,36,677,0.0,2,0.15499353,0.15499389,1.0819331,0.08280696,0.08280696,1.0,3.5867808e-07,4.3314967e-06,-27.817848,2.3803005,0.79343355,0.104,0.0,0.17381416,6.7500596,6.76006,2169600
hardzero_plus_depr__c0p50__z1p10__lam0p010__nu0p50__psi1p25,hardzero_plus_depr,0.02,36,678,0.0,2,0.15499389,0.1549943,1.0277773,0.093804285,0.093804285,1.0,4.0126537e-07,4.277687e-06,-27.757687,2.2611554,0.7537185,0.17600001,0.0,0.1496825,6.76006,6.77006,2172800
hardzero_plus_depr__c0p50__z1p10__lam0p010__nu0p50__psi1p25,hardzero_plus_depr,0.02,36,679,0.0,2,0.1549943,0.1549943,1.1020415,0.0,0.07906031,0.0,0.0,4.2245492e-06,-29.35956,2.4245396,0.80817986,0.15200001,0.0,0.19455938,6.77006,6.7800603,2176000
hardzero_plus_depr__c0p50__z1p10__lam0p010__nu0p50__psi1p25,hardzero_plus_depr,0.02,36,680,0.0,2,0.1549943,0.15499471,0.99944437,0.10012802,0.10012802,1.0,4.1774086e-07,4.1720677e-06,-26.822683,2.1988215,0.73294055,0.23200001,0.0,0.15072279,6.7800603,6.7900605,2179200
hardzero_plus_depr__c0p50__z1p10__lam0p010__nu0p50__psi1p25,hardzero_plus_depr,0.02,36,681,0.0,2,0.15499471,0.15499513,0.9887089,0.102633946,0.102633946,1.0,4.2287675e-07,4.1202425e-06,-26.207733,2.175203,0.72506773,0.14400001,0.0,0.13897486,6.7900605,6.8000607,2182400
hardzero_plus_depr__c0p50__z1p10__lam0p010__nu0p50__psi1p25,hardzero_plus_depr,0.02,36,682,0.0,2,0.15499513,0.15499553,1.0116616,0.097350545,0.097350545,1.0,3.9612488e-07,4.0690566e-06,-26.87374,2.2257001,0.7419001,0.192,0.0,0.15545106,6.8000607,6.810061,2185600
hardzero_plus_depr__c0p50__z1p10__lam0p010__nu0p50__psi1p25,hardzero_plus_depr,0.02,36,683,0.0,2,0.15499553,0.1549959,1.0276922,0.093822666,0.093822666,1.0,3.7702742e-07,4.018511e-06,-27.128572,2.260968,0.753656,0.192,0.0,0.16556077,6.810061,6.820061,2188800
hardzero_plus_depr__c0p50__z1p10__lam0p010__nu0p50__psi1p25,hardzero_plus_depr,0.02,36,684,0.0,2,0.1549959,0.15499632,0.9723302,0.10657855,0.10657855,1.0,4.2296648e-07,3.968589e-06,-27.07103,2.1391692,0.71305645,0.136,0.0,0.1514471,6.820061,6.8300614,2192000
hardzero_plus_depr__c0p50__z1p10__lam0p010__nu0p50__psi1p25,hardzero_plus_depr,0.02,36,685,0.0,2,0.15499632,0.15499674,0.9771967,0.10539093,0.10539093,1.0,4.1305776e-07,3.9192914e-06,-27.247171,2.1498756,0.7166252,0.17600001,0.0,0.13863736,6.8300614,6.8400617,2195200
hardzero_plus_depr__c0p50__z1p10__lam0p010__nu0p50__psi1p25,hardzero_plus_depr,0.02,36,686,0.0,2,0.15499674,0.15499708,1.0591012,0.087276794,0.087276794,1.0,3.3781373e-07,3.870602e-06,-27.411087,2.3300693,0.77668977,0.16800001,0.0,0.17180261,6.8400617,6.850062,2198400
hardzero_plus_depr__c0p50__z1p10__lam0p010__nu0p50__psi1p25,hardzero_plus_depr,0.02,36,687,0.0,2,0.15499708,0.15499745,1.0163774,0.09629917,0.09629917,1.0,3.6810562e-07,3.822521e-06,-26.802628,2.2360752,0.7453584,0.14400001,0.0,0.15324087,6.850062,6.860062,2201600
hardzero_plus_depr__c0p50__z1p10__lam0p010__nu0p50__psi1p25,hardzero_plus_depr,0.02,36,688,0.0,2,0.15499745,0.15499786,0.9729174,0.10643455,0.10643455,1.0,4.0179404e-07,3.7750342e-06,-25.32949,2.140461,0.713487,0.208,0.0,0.11821039,6.860062,6.8700624,2204800
hardzero_plus_depr__c0p50__z1p10__lam0p010__nu0p50__psi1p25,hardzero_plus_depr,0.02,36,689,0.0,2,0.15499786,0.15499818,1.0586336,0.08737081,0.08737081,1.0,3.257307e-07,3.7281409e-06,-27.519344,2.3290403,0.7763468,0.14999999,0.0,0.16212858,6.8700624,6.8800626,2208000
hardzero_plus_depr__c0p50__z1p10__lam0p010__nu0p50__psi1p25,hardzero_plus_depr,0.02,36,690,0.0,2,0.15499818,0.15499859,0.9689556,0.10740992,0.10740992,1.0,3.9546464e-07,3.6818262e-06,-26.953184,2.1317449,0.71058166,0.17600001,0.0,0.14037265,6.8800626,6.890063,2211200
hardzero_plus_depr__c0p50__z1p10__lam0p010__nu0p50__psi1p25,hardzero_plus_depr,0.02,36,691,0.0,2,0.15499859,0.1549989,1.0616353,0.08676904,0.08676904,1.0,3.1550007e-07,3.6360907e-06,-27.801373,2.3356442,0.7785481,0.104,0.0,0.16236521,6.890063,6.900063,2214400
hardzero_plus_depr__c0p50__z1p10__lam0p010__nu0p50__psi1p25,hardzero_plus_depr,0.02,36,692,0.0,2,0.1549989,0.15499923,1.0300984,0.09330428,0.09330428,1.0,3.3504818e-07,3.59092e-06,-27.304853,2.2662618,0.7554206,0.15200001,0.0,0.16410543,6.900063,6.9100633,2217600
hardzero_plus_depr__c0p50__z1p10__lam0p010__nu0p50__psi1p25,hardzero_plus_depr,0.02,36,693,0.0,2,0.15499923,0.15499961,0.9624924,0.10902036,0.10902036,1.0,3.8662034e-07,3.5463133e-06,-26.31373,2.1175256,0.7058419,0.216,0.0,0.15411603,6.9100633,6.9200635,2220800
hardzero_plus_depr__c0p50__z1p10__lam0p010__nu0p50__psi1p25,hardzero_plus_depr,0.02,36,694,0.0,2,0.15499961,0.15499996,1.0024655,0.09943391,0.09943391,1.0,3.4824316e-07,3.5022576e-06,-26.876358,2.2054682,0.73515606,0.192,0.0,0.14251949,6.9200635,6.9300637,2224000
hardzero_plus_depr__c0p50__z1p10__lam0p010__nu0p50__psi1p25,hardzero_plus_depr,0.02,36,695,0.0,2,0.15499996,0.15500033,0.97274095,0.10647779,0.10647779,1.0,3.6828033e-07,3.4587524e-06,-26.605314,2.1400728,0.7133576,0.18400002,0.0,0.13693075,6.9300637,6.940064,2227200
hardzero_plus_depr__c0p50__z1p10__lam0p010__nu0p50__psi1p25,hardzero_plus_depr,0.02,36,696,0.0,2,0.15500033,0.15500064,1.0453929,0.09007558,0.09007558,1.0,3.076788e-07,3.4157847e-06,-27.446352,2.2999103,0.7666368,0.17600001,0.0,0.16175684,6.940064,6.950064,2230400
hardzero_plus_depr__c0p50__z1p10__lam0p010__nu0p50__psi1p25,hardzero_plus_depr,0.02,36,697,0.0,2,0.15500064,0.15500093,1.0654545,0.0860093,0.0860093,1.0,2.9013978e-07,3.3733536e-06,-27.908764,2.3440466,0.7813489,0.112,0.0,0.15842333,6.950064,6.9600644,2233600
hardzero_plus_depr__c0p50__z1p10__lam0p010__nu0p50__psi1p25,hardzero_plus_depr,0.02,36,698,0.0,2,0.15500093,0.15500128,0.9756222,0.10577373,0.10577373,1.0,3.5237957e-07,3.3314468e-06,-26.265217,2.1464117,0.71547055,0.16000001,0.0,0.1263496,6.9600644,6.9700646,2236800
hardzero_plus_depr__c0p50__z1p10__lam0p010__nu0p50__psi1p25,hardzero_plus_depr,0.02,36,699,0.0,2,0.15500128,0.15500158,1.0407846,0.09103647,0.09103647,1.0,2.9951576e-07,3.2900634e-06,-28.321632,2.2897718,0.76325727,0.136,0.0,0.15056916,6.9700646,6.980065,2240000
hardzero_plus_depr__c0p50__z1p10__lam0p010__nu0p50__psi1p25,hardzero_plus_depr,0.02,36,700,0.0,2,0.15500158,0.15500188,1.0311692,0.093074515,0.093074515,1.0,3.024169e-07,3.2491912e-06,-27.245146,2.2686174,0.7562058,0.14400001,0.0,0.13534129,6.980065,6.990065,2243200
hardzero_plus_depr__c0p50__z1p10__lam0p010__nu0p50__psi1p25,hardzero_plus_depr,0.02,36,701,0.0,2,0.15500188,0.1550022,0.99762183,0.100549094,0.100549094,1.0,3.2264492e-07,3.2088296e-06,-26.729893,2.1948118,0.731604,0.18400002,0.0,0.14716065,6.990065,7.0000653,2246400
hardzero_plus_depr__c0p50__z1p10__lam0p010__nu0p50__psi1p25,hardzero_plus_depr,0.02,36,702,0.0,2,0.1550022,0.15500253,0.9855427,0.10338494,0.10338494,1.0,3.276234e-07,3.1689665e-06,-26.622427,2.1682372,0.7227458,0.14,0.0,0.12927169,7.0000653,7.0100656,2249600
hardzero_plus_depr__c0p50__z1p10__lam0p010__nu0p50__psi1p25,hardzero_plus_depr,0.02,36,703,0.0,2,0.15500253,0.15500286,0.9869725,0.10304513,0.10304513,1.0,3.224902e-07,3.1296015e-06,-26.765497,2.171383,0.72379434,0.224,0.0,0.17132503,7.0100656,7.020066,2252800
hardzero_plus_depr__c0p50__z1p10__lam0p010__nu0p50__psi1p25,hardzero_plus_depr,0.02,36,704,0.0,2,0.15500286,0.15500318,0.99596876,0.10093255,0.10093255,1.0,3.119545e-07,3.0907224e-06,-27.042492,2.191175,0.7303917,0.224,0.0,0.16127531,7.020066,7.030066,2256000
hardzero_plus_depr__c0p50__z1p10__lam0p010__nu0p50__psi1p25,hardzero_plus_depr,0.02,36,705,0.0,2,0.15500318,0.15500349,0.9889832,0.10256914,0.10256914,1.0,3.1307482e-07,3.0523297e-06,-26.367924,2.1758065,0.72526884,0.192,0.0,0.17574316,7.030066,7.0400662,2259200
hardzero_plus_depr__c0p50__z1p10__lam0p010__nu0p50__psi1p25,hardzero_plus_depr,0.02,36,706,0.0,2,0.15500349,0.15500374,1.0784082,0.08348178,0.08348178,1.0,2.5164837e-07,3.0144106e-06,-28.627682,2.3725455,0.7908485,0.14400001,0.0,0.16109896,7.0400662,7.0500665,2262400
hardzero_plus_depr__c0p50__z1p10__lam0p010__nu0p50__psi1p25,hardzero_plus_depr,0.02,36,707,0.0,2,0.15500374,0.15500402,1.024463,0.09452287,0.09452287,1.0,2.8139132e-07,2.9769656e-06,-26.946308,2.2538638,0.75128794,0.136,0.0,0.1340468,7.0500665,7.0600667,2265600
hardzero_plus_depr__c0p50__z1p10__lam0p010__nu0p50__psi1p25,hardzero_plus_depr,0.02,36,708,0.0,2,0.15500402,0.15500431,1.0109034,0.09752065,0.09752065,1.0,2.8670905e-07,2.939983e-06,-26.781723,2.2240317,0.7413439,0.14400001,0.0,0.13408956,7.0600667,7.070067,2268800
hardzero_plus_depr__c0p50__z1p10__lam0p010__nu0p50__psi1p25,hardzero_plus_depr,0.02,36,709,0.0,2,0.15500431,0.15500459,1.0125233,0.097157575,0.097157575,1.0,2.820934e-07,2.9034627e-06,-27.098705,2.2275958,0.74253196,0.16000001,0.0,0.1299924,7.070067,7.080067,2272000
hardzero_plus_depr__c0p50__z1p10__lam0p010__nu0p50__psi1p25,hardzero_plus_depr,0.02,36,710,0.0,2,0.15500459,0.15500489,0.9939656,0.101399146,0.101399146,1.0,2.907512e-07,2.8673928e-06,-27.395802,2.186768,0.7289227,0.136,0.0,0.15333618,7.080067,7.0900674,2275200
hardzero_plus_depr__c0p50__z1p10__lam0p010__nu0p50__psi1p25,hardzero_plus_depr,0.02,36,711,0.0,2,0.15500489,0.15500516,1.0238799,0.09464988,0.09464988,1.0,2.6802707e-07,2.831774e-06,-27.495996,2.2525806,0.7508602,0.16800001,0.0,0.15014316,7.0900674,7.1000676,2278400
hardzero_plus_depr__c0p50__z1p10__lam0p010__nu0p50__psi1p25,hardzero_plus_depr,0.02,36,712,0.0,2,0.15500516,0.15500543,1.0151101,0.09658059,0.09658059,1.0,2.7009682e-07,2.7965953e-06,-27.22766,2.2332869,0.744429,0.128,0.0,0.1356402,7.1000676,7.110068,2281600
hardzero_plus_depr__c0p50__z1p10__lam0p010__nu0p50__psi1p25,hardzero_plus_depr,0.02,36,713,0.0,2,0.15500543,0.15500568,1.0416014,0.090865396,0.090865396,1.0,2.5095713e-07,2.7618557e-06,-27.4254,2.291569,0.76385635,0.192,0.0,0.18755463,7.110068,7.120068,2284800
hardzero_plus_depr__c0p50__z1p10__lam0p010__nu0p50__psi1p25,hardzero_plus_depr,0.02,36,714,0.0,2,0.15500568,0.15500596,0.9918642,0.101890974,0.101890974,1.0,2.7791222e-07,2.727545e-06,-26.37591,2.1821449,0.72738165,0.2,0.008,0.14269497,7.120068,7.1300683,2288000
hardzero_plus_depr__c0p50__z1p10__lam0p010__nu0p50__psi1p25,hardzero_plus_depr,0.02,36,715,0.0,2,0.15500596,0.15500624,0.9850082,0.103512265,0.103512265,1.0,2.7882726e-07,2.6936639e-06,-25.595161,2.1670613,0.7223538,0.17,0.0,0.14281787,7.1300683,7.1400685,2291200
hardzero_plus_depr__c0p50__z1p10__lam0p010__nu0p50__psi1p25,hardzero_plus_depr,0.02,36,716,0.0,2,0.15500624,0.1550065,1.0222845,0.094998226,0.094998226,1.0,2.5271433e-07,2.6602004e-06,-26.737345,2.249071,0.7496903,0.136,0.0,0.13434899,7.1400685,7.1500688,2294400
hardzero_plus_depr__c0p50__z1p10__lam0p010__nu0p50__psi1p25,hardzero_plus_depr,0.02,36,717,0.0,2,0.1550065,0.15500677,0.99893475,0.10024559,0.10024559,1.0,2.6336073e-07,2.6271555e-06,-26.80672,2.1977003,0.7325668,0.18400002,0.0,0.14489813,7.1500688,7.160069,2297600
hardzero_plus_depr__c0p50__z1p10__lam0p010__nu0p50__psi1p25,hardzero_plus_depr,0.02,36,718,0.0,2,0.15500677,0.155007,1.0432109,0.0905293,0.0905293,1.0,2.3487995e-07,2.5945185e-06,-27.14159,2.2951097,0.7650366,0.136,0.0,0.14167939,7.160069,7.170069,2300800
hardzero_plus_depr__c0p50__z1p10__lam0p010__nu0p50__psi1p25,hardzero_plus_depr,0.02,36,719,0.0,2,0.155007,0.15500723,1.0610366,0.08688871,0.08688871,1.0,2.22634e-07,2.5622892e-06,-27.759935,2.334327,0.778109,0.14400001,0.0,0.14587347,7.170069,7.1800694,2304000
hardzero_plus_depr__c0p50__z1p10__lam0p010__nu0p50__psi1p25,hardzero_plus_depr,0.02,36,720,0.0,2,0.15500723,0.15500745,1.0612715,0.08684171,0.08684171,1.0,2.197493e-07,2.530458e-06,-27.83453,2.334844,0.7782814,0.104,0.0,0.15278225,7.1800694,7.1900697,2307200
hardzero_plus_depr__c0p50__z1p10__lam0p010__nu0p50__psi1p25,hardzero_plus_depr,0.02,36,721,0.0,2,0.15500745,0.15500768,1.0471736,0.089707,0.089707,1.0,2.2418001e-07,2.4990247e-06,-28.486834,2.303828,0.76794267,0.208,0.0,0.15846236,7.1900697,7.20007,2310400
hardzero_plus_depr__c0p50__z1p10__lam0p010__nu0p50__psi1p25,hardzero_plus_depr,0.02,36,722,0.0,2,0.15500768,0.1550079,1.0521477,0.08868544,0.08868544,1.0,2.1887384e-07,2.4679794e-06,-27.905035,2.3147712,0.7715904,0.16000001,0.0,0.15908028,7.20007,7.21007,2313600
hardzero_plus_depr__c0p50__z1p10__lam0p010__nu0p50__psi1p25,hardzero_plus_depr,0.02,36,723,0.0,2,0.1550079,0.15500814,1.0126749,0.09712367,0.09712367,1.0,2.3672166e-07,2.437322e-06,-27.28007,2.2279294,0.7426431,0.15200001,0.0,0.17605719,7.21007,7.2200704,2316800
hardzero_plus_depr__c0p50__z1p10__lam0p010__nu0p50__psi1p25,hardzero_plus_depr,0.02,36,724,0.0,2,0.15500814,0.15500836,1.030951,0.09312129,0.09312129,1.0,2.2414699e-07,2.4070434e-06,-26.863735,2.2681375,0.7560458,0.112,0.0,0.1404335,7.2200704,7.2300706,2320000
hardzero_plus_depr__c0p50__z1p10__lam0p010__nu0p50__psi1p25,hardzero_plus_depr,0.02,36,725,0.0,2,0.15500836,0.15500857,1.0418842,0.09080625,0.09080625,1.0,2.1585946e-07,2.3771431e-06,-28.173298,2.292191,0.7640637,0.16000001,0.0,0.21256386,7.2300706,7.240071,2323200
hardzero_plus_depr__c0p50__z1p10__lam0p010__nu0p50__psi1p25,hardzero_plus_depr,0.02,36,726,0.0,2,0.15500857,0.1550088,1.0236025,0.09471036,0.09471036,1.0,2.2234317e-07,2.347612e-06,-26.91345,2.2519705,0.75065684,0.15200001,0.0,0.13769752,7.240071,7.250071,2326400
hardzero_plus_depr__c0p50__z1p10__lam0p010__nu0p50__psi1p25,hardzero_plus_depr,0.02,36,727,0.0,2,0.1550088,0.15500902,1.0215238,0.09516475,0.09516475,1.0,2.2063472e-07,2.31845e-06,-27.819033,2.2473972,0.7491324,0.128,0.0,0.15524134,7.250071,7.2600713,2329600
hardzero_plus_depr__c0p50__z1p10__lam0p010__nu0p50__psi1p25,hardzero_plus_depr,0.02,36,728,0.0,2,0.15500902,0.15500925,0.97758335,0.10529715,0.10529715,1.0,2.410934e-07,2.289648e-06,-26.358982,2.1507263,0.7169088,0.17999999,0.0,0.13372742,7.2600713,7.2700715,2332800
hardzero_plus_depr__c0p50__z1p10__lam0p010__nu0p50__psi1p25,hardzero_plus_depr,0.02,36,729,0.0,2,0.15500925,0.15500946,1.034637,0.092334285,0.092334285,1.0,2.0878684e-07,2.261206e-06,-26.983244,2.2762468,0.75874895,0.17600001,0.0,0.21822022,7.2700715,7.2800717,2336000
hardzero_plus_depr__c0p50__z1p10__lam0p010__nu0p50__psi1p25,hardzero_plus_depr,0.02,36,730,0.0,2,0.15500946,0.15500966,1.0615209,0.08679187,0.08679187,1.0,1.9381623e-07,2.233115e-06,-28.401302,2.3353927,0.77846426,0.15200001,0.0,0.17357174,7.2800717,7.290072,2339200
hardzero_plus_depr__c0p50__z1p10__lam0p010__nu0p50__psi1p25,hardzero_plus_depr,0.02,36,731,0.0,2,0.15500966,0.15500985,1.0544186,0.08822293,0.08822293,1.0,1.9456466e-07,2.2053753e-06,-27.917324,2.3197672,0.77325577,0.120000005,0.0,0.18882453,7.290072,7.300072,2342400
hardzero_plus_depr__c0p50__z1p10__lam0p010__nu0p50__psi1p25,hardzero_plus_depr,0.02,36,732,0.0,2,0.15500985,0.15501007,0.9872574,0.10297756,0.10297756,1.0,2.2428284e-07,2.1779779e-06,-26.536968,2.1720097,0.72400326,0.2,0.0,0.13052893,7.300072,7.3100724,2345600
hardzero_plus_depr__c0p50__z1p10__lam0p010__nu0p50__psi1p25,hardzero_plus_depr,0.02,36,733,0.0,2,0.15501007,0.15501027,1.0403166,0.09113463,0.09113463,1.0,1.9602358e-07,2.1509231e-06,-28.41633,2.2887423,0.7629141,0.2,0.0,0.17015629,7.3100724,7.3200727,2348800
hardzero_plus_depr__c0p50__z1p10__lam0p010__nu0p50__psi1p25,hardzero_plus_depr,0.02,36,734,0.0,2,0.15501027,0.15501045,1.077463,0.08366367,0.08366367,1.0,1.7771856e-07,2.1242022e-06,-27.382172,2.370466,0.79015535,0.15200001,0.0,0.14052415,7.3200727,7.330073,2352000
hardzero_plus_depr__c0p50__z1p10__lam0p010__nu0p50__psi1p25,hardzero_plus_depr,0.02,36,735,0.0,2,0.15501045,0.15501067,0.9815008,0.1043516,0.1043516,1.0,2.189104e-07,2.0978155e-06,-27.03844,2.159345,0.71978164,0.15200001,0.0,0.15554634,7.330073,7.340073,2355200
hardzero_plus_depr__c0p50__z1p10__lam0p010__nu0p50__psi1p25,hardzero_plus_depr,0.02,36,736,0.0,2,0.15501067,0.15501086,1.014079,0.09681018,0.09681018,1.0,2.005669e-07,2.0717544e-06,-27.605362,2.2310183,0.7436728,0.128,0.0,0.1329968,7.340073,7.3500733,2358400
hardzero_plus_depr__c0p50__z1p10__lam0p010__nu0p50__psi1p25,hardzero_plus_depr,0.02,36,737,0.0,2,0.15501086,0.15501104,1.0504607,0.08903061,0.08903061,1.0,1.8215832e-07,2.046019e-06,-27.298178,2.3110597,0.77035326,0.17600001,0.0,0.15024574,7.3500733,7.3600736,2361600
hardzero_plus_depr__c0p50__z1p10__lam0p010__nu0p50__psi1p25,hardzero_plus_depr,0.02,36,738,0.0,2,0.15501104,0.15501125,0.97605836,0.10566754,0.10566754,1.0,2.1351198e-07,2.0206014e-06,-26.766735,2.1473713,0.71579045,0.192,0.0,0.13902254,7.3600736,7.370074,2364800
hardzero_plus_depr__c0p50__z1p10__lam0p010__nu0p50__psi1p25,hardzero_plus_depr,0.02,36,739,0.0,2,0.15501125,0.15501145,1.0022209,0.09948992,0.09948992,1.0,1.9853228e-07,1.9955014e-06,-26.53552,2.2049298,0.73497665,0.2,0.0,0.14776282,7.370074,7.380074,2368000
hardzero_plus_depr__c0p50__z1p10__lam0p010__nu0p50__psi1p25,hardzero_plus_depr,0.02,36,740,0.0,2,0.15501145,0.15501164,1.0165356,0.0962641,0.0962641,1.0,1.8970876e-07,1.9707113e-06,-26.171381,2.236423,0.74547434,0.112,0.0,0.14039414,7.380074,7.3900743,2371200
hardzero_plus_depr__c0p50__z1p10__lam0p010__nu0p50__psi1p25,hardzero_plus_depr,0.02,36,741,0.0,2,0.15501164,0.15501182,1.0366966,0.09189744,0.09189744,1.0,1.7885368e-07,1.9462314e-06,-27.458036,2.280778,0.76025933,0.17,0.0,0.16551438,7.3900743,7.4000745,2374400
hardzero_plus_depr__c0p50__z1p10__lam0p010__nu0p50__psi1p25,hardzero_plus_depr,0.02,36,742,0.0,2,0.15501182,0.155012,1.0280944,0.09373581,0.09373581,1.0,1.8016522e-07,1.9220533e-06,-27.423565,2.261853,0.753951,0.136,0.0,0.15863678,7.4000745,7.4100747,2377600
hardzero_plus_depr__c0p50__z1p10__lam0p010__nu0p50__psi1p25,hardzero_plus_depr,0.02,36,743,0.0,2,0.155012,0.15501219,0.999625,0.10008637,0.10008637,1.0,1.899817e-07,1.8981776e-06,-26.905981,2.199219,0.733073,0.128,0.0,0.12274127,7.4100747,7.420075,2380800
hardzero_plus_depr__c0p50__z1p10__lam0p010__nu0p50__psi1p25,hardzero_plus_depr,0.02,36,744,0.0,2,0.15501219,0.15501235,1.0406744,0.091059566,0.091059566,1.0,1.7069995e-07,1.8745966e-06,-27.04426,2.2895296,0.76317656,0.136,0.0,0.14695524,7.420075,7.430075,2384000
hardzero_plus_depr__c0p50__z1p10__lam0p010__nu0p50__psi1p25,hardzero_plus_depr,0.02,36,745,0.0,2,0.15501235,0.15501253,1.0034783,0.099202305,0.099202305,1.0,1.8365425e-07,1.8513103e-06,-26.914156,2.2076964,0.73589885,0.18400002,0.0,0.15398686,7.430075,7.4400754,2387200
hardzero_plus_depr__c0p50__z1p10__lam0p010__nu0p50__psi1p25,hardzero_plus_depr,0.02,36,746,0.0,2,0.15501253,0.1550127,1.0328056,0.09272447,0.09272447,1.0,1.6952923e-07,1.8283116e-06,-28.207306,2.2722175,0.7574059,0.136,0.0,0.16473038,7.4400754,7.4500756,2390400
hardzero_plus_depr__c0p50__z1p10__lam0p010__nu0p50__psi1p25,hardzero_plus_depr,0.02,36,747,0.0,2,0.1550127,0.1550127,1.1056445,0.0,0.07840712,0.0,0.0,1.8056003e-06,-28.545477,2.4324665,0.8108222,0.14400001,0.008,0.1673687,7.4500756,7.460076,2393600
hardzero_plus_depr__c0p50__z1p10__lam0p010__nu0p50__psi1p25,hardzero_plus_depr,0.02,36,748,0.0,2,0.1550127,0.15501288,1.0149659,0.09661266,0.09661266,1.0,1.7227674e-07,1.7831694e-06,-26.7601,2.2329695,0.7443232,0.16000001,0.0,0.1344647,7.460076,7.470076,2396800
hardzero_plus_depr__c0p50__z1p10__lam0p010__nu0p50__psi1p25,hardzero_plus_depr,0.02,36,749,0.0,2,0.15501288,0.15501305,1.0016974,0.09960992,0.09960992,1.0,1.7541495e-07,1.7610189e-06,-26.653929,2.2037783,0.7345928,0.23200001,0.0,0.14097905,7.470076,7.4800763,2400000
hardzero_plus_depr__c0p50__z1p10__lam0p010__nu0p50__psi1p25,hardzero_plus_depr,0.02,36,750,0.0,2,0.15501305,0.15501322,1.0284501,0.09365907,0.09365907,1.0,1.6288641e-07,1.7391418e-06,-27.726969,2.2626355,0.75421184,0.14400001,0.0,0.17033423,7.4800763,7.4900765,2403200
hardzero_plus_depr__c0p50__z1p10__lam0p010__nu0p50__psi1p25,hardzero_plus_depr,0.02,36,751,0.0,2,0.15501322,0.1550134,0.99080634,0.10213947,0.10213947,1.0,1.7542845e-07,1.7175382e-06,-26.83424,2.1798174,0.72660583,0.136,0.0,0.14401488,7.4900765,7.500077,2406400
hardzero_plus_depr__c0p50__z1p10__lam0p010__nu0p50__psi1p25,hardzero_plus_depr,0.02,36,752,0.0,2,0.1550134,0.15501355,1.0474563,0.08964866,0.08964866,1.0,1.5206216e-07,1.6962011e-06,-27.526022,2.3044498,0.76815,0.112,0.0,0.16294459,7.500077,7.510077,2409600
hardzero_plus_depr__c0p50__z1p10__lam0p010__nu0p50__psi1p25,hardzero_plus_depr,0.02,36,753,0.0,2,0.15501355,0.1550137,1.0335845,0.09255833,0.09255833,1.0,1.5504733e-07,1.675131e-06,-27.556349,2.2739313,0.7579771,0.120000005,0.0,0.13739654,7.510077,7.520077,2412800
hardzero_plus_depr__c0p50__z1p10__lam0p010__nu0p50__psi1p25,hardzero_plus_depr,0.02,36,754,0.0,2,0.1550137,0.15501384,1.042466,0.09068468,0.09068468,1.0,1.5002156e-07,1.654321e-06,-27.767668,2.293471,0.76449037,0.17,0.0,0.14169951,7.520077,7.5300775,2416000
hardzero_plus_depr__c0p50__z1p10__lam0p010__nu0p50__psi1p25,hardzero_plus_depr,0.02,36,755,0.0,2,0.15501384,0.15501401,0.9830621,0.10397715,0.10397715,1.0,1.6987485e-07,1.633771e-06,-26.72154,2.1627798,0.72092664,0.17600001,0.0,0.14021197,7.5300775,7.5400777,2419200
hardzero_plus_depr__c0p50__z1p10__lam0p010__nu0p50__psi1p25,hardzero_plus_depr,0.02,36,756,0.0,2,0.15501401,0.15501416,1.0375993,0.091706604,0.091706604,1.0,1.4796629e-07,1.6134748e-06,-26.838741,2.2827642,0.7609214,0.136,0.0,0.16872561,7.5400777,7.550078,2422400
hardzero_plus_depr__c0p50__z1p10__lam0p010__nu0p50__psi1p25,hardzero_plus_depr,0.02,36,757,0.0,2,0.15501416,0.15501434,0.96177834,0.109199755,0.109199755,1.0,1.740024e-07,1.5934321e-06,-26.420937,2.1159546,0.7053182,0.15200001,0.0,0.14965726,7.550078,7.560078,2425600
hardzero_plus_depr__c0p50__z1p10__lam0p010__nu0p50__psi1p25,hardzero_plus_depr,0.02,36,758,0.0,2,0.15501434,0.15501447,1.0642381,0.08625055,0.08625055,1.0,1.3572705e-07,1.573637e-06,-27.993275,2.3413706,0.7804569,0.16000001,0.0,0.16447474,7.560078,7.5700784,2428800
hardzero_plus_depr__c0p50__z1p10__lam0p010__nu0p50__psi1p25,hardzero_plus_depr,0.02,36,759,0.0,2,0.15501447,0.1550146,1.0502213,0.08907967,0.08907967,1.0,1.3843776e-07,1.5540892e-06,-27.441912,2.310533,0.7701777,0.120000005,0.0,0.14814138,7.5700784,7.5800786,2432000
hardzero_plus_depr__c0p50__z1p10__lam0p010__nu0p50__psi1p25,hardzero_plus_depr,0.02,36,760,0.0,2,0.1550146,0.15501477,0.9654391,0.10828315,0.10828315,1.0,1.6619111e-07,1.5347829e-06,-26.173277,2.1240084,0.7080028,0.18400002,0.008,0.15431993,7.5800786,7.590079,2435200
hardzero_plus_depr__c0p50__z1p10__lam0p010__nu0p50__psi1p25,hardzero_plus_depr,0.02,36,761,0.0,2,0.15501477,0.1550149,1.0346519,0.09233112,0.09233112,1.0,1.3994793e-07,1.5157178e-06,-27.54173,2.2762794,0.75875986,0.15200001,0.0,0.15958098,7.590079,7.600079,2438400
hardzero_plus_depr__c0p50__z1p10__lam0p010__nu0p50__psi1p25,hardzero_plus_depr,0.02,36,762,0.0,2,0.1550149,0.15501502,1.082914,0.08262015,0.08262015,1.0,1.2367312e-07,1.4968881e-06,-29.070992,2.3824584,0.79415286,0.224,0.0,0.21417898,7.600079,7.6100793,2441600
hardzero_plus_depr__c0p50__z1p10__lam0p010__nu0p50__psi1p25,hardzero_plus_depr,0.02,36,763,0.0,2,0.15501502,0.15501516,1.036518,0.09193524,0.09193524,1.0,1.3590729e-07,1.4782937e-06,-26.887648,2.280385,0.7601284,0.104,0.0,0.12271411,7.6100793,7.6200795,2444800
hardzero_plus_depr__c0p50__z1p10__lam0p010__nu0p50__psi1p25,hardzero_plus_depr,0.02,36,764,0.0,2,0.15501516,0.1550153,0.9883217,0.102725506,0.102725506,1.0,1.4997192e-07,1.4599289e-06,-25.991634,2.1743512,0.7247838,0.15200001,0.0,0.13276939,7.6200795,7.6300797,2448000
hardzero_plus_depr__c0p50__z1p10__lam0p010__nu0p50__psi1p25,hardzero_plus_depr,0.02,36,765,0.0,2,0.1550153,0.15501544,1.0254889,0.094299875,0.094299875,1.0,1.3596096e-07,1.4417936e-06,-26.891954,2.2561204,0.75204015,0.120000005,0.0,0.14233778,7.6300797,7.64008,2451200
hardzero_plus_depr__c0p50__z1p10__lam0p010__nu0p50__psi1p25,hardzero_plus_depr,0.02,36,766,0.0,2,0.15501544,0.15501557,1.0155743,0.096477404,0.096477404,1.0,1.3737247e-07,1.4238823e-06,-26.716436,2.2343082,0.74476945,0.104,0.0,0.14078486,7.64008,7.65008,2454400
hardzero_plus_depr__c0p50__z1p10__lam0p010__nu0p50__psi1p25,hardzero_plus_depr,0.02,36,767,0.0,2,0.15501557,0.15501569,1.0841705,0.082381465,0.082381465,1.0,1.15844394e-07,1.4061949e-06,-28.235962,2.3852227,0.7950742,0.12,0.0,0.16345264,7.65008,7.6600804,2457600
hardzero_plus_depr__c0p50__z1p10__lam0p010__nu0p50__psi1p25,hardzero_plus_depr,0.02,36,768,0.0,2,0.15501569,0.15501583,1.038383,0.09154128,0.09154128,1.0,1.2712574e-07,1.3887258e-06,-27.557951,2.2844882,0.76149607,0.16800001,0.0,0.15842947,7.6600804,7.6700807,2460800
hardzero_plus_depr__c0p50__z1p10__lam0p010__nu0p50__psi1p25,hardzero_plus_depr,0.02,36,769,0.0,2,0.15501583,0.15501598,0.97780854,0.105242565,0.105242565,1.0,1.4433755e-07,1.371475e-06,-26.224802,2.1512218,0.7170739,0.15200001,0.0,0.14437631,7.6700807,7.680081,2464000
hardzero_plus_depr__c0p50__z1p10__lam0p010__nu0p50__psi1p25,hardzero_plus_depr,0.02,36,770,0.0,2,0.15501598,0.15501611,1.0015713,0.09963885,0.09963885,1.0,1.3495458e-07,1.3544372e-06,-26.525852,2.2035007,0.7345003,0.16000001,0.0,0.13845065,7.680081,7.690081,2467200
hardzero_plus_depr__c0p50__z1p10__lam0p010__nu0p50__psi1p25,hardzero_plus_depr,0.02,36,771,0.0,2,0.15501611,0.15501623,1.0501837,0.08908741,0.08908741,1.0,1.1916443e-07,1.3376125e-06,-27.905912,2.31045,0.77015007,0.136,0.0,0.15178399,7.690081,7.7000813,2470400
hardzero_plus_depr__c0p50__z1p10__lam0p010__nu0p50__psi1p25,hardzero_plus_depr,0.02,36,772,0.0,2,0.15501623,0.15501635,1.0270029,0.0939717,0.0939717,1.0,1.2413618e-07,1.3209954e-06,-27.38732,2.2594516,0.7531506,0.18400002,0.0,0.18873622,7.7000813,7.7100816,2473600
hardzero_plus_depr__c0p50__z1p10__lam0p010__nu0p50__psi1p25,hardzero_plus_depr,0.02,36,773,0.0,2,0.15501635,0.15501647,1.0446022,0.09023974,0.09023974,1.0,1.1772549e-07,1.3045859e-06,-27.178572,2.2981706,0.7660569,0.2,0.0,0.16730693,7.7100816,7.720082,2476800
hardzero_plus_depr__c0p50__z1p10__lam0p010__nu0p50__psi1p25,hardzero_plus_depr,0.02,36,774,0.0,2,0.15501647,0.15501659,1.0425152,0.09067444,0.09067444,1.0,1.16823045e-07,1.288379e-06,-27.313837,2.293579,0.76452637,0.2,0.0,0.16500336,7.720082,7.730082,2480000
hardzero_plus_depr__c0p50__z1p10__lam0p010__nu0p50__psi1p25,hardzero_plus_depr,0.02,36,775,0.0,2,0.15501659,0.15501674,0.93065345,0.11731311,0.11731311,1.0,1.4926626e-07,1.2723749e-06,-25.060469,2.0474784,0.68249285,0.14400001,0.0,0.13597612,7.730082,7.7400823,2483200
hardzero_plus_depr__c0p50__z1p10__lam0p010__nu0p50__psi1p25,hardzero_plus_depr,0.02,36,776,0.0,2,0.15501674,0.15501685,1.0484067,0.089452654,0.089452654,1.0,1.1240336e-07,1.2565682e-06,-26.987814,2.306541,0.768847,0.14400001,0.0,0.14239644,7.7400823,7.7500825,2486400
hardzero_plus_depr__c0p50__z1p10__lam0p010__nu0p50__psi1p25,hardzero_plus_depr,0.02,36,777,0.0,2,0.15501685,0.15501697,1.0330206,0.09267857,0.09267857,1.0,1.1501031e-07,1.240959e-06,-27.936602,2.2726908,0.7575636,0.15200001,0.0,0.17927572,7.7500825,7.7600827,2489600
hardzero_plus_depr__c0p50__z1p10__lam0p010__nu0p50__psi1p25,hardzero_plus_depr,0.02,36,778,0.0,2,0.15501697,0.15501708,1.0598435,0.087127745,0.087127745,1.0,1.0677878e-07,1.2255427e-06,-27.468353,2.3317022,0.7772341,0.128,0.0,0.17017825,7.7600827,7.770083,2492800
hardzero_plus_depr__c0p50__z1p10__lam0p010__nu0p50__psi1p25,hardzero_plus_depr,0.02,36,779,0.0,2,0.15501708,0.1550172,1.0219758,0.09506579,0.09506579,1.0,1.15059926e-07,1.2103189e-06,-26.456154,2.2483916,0.7494639,0.128,0.0,0.14955336,7.770083,7.780083,2496000
hardzero_plus_depr__c0p50__z1p10__lam0p010__nu0p50__psi1p25,hardzero_plus_depr,0.02,36,780,0.0,2,0.1550172,0.15501732,0.98460245,0.10360902,0.10360902,1.0,1.2384211e-07,1.1952832e-06,-26.636698,2.1661687,0.72205627,0.17,0.0,0.13300651,7.780083,7.7900834,2499200
hardzero_plus_depr__c0p50__z1p10__lam0p010__nu0p50__psi1p25,hardzero_plus_depr,0.02,36,781,0.0,2,0.15501732,0.15501744,0.99581355,0.10096864,0.10096864,1.0,1.1918696e-07,1.1804354e-06,-26.145798,2.1908336,0.7302779,0.192,0.0,0.16205326,7.7900834,7.8000836,2502400
hardzero_plus_depr__c0p50__z1p10__lam0p010__nu0p50__psi1p25,hardzero_plus_depr,0.02,36,782,0.0,2,0.15501744,0.15501755,0.9854718,0.10340183,0.10340183,1.0,1.2054285e-07,1.165771e-06,-27.047934,2.1680813,0.7226938,0.17600001,0.0,0.14434144,7.8000836,7.810084,2505600
hardzero_plus_depr__c0p50__z1p10__lam0p010__nu0p50__psi1p25,hardzero_plus_depr,0.02,36,783,0.0,2,0.15501755,0.15501767,0.9768081,0.1054853,0.1054853,1.0,1.2144415e-07,1.1512898e-06,-26.747393,2.1490207,0.71634024,0.15200001,0.0,0.13682988,7.810084,7.820084,2508800
hardzero_plus_depr__c0p50__z1p10__lam0p010__nu0p50__psi1p25,hardzero_plus_depr,0.02,36,784,0.0,2,0.15501767,0.1550178,0.9943198,0.101316504,0.101316504,1.0,1.15195576e-07,1.1369873e-06,-26.34472,2.1875472,0.7291824,0.192,0.0,0.15463464,7.820084,7.8300843,2512000
hardzero_plus_depr__c0p50__z1p10__lam0p010__nu0p50__psi1p25,hardzero_plus_depr,0.02,36,785,0.0,2,0.1550178,0.1550179,1.0224725,0.0949571,0.0949571,1.0,1.0662387e-07,1.1228636e-06,-27.486101,2.2494843,0.7498281,0.16800001,0.0,0.14711872,7.8300843,7.8400846,2515200
hardzero_plus_depr__c0p50__z1p10__lam0p010__nu0p50__psi1p25,hardzero_plus_depr,0.02,36,786,0.0,2,0.1550179,0.15501799,1.0612792,0.086840205,0.086840205,1.0,9.629835e-08,1.1089144e-06,-27.810848,2.3348608,0.77828693,0.14400001,0.0,0.16559972,7.8400846,7.850085,2518400
hardzero_plus_depr__c0p50__z1p10__lam0p010__nu0p50__psi1p25,hardzero_plus_depr,0.02,36,787,0.0,2,0.15501799,0.15501809,1.0241551,0.09458992,0.09458992,1.0,1.03589144e-07,1.0951394e-06,-27.20335,2.2531862,0.7510621,0.128,0.0,0.13647935,7.850085,7.860085,2521600
hardzero_plus_depr__c0p50__z1p10__lam0p010__nu0p50__psi1p25,hardzero_plus_depr,0.02,36,788,0.0,2,0.15501809,0.15501818,1.0697926,0.08515445,0.08515445,1.0,9.209748e-08,1.0815345e-06,-27.739393,2.3535907,0.7845303,0.120000005,0.0,0.14477473,7.860085,7.8700852,2524800
hardzero_plus_depr__c0p50__z1p10__lam0p010__nu0p50__psi1p25,hardzero_plus_depr,0.02,36,789,0.0,2,0.15501818,0.15501828,0.992857,0.10165833,0.10165833,1.0,1.08581226e-07,1.0680997e-06,-26.794239,2.184329,0.7281097,0.14400001,0.0,0.12764105,7.8700852,7.8800855,2528000
hardzero_plus_depr__c0p50__z1p10__lam0p010__nu0p50__psi1p25,hardzero_plus_depr,0.02,36,790,0.0,2,0.15501828,0.15501839,0.98118514,0.10442749,0.10442749,1.0,1.1015333e-07,1.0548308e-06,-27.071796,2.1586504,0.71955013,0.224,0.008,0.17099017,7.8800855,7.8900857,2531200
hardzero_plus_depr__c0p50__z1p10__lam0p010__nu0p50__psi1p25,hardzero_plus_depr,0.02,36,791,0.0,2,0.15501839,0.15501851,0.9596788,0.10972892,0.10972892,1.0,1.14307646e-07,1.0417276e-06,-26.86924,2.1113355,0.7037785,0.17600001,0.0,0.14009292,7.8900857,7.900086,2534400
hardzero_plus_depr__c0p50__z1p10__lam0p010__nu0p50__psi1p25,hardzero_plus_depr,0.02,36,792,0.0,2,0.15501851,0.15501861,0.9905184,0.10220723,0.10220723,1.0,1.051494e-07,1.0287863e-06,-26.610437,2.179184,0.72639465,0.15200001,0.0,0.13244176,7.900086,7.910086,2537600
hardzero_plus_depr__c0p50__z1p10__lam0p010__nu0p50__psi1p25,hardzero_plus_depr,0.02,36,793,0.0,2,0.15501861,0.1550187,1.0372572,0.091778904,0.091778904,1.0,9.324798e-08,1.0160066e-06,-27.346209,2.2820115,0.76067054,0.13,0.0,0.1354979,7.910086,7.9200864,2540800
hardzero_plus_depr__c0p50__z1p10__lam0p010__nu0p50__psi1p25,hardzero_plus_depr,0.02,36,794,0.0,2,0.1550187,0.1550188,0.99249053,0.10174417,0.10174417,1.0,1.0208856e-07,1.0033849e-06,-27.135807,2.1835227,0.7278409,0.128,0.0,0.1385277,7.9200864,7.9300866,2544000
hardzero_plus_depr__c0p50__z1p10__lam0p010__nu0p50__psi1p25,hardzero_plus_depr,0.02,36,795,0.0,2,0.1550188,0.15501891,0.99403477,0.10138303,0.10138303,1.0,1.0046256e-07,9.909209e-07,-26.213057,2.1869202,0.7289734,0.208,0.0,0.13739316,7.9300866,7.940087,2547200
hardzero_plus_depr__c0p50__z1p10__lam0p010__nu0p50__psi1p25,hardzero_plus_depr,0.02,36,796,0.0,2,0.15501891,0.155019,1.0285687,0.09363349,0.09363349,1.0,9.163074e-08,9.786107e-07,-26.490324,2.2628965,0.75429887,0.14400001,0.0,0.15893215,7.940087,7.950087,2550400
hardzero_plus_depr__c0p50__z1p10__lam0p010__nu0p50__psi1p25,hardzero_plus_depr,0.02,36,797,0.0,2,0.155019,0.15501909,1.0463465,0.08987801,0.08987801,1.0,8.6863e-08,9.664544e-07,-27.91001,2.3020084,0.76733613,0.14400001,0.0,0.1434034,7.950087,7.9600873,2553600
hardzero_plus_depr__c0p50__z1p10__lam0p010__nu0p50__psi1p25,hardzero_plus_depr,0.02,36,798,0.0,2,0.15501909,0.15501916,1.0792903,0.083312415,0.083312415,1.0,7.951737e-08,9.544481e-07,-27.831818,2.374486,0.7914953,0.14400001,0.0,0.16764648,7.9600873,7.9700875,2556800
hardzero_plus_depr__c0p50__z1p10__lam0p010__nu0p50__psi1p25,hardzero_plus_depr,0.02,36,799,0.0,2,0.15501916,0.15501925,1.0327622,0.09273373,0.09273373,1.0,8.741008e-08,9.42592e-07,-26.95381,2.2721221,0.75737405,0.15200001,0.0,0.15181248,7.9700875,7.9800878,2560000
hardzero_plus_depr__c0p50__z1p10__lam0p010__nu0p50__psi1p25,hardzero_plus_depr,0.02,36,800,0.0,2,0.15501925,0.15501934,1.0009085,0.09979103,0.09979103,1.0,9.289369e-08,9.308822e-07,-27.911905,2.2020426,0.7340142,0.112,0.0,0.15803267,7.9800878,7.990088,2563200
hardzero_plus_depr__c0p50__z1p10__lam0p010__nu0p50__psi1p25,hardzero_plus_depr,0.02,36,801,0.0,2,0.15501934,0.15501943,0.9933885,0.101534,0.101534,1.0,9.334212e-08,9.1931884e-07,-26.887192,2.1854982,0.7284994,0.216,0.0,0.135841,7.990088,8.000088,2566400
hardzero_plus_depr__c0p50__z1p10__lam0p010__nu0p50__psi1p25,hardzero_plus_depr,0.02,36,802,0.0,2,0.15501943,0.15501952,0.98404264,0.10374265,0.10374265,1.0,9.418785e-08,9.07899e-07,-27.078903,2.164937,0.7216457,0.18400002,0.0,0.14082082,8.000088,8.010088,2569600
hardzero_plus_depr__c0p50__z1p10__lam0p010__nu0p50__psi1p25,hardzero_plus_depr,0.02,36,803,0.0,2,0.15501952,0.1550196,1.0530527,0.08850082,0.08850082,1.0,7.93517e-08,8.966211e-07,-27.960318,2.3167622,0.7722541,0.112,0.0,0.15545528,8.010088,8.020088,2572800
hardzero_plus_depr__c0p50__z1p10__lam0p010__nu0p50__psi1p25,hardzero_plus_depr,0.02,36,804,0.0,2,0.1550196,0.15501967,1.0340059,0.09246856,0.09246856,1.0,8.187928e-08,8.854824e-07,-27.265646,2.2748585,0.7582862,0.128,0.0,0.1399068,8.020088,8.030088,2576000
hardzero_plus_depr__c0p50__z1p10__lam0p010__nu0p50__psi1p25,hardzero_plus_depr,0.02,36,805,0.0,2,0.15501967,0.15501975,1.0488187,0.08936786,0.08936786,1.0,7.815059e-08,8.744821e-07,-27.187737,2.3074472,0.76914907,0.136,0.0,0.17540379,8.030088,8.040089,2579200
hardzero_plus_depr__c0p50__z1p10__lam0p010__nu0p50__psi1p25,hardzero_plus_depr,0.02,36,806,0.0,2,0.15501975,0.15501983,1.0104629,0.097619615,0.097619615,1.0,8.430618e-08,8.636193e-07,-26.31891,2.2230628,0.7410209,0.19999999,0.0,0.1370989,8.040089,8.050089,2582400
hardzero_plus_depr__c0p50__z1p10__lam0p010__nu0p50__psi1p25,hardzero_plus_depr,0.02,36,807,0.0,2,0.15501983,0.15501983,1.1026672,0.0,0.078946486,0.0,0.0,8.528913e-07,-27.603903,2.4259162,0.80863875,0.112,0.0,0.1705628,8.050089,8.060089,2585600
hardzero_plus_depr__c0p50__z1p10__lam0p010__nu0p50__psi1p25,hardzero_plus_depr,0.02,36,808,0.0,2,0.15501983,0.15501991,1.0684643,0.08541532,0.08541532,1.0,7.194498e-08,8.42296e-07,-28.459959,2.3506684,0.78355616,0.14400001,0.0,0.16560552,8.060089,8.070089,2588800
hardzero_plus_depr__c0p50__z1p10__lam0p010__nu0p50__psi1p25,hardzero_plus_depr,0.02,36,809,0.0,2,0.15501991,0.15501998,1.057693,0.087560244,0.087560244,1.0,7.283543e-08,8.3183215e-07,-27.952423,2.326971,0.77565706,0.136,0.0,0.15997033,8.070089,8.08009,2592000
hardzero_plus_depr__c0p50__z1p10__lam0p010__nu0p50__psi1p25,hardzero_plus_depr,0.02,36,810,0.0,2,0.15501998,0.15502006,1.0630076,0.08649528,0.08649528,1.0,7.10558e-08,8.2149916e-07,-27.258888,2.3386633,0.7795545,0.14400001,0.0,0.17599986,8.08009,8.09009,2595200
hardzero_plus_depr__c0p50__z1p10__lam0p010__nu0p50__psi1p25,hardzero_plus_depr,0.02,36,811,0.0,2,0.15502006,0.15502013,1.0285785,0.09363139,0.09363139,1.0,7.596262e-08,8.1129434e-07,-27.899094,2.262918,0.754306,0.16000001,0.0,0.15219574,8.09009,8.10009,2598400
hardzero_plus_depr__c0p50__z1p10__lam0p010__nu0p50__psi1p25,hardzero_plus_depr,0.02,36,812,0.0,2,0.15502013,0.1550202,1.0448512,0.09018801,0.09018801,1.0,7.226006e-08,8.012158e-07,-26.84978,2.2987185,0.7662395,0.192,0.0,0.15908583,8.10009,8.11009,2601600
hardzero_plus_depr__c0p50__z1p10__lam0p010__nu0p50__psi1p25,hardzero_plus_depr,0.02,36,813,0.0,2,0.1550202,0.15502028,1.0283419,0.093682416,0.093682416,1.0,7.4127364e-08,7.9126227e-07,-26.527744,2.2623973,0.75413245,0.104,0.0,0.1628931,8.11009,8.1200905,2604800
hardzero_plus_depr__c0p50__z1p10__lam0p010__nu0p50__psi1p25,hardzero_plus_depr,0.02,36,814,0.0,2,0.15502028,0.15502037,0.9756766,0.10576047,0.10576047,1.0,8.2644746e-08,7.8143324e-07,-26.456837,2.1465313,0.7155105,0.208,0.0,0.14991646,8.1200905,8.130091,2608000
hardzero_plus_depr__c0p50__z1p10__lam0p010__nu0p50__psi1p25,hardzero_plus_depr,0.02,36,815,0.0,2,0.15502037,0.15502045,1.0593235,0.087232105,0.087232105,1.0,6.7319306e-08,7.7172626e-07,-28.712543,2.3305583,0.7768528,0.15200001,0.0,0.18420967,8.130091,8.140091,2611200
hardzero_plus_depr__c0p50__z1p10__lam0p010__nu0p50__psi1p25,hardzero_plus_depr,0.02,36,816,0.0,2,0.15502045,0.15502052,1.0153201,0.09653392,0.09653392,1.0,7.357228e-08,7.6213917e-07,-27.340054,2.2337487,0.7445829,0.15200001,0.0,0.15447924,8.140091,8.150091,2614400
hardzero_plus_depr__c0p50__z1p10__lam0p010__nu0p50__psi1p25,hardzero_plus_depr,0.02,36,817,0.0,2,0.15502052,0.1550206,1.0201868,0.09545819,0.09545819,1.0,7.184862e-08,7.526711e-07,-26.801323,2.2444558,0.74815196,0.18400002,0.0,0.13052258,8.150091,8.160091,2617600
hardzero_plus_depr__c0p50__z1p10__lam0p010__nu0p50__psi1p25,hardzero_plus_depr,0.02,36,818,0.0,2,0.1550206,0.15502065,1.0593168,0.087233484,0.087233484,1.0,6.484252e-08,7.4332144e-07,-28.033134,2.3305435,0.77684784,0.128,0.0,0.16331276,8.160091,8.170092,2620800
hardzero_plus_depr__c0p50__z1p10__lam0p010__nu0p50__psi1p25,hardzero_plus_depr,0.02,36,819,0.0,2,0.15502065,0.15502073,1.0057088,0.09869411,0.09869411,1.0,7.245015e-08,7.3408785e-07,-27.094957,2.2126036,0.7375345,0.14999999,0.0,0.1284499,8.170092,8.180092,2624000
hardzero_plus_depr__c0p50__z1p10__lam0p010__nu0p50__psi1p25,hardzero_plus_depr,0.02,36,820,0.0,2,0.15502073,0.1550208,0.99327976,0.101559415,0.101559415,1.0,7.362737e-08,7.249684e-07,-26.649006,2.185259,0.7284197,0.18400002,0.0,0.14291207,8.180092,8.190092,2627200
hardzero_plus_depr__c0p50__z1p10__lam0p010__nu0p50__psi1p25,hardzero_plus_depr,0.02,36,821,0.0,2,0.1550208,0.15502088,1.0246172,0.09448932,0.09448932,1.0,6.765077e-08,7.159621e-07,-27.217321,2.2542028,0.75140095,0.16000001,0.0,0.15813415,8.190092,8.200092,2630400
hardzero_plus_depr__c0p50__z1p10__lam0p010__nu0p50__psi1p25,hardzero_plus_depr,0.02,36,822,0.0,2,0.15502088,0.15502094,1.0349091,0.092276454,0.092276454,1.0,6.524577e-08,7.0706847e-07,-26.87624,2.2768455,0.7589485,0.120000005,0.0,0.14742082,8.200092,8.210093,2633600
hardzero_plus_depr__c0p50__z1p10__lam0p010__nu0p50__psi1p25,hardzero_plus_depr,0.02,36,823,0.0,2,0.15502094,0.15502101,0.9928922,0.10165009,0.10165009,1.0,7.0980754e-08,6.982852e-07,-26.875584,2.1844065,0.7281355,0.23200001,0.0,0.16893528,8.210093,8.220093,2636800
hardzero_plus_depr__c0p50__z1p10__lam0p010__nu0p50__psi1p25,hardzero_plus_depr,0.02,36,824,0.0,2,0.15502101,0.15502109,0.9868391,0.10307677,0.10307677,1.0,7.1082816e-08,6.8961043e-07,-26.863878,2.1710894,0.7236965,0.16000001,0.0,0.16736639,8.220093,8.230093,2640000
hardzero_plus_depr__c0p50__z1p10__lam0p010__nu0p50__psi1p25,hardzero_plus_depr,0.02,36,825,0.0,2,0.15502109,0.15502115,1.0159521,0.09639354,0.09639354,1.0,6.564819e-08,6.8104345e-07,-26.631638,2.2351394,0.7450465,0.14400001,0.0,0.14422987,8.230093,8.240093,2643200
hardzero_plus_depr__c0p50__z1p10__lam0p010__nu0p50__psi1p25,hardzero_plus_depr,0.02,36,826,0.0,2,0.15502115,0.1550212,1.0399402,0.091213614,0.091213614,1.0,6.134878e-08,6.7258355e-07,-27.217216,2.2879143,0.7626381,0.120000005,0.0,0.15396361,8.240093,8.250093,2646400
hardzero_plus_depr__c0p50__z1p10__lam0p010__nu0p50__psi1p25,hardzero_plus_depr,0.02,36,827,0.0,2,0.1550212,0.15502128,0.9948018,0.10120413,0.10120413,1.0,6.722268e-08,6.6422865e-07,-26.843506,2.1886077,0.72953594,0.112,0.0,0.15479775,8.250093,8.260094,2649600
hardzero_plus_depr__c0p50__z1p10__lam0p010__nu0p50__psi1p25,hardzero_plus_depr,0.02,36,828,0.0,2,0.15502128,0.15502134,1.0194731,0.09561519,0.09561519,1.0,6.272137e-08,6.5597703e-07,-28.095985,2.2428856,0.74762857,0.18400002,0.0,0.17689863,8.260094,8.270094,2652800
hardzero_plus_depr__c0p50__z1p10__lam0p010__nu0p50__psi1p25,hardzero_plus_depr,0.02,36,829,0.0,2,0.15502134,0.1550214,1.0313798,0.093029395,0.093029395,1.0,6.0267034e-08,6.4782785e-07,-27.215874,2.2690809,0.7563603,0.120000005,0.0,0.14390717,8.270094,8.280094,2656000
hardzero_plus_depr__c0p50__z1p10__lam0p010__nu0p50__psi1p25,hardzero_plus_depr,0.02,36,830,0.0,2,0.1550214,0.15502146,1.0188444,0.095753714,0.095753714,1.0,6.126135e-08,6.3978047e-07,-27.442389,2.2415023,0.74716747,0.15200001,0.0,0.15863301,8.280094,8.290094,2659200
hardzero_plus_depr__c0p50__z1p10__lam0p010__nu0p50__psi1p25,hardzero_plus_depr,0.02,36,831,0.0,2,0.15502146,0.15502152,1.0374193,0.09174464,0.09174464,1.0,5.79673e-08,6.318331e-07,-27.430391,2.2823682,0.7607894,0.16000001,0.0,0.15634222,8.290094,8.300095,2662400
hardzero_plus_depr__c0p50__z1p10__lam0p010__nu0p50__psi1p25,hardzero_plus_depr,0.02,36,832,0.0,2,0.15502152,0.15502158,1.0140421,0.096818395,0.096818395,1.0,6.041312e-08,6.239839e-07,-27.60814,2.2309372,0.7436458,0.16,0.0,0.17631415,8.300095,8.310095,2665600
hardzero_plus_depr__c0p50__z1p10__lam0p010__nu0p50__psi1p25,hardzero_plus_depr,0.02,36,833,0.0,2,0.15502158,0.15502164,1.0142583,0.09677021,0.09677021,1.0,5.963292e-08,6.1623217e-07,-26.936369,2.2314126,0.7438042,0.208,0.0,0.14813443,8.310095,8.320095,2668800
hardzero_plus_depr__c0p50__z1p10__lam0p010__nu0p50__psi1p25,hardzero_plus_depr,0.02,36,834,0.0,2,0.15502164,0.1550217,0.9957154,0.10099146,0.10099146,1.0,6.1461115e-08,6.0857735e-07,-27.758049,2.1906176,0.7302059,0.14400001,0.0,0.16666226,8.320095,8.330095,2672000
hardzero_plus_depr__c0p50__z1p10__lam0p010__nu0p50__psi1p25,hardzero_plus_depr,0.02,36,835,0.0,2,0.1550217,0.15502176,1.0265474,0.09407031,0.09407031,1.0,5.6537907e-08,6.010176e-07,-27.75139,2.2584496,0.75281656,0.104,0.0,0.1414204,8.330095,8.3400955,2675200
hardzero_plus_depr__c0p50__z1p10__lam0p010__nu0p50__psi1p25,hardzero_plus_depr,0.02,36,836,0.0,2,0.15502176,0.15502182,0.9545685,0.11102775,0.11102775,1.0,6.590064e-08,5.9355114e-07,-26.473185,2.1000926,0.7000309,0.18400002,0.0,0.14212851,8.3400955,8.350096,2678400
hardzero_plus_depr__c0p50__z1p10__lam0p010__nu0p50__psi1p25,hardzero_plus_depr,0.02,36,837,0.0,2,0.15502182,0.15502188,1.0093849,0.09786222,0.09786222,1.0,5.7364634e-08,5.861775e-07,-27.329327,2.220691,0.7402303,0.16800001,0.0,0.13763864,8.350096,8.360096,2681600
hardzero_plus_depr__c0p50__z1p10__lam0p010__nu0p50__psi1p25,hardzero_plus_depr,0.02,36,838,0.0,2,0.15502188,0.15502194,1.0002903,0.09993319,0.09993319,1.0,5.7850926e-08,5.78896e-07,-27.77197,2.2006826,0.7335609,0.192,0.0,0.15133993,8.360096,8.370096,2684800
hardzero_plus_depr__c0p50__z1p10__lam0p010__nu0p50__psi1p25,hardzero_plus_depr,0.02,36,839,0.0,2,0.15502194,0.15502198,1.0581616,0.087465815,0.087465815,1.0,5.000464e-08,5.7170496e-07,-28.126913,2.328002,0.7760007,0.17600001,0.0,0.17277595,8.370096,8.380096,2688000
hardzero_plus_depr__c0p50__z1p10__lam0p010__nu0p50__psi1p25,hardzero_plus_depr,0.02,36,840,0.0,2,0.15502198,0.15502204,1.0106013,0.097588524,0.097588524,1.0,5.5098745e-08,5.646027e-07,-27.009127,2.2233672,0.7411224,0.2,0.0,0.14772187,8.380096,8.390097,2691200
hardzero_plus_depr__c0p50__z1p10__lam0p010__nu0p50__psi1p25,hardzero_plus_depr,0.02,36,841,0.0,2,0.15502204,0.15502208,1.0542579,0.088255554,0.088255554,1.0,4.92103e-08,5.575887e-07,-27.879814,2.3194137,0.7731379,0.16800001,0.0,0.15395755,8.390097,8.400097,2694400
hardzero_plus_depr__c0p50__z1p10__lam0p010__nu0p50__psi1p25,hardzero_plus_depr,0.02,36,842,0.0,2,0.15502208,0.15502214,0.9828475,0.10402852,0.10402852,1.0,5.728458e-08,5.5066226e-07,-26.271482,2.1623077,0.7207693,0.16000001,0.0,0.12749328,8.400097,8.410097,2697600
hardzero_plus_depr__c0p50__z1p10__lam0p010__nu0p50__psi1p25,hardzero_plus_depr,0.02,36,843,0.0,2,0.15502214,0.15502219,1.037968,0.09162878,0.09162878,1.0,4.9829744e-08,5.4382195e-07,-27.274113,2.2835753,0.7611918,0.096,0.0,0.15214728,8.410097,8.420097,2700800
hardzero_plus_depr__c0p50__z1p10__lam0p010__nu0p50__psi1p25,hardzero_plus_depr,0.02,36,844,0.0,2,0.15502219,0.15502223,1.0354626,0.09215891,0.09215891,1.0,4.9495423e-08,5.3706606e-07,-27.406435,2.2780633,0.7593545,0.120000005,0.0,0.15417254,8.420097,8.430098,2704000
hardzero_plus_depr__c0p50__z1p10__lam0p010__nu0p50__psi1p25,hardzero_plus_depr,0.02,36,845,0.0,2,0.15502223,0.15502228,1.0706986,0.08497699,0.08497699,1.0,4.5071296e-08,5.303941e-07,-27.490746,2.355584,0.78519464,0.14999999,0.0,0.138956,8.430098,8.440098,2707200
hardzero_plus_depr__c0p50__z1p10__lam0p010__nu0p50__psi1p25,hardzero_plus_depr,0.02,36,846,0.0,2,0.15502228,0.15502232,1.0219085,0.0950805,0.0950805,1.0,4.9803695e-08,5.2380557e-07,-27.280424,2.2482436,0.74941456,0.216,0.0,0.15078993,8.440098,8.450098,2710400
hardzero_plus_depr__c0p50__z1p10__lam0p010__nu0p50__psi1p25,hardzero_plus_depr,0.02,36,847,0.0,2,0.15502232,0.15502237,1.0638461,0.08632844,0.08632844,1.0,4.4657604e-08,5.172989e-07,-28.206314,2.3405082,0.7801694,0.104,0.0,0.17628054,8.450098,8.460098,2713600
hardzero_plus_depr__c0p50__z1p10__lam0p010__nu0p50__psi1p25,hardzero_plus_depr,0.02,36,848,0.0,2,0.15502237,0.15502243,0.9825369,0.104102954,0.104102954,1.0,5.3183335e-08,5.108725e-07,-26.766613,2.1616244,0.7205415,0.192,0.0,0.12732233,8.460098,8.4700985,2716800
hardzero_plus_depr__c0p50__z1p10__lam0p010__nu0p50__psi1p25,hardzero_plus_depr,0.02,36,849,0.0,2,0.15502243,0.15502247,1.043213,0.090528846,0.090528846,1.0,4.567415e-08,5.0452593e-07,-27.750965,2.2951145,0.7650382,0.16800001,0.0,0.1524145,8.4700985,8.480099,2720000
hardzero_plus_depr__c0p50__z1p10__lam0p010__nu0p50__psi1p25,hardzero_plus_depr,0.02,36,850,0.0,2,0.15502247,0.15502252,1.0357707,0.09209357,0.09209357,1.0,4.5886424e-08,4.982587e-07,-27.089437,2.278741,0.7595803,0.104,0.0,0.14799275,8.480099,8.490099,2723200
hardzero_plus_depr__c0p50__z1p10__lam0p010__nu0p50__psi1p25,hardzero_plus_depr,0.02,36,851,0.0,2,0.15502252,0.15502256,1.0336002,0.09255498,0.09255498,1.0,4.5543466e-08,4.920693e-07,-28.067282,2.2739658,0.75798863,0.15200001,0.0,0.14473644,8.490099,8.500099,2726400
hardzero_plus_depr__c0p50__z1p10__lam0p010__nu0p50__psi1p25,hardzero_plus_depr,0.02,36,852,0.0,2,0.15502256,0.1550226,1.0500641,0.08911194,0.08911194,1.0,4.3304514e-08,4.859564e-07,-27.817102,2.310187,0.7700624,0.136,0.0,0.1789117,8.500099,8.510099,2729600
hardzero_plus_depr__c0p50__z1p10__lam0p010__nu0p50__psi1p25,hardzero_plus_depr,0.02,36,853,0.0,2,0.1550226,0.15502265,1.046399,0.08986715,0.08986715,1.0,4.312899e-08,4.799194e-07,-28.105381,2.3021238,0.76737463,0.15200001,0.0,0.1605377,8.510099,8.5201,2732800
hardzero_plus_depr__c0p50__z1p10__lam0p010__nu0p50__psi1p25,hardzero_plus_depr,0.02,36,854,0.0,2,0.15502265,0.1550227,1.0403172,0.091134496,0.091134496,1.0,4.3193904e-08,4.7395778e-07,-27.51058,2.2887435,0.76291454,0.16800001,0.0,0.15129912,8.5201,8.5301,2736000
hardzero_plus_depr__c0p50__z1p10__lam0p010__nu0p50__psi1p25,hardzero_plus_depr,0.02,36,855,0.0,2,0.1550227,0.15502274,1.0090618,0.09793504,0.09793504,1.0,4.5840487e-08,4.680703e-07,-26.964827,2.2199802,0.73999345,0.136,0.0,0.15847369,8.5301,8.5401,2739200
hardzero_plus_depr__c0p50__z1p10__lam0p010__nu0p50__psi1p25,hardzero_plus_depr,0.02,36,856,0.0,2,0.15502274,0.15502279,1.0063852,0.09854049,0.09854049,1.0,4.5550884e-08,4.6225549e-07,-26.636744,2.2140915,0.73803055,0.14400001,0.0,0.16802962,8.5401,8.5501,2742400
hardzero_plus_depr__c0p50__z1p10__lam0p010__nu0p50__psi1p25,hardzero_plus_depr,0.02,36,857,0.0,2,0.15502279,0.15502283,0.96258086,0.108998135,0.108998135,1.0,4.9759052e-08,4.5651288e-07,-26.830967,2.1177201,0.70590675,0.216,0.0,0.13431644,8.5501,8.560101,2745600
hardzero_plus_depr__c0p50__z1p10__lam0p010__nu0p50__psi1p25,hardzero_plus_depr,0.02,36,858,0.0,2,0.15502283,0.15502287,1.0394671,0.09131306,0.09131306,1.0,4.1167766e-08,4.5084207e-07,-28.476824,2.2868733,0.76229113,0.14,0.0,0.16319372,8.560101,8.570101,2748800
hardzero_plus_depr__c0p50__z1p10__lam0p010__nu0p50__psi1p25,hardzero_plus_depr,0.02,36,859,0.0,2,0.15502287,0.15502292,1.0030638,0.099297024,0.099297024,1.0,4.421118e-08,4.4524174e-07,-26.260399,2.2067845,0.73559487,0.192,0.0,0.12245438,8.570101,8.580101,2752000
hardzero_plus_depr__c0p50__z1p10__lam0p010__nu0p50__psi1p25,hardzero_plus_depr,0.02,36,860,0.0,2,0.15502292,0.15502296,1.0080566,0.09816198,0.09816198,1.0,4.3162856e-08,4.3971053e-07,-26.725164,2.217769,0.7392563,0.16000001,0.0,0.12717167,8.580101,8.590101,2755200
hardzero_plus_depr__c0p50__z1p10__lam0p010__nu0p50__psi1p25,hardzero_plus_depr,0.02,36,861,0.0,2,0.15502296,0.15502301,1.0251677,0.09436964,0.09436964,1.0,4.097983e-08,4.3424802e-07,-27.034689,2.255414,0.7518047,0.128,0.0,0.13904162,8.590101,8.600101,2758400
hardzero_plus_depr__c0p50__z1p10__lam0p010__nu0p50__psi1p25,hardzero_plus_depr,0.02,36,862,0.0,2,0.15502301,0.15502304,1.069705,0.08517163,0.08517163,1.0,3.6526178e-08,4.2885378e-07,-28.165642,2.353398,0.784466,0.16000001,0.0,0.14991583,8.600101,8.610102,2761600
hardzero_plus_depr__c0p50__z1p10__lam0p010__nu0p50__psi1p25,hardzero_plus_depr,0.02,36,863,0.0,2,0.15502304,0.15502308,0.9837172,0.10382042,0.10382042,1.0,4.39707e-08,4.235265e-07,-26.201073,2.164221,0.72140706,0.120000005,0.0,0.14684494,8.610102,8.620102,2764800
hardzero_plus_depr__c0p50__z1p10__lam0p010__nu0p50__psi1p25,hardzero_plus_depr,0.02,36,864,0.0,2,0.15502308,0.15502313,0.95893747,0.1099164,0.1099164,1.0,4.597419e-08,4.1826507e-07,-26.507454,2.1097045,0.70323485,0.15200001,0.0,0.15679647,8.620102,8.630102,2768000
hardzero_plus_depr__c0p50__z1p10__lam0p010__nu0p50__psi1p25,hardzero_plus_depr,0.02,36,865,0.0,2,0.15502313,0.15502317,1.0243975,0.09453714,0.09453714,1.0,3.905036e-08,4.13069e-07,-27.04636,2.2537196,0.7512399,0.16800001,0.0,0.16684629,8.630102,8.640102,2771200
hardzero_plus_depr__c0p50__z1p10__lam0p010__nu0p50__psi1p25,hardzero_plus_depr,0.02,36,866,0.0,2,0.15502317,0.1550232,1.0449494,0.09016761,0.09016761,1.0,3.6782783e-08,4.0793788e-07,-26.801369,2.2989347,0.7663116,0.120000005,0.0,0.14311033,8.640102,8.650103,2774400
hardzero_plus_depr__c0p50__z1p10__lam0p010__nu0p50__psi1p25,hardzero_plus_depr,0.02,36,867,0.0,2,0.1550232,0.15502325,1.0316567,0.09297008,0.09297008,1.0,3.7454896e-08,4.0287043e-07,-28.06704,2.2696903,0.7565634,0.18400002,0.0,0.16787528,8.650103,8.660103,2777600
hardzero_plus_depr__c0p50__z1p10__lam0p010__nu0p50__psi1p25,hardzero_plus_depr,0.02,36,868,0.0,2,0.15502325,0.15502328,1.0677216,0.08556149,0.08556149,1.0,3.4041975e-08,3.9786562e-07,-27.622883,2.3490345,0.78301156,0.112,0.0,0.1580749,8.660103,8.670103,2780800
hardzero_plus_depr__c0p50__z1p10__lam0p010__nu0p50__psi1p25,hardzero_plus_depr,0.02,36,869,0.0,2,0.15502328,0.1550233,1.0359421,0.09205724,0.09205724,1.0,3.6171404e-08,3.9292294e-07,-27.17299,2.279118,0.759706,0.16800001,0.008,0.14722376,8.670103,8.680103,2784000
hardzero_plus_depr__c0p50__z1p10__lam0p010__nu0p50__psi1p25,hardzero_plus_depr,0.02,36,870,0.0,2,0.1550233,0.15502335,0.98263,0.10408065,0.10408065,1.0,4.038767e-08,3.8804205e-07,-26.396286,2.1618292,0.7206098,0.16000001,0.0,0.1442768,8.680103,8.690104,2787200
hardzero_plus_depr__c0p50__z1p10__lam0p010__nu0p50__psi1p25,hardzero_plus_depr,0.02,36,871,0.0,2,0.15502335,0.1550234,0.97023606,0.10709369,0.10709369,1.0,4.1040632e-08,3.8322176e-07,-26.639973,2.134562,0.7115207,0.17,0.0,0.120618515,8.690104,8.700104,2790400
hardzero_plus_depr__c0p50__z1p10__lam0p010__nu0p50__psi1p25,hardzero_plus_depr,0.02,36,872,0.0,2,0.1550234,0.15502344,0.97810215,0.10517144,0.10517144,1.0,3.9803293e-08,3.7846104e-07,-26.362381,2.1518676,0.7172892,0.16800001,0.0,0.16002694,8.700104,8.710104,2793600
hardzero_plus_depr__c0p50__z1p10__lam0p010__nu0p50__psi1p25,hardzero_plus_depr,0.02,36,873,0.0,2,0.15502344,0.15502347,1.0655155,0.08599723,0.08599723,1.0,3.2142278e-08,3.7375943e-07,-28.261654,2.344181,0.7813937,0.18400002,0.0,0.1565411,8.710104,8.720104,2796800
hardzero_plus_depr__c0p50__z1p10__lam0p010__nu0p50__psi1p25,hardzero_plus_depr,0.02,36,874,0.0,2,0.15502347,0.15502352,0.98771244,0.10286972,0.10286972,1.0,3.797092e-08,3.691166e-07,-27.382296,2.1730108,0.724337,0.15200001,0.0,0.14650561,8.720104,8.730104,2800000
hardzero_plus_depr__c0p50__z1p10__lam0p010__nu0p50__psi1p25,hardzero_plus_depr,0.02,36,875,0.0,2,0.15502352,0.15502355,1.0360062,0.09204363,0.09204363,1.0,3.355279e-08,3.645314e-07,-27.47981,2.2792592,0.7597531,0.15200001,0.0,0.15724613,8.730104,8.740105,2803200
hardzero_plus_depr__c0p50__z1p10__lam0p010__nu0p50__psi1p25,hardzero_plus_depr,0.02,36,876,0.0,2,0.15502355,0.15502359,0.98222876,0.10417685,0.10417685,1.0,3.7503966e-08,3.6000287e-07,-26.282354,2.1609464,0.72031546,0.14400001,0.0,0.14277565,8.740105,8.750105,2806400
hardzero_plus_depr__c0p50__z1p10__lam0p010__nu0p50__psi1p25,hardzero_plus_depr,0.02,36,877,0.0,2,0.15502359,0.15502362,1.0524633,0.088621005,0.088621005,1.0,3.1507476e-08,3.5553057e-07,-27.323671,2.3154655,0.77182186,0.120000005,0.0,0.15249103,8.750105,8.760105,2809600
hardzero_plus_depr__c0p50__z1p10__lam0p010__nu0p50__psi1p25,hardzero_plus_depr,0.02,36,878,0.0,2,0.15502362,0.15502365,1.0056722,0.09870241,0.09870241,1.0,3.4655816e-08,3.5111418e-07,-26.286226,2.212523,0.7375077,0.104,0.0,0.14238113,8.760105,8.770105,2812800
hardzero_plus_depr__c0p50__z1p10__lam0p010__nu0p50__psi1p25,hardzero_plus_depr,0.02,36,879,0.0,2,0.15502365,0.15502368,0.9986587,0.10030933,0.10030933,1.0,3.478252e-08,3.4675259e-07,-27.497047,2.197093,0.73236436,0.2,0.0,0.1631279,8.770105,8.780106,2816000
hardzero_plus_depr__c0p50__z1p10__lam0p010__nu0p50__psi1p25,hardzero_plus_depr,0.02,36,880,0.0,2,0.15502368,0.15502371,1.0606028,0.08697555,0.08697555,1.0,2.9784337e-08,3.4244493e-07,-27.830553,2.3333728,0.77779096,0.14400001,0.0,0.19002394,8.780106,8.790106,2819200
hardzero_plus_depr__c0p50__z1p10__lam0p010__nu0p50__psi1p25,hardzero_plus_depr,0.02,36,881,0.0,2,0.15502371,0.15502375,0.94589514,0.11326738,0.11326738,1.0,3.8305977e-08,3.3819074e-07,-26.475914,2.0810108,0.6936703,0.18400002,0.0,0.14288384,8.790106,8.800106,2822400
hardzero_plus_depr__c0p50__z1p10__lam0p010__nu0p50__psi1p25,hardzero_plus_depr,0.02,36,882,0.0,2,0.15502375,0.15502378,1.0179653,0.095947735,0.095947735,1.0,3.204556e-08,3.3398973e-07,-27.703455,2.2395685,0.74652284,0.16800001,0.0,0.1361134,8.800106,8.810106,2825600
hardzero_plus_depr__c0p50__z1p10__lam0p010__nu0p50__psi1p25,hardzero_plus_depr,0.02,36,883,0.0,2,0.15502378,0.15502381,0.96348333,0.1087719,0.1087719,1.0,3.587742e-08,3.298409e-07,-26.401737,2.1197057,0.7065686,0.18400002,0.0,0.14720134,8.810106,8.8201065,2828800
hardzero_plus_depr__c0p50__z1p10__lam0p010__nu0p50__psi1p25,hardzero_plus_depr,0.02,36,884,0.0,2,0.15502381,0.15502384,1.0135512,0.096927896,0.096927896,1.0,3.1573613e-08,3.2574331e-07,-26.415459,2.2298572,0.7432858,0.17,0.0,0.14478725,8.8201065,8.830107,2832000
hardzero_plus_depr__c0p50__z1p10__lam0p010__nu0p50__psi1p25,hardzero_plus_depr,0.02,36,885,0.0,2,0.15502384,0.15502387,1.0451334,0.09012944,0.09012944,1.0,2.8994338e-08,3.2169663e-07,-28.236803,2.2993393,0.7664465,0.128,0.0,0.17063795,8.830107,8.840107,2835200
hardzero_plus_depr__c0p50__z1p10__lam0p010__nu0p50__psi1p25,hardzero_plus_depr,0.02,36,886,0.0,2,0.15502387,0.1550239,0.99748063,0.10058178,0.10058178,1.0,3.1954883e-08,3.177005e-07,-26.130512,2.1945012,0.7315004,0.16800001,0.0,0.13669544,8.840107,8.850107,2838400
hardzero_plus_depr__c0p50__z1p10__lam0p010__nu0p50__psi1p25,hardzero_plus_depr,0.02,36,887,0.0,2,0.1550239,0.15502393,0.998277,0.10039752,0.10039752,1.0,3.1500125e-08,3.1375401e-07,-26.8081,2.1962533,0.73208445,0.120000005,0.0,0.1577069,8.850107,8.860107,2841600
hardzero_plus_depr__c0p50__z1p10__lam0p010__nu0p50__psi1p25,hardzero_plus_depr,0.02,36,888,0.0,2,0.15502393,0.15502396,1.028005,0.09375512,0.09375512,1.0,2.905061e-08,3.0985626e-07,-26.814087,2.2616563,0.75388545,0.120000005,0.0,0.15883003,8.860107,8.870108,2844800
hardzero_plus_depr__c0p50__z1p10__lam0p010__nu0p50__psi1p25,hardzero_plus_depr,0.02,36,889,0.0,2,0.15502396,0.15502399,1.0289327,0.09355507,0.09355507,1.0,2.86285e-08,3.0600694e-07,-27.48233,2.2636971,0.7545657,0.112,0.0,0.15265855,8.870108,8.880108,2848000
hardzero_plus_depr__c0p50__z1p10__lam0p010__nu0p50__psi1p25,hardzero_plus_depr,0.02,36,890,0.0,2,0.15502399,0.15502402,1.0145385,0.0967078,0.0967078,1.0,2.9225648e-08,3.022057e-07,-26.428392,2.2320294,0.74400985,0.15200001,0.0,0.12761869,8.880108,8.890108,2851200
hardzero_plus_depr__c0p50__z1p10__lam0p010__nu0p50__psi1p25,hardzero_plus_depr,0.02,36,891,0.0,2,0.15502402,0.15502405,0.97516096,0.10588612,0.10588612,1.0,3.1601893e-08,2.984517e-07,-25.906733,2.145397,0.71513236,0.136,0.0,0.119901925,8.890108,8.900108,2854400
hardzero_plus_depr__c0p50__z1p10__lam0p010__nu0p50__psi1p25,hardzero_plus_depr,0.02,36,892,0.0,2,0.15502405,0.15502408,0.98207366,0.10421406,0.10421406,1.0,3.071647e-08,2.9474404e-07,-26.839808,2.1606052,0.72020173,0.15200001,0.0,0.14970449,8.900108,8.910109,2857600
hardzero_plus_depr__c0p50__z1p10__lam0p010__nu0p50__psi1p25,hardzero_plus_depr,0.02,36,893,0.0,2,0.15502408,0.15502411,1.023671,0.09469541,0.09469541,1.0,2.7564175e-08,2.9108247e-07,-26.926083,2.2521212,0.7507071,0.192,0.0,0.15128021,8.910109,8.920109,2860800
hardzero_plus_depr__c0p50__z1p10__lam0p010__nu0p50__psi1p25,hardzero_plus_depr,0.02,36,894,0.0,2,0.15502411,0.15502414,1.0234017,0.094754145,0.094754145,1.0,2.7238656e-08,2.8746663e-07,-27.417532,2.2515287,0.7505096,0.112,0.0,0.16113639,8.920109,8.930109,2864000
hardzero_plus_depr__c0p50__z1p10__lam0p010__nu0p50__psi1p25,hardzero_plus_depr,0.02,36,895,0.0,2,0.15502414,0.15502417,0.9970324,0.10068564,0.10068564,1.0,2.8584221e-08,2.838957e-07,-27.072737,2.193515,0.7311717,0.208,0.0,0.16623795,8.930109,8.940109,2867200
hardzero_plus_depr__c0p50__z1p10__lam0p010__nu0p50__psi1p25,hardzero_plus_depr,0.02,36,896,0.0,2,0.15502417,0.1550242,1.035619,0.09212574,0.09212574,1.0,2.5829191e-08,2.8036888e-07,-27.561169,2.2784073,0.75946915,0.18400002,0.0,0.1677584,8.940109,8.9501095,2870400
hardzero_plus_depr__c0p50__z1p10__lam0p010__nu0p50__psi1p25,hardzero_plus_depr,0.02,36,897,0.0,2,0.1550242,0.15502422,1.0938392,0.08056769,0.08056769,1.0,2.2308058e-08,2.768859e-07,-28.626284,2.4064941,0.80216473,0.11,0.0,0.17242613,8.9501095,8.96011,2873600
hardzero_plus_depr__c0p50__z1p10__lam0p010__nu0p50__psi1p25,hardzero_plus_depr,0.02,36,898,0.0,2,0.15502422,0.15502425,1.0096103,0.09781144,0.09781144,1.0,2.6746186e-08,2.734464e-07,-27.212503,2.2211869,0.74039567,0.192,0.0,0.1746351,8.96011,8.97011,2876800
hardzero_plus_depr__c0p50__z1p10__lam0p010__nu0p50__psi1p25,hardzero_plus_depr,0.02,36,899,0.0,2,0.15502425,0.15502428,1.0537297,0.08836298,0.08836298,1.0,2.386239e-08,2.7004964e-07,-28.375519,2.3182516,0.77275056,0.192,0.008,0.19112343,8.97011,8.98011,2880000
hardzero_plus_depr__c0p50__z1p10__lam0p010__nu0p50__psi1p25,hardzero_plus_depr,0.02,36,900,0.0,2,0.15502428,0.1550243,1.0054221,0.09875928,0.09875928,1.0,2.6338588e-08,2.6669483e-07,-26.739794,2.2119727,0.73732424,0.18400002,0.008,0.14804663,8.98011,8.99011,2883200
hardzero_plus_depr__c0p50__z1p10__lam0p010__nu0p50__psi1p25,hardzero_plus_depr,0.02,36,901,0.0,2,0.1550243,0.15502433,1.0150185,0.09660099,0.09660099,1.0,2.5442933e-08,2.633817e-07,-27.360954,2.2330852,0.74436176,0.16800001,0.0,0.1337812,8.99011,9.000111,2886400
hardzero_plus_depr__c0p50__z1p10__lam0p010__nu0p50__psi1p25,hardzero_plus_depr,0.02,36,902,0.0,2,0.15502433,0.15502436,0.9836507,0.10383631,0.10383631,1.0,2.7008857e-08,2.6010994e-07,-26.297531,2.1640747,0.72135824,0.208,0.0,0.118516214,9.000111,9.010111,2889600
hardzero_plus_depr__c0p50__z1p10__lam0p010__nu0p50__psi1p25,hardzero_plus_depr,0.02,36,903,0.0,2,0.15502436,0.1550244,1.015957,0.09639243,0.09639243,1.0,2.476118e-08,2.5687888e-07,-27.186596,2.23515,0.7450501,0.14400001,0.0,0.15090165,9.010111,9.020111,2892800
hardzero_plus_depr__c0p50__z1p10__lam0p010__nu0p50__psi1p25,hardzero_plus_depr,0.02,36,904,0.0,2,0.1550244,0.15502442,1.0304735,0.093223736,0.093223736,1.0,2.3649713e-08,2.536877e-07,-27.06933,2.267087,0.7556957,0.136,0.0,0.14341149,9.020111,9.030111,2896000
hardzero_plus_depr__c0p50__z1p10__lam0p010__nu0p50__psi1p25,hardzero_plus_depr,0.02,36,905,0.0,2,0.15502442,0.15502445,0.9649548,0.10840398,0.10840398,1.0,2.7159116e-08,2.5053615e-07,-26.421501,2.122943,0.7076477,0.128,0.0,0.117475286,9.030111,9.040112,2899200
hardzero_plus_depr__c0p50__z1p10__lam0p010__nu0p50__psi1p25,hardzero_plus_depr,0.02,36,906,0.0,2,0.15502445,0.15502448,1.0263194,0.09411971,0.09411971,1.0,2.3287473e-08,2.4742397e-07,-26.97277,2.2579477,0.75264925,0.136,0.0,0.13858892,9.040112,9.050112,2902400
hardzero_plus_depr__c0p50__z1p10__lam0p010__nu0p50__psi1p25,hardzero_plus_depr,0.02,36,907,0.0,2,0.15502448,0.15502451,1.0325955,0.09276935,0.09276935,1.0,2.2668234e-08,2.4435047e-07,-26.81038,2.2717555,0.75725186,0.17600001,0.0,0.16493398,9.050112,9.060112,2905600
hardzero_plus_depr__c0p50__z1p10__lam0p010__nu0p50__psi1p25,hardzero_plus_depr,0.02,36,908,0.0,2,0.15502451,0.15502453,1.038341,0.09155012,0.09155012,1.0,2.209241e-08,2.4131492e-07,-27.847975,2.284396,0.7614653,0.2,0.0,0.16353211,9.060112,9.070112,2908800
hardzero_plus_depr__c0p50__z1p10__lam0p010__nu0p50__psi1p25,hardzero_plus_depr,0.02,36,909,0.0,2,0.15502453,0.15502456,1.0046679,0.09893093,0.09893093,1.0,2.357693e-08,2.3831707e-07,-27.357092,2.2103136,0.7367712,0.08800001,0.0,0.15531527,9.070112,9.080112,2912000
hardzero_plus_depr__c0p50__z1p10__lam0p010__nu0p50__psi1p25,hardzero_plus_depr,0.02,36,910,0.0,2,0.15502456,0.15502457,1.030765,0.09316117,0.09316117,1.0,2.1926105e-08,2.353567e-07,-27.435068,2.2677283,0.75590944,0.17,0.0,0.15331928,9.080112,9.090113,2915200
hardzero_plus_depr__c0p50__z1p10__lam0p010__nu0p50__psi1p25,hardzero_plus_depr,0.02,36,911,0.0,2,0.15502457,0.1550246,1.0153089,0.096536405,0.096536405,1.0,2.2438256e-08,2.324331e-07,-26.973965,2.233724,0.7445747,0.18400002,0.0,0.1517641,9.090113,9.100113,2918400
hardzero_plus_depr__c0p50__z1p10__lam0p010__nu0p50__psi1p25,hardzero_plus_depr,0.02,36,912,0.0,2,0.1550246,0.15502462,1.0368937,0.091855735,0.091855735,1.0,2.1085077e-08,2.2954558e-07,-27.104568,2.2812119,0.760404,0.14400001,0.0,0.1503996,9.100113,9.110113,2921600
hardzero_plus_depr__c0p50__z1p10__lam0p010__nu0p50__psi1p25,hardzero_plus_depr,0.02,36,913,0.0,2,0.15502462,0.15502465,0.99305904,0.101611055,0.101611055,1.0,2.3034614e-08,2.2669397e-07,-26.99084,2.1847734,0.72825783,0.192,0.0,0.15574163,9.110113,9.120113,2924800
hardzero_plus_depr__c0p50__z1p10__lam0p010__nu0p50__psi1p25,hardzero_plus_depr,0.02,36,914,0.0,2,0.15502465,0.15502466,1.0488694,0.08935741,0.08935741,1.0,2.0005155e-08,2.2387796e-07,-28.031143,2.3075588,0.76918626,0.136,0.0,0.17228892,9.120113,9.130114,2928000
hardzero_plus_depr__c0p50__z1p10__lam0p010__nu0p50__psi1p25,hardzero_plus_depr,0.02,36,915,0.0,2,0.15502466,0.15502468,0.99675983,0.10074887,0.10074887,1.0,2.2275266e-08,2.2109694e-07,-26.69433,2.1929154,0.7309718,0.136,0.0,0.1305318,9.130114,9.140114,2931200
hardzero_plus_depr__c0p50__z1p10__lam0p010__nu0p50__psi1p25,hardzero_plus_depr,0.02,36,916,0.0,2,0.15502468,0.15502469,1.0062472,0.09857184,0.09857184,1.0,2.1523187e-08,2.1835027e-07,-27.225119,2.213788,0.73792934,0.17600001,0.0,0.14943545,9.140114,9.150114,2934400
hardzero_plus_depr__c0p50__z1p10__lam0p010__nu0p50__psi1p25,hardzero_plus_depr,0.02,36,917,0.0,2,0.15502469,0.15502472,0.9588123,0.109948084,0.109948084,1.0,2.3708953e-08,2.1563771e-07,-25.18279,2.1094291,0.70314306,0.17600001,0.0,0.12650461,9.150114,9.160114,2937600
hardzero_plus_depr__c0p50__z1p10__lam0p010__nu0p50__psi1p25,hardzero_plus_depr,0.02,36,918,0.0,2,0.15502472,0.15502474,1.0251838,0.09436613,0.09436613,1.0,2.0096124e-08,2.1295907e-07,-26.91256,2.2554493,0.75181645,0.128,0.0,0.15359278,9.160114,9.1701145,2940800
hardzero_plus_depr__c0p50__z1p10__lam0p010__nu0p50__psi1p25,hardzero_plus_depr,0.02,36,919,0.0,2,0.15502474,0.15502475,1.0153013,0.09653808,0.09653808,1.0,2.0303279e-08,2.1031367e-07,-27.408213,2.2337077,0.74456924,0.14400001,0.0,0.14100999,9.1701145,9.180115,2944000
hardzero_plus_depr__c0p50__z1p10__lam0p010__nu0p50__psi1p25,hardzero_plus_depr,0.02,36,920,0.0,2,0.15502475,0.15502477,0.98395324,0.103764,0.103764,1.0,2.1551884e-08,2.0770098e-07,-26.520645,2.1647403,0.72158015,0.14400001,0.0,0.14439954,9.180115,9.190115,2947200
hardzero_plus_depr__c0p50__z1p10__lam0p010__nu0p50__psi1p25,hardzero_plus_depr,0.02,36,921,0.0,2,0.15502477,0.15502478,1.0057081,0.09869427,0.09869427,1.0,2.024424e-08,2.0512071e-07,-27.491009,2.212602,0.737534,0.15200001,0.0,0.16494374,9.190115,9.200115,2950400
hardzero_plus_depr__c0p50__z1p10__lam0p010__nu0p50__psi1p25,hardzero_plus_depr,0.02,36,922,0.0,2,0.15502478,0.1550248,1.0163876,0.09629692,0.09629692,1.0,1.9507127e-08,2.0257269e-07,-27.381845,2.2360973,0.7453658,0.096,0.0,0.14737968,9.200115,9.210115,2953600
hardzero_plus_depr__c0p50__z1p10__lam0p010__nu0p50__psi1p25,hardzero_plus_depr,0.02,36,923,0.0,2,0.1550248,0.15502481,0.99936754,0.100145735,0.100145735,1.0,2.0034788e-08,2.0005632e-07,-26.527842,2.1986525,0.73288417,0.19999999,0.0,0.14873376,9.210115,9.220116,2956800
hardzero_plus_depr__c0p50__z1p10__lam0p010__nu0p50__psi1p25,hardzero_plus_depr,0.02,36,924,0.0,2,0.15502481,0.15502483,1.0447954,0.0901996,0.0901996,1.0,1.782083e-08,1.9757105e-07,-27.704123,2.2985957,0.7661986,0.120000005,0.0,0.14943016,9.220116,9.230116,2960000
hardzero_plus_depr__c0p50__z1p10__lam0p010__nu0p50__psi1p25,hardzero_plus_depr,0.02,36,925,0.0,2,0.15502483,0.15502484,0.9819719,0.10423849,0.10423849,1.0,2.0338664e-08,1.9511664e-07,-26.953623,2.1603813,0.7201271,0.18400002,0.0,0.12864408,9.230116,9.240116,2963200
hardzero_plus_depr__c0p50__z1p10__lam0p010__nu0p50__psi1p25,hardzero_plus_depr,0.02,36,926,0.0,2,0.15502484,0.15502486,0.9992483,0.10017322,0.10017322,1.0,1.9302668e-08,1.926929e-07,-26.813583,2.1983902,0.7327968,0.128,0.0,0.15746254,9.240116,9.250116,2966400
hardzero_plus_depr__c0p50__z1p10__lam0p010__nu0p50__psi1p25,hardzero_plus_depr,0.02,36,927,0.0,2,0.15502486,0.15502487,1.0498341,0.089159146,0.089159146,1.0,1.6966919e-08,1.9029925e-07,-28.156162,2.3096812,0.76989377,0.14400001,0.0,0.1681912,9.250116,9.260117,2969600
hardzero_plus_depr__c0p50__z1p10__lam0p010__nu0p50__psi1p25,hardzero_plus_depr,0.02,36,928,0.0,2,0.15502487,0.15502489,1.0501527,0.089093775,0.089093775,1.0,1.6743854e-08,1.8793519e-07,-28.14942,2.310382,0.7701273,0.08800001,0.0,0.15575671,9.260117,9.270117,2972800
hardzero_plus_depr__c0p50__z1p10__lam0p010__nu0p50__psi1p25,hardzero_plus_depr,0.02,36,929,0.0,2,0.15502489,0.1550249,1.0020093,0.099538416,0.099538416,1.0,1.8474378e-08,1.8560047e-07,-26.738474,2.2044644,0.7348215,0.17600001,0.0,0.13443856,9.270117,9.280117,2976000
hardzero_plus_depr__c0p50__z1p10__lam0p010__nu0p50__psi1p25,hardzero_plus_depr,0.02,36,930,0.0,2,0.1550249,0.15502492,1.0604883,0.08699846,0.08699846,1.0,1.5946378e-08,1.8329494e-07,-27.861547,2.333121,0.77770704,0.128,0.0,0.1573283,9.280117,9.290117,2979200
hardzero_plus_depr__c0p50__z1p10__lam0p010__nu0p50__psi1p25,hardzero_plus_depr,0.02,36,931,0.0,2,0.15502492,0.15502493,0.9930877,0.10160434,0.10160434,1.0,1.839222e-08,1.8101804e-07,-26.53404,2.1848366,0.7282789,0.08800001,0.0,0.16591187,9.290117,9.3001175,2982400
hardzero_plus_depr__c0p50__z1p10__lam0p010__nu0p50__psi1p25,hardzero_plus_depr,0.02,36,932,0.0,2,0.15502493,0.15502495,0.99153274,0.10196879,0.10196879,1.0,1.8228885e-08,1.7876926e-07,-26.282219,2.1814156,0.7271385,0.2,0.0,0.16991574,9.3001175,9.310118,2985600
hardzero_plus_depr__c0p50__z1p10__lam0p010__nu0p50__psi1p25,hardzero_plus_depr,0.02,36,933,0.0,2,0.15502495,0.15502496,1.0143086,0.096759014,0.096759014,1.0,1.7082654e-08,1.7654844e-07,-26.238348,2.2315235,0.7438412,0.14400001,0.0,0.13973811,9.310118,9.320118,2988800
hardzero_plus_depr__c0p50__z1p10__lam0p010__nu0p50__psi1p25,hardzero_plus_depr,0.02,36,934,0.0,2,0.15502496,0.15502498,1.0084274,0.098078236,0.098078236,1.0,1.7100463e-08,1.7435534e-07,-27.492237,2.2185845,0.7395282,0.112,0.0,0.16936669,9.320118,9.330118,2992000
hardzero_plus_depr__c0p50__z1p10__lam0p010__nu0p50__psi1p25,hardzero_plus_depr,0.02,36,935,0.0,2,0.15502498,0.15502499,1.0794603,0.0832798,0.0832798,1.0,1.4339905e-08,1.7218947e-07,-28.306057,2.37486,0.79162,0.14400001,0.0,0.17457853,9.330118,9.340118,2995200
hardzero_plus_depr__c0p50__z1p10__lam0p010__nu0p50__psi1p25,hardzero_plus_depr,0.02,36,936,0.0,2,0.15502499,0.155025,1.0632232,0.086452335,0.086452335,1.0,1.4701253e-08,1.7005038e-07,-28.319994,2.3391378,0.7797126,0.17999999,0.0,0.18911403,9.340118,9.350119,2998400
hardzero_plus_depr__c0p50__z1p10__lam0p010__nu0p50__psi1p25,hardzero_plus_depr,0.02,36,937,0.0,2,0.155025,0.15502502,0.9988793,0.10025837,0.10025837,1.0,1.6837177e-08,1.6793787e-07,-27.067204,2.1975784,0.7325262,0.18400002,0.0,0.15390567,9.350119,9.360119,3001600
hardzero_plus_depr__c0p50__z1p10__lam0p010__nu0p50__psi1p25,hardzero_plus_depr,0.02,36,938,0.0,2,0.15502502,0.15502504,1.054127,0.088282175,0.088282175,1.0,1.4641753e-08,1.6585174e-07,-28.590597,2.3191257,0.7730419,0.136,0.0,0.17578168,9.360119,9.370119,3004800
hardzero_plus_depr__c0p50__z1p10__lam0p010__nu0p50__psi1p25,hardzero_plus_depr,0.02,36,939,0.0,2,0.15502504,0.15502505,0.982674,0.104070105,0.104070105,1.0,1.70458e-08,1.6379151e-07,-25.901045,2.161926,0.72064203,0.24000001,0.0,0.13965286,9.370119,9.380119,3008000
hardzero_plus_depr__c0p50__z1p10__lam0p010__nu0p50__psi1p25,hardzero_plus_depr,0.02,36,940,0.0,2,0.15502505,0.15502506,0.9859234,0.10329435,0.10329435,1.0,1.6708558e-08,1.6175674e-07,-27.369078,2.1690748,0.72302496,0.24800001,0.008,0.16249831,9.380119,9.39012,3011200
hardzero_plus_depr__c0p50__z1p10__lam0p010__nu0p50__psi1p25,hardzero_plus_depr,0.02,36,941,0.0,2,0.15502506,0.15502508,1.0290521,0.093529336,0.093529336,1.0,1.4941055e-08,1.5974726e-07,-27.120619,2.26396,0.75465333,0.16800001,0.0,0.15432638,9.39012,9.40012,3014400
hardzero_plus_depr__c0p50__z1p10__lam0p010__nu0p50__psi1p25,hardzero_plus_depr,0.02,36,942,0.0,2,0.15502508,0.1550251,1.0110929,0.097478114,0.097478114,1.0,1.5378426e-08,1.5776286e-07,-26.78101,2.224449,0.741483,0.16800001,0.0,0.21427873,9.40012,9.41012,3017600
hardzero_plus_depr__c0p50__z1p10__lam0p010__nu0p50__psi1p25,hardzero_plus_depr,0.02,36,943,0.0,2,0.1550251,0.15502511,1.0120462,0.09726437,0.09726437,1.0,1.5154095e-08,1.5580314e-07,-27.431492,2.226546,0.742182,0.136,0.0,0.14202408,9.41012,9.42012,3020800
hardzero_plus_depr__c0p50__z1p10__lam0p010__nu0p50__psi1p25,hardzero_plus_depr,0.02,36,944,0.0,2,0.15502511,0.15502512,1.0166253,0.09624422,0.09624422,1.0,1.4808868e-08,1.538676e-07,-27.127443,2.2366202,0.7455401,0.096,0.0,0.14734276,9.42012,9.43012,3024000
hardzero_plus_depr__c0p50__z1p10__lam0p010__nu0p50__psi1p25,hardzero_plus_depr,0.02,36,945,0.0,2,0.15502512,0.15502514,0.99710715,0.10066832,0.10066832,1.0,1.5297166e-08,1.5195612e-07,-27.558846,2.1936796,0.73122656,0.18400002,0.0,0.14627504,9.43012,9.440121,3027200
hardzero_plus_depr__c0p50__z1p10__lam0p010__nu0p50__psi1p25,hardzero_plus_depr,0.02,36,946,0.0,2,0.15502514,0.15502515,1.0613079,0.08683445,0.08683445,1.0,1.3031117e-08,1.500685e-07,-27.791794,2.334924,0.77830803,0.128,0.0,0.14345315,9.440121,9.450121,3030400
hardzero_plus_depr__c0p50__z1p10__lam0p010__nu0p50__psi1p25,hardzero_plus_depr,0.02,36,947,0.0,2,0.15502515,0.15502517,0.9876993,0.102872826,0.102872826,1.0,1.52462e-08,1.4820435e-07,-26.360064,2.1729817,0.72432727,0.14400001,0.0,0.12876979,9.450121,9.460121,3033600
hardzero_plus_depr__c0p50__z1p10__lam0p010__nu0p50__psi1p25,hardzero_plus_depr,0.02,36,948,0.0,2,0.15502517,0.15502518,1.004662,0.09893226,0.09893226,1.0,1.4480044e-08,1.4636322e-07,-26.928186,2.2103007,0.73676693,0.192,0.0,0.1595069,9.460121,9.470121,3036800
hardzero_plus_depr__c0p50__z1p10__lam0p010__nu0p50__psi1p25,hardzero_plus_depr,0.02,36,949,0.0,2,0.15502518,0.1550252,1.0077301,0.09823581,0.09823581,1.0,1.41994905e-08,1.4454496e-07,-26.23361,2.2170506,0.7390169,0.21,0.0,0.13423982,9.470121,9.480122,3040000
hardzero_plus_depr__c0p50__z1p10__lam0p010__nu0p50__psi1p25,hardzero_plus_depr,0.02,36,950,0.0,2,0.1550252,0.15502521,1.0025853,0.09940648,0.09940648,1.0,1.4190217e-08,1.4274941e-07,-26.571524,2.2057316,0.7352439,0.224,0.0,0.16576368,9.480122,9.490122,3043200
hardzero_plus_depr__c0p50__z1p10__lam0p010__nu0p50__psi1p25,hardzero_plus_depr,0.02,36,951,0.0,2,0.15502521,0.15502523,1.030541,0.09320925,0.09320925,1.0,1.3140284e-08,1.4097618e-07,-27.495907,2.2672353,0.7557451,0.136,0.0,0.13845782,9.490122,9.500122,3046400
hardzero_plus_depr__c0p50__z1p10__lam0p010__nu0p50__psi1p25,hardzero_plus_depr,0.02,36,952,0.0,2,0.15502523,0.15502524,1.046519,0.08984232,0.08984232,1.0,1.2508283e-08,1.3922485e-07,-27.429522,2.302388,0.7674627,0.136,0.0,0.16323669,9.500122,9.510122,3049600
hardzero_plus_depr__c0p50__z1p10__lam0p010__nu0p50__psi1p25,hardzero_plus_depr,0.02,36,953,0.0,2,0.15502524,0.15502526,1.040688,0.0910567,0.0910567,1.0,1.2519864e-08,1.3749526e-07,-28.986557,2.2895594,0.76318645,0.128,0.0,0.15804373,9.510122,9.520123,3052800
hardzero_plus_depr__c0p50__z1p10__lam0p010__nu0p50__psi1p25,hardzero_plus_depr,0.02,36,954,0.0,2,0.15502526,0.15502527,1.0003068,0.09992938,0.09992938,1.0,1.356914e-08,1.3578729e-07,-27.033112,2.2007189,0.73357296,0.224,0.0,0.14557561,9.520123,9.530123,3056000
hardzero_plus_depr__c0p50__z1p10__lam0p010__nu0p50__psi1p25,hardzero_plus_depr,0.02,36,955,0.0,2,0.15502527,0.15502529,1.0170926,0.09614072,0.09614072,1.0,1.2892523e-08,1.3410055e-07,-26.025778,2.2376482,0.74588275,0.14400001,0.0,0.14673097,9.530123,9.540123,3059200
hardzero_plus_depr__c0p50__z1p10__lam0p010__nu0p50__psi1p25,hardzero_plus_depr,0.02,36,956,0.0,2,0.15502529,0.1550253,1.0432806,0.09051476,0.09051476,1.0,1.1987286e-08,1.3243461e-07,-27.777704,2.295263,0.7650877,0.120000005,0.0,0.13792086,9.540123,9.550123,3062400
hardzero_plus_depr__c0p50__z1p10__lam0p010__nu0p50__psi1p25,hardzero_plus_depr,0.02,36,957,0.0,2,0.1550253,0.15502532,1.0173023,0.09609432,0.09609432,1.0,1.2568117e-08,1.3078939e-07,-26.515036,2.2381096,0.7460365,0.104,0.0,0.13698164,9.550123,9.560123,3065600
hardzero_plus_depr__c0p50__z1p10__lam0p010__nu0p50__psi1p25,hardzero_plus_depr,0.02,36,958,0.0,2,0.15502532,0.15502532,1.1100782,0.0,0.07761073,0.0,0.0,1.2916472e-07,-28.497726,2.442221,0.8140737,0.14400001,0.0,0.18944226,9.560123,9.570124,3068800
hardzero_plus_depr__c0p50__z1p10__lam0p010__nu0p50__psi1p25,hardzero_plus_depr,0.02,36,959,0.0,2,0.15502532,0.15502533,1.0023726,0.09945518,0.09945518,1.0,1.2686525e-08,1.2756023e-07,-26.580114,2.2052639,0.735088,0.096,0.0,0.12153109,9.570124,9.580124,3072000
hardzero_plus_depr__c0p50__z1p10__lam0p010__nu0p50__psi1p25,hardzero_plus_depr,0.02,36,960,0.0,2,0.15502533,0.15502535,1.0011531,0.09973484,0.09973484,1.0,1.2564152e-08,1.2597556e-07,-27.252613,2.202581,0.7341937,0.23200001,0.0,0.1857898,9.580124,9.590124,3075200
hardzero_plus_depr__c0p50__z1p10__lam0p010__nu0p50__psi1p25,hardzero_plus_depr,0.02,36,961,0.0,2,0.15502535,0.15502536,1.0903699,0.08121383,0.08121383,1.0,1.010386e-08,1.2441058e-07,-27.93512,2.398862,0.7996206,0.128,0.0,0.1521899,9.590124,9.600124,3078400
hardzero_plus_depr__c0p50__z1p10__lam0p010__nu0p50__psi1p25,hardzero_plus_depr,0.02,36,962,0.0,2,0.15502536,0.15502538,1.0167959,0.09620644,0.09620644,1.0,1.1820417e-08,1.2286513e-07,-27.096325,2.2369957,0.74566525,0.08,0.0,0.15125994,9.600124,9.610125,3081600
hardzero_plus_depr__c0p50__z1p10__lam0p010__nu0p50__psi1p25,hardzero_plus_depr,0.02,36,963,0.0,2,0.15502538,0.1550254,1.0423495,0.09070903,0.09070903,1.0,1.1006534e-08,1.213389e-07,-27.468132,2.2932146,0.7644049,0.16000001,0.0,0.17965971,9.610125,9.620125,3084800
hardzero_plus_depr__c0p50__z1p10__lam0p010__nu0p50__psi1p25,hardzero_plus_depr,0.02,36,964,0.0,2,0.1550254,0.15502541,1.0393561,0.0913364,0.0913364,1.0,1.0944979e-08,1.1983151e-07,-27.720114,2.2866292,0.7622098,0.112,0.0,0.15583156,9.620125,9.630125,3088000
hardzero_plus_depr__c0p50__z1p10__lam0p010__nu0p50__psi1p25,hardzero_plus_depr,0.02,36,965,0.0,2,0.15502541,0.15502542,0.99819404,0.10041672,0.10041672,1.0,1.18836025e-08,1.1834287e-07,-26.882347,2.1960707,0.7320236,0.2,0.0,0.13701592,9.630125,9.640125,3091200
hardzero_plus_depr__c0p50__z1p10__lam0p010__nu0p50__psi1p25,hardzero_plus_depr,0.02,36,966,0.0,2,0.15502542,0.15502544,1.0213641,0.095199764,0.095199764,1.0,1.11262635e-08,1.16872805e-07,-27.496284,2.2470458,0.7490153,0.14400001,0.0,0.14222056,9.640125,9.6501255,3094400
hardzero_plus_depr__c0p50__z1p10__lam0p010__nu0p50__psi1p25,hardzero_plus_depr,0.02,36,967,0.0,2,0.15502544,0.15502545,1.0147442,0.09666202,0.09666202,1.0,1.11568275e-08,1.15421e-07,-26.118769,2.2324817,0.7441606,0.120000005,0.0,0.15404233,9.6501255,9.660126,3097600
hardzero_plus_depr__c0p50__z1p10__lam0p010__nu0p50__psi1p25,hardzero_plus_depr,0.02,36,968,0.0,2,0.15502545,0.15502547,1.0956804,0.08022683,0.08022683,1.0,9.144827e-09,1.1398714e-07,-29.377684,2.4105449,0.80351496,0.128,0.0,0.19479126,9.660126,9.670126,3100800
hardzero_plus_depr__c0p50__z1p10__lam0p010__nu0p50__psi1p25,hardzero_plus_depr,0.02,36,969,0.0,2,0.15502547,0.15502548,1.076042,0.08393785,0.08393785,1.0,9.448976e-09,1.1257109e-07,-28.742987,2.3673398,0.7891133,0.16000001,0.0,0.1845793,9.670126,9.680126,3104000
hardzero_plus_depr__c0p50__z1p10__lam0p010__nu0p50__psi1p25,hardzero_plus_depr,0.02,36,970,0.0,2,0.15502548,0.1550255,1.0087936,0.097995564,0.097995564,1.0,1.0894433e-08,1.1117272e-07,-26.834248,2.2193902,0.73979676,0.112,0.0,0.1388458,9.680126,9.690126,3107200
hardzero_plus_depr__c0p50__z1p10__lam0p010__nu0p50__psi1p25,hardzero_plus_depr,0.02,36,971,0.0,2,0.1550255,0.15502551,1.0225542,0.09493926,0.09493926,1.0,1.0423547e-08,1.0979174e-07,-27.427807,2.249664,0.74988806,0.128,0.0,0.16566458,9.690126,9.700127,3110400
hardzero_plus_depr__c0p50__z1p10__lam0p010__nu0p50__psi1p25,hardzero_plus_depr,0.02,36,972,0.0,2,0.15502551,0.15502553,1.0370091,0.09183132,0.09183132,1.0,9.957067e-09,1.0842779e-07,-27.925343,2.2814655,0.7604885,0.16000001,0.0,0.15839176,9.700127,9.710127,3113600
hardzero_plus_depr__c0p50__z1p10__lam0p010__nu0p50__psi1p25,hardzero_plus_depr,0.02,36,973,0.0,2,0.15502553,0.15502554,0.99871373,0.1002966,0.1002966,1.0,1.0739841e-08,1.0708081e-07,-26.261032,2.1972141,0.7324047,0.136,0.0,0.12193868,9.710127,9.720127,3116800
hardzero_plus_depr__c0p50__z1p10__lam0p010__nu0p50__psi1p25,hardzero_plus_depr,0.02,36,974,0.0,2,0.15502554,0.15502556,0.95758367,0.11025957,0.11025957,1.0,1.166002e-08,1.0575064e-07,-26.361856,2.1067262,0.7022421,0.18400002,0.0,0.12495674,9.720127,9.730127,3120000
hardzero_plus_depr__c0p50__z1p10__lam0p010__nu0p50__psi1p25,hardzero_plus_depr,0.02,36,975,0.0,2,0.15502556,0.15502557,1.0122057,0.09722865,0.09722865,1.0,1.0154269e-08,1.04437014e-07,-27.496107,2.226897,0.742299,0.12,0.0,0.14754725,9.730127,9.740128,3123200
hardzero_plus_depr__c0p50__z1p10__lam0p010__nu0p50__psi1p25,hardzero_plus_depr,0.02,36,976,0.0,2,0.15502557,0.15502559,0.9923006,0.101788655,0.101788655,1.0,1.049844e-08,1.0313959e-07,-27.044418,2.183105,0.72770166,0.18400002,0.0,0.14854473,9.740128,9.750128,3126400
hardzero_plus_depr__c0p50__z1p10__lam0p010__nu0p50__psi1p25,hardzero_plus_depr,0.02,36,977,0.0,2,0.15502559,0.1550256,0.9983048,0.1003911,0.1003911,1.0,1.0225667e-08,1.01858305e-07,-26.439827,2.1963143,0.7321048,0.16800001,0.0,0.14449684,9.750128,9.760128,3129600
hardzero_plus_depr__c0p50__z1p10__lam0p010__nu0p50__psi1p25,hardzero_plus_depr,0.02,36,978,0.0,2,0.1550256,0.15502562,1.0052847,0.09879053,0.09879053,1.0,9.9376365e-09,1.0059301e-07,-25.954155,2.2116704,0.7372235,0.136,0.0,0.14685157,9.760128,9.770128,3132800
hardzero_plus_depr__c0p50__z1p10__lam0p010__nu0p50__psi1p25,hardzero_plus_depr,0.02,36,979,0.0,2,0.15502562,0.15502563,0.997027,0.100686915,0.100686915,1.0,1.00025845e-08,9.934344e-08,-26.702738,2.1935031,0.73116773,0.128,0.0,0.12698893,9.770128,9.7801285,3136000
hardzero_plus_depr__c0p50__z1p10__lam0p010__nu0p50__psi1p25,hardzero_plus_depr,0.02,36,980,0.0,2,0.15502563,0.15502565,1.0344923,0.092365064,0.092365064,1.0,9.061872e-09,9.8109304e-08,-27.064583,2.2759285,0.75864285,0.120000005,0.0,0.14138202,9.7801285,9.790129,3139200
hardzero_plus_depr__c0p50__z1p10__lam0p010__nu0p50__psi1p25,hardzero_plus_depr,0.02,36,981,0.0,2,0.15502565,0.15502566,1.020198,0.09545573,0.09545573,1.0,9.248753e-09,9.6890496e-08,-27.802498,2.2444804,0.7481601,0.136,0.0,0.16721314,9.790129,9.800129,3142400
hardzero_plus_depr__c0p50__z1p10__lam0p010__nu0p50__psi1p25,hardzero_plus_depr,0.02,36,982,0.0,2,0.15502566,0.15502568,1.032245,0.09284424,0.09284424,1.0,8.88398e-09,9.568693e-08,-26.950394,2.2709844,0.75699484,0.16800001,0.0,0.1466567,9.800129,9.810129,3145600
hardzero_plus_depr__c0p50__z1p10__lam0p010__nu0p50__psi1p25,hardzero_plus_depr,0.02,36,983,0.0,2,0.15502568,0.15502569,1.0401685,0.0911657,0.0911657,1.0,8.615003e-09,9.44983e-08,-27.369831,2.2884164,0.76280546,0.15200001,0.0,0.1575562,9.810129,9.820129,3148800
hardzero_plus_depr__c0p50__z1p10__lam0p010__nu0p50__psi1p25,hardzero_plus_depr,0.02,36,984,0.0,2,0.15502569,0.1550257,1.0427202,0.09063163,0.09063163,1.0,8.458138e-09,9.332435e-08,-27.427925,2.2940302,0.76467675,0.16000001,0.0,0.16422606,9.820129,9.83013,3152000
hardzero_plus_depr__c0p50__z1p10__lam0p010__nu0p50__psi1p25,hardzero_plus_depr,0.02,36,985,0.0,2,0.1550257,0.15502572,0.96788055,0.107676126,0.107676126,1.0,9.923969e-09,9.216499e-08,-26.693377,2.1293797,0.70979327,0.2,0.0,0.14718579,9.83013,9.84013,3155200
hardzero_plus_depr__c0p50__z1p10__lam0p010__nu0p50__psi1p25,hardzero_plus_depr,0.02,36,986,0.0,2,0.15502572,0.15502574,0.9803172,0.104636416,0.104636416,1.0,9.524018e-09,9.1020105e-08,-26.678637,2.156741,0.7189137,0.18400002,0.0,0.12234014,9.84013,9.85013,3158400
hardzero_plus_depr__c0p50__z1p10__lam0p010__nu0p50__psi1p25,hardzero_plus_depr,0.02,36,987,0.0,2,0.15502574,0.15502575,1.0289253,0.09355665,0.09355665,1.0,8.4097564e-09,8.988946e-08,-27.59291,2.263681,0.75456035,0.16800001,0.0,0.16402014,9.85013,9.86013,3161600
hardzero_plus_depr__c0p50__z1p10__lam0p010__nu0p50__psi1p25,hardzero_plus_depr,0.02,36,988,0.0,2,0.15502575,0.15502577,1.0649538,0.08610853,0.08610853,1.0,7.6440925e-09,8.8772765e-08,-27.961472,2.342945,0.7809817,0.19,0.0,0.1644616,9.86013,9.870131,3164800
hardzero_plus_depr__c0p50__z1p10__lam0p010__nu0p50__psi1p25,hardzero_plus_depr,0.02,36,989,0.0,2,0.15502577,0.15502578,0.9860388,0.10326692,0.10326692,1.0,9.053407e-09,8.766996e-08,-27.142353,2.1693287,0.7231096,0.16800001,0.0,0.13592371,9.870131,9.880131,3168000
hardzero_plus_depr__c0p50__z1p10__lam0p010__nu0p50__psi1p25,hardzero_plus_depr,0.02,36,990,0.0,2,0.15502578,0.1550258,1.0209903,0.095281765,0.095281765,1.0,8.249582e-09,8.658091e-08,-27.268959,2.2462234,0.74874115,0.128,0.0,0.15796953,9.880131,9.890131,3171200
hardzero_plus_depr__c0p50__z1p10__lam0p010__nu0p50__psi1p25,hardzero_plus_depr,0.02,36,991,0.0,2,0.1550258,0.15502581,1.0138929,0.09685166,0.09685166,1.0,8.28134e-09,8.55054e-08,-26.75816,2.230609,0.74353635,0.224,0.0,0.14553718,9.890131,9.900131,3174400
hardzero_plus_depr__c0p50__z1p10__lam0p010__nu0p50__psi1p25,hardzero_plus_depr,0.02,36,992,0.0,2,0.15502581,0.15502582,1.0106038,0.09758794,0.09758794,1.0,8.240636e-09,8.444317e-08,-27.22429,2.2233727,0.7411243,0.16800001,0.0,0.16243254,9.900131,9.910131,3177600
hardzero_plus_depr__c0p50__z1p10__lam0p010__nu0p50__psi1p25,hardzero_plus_depr,0.02,36,993,0.0,2,0.15502582,0.15502584,0.9923491,0.1017773,0.1017773,1.0,8.48763e-09,8.339414e-08,-26.829699,2.1832116,0.7277372,0.15200001,0.008,0.12649961,9.910131,9.920132,3180800
hardzero_plus_depr__c0p50__z1p10__lam0p010__nu0p50__psi1p25,hardzero_plus_depr,0.02,36,994,0.0,2,0.15502584,0.15502585,0.9785951,0.105052136,0.105052136,1.0,8.651907e-09,8.235822e-08,-26.28212,2.1529522,0.7176508,0.16800001,0.008,0.1520303,9.920132,9.930132,3184000
hardzero_plus_depr__c0p50__z1p10__lam0p010__nu0p50__psi1p25,hardzero_plus_depr,0.02,36,995,0.0,2,0.15502585,0.15502587,1.0172902,0.09609698,0.09609698,1.0,7.816063e-09,8.1335166e-08,-27.311008,2.2380831,0.7460277,0.120000005,0.0,0.14327972,9.930132,9.940132,3187200
hardzero_plus_depr__c0p50__z1p10__lam0p010__nu0p50__psi1p25,hardzero_plus_depr,0.02,36,996,0.0,2,0.15502587,0.15502588,0.99763155,0.100546844,0.100546844,1.0,8.076398e-09,8.032473e-08,-26.262815,2.1948333,0.73161113,0.16800001,0.0,0.15884733,9.940132,9.950132,3190400
hardzero_plus_depr__c0p50__z1p10__lam0p010__nu0p50__psi1p25,hardzero_plus_depr,0.02,36,997,0.0,2,0.15502588,0.15502588,1.0366913,0.09189856,0.09189856,1.0,7.290024e-09,7.932686e-08,-27.189556,2.2807665,0.7602555,0.16000001,0.0,0.1374517,9.950132,9.960133,3193600
hardzero_plus_depr__c0p50__z1p10__lam0p010__nu0p50__psi1p25,hardzero_plus_depr,0.02,36,998,0.0,2,0.15502588,0.15502588,1.0827682,0.08264789,0.08264789,1.0,6.4747567e-09,7.8341465e-08,-28.508095,2.3821375,0.79404587,0.17600001,0.0,0.21518598,9.960133,9.970133,3196800
hardzero_plus_depr__c0p50__z1p10__lam0p010__nu0p50__psi1p25,hardzero_plus_depr,0.02,36,999,0.0,2,0.15502588,0.1550259,0.95178765,0.11174094,0.11174094,1.0,8.645207e-09,7.7368306e-08,-26.42622,2.0939746,0.69799155,0.2,0.0,0.14030951,9.970133,9.980133,3200000
hardzero_plus_depr__c0p50__z1p10__lam0p010__nu0p50__psi1p25,hardzero_plus_depr,0.02,36,1000,0.0,2,0.1550259,0.15502591,0.97891814,0.104974024,0.104974024,1.0,8.020768e-09,7.640717e-08,-27.031113,2.153663,0.71788764,0.18400002,0.0,0.14686051,9.980133,9.990133,3203200
hardzero_plus_depr__c0p50__z1p10__lam0p010__nu0p50__psi1p25,hardzero_plus_depr,0.02,36,1001,0.0,2,0.15502591,0.15502591,1.0497743,0.089171425,0.089171425,1.0,6.728694e-09,7.545796e-08,-27.624311,2.3095496,0.7698499,0.13,0.0,0.13265036,9.990133,10.0001335,3206400
hardzero_plus_depr__c0p50__z1p10__lam0p010__nu0p50__psi1p25,hardzero_plus_depr,0.02,36,1002,0.0,2,0.15502591,0.15502591,1.0212694,0.09522051,0.09522051,1.0,7.095892e-09,7.452062e-08,-27.234875,2.2468376,0.7489459,0.136,0.0,0.15123248,10.0001335,10.010134,3209600
hardzero_plus_depr__c0p50__z1p10__lam0p010__nu0p50__psi1p25,hardzero_plus_depr,0.02,36,1003,0.0,2,0.15502591,0.15502593,0.98717636,0.10299677,0.10299677,1.0,7.58004e-09,7.3594926e-08,-26.583374,2.1718314,0.7239438,0.14400001,0.0,0.13484645,10.010134,10.020134,3212800
hardzero_plus_depr__c0p50__z1p10__lam0p010__nu0p50__psi1p25,hardzero_plus_depr,0.02,36,1004,0.0,2,0.15502593,0.15502593,1.0325675,0.092775315,0.092775315,1.0,6.7429706e-09,7.2680656e-08,-27.215658,2.271694,0.75723135,0.128,0.0,0.13213305,10.020134,10.030134,3216000
hardzero_plus_depr__c0p50__z1p10__lam0p010__nu0p50__psi1p25,hardzero_plus_depr,0.02,36,1005,0.0,2,0.15502593,0.15502593,1.020622,0.09536258,0.09536258,1.0,6.844912e-09,7.1777755e-08,-27.416006,2.2454133,0.74847114,0.16800001,0.0,0.15613468,10.030134,10.040134,3219200
hardzero_plus_depr__c0p50__z1p10__lam0p010__nu0p50__psi1p25,hardzero_plus_depr,0.02,36,1006,0.0,2,0.15502593,0.15502593,1.0270998,0.09395073,0.09395073,1.0,6.6598034e-09,7.0886124e-08,-27.97756,2.2596648,0.75322163,0.208,0.0,0.19666769,10.040134,10.050135,3222400
hardzero_plus_depr__c0p50__z1p10__lam0p010__nu0p50__psi1p25,hardzero_plus_depr,0.02,36,1007,0.0,2,0.15502593,0.15502593,1.0788064,0.083405286,0.083405286,1.0,5.838835e-09,7.0005576e-08,-28.18982,2.3734214,0.7911405,0.120000005,0.0,0.17229998,10.050135,10.060135,3225600
hardzero_plus_depr__c0p50__z1p10__lam0p010__nu0p50__psi1p25,hardzero_plus_depr,0.02,36,1008,0.0,2,0.15502593,0.15502594,0.9541927,0.11112385,0.11112385,1.0,7.682647e-09,6.91359e-08,-26.237099,2.0992658,0.6997553,0.2,0.0,0.116973095,10.060135,10.070135,3228800
hardzero_plus_depr__c0p50__z1p10__lam0p010__nu0p50__psi1p25,hardzero_plus_depr,0.02,36,1009,0.0,2,0.15502594,0.15502594,0.98751634,0.10291618,0.10291618,1.0,7.0268116e-09,6.827703e-08,-26.610575,2.1725793,0.7241931,0.192,0.0,0.14166242,10.070135,10.080135,3232000
hardzero_plus_depr__c0p50__z1p10__lam0p010__nu0p50__psi1p25,hardzero_plus_depr,0.02,36,1010,0.0,2,0.15502594,0.15502594,1.0167888,0.096208,0.096208,1.0,6.487199e-09,6.742889e-08,-26.831167,2.2369802,0.74566007,0.16000001,0.0,0.1629316,10.080135,10.090136,3235200
hardzero_plus_depr__c0p50__z1p10__lam0p010__nu0p50__psi1p25,hardzero_plus_depr,0.02,36,1011,0.0,2,0.15502594,0.15502594,0.9654375,0.10828356,0.10828356,1.0,7.210742e-09,6.659129e-08,-26.151676,2.1240048,0.7080016,0.18400002,0.0,0.14437759,10.090136,10.100136,3238400
hardzero_plus_depr__c0p50__z1p10__lam0p010__nu0p50__psi1p25,hardzero_plus_depr,0.02,36,1012,0.0,2,0.15502594,0.15502594,1.0492314,0.08928297,0.08928297,1.0,5.8716076e-09,6.576403e-08,-27.426283,2.308355,0.76945174,0.128,0.0,0.13796067,10.100136,10.110136,3241600
hardzero_plus_depr__c0p50__z1p10__lam0p010__nu0p50__psi1p25,hardzero_plus_depr,0.02,36,1013,0.0,2,0.15502594,0.15502594,1.0676525,0.08557512,0.08557512,1.0,5.557851e-09,6.4947045e-08,-27.694221,2.3488824,0.78296083,0.16800001,0.0,0.1591285,10.110136,10.120136,3244800
hardzero_plus_depr__c0p50__z1p10__lam0p010__nu0p50__psi1p25,hardzero_plus_depr,0.02,36,1014,0.0,2,0.15502594,0.15502594,1.0067941,0.09844776,0.09844776,1.0,6.3144663e-09,6.414027e-08,-27.318022,2.2149913,0.7383305,0.19999999,0.0,0.1323204,10.120136,10.1301365,3248000
hardzero_plus_depr__c0p50__z1p10__lam0p010__nu0p50__psi1p25,hardzero_plus_depr,0.02,36,1015,0.0,2,0.15502594,0.15502594,0.9572875,0.11033478,0.11033478,1.0,6.988994e-09,6.334353e-08,-26.067572,2.1060746,0.7020249,0.112,0.0,0.11655372,10.1301365,10.140137,3251200
hardzero_plus_depr__c0p50__z1p10__lam0p010__nu0p50__psi1p25,hardzero_plus_depr,0.02,36,1016,0.0,2,0.15502594,0.15502594,1.0194073,0.09562969,0.09562969,1.0,5.9822693e-09,6.255661e-08,-27.293627,2.2427409,0.7475803,0.16000001,0.0,0.1645671,10.140137,10.150137,3254400
hardzero_plus_depr__c0p50__z1p10__lam0p010__nu0p50__psi1p25,hardzero_plus_depr,0.02,36,1017,0.0,2,0.15502594,0.15502594,1.0282263,0.09370737,0.09370737,1.0,5.789192e-09,6.1779474e-08,-27.07185,2.262143,0.75404763,0.16800001,0.0,0.1505917,10.150137,10.160137,3257600
hardzero_plus_depr__c0p50__z1p10__lam0p010__nu0p50__psi1p25,hardzero_plus_depr,0.02,36,1018,0.0,2,0.15502594,0.15502594,1.0827872,0.082644284,0.082644284,1.0,5.042297e-09,6.1012045e-08,-28.346888,2.3821793,0.79405975,0.136,0.0,0.16926026,10.160137,10.170137,3260800
hardzero_plus_depr__c0p50__z1p10__lam0p010__nu0p50__psi1p25,hardzero_plus_depr,0.02,36,1019,0.0,2,0.15502594,0.15502594,0.99658006,0.100790575,0.100790575,1.0,6.0730505e-09,6.025415e-08,-26.850193,2.19252,0.73083997,0.08800001,0.0,0.14315663,10.170137,10.180138,3264000
hardzero_plus_depr__c0p50__z1p10__lam0p010__nu0p50__psi1p25,hardzero_plus_depr,0.02,36,1020,0.0,2,0.15502594,0.15502594,1.0228107,0.09488319,0.09488319,1.0,5.6460827e-09,5.9505616e-08,-27.77195,2.2502284,0.7500762,0.14400001,0.0,0.15573092,10.180138,10.190138,3267200
hardzero_plus_depr__c0p50__z1p10__lam0p010__nu0p50__psi1p25,hardzero_plus_depr,0.02,36,1021,0.0,2,0.15502594,0.15502594,1.047905,0.08955606,0.08955606,1.0,5.262886e-09,5.8766386e-08,-27.476759,2.3054368,0.768479,0.136,0.0,0.16036454,10.190138,10.200138,3270400
hardzero_plus_depr__c0p50__z1p10__lam0p010__nu0p50__psi1p25,hardzero_plus_depr,0.02,36,1022,0.0,2,0.15502594,0.15502594,1.0650948,0.08608057,0.08608057,1.0,4.9958055e-09,5.8036388e-08,-28.18813,2.3432553,0.78108513,0.192,0.0,0.16992287,10.200138,10.210138,3273600
hardzero_plus_depr__c0p50__z1p10__lam0p010__nu0p50__psi1p25,hardzero_plus_depr,0.02,36,1023,0.0,2,0.15502594,0.15502594,0.9919596,0.10186861,0.10186861,1.0,5.838646e-09,5.7315457e-08,-26.74516,2.1823547,0.72745156,0.14400001,0.0,0.14139193,10.210138,10.220139,3276800
hardzero_plus_depr__c0p50__z1p10__lam0p010__nu0p50__psi1p25,hardzero_plus_depr,0.02,36,1024,0.0,2,0.15502594,0.15502594,1.0508802,0.088944644,0.088944644,1.0,5.034572e-09,5.660343e-08,-28.34578,2.3119826,0.7706609,0.16800001,0.0,0.18490674,10.220139,10.230139,3280000
hardzero_plus_depr__c0p50__z1p10__lam0p010__nu0p50__psi1p25,hardzero_plus_depr,0.02,36,1025,0.0,2,0.15502594,0.15502594,1.032835,0.0927182,0.0927182,1.0,5.182971e-09,5.5900255e-08,-27.431255,2.2722824,0.75742745,0.14400001,0.0,0.13123704,10.230139,10.240139,3283200
hardzero_plus_depr__c0p50__z1p10__lam0p010__nu0p50__psi1p25,hardzero_plus_depr,0.02,36,1026,0.0,2,0.15502594,0.15502594,1.0525728,0.08859865,0.08859865,1.0,4.8911644e-09,5.5205856e-08,-26.779877,2.3157065,0.7719022,0.216,0.0,0.15205963,10.240139,10.250139,3286400
hardzero_plus_depr__c0p50__z1p10__lam0p010__nu0p50__psi1p25,hardzero_plus_depr,0.02,36,1027,0.0,2,0.15502594,0.15502594,1.056937,0.0877128,0.0877128,1.0,4.78211e-09,5.452009e-08,-28.506771,2.3253078,0.7751026,0.19999999,0.0,0.16106728,10.250139,10.260139,3289600
hardzero_plus_depr__c0p50__z1p10__lam0p010__nu0p50__psi1p25,hardzero_plus_depr,0.02,36,1028,0.0,2,0.15502594,0.15502594,1.0092496,0.097892724,0.097892724,1.0,5.270817e-09,5.3842786e-08,-26.799664,2.2203934,0.74013114,0.136,0.0,0.15198195,10.260139,10.27014,3292800
hardzero_plus_depr__c0p50__z1p10__lam0p010__nu0p50__psi1p25,hardzero_plus_depr,0.02,36,1029,0.0,2,0.15502594,0.15502594,0.9792636,0.10489056,0.10489056,1.0,5.5774407e-09,5.3173903e-08,-25.669552,2.154423,0.718141,0.24000001,0.0,0.13998121,10.27014,10.28014,3296000
hardzero_plus_depr__c0p50__z1p10__lam0p010__nu0p50__psi1p25,hardzero_plus_depr,0.02,36,1030,0.0,2,0.15502594,0.15502594,1.0459113,0.08996812,0.08996812,1.0,4.7245297e-09,5.251337e-08,-27.237375,2.301051,0.767017,0.216,0.0,0.13693067,10.28014,10.29014,3299200
hardzero_plus_depr__c0p50__z1p10__lam0p010__nu0p50__psi1p25,hardzero_plus_depr,0.02,36,1031,0.0,2,0.15502594,0.15502594,1.0136138,0.09691391,0.09691391,1.0,5.0260573e-09,5.186105e-08,-27.206543,2.229995,0.7433317,0.128,0.0,0.16310753,10.29014,10.30014,3302400
hardzero_plus_depr__c0p50__z1p10__lam0p010__nu0p50__psi1p25,hardzero_plus_depr,0.02,36,1032,0.0,2,0.15502594,0.15502594,1.0668557,0.08573226,0.08573226,1.0,4.3909307e-09,5.1216787e-08,-28.263931,2.3471293,0.78237647,0.08800001,0.0,0.18311906,10.30014,10.310141,3305600
hardzero_plus_depr__c0p50__z1p10__lam0p010__nu0p50__psi1p25,hardzero_plus_depr,0.02,36,1033,0.0,2,0.15502594,0.15502594,0.9970349,0.10068507,0.10068507,1.0,5.0927036e-09,5.0580525e-08,-26.807444,2.1935205,0.7311735,0.216,0.0,0.16542208,10.310141,10.320141,3308800
hardzero_plus_depr__c0p50__z1p10__lam0p010__nu0p50__psi1p25,hardzero_plus_depr,0.02,36,1034,0.0,2,0.15502594,0.15502594,1.0222306,0.09501,0.09501,1.0,4.745959e-09,4.995221e-08,-28.119486,2.2489524,0.74965084,0.17600001,0.0,0.18132584,10.320141,10.330141,3312000
hardzero_plus_depr__c0p50__z1p10__lam0p010__nu0p50__psi1p25,hardzero_plus_depr,0.02,36,1035,0.0,2,0.15502594,0.15502594,1.0255362,0.0942896,0.0942896,1.0,4.6514668e-09,4.9331707e-08,-26.829313,2.2562246,0.7520749,0.18400002,0.0,0.1511033,10.330141,10.340141,3315200
hardzero_plus_depr__c0p50__z1p10__lam0p010__nu0p50__psi1p25,hardzero_plus_depr,0.02,36,1036,0.0,2,0.15502594,0.15502594,1.0823033,0.08273642,0.08273642,1.0,4.0308237e-09,4.8718857e-08,-28.56993,2.3811147,0.7937049,0.14400001,0.0,0.17779331,10.340141,10.350142,3318400
hardzero_plus_depr__c0p50__z1p10__lam0p010__nu0p50__psi1p25,hardzero_plus_depr,0.02,36,1037,0.0,2,0.15502594,0.15502594,1.069268,0.08525739,0.08525739,1.0,4.1020423e-09,4.8113627e-08,-28.907204,2.3524365,0.78414553,0.16000001,0.0,0.17636316,10.350142,10.360142,3321600
hardzero_plus_depr__c0p50__z1p10__lam0p010__nu0p50__psi1p25,hardzero_plus_depr,0.02,36,1038,0.0,2,0.15502594,0.15502594,0.9946865,0.101231,0.101231,1.0,4.810088e-09,4.7515957e-08,-26.539522,2.188354,0.72945136,0.18400002,0.0,0.14720131,10.360142,10.370142,3324800
hardzero_plus_depr__c0p50__z1p10__lam0p010__nu0p50__psi1p25,hardzero_plus_depr,0.02,36,1039,0.0,2,0.15502594,0.15502594,1.0123601,0.09719409,0.09719409,1.0,4.560902e-09,4.6925713e-08,-26.762999,2.2272367,0.74241227,0.224,0.0,0.15244688,10.370142,10.380142,3328000
hardzero_plus_depr__c0p50__z1p10__lam0p010__nu0p50__psi1p25,hardzero_plus_depr,0.02,36,1040,0.0,2,0.15502594,0.15502594,1.0297892,0.09337074,0.09337074,1.0,4.3270574e-09,4.6342755e-08,-26.778402,2.2655814,0.7551938,0.19,0.0,0.13712008,10.380142,10.390142,3331200
hardzero_plus_depr__c0p50__z1p10__lam0p010__nu0p50__psi1p25,hardzero_plus_depr,0.02,36,1041,0.0,2,0.15502594,0.15502594,1.0332345,0.09263295,0.09263295,1.0,4.2395363e-09,4.5767045e-08,-27.219704,2.2731612,0.7577204,0.14400001,0.0,0.15643878,10.390142,10.400143,3334400
hardzero_plus_depr__c0p50__z1p10__lam0p010__nu0p50__psi1p25,hardzero_plus_depr,0.02,36,1042,0.0,2,0.15502594,0.15502594,0.9773882,0.10534448,0.10534448,1.0,4.7614153e-09,4.5198526e-08,-26.680212,2.150297,0.71676564,0.192,0.0,0.14510463,10.400143,10.410143,3337600
hardzero_plus_depr__c0p50__z1p10__lam0p010__nu0p50__psi1p25,hardzero_plus_depr,0.02,36,1043,0.0,2,0.15502594,0.15502594,1.0590991,0.08727721,0.08727721,1.0,3.895799e-09,4.4637066e-08,-27.676126,2.3300645,0.7766882,0.120000005,0.0,0.13729697,10.410143,10.420143,3340800
hardzero_plus_depr__c0p50__z1p10__lam0p010__nu0p50__psi1p25,hardzero_plus_depr,0.02,36,1044,0.0,2,0.15502594,0.15502594,1.000951,0.099781245,0.099781245,1.0,4.3986113e-09,4.4082544e-08,-27.300222,2.2021363,0.73404545,0.16800001,0.0,0.1426096,10.420143,10.430143,3344000
hardzero_plus_depr__c0p50__z1p10__lam0p010__nu0p50__psi1p25,hardzero_plus_depr,0.02,36,1045,0.0,2,0.15502594,0.15502594,1.0021379,0.09950894,0.09950894,1.0,4.332113e-09,4.353491e-08,-26.547894,2.2047474,0.73491585,0.208,0.0,0.15233567,10.430143,10.440144,3347200
hardzero_plus_depr__c0p50__z1p10__lam0p010__nu0p50__psi1p25,hardzero_plus_depr,0.02,36,1046,0.0,2,0.15502594,0.15502594,1.0099168,0.09774243,0.09774243,1.0,4.20235e-09,4.299412e-08,-27.186642,2.2218614,0.7406205,0.16800001,0.0,0.14734787,10.440144,10.450144,3350400
hardzero_plus_depr__c0p50__z1p10__lam0p010__nu0p50__psi1p25,hardzero_plus_depr,0.02,36,1047,0.0,2,0.15502594,0.15502594,1.0644581,0.08620687,0.08620687,1.0,3.6603474e-09,4.2460044e-08,-27.600876,2.3418546,0.7806182,0.120000005,0.0,0.16516182,10.450144,10.460144,3353600
hardzero_plus_depr__c0p50__z1p10__lam0p010__nu0p50__psi1p25,hardzero_plus_depr,0.02,36,1048,0.0,2,0.15502594,0.15502594,0.959346,0.109813064,0.109813064,1.0,4.6047437e-09,4.1932566e-08,-25.462547,2.1106033,0.7035345,0.192,0.0,0.13680041,10.460144,10.470144,3356800
hardzero_plus_depr__c0p50__z1p10__lam0p010__nu0p50__psi1p25,hardzero_plus_depr,0.02,36,1049,0.0,2,0.15502594,0.15502594,0.9641917,0.10859463,0.10859463,1.0,4.497082e-09,4.141164e-08,-26.63911,2.121264,0.707088,0.16000001,0.0,0.14367495,10.470144,10.4801445,3360000
hardzero_plus_depr__c0p50__z1p10__lam0p010__nu0p50__psi1p25,hardzero_plus_depr,0.02,36,1050,0.0,2,0.15502594,0.15502594,0.9910379,0.10208505,0.10208505,1.0,4.174995e-09,4.0897223e-08,-27.006067,2.180327,0.72677565,0.2,0.0,0.14481673,10.4801445,10.490145,3363200
hardzero_plus_depr__c0p50__z1p10__lam0p010__nu0p50__psi1p25,hardzero_plus_depr,0.02,36,1051,0.0,2,0.15502594,0.15502594,0.99726194,0.10063244,0.10063244,1.0,4.0644634e-09,4.03892e-08,-26.691872,2.19402,0.73134005,0.216,0.0,0.12566182,10.490145,10.500145,3366400
hardzero_plus_depr__c0p50__z1p10__lam0p010__nu0p50__psi1p25,hardzero_plus_depr,0.02,36,1052,0.0,2,0.15502594,0.15502594,1.0098821,0.09775025,0.09775025,1.0,3.899008e-09,3.9887446e-08,-26.537825,2.221785,0.74059504,0.14400001,0.0,0.15318227,10.500145,10.510145,3369600
hardzero_plus_depr__c0p50__z1p10__lam0p010__nu0p50__psi1p25,hardzero_plus_depr,0.02,36,1053,0.0,2,0.15502594,0.15502594,1.0608591,0.08692425,0.08692425,1.0,3.4241134e-09,3.9391924e-08,-28.006157,2.3339367,0.7779789,0.14,0.0,0.17140421,10.510145,10.520145,3372800
hardzero_plus_depr__c0p50__z1p10__lam0p010__nu0p50__psi1p25,hardzero_plus_depr,0.02,36,1054,0.0,2,0.15502594,0.15502594,1.039486,0.09130908,0.09130908,1.0,3.5521603e-09,3.89026e-08,-27.492266,2.286915,0.762305,0.120000005,0.008,0.153849,10.520145,10.530146,3376000
hardzero_plus_depr__c0p50__z1p10__lam0p010__nu0p50__psi1p25,hardzero_plus_depr,0.02,36,1055,0.0,2,0.15502594,0.15502594,1.0271164,0.09394715,0.09394715,1.0,3.6093886e-09,3.841935e-08,-26.671173,2.2597013,0.7532338,0.15200001,0.0,0.16661079,10.530146,10.540146,3379200
hardzero_plus_depr__c0p50__z1p10__lam0p010__nu0p50__psi1p25,hardzero_plus_depr,0.02,36,1056,0.0,2,0.15502594,0.15502594,1.0448102,0.09019653,0.09019653,1.0,3.4222425e-09,3.7942065e-08,-27.669807,2.2986283,0.7662095,0.15200001,0.0,0.15875028,10.540146,10.550146,3382400
hardzero_plus_depr__c0p50__z1p10__lam0p010__nu0p50__psi1p25,hardzero_plus_depr,0.02,36,1057,0.0,2,0.15502594,0.15502594,0.9973201,0.10061897,0.10061897,1.0,3.770265e-09,3.7470716e-08,-26.716639,2.194148,0.7313827,0.18400002,0.0,0.15275607,10.550146,10.560146,3385600
hardzero_plus_depr__c0p50__z1p10__lam0p010__nu0p50__psi1p25,hardzero_plus_depr,0.02,36,1058,0.0,2,0.15502594,0.15502594,0.96667,0.107976705,0.107976705,1.0,3.995705e-09,3.700525e-08,-25.985647,2.1267164,0.70890546,0.192,0.0,0.13608511,10.560146,10.570147,3388800
hardzero_plus_depr__c0p50__z1p10__lam0p010__nu0p50__psi1p25,hardzero_plus_depr,0.02,36,1059,0.0,2,0.15502594,0.15502594,0.9909685,0.10210135,0.10210135,1.0,3.7313526e-09,3.6545575e-08,-26.33901,2.1801744,0.7267248,0.23200001,0.0,0.13284153,10.570147,10.580147,3392000
hardzero_plus_depr__c0p50__z1p10__lam0p010__nu0p50__psi1p25,hardzero_plus_depr,0.02,36,1060,0.0,2,0.15502594,0.15502594,1.0361882,0.09200506,0.09200506,1.0,3.3206067e-09,3.6091567e-08,-27.526173,2.2796597,0.7598866,0.096,0.0,0.12282519,10.580147,10.590147,3395200
hardzero_plus_depr__c0p50__z1p10__lam0p010__nu0p50__psi1p25,hardzero_plus_depr,0.02,36,1061,0.0,2,0.15502594,0.15502594,1.0294027,0.09345386,0.09345386,1.0,3.3309955e-09,3.5643207e-08,-27.364876,2.2647312,0.7549104,0.104,0.0,0.15654697,10.590147,10.600147,3398400
hardzero_plus_depr__c0p50__z1p10__lam0p010__nu0p50__psi1p25,hardzero_plus_depr,0.02,36,1062,0.0,2,0.15502594,0.15502594,1.0594767,0.08720136,0.08720136,1.0,3.0695266e-09,3.5200447e-08,-27.50628,2.3308954,0.77696514,0.128,0.0,0.15648234,10.600147,10.610147,3401600
hardzero_plus_depr__c0p50__z1p10__lam0p010__nu0p50__psi1p25,hardzero_plus_depr,0.02,36,1063,0.0,2,0.15502594,0.15502594,1.0469038,0.089762755,0.089762755,1.0,3.1204392e-09,3.4763186e-08,-27.38063,2.3032346,0.7677449,0.15200001,0.0,0.1425573,10.610147,10.620148,3404800
hardzero_plus_depr__c0p50__z1p10__lam0p010__nu0p50__psi1p25,hardzero_plus_depr,0.02,36,1064,0.0,2,0.15502594,0.15502594,1.0447415,0.09021079,0.09021079,1.0,3.0970555e-09,3.4331322e-08,-27.406603,2.2984772,0.76615906,0.14400001,0.0,0.14493006,10.620148,10.630148,3408000
hardzero_plus_depr__c0p50__z1p10__lam0p010__nu0p50__psi1p25,hardzero_plus_depr,0.02,36,1065,0.0,2,0.15502594,0.15502594,0.9733586,0.106326476,0.106326476,1.0,3.604981e-09,3.390483e-08,-26.058916,2.1414316,0.71381056,0.128,0.0,0.12699479,10.630148,10.640148,3411200
hardzero_plus_depr__c0p50__z1p10__lam0p010__nu0p50__psi1p25,hardzero_plus_depr,0.02,36,1066,0.0,2,0.15502594,0.15502594,1.0111381,0.09746796,0.09746796,1.0,3.2635843e-09,3.3483662e-08,-27.429483,2.224548,0.74151605,0.22,0.0,0.14723414,10.640148,10.650148,3414400
hardzero_plus_depr__c0p50__z1p10__lam0p010__nu0p50__psi1p25,hardzero_plus_depr,0.02,36,1067,0.0,2,0.15502594,0.15502594,1.0761235,0.08392213,0.08392213,1.0,2.7751144e-09,3.3067728e-08,-28.098244,2.367519,0.789173,0.15200001,0.0,0.16757095,10.650148,10.660149,3417600
hardzero_plus_depr__c0p50__z1p10__lam0p010__nu0p50__psi1p25,hardzero_plus_depr,0.02,36,1068,0.0,2,0.15502594,0.15502594,1.0160315,0.096375905,0.096375905,1.0,3.147341e-09,3.2656928e-08,-26.923086,2.235314,0.7451047,0.18400002,0.0,0.12861326,10.660149,10.670149,3420800
hardzero_plus_depr__c0p50__z1p10__lam0p010__nu0p50__psi1p25,hardzero_plus_depr,0.02,36,1069,0.0,2,0.15502594,0.15502594,0.99871063,0.100297324,0.100297324,1.0,3.2347123e-09,3.2251233e-08,-27.383295,2.1972072,0.73240244,0.18400002,0.0,0.13981463,10.670149,10.680149,3424000
hardzero_plus_depr__c0p50__z1p10__lam0p010__nu0p50__psi1p25,hardzero_plus_depr,0.02,36,1070,0.0,2,0.15502594,0.15502594,0.9909131,0.10211438,0.10211438,1.0,3.252405e-09,3.1850607e-08,-26.637533,2.1800523,0.7266841,0.208,0.008,0.13147748,10.680149,10.690149,3427200
hardzero_plus_depr__c0p50__z1p10__lam0p010__nu0p50__psi1p25,hardzero_plus_depr,0.02,36,1071,0.0,2,0.15502594,0.15502594,1.0271558,0.09393864,0.09393864,1.0,2.9548362e-09,3.145496e-08,-27.16435,2.2597878,0.75326264,0.17600001,0.0,0.15477036,10.690149,10.70015,3430400
hardzero_plus_depr__c0p50__z1p10__lam0p010__nu0p50__psi1p25,hardzero_plus_depr,0.02,36,1072,0.0,2,0.15502594,0.15502594,1.0322092,0.0928519,0.0928519,1.0,2.8843696e-09,3.1064197e-08,-27.588491,2.2709055,0.7569685,0.14400001,0.0,0.15561084,10.70015,10.71015,3433600
hardzero_plus_depr__c0p50__z1p10__lam0p010__nu0p50__psi1p25,hardzero_plus_depr,0.02,36,1073,0.0,2,0.15502594,0.15502594,0.9961378,0.10089327,0.10089327,1.0,3.0952325e-09,3.0678287e-08,-26.436293,2.191547,0.73051566,0.17600001,0.0,0.13595372,10.71015,10.72015,3436800
hardzero_plus_depr__c0p50__z1p10__lam0p010__nu0p50__psi1p25,hardzero_plus_depr,0.02,36,1074,0.0,2,0.15502594,0.15502594,1.0225403,0.09494227,0.09494227,1.0,2.876485e-09,3.02972e-08,-26.965534,2.2496336,0.74987787,0.136,0.0,0.15756075,10.72015,10.73015,3440000
hardzero_plus_depr__c0p50__z1p10__lam0p010__nu0p50__psi1p25,hardzero_plus_depr,0.02,36,1075,0.0,2,0.15502594,0.15502594,1.0533999,0.088430084,0.088430084,1.0,2.645903e-09,2.9920848e-08,-27.76101,2.317526,0.77250874,0.15200001,0.0,0.1690465,10.73015,10.74015,3443200
hardzero_plus_depr__c0p50__z1p10__lam0p010__nu0p50__psi1p25,hardzero_plus_depr,0.02,36,1076,0.0,2,0.15502594,0.15502594,1.0520991,0.08869535,0.08869535,1.0,2.6208715e-09,2.9549144e-08,-27.197838,2.3146644,0.7715548,0.128,0.0,0.1499691,10.74015,10.750151,3446400
hardzero_plus_depr__c0p50__z1p10__lam0p010__nu0p50__psi1p25,hardzero_plus_depr,0.02,36,1077,0.0,2,0.15502594,0.15502594,1.0377012,0.091685094,0.091685094,1.0,2.6755598e-09,2.9182058e-08,-28.221155,2.2829883,0.7609961,0.14400001,0.0,0.15926135,10.750151,10.760151,3449600
hardzero_plus_depr__c0p50__z1p10__lam0p010__nu0p50__psi1p25,hardzero_plus_depr,0.02,36,1078,0.0,2,0.15502594,0.15502594,0.995931,0.100941315,0.100941315,1.0,2.9090839e-09,2.8819557e-08,-26.667625,2.191092,0.730364,0.128,0.0,0.15258496,10.760151,10.770151,3452800
hardzero_plus_depr__c0p50__z1p10__lam0p010__nu0p50__psi1p25,hardzero_plus_depr,0.02,36,1079,0.0,2,0.15502594,0.15502594,1.0274216,0.09388114,0.09388114,1.0,2.6720035e-09,2.8461558e-08,-28.223598,2.2603726,0.75345755,0.12,0.0,0.15818784,10.770151,10.780151,3456000
hardzero_plus_depr__c0p50__z1p10__lam0p010__nu0p50__psi1p25,hardzero_plus_depr,0.02,36,1080,0.0,2,0.15502594,0.15502594,0.952237,0.111625396,0.111625396,1.0,3.1375649e-09,2.8107983e-08,-25.89986,2.0949633,0.6983211,0.16800001,0.0,0.13657178,10.780151,10.790152,3459200
hardzero_plus_depr__c0p50__z1p10__lam0p010__nu0p50__psi1p25,hardzero_plus_depr,0.02,36,1081,0.0,2,0.15502594,0.15502594,1.0102265,0.09767276,0.09767276,1.0,2.7112783e-09,2.7758798e-08,-27.469948,2.2225428,0.7408476,0.136,0.0,0.16065928,10.790152,10.800152,3462400
hardzero_plus_depr__c0p50__z1p10__lam0p010__nu0p50__psi1p25,hardzero_plus_depr,0.02,36,1082,0.0,2,0.15502594,0.15502594,1.0711014,0.08489822,0.08489822,1.0,2.327398e-09,2.741398e-08,-27.96963,2.35647,0.78549004,0.120000005,0.0,0.16884206,10.800152,10.810152,3465600
hardzero_plus_depr__c0p50__z1p10__lam0p010__nu0p50__psi1p25,hardzero_plus_depr,0.02,36,1083,0.0,2,0.15502594,0.15502594,1.0561538,0.08787113,0.08787113,1.0,2.378974e-09,2.7073442e-08,-27.956774,2.3235848,0.77452826,0.18400002,0.0,0.17979161,10.810152,10.820152,3468800
hardzero_plus_depr__c0p50__z1p10__lam0p010__nu0p50__psi1p25,hardzero_plus_depr,0.02,36,1084,0.0,2,0.15502594,0.15502594,1.0419618,0.09079004,0.09079004,1.0,2.4274631e-09,2.6737109e-08,-27.188976,2.2923617,0.7641206,0.096,0.0,0.14350793,10.820152,10.8301525,3472000
hardzero_plus_depr__c0p50__z1p10__lam0p010__nu0p50__psi1p25,hardzero_plus_depr,0.02,36,1085,0.0,2,0.15502594,0.15502594,1.047009,0.08974102,0.08974102,1.0,2.3696076e-09,2.6404955e-08,-27.935648,2.3034658,0.76782197,0.096,0.0,0.17666349,10.8301525,10.840153,3475200
hardzero_plus_depr__c0p50__z1p10__lam0p010__nu0p50__psi1p25,hardzero_plus_depr,0.02,36,1086,0.0,2,0.15502594,0.15502594,1.0618923,0.08671768,0.08671768,1.0,2.261333e-09,2.6076952e-08,-28.79554,2.3362095,0.77873653,0.136,0.0,0.15839636,10.840153,10.850153,3478400
hardzero_plus_depr__c0p50__z1p10__lam0p010__nu0p50__psi1p25,hardzero_plus_depr,0.02,36,1087,0.0,2,0.15502594,0.15502594,0.9987997,0.10027675,0.10027675,1.0,2.5824298e-09,2.5753026e-08,-26.824442,2.1974032,0.7324678,0.112,0.0,0.12681013,10.850153,10.860153,3481600
hardzero_plus_depr__c0p50__z1p10__lam0p010__nu0p50__psi1p25,hardzero_plus_depr,0.02,36,1088,0.0,2,0.15502594,0.15502594,0.9941493,0.101356275,0.101356275,1.0,2.5778037e-09,2.5433096e-08,-26.95171,2.1871722,0.72905743,0.16000001,0.0,0.15327248,10.860153,10.870153,3484800
hardzero_plus_depr__c0p50__z1p10__lam0p010__nu0p50__psi1p25,hardzero_plus_depr,0.02,36,1089,0.0,2,0.15502594,0.15502594,1.0251566,0.09437205,0.09437205,1.0,2.3703561e-09,2.5117142e-08,-26.82877,2.2553897,0.7517966,0.128,0.0,0.13246597,10.870153,10.880154,3488000
hardzero_plus_depr__c0p50__z1p10__lam0p010__nu0p50__psi1p25,hardzero_plus_depr,0.02,36,1090,0.0,2,0.15502594,0.15502594,0.9851619,0.103475645,0.103475645,1.0,2.5667275e-09,2.4805136e-08,-26.605652,2.1673994,0.72246647,0.2,0.0,0.16558559,10.880154,10.890154,3491200
hardzero_plus_depr__c0p50__z1p10__lam0p010__nu0p50__psi1p25,hardzero_plus_depr,0.02,36,1091,0.0,2,0.15502594,0.15502594,1.005674,0.098702006,0.098702006,1.0,2.4179037e-09,2.4497007e-08,-26.569473,2.212527,0.737509,0.15200001,0.0,0.15156198,10.890154,10.900154,3494400
hardzero_plus_depr__c0p50__z1p10__lam0p010__nu0p50__psi1p25,hardzero_plus_depr,0.02,36,1092,0.0,2,0.15502594,0.15502594,1.0541677,0.08827388,0.08827388,1.0,2.135582e-09,2.4192682e-08,-27.996645,2.3192153,0.77307177,0.13,0.0,0.12021433,10.900154,10.910154,3497600
hardzero_plus_depr__c0p50__z1p10__lam0p010__nu0p50__psi1p25,hardzero_plus_depr,0.02,36,1093,0.0,2,0.15502594,0.15502594,1.03622,0.09199835,0.09199835,1.0,2.1980373e-09,2.3892136e-08,-27.559946,2.2797294,0.7599098,0.17600001,0.0,0.13951679,10.910154,10.920155,3500800
hardzero_plus_depr__c0p50__z1p10__lam0p010__nu0p50__psi1p25,hardzero_plus_depr,0.02,36,1094,0.0,2,0.15502594,0.15502594,1.0017774,0.09959156,0.09959156,1.0,2.3498976e-09,2.3595348e-08,-27.733767,2.2039542,0.73465145,0.17600001,0.0,0.13193554,10.920155,10.930155,3504000
hardzero_plus_depr__c0p50__z1p10__lam0p010__nu0p50__psi1p25,hardzero_plus_depr,0.02,36,1095,0.0,2,0.15502594,0.15502594,0.9678658,0.10767979,0.10767979,1.0,2.509181e-09,2.3302247e-08,-26.645687,2.1293473,0.7097825,0.208,0.0,0.17935792,10.930155,10.940155,3507200
hardzero_plus_depr__c0p50__z1p10__lam0p010__nu0p50__psi1p25,hardzero_plus_depr,0.02,36,1096,0.0,2,0.15502594,0.15502594,0.96710646,0.10786822,0.10786822,1.0,2.4823459e-09,2.3012765e-08,-26.543312,2.1276767,0.7092256,0.14400001,0.0,0.16347116,10.940155,10.950155,3510400
hardzero_plus_depr__c0p50__z1p10__lam0p010__nu0p50__psi1p25,hardzero_plus_depr,0.02,36,1097,0.0,2,0.15502594,0.15502594,1.0326544,0.092756756,0.092756756,1.0,2.1080713e-09,2.2726876e-08,-26.971308,2.2718852,0.7572951,0.16000001,0.0,0.158381,10.950155,10.9601555,3513600
hardzero_plus_depr__c0p50__z1p10__lam0p010__nu0p50__psi1p25,hardzero_plus_depr,0.02,36,1098,0.0,2,0.15502594,0.15502594,0.9901289,0.102298945,0.102298945,1.0,2.2960551e-09,2.2444564e-08,-26.459034,2.178327,0.726109,0.16800001,0.0,0.13805814,10.9601555,10.970156,3516800
hardzero_plus_depr__c0p50__z1p10__lam0p010__nu0p50__psi1p25,hardzero_plus_depr,0.02,36,1099,0.0,2,0.15502594,0.15502594,1.0371511,0.09180131,0.09180131,1.0,2.0348454e-09,2.2165757e-08,-27.32601,2.2817779,0.76059264,0.18400002,0.0,0.17900804,10.970156,10.980156,3520000
hardzero_plus_depr__c0p50__z1p10__lam0p010__nu0p50__psi1p25,hardzero_plus_depr,0.02,36,1100,0.0,2,0.15502594,0.15502594,1.0598162,0.087133214,0.087133214,1.0,1.9073803e-09,2.1890393e-08,-28.913256,2.3316424,0.77721417,0.16800001,0.0,0.19923608,10.980156,10.990156,3523200
hardzero_plus_depr__c0p50__z1p10__lam0p010__nu0p50__psi1p25,hardzero_plus_depr,0.02,36,1101,0.0,2,0.15502594,0.15502594,1.0827345,0.08265431,0.08265431,1.0,1.7868581e-09,2.161845e-08,-29.160147,2.3820634,0.7940211,0.18400002,0.008,0.18492112,10.990156,11.000156,3526400
hardzero_plus_depr__c0p50__z1p10__lam0p010__nu0p50__psi1p25,hardzero_plus_depr,0.02,36,1102,0.0,2,0.15502594,0.15502594,1.0557915,0.08794446,0.08794446,1.0,1.8776058e-09,2.1349905e-08,-28.596798,2.3227878,0.7742626,0.192,0.0,0.17660357,11.000156,11.010157,3529600
hardzero_plus_depr__c0p50__z1p10__lam0p010__nu0p50__psi1p25,hardzero_plus_depr,0.02,36,1103,0.0,2,0.15502594,0.15502594,1.0270557,0.09396028,0.09396028,1.0,1.981124e-09,2.1084697e-08,-26.827814,2.2595677,0.75318927,0.104,0.0,0.15426297,11.010157,11.020157,3532800
hardzero_plus_depr__c0p50__z1p10__lam0p010__nu0p50__psi1p25,hardzero_plus_depr,0.02,36,1104,0.0,2,0.15502594,0.15502594,1.0655624,0.08598796,0.08598796,1.0,1.7905069e-09,2.0822762e-08,-28.212027,2.344284,0.78142804,0.136,0.0,0.17497018,11.020157,11.030157,3536000
hardzero_plus_depr__c0p50__z1p10__lam0p010__nu0p50__psi1p25,hardzero_plus_depr,0.02,36,1105,0.0,2,0.15502594,0.15502594,1.0767375,0.083803564,0.083803564,1.0,1.7233434e-09,2.0564082e-08,-27.921207,2.3688698,0.78962326,0.13,0.0,0.12724848,11.030157,11.040157,3539200
hardzero_plus_depr__c0p50__z1p10__lam0p010__nu0p50__psi1p25,hardzero_plus_depr,0.02,36,1106,0.0,2,0.15502594,0.15502594,1.0692499,0.08526094,0.08526094,1.0,1.7315335e-09,2.0308637e-08,-27.287594,2.3523967,0.78413224,0.104,0.0,0.1770877,11.040157,11.050158,3542400
hardzero_plus_depr__c0p50__z1p10__lam0p010__nu0p50__psi1p25,hardzero_plus_depr,0.02,36,1107,0.0,2,0.15502594,0.15502594,1.0586307,0.087371394,0.087371394,1.0,1.7523522e-09,2.005636e-08,-27.790827,2.329034,0.7763447,0.16000001,0.0,0.13889328,11.050158,11.060158,3545600
hardzero_plus_depr__c0p50__z1p10__lam0p010__nu0p50__psi1p25,hardzero_plus_depr,0.02,36,1108,0.0,2,0.15502594,0.15502594,1.003564,0.099182725,0.099182725,1.0,1.9645323e-09,1.9807203e-08,-26.672152,2.2078848,0.7359616,0.192,0.0,0.1399414,11.060158,11.070158,3548800
hardzero_plus_depr__c0p50__z1p10__lam0p010__nu0p50__psi1p25,hardzero_plus_depr,0.02,36,1109,0.0,2,0.15502594,0.15502594,0.9672702,0.10782757,0.10782757,1.0,2.1092297e-09,1.9561137e-08,-26.24107,2.128037,0.7093457,0.216,0.0,0.13868874,11.070158,11.080158,3552000
hardzero_plus_depr__c0p50__z1p10__lam0p010__nu0p50__psi1p25,hardzero_plus_depr,0.02,36,1110,0.0,2,0.15502594,0.15502594,0.93792623,0.1153649,0.1153649,1.0,2.2286364e-09,1.9318149e-08,-25.570782,2.063479,0.68782634,0.208,0.0,0.12428981,11.080158,11.090158,3555200
hardzero_plus_depr__c0p50__z1p10__lam0p010__nu0p50__psi1p25,hardzero_plus_depr,0.02,36,1111,0.0,2,0.15502594,0.15502594,1.0273699,0.093892336,0.093892336,1.0,1.7912948e-09,1.9078179e-08,-27.240795,2.260259,0.75341964,0.192,0.008,0.1525677,11.090158,11.100159,3558400
hardzero_plus_depr__c0p50__z1p10__lam0p010__nu0p50__psi1p25,hardzero_plus_depr,0.02,36,1112,0.0,2,0.15502594,0.15502594,1.0240493,0.09461297,0.09461297,1.0,1.7826193e-09,1.8841172e-08,-27.425571,2.2529533,0.75098443,0.120000005,0.0,0.13594994,11.100159,11.110159,3561600
hardzero_plus_depr__c0p50__z1p10__lam0p010__nu0p50__psi1p25,hardzero_plus_depr,0.02,36,1113,0.0,2,0.15502594,0.15502594,0.9588165,0.10994701,0.10994701,1.0,2.045796e-09,1.8607109e-08,-26.117596,2.1094384,0.70314616,0.14400001,0.0,0.10411577,11.110159,11.120159,3564800
hardzero_plus_depr__c0p50__z1p10__lam0p010__nu0p50__psi1p25,hardzero_plus_depr,0.02,36,1114,0.0,2,0.15502594,0.15502594,1.0694975,0.085212335,0.085212335,1.0,1.5658594e-09,1.8375971e-08,-28.043493,2.3529415,0.78431386,0.112,0.0,0.17320767,11.120159,11.130159,3568000
hardzero_plus_depr__c0p50__z1p10__lam0p010__nu0p50__psi1p25,hardzero_plus_depr,0.02,36,1115,0.0,2,0.15502594,0.15502594,1.0008779,0.09979807,0.09979807,1.0,1.8111058e-09,1.8147704e-08,-27.212315,2.2019753,0.7339918,0.128,0.0,0.15324932,11.130159,11.14016,3571200
hardzero_plus_depr__c0p50__z1p10__lam0p010__nu0p50__psi1p25,hardzero_plus_depr,0.02,36,1116,0.0,2,0.15502594,0.15502594,1.093974,0.08054266,0.08054266,1.0,1.4435063e-09,1.7922257e-08,-28.606363,2.4067907,0.8022636,0.096,0.0,0.15217423,11.14016,11.15016,3574400
hardzero_plus_depr__c0p50__z1p10__lam0p010__nu0p50__psi1p25,hardzero_plus_depr,0.02,36,1117,0.0,2,0.15502594,0.15502594,1.0073434,0.09832332,0.09832332,1.0,1.7402841e-09,1.7699607e-08,-25.572788,2.2161996,0.73873323,0.112,0.0,0.12000735,11.15016,11.16016,3577600
hardzero_plus_depr__c0p50__z1p10__lam0p010__nu0p50__psi1p25,hardzero_plus_depr,0.02,36,1118,0.0,2,0.15502594,0.15502594,1.0027584,0.099366866,0.099366866,1.0,1.7369074e-09,1.7479744e-08,-27.732347,2.2061126,0.7353709,0.22,0.0,0.15241188,11.16016,11.17016,3580800
hardzero_plus_depr__c0p50__z1p10__lam0p010__nu0p50__psi1p25,hardzero_plus_depr,0.02,36,1119,0.0,2,0.15502594,0.15502594,1.0503802,0.089047104,0.089047104,1.0,1.5371855e-09,1.7262611e-08,-26.483679,2.3108826,0.7702942,0.08800001,0.0,0.160623,11.17016,11.1801605,3584000
hardzero_plus_depr__c0p50__z1p10__lam0p010__nu0p50__psi1p25,hardzero_plus_depr,0.02,36,1120,0.0,2,0.15502594,0.15502594,1.0478753,0.0895622,0.0895622,1.0,1.5268706e-09,1.7048158e-08,-27.180023,2.3053718,0.7684573,0.14400001,0.0,0.17578551,11.1801605,11.190161,3587200
hardzero_plus_depr__c0p50__z1p10__lam0p010__nu0p50__psi1p25,hardzero_plus_depr,0.02,36,1121,0.0,2,0.15502594,0.15502594,0.9795001,0.10483346,0.10483346,1.0,1.7650148e-09,1.6836369e-08,-25.684362,2.1549432,0.7183144,0.16000001,0.0,0.15477432,11.190161,11.200161,3590400
hardzero_plus_depr__c0p50__z1p10__lam0p010__nu0p50__psi1p25,hardzero_plus_depr,0.02,36,1122,0.0,2,0.15502594,0.15502594,1.0172803,0.096099176,0.096099176,1.0,1.5978628e-09,1.6627228e-08,-27.589083,2.2380614,0.7460205,0.15200001,0.0,0.18421036,11.200161,11.210161,3593600
hardzero_plus_depr__c0p50__z1p10__lam0p010__nu0p50__psi1p25,hardzero_plus_depr,0.02,36,1123,0.0,2,0.15502594,0.15502594,1.0223556,0.09498268,0.09498268,1.0,1.5596806e-09,1.6420683e-08,-27.063892,2.249227,0.7497424,0.15200001,0.0,0.14260203,11.210161,11.220161,3596800
hardzero_plus_depr__c0p50__z1p10__lam0p010__nu0p50__psi1p25,hardzero_plus_depr,0.02,36,1124,0.0,2,0.15502594,0.15502594,1.0577843,0.08754183,0.08754183,1.0,1.4196387e-09,1.621669e-08,-27.77934,2.327172,0.77572405,0.2,0.0,0.18585505,11.220161,11.230162,3600000
hardzero_plus_depr__c0p50__z1p10__lam0p010__nu0p50__psi1p25,hardzero_plus_depr,0.02,36,1125,0.0,2,0.15502594,0.15502594,0.98281145,0.10403718,0.10403718,1.0,1.6661795e-09,1.6015232e-08,-27.662281,2.1622283,0.7207428,0.136,0.0,0.13642645,11.230162,11.240162,3603200
hardzero_plus_depr__c0p50__z1p10__lam0p010__nu0p50__psi1p25,hardzero_plus_depr,0.02,36,1126,0.0,2,0.15502594,0.15502594,1.0791821,0.08333315,0.08333315,1.0,1.3180212e-09,1.581629e-08,-28.215147,2.374248,0.79141605,0.096,0.0,0.16933116,11.240162,11.250162,3606400
hardzero_plus_depr__c0p50__z1p10__lam0p010__nu0p50__psi1p25,hardzero_plus_depr,0.02,36,1127,0.0,2,0.15502594,0.15502594,1.0480754,0.08952093,0.08952093,1.0,1.3983008e-09,1.561982e-08,-27.93845,2.3058121,0.76860404,0.192,0.0,0.15607387,11.250162,11.260162,3609600
hardzero_plus_depr__c0p50__z1p10__lam0p010__nu0p50__psi1p25,hardzero_plus_depr,0.02,36,1128,0.0,2,0.15502594,0.15502594,1.0031991,0.09926609,0.09926609,1.0,1.5312565e-09,1.5425776e-08,-26.625336,2.207082,0.73569405,0.16000001,0.0,0.11588852,11.260162,11.270163,3612800
hardzero_plus_depr__c0p50__z1p10__lam0p010__nu0p50__psi1p25,hardzero_plus_depr,0.02,36,1129,0.0,2,0.15502594,0.15502594,1.025492,0.0942992,0.0942992,1.0,1.4365673e-09,1.5234141e-08,-26.778183,2.2561274,0.7520425,0.192,0.0,0.16356537,11.270163,11.280163,3616000
hardzero_plus_depr__c0p50__z1p10__lam0p010__nu0p50__psi1p25,hardzero_plus_depr,0.02,36,1130,0.0,2,0.15502594,0.15502594,1.0275074,0.093862586,0.093862586,1.0,1.4121534e-09,1.5044902e-08,-27.75046,2.2605615,0.7535205,0.128,0.0,0.2038882,11.280163,11.290163,3619200
hardzero_plus_depr__c0p50__z1p10__lam0p010__nu0p50__psi1p25,hardzero_plus_depr,0.02,36,1131,0.0,2,0.15502594,0.15502594,1.0523846,0.08863707,0.08863707,1.0,1.316971e-09,1.4858015e-08,-27.412733,2.3152924,0.77176416,0.17,0.0,0.16329506,11.290163,11.300163,3622400
hardzero_plus_depr__c0p50__z1p10__lam0p010__nu0p50__psi1p25,hardzero_plus_depr,0.02,36,1132,0.0,2,0.15502594,0.15502594,1.0224692,0.09495784,0.09495784,1.0,1.3933578e-09,1.4673435e-08,-26.991041,2.2494771,0.7498257,0.23200001,0.0,0.13539228,11.300163,11.3101635,3625600
hardzero_plus_depr__c0p50__z1p10__lam0p010__nu0p50__psi1p25,hardzero_plus_depr,0.02,36,1133,0.0,2,0.15502594,0.15502594,1.0473839,0.08966358,0.08966358,1.0,1.2993281e-09,1.4491147e-08,-27.443464,2.3042905,0.76809686,0.128,0.0,0.1602106,11.3101635,11.320164,3628800
hardzero_plus_depr__c0p50__z1p10__lam0p010__nu0p50__psi1p25,hardzero_plus_depr,0.02,36,1134,0.0,2,0.15502594,0.15502594,1.0016853,0.0996127,0.0996127,1.0,1.4255711e-09,1.4311139e-08,-26.845106,2.2037516,0.73458385,0.208,0.0,0.14790086,11.320164,11.330164,3632000
hardzero_plus_depr__c0p50__z1p10__lam0p010__nu0p50__psi1p25,hardzero_plus_depr,0.02,36,1135,0.0,2,0.15502594,0.15502594,1.008964,0.09795714,0.09795714,1.0,1.3844641e-09,1.4133366e-08,-27.387922,2.219765,0.7399217,0.192,0.0,0.17086634,11.330164,11.340164,3635200
hardzero_plus_depr__c0p50__z1p10__lam0p010__nu0p50__psi1p25,hardzero_plus_depr,0.02,36,1136,0.0,2,0.15502594,0.15502594,0.99824417,0.100405104,0.100405104,1.0,1.4014332e-09,1.3957788e-08,-26.595318,2.196181,0.7320604,0.18400002,0.0,0.14914918,11.340164,11.350164,3638400
hardzero_plus_depr__c0p50__z1p10__lam0p010__nu0p50__psi1p25,hardzero_plus_depr,0.02,36,1137,0.0,2,0.15502594,0.15502594,1.0074598,0.09829701,0.09829701,1.0,1.3549643e-09,1.378439e-08,-27.435488,2.2164557,0.7388186,0.15200001,0.0,0.1286614,11.350164,11.360165,3641600
hardzero_plus_depr__c0p50__z1p10__lam0p010__nu0p50__psi1p25,hardzero_plus_depr,0.02,36,1138,0.0,2,0.15502594,0.15502594,1.0164258,0.09628843,0.09628843,1.0,1.3107898e-09,1.361316e-08,-27.15926,2.2361815,0.7453939,0.17600001,0.0,0.1312633,11.360165,11.370165,3644800
hardzero_plus_depr__c0p50__z1p10__lam0p010__nu0p50__psi1p25,hardzero_plus_depr,0.02,36,1139,0.0,2,0.15502594,0.15502594,1.0189784,0.09572417,0.09572417,1.0,1.2869213e-09,1.3444058e-08,-26.5379,2.2417972,0.74726576,0.104,0.0,0.15058121,11.370165,11.380165,3648000
hardzero_plus_depr__c0p50__z1p10__lam0p010__nu0p50__psi1p25,hardzero_plus_depr,0.02,36,1140,0.0,2,0.15502594,0.15502594,1.0257344,0.09424658,0.09424658,1.0,1.2513158e-09,1.3277042e-08,-27.580393,2.2566607,0.7522203,0.18400002,0.0,0.1679461,11.380165,11.390165,3651200
hardzero_plus_depr__c0p50__z1p10__lam0p010__nu0p50__psi1p25,hardzero_plus_depr,0.02,36,1141,0.0,2,0.15502594,0.15502594,1.0304548,0.09322776,0.09322776,1.0,1.2224118e-09,1.3112102e-08,-26.675758,2.2670457,0.75568193,0.112,0.0,0.15885605,11.390165,11.400166,3654400
hardzero_plus_depr__c0p50__z1p10__lam0p010__nu0p50__psi1p25,hardzero_plus_depr,0.02,36,1142,0.0,2,0.15502594,0.15502594,1.0148982,0.09662773,0.09662773,1.0,1.2512541e-09,1.2949224e-08,-26.947563,2.2328205,0.74427354,0.192,0.0,0.1504089,11.400166,11.410166,3657600
hardzero_plus_depr__c0p50__z1p10__lam0p010__nu0p50__psi1p25,hardzero_plus_depr,0.02,36,1143,0.0,2,0.15502594,0.15502594,1.0152143,0.09655742,0.09655742,1.0,1.234812e-09,1.27883695e-08,-27.425549,2.2335162,0.7445054,0.104,0.0,0.1499845,11.410166,11.420166,3660800
hardzero_plus_depr__c0p50__z1p10__lam0p010__nu0p50__psi1p25,hardzero_plus_depr,0.02,36,1144,0.0,2,0.15502594,0.15502594,1.0218425,0.09509496,0.09509496,1.0,1.2010016e-09,1.2629499e-08,-26.846132,2.2480984,0.74936616,0.16,0.0,0.157064,11.420166,11.430166,3664000
hardzero_plus_depr__c0p50__z1p10__lam0p010__nu0p50__psi1p25,hardzero_plus_depr,0.02,36,1145,0.0,2,0.15502594,0.15502594,1.0136192,0.09691271,0.09691271,1.0,1.2087538e-09,1.2472603e-08,-26.989016,2.2300067,0.7433356,0.08800001,0.0,0.12559877,11.430166,11.440166,3667200
hardzero_plus_depr__c0p50__z1p10__lam0p010__nu0p50__psi1p25,hardzero_plus_depr,0.02,36,1146,0.0,2,0.15502594,0.15502594,1.0458535,0.08998012,0.08998012,1.0,1.1083453e-09,1.23176696e-08,-27.036125,2.3009236,0.76697457,0.16000001,0.0,0.12961806,11.440166,11.450167,3670400
hardzero_plus_depr__c0p50__z1p10__lam0p010__nu0p50__psi1p25,hardzero_plus_depr,0.02,36,1147,0.0,2,0.15502594,0.15502594,0.99526566,0.10109608,0.10109608,1.0,1.2297993e-09,1.2164659e-08,-26.139921,2.1896281,0.72987604,0.16000001,0.0,0.13050684,11.450167,11.460167,3673600
hardzero_plus_depr__c0p50__z1p10__lam0p010__nu0p50__psi1p25,hardzero_plus_depr,0.02,36,1148,0.0,2,0.15502594,0.15502594,1.0353423,0.09218445,0.09218445,1.0,1.1074613e-09,1.2013538e-08,-28.101679,2.2777987,0.75926626,0.16000001,0.0,0.13781753,11.460167,11.470167,3676800
hardzero_plus_depr__c0p50__z1p10__lam0p010__nu0p50__psi1p25,hardzero_plus_depr,0.02,36,1149,0.0,2,0.15502594,0.15502594,1.0115893,0.097366765,0.097366765,1.0,1.1551878e-09,1.18642935e-08,-27.346624,2.2255409,0.741847,0.120000005,0.0,0.15637632,11.470167,11.480167,3680000
hardzero_plus_depr__c0p50__z1p10__lam0p010__nu0p50__psi1p25,hardzero_plus_depr,0.02,36,1150,0.0,2,0.15502594,0.15502594,1.0051122,0.098829776,0.098829776,1.0,1.1579802e-09,1.1716915e-08,-27.110626,2.2112908,0.73709697,0.096,0.0,0.14456548,11.480167,11.490168,3683200
hardzero_plus_depr__c0p50__z1p10__lam0p010__nu0p50__psi1p25,hardzero_plus_depr,0.02,36,1151,0.0,2,0.15502594,0.15502594,0.97768587,0.1052723,0.1052723,1.0,1.2181445e-09,1.1571368e-08,-25.156418,2.1509519,0.716984,0.136,0.0,0.13710767,11.490168,11.500168,3686400
hardzero_plus_depr__c0p50__z1p10__lam0p010__nu0p50__psi1p25,hardzero_plus_depr,0.02,36,1152,0.0,2,0.15502594,0.15502594,1.0086643,0.09802475,0.09802475,1.0,1.1201894e-09,1.1427618e-08,-26.70646,2.2191057,0.7397019,0.192,0.0,0.18815537,11.500168,11.510168,3689600
hardzero_plus_depr__c0p50__z1p10__lam0p010__nu0p50__psi1p25,hardzero_plus_depr,0.02,36,1153,0.0,2,0.15502594,0.15502594,1.0826617,0.082668155,0.082668155,1.0,9.32964e-10,1.1285652e-08,-28.18949,2.3819034,0.79396784,0.120000005,0.0,0.16476385,11.510168,11.520168,3692800
hardzero_plus_depr__c0p50__z1p10__lam0p010__nu0p50__psi1p25,hardzero_plus_depr,0.02,36,1154,0.0,2,0.15502594,0.15502594,1.07132,0.08485548,0.08485548,1.0,9.457535e-10,1.1145461e-08,-28.876373,2.3569512,0.78565043,0.128,0.0,0.16287261,11.520168,11.530169,3696000
hardzero_plus_depr__c0p50__z1p10__lam0p010__nu0p50__psi1p25,hardzero_plus_depr,0.02,36,1155,0.0,2,0.15502594,0.15502594,1.0004003,0.09990787,0.09990787,1.0,1.0996873e-09,1.1007014e-08,-26.721758,2.2009246,0.73364156,0.17600001,0.0,0.15037562,11.530169,11.540169,3699200
hardzero_plus_depr__c0p50__z1p10__lam0p010__nu0p50__psi1p25,hardzero_plus_depr,0.02,36,1156,0.0,2,0.15502594,0.15502594,1.036738,0.09188868,0.09188868,1.0,9.988551e-10,1.0870274e-08,-28.085953,2.2808692,0.7602898,0.136,0.0,0.15707266,11.540169,11.550169,3702400
hardzero_plus_depr__c0p50__z1p10__lam0p010__nu0p50__psi1p25,hardzero_plus_depr,0.02,36,1157,0.0,2,0.15502594,0.15502594,1.0569375,0.08771271,0.08771271,1.0,9.416165e-10,1.0735233e-08,-27.526815,2.3253088,0.775103,0.11,0.0,0.17936756,11.550169,11.560169,3705600
hardzero_plus_depr__c0p50__z1p10__lam0p010__nu0p50__psi1p25,hardzero_plus_depr,0.02,36,1158,0.0,2,0.15502594,0.15502594,1.0151032,0.09658213,0.09658213,1.0,1.023952e-09,1.0601879e-08,-26.477564,2.2332716,0.74442387,0.16800001,0.0,0.14472385,11.560169,11.570169,3708800
hardzero_plus_depr__c0p50__z1p10__lam0p010__nu0p50__psi1p25,hardzero_plus_depr,0.02,36,1159,0.0,2,0.15502594,0.15502594,1.0113261,0.09742579,0.09742579,1.0,1.0200657e-09,1.0470182e-08,-26.378296,2.2249618,0.7416539,0.072000004,0.0,0.16889726,11.570169,11.58017,3712000
hardzero_plus_depr__c0p50__z1p10__lam0p010__nu0p50__psi1p25,hardzero_plus_depr,0.02,36,1160,0.0,2,0.15502594,0.15502594,0.98998576,0.10233265,0.10233265,1.0,1.058131e-09,1.0340112e-08,-26.69674,2.1780121,0.72600406,0.18400002,0.0,0.13985364,11.58017,11.59017,3715200
hardzero_plus_depr__c0p50__z1p10__lam0p010__nu0p50__psi1p25,hardzero_plus_depr,0.02,36,1161,0.0,2,0.15502594,0.15502594,1.0404389,0.09110897,0.09110897,1.0,9.3037356e-10,1.0211657e-08,-27.05533,2.2890112,0.76300377,0.136,0.0,0.15629528,11.59017,11.60017,3718400
hardzero_plus_depr__c0p50__z1p10__lam0p010__nu0p50__psi1p25,hardzero_plus_depr,0.02,36,1162,0.0,2,0.15502594,0.15502594,0.98997045,0.10233626,0.10233626,1.0,1.0320415e-09,1.0084808e-08,-26.675585,2.1779785,0.72599286,0.112,0.0,0.14729907,11.60017,11.61017,3721600
hardzero_plus_depr__c0p50__z1p10__lam0p010__nu0p50__psi1p25,hardzero_plus_depr,0.02,36,1163,0.0,2,0.15502594,0.15502594,1.0583885,0.087420136,0.087420136,1.0,8.7066393e-10,9.959535e-09,-28.324114,2.3285012,0.7761671,0.14400001,0.0,0.14746061,11.61017,11.620171,3724800
hardzero_plus_depr__c0p50__z1p10__lam0p010__nu0p50__psi1p25,hardzero_plus_depr,0.02,36,1164,0.0,2,0.15502594,0.15502594,1.0565801,0.087784916,0.087784916,1.0,8.6343555e-10,9.835808e-09,-27.754812,2.3245225,0.77484083,0.16000001,0.0,0.16341282,11.620171,11.630171,3728000
hardzero_plus_depr__c0p50__z1p10__lam0p010__nu0p50__psi1p25,hardzero_plus_depr,0.02,36,1165,0.0,2,0.15502594,0.15502594,1.0009902,0.09977226,0.09977226,1.0,9.691496e-10,9.713618e-09,-26.600912,2.2022223,0.7340741,0.192,0.0,0.1291962,11.630171,11.640171,3731200
hardzero_plus_depr__c0p50__z1p10__lam0p010__nu0p50__psi1p25,hardzero_plus_depr,0.02,36,1166,0.0,2,0.15502594,0.15502594,1.0642577,0.08624665,0.08624665,1.0,8.273603e-10,9.592956e-09,-27.349567,2.3414137,0.78047127,0.096,0.0,0.18267952,11.640171,11.650171,3734400
hardzero_plus_depr__c0p50__z1p10__lam0p010__nu0p50__psi1p25,hardzero_plus_depr,0.02,36,1167,0.0,2,0.15502594,0.15502594,1.0410912,0.09097222,0.09097222,1.0,8.6185187e-10,9.4737915e-09,-27.447275,2.2904463,0.7634821,0.08800001,0.0,0.1569365,11.650171,11.6601715,3737600
hardzero_plus_depr__c0p50__z1p10__lam0p010__nu0p50__psi1p25,hardzero_plus_depr,0.02,36,1168,0.0,2,0.15502594,0.15502594,1.020113,0.095474415,0.095474415,1.0,8.93268e-10,9.356098e-09,-27.562973,2.2442935,0.74809784,0.14400001,0.0,0.1479526,11.6601715,11.670172,3740800
hardzero_plus_depr__c0p50__z1p10__lam0p010__nu0p50__psi1p25,hardzero_plus_depr,0.02,36,1169,0.0,2,0.15502594,0.15502594,0.96660256,0.10799346,0.10799346,1.0,9.978454e-10,9.239868e-09,-25.884466,2.126568,0.70885605,0.16000001,0.0,0.14133313,11.670172,11.680172,3744000
hardzero_plus_depr__c0p50__z1p10__lam0p010__nu0p50__psi1p25,hardzero_plus_depr,0.02,36,1170,0.0,2,0.15502594,0.15502594,1.0302644,0.093268625,0.093268625,1.0,8.510847e-10,9.125091e-09,-27.076017,2.2666268,0.7555423,0.14,0.0,0.15931766,11.680172,11.690172,3747200
hardzero_plus_depr__c0p50__z1p10__lam0p010__nu0p50__psi1p25,hardzero_plus_depr,0.02,36,1171,0.0,2,0.15502594,0.15502594,1.0367446,0.09188727,0.09188727,1.0,8.280641e-10,9.011739e-09,-27.288992,2.2808836,0.76029456,0.096,0.0,0.17087905,11.690172,11.700172,3750400
hardzero_plus_depr__c0p50__z1p10__lam0p010__nu0p50__psi1p25,hardzero_plus_depr,0.02,36,1172,0.0,2,0.15502594,0.15502594,1.0427587,0.09062358,0.09062358,1.0,8.065305e-10,8.899787e-09,-27.765177,2.294115,0.76470506,0.16000001,0.0,0.12737635,11.700172,11.710173,3753600
hardzero_plus_depr__c0p50__z1p10__lam0p010__nu0p50__psi1p25,hardzero_plus_depr,0.02,36,1173,0.0,2,0.15502594,0.15502594,1.0026957,0.099381216,0.099381216,1.0,8.7348384e-10,8.7892245e-09,-26.962572,2.2059746,0.73532486,0.18400002,0.0,0.1633415,11.710173,11.720173,3756800
hardzero_plus_depr__c0p50__z1p10__lam0p010__nu0p50__psi1p25,hardzero_plus_depr,0.02,36,1174,0.0,2,0.15502594,0.15502594,1.0780606,0.08354864,0.08354864,1.0,7.25206e-10,8.680045e-09,-28.924173,2.3717806,0.79059356,0.16800001,0.0,0.15442024,11.720173,11.730173,3760000
hardzero_plus_depr__c0p50__z1p10__lam0p010__nu0p50__psi1p25,hardzero_plus_depr,0.02,36,1175,0.0,2,0.15502594,0.15502594,0.998335,0.100384116,0.100384116,1.0,8.605148e-10,8.572221e-09,-26.41474,2.1963809,0.73212695,0.208,0.0,0.15378292,11.730173,11.740173,3763200
hardzero_plus_depr__c0p50__z1p10__lam0p010__nu0p50__psi1p25,hardzero_plus_depr,0.02,36,1176,0.0,2,0.15502594,0.15502594,1.0726664,0.08459284,0.08459284,1.0,7.161401e-10,8.4657295e-09,-28.557129,2.359913,0.7866377,0.112,0.0,0.17923066,11.740173,11.750174,3766400
hardzero_plus_depr__c0p50__z1p10__lam0p010__nu0p50__psi1p25,hardzero_plus_depr,0.02,36,1177,0.0,2,0.15502594,0.15502594,1.0724766,0.0846298,0.0846298,1.0,7.0755246e-10,8.360559e-09,-28.092533,2.3594956,0.78649855,0.15200001,0.0,0.15012772,11.750174,11.760174,3769600
hardzero_plus_depr__c0p50__z1p10__lam0p010__nu0p50__psi1p25,hardzero_plus_depr,0.02,36,1178,0.0,2,0.15502594,0.15502594,0.9927674,0.10167932,0.10167932,1.0,8.395361e-10,8.256705e-09,-26.339777,2.1841319,0.728044,0.224,0.0,0.15311456,11.760174,11.770174,3772800
hardzero_plus_depr__c0p50__z1p10__lam0p010__nu0p50__psi1p25,hardzero_plus_depr,0.02,36,1179,0.0,2,0.15502594,0.15502594,0.9918541,0.10189336,0.10189336,1.0,8.3085266e-10,8.15414e-09,-27.03459,2.1821225,0.7273742,0.16800001,0.0,0.17332657,11.770174,11.780174,3776000
hardzero_plus_depr__c0p50__z1p10__lam0p010__nu0p50__psi1p25,hardzero_plus_depr,0.02,36,1180,0.0,2,0.15502594,0.15502594,1.0578941,0.08751972,0.08751972,1.0,7.047824e-10,8.052841e-09,-27.652658,2.3274136,0.7758045,0.128,0.0,0.13558063,11.780174,11.7901745,3779200
hardzero_plus_depr__c0p50__z1p10__lam0p010__nu0p50__psi1p25,hardzero_plus_depr,0.02,36,1181,0.0,2,0.15502594,0.15502594,0.94963473,0.11229626,0.11229626,1.0,8.9306984e-10,7.952801e-09,-25.747126,2.0892382,0.69641274,0.192,0.0,0.14462227,11.7901745,11.800175,3782400
hardzero_plus_depr__c0p50__z1p10__lam0p010__nu0p50__psi1p25,hardzero_plus_depr,0.02,36,1182,0.0,2,0.15502594,0.15502594,0.9654273,0.10828609,0.10828609,1.0,8.5048024e-10,7.854012e-09,-26.340334,2.1239824,0.70799416,0.216,0.008,0.13866343,11.800175,11.810175,3785600
hardzero_plus_depr__c0p50__z1p10__lam0p010__nu0p50__psi1p25,hardzero_plus_depr,0.02,36,1183,0.0,2,0.15502594,0.15502594,1.0225298,0.09494458,0.09494458,1.0,7.364328e-10,7.756449e-09,-27.42438,2.2496107,0.74987024,0.14999999,0.01,0.16202007,11.810175,11.820175,3788800
hardzero_plus_depr__c0p50__z1p10__lam0p010__nu0p50__psi1p25,hardzero_plus_depr,0.02,36,1184,0.0,2,0.15502594,0.15502594,1.0166657,0.09623527,0.09623527,1.0,7.3717094e-10,7.660091e-09,-26.774738,2.236709,0.7455697,0.16800001,0.0,0.14205173,11.820175,11.830175,3792000
hardzero_plus_depr__c0p50__z1p10__lam0p010__nu0p50__psi1p25,hardzero_plus_depr,0.02,36,1185,0.0,2,0.15502594,0.15502594,1.0502894,0.08906572,0.08906572,1.0,6.73776e-10,7.56493e-09,-26.817547,2.3106828,0.7702276,0.128,0.0,0.1374609,11.830175,11.840176,3795200
hardzero_plus_depr__c0p50__z1p10__lam0p010__nu0p50__psi1p25,hardzero_plus_depr,0.02,36,1186,0.0,2,0.15502594,0.15502594,0.9430363,0.11401545,0.11401545,1.0,8.518047e-10,7.470958e-09,-26.079659,2.0747213,0.6915738,0.17600001,0.0,0.14420065,11.840176,11.850176,3798400
hardzero_plus_depr__c0p50__z1p10__lam0p010__nu0p50__psi1p25,hardzero_plus_depr,0.02,36,1187,0.0,2,0.15502594,0.15502594,1.0884293,0.08157755,0.08157755,1.0,6.018917e-10,7.378154e-09,-28.831709,2.3945923,0.79819745,0.15200001,0.0,0.17004114,11.850176,11.860176,3801600
hardzero_plus_depr__c0p50__z1p10__lam0p010__nu0p50__psi1p25,hardzero_plus_depr,0.02,36,1188,0.0,2,0.15502594,0.15502594,1.043385,0.090493,0.090493,1.0,6.593769e-10,7.286496e-09,-27.546993,2.295493,0.7651643,0.14400001,0.0,0.13292496,11.860176,11.870176,3804800
hardzero_plus_depr__c0p50__z1p10__lam0p010__nu0p50__psi1p25,hardzero_plus_depr,0.02,36,1189,0.0,2,0.15502594,0.15502594,0.9599727,0.109654725,0.109654725,1.0,7.890727e-10,7.1959754e-09,-26.469297,2.111982,0.70399404,0.24000001,0.0,0.13914523,11.870176,11.880177,3808000
hardzero_plus_depr__c0p50__z1p10__lam0p010__nu0p50__psi1p25,hardzero_plus_depr,0.02,36,1190,0.0,2,0.15502594,0.15502594,1.0183266,0.09586793,0.09586793,1.0,6.8129385e-10,7.1065873e-09,-26.562025,2.2403634,0.7467878,0.16800001,0.0,0.17597826,11.880177,11.890177,3811200
hardzero_plus_depr__c0p50__z1p10__lam0p010__nu0p50__psi1p25,hardzero_plus_depr,0.02,36,1191,0.0,2,0.15502594,0.15502594,0.9981974,0.10041592,0.10041592,1.0,7.0475004e-10,7.0183095e-09,-26.015587,2.196078,0.73202604,0.16800001,0.0,0.12469795,11.890177,11.900177,3814400
hardzero_plus_depr__c0p50__z1p10__lam0p010__nu0p50__psi1p25,hardzero_plus_depr,0.02,36,1192,0.0,2,0.15502594,0.15502594,1.0058233,0.098668106,0.098668106,1.0,6.8388056e-10,6.931121e-09,-27.213945,2.2128553,0.73761845,0.192,0.0,0.16014834,11.900177,11.910177,3817600
hardzero_plus_depr__c0p50__z1p10__lam0p010__nu0p50__psi1p25,hardzero_plus_depr,0.02,36,1193,0.0,2,0.15502594,0.15502594,1.0632117,0.086454645,0.086454645,1.0,5.9178346e-10,6.845016e-09,-27.373705,2.3391123,0.7797041,0.120000005,0.0,0.16397406,11.910177,11.920177,3820800
hardzero_plus_depr__c0p50__z1p10__lam0p010__nu0p50__psi1p25,hardzero_plus_depr,0.02,36,1194,0.0,2,0.15502594,0.15502594,1.0378354,0.0916568,0.0916568,1.0,6.1959876e-10,6.759987e-09,-27.300009,2.2832835,0.7610945,0.16800001,0.0,0.18166696,11.920177,11.930178,3824000
hardzero_plus_depr__c0p50__z1p10__lam0p010__nu0p50__psi1p25,hardzero_plus_depr,0.02,36,1195,0.0,2,0.15502594,0.15502594,0.96255094,0.109005645,0.109005645,1.0,7.2772327e-10,6.6760144e-09,-26.592333,2.1176543,0.7058848,0.17600001,0.0,0.13019046,11.930178,11.940178,3827200
hardzero_plus_depr__c0p50__z1p10__lam0p010__nu0p50__psi1p25,hardzero_plus_depr,0.02,36,1196,0.0,2,0.15502594,0.15502594,1.0106282,0.09758245,0.09758245,1.0,6.4336875e-10,6.5930785e-09,-27.645853,2.2234266,0.7411422,0.17,0.0,0.14892663,11.940178,11.950178,3830400
hardzero_plus_depr__c0p50__z1p10__lam0p010__nu0p50__psi1p25,hardzero_plus_depr,0.02,36,1197,0.0,2,0.15502594,0.15502594,1.0251771,0.0943676,0.0943676,1.0,6.144438e-10,6.511173e-09,-27.180616,2.2554348,0.7518116,0.15200001,0.0,0.1427522,11.950178,11.960178,3833600
hardzero_plus_depr__c0p50__z1p10__lam0p010__nu0p50__psi1p25,hardzero_plus_depr,0.02,36,1198,0.0,2,0.15502594,0.15502594,0.98085785,0.104506224,0.104506224,1.0,6.720055e-10,6.430292e-09,-25.983671,2.1579304,0.71931016,0.17600001,0.0,0.1252505,11.960178,11.970179,3836800
hardzero_plus_depr__c0p50__z1p10__lam0p010__nu0p50__psi1p25,hardzero_plus_depr,0.02,36,1199,0.0,2,0.15502594,0.15502594,0.98717105,0.10299805,0.10299805,1.0,6.5408023e-10,6.350414e-09,-26.42819,2.1718197,0.7239399,0.16800001,0.0,0.13351664,11.970179,11.980179,3840000
hardzero_plus_depr__c0p50__z1p10__lam0p010__nu0p50__psi1p25,hardzero_plus_depr,0.02,36,1200,0.0,2,0.15502594,0.15502594,1.0014764,0.09966061,0.09966061,1.0,6.2502387e-10,6.2715233e-09,-27.01487,2.2032921,0.73443073,0.16800001,0.0,0.15965001,11.980179,11.990179,3843200
hardzero_plus_depr__c0p50__z1p10__lam0p010__nu0p50__psi1p25,hardzero_plus_depr,0.02,36,1201,0.0,2,0.15502594,0.15502594,1.0043408,0.099005476,0.099005476,1.0,6.1320155e-10,6.1936123e-09,-27.19106,2.2095938,0.73653126,0.224,0.0,0.1479215,11.990179,12.000179,3846400
hardzero_plus_depr__c0p50__z1p10__lam0p010__nu0p50__psi1p25,hardzero_plus_depr,0.02,36,1202,0.0,2,0.15502594,0.15502594,1.0428349,0.0906077,0.0906077,1.0,5.542179e-10,6.116675e-09,-27.291185,2.2942824,0.76476085,0.096,0.0,0.16126934,12.000179,12.0101795,3849600
hardzero_plus_depr__c0p50__z1p10__lam0p010__nu0p50__psi1p25,hardzero_plus_depr,0.02,36,1203,0.0,2,0.15502594,0.15502594,1.0646338,0.08617199,0.08617199,1.0,5.2053867e-10,6.040694e-09,-28.504663,2.3422413,0.7807471,0.2,0.008,0.16729592,12.0101795,12.02018,3852800
hardzero_plus_depr__c0p50__z1p10__lam0p010__nu0p50__psi1p25,hardzero_plus_depr,0.02,36,1204,0.0,2,0.15502594,0.15502594,0.99326664,0.10156249,0.10156249,1.0,6.0588634e-10,5.9656506e-09,-27.421034,2.1852303,0.7284101,0.17600001,0.0,0.14972232,12.02018,12.03018,3856000
hardzero_plus_depr__c0p50__z1p10__lam0p010__nu0p50__psi1p25,hardzero_plus_depr,0.02,36,1205,0.0,2,0.15502594,0.15502594,1.0288805,0.09356631,0.09356631,1.0,5.512496e-10,5.8915393e-09,-27.66757,2.2635822,0.75452745,0.18400002,0.0,0.15122078,12.03018,12.04018,3859200
hardzero_plus_depr__c0p50__z1p10__lam0p010__nu0p50__psi1p25,hardzero_plus_depr,0.02,36,1206,0.0,2,0.15502594,0.15502594,1.030137,0.09329599,0.09329599,1.0,5.428292e-10,5.818355e-09,-27.492516,2.2663465,0.7554488,0.15200001,0.0,0.14832333,12.04018,12.05018,3862400
hardzero_plus_depr__c0p50__z1p10__lam0p010__nu0p50__psi1p25,hardzero_plus_depr,0.02,36,1207,0.0,2,0.15502594,0.15502594,1.0562762,0.08784636,0.08784636,1.0,5.0477217e-10,5.7460796e-09,-27.166239,2.323854,0.774618,0.15200001,0.0,0.172062,12.05018,12.060181,3865600
hardzero_plus_depr__c0p50__z1p10__lam0p010__nu0p50__psi1p25,hardzero_plus_depr,0.02,36,1208,0.0,2,0.15502594,0.15502594,0.99953747,0.10010656,0.10010656,1.0,5.6807425e-10,5.674696e-09,-26.678673,2.1990263,0.7330088,0.192,0.008,0.1568553,12.060181,12.070181,3868800
hardzero_plus_depr__c0p50__z1p10__lam0p010__nu0p50__psi1p25,hardzero_plus_depr,0.02,36,1209,0.0,2,0.15502594,0.15502594,1.0008239,0.09981047,0.09981047,1.0,5.593578e-10,5.6041993e-09,-26.917484,2.2018564,0.73395216,0.14999999,0.0,0.14377806,12.070181,12.080181,3872000
hardzero_plus_depr__c0p50__z1p10__lam0p010__nu0p50__psi1p25,hardzero_plus_depr,0.02,36,1210,0.0,2,0.15502594,0.15502594,1.0292407,0.09348874,0.09348874,1.0,5.1742133e-10,5.5345843e-09,-27.516212,2.2643747,0.7547916,0.14400001,0.0,0.14198238,12.080181,12.090181,3875200
hardzero_plus_depr__c0p50__z1p10__lam0p010__nu0p50__psi1p25,hardzero_plus_depr,0.02,36,1211,0.0,2,0.15502594,0.15502594,1.0023241,0.09946627,0.09946627,1.0,5.436661e-10,5.4658336e-09,-26.831884,2.205157,0.73505235,0.136,0.0,0.14005919,12.090181,12.100182,3878400
hardzero_plus_depr__c0p50__z1p10__lam0p010__nu0p50__psi1p25,hardzero_plus_depr,0.02,36,1212,0.0,2,0.15502594,0.15502594,1.0243859,0.094539665,0.094539665,1.0,5.103186e-10,5.3979314e-09,-27.319113,2.253694,0.7512314,0.18400002,0.0,0.14942259,12.100182,12.110182,3881600
hardzero_plus_depr__c0p50__z1p10__lam0p010__nu0p50__psi1p25,hardzero_plus_depr,0.02,36,1213,0.0,2,0.15502594,0.15502594,1.0427514,0.090625115,0.090625115,1.0,4.83111e-10,5.330873e-09,-27.817936,2.2940989,0.76469964,0.15200001,0.0,0.16226855,12.110182,12.120182,3884800
hardzero_plus_depr__c0p50__z1p10__lam0p010__nu0p50__psi1p25,hardzero_plus_depr,0.02,36,1214,0.0,2,0.15502594,0.15502594,1.035026,0.09225162,0.09225162,1.0,4.856728e-10,5.264653e-09,-27.242764,2.2771025,0.75903416,0.14400001,0.0,0.16787288,12.120182,12.130182,3888000
hardzero_plus_depr__c0p50__z1p10__lam0p010__nu0p50__psi1p25,hardzero_plus_depr,0.02,36,1215,0.0,2,0.15502594,0.15502594,0.99979335,0.100047596,0.100047596,1.0,5.2017296e-10,5.1992552e-09,-26.832947,2.1995893,0.73319644,0.18400002,0.0,0.15096942,12.130182,12.1401825,3891200
hardzero_plus_depr__c0p50__z1p10__lam0p010__nu0p50__psi1p25,hardzero_plus_depr,0.02,36,1216,0.0,2,0.15502594,0.15502594,1.0590763,0.08728179,0.08728179,1.0,4.4816278e-10,5.134665e-09,-27.898966,2.3300145,0.7766715,0.15200001,0.0,0.1544531,12.1401825,12.150183,3894400
hardzero_plus_depr__c0p50__z1p10__lam0p010__nu0p50__psi1p25,hardzero_plus_depr,0.02,36,1217,0.0,2,0.15502594,0.15502594,1.0209496,0.09529067,0.09529067,1.0,4.8320736e-10,5.070878e-09,-27.83436,2.246134,0.74871135,0.120000005,0.0,0.14447322,12.150183,12.160183,3897600
hardzero_plus_depr__c0p50__z1p10__lam0p010__nu0p50__psi1p25,hardzero_plus_depr,0.02,36,1218,0.0,2,0.15502594,0.15502594,1.0569485,0.08771048,0.08771048,1.0,4.392442e-10,5.0078874e-09,-27.747345,2.325333,0.7751111,0.072000004,0.0,0.14999358,12.160183,12.170183,3900800
hardzero_plus_depr__c0p50__z1p10__lam0p010__nu0p50__psi1p25,hardzero_plus_depr,0.02,36,1219,0.0,2,0.15502594,0.15502594,1.043426,0.09048446,0.09048446,1.0,4.4750711e-10,4.945679e-09,-26.962069,2.295583,0.76519436,0.14400001,0.0,0.15745647,12.170183,12.180183,3904000
hardzero_plus_depr__c0p50__z1p10__lam0p010__nu0p50__psi1p25,hardzero_plus_depr,0.02,36,1220,0.0,2,0.15502594,0.15502594,1.0052155,0.09880627,0.09880627,1.0,4.8259347e-10,4.8842392e-09,-26.60227,2.2115183,0.7371728,0.18400002,0.0,0.12375471,12.180183,12.190184,3907200
hardzero_plus_depr__c0p50__z1p10__lam0p010__nu0p50__psi1p25,hardzero_plus_depr,0.02,36,1221,0.0,2,0.15502594,0.15502594,1.0236777,0.094693966,0.094693966,1.0,4.5676227e-10,4.8235624e-09,-27.225485,2.252136,0.75071204,0.18400002,0.0,0.15848778,12.190184,12.200184,3910400
hardzero_plus_depr__c0p50__z1p10__lam0p010__nu0p50__psi1p25,hardzero_plus_depr,0.02,36,1222,0.0,2,0.15502594,0.15502594,0.9780497,0.10518414,0.10518414,1.0,5.0105986e-10,4.7636446e-09,-26.822153,2.1517522,0.71725076,0.17999999,0.0,0.16584352,12.200184,12.210184,3913600
hardzero_plus_depr__c0p50__z1p10__lam0p010__nu0p50__psi1p25,hardzero_plus_depr,0.02,36,1223,0.0,2,0.15502594,0.15502594,0.97844845,0.10508761,0.10508761,1.0,4.9438154e-10,4.7044706e-09,-26.31796,2.1526296,0.71754324,0.128,0.0,0.14929032,12.210184,12.220184,3916800
hardzero_plus_depr__c0p50__z1p10__lam0p010__nu0p50__psi1p25,hardzero_plus_depr,0.02,36,1224,0.0,2,0.15502594,0.15502594,1.0196908,0.095567286,0.095567286,1.0,4.4400816e-10,4.6460267e-09,-27.130459,2.2433643,0.74778813,0.224,0.0,0.14679529,12.220184,12.230185,3920000
hardzero_plus_depr__c0p50__z1p10__lam0p010__nu0p50__psi1p25,hardzero_plus_depr,0.02,36,1225,0.0,2,0.15502594,0.15502594,1.0379193,0.09163907,0.09163907,1.0,4.204684e-10,4.5883093e-09,-27.32434,2.283468,0.761156,0.16800001,0.0,0.15020308,12.230185,12.240185,3923200
hardzero_plus_depr__c0p50__z1p10__lam0p010__nu0p50__psi1p25,hardzero_plus_depr,0.02,36,1226,0.0,2,0.15502594,0.15502594,1.0039299,0.09909919,0.09909919,1.0,4.490495e-10,4.5313135e-09,-27.840467,2.2086897,0.7362299,0.216,0.0,0.17645857,12.240185,12.250185,3926400
hardzero_plus_depr__c0p50__z1p10__lam0p010__nu0p50__psi1p25,hardzero_plus_depr,0.02,36,1227,0.0,2,0.15502594,0.15502594,1.0071009,0.09837824,0.09837824,1.0,4.4024515e-10,4.4750257e-09,-26.16386,2.2156663,0.73855543,0.136,0.0,0.13289706,12.250185,12.260185,3929600
hardzero_plus_depr__c0p50__z1p10__lam0p010__nu0p50__psi1p25,hardzero_plus_depr,0.02,36,1228,0.0,2,0.15502594,0.15502594,0.96941745,0.10729575,0.10729575,1.0,4.741863e-10,4.4194324e-09,-26.539186,2.132761,0.71092033,0.15200001,0.0,0.1342927,12.260185,12.270185,3932800
hardzero_plus_depr__c0p50__z1p10__lam0p010__nu0p50__psi1p25,hardzero_plus_depr,0.02,36,1229,0.0,2,0.15502594,0.15502594,1.0213401,0.09520503,0.09520503,1.0,4.1552523e-10,4.36453e-09,-27.297739,2.246993,0.7489977,0.16000001,0.0,0.15358867,12.270185,12.280186,3936000
hardzero_plus_depr__c0p50__z1p10__lam0p010__nu0p50__psi1p25,hardzero_plus_depr,0.02,36,1230,0.0,2,0.15502594,0.15502594,1.0197932,0.095544755,0.095544755,1.0,4.1182788e-10,4.310314e-09,-26.126808,2.2435896,0.74786323,0.128,0.0,0.15212525,12.280186,12.290186,3939200
hardzero_plus_depr__c0p50__z1p10__lam0p010__nu0p50__psi1p25,hardzero_plus_depr,0.02,36,1231,0.0,2,0.15502594,0.15502594,1.0130702,0.0970353,0.0970353,1.0,4.1305706e-10,4.256771e-09,-26.824867,2.228799,0.74293303,0.14400001,0.0,0.14440875,12.290186,12.300186,3942400
hardzero_plus_depr__c0p50__z1p10__lam0p010__nu0p50__psi1p25,hardzero_plus_depr,0.02,36,1232,0.0,2,0.15502594,0.15502594,0.9835462,0.10386132,0.10386132,1.0,4.3662146e-10,4.2038892e-09,-26.055727,2.1638448,0.72128165,0.15200001,0.0,0.13322666,12.300186,12.310186,3945600
hardzero_plus_depr__c0p50__z1p10__lam0p010__nu0p50__psi1p25,hardzero_plus_depr,0.02,36,1233,0.0,2,0.15502594,0.15502594,1.0382365,0.09157217,0.09157217,1.0,3.8017692e-10,4.1516643e-09,-26.771763,2.2841659,0.76138866,0.128,0.0,0.1612881,12.310186,12.320187,3948800
hardzero_plus_depr__c0p50__z1p10__lam0p010__nu0p50__psi1p25,hardzero_plus_depr,0.02,36,1234,0.0,2,0.15502594,0.15502594,0.9734564,0.106302515,0.106302515,1.0,4.358501e-10,4.1000923e-09,-27.28055,2.1416469,0.7138823,0.23200001,0.0,0.16191141,12.320187,12.330187,3952000
hardzero_plus_depr__c0p50__z1p10__lam0p010__nu0p50__psi1p25,hardzero_plus_depr,0.02,36,1235,0.0,2,0.15502594,0.15502594,1.0103323,0.09764896,0.09764896,1.0,3.953964e-10,4.0491615e-09,-27.515846,2.2227755,0.7409252,0.17,0.0,0.14165632,12.330187,12.340187,3955200
hardzero_plus_depr__c0p50__z1p10__lam0p010__nu0p50__psi1p25,hardzero_plus_depr,0.02,36,1236,0.0,2,0.15502594,0.15502594,1.0585334,0.08739097,0.08739097,1.0,3.4946412e-10,3.9988586e-09,-27.984571,2.32882,0.77627337,0.112,0.0,0.14919609,12.340187,12.350187,3958400
hardzero_plus_depr__c0p50__z1p10__lam0p010__nu0p50__psi1p25,hardzero_plus_depr,0.02,36,1237,0.0,2,0.15502594,0.15502594,1.0136269,0.096911006,0.096911006,1.0,3.827191e-10,3.949181e-09,-26.82308,2.2300239,0.7433413,0.136,0.0,0.13542254,12.350187,12.360188,3961600
hardzero_plus_depr__c0p50__z1p10__lam0p010__nu0p50__psi1p25,hardzero_plus_depr,0.02,36,1238,0.0,2,0.15502594,0.15502594,0.987816,0.10284519,0.10284519,1.0,4.0110903e-10,3.9001242e-09,-26.30434,2.1732385,0.72441286,0.24000001,0.0,0.16597901,12.360188,12.370188,3964800
hardzero_plus_depr__c0p50__z1p10__lam0p010__nu0p50__psi1p25,hardzero_plus_depr,0.02,36,1239,0.0,2,0.15502594,0.15502594,1.0323814,0.09281509,0.09281509,1.0,3.5749378e-10,3.851677e-09,-28.527555,2.2712843,0.7570948,0.112,0.0,0.1543658,12.370188,12.380188,3968000
hardzero_plus_depr__c0p50__z1p10__lam0p010__nu0p50__psi1p25,hardzero_plus_depr,0.02,36,1240,0.0,2,0.15502594,0.15502594,1.0595783,0.08718096,0.08718096,1.0,3.316213e-10,3.8038275e-09,-28.084484,2.3311188,0.77703965,0.17600001,0.0,0.15622967,12.380188,12.390188,3971200
hardzero_plus_depr__c0p50__z1p10__lam0p010__nu0p50__psi1p25,hardzero_plus_depr,0.02,36,1241,0.0,2,0.15502594,0.15502594,1.0138592,0.096859194,0.096859194,1.0,3.638586e-10,3.756573e-09,-26.993906,2.2305346,0.74351156,0.192,0.0,0.17447661,12.390188,12.400188,3974400
hardzero_plus_depr__c0p50__z1p10__lam0p010__nu0p50__psi1p25,hardzero_plus_depr,0.02,36,1242,0.0,2,0.15502594,0.15502594,1.0415448,0.09087725,0.09087725,1.0,3.3714628e-10,3.7099086e-09,-27.506575,2.2914443,0.7638148,0.136,0.0,0.14005026,12.400188,12.410189,3977600
hardzero_plus_depr__c0p50__z1p10__lam0p010__nu0p50__psi1p25,hardzero_plus_depr,0.02,36,1243,0.0,2,0.15502594,0.15502594,1.0395032,0.091305465,0.091305465,1.0,3.3452718e-10,3.6638244e-09,-26.79265,2.2869527,0.7623176,0.136,0.0,0.15657037,12.410189,12.420189,3980800
hardzero_plus_depr__c0p50__z1p10__lam0p010__nu0p50__psi1p25,hardzero_plus_depr,0.02,36,1244,0.0,2,0.15502594,0.15502594,0.9947282,0.10122128,0.10122128,1.0,3.662498e-10,3.6183085e-09,-26.072783,2.1884458,0.72948194,0.14400001,0.0,0.14245673,12.420189,12.430189,3984000
hardzero_plus_depr__c0p50__z1p10__lam0p010__nu0p50__psi1p25,hardzero_plus_depr,0.02,36,1245,0.0,2,0.15502594,0.15502594,0.9924608,0.10175113,0.10175113,1.0,3.6359324e-10,3.5733585e-09,-26.14349,2.1834574,0.72781914,0.208,0.0,0.14570895,12.430189,12.440189,3987200
hardzero_plus_depr__c0p50__z1p10__lam0p010__nu0p50__psi1p25,hardzero_plus_depr,0.02,36,1246,0.0,2,0.15502594,0.15502594,0.9834425,0.10388611,0.10388611,1.0,3.6661096e-10,3.52897e-09,-26.67231,2.1636167,0.7212056,0.16000001,0.0,0.14135177,12.440189,12.45019,3990400
hardzero_plus_depr__c0p50__z1p10__lam0p010__nu0p50__psi1p25,hardzero_plus_depr,0.02,36,1247,0.0,2,0.15502594,0.15502594,1.0020869,0.099520616,0.099520616,1.0,3.468426e-10,3.4851333e-09,-26.692472,2.2046351,0.7348784,0.15200001,0.0,0.15184312,12.45019,12.46019,3993600
hardzero_plus_depr__c0p50__z1p10__lam0p010__nu0p50__psi1p25,hardzero_plus_depr,0.02,36,1248,0.0,2,0.15502594,0.15502594,1.0337554,0.09252191,0.09252191,1.0,3.184454e-10,3.4418377e-09,-27.468618,2.2743073,0.7581024,0.16,0.0,0.16232897,12.46019,12.47019,3996800
hardzero_plus_depr__c0p50__z1p10__lam0p010__nu0p50__psi1p25,hardzero_plus_depr,0.02,36,1249,0.0,2,0.15502594,0.15502594,1.1289167,0.0,0.07431615,0.0,0.0,3.3990801e-09,-29.064949,2.4836664,0.82788885,0.104,0.0,0.1772572,12.47019,12.48019,4000000
