mechanism_tag,alpha,family,seed,update,update_u,update_counter,energy_E_pre,energy_E_post,energy_E_raw,funding_z,funding_g,funding_g_raw,funding_cut_active,funding_income,funding_alpha_eff,support_s,debt_charge,debt_level_pre,debt_level_post,episode_return_end_mean,terminal_min_dists_end_mean,terminal_dbar_end,terminal_occupied_end_mean,terminal_CSR_train,vartd_VarTD,depr_F,depr_F_post
hardzero_only__c0p58__z1p00__lam0p000__nu0p50__psi0p00,0.018,support,49,0,1.0,1,1.0,0.4248,0.4248,1.0489174,0.0,0.08934753,0.0,0.0048,0.018,0.0048,0.0,0.0,0.0,-28.238186,2.3076644,0.7692215,0.17,0.0,0.20320207,0.0,0.0
hardzero_only__c0p58__z1p00__lam0p000__nu0p50__psi0p00,0.018,support,49,1,0.0,1,0.4248,0.4296,0.4296,1.061145,0.0,0.08686704,0.0,0.0048,0.018,0.0048,0.0,0.0,0.0,-27.686884,2.3345654,0.77818847,0.120000005,0.0,0.18665668,0.0,0.0
hardzero_only__c0p58__z1p00__lam0p000__nu0p50__psi0p00,0.018,support,49,2,0.0,1,0.4296,0.43620193,0.43620193,0.99953824,0.10010639,0.10010639,1.0,0.006601915,0.018,0.0048,0.0,0.0,0.0,-26.826368,2.199028,0.73300934,0.16000001,0.0,0.15127218,0.0,0.0
hardzero_only__c0p58__z1p00__lam0p000__nu0p50__psi0p00,0.018,support,49,3,0.0,1,0.43620193,0.44283023,0.44283023,0.99322647,0.10157189,0.10157189,1.0,0.006628294,0.018,0.0048,0.0,0.0,0.0,-26.106695,2.1851418,0.7283806,0.24000001,0.008,0.13665947,0.0,0.0
hardzero_only__c0p58__z1p00__lam0p000__nu0p50__psi0p00,0.018,support,49,4,0.0,1,0.44283023,0.44944373,0.44944373,0.9967601,0.10074879,0.10074879,1.0,0.0066134785,0.018,0.0048,0.0,0.0,0.0,-27.02452,2.192916,0.730972,0.16800001,0.0,0.15254788,0.0,0.0
hardzero_only__c0p58__z1p00__lam0p000__nu0p50__psi0p00,0.018,support,49,5,0.0,1,0.44944373,0.45424372,0.45424372,1.0059454,0.0,0.09864033,0.0,0.0048,0.018,0.0048,0.0,0.0,0.0,-27.164797,2.2131243,0.7377081,0.14400001,0.0,0.1427817,0.0,0.0
hardzero_only__c0p58__z1p00__lam0p000__nu0p50__psi0p00,0.018,support,49,6,0.0,1,0.45424372,0.4590437,0.4590437,1.0267129,0.0,0.09403447,0.0,0.0048,0.018,0.0048,0.0,0.0,0.0,-27.378277,2.2588134,0.7529378,0.120000005,0.0,0.13162997,0.0,0.0
hardzero_only__c0p58__z1p00__lam0p000__nu0p50__psi0p00,0.018,support,49,7,0.0,1,0.4590437,0.4638437,0.4638437,1.064921,0.0,0.08611504,0.0,0.0048,0.018,0.0048,0.0,0.0,0.0,-28.012028,2.342873,0.7809577,0.15200001,0.0,0.17187384,0.0,0.0
hardzero_only__c0p58__z1p00__lam0p000__nu0p50__psi0p00,0.018,support,49,8,0.0,1,0.4638437,0.4686437,0.4686437,1.0154966,0.0,0.09649468,0.0,0.0048,0.018,0.0048,0.0,0.0,0.0,-27.025913,2.234137,0.74471235,0.17600001,0.0,0.15108313,0.0,0.0
hardzero_only__c0p58__z1p00__lam0p000__nu0p50__psi0p00,0.018,support,49,9,0.0,1,0.4686437,0.4734437,0.4734437,1.0307927,0.0,0.093155235,0.0,0.0048,0.018,0.0048,0.0,0.0,0.0,-27.279594,2.2677891,0.7559297,0.16000001,0.0,0.14691359,0.0,0.0
hardzero_only__c0p58__z1p00__lam0p000__nu0p50__psi0p00,0.018,support,49,10,0.0,1,0.4734437,0.47824368,0.47824368,1.0270563,0.0,0.09396014,0.0,0.0048,0.018,0.0048,0.0,0.0,0.0,-27.406977,2.259569,0.7531897,0.2,0.0,0.17873165,0.0,0.0
hardzero_only__c0p58__z1p00__lam0p000__nu0p50__psi0p00,0.018,support,49,11,0.0,1,0.47824368,0.48304367,0.48304367,1.0273985,0.0,0.09388615,0.0,0.0048,0.018,0.0048,0.0,0.0,0.0,-26.753061,2.2603219,0.7534406,0.120000005,0.0,0.13309108,0.0,0.0
hardzero_only__c0p58__z1p00__lam0p000__nu0p50__psi0p00,0.018,support,49,12,0.0,1,0.48304367,0.4896449,0.4896449,0.9997001,0.10006907,0.10006907,1.0,0.0066012433,0.018,0.0048,0.0,0.0,0.0,-26.529596,2.1993842,0.7331281,0.192,0.0,0.16040133,0.0,0.0
hardzero_only__c0p58__z1p00__lam0p000__nu0p50__psi0p00,0.018,support,49,13,0.0,1,0.4896449,0.4944449,0.4944449,1.0504744,0.0,0.089027785,0.0,0.0048,0.018,0.0048,0.0,0.0,0.0,-28.019403,2.3110898,0.7703633,0.17,0.0,0.19399163,0.0,0.0
hardzero_only__c0p58__z1p00__lam0p000__nu0p50__psi0p00,0.018,support,49,14,0.0,1,0.4944449,0.4992449,0.4992449,1.0923171,0.0,0.08085053,0.0,0.0048,0.018,0.0048,0.0,0.0,0.0,-28.601633,2.4031456,0.8010485,0.16800001,0.0,0.17581032,0.0,0.0
hardzero_only__c0p58__z1p00__lam0p000__nu0p50__psi0p00,0.018,support,49,15,0.0,1,0.4992449,0.5059358,0.5059358,0.97860235,0.10505038,0.10505038,1.0,0.006690907,0.018,0.0048,0.0,0.0,0.0,-25.271837,2.1529682,0.7176561,0.16800001,0.0,0.12593155,0.0,0.0
hardzero_only__c0p58__z1p00__lam0p000__nu0p50__psi0p00,0.018,support,49,16,0.0,1,0.5059358,0.5107358,0.5107358,1.1066157,0.0,0.078231975,0.0,0.0048,0.018,0.0048,0.0,0.0,0.0,-27.973837,2.434603,0.81153435,0.104,0.0,0.1774275,0.0,0.0
hardzero_only__c0p58__z1p00__lam0p000__nu0p50__psi0p00,0.018,support,49,17,0.0,1,0.5107358,0.51553583,0.51553583,1.0109931,0.0,0.0975005,0.0,0.0048,0.018,0.0048,0.0,0.0,0.0,-27.267681,2.2242293,0.7414098,0.2,0.0,0.15201749,0.0,0.0
hardzero_only__c0p58__z1p00__lam0p000__nu0p50__psi0p00,0.018,support,49,18,0.0,1,0.51553583,0.52033585,0.52033585,1.0344111,0.0,0.092382334,0.0,0.0048,0.018,0.0048,0.0,0.0,0.0,-27.068466,2.27575,0.7585833,0.128,0.0,0.16280076,0.0,0.0
hardzero_only__c0p58__z1p00__lam0p000__nu0p50__psi0p00,0.018,support,49,19,0.0,1,0.52033585,0.52698153,0.52698153,0.9891188,0.10253715,0.10253715,1.0,0.0066456688,0.018,0.0048,0.0,0.0,0.0,-26.112,2.1761048,0.72536826,0.16800001,0.0,0.14726189,0.0,0.0
hardzero_only__c0p58__z1p00__lam0p000__nu0p50__psi0p00,0.018,support,49,20,0.0,1,0.52698153,0.53178155,0.53178155,1.0491643,0.0,0.08929676,0.0,0.0048,0.018,0.0048,0.0,0.0,0.0,-28.353052,2.3082075,0.7694025,0.17600001,0.0,0.14607757,0.0,0.0
hardzero_only__c0p58__z1p00__lam0p000__nu0p50__psi0p00,0.018,support,49,21,0.0,1,0.53178155,0.5365816,0.5365816,1.0571038,0.0,0.08767913,0.0,0.0048,0.018,0.0048,0.0,0.0,0.0,-27.833847,2.3256748,0.7752249,0.16000001,0.0,0.16345909,0.0,0.0
hardzero_only__c0p58__z1p00__lam0p000__nu0p50__psi0p00,0.018,support,49,22,0.0,1,0.5365816,0.5413816,0.5413816,1.0268586,0.0,0.09400294,0.0,0.0048,0.018,0.0048,0.0,0.0,0.0,-27.972836,2.259134,0.7530447,0.15200001,0.0,0.14541113,0.0,0.0
hardzero_only__c0p58__z1p00__lam0p000__nu0p50__psi0p00,0.018,support,49,23,0.0,1,0.5413816,0.5461816,0.5461816,1.0678246,0.0,0.0855412,0.0,0.0048,0.018,0.0048,0.0,0.0,0.0,-27.841839,2.349261,0.783087,0.136,0.0,0.1579755,0.0,0.0
hardzero_only__c0p58__z1p00__lam0p000__nu0p50__psi0p00,0.018,support,49,24,0.0,1,0.5461816,0.55098164,0.55098164,1.0638242,0.0,0.086332805,0.0,0.0048,0.018,0.0048,0.0,0.0,0.0,-27.544216,2.3404598,0.7801533,0.096,0.0,0.17671962,0.0,0.0
hardzero_only__c0p58__z1p00__lam0p000__nu0p50__psi0p00,0.018,support,49,25,0.0,1,0.55098164,0.55578166,0.55578166,1.0755525,0.0,0.08403256,0.0,0.0048,0.018,0.0048,0.0,0.0,0.0,-28.001398,2.3662627,0.7887542,0.112,0.0,0.19421832,0.0,0.0
hardzero_only__c0p58__z1p00__lam0p000__nu0p50__psi0p00,0.018,support,49,26,0.0,1,0.55578166,0.5605817,0.5605817,1.097984,0.0,0.07980241,0.0,0.0048,0.018,0.0048,0.0,0.0,0.0,-28.615152,2.415613,0.80520433,0.14999999,0.0,0.17928517,0.0,0.0
hardzero_only__c0p58__z1p00__lam0p000__nu0p50__psi0p00,0.018,support,49,27,0.0,1,0.5605817,0.5653817,0.5653817,1.0766839,0.0,0.08381391,0.0,0.0048,0.018,0.0048,0.0,0.0,0.0,-28.597435,2.3687518,0.7895839,0.104,0.0,0.14817765,0.0,0.0
hardzero_only__c0p58__z1p00__lam0p000__nu0p50__psi0p00,0.018,support,49,28,0.0,1,0.5653817,0.57204205,0.57204205,0.9856862,0.10335079,0.10335079,1.0,0.0066603143,0.018,0.0048,0.0,0.0,0.0,-27.955048,2.1685529,0.722851,0.128,0.0,0.15330637,0.0,0.0
hardzero_only__c0p58__z1p00__lam0p000__nu0p50__psi0p00,0.018,support,49,29,0.0,1,0.57204205,0.57684207,0.57684207,1.0478022,0.0,0.08957727,0.0,0.0048,0.018,0.0048,0.0,0.0,0.0,-27.002293,2.3052108,0.76840365,0.208,0.0,0.18776347,0.0,0.0
hardzero_only__c0p58__z1p00__lam0p000__nu0p50__psi0p00,0.018,support,49,30,0.0,1,0.57684207,0.5816421,0.5816421,1.031524,0.0,0.09299853,0.0,0.0048,0.018,0.0048,0.0,0.0,0.0,-27.686665,2.269398,0.75646603,0.192,0.0,0.15465869,0.0,0.0
hardzero_only__c0p58__z1p00__lam0p000__nu0p50__psi0p00,0.018,support,49,31,1.0,2,0.5816421,0.006442108,0.006442108,1.003068,0.0,0.099296056,0.0,0.0048,0.018,0.0048,0.0,0.0,0.0,-26.66944,2.2067935,0.73559785,0.2,0.0,0.17141634,0.0,0.0
hardzero_only__c0p58__z1p00__lam0p000__nu0p50__psi0p00,0.018,support,49,32,0.0,2,0.006442108,0.011242108,0.011242108,1.0200118,0.0,0.095496655,0.0,0.0048,0.018,0.0048,0.0,0.0,0.0,-26.912127,2.2440708,0.7480236,0.16000001,0.0,0.15617539,0.0,0.0
hardzero_only__c0p58__z1p00__lam0p000__nu0p50__psi0p00,0.018,support,49,33,0.0,2,0.011242108,0.017901134,0.017901134,0.9859873,0.10327915,0.10327915,1.0,0.006659025,0.018,0.0048,0.0,0.0,0.0,-26.162107,2.1692154,0.7230718,0.15200001,0.0,0.17733699,0.0,0.0
hardzero_only__c0p58__z1p00__lam0p000__nu0p50__psi0p00,0.018,support,49,34,0.0,2,0.017901134,0.022701133,0.022701133,1.0521307,0.0,0.0886889,0.0,0.0048,0.018,0.0048,0.0,0.0,0.0,-27.679838,2.3147337,0.77157795,0.14400001,0.0,0.1629649,0.0,0.0
hardzero_only__c0p58__z1p00__lam0p000__nu0p50__psi0p00,0.018,support,49,35,0.0,2,0.022701133,0.029424377,0.029424377,0.97123796,0.10684691,0.10684691,1.0,0.0067232447,0.018,0.0048,0.0,0.0,0.0,-26.876118,2.1367662,0.7122554,0.16000001,0.0,0.15651432,0.0,0.0
hardzero_only__c0p58__z1p00__lam0p000__nu0p50__psi0p00,0.018,support,49,36,0.0,2,0.029424377,0.036084075,0.036084075,0.98583055,0.10331645,0.10331645,1.0,0.0066596963,0.018,0.0048,0.0,0.0,0.0,-26.243158,2.1688704,0.72295684,0.18400002,0.0,0.1473819,0.0,0.0
hardzero_only__c0p58__z1p00__lam0p000__nu0p50__psi0p00,0.018,support,49,37,0.0,2,0.036084075,0.040884074,0.040884074,1.0354843,0.0,0.092154324,0.0,0.0048,0.018,0.0048,0.0,0.0,0.0,-27.592789,2.278111,0.7593703,0.080000006,0.0,0.14414497,0.0,0.0
hardzero_only__c0p58__z1p00__lam0p000__nu0p50__psi0p00,0.018,support,49,38,0.0,2,0.040884074,0.045684073,0.045684073,1.0132728,0.0,0.09699006,0.0,0.0048,0.018,0.0048,0.0,0.0,0.0,-27.070919,2.2292447,0.74308157,0.208,0.0,0.1749079,0.0,0.0
hardzero_only__c0p58__z1p00__lam0p000__nu0p50__psi0p00,0.018,support,49,39,0.0,2,0.045684073,0.050484072,0.050484072,1.010344,0.0,0.09764633,0.0,0.0048,0.018,0.0048,0.0,0.0,0.0,-27.161493,2.2228012,0.7409338,0.16,0.0,0.15694146,0.0,0.0
hardzero_only__c0p58__z1p00__lam0p000__nu0p50__psi0p00,0.018,support,49,40,0.0,2,0.050484072,0.057145704,0.057145704,0.98537916,0.10342387,0.10342387,1.0,0.00666163,0.018,0.0048,0.0,0.0,0.0,-26.309507,2.1678774,0.72262585,0.2,0.0,0.1396485,0.0,0.0
hardzero_only__c0p58__z1p00__lam0p000__nu0p50__psi0p00,0.018,support,49,41,0.0,2,0.057145704,0.061945703,0.061945703,1.0158713,0.0,0.09641146,0.0,0.0048,0.018,0.0048,0.0,0.0,0.0,-27.5202,2.2349615,0.7449872,0.14400001,0.0,0.14147046,0.0,0.0
hardzero_only__c0p58__z1p00__lam0p000__nu0p50__psi0p00,0.018,support,49,42,0.0,2,0.061945703,0.06858578,0.06858578,0.9904355,0.10222675,0.10222675,1.0,0.0066400818,0.018,0.0048,0.0,0.0,0.0,-26.885944,2.1790016,0.72633386,0.136,0.0,0.13102175,0.0,0.0
hardzero_only__c0p58__z1p00__lam0p000__nu0p50__psi0p00,0.018,support,49,43,0.0,2,0.06858578,0.07524227,0.07524227,0.98658043,0.10313821,0.10313821,1.0,0.006656488,0.018,0.0048,0.0,0.0,0.0,-25.961933,2.1705203,0.7235068,0.192,0.0,0.15291648,0.0,0.0
hardzero_only__c0p58__z1p00__lam0p000__nu0p50__psi0p00,0.018,support,49,44,0.0,2,0.07524227,0.08004227,0.08004227,1.0141234,0.0,0.09680026,0.0,0.0048,0.018,0.0048,0.0,0.0,0.0,-26.925583,2.231116,0.7437054,0.112,0.0,0.16913958,0.0,0.0
hardzero_only__c0p58__z1p00__lam0p000__nu0p50__psi0p00,0.018,support,49,45,0.0,2,0.08004227,0.08484227,0.08484227,1.0433693,0.0,0.09049629,0.0,0.0048,0.018,0.0048,0.0,0.0,0.0,-27.014248,2.2954583,0.7651528,0.16800001,0.0,0.15973392,0.0,0.0
hardzero_only__c0p58__z1p00__lam0p000__nu0p50__psi0p00,0.018,support,49,46,0.0,2,0.08484227,0.08964227,0.08964227,1.0015732,0.0,0.099638395,0.0,0.0048,0.018,0.0048,0.0,0.0,0.0,-27.116873,2.203505,0.7345017,0.192,0.0,0.13737212,0.0,0.0
hardzero_only__c0p58__z1p00__lam0p000__nu0p50__psi0p00,0.018,support,49,47,0.0,2,0.08964227,0.09444227,0.09444227,1.0201437,0.0,0.09546765,0.0,0.0048,0.018,0.0048,0.0,0.0,0.0,-26.857052,2.2443612,0.7481204,0.17600001,0.0,0.15689327,0.0,0.0
hardzero_only__c0p58__z1p00__lam0p000__nu0p50__psi0p00,0.018,support,49,48,0.0,2,0.09444227,0.10119043,0.10119043,0.9656465,0.10823145,0.10823145,1.0,0.006748166,0.018,0.0048,0.0,0.0,0.0,-26.198908,2.1244648,0.7081549,0.224,0.0,0.14497045,0.0,0.0
hardzero_only__c0p58__z1p00__lam0p000__nu0p50__psi0p00,0.018,support,49,49,0.0,2,0.10119043,0.107839294,0.107839294,0.9883677,0.10271463,0.10271463,1.0,0.0066488637,0.018,0.0048,0.0,0.0,0.0,-26.164364,2.1744523,0.72481745,0.192,0.0,0.15934044,0.0,0.0
hardzero_only__c0p58__z1p00__lam0p000__nu0p50__psi0p00,0.018,support,49,50,0.0,2,0.107839294,0.11263929,0.11263929,1.0464791,0.0,0.08985059,0.0,0.0048,0.018,0.0048,0.0,0.0,0.0,-27.296246,2.3023,0.76743335,0.080000006,0.0,0.1665777,0.0,0.0
hardzero_only__c0p58__z1p00__lam0p000__nu0p50__psi0p00,0.018,support,49,51,0.0,2,0.11263929,0.11743929,0.11743929,1.0325454,0.0,0.092780024,0.0,0.0048,0.018,0.0048,0.0,0.0,0.0,-27.728638,2.2716453,0.75721514,0.136,0.0,0.15660818,0.0,0.0
hardzero_only__c0p58__z1p00__lam0p000__nu0p50__psi0p00,0.018,support,49,52,0.0,2,0.11743929,0.12223929,0.12223929,1.0450464,0.0,0.090147465,0.0,0.0048,0.018,0.0048,0.0,0.0,0.0,-28.355324,2.299148,0.7663827,0.14,0.0,0.1782785,0.0,0.0
hardzero_only__c0p58__z1p00__lam0p000__nu0p50__psi0p00,0.018,support,49,53,0.0,2,0.12223929,0.1270393,0.1270393,1.0201027,0.0,0.09547667,0.0,0.0048,0.018,0.0048,0.0,0.0,0.0,-27.711178,2.2442708,0.74809027,0.16000001,0.0,0.14434731,0.0,0.0
hardzero_only__c0p58__z1p00__lam0p000__nu0p50__psi0p00,0.018,support,49,54,0.0,2,0.1270393,0.1318393,0.1318393,1.0264,0.0,0.094102256,0.0,0.0048,0.018,0.0048,0.0,0.0,0.0,-27.93981,2.258125,0.7527084,0.14400001,0.0,0.16939984,0.0,0.0
hardzero_only__c0p58__z1p00__lam0p000__nu0p50__psi0p00,0.018,support,49,55,0.0,2,0.1318393,0.13663931,0.13663931,1.036431,0.0,0.09195366,0.0,0.0048,0.018,0.0048,0.0,0.0,0.0,-27.875408,2.2801936,0.76006454,0.128,0.0,0.16573134,0.0,0.0
hardzero_only__c0p58__z1p00__lam0p000__nu0p50__psi0p00,0.018,support,49,56,0.0,2,0.13663931,0.14143932,0.14143932,1.033167,0.0,0.09264735,0.0,0.0048,0.018,0.0048,0.0,0.0,0.0,-27.323322,2.2730129,0.757671,0.16000001,0.0,0.14504021,0.0,0.0
hardzero_only__c0p58__z1p00__lam0p000__nu0p50__psi0p00,0.018,support,49,57,0.0,2,0.14143932,0.1480803,0.1480803,0.99022317,0.10227672,0.10227672,1.0,0.006640981,0.018,0.0048,0.0,0.0,0.0,-26.395119,2.1785345,0.72617817,0.16000001,0.0,0.15013959,0.0,0.0
hardzero_only__c0p58__z1p00__lam0p000__nu0p50__psi0p00,0.018,support,49,58,0.0,2,0.1480803,0.15288031,0.15288031,1.0728049,0.0,0.08456586,0.0,0.0048,0.018,0.0048,0.0,0.0,0.0,-28.09053,2.360218,0.78673935,0.16000001,0.0,0.16729683,0.0,0.0
hardzero_only__c0p58__z1p00__lam0p000__nu0p50__psi0p00,0.018,support,49,59,0.0,2,0.15288031,0.15768032,0.15768032,1.0110288,0.0,0.0974925,0.0,0.0048,0.018,0.0048,0.0,0.0,0.0,-27.294939,2.2243078,0.74143595,0.15200001,0.0,0.13994856,0.0,0.0
hardzero_only__c0p58__z1p00__lam0p000__nu0p50__psi0p00,0.018,support,49,60,0.0,2,0.15768032,0.16248032,0.16248032,1.0068527,0.0,0.09843448,0.0,0.0048,0.018,0.0048,0.0,0.0,0.0,-27.197044,2.2151203,0.73837346,0.128,0.0,0.14277555,0.0,0.0
hardzero_only__c0p58__z1p00__lam0p000__nu0p50__psi0p00,0.018,support,49,61,0.0,2,0.16248032,0.16912515,0.16912515,0.98931605,0.10249058,0.10249058,1.0,0.0066448306,0.018,0.0048,0.0,0.0,0.0,-26.054913,2.1765387,0.7255129,0.16000001,0.0,0.12640919,0.0,0.0
hardzero_only__c0p58__z1p00__lam0p000__nu0p50__psi0p00,0.018,support,49,62,0.0,2,0.16912515,0.17572883,0.17572883,0.99911296,0.10020446,0.10020446,1.0,0.0066036806,0.018,0.0048,0.0,0.0,0.0,-26.990084,2.1980925,0.7326975,0.112,0.0,0.123778,0.0,0.0
hardzero_only__c0p58__z1p00__lam0p000__nu0p50__psi0p00,0.018,support,49,63,0.0,2,0.17572883,0.18052883,0.18052883,1.0188481,0.0,0.09575289,0.0,0.0048,0.018,0.0048,0.0,0.0,0.0,-27.149723,2.2415104,0.74717015,0.14400001,0.0,0.16621527,0.0,0.0
hardzero_only__c0p58__z1p00__lam0p000__nu0p50__psi0p00,0.018,support,49,64,0.0,2,0.18052883,0.18532884,0.18532884,1.0248461,0.0,0.09443955,0.0,0.0048,0.018,0.0048,0.0,0.0,0.0,-27.56731,2.2547064,0.7515688,0.17600001,0.0,0.173882,0.0,0.0
hardzero_only__c0p58__z1p00__lam0p000__nu0p50__psi0p00,0.018,support,49,65,0.0,2,0.18532884,0.19195957,0.19195957,0.9926482,0.10170723,0.10170723,1.0,0.0066307303,0.018,0.0048,0.0,0.0,0.0,-27.645813,2.1838696,0.72795653,0.19999999,0.0,0.15103082,0.0,0.0
hardzero_only__c0p58__z1p00__lam0p000__nu0p50__psi0p00,0.018,support,49,66,0.0,2,0.19195957,0.19857034,0.19857034,0.9974118,0.10059773,0.10059773,1.0,0.0066107595,0.018,0.0048,0.0,0.0,0.0,-26.519884,2.1943498,0.73144996,0.072000004,0.0,0.12981372,0.0,0.0
hardzero_only__c0p58__z1p00__lam0p000__nu0p50__psi0p00,0.018,support,49,67,0.0,2,0.19857034,0.20337035,0.20337035,1.0044445,0.0,0.09898183,0.0,0.0048,0.018,0.0048,0.0,0.0,0.0,-26.847385,2.209822,0.7366073,0.18400002,0.0,0.15396844,0.0,0.0
hardzero_only__c0p58__z1p00__lam0p000__nu0p50__psi0p00,0.018,support,49,68,0.0,2,0.20337035,0.21006615,0.21006615,0.9774776,0.10532278,0.10532278,1.0,0.0066958102,0.018,0.0048,0.0,0.0,0.0,-25.90642,2.1504936,0.7168312,0.192,0.0,0.15134466,0.0,0.0
hardzero_only__c0p58__z1p00__lam0p000__nu0p50__psi0p00,0.018,support,49,69,0.0,2,0.21006615,0.21486616,0.21486616,1.0570823,0.0,0.08768346,0.0,0.0048,0.018,0.0048,0.0,0.0,0.0,-28.292414,2.3256276,0.7752092,0.128,0.0,0.15191673,0.0,0.0
hardzero_only__c0p58__z1p00__lam0p000__nu0p50__psi0p00,0.018,support,49,70,0.0,2,0.21486616,0.21966617,0.21966617,1.0346829,0.0,0.09232453,0.0,0.0048,0.018,0.0048,0.0,0.0,0.0,-27.364412,2.2763479,0.7587826,0.15200001,0.0,0.14542456,0.0,0.0
hardzero_only__c0p58__z1p00__lam0p000__nu0p50__psi0p00,0.018,support,49,71,0.0,2,0.21966617,0.22446617,0.22446617,1.025557,0.0,0.09428508,0.0,0.0048,0.018,0.0048,0.0,0.0,0.0,-27.797968,2.2562706,0.7520902,0.14400001,0.0,0.15573066,0.0,0.0
hardzero_only__c0p58__z1p00__lam0p000__nu0p50__psi0p00,0.018,support,49,72,0.0,2,0.22446617,0.22926618,0.22926618,1.0160785,0.0,0.09636548,0.0,0.0048,0.018,0.0048,0.0,0.0,0.0,-27.055258,2.2354174,0.7451391,0.14400001,0.0,0.16914307,0.0,0.0
hardzero_only__c0p58__z1p00__lam0p000__nu0p50__psi0p00,0.018,support,49,73,0.0,2,0.22926618,0.23406619,0.23406619,1.0154395,0.0,0.09650736,0.0,0.0048,0.018,0.0048,0.0,0.0,0.0,-27.292849,2.2340114,0.7446705,0.17600001,0.0,0.14349757,0.0,0.0
hardzero_only__c0p58__z1p00__lam0p000__nu0p50__psi0p00,0.018,support,49,74,0.0,2,0.23406619,0.2388662,0.2388662,1.0187432,0.0,0.09577602,0.0,0.0048,0.018,0.0048,0.0,0.0,0.0,-26.964657,2.2412796,0.7470932,0.104,0.0,0.16886678,0.0,0.0
hardzero_only__c0p58__z1p00__lam0p000__nu0p50__psi0p00,0.018,support,49,75,0.0,2,0.2388662,0.2436662,0.2436662,1.0519955,0.0,0.08871652,0.0,0.0048,0.018,0.0048,0.0,0.0,0.0,-27.815662,2.3144364,0.77147883,0.048,0.0,0.13136144,0.0,0.0
hardzero_only__c0p58__z1p00__lam0p000__nu0p50__psi0p00,0.018,support,49,76,0.0,2,0.2436662,0.24846621,0.24846621,1.0145928,0.0,0.09669571,0.0,0.0048,0.018,0.0048,0.0,0.0,0.0,-26.833473,2.2321486,0.74404955,0.104,0.0,0.132244,0.0,0.0
hardzero_only__c0p58__z1p00__lam0p000__nu0p50__psi0p00,0.018,support,49,77,0.0,2,0.24846621,0.25326622,0.25326622,1.0277225,0.0,0.09381612,0.0,0.0048,0.018,0.0048,0.0,0.0,0.0,-28.270449,2.2610347,0.75367826,0.136,0.0,0.18374369,0.0,0.0
hardzero_only__c0p58__z1p00__lam0p000__nu0p50__psi0p00,0.018,support,49,78,0.0,2,0.25326622,0.2580662,0.2580662,1.0141984,0.0,0.09678355,0.0,0.0048,0.018,0.0048,0.0,0.0,0.0,-26.814125,2.231281,0.74376035,0.26999998,0.0,0.17598104,0.0,0.0
hardzero_only__c0p58__z1p00__lam0p000__nu0p50__psi0p00,0.018,support,49,79,0.0,2,0.2580662,0.2628662,0.2628662,1.0615842,0.0,0.086779214,0.0,0.0048,0.018,0.0048,0.0,0.0,0.0,-27.684547,2.335532,0.7785107,0.104,0.0,0.15718195,0.0,0.0
hardzero_only__c0p58__z1p00__lam0p000__nu0p50__psi0p00,0.018,support,49,80,0.0,2,0.2628662,0.26957133,0.26957133,0.97534466,0.10584134,0.10584134,1.0,0.0067051444,0.018,0.0048,0.0,0.0,0.0,-25.764612,2.145801,0.71526706,0.192,0.0,0.15084767,0.0,0.0
hardzero_only__c0p58__z1p00__lam0p000__nu0p50__psi0p00,0.018,support,49,81,0.0,2,0.26957133,0.27437133,0.27437133,1.0515907,0.0,0.08879926,0.0,0.0048,0.018,0.0048,0.0,0.0,0.0,-28.104025,2.3135457,0.77118194,0.136,0.0,0.16936624,0.0,0.0
hardzero_only__c0p58__z1p00__lam0p000__nu0p50__psi0p00,0.018,support,49,82,0.0,2,0.27437133,0.27917132,0.27917132,1.0323511,0.0,0.09282155,0.0,0.0048,0.018,0.0048,0.0,0.0,0.0,-27.798538,2.2712178,0.7570726,0.17600001,0.0,0.15877837,0.0,0.0
hardzero_only__c0p58__z1p00__lam0p000__nu0p50__psi0p00,0.018,support,49,83,0.0,2,0.27917132,0.2839713,0.2839713,1.027594,0.0,0.09384391,0.0,0.0048,0.018,0.0048,0.0,0.0,0.0,-27.6054,2.260752,0.753584,0.080000006,0.0,0.16383334,0.0,0.0
hardzero_only__c0p58__z1p00__lam0p000__nu0p50__psi0p00,0.018,support,49,84,0.0,2,0.2839713,0.2887713,0.2887713,1.0426713,0.0,0.09064182,0.0,0.0048,0.018,0.0048,0.0,0.0,0.0,-27.38377,2.2939227,0.7646409,0.136,0.0,0.16530806,0.0,0.0
hardzero_only__c0p58__z1p00__lam0p000__nu0p50__psi0p00,0.018,support,49,85,0.0,2,0.2887713,0.2935713,0.2935713,1.0144969,0.0,0.096717045,0.0,0.0048,0.018,0.0048,0.0,0.0,0.0,-27.494324,2.231938,0.74397933,0.136,0.008,0.15281112,0.0,0.0
hardzero_only__c0p58__z1p00__lam0p000__nu0p50__psi0p00,0.018,support,49,86,0.0,2,0.2935713,0.2983713,0.2983713,1.0922197,0.0,0.08086867,0.0,0.0048,0.018,0.0048,0.0,0.0,0.0,-27.751322,2.4029312,0.8009771,0.120000005,0.0,0.17021891,0.0,0.0
hardzero_only__c0p58__z1p00__lam0p000__nu0p50__psi0p00,0.018,support,49,87,0.0,2,0.2983713,0.30503836,0.30503836,0.9841123,0.10372601,0.10372601,1.0,0.006667068,0.018,0.0048,0.0,0.0,0.0,-26.467054,2.1650903,0.7216968,0.18400002,0.0,0.1403944,0.0,0.0
hardzero_only__c0p58__z1p00__lam0p000__nu0p50__psi0p00,0.018,support,49,88,0.0,2,0.30503836,0.31168225,0.31168225,0.9895361,0.102438666,0.102438666,1.0,0.006643896,0.018,0.0048,0.0,0.0,0.0,-26.414412,2.177023,0.72567433,0.264,0.0,0.16613711,0.0,0.0
hardzero_only__c0p58__z1p00__lam0p000__nu0p50__psi0p00,0.018,support,49,89,0.0,2,0.31168225,0.3183557,0.3183557,0.9826313,0.10408033,0.10408033,1.0,0.006673446,0.018,0.0048,0.0,0.0,0.0,-26.856472,2.161832,0.72061074,0.23200001,0.0,0.14238434,0.0,0.0
hardzero_only__c0p58__z1p00__lam0p000__nu0p50__psi0p00,0.018,support,49,90,0.0,2,0.3183557,0.32502472,0.32502472,0.98366183,0.10383366,0.10383366,1.0,0.0066690063,0.018,0.0048,0.0,0.0,0.0,-26.687849,2.1640992,0.7213664,0.128,0.0,0.14043814,0.0,0.0
hardzero_only__c0p58__z1p00__lam0p000__nu0p50__psi0p00,0.018,support,49,91,0.0,2,0.32502472,0.32982472,0.32982472,1.0294771,0.0,0.093437865,0.0,0.0048,0.018,0.0048,0.0,0.0,0.0,-26.853058,2.264895,0.754965,0.17,0.0,0.1487515,0.0,0.0
hardzero_only__c0p58__z1p00__lam0p000__nu0p50__psi0p00,0.018,support,49,92,0.0,2,0.32982472,0.3346247,0.3346247,1.0224643,0.0,0.09495892,0.0,0.0048,0.018,0.0048,0.0,0.0,0.0,-27.342196,2.2494664,0.74982214,0.136,0.0,0.1625736,0.0,0.0
hardzero_only__c0p58__z1p00__lam0p000__nu0p50__psi0p00,0.018,support,49,93,0.0,2,0.3346247,0.3394247,0.3394247,1.0292333,0.0,0.09349032,0.0,0.0048,0.018,0.0048,0.0,0.0,0.0,-26.978474,2.2643585,0.7547862,0.192,0.0,0.12400111,0.0,0.0
hardzero_only__c0p58__z1p00__lam0p000__nu0p50__psi0p00,0.018,support,49,94,0.0,2,0.3394247,0.3442247,0.3442247,1.0623678,0.0,0.0866228,0.0,0.0048,0.018,0.0048,0.0,0.0,0.0,-27.386236,2.3372557,0.7790853,0.16800001,0.0,0.13813464,0.0,0.0
hardzero_only__c0p58__z1p00__lam0p000__nu0p50__psi0p00,0.018,support,49,95,0.0,2,0.3442247,0.34902468,0.34902468,1.0031801,0.0,0.09927042,0.0,0.0048,0.018,0.0048,0.0,0.0,0.0,-28.04491,2.2070403,0.7356801,0.16800001,0.0,0.12288601,0.0,0.0
hardzero_only__c0p58__z1p00__lam0p000__nu0p50__psi0p00,0.018,support,49,96,0.0,2,0.34902468,0.35382468,0.35382468,1.039889,0.0,0.09122441,0.0,0.0048,0.018,0.0048,0.0,0.0,0.0,-28.087355,2.2878015,0.76260054,0.128,0.0,0.1553709,0.0,0.0
hardzero_only__c0p58__z1p00__lam0p000__nu0p50__psi0p00,0.018,support,49,97,0.0,2,0.35382468,0.35862467,0.35862467,1.0037537,0.0,0.0991394,0.0,0.0048,0.018,0.0048,0.0,0.0,0.0,-26.982916,2.208302,0.7361007,0.128,0.0,0.14930552,0.0,0.0
hardzero_only__c0p58__z1p00__lam0p000__nu0p50__psi0p00,0.018,support,49,98,0.0,2,0.35862467,0.36342466,0.36342466,1.0476468,0.0,0.08960934,0.0,0.0048,0.018,0.0048,0.0,0.0,0.0,-26.917803,2.304869,0.7682897,0.14400001,0.0,0.15286405,0.0,0.0
hardzero_only__c0p58__z1p00__lam0p000__nu0p50__psi0p00,0.018,support,49,99,0.0,2,0.36342466,0.3700666,0.3700666,0.9899916,0.102331266,0.102331266,1.0,0.006641963,0.018,0.0048,0.0,0.0,0.0,-27.67614,2.178025,0.72600836,0.2,0.0,0.1387289,0.0,0.0
hardzero_only__c0p58__z1p00__lam0p000__nu0p50__psi0p00,0.018,support,49,100,0.0,2,0.3700666,0.3748666,0.3748666,1.080632,0.0,0.08305542,0.0,0.0048,0.018,0.0048,0.0,0.0,0.0,-28.767292,2.3774378,0.7924793,0.15200001,0.0,0.15940525,0.0,0.0
hardzero_only__c0p58__z1p00__lam0p000__nu0p50__psi0p00,0.018,support,49,101,0.0,2,0.3748666,0.3815491,0.3815491,0.9805423,0.10458216,0.10458216,1.0,0.006682479,0.018,0.0048,0.0,0.0,0.0,-26.857737,2.157236,0.7190787,0.208,0.0,0.15833703,0.0,0.0
hardzero_only__c0p58__z1p00__lam0p000__nu0p50__psi0p00,0.018,support,49,102,0.0,2,0.3815491,0.38634908,0.38634908,1.1031675,0.0,0.07885559,0.0,0.0048,0.018,0.0048,0.0,0.0,0.0,-27.801865,2.427017,0.8090057,0.104,0.0,0.15589276,0.0,0.0
hardzero_only__c0p58__z1p00__lam0p000__nu0p50__psi0p00,0.018,support,49,103,0.0,2,0.38634908,0.39114907,0.39114907,1.060338,0.0,0.08702859,0.0,0.0048,0.018,0.0048,0.0,0.0,0.0,-27.344202,2.3327901,0.7775967,0.16800001,0.0,0.1667476,0.0,0.0
hardzero_only__c0p58__z1p00__lam0p000__nu0p50__psi0p00,0.018,support,49,104,0.0,2,0.39114907,0.39594907,0.39594907,1.0733631,0.0,0.08445724,0.0,0.0048,0.018,0.0048,0.0,0.0,0.0,-28.772247,2.361446,0.78714865,0.16,0.0,0.1832181,0.0,0.0
hardzero_only__c0p58__z1p00__lam0p000__nu0p50__psi0p00,0.018,support,49,105,0.0,2,0.39594907,0.402709,0.402709,0.96303165,0.10888507,0.10888507,1.0,0.0067599313,0.018,0.0048,0.0,0.0,0.0,-26.551407,2.118712,0.7062373,0.2,0.0,0.16048078,0.0,0.0
hardzero_only__c0p58__z1p00__lam0p000__nu0p50__psi0p00,0.018,support,49,106,0.0,2,0.402709,0.407509,0.407509,1.0464299,0.0,0.08986077,0.0,0.0048,0.018,0.0048,0.0,0.0,0.0,-27.978992,2.3021917,0.7673973,0.128,0.0,0.1671086,0.0,0.0
hardzero_only__c0p58__z1p00__lam0p000__nu0p50__psi0p00,0.018,support,49,107,0.0,2,0.407509,0.412309,0.412309,1.0618454,0.0,0.08672705,0.0,0.0048,0.018,0.0048,0.0,0.0,0.0,-27.22575,2.3361065,0.7787022,0.080000006,0.0,0.14465465,0.0,0.0
hardzero_only__c0p58__z1p00__lam0p000__nu0p50__psi0p00,0.018,support,49,108,0.0,2,0.412309,0.41710898,0.41710898,1.0452169,0.0,0.0901121,0.0,0.0048,0.018,0.0048,0.0,0.0,0.0,-27.929205,2.299523,0.76650774,0.14400001,0.0,0.16706555,0.0,0.0
hardzero_only__c0p58__z1p00__lam0p000__nu0p50__psi0p00,0.018,support,49,109,0.0,2,0.41710898,0.42190897,0.42190897,1.0138594,0.0,0.09685914,0.0,0.0048,0.018,0.0048,0.0,0.0,0.0,-27.914698,2.2305353,0.7435118,0.18400002,0.0,0.15816502,0.0,0.0
hardzero_only__c0p58__z1p00__lam0p000__nu0p50__psi0p00,0.018,support,49,110,0.0,2,0.42190897,0.42670897,0.42670897,1.0273063,0.0,0.093906075,0.0,0.0048,0.018,0.0048,0.0,0.0,0.0,-27.5032,2.260119,0.753373,0.2,0.0,0.13910535,0.0,0.0
hardzero_only__c0p58__z1p00__lam0p000__nu0p50__psi0p00,0.018,support,49,111,0.0,2,0.42670897,0.43150896,0.43150896,1.0257162,0.0,0.09425054,0.0,0.0048,0.018,0.0048,0.0,0.0,0.0,-26.676756,2.2566206,0.7522069,0.104,0.0,0.13725917,0.0,0.0
hardzero_only__c0p58__z1p00__lam0p000__nu0p50__psi0p00,0.018,support,49,112,0.0,2,0.43150896,0.4381419,0.4381419,0.9921228,0.10183034,0.10183034,1.0,0.0066329464,0.018,0.0048,0.0,0.0,0.0,-25.78055,2.1827137,0.72757125,0.15200001,0.0,0.14747122,0.0,0.0
hardzero_only__c0p58__z1p00__lam0p000__nu0p50__psi0p00,0.018,support,49,113,0.0,2,0.4381419,0.44479674,0.44479674,0.98696625,0.103046626,0.103046626,1.0,0.0066548395,0.018,0.0048,0.0,0.0,0.0,-27.048891,2.171369,0.7237897,0.24000001,0.0,0.14887485,0.0,0.0
hardzero_only__c0p58__z1p00__lam0p000__nu0p50__psi0p00,0.018,support,49,114,0.0,2,0.44479674,0.44959673,0.44959673,1.0604582,0.0,0.087004505,0.0,0.0048,0.018,0.0048,0.0,0.0,0.0,-27.558485,2.3330545,0.77768487,0.16000001,0.0,0.16439949,0.0,0.0
hardzero_only__c0p58__z1p00__lam0p000__nu0p50__psi0p00,0.018,support,49,115,0.0,2,0.44959673,0.45439672,0.45439672,1.0351008,0.0,0.09223572,0.0,0.0048,0.018,0.0048,0.0,0.0,0.0,-27.317915,2.2772672,0.7590891,0.14400001,0.0,0.13696925,0.0,0.0
hardzero_only__c0p58__z1p00__lam0p000__nu0p50__psi0p00,0.018,support,49,116,0.0,2,0.45439672,0.45919672,0.45919672,1.0149982,0.0,0.09660548,0.0,0.0048,0.018,0.0048,0.0,0.0,0.0,-26.684889,2.2330406,0.74434686,0.104,0.0,0.14506222,0.0,0.0
hardzero_only__c0p58__z1p00__lam0p000__nu0p50__psi0p00,0.018,support,49,117,0.0,2,0.45919672,0.4639967,0.4639967,1.0912948,0.0,0.08104108,0.0,0.0048,0.018,0.0048,0.0,0.0,0.0,-28.498144,2.4008965,0.80029887,0.13,0.0,0.16268301,0.0,0.0
hardzero_only__c0p58__z1p00__lam0p000__nu0p50__psi0p00,0.018,support,49,118,0.0,2,0.4639967,0.4687967,0.4687967,1.0087658,0.0,0.09800182,0.0,0.0048,0.018,0.0048,0.0,0.0,0.0,-26.667055,2.219329,0.7397764,0.16800001,0.0,0.14976402,0.0,0.0
hardzero_only__c0p58__z1p00__lam0p000__nu0p50__psi0p00,0.018,support,49,119,0.0,2,0.4687967,0.4735967,0.4735967,1.0003804,0.0,0.09991244,0.0,0.0048,0.018,0.0048,0.0,0.0,0.0,-27.25954,2.2008808,0.73362696,0.128,0.0,0.16921622,0.0,0.0
hardzero_only__c0p58__z1p00__lam0p000__nu0p50__psi0p00,0.018,support,49,120,0.0,2,0.4735967,0.47839668,0.47839668,1.039318,0.0,0.091344416,0.0,0.0048,0.018,0.0048,0.0,0.0,0.0,-27.371986,2.2865453,0.76218176,0.224,0.0,0.15195508,0.0,0.0
hardzero_only__c0p58__z1p00__lam0p000__nu0p50__psi0p00,0.018,support,49,121,0.0,2,0.47839668,0.48319668,0.48319668,1.0217437,0.0,0.09511659,0.0,0.0048,0.018,0.0048,0.0,0.0,0.0,-27.441196,2.247881,0.7492937,0.14400001,0.0,0.14559937,0.0,0.0
hardzero_only__c0p58__z1p00__lam0p000__nu0p50__psi0p00,0.018,support,49,122,0.0,2,0.48319668,0.48799667,0.48799667,1.0092726,0.0,0.09788754,0.0,0.0048,0.018,0.0048,0.0,0.0,0.0,-26.551655,2.220444,0.740148,0.136,0.0,0.16143435,0.0,0.0
hardzero_only__c0p58__z1p00__lam0p000__nu0p50__psi0p00,0.018,support,49,123,0.0,2,0.48799667,0.49279666,0.49279666,1.0407404,0.0,0.09104574,0.0,0.0048,0.018,0.0048,0.0,0.0,0.0,-28.071756,2.2896745,0.76322484,0.120000005,0.0,0.13628688,0.0,0.0
hardzero_only__c0p58__z1p00__lam0p000__nu0p50__psi0p00,0.018,support,49,124,0.0,2,0.49279666,0.49940228,0.49940228,0.9986451,0.10031246,0.10031246,1.0,0.006605624,0.018,0.0048,0.0,0.0,0.0,-26.729025,2.1970632,0.7323544,0.18400002,0.0,0.1662422,0.0,0.0
hardzero_only__c0p58__z1p00__lam0p000__nu0p50__psi0p00,0.018,support,49,125,0.0,2,0.49940228,0.49940228,0.49940228,1.0342512,0.0,0.092416346,0.0,0.0,0.018,0.0,0.0,0.0,0.0,-26.837397,2.275398,0.758466,0.16800001,0.0,0.16374244,0.0,0.0
hardzero_only__c0p58__z1p00__lam0p000__nu0p50__psi0p00,0.018,support,49,126,0.0,2,0.49940228,0.50123596,0.50123596,0.9919476,0.10187142,0.10187142,1.0,0.0018336856,0.018,0.0,0.0,0.0,0.0,-26.718748,2.1823282,0.72744274,0.2,0.0,0.15833548,0.0,0.0
hardzero_only__c0p58__z1p00__lam0p000__nu0p50__psi0p00,0.018,support,49,127,0.0,2,0.50123596,0.50123596,0.50123596,1.0281717,0.0,0.09371913,0.0,0.0,0.018,0.0,0.0,0.0,0.0,-27.600805,2.2620227,0.7540076,0.136,0.0,0.18717334,0.0,0.0
hardzero_only__c0p58__z1p00__lam0p000__nu0p50__psi0p00,0.018,support,49,128,0.0,2,0.50123596,0.5030538,0.5030538,0.99572337,0.1009896,0.1009896,1.0,0.0018178128,0.018,0.0,0.0,0.0,0.0,-26.94647,2.1906352,0.73021173,0.16800001,0.0,0.14275071,0.0,0.0
hardzero_only__c0p58__z1p00__lam0p000__nu0p50__psi0p00,0.018,support,49,129,0.0,2,0.5030538,0.5050184,0.5050184,0.9619862,0.10914751,0.10914751,1.0,0.001964655,0.018,0.0,0.0,0.0,0.0,-26.027178,2.116412,0.7054707,0.2,0.0,0.13637578,0.0,0.0
hardzero_only__c0p58__z1p00__lam0p000__nu0p50__psi0p00,0.018,support,49,130,0.0,2,0.5050184,0.5050184,0.5050184,1.0601562,0.0,0.08706503,0.0,0.0,0.018,0.0,0.0,0.0,0.0,-27.85575,2.3323903,0.77746344,0.19999999,0.0,0.15757042,0.0,0.0
hardzero_only__c0p58__z1p00__lam0p000__nu0p50__psi0p00,0.018,support,49,131,0.0,2,0.5050184,0.50697434,0.50697434,0.96392345,0.108661704,0.108661704,1.0,0.0019559106,0.018,0.0,0.0,0.0,0.0,-25.651367,2.120674,0.7068913,0.17600001,0.0,0.13415898,0.0,0.0
hardzero_only__c0p58__z1p00__lam0p000__nu0p50__psi0p00,0.018,support,49,132,0.0,2,0.50697434,0.50697434,0.50697434,1.0315057,0.0,0.09300242,0.0,0.0,0.018,0.0,0.0,0.0,0.0,-26.930193,2.269358,0.7564527,0.17600001,0.0,0.1688215,0.0,0.0
hardzero_only__c0p58__z1p00__lam0p000__nu0p50__psi0p00,0.018,support,49,133,0.0,2,0.50697434,0.5088383,0.5088383,0.9848322,0.103554204,0.103554204,1.0,0.0018639755,0.018,0.0,0.0,0.0,0.0,-26.857618,2.1666741,0.7222247,0.18400002,0.0,0.15043092,0.0,0.0
hardzero_only__c0p58__z1p00__lam0p000__nu0p50__psi0p00,0.018,support,49,134,0.0,2,0.5088383,0.5088383,0.5088383,1.0537655,0.0,0.08835567,0.0,0.0,0.018,0.0,0.0,0.0,0.0,-27.390177,2.3183305,0.77277684,0.104,0.0,0.14183562,0.0,0.0
hardzero_only__c0p58__z1p00__lam0p000__nu0p50__psi0p00,0.018,support,49,135,0.0,2,0.5088383,0.5088383,0.5088383,1.0303807,0.0,0.09324365,0.0,0.0,0.018,0.0,0.0,0.0,0.0,-27.132046,2.266883,0.75562763,0.16000001,0.0,0.15741667,0.0,0.0
hardzero_only__c0p58__z1p00__lam0p000__nu0p50__psi0p00,0.018,support,49,136,0.0,2,0.5088383,0.5088383,0.5088383,1.1085615,0.0,0.077882245,0.0,0.0,0.018,0.0,0.0,0.0,0.0,-28.182352,2.438884,0.81296134,0.128,0.0,0.16199219,0.0,0.0
hardzero_only__c0p58__z1p00__lam0p000__nu0p50__psi0p00,0.018,support,49,137,0.0,2,0.5088383,0.51075494,0.51075494,0.9727323,0.1064799,0.1064799,1.0,0.0019166381,0.018,0.0,0.0,0.0,0.0,-26.22566,2.1400537,0.71335125,0.192,0.0,0.17548569,0.0,0.0
hardzero_only__c0p58__z1p00__lam0p000__nu0p50__psi0p00,0.018,support,49,138,0.0,2,0.51075494,0.51075494,0.51075494,1.0085615,0.0,0.098047934,0.0,0.0,0.018,0.0,0.0,0.0,0.0,-26.65728,2.2188795,0.7396265,0.2,0.0,0.13863866,0.0,0.0
hardzero_only__c0p58__z1p00__lam0p000__nu0p50__psi0p00,0.018,support,49,139,0.0,2,0.51075494,0.51269954,0.51269954,0.96644205,0.108033374,0.108033374,1.0,0.0019446006,0.018,0.0,0.0,0.0,0.0,-25.943968,2.126215,0.7087383,0.192,0.0,0.16170612,0.0,0.0
hardzero_only__c0p58__z1p00__lam0p000__nu0p50__psi0p00,0.018,support,49,140,0.0,2,0.51269954,0.51269954,0.51269954,1.0289211,0.0,0.09355755,0.0,0.0,0.018,0.0,0.0,0.0,0.0,-27.29807,2.2636716,0.75455725,0.120000005,0.0,0.17845984,0.0,0.0
hardzero_only__c0p58__z1p00__lam0p000__nu0p50__psi0p00,0.018,support,49,141,0.0,2,0.51269954,0.51269954,0.51269954,1.0470808,0.0,0.08972619,0.0,0.0,0.018,0.0,0.0,0.0,0.0,-27.57417,2.3036237,0.7678746,0.112,0.0,0.16781184,0.0,0.0
hardzero_only__c0p58__z1p00__lam0p000__nu0p50__psi0p00,0.018,support,49,142,0.0,2,0.51269954,0.51269954,0.51269954,1.0985829,0.0,0.07969244,0.0,0.0,0.018,0.0,0.0,0.0,0.0,-28.166748,2.4169304,0.8056435,0.136,0.0,0.16191487,0.0,0.0
hardzero_only__c0p58__z1p00__lam0p000__nu0p50__psi0p00,0.018,support,49,143,0.0,2,0.51269954,0.51269954,0.51269954,1.0052528,0.0,0.09879776,0.0,0.0,0.018,0.0,0.0,0.0,0.0,-26.928808,2.2116003,0.73720014,0.14,0.0,0.13640241,0.0,0.0
hardzero_only__c0p58__z1p00__lam0p000__nu0p50__psi0p00,0.018,support,49,144,0.0,2,0.51269954,0.51269954,0.51269954,1.0542184,0.0,0.08826359,0.0,0.0,0.018,0.0,0.0,0.0,0.0,-28.219202,2.3193269,0.77310896,0.096,0.0,0.14683749,0.0,0.0
hardzero_only__c0p58__z1p00__lam0p000__nu0p50__psi0p00,0.018,support,49,145,0.0,2,0.51269954,0.51269954,0.51269954,1.0130368,0.0,0.09704275,0.0,0.0,0.018,0.0,0.0,0.0,0.0,-27.274412,2.2287257,0.7429086,0.192,0.0,0.15549792,0.0,0.0
hardzero_only__c0p58__z1p00__lam0p000__nu0p50__psi0p00,0.018,support,49,146,0.0,2,0.51269954,0.51269954,0.51269954,1.023252,0.0,0.09478682,0.0,0.0,0.018,0.0,0.0,0.0,0.0,-26.73017,2.2511992,0.75039977,0.16800001,0.0,0.14940074,0.0,0.0
hardzero_only__c0p58__z1p00__lam0p000__nu0p50__psi0p00,0.018,support,49,147,0.0,2,0.51269954,0.51269954,0.51269954,1.0243065,0.0,0.09455696,0.0,0.0,0.018,0.0,0.0,0.0,0.0,-27.499825,2.2535193,0.75117314,0.16000001,0.0,0.17346936,0.0,0.0
hardzero_only__c0p58__z1p00__lam0p000__nu0p50__psi0p00,0.018,support,49,148,0.0,2,0.51269954,0.5145603,0.5145603,0.98558563,0.10337472,0.10337472,1.0,0.0018607449,0.018,0.0,0.0,0.0,0.0,-26.600441,2.1683316,0.72277725,0.120000005,0.0,0.1471201,0.0,0.0
hardzero_only__c0p58__z1p00__lam0p000__nu0p50__psi0p00,0.018,support,49,149,0.0,2,0.5145603,0.5145603,0.5145603,1.0415831,0.0,0.090869255,0.0,0.0,0.018,0.0,0.0,0.0,0.0,-28.88441,2.2915285,0.7638428,0.15200001,0.0,0.17313063,0.0,0.0
hardzero_only__c0p58__z1p00__lam0p000__nu0p50__psi0p00,0.018,support,49,150,0.0,2,0.5145603,0.5145603,0.5145603,1.0374098,0.0,0.09174665,0.0,0.0,0.018,0.0,0.0,0.0,0.0,-28.469444,2.282347,0.76078236,0.216,0.0,0.1854799,0.0,0.0
hardzero_only__c0p58__z1p00__lam0p000__nu0p50__psi0p00,0.018,support,49,151,0.0,2,0.5145603,0.5145603,0.5145603,1.0030413,0.0,0.09930216,0.0,0.0,0.018,0.0,0.0,0.0,0.0,-27.780874,2.206735,0.7355783,0.17600001,0.0,0.1770822,0.0,0.0
hardzero_only__c0p58__z1p00__lam0p000__nu0p50__psi0p00,0.018,support,49,152,0.0,2,0.5145603,0.5145603,0.5145603,1.0280832,0.0,0.09373824,0.0,0.0,0.018,0.0,0.0,0.0,0.0,-27.7217,2.2618282,0.7539427,0.16800001,0.0,0.1620342,0.0,0.0
hardzero_only__c0p58__z1p00__lam0p000__nu0p50__psi0p00,0.018,support,49,153,0.0,2,0.5145603,0.5145603,0.5145603,1.0073639,0.0,0.09831869,0.0,0.0,0.018,0.0,0.0,0.0,0.0,-27.55433,2.216245,0.7387483,0.112,0.0,0.16810313,0.0,0.0
hardzero_only__c0p58__z1p00__lam0p000__nu0p50__psi0p00,0.018,support,49,154,0.0,2,0.5145603,0.5164513,0.5164513,0.97858316,0.10505501,0.10505501,1.0,0.0018909902,0.018,0.0,0.0,0.0,0.0,-26.846424,2.152926,0.717642,0.208,0.0,0.15291955,0.0,0.0
hardzero_only__c0p58__z1p00__lam0p000__nu0p50__psi0p00,0.018,support,49,155,0.0,2,0.5164513,0.5184121,0.5184121,0.96283895,0.1089334,0.1089334,1.0,0.001960801,0.018,0.0,0.0,0.0,0.0,-26.347797,2.118288,0.70609605,0.17600001,0.008,0.13928224,0.0,0.0
hardzero_only__c0p58__z1p00__lam0p000__nu0p50__psi0p00,0.018,support,49,156,0.0,2,0.5184121,0.5184121,0.5184121,1.0230196,0.0,0.09483757,0.0,0.0,0.018,0.0,0.0,0.0,0.0,-27.20596,2.250688,0.75022936,0.17,0.0,0.17332041,0.0,0.0
hardzero_only__c0p58__z1p00__lam0p000__nu0p50__psi0p00,0.018,support,49,157,0.0,2,0.5184121,0.5184121,0.5184121,1.0272602,0.0,0.09391604,0.0,0.0,0.018,0.0,0.0,0.0,0.0,-27.186073,2.2600176,0.75333923,0.136,0.0,0.1560778,0.0,0.0
hardzero_only__c0p58__z1p00__lam0p000__nu0p50__psi0p00,0.018,support,49,158,0.0,2,0.5184121,0.5184121,0.5184121,1.0024217,0.0,0.09944391,0.0,0.0,0.018,0.0,0.0,0.0,0.0,-26.750738,2.2053719,0.735124,0.112,0.0,0.15657979,0.0,0.0
hardzero_only__c0p58__z1p00__lam0p000__nu0p50__psi0p00,0.018,support,49,159,0.0,2,0.5184121,0.5184121,0.5184121,1.0250702,0.0,0.09439084,0.0,0.0,0.018,0.0,0.0,0.0,0.0,-27.589771,2.2551994,0.7517332,0.16000001,0.0,0.15831932,0.0,0.0
hardzero_only__c0p58__z1p00__lam0p000__nu0p50__psi0p00,0.018,support,49,160,0.0,2,0.5184121,0.5184121,0.5184121,1.0306349,0.0,0.0931891,0.0,0.0,0.018,0.0,0.0,0.0,0.0,-27.005178,2.267442,0.755814,0.128,0.0,0.15933546,0.0,0.0
hardzero_only__c0p58__z1p00__lam0p000__nu0p50__psi0p00,0.018,support,49,161,0.0,2,0.5184121,0.5184121,0.5184121,1.0216767,0.0,0.09513127,0.0,0.0,0.018,0.0,0.0,0.0,0.0,-26.763723,2.2477336,0.7492446,0.17600001,0.0,0.1874552,0.0,0.0
hardzero_only__c0p58__z1p00__lam0p000__nu0p50__psi0p00,0.018,support,49,162,0.0,2,0.5184121,0.5184121,0.5184121,1.0403395,0.0,0.091129825,0.0,0.0,0.018,0.0,0.0,0.0,0.0,-27.173958,2.2887926,0.76293087,0.14400001,0.0,0.15620624,0.0,0.0
hardzero_only__c0p58__z1p00__lam0p000__nu0p50__psi0p00,0.018,support,49,163,0.0,2,0.5184121,0.5184121,0.5184121,1.0523291,0.0,0.088648394,0.0,0.0,0.018,0.0,0.0,0.0,0.0,-27.908619,2.31517,0.7717234,0.16800001,0.0,0.15766819,0.0,0.0
hardzero_only__c0p58__z1p00__lam0p000__nu0p50__psi0p00,0.018,support,49,164,0.0,2,0.5184121,0.5184121,0.5184121,1.0017447,0.0,0.09959907,0.0,0.0,0.018,0.0,0.0,0.0,0.0,-26.310728,2.2038825,0.7346275,0.17600001,0.0,0.14743967,0.0,0.0
hardzero_only__c0p58__z1p00__lam0p000__nu0p50__psi0p00,0.018,support,49,165,0.0,2,0.5184121,0.520372,0.520372,0.9630526,0.10887983,0.10887983,1.0,0.0019598368,0.018,0.0,0.0,0.0,0.0,-25.762829,2.118758,0.7062527,0.216,0.0,0.1360683,0.0,0.0
hardzero_only__c0p58__z1p00__lam0p000__nu0p50__psi0p00,0.018,support,49,166,0.0,2,0.520372,0.520372,0.520372,1.0342201,0.0,0.09242296,0.0,0.0,0.018,0.0,0.0,0.0,0.0,-27.453945,2.2753296,0.75844324,0.14400001,0.0,0.14220534,0.0,0.0
hardzero_only__c0p58__z1p00__lam0p000__nu0p50__psi0p00,0.018,support,49,167,0.0,2,0.520372,0.5222585,0.5222585,0.9796027,0.10480869,0.10480869,1.0,0.0018865563,0.018,0.0,0.0,0.0,0.0,-26.247278,2.155169,0.7183897,0.128,0.0,0.14520536,0.0,0.0
hardzero_only__c0p58__z1p00__lam0p000__nu0p50__psi0p00,0.018,support,49,168,0.0,2,0.5222585,0.5222585,0.5222585,1.0823073,0.0,0.08273564,0.0,0.0,0.018,0.0,0.0,0.0,0.0,-28.231548,2.3811238,0.79370797,0.136,0.0,0.16298364,0.0,0.0
hardzero_only__c0p58__z1p00__lam0p000__nu0p50__psi0p00,0.018,support,49,169,0.0,2,0.5222585,0.52407,0.52407,0.9972269,0.10064057,0.10064057,1.0,0.0018115302,0.018,0.0,0.0,0.0,0.0,-26.829523,2.193943,0.73131436,0.19,0.0,0.13957888,0.0,0.0
hardzero_only__c0p58__z1p00__lam0p000__nu0p50__psi0p00,0.018,support,49,170,0.0,2,0.52407,0.52407,0.52407,1.0591557,0.0,0.08726583,0.0,0.0,0.018,0.0,0.0,0.0,0.0,-28.3572,2.330189,0.7767297,0.17600001,0.0,0.1799863,0.0,0.0
hardzero_only__c0p58__z1p00__lam0p000__nu0p50__psi0p00,0.018,support,49,171,0.0,2,0.52407,0.52407,0.52407,1.020761,0.0,0.09533205,0.0,0.0,0.018,0.0,0.0,0.0,0.0,-27.617653,2.2457192,0.74857306,0.112,0.0,0.1665328,0.0,0.0
hardzero_only__c0p58__z1p00__lam0p000__nu0p50__psi0p00,0.018,support,49,172,0.0,2,0.52407,0.5259709,0.5259709,0.97631955,0.10560402,0.10560402,1.0,0.0019008723,0.018,0.0,0.0,0.0,0.0,-26.74775,2.147946,0.71598196,0.080000006,0.0,0.1291126,0.0,0.0
hardzero_only__c0p58__z1p00__lam0p000__nu0p50__psi0p00,0.018,support,49,173,0.0,2,0.5259709,0.5278565,0.5278565,0.9798113,0.10475835,0.10475835,1.0,0.0018856502,0.018,0.0,0.0,0.0,0.0,-26.209248,2.155628,0.7185427,0.2,0.0,0.15934703,0.0,0.0
hardzero_only__c0p58__z1p00__lam0p000__nu0p50__psi0p00,0.018,support,49,174,0.0,2,0.5278565,0.5278565,0.5278565,1.0259056,0.0,0.094209425,0.0,0.0,0.018,0.0,0.0,0.0,0.0,-27.077278,2.2570374,0.7523458,0.16800001,0.0,0.14372452,0.0,0.0
hardzero_only__c0p58__z1p00__lam0p000__nu0p50__psi0p00,0.018,support,49,175,0.0,2,0.5278565,0.5278565,0.5278565,1.0228416,0.0,0.094876446,0.0,0.0,0.018,0.0,0.0,0.0,0.0,-27.41583,2.2502964,0.7500988,0.120000005,0.0,0.15102567,0.0,0.0
hardzero_only__c0p58__z1p00__lam0p000__nu0p50__psi0p00,0.018,support,49,176,0.0,2,0.5278565,0.5278565,0.5278565,1.0040228,0.0,0.09907797,0.0,0.0,0.018,0.0,0.0,0.0,0.0,-26.913507,2.2088943,0.7362981,0.192,0.0,0.14570574,0.0,0.0
hardzero_only__c0p58__z1p00__lam0p000__nu0p50__psi0p00,0.018,support,49,177,0.0,2,0.5278565,0.52967566,0.52967566,0.99541324,0.10106175,0.10106175,1.0,0.0018191114,0.018,0.0,0.0,0.0,0.0,-26.42763,2.1899529,0.7299843,0.104,0.0,0.14192261,0.0,0.0
hardzero_only__c0p58__z1p00__lam0p000__nu0p50__psi0p00,0.018,support,49,178,0.0,2,0.52967566,0.53164965,0.53164965,0.95992446,0.109666884,0.109666884,1.0,0.0019740039,0.018,0.0,0.0,0.0,0.0,-26.843699,2.111876,0.7039587,0.17600001,0.0,0.13882543,0.0,0.0
hardzero_only__c0p58__z1p00__lam0p000__nu0p50__psi0p00,0.018,support,49,179,0.0,2,0.53164965,0.53164965,0.53164965,1.0480852,0.0,0.089518905,0.0,0.0,0.018,0.0,0.0,0.0,0.0,-27.907997,2.3058336,0.7686112,0.120000005,0.0,0.1696817,0.0,0.0
hardzero_only__c0p58__z1p00__lam0p000__nu0p50__psi0p00,0.018,support,49,180,0.0,2,0.53164965,0.53164965,0.53164965,1.0122406,0.0,0.09722083,0.0,0.0,0.018,0.0,0.0,0.0,0.0,-26.701124,2.2269738,0.7423246,0.17600001,0.0,0.13965653,0.0,0.0
hardzero_only__c0p58__z1p00__lam0p000__nu0p50__psi0p00,0.018,support,49,181,0.0,2,0.53164965,0.53164965,0.53164965,1.0825467,0.0,0.082690045,0.0,0.0,0.018,0.0,0.0,0.0,0.0,-28.400911,2.3816504,0.7938835,0.136,0.0,0.18910225,0.0,0.0
hardzero_only__c0p58__z1p00__lam0p000__nu0p50__psi0p00,0.018,support,49,182,0.0,2,0.53164965,0.53164965,0.53164965,1.0169034,0.0,0.096182615,0.0,0.0,0.018,0.0,0.0,0.0,0.0,-27.921165,2.2372322,0.7457441,0.21,0.0,0.15369621,0.0,0.0
hardzero_only__c0p58__z1p00__lam0p000__nu0p50__psi0p00,0.018,support,49,183,0.0,2,0.53164965,0.53164965,0.53164965,1.0697834,0.0,0.08515624,0.0,0.0,0.018,0.0,0.0,0.0,0.0,-28.638275,2.3535707,0.7845236,0.16000001,0.0,0.1560089,0.0,0.0
hardzero_only__c0p58__z1p00__lam0p000__nu0p50__psi0p00,0.018,support,49,184,0.0,2,0.53164965,0.53164965,0.53164965,1.0079361,0.0,0.098189235,0.0,0.0,0.018,0.0,0.0,0.0,0.0,-26.847328,2.2175038,0.7391679,0.15200001,0.0,0.14716648,0.0,0.0
hardzero_only__c0p58__z1p00__lam0p000__nu0p50__psi0p00,0.018,support,49,185,0.0,2,0.53164965,0.53164965,0.53164965,1.0300678,0.0,0.09331086,0.0,0.0,0.018,0.0,0.0,0.0,0.0,-26.807549,2.2661943,0.75539815,0.14400001,0.0,0.15406421,0.0,0.0
hardzero_only__c0p58__z1p00__lam0p000__nu0p50__psi0p00,0.018,support,49,186,0.0,2,0.53164965,0.53164965,0.53164965,1.00671,0.0,0.09846683,0.0,0.0,0.018,0.0,0.0,0.0,0.0,-26.626392,2.2148063,0.7382688,0.136,0.0,0.15812401,0.0,0.0
hardzero_only__c0p58__z1p00__lam0p000__nu0p50__psi0p00,0.018,support,49,187,0.0,2,0.53164965,0.53164965,0.53164965,1.0160557,0.0,0.09637053,0.0,0.0,0.018,0.0,0.0,0.0,0.0,-26.864666,2.2353673,0.74512243,0.136,0.0,0.1458561,0.0,0.0
hardzero_only__c0p58__z1p00__lam0p000__nu0p50__psi0p00,0.018,support,49,188,0.0,2,0.53164965,0.5336447,0.5336447,0.95531887,0.11083607,0.11083607,1.0,0.0019950492,0.018,0.0,0.0,0.0,0.0,-26.18329,2.1017435,0.7005812,0.2,0.0,0.16555452,0.0,0.0
hardzero_only__c0p58__z1p00__lam0p000__nu0p50__psi0p00,0.018,support,49,189,0.0,2,0.5336447,0.53546435,0.53546435,0.9952782,0.101093166,0.101093166,1.0,0.001819677,0.018,0.0,0.0,0.0,0.0,-27.279263,2.1896558,0.7298853,0.136,0.0,0.16906315,0.0,0.0
hardzero_only__c0p58__z1p00__lam0p000__nu0p50__psi0p00,0.018,support,49,190,0.0,2,0.53546435,0.53546435,0.53546435,1.0261177,0.0,0.09416344,0.0,0.0,0.018,0.0,0.0,0.0,0.0,-27.282873,2.257504,0.75250137,0.16800001,0.0,0.18872763,0.0,0.0
hardzero_only__c0p58__z1p00__lam0p000__nu0p50__psi0p00,0.018,support,49,191,0.0,2,0.53546435,0.537435,0.537435,0.96065706,0.10948206,0.10948206,1.0,0.001970677,0.018,0.0,0.0,0.0,0.0,-25.879982,2.1134877,0.7044959,0.24000001,0.0,0.12360311,0.0,0.0
hardzero_only__c0p58__z1p00__lam0p000__nu0p50__psi0p00,0.018,support,49,192,0.0,2,0.537435,0.5392406,0.5392406,0.99864495,0.10031251,0.10031251,1.0,0.001805625,0.018,0.0,0.0,0.0,0.0,-26.887295,2.1970627,0.7323543,0.112,0.0,0.15705349,0.0,0.0
hardzero_only__c0p58__z1p00__lam0p000__nu0p50__psi0p00,0.018,support,49,193,0.0,2,0.5392406,0.54115754,0.54115754,0.9726689,0.10649547,0.10649547,1.0,0.0019169183,0.018,0.0,0.0,0.0,0.0,-26.423977,2.1399143,0.71330476,0.128,0.0,0.13898481,0.0,0.0
hardzero_only__c0p58__z1p00__lam0p000__nu0p50__psi0p00,0.018,support,49,194,0.0,2,0.54115754,0.5430448,0.5430448,0.9794392,0.104848154,0.104848154,1.0,0.0018872666,0.018,0.0,0.0,0.0,0.0,-25.771914,2.1548092,0.71826977,0.24000001,0.0,0.12867387,0.0,0.0
hardzero_only__c0p58__z1p00__lam0p000__nu0p50__psi0p00,0.018,support,49,195,0.0,2,0.5430448,0.5430448,0.5430448,1.0050163,0.0,0.0988516,0.0,0.0,0.018,0.0,0.0,0.0,0.0,-27.173569,2.21108,0.7370267,0.17999999,0.0,0.15249072,0.0,0.0
hardzero_only__c0p58__z1p00__lam0p000__nu0p50__psi0p00,0.018,support,49,196,0.0,2,0.5430448,0.5430448,0.5430448,1.0936363,0.0,0.08060532,0.0,0.0,0.018,0.0,0.0,0.0,0.0,-28.783314,2.4060478,0.80201596,0.080000006,0.0,0.16080745,0.0,0.0
hardzero_only__c0p58__z1p00__lam0p000__nu0p50__psi0p00,0.018,support,49,197,0.0,2,0.5430448,0.545052,0.545052,0.95267844,0.111511976,0.111511976,1.0,0.0020072155,0.018,0.0,0.0,0.0,0.0,-25.406761,2.0959344,0.6986448,0.2,0.0,0.13080539,0.0,0.0
hardzero_only__c0p58__z1p00__lam0p000__nu0p50__psi0p00,0.018,support,49,198,0.0,2,0.545052,0.545052,0.545052,1.0871757,0.0,0.08181336,0.0,0.0,0.018,0.0,0.0,0.0,0.0,-28.903702,2.3918343,0.7972781,0.120000005,0.0,0.17470744,0.0,0.0
hardzero_only__c0p58__z1p00__lam0p000__nu0p50__psi0p00,0.018,support,49,199,0.0,2,0.545052,0.545052,0.545052,1.0288117,0.0,0.09358113,0.0,0.0,0.018,0.0,0.0,0.0,0.0,-27.772835,2.2634308,0.75447696,0.16000001,0.0,0.15518758,0.0,0.0
hardzero_only__c0p58__z1p00__lam0p000__nu0p50__psi0p00,0.018,support,49,200,0.0,2,0.545052,0.545052,0.545052,1.0197716,0.0,0.095549494,0.0,0.0,0.018,0.0,0.0,0.0,0.0,-27.403093,2.2435422,0.74784744,0.128,0.0,0.13745521,0.0,0.0
hardzero_only__c0p58__z1p00__lam0p000__nu0p50__psi0p00,0.018,support,49,201,0.0,2,0.545052,0.545052,0.545052,1.0530131,0.0,0.08850888,0.0,0.0,0.018,0.0,0.0,0.0,0.0,-27.542479,2.316675,0.772225,0.2,0.0,0.15592937,0.0,0.0
hardzero_only__c0p58__z1p00__lam0p000__nu0p50__psi0p00,0.018,support,49,202,0.0,2,0.545052,0.545052,0.545052,1.0686655,0.0,0.08537574,0.0,0.0,0.018,0.0,0.0,0.0,0.0,-28.691576,2.3511112,0.78370374,0.112,0.0,0.18351749,0.0,0.0
hardzero_only__c0p58__z1p00__lam0p000__nu0p50__psi0p00,0.018,support,49,203,0.0,2,0.545052,0.545052,0.545052,1.0753266,0.0,0.08407626,0.0,0.0,0.018,0.0,0.0,0.0,0.0,-27.496538,2.3657656,0.7885885,0.16000001,0.0,0.16189766,0.0,0.0
hardzero_only__c0p58__z1p00__lam0p000__nu0p50__psi0p00,0.018,support,49,204,0.0,2,0.545052,0.545052,0.545052,1.0056378,0.0,0.09871025,0.0,0.0,0.018,0.0,0.0,0.0,0.0,-26.793884,2.2124472,0.7374824,0.136,0.0,0.133431,0.0,0.0
hardzero_only__c0p58__z1p00__lam0p000__nu0p50__psi0p00,0.018,support,49,205,0.0,2,0.545052,0.54688185,0.54688185,0.9928576,0.10165821,0.10165821,1.0,0.0018298477,0.018,0.0,0.0,0.0,0.0,-25.898897,2.1843302,0.7281101,0.15200001,0.0,0.13678338,0.0,0.0
hardzero_only__c0p58__z1p00__lam0p000__nu0p50__psi0p00,0.018,support,49,206,0.0,2,0.54688185,0.54688185,0.54688185,1.0926448,0.0,0.08078954,0.0,0.0,0.018,0.0,0.0,0.0,0.0,-28.886696,2.4038665,0.80128884,0.064,0.0,0.16752663,0.0,0.0
hardzero_only__c0p58__z1p00__lam0p000__nu0p50__psi0p00,0.018,support,49,207,0.0,2,0.54688185,0.54688185,0.54688185,1.0383211,0.0,0.091554314,0.0,0.0,0.018,0.0,0.0,0.0,0.0,-27.810251,2.284352,0.7614507,0.24000001,0.0,0.18670711,0.0,0.0
hardzero_only__c0p58__z1p00__lam0p000__nu0p50__psi0p00,0.018,support,49,208,0.0,2,0.54688185,0.54688185,0.54688185,1.0192465,0.0,0.095665105,0.0,0.0,0.018,0.0,0.0,0.0,0.0,-26.745888,2.242387,0.7474624,0.14,0.0,0.14755774,0.0,0.0
hardzero_only__c0p58__z1p00__lam0p000__nu0p50__psi0p00,0.018,support,49,209,0.0,2,0.54688185,0.5487336,0.5487336,0.98768777,0.10287555,0.10287555,1.0,0.0018517599,0.018,0.0,0.0,0.0,0.0,-26.51058,2.1729565,0.72431886,0.18400002,0.0,0.14816654,0.0,0.0
hardzero_only__c0p58__z1p00__lam0p000__nu0p50__psi0p00,0.018,support,49,210,0.0,2,0.5487336,0.5487336,0.5487336,1.0217227,0.0,0.0951212,0.0,0.0,0.018,0.0,0.0,0.0,0.0,-26.401203,2.2478347,0.74927825,0.080000006,0.0,0.1495476,0.0,0.0
hardzero_only__c0p58__z1p00__lam0p000__nu0p50__psi0p00,0.018,support,49,211,0.0,2,0.5487336,0.5487336,0.5487336,1.0267487,0.0,0.09402672,0.0,0.0,0.018,0.0,0.0,0.0,0.0,-27.433058,2.258892,0.752964,0.2,0.0,0.17274727,0.0,0.0
hardzero_only__c0p58__z1p00__lam0p000__nu0p50__psi0p00,0.018,support,49,212,0.0,2,0.5487336,0.5487336,0.5487336,1.0236963,0.0,0.0946899,0.0,0.0,0.018,0.0,0.0,0.0,0.0,-26.609087,2.2521768,0.7507256,0.18400002,0.0,0.1378934,0.0,0.0
hardzero_only__c0p58__z1p00__lam0p000__nu0p50__psi0p00,0.018,support,49,213,0.0,2,0.5487336,0.5487336,0.5487336,1.0414767,0.0,0.09089149,0.0,0.0,0.018,0.0,0.0,0.0,0.0,-27.426598,2.2912946,0.76376486,0.128,0.0,0.16110288,0.0,0.0
hardzero_only__c0p58__z1p00__lam0p000__nu0p50__psi0p00,0.018,support,49,214,0.0,2,0.5487336,0.5487336,0.5487336,1.0080763,0.0,0.09815754,0.0,0.0,0.018,0.0,0.0,0.0,0.0,-27.386017,2.217812,0.7392707,0.16000001,0.0,0.18296865,0.0,0.0
hardzero_only__c0p58__z1p00__lam0p000__nu0p50__psi0p00,0.018,support,49,215,0.0,2,0.5487336,0.5487336,0.5487336,1.0334057,0.0,0.09259645,0.0,0.0,0.018,0.0,0.0,0.0,0.0,-27.06002,2.2735379,0.757846,0.208,0.0,0.16761427,0.0,0.0
hardzero_only__c0p58__z1p00__lam0p000__nu0p50__psi0p00,0.018,support,49,216,0.0,2,0.5487336,0.5505831,0.5505831,0.98820513,0.10275309,0.10275309,1.0,0.0018495555,0.018,0.0,0.0,0.0,0.0,-26.285732,2.1740947,0.72469825,0.16800001,0.0,0.15740523,0.0,0.0
hardzero_only__c0p58__z1p00__lam0p000__nu0p50__psi0p00,0.018,support,49,217,0.0,2,0.5505831,0.5524984,0.5524984,0.9730353,0.106405646,0.106405646,1.0,0.0019153015,0.018,0.0,0.0,0.0,0.0,-26.665054,2.1407204,0.71357346,0.15200001,0.0,0.14533041,0.0,0.0
hardzero_only__c0p58__z1p00__lam0p000__nu0p50__psi0p00,0.018,support,49,218,0.0,2,0.5524984,0.5543479,0.5543479,0.98822516,0.102748334,0.102748334,1.0,0.00184947,0.018,0.0,0.0,0.0,0.0,-26.029196,2.1741388,0.72471297,0.136,0.0,0.14667226,0.0,0.0
hardzero_only__c0p58__z1p00__lam0p000__nu0p50__psi0p00,0.018,support,49,219,0.0,2,0.5543479,0.5543479,0.5543479,1.0846466,0.0,0.0822912,0.0,0.0,0.018,0.0,0.0,0.0,0.0,-28.57604,2.38627,0.7954234,0.16800001,0.0,0.15897745,0.0,0.0
hardzero_only__c0p58__z1p00__lam0p000__nu0p50__psi0p00,0.018,support,49,220,0.0,2,0.5543479,0.55624104,0.55624104,0.97808546,0.10517549,0.10517549,1.0,0.0018931587,0.018,0.0,0.0,0.0,0.0,-27.03229,2.151831,0.717277,0.192,0.0,0.16963173,0.0,0.0
hardzero_only__c0p58__z1p00__lam0p000__nu0p50__psi0p00,0.018,support,49,221,0.0,2,0.55624104,0.55624104,0.55624104,1.012301,0.0,0.09720732,0.0,0.0,0.018,0.0,0.0,0.0,0.0,-26.867296,2.2271066,0.7423689,0.16,0.0,0.15039113,0.0,0.0
hardzero_only__c0p58__z1p00__lam0p000__nu0p50__psi0p00,0.018,support,49,222,0.0,2,0.55624104,0.55624104,0.55624104,1.0281302,0.0,0.093728095,0.0,0.0,0.018,0.0,0.0,0.0,0.0,-27.373032,2.2619317,0.75397724,0.136,0.0,0.15597822,0.0,0.0
hardzero_only__c0p58__z1p00__lam0p000__nu0p50__psi0p00,0.018,support,49,223,0.0,2,0.55624104,0.55624104,0.55624104,1.0054243,0.0,0.09875879,0.0,0.0,0.018,0.0,0.0,0.0,0.0,-26.365093,2.2119775,0.73732585,0.104,0.0,0.11846357,0.0,0.0
hardzero_only__c0p58__z1p00__lam0p000__nu0p50__psi0p00,0.018,support,49,224,0.0,2,0.55624104,0.55624104,0.55624104,1.016814,0.0,0.096202426,0.0,0.0,0.018,0.0,0.0,0.0,0.0,-26.751028,2.2370355,0.74567854,0.15200001,0.0,0.1396889,0.0,0.0
hardzero_only__c0p58__z1p00__lam0p000__nu0p50__psi0p00,0.018,support,49,225,0.0,2,0.55624104,0.55624104,0.55624104,1.0258621,0.0,0.09421888,0.0,0.0,0.018,0.0,0.0,0.0,0.0,-26.522352,2.2569416,0.75231385,0.136,0.0,0.15544383,0.0,0.0
hardzero_only__c0p58__z1p00__lam0p000__nu0p50__psi0p00,0.018,support,49,226,0.0,2,0.55624104,0.55624104,0.55624104,1.0285723,0.0,0.09363273,0.0,0.0,0.018,0.0,0.0,0.0,0.0,-27.920954,2.2629044,0.7543015,0.16000001,0.0,0.19827394,0.0,0.0
hardzero_only__c0p58__z1p00__lam0p000__nu0p50__psi0p00,0.018,support,49,227,0.0,2,0.55624104,0.55624104,0.55624104,1.0125984,0.0,0.09714078,0.0,0.0,0.018,0.0,0.0,0.0,0.0,-27.433786,2.227761,0.74258703,0.15200001,0.0,0.15123874,0.0,0.0
hardzero_only__c0p58__z1p00__lam0p000__nu0p50__psi0p00,0.018,support,49,228,0.0,2,0.55624104,0.55624104,0.55624104,1.0122075,0.0,0.09722825,0.0,0.0,0.018,0.0,0.0,0.0,0.0,-26.682943,2.226901,0.7423004,0.14400001,0.0,0.15544736,0.0,0.0
hardzero_only__c0p58__z1p00__lam0p000__nu0p50__psi0p00,0.018,support,49,229,0.0,2,0.55624104,0.5581383,0.5581383,0.97713697,0.10540543,0.10540543,1.0,0.0018972976,0.018,0.0,0.0,0.0,0.0,-26.348446,2.1497443,0.71658146,0.2,0.0,0.14324595,0.0,0.0
hardzero_only__c0p58__z1p00__lam0p000__nu0p50__psi0p00,0.018,support,49,230,0.0,2,0.5581383,0.5599394,0.5599394,0.99974424,0.100058906,0.100058906,1.0,0.0018010603,0.018,0.0,0.0,0.0,0.0,-27.027899,2.1994812,0.73316044,0.104,0.0,0.13242407,0.0,0.0
hardzero_only__c0p58__z1p00__lam0p000__nu0p50__psi0p00,0.018,support,49,231,0.0,2,0.5599394,0.5599394,0.5599394,1.0242507,0.0,0.0945691,0.0,0.0,0.018,0.0,0.0,0.0,0.0,-27.458078,2.2533965,0.7511322,0.16800001,0.0,0.14497946,0.0,0.0
hardzero_only__c0p58__z1p00__lam0p000__nu0p50__psi0p00,0.018,support,49,232,0.0,2,0.5599394,0.5599394,0.5599394,1.0321549,0.0,0.0928635,0.0,0.0,0.018,0.0,0.0,0.0,0.0,-27.904474,2.270786,0.7569287,0.15200001,0.0,0.17573242,0.0,0.0
hardzero_only__c0p58__z1p00__lam0p000__nu0p50__psi0p00,0.018,support,49,233,0.0,2,0.5599394,0.5599394,0.5599394,1.0360138,0.0,0.09204203,0.0,0.0,0.018,0.0,0.0,0.0,0.0,-27.672075,2.279276,0.75975865,0.128,0.0,0.17711553,0.0,0.0
hardzero_only__c0p58__z1p00__lam0p000__nu0p50__psi0p00,0.018,support,49,234,0.0,2,0.5599394,0.5599394,0.5599394,1.0138859,0.0,0.09685324,0.0,0.0,0.018,0.0,0.0,0.0,0.0,-26.036085,2.2305934,0.74353117,0.13,0.0,0.13607392,0.0,0.0
hardzero_only__c0p58__z1p00__lam0p000__nu0p50__psi0p00,0.018,support,49,235,0.0,2,0.5599394,0.5599394,0.5599394,1.0413941,0.0,0.09090878,0.0,0.0,0.018,0.0,0.0,0.0,0.0,-27.18972,2.291113,0.7637043,0.16800001,0.0,0.16606459,0.0,0.0
hardzero_only__c0p58__z1p00__lam0p000__nu0p50__psi0p00,0.018,support,49,236,0.0,2,0.5599394,0.5599394,0.5599394,1.0488108,0.0,0.089369476,0.0,0.0,0.018,0.0,0.0,0.0,0.0,-27.768612,2.3074298,0.7691433,0.128,0.0,0.15062885,0.0,0.0
hardzero_only__c0p58__z1p00__lam0p000__nu0p50__psi0p00,0.018,support,49,237,0.0,2,0.5599394,0.5599394,0.5599394,1.0104814,0.0,0.097615466,0.0,0.0,0.018,0.0,0.0,0.0,0.0,-27.15484,2.2231033,0.74103445,0.16000001,0.0,0.15109205,0.0,0.0
hardzero_only__c0p58__z1p00__lam0p000__nu0p50__psi0p00,0.018,support,49,238,0.0,2,0.5599394,0.5599394,0.5599394,1.0604041,0.0,0.08701535,0.0,0.0,0.018,0.0,0.0,0.0,0.0,-27.506369,2.3329356,0.77764523,0.14400001,0.0,0.18320191,0.0,0.0
hardzero_only__c0p58__z1p00__lam0p000__nu0p50__psi0p00,0.018,support,49,239,0.0,2,0.5599394,0.5599394,0.5599394,1.0010767,0.0,0.0997524,0.0,0.0,0.018,0.0,0.0,0.0,0.0,-27.605116,2.2024126,0.73413754,0.16800001,0.0,0.15963717,0.0,0.0
hardzero_only__c0p58__z1p00__lam0p000__nu0p50__psi0p00,0.018,support,49,240,0.0,2,0.5599394,0.5617621,0.5617621,0.99455667,0.10126126,0.10126126,1.0,0.0018227026,0.018,0.0,0.0,0.0,0.0,-26.112638,2.1880684,0.72935617,0.15200001,0.0,0.16080493,0.0,0.0
hardzero_only__c0p58__z1p00__lam0p000__nu0p50__psi0p00,0.018,support,49,241,0.0,2,0.5617621,0.5617621,0.5617621,1.0224707,0.0,0.09495751,0.0,0.0,0.018,0.0,0.0,0.0,0.0,-26.823723,2.2494805,0.74982685,0.112,0.0,0.15134428,0.0,0.0
hardzero_only__c0p58__z1p00__lam0p000__nu0p50__psi0p00,0.018,support,49,242,0.0,2,0.5617621,0.56369686,0.56369686,0.96864,0.10748801,0.10748801,1.0,0.001934784,0.018,0.0,0.0,0.0,0.0,-26.040585,2.1310506,0.7103502,0.2,0.0,0.13754302,0.0,0.0
hardzero_only__c0p58__z1p00__lam0p000__nu0p50__psi0p00,0.018,support,49,243,0.0,2,0.56369686,0.56369686,0.56369686,1.038548,0.0,0.091506496,0.0,0.0,0.018,0.0,0.0,0.0,0.0,-27.788923,2.2848513,0.7616171,0.136,0.0,0.16297282,0.0,0.0
hardzero_only__c0p58__z1p00__lam0p000__nu0p50__psi0p00,0.018,support,49,244,0.0,2,0.56369686,0.56369686,0.56369686,1.0034869,0.0,0.09920034,0.0,0.0,0.018,0.0,0.0,0.0,0.0,-26.627388,2.2077153,0.7359051,0.112,0.0,0.14829105,0.0,0.0
hardzero_only__c0p58__z1p00__lam0p000__nu0p50__psi0p00,0.018,support,49,245,0.0,2,0.56369686,0.5656775,0.5656775,0.95845705,0.11003806,0.11003806,1.0,0.001980685,0.018,0.0,0.0,0.0,0.0,-25.528477,2.1086476,0.7028825,0.208,0.0,0.1431563,0.0,0.0
hardzero_only__c0p58__z1p00__lam0p000__nu0p50__psi0p00,0.018,support,49,246,0.0,2,0.5656775,0.5656775,0.5656775,1.0917513,0.0,0.08095592,0.0,0.0,0.018,0.0,0.0,0.0,0.0,-28.341051,2.401901,0.80063367,0.112,0.0,0.16055816,0.0,0.0
hardzero_only__c0p58__z1p00__lam0p000__nu0p50__psi0p00,0.018,support,49,247,0.0,2,0.5656775,0.5676084,0.5676084,0.96951556,0.10727152,0.10727152,1.0,0.0019308873,0.018,0.0,0.0,0.0,0.0,-26.813677,2.1329768,0.7109923,0.17,0.01,0.13370387,0.0,0.0
hardzero_only__c0p58__z1p00__lam0p000__nu0p50__psi0p00,0.018,support,49,248,0.0,2,0.5676084,0.5694744,0.5694744,0.9843603,0.10366679,0.10366679,1.0,0.0018660021,0.018,0.0,0.0,0.0,0.0,-27.060434,2.1656358,0.72187865,0.24000001,0.0,0.14647724,0.0,0.0
hardzero_only__c0p58__z1p00__lam0p000__nu0p50__psi0p00,0.018,support,49,249,0.0,2,0.5694744,0.5694744,0.5694744,1.0478204,0.0,0.089573495,0.0,0.0,0.018,0.0,0.0,0.0,0.0,-27.901098,2.3052511,0.76841706,0.192,0.0,0.1954124,0.0,0.0
hardzero_only__c0p58__z1p00__lam0p000__nu0p50__psi0p00,0.018,support,49,250,0.0,2,0.5694744,0.5694744,0.5694744,1.0140774,0.0,0.09681053,0.0,0.0,0.018,0.0,0.0,0.0,0.0,-27.224396,2.231015,0.74367166,0.16800001,0.0,0.1513937,0.0,0.0
hardzero_only__c0p58__z1p00__lam0p000__nu0p50__psi0p00,0.018,support,49,251,0.0,2,0.5694744,0.57135457,0.57135457,0.98106927,0.10445535,0.10445535,1.0,0.0018801963,0.018,0.0,0.0,0.0,0.0,-26.469849,2.1583955,0.7194652,0.120000005,0.0,0.16724211,0.0,0.0
hardzero_only__c0p58__z1p00__lam0p000__nu0p50__psi0p00,0.018,support,49,252,0.0,2,0.57135457,0.57135457,0.57135457,1.1008472,0.0,0.07927801,0.0,0.0,0.018,0.0,0.0,0.0,0.0,-29.071072,2.4219122,0.8073041,0.112,0.0,0.17009681,0.0,0.0
hardzero_only__c0p58__z1p00__lam0p000__nu0p50__psi0p00,0.018,support,49,253,0.0,2,0.57135457,0.57135457,0.57135457,1.029423,0.0,0.093449496,0.0,0.0,0.018,0.0,0.0,0.0,0.0,-27.052753,2.2647758,0.75492525,0.17600001,0.0,0.15886462,0.0,0.0
hardzero_only__c0p58__z1p00__lam0p000__nu0p50__psi0p00,0.018,support,49,254,0.0,2,0.57135457,0.57135457,0.57135457,1.0114433,0.0,0.0973995,0.0,0.0,0.018,0.0,0.0,0.0,0.0,-27.296606,2.2252195,0.74173987,0.14400001,0.0,0.14081948,0.0,0.0
hardzero_only__c0p58__z1p00__lam0p000__nu0p50__psi0p00,0.018,support,49,255,0.0,2,0.57135457,0.57135457,0.57135457,1.0037699,0.0,0.09913572,0.0,0.0,0.018,0.0,0.0,0.0,0.0,-27.456238,2.2083378,0.7361126,0.264,0.0,0.17419696,0.0,0.0
hardzero_only__c0p58__z1p00__lam0p000__nu0p50__psi0p00,0.018,support,49,256,0.0,2,0.57135457,0.57135457,0.57135457,1.0574384,0.0,0.0876116,0.0,0.0,0.018,0.0,0.0,0.0,0.0,-27.719522,2.3264108,0.77547026,0.096,0.0,0.16793631,0.0,0.0
hardzero_only__c0p58__z1p00__lam0p000__nu0p50__psi0p00,0.018,support,49,257,0.0,2,0.57135457,0.57135457,0.57135457,1.0405715,0.0,0.09108115,0.0,0.0,0.018,0.0,0.0,0.0,0.0,-27.647802,2.2893028,0.763101,0.192,0.0,0.17046183,0.0,0.0
hardzero_only__c0p58__z1p00__lam0p000__nu0p50__psi0p00,0.018,support,49,258,0.0,2,0.57135457,0.57135457,0.57135457,1.0707953,0.0,0.08495807,0.0,0.0,0.018,0.0,0.0,0.0,0.0,-28.540966,2.3557966,0.78526556,0.192,0.008,0.20712782,0.0,0.0
hardzero_only__c0p58__z1p00__lam0p000__nu0p50__psi0p00,0.018,support,49,259,0.0,2,0.57135457,0.57135457,0.57135457,1.030099,0.0,0.093304135,0.0,0.0,0.018,0.0,0.0,0.0,0.0,-27.89162,2.2662632,0.7554211,0.192,0.0,0.21091022,0.0,0.0
hardzero_only__c0p58__z1p00__lam0p000__nu0p50__psi0p00,0.018,support,49,260,0.0,2,0.57135457,0.57135457,0.57135457,1.0627406,0.0,0.08654848,0.0,0.0,0.018,0.0,0.0,0.0,0.0,-27.980337,2.3380759,0.7793586,0.17999999,0.0,0.15489931,0.0,0.0
hardzero_only__c0p58__z1p00__lam0p000__nu0p50__psi0p00,0.018,support,49,261,0.0,2,0.57135457,0.5731983,0.5731983,0.98957545,0.10242939,0.10242939,1.0,0.0018437289,0.018,0.0,0.0,0.0,0.0,-26.243225,2.1771095,0.7257032,0.208,0.0,0.12461484,0.0,0.0
hardzero_only__c0p58__z1p00__lam0p000__nu0p50__psi0p00,0.018,support,49,262,0.0,2,0.5731983,0.5731983,0.5731983,1.0023289,0.0,0.09946518,0.0,0.0,0.018,0.0,0.0,0.0,0.0,-26.987154,2.2051675,0.73505586,0.136,0.0,0.15946254,0.0,0.0
hardzero_only__c0p58__z1p00__lam0p000__nu0p50__psi0p00,0.018,support,49,263,0.0,2,0.5731983,0.5731983,0.5731983,1.0513895,0.0,0.0888404,0.0,0.0,0.018,0.0,0.0,0.0,0.0,-28.117817,2.313103,0.77103436,0.112,0.0,0.14665212,0.0,0.0
hardzero_only__c0p58__z1p00__lam0p000__nu0p50__psi0p00,0.018,support,49,264,0.0,2,0.5731983,0.5731983,0.5731983,1.0618808,0.0,0.086719975,0.0,0.0,0.018,0.0,0.0,0.0,0.0,-28.683233,2.3361845,0.7787282,0.120000005,0.0,0.1495672,0.0,0.0
hardzero_only__c0p58__z1p00__lam0p000__nu0p50__psi0p00,0.018,support,49,265,0.0,2,0.5731983,0.5731983,0.5731983,1.0343634,0.0,0.09239247,0.0,0.0,0.018,0.0,0.0,0.0,0.0,-27.435862,2.2756448,0.75854826,0.104,0.0,0.14925154,0.0,0.0
hardzero_only__c0p58__z1p00__lam0p000__nu0p50__psi0p00,0.018,support,49,266,0.0,2,0.5731983,0.57499963,0.57499963,0.9996788,0.10007398,0.10007398,1.0,0.0018013315,0.018,0.0,0.0,0.0,0.0,-27.492525,2.1993372,0.73311245,0.18400002,0.0,0.14206073,0.0,0.0
hardzero_only__c0p58__z1p00__lam0p000__nu0p50__psi0p00,0.018,support,49,267,0.0,2,0.57499963,0.57499963,0.57499963,1.0346175,0.0,0.09233843,0.0,0.0,0.018,0.0,0.0,0.0,0.0,-27.371912,2.276204,0.7587347,0.120000005,0.0,0.15503177,0.0,0.0
hardzero_only__c0p58__z1p00__lam0p000__nu0p50__psi0p00,0.018,support,49,268,0.0,2,0.57499963,0.57697093,0.57697093,0.9605221,0.10951608,0.10951608,1.0,0.0019712893,0.018,0.0,0.0,0.0,0.0,-26.074162,2.113191,0.70439696,0.192,0.0,0.1214108,0.0,0.0
hardzero_only__c0p58__z1p00__lam0p000__nu0p50__psi0p00,0.018,support,49,269,0.0,2,0.57697093,0.5788144,0.5788144,0.98963636,0.102415,0.102415,1.0,0.0018434699,0.018,0.0,0.0,0.0,0.0,-27.192797,2.1772435,0.7257478,0.16800001,0.0,0.19376038,0.0,0.0
hardzero_only__c0p58__z1p00__lam0p000__nu0p50__psi0p00,0.018,support,49,270,0.0,2,0.5788144,0.5788144,0.5788144,1.0710094,0.0,0.08491621,0.0,0.0,0.018,0.0,0.0,0.0,0.0,-28.406946,2.3562677,0.78542256,0.14400001,0.0,0.17561646,0.0,0.0
hardzero_only__c0p58__z1p00__lam0p000__nu0p50__psi0p00,0.018,support,49,271,0.0,2,0.5788144,0.5806292,0.5806292,0.99642813,0.10082584,0.10082584,1.0,0.001814865,0.018,0.0,0.0,0.0,0.0,-25.761763,2.1921856,0.73072857,0.120000005,0.0,0.13763632,0.0,0.0
hardzero_only__c0p58__z1p00__lam0p000__nu0p50__psi0p00,0.018,support,49,272,1.0,3,0.5806292,0.002429341,0.002429341,0.9999771,0.10000526,0.10000526,1.0,0.0018000946,0.018,0.0,0.0,0.0,0.0,-27.492285,2.1999936,0.7333312,0.17600001,0.0,0.14810106,0.0,0.0
hardzero_only__c0p58__z1p00__lam0p000__nu0p50__psi0p00,0.018,support,49,273,0.0,3,0.002429341,0.0045787394,0.0045787394,0.9229556,0.119411014,0.119411014,1.0,0.0021493982,0.018,0.0,0.0,0.0,0.0,-25.366919,2.0305429,0.67684764,0.21,0.0,0.12707917,0.0,0.0
hardzero_only__c0p58__z1p00__lam0p000__nu0p50__psi0p00,0.018,support,49,274,0.0,3,0.0045787394,0.006562382,0.006562382,0.957809,0.11020239,0.11020239,1.0,0.0019836428,0.018,0.0,0.0,0.0,0.0,-26.719004,2.1072218,0.7024073,0.216,0.0,0.15609258,0.0,0.0
hardzero_only__c0p58__z1p00__lam0p000__nu0p50__psi0p00,0.018,support,49,275,0.0,3,0.006562382,0.008457118,0.008457118,0.9777238,0.105263114,0.105263114,1.0,0.001894736,0.018,0.0,0.0,0.0,0.0,-26.4267,2.1510353,0.7170118,0.192,0.0,0.1345922,0.0,0.0
hardzero_only__c0p58__z1p00__lam0p000__nu0p50__psi0p00,0.018,support,49,276,0.0,3,0.008457118,0.008457118,0.008457118,1.0602962,0.0,0.087036975,0.0,0.0,0.018,0.0,0.0,0.0,0.0,-27.4487,2.332698,0.7775661,0.128,0.0,0.17953642,0.0,0.0
hardzero_only__c0p58__z1p00__lam0p000__nu0p50__psi0p00,0.018,support,49,277,0.0,3,0.008457118,0.010335485,0.010335485,0.9814918,0.10435376,0.10435376,1.0,0.0018783676,0.018,0.0,0.0,0.0,0.0,-26.611143,2.1593251,0.7197751,0.17600001,0.0,0.1477863,0.0,0.0
hardzero_only__c0p58__z1p00__lam0p000__nu0p50__psi0p00,0.018,support,49,278,0.0,3,0.010335485,0.010335485,0.010335485,1.0210372,0.0,0.095271446,0.0,0.0,0.018,0.0,0.0,0.0,0.0,-28.02559,2.2463267,0.7487756,0.104,0.0,0.17045943,0.0,0.0
hardzero_only__c0p58__z1p00__lam0p000__nu0p50__psi0p00,0.018,support,49,279,0.0,3,0.010335485,0.010335485,0.010335485,1.0312276,0.0,0.093062006,0.0,0.0,0.018,0.0,0.0,0.0,0.0,-27.247961,2.268746,0.75624865,0.128,0.0,0.15735058,0.0,0.0
hardzero_only__c0p58__z1p00__lam0p000__nu0p50__psi0p00,0.018,support,49,280,0.0,3,0.010335485,0.010335485,0.010335485,1.0649588,0.0,0.08610755,0.0,0.0,0.018,0.0,0.0,0.0,0.0,-27.473345,2.342956,0.78098536,0.16000001,0.0,0.17510381,0.0,0.0
hardzero_only__c0p58__z1p00__lam0p000__nu0p50__psi0p00,0.018,support,49,281,0.0,3,0.010335485,0.010335485,0.010335485,1.0032809,0.0,0.09924739,0.0,0.0,0.018,0.0,0.0,0.0,0.0,-26.610044,2.207262,0.735754,0.120000005,0.0,0.13017027,0.0,0.0
hardzero_only__c0p58__z1p00__lam0p000__nu0p50__psi0p00,0.018,support,49,282,0.0,3,0.010335485,0.010335485,0.010335485,1.021761,0.0,0.09511281,0.0,0.0,0.018,0.0,0.0,0.0,0.0,-27.794064,2.247919,0.7493064,0.17600001,0.0,0.17203127,0.0,0.0
hardzero_only__c0p58__z1p00__lam0p000__nu0p50__psi0p00,0.018,support,49,283,0.0,3,0.010335485,0.010335485,0.010335485,1.0569903,0.0,0.08770204,0.0,0.0,0.018,0.0,0.0,0.0,0.0,-27.911263,2.325425,0.77514166,0.128,0.0,0.1623294,0.0,0.0
hardzero_only__c0p58__z1p00__lam0p000__nu0p50__psi0p00,0.018,support,49,284,0.0,3,0.010335485,0.0121736685,0.0121736685,0.9908838,0.102121264,0.102121264,1.0,0.0018381827,0.018,0.0,0.0,0.0,0.0,-26.271578,2.179988,0.72666264,0.104,0.0,0.14638317,0.0,0.0
hardzero_only__c0p58__z1p00__lam0p000__nu0p50__psi0p00,0.018,support,49,285,0.0,3,0.0121736685,0.014086825,0.014086825,0.97352207,0.10628645,0.10628645,1.0,0.001913156,0.018,0.0,0.0,0.0,0.0,-27.028675,2.1417913,0.7139305,0.208,0.0,0.14432313,0.0,0.0
hardzero_only__c0p58__z1p00__lam0p000__nu0p50__psi0p00,0.018,support,49,286,0.0,3,0.014086825,0.01592079,0.01592079,0.9918814,0.101886965,0.101886965,1.0,0.0018339653,0.018,0.0,0.0,0.0,0.0,-26.891098,2.1821826,0.7273942,0.14,0.0,0.1491112,0.0,0.0
hardzero_only__c0p58__z1p00__lam0p000__nu0p50__psi0p00,0.018,support,49,287,0.0,3,0.01592079,0.01592079,0.01592079,1.0248587,0.0,0.0944368,0.0,0.0,0.018,0.0,0.0,0.0,0.0,-27.225275,2.2547343,0.7515781,0.17600001,0.0,0.13740677,0.0,0.0
hardzero_only__c0p58__z1p00__lam0p000__nu0p50__psi0p00,0.018,support,49,288,0.0,3,0.01592079,0.01592079,0.01592079,1.0416932,0.0,0.09084621,0.0,0.0,0.018,0.0,0.0,0.0,0.0,-27.758595,2.291771,0.76392365,0.18400002,0.0,0.20304501,0.0,0.0
hardzero_only__c0p58__z1p00__lam0p000__nu0p50__psi0p00,0.018,support,49,289,0.0,3,0.01592079,0.01776154,0.01776154,0.9902778,0.102263846,0.102263846,1.0,0.0018407492,0.018,0.0,0.0,0.0,0.0,-27.081783,2.1786547,0.7262182,0.17600001,0.0,0.1629022,0.0,0.0
hardzero_only__c0p58__z1p00__lam0p000__nu0p50__psi0p00,0.018,support,49,290,0.0,3,0.01776154,0.01776154,0.01776154,1.0299238,0.0,0.093341805,0.0,0.0,0.018,0.0,0.0,0.0,0.0,-26.789759,2.2658775,0.75529253,0.18400002,0.0,0.15462431,0.0,0.0
hardzero_only__c0p58__z1p00__lam0p000__nu0p50__psi0p00,0.018,support,49,291,0.0,3,0.01776154,0.019715434,0.019715434,0.96437144,0.10854966,0.10854966,1.0,0.0019538938,0.018,0.0,0.0,0.0,0.0,-26.14815,2.1216595,0.70721984,0.17600001,0.0,0.1424493,0.0,0.0
hardzero_only__c0p58__z1p00__lam0p000__nu0p50__psi0p00,0.018,support,49,292,0.0,3,0.019715434,0.021555187,0.021555187,0.9905127,0.10220856,0.10220856,1.0,0.001839754,0.018,0.0,0.0,0.0,0.0,-26.665705,2.1791716,0.72639054,0.224,0.0,0.1380173,0.0,0.0
hardzero_only__c0p58__z1p00__lam0p000__nu0p50__psi0p00,0.018,support,49,293,0.0,3,0.021555187,0.023400966,0.023400966,0.989093,0.10254323,0.10254323,1.0,0.001845778,0.018,0.0,0.0,0.0,0.0,-27.47765,2.176048,0.72534937,0.120000005,0.0,0.17289156,0.0,0.0
hardzero_only__c0p58__z1p00__lam0p000__nu0p50__psi0p00,0.018,support,49,294,0.0,3,0.023400966,0.025362914,0.025362914,0.9625851,0.1089971,0.1089971,1.0,0.0019619477,0.018,0.0,0.0,0.0,0.0,-25.904837,2.1177294,0.70590985,0.16800001,0.0,0.13043015,0.0,0.0
hardzero_only__c0p58__z1p00__lam0p000__nu0p50__psi0p00,0.018,support,49,295,0.0,3,0.025362914,0.027170053,0.027170053,0.9982811,0.10039656,0.10039656,1.0,0.001807138,0.018,0.0,0.0,0.0,0.0,-27.527773,2.1962624,0.7320875,0.16000001,0.0,0.1722085,0.0,0.0
hardzero_only__c0p58__z1p00__lam0p000__nu0p50__psi0p00,0.018,support,49,296,0.0,3,0.027170053,0.029105091,0.029105091,0.9685827,0.10750218,0.10750218,1.0,0.0019350391,0.018,0.0,0.0,0.0,0.0,-26.204813,2.1309245,0.7103082,0.14400001,0.0,0.14626293,0.0,0.0
hardzero_only__c0p58__z1p00__lam0p000__nu0p50__psi0p00,0.018,support,49,297,0.0,3,0.029105091,0.029105091,0.029105091,1.0158246,0.0,0.09642185,0.0,0.0,0.018,0.0,0.0,0.0,0.0,-27.656982,2.2348588,0.7449529,0.18400002,0.0,0.16928788,0.0,0.0
hardzero_only__c0p58__z1p00__lam0p000__nu0p50__psi0p00,0.018,support,49,298,0.0,3,0.029105091,0.029105091,0.029105091,1.083234,0.0,0.08255931,0.0,0.0,0.018,0.0,0.0,0.0,0.0,-27.937384,2.3831623,0.79438746,0.112,0.0,0.16347186,0.0,0.0
hardzero_only__c0p58__z1p00__lam0p000__nu0p50__psi0p00,0.018,support,49,299,0.0,3,0.029105091,0.030991437,0.030991437,0.9796513,0.10479697,0.10479697,1.0,0.0018863453,0.018,0.0,0.0,0.0,0.0,-26.772573,2.1552758,0.7184253,0.17999999,0.0,0.15503423,0.0,0.0
hardzero_only__c0p58__z1p00__lam0p000__nu0p50__psi0p00,0.018,support,49,300,0.0,3,0.030991437,0.03295649,0.03295649,0.96189845,0.10916956,0.10916956,1.0,0.001965052,0.018,0.0,0.0,0.0,0.0,-26.577555,2.1162188,0.7054063,0.18400002,0.0,0.13909021,0.0,0.0
hardzero_only__c0p58__z1p00__lam0p000__nu0p50__psi0p00,0.018,support,49,301,0.0,3,0.03295649,0.034783535,0.034783535,0.9935232,0.10150251,0.10150251,1.0,0.0018270451,0.018,0.0,0.0,0.0,0.0,-26.917564,2.1857946,0.72859824,0.16000001,0.0,0.14835334,0.0,0.0
hardzero_only__c0p58__z1p00__lam0p000__nu0p50__psi0p00,0.018,support,49,302,0.0,3,0.034783535,0.034783535,0.034783535,1.0279038,0.0,0.09377696,0.0,0.0,0.018,0.0,0.0,0.0,0.0,-27.566721,2.2614336,0.75381124,0.15200001,0.0,0.1312323,0.0,0.0
hardzero_only__c0p58__z1p00__lam0p000__nu0p50__psi0p00,0.018,support,49,303,0.0,3,0.034783535,0.034783535,0.034783535,1.0385547,0.0,0.0915051,0.0,0.0,0.018,0.0,0.0,0.0,0.0,-28.10943,2.2848659,0.76162195,0.192,0.0,0.17652257,0.0,0.0
hardzero_only__c0p58__z1p00__lam0p000__nu0p50__psi0p00,0.018,support,49,304,0.0,3,0.034783535,0.03667316,0.03667316,0.97889745,0.10497902,0.10497902,1.0,0.0018896223,0.018,0.0,0.0,0.0,0.0,-26.256979,2.1536174,0.7178725,0.14400001,0.0,0.14109921,0.0,0.0
hardzero_only__c0p58__z1p00__lam0p000__nu0p50__psi0p00,0.018,support,49,305,0.0,3,0.03667316,0.038517695,0.038517695,0.98938525,0.10247426,0.10247426,1.0,0.0018445365,0.018,0.0,0.0,0.0,0.0,-27.129122,2.176691,0.7255637,0.224,0.0,0.15971428,0.0,0.0
hardzero_only__c0p58__z1p00__lam0p000__nu0p50__psi0p00,0.018,support,49,306,0.0,3,0.038517695,0.040399946,0.040399946,0.98059475,0.10456955,0.10456955,1.0,0.0018822518,0.018,0.0,0.0,0.0,0.0,-26.390106,2.1573515,0.71911716,0.224,0.0,0.15891281,0.0,0.0
hardzero_only__c0p58__z1p00__lam0p000__nu0p50__psi0p00,0.018,support,49,307,0.0,3,0.040399946,0.040399946,0.040399946,1.0540495,0.0,0.08829792,0.0,0.0,0.018,0.0,0.0,0.0,0.0,-28.08965,2.3189552,0.7729851,0.17600001,0.0,0.15984035,0.0,0.0
hardzero_only__c0p58__z1p00__lam0p000__nu0p50__psi0p00,0.018,support,49,308,0.0,3,0.040399946,0.040399946,0.040399946,1.0262401,0.0,0.0941369,0.0,0.0,0.018,0.0,0.0,0.0,0.0,-27.430912,2.2577734,0.75259113,0.18400002,0.0,0.167161,0.0,0.0
hardzero_only__c0p58__z1p00__lam0p000__nu0p50__psi0p00,0.018,support,49,309,0.0,3,0.040399946,0.042335942,0.042335942,0.96836823,0.10755527,0.10755527,1.0,0.0019359948,0.018,0.0,0.0,0.0,0.0,-26.52854,2.1304526,0.7101509,0.224,0.0,0.14684983,0.0,0.0
hardzero_only__c0p58__z1p00__lam0p000__nu0p50__psi0p00,0.018,support,49,310,0.0,3,0.042335942,0.04418797,0.04418797,0.98762524,0.102890365,0.102890365,1.0,0.0018520264,0.018,0.0,0.0,0.0,0.0,-26.218573,2.172819,0.72427297,0.216,0.0,0.15551186,0.0,0.0
hardzero_only__c0p58__z1p00__lam0p000__nu0p50__psi0p00,0.018,support,49,311,0.0,3,0.04418797,0.046130076,0.046130076,0.96700007,0.10789466,0.10789466,1.0,0.0019421037,0.018,0.0,0.0,0.0,0.0,-26.354414,2.1274426,0.7091476,0.192,0.0,0.17195986,0.0,0.0
hardzero_only__c0p58__z1p00__lam0p000__nu0p50__psi0p00,0.018,support,49,312,0.0,3,0.046130076,0.04793515,0.04793515,0.99877715,0.10028197,0.10028197,1.0,0.0018050753,0.018,0.0,0.0,0.0,0.0,-26.298998,2.1973536,0.7324512,0.14999999,0.0,0.15367706,0.0,0.0
hardzero_only__c0p58__z1p00__lam0p000__nu0p50__psi0p00,0.018,support,49,313,0.0,3,0.04793515,0.04793515,0.04793515,1.0456772,0.0,0.09001665,0.0,0.0,0.018,0.0,0.0,0.0,0.0,-28.193727,2.3005357,0.7668452,0.18400002,0.0,0.21010117,0.0,0.0
hardzero_only__c0p58__z1p00__lam0p000__nu0p50__psi0p00,0.018,support,49,314,0.0,3,0.04793515,0.049795486,0.049795486,0.98568106,0.10335202,0.10335202,1.0,0.0018603363,0.018,0.0,0.0,0.0,0.0,-26.605232,2.1685417,0.7228472,0.16000001,0.0,0.1387681,0.0,0.0
hardzero_only__c0p58__z1p00__lam0p000__nu0p50__psi0p00,0.018,support,49,315,0.0,3,0.049795486,0.05168981,0.05168981,0.97781795,0.10524028,0.10524028,1.0,0.0018943249,0.018,0.0,0.0,0.0,0.0,-26.59724,2.1512425,0.71708083,0.16800001,0.0,0.170791,0.0,0.0
hardzero_only__c0p58__z1p00__lam0p000__nu0p50__psi0p00,0.018,support,49,316,0.0,3,0.05168981,0.05168981,0.05168981,1.0441761,0.0,0.09032832,0.0,0.0,0.018,0.0,0.0,0.0,0.0,-28.313602,2.2972333,0.76574445,0.15200001,0.0,0.1563001,0.0,0.0
hardzero_only__c0p58__z1p00__lam0p000__nu0p50__psi0p00,0.018,support,49,317,0.0,3,0.05168981,0.05352292,0.05352292,0.99208444,0.10183932,0.10183932,1.0,0.0018331077,0.018,0.0,0.0,0.0,0.0,-26.635038,2.1826293,0.7275431,0.104,0.0,0.13058868,0.0,0.0
hardzero_only__c0p58__z1p00__lam0p000__nu0p50__psi0p00,0.018,support,49,318,0.0,3,0.05352292,0.055368613,0.055368613,0.98911226,0.10253868,0.10253868,1.0,0.0018456962,0.018,0.0,0.0,0.0,0.0,-26.042599,2.1760905,0.7253635,0.112,0.0,0.1308877,0.0,0.0
hardzero_only__c0p58__z1p00__lam0p000__nu0p50__psi0p00,0.018,support,49,319,0.0,3,0.055368613,0.055368613,0.055368613,1.0489206,0.0,0.08934687,0.0,0.0,0.018,0.0,0.0,0.0,0.0,-27.925919,2.3076715,0.76922387,0.136,0.0,0.15794717,0.0,0.0
hardzero_only__c0p58__z1p00__lam0p000__nu0p50__psi0p00,0.018,support,49,320,0.0,3,0.055368613,0.05717439,0.05717439,0.99860907,0.10032078,0.10032078,1.0,0.0018057739,0.018,0.0,0.0,0.0,0.0,-26.751314,2.1969838,0.73232794,0.17600001,0.0,0.1369636,0.0,0.0
hardzero_only__c0p58__z1p00__lam0p000__nu0p50__psi0p00,0.018,support,49,321,0.0,3,0.05717439,0.05717439,0.05717439,1.0306691,0.0,0.09318176,0.0,0.0,0.018,0.0,0.0,0.0,0.0,-27.164978,2.2675173,0.7558391,0.15200001,0.0,0.16323878,0.0,0.0
hardzero_only__c0p58__z1p00__lam0p000__nu0p50__psi0p00,0.018,support,49,322,0.0,3,0.05717439,0.059010267,0.059010267,0.9914287,0.101993226,0.101993226,1.0,0.001835878,0.018,0.0,0.0,0.0,0.0,-27.41141,2.1811867,0.7270622,0.17600001,0.0,0.1636466,0.0,0.0
hardzero_only__c0p58__z1p00__lam0p000__nu0p50__psi0p00,0.018,support,49,323,0.0,3,0.059010267,0.060822677,0.060822677,0.9970165,0.10068934,0.10068934,1.0,0.001812408,0.018,0.0,0.0,0.0,0.0,-26.666298,2.19348,0.73116004,0.2,0.0,0.13352107,0.0,0.0
hardzero_only__c0p58__z1p00__lam0p000__nu0p50__psi0p00,0.018,support,49,324,0.0,3,0.060822677,0.06274528,0.06274528,0.9713821,0.10681146,0.10681146,1.0,0.0019226061,0.018,0.0,0.0,0.0,0.0,-26.643744,2.1370833,0.7123611,0.208,0.0,0.15787321,0.0,0.0
hardzero_only__c0p58__z1p00__lam0p000__nu0p50__psi0p00,0.018,support,49,325,0.0,3,0.06274528,0.06274528,0.06274528,1.0246364,0.0,0.094485156,0.0,0.0,0.018,0.0,0.0,0.0,0.0,-27.527033,2.254245,0.751415,0.17999999,0.0,0.14522368,0.0,0.0
hardzero_only__c0p58__z1p00__lam0p000__nu0p50__psi0p00,0.018,support,49,326,0.0,3,0.06274528,0.06460609,0.06460609,0.9855691,0.10337865,0.10337865,1.0,0.0018608157,0.018,0.0,0.0,0.0,0.0,-25.538475,2.1682954,0.72276515,0.16800001,0.0,0.13466148,0.0,0.0
hardzero_only__c0p58__z1p00__lam0p000__nu0p50__psi0p00,0.018,support,49,327,0.0,3,0.06460609,0.06667223,0.06667223,0.9401139,0.11478523,0.11478523,1.0,0.002066134,0.018,0.0,0.0,0.0,0.0,-25.284506,2.068292,0.68943065,0.17600001,0.0,0.13665007,0.0,0.0
hardzero_only__c0p58__z1p00__lam0p000__nu0p50__psi0p00,0.018,support,49,328,0.0,3,0.06667223,0.06667223,0.06667223,1.017212,0.0,0.09611429,0.0,0.0,0.018,0.0,0.0,0.0,0.0,-26.163698,2.2379112,0.7459704,0.16800001,0.0,0.1351237,0.0,0.0
hardzero_only__c0p58__z1p00__lam0p000__nu0p50__psi0p00,0.018,support,49,329,0.0,3,0.06667223,0.06667223,0.06667223,1.0023993,0.0,0.09944905,0.0,0.0,0.018,0.0,0.0,0.0,0.0,-26.485865,2.2053225,0.73510754,0.136,0.0,0.16391706,0.0,0.0
hardzero_only__c0p58__z1p00__lam0p000__nu0p50__psi0p00,0.018,support,49,330,0.0,3,0.06667223,0.068568535,0.068568535,0.9773637,0.105350405,0.105350405,1.0,0.0018963072,0.018,0.0,0.0,0.0,0.0,-26.211916,2.150243,0.7167477,0.18400002,0.0,0.1469481,0.0,0.0
hardzero_only__c0p58__z1p00__lam0p000__nu0p50__psi0p00,0.018,support,49,331,0.0,3,0.068568535,0.07046644,0.07046644,0.9769989,0.10543893,0.10543893,1.0,0.0018979007,0.018,0.0,0.0,0.0,0.0,-26.842363,2.1494405,0.7164802,0.256,0.0,0.16338085,0.0,0.0
hardzero_only__c0p58__z1p00__lam0p000__nu0p50__psi0p00,0.018,support,49,332,0.0,3,0.07046644,0.07046644,0.07046644,1.0183142,0.0,0.09587067,0.0,0.0,0.018,0.0,0.0,0.0,0.0,-26.91243,2.240336,0.74677867,0.16800001,0.0,0.1485672,0.0,0.0
hardzero_only__c0p58__z1p00__lam0p000__nu0p50__psi0p00,0.018,support,49,333,0.0,3,0.07046644,0.07046644,0.07046644,1.00724,0.0,0.098346725,0.0,0.0,0.018,0.0,0.0,0.0,0.0,-27.300827,2.2159724,0.7386575,0.18400002,0.008,0.16763175,0.0,0.0
hardzero_only__c0p58__z1p00__lam0p000__nu0p50__psi0p00,0.018,support,49,334,0.0,3,0.07046644,0.07046644,0.07046644,1.0365969,0.0,0.09191855,0.0,0.0,0.018,0.0,0.0,0.0,0.0,-27.31234,2.2805586,0.7601862,0.15200001,0.0,0.18622902,0.0,0.0
hardzero_only__c0p58__z1p00__lam0p000__nu0p50__psi0p00,0.018,support,49,335,0.0,3,0.07046644,0.072306894,0.072306894,0.99034715,0.102247536,0.102247536,1.0,0.0018404556,0.018,0.0,0.0,0.0,0.0,-26.96571,2.1788073,0.7262691,0.16800001,0.0,0.13680872,0.0,0.0
hardzero_only__c0p58__z1p00__lam0p000__nu0p50__psi0p00,0.018,support,49,336,0.0,3,0.072306894,0.072306894,0.072306894,1.040601,0.0,0.09107496,0.0,0.0,0.018,0.0,0.0,0.0,0.0,-27.42344,2.289368,0.7631227,0.18400002,0.0,0.15223944,0.0,0.0
hardzero_only__c0p58__z1p00__lam0p000__nu0p50__psi0p00,0.018,support,49,337,0.0,3,0.072306894,0.07429467,0.07429467,0.95690495,0.11043203,0.11043203,1.0,0.0019877765,0.018,0.0,0.0,0.0,0.0,-27.086353,2.105233,0.7017443,0.17600001,0.0,0.13964054,0.0,0.0
hardzero_only__c0p58__z1p00__lam0p000__nu0p50__psi0p00,0.018,support,49,338,0.0,3,0.07429467,0.07429467,0.07429467,1.044612,0.0,0.09023768,0.0,0.0,0.018,0.0,0.0,0.0,0.0,-27.407698,2.2981925,0.76606417,0.099999994,0.0,0.1356978,0.0,0.0
hardzero_only__c0p58__z1p00__lam0p000__nu0p50__psi0p00,0.018,support,49,339,0.0,3,0.07429467,0.07619533,0.07619533,0.97636926,0.10559194,0.10559194,1.0,0.0019006548,0.018,0.0,0.0,0.0,0.0,-26.314053,2.1480553,0.71601844,0.17600001,0.0,0.14164601,0.0,0.0
hardzero_only__c0p58__z1p00__lam0p000__nu0p50__psi0p00,0.018,support,49,340,0.0,3,0.07619533,0.07619533,0.07619533,1.0261564,0.0,0.094155036,0.0,0.0,0.018,0.0,0.0,0.0,0.0,-26.726482,2.257589,0.75252974,0.08800001,0.0,0.12041196,0.0,0.0
hardzero_only__c0p58__z1p00__lam0p000__nu0p50__psi0p00,0.018,support,49,341,0.0,3,0.07619533,0.07812865,0.07812865,0.9689689,0.107406616,0.107406616,1.0,0.001933319,0.018,0.0,0.0,0.0,0.0,-26.275677,2.1317742,0.71059144,0.120000005,0.0,0.13780558,0.0,0.0
hardzero_only__c0p58__z1p00__lam0p000__nu0p50__psi0p00,0.018,support,49,342,0.0,3,0.07812865,0.07812865,0.07812865,1.0065881,0.0,0.098494485,0.0,0.0,0.018,0.0,0.0,0.0,0.0,-26.690142,2.214538,0.7381794,0.14400001,0.0,0.1450549,0.0,0.0
hardzero_only__c0p58__z1p00__lam0p000__nu0p50__psi0p00,0.018,support,49,343,0.0,3,0.07812865,0.08002927,0.08002927,0.97637755,0.105589926,0.105589926,1.0,0.0019006185,0.018,0.0,0.0,0.0,0.0,-27.125008,2.1480734,0.7160245,0.128,0.0,0.1249332,0.0,0.0
hardzero_only__c0p58__z1p00__lam0p000__nu0p50__psi0p00,0.018,support,49,344,0.0,3,0.08002927,0.08002927,0.08002927,1.032584,0.0,0.09277182,0.0,0.0,0.018,0.0,0.0,0.0,0.0,-26.979252,2.2717302,0.7572434,0.16000001,0.0,0.16152367,0.0,0.0
hardzero_only__c0p58__z1p00__lam0p000__nu0p50__psi0p00,0.018,support,49,345,0.0,3,0.08002927,0.08002927,0.08002927,1.0275699,0.0,0.09384909,0.0,0.0,0.018,0.0,0.0,0.0,0.0,-28.620317,2.2606988,0.75356627,0.17600001,0.0,0.17683253,0.0,0.0
hardzero_only__c0p58__z1p00__lam0p000__nu0p50__psi0p00,0.018,support,49,346,0.0,3,0.08002927,0.08002927,0.08002927,1.0013397,0.0,0.099692,0.0,0.0,0.018,0.0,0.0,0.0,0.0,-26.845285,2.2029912,0.7343304,0.2,0.0,0.13042614,0.0,0.0
hardzero_only__c0p58__z1p00__lam0p000__nu0p50__psi0p00,0.018,support,49,347,0.0,3,0.08002927,0.08197859,0.08197859,0.9653898,0.10829544,0.10829544,1.0,0.0019493179,0.018,0.0,0.0,0.0,0.0,-27.05933,2.1239,0.7079667,0.15200001,0.0,0.1510331,0.0,0.0
hardzero_only__c0p58__z1p00__lam0p000__nu0p50__psi0p00,0.018,support,49,348,0.0,3,0.08197859,0.08380863,0.08380863,0.9928119,0.101668894,0.101668894,1.0,0.00183004,0.018,0.0,0.0,0.0,0.0,-26.965858,2.1842299,0.72807664,0.208,0.0,0.15807213,0.0,0.0
hardzero_only__c0p58__z1p00__lam0p000__nu0p50__psi0p00,0.018,support,49,349,0.0,3,0.08380863,0.08380863,0.08380863,1.0176059,0.0,0.096027166,0.0,0.0,0.018,0.0,0.0,0.0,0.0,-27.428598,2.2387776,0.7462592,0.128,0.0,0.1633378,0.0,0.0
hardzero_only__c0p58__z1p00__lam0p000__nu0p50__psi0p00,0.018,support,49,350,0.0,3,0.08380863,0.08380863,0.08380863,1.0525947,0.0,0.0885942,0.0,0.0,0.018,0.0,0.0,0.0,0.0,-28.647379,2.3157544,0.7719182,0.14400001,0.0,0.17773671,0.0,0.0
hardzero_only__c0p58__z1p00__lam0p000__nu0p50__psi0p00,0.018,support,49,351,0.0,3,0.08380863,0.08380863,0.08380863,1.0105339,0.0,0.09760364,0.0,0.0,0.018,0.0,0.0,0.0,0.0,-26.580557,2.223219,0.741073,0.16,0.0,0.16492274,0.0,0.0
hardzero_only__c0p58__z1p00__lam0p000__nu0p50__psi0p00,0.018,support,49,352,0.0,3,0.08380863,0.085717514,0.085717514,0.97449386,0.106048904,0.106048904,1.0,0.0019088802,0.018,0.0,0.0,0.0,0.0,-26.01099,2.1439292,0.7146431,0.128,0.0,0.1285397,0.0,0.0
hardzero_only__c0p58__z1p00__lam0p000__nu0p50__psi0p00,0.018,support,49,353,0.0,3,0.085717514,0.085717514,0.085717514,1.0340439,0.0,0.09246047,0.0,0.0,0.018,0.0,0.0,0.0,0.0,-27.003513,2.274942,0.758314,0.16000001,0.0,0.15310496,0.0,0.0
hardzero_only__c0p58__z1p00__lam0p000__nu0p50__psi0p00,0.018,support,49,354,0.0,3,0.085717514,0.085717514,0.085717514,1.0238367,0.0,0.09465929,0.0,0.0,0.018,0.0,0.0,0.0,0.0,-27.220003,2.2524858,0.7508286,0.136,0.0,0.17548661,0.0,0.0
hardzero_only__c0p58__z1p00__lam0p000__nu0p50__psi0p00,0.018,support,49,355,0.0,3,0.085717514,0.085717514,0.085717514,1.0431567,0.0,0.09054057,0.0,0.0,0.018,0.0,0.0,0.0,0.0,-27.41459,2.2949905,0.7649969,0.208,0.0,0.13255654,0.0,0.0
hardzero_only__c0p58__z1p00__lam0p000__nu0p50__psi0p00,0.018,support,49,356,0.0,3,0.085717514,0.085717514,0.085717514,1.0098814,0.0,0.0977504,0.0,0.0,0.018,0.0,0.0,0.0,0.0,-26.672346,2.2217834,0.7405945,0.104,0.0,0.12406876,0.0,0.0
hardzero_only__c0p58__z1p00__lam0p000__nu0p50__psi0p00,0.018,support,49,357,0.0,3,0.085717514,0.085717514,0.085717514,1.0191151,0.0,0.095694035,0.0,0.0,0.018,0.0,0.0,0.0,0.0,-27.419043,2.2420979,0.74736595,0.14400001,0.0,0.14083286,0.0,0.0
hardzero_only__c0p58__z1p00__lam0p000__nu0p50__psi0p00,0.018,support,49,358,0.0,3,0.085717514,0.08759965,0.08759965,0.98062205,0.104562975,0.104562975,1.0,0.0018821334,0.018,0.0,0.0,0.0,0.0,-26.831347,2.1574116,0.7191372,0.18400002,0.0,0.16195174,0.0,0.0
hardzero_only__c0p58__z1p00__lam0p000__nu0p50__psi0p00,0.018,support,49,359,0.0,3,0.08759965,0.08759965,0.08759965,1.0571713,0.0,0.08766548,0.0,0.0,0.018,0.0,0.0,0.0,0.0,-27.521078,2.3258233,0.77527446,0.128,0.0,0.18571515,0.0,0.0
hardzero_only__c0p58__z1p00__lam0p000__nu0p50__psi0p00,0.018,support,49,360,0.0,3,0.08759965,0.089778975,0.089778975,0.91695124,0.12107342,0.12107342,1.0,0.0021793214,0.018,0.0,0.0,0.0,0.0,-25.822836,2.017333,0.67244434,0.16000001,0.0,0.12756172,0.0,0.0
hardzero_only__c0p58__z1p00__lam0p000__nu0p50__psi0p00,0.018,support,49,361,0.0,3,0.089778975,0.089778975,0.089778975,1.0061446,0.0,0.09859511,0.0,0.0,0.018,0.0,0.0,0.0,0.0,-27.01721,2.2135625,0.7378542,0.192,0.0,0.15823892,0.0,0.0
hardzero_only__c0p58__z1p00__lam0p000__nu0p50__psi0p00,0.018,support,49,362,0.0,3,0.089778975,0.0915888,0.0915888,0.99763507,0.10054603,0.10054603,1.0,0.0018098284,0.018,0.0,0.0,0.0,0.0,-26.56255,2.194841,0.73161364,0.16000001,0.0,0.1771133,0.0,0.0
hardzero_only__c0p58__z1p00__lam0p000__nu0p50__psi0p00,0.018,support,49,363,0.0,3,0.0915888,0.09352114,0.09352114,0.96919,0.107351966,0.107351966,1.0,0.0019323353,0.018,0.0,0.0,0.0,0.0,-26.163301,2.1322606,0.71075356,0.128,0.0,0.13610937,0.0,0.0
hardzero_only__c0p58__z1p00__lam0p000__nu0p50__psi0p00,0.018,support,49,364,0.0,3,0.09352114,0.09352114,0.09352114,1.026805,0.0,0.094014525,0.0,0.0,0.018,0.0,0.0,0.0,0.0,-26.66375,2.2590163,0.75300545,0.11,0.0,0.15621452,0.0,0.0
hardzero_only__c0p58__z1p00__lam0p000__nu0p50__psi0p00,0.018,support,49,365,0.0,3,0.09352114,0.095346175,0.095346175,0.99400204,0.10139067,0.10139067,1.0,0.0018250319,0.018,0.0,0.0,0.0,0.0,-27.05296,2.1868482,0.7289494,0.128,0.0,0.1574002,0.0,0.0
hardzero_only__c0p58__z1p00__lam0p000__nu0p50__psi0p00,0.018,support,49,366,0.0,3,0.095346175,0.09724538,0.09724538,0.97669995,0.10551155,0.10551155,1.0,0.0018992078,0.018,0.0,0.0,0.0,0.0,-26.534588,2.1487827,0.7162609,0.224,0.0,0.15622865,0.0,0.0
hardzero_only__c0p58__z1p00__lam0p000__nu0p50__psi0p00,0.018,support,49,367,0.0,3,0.09724538,0.09905266,0.09905266,0.998247,0.100404456,0.100404456,1.0,0.0018072801,0.018,0.0,0.0,0.0,0.0,-26.355833,2.1961873,0.73206246,0.136,0.0,0.13079901,0.0,0.0
hardzero_only__c0p58__z1p00__lam0p000__nu0p50__psi0p00,0.018,support,49,368,0.0,3,0.09905266,0.09905266,0.09905266,1.022297,0.0,0.094995484,0.0,0.0,0.018,0.0,0.0,0.0,0.0,-27.27432,2.2490983,0.7496995,0.15200001,0.0,0.15931366,0.0,0.0
hardzero_only__c0p58__z1p00__lam0p000__nu0p50__psi0p00,0.018,support,49,369,0.0,3,0.09905266,0.101099804,0.101099804,0.9441247,0.11373006,0.11373006,1.0,0.0020471408,0.018,0.0,0.0,0.0,0.0,-26.190853,2.0771158,0.69237196,0.16000001,0.0,0.12675457,0.0,0.0
hardzero_only__c0p58__z1p00__lam0p000__nu0p50__psi0p00,0.018,support,49,370,0.0,3,0.101099804,0.10318418,0.10318418,0.9362975,0.1157984,0.1157984,1.0,0.0020843712,0.018,0.0,0.0,0.0,0.0,-25.373749,2.0598955,0.68663186,0.224,0.0,0.12936416,0.0,0.0
hardzero_only__c0p58__z1p00__lam0p000__nu0p50__psi0p00,0.018,support,49,371,0.0,3,0.10318418,0.10518555,0.10518555,0.9539433,0.1111877,0.1111877,1.0,0.0020013785,0.018,0.0,0.0,0.0,0.0,-26.222616,2.0987172,0.69957244,0.16800001,0.0,0.11780672,0.0,0.0
hardzero_only__c0p58__z1p00__lam0p000__nu0p50__psi0p00,0.018,support,49,372,0.0,3,0.10518555,0.10518555,0.10518555,1.041881,0.0,0.09080693,0.0,0.0,0.018,0.0,0.0,0.0,0.0,-28.493458,2.2921839,0.76406133,0.16800001,0.0,0.20294006,0.0,0.0
hardzero_only__c0p58__z1p00__lam0p000__nu0p50__psi0p00,0.018,support,49,373,0.0,3,0.10518555,0.10709212,0.10709212,0.9750212,0.1059202,0.1059202,1.0,0.0019065635,0.018,0.0,0.0,0.0,0.0,-27.320845,2.1450894,0.71502984,0.216,0.0,0.17082642,0.0,0.0
hardzero_only__c0p58__z1p00__lam0p000__nu0p50__psi0p00,0.018,support,49,374,0.0,3,0.10709212,0.10895008,0.10895008,0.98623616,0.10322,0.10322,1.0,0.0018579599,0.018,0.0,0.0,0.0,0.0,-27.04942,2.1697628,0.7232543,0.18400002,0.0,0.15288654,0.0,0.0
hardzero_only__c0p58__z1p00__lam0p000__nu0p50__psi0p00,0.018,support,49,375,0.0,3,0.10895008,0.10895008,0.10895008,1.0206002,0.0,0.09536737,0.0,0.0,0.018,0.0,0.0,0.0,0.0,-27.551971,2.2453654,0.74845517,0.17600001,0.0,0.17274043,0.0,0.0
hardzero_only__c0p58__z1p00__lam0p000__nu0p50__psi0p00,0.018,support,49,376,0.0,3,0.10895008,0.10895008,0.10895008,1.0466543,0.0,0.08981433,0.0,0.0,0.018,0.0,0.0,0.0,0.0,-27.718624,2.3026855,0.76756185,0.08800001,0.0,0.1687709,0.0,0.0
hardzero_only__c0p58__z1p00__lam0p000__nu0p50__psi0p00,0.018,support,49,377,0.0,3,0.10895008,0.10895008,0.10895008,1.0028741,0.0,0.09934038,0.0,0.0,0.018,0.0,0.0,0.0,0.0,-26.670937,2.2063673,0.73545575,0.16,0.0,0.163218,0.0,0.0
hardzero_only__c0p58__z1p00__lam0p000__nu0p50__psi0p00,0.018,support,49,378,0.0,3,0.10895008,0.11096297,0.11096297,0.95145166,0.11182742,0.11182742,1.0,0.0020128933,0.018,0.0,0.0,0.0,0.0,-25.819092,2.0932355,0.6977452,0.208,0.0,0.13511276,0.0,0.0
hardzero_only__c0p58__z1p00__lam0p000__nu0p50__psi0p00,0.018,support,49,379,0.0,3,0.11096297,0.11096297,0.11096297,1.0389388,0.0,0.0914242,0.0,0.0,0.018,0.0,0.0,0.0,0.0,-27.348625,2.2857108,0.76190364,0.16800001,0.0,0.16516559,0.0,0.0
hardzero_only__c0p58__z1p00__lam0p000__nu0p50__psi0p00,0.018,support,49,380,0.0,3,0.11096297,0.11096297,0.11096297,1.0122256,0.0,0.0972242,0.0,0.0,0.018,0.0,0.0,0.0,0.0,-26.550705,2.2269409,0.7423136,0.14400001,0.0,0.15639615,0.0,0.0
hardzero_only__c0p58__z1p00__lam0p000__nu0p50__psi0p00,0.018,support,49,381,0.0,3,0.11096297,0.11096297,0.11096297,1.0387917,0.0,0.09145518,0.0,0.0,0.018,0.0,0.0,0.0,0.0,-28.070745,2.2853873,0.76179576,0.18400002,0.0,0.1662763,0.0,0.0
hardzero_only__c0p58__z1p00__lam0p000__nu0p50__psi0p00,0.018,support,49,382,0.0,3,0.11096297,0.112887874,0.112887874,0.97086376,0.106939025,0.106939025,1.0,0.0019249023,0.018,0.0,0.0,0.0,0.0,-26.605371,2.135943,0.711981,0.18400002,0.0,0.1363431,0.0,0.0
hardzero_only__c0p58__z1p00__lam0p000__nu0p50__psi0p00,0.018,support,49,383,0.0,3,0.112887874,0.112887874,0.112887874,1.0178657,0.0,0.095969744,0.0,0.0,0.018,0.0,0.0,0.0,0.0,-26.941673,2.2393491,0.7464497,0.224,0.0,0.16001461,0.0,0.0
hardzero_only__c0p58__z1p00__lam0p000__nu0p50__psi0p00,0.018,support,49,384,0.0,3,0.112887874,0.112887874,0.112887874,1.0360572,0.0,0.092032835,0.0,0.0,0.018,0.0,0.0,0.0,0.0,-27.83862,2.2793715,0.75979054,0.104,0.0,0.13791692,0.0,0.0
hardzero_only__c0p58__z1p00__lam0p000__nu0p50__psi0p00,0.018,support,49,385,0.0,3,0.112887874,0.112887874,0.112887874,1.0296152,0.0,0.09340815,0.0,0.0,0.018,0.0,0.0,0.0,0.0,-26.902275,2.2651987,0.7550663,0.16800001,0.0,0.14625134,0.0,0.0
hardzero_only__c0p58__z1p00__lam0p000__nu0p50__psi0p00,0.018,support,49,386,0.0,3,0.112887874,0.112887874,0.112887874,1.0589995,0.0,0.08729723,0.0,0.0,0.018,0.0,0.0,0.0,0.0,-28.765688,2.3298454,0.77661514,0.16000001,0.0,0.17904037,0.0,0.0
hardzero_only__c0p58__z1p00__lam0p000__nu0p50__psi0p00,0.018,support,49,387,0.0,3,0.112887874,0.112887874,0.112887874,1.0441759,0.0,0.090328366,0.0,0.0,0.018,0.0,0.0,0.0,0.0,-27.885141,2.2972329,0.7657443,0.112,0.0,0.17511919,0.0,0.0
hardzero_only__c0p58__z1p00__lam0p000__nu0p50__psi0p00,0.018,support,49,388,0.0,3,0.112887874,0.112887874,0.112887874,1.0319246,0.0,0.092912756,0.0,0.0,0.018,0.0,0.0,0.0,0.0,-27.226852,2.2702794,0.7567598,0.24000001,0.0,0.14840895,0.0,0.0
hardzero_only__c0p58__z1p00__lam0p000__nu0p50__psi0p00,0.018,support,49,389,0.0,3,0.112887874,0.112887874,0.112887874,1.0151858,0.0,0.09656375,0.0,0.0,0.018,0.0,0.0,0.0,0.0,-26.387579,2.2334535,0.74448454,0.2,0.0,0.15919754,0.0,0.0
hardzero_only__c0p58__z1p00__lam0p000__nu0p50__psi0p00,0.018,support,49,390,0.0,3,0.112887874,0.112887874,0.112887874,1.0715996,0.0,0.08480089,0.0,0.0,0.018,0.0,0.0,0.0,0.0,-28.487133,2.357566,0.7858554,0.17,0.0,0.1666828,0.0,0.0
hardzero_only__c0p58__z1p00__lam0p000__nu0p50__psi0p00,0.018,support,49,391,0.0,3,0.112887874,0.112887874,0.112887874,1.0446852,0.0,0.09022247,0.0,0.0,0.018,0.0,0.0,0.0,0.0,-27.3879,2.2983534,0.7661178,0.16800001,0.0,0.1353777,0.0,0.0
hardzero_only__c0p58__z1p00__lam0p000__nu0p50__psi0p00,0.018,support,49,392,0.0,3,0.112887874,0.112887874,0.112887874,1.0077724,0.0,0.09822625,0.0,0.0,0.018,0.0,0.0,0.0,0.0,-26.706131,2.2171438,0.73904794,0.104,0.0,0.13867521,0.0,0.0
hardzero_only__c0p58__z1p00__lam0p000__nu0p50__psi0p00,0.018,support,49,393,0.0,3,0.112887874,0.11479819,0.11479819,0.9741686,0.10612835,0.10612835,1.0,0.0019103102,0.018,0.0,0.0,0.0,0.0,-26.538528,2.1432137,0.7144046,0.24800001,0.0,0.145379,0.0,0.0
hardzero_only__c0p58__z1p00__lam0p000__nu0p50__psi0p00,0.018,support,49,394,0.0,3,0.11479819,0.11671798,0.11671798,0.9720179,0.10665521,0.10665521,1.0,0.0019197937,0.018,0.0,0.0,0.0,0.0,-26.905642,2.138482,0.7128274,0.15200001,0.0,0.14164785,0.0,0.0
hardzero_only__c0p58__z1p00__lam0p000__nu0p50__psi0p00,0.018,support,49,395,0.0,3,0.11671798,0.11671798,0.11671798,1.0681347,0.0,0.08548016,0.0,0.0,0.018,0.0,0.0,0.0,0.0,-27.456686,2.3499432,0.7833144,0.16000001,0.008,0.1544935,0.0,0.0
hardzero_only__c0p58__z1p00__lam0p000__nu0p50__psi0p00,0.018,support,49,396,0.0,3,0.11671798,0.118658766,0.118658766,0.967294,0.10782165,0.10782165,1.0,0.0019407896,0.018,0.0,0.0,0.0,0.0,-26.451462,2.1280892,0.7093631,0.18400002,0.0,0.12961647,0.0,0.0
hardzero_only__c0p58__z1p00__lam0p000__nu0p50__psi0p00,0.018,support,49,397,0.0,3,0.118658766,0.118658766,0.118658766,1.0209386,0.0,0.095293075,0.0,0.0,0.018,0.0,0.0,0.0,0.0,-26.620392,2.2461097,0.74870324,0.104,0.0,0.13638328,0.0,0.0
hardzero_only__c0p58__z1p00__lam0p000__nu0p50__psi0p00,0.018,support,49,398,0.0,3,0.118658766,0.118658766,0.118658766,1.0078739,0.0,0.0982033,0.0,0.0,0.018,0.0,0.0,0.0,0.0,-26.697119,2.217367,0.73912233,0.096,0.0,0.1391675,0.0,0.0
hardzero_only__c0p58__z1p00__lam0p000__nu0p50__psi0p00,0.018,support,49,399,0.0,3,0.118658766,0.118658766,0.118658766,1.0263017,0.0,0.09412354,0.0,0.0,0.018,0.0,0.0,0.0,0.0,-27.482626,2.2579088,0.7526363,0.136,0.0,0.144099,0.0,0.0
hardzero_only__c0p58__z1p00__lam0p000__nu0p50__psi0p00,0.018,support,49,400,0.0,3,0.118658766,0.12047298,0.12047298,0.9965827,0.10078998,0.10078998,1.0,0.0018142195,0.018,0.0,0.0,0.0,0.0,-26.347885,2.1925256,0.7308419,0.14400001,0.0,0.14394368,0.0,0.0
hardzero_only__c0p58__z1p00__lam0p000__nu0p50__psi0p00,0.018,support,49,401,0.0,3,0.12047298,0.12232944,0.12232944,0.986586,0.10313688,0.10313688,1.0,0.0018564638,0.018,0.0,0.0,0.0,0.0,-26.509186,2.1705325,0.72351086,0.2,0.0,0.13163194,0.0,0.0
hardzero_only__c0p58__z1p00__lam0p000__nu0p50__psi0p00,0.018,support,49,402,0.0,3,0.12232944,0.12431036,0.12431036,0.9584071,0.11005071,0.11005071,1.0,0.0019809126,0.018,0.0,0.0,0.0,0.0,-25.409853,2.1085377,0.70284593,0.192,0.0,0.12741052,0.0,0.0
hardzero_only__c0p58__z1p00__lam0p000__nu0p50__psi0p00,0.018,support,49,403,0.0,3,0.12431036,0.12619421,0.12619421,0.9802267,0.104658194,0.104658194,1.0,0.0018838474,0.018,0.0,0.0,0.0,0.0,-27.554928,2.1565418,0.7188473,0.17,0.0,0.13292094,0.0,0.0
hardzero_only__c0p58__z1p00__lam0p000__nu0p50__psi0p00,0.018,support,49,404,0.0,3,0.12619421,0.12619421,0.12619421,1.0316092,0.0,0.09298028,0.0,0.0,0.018,0.0,0.0,0.0,0.0,-27.587536,2.2695856,0.75652856,0.17600001,0.0,0.16699006,0.0,0.0
hardzero_only__c0p58__z1p00__lam0p000__nu0p50__psi0p00,0.018,support,49,405,0.0,3,0.12619421,0.1282163,0.1282163,0.94947416,0.11233779,0.11233779,1.0,0.0020220801,0.018,0.0,0.0,0.0,0.0,-25.52577,2.0888848,0.69629496,0.16800001,0.0,0.1502902,0.0,0.0
hardzero_only__c0p58__z1p00__lam0p000__nu0p50__psi0p00,0.018,support,49,406,0.0,3,0.1282163,0.13025427,0.13025427,0.9460749,0.113220505,0.113220505,1.0,0.002037969,0.018,0.0,0.0,0.0,0.0,-26.633774,2.0814064,0.6938021,0.18400002,0.0,0.15141149,0.0,0.0
hardzero_only__c0p58__z1p00__lam0p000__nu0p50__psi0p00,0.018,support,49,407,0.0,3,0.13025427,0.13220035,0.13220035,0.96611404,0.108115,0.108115,1.0,0.00194607,0.018,0.0,0.0,0.0,0.0,-26.524216,2.1254933,0.70849776,0.344,0.0,0.15640585,0.0,0.0
hardzero_only__c0p58__z1p00__lam0p000__nu0p50__psi0p00,0.018,support,49,408,0.0,3,0.13220035,0.13220035,0.13220035,1.0639322,0.0,0.08631132,0.0,0.0,0.018,0.0,0.0,0.0,0.0,-27.95483,2.3406975,0.78023255,0.080000006,0.0,0.1635129,0.0,0.0
hardzero_only__c0p58__z1p00__lam0p000__nu0p50__psi0p00,0.018,support,49,409,0.0,3,0.13220035,0.13220035,0.13220035,1.0493886,0.0,0.08925064,0.0,0.0,0.018,0.0,0.0,0.0,0.0,-27.549984,2.308701,0.769567,0.120000005,0.0,0.14348353,0.0,0.0
hardzero_only__c0p58__z1p00__lam0p000__nu0p50__psi0p00,0.018,support,49,410,0.0,3,0.13220035,0.13220035,0.13220035,1.0125636,0.0,0.09714857,0.0,0.0,0.018,0.0,0.0,0.0,0.0,-26.553528,2.2276845,0.7425615,0.136,0.008,0.14642474,0.0,0.0
hardzero_only__c0p58__z1p00__lam0p000__nu0p50__psi0p00,0.018,support,49,411,0.0,3,0.13220035,0.13410729,0.13410729,0.9749354,0.10594111,0.10594111,1.0,0.0019069399,0.018,0.0,0.0,0.0,0.0,-26.601442,2.1449008,0.71496695,0.16800001,0.0,0.14519781,0.0,0.0
hardzero_only__c0p58__z1p00__lam0p000__nu0p50__psi0p00,0.018,support,49,412,0.0,3,0.13410729,0.13614321,0.13614321,0.94651306,0.113106325,0.113106325,1.0,0.0020359138,0.018,0.0,0.0,0.0,0.0,-25.854593,2.0823703,0.69412345,0.18400002,0.0,0.156033,0.0,0.0
hardzero_only__c0p58__z1p00__lam0p000__nu0p50__psi0p00,0.018,support,49,413,0.0,3,0.13614321,0.13614321,0.13614321,1.0287166,0.0,0.09360163,0.0,0.0,0.018,0.0,0.0,0.0,0.0,-27.650106,2.2632217,0.7544073,0.16000001,0.0,0.14884602,0.0,0.0
hardzero_only__c0p58__z1p00__lam0p000__nu0p50__psi0p00,0.018,support,49,414,0.0,3,0.13614321,0.13614321,0.13614321,1.0116472,0.0,0.09735377,0.0,0.0,0.018,0.0,0.0,0.0,0.0,-27.495628,2.2256684,0.7418895,0.192,0.0,0.14603736,0.0,0.0
hardzero_only__c0p58__z1p00__lam0p000__nu0p50__psi0p00,0.018,support,49,415,0.0,3,0.13614321,0.13810539,0.13810539,0.96253306,0.109010145,0.109010145,1.0,0.0019621826,0.018,0.0,0.0,0.0,0.0,-26.628704,2.117615,0.7058717,0.120000005,0.0,0.13875486,0.0,0.0
hardzero_only__c0p58__z1p00__lam0p000__nu0p50__psi0p00,0.018,support,49,416,0.0,3,0.13810539,0.13810539,0.13810539,1.0174499,0.0,0.09606167,0.0,0.0,0.018,0.0,0.0,0.0,0.0,-27.329763,2.2384343,0.7461448,0.14,0.0,0.1457151,0.0,0.0
hardzero_only__c0p58__z1p00__lam0p000__nu0p50__psi0p00,0.018,support,49,417,0.0,3,0.13810539,0.13810539,0.13810539,1.003054,0.0,0.099299245,0.0,0.0,0.018,0.0,0.0,0.0,0.0,-26.917074,2.206763,0.7355877,0.216,0.0,0.17332855,0.0,0.0
hardzero_only__c0p58__z1p00__lam0p000__nu0p50__psi0p00,0.018,support,49,418,0.0,3,0.13810539,0.13810539,0.13810539,1.0403627,0.0,0.09112494,0.0,0.0,0.018,0.0,0.0,0.0,0.0,-28.023932,2.2888436,0.7629479,0.120000005,0.0,0.13812633,0.0,0.0
hardzero_only__c0p58__z1p00__lam0p000__nu0p50__psi0p00,0.018,support,49,419,0.0,3,0.13810539,0.13992779,0.13992779,0.9946306,0.10124404,0.10124404,1.0,0.0018223927,0.018,0.0,0.0,0.0,0.0,-26.691462,2.188231,0.72941035,0.24800001,0.008,0.16246636,0.0,0.0
hardzero_only__c0p58__z1p00__lam0p000__nu0p50__psi0p00,0.018,support,49,420,0.0,3,0.13992779,0.13992779,0.13992779,1.0104519,0.0,0.09762208,0.0,0.0,0.018,0.0,0.0,0.0,0.0,-27.7182,2.2230387,0.74101293,0.112,0.0,0.14777242,0.0,0.0
hardzero_only__c0p58__z1p00__lam0p000__nu0p50__psi0p00,0.018,support,49,421,0.0,3,0.13992779,0.14179838,0.14179838,0.983296,0.10392116,0.10392116,1.0,0.0018705808,0.018,0.0,0.0,0.0,0.0,-27.09476,2.1632943,0.7210981,0.08800001,0.0,0.14485344,0.0,0.0
hardzero_only__c0p58__z1p00__lam0p000__nu0p50__psi0p00,0.018,support,49,422,0.0,3,0.14179838,0.14179838,0.14179838,1.039053,0.0,0.091400184,0.0,0.0,0.018,0.0,0.0,0.0,0.0,-27.750927,2.285962,0.7619874,0.112,0.0,0.15475488,0.0,0.0
hardzero_only__c0p58__z1p00__lam0p000__nu0p50__psi0p00,0.018,support,49,423,0.0,3,0.14179838,0.14363551,0.14363551,0.9911306,0.10206323,0.10206323,1.0,0.0018371381,0.018,0.0,0.0,0.0,0.0,-26.04581,2.1805308,0.7268436,0.16800001,0.0,0.13115253,0.0,0.0
hardzero_only__c0p58__z1p00__lam0p000__nu0p50__psi0p00,0.018,support,49,424,0.0,3,0.14363551,0.14547701,0.14547701,0.99009967,0.102305815,0.102305815,1.0,0.0018415046,0.018,0.0,0.0,0.0,0.0,-26.728365,2.1782627,0.72608757,0.136,0.0,0.13903528,0.0,0.0
hardzero_only__c0p58__z1p00__lam0p000__nu0p50__psi0p00,0.018,support,49,425,0.0,3,0.14547701,0.14547701,0.14547701,1.0721034,0.0,0.084702566,0.0,0.0,0.018,0.0,0.0,0.0,0.0,-28.945543,2.3586745,0.78622484,0.18400002,0.0,0.17239104,0.0,0.0
hardzero_only__c0p58__z1p00__lam0p000__nu0p50__psi0p00,0.018,support,49,426,0.0,3,0.14547701,0.14547701,0.14547701,1.0325376,0.0,0.09278171,0.0,0.0,0.018,0.0,0.0,0.0,0.0,-26.452314,2.2716281,0.7572094,0.15200001,0.0,0.13604087,0.0,0.0
hardzero_only__c0p58__z1p00__lam0p000__nu0p50__psi0p00,0.018,support,49,427,0.0,3,0.14547701,0.14732881,0.14732881,0.98767734,0.10287803,0.10287803,1.0,0.0018518044,0.018,0.0,0.0,0.0,0.0,-26.39768,2.1729336,0.72431123,0.14400001,0.0,0.13042544,0.0,0.0
hardzero_only__c0p58__z1p00__lam0p000__nu0p50__psi0p00,0.018,support,49,428,0.0,3,0.14732881,0.14732881,0.14732881,1.0371625,0.0,0.0917989,0.0,0.0,0.018,0.0,0.0,0.0,0.0,-27.44882,2.2818031,0.76060104,0.128,0.0,0.15127839,0.0,0.0
hardzero_only__c0p58__z1p00__lam0p000__nu0p50__psi0p00,0.018,support,49,429,0.0,3,0.14732881,0.14732881,0.14732881,1.0194852,0.0,0.095612526,0.0,0.0,0.018,0.0,0.0,0.0,0.0,-27.188774,2.2429123,0.74763745,0.11,0.0,0.15571983,0.0,0.0
hardzero_only__c0p58__z1p00__lam0p000__nu0p50__psi0p00,0.018,support,49,430,0.0,3,0.14732881,0.14732881,0.14732881,1.0833548,0.0,0.08253634,0.0,0.0,0.018,0.0,0.0,0.0,0.0,-28.173052,2.3834283,0.79447615,0.064,0.0,0.16743357,0.0,0.0
hardzero_only__c0p58__z1p00__lam0p000__nu0p50__psi0p00,0.018,support,49,431,0.0,3,0.14732881,0.14732881,0.14732881,1.0586827,0.0,0.08736094,0.0,0.0,0.018,0.0,0.0,0.0,0.0,-28.32037,2.3291485,0.77638286,0.104,0.0,0.16162683,0.0,0.0
hardzero_only__c0p58__z1p00__lam0p000__nu0p50__psi0p00,0.018,support,49,432,0.0,3,0.14732881,0.14732881,0.14732881,1.0067308,0.0,0.098462135,0.0,0.0,0.018,0.0,0.0,0.0,0.0,-26.710657,2.214852,0.73828405,0.128,0.0,0.14063974,0.0,0.0
hardzero_only__c0p58__z1p00__lam0p000__nu0p50__psi0p00,0.018,support,49,433,0.0,3,0.14732881,0.14918622,0.14918622,0.9863635,0.10318974,0.10318974,1.0,0.0018574152,0.018,0.0,0.0,0.0,0.0,-27.156658,2.170043,0.72334766,0.208,0.0,0.15351263,0.0,0.0
hardzero_only__c0p58__z1p00__lam0p000__nu0p50__psi0p00,0.018,support,49,434,0.0,3,0.14918622,0.14918622,0.14918622,1.0118287,0.0,0.097313106,0.0,0.0,0.018,0.0,0.0,0.0,0.0,-26.952297,2.2260675,0.7420225,0.14400001,0.0,0.14588812,0.0,0.0
hardzero_only__c0p58__z1p00__lam0p000__nu0p50__psi0p00,0.018,support,49,435,0.0,3,0.14918622,0.14918622,0.14918622,1.0241263,0.0,0.09459621,0.0,0.0,0.018,0.0,0.0,0.0,0.0,-27.386354,2.2531228,0.75104094,0.192,0.0,0.17617892,0.0,0.0
hardzero_only__c0p58__z1p00__lam0p000__nu0p50__psi0p00,0.018,support,49,436,0.0,3,0.14918622,0.1512206,0.1512206,0.9468417,0.11302077,0.11302077,1.0,0.0020343738,0.018,0.0,0.0,0.0,0.0,-26.293436,2.0830934,0.6943645,0.128,0.0,0.1623476,0.0,0.0
hardzero_only__c0p58__z1p00__lam0p000__nu0p50__psi0p00,0.018,support,49,437,0.0,3,0.1512206,0.1512206,0.1512206,1.0548595,0.0,0.08813339,0.0,0.0,0.018,0.0,0.0,0.0,0.0,-28.600737,2.3207374,0.7735791,0.128,0.0,0.16730236,0.0,0.0
hardzero_only__c0p58__z1p00__lam0p000__nu0p50__psi0p00,0.018,support,49,438,0.0,3,0.1512206,0.15318419,0.15318419,0.9622222,0.1090882,0.1090882,1.0,0.0019635875,0.018,0.0,0.0,0.0,0.0,-26.49326,2.1169312,0.7056438,0.18400002,0.0,0.1556056,0.0,0.0
hardzero_only__c0p58__z1p00__lam0p000__nu0p50__psi0p00,0.018,support,49,439,0.0,3,0.15318419,0.15318419,0.15318419,1.0388988,0.0,0.091432616,0.0,0.0,0.018,0.0,0.0,0.0,0.0,-27.809763,2.285623,0.7618744,0.120000005,0.0,0.15635471,0.0,0.0
hardzero_only__c0p58__z1p00__lam0p000__nu0p50__psi0p00,0.018,support,49,440,0.0,3,0.15318419,0.15318419,0.15318419,1.0059966,0.0,0.09862873,0.0,0.0,0.018,0.0,0.0,0.0,0.0,-27.20421,2.2132368,0.73774564,0.18400002,0.0,0.13432708,0.0,0.0
hardzero_only__c0p58__z1p00__lam0p000__nu0p50__psi0p00,0.018,support,49,441,0.0,3,0.15318419,0.15318419,0.15318419,1.000122,0.0,0.09997192,0.0,0.0,0.018,0.0,0.0,0.0,0.0,-26.718626,2.2003121,0.7334374,0.192,0.0,0.13173614,0.0,0.0
hardzero_only__c0p58__z1p00__lam0p000__nu0p50__psi0p00,0.018,support,49,442,0.0,3,0.15318419,0.15507719,0.15507719,0.97812325,0.10516634,0.10516634,1.0,0.001892994,0.018,0.0,0.0,0.0,0.0,-26.497728,2.1519141,0.7173047,0.17,0.0,0.14159968,0.0,0.0
hardzero_only__c0p58__z1p00__lam0p000__nu0p50__psi0p00,0.018,support,49,443,0.0,3,0.15507719,0.15689638,0.15689638,0.9953946,0.101066075,0.101066075,1.0,0.0018191893,0.018,0.0,0.0,0.0,0.0,-27.131887,2.1899118,0.72997063,0.24800001,0.008,0.15106942,0.0,0.0
hardzero_only__c0p58__z1p00__lam0p000__nu0p50__psi0p00,0.018,support,49,444,0.0,3,0.15689638,0.15689638,0.15689638,1.0810056,0.0,0.082984,0.0,0.0,0.018,0.0,0.0,0.0,0.0,-28.716124,2.3782597,0.7927532,0.128,0.0,0.15029228,0.0,0.0
hardzero_only__c0p58__z1p00__lam0p000__nu0p50__psi0p00,0.018,support,49,445,0.0,3,0.15689638,0.15689638,0.15689638,1.0216627,0.0,0.09513433,0.0,0.0,0.018,0.0,0.0,0.0,0.0,-27.563805,2.2477028,0.7492343,0.15200001,0.0,0.15779181,0.0,0.0
hardzero_only__c0p58__z1p00__lam0p000__nu0p50__psi0p00,0.018,support,49,446,0.0,3,0.15689638,0.15689638,0.15689638,1.0327412,0.0,0.092738226,0.0,0.0,0.018,0.0,0.0,0.0,0.0,-27.722443,2.272076,0.7573587,0.16000001,0.0,0.15637575,0.0,0.0
hardzero_only__c0p58__z1p00__lam0p000__nu0p50__psi0p00,0.018,support,49,447,0.0,3,0.15689638,0.15689638,0.15689638,1.0476631,0.0,0.089605965,0.0,0.0,0.018,0.0,0.0,0.0,0.0,-27.623762,2.304905,0.76830167,0.18400002,0.0,0.15959182,0.0,0.0
hardzero_only__c0p58__z1p00__lam0p000__nu0p50__psi0p00,0.018,support,49,448,0.0,3,0.15689638,0.15689638,0.15689638,1.0477637,0.0,0.08958519,0.0,0.0,0.018,0.0,0.0,0.0,0.0,-28.053276,2.3051262,0.7683754,0.112,0.0,0.1597363,0.0,0.0
hardzero_only__c0p58__z1p00__lam0p000__nu0p50__psi0p00,0.018,support,49,449,0.0,3,0.15689638,0.15689638,0.15689638,1.0193437,0.0,0.09564367,0.0,0.0,0.018,0.0,0.0,0.0,0.0,-27.731358,2.242601,0.7475337,0.128,0.0,0.15219188,0.0,0.0
hardzero_only__c0p58__z1p00__lam0p000__nu0p50__psi0p00,0.018,support,49,450,0.0,3,0.15689638,0.15689638,0.15689638,1.0018837,0.0,0.09956718,0.0,0.0,0.018,0.0,0.0,0.0,0.0,-26.925072,2.2041883,0.73472947,0.2,0.0,0.1267904,0.0,0.0
hardzero_only__c0p58__z1p00__lam0p000__nu0p50__psi0p00,0.018,support,49,451,0.0,3,0.15689638,0.15878615,0.15878615,0.9788662,0.104986586,0.104986586,1.0,0.0018897585,0.018,0.0,0.0,0.0,0.0,-26.353657,2.1535487,0.7178496,0.192,0.0,0.14391135,0.0,0.0
hardzero_only__c0p58__z1p00__lam0p000__nu0p50__psi0p00,0.018,support,49,452,0.0,3,0.15878615,0.16073094,0.16073094,0.966399,0.108044095,0.108044095,1.0,0.0019447936,0.018,0.0,0.0,0.0,0.0,-25.844872,2.1261203,0.7087068,0.24800001,0.008,0.14442885,0.0,0.0
hardzero_only__c0p58__z1p00__lam0p000__nu0p50__psi0p00,0.018,support,49,453,0.0,3,0.16073094,0.16264161,0.16264161,0.97408766,0.10614813,0.10614813,1.0,0.0019106662,0.018,0.0,0.0,0.0,0.0,-25.678595,2.1430357,0.7143452,0.23200001,0.0,0.117104776,0.0,0.0
hardzero_only__c0p58__z1p00__lam0p000__nu0p50__psi0p00,0.018,support,49,454,0.0,3,0.16264161,0.16264161,0.16264161,1.045524,0.0,0.0900484,0.0,0.0,0.018,0.0,0.0,0.0,0.0,-27.817226,2.3001988,0.76673293,0.080000006,0.0,0.1362256,0.0,0.0
hardzero_only__c0p58__z1p00__lam0p000__nu0p50__psi0p00,0.018,support,49,455,0.0,3,0.16264161,0.1644955,0.1644955,0.98718935,0.1029937,0.1029937,1.0,0.0018538864,0.018,0.0,0.0,0.0,0.0,-27.04321,2.17186,0.72395337,0.17,0.0,0.14849295,0.0,0.0
hardzero_only__c0p58__z1p00__lam0p000__nu0p50__psi0p00,0.018,support,49,456,0.0,3,0.1644955,0.1663547,0.1663547,0.9859462,0.10328893,0.10328893,1.0,0.0018592008,0.018,0.0,0.0,0.0,0.0,-26.722385,2.1691248,0.72304165,0.14400001,0.0,0.13519354,0.0,0.0
hardzero_only__c0p58__z1p00__lam0p000__nu0p50__psi0p00,0.018,support,49,457,0.0,3,0.1663547,0.1663547,0.1663547,1.0389712,0.0,0.09141738,0.0,0.0,0.018,0.0,0.0,0.0,0.0,-27.312778,2.2857823,0.7619275,0.15200001,0.0,0.13035156,0.0,0.0
hardzero_only__c0p58__z1p00__lam0p000__nu0p50__psi0p00,0.018,support,49,458,0.0,3,0.1663547,0.1663547,0.1663547,1.0277857,0.0,0.093802474,0.0,0.0,0.018,0.0,0.0,0.0,0.0,-27.568615,2.2611735,0.7537245,0.192,0.0,0.15800822,0.0,0.0
hardzero_only__c0p58__z1p00__lam0p000__nu0p50__psi0p00,0.018,support,49,459,0.0,3,0.1663547,0.1663547,0.1663547,1.0620499,0.0,0.086686224,0.0,0.0,0.018,0.0,0.0,0.0,0.0,-27.81483,2.3365564,0.77885216,0.104,0.0,0.14569066,0.0,0.0
hardzero_only__c0p58__z1p00__lam0p000__nu0p50__psi0p00,0.018,support,49,460,0.0,3,0.1663547,0.1663547,0.1663547,1.0159823,0.0,0.09638682,0.0,0.0,0.018,0.0,0.0,0.0,0.0,-28.050653,2.2352057,0.74506855,0.17600001,0.0,0.15441918,0.0,0.0
hardzero_only__c0p58__z1p00__lam0p000__nu0p50__psi0p00,0.018,support,49,461,0.0,3,0.1663547,0.1663547,0.1663547,1.0181262,0.0,0.095912166,0.0,0.0,0.018,0.0,0.0,0.0,0.0,-27.377789,2.2399225,0.74664086,0.128,0.0,0.15436544,0.0,0.0
hardzero_only__c0p58__z1p00__lam0p000__nu0p50__psi0p00,0.018,support,49,462,0.0,3,0.1663547,0.1663547,0.1663547,1.0089496,0.0,0.09796036,0.0,0.0,0.018,0.0,0.0,0.0,0.0,-26.705048,2.2197335,0.7399112,0.16000001,0.0,0.14257817,0.0,0.0
hardzero_only__c0p58__z1p00__lam0p000__nu0p50__psi0p00,0.018,support,49,463,0.0,3,0.1663547,0.1663547,0.1663547,1.0076907,0.0,0.09824475,0.0,0.0,0.018,0.0,0.0,0.0,0.0,-26.909904,2.2169638,0.7389879,0.17600001,0.0,0.15619294,0.0,0.0
hardzero_only__c0p58__z1p00__lam0p000__nu0p50__psi0p00,0.018,support,49,464,0.0,3,0.1663547,0.1682457,0.1682457,0.97858065,0.10505564,0.10505564,1.0,0.0018910014,0.018,0.0,0.0,0.0,0.0,-26.573626,2.1529205,0.71764016,0.16000001,0.0,0.14860088,0.0,0.0
hardzero_only__c0p58__z1p00__lam0p000__nu0p50__psi0p00,0.018,support,49,465,0.0,3,0.1682457,0.1682457,0.1682457,1.0553375,0.0,0.088036425,0.0,0.0,0.018,0.0,0.0,0.0,0.0,-27.94395,2.321789,0.7739297,0.128,0.0,0.13000612,0.0,0.0
hardzero_only__c0p58__z1p00__lam0p000__nu0p50__psi0p00,0.018,support,49,466,0.0,3,0.1682457,0.17004599,0.17004599,0.9999323,0.100015596,0.100015596,1.0,0.0018002806,0.018,0.0,0.0,0.0,0.0,-26.590992,2.199895,0.7332983,0.216,0.0,0.15660064,0.0,0.0
hardzero_only__c0p58__z1p00__lam0p000__nu0p50__psi0p00,0.018,support,49,467,0.0,3,0.17004599,0.17189184,0.17189184,0.98907644,0.10254715,0.10254715,1.0,0.0018458485,0.018,0.0,0.0,0.0,0.0,-26.92542,2.1760116,0.7253372,0.17600001,0.0,0.14363077,0.0,0.0
hardzero_only__c0p58__z1p00__lam0p000__nu0p50__psi0p00,0.018,support,49,468,0.0,3,0.17189184,0.17189184,0.17189184,1.0195405,0.0,0.09560034,0.0,0.0,0.018,0.0,0.0,0.0,0.0,-27.462381,2.2430341,0.74767804,0.17,0.0,0.15027066,0.0,0.0
hardzero_only__c0p58__z1p00__lam0p000__nu0p50__psi0p00,0.018,support,49,469,0.0,3,0.17189184,0.17189184,0.17189184,1.0376892,0.0,0.091687635,0.0,0.0,0.018,0.0,0.0,0.0,0.0,-26.889301,2.2829618,0.7609873,0.192,0.0,0.16257016,0.0,0.0
hardzero_only__c0p58__z1p00__lam0p000__nu0p50__psi0p00,0.018,support,49,470,0.0,3,0.17189184,0.17385288,0.17385288,0.9627851,0.108946905,0.108946905,1.0,0.0019610443,0.018,0.0,0.0,0.0,0.0,-25.408695,2.1181695,0.70605654,0.208,0.0,0.13008142,0.0,0.0
hardzero_only__c0p58__z1p00__lam0p000__nu0p50__psi0p00,0.018,support,49,471,0.0,3,0.17385288,0.17573404,0.17573404,0.98084575,0.10450913,0.10450913,1.0,0.0018811643,0.018,0.0,0.0,0.0,0.0,-26.220785,2.1579037,0.7193012,0.192,0.0,0.14260216,0.0,0.0
hardzero_only__c0p58__z1p00__lam0p000__nu0p50__psi0p00,0.018,support,49,472,0.0,3,0.17573404,0.17573404,0.17573404,1.0011178,0.0,0.099742934,0.0,0.0,0.018,0.0,0.0,0.0,0.0,-25.559803,2.2025032,0.73416775,0.136,0.0,0.1375808,0.0,0.0
hardzero_only__c0p58__z1p00__lam0p000__nu0p50__psi0p00,0.018,support,49,473,0.0,3,0.17573404,0.17573404,0.17573404,1.0111525,0.0,0.097464725,0.0,0.0,0.018,0.0,0.0,0.0,0.0,-26.830254,2.2245798,0.7415266,0.15200001,0.0,0.13962515,0.0,0.0
hardzero_only__c0p58__z1p00__lam0p000__nu0p50__psi0p00,0.018,support,49,474,0.0,3,0.17573404,0.17573404,0.17573404,1.0510339,0.0,0.08891318,0.0,0.0,0.018,0.0,0.0,0.0,0.0,-27.763195,2.3123207,0.7707736,0.16800001,0.0,0.1528116,0.0,0.0
hardzero_only__c0p58__z1p00__lam0p000__nu0p50__psi0p00,0.018,support,49,475,0.0,3,0.17573404,0.17573404,0.17573404,1.0473453,0.0,0.08967155,0.0,0.0,0.018,0.0,0.0,0.0,0.0,-27.434856,2.3042057,0.76806855,0.136,0.0,0.17651786,0.0,0.0
hardzero_only__c0p58__z1p00__lam0p000__nu0p50__psi0p00,0.018,support,49,476,0.0,3,0.17573404,0.17760682,0.17760682,0.9827863,0.10404318,0.10404318,1.0,0.0018727771,0.018,0.0,0.0,0.0,0.0,-26.993929,2.162173,0.72072434,0.16800001,0.0,0.15161611,0.0,0.0
hardzero_only__c0p58__z1p00__lam0p000__nu0p50__psi0p00,0.018,support,49,477,0.0,3,0.17760682,0.17945647,0.17945647,0.988184,0.10275809,0.10275809,1.0,0.0018496455,0.018,0.0,0.0,0.0,0.0,-26.11843,2.1740482,0.72468275,0.18400002,0.0,0.16544515,0.0,0.0
hardzero_only__c0p58__z1p00__lam0p000__nu0p50__psi0p00,0.018,support,49,478,0.0,3,0.17945647,0.17945647,0.17945647,1.0278144,0.0,0.09379628,0.0,0.0,0.018,0.0,0.0,0.0,0.0,-27.097805,2.261237,0.7537457,0.208,0.0,0.18403968,0.0,0.0
hardzero_only__c0p58__z1p00__lam0p000__nu0p50__psi0p00,0.018,support,49,479,0.0,3,0.17945647,0.17945647,0.17945647,1.0779307,0.0,0.08357365,0.0,0.0,0.018,0.0,0.0,0.0,0.0,-28.807459,2.3714948,0.79049826,0.18400002,0.0,0.18042451,0.0,0.0
hardzero_only__c0p58__z1p00__lam0p000__nu0p50__psi0p00,0.018,support,49,480,0.0,3,0.17945647,0.17945647,0.17945647,1.0125196,0.0,0.09715841,0.0,0.0,0.018,0.0,0.0,0.0,0.0,-26.608099,2.2275877,0.7425293,0.18400002,0.0,0.15280662,0.0,0.0
hardzero_only__c0p58__z1p00__lam0p000__nu0p50__psi0p00,0.018,support,49,481,0.0,3,0.17945647,0.18133469,0.18133469,0.98152506,0.10434578,0.10434578,1.0,0.0018782241,0.018,0.0,0.0,0.0,0.0,-26.44712,2.1593983,0.71979946,0.12,0.0,0.13410239,0.0,0.0
hardzero_only__c0p58__z1p00__lam0p000__nu0p50__psi0p00,0.018,support,49,482,0.0,3,0.18133469,0.18320554,0.18320554,0.98323363,0.103936076,0.103936076,1.0,0.0018708493,0.018,0.0,0.0,0.0,0.0,-26.626999,2.1631572,0.7210524,0.15200001,0.0,0.13579892,0.0,0.0
hardzero_only__c0p58__z1p00__lam0p000__nu0p50__psi0p00,0.018,support,49,483,0.0,3,0.18320554,0.18507229,0.18507229,0.9841884,0.10370786,0.10370786,1.0,0.0018667413,0.018,0.0,0.0,0.0,0.0,-26.816732,2.1652577,0.7217526,0.128,0.0,0.15494919,0.0,0.0
hardzero_only__c0p58__z1p00__lam0p000__nu0p50__psi0p00,0.018,support,49,484,0.0,3,0.18507229,0.18507229,0.18507229,1.0261856,0.0,0.09414871,0.0,0.0,0.018,0.0,0.0,0.0,0.0,-27.828037,2.2576535,0.7525512,0.14400001,0.0,0.17590106,0.0,0.0
hardzero_only__c0p58__z1p00__lam0p000__nu0p50__psi0p00,0.018,support,49,485,0.0,3,0.18507229,0.18507229,0.18507229,1.0049019,0.0,0.098877646,0.0,0.0,0.018,0.0,0.0,0.0,0.0,-26.078161,2.2108283,0.73694277,0.17600001,0.0,0.13021846,0.0,0.0
hardzero_only__c0p58__z1p00__lam0p000__nu0p50__psi0p00,0.018,support,49,486,0.0,3,0.18507229,0.18507229,0.18507229,1.0202131,0.0,0.095452406,0.0,0.0,0.018,0.0,0.0,0.0,0.0,-27.135881,2.2445138,0.74817127,0.2,0.0,0.16396105,0.0,0.0
hardzero_only__c0p58__z1p00__lam0p000__nu0p50__psi0p00,0.018,support,49,487,0.0,3,0.18507229,0.18507229,0.18507229,1.0743145,0.0,0.08427243,0.0,0.0,0.018,0.0,0.0,0.0,0.0,-28.421627,2.363539,0.7878463,0.16800001,0.0,0.17011611,0.0,0.0
hardzero_only__c0p58__z1p00__lam0p000__nu0p50__psi0p00,0.018,support,49,488,0.0,3,0.18507229,0.18507229,0.18507229,1.0859257,0.0,0.08204919,0.0,0.0,0.018,0.0,0.0,0.0,0.0,-28.29809,2.3890843,0.79636145,0.14400001,0.0,0.16298406,0.0,0.0
hardzero_only__c0p58__z1p00__lam0p000__nu0p50__psi0p00,0.018,support,49,489,0.0,3,0.18507229,0.18698898,0.18698898,0.97272027,0.10648286,0.10648286,1.0,0.0019166914,0.018,0.0,0.0,0.0,0.0,-26.682928,2.1400273,0.7133424,0.18400002,0.0,0.17437027,0.0,0.0
hardzero_only__c0p58__z1p00__lam0p000__nu0p50__psi0p00,0.018,support,49,490,0.0,3,0.18698898,0.18698898,0.18698898,1.0432887,0.0,0.09051307,0.0,0.0,0.018,0.0,0.0,0.0,0.0,-27.455576,2.295281,0.7650937,0.112,0.0,0.15183336,0.0,0.0
hardzero_only__c0p58__z1p00__lam0p000__nu0p50__psi0p00,0.018,support,49,491,0.0,3,0.18698898,0.18698898,0.18698898,1.0123193,0.0,0.097203225,0.0,0.0,0.018,0.0,0.0,0.0,0.0,-26.617592,2.2271469,0.7423823,0.16800001,0.0,0.14757963,0.0,0.0
hardzero_only__c0p58__z1p00__lam0p000__nu0p50__psi0p00,0.018,support,49,492,0.0,3,0.18698898,0.18698898,0.18698898,1.025607,0.0,0.09427422,0.0,0.0,0.018,0.0,0.0,0.0,0.0,-28.097294,2.2563806,0.7521269,0.24800001,0.0,0.16484548,0.0,0.0
hardzero_only__c0p58__z1p00__lam0p000__nu0p50__psi0p00,0.018,support,49,493,0.0,3,0.18698898,0.18698898,0.18698898,1.0196395,0.0,0.095578566,0.0,0.0,0.018,0.0,0.0,0.0,0.0,-28.040083,2.2432516,0.7477505,0.15200001,0.0,0.15768127,0.0,0.0
hardzero_only__c0p58__z1p00__lam0p000__nu0p50__psi0p00,0.018,support,49,494,0.0,3,0.18698898,0.18885641,0.18885641,0.98402834,0.103746064,0.103746064,1.0,0.0018674291,0.018,0.0,0.0,0.0,0.0,-26.916182,2.1649055,0.7216352,0.19999999,0.0,0.1466674,0.0,0.0
hardzero_only__c0p58__z1p00__lam0p000__nu0p50__psi0p00,0.018,support,49,495,0.0,3,0.18885641,0.18885641,0.18885641,1.0496176,0.0,0.0892036,0.0,0.0,0.018,0.0,0.0,0.0,0.0,-28.500626,2.3092048,0.769735,0.17600001,0.0,0.16446577,0.0,0.0
hardzero_only__c0p58__z1p00__lam0p000__nu0p50__psi0p00,0.018,support,49,496,0.0,3,0.18885641,0.18885641,0.18885641,1.0042951,0.0,0.09901589,0.0,0.0,0.018,0.0,0.0,0.0,0.0,-26.8891,2.2094934,0.7364978,0.14400001,0.0,0.13721524,0.0,0.0
hardzero_only__c0p58__z1p00__lam0p000__nu0p50__psi0p00,0.018,support,49,497,0.0,3,0.18885641,0.19077891,0.19077891,0.97140616,0.106805556,0.106805556,1.0,0.0019225,0.018,0.0,0.0,0.0,0.0,-26.111864,2.1371362,0.71237874,0.18400002,0.0,0.13794583,0.0,0.0
hardzero_only__c0p58__z1p00__lam0p000__nu0p50__psi0p00,0.018,support,49,498,0.0,3,0.19077891,0.19077891,0.19077891,1.0161566,0.0,0.09634816,0.0,0.0,0.018,0.0,0.0,0.0,0.0,-27.903824,2.235589,0.74519634,0.16000001,0.0,0.14150271,0.0,0.0
hardzero_only__c0p58__z1p00__lam0p000__nu0p50__psi0p00,0.018,support,49,499,0.0,3,0.19077891,0.19274011,0.19274011,0.9627513,0.108955376,0.108955376,1.0,0.0019611968,0.018,0.0,0.0,0.0,0.0,-25.614956,2.1180952,0.70603174,0.18400002,0.0,0.16134748,0.0,0.0
hardzero_only__c0p58__z1p00__lam0p000__nu0p50__psi0p00,0.018,support,49,500,0.0,3,0.19274011,0.19469155,0.19469155,0.96491694,0.10841341,0.10841341,1.0,0.0019514414,0.018,0.0,0.0,0.0,0.0,-26.23733,2.1228597,0.7076199,0.16800001,0.0,0.14850272,0.0,0.0
hardzero_only__c0p58__z1p00__lam0p000__nu0p50__psi0p00,0.018,support,49,501,0.0,3,0.19469155,0.19469155,0.19469155,1.0158478,0.0,0.09641668,0.0,0.0,0.018,0.0,0.0,0.0,0.0,-27.521036,2.2349098,0.74496996,0.208,0.0,0.14512713,0.0,0.0
hardzero_only__c0p58__z1p00__lam0p000__nu0p50__psi0p00,0.018,support,49,502,0.0,3,0.19469155,0.19469155,0.19469155,1.0705535,0.0,0.08500538,0.0,0.0,0.018,0.0,0.0,0.0,0.0,-27.598482,2.355265,0.7850883,0.16800001,0.0,0.15647995,0.0,0.0
hardzero_only__c0p58__z1p00__lam0p000__nu0p50__psi0p00,0.018,support,49,503,0.0,3,0.19469155,0.19656362,0.19656362,0.9829508,0.104003794,0.104003794,1.0,0.0018720683,0.018,0.0,0.0,0.0,0.0,-26.737719,2.162535,0.720845,0.16800001,0.0,0.1375221,0.0,0.0
hardzero_only__c0p58__z1p00__lam0p000__nu0p50__psi0p00,0.018,support,49,504,0.0,3,0.19656362,0.19843636,0.19843636,0.98279184,0.10404187,0.10404187,1.0,0.0018727535,0.018,0.0,0.0,0.0,0.0,-27.007105,2.1621852,0.7207284,0.128,0.0,0.1479248,0.0,0.0
hardzero_only__c0p58__z1p00__lam0p000__nu0p50__psi0p00,0.018,support,49,505,0.0,3,0.19843636,0.20025748,0.20025748,0.99493337,0.10117346,0.10117346,1.0,0.0018211222,0.018,0.0,0.0,0.0,0.0,-27.403086,2.1888971,0.7296324,0.224,0.0,0.14578916,0.0,0.0
hardzero_only__c0p58__z1p00__lam0p000__nu0p50__psi0p00,0.018,support,49,506,0.0,3,0.20025748,0.20025748,0.20025748,1.0526279,0.0,0.08858742,0.0,0.0,0.018,0.0,0.0,0.0,0.0,-28.260328,2.3158276,0.77194256,0.18400002,0.0,0.16000506,0.0,0.0
hardzero_only__c0p58__z1p00__lam0p000__nu0p50__psi0p00,0.018,support,49,507,0.0,3,0.20025748,0.20244183,0.20244183,0.91595185,0.12135232,0.12135232,1.0,0.0021843417,0.018,0.0,0.0,0.0,0.0,-25.075668,2.0151343,0.67171144,0.21,0.0,0.15044513,0.0,0.0
hardzero_only__c0p58__z1p00__lam0p000__nu0p50__psi0p00,0.018,support,49,508,0.0,3,0.20244183,0.20244183,0.20244183,1.0231774,0.0,0.09480312,0.0,0.0,0.018,0.0,0.0,0.0,0.0,-26.083715,2.2510352,0.7503451,0.16000001,0.0,0.15382357,0.0,0.0
hardzero_only__c0p58__z1p00__lam0p000__nu0p50__psi0p00,0.018,support,49,509,0.0,3,0.20244183,0.20428307,0.20428307,0.99016184,0.10229116,0.10229116,1.0,0.0018412408,0.018,0.0,0.0,0.0,0.0,-27.142092,2.1783996,0.7261332,0.17600001,0.0,0.14724264,0.0,0.0
hardzero_only__c0p58__z1p00__lam0p000__nu0p50__psi0p00,0.018,support,49,510,0.0,3,0.20428307,0.2062078,0.2062078,0.9709045,0.106929004,0.106929004,1.0,0.001924722,0.018,0.0,0.0,0.0,0.0,-27.182777,2.1360326,0.71201086,0.136,0.0,0.14375883,0.0,0.0
hardzero_only__c0p58__z1p00__lam0p000__nu0p50__psi0p00,0.018,support,49,511,0.0,3,0.2062078,0.2062078,0.2062078,1.0460272,0.0,0.089944124,0.0,0.0,0.018,0.0,0.0,0.0,0.0,-28.345194,2.3013058,0.76710194,0.14400001,0.0,0.16308735,0.0,0.0
hardzero_only__c0p58__z1p00__lam0p000__nu0p50__psi0p00,0.018,support,49,512,0.0,3,0.2062078,0.20812088,0.20812088,0.97353876,0.10628237,0.10628237,1.0,0.0019130826,0.018,0.0,0.0,0.0,0.0,-26.778801,2.141828,0.7139427,0.18400002,0.0,0.13882515,0.0,0.0
hardzero_only__c0p58__z1p00__lam0p000__nu0p50__psi0p00,0.018,support,49,513,0.0,3,0.20812088,0.20812088,0.20812088,1.0012925,0.0,0.09970284,0.0,0.0,0.018,0.0,0.0,0.0,0.0,-26.638302,2.2028873,0.7342958,0.208,0.0,0.16559796,0.0,0.0
hardzero_only__c0p58__z1p00__lam0p000__nu0p50__psi0p00,0.018,support,49,514,0.0,3,0.20812088,0.21008189,0.21008189,0.96279174,0.10894524,0.10894524,1.0,0.0019610142,0.018,0.0,0.0,0.0,0.0,-26.139166,2.118184,0.70606136,0.136,0.0,0.122505926,0.0,0.0
hardzero_only__c0p58__z1p00__lam0p000__nu0p50__psi0p00,0.018,support,49,515,0.0,3,0.21008189,0.21189328,0.21189328,0.997262,0.10063244,0.10063244,1.0,0.0018113838,0.018,0.0,0.0,0.0,0.0,-27.408377,2.1940203,0.7313401,0.16800001,0.0,0.15415202,0.0,0.0
hardzero_only__c0p58__z1p00__lam0p000__nu0p50__psi0p00,0.018,support,49,516,0.0,3,0.21189328,0.21369606,0.21369606,0.99932635,0.100155234,0.100155234,1.0,0.0018027942,0.018,0.0,0.0,0.0,0.0,-27.35204,2.198562,0.732854,0.14400001,0.0,0.15180448,0.0,0.0
hardzero_only__c0p58__z1p00__lam0p000__nu0p50__psi0p00,0.018,support,49,517,0.0,3,0.21369606,0.21555488,0.21555488,0.98603576,0.10326763,0.10326763,1.0,0.0018588173,0.018,0.0,0.0,0.0,0.0,-26.47357,2.169322,0.72310734,0.17600001,0.0,0.13896106,0.0,0.0
hardzero_only__c0p58__z1p00__lam0p000__nu0p50__psi0p00,0.018,support,49,518,0.0,3,0.21555488,0.21555488,0.21555488,1.0791911,0.0,0.08333144,0.0,0.0,0.018,0.0,0.0,0.0,0.0,-28.05012,2.3742678,0.7914226,0.15200001,0.0,0.15988937,0.0,0.0
hardzero_only__c0p58__z1p00__lam0p000__nu0p50__psi0p00,0.018,support,49,519,0.0,3,0.21555488,0.2173853,0.2173853,0.9927197,0.10169047,0.10169047,1.0,0.0018304284,0.018,0.0,0.0,0.0,0.0,-27.50071,2.184027,0.728009,0.18400002,0.0,0.1334713,0.0,0.0
hardzero_only__c0p58__z1p00__lam0p000__nu0p50__psi0p00,0.018,support,49,520,0.0,3,0.2173853,0.21922173,0.21922173,0.9913016,0.10202307,0.10202307,1.0,0.0018364153,0.018,0.0,0.0,0.0,0.0,-27.06008,2.180907,0.726969,0.22999999,0.0,0.1421226,0.0,0.0
hardzero_only__c0p58__z1p00__lam0p000__nu0p50__psi0p00,0.018,support,49,521,0.0,3,0.21922173,0.22113898,0.22113898,0.9725926,0.10651418,0.10651418,1.0,0.0019172551,0.018,0.0,0.0,0.0,0.0,-26.239466,2.1397464,0.71324885,0.2,0.0,0.13507587,0.0,0.0
hardzero_only__c0p58__z1p00__lam0p000__nu0p50__psi0p00,0.018,support,49,522,0.0,3,0.22113898,0.22113898,0.22113898,1.0456045,0.0,0.09003172,0.0,0.0,0.018,0.0,0.0,0.0,0.0,-27.689964,2.3003757,0.76679194,0.17600001,0.0,0.15571201,0.0,0.0
hardzero_only__c0p58__z1p00__lam0p000__nu0p50__psi0p00,0.018,support,49,523,0.0,3,0.22113898,0.22306997,0.22306997,0.9694953,0.10727654,0.10727654,1.0,0.0019309776,0.018,0.0,0.0,0.0,0.0,-26.098263,2.1329322,0.71097744,0.096,0.0,0.13744792,0.0,0.0
hardzero_only__c0p58__z1p00__lam0p000__nu0p50__psi0p00,0.018,support,49,524,0.0,3,0.22306997,0.22306997,0.22306997,1.0348461,0.0,0.09228985,0.0,0.0,0.018,0.0,0.0,0.0,0.0,-26.410288,2.2767067,0.75890225,0.136,0.0,0.14469561,0.0,0.0
hardzero_only__c0p58__z1p00__lam0p000__nu0p50__psi0p00,0.018,support,49,525,0.0,3,0.22306997,0.22306997,0.22306997,1.0227975,0.0,0.09488609,0.0,0.0,0.018,0.0,0.0,0.0,0.0,-27.053308,2.2501993,0.75006646,0.14400001,0.0,0.16948761,0.0,0.0
hardzero_only__c0p58__z1p00__lam0p000__nu0p50__psi0p00,0.018,support,49,526,0.0,3,0.22306997,0.22306997,0.22306997,1.0247986,0.0,0.09444986,0.0,0.0,0.018,0.0,0.0,0.0,0.0,-26.812624,2.254602,0.751534,0.128,0.0,0.15140559,0.0,0.0
hardzero_only__c0p58__z1p00__lam0p000__nu0p50__psi0p00,0.018,support,49,527,0.0,3,0.22306997,0.22306997,0.22306997,1.0396867,0.0,0.09126689,0.0,0.0,0.018,0.0,0.0,0.0,0.0,-28.133549,2.2873564,0.7624521,0.16000001,0.0,0.16688164,0.0,0.0
hardzero_only__c0p58__z1p00__lam0p000__nu0p50__psi0p00,0.018,support,49,528,0.0,3,0.22306997,0.22491209,0.22491209,0.98995477,0.102339946,0.102339946,1.0,0.0018421189,0.018,0.0,0.0,0.0,0.0,-26.21904,2.177944,0.72598135,0.096,0.0,0.12642503,0.0,0.0
hardzero_only__c0p58__z1p00__lam0p000__nu0p50__psi0p00,0.018,support,49,529,0.0,3,0.22491209,0.22491209,0.22491209,1.014518,0.0,0.09671236,0.0,0.0,0.018,0.0,0.0,0.0,0.0,-27.057995,2.2319841,0.7439947,0.14400001,0.0,0.17479569,0.0,0.0
hardzero_only__c0p58__z1p00__lam0p000__nu0p50__psi0p00,0.018,support,49,530,0.0,3,0.22491209,0.22686085,0.22686085,0.96551526,0.10826417,0.10826417,1.0,0.001948755,0.018,0.0,0.0,0.0,0.0,-26.636833,2.124176,0.7080587,0.2,0.0,0.14419566,0.0,0.0
hardzero_only__c0p58__z1p00__lam0p000__nu0p50__psi0p00,0.018,support,49,531,0.0,3,0.22686085,0.22873993,0.22873993,0.9813274,0.10439328,0.10439328,1.0,0.001879079,0.018,0.0,0.0,0.0,0.0,-26.682962,2.1589634,0.7196545,0.17600001,0.0,0.15518515,0.0,0.0
hardzero_only__c0p58__z1p00__lam0p000__nu0p50__psi0p00,0.018,support,49,532,0.0,3,0.22873993,0.22873993,0.22873993,1.0482212,0.0,0.089490876,0.0,0.0,0.018,0.0,0.0,0.0,0.0,-27.697905,2.3061328,0.768711,0.14400001,0.0,0.17560112,0.0,0.0
hardzero_only__c0p58__z1p00__lam0p000__nu0p50__psi0p00,0.018,support,49,533,0.0,3,0.22873993,0.23073494,0.23073494,0.95532745,0.11083388,0.11083388,1.0,0.0019950098,0.018,0.0,0.0,0.0,0.0,-25.66201,2.1017623,0.70058745,0.19999999,0.0,0.1422822,0.0,0.0
hardzero_only__c0p58__z1p00__lam0p000__nu0p50__psi0p00,0.018,support,49,534,0.0,3,0.23073494,0.23073494,0.23073494,1.0926255,0.0,0.08079314,0.0,0.0,0.018,0.0,0.0,0.0,0.0,-27.881428,2.403824,0.8012747,0.136,0.0,0.16438937,0.0,0.0
hardzero_only__c0p58__z1p00__lam0p000__nu0p50__psi0p00,0.018,support,49,535,0.0,3,0.23073494,0.23267674,0.23267674,0.96706843,0.10787769,0.10787769,1.0,0.0019417983,0.018,0.0,0.0,0.0,0.0,-26.749565,2.127593,0.7091977,0.216,0.0,0.14442416,0.0,0.0
hardzero_only__c0p58__z1p00__lam0p000__nu0p50__psi0p00,0.018,support,49,536,0.0,3,0.23267674,0.23267674,0.23267674,1.003709,0.0,0.09914962,0.0,0.0,0.018,0.0,0.0,0.0,0.0,-26.818295,2.2082038,0.73606795,0.072000004,0.0,0.13162775,0.0,0.0
hardzero_only__c0p58__z1p00__lam0p000__nu0p50__psi0p00,0.018,support,49,537,0.0,3,0.23267674,0.23267674,0.23267674,1.0526847,0.0,0.08857585,0.0,0.0,0.018,0.0,0.0,0.0,0.0,-28.193846,2.3159525,0.7719842,0.16800001,0.0,0.16035123,0.0,0.0
hardzero_only__c0p58__z1p00__lam0p000__nu0p50__psi0p00,0.018,support,49,538,0.0,3,0.23267674,0.23267674,0.23267674,1.0116229,0.0,0.097359225,0.0,0.0,0.018,0.0,0.0,0.0,0.0,-27.301708,2.2256148,0.7418716,0.14400001,0.0,0.16420415,0.0,0.0
hardzero_only__c0p58__z1p00__lam0p000__nu0p50__psi0p00,0.018,support,49,539,0.0,3,0.23267674,0.23267674,0.23267674,1.0176033,0.0,0.09602774,0.0,0.0,0.018,0.0,0.0,0.0,0.0,-26.594622,2.238772,0.7462573,0.16000001,0.0,0.16163161,0.0,0.0
hardzero_only__c0p58__z1p00__lam0p000__nu0p50__psi0p00,0.018,support,49,540,0.0,3,0.23267674,0.23267674,0.23267674,1.013063,0.0,0.09703692,0.0,0.0,0.018,0.0,0.0,0.0,0.0,-27.381947,2.2287831,0.74292773,0.2,0.0,0.15244977,0.0,0.0
hardzero_only__c0p58__z1p00__lam0p000__nu0p50__psi0p00,0.018,support,49,541,0.0,3,0.23267674,0.23467082,0.23467082,0.95553136,0.110781856,0.110781856,1.0,0.0019940734,0.018,0.0,0.0,0.0,0.0,-25.43918,2.102211,0.700737,0.192,0.0,0.15071811,0.0,0.0
hardzero_only__c0p58__z1p00__lam0p000__nu0p50__psi0p00,0.018,support,49,542,0.0,3,0.23467082,0.23467082,0.23467082,1.0041101,0.0,0.099058084,0.0,0.0,0.018,0.0,0.0,0.0,0.0,-26.41704,2.2090864,0.73636216,0.17600001,0.0,0.14767866,0.0,0.0
hardzero_only__c0p58__z1p00__lam0p000__nu0p50__psi0p00,0.018,support,49,543,0.0,3,0.23467082,0.23467082,0.23467082,1.0584438,0.0,0.087409005,0.0,0.0,0.018,0.0,0.0,0.0,0.0,-27.834408,2.3286228,0.7762076,0.15200001,0.0,0.18735224,0.0,0.0
hardzero_only__c0p58__z1p00__lam0p000__nu0p50__psi0p00,0.018,support,49,544,0.0,3,0.23467082,0.2366079,0.2366079,0.9681244,0.10761567,0.10761567,1.0,0.001937082,0.018,0.0,0.0,0.0,0.0,-27.41947,2.1299162,0.7099721,0.17600001,0.0,0.13847439,0.0,0.0
hardzero_only__c0p58__z1p00__lam0p000__nu0p50__psi0p00,0.018,support,49,545,0.0,3,0.2366079,0.2366079,0.2366079,1.0888817,0.0,0.08149261,0.0,0.0,0.018,0.0,0.0,0.0,0.0,-29.225931,2.3955877,0.79852927,0.15200001,0.0,0.18005785,0.0,0.0
hardzero_only__c0p58__z1p00__lam0p000__nu0p50__psi0p00,0.018,support,49,546,0.0,3,0.2366079,0.23841992,0.23841992,0.9971074,0.10066827,0.10066827,1.0,0.0018120287,0.018,0.0,0.0,0.0,0.0,-26.701853,2.19368,0.7312267,0.12,0.0,0.14907964,0.0,0.0
hardzero_only__c0p58__z1p00__lam0p000__nu0p50__psi0p00,0.018,support,49,547,0.0,3,0.23841992,0.24027885,0.24027885,0.98600966,0.10327384,0.10327384,1.0,0.001858929,0.018,0.0,0.0,0.0,0.0,-25.759228,2.1692646,0.7230882,0.192,0.0,0.13761969,0.0,0.0
hardzero_only__c0p58__z1p00__lam0p000__nu0p50__psi0p00,0.018,support,49,548,0.0,3,0.24027885,0.2421394,0.2421394,0.9856315,0.103363805,0.103363805,1.0,0.0018605484,0.018,0.0,0.0,0.0,0.0,-26.885633,2.1684327,0.7228109,0.17600001,0.0,0.12747277,0.0,0.0
hardzero_only__c0p58__z1p00__lam0p000__nu0p50__psi0p00,0.018,support,49,549,0.0,3,0.2421394,0.2421394,0.2421394,1.0435055,0.0,0.09046789,0.0,0.0,0.018,0.0,0.0,0.0,0.0,-27.624508,2.295758,0.7652527,0.136,0.0,0.15167646,0.0,0.0
hardzero_only__c0p58__z1p00__lam0p000__nu0p50__psi0p00,0.018,support,49,550,0.0,3,0.2421394,0.2442537,0.2442537,0.9301066,0.11746093,0.11746093,1.0,0.0021142967,0.018,0.0,0.0,0.0,0.0,-25.476856,2.0462754,0.68209183,0.272,0.0,0.12119732,0.0,0.0
hardzero_only__c0p58__z1p00__lam0p000__nu0p50__psi0p00,0.018,support,49,551,0.0,3,0.2442537,0.2442537,0.2442537,1.0266657,0.0,0.0940447,0.0,0.0,0.018,0.0,0.0,0.0,0.0,-27.365557,2.2587097,0.7529032,0.104,0.0,0.15403797,0.0,0.0
hardzero_only__c0p58__z1p00__lam0p000__nu0p50__psi0p00,0.018,support,49,552,0.0,3,0.2442537,0.2442537,0.2442537,1.0788337,0.0,0.08340003,0.0,0.0,0.018,0.0,0.0,0.0,0.0,-27.78964,2.3734815,0.7911605,0.15200001,0.0,0.18746977,0.0,0.0
hardzero_only__c0p58__z1p00__lam0p000__nu0p50__psi0p00,0.018,support,49,553,0.0,3,0.2442537,0.2463075,0.2463075,0.9427107,0.114100955,0.114100955,1.0,0.002053817,0.018,0.0,0.0,0.0,0.0,-25.586931,2.074005,0.69133496,0.15200001,0.0,0.118467055,0.0,0.0
hardzero_only__c0p58__z1p00__lam0p000__nu0p50__psi0p00,0.018,support,49,554,0.0,3,0.2463075,0.2463075,0.2463075,1.0111398,0.0,0.09746759,0.0,0.0,0.018,0.0,0.0,0.0,0.0,-27.467821,2.224552,0.7415173,0.16000001,0.0,0.13418202,0.0,0.0
hardzero_only__c0p58__z1p00__lam0p000__nu0p50__psi0p00,0.018,support,49,555,0.0,3,0.2463075,0.2463075,0.2463075,1.0121751,0.0,0.09723551,0.0,0.0,0.018,0.0,0.0,0.0,0.0,-26.548927,2.2268298,0.7422766,0.18400002,0.0,0.17055514,0.0,0.0
hardzero_only__c0p58__z1p00__lam0p000__nu0p50__psi0p00,0.018,support,49,556,0.0,3,0.2463075,0.24814491,0.24814491,0.99106836,0.102077864,0.102077864,1.0,0.0018374014,0.018,0.0,0.0,0.0,0.0,-26.673468,2.180394,0.726798,0.17600001,0.0,0.1492104,0.0,0.0
hardzero_only__c0p58__z1p00__lam0p000__nu0p50__psi0p00,0.018,support,49,557,0.0,3,0.24814491,0.24814491,0.24814491,1.0155988,0.0,0.09647199,0.0,0.0,0.018,0.0,0.0,0.0,0.0,-26.970594,2.234362,0.74478734,0.15200001,0.0,0.14358088,0.0,0.0
hardzero_only__c0p58__z1p00__lam0p000__nu0p50__psi0p00,0.018,support,49,558,0.0,3,0.24814491,0.24814491,0.24814491,1.0400795,0.0,0.0911844,0.0,0.0,0.018,0.0,0.0,0.0,0.0,-28.542715,2.2882204,0.76274014,0.112,0.0,0.15633032,0.0,0.0
hardzero_only__c0p58__z1p00__lam0p000__nu0p50__psi0p00,0.018,support,49,559,0.0,3,0.24814491,0.24814491,0.24814491,1.0134478,0.0,0.096950985,0.0,0.0,0.018,0.0,0.0,0.0,0.0,-26.40581,2.2296295,0.74320984,0.14,0.0,0.1476394,0.0,0.0
hardzero_only__c0p58__z1p00__lam0p000__nu0p50__psi0p00,0.018,support,49,560,0.0,3,0.24814491,0.24814491,0.24814491,1.0156834,0.0,0.09645319,0.0,0.0,0.018,0.0,0.0,0.0,0.0,-27.81534,2.234548,0.7448494,0.192,0.0,0.15486315,0.0,0.0
hardzero_only__c0p58__z1p00__lam0p000__nu0p50__psi0p00,0.018,support,49,561,0.0,3,0.24814491,0.2500296,0.2500296,0.98003155,0.10470524,0.10470524,1.0,0.0018846942,0.018,0.0,0.0,0.0,0.0,-26.289984,2.1561124,0.71870416,0.17600001,0.0,0.13435131,0.0,0.0
hardzero_only__c0p58__z1p00__lam0p000__nu0p50__psi0p00,0.018,support,49,562,0.0,3,0.2500296,0.2518611,0.2518611,0.99246526,0.10175008,0.10175008,1.0,0.0018315014,0.018,0.0,0.0,0.0,0.0,-26.790688,2.1834671,0.7278224,0.16800001,0.0,0.14007063,0.0,0.0
hardzero_only__c0p58__z1p00__lam0p000__nu0p50__psi0p00,0.018,support,49,563,0.0,3,0.2518611,0.25369936,0.25369936,0.9908665,0.10212533,0.10212533,1.0,0.0018382559,0.018,0.0,0.0,0.0,0.0,-27.160782,2.1799498,0.72664994,0.14400001,0.0,0.14585386,0.0,0.0
hardzero_only__c0p58__z1p00__lam0p000__nu0p50__psi0p00,0.018,support,49,564,0.0,3,0.25369936,0.25369936,0.25369936,1.0073792,0.0,0.09831523,0.0,0.0,0.018,0.0,0.0,0.0,0.0,-27.423918,2.2162783,0.73875946,0.16800001,0.0,0.14811653,0.0,0.0
hardzero_only__c0p58__z1p00__lam0p000__nu0p50__psi0p00,0.018,support,49,565,0.0,3,0.25369936,0.25369936,0.25369936,1.0063382,0.0,0.09855116,0.0,0.0,0.018,0.0,0.0,0.0,0.0,-27.134008,2.2139883,0.7379961,0.112,0.0,0.14698087,0.0,0.0
hardzero_only__c0p58__z1p00__lam0p000__nu0p50__psi0p00,0.018,support,49,566,0.0,3,0.25369936,0.25369936,0.25369936,1.0083123,0.0,0.098104216,0.0,0.0,0.018,0.0,0.0,0.0,0.0,-26.639069,2.2183316,0.7394439,0.192,0.0,0.1442834,0.0,0.0
hardzero_only__c0p58__z1p00__lam0p000__nu0p50__psi0p00,0.018,support,49,567,0.0,3,0.25369936,0.25555915,0.25555915,0.98580897,0.10332157,0.10332157,1.0,0.0018597881,0.018,0.0,0.0,0.0,0.0,-27.211702,2.168823,0.72294104,0.15200001,0.0,0.14155082,0.0,0.0
hardzero_only__c0p58__z1p00__lam0p000__nu0p50__psi0p00,0.018,support,49,568,0.0,3,0.25555915,0.25744563,0.25744563,0.9796208,0.104804315,0.104804315,1.0,0.0018864776,0.018,0.0,0.0,0.0,0.0,-27.048632,2.1552088,0.718403,0.17600001,0.0,0.15216798,0.0,0.0
hardzero_only__c0p58__z1p00__lam0p000__nu0p50__psi0p00,0.018,support,49,569,0.0,3,0.25744563,0.25925878,0.25925878,0.99683744,0.10073085,0.10073085,1.0,0.0018131552,0.018,0.0,0.0,0.0,0.0,-26.1591,2.1930861,0.73102874,0.16000001,0.0,0.13943931,0.0,0.0
hardzero_only__c0p58__z1p00__lam0p000__nu0p50__psi0p00,0.018,support,49,570,0.0,3,0.25925878,0.26129642,0.26129642,0.9461439,0.11320251,0.11320251,1.0,0.002037645,0.018,0.0,0.0,0.0,0.0,-26.285044,2.0815582,0.6938528,0.208,0.0,0.158906,0.0,0.0
hardzero_only__c0p58__z1p00__lam0p000__nu0p50__psi0p00,0.018,support,49,571,0.0,3,0.26129642,0.26129642,0.26129642,1.0135309,0.0,0.096932456,0.0,0.0,0.018,0.0,0.0,0.0,0.0,-27.53639,2.2298124,0.7432708,0.2,0.0,0.16851479,0.0,0.0
hardzero_only__c0p58__z1p00__lam0p000__nu0p50__psi0p00,0.018,support,49,572,0.0,3,0.26129642,0.26129642,0.26129642,1.0009404,0.0,0.09978368,0.0,0.0,0.018,0.0,0.0,0.0,0.0,-26.830315,2.202113,0.73403764,0.17,0.0,0.12686966,0.0,0.0
hardzero_only__c0p58__z1p00__lam0p000__nu0p50__psi0p00,0.018,support,49,573,0.0,3,0.26129642,0.26129642,0.26129642,1.047904,0.0,0.089556254,0.0,0.0,0.018,0.0,0.0,0.0,0.0,-27.579374,2.305435,0.76847833,0.208,0.0,0.17081134,0.0,0.0
hardzero_only__c0p58__z1p00__lam0p000__nu0p50__psi0p00,0.018,support,49,574,0.0,3,0.26129642,0.26129642,0.26129642,1.0379074,0.0,0.09164158,0.0,0.0,0.018,0.0,0.0,0.0,0.0,-28.087702,2.2834418,0.76114726,0.080000006,0.0,0.17179129,0.0,0.0
hardzero_only__c0p58__z1p00__lam0p000__nu0p50__psi0p00,0.018,support,49,575,0.0,3,0.26129642,0.26313937,0.26313937,0.9897602,0.10238581,0.10238581,1.0,0.0018429445,0.018,0.0,0.0,0.0,0.0,-26.323462,2.177516,0.72583866,0.14400001,0.0,0.13221836,0.0,0.0
hardzero_only__c0p58__z1p00__lam0p000__nu0p50__psi0p00,0.018,support,49,576,0.0,3,0.26313937,0.26497108,0.26497108,0.9924184,0.10176105,0.10176105,1.0,0.0018316988,0.018,0.0,0.0,0.0,0.0,-26.789383,2.1833642,0.7277881,0.16800001,0.0,0.14266467,0.0,0.0
hardzero_only__c0p58__z1p00__lam0p000__nu0p50__psi0p00,0.018,support,49,577,0.0,3,0.26497108,0.26497108,0.26497108,1.0152793,0.0,0.09654299,0.0,0.0,0.018,0.0,0.0,0.0,0.0,-27.573372,2.233659,0.744553,0.2,0.0,0.1528712,0.0,0.0
hardzero_only__c0p58__z1p00__lam0p000__nu0p50__psi0p00,0.018,support,49,578,0.0,3,0.26497108,0.26497108,0.26497108,1.044133,0.0,0.09033728,0.0,0.0,0.018,0.0,0.0,0.0,0.0,-27.721563,2.2971385,0.76571286,0.112,0.0,0.1310144,0.0,0.0
hardzero_only__c0p58__z1p00__lam0p000__nu0p50__psi0p00,0.018,support,49,579,0.0,3,0.26497108,0.26682666,0.26682666,0.98679024,0.10308837,0.10308837,1.0,0.0018555906,0.018,0.0,0.0,0.0,0.0,-27.283054,2.170982,0.72366065,0.2,0.0,0.1508533,0.0,0.0
hardzero_only__c0p58__z1p00__lam0p000__nu0p50__psi0p00,0.018,support,49,580,0.0,3,0.26682666,0.26682666,0.26682666,1.0604643,0.0,0.087003306,0.0,0.0,0.018,0.0,0.0,0.0,0.0,-27.737322,2.333068,0.77768934,0.104,0.0,0.17495479,0.0,0.0
hardzero_only__c0p58__z1p00__lam0p000__nu0p50__psi0p00,0.018,support,49,581,0.0,3,0.26682666,0.26682666,0.26682666,1.0209247,0.0,0.095296144,0.0,0.0,0.018,0.0,0.0,0.0,0.0,-27.288778,2.2460792,0.7486931,0.208,0.0,0.1381074,0.0,0.0
hardzero_only__c0p58__z1p00__lam0p000__nu0p50__psi0p00,0.018,support,49,582,0.0,3,0.26682666,0.26884297,0.26884297,0.95071864,0.112016335,0.112016335,1.0,0.002016294,0.018,0.0,0.0,0.0,0.0,-25.711607,2.0916228,0.6972076,0.16800001,0.0,0.13992666,0.0,0.0
hardzero_only__c0p58__z1p00__lam0p000__nu0p50__psi0p00,0.018,support,49,583,0.0,3,0.26884297,0.26884297,0.26884297,1.0666142,0.0,0.085779965,0.0,0.0,0.018,0.0,0.0,0.0,0.0,-28.245193,2.346598,0.7821993,0.120000005,0.0,0.1536064,0.0,0.0
hardzero_only__c0p58__z1p00__lam0p000__nu0p50__psi0p00,0.018,support,49,584,0.0,3,0.26884297,0.27072686,0.27072686,0.980219,0.10466007,0.10466007,1.0,0.0018838812,0.018,0.0,0.0,0.0,0.0,-26.210964,2.156525,0.7188417,0.16800001,0.0,0.12652954,0.0,0.0
hardzero_only__c0p58__z1p00__lam0p000__nu0p50__psi0p00,0.018,support,49,585,0.0,3,0.27072686,0.27072686,0.27072686,1.0303152,0.0,0.093257725,0.0,0.0,0.018,0.0,0.0,0.0,0.0,-27.722546,2.2667387,0.7555796,0.19999999,0.0,0.15345831,0.0,0.0
hardzero_only__c0p58__z1p00__lam0p000__nu0p50__psi0p00,0.018,support,49,586,0.0,3,0.27072686,0.27072686,0.27072686,1.001488,0.0,0.099657975,0.0,0.0,0.018,0.0,0.0,0.0,0.0,-26.544134,2.2033174,0.73443913,0.15200001,0.0,0.14131308,0.0,0.0
hardzero_only__c0p58__z1p00__lam0p000__nu0p50__psi0p00,0.018,support,49,587,0.0,3,0.27072686,0.27072686,0.27072686,1.0459186,0.0,0.089966625,0.0,0.0,0.018,0.0,0.0,0.0,0.0,-27.796268,2.3010669,0.7670223,0.15200001,0.0,0.18105638,0.0,0.0
hardzero_only__c0p58__z1p00__lam0p000__nu0p50__psi0p00,0.018,support,49,588,0.0,3,0.27072686,0.27257612,0.27257612,0.988271,0.10273751,0.10273751,1.0,0.0018492751,0.018,0.0,0.0,0.0,0.0,-26.574608,2.1742396,0.7247466,0.15200001,0.0,0.16352262,0.0,0.0
hardzero_only__c0p58__z1p00__lam0p000__nu0p50__psi0p00,0.018,support,49,589,0.0,3,0.27257612,0.27257612,0.27257612,1.0024494,0.0,0.09943758,0.0,0.0,0.018,0.0,0.0,0.0,0.0,-27.320341,2.2054327,0.73514426,0.17600001,0.0,0.16830704,0.0,0.0
hardzero_only__c0p58__z1p00__lam0p000__nu0p50__psi0p00,0.018,support,49,590,0.0,3,0.27257612,0.27257612,0.27257612,1.0125761,0.0,0.097145766,0.0,0.0,0.018,0.0,0.0,0.0,0.0,-26.781796,2.227712,0.74257064,0.128,0.0,0.12207619,0.0,0.0
hardzero_only__c0p58__z1p00__lam0p000__nu0p50__psi0p00,0.018,support,49,591,0.0,3,0.27257612,0.27257612,0.27257612,1.0331751,0.0,0.09264561,0.0,0.0,0.018,0.0,0.0,0.0,0.0,-28.583344,2.2730305,0.75767684,0.14400001,0.0,0.14005378,0.0,0.0
hardzero_only__c0p58__z1p00__lam0p000__nu0p50__psi0p00,0.018,support,49,592,0.0,3,0.27257612,0.27257612,0.27257612,1.0154979,0.0,0.09649439,0.0,0.0,0.018,0.0,0.0,0.0,0.0,-27.19762,2.2341402,0.7447134,0.14400001,0.0,0.18338387,0.0,0.0
hardzero_only__c0p58__z1p00__lam0p000__nu0p50__psi0p00,0.018,support,49,593,0.0,3,0.27257612,0.27257612,0.27257612,1.0602537,0.0,0.08704548,0.0,0.0,0.018,0.0,0.0,0.0,0.0,-28.188261,2.332605,0.77753496,0.208,0.0,0.20442231,0.0,0.0
hardzero_only__c0p58__z1p00__lam0p000__nu0p50__psi0p00,0.018,support,49,594,0.0,3,0.27257612,0.2743811,0.2743811,0.9987985,0.100277044,0.100277044,1.0,0.0018049867,0.018,0.0,0.0,0.0,0.0,-27.326418,2.1974006,0.7324669,0.23200001,0.0,0.15038894,0.0,0.0
hardzero_only__c0p58__z1p00__lam0p000__nu0p50__psi0p00,0.018,support,49,595,0.0,3,0.2743811,0.2743811,0.2743811,1.0822167,0.0,0.082752906,0.0,0.0,0.018,0.0,0.0,0.0,0.0,-28.359533,2.3809245,0.7936415,0.136,0.0,0.1789853,0.0,0.0
hardzero_only__c0p58__z1p00__lam0p000__nu0p50__psi0p00,0.018,support,49,596,0.0,3,0.2743811,0.2743811,0.2743811,1.0197122,0.0,0.09556258,0.0,0.0,0.018,0.0,0.0,0.0,0.0,-26.26329,2.2434118,0.7478039,0.120000005,0.0,0.15010448,0.0,0.0
hardzero_only__c0p58__z1p00__lam0p000__nu0p50__psi0p00,0.018,support,49,597,0.0,3,0.2743811,0.2743811,0.2743811,1.0542364,0.0,0.088259935,0.0,0.0,0.018,0.0,0.0,0.0,0.0,-28.003052,2.3193665,0.7731222,0.104,0.0,0.15447813,0.0,0.0
hardzero_only__c0p58__z1p00__lam0p000__nu0p50__psi0p00,0.018,support,49,598,0.0,3,0.2743811,0.2762433,0.2762433,0.98524654,0.10345546,0.10345546,1.0,0.0018621982,0.018,0.0,0.0,0.0,0.0,-26.981213,2.1675856,0.7225286,0.17999999,0.01,0.15669283,0.0,0.0
hardzero_only__c0p58__z1p00__lam0p000__nu0p50__psi0p00,0.018,support,49,599,0.0,3,0.2762433,0.27815965,0.27815965,0.97279847,0.10646368,0.10646368,1.0,0.0019163461,0.018,0.0,0.0,0.0,0.0,-27.366957,2.1401994,0.7133998,0.18400002,0.0,0.13691376,0.0,0.0
hardzero_only__c0p58__z1p00__lam0p000__nu0p50__psi0p00,0.018,support,49,600,0.0,3,0.27815965,0.27815965,0.27815965,1.0077835,0.0,0.098223746,0.0,0.0,0.018,0.0,0.0,0.0,0.0,-27.166193,2.217168,0.73905605,0.16800001,0.0,0.14864494,0.0,0.0
hardzero_only__c0p58__z1p00__lam0p000__nu0p50__psi0p00,0.018,support,49,601,0.0,3,0.27815965,0.27815965,0.27815965,1.0093591,0.0,0.09786803,0.0,0.0,0.018,0.0,0.0,0.0,0.0,-27.118576,2.2206345,0.7402115,0.17600001,0.0,0.15768804,0.0,0.0
hardzero_only__c0p58__z1p00__lam0p000__nu0p50__psi0p00,0.018,support,49,602,0.0,3,0.27815965,0.2800385,0.2800385,0.98137814,0.10438109,0.10438109,1.0,0.0018788596,0.018,0.0,0.0,0.0,0.0,-26.38711,2.159075,0.7196917,0.16800001,0.0,0.13717166,0.0,0.0
hardzero_only__c0p58__z1p00__lam0p000__nu0p50__psi0p00,0.018,support,49,603,0.0,3,0.2800385,0.2800385,0.2800385,1.0115514,0.0,0.097375266,0.0,0.0,0.018,0.0,0.0,0.0,0.0,-27.152073,2.2254574,0.74181914,0.16000001,0.0,0.16077395,0.0,0.0
hardzero_only__c0p58__z1p00__lam0p000__nu0p50__psi0p00,0.018,support,49,604,0.0,3,0.2800385,0.28210664,0.28210664,0.93969584,0.1148958,0.1148958,1.0,0.0020681242,0.018,0.0,0.0,0.0,0.0,-25.744656,2.067372,0.68912405,0.2,0.0,0.14510067,0.0,0.0
hardzero_only__c0p58__z1p00__lam0p000__nu0p50__psi0p00,0.018,support,49,605,0.0,3,0.28210664,0.28210664,0.28210664,1.0765897,0.0,0.083832085,0.0,0.0,0.018,0.0,0.0,0.0,0.0,-27.828743,2.3685446,0.7895149,0.15200001,0.0,0.16242354,0.0,0.0
hardzero_only__c0p58__z1p00__lam0p000__nu0p50__psi0p00,0.018,support,49,606,0.0,3,0.28210664,0.28210664,0.28210664,1.0229247,0.0,0.0948583,0.0,0.0,0.018,0.0,0.0,0.0,0.0,-27.32175,2.2504792,0.75015974,0.15200001,0.0,0.15417022,0.0,0.0
hardzero_only__c0p58__z1p00__lam0p000__nu0p50__psi0p00,0.018,support,49,607,0.0,3,0.28210664,0.2839481,0.2839481,0.99010974,0.102303445,0.102303445,1.0,0.001841462,0.018,0.0,0.0,0.0,0.0,-26.057537,2.178285,0.72609496,0.128,0.0,0.136864,0.0,0.0
hardzero_only__c0p58__z1p00__lam0p000__nu0p50__psi0p00,0.018,support,49,608,0.0,3,0.2839481,0.2839481,0.2839481,1.0269395,0.0,0.09398541,0.0,0.0,0.018,0.0,0.0,0.0,0.0,-27.349508,2.2593122,0.7531041,0.136,0.0,0.1823602,0.0,0.0
hardzero_only__c0p58__z1p00__lam0p000__nu0p50__psi0p00,0.018,support,49,609,0.0,3,0.2839481,0.28581008,0.28581008,0.9852944,0.10344407,0.10344407,1.0,0.0018619932,0.018,0.0,0.0,0.0,0.0,-26.235083,2.167691,0.7225637,0.208,0.0,0.16963872,0.0,0.0
hardzero_only__c0p58__z1p00__lam0p000__nu0p50__psi0p00,0.018,support,49,610,0.0,3,0.28581008,0.28767407,0.28767407,0.9848307,0.10355457,0.10355457,1.0,0.0018639822,0.018,0.0,0.0,0.0,0.0,-26.078394,2.1666708,0.72222364,0.128,0.0,0.14258766,0.0,0.0
hardzero_only__c0p58__z1p00__lam0p000__nu0p50__psi0p00,0.018,support,49,611,0.0,3,0.28767407,0.28767407,0.28767407,1.0072097,0.0,0.09835362,0.0,0.0,0.018,0.0,0.0,0.0,0.0,-27.305658,2.2159054,0.7386352,0.13,0.0,0.1314305,0.0,0.0
hardzero_only__c0p58__z1p00__lam0p000__nu0p50__psi0p00,0.018,support,49,612,0.0,3,0.28767407,0.28957307,0.28957307,0.9767454,0.10550052,0.10550052,1.0,0.0018990092,0.018,0.0,0.0,0.0,0.0,-26.571424,2.1488829,0.7162943,0.17600001,0.0,0.14703493,0.0,0.0
hardzero_only__c0p58__z1p00__lam0p000__nu0p50__psi0p00,0.018,support,49,613,0.0,3,0.28957307,0.2914931,0.2914931,0.97196645,0.106667854,0.106667854,1.0,0.0019200213,0.018,0.0,0.0,0.0,0.0,-26.592873,2.1383688,0.71278965,0.120000005,0.0,0.12454285,0.0,0.0
hardzero_only__c0p58__z1p00__lam0p000__nu0p50__psi0p00,0.018,support,49,614,0.0,3,0.2914931,0.29338467,0.29338467,0.9784447,0.10508853,0.10508853,1.0,0.0018915934,0.018,0.0,0.0,0.0,0.0,-26.557713,2.1526213,0.71754044,0.224,0.0,0.13644268,0.0,0.0
hardzero_only__c0p58__z1p00__lam0p000__nu0p50__psi0p00,0.018,support,49,615,0.0,3,0.29338467,0.29338467,0.29338467,1.0073895,0.0,0.09831289,0.0,0.0,0.018,0.0,0.0,0.0,0.0,-27.3045,2.2163012,0.7387671,0.17600001,0.0,0.15225238,0.0,0.0
hardzero_only__c0p58__z1p00__lam0p000__nu0p50__psi0p00,0.018,support,49,616,0.0,3,0.29338467,0.2953659,0.2953659,0.95833653,0.1100686,0.1100686,1.0,0.0019812346,0.018,0.0,0.0,0.0,0.0,-26.425552,2.1083825,0.7027942,0.2,0.0,0.15063575,0.0,0.0
hardzero_only__c0p58__z1p00__lam0p000__nu0p50__psi0p00,0.018,support,49,617,0.0,3,0.2953659,0.2953659,0.2953659,1.00325,0.0,0.099254444,0.0,0.0,0.018,0.0,0.0,0.0,0.0,-27.165167,2.207194,0.73573136,0.120000005,0.0,0.14637272,0.0,0.0
hardzero_only__c0p58__z1p00__lam0p000__nu0p50__psi0p00,0.018,support,49,618,0.0,3,0.2953659,0.2953659,0.2953659,1.0044482,0.0,0.098981,0.0,0.0,0.018,0.0,0.0,0.0,0.0,-25.78806,2.20983,0.73661005,0.15200001,0.0,0.15063927,0.0,0.0
hardzero_only__c0p58__z1p00__lam0p000__nu0p50__psi0p00,0.018,support,49,619,0.0,3,0.2953659,0.2953659,0.2953659,1.017564,0.0,0.09603642,0.0,0.0,0.018,0.0,0.0,0.0,0.0,-27.667065,2.2386856,0.7462286,0.136,0.0,0.16587473,0.0,0.0
hardzero_only__c0p58__z1p00__lam0p000__nu0p50__psi0p00,0.018,support,49,620,0.0,3,0.2953659,0.2953659,0.2953659,1.0657028,0.0,0.08596014,0.0,0.0,0.018,0.0,0.0,0.0,0.0,-27.950157,2.344593,0.78153104,0.2,0.0,0.15297249,0.0,0.0
hardzero_only__c0p58__z1p00__lam0p000__nu0p50__psi0p00,0.018,support,49,621,0.0,3,0.2953659,0.29734626,0.29734626,0.9585252,0.110020794,0.110020794,1.0,0.001980374,0.018,0.0,0.0,0.0,0.0,-26.092932,2.1087976,0.70293254,0.192,0.0,0.12078927,0.0,0.0
hardzero_only__c0p58__z1p00__lam0p000__nu0p50__psi0p00,0.018,support,49,622,0.0,3,0.29734626,0.29734626,0.29734626,1.0032709,0.0,0.09924968,0.0,0.0,0.018,0.0,0.0,0.0,0.0,-26.785927,2.2072399,0.7357466,0.136,0.0,0.1446829,0.0,0.0
hardzero_only__c0p58__z1p00__lam0p000__nu0p50__psi0p00,0.018,support,49,623,0.0,3,0.29734626,0.29734626,0.29734626,1.007226,0.0,0.098349914,0.0,0.0,0.018,0.0,0.0,0.0,0.0,-27.169462,2.2159414,0.73864716,0.16800001,0.0,0.13697124,0.0,0.0
hardzero_only__c0p58__z1p00__lam0p000__nu0p50__psi0p00,0.018,support,49,624,0.0,3,0.29734626,0.29734626,0.29734626,1.01222,0.0,0.09722545,0.0,0.0,0.018,0.0,0.0,0.0,0.0,-27.306791,2.2269285,0.7423095,0.17,0.0,0.14553282,0.0,0.0
hardzero_only__c0p58__z1p00__lam0p000__nu0p50__psi0p00,0.018,support,49,625,0.0,3,0.29734626,0.29734626,0.29734626,1.0134846,0.0,0.09694275,0.0,0.0,0.018,0.0,0.0,0.0,0.0,-27.247768,2.2297106,0.7432369,0.15200001,0.0,0.15593234,0.0,0.0
hardzero_only__c0p58__z1p00__lam0p000__nu0p50__psi0p00,0.018,support,49,626,0.0,3,0.29734626,0.29734626,0.29734626,1.0313979,0.0,0.09302551,0.0,0.0,0.018,0.0,0.0,0.0,0.0,-26.978243,2.2691207,0.7563736,0.18400002,0.0,0.1607215,0.0,0.0
hardzero_only__c0p58__z1p00__lam0p000__nu0p50__psi0p00,0.018,support,49,627,0.0,3,0.29734626,0.29931292,0.29931292,0.9615415,0.10925934,0.10925934,1.0,0.001966668,0.018,0.0,0.0,0.0,0.0,-26.46481,2.1154335,0.7051445,0.18400002,0.0,0.16602735,0.0,0.0
hardzero_only__c0p58__z1p00__lam0p000__nu0p50__psi0p00,0.018,support,49,628,0.0,3,0.29931292,0.30123767,0.30123767,0.9708975,0.10693071,0.10693071,1.0,0.0019247527,0.018,0.0,0.0,0.0,0.0,-25.961363,2.136017,0.71200573,0.17600001,0.0,0.13385199,0.0,0.0
hardzero_only__c0p58__z1p00__lam0p000__nu0p50__psi0p00,0.018,support,49,629,0.0,3,0.30123767,0.30313063,0.30313063,0.97813225,0.105164155,0.105164155,1.0,0.0018929547,0.018,0.0,0.0,0.0,0.0,-27.23411,2.151934,0.7173113,0.216,0.0,0.15910709,0.0,0.0
hardzero_only__c0p58__z1p00__lam0p000__nu0p50__psi0p00,0.018,support,49,630,0.0,3,0.30313063,0.30313063,0.30313063,1.0330203,0.0,0.09267866,0.0,0.0,0.018,0.0,0.0,0.0,0.0,-27.92458,2.27269,0.75756335,0.14400001,0.0,0.18996237,0.0,0.0
hardzero_only__c0p58__z1p00__lam0p000__nu0p50__psi0p00,0.018,support,49,631,0.0,3,0.30313063,0.30495372,0.30495372,0.9944654,0.10128255,0.10128255,1.0,0.0018230858,0.018,0.0,0.0,0.0,0.0,-27.246525,2.1878676,0.72928923,0.23200001,0.0,0.15096138,0.0,0.0
hardzero_only__c0p58__z1p00__lam0p000__nu0p50__psi0p00,0.018,support,49,632,0.0,3,0.30495372,0.3068647,0.3068647,0.9740131,0.106166355,0.106166355,1.0,0.0019109943,0.018,0.0,0.0,0.0,0.0,-26.231533,2.1428716,0.71429056,0.208,0.0,0.13285534,0.0,0.0
hardzero_only__c0p58__z1p00__lam0p000__nu0p50__psi0p00,0.018,support,49,633,0.0,3,0.3068647,0.30868027,0.30868027,0.9962593,0.10086505,0.10086505,1.0,0.0018155709,0.018,0.0,0.0,0.0,0.0,-26.570599,2.1918142,0.73060477,0.208,0.0,0.1358274,0.0,0.0
hardzero_only__c0p58__z1p00__lam0p000__nu0p50__psi0p00,0.018,support,49,634,0.0,3,0.30868027,0.3106536,0.3106536,0.960072,0.10962965,0.10962965,1.0,0.0019733338,0.018,0.0,0.0,0.0,0.0,-25.6799,2.1122005,0.7040669,0.24000001,0.0,0.13410951,0.0,0.0
hardzero_only__c0p58__z1p00__lam0p000__nu0p50__psi0p00,0.018,support,49,635,0.0,3,0.3106536,0.3106536,0.3106536,1.0104108,0.0,0.09763132,0.0,0.0,0.018,0.0,0.0,0.0,0.0,-27.443274,2.222948,0.7409827,0.08800001,0.0,0.1604292,0.0,0.0
hardzero_only__c0p58__z1p00__lam0p000__nu0p50__psi0p00,0.018,support,49,636,0.0,3,0.3106536,0.3125127,0.3125127,0.98597336,0.10328248,0.10328248,1.0,0.0018590846,0.018,0.0,0.0,0.0,0.0,-26.562773,2.1691847,0.72306156,0.15200001,0.0,0.14544363,0.0,0.0
hardzero_only__c0p58__z1p00__lam0p000__nu0p50__psi0p00,0.018,support,49,637,0.0,3,0.3125127,0.31435785,0.31435785,0.98923856,0.10250886,0.10250886,1.0,0.0018451593,0.018,0.0,0.0,0.0,0.0,-26.503347,2.1763682,0.7254561,0.13,0.0,0.12670873,0.0,0.0
hardzero_only__c0p58__z1p00__lam0p000__nu0p50__psi0p00,0.018,support,49,638,0.0,3,0.31435785,0.3163668,0.3163668,0.95230615,0.111607626,0.111607626,1.0,0.0020089373,0.018,0.0,0.0,0.0,0.0,-25.789608,2.0951154,0.6983718,0.17600001,0.0,0.13025254,0.0,0.0
hardzero_only__c0p58__z1p00__lam0p000__nu0p50__psi0p00,0.018,support,49,639,0.0,3,0.3163668,0.3181878,0.3181878,0.99495786,0.10116777,0.10116777,1.0,0.0018210198,0.018,0.0,0.0,0.0,0.0,-26.801638,2.188951,0.7296504,0.15200001,0.0,0.14598489,0.0,0.0
hardzero_only__c0p58__z1p00__lam0p000__nu0p50__psi0p00,0.018,support,49,640,0.0,3,0.3181878,0.32019085,0.32019085,0.95357984,0.11128078,0.11128078,1.0,0.002003054,0.018,0.0,0.0,0.0,0.0,-26.604685,2.0979176,0.6993059,0.16800001,0.0,0.13242263,0.0,0.0
hardzero_only__c0p58__z1p00__lam0p000__nu0p50__psi0p00,0.018,support,49,641,0.0,3,0.32019085,0.32019085,0.32019085,1.0196072,0.0,0.095585674,0.0,0.0,0.018,0.0,0.0,0.0,0.0,-27.595634,2.2431805,0.74772686,0.16800001,0.0,0.14935532,0.0,0.0
hardzero_only__c0p58__z1p00__lam0p000__nu0p50__psi0p00,0.018,support,49,642,0.0,3,0.32019085,0.32019085,0.32019085,1.0061296,0.0,0.09859852,0.0,0.0,0.018,0.0,0.0,0.0,0.0,-27.135262,2.2135293,0.73784316,0.16800001,0.0,0.15228043,0.0,0.0
hardzero_only__c0p58__z1p00__lam0p000__nu0p50__psi0p00,0.018,support,49,643,0.0,3,0.32019085,0.32019085,0.32019085,1.0001284,0.0,0.09997044,0.0,0.0,0.018,0.0,0.0,0.0,0.0,-26.814138,2.2003264,0.7334422,0.15200001,0.0,0.14896159,0.0,0.0
hardzero_only__c0p58__z1p00__lam0p000__nu0p50__psi0p00,0.018,support,49,644,0.0,3,0.32019085,0.32019085,0.32019085,1.0374564,0.0,0.09173681,0.0,0.0,0.018,0.0,0.0,0.0,0.0,-27.911575,2.2824497,0.7608166,0.2,0.0,0.16921407,0.0,0.0
hardzero_only__c0p58__z1p00__lam0p000__nu0p50__psi0p00,0.018,support,49,645,0.0,3,0.32019085,0.32019085,0.32019085,1.0150735,0.0,0.09658873,0.0,0.0,0.018,0.0,0.0,0.0,0.0,-26.704317,2.2332063,0.7444021,0.15200001,0.0,0.15944321,0.0,0.0
hardzero_only__c0p58__z1p00__lam0p000__nu0p50__psi0p00,0.018,support,49,646,0.0,3,0.32019085,0.32019085,0.32019085,1.0129122,0.0,0.097070634,0.0,0.0,0.018,0.0,0.0,0.0,0.0,-27.185705,2.2284513,0.7428171,0.16000001,0.0,0.15856811,0.0,0.0
hardzero_only__c0p58__z1p00__lam0p000__nu0p50__psi0p00,0.018,support,49,647,0.0,3,0.32019085,0.32201272,0.32201272,0.99475694,0.101214565,0.101214565,1.0,0.0018218621,0.018,0.0,0.0,0.0,0.0,-27.307274,2.188509,0.72950304,0.15200001,0.0,0.17366102,0.0,0.0
hardzero_only__c0p58__z1p00__lam0p000__nu0p50__psi0p00,0.018,support,49,648,0.0,3,0.32201272,0.32387108,0.32387108,0.98614514,0.10324164,0.10324164,1.0,0.0018583494,0.018,0.0,0.0,0.0,0.0,-27.253166,2.1695626,0.72318757,0.16000001,0.0,0.1564462,0.0,0.0
hardzero_only__c0p58__z1p00__lam0p000__nu0p50__psi0p00,0.018,support,49,649,0.0,3,0.32387108,0.32574043,0.32574043,0.9835813,0.10385292,0.10385292,1.0,0.0018693525,0.018,0.0,0.0,0.0,0.0,-26.747885,2.163922,0.7213074,0.192,0.0,0.16615042,0.0,0.0
hardzero_only__c0p58__z1p00__lam0p000__nu0p50__psi0p00,0.018,support,49,650,0.0,3,0.32574043,0.32574043,0.32574043,1.006117,0.0,0.098601386,0.0,0.0,0.018,0.0,0.0,0.0,0.0,-27.761942,2.2135015,0.73783386,0.11,0.0,0.1470728,0.0,0.0
hardzero_only__c0p58__z1p00__lam0p000__nu0p50__psi0p00,0.018,support,49,651,0.0,3,0.32574043,0.32755113,0.32755113,0.99742395,0.100594915,0.100594915,1.0,0.0018107084,0.018,0.0,0.0,0.0,0.0,-26.508371,2.1943765,0.73145884,0.14400001,0.0,0.16163751,0.0,0.0
hardzero_only__c0p58__z1p00__lam0p000__nu0p50__psi0p00,0.018,support,49,652,0.0,3,0.32755113,0.32943606,0.32943606,0.97997606,0.104718626,0.104718626,1.0,0.0018849352,0.018,0.0,0.0,0.0,0.0,-26.585068,2.1559904,0.71866345,0.16800001,0.0,0.18975948,0.0,0.0
hardzero_only__c0p58__z1p00__lam0p000__nu0p50__psi0p00,0.018,support,49,653,0.0,3,0.32943606,0.32943606,0.32943606,1.0312412,0.0,0.0930591,0.0,0.0,0.018,0.0,0.0,0.0,0.0,-27.458872,2.268776,0.75625867,0.136,0.0,0.18929355,0.0,0.0
hardzero_only__c0p58__z1p00__lam0p000__nu0p50__psi0p00,0.018,support,49,654,0.0,3,0.32943606,0.32943606,0.32943606,1.0629389,0.0,0.08650895,0.0,0.0,0.018,0.0,0.0,0.0,0.0,-27.387363,2.3385124,0.7795042,0.16800001,0.008,0.16994274,0.0,0.0
hardzero_only__c0p58__z1p00__lam0p000__nu0p50__psi0p00,0.018,support,49,655,0.0,3,0.32943606,0.32943606,0.32943606,1.0012494,0.0,0.099712715,0.0,0.0,0.018,0.0,0.0,0.0,0.0,-26.636896,2.2027926,0.73426425,0.104,0.0,0.1371615,0.0,0.0
hardzero_only__c0p58__z1p00__lam0p000__nu0p50__psi0p00,0.018,support,49,656,0.0,3,0.32943606,0.32943606,0.32943606,1.0623373,0.0,0.086628884,0.0,0.0,0.018,0.0,0.0,0.0,0.0,-27.6847,2.3371887,0.7790629,0.14400001,0.0,0.16146414,0.0,0.0
hardzero_only__c0p58__z1p00__lam0p000__nu0p50__psi0p00,0.018,support,49,657,0.0,3,0.32943606,0.32943606,0.32943606,1.1080209,0.0,0.07797925,0.0,0.0,0.018,0.0,0.0,0.0,0.0,-28.997171,2.4376945,0.81256485,0.104,0.0,0.16975288,0.0,0.0
hardzero_only__c0p58__z1p00__lam0p000__nu0p50__psi0p00,0.018,support,49,658,0.0,3,0.32943606,0.32943606,0.32943606,1.0371451,0.0,0.09180258,0.0,0.0,0.018,0.0,0.0,0.0,0.0,-27.642294,2.281765,0.76058835,0.104,0.0,0.16051471,0.0,0.0
hardzero_only__c0p58__z1p00__lam0p000__nu0p50__psi0p00,0.018,support,49,659,0.0,3,0.32943606,0.32943606,0.32943606,1.0136755,0.0,0.09690017,0.0,0.0,0.018,0.0,0.0,0.0,0.0,-26.505602,2.2301304,0.74337685,0.2,0.0,0.15732814,0.0,0.0
hardzero_only__c0p58__z1p00__lam0p000__nu0p50__psi0p00,0.018,support,49,660,0.0,3,0.32943606,0.32943606,0.32943606,1.0396477,0.0,0.0912751,0.0,0.0,0.018,0.0,0.0,0.0,0.0,-27.056585,2.2872705,0.7624235,0.2,0.0,0.16872032,0.0,0.0
hardzero_only__c0p58__z1p00__lam0p000__nu0p50__psi0p00,0.018,support,49,661,0.0,3,0.32943606,0.32943606,0.32943606,1.0368892,0.0,0.091856696,0.0,0.0,0.018,0.0,0.0,0.0,0.0,-26.919863,2.2812018,0.76040065,0.15200001,0.0,0.15311542,0.0,0.0
hardzero_only__c0p58__z1p00__lam0p000__nu0p50__psi0p00,0.018,support,49,662,0.0,3,0.32943606,0.32943606,0.32943606,1.0270389,0.0,0.0939639,0.0,0.0,0.018,0.0,0.0,0.0,0.0,-27.77802,2.2595308,0.7531769,0.14400001,0.0,0.16012341,0.0,0.0
hardzero_only__c0p58__z1p00__lam0p000__nu0p50__psi0p00,0.018,support,49,663,0.0,3,0.32943606,0.32943606,0.32943606,1.092312,0.0,0.080851495,0.0,0.0,0.018,0.0,0.0,0.0,0.0,-28.68441,2.4031343,0.8010448,0.17999999,0.0,0.15574364,0.0,0.0
hardzero_only__c0p58__z1p00__lam0p000__nu0p50__psi0p00,0.018,support,49,664,0.0,3,0.32943606,0.33136663,0.33136663,0.9695883,0.107253574,0.107253574,1.0,0.0019305643,0.018,0.0,0.0,0.0,0.0,-26.297516,2.1331367,0.7110456,0.192,0.0,0.14666805,0.0,0.0
hardzero_only__c0p58__z1p00__lam0p000__nu0p50__psi0p00,0.018,support,49,665,0.0,3,0.33136663,0.33136663,0.33136663,1.0300827,0.0,0.09330765,0.0,0.0,0.018,0.0,0.0,0.0,0.0,-27.479057,2.2662272,0.7554091,0.16800001,0.0,0.15827689,0.0,0.0
hardzero_only__c0p58__z1p00__lam0p000__nu0p50__psi0p00,0.018,support,49,666,0.0,3,0.33136663,0.33136663,0.33136663,1.0016072,0.0,0.09963061,0.0,0.0,0.018,0.0,0.0,0.0,0.0,-26.527822,2.2035797,0.7345266,0.16000001,0.0,0.1376617,0.0,0.0
hardzero_only__c0p58__z1p00__lam0p000__nu0p50__psi0p00,0.018,support,49,667,0.0,3,0.33136663,0.33330998,0.33330998,0.96672124,0.10796395,0.10796395,1.0,0.001943351,0.018,0.0,0.0,0.0,0.0,-26.107931,2.1268291,0.70894307,0.15200001,0.0,0.14312655,0.0,0.0
hardzero_only__c0p58__z1p00__lam0p000__nu0p50__psi0p00,0.018,support,49,668,0.0,3,0.33330998,0.33330998,0.33330998,1.0383602,0.0,0.09154609,0.0,0.0,0.018,0.0,0.0,0.0,0.0,-27.692347,2.2844381,0.7614794,0.120000005,0.0,0.16123031,0.0,0.0
hardzero_only__c0p58__z1p00__lam0p000__nu0p50__psi0p00,0.018,support,49,669,0.0,3,0.33330998,0.33330998,0.33330998,1.0287546,0.0,0.09359344,0.0,0.0,0.018,0.0,0.0,0.0,0.0,-27.474722,2.2633052,0.75443506,0.17600001,0.0,0.15677923,0.0,0.0
hardzero_only__c0p58__z1p00__lam0p000__nu0p50__psi0p00,0.018,support,49,670,0.0,3,0.33330998,0.33330998,0.33330998,1.0111899,0.0,0.09745632,0.0,0.0,0.018,0.0,0.0,0.0,0.0,-26.11011,2.2246623,0.74155414,0.17600001,0.0,0.1626164,0.0,0.0
hardzero_only__c0p58__z1p00__lam0p000__nu0p50__psi0p00,0.018,support,49,671,0.0,3,0.33330998,0.33330998,0.33330998,1.0051223,0.0,0.09882747,0.0,0.0,0.018,0.0,0.0,0.0,0.0,-26.855478,2.2113132,0.7371044,0.16800001,0.0,0.1446855,0.0,0.0
hardzero_only__c0p58__z1p00__lam0p000__nu0p50__psi0p00,0.018,support,49,672,0.0,3,0.33330998,0.33330998,0.33330998,1.0724272,0.0,0.084639445,0.0,0.0,0.018,0.0,0.0,0.0,0.0,-28.53645,2.359387,0.7864623,0.136,0.0,0.14683208,0.0,0.0
hardzero_only__c0p58__z1p00__lam0p000__nu0p50__psi0p00,0.018,support,49,673,0.0,3,0.33330998,0.33330998,0.33330998,1.0113583,0.0,0.09741857,0.0,0.0,0.018,0.0,0.0,0.0,0.0,-27.243906,2.2250326,0.7416775,0.14400001,0.0,0.17873332,0.0,0.0
hardzero_only__c0p58__z1p00__lam0p000__nu0p50__psi0p00,0.018,support,49,674,0.0,3,0.33330998,0.33516484,0.33516484,0.98696166,0.103047706,0.103047706,1.0,0.0018548586,0.018,0.0,0.0,0.0,0.0,-26.907476,2.171359,0.72378635,0.224,0.0,0.17475522,0.0,0.0
hardzero_only__c0p58__z1p00__lam0p000__nu0p50__psi0p00,0.018,support,49,675,0.0,3,0.33516484,0.33516484,0.33516484,1.0242987,0.0,0.09455866,0.0,0.0,0.018,0.0,0.0,0.0,0.0,-26.952137,2.2535021,0.7511674,0.208,0.0,0.15149727,0.0,0.0
hardzero_only__c0p58__z1p00__lam0p000__nu0p50__psi0p00,0.018,support,49,676,0.0,3,0.33516484,0.33516484,0.33516484,1.0192925,0.0,0.09565496,0.0,0.0,0.018,0.0,0.0,0.0,0.0,-27.19426,2.2424881,0.74749607,0.16,0.0,0.16811205,0.0,0.0
hardzero_only__c0p58__z1p00__lam0p000__nu0p50__psi0p00,0.018,support,49,677,0.0,3,0.33516484,0.33516484,0.33516484,1.0484055,0.0,0.08945291,0.0,0.0,0.018,0.0,0.0,0.0,0.0,-27.818356,2.306538,0.76884604,0.136,0.0,0.15724516,0.0,0.0
hardzero_only__c0p58__z1p00__lam0p000__nu0p50__psi0p00,0.018,support,49,678,0.0,3,0.33516484,0.3369722,0.3369722,0.9982297,0.10040845,0.10040845,1.0,0.0018073521,0.018,0.0,0.0,0.0,0.0,-27.056248,2.196149,0.7320497,0.14400001,0.0,0.110744834,0.0,0.0
hardzero_only__c0p58__z1p00__lam0p000__nu0p50__psi0p00,0.018,support,49,679,0.0,3,0.3369722,0.3369722,0.3369722,1.0834181,0.0,0.0825243,0.0,0.0,0.018,0.0,0.0,0.0,0.0,-28.082092,2.3835676,0.7945225,0.16000001,0.0,0.16708608,0.0,0.0
hardzero_only__c0p58__z1p00__lam0p000__nu0p50__psi0p00,0.018,support,49,680,0.0,3,0.3369722,0.3369722,0.3369722,1.0140189,0.0,0.096823566,0.0,0.0,0.018,0.0,0.0,0.0,0.0,-26.318167,2.230886,0.7436287,0.136,0.0,0.1333216,0.0,0.0
hardzero_only__c0p58__z1p00__lam0p000__nu0p50__psi0p00,0.018,support,49,681,0.0,3,0.3369722,0.3369722,0.3369722,1.0058496,0.0,0.0986621,0.0,0.0,0.018,0.0,0.0,0.0,0.0,-27.252941,2.2129133,0.73763776,0.120000005,0.0,0.14496137,0.0,0.0
hardzero_only__c0p58__z1p00__lam0p000__nu0p50__psi0p00,0.018,support,49,682,0.0,3,0.3369722,0.3388143,0.3388143,0.98996085,0.10233854,0.10233854,1.0,0.0018420937,0.018,0.0,0.0,0.0,0.0,-26.946075,2.1779573,0.72598577,0.16000001,0.0,0.18018301,0.0,0.0
hardzero_only__c0p58__z1p00__lam0p000__nu0p50__psi0p00,0.018,support,49,683,0.0,3,0.3388143,0.3388143,0.3388143,1.030217,0.0,0.0932788,0.0,0.0,0.018,0.0,0.0,0.0,0.0,-26.81675,2.266523,0.75550765,0.15200001,0.0,0.16750152,0.0,0.0
hardzero_only__c0p58__z1p00__lam0p000__nu0p50__psi0p00,0.018,support,49,684,0.0,3,0.3388143,0.34065503,0.34065503,0.9902829,0.10226265,0.10226265,1.0,0.0018407276,0.018,0.0,0.0,0.0,0.0,-26.978184,2.1786659,0.726222,0.224,0.0,0.15112153,0.0,0.0
hardzero_only__c0p58__z1p00__lam0p000__nu0p50__psi0p00,0.018,support,49,685,0.0,3,0.34065503,0.34065503,0.34065503,1.0360774,0.0,0.09202856,0.0,0.0,0.018,0.0,0.0,0.0,0.0,-27.87117,2.2794158,0.7598053,0.224,0.0,0.1588302,0.0,0.0
hardzero_only__c0p58__z1p00__lam0p000__nu0p50__psi0p00,0.018,support,49,686,0.0,3,0.34065503,0.34259897,0.34259897,0.9665887,0.10799691,0.10799691,1.0,0.0019439443,0.018,0.0,0.0,0.0,0.0,-26.781635,2.1265376,0.70884585,0.18400002,0.0,0.14604713,0.0,0.0
hardzero_only__c0p58__z1p00__lam0p000__nu0p50__psi0p00,0.018,support,49,687,0.0,3,0.34259897,0.34464884,0.34464884,0.94354653,0.11388157,0.11388157,1.0,0.0020498682,0.018,0.0,0.0,0.0,0.0,-26.460781,2.0758438,0.69194794,0.256,0.0,0.14785698,0.0,0.0
hardzero_only__c0p58__z1p00__lam0p000__nu0p50__psi0p00,0.018,support,49,688,0.0,3,0.34464884,0.34660468,0.34660468,0.96393913,0.1086578,0.1086578,1.0,0.0019558403,0.018,0.0,0.0,0.0,0.0,-27.004215,2.1207085,0.70690286,0.2,0.0,0.14522842,0.0,0.0
hardzero_only__c0p58__z1p00__lam0p000__nu0p50__psi0p00,0.018,support,49,689,0.0,3,0.34660468,0.348547,0.348547,0.96694535,0.107908234,0.107908234,1.0,0.0019423481,0.018,0.0,0.0,0.0,0.0,-26.404125,2.1273222,0.7091074,0.12,0.0,0.1433073,0.0,0.0
hardzero_only__c0p58__z1p00__lam0p000__nu0p50__psi0p00,0.018,support,49,690,0.0,3,0.348547,0.348547,0.348547,1.0165858,0.0,0.09625296,0.0,0.0,0.018,0.0,0.0,0.0,0.0,-27.270782,2.2365334,0.7455112,0.208,0.0,0.152027,0.0,0.0
hardzero_only__c0p58__z1p00__lam0p000__nu0p50__psi0p00,0.018,support,49,691,0.0,3,0.348547,0.35035276,0.35035276,0.9986153,0.10031935,0.10031935,1.0,0.0018057482,0.018,0.0,0.0,0.0,0.0,-27.126572,2.1969976,0.7323326,0.17600001,0.0,0.1661215,0.0,0.0
hardzero_only__c0p58__z1p00__lam0p000__nu0p50__psi0p00,0.018,support,49,692,0.0,3,0.35035276,0.35035276,0.35035276,1.0241017,0.0,0.09460156,0.0,0.0,0.018,0.0,0.0,0.0,0.0,-27.136244,2.253069,0.751023,0.2,0.0,0.13294981,0.0,0.0
hardzero_only__c0p58__z1p00__lam0p000__nu0p50__psi0p00,0.018,support,49,693,0.0,3,0.35035276,0.35035276,0.35035276,1.0169283,0.0,0.09617711,0.0,0.0,0.018,0.0,0.0,0.0,0.0,-27.736551,2.237287,0.74576235,0.136,0.0,0.19113028,0.0,0.0
hardzero_only__c0p58__z1p00__lam0p000__nu0p50__psi0p00,0.018,support,49,694,0.0,3,0.35035276,0.35216823,0.35216823,0.99628335,0.10085945,0.10085945,1.0,0.0018154699,0.018,0.0,0.0,0.0,0.0,-27.540892,2.191867,0.7306224,0.15200001,0.0,0.1354374,0.0,0.0
hardzero_only__c0p58__z1p00__lam0p000__nu0p50__psi0p00,0.018,support,49,695,0.0,3,0.35216823,0.3541445,0.3541445,0.9594222,0.1097938,0.1097938,1.0,0.0019762882,0.018,0.0,0.0,0.0,0.0,-25.439453,2.110771,0.70359033,0.15200001,0.0,0.12289851,0.0,0.0
hardzero_only__c0p58__z1p00__lam0p000__nu0p50__psi0p00,0.018,support,49,696,0.0,3,0.3541445,0.3541445,0.3541445,1.026817,0.0,0.094011955,0.0,0.0,0.018,0.0,0.0,0.0,0.0,-27.002628,2.2590425,0.7530142,0.18400002,0.0,0.15374239,0.0,0.0
hardzero_only__c0p58__z1p00__lam0p000__nu0p50__psi0p00,0.018,support,49,697,0.0,3,0.3541445,0.35597268,0.35597268,0.9932556,0.10156508,0.10156508,1.0,0.0018281713,0.018,0.0,0.0,0.0,0.0,-26.83923,2.185206,0.728402,0.2,0.0,0.16787255,0.0,0.0
hardzero_only__c0p58__z1p00__lam0p000__nu0p50__psi0p00,0.018,support,49,698,0.0,3,0.35597268,0.35597268,0.35597268,1.0134547,0.0,0.096949436,0.0,0.0,0.018,0.0,0.0,0.0,0.0,-27.785383,2.2296448,0.74321496,0.17600001,0.0,0.17618996,0.0,0.0
hardzero_only__c0p58__z1p00__lam0p000__nu0p50__psi0p00,0.018,support,49,699,0.0,3,0.35597268,0.35597268,0.35597268,1.0033814,0.0,0.09922444,0.0,0.0,0.018,0.0,0.0,0.0,0.0,-27.245409,2.207483,0.7358277,0.136,0.0,0.1285186,0.0,0.0
hardzero_only__c0p58__z1p00__lam0p000__nu0p50__psi0p00,0.018,support,49,700,0.0,3,0.35597268,0.35597268,0.35597268,1.0163133,0.0,0.09631338,0.0,0.0,0.018,0.0,0.0,0.0,0.0,-27.667334,2.235934,0.7453114,0.14400001,0.0,0.14643392,0.0,0.0
hardzero_only__c0p58__z1p00__lam0p000__nu0p50__psi0p00,0.018,support,49,701,0.0,3,0.35597268,0.35597268,0.35597268,1.0260975,0.0,0.094167806,0.0,0.0,0.018,0.0,0.0,0.0,0.0,-27.194609,2.2574596,0.7524866,0.18400002,0.0,0.15654603,0.0,0.0
hardzero_only__c0p58__z1p00__lam0p000__nu0p50__psi0p00,0.018,support,49,702,0.0,3,0.35597268,0.35597268,0.35597268,1.0242442,0.0,0.094570525,0.0,0.0,0.018,0.0,0.0,0.0,0.0,-27.367737,2.2533822,0.7511274,0.16,0.0,0.15026473,0.0,0.0
hardzero_only__c0p58__z1p00__lam0p000__nu0p50__psi0p00,0.018,support,49,703,0.0,3,0.35597268,0.35597268,0.35597268,1.0225888,0.0,0.094931684,0.0,0.0,0.018,0.0,0.0,0.0,0.0,-27.85777,2.2497404,0.74991345,0.15200001,0.0,0.16950834,0.0,0.0
hardzero_only__c0p58__z1p00__lam0p000__nu0p50__psi0p00,0.018,support,49,704,0.0,3,0.35597268,0.35777926,0.35777926,0.998414,0.10036585,0.10036585,1.0,0.0018065851,0.018,0.0,0.0,0.0,0.0,-26.520555,2.1965547,0.7321849,0.16800001,0.0,0.14628136,0.0,0.0
hardzero_only__c0p58__z1p00__lam0p000__nu0p50__psi0p00,0.018,support,49,705,0.0,3,0.35777926,0.35777926,0.35777926,1.0204835,0.0,0.095393,0.0,0.0,0.018,0.0,0.0,0.0,0.0,-26.866411,2.2451086,0.7483696,0.15200001,0.0,0.14239536,0.0,0.0
hardzero_only__c0p58__z1p00__lam0p000__nu0p50__psi0p00,0.018,support,49,706,0.0,3,0.35777926,0.35777926,0.35777926,1.0406357,0.0,0.09106769,0.0,0.0,0.018,0.0,0.0,0.0,0.0,-27.660872,2.2894442,0.76314807,0.15200001,0.0,0.16433714,0.0,0.0
hardzero_only__c0p58__z1p00__lam0p000__nu0p50__psi0p00,0.018,support,49,707,0.0,3,0.35777926,0.35961217,0.35961217,0.9921331,0.101827934,0.101827934,1.0,0.0018329028,0.018,0.0,0.0,0.0,0.0,-27.025478,2.1827364,0.7275788,0.18400002,0.0,0.15809852,0.0,0.0
hardzero_only__c0p58__z1p00__lam0p000__nu0p50__psi0p00,0.018,support,49,708,0.0,3,0.35961217,0.35961217,0.35961217,1.0583565,0.0,0.08742658,0.0,0.0,0.018,0.0,0.0,0.0,0.0,-28.464226,2.328431,0.77614367,0.136,0.0,0.15064038,0.0,0.0
hardzero_only__c0p58__z1p00__lam0p000__nu0p50__psi0p00,0.018,support,49,709,0.0,3,0.35961217,0.36171687,0.36171687,0.9320814,0.116928004,0.116928004,1.0,0.002104704,0.018,0.0,0.0,0.0,0.0,-25.76806,2.05062,0.68354005,0.208,0.0,0.12319186,0.0,0.0
hardzero_only__c0p58__z1p00__lam0p000__nu0p50__psi0p00,0.018,support,49,710,0.0,3,0.36171687,0.36171687,0.36171687,1.0481092,0.0,0.089513965,0.0,0.0,0.018,0.0,0.0,0.0,0.0,-26.744595,2.3058863,0.7686288,0.16800001,0.0,0.17132126,0.0,0.0
hardzero_only__c0p58__z1p00__lam0p000__nu0p50__psi0p00,0.018,support,49,711,0.0,3,0.36171687,0.36364257,0.36364257,0.9706852,0.10698301,0.10698301,1.0,0.0019256942,0.018,0.0,0.0,0.0,0.0,-26.090658,2.13555,0.71185005,0.15200001,0.0,0.12589256,0.0,0.0
hardzero_only__c0p58__z1p00__lam0p000__nu0p50__psi0p00,0.018,support,49,712,0.0,3,0.36364257,0.36562255,0.36562255,0.95861244,0.10999869,0.10999869,1.0,0.0019799762,0.018,0.0,0.0,0.0,0.0,-26.230963,2.1089895,0.7029965,0.224,0.0,0.13745381,0.0,0.0
hardzero_only__c0p58__z1p00__lam0p000__nu0p50__psi0p00,0.018,support,49,713,0.0,3,0.36562255,0.36562255,0.36562255,1.0323355,0.0,0.0928249,0.0,0.0,0.018,0.0,0.0,0.0,0.0,-27.404924,2.2711835,0.7570612,0.16800001,0.0,0.19320616,0.0,0.0
hardzero_only__c0p58__z1p00__lam0p000__nu0p50__psi0p00,0.018,support,49,714,0.0,3,0.36562255,0.36756286,0.36756286,0.9673996,0.10779543,0.10779543,1.0,0.0019403177,0.018,0.0,0.0,0.0,0.0,-25.752216,2.1283216,0.7094406,0.18400002,0.0,0.12932166,0.0,0.0
hardzero_only__c0p58__z1p00__lam0p000__nu0p50__psi0p00,0.018,support,49,715,0.0,3,0.36756286,0.3694027,0.3694027,0.99049413,0.10221293,0.10221293,1.0,0.0018398326,0.018,0.0,0.0,0.0,0.0,-27.309458,2.1791306,0.7263769,0.11,0.0,0.14121862,0.0,0.0
hardzero_only__c0p58__z1p00__lam0p000__nu0p50__psi0p00,0.018,support,49,716,0.0,3,0.3694027,0.3694027,0.3694027,1.0138924,0.0,0.09685178,0.0,0.0,0.018,0.0,0.0,0.0,0.0,-26.796324,2.2306077,0.74353594,0.120000005,0.0,0.14188421,0.0,0.0
hardzero_only__c0p58__z1p00__lam0p000__nu0p50__psi0p00,0.018,support,49,717,0.0,3,0.3694027,0.3712163,0.3712163,0.9967312,0.100755505,0.100755505,1.0,0.001813599,0.018,0.0,0.0,0.0,0.0,-27.197096,2.1928525,0.73095083,0.18400002,0.0,0.13543956,0.0,0.0
hardzero_only__c0p58__z1p00__lam0p000__nu0p50__psi0p00,0.018,support,49,718,0.0,3,0.3712163,0.37311858,0.37311858,0.9759953,0.10568289,0.10568289,1.0,0.0019022919,0.018,0.0,0.0,0.0,0.0,-26.7083,2.1472325,0.7157442,0.120000005,0.0,0.12200873,0.0,0.0
hardzero_only__c0p58__z1p00__lam0p000__nu0p50__psi0p00,0.018,support,49,719,0.0,3,0.37311858,0.37311858,0.37311858,1.0192649,0.0,0.09566103,0.0,0.0,0.018,0.0,0.0,0.0,0.0,-27.487917,2.2424276,0.74747586,0.128,0.0,0.14964244,0.0,0.0
hardzero_only__c0p58__z1p00__lam0p000__nu0p50__psi0p00,0.018,support,49,720,0.0,3,0.37311858,0.37311858,0.37311858,1.0460445,0.0,0.08994054,0.0,0.0,0.018,0.0,0.0,0.0,0.0,-27.874369,2.3013437,0.7671146,0.136,0.0,0.18944077,0.0,0.0
hardzero_only__c0p58__z1p00__lam0p000__nu0p50__psi0p00,0.018,support,49,721,0.0,3,0.37311858,0.37494838,0.37494838,0.9928647,0.10165654,0.10165654,1.0,0.0018298177,0.018,0.0,0.0,0.0,0.0,-26.47312,2.184346,0.7281153,0.17600001,0.0,0.14284548,0.0,0.0
hardzero_only__c0p58__z1p00__lam0p000__nu0p50__psi0p00,0.018,support,49,722,0.0,3,0.37494838,0.37494838,0.37494838,1.0102845,0.0,0.097659715,0.0,0.0,0.018,0.0,0.0,0.0,0.0,-27.125921,2.2226703,0.74089015,0.18400002,0.0,0.16224,0.0,0.0
hardzero_only__c0p58__z1p00__lam0p000__nu0p50__psi0p00,0.018,support,49,723,0.0,3,0.37494838,0.37683225,0.37683225,0.9802263,0.10465832,0.10465832,1.0,0.0018838497,0.018,0.0,0.0,0.0,0.0,-26.419071,2.1565409,0.718847,0.136,0.0,0.14019331,0.0,0.0
hardzero_only__c0p58__z1p00__lam0p000__nu0p50__psi0p00,0.018,support,49,724,0.0,3,0.37683225,0.37683225,0.37683225,1.0213531,0.0,0.09520217,0.0,0.0,0.018,0.0,0.0,0.0,0.0,-27.547932,2.2470217,0.7490072,0.17600001,0.0,0.14825942,0.0,0.0
hardzero_only__c0p58__z1p00__lam0p000__nu0p50__psi0p00,0.018,support,49,725,0.0,3,0.37683225,0.37683225,0.37683225,1.0261973,0.0,0.09414617,0.0,0.0,0.018,0.0,0.0,0.0,0.0,-27.216698,2.2576792,0.7525598,0.136,0.0,0.14628294,0.0,0.0
hardzero_only__c0p58__z1p00__lam0p000__nu0p50__psi0p00,0.018,support,49,726,0.0,3,0.37683225,0.37867376,0.37867376,0.99009424,0.10230708,0.10230708,1.0,0.0018415274,0.018,0.0,0.0,0.0,0.0,-26.982285,2.1782508,0.72608364,0.18400002,0.0,0.16796751,0.0,0.0
hardzero_only__c0p58__z1p00__lam0p000__nu0p50__psi0p00,0.018,support,49,727,0.0,3,0.37867376,0.37867376,0.37867376,1.0223957,0.0,0.0949739,0.0,0.0,0.018,0.0,0.0,0.0,0.0,-26.75278,2.2493155,0.74977183,0.192,0.0,0.1476975,0.0,0.0
hardzero_only__c0p58__z1p00__lam0p000__nu0p50__psi0p00,0.018,support,49,728,0.0,3,0.37867376,0.38064703,0.38064703,0.96008575,0.10962619,0.10962619,1.0,0.0019732714,0.018,0.0,0.0,0.0,0.0,-26.827402,2.1122308,0.70407695,0.29,0.0,0.12461323,0.0,0.0
hardzero_only__c0p58__z1p00__lam0p000__nu0p50__psi0p00,0.018,support,49,729,0.0,3,0.38064703,0.38064703,0.38064703,1.016288,0.0,0.09631898,0.0,0.0,0.018,0.0,0.0,0.0,0.0,-26.865358,2.2358785,0.74529284,0.15200001,0.0,0.13976933,0.0,0.0
hardzero_only__c0p58__z1p00__lam0p000__nu0p50__psi0p00,0.018,support,49,730,0.0,3,0.38064703,0.3824816,0.3824816,0.99173963,0.101920225,0.101920225,1.0,0.0018345639,0.018,0.0,0.0,0.0,0.0,-26.319807,2.1818707,0.7272903,0.15200001,0.0,0.13905224,0.0,0.0
hardzero_only__c0p58__z1p00__lam0p000__nu0p50__psi0p00,0.018,support,49,731,0.0,3,0.3824816,0.38432425,0.38432425,0.9898267,0.102370135,0.102370135,1.0,0.0018426623,0.018,0.0,0.0,0.0,0.0,-26.790049,2.1776621,0.7258874,0.208,0.0,0.1401547,0.0,0.0
hardzero_only__c0p58__z1p00__lam0p000__nu0p50__psi0p00,0.018,support,49,732,0.0,3,0.38432425,0.38432425,0.38432425,1.0389075,0.0,0.09143078,0.0,0.0,0.018,0.0,0.0,0.0,0.0,-27.142878,2.2856421,0.76188076,0.14400001,0.0,0.14465623,0.0,0.0
hardzero_only__c0p58__z1p00__lam0p000__nu0p50__psi0p00,0.018,support,49,733,0.0,3,0.38432425,0.38432425,0.38432425,1.0030174,0.0,0.09930761,0.0,0.0,0.018,0.0,0.0,0.0,0.0,-26.815563,2.2066824,0.73556083,0.15200001,0.0,0.16466501,0.0,0.0
hardzero_only__c0p58__z1p00__lam0p000__nu0p50__psi0p00,0.018,support,49,734,0.0,3,0.38432425,0.38432425,0.38432425,1.0246031,0.0,0.09449238,0.0,0.0,0.018,0.0,0.0,0.0,0.0,-27.269299,2.2541718,0.75139064,0.15200001,0.0,0.14328623,0.0,0.0
hardzero_only__c0p58__z1p00__lam0p000__nu0p50__psi0p00,0.018,support,49,735,0.0,3,0.38432425,0.3862377,0.3862377,0.9734552,0.10630283,0.10630283,1.0,0.0019134508,0.018,0.0,0.0,0.0,0.0,-26.0053,2.1416442,0.71388143,0.208,0.0,0.12906745,0.0,0.0
hardzero_only__c0p58__z1p00__lam0p000__nu0p50__psi0p00,0.018,support,49,736,0.0,3,0.3862377,0.3862377,0.3862377,1.0530776,0.0,0.08849574,0.0,0.0,0.018,0.0,0.0,0.0,0.0,-28.118847,2.316817,0.77227235,0.080000006,0.0,0.18012963,0.0,0.0
hardzero_only__c0p58__z1p00__lam0p000__nu0p50__psi0p00,0.018,support,49,737,0.0,3,0.3862377,0.3862377,0.3862377,1.0338806,0.0,0.09249524,0.0,0.0,0.018,0.0,0.0,0.0,0.0,-27.41045,2.2745826,0.7581942,0.16800001,0.0,0.17864251,0.0,0.0
hardzero_only__c0p58__z1p00__lam0p000__nu0p50__psi0p00,0.018,support,49,738,0.0,3,0.3862377,0.38809964,0.38809964,0.9853091,0.10344057,0.10344057,1.0,0.0018619301,0.018,0.0,0.0,0.0,0.0,-26.069326,2.1677234,0.7225745,0.18400002,0.0,0.17356414,0.0,0.0
hardzero_only__c0p58__z1p00__lam0p000__nu0p50__psi0p00,0.018,support,49,739,0.0,3,0.38809964,0.38809964,0.38809964,1.0159917,0.0,0.09638473,0.0,0.0,0.018,0.0,0.0,0.0,0.0,-26.826612,2.2352264,0.74507546,0.128,0.0,0.15850334,0.0,0.0
hardzero_only__c0p58__z1p00__lam0p000__nu0p50__psi0p00,0.018,support,49,740,0.0,3,0.38809964,0.38809964,0.38809964,1.0033572,0.0,0.099229954,0.0,0.0,0.018,0.0,0.0,0.0,0.0,-26.899654,2.20743,0.73581,0.14400001,0.0,0.16076249,0.0,0.0
hardzero_only__c0p58__z1p00__lam0p000__nu0p50__psi0p00,0.018,support,49,741,0.0,3,0.38809964,0.38809964,0.38809964,1.0062187,0.0,0.098578304,0.0,0.0,0.018,0.0,0.0,0.0,0.0,-26.960419,2.2137253,0.7379085,0.14999999,0.0,0.13229729,0.0,0.0
hardzero_only__c0p58__z1p00__lam0p000__nu0p50__psi0p00,0.018,support,49,742,0.0,3,0.38809964,0.38999984,0.38999984,0.97647744,0.10556563,0.10556563,1.0,0.0019001813,0.018,0.0,0.0,0.0,0.0,-27.401812,2.1482933,0.7160978,0.192,0.0,0.14398575,0.0,0.0
hardzero_only__c0p58__z1p00__lam0p000__nu0p50__psi0p00,0.018,support,49,743,0.0,3,0.38999984,0.38999984,0.38999984,1.009426,0.0,0.09785296,0.0,0.0,0.018,0.0,0.0,0.0,0.0,-27.32378,2.2207816,0.74026054,0.14400001,0.0,0.14350605,0.0,0.0
hardzero_only__c0p58__z1p00__lam0p000__nu0p50__psi0p00,0.018,support,49,744,0.0,3,0.38999984,0.39182407,0.39182407,0.99419224,0.10134627,0.10134627,1.0,0.0018242327,0.018,0.0,0.0,0.0,0.0,-26.623072,2.1872666,0.7290889,0.16800001,0.0,0.1293341,0.0,0.0
hardzero_only__c0p58__z1p00__lam0p000__nu0p50__psi0p00,0.018,support,49,745,0.0,3,0.39182407,0.39182407,0.39182407,1.0010918,0.0,0.0997489,0.0,0.0,0.018,0.0,0.0,0.0,0.0,-26.681814,2.202446,0.7341487,0.128,0.0,0.14612196,0.0,0.0
hardzero_only__c0p58__z1p00__lam0p000__nu0p50__psi0p00,0.018,support,49,746,0.0,3,0.39182407,0.39182407,0.39182407,1.0617843,0.0,0.08673925,0.0,0.0,0.018,0.0,0.0,0.0,0.0,-27.883953,2.335972,0.7786574,0.16000001,0.0,0.17134799,0.0,0.0
hardzero_only__c0p58__z1p00__lam0p000__nu0p50__psi0p00,0.018,support,49,747,0.0,3,0.39182407,0.39182407,0.39182407,1.0374365,0.0,0.091741,0.0,0.0,0.018,0.0,0.0,0.0,0.0,-27.347645,2.2824059,0.760802,0.14400001,0.0,0.17014629,0.0,0.0
hardzero_only__c0p58__z1p00__lam0p000__nu0p50__psi0p00,0.018,support,49,748,0.0,3,0.39182407,0.393786,0.393786,0.9625859,0.10899687,0.10899687,1.0,0.0019619435,0.018,0.0,0.0,0.0,0.0,-26.400736,2.1177313,0.70591044,0.216,0.0,0.11425599,0.0,0.0
hardzero_only__c0p58__z1p00__lam0p000__nu0p50__psi0p00,0.018,support,49,749,0.0,3,0.393786,0.393786,0.393786,1.0095598,0.0,0.09782282,0.0,0.0,0.018,0.0,0.0,0.0,0.0,-26.281881,2.2210758,0.7403586,0.15200001,0.0,0.14676723,0.0,0.0
hardzero_only__c0p58__z1p00__lam0p000__nu0p50__psi0p00,0.018,support,49,750,0.0,3,0.393786,0.39567173,0.39567173,0.9798003,0.10476103,0.10476103,1.0,0.0018856984,0.018,0.0,0.0,0.0,0.0,-26.055758,2.1556036,0.7185346,0.17600001,0.0,0.14123377,0.0,0.0
hardzero_only__c0p58__z1p00__lam0p000__nu0p50__psi0p00,0.018,support,49,751,0.0,3,0.39567173,0.39567173,0.39567173,1.025095,0.0,0.09438544,0.0,0.0,0.018,0.0,0.0,0.0,0.0,-27.49283,2.255254,0.75175136,0.15200001,0.0,0.16917391,0.0,0.0
hardzero_only__c0p58__z1p00__lam0p000__nu0p50__psi0p00,0.018,support,49,752,0.0,3,0.39567173,0.39567173,0.39567173,1.0417405,0.0,0.09083631,0.0,0.0,0.018,0.0,0.0,0.0,0.0,-27.269459,2.291875,0.76395833,0.128,0.0,0.1401135,0.0,0.0
hardzero_only__c0p58__z1p00__lam0p000__nu0p50__psi0p00,0.018,support,49,753,0.0,3,0.39567173,0.39567173,0.39567173,1.0031447,0.0,0.09927851,0.0,0.0,0.018,0.0,0.0,0.0,0.0,-26.091806,2.2069626,0.73565423,0.16800001,0.0,0.1459803,0.0,0.0
hardzero_only__c0p58__z1p00__lam0p000__nu0p50__psi0p00,0.018,support,49,754,0.0,3,0.39567173,0.39567173,0.39567173,1.0169624,0.0,0.09616954,0.0,0.0,0.018,0.0,0.0,0.0,0.0,-27.872898,2.237362,0.7457873,0.07,0.0,0.16363752,0.0,0.0
hardzero_only__c0p58__z1p00__lam0p000__nu0p50__psi0p00,0.018,support,49,755,0.0,3,0.39567173,0.39567173,0.39567173,1.0645967,0.0,0.08617937,0.0,0.0,0.018,0.0,0.0,0.0,0.0,-28.160517,2.3421595,0.7807199,0.16000001,0.0,0.16870463,0.0,0.0
hardzero_only__c0p58__z1p00__lam0p000__nu0p50__psi0p00,0.018,support,49,756,0.0,3,0.39567173,0.39760107,0.39760107,0.9698621,0.10718596,0.10718596,1.0,0.0019293472,0.018,0.0,0.0,0.0,0.0,-26.015285,2.1337392,0.71124643,0.096,0.0,0.14130642,0.0,0.0
hardzero_only__c0p58__z1p00__lam0p000__nu0p50__psi0p00,0.018,support,49,757,0.0,3,0.39760107,0.39950445,0.39950445,0.9757442,0.10574401,0.10574401,1.0,0.0019033921,0.018,0.0,0.0,0.0,0.0,-26.007551,2.14668,0.7155601,0.18400002,0.0,0.14606827,0.0,0.0
hardzero_only__c0p58__z1p00__lam0p000__nu0p50__psi0p00,0.018,support,49,758,0.0,3,0.39950445,0.39950445,0.39950445,1.0264556,0.0,0.094090186,0.0,0.0,0.018,0.0,0.0,0.0,0.0,-26.980824,2.2582476,0.7527492,0.136,0.0,0.14166933,0.0,0.0
hardzero_only__c0p58__z1p00__lam0p000__nu0p50__psi0p00,0.018,support,49,759,0.0,3,0.39950445,0.4013783,0.4013783,0.9825362,0.104103126,0.104103126,1.0,0.0018738562,0.018,0.0,0.0,0.0,0.0,-26.692413,2.1616228,0.72054094,0.2,0.0,0.15193515,0.0,0.0
hardzero_only__c0p58__z1p00__lam0p000__nu0p50__psi0p00,0.018,support,49,760,0.0,3,0.4013783,0.4013783,0.4013783,1.0366949,0.0,0.09189779,0.0,0.0,0.018,0.0,0.0,0.0,0.0,-27.235252,2.2807744,0.76025814,0.15200001,0.0,0.15197672,0.0,0.0
hardzero_only__c0p58__z1p00__lam0p000__nu0p50__psi0p00,0.018,support,49,761,0.0,3,0.4013783,0.4013783,0.4013783,1.0035399,0.0,0.09918821,0.0,0.0,0.018,0.0,0.0,0.0,0.0,-26.494356,2.2078319,0.735944,0.208,0.0,0.15531711,0.0,0.0
hardzero_only__c0p58__z1p00__lam0p000__nu0p50__psi0p00,0.018,support,49,762,0.0,3,0.4013783,0.40325058,0.40325058,0.98290116,0.10401567,0.10401567,1.0,0.001872282,0.018,0.0,0.0,0.0,0.0,-27.274029,2.1624258,0.7208086,0.192,0.0,0.14860204,0.0,0.0
hardzero_only__c0p58__z1p00__lam0p000__nu0p50__psi0p00,0.018,support,49,763,0.0,3,0.40325058,0.40325058,0.40325058,1.011147,0.0,0.09746596,0.0,0.0,0.018,0.0,0.0,0.0,0.0,-27.671017,2.224568,0.74152267,0.096,0.0,0.1621351,0.0,0.0
hardzero_only__c0p58__z1p00__lam0p000__nu0p50__psi0p00,0.018,support,49,764,0.0,3,0.40325058,0.40325058,0.40325058,1.0121864,0.0,0.09723298,0.0,0.0,0.018,0.0,0.0,0.0,0.0,-26.967806,2.2268546,0.7422849,0.17600001,0.0,0.13455977,0.0,0.0
hardzero_only__c0p58__z1p00__lam0p000__nu0p50__psi0p00,0.018,support,49,765,0.0,3,0.40325058,0.40509346,0.40509346,0.98977464,0.10238241,0.10238241,1.0,0.0018428832,0.018,0.0,0.0,0.0,0.0,-26.682142,2.1775477,0.7258493,0.15200001,0.0,0.16980812,0.0,0.0
hardzero_only__c0p58__z1p00__lam0p000__nu0p50__psi0p00,0.018,support,49,766,0.0,3,0.40509346,0.40509346,0.40509346,1.0634097,0.0,0.08641524,0.0,0.0,0.018,0.0,0.0,0.0,0.0,-27.755415,2.339548,0.7798494,0.14400001,0.0,0.18749829,0.0,0.0
hardzero_only__c0p58__z1p00__lam0p000__nu0p50__psi0p00,0.018,support,49,767,0.0,3,0.40509346,0.40509346,0.40509346,1.0883809,0.0,0.081586644,0.0,0.0,0.018,0.0,0.0,0.0,0.0,-28.146675,2.394486,0.798162,0.12,0.0,0.16133751,0.0,0.0
hardzero_only__c0p58__z1p00__lam0p000__nu0p50__psi0p00,0.018,support,49,768,0.0,3,0.40509346,0.40509346,0.40509346,1.0206043,0.0,0.09536646,0.0,0.0,0.018,0.0,0.0,0.0,0.0,-26.960638,2.2453742,0.7484581,0.15200001,0.0,0.15721588,0.0,0.0
hardzero_only__c0p58__z1p00__lam0p000__nu0p50__psi0p00,0.018,support,49,769,0.0,3,0.40509346,0.40509346,0.40509346,1.0411922,0.0,0.09095108,0.0,0.0,0.018,0.0,0.0,0.0,0.0,-27.351118,2.2906685,0.7635562,0.15200001,0.0,0.12927617,0.0,0.0
hardzero_only__c0p58__z1p00__lam0p000__nu0p50__psi0p00,0.018,support,49,770,0.0,3,0.40509346,0.40509346,0.40509346,1.0354228,0.0,0.09216737,0.0,0.0,0.018,0.0,0.0,0.0,0.0,-27.97412,2.2779756,0.7593252,0.104,0.0,0.18775415,0.0,0.0
hardzero_only__c0p58__z1p00__lam0p000__nu0p50__psi0p00,0.018,support,49,771,0.0,3,0.40509346,0.40692636,0.40692636,0.99213135,0.10182832,0.10182832,1.0,0.0018329098,0.018,0.0,0.0,0.0,0.0,-27.472044,2.1827326,0.72757757,0.192,0.0,0.14425023,0.0,0.0
hardzero_only__c0p58__z1p00__lam0p000__nu0p50__psi0p00,0.018,support,49,772,0.0,3,0.40692636,0.40692636,0.40692636,1.0053496,0.0,0.09877577,0.0,0.0,0.018,0.0,0.0,0.0,0.0,-27.405895,2.2118134,0.7372712,0.208,0.0,0.16668607,0.0,0.0
hardzero_only__c0p58__z1p00__lam0p000__nu0p50__psi0p00,0.018,support,49,773,0.0,3,0.40692636,0.40692636,0.40692636,1.0290203,0.0,0.093536176,0.0,0.0,0.018,0.0,0.0,0.0,0.0,-27.427837,2.2638898,0.75462997,0.15200001,0.0,0.1698634,0.0,0.0
hardzero_only__c0p58__z1p00__lam0p000__nu0p50__psi0p00,0.018,support,49,774,0.0,3,0.40692636,0.40883183,0.40883183,0.9752706,0.105859384,0.105859384,1.0,0.0019054689,0.018,0.0,0.0,0.0,0.0,-26.529333,2.1456382,0.71521276,0.15200001,0.008,0.17893349,0.0,0.0
hardzero_only__c0p58__z1p00__lam0p000__nu0p50__psi0p00,0.018,support,49,775,0.0,3,0.40883183,0.40883183,0.40883183,1.0434415,0.0,0.09048122,0.0,0.0,0.018,0.0,0.0,0.0,0.0,-27.383879,2.2956173,0.7652058,0.136,0.0,0.14279869,0.0,0.0
hardzero_only__c0p58__z1p00__lam0p000__nu0p50__psi0p00,0.018,support,49,776,0.0,3,0.40883183,0.41069776,0.41069776,0.9843767,0.10366289,0.10366289,1.0,0.001865932,0.018,0.0,0.0,0.0,0.0,-26.371696,2.165672,0.7218907,0.16800001,0.0,0.12220778,0.0,0.0
hardzero_only__c0p58__z1p00__lam0p000__nu0p50__psi0p00,0.018,support,49,777,0.0,3,0.41069776,0.4126844,0.4126844,0.95715106,0.11036946,0.11036946,1.0,0.0019866503,0.018,0.0,0.0,0.0,0.0,-26.821669,2.1057744,0.7019248,0.16000001,0.0,0.13019419,0.0,0.0
hardzero_only__c0p58__z1p00__lam0p000__nu0p50__psi0p00,0.018,support,49,778,0.0,3,0.4126844,0.4145963,0.4145963,0.97381186,0.10621555,0.10621555,1.0,0.0019118799,0.018,0.0,0.0,0.0,0.0,-26.438076,2.1424289,0.714143,0.208,0.0,0.15309618,0.0,0.0
hardzero_only__c0p58__z1p00__lam0p000__nu0p50__psi0p00,0.018,support,49,779,0.0,3,0.4145963,0.4145963,0.4145963,1.0307211,0.0,0.093170606,0.0,0.0,0.018,0.0,0.0,0.0,0.0,-28.04798,2.2676315,0.7558772,0.18400002,0.0,0.1645683,0.0,0.0
hardzero_only__c0p58__z1p00__lam0p000__nu0p50__psi0p00,0.018,support,49,780,0.0,3,0.4145963,0.4145963,0.4145963,1.015978,0.0,0.09638779,0.0,0.0,0.018,0.0,0.0,0.0,0.0,-27.494402,2.235196,0.7450654,0.14999999,0.0,0.13744128,0.0,0.0
hardzero_only__c0p58__z1p00__lam0p000__nu0p50__psi0p00,0.018,support,49,781,0.0,3,0.4145963,0.4145963,0.4145963,1.0768131,0.0,0.083788976,0.0,0.0,0.018,0.0,0.0,0.0,0.0,-27.883663,2.3690362,0.78967875,0.056,0.0,0.1876095,0.0,0.0
hardzero_only__c0p58__z1p00__lam0p000__nu0p50__psi0p00,0.018,support,49,782,0.0,3,0.4145963,0.4145963,0.4145963,1.0069166,0.0,0.098419994,0.0,0.0,0.018,0.0,0.0,0.0,0.0,-27.202099,2.2152607,0.73842025,0.15200001,0.0,0.17308144,0.0,0.0
hardzero_only__c0p58__z1p00__lam0p000__nu0p50__psi0p00,0.018,support,49,783,0.0,3,0.4145963,0.4145963,0.4145963,1.0145253,0.0,0.09671072,0.0,0.0,0.018,0.0,0.0,0.0,0.0,-26.946487,2.232,0.7440001,0.192,0.0,0.14850347,0.0,0.0
hardzero_only__c0p58__z1p00__lam0p000__nu0p50__psi0p00,0.018,support,49,784,0.0,3,0.4145963,0.4145963,0.4145963,1.0542809,0.0,0.08825089,0.0,0.0,0.018,0.0,0.0,0.0,0.0,-28.000175,2.3194642,0.77315474,0.136,0.0,0.14712402,0.0,0.0
hardzero_only__c0p58__z1p00__lam0p000__nu0p50__psi0p00,0.018,support,49,785,0.0,3,0.4145963,0.4164636,0.4164636,0.9840538,0.10373998,0.10373998,1.0,0.0018673195,0.018,0.0,0.0,0.0,0.0,-26.537453,2.1649616,0.7216539,0.192,0.0,0.16784441,0.0,0.0
hardzero_only__c0p58__z1p00__lam0p000__nu0p50__psi0p00,0.018,support,49,786,0.0,3,0.4164636,0.4164636,0.4164636,1.0238328,0.0,0.094660155,0.0,0.0,0.018,0.0,0.0,0.0,0.0,-27.31983,2.2524772,0.75082576,0.16000001,0.0,0.14773779,0.0,0.0
hardzero_only__c0p58__z1p00__lam0p000__nu0p50__psi0p00,0.018,support,49,787,0.0,3,0.4164636,0.41828954,0.41828954,0.9937906,0.10144004,0.10144004,1.0,0.0018259207,0.018,0.0,0.0,0.0,0.0,-27.201231,2.186383,0.72879434,0.128,0.0,0.14532337,0.0,0.0
hardzero_only__c0p58__z1p00__lam0p000__nu0p50__psi0p00,0.018,support,49,788,0.0,3,0.41828954,0.41828954,0.41828954,1.0009198,0.0,0.099788435,0.0,0.0,0.018,0.0,0.0,0.0,0.0,-27.104921,2.2020676,0.73402256,0.15200001,0.0,0.14872941,0.0,0.0
hardzero_only__c0p58__z1p00__lam0p000__nu0p50__psi0p00,0.018,support,49,789,0.0,3,0.41828954,0.41828954,0.41828954,1.0229683,0.0,0.09484877,0.0,0.0,0.018,0.0,0.0,0.0,0.0,-27.59147,2.250575,0.7501917,0.15200001,0.0,0.15956716,0.0,0.0
hardzero_only__c0p58__z1p00__lam0p000__nu0p50__psi0p00,0.018,support,49,790,0.0,3,0.41828954,0.41828954,0.41828954,1.000692,0.0,0.09984079,0.0,0.0,0.018,0.0,0.0,0.0,0.0,-26.84888,2.2015665,0.7338555,0.15200001,0.0,0.1406802,0.0,0.0
hardzero_only__c0p58__z1p00__lam0p000__nu0p50__psi0p00,0.018,support,49,791,0.0,3,0.41828954,0.420283,0.420283,0.955669,0.11074674,0.11074674,1.0,0.0019934413,0.018,0.0,0.0,0.0,0.0,-26.604929,2.1025138,0.70083797,0.224,0.0,0.14417101,0.0,0.0
hardzero_only__c0p58__z1p00__lam0p000__nu0p50__psi0p00,0.018,support,49,792,0.0,3,0.420283,0.420283,0.420283,1.0060081,0.0,0.0986261,0.0,0.0,0.018,0.0,0.0,0.0,0.0,-27.07797,2.213262,0.73775405,0.17600001,0.0,0.1474522,0.0,0.0
hardzero_only__c0p58__z1p00__lam0p000__nu0p50__psi0p00,0.018,support,49,793,0.0,3,0.420283,0.42217457,0.42217457,0.9784463,0.10508813,0.10508813,1.0,0.0018915862,0.018,0.0,0.0,0.0,0.0,-26.16238,2.1526248,0.71754164,0.17,0.0,0.13290653,0.0,0.0
hardzero_only__c0p58__z1p00__lam0p000__nu0p50__psi0p00,0.018,support,49,794,0.0,3,0.42217457,0.42217457,0.42217457,1.0084963,0.0,0.098062664,0.0,0.0,0.018,0.0,0.0,0.0,0.0,-26.840096,2.2187362,0.7395787,0.16800001,0.0,0.13643298,0.0,0.0
hardzero_only__c0p58__z1p00__lam0p000__nu0p50__psi0p00,0.018,support,49,795,0.0,3,0.42217457,0.42217457,0.42217457,1.021614,0.0,0.09514502,0.0,0.0,0.018,0.0,0.0,0.0,0.0,-27.52936,2.2475955,0.74919856,0.16800001,0.0,0.16764456,0.0,0.0
hardzero_only__c0p58__z1p00__lam0p000__nu0p50__psi0p00,0.018,support,49,796,0.0,3,0.42217457,0.42412692,0.42412692,0.9647144,0.10846399,0.10846399,1.0,0.0019523517,0.018,0.0,0.0,0.0,0.0,-26.306343,2.122414,0.7074714,0.16800001,0.0,0.14762512,0.0,0.0
hardzero_only__c0p58__z1p00__lam0p000__nu0p50__psi0p00,0.018,support,49,797,0.0,3,0.42412692,0.42608514,0.42608514,0.9634081,0.108790725,0.108790725,1.0,0.001958233,0.018,0.0,0.0,0.0,0.0,-26.934637,2.1195402,0.7065134,0.2,0.0,0.14163904,0.0,0.0
hardzero_only__c0p58__z1p00__lam0p000__nu0p50__psi0p00,0.018,support,49,798,0.0,3,0.42608514,0.427992,0.427992,0.97495496,0.10593637,0.10593637,1.0,0.0019068546,0.018,0.0,0.0,0.0,0.0,-26.421307,2.1449437,0.71498126,0.15200001,0.0,0.1429118,0.0,0.0
hardzero_only__c0p58__z1p00__lam0p000__nu0p50__psi0p00,0.018,support,49,799,0.0,3,0.427992,0.427992,0.427992,1.0203274,0.0,0.09542729,0.0,0.0,0.018,0.0,0.0,0.0,0.0,-26.558136,2.2447653,0.74825513,0.16000001,0.0,0.14720106,0.0,0.0
hardzero_only__c0p58__z1p00__lam0p000__nu0p50__psi0p00,0.018,support,49,800,0.0,3,0.427992,0.427992,0.427992,1.0510285,0.0,0.08891428,0.0,0.0,0.018,0.0,0.0,0.0,0.0,-27.085808,2.3123088,0.7707696,0.120000005,0.0,0.14744693,0.0,0.0
hardzero_only__c0p58__z1p00__lam0p000__nu0p50__psi0p00,0.018,support,49,801,0.0,3,0.427992,0.427992,0.427992,1.005527,0.0,0.09873541,0.0,0.0,0.018,0.0,0.0,0.0,0.0,-27.36476,2.2122035,0.7374012,0.24800001,0.0,0.1324949,0.0,0.0
hardzero_only__c0p58__z1p00__lam0p000__nu0p50__psi0p00,0.018,support,49,802,0.0,3,0.427992,0.427992,0.427992,1.0415634,0.0,0.09087335,0.0,0.0,0.018,0.0,0.0,0.0,0.0,-26.838108,2.2914853,0.76382846,0.136,0.0,0.12998645,0.0,0.0
hardzero_only__c0p58__z1p00__lam0p000__nu0p50__psi0p00,0.018,support,49,803,0.0,3,0.427992,0.42986953,0.42986953,0.9816853,0.10430731,0.10430731,1.0,0.0018775315,0.018,0.0,0.0,0.0,0.0,-26.04924,2.1597507,0.71991694,0.15200001,0.0,0.15909691,0.0,0.0
hardzero_only__c0p58__z1p00__lam0p000__nu0p50__psi0p00,0.018,support,49,804,0.0,3,0.42986953,0.42986953,0.42986953,1.0504154,0.0,0.089039885,0.0,0.0,0.018,0.0,0.0,0.0,0.0,-27.568502,2.31096,0.77032006,0.104,0.0,0.15460168,0.0,0.0
hardzero_only__c0p58__z1p00__lam0p000__nu0p50__psi0p00,0.018,support,49,805,0.0,3,0.42986953,0.43183032,0.43183032,0.9628445,0.108931996,0.108931996,1.0,0.0019607758,0.018,0.0,0.0,0.0,0.0,-25.500118,2.1183002,0.7061001,0.136,0.0,0.11760094,0.0,0.0
hardzero_only__c0p58__z1p00__lam0p000__nu0p50__psi0p00,0.018,support,49,806,0.0,3,0.43183032,0.43183032,0.43183032,1.0001556,0.0,0.099964194,0.0,0.0,0.018,0.0,0.0,0.0,0.0,-26.181349,2.2003863,0.7334621,0.24,0.0,0.14682524,0.0,0.0
hardzero_only__c0p58__z1p00__lam0p000__nu0p50__psi0p00,0.018,support,49,807,0.0,3,0.43183032,0.4337009,0.4337009,0.9832993,0.10392037,0.10392037,1.0,0.0018705666,0.018,0.0,0.0,0.0,0.0,-26.410362,2.1633017,0.72110057,0.192,0.0,0.12267286,0.0,0.0
hardzero_only__c0p58__z1p00__lam0p000__nu0p50__psi0p00,0.018,support,49,808,0.0,3,0.4337009,0.43552402,0.43552402,0.99445635,0.10128465,0.10128465,1.0,0.0018231237,0.018,0.0,0.0,0.0,0.0,-27.038555,2.1878476,0.72928256,0.136,0.0,0.1373183,0.0,0.0
hardzero_only__c0p58__z1p00__lam0p000__nu0p50__psi0p00,0.018,support,49,809,0.0,3,0.43552402,0.4373419,0.4373419,0.9957032,0.100994274,0.100994274,1.0,0.0018178968,0.018,0.0,0.0,0.0,0.0,-26.631203,2.1905909,0.73019695,0.14400001,0.0,0.13814612,0.0,0.0
hardzero_only__c0p58__z1p00__lam0p000__nu0p50__psi0p00,0.018,support,49,810,0.0,3,0.4373419,0.43921188,0.43921188,0.9834363,0.103887595,0.103887595,1.0,0.0018699766,0.018,0.0,0.0,0.0,0.0,-26.298107,2.163603,0.72120106,0.112,0.0,0.14609592,0.0,0.0
hardzero_only__c0p58__z1p00__lam0p000__nu0p50__psi0p00,0.018,support,49,811,0.0,3,0.43921188,0.43921188,0.43921188,1.0631832,0.0,0.08646031,0.0,0.0,0.018,0.0,0.0,0.0,0.0,-28.492998,2.3390498,0.7796833,0.104,0.0,0.16199361,0.0,0.0
hardzero_only__c0p58__z1p00__lam0p000__nu0p50__psi0p00,0.018,support,49,812,0.0,3,0.43921188,0.43921188,0.43921188,1.024731,0.0,0.09446457,0.0,0.0,0.018,0.0,0.0,0.0,0.0,-27.325502,2.2544532,0.7514844,0.136,0.0,0.14639385,0.0,0.0
hardzero_only__c0p58__z1p00__lam0p000__nu0p50__psi0p00,0.018,support,49,813,0.0,3,0.43921188,0.43921188,0.43921188,1.0164075,0.0,0.09629252,0.0,0.0,0.018,0.0,0.0,0.0,0.0,-28.30965,2.2361412,0.7453804,0.224,0.0,0.17900154,0.0,0.0
hardzero_only__c0p58__z1p00__lam0p000__nu0p50__psi0p00,0.018,support,49,814,0.0,3,0.43921188,0.43921188,0.43921188,1.022141,0.0,0.09502962,0.0,0.0,0.018,0.0,0.0,0.0,0.0,-26.688818,2.248755,0.74958503,0.192,0.0,0.14572862,0.0,0.0
hardzero_only__c0p58__z1p00__lam0p000__nu0p50__psi0p00,0.018,support,49,815,0.0,3,0.43921188,0.43921188,0.43921188,1.0198485,0.0,0.09553259,0.0,0.0,0.018,0.0,0.0,0.0,0.0,-26.649126,2.2437115,0.7479038,0.136,0.0,0.15453562,0.0,0.0
hardzero_only__c0p58__z1p00__lam0p000__nu0p50__psi0p00,0.018,support,49,816,0.0,3,0.43921188,0.44110322,0.44110322,0.97850275,0.10507448,0.10507448,1.0,0.0018913406,0.018,0.0,0.0,0.0,0.0,-26.275179,2.152749,0.71758306,0.15200001,0.0,0.13084684,0.0,0.0
hardzero_only__c0p58__z1p00__lam0p000__nu0p50__psi0p00,0.018,support,49,817,0.0,3,0.44110322,0.44110322,0.44110322,1.0151048,0.0,0.09658178,0.0,0.0,0.018,0.0,0.0,0.0,0.0,-26.941105,2.2332752,0.74442506,0.18400002,0.0,0.19022828,0.0,0.0
hardzero_only__c0p58__z1p00__lam0p000__nu0p50__psi0p00,0.018,support,49,818,0.0,3,0.44110322,0.44110322,0.44110322,1.049668,0.0,0.08919327,0.0,0.0,0.018,0.0,0.0,0.0,0.0,-27.985992,2.3093157,0.76977193,0.17600001,0.0,0.14822195,0.0,0.0
hardzero_only__c0p58__z1p00__lam0p000__nu0p50__psi0p00,0.018,support,49,819,0.0,3,0.44110322,0.44110322,0.44110322,1.0114607,0.0,0.0973956,0.0,0.0,0.018,0.0,0.0,0.0,0.0,-27.170528,2.2252579,0.7417526,0.12,0.0,0.14459154,0.0,0.0
hardzero_only__c0p58__z1p00__lam0p000__nu0p50__psi0p00,0.018,support,49,820,0.0,3,0.44110322,0.44110322,0.44110322,1.0536357,0.0,0.08838208,0.0,0.0,0.018,0.0,0.0,0.0,0.0,-27.295626,2.318045,0.77268165,0.17600001,0.0,0.14222404,0.0,0.0
hardzero_only__c0p58__z1p00__lam0p000__nu0p50__psi0p00,0.018,support,49,821,0.0,3,0.44110322,0.44305575,0.44305575,0.9646737,0.10847415,0.10847415,1.0,0.0019525347,0.018,0.0,0.0,0.0,0.0,-25.373554,2.1223245,0.7074415,0.136,0.0,0.13549839,0.0,0.0
hardzero_only__c0p58__z1p00__lam0p000__nu0p50__psi0p00,0.018,support,49,822,0.0,3,0.44305575,0.44305575,0.44305575,1.0109327,0.0,0.09751408,0.0,0.0,0.018,0.0,0.0,0.0,0.0,-26.673382,2.2240963,0.74136543,0.14400001,0.0,0.16356489,0.0,0.0
hardzero_only__c0p58__z1p00__lam0p000__nu0p50__psi0p00,0.018,support,49,823,0.0,3,0.44305575,0.44494867,0.44494867,0.9781414,0.10516192,0.10516192,1.0,0.0018929145,0.018,0.0,0.0,0.0,0.0,-26.25981,2.1519542,0.71731806,0.14400001,0.0,0.13975014,0.0,0.0
hardzero_only__c0p58__z1p00__lam0p000__nu0p50__psi0p00,0.018,support,49,824,0.0,3,0.44494867,0.44494867,0.44494867,1.0025412,0.0,0.09941658,0.0,0.0,0.018,0.0,0.0,0.0,0.0,-27.840456,2.2056346,0.73521155,0.216,0.0,0.14159797,0.0,0.0
hardzero_only__c0p58__z1p00__lam0p000__nu0p50__psi0p00,0.018,support,49,825,0.0,3,0.44494867,0.44494867,0.44494867,1.0022881,0.0,0.09947452,0.0,0.0,0.018,0.0,0.0,0.0,0.0,-27.43813,2.205078,0.735026,0.256,0.008,0.14757532,0.0,0.0
hardzero_only__c0p58__z1p00__lam0p000__nu0p50__psi0p00,0.018,support,49,826,0.0,3,0.44494867,0.44494867,0.44494867,1.0282855,0.0,0.09369458,0.0,0.0,0.018,0.0,0.0,0.0,0.0,-26.773422,2.2622733,0.75409114,0.15200001,0.0,0.17762248,0.0,0.0
hardzero_only__c0p58__z1p00__lam0p000__nu0p50__psi0p00,0.018,support,49,827,0.0,3,0.44494867,0.44676504,0.44676504,0.99607193,0.10090856,0.10090856,1.0,0.001816354,0.018,0.0,0.0,0.0,0.0,-26.724371,2.191402,0.7304673,0.18400002,0.0,0.13820523,0.0,0.0
hardzero_only__c0p58__z1p00__lam0p000__nu0p50__psi0p00,0.018,support,49,828,0.0,3,0.44676504,0.44676504,0.44676504,1.0583631,0.0,0.08742524,0.0,0.0,0.018,0.0,0.0,0.0,0.0,-28.118483,2.3284452,0.77614844,0.136,0.0,0.16808586,0.0,0.0
hardzero_only__c0p58__z1p00__lam0p000__nu0p50__psi0p00,0.018,support,49,829,0.0,3,0.44676504,0.44868988,0.44868988,0.97087663,0.10693586,0.10693586,1.0,0.0019248454,0.018,0.0,0.0,0.0,0.0,-27.455988,2.1359713,0.7119905,0.136,0.0,0.17079595,0.0,0.0
hardzero_only__c0p58__z1p00__lam0p000__nu0p50__psi0p00,0.018,support,49,830,0.0,3,0.44868988,0.44868988,0.44868988,1.0355041,0.0,0.09215013,0.0,0.0,0.018,0.0,0.0,0.0,0.0,-26.789282,2.2781546,0.7593849,0.136,0.0,0.14445138,0.0,0.0
hardzero_only__c0p58__z1p00__lam0p000__nu0p50__psi0p00,0.018,support,49,831,0.0,3,0.44868988,0.4506279,0.4506279,0.96791434,0.10766775,0.10766775,1.0,0.0019380194,0.018,0.0,0.0,0.0,0.0,-26.286459,2.1294541,0.70981807,0.16800001,0.0,0.11355905,0.0,0.0
hardzero_only__c0p58__z1p00__lam0p000__nu0p50__psi0p00,0.018,support,49,832,0.0,3,0.4506279,0.45250446,0.45250446,0.98190755,0.104253925,0.104253925,1.0,0.0018765706,0.018,0.0,0.0,0.0,0.0,-26.836775,2.1602397,0.7200799,0.19999999,0.0,0.16319601,0.0,0.0
hardzero_only__c0p58__z1p00__lam0p000__nu0p50__psi0p00,0.018,support,49,833,0.0,3,0.45250446,0.45250446,0.45250446,1.021926,0.0,0.095076665,0.0,0.0,0.018,0.0,0.0,0.0,0.0,-27.420055,2.2482822,0.74942744,0.16800001,0.008,0.16716383,0.0,0.0
hardzero_only__c0p58__z1p00__lam0p000__nu0p50__psi0p00,0.018,support,49,834,0.0,3,0.45250446,0.45250446,0.45250446,1.0731173,0.0,0.08450505,0.0,0.0,0.018,0.0,0.0,0.0,0.0,-27.575552,2.3609052,0.7869684,0.120000005,0.0,0.15855286,0.0,0.0
hardzero_only__c0p58__z1p00__lam0p000__nu0p50__psi0p00,0.018,support,49,835,0.0,3,0.45250446,0.45250446,0.45250446,1.0313011,0.0,0.09304625,0.0,0.0,0.018,0.0,0.0,0.0,0.0,-26.0753,2.2689078,0.7563026,0.120000005,0.0,0.1548088,0.0,0.0
hardzero_only__c0p58__z1p00__lam0p000__nu0p50__psi0p00,0.018,support,49,836,0.0,3,0.45250446,0.45250446,0.45250446,1.0350899,0.0,0.09223805,0.0,0.0,0.018,0.0,0.0,0.0,0.0,-26.990147,2.2772431,0.75908107,0.216,0.0,0.1642687,0.0,0.0
hardzero_only__c0p58__z1p00__lam0p000__nu0p50__psi0p00,0.018,support,49,837,0.0,3,0.45250446,0.45250446,0.45250446,1.0338225,0.0,0.092507616,0.0,0.0,0.018,0.0,0.0,0.0,0.0,-27.237349,2.274455,0.7581517,0.2,0.0,0.17756042,0.0,0.0
hardzero_only__c0p58__z1p00__lam0p000__nu0p50__psi0p00,0.018,support,49,838,0.0,3,0.45250446,0.45250446,0.45250446,1.0415086,0.0,0.090884835,0.0,0.0,0.018,0.0,0.0,0.0,0.0,-27.57194,2.2913647,0.7637882,0.128,0.0,0.19515425,0.0,0.0
hardzero_only__c0p58__z1p00__lam0p000__nu0p50__psi0p00,0.018,support,49,839,0.0,3,0.45250446,0.4543765,0.4543765,0.98295647,0.10400244,0.10400244,1.0,0.0018720438,0.018,0.0,0.0,0.0,0.0,-26.547613,2.1625473,0.72084916,0.16000001,0.0,0.15506777,0.0,0.0
hardzero_only__c0p58__z1p00__lam0p000__nu0p50__psi0p00,0.018,support,49,840,0.0,3,0.4543765,0.4543765,0.4543765,1.0294186,0.0,0.09345045,0.0,0.0,0.018,0.0,0.0,0.0,0.0,-27.477669,2.2647662,0.7549221,0.136,0.0,0.14942417,0.0,0.0
hardzero_only__c0p58__z1p00__lam0p000__nu0p50__psi0p00,0.018,support,49,841,0.0,3,0.4543765,0.45650533,0.45650533,0.9271273,0.11826949,0.11826949,1.0,0.0021288507,0.018,0.0,0.0,0.0,0.0,-25.204529,2.0397208,0.67990696,0.256,0.0,0.10983605,0.0,0.0
hardzero_only__c0p58__z1p00__lam0p000__nu0p50__psi0p00,0.018,support,49,842,0.0,3,0.45650533,0.45650533,0.45650533,1.0227491,0.0,0.09489665,0.0,0.0,0.018,0.0,0.0,0.0,0.0,-27.500845,2.250093,0.750031,0.17600001,0.0,0.15183187,0.0,0.0
hardzero_only__c0p58__z1p00__lam0p000__nu0p50__psi0p00,0.018,support,49,843,0.0,3,0.45650533,0.45650533,0.45650533,1.0261973,0.0,0.09414617,0.0,0.0,0.018,0.0,0.0,0.0,0.0,-27.443817,2.2576792,0.7525598,0.18400002,0.0,0.16992608,0.0,0.0
hardzero_only__c0p58__z1p00__lam0p000__nu0p50__psi0p00,0.018,support,49,844,0.0,3,0.45650533,0.45650533,0.45650533,1.0283847,0.0,0.093673185,0.0,0.0,0.018,0.0,0.0,0.0,0.0,-27.746881,2.2624915,0.75416386,0.14400001,0.0,0.18724023,0.0,0.0
hardzero_only__c0p58__z1p00__lam0p000__nu0p50__psi0p00,0.018,support,49,845,0.0,3,0.45650533,0.45849827,0.45849827,0.95577705,0.1107192,0.1107192,1.0,0.0019929456,0.018,0.0,0.0,0.0,0.0,-25.557133,2.1027515,0.7009172,0.14999999,0.0,0.1099285,0.0,0.0
hardzero_only__c0p58__z1p00__lam0p000__nu0p50__psi0p00,0.018,support,49,846,0.0,3,0.45849827,0.45849827,0.45849827,1.0338662,0.0,0.0924983,0.0,0.0,0.018,0.0,0.0,0.0,0.0,-26.656654,2.274551,0.75818366,0.15200001,0.0,0.16630965,0.0,0.0
hardzero_only__c0p58__z1p00__lam0p000__nu0p50__psi0p00,0.018,support,49,847,0.0,3,0.45849827,0.45849827,0.45849827,1.0072815,0.0,0.09833734,0.0,0.0,0.018,0.0,0.0,0.0,0.0,-27.428173,2.2160637,0.73868793,0.08800001,0.0,0.12965833,0.0,0.0
hardzero_only__c0p58__z1p00__lam0p000__nu0p50__psi0p00,0.018,support,49,848,0.0,3,0.45849827,0.46038195,0.46038195,0.9802659,0.10464876,0.10464876,1.0,0.0018836777,0.018,0.0,0.0,0.0,0.0,-26.041183,2.1566281,0.71887606,0.16800001,0.0,0.12778728,0.0,0.0
hardzero_only__c0p58__z1p00__lam0p000__nu0p50__psi0p00,0.018,support,49,849,0.0,3,0.46038195,0.4622339,0.4622339,0.987647,0.10288521,0.10288521,1.0,0.0018519337,0.018,0.0,0.0,0.0,0.0,-26.789646,2.1728668,0.72428894,0.16000001,0.0,0.14857121,0.0,0.0
hardzero_only__c0p58__z1p00__lam0p000__nu0p50__psi0p00,0.018,support,49,850,0.0,3,0.4622339,0.4622339,0.4622339,1.048023,0.0,0.08953173,0.0,0.0,0.018,0.0,0.0,0.0,0.0,-28.454948,2.3056967,0.7685656,0.2,0.0,0.15342234,0.0,0.0
hardzero_only__c0p58__z1p00__lam0p000__nu0p50__psi0p00,0.018,support,49,851,0.0,3,0.4622339,0.46406195,0.46406195,0.993289,0.10155726,0.10155726,1.0,0.0018280307,0.018,0.0,0.0,0.0,0.0,-27.381067,2.1852794,0.72842646,0.15200001,0.0,0.14963895,0.0,0.0
hardzero_only__c0p58__z1p00__lam0p000__nu0p50__psi0p00,0.018,support,49,852,0.0,3,0.46406195,0.4660737,0.4660737,0.9517017,0.11176307,0.11176307,1.0,0.0020117352,0.018,0.0,0.0,0.0,0.0,-26.080765,2.0937855,0.69792855,0.18400002,0.0,0.16891874,0.0,0.0
hardzero_only__c0p58__z1p00__lam0p000__nu0p50__psi0p00,0.018,support,49,853,0.0,3,0.4660737,0.46805105,0.46805105,0.95918614,0.1098535,0.1098535,1.0,0.001977363,0.018,0.0,0.0,0.0,0.0,-26.599455,2.1102517,0.70341724,0.18400002,0.0,0.14936315,0.0,0.0
hardzero_only__c0p58__z1p00__lam0p000__nu0p50__psi0p00,0.018,support,49,854,0.0,3,0.46805105,0.46989617,0.46989617,0.98924536,0.10250728,0.10250728,1.0,0.0018451309,0.018,0.0,0.0,0.0,0.0,-27.012724,2.1763833,0.7254611,0.208,0.0,0.15404761,0.0,0.0
hardzero_only__c0p58__z1p00__lam0p000__nu0p50__psi0p00,0.018,support,49,855,0.0,3,0.46989617,0.46989617,0.46989617,1.0681579,0.0,0.08547558,0.0,0.0,0.018,0.0,0.0,0.0,0.0,-27.386497,2.3499944,0.7833315,0.08800001,0.0,0.14565943,0.0,0.0
hardzero_only__c0p58__z1p00__lam0p000__nu0p50__psi0p00,0.018,support,49,856,0.0,3,0.46989617,0.46989617,0.46989617,1.0076178,0.0,0.09826122,0.0,0.0,0.018,0.0,0.0,0.0,0.0,-26.796324,2.2168036,0.7389345,0.128,0.0,0.1530814,0.0,0.0
hardzero_only__c0p58__z1p00__lam0p000__nu0p50__psi0p00,0.018,support,49,857,0.0,3,0.46989617,0.46989617,0.46989617,1.0201163,0.0,0.095473684,0.0,0.0,0.018,0.0,0.0,0.0,0.0,-25.894186,2.2443008,0.7481003,0.14400001,0.0,0.1492664,0.0,0.0
hardzero_only__c0p58__z1p00__lam0p000__nu0p50__psi0p00,0.018,support,49,858,0.0,3,0.46989617,0.46989617,0.46989617,1.0392039,0.0,0.091368414,0.0,0.0,0.018,0.0,0.0,0.0,0.0,-27.789936,2.2862942,0.7620981,0.19999999,0.01,0.15306577,0.0,0.0
hardzero_only__c0p58__z1p00__lam0p000__nu0p50__psi0p00,0.018,support,49,859,0.0,3,0.46989617,0.46989617,0.46989617,1.0352432,0.0,0.0922055,0.0,0.0,0.018,0.0,0.0,0.0,0.0,-27.550882,2.2775805,0.75919354,0.15200001,0.0,0.19467136,0.0,0.0
hardzero_only__c0p58__z1p00__lam0p000__nu0p50__psi0p00,0.018,support,49,860,0.0,3,0.46989617,0.47180206,0.47180206,0.9751717,0.105883494,0.105883494,1.0,0.0019059028,0.018,0.0,0.0,0.0,0.0,-26.591293,2.1454206,0.7151402,0.16000001,0.0,0.13638665,0.0,0.0
hardzero_only__c0p58__z1p00__lam0p000__nu0p50__psi0p00,0.018,support,49,861,0.0,3,0.47180206,0.47180206,0.47180206,1.0183408,0.0,0.0958648,0.0,0.0,0.018,0.0,0.0,0.0,0.0,-27.448317,2.2403946,0.7467982,0.18400002,0.0,0.1526174,0.0,0.0
hardzero_only__c0p58__z1p00__lam0p000__nu0p50__psi0p00,0.018,support,49,862,0.0,3,0.47180206,0.47180206,0.47180206,1.0454117,0.0,0.09007168,0.0,0.0,0.018,0.0,0.0,0.0,0.0,-27.567722,2.2999518,0.7666506,0.16000001,0.0,0.18453377,0.0,0.0
hardzero_only__c0p58__z1p00__lam0p000__nu0p50__psi0p00,0.018,support,49,863,0.0,3,0.47180206,0.4736164,0.4736164,0.99655783,0.100795746,0.100795746,1.0,0.0018143234,0.018,0.0,0.0,0.0,0.0,-26.51691,2.192471,0.7308237,0.2,0.0,0.14958069,0.0,0.0
hardzero_only__c0p58__z1p00__lam0p000__nu0p50__psi0p00,0.018,support,49,864,0.0,3,0.4736164,0.4736164,0.4736164,1.0383873,0.0,0.09154037,0.0,0.0,0.018,0.0,0.0,0.0,0.0,-27.548798,2.2844977,0.7614993,0.16000001,0.0,0.15382679,0.0,0.0
hardzero_only__c0p58__z1p00__lam0p000__nu0p50__psi0p00,0.018,support,49,865,0.0,3,0.4736164,0.47552565,0.47552565,0.974411,0.106069125,0.106069125,1.0,0.0019092442,0.018,0.0,0.0,0.0,0.0,-26.159184,2.143747,0.7145824,0.192,0.0,0.16146804,0.0,0.0
hardzero_only__c0p58__z1p00__lam0p000__nu0p50__psi0p00,0.018,support,49,866,0.0,3,0.47552565,0.47552565,0.47552565,1.0055112,0.0,0.098739035,0.0,0.0,0.018,0.0,0.0,0.0,0.0,-26.886862,2.2121687,0.73738956,0.128,0.008,0.15035243,0.0,0.0
hardzero_only__c0p58__z1p00__lam0p000__nu0p50__psi0p00,0.018,support,49,867,0.0,3,0.47552565,0.47552565,0.47552565,1.0214611,0.0,0.0951785,0.0,0.0,0.018,0.0,0.0,0.0,0.0,-26.142748,2.2472594,0.7490865,0.16000001,0.0,0.14282352,0.0,0.0
hardzero_only__c0p58__z1p00__lam0p000__nu0p50__psi0p00,0.018,support,49,868,0.0,3,0.47552565,0.47739345,0.47739345,0.9839453,0.103765905,0.103765905,1.0,0.0018677862,0.018,0.0,0.0,0.0,0.0,-26.380005,2.164723,0.7215743,0.216,0.0,0.14202248,0.0,0.0
hardzero_only__c0p58__z1p00__lam0p000__nu0p50__psi0p00,0.018,support,49,869,0.0,3,0.47739345,0.47948393,0.47948393,0.93502635,0.11613782,0.11613782,1.0,0.0020904806,0.018,0.0,0.0,0.0,0.0,-25.537329,2.057099,0.6856997,0.128,0.0,0.12188864,0.0,0.0
hardzero_only__c0p58__z1p00__lam0p000__nu0p50__psi0p00,0.018,support,49,870,0.0,3,0.47948393,0.4813932,0.4813932,0.97440517,0.10607054,0.10607054,1.0,0.0019092696,0.018,0.0,0.0,0.0,0.0,-27.285654,2.1437342,0.7145781,0.17600001,0.0,0.18085855,0.0,0.0
hardzero_only__c0p58__z1p00__lam0p000__nu0p50__psi0p00,0.018,support,49,871,0.0,3,0.4813932,0.4832271,0.4832271,0.9918924,0.10188437,0.10188437,1.0,0.0018339186,0.018,0.0,0.0,0.0,0.0,-26.898188,2.1822069,0.7274023,0.17999999,0.0,0.15826686,0.0,0.0
hardzero_only__c0p58__z1p00__lam0p000__nu0p50__psi0p00,0.018,support,49,872,0.0,3,0.4832271,0.48504353,0.48504353,0.996059,0.100911565,0.100911565,1.0,0.0018164081,0.018,0.0,0.0,0.0,0.0,-26.685192,2.1913736,0.7304579,0.128,0.0,0.13886765,0.0,0.0
hardzero_only__c0p58__z1p00__lam0p000__nu0p50__psi0p00,0.018,support,49,873,0.0,3,0.48504353,0.48710907,0.48710907,0.94023603,0.11475297,0.11475297,1.0,0.0020655533,0.018,0.0,0.0,0.0,0.0,-26.237206,2.0685606,0.68952024,0.23200001,0.0,0.16739579,0.0,0.0
hardzero_only__c0p58__z1p00__lam0p000__nu0p50__psi0p00,0.018,support,49,874,0.0,3,0.48710907,0.48710907,0.48710907,1.0210726,0.0,0.09526368,0.0,0.0,0.018,0.0,0.0,0.0,0.0,-26.825935,2.2464046,0.7488016,0.08800001,0.0,0.15148026,0.0,0.0
hardzero_only__c0p58__z1p00__lam0p000__nu0p50__psi0p00,0.018,support,49,875,0.0,3,0.48710907,0.48897555,0.48897555,0.9842444,0.103694454,0.103694454,1.0,0.0018665001,0.018,0.0,0.0,0.0,0.0,-26.425346,2.165381,0.72179365,0.17600001,0.0,0.14487875,0.0,0.0
hardzero_only__c0p58__z1p00__lam0p000__nu0p50__psi0p00,0.018,support,49,876,0.0,3,0.48897555,0.48897555,0.48897555,1.00716,0.0,0.098364875,0.0,0.0,0.018,0.0,0.0,0.0,0.0,-26.913004,2.2157962,0.73859876,0.136,0.0,0.15783624,0.0,0.0
hardzero_only__c0p58__z1p00__lam0p000__nu0p50__psi0p00,0.018,support,49,877,0.0,3,0.48897555,0.49078256,0.49078256,0.9983109,0.10038969,0.10038969,1.0,0.0018070143,0.018,0.0,0.0,0.0,0.0,-27.100233,2.196328,0.7321093,0.192,0.0,0.1461761,0.0,0.0
hardzero_only__c0p58__z1p00__lam0p000__nu0p50__psi0p00,0.018,support,49,878,0.0,3,0.49078256,0.4926869,0.4926869,0.97553074,0.105796,0.105796,1.0,0.001904328,0.018,0.0,0.0,0.0,0.0,-26.917526,2.1462104,0.7154035,0.17600001,0.0,0.12673473,0.0,0.0
hardzero_only__c0p58__z1p00__lam0p000__nu0p50__psi0p00,0.018,support,49,879,0.0,3,0.4926869,0.4926869,0.4926869,1.0194168,0.0,0.095627576,0.0,0.0,0.018,0.0,0.0,0.0,0.0,-27.526176,2.2427619,0.7475873,0.16800001,0.0,0.16633813,0.0,0.0
hardzero_only__c0p58__z1p00__lam0p000__nu0p50__psi0p00,0.018,support,49,880,0.0,3,0.4926869,0.4926869,0.4926869,1.0048577,0.0,0.09888771,0.0,0.0,0.018,0.0,0.0,0.0,0.0,-26.399199,2.210731,0.73691034,0.2,0.0,0.13097085,0.0,0.0
hardzero_only__c0p58__z1p00__lam0p000__nu0p50__psi0p00,0.018,support,49,881,0.0,3,0.4926869,0.4926869,0.4926869,1.0604734,0.0,0.08700146,0.0,0.0,0.018,0.0,0.0,0.0,0.0,-27.860867,2.3330882,0.7776961,0.24000001,0.0,0.18519504,0.0,0.0
hardzero_only__c0p58__z1p00__lam0p000__nu0p50__psi0p00,0.018,support,49,882,0.0,3,0.4926869,0.4926869,0.4926869,1.0203059,0.0,0.09543202,0.0,0.0,0.018,0.0,0.0,0.0,0.0,-27.514969,2.2447178,0.7482393,0.136,0.008,0.14651723,0.0,0.0
hardzero_only__c0p58__z1p00__lam0p000__nu0p50__psi0p00,0.018,support,49,883,0.0,3,0.4926869,0.4926869,0.4926869,1.0117842,0.0,0.09732306,0.0,0.0,0.018,0.0,0.0,0.0,0.0,-26.543772,2.2259698,0.74199,0.136,0.0,0.16230589,0.0,0.0
hardzero_only__c0p58__z1p00__lam0p000__nu0p50__psi0p00,0.018,support,49,884,0.0,3,0.4926869,0.49455085,0.49455085,0.9848372,0.103553034,0.103553034,1.0,0.0018639546,0.018,0.0,0.0,0.0,0.0,-26.991085,2.166685,0.7222284,0.11,0.0,0.13739589,0.0,0.0
hardzero_only__c0p58__z1p00__lam0p000__nu0p50__psi0p00,0.018,support,49,885,0.0,3,0.49455085,0.49636838,0.49636838,0.9957922,0.10097359,0.10097359,1.0,0.0018175245,0.018,0.0,0.0,0.0,0.0,-26.904833,2.1907866,0.7302622,0.16000001,0.0,0.1327543,0.0,0.0
hardzero_only__c0p58__z1p00__lam0p000__nu0p50__psi0p00,0.018,support,49,886,0.0,3,0.49636838,0.49821565,0.49821565,0.9887447,0.102625504,0.102625504,1.0,0.001847259,0.018,0.0,0.0,0.0,0.0,-27.277895,2.1752818,0.72509396,0.23200001,0.0,0.17012915,0.0,0.0
hardzero_only__c0p58__z1p00__lam0p000__nu0p50__psi0p00,0.018,support,49,887,0.0,3,0.49821565,0.49821565,0.49821565,1.027975,0.0,0.0937616,0.0,0.0,0.018,0.0,0.0,0.0,0.0,-26.977522,2.26159,0.75386333,0.17600001,0.0,0.15042125,0.0,0.0
hardzero_only__c0p58__z1p00__lam0p000__nu0p50__psi0p00,0.018,support,49,888,0.0,3,0.49821565,0.49821565,0.49821565,1.0532106,0.0,0.08846865,0.0,0.0,0.018,0.0,0.0,0.0,0.0,-28.361217,2.3171096,0.77236986,0.120000005,0.0,0.15100434,0.0,0.0
hardzero_only__c0p58__z1p00__lam0p000__nu0p50__psi0p00,0.018,support,49,889,0.0,3,0.49821565,0.49821565,0.49821565,1.0053145,0.0,0.09878375,0.0,0.0,0.018,0.0,0.0,0.0,0.0,-27.275705,2.211736,0.7372453,0.18400002,0.0,0.14427513,0.0,0.0
hardzero_only__c0p58__z1p00__lam0p000__nu0p50__psi0p00,0.018,support,49,890,0.0,3,0.49821565,0.49821565,0.49821565,1.0039474,0.0,0.099095196,0.0,0.0,0.018,0.0,0.0,0.0,0.0,-27.128595,2.2087283,0.7362428,0.2,0.0,0.15633138,0.0,0.0
hardzero_only__c0p58__z1p00__lam0p000__nu0p50__psi0p00,0.018,support,49,891,0.0,3,0.49821565,0.49821565,0.49821565,1.0132111,0.0,0.09700382,0.0,0.0,0.018,0.0,0.0,0.0,0.0,-27.683592,2.229109,0.7430364,0.208,0.0,0.16711883,0.0,0.0
hardzero_only__c0p58__z1p00__lam0p000__nu0p50__psi0p00,0.018,support,49,892,0.0,3,0.49821565,0.49821565,0.49821565,1.0499345,0.0,0.08913853,0.0,0.0,0.018,0.0,0.0,0.0,0.0,-28.094967,2.309902,0.7699673,0.16000001,0.0,0.17096622,0.0,0.0
hardzero_only__c0p58__z1p00__lam0p000__nu0p50__psi0p00,0.018,support,49,893,0.0,3,0.49821565,0.49821565,0.49821565,1.0067023,0.0,0.09846859,0.0,0.0,0.018,0.0,0.0,0.0,0.0,-27.48734,2.2147894,0.73826313,0.15200001,0.0,0.15431689,0.0,0.0
hardzero_only__c0p58__z1p00__lam0p000__nu0p50__psi0p00,0.018,support,49,894,0.0,3,0.49821565,0.49821565,0.49821565,1.0597317,0.0,0.087150164,0.0,0.0,0.018,0.0,0.0,0.0,0.0,-27.763466,2.3314564,0.7771522,0.15200001,0.0,0.14897493,0.0,0.0
hardzero_only__c0p58__z1p00__lam0p000__nu0p50__psi0p00,0.018,support,49,895,0.0,3,0.49821565,0.49821565,0.49821565,1.0323858,0.0,0.09281415,0.0,0.0,0.018,0.0,0.0,0.0,0.0,-27.769241,2.271294,0.7570981,0.120000005,0.0,0.15381458,0.0,0.0
hardzero_only__c0p58__z1p00__lam0p000__nu0p50__psi0p00,0.018,support,49,896,0.0,3,0.49821565,0.49821565,0.49821565,1.0297375,0.0,0.09338185,0.0,0.0,0.018,0.0,0.0,0.0,0.0,-27.273981,2.2654676,0.7551559,0.15200001,0.0,0.14538513,0.0,0.0
hardzero_only__c0p58__z1p00__lam0p000__nu0p50__psi0p00,0.018,support,49,897,0.0,3,0.49821565,0.49821565,0.49821565,1.0126778,0.0,0.09712302,0.0,0.0,0.018,0.0,0.0,0.0,0.0,-27.328537,2.2279356,0.7426452,0.11,0.0,0.15650871,0.0,0.0
hardzero_only__c0p58__z1p00__lam0p000__nu0p50__psi0p00,0.018,support,49,898,0.0,3,0.49821565,0.49821565,0.49821565,1.0189408,0.0,0.095732465,0.0,0.0,0.018,0.0,0.0,0.0,0.0,-27.096489,2.2417145,0.74723816,0.16800001,0.0,0.16588813,0.0,0.0
hardzero_only__c0p58__z1p00__lam0p000__nu0p50__psi0p00,0.018,support,49,899,0.0,3,0.49821565,0.49821565,0.49821565,1.0500665,0.0,0.089111455,0.0,0.0,0.018,0.0,0.0,0.0,0.0,-27.84529,2.3101923,0.7700641,0.128,0.0,0.1219423,0.0,0.0
hardzero_only__c0p58__z1p00__lam0p000__nu0p50__psi0p00,0.018,support,49,900,0.0,3,0.49821565,0.49821565,0.49821565,1.0414388,0.0,0.09089944,0.0,0.0,0.018,0.0,0.0,0.0,0.0,-27.316349,2.2912111,0.7637371,0.128,0.0,0.15052027,0.0,0.0
hardzero_only__c0p58__z1p00__lam0p000__nu0p50__psi0p00,0.018,support,49,901,0.0,3,0.49821565,0.5000546,0.5000546,0.9907052,0.10216327,0.10216327,1.0,0.0018389388,0.018,0.0,0.0,0.0,0.0,-27.042526,2.179595,0.7265317,0.192,0.0,0.1474034,0.0,0.0
hardzero_only__c0p58__z1p00__lam0p000__nu0p50__psi0p00,0.018,support,49,902,0.0,3,0.5000546,0.5019541,0.5019541,0.97663707,0.105526835,0.105526835,1.0,0.0018994829,0.018,0.0,0.0,0.0,0.0,-26.055061,2.1486444,0.71621484,0.192,0.0,0.15084074,0.0,0.0
hardzero_only__c0p58__z1p00__lam0p000__nu0p50__psi0p00,0.018,support,49,903,0.0,3,0.5019541,0.5019541,0.5019541,1.0056077,0.0,0.09871707,0.0,0.0,0.018,0.0,0.0,0.0,0.0,-26.540543,2.2123811,0.7374604,0.216,0.0,0.13056514,0.0,0.0
hardzero_only__c0p58__z1p00__lam0p000__nu0p50__psi0p00,0.018,support,49,904,0.0,3,0.5019541,0.5037618,0.5037618,0.9981369,0.10042993,0.10042993,1.0,0.0018077387,0.018,0.0,0.0,0.0,0.0,-26.446081,2.195945,0.7319817,0.128,0.0,0.13740586,0.0,0.0
hardzero_only__c0p58__z1p00__lam0p000__nu0p50__psi0p00,0.018,support,49,905,0.0,3,0.5037618,0.5037618,0.5037618,1.0414907,0.0,0.09088859,0.0,0.0,0.018,0.0,0.0,0.0,0.0,-27.776224,2.2913253,0.7637751,0.14400001,0.0,0.14993145,0.0,0.0
hardzero_only__c0p58__z1p00__lam0p000__nu0p50__psi0p00,0.018,support,49,906,0.0,3,0.5037618,0.5037618,0.5037618,1.0292958,0.0,0.09347688,0.0,0.0,0.018,0.0,0.0,0.0,0.0,-27.18539,2.264496,0.754832,0.136,0.0,0.15377243,0.0,0.0
hardzero_only__c0p58__z1p00__lam0p000__nu0p50__psi0p00,0.018,support,49,907,0.0,3,0.5037618,0.5056211,0.5056211,0.9859303,0.103292696,0.103292696,1.0,0.0018592684,0.018,0.0,0.0,0.0,0.0,-26.14109,2.16909,0.72303003,0.216,0.0,0.14955068,0.0,0.0
hardzero_only__c0p58__z1p00__lam0p000__nu0p50__psi0p00,0.018,support,49,908,0.0,3,0.5056211,0.5056211,0.5056211,1.0250709,0.0,0.09439068,0.0,0.0,0.018,0.0,0.0,0.0,0.0,-26.80373,2.255201,0.7517337,0.136,0.0,0.15548816,0.0,0.0
hardzero_only__c0p58__z1p00__lam0p000__nu0p50__psi0p00,0.018,support,49,909,0.0,3,0.5056211,0.5056211,0.5056211,1.0067437,0.0,0.09845919,0.0,0.0,0.018,0.0,0.0,0.0,0.0,-27.194983,2.2148802,0.7382934,0.23200001,0.0,0.1619239,0.0,0.0
hardzero_only__c0p58__z1p00__lam0p000__nu0p50__psi0p00,0.018,support,49,910,0.0,3,0.5056211,0.5075415,0.5075415,0.97187835,0.10668949,0.10668949,1.0,0.0019204108,0.018,0.0,0.0,0.0,0.0,-26.593075,2.138175,0.71272504,0.24,0.0,0.16046265,0.0,0.0
hardzero_only__c0p58__z1p00__lam0p000__nu0p50__psi0p00,0.018,support,49,911,0.0,3,0.5075415,0.5075415,0.5075415,1.0253911,0.0,0.094321094,0.0,0.0,0.018,0.0,0.0,0.0,0.0,-27.814606,2.2559054,0.7519685,0.136,0.0,0.13500835,0.0,0.0
hardzero_only__c0p58__z1p00__lam0p000__nu0p50__psi0p00,0.018,support,49,912,0.0,3,0.5075415,0.5075415,0.5075415,1.0593833,0.0,0.08722013,0.0,0.0,0.018,0.0,0.0,0.0,0.0,-27.932201,2.3306897,0.7768966,0.14400001,0.0,0.15386672,0.0,0.0
hardzero_only__c0p58__z1p00__lam0p000__nu0p50__psi0p00,0.018,support,49,913,0.0,3,0.5075415,0.50943553,0.50943553,0.97787875,0.10522555,0.10522555,1.0,0.0018940598,0.018,0.0,0.0,0.0,0.0,-26.977093,2.1513762,0.7171254,0.17600001,0.0,0.14533097,0.0,0.0
hardzero_only__c0p58__z1p00__lam0p000__nu0p50__psi0p00,0.018,support,49,914,0.0,3,0.50943553,0.50943553,0.50943553,1.0149589,0.0,0.09661423,0.0,0.0,0.018,0.0,0.0,0.0,0.0,-26.6311,2.232954,0.744318,0.136,0.0,0.16679697,0.0,0.0
hardzero_only__c0p58__z1p00__lam0p000__nu0p50__psi0p00,0.018,support,49,915,0.0,3,0.50943553,0.51126814,0.51126814,0.9922092,0.10181009,0.10181009,1.0,0.0018325816,0.018,0.0,0.0,0.0,0.0,-26.762344,2.1829038,0.7276346,0.216,0.008,0.15139265,0.0,0.0
hardzero_only__c0p58__z1p00__lam0p000__nu0p50__psi0p00,0.018,support,49,916,0.0,3,0.51126814,0.51310605,0.51310605,0.99094766,0.10210624,0.10210624,1.0,0.0018379122,0.018,0.0,0.0,0.0,0.0,-26.652605,2.1801283,0.7267095,0.17600001,0.0,0.14789443,0.0,0.0
hardzero_only__c0p58__z1p00__lam0p000__nu0p50__psi0p00,0.018,support,49,917,0.0,3,0.51310605,0.51497835,0.51497835,0.9828949,0.10401718,0.10401718,1.0,0.0018723093,0.018,0.0,0.0,0.0,0.0,-26.026928,2.162412,0.720804,0.16800001,0.0,0.14556582,0.0,0.0
hardzero_only__c0p58__z1p00__lam0p000__nu0p50__psi0p00,0.018,support,49,918,0.0,3,0.51497835,0.51497835,0.51497835,1.0675826,0.0,0.085588895,0.0,0.0,0.018,0.0,0.0,0.0,0.0,-28.492878,2.3487287,0.7829096,0.104,0.0,0.15003726,0.0,0.0
hardzero_only__c0p58__z1p00__lam0p000__nu0p50__psi0p00,0.018,support,49,919,0.0,3,0.51497835,0.51684946,0.51684946,0.9831801,0.10394889,0.10394889,1.0,0.0018710799,0.018,0.0,0.0,0.0,0.0,-26.258532,2.1630394,0.7210132,0.208,0.0,0.13995603,0.0,0.0
hardzero_only__c0p58__z1p00__lam0p000__nu0p50__psi0p00,0.018,support,49,920,0.0,3,0.51684946,0.51868343,0.51868343,0.99187714,0.10188794,0.10188794,1.0,0.0018339829,0.018,0.0,0.0,0.0,0.0,-27.233747,2.1821733,0.7273911,0.192,0.0,0.16032171,0.0,0.0
hardzero_only__c0p58__z1p00__lam0p000__nu0p50__psi0p00,0.018,support,49,921,0.0,3,0.51868343,0.51868343,0.51868343,1.0111091,0.0,0.09747446,0.0,0.0,0.018,0.0,0.0,0.0,0.0,-27.790783,2.2244844,0.74149483,0.2,0.0,0.1420621,0.0,0.0
hardzero_only__c0p58__z1p00__lam0p000__nu0p50__psi0p00,0.018,support,49,922,0.0,3,0.51868343,0.51868343,0.51868343,1.0198451,0.0,0.09553332,0.0,0.0,0.018,0.0,0.0,0.0,0.0,-27.091118,2.243704,0.7479014,0.136,0.0,0.1504422,0.0,0.0
hardzero_only__c0p58__z1p00__lam0p000__nu0p50__psi0p00,0.018,support,49,923,0.0,3,0.51868343,0.51868343,0.51868343,1.0001818,0.0,0.099958144,0.0,0.0,0.018,0.0,0.0,0.0,0.0,-26.954819,2.200444,0.73348135,0.19,0.0,0.15095012,0.0,0.0
hardzero_only__c0p58__z1p00__lam0p000__nu0p50__psi0p00,0.018,support,49,924,0.0,3,0.51868343,0.5206848,0.5206848,0.9539556,0.11118454,0.11118454,1.0,0.0020013216,0.018,0.0,0.0,0.0,0.0,-25.651474,2.0987442,0.6995814,0.128,0.0,0.1353586,0.0,0.0
hardzero_only__c0p58__z1p00__lam0p000__nu0p50__psi0p00,0.018,support,49,925,0.0,3,0.5206848,0.5206848,0.5206848,1.0044928,0.0,0.09897084,0.0,0.0,0.018,0.0,0.0,0.0,0.0,-27.03363,2.2099283,0.7366428,0.16000001,0.0,0.16244265,0.0,0.0
hardzero_only__c0p58__z1p00__lam0p000__nu0p50__psi0p00,0.018,support,49,926,0.0,3,0.5206848,0.5206848,0.5206848,1.0029243,0.0,0.09932891,0.0,0.0,0.018,0.0,0.0,0.0,0.0,-26.534235,2.2064776,0.7354926,0.192,0.0,0.14261156,0.0,0.0
hardzero_only__c0p58__z1p00__lam0p000__nu0p50__psi0p00,0.018,support,49,927,0.0,3,0.5206848,0.5225952,0.5225952,0.97413456,0.10613667,0.10613667,1.0,0.0019104601,0.018,0.0,0.0,0.0,0.0,-26.29322,2.143139,0.71437967,0.208,0.0,0.13362502,0.0,0.0
hardzero_only__c0p58__z1p00__lam0p000__nu0p50__psi0p00,0.018,support,49,928,0.0,3,0.5225952,0.5243959,0.5243959,0.9998352,0.10003796,0.10003796,1.0,0.0018006832,0.018,0.0,0.0,0.0,0.0,-26.687563,2.1996813,0.73322713,0.104,0.0,0.15111661,0.0,0.0
hardzero_only__c0p58__z1p00__lam0p000__nu0p50__psi0p00,0.018,support,49,929,0.0,3,0.5243959,0.5243959,0.5243959,1.0121875,0.0,0.09723273,0.0,0.0,0.018,0.0,0.0,0.0,0.0,-26.707693,2.226857,0.74228567,0.128,0.0,0.13967,0.0,0.0
hardzero_only__c0p58__z1p00__lam0p000__nu0p50__psi0p00,0.018,support,49,930,0.0,3,0.5243959,0.5243959,0.5243959,1.0256943,0.0,0.0942553,0.0,0.0,0.018,0.0,0.0,0.0,0.0,-27.990103,2.2565725,0.7521908,0.120000005,0.0,0.1515811,0.0,0.0
hardzero_only__c0p58__z1p00__lam0p000__nu0p50__psi0p00,0.018,support,49,931,0.0,3,0.5243959,0.52634203,0.52634203,0.9660958,0.10811954,0.10811954,1.0,0.0019461516,0.018,0.0,0.0,0.0,0.0,-27.216885,2.1254532,0.7084844,0.16000001,0.0,0.15491791,0.0,0.0
hardzero_only__c0p58__z1p00__lam0p000__nu0p50__psi0p00,0.018,support,49,932,0.0,3,0.52634203,0.52820104,0.52820104,0.98598635,0.103279375,0.103279375,1.0,0.0018590287,0.018,0.0,0.0,0.0,0.0,-26.55771,2.1692133,0.7230711,0.16000001,0.0,0.1368177,0.0,0.0
hardzero_only__c0p58__z1p00__lam0p000__nu0p50__psi0p00,0.018,support,49,933,0.0,3,0.52820104,0.52820104,0.52820104,1.0197276,0.0,0.09555918,0.0,0.0,0.018,0.0,0.0,0.0,0.0,-26.636173,2.2434454,0.74781513,0.16000001,0.0,0.1358255,0.0,0.0
hardzero_only__c0p58__z1p00__lam0p000__nu0p50__psi0p00,0.018,support,49,934,0.0,3,0.52820104,0.52820104,0.52820104,1.0494155,0.0,0.089245126,0.0,0.0,0.018,0.0,0.0,0.0,0.0,-27.407705,2.3087602,0.76958674,0.096,0.0,0.17707844,0.0,0.0
hardzero_only__c0p58__z1p00__lam0p000__nu0p50__psi0p00,0.018,support,49,935,0.0,3,0.52820104,0.52820104,0.52820104,1.0433741,0.0,0.09049529,0.0,0.0,0.018,0.0,0.0,0.0,0.0,-27.776575,2.2954688,0.76515627,0.16000001,0.0,0.19873025,0.0,0.0
hardzero_only__c0p58__z1p00__lam0p000__nu0p50__psi0p00,0.018,support,49,936,0.0,3,0.52820104,0.53009105,0.53009105,0.97881544,0.10499885,0.10499885,1.0,0.0018899792,0.018,0.0,0.0,0.0,0.0,-27.617012,2.153437,0.7178123,0.14999999,0.0,0.16538763,0.0,0.0
hardzero_only__c0p58__z1p00__lam0p000__nu0p50__psi0p00,0.018,support,49,937,0.0,3,0.53009105,0.53208154,0.53208154,0.9563111,0.110583134,0.110583134,1.0,0.0019904964,0.018,0.0,0.0,0.0,0.0,-26.831512,2.1039264,0.70130885,0.23200001,0.0,0.13743778,0.0,0.0
hardzero_only__c0p58__z1p00__lam0p000__nu0p50__psi0p00,0.018,support,49,938,0.0,3,0.53208154,0.53208154,0.53208154,1.0134494,0.0,0.09695061,0.0,0.0,0.018,0.0,0.0,0.0,0.0,-26.957361,2.2296333,0.74321115,0.136,0.0,0.14014225,0.0,0.0
hardzero_only__c0p58__z1p00__lam0p000__nu0p50__psi0p00,0.018,support,49,939,0.0,3,0.53208154,0.53208154,0.53208154,1.0621617,0.0,0.0866639,0.0,0.0,0.018,0.0,0.0,0.0,0.0,-27.19129,2.3368025,0.7789342,0.18400002,0.0,0.17316478,0.0,0.0
hardzero_only__c0p58__z1p00__lam0p000__nu0p50__psi0p00,0.018,support,49,940,0.0,3,0.53208154,0.5339862,0.5339862,0.9754503,0.105815604,0.105815604,1.0,0.0019046807,0.018,0.0,0.0,0.0,0.0,-26.371485,2.1460335,0.71534455,0.18400002,0.0,0.1298171,0.0,0.0
hardzero_only__c0p58__z1p00__lam0p000__nu0p50__psi0p00,0.018,support,49,941,0.0,3,0.5339862,0.5339862,0.5339862,1.0009676,0.0,0.099777445,0.0,0.0,0.018,0.0,0.0,0.0,0.0,-26.648172,2.2021728,0.7340576,0.14400001,0.0,0.15918249,0.0,0.0
hardzero_only__c0p58__z1p00__lam0p000__nu0p50__psi0p00,0.018,support,49,942,0.0,3,0.5339862,0.5357866,0.5357866,0.9998964,0.10002384,0.10002384,1.0,0.0018004291,0.018,0.0,0.0,0.0,0.0,-27.05249,2.199816,0.733272,0.192,0.0,0.15127566,0.0,0.0
hardzero_only__c0p58__z1p00__lam0p000__nu0p50__psi0p00,0.018,support,49,943,0.0,3,0.5357866,0.53761303,0.53761303,0.9936741,0.10146726,0.10146726,1.0,0.0018264105,0.018,0.0,0.0,0.0,0.0,-26.208467,2.1861267,0.7287089,0.104,0.0,0.121629335,0.0,0.0
hardzero_only__c0p58__z1p00__lam0p000__nu0p50__psi0p00,0.018,support,49,944,0.0,3,0.53761303,0.53761303,0.53761303,1.0182024,0.0,0.09589536,0.0,0.0,0.018,0.0,0.0,0.0,0.0,-26.448061,2.2400901,0.7466967,0.16000001,0.0,0.13039549,0.0,0.0
hardzero_only__c0p58__z1p00__lam0p000__nu0p50__psi0p00,0.018,support,49,945,0.0,3,0.53761303,0.53943527,0.53943527,0.99466157,0.1012368,0.1012368,1.0,0.0018222623,0.018,0.0,0.0,0.0,0.0,-26.54307,2.1882992,0.72943306,0.2,0.0,0.15412967,0.0,0.0
hardzero_only__c0p58__z1p00__lam0p000__nu0p50__psi0p00,0.018,support,49,946,0.0,3,0.53943527,0.53943527,0.53943527,1.0708263,0.0,0.08495201,0.0,0.0,0.018,0.0,0.0,0.0,0.0,-27.81088,2.3558648,0.7852883,0.15200001,0.0,0.15863264,0.0,0.0
hardzero_only__c0p58__z1p00__lam0p000__nu0p50__psi0p00,0.018,support,49,947,0.0,3,0.53943527,0.53943527,0.53943527,1.0024631,0.0,0.09943445,0.0,0.0,0.018,0.0,0.0,0.0,0.0,-27.044323,2.205463,0.73515433,0.128,0.0,0.13684477,0.0,0.0
hardzero_only__c0p58__z1p00__lam0p000__nu0p50__psi0p00,0.018,support,49,948,0.0,3,0.53943527,0.5412745,0.5412745,0.9906416,0.10217823,0.10217823,1.0,0.0018392081,0.018,0.0,0.0,0.0,0.0,-27.11996,2.179455,0.726485,0.14400001,0.0,0.15893336,0.0,0.0
hardzero_only__c0p58__z1p00__lam0p000__nu0p50__psi0p00,0.018,support,49,949,0.0,3,0.5412745,0.5412745,0.5412745,1.0349294,0.0,0.09227214,0.0,0.0,0.018,0.0,0.0,0.0,0.0,-27.99292,2.27689,0.75896335,0.11,0.0,0.15050384,0.0,0.0
hardzero_only__c0p58__z1p00__lam0p000__nu0p50__psi0p00,0.018,support,49,950,0.0,3,0.5412745,0.5412745,0.5412745,1.000515,0.0,0.09988148,0.0,0.0,0.018,0.0,0.0,0.0,0.0,-27.787712,2.201177,0.73372567,0.24000001,0.0,0.16264719,0.0,0.0
hardzero_only__c0p58__z1p00__lam0p000__nu0p50__psi0p00,0.018,support,49,951,0.0,3,0.5412745,0.5431884,0.5431884,0.9733509,0.106328346,0.106328346,1.0,0.0019139101,0.018,0.0,0.0,0.0,0.0,-26.472279,2.1414146,0.7138049,0.208,0.0,0.16129006,0.0,0.0
hardzero_only__c0p58__z1p00__lam0p000__nu0p50__psi0p00,0.018,support,49,952,0.0,3,0.5431884,0.5431884,0.5431884,1.0356767,0.0,0.09211349,0.0,0.0,0.018,0.0,0.0,0.0,0.0,-27.715609,2.2785342,0.7595114,0.15200001,0.0,0.16035083,0.0,0.0
hardzero_only__c0p58__z1p00__lam0p000__nu0p50__psi0p00,0.018,support,49,953,0.0,3,0.5431884,0.5431884,0.5431884,1.0478646,0.0,0.0895644,0.0,0.0,0.018,0.0,0.0,0.0,0.0,-27.76493,2.3053482,0.7684494,0.16000001,0.0,0.18086983,0.0,0.0
hardzero_only__c0p58__z1p00__lam0p000__nu0p50__psi0p00,0.018,support,49,954,0.0,3,0.5431884,0.5431884,0.5431884,1.0183928,0.0,0.09585332,0.0,0.0,0.018,0.0,0.0,0.0,0.0,-27.951931,2.2405088,0.7468363,0.104,0.0,0.15020214,0.0,0.0
hardzero_only__c0p58__z1p00__lam0p000__nu0p50__psi0p00,0.018,support,49,955,0.0,3,0.5431884,0.5431884,0.5431884,1.0040356,0.0,0.09907507,0.0,0.0,0.018,0.0,0.0,0.0,0.0,-26.538715,2.2089224,0.7363075,0.16000001,0.0,0.13224451,0.0,0.0
hardzero_only__c0p58__z1p00__lam0p000__nu0p50__psi0p00,0.018,support,49,956,0.0,3,0.5431884,0.5431884,0.5431884,1.0210317,0.0,0.09527265,0.0,0.0,0.018,0.0,0.0,0.0,0.0,-27.435163,2.2463148,0.7487716,0.17600001,0.0,0.16609767,0.0,0.0
hardzero_only__c0p58__z1p00__lam0p000__nu0p50__psi0p00,0.018,support,49,957,0.0,3,0.5431884,0.54509413,0.54509413,0.97520655,0.10587501,0.10587501,1.0,0.00190575,0.018,0.0,0.0,0.0,0.0,-26.605713,2.1454973,0.7151658,0.192,0.0,0.15294856,0.0,0.0
hardzero_only__c0p58__z1p00__lam0p000__nu0p50__psi0p00,0.018,support,49,958,0.0,3,0.54509413,0.54509413,0.54509413,1.0126677,0.0,0.09712529,0.0,0.0,0.018,0.0,0.0,0.0,0.0,-26.943867,2.2279134,0.7426378,0.112,0.0,0.12746496,0.0,0.0
hardzero_only__c0p58__z1p00__lam0p000__nu0p50__psi0p00,0.018,support,49,959,0.0,3,0.54509413,0.5470029,0.5470029,0.9745166,0.10604334,0.10604334,1.0,0.00190878,0.018,0.0,0.0,0.0,0.0,-26.019514,2.1439793,0.7146598,0.16000001,0.0,0.13029969,0.0,0.0
hardzero_only__c0p58__z1p00__lam0p000__nu0p50__psi0p00,0.018,support,49,960,0.0,3,0.5470029,0.5470029,0.5470029,1.0102837,0.0,0.0976599,0.0,0.0,0.018,0.0,0.0,0.0,0.0,-27.036095,2.2226684,0.7408895,0.14400001,0.0,0.15509933,0.0,0.0
hardzero_only__c0p58__z1p00__lam0p000__nu0p50__psi0p00,0.018,support,49,961,0.0,3,0.5470029,0.5488482,0.5488482,0.98921025,0.102515556,0.102515556,1.0,0.0018452799,0.018,0.0,0.0,0.0,0.0,-27.526659,2.176306,0.7254354,0.136,0.0,0.15754546,0.0,0.0
hardzero_only__c0p58__z1p00__lam0p000__nu0p50__psi0p00,0.018,support,49,962,0.0,3,0.5488482,0.5488482,0.5488482,1.0184239,0.0,0.095846474,0.0,0.0,0.018,0.0,0.0,0.0,0.0,-26.245474,2.2405775,0.7468592,0.17,0.0,0.14624712,0.0,0.0
hardzero_only__c0p58__z1p00__lam0p000__nu0p50__psi0p00,0.018,support,49,963,0.0,3,0.5488482,0.55069125,0.55069125,0.9897353,0.10239169,0.10239169,1.0,0.0018430504,0.018,0.0,0.0,0.0,0.0,-25.785358,2.1774611,0.7258204,0.104,0.0,0.14945999,0.0,0.0
hardzero_only__c0p58__z1p00__lam0p000__nu0p50__psi0p00,0.018,support,49,964,0.0,3,0.55069125,0.55069125,0.55069125,1.04988,0.0,0.08914972,0.0,0.0,0.018,0.0,0.0,0.0,0.0,-28.454063,2.3097823,0.76992744,0.17600001,0.0,0.1518,0.0,0.0
hardzero_only__c0p58__z1p00__lam0p000__nu0p50__psi0p00,0.018,support,49,965,0.0,3,0.55069125,0.55257916,0.55257916,0.97929335,0.10488339,0.10488339,1.0,0.0018879009,0.018,0.0,0.0,0.0,0.0,-26.046413,2.1544883,0.7181628,0.14400001,0.0,0.13819942,0.0,0.0
hardzero_only__c0p58__z1p00__lam0p000__nu0p50__psi0p00,0.018,support,49,966,0.0,3,0.55257916,0.55257916,0.55257916,1.0247998,0.0,0.09444962,0.0,0.0,0.018,0.0,0.0,0.0,0.0,-28.45933,2.2546046,0.7515349,0.136,0.0,0.13762182,0.0,0.0
hardzero_only__c0p58__z1p00__lam0p000__nu0p50__psi0p00,0.018,support,49,967,0.0,3,0.55257916,0.5543979,0.5543979,0.9955012,0.101041265,0.101041265,1.0,0.0018187427,0.018,0.0,0.0,0.0,0.0,-26.956594,2.1901464,0.73004884,0.192,0.0,0.14486776,0.0,0.0
hardzero_only__c0p58__z1p00__lam0p000__nu0p50__psi0p00,0.018,support,49,968,0.0,3,0.5543979,0.5543979,0.5543979,1.0584372,0.0,0.087410316,0.0,0.0,0.018,0.0,0.0,0.0,0.0,-27.996775,2.3286083,0.7762028,0.096,0.0,0.15181692,0.0,0.0
hardzero_only__c0p58__z1p00__lam0p000__nu0p50__psi0p00,0.018,support,49,969,0.0,3,0.5543979,0.5562425,0.5562425,0.98936427,0.10247919,0.10247919,1.0,0.0018446253,0.018,0.0,0.0,0.0,0.0,-27.383944,2.1766448,0.72554827,0.192,0.0,0.14566325,0.0,0.0
hardzero_only__c0p58__z1p00__lam0p000__nu0p50__psi0p00,0.018,support,49,970,0.0,3,0.5562425,0.5581582,0.5581582,0.9729432,0.10642822,0.10642822,1.0,0.0019157078,0.018,0.0,0.0,0.0,0.0,-26.549963,2.1405177,0.7135059,0.17600001,0.0,0.14116761,0.0,0.0
hardzero_only__c0p58__z1p00__lam0p000__nu0p50__psi0p00,0.018,support,49,971,0.0,3,0.5581582,0.5581582,0.5581582,1.0310786,0.0,0.09309394,0.0,0.0,0.018,0.0,0.0,0.0,0.0,-26.88001,2.268418,0.7561394,0.096,0.0,0.15343651,0.0,0.0
hardzero_only__c0p58__z1p00__lam0p000__nu0p50__psi0p00,0.018,support,49,972,0.0,3,0.5581582,0.5581582,0.5581582,1.0433666,0.0,0.090496846,0.0,0.0,0.018,0.0,0.0,0.0,0.0,-28.390242,2.2954524,0.7651508,0.16800001,0.0,0.14773491,0.0,0.0
hardzero_only__c0p58__z1p00__lam0p000__nu0p50__psi0p00,0.018,support,49,973,0.0,3,0.5581582,0.5601314,0.5601314,0.9601149,0.10961881,0.10961881,1.0,0.0019731387,0.018,0.0,0.0,0.0,0.0,-26.093992,2.112295,0.70409834,0.18400002,0.0,0.12979929,0.0,0.0
hardzero_only__c0p58__z1p00__lam0p000__nu0p50__psi0p00,0.018,support,49,974,0.0,3,0.5601314,0.5620055,0.5620055,0.9824672,0.10411969,0.10411969,1.0,0.0018741543,0.018,0.0,0.0,0.0,0.0,-27.111687,2.161471,0.72049034,0.16000001,0.0,0.16223706,0.0,0.0
hardzero_only__c0p58__z1p00__lam0p000__nu0p50__psi0p00,0.018,support,49,975,0.0,3,0.5620055,0.5620055,0.5620055,1.0426053,0.0,0.09065561,0.0,0.0,0.018,0.0,0.0,0.0,0.0,-26.84494,2.2937775,0.7645925,0.13,0.0,0.13842298,0.0,0.0
hardzero_only__c0p58__z1p00__lam0p000__nu0p50__psi0p00,0.018,support,49,976,0.0,3,0.5620055,0.5620055,0.5620055,1.0264844,0.0,0.094083965,0.0,0.0,0.018,0.0,0.0,0.0,0.0,-27.842953,2.2583108,0.7527703,0.16000001,0.0,0.16359846,0.0,0.0
hardzero_only__c0p58__z1p00__lam0p000__nu0p50__psi0p00,0.018,support,49,977,0.0,3,0.5620055,0.56387275,0.56387275,0.98407763,0.10373429,0.10373429,1.0,0.0018672171,0.018,0.0,0.0,0.0,0.0,-25.996847,2.165014,0.72167134,0.112,0.0,0.13842905,0.0,0.0
hardzero_only__c0p58__z1p00__lam0p000__nu0p50__psi0p00,0.018,support,49,978,0.0,3,0.56387275,0.5658238,0.5658238,0.96501267,0.108389534,0.108389534,1.0,0.0019510115,0.018,0.0,0.0,0.0,0.0,-26.026457,2.1230702,0.7076901,0.128,0.0,0.13687445,0.0,0.0
hardzero_only__c0p58__z1p00__lam0p000__nu0p50__psi0p00,0.018,support,49,979,0.0,3,0.5658238,0.5658238,0.5658238,1.030567,0.0,0.09320365,0.0,0.0,0.018,0.0,0.0,0.0,0.0,-27.222889,2.2672927,0.75576425,0.128,0.0,0.1516522,0.0,0.0
hardzero_only__c0p58__z1p00__lam0p000__nu0p50__psi0p00,0.018,support,49,980,0.0,3,0.5658238,0.5658238,0.5658238,1.0338557,0.0,0.09250056,0.0,0.0,0.018,0.0,0.0,0.0,0.0,-27.418127,2.274528,0.758176,0.17600001,0.0,0.18812063,0.0,0.0
hardzero_only__c0p58__z1p00__lam0p000__nu0p50__psi0p00,0.018,support,49,981,0.0,3,0.5658238,0.5658238,0.5658238,1.03649,0.0,0.09194116,0.0,0.0,0.018,0.0,0.0,0.0,0.0,-27.652447,2.2803235,0.7601079,0.15200001,0.0,0.18896224,0.0,0.0
hardzero_only__c0p58__z1p00__lam0p000__nu0p50__psi0p00,0.018,support,49,982,0.0,3,0.5658238,0.5676536,0.5676536,0.99287075,0.10165511,0.10165511,1.0,0.0018297919,0.018,0.0,0.0,0.0,0.0,-27.234732,2.1843593,0.7281198,0.192,0.0,0.16801772,0.0,0.0
hardzero_only__c0p58__z1p00__lam0p000__nu0p50__psi0p00,0.018,support,49,983,0.0,3,0.5676536,0.5676536,0.5676536,1.0057052,0.0,0.098694906,0.0,0.0,0.018,0.0,0.0,0.0,0.0,-26.921236,2.2125957,0.7375319,0.18400002,0.0,0.16887946,0.0,0.0
hardzero_only__c0p58__z1p00__lam0p000__nu0p50__psi0p00,0.018,support,49,984,0.0,3,0.5676536,0.56958926,0.56958926,0.96843696,0.10753827,0.10753827,1.0,0.0019356888,0.018,0.0,0.0,0.0,0.0,-25.979866,2.1306038,0.71020126,0.16800001,0.0,0.13585064,0.0,0.0
hardzero_only__c0p58__z1p00__lam0p000__nu0p50__psi0p00,0.018,support,49,985,0.0,3,0.56958926,0.56958926,0.56958926,1.03995,0.0,0.09121157,0.0,0.0,0.018,0.0,0.0,0.0,0.0,-27.905962,2.2879357,0.76264524,0.16800001,0.0,0.14816195,0.0,0.0
hardzero_only__c0p58__z1p00__lam0p000__nu0p50__psi0p00,0.018,support,49,986,0.0,3,0.56958926,0.5715685,0.5715685,0.9587709,0.10995857,0.10995857,1.0,0.0019792542,0.018,0.0,0.0,0.0,0.0,-26.736853,2.109338,0.7031127,0.208,0.0,0.1761184,0.0,0.0
hardzero_only__c0p58__z1p00__lam0p000__nu0p50__psi0p00,0.018,support,49,987,0.0,3,0.5715685,0.5733991,0.5733991,0.9926752,0.101700895,0.101700895,1.0,0.001830616,0.018,0.0,0.0,0.0,0.0,-26.031893,2.183929,0.7279763,0.120000005,0.0,0.14032726,0.0,0.0
hardzero_only__c0p58__z1p00__lam0p000__nu0p50__psi0p00,0.018,support,49,988,0.0,3,0.5733991,0.5733991,0.5733991,1.1038553,0.0,0.078730814,0.0,0.0,0.018,0.0,0.0,0.0,0.0,-28.16307,2.42853,0.80951,0.12,0.0,0.17622623,0.0,0.0
hardzero_only__c0p58__z1p00__lam0p000__nu0p50__psi0p00,0.018,support,49,989,0.0,3,0.5733991,0.5733991,0.5733991,1.026233,0.0,0.09413845,0.0,0.0,0.018,0.0,0.0,0.0,0.0,-27.340565,2.2577577,0.7525859,0.096,0.0,0.16517185,0.0,0.0
hardzero_only__c0p58__z1p00__lam0p000__nu0p50__psi0p00,0.018,support,49,990,0.0,3,0.5733991,0.57530487,0.57530487,0.97520745,0.10587478,0.10587478,1.0,0.001905746,0.018,0.0,0.0,0.0,0.0,-26.292786,2.1454992,0.71516645,0.18400002,0.0,0.13760437,0.0,0.0
hardzero_only__c0p58__z1p00__lam0p000__nu0p50__psi0p00,0.018,support,49,991,0.0,3,0.57530487,0.57530487,0.57530487,1.007602,0.0,0.098264806,0.0,0.0,0.018,0.0,0.0,0.0,0.0,-26.55317,2.2167685,0.73892283,0.2,0.0,0.12862611,0.0,0.0
hardzero_only__c0p58__z1p00__lam0p000__nu0p50__psi0p00,0.018,support,49,992,0.0,3,0.57530487,0.57530487,0.57530487,1.0156695,0.0,0.096456274,0.0,0.0,0.018,0.0,0.0,0.0,0.0,-26.851652,2.2345173,0.74483913,0.16800001,0.0,0.1477589,0.0,0.0
hardzero_only__c0p58__z1p00__lam0p000__nu0p50__psi0p00,0.018,support,49,993,0.0,3,0.57530487,0.57530487,0.57530487,1.0584421,0.0,0.08740934,0.0,0.0,0.018,0.0,0.0,0.0,0.0,-27.39644,2.3286192,0.77620643,0.112,0.0,0.14088318,0.0,0.0
hardzero_only__c0p58__z1p00__lam0p000__nu0p50__psi0p00,0.018,support,49,994,0.0,3,0.57530487,0.57730615,0.57730615,0.95396703,0.111181624,0.111181624,1.0,0.0020012693,0.018,0.0,0.0,0.0,0.0,-26.277142,2.0987694,0.69958985,0.18400002,0.0,0.12516563,0.0,0.0
hardzero_only__c0p58__z1p00__lam0p000__nu0p50__psi0p00,0.018,support,49,995,0.0,3,0.57730615,0.57730615,0.57730615,1.0316514,0.0,0.092971236,0.0,0.0,0.018,0.0,0.0,0.0,0.0,-27.562338,2.2696784,0.7565595,0.120000005,0.0,0.1338242,0.0,0.0
hardzero_only__c0p58__z1p00__lam0p000__nu0p50__psi0p00,0.018,support,49,996,0.0,3,0.57730615,0.57730615,0.57730615,1.0477955,0.0,0.089578636,0.0,0.0,0.018,0.0,0.0,0.0,0.0,-27.140396,2.3051963,0.76839876,0.14400001,0.0,0.16912554,0.0,0.0
hardzero_only__c0p58__z1p00__lam0p000__nu0p50__psi0p00,0.018,support,49,997,0.0,3,0.57730615,0.5791948,0.5791948,0.9791312,0.104922526,0.104922526,1.0,0.0018886054,0.018,0.0,0.0,0.0,0.0,-25.98545,2.1541317,0.7180439,0.136,0.0,0.13027687,0.0,0.0
hardzero_only__c0p58__z1p00__lam0p000__nu0p50__psi0p00,0.018,support,49,998,0.0,3,0.5791948,0.58106387,0.58106387,0.9836483,0.10383688,0.10383688,1.0,0.0018690637,0.018,0.0,0.0,0.0,0.0,-27.359621,2.1640694,0.7213565,0.15200001,0.0,0.143816,0.0,0.0
hardzero_only__c0p58__z1p00__lam0p000__nu0p50__psi0p00,0.018,support,49,999,1.0,4,0.58106387,0.0029587457,0.0029587457,0.97769475,0.10527014,0.10527014,1.0,0.0018948624,0.018,0.0,0.0,0.0,0.0,-27.301514,2.1509714,0.7169905,0.24800001,0.0,0.16157018,0.0,0.0
hardzero_only__c0p58__z1p00__lam0p000__nu0p50__psi0p00,0.018,support,49,1000,0.0,4,0.0029587457,0.0029587457,0.0029587457,1.0296208,0.0,0.093406945,0.0,0.0,0.018,0.0,0.0,0.0,0.0,-27.292337,2.2652109,0.7550703,0.14400001,0.0,0.16331884,0.0,0.0
hardzero_only__c0p58__z1p00__lam0p000__nu0p50__psi0p00,0.018,support,49,1001,0.0,4,0.0029587457,0.0029587457,0.0029587457,1.0816087,0.0,0.08286886,0.0,0.0,0.018,0.0,0.0,0.0,0.0,-27.693703,2.3795865,0.7931955,0.07,0.0,0.16493371,0.0,0.0
hardzero_only__c0p58__z1p00__lam0p000__nu0p50__psi0p00,0.018,support,49,1002,0.0,4,0.0029587457,0.004800422,0.004800422,0.990059,0.10231537,0.10231537,1.0,0.0018416767,0.018,0.0,0.0,0.0,0.0,-27.213575,2.1781733,0.72605777,0.2,0.008,0.16359822,0.0,0.0
hardzero_only__c0p58__z1p00__lam0p000__nu0p50__psi0p00,0.018,support,49,1003,0.0,4,0.004800422,0.004800422,0.004800422,1.0065162,0.0,0.09851078,0.0,0.0,0.018,0.0,0.0,0.0,0.0,-26.714891,2.21438,0.7381267,0.15200001,0.0,0.14783391,0.0,0.0
hardzero_only__c0p58__z1p00__lam0p000__nu0p50__psi0p00,0.018,support,49,1004,0.0,4,0.004800422,0.004800422,0.004800422,1.0079242,0.0,0.098191924,0.0,0.0,0.018,0.0,0.0,0.0,0.0,-27.261404,2.2174776,0.7391592,0.16000001,0.0,0.14652158,0.0,0.0
hardzero_only__c0p58__z1p00__lam0p000__nu0p50__psi0p00,0.018,support,49,1005,0.0,4,0.004800422,0.0068613514,0.0068613514,0.9412093,0.11449609,0.11449609,1.0,0.0020609295,0.018,0.0,0.0,0.0,0.0,-25.777662,2.0707018,0.69023395,0.18400002,0.0,0.116934255,0.0,0.0
hardzero_only__c0p58__z1p00__lam0p000__nu0p50__psi0p00,0.018,support,49,1006,0.0,4,0.0068613514,0.008741183,0.008741183,0.9811535,0.10443511,0.10443511,1.0,0.0018798319,0.018,0.0,0.0,0.0,0.0,-26.563282,2.1585808,0.71952695,0.17600001,0.0,0.13510777,0.0,0.0
hardzero_only__c0p58__z1p00__lam0p000__nu0p50__psi0p00,0.018,support,49,1007,0.0,4,0.008741183,0.008741183,0.008741183,1.0472629,0.0,0.08968857,0.0,0.0,0.018,0.0,0.0,0.0,0.0,-27.79944,2.3040245,0.7680082,0.192,0.0,0.16085604,0.0,0.0
hardzero_only__c0p58__z1p00__lam0p000__nu0p50__psi0p00,0.018,support,49,1008,0.0,4,0.008741183,0.010694232,0.010694232,0.96455956,0.108502686,0.108502686,1.0,0.0019530483,0.018,0.0,0.0,0.0,0.0,-25.822124,2.1220734,0.7073578,0.16800001,0.0,0.13360739,0.0,0.0
hardzero_only__c0p58__z1p00__lam0p000__nu0p50__psi0p00,0.018,support,49,1009,0.0,4,0.010694232,0.010694232,0.010694232,1.0317879,0.0,0.09294202,0.0,0.0,0.018,0.0,0.0,0.0,0.0,-26.701296,2.2699785,0.7566595,0.16800001,0.0,0.14789246,0.0,0.0
hardzero_only__c0p58__z1p00__lam0p000__nu0p50__psi0p00,0.018,support,49,1010,0.0,4,0.010694232,0.012635581,0.012635581,0.9671688,0.107852735,0.107852735,1.0,0.0019413491,0.018,0.0,0.0,0.0,0.0,-27.49049,2.1278138,0.7092713,0.16000001,0.0,0.14591561,0.0,0.0
hardzero_only__c0p58__z1p00__lam0p000__nu0p50__psi0p00,0.018,support,49,1011,0.0,4,0.012635581,0.014660437,0.014660437,0.94887835,0.112492,0.112492,1.0,0.002024856,0.018,0.0,0.0,0.0,0.0,-25.580034,2.087574,0.695858,0.2,0.0,0.14919098,0.0,0.0
hardzero_only__c0p58__z1p00__lam0p000__nu0p50__psi0p00,0.018,support,49,1012,0.0,4,0.014660437,0.014660437,0.014660437,1.0047399,0.0,0.09891452,0.0,0.0,0.018,0.0,0.0,0.0,0.0,-26.912235,2.2104719,0.736824,0.104,0.0,0.15057778,0.0,0.0
hardzero_only__c0p58__z1p00__lam0p000__nu0p50__psi0p00,0.018,support,49,1013,0.0,4,0.014660437,0.014660437,0.014660437,1.0199441,0.0,0.09551155,0.0,0.0,0.018,0.0,0.0,0.0,0.0,-27.10059,2.2439218,0.7479739,0.112,0.0,0.16621557,0.0,0.0
hardzero_only__c0p58__z1p00__lam0p000__nu0p50__psi0p00,0.018,support,49,1014,0.0,4,0.014660437,0.01647511,0.01647511,0.99647427,0.10081514,0.10081514,1.0,0.0018146725,0.018,0.0,0.0,0.0,0.0,-27.233227,2.1922872,0.7307624,0.16,0.0,0.16713123,0.0,0.0
hardzero_only__c0p58__z1p00__lam0p000__nu0p50__psi0p00,0.018,support,49,1015,0.0,4,0.01647511,0.01647511,0.01647511,1.0200256,0.0,0.09549362,0.0,0.0,0.018,0.0,0.0,0.0,0.0,-27.64133,2.244101,0.7480337,0.128,0.0,0.16784142,0.0,0.0
hardzero_only__c0p58__z1p00__lam0p000__nu0p50__psi0p00,0.018,support,49,1016,0.0,4,0.01647511,0.01647511,0.01647511,1.1102465,0.0,0.07758065,0.0,0.0,0.018,0.0,0.0,0.0,0.0,-29.002556,2.4425912,0.81419706,0.17600001,0.0,0.1877971,0.0,0.0
hardzero_only__c0p58__z1p00__lam0p000__nu0p50__psi0p00,0.018,support,49,1017,0.0,4,0.01647511,0.018276641,0.018276641,0.99963033,0.10008515,0.10008515,1.0,0.0018015326,0.018,0.0,0.0,0.0,0.0,-26.974522,2.1992307,0.73307693,0.17600001,0.0,0.15422739,0.0,0.0
hardzero_only__c0p58__z1p00__lam0p000__nu0p50__psi0p00,0.018,support,49,1018,0.0,4,0.018276641,0.018276641,0.018276641,1.01186,0.0,0.09730608,0.0,0.0,0.018,0.0,0.0,0.0,0.0,-27.2423,2.2261364,0.7420455,0.192,0.0,0.17848083,0.0,0.0
hardzero_only__c0p58__z1p00__lam0p000__nu0p50__psi0p00,0.018,support,49,1019,0.0,4,0.018276641,0.018276641,0.018276641,1.0454688,0.0,0.09005985,0.0,0.0,0.018,0.0,0.0,0.0,0.0,-28.424797,2.3000772,0.7666924,0.208,0.0,0.19092865,0.0,0.0
hardzero_only__c0p58__z1p00__lam0p000__nu0p50__psi0p00,0.018,support,49,1020,0.0,4,0.018276641,0.018276641,0.018276641,1.01685,0.0,0.09619444,0.0,0.0,0.018,0.0,0.0,0.0,0.0,-28.088161,2.2371147,0.7457049,0.18400002,0.0,0.16604854,0.0,0.0
hardzero_only__c0p58__z1p00__lam0p000__nu0p50__psi0p00,0.018,support,49,1021,0.0,4,0.018276641,0.018276641,0.018276641,1.0140506,0.0,0.0968165,0.0,0.0,0.018,0.0,0.0,0.0,0.0,-26.419258,2.2309558,0.743652,0.08800001,0.0,0.13782807,0.0,0.0
hardzero_only__c0p58__z1p00__lam0p000__nu0p50__psi0p00,0.018,support,49,1022,0.0,4,0.018276641,0.020183235,0.020183235,0.9750141,0.10592192,0.10592192,1.0,0.0019065944,0.018,0.0,0.0,0.0,0.0,-26.857513,2.145074,0.71502465,0.216,0.0,0.14887354,0.0,0.0
hardzero_only__c0p58__z1p00__lam0p000__nu0p50__psi0p00,0.018,support,49,1023,0.0,4,0.020183235,0.020183235,0.020183235,1.0141907,0.0,0.09678528,0.0,0.0,0.018,0.0,0.0,0.0,0.0,-28.176777,2.231264,0.74375474,0.120000005,0.0,0.1400936,0.0,0.0
hardzero_only__c0p58__z1p00__lam0p000__nu0p50__psi0p00,0.018,support,49,1024,0.0,4,0.020183235,0.020183235,0.020183235,1.0148733,0.0,0.09663328,0.0,0.0,0.018,0.0,0.0,0.0,0.0,-27.808657,2.2327657,0.74425524,0.136,0.008,0.15415512,0.0,0.0
hardzero_only__c0p58__z1p00__lam0p000__nu0p50__psi0p00,0.018,support,49,1025,0.0,4,0.020183235,0.020183235,0.020183235,1.0367719,0.0,0.09188151,0.0,0.0,0.018,0.0,0.0,0.0,0.0,-27.379778,2.2809436,0.7603146,0.14400001,0.0,0.15589005,0.0,0.0
hardzero_only__c0p58__z1p00__lam0p000__nu0p50__psi0p00,0.018,support,49,1026,0.0,4,0.020183235,0.020183235,0.020183235,1.030458,0.0,0.09322707,0.0,0.0,0.018,0.0,0.0,0.0,0.0,-27.837435,2.267053,0.7556843,0.14400001,0.0,0.16485365,0.0,0.0
hardzero_only__c0p58__z1p00__lam0p000__nu0p50__psi0p00,0.018,support,49,1027,0.0,4,0.020183235,0.022054818,0.022054818,0.98306364,0.10397677,0.10397677,1.0,0.0018715818,0.018,0.0,0.0,0.0,0.0,-26.455284,2.1627831,0.7209277,0.14999999,0.0,0.14828293,0.0,0.0
hardzero_only__c0p58__z1p00__lam0p000__nu0p50__psi0p00,0.018,support,49,1028,0.0,4,0.022054818,0.022054818,0.022054818,1.0361402,0.0,0.09201524,0.0,0.0,0.018,0.0,0.0,0.0,0.0,-27.521524,2.279554,0.75985134,0.192,0.0,0.12504345,0.0,0.0
hardzero_only__c0p58__z1p00__lam0p000__nu0p50__psi0p00,0.018,support,49,1029,0.0,4,0.022054818,0.023964608,0.023964608,0.97428674,0.10609948,0.10609948,1.0,0.0019097906,0.018,0.0,0.0,0.0,0.0,-27.754517,2.1434736,0.71449125,0.16000001,0.0,0.13882521,0.0,0.0
hardzero_only__c0p58__z1p00__lam0p000__nu0p50__psi0p00,0.018,support,49,1030,0.0,4,0.023964608,0.025851162,0.025851162,0.9796032,0.10480857,0.10480857,1.0,0.0018865542,0.018,0.0,0.0,0.0,0.0,-26.82767,2.15517,0.71839,0.192,0.0,0.14295009,0.0,0.0
hardzero_only__c0p58__z1p00__lam0p000__nu0p50__psi0p00,0.018,support,49,1031,0.0,4,0.025851162,0.025851162,0.025851162,1.037505,0.0,0.09172653,0.0,0.0,0.018,0.0,0.0,0.0,0.0,-27.026814,2.2825568,0.7608523,0.16000001,0.0,0.16047326,0.0,0.0
hardzero_only__c0p58__z1p00__lam0p000__nu0p50__psi0p00,0.018,support,49,1032,0.0,4,0.025851162,0.025851162,0.025851162,1.0031207,0.0,0.099284,0.0,0.0,0.018,0.0,0.0,0.0,0.0,-27.207497,2.2069094,0.7356365,0.080000006,0.0,0.14515257,0.0,0.0
hardzero_only__c0p58__z1p00__lam0p000__nu0p50__psi0p00,0.018,support,49,1033,0.0,4,0.025851162,0.025851162,0.025851162,1.0478729,0.0,0.089562684,0.0,0.0,0.018,0.0,0.0,0.0,0.0,-27.537117,2.3053665,0.7684555,0.112,0.0,0.16209443,0.0,0.0
hardzero_only__c0p58__z1p00__lam0p000__nu0p50__psi0p00,0.018,support,49,1034,0.0,4,0.025851162,0.02776909,0.02776909,0.97244,0.10655159,0.10655159,1.0,0.0019179285,0.018,0.0,0.0,0.0,0.0,-26.07051,2.1394107,0.7131369,0.15200001,0.0,0.13223933,0.0,0.0
hardzero_only__c0p58__z1p00__lam0p000__nu0p50__psi0p00,0.018,support,49,1035,0.0,4,0.02776909,0.029642666,0.029642666,0.9826013,0.104087524,0.104087524,1.0,0.0018735754,0.018,0.0,0.0,0.0,0.0,-26.219673,2.161766,0.7205887,0.16800001,0.0,0.16494435,0.0,0.0
hardzero_only__c0p58__z1p00__lam0p000__nu0p50__psi0p00,0.018,support,49,1036,0.0,4,0.029642666,0.03152386,0.03152386,0.9808381,0.104510956,0.104510956,1.0,0.0018811971,0.018,0.0,0.0,0.0,0.0,-27.178955,2.157887,0.7192957,0.18400002,0.0,0.15626056,0.0,0.0
hardzero_only__c0p58__z1p00__lam0p000__nu0p50__psi0p00,0.018,support,49,1037,0.0,4,0.03152386,0.03152386,0.03152386,1.0219795,0.0,0.09506497,0.0,0.0,0.018,0.0,0.0,0.0,0.0,-27.221844,2.2483997,0.7494666,0.208,0.0,0.14828454,0.0,0.0
hardzero_only__c0p58__z1p00__lam0p000__nu0p50__psi0p00,0.018,support,49,1038,0.0,4,0.03152386,0.033346366,0.033346366,0.9946035,0.101250336,0.101250336,1.0,0.001822506,0.018,0.0,0.0,0.0,0.0,-26.968456,2.1881714,0.7293905,0.15200001,0.0,0.14320171,0.0,0.0
hardzero_only__c0p58__z1p00__lam0p000__nu0p50__psi0p00,0.018,support,49,1039,0.0,4,0.033346366,0.03524809,0.03524809,0.9761248,0.10565137,0.10565137,1.0,0.0019017246,0.018,0.0,0.0,0.0,0.0,-27.337206,2.1475174,0.71583915,0.17600001,0.0,0.13495372,0.0,0.0
hardzero_only__c0p58__z1p00__lam0p000__nu0p50__psi0p00,0.018,support,49,1040,0.0,4,0.03524809,0.03524809,0.03524809,1.0258,0.0,0.094232336,0.0,0.0,0.018,0.0,0.0,0.0,0.0,-27.514927,2.256805,0.7522683,0.17999999,0.0,0.15880418,0.0,0.0
hardzero_only__c0p58__z1p00__lam0p000__nu0p50__psi0p00,0.018,support,49,1041,0.0,4,0.03524809,0.03707354,0.03707354,0.99390215,0.10141397,0.10141397,1.0,0.0018254514,0.018,0.0,0.0,0.0,0.0,-26.76294,2.1866283,0.7288761,0.08800001,0.0,0.14526604,0.0,0.0
hardzero_only__c0p58__z1p00__lam0p000__nu0p50__psi0p00,0.018,support,49,1042,0.0,4,0.03707354,0.03707354,0.03707354,1.0116299,0.0,0.097357646,0.0,0.0,0.018,0.0,0.0,0.0,0.0,-27.588993,2.2256303,0.7418768,0.14400001,0.0,0.14813183,0.0,0.0
hardzero_only__c0p58__z1p00__lam0p000__nu0p50__psi0p00,0.018,support,49,1043,0.0,4,0.03707354,0.03707354,0.03707354,1.028432,0.0,0.09366298,0.0,0.0,0.018,0.0,0.0,0.0,0.0,-27.49532,2.2625957,0.75419855,0.192,0.0,0.13339587,0.0,0.0
hardzero_only__c0p58__z1p00__lam0p000__nu0p50__psi0p00,0.018,support,49,1044,0.0,4,0.03707354,0.03899978,0.03899978,0.970562,0.10701336,0.10701336,1.0,0.0019262404,0.018,0.0,0.0,0.0,0.0,-27.294287,2.135279,0.7117597,0.216,0.0,0.13851571,0.0,0.0
hardzero_only__c0p58__z1p00__lam0p000__nu0p50__psi0p00,0.018,support,49,1045,0.0,4,0.03899978,0.03899978,0.03899978,1.011583,0.0,0.09736818,0.0,0.0,0.018,0.0,0.0,0.0,0.0,-27.164082,2.225527,0.7418424,0.264,0.0,0.15711698,0.0,0.0
hardzero_only__c0p58__z1p00__lam0p000__nu0p50__psi0p00,0.018,support,49,1046,0.0,4,0.03899978,0.03899978,0.03899978,1.0188922,0.0,0.095743164,0.0,0.0,0.018,0.0,0.0,0.0,0.0,-27.015831,2.2416074,0.7472025,0.136,0.0,0.16944866,0.0,0.0
hardzero_only__c0p58__z1p00__lam0p000__nu0p50__psi0p00,0.018,support,49,1047,0.0,4,0.03899978,0.04097046,0.04097046,0.9606567,0.10948214,0.10948214,1.0,0.0019706783,0.018,0.0,0.0,0.0,0.0,-26.549927,2.113487,0.70449567,0.112,0.0,0.16362394,0.0,0.0
hardzero_only__c0p58__z1p00__lam0p000__nu0p50__psi0p00,0.018,support,49,1048,0.0,4,0.04097046,0.04279194,0.04279194,0.9948482,0.10119331,0.10119331,1.0,0.0018214795,0.018,0.0,0.0,0.0,0.0,-26.717422,2.1887097,0.7295699,0.16800001,0.0,0.13888976,0.0,0.0
hardzero_only__c0p58__z1p00__lam0p000__nu0p50__psi0p00,0.018,support,49,1049,0.0,4,0.04279194,0.044744972,0.044744972,0.9645635,0.108501695,0.108501695,1.0,0.0019530305,0.018,0.0,0.0,0.0,0.0,-25.900772,2.122082,0.7073607,0.23200001,0.0,0.1467819,0.0,0.0
hardzero_only__c0p58__z1p00__lam0p000__nu0p50__psi0p00,0.018,support,49,1050,0.0,4,0.044744972,0.046849124,0.046849124,0.9321951,0.1168974,0.1168974,1.0,0.0021041532,0.018,0.0,0.0,0.0,0.0,-25.458212,2.0508702,0.68362343,0.17600001,0.0,0.14927267,0.0,0.0
hardzero_only__c0p58__z1p00__lam0p000__nu0p50__psi0p00,0.018,support,49,1051,0.0,4,0.046849124,0.048694752,0.048694752,0.9891281,0.10253494,0.10253494,1.0,0.0018456288,0.018,0.0,0.0,0.0,0.0,-26.454514,2.1761253,0.7253751,0.136,0.0,0.1467172,0.0,0.0
hardzero_only__c0p58__z1p00__lam0p000__nu0p50__psi0p00,0.018,support,49,1052,0.0,4,0.048694752,0.048694752,0.048694752,1.0344837,0.0,0.0923669,0.0,0.0,0.018,0.0,0.0,0.0,0.0,-27.026188,2.2759094,0.7586365,0.104,0.0,0.16500251,0.0,0.0
hardzero_only__c0p58__z1p00__lam0p000__nu0p50__psi0p00,0.018,support,49,1053,0.0,4,0.048694752,0.050539024,0.050539024,0.9894476,0.10245953,0.10245953,1.0,0.0018442714,0.018,0.0,0.0,0.0,0.0,-27.078176,2.1768281,0.7256094,0.13,0.0,0.14106494,0.0,0.0
hardzero_only__c0p58__z1p00__lam0p000__nu0p50__psi0p00,0.018,support,49,1054,0.0,4,0.050539024,0.050539024,0.050539024,1.0521655,0.0,0.088681795,0.0,0.0,0.018,0.0,0.0,0.0,0.0,-28.07824,2.3148103,0.77160347,0.064,0.0,0.17142682,0.0,0.0
hardzero_only__c0p58__z1p00__lam0p000__nu0p50__psi0p00,0.018,support,49,1055,0.0,4,0.050539024,0.05238579,0.05238579,0.9888613,0.10259794,0.10259794,1.0,0.0018467628,0.018,0.0,0.0,0.0,0.0,-27.023735,2.1755383,0.72517943,0.17600001,0.0,0.13247755,0.0,0.0
hardzero_only__c0p58__z1p00__lam0p000__nu0p50__psi0p00,0.018,support,49,1056,0.0,4,0.05238579,0.054314803,0.054314803,0.96993667,0.10716756,0.10716756,1.0,0.001929016,0.018,0.0,0.0,0.0,0.0,-26.671415,2.1339033,0.7113011,0.17600001,0.0,0.13736443,0.0,0.0
hardzero_only__c0p58__z1p00__lam0p000__nu0p50__psi0p00,0.018,support,49,1057,0.0,4,0.054314803,0.054314803,0.054314803,1.0104388,0.0,0.09762503,0.0,0.0,0.018,0.0,0.0,0.0,0.0,-27.373701,2.2230098,0.7410033,0.136,0.0,0.16487119,0.0,0.0
hardzero_only__c0p58__z1p00__lam0p000__nu0p50__psi0p00,0.018,support,49,1058,0.0,4,0.054314803,0.05630637,0.05630637,0.9560777,0.11064257,0.11064257,1.0,0.001991566,0.018,0.0,0.0,0.0,0.0,-26.217993,2.1034129,0.70113766,0.14400001,0.0,0.1262004,0.0,0.0
hardzero_only__c0p58__z1p00__lam0p000__nu0p50__psi0p00,0.018,support,49,1059,0.0,4,0.05630637,0.05630637,0.05630637,1.0531043,0.0,0.088490315,0.0,0.0,0.018,0.0,0.0,0.0,0.0,-28.814857,2.3168757,0.7722919,0.208,0.0,0.22872595,0.0,0.0
hardzero_only__c0p58__z1p00__lam0p000__nu0p50__psi0p00,0.018,support,49,1060,0.0,4,0.05630637,0.05630637,0.05630637,1.0499955,0.0,0.089126006,0.0,0.0,0.018,0.0,0.0,0.0,0.0,-28.020844,2.3100364,0.77001214,0.136,0.0,0.14953479,0.0,0.0
hardzero_only__c0p58__z1p00__lam0p000__nu0p50__psi0p00,0.018,support,49,1061,0.0,4,0.05630637,0.05630637,0.05630637,1.0117713,0.0,0.097325966,0.0,0.0,0.018,0.0,0.0,0.0,0.0,-26.813086,2.2259414,0.7419805,0.264,0.0,0.18887426,0.0,0.0
hardzero_only__c0p58__z1p00__lam0p000__nu0p50__psi0p00,0.018,support,49,1062,0.0,4,0.05630637,0.05630637,0.05630637,1.0227859,0.0,0.09488862,0.0,0.0,0.018,0.0,0.0,0.0,0.0,-26.993553,2.2501738,0.75005794,0.2,0.0,0.14983426,0.0,0.0
hardzero_only__c0p58__z1p00__lam0p000__nu0p50__psi0p00,0.018,support,49,1063,0.0,4,0.05630637,0.05630637,0.05630637,1.0128098,0.0,0.09709352,0.0,0.0,0.018,0.0,0.0,0.0,0.0,-26.903343,2.228226,0.742742,0.18400002,0.0,0.15710467,0.0,0.0
hardzero_only__c0p58__z1p00__lam0p000__nu0p50__psi0p00,0.018,support,49,1064,0.0,4,0.05630637,0.05822542,0.05822542,0.9721862,0.10661387,0.10661387,1.0,0.0019190495,0.018,0.0,0.0,0.0,0.0,-26.63773,2.1388524,0.7129508,0.16800001,0.0,0.12744507,0.0,0.0
hardzero_only__c0p58__z1p00__lam0p000__nu0p50__psi0p00,0.018,support,49,1065,0.0,4,0.05822542,0.05822542,0.05822542,1.0004736,0.0,0.09989101,0.0,0.0,0.018,0.0,0.0,0.0,0.0,-27.649862,2.2010858,0.73369527,0.2,0.0,0.17275274,0.0,0.0
hardzero_only__c0p58__z1p00__lam0p000__nu0p50__psi0p00,0.018,support,49,1066,0.0,4,0.05822542,0.060056582,0.060056582,0.99254566,0.10173124,0.10173124,1.0,0.0018311623,0.018,0.0,0.0,0.0,0.0,-26.503706,2.183644,0.7278814,0.14999999,0.0,0.1288838,0.0,0.0
hardzero_only__c0p58__z1p00__lam0p000__nu0p50__psi0p00,0.018,support,49,1067,0.0,4,0.060056582,0.061860215,0.061860215,0.99912393,0.10020193,0.10020193,1.0,0.0018036346,0.018,0.0,0.0,0.0,0.0,-26.757032,2.1981165,0.73270553,0.15200001,0.0,0.15264212,0.0,0.0
hardzero_only__c0p58__z1p00__lam0p000__nu0p50__psi0p00,0.018,support,49,1068,0.0,4,0.061860215,0.06384639,0.06384639,0.957255,0.11034304,0.11034304,1.0,0.0019861746,0.018,0.0,0.0,0.0,0.0,-26.341442,2.106003,0.70200104,0.17600001,0.0,0.14151202,0.0,0.0
hardzero_only__c0p58__z1p00__lam0p000__nu0p50__psi0p00,0.018,support,49,1069,0.0,4,0.06384639,0.06580758,0.06580758,0.9627527,0.10895504,0.10895504,1.0,0.0019611907,0.018,0.0,0.0,0.0,0.0,-26.505974,2.1180983,0.70603275,0.128,0.0,0.14489032,0.0,0.0
hardzero_only__c0p58__z1p00__lam0p000__nu0p50__psi0p00,0.018,support,49,1070,0.0,4,0.06580758,0.067794174,0.067794174,0.9571631,0.11036641,0.11036641,1.0,0.0019865953,0.018,0.0,0.0,0.0,0.0,-25.620337,2.1058009,0.7019336,0.224,0.0,0.13864547,0.0,0.0
hardzero_only__c0p58__z1p00__lam0p000__nu0p50__psi0p00,0.018,support,49,1071,0.0,4,0.067794174,0.06965627,0.06965627,0.98527145,0.10344952,0.10344952,1.0,0.0018620914,0.018,0.0,0.0,0.0,0.0,-26.034298,2.1676404,0.7225468,0.17600001,0.0,0.14972924,0.0,0.0
hardzero_only__c0p58__z1p00__lam0p000__nu0p50__psi0p00,0.018,support,49,1072,0.0,4,0.06965627,0.07148623,0.07148623,0.9928306,0.101664506,0.101664506,1.0,0.0018299611,0.018,0.0,0.0,0.0,0.0,-26.051165,2.1842709,0.7280903,0.14400001,0.0,0.14101218,0.0,0.0
hardzero_only__c0p58__z1p00__lam0p000__nu0p50__psi0p00,0.018,support,49,1073,0.0,4,0.07148623,0.07148623,0.07148623,1.0109566,0.0,0.0975087,0.0,0.0,0.018,0.0,0.0,0.0,0.0,-27.901722,2.224149,0.741383,0.128,0.0,0.16708052,0.0,0.0
hardzero_only__c0p58__z1p00__lam0p000__nu0p50__psi0p00,0.018,support,49,1074,0.0,4,0.07148623,0.0733114,0.0733114,0.9939675,0.101398736,0.101398736,1.0,0.0018251772,0.018,0.0,0.0,0.0,0.0,-26.832558,2.186772,0.72892404,0.17600001,0.0,0.1602714,0.0,0.0
hardzero_only__c0p58__z1p00__lam0p000__nu0p50__psi0p00,0.018,support,49,1075,0.0,4,0.0733114,0.07526723,0.07526723,0.9639414,0.108657226,0.108657226,1.0,0.00195583,0.018,0.0,0.0,0.0,0.0,-26.171335,2.1207135,0.70690453,0.15200001,0.0,0.15456818,0.0,0.0
hardzero_only__c0p58__z1p00__lam0p000__nu0p50__psi0p00,0.018,support,49,1076,0.0,4,0.07526723,0.07712106,0.07712106,0.98720336,0.102990374,0.102990374,1.0,0.0018538267,0.018,0.0,0.0,0.0,0.0,-26.452412,2.1718907,0.7239636,0.17600001,0.0,0.15451503,0.0,0.0
hardzero_only__c0p58__z1p00__lam0p000__nu0p50__psi0p00,0.018,support,49,1077,0.0,4,0.07712106,0.07712106,0.07712106,1.0491905,0.0,0.08929137,0.0,0.0,0.018,0.0,0.0,0.0,0.0,-27.50396,2.3082652,0.76942176,0.18400002,0.0,0.17876351,0.0,0.0
hardzero_only__c0p58__z1p00__lam0p000__nu0p50__psi0p00,0.018,support,49,1078,0.0,4,0.07712106,0.07910156,0.07910156,0.95849586,0.11002822,0.11002822,1.0,0.001980508,0.018,0.0,0.0,0.0,0.0,-25.337822,2.108733,0.702911,0.16800001,0.0,0.12796669,0.0,0.0
hardzero_only__c0p58__z1p00__lam0p000__nu0p50__psi0p00,0.018,support,49,1079,0.0,4,0.07910156,0.07910156,0.07910156,1.0828216,0.0,0.08263773,0.0,0.0,0.018,0.0,0.0,0.0,0.0,-27.847666,2.382255,0.794085,0.14999999,0.0,0.12334636,0.0,0.0
hardzero_only__c0p58__z1p00__lam0p000__nu0p50__psi0p00,0.018,support,49,1080,0.0,4,0.07910156,0.080914125,0.080914125,0.99697995,0.100697815,0.100697815,1.0,0.0018125606,0.018,0.0,0.0,0.0,0.0,-27.001245,2.1933997,0.7311332,0.136,0.0,0.13182367,0.0,0.0
hardzero_only__c0p58__z1p00__lam0p000__nu0p50__psi0p00,0.018,support,49,1081,0.0,4,0.080914125,0.080914125,0.080914125,1.0179121,0.0,0.09595947,0.0,0.0,0.018,0.0,0.0,0.0,0.0,-27.546219,2.2394514,0.7464838,0.16800001,0.0,0.1640695,0.0,0.0
hardzero_only__c0p58__z1p00__lam0p000__nu0p50__psi0p00,0.018,support,49,1082,0.0,4,0.080914125,0.08293722,0.08293722,0.94925684,0.11239399,0.11239399,1.0,0.0020230918,0.018,0.0,0.0,0.0,0.0,-26.164423,2.0884068,0.69613564,0.2,0.0,0.14894368,0.0,0.0
hardzero_only__c0p58__z1p00__lam0p000__nu0p50__psi0p00,0.018,support,49,1083,0.0,4,0.08293722,0.08501545,0.08501545,0.9375772,0.11545766,0.11545766,1.0,0.0020782377,0.018,0.0,0.0,0.0,0.0,-26.250341,2.062711,0.68757033,0.224,0.0,0.13927183,0.0,0.0
hardzero_only__c0p58__z1p00__lam0p000__nu0p50__psi0p00,0.018,support,49,1084,0.0,4,0.08501545,0.08501545,0.08501545,1.0151378,0.0,0.09657443,0.0,0.0,0.018,0.0,0.0,0.0,0.0,-27.099722,2.2333477,0.74444926,0.16800001,0.008,0.1397046,0.0,0.0
hardzero_only__c0p58__z1p00__lam0p000__nu0p50__psi0p00,0.018,support,49,1085,0.0,4,0.08501545,0.08702093,0.08702093,0.9530545,0.11141548,0.11141548,1.0,0.0020054786,0.018,0.0,0.0,0.0,0.0,-26.247986,2.0967617,0.6989206,0.16800001,0.0,0.10560093,0.0,0.0
hardzero_only__c0p58__z1p00__lam0p000__nu0p50__psi0p00,0.018,support,49,1086,0.0,4,0.08702093,0.08702093,0.08702093,1.0268099,0.0,0.094013475,0.0,0.0,0.018,0.0,0.0,0.0,0.0,-28.423864,2.259027,0.753009,0.136,0.0,0.19447242,0.0,0.0
hardzero_only__c0p58__z1p00__lam0p000__nu0p50__psi0p00,0.018,support,49,1087,0.0,4,0.08702093,0.08882736,0.08882736,0.99845266,0.10035693,0.10035693,1.0,0.0018064247,0.018,0.0,0.0,0.0,0.0,-27.344923,2.1966398,0.73221326,0.18400002,0.0,0.14705232,0.0,0.0
hardzero_only__c0p58__z1p00__lam0p000__nu0p50__psi0p00,0.018,support,49,1088,0.0,4,0.08882736,0.08882736,0.08882736,1.0179436,0.0,0.09595251,0.0,0.0,0.018,0.0,0.0,0.0,0.0,-27.219797,2.2395208,0.7465069,0.17600001,0.0,0.1468843,0.0,0.0
hardzero_only__c0p58__z1p00__lam0p000__nu0p50__psi0p00,0.018,support,49,1089,0.0,4,0.08882736,0.090734534,0.090734534,0.9748817,0.10595423,0.10595423,1.0,0.0019071761,0.018,0.0,0.0,0.0,0.0,-26.614752,2.1447825,0.71492755,0.15200001,0.0,0.12794963,0.0,0.0
hardzero_only__c0p58__z1p00__lam0p000__nu0p50__psi0p00,0.018,support,49,1090,0.0,4,0.090734534,0.090734534,0.090734534,1.0191947,0.0,0.09567649,0.0,0.0,0.018,0.0,0.0,0.0,0.0,-27.788834,2.242273,0.74742436,0.14400001,0.0,0.14586006,0.0,0.0
hardzero_only__c0p58__z1p00__lam0p000__nu0p50__psi0p00,0.018,support,49,1091,0.0,4,0.090734534,0.09284454,0.09284454,0.93098843,0.11722266,0.11722266,1.0,0.0021100077,0.018,0.0,0.0,0.0,0.0,-26.067154,2.0482154,0.6827385,0.2,0.008,0.13058417,0.0,0.0
hardzero_only__c0p58__z1p00__lam0p000__nu0p50__psi0p00,0.018,support,49,1092,0.0,4,0.09284454,0.094789974,0.094789974,0.9662559,0.108079694,0.108079694,1.0,0.0019454344,0.018,0.0,0.0,0.0,0.0,-27.116987,2.1258054,0.70860183,0.21,0.0,0.14647959,0.0,0.0
hardzero_only__c0p58__z1p00__lam0p000__nu0p50__psi0p00,0.018,support,49,1093,0.0,4,0.094789974,0.094789974,0.094789974,1.0287464,0.0,0.09359521,0.0,0.0,0.018,0.0,0.0,0.0,0.0,-28.356134,2.2632873,0.7544291,0.192,0.0,0.1684446,0.0,0.0
hardzero_only__c0p58__z1p00__lam0p000__nu0p50__psi0p00,0.018,support,49,1094,0.0,4,0.094789974,0.094789974,0.094789974,1.005854,0.0,0.098661095,0.0,0.0,0.018,0.0,0.0,0.0,0.0,-27.173178,2.212923,0.73764104,0.15200001,0.0,0.1545905,0.0,0.0
hardzero_only__c0p58__z1p00__lam0p000__nu0p50__psi0p00,0.018,support,49,1095,0.0,4,0.094789974,0.096747495,0.096747495,0.963566,0.10875118,0.10875118,1.0,0.001957521,0.018,0.0,0.0,0.0,0.0,-26.588957,2.1198876,0.7066292,0.16800001,0.0,0.1554518,0.0,0.0
hardzero_only__c0p58__z1p00__lam0p000__nu0p50__psi0p00,0.018,support,49,1096,0.0,4,0.096747495,0.096747495,0.096747495,1.0463464,0.0,0.08987803,0.0,0.0,0.018,0.0,0.0,0.0,0.0,-28.245037,2.3020082,0.7673361,0.096,0.0,0.16103974,0.0,0.0
hardzero_only__c0p58__z1p00__lam0p000__nu0p50__psi0p00,0.018,support,49,1097,0.0,4,0.096747495,0.09883607,0.09883607,0.93542236,0.11603195,0.11603195,1.0,0.0020885752,0.018,0.0,0.0,0.0,0.0,-26.092987,2.0579703,0.6859901,0.23200001,0.0,0.14021632,0.0,0.0
hardzero_only__c0p58__z1p00__lam0p000__nu0p50__psi0p00,0.018,support,49,1098,0.0,4,0.09883607,0.09883607,0.09883607,1.005676,0.0,0.09870154,0.0,0.0,0.018,0.0,0.0,0.0,0.0,-26.787794,2.2125313,0.73751044,0.17600001,0.0,0.12772273,0.0,0.0
hardzero_only__c0p58__z1p00__lam0p000__nu0p50__psi0p00,0.018,support,49,1099,0.0,4,0.09883607,0.09883607,0.09883607,1.0093613,0.0,0.09786753,0.0,0.0,0.018,0.0,0.0,0.0,0.0,-27.583467,2.2206392,0.7402131,0.136,0.0,0.14339796,0.0,0.0
hardzero_only__c0p58__z1p00__lam0p000__nu0p50__psi0p00,0.018,support,49,1100,0.0,4,0.09883607,0.09883607,0.09883607,1.0593123,0.0,0.08723438,0.0,0.0,0.018,0.0,0.0,0.0,0.0,-28.838821,2.3305337,0.7768446,0.16000001,0.0,0.1701864,0.0,0.0
hardzero_only__c0p58__z1p00__lam0p000__nu0p50__psi0p00,0.018,support,49,1101,0.0,4,0.09883607,0.10068703,0.10068703,0.9878772,0.1028307,0.1028307,1.0,0.0018509525,0.018,0.0,0.0,0.0,0.0,-26.895496,2.1733732,0.72445774,0.17600001,0.0,0.14995265,0.0,0.0
hardzero_only__c0p58__z1p00__lam0p000__nu0p50__psi0p00,0.018,support,49,1102,0.0,4,0.10068703,0.10251386,0.10251386,0.9935742,0.1014906,0.1014906,1.0,0.0018268308,0.018,0.0,0.0,0.0,0.0,-26.749304,2.185907,0.72863567,0.16000001,0.0,0.16017534,0.0,0.0
hardzero_only__c0p58__z1p00__lam0p000__nu0p50__psi0p00,0.018,support,49,1103,0.0,4,0.10251386,0.10436189,0.10436189,0.9885621,0.10266865,0.10266865,1.0,0.0018480356,0.018,0.0,0.0,0.0,0.0,-25.721312,2.17488,0.72496,0.128,0.0,0.14453053,0.0,0.0
hardzero_only__c0p58__z1p00__lam0p000__nu0p50__psi0p00,0.018,support,49,1104,0.0,4,0.10436189,0.10627677,0.10627677,0.97313064,0.10638228,0.10638228,1.0,0.0019148809,0.018,0.0,0.0,0.0,0.0,-25.609804,2.1409302,0.71364343,0.14400001,0.0,0.121563606,0.0,0.0
hardzero_only__c0p58__z1p00__lam0p000__nu0p50__psi0p00,0.018,support,49,1105,0.0,4,0.10627677,0.10809571,0.10809571,0.99545336,0.10105239,0.10105239,1.0,0.001818943,0.018,0.0,0.0,0.0,0.0,-27.463356,2.190041,0.7300137,0.19999999,0.0,0.1389391,0.0,0.0
hardzero_only__c0p58__z1p00__lam0p000__nu0p50__psi0p00,0.018,support,49,1106,0.0,4,0.10809571,0.10992522,0.10992522,0.99293935,0.10163906,0.10163906,1.0,0.001829503,0.018,0.0,0.0,0.0,0.0,-26.274435,2.1845102,0.7281701,0.216,0.0,0.16536129,0.0,0.0
hardzero_only__c0p58__z1p00__lam0p000__nu0p50__psi0p00,0.018,support,49,1107,0.0,4,0.10992522,0.11172824,0.11172824,0.9992698,0.10016827,0.10016827,1.0,0.0018030289,0.018,0.0,0.0,0.0,0.0,-26.880077,2.1984375,0.7328125,0.15200001,0.0,0.14035238,0.0,0.0
hardzero_only__c0p58__z1p00__lam0p000__nu0p50__psi0p00,0.018,support,49,1108,0.0,4,0.11172824,0.113632254,0.113632254,0.97560334,0.10577833,0.10577833,1.0,0.0019040098,0.018,0.0,0.0,0.0,0.0,-26.497135,2.1463702,0.7154567,0.15200001,0.0,0.15927076,0.0,0.0
hardzero_only__c0p58__z1p00__lam0p000__nu0p50__psi0p00,0.018,support,49,1109,0.0,4,0.113632254,0.113632254,0.113632254,1.0074111,0.0,0.098308,0.0,0.0,0.018,0.0,0.0,0.0,0.0,-27.468695,2.2163486,0.7387829,0.08800001,0.0,0.12875286,0.0,0.0
hardzero_only__c0p58__z1p00__lam0p000__nu0p50__psi0p00,0.018,support,49,1110,0.0,4,0.113632254,0.11567268,0.11567268,0.9455518,0.11335696,0.11335696,1.0,0.0020404253,0.018,0.0,0.0,0.0,0.0,-25.126877,2.0802555,0.6934185,0.14400001,0.0,0.14074449,0.0,0.0
hardzero_only__c0p58__z1p00__lam0p000__nu0p50__psi0p00,0.018,support,49,1111,0.0,4,0.11567268,0.11567268,0.11567268,1.0160608,0.0,0.09636941,0.0,0.0,0.018,0.0,0.0,0.0,0.0,-27.566076,2.2353785,0.7451262,0.136,0.0,0.13072076,0.0,0.0
hardzero_only__c0p58__z1p00__lam0p000__nu0p50__psi0p00,0.018,support,49,1112,0.0,4,0.11567268,0.117547914,0.117547914,0.9822158,0.104179956,0.104179956,1.0,0.0018752391,0.018,0.0,0.0,0.0,0.0,-26.269625,2.160918,0.72030604,0.15200001,0.0,0.13131885,0.0,0.0
hardzero_only__c0p58__z1p00__lam0p000__nu0p50__psi0p00,0.018,support,49,1113,0.0,4,0.117547914,0.117547914,0.117547914,1.0049647,0.0,0.09886334,0.0,0.0,0.018,0.0,0.0,0.0,0.0,-26.618607,2.2109666,0.7369889,0.104,0.0,0.12827271,0.0,0.0
hardzero_only__c0p58__z1p00__lam0p000__nu0p50__psi0p00,0.018,support,49,1114,0.0,4,0.117547914,0.119449325,0.119449325,0.9761973,0.105633736,0.105633736,1.0,0.0019014071,0.018,0.0,0.0,0.0,0.0,-26.835142,2.147677,0.7158923,0.15200001,0.0,0.14147696,0.0,0.0
hardzero_only__c0p58__z1p00__lam0p000__nu0p50__psi0p00,0.018,support,49,1115,0.0,4,0.119449325,0.119449325,0.119449325,1.0518966,0.0,0.08873673,0.0,0.0,0.018,0.0,0.0,0.0,0.0,-27.571156,2.3142188,0.7714063,0.136,0.0,0.15871371,0.0,0.0
hardzero_only__c0p58__z1p00__lam0p000__nu0p50__psi0p00,0.018,support,49,1116,0.0,4,0.119449325,0.121462554,0.121462554,0.9513801,0.11184587,0.11184587,1.0,0.0020132256,0.018,0.0,0.0,0.0,0.0,-26.23454,2.093078,0.69769263,0.24000001,0.0,0.14887817,0.0,0.0
hardzero_only__c0p58__z1p00__lam0p000__nu0p50__psi0p00,0.018,support,49,1117,0.0,4,0.121462554,0.121462554,0.121462554,1.0620763,0.0,0.08668095,0.0,0.0,0.018,0.0,0.0,0.0,0.0,-27.861357,2.3366146,0.77887154,0.16000001,0.0,0.17232946,0.0,0.0
hardzero_only__c0p58__z1p00__lam0p000__nu0p50__psi0p00,0.018,support,49,1118,0.0,4,0.121462554,0.12335124,0.12335124,0.97911334,0.104926854,0.104926854,1.0,0.0018886833,0.018,0.0,0.0,0.0,0.0,-26.82891,2.1540923,0.7180308,0.17999999,0.0,0.14969812,0.0,0.0
hardzero_only__c0p58__z1p00__lam0p000__nu0p50__psi0p00,0.018,support,49,1119,0.0,4,0.12335124,0.12523547,0.12523547,0.9801373,0.104679756,0.104679756,1.0,0.0018842355,0.018,0.0,0.0,0.0,0.0,-26.766577,2.1563451,0.7187817,0.192,0.0,0.14299725,0.0,0.0
hardzero_only__c0p58__z1p00__lam0p000__nu0p50__psi0p00,0.018,support,49,1120,0.0,4,0.12523547,0.12523547,0.12523547,1.0130683,0.0,0.09703574,0.0,0.0,0.018,0.0,0.0,0.0,0.0,-26.906624,2.2287948,0.7429316,0.136,0.0,0.15794648,0.0,0.0
hardzero_only__c0p58__z1p00__lam0p000__nu0p50__psi0p00,0.018,support,49,1121,0.0,4,0.12523547,0.12718457,0.12718457,0.965438,0.10828343,0.10828343,1.0,0.0019491017,0.018,0.0,0.0,0.0,0.0,-26.352236,2.124006,0.70800203,0.16800001,0.0,0.1120583,0.0,0.0
hardzero_only__c0p58__z1p00__lam0p000__nu0p50__psi0p00,0.018,support,49,1122,0.0,4,0.12718457,0.12718457,0.12718457,1.0170691,0.0,0.09614593,0.0,0.0,0.018,0.0,0.0,0.0,0.0,-27.199661,2.2375968,0.7458656,0.208,0.0,0.15000175,0.0,0.0
hardzero_only__c0p58__z1p00__lam0p000__nu0p50__psi0p00,0.018,support,49,1123,0.0,4,0.12718457,0.12718457,0.12718457,1.0347096,0.0,0.09231886,0.0,0.0,0.018,0.0,0.0,0.0,0.0,-28.05035,2.2764065,0.7588022,0.17600001,0.0,0.15112112,0.0,0.0
hardzero_only__c0p58__z1p00__lam0p000__nu0p50__psi0p00,0.018,support,49,1124,0.0,4,0.12718457,0.12913968,0.12913968,0.96410096,0.10861731,0.10861731,1.0,0.0019551115,0.018,0.0,0.0,0.0,0.0,-26.11992,2.1210644,0.7070215,0.2,0.0,0.16107363,0.0,0.0
hardzero_only__c0p58__z1p00__lam0p000__nu0p50__psi0p00,0.018,support,49,1125,0.0,4,0.12913968,0.13101311,0.13101311,0.98263526,0.10407938,0.10407938,1.0,0.0018734288,0.018,0.0,0.0,0.0,0.0,-27.952927,2.1618407,0.7206136,0.136,0.0,0.1514407,0.0,0.0
hardzero_only__c0p58__z1p00__lam0p000__nu0p50__psi0p00,0.018,support,49,1126,0.0,4,0.13101311,0.13282116,0.13282116,0.99806225,0.10044717,0.10044717,1.0,0.001808049,0.018,0.0,0.0,0.0,0.0,-27.25183,2.1957808,0.7319269,0.17600001,0.0,0.15810645,0.0,0.0
hardzero_only__c0p58__z1p00__lam0p000__nu0p50__psi0p00,0.018,support,49,1127,0.0,4,0.13282116,0.13485146,0.13485146,0.94771236,0.11279444,0.11279444,1.0,0.0020302997,0.018,0.0,0.0,0.0,0.0,-27.009241,2.0850089,0.695003,0.2,0.0,0.16746363,0.0,0.0
hardzero_only__c0p58__z1p00__lam0p000__nu0p50__psi0p00,0.018,support,49,1128,0.0,4,0.13485146,0.13485146,0.13485146,1.0253152,0.0,0.094337605,0.0,0.0,0.018,0.0,0.0,0.0,0.0,-27.34908,2.2557385,0.75191283,0.14400001,0.0,0.15429115,0.0,0.0
hardzero_only__c0p58__z1p00__lam0p000__nu0p50__psi0p00,0.018,support,49,1129,0.0,4,0.13485146,0.13485146,0.13485146,1.0009177,0.0,0.099788904,0.0,0.0,0.018,0.0,0.0,0.0,0.0,-27.168007,2.2020628,0.73402095,0.192,0.0,0.1455541,0.0,0.0
hardzero_only__c0p58__z1p00__lam0p000__nu0p50__psi0p00,0.018,support,49,1130,0.0,4,0.13485146,0.13674504,0.13674504,0.9779891,0.10519883,0.10519883,1.0,0.0018935789,0.018,0.0,0.0,0.0,0.0,-26.112898,2.151619,0.71720636,0.14400001,0.0,0.14869419,0.0,0.0
hardzero_only__c0p58__z1p00__lam0p000__nu0p50__psi0p00,0.018,support,49,1131,0.0,4,0.13674504,0.1386169,0.1386169,0.9829976,0.10399259,0.10399259,1.0,0.0018718665,0.018,0.0,0.0,0.0,0.0,-27.073568,2.162638,0.7208793,0.14,0.0,0.15283456,0.0,0.0
hardzero_only__c0p58__z1p00__lam0p000__nu0p50__psi0p00,0.018,support,49,1132,0.0,4,0.1386169,0.1386169,0.1386169,1.0342807,0.0,0.09241007,0.0,0.0,0.018,0.0,0.0,0.0,0.0,-27.549873,2.2754629,0.75848764,0.14400001,0.0,0.1451121,0.0,0.0
hardzero_only__c0p58__z1p00__lam0p000__nu0p50__psi0p00,0.018,support,49,1133,0.0,4,0.1386169,0.1404848,0.1404848,0.9839216,0.10377157,0.10377157,1.0,0.0018678881,0.018,0.0,0.0,0.0,0.0,-26.459852,2.1646707,0.7215569,0.18400002,0.0,0.13015528,0.0,0.0
hardzero_only__c0p58__z1p00__lam0p000__nu0p50__psi0p00,0.018,support,49,1134,0.0,4,0.1404848,0.1404848,0.1404848,1.0389913,0.0,0.09141315,0.0,0.0,0.018,0.0,0.0,0.0,0.0,-28.103088,2.2858267,0.76194227,0.080000006,0.0,0.12878247,0.0,0.0
hardzero_only__c0p58__z1p00__lam0p000__nu0p50__psi0p00,0.018,support,49,1135,0.0,4,0.1404848,0.1404848,0.1404848,1.0273907,0.0,0.093887836,0.0,0.0,0.018,0.0,0.0,0.0,0.0,-26.898014,2.2603047,0.7534349,0.17600001,0.0,0.14963108,0.0,0.0
hardzero_only__c0p58__z1p00__lam0p000__nu0p50__psi0p00,0.018,support,49,1136,0.0,4,0.1404848,0.14243679,0.14243679,0.9647929,0.10844439,0.10844439,1.0,0.001951999,0.018,0.0,0.0,0.0,0.0,-27.038397,2.1225867,0.70752895,0.17600001,0.0,0.13725002,0.0,0.0
hardzero_only__c0p58__z1p00__lam0p000__nu0p50__psi0p00,0.018,support,49,1137,0.0,4,0.14243679,0.14424573,0.14424573,0.99784744,0.10049687,0.10049687,1.0,0.0018089437,0.018,0.0,0.0,0.0,0.0,-26.851982,2.1953082,0.73176944,0.216,0.0,0.16956213,0.0,0.0
hardzero_only__c0p58__z1p00__lam0p000__nu0p50__psi0p00,0.018,support,49,1138,0.0,4,0.14424573,0.14611275,0.14611275,0.98412347,0.10372333,0.10372333,1.0,0.0018670199,0.018,0.0,0.0,0.0,0.0,-26.303623,2.1651149,0.72170496,0.192,0.0,0.1318232,0.0,0.0
hardzero_only__c0p58__z1p00__lam0p000__nu0p50__psi0p00,0.018,support,49,1139,0.0,4,0.14611275,0.14611275,0.14611275,1.0216771,0.0,0.095131174,0.0,0.0,0.018,0.0,0.0,0.0,0.0,-27.629564,2.2477345,0.74924487,0.18400002,0.0,0.13615967,0.0,0.0
hardzero_only__c0p58__z1p00__lam0p000__nu0p50__psi0p00,0.018,support,49,1140,0.0,4,0.14611275,0.14800812,0.14800812,0.97757924,0.105298154,0.105298154,1.0,0.0018953667,0.018,0.0,0.0,0.0,0.0,-26.246487,2.1507173,0.7169058,0.18400002,0.0,0.124674305,0.0,0.0
hardzero_only__c0p58__z1p00__lam0p000__nu0p50__psi0p00,0.018,support,49,1141,0.0,4,0.14800812,0.1500149,0.1500149,0.95277274,0.11148778,0.11148778,1.0,0.0020067801,0.018,0.0,0.0,0.0,0.0,-26.105385,2.0961418,0.69871396,0.136,0.0,0.14184491,0.0,0.0
hardzero_only__c0p58__z1p00__lam0p000__nu0p50__psi0p00,0.018,support,49,1142,0.0,4,0.1500149,0.15186496,0.15186496,0.9880867,0.10278112,0.10278112,1.0,0.0018500601,0.018,0.0,0.0,0.0,0.0,-26.575817,2.173834,0.7246114,0.136,0.0,0.14315672,0.0,0.0
hardzero_only__c0p58__z1p00__lam0p000__nu0p50__psi0p00,0.018,support,49,1143,0.0,4,0.15186496,0.15375583,0.15375583,0.97861266,0.10504788,0.10504788,1.0,0.0018908618,0.018,0.0,0.0,0.0,0.0,-26.318419,2.1529908,0.71766365,0.15200001,0.0,0.16151114,0.0,0.0
hardzero_only__c0p58__z1p00__lam0p000__nu0p50__psi0p00,0.018,support,49,1144,0.0,4,0.15375583,0.15375583,0.15375583,1.0509604,0.0,0.0889282,0.0,0.0,0.018,0.0,0.0,0.0,0.0,-27.180494,2.312159,0.7707197,0.14,0.0,0.16048542,0.0,0.0
hardzero_only__c0p58__z1p00__lam0p000__nu0p50__psi0p00,0.018,support,49,1145,0.0,4,0.15375583,0.15565722,0.15565722,0.9762009,0.10563288,0.10563288,1.0,0.0019013918,0.018,0.0,0.0,0.0,0.0,-26.141706,2.1476848,0.71589494,0.16800001,0.0,0.1499764,0.0,0.0
hardzero_only__c0p58__z1p00__lam0p000__nu0p50__psi0p00,0.018,support,49,1146,0.0,4,0.15565722,0.15565722,0.15565722,1.0024545,0.0,0.09943642,0.0,0.0,0.018,0.0,0.0,0.0,0.0,-27.007072,2.205444,0.7351481,0.16800001,0.0,0.15323228,0.0,0.0
hardzero_only__c0p58__z1p00__lam0p000__nu0p50__psi0p00,0.018,support,49,1147,0.0,4,0.15565722,0.15763602,0.15763602,0.9588698,0.10993354,0.10993354,1.0,0.0019788037,0.018,0.0,0.0,0.0,0.0,-25.668308,2.1095557,0.70318526,0.192,0.0,0.11296506,0.0,0.0
hardzero_only__c0p58__z1p00__lam0p000__nu0p50__psi0p00,0.018,support,49,1148,0.0,4,0.15763602,0.15950935,0.15950935,0.9826598,0.104073495,0.104073495,1.0,0.0018733229,0.018,0.0,0.0,0.0,0.0,-26.771616,2.1618948,0.7206316,0.224,0.008,0.1519998,0.0,0.0
hardzero_only__c0p58__z1p00__lam0p000__nu0p50__psi0p00,0.018,support,49,1149,0.0,4,0.15950935,0.15950935,0.15950935,1.0340549,0.0,0.09245814,0.0,0.0,0.018,0.0,0.0,0.0,0.0,-27.395607,2.2749662,0.7583221,0.15200001,0.0,0.16479665,0.0,0.0
hardzero_only__c0p58__z1p00__lam0p000__nu0p50__psi0p00,0.018,support,49,1150,0.0,4,0.15950935,0.16137868,0.16137868,0.98358583,0.10385183,0.10385183,1.0,0.0018693329,0.018,0.0,0.0,0.0,0.0,-26.541733,2.163932,0.72131073,0.208,0.0,0.156533,0.0,0.0
hardzero_only__c0p58__z1p00__lam0p000__nu0p50__psi0p00,0.018,support,49,1151,0.0,4,0.16137868,0.16137868,0.16137868,1.0055001,0.0,0.098741546,0.0,0.0,0.018,0.0,0.0,0.0,0.0,-27.247482,2.2121444,0.73738146,0.18400002,0.0,0.16383429,0.0,0.0
hardzero_only__c0p58__z1p00__lam0p000__nu0p50__psi0p00,0.018,support,49,1152,0.0,4,0.16137868,0.1633897,0.1633897,0.9518562,0.111723304,0.111723304,1.0,0.0020110193,0.018,0.0,0.0,0.0,0.0,-25.638565,2.0941255,0.69804186,0.192,0.0,0.14767063,0.0,0.0
hardzero_only__c0p58__z1p00__lam0p000__nu0p50__psi0p00,0.018,support,49,1153,0.0,4,0.1633897,0.1633897,0.1633897,1.0413517,0.0,0.09091767,0.0,0.0,0.018,0.0,0.0,0.0,0.0,-27.326723,2.2910194,0.7636732,0.192,0.0,0.1602001,0.0,0.0
hardzero_only__c0p58__z1p00__lam0p000__nu0p50__psi0p00,0.018,support,49,1154,0.0,4,0.1633897,0.16520023,0.16520023,0.99746704,0.10058495,0.10058495,1.0,0.0018105289,0.018,0.0,0.0,0.0,0.0,-27.536827,2.1944714,0.7314905,0.14400001,0.0,0.16315588,0.0,0.0
hardzero_only__c0p58__z1p00__lam0p000__nu0p50__psi0p00,0.018,support,49,1155,0.0,4,0.16520023,0.16703594,0.16703594,0.99147075,0.10198333,0.10198333,1.0,0.0018356999,0.018,0.0,0.0,0.0,0.0,-26.662401,2.1812792,0.7270931,0.16000001,0.0,0.14624494,0.0,0.0
hardzero_only__c0p58__z1p00__lam0p000__nu0p50__psi0p00,0.018,support,49,1156,0.0,4,0.16703594,0.16885951,0.16885951,0.99435043,0.10130935,0.10130935,1.0,0.0018235683,0.018,0.0,0.0,0.0,0.0,-26.338268,2.1876147,0.7292049,0.16000001,0.0,0.13685659,0.0,0.0
hardzero_only__c0p58__z1p00__lam0p000__nu0p50__psi0p00,0.018,support,49,1157,0.0,4,0.16885951,0.16885951,0.16885951,1.0252459,0.0,0.09435266,0.0,0.0,0.018,0.0,0.0,0.0,0.0,-27.043192,2.2555861,0.75186205,0.16,0.0,0.16343746,0.0,0.0
hardzero_only__c0p58__z1p00__lam0p000__nu0p50__psi0p00,0.018,support,49,1158,0.0,4,0.16885951,0.17068735,0.17068735,0.9933362,0.10154623,0.10154623,1.0,0.0018278321,0.018,0.0,0.0,0.0,0.0,-26.711624,2.1853833,0.72846115,0.128,0.0,0.13981591,0.0,0.0
hardzero_only__c0p58__z1p00__lam0p000__nu0p50__psi0p00,0.018,support,49,1159,0.0,4,0.17068735,0.1726649,0.1726649,0.9591456,0.109863736,0.109863736,1.0,0.001977547,0.018,0.0,0.0,0.0,0.0,-26.363192,2.1101625,0.7033875,0.16000001,0.0,0.13170889,0.0,0.0
hardzero_only__c0p58__z1p00__lam0p000__nu0p50__psi0p00,0.018,support,49,1160,0.0,4,0.1726649,0.17452277,0.17452277,0.98625654,0.10321515,0.10321515,1.0,0.0018578726,0.018,0.0,0.0,0.0,0.0,-26.86754,2.1698077,0.7232692,0.208,0.0,0.15548079,0.0,0.0
hardzero_only__c0p58__z1p00__lam0p000__nu0p50__psi0p00,0.018,support,49,1161,0.0,4,0.17452277,0.17452277,0.17452277,1.0333067,0.0,0.09261754,0.0,0.0,0.018,0.0,0.0,0.0,0.0,-27.63724,2.2733202,0.7577734,0.16000001,0.0,0.1603376,0.0,0.0
hardzero_only__c0p58__z1p00__lam0p000__nu0p50__psi0p00,0.018,support,49,1162,0.0,4,0.17452277,0.17638244,0.17638244,0.98583657,0.10331501,0.10331501,1.0,0.0018596702,0.018,0.0,0.0,0.0,0.0,-27.482533,2.1688838,0.7229613,0.17600001,0.0,0.17125335,0.0,0.0
hardzero_only__c0p58__z1p00__lam0p000__nu0p50__psi0p00,0.018,support,49,1163,0.0,4,0.17638244,0.17833564,0.17833564,0.96452725,0.108510755,0.108510755,1.0,0.0019531935,0.018,0.0,0.0,0.0,0.0,-26.435087,2.1220024,0.70733416,0.208,0.0,0.16218404,0.0,0.0
hardzero_only__c0p58__z1p00__lam0p000__nu0p50__psi0p00,0.018,support,49,1164,0.0,4,0.17833564,0.17833564,0.17833564,1.0251601,0.0,0.09437129,0.0,0.0,0.018,0.0,0.0,0.0,0.0,-27.195122,2.2553973,0.7517991,0.16000001,0.0,0.14529923,0.0,0.0
hardzero_only__c0p58__z1p00__lam0p000__nu0p50__psi0p00,0.018,support,49,1165,0.0,4,0.17833564,0.18022306,0.18022306,0.9794024,0.104857035,0.104857035,1.0,0.0018874266,0.018,0.0,0.0,0.0,0.0,-26.93511,2.1547284,0.7182428,0.192,0.0,0.13253465,0.0,0.0
hardzero_only__c0p58__z1p00__lam0p000__nu0p50__psi0p00,0.018,support,49,1166,0.0,4,0.18022306,0.18207003,0.18207003,0.98881435,0.102609046,0.102609046,1.0,0.0018469627,0.018,0.0,0.0,0.0,0.0,-27.353657,2.175435,0.72514504,0.128,0.0,0.17714441,0.0,0.0
hardzero_only__c0p58__z1p00__lam0p000__nu0p50__psi0p00,0.018,support,49,1167,0.0,4,0.18207003,0.18207003,0.18207003,1.0396692,0.0,0.09127059,0.0,0.0,0.018,0.0,0.0,0.0,0.0,-27.1498,2.2873178,0.76243925,0.104,0.0,0.18938528,0.0,0.0
hardzero_only__c0p58__z1p00__lam0p000__nu0p50__psi0p00,0.018,support,49,1168,0.0,4,0.18207003,0.18207003,0.18207003,1.0371479,0.0,0.091801986,0.0,0.0,0.018,0.0,0.0,0.0,0.0,-27.05997,2.281771,0.7605903,0.14400001,0.0,0.18380389,0.0,0.0
hardzero_only__c0p58__z1p00__lam0p000__nu0p50__psi0p00,0.018,support,49,1169,0.0,4,0.18207003,0.18207003,0.18207003,1.0128163,0.0,0.09709205,0.0,0.0,0.018,0.0,0.0,0.0,0.0,-27.62508,2.2282403,0.7427468,0.15200001,0.0,0.14676222,0.0,0.0
hardzero_only__c0p58__z1p00__lam0p000__nu0p50__psi0p00,0.018,support,49,1170,0.0,4,0.18207003,0.18207003,0.18207003,1.0426576,0.0,0.090644695,0.0,0.0,0.018,0.0,0.0,0.0,0.0,-27.929789,2.2938926,0.7646309,0.099999994,0.0,0.1538743,0.0,0.0
hardzero_only__c0p58__z1p00__lam0p000__nu0p50__psi0p00,0.018,support,49,1171,0.0,4,0.18207003,0.18207003,0.18207003,1.0598817,0.0,0.08712008,0.0,0.0,0.018,0.0,0.0,0.0,0.0,-29.068264,2.3317862,0.7772621,0.120000005,0.0,0.19025381,0.0,0.0
hardzero_only__c0p58__z1p00__lam0p000__nu0p50__psi0p00,0.018,support,49,1172,0.0,4,0.18207003,0.18405923,0.18405923,0.95659244,0.11051152,0.11051152,1.0,0.0019892072,0.018,0.0,0.0,0.0,0.0,-26.124678,2.1045454,0.70151514,0.17600001,0.0,0.13911758,0.0,0.0
hardzero_only__c0p58__z1p00__lam0p000__nu0p50__psi0p00,0.018,support,49,1173,0.0,4,0.18405923,0.1861582,0.1861582,0.93326765,0.116609074,0.116609074,1.0,0.0020989631,0.018,0.0,0.0,0.0,0.0,-26.061508,2.0532298,0.68441,0.23200001,0.0,0.14875734,0.0,0.0
hardzero_only__c0p58__z1p00__lam0p000__nu0p50__psi0p00,0.018,support,49,1174,0.0,4,0.1861582,0.1861582,0.1861582,1.0179152,0.0,0.095958784,0.0,0.0,0.018,0.0,0.0,0.0,0.0,-27.01075,2.2394583,0.7464861,0.120000005,0.0,0.15457006,0.0,0.0
hardzero_only__c0p58__z1p00__lam0p000__nu0p50__psi0p00,0.018,support,49,1175,0.0,4,0.1861582,0.18809779,0.18809779,0.96756196,0.10775514,0.10775514,1.0,0.0019395924,0.018,0.0,0.0,0.0,0.0,-26.14885,2.1286788,0.7095596,0.16800001,0.008,0.15834852,0.0,0.0
hardzero_only__c0p58__z1p00__lam0p000__nu0p50__psi0p00,0.018,support,49,1176,0.0,4,0.18809779,0.18989794,0.18989794,0.9999652,0.10000801,0.10000801,1.0,0.0018001441,0.018,0.0,0.0,0.0,0.0,-27.488573,2.1999674,0.7333225,0.15200001,0.0,0.19526471,0.0,0.0
hardzero_only__c0p58__z1p00__lam0p000__nu0p50__psi0p00,0.018,support,49,1177,0.0,4,0.18989794,0.19186941,0.19186941,0.96048397,0.1095257,0.1095257,1.0,0.0019714625,0.018,0.0,0.0,0.0,0.0,-26.425396,2.113107,0.704369,0.18400002,0.0,0.14740783,0.0,0.0
hardzero_only__c0p58__z1p00__lam0p000__nu0p50__psi0p00,0.018,support,49,1178,0.0,4,0.19186941,0.19186941,0.19186941,1.045035,0.0,0.09014986,0.0,0.0,0.018,0.0,0.0,0.0,0.0,-27.554344,2.299123,0.76637435,0.216,0.0,0.1665305,0.0,0.0
hardzero_only__c0p58__z1p00__lam0p000__nu0p50__psi0p00,0.018,support,49,1179,0.0,4,0.19186941,0.19186941,0.19186941,1.016392,0.0,0.09629594,0.0,0.0,0.018,0.0,0.0,0.0,0.0,-27.817736,2.236107,0.7453691,0.2,0.0,0.1695841,0.0,0.0
hardzero_only__c0p58__z1p00__lam0p000__nu0p50__psi0p00,0.018,support,49,1180,0.0,4,0.19186941,0.19186941,0.19186941,1.0059273,0.0,0.098644435,0.0,0.0,0.018,0.0,0.0,0.0,0.0,-27.11282,2.2130842,0.73769474,0.16800001,0.0,0.15427275,0.0,0.0
hardzero_only__c0p58__z1p00__lam0p000__nu0p50__psi0p00,0.018,support,49,1181,0.0,4,0.19186941,0.19373801,0.19373801,0.9837534,0.103811786,0.103811786,1.0,0.001868612,0.018,0.0,0.0,0.0,0.0,-26.053535,2.1643007,0.7214336,0.120000005,0.0,0.15086614,0.0,0.0
hardzero_only__c0p58__z1p00__lam0p000__nu0p50__psi0p00,0.018,support,49,1182,0.0,4,0.19373801,0.19373801,0.19373801,1.0292702,0.0,0.09348238,0.0,0.0,0.018,0.0,0.0,0.0,0.0,-26.773788,2.2644396,0.7548132,0.16800001,0.0,0.14948447,0.0,0.0
hardzero_only__c0p58__z1p00__lam0p000__nu0p50__psi0p00,0.018,support,49,1183,0.0,4,0.19373801,0.19373801,0.19373801,1.0180411,0.0,0.095930964,0.0,0.0,0.018,0.0,0.0,0.0,0.0,-27.056042,2.2397351,0.7465784,0.13,0.0,0.13365154,0.0,0.0
hardzero_only__c0p58__z1p00__lam0p000__nu0p50__psi0p00,0.018,support,49,1184,0.0,4,0.19373801,0.19587167,0.19587167,0.9261485,0.11853634,0.11853634,1.0,0.002133654,0.018,0.0,0.0,0.0,0.0,-25.514841,2.0375674,0.67918915,0.16800001,0.0,0.12416681,0.0,0.0
hardzero_only__c0p58__z1p00__lam0p000__nu0p50__psi0p00,0.018,support,49,1185,0.0,4,0.19587167,0.19772115,0.19772115,0.98822,0.102749564,0.102749564,1.0,0.0018494921,0.018,0.0,0.0,0.0,0.0,-26.877653,2.1741273,0.72470915,0.18400002,0.0,0.15444283,0.0,0.0
hardzero_only__c0p58__z1p00__lam0p000__nu0p50__psi0p00,0.018,support,49,1186,0.0,4,0.19772115,0.19772115,0.19772115,1.0070068,0.0,0.098399565,0.0,0.0,0.018,0.0,0.0,0.0,0.0,-26.584837,2.215459,0.7384864,0.208,0.0,0.13350277,0.0,0.0
hardzero_only__c0p58__z1p00__lam0p000__nu0p50__psi0p00,0.018,support,49,1187,0.0,4,0.19772115,0.19772115,0.19772115,1.0202297,0.0,0.09544876,0.0,0.0,0.018,0.0,0.0,0.0,0.0,-27.071148,2.2445502,0.7481834,0.18400002,0.0,0.14105082,0.0,0.0
hardzero_only__c0p58__z1p00__lam0p000__nu0p50__psi0p00,0.018,support,49,1188,0.0,4,0.19772115,0.19772115,0.19772115,1.0472703,0.0,0.08968705,0.0,0.0,0.018,0.0,0.0,0.0,0.0,-27.812996,2.3040407,0.7680136,0.16800001,0.0,0.17826788,0.0,0.0
hardzero_only__c0p58__z1p00__lam0p000__nu0p50__psi0p00,0.018,support,49,1189,0.0,4,0.19772115,0.19772115,0.19772115,1.0223699,0.0,0.09497956,0.0,0.0,0.018,0.0,0.0,0.0,0.0,-27.769627,2.2492585,0.7497529,0.17600001,0.0,0.17636193,0.0,0.0
hardzero_only__c0p58__z1p00__lam0p000__nu0p50__psi0p00,0.018,support,49,1190,0.0,4,0.19772115,0.19772115,0.19772115,1.0391799,0.0,0.09137345,0.0,0.0,0.018,0.0,0.0,0.0,0.0,-26.872196,2.2862415,0.76208055,0.15200001,0.0,0.1705321,0.0,0.0
hardzero_only__c0p58__z1p00__lam0p000__nu0p50__psi0p00,0.018,support,49,1191,0.0,4,0.19772115,0.19957808,0.19957808,0.98647845,0.10316243,0.10316243,1.0,0.0018569237,0.018,0.0,0.0,0.0,0.0,-26.57946,2.170296,0.723432,0.24000001,0.0,0.15891472,0.0,0.0
hardzero_only__c0p58__z1p00__lam0p000__nu0p50__psi0p00,0.018,support,49,1192,0.0,4,0.19957808,0.20148821,0.20148821,0.9742096,0.10611833,0.10611833,1.0,0.0019101298,0.018,0.0,0.0,0.0,0.0,-26.08874,2.1433039,0.7144346,0.136,0.0,0.13800153,0.0,0.0
hardzero_only__c0p58__z1p00__lam0p000__nu0p50__psi0p00,0.018,support,49,1193,0.0,4,0.20148821,0.20148821,0.20148821,1.0348101,0.0,0.09229749,0.0,0.0,0.018,0.0,0.0,0.0,0.0,-27.501041,2.2766275,0.75887585,0.15200001,0.0,0.14788635,0.0,0.0
hardzero_only__c0p58__z1p00__lam0p000__nu0p50__psi0p00,0.018,support,49,1194,0.0,4,0.20148821,0.20342118,0.20342118,0.9690503,0.10738649,0.10738649,1.0,0.0019329567,0.018,0.0,0.0,0.0,0.0,-26.77692,2.1319532,0.7106511,0.128,0.0,0.14000346,0.0,0.0
hardzero_only__c0p58__z1p00__lam0p000__nu0p50__psi0p00,0.018,support,49,1195,0.0,4,0.20342118,0.20342118,0.20342118,1.0015671,0.0,0.099639796,0.0,0.0,0.018,0.0,0.0,0.0,0.0,-27.725513,2.2034917,0.73449725,0.18400002,0.0,0.17100446,0.0,0.0
hardzero_only__c0p58__z1p00__lam0p000__nu0p50__psi0p00,0.018,support,49,1196,0.0,4,0.20342118,0.20342118,0.20342118,1.0104165,0.0,0.09763003,0.0,0.0,0.018,0.0,0.0,0.0,0.0,-27.084232,2.2229607,0.74098694,0.099999994,0.0,0.14359805,0.0,0.0
hardzero_only__c0p58__z1p00__lam0p000__nu0p50__psi0p00,0.018,support,49,1197,0.0,4,0.20342118,0.20342118,0.20342118,1.0284896,0.0,0.093650565,0.0,0.0,0.018,0.0,0.0,0.0,0.0,-27.503586,2.2627223,0.75424075,0.17600001,0.0,0.15642941,0.0,0.0
hardzero_only__c0p58__z1p00__lam0p000__nu0p50__psi0p00,0.018,support,49,1198,0.0,4,0.20342118,0.20342118,0.20342118,1.052215,0.0,0.08867169,0.0,0.0,0.018,0.0,0.0,0.0,0.0,-27.267603,2.3149192,0.77163976,0.15200001,0.0,0.159583,0.0,0.0
hardzero_only__c0p58__z1p00__lam0p000__nu0p50__psi0p00,0.018,support,49,1199,0.0,4,0.20342118,0.20342118,0.20342118,1.003483,0.0,0.09920121,0.0,0.0,0.018,0.0,0.0,0.0,0.0,-28.043861,2.207707,0.7359023,0.16000001,0.0,0.1764749,0.0,0.0
hardzero_only__c0p58__z1p00__lam0p000__nu0p50__psi0p00,0.018,support,49,1200,0.0,4,0.20342118,0.20523302,0.20523302,0.99715173,0.10065799,0.10065799,1.0,0.0018118438,0.018,0.0,0.0,0.0,0.0,-27.573305,2.1937776,0.7312592,0.17600001,0.0,0.15268297,0.0,0.0
hardzero_only__c0p58__z1p00__lam0p000__nu0p50__psi0p00,0.018,support,49,1201,0.0,4,0.20523302,0.20718388,0.20718388,0.9650468,0.10838101,0.10838101,1.0,0.0019508582,0.018,0.0,0.0,0.0,0.0,-26.764252,2.1231453,0.70771515,0.17600001,0.0,0.15354466,0.0,0.0
hardzero_only__c0p58__z1p00__lam0p000__nu0p50__psi0p00,0.018,support,49,1202,0.0,4,0.20718388,0.20718388,0.20718388,1.0088261,0.0,0.0979882,0.0,0.0,0.018,0.0,0.0,0.0,0.0,-27.392458,2.219462,0.73982066,0.120000005,0.0,0.14794964,0.0,0.0
hardzero_only__c0p58__z1p00__lam0p000__nu0p50__psi0p00,0.018,support,49,1203,0.0,4,0.20718388,0.20902443,0.20902443,0.9903244,0.1022529,0.1022529,1.0,0.0018405521,0.018,0.0,0.0,0.0,0.0,-26.609636,2.1787572,0.72625244,0.24000001,0.0,0.15395607,0.0,0.0
hardzero_only__c0p58__z1p00__lam0p000__nu0p50__psi0p00,0.018,support,49,1204,0.0,4,0.20902443,0.20902443,0.20902443,1.0284297,0.0,0.09366348,0.0,0.0,0.018,0.0,0.0,0.0,0.0,-26.912022,2.2625906,0.7541969,0.15200001,0.0,0.1453073,0.0,0.0
hardzero_only__c0p58__z1p00__lam0p000__nu0p50__psi0p00,0.018,support,49,1205,0.0,4,0.20902443,0.21082449,0.21082449,0.99998474,0.1000035,0.1000035,1.0,0.001800063,0.018,0.0,0.0,0.0,0.0,-27.158142,2.2000103,0.7333368,0.136,0.0,0.15895414,0.0,0.0
hardzero_only__c0p58__z1p00__lam0p000__nu0p50__psi0p00,0.018,support,49,1206,0.0,4,0.21082449,0.21265167,0.21265167,0.99349105,0.10151003,0.10151003,1.0,0.0018271805,0.018,0.0,0.0,0.0,0.0,-28.119856,2.185724,0.7285747,0.18400002,0.0,0.1608083,0.0,0.0
hardzero_only__c0p58__z1p00__lam0p000__nu0p50__psi0p00,0.018,support,49,1207,0.0,4,0.21265167,0.21265167,0.21265167,1.0205872,0.0,0.09537022,0.0,0.0,0.018,0.0,0.0,0.0,0.0,-27.455412,2.2453368,0.74844563,0.16800001,0.0,0.15725741,0.0,0.0
hardzero_only__c0p58__z1p00__lam0p000__nu0p50__psi0p00,0.018,support,49,1208,0.0,4,0.21265167,0.21450156,0.21450156,0.9881283,0.10277127,0.10277127,1.0,0.0018498828,0.018,0.0,0.0,0.0,0.0,-26.995552,2.1739256,0.7246419,0.136,0.0,0.12241801,0.0,0.0
hardzero_only__c0p58__z1p00__lam0p000__nu0p50__psi0p00,0.018,support,49,1209,0.0,4,0.21450156,0.21644911,0.21644911,0.96578425,0.10819713,0.10819713,1.0,0.0019475482,0.018,0.0,0.0,0.0,0.0,-25.466496,2.1247678,0.70825595,0.099999994,0.0,0.114052944,0.0,0.0
hardzero_only__c0p58__z1p00__lam0p000__nu0p50__psi0p00,0.018,support,49,1210,0.0,4,0.21644911,0.21644911,0.21644911,1.0098486,0.0,0.097757794,0.0,0.0,0.018,0.0,0.0,0.0,0.0,-27.08388,2.2217112,0.7405704,0.14400001,0.0,0.1405199,0.0,0.0
hardzero_only__c0p58__z1p00__lam0p000__nu0p50__psi0p00,0.018,support,49,1211,0.0,4,0.21644911,0.21644911,0.21644911,1.0199876,0.0,0.09550198,0.0,0.0,0.018,0.0,0.0,0.0,0.0,-27.106274,2.2440174,0.7480058,0.16000001,0.0,0.15891413,0.0,0.0
hardzero_only__c0p58__z1p00__lam0p000__nu0p50__psi0p00,0.018,support,49,1212,0.0,4,0.21644911,0.21832713,0.21832713,0.98157084,0.10433479,0.10433479,1.0,0.001878026,0.018,0.0,0.0,0.0,0.0,-26.972712,2.159499,0.719833,0.2,0.0,0.15331604,0.0,0.0
hardzero_only__c0p58__z1p00__lam0p000__nu0p50__psi0p00,0.018,support,49,1213,0.0,4,0.21832713,0.22028553,0.22028553,0.963371,0.10880004,0.10880004,1.0,0.0019584007,0.018,0.0,0.0,0.0,0.0,-26.803934,2.1194584,0.70648617,0.128,0.0,0.12643242,0.0,0.0
hardzero_only__c0p58__z1p00__lam0p000__nu0p50__psi0p00,0.018,support,49,1214,0.0,4,0.22028553,0.2221638,0.2221638,0.9815179,0.1043475,0.1043475,1.0,0.0018782548,0.018,0.0,0.0,0.0,0.0,-25.966156,2.1593826,0.7197942,0.216,0.0,0.16306488,0.0,0.0
hardzero_only__c0p58__z1p00__lam0p000__nu0p50__psi0p00,0.018,support,49,1215,0.0,4,0.2221638,0.2221638,0.2221638,1.0484252,0.0,0.089448854,0.0,0.0,0.018,0.0,0.0,0.0,0.0,-27.167814,2.3065815,0.7688605,0.15200001,0.0,0.16982143,0.0,0.0
hardzero_only__c0p58__z1p00__lam0p000__nu0p50__psi0p00,0.018,support,49,1216,0.0,4,0.2221638,0.2221638,0.2221638,1.0291682,0.0,0.09350434,0.0,0.0,0.018,0.0,0.0,0.0,0.0,-28.1491,2.2642155,0.7547385,0.2,0.0,0.15445395,0.0,0.0
hardzero_only__c0p58__z1p00__lam0p000__nu0p50__psi0p00,0.018,support,49,1217,0.0,4,0.2221638,0.22396761,0.22396761,0.99908113,0.1002118,0.1002118,1.0,0.0018038123,0.018,0.0,0.0,0.0,0.0,-27.682673,2.1980224,0.7326741,0.216,0.0,0.16049115,0.0,0.0
hardzero_only__c0p58__z1p00__lam0p000__nu0p50__psi0p00,0.018,support,49,1218,0.0,4,0.22396761,0.22587821,0.22587821,0.974105,0.10614388,0.10614388,1.0,0.0019105898,0.018,0.0,0.0,0.0,0.0,-26.570812,2.1430738,0.714358,0.256,0.008,0.15946464,0.0,0.0
hardzero_only__c0p58__z1p00__lam0p000__nu0p50__psi0p00,0.018,support,49,1219,0.0,4,0.22587821,0.22800526,0.22800526,0.9274949,0.118169434,0.118169434,1.0,0.0021270497,0.018,0.0,0.0,0.0,0.0,-25.728258,2.0405295,0.6801765,0.224,0.0,0.15941653,0.0,0.0
hardzero_only__c0p58__z1p00__lam0p000__nu0p50__psi0p00,0.018,support,49,1220,0.0,4,0.22800526,0.22800526,0.22800526,1.0132345,0.0,0.09699862,0.0,0.0,0.018,0.0,0.0,0.0,0.0,-27.52444,2.2291603,0.74305344,0.136,0.0,0.15208633,0.0,0.0
hardzero_only__c0p58__z1p00__lam0p000__nu0p50__psi0p00,0.018,support,49,1221,0.0,4,0.22800526,0.22995433,0.22995433,0.9654461,0.10828142,0.10828142,1.0,0.0019490655,0.018,0.0,0.0,0.0,0.0,-26.684967,2.124024,0.708008,0.14400001,0.0,0.14812747,0.0,0.0
hardzero_only__c0p58__z1p00__lam0p000__nu0p50__psi0p00,0.018,support,49,1222,0.0,4,0.22995433,0.23185205,0.23185205,0.97703856,0.10542933,0.10542933,1.0,0.0018977278,0.018,0.0,0.0,0.0,0.0,-26.80863,2.1495278,0.7165093,0.17999999,0.01,0.14678575,0.0,0.0
hardzero_only__c0p58__z1p00__lam0p000__nu0p50__psi0p00,0.018,support,49,1223,0.0,4,0.23185205,0.23185205,0.23185205,1.0090917,0.0,0.09792829,0.0,0.0,0.018,0.0,0.0,0.0,0.0,-27.27871,2.220046,0.7400154,0.112,0.0,0.14557585,0.0,0.0
hardzero_only__c0p58__z1p00__lam0p000__nu0p50__psi0p00,0.018,support,49,1224,0.0,4,0.23185205,0.23185205,0.23185205,1.0349104,0.0,0.09227616,0.0,0.0,0.018,0.0,0.0,0.0,0.0,-27.731476,2.2768483,0.75894946,0.08800001,0.0,0.14029518,0.0,0.0
hardzero_only__c0p58__z1p00__lam0p000__nu0p50__psi0p00,0.018,support,49,1225,0.0,4,0.23185205,0.23185205,0.23185205,1.0035774,0.0,0.09917966,0.0,0.0,0.018,0.0,0.0,0.0,0.0,-27.529863,2.2079144,0.73597145,0.14400001,0.0,0.14905414,0.0,0.0
hardzero_only__c0p58__z1p00__lam0p000__nu0p50__psi0p00,0.018,support,49,1226,0.0,4,0.23185205,0.23380215,0.23380215,0.96521574,0.10833885,0.10833885,1.0,0.0019500991,0.018,0.0,0.0,0.0,0.0,-26.10811,2.123517,0.707839,0.23200001,0.0,0.12779544,0.0,0.0
hardzero_only__c0p58__z1p00__lam0p000__nu0p50__psi0p00,0.018,support,49,1227,0.0,4,0.23380215,0.23380215,0.23380215,1.0311441,0.0,0.09307989,0.0,0.0,0.018,0.0,0.0,0.0,0.0,-27.625732,2.2685623,0.75618744,0.23200001,0.0,0.15227975,0.0,0.0
hardzero_only__c0p58__z1p00__lam0p000__nu0p50__psi0p00,0.018,support,49,1228,0.0,4,0.23380215,0.23380215,0.23380215,1.0097355,0.0,0.09778325,0.0,0.0,0.018,0.0,0.0,0.0,0.0,-27.397516,2.2214625,0.7404875,0.120000005,0.0,0.13975278,0.0,0.0
hardzero_only__c0p58__z1p00__lam0p000__nu0p50__psi0p00,0.018,support,49,1229,0.0,4,0.23380215,0.23380215,0.23380215,1.0116645,0.0,0.09734989,0.0,0.0,0.018,0.0,0.0,0.0,0.0,-27.992916,2.2257063,0.7419021,0.16000001,0.0,0.16559795,0.0,0.0
hardzero_only__c0p58__z1p00__lam0p000__nu0p50__psi0p00,0.018,support,49,1230,0.0,4,0.23380215,0.23575373,0.23575373,0.9648862,0.108421095,0.108421095,1.0,0.0019515796,0.018,0.0,0.0,0.0,0.0,-26.93292,2.122792,0.7075974,0.2,0.0,0.13736834,0.0,0.0
hardzero_only__c0p58__z1p00__lam0p000__nu0p50__psi0p00,0.018,support,49,1231,0.0,4,0.23575373,0.23575373,0.23575373,1.0702361,0.0,0.08506754,0.0,0.0,0.018,0.0,0.0,0.0,0.0,-28.430227,2.3545663,0.7848555,0.16000001,0.0,0.16955976,0.0,0.0
hardzero_only__c0p58__z1p00__lam0p000__nu0p50__psi0p00,0.018,support,49,1232,0.0,4,0.23575373,0.23575373,0.23575373,1.0137326,0.0,0.09688744,0.0,0.0,0.018,0.0,0.0,0.0,0.0,-26.546415,2.230256,0.7434187,0.14400001,0.0,0.13073698,0.0,0.0
hardzero_only__c0p58__z1p00__lam0p000__nu0p50__psi0p00,0.018,support,49,1233,0.0,4,0.23575373,0.23770323,0.23770323,0.965347,0.108306125,0.108306125,1.0,0.0019495102,0.018,0.0,0.0,0.0,0.0,-25.755693,2.1238058,0.7079353,0.23200001,0.0,0.1569642,0.0,0.0
hardzero_only__c0p58__z1p00__lam0p000__nu0p50__psi0p00,0.018,support,49,1234,0.0,4,0.23770323,0.23966746,0.23966746,0.9620803,0.109123856,0.109123856,1.0,0.0019642294,0.018,0.0,0.0,0.0,0.0,-26.706516,2.1166189,0.70553964,0.17600001,0.0,0.14070234,0.0,0.0
hardzero_only__c0p58__z1p00__lam0p000__nu0p50__psi0p00,0.018,support,49,1235,0.0,4,0.23966746,0.24150349,0.24150349,0.991391,0.10200206,0.10200206,1.0,0.001836037,0.018,0.0,0.0,0.0,0.0,-26.724693,2.1811037,0.72703457,0.19,0.0,0.13390443,0.0,0.0
hardzero_only__c0p58__z1p00__lam0p000__nu0p50__psi0p00,0.018,support,49,1236,0.0,4,0.24150349,0.24341188,0.24341188,0.97460663,0.10602137,0.10602137,1.0,0.0019083845,0.018,0.0,0.0,0.0,0.0,-26.71256,2.1441774,0.71472585,0.23200001,0.0,0.16353224,0.0,0.0
hardzero_only__c0p58__z1p00__lam0p000__nu0p50__psi0p00,0.018,support,49,1237,0.0,4,0.24341188,0.24341188,0.24341188,1.0153794,0.0,0.096520714,0.0,0.0,0.018,0.0,0.0,0.0,0.0,-26.909199,2.2338793,0.74462646,0.136,0.0,0.17437284,0.0,0.0
hardzero_only__c0p58__z1p00__lam0p000__nu0p50__psi0p00,0.018,support,49,1238,0.0,4,0.24341188,0.24537495,0.24537495,0.9623386,0.10905897,0.10905897,1.0,0.0019630613,0.018,0.0,0.0,0.0,0.0,-26.50932,2.1171873,0.7057291,0.128,0.0,0.13438664,0.0,0.0
hardzero_only__c0p58__z1p00__lam0p000__nu0p50__psi0p00,0.018,support,49,1239,0.0,4,0.24537495,0.2472894,0.2472894,0.97322863,0.10635829,0.10635829,1.0,0.0019144492,0.018,0.0,0.0,0.0,0.0,-26.83309,2.1411457,0.71371526,0.16800001,0.0,0.13792609,0.0,0.0
hardzero_only__c0p58__z1p00__lam0p000__nu0p50__psi0p00,0.018,support,49,1240,0.0,4,0.2472894,0.2472894,0.2472894,1.0336196,0.0,0.09255083,0.0,0.0,0.018,0.0,0.0,0.0,0.0,-27.75823,2.2740085,0.7580029,0.128,0.0,0.157597,0.0,0.0
hardzero_only__c0p58__z1p00__lam0p000__nu0p50__psi0p00,0.018,support,49,1241,0.0,4,0.2472894,0.2472894,0.2472894,1.0001184,0.0,0.099972755,0.0,0.0,0.018,0.0,0.0,0.0,0.0,-26.554935,2.2003043,0.7334348,0.16800001,0.0,0.15655921,0.0,0.0
hardzero_only__c0p58__z1p00__lam0p000__nu0p50__psi0p00,0.018,support,49,1242,0.0,4,0.2472894,0.2472894,0.2472894,1.0332758,0.0,0.09262412,0.0,0.0,0.018,0.0,0.0,0.0,0.0,-27.731092,2.2732522,0.75775075,0.18400002,0.0,0.16236928,0.0,0.0
hardzero_only__c0p58__z1p00__lam0p000__nu0p50__psi0p00,0.018,support,49,1243,0.0,4,0.2472894,0.2472894,0.2472894,1.0145645,0.0,0.09670201,0.0,0.0,0.018,0.0,0.0,0.0,0.0,-27.191671,2.2320864,0.7440288,0.112,0.0,0.1690255,0.0,0.0
hardzero_only__c0p58__z1p00__lam0p000__nu0p50__psi0p00,0.018,support,49,1244,0.0,4,0.2472894,0.249183,0.249183,0.9779855,0.10519969,0.10519969,1.0,0.0018935943,0.018,0.0,0.0,0.0,0.0,-26.248283,2.151611,0.71720374,0.14400001,0.0,0.14727283,0.0,0.0
hardzero_only__c0p58__z1p00__lam0p000__nu0p50__psi0p00,0.018,support,49,1245,0.0,4,0.249183,0.2510147,0.2510147,0.9924172,0.10176133,0.10176133,1.0,0.0018317039,0.018,0.0,0.0,0.0,0.0,-27.46427,2.1833615,0.7277872,0.216,0.0,0.14425181,0.0,0.0
hardzero_only__c0p58__z1p00__lam0p000__nu0p50__psi0p00,0.018,support,49,1246,0.0,4,0.2510147,0.2510147,0.2510147,1.0425446,0.0,0.090668276,0.0,0.0,0.018,0.0,0.0,0.0,0.0,-27.61148,2.293644,0.764548,0.15200001,0.0,0.14093861,0.0,0.0
hardzero_only__c0p58__z1p00__lam0p000__nu0p50__psi0p00,0.018,support,49,1247,0.0,4,0.2510147,0.25294653,0.25294653,0.96930647,0.10732317,0.10732317,1.0,0.0019318169,0.018,0.0,0.0,0.0,0.0,-25.87288,2.1325169,0.710839,0.216,0.0,0.17196715,0.0,0.0
hardzero_only__c0p58__z1p00__lam0p000__nu0p50__psi0p00,0.018,support,49,1248,0.0,4,0.25294653,0.25294653,0.25294653,1.003249,0.0,0.09925468,0.0,0.0,0.018,0.0,0.0,0.0,0.0,-27.141357,2.207192,0.73573065,0.13,0.0,0.1582803,0.0,0.0
hardzero_only__c0p58__z1p00__lam0p000__nu0p50__psi0p00,0.018,support,49,1249,0.0,4,0.25294653,0.25294653,0.25294653,1.1081625,0.0,0.07795382,0.0,0.0,0.018,0.0,0.0,0.0,0.0,-27.736237,2.4380062,0.81266874,0.104,0.008,0.17442502,0.0,0.0
