mechanism_tag,mechanism,alpha,seed,update,update_u,update_counter,energy_E_pre,energy_E_post,funding_z,funding_g,funding_g_raw,funding_cut_active,funding_income,funding_alpha_eff,episode_return_end_mean,terminal_min_dists_end_mean,terminal_dbar_end,terminal_occupied_end_mean,terminal_CSR_train,vartd_VarTD,depr_F,depr_F_post,env_steps
hardzero_plus_depr__c0p58__z1p05__lam0p020__nu0p50__psi1p00,hardzero_plus_depr,0.01,41,0,1.0,1,1.0,0.4209643,1.0157976,0.096427836,0.096427836,1.0,0.00096427836,0.01,-27.423994,2.2347994,0.7449331,0.19999999,0.0,0.15954061,0.0,0.0,3200
hardzero_plus_depr__c0p58__z1p05__lam0p020__nu0p50__psi1p00,hardzero_plus_depr,0.01,41,1,0.0,1,0.4209643,0.42186806,1.0439509,0.090375155,0.090375155,1.0,0.0009037515,0.01,-27.942667,2.296738,0.76557934,0.17600001,0.0,0.1457079,0.0,0.02,6400
hardzero_plus_depr__c0p58__z1p05__lam0p020__nu0p50__psi1p00,hardzero_plus_depr,0.01,41,2,0.0,1,0.42186806,0.42277136,1.0354754,0.09215621,0.09215621,1.0,0.0009033139,0.009801987,-27.160028,2.2780914,0.75936383,0.112,0.0,0.16250852,0.02,0.04,9600
hardzero_plus_depr__c0p58__z1p05__lam0p020__nu0p50__psi1p00,hardzero_plus_depr,0.01,41,3,0.0,1,0.42277136,0.42372778,1.0019817,0.09954473,0.09954473,1.0,0.0009564152,0.009607894,-27.186563,2.2044039,0.7348013,0.17600001,0.0,0.17438948,0.04,0.06,12800
hardzero_plus_depr__c0p58__z1p05__lam0p020__nu0p50__psi1p00,hardzero_plus_depr,0.01,41,4,0.0,1,0.42372778,0.42372778,1.1055894,0.0,0.07841707,0.0,0.0,0.009417646,-28.573126,2.4323452,0.8107817,0.14400001,0.0,0.17196593,0.06,0.08,16000
hardzero_plus_depr__c0p58__z1p05__lam0p020__nu0p50__psi1p00,hardzero_plus_depr,0.01,41,5,0.0,1,0.42372778,0.42372778,1.089527,0.0,0.08137162,0.0,0.0,0.009231163,-28.569685,2.3970072,0.7990024,0.14400001,0.0,0.19502284,0.08,0.099999994,19200
hardzero_plus_depr__c0p58__z1p05__lam0p020__nu0p50__psi1p00,hardzero_plus_depr,0.01,41,6,0.0,1,0.42372778,0.42458522,1.0233694,0.0947612,0.0947612,1.0,0.0008574348,0.009048374,-27.411627,2.2514577,0.7504859,0.096,0.0,0.16113259,0.099999994,0.11999999,22400
hardzero_plus_depr__c0p58__z1p05__lam0p020__nu0p50__psi1p00,hardzero_plus_depr,0.01,41,7,0.0,1,0.42458522,0.42458522,1.052521,0.0,0.08860924,0.0,0.0,0.008869205,-27.87015,2.3155925,0.7718642,0.2,0.0,0.18065763,0.11999999,0.13999999,25600
hardzero_plus_depr__c0p58__z1p05__lam0p020__nu0p50__psi1p00,hardzero_plus_depr,0.01,41,8,0.0,1,0.42458522,0.4253883,1.0344305,0.09237819,0.09237819,1.0,0.00080309744,0.008693582,-27.482212,2.2757926,0.75859755,0.15200001,0.0,0.15585855,0.13999999,0.15999998,28800
hardzero_plus_depr__c0p58__z1p05__lam0p020__nu0p50__psi1p00,hardzero_plus_depr,0.01,41,9,0.0,1,0.4253883,0.4253883,1.0620744,0.0,0.08668132,0.0,0.0,0.008521438,-27.517317,2.3366103,0.7788701,0.120000005,0.0,0.20588,0.15999998,0.17999998,32000
hardzero_plus_depr__c0p58__z1p05__lam0p020__nu0p50__psi1p00,hardzero_plus_depr,0.01,41,10,0.0,1,0.4253883,0.42618054,1.0229708,0.094848216,0.094848216,1.0,0.0007922389,0.0083527025,-26.852594,2.2505808,0.7501936,0.208,0.0,0.13274714,0.17999998,0.19999997,35200
hardzero_plus_depr__c0p58__z1p05__lam0p020__nu0p50__psi1p00,hardzero_plus_depr,0.01,41,11,0.0,1,0.42618054,0.42692876,1.0391104,0.09138809,0.09138809,1.0,0.00074822246,0.008187308,-27.872744,2.2860885,0.7620295,0.15200001,0.0,0.205776,0.19999997,0.21999997,38400
hardzero_plus_depr__c0p58__z1p05__lam0p020__nu0p50__psi1p00,hardzero_plus_depr,0.01,41,12,0.0,1,0.42692876,0.4277112,1.0110022,0.09749848,0.09749848,1.0,0.0007824436,0.008025188,-26.53994,2.2242491,0.7414164,0.16800001,0.0,0.14868143,0.21999997,0.23999996,41600
hardzero_plus_depr__c0p58__z1p05__lam0p020__nu0p50__psi1p00,hardzero_plus_depr,0.01,41,13,0.0,1,0.4277112,0.4284338,1.0368544,0.09186406,0.09186406,1.0,0.00072262826,0.007866278,-27.921701,2.281125,0.760375,0.13,0.0,0.16520788,0.23999996,0.25999996,44800
hardzero_plus_depr__c0p58__z1p05__lam0p020__nu0p50__psi1p00,hardzero_plus_depr,0.01,41,14,0.0,1,0.4284338,0.42913046,1.0440638,0.09035167,0.09035167,1.0,0.000696658,0.0077105155,-27.599255,2.2969863,0.76566213,0.14400001,0.0,0.16310889,0.25999996,0.27999997,48000
hardzero_plus_depr__c0p58__z1p05__lam0p020__nu0p50__psi1p00,hardzero_plus_depr,0.01,41,15,0.0,1,0.42913046,0.42981786,1.041195,0.09095047,0.09095047,1.0,0.0006873888,0.0075578373,-27.159983,2.290675,0.7635583,0.112,0.0,0.17048699,0.27999997,0.29999998,51200
hardzero_plus_depr__c0p58__z1p05__lam0p020__nu0p50__psi1p00,hardzero_plus_depr,0.01,41,16,0.0,1,0.42981786,0.4305444,1.0084528,0.098072484,0.098072484,1.0,0.00072653877,0.0074081817,-26.95045,2.2186403,0.7395468,0.128,0.0,0.14278246,0.29999998,0.32,54400
hardzero_plus_depr__c0p58__z1p05__lam0p020__nu0p50__psi1p00,hardzero_plus_depr,0.01,41,17,0.0,1,0.4305444,0.43131036,0.9768252,0.105481125,0.105481125,1.0,0.0007659502,0.0072614904,-25.74204,2.1490583,0.7163528,0.14400001,0.0,0.15386866,0.32,0.34,57600
hardzero_plus_depr__c0p58__z1p05__lam0p020__nu0p50__psi1p00,hardzero_plus_depr,0.01,41,18,0.0,1,0.43131036,0.43131036,1.0827245,0.0,0.08265623,0.0,0.0,0.0071177036,-28.688948,2.3820415,0.79401386,0.17600001,0.0,0.18750508,0.34,0.36,60800
hardzero_plus_depr__c0p58__z1p05__lam0p020__nu0p50__psi1p00,hardzero_plus_depr,0.01,41,19,0.0,1,0.43131036,0.43195882,1.0317734,0.09294511,0.09294511,1.0,0.000648456,0.006976763,-26.5932,2.2699468,0.75664896,0.14400001,0.0,0.1669637,0.36,0.38000003,64000
hardzero_plus_depr__c0p58__z1p05__lam0p020__nu0p50__psi1p00,hardzero_plus_depr,0.01,41,20,0.0,1,0.43195882,0.43266055,0.98879564,0.10261347,0.10261347,1.0,0.00070173386,0.0068386137,-26.447033,2.1753938,0.7251313,0.16800001,0.0,0.1688117,0.38000003,0.40000004,67200
hardzero_plus_depr__c0p58__z1p05__lam0p020__nu0p50__psi1p00,hardzero_plus_depr,0.01,41,21,0.0,1,0.43266055,0.43336028,0.9813607,0.104385294,0.104385294,1.0,0.0006997155,0.0067032003,-25.984526,2.1590366,0.7196789,0.16800001,0.0,0.13968824,0.40000004,0.42000005,70400
hardzero_plus_depr__c0p58__z1p05__lam0p020__nu0p50__psi1p00,hardzero_plus_depr,0.01,41,22,0.0,1,0.43336028,0.4339661,1.0352443,0.09220525,0.09220525,1.0,0.0006058316,0.0065704677,-27.884672,2.2775831,0.7591944,0.14400001,0.0,0.20526816,0.42000005,0.44000006,73600
hardzero_plus_depr__c0p58__z1p05__lam0p020__nu0p50__psi1p00,hardzero_plus_depr,0.01,41,23,0.0,1,0.4339661,0.4345972,1.0088212,0.09798933,0.09798933,1.0,0.00063108694,0.006440364,-26.804142,2.2194512,0.7398171,0.17600001,0.0,0.15702856,0.44000006,0.46000007,76800
hardzero_plus_depr__c0p58__z1p05__lam0p020__nu0p50__psi1p00,hardzero_plus_depr,0.01,41,24,0.0,1,0.4345972,0.4345972,1.0616492,0.0,0.086766236,0.0,0.0,0.0063128355,-27.522299,2.335675,0.7785584,0.136,0.0,0.15978053,0.46000007,0.48000008,80000
hardzero_plus_depr__c0p58__z1p05__lam0p020__nu0p50__psi1p00,hardzero_plus_depr,0.01,41,25,0.0,1,0.4345972,0.43517914,1.0266582,0.09404632,0.09404632,1.0,0.00058194296,0.0061878334,-27.369333,2.258693,0.7528977,0.112,0.0,0.14761585,0.48000008,0.50000006,83200
hardzero_plus_depr__c0p58__z1p05__lam0p020__nu0p50__psi1p00,hardzero_plus_depr,0.01,41,26,0.0,1,0.43517914,0.43517914,1.0709491,0.0,0.084928,0.0,0.0,0.006065306,-28.599663,2.356135,0.78537834,0.16,0.0,0.19601794,0.50000006,0.52000004,86400
hardzero_plus_depr__c0p58__z1p05__lam0p020__nu0p50__psi1p00,hardzero_plus_depr,0.01,41,27,0.0,1,0.43517914,0.43577847,0.9965019,0.100808725,0.100808725,1.0,0.0005993285,0.0059452048,-27.041615,2.192348,0.7307827,0.120000005,0.0,0.14096855,0.52000004,0.54,89600
hardzero_plus_depr__c0p58__z1p05__lam0p020__nu0p50__psi1p00,hardzero_plus_depr,0.01,41,28,0.0,1,0.43577847,0.4363128,1.0376862,0.09168827,0.09168827,1.0,0.00053431175,0.0058274823,-27.589272,2.2829552,0.7609851,0.16800001,0.0,0.14833176,0.54,0.56,92800
hardzero_plus_depr__c0p58__z1p05__lam0p020__nu0p50__psi1p00,hardzero_plus_depr,0.01,41,29,0.0,1,0.4363128,0.43684757,1.0286238,0.093621634,0.093621634,1.0,0.00053477526,0.0057120905,-27.927961,2.2630177,0.7543392,0.072000004,0.0,0.14951716,0.56,0.58,96000
hardzero_plus_depr__c0p58__z1p05__lam0p020__nu0p50__psi1p00,hardzero_plus_depr,0.01,41,30,0.0,1,0.43684757,0.43684757,1.0675622,0.0,0.08559289,0.0,0.0,0.0055989837,-28.09503,2.3486838,0.7828946,0.17600001,0.0,0.1679172,0.58,0.59999996,99200
hardzero_plus_depr__c0p58__z1p05__lam0p020__nu0p50__psi1p00,hardzero_plus_depr,0.01,41,31,0.0,1,0.43684757,0.437395,1.0010976,0.0997476,0.0997476,1.0,0.00054742635,0.005488116,-27.131008,2.2024586,0.7341529,0.192,0.008,0.1702487,0.59999996,0.61999995,102400
hardzero_plus_depr__c0p58__z1p05__lam0p020__nu0p50__psi1p00,hardzero_plus_depr,0.01,41,32,0.0,1,0.437395,0.437395,1.069525,0.0,0.08520693,0.0,0.0,0.0053794445,-28.28085,2.353002,0.78433406,0.16800001,0.0,0.16582401,0.61999995,0.6399999,105600
hardzero_plus_depr__c0p58__z1p05__lam0p020__nu0p50__psi1p00,hardzero_plus_depr,0.01,41,33,0.0,1,0.437395,0.437395,1.0842351,0.0,0.0823692,0.0,0.0,0.005272924,-28.283413,2.3853648,0.7951216,0.120000005,0.0,0.16850695,0.6399999,0.6599999,108800
hardzero_plus_depr__c0p58__z1p05__lam0p020__nu0p50__psi1p00,hardzero_plus_depr,0.01,41,34,0.0,1,0.437395,0.437861,1.0450026,0.090156585,0.090156585,1.0,0.00046597552,0.0051685134,-27.941505,2.2990515,0.7663505,0.120000005,0.0,0.15246697,0.6599999,0.6799999,112000
hardzero_plus_depr__c0p58__z1p05__lam0p020__nu0p50__psi1p00,hardzero_plus_depr,0.01,41,35,0.0,1,0.437861,0.437861,1.0798031,0.0,0.08321408,0.0,0.0,0.0050661704,-28.007517,2.3756144,0.7918715,0.120000005,0.0,0.18499202,0.6799999,0.69999987,115200
hardzero_plus_depr__c0p58__z1p05__lam0p020__nu0p50__psi1p00,hardzero_plus_depr,0.01,41,36,0.0,1,0.437861,0.437861,1.1175631,0.0,0.0762846,0.0,0.0,0.0049658534,-29.805294,2.458688,0.8195627,0.15200001,0.0,0.20736347,0.69999987,0.71999985,118400
hardzero_plus_depr__c0p58__z1p05__lam0p020__nu0p50__psi1p00,hardzero_plus_depr,0.01,41,37,0.0,1,0.437861,0.437861,1.0696281,0.0,0.08518672,0.0,0.0,0.004867523,-27.163067,2.3532288,0.78440964,0.16800001,0.0,0.13965745,0.71999985,0.73999983,121600
hardzero_plus_depr__c0p58__z1p05__lam0p020__nu0p50__psi1p00,hardzero_plus_depr,0.01,41,38,0.0,1,0.437861,0.4383106,1.0257894,0.094234645,0.094234645,1.0,0.00044960668,0.00477114,-28.309856,2.2567816,0.75226057,0.2,0.0,0.16752976,0.73999983,0.7599998,124800
hardzero_plus_depr__c0p58__z1p05__lam0p020__nu0p50__psi1p00,hardzero_plus_depr,0.01,41,39,0.0,1,0.4383106,0.4383106,1.0729657,0.0,0.084534556,0.0,0.0,0.004676665,-27.989319,2.3605719,0.7868573,0.11,0.0,0.14542665,0.7599998,0.7799998,128000
hardzero_plus_depr__c0p58__z1p05__lam0p020__nu0p50__psi1p00,hardzero_plus_depr,0.01,41,40,0.0,1,0.4383106,0.43873993,1.0284536,0.093658336,0.093658336,1.0,0.00042933552,0.004584061,-27.499983,2.262643,0.7542144,0.16800001,0.0,0.15374807,0.7799998,0.7999998,131200
hardzero_plus_depr__c0p58__z1p05__lam0p020__nu0p50__psi1p00,hardzero_plus_depr,0.01,41,41,0.0,1,0.43873993,0.4391485,1.0413185,0.090924606,0.090924606,1.0,0.00040855067,0.0044932906,-27.530642,2.2909465,0.76364887,0.128,0.0,0.15946859,0.7999998,0.81999975,134400
hardzero_plus_depr__c0p58__z1p05__lam0p020__nu0p50__psi1p00,hardzero_plus_depr,0.01,41,42,0.0,1,0.4391485,0.4391485,1.0570451,0.0,0.087690964,0.0,0.0,0.004404317,-28.062716,2.3255458,0.77518195,0.136,0.0,0.1612801,0.81999975,0.83999974,137600
hardzero_plus_depr__c0p58__z1p05__lam0p020__nu0p50__psi1p00,hardzero_plus_depr,0.01,41,43,0.0,1,0.4391485,0.43953884,1.0437243,0.09042233,0.09042233,1.0,0.0003903628,0.004317106,-26.542759,2.2962394,0.76541317,0.15200001,0.0,0.15863678,0.83999974,0.8599997,140800
hardzero_plus_depr__c0p58__z1p05__lam0p020__nu0p50__psi1p00,hardzero_plus_depr,0.01,41,44,0.0,1,0.43953884,0.4399387,1.0246048,0.094492026,0.094492026,1.0,0.00039985453,0.004231622,-28.298906,2.2541757,0.7513919,0.16800001,0.0,0.14192247,0.8599997,0.8799997,144000
hardzero_plus_depr__c0p58__z1p05__lam0p020__nu0p50__psi1p00,hardzero_plus_depr,0.01,41,45,0.0,1,0.4399387,0.4399387,1.0577211,0.0,0.087554574,0.0,0.0,0.0041478304,-28.192272,2.327033,0.7756777,0.16000001,0.0,0.16557105,0.8799997,0.8999997,147200
hardzero_plus_depr__c0p58__z1p05__lam0p020__nu0p50__psi1p00,hardzero_plus_depr,0.01,41,46,0.0,1,0.4399387,0.44031188,1.0372148,0.09178785,0.09178785,1.0,0.00037318168,0.004065698,-27.319864,2.281918,0.76063937,0.17600001,0.0,0.16799274,0.8999997,0.91999966,150400
hardzero_plus_depr__c0p58__z1p05__lam0p020__nu0p50__psi1p00,hardzero_plus_depr,0.01,41,47,0.0,1,0.44031188,0.4406774,1.0375317,0.09172089,0.09172089,1.0,0.0003655253,0.0039851917,-27.919085,2.2826154,0.7608718,0.16000001,0.0,0.1812878,0.91999966,0.93999964,153600
hardzero_plus_depr__c0p58__z1p05__lam0p020__nu0p50__psi1p00,hardzero_plus_depr,0.01,41,48,0.0,1,0.4406774,0.44105354,1.0164143,0.096291,0.096291,1.0,0.00037613953,0.0039062793,-27.261385,2.236156,0.74538535,0.16000001,0.0,0.15352547,0.93999964,0.9599996,156800
hardzero_plus_depr__c0p58__z1p05__lam0p020__nu0p50__psi1p00,hardzero_plus_depr,0.01,41,49,0.0,1,0.44105354,0.44140348,1.0390893,0.09139252,0.09139252,1.0,0.00034993558,0.0038289302,-27.644949,2.2860422,0.7620141,0.104,0.0,0.19335404,0.9599996,0.9799996,160000
hardzero_plus_depr__c0p58__z1p05__lam0p020__nu0p50__psi1p00,hardzero_plus_depr,0.01,41,50,0.0,1,0.44140348,0.4417872,0.990354,0.102245934,0.102245934,1.0,0.0003837405,0.0037531124,-27.219076,2.1788223,0.72627413,0.208,0.0,0.16485108,0.9799996,0.9999996,163200
hardzero_plus_depr__c0p58__z1p05__lam0p020__nu0p50__psi1p00,hardzero_plus_depr,0.01,41,51,0.0,1,0.4417872,0.44216877,0.98415655,0.10371545,0.10371545,1.0,0.000381548,0.003678796,-26.979864,2.1651876,0.7217292,0.15200001,0.0,0.13953748,0.9999996,1.0199996,166400
hardzero_plus_depr__c0p58__z1p05__lam0p020__nu0p50__psi1p00,hardzero_plus_depr,0.01,41,52,0.0,1,0.44216877,0.44216877,1.0605196,0.0,0.08699223,0.0,0.0,0.0036059506,-27.990543,2.3331897,0.7777299,0.14999999,0.0,0.16632949,1.0199996,1.0399996,169600
hardzero_plus_depr__c0p58__z1p05__lam0p020__nu0p50__psi1p00,hardzero_plus_depr,0.01,41,53,0.0,1,0.44216877,0.4424876,1.044767,0.0902055,0.0902055,1.0,0.0003188357,0.0035345482,-27.281212,2.2985334,0.76617783,0.192,0.0,0.1789615,1.0399996,1.0599996,172800
hardzero_plus_depr__c0p58__z1p05__lam0p020__nu0p50__psi1p00,hardzero_plus_depr,0.01,41,54,0.0,1,0.4424876,0.4428211,1.0165864,0.09625285,0.09625285,1.0,0.00033347373,0.0034645593,-26.746223,2.2365348,0.74551165,0.072000004,0.0,0.14947888,1.0599996,1.0799996,176000
hardzero_plus_depr__c0p58__z1p05__lam0p020__nu0p50__psi1p00,hardzero_plus_depr,0.01,41,55,0.0,1,0.4428211,0.4428211,1.0510263,0.0,0.08891472,0.0,0.0,0.0033959565,-28.14957,2.3123043,0.7707681,0.15200001,0.0,0.20533292,1.0799996,1.0999995,179200
hardzero_plus_depr__c0p58__z1p05__lam0p020__nu0p50__psi1p00,hardzero_plus_depr,0.01,41,56,0.0,1,0.4428211,0.44312173,1.0442212,0.090318926,0.090318926,1.0,0.0003006457,0.0033287122,-27.88131,2.2973325,0.7657775,0.18400002,0.0,0.15413587,1.0999995,1.1199995,182400
hardzero_plus_depr__c0p58__z1p05__lam0p020__nu0p50__psi1p00,hardzero_plus_depr,0.01,41,57,0.0,1,0.44312173,0.44312173,1.0594882,0.0,0.08719906,0.0,0.0,0.0032627997,-27.207802,2.3309205,0.7769735,0.14400001,0.0,0.1663832,1.1199995,1.1399995,185600
hardzero_plus_depr__c0p58__z1p05__lam0p020__nu0p50__psi1p00,hardzero_plus_depr,0.01,41,58,0.0,1,0.44312173,0.4434313,1.0141628,0.096791506,0.096791506,1.0,0.0003095578,0.0031981918,-26.517855,2.2312026,0.74373424,0.14400001,0.0,0.14298175,1.1399995,1.1599995,188800
hardzero_plus_depr__c0p58__z1p05__lam0p020__nu0p50__psi1p00,hardzero_plus_depr,0.01,41,59,0.0,1,0.4434313,0.4434313,1.0543694,0.0,0.088232905,0.0,0.0,0.0031348632,-27.858747,2.3196592,0.77321976,0.18400002,0.0,0.1869293,1.1599995,1.1799995,192000
hardzero_plus_depr__c0p58__z1p05__lam0p020__nu0p50__psi1p00,hardzero_plus_depr,0.01,41,60,0.0,1,0.4434313,0.4437249,1.0197656,0.09555082,0.09555082,1.0,0.0002936075,0.003072789,-27.132158,2.243529,0.747843,0.18400002,0.0,0.17006493,1.1799995,1.1999995,195200
hardzero_plus_depr__c0p58__z1p05__lam0p020__nu0p50__psi1p00,hardzero_plus_depr,0.01,41,61,0.0,1,0.4437249,0.44402254,1.0051522,0.098820664,0.098820664,1.0,0.00029764225,0.0030119435,-26.715067,2.211379,0.73712635,0.15200001,0.0,0.14481461,1.1999995,1.2199994,198400
hardzero_plus_depr__c0p58__z1p05__lam0p020__nu0p50__psi1p00,hardzero_plus_depr,0.01,41,62,0.0,1,0.44402254,0.44429004,1.0428486,0.090604834,0.090604834,1.0,0.00026749296,0.0029523033,-27.658237,2.2943127,0.7647709,0.16800001,0.0,0.16248034,1.2199994,1.2399994,201600
hardzero_plus_depr__c0p58__z1p05__lam0p020__nu0p50__psi1p00,hardzero_plus_depr,0.01,41,63,0.0,1,0.44429004,0.44456616,1.0203761,0.09541659,0.09541659,1.0,0.00027612073,0.002893844,-27.80696,2.244872,0.7482907,0.17600001,0.0,0.16725686,1.2399994,1.2599994,204800
hardzero_plus_depr__c0p58__z1p05__lam0p020__nu0p50__psi1p00,hardzero_plus_depr,0.01,41,64,0.0,1,0.44456616,0.44456616,1.0583065,0.0,0.087436646,0.0,0.0,0.0028365417,-28.018076,2.3283207,0.77610695,0.208,0.0,0.14578958,1.2599994,1.2799994,208000
hardzero_plus_depr__c0p58__z1p05__lam0p020__nu0p50__psi1p00,hardzero_plus_depr,0.01,41,65,0.0,1,0.44456616,0.44484183,1.003706,0.09915031,0.09915031,1.0,0.00027567503,0.0027803748,-26.933878,2.2081974,0.7360658,0.13,0.01,0.16113324,1.2799994,1.2999994,211200
hardzero_plus_depr__c0p58__z1p05__lam0p020__nu0p50__psi1p00,hardzero_plus_depr,0.01,41,66,0.0,1,0.44484183,0.44509396,1.0338098,0.09251033,0.09251033,1.0,0.0002521202,0.0027253195,-27.798847,2.274427,0.75814235,0.104,0.0,0.14897212,1.2999994,1.3199993,214400
hardzero_plus_depr__c0p58__z1p05__lam0p020__nu0p50__psi1p00,hardzero_plus_depr,0.01,41,67,0.0,1,0.44509396,0.44509396,1.0539235,0.0,0.08832355,0.0,0.0,0.0026713547,-27.644787,2.318678,0.77289265,0.16800001,0.0,0.15552449,1.3199993,1.3399993,217600
hardzero_plus_depr__c0p58__z1p05__lam0p020__nu0p50__psi1p00,hardzero_plus_depr,0.01,41,68,0.0,1,0.44509396,0.445331,1.0431973,0.09053213,0.09053213,1.0,0.00023705464,0.0026184586,-27.589943,2.29508,0.7650267,0.192,0.0,0.18670538,1.3399993,1.3599993,220800
hardzero_plus_depr__c0p58__z1p05__lam0p020__nu0p50__psi1p00,hardzero_plus_depr,0.01,41,69,0.0,1,0.445331,0.445331,1.0566738,0.0,0.08776597,0.0,0.0,0.0025666095,-27.84319,2.3247287,0.7749096,0.16800001,0.0,0.16479567,1.3599993,1.3799993,224000
hardzero_plus_depr__c0p58__z1p05__lam0p020__nu0p50__psi1p00,hardzero_plus_depr,0.01,41,70,0.0,1,0.445331,0.445331,1.0639465,0.0,0.08630848,0.0,0.0,0.0025157875,-28.262743,2.340729,0.78024304,0.120000005,0.0,0.17403266,1.3799993,1.3999993,227200
hardzero_plus_depr__c0p58__z1p05__lam0p020__nu0p50__psi1p00,hardzero_plus_depr,0.01,41,71,0.0,1,0.445331,0.44557083,1.0121088,0.09725035,0.09725035,1.0,0.00023981657,0.0024659713,-26.591024,2.2266839,0.742228,0.128,0.0,0.14720568,1.3999993,1.4199992,230400
hardzero_plus_depr__c0p58__z1p05__lam0p020__nu0p50__psi1p00,hardzero_plus_depr,0.01,41,72,0.0,1,0.44557083,0.4458141,0.9972107,0.100644335,0.100644335,1.0,0.00024327166,0.002417142,-26.135529,2.1939073,0.73130244,0.17600001,0.0,0.14857,1.4199992,1.4399992,233600
hardzero_plus_depr__c0p58__z1p05__lam0p020__nu0p50__psi1p00,hardzero_plus_depr,0.01,41,73,0.0,1,0.4458141,0.44605118,0.9996996,0.10006919,0.10006919,1.0,0.00023709188,0.0023692795,-26.206736,2.199383,0.7331277,0.192,0.0,0.1765853,1.4399992,1.4599992,236800
hardzero_plus_depr__c0p58__z1p05__lam0p020__nu0p50__psi1p00,hardzero_plus_depr,0.01,41,74,0.0,1,0.44605118,0.4462592,1.0478375,0.08956999,0.08956999,1.0,0.00020801419,0.0023223646,-27.50051,2.3052886,0.7684295,0.18400002,0.0,0.16664746,1.4599992,1.4799992,240000
hardzero_plus_depr__c0p58__z1p05__lam0p020__nu0p50__psi1p00,hardzero_plus_depr,0.01,41,75,0.0,1,0.4462592,0.44649023,0.9935914,0.101486556,0.101486556,1.0,0.00023102183,0.0022763787,-26.649437,2.1859448,0.7286483,0.192,0.0,0.16594343,1.4799992,1.4999992,243200
hardzero_plus_depr__c0p58__z1p05__lam0p020__nu0p50__psi1p00,hardzero_plus_depr,0.01,41,76,0.0,1,0.44649023,0.44669566,1.035907,0.09206466,0.09206466,1.0,0.00020542418,0.0022313034,-27.182165,2.279041,0.7596804,0.136,0.0,0.15362443,1.4999992,1.5199991,246400
hardzero_plus_depr__c0p58__z1p05__lam0p020__nu0p50__psi1p00,hardzero_plus_depr,0.01,41,77,0.0,1,0.44669566,0.44689396,1.0425593,0.09066523,0.09066523,1.0,0.00019829582,0.002187121,-27.507069,2.2936761,0.76455873,0.136,0.0,0.17363149,1.5199991,1.5399991,249600
hardzero_plus_depr__c0p58__z1p05__lam0p020__nu0p50__psi1p00,hardzero_plus_depr,0.01,41,78,0.0,1,0.44689396,0.4470955,1.0267715,0.09402177,0.09402177,1.0,0.0002015651,0.002143813,-28.703808,2.2589426,0.7529809,0.11,0.0,0.15785807,1.5399991,1.5599991,252800
hardzero_plus_depr__c0p58__z1p05__lam0p020__nu0p50__psi1p00,hardzero_plus_depr,0.01,41,79,0.0,1,0.4470955,0.4470955,1.0510167,0.0,0.0889167,0.0,0.0,0.0021013625,-27.984236,2.3122828,0.77076095,0.16000001,0.0,0.18646996,1.5599991,1.5799991,256000
hardzero_plus_depr__c0p58__z1p05__lam0p020__nu0p50__psi1p00,hardzero_plus_depr,0.01,41,80,0.0,1,0.4470955,0.4472869,1.0318841,0.092921436,0.092921436,1.0,0.00019139519,0.0020597528,-27.309286,2.2701902,0.7567301,0.136,0.0,0.16190837,1.5799991,1.5999991,259200
hardzero_plus_depr__c0p58__z1p05__lam0p020__nu0p50__psi1p00,hardzero_plus_depr,0.01,41,81,0.0,1,0.4472869,0.44746935,1.04402,0.090360776,0.090360776,1.0,0.00018243544,0.0020189672,-27.65206,2.29689,0.76563,0.17600001,0.0,0.14891969,1.5999991,1.619999,262400
hardzero_plus_depr__c0p58__z1p05__lam0p020__nu0p50__psi1p00,hardzero_plus_depr,0.01,41,82,0.0,1,0.44746935,0.44766918,0.9957715,0.10097838,0.10097838,1.0,0.0001998351,0.001978989,-26.654018,2.190741,0.730247,0.192,0.0,0.16211665,1.619999,1.639999,265600
hardzero_plus_depr__c0p58__z1p05__lam0p020__nu0p50__psi1p00,hardzero_plus_depr,0.01,41,83,0.0,1,0.44766918,0.44766918,1.0534099,0.0,0.08842806,0.0,0.0,0.0019398023,-27.591154,2.317548,0.772516,0.216,0.0,0.15224464,1.639999,1.659999,268800
hardzero_plus_depr__c0p58__z1p05__lam0p020__nu0p50__psi1p00,hardzero_plus_depr,0.01,41,84,0.0,1,0.44766918,0.44787264,0.9705897,0.10700653,0.10700653,1.0,0.00020346131,0.0019013915,-26.510788,2.13534,0.71178,0.208,0.0,0.1584772,1.659999,1.679999,272000
hardzero_plus_depr__c0p58__z1p05__lam0p020__nu0p50__psi1p00,hardzero_plus_depr,0.01,41,85,0.0,1,0.44787264,0.44804806,1.0263364,0.09411603,0.09411603,1.0,0.00017540796,0.0018637415,-27.638458,2.257985,0.7526617,0.208,0.0,0.15006046,1.679999,1.699999,275200
hardzero_plus_depr__c0p58__z1p05__lam0p020__nu0p50__psi1p00,hardzero_plus_depr,0.01,41,86,0.0,1,0.44804806,0.4482222,1.0207794,0.095328026,0.095328026,1.0,0.00017414878,0.0018268372,-27.122213,2.2457595,0.74858654,0.16000001,0.0,0.1589517,1.699999,1.719999,278400
hardzero_plus_depr__c0p58__z1p05__lam0p020__nu0p50__psi1p00,hardzero_plus_depr,0.01,41,87,0.0,1,0.4482222,0.4482222,1.1170112,0.0,0.07638161,0.0,0.0,0.0017906635,-28.02768,2.4574738,0.81915796,0.120000005,0.0,0.18267557,1.719999,1.7399989,281600
hardzero_plus_depr__c0p58__z1p05__lam0p020__nu0p50__psi1p00,hardzero_plus_depr,0.01,41,88,0.0,1,0.4482222,0.4482222,1.0779912,0.0,0.08356199,0.0,0.0,0.0017552058,-27.907627,2.371628,0.7905427,0.16000001,0.0,0.1692248,1.7399989,1.7599989,284800
hardzero_plus_depr__c0p58__z1p05__lam0p020__nu0p50__psi1p00,hardzero_plus_depr,0.01,41,89,0.0,1,0.4482222,0.44839534,0.9972143,0.10064347,0.10064347,1.0,0.0001731521,0.0017204505,-26.68723,2.1939154,0.7313051,0.14400001,0.0,0.14788713,1.7599989,1.7799989,288000
hardzero_plus_depr__c0p58__z1p05__lam0p020__nu0p50__psi1p00,hardzero_plus_depr,0.01,41,90,0.0,1,0.44839534,0.44854742,1.0448546,0.09018728,0.09018728,1.0,0.00015209032,0.0016863833,-27.43603,2.298726,0.766242,0.14400001,0.0,0.1508907,1.7799989,1.7999989,291200
hardzero_plus_depr__c0p58__z1p05__lam0p020__nu0p50__psi1p00,hardzero_plus_depr,0.01,41,91,0.0,1,0.44854742,0.44854742,1.0831901,0.0,0.082567655,0.0,0.0,0.0016529908,-27.956444,2.3830657,0.7943553,0.13,0.0,0.1633003,1.7999989,1.8199989,294400
hardzero_plus_depr__c0p58__z1p05__lam0p020__nu0p50__psi1p00,hardzero_plus_depr,0.01,41,92,0.0,1,0.44854742,0.44869235,1.0484138,0.08945121,0.08945121,1.0,0.00014493417,0.0016202594,-27.3866,2.3065562,0.7688521,0.208,0.0,0.1469128,1.8199989,1.8399988,297600
hardzero_plus_depr__c0p58__z1p05__lam0p020__nu0p50__psi1p00,hardzero_plus_depr,0.01,41,93,0.0,1,0.44869235,0.44869235,1.061625,0.0,0.086771086,0.0,0.0,0.001588176,-26.68785,2.3356216,0.77854055,0.15200001,0.0,0.14873376,1.8399988,1.8599988,300800
hardzero_plus_depr__c0p58__z1p05__lam0p020__nu0p50__psi1p00,hardzero_plus_depr,0.01,41,94,0.0,1,0.44869235,0.44869235,1.0913821,0.0,0.08102478,0.0,0.0,0.001556728,-28.664457,2.4010887,0.80036294,0.136,0.0,0.17401072,1.8599988,1.8799988,304000
hardzero_plus_depr__c0p58__z1p05__lam0p020__nu0p50__psi1p00,hardzero_plus_depr,0.01,41,95,0.0,1,0.44869235,0.44885138,0.9820563,0.10421821,0.10421821,1.0,0.00015902687,0.0015259029,-27.085516,2.160567,0.72018903,0.14400001,0.0,0.14811322,1.8799988,1.8999988,307200
hardzero_plus_depr__c0p58__z1p05__lam0p020__nu0p50__psi1p00,hardzero_plus_depr,0.01,41,96,0.0,1,0.44885138,0.44885138,1.0546368,0.0,0.088178605,0.0,0.0,0.0014956879,-27.846857,2.3202474,0.7734158,0.080000006,0.0,0.16458143,1.8999988,1.9199988,310400
hardzero_plus_depr__c0p58__z1p05__lam0p020__nu0p50__psi1p00,hardzero_plus_depr,0.01,41,97,0.0,1,0.44885138,0.44898534,1.0391607,0.091377504,0.091377504,1.0,0.00013396594,0.0014660712,-27.889479,2.2861993,0.7620665,0.16800001,0.0,0.156319,1.9199988,1.9399987,313600
hardzero_plus_depr__c0p58__z1p05__lam0p020__nu0p50__psi1p00,hardzero_plus_depr,0.01,41,98,0.0,1,0.44898534,0.44912094,1.0251601,0.09437129,0.09437129,1.0,0.00013561545,0.0014370414,-27.524355,2.2553973,0.7517991,0.16000001,0.0,0.15163714,1.9399987,1.9599987,316800
hardzero_plus_depr__c0p58__z1p05__lam0p020__nu0p50__psi1p00,hardzero_plus_depr,0.01,41,99,0.0,1,0.44912094,0.44924954,1.0395981,0.09128553,0.09128553,1.0,0.00012858352,0.001408586,-27.295954,2.2871616,0.7623872,0.17600001,0.0,0.14621638,1.9599987,1.9799987,320000
hardzero_plus_depr__c0p58__z1p05__lam0p020__nu0p50__psi1p00,hardzero_plus_depr,0.01,41,100,0.0,1,0.44924954,0.44939062,0.9906585,0.10217426,0.10217426,1.0,0.0001410714,0.0013806942,-27.211872,2.1794922,0.7264974,0.192,0.0,0.13558377,1.9799987,1.9999987,323200
hardzero_plus_depr__c0p58__z1p05__lam0p020__nu0p50__psi1p00,hardzero_plus_depr,0.01,41,101,0.0,1,0.44939062,0.44953057,0.9854569,0.10340538,0.10340538,1.0,0.00013994414,0.0013533545,-27.25468,2.1680484,0.72268283,0.18400002,0.0,0.17710182,1.9999987,2.0199988,326400
hardzero_plus_depr__c0p58__z1p05__lam0p020__nu0p50__psi1p00,hardzero_plus_depr,0.01,41,102,0.0,1,0.44953057,0.44965765,1.0186734,0.095791414,0.095791414,1.0,0.00012707271,0.0013265563,-26.836533,2.2411263,0.7470421,0.216,0.0,0.17826274,2.0199988,2.0399988,329600
hardzero_plus_depr__c0p58__z1p05__lam0p020__nu0p50__psi1p00,hardzero_plus_depr,0.01,41,103,0.0,1,0.44965765,0.44965765,1.072937,0.0,0.08454014,0.0,0.0,0.0013002887,-28.641035,2.3605084,0.78683615,0.15200001,0.0,0.14691249,2.0399988,2.0599988,332800
hardzero_plus_depr__c0p58__z1p05__lam0p020__nu0p50__psi1p00,hardzero_plus_depr,0.01,41,104,0.0,1,0.44965765,0.44977146,1.0491527,0.08929914,0.08929914,1.0,0.00011381544,0.0012745413,-26.477774,2.308182,0.76939404,0.17,0.0,0.16389504,2.0599988,2.0799987,336000
hardzero_plus_depr__c0p58__z1p05__lam0p020__nu0p50__psi1p00,hardzero_plus_depr,0.01,41,105,0.0,1,0.44977146,0.4499023,0.9799982,0.104713306,0.104713306,1.0,0.00013081872,0.0012493037,-26.888628,2.156039,0.71867967,0.128,0.0,0.13232142,2.0799987,2.0999987,339200
hardzero_plus_depr__c0p58__z1p05__lam0p020__nu0p50__psi1p00,hardzero_plus_depr,0.01,41,106,0.0,1,0.4499023,0.4500196,1.0186808,0.09578979,0.09578979,1.0,0.00011730091,0.0012245659,-26.992218,2.2411425,0.74704754,0.16000001,0.0,0.13265097,2.0999987,2.1199987,342400
hardzero_plus_depr__c0p58__z1p05__lam0p020__nu0p50__psi1p00,hardzero_plus_depr,0.01,41,107,0.0,1,0.4500196,0.4500196,1.0872334,0.0,0.081802495,0.0,0.0,0.0012003179,-28.538382,2.3919613,0.7973205,0.16800001,0.0,0.19420932,2.1199987,2.1399987,345600
hardzero_plus_depr__c0p58__z1p05__lam0p020__nu0p50__psi1p00,hardzero_plus_depr,0.01,41,108,0.0,1,0.4500196,0.4501274,1.0379808,0.09162609,0.09162609,1.0,0.000107802676,0.0011765499,-27.66983,2.2836034,0.76120114,0.15200001,0.0,0.14125611,2.1399987,2.1599987,348800
hardzero_plus_depr__c0p58__z1p05__lam0p020__nu0p50__psi1p00,hardzero_plus_depr,0.01,41,109,0.0,1,0.4501274,0.4501274,1.062008,0.0,0.08669459,0.0,0.0,0.0011532527,-27.812056,2.3364644,0.77882147,0.16000001,0.0,0.17739326,2.1599987,2.1799986,352000
hardzero_plus_depr__c0p58__z1p05__lam0p020__nu0p50__psi1p00,hardzero_plus_depr,0.01,41,110,0.0,1,0.4501274,0.45023078,1.0387788,0.0914579,0.0914579,1.0,0.00010338556,0.0011304169,-27.22814,2.285359,0.76178634,0.136,0.0,0.14698486,2.1799986,2.1999986,355200
hardzero_plus_depr__c0p58__z1p05__lam0p020__nu0p50__psi1p00,hardzero_plus_depr,0.01,41,111,0.0,1,0.45023078,0.45033544,1.0247524,0.09445993,0.09445993,1.0,0.000104664716,0.001108033,-27.158237,2.2545002,0.75150007,0.104,0.0,0.15188476,2.1999986,2.2199986,358400
hardzero_plus_depr__c0p58__z1p05__lam0p020__nu0p50__psi1p00,hardzero_plus_depr,0.01,41,112,0.0,1,0.45033544,0.45033544,1.0766582,0.0,0.08381885,0.0,0.0,0.0010860927,-28.324747,2.3686955,0.7895652,0.096,0.0,0.1734541,2.2199986,2.2399986,361600
hardzero_plus_depr__c0p58__z1p05__lam0p020__nu0p50__psi1p00,hardzero_plus_depr,0.01,41,113,0.0,1,0.45033544,0.45043617,1.0240152,0.094620414,0.094620414,1.0,0.000100731624,0.0010645866,-26.66496,2.2528784,0.7509595,0.14400001,0.0,0.15358816,2.2399986,2.2599986,364800
hardzero_plus_depr__c0p58__z1p05__lam0p020__nu0p50__psi1p00,hardzero_plus_depr,0.01,41,114,0.0,1,0.45043617,0.4505297,1.0475798,0.08962315,0.08962315,1.0,9.352233e-05,0.0010435063,-27.183441,2.3047216,0.7682406,0.15200001,0.0,0.1549701,2.2599986,2.2799985,368000
hardzero_plus_depr__c0p58__z1p05__lam0p020__nu0p50__psi1p00,hardzero_plus_depr,0.01,41,115,0.0,1,0.4505297,0.45062727,1.0204474,0.09540094,0.09540094,1.0,9.758023e-05,0.0010228435,-26.980896,2.245029,0.748343,0.136,0.0,0.13893472,2.2799985,2.2999985,371200
hardzero_plus_depr__c0p58__z1p05__lam0p020__nu0p50__psi1p00,hardzero_plus_depr,0.01,41,116,0.0,1,0.45062727,0.4507208,1.0301713,0.09328863,0.09328863,1.0,9.3530245e-05,0.0010025899,-27.09435,2.266422,0.75547403,0.2,0.0,0.16962501,2.2999985,2.3199985,374400
hardzero_plus_depr__c0p58__z1p05__lam0p020__nu0p50__psi1p00,hardzero_plus_depr,0.01,41,117,0.0,1,0.4507208,0.45081776,1.0057999,0.098673396,0.098673396,1.0,9.697003e-05,0.0009827373,-27.131317,2.2128038,0.7376013,0.16,0.0,0.15384026,2.3199985,2.3399985,377600
hardzero_plus_depr__c0p58__z1p05__lam0p020__nu0p50__psi1p00,hardzero_plus_depr,0.01,41,118,0.0,1,0.45081776,0.4509063,1.0365953,0.09191887,0.09191887,1.0,8.854341e-05,0.0009632779,-28.399582,2.2805552,0.7601851,0.18400002,0.0,0.16720991,2.3399985,2.3599985,380800
hardzero_plus_depr__c0p58__z1p05__lam0p020__nu0p50__psi1p00,hardzero_plus_depr,0.01,41,119,0.0,1,0.4509063,0.45099783,1.0135463,0.096928984,0.096928984,1.0,9.1520706e-05,0.0009442037,-26.924065,2.2298465,0.7432822,0.16800001,0.0,0.14123306,2.3599985,2.3799984,384000
hardzero_plus_depr__c0p58__z1p05__lam0p020__nu0p50__psi1p00,hardzero_plus_depr,0.01,41,120,0.0,1,0.45099783,0.45099783,1.0781782,0.0,0.083526015,0.0,0.0,0.00092550716,-28.054598,2.3720393,0.7906798,0.16800001,0.0,0.16271456,2.3799984,2.3999984,387200
hardzero_plus_depr__c0p58__z1p05__lam0p020__nu0p50__psi1p00,hardzero_plus_depr,0.01,41,121,0.0,1,0.45099783,0.4510872,1.0065157,0.098510906,0.098510906,1.0,8.936722e-05,0.00090718095,-26.629316,2.2143788,0.7381263,0.112,0.0,0.14078972,2.3999984,2.4199984,390400
hardzero_plus_depr__c0p58__z1p05__lam0p020__nu0p50__psi1p00,hardzero_plus_depr,0.01,41,122,0.0,1,0.4510872,0.45116928,1.034801,0.092299424,0.092299424,1.0,8.2074264e-05,0.00088921754,-27.123829,2.2766078,0.7588693,0.096,0.0,0.1587737,2.4199984,2.4399984,393600
hardzero_plus_depr__c0p58__z1p05__lam0p020__nu0p50__psi1p00,hardzero_plus_depr,0.01,41,123,0.0,1,0.45116928,0.4512542,1.0114549,0.09739688,0.09739688,1.0,8.489208e-05,0.0008716099,-27.671244,2.2252452,0.74174845,0.16000001,0.0,0.16346128,2.4399984,2.4599984,396800
hardzero_plus_depr__c0p58__z1p05__lam0p020__nu0p50__psi1p00,hardzero_plus_depr,0.01,41,124,0.0,1,0.4512542,0.4512542,1.0735765,0.0,0.08441577,0.0,0.0,0.00085435086,-28.774366,2.3619153,0.7873051,0.16800001,0.0,0.17964777,2.4599984,2.4799984,400000
hardzero_plus_depr__c0p58__z1p05__lam0p020__nu0p50__psi1p00,hardzero_plus_depr,0.01,41,125,0.0,1,0.4512542,0.45133284,1.0272413,0.09392011,0.09392011,1.0,7.865186e-05,0.0008374336,-27.05087,2.2599761,0.7533254,0.08800001,0.0,0.15449387,2.4799984,2.4999983,403200
hardzero_plus_depr__c0p58__z1p05__lam0p020__nu0p50__psi1p00,hardzero_plus_depr,0.01,41,126,0.0,1,0.45133284,0.45140797,1.0384537,0.09152638,0.09152638,1.0,7.512955e-05,0.0008208513,-27.869576,2.2846437,0.7615479,0.128,0.0,0.18196379,2.4999983,2.5199983,406400
hardzero_plus_depr__c0p58__z1p05__lam0p020__nu0p50__psi1p00,hardzero_plus_depr,0.01,41,127,0.0,1,0.45140797,0.45148432,1.0226747,0.094912924,0.094912924,1.0,7.636669e-05,0.0008045974,-27.206644,2.2499292,0.7499764,0.096,0.0,0.15052547,2.5199983,2.5399983,409600
hardzero_plus_depr__c0p58__z1p05__lam0p020__nu0p50__psi1p00,hardzero_plus_depr,0.01,41,128,0.0,1,0.45148432,0.45148432,1.0558972,0.0,0.08792306,0.0,0.0,0.0007886653,-26.925045,2.3230202,0.7743401,0.136,0.008,0.1796668,2.5399983,2.5599983,412800
hardzero_plus_depr__c0p58__z1p05__lam0p020__nu0p50__psi1p00,hardzero_plus_depr,0.01,41,129,0.0,1,0.45148432,0.45155764,1.0230353,0.094834134,0.094834134,1.0,7.33114e-05,0.00077304867,-26.797071,2.2507226,0.7502409,0.16000001,0.0,0.15569027,2.5599983,2.5799983,416000
hardzero_plus_depr__c0p58__z1p05__lam0p020__nu0p50__psi1p00,hardzero_plus_depr,0.01,41,130,0.0,1,0.45155764,0.4516354,0.98882425,0.102606714,0.102606714,1.0,7.7749355e-05,0.0007577414,-26.47521,2.1754568,0.72515225,0.19999999,0.0,0.14166805,2.5799983,2.5999982,419200
hardzero_plus_depr__c0p58__z1p05__lam0p020__nu0p50__psi1p00,hardzero_plus_depr,0.01,41,131,0.0,1,0.4516354,0.4516354,1.0590233,0.0,0.08729246,0.0,0.0,0.0007427371,-26.927786,2.3298976,0.77663255,0.136,0.0,0.17584541,2.5999982,2.6199982,422400
hardzero_plus_depr__c0p58__z1p05__lam0p020__nu0p50__psi1p00,hardzero_plus_depr,0.01,41,132,0.0,1,0.4516354,0.4517015,1.0420004,0.09078197,0.09078197,1.0,6.6092e-05,0.00072803,-27.576937,2.2924466,0.7641489,0.17600001,0.0,0.14697543,2.6199982,2.6399982,425600
hardzero_plus_depr__c0p58__z1p05__lam0p020__nu0p50__psi1p00,hardzero_plus_depr,0.01,41,133,0.0,1,0.4517015,0.45176634,1.0415573,0.09087463,0.09087463,1.0,6.48494e-05,0.000713614,-27.724253,2.2914717,0.7638239,0.096,0.0,0.14903153,2.6399982,2.6599982,428800
hardzero_plus_depr__c0p58__z1p05__lam0p020__nu0p50__psi1p00,hardzero_plus_depr,0.01,41,134,0.0,1,0.45176634,0.45176634,1.0844496,0.0,0.08232853,0.0,0.0,0.00069948344,-28.16503,2.3858368,0.79527897,0.128,0.0,0.18252432,2.6599982,2.6799982,432000
hardzero_plus_depr__c0p58__z1p05__lam0p020__nu0p50__psi1p00,hardzero_plus_depr,0.01,41,135,0.0,1,0.45176634,0.45184094,0.96340847,0.10879064,0.10879064,1.0,7.4590425e-05,0.00068563275,-26.298872,2.119541,0.70651364,0.17600001,0.0,0.160096,2.6799982,2.6999981,435200
hardzero_plus_depr__c0p58__z1p05__lam0p020__nu0p50__psi1p00,hardzero_plus_depr,0.01,41,136,0.0,1,0.45184094,0.45190105,1.0485197,0.08942939,0.08942939,1.0,6.010159e-05,0.00067205634,-28.094402,2.3067894,0.76892984,0.112,0.0,0.17282712,2.6999981,2.7199981,438400
hardzero_plus_depr__c0p58__z1p05__lam0p020__nu0p50__psi1p00,hardzero_plus_depr,0.01,41,137,0.0,1,0.45190105,0.45196572,1.0080603,0.09816114,0.09816114,1.0,6.466353e-05,0.0006587488,-26.667557,2.217777,0.739259,0.18400002,0.0,0.14998531,2.7199981,2.739998,441600
hardzero_plus_depr__c0p58__z1p05__lam0p020__nu0p50__psi1p00,hardzero_plus_depr,0.01,41,138,0.0,1,0.45196572,0.4520281,1.0149328,0.09662003,0.09662003,1.0,6.2388004e-05,0.0006457047,-26.342218,2.2328966,0.7442989,0.128,0.0,0.1628108,2.739998,2.759998,444800
hardzero_plus_depr__c0p58__z1p05__lam0p020__nu0p50__psi1p00,hardzero_plus_depr,0.01,41,139,0.0,1,0.4520281,0.45208645,1.0352696,0.092199884,0.092199884,1.0,5.8355043e-05,0.00063291885,-27.342978,2.2776387,0.7592129,0.128,0.0,0.15337288,2.759998,2.779998,448000
hardzero_plus_depr__c0p58__z1p05__lam0p020__nu0p50__psi1p00,hardzero_plus_depr,0.01,41,140,0.0,1,0.45208645,0.45208645,1.0578362,0.0,0.08753138,0.0,0.0,0.0006203863,-28.009306,2.327286,0.775762,0.128,0.0,0.16703807,2.779998,2.799998,451200
hardzero_plus_depr__c0p58__z1p05__lam0p020__nu0p50__psi1p00,hardzero_plus_depr,0.01,41,141,0.0,1,0.45208645,0.45208645,1.075483,0.0,0.084046,0.0,0.0,0.00060810184,-27.866259,2.3661098,0.7887033,0.14400001,0.0,0.1838671,2.799998,2.819998,454400
hardzero_plus_depr__c0p58__z1p05__lam0p020__nu0p50__psi1p00,hardzero_plus_depr,0.01,41,142,0.0,1,0.45208645,0.45214427,1.0133381,0.09697547,0.09697547,1.0,5.7803256e-05,0.0005960606,-26.26959,2.2293882,0.74312943,0.072000004,0.0,0.13887773,2.819998,2.839998,457600
hardzero_plus_depr__c0p58__z1p05__lam0p020__nu0p50__psi1p00,hardzero_plus_depr,0.01,41,143,0.0,1,0.45214427,0.45220852,0.95870304,0.10997574,0.10997574,1.0,6.4254185e-05,0.0005842578,-25.968086,2.1091888,0.70306295,0.22999999,0.0,0.15799531,2.839998,2.859998,460800
hardzero_plus_depr__c0p58__z1p05__lam0p020__nu0p50__psi1p00,hardzero_plus_depr,0.01,41,144,0.0,1,0.45220852,0.45226893,0.9768097,0.105484895,0.105484895,1.0,6.041001e-05,0.0005726887,-26.88369,2.1490242,0.71634144,0.16000001,0.0,0.14208351,2.859998,2.879998,464000
hardzero_plus_depr__c0p58__z1p05__lam0p020__nu0p50__psi1p00,hardzero_plus_depr,0.01,41,145,0.0,1,0.45226893,0.4523212,1.0309671,0.09311784,0.09311784,1.0,5.227158e-05,0.00056134874,-27.215096,2.268173,0.7560577,0.2,0.0,0.1913207,2.879998,2.899998,467200
hardzero_plus_depr__c0p58__z1p05__lam0p020__nu0p50__psi1p00,hardzero_plus_depr,0.01,41,146,0.0,1,0.4523212,0.452374,1.017751,0.0959951,0.0959951,1.0,5.2819698e-05,0.0005502333,-27.438622,2.2390969,0.74636567,0.14400001,0.0,0.16414823,2.899998,2.919998,470400
hardzero_plus_depr__c0p58__z1p05__lam0p020__nu0p50__psi1p00,hardzero_plus_depr,0.01,41,147,0.0,1,0.452374,0.452374,1.0590013,0.0,0.08729686,0.0,0.0,0.00053933804,-27.657324,2.3298495,0.7766165,0.14400001,0.0,0.16225736,2.919998,2.939998,473600
hardzero_plus_depr__c0p58__z1p05__lam0p020__nu0p50__psi1p00,hardzero_plus_depr,0.01,41,148,0.0,1,0.452374,0.45242408,1.0235642,0.09471871,0.09471871,1.0,5.007384e-05,0.0005286584,-27.408411,2.2518861,0.7506287,0.16000001,0.0,0.17419708,2.939998,2.959998,476800
hardzero_plus_depr__c0p58__z1p05__lam0p020__nu0p50__psi1p00,hardzero_plus_depr,0.01,41,149,0.0,1,0.45242408,0.45247293,1.02574,0.09424535,0.09424535,1.0,4.8837024e-05,0.00051819027,-27.311323,2.256673,0.7522244,0.16000001,0.0,0.15535527,2.959998,2.9799979,480000
hardzero_plus_depr__c0p58__z1p05__lam0p020__nu0p50__psi1p00,hardzero_plus_depr,0.01,41,150,0.0,1,0.45247293,0.45247293,1.0510776,0.0,0.08890423,0.0,0.0,0.0005079294,-27.346237,2.3124168,0.7708056,0.23200001,0.0,0.16555706,2.9799979,2.9999979,483200
hardzero_plus_depr__c0p58__z1p05__lam0p020__nu0p50__psi1p00,hardzero_plus_depr,0.01,41,151,0.0,1,0.45247293,0.45252493,0.98105377,0.10445909,0.10445909,1.0,5.2007228e-05,0.0004978717,-26.161919,2.1583614,0.7194538,0.192,0.0,0.16161814,2.9999979,3.0199978,486400
hardzero_plus_depr__c0p58__z1p05__lam0p020__nu0p50__psi1p00,hardzero_plus_depr,0.01,41,152,0.0,1,0.45252493,0.45252493,1.0791328,0.0,0.08334263,0.0,0.0,0.0004880132,-28.142279,2.3741395,0.79137987,0.136,0.0,0.1600091,3.0199978,3.0399978,489600
hardzero_plus_depr__c0p58__z1p05__lam0p020__nu0p50__psi1p00,hardzero_plus_depr,0.01,41,153,0.0,1,0.45252493,0.45256972,1.028649,0.0936162,0.0936162,1.0,4.4781307e-05,0.00047834995,-27.354492,2.263073,0.7543577,0.192,0.0,0.15232374,3.0399978,3.0599978,492800
hardzero_plus_depr__c0p58__z1p05__lam0p020__nu0p50__psi1p00,hardzero_plus_depr,0.01,41,154,0.0,1,0.45256972,0.45256972,1.0514768,0.0,0.088822536,0.0,0.0,0.000468878,-28.551336,2.3132951,0.7710984,0.18400002,0.0,0.14740425,3.0599978,3.0799978,496000
hardzero_plus_depr__c0p58__z1p05__lam0p020__nu0p50__psi1p00,hardzero_plus_depr,0.01,41,155,0.0,1,0.45256972,0.45256972,1.0766288,0.0,0.083824545,0.0,0.0,0.0004595936,-28.512243,2.3686306,0.78954357,0.14400001,0.0,0.18758373,3.0799978,3.0999978,499200
hardzero_plus_depr__c0p58__z1p05__lam0p020__nu0p50__psi1p00,hardzero_plus_depr,0.01,41,156,0.0,1,0.45256972,0.45261103,1.0376463,0.0916967,0.0916967,1.0,4.1308725e-05,0.00045049304,-26.634512,2.2828674,0.7609558,0.17999999,0.0,0.14597856,3.0999978,3.1199977,502400
hardzero_plus_depr__c0p58__z1p05__lam0p020__nu0p50__psi1p00,hardzero_plus_depr,0.01,41,157,0.0,1,0.45261103,0.45261103,1.0760814,0.0,0.08393028,0.0,0.0,0.00044157266,-28.452944,2.3674264,0.78914213,0.08800001,0.0,0.15786242,3.1199977,3.1399977,505600
hardzero_plus_depr__c0p58__z1p05__lam0p020__nu0p50__psi1p00,hardzero_plus_depr,0.01,41,158,0.0,1,0.45261103,0.45265013,1.0441678,0.09033004,0.09033004,1.0,3.909746e-05,0.00043282897,-27.750973,2.297215,0.76573837,0.136,0.0,0.14577869,3.1399977,3.1599977,508800
hardzero_plus_depr__c0p58__z1p05__lam0p020__nu0p50__psi1p00,hardzero_plus_depr,0.01,41,159,0.0,1,0.45265013,0.45265013,1.0701114,0.0,0.08509196,0.0,0.0,0.00042425835,-27.631474,2.3542922,0.78476405,0.128,0.0,0.14517884,3.1599977,3.1799977,512000
hardzero_plus_depr__c0p58__z1p05__lam0p020__nu0p50__psi1p00,hardzero_plus_depr,0.01,41,160,0.0,1,0.45265013,0.45265013,1.0578563,0.0,0.087527335,0.0,0.0,0.0004158575,-28.20286,2.3273304,0.7757768,0.16000001,0.0,0.15937535,3.1799977,3.1999977,515200
hardzero_plus_depr__c0p58__z1p05__lam0p020__nu0p50__psi1p00,hardzero_plus_depr,0.01,41,161,0.0,1,0.45265013,0.4526866,1.0482317,0.08948871,0.08948871,1.0,3.6477657e-05,0.000407623,-26.950798,2.306156,0.76871866,0.080000006,0.0,0.17531382,3.1999977,3.2199976,518400
hardzero_plus_depr__c0p58__z1p05__lam0p020__nu0p50__psi1p00,hardzero_plus_depr,0.01,41,162,0.0,1,0.4526866,0.4526866,1.0724678,0.0,0.08463153,0.0,0.0,0.00039955153,-28.203732,2.3594763,0.7864921,0.14400001,0.0,0.17928547,3.2199976,3.2399976,521600
hardzero_plus_depr__c0p58__z1p05__lam0p020__nu0p50__psi1p00,hardzero_plus_depr,0.01,41,163,0.0,1,0.4526866,0.4526866,1.0614572,0.0,0.08680462,0.0,0.0,0.0003916399,-27.282444,2.3352523,0.77841747,0.192,0.0,0.16946411,3.2399976,3.2599976,524800
hardzero_plus_depr__c0p58__z1p05__lam0p020__nu0p50__psi1p00,hardzero_plus_depr,0.01,41,164,0.0,1,0.4526866,0.45272458,1.0046266,0.09894033,0.09894033,1.0,3.7981692e-05,0.00038388485,-25.953556,2.2102227,0.73674095,0.208,0.0,0.21261144,3.2599976,3.2799976,528000
hardzero_plus_depr__c0p58__z1p05__lam0p020__nu0p50__psi1p00,hardzero_plus_depr,0.01,41,165,0.0,1,0.45272458,0.4527591,1.0375909,0.0917084,0.0917084,1.0,3.4508354e-05,0.00037628345,-27.668352,2.2827456,0.7609152,0.120000005,0.0,0.15102997,3.2799976,3.2999976,531200
hardzero_plus_depr__c0p58__z1p05__lam0p020__nu0p50__psi1p00,hardzero_plus_depr,0.01,41,166,0.0,1,0.4527591,0.45279226,1.0462531,0.089897364,0.089897364,1.0,3.3157074e-05,0.00036883255,-27.18517,2.3018029,0.76726764,0.08800001,0.0,0.15915658,3.2999976,3.3199975,534400
hardzero_plus_depr__c0p58__z1p05__lam0p020__nu0p50__psi1p00,hardzero_plus_depr,0.01,41,167,0.0,1,0.45279226,0.45282945,0.98769414,0.102874056,0.102874056,1.0,3.7191974e-05,0.0003615292,-26.438395,2.1729705,0.7243235,0.216,0.0,0.16899046,3.3199975,3.3399975,537600
hardzero_plus_depr__c0p58__z1p05__lam0p020__nu0p50__psi1p00,hardzero_plus_depr,0.01,41,168,0.0,1,0.45282945,0.45282945,1.0649133,0.0,0.08611656,0.0,0.0,0.00035437042,-28.426052,2.342856,0.780952,0.14400001,0.0,0.18723005,3.3399975,3.3599975,540800
hardzero_plus_depr__c0p58__z1p05__lam0p020__nu0p50__psi1p00,hardzero_plus_depr,0.01,41,169,0.0,1,0.45282945,0.4528614,1.0362812,0.09198536,0.09198536,1.0,3.195143e-05,0.00034735343,-27.236,2.2798643,0.7599548,0.19999999,0.0,0.1477325,3.3599975,3.3799975,544000
hardzero_plus_depr__c0p58__z1p05__lam0p020__nu0p50__psi1p00,hardzero_plus_depr,0.01,41,170,0.0,1,0.4528614,0.45289305,1.0315757,0.09298744,0.09298744,1.0,3.1659933e-05,0.00034047538,-26.838657,2.2695117,0.75650394,0.15200001,0.0,0.12955464,3.3799975,3.3999975,547200
hardzero_plus_depr__c0p58__z1p05__lam0p020__nu0p50__psi1p00,hardzero_plus_depr,0.01,41,171,0.0,1,0.45289305,0.45292386,1.0344552,0.092372954,0.092372954,1.0,3.082795e-05,0.0003337335,-26.973347,2.275847,0.7586157,0.208,0.0,0.14477718,3.3999975,3.4199975,550400
hardzero_plus_depr__c0p58__z1p05__lam0p020__nu0p50__psi1p00,hardzero_plus_depr,0.01,41,172,0.0,1,0.45292386,0.45295742,0.9888024,0.10261188,0.10261188,1.0,3.356693e-05,0.0003271252,-25.854565,2.1754086,0.7251362,0.120000005,0.0,0.14730947,3.4199975,3.4399974,553600
hardzero_plus_depr__c0p58__z1p05__lam0p020__nu0p50__psi1p00,hardzero_plus_depr,0.01,41,173,0.0,1,0.45295742,0.45299017,0.9908612,0.10212657,0.10212657,1.0,3.2746648e-05,0.0003206477,-26.567362,2.179938,0.72664607,0.224,0.0,0.14340188,3.4399974,3.4599974,556800
hardzero_plus_depr__c0p58__z1p05__lam0p020__nu0p50__psi1p00,hardzero_plus_depr,0.01,41,174,0.0,1,0.45299017,0.4530183,1.0483441,0.08946556,0.08946556,1.0,2.8118888e-05,0.00031429846,-28.274721,2.3064032,0.7688011,0.16800001,0.0,0.15704538,3.4599974,3.4799974,560000
hardzero_plus_depr__c0p58__z1p05__lam0p020__nu0p50__psi1p00,hardzero_plus_depr,0.01,41,175,0.0,1,0.4530183,0.4530459,1.0476326,0.08961226,0.08961226,1.0,2.7607288e-05,0.0003080749,-27.476206,2.3048377,0.76827925,0.16800001,0.0,0.18789557,3.4799974,3.4999974,563200
hardzero_plus_depr__c0p58__z1p05__lam0p020__nu0p50__psi1p00,hardzero_plus_depr,0.01,41,176,0.0,1,0.4530459,0.4530459,1.0534589,0.0,0.08841807,0.0,0.0,0.00030197462,-27.07916,2.3176558,0.77255195,0.104,0.0,0.14164901,3.4999974,3.5199974,566400
hardzero_plus_depr__c0p58__z1p05__lam0p020__nu0p50__psi1p00,hardzero_plus_depr,0.01,41,177,0.0,1,0.4530459,0.45307258,1.0452504,0.09010514,0.09010514,1.0,2.6670681e-05,0.00029599512,-26.821978,2.2995968,0.7665323,0.136,0.0,0.14905597,3.5199974,3.5399973,569600
hardzero_plus_depr__c0p58__z1p05__lam0p020__nu0p50__psi1p00,hardzero_plus_depr,0.01,41,178,0.0,1,0.45307258,0.45309985,1.0271263,0.093945,0.093945,1.0,2.7256643e-05,0.00029013405,-26.79104,2.259723,0.753241,0.16800001,0.0,0.15126729,3.5399973,3.5599973,572800
hardzero_plus_depr__c0p58__z1p05__lam0p020__nu0p50__psi1p00,hardzero_plus_depr,0.01,41,179,0.0,1,0.45309985,0.45312598,1.0364434,0.09195105,0.09195105,1.0,2.6149868e-05,0.000284389,-27.300798,2.280221,0.76007366,0.16000001,0.0,0.1648709,3.5599973,3.5799973,576000
hardzero_plus_depr__c0p58__z1p05__lam0p020__nu0p50__psi1p00,hardzero_plus_depr,0.01,41,180,0.0,1,0.45312598,0.45315385,1.0002154,0.09995042,0.09995042,1.0,2.7861952e-05,0.00027875774,-27.020245,2.200518,0.73350596,0.18400002,0.0,0.1600647,3.5799973,3.5999973,579200
hardzero_plus_depr__c0p58__z1p05__lam0p020__nu0p50__psi1p00,hardzero_plus_depr,0.01,41,181,0.0,1,0.45315385,0.45315385,1.0805304,0.0,0.083074845,0.0,0.0,0.00027323797,-28.288404,2.3772144,0.79240483,0.104,0.0,0.17792773,3.5999973,3.6199973,582400
hardzero_plus_depr__c0p58__z1p05__lam0p020__nu0p50__psi1p00,hardzero_plus_depr,0.01,41,182,0.0,1,0.45315385,0.45318016,1.0076848,0.09824607,0.09824607,1.0,2.6312999e-05,0.0002678275,-26.898928,2.216951,0.73898363,0.22,0.0,0.1250718,3.6199973,3.6399972,585600
hardzero_plus_depr__c0p58__z1p05__lam0p020__nu0p50__psi1p00,hardzero_plus_depr,0.01,41,183,0.0,1,0.45318016,0.45318016,1.0544707,0.0,0.08821233,0.0,0.0,0.00026252418,-27.736694,2.3198817,0.7732939,0.17600001,0.0,0.16193788,3.6399972,3.6599972,588800
hardzero_plus_depr__c0p58__z1p05__lam0p020__nu0p50__psi1p00,hardzero_plus_depr,0.01,41,184,0.0,1,0.45318016,0.45320597,0.9988868,0.100256644,0.100256644,1.0,2.5798623e-05,0.00025732582,-26.608795,2.197595,0.73253167,0.120000005,0.0,0.16889456,3.6599972,3.6799972,592000
hardzero_plus_depr__c0p58__z1p05__lam0p020__nu0p50__psi1p00,hardzero_plus_depr,0.01,41,185,0.0,1,0.45320597,0.45322868,1.0457287,0.09000597,0.09000597,1.0,2.2702246e-05,0.00025223044,-28.429388,2.300649,0.766883,0.192,0.0,0.18685433,3.6799972,3.6999972,595200
hardzero_plus_depr__c0p58__z1p05__lam0p020__nu0p50__psi1p00,hardzero_plus_depr,0.01,41,186,0.0,1,0.45322868,0.45325083,1.0480528,0.0895256,0.0895256,1.0,2.2133949e-05,0.00024723596,-27.367966,2.3057623,0.76858747,0.16800001,0.0,0.19770996,3.6999972,3.7199972,598400
hardzero_plus_depr__c0p58__z1p05__lam0p020__nu0p50__psi1p00,hardzero_plus_depr,0.01,41,187,0.0,1,0.45325083,0.45327297,1.0390024,0.091410816,0.091410816,1.0,2.215253e-05,0.00024234035,-27.460546,2.285851,0.7619504,0.16000001,0.0,0.15061547,3.7199972,3.7399971,601600
hardzero_plus_depr__c0p58__z1p05__lam0p020__nu0p50__psi1p00,hardzero_plus_depr,0.01,41,188,0.0,1,0.45327297,0.45329577,1.0178882,0.09596476,0.09596476,1.0,2.2795633e-05,0.00023754171,-26.641329,2.2393987,0.7464663,0.16800001,0.0,0.14879403,3.7399971,3.7599971,604800
hardzero_plus_depr__c0p58__z1p05__lam0p020__nu0p50__psi1p00,hardzero_plus_depr,0.01,41,189,0.0,1,0.45329577,0.45331848,1.0109255,0.09751568,0.09751568,1.0,2.2705362e-05,0.00023283807,-27.273445,2.2240806,0.7413602,0.14400001,0.0,0.1746416,3.7599971,3.779997,608000
hardzero_plus_depr__c0p58__z1p05__lam0p020__nu0p50__psi1p00,hardzero_plus_depr,0.01,41,190,0.0,1,0.45331848,0.45334053,1.015006,0.09660375,0.09660375,1.0,2.2047641e-05,0.00022822758,-26.45876,2.2330577,0.7443526,0.224,0.0,0.15896812,3.779997,3.799997,611200
hardzero_plus_depr__c0p58__z1p05__lam0p020__nu0p50__psi1p00,hardzero_plus_depr,0.01,41,191,0.0,1,0.45334053,0.45336187,1.0205468,0.095379084,0.095379084,1.0,2.1337099e-05,0.00022370837,-27.26872,2.2452478,0.74841595,0.112,0.0,0.16293356,3.799997,3.819997,614400
hardzero_plus_depr__c0p58__z1p05__lam0p020__nu0p50__psi1p00,hardzero_plus_depr,0.01,41,192,0.0,1,0.45336187,0.45338246,1.0273775,0.093890674,0.093890674,1.0,2.058822e-05,0.00021927865,-27.109837,2.2602756,0.75342524,0.14400001,0.0,0.16198434,3.819997,3.839997,617600
hardzero_plus_depr__c0p58__z1p05__lam0p020__nu0p50__psi1p00,hardzero_plus_depr,0.01,41,193,0.0,1,0.45338246,0.45340237,1.0335436,0.09256705,0.09256705,1.0,1.989605e-05,0.00021493663,-26.627544,2.2738414,0.75794715,0.128,0.0,0.15023385,3.839997,3.859997,620800
hardzero_plus_depr__c0p58__z1p05__lam0p020__nu0p50__psi1p00,hardzero_plus_depr,0.01,41,194,0.0,1,0.45340237,0.45342287,1.0118543,0.097307354,0.097307354,1.0,2.0500775e-05,0.00021068062,-27.333927,2.2261238,0.7420413,0.16800001,0.0,0.1640197,3.859997,3.879997,624000
hardzero_plus_depr__c0p58__z1p05__lam0p020__nu0p50__psi1p00,hardzero_plus_depr,0.01,41,195,0.0,1,0.45342287,0.4534431,1.0090828,0.09793033,0.09793033,1.0,2.0223479e-05,0.00020650885,-27.333376,2.2200265,0.74000883,0.14999999,0.0,0.17153862,3.879997,3.899997,627200
hardzero_plus_depr__c0p58__z1p05__lam0p020__nu0p50__psi1p00,hardzero_plus_depr,0.01,41,196,0.0,1,0.4534431,0.45346278,1.0121633,0.09723815,0.09723815,1.0,1.968292e-05,0.00020241973,-26.751818,2.2268038,0.74226797,0.14400001,0.0,0.1682032,3.899997,3.919997,630400
hardzero_plus_depr__c0p58__z1p05__lam0p020__nu0p50__psi1p00,hardzero_plus_depr,0.01,41,197,0.0,1,0.45346278,0.45346278,1.0541278,0.0,0.08828201,0.0,0.0,0.00019841155,-27.38508,2.3191276,0.77304256,0.120000005,0.0,0.13527158,3.919997,3.939997,633600
hardzero_plus_depr__c0p58__z1p05__lam0p020__nu0p50__psi1p00,hardzero_plus_depr,0.01,41,198,0.0,1,0.45346278,0.45346278,1.0524697,0.0,0.088619694,0.0,0.0,0.00019448272,-27.390263,2.3154795,0.7718265,0.17600001,0.0,0.16345204,3.939997,3.959997,636800
hardzero_plus_depr__c0p58__z1p05__lam0p020__nu0p50__psi1p00,hardzero_plus_depr,0.01,41,199,0.0,1,0.45346278,0.45347983,1.0482063,0.08949395,0.08949395,1.0,1.7060385e-05,0.00019063172,-27.823591,2.3061,0.7687,0.14400001,0.0,0.16041113,3.959997,3.979997,640000
hardzero_plus_depr__c0p58__z1p05__lam0p020__nu0p50__psi1p00,hardzero_plus_depr,0.01,41,200,0.0,1,0.45347983,0.45349762,1.0212592,0.09522276,0.09522276,1.0,1.7793036e-05,0.00018685697,-26.452229,2.246815,0.7489383,0.216,0.0,0.15167646,3.979997,3.999997,643200
hardzero_plus_depr__c0p58__z1p05__lam0p020__nu0p50__psi1p00,hardzero_plus_depr,0.01,41,201,0.0,1,0.45349762,0.45351502,1.0223227,0.09498989,0.09498989,1.0,1.7398059e-05,0.00018315695,-26.340557,2.2491548,0.7497183,0.17600001,0.0,0.15997243,3.999997,4.019997,646400
hardzero_plus_depr__c0p58__z1p05__lam0p020__nu0p50__psi1p00,hardzero_plus_depr,0.01,41,202,0.0,1,0.45351502,0.45353222,1.0186762,0.095790796,0.095790796,1.0,1.7197339e-05,0.00017953018,-26.906387,2.2411323,0.7470441,0.15200001,0.0,0.16409117,4.019997,4.039997,649600
hardzero_plus_depr__c0p58__z1p05__lam0p020__nu0p50__psi1p00,hardzero_plus_depr,0.01,41,203,0.0,1,0.45353222,0.45354876,1.0266426,0.09404971,0.09404971,1.0,1.6550419e-05,0.00017597523,-25.327337,2.2586586,0.75288624,0.14400001,0.0,0.14581633,4.039997,4.059997,652800
hardzero_plus_depr__c0p58__z1p05__lam0p020__nu0p50__psi1p00,hardzero_plus_depr,0.01,41,204,0.0,1,0.45354876,0.45356655,0.9868893,0.10306489,0.10306489,1.0,1.7777733e-05,0.00017249069,-26.50181,2.1711998,0.7237333,0.14400001,0.0,0.15742482,4.059997,4.079997,656000
hardzero_plus_depr__c0p58__z1p05__lam0p020__nu0p50__psi1p00,hardzero_plus_depr,0.01,41,205,0.0,1,0.45356655,0.45356655,1.0739499,0.0,0.08434321,0.0,0.0,0.00016907515,-28.184237,2.362737,0.787579,0.104,0.0,0.15750633,4.079997,4.099997,659200
hardzero_plus_depr__c0p58__z1p05__lam0p020__nu0p50__psi1p00,hardzero_plus_depr,0.01,41,206,0.0,1,0.45356655,0.45358223,1.0241681,0.09458708,0.09458708,1.0,1.5675656e-05,0.00016572725,-27.65592,2.2532148,0.75107163,0.16000001,0.0,0.1612801,4.099997,4.119997,662400
hardzero_plus_depr__c0p58__z1p05__lam0p020__nu0p50__psi1p00,hardzero_plus_depr,0.01,41,207,0.0,1,0.45358223,0.4535983,1.004606,0.09894502,0.09894502,1.0,1.6073187e-05,0.00016244563,-27.016493,2.2101774,0.7367258,0.192,0.0,0.15819491,4.119997,4.139997,665600
hardzero_plus_depr__c0p58__z1p05__lam0p020__nu0p50__psi1p00,hardzero_plus_depr,0.01,41,208,0.0,1,0.4535983,0.45361453,0.991543,0.10196639,0.10196639,1.0,1.6236007e-05,0.000159229,-26.800987,2.1814382,0.7271461,0.17999999,0.0,0.13837624,4.139997,4.159997,668800
hardzero_plus_depr__c0p58__z1p05__lam0p020__nu0p50__psi1p00,hardzero_plus_depr,0.01,41,209,0.0,1,0.45361453,0.4536286,1.0454192,0.09007013,0.09007013,1.0,1.40577895e-05,0.00015607604,-27.319765,2.2999682,0.7666561,0.16800001,0.0,0.16625203,4.159997,4.179997,672000
hardzero_plus_depr__c0p58__z1p05__lam0p020__nu0p50__psi1p00,hardzero_plus_depr,0.01,41,210,0.0,1,0.4536286,0.4536286,1.053877,0.0,0.088333,0.0,0.0,0.00015298554,-27.761139,2.3185756,0.77285856,0.128,0.0,0.15856823,4.179997,4.199997,675200
hardzero_plus_depr__c0p58__z1p05__lam0p020__nu0p50__psi1p00,hardzero_plus_depr,0.01,41,211,0.0,1,0.4536286,0.45364314,1.0133106,0.09698162,0.09698162,1.0,1.45429985e-05,0.00014995623,-26.895737,2.2293277,0.7431092,0.17600001,0.0,0.17292559,4.199997,4.219997,678400
hardzero_plus_depr__c0p58__z1p05__lam0p020__nu0p50__psi1p00,hardzero_plus_depr,0.01,41,212,0.0,1,0.45364314,0.4536569,1.0288434,0.0935743,0.0935743,1.0,1.37541965e-05,0.0001469869,-27.14877,2.2635007,0.75450027,0.128,0.0,0.15176398,4.219997,4.239997,681600
hardzero_plus_depr__c0p58__z1p05__lam0p020__nu0p50__psi1p00,hardzero_plus_depr,0.01,41,213,0.0,1,0.4536569,0.4536701,1.0379195,0.09163903,0.09163903,1.0,1.3203017e-05,0.00014407636,-28.101353,2.2834685,0.7611562,0.128,0.0,0.15462284,4.239997,4.259997,684800
hardzero_plus_depr__c0p58__z1p05__lam0p020__nu0p50__psi1p00,hardzero_plus_depr,0.01,41,214,0.0,1,0.4536701,0.4536701,1.0506319,0.0,0.08899551,0.0,0.0,0.00014122346,-27.72651,2.3114362,0.7704787,0.16000001,0.0,0.18500125,4.259997,4.279997,688000
hardzero_plus_depr__c0p58__z1p05__lam0p020__nu0p50__psi1p00,hardzero_plus_depr,0.01,41,215,0.0,1,0.4536701,0.4536844,0.98627514,0.103210725,0.103210725,1.0,1.4287157e-05,0.00013842706,-26.734587,2.1698487,0.72328293,0.2,0.0,0.16227175,4.279997,4.299997,691200
hardzero_plus_depr__c0p58__z1p05__lam0p020__nu0p50__psi1p00,hardzero_plus_depr,0.01,41,216,0.0,1,0.4536844,0.4536974,1.0173724,0.09607881,0.09607881,1.0,1.30365515e-05,0.00013568602,-26.894526,2.2382638,0.74608797,0.128,0.0,0.13658585,4.299997,4.319997,694400
hardzero_plus_depr__c0p58__z1p05__lam0p020__nu0p50__psi1p00,hardzero_plus_depr,0.01,41,217,0.0,1,0.4536974,0.45371085,0.99581075,0.100969285,0.100969285,1.0,1.3428839e-05,0.00013299925,-26.7896,2.1908274,0.7302758,0.17600001,0.0,0.13830431,4.319997,4.339997,697600
hardzero_plus_depr__c0p58__z1p05__lam0p020__nu0p50__psi1p00,hardzero_plus_depr,0.01,41,218,0.0,1,0.45371085,0.45371085,1.0624857,0.0,0.086599275,0.0,0.0,0.0001303657,-27.168299,2.337515,0.7791717,0.15200001,0.0,0.14026383,4.339997,4.359997,700800
hardzero_plus_depr__c0p58__z1p05__lam0p020__nu0p50__psi1p00,hardzero_plus_depr,0.01,41,219,0.0,1,0.45371085,0.45371085,1.0501689,0.0,0.089090444,0.0,0.0,0.00012778428,-28.13657,2.3104177,0.7701392,0.16000001,0.0,0.15118134,4.359997,4.379997,704000
hardzero_plus_depr__c0p58__z1p05__lam0p020__nu0p50__psi1p00,hardzero_plus_depr,0.01,41,220,0.0,1,0.45371085,0.45372266,1.0255661,0.094283104,0.094283104,1.0,1.1809336e-05,0.000125254,-27.23763,2.2562904,0.75209683,0.192,0.0,0.1943829,4.379997,4.3999968,707200
hardzero_plus_depr__c0p58__z1p05__lam0p020__nu0p50__psi1p00,hardzero_plus_depr,0.01,41,221,0.0,1,0.45372266,0.45373443,1.0187503,0.09577445,0.09577445,1.0,1.1758592e-05,0.0001227738,-27.642748,2.2412953,0.74709845,0.13,0.0,0.12695663,4.3999968,4.4199967,710400
hardzero_plus_depr__c0p58__z1p05__lam0p020__nu0p50__psi1p00,hardzero_plus_depr,0.01,41,222,0.0,1,0.45373443,0.45374542,1.0385627,0.09150343,0.09150343,1.0,1.1011771e-05,0.00012034272,-26.746412,2.2848835,0.76162785,0.15200001,0.0,0.16934384,4.4199967,4.4399967,713600
hardzero_plus_depr__c0p58__z1p05__lam0p020__nu0p50__psi1p00,hardzero_plus_depr,0.01,41,223,0.0,1,0.45374542,0.45374542,1.0695705,0.0,0.085198015,0.0,0.0,0.000117959775,-28.045902,2.3531022,0.78436744,0.096,0.0,0.14957726,4.4399967,4.4599967,716800
hardzero_plus_depr__c0p58__z1p05__lam0p020__nu0p50__psi1p00,hardzero_plus_depr,0.01,41,224,0.0,1,0.45374542,0.45375642,1.0212446,0.09522597,0.09522597,1.0,1.1010408e-05,0.00011562401,-26.625145,2.246783,0.7489277,0.14400001,0.0,0.141946,4.4599967,4.4799967,720000
hardzero_plus_depr__c0p58__z1p05__lam0p020__nu0p50__psi1p00,hardzero_plus_depr,0.01,41,225,0.0,1,0.45375642,0.45376876,0.9632902,0.108820274,0.108820274,1.0,1.2333092e-05,0.00011333451,-26.176126,2.1192808,0.706427,0.216,0.0,0.13043262,4.4799967,4.4999967,723200
hardzero_plus_depr__c0p58__z1p05__lam0p020__nu0p50__psi1p00,hardzero_plus_depr,0.01,41,226,0.0,1,0.45376876,0.4537792,1.0278502,0.09378854,0.09378854,1.0,1.0419e-05,0.00011109033,-26.753368,2.2613156,0.7537719,0.16800001,0.0,0.16082235,4.4999967,4.5199966,726400
hardzero_plus_depr__c0p58__z1p05__lam0p020__nu0p50__psi1p00,hardzero_plus_depr,0.01,41,227,0.0,1,0.4537792,0.453789,1.0458802,0.089974575,0.089974575,1.0,9.797385e-06,0.0001088906,-28.125692,2.3009825,0.7669942,0.15200001,0.0,0.1599348,4.5199966,4.5399966,729600
hardzero_plus_depr__c0p58__z1p05__lam0p020__nu0p50__psi1p00,hardzero_plus_depr,0.01,41,228,0.0,1,0.453789,0.45379916,1.0218457,0.095094256,0.095094256,1.0,1.0149831e-05,0.00010673443,-27.2234,2.2481055,0.74936855,0.136,0.0,0.14783466,4.5399966,4.5599966,732800
hardzero_plus_depr__c0p58__z1p05__lam0p020__nu0p50__psi1p00,hardzero_plus_depr,0.01,41,229,0.0,1,0.45379916,0.45379916,1.0651289,0.0,0.08607382,0.0,0.0,0.000104620936,-28.546108,2.3433304,0.78111017,0.16800001,0.0,0.17293409,4.5599966,4.5799966,736000
hardzero_plus_depr__c0p58__z1p05__lam0p020__nu0p50__psi1p00,hardzero_plus_depr,0.01,41,230,0.0,1,0.45379916,0.45379916,1.0668654,0.0,0.085730344,0.0,0.0,0.000102549304,-27.407068,2.3471508,0.7823836,0.104,0.0,0.18539616,4.5799966,4.5999966,739200
hardzero_plus_depr__c0p58__z1p05__lam0p020__nu0p50__psi1p00,hardzero_plus_depr,0.01,41,231,0.0,1,0.45379916,0.4538082,1.0461156,0.08992581,0.08992581,1.0,9.039226e-06,0.00010051871,-27.15824,2.3015003,0.7671668,0.104,0.0,0.14769712,4.5999966,4.6199965,742400
hardzero_plus_depr__c0p58__z1p05__lam0p020__nu0p50__psi1p00,hardzero_plus_depr,0.01,41,232,0.0,1,0.4538082,0.45381755,1.0223511,0.09498364,0.09498364,1.0,9.358577e-06,9.8528304e-05,-27.546534,2.2492175,0.74973917,0.2,0.0,0.14219421,4.6199965,4.6399965,745600
hardzero_plus_depr__c0p58__z1p05__lam0p020__nu0p50__psi1p00,hardzero_plus_depr,0.01,41,233,0.0,1,0.45381755,0.45382828,0.9539083,0.11119665,0.11119665,1.0,1.0739074e-05,9.6577314e-05,-26.35586,2.0986402,0.69954675,0.14400001,0.0,0.13077353,4.6399965,4.6599965,748800
hardzero_plus_depr__c0p58__z1p05__lam0p020__nu0p50__psi1p00,hardzero_plus_depr,0.01,41,234,0.0,1,0.45382828,0.45382828,1.0684615,0.0,0.08541585,0.0,0.0,9.466495e-05,-27.350857,2.3506622,0.7835541,0.11,0.0,0.16982685,4.6599965,4.6799965,752000
hardzero_plus_depr__c0p58__z1p05__lam0p020__nu0p50__psi1p00,hardzero_plus_depr,0.01,41,235,0.0,1,0.45382828,0.45383725,1.0150683,0.096589886,0.096589886,1.0,8.96262e-06,9.279046e-05,-27.5599,2.2331948,0.7443983,0.112,0.0,0.16687746,4.6799965,4.6999965,755200
hardzero_plus_depr__c0p58__z1p05__lam0p020__nu0p50__psi1p00,hardzero_plus_depr,0.01,41,236,0.0,1,0.45383725,0.45383725,1.085692,0.0,0.082093336,0.0,0.0,9.095309e-05,-29.019365,2.3885703,0.79619014,0.128,0.0,0.17828026,4.6999965,4.7199965,758400
hardzero_plus_depr__c0p58__z1p05__lam0p020__nu0p50__psi1p00,hardzero_plus_depr,0.01,41,237,0.0,1,0.45383725,0.45383725,1.0678837,0.0,0.08552955,0.0,0.0,8.91521e-05,-28.301159,2.3493912,0.7831304,0.120000005,0.0,0.18383625,4.7199965,4.7399964,761600
hardzero_plus_depr__c0p58__z1p05__lam0p020__nu0p50__psi1p00,hardzero_plus_depr,0.01,41,238,0.0,1,0.45383725,0.45384574,1.0115943,0.097365625,0.097365625,1.0,8.5084675e-06,8.738677e-05,-26.96518,2.2255518,0.7418506,0.14400001,0.0,0.15575139,4.7399964,4.7599964,764800
hardzero_plus_depr__c0p58__z1p05__lam0p020__nu0p50__psi1p00,hardzero_plus_depr,0.01,41,239,0.0,1,0.45384574,0.45384574,1.0535018,0.0,0.088409334,0.0,0.0,8.56564e-05,-28.1607,2.3177505,0.7725835,0.120000005,0.0,0.1701637,4.7599964,4.7799964,768000
hardzero_plus_depr__c0p58__z1p05__lam0p020__nu0p50__psi1p00,hardzero_plus_depr,0.01,41,240,0.0,1,0.45384574,0.4538541,1.0010803,0.09975156,0.09975156,1.0,8.37517e-06,8.3960294e-05,-26.393393,2.2024207,0.7341403,0.112,0.0,0.15981771,4.7799964,4.7999964,771200
hardzero_plus_depr__c0p58__z1p05__lam0p020__nu0p50__psi1p00,hardzero_plus_depr,0.01,41,241,0.0,1,0.4538541,0.4538541,1.0510478,0.0,0.08891031,0.0,0.0,8.229777e-05,-28.052622,2.3123512,0.7707838,0.096,0.0,0.1895252,4.7999964,4.8199964,774400
hardzero_plus_depr__c0p58__z1p05__lam0p020__nu0p50__psi1p00,hardzero_plus_depr,0.01,41,242,0.0,1,0.4538541,0.45386198,1.0100778,0.09770621,0.09770621,1.0,7.881781e-06,8.0668164e-05,-26.41463,2.2222157,0.7407386,0.14400001,0.0,0.15553351,4.8199964,4.8399963,777600
hardzero_plus_depr__c0p58__z1p05__lam0p020__nu0p50__psi1p00,hardzero_plus_depr,0.01,41,243,0.0,1,0.45386198,0.45386198,1.0779443,0.0,0.08357102,0.0,0.0,7.907083e-05,-28.766352,2.3715248,0.7905083,0.15200001,0.0,0.17523576,4.8399963,4.8599963,780800
hardzero_plus_depr__c0p58__z1p05__lam0p020__nu0p50__psi1p00,hardzero_plus_depr,0.01,41,244,0.0,1,0.45386198,0.45386982,0.994417,0.101293825,0.101293825,1.0,7.85079e-06,7.750512e-05,-26.266348,2.187761,0.7292537,0.136,0.0,0.1665954,4.8599963,4.8799963,784000
hardzero_plus_depr__c0p58__z1p05__lam0p020__nu0p50__psi1p00,hardzero_plus_depr,0.01,41,245,0.0,1,0.45386982,0.45387718,1.0131633,0.0970145,0.0970145,1.0,7.3702317e-06,7.597041e-05,-26.223469,2.229004,0.74300134,0.18400002,0.0,0.15857497,4.8799963,4.8999963,787200
hardzero_plus_depr__c0p58__z1p05__lam0p020__nu0p50__psi1p00,hardzero_plus_depr,0.01,41,246,0.0,1,0.45387718,0.45388487,0.9860893,0.1032549,0.1032549,1.0,7.68899e-06,7.446611e-05,-27.027958,2.1694398,0.7231466,0.208,0.0,0.15296395,4.8999963,4.9199963,790400
hardzero_plus_depr__c0p58__z1p05__lam0p020__nu0p50__psi1p00,hardzero_plus_depr,0.01,41,247,0.0,1,0.45388487,0.45389265,0.9727289,0.10648074,0.10648074,1.0,7.772197e-06,7.299158e-05,-26.29827,2.1400464,0.7133488,0.14,0.0,0.1251462,4.9199963,4.9399962,793600
hardzero_plus_depr__c0p58__z1p05__lam0p020__nu0p50__psi1p00,hardzero_plus_depr,0.01,41,248,0.0,1,0.45389265,0.45389917,1.039082,0.09139406,0.09139406,1.0,6.5389017e-06,7.1546245e-05,-27.603987,2.2860262,0.7620088,0.096,0.0,0.14100546,4.9399962,4.959996,796800
hardzero_plus_depr__c0p58__z1p05__lam0p020__nu0p50__psi1p00,hardzero_plus_depr,0.01,41,249,0.0,1,0.45389917,0.45390588,1.020424,0.095406055,0.095406055,1.0,6.6907833e-06,7.012954e-05,-27.45647,2.2449777,0.74832594,0.128,0.0,0.15466315,4.959996,4.979996,800000
hardzero_plus_depr__c0p58__z1p05__lam0p020__nu0p50__psi1p00,hardzero_plus_depr,0.01,41,250,0.0,1,0.45390588,0.45390588,1.0990274,0.0,0.07961091,0.0,0.0,6.874088e-05,-28.935717,2.4179084,0.8059695,0.136,0.0,0.1911648,4.979996,4.999996,803200
hardzero_plus_depr__c0p58__z1p05__lam0p020__nu0p50__psi1p00,hardzero_plus_depr,0.01,41,251,0.0,1,0.45390588,0.45391318,0.9652135,0.108339414,0.108339414,1.0,7.29988e-06,6.7379726e-05,-26.423376,2.123512,0.70783734,0.224,0.0,0.14555383,4.999996,5.019996,806400
hardzero_plus_depr__c0p58__z1p05__lam0p020__nu0p50__psi1p00,hardzero_plus_depr,0.01,41,252,0.0,1,0.45391318,0.45391318,1.0621194,0.0,0.08667236,0.0,0.0,6.604552e-05,-28.065441,2.3367093,0.7789031,0.136,0.0,0.1885049,5.019996,5.039996,809600
hardzero_plus_depr__c0p58__z1p05__lam0p020__nu0p50__psi1p00,hardzero_plus_depr,0.01,41,253,0.0,1,0.45391318,0.45391318,1.0769974,0.0,0.08375343,0.0,0.0,6.473773e-05,-28.25876,2.3694415,0.7898139,0.080000006,0.0,0.17794935,5.039996,5.059996,812800
hardzero_plus_depr__c0p58__z1p05__lam0p020__nu0p50__psi1p00,hardzero_plus_depr,0.01,41,254,0.0,1,0.45391318,0.45391318,1.0792321,0.0,0.083323576,0.0,0.0,6.345584e-05,-28.447134,2.374358,0.79145265,0.16000001,0.0,0.18040067,5.059996,5.079996,816000
hardzero_plus_depr__c0p58__z1p05__lam0p020__nu0p50__psi1p00,hardzero_plus_depr,0.01,41,255,0.0,1,0.45391318,0.45391938,1.0021069,0.09951604,0.09951604,1.0,6.1898313e-06,6.219933e-05,-26.107138,2.2046793,0.7348931,0.16800001,0.0,0.11878192,5.079996,5.099996,819200
hardzero_plus_depr__c0p58__z1p05__lam0p020__nu0p50__psi1p00,hardzero_plus_depr,0.01,41,256,0.0,1,0.45391938,0.45391938,1.0644244,0.0,0.08621357,0.0,0.0,6.0967704e-05,-28.048462,2.3417804,0.7805935,0.112,0.0,0.17250718,5.099996,5.119996,822400
hardzero_plus_depr__c0p58__z1p05__lam0p020__nu0p50__psi1p00,hardzero_plus_depr,0.01,41,257,0.0,1,0.45391938,0.45392504,1.0242784,0.09456307,0.09456307,1.0,5.6511326e-06,5.9760463e-05,-27.385845,2.2534575,0.7511525,0.208,0.0,0.1690403,5.119996,5.139996,825600
hardzero_plus_depr__c0p58__z1p05__lam0p020__nu0p50__psi1p00,hardzero_plus_depr,0.01,41,258,0.0,1,0.45392504,0.45393044,1.0350081,0.09225542,0.09225542,1.0,5.404057e-06,5.8577123e-05,-27.379444,2.2770631,0.75902104,0.14400001,0.0,0.1803025,5.139996,5.159996,828800
hardzero_plus_depr__c0p58__z1p05__lam0p020__nu0p50__psi1p00,hardzero_plus_depr,0.01,41,259,0.0,1,0.45393044,0.45393595,1.0167196,0.09622335,0.09622335,1.0,5.5248775e-06,5.7417223e-05,-26.509752,2.2368279,0.7456093,0.14400001,0.0,0.14334603,5.159996,5.179996,832000
hardzero_plus_depr__c0p58__z1p05__lam0p020__nu0p50__psi1p00,hardzero_plus_depr,0.01,41,260,0.0,1,0.45393595,0.45393595,1.0704819,0.0,0.08501941,0.0,0.0,5.628029e-05,-28.418064,2.3551073,0.7850358,0.13,0.0,0.18302855,5.179996,5.199996,835200
hardzero_plus_depr__c0p58__z1p05__lam0p020__nu0p50__psi1p00,hardzero_plus_depr,0.01,41,261,0.0,1,0.45393595,0.45393595,1.0748067,0.0,0.084176965,0.0,0.0,5.5165867e-05,-28.061142,2.3646219,0.7882073,0.096,0.0,0.16499431,5.199996,5.219996,838400
hardzero_plus_depr__c0p58__z1p05__lam0p020__nu0p50__psi1p00,hardzero_plus_depr,0.01,41,262,0.0,1,0.45393595,0.45393595,1.0529284,0.0,0.08852615,0.0,0.0,5.407351e-05,-27.006683,2.3164887,0.7721629,0.120000005,0.0,0.14681652,5.219996,5.239996,841600
hardzero_plus_depr__c0p58__z1p05__lam0p020__nu0p50__psi1p00,hardzero_plus_depr,0.01,41,263,0.0,1,0.45393595,0.4539409,1.0293756,0.0934597,0.0934597,1.0,4.9536243e-06,5.3002783e-05,-28.064392,2.2646716,0.75489056,0.17600001,0.0,0.1643821,5.239996,5.259996,844800
hardzero_plus_depr__c0p58__z1p05__lam0p020__nu0p50__psi1p00,hardzero_plus_depr,0.01,41,264,0.0,1,0.4539409,0.45394623,0.98733056,0.10296021,0.10296021,1.0,5.349118e-06,5.1953255e-05,-26.346664,2.1721706,0.7240569,0.2,0.0,0.15433815,5.259996,5.279996,848000
hardzero_plus_depr__c0p58__z1p05__lam0p020__nu0p50__psi1p00,hardzero_plus_depr,0.01,41,265,0.0,1,0.45394623,0.45395136,0.99675953,0.10074894,0.10074894,1.0,5.1305906e-06,5.092451e-05,-26.787708,2.1929147,0.7309716,0.120000005,0.0,0.1308639,5.279996,5.299996,851200
hardzero_plus_depr__c0p58__z1p05__lam0p020__nu0p50__psi1p00,hardzero_plus_depr,0.01,41,266,0.0,1,0.45395136,0.4539565,0.9865926,0.1031353,0.1031353,1.0,5.148117e-06,4.9916147e-05,-27.14558,2.170547,0.7235157,0.16000001,0.0,0.13938509,5.299996,5.319996,854400
hardzero_plus_depr__c0p58__z1p05__lam0p020__nu0p50__psi1p00,hardzero_plus_depr,0.01,41,267,0.0,1,0.4539565,0.4539612,1.0190772,0.09570239,0.09570239,1.0,4.682501e-06,4.8927737e-05,-26.93002,2.2420146,0.74733824,0.128,0.0,0.14936677,5.319996,5.339996,857600
hardzero_plus_depr__c0p58__z1p05__lam0p020__nu0p50__psi1p00,hardzero_plus_depr,0.01,41,268,0.0,1,0.4539612,0.45396602,0.9977816,0.10051212,0.10051212,1.0,4.820451e-06,4.7958907e-05,-26.488401,2.1951632,0.7317211,0.136,0.0,0.13777602,5.339996,5.359996,860800
hardzero_plus_depr__c0p58__z1p05__lam0p020__nu0p50__psi1p00,hardzero_plus_depr,0.01,41,269,0.0,1,0.45396602,0.4539709,0.98333323,0.10391224,0.10391224,1.0,4.8848374e-06,4.7009256e-05,-26.11099,2.1633763,0.7211255,0.128,0.0,0.14142352,5.359996,5.379996,864000
hardzero_plus_depr__c0p58__z1p05__lam0p020__nu0p50__psi1p00,hardzero_plus_depr,0.01,41,270,0.0,1,0.4539709,0.45397517,1.0338509,0.092501566,0.092501566,1.0,4.2623255e-06,4.6078414e-05,-28.56906,2.2745173,0.75817245,0.128,0.0,0.16792408,5.379996,5.399996,867200
hardzero_plus_depr__c0p58__z1p05__lam0p020__nu0p50__psi1p00,hardzero_plus_depr,0.01,41,271,0.0,1,0.45397517,0.45397937,1.031392,0.09302678,0.09302678,1.0,4.201647e-06,4.5165994e-05,-26.710855,2.2691076,0.75636923,0.136,0.0,0.1388043,5.399996,5.419996,870400
hardzero_plus_depr__c0p58__z1p05__lam0p020__nu0p50__psi1p00,hardzero_plus_depr,0.01,41,272,0.0,1,0.45397937,0.45398375,1.0049213,0.09887321,0.09887321,1.0,4.3772807e-06,4.4271652e-05,-26.497532,2.210871,0.736957,0.16000001,0.0,0.15070628,5.419996,5.439996,873600
hardzero_plus_depr__c0p58__z1p05__lam0p020__nu0p50__psi1p00,hardzero_plus_depr,0.01,41,273,0.0,1,0.45398375,0.4539879,1.0208584,0.09531068,0.09531068,1.0,4.1360086e-06,4.3395015e-05,-26.619717,2.2459333,0.7486445,0.06,0.0,0.1552616,5.439996,5.4599957,876800
hardzero_plus_depr__c0p58__z1p05__lam0p020__nu0p50__psi1p00,hardzero_plus_depr,0.01,41,274,0.0,1,0.4539879,0.4539925,0.96625674,0.108079486,0.108079486,1.0,4.5972406e-06,4.2535736e-05,-26.103167,2.1258073,0.7086024,0.24000001,0.0,0.1431057,5.4599957,5.4799957,880000
hardzero_plus_depr__c0p58__z1p05__lam0p020__nu0p50__psi1p00,hardzero_plus_depr,0.01,41,275,0.0,1,0.4539925,0.45399648,1.0193368,0.0956452,0.0956452,1.0,3.98778e-06,4.169347e-05,-26.824009,2.242586,0.7475287,0.17600001,0.0,0.174964,5.4799957,5.4999957,883200
hardzero_plus_depr__c0p58__z1p05__lam0p020__nu0p50__psi1p00,hardzero_plus_depr,0.01,41,276,0.0,1,0.45399648,0.45400044,1.0133742,0.0969674,0.0969674,1.0,3.9628526e-06,4.0867886e-05,-26.764046,2.2294679,0.74315596,0.120000005,0.0,0.15774822,5.4999957,5.5199957,886400
hardzero_plus_depr__c0p58__z1p05__lam0p020__nu0p50__psi1p00,hardzero_plus_depr,0.01,41,277,0.0,1,0.45400044,0.45400438,1.0065914,0.09849373,0.09849373,1.0,3.945526e-06,4.005865e-05,-26.562065,2.2145455,0.7381818,0.16800001,0.0,0.14943744,5.5199957,5.5399957,889600
hardzero_plus_depr__c0p58__z1p05__lam0p020__nu0p50__psi1p00,hardzero_plus_depr,0.01,41,278,0.0,1,0.45400438,0.454008,1.0351547,0.09222428,0.09222428,1.0,3.6212268e-06,3.926544e-05,-26.485104,2.2773857,0.7591286,0.16800001,0.0,0.14156763,5.5399957,5.5599957,892800
hardzero_plus_depr__c0p58__z1p05__lam0p020__nu0p50__psi1p00,hardzero_plus_depr,0.01,41,279,0.0,1,0.454008,0.4540115,1.0423522,0.09070845,0.09070845,1.0,3.4911807e-06,3.848793e-05,-27.905128,2.2932208,0.7644069,0.14400001,0.0,0.15759705,5.5599957,5.5799956,896000
hardzero_plus_depr__c0p58__z1p05__lam0p020__nu0p50__psi1p00,hardzero_plus_depr,0.01,41,280,0.0,1,0.4540115,0.45401528,0.9996895,0.10007153,0.10007153,1.0,3.7752807e-06,3.7725822e-05,-27.582047,2.1993608,0.7331203,0.136,0.0,0.16370383,5.5799956,5.5999956,899200
hardzero_plus_depr__c0p58__z1p05__lam0p020__nu0p50__psi1p00,hardzero_plus_depr,0.01,41,281,0.0,1,0.45401528,0.45401865,1.0396346,0.09127784,0.09127784,1.0,3.3753445e-06,3.6978796e-05,-27.739672,2.2872417,0.7624139,0.16800001,0.0,0.15498538,5.5999956,5.6199956,902400
hardzero_plus_depr__c0p58__z1p05__lam0p020__nu0p50__psi1p00,hardzero_plus_depr,0.01,41,282,0.0,1,0.45401865,0.45401865,1.0897065,0.0,0.08133798,0.0,0.0,3.624657e-05,-29.108282,2.3974023,0.79913414,0.112,0.0,0.17213875,5.6199956,5.6399956,905600
hardzero_plus_depr__c0p58__z1p05__lam0p020__nu0p50__psi1p00,hardzero_plus_depr,0.01,41,283,0.0,1,0.45401865,0.45402208,1.0161657,0.09634613,0.09634613,1.0,3.4230663e-06,3.552884e-05,-26.93401,2.2356093,0.74520314,0.120000005,0.0,0.19581152,5.6399956,5.6599956,908800
hardzero_plus_depr__c0p58__z1p05__lam0p020__nu0p50__psi1p00,hardzero_plus_depr,0.01,41,284,0.0,1,0.45402208,0.4540254,1.0224382,0.094964616,0.094964616,1.0,3.3071738e-06,3.4825327e-05,-26.963436,2.249409,0.749803,0.14400001,0.0,0.15925904,5.6599956,5.6799955,912000
hardzero_plus_depr__c0p58__z1p05__lam0p020__nu0p50__psi1p00,hardzero_plus_depr,0.01,41,285,0.0,1,0.4540254,0.4540254,1.062941,0.0,0.086508535,0.0,0.0,3.4135737e-05,-27.699007,2.3385167,0.7795056,0.14400001,0.0,0.15460001,5.6799955,5.6999955,915200
hardzero_plus_depr__c0p58__z1p05__lam0p020__nu0p50__psi1p00,hardzero_plus_depr,0.01,41,286,0.0,1,0.4540254,0.45402843,1.0426565,0.09064491,0.09064491,1.0,3.0329609e-06,3.3459804e-05,-28.524149,2.2938902,0.7646301,0.14,0.0,0.15199786,5.6999955,5.7199955,918400
hardzero_plus_depr__c0p58__z1p05__lam0p020__nu0p50__psi1p00,hardzero_plus_depr,0.01,41,287,0.0,1,0.45402843,0.45403188,0.9763722,0.10559121,0.10559121,1.0,3.4631018e-06,3.2797256e-05,-26.3839,2.1480618,0.7160206,0.216,0.0,0.15404968,5.7199955,5.7399955,921600
hardzero_plus_depr__c0p58__z1p05__lam0p020__nu0p50__psi1p00,hardzero_plus_depr,0.01,41,288,0.0,1,0.45403188,0.45403486,1.0335256,0.092570886,0.092570886,1.0,2.9759526e-06,3.2147826e-05,-27.297663,2.2738016,0.75793386,0.17600001,0.0,0.16883501,5.7399955,5.7599955,924800
hardzero_plus_depr__c0p58__z1p05__lam0p020__nu0p50__psi1p00,hardzero_plus_depr,0.01,41,289,0.0,1,0.45403486,0.454038,1.0049514,0.09886637,0.09886637,1.0,3.1154036e-06,3.1511256e-05,-26.713627,2.210937,0.736979,0.120000005,0.0,0.169003,5.7599955,5.7799954,928000
hardzero_plus_depr__c0p58__z1p05__lam0p020__nu0p50__psi1p00,hardzero_plus_depr,0.01,41,290,0.0,1,0.454038,0.454038,1.071681,0.0,0.08478498,0.0,0.0,3.0887295e-05,-28.184856,2.3577454,0.78591514,0.112,0.0,0.18094933,5.7799954,5.7999954,931200
hardzero_plus_depr__c0p58__z1p05__lam0p020__nu0p50__psi1p00,hardzero_plus_depr,0.01,41,291,0.0,1,0.454038,0.454038,1.0683606,0.0,0.0854357,0.0,0.0,3.0275685e-05,-28.572313,2.3504403,0.7834801,0.17600001,0.008,0.19199267,5.7999954,5.8199954,934400
hardzero_plus_depr__c0p58__z1p05__lam0p020__nu0p50__psi1p00,hardzero_plus_depr,0.01,41,292,0.0,1,0.454038,0.45404097,1.0001504,0.09996536,0.09996536,1.0,2.9665907e-06,2.9676188e-05,-27.095388,2.2003748,0.7334583,0.136,0.0,0.14669512,5.8199954,5.8399954,937600
hardzero_plus_depr__c0p58__z1p05__lam0p020__nu0p50__psi1p00,hardzero_plus_depr,0.01,41,293,0.0,1,0.45404097,0.45404407,0.9743584,0.10608198,0.10608198,1.0,3.085772e-06,2.908856e-05,-26.891176,2.1436312,0.71454376,0.216,0.0,0.16341253,5.8399954,5.8599954,940800
hardzero_plus_depr__c0p58__z1p05__lam0p020__nu0p50__psi1p00,hardzero_plus_depr,0.01,41,294,0.0,1,0.45404407,0.4540467,1.0373505,0.09175916,0.09175916,1.0,2.6162893e-06,2.8512568e-05,-27.762016,2.2822168,0.76073897,0.216,0.0,0.14648461,5.8599954,5.8799953,944000
hardzero_plus_depr__c0p58__z1p05__lam0p020__nu0p50__psi1p00,hardzero_plus_depr,0.01,41,295,0.0,1,0.4540467,0.45404923,1.0448009,0.090198465,0.090198465,1.0,2.5208649e-06,2.7947981e-05,-27.551224,2.2986078,0.7662026,0.14400001,0.0,0.1203161,5.8799953,5.8999953,947200
hardzero_plus_depr__c0p58__z1p05__lam0p020__nu0p50__psi1p00,hardzero_plus_depr,0.01,41,296,0.0,1,0.45404923,0.45405173,1.03898,0.091415524,0.091415524,1.0,2.5042893e-06,2.7394573e-05,-27.139673,2.2858016,0.7619339,0.15200001,0.0,0.15889859,5.8999953,5.9199953,950400
hardzero_plus_depr__c0p58__z1p05__lam0p020__nu0p50__psi1p00,hardzero_plus_depr,0.01,41,297,0.0,1,0.45405173,0.45405415,1.0436184,0.09044436,0.09044436,1.0,2.4286235e-06,2.6852127e-05,-27.60032,2.2960064,0.7653355,0.15200001,0.0,0.15190616,5.9199953,5.9399953,953600
hardzero_plus_depr__c0p58__z1p05__lam0p020__nu0p50__psi1p00,hardzero_plus_depr,0.01,41,298,0.0,1,0.45405415,0.45405415,1.0500975,0.0,0.0891051,0.0,0.0,2.632042e-05,-27.414986,2.3102605,0.7700869,0.120000005,0.0,0.1599724,5.9399953,5.9599953,956800
hardzero_plus_depr__c0p58__z1p05__lam0p020__nu0p50__psi1p00,hardzero_plus_depr,0.01,41,299,0.0,1,0.45405415,0.45405653,1.0325879,0.09277098,0.09277098,1.0,2.3934208e-06,2.5799241e-05,-27.1498,2.2717388,0.75724626,0.13,0.0,0.1448266,5.9599953,5.9799953,960000
hardzero_plus_depr__c0p58__z1p05__lam0p020__nu0p50__psi1p00,hardzero_plus_depr,0.01,41,300,0.0,1,0.45405653,0.45405653,1.0593275,0.0,0.08723132,0.0,0.0,2.5288384e-05,-27.763115,2.3305671,0.7768557,0.112,0.0,0.18021095,5.9799953,5.999995,963200
hardzero_plus_depr__c0p58__z1p05__lam0p020__nu0p50__psi1p00,hardzero_plus_depr,0.01,41,301,0.0,1,0.45405653,0.4540589,1.0213009,0.095213614,0.095213614,1.0,2.3601206e-06,2.4787638e-05,-27.198292,2.2469068,0.74896896,0.16000001,0.0,0.14718549,5.999995,6.019995,966400
hardzero_plus_depr__c0p58__z1p05__lam0p020__nu0p50__psi1p00,hardzero_plus_depr,0.01,41,302,0.0,1,0.4540589,0.4540589,1.0883054,0.0,0.081600845,0.0,0.0,2.4296813e-05,-28.55163,2.3943195,0.79810655,0.15200001,0.0,0.14225452,6.019995,6.039995,969600
hardzero_plus_depr__c0p58__z1p05__lam0p020__nu0p50__psi1p00,hardzero_plus_depr,0.01,41,303,0.0,1,0.4540589,0.4540589,1.0634089,0.0,0.0864154,0.0,0.0,2.3815703e-05,-27.917154,2.3395462,0.77984875,0.16000001,0.0,0.18113169,6.039995,6.059995,972800
hardzero_plus_depr__c0p58__z1p05__lam0p020__nu0p50__psi1p00,hardzero_plus_depr,0.01,41,304,0.0,1,0.4540589,0.4540589,1.0556444,0.0,0.08797426,0.0,0.0,2.334412e-05,-27.721611,2.322464,0.77415466,0.15200001,0.0,0.15477179,6.059995,6.079995,976000
hardzero_plus_depr__c0p58__z1p05__lam0p020__nu0p50__psi1p00,hardzero_plus_depr,0.01,41,305,0.0,1,0.4540589,0.4540589,1.0603228,0.0,0.08703164,0.0,0.0,2.2881875e-05,-27.420128,2.3327568,0.7775856,0.18400002,0.0,0.14085133,6.079995,6.099995,979200
hardzero_plus_depr__c0p58__z1p05__lam0p020__nu0p50__psi1p00,hardzero_plus_depr,0.01,41,306,0.0,1,0.4540589,0.4540589,1.0858189,0.0,0.08206936,0.0,0.0,2.2428787e-05,-26.726305,2.3888493,0.7962831,0.128,0.0,0.15839238,6.099995,6.119995,982400
hardzero_plus_depr__c0p58__z1p05__lam0p020__nu0p50__psi1p00,hardzero_plus_depr,0.01,41,307,0.0,1,0.4540589,0.4540589,1.1015911,0.0,0.07914233,0.0,0.0,2.1984664e-05,-28.420595,2.423549,0.80784965,0.112,0.0,0.18698786,6.119995,6.139995,985600
hardzero_plus_depr__c0p58__z1p05__lam0p020__nu0p50__psi1p00,hardzero_plus_depr,0.01,41,308,0.0,1,0.4540589,0.4540589,1.0559217,0.0,0.08791811,0.0,0.0,2.1549342e-05,-28.201036,2.323074,0.77435803,0.128,0.0,0.16257393,6.139995,6.159995,988800
hardzero_plus_depr__c0p58__z1p05__lam0p020__nu0p50__psi1p00,hardzero_plus_depr,0.01,41,309,0.0,1,0.4540589,0.4540589,1.0532326,0.0,0.08846418,0.0,0.0,2.1122638e-05,-27.931587,2.317158,0.772386,0.136,0.0,0.17669633,6.159995,6.179995,992000
hardzero_plus_depr__c0p58__z1p05__lam0p020__nu0p50__psi1p00,hardzero_plus_depr,0.01,41,310,0.0,1,0.4540589,0.45406085,1.0244117,0.09453405,0.09453405,1.0,1.957269e-06,2.0704381e-05,-28.214125,2.2537508,0.75125027,0.136,0.0,0.1787619,6.179995,6.199995,995200
hardzero_plus_depr__c0p58__z1p05__lam0p020__nu0p50__psi1p00,hardzero_plus_depr,0.01,41,311,0.0,1,0.45406085,0.45406282,1.0124484,0.09717433,0.09717433,1.0,1.9720956e-06,2.0294408e-05,-27.35194,2.227431,0.74247706,0.192,0.0,0.15924028,6.199995,6.219995,998400
hardzero_plus_depr__c0p58__z1p05__lam0p020__nu0p50__psi1p00,hardzero_plus_depr,0.01,41,312,0.0,1,0.45406282,0.4540648,1.0056093,0.09871671,0.09871671,1.0,1.9637273e-06,1.9892552e-05,-26.350866,2.2123845,0.7374615,0.17,0.0,0.13679491,6.219995,6.239995,1001600
hardzero_plus_depr__c0p58__z1p05__lam0p020__nu0p50__psi1p00,hardzero_plus_depr,0.01,41,313,0.0,1,0.4540648,0.45406678,0.987095,0.10301606,0.10301606,1.0,2.0086745e-06,1.9498653e-05,-26.416607,2.1716523,0.7238841,0.17600001,0.0,0.19495149,6.239995,6.259995,1004800
hardzero_plus_depr__c0p58__z1p05__lam0p020__nu0p50__psi1p00,hardzero_plus_depr,0.01,41,314,0.0,1,0.45406678,0.45406678,1.0935129,0.0,0.08062823,0.0,0.0,1.9112555e-05,-29.145855,2.4057765,0.80192554,0.128,0.0,0.1817248,6.259995,6.279995,1008000
hardzero_plus_depr__c0p58__z1p05__lam0p020__nu0p50__psi1p00,hardzero_plus_depr,0.01,41,315,0.0,1,0.45406678,0.45406857,1.0187017,0.09578518,0.09578518,1.0,1.7944492e-06,1.8734101e-05,-27.23783,2.2411885,0.74706286,0.18400002,0.0,0.1654832,6.279995,6.299995,1011200
hardzero_plus_depr__c0p58__z1p05__lam0p020__nu0p50__psi1p00,hardzero_plus_depr,0.01,41,316,0.0,1,0.45406857,0.45407033,1.022464,0.09495896,0.09495896,1.0,1.7437447e-06,1.836314e-05,-27.561138,2.2494657,0.7498219,0.18400002,0.0,0.16389163,6.299995,6.319995,1014400
hardzero_plus_depr__c0p58__z1p05__lam0p020__nu0p50__psi1p00,hardzero_plus_depr,0.01,41,317,0.0,1,0.45407033,0.45407033,1.0772796,0.0,0.083699025,0.0,0.0,1.7999526e-05,-27.881495,2.3700624,0.7900208,0.104,0.0,0.15137038,6.319995,6.339995,1017600
hardzero_plus_depr__c0p58__z1p05__lam0p020__nu0p50__psi1p00,hardzero_plus_depr,0.01,41,318,0.0,1,0.45407033,0.45407033,1.0960795,0.0,0.08015313,0.0,0.0,1.7643111e-05,-28.610212,2.411423,0.8038077,0.136,0.0,0.18409269,6.339995,6.359995,1020800
hardzero_plus_depr__c0p58__z1p05__lam0p020__nu0p50__psi1p00,hardzero_plus_depr,0.01,41,319,0.0,1,0.45407033,0.45407033,1.0601103,0.0,0.08707423,0.0,0.0,1.7293756e-05,-28.497915,2.3322892,0.77742976,0.16800001,0.0,0.17769568,6.359995,6.379995,1024000
hardzero_plus_depr__c0p58__z1p05__lam0p020__nu0p50__psi1p00,hardzero_plus_depr,0.01,41,320,0.0,1,0.45407033,0.45407194,1.0248203,0.09444516,0.09444516,1.0,1.6009699e-06,1.6951317e-05,-27.131819,2.2546496,0.7515499,0.16000001,0.0,0.13508318,6.379995,6.399995,1027200
hardzero_plus_depr__c0p58__z1p05__lam0p020__nu0p50__psi1p00,hardzero_plus_depr,0.01,41,321,0.0,1,0.45407194,0.45407194,1.0964111,0.0,0.080091946,0.0,0.0,1.6615659e-05,-29.004044,2.4121525,0.80405086,0.120000005,0.0,0.19320954,6.399995,6.419995,1030400
hardzero_plus_depr__c0p58__z1p05__lam0p020__nu0p50__psi1p00,hardzero_plus_depr,0.01,41,322,0.0,1,0.45407194,0.45407346,1.0270694,0.0939573,0.0939573,1.0,1.5302494e-06,1.6286647e-05,-27.091764,2.2595978,0.7531993,0.16800001,0.0,0.13648391,6.419995,6.439995,1033600
hardzero_plus_depr__c0p58__z1p05__lam0p020__nu0p50__psi1p00,hardzero_plus_depr,0.01,41,323,0.0,1,0.45407346,0.45407507,0.9991332,0.100199774,0.100199774,1.0,1.5996042e-06,1.596415e-05,-26.901016,2.198137,0.7327124,0.256,0.0,0.14766261,6.439995,6.459995,1036800
hardzero_plus_depr__c0p58__z1p05__lam0p020__nu0p50__psi1p00,hardzero_plus_depr,0.01,41,324,0.0,1,0.45407507,0.45407507,1.0899483,0.0,0.08129273,0.0,0.0,1.5648038e-05,-28.53406,2.3979342,0.7993114,0.120000005,0.0,0.22231929,6.459995,6.479995,1040000
hardzero_plus_depr__c0p58__z1p05__lam0p020__nu0p50__psi1p00,hardzero_plus_depr,0.01,41,325,0.0,1,0.45407507,0.45407653,1.0172848,0.09609819,0.09609819,1.0,1.4739721e-06,1.5338188e-05,-27.147785,2.2380712,0.7460238,0.17999999,0.0,0.13850169,6.479995,6.4999948,1043200
hardzero_plus_depr__c0p58__z1p05__lam0p020__nu0p50__psi1p00,hardzero_plus_depr,0.01,41,326,0.0,1,0.45407653,0.45407802,0.9995482,0.10010408,0.10010408,1.0,1.5050119e-06,1.5034471e-05,-27.141323,2.19905,0.73301667,0.192,0.0,0.17010076,6.4999948,6.5199947,1046400
hardzero_plus_depr__c0p58__z1p05__lam0p020__nu0p50__psi1p00,hardzero_plus_depr,0.01,41,327,0.0,1,0.45407802,0.4540796,0.97172314,0.10672764,0.10672764,1.0,1.5728205e-06,1.4736768e-05,-25.775187,2.1378336,0.7126112,0.15200001,0.0,0.14692806,6.5199947,6.5399947,1049600
hardzero_plus_depr__c0p58__z1p05__lam0p020__nu0p50__psi1p00,hardzero_plus_depr,0.01,41,328,0.0,1,0.4540796,0.4540796,1.096784,0.0,0.080023214,0.0,0.0,1.44449605e-05,-28.266151,2.412973,0.8043243,0.112,0.0,0.16777419,6.5399947,6.5599947,1052800
hardzero_plus_depr__c0p58__z1p05__lam0p020__nu0p50__psi1p00,hardzero_plus_depr,0.01,41,329,0.0,1,0.4540796,0.4540811,0.97392184,0.106188655,0.106188655,1.0,1.5035179e-06,1.4158932e-05,-26.994099,2.1426709,0.7142236,0.24800001,0.0,0.14979541,6.5599947,6.5799947,1056000
hardzero_plus_depr__c0p58__z1p05__lam0p020__nu0p50__psi1p00,hardzero_plus_depr,0.01,41,330,0.0,1,0.4540811,0.4540824,1.0257226,0.094249144,0.094249144,1.0,1.308043e-06,1.3878566e-05,-27.512135,2.256635,0.7522117,0.16800001,0.0,0.14902501,6.5799947,6.5999947,1059200
hardzero_plus_depr__c0p58__z1p05__lam0p020__nu0p50__psi1p00,hardzero_plus_depr,0.01,41,331,0.0,1,0.4540824,0.45408368,1.0235319,0.09472575,0.09472575,1.0,1.2886255e-06,1.36037515e-05,-27.521908,2.251815,0.75060505,0.120000005,0.0,0.16321608,6.5999947,6.6199946,1062400
hardzero_plus_depr__c0p58__z1p05__lam0p020__nu0p50__psi1p00,hardzero_plus_depr,0.01,41,332,0.0,1,0.45408368,0.45408508,0.9769497,0.105450906,0.105450906,1.0,1.4061227e-06,1.3334382e-05,-27.304401,2.1493323,0.71644413,0.17600001,0.0,0.16426793,6.6199946,6.6399946,1065600
hardzero_plus_depr__c0p58__z1p05__lam0p020__nu0p50__psi1p00,hardzero_plus_depr,0.01,41,333,0.0,1,0.45408508,0.4540864,1.0026904,0.09938241,0.09938241,1.0,1.2989622e-06,1.3070343e-05,-27.027037,2.205963,0.735321,0.16800001,0.0,0.15952125,6.6399946,6.6599946,1068800
hardzero_plus_depr__c0p58__z1p05__lam0p020__nu0p50__psi1p00,hardzero_plus_depr,0.01,41,334,0.0,1,0.4540864,0.45408764,1.0084099,0.098082185,0.098082185,1.0,1.2565831e-06,1.28115325e-05,-27.44186,2.218546,0.7395153,0.14400001,0.0,0.13588046,6.6599946,6.6799946,1072000
hardzero_plus_depr__c0p58__z1p05__lam0p020__nu0p50__psi1p00,hardzero_plus_depr,0.01,41,335,0.0,1,0.45408764,0.45408902,0.965153,0.108354524,0.108354524,1.0,1.3606996e-06,1.2557847e-05,-26.392834,2.123379,0.707793,0.17600001,0.0,0.17239808,6.6799946,6.6999946,1075200
hardzero_plus_depr__c0p58__z1p05__lam0p020__nu0p50__psi1p00,hardzero_plus_depr,0.01,41,336,0.0,1,0.45408902,0.4540903,0.9862159,0.1032248,0.1032248,1.0,1.2706131e-06,1.2309185e-05,-26.39083,2.1697183,0.7232394,0.16800001,0.0,0.13020681,6.6999946,6.7199945,1078400
hardzero_plus_depr__c0p58__z1p05__lam0p020__nu0p50__psi1p00,hardzero_plus_depr,0.01,41,337,0.0,1,0.4540903,0.45409146,1.020811,0.0953211,0.0953211,1.0,1.1500917e-06,1.2065448e-05,-27.047813,2.2458289,0.74860966,0.112,0.0,0.15536417,6.7199945,6.7399945,1081600
hardzero_plus_depr__c0p58__z1p05__lam0p020__nu0p50__psi1p00,hardzero_plus_depr,0.01,41,338,0.0,1,0.45409146,0.45409253,1.0387418,0.09146567,0.09146567,1.0,1.0817221e-06,1.1826537e-05,-28.219028,2.2852776,0.7617592,0.14999999,0.0,0.14849314,6.7399945,6.7599945,1084800
hardzero_plus_depr__c0p58__z1p05__lam0p020__nu0p50__psi1p00,hardzero_plus_depr,0.01,41,339,0.0,1,0.45409253,0.45409375,0.9816523,0.104315214,0.104315214,1.0,1.209259e-06,1.1592356e-05,-26.826235,2.1596782,0.71989274,0.23200001,0.0,0.13023773,6.7599945,6.7799945,1088000
hardzero_plus_depr__c0p58__z1p05__lam0p020__nu0p50__psi1p00,hardzero_plus_depr,0.01,41,340,0.0,1,0.45409375,0.45409483,1.0262997,0.094123974,0.094123974,1.0,1.0695129e-06,1.1362811e-05,-27.504757,2.2579045,0.7526349,0.17600001,0.0,0.1515974,6.7799945,6.7999945,1091200
hardzero_plus_depr__c0p58__z1p05__lam0p020__nu0p50__psi1p00,hardzero_plus_depr,0.01,41,341,0.0,1,0.45409483,0.4540959,1.0125389,0.09715408,0.09715408,1.0,1.0820839e-06,1.1137813e-05,-27.432983,2.2276301,0.7425434,0.23200001,0.0,0.16678719,6.7999945,6.8199944,1094400
hardzero_plus_depr__c0p58__z1p05__lam0p020__nu0p50__psi1p00,hardzero_plus_depr,0.01,41,342,0.0,1,0.4540959,0.4540969,1.034273,0.092411704,0.092411704,1.0,1.0088834e-06,1.0917269e-05,-27.182037,2.2754462,0.7584821,0.216,0.0,0.16361178,6.8199944,6.8399944,1097600
hardzero_plus_depr__c0p58__z1p05__lam0p020__nu0p50__psi1p00,hardzero_plus_depr,0.01,41,343,0.0,1,0.4540969,0.45409793,1.01861,0.09580539,0.09580539,1.0,1.0252224e-06,1.0701093e-05,-26.787222,2.2409868,0.7469956,0.120000005,0.0,0.14150922,6.8399944,6.8599944,1100800
hardzero_plus_depr__c0p58__z1p05__lam0p020__nu0p50__psi1p00,hardzero_plus_depr,0.01,41,344,0.0,1,0.45409793,0.4540989,1.0324955,0.09279071,0.09279071,1.0,9.733e-07,1.0489197e-05,-27.489853,2.2715354,0.7571785,0.16000001,0.0,0.18551637,6.8599944,6.8799944,1104000
hardzero_plus_depr__c0p58__z1p05__lam0p020__nu0p50__psi1p00,hardzero_plus_depr,0.01,41,345,0.0,1,0.4540989,0.45409995,0.99778664,0.10051095,0.10051095,1.0,1.0334031e-06,1.0281498e-05,-26.309528,2.1951745,0.73172486,0.14400001,0.0,0.13065423,6.8799944,6.8999944,1107200
hardzero_plus_depr__c0p58__z1p05__lam0p020__nu0p50__psi1p00,hardzero_plus_depr,0.01,41,346,0.0,1,0.45409995,0.45410088,1.0316622,0.09296891,0.09296891,1.0,9.3693245e-07,1.0077912e-05,-26.968403,2.2697022,0.7565674,0.14400001,0.0,0.13071628,6.8999944,6.9199944,1110400
hardzero_plus_depr__c0p58__z1p05__lam0p020__nu0p50__psi1p00,hardzero_plus_depr,0.01,41,347,0.0,1,0.45410088,0.45410088,1.0731539,0.0,0.08449794,0.0,0.0,9.878355e-06,-27.795292,2.3609855,0.7869952,0.18400002,0.0,0.17261928,6.9199944,6.9399943,1113600
hardzero_plus_depr__c0p58__z1p05__lam0p020__nu0p50__psi1p00,hardzero_plus_depr,0.01,41,348,0.0,1,0.45410088,0.45410174,1.046376,0.08987193,0.08987193,1.0,8.702075e-07,9.682751e-06,-28.070755,2.3020732,0.76735777,0.192,0.0,0.18757628,6.9399943,6.9599943,1116800
hardzero_plus_depr__c0p58__z1p05__lam0p020__nu0p50__psi1p00,hardzero_plus_depr,0.01,41,349,0.0,1,0.45410174,0.4541027,0.9961443,0.10089175,0.10089175,1.0,9.575655e-07,9.491019e-06,-26.616018,2.1915612,0.7305204,0.192,0.0,0.14576018,6.9599943,6.9799943,1120000
hardzero_plus_depr__c0p58__z1p05__lam0p020__nu0p50__psi1p00,hardzero_plus_depr,0.01,41,350,0.0,1,0.4541027,0.45410353,1.041055,0.090979815,0.090979815,1.0,8.4639294e-07,9.303085e-06,-27.464998,2.2903666,0.76345557,0.128,0.0,0.15961789,6.9799943,6.9999943,1123200
hardzero_plus_depr__c0p58__z1p05__lam0p020__nu0p50__psi1p00,hardzero_plus_depr,0.01,41,351,0.0,1,0.45410353,0.45410445,0.9970116,0.10069047,0.10069047,1.0,9.181835e-07,9.118872e-06,-26.916296,2.1934693,0.73115647,0.16,0.0,0.14534573,6.9999943,7.0199943,1126400
hardzero_plus_depr__c0p58__z1p05__lam0p020__nu0p50__psi1p00,hardzero_plus_depr,0.01,41,352,0.0,1,0.45410445,0.45410526,1.0406489,0.09106491,0.09106491,1.0,8.13966e-07,8.938306e-06,-27.850605,2.2894733,0.7631578,0.128,0.0,0.17654158,7.0199943,7.0399942,1129600
hardzero_plus_depr__c0p58__z1p05__lam0p020__nu0p50__psi1p00,hardzero_plus_depr,0.01,41,353,0.0,1,0.45410526,0.45410606,1.0302022,0.09328199,0.09328199,1.0,8.1727296e-07,8.761315e-06,-28.094007,2.26649,0.7554967,0.23200001,0.0,0.16820155,7.0399942,7.059994,1132800
hardzero_plus_depr__c0p58__z1p05__lam0p020__nu0p50__psi1p00,hardzero_plus_depr,0.01,41,354,0.0,1,0.45410606,0.45410606,1.0506896,0.0,0.08898369,0.0,0.0,8.587831e-06,-27.50216,2.3115633,0.7705211,0.14400001,0.0,0.1448793,7.059994,7.079994,1136000
hardzero_plus_depr__c0p58__z1p05__lam0p020__nu0p50__psi1p00,hardzero_plus_depr,0.01,41,355,0.0,1,0.45410606,0.45410606,1.0670056,0.0,0.085702665,0.0,0.0,8.41778e-06,-27.787407,2.3474593,0.78248644,0.16000001,0.0,0.17616065,7.079994,7.099994,1139200
hardzero_plus_depr__c0p58__z1p05__lam0p020__nu0p50__psi1p00,hardzero_plus_depr,0.01,41,356,0.0,1,0.45410606,0.4541068,1.0491945,0.08929057,0.08929057,1.0,7.367451e-07,8.251097e-06,-27.180883,2.3082738,0.7694246,0.16000001,0.0,0.15829799,7.099994,7.119994,1142400
hardzero_plus_depr__c0p58__z1p05__lam0p020__nu0p50__psi1p00,hardzero_plus_depr,0.01,41,357,0.0,1,0.4541068,0.4541068,1.0866529,0.0,0.08191192,0.0,0.0,8.087714e-06,-28.359314,2.3906841,0.7968947,0.14400001,0.0,0.19337563,7.119994,7.139994,1145600
hardzero_plus_depr__c0p58__z1p05__lam0p020__nu0p50__psi1p00,hardzero_plus_depr,0.01,41,358,0.0,1,0.4541068,0.45410758,1.0019753,0.099546194,0.099546194,1.0,7.891591e-07,7.927567e-06,-27.40664,2.2043896,0.7347965,0.128,0.008,0.14587207,7.139994,7.159994,1148800
hardzero_plus_depr__c0p58__z1p05__lam0p020__nu0p50__psi1p00,hardzero_plus_depr,0.01,41,359,0.0,1,0.45410758,0.45410758,1.0899361,0.0,0.081295,0.0,0.0,7.770591e-06,-27.580717,2.3979073,0.79930246,0.112,0.0,0.17528889,7.159994,7.179994,1152000
hardzero_plus_depr__c0p58__z1p05__lam0p020__nu0p50__psi1p00,hardzero_plus_depr,0.01,41,360,0.0,1,0.45410758,0.45410836,0.99293137,0.10164093,0.10164093,1.0,7.741709e-07,7.616724e-06,-26.724463,2.1844926,0.7281642,0.192,0.0,0.16445361,7.179994,7.199994,1155200
hardzero_plus_depr__c0p58__z1p05__lam0p020__nu0p50__psi1p00,hardzero_plus_depr,0.01,41,361,0.0,1,0.45410836,0.45410836,1.0691413,0.0,0.08528225,0.0,0.0,7.4659024e-06,-28.548965,2.3521578,0.7840526,0.16800001,0.0,0.18429512,7.199994,7.219994,1158400
hardzero_plus_depr__c0p58__z1p05__lam0p020__nu0p50__psi1p00,hardzero_plus_depr,0.01,41,362,0.0,1,0.45410836,0.454109,1.038601,0.09149533,0.09149533,1.0,6.69569e-07,7.3180677e-06,-27.238735,2.284968,0.761656,0.136,0.0,0.13807036,7.219994,7.239994,1161600
hardzero_plus_depr__c0p58__z1p05__lam0p020__nu0p50__psi1p00,hardzero_plus_depr,0.01,41,363,0.0,1,0.454109,0.45410973,1.0026468,0.0993924,0.0993924,1.0,7.129576e-07,7.1731606e-06,-27.17736,2.205867,0.73528904,0.2,0.0,0.1504673,7.239994,7.259994,1164800
hardzero_plus_depr__c0p58__z1p05__lam0p020__nu0p50__psi1p00,hardzero_plus_depr,0.01,41,364,0.0,1,0.45410973,0.45411038,1.0343134,0.09240311,0.09240311,1.0,6.4969754e-07,7.0311225e-06,-27.149742,2.275535,0.7585117,0.19,0.0,0.15831573,7.259994,7.279994,1168000
hardzero_plus_depr__c0p58__z1p05__lam0p020__nu0p50__psi1p00,hardzero_plus_depr,0.01,41,365,0.0,1,0.45411038,0.45411104,1.0125608,0.09714919,0.09714919,1.0,6.6954226e-07,6.891897e-06,-26.44272,2.2276783,0.74255943,0.14400001,0.0,0.14526877,7.279994,7.299994,1171200
hardzero_plus_depr__c0p58__z1p05__lam0p020__nu0p50__psi1p00,hardzero_plus_depr,0.01,41,366,0.0,1,0.45411104,0.4541117,1.010688,0.09756905,0.09756905,1.0,6.5912064e-07,6.755428e-06,-26.273457,2.223558,0.741186,0.128,0.0,0.14462899,7.299994,7.319994,1174400
hardzero_plus_depr__c0p58__z1p05__lam0p020__nu0p50__psi1p00,hardzero_plus_depr,0.01,41,367,0.0,1,0.4541117,0.45411232,1.0251576,0.09437185,0.09437185,1.0,6.2489846e-07,6.6216617e-06,-26.696308,2.2553916,0.7517972,0.112,0.0,0.14099537,7.319994,7.339994,1177600
hardzero_plus_depr__c0p58__z1p05__lam0p020__nu0p50__psi1p00,hardzero_plus_depr,0.01,41,368,0.0,1,0.45411232,0.45411292,1.0333496,0.09260839,0.09260839,1.0,6.010789e-07,6.490545e-06,-27.18645,2.2734146,0.7578049,0.16000001,0.0,0.16697617,7.339994,7.359994,1180800
hardzero_plus_depr__c0p58__z1p05__lam0p020__nu0p50__psi1p00,hardzero_plus_depr,0.01,41,369,0.0,1,0.45411292,0.4541135,1.026067,0.094174415,0.094174415,1.0,5.991398e-07,6.362023e-06,-26.843178,2.2573926,0.75246423,0.128,0.0,0.13554335,7.359994,7.379994,1184000
hardzero_plus_depr__c0p58__z1p05__lam0p020__nu0p50__psi1p00,hardzero_plus_depr,0.01,41,370,0.0,1,0.4541135,0.45411414,1.0035695,0.099181466,0.099181466,1.0,6.185003e-07,6.236047e-06,-26.883583,2.207897,0.73596567,0.16800001,0.0,0.18006529,7.379994,7.399994,1187200
hardzero_plus_depr__c0p58__z1p05__lam0p020__nu0p50__psi1p00,hardzero_plus_depr,0.01,41,371,0.0,1,0.45411414,0.4541147,1.0386162,0.091492146,0.091492146,1.0,5.592517e-07,6.112565e-06,-27.370743,2.2850013,0.76166713,0.16000001,0.0,0.14533943,7.399994,7.419994,1190400
hardzero_plus_depr__c0p58__z1p05__lam0p020__nu0p50__psi1p00,hardzero_plus_depr,0.01,41,372,0.0,1,0.4541147,0.45411524,1.0444118,0.09027932,0.09027932,1.0,5.4091106e-07,5.991528e-06,-27.69882,2.2977517,0.76591724,0.112,0.0,0.14553863,7.419994,7.439994,1193600
hardzero_plus_depr__c0p58__z1p05__lam0p020__nu0p50__psi1p00,hardzero_plus_depr,0.01,41,373,0.0,1,0.45411524,0.45411584,0.98834276,0.10272054,0.10272054,1.0,6.032662e-07,5.872888e-06,-26.419346,2.1743975,0.72479916,0.24000001,0.0,0.1532487,7.439994,7.459994,1196800
hardzero_plus_depr__c0p58__z1p05__lam0p020__nu0p50__psi1p00,hardzero_plus_depr,0.01,41,374,0.0,1,0.45411584,0.4541164,1.0086423,0.0980297,0.0980297,1.0,5.643175e-07,5.7565967e-06,-26.077538,2.2190573,0.7396858,0.16000001,0.0,0.16515508,7.459994,7.479994,1200000
hardzero_plus_depr__c0p58__z1p05__lam0p020__nu0p50__psi1p00,hardzero_plus_depr,0.01,41,375,0.0,1,0.4541164,0.45411694,1.0305884,0.09319907,0.09319907,1.0,5.258859e-07,5.6426093e-06,-27.49919,2.2673397,0.7557799,0.16800001,0.0,0.18494423,7.479994,7.499994,1203200
hardzero_plus_depr__c0p58__z1p05__lam0p020__nu0p50__psi1p00,hardzero_plus_depr,0.01,41,376,0.0,1,0.45411694,0.45411745,1.0393561,0.0913364,0.0913364,1.0,5.051705e-07,5.530878e-06,-28.230978,2.2866292,0.7622098,0.192,0.0,0.17484914,7.499994,7.519994,1206400
hardzero_plus_depr__c0p58__z1p05__lam0p020__nu0p50__psi1p00,hardzero_plus_depr,0.01,41,377,0.0,1,0.45411745,0.45411795,1.0223354,0.09498708,0.09498708,1.0,5.14959e-07,5.4213588e-06,-26.700182,2.249183,0.74972767,0.13,0.0,0.16735101,7.519994,7.539994,1209600
hardzero_plus_depr__c0p58__z1p05__lam0p020__nu0p50__psi1p00,hardzero_plus_depr,0.01,41,378,0.0,1,0.45411795,0.45411843,1.0358317,0.09208064,0.09208064,1.0,4.8931736e-07,5.3140093e-06,-27.196112,2.2788754,0.75962514,0.15200001,0.0,0.1427117,7.539994,7.5599937,1212800
hardzero_plus_depr__c0p58__z1p05__lam0p020__nu0p50__psi1p00,hardzero_plus_depr,0.01,41,379,0.0,1,0.45411843,0.45411894,1.0159236,0.09639986,0.09639986,1.0,5.0212606e-07,5.2087844e-06,-26.818079,2.2350767,0.7450256,0.16000001,0.0,0.16059533,7.5599937,7.5799937,1216000
hardzero_plus_depr__c0p58__z1p05__lam0p020__nu0p50__psi1p00,hardzero_plus_depr,0.01,41,380,0.0,1,0.45411894,0.4541194,1.0275131,0.09386136,0.09386136,1.0,4.7922265e-07,5.105644e-06,-27.798466,2.260574,0.7535247,0.208,0.0,0.14622559,7.5799937,7.5999937,1219200
hardzero_plus_depr__c0p58__z1p05__lam0p020__nu0p50__psi1p00,hardzero_plus_depr,0.01,41,381,0.0,1,0.4541194,0.4541199,1.0189856,0.09572258,0.09572258,1.0,4.79048e-07,5.004546e-06,-27.187555,2.2418132,0.74727106,0.208,0.0,0.16778901,7.5999937,7.6199937,1222400
hardzero_plus_depr__c0p58__z1p05__lam0p020__nu0p50__psi1p00,hardzero_plus_depr,0.01,41,382,0.0,1,0.4541199,0.45412034,1.0264715,0.09408675,0.09408675,1.0,4.6153778e-07,4.9054493e-06,-27.467888,2.2582824,0.7527608,0.16800001,0.0,0.15085179,7.6199937,7.6399937,1225600
hardzero_plus_depr__c0p58__z1p05__lam0p020__nu0p50__psi1p00,hardzero_plus_depr,0.01,41,383,0.0,1,0.45412034,0.45412087,0.95524323,0.11085537,0.11085537,1.0,5.330275e-07,4.8083148e-06,-26.022743,2.101577,0.7005257,0.208,0.0,0.13407972,7.6399937,7.6599936,1228800
hardzero_plus_depr__c0p58__z1p05__lam0p020__nu0p50__psi1p00,hardzero_plus_depr,0.01,41,384,0.0,1,0.45412087,0.45412132,1.0160275,0.09637681,0.09637681,1.0,4.5423394e-07,4.7131043e-06,-27.725555,2.235305,0.7451017,0.136,0.0,0.15825012,7.6599936,7.6799936,1232000
hardzero_plus_depr__c0p58__z1p05__lam0p020__nu0p50__psi1p00,hardzero_plus_depr,0.01,41,385,0.0,1,0.45412132,0.4541218,0.9873365,0.102958806,0.102958806,1.0,4.7564686e-07,4.6197783e-06,-27.075932,2.1721838,0.72406125,0.2,0.0,0.17391483,7.6799936,7.6999936,1235200
hardzero_plus_depr__c0p58__z1p05__lam0p020__nu0p50__psi1p00,hardzero_plus_depr,0.01,41,386,0.0,1,0.4541218,0.45412222,1.029043,0.09353132,0.09353132,1.0,4.235379e-07,4.5283005e-06,-26.992023,2.2639396,0.75464654,0.120000005,0.0,0.14970526,7.6999936,7.7199936,1238400
hardzero_plus_depr__c0p58__z1p05__lam0p020__nu0p50__psi1p00,hardzero_plus_depr,0.01,41,387,0.0,1,0.45412222,0.45412222,1.0977767,0.0,0.07984051,0.0,0.0,4.4386343e-06,-28.334486,2.4151568,0.8050523,0.14400001,0.0,0.17537534,7.7199936,7.7399936,1241600
hardzero_plus_depr__c0p58__z1p05__lam0p020__nu0p50__psi1p00,hardzero_plus_depr,0.01,41,388,0.0,1,0.45412222,0.45412222,1.0920142,0.0,0.08090695,0.0,0.0,4.350744e-06,-28.577934,2.4024792,0.80082643,0.104,0.008,0.1803815,7.7399936,7.7599936,1244800
hardzero_plus_depr__c0p58__z1p05__lam0p020__nu0p50__psi1p00,hardzero_plus_depr,0.01,41,389,0.0,1,0.45412222,0.45412222,1.0968769,0.0,0.0800061,0.0,0.0,4.2645934e-06,-28.203377,2.4131773,0.80439246,0.18400002,0.0,0.16996416,7.7599936,7.7799935,1248000
hardzero_plus_depr__c0p58__z1p05__lam0p020__nu0p50__psi1p00,hardzero_plus_depr,0.01,41,390,0.0,1,0.45412222,0.45412263,1.0023947,0.09945012,0.09945012,1.0,4.1571627e-07,4.1801486e-06,-26.548376,2.2053123,0.7351041,0.14,0.0,0.15893763,7.7799935,7.7999935,1251200
hardzero_plus_depr__c0p58__z1p05__lam0p020__nu0p50__psi1p00,hardzero_plus_depr,0.01,41,391,0.0,1,0.45412263,0.45412302,1.0096688,0.097798266,0.097798266,1.0,4.0071626e-07,4.097376e-06,-27.130127,2.2213159,0.74043864,0.17600001,0.0,0.15212107,7.7999935,7.8199935,1254400
hardzero_plus_depr__c0p58__z1p05__lam0p020__nu0p50__psi1p00,hardzero_plus_depr,0.01,41,392,0.0,1,0.45412302,0.45412338,1.0332597,0.09262756,0.09262756,1.0,3.720148e-07,4.016243e-06,-27.182579,2.273217,0.757739,0.14400001,0.0,0.15780786,7.8199935,7.8399935,1257600
hardzero_plus_depr__c0p58__z1p05__lam0p020__nu0p50__psi1p00,hardzero_plus_depr,0.01,41,393,0.0,1,0.45412338,0.4541238,0.97375053,0.10623057,0.10623057,1.0,4.181996e-07,3.936716e-06,-25.952782,2.142294,0.714098,0.18400002,0.0,0.16724694,7.8399935,7.8599935,1260800
hardzero_plus_depr__c0p58__z1p05__lam0p020__nu0p50__psi1p00,hardzero_plus_depr,0.01,41,394,0.0,1,0.4541238,0.4541238,1.0653621,0.0,0.08602762,0.0,0.0,3.8587636e-06,-27.76214,2.3438435,0.7812812,0.112,0.0,0.17356604,7.8599935,7.8799934,1264000
hardzero_plus_depr__c0p58__z1p05__lam0p020__nu0p50__psi1p00,hardzero_plus_depr,0.01,41,395,0.0,1,0.4541238,0.45412415,1.0092669,0.09788882,0.09788882,1.0,3.702503e-07,3.7823552e-06,-27.92561,2.2204313,0.7401438,0.128,0.0,0.1428333,7.8799934,7.8999934,1267200
hardzero_plus_depr__c0p58__z1p05__lam0p020__nu0p50__psi1p00,hardzero_plus_depr,0.01,41,396,0.0,1,0.45412415,0.45412448,1.0361673,0.092009515,0.092009515,1.0,3.4112153e-07,3.7074594e-06,-27.523314,2.2796135,0.7598712,0.136,0.0,0.17616542,7.8999934,7.9199934,1270400
hardzero_plus_depr__c0p58__z1p05__lam0p020__nu0p50__psi1p00,hardzero_plus_depr,0.01,41,397,0.0,1,0.45412448,0.45412484,1.0145688,0.09670104,0.09670104,1.0,3.5141613e-07,3.634047e-06,-26.801264,2.232096,0.744032,0.17600001,0.0,0.16395389,7.9199934,7.9399934,1273600
hardzero_plus_depr__c0p58__z1p05__lam0p020__nu0p50__psi1p00,hardzero_plus_depr,0.01,41,398,0.0,1,0.45412484,0.45412484,1.0572067,0.0,0.08765834,0.0,0.0,3.5620885e-06,-27.6877,2.3259013,0.77530044,0.128,0.0,0.15992013,7.9399934,7.9599934,1276800
hardzero_plus_depr__c0p58__z1p05__lam0p020__nu0p50__psi1p00,hardzero_plus_depr,0.01,41,399,0.0,1,0.45412484,0.45412517,1.0283004,0.09369137,0.09369137,1.0,3.2712853e-07,3.4915545e-06,-27.7316,2.262306,0.754102,0.104,0.0,0.16637443,7.9599934,7.9799933,1280000
hardzero_plus_depr__c0p58__z1p05__lam0p020__nu0p50__psi1p00,hardzero_plus_depr,0.01,41,400,0.0,1,0.45412517,0.45412552,0.99604946,0.100913785,0.100913785,1.0,3.4536902e-07,3.4224167e-06,-26.594065,2.1913526,0.73045087,0.15200001,0.0,0.16462985,7.9799933,7.9999933,1283200
hardzero_plus_depr__c0p58__z1p05__lam0p020__nu0p50__psi1p00,hardzero_plus_depr,0.01,41,401,0.0,1,0.45412552,0.45412585,1.004893,0.09887968,0.09887968,1.0,3.3170656e-07,3.3546485e-06,-26.889187,2.2108088,0.7369363,0.16000001,0.0,0.15594298,7.9999933,8.019994,1286400
hardzero_plus_depr__c0p58__z1p05__lam0p020__nu0p50__psi1p00,hardzero_plus_depr,0.01,41,402,0.0,1,0.45412585,0.45412618,0.9985826,0.1003269,0.1003269,1.0,3.29897e-07,3.2882208e-06,-26.841106,2.1969256,0.73230857,0.096,0.0,0.14695989,8.019994,8.039994,1289600
hardzero_plus_depr__c0p58__z1p05__lam0p020__nu0p50__psi1p00,hardzero_plus_depr,0.01,41,403,0.0,1,0.45412618,0.45412618,1.0506347,0.0,0.088994935,0.0,0.0,3.223108e-06,-28.411299,2.3114426,0.7704809,0.17999999,0.0,0.1710069,8.039994,8.059995,1292800
hardzero_plus_depr__c0p58__z1p05__lam0p020__nu0p50__psi1p00,hardzero_plus_depr,0.01,41,404,0.0,1,0.45412618,0.45412618,1.0627773,0.0,0.08654115,0.0,0.0,3.1592847e-06,-27.86208,2.3381567,0.77938557,0.096,0.0,0.16251901,8.059995,8.079995,1296000
hardzero_plus_depr__c0p58__z1p05__lam0p020__nu0p50__psi1p00,hardzero_plus_depr,0.01,41,405,0.0,1,0.45412618,0.45412618,1.0647625,0.0,0.08614648,0.0,0.0,3.0967255e-06,-28.568054,2.3425243,0.78084147,0.18400002,0.008,0.16508098,8.079995,8.099996,1299200
hardzero_plus_depr__c0p58__z1p05__lam0p020__nu0p50__psi1p00,hardzero_plus_depr,0.01,41,406,0.0,1,0.45412618,0.45412648,1.024775,0.094455,0.094455,1.0,2.8670914e-07,3.0354047e-06,-26.569263,2.25455,0.7515167,0.15200001,0.0,0.18876998,8.099996,8.119996,1302400
hardzero_plus_depr__c0p58__z1p05__lam0p020__nu0p50__psi1p00,hardzero_plus_depr,0.01,41,407,0.0,1,0.45412648,0.4541268,0.9443136,0.113680616,0.113680616,1.0,3.3823378e-07,2.9752985e-06,-25.867123,2.0775313,0.6925105,0.208,0.008,0.13551626,8.119996,8.139997,1305600
hardzero_plus_depr__c0p58__z1p05__lam0p020__nu0p50__psi1p00,hardzero_plus_depr,0.01,41,408,0.0,1,0.4541268,0.4541268,1.0791698,0.0,0.083335534,0.0,0.0,2.916382e-06,-28.199291,2.3742208,0.791407,0.16800001,0.0,0.1657569,8.139997,8.159997,1308800
hardzero_plus_depr__c0p58__z1p05__lam0p020__nu0p50__psi1p00,hardzero_plus_depr,0.01,41,409,0.0,1,0.4541268,0.4541268,1.0641582,0.0,0.08626643,0.0,0.0,2.8586323e-06,-27.746403,2.3411949,0.7803983,0.15200001,0.0,0.18549338,8.159997,8.179997,1312000
hardzero_plus_depr__c0p58__z1p05__lam0p020__nu0p50__psi1p00,hardzero_plus_depr,0.01,41,410,0.0,1,0.4541268,0.45412704,1.0489823,0.0893342,0.0893342,1.0,2.5031682e-07,2.8020268e-06,-27.432398,2.307807,0.769269,0.15200001,0.0,0.15725482,8.179997,8.199998,1315200
hardzero_plus_depr__c0p58__z1p05__lam0p020__nu0p50__psi1p00,hardzero_plus_depr,0.01,41,411,0.0,1,0.45412704,0.45412734,0.98286974,0.10402322,0.10402322,1.0,2.857041e-07,2.7465414e-06,-26.489351,2.1623566,0.72078556,0.224,0.0,0.1666914,8.199998,8.219998,1318400
hardzero_plus_depr__c0p58__z1p05__lam0p020__nu0p50__psi1p00,hardzero_plus_depr,0.01,41,412,0.0,1,0.45412734,0.4541276,1.015661,0.09645816,0.09645816,1.0,2.596803e-07,2.6921548e-06,-27.217667,2.2344987,0.74483293,0.15200001,0.0,0.16732405,8.219998,8.239999,1321600
hardzero_plus_depr__c0p58__z1p05__lam0p020__nu0p50__psi1p00,hardzero_plus_depr,0.01,41,413,0.0,1,0.4541276,0.45412788,1.000609,0.099859856,0.099859856,1.0,2.6351475e-07,2.6388457e-06,-27.645716,2.2013838,0.7337946,0.17600001,0.0,0.1484831,8.239999,8.259999,1324800
hardzero_plus_depr__c0p58__z1p05__lam0p020__nu0p50__psi1p00,hardzero_plus_depr,0.01,41,414,0.0,1,0.45412788,0.45412812,1.0152103,0.096558325,0.096558325,1.0,2.4975697e-07,2.5865918e-06,-26.806774,2.2335072,0.7445024,0.15200001,0.0,0.16156141,8.259999,8.28,1328000
hardzero_plus_depr__c0p58__z1p05__lam0p020__nu0p50__psi1p00,hardzero_plus_depr,0.01,41,415,0.0,1,0.45412812,0.45412812,1.0993153,0.0,0.079558164,0.0,0.0,2.5353725e-06,-28.698418,2.418542,0.80618066,0.16800001,0.0,0.17042884,8.28,8.3,1331200
hardzero_plus_depr__c0p58__z1p05__lam0p020__nu0p50__psi1p00,hardzero_plus_depr,0.01,41,416,0.0,1,0.45412812,0.45412812,1.0934758,0.0,0.080635116,0.0,0.0,2.4851677e-06,-28.167915,2.4056947,0.80189824,0.12,0.0,0.21887961,8.3,8.320001,1334400
hardzero_plus_depr__c0p58__z1p05__lam0p020__nu0p50__psi1p00,hardzero_plus_depr,0.01,41,417,0.0,1,0.45412812,0.45412835,1.0340656,0.09245584,0.09245584,1.0,2.2521846e-07,2.435957e-06,-27.542929,2.2749898,0.75833,0.128,0.0,0.1759605,8.320001,8.340001,1337600
hardzero_plus_depr__c0p58__z1p05__lam0p020__nu0p50__psi1p00,hardzero_plus_depr,0.01,41,418,0.0,1,0.45412835,0.4541286,1.0210721,0.095263794,0.095263794,1.0,2.2746335e-07,2.3877208e-06,-26.256731,2.2464037,0.74880123,0.15200001,0.0,0.15986288,8.340001,8.360002,1340800
hardzero_plus_depr__c0p58__z1p05__lam0p020__nu0p50__psi1p00,hardzero_plus_depr,0.01,41,419,0.0,1,0.4541286,0.4541288,1.0347705,0.09230591,0.09230591,1.0,2.1603641e-07,2.3404396e-06,-26.986607,2.2765405,0.7588469,0.18400002,0.0,0.17194474,8.360002,8.380002,1344000
hardzero_plus_depr__c0p58__z1p05__lam0p020__nu0p50__psi1p00,hardzero_plus_depr,0.01,41,420,0.0,1,0.4541288,0.4541288,1.065394,0.0,0.08602128,0.0,0.0,2.2940949e-06,-28.433971,2.3439138,0.7813046,0.120000005,0.0,0.19047105,8.380002,8.4000025,1347200
hardzero_plus_depr__c0p58__z1p05__lam0p020__nu0p50__psi1p00,hardzero_plus_depr,0.01,41,421,0.0,1,0.4541288,0.454129,1.0213021,0.09521336,0.09521336,1.0,2.1410318e-07,2.2486674e-06,-27.139618,2.2469094,0.7489698,0.18400002,0.008,0.15181094,8.4000025,8.420003,1350400
hardzero_plus_depr__c0p58__z1p05__lam0p020__nu0p50__psi1p00,hardzero_plus_depr,0.01,41,422,0.0,1,0.454129,0.454129,1.0669806,0.0,0.08570762,0.0,0.0,2.20414e-06,-27.338652,2.3474042,0.7824681,0.17600001,0.0,0.15122104,8.420003,8.440003,1353600
hardzero_plus_depr__c0p58__z1p05__lam0p020__nu0p50__psi1p00,hardzero_plus_depr,0.01,41,423,0.0,1,0.454129,0.45412922,1.0122955,0.09720855,0.09720855,1.0,2.1001851e-07,2.1604942e-06,-26.99281,2.2270947,0.7423649,0.15200001,0.0,0.14865577,8.440003,8.460004,1356800
hardzero_plus_depr__c0p58__z1p05__lam0p020__nu0p50__psi1p00,hardzero_plus_depr,0.01,41,424,0.0,1,0.45412922,0.4541294,1.0450007,0.09015697,0.09015697,1.0,1.9092654e-07,2.1177125e-06,-28.55712,2.2990475,0.7663492,0.128,0.0,0.20169704,8.460004,8.480004,1360000
hardzero_plus_depr__c0p58__z1p05__lam0p020__nu0p50__psi1p00,hardzero_plus_depr,0.01,41,425,0.0,1,0.4541294,0.4541296,0.99123037,0.10203981,0.10203981,1.0,2.1181201e-07,2.0757782e-06,-27.140646,2.1807504,0.7269168,0.16800001,0.0,0.13972443,8.480004,8.500005,1363200
hardzero_plus_depr__c0p58__z1p05__lam0p020__nu0p50__psi1p00,hardzero_plus_depr,0.01,41,426,0.0,1,0.4541296,0.4541298,1.0404068,0.09111568,0.09111568,1.0,1.8539072e-07,2.034674e-06,-27.126034,2.2889407,0.7629802,0.16800001,0.0,0.14894083,8.500005,8.520005,1366400
hardzero_plus_depr__c0p58__z1p05__lam0p020__nu0p50__psi1p00,hardzero_plus_depr,0.01,41,427,0.0,1,0.4541298,0.45412996,1.0405887,0.09107752,0.09107752,1.0,1.8164351e-07,1.9943836e-06,-27.483603,2.289341,0.7631137,0.16000001,0.0,0.14851485,8.520005,8.540006,1369600
hardzero_plus_depr__c0p58__z1p05__lam0p020__nu0p50__psi1p00,hardzero_plus_depr,0.01,41,428,0.0,1,0.45412996,0.45413014,1.0176693,0.09601313,0.09601313,1.0,1.8769524e-07,1.9548913e-06,-27.779995,2.238917,0.7463057,0.15200001,0.0,0.16327906,8.540006,8.560006,1372800
hardzero_plus_depr__c0p58__z1p05__lam0p020__nu0p50__psi1p00,hardzero_plus_depr,0.01,41,429,0.0,1,0.45413014,0.45413014,1.0699472,0.0,0.08512415,0.0,0.0,1.916181e-06,-28.0738,2.353931,0.78464365,0.16,0.0,0.18183506,8.560006,8.580007,1376000
hardzero_plus_depr__c0p58__z1p05__lam0p020__nu0p50__psi1p00,hardzero_plus_depr,0.01,41,430,0.0,1,0.45413014,0.45413032,1.0278739,0.09378342,0.09378342,1.0,1.7614755e-07,1.8782375e-06,-26.996994,2.2613676,0.7537892,0.17600001,0.0,0.15317993,8.580007,8.600007,1379200
hardzero_plus_depr__c0p58__z1p05__lam0p020__nu0p50__psi1p00,hardzero_plus_depr,0.01,41,431,0.0,1,0.45413032,0.4541305,1.048644,0.08940381,0.08940381,1.0,1.6459643e-07,1.8410449e-06,-27.713848,2.3070629,0.769021,0.08800001,0.0,0.15753458,8.600007,8.6200075,1382400
hardzero_plus_depr__c0p58__z1p05__lam0p020__nu0p50__psi1p00,hardzero_plus_depr,0.01,41,432,0.0,1,0.4541305,0.45413068,1.0102593,0.0976654,0.0976654,1.0,1.7624589e-07,1.8045888e-06,-27.421915,2.2226148,0.7408716,0.136,0.0,0.13440008,8.6200075,8.640008,1385600
hardzero_plus_depr__c0p58__z1p05__lam0p020__nu0p50__psi1p00,hardzero_plus_depr,0.01,41,433,0.0,1,0.45413068,0.45413083,1.0469846,0.089746065,0.089746065,1.0,1.5874778e-07,1.768855e-06,-27.250107,2.303412,0.767804,0.112,0.0,0.16812634,8.640008,8.660008,1388800
hardzero_plus_depr__c0p58__z1p05__lam0p020__nu0p50__psi1p00,hardzero_plus_depr,0.01,41,434,0.0,1,0.45413083,0.45413083,1.0679177,0.0,0.08552287,0.0,0.0,1.7338283e-06,-28.022657,2.3494658,0.7831553,0.136,0.0,0.16117692,8.660008,8.680009,1392000
hardzero_plus_depr__c0p58__z1p05__lam0p020__nu0p50__psi1p00,hardzero_plus_depr,0.01,41,435,0.0,1,0.45413083,0.45413098,1.044072,0.090349965,0.090349965,1.0,1.5354937e-07,1.6994956e-06,-26.825222,2.2970042,0.7656681,0.104,0.0,0.16134863,8.680009,8.700009,1395200
hardzero_plus_depr__c0p58__z1p05__lam0p020__nu0p50__psi1p00,hardzero_plus_depr,0.01,41,436,0.0,1,0.45413098,0.45413098,1.054323,0.0,0.088242345,0.0,0.0,1.6658425e-06,-27.76523,2.319557,0.7731857,0.136,0.0,0.16427012,8.700009,8.72001,1398400
hardzero_plus_depr__c0p58__z1p05__lam0p020__nu0p50__psi1p00,hardzero_plus_depr,0.01,41,437,0.0,1,0.45413098,0.45413098,1.0627375,0.0,0.086549096,0.0,0.0,1.6328559e-06,-27.75481,2.3380692,0.7793564,0.128,0.0,0.15531614,8.72001,8.74001,1401600
hardzero_plus_depr__c0p58__z1p05__lam0p020__nu0p50__psi1p00,hardzero_plus_depr,0.01,41,438,0.0,1,0.45413098,0.45413113,1.0012447,0.0997138,0.0997138,1.0,1.5959418e-07,1.6005225e-06,-27.167582,2.2027822,0.73426074,0.18400002,0.0,0.1819987,8.74001,8.760011,1404800
hardzero_plus_depr__c0p58__z1p05__lam0p020__nu0p50__psi1p00,hardzero_plus_depr,0.01,41,439,0.0,1,0.45413113,0.45413113,1.0567836,0.0,0.0877438,0.0,0.0,1.5688291e-06,-27.09291,2.3249702,0.7749901,0.17600001,0.0,0.14081207,8.760011,8.780011,1408000
hardzero_plus_depr__c0p58__z1p05__lam0p020__nu0p50__psi1p00,hardzero_plus_depr,0.01,41,440,0.0,1,0.45413113,0.45413128,1.0290521,0.093529336,0.093529336,1.0,1.4382603e-07,1.5377638e-06,-27.266003,2.26396,0.75465333,0.14400001,0.0,0.1293378,8.780011,8.800012,1411200
hardzero_plus_depr__c0p58__z1p05__lam0p020__nu0p50__psi1p00,hardzero_plus_depr,0.01,41,441,0.0,1,0.45413128,0.45413142,1.0377584,0.09167305,0.09167305,1.0,1.3817998e-07,1.5073131e-06,-27.806715,2.283114,0.761038,0.136,0.0,0.16101602,8.800012,8.820012,1414400
hardzero_plus_depr__c0p58__z1p05__lam0p020__nu0p50__psi1p00,hardzero_plus_depr,0.01,41,442,0.0,1,0.45413142,0.45413157,1.031798,0.09293985,0.09293985,1.0,1.3731544e-07,1.4774656e-06,-27.151499,2.270001,0.756667,0.14,0.0,0.15439743,8.820012,8.840013,1417600
hardzero_plus_depr__c0p58__z1p05__lam0p020__nu0p50__psi1p00,hardzero_plus_depr,0.01,41,443,0.0,1,0.45413157,0.45413157,1.0737872,0.0,0.08437481,0.0,0.0,1.4482093e-06,-27.503126,2.362379,0.78745973,0.08800001,0.0,0.16284351,8.840013,8.860013,1420800
hardzero_plus_depr__c0p58__z1p05__lam0p020__nu0p50__psi1p00,hardzero_plus_depr,0.01,41,444,0.0,1,0.45413157,0.45413172,0.9880042,0.10280062,0.10280062,1.0,1.459288e-07,1.4195322e-06,-26.843336,2.1736526,0.7245509,0.104,0.0,0.14918877,8.860013,8.880013,1424000
hardzero_plus_depr__c0p58__z1p05__lam0p020__nu0p50__psi1p00,hardzero_plus_depr,0.01,41,445,0.0,1,0.45413172,0.45413184,1.0490279,0.0893248,0.0893248,1.0,1.2428858e-07,1.391423e-06,-27.14354,2.3079076,0.76930255,0.096,0.0,0.16337961,8.880013,8.900014,1427200
hardzero_plus_depr__c0p58__z1p05__lam0p020__nu0p50__psi1p00,hardzero_plus_depr,0.01,41,446,0.0,1,0.45413184,0.45413196,1.0491211,0.08930564,0.08930564,1.0,1.2180129e-07,1.3638702e-06,-27.669111,2.3081126,0.7693709,0.16800001,0.0,0.13983695,8.900014,8.920014,1430400
hardzero_plus_depr__c0p58__z1p05__lam0p020__nu0p50__psi1p00,hardzero_plus_depr,0.01,41,447,0.0,1,0.45413196,0.45413208,1.0304259,0.093233936,0.093233936,1.0,1.2464102e-07,1.3368632e-06,-26.901258,2.2669823,0.7556608,0.16800001,0.0,0.16166675,8.920014,8.940015,1433600
hardzero_plus_depr__c0p58__z1p05__lam0p020__nu0p50__psi1p00,hardzero_plus_depr,0.01,41,448,0.0,1,0.45413208,0.4541322,1.0112258,0.097448274,0.097448274,1.0,1.2769533e-07,1.3103909e-06,-26.8389,2.2247412,0.7415804,0.120000005,0.0,0.15734236,8.940015,8.960015,1436800
hardzero_plus_depr__c0p58__z1p05__lam0p020__nu0p50__psi1p00,hardzero_plus_depr,0.01,41,449,0.0,1,0.4541322,0.45413232,0.9983648,0.100377224,0.100377224,1.0,1.289288e-07,1.2844428e-06,-26.403814,2.1964464,0.7321488,0.192,0.0,0.15981458,8.960015,8.980016,1440000
hardzero_plus_depr__c0p58__z1p05__lam0p020__nu0p50__psi1p00,hardzero_plus_depr,0.01,41,450,0.0,1,0.45413232,0.45413232,1.0641823,0.0,0.08626164,0.0,0.0,1.2590085e-06,-27.501974,2.3412478,0.78041595,0.15200001,0.0,0.1871689,8.980016,9.000016,1443200
hardzero_plus_depr__c0p58__z1p05__lam0p020__nu0p50__psi1p00,hardzero_plus_depr,0.01,41,451,0.0,1,0.45413232,0.45413244,1.0225958,0.09493016,0.09493016,1.0,1.1715122e-07,1.234078e-06,-27.461142,2.2497556,0.7499186,0.17600001,0.0,0.16079663,9.000016,9.020017,1446400
hardzero_plus_depr__c0p58__z1p05__lam0p020__nu0p50__psi1p00,hardzero_plus_depr,0.01,41,452,0.0,1,0.45413244,0.45413256,1.0126351,0.09713256,0.09713256,1.0,1.1749553e-07,1.209641e-06,-26.671976,2.2278419,0.742614,0.15200001,0.0,0.14557208,9.020017,9.040017,1449600
hardzero_plus_depr__c0p58__z1p05__lam0p020__nu0p50__psi1p00,hardzero_plus_depr,0.01,41,453,0.0,1,0.45413256,0.45413268,1.0272412,0.09392014,0.09392014,1.0,1.1135999e-07,1.185688e-06,-27.119217,2.259976,0.75332534,0.16800001,0.0,0.17118666,9.040017,9.060018,1452800
hardzero_plus_depr__c0p58__z1p05__lam0p020__nu0p50__psi1p00,hardzero_plus_depr,0.01,41,454,0.0,1,0.45413268,0.4541328,1.022557,0.09493862,0.09493862,1.0,1.1033855e-07,1.1622093e-06,-27.379475,2.2496703,0.7498901,0.2,0.0,0.15139286,9.060018,9.080018,1456000
hardzero_plus_depr__c0p58__z1p05__lam0p020__nu0p50__psi1p00,hardzero_plus_depr,0.01,41,455,0.0,1,0.4541328,0.4541329,0.9918814,0.101886965,0.101886965,1.0,1.16069174e-07,1.1391955e-06,-26.978416,2.1821826,0.7273942,0.17,0.0,0.13370341,9.080018,9.1000185,1459200
hardzero_plus_depr__c0p58__z1p05__lam0p020__nu0p50__psi1p00,hardzero_plus_depr,0.01,41,456,0.0,1,0.4541329,0.45413303,1.021365,0.09519956,0.09519956,1.0,1.06303396e-07,1.1166375e-06,-26.705498,2.247048,0.749016,0.15200001,0.0,0.1648968,9.1000185,9.120019,1462400
hardzero_plus_depr__c0p58__z1p05__lam0p020__nu0p50__psi1p00,hardzero_plus_depr,0.01,41,457,0.0,1,0.45413303,0.45413303,1.0706916,0.0,0.08497837,0.0,0.0,1.0945259e-06,-28.0601,2.3555686,0.78518957,0.14400001,0.0,0.16647017,9.120019,9.140019,1465600
hardzero_plus_depr__c0p58__z1p05__lam0p020__nu0p50__psi1p00,hardzero_plus_depr,0.01,41,458,0.0,1,0.45413303,0.45413312,1.0243353,0.09455069,0.09455069,1.0,1.0143894e-07,1.0728525e-06,-27.700157,2.2535825,0.7511942,0.14400001,0.0,0.16444199,9.140019,9.16002,1468800
hardzero_plus_depr__c0p58__z1p05__lam0p020__nu0p50__psi1p00,hardzero_plus_depr,0.01,41,459,0.0,1,0.45413312,0.4541332,1.0126109,0.09713798,0.09713798,1.0,1.0215108e-07,1.051608e-06,-26.478834,2.2277884,0.74259615,0.15200001,0.0,0.13188654,9.16002,9.18002,1472000
hardzero_plus_depr__c0p58__z1p05__lam0p020__nu0p50__psi1p00,hardzero_plus_depr,0.01,41,460,0.0,1,0.4541332,0.4541332,1.0530018,0.0,0.088511206,0.0,0.0,1.0307843e-06,-27.166046,2.3166502,0.77221674,0.14400001,0.0,0.14911225,9.18002,9.200021,1475200
hardzero_plus_depr__c0p58__z1p05__lam0p020__nu0p50__psi1p00,hardzero_plus_depr,0.01,41,461,0.0,1,0.4541332,0.4541333,1.0328069,0.09272421,0.09272421,1.0,9.368604e-08,1.010373e-06,-26.931581,2.2722206,0.7574069,0.17600001,0.0,0.17330696,9.200021,9.220021,1478400
hardzero_plus_depr__c0p58__z1p05__lam0p020__nu0p50__psi1p00,hardzero_plus_depr,0.01,41,462,0.0,1,0.4541333,0.4541334,1.011071,0.09748302,0.09748302,1.0,9.654385e-08,9.903658e-07,-27.666025,2.2244005,0.7414669,0.120000005,0.0,0.18147866,9.220021,9.240022,1481600
hardzero_plus_depr__c0p58__z1p05__lam0p020__nu0p50__psi1p00,hardzero_plus_depr,0.01,41,463,0.0,1,0.4541334,0.45413348,1.0477239,0.08959342,0.08959342,1.0,8.6973245e-08,9.707549e-07,-27.736885,2.3050387,0.76834625,0.192,0.0,0.18362276,9.240022,9.260022,1484800
hardzero_plus_depr__c0p58__z1p05__lam0p020__nu0p50__psi1p00,hardzero_plus_depr,0.01,41,464,0.0,1,0.45413348,0.45413357,1.009861,0.097755,0.097755,1.0,9.301702e-08,9.515321e-07,-26.453794,2.2217386,0.74057955,0.216,0.0,0.1813389,9.260022,9.280023,1488000
hardzero_plus_depr__c0p58__z1p05__lam0p020__nu0p50__psi1p00,hardzero_plus_depr,0.01,41,465,0.0,1,0.45413357,0.45413366,1.0016221,0.09962718,0.09962718,1.0,9.292129e-08,9.3269017e-07,-26.913256,2.2036126,0.73453754,0.15200001,0.0,0.14100121,9.280023,9.300023,1491200
hardzero_plus_depr__c0p58__z1p05__lam0p020__nu0p50__psi1p00,hardzero_plus_depr,0.01,41,466,0.0,1,0.45413366,0.45413375,1.0421075,0.09075959,0.09075959,1.0,8.2974346e-08,9.1422123e-07,-27.409662,2.2926822,0.7642274,0.14400001,0.0,0.15984283,9.300023,9.320024,1494400
hardzero_plus_depr__c0p58__z1p05__lam0p020__nu0p50__psi1p00,hardzero_plus_depr,0.01,41,467,0.0,1,0.45413375,0.45413384,1.0115291,0.09738026,0.09738026,1.0,8.72642e-08,8.9611797e-07,-27.084162,2.2254083,0.7418028,0.072000004,0.0,0.16001658,9.320024,9.340024,1497600
hardzero_plus_depr__c0p58__z1p05__lam0p020__nu0p50__psi1p00,hardzero_plus_depr,0.01,41,468,0.0,1,0.45413384,0.45413393,0.97857755,0.10505637,0.10505637,1.0,9.227871e-08,8.783733e-07,-26.052187,2.1529136,0.7176379,0.16,0.0,0.14236386,9.340024,9.360024,1500800
hardzero_plus_depr__c0p58__z1p05__lam0p020__nu0p50__psi1p00,hardzero_plus_depr,0.01,41,469,0.0,1,0.45413393,0.45413402,1.0121737,0.09723583,0.09723583,1.0,8.37181e-08,8.609799e-07,-27.343697,2.2268264,0.7422755,0.208,0.0,0.17191505,9.360024,9.380025,1504000
hardzero_plus_depr__c0p58__z1p05__lam0p020__nu0p50__psi1p00,hardzero_plus_depr,0.01,41,470,0.0,1,0.45413402,0.4541341,1.0460323,0.08994307,0.08994307,1.0,7.590575e-08,8.4393105e-07,-27.426409,2.301317,0.7671057,0.128,0.0,0.1256736,9.380025,9.400025,1507200
hardzero_plus_depr__c0p58__z1p05__lam0p020__nu0p50__psi1p00,hardzero_plus_depr,0.01,41,471,0.0,1,0.4541341,0.4541342,1.0068489,0.09843535,0.09843535,1.0,8.1427665e-08,8.272197e-07,-27.5227,2.215112,0.73837066,0.17600001,0.0,0.14369121,9.400025,9.420026,1510400
hardzero_plus_depr__c0p58__z1p05__lam0p020__nu0p50__psi1p00,hardzero_plus_depr,0.01,41,472,0.0,1,0.4541342,0.4541343,1.0364178,0.091956444,0.091956444,1.0,7.456189e-08,8.108392e-07,-26.643106,2.2801647,0.76005495,0.104,0.0,0.16530417,9.420026,9.440026,1513600
hardzero_plus_depr__c0p58__z1p05__lam0p020__nu0p50__psi1p00,hardzero_plus_depr,0.01,41,473,0.0,1,0.4541343,0.45413437,1.0174345,0.09606506,0.09606506,1.0,7.6350894e-08,7.9478315e-07,-27.302591,2.2384005,0.7461335,0.18400002,0.0,0.15758052,9.440026,9.460027,1516800
hardzero_plus_depr__c0p58__z1p05__lam0p020__nu0p50__psi1p00,hardzero_plus_depr,0.01,41,474,0.0,1,0.45413437,0.45413443,1.0266119,0.094056346,0.094056346,1.0,7.327413e-08,7.790451e-07,-28.238087,2.2585914,0.7528638,0.136,0.0,0.1413756,9.460027,9.480027,1520000
hardzero_plus_depr__c0p58__z1p05__lam0p020__nu0p50__psi1p00,hardzero_plus_depr,0.01,41,475,0.0,1,0.45413443,0.4541345,1.0434294,0.09048375,0.09048375,1.0,6.909507e-08,7.6361863e-07,-27.682505,2.2955904,0.7651968,0.120000005,0.0,0.16595681,9.480027,9.500028,1523200
hardzero_plus_depr__c0p58__z1p05__lam0p020__nu0p50__psi1p00,hardzero_plus_depr,0.01,41,476,0.0,1,0.4541345,0.45413455,1.0075146,0.09828458,0.09828458,1.0,7.356577e-08,7.484976e-07,-26.163427,2.2165763,0.7388588,0.208,0.0,0.1530865,9.500028,9.520028,1526400
hardzero_plus_depr__c0p58__z1p05__lam0p020__nu0p50__psi1p00,hardzero_plus_depr,0.01,41,477,0.0,1,0.45413455,0.4541346,1.0353557,0.092181616,0.092181616,1.0,6.763143e-08,7.3367596e-07,-28.167395,2.277828,0.75927603,0.136,0.0,0.17423472,9.520028,9.540029,1529600
hardzero_plus_depr__c0p58__z1p05__lam0p020__nu0p50__psi1p00,hardzero_plus_depr,0.01,41,478,0.0,1,0.4541346,0.45413467,0.9912162,0.10204314,0.10204314,1.0,7.338411e-08,7.191479e-07,-26.025951,2.1807191,0.7269064,0.17600001,0.0,0.14247109,9.540029,9.560029,1532800
hardzero_plus_depr__c0p58__z1p05__lam0p020__nu0p50__psi1p00,hardzero_plus_depr,0.01,41,479,0.0,1,0.45413467,0.45413473,1.006522,0.09850947,0.09850947,1.0,6.944006e-08,7.049075e-07,-26.851475,2.2143927,0.7381309,0.14400001,0.0,0.13231085,9.560029,9.5800295,1536000
hardzero_plus_depr__c0p58__z1p05__lam0p020__nu0p50__psi1p00,hardzero_plus_depr,0.01,41,480,0.0,1,0.45413473,0.45413473,1.1060091,0.0,0.07834131,0.0,0.0,6.909491e-07,-28.295063,2.4332688,0.81108963,0.120000005,0.0,0.20467682,9.5800295,9.60003,1539200
hardzero_plus_depr__c0p58__z1p05__lam0p020__nu0p50__psi1p00,hardzero_plus_depr,0.01,41,481,0.0,1,0.45413473,0.4541348,1.0025523,0.09941404,0.09941404,1.0,6.732986e-08,6.7726705e-07,-27.231213,2.205659,0.73521966,0.17999999,0.0,0.1524229,9.60003,9.62003,1542400
hardzero_plus_depr__c0p58__z1p05__lam0p020__nu0p50__psi1p00,hardzero_plus_depr,0.01,41,482,0.0,1,0.4541348,0.45413485,1.0446393,0.09023202,0.09023202,1.0,5.990106e-08,6.6385593e-07,-27.536312,2.2982526,0.7660842,0.16800001,0.0,0.15043499,9.62003,9.640031,1545600
hardzero_plus_depr__c0p58__z1p05__lam0p020__nu0p50__psi1p00,hardzero_plus_depr,0.01,41,483,0.0,1,0.45413485,0.4541349,1.0180323,0.09593293,0.09593293,1.0,6.242456e-08,6.507105e-07,-26.599976,2.2397158,0.74657196,0.120000005,0.0,0.13746245,9.640031,9.660031,1548800
hardzero_plus_depr__c0p58__z1p05__lam0p020__nu0p50__psi1p00,hardzero_plus_depr,0.01,41,484,0.0,1,0.4541349,0.45413497,1.0215222,0.09516511,0.09516511,1.0,6.069872e-08,6.378253e-07,-26.391563,2.2473936,0.7491312,0.18400002,0.0,0.14861046,9.660031,9.680032,1552000
hardzero_plus_depr__c0p58__z1p05__lam0p020__nu0p50__psi1p00,hardzero_plus_depr,0.01,41,485,0.0,1,0.45413497,0.45413503,1.002108,0.0995158,0.0995158,1.0,6.22168e-08,6.251952e-07,-26.054651,2.2046816,0.7348939,0.2,0.0,0.15095273,9.680032,9.700032,1555200
hardzero_plus_depr__c0p58__z1p05__lam0p020__nu0p50__psi1p00,hardzero_plus_depr,0.01,41,486,0.0,1,0.45413503,0.4541351,1.0180367,0.09593195,0.09593195,1.0,5.8788554e-08,6.128152e-07,-27.49191,2.2397256,0.74657524,0.136,0.0,0.15081611,9.700032,9.720033,1558400
hardzero_plus_depr__c0p58__z1p05__lam0p020__nu0p50__psi1p00,hardzero_plus_depr,0.01,41,487,0.0,1,0.4541351,0.4541351,1.0582418,0.0,0.087449655,0.0,0.0,6.006803e-07,-28.373444,2.3281786,0.77605957,0.16800001,0.0,0.18221106,9.720033,9.740033,1561600
hardzero_plus_depr__c0p58__z1p05__lam0p020__nu0p50__psi1p00,hardzero_plus_depr,0.01,41,488,0.0,1,0.4541351,0.45413515,1.0202643,0.09544116,0.09544116,1.0,5.6194406e-08,5.8878584e-07,-27.327927,2.2446263,0.74820876,0.16000001,0.0,0.17844424,9.740033,9.760034,1564800
hardzero_plus_depr__c0p58__z1p05__lam0p020__nu0p50__psi1p00,hardzero_plus_depr,0.01,41,489,0.0,1,0.45413515,0.45413515,1.056542,0.0,0.08779261,0.0,0.0,5.771268e-07,-27.875692,2.3244388,0.77481294,0.192,0.0,0.1465597,9.760034,9.780034,1568000
hardzero_plus_depr__c0p58__z1p05__lam0p020__nu0p50__psi1p00,hardzero_plus_depr,0.01,41,490,0.0,1,0.45413515,0.45413515,1.077506,0.0,0.083655424,0.0,0.0,5.656987e-07,-28.158312,2.3705604,0.7901868,0.08800001,0.0,0.17367561,9.780034,9.8000345,1571200
hardzero_plus_depr__c0p58__z1p05__lam0p020__nu0p50__psi1p00,hardzero_plus_depr,0.01,41,491,0.0,1,0.45413515,0.4541352,1.0284002,0.09366983,0.09366983,1.0,5.193963e-08,5.5449686e-07,-27.34317,2.2625256,0.7541752,0.128,0.0,0.15566985,9.8000345,9.820035,1574400
hardzero_plus_depr__c0p58__z1p05__lam0p020__nu0p50__psi1p00,hardzero_plus_depr,0.01,41,492,0.0,1,0.4541352,0.45413527,1.0199775,0.09550422,0.09550422,1.0,5.190815e-08,5.435168e-07,-27.578148,2.2439952,0.7479984,0.16000001,0.0,0.14044073,9.820035,9.840035,1577600
hardzero_plus_depr__c0p58__z1p05__lam0p020__nu0p50__psi1p00,hardzero_plus_depr,0.01,41,493,0.0,1,0.45413527,0.45413533,1.018653,0.09579591,0.09579591,1.0,5.1035677e-08,5.3275426e-07,-27.254889,2.2410815,0.74702716,0.16800001,0.0,0.15797196,9.840035,9.860036,1580800
hardzero_plus_depr__c0p58__z1p05__lam0p020__nu0p50__psi1p00,hardzero_plus_depr,0.01,41,494,0.0,1,0.45413533,0.45413533,1.0588136,0.0,0.087334625,0.0,0.0,5.2220474e-07,-28.10724,2.3294363,0.77647877,0.14,0.0,0.15186118,9.860036,9.880036,1584000
hardzero_plus_depr__c0p58__z1p05__lam0p020__nu0p50__psi1p00,hardzero_plus_depr,0.01,41,495,0.0,1,0.45413533,0.45413533,1.0796448,0.0,0.08324443,0.0,0.0,5.118642e-07,-28.716768,2.375266,0.7917554,0.18400002,0.0,0.17084637,9.880036,9.900037,1587200
hardzero_plus_depr__c0p58__z1p05__lam0p020__nu0p50__psi1p00,hardzero_plus_depr,0.01,41,496,0.0,1,0.45413533,0.4541354,0.99625367,0.10086635,0.10086635,1.0,5.0607504e-08,5.017283e-07,-26.79694,2.1918018,0.7306006,0.192,0.0,0.14184274,9.900037,9.920037,1590400
hardzero_plus_depr__c0p58__z1p05__lam0p020__nu0p50__psi1p00,hardzero_plus_depr,0.01,41,497,0.0,1,0.4541354,0.45413545,1.0118989,0.09729738,0.09729738,1.0,4.7850193e-08,4.9179323e-07,-27.056206,2.226222,0.742074,0.208,0.0,0.14609249,9.920037,9.940038,1593600
hardzero_plus_depr__c0p58__z1p05__lam0p020__nu0p50__psi1p00,hardzero_plus_depr,0.01,41,498,0.0,1,0.45413545,0.4541355,1.0044149,0.09898858,0.09898858,1.0,4.7717926e-08,4.820549e-07,-26.464579,2.2097569,0.7365856,0.23200001,0.0,0.15393908,9.940038,9.960038,1596800
hardzero_plus_depr__c0p58__z1p05__lam0p020__nu0p50__psi1p00,hardzero_plus_depr,0.01,41,499,0.0,1,0.4541355,0.4541355,1.0787579,0.0,0.08341461,0.0,0.0,4.725093e-07,-27.772423,2.3733146,0.7911049,0.17600001,0.0,0.19263685,9.960038,9.980039,1600000
hardzero_plus_depr__c0p58__z1p05__lam0p020__nu0p50__psi1p00,hardzero_plus_depr,0.01,41,500,0.0,1,0.4541355,0.45413554,1.0393149,0.091345064,0.091345064,1.0,4.2306723e-08,4.6315282e-07,-27.459654,2.2865384,0.7621795,0.17600001,0.0,0.15464495,9.980039,10.000039,1603200
hardzero_plus_depr__c0p58__z1p05__lam0p020__nu0p50__psi1p00,hardzero_plus_depr,0.01,41,501,0.0,1,0.45413554,0.4541356,0.9966529,0.10077366,0.10077366,1.0,4.5749385e-08,4.5398156e-07,-27.823858,2.1926801,0.7308934,0.208,0.0,0.16446659,10.000039,10.02004,1606400
hardzero_plus_depr__c0p58__z1p05__lam0p020__nu0p50__psi1p00,hardzero_plus_depr,0.01,41,502,0.0,1,0.4541356,0.45413566,0.99073696,0.1021558,0.1021558,1.0,4.54585e-08,4.4499188e-07,-26.251554,2.1796649,0.726555,0.224,0.0,0.14096731,10.02004,10.04004,1609600
hardzero_plus_depr__c0p58__z1p05__lam0p020__nu0p50__psi1p00,hardzero_plus_depr,0.01,41,503,0.0,1,0.45413566,0.45413566,1.0976583,0.0,0.07986229,0.0,0.0,4.361803e-07,-27.966238,2.4148965,0.8049655,0.072000004,0.0,0.18598062,10.04004,10.06004,1612800
hardzero_plus_depr__c0p58__z1p05__lam0p020__nu0p50__psi1p00,hardzero_plus_depr,0.01,41,504,0.0,1,0.45413566,0.4541357,1.0412456,0.09093989,0.09093989,1.0,3.888072e-08,4.275431e-07,-27.341812,2.290786,0.76359534,0.120000005,0.0,0.16625151,10.06004,10.080041,1616000
hardzero_plus_depr__c0p58__z1p05__lam0p020__nu0p50__psi1p00,hardzero_plus_depr,0.01,41,505,0.0,1,0.4541357,0.45413572,1.0211891,0.095238134,0.095238134,1.0,3.9912113e-08,4.19077e-07,-27.028595,2.246661,0.748887,0.192,0.008,0.1712233,10.080041,10.100041,1619200
hardzero_plus_depr__c0p58__z1p05__lam0p020__nu0p50__psi1p00,hardzero_plus_depr,0.01,41,506,0.0,1,0.45413572,0.45413575,1.0194167,0.09562761,0.09562761,1.0,3.9281773e-08,4.1077854e-07,-27.430084,2.2427616,0.7475872,0.112,0.0,0.15776312,10.100041,10.120042,1622400
hardzero_plus_depr__c0p58__z1p05__lam0p020__nu0p50__psi1p00,hardzero_plus_depr,0.01,41,507,0.0,1,0.45413575,0.45413578,1.0166003,0.096249774,0.096249774,1.0,3.8754433e-08,4.026444e-07,-26.97709,2.236565,0.7455217,0.11,0.0,0.1331855,10.120042,10.140042,1625600
hardzero_plus_depr__c0p58__z1p05__lam0p020__nu0p50__psi1p00,hardzero_plus_depr,0.01,41,508,0.0,1,0.45413578,0.4541358,1.0406818,0.091058,0.091058,1.0,3.5937983e-08,3.9467133e-07,-27.319609,2.2895458,0.7631819,0.120000005,0.0,0.13451879,10.140042,10.160043,1628800
hardzero_plus_depr__c0p58__z1p05__lam0p020__nu0p50__psi1p00,hardzero_plus_depr,0.01,41,509,0.0,1,0.4541358,0.4541358,1.0538975,0.0,0.08832883,0.0,0.0,3.8685616e-07,-27.573175,2.318621,0.77287364,0.128,0.0,0.16366115,10.160043,10.180043,1632000
hardzero_plus_depr__c0p58__z1p05__lam0p020__nu0p50__psi1p00,hardzero_plus_depr,0.01,41,510,0.0,1,0.4541358,0.4541358,1.0700399,0.0,0.085105985,0.0,0.0,3.7919568e-07,-28.263737,2.3541348,0.7847116,0.136,0.0,0.17145911,10.180043,10.200044,1635200
hardzero_plus_depr__c0p58__z1p05__lam0p020__nu0p50__psi1p00,hardzero_plus_depr,0.01,41,511,0.0,1,0.4541358,0.45413584,1.0160726,0.096366785,0.096366785,1.0,3.5818278e-08,3.7168695e-07,-27.281439,2.2354045,0.74513483,0.16000001,0.0,0.1432427,10.200044,10.220044,1638400
hardzero_plus_depr__c0p58__z1p05__lam0p020__nu0p50__psi1p00,hardzero_plus_depr,0.01,41,512,0.0,1,0.45413584,0.45413586,1.0121515,0.0972408,0.0972408,1.0,3.5427433e-08,3.6432687e-07,-26.942152,2.2267778,0.74225926,0.192,0.0,0.1671601,10.220044,10.240045,1641600
hardzero_plus_depr__c0p58__z1p05__lam0p020__nu0p50__psi1p00,hardzero_plus_depr,0.01,41,513,0.0,1,0.45413586,0.45413586,1.0678663,0.0,0.085533,0.0,0.0,3.5711258e-07,-26.92929,2.3493528,0.78311765,0.112,0.0,0.14331417,10.240045,10.260045,1644800
hardzero_plus_depr__c0p58__z1p05__lam0p020__nu0p50__psi1p00,hardzero_plus_depr,0.01,41,514,0.0,1,0.45413586,0.4541359,1.0426943,0.09063703,0.09063703,1.0,3.1726685e-08,3.5004112e-07,-27.730639,2.2939732,0.76465774,0.112,0.0,0.16528726,10.260045,10.2800455,1648000
hardzero_plus_depr__c0p58__z1p05__lam0p020__nu0p50__psi1p00,hardzero_plus_depr,0.01,41,515,0.0,1,0.4541359,0.45413592,1.0315292,0.09299739,0.09299739,1.0,3.1908304e-08,3.4310966e-07,-26.811892,2.2694094,0.75646985,0.18400002,0.0,0.18383503,10.2800455,10.300046,1651200
hardzero_plus_depr__c0p58__z1p05__lam0p020__nu0p50__psi1p00,hardzero_plus_depr,0.01,41,516,0.0,1,0.45413592,0.45413592,1.0620549,0.0,0.086685225,0.0,0.0,3.3631548e-07,-27.595604,2.3365674,0.7788558,0.128,0.0,0.17460534,10.300046,10.320046,1654400
hardzero_plus_depr__c0p58__z1p05__lam0p020__nu0p50__psi1p00,hardzero_plus_depr,0.01,41,517,0.0,1,0.45413592,0.45413595,1.0280756,0.093739875,0.093739875,1.0,3.0901898e-08,3.2965585e-07,-27.437687,2.2618115,0.7539372,0.17600001,0.0,0.16400707,10.320046,10.340047,1657600
hardzero_plus_depr__c0p58__z1p05__lam0p020__nu0p50__psi1p00,hardzero_plus_depr,0.01,41,518,0.0,1,0.45413595,0.45413595,1.0581323,0.0,0.08747172,0.0,0.0,3.2312806e-07,-27.699917,2.3279376,0.7759792,0.17600001,0.0,0.16766186,10.340047,10.360047,1660800
hardzero_plus_depr__c0p58__z1p05__lam0p020__nu0p50__psi1p00,hardzero_plus_depr,0.01,41,519,0.0,1,0.45413595,0.45413595,1.050529,0.0,0.0890166,0.0,0.0,3.1672957e-07,-27.622185,2.31121,0.7704033,0.128,0.0,0.1627795,10.360047,10.380048,1664000
hardzero_plus_depr__c0p58__z1p05__lam0p020__nu0p50__psi1p00,hardzero_plus_depr,0.01,41,520,0.0,1,0.45413595,0.45413595,1.0973812,0.0,0.079913236,0.0,0.0,3.1045775e-07,-29.133123,2.4142869,0.8047623,0.16,0.0,0.18385415,10.380048,10.400048,1667200
hardzero_plus_depr__c0p58__z1p05__lam0p020__nu0p50__psi1p00,hardzero_plus_depr,0.01,41,521,0.0,1,0.45413595,0.45413598,1.0118092,0.09731747,0.09731747,1.0,2.9614693e-08,3.0431013e-07,-27.986338,2.2260246,0.7420082,0.192,0.0,0.151406,10.400048,10.420049,1670400
hardzero_plus_depr__c0p58__z1p05__lam0p020__nu0p50__psi1p00,hardzero_plus_depr,0.01,41,522,0.0,1,0.45413598,0.454136,0.97955656,0.10481981,0.10481981,1.0,3.1266097e-08,2.9828425e-07,-26.310843,2.1550674,0.71835583,0.192,0.0,0.15096442,10.420049,10.440049,1673600
hardzero_plus_depr__c0p58__z1p05__lam0p020__nu0p50__psi1p00,hardzero_plus_depr,0.01,41,523,0.0,1,0.454136,0.45413604,0.9734969,0.106292605,0.106292605,1.0,3.1077587e-08,2.923777e-07,-26.438189,2.141736,0.713912,0.17600001,0.0,0.15082346,10.440049,10.46005,1676800
hardzero_plus_depr__c0p58__z1p05__lam0p020__nu0p50__psi1p00,hardzero_plus_depr,0.01,41,524,0.0,1,0.45413604,0.45413607,1.0173846,0.0960761,0.0960761,1.0,2.7534266e-08,2.865881e-07,-26.989252,2.238291,0.746097,0.16000001,0.0,0.17309523,10.46005,10.48005,1680000
hardzero_plus_depr__c0p58__z1p05__lam0p020__nu0p50__psi1p00,hardzero_plus_depr,0.01,41,525,0.0,1,0.45413607,0.4541361,1.0081674,0.09813695,0.09813695,1.0,2.7567959e-08,2.8091316e-07,-27.113688,2.2180126,0.73933756,0.16000001,0.0,0.14905983,10.48005,10.500051,1683200
hardzero_plus_depr__c0p58__z1p05__lam0p020__nu0p50__psi1p00,hardzero_plus_depr,0.01,41,526,0.0,1,0.4541361,0.45413613,1.0077256,0.09823684,0.09823684,1.0,2.704957e-08,2.7535057e-07,-26.89234,2.2170405,0.73901355,0.18400002,0.0,0.1626317,10.500051,10.520051,1686400
hardzero_plus_depr__c0p58__z1p05__lam0p020__nu0p50__psi1p00,hardzero_plus_depr,0.01,41,527,0.0,1,0.45413613,0.45413616,0.98619854,0.103228934,0.103228934,1.0,2.7861295e-08,2.6989812e-07,-26.973774,2.16968,0.7232267,0.17600001,0.0,0.13756521,10.520051,10.540051,1689600
hardzero_plus_depr__c0p58__z1p05__lam0p020__nu0p50__psi1p00,hardzero_plus_depr,0.01,41,528,0.0,1,0.45413616,0.45413616,1.072937,0.0,0.08454014,0.0,0.0,2.6455368e-07,-27.552954,2.3605087,0.78683627,0.104,0.0,0.17532781,10.540051,10.560052,1692800
hardzero_plus_depr__c0p58__z1p05__lam0p020__nu0p50__psi1p00,hardzero_plus_depr,0.01,41,529,0.0,1,0.45413616,0.4541362,1.0479352,0.08954983,0.08954983,1.0,2.3221618e-08,2.5931504e-07,-26.979141,2.3055036,0.7685012,0.208,0.0,0.13952428,10.560052,10.580052,1696000
hardzero_plus_depr__c0p58__z1p05__lam0p020__nu0p50__psi1p00,hardzero_plus_depr,0.01,41,530,0.0,1,0.4541362,0.45413622,1.0387065,0.0914731,0.0914731,1.0,2.3250648e-08,2.5418015e-07,-27.560616,2.2852,0.7617334,0.120000005,0.0,0.16194758,10.580052,10.600053,1699200
hardzero_plus_depr__c0p58__z1p05__lam0p020__nu0p50__psi1p00,hardzero_plus_depr,0.01,41,531,0.0,1,0.45413622,0.45413625,1.0383754,0.0915429,0.0915429,1.0,2.2807635e-08,2.4914695e-07,-27.496998,2.2844715,0.7614905,0.16800001,0.0,0.14225891,10.600053,10.620053,1702400
hardzero_plus_depr__c0p58__z1p05__lam0p020__nu0p50__psi1p00,hardzero_plus_depr,0.01,41,532,0.0,1,0.45413625,0.45413628,0.99999523,0.10000109,0.10000109,1.0,2.4421606e-08,2.442134e-07,-26.990196,2.2000334,0.7333445,0.16800001,0.0,0.15554443,10.620053,10.640054,1705600
hardzero_plus_depr__c0p58__z1p05__lam0p020__nu0p50__psi1p00,hardzero_plus_depr,0.01,41,533,0.0,1,0.45413628,0.4541363,0.99143595,0.1019915,0.1019915,1.0,2.4414472e-08,2.3937753e-07,-26.046597,2.1812027,0.7270676,0.17,0.0,0.14663656,10.640054,10.660054,1708800
hardzero_plus_depr__c0p58__z1p05__lam0p020__nu0p50__psi1p00,hardzero_plus_depr,0.01,41,534,0.0,1,0.4541363,0.45413634,1.0235795,0.094715364,0.094715364,1.0,2.222377e-08,2.3463743e-07,-27.879404,2.2519197,0.7506399,0.17600001,0.0,0.15813212,10.660054,10.680055,1712000
hardzero_plus_depr__c0p58__z1p05__lam0p020__nu0p50__psi1p00,hardzero_plus_depr,0.01,41,535,0.0,1,0.45413634,0.45413637,0.9990886,0.10021008,0.10021008,1.0,2.3047436e-08,2.299912e-07,-26.569864,2.1980388,0.7326796,0.136,0.0,0.13533218,10.680055,10.700055,1715200
hardzero_plus_depr__c0p58__z1p05__lam0p020__nu0p50__psi1p00,hardzero_plus_depr,0.01,41,536,0.0,1,0.45413637,0.4541364,1.0368428,0.09186651,0.09186651,1.0,2.0710106e-08,2.2543695e-07,-27.335228,2.2810998,0.7603666,0.14400001,0.0,0.15742098,10.700055,10.720056,1718400
hardzero_plus_depr__c0p58__z1p05__lam0p020__nu0p50__psi1p00,hardzero_plus_depr,0.01,41,537,0.0,1,0.4541364,0.45413643,0.9735924,0.10626925,0.10626925,1.0,2.3482624e-08,2.2097291e-07,-26.906885,2.141946,0.71398205,0.216,0.0,0.1581849,10.720056,10.740056,1721600
hardzero_plus_depr__c0p58__z1p05__lam0p020__nu0p50__psi1p00,hardzero_plus_depr,0.01,41,538,0.0,1,0.45413643,0.45413643,1.097035,0.0,0.079976976,0.0,0.0,2.1659724e-07,-28.30263,2.4135253,0.80450845,0.15200001,0.0,0.17640768,10.740056,10.7600565,1724800
hardzero_plus_depr__c0p58__z1p05__lam0p020__nu0p50__psi1p00,hardzero_plus_depr,0.01,41,539,0.0,1,0.45413643,0.45413646,1.0479684,0.089543,0.089543,1.0,1.9010715e-08,2.1230822e-07,-27.607443,2.3055766,0.76852554,0.17600001,0.0,0.15188006,10.7600565,10.780057,1728000
hardzero_plus_depr__c0p58__z1p05__lam0p020__nu0p50__psi1p00,hardzero_plus_depr,0.01,41,540,0.0,1,0.45413646,0.4541365,1.0287229,0.09360027,0.09360027,1.0,1.9478605e-08,2.0810415e-07,-27.117193,2.2632356,0.7544119,0.16800001,0.0,0.20232545,10.780057,10.800057,1731200
hardzero_plus_depr__c0p58__z1p05__lam0p020__nu0p50__psi1p00,hardzero_plus_depr,0.01,41,541,0.0,1,0.4541365,0.45413652,1.0390654,0.09139757,0.09139757,1.0,1.864358e-08,2.0398332e-07,-27.202724,2.2859895,0.7619965,0.136,0.0,0.162128,10.800057,10.820058,1734400
hardzero_plus_depr__c0p58__z1p05__lam0p020__nu0p50__psi1p00,hardzero_plus_depr,0.01,41,542,0.0,1,0.45413652,0.45413652,1.0507436,0.0,0.088972636,0.0,0.0,1.9994407e-07,-27.786518,2.311682,0.7705607,0.16000001,0.0,0.18470421,10.820058,10.840058,1737600
hardzero_plus_depr__c0p58__z1p05__lam0p020__nu0p50__psi1p00,hardzero_plus_depr,0.01,41,543,0.0,1,0.45413652,0.45413655,1.0493098,0.08926683,0.08926683,1.0,1.7494944e-08,1.9598482e-07,-27.161938,2.3085277,0.76950926,0.136,0.0,0.15277435,10.840058,10.860059,1740800
hardzero_plus_depr__c0p58__z1p05__lam0p020__nu0p50__psi1p00,hardzero_plus_depr,0.01,41,544,0.0,1,0.45413655,0.45413658,0.99501866,0.10115358,0.10115358,1.0,1.9432008e-08,1.92104e-07,-26.198366,2.1890848,0.72969496,0.15200001,0.0,0.17832305,10.860059,10.880059,1744000
hardzero_plus_depr__c0p58__z1p05__lam0p020__nu0p50__psi1p00,hardzero_plus_depr,0.01,41,545,0.0,1,0.45413658,0.45413658,1.0735341,0.0,0.08442398,0.0,0.0,1.8829998e-07,-27.128298,2.3618221,0.78727406,0.192,0.0,0.18969138,10.880059,10.90006,1747200
hardzero_plus_depr__c0p58__z1p05__lam0p020__nu0p50__psi1p00,hardzero_plus_depr,0.01,41,546,0.0,1,0.45413658,0.4541366,0.9765462,0.105548896,0.105548896,1.0,1.9481298e-08,1.8457132e-07,-25.897757,2.1484447,0.71614826,0.17999999,0.0,0.13473424,10.90006,10.92006,1750400
hardzero_plus_depr__c0p58__z1p05__lam0p020__nu0p50__psi1p00,hardzero_plus_depr,0.01,41,547,0.0,1,0.4541366,0.45413664,0.9906128,0.102185,0.102185,1.0,1.8486952e-08,1.8091649e-07,-26.735592,2.1793916,0.7264639,0.16800001,0.0,0.14731598,10.92006,10.940061,1753600
hardzero_plus_depr__c0p58__z1p05__lam0p020__nu0p50__psi1p00,hardzero_plus_depr,0.01,41,548,0.0,1,0.45413664,0.45413667,1.034718,0.09231705,0.09231705,1.0,1.6370953e-08,1.77334e-07,-27.046652,2.2764251,0.7588084,0.136,0.0,0.18369691,10.940061,10.960061,1756800
hardzero_plus_depr__c0p58__z1p05__lam0p020__nu0p50__psi1p00,hardzero_plus_depr,0.01,41,549,0.0,1,0.45413667,0.4541367,1.0331527,0.0926504,0.0926504,1.0,1.6104721e-08,1.7382247e-07,-27.355417,2.2729814,0.7576605,0.17600001,0.0,0.16681378,10.960061,10.980062,1760000
hardzero_plus_depr__c0p58__z1p05__lam0p020__nu0p50__psi1p00,hardzero_plus_depr,0.01,41,550,0.0,1,0.4541367,0.4541367,1.1208487,0.0,0.07570967,0.0,0.0,1.7038047e-07,-29.024443,2.4659162,0.8219721,0.216,0.0,0.18658298,10.980062,11.000062,1763200
hardzero_plus_depr__c0p58__z1p05__lam0p020__nu0p50__psi1p00,hardzero_plus_depr,0.01,41,551,0.0,1,0.4541367,0.4541367,1.0971006,0.0,0.07996489,0.0,0.0,1.6700665e-07,-28.571785,2.4136696,0.80455655,0.128,0.0,0.17553498,11.000062,11.020062,1766400
hardzero_plus_depr__c0p58__z1p05__lam0p020__nu0p50__psi1p00,hardzero_plus_depr,0.01,41,552,0.0,1,0.4541367,0.45413673,1.0316534,0.09297081,0.09297081,1.0,1.5219287e-08,1.6369962e-07,-27.017954,2.269683,0.756561,0.18400002,0.0,0.16346313,11.020062,11.040063,1769600
hardzero_plus_depr__c0p58__z1p05__lam0p020__nu0p50__psi1p00,hardzero_plus_depr,0.01,41,553,0.0,1,0.45413673,0.45413676,0.9657915,0.10819533,0.10819533,1.0,1.7360813e-08,1.6045807e-07,-26.021719,2.1247838,0.70826125,0.16000001,0.0,0.16218567,11.040063,11.060063,1772800
hardzero_plus_depr__c0p58__z1p05__lam0p020__nu0p50__psi1p00,hardzero_plus_depr,0.01,41,554,0.0,1,0.45413676,0.4541368,0.983558,0.10385849,0.10385849,1.0,1.633494e-08,1.5728074e-07,-26.769575,2.1638708,0.7212903,0.128,0.0,0.15587054,11.060063,11.080064,1776000
hardzero_plus_depr__c0p58__z1p05__lam0p020__nu0p50__psi1p00,hardzero_plus_depr,0.01,41,555,0.0,1,0.4541368,0.45413682,1.008256,0.09811694,0.09811694,1.0,1.5126327e-08,1.541663e-07,-27.399582,2.2182074,0.7394025,0.14400001,0.0,0.13212293,11.080064,11.100064,1779200
hardzero_plus_depr__c0p58__z1p05__lam0p020__nu0p50__psi1p00,hardzero_plus_depr,0.01,41,556,0.0,1,0.45413682,0.45413682,1.043836,0.09039907,0.09039907,1.0,1.36605225e-08,1.5111353e-07,-27.411777,2.296485,0.765495,0.112,0.0,0.14804547,11.100064,11.120065,1782400
hardzero_plus_depr__c0p58__z1p05__lam0p020__nu0p50__psi1p00,hardzero_plus_depr,0.01,41,557,0.0,1,0.45413682,0.45413682,1.022835,0.09487787,0.09487787,1.0,1.4053424e-08,1.481212e-07,-27.336843,2.250282,0.75009406,0.16000001,0.0,0.15591758,11.120065,11.140065,1785600
hardzero_plus_depr__c0p58__z1p05__lam0p020__nu0p50__psi1p00,hardzero_plus_depr,0.01,41,558,0.0,1,0.45413682,0.45413682,0.997924,0.10047917,0.10047917,1.0,1.4588384e-08,1.4518814e-07,-26.710377,2.1954765,0.73182553,0.14400001,0.0,0.1502222,11.140065,11.160066,1788800
hardzero_plus_depr__c0p58__z1p05__lam0p020__nu0p50__psi1p00,hardzero_plus_depr,0.01,41,559,0.0,1,0.45413682,0.45413682,1.0468558,0.08977269,0.08977269,1.0,1.2775835e-08,1.4231316e-07,-27.79902,2.3031287,0.7677096,0.13,0.0,0.16034785,11.160066,11.180066,1792000
hardzero_plus_depr__c0p58__z1p05__lam0p020__nu0p50__psi1p00,hardzero_plus_depr,0.01,41,560,0.0,1,0.45413682,0.45413682,1.0278255,0.093793884,0.093793884,1.0,1.3083787e-08,1.394951e-07,-27.149817,2.2612612,0.7537538,0.096,0.0,0.13954163,11.180066,11.200067,1795200
hardzero_plus_depr__c0p58__z1p05__lam0p020__nu0p50__psi1p00,hardzero_plus_depr,0.01,41,561,0.0,1,0.45413682,0.45413682,1.0579962,0.0,0.08749915,0.0,0.0,1.3673285e-07,-27.147444,2.327638,0.7758793,0.120000005,0.0,0.15960135,11.200067,11.220067,1798400
hardzero_plus_depr__c0p58__z1p05__lam0p020__nu0p50__psi1p00,hardzero_plus_depr,0.01,41,562,0.0,1,0.45413682,0.45413682,0.9911901,0.10204927,0.10204927,1.0,1.3677184e-08,1.340253e-07,-26.54346,2.1806617,0.7268872,0.104,0.0,0.16500819,11.220067,11.2400675,1801600
hardzero_plus_depr__c0p58__z1p05__lam0p020__nu0p50__psi1p00,hardzero_plus_depr,0.01,41,563,0.0,1,0.45413682,0.45413682,1.0859641,0.0,0.082041934,0.0,0.0,1.3137137e-07,-27.43825,2.3891687,0.7963896,0.14400001,0.0,0.16754052,11.2400675,11.260068,1804800
hardzero_plus_depr__c0p58__z1p05__lam0p020__nu0p50__psi1p00,hardzero_plus_depr,0.01,41,564,0.0,1,0.45413682,0.45413682,0.9939492,0.101403,0.101403,1.0,1.30576625e-08,1.2876998e-07,-27.022776,2.1867318,0.7289106,0.17600001,0.0,0.17263024,11.260068,11.280068,1808000
hardzero_plus_depr__c0p58__z1p05__lam0p020__nu0p50__psi1p00,hardzero_plus_depr,0.01,41,565,0.0,1,0.45413682,0.45413682,1.0338668,0.0924982,0.0924982,1.0,1.1675132e-08,1.262201e-07,-26.936224,2.2745523,0.75818413,0.16000001,0.0,0.16582279,11.280068,11.300069,1811200
hardzero_plus_depr__c0p58__z1p05__lam0p020__nu0p50__psi1p00,hardzero_plus_depr,0.01,41,566,0.0,1,0.45413682,0.45413682,1.0538237,0.0,0.088343844,0.0,0.0,1.2372072e-07,-27.658445,2.3184586,0.7728195,0.08800001,0.0,0.16110152,11.300069,11.320069,1814400
hardzero_plus_depr__c0p58__z1p05__lam0p020__nu0p50__psi1p00,hardzero_plus_depr,0.01,41,567,0.0,1,0.45413682,0.45413682,1.0969455,0.0,0.07999346,0.0,0.0,1.2127083e-07,-29.126028,2.4133284,0.8044428,0.15200001,0.0,0.1788354,11.320069,11.34007,1817600
hardzero_plus_depr__c0p58__z1p05__lam0p020__nu0p50__psi1p00,hardzero_plus_depr,0.01,41,568,0.0,1,0.45413682,0.45413682,1.0419573,0.090790994,0.090790994,1.0,1.07922755e-08,1.1886945e-07,-28.743586,2.2923517,0.76411724,0.15200001,0.0,0.16171229,11.34007,11.36007,1820800
hardzero_plus_depr__c0p58__z1p05__lam0p020__nu0p50__psi1p00,hardzero_plus_depr,0.01,41,569,0.0,1,0.45413682,0.45413682,1.0740551,0.0,0.08432277,0.0,0.0,1.1651563e-07,-28.004244,2.3629684,0.7876562,0.208,0.0,0.17048939,11.36007,11.380071,1824000
hardzero_plus_depr__c0p58__z1p05__lam0p020__nu0p50__psi1p00,hardzero_plus_depr,0.01,41,570,0.0,1,0.45413682,0.45413682,1.048761,0.08937973,0.08937973,1.0,1.0207916e-08,1.14208405e-07,-26.958786,2.3073204,0.7691068,0.120000005,0.0,0.14669392,11.380071,11.400071,1827200
hardzero_plus_depr__c0p58__z1p05__lam0p020__nu0p50__psi1p00,hardzero_plus_depr,0.01,41,571,0.0,1,0.45413682,0.45413682,1.0168898,0.09618563,0.09618563,1.0,1.0767682e-08,1.1194689e-07,-27.223467,2.2372022,0.7457341,0.18400002,0.0,0.14884973,11.400071,11.420072,1830400
hardzero_plus_depr__c0p58__z1p05__lam0p020__nu0p50__psi1p00,hardzero_plus_depr,0.01,41,572,0.0,1,0.45413682,0.45413682,1.034312,0.0924034,0.0924034,1.0,1.0139438e-08,1.09730145e-07,-27.630747,2.2755318,0.7585106,0.16,0.0,0.14618978,11.420072,11.440072,1833600
hardzero_plus_depr__c0p58__z1p05__lam0p020__nu0p50__psi1p00,hardzero_plus_depr,0.01,41,573,0.0,1,0.45413682,0.45413682,1.0407395,0.09104591,0.09104591,1.0,9.79265e-09,1.0755728e-07,-27.573122,2.2896726,0.76322424,0.14400001,0.0,0.1670073,11.440072,11.4600725,1836800
hardzero_plus_depr__c0p58__z1p05__lam0p020__nu0p50__psi1p00,hardzero_plus_depr,0.01,41,574,0.0,1,0.45413682,0.45413682,1.0437825,0.09041021,0.09041021,1.0,9.5317185e-09,1.0542746e-07,-27.332762,2.2963674,0.76545584,0.15200001,0.0,0.1724439,11.4600725,11.480073,1840000
hardzero_plus_depr__c0p58__z1p05__lam0p020__nu0p50__psi1p00,hardzero_plus_depr,0.01,41,575,0.0,1,0.45413682,0.45413682,1.0552347,0.0,0.088057294,0.0,0.0,1.0333981e-07,-27.204649,2.3215625,0.7738542,0.15200001,0.0,0.16778646,11.480073,11.500073,1843200
hardzero_plus_depr__c0p58__z1p05__lam0p020__nu0p50__psi1p00,hardzero_plus_depr,0.01,41,576,0.0,1,0.45413682,0.45413682,1.0253513,0.09432976,0.09432976,1.0,9.554991e-09,1.01293494e-07,-27.101315,2.255818,0.7519393,0.136,0.0,0.15014979,11.500073,11.520074,1846400
hardzero_plus_depr__c0p58__z1p05__lam0p020__nu0p50__psi1p00,hardzero_plus_depr,0.01,41,577,0.0,1,0.45413682,0.45413682,1.0433916,0.09049162,0.09049162,1.0,8.984705e-09,9.92877e-08,-28.207535,2.2955074,0.76516914,0.16800001,0.0,0.15858962,11.520074,11.540074,1849600
hardzero_plus_depr__c0p58__z1p05__lam0p020__nu0p50__psi1p00,hardzero_plus_depr,0.01,41,578,0.0,1,0.45413682,0.45413682,0.9515993,0.111789405,0.111789405,1.0,1.08795275e-08,9.732163e-08,-25.54032,2.0935602,0.69785345,0.2,0.0,0.1324049,11.540074,11.560075,1852800
hardzero_plus_depr__c0p58__z1p05__lam0p020__nu0p50__psi1p00,hardzero_plus_depr,0.01,41,579,0.0,1,0.45413682,0.45413682,0.9970728,0.10067628,0.10067628,1.0,9.603964e-09,9.53945e-08,-27.632063,2.193604,0.73120135,0.15200001,0.0,0.1384124,11.560075,11.580075,1856000
hardzero_plus_depr__c0p58__z1p05__lam0p020__nu0p50__psi1p00,hardzero_plus_depr,0.01,41,580,0.0,1,0.45413682,0.45413682,1.0375824,0.091710195,0.091710195,1.0,8.575409e-09,9.350551e-08,-26.915817,2.2827268,0.76090896,0.15200001,0.0,0.17131414,11.580075,11.600076,1859200
hardzero_plus_depr__c0p58__z1p05__lam0p020__nu0p50__psi1p00,hardzero_plus_depr,0.01,41,581,0.0,1,0.45413682,0.45413682,1.0426638,0.0906434,0.0906434,1.0,8.307825e-09,9.165394e-08,-27.322693,2.2939062,0.76463544,0.080000006,0.0,0.14968148,11.600076,11.620076,1862400
hardzero_plus_depr__c0p58__z1p05__lam0p020__nu0p50__psi1p00,hardzero_plus_depr,0.01,41,582,0.0,1,0.45413682,0.45413682,1.0664681,0.0,0.0858088,0.0,0.0,8.983903e-08,-27.830057,2.3462768,0.7820923,0.14400001,0.0,0.16545123,11.620076,11.640077,1865600
hardzero_plus_depr__c0p58__z1p05__lam0p020__nu0p50__psi1p00,hardzero_plus_depr,0.01,41,583,0.0,1,0.45413682,0.45413682,1.0088689,0.09797855,0.09797855,1.0,8.627995e-09,8.806005e-08,-27.070383,2.2195559,0.73985195,0.2,0.0,0.16305663,11.640077,11.660077,1868800
hardzero_plus_depr__c0p58__z1p05__lam0p020__nu0p50__psi1p00,hardzero_plus_depr,0.01,41,584,0.0,1,0.45413682,0.45413682,1.0067109,0.09846664,0.09846664,1.0,8.499278e-09,8.631631e-08,-26.191664,2.2148082,0.73826945,0.17600001,0.0,0.18537304,11.660077,11.680078,1872000
hardzero_plus_depr__c0p58__z1p05__lam0p020__nu0p50__psi1p00,hardzero_plus_depr,0.01,41,585,0.0,1,0.45413682,0.45413682,0.9960447,0.100914896,0.100914896,1.0,8.538115e-09,8.460709e-08,-26.404663,2.191342,0.7304474,0.17999999,0.0,0.15020669,11.680078,11.700078,1875200
hardzero_plus_depr__c0p58__z1p05__lam0p020__nu0p50__psi1p00,hardzero_plus_depr,0.01,41,586,0.0,1,0.45413682,0.45413682,1.0288311,0.09357693,0.09357693,1.0,7.760496e-09,8.293172e-08,-27.217474,2.2634737,0.75449127,0.16000001,0.0,0.167635,11.700078,11.720078,1878400
hardzero_plus_depr__c0p58__z1p05__lam0p020__nu0p50__psi1p00,hardzero_plus_depr,0.01,41,587,0.0,1,0.45413682,0.45413682,0.99785525,0.100495055,0.100495055,1.0,8.169196e-09,8.128953e-08,-26.543097,2.1953254,0.73177516,0.136,0.0,0.15055616,11.720078,11.740079,1881600
hardzero_plus_depr__c0p58__z1p05__lam0p020__nu0p50__psi1p00,hardzero_plus_depr,0.01,41,588,0.0,1,0.45413682,0.45413682,1.072164,0.0,0.084690735,0.0,0.0,7.967985e-08,-27.74657,2.358808,0.78626937,0.096,0.0,0.16383785,11.740079,11.760079,1884800
hardzero_plus_depr__c0p58__z1p05__lam0p020__nu0p50__psi1p00,hardzero_plus_depr,0.01,41,589,0.0,1,0.45413682,0.45413682,1.0129206,0.097068734,0.097068734,1.0,7.581267e-09,7.810205e-08,-26.291529,2.2284698,0.7428233,0.136,0.008,0.13072208,11.760079,11.78008,1888000
hardzero_plus_depr__c0p58__z1p05__lam0p020__nu0p50__psi1p00,hardzero_plus_depr,0.01,41,590,0.0,1,0.45413682,0.45413682,1.0566076,0.0,0.08777934,0.0,0.0,7.655549e-08,-27.828318,2.324583,0.77486104,0.128,0.0,0.1753937,11.78008,11.80008,1891200
hardzero_plus_depr__c0p58__z1p05__lam0p020__nu0p50__psi1p00,hardzero_plus_depr,0.01,41,591,0.0,1,0.45413682,0.45413682,1.0777435,0.0,0.08360966,0.0,0.0,7.503955e-08,-27.994606,2.371083,0.79036105,0.192,0.0,0.17585577,11.80008,11.820081,1894400
hardzero_plus_depr__c0p58__z1p05__lam0p020__nu0p50__psi1p00,hardzero_plus_depr,0.01,41,592,0.0,1,0.45413682,0.45413682,1.0144029,0.09673801,0.09673801,1.0,7.1154322e-09,7.3553636e-08,-27.172977,2.231731,0.7439103,0.16000001,0.0,0.19553086,11.820081,11.840081,1897600
hardzero_plus_depr__c0p58__z1p05__lam0p020__nu0p50__psi1p00,hardzero_plus_depr,0.01,41,593,0.0,1,0.45413682,0.45413682,1.0081131,0.09814921,0.09814921,1.0,7.076277e-09,7.209714e-08,-27.611908,2.2178931,0.73929775,0.16800001,0.0,0.15903786,11.840081,11.860082,1900800
hardzero_plus_depr__c0p58__z1p05__lam0p020__nu0p50__psi1p00,hardzero_plus_depr,0.01,41,594,0.0,1,0.45413682,0.45413682,1.0592583,0.0,0.08724521,0.0,0.0,7.066949e-08,-27.329094,2.3304148,0.7768049,0.096,0.0,0.19393255,11.860082,11.880082,1904000
hardzero_plus_depr__c0p58__z1p05__lam0p020__nu0p50__psi1p00,hardzero_plus_depr,0.01,41,595,0.0,1,0.45413682,0.45413682,0.99459904,0.10125137,0.10125137,1.0,7.013694e-09,6.9270115e-08,-26.290607,2.1881616,0.7293872,0.17600001,0.0,0.12795083,11.880082,11.900083,1907200
hardzero_plus_depr__c0p58__z1p05__lam0p020__nu0p50__psi1p00,hardzero_plus_depr,0.01,41,596,0.0,1,0.45413682,0.45413682,1.0451148,0.09013329,0.09013329,1.0,6.1199095e-09,6.789844e-08,-27.805077,2.2992983,0.76643276,0.096,0.0,0.15269242,11.900083,11.920083,1910400
hardzero_plus_depr__c0p58__z1p05__lam0p020__nu0p50__psi1p00,hardzero_plus_depr,0.01,41,597,0.0,1,0.45413682,0.45413682,1.0137817,0.096876465,0.096876465,1.0,6.4475096e-09,6.655393e-08,-27.1042,2.2303643,0.7434548,0.08800001,0.0,0.14078686,11.920083,11.9400835,1913600
hardzero_plus_depr__c0p58__z1p05__lam0p020__nu0p50__psi1p00,hardzero_plus_depr,0.01,41,598,0.0,1,0.45413682,0.45413682,0.9685982,0.10749836,0.10749836,1.0,7.0127673e-09,6.523604e-08,-26.762821,2.1309586,0.7103195,0.21,0.01,0.13921848,11.9400835,11.960084,1916800
hardzero_plus_depr__c0p58__z1p05__lam0p020__nu0p50__psi1p00,hardzero_plus_depr,0.01,41,599,0.0,1,0.45413682,0.45413682,1.0452869,0.09009758,0.09009758,1.0,5.7612226e-09,6.3944256e-08,-27.558884,2.2996771,0.76655906,0.120000005,0.0,0.15657285,11.960084,11.980084,1920000
hardzero_plus_depr__c0p58__z1p05__lam0p020__nu0p50__psi1p00,hardzero_plus_depr,0.01,41,600,0.0,1,0.45413682,0.45413682,1.0391006,0.09139013,0.09139013,1.0,5.7281553e-09,6.267805e-08,-27.691677,2.286067,0.7620224,0.112,0.0,0.18612015,11.980084,12.000085,1923200
hardzero_plus_depr__c0p58__z1p05__lam0p020__nu0p50__psi1p00,hardzero_plus_depr,0.01,41,601,0.0,1,0.45413682,0.45413682,1.018002,0.095939614,0.095939614,1.0,5.894234e-09,6.1436914e-08,-26.309935,2.2396493,0.7465498,0.2,0.0,0.14616595,12.000085,12.020085,1926400
hardzero_plus_depr__c0p58__z1p05__lam0p020__nu0p50__psi1p00,hardzero_plus_depr,0.01,41,602,0.0,1,0.45413682,0.45413682,0.98456,0.10361913,0.10361913,1.0,6.2399805e-09,6.022035e-08,-26.052286,2.1660752,0.7220251,0.14400001,0.0,0.14000472,12.020085,12.040086,1929600
hardzero_plus_depr__c0p58__z1p05__lam0p020__nu0p50__psi1p00,hardzero_plus_depr,0.01,41,603,0.0,1,0.45413682,0.45413682,1.0485941,0.08941408,0.08941408,1.0,5.277923e-09,5.9027872e-08,-28.026005,2.3069532,0.76898444,0.14400001,0.0,0.18218178,12.040086,12.060086,1932800
hardzero_plus_depr__c0p58__z1p05__lam0p020__nu0p50__psi1p00,hardzero_plus_depr,0.01,41,604,0.0,1,0.45413682,0.45413682,1.0847187,0.0,0.082277544,0.0,0.0,5.7859022e-08,-28.13786,2.3864288,0.7954763,0.136,0.0,0.18379603,12.060086,12.080087,1936000
hardzero_plus_depr__c0p58__z1p05__lam0p020__nu0p50__psi1p00,hardzero_plus_depr,0.01,41,605,0.0,1,0.45413682,0.45413682,0.9993401,0.10015205,0.10015205,1.0,5.6799547e-09,5.671331e-08,-27.644014,2.1985922,0.7328641,0.2,0.0,0.15970248,12.080087,12.100087,1939200
hardzero_plus_depr__c0p58__z1p05__lam0p020__nu0p50__psi1p00,hardzero_plus_depr,0.01,41,606,0.0,1,0.45413682,0.45413682,0.94089615,0.11457869,0.11457869,1.0,6.3694623e-09,5.5590288e-08,-25.689997,2.0700128,0.6900043,0.192,0.0,0.17483874,12.100087,12.120088,1942400
hardzero_plus_depr__c0p58__z1p05__lam0p020__nu0p50__psi1p00,hardzero_plus_depr,0.01,41,607,0.0,1,0.45413682,0.45413682,1.0287734,0.09358938,0.09358938,1.0,5.0996385e-09,5.44895e-08,-27.108149,2.2633467,0.7544489,0.208,0.008,0.14839111,12.120088,12.140088,1945600
hardzero_plus_depr__c0p58__z1p05__lam0p020__nu0p50__psi1p00,hardzero_plus_depr,0.01,41,608,0.0,1,0.45413682,0.45413682,1.0203972,0.09541195,0.09541195,1.0,5.0960005e-09,5.3410506e-08,-27.299055,2.2449186,0.7483062,0.16000001,0.0,0.16681015,12.140088,12.160089,1948800
hardzero_plus_depr__c0p58__z1p05__lam0p020__nu0p50__psi1p00,hardzero_plus_depr,0.01,41,609,0.0,1,0.45413682,0.45413682,1.0665786,0.0,0.08578698,0.0,0.0,5.235289e-08,-27.785334,2.34652,0.78217334,0.16800001,0.0,0.15883176,12.160089,12.180089,1952000
hardzero_plus_depr__c0p58__z1p05__lam0p020__nu0p50__psi1p00,hardzero_plus_depr,0.01,41,610,0.0,1,0.45413682,0.45413682,0.9775506,0.10530508,0.10530508,1.0,5.403858e-09,5.131621e-08,-25.810116,2.1506543,0.7168848,0.15200001,0.0,0.14641757,12.180089,12.200089,1955200
hardzero_plus_depr__c0p58__z1p05__lam0p020__nu0p50__psi1p00,hardzero_plus_depr,0.01,41,611,0.0,1,0.45413682,0.45413682,1.0072294,0.09834914,0.09834914,1.0,4.946967e-09,5.0300052e-08,-27.196123,2.215949,0.7386497,0.099999994,0.0,0.13979517,12.200089,12.22009,1958400
hardzero_plus_depr__c0p58__z1p05__lam0p020__nu0p50__psi1p00,hardzero_plus_depr,0.01,41,612,0.0,1,0.45413682,0.45413682,1.0544745,0.0,0.08821157,0.0,0.0,4.9304024e-08,-27.425262,2.3198903,0.7732968,0.136,0.0,0.18704955,12.22009,12.24009,1961600
hardzero_plus_depr__c0p58__z1p05__lam0p020__nu0p50__psi1p00,hardzero_plus_depr,0.01,41,613,0.0,1,0.45413682,0.45413682,1.0409272,0.091006584,0.091006584,1.0,4.398141e-09,4.832772e-08,-27.903107,2.2900856,0.7633619,0.14400001,0.0,0.17553864,12.24009,12.260091,1964800
hardzero_plus_depr__c0p58__z1p05__lam0p020__nu0p50__psi1p00,hardzero_plus_depr,0.01,41,614,0.0,1,0.45413682,0.45413682,0.9872275,0.10298466,0.10298466,1.0,4.8784603e-09,4.7370747e-08,-26.440123,2.171944,0.7239813,0.14400001,0.0,0.1315839,12.260091,12.280091,1968000
hardzero_plus_depr__c0p58__z1p05__lam0p020__nu0p50__psi1p00,hardzero_plus_depr,0.01,41,615,0.0,1,0.45413682,0.45413682,1.0416087,0.09086388,0.09086388,1.0,4.219057e-09,4.6432717e-08,-26.507427,2.291585,0.76386166,0.14400001,0.0,0.15608467,12.280091,12.300092,1971200
hardzero_plus_depr__c0p58__z1p05__lam0p020__nu0p50__psi1p00,hardzero_plus_depr,0.01,41,616,0.0,1,0.45413682,0.45413682,1.0877429,0.0,0.081706576,0.0,0.0,4.5513264e-08,-28.380917,2.3930821,0.7976941,0.096,0.0,0.17156237,12.300092,12.320092,1974400
hardzero_plus_depr__c0p58__z1p05__lam0p020__nu0p50__psi1p00,hardzero_plus_depr,0.01,41,617,0.0,1,0.45413682,0.45413682,1.0374386,0.09174055,0.09174055,1.0,4.0927315e-09,4.4612023e-08,-27.39079,2.2824106,0.7608036,0.128,0.0,0.16719185,12.320092,12.340093,1977600
hardzero_plus_depr__c0p58__z1p05__lam0p020__nu0p50__psi1p00,hardzero_plus_depr,0.01,41,618,0.0,1,0.45413682,0.45413682,0.99910873,0.10020544,0.10020544,1.0,4.381846e-09,4.3728626e-08,-25.78674,2.1980832,0.7326944,0.17600001,0.0,0.13929352,12.340093,12.360093,1980800
hardzero_plus_depr__c0p58__z1p05__lam0p020__nu0p50__psi1p00,hardzero_plus_depr,0.01,41,619,0.0,1,0.45413682,0.45413682,0.9815576,0.10433797,0.10433797,1.0,4.4722093e-09,4.2862723e-08,-26.241543,2.1594698,0.7198233,0.16000001,0.0,0.13401218,12.360093,12.380094,1984000
hardzero_plus_depr__c0p58__z1p05__lam0p020__nu0p50__psi1p00,hardzero_plus_depr,0.01,41,620,0.0,1,0.45413682,0.45413682,1.0121839,0.09723354,0.09723354,1.0,4.085167e-09,4.2013966e-08,-26.415974,2.226849,0.74228305,0.16800001,0.0,0.1328228,12.380094,12.400094,1987200
hardzero_plus_depr__c0p58__z1p05__lam0p020__nu0p50__psi1p00,hardzero_plus_depr,0.01,41,621,0.0,1,0.45413682,0.45413682,1.0604935,0.0,0.08699745,0.0,0.0,4.1182016e-08,-27.674536,2.3331323,0.7777108,0.16000001,0.0,0.16108678,12.400094,12.4200945,1990400
hardzero_plus_depr__c0p58__z1p05__lam0p020__nu0p50__psi1p00,hardzero_plus_depr,0.01,41,622,0.0,1,0.45413682,0.45413682,1.0567386,0.0,0.08775288,0.0,0.0,4.036654e-08,-27.458141,2.3248713,0.7749571,0.112,0.0,0.15761794,12.4200945,12.440095,1993600
hardzero_plus_depr__c0p58__z1p05__lam0p020__nu0p50__psi1p00,hardzero_plus_depr,0.01,41,623,0.0,1,0.45413682,0.45413682,1.0346891,0.092323214,0.092323214,1.0,3.652972e-09,3.9567208e-08,-27.27128,2.2763615,0.75878716,0.14400001,0.0,0.14686993,12.440095,12.460095,1996800
hardzero_plus_depr__c0p58__z1p05__lam0p020__nu0p50__psi1p00,hardzero_plus_depr,0.01,41,624,0.0,1,0.45413682,0.45413682,1.0573905,0.0,0.087621264,0.0,0.0,3.8783703e-08,-27.702509,2.3263054,0.77543515,0.11,0.0,0.16076954,12.460095,12.480096,2000000
hardzero_plus_depr__c0p58__z1p05__lam0p020__nu0p50__psi1p00,hardzero_plus_depr,0.01,41,625,0.0,1,0.45413682,0.45413682,1.0440775,0.090348825,0.090348825,1.0,3.4346757e-09,3.801572e-08,-27.63775,2.2970164,0.76567215,0.16800001,0.008,0.14438395,12.480096,12.500096,2003200
hardzero_plus_depr__c0p58__z1p05__lam0p020__nu0p50__psi1p00,hardzero_plus_depr,0.01,41,626,0.0,1,0.45413682,0.45413682,1.0721698,0.0,0.084689625,0.0,0.0,3.7262943e-08,-27.84062,2.3588207,0.7862736,0.128,0.0,0.1799685,12.500096,12.520097,2006400
hardzero_plus_depr__c0p58__z1p05__lam0p020__nu0p50__psi1p00,hardzero_plus_depr,0.01,41,627,0.0,1,0.45413682,0.45413682,1.0272123,0.09392641,0.09392641,1.0,3.4306686e-09,3.652507e-08,-27.010263,2.259912,0.753304,0.128,0.0,0.14072955,12.520097,12.540097,2009600
hardzero_plus_depr__c0p58__z1p05__lam0p020__nu0p50__psi1p00,hardzero_plus_depr,0.01,41,628,0.0,1,0.45413682,0.45413682,1.0541412,0.0,0.0882793,0.0,0.0,3.5801808e-08,-28.424538,2.319157,0.77305233,0.112,0.0,0.16061512,12.540097,12.560098,2012800
hardzero_plus_depr__c0p58__z1p05__lam0p020__nu0p50__psi1p00,hardzero_plus_depr,0.01,41,629,0.0,1,0.45413682,0.45413682,1.033547,0.0925663,0.0925663,1.0,3.2484166e-09,3.5092867e-08,-27.673346,2.2738488,0.7579496,0.15200001,0.0,0.1379855,12.560098,12.580098,2016000
hardzero_plus_depr__c0p58__z1p05__lam0p020__nu0p50__psi1p00,hardzero_plus_depr,0.01,41,630,0.0,1,0.45413682,0.45413682,1.0444618,0.090268895,0.090268895,1.0,3.1050664e-09,3.4397967e-08,-27.620132,2.2978618,0.76595396,0.104,0.0,0.15769419,12.580098,12.600099,2019200
hardzero_plus_depr__c0p58__z1p05__lam0p020__nu0p50__psi1p00,hardzero_plus_depr,0.01,41,631,0.0,1,0.45413682,0.45413682,1.0842202,0.0,0.08237203,0.0,0.0,3.3716827e-08,-28.175734,2.385332,0.7951107,0.104,0.0,0.16074932,12.600099,12.620099,2022400
hardzero_plus_depr__c0p58__z1p05__lam0p020__nu0p50__psi1p00,hardzero_plus_depr,0.01,41,632,0.0,1,0.45413682,0.45413682,1.0264952,0.09408161,0.09408161,1.0,3.1093197e-09,3.3049176e-08,-27.160946,2.2583346,0.75277823,0.16800001,0.0,0.1509029,12.620099,12.6401,2025600
hardzero_plus_depr__c0p58__z1p05__lam0p020__nu0p50__psi1p00,hardzero_plus_depr,0.01,41,633,0.0,1,0.45413682,0.45413682,1.0209721,0.095285736,0.095285736,1.0,3.0867569e-09,3.239474e-08,-25.958822,2.2461836,0.7487279,0.15200001,0.0,0.15673007,12.6401,12.6601,2028800
hardzero_plus_depr__c0p58__z1p05__lam0p020__nu0p50__psi1p00,hardzero_plus_depr,0.01,41,634,0.0,1,0.45413682,0.45413682,1.0001206,0.099972226,0.099972226,1.0,3.1744447e-09,3.1753267e-08,-26.77749,2.2003093,0.73343647,0.17600001,0.0,0.1602153,12.6601,12.6801,2032000
hardzero_plus_depr__c0p58__z1p05__lam0p020__nu0p50__psi1p00,hardzero_plus_depr,0.01,41,635,0.0,1,0.45413682,0.45413682,1.0569427,0.0,0.08771165,0.0,0.0,3.1124497e-08,-27.733063,2.3253205,0.77510685,0.136,0.0,0.16207719,12.6801,12.700101,2035200
hardzero_plus_depr__c0p58__z1p05__lam0p020__nu0p50__psi1p00,hardzero_plus_depr,0.01,41,636,0.0,1,0.45413682,0.45413682,1.0266776,0.09404212,0.09404212,1.0,2.8690539e-09,3.050818e-08,-26.502771,2.258736,0.752912,0.096,0.0,0.14028253,12.700101,12.720101,2038400
hardzero_plus_depr__c0p58__z1p05__lam0p020__nu0p50__psi1p00,hardzero_plus_depr,0.01,41,637,0.0,1,0.45413682,0.45413682,1.0273112,0.09390501,0.09390501,1.0,2.8081413e-09,2.990406e-08,-27.583622,2.2601297,0.7533766,0.16,0.0,0.13463174,12.720101,12.740102,2041600
hardzero_plus_depr__c0p58__z1p05__lam0p020__nu0p50__psi1p00,hardzero_plus_depr,0.01,41,638,0.0,1,0.45413682,0.45413682,1.0232507,0.09478711,0.09478711,1.0,2.7783909e-09,2.9311906e-08,-27.200293,2.2511964,0.7503988,0.16000001,0.0,0.1666186,12.740102,12.760102,2044800
hardzero_plus_depr__c0p58__z1p05__lam0p020__nu0p50__psi1p00,hardzero_plus_depr,0.01,41,639,0.0,1,0.45413682,0.45413682,0.984766,0.10357001,0.10357001,1.0,2.9757197e-09,2.8731481e-08,-27.381414,2.1665285,0.7221762,0.192,0.0,0.15967472,12.760102,12.780103,2048000
hardzero_plus_depr__c0p58__z1p05__lam0p020__nu0p50__psi1p00,hardzero_plus_depr,0.01,41,640,0.0,1,0.45413682,0.45413682,1.010388,0.09763644,0.09763644,1.0,2.7496905e-09,2.8162544e-08,-27.368452,2.222898,0.740966,0.14400001,0.0,0.13923195,12.780103,12.800103,2051200
hardzero_plus_depr__c0p58__z1p05__lam0p020__nu0p50__psi1p00,hardzero_plus_depr,0.01,41,641,0.0,1,0.45413682,0.45413682,1.0635277,0.0,0.086391754,0.0,0.0,2.7604878e-08,-27.636103,2.3398077,0.77993596,0.120000005,0.0,0.18169028,12.800103,12.820104,2054400
hardzero_plus_depr__c0p58__z1p05__lam0p020__nu0p50__psi1p00,hardzero_plus_depr,0.01,41,642,0.0,1,0.45413682,0.45413682,1.040085,0.091183245,0.091183245,1.0,2.467259e-09,2.705825e-08,-26.711565,2.2882326,0.7627442,0.14400001,0.0,0.16851482,12.820104,12.840104,2057600
hardzero_plus_depr__c0p58__z1p05__lam0p020__nu0p50__psi1p00,hardzero_plus_depr,0.01,41,643,0.0,1,0.45413682,0.45413682,1.06364,0.0,0.08636941,0.0,0.0,2.6522448e-08,-27.42313,2.3400548,0.78001827,0.120000005,0.0,0.17860664,12.840104,12.860105,2060800
hardzero_plus_depr__c0p58__z1p05__lam0p020__nu0p50__psi1p00,hardzero_plus_depr,0.01,41,644,0.0,1,0.45413682,0.45413682,1.059218,0.0,0.0872533,0.0,0.0,2.599726e-08,-28.272305,2.3303263,0.7767755,0.208,0.0,0.1923215,12.860105,12.880105,2064000
hardzero_plus_depr__c0p58__z1p05__lam0p020__nu0p50__psi1p00,hardzero_plus_depr,0.01,41,645,0.0,1,0.45413682,0.45413682,1.04299,0.09057535,0.09057535,1.0,2.3080833e-09,2.5482466e-08,-27.427132,2.2946239,0.76487464,0.16800001,0.0,0.1443914,12.880105,12.900105,2067200
hardzero_plus_depr__c0p58__z1p05__lam0p020__nu0p50__psi1p00,hardzero_plus_depr,0.01,41,646,0.0,1,0.45413682,0.45413682,1.0166122,0.09624714,0.09624714,1.0,2.404048e-09,2.4977867e-08,-26.418291,2.2365913,0.7455305,0.14400001,0.0,0.13333727,12.900105,12.920106,2070400
hardzero_plus_depr__c0p58__z1p05__lam0p020__nu0p50__psi1p00,hardzero_plus_depr,0.01,41,647,0.0,1,0.45413682,0.45413682,1.0361013,0.09202349,0.09202349,1.0,2.2530353e-09,2.4483263e-08,-27.593533,2.2794685,0.75982285,0.224,0.0,0.15800785,12.920106,12.940106,2073600
hardzero_plus_depr__c0p58__z1p05__lam0p020__nu0p50__psi1p00,hardzero_plus_depr,0.01,41,648,0.0,1,0.45413682,0.45413682,1.1058345,0.0,0.07837283,0.0,0.0,2.399845e-08,-29.12072,2.4328845,0.8109615,0.112,0.0,0.1753852,12.940106,12.960107,2076800
hardzero_plus_depr__c0p58__z1p05__lam0p020__nu0p50__psi1p00,hardzero_plus_depr,0.01,41,649,0.0,1,0.45413682,0.45413682,1.0468273,0.08977858,0.08977858,1.0,2.111883e-09,2.3523238e-08,-27.7777,2.303066,0.7676887,0.136,0.008,0.16755818,12.960107,12.980107,2080000
hardzero_plus_depr__c0p58__z1p05__lam0p020__nu0p50__psi1p00,hardzero_plus_depr,0.01,41,650,0.0,1,0.45413682,0.45413682,1.1023331,0.0,0.07900725,0.0,0.0,2.3057437e-08,-28.827518,2.4251812,0.8083937,0.13,0.0,0.17803429,12.980107,13.000108,2083200
hardzero_plus_depr__c0p58__z1p05__lam0p020__nu0p50__psi1p00,hardzero_plus_depr,0.01,41,651,0.0,1,0.45413682,0.45413682,0.99361193,0.10148177,0.10148177,1.0,2.2935749e-09,2.2600856e-08,-27.951342,2.1859899,0.7286633,0.16800001,0.0,0.16580017,13.000108,13.020108,2086400
hardzero_plus_depr__c0p58__z1p05__lam0p020__nu0p50__psi1p00,hardzero_plus_depr,0.01,41,652,0.0,1,0.45413682,0.45413682,0.9677514,0.107708156,0.107708156,1.0,2.3860933e-09,2.2153321e-08,-25.94545,2.1290956,0.70969856,0.18400002,0.0,0.1272222,13.020108,13.040109,2089600
hardzero_plus_depr__c0p58__z1p05__lam0p020__nu0p50__psi1p00,hardzero_plus_depr,0.01,41,653,0.0,1,0.45413682,0.45413682,1.0267339,0.094029926,0.094029926,1.0,2.0418265e-09,2.1714644e-08,-27.466822,2.2588596,0.75295323,0.17600001,0.0,0.17492105,13.040109,13.060109,2092800
hardzero_plus_depr__c0p58__z1p05__lam0p020__nu0p50__psi1p00,hardzero_plus_depr,0.01,41,654,0.0,1,0.45413682,0.45413682,1.0400276,0.09119529,0.09119529,1.0,1.9410604e-09,2.1284656e-08,-27.242325,2.2881064,0.76270217,0.15200001,0.0,0.13427678,13.060109,13.08011,2096000
hardzero_plus_depr__c0p58__z1p05__lam0p020__nu0p50__psi1p00,hardzero_plus_depr,0.01,41,655,0.0,1,0.45413682,0.45413682,1.039785,0.091246225,0.091246225,1.0,1.9036868e-09,2.0863183e-08,-27.883957,2.2875726,0.76252425,0.120000005,0.0,0.19893607,13.08011,13.10011,2099200
hardzero_plus_depr__c0p58__z1p05__lam0p020__nu0p50__psi1p00,hardzero_plus_depr,0.01,41,656,0.0,1,0.45413682,0.45413682,1.0483227,0.08946998,0.08946998,1.0,1.8296659e-09,2.0450054e-08,-26.994404,2.306356,0.76878536,0.08800001,0.0,0.14543228,13.10011,13.1201105,2102400
hardzero_plus_depr__c0p58__z1p05__lam0p020__nu0p50__psi1p00,hardzero_plus_depr,0.01,41,657,0.0,1,0.45413682,0.45413682,1.0383434,0.09154962,0.09154962,1.0,1.835122e-09,2.0045109e-08,-27.284327,2.2844012,0.7614671,0.15200001,0.0,0.18125385,13.1201105,13.140111,2105600
hardzero_plus_depr__c0p58__z1p05__lam0p020__nu0p50__psi1p00,hardzero_plus_depr,0.01,41,658,0.0,1,0.45413682,0.45413682,1.0598524,0.0,0.087125964,0.0,0.0,1.964818e-08,-27.77691,2.3317218,0.77724063,0.136,0.0,0.17380962,13.140111,13.160111,2108800
hardzero_plus_depr__c0p58__z1p05__lam0p020__nu0p50__psi1p00,hardzero_plus_depr,0.01,41,659,0.0,1,0.45413682,0.45413682,1.0112059,0.09745274,0.09745274,1.0,1.876853e-09,1.925911e-08,-26.519361,2.2246974,0.7415658,0.104,0.0,0.1417838,13.160111,13.180112,2112000
hardzero_plus_depr__c0p58__z1p05__lam0p020__nu0p50__psi1p00,hardzero_plus_depr,0.01,41,660,0.0,1,0.45413682,0.45413682,1.043913,0.09038306,0.09038306,1.0,1.7062284e-09,1.8877746e-08,-27.89479,2.2966545,0.7655515,0.17600001,0.0,0.1659882,13.180112,13.200112,2115200
hardzero_plus_depr__c0p58__z1p05__lam0p020__nu0p50__psi1p00,hardzero_plus_depr,0.01,41,661,0.0,1,0.45413682,0.45413682,0.97506636,0.10590919,0.10590919,1.0,1.9597366e-09,1.8503933e-08,-26.549267,2.1451888,0.715063,0.2,0.0,0.12679741,13.200112,13.220113,2118400
hardzero_plus_depr__c0p58__z1p05__lam0p020__nu0p50__psi1p00,hardzero_plus_depr,0.01,41,662,0.0,1,0.45413682,0.45413682,1.0585965,0.0,0.08737827,0.0,0.0,1.8137522e-08,-27.424665,2.3289587,0.7763196,0.136,0.0,0.14893286,13.220113,13.240113,2121600
hardzero_plus_depr__c0p58__z1p05__lam0p020__nu0p50__psi1p00,hardzero_plus_depr,0.01,41,663,0.0,1,0.45413682,0.45413682,0.9716865,0.10673664,0.10673664,1.0,1.8976032e-09,1.7778367e-08,-26.147692,2.137753,0.7125844,0.25,0.0,0.15449376,13.240113,13.260114,2124800
hardzero_plus_depr__c0p58__z1p05__lam0p020__nu0p50__psi1p00,hardzero_plus_depr,0.01,41,664,0.0,1,0.45413682,0.45413682,1.0383871,0.09154043,0.09154043,1.0,1.5952132e-09,1.7426323e-08,-27.244263,2.284497,0.76149905,0.15200001,0.0,0.15180653,13.260114,13.280114,2128000
hardzero_plus_depr__c0p58__z1p05__lam0p020__nu0p50__psi1p00,hardzero_plus_depr,0.01,41,665,0.0,1,0.45413682,0.45413682,1.0081497,0.09814095,0.09814095,1.0,1.6763703e-09,1.7081252e-08,-26.790188,2.2179737,0.73932457,0.18400002,0.0,0.16225526,13.280114,13.300115,2131200
hardzero_plus_depr__c0p58__z1p05__lam0p020__nu0p50__psi1p00,hardzero_plus_depr,0.01,41,666,0.0,1,0.45413682,0.45413682,1.0316349,0.09297476,0.09297476,1.0,1.5566776e-09,1.6743012e-08,-27.476927,2.269642,0.7565474,0.16000001,0.0,0.15311752,13.300115,13.320115,2134400
hardzero_plus_depr__c0p58__z1p05__lam0p020__nu0p50__psi1p00,hardzero_plus_depr,0.01,41,667,0.0,1,0.45413682,0.45413682,0.99214524,0.101825066,0.101825066,1.0,1.6710991e-09,1.6411471e-08,-26.977104,2.182763,0.7275877,0.192,0.0,0.1674775,13.320115,13.340116,2137600
hardzero_plus_depr__c0p58__z1p05__lam0p020__nu0p50__psi1p00,hardzero_plus_depr,0.01,41,668,0.0,1,0.45413682,0.45413682,1.0345879,0.09234472,0.09234472,1.0,1.4855028e-09,1.6086494e-08,-27.534252,2.2761388,0.75871295,0.192,0.0,0.17853275,13.340116,13.360116,2140800
hardzero_plus_depr__c0p58__z1p05__lam0p020__nu0p50__psi1p00,hardzero_plus_depr,0.01,41,669,0.0,1,0.45413682,0.45413682,1.067748,0.0,0.08555631,0.0,0.0,1.5767954e-08,-27.709385,2.3490925,0.78303087,0.096,0.0,0.15931885,13.360116,13.380116,2144000
hardzero_plus_depr__c0p58__z1p05__lam0p020__nu0p50__psi1p00,hardzero_plus_depr,0.01,41,670,0.0,1,0.45413682,0.45413682,1.0316192,0.09297813,0.09297813,1.0,1.4370439e-09,1.545572e-08,-28.293362,2.2696075,0.7565359,0.2,0.008,0.148483,13.380116,13.400117,2147200
hardzero_plus_depr__c0p58__z1p05__lam0p020__nu0p50__psi1p00,hardzero_plus_depr,0.01,41,671,0.0,1,0.45413682,0.45413682,1.0039308,0.09909897,0.09909897,1.0,1.5013167e-09,1.514967e-08,-26.571327,2.2086918,0.7362306,0.112,0.0,0.14744091,13.400117,13.420117,2150400
hardzero_plus_depr__c0p58__z1p05__lam0p020__nu0p50__psi1p00,hardzero_plus_depr,0.01,41,672,0.0,1,0.45413682,0.45413682,1.0575708,0.0,0.08758488,0.0,0.0,1.484968e-08,-27.621193,2.3267024,0.7755675,0.112,0.0,0.15697867,13.420117,13.440118,2153600
hardzero_plus_depr__c0p58__z1p05__lam0p020__nu0p50__psi1p00,hardzero_plus_depr,0.01,41,673,0.0,1,0.45413682,0.45413682,1.0530483,0.0,0.08850173,0.0,0.0,1.4555629e-08,-28.094187,2.3167524,0.77225083,0.08800001,0.0,0.14095056,13.440118,13.460118,2156800
hardzero_plus_depr__c0p58__z1p05__lam0p020__nu0p50__psi1p00,hardzero_plus_depr,0.01,41,674,0.0,1,0.45413682,0.45413682,0.996781,0.10074395,0.10074395,1.0,1.4373545e-09,1.4267402e-08,-27.037859,2.192962,0.7309873,0.14400001,0.0,0.14165373,13.460118,13.480119,2160000
hardzero_plus_depr__c0p58__z1p05__lam0p020__nu0p50__psi1p00,hardzero_plus_depr,0.01,41,675,0.0,1,0.45413682,0.45413682,1.0825473,0.0,0.08268993,0.0,0.0,1.3984883e-08,-28.940525,2.3816516,0.7938839,0.120000005,0.0,0.18251064,13.480119,13.500119,2163200
hardzero_plus_depr__c0p58__z1p05__lam0p020__nu0p50__psi1p00,hardzero_plus_depr,0.01,41,676,0.0,1,0.45413682,0.45413682,1.0581249,0.0,0.08747321,0.0,0.0,1.3707957e-08,-27.810974,2.3279214,0.7759738,0.17,0.0,0.16587527,13.500119,13.52012,2166400
hardzero_plus_depr__c0p58__z1p05__lam0p020__nu0p50__psi1p00,hardzero_plus_depr,0.01,41,677,0.0,1,0.45413682,0.45413682,0.9971607,0.100655906,0.100655906,1.0,1.3524646e-09,1.3436515e-08,-26.777845,2.1937973,0.7312658,0.128,0.0,0.14290479,13.52012,13.54012,2169600
hardzero_plus_depr__c0p58__z1p05__lam0p020__nu0p50__psi1p00,hardzero_plus_depr,0.01,41,678,0.0,1,0.45413682,0.45413682,0.9991714,0.10019098,0.10019098,1.0,1.3195601e-09,1.3170448e-08,-26.656412,2.198221,0.73274034,0.15200001,0.0,0.15473495,13.54012,13.560121,2172800
hardzero_plus_depr__c0p58__z1p05__lam0p020__nu0p50__psi1p00,hardzero_plus_depr,0.01,41,679,0.0,1,0.45413682,0.45413682,1.0223544,0.09498294,0.09498294,1.0,1.2261964e-09,1.29096485e-08,-26.847858,2.2492244,0.7497415,0.16800001,0.0,0.16885506,13.560121,13.580121,2176000
hardzero_plus_depr__c0p58__z1p05__lam0p020__nu0p50__psi1p00,hardzero_plus_depr,0.01,41,680,0.0,1,0.45413682,0.45413682,1.017652,0.09601696,0.09601696,1.0,1.2150001e-09,1.2654016e-08,-26.591208,2.2388792,0.74629307,0.112,0.0,0.13929527,13.580121,13.6001215,2179200
hardzero_plus_depr__c0p58__z1p05__lam0p020__nu0p50__psi1p00,hardzero_plus_depr,0.01,41,681,0.0,1,0.45413682,0.45413682,1.0608158,0.0,0.086932905,0.0,0.0,1.2403443e-08,-28.33515,2.3338413,0.7779471,0.18400002,0.0,0.18652794,13.6001215,13.620122,2182400
hardzero_plus_depr__c0p58__z1p05__lam0p020__nu0p50__psi1p00,hardzero_plus_depr,0.01,41,682,0.0,1,0.45413682,0.45413682,1.0303593,0.093248256,0.093248256,1.0,1.1336968e-09,1.2157834e-08,-26.682154,2.2668357,0.7556119,0.192,0.0,0.17932923,13.620122,13.640122,2185600
hardzero_plus_depr__c0p58__z1p05__lam0p020__nu0p50__psi1p00,hardzero_plus_depr,0.01,41,683,0.0,1,0.45413682,0.45413682,1.030989,0.09311314,0.09311314,1.0,1.1096373e-09,1.1917086e-08,-26.869997,2.2682211,0.7560737,0.120000005,0.0,0.1390887,13.640122,13.660123,2188800
hardzero_plus_depr__c0p58__z1p05__lam0p020__nu0p50__psi1p00,hardzero_plus_depr,0.01,41,684,0.0,1,0.45413682,0.45413682,1.0622404,0.0,0.086648226,0.0,0.0,1.1681108e-08,-27.7966,2.3369753,0.7789918,0.136,0.0,0.15443996,13.660123,13.680123,2192000
hardzero_plus_depr__c0p58__z1p05__lam0p020__nu0p50__psi1p00,hardzero_plus_depr,0.01,41,685,0.0,1,0.45413682,0.45413682,1.0238266,0.094661504,0.094661504,1.0,1.0838553e-09,1.14498e-08,-26.016535,2.2524636,0.75082123,0.16800001,0.0,0.16438998,13.680123,13.700124,2195200
hardzero_plus_depr__c0p58__z1p05__lam0p020__nu0p50__psi1p00,hardzero_plus_depr,0.01,41,686,0.0,1,0.45413682,0.45413682,1.031894,0.09291931,0.09291931,1.0,1.0428404e-09,1.1223075e-08,-27.931692,2.270212,0.75673735,0.128,0.0,0.16456233,13.700124,13.720124,2198400
hardzero_plus_depr__c0p58__z1p05__lam0p020__nu0p50__psi1p00,hardzero_plus_depr,0.01,41,687,0.0,1,0.45413682,0.45413682,1.0679291,0.0,0.08552062,0.0,0.0,1.1000838e-08,-27.615025,2.3494911,0.7831637,0.16000001,0.0,0.14948075,13.720124,13.740125,2201600
hardzero_plus_depr__c0p58__z1p05__lam0p020__nu0p50__psi1p00,hardzero_plus_depr,0.01,41,688,0.0,1,0.45413682,0.45413682,0.9922472,0.10180116,0.10180116,1.0,1.097722e-09,1.0783001e-08,-26.602657,2.1829875,0.7276625,0.17600001,0.0,0.16378668,13.740125,13.760125,2204800
hardzero_plus_depr__c0p58__z1p05__lam0p020__nu0p50__psi1p00,hardzero_plus_depr,0.01,41,689,0.0,1,0.45413682,0.45413682,1.0457556,0.09000038,0.09000038,1.0,9.512572e-10,1.0569479e-08,-27.183039,2.3007083,0.7669028,0.17999999,0.0,0.18323454,13.760125,13.780126,2208000
hardzero_plus_depr__c0p58__z1p05__lam0p020__nu0p50__psi1p00,hardzero_plus_depr,0.01,41,690,0.0,1,0.45413682,0.45413682,0.9704975,0.10702926,0.10702926,1.0,1.1088429e-09,1.0360185e-08,-26.134228,2.135137,0.71171236,0.23200001,0.0,0.12754904,13.780126,13.800126,2211200
hardzero_plus_depr__c0p58__z1p05__lam0p020__nu0p50__psi1p00,hardzero_plus_depr,0.01,41,691,0.0,1,0.45413682,0.45413682,1.0708795,0.0,0.0849416,0.0,0.0,1.0155034e-08,-27.853905,2.3559818,0.7853273,0.17600001,0.0,0.16795766,13.800126,13.820127,2214400
hardzero_plus_depr__c0p58__z1p05__lam0p020__nu0p50__psi1p00,hardzero_plus_depr,0.01,41,692,0.0,1,0.45413682,0.45413682,1.068185,0.0,0.08547026,0.0,0.0,9.953948e-09,-27.518341,2.3500538,0.7833513,0.17600001,0.0,0.18883444,13.820127,13.840127,2217600
hardzero_plus_depr__c0p58__z1p05__lam0p020__nu0p50__psi1p00,hardzero_plus_depr,0.01,41,693,0.0,1,0.45413682,0.45413682,1.0082052,0.09812843,0.09812843,1.0,9.574235e-10,9.756841e-09,-26.642767,2.2180958,0.7393653,0.14400001,0.0,0.14756073,13.840127,13.860127,2220800
hardzero_plus_depr__c0p58__z1p05__lam0p020__nu0p50__psi1p00,hardzero_plus_depr,0.01,41,694,0.0,1,0.45413682,0.45413682,1.0310097,0.09310871,0.09310871,1.0,8.9045804e-10,9.563638e-09,-27.68222,2.2682667,0.7560889,0.104,0.0,0.15615785,13.860127,13.880128,2224000
hardzero_plus_depr__c0p58__z1p05__lam0p020__nu0p50__psi1p00,hardzero_plus_depr,0.01,41,695,0.0,1,0.45413682,0.45413682,0.9590519,0.10988744,0.10988744,1.0,1.0301136e-09,9.3742605e-09,-25.925222,2.1099563,0.7033188,0.216,0.0,0.13066879,13.880128,13.900128,2227200
hardzero_plus_depr__c0p58__z1p05__lam0p020__nu0p50__psi1p00,hardzero_plus_depr,0.01,41,696,0.0,1,0.45413682,0.45413682,1.0082449,0.09811945,0.09811945,1.0,9.015838e-10,9.188635e-09,-26.36287,2.218183,0.73939437,0.15200001,0.0,0.14793345,13.900128,13.920129,2230400
hardzero_plus_depr__c0p58__z1p05__lam0p020__nu0p50__psi1p00,hardzero_plus_depr,0.01,41,697,0.0,1,0.45413682,0.45413682,1.0256948,0.09425517,0.09425517,1.0,8.489265e-10,9.006683e-09,-26.784227,2.2565737,0.75219125,0.15200001,0.0,0.15869194,13.920129,13.940129,2233600
hardzero_plus_depr__c0p58__z1p05__lam0p020__nu0p50__psi1p00,hardzero_plus_depr,0.01,41,698,0.0,1,0.45413682,0.45413682,1.0129526,0.09706159,0.09706159,1.0,8.5689217e-10,8.8283345e-09,-26.581465,2.2285402,0.7428467,0.256,0.0,0.15572518,13.940129,13.96013,2236800
hardzero_plus_depr__c0p58__z1p05__lam0p020__nu0p50__psi1p00,hardzero_plus_depr,0.01,41,699,0.0,1,0.45413682,0.45413682,0.9326725,0.11676899,0.11676899,1.0,1.0104625e-09,8.653517e-09,-25.984955,2.0519204,0.6839735,0.16000001,0.0,0.13563961,13.96013,13.98013,2240000
hardzero_plus_depr__c0p58__z1p05__lam0p020__nu0p50__psi1p00,hardzero_plus_depr,0.01,41,700,0.0,1,0.45413682,0.45413682,1.0482634,0.08948217,0.08948217,1.0,7.5900236e-10,8.4821625e-09,-27.852947,2.3062255,0.76874185,0.16800001,0.0,0.16725849,13.98013,14.000131,2243200
hardzero_plus_depr__c0p58__z1p05__lam0p020__nu0p50__psi1p00,hardzero_plus_depr,0.01,41,701,0.0,1,0.45413682,0.45413682,1.0315522,0.09299247,0.09299247,1.0,7.731581e-10,8.314201e-09,-27.886158,2.2694602,0.7564868,0.192,0.0,0.17827623,14.000131,14.020131,2246400
hardzero_plus_depr__c0p58__z1p05__lam0p020__nu0p50__psi1p00,hardzero_plus_depr,0.01,41,702,0.0,1,0.45413682,0.45413682,1.069012,0.0,0.085307635,0.0,0.0,8.149564e-09,-28.359858,2.3518734,0.78395784,0.16,0.0,0.14532238,14.020131,14.040132,2249600
hardzero_plus_depr__c0p58__z1p05__lam0p020__nu0p50__psi1p00,hardzero_plus_depr,0.01,41,703,0.0,1,0.45413682,0.45413682,1.0063181,0.09855572,0.09855572,1.0,7.872817e-10,7.988189e-09,-27.530172,2.213944,0.7379813,0.120000005,0.0,0.16678138,14.040132,14.060132,2252800
hardzero_plus_depr__c0p58__z1p05__lam0p020__nu0p50__psi1p00,hardzero_plus_depr,0.01,41,704,0.0,1,0.45413682,0.45413682,1.0414205,0.090903275,0.090903275,1.0,7.117734e-10,7.830009e-09,-27.733837,2.2911708,0.7637236,0.17600001,0.0,0.16663073,14.060132,14.0801325,2256000
hardzero_plus_depr__c0p58__z1p05__lam0p020__nu0p50__psi1p00,hardzero_plus_depr,0.01,41,705,0.0,1,0.45413682,0.45413682,1.1171669,0.0,0.076354235,0.0,0.0,7.674961e-09,-28.109896,2.4578161,0.81927204,0.072000004,0.0,0.16073602,14.0801325,14.100133,2259200
hardzero_plus_depr__c0p58__z1p05__lam0p020__nu0p50__psi1p00,hardzero_plus_depr,0.01,41,706,0.0,1,0.45413682,0.45413682,1.1085719,0.0,0.07788039,0.0,0.0,7.522982e-09,-28.559216,2.438907,0.81296897,0.136,0.0,0.18145931,14.100133,14.120133,2262400
hardzero_plus_depr__c0p58__z1p05__lam0p020__nu0p50__psi1p00,hardzero_plus_depr,0.01,41,707,0.0,1,0.45413682,0.45413682,1.0075512,0.09827631,0.09827631,1.0,7.2469086e-10,7.374014e-09,-26.784977,2.216657,0.73888564,0.18400002,0.0,0.16294427,14.120133,14.140134,2265600
hardzero_plus_depr__c0p58__z1p05__lam0p020__nu0p50__psi1p00,hardzero_plus_depr,0.01,41,708,0.0,1,0.45413682,0.45413682,1.0151403,0.09657388,0.09657388,1.0,6.9803563e-10,7.227996e-09,-26.921637,2.2333531,0.74445105,0.14400001,0.0,0.16012223,14.140134,14.160134,2268800
hardzero_plus_depr__c0p58__z1p05__lam0p020__nu0p50__psi1p00,hardzero_plus_depr,0.01,41,709,0.0,1,0.45413682,0.45413682,1.0196507,0.0955761,0.0955761,1.0,6.7714406e-10,7.0848682e-09,-26.862467,2.2432764,0.7477588,0.18400002,0.0,0.15187943,14.160134,14.180135,2272000
hardzero_plus_depr__c0p58__z1p05__lam0p020__nu0p50__psi1p00,hardzero_plus_depr,0.01,41,710,0.0,1,0.45413682,0.45413682,1.0008119,0.09981322,0.09981322,1.0,6.931605e-10,6.9445756e-09,-26.8276,2.2018301,0.7339434,0.24000001,0.0,0.16475436,14.180135,14.200135,2275200
hardzero_plus_depr__c0p58__z1p05__lam0p020__nu0p50__psi1p00,hardzero_plus_depr,0.01,41,711,0.0,1,0.45413682,0.45413682,1.029653,0.093400024,0.093400024,1.0,6.3577965e-10,6.8070607e-09,-26.521639,2.2652817,0.75509393,0.16800001,0.0,0.13287598,14.200135,14.220136,2278400
hardzero_plus_depr__c0p58__z1p05__lam0p020__nu0p50__psi1p00,hardzero_plus_depr,0.01,41,712,0.0,1,0.45413682,0.45413682,1.0203885,0.095413856,0.095413856,1.0,6.366269e-10,6.672269e-09,-26.490232,2.2448995,0.74829984,0.120000005,0.0,0.13586783,14.220136,14.240136,2281600
hardzero_plus_depr__c0p58__z1p05__lam0p020__nu0p50__psi1p00,hardzero_plus_depr,0.01,41,713,0.0,1,0.45413682,0.45413682,1.0491956,0.089290306,0.089290306,1.0,5.8397165e-10,6.540146e-09,-27.62684,2.3082764,0.7694255,0.18400002,0.0,0.16430318,14.240136,14.260137,2284800
hardzero_plus_depr__c0p58__z1p05__lam0p020__nu0p50__psi1p00,hardzero_plus_depr,0.01,41,714,0.0,1,0.45413682,0.45413682,1.0240318,0.094616786,0.094616786,1.0,6.065541e-10,6.410639e-09,-27.235247,2.252915,0.7509717,0.120000005,0.0,0.16717243,14.260137,14.280137,2288000
hardzero_plus_depr__c0p58__z1p05__lam0p020__nu0p50__psi1p00,hardzero_plus_depr,0.01,41,715,0.0,1,0.45413682,0.45413682,1.0116639,0.09735003,0.09735003,1.0,6.117182e-10,6.2836976e-09,-26.870224,2.2257051,0.74190176,0.14999999,0.0,0.13219185,14.280137,14.3001375,2291200
hardzero_plus_depr__c0p58__z1p05__lam0p020__nu0p50__psi1p00,hardzero_plus_depr,0.01,41,716,0.0,1,0.45413682,0.45413682,0.9981264,0.10043235,0.10043235,1.0,6.185899e-10,6.159269e-09,-26.87368,2.195922,0.731974,0.14400001,0.0,0.16895548,14.3001375,14.320138,2294400
hardzero_plus_depr__c0p58__z1p05__lam0p020__nu0p50__psi1p00,hardzero_plus_depr,0.01,41,717,0.0,1,0.45413682,0.45413682,1.0229332,0.09485643,0.09485643,1.0,5.726772e-10,6.037305e-09,-26.649082,2.250498,0.75016606,0.17600001,0.0,0.16454598,14.320138,14.340138,2297600
hardzero_plus_depr__c0p58__z1p05__lam0p020__nu0p50__psi1p00,hardzero_plus_depr,0.01,41,718,0.0,1,0.45413682,0.45413682,1.0846252,0.0,0.08229524,0.0,0.0,5.9177556e-09,-28.59967,2.386223,0.7954077,0.128,0.0,0.16857974,14.340138,14.360139,2300800
hardzero_plus_depr__c0p58__z1p05__lam0p020__nu0p50__psi1p00,hardzero_plus_depr,0.01,41,719,0.0,1,0.45413682,0.45413682,0.9595389,0.10976429,0.10976429,1.0,6.366958e-10,5.800573e-09,-25.973564,2.1110277,0.7036759,0.2,0.0,0.1580586,14.360139,14.380139,2304000
hardzero_plus_depr__c0p58__z1p05__lam0p020__nu0p50__psi1p00,hardzero_plus_depr,0.01,41,720,0.0,1,0.45413682,0.45413682,0.9744122,0.10606882,0.10606882,1.0,6.0307676e-10,5.685712e-09,-25.9966,2.1437497,0.7145833,0.15200001,0.0,0.14050253,14.380139,14.40014,2307200
hardzero_plus_depr__c0p58__z1p05__lam0p020__nu0p50__psi1p00,hardzero_plus_depr,0.01,41,721,0.0,1,0.45413682,0.45413682,1.0586458,0.0,0.087368354,0.0,0.0,5.573124e-09,-27.993511,2.3290675,0.77635586,0.14400001,0.0,0.18217346,14.40014,14.42014,2310400
hardzero_plus_depr__c0p58__z1p05__lam0p020__nu0p50__psi1p00,hardzero_plus_depr,0.01,41,722,0.0,1,0.45413682,0.45413682,1.0428267,0.09060941,0.09060941,1.0,4.9497806e-10,5.4627667e-09,-27.629456,2.2942643,0.7647548,0.136,0.0,0.18165362,14.42014,14.440141,2313600
hardzero_plus_depr__c0p58__z1p05__lam0p020__nu0p50__psi1p00,hardzero_plus_depr,0.01,41,723,0.0,1,0.45413682,0.45413682,1.021492,0.09517174,0.09517174,1.0,5.09606e-10,5.354594e-09,-27.716698,2.2473273,0.74910915,0.15200001,0.008,0.18696028,14.440141,14.460141,2316800
hardzero_plus_depr__c0p58__z1p05__lam0p020__nu0p50__psi1p00,hardzero_plus_depr,0.01,41,724,0.0,1,0.45413682,0.45413682,0.9765446,0.105549306,0.105549306,1.0,5.5398225e-10,5.248564e-09,-26.123217,2.148441,0.71614707,0.224,0.0,0.12391477,14.460141,14.480142,2320000
hardzero_plus_depr__c0p58__z1p05__lam0p020__nu0p50__psi1p00,hardzero_plus_depr,0.01,41,725,0.0,1,0.45413682,0.45413682,1.0210136,0.09527663,0.09527663,1.0,4.901633e-10,5.1446327e-09,-27.409615,2.2462747,0.74875826,0.120000005,0.0,0.14838158,14.480142,14.500142,2323200
hardzero_plus_depr__c0p58__z1p05__lam0p020__nu0p50__psi1p00,hardzero_plus_depr,0.01,41,726,0.0,1,0.45413682,0.45413682,1.0172404,0.09610802,0.09610802,1.0,4.8464965e-10,5.04276e-09,-26.40935,2.2379735,0.7459912,0.14400001,0.0,0.1403389,14.500142,14.520143,2326400
hardzero_plus_depr__c0p58__z1p05__lam0p020__nu0p50__psi1p00,hardzero_plus_depr,0.01,41,727,0.0,1,0.45413682,0.45413682,0.9690827,0.10737848,0.10737848,1.0,5.307615e-10,4.942904e-09,-26.000565,2.1320245,0.7106749,0.136,0.0,0.15495609,14.520143,14.540143,2329600
hardzero_plus_depr__c0p58__z1p05__lam0p020__nu0p50__psi1p00,hardzero_plus_depr,0.01,41,728,0.0,1,0.45413682,0.45413682,1.0346241,0.09233702,0.09233702,1.0,4.4737528e-10,4.845026e-09,-28.551945,2.2762184,0.7587395,0.17,0.0,0.16509773,14.540143,14.560143,2332800
hardzero_plus_depr__c0p58__z1p05__lam0p020__nu0p50__psi1p00,hardzero_plus_depr,0.01,41,729,0.0,1,0.45413682,0.45413682,1.0486743,0.089397565,0.089397565,1.0,4.245567e-10,4.7490856e-09,-28.335398,2.3071296,0.7690432,0.128,0.0,0.19558637,14.560143,14.580144,2336000
hardzero_plus_depr__c0p58__z1p05__lam0p020__nu0p50__psi1p00,hardzero_plus_depr,0.01,41,730,0.0,1,0.45413682,0.45413682,1.0588816,0.0,0.08732092,0.0,0.0,4.6550457e-09,-27.494276,2.329586,0.7765287,0.120000005,0.0,0.15478592,14.580144,14.600144,2339200
hardzero_plus_depr__c0p58__z1p05__lam0p020__nu0p50__psi1p00,hardzero_plus_depr,0.01,41,731,0.0,1,0.45413682,0.45413682,1.0282441,0.09370349,0.09370349,1.0,4.2755663e-10,4.5628674e-09,-27.126694,2.2621822,0.75406075,0.16800001,0.0,0.15227829,14.600144,14.620145,2342400
hardzero_plus_depr__c0p58__z1p05__lam0p020__nu0p50__psi1p00,hardzero_plus_depr,0.01,41,732,0.0,1,0.45413682,0.45413682,1.03091,0.093130074,0.093130074,1.0,4.165256e-10,4.4725144e-09,-27.608738,2.2680473,0.7560158,0.128,0.0,0.15411472,14.620145,14.640145,2345600
hardzero_plus_depr__c0p58__z1p05__lam0p020__nu0p50__psi1p00,hardzero_plus_depr,0.01,41,733,0.0,1,0.45413682,0.45413682,1.0345055,0.09236225,0.09236225,1.0,4.0491158e-10,4.383951e-09,-27.357193,2.2759576,0.75865257,0.14400001,0.0,0.14576416,14.640145,14.660146,2348800
hardzero_plus_depr__c0p58__z1p05__lam0p020__nu0p50__psi1p00,hardzero_plus_depr,0.01,41,734,0.0,1,0.45413682,0.45413682,1.0159703,0.09638947,0.09638947,1.0,4.1419915e-10,4.297141e-09,-27.007208,2.2351794,0.74505985,0.208,0.0,0.16401795,14.660146,14.680146,2352000
hardzero_plus_depr__c0p58__z1p05__lam0p020__nu0p50__psi1p00,hardzero_plus_depr,0.01,41,735,0.0,1,0.45413682,0.45413682,1.0543697,0.0,0.08823286,0.0,0.0,4.21205e-09,-27.55332,2.3196597,0.77321994,0.136,0.0,0.17663924,14.680146,14.700147,2355200
hardzero_plus_depr__c0p58__z1p05__lam0p020__nu0p50__psi1p00,hardzero_plus_depr,0.01,41,736,0.0,1,0.45413682,0.45413682,1.0021708,0.099501394,0.099501394,1.0,4.108058e-10,4.1286436e-09,-26.833643,2.20482,0.73494,0.16000001,0.0,0.13126764,14.700147,14.720147,2358400
hardzero_plus_depr__c0p58__z1p05__lam0p020__nu0p50__psi1p00,hardzero_plus_depr,0.01,41,737,0.0,1,0.45413682,0.45413682,1.0333494,0.09260844,0.09260844,1.0,3.7477607e-10,4.046889e-09,-26.604187,2.2734141,0.75780475,0.14400001,0.0,0.1681941,14.720147,14.740148,2361600
hardzero_plus_depr__c0p58__z1p05__lam0p020__nu0p50__psi1p00,hardzero_plus_depr,0.01,41,738,0.0,1,0.45413682,0.45413682,1.0559502,0.0,0.08791234,0.0,0.0,3.9667536e-09,-27.801414,2.3231368,0.77437896,0.096,0.0,0.1688434,14.740148,14.760148,2364800
hardzero_plus_depr__c0p58__z1p05__lam0p020__nu0p50__psi1p00,hardzero_plus_depr,0.01,41,739,0.0,1,0.45413682,0.45413682,0.99012595,0.102299616,0.102299616,1.0,3.9776182e-10,3.8882044e-09,-27.099564,2.1783206,0.7261069,0.24800001,0.0,0.18379237,14.760148,14.7801485,2368000
hardzero_plus_depr__c0p58__z1p05__lam0p020__nu0p50__psi1p00,hardzero_plus_depr,0.01,41,740,0.0,1,0.45413682,0.45413682,1.1230638,0.0,0.0753245,0.0,0.0,3.811212e-09,-28.654652,2.4707897,0.8235966,0.104,0.0,0.14860389,14.7801485,14.800149,2371200
hardzero_plus_depr__c0p58__z1p05__lam0p020__nu0p50__psi1p00,hardzero_plus_depr,0.01,41,741,0.0,1,0.45413682,0.45413682,1.034408,0.092383,0.092383,1.0,3.4511907e-10,3.7357424e-09,-26.446785,2.275743,0.75858104,0.19,0.0,0.12852128,14.800149,14.820149,2374400
hardzero_plus_depr__c0p58__z1p05__lam0p020__nu0p50__psi1p00,hardzero_plus_depr,0.01,41,742,0.0,1,0.45413682,0.45413682,0.9854446,0.10340829,0.10340829,1.0,3.786572e-10,3.6617682e-09,-26.46974,2.1680214,0.72267383,0.136,0.0,0.1361156,14.820149,14.84015,2377600
hardzero_plus_depr__c0p58__z1p05__lam0p020__nu0p50__psi1p00,hardzero_plus_depr,0.01,41,743,0.0,1,0.45413682,0.45413682,1.039396,0.091327995,0.091327995,1.0,3.2779984e-10,3.5892591e-09,-26.991997,2.286717,0.762239,0.136,0.0,0.15723686,14.84015,14.86015,2380800
hardzero_plus_depr__c0p58__z1p05__lam0p020__nu0p50__psi1p00,hardzero_plus_depr,0.01,41,744,0.0,1,0.45413682,0.45413682,1.0402718,0.09114403,0.09114403,1.0,3.206616e-10,3.5181853e-09,-27.792261,2.2886436,0.7628812,0.2,0.0,0.16215812,14.86015,14.880151,2384000
hardzero_plus_depr__c0p58__z1p05__lam0p020__nu0p50__psi1p00,hardzero_plus_depr,0.01,41,745,0.0,1,0.45413682,0.45413682,1.0247066,0.09446988,0.09446988,1.0,3.2578118e-10,3.448519e-09,-27.490711,2.2543995,0.7514665,0.16000001,0.0,0.19846354,14.880151,14.900151,2387200
hardzero_plus_depr__c0p58__z1p05__lam0p020__nu0p50__psi1p00,hardzero_plus_depr,0.01,41,746,0.0,1,0.45413682,0.45413682,1.0518653,0.0,0.08874311,0.0,0.0,3.3802319e-09,-27.504774,2.3141499,0.7713833,0.14400001,0.0,0.17329891,14.900151,14.920152,2390400
hardzero_plus_depr__c0p58__z1p05__lam0p020__nu0p50__psi1p00,hardzero_plus_depr,0.01,41,747,0.0,1,0.45413682,0.45413682,0.9913399,0.10201407,0.10201407,1.0,3.3800296e-10,3.3132974e-09,-26.322445,2.1809914,0.72699714,0.15200001,0.0,0.14282237,14.920152,14.940152,2393600
hardzero_plus_depr__c0p58__z1p05__lam0p020__nu0p50__psi1p00,hardzero_plus_depr,0.01,41,748,0.0,1,0.45413682,0.45413682,1.0534238,0.0,0.088425234,0.0,0.0,3.2476883e-09,-28.231646,2.3175786,0.7725262,0.14400001,0.0,0.16386855,14.940152,14.960153,2396800
hardzero_plus_depr__c0p58__z1p05__lam0p020__nu0p50__psi1p00,hardzero_plus_depr,0.01,41,749,0.0,1,0.45413682,0.45413682,1.0136775,0.09689971,0.09689971,1.0,3.0846842e-10,3.1833782e-09,-26.217505,2.230135,0.74337834,0.17600001,0.0,0.13330323,14.960153,14.980153,2400000
hardzero_plus_depr__c0p58__z1p05__lam0p020__nu0p50__psi1p00,hardzero_plus_depr,0.01,41,750,0.0,1,0.45413682,0.45413682,1.0937521,0.0,0.08058382,0.0,0.0,3.1203418e-09,-28.955574,2.4063027,0.8021009,0.136,0.0,0.17033683,14.980153,15.000154,2403200
hardzero_plus_depr__c0p58__z1p05__lam0p020__nu0p50__psi1p00,hardzero_plus_depr,0.01,41,751,0.0,1,0.45413682,0.45413682,1.0794506,0.0,0.083281666,0.0,0.0,3.0585536e-09,-28.509335,2.3748388,0.791613,0.080000006,0.0,0.14911795,15.000154,15.020154,2406400
hardzero_plus_depr__c0p58__z1p05__lam0p020__nu0p50__psi1p00,hardzero_plus_depr,0.01,41,752,0.0,1,0.45413682,0.45413682,1.0700202,0.0,0.085109845,0.0,0.0,2.9979885e-09,-27.831877,2.3540914,0.7846972,0.17600001,0.0,0.14942385,15.020154,15.040154,2409600
hardzero_plus_depr__c0p58__z1p05__lam0p020__nu0p50__psi1p00,hardzero_plus_depr,0.01,41,753,0.0,1,0.45413682,0.45413682,1.0453784,0.09007859,0.09007859,1.0,2.6470706e-10,2.9386233e-09,-28.393917,2.2998786,0.76662624,0.2,0.0,0.15231158,15.040154,15.060155,2412800
hardzero_plus_depr__c0p58__z1p05__lam0p020__nu0p50__psi1p00,hardzero_plus_depr,0.01,41,754,0.0,1,0.45413682,0.45413682,1.0840986,0.0,0.082395114,0.0,0.0,2.880433e-09,-28.044254,2.3850644,0.7950215,0.21,0.0,0.18307543,15.060155,15.080155,2416000
hardzero_plus_depr__c0p58__z1p05__lam0p020__nu0p50__psi1p00,hardzero_plus_depr,0.01,41,755,0.0,1,0.45413682,0.45413682,1.0206822,0.09534934,0.09534934,1.0,2.6920893e-10,2.8233957e-09,-27.136116,2.2455456,0.74851525,0.16800001,0.0,0.18429644,15.080155,15.100156,2419200
hardzero_plus_depr__c0p58__z1p05__lam0p020__nu0p50__psi1p00,hardzero_plus_depr,0.01,41,756,0.0,1,0.45413682,0.45413682,1.0137155,0.09689123,0.09689123,1.0,2.6814526e-10,2.7674874e-09,-26.958597,2.2302186,0.74340624,0.128,0.0,0.1631293,15.100156,15.120156,2422400
hardzero_plus_depr__c0p58__z1p05__lam0p020__nu0p50__psi1p00,hardzero_plus_depr,0.01,41,757,0.0,1,0.45413682,0.45413682,1.024276,0.09456358,0.09456358,1.0,2.565213e-10,2.712686e-09,-27.827745,2.2534523,0.7511508,0.2,0.0,0.14761862,15.120156,15.140157,2425600
hardzero_plus_depr__c0p58__z1p05__lam0p020__nu0p50__psi1p00,hardzero_plus_depr,0.01,41,758,0.0,1,0.45413682,0.45413682,1.0543872,0.0,0.088229276,0.0,0.0,2.6589702e-09,-28.514395,2.319698,0.7732327,0.17600001,0.0,0.17831248,15.140157,15.160157,2428800
hardzero_plus_depr__c0p58__z1p05__lam0p020__nu0p50__psi1p00,hardzero_plus_depr,0.01,41,759,0.0,1,0.45413682,0.45413682,1.0419943,0.090783246,0.090783246,1.0,2.3660998e-10,2.6063178e-09,-26.809195,2.2924333,0.7641444,0.104,0.0,0.17436235,15.160157,15.180158,2432000
hardzero_plus_depr__c0p58__z1p05__lam0p020__nu0p50__psi1p00,hardzero_plus_depr,0.01,41,760,0.0,1,0.45413682,0.45413682,1.0752147,0.0,0.084097914,0.0,0.0,2.5547082e-09,-28.158152,2.3655198,0.7885066,0.112,0.0,0.1725289,15.180158,15.200158,2435200
hardzero_plus_depr__c0p58__z1p05__lam0p020__nu0p50__psi1p00,hardzero_plus_depr,0.01,41,761,0.0,1,0.45413682,0.45413682,0.99012476,0.102299914,0.102299914,1.0,2.5617128e-10,2.5041202e-09,-26.319023,2.178318,0.72610605,0.2,0.0,0.1485552,15.200158,15.220159,2438400
hardzero_plus_depr__c0p58__z1p05__lam0p020__nu0p50__psi1p00,hardzero_plus_depr,0.01,41,762,0.0,1,0.45413682,0.45413682,1.0321501,0.09286452,0.09286452,1.0,2.2793915e-10,2.4545344e-09,-27.895607,2.2707756,0.7569252,0.15200001,0.0,0.1805129,15.220159,15.240159,2441600
hardzero_plus_depr__c0p58__z1p05__lam0p020__nu0p50__psi1p00,hardzero_plus_depr,0.01,41,763,0.0,1,0.45413682,0.45413682,0.9858328,0.1033159,0.1033159,1.0,2.4857086e-10,2.4059303e-09,-26.449635,2.1688755,0.7229585,0.208,0.0,0.15645856,15.240159,15.2601595,2444800
hardzero_plus_depr__c0p58__z1p05__lam0p020__nu0p50__psi1p00,hardzero_plus_depr,0.01,41,764,0.0,1,0.45413682,0.45413682,1.0161994,0.09633867,0.09633867,1.0,2.2719436e-10,2.3582885e-09,-27.015419,2.2356832,0.74522775,0.16800001,0.0,0.15769047,15.2601595,15.28016,2448000
hardzero_plus_depr__c0p58__z1p05__lam0p020__nu0p50__psi1p00,hardzero_plus_depr,0.01,41,765,0.0,1,0.45413682,0.45413682,1.0251353,0.09437668,0.09437668,1.0,2.1816023e-10,2.3115903e-09,-26.837372,2.2553427,0.7517809,0.16000001,0.0,0.15372343,15.28016,15.30016,2451200
hardzero_plus_depr__c0p58__z1p05__lam0p020__nu0p50__psi1p00,hardzero_plus_depr,0.01,41,766,0.0,1,0.45413682,0.45413682,1.0574714,0.0,0.08760493,0.0,0.0,2.2658166e-09,-27.363615,2.3264835,0.7754945,0.112,0.0,0.14693746,15.30016,15.320161,2454400
hardzero_plus_depr__c0p58__z1p05__lam0p020__nu0p50__psi1p00,hardzero_plus_depr,0.01,41,767,0.0,1,0.45413682,0.45413682,1.0376898,0.091687515,0.091687515,1.0,2.0363333e-10,2.2209494e-09,-28.363125,2.2829633,0.76098776,0.13,0.0,0.15566008,15.320161,15.340161,2457600
hardzero_plus_depr__c0p58__z1p05__lam0p020__nu0p50__psi1p00,hardzero_plus_depr,0.01,41,768,0.0,1,0.45413682,0.45413682,0.9685285,0.10751561,0.10751561,1.0,2.3405836e-10,2.1769708e-09,-26.3567,2.1308053,0.71026844,0.224,0.0,0.1674866,15.340161,15.360162,2460800
hardzero_plus_depr__c0p58__z1p05__lam0p020__nu0p50__psi1p00,hardzero_plus_depr,0.01,41,769,0.0,1,0.45413682,0.45413682,0.9989294,0.10024683,0.10024683,1.0,2.13913e-10,2.1338629e-09,-26.914257,2.1976886,0.7325629,0.14400001,0.0,0.16690588,15.360162,15.380162,2464000
hardzero_plus_depr__c0p58__z1p05__lam0p020__nu0p50__psi1p00,hardzero_plus_depr,0.01,41,770,0.0,1,0.45413682,0.45413682,1.087245,0.0,0.08180031,0.0,0.0,2.0916084e-09,-29.115498,2.3919866,0.7973289,0.128,0.0,0.1682206,15.380162,15.400163,2467200
hardzero_plus_depr__c0p58__z1p05__lam0p020__nu0p50__psi1p00,hardzero_plus_depr,0.01,41,771,0.0,1,0.45413682,0.45413682,1.0503097,0.0,0.08906156,0.0,0.0,2.050191e-09,-27.63062,2.3107274,0.77024245,0.128,0.0,0.16267686,15.400163,15.420163,2470400
hardzero_plus_depr__c0p58__z1p05__lam0p020__nu0p50__psi1p00,hardzero_plus_depr,0.01,41,772,0.0,1,0.45413682,0.45413682,0.98867285,0.10264249,0.10264249,1.0,2.0626967e-10,2.0095934e-09,-26.906902,2.1751237,0.7250413,0.18400002,0.0,0.16589135,15.420163,15.440164,2473600
hardzero_plus_depr__c0p58__z1p05__lam0p020__nu0p50__psi1p00,hardzero_plus_depr,0.01,41,773,0.0,1,0.45413682,0.45413682,1.011596,0.09736526,0.09736526,1.0,1.917901e-10,1.9698e-09,-27.565622,2.2255557,0.7418519,0.15200001,0.0,0.19549161,15.440164,15.460164,2476800
hardzero_plus_depr__c0p58__z1p05__lam0p020__nu0p50__psi1p00,hardzero_plus_depr,0.01,41,774,0.0,1,0.45413682,0.45413682,1.0093802,0.097863264,0.097863264,1.0,1.8895387e-10,1.9307946e-09,-26.76399,2.220681,0.740227,0.17600001,0.0,0.14530084,15.460164,15.480165,2480000
hardzero_plus_depr__c0p58__z1p05__lam0p020__nu0p50__psi1p00,hardzero_plus_depr,0.01,41,775,0.0,1,0.45413682,0.45413682,0.9880653,0.10278616,0.10278616,1.0,1.9452913e-10,1.8925614e-09,-27.057323,2.173787,0.7245957,0.216,0.0,0.14599861,15.480165,15.500165,2483200
hardzero_plus_depr__c0p58__z1p05__lam0p020__nu0p50__psi1p00,hardzero_plus_depr,0.01,41,776,0.0,1,0.45413682,0.45413682,1.0559949,0.0,0.08790329,0.0,0.0,1.8550852e-09,-28.493546,2.323235,0.7744117,0.16000001,0.0,0.20154308,15.500165,15.520165,2486400
hardzero_plus_depr__c0p58__z1p05__lam0p020__nu0p50__psi1p00,hardzero_plus_depr,0.01,41,777,0.0,1,0.45413682,0.45413682,1.0466884,0.08980729,0.08980729,1.0,1.6330118e-10,1.8183511e-09,-27.501995,2.3027606,0.7675869,0.15200001,0.0,0.17748468,15.520165,15.540166,2489600
hardzero_plus_depr__c0p58__z1p05__lam0p020__nu0p50__psi1p00,hardzero_plus_depr,0.01,41,778,0.0,1,0.45413682,0.45413682,1.0479127,0.08955447,0.08955447,1.0,1.5961693e-10,1.7823447e-09,-27.685188,2.305454,0.7684847,0.15200001,0.0,0.16221122,15.540166,15.560166,2492800
hardzero_plus_depr__c0p58__z1p05__lam0p020__nu0p50__psi1p00,hardzero_plus_depr,0.01,41,779,0.0,1,0.45413682,0.45413682,1.0111883,0.097456716,0.097456716,1.0,1.7026186e-10,1.7470511e-09,-27.294653,2.2246587,0.74155295,0.17600001,0.0,0.15401383,15.560166,15.580167,2496000
hardzero_plus_depr__c0p58__z1p05__lam0p020__nu0p50__psi1p00,hardzero_plus_depr,0.01,41,780,0.0,1,0.45413682,0.45413682,1.035394,0.09217348,0.09217348,1.0,1.5784307e-10,1.7124565e-09,-28.052746,2.2779121,0.75930405,0.13,0.0,0.13875812,15.580167,15.600167,2499200
hardzero_plus_depr__c0p58__z1p05__lam0p020__nu0p50__psi1p00,hardzero_plus_depr,0.01,41,781,0.0,1,0.45413682,0.45413682,1.0676707,0.0,0.08557153,0.0,0.0,1.6785467e-09,-28.219685,2.3489225,0.7829742,0.096,0.0,0.16446424,15.600167,15.620168,2502400
hardzero_plus_depr__c0p58__z1p05__lam0p020__nu0p50__psi1p00,hardzero_plus_depr,0.01,41,782,0.0,1,0.45413682,0.45413682,1.0732204,0.0,0.08448501,0.0,0.0,1.6453084e-09,-28.222918,2.361132,0.787044,0.15200001,0.0,0.16883665,15.620168,15.640168,2505600
hardzero_plus_depr__c0p58__z1p05__lam0p020__nu0p50__psi1p00,hardzero_plus_depr,0.01,41,783,0.0,1,0.45413682,0.45413682,1.0679479,0.0,0.08551693,0.0,0.0,1.6127285e-09,-27.827929,2.3495321,0.7831774,0.136,0.0,0.17725326,15.640168,15.660169,2508800
hardzero_plus_depr__c0p58__z1p05__lam0p020__nu0p50__psi1p00,hardzero_plus_depr,0.01,41,784,0.0,1,0.45413682,0.45413682,1.0051258,0.09882669,0.09882669,1.0,1.562246e-10,1.5807936e-09,-26.731152,2.2113209,0.737107,0.096,0.0,0.15799275,15.660169,15.680169,2512000
hardzero_plus_depr__c0p58__z1p05__lam0p020__nu0p50__psi1p00,hardzero_plus_depr,0.01,41,785,0.0,1,0.45413682,0.45413682,1.0394084,0.09132538,0.09132538,1.0,1.4150787e-10,1.5494912e-09,-27.555426,2.2867444,0.76224816,0.16000001,0.0,0.1643322,15.680169,15.70017,2515200
hardzero_plus_depr__c0p58__z1p05__lam0p020__nu0p50__psi1p00,hardzero_plus_depr,0.01,41,786,0.0,1,0.45413682,0.45413682,1.0485724,0.08941854,0.08941854,1.0,1.3580963e-10,1.5188084e-09,-27.46847,2.3069055,0.7689685,0.18400002,0.0,0.16557492,15.70017,15.72017,2518400
hardzero_plus_depr__c0p58__z1p05__lam0p020__nu0p50__psi1p00,hardzero_plus_depr,0.01,41,787,0.0,1,0.45413682,0.45413682,1.0299984,0.093325764,0.093325764,1.0,1.3893717e-10,1.4887332e-09,-26.750223,2.2660418,0.75534725,0.128,0.0,0.13787507,15.72017,15.7401705,2521600
hardzero_plus_depr__c0p58__z1p05__lam0p020__nu0p50__psi1p00,hardzero_plus_depr,0.01,41,788,0.0,1,0.45413682,0.45413682,0.9547203,0.11098892,0.11098892,1.0,1.6196101e-10,1.4592538e-09,-26.066517,2.1004267,0.70014226,0.2,0.0,0.13944963,15.7401705,15.760171,2524800
hardzero_plus_depr__c0p58__z1p05__lam0p020__nu0p50__psi1p00,hardzero_plus_depr,0.01,41,789,0.0,1,0.45413682,0.45413682,1.0466908,0.08980679,0.08980679,1.0,1.2845584e-10,1.4303578e-09,-27.744831,2.3027658,0.7675886,0.208,0.0,0.14848582,15.760171,15.780171,2528000
hardzero_plus_depr__c0p58__z1p05__lam0p020__nu0p50__psi1p00,hardzero_plus_depr,0.01,41,790,0.0,1,0.45413682,0.45413682,1.0832196,0.0,0.08256202,0.0,0.0,1.4020343e-09,-28.875923,2.3831308,0.79437697,0.14400001,0.0,0.19109258,15.780171,15.800172,2531200
hardzero_plus_depr__c0p58__z1p05__lam0p020__nu0p50__psi1p00,hardzero_plus_depr,0.01,41,791,0.0,1,0.45413682,0.45413682,0.9974936,0.10057878,0.10057878,1.0,1.3822256e-10,1.3742716e-09,-27.33912,2.1945298,0.7315099,0.15200001,0.0,0.19852403,15.800172,15.820172,2534400
hardzero_plus_depr__c0p58__z1p05__lam0p020__nu0p50__psi1p00,hardzero_plus_depr,0.01,41,792,0.0,1,0.45413682,0.45413682,1.0707719,0.0,0.08496265,0.0,0.0,1.3470584e-09,-28.08428,2.3557453,0.78524846,0.18400002,0.0,0.1720813,15.820172,15.840173,2537600
hardzero_plus_depr__c0p58__z1p05__lam0p020__nu0p50__psi1p00,hardzero_plus_depr,0.01,41,793,0.0,1,0.45413682,0.45413682,1.0240736,0.094607666,0.094607666,1.0,1.2491848e-10,1.3203844e-09,-27.722834,2.253007,0.7510023,0.16,0.0,0.15363915,15.840173,15.860173,2540800
hardzero_plus_depr__c0p58__z1p05__lam0p020__nu0p50__psi1p00,hardzero_plus_depr,0.01,41,794,0.0,1,0.45413682,0.45413682,1.0307842,0.09315706,0.09315706,1.0,1.2056744e-10,1.2942384e-09,-26.229372,2.2677705,0.7559235,0.16000001,0.0,0.14281085,15.860173,15.880174,2544000
hardzero_plus_depr__c0p58__z1p05__lam0p020__nu0p50__psi1p00,hardzero_plus_depr,0.01,41,795,0.0,1,0.45413682,0.45413682,1.0937554,0.0,0.08058322,0.0,0.0,1.2686102e-09,-28.208498,2.4063098,0.8021033,0.128,0.0,0.15970303,15.880174,15.900174,2547200
hardzero_plus_depr__c0p58__z1p05__lam0p020__nu0p50__psi1p00,hardzero_plus_depr,0.01,41,796,0.0,1,0.45413682,0.45413682,0.96315163,0.108854994,0.108854994,1.0,1.3536004e-10,1.2434895e-09,-26.7094,2.1189759,0.7063253,0.15200001,0.0,0.15101656,15.900174,15.920175,2550400
hardzero_plus_depr__c0p58__z1p05__lam0p020__nu0p50__psi1p00,hardzero_plus_depr,0.01,41,797,0.0,1,0.45413682,0.45413682,0.95976454,0.10970729,0.10970729,1.0,1.337185e-10,1.2188661e-09,-26.290464,2.111524,0.7038414,0.16000001,0.0,0.14063856,15.920175,15.940175,2553600
hardzero_plus_depr__c0p58__z1p05__lam0p020__nu0p50__psi1p00,hardzero_plus_depr,0.01,41,798,0.0,1,0.45413682,0.45413682,1.0397675,0.09124992,0.09124992,1.0,1.09019065e-10,1.1947305e-09,-27.29776,2.2875342,0.76251143,0.16800001,0.0,0.14902107,15.940175,15.9601755,2556800
hardzero_plus_depr__c0p58__z1p05__lam0p020__nu0p50__psi1p00,hardzero_plus_depr,0.01,41,799,0.0,1,0.45413682,0.45413682,1.0394053,0.09132603,0.09132603,1.0,1.0694941e-10,1.1710726e-09,-27.40146,2.2867374,0.76224583,0.128,0.0,0.15061648,15.9601755,15.980176,2560000
hardzero_plus_depr__c0p58__z1p05__lam0p020__nu0p50__psi1p00,hardzero_plus_depr,0.01,41,800,0.0,1,0.45413682,0.45413682,0.97781503,0.10524101,0.10524101,1.0,1.208044e-10,1.1478833e-09,-26.62349,2.151236,0.7170787,0.16000001,0.0,0.16307577,15.980176,16.000175,2563200
hardzero_plus_depr__c0p58__z1p05__lam0p020__nu0p50__psi1p00,hardzero_plus_depr,0.01,41,801,0.0,1,0.45413682,0.45413682,1.0517367,0.0,0.0887694,0.0,0.0,1.1251543e-09,-27.619644,2.3138669,0.771289,0.120000005,0.0,0.15372798,16.000175,16.020176,2566400
hardzero_plus_depr__c0p58__z1p05__lam0p020__nu0p50__psi1p00,hardzero_plus_depr,0.01,41,802,0.0,1,0.45413682,0.45413682,1.0118343,0.09731186,0.09731186,1.0,1.0732275e-10,1.1028742e-09,-26.930874,2.22608,0.7420267,0.16000001,0.0,0.14600775,16.020176,16.040176,2569600
hardzero_plus_depr__c0p58__z1p05__lam0p020__nu0p50__psi1p00,hardzero_plus_depr,0.01,41,803,0.0,1,0.45413682,0.45413682,1.04958,0.08921132,0.08921132,1.0,9.644059e-11,1.0810354e-09,-27.784067,2.309122,0.7697074,0.2,0.0,0.18953693,16.040176,16.060177,2572800
hardzero_plus_depr__c0p58__z1p05__lam0p020__nu0p50__psi1p00,hardzero_plus_depr,0.01,41,804,0.0,1,0.45413682,0.45413682,0.9694982,0.10727579,0.10727579,1.0,1.1367254e-10,1.0596289e-09,-25.77259,2.1329386,0.7109796,0.17600001,0.0,0.13386372,16.060177,16.080177,2576000
hardzero_plus_depr__c0p58__z1p05__lam0p020__nu0p50__psi1p00,hardzero_plus_depr,0.01,41,805,0.0,1,0.45413682,0.45413682,1.0744992,0.0,0.08423658,0.0,0.0,1.0386464e-09,-28.352844,2.3639455,0.78798187,0.112,0.0,0.19757898,16.080177,16.100178,2579200
hardzero_plus_depr__c0p58__z1p05__lam0p020__nu0p50__psi1p00,hardzero_plus_depr,0.01,41,806,0.0,1,0.45413682,0.45413682,1.0386277,0.0914897,0.0914897,1.0,9.3143784e-11,1.0180794e-09,-27.112604,2.2850268,0.7616756,0.19,0.0,0.15597342,16.100178,16.120178,2582400
hardzero_plus_depr__c0p58__z1p05__lam0p020__nu0p50__psi1p00,hardzero_plus_depr,0.01,41,807,0.0,1,0.45413682,0.45413682,1.039746,0.09125442,0.09125442,1.0,9.106458e-11,9.979196e-10,-27.262543,2.287487,0.7624957,0.16800001,0.0,0.15919757,16.120178,16.140179,2585600
hardzero_plus_depr__c0p58__z1p05__lam0p020__nu0p50__psi1p00,hardzero_plus_depr,0.01,41,808,0.0,1,0.45413682,0.45413682,0.9974555,0.10058761,0.10058761,1.0,9.839067e-11,9.78159e-10,-26.676031,2.1944458,0.73148197,0.15200001,0.0,0.14923325,16.140179,16.16018,2588800
hardzero_plus_depr__c0p58__z1p05__lam0p020__nu0p50__psi1p00,hardzero_plus_depr,0.01,41,809,0.0,1,0.45413682,0.45413682,1.0802834,0.0,0.08312212,0.0,0.0,9.587897e-10,-28.644907,2.3766708,0.79222363,0.120000005,0.0,0.1908095,16.16018,16.18018,2592000
hardzero_plus_depr__c0p58__z1p05__lam0p020__nu0p50__psi1p00,hardzero_plus_depr,0.01,41,810,0.0,1,0.45413682,0.45413682,1.063897,0.0,0.086318314,0.0,0.0,9.39804e-10,-27.61958,2.34062,0.7802067,0.15200001,0.0,0.15106773,16.18018,16.20018,2595200
hardzero_plus_depr__c0p58__z1p05__lam0p020__nu0p50__psi1p00,hardzero_plus_depr,0.01,41,811,0.0,1,0.45413682,0.45413682,1.0189875,0.09572214,0.09572214,1.0,8.817868e-11,9.211942e-10,-27.082815,2.2418175,0.7472725,0.208,0.0,0.15486257,16.20018,16.22018,2598400
hardzero_plus_depr__c0p58__z1p05__lam0p020__nu0p50__psi1p00,hardzero_plus_depr,0.01,41,812,0.0,1,0.45413682,0.45413682,1.0741858,0.0,0.08429739,0.0,0.0,9.0295293e-10,-27.94691,2.363256,0.78775203,0.16000001,0.0,0.18708776,16.22018,16.240181,2601600
hardzero_plus_depr__c0p58__z1p05__lam0p020__nu0p50__psi1p00,hardzero_plus_depr,0.01,41,813,0.0,1,0.45413682,0.45413682,1.0424446,0.09068916,0.09068916,1.0,8.0266516e-11,8.8507285e-10,-27.395752,2.293424,0.76447463,0.136,0.0,0.16321597,16.240181,16.260181,2604800
hardzero_plus_depr__c0p58__z1p05__lam0p020__nu0p50__psi1p00,hardzero_plus_depr,0.01,41,814,0.0,1,0.45413682,0.45413682,0.9758075,0.105728604,0.105728604,1.0,9.172452e-11,8.6754687e-10,-26.995764,2.1468194,0.71560645,0.16000001,0.0,0.1476194,16.260181,16.280182,2608000
hardzero_plus_depr__c0p58__z1p05__lam0p020__nu0p50__psi1p00,hardzero_plus_depr,0.01,41,815,0.0,1,0.45413682,0.45413682,1.067534,0.0,0.08559846,0.0,0.0,8.503679e-10,-27.685314,2.3486216,0.78287387,0.136,0.0,0.20109668,16.280182,16.300182,2611200
hardzero_plus_depr__c0p58__z1p05__lam0p020__nu0p50__psi1p00,hardzero_plus_depr,0.01,41,816,0.0,1,0.45413682,0.45413682,0.97926307,0.10489068,0.10489068,1.0,8.7429425e-11,8.33529e-10,-26.51356,2.1544218,0.7181406,0.18400002,0.0,0.16497125,16.300182,16.320183,2614400
hardzero_plus_depr__c0p58__z1p05__lam0p020__nu0p50__psi1p00,hardzero_plus_depr,0.01,41,817,0.0,1,0.45413682,0.45413682,1.0769548,0.0,0.08376164,0.0,0.0,8.170237e-10,-27.645357,2.369348,0.7897827,0.120000005,0.0,0.15991718,16.320183,16.340183,2617600
hardzero_plus_depr__c0p58__z1p05__lam0p020__nu0p50__psi1p00,hardzero_plus_depr,0.01,41,818,0.0,1,0.45413682,0.45413682,1.0353186,0.09218948,0.09218948,1.0,7.3829505e-11,8.0084517e-10,-26.919252,2.2777464,0.75924885,0.080000006,0.0,0.14993848,16.340183,16.360184,2620800
hardzero_plus_depr__c0p58__z1p05__lam0p020__nu0p50__psi1p00,hardzero_plus_depr,0.01,41,819,0.0,1,0.45413682,0.45413682,1.0958571,0.0,0.08019417,0.0,0.0,7.8498696e-10,-28.616125,2.4109337,0.8036446,0.14,0.0,0.1615211,16.360184,16.380184,2624000
hardzero_plus_depr__c0p58__z1p05__lam0p020__nu0p50__psi1p00,hardzero_plus_depr,0.01,41,820,0.0,1,0.45413682,0.45413682,1.0563076,0.0,0.08784002,0.0,0.0,7.6944295e-10,-27.660496,2.323923,0.77464104,0.16800001,0.0,0.18855105,16.380184,16.400185,2627200
hardzero_plus_depr__c0p58__z1p05__lam0p020__nu0p50__psi1p00,hardzero_plus_depr,0.01,41,821,0.0,1,0.45413682,0.45413682,1.0786304,0.0,0.08343908,0.0,0.0,7.542066e-10,-28.049788,2.3730342,0.79101145,0.128,0.0,0.16589321,16.400185,16.420185,2630400
hardzero_plus_depr__c0p58__z1p05__lam0p020__nu0p50__psi1p00,hardzero_plus_depr,0.01,41,822,0.0,1,0.45413682,0.45413682,1.0547577,0.0,0.08815405,0.0,0.0,7.39272e-10,-27.696428,2.3205132,0.77350444,0.17600001,0.0,0.14381534,16.420185,16.440186,2633600
hardzero_plus_depr__c0p58__z1p05__lam0p020__nu0p50__psi1p00,hardzero_plus_depr,0.01,41,823,0.0,1,0.45413682,0.45413682,1.0271268,0.09394489,0.09394489,1.0,6.807557e-11,7.24633e-10,-27.032705,2.2597241,0.7532414,0.16800001,0.0,0.15775608,16.440186,16.460186,2636800
hardzero_plus_depr__c0p58__z1p05__lam0p020__nu0p50__psi1p00,hardzero_plus_depr,0.01,41,824,0.0,1,0.45413682,0.45413682,1.0467166,0.08980146,0.08980146,1.0,6.378454e-11,7.10284e-10,-27.905907,2.3028224,0.76760745,0.128,0.0,0.1607874,16.460186,16.480186,2640000
hardzero_plus_depr__c0p58__z1p05__lam0p020__nu0p50__psi1p00,hardzero_plus_depr,0.01,41,825,0.0,1,0.45413682,0.45413682,1.008863,0.09797991,0.09797991,1.0,6.821548e-11,6.962191e-10,-27.3108,2.219543,0.73984766,0.16000001,0.0,0.1498755,16.480186,16.500187,2643200
hardzero_plus_depr__c0p58__z1p05__lam0p020__nu0p50__psi1p00,hardzero_plus_depr,0.01,41,826,0.0,1,0.45413682,0.45413682,0.9742127,0.10611756,0.10611756,1.0,7.24181e-11,6.824327e-10,-26.290512,2.1433108,0.71443695,0.23200001,0.0,0.13866977,16.500187,16.520187,2646400
hardzero_plus_depr__c0p58__z1p05__lam0p020__nu0p50__psi1p00,hardzero_plus_depr,0.01,41,827,0.0,1,0.45413682,0.45413682,1.0654278,0.0,0.0860146,0.0,0.0,6.689194e-10,-28.192057,2.343988,0.78132933,0.18400002,0.0,0.16065556,16.520187,16.540188,2649600
hardzero_plus_depr__c0p58__z1p05__lam0p020__nu0p50__psi1p00,hardzero_plus_depr,0.01,41,828,0.0,1,0.45413682,0.45413682,1.0897815,0.0,0.081323944,0.0,0.0,6.5567357e-10,-28.115583,2.3975673,0.7991891,0.136,0.0,0.1583526,16.540188,16.560188,2652800
hardzero_plus_depr__c0p58__z1p05__lam0p020__nu0p50__psi1p00,hardzero_plus_depr,0.01,41,829,0.0,1,0.45413682,0.45413682,1.0453006,0.09009472,0.09009472,1.0,5.7902984e-11,6.4269007e-10,-27.560324,2.2997072,0.7665691,0.17600001,0.008,0.19824663,16.560188,16.580189,2656000
hardzero_plus_depr__c0p58__z1p05__lam0p020__nu0p50__psi1p00,hardzero_plus_depr,0.01,41,830,0.0,1,0.45413682,0.45413682,1.0622941,0.0,0.086637475,0.0,0.0,6.299637e-10,-27.559057,2.3370938,0.7790313,0.136,0.0,0.1748241,16.580189,16.60019,2659200
hardzero_plus_depr__c0p58__z1p05__lam0p020__nu0p50__psi1p00,hardzero_plus_depr,0.01,41,831,0.0,1,0.45413682,0.45413682,0.99928856,0.10016395,0.10016395,1.0,6.1850164e-11,6.174893e-10,-26.784973,2.1984787,0.73282623,0.16000001,0.0,0.13266128,16.60019,16.62019,2662400
hardzero_plus_depr__c0p58__z1p05__lam0p020__nu0p50__psi1p00,hardzero_plus_depr,0.01,41,832,0.0,1,0.45413682,0.45413682,1.0784044,0.0,0.08348251,0.0,0.0,6.052619e-10,-28.22997,2.3725371,0.79084575,0.14,0.0,0.1542777,16.62019,16.64019,2665600
hardzero_plus_depr__c0p58__z1p05__lam0p020__nu0p50__psi1p00,hardzero_plus_depr,0.01,41,833,0.0,1,0.45413682,0.45413682,0.98187286,0.10426225,0.10426225,1.0,6.185636e-11,5.9327665e-10,-26.08926,2.1601634,0.7200545,0.128,0.0,0.1429985,16.64019,16.66019,2668800
hardzero_plus_depr__c0p58__z1p05__lam0p020__nu0p50__psi1p00,hardzero_plus_depr,0.01,41,834,0.0,1,0.45413682,0.45413682,1.0677468,0.0,0.08555654,0.0,0.0,5.815287e-10,-27.637259,2.3490899,0.78303,0.14400001,0.008,0.17932941,16.66019,16.680191,2672000
hardzero_plus_depr__c0p58__z1p05__lam0p020__nu0p50__psi1p00,hardzero_plus_depr,0.01,41,835,0.0,1,0.45413682,0.45413682,1.0112704,0.09743827,0.09743827,1.0,5.5541117e-11,5.7001337e-10,-26.01401,2.2248392,0.7416131,0.14400001,0.0,0.18090215,16.680191,16.700191,2675200
hardzero_plus_depr__c0p58__z1p05__lam0p020__nu0p50__psi1p00,hardzero_plus_depr,0.01,41,836,0.0,1,0.45413682,0.45413682,1.0419897,0.0907842,0.0907842,1.0,5.072351e-11,5.587262e-10,-28.060856,2.292423,0.764141,0.2,0.0,0.17370318,16.700191,16.720192,2678400
hardzero_plus_depr__c0p58__z1p05__lam0p020__nu0p50__psi1p00,hardzero_plus_depr,0.01,41,837,0.0,1,0.45413682,0.45413682,1.0643175,0.0,0.0862348,0.0,0.0,5.4766236e-10,-27.696224,2.341545,0.7805151,0.16000001,0.0,0.1499813,16.720192,16.740192,2681600
hardzero_plus_depr__c0p58__z1p05__lam0p020__nu0p50__psi1p00,hardzero_plus_depr,0.01,41,838,0.0,1,0.45413682,0.45413682,1.0009475,0.09978208,0.09978208,1.0,5.356478e-11,5.3681765e-10,-26.74263,2.2021284,0.7340428,0.2,0.0,0.16238935,16.740192,16.760193,2684800
hardzero_plus_depr__c0p58__z1p05__lam0p020__nu0p50__psi1p00,hardzero_plus_depr,0.01,41,839,0.0,1,0.45413682,0.45413682,1.0028687,0.09934164,0.09934164,1.0,5.227235e-11,5.261877e-10,-26.18017,2.206355,0.7354517,0.136,0.0,0.13464962,16.760193,16.780193,2688000
hardzero_plus_depr__c0p58__z1p05__lam0p020__nu0p50__psi1p00,hardzero_plus_depr,0.01,41,840,0.0,1,0.45413682,0.45413682,1.0335077,0.092574686,0.092574686,1.0,4.7747084e-11,5.1576826e-10,-27.664019,2.2737625,0.75792086,0.16000001,0.0,0.17825305,16.780193,16.800194,2691200
hardzero_plus_depr__c0p58__z1p05__lam0p020__nu0p50__psi1p00,hardzero_plus_depr,0.01,41,841,0.0,1,0.45413682,0.45413682,0.98722005,0.1029864,0.1029864,1.0,5.2065314e-11,5.055552e-10,-27.285141,2.1719275,0.72397584,0.224,0.0,0.1610976,16.800194,16.820194,2694400
hardzero_plus_depr__c0p58__z1p05__lam0p020__nu0p50__psi1p00,hardzero_plus_depr,0.01,41,842,0.0,1,0.45413682,0.45413682,1.0201247,0.095471844,0.095471844,1.0,4.7310527e-11,4.955443e-10,-27.223778,2.2443192,0.7481064,0.136,0.0,0.15975422,16.820194,16.840195,2697600
hardzero_plus_depr__c0p58__z1p05__lam0p020__nu0p50__psi1p00,hardzero_plus_depr,0.01,41,843,0.0,1,0.45413682,0.45413682,1.0765835,0.0,0.08383328,0.0,0.0,4.8573157e-10,-27.437342,2.368531,0.78951037,0.15200001,0.0,0.16595359,16.840195,16.860195,2700800
hardzero_plus_depr__c0p58__z1p05__lam0p020__nu0p50__psi1p00,hardzero_plus_depr,0.01,41,844,0.0,1,0.45413682,0.45413682,1.0386957,0.0914754,0.0914754,1.0,4.3552655e-11,4.761133e-10,-26.364548,2.285176,0.76172537,0.120000005,0.0,0.15647848,16.860195,16.880196,2704000
hardzero_plus_depr__c0p58__z1p05__lam0p020__nu0p50__psi1p00,hardzero_plus_depr,0.01,41,845,0.0,1,0.45413682,0.45413682,1.0573623,0.0,0.08762695,0.0,0.0,4.6668536e-10,-27.096193,2.3262436,0.7754146,0.17,0.0,0.15717895,16.880196,16.900196,2707200
hardzero_plus_depr__c0p58__z1p05__lam0p020__nu0p50__psi1p00,hardzero_plus_depr,0.01,41,846,0.0,1,0.45413682,0.45413682,1.0492735,0.0892743,0.0892743,1.0,4.083801e-11,4.574442e-10,-27.977434,2.3084478,0.7694826,0.14400001,0.0,0.16013335,16.900196,16.920197,2710400
hardzero_plus_depr__c0p58__z1p05__lam0p020__nu0p50__psi1p00,hardzero_plus_depr,0.01,41,847,0.0,1,0.45413682,0.45413682,1.06532,0.0,0.08603595,0.0,0.0,4.4838597e-10,-27.568686,2.3437507,0.78125024,0.14400001,0.0,0.1719888,16.920197,16.940197,2713600
hardzero_plus_depr__c0p58__z1p05__lam0p020__nu0p50__psi1p00,hardzero_plus_depr,0.01,41,848,0.0,1,0.45413682,0.45413682,0.99387765,0.1014197,0.1014197,1.0,4.457468e-11,4.3950713e-10,-26.342392,2.1865745,0.7288582,0.16800001,0.0,0.14731319,16.940197,16.960197,2716800
hardzero_plus_depr__c0p58__z1p05__lam0p020__nu0p50__psi1p00,hardzero_plus_depr,0.01,41,849,0.0,1,0.45413682,0.45413682,1.0384037,0.0915369,0.0915369,1.0,3.9434473e-11,4.3080411e-10,-27.680887,2.2845337,0.76151127,0.136,0.0,0.1531116,16.960197,16.980198,2720000
hardzero_plus_depr__c0p58__z1p05__lam0p020__nu0p50__psi1p00,hardzero_plus_depr,0.01,41,850,0.0,1,0.45413682,0.45413682,1.0104904,0.09761342,0.09761342,1.0,4.1219552e-11,4.222734e-10,-26.938166,2.2231233,0.7410411,0.136,0.0,0.1345266,16.980198,17.000198,2723200
hardzero_plus_depr__c0p58__z1p05__lam0p020__nu0p50__psi1p00,hardzero_plus_depr,0.01,41,851,0.0,1,0.45413682,0.45413682,1.0532737,0.0,0.08845581,0.0,0.0,4.1391163e-10,-27.640362,2.3172483,0.7724161,0.192,0.0,0.17845745,17.000198,17.020199,2726400
hardzero_plus_depr__c0p58__z1p05__lam0p020__nu0p50__psi1p00,hardzero_plus_depr,0.01,41,852,0.0,1,0.45413682,0.45413682,1.0469862,0.08974572,0.08974572,1.0,3.6411228e-11,4.057155e-10,-27.854614,2.3034158,0.7678053,0.128,0.0,0.16861066,17.020199,17.0402,2729600
hardzero_plus_depr__c0p58__z1p05__lam0p020__nu0p50__psi1p00,hardzero_plus_depr,0.01,41,853,0.0,1,0.45413682,0.45413682,1.0548759,0.0,0.08813007,0.0,0.0,3.9768158e-10,-27.856903,2.3207731,0.77359104,0.112,0.0,0.13580182,17.0402,17.0602,2732800
hardzero_plus_depr__c0p58__z1p05__lam0p020__nu0p50__psi1p00,hardzero_plus_depr,0.01,41,854,0.0,1,0.45413682,0.45413682,0.9945439,0.101264246,0.101264246,1.0,3.9473487e-11,3.8980674e-10,-26.603424,2.1880403,0.72934675,0.16800001,0.0,0.13958438,17.0602,17.0802,2736000
hardzero_plus_depr__c0p58__z1p05__lam0p020__nu0p50__psi1p00,hardzero_plus_depr,0.01,41,855,0.0,1,0.45413682,0.45413682,1.1068748,0.0,0.07818532,0.0,0.0,3.8208792e-10,-27.888128,2.4351733,0.8117244,0.104,0.0,0.15369162,17.0802,17.1002,2739200
hardzero_plus_depr__c0p58__z1p05__lam0p020__nu0p50__psi1p00,hardzero_plus_depr,0.01,41,856,0.0,1,0.45413682,0.45413682,1.0339522,0.09247998,0.09247998,1.0,3.4635777e-11,3.7452189e-10,-27.512989,2.2747405,0.75824684,0.216,0.0,0.1669781,17.1002,17.120201,2742400
hardzero_plus_depr__c0p58__z1p05__lam0p020__nu0p50__psi1p00,hardzero_plus_depr,0.01,41,857,0.0,1,0.45413682,0.45413682,1.0102208,0.09767404,0.09767404,1.0,3.58567e-11,3.671057e-10,-26.643538,2.2225301,0.7408434,0.18400002,0.0,0.14153789,17.120201,17.140202,2745600
hardzero_plus_depr__c0p58__z1p05__lam0p020__nu0p50__psi1p00,hardzero_plus_depr,0.01,41,858,0.0,1,0.45413682,0.45413682,1.1187898,0.0,0.07606944,0.0,0.0,3.5983636e-10,-29.355951,2.4613867,0.8204622,0.14999999,0.0,0.17581958,17.140202,17.160202,2748800
hardzero_plus_depr__c0p58__z1p05__lam0p020__nu0p50__psi1p00,hardzero_plus_depr,0.01,41,859,0.0,1,0.45413682,0.45413682,1.0788473,0.0,0.08339743,0.0,0.0,3.5271094e-10,-28.171099,2.3735116,0.79117054,0.14400001,0.0,0.16599625,17.160202,17.180202,2752000
hardzero_plus_depr__c0p58__z1p05__lam0p020__nu0p50__psi1p00,hardzero_plus_depr,0.01,41,860,0.0,1,0.45413682,0.45413682,1.0529796,0.0,0.08851572,0.0,0.0,3.4572667e-10,-27.945702,2.3166013,0.77220047,0.128,0.0,0.17253281,17.180202,17.200203,2755200
hardzero_plus_depr__c0p58__z1p05__lam0p020__nu0p50__psi1p00,hardzero_plus_depr,0.01,41,861,0.0,1,0.45413682,0.45413682,0.94411427,0.11373279,0.11373279,1.0,3.854184e-11,3.3888062e-10,-25.563068,2.077093,0.69236434,0.16000001,0.0,0.13490234,17.200203,17.220203,2758400
hardzero_plus_depr__c0p58__z1p05__lam0p020__nu0p50__psi1p00,hardzero_plus_depr,0.01,41,862,0.0,1,0.45413682,0.45413682,1.0236847,0.09469243,0.09469243,1.0,3.1454006e-11,3.321702e-10,-27.032671,2.2521515,0.75071716,0.128,0.0,0.170624,17.220203,17.240204,2761600
hardzero_plus_depr__c0p58__z1p05__lam0p020__nu0p50__psi1p00,hardzero_plus_depr,0.01,41,863,0.0,1,0.45413682,0.45413682,1.011677,0.09734708,0.09734708,1.0,3.1695497e-11,3.2559266e-10,-26.726553,2.225734,0.74191135,0.18400002,0.0,0.16426954,17.240204,17.260204,2764800
hardzero_plus_depr__c0p58__z1p05__lam0p020__nu0p50__psi1p00,hardzero_plus_depr,0.01,41,864,0.0,1,0.45413682,0.45413682,0.99314094,0.1015919,0.1015919,1.0,3.242258e-11,3.1914532e-10,-26.025642,2.1849537,0.7283179,0.208,0.0,0.13623188,17.260204,17.280205,2768000
hardzero_plus_depr__c0p58__z1p05__lam0p020__nu0p50__psi1p00,hardzero_plus_depr,0.01,41,865,0.0,1,0.45413682,0.45413682,1.0544896,0.0,0.08820848,0.0,0.0,3.128257e-10,-27.80117,2.3199234,0.7733078,0.16800001,0.0,0.16709842,17.280205,17.300205,2771200
hardzero_plus_depr__c0p58__z1p05__lam0p020__nu0p50__psi1p00,hardzero_plus_depr,0.01,41,866,0.0,1,0.45413682,0.45413682,1.0585694,0.0,0.087383725,0.0,0.0,3.066312e-10,-28.3187,2.3288991,0.7762997,0.18400002,0.0,0.14754131,17.300205,17.320206,2774400
hardzero_plus_depr__c0p58__z1p05__lam0p020__nu0p50__psi1p00,hardzero_plus_depr,0.01,41,867,0.0,1,0.45413682,0.45413682,0.99356306,0.101493195,0.101493195,1.0,3.050473e-11,3.0055936e-10,-25.26381,2.1858823,0.72862744,0.18400002,0.0,0.13784498,17.320206,17.340206,2777600
hardzero_plus_depr__c0p58__z1p05__lam0p020__nu0p50__psi1p00,hardzero_plus_depr,0.01,41,868,0.0,1,0.45413682,0.45413682,1.0737969,0.0,0.08437293,0.0,0.0,2.9460773e-10,-27.944012,2.3624003,0.78746676,0.16800001,0.0,0.14594567,17.340206,17.360207,2780800
hardzero_plus_depr__c0p58__z1p05__lam0p020__nu0p50__psi1p00,hardzero_plus_depr,0.01,41,869,0.0,1,0.45413682,0.45413682,1.0989,0.0,0.07963428,0.0,0.0,2.8877398e-10,-28.106812,2.4176283,0.80587614,0.080000006,0.0,0.16847275,17.360207,17.380207,2784000
hardzero_plus_depr__c0p58__z1p05__lam0p020__nu0p50__psi1p00,hardzero_plus_depr,0.01,41,870,0.0,1,0.45413682,0.45413682,0.9934097,0.10152903,0.10152903,1.0,2.8738376e-11,2.8305575e-10,-26.905025,2.185545,0.728515,0.2,0.0,0.15287708,17.380207,17.400208,2787200
hardzero_plus_depr__c0p58__z1p05__lam0p020__nu0p50__psi1p00,hardzero_plus_depr,0.01,41,871,0.0,1,0.45413682,0.45413682,1.0293299,0.09346952,0.09346952,1.0,2.5933188e-11,2.7745073e-10,-26.752848,2.264571,0.754857,0.14999999,0.0,0.14917557,17.400208,17.420208,2790400
hardzero_plus_depr__c0p58__z1p05__lam0p020__nu0p50__psi1p00,hardzero_plus_depr,0.01,41,872,0.0,1,0.45413682,0.45413682,1.0192063,0.09567396,0.09567396,1.0,2.6019178e-11,2.7195673e-10,-27.379457,2.2422986,0.7474329,0.112,0.0,0.16279624,17.420208,17.440208,2793600
hardzero_plus_depr__c0p58__z1p05__lam0p020__nu0p50__psi1p00,hardzero_plus_depr,0.01,41,873,0.0,1,0.45413682,0.45413682,1.062438,0.0,0.08660879,0.0,0.0,2.6657151e-10,-27.951817,2.3374102,0.7791368,0.072000004,0.0,0.15160936,17.440208,17.460209,2796800
hardzero_plus_depr__c0p58__z1p05__lam0p020__nu0p50__psi1p00,hardzero_plus_depr,0.01,41,874,0.0,1,0.45413682,0.45413682,1.0655234,0.0,0.085995674,0.0,0.0,2.612929e-10,-28.184084,2.3441982,0.7813994,0.104,0.0,0.19770683,17.460209,17.48021,2800000
hardzero_plus_depr__c0p58__z1p05__lam0p020__nu0p50__psi1p00,hardzero_plus_depr,0.01,41,875,0.0,1,0.45413682,0.45413682,1.0512681,0.0,0.088865235,0.0,0.0,2.5611885e-10,-27.883184,2.312836,0.7709453,0.112,0.0,0.17588937,17.48021,17.50021,2803200
hardzero_plus_depr__c0p58__z1p05__lam0p020__nu0p50__psi1p00,hardzero_plus_depr,0.01,41,876,0.0,1,0.45413682,0.45413682,0.94452435,0.11362547,0.11362547,1.0,2.852536e-11,2.5104724e-10,-25.79801,2.077995,0.69266504,0.224,0.0,0.16357723,17.50021,17.52021,2806400
hardzero_plus_depr__c0p58__z1p05__lam0p020__nu0p50__psi1p00,hardzero_plus_depr,0.01,41,877,0.0,1,0.45413682,0.45413682,1.0909841,0.0,0.08109907,0.0,0.0,2.4607605e-10,-28.835594,2.400213,0.800071,0.18400002,0.0,0.17983551,17.52021,17.54021,2809600
hardzero_plus_depr__c0p58__z1p05__lam0p020__nu0p50__psi1p00,hardzero_plus_depr,0.01,41,878,0.0,1,0.45413682,0.45413682,1.040892,0.09101396,0.09101396,1.0,2.1952868e-11,2.412033e-10,-27.836096,2.290008,0.76333606,0.14400001,0.0,0.15767515,17.54021,17.560211,2812800
hardzero_plus_depr__c0p58__z1p05__lam0p020__nu0p50__psi1p00,hardzero_plus_depr,0.01,41,879,0.0,1,0.45413682,0.45413682,1.0654666,0.0,0.08600691,0.0,0.0,2.3642704e-10,-28.641872,2.3440735,0.7813579,0.136,0.0,0.17388004,17.560211,17.580212,2816000
hardzero_plus_depr__c0p58__z1p05__lam0p020__nu0p50__psi1p00,hardzero_plus_depr,0.01,41,880,0.0,1,0.45413682,0.45413682,1.0472687,0.08968737,0.08968737,1.0,2.0784634e-11,2.3174539e-10,-28.02622,2.3040373,0.76801246,0.16800001,0.0,0.19419293,17.580212,17.600212,2819200
hardzero_plus_depr__c0p58__z1p05__lam0p020__nu0p50__psi1p00,hardzero_plus_depr,0.01,41,881,0.0,1,0.45413682,0.45413682,1.0615392,0.0,0.08678824,0.0,0.0,2.271564e-10,-27.891062,2.3354328,0.7784776,0.136,0.0,0.1477952,17.600212,17.620213,2822400
hardzero_plus_depr__c0p58__z1p05__lam0p020__nu0p50__psi1p00,hardzero_plus_depr,0.01,41,882,0.0,1,0.45413682,0.45413682,1.0230697,0.0948266,0.0948266,1.0,2.111393e-11,2.2265831e-10,-27.110611,2.2507985,0.7502662,0.16800001,0.0,0.15496027,17.620213,17.640213,2825600
hardzero_plus_depr__c0p58__z1p05__lam0p020__nu0p50__psi1p00,hardzero_plus_depr,0.01,41,883,0.0,1,0.45413682,0.45413682,1.0163449,0.096306376,0.096306376,1.0,2.1018798e-11,2.182493e-10,-28.222025,2.2360034,0.7453345,0.15200001,0.0,0.1797698,17.640213,17.660213,2828800
hardzero_plus_depr__c0p58__z1p05__lam0p020__nu0p50__psi1p00,hardzero_plus_depr,0.01,41,884,0.0,1,0.45413682,0.45413682,1.0485796,0.08941706,0.08941706,1.0,1.9128773e-11,2.1392756e-10,-27.68931,2.3069212,0.76897377,0.11,0.0,0.15131105,17.660213,17.680214,2832000
hardzero_plus_depr__c0p58__z1p05__lam0p020__nu0p50__psi1p00,hardzero_plus_depr,0.01,41,885,0.0,1,0.45413682,0.45413682,1.0595698,0.0,0.08718267,0.0,0.0,2.0969143e-10,-28.205805,2.3311002,0.77703345,0.16800001,0.0,0.18655059,17.680214,17.700214,2835200
hardzero_plus_depr__c0p58__z1p05__lam0p020__nu0p50__psi1p00,hardzero_plus_depr,0.01,41,886,0.0,1,0.45413682,0.45413682,1.0285276,0.09364237,0.09364237,1.0,1.9247173e-11,2.0553916e-10,-27.469868,2.262806,0.75426865,0.15200001,0.0,0.15565681,17.700214,17.720215,2838400
hardzero_plus_depr__c0p58__z1p05__lam0p020__nu0p50__psi1p00,hardzero_plus_depr,0.01,41,887,0.0,1,0.45413682,0.45413682,1.0370495,0.09182278,0.09182278,1.0,1.8499455e-11,2.0146912e-10,-27.784838,2.2815545,0.7605182,0.136,0.0,0.1467749,17.720215,17.740215,2841600
hardzero_plus_depr__c0p58__z1p05__lam0p020__nu0p50__psi1p00,hardzero_plus_depr,0.01,41,888,0.0,1,0.45413682,0.45413682,1.1024097,0.0,0.07899329,0.0,0.0,1.9747966e-10,-28.718468,2.4253497,0.8084499,0.128,0.0,0.14827822,17.740215,17.760216,2844800
hardzero_plus_depr__c0p58__z1p05__lam0p020__nu0p50__psi1p00,hardzero_plus_depr,0.01,41,889,0.0,1,0.45413682,0.45413682,1.0563731,0.0,0.08782676,0.0,0.0,1.9356922e-10,-27.541412,2.3240674,0.77468914,0.112,0.0,0.15086433,17.760216,17.780216,2848000
hardzero_plus_depr__c0p58__z1p05__lam0p020__nu0p50__psi1p00,hardzero_plus_depr,0.01,41,890,0.0,1,0.45413682,0.45413682,1.0465113,0.08984393,0.08984393,1.0,1.7046645e-11,1.897362e-10,-27.516525,2.3023708,0.76745695,0.16000001,0.0,0.17666212,17.780216,17.800217,2851200
hardzero_plus_depr__c0p58__z1p05__lam0p020__nu0p50__psi1p00,hardzero_plus_depr,0.01,41,891,0.0,1,0.45413682,0.45413682,1.0330374,0.09267499,0.09267499,1.0,1.723561e-11,1.8597908e-10,-27.833792,2.2727277,0.7575759,0.14400001,0.0,0.17053409,17.800217,17.820217,2854400
hardzero_plus_depr__c0p58__z1p05__lam0p020__nu0p50__psi1p00,hardzero_plus_depr,0.01,41,892,0.0,1,0.45413682,0.45413682,1.0421863,0.09074312,0.09074312,1.0,1.654214e-11,1.8229636e-10,-26.673586,2.2928555,0.7642852,0.17600001,0.0,0.18802282,17.820217,17.840218,2857600
hardzero_plus_depr__c0p58__z1p05__lam0p020__nu0p50__psi1p00,hardzero_plus_depr,0.01,41,893,0.0,1,0.45413682,0.45413682,1.0398278,0.09123724,0.09123724,1.0,1.630287e-11,1.7868658e-10,-27.351576,2.2876668,0.7625556,0.128,0.0,0.16348433,17.840218,17.860218,2860800
hardzero_plus_depr__c0p58__z1p05__lam0p020__nu0p50__psi1p00,hardzero_plus_depr,0.01,41,894,0.0,1,0.45413682,0.45413682,1.0557271,0.0,0.0879575,0.0,0.0,1.7514827e-10,-27.619886,2.3226461,0.7742154,0.112,0.0,0.17359228,17.860218,17.880219,2864000
hardzero_plus_depr__c0p58__z1p05__lam0p020__nu0p50__psi1p00,hardzero_plus_depr,0.01,41,895,0.0,1,0.45413682,0.45413682,0.9744947,0.10604869,0.10604869,1.0,1.8206442e-11,1.7168003e-10,-25.839012,2.1439312,0.7146437,0.14400001,0.0,0.14283612,17.880219,17.900219,2867200
hardzero_plus_depr__c0p58__z1p05__lam0p020__nu0p50__psi1p00,hardzero_plus_depr,0.01,41,896,0.0,1,0.45413682,0.45413682,1.0077496,0.09823142,0.09823142,1.0,1.6530426e-11,1.6828045e-10,-27.543808,2.2170932,0.7390311,0.16800001,0.0,0.17460005,17.900219,17.92022,2870400
hardzero_plus_depr__c0p58__z1p05__lam0p020__nu0p50__psi1p00,hardzero_plus_depr,0.01,41,897,0.0,1,0.45413682,0.45413682,1.0509917,0.0,0.08892182,0.0,0.0,1.649482e-10,-26.84652,2.3122277,0.7707426,0.14999999,0.0,0.14430192,17.92022,17.94022,2873600
hardzero_plus_depr__c0p58__z1p05__lam0p020__nu0p50__psi1p00,hardzero_plus_depr,0.01,41,898,0.0,1,0.45413682,0.45413682,1.0186908,0.09578758,0.09578758,1.0,1.548712e-11,1.6168193e-10,-27.135042,2.2411647,0.74705493,0.14400001,0.0,0.15765208,17.94022,17.96022,2876800
hardzero_plus_depr__c0p58__z1p05__lam0p020__nu0p50__psi1p00,hardzero_plus_depr,0.01,41,899,0.0,1,0.45413682,0.45413682,1.027085,0.09395396,0.09395396,1.0,1.4889857e-11,1.5848035e-10,-26.742493,2.2596319,0.75321066,0.18400002,0.0,0.1642142,17.96022,17.98022,2880000
hardzero_plus_depr__c0p58__z1p05__lam0p020__nu0p50__psi1p00,hardzero_plus_depr,0.01,41,900,0.0,1,0.45413682,0.45413682,1.0106174,0.097584896,0.097584896,1.0,1.5159048e-11,1.5534216e-10,-26.762686,2.2234025,0.74113417,0.224,0.008,0.1731174,17.98022,18.000221,2883200
hardzero_plus_depr__c0p58__z1p05__lam0p020__nu0p50__psi1p00,hardzero_plus_depr,0.01,41,901,0.0,1,0.45413682,0.45413682,1.0272006,0.09392894,0.09392894,1.0,1.4302194e-11,1.522661e-10,-28.014153,2.2598865,0.75329554,0.16800001,0.0,0.15859362,18.000221,18.020222,2886400
hardzero_plus_depr__c0p58__z1p05__lam0p020__nu0p50__psi1p00,hardzero_plus_depr,0.01,41,902,0.0,1,0.45413682,0.45413682,1.0527484,0.0,0.08856284,0.0,0.0,1.4925096e-10,-27.910057,2.3160927,0.77203095,0.080000006,0.0,0.15369691,18.020222,18.040222,2889600
hardzero_plus_depr__c0p58__z1p05__lam0p020__nu0p50__psi1p00,hardzero_plus_depr,0.01,41,903,0.0,1,0.45413682,0.45413682,1.0676323,0.0,0.0855791,0.0,0.0,1.4629552e-10,-27.538994,2.348838,0.78294605,0.208,0.0,0.18529053,18.040222,18.060223,2892800
hardzero_plus_depr__c0p58__z1p05__lam0p020__nu0p50__psi1p00,hardzero_plus_depr,0.01,41,904,0.0,1,0.45413682,0.45413682,1.0444225,0.090277076,0.090277076,1.0,1.2945607e-11,1.4339861e-10,-27.181524,2.2977755,0.76592517,0.128,0.0,0.15759532,18.060223,18.080223,2896000
hardzero_plus_depr__c0p58__z1p05__lam0p020__nu0p50__psi1p00,hardzero_plus_depr,0.01,41,905,0.0,1,0.45413682,0.45413682,1.0317568,0.09294867,0.09294867,1.0,1.3064779e-11,1.4055908e-10,-27.362995,2.26991,0.75663674,0.192,0.0,0.1820385,18.080223,18.100224,2899200
hardzero_plus_depr__c0p58__z1p05__lam0p020__nu0p50__psi1p00,hardzero_plus_depr,0.01,41,906,0.0,1,0.45413682,0.45413682,0.9867676,0.10309376,0.10309376,1.0,1.42038195e-11,1.3777575e-10,-25.983255,2.170932,0.723644,0.14400001,0.0,0.15360728,18.100224,18.120224,2902400
hardzero_plus_depr__c0p58__z1p05__lam0p020__nu0p50__psi1p00,hardzero_plus_depr,0.01,41,907,0.0,1,0.45413682,0.45413682,1.023614,0.09470785,0.09470785,1.0,1.2790063e-11,1.3504756e-10,-27.442995,2.2519958,0.7506653,0.112,0.0,0.15712924,18.120224,18.140224,2905600
hardzero_plus_depr__c0p58__z1p05__lam0p020__nu0p50__psi1p00,hardzero_plus_depr,0.01,41,908,0.0,1,0.45413682,0.45413682,1.0035077,0.099195555,0.099195555,1.0,1.3130851e-11,1.3237338e-10,-27.930906,2.207761,0.73592037,0.128,0.0,0.15803914,18.140224,18.160225,2908800
hardzero_plus_depr__c0p58__z1p05__lam0p020__nu0p50__psi1p00,hardzero_plus_depr,0.01,41,909,0.0,1,0.45413682,0.45413682,1.0043589,0.09900134,0.09900134,1.0,1.2845636e-11,1.2975214e-10,-26.352644,2.2096336,0.73654455,0.15200001,0.0,0.15603335,18.160225,18.180225,2912000
hardzero_plus_depr__c0p58__z1p05__lam0p020__nu0p50__psi1p00,hardzero_plus_depr,0.01,41,910,0.0,1,0.45413682,0.45413682,1.0384227,0.09153291,0.09153291,1.0,1.1641412e-11,1.271828e-10,-27.046503,2.2845755,0.76152515,0.14999999,0.0,0.15448089,18.180225,18.200226,2915200
hardzero_plus_depr__c0p58__z1p05__lam0p020__nu0p50__psi1p00,hardzero_plus_depr,0.01,41,911,0.0,1,0.45413682,0.45413682,1.0497357,0.08917936,0.08917936,1.0,1.1117488e-11,1.2466436e-10,-27.869421,2.3094645,0.7698215,0.17600001,0.0,0.13992168,18.200226,18.220226,2918400
hardzero_plus_depr__c0p58__z1p05__lam0p020__nu0p50__psi1p00,hardzero_plus_depr,0.01,41,912,0.0,1,0.45413682,0.45413682,1.0093108,0.09787891,0.09787891,1.0,1.1960391e-11,1.221958e-10,-26.821245,2.2205281,0.7401761,0.128,0.0,0.14752042,18.220226,18.240227,2921600
hardzero_plus_depr__c0p58__z1p05__lam0p020__nu0p50__psi1p00,hardzero_plus_depr,0.01,41,913,0.0,1,0.45413682,0.45413682,1.0727351,0.0,0.08457945,0.0,0.0,1.197761e-10,-28.283228,2.3600643,0.7866881,0.14400001,0.0,0.18247327,18.240227,18.260227,2924800
hardzero_plus_depr__c0p58__z1p05__lam0p020__nu0p50__psi1p00,hardzero_plus_depr,0.01,41,914,0.0,1,0.45413682,0.45413682,1.0043353,0.09900673,0.09900673,1.0,1.1623817e-11,1.1740432e-10,-26.928322,2.2095819,0.7365273,0.2,0.008,0.18502933,18.260227,18.280228,2928000
hardzero_plus_depr__c0p58__z1p05__lam0p020__nu0p50__psi1p00,hardzero_plus_depr,0.01,41,915,0.0,1,0.45413682,0.45413682,0.9948271,0.10119823,0.10119823,1.0,1.1645843e-11,1.1507951e-10,-26.048264,2.1886632,0.7295544,0.136,0.0,0.16088729,18.280228,18.300228,2931200
hardzero_plus_depr__c0p58__z1p05__lam0p020__nu0p50__psi1p00,hardzero_plus_depr,0.01,41,916,0.0,1,0.45413682,0.45413682,1.0043774,0.098997146,0.098997146,1.0,1.116695e-11,1.1280073e-10,-26.632668,2.2096744,0.73655814,0.2,0.0,0.14216912,18.300228,18.320229,2934400
hardzero_plus_depr__c0p58__z1p05__lam0p020__nu0p50__psi1p00,hardzero_plus_depr,0.01,41,917,0.0,1,0.45413682,0.45413682,1.0242705,0.09456477,0.09456477,1.0,1.0455751e-11,1.1056708e-10,-27.59654,2.2534401,0.75114673,0.18400002,0.0,0.1573333,18.320229,18.340229,2937600
hardzero_plus_depr__c0p58__z1p05__lam0p020__nu0p50__psi1p00,hardzero_plus_depr,0.01,41,918,0.0,1,0.45413682,0.45413682,1.0508054,0.0,0.088959955,0.0,0.0,1.08377654e-10,-27.613016,2.3118181,0.77060604,0.136,0.0,0.1548093,18.340229,18.36023,2940800
hardzero_plus_depr__c0p58__z1p05__lam0p020__nu0p50__psi1p00,hardzero_plus_depr,0.01,41,919,0.0,1,0.45413682,0.45413682,1.027778,0.09380413,0.09380413,1.0,9.96496e-12,1.0623158e-10,-26.871372,2.2611568,0.753719,0.192,0.0,0.1587333,18.36023,18.38023,2944000
hardzero_plus_depr__c0p58__z1p05__lam0p020__nu0p50__psi1p00,hardzero_plus_depr,0.01,41,920,0.0,1,0.45413682,0.45413682,1.0532671,0.0,0.08845714,0.0,0.0,1.04128005e-10,-27.726734,2.317234,0.77241135,0.136,0.0,0.15926522,18.38023,18.40023,2947200
hardzero_plus_depr__c0p58__z1p05__lam0p020__nu0p50__psi1p00,hardzero_plus_depr,0.01,41,921,0.0,1,0.45413682,0.45413682,1.0915693,0.0,0.08098986,0.0,0.0,1.02066085e-10,-29.404736,2.4015005,0.80050015,0.080000006,0.0,0.16763578,18.40023,18.42023,2950400
hardzero_plus_depr__c0p58__z1p05__lam0p020__nu0p50__psi1p00,hardzero_plus_depr,0.01,41,922,0.0,1,0.45413682,0.45413682,1.0014983,0.099655576,0.099655576,1.0,9.970041e-12,1.0004499e-10,-26.092096,2.2033403,0.73444676,0.18400002,0.0,0.14082421,18.42023,18.440231,2953600
hardzero_plus_depr__c0p58__z1p05__lam0p020__nu0p50__psi1p00,hardzero_plus_depr,0.01,41,923,0.0,1,0.45413682,0.45413682,0.99255216,0.101729706,0.101729706,1.0,9.976014e-12,9.8063925e-11,-26.67916,2.1836584,0.72788614,0.22,0.0,0.15386017,18.440231,18.460232,2956800
hardzero_plus_depr__c0p58__z1p05__lam0p020__nu0p50__psi1p00,hardzero_plus_depr,0.01,41,924,0.0,1,0.45413682,0.45413682,1.0642678,0.0,0.08624467,0.0,0.0,9.612208e-11,-27.653433,2.341436,0.78047866,0.128,0.0,0.17839572,18.460232,18.480232,2960000
hardzero_plus_depr__c0p58__z1p05__lam0p020__nu0p50__psi1p00,hardzero_plus_depr,0.01,41,925,0.0,1,0.45413682,0.45413682,1.005744,0.09868611,0.09868611,1.0,9.298077e-12,9.42187e-11,-26.540977,2.2126808,0.7375603,0.2,0.0,0.1376966,18.480232,18.500233,2963200
hardzero_plus_depr__c0p58__z1p05__lam0p020__nu0p50__psi1p00,hardzero_plus_depr,0.01,41,926,0.0,1,0.45413682,0.45413682,1.049273,0.089274414,0.089274414,1.0,8.24476e-12,9.2353e-11,-28.27929,2.3084466,0.76948225,0.15200001,0.0,0.17868926,18.500233,18.520233,2966400
hardzero_plus_depr__c0p58__z1p05__lam0p020__nu0p50__psi1p00,hardzero_plus_depr,0.01,41,927,0.0,1,0.45413682,0.45413682,1.0235863,0.094713904,0.094713904,1.0,8.573905e-12,9.052424e-11,-28.242584,2.2519348,0.7506449,0.216,0.0,0.16965866,18.520233,18.540234,2969600
hardzero_plus_depr__c0p58__z1p05__lam0p020__nu0p50__psi1p00,hardzero_plus_depr,0.01,41,928,0.0,1,0.45413682,0.45413682,1.0237433,0.09467967,0.09467967,1.0,8.40109e-12,8.8731716e-11,-27.913513,2.2522802,0.7507601,0.24800001,0.008,0.1848612,18.540234,18.560234,2972800
hardzero_plus_depr__c0p58__z1p05__lam0p020__nu0p50__psi1p00,hardzero_plus_depr,0.01,41,929,0.0,1,0.45413682,0.45413682,1.0151818,0.09656465,0.09656465,1.0,8.398678e-12,8.697466e-11,-27.215622,2.2334445,0.7444815,0.15200001,0.0,0.15353988,18.560234,18.580235,2976000
hardzero_plus_depr__c0p58__z1p05__lam0p020__nu0p50__psi1p00,hardzero_plus_depr,0.01,41,930,0.0,1,0.45413682,0.45413682,1.0865604,0.0,0.08192936,0.0,0.0,8.5252416e-11,-28.529556,2.3904805,0.79682684,0.14400001,0.0,0.20946771,18.580235,18.600235,2979200
hardzero_plus_depr__c0p58__z1p05__lam0p020__nu0p50__psi1p00,hardzero_plus_depr,0.01,41,931,0.0,1,0.45413682,0.45413682,1.0112722,0.09743787,0.09743787,1.0,8.1423245e-12,8.356427e-11,-26.610813,2.2248433,0.74161446,0.18400002,0.0,0.18063338,18.600235,18.620235,2982400
hardzero_plus_depr__c0p58__z1p05__lam0p020__nu0p50__psi1p00,hardzero_plus_depr,0.01,41,932,0.0,1,0.45413682,0.45413682,1.0678205,0.0,0.085542016,0.0,0.0,8.1909535e-11,-28.455868,2.3492522,0.7830841,0.128,0.0,0.16836932,18.620235,18.640236,2985600
hardzero_plus_depr__c0p58__z1p05__lam0p020__nu0p50__psi1p00,hardzero_plus_depr,0.01,41,933,0.0,1,0.45413682,0.45413682,1.0524281,0.0,0.088628195,0.0,0.0,8.028759e-11,-28.088379,2.3153882,0.7717961,0.120000005,0.0,0.16325346,18.640236,18.660236,2988800
hardzero_plus_depr__c0p58__z1p05__lam0p020__nu0p50__psi1p00,hardzero_plus_depr,0.01,41,934,0.0,1,0.45413682,0.45413682,1.1243532,0.0,0.07510119,0.0,0.0,7.869775e-11,-29.291069,2.4736264,0.82454216,0.16800001,0.0,0.1801905,18.660236,18.680237,2992000
hardzero_plus_depr__c0p58__z1p05__lam0p020__nu0p50__psi1p00,hardzero_plus_depr,0.01,41,935,0.0,1,0.45413682,0.45413682,1.0133908,0.0969637,0.0969637,1.0,7.479721e-12,7.7139385e-11,-27.348736,2.229504,0.74316806,0.16000001,0.0,0.15686594,18.680237,18.700237,2995200
hardzero_plus_depr__c0p58__z1p05__lam0p020__nu0p50__psi1p00,hardzero_plus_depr,0.01,41,936,0.0,1,0.45413682,0.45413682,0.9825765,0.10409348,0.10409348,1.0,7.870706e-12,7.56119e-11,-26.887337,2.1617115,0.7205705,0.22,0.0,0.13524511,18.700237,18.720238,2998400
hardzero_plus_depr__c0p58__z1p05__lam0p020__nu0p50__psi1p00,hardzero_plus_depr,0.01,41,937,0.0,1,0.45413682,0.45413682,1.0507599,0.0,0.08896928,0.0,0.0,7.411465e-11,-27.290134,2.311718,0.77057266,0.112,0.0,0.1892544,18.720238,18.740238,3001600
hardzero_plus_depr__c0p58__z1p05__lam0p020__nu0p50__psi1p00,hardzero_plus_depr,0.01,41,938,0.0,1,0.45413682,0.45413682,1.1104857,0.0,0.077537954,0.0,0.0,7.264705e-11,-29.055964,2.4431174,0.8143725,0.15200001,0.0,0.16360688,18.740238,18.760239,3004800
hardzero_plus_depr__c0p58__z1p05__lam0p020__nu0p50__psi1p00,hardzero_plus_depr,0.01,41,939,0.0,1,0.45413682,0.45413682,1.0431288,0.0905464,0.0905464,1.0,6.4476736e-12,7.1208504e-11,-26.943882,2.2949293,0.76497644,0.096,0.0,0.15534455,18.760239,18.78024,3008000
hardzero_plus_depr__c0p58__z1p05__lam0p020__nu0p50__psi1p00,hardzero_plus_depr,0.01,41,940,0.0,1,0.45413682,0.45413682,1.0031611,0.09927478,0.09927478,1.0,6.929226e-12,6.979845e-11,-27.172665,2.2069983,0.73566616,0.2,0.0,0.1686167,18.78024,18.80024,3011200
hardzero_plus_depr__c0p58__z1p05__lam0p020__nu0p50__psi1p00,hardzero_plus_depr,0.01,41,941,0.0,1,0.45413682,0.45413682,1.0252888,0.09434332,0.09434332,1.0,6.454622e-12,6.8416314e-11,-26.815542,2.2556803,0.75189346,0.17600001,0.0,0.16099536,18.80024,18.82024,3014400
hardzero_plus_depr__c0p58__z1p05__lam0p020__nu0p50__psi1p00,hardzero_plus_depr,0.01,41,942,0.0,1,0.45413682,0.45413682,1.0707052,0.0,0.08497571,0.0,0.0,6.706156e-11,-27.717384,2.3555984,0.7851995,0.17600001,0.0,0.19253242,18.82024,18.84024,3017600
hardzero_plus_depr__c0p58__z1p05__lam0p020__nu0p50__psi1p00,hardzero_plus_depr,0.01,41,943,0.0,1,0.45413682,0.45413682,1.0265255,0.09407507,0.09407507,1.0,6.183894e-12,6.573361e-11,-27.214245,2.2584012,0.7528004,0.112,0.0,0.16826288,18.84024,18.86024,3020800
hardzero_plus_depr__c0p58__z1p05__lam0p020__nu0p50__psi1p00,hardzero_plus_depr,0.01,41,944,0.0,1,0.45413682,0.45413682,1.0985733,0.0,0.07969419,0.0,0.0,6.4431974e-11,-28.29768,2.4169095,0.8056365,0.120000005,0.0,0.17110918,18.86024,18.880241,3024000
hardzero_plus_depr__c0p58__z1p05__lam0p020__nu0p50__psi1p00,hardzero_plus_depr,0.01,41,945,0.0,1,0.45413682,0.45413682,1.063804,0.0,0.0863368,0.0,0.0,6.3156105e-11,-28.6796,2.3404155,0.7801385,0.120000005,0.0,0.19788843,18.880241,18.900242,3027200
hardzero_plus_depr__c0p58__z1p05__lam0p020__nu0p50__psi1p00,hardzero_plus_depr,0.01,41,946,0.0,1,0.45413682,0.45413682,1.0731727,0.0,0.08449428,0.0,0.0,6.19055e-11,-27.497505,2.361027,0.787009,0.14400001,0.0,0.15510595,18.900242,18.920242,3030400
hardzero_plus_depr__c0p58__z1p05__lam0p020__nu0p50__psi1p00,hardzero_plus_depr,0.01,41,947,0.0,1,0.45413682,0.45413682,1.0753872,0.0,0.08406451,0.0,0.0,6.067966e-11,-27.71663,2.365899,0.78863305,0.16800001,0.0,0.173968,18.920242,18.940243,3033600
hardzero_plus_depr__c0p58__z1p05__lam0p020__nu0p50__psi1p00,hardzero_plus_depr,0.01,41,948,0.0,1,0.45413682,0.45413682,1.0127031,0.09711737,0.09711737,1.0,5.7763573e-12,5.94781e-11,-27.244396,2.227991,0.74266374,0.14400001,0.0,0.14650287,18.940243,18.960243,3036800
hardzero_plus_depr__c0p58__z1p05__lam0p020__nu0p50__psi1p00,hardzero_plus_depr,0.01,41,949,0.0,1,0.45413682,0.45413682,1.0617712,0.0,0.08674187,0.0,0.0,5.830032e-11,-28.621235,2.3359432,0.7786478,0.14999999,0.0,0.1787358,18.960243,18.980244,3040000
hardzero_plus_depr__c0p58__z1p05__lam0p020__nu0p50__psi1p00,hardzero_plus_depr,0.01,41,950,0.0,1,0.45413682,0.45413682,1.0571572,0.0,0.087668344,0.0,0.0,5.714588e-11,-27.574818,2.3257923,0.77526414,0.120000005,0.0,0.16013888,18.980244,19.000244,3043200
hardzero_plus_depr__c0p58__z1p05__lam0p020__nu0p50__psi1p00,hardzero_plus_depr,0.01,41,951,0.0,1,0.45413682,0.45413682,1.0206717,0.095351666,0.095351666,1.0,5.3410557e-12,5.6014287e-11,-26.55137,2.2455227,0.7485076,0.15200001,0.0,0.1319752,19.000244,19.020245,3046400
hardzero_plus_depr__c0p58__z1p05__lam0p020__nu0p50__psi1p00,hardzero_plus_depr,0.01,41,952,0.0,1,0.45413682,0.45413682,0.98981386,0.10237316,0.10237316,1.0,5.62081e-12,5.490511e-11,-26.261583,2.177634,0.725878,0.112,0.0,0.181761,19.020245,19.040245,3049600
hardzero_plus_depr__c0p58__z1p05__lam0p020__nu0p50__psi1p00,hardzero_plus_depr,0.01,41,953,0.0,1,0.45413682,0.45413682,1.0703474,0.0,0.08504574,0.0,0.0,5.3817888e-11,-28.322075,2.3548114,0.78493714,0.104,0.0,0.184882,19.040245,19.060246,3052800
hardzero_plus_depr__c0p58__z1p05__lam0p020__nu0p50__psi1p00,hardzero_plus_depr,0.01,41,954,0.0,1,0.45413682,0.45413682,1.0576458,0.0,0.087569766,0.0,0.0,5.275219e-11,-27.144222,2.3268673,0.7756225,0.16000001,0.0,0.18440664,19.060246,19.080246,3056000
hardzero_plus_depr__c0p58__z1p05__lam0p020__nu0p50__psi1p00,hardzero_plus_depr,0.01,41,955,0.0,1,0.45413682,0.45413682,1.0247563,0.09445907,0.09445907,1.0,4.8842527e-12,5.170761e-11,-27.626698,2.254509,0.751503,0.17600001,0.0,0.15309219,19.080246,19.100246,3059200
hardzero_plus_depr__c0p58__z1p05__lam0p020__nu0p50__psi1p00,hardzero_plus_depr,0.01,41,956,0.0,1,0.45413682,0.45413682,1.0193628,0.095639475,0.095639475,1.0,4.847363e-12,5.0683704e-11,-27.104774,2.2426429,0.7475476,0.14400001,0.0,0.16325809,19.100246,19.120247,3062400
hardzero_plus_depr__c0p58__z1p05__lam0p020__nu0p50__psi1p00,hardzero_plus_depr,0.01,41,957,0.0,1,0.45413682,0.45413682,0.98282814,0.104033165,0.104033165,1.0,5.1683757e-12,4.9680076e-11,-26.452148,2.162265,0.72075504,0.136,0.0,0.12837018,19.120247,19.140247,3065600
hardzero_plus_depr__c0p58__z1p05__lam0p020__nu0p50__psi1p00,hardzero_plus_depr,0.01,41,958,0.0,1,0.45413682,0.45413682,1.0350281,0.092251174,0.092251174,1.0,4.4922933e-12,4.8696325e-11,-27.045204,2.2771072,0.75903577,0.208,0.0,0.13922706,19.140247,19.160248,3068800
hardzero_plus_depr__c0p58__z1p05__lam0p020__nu0p50__psi1p00,hardzero_plus_depr,0.01,41,959,0.0,1,0.45413682,0.45413682,0.9846659,0.103593886,0.103593886,1.0,4.944749e-12,4.7732054e-11,-25.76637,2.1663082,0.72210276,0.24800001,0.0,0.14430596,19.160248,19.180248,3072000
hardzero_plus_depr__c0p58__z1p05__lam0p020__nu0p50__psi1p00,hardzero_plus_depr,0.01,41,960,0.0,1,0.45413682,0.45413682,0.97817665,0.1051534,0.1051534,1.0,4.919799e-12,4.6786876e-11,-26.462618,2.1520317,0.7173439,0.23200001,0.008,0.16652852,19.180248,19.200249,3075200
hardzero_plus_depr__c0p58__z1p05__lam0p020__nu0p50__psi1p00,hardzero_plus_depr,0.01,41,961,0.0,1,0.45413682,0.45413682,1.0264553,0.094090275,0.094090275,1.0,4.3150184e-12,4.586041e-11,-27.161835,2.2582467,0.7527489,0.136,0.0,0.15112689,19.200249,19.22025,3078400
hardzero_plus_depr__c0p58__z1p05__lam0p020__nu0p50__psi1p00,hardzero_plus_depr,0.01,41,962,0.0,1,0.45413682,0.45413682,0.98579365,0.10332521,0.10332521,1.0,4.6447048e-12,4.495229e-11,-26.586445,2.1687894,0.72292984,0.14999999,0.0,0.14516675,19.22025,19.24025,3081600
hardzero_plus_depr__c0p58__z1p05__lam0p020__nu0p50__psi1p00,hardzero_plus_depr,0.01,41,963,0.0,1,0.45413682,0.45413682,1.0023377,0.099463165,0.099463165,1.0,4.3825616e-12,4.4062157e-11,-26.338955,2.205187,0.73506236,0.192,0.0,0.122488506,19.24025,19.26025,3084800
hardzero_plus_depr__c0p58__z1p05__lam0p020__nu0p50__psi1p00,hardzero_plus_depr,0.01,41,964,0.0,1,0.45413682,0.45413682,1.039236,0.091361664,0.091361664,1.0,3.945878e-12,4.3189646e-11,-27.046818,2.2863648,0.7621216,0.136,0.0,0.17232434,19.26025,19.28025,3088000
hardzero_plus_depr__c0p58__z1p05__lam0p020__nu0p50__psi1p00,hardzero_plus_depr,0.01,41,965,0.0,1,0.45413682,0.45413682,1.0163374,0.09630806,0.09630806,1.0,4.0771453e-12,4.2334414e-11,-27.85911,2.235987,0.745329,0.2,0.0,0.14819224,19.28025,19.300251,3091200
hardzero_plus_depr__c0p58__z1p05__lam0p020__nu0p50__psi1p00,hardzero_plus_depr,0.01,41,966,0.0,1,0.45413682,0.45413682,1.0423775,0.090703174,0.090703174,1.0,3.76383e-12,4.1496123e-11,-27.492142,2.2932763,0.76442546,0.15200001,0.0,0.13848935,19.300251,19.320251,3094400
hardzero_plus_depr__c0p58__z1p05__lam0p020__nu0p50__psi1p00,hardzero_plus_depr,0.01,41,967,0.0,1,0.45413682,0.45413682,0.9572718,0.110338785,0.110338785,1.0,4.4879664e-12,4.0674422e-11,-26.176416,2.10604,0.7020134,0.256,0.0,0.1472256,19.320251,19.340252,3097600
hardzero_plus_depr__c0p58__z1p05__lam0p020__nu0p50__psi1p00,hardzero_plus_depr,0.01,41,968,0.0,1,0.45413682,0.45413682,1.0449569,0.09016606,0.09016606,1.0,3.5948304e-12,3.9868997e-11,-27.153685,2.2989511,0.76631707,0.16000001,0.0,0.16791412,19.340252,19.360252,3100800
hardzero_plus_depr__c0p58__z1p05__lam0p020__nu0p50__psi1p00,hardzero_plus_depr,0.01,41,969,0.0,1,0.45413682,0.45413682,1.009632,0.097806565,0.097806565,1.0,3.8222338e-12,3.907952e-11,-27.396421,2.2212348,0.74041164,0.208,0.0,0.16703378,19.360252,19.380253,3104000
hardzero_plus_depr__c0p58__z1p05__lam0p020__nu0p50__psi1p00,hardzero_plus_depr,0.01,41,970,0.0,1,0.45413682,0.45413682,1.0094028,0.097858205,0.097858205,1.0,3.7485245e-12,3.8305675e-11,-26.728136,2.2207303,0.74024343,0.24800001,0.0,0.13843149,19.380253,19.400253,3107200
hardzero_plus_depr__c0p58__z1p05__lam0p020__nu0p50__psi1p00,hardzero_plus_depr,0.01,41,971,0.0,1,0.45413682,0.45413682,1.0846514,0.0,0.0822903,0.0,0.0,3.7547156e-11,-27.97653,2.3862805,0.79542685,0.120000005,0.0,0.17329149,19.400253,19.420254,3110400
hardzero_plus_depr__c0p58__z1p05__lam0p020__nu0p50__psi1p00,hardzero_plus_depr,0.01,41,972,0.0,1,0.45413682,0.45413682,1.0215653,0.09515568,0.09515568,1.0,3.502077e-12,3.6803657e-11,-27.443869,2.2474885,0.74916285,0.16800001,0.0,0.15730973,19.420254,19.440254,3113600
hardzero_plus_depr__c0p58__z1p05__lam0p020__nu0p50__psi1p00,hardzero_plus_depr,0.01,41,973,0.0,1,0.45413682,0.45413682,1.0249618,0.094414376,0.094414376,1.0,3.4059873e-12,3.607488e-11,-27.460024,2.254961,0.7516537,0.128,0.0,0.17633906,19.440254,19.460255,3116800
hardzero_plus_depr__c0p58__z1p05__lam0p020__nu0p50__psi1p00,hardzero_plus_depr,0.01,41,974,0.0,1,0.45413682,0.45413682,1.0350055,0.09225597,0.09225597,1.0,3.2622201e-12,3.536053e-11,-27.741192,2.2770574,0.75901914,0.15200001,0.0,0.15320887,19.460255,19.480255,3120000
hardzero_plus_depr__c0p58__z1p05__lam0p020__nu0p50__psi1p00,hardzero_plus_depr,0.01,41,975,0.0,1,0.45413682,0.45413682,0.9794832,0.10483753,0.10483753,1.0,3.6337034e-12,3.466033e-11,-26.757896,2.154906,0.718302,0.14,0.0,0.1467933,19.480255,19.500256,3123200
hardzero_plus_depr__c0p58__z1p05__lam0p020__nu0p50__psi1p00,hardzero_plus_depr,0.01,41,976,0.0,1,0.45413682,0.45413682,1.0561726,0.0,0.08786731,0.0,0.0,3.3973994e-11,-27.902489,2.323626,0.77454203,0.18400002,0.008,0.16028143,19.500256,19.520256,3126400
hardzero_plus_depr__c0p58__z1p05__lam0p020__nu0p50__psi1p00,hardzero_plus_depr,0.01,41,977,0.0,1,0.45413682,0.45413682,1.0610778,0.0,0.08688046,0.0,0.0,3.330125e-11,-27.45392,2.3344178,0.7781393,0.16000001,0.0,0.15533908,19.520256,19.540257,3129600
hardzero_plus_depr__c0p58__z1p05__lam0p020__nu0p50__psi1p00,hardzero_plus_depr,0.01,41,978,0.0,1,0.45413682,0.45413682,1.0397367,0.09125638,0.09125638,1.0,2.978775e-12,3.2641827e-11,-27.75785,2.2874665,0.76248884,0.15200001,0.0,0.17812523,19.540257,19.560257,3132800
hardzero_plus_depr__c0p58__z1p05__lam0p020__nu0p50__psi1p00,hardzero_plus_depr,0.01,41,979,0.0,1,0.45413682,0.45413682,0.99507904,0.10113953,0.10113953,1.0,3.2360056e-12,3.199546e-11,-26.598654,2.1892176,0.7297392,0.16000001,0.008,0.14308727,19.560257,19.580257,3136000
hardzero_plus_depr__c0p58__z1p05__lam0p020__nu0p50__psi1p00,hardzero_plus_depr,0.01,41,980,0.0,1,0.45413682,0.45413682,0.994876,0.10118683,0.10118683,1.0,3.1734103e-12,3.1361892e-11,-27.481455,2.188771,0.72959036,0.096,0.0,0.15517864,19.580257,19.600258,3139200
hardzero_plus_depr__c0p58__z1p05__lam0p020__nu0p50__psi1p00,hardzero_plus_depr,0.01,41,981,0.0,1,0.45413682,0.45413682,0.9625075,0.10901657,0.10901657,1.0,3.351264e-12,3.0740868e-11,-26.100498,2.1175587,0.7058529,0.16000001,0.0,0.15110372,19.600258,19.620258,3142400
hardzero_plus_depr__c0p58__z1p05__lam0p020__nu0p50__psi1p00,hardzero_plus_depr,0.01,41,982,0.0,1,0.45413682,0.45413682,0.9946267,0.101244934,0.101244934,1.0,3.0507272e-12,3.0132147e-11,-26.251497,2.1882224,0.7294075,0.15200001,0.008,0.118133724,19.620258,19.640259,3145600
hardzero_plus_depr__c0p58__z1p05__lam0p020__nu0p50__psi1p00,hardzero_plus_depr,0.01,41,983,0.0,1,0.45413682,0.45413682,1.055389,0.0,0.088025995,0.0,0.0,2.9535478e-11,-27.80826,2.3219023,0.77396744,0.08800001,0.0,0.15304679,19.640259,19.66026,3148800
hardzero_plus_depr__c0p58__z1p05__lam0p020__nu0p50__psi1p00,hardzero_plus_depr,0.01,41,984,0.0,1,0.45413682,0.45413682,0.9786226,0.105045475,0.105045475,1.0,3.0411318e-12,2.8950621e-11,-26.833351,2.1530128,0.7176709,0.112,0.0,0.12009129,19.66026,19.68026,3152000
hardzero_plus_depr__c0p58__z1p05__lam0p020__nu0p50__psi1p00,hardzero_plus_depr,0.01,41,985,0.0,1,0.45413682,0.45413682,1.0867146,0.0,0.08190028,0.0,0.0,2.8377349e-11,-28.729252,2.3908198,0.79693997,0.136,0.0,0.16508871,19.68026,19.70026,3155200
hardzero_plus_depr__c0p58__z1p05__lam0p020__nu0p50__psi1p00,hardzero_plus_depr,0.01,41,986,0.0,1,0.45413682,0.45413682,0.99698365,0.10069695,0.10069695,1.0,2.8009288e-12,2.7815427e-11,-26.565248,2.1934078,0.73113596,0.16800001,0.0,0.13943401,19.70026,19.72026,3158400
hardzero_plus_depr__c0p58__z1p05__lam0p020__nu0p50__psi1p00,hardzero_plus_depr,0.01,41,987,0.0,1,0.45413682,0.45413682,1.0362915,0.0919832,0.0919832,1.0,2.507888e-12,2.7264632e-11,-26.900793,2.2798867,0.75996226,0.112,0.0,0.14425515,19.72026,19.740261,3161600
hardzero_plus_depr__c0p58__z1p05__lam0p020__nu0p50__psi1p00,hardzero_plus_depr,0.01,41,988,0.0,1,0.45413682,0.45413682,1.0287101,0.093603015,0.093603015,1.0,2.5015166e-12,2.6724744e-11,-27.289057,2.2632074,0.7544025,0.17999999,0.0,0.1382805,19.740261,19.760262,3164800
hardzero_plus_depr__c0p58__z1p05__lam0p020__nu0p50__psi1p00,hardzero_plus_depr,0.01,41,989,0.0,1,0.45413682,0.45413682,1.0623647,0.0,0.086623415,0.0,0.0,2.6195546e-11,-28.220293,2.337249,0.779083,0.192,0.0,0.16341555,19.760262,19.780262,3168000
hardzero_plus_depr__c0p58__z1p05__lam0p020__nu0p50__psi1p00,hardzero_plus_depr,0.01,41,990,0.0,1,0.45413682,0.45413682,1.0524061,0.0,0.08863269,0.0,0.0,2.5676827e-11,-27.60331,2.3153396,0.7717799,0.17600001,0.0,0.16737936,19.780262,19.800262,3171200
hardzero_plus_depr__c0p58__z1p05__lam0p020__nu0p50__psi1p00,hardzero_plus_depr,0.01,41,991,0.0,1,0.45413682,0.45413682,1.0373067,0.091768436,0.091768436,1.0,2.309663e-12,2.5168383e-11,-27.54005,2.2821202,0.7607068,0.128,0.0,0.16422002,19.800262,19.820263,3174400
hardzero_plus_depr__c0p58__z1p05__lam0p020__nu0p50__psi1p00,hardzero_plus_depr,0.01,41,992,0.0,1,0.45413682,0.45413682,1.0572592,0.0,0.08764774,0.0,0.0,2.467e-11,-27.759306,2.3260167,0.7753389,0.16800001,0.0,0.16802949,19.820263,19.840263,3177600
hardzero_plus_depr__c0p58__z1p05__lam0p020__nu0p50__psi1p00,hardzero_plus_depr,0.01,41,993,0.0,1,0.45413682,0.45413682,1.0459101,0.089968376,0.089968376,1.0,2.1755696e-12,2.4181492e-11,-28.770943,2.3010483,0.7670161,0.192,0.0,0.1642082,19.840263,19.860264,3180800
hardzero_plus_depr__c0p58__z1p05__lam0p020__nu0p50__psi1p00,hardzero_plus_depr,0.01,41,994,0.0,1,0.45413682,0.45413682,1.0277492,0.093810365,0.093810365,1.0,2.2235547e-12,2.3702654e-11,-27.286385,2.2610934,0.7536978,0.136,0.0,0.15217514,19.860264,19.880264,3184000
hardzero_plus_depr__c0p58__z1p05__lam0p020__nu0p50__psi1p00,hardzero_plus_depr,0.01,41,995,0.0,1,0.45413682,0.45413682,1.0306355,0.09318896,0.09318896,1.0,2.165087e-12,2.3233299e-11,-28.150288,2.2674434,0.7558145,0.192,0.0,0.17534666,19.880264,19.900265,3187200
hardzero_plus_depr__c0p58__z1p05__lam0p020__nu0p50__psi1p00,hardzero_plus_depr,0.01,41,996,0.0,1,0.45413682,0.45413682,1.0568438,0.0,0.08773164,0.0,0.0,2.277324e-11,-27.99406,2.3251026,0.7750342,0.17600001,0.0,0.15860528,19.900265,19.920265,3190400
hardzero_plus_depr__c0p58__z1p05__lam0p020__nu0p50__psi1p00,hardzero_plus_depr,0.01,41,997,0.0,1,0.45413682,0.45413682,0.9467886,0.11303459,0.11303459,1.0,2.5231909e-12,2.232229e-11,-26.243462,2.0829766,0.69432557,0.216,0.0,0.13418666,19.920265,19.940266,3193600
hardzero_plus_depr__c0p58__z1p05__lam0p020__nu0p50__psi1p00,hardzero_plus_depr,0.01,41,998,0.0,1,0.45413682,0.45413682,0.99303997,0.10161551,0.10161551,1.0,2.2233747e-12,2.1880268e-11,-26.414557,2.1847315,0.7282438,0.208,0.0,0.14345706,19.940266,19.960266,3196800
hardzero_plus_depr__c0p58__z1p05__lam0p020__nu0p50__psi1p00,hardzero_plus_depr,0.01,41,999,0.0,1,0.45413682,0.45413682,0.96075445,0.10945749,0.10945749,1.0,2.3475351e-12,2.1447002e-11,-26.230068,2.113702,0.7045674,0.192,0.008,0.17138374,19.960266,19.980267,3200000
hardzero_plus_depr__c0p58__z1p05__lam0p020__nu0p50__psi1p00,hardzero_plus_depr,0.01,41,1000,0.0,1,0.45413682,0.45413682,1.0293549,0.09346416,0.09346416,1.0,1.9648326e-12,2.102231e-11,-27.493822,2.264626,0.75487536,0.14400001,0.0,0.1752204,19.980267,20.000267,3203200
hardzero_plus_depr__c0p58__z1p05__lam0p020__nu0p50__psi1p00,hardzero_plus_depr,0.01,41,1001,0.0,1,0.45413682,0.45413682,1.0211438,0.09524808,0.09524808,1.0,1.962685e-12,2.0606033e-11,-26.275469,2.2465613,0.7488538,0.14999999,0.0,0.13664842,20.000267,20.020267,3206400
hardzero_plus_depr__c0p58__z1p05__lam0p020__nu0p50__psi1p00,hardzero_plus_depr,0.01,41,1002,0.0,1,0.45413682,0.45413682,1.0583014,0.0,0.08743767,0.0,0.0,2.0197996e-11,-27.35677,2.3283098,0.77610326,0.16000001,0.0,0.16507533,20.020267,20.040268,3209600
hardzero_plus_depr__c0p58__z1p05__lam0p020__nu0p50__psi1p00,hardzero_plus_depr,0.01,41,1003,0.0,1,0.45413682,0.45413682,1.0911605,0.0,0.08106613,0.0,0.0,1.979804e-11,-28.73952,2.4006011,0.8002004,0.14400001,0.0,0.16006278,20.040268,20.060268,3212800
hardzero_plus_depr__c0p58__z1p05__lam0p020__nu0p50__psi1p00,hardzero_plus_depr,0.01,41,1004,0.0,1,0.45413682,0.45413682,1.0032483,0.09925482,0.09925482,1.0,1.9261394e-12,1.9406005e-11,-26.549631,2.2071905,0.7357302,0.2,0.0,0.15450597,20.060268,20.080269,3216000
hardzero_plus_depr__c0p58__z1p05__lam0p020__nu0p50__psi1p00,hardzero_plus_depr,0.01,41,1005,0.0,1,0.45413682,0.45413682,1.0119543,0.09728495,0.09728495,1.0,1.8505282e-12,1.902173e-11,-26.757566,2.2263439,0.74211466,0.18400002,0.0,0.15911816,20.080269,20.10027,3219200
hardzero_plus_depr__c0p58__z1p05__lam0p020__nu0p50__psi1p00,hardzero_plus_depr,0.01,41,1006,0.0,1,0.45413682,0.45413682,1.0400295,0.091194876,0.091194876,1.0,1.7003346e-12,1.8645068e-11,-26.756056,2.2881107,0.7627036,0.2,0.0,0.16860671,20.10027,20.12027,3222400
hardzero_plus_depr__c0p58__z1p05__lam0p020__nu0p50__psi1p00,hardzero_plus_depr,0.01,41,1007,0.0,1,0.45413682,0.45413682,0.9804764,0.104598045,0.104598045,1.0,1.9116193e-12,1.827586e-11,-26.418303,2.1570911,0.7190304,0.18400002,0.0,0.15938583,20.12027,20.14027,3225600
hardzero_plus_depr__c0p58__z1p05__lam0p020__nu0p50__psi1p00,hardzero_plus_depr,0.01,41,1008,0.0,1,0.45413682,0.45413682,0.9840689,0.10373639,0.10373639,1.0,1.8583303e-12,1.7913967e-11,-25.944035,2.1649947,0.7216649,0.14400001,0.0,0.13271937,20.14027,20.16027,3228800
hardzero_plus_depr__c0p58__z1p05__lam0p020__nu0p50__psi1p00,hardzero_plus_depr,0.01,41,1009,0.0,1,0.45413682,0.45413682,0.9882332,0.10274645,0.10274645,1.0,1.8041494e-12,1.7559239e-11,-26.143162,2.1741564,0.7247188,0.2,0.0,0.14393042,20.16027,20.180271,3232000
hardzero_plus_depr__c0p58__z1p05__lam0p020__nu0p50__psi1p00,hardzero_plus_depr,0.01,41,1010,0.0,1,0.45413682,0.45413682,1.054092,0.0,0.088289276,0.0,0.0,1.7211534e-11,-27.969173,2.319049,0.77301633,0.064,0.0,0.14769258,20.180271,20.200272,3235200
hardzero_plus_depr__c0p58__z1p05__lam0p020__nu0p50__psi1p00,hardzero_plus_depr,0.01,41,1011,0.0,1,0.45413682,0.45413682,1.0552168,0.0,0.08806091,0.0,0.0,1.6870715e-11,-27.72957,2.3215232,0.7738411,0.08800001,0.0,0.17448404,20.200272,20.220272,3238400
hardzero_plus_depr__c0p58__z1p05__lam0p020__nu0p50__psi1p00,hardzero_plus_depr,0.01,41,1012,0.0,1,0.45413682,0.45413682,1.0773479,0.0,0.08368586,0.0,0.0,1.6536645e-11,-27.792835,2.3702126,0.7900709,0.112,0.0,0.15495954,20.220272,20.240273,3241600
hardzero_plus_depr__c0p58__z1p05__lam0p020__nu0p50__psi1p00,hardzero_plus_depr,0.01,41,1013,0.0,1,0.45413682,0.45413682,1.0143285,0.096754566,0.096754566,1.0,1.5683132e-12,1.620919e-11,-27.00253,2.2315671,0.7438557,0.17600001,0.0,0.13666844,20.240273,20.260273,3244800
hardzero_plus_depr__c0p58__z1p05__lam0p020__nu0p50__psi1p00,hardzero_plus_depr,0.01,41,1014,0.0,1,0.45413682,0.45413682,1.1356089,0.0,0.07317977,0.0,0.0,1.588822e-11,-29.866823,2.4983895,0.8327965,0.13,0.0,0.2165601,20.260273,20.280273,3248000
hardzero_plus_depr__c0p58__z1p05__lam0p020__nu0p50__psi1p00,hardzero_plus_depr,0.01,41,1015,0.0,1,0.45413682,0.45413682,0.9650766,0.10837357,0.10837357,1.0,1.6877671e-12,1.5573605e-11,-26.057716,2.123211,0.70773697,0.16000001,0.0,0.11965452,20.280273,20.300274,3251200
hardzero_plus_depr__c0p58__z1p05__lam0p020__nu0p50__psi1p00,hardzero_plus_depr,0.01,41,1016,0.0,1,0.45413682,0.45413682,1.0459365,0.089962915,0.089962915,1.0,1.3733036e-12,1.526522e-11,-28.008802,2.3011062,0.7670354,0.096,0.0,0.12617256,20.300274,20.320274,3254400
hardzero_plus_depr__c0p58__z1p05__lam0p020__nu0p50__psi1p00,hardzero_plus_depr,0.01,41,1017,0.0,1,0.45413682,0.45413682,0.99229145,0.10179079,0.10179079,1.0,1.5230898e-12,1.4962942e-11,-26.84125,2.1830847,0.7276949,0.104,0.0,0.15753695,20.320274,20.340275,3257600
hardzero_plus_depr__c0p58__z1p05__lam0p020__nu0p50__psi1p00,hardzero_plus_depr,0.01,41,1018,0.0,1,0.45413682,0.45413682,1.0681401,0.0,0.08547908,0.0,0.0,1.4666648e-11,-27.498726,2.3499553,0.78331846,0.136,0.0,0.17854455,20.340275,20.360275,3260800
hardzero_plus_depr__c0p58__z1p05__lam0p020__nu0p50__psi1p00,hardzero_plus_depr,0.01,41,1019,0.0,1,0.45413682,0.45413682,1.039412,0.09132464,0.09132464,1.0,1.3129033e-12,1.43762224e-11,-26.377254,2.286752,0.76225066,0.136,0.0,0.16683687,20.360275,20.380276,3264000
hardzero_plus_depr__c0p58__z1p05__lam0p020__nu0p50__psi1p00,hardzero_plus_depr,0.01,41,1020,0.0,1,0.45413682,0.45413682,1.0196133,0.09558433,0.09558433,1.0,1.3469311e-12,1.4091547e-11,-27.352896,2.2431939,0.7477313,0.128,0.0,0.17573996,20.380276,20.400276,3267200
hardzero_plus_depr__c0p58__z1p05__lam0p020__nu0p50__psi1p00,hardzero_plus_depr,0.01,41,1021,0.0,1,0.45413682,0.45413682,1.0390333,0.091404326,0.091404326,1.0,1.2625233e-12,1.3812511e-11,-27.635721,2.285919,0.761973,0.16800001,0.0,0.15032281,20.400276,20.420277,3270400
hardzero_plus_depr__c0p58__z1p05__lam0p020__nu0p50__psi1p00,hardzero_plus_depr,0.01,41,1022,0.0,1,0.45413682,0.45413682,1.0515838,0.0,0.088800654,0.0,0.0,1.3538997e-11,-27.135105,2.3135304,0.7711768,0.112,0.0,0.15527223,20.420277,20.440277,3273600
hardzero_plus_depr__c0p58__z1p05__lam0p020__nu0p50__psi1p00,hardzero_plus_depr,0.01,41,1023,0.0,1,0.45413682,0.45413682,1.0177281,0.09600015,0.09600015,1.0,1.2740086e-12,1.3270902e-11,-27.077139,2.2390466,0.74634886,0.17600001,0.0,0.1603371,20.440277,20.460278,3276800
hardzero_plus_depr__c0p58__z1p05__lam0p020__nu0p50__psi1p00,hardzero_plus_depr,0.01,41,1024,0.0,1,0.45413682,0.45413682,1.082642,0.0,0.08267192,0.0,0.0,1.30081146e-11,-28.8433,2.3818598,0.7939533,0.16000001,0.0,0.16098519,20.460278,20.480278,3280000
hardzero_plus_depr__c0p58__z1p05__lam0p020__nu0p50__psi1p00,hardzero_plus_depr,0.01,41,1025,0.0,1,0.45413682,0.45413682,1.0025237,0.099420585,0.099420585,1.0,1.2676652e-12,1.2750531e-11,-27.016584,2.2055962,0.73519874,0.2,0.0,0.17253077,20.480278,20.500278,3283200
hardzero_plus_depr__c0p58__z1p05__lam0p020__nu0p50__psi1p00,hardzero_plus_depr,0.01,41,1026,0.0,1,0.45413682,0.45413682,1.0086502,0.09802792,0.09802792,1.0,1.2251577e-12,1.2498048e-11,-27.098005,2.2190747,0.7396916,0.120000005,0.0,0.17519274,20.500278,20.520279,3286400
hardzero_plus_depr__c0p58__z1p05__lam0p020__nu0p50__psi1p00,hardzero_plus_depr,0.01,41,1027,0.0,1,0.45413682,0.45413682,1.0488927,0.08935262,0.08935262,1.0,1.09462e-12,1.2250563e-11,-27.618652,2.30761,0.76920336,0.13,0.0,0.15412371,20.520279,20.54028,3289600
hardzero_plus_depr__c0p58__z1p05__lam0p020__nu0p50__psi1p00,hardzero_plus_depr,0.01,41,1028,0.0,1,0.45413682,0.45413682,1.0499268,0.08914012,0.08914012,1.0,1.0703929e-12,1.2007982e-11,-28.381266,2.309885,0.7699617,0.120000005,0.0,0.16120124,20.54028,20.56028,3292800
hardzero_plus_depr__c0p58__z1p05__lam0p020__nu0p50__psi1p00,hardzero_plus_depr,0.01,41,1029,0.0,1,0.45413682,0.45413682,0.9995098,0.10011293,0.10011293,1.0,1.1783494e-12,1.1770202e-11,-27.10147,2.1989655,0.73298854,0.18400002,0.0,0.17170037,20.56028,20.58028,3296000
hardzero_plus_depr__c0p58__z1p05__lam0p020__nu0p50__psi1p00,hardzero_plus_depr,0.01,41,1030,0.0,1,0.45413682,0.45413682,1.0080659,0.09815988,0.09815988,1.0,1.1324833e-12,1.1537131e-11,-26.706259,2.2177894,0.7392632,0.192,0.0,0.15797006,20.58028,20.60028,3299200
hardzero_plus_depr__c0p58__z1p05__lam0p020__nu0p50__psi1p00,hardzero_plus_depr,0.01,41,1031,0.0,1,0.45413682,0.45413682,1.0610273,0.0,0.08689057,0.0,0.0,1.1308676e-11,-27.85293,2.3343067,0.7781023,0.112,0.0,0.15850492,20.60028,20.620281,3302400
hardzero_plus_depr__c0p58__z1p05__lam0p020__nu0p50__psi1p00,hardzero_plus_depr,0.01,41,1032,0.0,1,0.45413682,0.45413682,1.0065659,0.09849951,0.09849951,1.0,1.0918418e-12,1.1084744e-11,-26.992283,2.2144892,0.7381631,0.2,0.0,0.162403,20.620281,20.640282,3305600
hardzero_plus_depr__c0p58__z1p05__lam0p020__nu0p50__psi1p00,hardzero_plus_depr,0.01,41,1033,0.0,1,0.45413682,0.45413682,1.0461785,0.089912795,0.089912795,1.0,9.769246e-13,1.0865245e-11,-28.579842,2.3016386,0.76721287,0.18400002,0.0,0.18753795,20.640282,20.660282,3308800
hardzero_plus_depr__c0p58__z1p05__lam0p020__nu0p50__psi1p00,hardzero_plus_depr,0.01,41,1034,0.0,1,0.45413682,0.45413682,1.0454764,0.09005825,0.09005825,1.0,9.591289e-13,1.0650095e-11,-26.460592,2.3000941,0.76669806,0.112,0.0,0.1456894,20.660282,20.680283,3312000
hardzero_plus_depr__c0p58__z1p05__lam0p020__nu0p50__psi1p00,hardzero_plus_depr,0.01,41,1035,0.0,1,0.45413682,0.45413682,1.0147315,0.09666483,0.09666483,1.0,1.0091038e-12,1.0439203e-11,-27.593529,2.2324538,0.7441513,0.15200001,0.0,0.18206722,20.680283,20.700283,3315200
hardzero_plus_depr__c0p58__z1p05__lam0p020__nu0p50__psi1p00,hardzero_plus_depr,0.01,41,1036,0.0,1,0.45413682,0.45413682,1.0244627,0.09452297,0.09452297,1.0,9.672053e-13,1.0232489e-11,-26.595673,2.2538629,0.75128764,0.17600001,0.0,0.1439647,20.700283,20.720284,3318400
hardzero_plus_depr__c0p58__z1p05__lam0p020__nu0p50__psi1p00,hardzero_plus_depr,0.01,41,1037,0.0,1,0.45413682,0.45413682,1.0765041,0.0,0.08384861,0.0,0.0,1.00298676e-11,-28.27617,2.3683562,0.7894521,0.136,0.0,0.17342629,20.720284,20.740284,3321600
hardzero_plus_depr__c0p58__z1p05__lam0p020__nu0p50__psi1p00,hardzero_plus_depr,0.01,41,1038,0.0,1,0.45413682,0.45413682,1.0263048,0.09412288,0.09412288,1.0,9.253463e-13,9.831258e-12,-27.403088,2.2579157,0.7526386,0.128,0.0,0.1458259,20.740284,20.760284,3324800
hardzero_plus_depr__c0p58__z1p05__lam0p020__nu0p50__psi1p00,hardzero_plus_depr,0.01,41,1039,0.0,1,0.45413682,0.45413682,1.0139487,0.09683922,0.09683922,1.0,9.331992e-13,9.636582e-12,-26.760534,2.2307317,0.74357724,0.16000001,0.0,0.13986044,20.760284,20.780285,3328000
hardzero_plus_depr__c0p58__z1p05__lam0p020__nu0p50__psi1p00,hardzero_plus_depr,0.01,41,1040,0.0,1,0.45413682,0.45413682,1.0332624,0.09262701,0.09262701,1.0,8.749326e-13,9.445761e-12,-27.69146,2.2732227,0.7577409,0.17,0.0,0.16469063,20.780285,20.800285,3331200
hardzero_plus_depr__c0p58__z1p05__lam0p020__nu0p50__psi1p00,hardzero_plus_depr,0.01,41,1041,0.0,1,0.45413682,0.45413682,1.0219811,0.09506461,0.09506461,1.0,8.801764e-13,9.258718e-12,-27.302387,2.2484033,0.7494678,0.14400001,0.0,0.14125775,20.800285,20.820286,3334400
hardzero_plus_depr__c0p58__z1p05__lam0p020__nu0p50__psi1p00,hardzero_plus_depr,0.01,41,1042,0.0,1,0.45413682,0.45413682,1.0246612,0.09447977,0.09447977,1.0,8.5743966e-13,9.0753785e-12,-27.432476,2.2542996,0.75143325,0.18400002,0.0,0.1518958,20.820286,20.840286,3337600
hardzero_plus_depr__c0p58__z1p05__lam0p020__nu0p50__psi1p00,hardzero_plus_depr,0.01,41,1043,0.0,1,0.45413682,0.45413682,1.0516076,0.0,0.08879579,0.0,0.0,8.89567e-12,-28.093134,2.313583,0.77119434,0.112,0.0,0.17555794,20.840286,20.860287,3340800
hardzero_plus_depr__c0p58__z1p05__lam0p020__nu0p50__psi1p00,hardzero_plus_depr,0.01,41,1044,0.0,1,0.45413682,0.45413682,1.0284272,0.093664005,0.093664005,1.0,8.1670516e-13,8.71952e-12,-27.440386,2.2625852,0.7541951,0.16800001,0.0,0.1752098,20.860287,20.880287,3344000
hardzero_plus_depr__c0p58__z1p05__lam0p020__nu0p50__psi1p00,hardzero_plus_depr,0.01,41,1045,0.0,1,0.45413682,0.45413682,1.0215878,0.09515073,0.09515073,1.0,8.132398e-13,8.546858e-12,-27.160616,2.247538,0.74917936,0.120000005,0.0,0.15334013,20.880287,20.900288,3347200
hardzero_plus_depr__c0p58__z1p05__lam0p020__nu0p50__psi1p00,hardzero_plus_depr,0.01,41,1046,0.0,1,0.45413682,0.45413682,1.0396814,0.091268,0.091268,1.0,7.646082e-13,8.3776154e-12,-27.670063,2.287345,0.7624483,0.16000001,0.0,0.21078621,20.900288,20.920288,3350400
hardzero_plus_depr__c0p58__z1p05__lam0p020__nu0p50__psi1p00,hardzero_plus_depr,0.01,41,1047,0.0,1,0.45413682,0.45413682,1.0472434,0.08969261,0.08969261,1.0,7.3653084e-13,8.211723e-12,-27.700308,2.3039813,0.7679938,0.16000001,0.0,0.15496446,20.920288,20.940289,3353600
hardzero_plus_depr__c0p58__z1p05__lam0p020__nu0p50__psi1p00,hardzero_plus_depr,0.01,41,1048,0.0,1,0.45413682,0.45413682,1.032553,0.09277844,0.09277844,1.0,7.4678447e-13,8.049117e-12,-27.2788,2.271662,0.7572207,0.17600001,0.0,0.16632274,20.940289,20.960289,3356800
hardzero_plus_depr__c0p58__z1p05__lam0p020__nu0p50__psi1p00,hardzero_plus_depr,0.01,41,1049,0.0,1,0.45413682,0.45413682,1.008633,0.098031804,0.098031804,1.0,7.734445e-13,7.8897305e-12,-27.572306,2.2190368,0.739679,0.14400001,0.0,0.14325076,20.960289,20.98029,3360000
hardzero_plus_depr__c0p58__z1p05__lam0p020__nu0p50__psi1p00,hardzero_plus_depr,0.01,41,1050,0.0,1,0.45413682,0.45413682,1.0190412,0.09571032,0.09571032,1.0,7.401757e-13,7.7335e-12,-27.572931,2.2419353,0.7473118,0.104,0.0,0.17225914,20.98029,21.00029,3363200
hardzero_plus_depr__c0p58__z1p05__lam0p020__nu0p50__psi1p00,hardzero_plus_depr,0.01,41,1051,0.0,1,0.45413682,0.45413682,1.0042667,0.09902235,0.09902235,1.0,7.506253e-13,7.5803626e-12,-27.434044,2.209431,0.736477,0.16000001,0.0,0.16744299,21.00029,21.02029,3366400
hardzero_plus_depr__c0p58__z1p05__lam0p020__nu0p50__psi1p00,hardzero_plus_depr,0.01,41,1052,0.0,1,0.45413682,0.45413682,1.0640521,0.0,0.08628749,0.0,0.0,7.430257e-12,-27.898222,2.3409615,0.7803205,0.128,0.0,0.19346184,21.02029,21.04029,3369600
hardzero_plus_depr__c0p58__z1p05__lam0p020__nu0p50__psi1p00,hardzero_plus_depr,0.01,41,1053,0.0,1,0.45413682,0.45413682,1.0347466,0.09231098,0.09231098,1.0,6.7231236e-13,7.283125e-12,-28.176344,2.276488,0.75882936,0.16,0.0,0.152818,21.04029,21.060291,3372800
hardzero_plus_depr__c0p58__z1p05__lam0p020__nu0p50__psi1p00,hardzero_plus_depr,0.01,41,1054,0.0,1,0.45413682,0.45413682,1.0188504,0.095752366,0.095752366,1.0,6.835672e-13,7.1389067e-12,-26.644327,2.2415156,0.7471719,0.16000001,0.0,0.17328353,21.060291,21.080292,3376000
hardzero_plus_depr__c0p58__z1p05__lam0p020__nu0p50__psi1p00,hardzero_plus_depr,0.01,41,1055,0.0,1,0.45413682,0.45413682,1.0221866,0.09501962,0.09501962,1.0,6.6490395e-13,6.9975436e-12,-27.384005,2.2488556,0.74961853,0.15200001,0.0,0.1416147,21.080292,21.100292,3379200
hardzero_plus_depr__c0p58__z1p05__lam0p020__nu0p50__psi1p00,hardzero_plus_depr,0.01,41,1056,0.0,1,0.45413682,0.45413682,1.0146633,0.09667999,0.09667999,1.0,6.6312613e-13,6.85898e-12,-27.3287,2.2323039,0.7441013,0.072000004,0.0,0.13988617,21.100292,21.120293,3382400
hardzero_plus_depr__c0p58__z1p05__lam0p020__nu0p50__psi1p00,hardzero_plus_depr,0.01,41,1057,0.0,1,0.45413682,0.45413682,1.0109117,0.09751879,0.09751879,1.0,6.556344e-13,6.72316e-12,-26.808895,2.2240503,0.7413501,0.18400002,0.0,0.14248395,21.120293,21.140293,3385600
hardzero_plus_depr__c0p58__z1p05__lam0p020__nu0p50__psi1p00,hardzero_plus_depr,0.01,41,1058,0.0,1,0.45413682,0.45413682,1.0785495,0.0,0.08345464,0.0,0.0,6.590029e-12,-28.563622,2.3728564,0.79095215,0.16000001,0.0,0.15427473,21.140293,21.160294,3388800
hardzero_plus_depr__c0p58__z1p05__lam0p020__nu0p50__psi1p00,hardzero_plus_depr,0.01,41,1059,0.0,1,0.45413682,0.45413682,0.98505914,0.10350012,0.10350012,1.0,6.6856264e-13,6.459535e-12,-26.139423,2.1671734,0.7223911,0.15200001,0.0,0.12620287,21.160294,21.180294,3392000
hardzero_plus_depr__c0p58__z1p05__lam0p020__nu0p50__psi1p00,hardzero_plus_depr,0.01,41,1060,0.0,1,0.45413682,0.45413682,1.0844449,0.0,0.08232942,0.0,0.0,6.3316245e-12,-28.8886,2.3858263,0.79527545,0.208,0.0,0.16120169,21.180294,21.200294,3395200
hardzero_plus_depr__c0p58__z1p05__lam0p020__nu0p50__psi1p00,hardzero_plus_depr,0.01,41,1061,0.0,1,0.45413682,0.45413682,1.0963712,0.0,0.080099314,0.0,0.0,6.206247e-12,-28.376307,2.4120648,0.8040216,0.08800001,0.0,0.16561082,21.200294,21.220295,3398400
hardzero_plus_depr__c0p58__z1p05__lam0p020__nu0p50__psi1p00,hardzero_plus_depr,0.01,41,1062,0.0,1,0.45413682,0.45413682,1.013697,0.09689536,0.09689536,1.0,5.8944863e-13,6.0833526e-12,-27.246744,2.2301779,0.74339265,0.17600001,0.0,0.17938137,21.220295,21.240295,3401600
hardzero_plus_depr__c0p58__z1p05__lam0p020__nu0p50__psi1p00,hardzero_plus_depr,0.01,41,1063,0.0,1,0.45413682,0.45413682,1.0365504,0.091928385,0.091928385,1.0,5.4815896e-13,5.962891e-12,-26.82084,2.2804565,0.7601522,0.16000001,0.0,0.1497989,21.240295,21.260296,3404800
hardzero_plus_depr__c0p58__z1p05__lam0p020__nu0p50__psi1p00,hardzero_plus_depr,0.01,41,1064,0.0,1,0.45413682,0.45413682,1.0064973,0.09851508,0.09851508,1.0,5.758025e-13,5.8448155e-12,-26.756891,2.2143383,0.7381128,0.17600001,0.008,0.1697039,21.260296,21.280296,3408000
hardzero_plus_depr__c0p58__z1p05__lam0p020__nu0p50__psi1p00,hardzero_plus_depr,0.01,41,1065,0.0,1,0.45413682,0.45413682,1.0846567,0.0,0.08228928,0.0,0.0,5.729078e-12,-28.177315,2.3862925,0.79543084,0.112,0.0,0.1747185,21.280296,21.300297,3411200
hardzero_plus_depr__c0p58__z1p05__lam0p020__nu0p50__psi1p00,hardzero_plus_depr,0.01,41,1066,0.0,1,0.45413682,0.45413682,1.0063119,0.09855713,0.09855713,1.0,5.5346054e-13,5.6156317e-12,-27.0609,2.2139304,0.7379768,0.13,0.0,0.13229212,21.300297,21.320297,3414400
hardzero_plus_depr__c0p58__z1p05__lam0p020__nu0p50__psi1p00,hardzero_plus_depr,0.01,41,1067,0.0,1,0.45413682,0.45413682,0.97582257,0.105724916,0.105724916,1.0,5.8195565e-13,5.5044324e-12,-26.35849,2.1468525,0.71561754,0.2,0.0,0.1518421,21.320297,21.340298,3417600
hardzero_plus_depr__c0p58__z1p05__lam0p020__nu0p50__psi1p00,hardzero_plus_depr,0.01,41,1068,0.0,1,0.45413682,0.45413682,1.0009662,0.09977777,0.09977777,1.0,5.383445e-13,5.395435e-12,-27.60199,2.2021697,0.7340566,0.16000001,0.0,0.1702314,21.340298,21.360298,3420800
hardzero_plus_depr__c0p58__z1p05__lam0p020__nu0p50__psi1p00,hardzero_plus_depr,0.01,41,1069,0.0,1,0.45413682,0.45413682,1.0468597,0.089771874,0.089771874,1.0,4.7476714e-13,5.2885955e-12,-27.370436,2.3031375,0.76771253,0.104,0.0,0.15428047,21.360298,21.380299,3424000
hardzero_plus_depr__c0p58__z1p05__lam0p020__nu0p50__psi1p00,hardzero_plus_depr,0.01,41,1070,0.0,1,0.45413682,0.45413682,1.009817,0.0977649,0.0977649,1.0,5.068007e-13,5.183872e-12,-27.5756,2.2216418,0.7405473,0.17600001,0.0,0.14889915,21.380299,21.4003,3427200
hardzero_plus_depr__c0p58__z1p05__lam0p020__nu0p50__psi1p00,hardzero_plus_depr,0.01,41,1071,0.0,1,0.45413682,0.45413682,1.0817552,0.0,0.082840905,0.0,0.0,5.081222e-12,-28.589146,2.3799088,0.79330295,0.136,0.0,0.18607709,21.4003,21.4203,3430400
hardzero_plus_depr__c0p58__z1p05__lam0p020__nu0p50__psi1p00,hardzero_plus_depr,0.01,41,1072,0.0,1,0.45413682,0.45413682,0.99864626,0.10031219,0.10031219,1.0,4.9961543e-13,4.9806053e-12,-27.051779,2.1970656,0.73235524,0.128,0.0,0.1512696,21.4203,21.4403,3433600
hardzero_plus_depr__c0p58__z1p05__lam0p020__nu0p50__psi1p00,hardzero_plus_depr,0.01,41,1073,0.0,1,0.45413682,0.45413682,1.0400343,0.09119388,0.09119388,1.0,4.452067e-13,4.8819802e-12,-27.113184,2.2881212,0.7627071,0.112,0.0,0.15669064,21.4403,21.4603,3436800
hardzero_plus_depr__c0p58__z1p05__lam0p020__nu0p50__psi1p00,hardzero_plus_depr,0.01,41,1074,0.0,1,0.45413682,0.45413682,1.0385687,0.09150214,0.09150214,1.0,4.37866e-13,4.785309e-12,-27.296782,2.2848969,0.7616323,0.18400002,0.0,0.12874153,21.4603,21.4803,3440000
hardzero_plus_depr__c0p58__z1p05__lam0p020__nu0p50__psi1p00,hardzero_plus_depr,0.01,41,1075,0.0,1,0.45413682,0.45413682,1.0218252,0.09509875,0.09509875,1.0,4.4606557e-13,4.6905513e-12,-26.95217,2.2480602,0.7493534,0.15200001,0.0,0.14090796,21.4803,21.500301,3443200
hardzero_plus_depr__c0p58__z1p05__lam0p020__nu0p50__psi1p00,hardzero_plus_depr,0.01,41,1076,0.0,1,0.45413682,0.45413682,0.99166125,0.101938605,0.101938605,1.0,4.6868e-13,4.5976695e-12,-26.954689,2.1816983,0.7272328,0.208,0.008,0.15490574,21.500301,21.520302,3446400
hardzero_plus_depr__c0p58__z1p05__lam0p020__nu0p50__psi1p00,hardzero_plus_depr,0.01,41,1077,0.0,1,0.45413682,0.45413682,1.0278089,0.09379747,0.09379747,1.0,4.2271023e-13,4.5066273e-12,-27.285402,2.2612247,0.7537416,0.14400001,0.0,0.1539348,21.520302,21.540302,3449600
hardzero_plus_depr__c0p58__z1p05__lam0p020__nu0p50__psi1p00,hardzero_plus_depr,0.01,41,1078,0.0,1,0.45413682,0.45413682,1.0370679,0.09181891,0.09181891,1.0,4.0559973e-13,4.417388e-12,-26.469736,2.281595,0.76053166,0.104,0.0,0.17090616,21.540302,21.560303,3452800
hardzero_plus_depr__c0p58__z1p05__lam0p020__nu0p50__psi1p00,hardzero_plus_depr,0.01,41,1079,0.0,1,0.45413682,0.45413682,1.0918014,0.0,0.0809466,0.0,0.0,4.329916e-12,-28.454037,2.4020112,0.8006704,0.12,0.0,0.1660534,21.560303,21.580303,3456000
hardzero_plus_depr__c0p58__z1p05__lam0p020__nu0p50__psi1p00,hardzero_plus_depr,0.01,41,1080,0.0,1,0.45413682,0.45413682,1.037331,0.091763295,0.091763295,1.0,3.894596e-13,4.244176e-12,-27.25974,2.2821736,0.76072454,0.216,0.0,0.16507483,21.580303,21.600304,3459200
hardzero_plus_depr__c0p58__z1p05__lam0p020__nu0p50__psi1p00,hardzero_plus_depr,0.01,41,1081,0.0,1,0.45413682,0.45413682,1.0328335,0.09271853,0.09271853,1.0,3.857215e-13,4.160134e-12,-27.275578,2.272279,0.7574264,0.16000001,0.0,0.14488573,21.600304,21.620304,3462400
hardzero_plus_depr__c0p58__z1p05__lam0p020__nu0p50__psi1p00,hardzero_plus_depr,0.01,41,1082,0.0,1,0.45413682,0.45413682,1.0039701,0.099089995,0.099089995,1.0,4.040648e-13,4.077756e-12,-27.688536,2.2087784,0.73625946,0.208,0.0,0.15129279,21.620304,21.640305,3465600
hardzero_plus_depr__c0p58__z1p05__lam0p020__nu0p50__psi1p00,hardzero_plus_depr,0.01,41,1083,0.0,1,0.45413682,0.45413682,1.0256342,0.09426833,0.09426833,1.0,3.7679134e-13,3.997009e-12,-27.07334,2.2564402,0.7521467,0.14400001,0.0,0.1470943,21.640305,21.660305,3468800
hardzero_plus_depr__c0p58__z1p05__lam0p020__nu0p50__psi1p00,hardzero_plus_depr,0.01,41,1084,0.0,1,0.45413682,0.45413682,1.0420697,0.09076749,0.09076749,1.0,3.5561444e-13,3.9178613e-12,-28.096354,2.292599,0.7641997,0.14400001,0.0,0.14568916,21.660305,21.680305,3472000
hardzero_plus_depr__c0p58__z1p05__lam0p020__nu0p50__psi1p00,hardzero_plus_depr,0.01,41,1085,0.0,1,0.45413682,0.45413682,1.0360763,0.09202878,0.09202878,1.0,3.5341633e-13,3.8402805e-12,-27.126263,2.2794135,0.7598045,0.14400001,0.0,0.14319593,21.680305,21.700306,3475200
hardzero_plus_depr__c0p58__z1p05__lam0p020__nu0p50__psi1p00,hardzero_plus_depr,0.01,41,1086,0.0,1,0.45413682,0.45413682,1.0401773,0.09116386,0.09116386,1.0,3.4316232e-13,3.7642363e-12,-27.686125,2.288436,0.762812,0.17600001,0.0,0.18257613,21.700306,21.720306,3478400
hardzero_plus_depr__c0p58__z1p05__lam0p020__nu0p50__psi1p00,hardzero_plus_depr,0.01,41,1087,0.0,1,0.45413682,0.45413682,1.0960602,0.0,0.080156706,0.0,0.0,3.6896974e-12,-28.596752,2.4113805,0.80379355,0.096,0.0,0.1778866,21.720306,21.740307,3481600
hardzero_plus_depr__c0p58__z1p05__lam0p020__nu0p50__psi1p00,hardzero_plus_depr,0.01,41,1088,0.0,1,0.45413682,0.45413682,1.0574222,0.0,0.08761488,0.0,0.0,3.616635e-12,-28.032139,2.3263752,0.77545846,0.16000001,0.0,0.1667143,21.740307,21.760307,3484800
hardzero_plus_depr__c0p58__z1p05__lam0p020__nu0p50__psi1p00,hardzero_plus_depr,0.01,41,1089,0.0,1,0.45413682,0.45413682,1.0704039,0.0,0.085034676,0.0,0.0,3.5450195e-12,-27.3857,2.3549356,0.78497857,0.120000005,0.0,0.17431585,21.760307,21.780308,3488000
hardzero_plus_depr__c0p58__z1p05__lam0p020__nu0p50__psi1p00,hardzero_plus_depr,0.01,41,1090,0.0,1,0.45413682,0.45413682,1.1146122,0.0,0.0768047,0.0,0.0,3.4748216e-12,-28.895615,2.452196,0.81739867,0.16000001,0.0,0.17205617,21.780308,21.800308,3491200
hardzero_plus_depr__c0p58__z1p05__lam0p020__nu0p50__psi1p00,hardzero_plus_depr,0.01,41,1091,0.0,1,0.45413682,0.45413682,1.0571876,0.0,0.087662205,0.0,0.0,3.406014e-12,-28.070133,2.325859,0.7752864,0.16000001,0.0,0.17555219,21.800308,21.820309,3494400
hardzero_plus_depr__c0p58__z1p05__lam0p020__nu0p50__psi1p00,hardzero_plus_depr,0.01,41,1092,0.0,1,0.45413682,0.45413682,1.0123733,0.09719115,0.09719115,1.0,3.2447935e-13,3.338569e-12,-27.117435,2.2272658,0.742422,0.21,0.0,0.13631949,21.820309,21.84031,3497600
hardzero_plus_depr__c0p58__z1p05__lam0p020__nu0p50__psi1p00,hardzero_plus_depr,0.01,41,1093,0.0,1,0.45413682,0.45413682,0.9706554,0.10699035,0.10699035,1.0,3.5012154e-13,3.2724591e-12,-26.54186,2.1354845,0.7118282,0.224,0.008,0.1433023,21.84031,21.86031,3500800
hardzero_plus_depr__c0p58__z1p05__lam0p020__nu0p50__psi1p00,hardzero_plus_depr,0.01,41,1094,0.0,1,0.45413682,0.45413682,1.0253601,0.094327845,0.094327845,1.0,3.0257153e-13,3.2076587e-12,-27.641317,2.2558372,0.75194573,0.15200001,0.0,0.15943453,21.86031,21.88031,3504000
hardzero_plus_depr__c0p58__z1p05__lam0p020__nu0p50__psi1p00,hardzero_plus_depr,0.01,41,1095,0.0,1,0.45413682,0.45413682,1.0433487,0.09050058,0.09050058,1.0,2.8454664e-13,3.1441416e-12,-27.129156,2.295413,0.7651377,0.208,0.0,0.17218809,21.88031,21.90031,3507200
hardzero_plus_depr__c0p58__z1p05__lam0p020__nu0p50__psi1p00,hardzero_plus_depr,0.01,41,1096,0.0,1,0.45413682,0.45413682,1.0066954,0.09847017,0.09847017,1.0,3.034734e-13,3.0818815e-12,-27.015919,2.2147741,0.73825806,0.15200001,0.0,0.1469655,21.90031,21.920311,3510400
hardzero_plus_depr__c0p58__z1p05__lam0p020__nu0p50__psi1p00,hardzero_plus_depr,0.01,41,1097,0.0,1,0.45413682,0.45413682,1.0380008,0.091621876,0.091621876,1.0,2.7677643e-13,3.0208553e-12,-27.6358,2.2836475,0.76121587,0.16000001,0.0,0.17226797,21.920311,21.940311,3513600
hardzero_plus_depr__c0p58__z1p05__lam0p020__nu0p50__psi1p00,hardzero_plus_depr,0.01,41,1098,0.0,1,0.45413682,0.45413682,0.98818713,0.10275735,0.10275735,1.0,3.0426828e-13,2.9610366e-12,-26.439028,2.174055,0.7246851,0.14400001,0.0,0.1282119,21.940311,21.960312,3516800
hardzero_plus_depr__c0p58__z1p05__lam0p020__nu0p50__psi1p00,hardzero_plus_depr,0.01,41,1099,0.0,1,0.45413682,0.45413682,0.9757287,0.10574778,0.10574778,1.0,3.0692267e-13,2.902403e-12,-26.316273,2.146646,0.7155487,0.18400002,0.0,0.14066681,21.960312,21.980312,3520000
hardzero_plus_depr__c0p58__z1p05__lam0p020__nu0p50__psi1p00,hardzero_plus_depr,0.01,41,1100,0.0,1,0.45413682,0.45413682,1.0921004,0.0,0.08089089,0.0,0.0,2.8449302e-12,-28.45232,2.4026687,0.8008896,0.120000005,0.0,0.1782102,21.980312,22.000313,3523200
hardzero_plus_depr__c0p58__z1p05__lam0p020__nu0p50__psi1p00,hardzero_plus_depr,0.01,41,1101,0.0,1,0.45413682,0.45413682,1.0918236,0.0,0.080942474,0.0,0.0,2.7885953e-12,-28.331646,2.4020598,0.8006866,0.096,0.0,0.17680635,22.000313,22.020313,3526400
hardzero_plus_depr__c0p58__z1p05__lam0p020__nu0p50__psi1p00,hardzero_plus_depr,0.01,41,1102,0.0,1,0.45413682,0.45413682,1.0178351,0.095976494,0.095976494,1.0,2.623399e-13,2.7333765e-12,-27.380194,2.2392821,0.7464274,0.15200001,0.0,0.14195064,22.020313,22.040314,3529600
hardzero_plus_depr__c0p58__z1p05__lam0p020__nu0p50__psi1p00,hardzero_plus_depr,0.01,41,1103,0.0,1,0.45413682,0.45413682,1.0769769,0.0,0.08375738,0.0,0.0,2.679251e-12,-27.725227,2.3693964,0.78979886,0.128,0.0,0.1658757,22.040314,22.060314,3532800
hardzero_plus_depr__c0p58__z1p05__lam0p020__nu0p50__psi1p00,hardzero_plus_depr,0.01,41,1104,0.0,1,0.45413682,0.45413682,1.0412515,0.090938635,0.090938635,1.0,2.3882277e-13,2.626197e-12,-27.379208,2.2907991,0.76359975,0.14400001,0.0,0.1716418,22.060314,22.080315,3536000
hardzero_plus_depr__c0p58__z1p05__lam0p020__nu0p50__psi1p00,hardzero_plus_depr,0.01,41,1105,0.0,1,0.45413682,0.45413682,1.0548458,0.0,0.08813617,0.0,0.0,2.5741937e-12,-28.295689,2.320707,0.77356905,0.14,0.0,0.1677806,22.080315,22.100315,3539200
hardzero_plus_depr__c0p58__z1p05__lam0p020__nu0p50__psi1p00,hardzero_plus_depr,0.01,41,1106,0.0,1,0.45413682,0.45413682,1.0412852,0.09093161,0.09093161,1.0,2.2944044e-13,2.52322e-12,-27.666294,2.290873,0.76362437,0.18400002,0.0,0.17262934,22.100315,22.120316,3542400
hardzero_plus_depr__c0p58__z1p05__lam0p020__nu0p50__psi1p00,hardzero_plus_depr,0.01,41,1107,0.0,1,0.45413682,0.45413682,1.0747992,0.0,0.08417843,0.0,0.0,2.4732558e-12,-28.407635,2.3646054,0.7882018,0.14400001,0.0,0.17082962,22.120316,22.140316,3545600
hardzero_plus_depr__c0p58__z1p05__lam0p020__nu0p50__psi1p00,hardzero_plus_depr,0.01,41,1108,0.0,1,0.45413682,0.45413682,1.1009219,0.0,0.079264395,0.0,0.0,2.4242808e-12,-28.02799,2.4220765,0.80735886,0.120000005,0.0,0.15832047,22.140316,22.160316,3548800
hardzero_plus_depr__c0p58__z1p05__lam0p020__nu0p50__psi1p00,hardzero_plus_depr,0.01,41,1109,0.0,1,0.45413682,0.45413682,1.0515538,0.0,0.08880678,0.0,0.0,2.3762758e-12,-27.203825,2.3134646,0.7711549,0.16000001,0.0,0.16497956,22.160316,22.180317,3552000
hardzero_plus_depr__c0p58__z1p05__lam0p020__nu0p50__psi1p00,hardzero_plus_depr,0.01,41,1110,0.0,1,0.45413682,0.45413682,1.0670403,0.0,0.085695826,0.0,0.0,2.3292212e-12,-27.463749,2.3475356,0.7825119,0.136,0.0,0.18215697,22.180317,22.200317,3555200
hardzero_plus_depr__c0p58__z1p05__lam0p020__nu0p50__psi1p00,hardzero_plus_depr,0.01,41,1111,0.0,1,0.45413682,0.45413682,1.0364176,0.09195648,0.09195648,1.0,2.0994572e-13,2.2830986e-12,-27.419271,2.2801642,0.76005477,0.15200001,0.0,0.14236672,22.200317,22.220318,3558400
hardzero_plus_depr__c0p58__z1p05__lam0p020__nu0p50__psi1p00,hardzero_plus_depr,0.01,41,1112,0.0,1,0.45413682,0.45413682,0.98294336,0.10400558,0.10400558,1.0,2.3275297e-13,2.2378891e-12,-27.227777,2.1625185,0.7208395,0.17600001,0.0,0.1525555,22.220318,22.240318,3561600
hardzero_plus_depr__c0p58__z1p05__lam0p020__nu0p50__psi1p00,hardzero_plus_depr,0.01,41,1113,0.0,1,0.45413682,0.45413682,0.9895113,0.10244451,0.10244451,1.0,2.2471971e-13,2.193575e-12,-26.282635,2.1769683,0.72565615,0.14400001,0.0,0.14126347,22.240318,22.260319,3564800
hardzero_plus_depr__c0p58__z1p05__lam0p020__nu0p50__psi1p00,hardzero_plus_depr,0.01,41,1114,0.0,1,0.45413682,0.45413682,1.0344242,0.09237954,0.09237954,1.0,1.9862879e-13,2.1501384e-12,-26.924297,2.2757785,0.75859284,0.128,0.008,0.1564363,22.260319,22.28032,3568000
hardzero_plus_depr__c0p58__z1p05__lam0p020__nu0p50__psi1p00,hardzero_plus_depr,0.01,41,1115,0.0,1,0.45413682,0.45413682,1.0164299,0.096287526,0.096287526,1.0,2.0293191e-13,2.1075617e-12,-27.195896,2.2361903,0.7453968,0.16800001,0.0,0.14959715,22.28032,22.30032,3571200
hardzero_plus_depr__c0p58__z1p05__lam0p020__nu0p50__psi1p00,hardzero_plus_depr,0.01,41,1116,0.0,1,0.45413682,0.45413682,1.0240768,0.09460697,0.09460697,1.0,1.9544175e-13,2.0658282e-12,-27.39173,2.253014,0.7510047,0.2,0.0,0.14515568,22.30032,22.32032,3574400
hardzero_plus_depr__c0p58__z1p05__lam0p020__nu0p50__psi1p00,hardzero_plus_depr,0.01,41,1117,0.0,1,0.45413682,0.45413682,1.0325174,0.09278602,0.09278602,1.0,1.8788439e-13,2.0249212e-12,-28.012684,2.2715838,0.75719464,0.16000001,0.0,0.14373209,22.32032,22.34032,3577600
hardzero_plus_depr__c0p58__z1p05__lam0p020__nu0p50__psi1p00,hardzero_plus_depr,0.01,41,1118,0.0,1,0.45413682,0.45413682,1.0683595,0.0,0.08543593,0.0,0.0,1.984824e-12,-26.910898,2.3504379,0.78347933,0.14,0.0,0.144343,22.34032,22.360321,3580800
hardzero_plus_depr__c0p58__z1p05__lam0p020__nu0p50__psi1p00,hardzero_plus_depr,0.01,41,1119,0.0,1,0.45413682,0.45413682,1.0573707,0.0,0.087625265,0.0,0.0,1.9455212e-12,-27.804749,2.326262,0.77542067,0.2,0.0,0.1660842,22.360321,22.380322,3584000
hardzero_plus_depr__c0p58__z1p05__lam0p020__nu0p50__psi1p00,hardzero_plus_depr,0.01,41,1120,0.0,1,0.45413682,0.45413682,0.9545649,0.11102865,0.11102865,1.0,2.1173121e-13,1.9069963e-12,-26.288265,2.1000848,0.7000283,0.14400001,0.0,0.14037244,22.380322,22.400322,3587200
hardzero_plus_depr__c0p58__z1p05__lam0p020__nu0p50__psi1p00,hardzero_plus_depr,0.01,41,1121,0.0,1,0.45413682,0.45413682,0.97655773,0.1055461,0.1055461,1.0,1.9729043e-13,1.8692346e-12,-27.312162,2.14847,0.71615666,0.17600001,0.0,0.14730513,22.400322,22.420322,3590400
hardzero_plus_depr__c0p58__z1p05__lam0p020__nu0p50__psi1p00,hardzero_plus_depr,0.01,41,1122,0.0,1,0.45413682,0.45413682,1.0533285,0.0,0.088444635,0.0,0.0,1.8322204e-12,-27.404655,2.317369,0.77245635,0.08800001,0.0,0.14131337,22.420322,22.440323,3593600
hardzero_plus_depr__c0p58__z1p05__lam0p020__nu0p50__psi1p00,hardzero_plus_depr,0.01,41,1123,0.0,1,0.45413682,0.45413682,1.0063062,0.09855845,0.09855845,1.0,1.7700496e-13,1.795939e-12,-27.583246,2.2139177,0.7379726,0.2,0.008,0.16693425,22.440323,22.460323,3596800
hardzero_plus_depr__c0p58__z1p05__lam0p020__nu0p50__psi1p00,hardzero_plus_depr,0.01,41,1124,0.0,1,0.45413682,0.45413682,1.0464879,0.089848764,0.089848764,1.0,1.5816763e-13,1.7603762e-12,-27.655247,2.3023193,0.7674398,0.14400001,0.0,0.16287681,22.460323,22.480324,3600000
hardzero_plus_depr__c0p58__z1p05__lam0p020__nu0p50__psi1p00,hardzero_plus_depr,0.01,41,1125,0.0,1,0.45413682,0.45413682,1.0557698,0.0,0.087948866,0.0,0.0,1.7255176e-12,-27.324457,2.3227398,0.77424663,0.08800001,0.0,0.148363,22.480324,22.500324,3603200
hardzero_plus_depr__c0p58__z1p05__lam0p020__nu0p50__psi1p00,hardzero_plus_depr,0.01,41,1126,0.0,1,0.45413682,0.45413682,1.0255172,0.09429371,0.09429371,1.0,1.5948363e-13,1.6913495e-12,-27.585823,2.256183,0.752061,0.224,0.0,0.15937479,22.500324,22.520325,3606400
hardzero_plus_depr__c0p58__z1p05__lam0p020__nu0p50__psi1p00,hardzero_plus_depr,0.01,41,1127,0.0,1,0.45413682,0.45413682,1.0361838,0.09200601,0.09200601,1.0,1.5253288e-13,1.6578577e-12,-26.781696,2.27965,0.75988334,0.17600001,0.0,0.1817489,22.520325,22.540325,3609600
hardzero_plus_depr__c0p58__z1p05__lam0p020__nu0p50__psi1p00,hardzero_plus_depr,0.01,41,1128,0.0,1,0.45413682,0.45413682,1.0391725,0.09137502,0.09137502,1.0,1.4848707e-13,1.6250291e-12,-28.147104,2.2862253,0.7620751,0.18400002,0.0,0.16569394,22.540325,22.560326,3612800
hardzero_plus_depr__c0p58__z1p05__lam0p020__nu0p50__psi1p00,hardzero_plus_depr,0.01,41,1129,0.0,1,0.45413682,0.45413682,1.0540348,0.0,0.08830091,0.0,0.0,1.5928506e-12,-27.161491,2.318923,0.7729744,0.18400002,0.0,0.17414343,22.560326,22.580326,3616000
hardzero_plus_depr__c0p58__z1p05__lam0p020__nu0p50__psi1p00,hardzero_plus_depr,0.01,41,1130,0.0,1,0.45413682,0.45413682,1.1061192,0.0,0.07832148,0.0,0.0,1.5613094e-12,-28.709814,2.4335108,0.8111703,0.136,0.0,0.17896642,22.580326,22.600327,3619200
hardzero_plus_depr__c0p58__z1p05__lam0p020__nu0p50__psi1p00,hardzero_plus_depr,0.01,41,1131,0.0,1,0.45413682,0.45413682,1.0524927,0.0,0.08861501,0.0,0.0,1.5303927e-12,-28.092447,2.3155303,0.77184343,0.19999999,0.0,0.20135778,22.600327,22.620327,3622400
hardzero_plus_depr__c0p58__z1p05__lam0p020__nu0p50__psi1p00,hardzero_plus_depr,0.01,41,1132,0.0,1,0.45413682,0.45413682,1.1036447,0.0,0.07876898,0.0,0.0,1.5000882e-12,-29.165157,2.428067,0.8093557,0.15200001,0.0,0.17139502,22.620327,22.640327,3625600
hardzero_plus_depr__c0p58__z1p05__lam0p020__nu0p50__psi1p00,hardzero_plus_depr,0.01,41,1133,0.0,1,0.45413682,0.45413682,1.0484998,0.089433484,0.089433484,1.0,1.3150155e-13,1.4703838e-12,-27.33565,2.3067458,0.7689153,0.136,0.0,0.1669175,22.640327,22.660328,3628800
hardzero_plus_depr__c0p58__z1p05__lam0p020__nu0p50__psi1p00,hardzero_plus_depr,0.01,41,1134,0.0,1,0.45413682,0.45413682,1.0226994,0.09490751,0.09490751,1.0,1.367871e-13,1.4412675e-12,-27.448692,2.2499835,0.7499945,0.136,0.0,0.15260018,22.660328,22.680328,3632000
hardzero_plus_depr__c0p58__z1p05__lam0p020__nu0p50__psi1p00,hardzero_plus_depr,0.01,41,1135,0.0,1,0.45413682,0.45413682,1.0836825,0.0,0.082474075,0.0,0.0,1.412728e-12,-28.41313,2.384149,0.79471636,0.128,0.0,0.15630493,22.680328,22.700329,3635200
hardzero_plus_depr__c0p58__z1p05__lam0p020__nu0p50__psi1p00,hardzero_plus_depr,0.01,41,1136,0.0,1,0.45413682,0.45413682,1.0845255,0.0,0.082314156,0.0,0.0,1.3847534e-12,-28.660978,2.3860037,0.7953346,0.16800001,0.0,0.1800187,22.700329,22.72033,3638400
hardzero_plus_depr__c0p58__z1p05__lam0p020__nu0p50__psi1p00,hardzero_plus_depr,0.01,41,1137,0.0,1,0.45413682,0.45413682,1.0256343,0.094268315,0.094268315,1.0,1.2795349e-13,1.3573329e-12,-27.214989,2.2564404,0.75214684,0.192,0.0,0.18008591,22.72033,22.74033,3641600
hardzero_plus_depr__c0p58__z1p05__lam0p020__nu0p50__psi1p00,hardzero_plus_depr,0.01,41,1138,0.0,1,0.45413682,0.45413682,1.0107882,0.09754651,0.09754651,1.0,1.2978126e-13,1.3304552e-12,-27.61937,2.2237785,0.7412595,0.18400002,0.0,0.15959868,22.74033,22.76033,3644800
hardzero_plus_depr__c0p58__z1p05__lam0p020__nu0p50__psi1p00,hardzero_plus_depr,0.01,41,1139,0.0,1,0.45413682,0.45413682,1.0477358,0.08959096,0.08959096,1.0,1.1683645e-13,1.3041098e-12,-27.156757,2.305065,0.768355,0.128,0.0,0.15984103,22.76033,22.78033,3648000
hardzero_plus_depr__c0p58__z1p05__lam0p020__nu0p50__psi1p00,hardzero_plus_depr,0.01,41,1140,0.0,1,0.45413682,0.45413682,1.0594103,0.0,0.08721468,0.0,0.0,1.2782862e-12,-27.597794,2.3307493,0.77691644,0.18400002,0.0,0.15041037,22.78033,22.800331,3651200
hardzero_plus_depr__c0p58__z1p05__lam0p020__nu0p50__psi1p00,hardzero_plus_depr,0.01,41,1141,0.0,1,0.45413682,0.45413682,0.9558735,0.1106946,0.1106946,1.0,1.3869744e-13,1.2529739e-12,-26.485697,2.1029637,0.70098794,0.18400002,0.0,0.15918045,22.800331,22.820332,3654400
hardzero_plus_depr__c0p58__z1p05__lam0p020__nu0p50__psi1p00,hardzero_plus_depr,0.01,41,1142,0.0,1,0.45413682,0.45413682,1.0034286,0.09921366,0.09921366,1.0,1.2185053e-13,1.2281629e-12,-27.297224,2.207587,0.7358624,0.136,0.0,0.14486049,22.820332,22.840332,3657600
hardzero_plus_depr__c0p58__z1p05__lam0p020__nu0p50__psi1p00,hardzero_plus_depr,0.01,41,1143,0.0,1,0.45413682,0.45413682,0.9895794,0.10242846,0.10242846,1.0,1.2330776e-13,1.2038428e-12,-26.728338,2.177118,0.72570604,0.192,0.0,0.1327148,22.840332,22.860332,3660800
hardzero_plus_depr__c0p58__z1p05__lam0p020__nu0p50__psi1p00,hardzero_plus_depr,0.01,41,1144,0.0,1,0.45413682,0.45413682,1.1050591,0.0,0.07851287,0.0,0.0,1.1800047e-12,-28.427555,2.4311786,0.81039286,0.13,0.0,0.16426344,22.860332,22.880333,3664000
hardzero_plus_depr__c0p58__z1p05__lam0p020__nu0p50__psi1p00,hardzero_plus_depr,0.01,41,1145,0.0,1,0.45413682,0.45413682,1.025296,0.09434177,0.09434177,1.0,1.09119324e-13,1.1566385e-12,-26.755426,2.2556963,0.75189877,0.128,0.008,0.15603128,22.880333,22.900333,3667200
hardzero_plus_depr__c0p58__z1p05__lam0p020__nu0p50__psi1p00,hardzero_plus_depr,0.01,41,1146,0.0,1,0.45413682,0.45413682,1.0176122,0.09602577,0.09602577,1.0,1.0886778e-13,1.133735e-12,-27.472834,2.2387917,0.7462639,0.14400001,0.0,0.16084243,22.900333,22.920334,3670400
hardzero_plus_depr__c0p58__z1p05__lam0p020__nu0p50__psi1p00,hardzero_plus_depr,0.01,41,1147,0.0,1,0.45413682,0.45413682,1.0592265,0.0,0.08725162,0.0,0.0,1.1112851e-12,-27.683756,2.330345,0.7767817,0.16000001,0.0,0.1839651,22.920334,22.940334,3673600
hardzero_plus_depr__c0p58__z1p05__lam0p020__nu0p50__psi1p00,hardzero_plus_depr,0.01,41,1148,0.0,1,0.45413682,0.45413682,1.014725,0.09666628,0.09666628,1.0,1.05296604e-13,1.0892796e-12,-27.633106,2.2324395,0.7441465,0.2,0.0,0.16465834,22.940334,22.960335,3676800
hardzero_plus_depr__c0p58__z1p05__lam0p020__nu0p50__psi1p00,hardzero_plus_depr,0.01,41,1149,0.0,1,0.45413682,0.45413682,1.0760286,0.0,0.083940476,0.0,0.0,1.0677099e-12,-27.899565,2.3673103,0.78910345,0.120000005,0.0,0.15967362,22.960335,22.980335,3680000
hardzero_plus_depr__c0p58__z1p05__lam0p020__nu0p50__psi1p00,hardzero_plus_depr,0.01,41,1150,0.0,1,0.45413682,0.45413682,1.0226924,0.09490902,0.09490902,1.0,9.932868e-14,1.0465673e-12,-27.192545,2.2499683,0.74998945,0.15200001,0.0,0.17280401,22.980335,23.000336,3683200
hardzero_plus_depr__c0p58__z1p05__lam0p020__nu0p50__psi1p00,hardzero_plus_depr,0.01,41,1151,0.0,1,0.45413682,0.45413682,1.0903616,0.0,0.0812154,0.0,0.0,1.0258436e-12,-28.892107,2.3988433,0.7996144,0.15200001,0.0,0.18404996,23.000336,23.020336,3686400
hardzero_plus_depr__c0p58__z1p05__lam0p020__nu0p50__psi1p00,hardzero_plus_depr,0.01,41,1152,0.0,1,0.45413682,0.45413682,1.0596507,0.0,0.08716643,0.0,0.0,1.00553e-12,-28.201595,2.331278,0.7770927,0.17600001,0.0,0.1706535,23.020336,23.040337,3689600
hardzero_plus_depr__c0p58__z1p05__lam0p020__nu0p50__psi1p00,hardzero_plus_depr,0.01,41,1153,0.0,1,0.45413682,0.45413682,1.0257941,0.09423361,0.09423361,1.0,9.287841e-14,9.856187e-13,-27.140919,2.2567923,0.75226414,0.16000001,0.0,0.15074699,23.040337,23.060337,3692800
hardzero_plus_depr__c0p58__z1p05__lam0p020__nu0p50__psi1p00,hardzero_plus_depr,0.01,41,1154,0.0,1,0.45413682,0.45413682,1.0423361,0.090711825,0.090711825,1.0,8.7636854e-14,9.661018e-13,-27.472198,2.2931852,0.7643951,0.14400001,0.0,0.15220302,23.060337,23.080338,3696000
hardzero_plus_depr__c0p58__z1p05__lam0p020__nu0p50__psi1p00,hardzero_plus_depr,0.01,41,1155,0.0,1,0.45413682,0.45413682,1.0110464,0.09748855,0.09748855,1.0,9.231885e-14,9.469712e-13,-27.567759,2.2243464,0.7414488,0.192,0.0,0.15603854,23.080338,23.100338,3699200
hardzero_plus_depr__c0p58__z1p05__lam0p020__nu0p50__psi1p00,hardzero_plus_depr,0.01,41,1156,0.0,1,0.45413682,0.45413682,1.0312119,0.09306537,0.09306537,1.0,8.6385096e-14,9.282195e-13,-26.854158,2.2687113,0.75623715,0.096,0.0,0.1525525,23.100338,23.120338,3702400
hardzero_plus_depr__c0p58__z1p05__lam0p020__nu0p50__psi1p00,hardzero_plus_depr,0.01,41,1157,0.0,1,0.45413682,0.45413682,1.030716,0.09317169,0.09317169,1.0,8.477125e-14,9.09839e-13,-27.113054,2.2676203,0.75587344,0.089999996,0.0,0.15495662,23.120338,23.140339,3705600
hardzero_plus_depr__c0p58__z1p05__lam0p020__nu0p50__psi1p00,hardzero_plus_depr,0.01,41,1158,0.0,1,0.45413682,0.45413682,0.99645394,0.100819856,0.100819856,1.0,8.991343e-14,8.9182264e-13,-26.418705,2.1922424,0.73074746,0.16800001,0.0,0.1517994,23.140339,23.16034,3708800
hardzero_plus_depr__c0p58__z1p05__lam0p020__nu0p50__psi1p00,hardzero_plus_depr,0.01,41,1159,0.0,1,0.45413682,0.45413682,1.0052029,0.098809145,0.098809145,1.0,8.63753e-14,8.74163e-13,-26.503841,2.2114906,0.73716354,0.24000001,0.0,0.14899382,23.16034,23.18034,3712000
hardzero_plus_depr__c0p58__z1p05__lam0p020__nu0p50__psi1p00,hardzero_plus_depr,0.01,41,1160,0.0,1,0.45413682,0.45413682,1.0662311,0.0,0.08585565,0.0,0.0,8.5685305e-13,-28.25095,2.3457553,0.78191847,0.136,0.0,0.2003272,23.18034,23.20034,3715200
hardzero_plus_depr__c0p58__z1p05__lam0p020__nu0p50__psi1p00,hardzero_plus_depr,0.01,41,1161,0.0,1,0.45413682,0.45413682,1.015149,0.09657195,0.09657195,1.0,8.1109415e-14,8.3988583e-13,-27.395947,2.2333724,0.7444575,0.256,0.0,0.1655974,23.20034,23.22034,3718400
hardzero_plus_depr__c0p58__z1p05__lam0p020__nu0p50__psi1p00,hardzero_plus_depr,0.01,41,1162,0.0,1,0.45413682,0.45413682,1.0780996,0.0,0.08354113,0.0,0.0,8.2325455e-13,-28.11912,2.3718665,0.7906222,0.136,0.0,0.16671336,23.22034,23.240341,3721600
hardzero_plus_depr__c0p58__z1p05__lam0p020__nu0p50__psi1p00,hardzero_plus_depr,0.01,41,1163,0.0,1,0.45413682,0.45413682,1.0155029,0.09649328,0.09649328,1.0,7.78655e-14,8.069526e-13,-27.618244,2.2341511,0.74471706,0.17600001,0.0,0.16080792,23.240341,23.260342,3724800
hardzero_plus_depr__c0p58__z1p05__lam0p020__nu0p50__psi1p00,hardzero_plus_depr,0.01,41,1164,0.0,1,0.45413682,0.45413682,1.0415835,0.09086914,0.09086914,1.0,7.187509e-14,7.909735e-13,-27.784452,2.2915294,0.7638432,0.16000001,0.0,0.15535131,23.260342,23.280342,3728000
hardzero_plus_depr__c0p58__z1p05__lam0p020__nu0p50__psi1p00,hardzero_plus_depr,0.01,41,1165,0.0,1,0.45413682,0.45413682,1.0866739,0.0,0.08190796,0.0,0.0,7.753109e-13,-27.661158,2.3907301,0.79691005,0.120000005,0.0,0.18505791,23.280342,23.300343,3731200
hardzero_plus_depr__c0p58__z1p05__lam0p020__nu0p50__psi1p00,hardzero_plus_depr,0.01,41,1166,0.0,1,0.45413682,0.45413682,0.9772698,0.10537319,0.10537319,1.0,8.0079233e-14,7.5995834e-13,-27.670368,2.1500366,0.71667886,0.23200001,0.008,0.18052056,23.300343,23.320343,3734400
hardzero_plus_depr__c0p58__z1p05__lam0p020__nu0p50__psi1p00,hardzero_plus_depr,0.01,41,1167,0.0,1,0.45413682,0.45413682,1.0011401,0.09973782,0.09973782,1.0,7.429569e-14,7.449099e-13,-26.401217,2.2025523,0.73418415,0.136,0.0,0.13466989,23.320343,23.340343,3737600
hardzero_plus_depr__c0p58__z1p05__lam0p020__nu0p50__psi1p00,hardzero_plus_depr,0.01,41,1168,0.0,1,0.45413682,0.45413682,0.9885302,0.10267619,0.10267619,1.0,7.496998e-14,7.301593e-13,-26.146547,2.17481,0.72493666,0.136,0.0,0.14651054,23.340343,23.360344,3740800
hardzero_plus_depr__c0p58__z1p05__lam0p020__nu0p50__psi1p00,hardzero_plus_depr,0.01,41,1169,0.0,1,0.45413682,0.45413682,1.01223,0.0972232,0.0972232,1.0,6.958273e-14,7.1570083e-13,-27.686634,2.2269506,0.7423169,0.208,0.0,0.17952166,23.360344,23.380344,3744000
hardzero_plus_depr__c0p58__z1p05__lam0p020__nu0p50__psi1p00,hardzero_plus_depr,0.01,41,1170,0.0,1,0.45413682,0.45413682,1.0999578,0.0,0.07944053,0.0,0.0,7.015287e-13,-28.216103,2.4199555,0.80665183,0.12,0.0,0.15963289,23.380344,23.400345,3747200
hardzero_plus_depr__c0p58__z1p05__lam0p020__nu0p50__psi1p00,hardzero_plus_depr,0.01,41,1171,0.0,1,0.45413682,0.45413682,1.0018252,0.099580616,0.099580616,1.0,6.8475336e-14,6.876372e-13,-27.123543,2.2040596,0.73468655,0.216,0.0,0.15070598,23.400345,23.420345,3750400
hardzero_plus_depr__c0p58__z1p05__lam0p020__nu0p50__psi1p00,hardzero_plus_depr,0.01,41,1172,0.0,1,0.45413682,0.45413682,1.0289212,0.09355753,0.09355753,1.0,6.305971e-14,6.7402074e-13,-27.481447,2.2636719,0.7545573,0.120000005,0.0,0.18437323,23.420345,23.440346,3753600
hardzero_plus_depr__c0p58__z1p05__lam0p020__nu0p50__psi1p00,hardzero_plus_depr,0.01,41,1173,0.0,1,0.45413682,0.45413682,1.0350785,0.09224047,0.09224047,1.0,6.094087e-14,6.6067394e-13,-26.959553,2.2772183,0.7590728,0.192,0.0,0.1479676,23.440346,23.460346,3756800
hardzero_plus_depr__c0p58__z1p05__lam0p020__nu0p50__psi1p00,hardzero_plus_depr,0.01,41,1174,0.0,1,0.45413682,0.45413682,1.0617976,0.0,0.086736605,0.0,0.0,6.475914e-13,-27.703196,2.3360014,0.77866715,0.120000005,0.0,0.15431735,23.460346,23.480347,3760000
hardzero_plus_depr__c0p58__z1p05__lam0p020__nu0p50__psi1p00,hardzero_plus_depr,0.01,41,1175,0.0,1,0.45413682,0.45413682,1.0816423,0.0,0.08286244,0.0,0.0,6.34768e-13,-27.960777,2.3796606,0.7932202,0.120000005,0.0,0.19272973,23.480347,23.500347,3763200
hardzero_plus_depr__c0p58__z1p05__lam0p020__nu0p50__psi1p00,hardzero_plus_depr,0.01,41,1176,0.0,1,0.45413682,0.45413682,0.9944455,0.101287186,0.101287186,1.0,6.302072e-14,6.2219836e-13,-26.885933,2.1878238,0.72927463,0.16000001,0.0,0.14726195,23.500347,23.520348,3766400
hardzero_plus_depr__c0p58__z1p05__lam0p020__nu0p50__psi1p00,hardzero_plus_depr,0.01,41,1177,0.0,1,0.45413682,0.45413682,1.0229257,0.09485806,0.09485806,1.0,5.785182e-14,6.0987776e-13,-27.08852,2.2504816,0.7501606,0.17600001,0.0,0.14781027,23.520348,23.540348,3769600
hardzero_plus_depr__c0p58__z1p05__lam0p020__nu0p50__psi1p00,hardzero_plus_depr,0.01,41,1178,0.0,1,0.45413682,0.45413682,1.0568341,0.0,0.08773359,0.0,0.0,5.978011e-13,-27.910471,2.3250813,0.77502716,0.056,0.0,0.1495335,23.540348,23.560349,3772800
hardzero_plus_depr__c0p58__z1p05__lam0p020__nu0p50__psi1p00,hardzero_plus_depr,0.01,41,1179,0.0,1,0.45413682,0.45413682,1.0020219,0.09953552,0.09953552,1.0,5.8324195e-14,5.859636e-13,-26.350391,2.204492,0.73483074,0.208,0.0,0.1626721,23.560349,23.580349,3776000
hardzero_plus_depr__c0p58__z1p05__lam0p020__nu0p50__psi1p00,hardzero_plus_depr,0.01,41,1180,0.0,1,0.45413682,0.45413682,1.0561639,0.0,0.08786907,0.0,0.0,5.743605e-13,-27.700571,2.323607,0.77453566,0.17600001,0.0,0.17013791,23.580349,23.60035,3779200
hardzero_plus_depr__c0p58__z1p05__lam0p020__nu0p50__psi1p00,hardzero_plus_depr,0.01,41,1181,0.0,1,0.45413682,0.45413682,1.0568651,0.0,0.08772734,0.0,0.0,5.629871e-13,-28.085402,2.3251495,0.77504987,0.136,0.0,0.15241975,23.60035,23.62035,3782400
hardzero_plus_depr__c0p58__z1p05__lam0p020__nu0p50__psi1p00,hardzero_plus_depr,0.01,41,1182,0.0,1,0.45413682,0.45413682,1.0093372,0.09787298,0.09787298,1.0,5.4010124e-14,5.5183896e-13,-26.855972,2.220586,0.7401954,0.14400001,0.0,0.15897325,23.62035,23.64035,3785600
hardzero_plus_depr__c0p58__z1p05__lam0p020__nu0p50__psi1p00,hardzero_plus_depr,0.01,41,1183,0.0,1,0.45413682,0.45413682,0.98287386,0.10402222,0.10402222,1.0,5.626682e-14,5.4091155e-13,-25.672968,2.1623657,0.7207886,0.22,0.0,0.13845879,23.64035,23.66035,3788800
hardzero_plus_depr__c0p58__z1p05__lam0p020__nu0p50__psi1p00,hardzero_plus_depr,0.01,41,1184,0.0,1,0.45413682,0.45413682,1.0296397,0.09340287,0.09340287,1.0,4.9522252e-14,5.3020056e-13,-27.641264,2.2652526,0.7550842,0.18400002,0.0,0.14703354,23.66035,23.680351,3792000
hardzero_plus_depr__c0p58__z1p05__lam0p020__nu0p50__psi1p00,hardzero_plus_depr,0.01,41,1185,0.0,1,0.45413682,0.45413682,1.0283535,0.09367993,0.09367993,1.0,4.8685617e-14,5.197017e-13,-27.432838,2.2624228,0.754141,0.14400001,0.0,0.13838685,23.680351,23.700352,3795200
hardzero_plus_depr__c0p58__z1p05__lam0p020__nu0p50__psi1p00,hardzero_plus_depr,0.01,41,1186,0.0,1,0.45413682,0.45413682,1.0093784,0.09786369,0.09786369,1.0,4.9852805e-14,5.0941066e-13,-26.685732,2.220677,0.7402257,0.192,0.0,0.1465973,23.700352,23.720352,3798400
hardzero_plus_depr__c0p58__z1p05__lam0p020__nu0p50__psi1p00,hardzero_plus_depr,0.01,41,1187,0.0,1,0.45413682,0.45413682,1.0400873,0.091182746,0.091182746,1.0,4.5529678e-14,4.993234e-13,-27.04917,2.2882378,0.762746,0.104,0.0,0.14853154,23.720352,23.740353,3801600
hardzero_plus_depr__c0p58__z1p05__lam0p020__nu0p50__psi1p00,hardzero_plus_depr,0.01,41,1188,0.0,1,0.45413682,0.45413682,1.0045557,0.09895648,0.09895648,1.0,4.8432856e-14,4.894359e-13,-26.81329,2.2100668,0.736689,0.18400002,0.0,0.16414991,23.740353,23.760353,3804800
hardzero_plus_depr__c0p58__z1p05__lam0p020__nu0p50__psi1p00,hardzero_plus_depr,0.01,41,1189,0.0,1,0.45413682,0.45413682,0.9591379,0.10986568,0.10986568,1.0,5.2707425e-14,4.7974423e-13,-25.850536,2.1101456,0.7033819,0.16000001,0.0,0.14299192,23.760353,23.780354,3808000
hardzero_plus_depr__c0p58__z1p05__lam0p020__nu0p50__psi1p00,hardzero_plus_depr,0.01,41,1190,0.0,1,0.45413682,0.45413682,1.0155569,0.09648127,0.09648127,1.0,4.536978e-14,4.7024445e-13,-26.661058,2.2342699,0.74475664,0.104,0.0,0.12700279,23.780354,23.800354,3811200
hardzero_plus_depr__c0p58__z1p05__lam0p020__nu0p50__psi1p00,hardzero_plus_depr,0.01,41,1191,0.0,1,0.45413682,0.45413682,1.0149894,0.09660743,0.09660743,1.0,4.4529532e-14,4.609328e-13,-27.567593,2.2330213,0.7443404,0.15200001,0.0,0.16808242,23.800354,23.820354,3814400
hardzero_plus_depr__c0p58__z1p05__lam0p020__nu0p50__psi1p00,hardzero_plus_depr,0.01,41,1192,0.0,1,0.45413682,0.45413682,1.0530335,0.0,0.088504724,0.0,0.0,4.518055e-13,-27.943943,2.3167198,0.7722399,0.128,0.0,0.14054511,23.820354,23.840355,3817600
hardzero_plus_depr__c0p58__z1p05__lam0p020__nu0p50__psi1p00,hardzero_plus_depr,0.01,41,1193,0.0,1,0.45413682,0.45413682,1.0320734,0.09288095,0.09288095,1.0,4.113316e-14,4.4285894e-13,-26.280249,2.2706068,0.75686896,0.216,0.0,0.15947746,23.840355,23.860355,3820800
hardzero_plus_depr__c0p58__z1p05__lam0p020__nu0p50__psi1p00,hardzero_plus_depr,0.01,41,1194,0.0,1,0.45413682,0.45413682,1.0453322,0.090088174,0.090088174,1.0,3.9106332e-14,4.3408953e-13,-27.476418,2.2997768,0.76659226,0.14400001,0.0,0.17350374,23.860355,23.880356,3824000
hardzero_plus_depr__c0p58__z1p05__lam0p020__nu0p50__psi1p00,hardzero_plus_depr,0.01,41,1195,0.0,1,0.45413682,0.45413682,1.0311749,0.09307329,0.09307329,1.0,3.9602107e-14,4.254938e-13,-27.640371,2.26863,0.75621,0.192,0.0,0.16841716,23.880356,23.900356,3827200
hardzero_plus_depr__c0p58__z1p05__lam0p020__nu0p50__psi1p00,hardzero_plus_depr,0.01,41,1196,0.0,1,0.45413682,0.45413682,1.0633239,0.0,0.08643232,0.0,0.0,4.170683e-13,-27.603123,2.3393593,0.77978647,0.089999996,0.0,0.16544203,23.900356,23.920357,3830400
hardzero_plus_depr__c0p58__z1p05__lam0p020__nu0p50__psi1p00,hardzero_plus_depr,0.01,41,1197,0.0,1,0.45413682,0.45413682,1.0492182,0.089285694,0.089285694,1.0,3.6500845e-14,4.0880957e-13,-27.580105,2.308326,0.769442,0.2,0.0,0.19401893,23.920357,23.940357,3833600
hardzero_plus_depr__c0p58__z1p05__lam0p020__nu0p50__psi1p00,hardzero_plus_depr,0.01,41,1198,0.0,1,0.45413682,0.45413682,1.0184133,0.0958488,0.0958488,1.0,3.8407997e-14,4.0071443e-13,-26.811285,2.240554,0.7468514,0.120000005,0.0,0.14732349,23.940357,23.960358,3836800
hardzero_plus_depr__c0p58__z1p05__lam0p020__nu0p50__psi1p00,hardzero_plus_depr,0.01,41,1199,0.0,1,0.45413682,0.45413682,0.997636,0.100545816,0.100545816,1.0,3.9492342e-14,3.9277956e-13,-26.807516,2.194843,0.73161435,0.192,0.0,0.18379934,23.960358,23.980358,3840000
hardzero_plus_depr__c0p58__z1p05__lam0p020__nu0p50__psi1p00,hardzero_plus_depr,0.01,41,1200,0.0,1,0.45413682,0.45413682,1.0502799,0.0,0.089067675,0.0,0.0,3.8500184e-13,-27.692345,2.3106618,0.77022064,0.16800001,0.0,0.17327067,23.980358,24.000359,3843200
hardzero_plus_depr__c0p58__z1p05__lam0p020__nu0p50__psi1p00,hardzero_plus_depr,0.01,41,1201,0.0,1,0.45413682,0.45413682,1.0067569,0.09845622,0.09845622,1.0,3.715522e-14,3.773781e-13,-26.729874,2.2149093,0.7383031,0.128,0.0,0.14466506,24.000359,24.020359,3846400
hardzero_plus_depr__c0p58__z1p05__lam0p020__nu0p50__psi1p00,hardzero_plus_depr,0.01,41,1202,0.0,1,0.45413682,0.45413682,1.0770624,0.0,0.08374091,0.0,0.0,3.699053e-13,-28.205606,2.3695846,0.78986156,0.14400001,0.0,0.17773493,24.020359,24.04036,3849600
hardzero_plus_depr__c0p58__z1p05__lam0p020__nu0p50__psi1p00,hardzero_plus_depr,0.01,41,1203,0.0,1,0.45413682,0.45413682,1.0575573,0.0,0.0875876,0.0,0.0,3.6258054e-13,-27.482317,2.3266726,0.7755575,0.192,0.0,0.14712185,24.04036,24.06036,3852800
hardzero_plus_depr__c0p58__z1p05__lam0p020__nu0p50__psi1p00,hardzero_plus_depr,0.01,41,1204,0.0,1,0.45413682,0.45413682,1.0037661,0.09913657,0.09913657,1.0,3.5233216e-14,3.554008e-13,-26.955532,2.2083294,0.73610985,0.208,0.0,0.15391792,24.06036,24.08036,3856000
hardzero_plus_depr__c0p58__z1p05__lam0p020__nu0p50__psi1p00,hardzero_plus_depr,0.01,41,1205,0.0,1,0.45413682,0.45413682,1.0438833,0.09038922,0.09038922,1.0,3.1488284e-14,3.4836327e-13,-28.18039,2.2965891,0.76552975,0.120000005,0.0,0.16570969,24.08036,24.10036,3859200
hardzero_plus_depr__c0p58__z1p05__lam0p020__nu0p50__psi1p00,hardzero_plus_depr,0.01,41,1206,0.0,1,0.45413682,0.45413682,1.036298,0.09198181,0.09198181,1.0,3.1408575e-14,3.4146506e-13,-27.422764,2.2799013,0.7599671,0.17600001,0.0,0.16394812,24.10036,24.120361,3862400
hardzero_plus_depr__c0p58__z1p05__lam0p020__nu0p50__psi1p00,hardzero_plus_depr,0.01,41,1207,0.0,1,0.45413682,0.45413682,0.99570733,0.100993305,0.100993305,1.0,3.3802805e-14,3.3470343e-13,-26.8145,2.1906,0.7302,0.208,0.0,0.15519351,24.120361,24.140362,3865600
hardzero_plus_depr__c0p58__z1p05__lam0p020__nu0p50__psi1p00,hardzero_plus_depr,0.01,41,1208,0.0,1,0.45413682,0.45413682,1.0764344,0.0,0.08386209,0.0,0.0,3.2807573e-13,-28.306778,2.368203,0.789401,0.208,0.0,0.19699578,24.140362,24.160362,3868800
hardzero_plus_depr__c0p58__z1p05__lam0p020__nu0p50__psi1p00,hardzero_plus_depr,0.01,41,1209,0.0,1,0.45413682,0.45413682,1.0547651,0.0,0.08815256,0.0,0.0,3.2157922e-13,-27.953896,2.3205295,0.77350986,0.16,0.0,0.16928796,24.160362,24.180363,3872000
hardzero_plus_depr__c0p58__z1p05__lam0p020__nu0p50__psi1p00,hardzero_plus_depr,0.01,41,1210,0.0,1,0.45413682,0.45413682,1.1274223,0.0,0.07457232,0.0,0.0,3.152114e-13,-28.964588,2.4803786,0.8267929,0.136,0.0,0.16874571,24.180363,24.200363,3875200
hardzero_plus_depr__c0p58__z1p05__lam0p020__nu0p50__psi1p00,hardzero_plus_depr,0.01,41,1211,0.0,1,0.45413682,0.45413682,1.0018038,0.09958553,0.09958553,1.0,3.0768905e-14,3.0896965e-13,-26.363466,2.2040122,0.73467076,0.28800002,0.0,0.15625748,24.200363,24.220364,3878400
hardzero_plus_depr__c0p58__z1p05__lam0p020__nu0p50__psi1p00,hardzero_plus_depr,0.01,41,1212,0.0,1,0.45413682,0.45413682,1.0631751,0.0,0.08646192,0.0,0.0,3.028515e-13,-27.639975,2.339032,0.77967733,0.14400001,0.0,0.16193894,24.220364,24.240364,3881600
hardzero_plus_depr__c0p58__z1p05__lam0p020__nu0p50__psi1p00,hardzero_plus_depr,0.01,41,1213,0.0,1,0.45413682,0.45413682,1.045042,0.09014839,0.09014839,1.0,2.6760956e-14,2.968545e-13,-28.346825,2.2991383,0.7663795,0.17600001,0.0,0.16369478,24.240364,24.260365,3884800
hardzero_plus_depr__c0p58__z1p05__lam0p020__nu0p50__psi1p00,hardzero_plus_depr,0.01,41,1214,0.0,1,0.45413682,0.45413682,1.0154812,0.09649809,0.09649809,1.0,2.8078653e-14,2.9097625e-13,-27.978897,2.2341032,0.7447011,0.17600001,0.008,0.16730988,24.260365,24.280365,3888000
hardzero_plus_depr__c0p58__z1p05__lam0p020__nu0p50__psi1p00,hardzero_plus_depr,0.01,41,1215,0.0,1,0.45413682,0.45413682,1.0488471,0.08936202,0.08936202,1.0,2.5487337e-14,2.8521442e-13,-27.492191,2.3075097,0.7691699,0.136,0.0,0.14391941,24.280365,24.300365,3891200
hardzero_plus_depr__c0p58__z1p05__lam0p020__nu0p50__psi1p00,hardzero_plus_depr,0.01,41,1216,0.0,1,0.45413682,0.45413682,1.0211751,0.095241204,0.095241204,1.0,2.6626264e-14,2.7956665e-13,-27.059961,2.2466302,0.74887675,0.136,0.0,0.16921395,24.300365,24.320366,3894400
hardzero_plus_depr__c0p58__z1p05__lam0p020__nu0p50__psi1p00,hardzero_plus_depr,0.01,41,1217,0.0,1,0.45413682,0.45413682,1.0302813,0.093265,0.093265,1.0,2.5557476e-14,2.7403074e-13,-26.34705,2.266664,0.7555547,0.192,0.0,0.16477153,24.320366,24.340366,3897600
hardzero_plus_depr__c0p58__z1p05__lam0p020__nu0p50__psi1p00,hardzero_plus_depr,0.01,41,1218,0.0,1,0.45413682,0.45413682,1.0152618,0.09654687,0.09654687,1.0,2.593292e-14,2.6860445e-13,-26.500216,2.2336204,0.74454015,0.112,0.0,0.14674354,24.340366,24.360367,3900800
hardzero_plus_depr__c0p58__z1p05__lam0p020__nu0p50__psi1p00,hardzero_plus_depr,0.01,41,1219,0.0,1,0.45413682,0.45413682,1.0192823,0.09565719,0.09565719,1.0,2.5185161e-14,2.632856e-13,-28.329351,2.242466,0.7474887,0.2,0.0,0.20601675,24.360367,24.380367,3904000
hardzero_plus_depr__c0p58__z1p05__lam0p020__nu0p50__psi1p00,hardzero_plus_depr,0.01,41,1220,0.0,1,0.45413682,0.45413682,1.0172918,0.096096635,0.096096635,1.0,2.4799858e-14,2.5807207e-13,-27.108114,2.2380867,0.7460289,0.17600001,0.0,0.15283127,24.380367,24.400368,3907200
hardzero_plus_depr__c0p58__z1p05__lam0p020__nu0p50__psi1p00,hardzero_plus_depr,0.01,41,1221,0.0,1,0.45413682,0.45413682,1.0722849,0.0,0.084667176,0.0,0.0,2.529618e-13,-28.524057,2.3590739,0.786358,0.096,0.0,0.17162919,24.400368,24.420368,3910400
hardzero_plus_depr__c0p58__z1p05__lam0p020__nu0p50__psi1p00,hardzero_plus_depr,0.01,41,1222,0.0,1,0.45413682,0.45413682,1.0295964,0.09341218,0.09341218,1.0,2.3161803e-14,2.479527e-13,-26.750341,2.2651575,0.7550525,0.22,0.0,0.15411657,24.420368,24.440369,3913600
hardzero_plus_depr__c0p58__z1p05__lam0p020__nu0p50__psi1p00,hardzero_plus_depr,0.01,41,1223,0.0,1,0.45413682,0.45413682,1.0059808,0.09863231,0.09863231,1.0,2.3971874e-14,2.430428e-13,-27.351482,2.213202,0.737734,0.120000005,0.0,0.14473587,24.440369,24.46037,3916800
hardzero_plus_depr__c0p58__z1p05__lam0p020__nu0p50__psi1p00,hardzero_plus_depr,0.01,41,1224,0.0,1,0.45413682,0.45413682,0.9822693,0.10416714,0.10416714,1.0,2.481575e-14,2.3823012e-13,-26.04587,2.1610355,0.7203452,0.16800001,0.0,0.14723513,24.46037,24.48037,3920000
hardzero_plus_depr__c0p58__z1p05__lam0p020__nu0p50__psi1p00,hardzero_plus_depr,0.01,41,1225,0.0,1,0.45413682,0.45413682,1.0036654,0.099159546,0.099159546,1.0,2.315502e-14,2.3351275e-13,-26.714182,2.208108,0.736036,0.14400001,0.0,0.1410407,24.48037,24.50037,3923200
hardzero_plus_depr__c0p58__z1p05__lam0p020__nu0p50__psi1p00,hardzero_plus_depr,0.01,41,1226,0.0,1,0.45413682,0.45413682,1.0567722,0.0,0.08774608,0.0,0.0,2.2888877e-13,-28.043352,2.3249454,0.77498186,0.128,0.0,0.17844996,24.50037,24.52037,3926400
hardzero_plus_depr__c0p58__z1p05__lam0p020__nu0p50__psi1p00,hardzero_plus_depr,0.01,41,1227,0.0,1,0.45413682,0.45413682,1.092392,0.0,0.080836594,0.0,0.0,2.2435638e-13,-28.932243,2.4033103,0.8011035,0.14400001,0.0,0.18933237,24.52037,24.54037,3929600
hardzero_plus_depr__c0p58__z1p05__lam0p020__nu0p50__psi1p00,hardzero_plus_depr,0.01,41,1228,0.0,1,0.45413682,0.45413682,0.98838055,0.102711596,0.102711596,1.0,2.2587689e-14,2.1991371e-13,-26.492002,2.1744807,0.72482693,0.2,0.0,0.13895242,24.54037,24.560371,3932800
hardzero_plus_depr__c0p58__z1p05__lam0p020__nu0p50__psi1p00,hardzero_plus_depr,0.01,41,1229,0.0,1,0.45413682,0.45413682,1.00424,0.099028446,0.099028446,1.0,2.1346475e-14,2.1555903e-13,-27.198414,2.2093723,0.73645747,0.16800001,0.0,0.14325887,24.560371,24.580372,3936000
hardzero_plus_depr__c0p58__z1p05__lam0p020__nu0p50__psi1p00,hardzero_plus_depr,0.01,41,1230,0.0,1,0.45413682,0.45413682,1.0427004,0.090635754,0.090635754,1.0,1.9150482e-14,2.1129058e-13,-27.67948,2.2939868,0.76466227,0.136,0.0,0.16862728,24.580372,24.600372,3939200
hardzero_plus_depr__c0p58__z1p05__lam0p020__nu0p50__psi1p00,hardzero_plus_depr,0.01,41,1231,0.0,1,0.45413682,0.45413682,0.9866827,0.10311391,0.10311391,1.0,2.1355578e-14,2.0710666e-13,-26.273731,2.1707454,0.7235818,0.15200001,0.0,0.14241132,24.600372,24.620373,3942400
hardzero_plus_depr__c0p58__z1p05__lam0p020__nu0p50__psi1p00,hardzero_plus_depr,0.01,41,1232,0.0,1,0.45413682,0.45413682,0.99432725,0.10131477,0.10131477,1.0,2.0567461e-14,2.0300555e-13,-26.82269,2.1875637,0.7291879,0.18400002,0.0,0.15047534,24.620373,24.640373,3945600
hardzero_plus_depr__c0p58__z1p05__lam0p020__nu0p50__psi1p00,hardzero_plus_depr,0.01,41,1233,0.0,1,0.45413682,0.45413682,1.0049115,0.098875456,0.098875456,1.0,1.9674802e-14,1.989857e-13,-26.50759,2.2108495,0.73694986,0.192,0.0,0.15704225,24.640373,24.660374,3948800
hardzero_plus_depr__c0p58__z1p05__lam0p020__nu0p50__psi1p00,hardzero_plus_depr,0.01,41,1234,0.0,1,0.45413682,0.45413682,0.9938578,0.101424344,0.101424344,1.0,1.9782356e-14,1.9504544e-13,-26.325104,2.1865308,0.7288436,0.192,0.0,0.15605152,24.660374,24.680374,3952000
hardzero_plus_depr__c0p58__z1p05__lam0p020__nu0p50__psi1p00,hardzero_plus_depr,0.01,41,1235,0.0,1,0.45413682,0.45413682,1.0528535,0.0,0.08854143,0.0,0.0,1.911832e-13,-27.00866,2.316324,0.772108,0.099999994,0.0,0.1442251,24.680374,24.700375,3955200
hardzero_plus_depr__c0p58__z1p05__lam0p020__nu0p50__psi1p00,hardzero_plus_depr,0.01,41,1236,0.0,1,0.45413682,0.45413682,1.0030277,0.099305265,0.099305265,1.0,1.8609551e-14,1.8739742e-13,-27.094786,2.2067049,0.7355683,0.208,0.008,0.15332022,24.700375,24.720375,3958400
hardzero_plus_depr__c0p58__z1p05__lam0p020__nu0p50__psi1p00,hardzero_plus_depr,0.01,41,1237,0.0,1,0.45413682,0.45413682,1.0553646,0.0,0.08803095,0.0,0.0,1.836866e-13,-28.052784,2.3218486,0.77394956,0.128,0.0,0.19437198,24.720375,24.740376,3961600
hardzero_plus_depr__c0p58__z1p05__lam0p020__nu0p50__psi1p00,hardzero_plus_depr,0.01,41,1238,0.0,1,0.45413682,0.45413682,1.0449115,0.09017548,0.09017548,1.0,1.6236033e-14,1.8004931e-13,-27.508093,2.2988513,0.76628375,0.208,0.008,0.17511275,24.740376,24.760376,3964800
hardzero_plus_depr__c0p58__z1p05__lam0p020__nu0p50__psi1p00,hardzero_plus_depr,0.01,41,1239,0.0,1,0.45413682,0.45413682,1.0198705,0.09552774,0.09552774,1.0,1.6859118e-14,1.76484e-13,-27.378056,2.2437599,0.74792,0.104,0.0,0.14406668,24.760376,24.780376,3968000
hardzero_plus_depr__c0p58__z1p05__lam0p020__nu0p50__psi1p00,hardzero_plus_depr,0.01,41,1240,0.0,1,0.45413682,0.45413682,1.0556208,0.0,0.08797904,0.0,0.0,1.7298931e-13,-27.46311,2.322412,0.7741374,0.18400002,0.0,0.16915268,24.780376,24.800377,3971200
hardzero_plus_depr__c0p58__z1p05__lam0p020__nu0p50__psi1p00,hardzero_plus_depr,0.01,41,1241,0.0,1,0.45413682,0.45413682,1.0103205,0.097651616,0.097651616,1.0,1.655818e-14,1.695638e-13,-27.313236,2.2227495,0.7409165,0.120000005,0.0,0.15309927,24.800377,24.820377,3974400
hardzero_plus_depr__c0p58__z1p05__lam0p020__nu0p50__psi1p00,hardzero_plus_depr,0.01,41,1242,0.0,1,0.45413682,0.45413682,1.0430728,0.090558074,0.090558074,1.0,1.5051308e-14,1.6620615e-13,-27.222233,2.294806,0.7649354,0.15200001,0.0,0.15799493,24.820377,24.840378,3977600
hardzero_plus_depr__c0p58__z1p05__lam0p020__nu0p50__psi1p00,hardzero_plus_depr,0.01,41,1243,0.0,1,0.45413682,0.45413682,0.98838055,0.102711596,0.102711596,1.0,1.6733256e-14,1.6291497e-13,-26.077848,2.1744807,0.72482693,0.120000005,0.0,0.16034044,24.840378,24.860378,3980800
hardzero_plus_depr__c0p58__z1p05__lam0p020__nu0p50__psi1p00,hardzero_plus_depr,0.01,41,1244,0.0,1,0.45413682,0.45413682,1.055131,0.0,0.08807831,0.0,0.0,1.5968895e-13,-27.874372,2.3213344,0.77377814,0.17600001,0.0,0.15737137,24.860378,24.880379,3984000
hardzero_plus_depr__c0p58__z1p05__lam0p020__nu0p50__psi1p00,hardzero_plus_depr,0.01,41,1245,0.0,1,0.45413682,0.45413682,0.99976844,0.10005332,0.10005332,1.0,1.566103e-14,1.5652684e-13,-27.603277,2.1995344,0.73317814,0.16800001,0.0,0.15948583,24.880379,24.90038,3987200
hardzero_plus_depr__c0p58__z1p05__lam0p020__nu0p50__psi1p00,hardzero_plus_depr,0.01,41,1246,0.0,1,0.45413682,0.45413682,1.0222199,0.09501235,0.09501235,1.0,1.4577491e-14,1.5342733e-13,-26.657738,2.2489288,0.74964297,0.120000005,0.0,0.1664356,24.90038,24.92038,3990400
hardzero_plus_depr__c0p58__z1p05__lam0p020__nu0p50__psi1p00,hardzero_plus_depr,0.01,41,1247,0.0,1,0.45413682,0.45413682,1.0173116,0.096092254,0.096092254,1.0,1.4451236e-14,1.5038918e-13,-26.871572,2.23813,0.7460434,0.14400001,0.0,0.15714392,24.92038,24.94038,3993600
hardzero_plus_depr__c0p58__z1p05__lam0p020__nu0p50__psi1p00,hardzero_plus_depr,0.01,41,1248,0.0,1,0.45413682,0.45413682,1.0037179,0.099147566,0.099147566,1.0,1.4615464e-14,1.4741122e-13,-26.089836,2.2082236,0.73607457,0.14,0.0,0.13634019,24.94038,24.96038,3996800
hardzero_plus_depr__c0p58__z1p05__lam0p020__nu0p50__psi1p00,hardzero_plus_depr,0.01,41,1249,0.0,1,0.45413682,0.45413682,1.0425067,0.09067619,0.09067619,1.0,1.3102002e-14,1.444922e-13,-28.060936,2.2935605,0.76452017,0.104,0.0,0.16615969,24.96038,24.980381,4000000
