mechanism_tag,mechanism,alpha,seed,update,update_u,update_counter,energy_E_pre,energy_E_post,funding_z,funding_g,funding_g_raw,funding_cut_active,funding_income,funding_alpha_eff,episode_return_end_mean,terminal_min_dists_end_mean,terminal_dbar_end,terminal_occupied_end_mean,terminal_CSR_train,vartd_VarTD,depr_F,depr_F_post,env_steps
hardzero_only__c0p50__z1p10__lam0p000__nu0p50__psi0p00,hardzero_only,0.01,33,0,1.0,1,1.0,0.50087297,1.0589974,0.08729765,0.08729765,1.0,0.00087297644,0.01,-27.979776,2.329841,0.77661365,0.13,0.0,0.16999096,0.0,0.0,3200
hardzero_only__c0p50__z1p10__lam0p000__nu0p50__psi0p00,hardzero_only,0.01,33,1,1.0,2,0.50087297,0.0017997813,1.0330085,0.09268118,0.09268118,1.0,0.0009268118,0.01,-27.69807,2.272664,0.7575547,0.136,0.0,0.17679247,0.0,0.0,6400
hardzero_only__c0p50__z1p10__lam0p000__nu0p50__psi0p00,hardzero_only,0.01,33,2,0.0,2,0.0017997813,0.0026899765,1.0505148,0.08901951,0.08901951,1.0,0.0008901951,0.01,-27.952003,2.3111787,0.7703929,0.16800001,0.0,0.16731907,0.0,0.0,9600
hardzero_only__c0p50__z1p10__lam0p000__nu0p50__psi0p00,hardzero_only,0.01,33,3,0.0,2,0.0026899765,0.0035799798,1.0506083,0.089000344,0.089000344,1.0,0.0008900034,0.01,-27.443235,2.3113844,0.7704615,0.14400001,0.0,0.15314642,0.0,0.0,12800
hardzero_only__c0p50__z1p10__lam0p000__nu0p50__psi0p00,hardzero_only,0.01,33,4,0.0,2,0.0035799798,0.0046498394,0.970673,0.106985986,0.106985986,1.0,0.0010698598,0.01,-25.987635,2.1355233,0.7118411,0.14400001,0.0,0.15768073,0.0,0.0,16000
hardzero_only__c0p50__z1p10__lam0p000__nu0p50__psi0p00,hardzero_only,0.01,33,5,0.0,2,0.0046498394,0.00570241,0.9777488,0.105257034,0.105257034,1.0,0.0010525703,0.01,-26.947248,2.1510904,0.71703017,0.16800001,0.0,0.15154453,0.0,0.0,19200
hardzero_only__c0p50__z1p10__lam0p000__nu0p50__psi0p00,hardzero_only,0.01,33,6,0.0,2,0.00570241,0.0067187934,0.9929424,0.10163836,0.10163836,1.0,0.0010163836,0.01,-27.154848,2.184517,0.7281723,0.16800001,0.0,0.12973101,0.0,0.0,22400
hardzero_only__c0p50__z1p10__lam0p000__nu0p50__psi0p00,hardzero_only,0.01,33,7,0.0,2,0.0067187934,0.0076986966,1.0088168,0.097990304,0.097990304,1.0,0.000979903,0.01,-26.980923,2.2194414,0.7398138,0.2,0.0,0.1656778,0.0,0.0,25600
hardzero_only__c0p50__z1p10__lam0p000__nu0p50__psi0p00,hardzero_only,0.01,33,8,0.0,2,0.0076986966,0.008688664,1.0043792,0.09899672,0.09899672,1.0,0.0009899671,0.01,-27.87745,2.2096782,0.7365594,0.224,0.0,0.18064265,0.0,0.0,28800
hardzero_only__c0p50__z1p10__lam0p000__nu0p50__psi0p00,hardzero_only,0.01,33,9,0.0,2,0.008688664,0.009793452,0.9567212,0.110478766,0.110478766,1.0,0.0011047877,0.01,-26.785126,2.1048286,0.70160955,0.192,0.0,0.15820368,0.0,0.0,32000
hardzero_only__c0p50__z1p10__lam0p000__nu0p50__psi0p00,hardzero_only,0.01,33,10,0.0,2,0.009793452,0.010819197,0.9889608,0.10257446,0.10257446,1.0,0.0010257446,0.01,-28.05503,2.1757572,0.7252524,0.17600001,0.0,0.1510921,0.0,0.0,35200
hardzero_only__c0p50__z1p10__lam0p000__nu0p50__psi0p00,hardzero_only,0.01,33,11,0.0,2,0.010819197,0.011900996,0.9658533,0.108179934,0.108179934,1.0,0.0010817993,0.01,-25.620966,2.1249197,0.70830655,0.17600001,0.0,0.14389065,0.0,0.0,38400
hardzero_only__c0p50__z1p10__lam0p000__nu0p50__psi0p00,hardzero_only,0.01,33,12,0.0,2,0.011900996,0.012885828,1.006638,0.09848314,0.09848314,1.0,0.0009848314,0.01,-26.899906,2.214648,0.73821604,0.17600001,0.0,0.1731246,0.0,0.0,41600
hardzero_only__c0p50__z1p10__lam0p000__nu0p50__psi0p00,hardzero_only,0.01,33,13,0.0,2,0.012885828,0.013848227,1.0166444,0.09624,0.09624,1.0,0.0009624,0.01,-27.059156,2.2366621,0.7455541,0.17,0.0,0.16333143,0.0,0.0,44800
hardzero_only__c0p50__z1p10__lam0p000__nu0p50__psi0p00,hardzero_only,0.01,33,14,0.0,2,0.013848227,0.014938694,0.9623874,0.10904672,0.10904672,1.0,0.0010904672,0.01,-26.250668,2.1172945,0.7057649,0.224,0.0,0.13203003,0.0,0.0,48000
hardzero_only__c0p50__z1p10__lam0p000__nu0p50__psi0p00,hardzero_only,0.01,33,15,0.0,2,0.014938694,0.01581509,1.0572994,0.08763964,0.08763964,1.0,0.00087639637,0.01,-27.63096,2.326105,0.7753684,0.096,0.0,0.13908991,0.0,0.0,51200
hardzero_only__c0p50__z1p10__lam0p000__nu0p50__psi0p00,hardzero_only,0.01,33,16,0.0,2,0.01581509,0.01688672,0.96995485,0.107163064,0.107163064,1.0,0.0010716306,0.01,-26.357967,2.1339433,0.71131444,0.17600001,0.0,0.17075779,0.0,0.0,54400
hardzero_only__c0p50__z1p10__lam0p000__nu0p50__psi0p00,hardzero_only,0.01,33,17,0.0,2,0.01688672,0.017789837,1.0442561,0.090311676,0.090311676,1.0,0.0009031167,0.01,-28.161463,2.2974093,0.7658031,0.120000005,0.0,0.17427196,0.0,0.0,57600
hardzero_only__c0p50__z1p10__lam0p000__nu0p50__psi0p00,hardzero_only,0.01,33,18,0.0,2,0.017789837,0.018684966,1.0481142,0.089512944,0.089512944,1.0,0.0008951294,0.01,-27.502838,2.3058972,0.7686324,0.18400002,0.0,0.13677971,0.0,0.0,60800
hardzero_only__c0p50__z1p10__lam0p000__nu0p50__psi0p00,hardzero_only,0.01,33,19,0.0,2,0.018684966,0.019758042,0.96937,0.107307486,0.107307486,1.0,0.0010730749,0.01,-26.137745,2.1326566,0.7108855,0.136,0.0,0.15169962,0.0,0.0,64000
hardzero_only__c0p50__z1p10__lam0p000__nu0p50__psi0p00,hardzero_only,0.01,33,20,0.0,2,0.019758042,0.020853385,0.9604495,0.109534375,0.109534375,1.0,0.0010953437,0.01,-25.192532,2.1130311,0.70434374,0.192,0.0,0.13617821,0.0,0.0,67200
hardzero_only__c0p50__z1p10__lam0p000__nu0p50__psi0p00,hardzero_only,0.01,33,21,0.0,2,0.020853385,0.02176253,1.0413675,0.090914354,0.090914354,1.0,0.00090914353,0.01,-27.731096,2.2910542,0.76368475,0.072000004,0.0,0.13718028,0.0,0.0,70400
hardzero_only__c0p50__z1p10__lam0p000__nu0p50__psi0p00,hardzero_only,0.01,33,22,0.0,2,0.02176253,0.022752449,1.0044003,0.0989919,0.0989919,1.0,0.000989919,0.01,-26.584553,2.2097247,0.7365749,0.16800001,0.0,0.13905774,0.0,0.0,73600
hardzero_only__c0p50__z1p10__lam0p000__nu0p50__psi0p00,hardzero_only,0.01,33,23,0.0,2,0.022752449,0.023792537,0.98292965,0.10400886,0.10400886,1.0,0.0010400886,0.01,-25.895376,2.1624885,0.7208295,0.15200001,0.0,0.14075631,0.0,0.0,76800
hardzero_only__c0p50__z1p10__lam0p000__nu0p50__psi0p00,hardzero_only,0.01,33,24,0.0,2,0.023792537,0.024760624,1.0140855,0.09680872,0.09680872,1.0,0.0009680872,0.01,-26.727448,2.2310326,0.74367756,0.2,0.0,0.1379082,0.0,0.0,80000
hardzero_only__c0p50__z1p10__lam0p000__nu0p50__psi0p00,hardzero_only,0.01,33,25,0.0,2,0.024760624,0.025849104,0.9631798,0.10884793,0.10884793,1.0,0.0010884793,0.01,-26.608364,2.1190379,0.706346,0.296,0.0,0.1509236,0.0,0.0,83200
hardzero_only__c0p50__z1p10__lam0p000__nu0p50__psi0p00,hardzero_only,0.01,33,26,0.0,2,0.025849104,0.026974661,0.9486323,0.11255575,0.11255575,1.0,0.0011255575,0.01,-26.000113,2.0870328,0.69567764,0.19,0.0,0.13929802,0.0,0.0,86400
hardzero_only__c0p50__z1p10__lam0p000__nu0p50__psi0p00,hardzero_only,0.01,33,27,0.0,2,0.026974661,0.028071972,0.95967025,0.10973109,0.10973109,1.0,0.0010973109,0.01,-26.502396,2.1113167,0.70377225,0.14400001,0.0,0.14926586,0.0,0.0,89600
hardzero_only__c0p50__z1p10__lam0p000__nu0p50__psi0p00,hardzero_only,0.01,33,28,0.0,2,0.028071972,0.029193697,0.95011353,0.11217253,0.11217253,1.0,0.0011217253,0.01,-26.462494,2.0902915,0.6967639,0.15200001,0.0,0.11983779,0.0,0.0,92800
hardzero_only__c0p50__z1p10__lam0p000__nu0p50__psi0p00,hardzero_only,0.01,33,29,0.0,2,0.029193697,0.03031616,0.94982886,0.112246074,0.112246074,1.0,0.0011224607,0.01,-26.539717,2.0896652,0.6965551,0.15200001,0.0,0.1420845,0.0,0.0,96000
hardzero_only__c0p50__z1p10__lam0p000__nu0p50__psi0p00,hardzero_only,0.01,33,30,0.0,2,0.03031616,0.03146008,0.9416043,0.11439199,0.11439199,1.0,0.0011439199,0.01,-25.909138,2.0715709,0.6905236,0.23200001,0.0,0.11361921,0.0,0.0,99200
hardzero_only__c0p50__z1p10__lam0p000__nu0p50__psi0p00,hardzero_only,0.01,33,31,0.0,2,0.03146008,0.0326098,0.9394075,0.114972085,0.114972085,1.0,0.0011497209,0.01,-26.26107,2.066738,0.68891263,0.17600001,0.008,0.114394486,0.0,0.0,102400
hardzero_only__c0p50__z1p10__lam0p000__nu0p50__psi0p00,hardzero_only,0.01,33,32,0.0,2,0.0326098,0.033811063,0.92036253,0.12012612,0.12012612,1.0,0.0012012612,0.01,-25.675499,2.024838,0.674946,0.208,0.0,0.1659257,0.0,0.0,105600
hardzero_only__c0p50__z1p10__lam0p000__nu0p50__psi0p00,hardzero_only,0.01,33,33,0.0,2,0.033811063,0.03502446,0.915997,0.12133971,0.12133971,1.0,0.001213397,0.01,-25.217302,2.0152338,0.6717446,0.224,0.0,0.13206193,0.0,0.0,108800
hardzero_only__c0p50__z1p10__lam0p000__nu0p50__psi0p00,hardzero_only,0.01,33,34,0.0,2,0.03502446,0.035954997,1.0312667,0.09305362,0.09305362,1.0,0.00093053613,0.01,-27.23934,2.268832,0.7562773,0.14400001,0.0,0.13961968,0.0,0.0,112000
hardzero_only__c0p50__z1p10__lam0p000__nu0p50__psi0p00,hardzero_only,0.01,33,35,0.0,2,0.035954997,0.03692969,1.011132,0.09746933,0.09746933,1.0,0.0009746933,0.01,-27.223047,2.2245347,0.7415116,0.15200001,0.0,0.14423609,0.0,0.0,115200
hardzero_only__c0p50__z1p10__lam0p000__nu0p50__psi0p00,hardzero_only,0.01,33,36,0.0,2,0.03692969,0.037766907,1.0771605,0.08372198,0.08372198,1.0,0.00083721976,0.01,-28.980997,2.3698003,0.78993344,0.17600001,0.0,0.18518154,0.0,0.0,118400
hardzero_only__c0p50__z1p10__lam0p000__nu0p50__psi0p00,hardzero_only,0.01,33,37,0.0,2,0.037766907,0.038698673,1.0306926,0.093176715,0.093176715,1.0,0.0009317671,0.01,-28.103977,2.2675688,0.7558563,0.16800001,0.0,0.18224636,0.0,0.0,121600
hardzero_only__c0p50__z1p10__lam0p000__nu0p50__psi0p00,hardzero_only,0.01,33,38,0.0,2,0.038698673,0.039631996,1.0299683,0.093332246,0.093332246,1.0,0.0009333224,0.01,-27.372025,2.2659755,0.7553252,0.14400001,0.0,0.20966123,0.0,0.0,124800
hardzero_only__c0p50__z1p10__lam0p000__nu0p50__psi0p00,hardzero_only,0.01,33,39,0.0,2,0.039631996,0.04063262,0.99972963,0.100062266,0.100062266,1.0,0.0010006226,0.01,-26.70358,2.199449,0.7331497,0.24,0.0,0.16931273,0.0,0.0,128000
hardzero_only__c0p50__z1p10__lam0p000__nu0p50__psi0p00,hardzero_only,0.01,33,40,0.0,2,0.04063262,0.041651938,0.9916903,0.101931795,0.101931795,1.0,0.0010193179,0.01,-26.900244,2.1817622,0.7272541,0.136,0.0,0.1389998,0.0,0.0,131200
hardzero_only__c0p50__z1p10__lam0p000__nu0p50__psi0p00,hardzero_only,0.01,33,41,0.0,2,0.041651938,0.042505037,1.0690006,0.085309885,0.085309885,1.0,0.0008530988,0.01,-27.814838,2.3518484,0.7839495,0.096,0.0,0.16619934,0.0,0.0,134400
hardzero_only__c0p50__z1p10__lam0p000__nu0p50__psi0p00,hardzero_only,0.01,33,42,0.0,2,0.042505037,0.043343175,1.0766836,0.08381396,0.08381396,1.0,0.00083813956,0.01,-28.583174,2.3687513,0.7895838,0.15200001,0.0,0.18295176,0.0,0.0,137600
hardzero_only__c0p50__z1p10__lam0p000__nu0p50__psi0p00,hardzero_only,0.01,33,43,0.0,2,0.043343175,0.044356212,0.9943753,0.10130356,0.10130356,1.0,0.0010130357,0.01,-26.184357,2.1876693,0.72922313,0.16000001,0.008,0.14363763,0.0,0.0,140800
hardzero_only__c0p50__z1p10__lam0p000__nu0p50__psi0p00,hardzero_only,0.01,33,44,0.0,2,0.044356212,0.045311213,1.019997,0.09549991,0.09549991,1.0,0.00095499906,0.01,-27.048157,2.244038,0.7480127,0.15200001,0.0,0.14658754,0.0,0.0,144000
hardzero_only__c0p50__z1p10__lam0p000__nu0p50__psi0p00,hardzero_only,0.01,33,45,0.0,2,0.045311213,0.04637656,0.97250926,0.1065346,0.1065346,1.0,0.001065346,0.01,-26.370647,2.139563,0.7131877,0.18400002,0.0,0.11673711,0.0,0.0,147200
hardzero_only__c0p50__z1p10__lam0p000__nu0p50__psi0p00,hardzero_only,0.01,33,46,0.0,2,0.04637656,0.04735801,1.0081322,0.098144904,0.098144904,1.0,0.000981449,0.01,-26.69612,2.217935,0.7393117,0.208,0.0,0.16405126,0.0,0.0,150400
hardzero_only__c0p50__z1p10__lam0p000__nu0p50__psi0p00,hardzero_only,0.01,33,47,0.0,2,0.04735801,0.048326302,1.0139933,0.09682929,0.09682929,1.0,0.0009682929,0.01,-26.099344,2.2308297,0.7436099,0.136,0.0,0.17374086,0.0,0.0,153600
hardzero_only__c0p50__z1p10__lam0p000__nu0p50__psi0p00,hardzero_only,0.01,33,48,0.0,2,0.048326302,0.049357474,0.9866689,0.10311718,0.10311718,1.0,0.0010311718,0.01,-27.845442,2.1707149,0.72357166,0.14400001,0.0,0.14067206,0.0,0.0,156800
hardzero_only__c0p50__z1p10__lam0p000__nu0p50__psi0p00,hardzero_only,0.01,33,49,0.0,2,0.049357474,0.05044103,0.96514845,0.108355634,0.108355634,1.0,0.0010835563,0.01,-26.60261,2.123369,0.70778966,0.23200001,0.0,0.15611838,0.0,0.0,160000
hardzero_only__c0p50__z1p10__lam0p000__nu0p50__psi0p00,hardzero_only,0.01,33,50,0.0,2,0.05044103,0.05131444,1.0587829,0.08734079,0.08734079,1.0,0.0008734079,0.01,-28.230072,2.329369,0.77645636,0.136,0.0,0.16995576,0.0,0.0,163200
hardzero_only__c0p50__z1p10__lam0p000__nu0p50__psi0p00,hardzero_only,0.01,33,51,0.0,2,0.05131444,0.052277822,1.0162004,0.09633842,0.09633842,1.0,0.00096338417,0.01,-27.826982,2.2356856,0.7452285,0.192,0.0,0.18503034,0.0,0.0,166400
hardzero_only__c0p50__z1p10__lam0p000__nu0p50__psi0p00,hardzero_only,0.01,33,52,0.0,2,0.052277822,0.05324337,1.0152258,0.09655487,0.09655487,1.0,0.0009655487,0.01,-27.12514,2.2335413,0.74451375,0.16,0.0,0.13143574,0.0,0.0,169600
hardzero_only__c0p50__z1p10__lam0p000__nu0p50__psi0p00,hardzero_only,0.01,33,53,0.0,2,0.05324337,0.054288954,0.9806401,0.10455863,0.10455863,1.0,0.0010455863,0.01,-27.040178,2.1574514,0.7191505,0.224,0.0,0.14422105,0.0,0.0,172800
hardzero_only__c0p50__z1p10__lam0p000__nu0p50__psi0p00,hardzero_only,0.01,33,54,0.0,2,0.054288954,0.055413865,0.94888115,0.11249129,0.11249129,1.0,0.0011249129,0.01,-25.931028,2.0875802,0.6958601,0.208,0.0,0.12785007,0.0,0.0,176000
hardzero_only__c0p50__z1p10__lam0p000__nu0p50__psi0p00,hardzero_only,0.01,33,55,0.0,2,0.055413865,0.056391392,1.0098712,0.09775269,0.09775269,1.0,0.0009775269,0.01,-26.510283,2.2217612,0.7405871,0.15200001,0.0,0.15595812,0.0,0.0,179200
hardzero_only__c0p50__z1p10__lam0p000__nu0p50__psi0p00,hardzero_only,0.01,33,56,0.0,2,0.056391392,0.05741564,0.9895941,0.10242497,0.10242497,1.0,0.0010242497,0.01,-26.582287,2.1771505,0.7257168,0.15200001,0.0,0.12971206,0.0,0.0,182400
hardzero_only__c0p50__z1p10__lam0p000__nu0p50__psi0p00,hardzero_only,0.01,33,57,0.0,2,0.05741564,0.058366694,1.0217961,0.09510512,0.09510512,1.0,0.0009510512,0.01,-27.332468,2.2479963,0.74933213,0.104,0.0,0.13811383,0.0,0.0,185600
hardzero_only__c0p50__z1p10__lam0p000__nu0p50__psi0p00,hardzero_only,0.01,33,58,0.0,2,0.058366694,0.059331752,1.015447,0.09650571,0.09650571,1.0,0.00096505706,0.01,-27.101355,2.234028,0.74467605,0.136,0.0,0.14285077,0.0,0.0,188800
hardzero_only__c0p50__z1p10__lam0p000__nu0p50__psi0p00,hardzero_only,0.01,33,59,0.0,2,0.059331752,0.060400356,0.9711828,0.106860496,0.106860496,1.0,0.001068605,0.01,-26.428574,2.1366448,0.71221495,0.136,0.0,0.11685874,0.0,0.0,192000
hardzero_only__c0p50__z1p10__lam0p000__nu0p50__psi0p00,hardzero_only,0.01,33,60,0.0,2,0.060400356,0.0614201,0.99150836,0.1019745,0.1019745,1.0,0.001019745,0.01,-26.177006,2.181362,0.72712064,0.224,0.0,0.1503789,0.0,0.0,195200
hardzero_only__c0p50__z1p10__lam0p000__nu0p50__psi0p00,hardzero_only,0.01,33,61,0.0,2,0.0614201,0.06259989,0.92819476,0.117979124,0.117979124,1.0,0.0011797912,0.01,-25.350086,2.0420692,0.68068975,0.224,0.0,0.110934325,0.0,0.0,198400
hardzero_only__c0p50__z1p10__lam0p000__nu0p50__psi0p00,hardzero_only,0.01,33,62,0.0,2,0.06259989,0.06356391,1.0159138,0.09640201,0.09640201,1.0,0.0009640201,0.01,-27.104586,2.235055,0.74501836,0.18400002,0.0,0.16024423,0.0,0.0,201600
hardzero_only__c0p50__z1p10__lam0p000__nu0p50__psi0p00,hardzero_only,0.01,33,63,0.0,2,0.06356391,0.06462828,0.9729072,0.10643703,0.10643703,1.0,0.0010643703,0.01,-26.718676,2.1404386,0.7134795,0.18400002,0.0,0.14644843,0.0,0.0,204800
hardzero_only__c0p50__z1p10__lam0p000__nu0p50__psi0p00,hardzero_only,0.01,33,64,0.0,2,0.06462828,0.06548224,1.0685647,0.08539556,0.08539556,1.0,0.0008539556,0.01,-28.328846,2.3508892,0.7836298,0.120000005,0.0,0.18185216,0.0,0.0,208000
hardzero_only__c0p50__z1p10__lam0p000__nu0p50__psi0p00,hardzero_only,0.01,33,65,0.0,2,0.06548224,0.066544846,0.97362566,0.10626112,0.10626112,1.0,0.0010626111,0.01,-26.9341,2.1420193,0.7140064,0.14,0.0,0.14730485,0.0,0.0,211200
hardzero_only__c0p50__z1p10__lam0p000__nu0p50__psi0p00,hardzero_only,0.01,33,66,0.0,2,0.066544846,0.0675447,1.0000638,0.09998531,0.09998531,1.0,0.000999853,0.01,-27.26995,2.2001843,0.7333948,0.120000005,0.0,0.13156317,0.0,0.0,214400
hardzero_only__c0p50__z1p10__lam0p000__nu0p50__psi0p00,hardzero_only,0.01,33,67,0.0,2,0.0675447,0.068644226,0.9587943,0.10995264,0.10995264,1.0,0.0010995264,0.01,-25.98062,2.1093895,0.7031299,0.14400001,0.0,0.122648016,0.0,0.0,217600
hardzero_only__c0p50__z1p10__lam0p000__nu0p50__psi0p00,hardzero_only,0.01,33,68,0.0,2,0.068644226,0.069545135,1.0453178,0.09009118,0.09009118,1.0,0.00090091175,0.01,-26.688282,2.299745,0.7665817,0.120000005,0.0,0.15414377,0.0,0.0,220800
hardzero_only__c0p50__z1p10__lam0p000__nu0p50__psi0p00,hardzero_only,0.01,33,69,0.0,2,0.069545135,0.07048299,1.0278648,0.09378538,0.09378538,1.0,0.0009378538,0.01,-27.686138,2.2613478,0.75378263,0.15200001,0.0,0.16673157,0.0,0.0,224000
hardzero_only__c0p50__z1p10__lam0p000__nu0p50__psi0p00,hardzero_only,0.01,33,70,0.0,2,0.07048299,0.071532905,0.97884554,0.10499156,0.10499156,1.0,0.0010499156,0.01,-26.91749,2.1535032,0.7178344,0.14400001,0.0,0.1498776,0.0,0.0,227200
hardzero_only__c0p50__z1p10__lam0p000__nu0p50__psi0p00,hardzero_only,0.01,33,71,0.0,2,0.071532905,0.07257098,0.9837728,0.10380713,0.10380713,1.0,0.0010380712,0.01,-27.022306,2.1643434,0.7214478,0.2,0.0,0.14055926,0.0,0.0,230400
hardzero_only__c0p50__z1p10__lam0p000__nu0p50__psi0p00,hardzero_only,0.01,33,72,0.0,2,0.07257098,0.07349036,1.0365039,0.09193823,0.09193823,1.0,0.00091938226,0.01,-28.265083,2.2803543,0.7601181,0.14400001,0.0,0.12246171,0.0,0.0,233600
hardzero_only__c0p50__z1p10__lam0p000__nu0p50__psi0p00,hardzero_only,0.01,33,73,0.0,2,0.07349036,0.07475386,0.89842385,0.12635025,0.12635025,1.0,0.0012635025,0.01,-24.957535,1.9765719,0.65885735,0.24000001,0.0,0.13037226,0.0,0.0,236800
hardzero_only__c0p50__z1p10__lam0p000__nu0p50__psi0p00,hardzero_only,0.01,33,74,0.0,2,0.07475386,0.07586254,0.9551926,0.11086829,0.11086829,1.0,0.0011086828,0.01,-26.145937,2.1014657,0.70048857,0.14400001,0.0,0.13511778,0.0,0.0,240000
hardzero_only__c0p50__z1p10__lam0p000__nu0p50__psi0p00,hardzero_only,0.01,33,75,0.0,2,0.07586254,0.07679599,1.0299122,0.093344286,0.093344286,1.0,0.00093344285,0.01,-27.278486,2.2658522,0.7552841,0.136,0.0,0.1666467,0.0,0.0,243200
hardzero_only__c0p50__z1p10__lam0p000__nu0p50__psi0p00,hardzero_only,0.01,33,76,0.0,2,0.07679599,0.07777346,1.0098968,0.09774695,0.09774695,1.0,0.0009774695,0.01,-27.560781,2.2218173,0.7406058,0.16000001,0.0,0.1290687,0.0,0.0,246400
hardzero_only__c0p50__z1p10__lam0p000__nu0p50__psi0p00,hardzero_only,0.01,33,77,0.0,2,0.07777346,0.07893002,0.9368325,0.11565583,0.11565583,1.0,0.0011565583,0.01,-25.478535,2.0610726,0.68702424,0.136,0.0,0.14832899,0.0,0.0,249600
hardzero_only__c0p50__z1p10__lam0p000__nu0p50__psi0p00,hardzero_only,0.01,33,78,0.0,2,0.07893002,0.07989925,1.0135732,0.09692299,0.09692299,1.0,0.0009692299,0.01,-27.662685,2.2299056,0.74330187,0.16,0.0,0.16779013,0.0,0.0,252800
hardzero_only__c0p50__z1p10__lam0p000__nu0p50__psi0p00,hardzero_only,0.01,33,79,0.0,2,0.07989925,0.08085476,1.0197663,0.09555065,0.09555065,1.0,0.00095550646,0.01,-27.772291,2.2435308,0.7478436,0.2,0.0,0.16251996,0.0,0.0,256000
hardzero_only__c0p50__z1p10__lam0p000__nu0p50__psi0p00,hardzero_only,0.01,33,80,0.0,2,0.08085476,0.08190174,0.980062,0.104697905,0.104697905,1.0,0.001046979,0.01,-26.52172,2.1561794,0.7187265,0.256,0.0,0.13723195,0.0,0.0,259200
hardzero_only__c0p50__z1p10__lam0p000__nu0p50__psi0p00,hardzero_only,0.01,33,81,0.0,2,0.08190174,0.082890235,1.0050241,0.09884983,0.09884983,1.0,0.0009884983,0.01,-27.309565,2.2110972,0.7370324,0.17600001,0.0,0.1445499,0.0,0.0,262400
hardzero_only__c0p50__z1p10__lam0p000__nu0p50__psi0p00,hardzero_only,0.01,33,82,0.0,2,0.082890235,0.08393755,0.97992253,0.10473153,0.10473153,1.0,0.0010473153,0.01,-26.810673,2.1558726,0.71862423,0.16000001,0.0,0.14005573,0.0,0.0,265600
hardzero_only__c0p50__z1p10__lam0p000__nu0p50__psi0p00,hardzero_only,0.01,33,83,0.0,2,0.08393755,0.085009255,0.9699256,0.10717029,0.10717029,1.0,0.0010717029,0.01,-26.25809,2.133879,0.711293,0.15200001,0.0,0.1467489,0.0,0.0,268800
hardzero_only__c0p50__z1p10__lam0p000__nu0p50__psi0p00,hardzero_only,0.01,33,84,0.0,2,0.085009255,0.0858761,1.0620567,0.086684875,0.086684875,1.0,0.00086684874,0.01,-27.199814,2.3365712,0.7788571,0.18400002,0.0,0.13747549,0.0,0.0,272000
hardzero_only__c0p50__z1p10__lam0p000__nu0p50__psi0p00,hardzero_only,0.01,33,85,0.0,2,0.0858761,0.086840525,1.0157312,0.096442565,0.096442565,1.0,0.0009644256,0.01,-28.021431,2.2346532,0.74488443,0.16000001,0.0,0.15333891,0.0,0.0,275200
hardzero_only__c0p50__z1p10__lam0p000__nu0p50__psi0p00,hardzero_only,0.01,33,86,0.0,2,0.086840525,0.08787455,0.98546976,0.1034023,0.1034023,1.0,0.001034023,0.01,-26.843534,2.1680768,0.72269225,0.136,0.0,0.14654155,0.0,0.0,278400
hardzero_only__c0p50__z1p10__lam0p000__nu0p50__psi0p00,hardzero_only,0.01,33,87,0.0,2,0.08787455,0.08877561,1.045245,0.09010626,0.09010626,1.0,0.00090106257,0.01,-27.45854,2.299585,0.76652837,0.14400001,0.0,0.15951839,0.0,0.0,281600
hardzero_only__c0p50__z1p10__lam0p000__nu0p50__psi0p00,hardzero_only,0.01,33,88,0.0,2,0.08877561,0.089665405,1.0507116,0.08897917,0.08897917,1.0,0.0008897917,0.01,-27.947174,2.3116117,0.77053726,0.128,0.0,0.17217027,0.0,0.0,284800
hardzero_only__c0p50__z1p10__lam0p000__nu0p50__psi0p00,hardzero_only,0.01,33,89,0.0,2,0.089665405,0.09058038,1.038592,0.09149725,0.09149725,1.0,0.00091497245,0.01,-27.233553,2.284948,0.76164937,0.192,0.0,0.16056119,0.0,0.0,288000
hardzero_only__c0p50__z1p10__lam0p000__nu0p50__psi0p00,hardzero_only,0.01,33,90,0.0,2,0.09058038,0.09154001,1.0178986,0.095962465,0.095962465,1.0,0.00095962465,0.01,-27.47275,2.2394216,0.7464739,0.16800001,0.0,0.17217751,0.0,0.0,291200
hardzero_only__c0p50__z1p10__lam0p000__nu0p50__psi0p00,hardzero_only,0.01,33,91,0.0,2,0.09154001,0.092495754,1.019659,0.09557426,0.09557426,1.0,0.00095574255,0.01,-27.0756,2.2432947,0.74776495,0.17999999,0.0,0.15867905,0.0,0.0,294400
hardzero_only__c0p50__z1p10__lam0p000__nu0p50__psi0p00,hardzero_only,0.01,33,92,0.0,2,0.092495754,0.09352046,0.9894012,0.10247047,0.10247047,1.0,0.0010247047,0.01,-26.90474,2.176726,0.7255754,0.15200001,0.0,0.14447193,0.0,0.0,297600
hardzero_only__c0p50__z1p10__lam0p000__nu0p50__psi0p00,hardzero_only,0.01,33,93,0.0,2,0.09352046,0.09453361,0.99432683,0.101314865,0.101314865,1.0,0.0010131486,0.01,-27.49701,2.1875627,0.7291876,0.136,0.0,0.13683726,0.0,0.0,300800
hardzero_only__c0p50__z1p10__lam0p000__nu0p50__psi0p00,hardzero_only,0.01,33,94,0.0,2,0.09453361,0.09552076,1.005617,0.098714955,0.098714955,1.0,0.0009871495,0.01,-27.66744,2.2124016,0.7374672,0.208,0.008,0.17595075,0.0,0.0,304000
hardzero_only__c0p50__z1p10__lam0p000__nu0p50__psi0p00,hardzero_only,0.01,33,95,0.0,2,0.09552076,0.096597135,0.9680352,0.1076378,0.1076378,1.0,0.0010763779,0.01,-26.469028,2.12972,0.7099067,0.208,0.0,0.14966607,0.0,0.0,307200
hardzero_only__c0p50__z1p10__lam0p000__nu0p50__psi0p00,hardzero_only,0.01,33,96,0.0,2,0.096597135,0.09762401,0.9884808,0.102687865,0.102687865,1.0,0.0010268786,0.01,-26.697298,2.1747012,0.7249004,0.2,0.0,0.13002571,0.0,0.0,310400
hardzero_only__c0p50__z1p10__lam0p000__nu0p50__psi0p00,hardzero_only,0.01,33,97,0.0,2,0.09762401,0.09860943,1.0063772,0.0985423,0.0985423,1.0,0.000985423,0.01,-27.615477,2.2140741,0.7380247,0.120000005,0.0,0.15038446,0.0,0.0,313600
hardzero_only__c0p50__z1p10__lam0p000__nu0p50__psi0p00,hardzero_only,0.01,33,98,0.0,2,0.09860943,0.09961912,0.9958133,0.10096868,0.10096868,1.0,0.0010096867,0.01,-26.723392,2.190833,0.7302777,0.24000001,0.0,0.17964326,0.0,0.0,316800
hardzero_only__c0p50__z1p10__lam0p000__nu0p50__psi0p00,hardzero_only,0.01,33,99,0.0,2,0.09961912,0.10054836,1.0318735,0.0929237,0.0929237,1.0,0.000929237,0.01,-27.92259,2.2701669,0.75672233,0.18400002,0.0,0.1442138,0.0,0.0,320000
hardzero_only__c0p50__z1p10__lam0p000__nu0p50__psi0p00,hardzero_only,0.01,33,100,0.0,2,0.10054836,0.10161499,0.9719841,0.1066635,0.1066635,1.0,0.001066635,0.01,-25.943142,2.1384077,0.7128026,0.112,0.0,0.13719991,0.0,0.0,323200
hardzero_only__c0p50__z1p10__lam0p000__nu0p50__psi0p00,hardzero_only,0.01,33,101,0.0,2,0.10161499,0.10262576,0.995349,0.101076685,0.101076685,1.0,0.0010107668,0.01,-27.666906,2.1898115,0.7299372,0.18400002,0.0,0.1892452,0.0,0.0,326400
hardzero_only__c0p50__z1p10__lam0p000__nu0p50__psi0p00,hardzero_only,0.01,33,102,0.0,2,0.10262576,0.10369286,0.97179437,0.10671013,0.10671013,1.0,0.0010671013,0.01,-26.502985,2.1379902,0.7126634,0.16800001,0.0,0.1539757,0.0,0.0,329600
hardzero_only__c0p50__z1p10__lam0p000__nu0p50__psi0p00,hardzero_only,0.01,33,103,0.0,2,0.10369286,0.104676954,1.0069618,0.098409764,0.098409764,1.0,0.0009840976,0.01,-26.957901,2.2153602,0.7384534,0.16000001,0.0,0.15488246,0.0,0.0,332800
hardzero_only__c0p50__z1p10__lam0p000__nu0p50__psi0p00,hardzero_only,0.01,33,104,0.0,2,0.104676954,0.10567944,0.99892217,0.10024848,0.10024848,1.0,0.0010024848,0.01,-26.741747,2.1976726,0.73255754,0.14999999,0.0,0.14793412,0.0,0.0,336000
hardzero_only__c0p50__z1p10__lam0p000__nu0p50__psi0p00,hardzero_only,0.01,33,105,0.0,2,0.10567944,0.106620826,1.0262319,0.094138674,0.094138674,1.0,0.00094138674,0.01,-28.320957,2.2577553,0.7525851,0.17600001,0.0,0.17909163,0.0,0.0,339200
hardzero_only__c0p50__z1p10__lam0p000__nu0p50__psi0p00,hardzero_only,0.01,33,106,0.0,2,0.106620826,0.10773512,0.9530006,0.1114293,0.1114293,1.0,0.0011142929,0.01,-26.574478,2.0966432,0.6988811,0.2,0.0,0.14234725,0.0,0.0,342400
hardzero_only__c0p50__z1p10__lam0p000__nu0p50__psi0p00,hardzero_only,0.01,33,107,0.0,2,0.10773512,0.10862463,1.0508507,0.088950686,0.088950686,1.0,0.00088950683,0.01,-27.759336,2.3119178,0.7706393,0.128,0.0,0.1545897,0.0,0.0,345600
hardzero_only__c0p50__z1p10__lam0p000__nu0p50__psi0p00,hardzero_only,0.01,33,108,0.0,2,0.10862463,0.10969295,0.97129726,0.10683234,0.10683234,1.0,0.0010683234,0.01,-26.862612,2.1368966,0.71229887,0.120000005,0.0,0.147709,0.0,0.0,348800
hardzero_only__c0p50__z1p10__lam0p000__nu0p50__psi0p00,hardzero_only,0.01,33,109,0.0,2,0.10969295,0.1107127,0.99150705,0.10197482,0.10197482,1.0,0.0010197482,0.01,-26.624529,2.181359,0.7271197,0.16000001,0.0,0.13212104,0.0,0.0,352000
hardzero_only__c0p50__z1p10__lam0p000__nu0p50__psi0p00,hardzero_only,0.01,33,110,0.0,2,0.1107127,0.11174383,0.9866852,0.10311332,0.10311332,1.0,0.0010311332,0.01,-26.32131,2.1707509,0.72358364,0.224,0.0,0.135135,0.0,0.0,355200
hardzero_only__c0p50__z1p10__lam0p000__nu0p50__psi0p00,hardzero_only,0.01,33,111,0.0,2,0.11174383,0.112739496,1.0018854,0.0995668,0.0995668,1.0,0.000995668,0.01,-26.554806,2.204192,0.73473066,0.104,0.0,0.12766884,0.0,0.0,358400
hardzero_only__c0p50__z1p10__lam0p000__nu0p50__psi0p00,hardzero_only,0.01,33,112,0.0,2,0.112739496,0.11370648,1.0145824,0.09669802,0.09669802,1.0,0.00096698024,0.01,-26.684725,2.2321258,0.7440419,0.17600001,0.0,0.1527082,0.0,0.0,361600
hardzero_only__c0p50__z1p10__lam0p000__nu0p50__psi0p00,hardzero_only,0.01,33,113,0.0,2,0.11370648,0.114734605,0.9879514,0.102813125,0.102813125,1.0,0.0010281312,0.01,-27.068699,2.1735365,0.7245122,0.18400002,0.0,0.13358025,0.0,0.0,364800
hardzero_only__c0p50__z1p10__lam0p000__nu0p50__psi0p00,hardzero_only,0.01,33,114,0.0,2,0.114734605,0.11594749,0.916179,0.12128889,0.12128889,1.0,0.0012128889,0.01,-25.58693,2.015634,0.67187804,0.24800001,0.0,0.13523768,0.0,0.0,368000
hardzero_only__c0p50__z1p10__lam0p000__nu0p50__psi0p00,hardzero_only,0.01,33,115,0.0,2,0.11594749,0.11695847,0.99525857,0.10109774,0.10109774,1.0,0.0010109774,0.01,-27.705786,2.1896126,0.7298709,0.216,0.008,0.15635793,0.0,0.0,371200
hardzero_only__c0p50__z1p10__lam0p000__nu0p50__psi0p00,hardzero_only,0.01,33,116,0.0,2,0.11695847,0.11797623,0.9923532,0.10177634,0.10177634,1.0,0.0010177634,0.01,-26.236359,2.1832206,0.7277402,0.208,0.0,0.1522458,0.0,0.0,374400
hardzero_only__c0p50__z1p10__lam0p000__nu0p50__psi0p00,hardzero_only,0.01,33,117,0.0,2,0.11797623,0.1189055,1.0318607,0.09292642,0.09292642,1.0,0.0009292642,0.01,-27.595383,2.270139,0.75671303,0.14999999,0.0,0.14101271,0.0,0.0,377600
hardzero_only__c0p50__z1p10__lam0p000__nu0p50__psi0p00,hardzero_only,0.01,33,118,0.0,2,0.1189055,0.11997751,0.9697997,0.10720137,0.10720137,1.0,0.0010720136,0.01,-26.290009,2.133602,0.71120065,0.128,0.0,0.15794142,0.0,0.0,380800
hardzero_only__c0p50__z1p10__lam0p000__nu0p50__psi0p00,hardzero_only,0.01,33,119,0.0,2,0.11997751,0.1210036,0.9888173,0.10260836,0.10260836,1.0,0.0010260836,0.01,-26.95608,2.1754415,0.7251472,0.136,0.0,0.11946701,0.0,0.0,384000
hardzero_only__c0p50__z1p10__lam0p000__nu0p50__psi0p00,hardzero_only,0.01,33,120,0.0,2,0.1210036,0.12196476,1.0172039,0.09611608,0.09611608,1.0,0.0009611608,0.01,-26.665287,2.2378933,0.74596447,0.14400001,0.0,0.118833624,0.0,0.0,387200
hardzero_only__c0p50__z1p10__lam0p000__nu0p50__psi0p00,hardzero_only,0.01,33,121,0.0,2,0.12196476,0.122914694,1.0223061,0.09499352,0.09499352,1.0,0.0009499352,0.01,-27.453262,2.2491183,0.74970615,0.136,0.0,0.15987056,0.0,0.0,390400
hardzero_only__c0p50__z1p10__lam0p000__nu0p50__psi0p00,hardzero_only,0.01,33,122,0.0,2,0.122914694,0.12401504,0.95847034,0.110034704,0.110034704,1.0,0.001100347,0.01,-25.432833,2.108677,0.7028923,0.15200001,0.0,0.13448392,0.0,0.0,393600
hardzero_only__c0p50__z1p10__lam0p000__nu0p50__psi0p00,hardzero_only,0.01,33,123,0.0,2,0.12401504,0.12505051,0.98486286,0.10354692,0.10354692,1.0,0.0010354691,0.01,-27.3076,2.1667416,0.72224724,0.15200001,0.0,0.12104709,0.0,0.0,396800
hardzero_only__c0p50__z1p10__lam0p000__nu0p50__psi0p00,hardzero_only,0.01,33,124,0.0,2,0.12505051,0.12609427,0.9814025,0.10437524,0.10437524,1.0,0.0010437524,0.01,-26.867105,2.1591287,0.7197096,0.24000001,0.0,0.13998565,0.0,0.0,400000
hardzero_only__c0p50__z1p10__lam0p000__nu0p50__psi0p00,hardzero_only,0.01,33,125,0.0,2,0.12609427,0.12710753,0.9942801,0.10132575,0.10132575,1.0,0.0010132574,0.01,-27.432512,2.18746,0.72915334,0.15200001,0.0,0.1859319,0.0,0.0,403200
hardzero_only__c0p50__z1p10__lam0p000__nu0p50__psi0p00,hardzero_only,0.01,33,126,0.0,2,0.12710753,0.1280911,1.0071962,0.098356664,0.098356664,1.0,0.0009835666,0.01,-26.855091,2.2158759,0.7386253,0.15200001,0.0,0.1438395,0.0,0.0,406400
hardzero_only__c0p50__z1p10__lam0p000__nu0p50__psi0p00,hardzero_only,0.01,33,127,0.0,2,0.1280911,0.12906633,1.010891,0.09752344,0.09752344,1.0,0.00097523443,0.01,-27.105219,2.2240045,0.74133486,0.128,0.0,0.13688695,0.0,0.0,409600
hardzero_only__c0p50__z1p10__lam0p000__nu0p50__psi0p00,hardzero_only,0.01,33,128,0.0,2,0.12906633,0.13009015,0.9897761,0.10238207,0.10238207,1.0,0.0010238207,0.01,-26.455307,2.1775508,0.7258503,0.17600001,0.0,0.1550573,0.0,0.0,412800
hardzero_only__c0p50__z1p10__lam0p000__nu0p50__psi0p00,hardzero_only,0.01,33,129,0.0,2,0.13009015,0.1309717,1.0547551,0.08815458,0.08815458,1.0,0.00088154577,0.01,-28.377398,2.3205075,0.7735025,0.128,0.0,0.1386185,0.0,0.0,416000
hardzero_only__c0p50__z1p10__lam0p000__nu0p50__psi0p00,hardzero_only,0.01,33,130,0.0,2,0.1309717,0.1319123,1.0265908,0.09406091,0.09406091,1.0,0.0009406091,0.01,-27.43084,2.258545,0.7528483,0.16,0.0,0.15273057,0.0,0.0,419200
hardzero_only__c0p50__z1p10__lam0p000__nu0p50__psi0p00,hardzero_only,0.01,33,131,0.0,2,0.1319123,0.13295932,0.9800472,0.10470147,0.10470147,1.0,0.0010470146,0.01,-25.971172,2.156147,0.71871567,0.14400001,0.0,0.13791291,0.0,0.0,422400
hardzero_only__c0p50__z1p10__lam0p000__nu0p50__psi0p00,hardzero_only,0.01,33,132,0.0,2,0.13295932,0.13397303,0.99408776,0.101370655,0.101370655,1.0,0.0010137066,0.01,-26.25518,2.1870368,0.72901225,0.15200001,0.0,0.12947844,0.0,0.0,425600
hardzero_only__c0p50__z1p10__lam0p000__nu0p50__psi0p00,hardzero_only,0.01,33,133,0.0,2,0.13397303,0.13496731,1.0024914,0.099427976,0.099427976,1.0,0.0009942797,0.01,-26.94867,2.205525,0.735175,0.16000001,0.0,0.13899268,0.0,0.0,428800
hardzero_only__c0p50__z1p10__lam0p000__nu0p50__psi0p00,hardzero_only,0.01,33,134,0.0,2,0.13496731,0.13593602,1.0138086,0.09687046,0.09687046,1.0,0.0009687046,0.01,-27.323566,2.2304235,0.7434745,0.2,0.0,0.13929333,0.0,0.0,432000
hardzero_only__c0p50__z1p10__lam0p000__nu0p50__psi0p00,hardzero_only,0.01,33,135,0.0,2,0.13593602,0.13695744,0.99079657,0.10214177,0.10214177,1.0,0.0010214177,0.01,-26.200365,2.179796,0.7265987,0.16800001,0.0,0.15567538,0.0,0.0,435200
hardzero_only__c0p50__z1p10__lam0p000__nu0p50__psi0p00,hardzero_only,0.01,33,136,0.0,2,0.13695744,0.13798438,0.98845255,0.10269455,0.10269455,1.0,0.0010269454,0.01,-26.245174,2.174639,0.7248797,0.216,0.0,0.14521231,0.0,0.0,438400
hardzero_only__c0p50__z1p10__lam0p000__nu0p50__psi0p00,hardzero_only,0.01,33,137,0.0,2,0.13798438,0.13901937,0.98506415,0.10349894,0.10349894,1.0,0.0010349894,0.01,-25.930128,2.1671844,0.7223948,0.120000005,0.0,0.1389975,0.0,0.0,441600
hardzero_only__c0p50__z1p10__lam0p000__nu0p50__psi0p00,hardzero_only,0.01,33,138,0.0,2,0.13901937,0.14001183,1.003285,0.09924645,0.09924645,1.0,0.0009924645,0.01,-26.991772,2.207271,0.73575705,0.17600001,0.0,0.14659971,0.0,0.0,444800
hardzero_only__c0p50__z1p10__lam0p000__nu0p50__psi0p00,hardzero_only,0.01,33,139,0.0,2,0.14001183,0.14109279,0.9661928,0.108095385,0.108095385,1.0,0.0010809539,0.01,-26.737928,2.1256666,0.7085556,0.18400002,0.0,0.14038809,0.0,0.0,448000
hardzero_only__c0p50__z1p10__lam0p000__nu0p50__psi0p00,hardzero_only,0.01,33,140,0.0,2,0.14109279,0.14209694,0.9982042,0.100414366,0.100414366,1.0,0.0010041436,0.01,-27.564627,2.196093,0.73203105,0.224,0.0,0.16267645,0.0,0.0,451200
hardzero_only__c0p50__z1p10__lam0p000__nu0p50__psi0p00,hardzero_only,0.01,33,141,0.0,2,0.14209694,0.14326987,0.93072623,0.11729344,0.11729344,1.0,0.0011729344,0.01,-25.982595,2.0476387,0.68254626,0.208,0.0,0.1303428,0.0,0.0,454400
hardzero_only__c0p50__z1p10__lam0p000__nu0p50__psi0p00,hardzero_only,0.01,33,142,0.0,2,0.14326987,0.14440465,0.94508517,0.11347882,0.11347882,1.0,0.0011347882,0.01,-26.458014,2.0792289,0.6930763,0.28,0.0,0.14427873,0.0,0.0,457600
hardzero_only__c0p50__z1p10__lam0p000__nu0p50__psi0p00,hardzero_only,0.01,33,143,0.0,2,0.14440465,0.14534567,1.0264027,0.094101645,0.094101645,1.0,0.0009410164,0.01,-27.549404,2.258131,0.75271034,0.13,0.0,0.13692108,0.0,0.0,460800
hardzero_only__c0p50__z1p10__lam0p000__nu0p50__psi0p00,hardzero_only,0.01,33,144,0.0,2,0.14534567,0.14642884,0.96530354,0.10831694,0.10831694,1.0,0.0010831694,0.01,-25.799698,2.1237102,0.7079034,0.192,0.0,0.12977298,0.0,0.0,464000
hardzero_only__c0p50__z1p10__lam0p000__nu0p50__psi0p00,hardzero_only,0.01,33,145,0.0,2,0.14642884,0.14737427,1.0243691,0.094543315,0.094543315,1.0,0.00094543316,0.01,-27.230524,2.253657,0.75121903,0.136,0.0,0.14845689,0.0,0.0,467200
hardzero_only__c0p50__z1p10__lam0p000__nu0p50__psi0p00,hardzero_only,0.01,33,146,0.0,2,0.14737427,0.14845246,0.967307,0.10781844,0.10781844,1.0,0.0010781843,0.01,-26.099508,2.1281178,0.70937264,0.208,0.0,0.14938825,0.0,0.0,470400
hardzero_only__c0p50__z1p10__lam0p000__nu0p50__psi0p00,hardzero_only,0.01,33,147,0.0,2,0.14845246,0.14937198,1.0364401,0.09195173,0.09195173,1.0,0.00091951725,0.01,-28.109983,2.2802138,0.7600713,0.15200001,0.0,0.17462592,0.0,0.0,473600
hardzero_only__c0p50__z1p10__lam0p000__nu0p50__psi0p00,hardzero_only,0.01,33,148,0.0,2,0.14937198,0.15042639,0.976991,0.10544088,0.10544088,1.0,0.0010544087,0.01,-27.21636,2.1494231,0.7164744,0.216,0.0,0.1489544,0.0,0.0,476800
hardzero_only__c0p50__z1p10__lam0p000__nu0p50__psi0p00,hardzero_only,0.01,33,149,0.0,2,0.15042639,0.15142052,1.0025557,0.09941324,0.09941324,1.0,0.0009941324,0.01,-26.720839,2.2056665,0.7352222,0.16000001,0.0,0.1338823,0.0,0.0,480000
hardzero_only__c0p50__z1p10__lam0p000__nu0p50__psi0p00,hardzero_only,0.01,33,150,0.0,2,0.15142052,0.15252621,0.95636594,0.11056915,0.11056915,1.0,0.0011056914,0.01,-26.412634,2.104047,0.701349,0.208,0.0,0.14298688,0.0,0.0,483200
hardzero_only__c0p50__z1p10__lam0p000__nu0p50__psi0p00,hardzero_only,0.01,33,151,0.0,2,0.15252621,0.15352176,1.00194,0.09955429,0.09955429,1.0,0.0009955429,0.01,-26.918903,2.204312,0.7347707,0.18400002,0.0,0.15153435,0.0,0.0,486400
hardzero_only__c0p50__z1p10__lam0p000__nu0p50__psi0p00,hardzero_only,0.01,33,152,0.0,2,0.15352176,0.15456006,0.98368067,0.10382915,0.10382915,1.0,0.0010382915,0.01,-27.016478,2.1641407,0.72138023,0.112,0.0,0.13827163,0.0,0.0,489600
hardzero_only__c0p50__z1p10__lam0p000__nu0p50__psi0p00,hardzero_only,0.01,33,153,0.0,2,0.15456006,0.1555461,1.0061048,0.09860414,0.09860414,1.0,0.0009860414,0.01,-26.843597,2.2134748,0.7378249,0.120000005,0.0,0.17575417,0.0,0.0,492800
hardzero_only__c0p50__z1p10__lam0p000__nu0p50__psi0p00,hardzero_only,0.01,33,154,0.0,2,0.1555461,0.15658998,0.9813441,0.10438928,0.10438928,1.0,0.0010438928,0.01,-26.429537,2.1590002,0.7196667,0.192,0.0,0.15406786,0.0,0.0,496000
hardzero_only__c0p50__z1p10__lam0p000__nu0p50__psi0p00,hardzero_only,0.01,33,155,0.0,2,0.15658998,0.1575769,1.0057167,0.09869231,0.09869231,1.0,0.0009869231,0.01,-26.982954,2.212621,0.73754036,0.128,0.0,0.14686468,0.0,0.0,499200
hardzero_only__c0p50__z1p10__lam0p000__nu0p50__psi0p00,hardzero_only,0.01,33,156,0.0,2,0.1575769,0.1585407,1.0160196,0.09637855,0.09637855,1.0,0.00096378545,0.01,-27.424551,2.2352877,0.7450959,0.17,0.0,0.1377708,0.0,0.0,502400
hardzero_only__c0p50__z1p10__lam0p000__nu0p50__psi0p00,hardzero_only,0.01,33,157,0.0,2,0.1585407,0.15955774,0.99265736,0.10170507,0.10170507,1.0,0.0010170507,0.01,-26.795166,2.1838899,0.7279633,0.16800001,0.0,0.17183767,0.0,0.0,505600
hardzero_only__c0p50__z1p10__lam0p000__nu0p50__psi0p00,hardzero_only,0.01,33,158,0.0,2,0.15955774,0.16045946,1.0449309,0.09017146,0.09017146,1.0,0.00090171455,0.01,-27.13544,2.298894,0.766298,0.14400001,0.0,0.15451775,0.0,0.0,508800
hardzero_only__c0p50__z1p10__lam0p000__nu0p50__psi0p00,hardzero_only,0.01,33,159,0.0,2,0.16045946,0.16143982,1.0086159,0.09803566,0.09803566,1.0,0.0009803566,0.01,-27.326525,2.2189991,0.7396664,0.17600001,0.0,0.14557333,0.0,0.0,512000
hardzero_only__c0p50__z1p10__lam0p000__nu0p50__psi0p00,hardzero_only,0.01,33,160,0.0,2,0.16143982,0.16252398,0.96490777,0.108415715,0.108415715,1.0,0.0010841571,0.01,-26.447477,2.1228395,0.70761317,0.18400002,0.0,0.14177048,0.0,0.0,515200
hardzero_only__c0p50__z1p10__lam0p000__nu0p50__psi0p00,hardzero_only,0.01,33,161,0.0,2,0.16252398,0.1634147,1.0502582,0.08907214,0.08907214,1.0,0.00089072133,0.01,-27.502726,2.310614,0.7702047,0.104,0.0,0.13978714,0.0,0.0,518400
hardzero_only__c0p50__z1p10__lam0p000__nu0p50__psi0p00,hardzero_only,0.01,33,162,0.0,2,0.1634147,0.16444895,0.98537785,0.1034242,0.1034242,1.0,0.001034242,0.01,-26.387926,2.1678746,0.7226249,0.17600001,0.0,0.123020865,0.0,0.0,521600
hardzero_only__c0p50__z1p10__lam0p000__nu0p50__psi0p00,hardzero_only,0.01,33,163,0.0,2,0.16444895,0.16549112,0.98206174,0.10421692,0.10421692,1.0,0.0010421692,0.01,-26.747385,2.160579,0.720193,0.16000001,0.008,0.1455604,0.0,0.0,524800
hardzero_only__c0p50__z1p10__lam0p000__nu0p50__psi0p00,hardzero_only,0.01,33,164,0.0,2,0.16549112,0.16653264,0.9823344,0.10415152,0.10415152,1.0,0.0010415151,0.01,-28.106562,2.1611788,0.72039294,0.192,0.0,0.14458285,0.0,0.0,528000
hardzero_only__c0p50__z1p10__lam0p000__nu0p50__psi0p00,hardzero_only,0.01,33,165,0.0,2,0.16653264,0.16765288,0.9506917,0.11202329,0.11202329,1.0,0.0011202329,0.01,-25.612415,2.0915635,0.69718784,0.16000001,0.0,0.14802757,0.0,0.0,531200
hardzero_only__c0p50__z1p10__lam0p000__nu0p50__psi0p00,hardzero_only,0.01,33,166,0.0,2,0.16765288,0.16874447,0.9619354,0.10916027,0.10916027,1.0,0.0010916026,0.01,-26.898375,2.1163,0.70543337,0.18400002,0.0,0.18452378,0.0,0.0,534400
hardzero_only__c0p50__z1p10__lam0p000__nu0p50__psi0p00,hardzero_only,0.01,33,167,0.0,2,0.16874447,0.1696345,1.0505915,0.0890038,0.0890038,1.0,0.000890038,0.01,-28.010853,2.3113475,0.77044916,0.14400001,0.0,0.15787746,0.0,0.0,537600
hardzero_only__c0p50__z1p10__lam0p000__nu0p50__psi0p00,hardzero_only,0.01,33,168,0.0,2,0.1696345,0.170805,0.9316254,0.11705085,0.11705085,1.0,0.0011705084,0.01,-25.443272,2.0496168,0.6832056,0.192,0.0,0.12382381,0.0,0.0,540800
hardzero_only__c0p50__z1p10__lam0p000__nu0p50__psi0p00,hardzero_only,0.01,33,169,0.0,2,0.170805,0.17183274,0.98811775,0.10277376,0.10277376,1.0,0.0010277376,0.01,-27.210077,2.1739025,0.7246342,0.12,0.0,0.12832922,0.0,0.0,544000
hardzero_only__c0p50__z1p10__lam0p000__nu0p50__psi0p00,hardzero_only,0.01,33,170,0.0,2,0.17183274,0.17280081,1.0140936,0.096806906,0.096806906,1.0,0.000968069,0.01,-27.2801,2.2310505,0.7436835,0.208,0.0,0.15668127,0.0,0.0,547200
hardzero_only__c0p50__z1p10__lam0p000__nu0p50__psi0p00,hardzero_only,0.01,33,171,0.0,2,0.17280081,0.17382815,0.9882845,0.1027343,0.1027343,1.0,0.001027343,0.01,-25.674147,2.1742694,0.7247565,0.104,0.0,0.13979787,0.0,0.0,550400
hardzero_only__c0p50__z1p10__lam0p000__nu0p50__psi0p00,hardzero_only,0.01,33,172,0.0,2,0.17382815,0.17494847,0.95065874,0.11203178,0.11203178,1.0,0.0011203177,0.01,-26.391535,2.091491,0.6971637,0.17600001,0.0,0.15863004,0.0,0.0,553600
hardzero_only__c0p50__z1p10__lam0p000__nu0p50__psi0p00,hardzero_only,0.01,33,173,0.0,2,0.17494847,0.17586517,1.037773,0.09166995,0.09166995,1.0,0.0009166995,0.01,-27.86498,2.2831461,0.76104873,0.24000001,0.0,0.14583144,0.0,0.0,556800
hardzero_only__c0p50__z1p10__lam0p000__nu0p50__psi0p00,hardzero_only,0.01,33,174,0.0,2,0.17586517,0.17680725,1.025912,0.09420803,0.09420803,1.0,0.0009420803,0.01,-27.35984,2.2570515,0.7523505,0.064,0.0,0.1614326,0.0,0.0,560000
hardzero_only__c0p50__z1p10__lam0p000__nu0p50__psi0p00,hardzero_only,0.01,33,175,0.0,2,0.17680725,0.17774102,1.0297619,0.0933766,0.0933766,1.0,0.00093376596,0.01,-27.868174,2.2655215,0.75517386,0.208,0.0,0.16564846,0.0,0.0,563200
hardzero_only__c0p50__z1p10__lam0p000__nu0p50__psi0p00,hardzero_only,0.01,33,176,0.0,2,0.17774102,0.17875631,0.99341184,0.10152855,0.10152855,1.0,0.0010152855,0.01,-27.122047,2.1855497,0.7285166,0.192,0.0,0.17375384,0.0,0.0,566400
hardzero_only__c0p50__z1p10__lam0p000__nu0p50__psi0p00,hardzero_only,0.01,33,177,0.0,2,0.17875631,0.17970757,1.0216979,0.09512662,0.09512662,1.0,0.0009512662,0.01,-27.488867,2.2477803,0.7492601,0.112,0.0,0.15617917,0.0,0.0,569600
hardzero_only__c0p50__z1p10__lam0p000__nu0p50__psi0p00,hardzero_only,0.01,33,178,0.0,2,0.17970757,0.18076703,0.97491515,0.105946064,0.105946064,1.0,0.0010594606,0.01,-27.421074,2.1448562,0.7149521,0.18400002,0.0,0.12701547,0.0,0.0,572800
hardzero_only__c0p50__z1p10__lam0p000__nu0p50__psi0p00,hardzero_only,0.01,33,179,0.0,2,0.18076703,0.18180662,0.98313653,0.10395932,0.10395932,1.0,0.0010395932,0.01,-26.508184,2.1629436,0.72098124,0.128,0.0,0.12991674,0.0,0.0,576000
hardzero_only__c0p50__z1p10__lam0p000__nu0p50__psi0p00,hardzero_only,0.01,33,180,0.0,2,0.18180662,0.18285929,0.9777121,0.10526595,0.10526595,1.0,0.0010526595,0.01,-27.150833,2.1510096,0.7170032,0.16800001,0.0,0.14538999,0.0,0.0,579200
hardzero_only__c0p50__z1p10__lam0p000__nu0p50__psi0p00,hardzero_only,0.01,33,181,0.0,2,0.18285929,0.18388215,0.9901866,0.10228535,0.10228535,1.0,0.0010228534,0.01,-26.364967,2.178454,0.72615135,0.16000001,0.0,0.13223077,0.0,0.0,582400
hardzero_only__c0p50__z1p10__lam0p000__nu0p50__psi0p00,hardzero_only,0.01,33,182,0.0,2,0.18388215,0.18506001,0.9289065,0.11778596,0.11778596,1.0,0.0011778596,0.01,-25.60269,2.0436351,0.6812117,0.17,0.0,0.12678382,0.0,0.0,585600
hardzero_only__c0p50__z1p10__lam0p000__nu0p50__psi0p00,hardzero_only,0.01,33,183,0.0,2,0.18506001,0.18613784,0.9674473,0.107783616,0.107783616,1.0,0.0010778361,0.01,-26.326513,2.1284266,0.7094755,0.192,0.0,0.14308234,0.0,0.0,588800
hardzero_only__c0p50__z1p10__lam0p000__nu0p50__psi0p00,hardzero_only,0.01,33,184,0.0,2,0.18613784,0.18710278,1.0155028,0.096493304,0.096493304,1.0,0.000964933,0.01,-27.831177,2.234151,0.744717,0.16800001,0.0,0.17505062,0.0,0.0,592000
hardzero_only__c0p50__z1p10__lam0p000__nu0p50__psi0p00,hardzero_only,0.01,33,185,0.0,2,0.18710278,0.18802585,1.0347672,0.092306614,0.092306614,1.0,0.0009230661,0.01,-27.232676,2.2765331,0.7588444,0.17600001,0.0,0.17128772,0.0,0.0,595200
hardzero_only__c0p50__z1p10__lam0p000__nu0p50__psi0p00,hardzero_only,0.01,33,186,0.0,2,0.18802585,0.18901466,1.0048894,0.0988805,0.0988805,1.0,0.000988805,0.01,-26.80004,2.210801,0.73693365,0.2,0.008,0.15404984,0.0,0.0,598400
hardzero_only__c0p50__z1p10__lam0p000__nu0p50__psi0p00,hardzero_only,0.01,33,187,0.0,2,0.18901466,0.18990055,1.0526235,0.08858833,0.08858833,1.0,0.00088588323,0.01,-27.307816,2.3158178,0.7719393,0.15200001,0.0,0.16384514,0.0,0.0,601600
hardzero_only__c0p50__z1p10__lam0p000__nu0p50__psi0p00,hardzero_only,0.01,33,188,0.0,2,0.18990055,0.19077605,1.0577453,0.08754969,0.08754969,1.0,0.00087549683,0.01,-27.680544,2.3270862,0.77569544,0.18400002,0.0,0.15983549,0.0,0.0,604800
hardzero_only__c0p50__z1p10__lam0p000__nu0p50__psi0p00,hardzero_only,0.01,33,189,0.0,2,0.19077605,0.19186775,0.9618954,0.10917032,0.10917032,1.0,0.0010917032,0.01,-26.95213,2.1162121,0.70540404,0.16000001,0.0,0.14686821,0.0,0.0,608000
hardzero_only__c0p50__z1p10__lam0p000__nu0p50__psi0p00,hardzero_only,0.01,33,190,0.0,2,0.19186775,0.1927515,1.0536723,0.08837465,0.08837465,1.0,0.0008837465,0.01,-27.779581,2.3181255,0.77270854,0.080000006,0.0,0.14988518,0.0,0.0,611200
hardzero_only__c0p50__z1p10__lam0p000__nu0p50__psi0p00,hardzero_only,0.01,33,191,0.0,2,0.1927515,0.19371746,1.0150349,0.09659732,0.09659732,1.0,0.0009659732,0.01,-27.140896,2.2331214,0.7443738,0.17600001,0.0,0.16870962,0.0,0.0,614400
hardzero_only__c0p50__z1p10__lam0p000__nu0p50__psi0p00,hardzero_only,0.01,33,192,0.0,2,0.19371746,0.19462983,1.0398295,0.0912369,0.0912369,1.0,0.00091236894,0.01,-28.322609,2.2876706,0.7625569,0.18400002,0.0,0.15052427,0.0,0.0,617600
hardzero_only__c0p50__z1p10__lam0p000__nu0p50__psi0p00,hardzero_only,0.01,33,193,0.0,2,0.19462983,0.19547772,1.0716583,0.084789425,0.084789425,1.0,0.00084789423,0.01,-28.124643,2.3576953,0.78589845,0.16000001,0.0,0.15454158,0.0,0.0,620800
hardzero_only__c0p50__z1p10__lam0p000__nu0p50__psi0p00,hardzero_only,0.01,33,194,0.0,2,0.19547772,0.19671527,0.9074383,0.123754695,0.123754695,1.0,0.0012375469,0.01,-24.764921,1.996404,0.66546804,0.192,0.0,0.1249349,0.0,0.0,624000
hardzero_only__c0p50__z1p10__lam0p000__nu0p50__psi0p00,hardzero_only,0.01,33,195,0.0,2,0.19671527,0.19776374,0.979442,0.10484748,0.10484748,1.0,0.0010484748,0.01,-26.503042,2.1548154,0.71827185,0.17999999,0.0,0.15568571,0.0,0.0,627200
hardzero_only__c0p50__z1p10__lam0p000__nu0p50__psi0p00,hardzero_only,0.01,33,196,0.0,2,0.19776374,0.19870995,1.0240117,0.09462116,0.09462116,1.0,0.00094621157,0.01,-27.960815,2.2528708,0.75095695,0.16000001,0.0,0.16815813,0.0,0.0,630400
hardzero_only__c0p50__z1p10__lam0p000__nu0p50__psi0p00,hardzero_only,0.01,33,197,0.0,2,0.19870995,0.19979125,0.9660553,0.10812962,0.10812962,1.0,0.0010812961,0.01,-26.461506,2.125364,0.7084547,0.17600001,0.0,0.12123039,0.0,0.0,633600
hardzero_only__c0p50__z1p10__lam0p000__nu0p50__psi0p00,hardzero_only,0.01,33,198,0.0,2,0.19979125,0.20077264,1.0081549,0.09813978,0.09813978,1.0,0.0009813978,0.01,-27.481876,2.217985,0.7393283,0.23200001,0.0,0.14573662,0.0,0.0,636800
hardzero_only__c0p50__z1p10__lam0p000__nu0p50__psi0p00,hardzero_only,0.01,33,199,0.0,2,0.20077264,0.20196994,0.92180157,0.11972874,0.11972874,1.0,0.0011972873,0.01,-25.605827,2.028004,0.6760013,0.24000001,0.0,0.1171236,0.0,0.0,640000
hardzero_only__c0p50__z1p10__lam0p000__nu0p50__psi0p00,hardzero_only,0.01,33,200,0.0,2,0.20196994,0.20295803,1.0052022,0.09880931,0.09880931,1.0,0.0009880931,0.01,-26.782726,2.211489,0.737163,0.128,0.0,0.1288483,0.0,0.0,643200
hardzero_only__c0p50__z1p10__lam0p000__nu0p50__psi0p00,hardzero_only,0.01,33,201,0.0,2,0.20295803,0.20391215,1.0203977,0.09541186,0.09541186,1.0,0.00095411856,0.01,-27.376766,2.2449198,0.74830663,0.192,0.0,0.172801,0.0,0.0,646400
hardzero_only__c0p50__z1p10__lam0p000__nu0p50__psi0p00,hardzero_only,0.01,33,202,0.0,2,0.20391215,0.20495309,0.9825786,0.10409298,0.10409298,1.0,0.0010409298,0.01,-26.44109,2.161716,0.720572,0.17600001,0.0,0.15112104,0.0,0.0,649600
hardzero_only__c0p50__z1p10__lam0p000__nu0p50__psi0p00,hardzero_only,0.01,33,203,0.0,2,0.20495309,0.20606373,0.95442706,0.11106391,0.11106391,1.0,0.0011106391,0.01,-26.64422,2.0997815,0.6999272,0.208,0.0,0.13686515,0.0,0.0,652800
hardzero_only__c0p50__z1p10__lam0p000__nu0p50__psi0p00,hardzero_only,0.01,33,204,0.0,2,0.20606373,0.20704393,1.0086854,0.09801998,0.09801998,1.0,0.0009801998,0.01,-27.848606,2.219152,0.73971736,0.14400001,0.0,0.14427114,0.0,0.0,656000
hardzero_only__c0p50__z1p10__lam0p000__nu0p50__psi0p00,hardzero_only,0.01,33,205,0.0,2,0.20704393,0.20804676,0.9987703,0.10028355,0.10028355,1.0,0.0010028355,0.01,-26.642376,2.1973386,0.7324462,0.224,0.0,0.14716394,0.0,0.0,659200
hardzero_only__c0p50__z1p10__lam0p000__nu0p50__psi0p00,hardzero_only,0.01,33,206,0.0,2,0.20804676,0.20901899,1.0122293,0.097223364,0.097223364,1.0,0.0009722336,0.01,-27.746223,2.226949,0.74231637,0.18400002,0.0,0.16187392,0.0,0.0,662400
hardzero_only__c0p50__z1p10__lam0p000__nu0p50__psi0p00,hardzero_only,0.01,33,207,0.0,2,0.20901899,0.21000956,1.0041165,0.09905662,0.09905662,1.0,0.0009905661,0.01,-26.179436,2.2091005,0.73636687,0.128,0.0,0.15576327,0.0,0.0,665600
hardzero_only__c0p50__z1p10__lam0p000__nu0p50__psi0p00,hardzero_only,0.01,33,208,0.0,2,0.21000956,0.21093215,1.0349905,0.09225914,0.09225914,1.0,0.00092259137,0.01,-27.130512,2.2770247,0.7590083,0.07,0.0,0.15897746,0.0,0.0,668800
hardzero_only__c0p50__z1p10__lam0p000__nu0p50__psi0p00,hardzero_only,0.01,33,209,0.0,2,0.21093215,0.21188323,1.0217841,0.09510775,0.09510775,1.0,0.0009510775,0.01,-26.806543,2.2479699,0.7493233,0.17600001,0.0,0.13920975,0.0,0.0,672000
hardzero_only__c0p50__z1p10__lam0p000__nu0p50__psi0p00,hardzero_only,0.01,33,210,0.0,2,0.21188323,0.21288948,0.997298,0.10062409,0.10062409,1.0,0.0010062408,0.01,-27.111843,2.1940994,0.7313665,0.136,0.0,0.15188852,0.0,0.0,675200
hardzero_only__c0p50__z1p10__lam0p000__nu0p50__psi0p00,hardzero_only,0.01,33,211,0.0,2,0.21288948,0.21396607,0.9679461,0.10765987,0.10765987,1.0,0.0010765987,0.01,-26.29927,2.129524,0.7098414,0.128,0.0,0.13387798,0.0,0.0,678400
hardzero_only__c0p50__z1p10__lam0p000__nu0p50__psi0p00,hardzero_only,0.01,33,212,0.0,2,0.21396607,0.21505567,0.96272993,0.10896075,0.10896075,1.0,0.0010896075,0.01,-26.400835,2.1180482,0.70601606,0.18400002,0.0,0.12593801,0.0,0.0,681600
hardzero_only__c0p50__z1p10__lam0p000__nu0p50__psi0p00,hardzero_only,0.01,33,213,0.0,2,0.21505567,0.21609475,0.98335624,0.10390674,0.10390674,1.0,0.0010390674,0.01,-27.095024,2.1634269,0.7211423,0.136,0.0,0.14351852,0.0,0.0,684800
hardzero_only__c0p50__z1p10__lam0p000__nu0p50__psi0p00,hardzero_only,0.01,33,214,0.0,2,0.21609475,0.21713248,0.98391247,0.10377375,0.10377375,1.0,0.0010377375,0.01,-27.077763,2.1646507,0.7215502,0.18400002,0.0,0.1554688,0.0,0.0,688000
hardzero_only__c0p50__z1p10__lam0p000__nu0p50__psi0p00,hardzero_only,0.01,33,215,0.0,2,0.21713248,0.21816769,0.98496896,0.103521615,0.103521615,1.0,0.0010352161,0.01,-26.616955,2.166975,0.722325,0.192,0.0,0.1559781,0.0,0.0,691200
hardzero_only__c0p50__z1p10__lam0p000__nu0p50__psi0p00,hardzero_only,0.01,33,216,0.0,2,0.21816769,0.21927148,0.957115,0.110378616,0.110378616,1.0,0.0011037862,0.01,-25.738016,2.105695,0.70189834,0.192,0.0,0.1342623,0.0,0.0,694400
hardzero_only__c0p50__z1p10__lam0p000__nu0p50__psi0p00,hardzero_only,0.01,33,217,0.0,2,0.21927148,0.22024302,1.0125383,0.097154215,0.097154215,1.0,0.00097154215,0.01,-27.113943,2.2276287,0.7425429,0.216,0.0,0.15785572,0.0,0.0,697600
hardzero_only__c0p50__z1p10__lam0p000__nu0p50__psi0p00,hardzero_only,0.01,33,218,0.0,2,0.22024302,0.22132267,0.96671915,0.10796447,0.10796447,1.0,0.0010796447,0.01,-26.438263,2.1268246,0.7089416,0.18400002,0.0,0.12820867,0.0,0.0,700800
hardzero_only__c0p50__z1p10__lam0p000__nu0p50__psi0p00,hardzero_only,0.01,33,219,0.0,2,0.22132267,0.22230425,1.0080737,0.09815812,0.09815812,1.0,0.0009815812,0.01,-26.877153,2.2178063,0.7392688,0.17600001,0.0,0.17953897,0.0,0.0,704000
hardzero_only__c0p50__z1p10__lam0p000__nu0p50__psi0p00,hardzero_only,0.01,33,220,0.0,2,0.22230425,0.22330602,0.99923337,0.10017668,0.10017668,1.0,0.0010017668,0.01,-26.727686,2.1983573,0.7327858,0.16800001,0.0,0.13835946,0.0,0.0,707200
hardzero_only__c0p50__z1p10__lam0p000__nu0p50__psi0p00,hardzero_only,0.01,33,221,0.0,2,0.22330602,0.22435513,0.97917867,0.10491107,0.10491107,1.0,0.0010491107,0.01,-25.997324,2.154236,0.71807873,0.16,0.0,0.12205948,0.0,0.0,710400
hardzero_only__c0p50__z1p10__lam0p000__nu0p50__psi0p00,hardzero_only,0.01,33,222,0.0,2,0.22435513,0.22541414,0.97509885,0.10590126,0.10590126,1.0,0.0010590126,0.01,-27.042053,2.1452603,0.7150868,0.17600001,0.0,0.12816474,0.0,0.0,713600
hardzero_only__c0p50__z1p10__lam0p000__nu0p50__psi0p00,hardzero_only,0.01,33,223,0.0,2,0.22541414,0.22646034,0.9803871,0.104619555,0.104619555,1.0,0.0010461955,0.01,-26.968958,2.1568947,0.71896493,0.216,0.008,0.13968273,0.0,0.0,716800
hardzero_only__c0p50__z1p10__lam0p000__nu0p50__psi0p00,hardzero_only,0.01,33,224,0.0,2,0.22646034,0.22729523,1.0783638,0.083490334,0.083490334,1.0,0.00083490333,0.01,-28.477093,2.3724477,0.79081595,0.15200001,0.0,0.1823568,0.0,0.0,720000
hardzero_only__c0p50__z1p10__lam0p000__nu0p50__psi0p00,hardzero_only,0.01,33,225,0.0,2,0.22729523,0.2284693,0.93030673,0.117406815,0.117406815,1.0,0.0011740681,0.01,-25.717083,2.0467157,0.6822386,0.24800001,0.008,0.14109808,0.0,0.0,723200
hardzero_only__c0p50__z1p10__lam0p000__nu0p50__psi0p00,hardzero_only,0.01,33,226,0.0,2,0.2284693,0.22946167,1.0033265,0.09923696,0.09923696,1.0,0.0009923696,0.01,-27.817106,2.2073624,0.7357875,0.18400002,0.0,0.16205713,0.0,0.0,726400
hardzero_only__c0p50__z1p10__lam0p000__nu0p50__psi0p00,hardzero_only,0.01,33,227,0.0,2,0.22946167,0.23045039,1.0049264,0.098872066,0.098872066,1.0,0.0009887207,0.01,-26.64651,2.2108824,0.7369608,0.18400002,0.0,0.14125137,0.0,0.0,729600
hardzero_only__c0p50__z1p10__lam0p000__nu0p50__psi0p00,hardzero_only,0.01,33,228,0.0,2,0.23045039,0.23146437,0.9939717,0.10139775,0.10139775,1.0,0.0010139775,0.01,-26.704044,2.1867814,0.72892714,0.128,0.0,0.13460352,0.0,0.0,732800
hardzero_only__c0p50__z1p10__lam0p000__nu0p50__psi0p00,hardzero_only,0.01,33,229,0.0,2,0.23146437,0.23237903,1.0387386,0.09146637,0.09146637,1.0,0.00091466366,0.01,-28.435293,2.2852707,0.7617569,0.104,0.0,0.15336694,0.0,0.0,736000
hardzero_only__c0p50__z1p10__lam0p000__nu0p50__psi0p00,hardzero_only,0.01,33,230,0.0,2,0.23237903,0.23331358,1.0293982,0.093454845,0.093454845,1.0,0.00093454844,0.01,-26.890085,2.2647214,0.75490713,0.17600001,0.0,0.1467989,0.0,0.0,739200
hardzero_only__c0p50__z1p10__lam0p000__nu0p50__psi0p00,hardzero_only,0.01,33,231,0.0,2,0.23331358,0.2342568,1.0253798,0.094323575,0.094323575,1.0,0.00094323576,0.01,-28.00452,2.2558806,0.7519602,0.15200001,0.0,0.1321934,0.0,0.0,742400
hardzero_only__c0p50__z1p10__lam0p000__nu0p50__psi0p00,hardzero_only,0.01,33,232,0.0,2,0.2342568,0.23523934,1.0076529,0.09825327,0.09825327,1.0,0.0009825327,0.01,-26.49162,2.2168806,0.7389602,0.136,0.0,0.12443243,0.0,0.0,745600
hardzero_only__c0p50__z1p10__lam0p000__nu0p50__psi0p00,hardzero_only,0.01,33,233,0.0,2,0.23523934,0.23621099,1.0124942,0.09716409,0.09716409,1.0,0.00097164087,0.01,-26.829407,2.2275317,0.74251056,0.104,0.0,0.13287234,0.0,0.0,748800
hardzero_only__c0p50__z1p10__lam0p000__nu0p50__psi0p00,hardzero_only,0.01,33,234,0.0,2,0.23621099,0.23715016,1.027253,0.093917586,0.093917586,1.0,0.00093917584,0.01,-27.43002,2.260002,0.753334,0.26,0.0,0.1627677,0.0,0.0,752000
hardzero_only__c0p50__z1p10__lam0p000__nu0p50__psi0p00,hardzero_only,0.01,33,235,0.0,2,0.23715016,0.23808159,1.0308529,0.09314234,0.09314234,1.0,0.00093142333,0.01,-27.66029,2.2679217,0.75597394,0.120000005,0.0,0.1604792,0.0,0.0,755200
hardzero_only__c0p50__z1p10__lam0p000__nu0p50__psi0p00,hardzero_only,0.01,33,236,0.0,2,0.23808159,0.23907116,1.0045513,0.0989575,0.0989575,1.0,0.0009895749,0.01,-26.90683,2.210057,0.7366857,0.18400002,0.0,0.1501886,0.0,0.0,758400
hardzero_only__c0p50__z1p10__lam0p000__nu0p50__psi0p00,hardzero_only,0.01,33,237,0.0,2,0.23907116,0.24018966,0.9513679,0.11184899,0.11184899,1.0,0.0011184899,0.01,-26.695341,2.0930512,0.69768375,0.15200001,0.0,0.14475295,0.0,0.0,761600
hardzero_only__c0p50__z1p10__lam0p000__nu0p50__psi0p00,hardzero_only,0.01,33,238,0.0,2,0.24018966,0.24111281,1.0347251,0.092315555,0.092315555,1.0,0.0009231555,0.01,-27.071623,2.2764406,0.75881356,0.136,0.0,0.14735632,0.0,0.0,764800
hardzero_only__c0p50__z1p10__lam0p000__nu0p50__psi0p00,hardzero_only,0.01,33,239,0.0,2,0.24111281,0.24203432,1.0355052,0.09214988,0.09214988,1.0,0.0009214988,0.01,-27.288883,2.2781568,0.7593856,0.120000005,0.0,0.15959576,0.0,0.0,768000
hardzero_only__c0p50__z1p10__lam0p000__nu0p50__psi0p00,hardzero_only,0.01,33,240,0.0,2,0.24203432,0.24318953,0.93733627,0.11552174,0.11552174,1.0,0.0011552173,0.01,-25.977942,2.062181,0.68739367,0.15200001,0.0,0.1338732,0.0,0.0,771200
hardzero_only__c0p50__z1p10__lam0p000__nu0p50__psi0p00,hardzero_only,0.01,33,241,0.0,2,0.24318953,0.24425882,0.97090244,0.1069295,0.1069295,1.0,0.001069295,0.01,-25.658709,2.136028,0.7120094,0.16000001,0.0,0.12129746,0.0,0.0,774400
hardzero_only__c0p50__z1p10__lam0p000__nu0p50__psi0p00,hardzero_only,0.01,33,242,0.0,2,0.24425882,0.24528676,0.9880298,0.10279457,0.10279457,1.0,0.0010279457,0.01,-26.80815,2.173709,0.7245697,0.216,0.0,0.13807462,0.0,0.0,777600
hardzero_only__c0p50__z1p10__lam0p000__nu0p50__psi0p00,hardzero_only,0.01,33,243,0.0,2,0.24528676,0.2462652,1.0094689,0.0978433,0.0978433,1.0,0.000978433,0.01,-27.525978,2.220876,0.740292,0.16800001,0.0,0.1535302,0.0,0.0,780800
hardzero_only__c0p50__z1p10__lam0p000__nu0p50__psi0p00,hardzero_only,0.01,33,244,0.0,2,0.2462652,0.24725957,1.0024536,0.099436626,0.099436626,1.0,0.0009943662,0.01,-27.081442,2.205442,0.73514736,0.192,0.0,0.14502409,0.0,0.0,784000
hardzero_only__c0p50__z1p10__lam0p000__nu0p50__psi0p00,hardzero_only,0.01,33,245,0.0,2,0.24725957,0.24815612,1.0474292,0.08965424,0.08965424,1.0,0.00089654233,0.01,-27.34307,2.3043902,0.76813006,0.16800001,0.0,0.15702064,0.0,0.0,787200
hardzero_only__c0p50__z1p10__lam0p000__nu0p50__psi0p00,hardzero_only,0.01,33,246,0.0,2,0.24815612,0.24906616,1.0409381,0.09100429,0.09100429,1.0,0.0009100429,0.01,-28.04672,2.2901096,0.7633699,0.16000001,0.0,0.16670659,0.0,0.0,790400
hardzero_only__c0p50__z1p10__lam0p000__nu0p50__psi0p00,hardzero_only,0.01,33,247,0.0,2,0.24906616,0.25001678,1.0219946,0.09506166,0.09506166,1.0,0.00095061655,0.01,-27.764383,2.248433,0.74947774,0.22999999,0.0,0.13975564,0.0,0.0,793600
hardzero_only__c0p50__z1p10__lam0p000__nu0p50__psi0p00,hardzero_only,0.01,33,248,0.0,2,0.25001678,0.250978,1.0171832,0.09612066,0.09612066,1.0,0.0009612066,0.01,-27.230543,2.2378476,0.7459492,0.16800001,0.0,0.14872687,0.0,0.0,796800
hardzero_only__c0p50__z1p10__lam0p000__nu0p50__psi0p00,hardzero_only,0.01,33,249,0.0,2,0.250978,0.25204226,0.97295237,0.10642596,0.10642596,1.0,0.0010642596,0.01,-25.79544,2.140538,0.71351266,0.17600001,0.0,0.119732596,0.0,0.0,800000
hardzero_only__c0p50__z1p10__lam0p000__nu0p50__psi0p00,hardzero_only,0.01,33,250,0.0,2,0.25204226,0.25298434,1.0259049,0.09420958,0.09420958,1.0,0.0009420958,0.01,-27.677397,2.2570357,0.75234526,0.128,0.0,0.15669231,0.0,0.0,803200
hardzero_only__c0p50__z1p10__lam0p000__nu0p50__psi0p00,hardzero_only,0.01,33,251,0.0,2,0.25298434,0.25405493,0.97037315,0.107059896,0.107059896,1.0,0.001070599,0.01,-25.694088,2.1348636,0.7116212,0.192,0.0,0.14623421,0.0,0.0,806400
hardzero_only__c0p50__z1p10__lam0p000__nu0p50__psi0p00,hardzero_only,0.01,33,252,0.0,2,0.25405493,0.25494513,1.0505096,0.08902059,0.08902059,1.0,0.00089020585,0.01,-27.295998,2.3111672,0.7703891,0.128,0.0,0.13292848,0.0,0.0,809600
hardzero_only__c0p50__z1p10__lam0p000__nu0p50__psi0p00,hardzero_only,0.01,33,253,0.0,2,0.25494513,0.25585508,1.0409793,0.09099567,0.09099567,1.0,0.0009099567,0.01,-27.903301,2.2902,0.7634,0.15200001,0.0,0.17808478,0.0,0.0,812800
hardzero_only__c0p50__z1p10__lam0p000__nu0p50__psi0p00,hardzero_only,0.01,33,254,0.0,2,0.25585508,0.25681457,1.017955,0.095950015,0.095950015,1.0,0.00095950015,0.01,-27.803854,2.2395456,0.7465152,0.16800001,0.0,0.13942517,0.0,0.0,816000
hardzero_only__c0p50__z1p10__lam0p000__nu0p50__psi0p00,hardzero_only,0.01,33,255,0.0,2,0.25681457,0.25796977,0.93734634,0.11551906,0.11551906,1.0,0.0011551906,0.01,-26.27336,2.0622032,0.68740106,0.15200001,0.0,0.12798601,0.0,0.0,819200
hardzero_only__c0p50__z1p10__lam0p000__nu0p50__psi0p00,hardzero_only,0.01,33,256,0.0,2,0.25796977,0.25905246,0.96549326,0.10826965,0.10826965,1.0,0.0010826965,0.01,-26.144926,2.1241276,0.70804256,0.16000001,0.0,0.120433874,0.0,0.0,822400
hardzero_only__c0p50__z1p10__lam0p000__nu0p50__psi0p00,hardzero_only,0.01,33,257,0.0,2,0.25905246,0.25996876,1.0379559,0.09163136,0.09163136,1.0,0.00091631355,0.01,-27.910164,2.2835486,0.7611829,0.15200001,0.0,0.1687778,0.0,0.0,825600
hardzero_only__c0p50__z1p10__lam0p000__nu0p50__psi0p00,hardzero_only,0.01,33,258,0.0,2,0.25996876,0.2611117,0.9419777,0.11429371,0.11429371,1.0,0.0011429371,0.01,-27.39469,2.0723922,0.69079745,0.224,0.0,0.14604129,0.0,0.0,828800
hardzero_only__c0p50__z1p10__lam0p000__nu0p50__psi0p00,hardzero_only,0.01,33,259,0.0,2,0.2611117,0.26203644,1.0339803,0.09247403,0.09247403,1.0,0.0009247403,0.01,-27.399803,2.274802,0.75826734,0.16800001,0.0,0.16759625,0.0,0.0,832000
hardzero_only__c0p50__z1p10__lam0p000__nu0p50__psi0p00,hardzero_only,0.01,33,260,0.0,2,0.26203644,0.26289845,1.0644927,0.0862,0.0862,1.0,0.000862,0.01,-27.360214,2.3419306,0.7806436,0.089999996,0.0,0.13695072,0.0,0.0,835200
hardzero_only__c0p50__z1p10__lam0p000__nu0p50__psi0p00,hardzero_only,0.01,33,261,0.0,2,0.26289845,0.26401663,0.95148724,0.11181827,0.11181827,1.0,0.0011181827,0.01,-25.903074,2.0933137,0.69777125,0.128,0.0,0.13078603,0.0,0.0,838400
hardzero_only__c0p50__z1p10__lam0p000__nu0p50__psi0p00,hardzero_only,0.01,33,262,0.0,2,0.26401663,0.26493928,1.03496,0.09226563,0.09226563,1.0,0.00092265627,0.01,-27.609165,2.2769575,0.7589859,0.16800001,0.0,0.15215139,0.0,0.0,841600
hardzero_only__c0p50__z1p10__lam0p000__nu0p50__psi0p00,hardzero_only,0.01,33,263,0.0,2,0.26493928,0.2658943,1.0199924,0.09550094,0.09550094,1.0,0.00095500937,0.01,-27.319181,2.2440279,0.7480093,0.136,0.0,0.14485143,0.0,0.0,844800
hardzero_only__c0p50__z1p10__lam0p000__nu0p50__psi0p00,hardzero_only,0.01,33,264,0.0,2,0.2658943,0.26680794,1.0392183,0.09136539,0.09136539,1.0,0.0009136539,0.01,-28.10085,2.286326,0.7621087,0.14400001,0.0,0.15728237,0.0,0.0,848000
hardzero_only__c0p50__z1p10__lam0p000__nu0p50__psi0p00,hardzero_only,0.01,33,265,0.0,2,0.26680794,0.26799083,0.9270632,0.118286945,0.118286945,1.0,0.0011828694,0.01,-25.415031,2.0395799,0.67986,0.216,0.0,0.13569045,0.0,0.0,851200
hardzero_only__c0p50__z1p10__lam0p000__nu0p50__psi0p00,hardzero_only,0.01,33,266,0.0,2,0.26799083,0.26911125,0.9506185,0.112042174,0.112042174,1.0,0.0011204217,0.01,-26.439596,2.0914025,0.6971342,0.14400001,0.0,0.12986766,0.0,0.0,854400
hardzero_only__c0p50__z1p10__lam0p000__nu0p50__psi0p00,hardzero_only,0.01,33,267,0.0,2,0.26911125,0.27003416,1.0348403,0.09229106,0.09229106,1.0,0.0009229106,0.01,-27.444412,2.2766943,0.75889814,0.136,0.0,0.16152874,0.0,0.0,857600
hardzero_only__c0p50__z1p10__lam0p000__nu0p50__psi0p00,hardzero_only,0.01,33,268,0.0,2,0.27003416,0.27099463,1.0175219,0.09604573,0.09604573,1.0,0.0009604573,0.01,-27.261278,2.2385929,0.74619764,0.128,0.0,0.12995684,0.0,0.0,860800
hardzero_only__c0p50__z1p10__lam0p000__nu0p50__psi0p00,hardzero_only,0.01,33,269,0.0,2,0.27099463,0.27196926,1.0111663,0.09746161,0.09746161,1.0,0.0009746161,0.01,-27.303474,2.2246103,0.7415368,0.15200001,0.0,0.16495854,0.0,0.0,864000
hardzero_only__c0p50__z1p10__lam0p000__nu0p50__psi0p00,hardzero_only,0.01,33,270,0.0,2,0.27196926,0.2729588,1.00457,0.09895323,0.09895323,1.0,0.0009895323,0.01,-27.056723,2.2100983,0.73669946,0.17600001,0.0,0.1485994,0.0,0.0,867200
hardzero_only__c0p50__z1p10__lam0p000__nu0p50__psi0p00,hardzero_only,0.01,33,271,0.0,2,0.2729588,0.27396876,0.9956911,0.10099709,0.10099709,1.0,0.0010099709,0.01,-27.358458,2.1905642,0.7301881,0.16000001,0.0,0.16491812,0.0,0.0,870400
hardzero_only__c0p50__z1p10__lam0p000__nu0p50__psi0p00,hardzero_only,0.01,33,272,0.0,2,0.27396876,0.27490553,1.0283593,0.09367866,0.09367866,1.0,0.0009367866,0.01,-28.042994,2.2624357,0.75414526,0.14400001,0.0,0.16364674,0.0,0.0,873600
hardzero_only__c0p50__z1p10__lam0p000__nu0p50__psi0p00,hardzero_only,0.01,33,273,0.0,2,0.27490553,0.27600017,0.96072346,0.109465316,0.109465316,1.0,0.0010946532,0.01,-26.183737,2.1136339,0.70454466,0.22999999,0.0,0.15370636,0.0,0.0,876800
hardzero_only__c0p50__z1p10__lam0p000__nu0p50__psi0p00,hardzero_only,0.01,33,274,0.0,2,0.27600017,0.27700463,0.99806875,0.10044569,0.10044569,1.0,0.0010044569,0.01,-27.357983,2.195795,0.7319317,0.136,0.0,0.15019856,0.0,0.0,880000
hardzero_only__c0p50__z1p10__lam0p000__nu0p50__psi0p00,hardzero_only,0.01,33,275,0.0,2,0.27700463,0.2779549,1.0221461,0.09502851,0.09502851,1.0,0.0009502851,0.01,-27.260836,2.2487664,0.74958885,0.15200001,0.0,0.15817413,0.0,0.0,883200
hardzero_only__c0p50__z1p10__lam0p000__nu0p50__psi0p00,hardzero_only,0.01,33,276,0.0,2,0.2779549,0.27884153,1.0522642,0.08866164,0.08866164,1.0,0.0008866164,0.01,-27.716537,2.3150275,0.7716758,0.14400001,0.0,0.17155269,0.0,0.0,886400
hardzero_only__c0p50__z1p10__lam0p000__nu0p50__psi0p00,hardzero_only,0.01,33,277,0.0,2,0.27884153,0.27981386,1.0121887,0.097232476,0.097232476,1.0,0.00097232475,0.01,-27.470196,2.2268596,0.74228656,0.16000001,0.0,0.17334357,0.0,0.0,889600
hardzero_only__c0p50__z1p10__lam0p000__nu0p50__psi0p00,hardzero_only,0.01,33,278,0.0,2,0.27981386,0.28076336,1.0224981,0.0949515,0.0949515,1.0,0.00094951503,0.01,-26.920399,2.2495408,0.74984694,0.14400001,0.0,0.15804186,0.0,0.0,892800
hardzero_only__c0p50__z1p10__lam0p000__nu0p50__psi0p00,hardzero_only,0.01,33,279,0.0,2,0.28076336,0.281848,0.96471,0.1084651,0.1084651,1.0,0.001084651,0.01,-26.206707,2.1224043,0.70746815,0.192,0.0,0.129052,0.0,0.0,896000
hardzero_only__c0p50__z1p10__lam0p000__nu0p50__psi0p00,hardzero_only,0.01,33,280,0.0,2,0.281848,0.28294057,0.96155566,0.109255776,0.109255776,1.0,0.0010925577,0.01,-26.397537,2.1154647,0.7051549,0.18400002,0.0,0.16283807,0.0,0.0,899200
hardzero_only__c0p50__z1p10__lam0p000__nu0p50__psi0p00,hardzero_only,0.01,33,281,0.0,2,0.28294057,0.28393617,1.0019128,0.09956051,0.09956051,1.0,0.000995605,0.01,-26.96642,2.2042522,0.73475075,0.16000001,0.0,0.13452516,0.0,0.0,902400
hardzero_only__c0p50__z1p10__lam0p000__nu0p50__psi0p00,hardzero_only,0.01,33,282,0.0,2,0.28393617,0.28494227,0.99735653,0.10061054,0.10061054,1.0,0.0010061053,0.01,-27.436499,2.1942282,0.73140943,0.208,0.0,0.1391356,0.0,0.0,905600
hardzero_only__c0p50__z1p10__lam0p000__nu0p50__psi0p00,hardzero_only,0.01,33,283,0.0,2,0.28494227,0.28589424,1.0213779,0.09519675,0.09519675,1.0,0.00095196743,0.01,-27.782583,2.2470763,0.74902546,0.16800001,0.0,0.1692051,0.0,0.0,908800
hardzero_only__c0p50__z1p10__lam0p000__nu0p50__psi0p00,hardzero_only,0.01,33,284,0.0,2,0.28589424,0.286841,1.0237638,0.094675206,0.094675206,1.0,0.000946752,0.01,-27.900042,2.2523253,0.7507751,0.16800001,0.0,0.13834743,0.0,0.0,912000
hardzero_only__c0p50__z1p10__lam0p000__nu0p50__psi0p00,hardzero_only,0.01,33,285,0.0,2,0.286841,0.28775588,1.0386376,0.09148763,0.09148763,1.0,0.0009148763,0.01,-27.83329,2.2850485,0.76168287,0.120000005,0.0,0.16824892,0.0,0.0,915200
hardzero_only__c0p50__z1p10__lam0p000__nu0p50__psi0p00,hardzero_only,0.01,33,286,0.0,2,0.28775588,0.2888616,0.95635325,0.1105724,0.1105724,1.0,0.0011057239,0.01,-26.008871,2.1040192,0.7013397,0.14,0.0,0.14011382,0.0,0.0,918400
hardzero_only__c0p50__z1p10__lam0p000__nu0p50__psi0p00,hardzero_only,0.01,33,287,0.0,2,0.2888616,0.2898223,1.0174114,0.0960702,0.0960702,1.0,0.00096070196,0.01,-27.195251,2.2383497,0.7461166,0.216,0.0,0.17011084,0.0,0.0,921600
hardzero_only__c0p50__z1p10__lam0p000__nu0p50__psi0p00,hardzero_only,0.01,33,288,0.0,2,0.2898223,0.29090962,0.9636477,0.10873072,0.10873072,1.0,0.0010873071,0.01,-26.877962,2.1200674,0.7066891,0.216,0.0,0.13721386,0.0,0.0,924800
hardzero_only__c0p50__z1p10__lam0p000__nu0p50__psi0p00,hardzero_only,0.01,33,289,0.0,2,0.29090962,0.29196504,0.97657835,0.105541095,0.105541095,1.0,0.001055411,0.01,-26.981827,2.1485152,0.71617174,0.15200001,0.0,0.15670402,0.0,0.0,928000
hardzero_only__c0p50__z1p10__lam0p000__nu0p50__psi0p00,hardzero_only,0.01,33,290,0.0,2,0.29196504,0.29304937,0.9648411,0.10843234,0.10843234,1.0,0.0010843234,0.01,-25.917618,2.1226928,0.7075643,0.18400002,0.0,0.1395523,0.0,0.0,931200
hardzero_only__c0p50__z1p10__lam0p000__nu0p50__psi0p00,hardzero_only,0.01,33,291,0.0,2,0.29304937,0.29413545,0.9641365,0.10860843,0.10860843,1.0,0.0010860843,0.01,-26.585339,2.1211426,0.7070476,0.15200001,0.0,0.13331252,0.0,0.0,934400
hardzero_only__c0p50__z1p10__lam0p000__nu0p50__psi0p00,hardzero_only,0.01,33,292,0.0,2,0.29413545,0.29524103,0.9564163,0.11055634,0.11055634,1.0,0.0011055634,0.01,-26.10665,2.104158,0.701386,0.14400001,0.0,0.13518171,0.0,0.0,937600
hardzero_only__c0p50__z1p10__lam0p000__nu0p50__psi0p00,hardzero_only,0.01,33,293,0.0,2,0.29524103,0.29621923,1.0095679,0.097821,0.097821,1.0,0.0009782099,0.01,-27.09288,2.2210937,0.74036455,0.112,0.0,0.15798983,0.0,0.0,940800
hardzero_only__c0p50__z1p10__lam0p000__nu0p50__psi0p00,hardzero_only,0.01,33,294,0.0,2,0.29621923,0.29712942,1.0408642,0.09101978,0.09101978,1.0,0.0009101978,0.01,-27.210829,2.289947,0.7633157,0.15200001,0.0,0.13475052,0.0,0.0,944000
hardzero_only__c0p50__z1p10__lam0p000__nu0p50__psi0p00,hardzero_only,0.01,33,295,0.0,2,0.29712942,0.29817384,0.9811289,0.10444101,0.10444101,1.0,0.00104441,0.01,-26.069494,2.1585267,0.7195089,0.136,0.0,0.13437141,0.0,0.0,947200
hardzero_only__c0p50__z1p10__lam0p000__nu0p50__psi0p00,hardzero_only,0.01,33,296,0.0,2,0.29817384,0.29924953,0.9683174,0.10756786,0.10756786,1.0,0.0010756786,0.01,-26.284563,2.1303408,0.71011364,0.208,0.0,0.14409164,0.0,0.0,950400
hardzero_only__c0p50__z1p10__lam0p000__nu0p50__psi0p00,hardzero_only,0.01,33,297,0.0,2,0.29924953,0.30014914,1.0459418,0.08996181,0.08996181,1.0,0.0008996181,0.01,-28.113466,2.301118,0.7670393,0.128,0.0,0.19315764,0.0,0.0,953600
hardzero_only__c0p50__z1p10__lam0p000__nu0p50__psi0p00,hardzero_only,0.01,33,298,0.0,2,0.30014914,0.30112922,1.0087436,0.09800683,0.09800683,1.0,0.0009800682,0.01,-26.981264,2.2192802,0.7397601,0.136,0.0,0.14143227,0.0,0.0,956800
hardzero_only__c0p50__z1p10__lam0p000__nu0p50__psi0p00,hardzero_only,0.01,33,299,0.0,2,0.30112922,0.3022178,0.963136,0.10885891,0.10885891,1.0,0.0010885891,0.01,-26.341282,2.1189415,0.70631385,0.14999999,0.0,0.1403212,0.0,0.0,960000
hardzero_only__c0p50__z1p10__lam0p000__nu0p50__psi0p00,hardzero_only,0.01,33,300,0.0,2,0.3022178,0.30320024,1.0076921,0.09824443,0.09824443,1.0,0.0009824443,0.01,-26.350443,2.2169669,0.738989,0.112,0.0,0.12474554,0.0,0.0,963200
hardzero_only__c0p50__z1p10__lam0p000__nu0p50__psi0p00,hardzero_only,0.01,33,301,0.0,2,0.30320024,0.30425084,0.9785703,0.10505815,0.10505815,1.0,0.0010505815,0.01,-27.113674,2.1528976,0.71763253,0.136,0.0,0.15360896,0.0,0.0,966400
hardzero_only__c0p50__z1p10__lam0p000__nu0p50__psi0p00,hardzero_only,0.01,33,302,0.0,2,0.30425084,0.3052563,0.99763656,0.1005457,0.1005457,1.0,0.0010054569,0.01,-26.790941,2.1948442,0.73161477,0.120000005,0.0,0.15916371,0.0,0.0,969600
hardzero_only__c0p50__z1p10__lam0p000__nu0p50__psi0p00,hardzero_only,0.01,33,303,0.0,2,0.3052563,0.30624738,1.0038954,0.09910705,0.09910705,1.0,0.0009910705,0.01,-27.244944,2.2086139,0.7362046,0.18400002,0.0,0.17039312,0.0,0.0,972800
hardzero_only__c0p50__z1p10__lam0p000__nu0p50__psi0p00,hardzero_only,0.01,33,304,0.0,2,0.30624738,0.30718514,1.0279117,0.09377526,0.09377526,1.0,0.00093775254,0.01,-27.642603,2.2614508,0.75381696,0.16000001,0.0,0.14196488,0.0,0.0,976000
hardzero_only__c0p50__z1p10__lam0p000__nu0p50__psi0p00,hardzero_only,0.01,33,305,0.0,2,0.30718514,0.30821902,0.98553324,0.10338719,0.10338719,1.0,0.0010338719,0.01,-26.658768,2.1682165,0.72273886,0.16000001,0.0,0.14632799,0.0,0.0,979200
hardzero_only__c0p50__z1p10__lam0p000__nu0p50__psi0p00,hardzero_only,0.01,33,306,0.0,2,0.30821902,0.3090802,1.0648998,0.08611923,0.08611923,1.0,0.00086119224,0.01,-28.89325,2.3428264,0.78094214,0.128,0.0,0.16967979,0.0,0.0,982400
hardzero_only__c0p50__z1p10__lam0p000__nu0p50__psi0p00,hardzero_only,0.01,33,307,0.0,2,0.3090802,0.310066,1.0062116,0.098579906,0.098579906,1.0,0.000985799,0.01,-26.849415,2.2137098,0.7379033,0.128,0.0,0.1505084,0.0,0.0,985600
hardzero_only__c0p50__z1p10__lam0p000__nu0p50__psi0p00,hardzero_only,0.01,33,308,0.0,2,0.310066,0.31102428,1.0185097,0.09582753,0.09582753,1.0,0.0009582752,0.01,-27.256277,2.2407663,0.74692214,0.216,0.0,0.16082223,0.0,0.0,988800
hardzero_only__c0p50__z1p10__lam0p000__nu0p50__psi0p00,hardzero_only,0.01,33,309,0.0,2,0.31102428,0.31212863,0.9568967,0.11043411,0.11043411,1.0,0.001104341,0.01,-25.954395,2.1052148,0.7017383,0.136,0.0,0.122687556,0.0,0.0,992000
hardzero_only__c0p50__z1p10__lam0p000__nu0p50__psi0p00,hardzero_only,0.01,33,310,0.0,2,0.31212863,0.3131019,1.0117711,0.09732601,0.09732601,1.0,0.0009732601,0.01,-27.420034,2.2259407,0.74198025,0.17600001,0.0,0.15589428,0.0,0.0,995200
hardzero_only__c0p50__z1p10__lam0p000__nu0p50__psi0p00,hardzero_only,0.01,33,311,0.0,2,0.3131019,0.31408244,1.0085248,0.09805623,0.09805623,1.0,0.0009805623,0.01,-27.46285,2.2187989,0.73959965,0.192,0.0,0.15142451,0.0,0.0,998400
hardzero_only__c0p50__z1p10__lam0p000__nu0p50__psi0p00,hardzero_only,0.01,33,312,0.0,2,0.31408244,0.3151178,0.98490256,0.10353744,0.10353744,1.0,0.0010353744,0.01,-26.791838,2.1668289,0.72227633,0.14,0.0,0.12613805,0.0,0.0,1001600
hardzero_only__c0p50__z1p10__lam0p000__nu0p50__psi0p00,hardzero_only,0.01,33,313,0.0,2,0.3151178,0.31619856,0.9662732,0.10807539,0.10807539,1.0,0.0010807539,0.01,-26.687551,2.1258435,0.7086145,0.216,0.0,0.13100976,0.0,0.0,1004800
hardzero_only__c0p50__z1p10__lam0p000__nu0p50__psi0p00,hardzero_only,0.01,33,314,0.0,2,0.31619856,0.31730938,0.9543513,0.11108327,0.11108327,1.0,0.0011108327,0.01,-25.820007,2.0996149,0.69987166,0.224,0.0,0.12846215,0.0,0.0,1008000
hardzero_only__c0p50__z1p10__lam0p000__nu0p50__psi0p00,hardzero_only,0.01,33,315,0.0,2,0.31730938,0.31821012,1.0453959,0.090074986,0.090074986,1.0,0.0009007498,0.01,-27.579935,2.2999167,0.76663893,0.14400001,0.0,0.15106712,0.0,0.0,1011200
hardzero_only__c0p50__z1p10__lam0p000__nu0p50__psi0p00,hardzero_only,0.01,33,316,0.0,2,0.31821012,0.31910914,1.0462294,0.089902274,0.089902274,1.0,0.00089902274,0.01,-28.751003,2.3017507,0.76725024,0.23200001,0.0,0.1687832,0.0,0.0,1014400
hardzero_only__c0p50__z1p10__lam0p000__nu0p50__psi0p00,hardzero_only,0.01,33,317,0.0,2,0.31910914,0.32008827,1.0091556,0.09791389,0.09791389,1.0,0.0009791389,0.01,-26.717617,2.2201867,0.74006224,0.224,0.0,0.1491681,0.0,0.0,1017600
hardzero_only__c0p50__z1p10__lam0p000__nu0p50__psi0p00,hardzero_only,0.01,33,318,0.0,2,0.32008827,0.32104316,1.020045,0.095489345,0.095489345,1.0,0.0009548934,0.01,-27.732819,2.244144,0.748048,0.120000005,0.0,0.17233977,0.0,0.0,1020800
hardzero_only__c0p50__z1p10__lam0p000__nu0p50__psi0p00,hardzero_only,0.01,33,319,0.0,2,0.32104316,0.32197243,1.0318608,0.092926405,0.092926405,1.0,0.00092926406,0.01,-27.856611,2.2701392,0.7567131,0.192,0.0,0.1663481,0.0,0.0,1024000
hardzero_only__c0p50__z1p10__lam0p000__nu0p50__psi0p00,hardzero_only,0.01,33,320,0.0,2,0.32197243,0.32296643,1.0026143,0.09939984,0.09939984,1.0,0.0009939984,0.01,-26.361385,2.2057955,0.7352652,0.192,0.0,0.15626432,0.0,0.0,1027200
hardzero_only__c0p50__z1p10__lam0p000__nu0p50__psi0p00,hardzero_only,0.01,33,321,0.0,2,0.32296643,0.32396367,1.0012004,0.09972395,0.09972395,1.0,0.0009972395,0.01,-26.767046,2.2026849,0.7342283,0.120000005,0.0,0.14402916,0.0,0.0,1030400
hardzero_only__c0p50__z1p10__lam0p000__nu0p50__psi0p00,hardzero_only,0.01,33,322,0.0,2,0.32396367,0.3249354,1.01245,0.097173974,0.097173974,1.0,0.0009717397,0.01,-27.660236,2.2274344,0.74247813,0.128,0.0,0.1505995,0.0,0.0,1033600
hardzero_only__c0p50__z1p10__lam0p000__nu0p50__psi0p00,hardzero_only,0.01,33,323,0.0,2,0.3249354,0.32604095,0.9564212,0.1105551,0.1105551,1.0,0.0011055509,0.01,-26.419,2.1041687,0.70138955,0.136,0.0,0.13113499,0.0,0.0,1036800
hardzero_only__c0p50__z1p10__lam0p000__nu0p50__psi0p00,hardzero_only,0.01,33,324,0.0,2,0.32604095,0.32702857,1.005413,0.09876133,0.09876133,1.0,0.0009876132,0.01,-27.289053,2.211953,0.7373177,0.120000005,0.0,0.14509334,0.0,0.0,1040000
hardzero_only__c0p50__z1p10__lam0p000__nu0p50__psi0p00,hardzero_only,0.01,33,325,0.0,2,0.32702857,0.3280236,1.002154,0.099505246,0.099505246,1.0,0.0009950524,0.01,-27.083544,2.2047827,0.7349276,0.12,0.0,0.13361971,0.0,0.0,1043200
hardzero_only__c0p50__z1p10__lam0p000__nu0p50__psi0p00,hardzero_only,0.01,33,326,0.0,2,0.3280236,0.3290663,0.9818486,0.10426809,0.10426809,1.0,0.0010426808,0.01,-26.282452,2.16011,0.7200367,0.16000001,0.0,0.1363432,0.0,0.0,1046400
hardzero_only__c0p50__z1p10__lam0p000__nu0p50__psi0p00,hardzero_only,0.01,33,327,0.0,2,0.3290663,0.33022532,0.9359121,0.1159012,0.1159012,1.0,0.001159012,0.01,-25.907412,2.0590477,0.6863493,0.216,0.0,0.14049606,0.0,0.0,1049600
hardzero_only__c0p50__z1p10__lam0p000__nu0p50__psi0p00,hardzero_only,0.01,33,328,0.0,2,0.33022532,0.3312426,0.9925662,0.101726405,0.101726405,1.0,0.001017264,0.01,-26.649836,2.1836894,0.72789645,0.16000001,0.008,0.14105311,0.0,0.0,1052800
hardzero_only__c0p50__z1p10__lam0p000__nu0p50__psi0p00,hardzero_only,0.01,33,329,0.0,2,0.3312426,0.33234352,0.9582372,0.110093795,0.110093795,1.0,0.001100938,0.01,-26.334183,2.1081638,0.7027213,0.17600001,0.0,0.13311565,0.0,0.0,1056000
hardzero_only__c0p50__z1p10__lam0p000__nu0p50__psi0p00,hardzero_only,0.01,33,330,0.0,2,0.33234352,0.3333279,1.0068406,0.09843722,0.09843722,1.0,0.0009843722,0.01,-27.143621,2.2150936,0.7383646,0.16000001,0.0,0.17595132,0.0,0.0,1059200
hardzero_only__c0p50__z1p10__lam0p000__nu0p50__psi0p00,hardzero_only,0.01,33,331,0.0,2,0.3333279,0.33432233,1.0024219,0.09944388,0.09944388,1.0,0.0009944388,0.01,-26.55505,2.205372,0.73512405,0.18400002,0.0,0.14096871,0.0,0.0,1062400
hardzero_only__c0p50__z1p10__lam0p000__nu0p50__psi0p00,hardzero_only,0.01,33,332,0.0,2,0.33432233,0.3353444,0.9905168,0.10220759,0.10220759,1.0,0.0010220759,0.01,-25.89774,2.1791804,0.72639346,0.14400001,0.008,0.13502535,0.0,0.0,1065600
hardzero_only__c0p50__z1p10__lam0p000__nu0p50__psi0p00,hardzero_only,0.01,33,333,0.0,2,0.3353444,0.3363434,1.0004326,0.09990043,0.09990043,1.0,0.0009990043,0.01,-26.930521,2.2009957,0.7336652,0.120000005,0.0,0.13546982,0.0,0.0,1068800
hardzero_only__c0p50__z1p10__lam0p000__nu0p50__psi0p00,hardzero_only,0.01,33,334,0.0,2,0.3363434,0.33724844,1.043334,0.09050362,0.09050362,1.0,0.00090503617,0.01,-28.232517,2.2953806,0.7651269,0.16000001,0.0,0.15712938,0.0,0.0,1072000
hardzero_only__c0p50__z1p10__lam0p000__nu0p50__psi0p00,hardzero_only,0.01,33,335,0.0,2,0.33724844,0.33830217,0.9772738,0.10537224,0.10537224,1.0,0.0010537225,0.01,-26.376741,2.1500454,0.71668184,0.16800001,0.0,0.14117908,0.0,0.0,1075200
hardzero_only__c0p50__z1p10__lam0p000__nu0p50__psi0p00,hardzero_only,0.01,33,336,0.0,2,0.33830217,0.33929473,1.0032419,0.099256314,0.099256314,1.0,0.0009925631,0.01,-27.030691,2.2071762,0.7357254,0.136,0.0,0.14487496,0.0,0.0,1078400
hardzero_only__c0p50__z1p10__lam0p000__nu0p50__psi0p00,hardzero_only,0.01,33,337,0.0,2,0.33929473,0.34032977,0.9850431,0.10350394,0.10350394,1.0,0.0010350394,0.01,-26.688278,2.167138,0.7223794,0.16000001,0.0,0.14363149,0.0,0.0,1081600
hardzero_only__c0p50__z1p10__lam0p000__nu0p50__psi0p00,hardzero_only,0.01,33,338,0.0,2,0.34032977,0.34131545,1.0062637,0.09856806,0.09856806,1.0,0.0009856806,0.01,-26.728579,2.2138245,0.7379415,0.21,0.0,0.16848002,0.0,0.0,1084800
hardzero_only__c0p50__z1p10__lam0p000__nu0p50__psi0p00,hardzero_only,0.01,33,339,0.0,2,0.34131545,0.3423027,1.0055665,0.09872644,0.09872644,1.0,0.0009872643,0.01,-27.071346,2.2122905,0.7374302,0.128,0.0,0.14243668,0.0,0.0,1088000
hardzero_only__c0p50__z1p10__lam0p000__nu0p50__psi0p00,hardzero_only,0.01,33,340,0.0,2,0.3423027,0.34325233,1.0224503,0.09496196,0.09496196,1.0,0.0009496196,0.01,-26.519161,2.2494357,0.7498119,0.18400002,0.0,0.13554749,0.0,0.0,1091200
hardzero_only__c0p50__z1p10__lam0p000__nu0p50__psi0p00,hardzero_only,0.01,33,341,0.0,2,0.34325233,0.34439144,0.94344044,0.1139094,0.1139094,1.0,0.001139094,0.01,-26.534403,2.0756104,0.69187015,0.18400002,0.0,0.13734336,0.0,0.0,1094400
hardzero_only__c0p50__z1p10__lam0p000__nu0p50__psi0p00,hardzero_only,0.01,33,342,0.0,2,0.34439144,0.34546432,0.9694507,0.107287526,0.107287526,1.0,0.0010728752,0.01,-26.713617,2.1328342,0.7109448,0.23200001,0.0,0.14965074,0.0,0.0,1097600
hardzero_only__c0p50__z1p10__lam0p000__nu0p50__psi0p00,hardzero_only,0.01,33,343,0.0,2,0.34546432,0.3464951,0.986839,0.10307682,0.10307682,1.0,0.0010307682,0.01,-26.197489,2.1710892,0.7236964,0.216,0.0,0.14182653,0.0,0.0,1100800
hardzero_only__c0p50__z1p10__lam0p000__nu0p50__psi0p00,hardzero_only,0.01,33,344,0.0,2,0.3464951,0.34761336,0.9514528,0.11182712,0.11182712,1.0,0.0011182711,0.01,-26.07926,2.0932379,0.697746,0.216,0.0,0.15262954,0.0,0.0,1104000
hardzero_only__c0p50__z1p10__lam0p000__nu0p50__psi0p00,hardzero_only,0.01,33,345,0.0,2,0.34761336,0.34881872,0.91888124,0.12053654,0.12053654,1.0,0.0012053654,0.01,-26.158869,2.021579,0.6738597,0.23200001,0.0,0.1289287,0.0,0.0,1107200
hardzero_only__c0p50__z1p10__lam0p000__nu0p50__psi0p00,hardzero_only,0.01,33,346,0.0,2,0.34881872,0.3497711,1.0211793,0.09524029,0.09524029,1.0,0.0009524028,0.01,-27.267162,2.2466395,0.74887985,0.17600001,0.0,0.13365653,0.0,0.0,1110400
hardzero_only__c0p50__z1p10__lam0p000__nu0p50__psi0p00,hardzero_only,0.01,33,347,0.0,2,0.3497711,0.35074368,1.0120734,0.09725828,0.09725828,1.0,0.0009725827,0.01,-27.138937,2.226606,0.742202,0.128,0.0,0.15347588,0.0,0.0,1113600
hardzero_only__c0p50__z1p10__lam0p000__nu0p50__psi0p00,hardzero_only,0.01,33,348,0.0,2,0.35074368,0.35165122,1.0421399,0.09075282,0.09075282,1.0,0.00090752816,0.01,-27.954079,2.2927535,0.7642512,0.15200001,0.0,0.13583845,0.0,0.0,1116800
hardzero_only__c0p50__z1p10__lam0p000__nu0p50__psi0p00,hardzero_only,0.01,33,349,0.0,2,0.35165122,0.35269675,0.9806683,0.10455185,0.10455185,1.0,0.0010455184,0.01,-26.100891,2.1575134,0.71917117,0.128,0.0,0.13114156,0.0,0.0,1120000
hardzero_only__c0p50__z1p10__lam0p000__nu0p50__psi0p00,hardzero_only,0.01,33,350,0.0,2,0.35269675,0.35365203,1.0198696,0.09552795,0.09552795,1.0,0.00095527945,0.01,-26.642881,2.2437577,0.74791926,0.14400001,0.0,0.13451518,0.0,0.0,1123200
hardzero_only__c0p50__z1p10__lam0p000__nu0p50__psi0p00,hardzero_only,0.01,33,351,0.0,2,0.35365203,0.35458934,1.0281128,0.09373185,0.09373185,1.0,0.0009373185,0.01,-27.942995,2.2618933,0.7539644,0.17999999,0.0,0.14251299,0.0,0.0,1126400
hardzero_only__c0p50__z1p10__lam0p000__nu0p50__psi0p00,hardzero_only,0.01,33,352,0.0,2,0.35458934,0.35562998,0.9826944,0.10406522,0.10406522,1.0,0.0010406522,0.01,-26.40265,2.1619709,0.720657,0.15200001,0.0,0.1439812,0.0,0.0,1129600
hardzero_only__c0p50__z1p10__lam0p000__nu0p50__psi0p00,hardzero_only,0.01,33,353,0.0,2,0.35562998,0.3566609,0.986769,0.103093415,0.103093415,1.0,0.0010309342,0.01,-26.958508,2.1709352,0.7236451,0.136,0.0,0.13076396,0.0,0.0,1132800
hardzero_only__c0p50__z1p10__lam0p000__nu0p50__psi0p00,hardzero_only,0.01,33,354,0.0,2,0.3566609,0.3576904,0.9873713,0.10295053,0.10295053,1.0,0.0010295053,0.01,-27.331528,2.1722603,0.72408676,0.24000001,0.0,0.17677681,0.0,0.0,1136000
hardzero_only__c0p50__z1p10__lam0p000__nu0p50__psi0p00,hardzero_only,0.01,33,355,0.0,2,0.3576904,0.3587483,0.9755561,0.10578982,0.10578982,1.0,0.0010578982,0.01,-26.592884,2.1462662,0.7154221,0.16000001,0.0,0.15841086,0.0,0.0,1139200
hardzero_only__c0p50__z1p10__lam0p000__nu0p50__psi0p00,hardzero_only,0.01,33,356,0.0,2,0.3587483,0.35971785,1.0134289,0.096955195,0.096955195,1.0,0.0009695519,0.01,-26.663992,2.229588,0.743196,0.15200001,0.0,0.15056443,0.0,0.0,1142400
hardzero_only__c0p50__z1p10__lam0p000__nu0p50__psi0p00,hardzero_only,0.01,33,357,0.0,2,0.35971785,0.3606404,1.0350094,0.09225514,0.09225514,1.0,0.0009225514,0.01,-28.6066,2.2770662,0.7590221,0.15200001,0.0,0.17306371,0.0,0.0,1145600
hardzero_only__c0p50__z1p10__lam0p000__nu0p50__psi0p00,hardzero_only,0.01,33,358,0.0,2,0.3606404,0.36161265,1.0122255,0.09722422,0.09722422,1.0,0.0009722422,0.01,-26.4251,2.2269406,0.74231356,0.128,0.0,0.14390197,0.0,0.0,1148800
hardzero_only__c0p50__z1p10__lam0p000__nu0p50__psi0p00,hardzero_only,0.01,33,359,0.0,2,0.36161265,0.3626826,0.9706365,0.106994994,0.106994994,1.0,0.0010699499,0.01,-26.186945,2.135443,0.71181434,0.14400001,0.0,0.13473403,0.0,0.0,1152000
hardzero_only__c0p50__z1p10__lam0p000__nu0p50__psi0p00,hardzero_only,0.01,33,360,0.0,2,0.3626826,0.36365393,1.0126376,0.097132005,0.097132005,1.0,0.00097132,0.01,-27.330679,2.2278473,0.7426158,0.16000001,0.0,0.1430541,0.0,0.0,1155200
hardzero_only__c0p50__z1p10__lam0p000__nu0p50__psi0p00,hardzero_only,0.01,33,361,0.0,2,0.36365393,0.36477736,0.9494517,0.1123436,0.1123436,1.0,0.001123436,0.01,-26.710787,2.0888355,0.6962785,0.216,0.0,0.11713758,0.0,0.0,1158400
hardzero_only__c0p50__z1p10__lam0p000__nu0p50__psi0p00,hardzero_only,0.01,33,362,0.0,2,0.36477736,0.36593702,0.9356636,0.11596754,0.11596754,1.0,0.0011596754,0.01,-25.829823,2.058501,0.686167,0.24000001,0.0,0.13352424,0.0,0.0,1161600
hardzero_only__c0p50__z1p10__lam0p000__nu0p50__psi0p00,hardzero_only,0.01,33,363,0.0,2,0.36593702,0.36696017,0.9900605,0.10231504,0.10231504,1.0,0.0010231504,0.01,-26.340248,2.1781766,0.7260589,0.16000001,0.0,0.13239591,0.0,0.0,1164800
hardzero_only__c0p50__z1p10__lam0p000__nu0p50__psi0p00,hardzero_only,0.01,33,364,0.0,2,0.36696017,0.36818767,0.91098356,0.12274857,0.12274857,1.0,0.0012274857,0.01,-25.234379,2.0042038,0.66806793,0.21,0.0,0.14718254,0.0,0.0,1168000
hardzero_only__c0p50__z1p10__lam0p000__nu0p50__psi0p00,hardzero_only,0.01,33,365,0.0,2,0.36818767,0.36915913,1.0125786,0.09714521,0.09714521,1.0,0.00097145204,0.01,-27.359377,2.2277174,0.7425725,0.104,0.0,0.15107352,0.0,0.0,1171200
hardzero_only__c0p50__z1p10__lam0p000__nu0p50__psi0p00,hardzero_only,0.01,33,366,0.0,2,0.36915913,0.3702601,0.95822436,0.11009702,0.11009702,1.0,0.0011009702,0.01,-26.964499,2.1081357,0.70271194,0.216,0.0,0.15297015,0.0,0.0,1174400
hardzero_only__c0p50__z1p10__lam0p000__nu0p50__psi0p00,hardzero_only,0.01,33,367,0.0,2,0.3702601,0.37128034,0.99128795,0.10202628,0.10202628,1.0,0.0010202627,0.01,-26.586834,2.180877,0.726959,0.128,0.0,0.1509494,0.0,0.0,1177600
hardzero_only__c0p50__z1p10__lam0p000__nu0p50__psi0p00,hardzero_only,0.01,33,368,0.0,2,0.37128034,0.3724173,0.94425005,0.113697246,0.113697246,1.0,0.0011369725,0.01,-25.847063,2.0773916,0.6924639,0.17600001,0.0,0.1213186,0.0,0.0,1180800
hardzero_only__c0p50__z1p10__lam0p000__nu0p50__psi0p00,hardzero_only,0.01,33,369,0.0,2,0.3724173,0.37345967,0.9819827,0.10423588,0.10423588,1.0,0.0010423588,0.01,-26.889748,2.1604052,0.7201351,0.17600001,0.0,0.1418232,0.0,0.0,1184000
hardzero_only__c0p50__z1p10__lam0p000__nu0p50__psi0p00,hardzero_only,0.01,33,370,0.0,2,0.37345967,0.37445387,1.0025249,0.099420324,0.099420324,1.0,0.0009942033,0.01,-26.84713,2.2055986,0.7351996,0.192,0.0,0.13878429,0.0,0.0,1187200
hardzero_only__c0p50__z1p10__lam0p000__nu0p50__psi0p00,hardzero_only,0.01,33,371,0.0,2,0.37445387,0.3755457,0.9618461,0.1091827,0.1091827,1.0,0.0010918269,0.01,-26.313068,2.1161036,0.7053679,0.216,0.0,0.13861701,0.0,0.0,1190400
hardzero_only__c0p50__z1p10__lam0p000__nu0p50__psi0p00,hardzero_only,0.01,33,372,0.0,2,0.3755457,0.37650576,1.0177118,0.09600375,0.09600375,1.0,0.00096003746,0.01,-27.403456,2.2390106,0.7463369,0.2,0.0,0.17274944,0.0,0.0,1193600
hardzero_only__c0p50__z1p10__lam0p000__nu0p50__psi0p00,hardzero_only,0.01,33,373,0.0,2,0.37650576,0.37754804,0.98202205,0.10422643,0.10422643,1.0,0.0010422643,0.01,-26.429747,2.1604917,0.72016394,0.136,0.0,0.13588135,0.0,0.0,1196800
hardzero_only__c0p50__z1p10__lam0p000__nu0p50__psi0p00,hardzero_only,0.01,33,374,0.0,2,0.37754804,0.3785948,0.98015565,0.10467534,0.10467534,1.0,0.0010467534,0.01,-25.906212,2.1563854,0.7187952,0.120000005,0.0,0.11905535,0.0,0.0,1200000
hardzero_only__c0p50__z1p10__lam0p000__nu0p50__psi0p00,hardzero_only,0.01,33,375,0.0,2,0.3785948,0.3795819,1.0056307,0.09871185,0.09871185,1.0,0.0009871185,0.01,-26.455091,2.212432,0.7374773,0.15200001,0.0,0.13484363,0.0,0.0,1203200
hardzero_only__c0p50__z1p10__lam0p000__nu0p50__psi0p00,hardzero_only,0.01,33,376,0.0,2,0.3795819,0.38058567,0.998368,0.10037647,0.10037647,1.0,0.0010037647,0.01,-27.05929,2.1964536,0.7321512,0.192,0.0,0.13846959,0.0,0.0,1206400
hardzero_only__c0p50__z1p10__lam0p000__nu0p50__psi0p00,hardzero_only,0.01,33,377,0.0,2,0.38058567,0.38160178,0.9930588,0.10161111,0.10161111,1.0,0.001016111,0.01,-26.52418,2.184773,0.72825766,0.17,0.0,0.15944384,0.0,0.0,1209600
hardzero_only__c0p50__z1p10__lam0p000__nu0p50__psi0p00,hardzero_only,0.01,33,378,0.0,2,0.38160178,0.38254824,1.0238965,0.09464627,0.09464627,1.0,0.0009464627,0.01,-27.513905,2.2526171,0.7508724,0.14400001,0.0,0.17478994,0.0,0.0,1212800
hardzero_only__c0p50__z1p10__lam0p000__nu0p50__psi0p00,hardzero_only,0.01,33,379,0.0,2,0.38254824,0.38371718,0.93221307,0.116892576,0.116892576,1.0,0.0011689258,0.01,-25.482038,2.0509098,0.6836366,0.15200001,0.0,0.1169101,0.0,0.0,1216000
hardzero_only__c0p50__z1p10__lam0p000__nu0p50__psi0p00,hardzero_only,0.01,33,380,0.0,2,0.38371718,0.38462308,1.0429233,0.090589255,0.090589255,1.0,0.0009058925,0.01,-27.979006,2.2944772,0.76482576,0.15200001,0.0,0.14626096,0.0,0.0,1219200
hardzero_only__c0p50__z1p10__lam0p000__nu0p50__psi0p00,hardzero_only,0.01,33,381,0.0,2,0.38462308,0.38564488,0.99063194,0.10218049,0.10218049,1.0,0.0010218049,0.01,-27.123247,2.1794338,0.726478,0.16800001,0.0,0.1414461,0.0,0.0,1222400
hardzero_only__c0p50__z1p10__lam0p000__nu0p50__psi0p00,hardzero_only,0.01,33,382,0.0,2,0.38564488,0.38657114,1.0332727,0.092624776,0.092624776,1.0,0.00092624774,0.01,-27.284113,2.2732453,0.7577485,0.120000005,0.0,0.14684395,0.0,0.0,1225600
hardzero_only__c0p50__z1p10__lam0p000__nu0p50__psi0p00,hardzero_only,0.01,33,383,0.0,2,0.38657114,0.38755414,1.0074528,0.09829855,0.09829855,1.0,0.0009829855,0.01,-26.981314,2.2164404,0.7388135,0.18400002,0.0,0.15461825,0.0,0.0,1228800
hardzero_only__c0p50__z1p10__lam0p000__nu0p50__psi0p00,hardzero_only,0.01,33,384,0.0,2,0.38755414,0.38855702,0.99874574,0.10028921,0.10028921,1.0,0.001002892,0.01,-26.837225,2.1972845,0.7324282,0.216,0.0,0.16112074,0.0,0.0,1232000
hardzero_only__c0p50__z1p10__lam0p000__nu0p50__psi0p00,hardzero_only,0.01,33,385,0.0,2,0.38855702,0.38949937,1.0257906,0.094234385,0.094234385,1.0,0.00094234385,0.01,-26.581501,2.2567844,0.7522615,0.104,0.0,0.14352965,0.0,0.0,1235200
hardzero_only__c0p50__z1p10__lam0p000__nu0p50__psi0p00,hardzero_only,0.01,33,386,0.0,2,0.38949937,0.39054835,0.97923577,0.10489728,0.10489728,1.0,0.0010489728,0.01,-27.05248,2.1543617,0.7181206,0.15200001,0.0,0.14117204,0.0,0.0,1238400
hardzero_only__c0p50__z1p10__lam0p000__nu0p50__psi0p00,hardzero_only,0.01,33,387,0.0,2,0.39054835,0.39144439,1.0476786,0.08960275,0.08960275,1.0,0.0008960275,0.01,-27.214579,2.304939,0.76831305,0.128,0.0,0.16131614,0.0,0.0,1241600
hardzero_only__c0p50__z1p10__lam0p000__nu0p50__psi0p00,hardzero_only,0.01,33,388,0.0,2,0.39144439,0.3924524,0.9965415,0.10079952,0.10079952,1.0,0.0010079952,0.01,-27.718006,2.192435,0.7308117,0.15200001,0.0,0.17297821,0.0,0.0,1244800
hardzero_only__c0p50__z1p10__lam0p000__nu0p50__psi0p00,hardzero_only,0.01,33,389,0.0,2,0.3924524,0.3935941,0.9424481,0.114169985,0.114169985,1.0,0.0011416998,0.01,-25.205292,2.0734272,0.69114244,0.24800001,0.0,0.12826411,0.0,0.0,1248000
hardzero_only__c0p50__z1p10__lam0p000__nu0p50__psi0p00,hardzero_only,0.01,33,390,0.0,2,0.3935941,0.3946421,0.9796229,0.10480382,0.10480382,1.0,0.0010480382,0.01,-27.102343,2.1552134,0.7184045,0.21,0.0,0.124416046,0.0,0.0,1251200
hardzero_only__c0p50__z1p10__lam0p000__nu0p50__psi0p00,hardzero_only,0.01,33,391,0.0,2,0.3946421,0.3956447,0.9988822,0.100257725,0.100257725,1.0,0.0010025772,0.01,-26.08422,2.1975846,0.7325282,0.120000005,0.0,0.118934534,0.0,0.0,1254400
hardzero_only__c0p50__z1p10__lam0p000__nu0p50__psi0p00,hardzero_only,0.01,33,392,0.0,2,0.3956447,0.39673507,0.9624235,0.109037645,0.109037645,1.0,0.0010903764,0.01,-26.493706,2.117374,0.70579135,0.14400001,0.0,0.1306788,0.0,0.0,1257600
hardzero_only__c0p50__z1p10__lam0p000__nu0p50__psi0p00,hardzero_only,0.01,33,393,0.0,2,0.39673507,0.39775652,0.99078727,0.10214396,0.10214396,1.0,0.0010214396,0.01,-27.592106,2.1797755,0.7265918,0.216,0.0,0.18211177,0.0,0.0,1260800
hardzero_only__c0p50__z1p10__lam0p000__nu0p50__psi0p00,hardzero_only,0.01,33,394,0.0,2,0.39775652,0.39880642,0.9788478,0.10499102,0.10499102,1.0,0.0010499102,0.01,-27.36362,2.1535082,0.7178361,0.16000001,0.0,0.16227543,0.0,0.0,1264000
hardzero_only__c0p50__z1p10__lam0p000__nu0p50__psi0p00,hardzero_only,0.01,33,395,0.0,2,0.39880642,0.39992487,0.9513842,0.1118448,0.1118448,1.0,0.001118448,0.01,-25.24166,2.093087,0.6976957,0.17600001,0.0,0.11938268,0.0,0.0,1267200
hardzero_only__c0p50__z1p10__lam0p000__nu0p50__psi0p00,hardzero_only,0.01,33,396,0.0,2,0.39992487,0.40093958,0.9936622,0.10147003,0.10147003,1.0,0.0010147003,0.01,-26.352024,2.1861005,0.72870016,0.16800001,0.0,0.1445163,0.0,0.0,1270400
hardzero_only__c0p50__z1p10__lam0p000__nu0p50__psi0p00,hardzero_only,0.01,33,397,0.0,2,0.40093958,0.40196887,0.9874626,0.10292891,0.10292891,1.0,0.0010292891,0.01,-26.34726,2.172461,0.7241537,0.128,0.0,0.14486995,0.0,0.0,1273600
hardzero_only__c0p50__z1p10__lam0p000__nu0p50__psi0p00,hardzero_only,0.01,33,398,0.0,2,0.40196887,0.40303,0.97422886,0.10611362,0.10611362,1.0,0.0010611361,0.01,-26.664568,2.1433463,0.7144488,0.17600001,0.0,0.1508497,0.0,0.0,1276800
hardzero_only__c0p50__z1p10__lam0p000__nu0p50__psi0p00,hardzero_only,0.01,33,399,0.0,2,0.40303,0.40404063,0.9954087,0.10106278,0.10106278,1.0,0.0010106278,0.01,-26.976099,2.1899428,0.72998095,0.128,0.0,0.16388923,0.0,0.0,1280000
hardzero_only__c0p50__z1p10__lam0p000__nu0p50__psi0p00,hardzero_only,0.01,33,400,0.0,2,0.40404063,0.4050539,0.99427104,0.10132788,0.10132788,1.0,0.0010132788,0.01,-26.961445,2.18744,0.72914666,0.17600001,0.0,0.14279851,0.0,0.0,1283200
hardzero_only__c0p50__z1p10__lam0p000__nu0p50__psi0p00,hardzero_only,0.01,33,401,0.0,2,0.4050539,0.40597016,1.037994,0.09162329,0.09162329,1.0,0.0009162329,0.01,-27.27584,2.2836325,0.76121086,0.18400002,0.0,0.17707601,0.0,0.0,1286400
hardzero_only__c0p50__z1p10__lam0p000__nu0p50__psi0p00,hardzero_only,0.01,33,402,0.0,2,0.40597016,0.40700278,0.98606175,0.103261456,0.103261456,1.0,0.0010326145,0.01,-26.763552,2.1693792,0.7231264,0.224,0.008,0.16595279,0.0,0.0,1289600
hardzero_only__c0p50__z1p10__lam0p000__nu0p50__psi0p00,hardzero_only,0.01,33,403,0.0,2,0.40700278,0.40811655,0.9531986,0.111378506,0.111378506,1.0,0.0011137851,0.01,-26.56501,2.0970788,0.6990263,0.19,0.0,0.15717044,0.0,0.0,1292800
hardzero_only__c0p50__z1p10__lam0p000__nu0p50__psi0p00,hardzero_only,0.01,33,404,0.0,2,0.40811655,0.40895775,1.0751008,0.08411999,0.08411999,1.0,0.0008411999,0.01,-28.88494,2.365269,0.788423,0.15200001,0.0,0.13129519,0.0,0.0,1296000
hardzero_only__c0p50__z1p10__lam0p000__nu0p50__psi0p00,hardzero_only,0.01,33,405,0.0,2,0.40895775,0.41000804,0.9786944,0.105028115,0.105028115,1.0,0.0010502811,0.01,-26.66424,2.1531706,0.71772355,0.192,0.0,0.14243087,0.0,0.0,1299200
hardzero_only__c0p50__z1p10__lam0p000__nu0p50__psi0p00,hardzero_only,0.01,33,406,0.0,2,0.41000804,0.41098732,1.0090923,0.09792818,0.09792818,1.0,0.0009792818,0.01,-27.379847,2.2200475,0.74001586,0.18400002,0.008,0.1679631,0.0,0.0,1302400
hardzero_only__c0p50__z1p10__lam0p000__nu0p50__psi0p00,hardzero_only,0.01,33,407,0.0,2,0.41098732,0.41200185,0.99373144,0.10145385,0.10145385,1.0,0.0010145385,0.01,-27.258717,2.1862528,0.72875094,0.23200001,0.0,0.16461553,0.0,0.0,1305600
hardzero_only__c0p50__z1p10__lam0p000__nu0p50__psi0p00,hardzero_only,0.01,33,408,0.0,2,0.41200185,0.412992,1.0042988,0.099015035,0.099015035,1.0,0.0009901504,0.01,-27.140049,2.2095015,0.7365005,0.18400002,0.0,0.1482472,0.0,0.0,1308800
hardzero_only__c0p50__z1p10__lam0p000__nu0p50__psi0p00,hardzero_only,0.01,33,409,0.0,2,0.412992,0.41398185,1.004433,0.09898444,0.09898444,1.0,0.0009898444,0.01,-27.325674,2.209797,0.73659897,0.2,0.0,0.14923649,0.0,0.0,1312000
hardzero_only__c0p50__z1p10__lam0p000__nu0p50__psi0p00,hardzero_only,0.01,33,410,0.0,2,0.41398185,0.41497177,1.0044079,0.09899019,0.09899019,1.0,0.0009899018,0.01,-26.513992,2.2097414,0.7365805,0.16000001,0.0,0.14217962,0.0,0.0,1315200
hardzero_only__c0p50__z1p10__lam0p000__nu0p50__psi0p00,hardzero_only,0.01,33,411,0.0,2,0.41497177,0.4159716,1.0000724,0.099983335,0.099983335,1.0,0.0009998333,0.01,-27.14819,2.2002032,0.73340106,0.16000001,0.0,0.15836705,0.0,0.0,1318400
hardzero_only__c0p50__z1p10__lam0p000__nu0p50__psi0p00,hardzero_only,0.01,33,412,0.0,2,0.4159716,0.41705242,0.96625036,0.10808106,0.10808106,1.0,0.0010808106,0.01,-25.502035,2.1257932,0.7085978,0.104,0.0,0.13188912,0.0,0.0,1321600
hardzero_only__c0p50__z1p10__lam0p000__nu0p50__psi0p00,hardzero_only,0.01,33,413,0.0,2,0.41705242,0.41807556,0.99005824,0.102315575,0.102315575,1.0,0.0010231558,0.01,-26.76717,2.1781716,0.72605723,0.16000001,0.0,0.14533189,0.0,0.0,1324800
hardzero_only__c0p50__z1p10__lam0p000__nu0p50__psi0p00,hardzero_only,0.01,33,414,0.0,2,0.41807556,0.4191249,0.9790883,0.104932904,0.104932904,1.0,0.0010493291,0.01,-26.366114,2.1540372,0.71801245,0.192,0.0,0.14032193,0.0,0.0,1328000
hardzero_only__c0p50__z1p10__lam0p000__nu0p50__psi0p00,hardzero_only,0.01,33,415,0.0,2,0.4191249,0.42013264,0.99664885,0.100774616,0.100774616,1.0,0.0010077461,0.01,-27.521729,2.1926713,0.73089045,0.17600001,0.0,0.1580418,0.0,0.0,1331200
hardzero_only__c0p50__z1p10__lam0p000__nu0p50__psi0p00,hardzero_only,0.01,33,416,0.0,2,0.42013264,0.42101532,1.0541974,0.08826785,0.08826785,1.0,0.00088267843,0.01,-27.29108,2.3192806,0.7730936,0.19999999,0.0,0.17106405,0.0,0.0,1334400
hardzero_only__c0p50__z1p10__lam0p000__nu0p50__psi0p00,hardzero_only,0.01,33,417,0.0,2,0.42101532,0.42211717,0.95787203,0.11018638,0.11018638,1.0,0.0011018638,0.01,-25.820293,2.1073606,0.70245355,0.112,0.0,0.13367037,0.0,0.0,1337600
hardzero_only__c0p50__z1p10__lam0p000__nu0p50__psi0p00,hardzero_only,0.01,33,418,0.0,2,0.42211717,0.4230943,1.0100461,0.09771333,0.09771333,1.0,0.0009771333,0.01,-26.520731,2.2221458,0.74071527,0.136,0.0,0.14966212,0.0,0.0,1340800
hardzero_only__c0p50__z1p10__lam0p000__nu0p50__psi0p00,hardzero_only,0.01,33,419,0.0,2,0.4230943,0.42405313,1.0182595,0.09588274,0.09588274,1.0,0.00095882744,0.01,-27.785742,2.2402158,0.7467386,0.128,0.0,0.13328871,0.0,0.0,1344000
hardzero_only__c0p50__z1p10__lam0p000__nu0p50__psi0p00,hardzero_only,0.01,33,420,0.0,2,0.42405313,0.42506406,0.99527484,0.10109394,0.10109394,1.0,0.0010109394,0.01,-26.950695,2.1896484,0.72988284,0.16800001,0.0,0.14900693,0.0,0.0,1347200
hardzero_only__c0p50__z1p10__lam0p000__nu0p50__psi0p00,hardzero_only,0.01,33,421,0.0,2,0.42506406,0.42602736,1.0162449,0.096328564,0.096328564,1.0,0.0009632856,0.01,-27.785625,2.2357833,0.74526113,0.16800001,0.0,0.14782304,0.0,0.0,1350400
hardzero_only__c0p50__z1p10__lam0p000__nu0p50__psi0p00,hardzero_only,0.01,33,422,0.0,2,0.42602736,0.42699447,1.014523,0.09671123,0.09671123,1.0,0.0009671123,0.01,-27.495747,2.231995,0.7439984,0.120000005,0.0,0.1394308,0.0,0.0,1353600
hardzero_only__c0p50__z1p10__lam0p000__nu0p50__psi0p00,hardzero_only,0.01,33,423,0.0,2,0.42699447,0.42806214,0.97156924,0.10676545,0.10676545,1.0,0.0010676545,0.01,-26.684612,2.137495,0.71249837,0.16800001,0.0,0.14313927,0.0,0.0,1356800
hardzero_only__c0p50__z1p10__lam0p000__nu0p50__psi0p00,hardzero_only,0.01,33,424,0.0,2,0.42806214,0.42901123,1.0226959,0.094908275,0.094908275,1.0,0.0009490827,0.01,-27.569225,2.249976,0.749992,0.14400001,0.0,0.1398965,0.0,0.0,1360000
hardzero_only__c0p50__z1p10__lam0p000__nu0p50__psi0p00,hardzero_only,0.01,33,425,0.0,2,0.42901123,0.4300315,0.99127674,0.10202891,0.10202891,1.0,0.001020289,0.01,-26.308525,2.1808524,0.7269508,0.120000005,0.0,0.12113836,0.0,0.0,1363200
hardzero_only__c0p50__z1p10__lam0p000__nu0p50__psi0p00,hardzero_only,0.01,33,426,0.0,2,0.4300315,0.43093672,1.043244,0.09052239,0.09052239,1.0,0.0009052239,0.01,-28.132366,2.2951827,0.7650609,0.136,0.0,0.15580514,0.0,0.0,1366400
hardzero_only__c0p50__z1p10__lam0p000__nu0p50__psi0p00,hardzero_only,0.01,33,427,0.0,2,0.43093672,0.43204877,0.9538757,0.11120498,0.11120498,1.0,0.0011120498,0.01,-25.284647,2.0985684,0.69952285,0.256,0.0,0.12866841,0.0,0.0,1369600
hardzero_only__c0p50__z1p10__lam0p000__nu0p50__psi0p00,hardzero_only,0.01,33,428,0.0,2,0.43204877,0.433152,0.9573407,0.11032126,0.11032126,1.0,0.0011032126,0.01,-26.654627,2.1061916,0.7020639,0.14400001,0.0,0.13578935,0.0,0.0,1372800
hardzero_only__c0p50__z1p10__lam0p000__nu0p50__psi0p00,hardzero_only,0.01,33,429,0.0,2,0.433152,0.4341248,1.0119747,0.0972804,0.0972804,1.0,0.000972804,0.01,-27.767822,2.2263887,0.74212956,0.22,0.0,0.16426021,0.0,0.0,1376000
hardzero_only__c0p50__z1p10__lam0p000__nu0p50__psi0p00,hardzero_only,0.01,33,430,0.0,2,0.4341248,0.4351508,0.9888561,0.10259918,0.10259918,1.0,0.0010259917,0.01,-27.080744,2.1755269,0.7251756,0.16000001,0.0,0.15989165,0.0,0.0,1379200
hardzero_only__c0p50__z1p10__lam0p000__nu0p50__psi0p00,hardzero_only,0.01,33,431,0.0,2,0.4351508,0.43614843,1.0010326,0.09976253,0.09976253,1.0,0.0009976253,0.01,-26.656576,2.2023156,0.7341052,0.18400002,0.0,0.14176983,0.0,0.0,1382400
hardzero_only__c0p50__z1p10__lam0p000__nu0p50__psi0p00,hardzero_only,0.01,33,432,0.0,2,0.43614843,0.43725276,0.9569017,0.11043284,0.11043284,1.0,0.0011043284,0.01,-25.754723,2.1052258,0.70174193,0.208,0.0,0.12622692,0.0,0.0,1385600
hardzero_only__c0p50__z1p10__lam0p000__nu0p50__psi0p00,hardzero_only,0.01,33,433,0.0,2,0.43725276,0.43813094,1.0564088,0.08781956,0.08781956,1.0,0.00087819557,0.01,-28.093369,2.3241458,0.7747153,0.14400001,0.0,0.17863196,0.0,0.0,1388800
hardzero_only__c0p50__z1p10__lam0p000__nu0p50__psi0p00,hardzero_only,0.01,33,434,0.0,2,0.43813094,0.43927068,0.9432006,0.11397232,0.11397232,1.0,0.0011397232,0.01,-26.252247,2.0750828,0.69169426,0.256,0.0,0.12471389,0.0,0.0,1392000
hardzero_only__c0p50__z1p10__lam0p000__nu0p50__psi0p00,hardzero_only,0.01,33,435,0.0,2,0.43927068,0.44027483,0.99820054,0.10041521,0.10041521,1.0,0.001004152,0.01,-27.110722,2.196085,0.73202837,0.15200001,0.0,0.1643716,0.0,0.0,1395200
hardzero_only__c0p50__z1p10__lam0p000__nu0p50__psi0p00,hardzero_only,0.01,33,436,0.0,2,0.44027483,0.4411702,1.0480019,0.089536086,0.089536086,1.0,0.00089536083,0.01,-26.862665,2.3056502,0.7685501,0.128,0.0,0.134501,0.0,0.0,1398400
hardzero_only__c0p50__z1p10__lam0p000__nu0p50__psi0p00,hardzero_only,0.01,33,437,0.0,2,0.4411702,0.44216043,1.004264,0.09902297,0.09902297,1.0,0.0009902297,0.01,-27.053041,2.209425,0.736475,0.18400002,0.0,0.13732639,0.0,0.0,1401600
hardzero_only__c0p50__z1p10__lam0p000__nu0p50__psi0p00,hardzero_only,0.01,33,438,0.0,2,0.44216043,0.44315434,1.0026524,0.09939112,0.09939112,1.0,0.0009939112,0.01,-26.883781,2.2058792,0.7352931,0.136,0.0,0.15182358,0.0,0.0,1404800
hardzero_only__c0p50__z1p10__lam0p000__nu0p50__psi0p00,hardzero_only,0.01,33,439,0.0,2,0.44315434,0.4442865,0.94608957,0.11321668,0.11321668,1.0,0.0011321668,0.01,-27.168854,2.0814385,0.69381285,0.208,0.0,0.1269662,0.0,0.0,1408000
hardzero_only__c0p50__z1p10__lam0p000__nu0p50__psi0p00,hardzero_only,0.01,33,440,0.0,2,0.4442865,0.44529858,0.994781,0.10120898,0.10120898,1.0,0.0010120898,0.01,-27.147396,2.188562,0.7295207,0.128,0.0,0.1486453,0.0,0.0,1411200
hardzero_only__c0p50__z1p10__lam0p000__nu0p50__psi0p00,hardzero_only,0.01,33,441,0.0,2,0.44529858,0.44632325,0.98941916,0.10246625,0.10246625,1.0,0.0010246624,0.01,-26.397015,2.1767657,0.72558856,0.224,0.0,0.12984017,0.0,0.0,1414400
hardzero_only__c0p50__z1p10__lam0p000__nu0p50__psi0p00,hardzero_only,0.01,33,442,0.0,2,0.44632325,0.44729215,1.0137146,0.09689143,0.09689143,1.0,0.0009689143,0.01,-27.047592,2.2302165,0.7434055,0.14999999,0.0,0.15218396,0.0,0.0,1417600
hardzero_only__c0p50__z1p10__lam0p000__nu0p50__psi0p00,hardzero_only,0.01,33,443,0.0,2,0.44729215,0.4483728,0.96630704,0.10806697,0.10806697,1.0,0.0010806697,0.01,-26.123892,2.125918,0.7086393,0.216,0.0,0.12431097,0.0,0.0,1420800
hardzero_only__c0p50__z1p10__lam0p000__nu0p50__psi0p00,hardzero_only,0.01,33,444,0.0,2,0.4483728,0.44933084,1.0186232,0.095802486,0.095802486,1.0,0.0009580248,0.01,-26.69703,2.241016,0.74700534,0.2,0.0,0.1705443,0.0,0.0,1424000
hardzero_only__c0p50__z1p10__lam0p000__nu0p50__psi0p00,hardzero_only,0.01,33,445,0.0,2,0.44933084,0.45022702,1.0476025,0.08961846,0.08961846,1.0,0.0008961846,0.01,-27.857422,2.3047717,0.76825726,0.120000005,0.0,0.15430334,0.0,0.0,1427200
hardzero_only__c0p50__z1p10__lam0p000__nu0p50__psi0p00,hardzero_only,0.01,33,446,0.0,2,0.45022702,0.45125523,0.987912,0.10282247,0.10282247,1.0,0.0010282247,0.01,-26.419018,2.1734498,0.72448325,0.192,0.0,0.14454298,0.0,0.0,1430400
hardzero_only__c0p50__z1p10__lam0p000__nu0p50__psi0p00,hardzero_only,0.01,33,447,0.0,2,0.45125523,0.45231903,0.9731429,0.106379285,0.106379285,1.0,0.0010637928,0.01,-25.908157,2.140957,0.7136524,0.224,0.0,0.13465852,0.0,0.0,1433600
hardzero_only__c0p50__z1p10__lam0p000__nu0p50__psi0p00,hardzero_only,0.01,33,448,0.0,2,0.45231903,0.45331612,1.0012608,0.09971012,0.09971012,1.0,0.0009971012,0.01,-27.263943,2.2028177,0.7342726,0.192,0.0,0.17850053,0.0,0.0,1436800
hardzero_only__c0p50__z1p10__lam0p000__nu0p50__psi0p00,hardzero_only,0.01,33,449,0.0,2,0.45331612,0.4541116,1.0993706,0.07954801,0.07954801,1.0,0.0007954801,0.01,-29.47275,2.4186637,0.80622125,0.16800001,0.0,0.20634653,0.0,0.0,1440000
hardzero_only__c0p50__z1p10__lam0p000__nu0p50__psi0p00,hardzero_only,0.01,33,450,0.0,2,0.4541116,0.45517534,0.9731637,0.10637419,0.10637419,1.0,0.0010637419,0.01,-25.93254,2.141003,0.71366763,0.136,0.0,0.13045678,0.0,0.0,1443200
hardzero_only__c0p50__z1p10__lam0p000__nu0p50__psi0p00,hardzero_only,0.01,33,451,0.0,2,0.45517534,0.4561261,1.0219322,0.09507531,0.09507531,1.0,0.00095075305,0.01,-27.282991,2.2482958,0.74943197,0.120000005,0.0,0.14990735,0.0,0.0,1446400
hardzero_only__c0p50__z1p10__lam0p000__nu0p50__psi0p00,hardzero_only,0.01,33,452,0.0,2,0.4561261,0.4571243,1.0007819,0.09982013,0.09982013,1.0,0.0009982013,0.01,-26.918766,2.201764,0.7339214,0.224,0.0,0.16567774,0.0,0.0,1449600
hardzero_only__c0p50__z1p10__lam0p000__nu0p50__psi0p00,hardzero_only,0.01,33,453,0.0,2,0.4571243,0.45802143,1.0471458,0.089712754,0.089712754,1.0,0.0008971275,0.01,-27.202524,2.3037667,0.7679223,0.14400001,0.0,0.16512941,0.0,0.0,1452800
hardzero_only__c0p50__z1p10__lam0p000__nu0p50__psi0p00,hardzero_only,0.01,33,454,0.0,2,0.45802143,0.45911628,0.96065205,0.1094833,0.1094833,1.0,0.001094833,0.01,-26.30822,2.1134768,0.7044923,0.16800001,0.0,0.119252205,0.0,0.0,1456000
hardzero_only__c0p50__z1p10__lam0p000__nu0p50__psi0p00,hardzero_only,0.01,33,455,0.0,2,0.45911628,0.4600868,1.0129993,0.09705114,0.09705114,1.0,0.0009705114,0.01,-27.462843,2.228643,0.742881,0.22,0.0,0.17612132,0.0,0.0,1459200
hardzero_only__c0p50__z1p10__lam0p000__nu0p50__psi0p00,hardzero_only,0.01,33,456,0.0,2,0.4600868,0.46110746,0.9911206,0.10206559,0.10206559,1.0,0.0010206559,0.01,-26.037447,2.1805089,0.7268363,0.17600001,0.0,0.12139772,0.0,0.0,1462400
hardzero_only__c0p50__z1p10__lam0p000__nu0p50__psi0p00,hardzero_only,0.01,33,457,0.0,2,0.46110746,0.4621517,0.9812016,0.10442353,0.10442353,1.0,0.0010442353,0.01,-26.388458,2.1586866,0.71956223,0.15200001,0.0,0.13829702,0.0,0.0,1465600
hardzero_only__c0p50__z1p10__lam0p000__nu0p50__psi0p00,hardzero_only,0.01,33,458,0.0,2,0.4621517,0.46302593,1.0583851,0.08742081,0.08742081,1.0,0.00087420805,0.01,-28.120525,2.3284938,0.77616465,0.14400001,0.0,0.14688525,0.0,0.0,1468800
hardzero_only__c0p50__z1p10__lam0p000__nu0p50__psi0p00,hardzero_only,0.01,33,459,0.0,2,0.46302593,0.4639793,1.0207332,0.095338166,0.095338166,1.0,0.00095338165,0.01,-27.215088,2.245658,0.7485527,0.17600001,0.0,0.15920317,0.0,0.0,1472000
hardzero_only__c0p50__z1p10__lam0p000__nu0p50__psi0p00,hardzero_only,0.01,33,460,0.0,2,0.4639793,0.4650759,0.9599459,0.109661475,0.109661475,1.0,0.0010966148,0.01,-26.24835,2.1119232,0.7039744,0.18400002,0.0,0.13659726,0.0,0.0,1475200
hardzero_only__c0p50__z1p10__lam0p000__nu0p50__psi0p00,hardzero_only,0.01,33,461,0.0,2,0.4650759,0.46600717,1.0309296,0.09312588,0.09312588,1.0,0.0009312588,0.01,-27.042522,2.2680902,0.7560301,0.08800001,0.0,0.16968192,0.0,0.0,1478400
hardzero_only__c0p50__z1p10__lam0p000__nu0p50__psi0p00,hardzero_only,0.01,33,462,0.0,2,0.46600717,0.4671317,0.9490298,0.112452775,0.112452775,1.0,0.0011245278,0.01,-25.993279,2.0879073,0.6959691,0.16000001,0.0,0.16064997,0.0,0.0,1481600
hardzero_only__c0p50__z1p10__lam0p000__nu0p50__psi0p00,hardzero_only,0.01,33,463,0.0,2,0.4671317,0.46808067,1.0227525,0.09489591,0.09489591,1.0,0.00094895903,0.01,-27.227749,2.2501004,0.7500335,0.15200001,0.0,0.15994799,0.0,0.0,1484800
hardzero_only__c0p50__z1p10__lam0p000__nu0p50__psi0p00,hardzero_only,0.01,33,464,0.0,2,0.46808067,0.46904808,1.0143905,0.096740775,0.096740775,1.0,0.0009674077,0.01,-26.86611,2.2317035,0.7439012,0.216,0.008,0.14277484,0.0,0.0,1488000
hardzero_only__c0p50__z1p10__lam0p000__nu0p50__psi0p00,hardzero_only,0.01,33,465,0.0,2,0.46904808,0.47007108,0.99012315,0.10230028,0.10230028,1.0,0.0010230028,0.01,-26.13522,2.1783144,0.72610486,0.224,0.0,0.12621851,0.0,0.0,1491200
hardzero_only__c0p50__z1p10__lam0p000__nu0p50__psi0p00,hardzero_only,0.01,33,466,0.0,2,0.47007108,0.4710541,1.0074298,0.09830377,0.09830377,1.0,0.0009830378,0.01,-27.060995,2.21639,0.73879665,0.208,0.0,0.13959725,0.0,0.0,1494400
hardzero_only__c0p50__z1p10__lam0p000__nu0p50__psi0p00,hardzero_only,0.01,33,467,0.0,2,0.4710541,0.47210106,0.9800762,0.104694486,0.104694486,1.0,0.0010469449,0.01,-27.659576,2.1562107,0.7187369,0.18400002,0.0,0.17168039,0.0,0.0,1497600
hardzero_only__c0p50__z1p10__lam0p000__nu0p50__psi0p00,hardzero_only,0.01,33,468,0.0,2,0.47210106,0.472984,1.0540715,0.08829344,0.08829344,1.0,0.0008829344,0.01,-27.687092,2.3190038,0.7730013,0.089999996,0.0,0.13984124,0.0,0.0,1500800
hardzero_only__c0p50__z1p10__lam0p000__nu0p50__psi0p00,hardzero_only,0.01,33,469,0.0,2,0.472984,0.47398692,0.99873215,0.10029237,0.10029237,1.0,0.0010029237,0.01,-26.218254,2.1972547,0.73241824,0.136,0.0,0.15221316,0.0,0.0,1504000
hardzero_only__c0p50__z1p10__lam0p000__nu0p50__psi0p00,hardzero_only,0.01,33,470,0.0,2,0.47398692,0.4750096,0.9902686,0.10226601,0.10226601,1.0,0.00102266,0.01,-26.96379,2.1786344,0.7262115,0.208,0.0,0.15171565,0.0,0.0,1507200
hardzero_only__c0p50__z1p10__lam0p000__nu0p50__psi0p00,hardzero_only,0.01,33,471,0.0,2,0.4750096,0.47607353,0.9730784,0.106395096,0.106395096,1.0,0.001063951,0.01,-26.29259,2.1408153,0.7136051,0.16800001,0.0,0.13333525,0.0,0.0,1510400
hardzero_only__c0p50__z1p10__lam0p000__nu0p50__psi0p00,hardzero_only,0.01,33,472,0.0,2,0.47607353,0.47700846,1.0292175,0.09349373,0.09349373,1.0,0.00093493727,0.01,-26.768803,2.2643237,0.7547746,0.096,0.0,0.14733905,0.0,0.0,1513600
hardzero_only__c0p50__z1p10__lam0p000__nu0p50__psi0p00,hardzero_only,0.01,33,473,0.0,2,0.47700846,0.47798812,1.008925,0.09796591,0.09796591,1.0,0.000979659,0.01,-26.89807,2.219679,0.7398931,0.15200001,0.0,0.15671916,0.0,0.0,1516800
hardzero_only__c0p50__z1p10__lam0p000__nu0p50__psi0p00,hardzero_only,0.01,33,474,0.0,2,0.47798812,0.47901836,0.9870664,0.10302285,0.10302285,1.0,0.0010302284,0.01,-26.753279,2.1715894,0.7238631,0.104,0.0,0.13763581,0.0,0.0,1520000
hardzero_only__c0p50__z1p10__lam0p000__nu0p50__psi0p00,hardzero_only,0.01,33,475,0.0,2,0.47901836,0.47997454,1.0194628,0.09561745,0.09561745,1.0,0.0009561745,0.01,-27.107075,2.242863,0.747621,0.15200001,0.0,0.15214285,0.0,0.0,1523200
hardzero_only__c0p50__z1p10__lam0p000__nu0p50__psi0p00,hardzero_only,0.01,33,476,0.0,2,0.47997454,0.48108312,0.95523596,0.11085723,0.11085723,1.0,0.0011085724,0.01,-25.923908,2.101561,0.7005204,0.18400002,0.0,0.12725879,0.0,0.0,1526400
hardzero_only__c0p50__z1p10__lam0p000__nu0p50__psi0p00,hardzero_only,0.01,33,477,0.0,2,0.48108312,0.4820548,1.0124838,0.097166404,0.097166404,1.0,0.00097166403,0.01,-27.471697,2.227509,0.74250305,0.18400002,0.0,0.16428143,0.0,0.0,1529600
hardzero_only__c0p50__z1p10__lam0p000__nu0p50__psi0p00,hardzero_only,0.01,33,478,0.0,2,0.4820548,0.48307616,0.9908172,0.10213692,0.10213692,1.0,0.0010213691,0.01,-25.941206,2.1798413,0.72661376,0.192,0.0,0.15550505,0.0,0.0,1532800
hardzero_only__c0p50__z1p10__lam0p000__nu0p50__psi0p00,hardzero_only,0.01,33,479,0.0,2,0.48307616,0.48409945,0.9900033,0.10232853,0.10232853,1.0,0.0010232853,0.01,-27.005821,2.1780508,0.72601694,0.16000001,0.0,0.14672768,0.0,0.0,1536000
hardzero_only__c0p50__z1p10__lam0p000__nu0p50__psi0p00,hardzero_only,0.01,33,480,0.0,2,0.48409945,0.48512012,0.9911103,0.10206801,0.10206801,1.0,0.0010206801,0.01,-27.13785,2.1804862,0.72682875,0.17600001,0.0,0.14489128,0.0,0.0,1539200
hardzero_only__c0p50__z1p10__lam0p000__nu0p50__psi0p00,hardzero_only,0.01,33,481,0.0,2,0.48512012,0.48619115,0.9701959,0.10710359,0.10710359,1.0,0.0010710359,0.01,-26.86141,2.1344736,0.7114912,0.13,0.0,0.15592837,0.0,0.0,1542400
hardzero_only__c0p50__z1p10__lam0p000__nu0p50__psi0p00,hardzero_only,0.01,33,482,0.0,2,0.48619115,0.4870878,1.0473917,0.08966199,0.08966199,1.0,0.0008966199,0.01,-28.250647,2.3043077,0.7681026,0.192,0.008,0.17252038,0.0,0.0,1545600
hardzero_only__c0p50__z1p10__lam0p000__nu0p50__psi0p00,hardzero_only,0.01,33,483,0.0,2,0.4870878,0.48808265,1.0022426,0.09948496,0.09948496,1.0,0.0009948496,0.01,-27.086428,2.2049778,0.7349926,0.2,0.0,0.13324432,0.0,0.0,1548800
hardzero_only__c0p50__z1p10__lam0p000__nu0p50__psi0p00,hardzero_only,0.01,33,484,0.0,2,0.48808265,0.48915473,0.96977127,0.10720836,0.10720836,1.0,0.0010720836,0.01,-27.268934,2.1335394,0.71117985,0.216,0.0,0.15207316,0.0,0.0,1552000
hardzero_only__c0p50__z1p10__lam0p000__nu0p50__psi0p00,hardzero_only,0.01,33,485,0.0,2,0.48915473,0.49024177,0.9637575,0.10870325,0.10870325,1.0,0.0010870325,0.01,-26.312878,2.1203089,0.70676965,0.264,0.0,0.15725714,0.0,0.0,1555200
hardzero_only__c0p50__z1p10__lam0p000__nu0p50__psi0p00,hardzero_only,0.01,33,486,0.0,2,0.49024177,0.49123722,1.0019819,0.0995447,0.0995447,1.0,0.0009954469,0.01,-27.368633,2.204404,0.7348014,0.120000005,0.0,0.13870756,0.0,0.0,1558400
hardzero_only__c0p50__z1p10__lam0p000__nu0p50__psi0p00,hardzero_only,0.01,33,487,0.0,2,0.49123722,0.49214458,1.0422156,0.090737,0.090737,1.0,0.00090737,0.01,-27.305841,2.29292,0.7643067,0.104,0.0,0.15804598,0.0,0.0,1561600
hardzero_only__c0p50__z1p10__lam0p000__nu0p50__psi0p00,hardzero_only,0.01,33,488,0.0,2,0.49214458,0.49318406,0.9831825,0.103948325,0.103948325,1.0,0.0010394832,0.01,-27.089157,2.1630447,0.7210149,0.192,0.008,0.14385302,0.0,0.0,1564800
hardzero_only__c0p50__z1p10__lam0p000__nu0p50__psi0p00,hardzero_only,0.01,33,489,0.0,2,0.49318406,0.49429932,0.95262325,0.111526154,0.111526154,1.0,0.0011152615,0.01,-25.977669,2.095813,0.69860435,0.224,0.0,0.13170539,0.0,0.0,1568000
hardzero_only__c0p50__z1p10__lam0p000__nu0p50__psi0p00,hardzero_only,0.01,33,490,0.0,2,0.49429932,0.4952897,1.0041871,0.09904051,0.09904051,1.0,0.0009904051,0.01,-26.9609,2.2092557,0.7364186,0.136,0.0,0.15814619,0.0,0.0,1571200
hardzero_only__c0p50__z1p10__lam0p000__nu0p50__psi0p00,hardzero_only,0.01,33,491,0.0,2,0.4952897,0.49635836,0.97116774,0.106864184,0.106864184,1.0,0.0010686418,0.01,-26.143595,2.1366117,0.7122039,0.18400002,0.0,0.1408742,0.0,0.0,1574400
hardzero_only__c0p50__z1p10__lam0p000__nu0p50__psi0p00,hardzero_only,0.01,33,492,0.0,2,0.49635836,0.497249,1.0502902,0.08906556,0.08906556,1.0,0.00089065556,0.01,-27.58824,2.3106847,0.77022827,0.128,0.0,0.14202528,0.0,0.0,1577600
hardzero_only__c0p50__z1p10__lam0p000__nu0p50__psi0p00,hardzero_only,0.01,33,493,0.0,2,0.497249,0.498267,0.9922581,0.10179863,0.10179863,1.0,0.0010179863,0.01,-27.085539,2.1830113,0.72767043,0.208,0.0,0.14253621,0.0,0.0,1580800
hardzero_only__c0p50__z1p10__lam0p000__nu0p50__psi0p00,hardzero_only,0.01,33,494,0.0,2,0.498267,0.49932334,0.9761896,0.10563563,0.10563563,1.0,0.0010563562,0.01,-25.797504,2.14766,0.7158867,0.17999999,0.0,0.12664519,0.0,0.0,1584000
hardzero_only__c0p50__z1p10__lam0p000__nu0p50__psi0p00,hardzero_only,0.01,33,495,0.0,2,0.49932334,0.5003245,0.99949324,0.10011675,0.10011675,1.0,0.0010011675,0.01,-26.288837,2.198929,0.7329764,0.15200001,0.0,0.12100666,0.0,0.0,1587200
hardzero_only__c0p50__z1p10__lam0p000__nu0p50__psi0p00,hardzero_only,0.01,33,496,1.0,3,0.5003245,0.0013729614,0.97944236,0.10484738,0.10484738,1.0,0.0010484738,0.01,-26.439608,2.1548162,0.7182721,0.16800001,0.0,0.16197944,0.0,0.0,1590400
hardzero_only__c0p50__z1p10__lam0p000__nu0p50__psi0p00,hardzero_only,0.01,33,497,0.0,3,0.0013729614,0.0024985906,0.9486047,0.11256292,0.11256292,1.0,0.0011256292,0.01,-26.215498,2.086972,0.6956574,0.216,0.0,0.14412336,0.0,0.0,1593600
hardzero_only__c0p50__z1p10__lam0p000__nu0p50__psi0p00,hardzero_only,0.01,33,498,0.0,3,0.0024985906,0.003564822,0.9721485,0.10662316,0.10662316,1.0,0.0010662315,0.01,-26.422277,2.1387694,0.71292317,0.216,0.0,0.13041039,0.0,0.0,1596800
hardzero_only__c0p50__z1p10__lam0p000__nu0p50__psi0p00,hardzero_only,0.01,33,499,0.0,3,0.003564822,0.004565176,0.99984634,0.10003539,0.10003539,1.0,0.001000354,0.01,-26.641214,2.1997058,0.7332353,0.23200001,0.0,0.15530416,0.0,0.0,1600000
hardzero_only__c0p50__z1p10__lam0p000__nu0p50__psi0p00,hardzero_only,0.01,33,500,0.0,3,0.004565176,0.0056914072,0.94837236,0.112623125,0.112623125,1.0,0.0011262313,0.01,-25.90954,2.0864608,0.69548696,0.072000004,0.0,0.14006872,0.0,0.0,1603200
hardzero_only__c0p50__z1p10__lam0p000__nu0p50__psi0p00,hardzero_only,0.01,33,501,0.0,3,0.0056914072,0.006699858,0.99634534,0.10084507,0.10084507,1.0,0.0010084506,0.01,-27.338087,2.1920035,0.7306678,0.192,0.0,0.17250244,0.0,0.0,1606400
hardzero_only__c0p50__z1p10__lam0p000__nu0p50__psi0p00,hardzero_only,0.01,33,502,0.0,3,0.006699858,0.007738722,0.9834412,0.10388643,0.10388643,1.0,0.0010388643,0.01,-27.235432,2.1636138,0.72120464,0.224,0.0,0.16734098,0.0,0.0,1609600
hardzero_only__c0p50__z1p10__lam0p000__nu0p50__psi0p00,hardzero_only,0.01,33,503,0.0,3,0.007738722,0.008866855,0.9476399,0.112813264,0.112813264,1.0,0.0011281326,0.01,-26.227354,2.0848494,0.6949498,0.16000001,0.0,0.15104231,0.0,0.0,1612800
hardzero_only__c0p50__z1p10__lam0p000__nu0p50__psi0p00,hardzero_only,0.01,33,504,0.0,3,0.008866855,0.009827764,1.0173179,0.09609085,0.09609085,1.0,0.00096090854,0.01,-27.85161,2.2381442,0.7460481,0.112,0.0,0.14743556,0.0,0.0,1616000
hardzero_only__c0p50__z1p10__lam0p000__nu0p50__psi0p00,hardzero_only,0.01,33,505,0.0,3,0.009827764,0.010864298,0.9844164,0.1036534,0.1036534,1.0,0.001036534,0.01,-28.042675,2.1657593,0.7219198,0.136,0.0,0.13725893,0.0,0.0,1619200
hardzero_only__c0p50__z1p10__lam0p000__nu0p50__psi0p00,hardzero_only,0.01,33,506,0.0,3,0.010864298,0.01196294,0.9591439,0.10986418,0.10986418,1.0,0.0010986418,0.01,-26.403915,2.1101587,0.70338625,0.24000001,0.0,0.15488383,0.0,0.0,1622400
hardzero_only__c0p50__z1p10__lam0p000__nu0p50__psi0p00,hardzero_only,0.01,33,507,0.0,3,0.01196294,0.013049878,0.96379524,0.10869379,0.10869379,1.0,0.001086938,0.01,-26.307096,2.1203918,0.7067973,0.19,0.0,0.14405645,0.0,0.0,1625600
hardzero_only__c0p50__z1p10__lam0p000__nu0p50__psi0p00,hardzero_only,0.01,33,508,0.0,3,0.013049878,0.014216336,0.93313086,0.116645806,0.116645806,1.0,0.001166458,0.01,-26.389725,2.052929,0.68430966,0.192,0.0,0.15176074,0.0,0.0,1628800
hardzero_only__c0p50__z1p10__lam0p000__nu0p50__psi0p00,hardzero_only,0.01,33,509,0.0,3,0.014216336,0.015476378,0.8996152,0.12600411,0.12600411,1.0,0.0012600411,0.01,-25.121193,1.979193,0.65973103,0.208,0.0,0.1266121,0.0,0.0,1632000
hardzero_only__c0p50__z1p10__lam0p000__nu0p50__psi0p00,hardzero_only,0.01,33,510,0.0,3,0.015476378,0.016643396,0.9329226,0.116701744,0.116701744,1.0,0.0011670174,0.01,-25.902304,2.0524707,0.6841569,0.120000005,0.0,0.13300517,0.0,0.0,1635200
hardzero_only__c0p50__z1p10__lam0p000__nu0p50__psi0p00,hardzero_only,0.01,33,511,0.0,3,0.016643396,0.017719334,0.9682129,0.10759377,0.10759377,1.0,0.0010759376,0.01,-26.175306,2.130111,0.710037,0.16000001,0.0,0.12055105,0.0,0.0,1638400
hardzero_only__c0p50__z1p10__lam0p000__nu0p50__psi0p00,hardzero_only,0.01,33,512,0.0,3,0.017719334,0.018823873,0.95681894,0.11045391,0.11045391,1.0,0.0011045391,0.01,-25.651014,2.1050436,0.70168126,0.192,0.0,0.14896987,0.0,0.0,1641600
hardzero_only__c0p50__z1p10__lam0p000__nu0p50__psi0p00,hardzero_only,0.01,33,513,0.0,3,0.018823873,0.019829677,0.99748677,0.100580364,0.100580364,1.0,0.0010058036,0.01,-27.643467,2.1945148,0.7315049,0.120000005,0.0,0.16714607,0.0,0.0,1644800
hardzero_only__c0p50__z1p10__lam0p000__nu0p50__psi0p00,hardzero_only,0.01,33,514,0.0,3,0.019829677,0.02086587,0.98455924,0.10361933,0.10361933,1.0,0.0010361932,0.01,-27.670124,2.1660736,0.72202456,0.18400002,0.008,0.13385762,0.0,0.0,1648000
hardzero_only__c0p50__z1p10__lam0p000__nu0p50__psi0p00,hardzero_only,0.01,33,515,0.0,3,0.02086587,0.021923294,0.9757509,0.105742365,0.105742365,1.0,0.0010574237,0.01,-27.336723,2.146695,0.71556497,0.192,0.0,0.15752073,0.0,0.0,1651200
hardzero_only__c0p50__z1p10__lam0p000__nu0p50__psi0p00,hardzero_only,0.01,33,516,0.0,3,0.021923294,0.022908412,1.0065114,0.09851186,0.09851186,1.0,0.0009851186,0.01,-27.273384,2.2143693,0.7381231,0.14400001,0.0,0.12406986,0.0,0.0,1654400
hardzero_only__c0p50__z1p10__lam0p000__nu0p50__psi0p00,hardzero_only,0.01,33,517,0.0,3,0.022908412,0.023915427,0.99696404,0.10070151,0.10070151,1.0,0.0010070151,0.01,-27.01397,2.1933646,0.73112154,0.15200001,0.0,0.12704742,0.0,0.0,1657600
hardzero_only__c0p50__z1p10__lam0p000__nu0p50__psi0p00,hardzero_only,0.01,33,518,0.0,3,0.023915427,0.024941565,0.9887942,0.10261381,0.10261381,1.0,0.0010261381,0.01,-26.01925,2.1753907,0.72513026,0.14400001,0.0,0.12799838,0.0,0.0,1660800
hardzero_only__c0p50__z1p10__lam0p000__nu0p50__psi0p00,hardzero_only,0.01,33,519,0.0,3,0.024941565,0.02598884,0.97993994,0.10472734,0.10472734,1.0,0.0010472734,0.01,-27.579605,2.155911,0.718637,0.136,0.0,0.14269835,0.0,0.0,1664000
hardzero_only__c0p50__z1p10__lam0p000__nu0p50__psi0p00,hardzero_only,0.01,33,520,0.0,3,0.02598884,0.027079232,0.9624173,0.1090392,0.1090392,1.0,0.001090392,0.01,-26.735607,2.1173604,0.7057868,0.14999999,0.0,0.14983374,0.0,0.0,1667200
hardzero_only__c0p50__z1p10__lam0p000__nu0p50__psi0p00,hardzero_only,0.01,33,521,0.0,3,0.027079232,0.028235791,0.93683225,0.11565589,0.11565589,1.0,0.0011565589,0.01,-26.023567,2.061072,0.68702406,0.192,0.0,0.13614611,0.0,0.0,1670400
hardzero_only__c0p50__z1p10__lam0p000__nu0p50__psi0p00,hardzero_only,0.01,33,522,0.0,3,0.028235791,0.029262539,0.98853606,0.10267482,0.10267482,1.0,0.0010267482,0.01,-26.477747,2.1748228,0.72494096,0.104,0.0,0.16310705,0.0,0.0,1673600
hardzero_only__c0p50__z1p10__lam0p000__nu0p50__psi0p00,hardzero_only,0.01,33,523,0.0,3,0.029262539,0.03028573,0.9900434,0.10231906,0.10231906,1.0,0.0010231906,0.01,-27.490433,2.178139,0.7260463,0.216,0.0,0.15584996,0.0,0.0,1676800
hardzero_only__c0p50__z1p10__lam0p000__nu0p50__psi0p00,hardzero_only,0.01,33,524,0.0,3,0.03028573,0.031381134,0.96042484,0.10954062,0.10954062,1.0,0.0010954061,0.01,-26.726587,2.1129768,0.7043256,0.16000001,0.0,0.14286713,0.0,0.0,1680000
hardzero_only__c0p50__z1p10__lam0p000__nu0p50__psi0p00,hardzero_only,0.01,33,525,0.0,3,0.031381134,0.032475803,0.9607173,0.109466866,0.109466866,1.0,0.0010946686,0.01,-26.307713,2.1136203,0.70454013,0.18400002,0.0,0.12843156,0.0,0.0,1683200
hardzero_only__c0p50__z1p10__lam0p000__nu0p50__psi0p00,hardzero_only,0.01,33,526,0.0,3,0.032475803,0.033517167,0.9823974,0.10413642,0.10413642,1.0,0.0010413642,0.01,-27.215603,2.1613173,0.72043914,0.208,0.0,0.1757116,0.0,0.0,1686400
hardzero_only__c0p50__z1p10__lam0p000__nu0p50__psi0p00,hardzero_only,0.01,33,527,0.0,3,0.033517167,0.03461136,0.9609065,0.10941919,0.10941919,1.0,0.0010941919,0.01,-26.836073,2.1140366,0.7046789,0.14400001,0.0,0.13069311,0.0,0.0,1689600
hardzero_only__c0p50__z1p10__lam0p000__nu0p50__psi0p00,hardzero_only,0.01,33,528,0.0,3,0.03461136,0.03565756,0.980386,0.10461982,0.10461982,1.0,0.0010461982,0.01,-25.76801,2.1568923,0.7189641,0.136,0.0,0.12297259,0.0,0.0,1692800
hardzero_only__c0p50__z1p10__lam0p000__nu0p50__psi0p00,hardzero_only,0.01,33,529,0.0,3,0.03565756,0.036747802,0.96247613,0.10902444,0.10902444,1.0,0.0010902444,0.01,-26.462973,2.1174898,0.70583,0.120000005,0.0,0.14032368,0.0,0.0,1696000
hardzero_only__c0p50__z1p10__lam0p000__nu0p50__psi0p00,hardzero_only,0.01,33,530,0.0,3,0.036747802,0.037908677,0.93521506,0.11608735,0.11608735,1.0,0.0011608734,0.01,-26.215305,2.0575142,0.6858381,0.18400002,0.0,0.15067405,0.0,0.0,1699200
hardzero_only__c0p50__z1p10__lam0p000__nu0p50__psi0p00,hardzero_only,0.01,33,531,0.0,3,0.037908677,0.038989913,0.9660791,0.1081237,0.1081237,1.0,0.001081237,0.01,-26.5696,2.1254165,0.7084722,0.14400001,0.0,0.1430292,0.0,0.0,1702400
hardzero_only__c0p50__z1p10__lam0p000__nu0p50__psi0p00,hardzero_only,0.01,33,532,0.0,3,0.038989913,0.04007047,0.96635157,0.10805589,0.10805589,1.0,0.0010805589,0.01,-25.980642,2.126016,0.708672,0.16800001,0.0,0.1433879,0.0,0.0,1705600
hardzero_only__c0p50__z1p10__lam0p000__nu0p50__psi0p00,hardzero_only,0.01,33,533,0.0,3,0.04007047,0.04125923,0.924906,0.11887593,0.11887593,1.0,0.0011887592,0.01,-25.328127,2.034834,0.67827797,0.21,0.0,0.12108518,0.0,0.0,1708800
hardzero_only__c0p50__z1p10__lam0p000__nu0p50__psi0p00,hardzero_only,0.01,33,534,0.0,3,0.04125923,0.042108048,1.071185,0.08488188,0.08488188,1.0,0.0008488188,0.01,-28.49591,2.356654,0.7855513,0.112,0.0,0.16406718,0.0,0.0,1712000
hardzero_only__c0p50__z1p10__lam0p000__nu0p50__psi0p00,hardzero_only,0.01,33,535,0.0,3,0.042108048,0.043010216,1.0447127,0.090216786,0.090216786,1.0,0.0009021678,0.01,-28.27937,2.2984138,0.76613796,0.16000001,0.0,0.14476569,0.0,0.0,1715200
hardzero_only__c0p50__z1p10__lam0p000__nu0p50__psi0p00,hardzero_only,0.01,33,536,0.0,3,0.043010216,0.044099476,0.9628682,0.10892604,0.10892604,1.0,0.0010892604,0.01,-25.583666,2.1183524,0.7061175,0.128,0.0,0.18007933,0.0,0.0,1718400
hardzero_only__c0p50__z1p10__lam0p000__nu0p50__psi0p00,hardzero_only,0.01,33,537,0.0,3,0.044099476,0.04503315,1.0298043,0.09336747,0.09336747,1.0,0.0009336747,0.01,-28.415337,2.2656147,0.7552049,0.16000001,0.0,0.1729761,0.0,0.0,1721600
hardzero_only__c0p50__z1p10__lam0p000__nu0p50__psi0p00,hardzero_only,0.01,33,538,0.0,3,0.04503315,0.045975085,1.0259793,0.09419345,0.09419345,1.0,0.0009419345,0.01,-27.524876,2.2571995,0.75239986,0.17600001,0.0,0.1437914,0.0,0.0,1724800
hardzero_only__c0p50__z1p10__lam0p000__nu0p50__psi0p00,hardzero_only,0.01,33,539,0.0,3,0.045975085,0.04699298,0.9922973,0.10178944,0.10178944,1.0,0.0010178944,0.01,-27.2294,2.1830976,0.7276992,0.2,0.0,0.15991913,0.0,0.0,1728000
hardzero_only__c0p50__z1p10__lam0p000__nu0p50__psi0p00,hardzero_only,0.01,33,540,0.0,3,0.04699298,0.048136495,0.941758,0.114351526,0.114351526,1.0,0.0011435152,0.01,-25.783579,2.071909,0.69063634,0.224,0.0,0.14502816,0.0,0.0,1731200
hardzero_only__c0p50__z1p10__lam0p000__nu0p50__psi0p00,hardzero_only,0.01,33,541,0.0,3,0.048136495,0.049195748,0.9749996,0.105925456,0.105925456,1.0,0.0010592545,0.01,-27.249722,2.145042,0.715014,0.208,0.0,0.14227284,0.0,0.0,1734400
hardzero_only__c0p50__z1p10__lam0p000__nu0p50__psi0p00,hardzero_only,0.01,33,542,0.0,3,0.049195748,0.050111767,1.0380961,0.09160178,0.09160178,1.0,0.0009160178,0.01,-27.743511,2.2838569,0.76128566,0.14400001,0.0,0.1652444,0.0,0.0,1737600
hardzero_only__c0p50__z1p10__lam0p000__nu0p50__psi0p00,hardzero_only,0.01,33,543,0.0,3,0.050111767,0.051184952,0.9693255,0.10731849,0.10731849,1.0,0.0010731849,0.01,-26.235731,2.1325586,0.71085286,0.17600001,0.0,0.15885249,0.0,0.0,1740800
hardzero_only__c0p50__z1p10__lam0p000__nu0p50__psi0p00,hardzero_only,0.01,33,544,0.0,3,0.051184952,0.05210201,1.0376025,0.091705926,0.091705926,1.0,0.00091705925,0.01,-26.56242,2.282771,0.76092374,0.14400001,0.0,0.17040573,0.0,0.0,1744000
hardzero_only__c0p50__z1p10__lam0p000__nu0p50__psi0p00,hardzero_only,0.01,33,545,0.0,3,0.05210201,0.053124603,0.99029773,0.10225916,0.10225916,1.0,0.0010225916,0.01,-26.913052,2.1786985,0.7262329,0.17600001,0.0,0.15462185,0.0,0.0,1747200
hardzero_only__c0p50__z1p10__lam0p000__nu0p50__psi0p00,hardzero_only,0.01,33,546,0.0,3,0.053124603,0.05420997,0.96442354,0.10853665,0.10853665,1.0,0.0010853665,0.01,-26.370846,2.1217742,0.7072581,0.14999999,0.0,0.13396426,0.0,0.0,1750400
hardzero_only__c0p50__z1p10__lam0p000__nu0p50__psi0p00,hardzero_only,0.01,33,547,0.0,3,0.05420997,0.05525102,0.982528,0.104105085,0.104105085,1.0,0.0010410509,0.01,-26.41907,2.1616046,0.7205349,0.15200001,0.0,0.14090009,0.0,0.0,1753600
hardzero_only__c0p50__z1p10__lam0p000__nu0p50__psi0p00,hardzero_only,0.01,33,548,0.0,3,0.05525102,0.056304354,0.97743404,0.10533336,0.10533336,1.0,0.0010533335,0.01,-26.003649,2.1503978,0.71679926,0.18400002,0.0,0.12626971,0.0,0.0,1756800
hardzero_only__c0p50__z1p10__lam0p000__nu0p50__psi0p00,hardzero_only,0.01,33,549,0.0,3,0.056304354,0.057286024,1.008035,0.0981669,0.0981669,1.0,0.0009816689,0.01,-26.873026,2.2177212,0.7392404,0.18400002,0.0,0.1521687,0.0,0.0,1760000
hardzero_only__c0p50__z1p10__lam0p000__nu0p50__psi0p00,hardzero_only,0.01,33,550,0.0,3,0.057286024,0.058408838,0.9496923,0.11228137,0.11228137,1.0,0.0011228137,0.01,-26.268005,2.0893648,0.69645494,0.23200001,0.0,0.12035983,0.0,0.0,1763200
hardzero_only__c0p50__z1p10__lam0p000__nu0p50__psi0p00,hardzero_only,0.01,33,551,0.0,3,0.058408838,0.059485324,0.9679911,0.10764873,0.10764873,1.0,0.0010764872,0.01,-26.64374,2.129623,0.70987433,0.192,0.0,0.117949426,0.0,0.0,1766400
hardzero_only__c0p50__z1p10__lam0p000__nu0p50__psi0p00,hardzero_only,0.01,33,552,0.0,3,0.059485324,0.06063245,0.94038874,0.11471263,0.11471263,1.0,0.0011471263,0.01,-25.85831,2.0688965,0.6896322,0.2,0.0,0.12636828,0.0,0.0,1769600
hardzero_only__c0p50__z1p10__lam0p000__nu0p50__psi0p00,hardzero_only,0.01,33,553,0.0,3,0.06063245,0.06179902,0.9330884,0.11665721,0.11665721,1.0,0.0011665721,0.01,-25.209394,2.0528355,0.6842785,0.128,0.0,0.13034561,0.0,0.0,1772800
hardzero_only__c0p50__z1p10__lam0p000__nu0p50__psi0p00,hardzero_only,0.01,33,554,0.0,3,0.06179902,0.06279234,1.00291,0.09933219,0.09933219,1.0,0.0009933219,0.01,-26.69053,2.2064462,0.7354821,0.2,0.0,0.15558779,0.0,0.0,1776000
hardzero_only__c0p50__z1p10__lam0p000__nu0p50__psi0p00,hardzero_only,0.01,33,555,0.0,3,0.06279234,0.063709356,1.0376207,0.0917021,0.0917021,1.0,0.000917021,0.01,-27.380224,2.282811,0.760937,0.208,0.0,0.15563452,0.0,0.0,1779200
hardzero_only__c0p50__z1p10__lam0p000__nu0p50__psi0p00,hardzero_only,0.01,33,556,0.0,3,0.063709356,0.0646562,1.0237228,0.09468415,0.09468415,1.0,0.00094684144,0.01,-27.097157,2.2522352,0.75074506,0.2,0.0,0.15811433,0.0,0.0,1782400
hardzero_only__c0p50__z1p10__lam0p000__nu0p50__psi0p00,hardzero_only,0.01,33,557,0.0,3,0.0646562,0.06576551,0.9549467,0.11093108,0.11093108,1.0,0.0011093108,0.01,-26.409334,2.1009247,0.70030826,0.136,0.0,0.12766302,0.0,0.0,1785600
hardzero_only__c0p50__z1p10__lam0p000__nu0p50__psi0p00,hardzero_only,0.01,33,558,0.0,3,0.06576551,0.06675989,1.002447,0.09943812,0.09943812,1.0,0.0009943813,0.01,-26.539146,2.2054274,0.73514247,0.14400001,0.0,0.13387492,0.0,0.0,1788800
hardzero_only__c0p50__z1p10__lam0p000__nu0p50__psi0p00,hardzero_only,0.01,33,559,0.0,3,0.06675989,0.06787877,0.95121837,0.11188751,0.11188751,1.0,0.001118875,0.01,-26.808483,2.0927222,0.6975741,0.19999999,0.0,0.15702246,0.0,0.0,1792000
hardzero_only__c0p50__z1p10__lam0p000__nu0p50__psi0p00,hardzero_only,0.01,33,560,0.0,3,0.06787877,0.06886958,1.0040063,0.09908178,0.09908178,1.0,0.0009908178,0.01,-27.638159,2.208858,0.73628604,0.2,0.0,0.14464316,0.0,0.0,1795200
hardzero_only__c0p50__z1p10__lam0p000__nu0p50__psi0p00,hardzero_only,0.01,33,561,0.0,3,0.06886958,0.06995966,0.96254086,0.1090082,0.1090082,1.0,0.001090082,0.01,-26.227303,2.1176322,0.7058774,0.16800001,0.0,0.13638408,0.0,0.0,1798400
hardzero_only__c0p50__z1p10__lam0p000__nu0p50__psi0p00,hardzero_only,0.01,33,562,0.0,3,0.06995966,0.07112762,0.93257105,0.11679624,0.11679624,1.0,0.0011679623,0.01,-25.214888,2.0516973,0.6838991,0.128,0.0,0.13195547,0.0,0.0,1801600
hardzero_only__c0p50__z1p10__lam0p000__nu0p50__psi0p00,hardzero_only,0.01,33,563,0.0,3,0.07112762,0.07214122,0.9941337,0.10135992,0.10135992,1.0,0.0010135992,0.01,-26.662252,2.1871378,0.729046,0.224,0.0,0.13978091,0.0,0.0,1804800
hardzero_only__c0p50__z1p10__lam0p000__nu0p50__psi0p00,hardzero_only,0.01,33,564,0.0,3,0.07214122,0.073328495,0.92545,0.11872711,0.11872711,1.0,0.0011872711,0.01,-26.358747,2.0360308,0.67867696,0.24000001,0.0,0.1424182,0.0,0.0,1808000
hardzero_only__c0p50__z1p10__lam0p000__nu0p50__psi0p00,hardzero_only,0.01,33,565,0.0,3,0.073328495,0.07440025,0.9699017,0.1071762,0.1071762,1.0,0.001071762,0.01,-26.358664,2.1338263,0.71127546,0.192,0.0,0.14689463,0.0,0.0,1811200
hardzero_only__c0p50__z1p10__lam0p000__nu0p50__psi0p00,hardzero_only,0.01,33,566,0.0,3,0.07440025,0.07553319,0.945794,0.11329377,0.11329377,1.0,0.0011329376,0.01,-26.199976,2.0807884,0.6935961,0.18400002,0.0,0.1544531,0.0,0.0,1814400
hardzero_only__c0p50__z1p10__lam0p000__nu0p50__psi0p00,hardzero_only,0.01,33,567,0.0,3,0.07553319,0.07658059,0.9798851,0.104740575,0.104740575,1.0,0.0010474058,0.01,-26.539892,2.1557903,0.7185968,0.192,0.0,0.14680582,0.0,0.0,1817600
hardzero_only__c0p50__z1p10__lam0p000__nu0p50__psi0p00,hardzero_only,0.01,33,568,0.0,3,0.07658059,0.07757003,1.0046124,0.098943554,0.098943554,1.0,0.0009894355,0.01,-27.441725,2.2101915,0.7367305,0.224,0.0,0.15529266,0.0,0.0,1820800
hardzero_only__c0p50__z1p10__lam0p000__nu0p50__psi0p00,hardzero_only,0.01,33,569,0.0,3,0.07757003,0.07860995,0.9829984,0.103992395,0.103992395,1.0,0.001039924,0.01,-26.981882,2.1626396,0.7208799,0.15200001,0.0,0.15643644,0.0,0.0,1824000
hardzero_only__c0p50__z1p10__lam0p000__nu0p50__psi0p00,hardzero_only,0.01,33,570,0.0,3,0.07860995,0.079639,0.98756325,0.102905065,0.102905065,1.0,0.0010290507,0.01,-26.385208,2.1726825,0.72422755,0.15200001,0.0,0.13417849,0.0,0.0,1827200
hardzero_only__c0p50__z1p10__lam0p000__nu0p50__psi0p00,hardzero_only,0.01,33,571,0.0,3,0.079639,0.08068502,0.9804606,0.10460187,0.10460187,1.0,0.0010460187,0.01,-26.75897,2.1570563,0.7190188,0.16000001,0.0,0.13591586,0.0,0.0,1830400
hardzero_only__c0p50__z1p10__lam0p000__nu0p50__psi0p00,hardzero_only,0.01,33,572,0.0,3,0.08068502,0.08166648,1.00813,0.09814541,0.09814541,1.0,0.000981454,0.01,-27.46207,2.21793,0.73931,0.17999999,0.0,0.14957093,0.0,0.0,1833600
hardzero_only__c0p50__z1p10__lam0p000__nu0p50__psi0p00,hardzero_only,0.01,33,573,0.0,3,0.08166648,0.08271964,0.97750336,0.10531656,0.10531656,1.0,0.0010531655,0.01,-27.206333,2.1505504,0.71685016,0.17600001,0.0,0.15746681,0.0,0.0,1836800
hardzero_only__c0p50__z1p10__lam0p000__nu0p50__psi0p00,hardzero_only,0.01,33,574,0.0,3,0.08271964,0.083780915,0.9741723,0.10612743,0.10612743,1.0,0.0010612743,0.01,-26.704773,2.1432219,0.7144073,0.192,0.0,0.16914861,0.0,0.0,1840000
hardzero_only__c0p50__z1p10__lam0p000__nu0p50__psi0p00,hardzero_only,0.01,33,575,0.0,3,0.083780915,0.084810264,0.9874369,0.102935,0.102935,1.0,0.00102935,0.01,-26.81783,2.1724045,0.72413486,0.2,0.0,0.14294721,0.0,0.0,1843200
hardzero_only__c0p50__z1p10__lam0p000__nu0p50__psi0p00,hardzero_only,0.01,33,576,0.0,3,0.084810264,0.08590278,0.9615721,0.10925163,0.10925163,1.0,0.0010925164,0.01,-26.173689,2.115501,0.705167,0.208,0.0,0.13830517,0.0,0.0,1846400
hardzero_only__c0p50__z1p10__lam0p000__nu0p50__psi0p00,hardzero_only,0.01,33,577,0.0,3,0.08590278,0.08706313,0.9354083,0.116035715,0.116035715,1.0,0.0011603571,0.01,-25.72074,2.0579393,0.6859798,0.224,0.0,0.13274585,0.0,0.0,1849600
hardzero_only__c0p50__z1p10__lam0p000__nu0p50__psi0p00,hardzero_only,0.01,33,578,0.0,3,0.08706313,0.08821484,0.93865967,0.11517025,0.11517025,1.0,0.0011517025,0.01,-26.1843,2.0650926,0.6883642,0.216,0.0,0.13496953,0.0,0.0,1852800
hardzero_only__c0p50__z1p10__lam0p000__nu0p50__psi0p00,hardzero_only,0.01,33,579,0.0,3,0.08821484,0.08930609,0.9620766,0.10912477,0.10912477,1.0,0.0010912477,0.01,-26.443026,2.1166108,0.70553696,0.136,0.0,0.12945928,0.0,0.0,1856000
hardzero_only__c0p50__z1p10__lam0p000__nu0p50__psi0p00,hardzero_only,0.01,33,580,0.0,3,0.08930609,0.09040796,0.95786804,0.11018741,0.11018741,1.0,0.001101874,0.01,-25.821697,2.1073518,0.70245063,0.216,0.0,0.13992637,0.0,0.0,1859200
hardzero_only__c0p50__z1p10__lam0p000__nu0p50__psi0p00,hardzero_only,0.01,33,581,0.0,3,0.09040796,0.091566235,0.93618876,0.1158274,0.1158274,1.0,0.0011582739,0.01,-26.020233,2.0596564,0.68655217,0.192,0.008,0.13099019,0.0,0.0,1862400
hardzero_only__c0p50__z1p10__lam0p000__nu0p50__psi0p00,hardzero_only,0.01,33,582,0.0,3,0.091566235,0.09263641,0.97054654,0.10701717,0.10701717,1.0,0.0010701716,0.01,-26.810184,2.135245,0.71174836,0.136,0.0,0.15382072,0.0,0.0,1865600
hardzero_only__c0p50__z1p10__lam0p000__nu0p50__psi0p00,hardzero_only,0.01,33,583,0.0,3,0.09263641,0.09373881,0.9576601,0.11024018,0.11024018,1.0,0.0011024018,0.01,-26.538784,2.1068943,0.7022981,0.224,0.0,0.13729614,0.0,0.0,1868800
hardzero_only__c0p50__z1p10__lam0p000__nu0p50__psi0p00,hardzero_only,0.01,33,584,0.0,3,0.09373881,0.094609216,1.0602773,0.08704075,0.08704075,1.0,0.0008704075,0.01,-27.447548,2.3326569,0.7775523,0.096,0.0,0.16319636,0.0,0.0,1872000
hardzero_only__c0p50__z1p10__lam0p000__nu0p50__psi0p00,hardzero_only,0.01,33,585,0.0,3,0.094609216,0.095744446,0.944916,0.113523036,0.113523036,1.0,0.0011352303,0.01,-26.693321,2.0788567,0.6929523,0.22999999,0.0,0.13170059,0.0,0.0,1875200
hardzero_only__c0p50__z1p10__lam0p000__nu0p50__psi0p00,hardzero_only,0.01,33,586,0.0,3,0.095744446,0.096723296,1.009284,0.097884946,0.097884946,1.0,0.0009788495,0.01,-26.357018,2.2204692,0.7401564,0.17600001,0.0,0.15516582,0.0,0.0,1878400
hardzero_only__c0p50__z1p10__lam0p000__nu0p50__psi0p00,hardzero_only,0.01,33,587,0.0,3,0.096723296,0.097719945,1.001457,0.099665076,0.099665076,1.0,0.0009966508,0.01,-27.26869,2.2032492,0.7344164,0.192,0.0,0.14649312,0.0,0.0,1881600
hardzero_only__c0p50__z1p10__lam0p000__nu0p50__psi0p00,hardzero_only,0.01,33,588,0.0,3,0.097719945,0.098752685,0.9860087,0.10327406,0.10327406,1.0,0.0010327406,0.01,-26.8046,2.1692624,0.7230875,0.256,0.0,0.15239108,0.0,0.0,1884800
hardzero_only__c0p50__z1p10__lam0p000__nu0p50__psi0p00,hardzero_only,0.01,33,589,0.0,3,0.098752685,0.09979994,0.9799469,0.10472566,0.10472566,1.0,0.0010472565,0.01,-26.392889,2.1559262,0.7186421,0.17600001,0.0,0.13029167,0.0,0.0,1888000
hardzero_only__c0p50__z1p10__lam0p000__nu0p50__psi0p00,hardzero_only,0.01,33,590,0.0,3,0.09979994,0.10079064,1.0040551,0.0990706,0.0990706,1.0,0.000990706,0.01,-27.145216,2.2089655,0.73632187,0.18400002,0.0,0.13713123,0.0,0.0,1891200
hardzero_only__c0p50__z1p10__lam0p000__nu0p50__psi0p00,hardzero_only,0.01,33,591,0.0,3,0.10079064,0.10175898,1.0139719,0.09683405,0.09683405,1.0,0.0009683405,0.01,-27.524744,2.2307827,0.7435943,0.17600001,0.0,0.1466208,0.0,0.0,1894400
hardzero_only__c0p50__z1p10__lam0p000__nu0p50__psi0p00,hardzero_only,0.01,33,592,0.0,3,0.10175898,0.10271704,1.0186048,0.09580656,0.09580656,1.0,0.0009580656,0.01,-27.091114,2.2409751,0.74699175,0.14400001,0.0,0.14485542,0.0,0.0,1897600
hardzero_only__c0p50__z1p10__lam0p000__nu0p50__psi0p00,hardzero_only,0.01,33,593,0.0,3,0.10271704,0.10379944,0.9656126,0.10823991,0.10823991,1.0,0.001082399,0.01,-25.60279,2.1243901,0.70813006,0.16800001,0.0,0.14033395,0.0,0.0,1900800
hardzero_only__c0p50__z1p10__lam0p000__nu0p50__psi0p00,hardzero_only,0.01,33,594,0.0,3,0.10379944,0.104811564,0.99476516,0.101212665,0.101212665,1.0,0.0010121267,0.01,-26.769814,2.188527,0.72950906,0.08800001,0.0,0.12792887,0.0,0.0,1904000
hardzero_only__c0p50__z1p10__lam0p000__nu0p50__psi0p00,hardzero_only,0.01,33,595,0.0,3,0.104811564,0.10582895,0.99251467,0.10173848,0.10173848,1.0,0.0010173848,0.01,-26.965826,2.1835759,0.72785866,0.14400001,0.0,0.15038148,0.0,0.0,1907200
hardzero_only__c0p50__z1p10__lam0p000__nu0p50__psi0p00,hardzero_only,0.01,33,596,0.0,3,0.10582895,0.10687872,0.97890604,0.104976945,0.104976945,1.0,0.0010497695,0.01,-25.874025,2.1536362,0.71787876,0.120000005,0.0,0.14970925,0.0,0.0,1910400
hardzero_only__c0p50__z1p10__lam0p000__nu0p50__psi0p00,hardzero_only,0.01,33,597,0.0,3,0.10687872,0.10780432,1.0335772,0.092559874,0.092559874,1.0,0.0009255987,0.01,-27.60439,2.2739153,0.75797176,0.112,0.0,0.15876377,0.0,0.0,1913600
hardzero_only__c0p50__z1p10__lam0p000__nu0p50__psi0p00,hardzero_only,0.01,33,598,0.0,3,0.10780432,0.108906746,0.95765096,0.11024249,0.11024249,1.0,0.0011024249,0.01,-26.016811,2.1068742,0.7022914,0.24,0.0,0.10781921,0.0,0.0,1916800
hardzero_only__c0p50__z1p10__lam0p000__nu0p50__psi0p00,hardzero_only,0.01,33,599,0.0,3,0.108906746,0.10978851,1.0546473,0.08817645,0.08817645,1.0,0.0008817645,0.01,-28.350948,2.3202705,0.77342355,0.15200001,0.0,0.14431722,0.0,0.0,1920000
hardzero_only__c0p50__z1p10__lam0p000__nu0p50__psi0p00,hardzero_only,0.01,33,600,0.0,3,0.10978851,0.11077035,1.0079576,0.09818439,0.09818439,1.0,0.0009818439,0.01,-25.89207,2.217551,0.73918366,0.16000001,0.0,0.1193086,0.0,0.0,1923200
hardzero_only__c0p50__z1p10__lam0p000__nu0p50__psi0p00,hardzero_only,0.01,33,601,0.0,3,0.11077035,0.1117476,1.0099962,0.09772459,0.09772459,1.0,0.0009772459,0.01,-26.713497,2.222036,0.74067867,0.14400001,0.0,0.16513427,0.0,0.0,1926400
hardzero_only__c0p50__z1p10__lam0p000__nu0p50__psi0p00,hardzero_only,0.01,33,602,0.0,3,0.1117476,0.112862594,0.95272654,0.111499645,0.111499645,1.0,0.0011149964,0.01,-25.881796,2.0960402,0.6986801,0.18400002,0.008,0.14559004,0.0,0.0,1929600
hardzero_only__c0p50__z1p10__lam0p000__nu0p50__psi0p00,hardzero_only,0.01,33,603,0.0,3,0.112862594,0.113897026,0.98529905,0.10344297,0.10344297,1.0,0.0010344296,0.01,-26.509043,2.1677012,0.7225671,0.2,0.0,0.15889713,0.0,0.0,1932800
hardzero_only__c0p50__z1p10__lam0p000__nu0p50__psi0p00,hardzero_only,0.01,33,604,0.0,3,0.113897026,0.11501109,0.9530911,0.11140607,0.11140607,1.0,0.0011140608,0.01,-26.753586,2.0968423,0.6989474,0.24000001,0.0,0.13241886,0.0,0.0,1936000
hardzero_only__c0p50__z1p10__lam0p000__nu0p50__psi0p00,hardzero_only,0.01,33,605,0.0,3,0.11501109,0.11611136,0.9584993,0.11002736,0.11002736,1.0,0.0011002736,0.01,-25.444685,2.1087406,0.7029135,0.28,0.0,0.14988914,0.0,0.0,1939200
hardzero_only__c0p50__z1p10__lam0p000__nu0p50__psi0p00,hardzero_only,0.01,33,606,0.0,3,0.11611136,0.11710353,1.0034128,0.09921725,0.09921725,1.0,0.0009921725,0.01,-27.658173,2.2075524,0.7358508,0.17600001,0.0,0.15428203,0.0,0.0,1942400
hardzero_only__c0p50__z1p10__lam0p000__nu0p50__psi0p00,hardzero_only,0.01,33,607,0.0,3,0.11710353,0.11805026,1.023774,0.09467296,0.09467296,1.0,0.0009467296,0.01,-27.198677,2.2523477,0.7507826,0.104,0.0,0.15695524,0.0,0.0,1945600
hardzero_only__c0p50__z1p10__lam0p000__nu0p50__psi0p00,hardzero_only,0.01,33,608,0.0,3,0.11805026,0.11913243,0.9657061,0.10821661,0.10821661,1.0,0.0010821661,0.01,-26.960865,2.1245959,0.70819867,0.24800001,0.0,0.15245204,0.0,0.0,1948800
hardzero_only__c0p50__z1p10__lam0p000__nu0p50__psi0p00,hardzero_only,0.01,33,609,0.0,3,0.11913243,0.12010071,1.013999,0.096828,0.096828,1.0,0.00096827996,0.01,-27.71236,2.2308424,0.74361414,0.14400001,0.0,0.15901865,0.0,0.0,1952000
hardzero_only__c0p50__z1p10__lam0p000__nu0p50__psi0p00,hardzero_only,0.01,33,610,0.0,3,0.12010071,0.12113227,0.9865032,0.10315655,0.10315655,1.0,0.0010315655,0.01,-26.901579,2.1703503,0.7234501,0.18400002,0.0,0.13817802,0.0,0.0,1955200
hardzero_only__c0p50__z1p10__lam0p000__nu0p50__psi0p00,hardzero_only,0.01,33,611,0.0,3,0.12113227,0.12203183,1.0459685,0.08995628,0.08995628,1.0,0.0008995628,0.01,-28.079763,2.3011768,0.76705897,0.19,0.0,0.17323916,0.0,0.0,1958400
hardzero_only__c0p50__z1p10__lam0p000__nu0p50__psi0p00,hardzero_only,0.01,33,612,0.0,3,0.12203183,0.12311299,0.96610916,0.10811622,0.10811622,1.0,0.0010811621,0.01,-26.259527,2.1254826,0.7084942,0.18400002,0.0,0.12828687,0.0,0.0,1961600
hardzero_only__c0p50__z1p10__lam0p000__nu0p50__psi0p00,hardzero_only,0.01,33,613,0.0,3,0.12311299,0.12410988,1.0013524,0.09968909,0.09968909,1.0,0.0009968908,0.01,-27.366142,2.2030194,0.73433983,0.128,0.0,0.14202467,0.0,0.0,1964800
hardzero_only__c0p50__z1p10__lam0p000__nu0p50__psi0p00,hardzero_only,0.01,33,614,0.0,3,0.12410988,0.12518321,0.9692643,0.107333586,0.107333586,1.0,0.0010733359,0.01,-26.861404,2.132424,0.71080804,0.128,0.0,0.16924767,0.0,0.0,1968000
hardzero_only__c0p50__z1p10__lam0p000__nu0p50__psi0p00,hardzero_only,0.01,33,615,0.0,3,0.12518321,0.12630814,0.94887084,0.11249394,0.11249394,1.0,0.0011249394,0.01,-26.178774,2.0875576,0.6958525,0.17600001,0.0,0.1545018,0.0,0.0,1971200
hardzero_only__c0p50__z1p10__lam0p000__nu0p50__psi0p00,hardzero_only,0.01,33,616,0.0,3,0.12630814,0.1274598,0.9386806,0.115164705,0.115164705,1.0,0.0011516471,0.01,-26.05528,2.0651386,0.6883795,0.16000001,0.0,0.14333583,0.0,0.0,1974400
hardzero_only__c0p50__z1p10__lam0p000__nu0p50__psi0p00,hardzero_only,0.01,33,617,0.0,3,0.1274598,0.12852217,0.97372085,0.106237814,0.106237814,1.0,0.0010623782,0.01,-26.279299,2.1422286,0.7140762,0.14400001,0.0,0.153486,0.0,0.0,1977600
hardzero_only__c0p50__z1p10__lam0p000__nu0p50__psi0p00,hardzero_only,0.01,33,618,0.0,3,0.12852217,0.12955196,0.9872546,0.10297822,0.10297822,1.0,0.0010297822,0.01,-27.286758,2.1720035,0.72400117,0.192,0.0,0.16260839,0.0,0.0,1980800
hardzero_only__c0p50__z1p10__lam0p000__nu0p50__psi0p00,hardzero_only,0.01,33,619,0.0,3,0.12955196,0.13057506,0.9900805,0.10231033,0.10231033,1.0,0.0010231033,0.01,-27.214794,2.1782205,0.7260735,0.16800001,0.0,0.16376624,0.0,0.0,1984000
hardzero_only__c0p50__z1p10__lam0p000__nu0p50__psi0p00,hardzero_only,0.01,33,620,0.0,3,0.13057506,0.13161874,0.981432,0.10436815,0.10436815,1.0,0.0010436815,0.01,-27.866774,2.1591935,0.7197312,0.16800001,0.0,0.13483086,0.0,0.0,1987200
hardzero_only__c0p50__z1p10__lam0p000__nu0p50__psi0p00,hardzero_only,0.01,33,621,0.0,3,0.13161874,0.13274838,0.9470573,0.11296469,0.11296469,1.0,0.0011296469,0.01,-25.537998,2.0835676,0.69452256,0.14400001,0.008,0.14188404,0.0,0.0,1990400
hardzero_only__c0p50__z1p10__lam0p000__nu0p50__psi0p00,hardzero_only,0.01,33,622,0.0,3,0.13274838,0.13368672,1.0276374,0.093834504,0.093834504,1.0,0.00093834504,0.01,-27.270376,2.2608473,0.7536158,0.112,0.0,0.15395546,0.0,0.0,1993600
hardzero_only__c0p50__z1p10__lam0p000__nu0p50__psi0p00,hardzero_only,0.01,33,623,0.0,3,0.13368672,0.13467382,1.0056376,0.09871027,0.09871027,1.0,0.0009871026,0.01,-27.365284,2.212447,0.7374823,0.16000001,0.0,0.1399132,0.0,0.0,1996800
hardzero_only__c0p50__z1p10__lam0p000__nu0p50__psi0p00,hardzero_only,0.01,33,624,0.0,3,0.13467382,0.1357244,0.97857344,0.105057366,0.105057366,1.0,0.0010505737,0.01,-26.774693,2.1529045,0.71763486,0.12,0.0,0.14129384,0.0,0.0,2000000
hardzero_only__c0p50__z1p10__lam0p000__nu0p50__psi0p00,hardzero_only,0.01,33,625,0.0,3,0.1357244,0.13677108,0.9801836,0.104668595,0.104668595,1.0,0.001046686,0.01,-26.502964,2.156447,0.7188157,0.224,0.0,0.15298532,0.0,0.0,2003200
hardzero_only__c0p50__z1p10__lam0p000__nu0p50__psi0p00,hardzero_only,0.01,33,626,0.0,3,0.13677108,0.13777621,0.9977809,0.10051226,0.10051226,1.0,0.0010051226,0.01,-26.616611,2.1951618,0.7317206,0.16800001,0.0,0.13383153,0.0,0.0,2006400
hardzero_only__c0p50__z1p10__lam0p000__nu0p50__psi0p00,hardzero_only,0.01,33,627,0.0,3,0.13777621,0.13879721,0.9909726,0.102100395,0.102100395,1.0,0.0010210039,0.01,-27.193548,2.1801832,0.7267277,0.2,0.0,0.1445731,0.0,0.0,2009600
hardzero_only__c0p50__z1p10__lam0p000__nu0p50__psi0p00,hardzero_only,0.01,33,628,0.0,3,0.13879721,0.14000022,0.9197274,0.120301925,0.120301925,1.0,0.0012030192,0.01,-25.97279,2.0234406,0.6744802,0.2,0.0,0.12713715,0.0,0.0,2012800
hardzero_only__c0p50__z1p10__lam0p000__nu0p50__psi0p00,hardzero_only,0.01,33,629,0.0,3,0.14000022,0.14106235,0.97382224,0.10621302,0.10621302,1.0,0.0010621302,0.01,-27.837534,2.1424518,0.7141506,0.24000001,0.0,0.1673347,0.0,0.0,2016000
hardzero_only__c0p50__z1p10__lam0p000__nu0p50__psi0p00,hardzero_only,0.01,33,630,0.0,3,0.14106235,0.14210628,0.98132807,0.10439313,0.10439313,1.0,0.0010439313,0.01,-26.455843,2.1589649,0.719655,0.16800001,0.0,0.12566592,0.0,0.0,2019200
hardzero_only__c0p50__z1p10__lam0p000__nu0p50__psi0p00,hardzero_only,0.01,33,631,0.0,3,0.14210628,0.14310335,1.0012767,0.09970646,0.09970646,1.0,0.0009970646,0.01,-27.176558,2.2028527,0.7342843,0.18400002,0.0,0.14278358,0.0,0.0,2022400
hardzero_only__c0p50__z1p10__lam0p000__nu0p50__psi0p00,hardzero_only,0.01,33,632,0.0,3,0.14310335,0.1442073,0.9570478,0.1103957,0.1103957,1.0,0.001103957,0.01,-26.390335,2.1055472,0.7018491,0.15200001,0.0,0.12708214,0.0,0.0,2025600
hardzero_only__c0p50__z1p10__lam0p000__nu0p50__psi0p00,hardzero_only,0.01,33,633,0.0,3,0.1442073,0.14528956,0.96566993,0.10822562,0.10822562,1.0,0.0010822562,0.01,-26.194387,2.1245162,0.7081721,0.208,0.0,0.13389196,0.0,0.0,2028800
hardzero_only__c0p50__z1p10__lam0p000__nu0p50__psi0p00,hardzero_only,0.01,33,634,0.0,3,0.14528956,0.1462885,1.0004609,0.099893935,0.099893935,1.0,0.0009989393,0.01,-26.654917,2.201058,0.733686,0.16000001,0.0,0.1143925,0.0,0.0,2032000
hardzero_only__c0p50__z1p10__lam0p000__nu0p50__psi0p00,hardzero_only,0.01,33,635,0.0,3,0.1462885,0.14741199,0.94943327,0.11234835,0.11234835,1.0,0.0011234834,0.01,-27.04714,2.088795,0.696265,0.18400002,0.0,0.15077414,0.0,0.0,2035200
hardzero_only__c0p50__z1p10__lam0p000__nu0p50__psi0p00,hardzero_only,0.01,33,636,0.0,3,0.14741199,0.14846046,0.97944415,0.104846954,0.104846954,1.0,0.0010484696,0.01,-27.453354,2.1548202,0.7182734,0.14400001,0.0,0.12008521,0.0,0.0,2038400
hardzero_only__c0p50__z1p10__lam0p000__nu0p50__psi0p00,hardzero_only,0.01,33,637,0.0,3,0.14846046,0.14949526,0.9851438,0.10347997,0.10347997,1.0,0.0010347996,0.01,-27.18409,2.1673596,0.72245324,0.14,0.0,0.14340639,0.0,0.0,2041600
hardzero_only__c0p50__z1p10__lam0p000__nu0p50__psi0p00,hardzero_only,0.01,33,638,0.0,3,0.14949526,0.15061769,0.9498424,0.112242565,0.112242565,1.0,0.0011224257,0.01,-26.422802,2.089695,0.69656503,0.224,0.0,0.15207717,0.0,0.0,2044800
hardzero_only__c0p50__z1p10__lam0p000__nu0p50__psi0p00,hardzero_only,0.01,33,639,0.0,3,0.15061769,0.15160006,1.0077252,0.098236926,0.098236926,1.0,0.0009823692,0.01,-26.900787,2.2170398,0.7390133,0.16000001,0.0,0.14018102,0.0,0.0,2048000
hardzero_only__c0p50__z1p10__lam0p000__nu0p50__psi0p00,hardzero_only,0.01,33,640,0.0,3,0.15160006,0.15271208,0.95389175,0.1112009,0.1112009,1.0,0.0011120089,0.01,-25.91581,2.0986037,0.6995346,0.128,0.0,0.12141748,0.0,0.0,2051200
hardzero_only__c0p50__z1p10__lam0p000__nu0p50__psi0p00,hardzero_only,0.01,33,641,0.0,3,0.15271208,0.15378353,0.97002757,0.10714512,0.10714512,1.0,0.0010714512,0.01,-27.200865,2.1341033,0.7113678,0.216,0.0,0.15469365,0.0,0.0,2054400
hardzero_only__c0p50__z1p10__lam0p000__nu0p50__psi0p00,hardzero_only,0.01,33,642,0.0,3,0.15378353,0.15475148,1.0141498,0.0967944,0.0967944,1.0,0.0009679439,0.01,-27.300663,2.231174,0.7437247,0.120000005,0.0,0.12601957,0.0,0.0,2057600
hardzero_only__c0p50__z1p10__lam0p000__nu0p50__psi0p00,hardzero_only,0.01,33,643,0.0,3,0.15475148,0.15583168,0.96649647,0.10801983,0.10801983,1.0,0.0010801982,0.01,-26.688137,2.1263347,0.70877826,0.2,0.0,0.13203365,0.0,0.0,2060800
hardzero_only__c0p50__z1p10__lam0p000__nu0p50__psi0p00,hardzero_only,0.01,33,644,0.0,3,0.15583168,0.1568922,0.9744806,0.10605214,0.10605214,1.0,0.0010605213,0.01,-26.899437,2.1439002,0.7146334,0.224,0.0,0.13060863,0.0,0.0,2064000
hardzero_only__c0p50__z1p10__lam0p000__nu0p50__psi0p00,hardzero_only,0.01,33,645,0.0,3,0.1568922,0.15788855,1.0015861,0.09963545,0.09963545,1.0,0.0009963545,0.01,-27.166368,2.2035334,0.73451114,0.23200001,0.0,0.15359762,0.0,0.0,2067200
hardzero_only__c0p50__z1p10__lam0p000__nu0p50__psi0p00,hardzero_only,0.01,33,646,0.0,3,0.15788855,0.15894233,0.97725195,0.10537753,0.10537753,1.0,0.0010537753,0.01,-27.433071,2.1499972,0.71666574,0.16000001,0.0,0.16306147,0.0,0.0,2070400
hardzero_only__c0p50__z1p10__lam0p000__nu0p50__psi0p00,hardzero_only,0.01,33,647,0.0,3,0.15894233,0.16010237,0.9355241,0.11600479,0.11600479,1.0,0.0011600478,0.01,-24.976753,2.0581942,0.6860647,0.136,0.0,0.10895793,0.0,0.0,2073600
hardzero_only__c0p50__z1p10__lam0p000__nu0p50__psi0p00,hardzero_only,0.01,33,648,0.0,3,0.16010237,0.16111863,0.9929959,0.10162583,0.10162583,1.0,0.0010162583,0.01,-27.138634,2.1846347,0.7282116,0.16000001,0.0,0.14081234,0.0,0.0,2076800
hardzero_only__c0p50__z1p10__lam0p000__nu0p50__psi0p00,hardzero_only,0.01,33,649,0.0,3,0.16111863,0.16223146,0.9535671,0.11128404,0.11128404,1.0,0.0011128404,0.01,-26.30279,2.0978894,0.6992965,0.224,0.0,0.14252105,0.0,0.0,2080000
hardzero_only__c0p50__z1p10__lam0p000__nu0p50__psi0p00,hardzero_only,0.01,33,650,0.0,3,0.16223146,0.16313452,1.0442861,0.090305425,0.090305425,1.0,0.00090305426,0.01,-27.393045,2.2974753,0.76582515,0.13,0.0,0.14162804,0.0,0.0,2083200
hardzero_only__c0p50__z1p10__lam0p000__nu0p50__psi0p00,hardzero_only,0.01,33,651,0.0,3,0.16313452,0.1642303,0.9602744,0.109578565,0.109578565,1.0,0.0010957856,0.01,-26.30078,2.1126459,0.7042153,0.18400002,0.0,0.13409391,0.0,0.0,2086400
hardzero_only__c0p50__z1p10__lam0p000__nu0p50__psi0p00,hardzero_only,0.01,33,652,0.0,3,0.1642303,0.16528022,0.97884053,0.10499279,0.10499279,1.0,0.0010499279,0.01,-25.798779,2.1534922,0.7178308,0.16000001,0.0,0.13316086,0.0,0.0,2089600
hardzero_only__c0p50__z1p10__lam0p000__nu0p50__psi0p00,hardzero_only,0.01,33,653,0.0,3,0.16528022,0.16633476,0.9769352,0.10545442,0.10545442,1.0,0.0010545442,0.01,-26.681517,2.1493003,0.71643347,0.16800001,0.0,0.12179533,0.0,0.0,2092800
hardzero_only__c0p50__z1p10__lam0p000__nu0p50__psi0p00,hardzero_only,0.01,33,654,0.0,3,0.16633476,0.16743125,0.95999795,0.10964832,0.10964832,1.0,0.0010964832,0.01,-26.394691,2.1120377,0.7040126,0.2,0.0,0.13096096,0.0,0.0,2096000
hardzero_only__c0p50__z1p10__lam0p000__nu0p50__psi0p00,hardzero_only,0.01,33,655,0.0,3,0.16743125,0.16844025,0.9961105,0.10089961,0.10089961,1.0,0.001008996,0.01,-27.61449,2.1914868,0.73049563,0.18400002,0.0,0.13980013,0.0,0.0,2099200
hardzero_only__c0p50__z1p10__lam0p000__nu0p50__psi0p00,hardzero_only,0.01,33,656,0.0,3,0.16844025,0.16944942,0.9960381,0.10091643,0.10091643,1.0,0.0010091643,0.01,-27.622797,2.1913276,0.7304425,0.14400001,0.0,0.16251981,0.0,0.0,2102400
hardzero_only__c0p50__z1p10__lam0p000__nu0p50__psi0p00,hardzero_only,0.01,33,657,0.0,3,0.16944942,0.17054549,0.9601602,0.10960739,0.10960739,1.0,0.0010960739,0.01,-26.862951,2.1123946,0.70413154,0.24800001,0.0,0.13056034,0.0,0.0,2105600
hardzero_only__c0p50__z1p10__lam0p000__nu0p50__psi0p00,hardzero_only,0.01,33,658,0.0,3,0.17054549,0.17161587,0.9704627,0.10703784,0.10703784,1.0,0.0010703783,0.01,-25.992735,2.1350605,0.71168685,0.216,0.0,0.1403348,0.0,0.0,2108800
hardzero_only__c0p50__z1p10__lam0p000__nu0p50__psi0p00,hardzero_only,0.01,33,659,0.0,3,0.17161587,0.17256999,1.0203985,0.09541167,0.09541167,1.0,0.0009541167,0.01,-28.294846,2.2449214,0.74830717,0.16800001,0.008,0.16437444,0.0,0.0,2112000
hardzero_only__c0p50__z1p10__lam0p000__nu0p50__psi0p00,hardzero_only,0.01,33,660,0.0,3,0.17256999,0.17362109,0.978357,0.10510974,0.10510974,1.0,0.0010510973,0.01,-26.47008,2.1524284,0.7174761,0.192,0.0,0.13432372,0.0,0.0,2115200
hardzero_only__c0p50__z1p10__lam0p000__nu0p50__psi0p00,hardzero_only,0.01,33,661,0.0,3,0.17362109,0.17463319,0.9947759,0.101210155,0.101210155,1.0,0.0010121015,0.01,-26.889645,2.1885507,0.7295169,0.120000005,0.0,0.13899049,0.0,0.0,2118400
hardzero_only__c0p50__z1p10__lam0p000__nu0p50__psi0p00,hardzero_only,0.01,33,662,0.0,3,0.17463319,0.17565224,0.9918067,0.10190449,0.10190449,1.0,0.0010190449,0.01,-27.488865,2.1820183,0.72733945,0.208,0.0,0.15029633,0.0,0.0,2121600
hardzero_only__c0p50__z1p10__lam0p000__nu0p50__psi0p00,hardzero_only,0.01,33,663,0.0,3,0.17565224,0.17675774,0.9564396,0.11055041,0.11055041,1.0,0.0011055041,0.01,-26.067667,2.1042092,0.7014031,0.24,0.0,0.14954616,0.0,0.0,2124800
hardzero_only__c0p50__z1p10__lam0p000__nu0p50__psi0p00,hardzero_only,0.01,33,664,0.0,3,0.17675774,0.17788306,0.9487252,0.112531684,0.112531684,1.0,0.0011253168,0.01,-26.169888,2.0872371,0.6957457,0.16800001,0.0,0.14066009,0.0,0.0,2128000
hardzero_only__c0p50__z1p10__lam0p000__nu0p50__psi0p00,hardzero_only,0.01,33,665,0.0,3,0.17788306,0.17893927,0.97624815,0.10562137,0.10562137,1.0,0.0010562136,0.01,-26.178555,2.1477888,0.7159296,0.128,0.0,0.13179393,0.0,0.0,2131200
hardzero_only__c0p50__z1p10__lam0p000__nu0p50__psi0p00,hardzero_only,0.01,33,666,0.0,3,0.17893927,0.17989746,1.0185515,0.09581832,0.09581832,1.0,0.00095818314,0.01,-27.220892,2.240858,0.7469527,0.120000005,0.0,0.14086735,0.0,0.0,2134400
hardzero_only__c0p50__z1p10__lam0p000__nu0p50__psi0p00,hardzero_only,0.01,33,667,0.0,3,0.17989746,0.1810499,0.93837976,0.11524449,0.11524449,1.0,0.0011524449,0.01,-25.79427,2.0644767,0.6881589,0.192,0.0,0.13984315,0.0,0.0,2137600
hardzero_only__c0p50__z1p10__lam0p000__nu0p50__psi0p00,hardzero_only,0.01,33,668,0.0,3,0.1810499,0.1820715,0.99071604,0.102160715,0.102160715,1.0,0.0010216071,0.01,-27.342735,2.1796188,0.7265396,0.2,0.0,0.16755459,0.0,0.0,2140800
hardzero_only__c0p50__z1p10__lam0p000__nu0p50__psi0p00,hardzero_only,0.01,33,669,0.0,3,0.1820715,0.18325263,0.9277047,0.11811233,0.11811233,1.0,0.0011811233,0.01,-26.309662,2.040991,0.6803304,0.224,0.0,0.12921931,0.0,0.0,2144000
hardzero_only__c0p50__z1p10__lam0p000__nu0p50__psi0p00,hardzero_only,0.01,33,670,0.0,3,0.18325263,0.18442214,0.93199736,0.116950646,0.116950646,1.0,0.0011695065,0.01,-26.286783,2.050435,0.68347836,0.256,0.0,0.1360385,0.0,0.0,2147200
hardzero_only__c0p50__z1p10__lam0p000__nu0p50__psi0p00,hardzero_only,0.01,33,671,0.0,3,0.18442214,0.18548043,0.9753922,0.10582976,0.10582976,1.0,0.0010582976,0.01,-26.743298,2.1459057,0.71530193,0.17600001,0.0,0.13689421,0.0,0.0,2150400
hardzero_only__c0p50__z1p10__lam0p000__nu0p50__psi0p00,hardzero_only,0.01,33,672,0.0,3,0.18548043,0.1866844,0.91938406,0.120397076,0.120397076,1.0,0.0012039708,0.01,-25.940536,2.0226853,0.6742284,0.208,0.0,0.14446574,0.0,0.0,2153600
hardzero_only__c0p50__z1p10__lam0p000__nu0p50__psi0p00,hardzero_only,0.01,33,673,0.0,3,0.1866844,0.18783467,0.93919957,0.11502717,0.11502717,1.0,0.0011502716,0.01,-26.1375,2.0662804,0.68876016,0.17600001,0.0,0.13395727,0.0,0.0,2156800
hardzero_only__c0p50__z1p10__lam0p000__nu0p50__psi0p00,hardzero_only,0.01,33,674,0.0,3,0.18783467,0.18878807,1.0207218,0.09534066,0.09534066,1.0,0.0009534066,0.01,-26.946383,2.245633,0.74854434,0.15200001,0.0,0.15210213,0.0,0.0,2160000
hardzero_only__c0p50__z1p10__lam0p000__nu0p50__psi0p00,hardzero_only,0.01,33,675,0.0,3,0.18878807,0.18982254,0.9852855,0.10344619,0.10344619,1.0,0.0010344619,0.01,-26.025885,2.1676714,0.7225572,0.208,0.0,0.14208817,0.0,0.0,2163200
hardzero_only__c0p50__z1p10__lam0p000__nu0p50__psi0p00,hardzero_only,0.01,33,676,0.0,3,0.18982254,0.19081607,1.0028188,0.09935305,0.09935305,1.0,0.0009935305,0.01,-27.16187,2.2062454,0.73541516,0.13,0.0,0.13764857,0.0,0.0,2166400
hardzero_only__c0p50__z1p10__lam0p000__nu0p50__psi0p00,hardzero_only,0.01,33,677,0.0,3,0.19081607,0.19194955,0.9455868,0.11334783,0.11334783,1.0,0.0011334782,0.01,-25.969265,2.0803325,0.6934442,0.224,0.0,0.1590612,0.0,0.0,2169600
hardzero_only__c0p50__z1p10__lam0p000__nu0p50__psi0p00,hardzero_only,0.01,33,678,0.0,3,0.19194955,0.1931643,0.9155126,0.121475115,0.121475115,1.0,0.0012147512,0.01,-26.036388,2.014168,0.67138934,0.24000001,0.0,0.15605767,0.0,0.0,2172800
hardzero_only__c0p50__z1p10__lam0p000__nu0p50__psi0p00,hardzero_only,0.01,33,679,0.0,3,0.1931643,0.19408002,1.0382364,0.09157219,0.09157219,1.0,0.0009157219,0.01,-27.407576,2.2841656,0.76138854,0.136,0.0,0.1658405,0.0,0.0,2176000
hardzero_only__c0p50__z1p10__lam0p000__nu0p50__psi0p00,hardzero_only,0.01,33,680,0.0,3,0.19408002,0.1951499,0.9706693,0.10698691,0.10698691,1.0,0.001069869,0.01,-26.395306,2.1355152,0.7118384,0.17600001,0.0,0.12479962,0.0,0.0,2179200
hardzero_only__c0p50__z1p10__lam0p000__nu0p50__psi0p00,hardzero_only,0.01,33,681,0.0,3,0.1951499,0.19626307,0.95343477,0.111317955,0.111317955,1.0,0.0011131795,0.01,-26.415773,2.0975983,0.69919944,0.208,0.0,0.11359762,0.0,0.0,2182400
hardzero_only__c0p50__z1p10__lam0p000__nu0p50__psi0p00,hardzero_only,0.01,33,682,0.0,3,0.19626307,0.19739668,0.94553727,0.11336075,0.11336075,1.0,0.0011336075,0.01,-25.800814,2.0802236,0.6934079,0.18400002,0.0,0.129764,0.0,0.0,2185600
hardzero_only__c0p50__z1p10__lam0p000__nu0p50__psi0p00,hardzero_only,0.01,33,683,0.0,3,0.19739668,0.19849466,0.9594055,0.109798014,0.109798014,1.0,0.0010979801,0.01,-26.260517,2.1107342,0.7035781,0.16000001,0.0,0.12206485,0.0,0.0,2188800
hardzero_only__c0p50__z1p10__lam0p000__nu0p50__psi0p00,hardzero_only,0.01,33,684,0.0,3,0.19849466,0.19957663,0.9657812,0.10819788,0.10819788,1.0,0.0010819788,0.01,-26.531845,2.124761,0.70825374,0.192,0.0,0.1395707,0.0,0.0,2192000
hardzero_only__c0p50__z1p10__lam0p000__nu0p50__psi0p00,hardzero_only,0.01,33,685,0.0,3,0.19957663,0.20059378,0.9926151,0.10171497,0.10171497,1.0,0.0010171497,0.01,-26.919386,2.183797,0.72793233,0.16000001,0.0,0.15177773,0.0,0.0,2195200
hardzero_only__c0p50__z1p10__lam0p000__nu0p50__psi0p00,hardzero_only,0.01,33,686,0.0,3,0.20059378,0.20166664,0.96945703,0.10728597,0.10728597,1.0,0.0010728596,0.01,-26.665924,2.132848,0.71094936,0.15200001,0.0,0.14725965,0.0,0.0,2198400
hardzero_only__c0p50__z1p10__lam0p000__nu0p50__psi0p00,hardzero_only,0.01,33,687,0.0,3,0.20166664,0.20274627,0.9667238,0.10796331,0.10796331,1.0,0.001079633,0.01,-26.617119,2.1268349,0.708945,0.2,0.0,0.13052608,0.0,0.0,2201600
hardzero_only__c0p50__z1p10__lam0p000__nu0p50__psi0p00,hardzero_only,0.01,33,688,0.0,3,0.20274627,0.20390317,0.9367059,0.11568953,0.11568953,1.0,0.0011568953,0.01,-26.838839,2.060794,0.6869314,0.192,0.0,0.12903427,0.0,0.0,2204800
hardzero_only__c0p50__z1p10__lam0p000__nu0p50__psi0p00,hardzero_only,0.01,33,689,0.0,3,0.20390317,0.20485301,1.0223478,0.09498439,0.09498439,1.0,0.0009498439,0.01,-27.093554,2.2492101,0.7497367,0.17999999,0.0,0.16643275,0.0,0.0,2208000
hardzero_only__c0p50__z1p10__lam0p000__nu0p50__psi0p00,hardzero_only,0.01,33,690,0.0,3,0.20485301,0.20589785,0.9809483,0.10448445,0.10448445,1.0,0.0010448444,0.01,-27.480392,2.1581295,0.7193765,0.16000001,0.0,0.14812808,0.0,0.0,2211200
hardzero_only__c0p50__z1p10__lam0p000__nu0p50__psi0p00,hardzero_only,0.01,33,691,0.0,3,0.20589785,0.20702253,0.9489714,0.11246789,0.11246789,1.0,0.0011246789,0.01,-26.236954,2.0877788,0.6959263,0.16800001,0.0,0.13327019,0.0,0.0,2214400
hardzero_only__c0p50__z1p10__lam0p000__nu0p50__psi0p00,hardzero_only,0.01,33,692,0.0,3,0.20702253,0.20802179,1.0003204,0.09992623,0.09992623,1.0,0.0009992623,0.01,-26.925283,2.200749,0.733583,0.16000001,0.0,0.1427988,0.0,0.0,2217600
hardzero_only__c0p50__z1p10__lam0p000__nu0p50__psi0p00,hardzero_only,0.01,33,693,0.0,3,0.20802179,0.20906833,0.9802464,0.104653455,0.104653455,1.0,0.0010465345,0.01,-27.498718,2.1565852,0.71886176,0.192,0.0,0.13005714,0.0,0.0,2220800
hardzero_only__c0p50__z1p10__lam0p000__nu0p50__psi0p00,hardzero_only,0.01,33,694,0.0,3,0.20906833,0.21005681,1.0050299,0.098848484,0.098848484,1.0,0.0009884848,0.01,-26.842014,2.2111099,0.73703665,0.17600001,0.0,0.14355731,0.0,0.0,2224000
hardzero_only__c0p50__z1p10__lam0p000__nu0p50__psi0p00,hardzero_only,0.01,33,695,0.0,3,0.21005681,0.2110507,1.0026625,0.09938881,0.09938881,1.0,0.000993888,0.01,-27.702702,2.2059016,0.73530054,0.18400002,0.0,0.1472523,0.0,0.0,2227200
hardzero_only__c0p50__z1p10__lam0p000__nu0p50__psi0p00,hardzero_only,0.01,33,696,0.0,3,0.2110507,0.21204391,1.0029575,0.099321336,0.099321336,1.0,0.0009932134,0.01,-27.086468,2.2065504,0.7355168,0.18400002,0.008,0.14035453,0.0,0.0,2230400
hardzero_only__c0p50__z1p10__lam0p000__nu0p50__psi0p00,hardzero_only,0.01,33,697,0.0,3,0.21204391,0.21305433,0.99549747,0.10104213,0.10104213,1.0,0.0010104213,0.01,-26.991629,2.190138,0.73004603,0.112,0.0,0.16525368,0.0,0.0,2233600
hardzero_only__c0p50__z1p10__lam0p000__nu0p50__psi0p00,hardzero_only,0.01,33,698,0.0,3,0.21305433,0.2140966,0.9820188,0.10422723,0.10422723,1.0,0.0010422723,0.01,-26.431326,2.1604846,0.72016156,0.17600001,0.0,0.12221253,0.0,0.0,2236800
hardzero_only__c0p50__z1p10__lam0p000__nu0p50__psi0p00,hardzero_only,0.01,33,699,0.0,3,0.2140966,0.21511342,0.99276286,0.10168036,0.10168036,1.0,0.0010168036,0.01,-27.102545,2.1841218,0.72804064,0.15200001,0.0,0.14982025,0.0,0.0,2240000
hardzero_only__c0p50__z1p10__lam0p000__nu0p50__psi0p00,hardzero_only,0.01,33,700,0.0,3,0.21511342,0.21614242,0.98758435,0.10290006,0.10290006,1.0,0.0010290005,0.01,-26.505583,2.172729,0.72424304,0.128,0.0,0.1552918,0.0,0.0,2243200
hardzero_only__c0p50__z1p10__lam0p000__nu0p50__psi0p00,hardzero_only,0.01,33,701,0.0,3,0.21614242,0.21725474,0.95376486,0.111233376,0.111233376,1.0,0.0011123337,0.01,-26.236164,2.0983245,0.69944155,0.17600001,0.0,0.13427497,0.0,0.0,2246400
hardzero_only__c0p50__z1p10__lam0p000__nu0p50__psi0p00,hardzero_only,0.01,33,702,0.0,3,0.21725474,0.21840759,0.9382325,0.1152836,0.1152836,1.0,0.001152836,0.01,-26.079292,2.0641527,0.6880509,0.14999999,0.0,0.129912,0.0,0.0,2249600
hardzero_only__c0p50__z1p10__lam0p000__nu0p50__psi0p00,hardzero_only,0.01,33,703,0.0,3,0.21840759,0.21935053,1.0255151,0.09429419,0.09429419,1.0,0.0009429419,0.01,-27.850792,2.2561781,0.7520594,0.17600001,0.0,0.14368512,0.0,0.0,2252800
hardzero_only__c0p50__z1p10__lam0p000__nu0p50__psi0p00,hardzero_only,0.01,33,704,0.0,3,0.21935053,0.22032328,1.0120018,0.097274326,0.097274326,1.0,0.00097274326,0.01,-27.730574,2.2264483,0.7421495,0.14400001,0.0,0.12415051,0.0,0.0,2256000
hardzero_only__c0p50__z1p10__lam0p000__nu0p50__psi0p00,hardzero_only,0.01,33,705,0.0,3,0.22032328,0.22127406,1.0219201,0.095077954,0.095077954,1.0,0.00095077953,0.01,-27.964258,2.248269,0.749423,0.16800001,0.0,0.16203861,0.0,0.0,2259200
hardzero_only__c0p50__z1p10__lam0p000__nu0p50__psi0p00,hardzero_only,0.01,33,706,0.0,3,0.22127406,0.222269,1.0022053,0.0994935,0.0994935,1.0,0.000994935,0.01,-27.036966,2.2048955,0.7349652,0.16000001,0.0,0.17932878,0.0,0.0,2262400
hardzero_only__c0p50__z1p10__lam0p000__nu0p50__psi0p00,hardzero_only,0.01,33,707,0.0,3,0.222269,0.22337615,0.9557881,0.11071638,0.11071638,1.0,0.0011071637,0.01,-25.633738,2.1027758,0.7009253,0.2,0.0,0.1344201,0.0,0.0,2265600
hardzero_only__c0p50__z1p10__lam0p000__nu0p50__psi0p00,hardzero_only,0.01,33,708,0.0,3,0.22337615,0.2244246,0.9794543,0.1048445,0.1048445,1.0,0.001048445,0.01,-26.702988,2.1548424,0.7182808,0.112,0.0,0.11749339,0.0,0.0,2268800
hardzero_only__c0p50__z1p10__lam0p000__nu0p50__psi0p00,hardzero_only,0.01,33,709,0.0,3,0.2244246,0.22549184,0.97173744,0.1067241,0.1067241,1.0,0.001067241,0.01,-26.403696,2.137865,0.7126217,0.096,0.0,0.11493063,0.0,0.0,2272000
hardzero_only__c0p50__z1p10__lam0p000__nu0p50__psi0p00,hardzero_only,0.01,33,710,0.0,3,0.22549184,0.22667286,0.9277406,0.118102595,0.118102595,1.0,0.0011810259,0.01,-25.762827,2.04107,0.6803567,0.264,0.0,0.13804032,0.0,0.0,2275200
hardzero_only__c0p50__z1p10__lam0p000__nu0p50__psi0p00,hardzero_only,0.01,33,711,0.0,3,0.22667286,0.22767413,0.9994472,0.10012738,0.10012738,1.0,0.0010012737,0.01,-26.173414,2.1988277,0.7329426,0.17600001,0.0,0.13583702,0.0,0.0,2278400
hardzero_only__c0p50__z1p10__lam0p000__nu0p50__psi0p00,hardzero_only,0.01,33,712,0.0,3,0.22767413,0.22862579,1.0215179,0.095166065,0.095166065,1.0,0.0009516606,0.01,-27.392126,2.247384,0.74912804,0.16800001,0.008,0.1509792,0.0,0.0,2281600
hardzero_only__c0p50__z1p10__lam0p000__nu0p50__psi0p00,hardzero_only,0.01,33,713,0.0,3,0.22862579,0.2295889,1.0163256,0.096310675,0.096310675,1.0,0.00096310675,0.01,-27.640915,2.235961,0.7453203,0.15200001,0.0,0.16417798,0.0,0.0,2284800
hardzero_only__c0p50__z1p10__lam0p000__nu0p50__psi0p00,hardzero_only,0.01,33,714,0.0,3,0.2295889,0.23067254,0.9651153,0.108363904,0.108363904,1.0,0.001083639,0.01,-27.362762,2.123296,0.70776534,0.256,0.0,0.13340156,0.0,0.0,2288000
hardzero_only__c0p50__z1p10__lam0p000__nu0p50__psi0p00,hardzero_only,0.01,33,715,0.0,3,0.23067254,0.23172846,0.9763668,0.10559252,0.10559252,1.0,0.0010559252,0.01,-26.907448,2.1480498,0.71601665,0.25,0.0,0.14200528,0.0,0.0,2291200
hardzero_only__c0p50__z1p10__lam0p000__nu0p50__psi0p00,hardzero_only,0.01,33,716,0.0,3,0.23172846,0.23277262,0.9812331,0.10441596,0.10441596,1.0,0.0010441596,0.01,-27.005205,2.158756,0.71958536,0.08800001,0.0,0.16356777,0.0,0.0,2294400
hardzero_only__c0p50__z1p10__lam0p000__nu0p50__psi0p00,hardzero_only,0.01,33,717,0.0,3,0.23277262,0.23375791,1.0064316,0.09852997,0.09852997,1.0,0.0009852997,0.01,-26.19419,2.2141936,0.7380645,0.104,0.0,0.13112077,0.0,0.0,2297600
hardzero_only__c0p50__z1p10__lam0p000__nu0p50__psi0p00,hardzero_only,0.01,33,718,0.0,3,0.23375791,0.23475492,1.0013043,0.09970013,0.09970013,1.0,0.0009970013,0.01,-26.39888,2.2029133,0.7343044,0.208,0.0,0.13856582,0.0,0.0,2300800
hardzero_only__c0p50__z1p10__lam0p000__nu0p50__psi0p00,hardzero_only,0.01,33,719,0.0,3,0.23475492,0.23579763,0.9818358,0.10427115,0.10427115,1.0,0.0010427114,0.01,-26.744385,2.1600819,0.7200273,0.224,0.0,0.13737065,0.0,0.0,2304000
hardzero_only__c0p50__z1p10__lam0p000__nu0p50__psi0p00,hardzero_only,0.01,33,720,0.0,3,0.23579763,0.23676594,1.0139837,0.09683142,0.09683142,1.0,0.0009683142,0.01,-27.345102,2.2308087,0.74360293,0.128,0.0,0.14773269,0.0,0.0,2307200
hardzero_only__c0p50__z1p10__lam0p000__nu0p50__psi0p00,hardzero_only,0.01,33,721,0.0,3,0.23676594,0.23776993,0.99826545,0.100400195,0.100400195,1.0,0.0010040019,0.01,-26.626635,2.1962278,0.7320759,0.17600001,0.0,0.14362268,0.0,0.0,2310400
hardzero_only__c0p50__z1p10__lam0p000__nu0p50__psi0p00,hardzero_only,0.01,33,722,0.0,3,0.23776993,0.23886545,0.9603806,0.10955177,0.10955177,1.0,0.0010955177,0.01,-26.256405,2.1128795,0.7042932,0.216,0.0,0.13586745,0.0,0.0,2313600
hardzero_only__c0p50__z1p10__lam0p000__nu0p50__psi0p00,hardzero_only,0.01,33,723,0.0,3,0.23886545,0.23986846,0.9986934,0.10030131,0.10030131,1.0,0.0010030131,0.01,-27.082863,2.1971693,0.7323898,0.16000001,0.0,0.15567012,0.0,0.0,2316800
hardzero_only__c0p50__z1p10__lam0p000__nu0p50__psi0p00,hardzero_only,0.01,33,724,0.0,3,0.23986846,0.24087381,0.9976852,0.100534424,0.100534424,1.0,0.0010053442,0.01,-27.56695,2.1949513,0.7316505,0.2,0.0,0.15084817,0.0,0.0,2320000
hardzero_only__c0p50__z1p10__lam0p000__nu0p50__psi0p00,hardzero_only,0.01,33,725,0.0,3,0.24087381,0.24196479,0.96218723,0.10909699,0.10909699,1.0,0.0010909699,0.01,-26.071325,2.1168542,0.7056181,0.18400002,0.0,0.13837066,0.0,0.0,2323200
hardzero_only__c0p50__z1p10__lam0p000__nu0p50__psi0p00,hardzero_only,0.01,33,726,0.0,3,0.24196479,0.24311866,0.937845,0.11538649,0.11538649,1.0,0.0011538649,0.01,-26.186462,2.0633001,0.68776673,0.18400002,0.0,0.13792965,0.0,0.0,2326400
hardzero_only__c0p50__z1p10__lam0p000__nu0p50__psi0p00,hardzero_only,0.01,33,727,0.0,3,0.24311866,0.24423848,0.9508533,0.1119816,0.1119816,1.0,0.001119816,0.01,-26.556307,2.091919,0.69730633,0.18400002,0.0,0.14268453,0.0,0.0,2329600
hardzero_only__c0p50__z1p10__lam0p000__nu0p50__psi0p00,hardzero_only,0.01,33,728,0.0,3,0.24423848,0.24537003,0.94632816,0.11315451,0.11315451,1.0,0.001131545,0.01,-26.055704,2.0819635,0.69398785,0.16,0.0,0.13430227,0.0,0.0,2332800
hardzero_only__c0p50__z1p10__lam0p000__nu0p50__psi0p00,hardzero_only,0.01,33,729,0.0,3,0.24537003,0.24638653,0.99289274,0.10164997,0.10164997,1.0,0.0010164997,0.01,-26.912416,2.1844077,0.72813594,0.16000001,0.0,0.13352063,0.0,0.0,2336000
hardzero_only__c0p50__z1p10__lam0p000__nu0p50__psi0p00,hardzero_only,0.01,33,730,0.0,3,0.24638653,0.24745609,0.9707943,0.10695613,0.10695613,1.0,0.0010695613,0.01,-26.565374,2.13579,0.71193004,0.18400002,0.008,0.14973795,0.0,0.0,2339200
hardzero_only__c0p50__z1p10__lam0p000__nu0p50__psi0p00,hardzero_only,0.01,33,731,0.0,3,0.24745609,0.24840842,1.0212089,0.0952338,0.0952338,1.0,0.000952338,0.01,-27.387775,2.2467043,0.7489015,0.112,0.0,0.14823747,0.0,0.0,2342400
hardzero_only__c0p50__z1p10__lam0p000__nu0p50__psi0p00,hardzero_only,0.01,33,732,0.0,3,0.24840842,0.2494467,0.98368645,0.103827775,0.103827775,1.0,0.0010382778,0.01,-25.780788,2.1641533,0.72138447,0.15200001,0.0,0.13419938,0.0,0.0,2345600
hardzero_only__c0p50__z1p10__lam0p000__nu0p50__psi0p00,hardzero_only,0.01,33,733,0.0,3,0.2494467,0.2503931,1.023934,0.0946381,0.0946381,1.0,0.000946381,0.01,-27.490032,2.2526999,0.7509,0.16000001,0.0,0.13850868,0.0,0.0,2348800
hardzero_only__c0p50__z1p10__lam0p000__nu0p50__psi0p00,hardzero_only,0.01,33,734,0.0,3,0.2503931,0.25135353,1.0175316,0.09604359,0.09604359,1.0,0.00096043583,0.01,-27.254107,2.2386143,0.7462048,0.128,0.0,0.15267207,0.0,0.0,2352000
hardzero_only__c0p50__z1p10__lam0p000__nu0p50__psi0p00,hardzero_only,0.01,33,735,0.0,3,0.25135353,0.25246376,0.954589,0.1110225,0.1110225,1.0,0.001110225,0.01,-26.553055,2.1001377,0.70004594,0.15200001,0.0,0.14254619,0.0,0.0,2355200
hardzero_only__c0p50__z1p10__lam0p000__nu0p50__psi0p00,hardzero_only,0.01,33,736,0.0,3,0.25246376,0.25360182,0.94383824,0.113805115,0.113805115,1.0,0.0011380512,0.01,-26.479145,2.0764856,0.6921619,0.224,0.0,0.13137403,0.0,0.0,2358400
hardzero_only__c0p50__z1p10__lam0p000__nu0p50__psi0p00,hardzero_only,0.01,33,737,0.0,3,0.25360182,0.254607,0.9977547,0.100518346,0.100518346,1.0,0.0010051834,0.01,-26.843876,2.1951041,0.7317014,0.16800001,0.0,0.117098086,0.0,0.0,2361600
hardzero_only__c0p50__z1p10__lam0p000__nu0p50__psi0p00,hardzero_only,0.01,33,738,0.0,3,0.254607,0.25556043,1.0207138,0.09534241,0.09534241,1.0,0.0009534241,0.01,-28.212532,2.2456152,0.74853843,0.16000001,0.0,0.15237251,0.0,0.0,2364800
hardzero_only__c0p50__z1p10__lam0p000__nu0p50__psi0p00,hardzero_only,0.01,33,739,0.0,3,0.25556043,0.2565651,0.9979803,0.10046614,0.10046614,1.0,0.0010046613,0.01,-27.398642,2.1956005,0.73186684,0.17600001,0.0,0.15387075,0.0,0.0,2368000
hardzero_only__c0p50__z1p10__lam0p000__nu0p50__psi0p00,hardzero_only,0.01,33,740,0.0,3,0.2565651,0.25763583,0.97031885,0.107073285,0.107073285,1.0,0.0010707328,0.01,-26.55115,2.1347442,0.7115814,0.208,0.0,0.14379197,0.0,0.0,2371200
hardzero_only__c0p50__z1p10__lam0p000__nu0p50__psi0p00,hardzero_only,0.01,33,741,0.0,3,0.25763583,0.25871223,0.968022,0.107641056,0.107641056,1.0,0.0010764105,0.01,-26.040384,2.129691,0.709897,0.089999996,0.0,0.12311645,0.0,0.0,2374400
hardzero_only__c0p50__z1p10__lam0p000__nu0p50__psi0p00,hardzero_only,0.01,33,742,0.0,3,0.25871223,0.25974783,0.9848032,0.10356114,0.10356114,1.0,0.0010356114,0.01,-26.433046,2.1666102,0.72220343,0.15200001,0.0,0.16536911,0.0,0.0,2377600
hardzero_only__c0p50__z1p10__lam0p000__nu0p50__psi0p00,hardzero_only,0.01,33,743,0.0,3,0.25974783,0.2607863,0.98361087,0.10384584,0.10384584,1.0,0.0010384584,0.01,-26.035583,2.1639872,0.7213291,0.17600001,0.0,0.15294388,0.0,0.0,2380800
hardzero_only__c0p50__z1p10__lam0p000__nu0p50__psi0p00,hardzero_only,0.01,33,744,0.0,3,0.2607863,0.26178196,1.0018854,0.0995668,0.0995668,1.0,0.000995668,0.01,-27.618387,2.204192,0.73473066,0.2,0.0,0.16311829,0.0,0.0,2384000
hardzero_only__c0p50__z1p10__lam0p000__nu0p50__psi0p00,hardzero_only,0.01,33,745,0.0,3,0.26178196,0.26284045,0.97531486,0.10584861,0.10584861,1.0,0.001058486,0.01,-26.45949,2.1457355,0.7152452,0.16800001,0.0,0.124909006,0.0,0.0,2387200
hardzero_only__c0p50__z1p10__lam0p000__nu0p50__psi0p00,hardzero_only,0.01,33,746,0.0,3,0.26284045,0.26392758,0.9637159,0.10871364,0.10871364,1.0,0.0010871365,0.01,-25.788834,2.1202173,0.7067391,0.14400001,0.0,0.11686506,0.0,0.0,2390400
hardzero_only__c0p50__z1p10__lam0p000__nu0p50__psi0p00,hardzero_only,0.01,33,747,0.0,3,0.26392758,0.2649719,0.9811657,0.104432166,0.104432166,1.0,0.0010443217,0.01,-26.370981,2.1586077,0.71953595,0.15200001,0.0,0.14587583,0.0,0.0,2393600
hardzero_only__c0p50__z1p10__lam0p000__nu0p50__psi0p00,hardzero_only,0.01,33,748,0.0,3,0.2649719,0.26608118,0.9549659,0.110926196,0.110926196,1.0,0.0011092619,0.01,-26.581303,2.100967,0.70032233,0.15200001,0.0,0.12499215,0.0,0.0,2396800
hardzero_only__c0p50__z1p10__lam0p000__nu0p50__psi0p00,hardzero_only,0.01,33,749,0.0,3,0.26608118,0.26711735,0.98457235,0.103616185,0.103616185,1.0,0.0010361618,0.01,-26.747746,2.1661024,0.72203416,0.128,0.0,0.15610872,0.0,0.0,2400000
hardzero_only__c0p50__z1p10__lam0p000__nu0p50__psi0p00,hardzero_only,0.01,33,750,0.0,3,0.26711735,0.2682367,0.9510385,0.11193387,0.11193387,1.0,0.0011193387,0.01,-25.783607,2.0923264,0.6974422,0.208,0.0,0.1253626,0.0,0.0,2403200
hardzero_only__c0p50__z1p10__lam0p000__nu0p50__psi0p00,hardzero_only,0.01,33,751,0.0,3,0.2682367,0.2691622,1.0336171,0.092551365,0.092551365,1.0,0.0009255136,0.01,-27.12531,2.274003,0.758001,0.17600001,0.0,0.14713816,0.0,0.0,2406400
hardzero_only__c0p50__z1p10__lam0p000__nu0p50__psi0p00,hardzero_only,0.01,33,752,0.0,3,0.2691622,0.270182,0.9914792,0.101981364,0.101981364,1.0,0.0010198136,0.01,-26.8029,2.1812978,0.7270993,0.104,0.0,0.1409299,0.0,0.0,2409600
hardzero_only__c0p50__z1p10__lam0p000__nu0p50__psi0p00,hardzero_only,0.01,33,753,0.0,3,0.270182,0.27108482,1.0444069,0.090280324,0.090280324,1.0,0.0009028032,0.01,-27.380068,2.297741,0.76591367,0.120000005,0.0,0.16748501,0.0,0.0,2412800
hardzero_only__c0p50__z1p10__lam0p000__nu0p50__psi0p00,hardzero_only,0.01,33,754,0.0,3,0.27108482,0.27217793,0.96133316,0.10931174,0.10931174,1.0,0.0010931174,0.01,-25.448261,2.1149752,0.70499176,0.24,0.0,0.14529476,0.0,0.0,2416000
hardzero_only__c0p50__z1p10__lam0p000__nu0p50__psi0p00,hardzero_only,0.01,33,755,0.0,3,0.27217793,0.27312803,1.0222259,0.09501104,0.09501104,1.0,0.0009501104,0.01,-27.473032,2.248942,0.7496473,0.16800001,0.0,0.12237699,0.0,0.0,2419200
hardzero_only__c0p50__z1p10__lam0p000__nu0p50__psi0p00,hardzero_only,0.01,33,756,0.0,3,0.27312803,0.27419204,0.9730526,0.106401406,0.106401406,1.0,0.001064014,0.01,-26.375416,2.1407585,0.7135862,0.18400002,0.0,0.13143353,0.0,0.0,2422400
hardzero_only__c0p50__z1p10__lam0p000__nu0p50__psi0p00,hardzero_only,0.01,33,757,0.0,3,0.27419204,0.27524045,0.97946554,0.10484178,0.10484178,1.0,0.0010484178,0.01,-26.735495,2.1548672,0.7182891,0.18400002,0.0,0.14429215,0.0,0.0,2425600
hardzero_only__c0p50__z1p10__lam0p000__nu0p50__psi0p00,hardzero_only,0.01,33,758,0.0,3,0.27524045,0.27621514,1.0111346,0.09746875,0.09746875,1.0,0.00097468746,0.01,-27.128983,2.2245407,0.7415136,0.15200001,0.0,0.162951,0.0,0.0,2428800
hardzero_only__c0p50__z1p10__lam0p000__nu0p50__psi0p00,hardzero_only,0.01,33,759,0.0,3,0.27621514,0.2772852,0.970595,0.10700522,0.10700522,1.0,0.0010700523,0.01,-26.563124,2.1353517,0.7117839,0.224,0.0,0.1377043,0.0,0.0,2432000
hardzero_only__c0p50__z1p10__lam0p000__nu0p50__psi0p00,hardzero_only,0.01,33,760,0.0,3,0.2772852,0.27841526,0.9468939,0.113007195,0.113007195,1.0,0.0011300719,0.01,-26.26373,2.083208,0.6944027,0.208,0.0,0.14254335,0.0,0.0,2435200
hardzero_only__c0p50__z1p10__lam0p000__nu0p50__psi0p00,hardzero_only,0.01,33,761,0.0,3,0.27841526,0.2794412,0.9888721,0.1025954,0.1025954,1.0,0.0010259539,0.01,-27.332756,2.1755621,0.7251874,0.14400001,0.0,0.13240962,0.0,0.0,2438400
hardzero_only__c0p50__z1p10__lam0p000__nu0p50__psi0p00,hardzero_only,0.01,33,762,0.0,3,0.2794412,0.28053096,0.962671,0.10897553,0.10897553,1.0,0.0010897553,0.01,-26.110228,2.1179185,0.70597285,0.136,0.0,0.14338532,0.0,0.0,2441600
hardzero_only__c0p50__z1p10__lam0p000__nu0p50__psi0p00,hardzero_only,0.01,33,763,0.0,3,0.28053096,0.2814449,1.0390778,0.09139495,0.09139495,1.0,0.0009139495,0.01,-27.42321,2.2860167,0.76200557,0.15200001,0.0,0.17955762,0.0,0.0,2444800
hardzero_only__c0p50__z1p10__lam0p000__nu0p50__psi0p00,hardzero_only,0.01,33,764,0.0,3,0.2814449,0.28263116,0.92582184,0.11862554,0.11862554,1.0,0.0011862554,0.01,-26.056856,2.0368488,0.6789496,0.2,0.0,0.115452155,0.0,0.0,2448000
hardzero_only__c0p50__z1p10__lam0p000__nu0p50__psi0p00,hardzero_only,0.01,33,765,0.0,3,0.28263116,0.28362304,1.0035421,0.09918773,0.09918773,1.0,0.0009918773,0.01,-26.475447,2.2078366,0.7359456,0.136,0.0,0.15943351,0.0,0.0,2451200
hardzero_only__c0p50__z1p10__lam0p000__nu0p50__psi0p00,hardzero_only,0.01,33,766,0.0,3,0.28362304,0.2845575,1.0294368,0.09344653,0.09344653,1.0,0.00093446526,0.01,-27.364262,2.2648063,0.75493544,0.224,0.0,0.1556604,0.0,0.0,2454400
hardzero_only__c0p50__z1p10__lam0p000__nu0p50__psi0p00,hardzero_only,0.01,33,767,0.0,3,0.2845575,0.28571737,0.9355885,0.115987584,0.115987584,1.0,0.0011598758,0.01,-25.689566,2.0583358,0.6861119,0.17,0.0,0.16942704,0.0,0.0,2457600
hardzero_only__c0p50__z1p10__lam0p000__nu0p50__psi0p00,hardzero_only,0.01,33,768,0.0,3,0.28571737,0.28679004,0.96953404,0.10726695,0.10726695,1.0,0.0010726694,0.01,-25.68477,2.1330175,0.71100587,0.136,0.0,0.14091006,0.0,0.0,2460800
hardzero_only__c0p50__z1p10__lam0p000__nu0p50__psi0p00,hardzero_only,0.01,33,769,0.0,3,0.28679004,0.2879088,0.95127213,0.11187366,0.11187366,1.0,0.0011187366,0.01,-25.840305,2.0928404,0.6976135,0.15200001,0.0,0.12826845,0.0,0.0,2464000
hardzero_only__c0p50__z1p10__lam0p000__nu0p50__psi0p00,hardzero_only,0.01,33,770,0.0,3,0.2879088,0.28892374,0.9935538,0.10149536,0.10149536,1.0,0.0010149536,0.01,-27.304998,2.185862,0.7286207,0.128,0.0,0.13453023,0.0,0.0,2467200
hardzero_only__c0p50__z1p10__lam0p000__nu0p50__psi0p00,hardzero_only,0.01,33,771,0.0,3,0.28892374,0.2898993,1.0107552,0.09755393,0.09755393,1.0,0.00097553927,0.01,-26.877768,2.2237058,0.74123526,0.16000001,0.0,0.14440265,0.0,0.0,2470400
hardzero_only__c0p50__z1p10__lam0p000__nu0p50__psi0p00,hardzero_only,0.01,33,772,0.0,3,0.2898993,0.29094657,0.9799358,0.10472833,0.10472833,1.0,0.0010472833,0.01,-26.969723,2.155902,0.718634,0.192,0.0,0.15390386,0.0,0.0,2473600
hardzero_only__c0p50__z1p10__lam0p000__nu0p50__psi0p00,hardzero_only,0.01,33,773,0.0,3,0.29094657,0.2919689,0.990402,0.10223462,0.10223462,1.0,0.0010223462,0.01,-27.138342,2.178928,0.7263093,0.18400002,0.0,0.16333178,0.0,0.0,2476800
hardzero_only__c0p50__z1p10__lam0p000__nu0p50__psi0p00,hardzero_only,0.01,33,774,0.0,3,0.2919689,0.29306406,0.96052504,0.10951534,0.10951534,1.0,0.0010951534,0.01,-25.497541,2.1131973,0.7043991,0.18400002,0.0,0.14314888,0.0,0.0,2480000
hardzero_only__c0p50__z1p10__lam0p000__nu0p50__psi0p00,hardzero_only,0.01,33,775,0.0,3,0.29306406,0.2940389,1.0110734,0.09748248,0.09748248,1.0,0.00097482477,0.01,-26.944767,2.2244058,0.7414686,0.15200001,0.0,0.12452001,0.0,0.0,2483200
hardzero_only__c0p50__z1p10__lam0p000__nu0p50__psi0p00,hardzero_only,0.01,33,776,0.0,3,0.2940389,0.29510865,0.970714,0.10697592,0.10697592,1.0,0.0010697591,0.01,-26.49964,2.1356134,0.71187115,0.17600001,0.0,0.15915644,0.0,0.0,2486400
hardzero_only__c0p50__z1p10__lam0p000__nu0p50__psi0p00,hardzero_only,0.01,33,777,0.0,3,0.29510865,0.29609042,1.0079861,0.09817795,0.09817795,1.0,0.0009817794,0.01,-27.740618,2.2176137,0.7392046,0.18400002,0.0,0.14119497,0.0,0.0,2489600
hardzero_only__c0p50__z1p10__lam0p000__nu0p50__psi0p00,hardzero_only,0.01,33,778,0.0,3,0.29609042,0.29715657,0.9721822,0.106614865,0.106614865,1.0,0.0010661486,0.01,-25.823946,2.1388435,0.71294785,0.120000005,0.0,0.15526268,0.0,0.0,2492800
hardzero_only__c0p50__z1p10__lam0p000__nu0p50__psi0p00,hardzero_only,0.01,33,779,0.0,3,0.29715657,0.29816383,0.9968626,0.10072502,0.10072502,1.0,0.0010072502,0.01,-26.805813,2.1931415,0.73104715,0.18400002,0.0,0.151076,0.0,0.0,2496000
hardzero_only__c0p50__z1p10__lam0p000__nu0p50__psi0p00,hardzero_only,0.01,33,780,0.0,3,0.29816383,0.2992613,0.9596121,0.10974579,0.10974579,1.0,0.001097458,0.01,-25.378742,2.1111887,0.70372957,0.21,0.0,0.13972273,0.0,0.0,2499200
hardzero_only__c0p50__z1p10__lam0p000__nu0p50__psi0p00,hardzero_only,0.01,33,781,0.0,3,0.2992613,0.3002009,1.0270467,0.09396222,0.09396222,1.0,0.00093962223,0.01,-28.241219,2.2595477,0.7531826,0.14400001,0.0,0.14155719,0.0,0.0,2502400
hardzero_only__c0p50__z1p10__lam0p000__nu0p50__psi0p00,hardzero_only,0.01,33,782,0.0,3,0.3002009,0.30125898,0.97548175,0.10580794,0.10580794,1.0,0.0010580793,0.01,-26.463478,2.1461027,0.71536756,0.08800001,0.0,0.12897883,0.0,0.0,2505600
hardzero_only__c0p50__z1p10__lam0p000__nu0p50__psi0p00,hardzero_only,0.01,33,783,0.0,3,0.30125898,0.30242547,0.93312037,0.116648614,0.116648614,1.0,0.0011664861,0.01,-26.49916,2.0529058,0.684302,0.208,0.0,0.12763405,0.0,0.0,2508800
hardzero_only__c0p50__z1p10__lam0p000__nu0p50__psi0p00,hardzero_only,0.01,33,784,0.0,3,0.30242547,0.30337912,1.0206084,0.09536556,0.09536556,1.0,0.0009536556,0.01,-27.129688,2.2453835,0.7484612,0.15200001,0.0,0.13759375,0.0,0.0,2512000
hardzero_only__c0p50__z1p10__lam0p000__nu0p50__psi0p00,hardzero_only,0.01,33,785,0.0,3,0.30337912,0.30441776,0.9835298,0.10386523,0.10386523,1.0,0.0010386523,0.01,-27.337904,2.1638088,0.7212696,0.16800001,0.0,0.13098897,0.0,0.0,2515200
hardzero_only__c0p50__z1p10__lam0p000__nu0p50__psi0p00,hardzero_only,0.01,33,786,0.0,3,0.30441776,0.30530974,1.0496469,0.08919758,0.08919758,1.0,0.0008919758,0.01,-28.002377,2.3092692,0.76975644,0.120000005,0.0,0.1548921,0.0,0.0,2518400
hardzero_only__c0p50__z1p10__lam0p000__nu0p50__psi0p00,hardzero_only,0.01,33,787,0.0,3,0.30530974,0.3064596,0.9393499,0.11498736,0.11498736,1.0,0.0011498736,0.01,-25.407316,2.066611,0.6888704,0.224,0.0,0.11833941,0.0,0.0,2521600
hardzero_only__c0p50__z1p10__lam0p000__nu0p50__psi0p00,hardzero_only,0.01,33,788,0.0,3,0.3064596,0.30745074,1.0038694,0.09911299,0.09911299,1.0,0.0009911299,0.01,-27.238985,2.208557,0.73618567,0.136,0.0,0.17053208,0.0,0.0,2524800
hardzero_only__c0p50__z1p10__lam0p000__nu0p50__psi0p00,hardzero_only,0.01,33,789,0.0,3,0.30745074,0.30850288,0.9779207,0.10521539,0.10521539,1.0,0.0010521539,0.01,-27.346392,2.1514685,0.7171562,0.15200001,0.0,0.16892774,0.0,0.0,2528000
hardzero_only__c0p50__z1p10__lam0p000__nu0p50__psi0p00,hardzero_only,0.01,33,790,0.0,3,0.30850288,0.30947763,1.0111063,0.09747512,0.09747512,1.0,0.0009747512,0.01,-27.487871,2.2244782,0.74149275,0.14400001,0.0,0.16140993,0.0,0.0,2531200
hardzero_only__c0p50__z1p10__lam0p000__nu0p50__psi0p00,hardzero_only,0.01,33,791,0.0,3,0.30947763,0.31043124,1.0206246,0.09536201,0.09536201,1.0,0.00095362007,0.01,-26.95603,2.245419,0.74847305,0.14400001,0.0,0.14438818,0.0,0.0,2534400
hardzero_only__c0p50__z1p10__lam0p000__nu0p50__psi0p00,hardzero_only,0.01,33,792,0.0,3,0.31043124,0.31144786,0.9928416,0.101661935,0.101661935,1.0,0.0010166194,0.01,-27.340384,2.1842952,0.7280984,0.14400001,0.0,0.15732837,0.0,0.0,2537600
hardzero_only__c0p50__z1p10__lam0p000__nu0p50__psi0p00,hardzero_only,0.01,33,793,0.0,3,0.31144786,0.31233662,1.0512167,0.08887575,0.08887575,1.0,0.00088875747,0.01,-26.734482,2.312723,0.77090764,0.14,0.0,0.13473547,0.0,0.0,2540800
hardzero_only__c0p50__z1p10__lam0p000__nu0p50__psi0p00,hardzero_only,0.01,33,794,0.0,3,0.31233662,0.31345156,0.95275384,0.11149262,0.11149262,1.0,0.0011149262,0.01,-26.560856,2.0961003,0.69870013,0.216,0.0,0.13130064,0.0,0.0,2544000
hardzero_only__c0p50__z1p10__lam0p000__nu0p50__psi0p00,hardzero_only,0.01,33,795,0.0,3,0.31345156,0.31443635,1.0066609,0.09847796,0.09847796,1.0,0.0009847796,0.01,-26.169935,2.2146983,0.7382328,0.14400001,0.0,0.14679427,0.0,0.0,2547200
hardzero_only__c0p50__z1p10__lam0p000__nu0p50__psi0p00,hardzero_only,0.01,33,796,0.0,3,0.31443635,0.31541082,1.0112317,0.09744698,0.09744698,1.0,0.00097446976,0.01,-27.1694,2.224754,0.7415847,0.208,0.0,0.16176815,0.0,0.0,2550400
hardzero_only__c0p50__z1p10__lam0p000__nu0p50__psi0p00,hardzero_only,0.01,33,797,0.0,3,0.31541082,0.3163644,1.0206418,0.09535823,0.09535823,1.0,0.0009535823,0.01,-27.454132,2.2454567,0.74848557,0.15200001,0.0,0.14455363,0.0,0.0,2553600
hardzero_only__c0p50__z1p10__lam0p000__nu0p50__psi0p00,hardzero_only,0.01,33,798,0.0,3,0.3163644,0.3174975,0.94573224,0.11330987,0.11330987,1.0,0.0011330986,0.01,-26.37693,2.0806525,0.6935508,0.17600001,0.0,0.12390514,0.0,0.0,2556800
hardzero_only__c0p50__z1p10__lam0p000__nu0p50__psi0p00,hardzero_only,0.01,33,799,0.0,3,0.3174975,0.31847617,1.0093623,0.09786731,0.09786731,1.0,0.0009786731,0.01,-26.82254,2.2206414,0.7402138,0.14400001,0.0,0.156679,0.0,0.0,2560000
hardzero_only__c0p50__z1p10__lam0p000__nu0p50__psi0p00,hardzero_only,0.01,33,800,0.0,3,0.31847617,0.3194431,1.0145993,0.09669426,0.09669426,1.0,0.0009669426,0.01,-26.87215,2.232163,0.7440543,0.192,0.0,0.1548512,0.0,0.0,2563200
hardzero_only__c0p50__z1p10__lam0p000__nu0p50__psi0p00,hardzero_only,0.01,33,801,0.0,3,0.3194431,0.320461,0.9922899,0.101791166,0.101791166,1.0,0.0010179116,0.01,-26.363783,2.1830814,0.7276938,0.16000001,0.0,0.13964218,0.0,0.0,2566400
hardzero_only__c0p50__z1p10__lam0p000__nu0p50__psi0p00,hardzero_only,0.01,33,802,0.0,3,0.320461,0.32152757,0.9720168,0.10665547,0.10665547,1.0,0.0010665547,0.01,-26.718727,2.1384797,0.7128266,0.136,0.0,0.1622878,0.0,0.0,2569600
hardzero_only__c0p50__z1p10__lam0p000__nu0p50__psi0p00,hardzero_only,0.01,33,803,0.0,3,0.32152757,0.32245606,1.032226,0.092848316,0.092848316,1.0,0.00092848315,0.01,-27.145786,2.2709424,0.75698084,0.15200001,0.0,0.1535476,0.0,0.0,2572800
hardzero_only__c0p50__z1p10__lam0p000__nu0p50__psi0p00,hardzero_only,0.01,33,804,0.0,3,0.32245606,0.32351375,0.9756432,0.10576861,0.10576861,1.0,0.0010576862,0.01,-26.119745,2.146458,0.715486,0.2,0.0,0.12777118,0.0,0.0,2576000
hardzero_only__c0p50__z1p10__lam0p000__nu0p50__psi0p00,hardzero_only,0.01,33,805,0.0,3,0.32351375,0.32456902,0.976631,0.10552832,0.10552832,1.0,0.0010552831,0.01,-26.184961,2.148631,0.71621037,0.120000005,0.0,0.12808996,0.0,0.0,2579200
hardzero_only__c0p50__z1p10__lam0p000__nu0p50__psi0p00,hardzero_only,0.01,33,806,0.0,3,0.32456902,0.32563323,0.97297317,0.10642087,0.10642087,1.0,0.0010642087,0.01,-26.394228,2.1405838,0.7135279,0.17,0.0,0.14605135,0.0,0.0,2582400
hardzero_only__c0p50__z1p10__lam0p000__nu0p50__psi0p00,hardzero_only,0.01,33,807,0.0,3,0.32563323,0.3267013,0.9713895,0.106809646,0.106809646,1.0,0.0010680965,0.01,-26.272322,2.1370995,0.7123665,0.24000001,0.0,0.16726893,0.0,0.0,2585600
hardzero_only__c0p50__z1p10__lam0p000__nu0p50__psi0p00,hardzero_only,0.01,33,808,0.0,3,0.3267013,0.3276701,1.0137787,0.096877135,0.096877135,1.0,0.00096877135,0.01,-27.697615,2.2303576,0.74345255,0.128,0.0,0.13500422,0.0,0.0,2588800
hardzero_only__c0p50__z1p10__lam0p000__nu0p50__psi0p00,hardzero_only,0.01,33,809,0.0,3,0.3276701,0.32868248,0.99465066,0.10123936,0.10123936,1.0,0.0010123936,0.01,-27.584244,2.188275,0.7294251,0.16000001,0.0,0.15712357,0.0,0.0,2592000
hardzero_only__c0p50__z1p10__lam0p000__nu0p50__psi0p00,hardzero_only,0.01,33,810,0.0,3,0.32868248,0.3296534,1.0128078,0.09709394,0.09709394,1.0,0.00097093935,0.01,-27.208158,2.2282217,0.7427406,0.136,0.0,0.13113628,0.0,0.0,2595200
hardzero_only__c0p50__z1p10__lam0p000__nu0p50__psi0p00,hardzero_only,0.01,33,811,0.0,3,0.3296534,0.3307233,0.97066915,0.10698696,0.10698696,1.0,0.0010698696,0.01,-26.758314,2.1355147,0.71183825,0.14400001,0.0,0.15171905,0.0,0.0,2598400
hardzero_only__c0p50__z1p10__lam0p000__nu0p50__psi0p00,hardzero_only,0.01,33,812,0.0,3,0.3307233,0.33171555,1.0033771,0.09922542,0.09922542,1.0,0.0009922541,0.01,-26.801779,2.2074738,0.7358246,0.224,0.0,0.13214722,0.0,0.0,2601600
hardzero_only__c0p50__z1p10__lam0p000__nu0p50__psi0p00,hardzero_only,0.01,33,813,0.0,3,0.33171555,0.33281526,0.95872265,0.109970786,0.109970786,1.0,0.0010997078,0.01,-26.158052,2.109232,0.7030773,0.208,0.0,0.13087372,0.0,0.0,2604800
hardzero_only__c0p50__z1p10__lam0p000__nu0p50__psi0p00,hardzero_only,0.01,33,814,0.0,3,0.33281526,0.3339005,0.9644647,0.10852638,0.10852638,1.0,0.0010852638,0.01,-26.60034,2.1218648,0.70728827,0.18400002,0.008,0.1364621,0.0,0.0,2608000
hardzero_only__c0p50__z1p10__lam0p000__nu0p50__psi0p00,hardzero_only,0.01,33,815,0.0,3,0.3339005,0.33490968,0.99604046,0.10091588,0.10091588,1.0,0.0010091588,0.01,-26.99154,2.1913328,0.7304443,0.17600001,0.0,0.1545141,0.0,0.0,2611200
hardzero_only__c0p50__z1p10__lam0p000__nu0p50__psi0p00,hardzero_only,0.01,33,816,0.0,3,0.33490968,0.3358096,1.0458013,0.08999093,0.08999093,1.0,0.00089990924,0.01,-28.188015,2.3008087,0.76693624,0.16000001,0.0,0.18258551,0.0,0.0,2614400
hardzero_only__c0p50__z1p10__lam0p000__nu0p50__psi0p00,hardzero_only,0.01,33,817,0.0,3,0.3358096,0.3368921,0.9655727,0.10824985,0.10824985,1.0,0.0010824985,0.01,-26.556807,2.1243024,0.7081008,0.16800001,0.0,0.13407245,0.0,0.0,2617600
hardzero_only__c0p50__z1p10__lam0p000__nu0p50__psi0p00,hardzero_only,0.01,33,818,0.0,3,0.3368921,0.33795917,0.9718068,0.106707044,0.106707044,1.0,0.0010670704,0.01,-26.581646,2.1380177,0.7126726,0.136,0.0,0.12811829,0.0,0.0,2620800
hardzero_only__c0p50__z1p10__lam0p000__nu0p50__psi0p00,hardzero_only,0.01,33,819,0.0,3,0.33795917,0.33908305,0.9492833,0.112387165,0.112387165,1.0,0.0011238717,0.01,-25.498926,2.088465,0.696155,0.13,0.0,0.122807264,0.0,0.0,2624000
hardzero_only__c0p50__z1p10__lam0p000__nu0p50__psi0p00,hardzero_only,0.01,33,820,0.0,3,0.33908305,0.3400574,1.0112838,0.097435266,0.097435266,1.0,0.00097435265,0.01,-26.891771,2.2248688,0.7416229,0.208,0.0,0.13962276,0.0,0.0,2627200
hardzero_only__c0p50__z1p10__lam0p000__nu0p50__psi0p00,hardzero_only,0.01,33,821,0.0,3,0.3400574,0.34109083,0.9857173,0.10334339,0.10334339,1.0,0.0010334338,0.01,-26.616,2.1686213,0.7228738,0.2,0.0,0.1610991,0.0,0.0,2630400
hardzero_only__c0p50__z1p10__lam0p000__nu0p50__psi0p00,hardzero_only,0.01,33,822,0.0,3,0.34109083,0.34220868,0.9516107,0.1117865,0.1117865,1.0,0.001117865,0.01,-26.568161,2.0935853,0.6978618,0.208,0.0,0.15348697,0.0,0.0,2633600
hardzero_only__c0p50__z1p10__lam0p000__nu0p50__psi0p00,hardzero_only,0.01,33,823,0.0,3,0.34220868,0.3431156,1.0424379,0.09069057,0.09069057,1.0,0.0009069057,0.01,-27.337,2.293409,0.76446974,0.136,0.0,0.15548861,0.0,0.0,2636800
hardzero_only__c0p50__z1p10__lam0p000__nu0p50__psi0p00,hardzero_only,0.01,33,824,0.0,3,0.3431156,0.3441694,0.97724026,0.10538037,0.10538037,1.0,0.0010538037,0.01,-26.486092,2.1499715,0.71665716,0.192,0.0,0.14818642,0.0,0.0,2640000
hardzero_only__c0p50__z1p10__lam0p000__nu0p50__psi0p00,hardzero_only,0.01,33,825,0.0,3,0.3441694,0.34520152,0.98627114,0.103211686,0.103211686,1.0,0.0010321168,0.01,-26.778908,2.1698399,0.72327995,0.136,0.0,0.14182746,0.0,0.0,2643200
hardzero_only__c0p50__z1p10__lam0p000__nu0p50__psi0p00,hardzero_only,0.01,33,826,0.0,3,0.34520152,0.34623727,0.98475105,0.10357356,0.10357356,1.0,0.0010357356,0.01,-25.884727,2.1664956,0.7221652,0.16000001,0.0,0.15051575,0.0,0.0,2646400
hardzero_only__c0p50__z1p10__lam0p000__nu0p50__psi0p00,hardzero_only,0.01,33,827,0.0,3,0.34623727,0.34729183,0.9769342,0.105454676,0.105454676,1.0,0.0010545467,0.01,-26.426702,2.1492982,0.71643275,0.15200001,0.0,0.1386321,0.0,0.0,2649600
hardzero_only__c0p50__z1p10__lam0p000__nu0p50__psi0p00,hardzero_only,0.01,33,828,0.0,3,0.34729183,0.34838527,0.9611991,0.109345496,0.109345496,1.0,0.0010934549,0.01,-26.193375,2.1146803,0.70489347,0.15200001,0.0,0.13772696,0.0,0.0,2652800
hardzero_only__c0p50__z1p10__lam0p000__nu0p50__psi0p00,hardzero_only,0.01,33,829,0.0,3,0.34838527,0.34941223,0.98844624,0.102696046,0.102696046,1.0,0.0010269604,0.01,-27.198372,2.1746252,0.7248751,0.17600001,0.008,0.16816987,0.0,0.0,2656000
hardzero_only__c0p50__z1p10__lam0p000__nu0p50__psi0p00,hardzero_only,0.01,33,830,0.0,3,0.34941223,0.3504129,0.9997128,0.10006613,0.10006613,1.0,0.0010006613,0.01,-27.303583,2.199412,0.73313737,0.192,0.008,0.17293166,0.0,0.0,2659200
hardzero_only__c0p50__z1p10__lam0p000__nu0p50__psi0p00,hardzero_only,0.01,33,831,0.0,3,0.3504129,0.35145858,0.9806014,0.10456796,0.10456796,1.0,0.0010456796,0.01,-26.71688,2.157366,0.71912205,0.17600001,0.0,0.16096158,0.0,0.0,2662400
hardzero_only__c0p50__z1p10__lam0p000__nu0p50__psi0p00,hardzero_only,0.01,33,832,0.0,3,0.35145858,0.3525538,0.9604981,0.10952213,0.10952213,1.0,0.0010952213,0.01,-26.176788,2.113138,0.7043793,0.17,0.0,0.11686381,0.0,0.0,2665600
hardzero_only__c0p50__z1p10__lam0p000__nu0p50__psi0p00,hardzero_only,0.01,33,833,0.0,3,0.3525538,0.35361063,0.9760044,0.105680674,0.105680674,1.0,0.0010568068,0.01,-26.258173,2.1472526,0.7157509,0.136,0.0,0.12114481,0.0,0.0,2668800
hardzero_only__c0p50__z1p10__lam0p000__nu0p50__psi0p00,hardzero_only,0.01,33,834,0.0,3,0.35361063,0.35467014,0.97489643,0.10595064,0.10595064,1.0,0.0010595063,0.01,-26.948318,2.144815,0.71493834,0.16000001,0.0,0.16402312,0.0,0.0,2672000
hardzero_only__c0p50__z1p10__lam0p000__nu0p50__psi0p00,hardzero_only,0.01,33,835,0.0,3,0.35467014,0.3556185,1.0230187,0.09483775,0.09483775,1.0,0.0009483775,0.01,-27.097769,2.2506862,0.75022876,0.16800001,0.0,0.16492264,0.0,0.0,2675200
hardzero_only__c0p50__z1p10__lam0p000__nu0p50__psi0p00,hardzero_only,0.01,33,836,0.0,3,0.3556185,0.35666332,0.98095715,0.10448233,0.10448233,1.0,0.0010448233,0.01,-26.65621,2.1581488,0.71938294,0.18400002,0.0,0.15011035,0.0,0.0,2678400
hardzero_only__c0p50__z1p10__lam0p000__nu0p50__psi0p00,hardzero_only,0.01,33,837,0.0,3,0.35666332,0.35782114,0.93635595,0.115782805,0.115782805,1.0,0.001157828,0.01,-25.540964,2.0600243,0.6866748,0.15200001,0.0,0.12612945,0.0,0.0,2681600
hardzero_only__c0p50__z1p10__lam0p000__nu0p50__psi0p00,hardzero_only,0.01,33,838,0.0,3,0.35782114,0.3588223,0.9995018,0.10011476,0.10011476,1.0,0.0010011476,0.01,-26.670496,2.198948,0.73298264,0.120000005,0.0,0.14386955,0.0,0.0,2684800
hardzero_only__c0p50__z1p10__lam0p000__nu0p50__psi0p00,hardzero_only,0.01,33,839,0.0,3,0.3588223,0.35979155,1.013557,0.09692661,0.09692661,1.0,0.00096926605,0.01,-27.267418,2.2298698,0.74328995,0.16800001,0.0,0.17732985,0.0,0.0,2688000
hardzero_only__c0p50__z1p10__lam0p000__nu0p50__psi0p00,hardzero_only,0.01,33,840,0.0,3,0.35979155,0.36073828,1.0237772,0.09467225,0.09467225,1.0,0.00094672246,0.01,-28.088436,2.2523549,0.750785,0.120000005,0.0,0.1482943,0.0,0.0,2691200
hardzero_only__c0p50__z1p10__lam0p000__nu0p50__psi0p00,hardzero_only,0.01,33,841,0.0,3,0.36073828,0.36169317,1.0200403,0.095490396,0.095490396,1.0,0.00095490395,0.01,-27.459799,2.2441335,0.7480445,0.136,0.0,0.17400184,0.0,0.0,2694400
hardzero_only__c0p50__z1p10__lam0p000__nu0p50__psi0p00,hardzero_only,0.01,33,842,0.0,3,0.36169317,0.36263835,1.02449,0.094517015,0.094517015,1.0,0.0009451701,0.01,-28.435795,2.253923,0.75130767,0.15200001,0.0,0.13907865,0.0,0.0,2697600
hardzero_only__c0p50__z1p10__lam0p000__nu0p50__psi0p00,hardzero_only,0.01,33,843,0.0,3,0.36263835,0.36374488,0.9560354,0.110653356,0.110653356,1.0,0.0011065336,0.01,-26.705315,2.10332,0.70110667,0.16800001,0.0,0.14471765,0.0,0.0,2700800
hardzero_only__c0p50__z1p10__lam0p000__nu0p50__psi0p00,hardzero_only,0.01,33,844,0.0,3,0.36374488,0.36470887,1.0159267,0.096399166,0.096399166,1.0,0.0009639916,0.01,-27.050451,2.2350833,0.7450278,0.23200001,0.0,0.1789572,0.0,0.0,2704000
hardzero_only__c0p50__z1p10__lam0p000__nu0p50__psi0p00,hardzero_only,0.01,33,845,0.0,3,0.36470887,0.36570796,1.0003964,0.09990877,0.09990877,1.0,0.0009990877,0.01,-26.609022,2.200916,0.7336387,0.08,0.0,0.14442192,0.0,0.0,2707200
hardzero_only__c0p50__z1p10__lam0p000__nu0p50__psi0p00,hardzero_only,0.01,33,846,0.0,3,0.36570796,0.36672363,0.99325037,0.1015663,0.1015663,1.0,0.001015663,0.01,-26.898151,2.1851945,0.7283982,0.17600001,0.0,0.14047986,0.0,0.0,2710400
hardzero_only__c0p50__z1p10__lam0p000__nu0p50__psi0p00,hardzero_only,0.01,33,847,0.0,3,0.36672363,0.36784923,0.9486108,0.11256133,0.11256133,1.0,0.0011256132,0.01,-26.464655,2.0869853,0.6956618,0.136,0.0,0.12511764,0.0,0.0,2713600
hardzero_only__c0p50__z1p10__lam0p000__nu0p50__psi0p00,hardzero_only,0.01,33,848,0.0,3,0.36784923,0.36891335,0.97300583,0.10641287,0.10641287,1.0,0.0010641287,0.01,-26.343897,2.1406555,0.7135519,0.16800001,0.0,0.14880422,0.0,0.0,2716800
hardzero_only__c0p50__z1p10__lam0p000__nu0p50__psi0p00,hardzero_only,0.01,33,849,0.0,3,0.36891335,0.37000227,0.96300876,0.10889082,0.10889082,1.0,0.0010889082,0.01,-25.87332,2.1186616,0.70622057,0.18400002,0.0,0.13802315,0.0,0.0,2720000
hardzero_only__c0p50__z1p10__lam0p000__nu0p50__psi0p00,hardzero_only,0.01,33,850,0.0,3,0.37000227,0.37103587,0.9856426,0.10336116,0.10336116,1.0,0.0010336116,0.01,-27.125454,2.168457,0.72281903,0.15200001,0.0,0.1582685,0.0,0.0,2723200
hardzero_only__c0p50__z1p10__lam0p000__nu0p50__psi0p00,hardzero_only,0.01,33,851,0.0,3,0.37103587,0.37211356,0.967509,0.1077683,0.1077683,1.0,0.001077683,0.01,-26.241232,2.1285622,0.70952076,0.192,0.0,0.1813562,0.0,0.0,2726400
hardzero_only__c0p50__z1p10__lam0p000__nu0p50__psi0p00,hardzero_only,0.01,33,852,0.0,3,0.37211356,0.37300608,1.0493822,0.08925196,0.08925196,1.0,0.00089251954,0.01,-27.846622,2.308687,0.76956236,0.17600001,0.0,0.16516268,0.0,0.0,2729600
hardzero_only__c0p50__z1p10__lam0p000__nu0p50__psi0p00,hardzero_only,0.01,33,853,0.0,3,0.37300608,0.37411433,0.9553554,0.110826746,0.110826746,1.0,0.0011082675,0.01,-26.59238,2.1018238,0.70060796,0.16000001,0.0,0.12950802,0.0,0.0,2732800
hardzero_only__c0p50__z1p10__lam0p000__nu0p50__psi0p00,hardzero_only,0.01,33,854,0.0,3,0.37411433,0.37518406,0.97073317,0.1069712,0.1069712,1.0,0.001069712,0.01,-26.417442,2.1356556,0.7118852,0.192,0.0,0.14250164,0.0,0.0,2736000
hardzero_only__c0p50__z1p10__lam0p000__nu0p50__psi0p00,hardzero_only,0.01,33,855,0.0,3,0.37518406,0.37632748,0.9417903,0.114343025,0.114343025,1.0,0.0011434302,0.01,-26.452446,2.07198,0.69066,0.272,0.0,0.13823499,0.0,0.0,2739200
hardzero_only__c0p50__z1p10__lam0p000__nu0p50__psi0p00,hardzero_only,0.01,33,856,0.0,3,0.37632748,0.37738812,0.9744328,0.10606379,0.10606379,1.0,0.0010606379,0.01,-25.716208,2.143795,0.71459836,0.14400001,0.0,0.11559261,0.0,0.0,2742400
hardzero_only__c0p50__z1p10__lam0p000__nu0p50__psi0p00,hardzero_only,0.01,33,857,0.0,3,0.37738812,0.3782903,1.0447046,0.09021847,0.09021847,1.0,0.0009021847,0.01,-27.232477,2.2983959,0.766132,0.136,0.0,0.16053107,0.0,0.0,2745600
hardzero_only__c0p50__z1p10__lam0p000__nu0p50__psi0p00,hardzero_only,0.01,33,858,0.0,3,0.3782903,0.37935537,0.97261786,0.10650798,0.10650798,1.0,0.0010650798,0.01,-26.521479,2.139802,0.7132673,0.17,0.0,0.12635654,0.0,0.0,2748800
hardzero_only__c0p50__z1p10__lam0p000__nu0p50__psi0p00,hardzero_only,0.01,33,859,0.0,3,0.37935537,0.3805135,0.9362425,0.11581303,0.11581303,1.0,0.0011581302,0.01,-26.493214,2.0597746,0.68659157,0.216,0.0,0.13348728,0.0,0.0,2752000
hardzero_only__c0p50__z1p10__lam0p000__nu0p50__psi0p00,hardzero_only,0.01,33,860,0.0,3,0.3805135,0.3814809,1.0143859,0.096741766,0.096741766,1.0,0.0009674176,0.01,-27.18202,2.2316937,0.7438979,0.136,0.0,0.12570181,0.0,0.0,2755200
hardzero_only__c0p50__z1p10__lam0p000__nu0p50__psi0p00,hardzero_only,0.01,33,861,0.0,3,0.3814809,0.38255954,0.9671263,0.10786331,0.10786331,1.0,0.001078633,0.01,-26.049416,2.1277204,0.70924014,0.136,0.0,0.15584588,0.0,0.0,2758400
hardzero_only__c0p50__z1p10__lam0p000__nu0p50__psi0p00,hardzero_only,0.01,33,862,0.0,3,0.38255954,0.3836015,0.98215514,0.104194514,0.104194514,1.0,0.0010419451,0.01,-26.671911,2.1607845,0.7202615,0.192,0.0,0.14587298,0.0,0.0,2761600
hardzero_only__c0p50__z1p10__lam0p000__nu0p50__psi0p00,hardzero_only,0.01,33,863,0.0,3,0.3836015,0.3846653,0.9731329,0.10638172,0.10638172,1.0,0.0010638172,0.01,-26.216167,2.1409352,0.7136451,0.16800001,0.0,0.1416118,0.0,0.0,2764800
hardzero_only__c0p50__z1p10__lam0p000__nu0p50__psi0p00,hardzero_only,0.01,33,864,0.0,3,0.3846653,0.38574603,0.9662831,0.108072914,0.108072914,1.0,0.0010807291,0.01,-26.562521,2.1258652,0.70862174,0.16800001,0.0,0.13954577,0.0,0.0,2768000
hardzero_only__c0p50__z1p10__lam0p000__nu0p50__psi0p00,hardzero_only,0.01,33,865,0.0,3,0.38574603,0.38678458,0.98356843,0.103856,0.103856,1.0,0.00103856,0.01,-26.125275,2.1638937,0.7212979,0.15200001,0.0,0.13624366,0.0,0.0,2771200
hardzero_only__c0p50__z1p10__lam0p000__nu0p50__psi0p00,hardzero_only,0.01,33,866,0.0,3,0.38678458,0.38784227,0.9756415,0.105769016,0.105769016,1.0,0.0010576901,0.01,-25.926397,2.146454,0.71548474,0.208,0.0,0.14272591,0.0,0.0,2774400
hardzero_only__c0p50__z1p10__lam0p000__nu0p50__psi0p00,hardzero_only,0.01,33,867,0.0,3,0.38784227,0.38898024,0.9438709,0.11379654,0.11379654,1.0,0.0011379654,0.01,-25.778685,2.0765574,0.6921858,0.24000001,0.0,0.13729389,0.0,0.0,2777600
hardzero_only__c0p50__z1p10__lam0p000__nu0p50__psi0p00,hardzero_only,0.01,33,868,0.0,3,0.38898024,0.38996506,1.0066413,0.098482415,0.098482415,1.0,0.0009848241,0.01,-26.703789,2.214655,0.7382183,0.112,0.0,0.11463023,0.0,0.0,2780800
hardzero_only__c0p50__z1p10__lam0p000__nu0p50__psi0p00,hardzero_only,0.01,33,869,0.0,3,0.38996506,0.39084324,1.0564078,0.08781975,0.08781975,1.0,0.00087819743,0.01,-28.051678,2.3241436,0.7747146,0.128,0.0,0.18930186,0.0,0.0,2784000
hardzero_only__c0p50__z1p10__lam0p000__nu0p50__psi0p00,hardzero_only,0.01,33,870,0.0,3,0.39084324,0.39184022,1.0013171,0.099697165,0.099697165,1.0,0.0009969716,0.01,-26.885279,2.2029417,0.7343139,0.192,0.0,0.117693685,0.0,0.0,2787200
hardzero_only__c0p50__z1p10__lam0p000__nu0p50__psi0p00,hardzero_only,0.01,33,871,0.0,3,0.39184022,0.3928676,0.98826724,0.10273839,0.10273839,1.0,0.0010273838,0.01,-26.54446,2.1742313,0.7247438,0.19,0.0,0.13457488,0.0,0.0,2790400
hardzero_only__c0p50__z1p10__lam0p000__nu0p50__psi0p00,hardzero_only,0.01,33,872,0.0,3,0.3928676,0.39395452,0.96380043,0.10869249,0.10869249,1.0,0.0010869249,0.01,-26.629393,2.1204033,0.7068011,0.192,0.0,0.13578662,0.0,0.0,2793600
hardzero_only__c0p50__z1p10__lam0p000__nu0p50__psi0p00,hardzero_only,0.01,33,873,0.0,3,0.39395452,0.39499968,0.9808103,0.10451765,0.10451765,1.0,0.0010451765,0.01,-26.067738,2.1578257,0.71927524,0.15200001,0.0,0.13339949,0.0,0.0,2796800
hardzero_only__c0p50__z1p10__lam0p000__nu0p50__psi0p00,hardzero_only,0.01,33,874,0.0,3,0.39499968,0.39582828,1.0816592,0.08285922,0.08285922,1.0,0.00082859216,0.01,-27.863941,2.3796978,0.7932326,0.128,0.0,0.14149913,0.0,0.0,2800000
hardzero_only__c0p50__z1p10__lam0p000__nu0p50__psi0p00,hardzero_only,0.01,33,875,0.0,3,0.39582828,0.39677325,1.0245833,0.09449669,0.09449669,1.0,0.00094496686,0.01,-27.853287,2.2541285,0.75137615,0.120000005,0.0,0.15580542,0.0,0.0,2803200
hardzero_only__c0p50__z1p10__lam0p000__nu0p50__psi0p00,hardzero_only,0.01,33,876,0.0,3,0.39677325,0.39788008,0.9559161,0.110683754,0.110683754,1.0,0.0011068375,0.01,-26.945627,2.1030574,0.70101917,0.16800001,0.0,0.15645063,0.0,0.0,2806400
hardzero_only__c0p50__z1p10__lam0p000__nu0p50__psi0p00,hardzero_only,0.01,33,877,0.0,3,0.39788008,0.3988629,1.007528,0.098281555,0.098281555,1.0,0.0009828155,0.01,-26.745779,2.2166057,0.7388686,0.120000005,0.0,0.17132431,0.0,0.0,2809600
hardzero_only__c0p50__z1p10__lam0p000__nu0p50__psi0p00,hardzero_only,0.01,33,878,0.0,3,0.3988629,0.39989993,0.9842053,0.103703804,0.103703804,1.0,0.001037038,0.01,-27.06977,2.165295,0.721765,0.16000001,0.0,0.15213786,0.0,0.0,2812800
hardzero_only__c0p50__z1p10__lam0p000__nu0p50__psi0p00,hardzero_only,0.01,33,879,0.0,3,0.39989993,0.40111187,0.9165193,0.12119388,0.12119388,1.0,0.0012119388,0.01,-26.302202,2.0163827,0.6721276,0.18400002,0.0,0.1454965,0.0,0.0,2816000
hardzero_only__c0p50__z1p10__lam0p000__nu0p50__psi0p00,hardzero_only,0.01,33,880,0.0,3,0.40111187,0.40222138,0.95486575,0.110951774,0.110951774,1.0,0.0011095178,0.01,-26.386154,2.1007466,0.7002489,0.15200001,0.0,0.11275645,0.0,0.0,2819200
hardzero_only__c0p50__z1p10__lam0p000__nu0p50__psi0p00,hardzero_only,0.01,33,881,0.0,3,0.40222138,0.40326482,0.9815316,0.10434421,0.10434421,1.0,0.001043442,0.01,-26.73917,2.1594126,0.7198042,0.192,0.0,0.13875219,0.0,0.0,2822400
hardzero_only__c0p50__z1p10__lam0p000__nu0p50__psi0p00,hardzero_only,0.01,33,882,0.0,3,0.40326482,0.4044232,0.9361517,0.11583728,0.11583728,1.0,0.0011583728,0.01,-25.79181,2.0595748,0.686525,0.24800001,0.0,0.1421082,0.0,0.0,2825600
hardzero_only__c0p50__z1p10__lam0p000__nu0p50__psi0p00,hardzero_only,0.01,33,883,0.0,3,0.4044232,0.4054771,0.97720665,0.105388515,0.105388515,1.0,0.0010538851,0.01,-26.765127,2.1498976,0.71663254,0.15200001,0.0,0.12868698,0.0,0.0,2828800
hardzero_only__c0p50__z1p10__lam0p000__nu0p50__psi0p00,hardzero_only,0.01,33,884,0.0,3,0.4054771,0.4066414,0.933942,0.116428144,0.116428144,1.0,0.0011642814,0.01,-25.546669,2.0547135,0.6849045,0.24,0.0,0.13795845,0.0,0.0,2832000
hardzero_only__c0p50__z1p10__lam0p000__nu0p50__psi0p00,hardzero_only,0.01,33,885,0.0,3,0.4066414,0.40775454,0.9534435,0.111315705,0.111315705,1.0,0.001113157,0.01,-26.002764,2.0976176,0.6992059,0.224,0.0,0.1359379,0.0,0.0,2835200
hardzero_only__c0p50__z1p10__lam0p000__nu0p50__psi0p00,hardzero_only,0.01,33,886,0.0,3,0.40775454,0.4087059,1.021661,0.0951347,0.0951347,1.0,0.00095134694,0.01,-27.10574,2.2476993,0.7492331,0.120000005,0.0,0.14029394,0.0,0.0,2838400
hardzero_only__c0p50__z1p10__lam0p000__nu0p50__psi0p00,hardzero_only,0.01,33,887,0.0,3,0.4087059,0.40974733,0.9823664,0.10414384,0.10414384,1.0,0.0010414384,0.01,-26.344973,2.1612492,0.7204164,0.17600001,0.0,0.1255858,0.0,0.0,2841600
hardzero_only__c0p50__z1p10__lam0p000__nu0p50__psi0p00,hardzero_only,0.01,33,888,0.0,3,0.40974733,0.41077602,0.9877209,0.1028677,0.1028677,1.0,0.001028677,0.01,-26.92963,2.1730294,0.7243432,0.192,0.008,0.14618848,0.0,0.0,2844800
hardzero_only__c0p50__z1p10__lam0p000__nu0p50__psi0p00,hardzero_only,0.01,33,889,0.0,3,0.41077602,0.41182998,0.9771746,0.10539631,0.10539631,1.0,0.0010539631,0.01,-26.594105,2.149827,0.716609,0.15200001,0.0,0.12758133,0.0,0.0,2848000
hardzero_only__c0p50__z1p10__lam0p000__nu0p50__psi0p00,hardzero_only,0.01,33,890,0.0,3,0.41182998,0.41271994,1.0506369,0.08899449,0.08899449,1.0,0.00088994484,0.01,-29.025196,2.3114474,0.7704825,0.15200001,0.0,0.18089415,0.0,0.0,2851200
hardzero_only__c0p50__z1p10__lam0p000__nu0p50__psi0p00,hardzero_only,0.01,33,891,0.0,3,0.41271994,0.41387904,0.9358801,0.11590972,0.11590972,1.0,0.0011590972,0.01,-25.645372,2.0589774,0.6863258,0.23200001,0.0,0.11557696,0.0,0.0,2854400
hardzero_only__c0p50__z1p10__lam0p000__nu0p50__psi0p00,hardzero_only,0.01,33,892,0.0,3,0.41387904,0.41492102,0.98214626,0.104196645,0.104196645,1.0,0.0010419664,0.01,-25.959732,2.160765,0.720255,0.216,0.0,0.12763293,0.0,0.0,2857600
hardzero_only__c0p50__z1p10__lam0p000__nu0p50__psi0p00,hardzero_only,0.01,33,893,0.0,3,0.41492102,0.4159746,0.9773301,0.10535857,0.10535857,1.0,0.0010535857,0.01,-26.296677,2.1501691,0.7167231,0.14400001,0.0,0.15598454,0.0,0.0,2860800
hardzero_only__c0p50__z1p10__lam0p000__nu0p50__psi0p00,hardzero_only,0.01,33,894,0.0,3,0.4159746,0.41690862,1.0296433,0.09340212,0.09340212,1.0,0.00093402114,0.01,-27.448673,2.2652605,0.75508684,0.192,0.0,0.17208306,0.0,0.0,2864000
hardzero_only__c0p50__z1p10__lam0p000__nu0p50__psi0p00,hardzero_only,0.01,33,895,0.0,3,0.41690862,0.41791922,0.99542475,0.101059064,0.101059064,1.0,0.0010105906,0.01,-27.18829,2.1899781,0.72999275,0.136,0.0,0.16078982,0.0,0.0,2867200
hardzero_only__c0p50__z1p10__lam0p000__nu0p50__psi0p00,hardzero_only,0.01,33,896,0.0,3,0.41791922,0.41894272,0.98990774,0.102351025,0.102351025,1.0,0.0010235102,0.01,-27.450428,2.1778405,0.72594684,0.2,0.0,0.15896857,0.0,0.0,2870400
hardzero_only__c0p50__z1p10__lam0p000__nu0p50__psi0p00,hardzero_only,0.01,33,897,0.0,3,0.41894272,0.419991,0.9795302,0.10482618,0.10482618,1.0,0.0010482618,0.01,-27.02118,2.1550095,0.7183365,0.22,0.0,0.14908598,0.0,0.0,2873600
hardzero_only__c0p50__z1p10__lam0p000__nu0p50__psi0p00,hardzero_only,0.01,33,898,0.0,3,0.419991,0.42096293,1.0123639,0.097193256,0.097193256,1.0,0.00097193255,0.01,-27.105082,2.227245,0.7424151,0.14400001,0.0,0.14379591,0.0,0.0,2876800
hardzero_only__c0p50__z1p10__lam0p000__nu0p50__psi0p00,hardzero_only,0.01,33,899,0.0,3,0.42096293,0.4220012,0.98368675,0.1038277,0.1038277,1.0,0.0010382769,0.01,-27.139927,2.164154,0.7213847,0.128,0.0,0.16727228,0.0,0.0,2880000
hardzero_only__c0p50__z1p10__lam0p000__nu0p50__psi0p00,hardzero_only,0.01,33,900,0.0,3,0.4220012,0.4229988,1.0010613,0.09975591,0.09975591,1.0,0.000997559,0.01,-27.301374,2.2023787,0.73412627,0.216,0.0,0.14658737,0.0,0.0,2883200
hardzero_only__c0p50__z1p10__lam0p000__nu0p50__psi0p00,hardzero_only,0.01,33,901,0.0,3,0.4229988,0.42397556,1.0102082,0.09767686,0.09767686,1.0,0.0009767686,0.01,-27.136599,2.2225025,0.7408342,0.16000001,0.0,0.13541308,0.0,0.0,2886400
hardzero_only__c0p50__z1p10__lam0p000__nu0p50__psi0p00,hardzero_only,0.01,33,902,0.0,3,0.42397556,0.42489773,1.0351845,0.092217945,0.092217945,1.0,0.00092217943,0.01,-28.423538,2.2774513,0.75915045,0.17600001,0.0,0.15897393,0.0,0.0,2889600
hardzero_only__c0p50__z1p10__lam0p000__nu0p50__psi0p00,hardzero_only,0.01,33,903,0.0,3,0.42489773,0.426023,0.94874394,0.11252683,0.11252683,1.0,0.0011252683,0.01,-26.789637,2.0872784,0.6957595,0.23200001,0.0,0.14315614,0.0,0.0,2892800
hardzero_only__c0p50__z1p10__lam0p000__nu0p50__psi0p00,hardzero_only,0.01,33,904,0.0,3,0.426023,0.4271514,0.94753325,0.11284094,0.11284094,1.0,0.0011284094,0.01,-26.948236,2.0846148,0.6948716,0.256,0.0,0.13813987,0.0,0.0,2896000
hardzero_only__c0p50__z1p10__lam0p000__nu0p50__psi0p00,hardzero_only,0.01,33,905,0.0,3,0.4271514,0.4281344,1.0074508,0.09829902,0.09829902,1.0,0.0009829901,0.01,-26.994856,2.2164361,0.7388121,0.16800001,0.0,0.16061555,0.0,0.0,2899200
hardzero_only__c0p50__z1p10__lam0p000__nu0p50__psi0p00,hardzero_only,0.01,33,906,0.0,3,0.4281344,0.42929593,0.93496937,0.11615305,0.11615305,1.0,0.0011615304,0.01,-25.65174,2.0569737,0.6856579,0.208,0.0,0.14321327,0.0,0.0,2902400
hardzero_only__c0p50__z1p10__lam0p000__nu0p50__psi0p00,hardzero_only,0.01,33,907,0.0,3,0.42929593,0.43033537,0.9831943,0.10394549,0.10394549,1.0,0.001039455,0.01,-26.980669,2.1630707,0.72102356,0.16000001,0.0,0.12438358,0.0,0.0,2905600
hardzero_only__c0p50__z1p10__lam0p000__nu0p50__psi0p00,hardzero_only,0.01,33,908,0.0,3,0.43033537,0.4312987,1.0162278,0.09633236,0.09633236,1.0,0.0009633235,0.01,-27.585194,2.235746,0.7452487,0.120000005,0.0,0.1272514,0.0,0.0,2908800
hardzero_only__c0p50__z1p10__lam0p000__nu0p50__psi0p00,hardzero_only,0.01,33,909,0.0,3,0.4312987,0.4323133,0.993708,0.10145932,0.10145932,1.0,0.0010145932,0.01,-26.878876,2.1862013,0.7287338,0.16000001,0.0,0.1405744,0.0,0.0,2912000
hardzero_only__c0p50__z1p10__lam0p000__nu0p50__psi0p00,hardzero_only,0.01,33,910,0.0,3,0.4323133,0.43341652,0.957333,0.110323235,0.110323235,1.0,0.0011032324,0.01,-26.063375,2.1061747,0.70205826,0.12,0.0,0.15516472,0.0,0.0,2915200
hardzero_only__c0p50__z1p10__lam0p000__nu0p50__psi0p00,hardzero_only,0.01,33,911,0.0,3,0.43341652,0.43436164,1.0245168,0.09451118,0.09451118,1.0,0.0009451118,0.01,-27.488361,2.253982,0.7513274,0.128,0.0,0.13605314,0.0,0.0,2918400
hardzero_only__c0p50__z1p10__lam0p000__nu0p50__psi0p00,hardzero_only,0.01,33,912,0.0,3,0.43436164,0.43543285,0.9701222,0.10712178,0.10712178,1.0,0.0010712178,0.01,-26.674797,2.1343114,0.71143717,0.216,0.0,0.121980034,0.0,0.0,2921600
hardzero_only__c0p50__z1p10__lam0p000__nu0p50__psi0p00,hardzero_only,0.01,33,913,0.0,3,0.43543285,0.43633598,1.0442525,0.09031243,0.09031243,1.0,0.0009031243,0.01,-27.74485,2.2974014,0.7658005,0.120000005,0.0,0.15093073,0.0,0.0,2924800
hardzero_only__c0p50__z1p10__lam0p000__nu0p50__psi0p00,hardzero_only,0.01,33,914,0.0,3,0.43633598,0.43746006,0.9491991,0.11240894,0.11240894,1.0,0.0011240895,0.01,-26.140345,2.0882797,0.69609326,0.18400002,0.008,0.14946175,0.0,0.0,2928000
hardzero_only__c0p50__z1p10__lam0p000__nu0p50__psi0p00,hardzero_only,0.01,33,915,0.0,3,0.43746006,0.43857428,0.9530324,0.11142114,0.11142114,1.0,0.0011142114,0.01,-26.093773,2.096713,0.6989044,0.18400002,0.0,0.1388765,0.0,0.0,2931200
hardzero_only__c0p50__z1p10__lam0p000__nu0p50__psi0p00,hardzero_only,0.01,33,916,0.0,3,0.43857428,0.43961307,0.9834739,0.1038786,0.1038786,1.0,0.001038786,0.01,-27.734684,2.1636858,0.7212286,0.15200001,0.0,0.13726276,0.0,0.0,2934400
hardzero_only__c0p50__z1p10__lam0p000__nu0p50__psi0p00,hardzero_only,0.01,33,917,0.0,3,0.43961307,0.44074848,0.9448475,0.113540925,0.113540925,1.0,0.0011354092,0.01,-26.068941,2.078706,0.692902,0.192,0.0,0.13584238,0.0,0.0,2937600
hardzero_only__c0p50__z1p10__lam0p000__nu0p50__psi0p00,hardzero_only,0.01,33,918,0.0,3,0.44074848,0.4418856,0.9441977,0.11371095,0.11371095,1.0,0.0011371095,0.01,-26.387636,2.0772765,0.6924255,0.136,0.0,0.13731052,0.0,0.0,2940800
hardzero_only__c0p50__z1p10__lam0p000__nu0p50__psi0p00,hardzero_only,0.01,33,919,0.0,3,0.4418856,0.44295707,0.9700131,0.1071487,0.1071487,1.0,0.001071487,0.01,-26.93277,2.1340714,0.7113571,0.15200001,0.0,0.15927738,0.0,0.0,2944000
hardzero_only__c0p50__z1p10__lam0p000__nu0p50__psi0p00,hardzero_only,0.01,33,920,0.0,3,0.44295707,0.44396314,0.9973674,0.10060802,0.10060802,1.0,0.0010060802,0.01,-27.187517,2.194252,0.73141736,0.15200001,0.0,0.12547238,0.0,0.0,2947200
hardzero_only__c0p50__z1p10__lam0p000__nu0p50__psi0p00,hardzero_only,0.01,33,921,0.0,3,0.44396314,0.4450647,0.9579895,0.11015657,0.11015657,1.0,0.0011015657,0.01,-26.541468,2.107619,0.7025397,0.17600001,0.0,0.13723104,0.0,0.0,2950400
hardzero_only__c0p50__z1p10__lam0p000__nu0p50__psi0p00,hardzero_only,0.01,33,922,0.0,3,0.4450647,0.44606197,1.001184,0.099727735,0.099727735,1.0,0.0009972773,0.01,-26.530462,2.2026486,0.7342162,0.17600001,0.0,0.14700577,0.0,0.0,2953600
hardzero_only__c0p50__z1p10__lam0p000__nu0p50__psi0p00,hardzero_only,0.01,33,923,0.0,3,0.44606197,0.44731748,0.90117985,0.125551,0.125551,1.0,0.00125551,0.01,-25.485003,1.9826353,0.6608784,0.26999998,0.0,0.11508366,0.0,0.0,2956800
hardzero_only__c0p50__z1p10__lam0p000__nu0p50__psi0p00,hardzero_only,0.01,33,924,0.0,3,0.44731748,0.4483532,0.98475754,0.103572026,0.103572026,1.0,0.0010357202,0.01,-26.5696,2.1665099,0.72217,0.192,0.0,0.13689454,0.0,0.0,2960000
hardzero_only__c0p50__z1p10__lam0p000__nu0p50__psi0p00,hardzero_only,0.01,33,925,0.0,3,0.4483532,0.44945705,0.9570868,0.1103858,0.1103858,1.0,0.001103858,0.01,-25.944115,2.105633,0.7018777,0.15200001,0.0,0.118688665,0.0,0.0,2963200
hardzero_only__c0p50__z1p10__lam0p000__nu0p50__psi0p00,hardzero_only,0.01,33,926,0.0,3,0.44945705,0.45059735,0.94298464,0.11402902,0.11402902,1.0,0.0011402902,0.01,-25.400782,2.0746076,0.6915359,0.208,0.0,0.15437503,0.0,0.0,2966400
hardzero_only__c0p50__z1p10__lam0p000__nu0p50__psi0p00,hardzero_only,0.01,33,927,0.0,3,0.45059735,0.45177838,0.927732,0.11810493,0.11810493,1.0,0.0011810493,0.01,-25.606794,2.0410511,0.6803504,0.16800001,0.0,0.10877499,0.0,0.0,2969600
hardzero_only__c0p50__z1p10__lam0p000__nu0p50__psi0p00,hardzero_only,0.01,33,928,0.0,3,0.45177838,0.4528812,0.9575009,0.1102806,0.1102806,1.0,0.001102806,0.01,-26.519169,2.106544,0.70218134,0.120000005,0.0,0.142144,0.0,0.0,2972800
hardzero_only__c0p50__z1p10__lam0p000__nu0p50__psi0p00,hardzero_only,0.01,33,929,0.0,3,0.4528812,0.45384353,1.016672,0.096233875,0.096233875,1.0,0.0009623387,0.01,-27.695704,2.2367232,0.7455744,0.17600001,0.0,0.1372689,0.0,0.0,2976000
hardzero_only__c0p50__z1p10__lam0p000__nu0p50__psi0p00,hardzero_only,0.01,33,930,0.0,3,0.45384353,0.45492694,0.9652045,0.10834166,0.10834166,1.0,0.0010834165,0.01,-26.720009,2.1234922,0.7078308,0.15200001,0.0,0.12867671,0.0,0.0,2979200
hardzero_only__c0p50__z1p10__lam0p000__nu0p50__psi0p00,hardzero_only,0.01,33,931,0.0,3,0.45492694,0.45592725,0.9998653,0.100031026,0.100031026,1.0,0.0010003102,0.01,-27.439632,2.1997476,0.7332492,0.256,0.0,0.14763817,0.0,0.0,2982400
hardzero_only__c0p50__z1p10__lam0p000__nu0p50__psi0p00,hardzero_only,0.01,33,932,0.0,3,0.45592725,0.45694667,0.9916449,0.10194244,0.10194244,1.0,0.0010194244,0.01,-27.156809,2.1816623,0.7272208,0.128,0.0,0.13353102,0.0,0.0,2985600
hardzero_only__c0p50__z1p10__lam0p000__nu0p50__psi0p00,hardzero_only,0.01,33,933,0.0,3,0.45694667,0.45797646,0.9872464,0.10298017,0.10298017,1.0,0.0010298017,0.01,-26.93252,2.1719854,0.72399515,0.128,0.0,0.13879374,0.0,0.0,2988800
hardzero_only__c0p50__z1p10__lam0p000__nu0p50__psi0p00,hardzero_only,0.01,33,934,0.0,3,0.45797646,0.45908287,0.9560792,0.1106422,0.1106422,1.0,0.001106422,0.01,-25.991903,2.1034162,0.70113873,0.2,0.0,0.12564746,0.0,0.0,2992000
hardzero_only__c0p50__z1p10__lam0p000__nu0p50__psi0p00,hardzero_only,0.01,33,935,0.0,3,0.45908287,0.46022785,0.941209,0.114496164,0.114496164,1.0,0.0011449616,0.01,-25.253149,2.0707011,0.6902337,0.16800001,0.0,0.12170264,0.0,0.0,2995200
hardzero_only__c0p50__z1p10__lam0p000__nu0p50__psi0p00,hardzero_only,0.01,33,936,0.0,3,0.46022785,0.46125627,0.98783493,0.1028407,0.1028407,1.0,0.001028407,0.01,-26.906786,2.1732802,0.72442675,0.14999999,0.0,0.14139651,0.0,0.0,2998400
hardzero_only__c0p50__z1p10__lam0p000__nu0p50__psi0p00,hardzero_only,0.01,33,937,0.0,3,0.46125627,0.46234435,0.96334225,0.10880722,0.10880722,1.0,0.0010880722,0.01,-25.873968,2.1193953,0.7064651,0.192,0.0,0.13611026,0.0,0.0,3001600
hardzero_only__c0p50__z1p10__lam0p000__nu0p50__psi0p00,hardzero_only,0.01,33,938,0.0,3,0.46234435,0.46341547,0.97016275,0.107111774,0.107111774,1.0,0.0010711177,0.01,-26.310312,2.1344006,0.7114669,0.136,0.0,0.13637978,0.0,0.0,3004800
hardzero_only__c0p50__z1p10__lam0p000__nu0p50__psi0p00,hardzero_only,0.01,33,939,0.0,3,0.46341547,0.4645372,0.9501072,0.11217416,0.11217416,1.0,0.0011217416,0.01,-25.9232,2.0902777,0.6967592,0.23200001,0.0,0.11209905,0.0,0.0,3008000
hardzero_only__c0p50__z1p10__lam0p000__nu0p50__psi0p00,hardzero_only,0.01,33,940,0.0,3,0.4645372,0.46557066,0.98570925,0.1033453,0.1033453,1.0,0.0010334529,0.01,-27.256044,2.1686037,0.7228679,0.136,0.0,0.116986535,0.0,0.0,3011200
hardzero_only__c0p50__z1p10__lam0p000__nu0p50__psi0p00,hardzero_only,0.01,33,941,0.0,3,0.46557066,0.4665394,1.0137901,0.09687458,0.09687458,1.0,0.0009687458,0.01,-27.380697,2.230383,0.743461,0.14400001,0.0,0.14194925,0.0,0.0,3014400
hardzero_only__c0p50__z1p10__lam0p000__nu0p50__psi0p00,hardzero_only,0.01,33,942,0.0,3,0.4665394,0.46756306,0.98984575,0.10236564,0.10236564,1.0,0.0010236565,0.01,-26.624035,2.177704,0.72590137,0.16800001,0.0,0.14776106,0.0,0.0,3017600
hardzero_only__c0p50__z1p10__lam0p000__nu0p50__psi0p00,hardzero_only,0.01,33,943,0.0,3,0.46756306,0.46865448,0.96200705,0.10914226,0.10914226,1.0,0.0010914225,0.01,-26.70644,2.1164577,0.70548594,0.15200001,0.0,0.15677747,0.0,0.0,3020800
hardzero_only__c0p50__z1p10__lam0p000__nu0p50__psi0p00,hardzero_only,0.01,33,944,0.0,3,0.46865448,0.4698352,0.92785436,0.11807165,0.11807165,1.0,0.0011807166,0.01,-25.850224,2.0413203,0.6804401,0.24000001,0.0,0.14932391,0.0,0.0,3024000
hardzero_only__c0p50__z1p10__lam0p000__nu0p50__psi0p00,hardzero_only,0.01,33,945,0.0,3,0.4698352,0.47092295,0.9634714,0.10877488,0.10877488,1.0,0.0010877488,0.01,-25.72248,2.1196795,0.70655984,0.216,0.0,0.14268385,0.0,0.0,3027200
hardzero_only__c0p50__z1p10__lam0p000__nu0p50__psi0p00,hardzero_only,0.01,33,946,0.0,3,0.47092295,0.471932,0.9960886,0.10090469,0.10090469,1.0,0.0010090469,0.01,-27.21302,2.1914387,0.7304796,0.128,0.0,0.14353712,0.0,0.0,3030400
hardzero_only__c0p50__z1p10__lam0p000__nu0p50__psi0p00,hardzero_only,0.01,33,947,0.0,3,0.471932,0.47301868,0.9638984,0.108667985,0.108667985,1.0,0.0010866799,0.01,-27.173319,2.1206188,0.70687294,0.16000001,0.0,0.14243993,0.0,0.0,3033600
hardzero_only__c0p50__z1p10__lam0p000__nu0p50__psi0p00,hardzero_only,0.01,33,948,0.0,3,0.47301868,0.47410166,0.965373,0.10829964,0.10829964,1.0,0.0010829964,0.01,-26.415024,2.123863,0.70795435,0.192,0.0,0.14968036,0.0,0.0,3036800
hardzero_only__c0p50__z1p10__lam0p000__nu0p50__psi0p00,hardzero_only,0.01,33,949,0.0,3,0.47410166,0.47512585,0.9896223,0.102418326,0.102418326,1.0,0.0010241832,0.01,-26.954773,2.1772125,0.7257375,0.14999999,0.0,0.12642077,0.0,0.0,3040000
hardzero_only__c0p50__z1p10__lam0p000__nu0p50__psi0p00,hardzero_only,0.01,33,950,0.0,3,0.47512585,0.47618547,0.9748444,0.10596333,0.10596333,1.0,0.0010596332,0.01,-26.164186,2.1447005,0.7149002,0.18400002,0.0,0.13154948,0.0,0.0,3043200
hardzero_only__c0p50__z1p10__lam0p000__nu0p50__psi0p00,hardzero_only,0.01,33,951,0.0,3,0.47618547,0.47722858,0.9816664,0.10431183,0.10431183,1.0,0.0010431183,0.01,-26.74216,2.1597092,0.7199031,0.16000001,0.0,0.16931129,0.0,0.0,3046400
hardzero_only__c0p50__z1p10__lam0p000__nu0p50__psi0p00,hardzero_only,0.01,33,952,0.0,3,0.47722858,0.47831202,0.9651931,0.1083445,0.1083445,1.0,0.001083445,0.01,-26.214241,2.1234672,0.70782244,0.17600001,0.0,0.13182175,0.0,0.0,3049600
hardzero_only__c0p50__z1p10__lam0p000__nu0p50__psi0p00,hardzero_only,0.01,33,953,0.0,3,0.47831202,0.47932214,0.99563074,0.10101113,0.10101113,1.0,0.0010101113,0.01,-27.343182,2.1904314,0.7301438,0.192,0.0,0.1741814,0.0,0.0,3052800
hardzero_only__c0p50__z1p10__lam0p000__nu0p50__psi0p00,hardzero_only,0.01,33,954,0.0,3,0.47932214,0.48026294,1.0265051,0.09407946,0.09407946,1.0,0.00094079453,0.01,-27.913237,2.2583563,0.75278544,0.16000001,0.0,0.16481464,0.0,0.0,3056000
hardzero_only__c0p50__z1p10__lam0p000__nu0p50__psi0p00,hardzero_only,0.01,33,955,0.0,3,0.48026294,0.48130012,0.984142,0.10371891,0.10371891,1.0,0.001037189,0.01,-27.30012,2.1651556,0.72171855,0.16000001,0.0,0.14120212,0.0,0.0,3059200
hardzero_only__c0p50__z1p10__lam0p000__nu0p50__psi0p00,hardzero_only,0.01,33,956,0.0,3,0.48130012,0.48236406,0.9730831,0.10639395,0.10639395,1.0,0.0010639394,0.01,-25.930197,2.1408255,0.7136085,0.14400001,0.0,0.13633032,0.0,0.0,3062400
hardzero_only__c0p50__z1p10__lam0p000__nu0p50__psi0p00,hardzero_only,0.01,33,957,0.0,3,0.48236406,0.4834138,0.97892886,0.104971446,0.104971446,1.0,0.0010497144,0.01,-26.770994,2.1536865,0.7178955,0.15200001,0.0,0.13096632,0.0,0.0,3065600
hardzero_only__c0p50__z1p10__lam0p000__nu0p50__psi0p00,hardzero_only,0.01,33,958,0.0,3,0.4834138,0.48455748,0.94168496,0.11437077,0.11437077,1.0,0.0011437077,0.01,-26.947746,2.0717483,0.69058275,0.264,0.0,0.13739757,0.0,0.0,3068800
hardzero_only__c0p50__z1p10__lam0p000__nu0p50__psi0p00,hardzero_only,0.01,33,959,0.0,3,0.48455748,0.4854769,1.036482,0.091942854,0.091942854,1.0,0.00091942854,0.01,-27.42087,2.2803059,0.760102,0.192,0.0,0.1322349,0.0,0.0,3072000
hardzero_only__c0p50__z1p10__lam0p000__nu0p50__psi0p00,hardzero_only,0.01,33,960,0.0,3,0.4854769,0.48657632,0.9588398,0.10994113,0.10994113,1.0,0.0010994113,0.01,-26.69755,2.1094897,0.70316327,0.136,0.0,0.14161202,0.0,0.0,3075200
hardzero_only__c0p50__z1p10__lam0p000__nu0p50__psi0p00,hardzero_only,0.01,33,961,0.0,3,0.48657632,0.4877263,0.93931025,0.11499786,0.11499786,1.0,0.0011499785,0.01,-25.333593,2.0665238,0.6888413,0.14400001,0.0,0.111197844,0.0,0.0,3078400
hardzero_only__c0p50__z1p10__lam0p000__nu0p50__psi0p00,hardzero_only,0.01,33,962,0.0,3,0.4877263,0.4887866,0.9745673,0.10603097,0.10603097,1.0,0.0010603097,0.01,-25.546938,2.144091,0.714697,0.26,0.0,0.12002196,0.0,0.0,3081600
hardzero_only__c0p50__z1p10__lam0p000__nu0p50__psi0p00,hardzero_only,0.01,33,963,0.0,3,0.4887866,0.48981994,0.98576313,0.10333248,0.10333248,1.0,0.0010333247,0.01,-26.606785,2.1687222,0.7229074,0.16800001,0.0,0.13609764,0.0,0.0,3084800
hardzero_only__c0p50__z1p10__lam0p000__nu0p50__psi0p00,hardzero_only,0.01,33,964,0.0,3,0.48981994,0.49074808,1.032396,0.09281197,0.09281197,1.0,0.0009281197,0.01,-27.985111,2.2713165,0.7571055,0.136,0.0,0.15069655,0.0,0.0,3088000
hardzero_only__c0p50__z1p10__lam0p000__nu0p50__psi0p00,hardzero_only,0.01,33,965,0.0,3,0.49074808,0.491756,0.9965713,0.1007926,0.1007926,1.0,0.001007926,0.01,-27.017607,2.1925006,0.73083353,0.14400001,0.0,0.1527787,0.0,0.0,3091200
hardzero_only__c0p50__z1p10__lam0p000__nu0p50__psi0p00,hardzero_only,0.01,33,966,0.0,3,0.491756,0.4928755,0.95098245,0.11194831,0.11194831,1.0,0.0011194831,0.01,-26.2752,2.0922031,0.69740105,0.15200001,0.0,0.14143021,0.0,0.0,3094400
hardzero_only__c0p50__z1p10__lam0p000__nu0p50__psi0p00,hardzero_only,0.01,33,967,0.0,3,0.4928755,0.4939615,0.9641648,0.10860134,0.10860134,1.0,0.0010860134,0.01,-25.77725,2.1212049,0.7070683,0.192,0.0,0.142044,0.0,0.0,3097600
hardzero_only__c0p50__z1p10__lam0p000__nu0p50__psi0p00,hardzero_only,0.01,33,968,0.0,3,0.4939615,0.4949698,0.9964211,0.10082747,0.10082747,1.0,0.0010082747,0.01,-26.559147,2.1921701,0.7307234,0.14400001,0.0,0.13964275,0.0,0.0,3100800
hardzero_only__c0p50__z1p10__lam0p000__nu0p50__psi0p00,hardzero_only,0.01,33,969,0.0,3,0.4949698,0.49603066,0.97433096,0.106088676,0.106088676,1.0,0.0010608868,0.01,-27.153473,2.143571,0.7145237,0.24000001,0.0,0.14225358,0.0,0.0,3104000
hardzero_only__c0p50__z1p10__lam0p000__nu0p50__psi0p00,hardzero_only,0.01,33,970,0.0,3,0.49603066,0.4971368,0.95618504,0.110615246,0.110615246,1.0,0.0011061524,0.01,-26.619413,2.1036491,0.7012164,0.192,0.0,0.15315185,0.0,0.0,3107200
hardzero_only__c0p50__z1p10__lam0p000__nu0p50__psi0p00,hardzero_only,0.01,33,971,0.0,3,0.4971368,0.49814513,0.996398,0.100832835,0.100832835,1.0,0.0010083283,0.01,-26.846819,2.1921194,0.73070645,0.120000005,0.0,0.13248129,0.0,0.0,3110400
hardzero_only__c0p50__z1p10__lam0p000__nu0p50__psi0p00,hardzero_only,0.01,33,972,0.0,3,0.49814513,0.49917972,0.98523,0.10345941,0.10345941,1.0,0.001034594,0.01,-26.512796,2.1675494,0.7225165,0.192,0.0,0.14443326,0.0,0.0,3113600
hardzero_only__c0p50__z1p10__lam0p000__nu0p50__psi0p00,hardzero_only,0.01,33,973,0.0,3,0.49917972,0.5001944,0.9936892,0.10146372,0.10146372,1.0,0.0010146372,0.01,-25.974705,2.1861598,0.72871995,0.104,0.0,0.13432436,0.0,0.0,3116800
hardzero_only__c0p50__z1p10__lam0p000__nu0p50__psi0p00,hardzero_only,0.01,33,974,1.0,4,0.5001944,0.0012320186,0.98394996,0.10376479,0.10376479,1.0,0.0010376478,0.01,-27.176926,2.1647332,0.72157776,0.16800001,0.0,0.14331363,0.0,0.0,3120000
hardzero_only__c0p50__z1p10__lam0p000__nu0p50__psi0p00,hardzero_only,0.01,33,975,0.0,4,0.0012320186,0.0023316569,0.95875007,0.109963834,0.109963834,1.0,0.0010996383,0.01,-26.652266,2.1092923,0.70309746,0.22999999,0.0,0.14162768,0.0,0.0,3123200
hardzero_only__c0p50__z1p10__lam0p000__nu0p50__psi0p00,hardzero_only,0.01,33,976,0.0,4,0.0023316569,0.0034479285,0.9522301,0.111627154,0.111627154,1.0,0.0011162715,0.01,-26.258001,2.094948,0.69831604,0.15200001,0.0,0.14317068,0.0,0.0,3126400
hardzero_only__c0p50__z1p10__lam0p000__nu0p50__psi0p00,hardzero_only,0.01,33,977,0.0,4,0.0034479285,0.004686493,0.9070813,0.12385646,0.12385646,1.0,0.0012385646,0.01,-25.94773,1.9956187,0.66520625,0.208,0.0,0.13730723,0.0,0.0,3129600
hardzero_only__c0p50__z1p10__lam0p000__nu0p50__psi0p00,hardzero_only,0.01,33,978,0.0,4,0.004686493,0.0056150216,1.0322047,0.09285285,0.09285285,1.0,0.0009285285,0.01,-27.85807,2.2708957,0.7569653,0.128,0.0,0.15817453,0.0,0.0,3132800
hardzero_only__c0p50__z1p10__lam0p000__nu0p50__psi0p00,hardzero_only,0.01,33,979,0.0,4,0.0056150216,0.006632832,0.99233305,0.10178104,0.10178104,1.0,0.0010178104,0.01,-27.46996,2.1831763,0.72772545,0.216,0.0,0.14500982,0.0,0.0,3136000
hardzero_only__c0p50__z1p10__lam0p000__nu0p50__psi0p00,hardzero_only,0.01,33,980,0.0,4,0.006632832,0.0077180727,0.96447384,0.10852408,0.10852408,1.0,0.0010852407,0.01,-26.734411,2.1218848,0.70729494,0.16000001,0.0,0.14358598,0.0,0.0,3139200
hardzero_only__c0p50__z1p10__lam0p000__nu0p50__psi0p00,hardzero_only,0.01,33,981,0.0,4,0.0077180727,0.008722133,0.9982404,0.10040599,0.10040599,1.0,0.0010040599,0.01,-27.0629,2.1961727,0.7320576,0.16000001,0.0,0.15953608,0.0,0.0,3142400
hardzero_only__c0p50__z1p10__lam0p000__nu0p50__psi0p00,hardzero_only,0.01,33,982,0.0,4,0.008722133,0.009757573,0.9848753,0.10354394,0.10354394,1.0,0.0010354393,0.01,-26.758427,2.166769,0.72225636,0.2,0.0,0.1708869,0.0,0.0,3145600
hardzero_only__c0p50__z1p10__lam0p000__nu0p50__psi0p00,hardzero_only,0.01,33,983,0.0,4,0.009757573,0.011029368,0.8955828,0.1271795,0.1271795,1.0,0.001271795,0.01,-26.11383,1.9703215,0.65677387,0.18400002,0.0,0.13768667,0.0,0.0,3148800
hardzero_only__c0p50__z1p10__lam0p000__nu0p50__psi0p00,hardzero_only,0.01,33,984,0.0,4,0.011029368,0.012222318,0.9233777,0.11929501,0.11929501,1.0,0.0011929501,0.01,-25.330189,2.0314715,0.67715716,0.16000001,0.0,0.13730189,0.0,0.0,3152000
hardzero_only__c0p50__z1p10__lam0p000__nu0p50__psi0p00,hardzero_only,0.01,33,985,0.0,4,0.012222318,0.013288366,0.97222346,0.10660475,0.10660475,1.0,0.0010660475,0.01,-26.310713,2.1389344,0.7129781,0.16800001,0.0,0.13798231,0.0,0.0,3155200
hardzero_only__c0p50__z1p10__lam0p000__nu0p50__psi0p00,hardzero_only,0.01,33,986,0.0,4,0.013288366,0.014355605,0.97173834,0.1067239,0.1067239,1.0,0.001067239,0.01,-26.322126,2.137867,0.71262234,0.2,0.008,0.14704835,0.0,0.0,3158400
hardzero_only__c0p50__z1p10__lam0p000__nu0p50__psi0p00,hardzero_only,0.01,33,987,0.0,4,0.014355605,0.01536459,0.99611515,0.100898534,0.100898534,1.0,0.0010089853,0.01,-26.514198,2.191497,0.730499,0.120000005,0.0,0.16421115,0.0,0.0,3161600
hardzero_only__c0p50__z1p10__lam0p000__nu0p50__psi0p00,hardzero_only,0.01,33,988,0.0,4,0.01536459,0.016338428,1.0115135,0.09738376,0.09738376,1.0,0.00097383757,0.01,-26.71144,2.225374,0.74179137,0.17,0.0,0.14580925,0.0,0.0,3164800
hardzero_only__c0p50__z1p10__lam0p000__nu0p50__psi0p00,hardzero_only,0.01,33,989,0.0,4,0.016338428,0.017368304,0.9872154,0.102987505,0.102987505,1.0,0.001029875,0.01,-26.160927,2.1719172,0.72397244,0.136,0.0,0.14376768,0.0,0.0,3168000
hardzero_only__c0p50__z1p10__lam0p000__nu0p50__psi0p00,hardzero_only,0.01,33,990,0.0,4,0.017368304,0.018476758,0.95528233,0.1108454,0.1108454,1.0,0.001108454,0.01,-26.363289,2.101663,0.7005544,0.18400002,0.0,0.13230765,0.0,0.0,3171200
hardzero_only__c0p50__z1p10__lam0p000__nu0p50__psi0p00,hardzero_only,0.01,33,991,0.0,4,0.018476758,0.019650646,0.9303736,0.11738873,0.11738873,1.0,0.0011738873,0.01,-25.550476,2.0468628,0.68228763,0.17600001,0.0,0.12210696,0.0,0.0,3174400
hardzero_only__c0p50__z1p10__lam0p000__nu0p50__psi0p00,hardzero_only,0.01,33,992,0.0,4,0.019650646,0.020755038,0.9568766,0.11043923,0.11043923,1.0,0.0011043923,0.01,-26.522924,2.1051705,0.7017235,0.120000005,0.0,0.13917626,0.0,0.0,3177600
hardzero_only__c0p50__z1p10__lam0p000__nu0p50__psi0p00,hardzero_only,0.01,33,993,0.0,4,0.020755038,0.021754086,1.0004139,0.099904746,0.099904746,1.0,0.0009990474,0.01,-27.280605,2.2009544,0.7336515,0.16000001,0.0,0.15480442,0.0,0.0,3180800
hardzero_only__c0p50__z1p10__lam0p000__nu0p50__psi0p00,hardzero_only,0.01,33,994,0.0,4,0.021754086,0.022903856,0.9393887,0.11497708,0.11497708,1.0,0.0011497707,0.01,-26.652342,2.0666964,0.6888988,0.2,0.008,0.15399739,0.0,0.0,3184000
hardzero_only__c0p50__z1p10__lam0p000__nu0p50__psi0p00,hardzero_only,0.01,33,995,0.0,4,0.022903856,0.024027865,0.9492301,0.11240094,0.11240094,1.0,0.0011240094,0.01,-26.084097,2.088348,0.696116,0.16000001,0.0,0.13904944,0.0,0.0,3187200
hardzero_only__c0p50__z1p10__lam0p000__nu0p50__psi0p00,hardzero_only,0.01,33,996,0.0,4,0.024027865,0.025134636,0.9559425,0.11067703,0.11067703,1.0,0.0011067704,0.01,-26.567719,2.1031156,0.70103854,0.23200001,0.0,0.14748856,0.0,0.0,3190400
hardzero_only__c0p50__z1p10__lam0p000__nu0p50__psi0p00,hardzero_only,0.01,33,997,0.0,4,0.025134636,0.026273914,0.9433702,0.11392783,0.11392783,1.0,0.0011392783,0.01,-26.295607,2.075456,0.69181865,0.18400002,0.0,0.15267423,0.0,0.0,3193600
hardzero_only__c0p50__z1p10__lam0p000__nu0p50__psi0p00,hardzero_only,0.01,33,998,0.0,4,0.026273914,0.02730606,0.9862592,0.10321451,0.10321451,1.0,0.0010321451,0.01,-26.508873,2.1698136,0.72327125,0.14400001,0.0,0.14013502,0.0,0.0,3196800
hardzero_only__c0p50__z1p10__lam0p000__nu0p50__psi0p00,hardzero_only,0.01,33,999,0.0,4,0.02730606,0.028441902,0.9446818,0.113584265,0.113584265,1.0,0.0011358426,0.01,-26.892603,2.0783415,0.6927805,0.18400002,0.0,0.119440846,0.0,0.0,3200000
hardzero_only__c0p50__z1p10__lam0p000__nu0p50__psi0p00,hardzero_only,0.01,33,1000,0.0,4,0.028441902,0.029595502,0.93794465,0.11536003,0.11536003,1.0,0.0011536003,0.01,-24.906918,2.0635195,0.68783987,0.192,0.0,0.11784714,0.0,0.0,3203200
hardzero_only__c0p50__z1p10__lam0p000__nu0p50__psi0p00,hardzero_only,0.01,33,1001,0.0,4,0.029595502,0.030747132,0.93868655,0.1151631,0.1151631,1.0,0.001151631,0.01,-25.232582,2.0651517,0.68838394,0.14,0.0,0.140259,0.0,0.0,3206400
hardzero_only__c0p50__z1p10__lam0p000__nu0p50__psi0p00,hardzero_only,0.01,33,1002,0.0,4,0.030747132,0.031788357,0.98245513,0.10412257,0.10412257,1.0,0.0010412257,0.01,-27.001291,2.1614444,0.7204815,0.16800001,0.0,0.1284543,0.0,0.0,3209600
hardzero_only__c0p50__z1p10__lam0p000__nu0p50__psi0p00,hardzero_only,0.01,33,1003,0.0,4,0.031788357,0.032886665,0.95927554,0.10983087,0.10983087,1.0,0.0010983087,0.01,-26.957256,2.1104484,0.7034828,0.14400001,0.0,0.15848559,0.0,0.0,3212800
hardzero_only__c0p50__z1p10__lam0p000__nu0p50__psi0p00,hardzero_only,0.01,33,1004,0.0,4,0.032886665,0.033966776,0.9665317,0.10801107,0.10801107,1.0,0.0010801107,0.01,-26.610407,2.1264122,0.7088041,0.120000005,0.0,0.1763137,0.0,0.0,3216000
hardzero_only__c0p50__z1p10__lam0p000__nu0p50__psi0p00,hardzero_only,0.01,33,1005,0.0,4,0.033966776,0.0350281,0.9741516,0.1061325,0.1061325,1.0,0.001061325,0.01,-26.427357,2.1431763,0.7143921,0.14400001,0.0,0.14125223,0.0,0.0,3219200
hardzero_only__c0p50__z1p10__lam0p000__nu0p50__psi0p00,hardzero_only,0.01,33,1006,0.0,4,0.0350281,0.036104053,0.9682064,0.107595354,0.107595354,1.0,0.0010759535,0.01,-26.426203,2.1300967,0.7100322,0.136,0.0,0.13397314,0.0,0.0,3222400
hardzero_only__c0p50__z1p10__lam0p000__nu0p50__psi0p00,hardzero_only,0.01,33,1007,0.0,4,0.036104053,0.03720414,0.9585735,0.11000855,0.11000855,1.0,0.0011000856,0.01,-26.071136,2.108904,0.702968,0.14400001,0.0,0.19750094,0.0,0.0,3225600
hardzero_only__c0p50__z1p10__lam0p000__nu0p50__psi0p00,hardzero_only,0.01,33,1008,0.0,4,0.03720414,0.038379923,0.92967194,0.11757853,0.11757853,1.0,0.0011757852,0.01,-25.915766,2.045319,0.68177307,0.14400001,0.0,0.120643005,0.0,0.0,3228800
hardzero_only__c0p50__z1p10__lam0p000__nu0p50__psi0p00,hardzero_only,0.01,33,1009,0.0,4,0.038379923,0.039441403,0.9740874,0.10614818,0.10614818,1.0,0.0010614818,0.01,-26.433624,2.1430352,0.7143451,0.112,0.0,0.1485215,0.0,0.0,3232000
hardzero_only__c0p50__z1p10__lam0p000__nu0p50__psi0p00,hardzero_only,0.01,33,1010,0.0,4,0.039441403,0.040533468,0.96175104,0.10920663,0.10920663,1.0,0.0010920663,0.01,-26.489782,2.1158946,0.7052982,0.2,0.0,0.14448667,0.0,0.0,3235200
hardzero_only__c0p50__z1p10__lam0p000__nu0p50__psi0p00,hardzero_only,0.01,33,1011,0.0,4,0.040533468,0.041637994,0.9568239,0.110452645,0.110452645,1.0,0.0011045265,0.01,-26.02999,2.1050546,0.7016849,0.15200001,0.0,0.14081284,0.0,0.0,3238400
hardzero_only__c0p50__z1p10__lam0p000__nu0p50__psi0p00,hardzero_only,0.01,33,1012,0.0,4,0.041637994,0.042560354,1.0351003,0.092235826,0.092235826,1.0,0.00092235825,0.01,-27.63256,2.2772663,0.75908875,0.128,0.0,0.12529233,0.0,0.0,3241600
hardzero_only__c0p50__z1p10__lam0p000__nu0p50__psi0p00,hardzero_only,0.01,33,1013,0.0,4,0.042560354,0.04370611,0.9409072,0.114575766,0.114575766,1.0,0.0011457576,0.01,-26.313845,2.0700371,0.6900124,0.208,0.0,0.1267531,0.0,0.0,3244800
hardzero_only__c0p50__z1p10__lam0p000__nu0p50__psi0p00,hardzero_only,0.01,33,1014,0.0,4,0.04370611,0.044790562,0.9647904,0.108445,0.108445,1.0,0.00108445,0.01,-27.50581,2.1225812,0.7075271,0.14999999,0.0,0.1708669,0.0,0.0,3248000
hardzero_only__c0p50__z1p10__lam0p000__nu0p50__psi0p00,hardzero_only,0.01,33,1015,0.0,4,0.044790562,0.045815624,0.9892496,0.102506265,0.102506265,1.0,0.0010250626,0.01,-27.407095,2.1763926,0.7254642,0.16000001,0.0,0.15032625,0.0,0.0,3251200
hardzero_only__c0p50__z1p10__lam0p000__nu0p50__psi0p00,hardzero_only,0.01,33,1016,0.0,4,0.045815624,0.04684407,0.98781943,0.10284438,0.10284438,1.0,0.0010284438,0.01,-26.759378,2.1732461,0.7244154,0.15200001,0.0,0.13876645,0.0,0.0,3254400
hardzero_only__c0p50__z1p10__lam0p000__nu0p50__psi0p00,hardzero_only,0.01,33,1017,0.0,4,0.04684407,0.047943957,0.95865136,0.10998882,0.10998882,1.0,0.0010998882,0.01,-25.979921,2.109075,0.70302504,0.224,0.008,0.14372866,0.0,0.0,3257600
hardzero_only__c0p50__z1p10__lam0p000__nu0p50__psi0p00,hardzero_only,0.01,33,1018,0.0,4,0.047943957,0.04903293,0.9629834,0.10889715,0.10889715,1.0,0.0010889715,0.01,-25.59777,2.1186059,0.706202,0.14400001,0.0,0.13641381,0.0,0.0,3260800
hardzero_only__c0p50__z1p10__lam0p000__nu0p50__psi0p00,hardzero_only,0.01,33,1019,0.0,4,0.04903293,0.050166383,0.9455958,0.11334548,0.11334548,1.0,0.0011334548,0.01,-26.89031,2.0803523,0.6934508,0.224,0.0,0.16227083,0.0,0.0,3264000
hardzero_only__c0p50__z1p10__lam0p000__nu0p50__psi0p00,hardzero_only,0.01,33,1020,0.0,4,0.050166383,0.05122179,0.9765794,0.10554084,0.10554084,1.0,0.0010554084,0.01,-26.591799,2.1485176,0.7161726,0.112,0.0,0.14025149,0.0,0.0,3267200
hardzero_only__c0p50__z1p10__lam0p000__nu0p50__psi0p00,hardzero_only,0.01,33,1021,0.0,4,0.05122179,0.052205637,1.0070729,0.0983846,0.0983846,1.0,0.0009838459,0.01,-27.567944,2.2156048,0.7385349,0.16800001,0.0,0.17099182,0.0,0.0,3270400
hardzero_only__c0p50__z1p10__lam0p000__nu0p50__psi0p00,hardzero_only,0.01,33,1022,0.0,4,0.052205637,0.053260706,0.976719,0.105506934,0.105506934,1.0,0.0010550693,0.01,-27.511362,2.1488247,0.7162749,0.18400002,0.0,0.13990599,0.0,0.0,3273600
hardzero_only__c0p50__z1p10__lam0p000__nu0p50__psi0p00,hardzero_only,0.01,33,1023,0.0,4,0.053260706,0.05433193,0.9701211,0.107122056,0.107122056,1.0,0.0010712205,0.01,-27.008434,2.134309,0.7114364,0.18400002,0.0,0.15396237,0.0,0.0,3276800
hardzero_only__c0p50__z1p10__lam0p000__nu0p50__psi0p00,hardzero_only,0.01,33,1024,0.0,4,0.05433193,0.055218883,1.0520996,0.088695265,0.088695265,1.0,0.0008869526,0.01,-28.15547,2.3146653,0.7715551,0.120000005,0.0,0.15657961,0.0,0.0,3280000
hardzero_only__c0p50__z1p10__lam0p000__nu0p50__psi0p00,hardzero_only,0.01,33,1025,0.0,4,0.055218883,0.056319557,0.95834064,0.110067554,0.110067554,1.0,0.0011006756,0.01,-25.501818,2.1083915,0.7027972,0.18400002,0.0,0.1507296,0.0,0.0,3283200
hardzero_only__c0p50__z1p10__lam0p000__nu0p50__psi0p00,hardzero_only,0.01,33,1026,0.0,4,0.056319557,0.057454,0.9452174,0.11344427,0.11344427,1.0,0.0011344426,0.01,-25.92309,2.0795197,0.6931733,0.192,0.0,0.12203171,0.0,0.0,3286400
hardzero_only__c0p50__z1p10__lam0p000__nu0p50__psi0p00,hardzero_only,0.01,33,1027,0.0,4,0.057454,0.058554977,0.9582221,0.1100976,0.1100976,1.0,0.001100976,0.01,-26.438393,2.1081307,0.7027103,0.12,0.0,0.16619635,0.0,0.0,3289600
hardzero_only__c0p50__z1p10__lam0p000__nu0p50__psi0p00,hardzero_only,0.01,33,1028,0.0,4,0.058554977,0.05957135,0.9929458,0.10163756,0.10163756,1.0,0.0010163755,0.01,-27.182922,2.1845243,0.7281748,0.16000001,0.0,0.14283028,0.0,0.0,3292800
hardzero_only__c0p50__z1p10__lam0p000__nu0p50__psi0p00,hardzero_only,0.01,33,1029,0.0,4,0.05957135,0.06073614,0.933754,0.11647856,0.11647856,1.0,0.0011647856,0.01,-25.563974,2.0542998,0.68476665,0.120000005,0.0,0.12318938,0.0,0.0,3296000
hardzero_only__c0p50__z1p10__lam0p000__nu0p50__psi0p00,hardzero_only,0.01,33,1030,0.0,4,0.06073614,0.061779328,0.9816366,0.10431899,0.10431899,1.0,0.0010431899,0.01,-27.038782,2.1596437,0.71988124,0.18400002,0.0,0.15035684,0.0,0.0,3299200
hardzero_only__c0p50__z1p10__lam0p000__nu0p50__psi0p00,hardzero_only,0.01,33,1031,0.0,4,0.061779328,0.062833995,0.9768836,0.10546695,0.10546695,1.0,0.0010546695,0.01,-26.750462,2.1491868,0.7163956,0.208,0.0,0.13167255,0.0,0.0,3302400
hardzero_only__c0p50__z1p10__lam0p000__nu0p50__psi0p00,hardzero_only,0.01,33,1032,0.0,4,0.062833995,0.06394545,0.95410717,0.111145735,0.111145735,1.0,0.0011114574,0.01,-26.292227,2.0990777,0.6996926,0.2,0.0,0.13523111,0.0,0.0,3305600
hardzero_only__c0p50__z1p10__lam0p000__nu0p50__psi0p00,hardzero_only,0.01,33,1033,0.0,4,0.06394545,0.06498638,0.9825804,0.10409253,0.10409253,1.0,0.0010409253,0.01,-26.458305,2.16172,0.72057337,0.128,0.0,0.123698935,0.0,0.0,3308800
hardzero_only__c0p50__z1p10__lam0p000__nu0p50__psi0p00,hardzero_only,0.01,33,1034,0.0,4,0.06498638,0.0661372,0.9389917,0.11508222,0.11508222,1.0,0.0011508222,0.01,-26.00106,2.065823,0.6886077,0.16800001,0.0,0.14656423,0.0,0.0,3312000
hardzero_only__c0p50__z1p10__lam0p000__nu0p50__psi0p00,hardzero_only,0.01,33,1035,0.0,4,0.0661372,0.06724054,0.9572912,0.11033386,0.11033386,1.0,0.0011033386,0.01,-26.405544,2.1060827,0.70202756,0.120000005,0.0,0.1337255,0.0,0.0,3315200
hardzero_only__c0p50__z1p10__lam0p000__nu0p50__psi0p00,hardzero_only,0.01,33,1036,0.0,4,0.06724054,0.06837773,0.9441662,0.11371922,0.11371922,1.0,0.0011371921,0.01,-26.213497,2.077207,0.69240236,0.224,0.0,0.13345152,0.0,0.0,3318400
hardzero_only__c0p50__z1p10__lam0p000__nu0p50__psi0p00,hardzero_only,0.01,33,1037,0.0,4,0.06837773,0.06944835,0.97036666,0.10706149,0.10706149,1.0,0.0010706149,0.01,-27.025404,2.1348493,0.71161646,0.120000005,0.0,0.1487663,0.0,0.0,3321600
hardzero_only__c0p50__z1p10__lam0p000__nu0p50__psi0p00,hardzero_only,0.01,33,1038,0.0,4,0.06944835,0.07042868,1.0086286,0.09803279,0.09803279,1.0,0.0009803278,0.01,-27.823643,2.2190273,0.73967576,0.2,0.008,0.14997186,0.0,0.0,3324800
hardzero_only__c0p50__z1p10__lam0p000__nu0p50__psi0p00,hardzero_only,0.01,33,1039,0.0,4,0.07042868,0.07155873,0.94690305,0.11300482,0.11300482,1.0,0.0011300482,0.01,-26.06182,2.0832283,0.6944095,0.128,0.0,0.14551748,0.0,0.0,3328000
hardzero_only__c0p50__z1p10__lam0p000__nu0p50__psi0p00,hardzero_only,0.01,33,1040,0.0,4,0.07155873,0.0727467,0.92519265,0.1187975,0.1187975,1.0,0.001187975,0.01,-25.090717,2.0354645,0.6784882,0.24,0.0,0.13062984,0.0,0.0,3331200
hardzero_only__c0p50__z1p10__lam0p000__nu0p50__psi0p00,hardzero_only,0.01,33,1041,0.0,4,0.0727467,0.07374929,0.9988765,0.10025901,0.10025901,1.0,0.00100259,0.01,-27.517553,2.1975722,0.7325241,0.18400002,0.0,0.16360474,0.0,0.0,3334400
hardzero_only__c0p50__z1p10__lam0p000__nu0p50__psi0p00,hardzero_only,0.01,33,1042,0.0,4,0.07374929,0.07479458,0.98076,0.10452977,0.10452977,1.0,0.0010452977,0.01,-26.910656,2.157715,0.7192384,0.16800001,0.0,0.14075999,0.0,0.0,3337600
hardzero_only__c0p50__z1p10__lam0p000__nu0p50__psi0p00,hardzero_only,0.01,33,1043,0.0,4,0.07479458,0.07582052,0.98888016,0.102593504,0.102593504,1.0,0.001025935,0.01,-26.641005,2.1755798,0.72519326,0.136,0.0,0.14286932,0.0,0.0,3340800
hardzero_only__c0p50__z1p10__lam0p000__nu0p50__psi0p00,hardzero_only,0.01,33,1044,0.0,4,0.07582052,0.076814696,1.0025362,0.099417716,0.099417716,1.0,0.0009941772,0.01,-27.540745,2.2056236,0.7352079,0.17600001,0.0,0.15422758,0.0,0.0,3344000
hardzero_only__c0p50__z1p10__lam0p000__nu0p50__psi0p00,hardzero_only,0.01,33,1045,0.0,4,0.076814696,0.077877365,0.9736026,0.10626674,0.10626674,1.0,0.0010626673,0.01,-27.18166,2.1419685,0.7139895,0.2,0.0,0.1537197,0.0,0.0,3347200
hardzero_only__c0p50__z1p10__lam0p000__nu0p50__psi0p00,hardzero_only,0.01,33,1046,0.0,4,0.077877365,0.07890377,0.9886803,0.102640726,0.102640726,1.0,0.0010264072,0.01,-26.845354,2.1751401,0.72504675,0.17600001,0.0,0.14627133,0.0,0.0,3350400
hardzero_only__c0p50__z1p10__lam0p000__nu0p50__psi0p00,hardzero_only,0.01,33,1047,0.0,4,0.07890377,0.0800684,0.9338119,0.11646304,0.11646304,1.0,0.0011646304,0.01,-25.746855,2.0544271,0.6848091,0.17600001,0.0,0.13233098,0.0,0.0,3353600
hardzero_only__c0p50__z1p10__lam0p000__nu0p50__psi0p00,hardzero_only,0.01,33,1048,0.0,4,0.0800684,0.081149444,0.9661567,0.10810438,0.10810438,1.0,0.0010810437,0.01,-26.335299,2.1255872,0.7085291,0.256,0.0,0.14758366,0.0,0.0,3356800
hardzero_only__c0p50__z1p10__lam0p000__nu0p50__psi0p00,hardzero_only,0.01,33,1049,0.0,4,0.081149444,0.082210936,0.97408205,0.1061495,0.1061495,1.0,0.001061495,0.01,-26.855307,2.1430233,0.7143411,0.128,0.0,0.12518209,0.0,0.0,3360000
hardzero_only__c0p50__z1p10__lam0p000__nu0p50__psi0p00,hardzero_only,0.01,33,1050,0.0,4,0.082210936,0.083312236,0.95809346,0.11013023,0.11013023,1.0,0.0011013022,0.01,-26.006277,2.1078477,0.7026159,0.16000001,0.0,0.14432022,0.0,0.0,3363200
hardzero_only__c0p50__z1p10__lam0p000__nu0p50__psi0p00,hardzero_only,0.01,33,1051,0.0,4,0.083312236,0.08445235,0.943049,0.11401211,0.11401211,1.0,0.001140121,0.01,-25.481775,2.0747492,0.6915831,0.23200001,0.0,0.14998616,0.0,0.0,3366400
hardzero_only__c0p50__z1p10__lam0p000__nu0p50__psi0p00,hardzero_only,0.01,33,1052,0.0,4,0.08445235,0.08560139,0.93966734,0.11490333,0.11490333,1.0,0.0011490333,0.01,-25.869383,2.0673094,0.6891031,0.18400002,0.0,0.12891586,0.0,0.0,3369600
hardzero_only__c0p50__z1p10__lam0p000__nu0p50__psi0p00,hardzero_only,0.01,33,1053,0.0,4,0.08560139,0.08656955,1.0140535,0.096815854,0.096815854,1.0,0.00096815854,0.01,-27.326925,2.2309623,0.74365413,0.17,0.0,0.13659817,0.0,0.0,3372800
hardzero_only__c0p50__z1p10__lam0p000__nu0p50__psi0p00,hardzero_only,0.01,33,1054,0.0,4,0.08656955,0.08782018,0.9028703,0.12506326,0.12506326,1.0,0.0012506326,0.01,-25.401173,1.9863544,0.66211814,0.24800001,0.0,0.152495,0.0,0.0,3376000
hardzero_only__c0p50__z1p10__lam0p000__nu0p50__psi0p00,hardzero_only,0.01,33,1055,0.0,4,0.08782018,0.08884474,0.9894631,0.10245589,0.10245589,1.0,0.0010245589,0.01,-27.076298,2.1768622,0.72562075,0.15200001,0.0,0.14413778,0.0,0.0,3379200
hardzero_only__c0p50__z1p10__lam0p000__nu0p50__psi0p00,hardzero_only,0.01,33,1056,0.0,4,0.08884474,0.08998789,0.9418964,0.11431511,0.11431511,1.0,0.0011431511,0.01,-26.891151,2.0722134,0.69073784,0.15200001,0.0,0.15466218,0.0,0.0,3382400
hardzero_only__c0p50__z1p10__lam0p000__nu0p50__psi0p00,hardzero_only,0.01,33,1057,0.0,4,0.08998789,0.09106172,0.9690644,0.10738301,0.10738301,1.0,0.0010738301,0.01,-26.287622,2.1319842,0.7106614,0.23200001,0.0,0.1471882,0.0,0.0,3385600
hardzero_only__c0p50__z1p10__lam0p000__nu0p50__psi0p00,hardzero_only,0.01,33,1058,0.0,4,0.09106172,0.09215484,0.96133167,0.10931213,0.10931213,1.0,0.0010931212,0.01,-26.979181,2.1149719,0.7049906,0.18400002,0.0,0.16277716,0.0,0.0,3388800
hardzero_only__c0p50__z1p10__lam0p000__nu0p50__psi0p00,hardzero_only,0.01,33,1059,0.0,4,0.09215484,0.09319967,0.9809531,0.1044833,0.1044833,1.0,0.001044833,0.01,-27.098598,2.15814,0.71938,0.2,0.0,0.15091135,0.0,0.0,3392000
hardzero_only__c0p50__z1p10__lam0p000__nu0p50__psi0p00,hardzero_only,0.01,33,1060,0.0,4,0.09319967,0.09427567,0.9681885,0.107599795,0.107599795,1.0,0.001075998,0.01,-26.741158,2.1300573,0.7100191,0.24000001,0.008,0.15443355,0.0,0.0,3395200
hardzero_only__c0p50__z1p10__lam0p000__nu0p50__psi0p00,hardzero_only,0.01,33,1061,0.0,4,0.09427567,0.095380425,0.9567321,0.11047598,0.11047598,1.0,0.0011047598,0.01,-25.323088,2.1048527,0.7016176,0.16000001,0.0,0.13633147,0.0,0.0,3398400
hardzero_only__c0p50__z1p10__lam0p000__nu0p50__psi0p00,hardzero_only,0.01,33,1062,0.0,4,0.095380425,0.096625485,0.90481025,0.12450585,0.12450585,1.0,0.0012450585,0.01,-24.988993,1.9906223,0.6635408,0.16800001,0.0,0.1331911,0.0,0.0,3401600
hardzero_only__c0p50__z1p10__lam0p000__nu0p50__psi0p00,hardzero_only,0.01,33,1063,0.0,4,0.096625485,0.097595945,1.0130225,0.097045965,0.097045965,1.0,0.00097045966,0.01,-27.893375,2.2286942,0.7428981,0.16800001,0.0,0.18776277,0.0,0.0,3404800
hardzero_only__c0p50__z1p10__lam0p000__nu0p50__psi0p00,hardzero_only,0.01,33,1064,0.0,4,0.097595945,0.098605804,0.99574065,0.10098558,0.10098558,1.0,0.0010098558,0.01,-26.743677,2.190673,0.7302244,0.16800001,0.0,0.13884014,0.0,0.0,3408000
hardzero_only__c0p50__z1p10__lam0p000__nu0p50__psi0p00,hardzero_only,0.01,33,1065,0.0,4,0.098605804,0.099667564,0.9739742,0.10617585,0.10617585,1.0,0.0010617585,0.01,-26.764956,2.142786,0.714262,0.216,0.0,0.16870263,0.0,0.0,3411200
hardzero_only__c0p50__z1p10__lam0p000__nu0p50__psi0p00,hardzero_only,0.01,33,1066,0.0,4,0.099667564,0.10085177,0.9265742,0.11842022,0.11842022,1.0,0.0011842021,0.01,-26.15709,2.038504,0.6795013,0.19999999,0.0,0.15108529,0.0,0.0,3414400
hardzero_only__c0p50__z1p10__lam0p000__nu0p50__psi0p00,hardzero_only,0.01,33,1067,0.0,4,0.10085177,0.10183088,1.009169,0.09791088,0.09791088,1.0,0.0009791087,0.01,-27.219799,2.220216,0.740072,0.16800001,0.0,0.12289607,0.0,0.0,3417600
hardzero_only__c0p50__z1p10__lam0p000__nu0p50__psi0p00,hardzero_only,0.01,33,1068,0.0,4,0.10183088,0.102838285,0.99679464,0.1007408,0.1007408,1.0,0.0010074079,0.01,-27.210062,2.192992,0.7309973,0.216,0.008,0.1538282,0.0,0.0,3420800
hardzero_only__c0p50__z1p10__lam0p000__nu0p50__psi0p00,hardzero_only,0.01,33,1069,0.0,4,0.102838285,0.10385622,0.992281,0.10179325,0.10179325,1.0,0.0010179325,0.01,-26.391964,2.1830618,0.7276873,0.136,0.0,0.13165772,0.0,0.0,3424000
hardzero_only__c0p50__z1p10__lam0p000__nu0p50__psi0p00,hardzero_only,0.01,33,1070,0.0,4,0.10385622,0.10491883,0.9736262,0.10626096,0.10626096,1.0,0.0010626096,0.01,-27.569231,2.1420205,0.71400684,0.23200001,0.0,0.16125038,0.0,0.0,3427200
hardzero_only__c0p50__z1p10__lam0p000__nu0p50__psi0p00,hardzero_only,0.01,33,1071,0.0,4,0.10491883,0.105949596,0.9868394,0.10307672,0.10307672,1.0,0.0010307672,0.01,-27.138716,2.1710901,0.7236967,0.224,0.0,0.1568516,0.0,0.0,3430400
hardzero_only__c0p50__z1p10__lam0p000__nu0p50__psi0p00,hardzero_only,0.01,33,1072,0.0,4,0.105949596,0.10710293,0.93804437,0.11533353,0.11533353,1.0,0.0011533352,0.01,-25.98223,2.0637388,0.68791294,0.256,0.0,0.14459495,0.0,0.0,3433600
hardzero_only__c0p50__z1p10__lam0p000__nu0p50__psi0p00,hardzero_only,0.01,33,1073,0.0,4,0.10710293,0.10810988,0.99699426,0.10069451,0.10069451,1.0,0.001006945,0.01,-27.650932,2.1934311,0.7311437,0.15200001,0.0,0.13587774,0.0,0.0,3436800
hardzero_only__c0p50__z1p10__lam0p000__nu0p50__psi0p00,hardzero_only,0.01,33,1074,0.0,4,0.10810988,0.109331764,0.9129689,0.12218871,0.12218871,1.0,0.0012218871,0.01,-25.98027,2.0085716,0.6695239,0.23200001,0.0,0.1284877,0.0,0.0,3440000
hardzero_only__c0p50__z1p10__lam0p000__nu0p50__psi0p00,hardzero_only,0.01,33,1075,0.0,4,0.109331764,0.11027694,1.0244882,0.094517395,0.094517395,1.0,0.0009451739,0.01,-27.042603,2.2539191,0.7513064,0.14400001,0.0,0.15279067,0.0,0.0,3443200
hardzero_only__c0p50__z1p10__lam0p000__nu0p50__psi0p00,hardzero_only,0.01,33,1076,0.0,4,0.11027694,0.11141412,0.94417083,0.113717996,0.113717996,1.0,0.0011371799,0.01,-26.271559,2.0772173,0.6924058,0.18400002,0.0,0.13258937,0.0,0.0,3446400
hardzero_only__c0p50__z1p10__lam0p000__nu0p50__psi0p00,hardzero_only,0.01,33,1077,0.0,4,0.11141412,0.1126939,0.89286417,0.12797815,0.12797815,1.0,0.0012797815,0.01,-25.682886,1.9643404,0.65478015,0.192,0.0,0.14552598,0.0,0.0,3449600
hardzero_only__c0p50__z1p10__lam0p000__nu0p50__psi0p00,hardzero_only,0.01,33,1078,0.0,4,0.1126939,0.113720566,0.98857063,0.102666646,0.102666646,1.0,0.0010266665,0.01,-26.795097,2.1748989,0.7249663,0.16800001,0.0,0.16053538,0.0,0.0,3452800
hardzero_only__c0p50__z1p10__lam0p000__nu0p50__psi0p00,hardzero_only,0.01,33,1079,0.0,4,0.113720566,0.114825845,0.95652795,0.11052793,0.11052793,1.0,0.0011052793,0.01,-26.606869,2.1044035,0.7014679,0.29,0.0,0.1540198,0.0,0.0,3456000
hardzero_only__c0p50__z1p10__lam0p000__nu0p50__psi0p00,hardzero_only,0.01,33,1080,0.0,4,0.114825845,0.115881495,0.9764805,0.105564885,0.105564885,1.0,0.0010556488,0.01,-27.193602,2.1483,0.7161,0.16800001,0.0,0.17190565,0.0,0.0,3459200
hardzero_only__c0p50__z1p10__lam0p000__nu0p50__psi0p00,hardzero_only,0.01,33,1081,0.0,4,0.115881495,0.11705354,0.93105537,0.11720458,0.11720458,1.0,0.0011720457,0.01,-25.64235,2.0483627,0.6827876,0.216,0.0,0.14929684,0.0,0.0,3462400
hardzero_only__c0p50__z1p10__lam0p000__nu0p50__psi0p00,hardzero_only,0.01,33,1082,0.0,4,0.11705354,0.1181342,0.96630996,0.108066246,0.108066246,1.0,0.0010806625,0.01,-26.295425,2.1259243,0.70864147,0.14400001,0.0,0.11942556,0.0,0.0,3465600
hardzero_only__c0p50__z1p10__lam0p000__nu0p50__psi0p00,hardzero_only,0.01,33,1083,0.0,4,0.1181342,0.11910703,1.0119647,0.097282626,0.097282626,1.0,0.0009728262,0.01,-26.684362,2.2263668,0.7421223,0.14400001,0.0,0.17344482,0.0,0.0,3468800
hardzero_only__c0p50__z1p10__lam0p000__nu0p50__psi0p00,hardzero_only,0.01,33,1084,0.0,4,0.11910703,0.12024612,0.9434426,0.113908835,0.113908835,1.0,0.0011390883,0.01,-26.650602,2.0756152,0.69187176,0.16000001,0.0,0.15314062,0.0,0.0,3472000
hardzero_only__c0p50__z1p10__lam0p000__nu0p50__psi0p00,hardzero_only,0.01,33,1085,0.0,4,0.12024612,0.12129555,0.97904634,0.104943044,0.104943044,1.0,0.0010494305,0.01,-26.800587,2.153945,0.7179817,0.17600001,0.008,0.15705292,0.0,0.0,3475200
hardzero_only__c0p50__z1p10__lam0p000__nu0p50__psi0p00,hardzero_only,0.01,33,1086,0.0,4,0.12129555,0.12240662,0.95425963,0.11110674,0.11110674,1.0,0.0011110674,0.01,-25.993156,2.0994132,0.6998044,0.23200001,0.0,0.14652081,0.0,0.0,3478400
hardzero_only__c0p50__z1p10__lam0p000__nu0p50__psi0p00,hardzero_only,0.01,33,1087,0.0,4,0.12240662,0.12354681,0.9430208,0.114019506,0.114019506,1.0,0.0011401951,0.01,-25.419947,2.0746872,0.6915624,0.136,0.0,0.13324036,0.0,0.0,3481600
hardzero_only__c0p50__z1p10__lam0p000__nu0p50__psi0p00,hardzero_only,0.01,33,1088,0.0,4,0.12354681,0.12447378,1.0329329,0.09269731,0.09269731,1.0,0.00092697307,0.01,-27.729689,2.2724977,0.7574992,0.24800001,0.0,0.17637669,0.0,0.0,3484800
hardzero_only__c0p50__z1p10__lam0p000__nu0p50__psi0p00,hardzero_only,0.01,33,1089,0.0,4,0.12447378,0.12555212,0.96724606,0.10783355,0.10783355,1.0,0.0010783355,0.01,-26.371536,2.1279838,0.70932794,0.216,0.008,0.15657271,0.0,0.0,3488000
hardzero_only__c0p50__z1p10__lam0p000__nu0p50__psi0p00,hardzero_only,0.01,33,1090,0.0,4,0.12555212,0.12666567,0.9532915,0.111354694,0.111354694,1.0,0.0011135469,0.01,-26.156126,2.0972831,0.6990944,0.216,0.0,0.12940982,0.0,0.0,3491200
hardzero_only__c0p50__z1p10__lam0p000__nu0p50__psi0p00,hardzero_only,0.01,33,1091,0.0,4,0.12666567,0.12765992,1.0025065,0.09942452,0.09942452,1.0,0.0009942452,0.01,-27.282385,2.2055583,0.7351861,0.192,0.0,0.16598229,0.0,0.0,3494400
hardzero_only__c0p50__z1p10__lam0p000__nu0p50__psi0p00,hardzero_only,0.01,33,1092,0.0,4,0.12765992,0.12883915,0.9284026,0.117922686,0.117922686,1.0,0.0011792268,0.01,-25.93699,2.0425265,0.68084216,0.16,0.0,0.15851513,0.0,0.0,3497600
hardzero_only__c0p50__z1p10__lam0p000__nu0p50__psi0p00,hardzero_only,0.01,33,1093,0.0,4,0.12883915,0.12997007,0.94656515,0.113092765,0.113092765,1.0,0.0011309276,0.01,-26.386608,2.082485,0.69416165,0.16800001,0.0,0.12458603,0.0,0.0,3500800
hardzero_only__c0p50__z1p10__lam0p000__nu0p50__psi0p00,hardzero_only,0.01,33,1094,0.0,4,0.12997007,0.13106778,0.959513,0.10977084,0.10977084,1.0,0.0010977084,0.01,-25.629423,2.1109707,0.7036569,0.208,0.0,0.13136333,0.0,0.0,3504000
hardzero_only__c0p50__z1p10__lam0p000__nu0p50__psi0p00,hardzero_only,0.01,33,1095,0.0,4,0.13106778,0.13214554,0.96748,0.10777549,0.10777549,1.0,0.0010777549,0.01,-26.949568,2.1284986,0.70949954,0.216,0.0,0.15436804,0.0,0.0,3507200
hardzero_only__c0p50__z1p10__lam0p000__nu0p50__psi0p00,hardzero_only,0.01,33,1096,0.0,4,0.13214554,0.13323183,0.9640533,0.10862923,0.10862923,1.0,0.0010862922,0.01,-26.296896,2.1209595,0.70698655,0.24000001,0.0,0.1387271,0.0,0.0,3510400
hardzero_only__c0p50__z1p10__lam0p000__nu0p50__psi0p00,hardzero_only,0.01,33,1097,0.0,4,0.13323183,0.13446431,0.9092234,0.12324706,0.12324706,1.0,0.0012324705,0.01,-25.816555,2.0003314,0.66677713,0.216,0.0,0.14461704,0.0,0.0,3513600
hardzero_only__c0p50__z1p10__lam0p000__nu0p50__psi0p00,hardzero_only,0.01,33,1098,0.0,4,0.13446431,0.1354821,0.99233747,0.10178002,0.10178002,1.0,0.0010178002,0.01,-28.099152,2.183186,0.7277287,0.16000001,0.0,0.14404355,0.0,0.0,3516800
hardzero_only__c0p50__z1p10__lam0p000__nu0p50__psi0p00,hardzero_only,0.01,33,1099,0.0,4,0.1354821,0.13655724,0.9685389,0.10751302,0.10751302,1.0,0.0010751302,0.01,-26.235437,2.1308281,0.71027607,0.16000001,0.0,0.13378891,0.0,0.0,3520000
hardzero_only__c0p50__z1p10__lam0p000__nu0p50__psi0p00,hardzero_only,0.01,33,1100,0.0,4,0.13655724,0.13767102,0.95319635,0.111379094,0.111379094,1.0,0.0011137909,0.01,-26.381428,2.0970738,0.6990246,0.224,0.0,0.14614561,0.0,0.0,3523200
hardzero_only__c0p50__z1p10__lam0p000__nu0p50__psi0p00,hardzero_only,0.01,33,1101,0.0,4,0.13767102,0.13864899,1.0096806,0.097795606,0.097795606,1.0,0.000977956,0.01,-27.585482,2.2213418,0.7404473,0.128,0.0,0.16816337,0.0,0.0,3526400
hardzero_only__c0p50__z1p10__lam0p000__nu0p50__psi0p00,hardzero_only,0.01,33,1102,0.0,4,0.13864899,0.13974884,0.95866346,0.10998578,0.10998578,1.0,0.0010998579,0.01,-25.853891,2.1091018,0.7030339,0.15200001,0.0,0.122554086,0.0,0.0,3529600
hardzero_only__c0p50__z1p10__lam0p000__nu0p50__psi0p00,hardzero_only,0.01,33,1103,0.0,4,0.13974884,0.14078528,0.9844549,0.10364423,0.10364423,1.0,0.0010364422,0.01,-26.464165,2.165844,0.721948,0.224,0.0,0.17495598,0.0,0.0,3532800
hardzero_only__c0p50__z1p10__lam0p000__nu0p50__psi0p00,hardzero_only,0.01,33,1104,0.0,4,0.14078528,0.1419086,0.94949245,0.112333044,0.112333044,1.0,0.0011233304,0.01,-26.864851,2.0889251,0.6963084,0.24800001,0.0,0.13343003,0.0,0.0,3536000
hardzero_only__c0p50__z1p10__lam0p000__nu0p50__psi0p00,hardzero_only,0.01,33,1105,0.0,4,0.1419086,0.14293206,0.9899321,0.102345295,0.102345295,1.0,0.001023453,0.01,-27.557497,2.177894,0.7259647,0.22,0.0,0.16094463,0.0,0.0,3539200
hardzero_only__c0p50__z1p10__lam0p000__nu0p50__psi0p00,hardzero_only,0.01,33,1106,0.0,4,0.14293206,0.14392571,1.0027639,0.09936561,0.09936561,1.0,0.000993656,0.01,-27.689493,2.2061245,0.73537487,0.208,0.0,0.14795484,0.0,0.0,3542400
hardzero_only__c0p50__z1p10__lam0p000__nu0p50__psi0p00,hardzero_only,0.01,33,1107,0.0,4,0.14392571,0.14501874,0.9613673,0.10930316,0.10930316,1.0,0.0010930316,0.01,-26.683636,2.1150503,0.7050168,0.16800001,0.0,0.16509174,0.0,0.0,3545600
hardzero_only__c0p50__z1p10__lam0p000__nu0p50__psi0p00,hardzero_only,0.01,33,1108,0.0,4,0.14501874,0.14611736,0.9591506,0.109862484,0.109862484,1.0,0.0010986248,0.01,-26.384142,2.1101735,0.7033912,0.18400002,0.0,0.13257915,0.0,0.0,3548800
hardzero_only__c0p50__z1p10__lam0p000__nu0p50__psi0p00,hardzero_only,0.01,33,1109,0.0,4,0.14611736,0.14721765,0.9584916,0.110029295,0.110029295,1.0,0.0011002929,0.01,-26.086065,2.1087236,0.7029079,0.128,0.0,0.14502114,0.0,0.0,3552000
hardzero_only__c0p50__z1p10__lam0p000__nu0p50__psi0p00,hardzero_only,0.01,33,1110,0.0,4,0.14721765,0.1483599,0.9422422,0.11422411,0.11422411,1.0,0.0011422411,0.01,-26.370323,2.0729742,0.6909914,0.16000001,0.0,0.15062177,0.0,0.0,3555200
hardzero_only__c0p50__z1p10__lam0p000__nu0p50__psi0p00,hardzero_only,0.01,33,1111,0.0,4,0.1483599,0.14942704,0.97177655,0.1067145,0.1067145,1.0,0.001067145,0.01,-26.733597,2.1379511,0.7126504,0.2,0.0,0.1272954,0.0,0.0,3558400
hardzero_only__c0p50__z1p10__lam0p000__nu0p50__psi0p00,hardzero_only,0.01,33,1112,0.0,4,0.14942704,0.15036644,1.0271484,0.09394022,0.09394022,1.0,0.0009394022,0.01,-27.181553,2.2597716,0.7532572,0.120000005,0.0,0.13047408,0.0,0.0,3561600
hardzero_only__c0p50__z1p10__lam0p000__nu0p50__psi0p00,hardzero_only,0.01,33,1113,0.0,4,0.15036644,0.15149534,0.9473441,0.1128901,0.1128901,1.0,0.001128901,0.01,-26.1492,2.0841987,0.6947329,0.208,0.0,0.13508187,0.0,0.0,3564800
hardzero_only__c0p50__z1p10__lam0p000__nu0p50__psi0p00,hardzero_only,0.01,33,1114,0.0,4,0.15149534,0.15258445,0.96292937,0.108910725,0.108910725,1.0,0.0010891072,0.01,-26.677055,2.118487,0.70616233,0.14400001,0.0,0.14433461,0.0,0.0,3568000
hardzero_only__c0p50__z1p10__lam0p000__nu0p50__psi0p00,hardzero_only,0.01,33,1115,0.0,4,0.15258445,0.15368691,0.95763755,0.110245906,0.110245906,1.0,0.001102459,0.01,-25.698349,2.1068447,0.7022816,0.208,0.0,0.13510807,0.0,0.0,3571200
hardzero_only__c0p50__z1p10__lam0p000__nu0p50__psi0p00,hardzero_only,0.01,33,1116,0.0,4,0.15368691,0.15471777,0.9867988,0.10308637,0.10308637,1.0,0.0010308636,0.01,-27.579935,2.1710007,0.7236669,0.16000001,0.0,0.17072104,0.0,0.0,3574400
hardzero_only__c0p50__z1p10__lam0p000__nu0p50__psi0p00,hardzero_only,0.01,33,1117,0.0,4,0.15471777,0.15585092,0.9457141,0.1133146,0.1133146,1.0,0.001133146,0.01,-26.745556,2.0806127,0.6935376,0.14400001,0.0,0.17645818,0.0,0.0,3577600
hardzero_only__c0p50__z1p10__lam0p000__nu0p50__psi0p00,hardzero_only,0.01,33,1118,0.0,4,0.15585092,0.15698765,0.9443385,0.113674074,0.113674074,1.0,0.0011367407,0.01,-25.23687,2.0775862,0.6925287,0.19999999,0.0,0.14574717,0.0,0.0,3580800
hardzero_only__c0p50__z1p10__lam0p000__nu0p50__psi0p00,hardzero_only,0.01,33,1119,0.0,4,0.15698765,0.15810467,0.9519416,0.111701354,0.111701354,1.0,0.0011170135,0.01,-25.995043,2.0943134,0.6981045,0.208,0.0,0.14856742,0.0,0.0,3584000
hardzero_only__c0p50__z1p10__lam0p000__nu0p50__psi0p00,hardzero_only,0.01,33,1120,0.0,4,0.15810467,0.15909962,1.002198,0.099495165,0.099495165,1.0,0.0009949516,0.01,-27.621563,2.2048795,0.73495984,0.18400002,0.0,0.15021756,0.0,0.0,3587200
hardzero_only__c0p50__z1p10__lam0p000__nu0p50__psi0p00,hardzero_only,0.01,33,1121,0.0,4,0.15909962,0.16019478,0.9605206,0.109516464,0.109516464,1.0,0.0010951646,0.01,-26.091583,2.1131876,0.7043959,0.18400002,0.0,0.14433816,0.0,0.0,3590400
hardzero_only__c0p50__z1p10__lam0p000__nu0p50__psi0p00,hardzero_only,0.01,33,1122,0.0,4,0.16019478,0.1612375,0.9818362,0.104271054,0.104271054,1.0,0.0010427105,0.01,-26.767357,2.1600828,0.7200276,0.208,0.0,0.15252016,0.0,0.0,3593600
hardzero_only__c0p50__z1p10__lam0p000__nu0p50__psi0p00,hardzero_only,0.01,33,1123,0.0,4,0.1612375,0.1623657,0.94761205,0.11282047,0.11282047,1.0,0.0011282046,0.01,-26.101358,2.084788,0.69492936,0.16000001,0.0,0.13186651,0.0,0.0,3596800
hardzero_only__c0p50__z1p10__lam0p000__nu0p50__psi0p00,hardzero_only,0.01,33,1124,0.0,4,0.1623657,0.16336784,0.9990748,0.10021325,0.10021325,1.0,0.0010021325,0.01,-26.875755,2.1980085,0.73266953,0.208,0.0,0.15643169,0.0,0.0,3600000
hardzero_only__c0p50__z1p10__lam0p000__nu0p50__psi0p00,hardzero_only,0.01,33,1125,0.0,4,0.16336784,0.16435502,1.0055988,0.0987191,0.0987191,1.0,0.000987191,0.01,-27.11215,2.2123616,0.7374539,0.136,0.0,0.14653605,0.0,0.0,3603200
hardzero_only__c0p50__z1p10__lam0p000__nu0p50__psi0p00,hardzero_only,0.01,33,1126,0.0,4,0.16435502,0.1654063,0.9782857,0.10512701,0.10512701,1.0,0.00105127,0.01,-26.754827,2.1522715,0.71742386,0.224,0.0,0.14444627,0.0,0.0,3606400
hardzero_only__c0p50__z1p10__lam0p000__nu0p50__psi0p00,hardzero_only,0.01,33,1127,0.0,4,0.1654063,0.1665587,0.9383959,0.11524021,0.11524021,1.0,0.001152402,0.01,-25.930882,2.0645123,0.6881708,0.24000001,0.0,0.16033071,0.0,0.0,3609600
hardzero_only__c0p50__z1p10__lam0p000__nu0p50__psi0p00,hardzero_only,0.01,33,1128,0.0,4,0.1665587,0.1675541,1.0020024,0.09954,0.09954,1.0,0.0009954,0.01,-26.326021,2.2044492,0.73481643,0.17600001,0.0,0.16707045,0.0,0.0,3612800
hardzero_only__c0p50__z1p10__lam0p000__nu0p50__psi0p00,hardzero_only,0.01,33,1129,0.0,4,0.1675541,0.16860181,0.979757,0.104771465,0.104771465,1.0,0.0010477146,0.01,-27.747065,2.1555085,0.7185029,0.14400001,0.0,0.16761363,0.0,0.0,3616000
hardzero_only__c0p50__z1p10__lam0p000__nu0p50__psi0p00,hardzero_only,0.01,33,1130,0.0,4,0.16860181,0.16981632,0.9155992,0.12145091,0.12145091,1.0,0.001214509,0.01,-26.173702,2.0143585,0.6714529,0.216,0.0,0.13854332,0.0,0.0,3619200
hardzero_only__c0p50__z1p10__lam0p000__nu0p50__psi0p00,hardzero_only,0.01,33,1131,0.0,4,0.16981632,0.17093632,0.95078075,0.11200032,0.11200032,1.0,0.0011200032,0.01,-26.99125,2.0917594,0.69725317,0.16,0.0,0.117868885,0.0,0.0,3622400
hardzero_only__c0p50__z1p10__lam0p000__nu0p50__psi0p00,hardzero_only,0.01,33,1132,0.0,4,0.17093632,0.1722049,0.8966834,0.12685762,0.12685762,1.0,0.0012685762,0.01,-25.316736,1.9727428,0.657581,0.192,0.0,0.14465325,0.0,0.0,3625600
hardzero_only__c0p50__z1p10__lam0p000__nu0p50__psi0p00,hardzero_only,0.01,33,1133,0.0,4,0.1722049,0.17335978,0.93746036,0.11548874,0.11548874,1.0,0.0011548874,0.01,-26.578411,2.062454,0.6874847,0.18400002,0.0,0.139208,0.0,0.0,3628800
hardzero_only__c0p50__z1p10__lam0p000__nu0p50__psi0p00,hardzero_only,0.01,33,1134,0.0,4,0.17335978,0.17464283,0.8917558,0.12830517,0.12830517,1.0,0.0012830517,0.01,-25.662802,1.961902,0.6539674,0.256,0.0,0.13957976,0.0,0.0,3632000
hardzero_only__c0p50__z1p10__lam0p000__nu0p50__psi0p00,hardzero_only,0.01,33,1135,0.0,4,0.17464283,0.17570102,0.97543687,0.10581885,0.10581885,1.0,0.0010581885,0.01,-26.204887,2.146004,0.71533465,0.192,0.0,0.13452505,0.0,0.0,3635200
hardzero_only__c0p50__z1p10__lam0p000__nu0p50__psi0p00,hardzero_only,0.01,33,1136,0.0,4,0.17570102,0.1769086,0.9180877,0.120757,0.120757,1.0,0.00120757,0.01,-25.60081,2.0198333,0.6732778,0.16800001,0.0,0.13490506,0.0,0.0,3638400
hardzero_only__c0p50__z1p10__lam0p000__nu0p50__psi0p00,hardzero_only,0.01,33,1137,0.0,4,0.1769086,0.17794323,0.9852137,0.103463285,0.103463285,1.0,0.0010346328,0.01,-26.461685,2.1675134,0.7225045,0.18400002,0.0,0.1361952,0.0,0.0,3641600
hardzero_only__c0p50__z1p10__lam0p000__nu0p50__psi0p00,hardzero_only,0.01,33,1138,0.0,4,0.17794323,0.17897633,0.98585683,0.10331019,0.10331019,1.0,0.0010331019,0.01,-26.639338,2.1689284,0.72297615,0.136,0.0,0.14867815,0.0,0.0,3644800
hardzero_only__c0p50__z1p10__lam0p000__nu0p50__psi0p00,hardzero_only,0.01,33,1139,0.0,4,0.17897633,0.18008454,0.9553789,0.11082075,0.11082075,1.0,0.0011082075,0.01,-26.765533,2.1018755,0.7006252,0.208,0.0,0.14668463,0.0,0.0,3648000
hardzero_only__c0p50__z1p10__lam0p000__nu0p50__psi0p00,hardzero_only,0.01,33,1140,0.0,4,0.18008454,0.18110272,0.9921741,0.101818316,0.101818316,1.0,0.0010181832,0.01,-27.27675,2.1828265,0.72760886,0.15200001,0.0,0.13724498,0.0,0.0,3651200
hardzero_only__c0p50__z1p10__lam0p000__nu0p50__psi0p00,hardzero_only,0.01,33,1141,0.0,4,0.18110272,0.18226053,0.936362,0.115781166,0.115781166,1.0,0.0011578116,0.01,-26.189966,2.0600376,0.68667924,0.15200001,0.0,0.12897073,0.0,0.0,3654400
hardzero_only__c0p50__z1p10__lam0p000__nu0p50__psi0p00,hardzero_only,0.01,33,1142,0.0,4,0.18226053,0.18329418,0.9856282,0.10336459,0.10336459,1.0,0.0010336458,0.01,-27.2456,2.1684253,0.7228085,0.14400001,0.0,0.16210242,0.0,0.0,3657600
hardzero_only__c0p50__z1p10__lam0p000__nu0p50__psi0p00,hardzero_only,0.01,33,1143,0.0,4,0.18329418,0.18444194,0.9401487,0.114776045,0.114776045,1.0,0.0011477604,0.01,-26.505655,2.0683684,0.68945616,0.16000001,0.0,0.14578316,0.0,0.0,3660800
hardzero_only__c0p50__z1p10__lam0p000__nu0p50__psi0p00,hardzero_only,0.01,33,1144,0.0,4,0.18444194,0.18550666,0.972764,0.106472135,0.106472135,1.0,0.0010647214,0.01,-26.210062,2.1401236,0.71337456,0.22999999,0.0,0.13718313,0.0,0.0,3664000
hardzero_only__c0p50__z1p10__lam0p000__nu0p50__psi0p00,hardzero_only,0.01,33,1145,0.0,4,0.18550666,0.1865231,0.9929166,0.10164439,0.10164439,1.0,0.0010164438,0.01,-26.918112,2.1844602,0.7281534,0.14400001,0.0,0.14218953,0.0,0.0,3667200
hardzero_only__c0p50__z1p10__lam0p000__nu0p50__psi0p00,hardzero_only,0.01,33,1146,0.0,4,0.1865231,0.18752284,1.000111,0.099974446,0.099974446,1.0,0.0009997444,0.01,-27.51654,2.200288,0.7334294,0.14400001,0.0,0.15393253,0.0,0.0,3670400
hardzero_only__c0p50__z1p10__lam0p000__nu0p50__psi0p00,hardzero_only,0.01,33,1147,0.0,4,0.18752284,0.18866515,0.9422188,0.11423027,0.11423027,1.0,0.0011423026,0.01,-26.412674,2.0729227,0.69097424,0.224,0.0,0.15359846,0.0,0.0,3673600
hardzero_only__c0p50__z1p10__lam0p000__nu0p50__psi0p00,hardzero_only,0.01,33,1148,0.0,4,0.18866515,0.18977115,0.9562477,0.11059929,0.11059929,1.0,0.0011059928,0.01,-27.58241,2.103787,0.70126235,0.208,0.0,0.15567766,0.0,0.0,3676800
hardzero_only__c0p50__z1p10__lam0p000__nu0p50__psi0p00,hardzero_only,0.01,33,1149,0.0,4,0.18977115,0.19087256,0.9580475,0.11014187,0.11014187,1.0,0.0011014187,0.01,-27.28504,2.1077466,0.70258224,0.18400002,0.0,0.12382992,0.0,0.0,3680000
hardzero_only__c0p50__z1p10__lam0p000__nu0p50__psi0p00,hardzero_only,0.01,33,1150,0.0,4,0.19087256,0.19205819,0.9260531,0.11856237,0.11856237,1.0,0.0011856237,0.01,-26.58999,2.0373576,0.6791192,0.192,0.0,0.14097998,0.0,0.0,3683200
hardzero_only__c0p50__z1p10__lam0p000__nu0p50__psi0p00,hardzero_only,0.01,33,1151,0.0,4,0.19205819,0.1931526,0.96081764,0.10944158,0.10944158,1.0,0.0010944158,0.01,-26.471285,2.113841,0.7046137,0.17600001,0.0,0.15930772,0.0,0.0,3686400
hardzero_only__c0p50__z1p10__lam0p000__nu0p50__psi0p00,hardzero_only,0.01,33,1152,0.0,4,0.1931526,0.19431415,0.93496233,0.116154924,0.116154924,1.0,0.0011615492,0.01,-26.415726,2.0569582,0.68565273,0.208,0.0,0.17486128,0.0,0.0,3689600
hardzero_only__c0p50__z1p10__lam0p000__nu0p50__psi0p00,hardzero_only,0.01,33,1153,0.0,4,0.19431415,0.19542493,0.95437473,0.11107728,0.11107728,1.0,0.0011107727,0.01,-26.129345,2.0996664,0.6998888,0.112,0.0,0.14334127,0.0,0.0,3692800
hardzero_only__c0p50__z1p10__lam0p000__nu0p50__psi0p00,hardzero_only,0.01,33,1154,0.0,4,0.19542493,0.1964092,1.006888,0.098426476,0.098426476,1.0,0.0009842648,0.01,-26.511946,2.2151978,0.73839927,0.120000005,0.0,0.14544837,0.0,0.0,3696000
hardzero_only__c0p50__z1p10__lam0p000__nu0p50__psi0p00,hardzero_only,0.01,33,1155,0.0,4,0.1964092,0.19742574,0.9928772,0.101653606,0.101653606,1.0,0.001016536,0.01,-26.232914,2.1843734,0.7281245,0.136,0.0,0.112449124,0.0,0.0,3699200
hardzero_only__c0p50__z1p10__lam0p000__nu0p50__psi0p00,hardzero_only,0.01,33,1156,0.0,4,0.19742574,0.19852251,0.95988244,0.1096775,0.1096775,1.0,0.0010967749,0.01,-26.04658,2.1117835,0.7039279,0.16000001,0.0,0.11660865,0.0,0.0,3702400
hardzero_only__c0p50__z1p10__lam0p000__nu0p50__psi0p00,hardzero_only,0.01,33,1157,0.0,4,0.19852251,0.1996123,0.9626568,0.10897909,0.10897909,1.0,0.0010897908,0.01,-26.8667,2.1178873,0.7059624,0.17999999,0.0,0.15687203,0.0,0.0,3705600
hardzero_only__c0p50__z1p10__lam0p000__nu0p50__psi0p00,hardzero_only,0.01,33,1158,0.0,4,0.1996123,0.20068926,0.9678022,0.10769556,0.10769556,1.0,0.0010769556,0.01,-26.61051,2.1292074,0.7097358,0.192,0.0,0.13537145,0.0,0.0,3708800
hardzero_only__c0p50__z1p10__lam0p000__nu0p50__psi0p00,hardzero_only,0.01,33,1159,0.0,4,0.20068926,0.2016751,1.0061885,0.09858515,0.09858515,1.0,0.0009858515,0.01,-27.824959,2.213659,0.73788637,0.14400001,0.0,0.17321031,0.0,0.0,3712000
hardzero_only__c0p50__z1p10__lam0p000__nu0p50__psi0p00,hardzero_only,0.01,33,1160,0.0,4,0.2016751,0.20292331,0.9037122,0.124821045,0.124821045,1.0,0.0012482104,0.01,-26.34302,1.9882065,0.6627355,0.216,0.0,0.13517518,0.0,0.0,3715200
hardzero_only__c0p50__z1p10__lam0p000__nu0p50__psi0p00,hardzero_only,0.01,33,1161,0.0,4,0.20292331,0.20396803,0.9809992,0.10447221,0.10447221,1.0,0.0010447222,0.01,-26.93214,2.1582413,0.71941376,0.2,0.0,0.13621506,0.0,0.0,3718400
hardzero_only__c0p50__z1p10__lam0p000__nu0p50__psi0p00,hardzero_only,0.01,33,1162,0.0,4,0.20396803,0.20495985,1.0035689,0.09918161,0.09918161,1.0,0.000991816,0.01,-27.39738,2.2078958,0.73596525,0.112,0.0,0.15819906,0.0,0.0,3721600
hardzero_only__c0p50__z1p10__lam0p000__nu0p50__psi0p00,hardzero_only,0.01,33,1163,0.0,4,0.20495985,0.20595862,1.0005386,0.09987605,0.09987605,1.0,0.0009987605,0.01,-26.63481,2.2012289,0.73374295,0.080000006,0.0,0.156884,0.0,0.0,3724800
hardzero_only__c0p50__z1p10__lam0p000__nu0p50__psi0p00,hardzero_only,0.01,33,1164,0.0,4,0.20595862,0.20703167,0.96938086,0.107304804,0.107304804,1.0,0.001073048,0.01,-26.466845,2.1326804,0.7108935,0.2,0.0,0.16875465,0.0,0.0,3728000
hardzero_only__c0p50__z1p10__lam0p000__nu0p50__psi0p00,hardzero_only,0.01,33,1165,0.0,4,0.20703167,0.20799443,1.016478,0.09627689,0.09627689,1.0,0.00096276886,0.01,-27.296024,2.2362962,0.7454321,0.17600001,0.0,0.17108214,0.0,0.0,3731200
hardzero_only__c0p50__z1p10__lam0p000__nu0p50__psi0p00,hardzero_only,0.01,33,1166,0.0,4,0.20799443,0.20909639,0.9578332,0.11019623,0.11019623,1.0,0.0011019623,0.01,-26.28851,2.107275,0.702425,0.224,0.0,0.13074444,0.0,0.0,3734400
hardzero_only__c0p50__z1p10__lam0p000__nu0p50__psi0p00,hardzero_only,0.01,33,1167,0.0,4,0.20909639,0.21024595,0.9394652,0.11495681,0.11495681,1.0,0.0011495681,0.01,-26.37091,2.0668647,0.68895495,0.2,0.0,0.13317953,0.0,0.0,3737600
hardzero_only__c0p50__z1p10__lam0p000__nu0p50__psi0p00,hardzero_only,0.01,33,1168,0.0,4,0.21024595,0.21134542,0.9588187,0.10994648,0.10994648,1.0,0.0010994648,0.01,-26.266726,2.1094432,0.70314777,0.18400002,0.0,0.15069662,0.0,0.0,3740800
hardzero_only__c0p50__z1p10__lam0p000__nu0p50__psi0p00,hardzero_only,0.01,33,1169,0.0,4,0.21134542,0.21239957,0.9770951,0.10541558,0.10541558,1.0,0.0010541558,0.01,-27.006035,2.1496522,0.71655077,0.136,0.0,0.15585338,0.0,0.0,3744000
hardzero_only__c0p50__z1p10__lam0p000__nu0p50__psi0p00,hardzero_only,0.01,33,1170,0.0,4,0.21239957,0.21355274,0.93810475,0.115317486,0.115317486,1.0,0.0011531748,0.01,-25.868652,2.0638716,0.6879572,0.19,0.0,0.12730964,0.0,0.0,3747200
hardzero_only__c0p50__z1p10__lam0p000__nu0p50__psi0p00,hardzero_only,0.01,33,1171,0.0,4,0.21355274,0.21455674,0.99826545,0.100400195,0.100400195,1.0,0.0010040019,0.01,-26.214144,2.1962278,0.7320759,0.120000005,0.0,0.14910214,0.0,0.0,3750400
hardzero_only__c0p50__z1p10__lam0p000__nu0p50__psi0p00,hardzero_only,0.01,33,1172,0.0,4,0.21455674,0.21556967,0.99441797,0.10129361,0.10129361,1.0,0.0010129361,0.01,-27.357042,2.1877632,0.7292544,0.08800001,0.0,0.15576126,0.0,0.0,3753600
hardzero_only__c0p50__z1p10__lam0p000__nu0p50__psi0p00,hardzero_only,0.01,33,1173,0.0,4,0.21556967,0.21676663,0.9219226,0.11969537,0.11969537,1.0,0.0011969537,0.01,-25.412485,2.0282702,0.6760901,0.224,0.0,0.1393322,0.0,0.0,3756800
hardzero_only__c0p50__z1p10__lam0p000__nu0p50__psi0p00,hardzero_only,0.01,33,1174,0.0,4,0.21676663,0.21787958,0.9535254,0.11129471,0.11129471,1.0,0.0011129471,0.01,-26.316332,2.0977979,0.69926596,0.256,0.0,0.1535643,0.0,0.0,3760000
hardzero_only__c0p50__z1p10__lam0p000__nu0p50__psi0p00,hardzero_only,0.01,33,1175,0.0,4,0.21787958,0.21885414,1.0111864,0.09745713,0.09745713,1.0,0.00097457133,0.01,-27.56134,2.2246544,0.7415515,0.112,0.008,0.15609813,0.0,0.0,3763200
hardzero_only__c0p50__z1p10__lam0p000__nu0p50__psi0p00,hardzero_only,0.01,33,1176,0.0,4,0.21885414,0.2198682,0.99393743,0.101405755,0.101405755,1.0,0.0010140575,0.01,-27.880548,2.186706,0.72890204,0.18400002,0.0,0.1821686,0.0,0.0,3766400
hardzero_only__c0p50__z1p10__lam0p000__nu0p50__psi0p00,hardzero_only,0.01,33,1177,0.0,4,0.2198682,0.22097725,0.9550516,0.11090429,0.11090429,1.0,0.0011090429,0.01,-27.085505,2.1011555,0.7003852,0.216,0.0,0.14714366,0.0,0.0,3769600
hardzero_only__c0p50__z1p10__lam0p000__nu0p50__psi0p00,hardzero_only,0.01,33,1178,0.0,4,0.22097725,0.22213162,0.9376522,0.11543774,0.11543774,1.0,0.0011543774,0.01,-26.224457,2.062876,0.68762535,0.2,0.0,0.14435695,0.0,0.0,3772800
hardzero_only__c0p50__z1p10__lam0p000__nu0p50__psi0p00,hardzero_only,0.01,33,1179,0.0,4,0.22213162,0.22325276,0.9503412,0.11211373,0.11211373,1.0,0.0011211373,0.01,-26.033005,2.0907924,0.6969308,0.136,0.0,0.12665957,0.0,0.0,3776000
hardzero_only__c0p50__z1p10__lam0p000__nu0p50__psi0p00,hardzero_only,0.01,33,1180,0.0,4,0.22325276,0.22427621,0.9899319,0.10234534,0.10234534,1.0,0.0010234534,0.01,-26.75783,2.1778936,0.72596455,0.208,0.0,0.14114557,0.0,0.0,3779200
hardzero_only__c0p50__z1p10__lam0p000__nu0p50__psi0p00,hardzero_only,0.01,33,1181,0.0,4,0.22427621,0.22551371,0.9074555,0.1237498,0.1237498,1.0,0.001237498,0.01,-25.628553,1.996442,0.6654807,0.216,0.0,0.14460811,0.0,0.0,3782400
hardzero_only__c0p50__z1p10__lam0p000__nu0p50__psi0p00,hardzero_only,0.01,33,1182,0.0,4,0.22551371,0.2265804,0.97196686,0.10666774,0.10666774,1.0,0.0010666774,0.01,-26.240986,2.1383698,0.71278995,0.192,0.0,0.16122773,0.0,0.0,3785600
hardzero_only__c0p50__z1p10__lam0p000__nu0p50__psi0p00,hardzero_only,0.01,33,1183,0.0,4,0.2265804,0.22766648,0.96413857,0.108607896,0.108607896,1.0,0.0010860789,0.01,-26.480825,2.1211472,0.7070491,0.21,0.0,0.15103735,0.0,0.0,3788800
hardzero_only__c0p50__z1p10__lam0p000__nu0p50__psi0p00,hardzero_only,0.01,33,1184,0.0,4,0.22766648,0.2286716,0.99778706,0.10051084,0.10051084,1.0,0.0010051084,0.01,-26.943773,2.1951754,0.73172516,0.136,0.0,0.14275047,0.0,0.0,3792000
hardzero_only__c0p50__z1p10__lam0p000__nu0p50__psi0p00,hardzero_only,0.01,33,1185,0.0,4,0.2286716,0.22971912,0.9798392,0.10475163,0.10475163,1.0,0.0010475162,0.01,-26.270466,2.1556892,0.7185631,0.15200001,0.0,0.13912934,0.0,0.0,3795200
hardzero_only__c0p50__z1p10__lam0p000__nu0p50__psi0p00,hardzero_only,0.01,33,1186,0.0,4,0.22971912,0.23070647,1.005528,0.09873519,0.09873519,1.0,0.0009873519,0.01,-26.608303,2.2122056,0.7374019,0.104,0.0,0.13046557,0.0,0.0,3798400
hardzero_only__c0p50__z1p10__lam0p000__nu0p50__psi0p00,hardzero_only,0.01,33,1187,0.0,4,0.23070647,0.23190981,0.91960955,0.12033457,0.12033457,1.0,0.0012033457,0.01,-25.48394,2.0231814,0.67439383,0.24000001,0.0,0.12944454,0.0,0.0,3801600
hardzero_only__c0p50__z1p10__lam0p000__nu0p50__psi0p00,hardzero_only,0.01,33,1188,0.0,4,0.23190981,0.23295946,0.97895336,0.104965515,0.104965515,1.0,0.0010496551,0.01,-26.799974,2.1537404,0.7179135,0.264,0.0,0.14622737,0.0,0.0,3804800
hardzero_only__c0p50__z1p10__lam0p000__nu0p50__psi0p00,hardzero_only,0.01,33,1189,0.0,4,0.23295946,0.23416999,0.9170271,0.12105226,0.12105226,1.0,0.0012105226,0.01,-25.847416,2.0175,0.6725,0.08800001,0.0,0.14479496,0.0,0.0,3808000
hardzero_only__c0p50__z1p10__lam0p000__nu0p50__psi0p00,hardzero_only,0.01,33,1190,0.0,4,0.23416999,0.23519705,0.98840314,0.10270623,0.10270623,1.0,0.0010270623,0.01,-26.88521,2.1745303,0.72484344,0.15200001,0.0,0.14207976,0.0,0.0,3811200
hardzero_only__c0p50__z1p10__lam0p000__nu0p50__psi0p00,hardzero_only,0.01,33,1191,0.0,4,0.23519705,0.23622195,0.9893171,0.102490336,0.102490336,1.0,0.0010249034,0.01,-26.06684,2.176541,0.7255137,0.16800001,0.0,0.13105716,0.0,0.0,3814400
hardzero_only__c0p50__z1p10__lam0p000__nu0p50__psi0p00,hardzero_only,0.01,33,1192,0.0,4,0.23622195,0.23742501,0.91971254,0.12030606,0.12030606,1.0,0.0012030606,0.01,-25.977377,2.023408,0.67446935,0.216,0.0,0.14636861,0.0,0.0,3817600
hardzero_only__c0p50__z1p10__lam0p000__nu0p50__psi0p00,hardzero_only,0.01,33,1193,0.0,4,0.23742501,0.23849197,0.9718536,0.10669558,0.10669558,1.0,0.0010669557,0.01,-26.798092,2.1381207,0.7127069,0.128,0.0,0.15134232,0.0,0.0,3820800
hardzero_only__c0p50__z1p10__lam0p000__nu0p50__psi0p00,hardzero_only,0.01,33,1194,0.0,4,0.23849197,0.23951323,0.99086237,0.1021263,0.1021263,1.0,0.001021263,0.01,-27.420025,2.1799407,0.7266469,0.192,0.0,0.13297105,0.0,0.0,3824000
hardzero_only__c0p50__z1p10__lam0p000__nu0p50__psi0p00,hardzero_only,0.01,33,1195,0.0,4,0.23951323,0.24055602,0.9818086,0.104277685,0.104277685,1.0,0.0010427769,0.01,-26.694279,2.160022,0.72000736,0.18400002,0.0,0.13397934,0.0,0.0,3827200
hardzero_only__c0p50__z1p10__lam0p000__nu0p50__psi0p00,hardzero_only,0.01,33,1196,0.0,4,0.24055602,0.24163072,0.96871316,0.10746989,0.10746989,1.0,0.0010746989,0.01,-26.171865,2.1312115,0.71040386,0.19999999,0.0,0.14706676,0.0,0.0,3830400
hardzero_only__c0p50__z1p10__lam0p000__nu0p50__psi0p00,hardzero_only,0.01,33,1197,0.0,4,0.24163072,0.24267495,0.98120564,0.10442256,0.10442256,1.0,0.0010442256,0.01,-26.815414,2.1586955,0.71956515,0.2,0.0,0.13723639,0.0,0.0,3833600
hardzero_only__c0p50__z1p10__lam0p000__nu0p50__psi0p00,hardzero_only,0.01,33,1198,0.0,4,0.24267495,0.2436698,1.0022409,0.09948534,0.09948534,1.0,0.0009948533,0.01,-27.048658,2.204974,0.7349913,0.16800001,0.0,0.15462458,0.0,0.0,3836800
hardzero_only__c0p50__z1p10__lam0p000__nu0p50__psi0p00,hardzero_only,0.01,33,1199,0.0,4,0.2436698,0.24464028,1.0130104,0.09704867,0.09704867,1.0,0.00097048667,0.01,-26.691158,2.2286673,0.7428891,0.15200001,0.0,0.14266552,0.0,0.0,3840000
hardzero_only__c0p50__z1p10__lam0p000__nu0p50__psi0p00,hardzero_only,0.01,33,1200,0.0,4,0.24464028,0.24575067,0.95452297,0.11103936,0.11103936,1.0,0.0011103936,0.01,-26.375383,2.0999925,0.69999754,0.17600001,0.0,0.13453037,0.0,0.0,3843200
hardzero_only__c0p50__z1p10__lam0p000__nu0p50__psi0p00,hardzero_only,0.01,33,1201,0.0,4,0.24575067,0.24676464,0.9939705,0.10139802,0.10139802,1.0,0.0010139801,0.01,-26.71594,2.1867788,0.7289263,0.15200001,0.0,0.14416842,0.0,0.0,3846400
hardzero_only__c0p50__z1p10__lam0p000__nu0p50__psi0p00,hardzero_only,0.01,33,1202,0.0,4,0.24676464,0.24778387,0.9917292,0.10192266,0.10192266,1.0,0.0010192266,0.01,-26.530508,2.1818478,0.72728264,0.24000001,0.0,0.13365482,0.0,0.0,3849600
hardzero_only__c0p50__z1p10__lam0p000__nu0p50__psi0p00,hardzero_only,0.01,33,1203,0.0,4,0.24778387,0.24883825,0.9770021,0.10543818,0.10543818,1.0,0.0010543818,0.01,-26.561857,2.1494474,0.7164825,0.16000001,0.0,0.16019595,0.0,0.0,3852800
hardzero_only__c0p50__z1p10__lam0p000__nu0p50__psi0p00,hardzero_only,0.01,33,1204,0.0,4,0.24883825,0.24993636,0.9593542,0.10981097,0.10981097,1.0,0.0010981096,0.01,-25.624779,2.1106215,0.7035405,0.216,0.0,0.13080944,0.0,0.0,3856000
hardzero_only__c0p50__z1p10__lam0p000__nu0p50__psi0p00,hardzero_only,0.01,33,1205,0.0,4,0.24993636,0.2511161,0.9282116,0.11797457,0.11797457,1.0,0.0011797457,0.01,-26.321508,2.0421064,0.68070215,0.264,0.0,0.14695343,0.0,0.0,3859200
hardzero_only__c0p50__z1p10__lam0p000__nu0p50__psi0p00,hardzero_only,0.01,33,1206,0.0,4,0.2511161,0.25234172,0.9116406,0.12256299,0.12256299,1.0,0.0012256298,0.01,-25.182533,2.0056493,0.6685498,0.16800001,0.0,0.11344156,0.0,0.0,3862400
hardzero_only__c0p50__z1p10__lam0p000__nu0p50__psi0p00,hardzero_only,0.01,33,1207,0.0,4,0.25234172,0.25344965,0.95549256,0.11079174,0.11079174,1.0,0.0011079174,0.01,-27.435453,2.1021256,0.70070857,0.15200001,0.0,0.12801376,0.0,0.0,3865600
hardzero_only__c0p50__z1p10__lam0p000__nu0p50__psi0p00,hardzero_only,0.01,33,1208,0.0,4,0.25344965,0.25460654,0.93670166,0.11569066,0.11569066,1.0,0.0011569066,0.01,-26.64953,2.0607848,0.6869283,0.128,0.0,0.14962983,0.0,0.0,3868800
hardzero_only__c0p50__z1p10__lam0p000__nu0p50__psi0p00,hardzero_only,0.01,33,1209,0.0,4,0.25460654,0.25559384,1.0055492,0.09873037,0.09873037,1.0,0.0009873037,0.01,-27.165575,2.2122524,0.73741746,0.19999999,0.0,0.12434131,0.0,0.0,3872000
hardzero_only__c0p50__z1p10__lam0p000__nu0p50__psi0p00,hardzero_only,0.01,33,1210,0.0,4,0.25559384,0.2567015,0.95559084,0.11076667,0.11076667,1.0,0.0011076666,0.01,-25.944662,2.102342,0.70078063,0.16000001,0.0,0.13113749,0.0,0.0,3875200
hardzero_only__c0p50__z1p10__lam0p000__nu0p50__psi0p00,hardzero_only,0.01,33,1211,0.0,4,0.2567015,0.25771916,0.9924017,0.10176495,0.10176495,1.0,0.0010176494,0.01,-27.408638,2.1833274,0.7277758,0.128,0.0,0.13491061,0.0,0.0,3878400
hardzero_only__c0p50__z1p10__lam0p000__nu0p50__psi0p00,hardzero_only,0.01,33,1212,0.0,4,0.25771916,0.25880638,0.96367776,0.10872321,0.10872321,1.0,0.001087232,0.01,-26.285095,2.1201334,0.7067112,0.208,0.0,0.14111802,0.0,0.0,3881600
hardzero_only__c0p50__z1p10__lam0p000__nu0p50__psi0p00,hardzero_only,0.01,33,1213,0.0,4,0.25880638,0.25992718,0.95046824,0.11208093,0.11208093,1.0,0.0011208093,0.01,-26.572618,2.0910718,0.697024,0.16800001,0.0,0.13113166,0.0,0.0,3884800
hardzero_only__c0p50__z1p10__lam0p000__nu0p50__psi0p00,hardzero_only,0.01,33,1214,0.0,4,0.25992718,0.26094887,0.99068594,0.1021678,0.1021678,1.0,0.001021678,0.01,-26.45958,2.1795526,0.72651756,0.128,0.0,0.12006196,0.0,0.0,3888000
hardzero_only__c0p50__z1p10__lam0p000__nu0p50__psi0p00,hardzero_only,0.01,33,1215,0.0,4,0.26094887,0.26192212,1.0117726,0.09732566,0.09732566,1.0,0.0009732566,0.01,-27.77591,2.2259443,0.74198145,0.17600001,0.0,0.138379,0.0,0.0,3891200
hardzero_only__c0p50__z1p10__lam0p000__nu0p50__psi0p00,hardzero_only,0.01,33,1216,0.0,4,0.26192212,0.26315,0.9108395,0.12278928,0.12278928,1.0,0.0012278927,0.01,-25.786259,2.003887,0.6679623,0.24000001,0.0,0.13256027,0.0,0.0,3894400
hardzero_only__c0p50__z1p10__lam0p000__nu0p50__psi0p00,hardzero_only,0.01,33,1217,0.0,4,0.26315,0.2643358,0.92598975,0.11857967,0.11857967,1.0,0.0011857967,0.01,-25.73059,2.037218,0.67907274,0.224,0.0,0.13399084,0.0,0.0,3897600
hardzero_only__c0p50__z1p10__lam0p000__nu0p50__psi0p00,hardzero_only,0.01,33,1218,0.0,4,0.2643358,0.26535618,0.9912439,0.10203662,0.10203662,1.0,0.0010203662,0.01,-27.05589,2.1807802,0.72692674,0.14400001,0.0,0.1716892,0.0,0.0,3900800
hardzero_only__c0p50__z1p10__lam0p000__nu0p50__psi0p00,hardzero_only,0.01,33,1219,0.0,4,0.26535618,0.26639992,0.98140883,0.10437373,0.10437373,1.0,0.0010437373,0.01,-26.078348,2.1591425,0.71971416,0.208,0.0,0.14418016,0.0,0.0,3904000
hardzero_only__c0p50__z1p10__lam0p000__nu0p50__psi0p00,hardzero_only,0.01,33,1220,0.0,4,0.26639992,0.26753372,0.94545895,0.113381185,0.113381185,1.0,0.0011338118,0.01,-25.95782,2.0800512,0.69335043,0.16800001,0.0,0.14189623,0.0,0.0,3907200
hardzero_only__c0p50__z1p10__lam0p000__nu0p50__psi0p00,hardzero_only,0.01,33,1221,0.0,4,0.26753372,0.26864725,0.95329535,0.11135369,0.11135369,1.0,0.0011135369,0.01,-26.91862,2.0972917,0.6990973,0.192,0.0,0.14463168,0.0,0.0,3910400
hardzero_only__c0p50__z1p10__lam0p000__nu0p50__psi0p00,hardzero_only,0.01,33,1222,0.0,4,0.26864725,0.2697407,0.96120316,0.109344475,0.109344475,1.0,0.0010934448,0.01,-26.373243,2.114689,0.7048964,0.22999999,0.0,0.13733584,0.0,0.0,3913600
hardzero_only__c0p50__z1p10__lam0p000__nu0p50__psi0p00,hardzero_only,0.01,33,1223,0.0,4,0.2697407,0.2708545,0.95318866,0.111381054,0.111381054,1.0,0.0011138105,0.01,-26.510199,2.0970569,0.69901896,0.2,0.0,0.12916695,0.0,0.0,3916800
hardzero_only__c0p50__z1p10__lam0p000__nu0p50__psi0p00,hardzero_only,0.01,33,1224,0.0,4,0.2708545,0.27186364,0.99604666,0.10091443,0.10091443,1.0,0.0010091444,0.01,-27.620798,2.1913464,0.73044884,0.16000001,0.0,0.14275496,0.0,0.0,3920000
hardzero_only__c0p50__z1p10__lam0p000__nu0p50__psi0p00,hardzero_only,0.01,33,1225,0.0,4,0.27186364,0.27298126,0.9517093,0.1117611,0.1117611,1.0,0.001117611,0.01,-26.600044,2.0938022,0.6979341,0.208,0.0,0.13402575,0.0,0.0,3923200
hardzero_only__c0p50__z1p10__lam0p000__nu0p50__psi0p00,hardzero_only,0.01,33,1226,0.0,4,0.27298126,0.27402845,0.979973,0.10471934,0.10471934,1.0,0.0010471934,0.01,-27.086502,2.1559837,0.71866125,0.16800001,0.0,0.16014314,0.0,0.0,3926400
hardzero_only__c0p50__z1p10__lam0p000__nu0p50__psi0p00,hardzero_only,0.01,33,1227,0.0,4,0.27402845,0.27506575,0.98409206,0.10373086,0.10373086,1.0,0.0010373086,0.01,-27.352028,2.1650457,0.72168195,0.16800001,0.0,0.1398877,0.0,0.0,3929600
hardzero_only__c0p50__z1p10__lam0p000__nu0p50__psi0p00,hardzero_only,0.01,33,1228,0.0,4,0.27506575,0.27616614,0.9584577,0.11003791,0.11003791,1.0,0.001100379,0.01,-25.8335,2.108649,0.702883,0.18400002,0.0,0.13592753,0.0,0.0,3932800
hardzero_only__c0p50__z1p10__lam0p000__nu0p50__psi0p00,hardzero_only,0.01,33,1229,0.0,4,0.27616614,0.27736396,0.92160803,0.1197821,0.1197821,1.0,0.001197821,0.01,-25.942846,2.027578,0.6758594,0.216,0.0,0.13813566,0.0,0.0,3936000
hardzero_only__c0p50__z1p10__lam0p000__nu0p50__psi0p00,hardzero_only,0.01,33,1230,0.0,4,0.27736396,0.27847308,0.9550161,0.110913366,0.110913366,1.0,0.0011091336,0.01,-26.67103,2.1010773,0.7003591,0.2,0.0,0.16653216,0.0,0.0,3939200
hardzero_only__c0p50__z1p10__lam0p000__nu0p50__psi0p00,hardzero_only,0.01,33,1231,0.0,4,0.27847308,0.2796631,0.92444676,0.119001724,0.119001724,1.0,0.0011900172,0.01,-25.56959,2.0338235,0.6779412,0.208,0.0,0.15828459,0.0,0.0,3942400
hardzero_only__c0p50__z1p10__lam0p000__nu0p50__psi0p00,hardzero_only,0.01,33,1232,0.0,4,0.2796631,0.2806997,0.98437977,0.10366215,0.10366215,1.0,0.0010366215,0.01,-26.250874,2.1656787,0.72189295,0.17600001,0.0,0.14887498,0.0,0.0,3945600
hardzero_only__c0p50__z1p10__lam0p000__nu0p50__psi0p00,hardzero_only,0.01,33,1233,0.0,4,0.2806997,0.28179574,0.9601724,0.1096043,0.1096043,1.0,0.0010960429,0.01,-26.147072,2.1124215,0.70414054,0.23200001,0.0,0.13310392,0.0,0.0,3948800
hardzero_only__c0p50__z1p10__lam0p000__nu0p50__psi0p00,hardzero_only,0.01,33,1234,0.0,4,0.28179574,0.28290403,0.9553438,0.1108297,0.1108297,1.0,0.001108297,0.01,-26.172523,2.1017983,0.70059943,0.15200001,0.0,0.15430692,0.0,0.0,3952000
hardzero_only__c0p50__z1p10__lam0p000__nu0p50__psi0p00,hardzero_only,0.01,33,1235,0.0,4,0.28290403,0.28390914,0.9977862,0.10051104,0.10051104,1.0,0.0010051103,0.01,-26.66936,2.1951735,0.7317245,0.14999999,0.0,0.13686629,0.0,0.0,3955200
hardzero_only__c0p50__z1p10__lam0p000__nu0p50__psi0p00,hardzero_only,0.01,33,1236,0.0,4,0.28390914,0.2849434,0.98536575,0.103427075,0.103427075,1.0,0.0010342707,0.01,-26.707235,2.1678479,0.72261596,0.128,0.0,0.13641877,0.0,0.0,3958400
hardzero_only__c0p50__z1p10__lam0p000__nu0p50__psi0p00,hardzero_only,0.01,33,1237,0.0,4,0.2849434,0.28597143,0.9879927,0.10280334,0.10280334,1.0,0.0010280334,0.01,-26.505096,2.1736274,0.7245425,0.14400001,0.0,0.13887434,0.0,0.0,3961600
hardzero_only__c0p50__z1p10__lam0p000__nu0p50__psi0p00,hardzero_only,0.01,33,1238,0.0,4,0.28597143,0.28716603,0.9227741,0.11946093,0.11946093,1.0,0.0011946093,0.01,-25.663853,2.0301435,0.67671454,0.16800001,0.0,0.13263813,0.0,0.0,3964800
hardzero_only__c0p50__z1p10__lam0p000__nu0p50__psi0p00,hardzero_only,0.01,33,1239,0.0,4,0.28716603,0.28825906,0.9613725,0.109301835,0.109301835,1.0,0.0010930183,0.01,-26.607473,2.1150618,0.7050206,0.208,0.0,0.13434735,0.0,0.0,3968000
hardzero_only__c0p50__z1p10__lam0p000__nu0p50__psi0p00,hardzero_only,0.01,33,1240,0.0,4,0.28825906,0.28939494,0.9446678,0.11358793,0.11358793,1.0,0.0011358793,0.01,-26.005013,2.0783107,0.69277024,0.18400002,0.0,0.16214746,0.0,0.0,3971200
hardzero_only__c0p50__z1p10__lam0p000__nu0p50__psi0p00,hardzero_only,0.01,33,1241,0.0,4,0.28939494,0.2904436,0.97936636,0.10486573,0.10486573,1.0,0.0010486572,0.01,-26.663837,2.154649,0.71821636,0.16800001,0.0,0.12590164,0.0,0.0,3974400
hardzero_only__c0p50__z1p10__lam0p000__nu0p50__psi0p00,hardzero_only,0.01,33,1242,0.0,4,0.2904436,0.29154417,0.95838594,0.11005608,0.11005608,1.0,0.0011005608,0.01,-27.092958,2.1084912,0.70283043,0.192,0.0,0.15760519,0.0,0.0,3977600
hardzero_only__c0p50__z1p10__lam0p000__nu0p50__psi0p00,hardzero_only,0.01,33,1243,0.0,4,0.29154417,0.29253364,1.0045999,0.09894641,0.09894641,1.0,0.000989464,0.01,-26.27015,2.210164,0.7367214,0.192,0.0,0.15539715,0.0,0.0,3980800
hardzero_only__c0p50__z1p10__lam0p000__nu0p50__psi0p00,hardzero_only,0.01,33,1244,0.0,4,0.29253364,0.29349765,1.0159149,0.09640178,0.09640178,1.0,0.00096401776,0.01,-27.450603,2.2350574,0.74501914,0.15200001,0.0,0.16327627,0.0,0.0,3984000
hardzero_only__c0p50__z1p10__lam0p000__nu0p50__psi0p00,hardzero_only,0.01,33,1245,0.0,4,0.29349765,0.2946231,0.948668,0.112546496,0.112546496,1.0,0.0011254649,0.01,-26.384487,2.0871112,0.69570374,0.14400001,0.0,0.1537328,0.0,0.0,3987200
hardzero_only__c0p50__z1p10__lam0p000__nu0p50__psi0p00,hardzero_only,0.01,33,1246,0.0,4,0.2946231,0.29576215,0.94346017,0.113904215,0.113904215,1.0,0.0011390421,0.01,-25.867504,2.0756538,0.69188464,0.224,0.0,0.12393527,0.0,0.0,3990400
hardzero_only__c0p50__z1p10__lam0p000__nu0p50__psi0p00,hardzero_only,0.01,33,1247,0.0,4,0.29576215,0.2967875,0.98913145,0.10253415,0.10253415,1.0,0.0010253415,0.01,-27.140896,2.1761327,0.72537756,0.208,0.0,0.18795243,0.0,0.0,3993600
hardzero_only__c0p50__z1p10__lam0p000__nu0p50__psi0p00,hardzero_only,0.01,33,1248,0.0,4,0.2967875,0.29782808,0.98272246,0.10405849,0.10405849,1.0,0.0010405849,0.01,-27.106142,2.1620326,0.72067755,0.17,0.0,0.15977374,0.0,0.0,3996800
hardzero_only__c0p50__z1p10__lam0p000__nu0p50__psi0p00,hardzero_only,0.01,33,1249,0.0,4,0.29782808,0.29905352,0.9117032,0.12254531,0.12254531,1.0,0.0012254531,0.01,-26.154882,2.0057871,0.66859573,0.17600001,0.0,0.1168129,0.0,0.0,4000000
