mechanism_tag,mechanism,alpha,seed,update,update_u,update_counter,energy_E_pre,energy_E_post,funding_z,funding_g,funding_g_raw,funding_cut_active,funding_income,funding_alpha_eff,episode_return_end_mean,terminal_min_dists_end_mean,terminal_dbar_end,terminal_occupied_end_mean,terminal_CSR_train,vartd_VarTD,depr_F,depr_F_post,env_steps
hardzero_plus_depr__c0p52__z1p00__lam0p030__nu0p50__psi0p75,hardzero_plus_depr,0.03,33,0,1.0,1,1.0,0.48000002,1.0589974,0.0,0.08729765,0.0,0.0,0.03,-27.979776,2.329841,0.77661365,0.13,0.0,0.16999096,0.0,0.0,3200
hardzero_plus_depr__c0p52__z1p00__lam0p030__nu0p50__psi0p75,hardzero_plus_depr,0.03,33,1,0.0,1,0.48000002,0.48000002,1.0330085,0.0,0.09268118,0.0,0.0,0.03,-27.69807,2.272664,0.7575547,0.136,0.0,0.17679247,0.0,0.03,6400
hardzero_plus_depr__c0p52__z1p00__lam0p030__nu0p50__psi0p75,hardzero_plus_depr,0.03,33,2,0.0,1,0.48000002,0.48000002,1.0681951,0.0,0.08546826,0.0,0.0,0.029332535,-28.263306,2.3500762,0.78335875,0.136,0.0,0.16946341,0.03,0.06,9600
hardzero_plus_depr__c0p52__z1p00__lam0p030__nu0p50__psi0p75,hardzero_plus_depr,0.03,33,3,0.0,1,0.48000002,0.48000002,1.0898097,0.0,0.081318684,0.0,0.0,0.028679926,-27.912682,2.397629,0.7992097,0.096,0.0,0.1608768,0.06,0.089999996,12800
hardzero_plus_depr__c0p52__z1p00__lam0p030__nu0p50__psi0p75,hardzero_plus_depr,0.03,33,4,0.0,1,0.48000002,0.48280603,0.99971735,0.10006511,0.10006511,1.0,0.002806009,0.028041832,-26.24902,2.1994221,0.7331407,0.120000005,0.0,0.16527367,0.089999996,0.12,16000
hardzero_plus_depr__c0p52__z1p00__lam0p030__nu0p50__psi0p75,hardzero_plus_depr,0.03,33,5,0.0,1,0.48280603,0.48280603,1.0013285,0.0,0.09969457,0.0,0.0,0.027417937,-27.16512,2.2029667,0.73432225,0.128,0.0,0.15339002,0.12,0.14999999,19200
hardzero_plus_depr__c0p52__z1p00__lam0p030__nu0p50__psi0p75,hardzero_plus_depr,0.03,33,6,0.0,1,0.48280603,0.48549208,0.9991469,0.10019662,0.10019662,1.0,0.002686063,0.026807921,-27.342846,2.198167,0.7327224,0.16800001,0.0,0.13046943,0.14999999,0.17999999,22400
hardzero_plus_depr__c0p52__z1p00__lam0p030__nu0p50__psi0p75,hardzero_plus_depr,0.03,33,7,0.0,1,0.48549208,0.48549208,1.049217,0.0,0.089285925,0.0,0.0,0.026211478,-27.557114,2.3083234,0.7694411,0.17600001,0.0,0.16982032,0.17999999,0.21,25600
hardzero_plus_depr__c0p52__z1p00__lam0p030__nu0p50__psi0p75,hardzero_plus_depr,0.03,33,8,0.0,1,0.48549208,0.48549208,1.0381944,0.0,0.09158104,0.0,0.0,0.025628304,-28.206205,2.2840734,0.7613578,0.192,0.0,0.1867958,0.21,0.24,28800
hardzero_plus_depr__c0p52__z1p00__lam0p030__nu0p50__psi0p75,hardzero_plus_depr,0.03,33,9,0.0,1,0.48549208,0.48801467,0.9971037,0.10066913,0.10066913,1.0,0.0025225778,0.025058106,-27.252432,2.193672,0.731224,0.128,0.0,0.16467625,0.24,0.26999998,32000
hardzero_plus_depr__c0p52__z1p00__lam0p030__nu0p50__psi0p75,hardzero_plus_depr,0.03,33,10,0.0,1,0.48801467,0.48801467,1.0146307,0.0,0.09668728,0.0,0.0,0.024500595,-28.362158,2.232232,0.7440774,0.16000001,0.0,0.1486604,0.26999998,0.29999998,35200
hardzero_plus_depr__c0p52__z1p00__lam0p030__nu0p50__psi0p75,hardzero_plus_depr,0.03,33,11,0.0,1,0.48801467,0.49044165,0.9943369,0.10131252,0.10131252,1.0,0.0024269908,0.023955487,-25.998514,2.1875849,0.729195,0.120000005,0.0,0.15144797,0.29999998,0.32999998,38400
hardzero_plus_depr__c0p52__z1p00__lam0p030__nu0p50__psi0p75,hardzero_plus_depr,0.03,33,12,0.0,1,0.49044165,0.49044165,1.0521417,0.0,0.08868666,0.0,0.0,0.023422506,-27.585146,2.3147578,0.77158594,0.16000001,0.0,0.18659566,0.32999998,0.35999998,41600
hardzero_plus_depr__c0p52__z1p00__lam0p030__nu0p50__psi0p75,hardzero_plus_depr,0.03,33,13,0.0,1,0.49044165,0.49044165,1.0571467,0.0,0.08767046,0.0,0.0,0.022901384,-27.40969,2.3257692,0.7752564,0.14,0.0,0.16742946,0.35999998,0.39,44800
hardzero_plus_depr__c0p52__z1p00__lam0p030__nu0p50__psi0p75,hardzero_plus_depr,0.03,33,14,0.0,1,0.49044165,0.49044165,1.0052675,0.0,0.09879444,0.0,0.0,0.022391858,-26.56192,2.2116327,0.7372109,0.16800001,0.0,0.13172854,0.39,0.42,48000
hardzero_plus_depr__c0p52__z1p00__lam0p030__nu0p50__psi0p75,hardzero_plus_depr,0.03,33,15,0.0,1,0.49044165,0.49044165,1.0924863,0.0,0.080819055,0.0,0.0,0.021893667,-27.972486,2.4035177,0.8011726,0.096,0.0,0.13876863,0.42,0.45,51200
hardzero_plus_depr__c0p52__z1p00__lam0p030__nu0p50__psi0p75,hardzero_plus_depr,0.03,33,16,0.0,1,0.49044165,0.49259138,0.99816424,0.10042359,0.10042359,1.0,0.0021497237,0.021406561,-26.62712,2.196005,0.7320017,0.16000001,0.0,0.17196079,0.45,0.48,54400
hardzero_plus_depr__c0p52__z1p00__lam0p030__nu0p50__psi0p75,hardzero_plus_depr,0.03,33,17,0.0,1,0.49259138,0.49259138,1.070837,0.0,0.08494991,0.0,0.0,0.02093029,-28.317947,2.3558886,0.7852962,0.120000005,0.0,0.18291496,0.48,0.51,57600
hardzero_plus_depr__c0p52__z1p00__lam0p030__nu0p50__psi0p75,hardzero_plus_depr,0.03,33,18,0.0,1,0.49259138,0.49259138,1.0592031,0.0,0.0872563,0.0,0.0,0.020464616,-27.761473,2.3302934,0.7767645,0.216,0.0,0.14382733,0.51,0.53999996,60800
hardzero_plus_depr__c0p52__z1p00__lam0p030__nu0p50__psi0p75,hardzero_plus_depr,0.03,33,19,0.0,1,0.49259138,0.49259138,1.0151839,0.0,0.09656419,0.0,0.0,0.020009305,-26.63935,2.2334492,0.7444831,0.128,0.0,0.16095622,0.53999996,0.56999993,64000
hardzero_plus_depr__c0p52__z1p00__lam0p030__nu0p50__psi0p75,hardzero_plus_depr,0.03,33,20,0.0,1,0.49259138,0.49468926,0.9696781,0.10723137,0.10723137,1.0,0.0020978877,0.019564122,-25.360792,2.1333344,0.7111115,0.2,0.0,0.13380353,0.56999993,0.5999999,67200
hardzero_plus_depr__c0p52__z1p00__lam0p030__nu0p50__psi0p75,hardzero_plus_depr,0.03,33,21,0.0,1,0.49468926,0.49468926,1.0782309,0.0,0.0835159,0.0,0.0,0.019128846,-28.07587,2.3721552,0.79071844,0.080000006,0.0,0.14293218,0.5999999,0.6299999,70400
hardzero_plus_depr__c0p52__z1p00__lam0p030__nu0p50__psi0p75,hardzero_plus_depr,0.03,33,22,0.0,1,0.49468926,0.49468926,1.0505315,0.0,0.089016095,0.0,0.0,0.018703252,-27.118868,2.3112154,0.7704052,0.16000001,0.0,0.14283042,0.6299999,0.65999985,73600
hardzero_plus_depr__c0p52__z1p00__lam0p030__nu0p50__psi0p75,hardzero_plus_depr,0.03,33,23,0.0,1,0.49468926,0.49468926,1.0129665,0.0,0.09705848,0.0,0.0,0.01828713,-26.220325,2.2285707,0.7428569,0.14400001,0.0,0.14839995,0.65999985,0.6899998,76800
hardzero_plus_depr__c0p52__z1p00__lam0p030__nu0p50__psi0p75,hardzero_plus_depr,0.03,33,24,0.0,1,0.49468926,0.49468926,1.0375679,0.0,0.09171326,0.0,0.0,0.017880263,-27.09418,2.2826948,0.7608983,0.18400002,0.0,0.14042184,0.6899998,0.7199998,80000
hardzero_plus_depr__c0p52__z1p00__lam0p030__nu0p50__psi0p75,hardzero_plus_depr,0.03,33,25,0.0,1,0.49468926,0.49468926,1.0149136,0.0,0.09662432,0.0,0.0,0.01748245,-27.07713,2.2328544,0.7442848,0.23200001,0.0,0.15431489,0.7199998,0.74999976,83200
hardzero_plus_depr__c0p52__z1p00__lam0p030__nu0p50__psi0p75,hardzero_plus_depr,0.03,33,26,0.0,1,0.49468926,0.49650395,0.9740245,0.10616357,0.10616357,1.0,0.0018147056,0.017093487,-26.312635,2.1428967,0.7142989,0.14999999,0.0,0.14120126,0.74999976,0.77999973,86400
hardzero_plus_depr__c0p52__z1p00__lam0p030__nu0p50__psi0p75,hardzero_plus_depr,0.03,33,27,0.0,1,0.49650395,0.4982462,0.9819505,0.10424361,0.10424361,1.0,0.0017422419,0.016713178,-26.923649,2.1603343,0.7201115,0.15200001,0.0,0.15167649,0.77999973,0.8099997,89600
hardzero_plus_depr__c0p52__z1p00__lam0p030__nu0p50__psi0p75,hardzero_plus_depr,0.03,33,28,0.0,1,0.4982462,0.49992427,0.9884751,0.102689244,0.102689244,1.0,0.0016780789,0.01634133,-27.129963,2.1746886,0.7248962,0.120000005,0.0,0.13121986,0.8099997,0.8399997,92800
hardzero_plus_depr__c0p52__z1p00__lam0p030__nu0p50__psi0p75,hardzero_plus_depr,0.03,33,29,0.0,1,0.49992427,0.5016003,0.9792318,0.10489824,0.10489824,1.0,0.0016760385,0.015977757,-26.747902,2.154353,0.71811765,0.120000005,0.0,0.14277156,0.8399997,0.86999965,96000
hardzero_plus_depr__c0p52__z1p00__lam0p030__nu0p50__psi0p75,hardzero_plus_depr,0.03,33,30,0.0,1,0.5016003,0.5032721,0.9705656,0.107012466,0.107012466,1.0,0.0016717778,0.015622272,-26.24178,2.135287,0.71176237,0.17600001,0.0,0.114053145,0.86999965,0.8999996,99200
hardzero_plus_depr__c0p52__z1p00__lam0p030__nu0p50__psi0p75,hardzero_plus_depr,0.03,33,31,0.0,1,0.5032721,0.50487906,0.9779671,0.10520415,0.10520415,1.0,0.0016069615,0.015274697,-26.63641,2.1515706,0.7171902,0.16800001,0.008,0.11687807,0.8999996,0.9299996,102400
hardzero_plus_depr__c0p52__z1p00__lam0p030__nu0p50__psi0p75,hardzero_plus_depr,0.03,33,32,0.0,1,0.50487906,0.5065014,0.96405846,0.10862794,0.10862794,1.0,0.0016223425,0.014934855,-26.202858,2.120971,0.70699036,0.18400002,0.0,0.16485593,0.9299996,0.95999956,105600
hardzero_plus_depr__c0p52__z1p00__lam0p030__nu0p50__psi0p75,hardzero_plus_depr,0.03,33,33,0.0,1,0.5065014,0.50813407,0.95152235,0.11180924,0.11180924,1.0,0.0016327025,0.014602573,-25.763487,2.093391,0.697797,0.208,0.0,0.1287006,0.95999956,0.98999953,108800
hardzero_plus_depr__c0p52__z1p00__lam0p030__nu0p50__psi0p75,hardzero_plus_depr,0.03,33,34,0.0,1,0.50813407,0.50813407,1.0604554,0.0,0.087005064,0.0,0.0,0.014277683,-27.719193,2.3330486,0.7776829,0.128,0.0,0.14460038,0.98999953,1.0199995,112000
hardzero_plus_depr__c0p52__z1p00__lam0p030__nu0p50__psi0p75,hardzero_plus_depr,0.03,33,35,0.0,1,0.50813407,0.50813407,1.0360878,0.0,0.09202636,0.0,0.0,0.013960023,-27.43097,2.2794385,0.75981283,0.14400001,0.0,0.14376989,1.0199995,1.0499995,115200
hardzero_plus_depr__c0p52__z1p00__lam0p030__nu0p50__psi0p75,hardzero_plus_depr,0.03,33,36,0.0,1,0.50813407,0.50813407,1.1275053,0.0,0.07455808,0.0,0.0,0.01364943,-29.67676,2.4805613,0.82685375,0.17600001,0.0,0.19844547,1.0499995,1.0799994,118400
hardzero_plus_depr__c0p52__z1p00__lam0p030__nu0p50__psi0p75,hardzero_plus_depr,0.03,33,37,0.0,1,0.50813407,0.50813407,1.0679619,0.0,0.08551416,0.0,0.0,0.013345747,-28.475466,2.3495631,0.78318775,0.16000001,0.0,0.17984816,1.0799994,1.1099994,121600
hardzero_plus_depr__c0p52__z1p00__lam0p030__nu0p50__psi0p75,hardzero_plus_depr,0.03,33,38,0.0,1,0.50813407,0.50813407,1.0569009,0.0,0.0877201,0.0,0.0,0.013048821,-27.794666,2.3252282,0.7750761,0.136,0.0,0.22195509,1.1099994,1.1399994,124800
hardzero_plus_depr__c0p52__z1p00__lam0p030__nu0p50__psi0p75,hardzero_plus_depr,0.03,33,39,0.0,1,0.50813407,0.50813407,1.0324616,0.0,0.09279795,0.0,0.0,0.012758502,-26.956648,2.271461,0.7571537,0.22999999,0.0,0.17108522,1.1399994,1.1699994,128000
hardzero_plus_depr__c0p52__z1p00__lam0p030__nu0p50__psi0p75,hardzero_plus_depr,0.03,33,40,0.0,1,0.50813407,0.50813407,1.0304321,0.0,0.093232624,0.0,0.0,0.01247464,-27.407732,2.266996,0.7556653,0.120000005,0.0,0.15719879,1.1699994,1.1999993,131200
hardzero_plus_depr__c0p52__z1p00__lam0p030__nu0p50__psi0p75,hardzero_plus_depr,0.03,33,41,0.0,1,0.50813407,0.50813407,1.1016577,0.0,0.0791302,0.0,0.0,0.012197096,-28.317951,2.4236956,0.8078985,0.064,0.0,0.167215,1.1999993,1.2299993,134400
hardzero_plus_depr__c0p52__z1p00__lam0p030__nu0p50__psi0p75,hardzero_plus_depr,0.03,33,42,0.0,1,0.50813407,0.50813407,1.1442487,0.0,0.07173833,0.0,0.0,0.011925726,-29.3371,2.5173974,0.8391325,0.14400001,0.0,0.19969523,1.2299993,1.2599993,137600
hardzero_plus_depr__c0p52__z1p00__lam0p030__nu0p50__psi0p75,hardzero_plus_depr,0.03,33,43,0.0,1,0.50813407,0.50813407,1.0233672,0.0,0.09476169,0.0,0.0,0.011660393,-26.573687,2.2514527,0.7504842,0.14400001,0.008,0.14427918,1.2599993,1.2899992,140800
hardzero_plus_depr__c0p52__z1p00__lam0p030__nu0p50__psi0p75,hardzero_plus_depr,0.03,33,44,0.0,1,0.50813407,0.50813407,1.0495954,0.0,0.08920817,0.0,0.0,0.011400964,-27.380863,2.309156,0.76971865,0.112,0.0,0.15227994,1.2899992,1.3199992,144000
hardzero_plus_depr__c0p52__z1p00__lam0p030__nu0p50__psi0p75,hardzero_plus_depr,0.03,33,45,0.0,1,0.50813407,0.50813407,1.014937,0.0,0.09661909,0.0,0.0,0.011147308,-26.84707,2.232906,0.74430203,0.16000001,0.0,0.12188182,1.3199992,1.3499992,147200
hardzero_plus_depr__c0p52__z1p00__lam0p030__nu0p50__psi0p75,hardzero_plus_depr,0.03,33,46,0.0,1,0.50813407,0.50813407,1.0511467,0.0,0.088890076,0.0,0.0,0.010899294,-27.17957,2.312569,0.7708563,0.192,0.0,0.17258798,1.3499992,1.3799992,150400
hardzero_plus_depr__c0p52__z1p00__lam0p030__nu0p50__psi0p75,hardzero_plus_depr,0.03,33,47,0.0,1,0.50813407,0.50813407,1.0291218,0.0,0.09351435,0.0,0.0,0.010656798,-26.27541,2.264113,0.75470436,0.128,0.0,0.18097344,1.3799992,1.4099991,153600
hardzero_plus_depr__c0p52__z1p00__lam0p030__nu0p50__psi0p75,hardzero_plus_depr,0.03,33,48,0.0,1,0.50813407,0.50813407,1.0243917,0.0,0.09453842,0.0,0.0,0.010419697,-28.283407,2.2537067,0.7512356,0.15200001,0.0,0.14932752,1.4099991,1.4399991,156800
hardzero_plus_depr__c0p52__z1p00__lam0p030__nu0p50__psi0p75,hardzero_plus_depr,0.03,33,49,0.0,1,0.50813407,0.50813407,1.0126997,0.0,0.09711812,0.0,0.0,0.010187872,-27.08279,2.227984,0.74266136,0.2,0.0,0.15401578,1.4399991,1.4699991,160000
hardzero_plus_depr__c0p52__z1p00__lam0p030__nu0p50__psi0p75,hardzero_plus_depr,0.03,33,50,0.0,1,0.50813407,0.50813407,1.0789644,0.0,0.08337496,0.0,0.0,0.009961206,-28.447832,2.373769,0.79125637,0.128,0.0,0.1750778,1.4699991,1.499999,163200
hardzero_plus_depr__c0p52__z1p00__lam0p030__nu0p50__psi0p75,hardzero_plus_depr,0.03,33,51,0.0,1,0.50813407,0.50813407,1.031749,0.0,0.09295034,0.0,0.0,0.009739581,-28.066248,2.2698932,0.7566311,0.2,0.0,0.18892016,1.499999,1.529999,166400
hardzero_plus_depr__c0p52__z1p00__lam0p030__nu0p50__psi0p75,hardzero_plus_depr,0.03,33,52,0.0,1,0.50813407,0.50813407,1.041361,0.0,0.09091572,0.0,0.0,0.009522887,-27.289843,2.29104,0.76368,0.14999999,0.0,0.1307814,1.529999,1.559999,169600
hardzero_plus_depr__c0p52__z1p00__lam0p030__nu0p50__psi0p75,hardzero_plus_depr,0.03,33,53,0.0,1,0.50813407,0.50813407,1.0031819,0.0,0.099270016,0.0,0.0,0.009311016,-27.340336,2.2070444,0.7356815,0.216,0.0,0.14514641,1.559999,1.589999,172800
hardzero_plus_depr__c0p52__z1p00__lam0p030__nu0p50__psi0p75,hardzero_plus_depr,0.03,33,54,0.0,1,0.50813407,0.5090826,0.98216623,0.104191855,0.104191855,1.0,0.00094854773,0.009103857,-26.294088,2.1608088,0.7202696,0.128,0.0,0.13814777,1.589999,1.6199989,176000
hardzero_plus_depr__c0p52__z1p00__lam0p030__nu0p50__psi0p75,hardzero_plus_depr,0.03,33,55,0.0,1,0.5090826,0.5090826,1.0375481,0.0,0.09171743,0.0,0.0,0.008901307,-26.844736,2.2826514,0.7608838,0.120000005,0.0,0.15720205,1.6199989,1.6499989,179200
hardzero_plus_depr__c0p52__z1p00__lam0p030__nu0p50__psi0p75,hardzero_plus_depr,0.03,33,56,0.0,1,0.5090826,0.5090826,1.0083122,0.0,0.09810424,0.0,0.0,0.0087032635,-26.741966,2.218331,0.7394437,0.128,0.0,0.1276361,1.6499989,1.6799989,182400
hardzero_plus_depr__c0p52__z1p00__lam0p030__nu0p50__psi0p75,hardzero_plus_depr,0.03,33,57,0.0,1,0.5090826,0.5090826,1.0534089,0.0,0.08842827,0.0,0.0,0.008509628,-27.731075,2.317546,0.7725153,0.128,0.0,0.14153962,1.6799989,1.7099988,185600
hardzero_plus_depr__c0p52__z1p00__lam0p030__nu0p50__psi0p75,hardzero_plus_depr,0.03,33,58,0.0,1,0.5090826,0.5090826,1.0671159,0.0,0.08568091,0.0,0.0,0.0083203,-27.763866,2.3477018,0.78256726,0.128,0.0,0.15138926,1.7099988,1.7399988,188800
hardzero_plus_depr__c0p52__z1p00__lam0p030__nu0p50__psi0p75,hardzero_plus_depr,0.03,33,59,0.0,1,0.5090826,0.5090826,1.0116167,0.0,0.09736062,0.0,0.0,0.008135184,-26.866951,2.2256012,0.74186707,0.14400001,0.0,0.12076705,1.7399988,1.7699988,192000
hardzero_plus_depr__c0p52__z1p00__lam0p030__nu0p50__psi0p75,hardzero_plus_depr,0.03,33,60,0.0,1,0.5090826,0.5090826,1.022767,0.0,0.09489276,0.0,0.0,0.007954186,-26.620079,2.2501323,0.7500441,0.16800001,0.0,0.14863327,1.7699988,1.7999988,195200
hardzero_plus_depr__c0p52__z1p00__lam0p030__nu0p50__psi0p75,hardzero_plus_depr,0.03,33,61,0.0,1,0.5090826,0.5099491,0.9530732,0.11141068,0.11141068,1.0,0.0008664647,0.007777214,-25.72956,2.096803,0.6989343,0.24800001,0.0,0.11758271,1.7999988,1.8299987,198400
hardzero_plus_depr__c0p52__z1p00__lam0p030__nu0p50__psi0p75,hardzero_plus_depr,0.03,33,62,0.0,1,0.5099491,0.5099491,1.0394355,0.0,0.0913197,0.0,0.0,0.007604182,-27.451319,2.2868037,0.76226795,0.16800001,0.0,0.1586919,1.8299987,1.8599987,201600
hardzero_plus_depr__c0p52__z1p00__lam0p030__nu0p50__psi0p75,hardzero_plus_depr,0.03,33,63,0.0,1,0.5099491,0.5099491,1.0067406,0.0,0.0984599,0.0,0.0,0.0074349977,-27.096848,2.2148736,0.7382912,0.16000001,0.0,0.14622031,1.8599987,1.8899987,204800
hardzero_plus_depr__c0p52__z1p00__lam0p030__nu0p50__psi0p75,hardzero_plus_depr,0.03,33,64,0.0,1,0.5099491,0.5099491,1.0912192,0.0,0.081055194,0.0,0.0,0.0072695785,-28.728516,2.4007301,0.8002434,0.136,0.0,0.18358746,1.8899987,1.9199986,208000
hardzero_plus_depr__c0p52__z1p00__lam0p030__nu0p50__psi0p75,hardzero_plus_depr,0.03,33,65,0.0,1,0.5099491,0.5099491,1.0083553,0.0,0.098094516,0.0,0.0,0.0071078404,-27.237362,2.2184258,0.73947525,0.099999994,0.0,0.14743768,1.9199986,1.9499986,211200
hardzero_plus_depr__c0p52__z1p00__lam0p030__nu0p50__psi0p75,hardzero_plus_depr,0.03,33,66,0.0,1,0.5099491,0.5099491,1.0513753,0.0,0.088843316,0.0,0.0,0.0069497,-27.886658,2.3130717,0.7710239,0.104,0.0,0.14019944,1.9499986,1.9799986,214400
hardzero_plus_depr__c0p52__z1p00__lam0p030__nu0p50__psi0p75,hardzero_plus_depr,0.03,33,67,0.0,1,0.5099491,0.51065993,0.9804128,0.104613364,0.104613364,1.0,0.0007108559,0.006795077,-26.318306,2.1569512,0.71898377,0.14400001,0.0,0.12385303,1.9799986,2.0099986,217600
hardzero_plus_depr__c0p52__z1p00__lam0p030__nu0p50__psi0p75,hardzero_plus_depr,0.03,33,68,0.0,1,0.51065993,0.51065993,1.0704921,0.0,0.0850174,0.0,0.0,0.006643895,-27.067501,2.3551297,0.78504324,0.128,0.0,0.15196918,2.0099986,2.0399985,220800
hardzero_plus_depr__c0p52__z1p00__lam0p030__nu0p50__psi0p75,hardzero_plus_depr,0.03,33,69,0.0,1,0.51065993,0.51065993,1.0500454,0.0,0.08911579,0.0,0.0,0.0064960774,-27.971785,2.3101459,0.7700486,0.16000001,0.0,0.16740637,2.0399985,2.0699985,224000
hardzero_plus_depr__c0p52__z1p00__lam0p030__nu0p50__psi0p75,hardzero_plus_depr,0.03,33,70,0.0,1,0.51065993,0.5113052,0.993116,0.101597734,0.101597734,1.0,0.0006453029,0.006351548,-27.134932,2.1848989,0.7282996,0.15200001,0.0,0.15241499,2.0699985,2.0999985,227200
hardzero_plus_depr__c0p52__z1p00__lam0p030__nu0p50__psi0p75,hardzero_plus_depr,0.03,33,71,0.0,1,0.5113052,0.5113052,1.0067801,0.0,0.09845093,0.0,0.0,0.006210233,-27.409271,2.2149606,0.73832023,0.16800001,0.0,0.14156727,2.0999985,2.1299984,230400
hardzero_plus_depr__c0p52__z1p00__lam0p030__nu0p50__psi0p75,hardzero_plus_depr,0.03,33,72,0.0,1,0.5113052,0.5113052,1.0704902,0.0,0.08501776,0.0,0.0,0.0060720635,-28.768604,2.3551254,0.7850418,0.120000005,0.0,0.12648493,2.1299984,2.1599984,233600
hardzero_plus_depr__c0p52__z1p00__lam0p030__nu0p50__psi0p75,hardzero_plus_depr,0.03,33,73,0.0,1,0.5113052,0.5119882,0.9391244,0.115047075,0.115047075,1.0,0.0006830308,0.005936968,-25.666363,2.066115,0.68870497,0.2,0.0,0.13637488,2.1599984,2.1899984,236800
hardzero_plus_depr__c0p52__z1p00__lam0p030__nu0p50__psi0p75,hardzero_plus_depr,0.03,33,74,0.0,1,0.5119882,0.512583,0.9894203,0.10246597,0.10246597,1.0,0.0005948025,0.005804878,-26.656693,2.176768,0.7255894,0.112,0.0,0.13409112,2.1899984,2.2199984,240000
hardzero_plus_depr__c0p52__z1p00__lam0p030__nu0p50__psi0p75,hardzero_plus_depr,0.03,33,75,0.0,1,0.512583,0.512583,1.0618174,0.0,0.08673263,0.0,0.0,0.005675726,-27.55166,2.336045,0.7786817,0.104,0.0,0.16720268,2.2199984,2.2499983,243200
hardzero_plus_depr__c0p52__z1p00__lam0p030__nu0p50__psi0p75,hardzero_plus_depr,0.03,33,76,0.0,1,0.512583,0.512583,1.0421336,0.0,0.09075414,0.0,0.0,0.005549448,-28.039318,2.2927396,0.7642466,0.16800001,0.0,0.13280207,2.2499983,2.2799983,246400
hardzero_plus_depr__c0p52__z1p00__lam0p030__nu0p50__psi0p75,hardzero_plus_depr,0.03,33,77,0.0,1,0.512583,0.5131783,0.9597471,0.109711684,0.109711684,1.0,0.0005952935,0.005425981,-25.641249,2.1114857,0.7038286,0.120000005,0.0,0.14578974,2.2799983,2.3099983,249600
hardzero_plus_depr__c0p52__z1p00__lam0p030__nu0p50__psi0p75,hardzero_plus_depr,0.03,33,78,0.0,1,0.5131783,0.5131783,1.0425438,0.0,0.09066845,0.0,0.0,0.0053052595,-27.934855,2.293642,0.76454735,0.14999999,0.0,0.17011476,2.3099983,2.3399982,252800
hardzero_plus_depr__c0p52__z1p00__lam0p030__nu0p50__psi0p75,hardzero_plus_depr,0.03,33,79,0.0,1,0.5131783,0.5131783,1.066599,0.0,0.085782945,0.0,0.0,0.005187224,-28.402884,2.3465648,0.7821883,0.17600001,0.0,0.16668637,2.3399982,2.3699982,256000
hardzero_plus_depr__c0p52__z1p00__lam0p030__nu0p50__psi0p75,hardzero_plus_depr,0.03,33,80,0.0,1,0.5131783,0.5131783,1.0128115,0.0,0.097093105,0.0,0.0,0.005071814,-26.868973,2.2282298,0.74274325,0.216,0.0,0.14357905,2.3699982,2.3999982,259200
hardzero_plus_depr__c0p52__z1p00__lam0p030__nu0p50__psi0p75,hardzero_plus_depr,0.03,33,81,0.0,1,0.5131783,0.5131783,1.0616428,0.0,0.086767524,0.0,0.0,0.0049589733,-27.89015,2.3356607,0.7785536,0.16000001,0.0,0.15144905,2.3999982,2.4299982,262400
hardzero_plus_depr__c0p52__z1p00__lam0p030__nu0p50__psi0p75,hardzero_plus_depr,0.03,33,82,0.0,1,0.5131783,0.5131783,1.0239367,0.0,0.0946375,0.0,0.0,0.004848643,-27.303959,2.2527058,0.75090194,0.120000005,0.0,0.14122255,2.4299982,2.4599981,265600
hardzero_plus_depr__c0p52__z1p00__lam0p030__nu0p50__psi0p75,hardzero_plus_depr,0.03,33,83,0.0,1,0.5131783,0.5131783,1.0077385,0.0,0.09823393,0.0,0.0,0.0047407662,-26.846306,2.217069,0.739023,0.120000005,0.0,0.14940849,2.4599981,2.489998,268800
hardzero_plus_depr__c0p52__z1p00__lam0p030__nu0p50__psi0p75,hardzero_plus_depr,0.03,33,84,0.0,1,0.5131783,0.5131783,1.0789974,0.0,0.08336863,0.0,0.0,0.00463529,-27.469423,2.3738415,0.7912805,0.16000001,0.0,0.13685885,2.489998,2.519998,272000
hardzero_plus_depr__c0p52__z1p00__lam0p030__nu0p50__psi0p75,hardzero_plus_depr,0.03,33,85,0.0,1,0.5131783,0.5131783,1.0575773,0.0,0.087583594,0.0,0.0,0.0045321607,-28.490244,2.3267164,0.7755722,0.14400001,0.0,0.16520333,2.519998,2.549998,275200
hardzero_plus_depr__c0p52__z1p00__lam0p030__nu0p50__psi0p75,hardzero_plus_depr,0.03,33,86,0.0,1,0.5131783,0.5131783,1.0103729,0.0,0.09763984,0.0,0.0,0.004431326,-27.216778,2.2228646,0.7409549,0.14400001,0.0,0.14310451,2.549998,2.579998,278400
hardzero_plus_depr__c0p52__z1p00__lam0p030__nu0p50__psi0p75,hardzero_plus_depr,0.03,33,87,0.0,1,0.5131783,0.5131783,1.0485674,0.0,0.089419566,0.0,0.0,0.0043327343,-27.584782,2.3068943,0.76896477,0.192,0.0,0.16073306,2.579998,2.609998,281600
hardzero_plus_depr__c0p52__z1p00__lam0p030__nu0p50__psi0p75,hardzero_plus_depr,0.03,33,88,0.0,1,0.5131783,0.5131783,1.0890297,0.0,0.08146485,0.0,0.0,0.0042363363,-28.401217,2.3959131,0.79863775,0.072000004,0.0,0.17640091,2.609998,2.639998,284800
hardzero_plus_depr__c0p52__z1p00__lam0p030__nu0p50__psi0p75,hardzero_plus_depr,0.03,33,89,0.0,1,0.5131783,0.5131783,1.0784031,0.0,0.08348277,0.0,0.0,0.004142083,-27.765661,2.3725343,0.7908448,0.16800001,0.0,0.17272031,2.639998,2.669998,288000
hardzero_plus_depr__c0p52__z1p00__lam0p030__nu0p50__psi0p75,hardzero_plus_depr,0.03,33,90,0.0,1,0.5131783,0.5131783,1.0443931,0.0,0.090283185,0.0,0.0,0.0040499275,-27.88826,2.2977107,0.7659036,0.16000001,0.0,0.17764963,2.669998,2.699998,291200
hardzero_plus_depr__c0p52__z1p00__lam0p030__nu0p50__psi0p75,hardzero_plus_depr,0.03,33,91,0.0,1,0.5131783,0.5131783,1.0695077,0.0,0.08521032,0.0,0.0,0.0039598215,-27.646486,2.352964,0.7843213,0.21,0.0,0.1624845,2.699998,2.7299979,294400
hardzero_plus_depr__c0p52__z1p00__lam0p030__nu0p50__psi0p75,hardzero_plus_depr,0.03,33,92,0.0,1,0.5131783,0.5131783,1.0186653,0.0,0.095793195,0.0,0.0,0.0038717203,-27.233688,2.2411084,0.74703616,0.17600001,0.0,0.14598985,2.7299979,2.7599978,297600
hardzero_plus_depr__c0p52__z1p00__lam0p030__nu0p50__psi0p75,hardzero_plus_depr,0.03,33,93,0.0,1,0.5131783,0.5131783,1.0270057,0.0,0.093971096,0.0,0.0,0.00378558,-27.813269,2.2594576,0.75315255,0.112,0.0,0.14034843,2.7599978,2.7899978,300800
hardzero_plus_depr__c0p52__z1p00__lam0p030__nu0p50__psi0p75,hardzero_plus_depr,0.03,33,94,0.0,1,0.5131783,0.5131783,1.0286696,0.0,0.09361174,0.0,0.0,0.0037013553,-28.056396,2.2631183,0.7543728,0.192,0.008,0.17640427,2.7899978,2.8199978,304000
hardzero_plus_depr__c0p52__z1p00__lam0p030__nu0p50__psi0p75,hardzero_plus_depr,0.03,33,95,0.0,1,0.5131783,0.5131783,1.0008408,0.0,0.099806584,0.0,0.0,0.0036190047,-26.85836,2.2018938,0.7339646,0.208,0.0,0.15155707,2.8199978,2.8499978,307200
hardzero_plus_depr__c0p52__z1p00__lam0p030__nu0p50__psi0p75,hardzero_plus_depr,0.03,33,96,0.0,1,0.5131783,0.5131783,1.0307105,0.0,0.09317287,0.0,0.0,0.003538486,-27.043236,2.2676082,0.7558694,0.14400001,0.0,0.12950526,2.8499978,2.8799977,310400
hardzero_plus_depr__c0p52__z1p00__lam0p030__nu0p50__psi0p75,hardzero_plus_depr,0.03,33,97,0.0,1,0.5131783,0.5131783,1.0323719,0.0,0.09281713,0.0,0.0,0.003459759,-27.956383,2.2712634,0.7570878,0.15200001,0.0,0.15595442,2.8799977,2.9099977,313600
hardzero_plus_depr__c0p52__z1p00__lam0p030__nu0p50__psi0p75,hardzero_plus_depr,0.03,33,98,0.0,1,0.5131783,0.5131783,1.0515496,0.0,0.088807665,0.0,0.0,0.0033827845,-27.441235,2.313455,0.7711517,0.216,0.0,0.20012863,2.9099977,2.9399977,316800
hardzero_plus_depr__c0p52__z1p00__lam0p030__nu0p50__psi0p75,hardzero_plus_depr,0.03,33,99,0.0,1,0.5131783,0.5131783,1.0686378,0.0,0.08538117,0.0,0.0,0.0033075216,-28.24821,2.3510501,0.7836834,0.16800001,0.0,0.1447079,2.9399977,2.9699976,320000
hardzero_plus_depr__c0p52__z1p00__lam0p030__nu0p50__psi0p75,hardzero_plus_depr,0.03,33,100,0.0,1,0.5131783,0.51350576,0.9945817,0.10125543,0.10125543,1.0,0.0003274533,0.0032339331,-26.278484,2.1881235,0.7293745,0.120000005,0.0,0.13972552,2.9699976,2.9999976,323200
hardzero_plus_depr__c0p52__z1p00__lam0p030__nu0p50__psi0p75,hardzero_plus_depr,0.03,33,101,0.0,1,0.51350576,0.51350576,1.0311844,0.0,0.09307126,0.0,0.0,0.0031619829,-28.15295,2.268651,0.756217,0.18400002,0.0,0.19778478,2.9999976,3.0299976,326400
hardzero_plus_depr__c0p52__z1p00__lam0p030__nu0p50__psi0p75,hardzero_plus_depr,0.03,33,102,0.0,1,0.51350576,0.513817,0.9970649,0.10067813,0.10067813,1.0,0.0003112598,0.0030916326,-26.716587,2.1935866,0.73119557,0.128,0.0,0.15867737,3.0299976,3.0599976,329600
hardzero_plus_depr__c0p52__z1p00__lam0p030__nu0p50__psi0p75,hardzero_plus_depr,0.03,33,103,0.0,1,0.513817,0.513817,1.0418603,0.0,0.09081126,0.0,0.0,0.0030228472,-27.450119,2.2921386,0.7640462,0.112,0.0,0.14894584,3.0599976,3.0899975,332800
hardzero_plus_depr__c0p52__z1p00__lam0p030__nu0p50__psi0p75,hardzero_plus_depr,0.03,33,104,0.0,1,0.513817,0.513817,1.0292423,0.0,0.0934884,0.0,0.0,0.0029555925,-26.972065,2.2643783,0.7547928,0.13,0.0,0.14832313,3.0899975,3.1199975,336000
hardzero_plus_depr__c0p52__z1p00__lam0p030__nu0p50__psi0p75,hardzero_plus_depr,0.03,33,105,0.0,1,0.513817,0.513817,1.0552578,0.0,0.08805259,0.0,0.0,0.002889834,-28.68233,2.3216136,0.7738712,0.16000001,0.0,0.18787183,3.1199975,3.1499975,339200
hardzero_plus_depr__c0p52__z1p00__lam0p030__nu0p50__psi0p75,hardzero_plus_depr,0.03,33,106,0.0,1,0.513817,0.5141083,0.98676497,0.1030944,0.1030944,1.0,0.0002912973,0.0028255396,-26.963066,2.1709263,0.7236421,0.16000001,0.0,0.14515658,3.1499975,3.1799974,342400
hardzero_plus_depr__c0p52__z1p00__lam0p030__nu0p50__psi0p75,hardzero_plus_depr,0.03,33,107,0.0,1,0.5141083,0.5141083,1.0880877,0.0,0.08164175,0.0,0.0,0.0027626746,-27.976864,2.3938408,0.79794693,0.096,0.0,0.15376714,3.1799974,3.2099974,345600
hardzero_plus_depr__c0p52__z1p00__lam0p030__nu0p50__psi0p75,hardzero_plus_depr,0.03,33,108,0.0,1,0.5141083,0.5141083,1.0008084,0.0,0.099814035,0.0,0.0,0.0027012085,-27.122019,2.2018223,0.7339408,0.096,0.0,0.14852482,3.2099974,3.2399974,348800
hardzero_plus_depr__c0p52__z1p00__lam0p030__nu0p50__psi0p75,hardzero_plus_depr,0.03,33,109,0.0,1,0.5141083,0.5141083,1.0190624,0.0,0.09570564,0.0,0.0,0.0026411104,-26.871002,2.241982,0.7473273,0.128,0.0,0.13655454,3.2399974,3.2699974,352000
hardzero_plus_depr__c0p52__z1p00__lam0p030__nu0p50__psi0p75,hardzero_plus_depr,0.03,33,110,0.0,1,0.5141083,0.5141083,1.0088686,0.0,0.09797865,0.0,0.0,0.0025823489,-26.502724,2.2195551,0.7398517,0.2,0.0,0.13769422,3.2699974,3.2999973,355200
hardzero_plus_depr__c0p52__z1p00__lam0p030__nu0p50__psi0p75,hardzero_plus_depr,0.03,33,111,0.0,1,0.5141083,0.5141083,1.0264453,0.0,0.09409243,0.0,0.0,0.0025248947,-26.880993,2.2582247,0.7527416,0.096,0.0,0.13167824,3.2999973,3.3299973,358400
hardzero_plus_depr__c0p52__z1p00__lam0p030__nu0p50__psi0p75,hardzero_plus_depr,0.03,33,112,0.0,1,0.5141083,0.5141083,1.0493451,0.0,0.08925958,0.0,0.0,0.0024687187,-27.062588,2.3086054,0.7695352,0.16800001,0.0,0.15374291,3.3299973,3.3599973,361600
hardzero_plus_depr__c0p52__z1p00__lam0p030__nu0p50__psi0p75,hardzero_plus_depr,0.03,33,113,0.0,1,0.5141083,0.5141083,1.0317637,0.0,0.09294721,0.0,0.0,0.002413793,-27.442211,2.2699254,0.7566418,0.136,0.0,0.13927683,3.3599973,3.3899972,364800
hardzero_plus_depr__c0p52__z1p00__lam0p030__nu0p50__psi0p75,hardzero_plus_depr,0.03,33,114,0.0,1,0.5141083,0.5143721,0.95159906,0.11178949,0.11178949,1.0,0.00026383315,0.0023600892,-26.045776,2.0935597,0.69785327,0.24800001,0.0,0.14184423,3.3899972,3.4199972,368000
hardzero_plus_depr__c0p52__z1p00__lam0p030__nu0p50__psi0p75,hardzero_plus_depr,0.03,33,115,0.0,1,0.5143721,0.5143721,1.0315982,0.0,0.09298263,0.0,0.0,0.00230758,-28.260479,2.2695613,0.75652045,0.17600001,0.008,0.16277345,3.4199972,3.4499972,371200
hardzero_plus_depr__c0p52__z1p00__lam0p030__nu0p50__psi0p75,hardzero_plus_depr,0.03,33,116,0.0,1,0.5143721,0.5143721,1.0170213,0.0,0.096156515,0.0,0.0,0.0022562393,-26.638338,2.2374916,0.74583054,0.18400002,0.0,0.15083121,3.4499972,3.4799972,374400
hardzero_plus_depr__c0p52__z1p00__lam0p030__nu0p50__psi0p75,hardzero_plus_depr,0.03,33,117,0.0,1,0.5143721,0.5143721,1.0612357,0.0,0.08684891,0.0,0.0,0.0022060412,-27.980553,2.3347652,0.7782551,0.12,0.0,0.14603671,3.4799972,3.5099971,377600
hardzero_plus_depr__c0p52__z1p00__lam0p030__nu0p50__psi0p75,hardzero_plus_depr,0.03,33,118,0.0,1,0.5143721,0.5143721,1.0024105,0.0,0.0994465,0.0,0.0,0.0021569596,-26.604437,2.2053473,0.73511577,0.096,0.0,0.16152461,3.5099971,3.539997,380800
hardzero_plus_depr__c0p52__z1p00__lam0p030__nu0p50__psi0p75,hardzero_plus_depr,0.03,33,119,0.0,1,0.5143721,0.5143721,1.0170505,0.0,0.09615005,0.0,0.0,0.0021089697,-27.29843,2.2375557,0.74585193,0.120000005,0.0,0.12682396,3.539997,3.569997,384000
hardzero_plus_depr__c0p52__z1p00__lam0p030__nu0p50__psi0p75,hardzero_plus_depr,0.03,33,120,0.0,1,0.5143721,0.5143721,1.0420616,0.0,0.09076917,0.0,0.0,0.0020620478,-26.903894,2.2925813,0.7641938,0.112,0.0,0.11990166,3.569997,3.599997,387200
hardzero_plus_depr__c0p52__z1p00__lam0p030__nu0p50__psi0p75,hardzero_plus_depr,0.03,33,121,0.0,1,0.5143721,0.5143721,1.0439919,0.0,0.09036662,0.0,0.0,0.0020161695,-27.835522,2.296828,0.7656094,0.14400001,0.0,0.16683428,3.599997,3.629997,390400
hardzero_plus_depr__c0p52__z1p00__lam0p030__nu0p50__psi0p75,hardzero_plus_depr,0.03,33,122,0.0,1,0.5143721,0.51457256,0.99269044,0.10169733,0.10169733,1.0,0.00020047725,0.0019713128,-25.85487,2.1839626,0.7279875,0.16800001,0.0,0.13634999,3.629997,3.659997,393600
hardzero_plus_depr__c0p52__z1p00__lam0p030__nu0p50__psi0p75,hardzero_plus_depr,0.03,33,123,0.0,1,0.51457256,0.51457256,1.0171273,0.0,0.09613304,0.0,0.0,0.0019274532,-27.825134,2.2377248,0.74590826,0.136,0.0,0.12427335,3.659997,3.689997,396800
hardzero_plus_depr__c0p52__z1p00__lam0p030__nu0p50__psi0p75,hardzero_plus_depr,0.03,33,124,0.0,1,0.51457256,0.51457256,1.0113373,0.0,0.09742326,0.0,0.0,0.0018845699,-27.185884,2.2249863,0.74166214,0.2,0.0,0.14261541,3.689997,3.719997,400000
hardzero_plus_depr__c0p52__z1p00__lam0p030__nu0p50__psi0p75,hardzero_plus_depr,0.03,33,125,0.0,1,0.51457256,0.51457256,1.0291015,0.0,0.0935187,0.0,0.0,0.0018426408,-27.883951,2.2640684,0.75468946,0.14400001,0.0,0.19247104,3.719997,3.749997,403200
hardzero_plus_depr__c0p52__z1p00__lam0p030__nu0p50__psi0p75,hardzero_plus_depr,0.03,33,126,0.0,1,0.51457256,0.51457256,1.0306954,0.0,0.0931761,0.0,0.0,0.0018016443,-27.006481,2.2675753,0.7558584,0.16000001,0.0,0.14994572,3.749997,3.7799969,406400
hardzero_plus_depr__c0p52__z1p00__lam0p030__nu0p50__psi0p75,hardzero_plus_depr,0.03,33,127,0.0,1,0.51457256,0.51457256,1.0435034,0.0,0.090468325,0.0,0.0,0.0017615599,-27.54025,2.2957532,0.7652511,0.14400001,0.0,0.14262411,3.7799969,3.8099968,409600
hardzero_plus_depr__c0p52__z1p00__lam0p030__nu0p50__psi0p75,hardzero_plus_depr,0.03,33,128,0.0,1,0.51457256,0.51457256,1.005158,0.0,0.09881937,0.0,0.0,0.0017223672,-26.609365,2.2113917,0.7371306,0.16000001,0.0,0.15426399,3.8099968,3.8399968,412800
hardzero_plus_depr__c0p52__z1p00__lam0p030__nu0p50__psi0p75,hardzero_plus_depr,0.03,33,129,0.0,1,0.51457256,0.51457256,1.0758259,0.0,0.08397965,0.0,0.0,0.0016840467,-28.682156,2.3668642,0.78895473,0.128,0.0,0.14110719,3.8399968,3.8699968,416000
hardzero_plus_depr__c0p52__z1p00__lam0p030__nu0p50__psi0p75,hardzero_plus_depr,0.03,33,130,0.0,1,0.51457256,0.51457256,1.0387247,0.0,0.09146929,0.0,0.0,0.0016465791,-27.6398,2.28524,0.76174664,0.16,0.0,0.16497356,3.8699968,3.8999968,419200
hardzero_plus_depr__c0p52__z1p00__lam0p030__nu0p50__psi0p75,hardzero_plus_depr,0.03,33,131,0.0,1,0.51457256,0.51457256,1.0178903,0.0,0.0959643,0.0,0.0,0.0016099446,-26.420975,2.2394035,0.7464678,0.128,0.0,0.14299217,3.8999968,3.9299967,422400
hardzero_plus_depr__c0p52__z1p00__lam0p030__nu0p50__psi0p75,hardzero_plus_depr,0.03,33,132,0.0,1,0.51457256,0.51457256,1.0150237,0.0,0.09659981,0.0,0.0,0.0015741253,-26.543653,2.2330968,0.74436563,0.15200001,0.0,0.13650401,3.9299967,3.9599967,425600
hardzero_plus_depr__c0p52__z1p00__lam0p030__nu0p50__psi0p75,hardzero_plus_depr,0.03,33,133,0.0,1,0.51457256,0.51457256,1.0187073,0.0,0.09578394,0.0,0.0,0.0015391033,-27.165083,2.2412007,0.7470669,0.192,0.0,0.14114687,3.9599967,3.9899967,428800
hardzero_plus_depr__c0p52__z1p00__lam0p030__nu0p50__psi0p75,hardzero_plus_depr,0.03,33,134,0.0,1,0.51457256,0.51457256,1.0486296,0.0,0.08940675,0.0,0.0,0.0015048601,-27.822456,2.3070312,0.7690104,0.16000001,0.0,0.14804967,3.9899967,4.0199966,432000
hardzero_plus_depr__c0p52__z1p00__lam0p030__nu0p50__psi0p75,hardzero_plus_depr,0.03,33,135,0.0,1,0.51457256,0.51457256,1.0395944,0.0,0.09128629,0.0,0.0,0.0014713788,-26.835327,2.2871532,0.7623844,0.16800001,0.0,0.16722159,4.0199966,4.049997,435200
hardzero_plus_depr__c0p52__z1p00__lam0p030__nu0p50__psi0p75,hardzero_plus_depr,0.03,33,136,0.0,1,0.51457256,0.51457256,1.0111226,0.0,0.097471446,0.0,0.0,0.0014386425,-26.524826,2.224514,0.74150467,0.216,0.0,0.14840047,4.049997,4.079997,438400
hardzero_plus_depr__c0p52__z1p00__lam0p030__nu0p50__psi0p75,hardzero_plus_depr,0.03,33,137,0.0,1,0.51457256,0.5147172,0.9878849,0.10282889,0.10282889,1.0,0.00014464262,0.001406634,-25.937263,2.1733902,0.7244634,0.15200001,0.0,0.13581899,4.079997,4.1099973,441600
hardzero_plus_depr__c0p52__z1p00__lam0p030__nu0p50__psi0p75,hardzero_plus_depr,0.03,33,138,0.0,1,0.5147172,0.5147172,1.0403247,0.0,0.09113293,0.0,0.0,0.0013753377,-27.480139,2.28876,0.76292,0.15200001,0.0,0.15853557,4.1099973,4.1399975,444800
hardzero_plus_depr__c0p52__z1p00__lam0p030__nu0p50__psi0p75,hardzero_plus_depr,0.03,33,139,0.0,1,0.5147172,0.5147172,1.0098501,0.0,0.097757444,0.0,0.0,0.0013447382,-27.068974,2.2217147,0.7405716,0.17600001,0.0,0.14307289,4.1399975,4.1699977,448000
hardzero_plus_depr__c0p52__z1p00__lam0p030__nu0p50__psi0p75,hardzero_plus_depr,0.03,33,140,0.0,1,0.5147172,0.5147172,1.0200497,0.0,0.095488325,0.0,0.0,0.0013148193,-27.786705,2.2441542,0.7480514,0.192,0.0,0.16349036,4.1699977,4.199998,451200
hardzero_plus_depr__c0p52__z1p00__lam0p030__nu0p50__psi0p75,hardzero_plus_depr,0.03,33,141,0.0,1,0.5147172,0.51485586,0.9672536,0.10783168,0.10783168,1.0,0.00013862472,0.0012855658,-26.446884,2.1280005,0.70933354,0.2,0.0,0.13616015,4.199998,4.229998,454400
hardzero_plus_depr__c0p52__z1p00__lam0p030__nu0p50__psi0p75,hardzero_plus_depr,0.03,33,142,0.0,1,0.51485586,0.51498485,0.98881674,0.10260848,0.10260848,1.0,0.00012897508,0.0012569632,-27.048302,2.1754403,0.7251468,0.24800001,0.0,0.15520303,4.229998,4.2599983,457600
hardzero_plus_depr__c0p52__z1p00__lam0p030__nu0p50__psi0p75,hardzero_plus_depr,0.03,33,143,0.0,1,0.51498485,0.51498485,1.0544274,0.0,0.08822112,0.0,0.0,0.0012289973,-27.93138,2.3197865,0.7732622,0.14999999,0.0,0.14080705,4.2599983,4.2899985,460800
hardzero_plus_depr__c0p52__z1p00__lam0p030__nu0p50__psi0p75,hardzero_plus_depr,0.03,33,144,0.0,1,0.51498485,0.5151128,0.9726925,0.10648967,0.10648967,1.0,0.0001279637,0.0012016536,-25.877743,2.1399662,0.7133221,0.2,0.0,0.12294202,4.2899985,4.3199987,464000
hardzero_plus_depr__c0p52__z1p00__lam0p030__nu0p50__psi0p75,hardzero_plus_depr,0.03,33,145,0.0,1,0.5151128,0.5151128,1.0538546,0.0,0.088337556,0.0,0.0,0.0011749179,-27.540392,2.3185263,0.7728421,0.128,0.0,0.151123,4.3199987,4.349999,467200
hardzero_plus_depr__c0p52__z1p00__lam0p030__nu0p50__psi0p75,hardzero_plus_depr,0.03,33,146,0.0,1,0.5151128,0.5152288,0.99587953,0.10095327,0.10095327,1.0,0.000115972805,0.0011487771,-26.472021,2.1909788,0.7303263,0.16800001,0.008,0.14789699,4.349999,4.379999,470400
hardzero_plus_depr__c0p52__z1p00__lam0p030__nu0p50__psi0p75,hardzero_plus_depr,0.03,33,147,0.0,1,0.5152288,0.5152288,1.0705212,0.0,0.085011706,0.0,0.0,0.0011232182,-28.487408,2.3551939,0.78506464,0.17600001,0.0,0.17778763,4.379999,4.4099994,473600
hardzero_plus_depr__c0p52__z1p00__lam0p030__nu0p50__psi0p75,hardzero_plus_depr,0.03,33,148,0.0,1,0.5152288,0.5152288,1.0006648,0.0,0.099847026,0.0,0.0,0.001098228,-27.496674,2.2015066,0.7338356,0.17600001,0.0,0.15124138,4.4099994,4.4399996,476800
hardzero_plus_depr__c0p52__z1p00__lam0p030__nu0p50__psi0p75,hardzero_plus_depr,0.03,33,149,0.0,1,0.5152288,0.5152288,1.0115272,0.0,0.097380675,0.0,0.0,0.0010737935,-26.86337,2.2254043,0.74180144,0.136,0.0,0.13502692,4.4399996,4.47,480000
hardzero_plus_depr__c0p52__z1p00__lam0p030__nu0p50__psi0p75,hardzero_plus_depr,0.03,33,150,0.0,1,0.5152288,0.515339,0.9788243,0.104996696,0.104996696,1.0,0.00011023631,0.0010499026,-26.772203,2.1534564,0.71781886,0.18400002,0.0,0.14238584,4.47,4.5,483200
hardzero_plus_depr__c0p52__z1p00__lam0p030__nu0p50__psi0p75,hardzero_plus_depr,0.03,33,151,0.0,1,0.515339,0.515339,1.0277541,0.0,0.0938093,0.0,0.0,0.0010265436,-27.207548,2.261104,0.7537014,0.208,0.0,0.1538436,4.5,4.53,486400
hardzero_plus_depr__c0p52__z1p00__lam0p030__nu0p50__psi0p75,hardzero_plus_depr,0.03,33,152,0.0,1,0.515339,0.515339,1.0180677,0.0,0.09592511,0.0,0.0,0.0010037042,-27.42919,2.2397938,0.74659795,0.120000005,0.0,0.14604554,4.53,4.5600004,489600
hardzero_plus_depr__c0p52__z1p00__lam0p030__nu0p50__psi0p75,hardzero_plus_depr,0.03,33,153,0.0,1,0.515339,0.515339,1.0296946,0.0,0.0933911,0.0,0.0,0.0009813728,-27.070105,2.2653732,0.75512445,0.128,0.0,0.18171951,4.5600004,4.5900006,492800
hardzero_plus_depr__c0p52__z1p00__lam0p030__nu0p50__psi0p75,hardzero_plus_depr,0.03,33,154,0.0,1,0.515339,0.515339,1.0011412,0.0,0.099737585,0.0,0.0,0.0009595381,-26.777523,2.2025547,0.7341849,0.16800001,0.0,0.15675716,4.5900006,4.620001,496000
hardzero_plus_depr__c0p52__z1p00__lam0p030__nu0p50__psi0p75,hardzero_plus_depr,0.03,33,155,0.0,1,0.515339,0.515339,1.055898,0.0,0.0879229,0.0,0.0,0.0009381895,-27.602734,2.323022,0.7743406,0.096,0.0,0.15937135,4.620001,4.650001,499200
hardzero_plus_depr__c0p52__z1p00__lam0p030__nu0p50__psi0p75,hardzero_plus_depr,0.03,33,156,0.0,1,0.515339,0.515339,1.0458487,0.0,0.089981094,0.0,0.0,0.00091731595,-27.694443,2.300913,0.76697105,0.14,0.0,0.13730772,4.650001,4.6800013,502400
hardzero_plus_depr__c0p52__z1p00__lam0p030__nu0p50__psi0p75,hardzero_plus_depr,0.03,33,157,0.0,1,0.515339,0.515339,1.036308,0.0,0.09197968,0.0,0.0,0.00089690654,-27.310688,2.2799232,0.7599744,0.15200001,0.0,0.17912023,4.6800013,4.7100015,505600
hardzero_plus_depr__c0p52__z1p00__lam0p030__nu0p50__psi0p75,hardzero_plus_depr,0.03,33,158,0.0,1,0.515339,0.515339,1.0729569,0.0,0.08453627,0.0,0.0,0.00087695126,-27.484526,2.3605523,0.7868508,0.136,0.0,0.15387604,4.7100015,4.7400017,508800
hardzero_plus_depr__c0p52__z1p00__lam0p030__nu0p50__psi0p75,hardzero_plus_depr,0.03,33,159,0.0,1,0.515339,0.515339,1.03521,0.0,0.09221254,0.0,0.0,0.0008574401,-27.579111,2.2775075,0.7591692,0.16800001,0.0,0.14909275,4.7400017,4.770002,512000
hardzero_plus_depr__c0p52__z1p00__lam0p030__nu0p50__psi0p75,hardzero_plus_depr,0.03,33,160,0.0,1,0.515339,0.515339,1.0129756,0.0,0.09705645,0.0,0.0,0.00083836314,-27.007519,2.2285907,0.7428636,0.128,0.0,0.13988046,4.770002,4.800002,515200
hardzero_plus_depr__c0p52__z1p00__lam0p030__nu0p50__psi0p75,hardzero_plus_depr,0.03,33,161,0.0,1,0.515339,0.515339,1.0855134,0.0,0.082127124,0.0,0.0,0.0008197104,-27.895603,2.3881772,0.7960591,0.112,0.0,0.14233617,4.800002,4.8300023,518400
hardzero_plus_depr__c0p52__z1p00__lam0p030__nu0p50__psi0p75,hardzero_plus_depr,0.03,33,162,0.0,1,0.515339,0.515339,1.0153283,0.0,0.09653208,0.0,0.0,0.0008014726,-26.718355,2.2337668,0.744589,0.18400002,0.0,0.124223545,4.8300023,4.8600025,521600
hardzero_plus_depr__c0p52__z1p00__lam0p030__nu0p50__psi0p75,hardzero_plus_depr,0.03,33,163,0.0,1,0.515339,0.51541877,0.9923365,0.101780236,0.101780236,1.0,7.975914e-05,0.0007836408,-26.902063,2.183184,0.727728,0.15200001,0.008,0.14589031,4.8600025,4.8900027,524800
hardzero_plus_depr__c0p52__z1p00__lam0p030__nu0p50__psi0p75,hardzero_plus_depr,0.03,33,164,0.0,1,0.51541877,0.51541877,1.0131488,0.0,0.09701774,0.0,0.0,0.00076620566,-28.509275,2.228972,0.7429907,0.14400001,0.0,0.15058583,4.8900027,4.920003,528000
hardzero_plus_depr__c0p52__z1p00__lam0p030__nu0p50__psi0p75,hardzero_plus_depr,0.03,33,165,0.0,1,0.51541877,0.51549596,0.98702705,0.10303218,0.10303218,1.0,7.7187426e-05,0.00074915844,-25.993198,2.1715028,0.7238343,0.136,0.0,0.14609279,4.920003,4.950003,531200
hardzero_plus_depr__c0p52__z1p00__lam0p030__nu0p50__psi0p75,hardzero_plus_depr,0.03,33,166,0.0,1,0.51549596,0.51557183,0.9847103,0.10358329,0.10358329,1.0,7.5873766e-05,0.0007324904,-27.178213,2.166406,0.7221353,0.2,0.008,0.18796276,4.950003,4.9800034,534400
hardzero_plus_depr__c0p52__z1p00__lam0p030__nu0p50__psi0p75,hardzero_plus_depr,0.03,33,167,0.0,1,0.51557183,0.51557183,1.0877393,0.0,0.08170726,0.0,0.0,0.00071619335,-28.48468,2.3930743,0.79769146,0.16000001,0.0,0.16331613,4.9800034,5.0100036,537600
hardzero_plus_depr__c0p52__z1p00__lam0p030__nu0p50__psi0p75,hardzero_plus_depr,0.03,33,168,0.0,1,0.51557183,0.51564854,0.96048325,0.1095259,0.1095259,1.0,7.669649e-05,0.00070025894,-25.987488,2.1131053,0.7043685,0.16000001,0.0,0.12770076,5.0100036,5.040004,540800
hardzero_plus_depr__c0p52__z1p00__lam0p030__nu0p50__psi0p75,hardzero_plus_depr,0.03,33,169,0.0,1,0.51564854,0.51564854,1.0156112,0.0,0.096469216,0.0,0.0,0.00068467885,-27.692871,2.234389,0.7447964,0.11,0.0,0.13255534,5.040004,5.070004,544000
hardzero_plus_depr__c0p52__z1p00__lam0p030__nu0p50__psi0p75,hardzero_plus_depr,0.03,33,170,0.0,1,0.51564854,0.51564854,1.0347972,0.0,0.09230024,0.0,0.0,0.0006694454,-27.67256,2.2765992,0.7588664,0.192,0.0,0.15969206,5.070004,5.100004,547200
hardzero_plus_depr__c0p52__z1p00__lam0p030__nu0p50__psi0p75,hardzero_plus_depr,0.03,33,171,0.0,1,0.51564854,0.51564854,1.016388,0.0,0.0962968,0.0,0.0,0.000654551,-25.985332,2.2360983,0.7453661,0.080000006,0.0,0.13875344,5.100004,5.1300044,550400
hardzero_plus_depr__c0p52__z1p00__lam0p030__nu0p50__psi0p75,hardzero_plus_depr,0.03,33,172,0.0,1,0.51564854,0.51564854,1.0042799,0.0,0.099019356,0.0,0.0,0.00063998805,-26.980448,2.2094598,0.7364866,0.16800001,0.0,0.16058731,5.1300044,5.1600046,553600
hardzero_plus_depr__c0p52__z1p00__lam0p030__nu0p50__psi0p75,hardzero_plus_depr,0.03,33,173,0.0,1,0.51564854,0.51564854,1.0775135,0.0,0.083653964,0.0,0.0,0.0006257489,-28.322771,2.3705769,0.7901923,0.2,0.0,0.14824057,5.1600046,5.190005,556800
hardzero_plus_depr__c0p52__z1p00__lam0p030__nu0p50__psi0p75,hardzero_plus_depr,0.03,33,174,0.0,1,0.51564854,0.51564854,1.0635148,0.0,0.08639431,0.0,0.0,0.00061182654,-27.76791,2.3397794,0.7799265,0.056,0.0,0.15842706,5.190005,5.220005,560000
hardzero_plus_depr__c0p52__z1p00__lam0p030__nu0p50__psi0p75,hardzero_plus_depr,0.03,33,175,0.0,1,0.51564854,0.51564854,1.0742052,0.0,0.08429365,0.0,0.0,0.00059821416,-28.28861,2.3632984,0.78776616,0.192,0.0,0.1698118,5.220005,5.2500052,563200
hardzero_plus_depr__c0p52__z1p00__lam0p030__nu0p50__psi0p75,hardzero_plus_depr,0.03,33,176,0.0,1,0.51564854,0.51564854,1.0235615,0.0,0.0947193,0.0,0.0,0.0005849046,-27.420326,2.2518802,0.75062674,0.192,0.0,0.17583983,5.2500052,5.2800055,566400
hardzero_plus_depr__c0p52__z1p00__lam0p030__nu0p50__psi0p75,hardzero_plus_depr,0.03,33,177,0.0,1,0.51564854,0.51564854,1.0615202,0.0,0.08679202,0.0,0.0,0.000571891,-27.839819,2.335391,0.7784637,0.096,0.0,0.16153888,5.2800055,5.3100057,569600
hardzero_plus_depr__c0p52__z1p00__lam0p030__nu0p50__psi0p75,hardzero_plus_depr,0.03,33,178,0.0,1,0.51564854,0.5157051,0.99488765,0.10118412,0.10118412,1.0,5.657883e-05,0.00055916706,-27.59954,2.1887965,0.7295989,0.192,0.0,0.12556413,5.3100057,5.340006,572800
hardzero_plus_depr__c0p52__z1p00__lam0p030__nu0p50__psi0p75,hardzero_plus_depr,0.03,33,179,0.0,1,0.5157051,0.5157051,1.0145864,0.0,0.09669712,0.0,0.0,0.0005467263,-26.8255,2.2321348,0.74404496,0.16000001,0.0,0.13465871,5.340006,5.370006,576000
hardzero_plus_depr__c0p52__z1p00__lam0p030__nu0p50__psi0p75,hardzero_plus_depr,0.03,33,180,0.0,1,0.5157051,0.5157609,0.9814756,0.10435767,0.10435767,1.0,5.5785673e-05,0.0005345623,-27.264784,2.1592894,0.71976316,0.16000001,0.0,0.14318891,5.370006,5.4000063,579200
hardzero_plus_depr__c0p52__z1p00__lam0p030__nu0p50__psi0p75,hardzero_plus_depr,0.03,33,181,0.0,1,0.5157609,0.5157609,1.0058676,0.0,0.09865801,0.0,0.0,0.00052266865,-26.621899,2.2129529,0.737651,0.14400001,0.0,0.13980652,5.4000063,5.4300065,582400
hardzero_plus_depr__c0p52__z1p00__lam0p030__nu0p50__psi0p75,hardzero_plus_depr,0.03,33,182,0.0,1,0.5157609,0.51581734,0.95703286,0.110399514,0.110399514,1.0,5.6418554e-05,0.00051103986,-25.89837,2.1055143,0.70183814,0.17,0.0,0.13390392,5.4300065,5.4600067,585600
hardzero_plus_depr__c0p52__z1p00__lam0p030__nu0p50__psi0p75,hardzero_plus_depr,0.03,33,183,0.0,1,0.51581734,0.5158688,0.98754925,0.10290837,0.10290837,1.0,5.1420215e-05,0.00049966987,-26.657518,2.1726518,0.7242173,0.208,0.0,0.14459096,5.4600067,5.490007,588800
hardzero_plus_depr__c0p52__z1p00__lam0p030__nu0p50__psi0p75,hardzero_plus_depr,0.03,33,184,0.0,1,0.5158688,0.5158688,1.0574467,0.0,0.08760991,0.0,0.0,0.00048855285,-28.22791,2.3264291,0.7754764,0.112,0.0,0.17805737,5.490007,5.520007,592000
hardzero_plus_depr__c0p52__z1p00__lam0p030__nu0p50__psi0p75,hardzero_plus_depr,0.03,33,185,0.0,1,0.5158688,0.5158688,1.0588932,0.0,0.08731861,0.0,0.0,0.0004776831,-27.468863,2.3296115,0.7765372,0.104,0.0,0.17072882,5.520007,5.5500073,595200
hardzero_plus_depr__c0p52__z1p00__lam0p030__nu0p50__psi0p75,hardzero_plus_depr,0.03,33,186,0.0,1,0.5158688,0.5158688,1.0432748,0.0,0.09051598,0.0,0.0,0.000467055,-27.27695,2.2952502,0.76508343,0.16800001,0.008,0.15271434,5.5500073,5.5800076,598400
hardzero_plus_depr__c0p52__z1p00__lam0p030__nu0p50__psi0p75,hardzero_plus_depr,0.03,33,187,0.0,1,0.5158688,0.5158688,1.0793563,0.0,0.08329974,0.0,0.0,0.0004566636,-27.636515,2.3746314,0.79154384,0.16000001,0.0,0.16335694,5.5800076,5.610008,601600
hardzero_plus_depr__c0p52__z1p00__lam0p030__nu0p50__psi0p75,hardzero_plus_depr,0.03,33,188,0.0,1,0.5158688,0.5158688,1.0910231,0.0,0.0810918,0.0,0.0,0.00044650337,-28.06218,2.4002986,0.80009955,0.16800001,0.0,0.16087557,5.610008,5.640008,604800
hardzero_plus_depr__c0p52__z1p00__lam0p030__nu0p50__psi0p75,hardzero_plus_depr,0.03,33,189,0.0,1,0.5158688,0.5158688,1.0028673,0.0,0.09934194,0.0,0.0,0.00043656898,-27.411955,2.2063522,0.73545074,0.14400001,0.0,0.15142052,5.640008,5.670008,608000
hardzero_plus_depr__c0p52__z1p00__lam0p030__nu0p50__psi0p75,hardzero_plus_depr,0.03,33,190,0.0,1,0.5158688,0.5158688,1.085275,0.0,0.08217221,0.0,0.0,0.00042685587,-28.14775,2.3876529,0.7958843,0.056,0.0,0.15166959,5.670008,5.7000084,611200
hardzero_plus_depr__c0p52__z1p00__lam0p030__nu0p50__psi0p75,hardzero_plus_depr,0.03,33,191,0.0,1,0.5158688,0.5158688,1.0520347,0.0,0.088708505,0.0,0.0,0.00041735882,-27.512604,2.3145225,0.7715075,0.15200001,0.0,0.17634092,5.7000084,5.7300086,614400
hardzero_plus_depr__c0p52__z1p00__lam0p030__nu0p50__psi0p75,hardzero_plus_depr,0.03,33,192,0.0,1,0.5158688,0.5158688,1.0664642,0.0,0.08580958,0.0,0.0,0.00040807307,-28.583433,2.3462682,0.7820894,0.14400001,0.0,0.153048,5.7300086,5.760009,617600
hardzero_plus_depr__c0p52__z1p00__lam0p030__nu0p50__psi0p75,hardzero_plus_depr,0.03,33,193,0.0,1,0.5158688,0.5158688,1.0818158,0.0,0.082829334,0.0,0.0,0.00039899396,-28.288727,2.3800423,0.7933475,0.16800001,0.0,0.15605314,5.760009,5.790009,620800
hardzero_plus_depr__c0p52__z1p00__lam0p030__nu0p50__psi0p75,hardzero_plus_depr,0.03,33,194,0.0,1,0.5158688,0.51591265,0.94898975,0.112463154,0.112463154,1.0,4.3873744e-05,0.00039011662,-25.13169,2.087819,0.6959397,0.208,0.0,0.12738436,5.790009,5.820009,624000
hardzero_plus_depr__c0p52__z1p00__lam0p030__nu0p50__psi0p75,hardzero_plus_depr,0.03,33,195,0.0,1,0.51591265,0.51591265,1.004814,0.0,0.098897636,0.0,0.0,0.000381437,-26.811846,2.210635,0.73687834,0.17,0.0,0.16187073,5.820009,5.8500094,627200
hardzero_plus_depr__c0p52__z1p00__lam0p030__nu0p50__psi0p75,hardzero_plus_depr,0.03,33,196,0.0,1,0.51591265,0.51591265,1.0473737,0.0,0.08966569,0.0,0.0,0.00037295048,-28.16247,2.3042681,0.7680894,0.128,0.0,0.17642653,5.8500094,5.8800097,630400
hardzero_plus_depr__c0p52__z1p00__lam0p030__nu0p50__psi0p75,hardzero_plus_depr,0.03,33,197,0.0,1,0.51591265,0.51591265,1.0139911,0.0,0.09682975,0.0,0.0,0.00036465266,-26.853504,2.230825,0.74360836,0.14400001,0.0,0.12446104,5.8800097,5.91001,633600
hardzero_plus_depr__c0p52__z1p00__lam0p030__nu0p50__psi0p75,hardzero_plus_depr,0.03,33,198,0.0,1,0.51591265,0.51591265,1.0307441,0.0,0.09316567,0.0,0.0,0.00035653956,-27.785889,2.2676823,0.7558941,0.216,0.0,0.14828917,5.91001,5.94001,636800
hardzero_plus_depr__c0p52__z1p00__lam0p030__nu0p50__psi0p75,hardzero_plus_depr,0.03,33,199,0.0,1,0.51591265,0.5159526,0.94106597,0.1145339,0.1145339,1.0,3.9927316e-05,0.00034860696,-25.834959,2.0703864,0.6901288,0.224,0.0,0.11091427,5.94001,5.9700103,640000
hardzero_plus_depr__c0p52__z1p00__lam0p030__nu0p50__psi0p75,hardzero_plus_depr,0.03,33,200,0.0,1,0.5159526,0.5159526,1.0219593,0.0,0.09506939,0.0,0.0,0.00034085088,-27.136635,2.2483554,0.7494518,0.120000005,0.0,0.13095371,5.9700103,6.0000105,643200
hardzero_plus_depr__c0p52__z1p00__lam0p030__nu0p50__psi0p75,hardzero_plus_depr,0.03,33,201,0.0,1,0.5159526,0.5159526,1.0420833,0.0,0.09076465,0.0,0.0,0.00033326735,-27.713188,2.292629,0.7642097,0.18400002,0.0,0.17612396,6.0000105,6.0300107,646400
hardzero_plus_depr__c0p52__z1p00__lam0p030__nu0p50__psi0p75,hardzero_plus_depr,0.03,33,202,0.0,1,0.5159526,0.5159526,1.0176747,0.0,0.096011944,0.0,0.0,0.00032585236,-26.763506,2.238929,0.7463097,0.15200001,0.0,0.1541531,6.0300107,6.060011,649600
hardzero_plus_depr__c0p52__z1p00__lam0p030__nu0p50__psi0p75,hardzero_plus_depr,0.03,33,203,0.0,1,0.5159526,0.5159857,0.9829863,0.1039953,0.1039953,1.0,3.313317e-05,0.00031860257,-26.94936,2.162613,0.720871,0.2,0.0,0.14311413,6.060011,6.090011,652800
hardzero_plus_depr__c0p52__z1p00__lam0p030__nu0p50__psi0p75,hardzero_plus_depr,0.03,33,204,0.0,1,0.5159857,0.5159857,1.0574864,0.0,0.08760191,0.0,0.0,0.00031151404,-28.39602,2.3265166,0.77550554,0.104,0.0,0.14934057,6.090011,6.1200113,656000
hardzero_plus_depr__c0p52__z1p00__lam0p030__nu0p50__psi0p75,hardzero_plus_depr,0.03,33,205,0.0,1,0.5159857,0.5159857,1.042096,0.0,0.090762,0.0,0.0,0.00030458308,-27.04922,2.2926571,0.76421905,0.2,0.0,0.15133148,6.1200113,6.1500115,659200
hardzero_plus_depr__c0p52__z1p00__lam0p030__nu0p50__psi0p75,hardzero_plus_depr,0.03,33,206,0.0,1,0.5159857,0.5159857,1.0412295,0.0,0.09094325,0.0,0.0,0.00029780646,-28.092884,2.2907505,0.76358354,0.15200001,0.0,0.16612265,6.1500115,6.1800117,662400
hardzero_plus_depr__c0p52__z1p00__lam0p030__nu0p50__psi0p75,hardzero_plus_depr,0.03,33,207,0.0,1,0.5159857,0.5159857,1.0175251,0.0,0.09604503,0.0,0.0,0.00029118062,-26.396076,2.2385998,0.74619997,0.104,0.0,0.15613894,6.1800117,6.210012,665600
hardzero_plus_depr__c0p52__z1p00__lam0p030__nu0p50__psi0p75,hardzero_plus_depr,0.03,33,208,0.0,1,0.5159857,0.5159857,1.0472939,0.0,0.08968218,0.0,0.0,0.0002847022,-27.449308,2.3040926,0.7680309,0.11,0.0,0.16171382,6.210012,6.240012,668800
hardzero_plus_depr__c0p52__z1p00__lam0p030__nu0p50__psi0p75,hardzero_plus_depr,0.03,33,209,0.0,1,0.5159857,0.5159857,1.0404226,0.0,0.091112375,0.0,0.0,0.00027836795,-27.110224,2.2889752,0.7629918,0.208,0.0,0.14157313,6.240012,6.2700124,672000
hardzero_plus_depr__c0p52__z1p00__lam0p030__nu0p50__psi0p75,hardzero_plus_depr,0.03,33,210,0.0,1,0.5159857,0.5159857,1.0452594,0.0,0.09010329,0.0,0.0,0.00027217445,-27.562096,2.2996166,0.76653886,0.112,0.0,0.15445046,6.2700124,6.3000126,675200
hardzero_plus_depr__c0p52__z1p00__lam0p030__nu0p50__psi0p75,hardzero_plus_depr,0.03,33,211,0.0,1,0.5159857,0.5160131,0.987565,0.10290465,0.10290465,1.0,2.738487e-05,0.00026611888,-26.558882,2.1726863,0.7242288,0.120000005,0.0,0.13745084,6.3000126,6.330013,678400
hardzero_plus_depr__c0p52__z1p00__lam0p030__nu0p50__psi0p75,hardzero_plus_depr,0.03,33,212,0.0,1,0.5160131,0.5160393,0.997054,0.10068065,0.10068065,1.0,2.6196913e-05,0.00026019808,-26.87479,2.1935625,0.7311875,0.18400002,0.0,0.12583758,6.330013,6.360013,681600
hardzero_plus_depr__c0p52__z1p00__lam0p030__nu0p50__psi0p75,hardzero_plus_depr,0.03,33,213,0.0,1,0.5160393,0.5160393,1.0111592,0.0,0.097463235,0.0,0.0,0.0002544089,-27.369852,2.2245946,0.74153155,0.14400001,0.0,0.14902657,6.360013,6.390013,684800
hardzero_plus_depr__c0p52__z1p00__lam0p030__nu0p50__psi0p75,hardzero_plus_depr,0.03,33,214,0.0,1,0.5160393,0.5160393,1.0115134,0.0,0.09738378,0.0,0.0,0.00024874855,-27.466803,2.2253737,0.74179125,0.192,0.0,0.1592497,6.390013,6.4200134,688000
hardzero_plus_depr__c0p52__z1p00__lam0p030__nu0p50__psi0p75,hardzero_plus_depr,0.03,33,215,0.0,1,0.5160393,0.5160393,1.0168223,0.0,0.09620057,0.0,0.0,0.00024321419,-26.989807,2.2370539,0.7456846,0.16800001,0.0,0.15687062,6.4200134,6.4500136,691200
hardzero_plus_depr__c0p52__z1p00__lam0p030__nu0p50__psi0p75,hardzero_plus_depr,0.03,33,216,0.0,1,0.5160393,0.51606405,0.9830619,0.103977196,0.103977196,1.0,2.4726087e-05,0.00023780297,-26.159771,2.1627793,0.72092646,0.2,0.0,0.14186242,6.4500136,6.480014,694400
hardzero_plus_depr__c0p52__z1p00__lam0p030__nu0p50__psi0p75,hardzero_plus_depr,0.03,33,217,0.0,1,0.51606405,0.51606405,1.0476719,0.0,0.08960414,0.0,0.0,0.00023251215,-27.50727,2.3049242,0.7683081,0.192,0.0,0.16042578,6.480014,6.510014,697600
hardzero_plus_depr__c0p52__z1p00__lam0p030__nu0p50__psi0p75,hardzero_plus_depr,0.03,33,218,0.0,1,0.51606405,0.516088,0.9776153,0.10528942,0.10528942,1.0,2.3936384e-05,0.00022733893,-26.5745,2.1507967,0.71693224,0.18400002,0.0,0.13478853,6.510014,6.5400143,700800
hardzero_plus_depr__c0p52__z1p00__lam0p030__nu0p50__psi0p75,hardzero_plus_depr,0.03,33,219,0.0,1,0.516088,0.516088,1.0456291,0.0,0.09002661,0.0,0.0,0.00022228091,-27.309643,2.30043,0.76681006,0.136,0.0,0.18828472,6.5400143,6.5700145,704000
hardzero_plus_depr__c0p52__z1p00__lam0p030__nu0p50__psi0p75,hardzero_plus_depr,0.03,33,220,0.0,1,0.516088,0.516088,1.018193,0.0,0.09589744,0.0,0.0,0.00021733544,-27.062372,2.2400694,0.7466898,0.16800001,0.0,0.14224559,6.5700145,6.6000147,707200
hardzero_plus_depr__c0p52__z1p00__lam0p030__nu0p50__psi0p75,hardzero_plus_depr,0.03,33,221,0.0,1,0.516088,0.516088,1.0258982,0.0,0.09421104,0.0,0.0,0.00021249987,-26.493547,2.2570212,0.75234044,0.12,0.0,0.12753788,6.6000147,6.630015,710400
hardzero_plus_depr__c0p52__z1p00__lam0p030__nu0p50__psi0p75,hardzero_plus_depr,0.03,33,222,0.0,1,0.516088,0.516088,1.0012228,0.0,0.09971882,0.0,0.0,0.00020777201,-27.252563,2.2027342,0.73424476,0.15200001,0.0,0.12910509,6.630015,6.660015,713600
hardzero_plus_depr__c0p52__z1p00__lam0p030__nu0p50__psi0p75,hardzero_plus_depr,0.03,33,223,0.0,1,0.516088,0.516088,1.0098668,0.0,0.097753696,0.0,0.0,0.00020314933,-27.420296,2.2217515,0.74058384,0.192,0.008,0.14521883,6.660015,6.6900153,716800
hardzero_plus_depr__c0p52__z1p00__lam0p030__nu0p50__psi0p75,hardzero_plus_depr,0.03,33,224,0.0,1,0.516088,0.516088,1.1110363,0.0,0.0774397,0.0,0.0,0.00019862951,-28.907309,2.4443288,0.8147763,0.136,0.0,0.1837881,6.6900153,6.7200155,720000
hardzero_plus_depr__c0p52__z1p00__lam0p030__nu0p50__psi0p75,hardzero_plus_depr,0.03,33,225,0.0,1,0.516088,0.5161092,0.96168524,0.109223165,0.109223165,1.0,2.1212258e-05,0.00019421024,-26.142227,2.1157498,0.70524997,0.272,0.008,0.14629298,6.7200155,6.7500157,723200
hardzero_plus_depr__c0p52__z1p00__lam0p030__nu0p50__psi0p75,hardzero_plus_depr,0.03,33,226,0.0,1,0.5161092,0.5161092,1.0227746,0.0,0.09489108,0.0,0.0,0.00018988921,-28.06479,2.250149,0.7500497,0.14400001,0.0,0.16426475,6.7500157,6.780016,726400
hardzero_plus_depr__c0p52__z1p00__lam0p030__nu0p50__psi0p75,hardzero_plus_depr,0.03,33,227,0.0,1,0.5161092,0.5161092,1.0314925,0.0,0.09300527,0.0,0.0,0.0001856644,-27.101852,2.2693288,0.75644296,0.18400002,0.0,0.14852765,6.780016,6.810016,729600
hardzero_plus_depr__c0p52__z1p00__lam0p030__nu0p50__psi0p75,hardzero_plus_depr,0.03,33,228,0.0,1,0.5161092,0.5161092,1.0199242,0.0,0.095515944,0.0,0.0,0.00018153359,-27.072742,2.243878,0.7479593,0.112,0.0,0.14202169,6.810016,6.8400164,732800
hardzero_plus_depr__c0p52__z1p00__lam0p030__nu0p50__psi0p75,hardzero_plus_depr,0.03,33,229,0.0,1,0.5161092,0.5161092,1.0716618,0.0,0.08478874,0.0,0.0,0.00017749458,-28.768934,2.3577032,0.78590107,0.120000005,0.0,0.15350275,6.8400164,6.8700166,736000
hardzero_plus_depr__c0p52__z1p00__lam0p030__nu0p50__psi0p75,hardzero_plus_depr,0.03,33,230,0.0,1,0.5161092,0.5161092,1.0491375,0.0,0.08930228,0.0,0.0,0.00017354554,-27.231892,2.3081486,0.7693829,0.18400002,0.0,0.15091921,6.8700166,6.900017,739200
hardzero_plus_depr__c0p52__z1p00__lam0p030__nu0p50__psi0p75,hardzero_plus_depr,0.03,33,231,0.0,1,0.5161092,0.5161092,1.0506929,0.0,0.08898301,0.0,0.0,0.00016968437,-28.28306,2.3115706,0.77052355,0.136,0.0,0.13730222,6.900017,6.930017,742400
hardzero_plus_depr__c0p52__z1p00__lam0p030__nu0p50__psi0p75,hardzero_plus_depr,0.03,33,232,0.0,1,0.5161092,0.5161092,1.0475154,0.0,0.08963645,0.0,0.0,0.00016590909,-26.910692,2.30458,0.76819336,0.120000005,0.0,0.12607646,6.930017,6.960017,745600
hardzero_plus_depr__c0p52__z1p00__lam0p030__nu0p50__psi0p75,hardzero_plus_depr,0.03,33,233,0.0,1,0.5161092,0.5161092,1.0634824,0.0,0.08640076,0.0,0.0,0.00016221782,-27.435255,2.339708,0.7799027,0.080000006,0.0,0.13691643,6.960017,6.9900174,748800
hardzero_plus_depr__c0p52__z1p00__lam0p030__nu0p50__psi0p75,hardzero_plus_depr,0.03,33,234,0.0,1,0.5161092,0.5161092,1.0550308,0.0,0.088098645,0.0,0.0,0.00015860859,-27.91436,2.321114,0.7737047,0.17999999,0.0,0.16997957,6.9900174,7.0200176,752000
hardzero_plus_depr__c0p52__z1p00__lam0p030__nu0p50__psi0p75,hardzero_plus_depr,0.03,33,235,0.0,1,0.5161092,0.5161092,1.0544057,0.0,0.088225536,0.0,0.0,0.00015507973,-27.98564,2.3197389,0.7732463,0.128,0.0,0.16224045,7.0200176,7.050018,755200
hardzero_plus_depr__c0p52__z1p00__lam0p030__nu0p50__psi0p75,hardzero_plus_depr,0.03,33,236,0.0,1,0.5161092,0.5161092,1.0025114,0.0,0.0994234,0.0,0.0,0.00015162941,-26.944876,2.205569,0.7351897,0.17600001,0.0,0.15314281,7.050018,7.080018,758400
hardzero_plus_depr__c0p52__z1p00__lam0p030__nu0p50__psi0p75,hardzero_plus_depr,0.03,33,237,0.0,1,0.5161092,0.5161244,0.9898649,0.10236113,0.10236113,1.0,1.5175627e-05,0.00014825576,-27.174135,2.1777463,0.72591543,0.128,0.0,0.15035158,7.080018,7.1100183,761600
hardzero_plus_depr__c0p52__z1p00__lam0p030__nu0p50__psi0p75,hardzero_plus_depr,0.03,33,238,0.0,1,0.5161244,0.5161244,1.0529943,0.0,0.088512726,0.0,0.0,0.00014495724,-27.28345,2.3166337,0.77221125,0.15200001,0.0,0.14463031,7.1100183,7.1400185,764800
hardzero_plus_depr__c0p52__z1p00__lam0p030__nu0p50__psi0p75,hardzero_plus_depr,0.03,33,239,0.0,1,0.5161244,0.5161244,1.0594193,0.0,0.08721289,0.0,0.0,0.00014173212,-27.638113,2.330769,0.77692306,0.120000005,0.0,0.16930793,7.1400185,7.1700187,768000
hardzero_plus_depr__c0p52__z1p00__lam0p030__nu0p50__psi0p75,hardzero_plus_depr,0.03,33,240,0.0,1,0.5161244,0.516139,0.9786135,0.10504768,0.10504768,1.0,1.4557376e-05,0.00013857875,-26.511494,2.1529927,0.71766424,0.15200001,0.0,0.13984194,7.1700187,7.200019,771200
hardzero_plus_depr__c0p52__z1p00__lam0p030__nu0p50__psi0p75,hardzero_plus_depr,0.03,33,241,0.0,1,0.516139,0.5161527,0.9950515,0.10114594,0.10114594,1.0,1.3704824e-05,0.00013549555,-26.0469,2.189157,0.72971904,0.14400001,0.0,0.123964824,7.200019,7.230019,774400
hardzero_plus_depr__c0p52__z1p00__lam0p030__nu0p50__psi0p75,hardzero_plus_depr,0.03,33,242,0.0,1,0.5161527,0.5161527,1.0154897,0.0,0.0964962,0.0,0.0,0.00013248085,-27.131569,2.234122,0.74470735,0.208,0.0,0.1374675,7.230019,7.2600193,777600
hardzero_plus_depr__c0p52__z1p00__lam0p030__nu0p50__psi0p75,hardzero_plus_depr,0.03,33,243,0.0,1,0.5161527,0.5161527,1.0394247,0.0,0.09132199,0.0,0.0,0.00012953332,-27.745031,2.2867799,0.76225996,0.192,0.0,0.15434209,7.2600193,7.2900195,780800
hardzero_plus_depr__c0p52__z1p00__lam0p030__nu0p50__psi0p75,hardzero_plus_depr,0.03,33,244,0.0,1,0.5161527,0.5161527,1.0261171,0.0,0.09416357,0.0,0.0,0.00012665136,-27.457212,2.2575028,0.75250095,0.16800001,0.0,0.14159834,7.2900195,7.3200197,784000
hardzero_plus_depr__c0p52__z1p00__lam0p030__nu0p50__psi0p75,hardzero_plus_depr,0.03,33,245,0.0,1,0.5161527,0.5161527,1.086227,0.0,0.08199227,0.0,0.0,0.00012383345,-27.821394,2.3897471,0.7965824,0.16000001,0.0,0.16607097,7.3200197,7.35002,787200
hardzero_plus_depr__c0p52__z1p00__lam0p030__nu0p50__psi0p75,hardzero_plus_depr,0.03,33,246,0.0,1,0.5161527,0.5161527,1.081868,0.0,0.08281936,0.0,0.0,0.00012107831,-28.490429,2.3801572,0.79338574,0.14400001,0.0,0.17342113,7.35002,7.38002,790400
hardzero_plus_depr__c0p52__z1p00__lam0p030__nu0p50__psi0p75,hardzero_plus_depr,0.03,33,247,0.0,1,0.5161527,0.5161527,1.0371847,0.0,0.091794215,0.0,0.0,0.00011838447,-28.214455,2.281852,0.7606174,0.19999999,0.0,0.13597977,7.38002,7.4100204,793600
hardzero_plus_depr__c0p52__z1p00__lam0p030__nu0p50__psi0p75,hardzero_plus_depr,0.03,33,248,0.0,1,0.5161527,0.5161527,1.0670164,0.0,0.08570054,0.0,0.0,0.000115750554,-27.773579,2.347483,0.7824943,0.128,0.0,0.16016701,7.4100204,7.4400206,796800
hardzero_plus_depr__c0p52__z1p00__lam0p030__nu0p50__psi0p75,hardzero_plus_depr,0.03,33,249,0.0,1,0.5161527,0.5161527,1.0086814,0.0,0.09802087,0.0,0.0,0.00011317524,-26.29975,2.2191434,0.7397145,0.18400002,0.0,0.12158094,7.4400206,7.470021,800000
hardzero_plus_depr__c0p52__z1p00__lam0p030__nu0p50__psi0p75,hardzero_plus_depr,0.03,33,250,0.0,1,0.5161527,0.5161527,1.0634071,0.0,0.08641575,0.0,0.0,0.00011065718,-28.123785,2.3395422,0.7798474,0.104,0.0,0.15703061,7.470021,7.500021,803200
hardzero_plus_depr__c0p52__z1p00__lam0p030__nu0p50__psi0p75,hardzero_plus_depr,0.03,33,251,0.0,1,0.5161527,0.5161527,1.0005226,0.0,0.09987974,0.0,0.0,0.000108195185,-26.040585,2.2011938,0.73373127,0.136,0.0,0.14294998,7.500021,7.530021,806400
hardzero_plus_depr__c0p52__z1p00__lam0p030__nu0p50__psi0p75,hardzero_plus_depr,0.03,33,252,0.0,1,0.5161527,0.5161527,1.0714059,0.0,0.08483871,0.0,0.0,0.00010578797,-27.724415,2.35714,0.7857134,0.14400001,0.0,0.13422589,7.530021,7.5600214,809600
hardzero_plus_depr__c0p52__z1p00__lam0p030__nu0p50__psi0p75,hardzero_plus_depr,0.03,33,253,0.0,1,0.5161527,0.5161527,1.0684061,0.0,0.08542673,0.0,0.0,0.00010343428,-28.25303,2.3505404,0.7835135,0.112,0.0,0.18551779,7.5600214,7.5900216,812800
hardzero_plus_depr__c0p52__z1p00__lam0p030__nu0p50__psi0p75,hardzero_plus_depr,0.03,33,254,0.0,1,0.5161527,0.5161527,1.0476576,0.0,0.0896071,0.0,0.0,0.00010113299,-28.181068,2.3048928,0.7682976,0.16000001,0.0,0.14278081,7.5900216,7.620022,816000
hardzero_plus_depr__c0p52__z1p00__lam0p030__nu0p50__psi0p75,hardzero_plus_depr,0.03,33,255,0.0,1,0.5161527,0.5161634,0.9654824,0.10827236,0.10827236,1.0,1.0706284e-05,9.88829e-05,-26.497671,2.1241038,0.70803463,0.15200001,0.0,0.13100979,7.620022,7.650022,819200
hardzero_plus_depr__c0p52__z1p00__lam0p030__nu0p50__psi0p75,hardzero_plus_depr,0.03,33,256,0.0,1,0.5161634,0.5161634,1.0021231,0.0,0.09951232,0.0,0.0,9.6682874e-05,-26.593433,2.2047148,0.73490494,0.15200001,0.0,0.13259268,7.650022,7.6800222,822400
hardzero_plus_depr__c0p52__z1p00__lam0p030__nu0p50__psi0p75,hardzero_plus_depr,0.03,33,257,0.0,1,0.5161634,0.5161634,1.0700431,0.0,0.08510535,0.0,0.0,9.453179e-05,-28.083935,2.3541417,0.7847139,0.15200001,0.0,0.17089003,7.6800222,7.7100224,825600
hardzero_plus_depr__c0p52__z1p00__lam0p030__nu0p50__psi0p75,hardzero_plus_depr,0.03,33,258,0.0,1,0.5161634,0.5161731,0.9782031,0.105147004,0.105147004,1.0,9.718583e-06,9.242853e-05,-27.968845,2.1520898,0.7173633,0.17600001,0.0,0.14737128,7.7100224,7.7400227,828800
hardzero_plus_depr__c0p52__z1p00__lam0p030__nu0p50__psi0p75,hardzero_plus_depr,0.03,33,259,0.0,1,0.5161731,0.5161731,1.084085,0.0,0.082397684,0.0,0.0,9.037211e-05,-28.018303,2.3850346,0.7950115,0.14400001,0.0,0.16989808,7.7400227,7.770023,832000
hardzero_plus_depr__c0p52__z1p00__lam0p030__nu0p50__psi0p75,hardzero_plus_depr,0.03,33,260,0.0,1,0.5161731,0.5161731,1.100523,0.0,0.079337224,0.0,0.0,8.8361434e-05,-27.878578,2.4211988,0.8070663,0.089999996,0.0,0.14655612,7.770023,7.800023,835200
hardzero_plus_depr__c0p52__z1p00__lam0p030__nu0p50__psi0p75,hardzero_plus_depr,0.03,33,261,0.0,1,0.5161731,0.51618236,0.9708318,0.10694689,0.10694689,1.0,9.239726e-06,8.6395456e-05,-26.125856,2.1358726,0.7119576,0.136,0.0,0.1383293,7.800023,7.8300233,838400
hardzero_plus_depr__c0p52__z1p00__lam0p030__nu0p50__psi0p75,hardzero_plus_depr,0.03,33,262,0.0,1,0.51618236,0.51618236,1.0676942,0.0,0.08556689,0.0,0.0,8.4473264e-05,-27.944027,2.348974,0.78299135,0.136,0.0,0.1495443,7.8300233,7.8600235,841600
hardzero_plus_depr__c0p52__z1p00__lam0p030__nu0p50__psi0p75,hardzero_plus_depr,0.03,33,263,0.0,1,0.51618236,0.51618236,1.0551575,0.0,0.08807294,0.0,0.0,8.259383e-05,-27.706669,2.321393,0.7737977,0.136,0.0,0.14339936,7.8600235,7.8900237,844800
hardzero_plus_depr__c0p52__z1p00__lam0p030__nu0p50__psi0p75,hardzero_plus_depr,0.03,33,264,0.0,1,0.51618236,0.51618236,1.0729817,0.0,0.084531434,0.0,0.0,8.075622e-05,-28.500301,2.360607,0.786869,0.14400001,0.0,0.16005091,7.8900237,7.920024,848000
hardzero_plus_depr__c0p52__z1p00__lam0p030__nu0p50__psi0p75,hardzero_plus_depr,0.03,33,265,0.0,1,0.51618236,0.51619077,0.9726393,0.1065027,0.1065027,1.0,8.409399e-06,7.895949e-05,-25.88501,2.1398492,0.71328306,0.16000001,0.0,0.13339536,7.920024,7.950024,851200
hardzero_plus_depr__c0p52__z1p00__lam0p030__nu0p50__psi0p75,hardzero_plus_depr,0.03,33,266,0.0,1,0.51619077,0.5161989,0.97808856,0.10517473,0.10517473,1.0,8.119773e-06,7.7202705e-05,-26.791388,2.1518378,0.7172793,0.112,0.0,0.13010915,7.950024,7.9800243,854400
hardzero_plus_depr__c0p52__z1p00__lam0p030__nu0p50__psi0p75,hardzero_plus_depr,0.03,33,267,0.0,1,0.5161989,0.5161989,1.0681576,0.0,0.08547565,0.0,0.0,7.548503e-05,-27.838594,2.3499935,0.78333116,0.136,0.0,0.16144769,7.9800243,8.010024,857600
hardzero_plus_depr__c0p52__z1p00__lam0p030__nu0p50__psi0p75,hardzero_plus_depr,0.03,33,268,0.0,1,0.5161989,0.5161989,1.06552,0.0,0.08599633,0.0,0.0,7.380562e-05,-27.918324,2.3441908,0.781397,0.136,0.0,0.14266972,8.010024,8.040024,860800
hardzero_plus_depr__c0p52__z1p00__lam0p030__nu0p50__psi0p75,hardzero_plus_depr,0.03,33,269,0.0,1,0.5161989,0.5161989,1.0371505,0.0,0.09180144,0.0,0.0,7.216352e-05,-27.672363,2.2817767,0.7605922,0.096,0.0,0.17218475,8.040024,8.070024,864000
hardzero_plus_depr__c0p52__z1p00__lam0p030__nu0p50__psi0p75,hardzero_plus_depr,0.03,33,270,0.0,1,0.5161989,0.5161989,1.0167406,0.0,0.09621868,0.0,0.0,7.055797e-05,-27.249279,2.2368739,0.74562466,0.16000001,0.0,0.14997752,8.070024,8.100023,867200
hardzero_plus_depr__c0p52__z1p00__lam0p030__nu0p50__psi0p75,hardzero_plus_depr,0.03,33,271,0.0,1,0.5161989,0.5161989,1.0332177,0.0,0.092636526,0.0,0.0,6.898818e-05,-27.9492,2.2731242,0.7577081,0.14400001,0.0,0.16778862,8.100023,8.130023,870400
hardzero_plus_depr__c0p52__z1p00__lam0p030__nu0p50__psi0p75,hardzero_plus_depr,0.03,33,272,0.0,1,0.5161989,0.5161989,1.0614811,0.0,0.086799815,0.0,0.0,6.745331e-05,-28.316622,2.335305,0.778435,0.128,0.0,0.1632571,8.130023,8.160023,873600
hardzero_plus_depr__c0p52__z1p00__lam0p030__nu0p50__psi0p75,hardzero_plus_depr,0.03,33,273,0.0,1,0.5161989,0.5161989,1.0040096,0.0,0.099080995,0.0,0.0,6.5952554e-05,-26.601469,2.2088652,0.7362884,0.19999999,0.0,0.15673245,8.160023,8.190022,876800
hardzero_plus_depr__c0p52__z1p00__lam0p030__nu0p50__psi0p75,hardzero_plus_depr,0.03,33,274,0.0,1,0.5161989,0.5161989,1.0382457,0.0,0.09157023,0.0,0.0,6.448518e-05,-27.906641,2.2841861,0.7613954,0.120000005,0.0,0.1587323,8.190022,8.220022,880000
hardzero_plus_depr__c0p52__z1p00__lam0p030__nu0p50__psi0p75,hardzero_plus_depr,0.03,33,275,0.0,1,0.5161989,0.5161989,1.0458915,0.0,0.08997224,0.0,0.0,6.30505e-05,-27.540506,2.3010073,0.76700246,0.16000001,0.0,0.16168636,8.220022,8.250022,883200
hardzero_plus_depr__c0p52__z1p00__lam0p030__nu0p50__psi0p75,hardzero_plus_depr,0.03,33,276,0.0,1,0.5161989,0.5161989,1.1018162,0.0,0.07910134,0.0,0.0,6.164773e-05,-28.262411,2.424044,0.80801463,0.15200001,0.008,0.18149227,8.250022,8.280022,886400
hardzero_plus_depr__c0p52__z1p00__lam0p030__nu0p50__psi0p75,hardzero_plus_depr,0.03,33,277,0.0,1,0.5161989,0.5161989,1.0451684,0.0,0.090122156,0.0,0.0,6.0276143e-05,-28.026836,2.2994163,0.7664721,0.18400002,0.0,0.17995581,8.280022,8.310021,889600
hardzero_plus_depr__c0p52__z1p00__lam0p030__nu0p50__psi0p75,hardzero_plus_depr,0.03,33,278,0.0,1,0.5161989,0.5161989,1.0556662,0.0,0.08796983,0.0,0.0,5.8935075e-05,-27.372412,2.3225121,0.77417076,0.112,0.0,0.1695444,8.310021,8.340021,892800
hardzero_plus_depr__c0p52__z1p00__lam0p030__nu0p50__psi0p75,hardzero_plus_depr,0.03,33,279,0.0,1,0.5161989,0.51620466,0.9997114,0.10006647,0.10006647,1.0,5.766216e-06,5.762386e-05,-26.651384,2.199409,0.73313636,0.18400002,0.0,0.13563399,8.340021,8.370021,896000
hardzero_plus_depr__c0p52__z1p00__lam0p030__nu0p50__psi0p75,hardzero_plus_depr,0.03,33,280,0.0,1,0.51620466,0.51621044,0.9895606,0.102432884,0.102432884,1.0,5.7712564e-06,5.6341833e-05,-26.630985,2.1770768,0.7256923,0.15200001,0.0,0.16802709,8.370021,8.400021,899200
hardzero_plus_depr__c0p52__z1p00__lam0p030__nu0p50__psi0p75,hardzero_plus_depr,0.03,33,281,0.0,1,0.51621044,0.51621044,1.0364318,0.0,0.091953486,0.0,0.0,5.5088294e-05,-27.26787,2.2801955,0.7600652,0.15200001,0.0,0.13804284,8.400021,8.43002,902400
hardzero_plus_depr__c0p52__z1p00__lam0p030__nu0p50__psi0p75,hardzero_plus_depr,0.03,33,282,0.0,1,0.51621044,0.51621044,1.0278192,0.0,0.093795255,0.0,0.0,5.3862645e-05,-27.866335,2.2612474,0.75374913,0.16000001,0.0,0.14516923,8.43002,8.46002,905600
hardzero_plus_depr__c0p52__z1p00__lam0p030__nu0p50__psi0p75,hardzero_plus_depr,0.03,33,283,0.0,1,0.51621044,0.51621044,1.0495032,0.0,0.0892271,0.0,0.0,5.266429e-05,-28.156075,2.308953,0.76965106,0.136,0.0,0.1735663,8.46002,8.49002,908800
hardzero_plus_depr__c0p52__z1p00__lam0p030__nu0p50__psi0p75,hardzero_plus_depr,0.03,33,284,0.0,1,0.51621044,0.51621044,1.0444002,0.0,0.0902817,0.0,0.0,5.1492596e-05,-28.304153,2.2977264,0.76590884,0.18400002,0.0,0.1440956,8.49002,8.52002,912000
hardzero_plus_depr__c0p52__z1p00__lam0p030__nu0p50__psi0p75,hardzero_plus_depr,0.03,33,285,0.0,1,0.51621044,0.51621044,1.0714407,0.0,0.08483191,0.0,0.0,5.034695e-05,-28.25514,2.3572166,0.7857389,0.136,0.0,0.17244466,8.52002,8.550019,915200
hardzero_plus_depr__c0p52__z1p00__lam0p030__nu0p50__psi0p75,hardzero_plus_depr,0.03,33,286,0.0,1,0.51621044,0.51621544,0.9909692,0.102101184,0.102101184,1.0,5.0261133e-06,4.9226786e-05,-26.308973,2.1801758,0.7267253,0.13,0.0,0.14335003,8.550019,8.580019,918400
hardzero_plus_depr__c0p52__z1p00__lam0p030__nu0p50__psi0p75,hardzero_plus_depr,0.03,33,287,0.0,1,0.51621544,0.51621544,1.0503999,0.0,0.089043066,0.0,0.0,4.8131576e-05,-27.577381,2.310926,0.7703087,0.224,0.0,0.16676302,8.580019,8.610019,921600
hardzero_plus_depr__c0p52__z1p00__lam0p030__nu0p50__psi0p75,hardzero_plus_depr,0.03,33,288,0.0,1,0.51621544,0.5162204,0.9796583,0.10479528,0.10479528,1.0,4.9317423e-06,4.706073e-05,-27.118166,2.1552913,0.71843046,0.2,0.0,0.13491046,8.610019,8.640018,924800
hardzero_plus_depr__c0p52__z1p00__lam0p030__nu0p50__psi0p75,hardzero_plus_depr,0.03,33,289,0.0,1,0.5162204,0.5162204,1.0176908,0.0,0.0960084,0.0,0.0,4.6013683e-05,-27.380589,2.2389643,0.74632144,0.136,0.0,0.15714961,8.640018,8.670018,928000
hardzero_plus_depr__c0p52__z1p00__lam0p030__nu0p50__psi0p75,hardzero_plus_depr,0.03,33,290,0.0,1,0.5162204,0.5162249,0.99878764,0.100279555,0.100279555,1.0,4.5115708e-06,4.4989934e-05,-26.411274,2.1973767,0.73245895,0.14400001,0.0,0.14457557,8.670018,8.700018,931200
hardzero_plus_depr__c0p52__z1p00__lam0p030__nu0p50__psi0p75,hardzero_plus_depr,0.03,33,291,0.0,1,0.5162249,0.5162294,0.9910995,0.10207056,0.10207056,1.0,4.48998e-06,4.398898e-05,-26.899853,2.1804624,0.7268208,0.2,0.0,0.1375362,8.700018,8.730018,934400
hardzero_plus_depr__c0p52__z1p00__lam0p030__nu0p50__psi0p75,hardzero_plus_depr,0.03,33,292,0.0,1,0.5162294,0.51623404,0.9640873,0.10862073,0.10862073,1.0,4.67181e-06,4.30103e-05,-26.22166,2.1210344,0.70701146,0.16000001,0.008,0.13445148,8.730018,8.760017,937600
hardzero_plus_depr__c0p52__z1p00__lam0p030__nu0p50__psi0p75,hardzero_plus_depr,0.03,33,293,0.0,1,0.51623404,0.51623404,1.0596699,0.0,0.087162584,0.0,0.0,4.2053372e-05,-27.638186,2.3313203,0.77710676,0.112,0.0,0.16449472,8.760017,8.790017,940800
hardzero_plus_depr__c0p52__z1p00__lam0p030__nu0p50__psi0p75,hardzero_plus_depr,0.03,33,294,0.0,1,0.51623404,0.51623404,1.0866704,0.0,0.08190862,0.0,0.0,4.1117735e-05,-27.696095,2.3907225,0.79690754,0.120000005,0.0,0.13454622,8.790017,8.820017,944000
hardzero_plus_depr__c0p52__z1p00__lam0p030__nu0p50__psi0p75,hardzero_plus_depr,0.03,33,295,0.0,1,0.51623404,0.51623815,0.9925592,0.10172806,0.10172806,1.0,4.0897667e-06,4.0202936e-05,-26.33941,2.1836739,0.7278913,0.14400001,0.0,0.13956617,8.820017,8.850017,947200
hardzero_plus_depr__c0p52__z1p00__lam0p030__nu0p50__psi0p75,hardzero_plus_depr,0.03,33,296,0.0,1,0.51623815,0.5162421,0.9973795,0.10060521,0.10060521,1.0,3.9546385e-06,3.9308485e-05,-26.53024,2.1942787,0.73142624,0.136,0.0,0.14416066,8.850017,8.880016,950400
hardzero_plus_depr__c0p52__z1p00__lam0p030__nu0p50__psi0p75,hardzero_plus_depr,0.03,33,297,0.0,1,0.5162421,0.5162421,1.0850885,0.0,0.08220751,0.0,0.0,3.843392e-05,-28.562551,2.3872423,0.79574746,0.128,0.0,0.19345054,8.880016,8.910016,953600
hardzero_plus_depr__c0p52__z1p00__lam0p030__nu0p50__psi0p75,hardzero_plus_depr,0.03,33,298,0.0,1,0.5162421,0.5162421,1.0452753,0.0,0.09009999,0.0,0.0,3.7578808e-05,-27.425386,2.2996516,0.76655054,0.15200001,0.0,0.14960897,8.910016,8.940016,956800
hardzero_plus_depr__c0p52__z1p00__lam0p030__nu0p50__psi0p75,hardzero_plus_depr,0.03,33,299,0.0,1,0.5162421,0.5162458,0.9965483,0.10079795,0.10079795,1.0,3.7035934e-06,3.6742746e-05,-26.710335,2.19245,0.7308167,0.13,0.0,0.14456685,8.940016,8.970016,960000
hardzero_plus_depr__c0p52__z1p00__lam0p030__nu0p50__psi0p75,hardzero_plus_depr,0.03,33,300,0.0,1,0.5162458,0.5162458,1.0193063,0.0,0.095651925,0.0,0.0,3.592528e-05,-26.543003,2.2425187,0.74750626,0.14400001,0.0,0.12914251,8.970016,9.000015,963200
hardzero_plus_depr__c0p52__z1p00__lam0p030__nu0p50__psi0p75,hardzero_plus_depr,0.03,33,301,0.0,1,0.5162458,0.51624936,0.99267584,0.10170075,0.10170075,1.0,3.572339e-06,3.5125984e-05,-27.33365,2.1839304,0.7279768,0.128,0.0,0.15529284,9.000015,9.030015,966400
hardzero_plus_depr__c0p52__z1p00__lam0p030__nu0p50__psi0p75,hardzero_plus_depr,0.03,33,302,0.0,1,0.51624936,0.51624936,1.0379901,0.0,0.091624126,0.0,0.0,3.4344474e-05,-27.20501,2.283624,0.761208,0.096,0.0,0.16409561,9.030015,9.060015,969600
hardzero_plus_depr__c0p52__z1p00__lam0p030__nu0p50__psi0p75,hardzero_plus_depr,0.03,33,303,0.0,1,0.51624936,0.51624936,1.0330476,0.0,0.092672825,0.0,0.0,3.3580367e-05,-27.623291,2.27275,0.7575833,0.17600001,0.0,0.17044581,9.060015,9.090014,972800
hardzero_plus_depr__c0p52__z1p00__lam0p030__nu0p50__psi0p75,hardzero_plus_depr,0.03,33,304,0.0,1,0.51624936,0.51624936,1.0605265,0.0,0.08699084,0.0,0.0,3.2833257e-05,-27.926596,2.3332047,0.77773494,0.128,0.0,0.14332382,9.090014,9.120014,976000
hardzero_plus_depr__c0p52__z1p00__lam0p030__nu0p50__psi0p75,hardzero_plus_depr,0.03,33,305,0.0,1,0.51624936,0.51624936,1.0248206,0.0,0.09444509,0.0,0.0,3.210276e-05,-26.995943,2.2546504,0.75155014,0.104,0.0,0.14502667,9.120014,9.150014,979200
hardzero_plus_depr__c0p52__z1p00__lam0p030__nu0p50__psi0p75,hardzero_plus_depr,0.03,33,306,0.0,1,0.51624936,0.51624936,1.0926099,0.0,0.080796055,0.0,0.0,3.138851e-05,-29.215626,2.4037898,0.8012633,0.15200001,0.0,0.1699969,9.150014,9.180014,982400
hardzero_plus_depr__c0p52__z1p00__lam0p030__nu0p50__psi0p75,hardzero_plus_depr,0.03,33,307,0.0,1,0.51624936,0.51624936,1.0392811,0.0,0.091352165,0.0,0.0,3.069017e-05,-27.186747,2.2864642,0.76215476,0.120000005,0.0,0.15655166,9.180014,9.210013,985600
hardzero_plus_depr__c0p52__z1p00__lam0p030__nu0p50__psi0p75,hardzero_plus_depr,0.03,33,308,0.0,1,0.51624936,0.51624936,1.0406088,0.0,0.09107333,0.0,0.0,3.0007366e-05,-27.486755,2.289385,0.7631284,0.2,0.0,0.16381636,9.210013,9.240013,988800
hardzero_plus_depr__c0p52__z1p00__lam0p030__nu0p50__psi0p75,hardzero_plus_depr,0.03,33,309,0.0,1,0.51624936,0.51625234,0.98952526,0.10244121,0.10244121,1.0,3.005598e-06,2.9339737e-05,-26.35529,2.176999,0.7256664,0.104,0.0,0.12704028,9.240013,9.270013,992000
hardzero_plus_depr__c0p52__z1p00__lam0p030__nu0p50__psi0p75,hardzero_plus_depr,0.03,33,310,0.0,1,0.51625234,0.51625234,1.0555339,0.0,0.08799665,0.0,0.0,2.8686964e-05,-27.854366,2.3222208,0.7740736,0.136,0.0,0.15269814,9.270013,9.300013,995200
hardzero_plus_depr__c0p52__z1p00__lam0p030__nu0p50__psi0p75,hardzero_plus_depr,0.03,33,311,0.0,1,0.51625234,0.51625234,1.0447049,0.0,0.09021838,0.0,0.0,2.8048727e-05,-27.876904,2.2983966,0.76613224,0.17600001,0.0,0.1630669,9.300013,9.330012,998400
hardzero_plus_depr__c0p52__z1p00__lam0p030__nu0p50__psi0p75,hardzero_plus_depr,0.03,33,312,0.0,1,0.51625234,0.51625234,1.0310105,0.0,0.09310854,0.0,0.0,2.7424687e-05,-27.411123,2.2682683,0.75608945,0.12,0.0,0.13921835,9.330012,9.360012,1001600
hardzero_plus_depr__c0p52__z1p00__lam0p030__nu0p50__psi0p75,hardzero_plus_depr,0.03,33,313,0.0,1,0.51625234,0.51625234,1.0154225,0.0,0.096511155,0.0,0.0,2.6814521e-05,-27.09915,2.233974,0.744658,0.16800001,0.0,0.13204251,9.360012,9.390012,1004800
hardzero_plus_depr__c0p52__z1p00__lam0p030__nu0p50__psi0p75,hardzero_plus_depr,0.03,33,314,0.0,1,0.51625234,0.5162551,0.97802496,0.10519013,0.10519013,1.0,2.7578676e-06,2.6217931e-05,-26.171364,2.1516979,0.71723264,0.224,0.0,0.1259098,9.390012,9.4200115,1008000
hardzero_plus_depr__c0p52__z1p00__lam0p030__nu0p50__psi0p75,hardzero_plus_depr,0.03,33,315,0.0,1,0.5162551,0.5162551,1.0620824,0.0,0.086679734,0.0,0.0,2.5634627e-05,-27.762823,2.336628,0.778876,0.136,0.0,0.151171,9.4200115,9.450011,1011200
hardzero_plus_depr__c0p52__z1p00__lam0p030__nu0p50__psi0p75,hardzero_plus_depr,0.03,33,316,0.0,1,0.5162551,0.5162551,1.0646727,0.0,0.08616429,0.0,0.0,2.5064299e-05,-28.93933,2.3423266,0.78077555,0.23200001,0.0,0.1694478,9.450011,9.480011,1014400
hardzero_plus_depr__c0p52__z1p00__lam0p030__nu0p50__psi0p75,hardzero_plus_depr,0.03,33,317,0.0,1,0.5162551,0.5162551,1.0284145,0.0,0.093666755,0.0,0.0,2.4506648e-05,-26.899832,2.262557,0.7541857,0.192,0.0,0.15086792,9.480011,9.510011,1017600
hardzero_plus_depr__c0p52__z1p00__lam0p030__nu0p50__psi0p75,hardzero_plus_depr,0.03,33,318,0.0,1,0.5162551,0.5162551,1.0135626,0.0,0.096925355,0.0,0.0,2.3961406e-05,-27.872808,2.2298822,0.7432941,0.128,0.0,0.17509225,9.510011,9.54001,1020800
hardzero_plus_depr__c0p52__z1p00__lam0p030__nu0p50__psi0p75,hardzero_plus_depr,0.03,33,319,0.0,1,0.5162551,0.5162551,1.0658889,0.0,0.08592332,0.0,0.0,2.3428302e-05,-28.207607,2.3450024,0.7816675,0.208,0.0,0.16985187,9.54001,9.57001,1024000
hardzero_plus_depr__c0p52__z1p00__lam0p030__nu0p50__psi0p75,hardzero_plus_depr,0.03,33,320,0.0,1,0.5162551,0.5162551,1.0427933,0.0,0.09061639,0.0,0.0,2.2907061e-05,-26.870604,2.294191,0.76473033,0.216,0.0,0.16071253,9.57001,9.60001,1027200
hardzero_plus_depr__c0p52__z1p00__lam0p030__nu0p50__psi0p75,hardzero_plus_depr,0.03,33,321,0.0,1,0.5162551,0.5162551,1.0267411,0.0,0.09402836,0.0,0.0,2.2397408e-05,-26.998388,2.2588756,0.75295854,0.136,0.0,0.14465702,9.60001,9.63001,1030400
hardzero_plus_depr__c0p52__z1p00__lam0p030__nu0p50__psi0p75,hardzero_plus_depr,0.03,33,322,0.0,1,0.5162551,0.5162551,1.0402145,0.0,0.09115603,0.0,0.0,2.1899092e-05,-28.083271,2.2885177,0.76283926,0.104,0.0,0.15117897,9.63001,9.660009,1033600
hardzero_plus_depr__c0p52__z1p00__lam0p030__nu0p50__psi0p75,hardzero_plus_depr,0.03,33,323,0.0,1,0.5162551,0.5162573,0.9930126,0.10162191,0.10162191,1.0,2.1759156e-06,2.1411874e-05,-26.823212,2.1846714,0.7282238,0.136,0.0,0.13926339,9.660009,9.690009,1036800
hardzero_plus_depr__c0p52__z1p00__lam0p030__nu0p50__psi0p75,hardzero_plus_depr,0.03,33,324,0.0,1,0.5162573,0.5162573,1.0304049,0.0,0.09323845,0.0,0.0,2.0935497e-05,-27.690825,2.266936,0.7556454,0.14400001,0.0,0.14679138,9.690009,9.720009,1040000
hardzero_plus_depr__c0p52__z1p00__lam0p030__nu0p50__psi0p75,hardzero_plus_depr,0.03,33,325,0.0,1,0.5162573,0.5162573,1.0116206,0.0,0.09735973,0.0,0.0,2.0469704e-05,-27.211557,2.2256098,0.7418699,0.14,0.0,0.13241705,9.720009,9.750009,1043200
hardzero_plus_depr__c0p52__z1p00__lam0p030__nu0p50__psi0p75,hardzero_plus_depr,0.03,33,326,0.0,1,0.5162573,0.5162573,1.0041753,0.0,0.099043205,0.0,0.0,2.0014279e-05,-26.49668,2.2092297,0.7364099,0.16000001,0.0,0.13863699,9.750009,9.780008,1046400
hardzero_plus_depr__c0p52__z1p00__lam0p030__nu0p50__psi0p75,hardzero_plus_depr,0.03,33,327,0.0,1,0.5162573,0.51625943,0.9639551,0.10865379,0.10865379,1.0,2.1262456e-06,1.9568995e-05,-26.363045,2.1207435,0.70691454,0.192,0.0,0.14023899,9.780008,9.810008,1049600
hardzero_plus_depr__c0p52__z1p00__lam0p030__nu0p50__psi0p75,hardzero_plus_depr,0.03,33,328,0.0,1,0.51625943,0.51625943,1.0260627,0.0,0.09417536,0.0,0.0,1.9133618e-05,-26.991426,2.257383,0.7524611,0.14400001,0.0,0.13882796,9.810008,9.840008,1052800
hardzero_plus_depr__c0p52__z1p00__lam0p030__nu0p50__psi0p75,hardzero_plus_depr,0.03,33,329,0.0,1,0.51625943,0.5162613,0.9988239,0.10027119,0.10027119,1.0,1.8758652e-06,1.8707919e-05,-26.928444,2.1974564,0.7324855,0.15200001,0.0,0.1471858,9.840008,9.8700075,1056000
hardzero_plus_depr__c0p52__z1p00__lam0p030__nu0p50__psi0p75,hardzero_plus_depr,0.03,33,330,0.0,1,0.5162613,0.5162613,1.0353113,0.0,0.092191026,0.0,0.0,1.8291688e-05,-27.62394,2.2777305,0.7592435,0.15200001,0.0,0.18198632,9.8700075,9.900007,1059200
hardzero_plus_depr__c0p52__z1p00__lam0p030__nu0p50__psi0p75,hardzero_plus_depr,0.03,33,331,0.0,1,0.5162613,0.5162613,1.0363008,0.0,0.09198122,0.0,0.0,1.7884728e-05,-26.963661,2.2799072,0.7599691,0.136,0.0,0.14584349,9.900007,9.930007,1062400
hardzero_plus_depr__c0p52__z1p00__lam0p030__nu0p50__psi0p75,hardzero_plus_depr,0.03,33,332,0.0,1,0.5162613,0.5162613,1.0033232,0.0,0.09923771,0.0,0.0,1.7486824e-05,-26.131805,2.207355,0.735785,0.15200001,0.0,0.13355024,9.930007,9.960007,1065600
hardzero_plus_depr__c0p52__z1p00__lam0p030__nu0p50__psi0p75,hardzero_plus_depr,0.03,33,333,0.0,1,0.5162613,0.5162613,1.0425215,0.0,0.09067312,0.0,0.0,1.7097762e-05,-27.44045,2.2935932,0.7645311,0.128,0.0,0.140297,9.960007,9.990006,1068800
hardzero_plus_depr__c0p52__z1p00__lam0p030__nu0p50__psi0p75,hardzero_plus_depr,0.03,33,334,0.0,1,0.5162613,0.5162613,1.0773083,0.0,0.08369348,0.0,0.0,1.6717358e-05,-28.603962,2.3701255,0.79004186,0.16800001,0.0,0.15924808,9.990006,10.020006,1072000
hardzero_plus_depr__c0p52__z1p00__lam0p030__nu0p50__psi0p75,hardzero_plus_depr,0.03,33,335,0.0,1,0.5162613,0.5162613,1.0125692,0.0,0.097147316,0.0,0.0,1.6345424e-05,-26.773752,2.2276967,0.7425656,0.136,0.0,0.14642921,10.020006,10.050006,1075200
hardzero_plus_depr__c0p52__z1p00__lam0p030__nu0p50__psi0p75,hardzero_plus_depr,0.03,33,336,0.0,1,0.5162613,0.5162613,1.050673,0.0,0.08898708,0.0,0.0,1.5981766e-05,-27.34644,2.3115268,0.77050894,0.072000004,0.0,0.1468614,10.050006,10.080006,1078400
hardzero_plus_depr__c0p52__z1p00__lam0p030__nu0p50__psi0p75,hardzero_plus_depr,0.03,33,337,0.0,1,0.5162613,0.5162613,1.008683,0.0,0.098020524,0.0,0.0,1.562619e-05,-27.091831,2.2191467,0.7397156,0.16800001,0.0,0.14407529,10.080006,10.110005,1081600
hardzero_plus_depr__c0p52__z1p00__lam0p030__nu0p50__psi0p75,hardzero_plus_depr,0.03,33,338,0.0,1,0.5162613,0.5162613,1.0689739,0.0,0.08531514,0.0,0.0,1.5278527e-05,-27.439676,2.3517895,0.7839298,0.21,0.0,0.17511505,10.110005,10.140005,1084800
hardzero_plus_depr__c0p52__z1p00__lam0p030__nu0p50__psi0p75,hardzero_plus_depr,0.03,33,339,0.0,1,0.5162613,0.5162613,1.0265638,0.0,0.09406676,0.0,0.0,1.4938605e-05,-27.38973,2.2584853,0.7528285,0.16000001,0.0,0.14088044,10.140005,10.170005,1088000
hardzero_plus_depr__c0p52__z1p00__lam0p030__nu0p50__psi0p75,hardzero_plus_depr,0.03,33,340,0.0,1,0.5162613,0.5162613,1.050737,0.0,0.08897397,0.0,0.0,1.4606246e-05,-26.91074,2.3116677,0.7705559,0.16000001,0.0,0.14083016,10.170005,10.200005,1091200
hardzero_plus_depr__c0p52__z1p00__lam0p030__nu0p50__psi0p75,hardzero_plus_depr,0.03,33,341,0.0,1,0.5162613,0.51626277,0.9755561,0.10578982,0.10578982,1.0,1.5108134e-06,1.4281274e-05,-26.784847,2.1462662,0.7154221,0.17600001,0.0,0.13631764,10.200005,10.230004,1094400
hardzero_plus_depr__c0p52__z1p00__lam0p030__nu0p50__psi0p75,hardzero_plus_depr,0.03,33,342,0.0,1,0.51626277,0.51626277,1.0278836,0.0,0.093781315,0.0,0.0,1.3963533e-05,-27.33464,2.2613893,0.75379646,0.17600001,0.0,0.15792303,10.230004,10.260004,1097600
hardzero_plus_depr__c0p52__z1p00__lam0p030__nu0p50__psi0p75,hardzero_plus_depr,0.03,33,343,0.0,1,0.51626277,0.51626277,1.0021256,0.0,0.099511735,0.0,0.0,1.3652868e-05,-26.30845,2.2047203,0.7349068,0.192,0.0,0.1421593,10.260004,10.290004,1100800
hardzero_plus_depr__c0p52__z1p00__lam0p030__nu0p50__psi0p75,hardzero_plus_depr,0.03,33,344,0.0,1,0.51626277,0.51626414,0.9918842,0.10188631,0.10188631,1.0,1.3600921e-06,1.3349116e-05,-26.447763,2.1821887,0.72739625,0.216,0.0,0.15400134,10.290004,10.3200035,1104000
hardzero_plus_depr__c0p52__z1p00__lam0p030__nu0p50__psi0p75,hardzero_plus_depr,0.03,33,345,0.0,1,0.51626414,0.5162656,0.95919245,0.1098519,0.1098519,1.0,1.4337993e-06,1.3052112e-05,-26.677736,2.1102655,0.70342183,0.224,0.0,0.13085629,10.3200035,10.350003,1107200
hardzero_plus_depr__c0p52__z1p00__lam0p030__nu0p50__psi0p75,hardzero_plus_depr,0.03,33,346,0.0,1,0.5162656,0.5162656,1.0346076,0.0,0.09234052,0.0,0.0,1.2761719e-05,-27.344341,2.2761822,0.75872743,0.15200001,0.0,0.12949458,10.350003,10.380003,1110400
hardzero_plus_depr__c0p52__z1p00__lam0p030__nu0p50__psi0p75,hardzero_plus_depr,0.03,33,347,0.0,1,0.5162656,0.5162656,1.0495707,0.0,0.08921324,0.0,0.0,1.2477792e-05,-27.585905,2.3091016,0.7697005,0.104,0.0,0.16642411,10.380003,10.410003,1113600
hardzero_plus_depr__c0p52__z1p00__lam0p030__nu0p50__psi0p75,hardzero_plus_depr,0.03,33,348,0.0,1,0.5162656,0.5162656,1.078429,0.0,0.083477795,0.0,0.0,1.2200182e-05,-28.385965,2.372591,0.7908637,0.112,0.0,0.14210564,10.410003,10.440002,1116800
hardzero_plus_depr__c0p52__z1p00__lam0p030__nu0p50__psi0p75,hardzero_plus_depr,0.03,33,349,0.0,1,0.5162656,0.5162656,1.0197092,0.0,0.0955632,0.0,0.0,1.1928742e-05,-26.647474,2.243405,0.7478017,0.14400001,0.0,0.1387445,10.440002,10.470002,1120000
hardzero_plus_depr__c0p52__z1p00__lam0p030__nu0p50__psi0p75,hardzero_plus_depr,0.03,33,350,0.0,1,0.5162656,0.5162656,1.0322818,0.0,0.09283638,0.0,0.0,1.1663342e-05,-26.895166,2.2710652,0.7570218,0.16800001,0.0,0.13374995,10.470002,10.500002,1123200
hardzero_plus_depr__c0p52__z1p00__lam0p030__nu0p50__psi0p75,hardzero_plus_depr,0.03,33,351,0.0,1,0.5162656,0.5162656,1.0557913,0.0,0.0879445,0.0,0.0,1.1403852e-05,-28.325113,2.322787,0.77426237,0.14999999,0.0,0.14667517,10.500002,10.530002,1126400
hardzero_plus_depr__c0p52__z1p00__lam0p030__nu0p50__psi0p75,hardzero_plus_depr,0.03,33,352,0.0,1,0.5162656,0.5162656,1.0063986,0.0,0.09853747,0.0,0.0,1.1150136e-05,-26.77324,2.214121,0.7380404,0.120000005,0.0,0.14830707,10.530002,10.560001,1129600
hardzero_plus_depr__c0p52__z1p00__lam0p030__nu0p50__psi0p75,hardzero_plus_depr,0.03,33,353,0.0,1,0.5162656,0.5162656,1.0189977,0.0,0.09571991,0.0,0.0,1.0902058e-05,-27.219799,2.2418396,0.7472799,0.104,0.0,0.13215049,10.560001,10.590001,1132800
hardzero_plus_depr__c0p52__z1p00__lam0p030__nu0p50__psi0p75,hardzero_plus_depr,0.03,33,354,0.0,1,0.5162656,0.5162656,1.0259956,0.0,0.09418991,0.0,0.0,1.0659501e-05,-27.657703,2.2572355,0.75241184,0.23200001,0.0,0.1813722,10.590001,10.620001,1136000
hardzero_plus_depr__c0p52__z1p00__lam0p030__nu0p50__psi0p75,hardzero_plus_depr,0.03,33,355,0.0,1,0.5162656,0.51626664,0.985118,0.103486106,0.103486106,1.0,1.0785678e-06,1.04223445e-05,-26.677011,2.1673028,0.7224343,0.15200001,0.0,0.15718395,10.620001,10.650001,1139200
hardzero_plus_depr__c0p52__z1p00__lam0p030__nu0p50__psi0p75,hardzero_plus_depr,0.03,33,356,0.0,1,0.51626664,0.51626664,1.0510641,0.0,0.08890698,0.0,0.0,1.0190464e-05,-27.044027,2.3123872,0.77079576,0.16800001,0.0,0.15527532,10.650001,10.68,1142400
hardzero_plus_depr__c0p52__z1p00__lam0p030__nu0p50__psi0p75,hardzero_plus_depr,0.03,33,357,0.0,1,0.51626664,0.51626664,1.0868338,0.0,0.0818778,0.0,0.0,9.963739e-06,-29.175985,2.3910823,0.79702747,0.128,0.0,0.17957391,10.68,10.71,1145600
hardzero_plus_depr__c0p52__z1p00__lam0p030__nu0p50__psi0p75,hardzero_plus_depr,0.03,33,358,0.0,1,0.51626664,0.51626664,1.0263507,0.0,0.09411292,0.0,0.0,9.742058e-06,-26.657007,2.2580168,0.7526723,0.14400001,0.0,0.14396869,10.71,10.74,1148800
hardzero_plus_depr__c0p52__z1p00__lam0p030__nu0p50__psi0p75,hardzero_plus_depr,0.03,33,359,0.0,1,0.51626664,0.5162676,0.9872105,0.10298868,0.10298868,1.0,9.809991e-07,9.525309e-06,-26.388336,2.1719065,0.72396886,0.16800001,0.0,0.13625117,10.74,10.7699995,1152000
hardzero_plus_depr__c0p52__z1p00__lam0p030__nu0p50__psi0p75,hardzero_plus_depr,0.03,33,360,0.0,1,0.5162676,0.5162676,1.0510299,0.0,0.08891398,0.0,0.0,9.313391e-06,-27.660486,2.3123121,0.7707707,0.16000001,0.0,0.14740926,10.7699995,10.799999,1155200
hardzero_plus_depr__c0p52__z1p00__lam0p030__nu0p50__psi0p75,hardzero_plus_depr,0.03,33,361,0.0,1,0.5162676,0.51626855,0.98356026,0.10385795,0.10385795,1.0,9.457491e-07,9.106179e-06,-27.084711,2.1638758,0.72129196,0.16800001,0.0,0.11790399,10.799999,10.829999,1158400
hardzero_plus_depr__c0p52__z1p00__lam0p030__nu0p50__psi0p75,hardzero_plus_depr,0.03,33,362,0.0,1,0.51626855,0.5162695,0.96039927,0.10954707,0.10954707,1.0,9.753609e-07,8.9035775e-06,-26.055317,2.1129205,0.70430684,0.192,0.0,0.13553081,10.829999,10.859999,1161600
hardzero_plus_depr__c0p52__z1p00__lam0p030__nu0p50__psi0p75,hardzero_plus_depr,0.03,33,363,0.0,1,0.5162695,0.5162695,1.0144368,0.0,0.09673044,0.0,0.0,8.705491e-06,-26.815105,2.2318056,0.7439352,0.14400001,0.0,0.1349289,10.859999,10.889998,1164800
hardzero_plus_depr__c0p52__z1p00__lam0p030__nu0p50__psi0p75,hardzero_plus_depr,0.03,33,364,0.0,1,0.5162695,0.51627046,0.9416726,0.11437403,0.11437403,1.0,9.735295e-07,8.511805e-06,-25.430815,2.071721,0.6905737,0.14999999,0.0,0.14947985,10.889998,10.919998,1168000
hardzero_plus_depr__c0p52__z1p00__lam0p030__nu0p50__psi0p75,hardzero_plus_depr,0.03,33,365,0.0,1,0.51627046,0.51627046,1.0431582,0.0,0.09054026,0.0,0.0,8.322428e-06,-27.689611,2.2949939,0.76499796,0.104,0.0,0.15510984,10.919998,10.949998,1171200
hardzero_plus_depr__c0p52__z1p00__lam0p030__nu0p50__psi0p75,hardzero_plus_depr,0.03,33,366,0.0,1,0.51627046,0.51627135,0.97276807,0.106471136,0.106471136,1.0,8.6638363e-07,8.137263e-06,-27.250492,2.1401324,0.7133775,0.192,0.0,0.15257455,10.949998,10.979998,1174400
hardzero_plus_depr__c0p52__z1p00__lam0p030__nu0p50__psi0p75,hardzero_plus_depr,0.03,33,367,0.0,1,0.51627135,0.51627135,1.0147965,0.0,0.09665036,0.0,0.0,7.95622e-06,-26.812548,2.2325969,0.744199,0.104,0.0,0.14867729,10.979998,11.009997,1177600
hardzero_plus_depr__c0p52__z1p00__lam0p030__nu0p50__psi0p75,hardzero_plus_depr,0.03,33,368,0.0,1,0.51627135,0.5162722,0.97913367,0.104921944,0.104921944,1.0,8.1620993e-07,7.779211e-06,-26.274513,2.1541371,0.7180457,0.18400002,0.0,0.122539714,11.009997,11.039997,1180800
hardzero_plus_depr__c0p52__z1p00__lam0p030__nu0p50__psi0p75,hardzero_plus_depr,0.03,33,369,0.0,1,0.5162722,0.5162722,1.0119283,0.0,0.09729077,0.0,0.0,7.6061324e-06,-27.19314,2.2262866,0.7420956,0.136,0.0,0.14356783,11.039997,11.069997,1184000
hardzero_plus_depr__c0p52__z1p00__lam0p030__nu0p50__psi0p75,hardzero_plus_depr,0.03,33,370,0.0,1,0.5162722,0.5162722,1.0066079,0.0,0.09849,0.0,0.0,7.4369054e-06,-26.884977,2.2145815,0.73819387,0.17600001,0.0,0.13888392,11.069997,11.099997,1187200
hardzero_plus_depr__c0p52__z1p00__lam0p030__nu0p50__psi0p75,hardzero_plus_depr,0.03,33,371,0.0,1,0.5162722,0.51627296,0.96939003,0.107302524,0.107302524,1.0,7.802449e-07,7.2714492e-06,-26.377354,2.1327007,0.71090025,0.23200001,0.0,0.14086941,11.099997,11.129996,1190400
hardzero_plus_depr__c0p52__z1p00__lam0p030__nu0p50__psi0p75,hardzero_plus_depr,0.03,33,372,0.0,1,0.51627296,0.51627296,1.0390908,0.0,0.09139223,0.0,0.0,7.1096683e-06,-27.724018,2.2860453,0.7620151,0.2,0.0,0.17230175,11.129996,11.159996,1193600
hardzero_plus_depr__c0p52__z1p00__lam0p030__nu0p50__psi0p75,hardzero_plus_depr,0.03,33,373,0.0,1,0.51627296,0.51627296,1.0140961,0.0,0.09680635,0.0,0.0,6.9514867e-06,-26.800667,2.231056,0.74368536,0.136,0.0,0.13442507,11.159996,11.189996,1196800
hardzero_plus_depr__c0p52__z1p00__lam0p030__nu0p50__psi0p75,hardzero_plus_depr,0.03,33,374,0.0,1,0.51627296,0.5162736,0.99786186,0.10049354,0.10049354,1.0,6.83037e-07,6.796825e-06,-26.313456,2.19534,0.73178,0.080000006,0.0,0.123774,11.189996,11.2199955,1200000
hardzero_plus_depr__c0p52__z1p00__lam0p030__nu0p50__psi0p75,hardzero_plus_depr,0.03,33,375,0.0,1,0.5162736,0.5162736,1.0467433,0.0,0.089795955,0.0,0.0,6.6456037e-06,-27.000849,2.3028812,0.7676271,0.15200001,0.0,0.13809495,11.2199955,11.249995,1203200
hardzero_plus_depr__c0p52__z1p00__lam0p030__nu0p50__psi0p75,hardzero_plus_depr,0.03,33,376,0.0,1,0.5162736,0.5162736,1.0108061,0.0,0.09754252,0.0,0.0,6.4977535e-06,-27.325563,2.2238178,0.7412726,0.18400002,0.0,0.13709137,11.249995,11.279995,1206400
hardzero_plus_depr__c0p52__z1p00__lam0p030__nu0p50__psi0p75,hardzero_plus_depr,0.03,33,377,0.0,1,0.5162736,0.5162736,1.0339665,0.0,0.092476934,0.0,0.0,6.353186e-06,-26.881748,2.274772,0.7582573,0.17999999,0.0,0.17263955,11.279995,11.309995,1209600
hardzero_plus_depr__c0p52__z1p00__lam0p030__nu0p50__psi0p75,hardzero_plus_depr,0.03,33,378,0.0,1,0.5162736,0.5162736,1.0530645,0.0,0.08849841,0.0,0.0,6.211835e-06,-27.966936,2.3167882,0.77226275,0.16000001,0.0,0.17681554,11.309995,11.339994,1212800
hardzero_plus_depr__c0p52__z1p00__lam0p030__nu0p50__psi0p75,hardzero_plus_depr,0.03,33,379,0.0,1,0.5162736,0.5162743,0.9642532,0.10857923,0.10857923,1.0,6.5947063e-07,6.073635e-06,-25.702812,2.1213994,0.7071332,0.15200001,0.0,0.11698195,11.339994,11.369994,1216000
hardzero_plus_depr__c0p52__z1p00__lam0p030__nu0p50__psi0p75,hardzero_plus_depr,0.03,33,380,0.0,1,0.5162743,0.5162743,1.0554756,0.0,0.088008456,0.0,0.0,5.9385043e-06,-28.199392,2.3220928,0.7740309,0.18400002,0.0,0.1509623,11.369994,11.399994,1219200
hardzero_plus_depr__c0p52__z1p00__lam0p030__nu0p50__psi0p75,hardzero_plus_depr,0.03,33,381,0.0,1,0.5162743,0.5162743,1.0326233,0.0,0.09276341,0.0,0.0,5.8063797e-06,-27.51931,2.2718165,0.7572722,0.128,0.0,0.14394478,11.399994,11.429994,1222400
hardzero_plus_depr__c0p52__z1p00__lam0p030__nu0p50__psi0p75,hardzero_plus_depr,0.03,33,382,0.0,1,0.5162743,0.5162743,1.0715592,0.0,0.084808774,0.0,0.0,5.677194e-06,-27.854162,2.3574772,0.7858257,0.128,0.0,0.15372902,11.429994,11.459993,1225600
hardzero_plus_depr__c0p52__z1p00__lam0p030__nu0p50__psi0p75,hardzero_plus_depr,0.03,33,383,0.0,1,0.5162743,0.5162743,1.0426415,0.0,0.09064804,0.0,0.0,5.550884e-06,-27.413946,2.293857,0.76461905,0.2,0.0,0.16032387,11.459993,11.489993,1228800
hardzero_plus_depr__c0p52__z1p00__lam0p030__nu0p50__psi0p75,hardzero_plus_depr,0.03,33,384,0.0,1,0.5162743,0.5162743,1.033461,0.0,0.09258467,0.0,0.0,5.4273883e-06,-27.14843,2.2736595,0.7578865,0.208,0.0,0.16745657,11.489993,11.519993,1232000
hardzero_plus_depr__c0p52__z1p00__lam0p030__nu0p50__psi0p75,hardzero_plus_depr,0.03,33,385,0.0,1,0.5162743,0.5162743,1.0464933,0.0,0.089847654,0.0,0.0,5.306635e-06,-26.832384,2.3023312,0.7674438,0.096,0.0,0.14566138,11.519993,11.549993,1235200
hardzero_plus_depr__c0p52__z1p00__lam0p030__nu0p50__psi0p75,hardzero_plus_depr,0.03,33,386,0.0,1,0.5162743,0.5162743,1.0061966,0.0,0.09858331,0.0,0.0,5.188569e-06,-27.384083,2.2136767,0.73789227,0.16800001,0.0,0.13976017,11.549993,11.579992,1238400
hardzero_plus_depr__c0p52__z1p00__lam0p030__nu0p50__psi0p75,hardzero_plus_depr,0.03,33,387,0.0,1,0.5162743,0.5162743,1.0785252,0.0,0.08345931,0.0,0.0,5.0731346e-06,-27.658295,2.3728027,0.79093426,0.120000005,0.0,0.15760307,11.579992,11.609992,1241600
hardzero_plus_depr__c0p52__z1p00__lam0p030__nu0p50__psi0p75,hardzero_plus_depr,0.03,33,388,0.0,1,0.5162743,0.5162743,1.0293696,0.0,0.09346099,0.0,0.0,4.9602636e-06,-28.013403,2.2646585,0.75488615,0.17600001,0.0,0.1729751,11.609992,11.639992,1244800
hardzero_plus_depr__c0p52__z1p00__lam0p030__nu0p50__psi0p75,hardzero_plus_depr,0.03,33,389,0.0,1,0.5162743,0.5162748,0.9779334,0.10521231,0.10521231,1.0,5.1026956e-07,4.8499037e-06,-25.507051,2.1514964,0.71716547,0.192,0.0,0.12970607,11.639992,11.6699915,1248000
hardzero_plus_depr__c0p52__z1p00__lam0p030__nu0p50__psi0p75,hardzero_plus_depr,0.03,33,390,0.0,1,0.5162748,0.5162748,1.0138361,0.0,0.09686432,0.0,0.0,4.741999e-06,-27.48284,2.230484,0.7434947,0.17999999,0.0,0.12611122,11.6699915,11.699991,1251200
hardzero_plus_depr__c0p52__z1p00__lam0p030__nu0p50__psi0p75,hardzero_plus_depr,0.03,33,391,0.0,1,0.5162748,0.5162748,1.0201796,0.0,0.09545976,0.0,0.0,4.6364953e-06,-26.386417,2.24444,0.7481467,0.16000001,0.0,0.1232493,11.699991,11.729991,1254400
hardzero_plus_depr__c0p52__z1p00__lam0p030__nu0p50__psi0p75,hardzero_plus_depr,0.03,33,392,0.0,1,0.5162748,0.5162753,0.9803088,0.104638435,0.104638435,1.0,4.7436194e-07,4.533343e-06,-26.828663,2.1567223,0.7189075,0.16000001,0.0,0.1319576,11.729991,11.759991,1257600
hardzero_plus_depr__c0p52__z1p00__lam0p030__nu0p50__psi0p75,hardzero_plus_depr,0.03,33,393,0.0,1,0.5162753,0.5162753,1.045392,0.0,0.09007575,0.0,0.0,4.4324815e-06,-28.182,2.2999084,0.76663613,0.208,0.0,0.18946825,11.759991,11.78999,1260800
hardzero_plus_depr__c0p52__z1p00__lam0p030__nu0p50__psi0p75,hardzero_plus_depr,0.03,33,394,0.0,1,0.5162753,0.5162753,1.024883,0.0,0.09443151,0.0,0.0,4.333864e-06,-27.760962,2.2547877,0.7515959,0.14400001,0.0,0.16358358,11.78999,11.81999,1264000
hardzero_plus_depr__c0p52__z1p00__lam0p030__nu0p50__psi0p75,hardzero_plus_depr,0.03,33,395,0.0,1,0.5162753,0.5162757,0.99008423,0.10230945,0.10230945,1.0,4.3353072e-07,4.2374454e-06,-25.57997,2.1782289,0.7260763,0.17600001,0.0,0.12391991,11.81999,11.84999,1267200
hardzero_plus_depr__c0p52__z1p00__lam0p030__nu0p50__psi0p75,hardzero_plus_depr,0.03,33,396,0.0,1,0.5162757,0.5162757,1.0061986,0.0,0.09858284,0.0,0.0,4.1431667e-06,-26.676836,2.2136812,0.73789376,0.18400002,0.0,0.14241585,11.84999,11.87999,1270400
hardzero_plus_depr__c0p52__z1p00__lam0p030__nu0p50__psi0p75,hardzero_plus_depr,0.03,33,397,0.0,1,0.5162757,0.5162757,1.0089103,0.0,0.097969234,0.0,0.0,4.0509863e-06,-26.60512,2.219647,0.73988235,0.16000001,0.0,0.14917412,11.87999,11.909989,1273600
hardzero_plus_depr__c0p52__z1p00__lam0p030__nu0p50__psi0p75,hardzero_plus_depr,0.03,33,398,0.0,1,0.5162757,0.5162757,1.0138472,0.0,0.09686185,0.0,0.0,3.9608567e-06,-27.076986,2.2305083,0.7435028,0.23200001,0.0,0.160884,11.909989,11.939989,1276800
hardzero_plus_depr__c0p52__z1p00__lam0p030__nu0p50__psi0p75,hardzero_plus_depr,0.03,33,399,0.0,1,0.5162757,0.5162757,1.0216876,0.0,0.095128864,0.0,0.0,3.8727326e-06,-27.14557,2.2477577,0.74925256,0.15200001,0.0,0.17085047,11.939989,11.969989,1280000
hardzero_plus_depr__c0p52__z1p00__lam0p030__nu0p50__psi0p75,hardzero_plus_depr,0.03,33,400,0.0,1,0.5162757,0.5162757,1.039661,0.0,0.09127229,0.0,0.0,3.7865723e-06,-27.662573,2.2872999,0.7624333,0.16800001,0.0,0.15489148,11.969989,11.999989,1283200
hardzero_plus_depr__c0p52__z1p00__lam0p030__nu0p50__psi0p75,hardzero_plus_depr,0.03,33,401,0.0,1,0.5162757,0.5162757,1.0682658,0.0,0.08545436,0.0,0.0,3.7023258e-06,-27.579838,2.3502316,0.78341055,0.2,0.0,0.18117693,11.999989,12.029988,1286400
hardzero_plus_depr__c0p52__z1p00__lam0p030__nu0p50__psi0p75,hardzero_plus_depr,0.03,33,402,0.0,1,0.5162757,0.5162757,1.0172435,0.0,0.096107334,0.0,0.0,3.6199535e-06,-27.094479,2.2379804,0.7459935,0.16800001,0.008,0.16467683,12.029988,12.059988,1289600
hardzero_plus_depr__c0p52__z1p00__lam0p030__nu0p50__psi0p75,hardzero_plus_depr,0.03,33,403,0.0,1,0.5162757,0.51627606,0.99171674,0.1019256,0.1019256,1.0,3.6075724e-07,3.5394175e-06,-27.010473,2.1818204,0.72727346,0.17,0.0,0.15876597,12.059988,12.089988,1292800
hardzero_plus_depr__c0p52__z1p00__lam0p030__nu0p50__psi0p75,hardzero_plus_depr,0.03,33,404,0.0,1,0.51627606,0.51627606,1.1034986,0.0,0.078795485,0.0,0.0,3.4606696e-06,-29.249266,2.4277453,0.80924845,0.15200001,0.0,0.13813497,12.089988,12.1199875,1296000
hardzero_plus_depr__c0p52__z1p00__lam0p030__nu0p50__psi0p75,hardzero_plus_depr,0.03,33,405,0.0,1,0.51627606,0.51627606,1.0171235,0.0,0.09613389,0.0,0.0,3.3836739e-06,-27.134186,2.2377162,0.7459054,0.128,0.0,0.1452551,12.1199875,12.149987,1299200
hardzero_plus_depr__c0p52__z1p00__lam0p030__nu0p50__psi0p75,hardzero_plus_depr,0.03,33,406,0.0,1,0.51627606,0.51627606,1.0417055,0.0,0.090843625,0.0,0.0,3.3083913e-06,-27.697525,2.2917979,0.76393265,0.17600001,0.0,0.17223722,12.149987,12.179987,1302400
hardzero_plus_depr__c0p52__z1p00__lam0p030__nu0p50__psi0p75,hardzero_plus_depr,0.03,33,407,0.0,1,0.51627606,0.51627606,1.0353409,0.0,0.09218476,0.0,0.0,3.234783e-06,-27.55947,2.2777956,0.7592652,0.2,0.0,0.16699053,12.179987,12.209987,1305600
hardzero_plus_depr__c0p52__z1p00__lam0p030__nu0p50__psi0p75,hardzero_plus_depr,0.03,33,408,0.0,1,0.51627606,0.51627606,1.0250134,0.0,0.09440317,0.0,0.0,3.1628163e-06,-27.545912,2.2550747,0.7516916,0.192,0.0,0.14956714,12.209987,12.239986,1308800
hardzero_plus_depr__c0p52__z1p00__lam0p030__nu0p50__psi0p75,hardzero_plus_depr,0.03,33,409,0.0,1,0.51627606,0.51627606,1.0279382,0.0,0.09376954,0.0,0.0,3.0924475e-06,-27.629961,2.2615094,0.7538365,0.208,0.0,0.1483526,12.239986,12.269986,1312000
hardzero_plus_depr__c0p52__z1p00__lam0p030__nu0p50__psi0p75,hardzero_plus_depr,0.03,33,410,0.0,1,0.51627606,0.51627606,1.0481266,0.0,0.08951039,0.0,0.0,3.0236442e-06,-27.017956,2.3059244,0.7686415,0.16000001,0.0,0.1472536,12.269986,12.299986,1315200
hardzero_plus_depr__c0p52__z1p00__lam0p030__nu0p50__psi0p75,hardzero_plus_depr,0.03,33,411,0.0,1,0.51627606,0.51627606,1.0202733,0.0,0.095439166,0.0,0.0,2.9563744e-06,-27.339,2.244646,0.7482154,0.16800001,0.0,0.15458113,12.299986,12.329986,1318400
hardzero_plus_depr__c0p52__z1p00__lam0p030__nu0p50__psi0p75,hardzero_plus_depr,0.03,33,412,0.0,1,0.51627606,0.51627636,0.9875354,0.102911666,0.102911666,1.0,2.9747633e-07,2.8905988e-06,-25.795063,2.1726213,0.7242071,0.08800001,0.0,0.14187072,12.329986,12.359985,1321600
hardzero_plus_depr__c0p52__z1p00__lam0p030__nu0p50__psi0p75,hardzero_plus_depr,0.03,33,413,0.0,1,0.51627636,0.51627636,1.0106786,0.0,0.09757112,0.0,0.0,2.8262862e-06,-27.087168,2.2235374,0.74117917,0.14400001,0.0,0.14296573,12.359985,12.389985,1324800
hardzero_plus_depr__c0p52__z1p00__lam0p030__nu0p50__psi0p75,hardzero_plus_depr,0.03,33,414,0.0,1,0.51627636,0.51627666,0.99101686,0.10208998,0.10208998,1.0,2.8211593e-07,2.7634048e-06,-26.555386,2.1802807,0.72676027,0.2,0.0,0.13910317,12.389985,12.419985,1328000
hardzero_plus_depr__c0p52__z1p00__lam0p030__nu0p50__psi0p75,hardzero_plus_depr,0.03,33,415,0.0,1,0.51627666,0.51627666,1.0340592,0.0,0.09245721,0.0,0.0,2.7019223e-06,-27.749937,2.2749755,0.7583252,0.136,0.0,0.16444904,12.419985,12.449985,1331200
hardzero_plus_depr__c0p52__z1p00__lam0p030__nu0p50__psi0p75,hardzero_plus_depr,0.03,33,416,0.0,1,0.51627666,0.51627666,1.072229,0.0,0.084678076,0.0,0.0,2.6418106e-06,-27.598503,2.3589509,0.786317,0.19999999,0.0,0.181338,12.449985,12.479984,1334400
hardzero_plus_depr__c0p52__z1p00__lam0p030__nu0p50__psi0p75,hardzero_plus_depr,0.03,33,417,0.0,1,0.51627666,0.51627666,1.0016099,0.0,0.09962999,0.0,0.0,2.5830334e-06,-26.25101,2.2035859,0.73452866,0.08800001,0.0,0.13657033,12.479984,12.509984,1337600
hardzero_plus_depr__c0p52__z1p00__lam0p030__nu0p50__psi0p75,hardzero_plus_depr,0.03,33,418,0.0,1,0.51627666,0.51627666,1.0316377,0.0,0.09297418,0.0,0.0,2.525564e-06,-26.763515,2.2696483,0.7565495,0.14400001,0.0,0.14646684,12.509984,12.539984,1340800
hardzero_plus_depr__c0p52__z1p00__lam0p030__nu0p50__psi0p75,hardzero_plus_depr,0.03,33,419,0.0,1,0.51627666,0.51627666,1.0673199,0.0,0.08564068,0.0,0.0,2.4693757e-06,-28.318401,2.3481507,0.78271693,0.120000005,0.0,0.13843021,12.539984,12.5699835,1344000
hardzero_plus_depr__c0p52__z1p00__lam0p030__nu0p50__psi0p75,hardzero_plus_depr,0.03,33,420,0.0,1,0.51627666,0.51627666,1.035302,0.0,0.09219301,0.0,0.0,2.414435e-06,-27.217257,2.27771,0.7592367,0.16000001,0.0,0.14770976,12.5699835,12.599983,1347200
hardzero_plus_depr__c0p52__z1p00__lam0p030__nu0p50__psi0p75,hardzero_plus_depr,0.03,33,421,0.0,1,0.51627666,0.51627666,1.0452164,0.0,0.09011219,0.0,0.0,2.3607167e-06,-28.163189,2.2995222,0.7665074,0.18400002,0.008,0.15147367,12.599983,12.629983,1350400
hardzero_plus_depr__c0p52__z1p00__lam0p030__nu0p50__psi0p75,hardzero_plus_depr,0.03,33,422,0.0,1,0.51627666,0.51627666,1.0539665,0.0,0.088314794,0.0,0.0,2.3081936e-06,-28.035498,2.3187726,0.7729242,0.120000005,0.0,0.1419222,12.629983,12.659983,1353600
hardzero_plus_depr__c0p52__z1p00__lam0p030__nu0p50__psi0p75,hardzero_plus_depr,0.03,33,423,0.0,1,0.51627666,0.51627666,1.0008692,0.0,0.09980007,0.0,0.0,2.256839e-06,-27.075365,2.201956,0.73398536,0.17600001,0.0,0.14793417,12.659983,12.689982,1356800
hardzero_plus_depr__c0p52__z1p00__lam0p030__nu0p50__psi0p75,hardzero_plus_depr,0.03,33,424,0.0,1,0.51627666,0.51627666,1.0504347,0.0,0.089035936,0.0,0.0,2.2066292e-06,-27.71139,2.3110025,0.7703342,0.120000005,0.0,0.14311856,12.689982,12.719982,1360000
hardzero_plus_depr__c0p52__z1p00__lam0p030__nu0p50__psi0p75,hardzero_plus_depr,0.03,33,425,0.0,1,0.51627666,0.51627666,1.0261364,0.0,0.094159365,0.0,0.0,2.157534e-06,-26.746912,2.2575452,0.7525151,0.120000005,0.0,0.12924366,12.719982,12.749982,1363200
hardzero_plus_depr__c0p52__z1p00__lam0p030__nu0p50__psi0p75,hardzero_plus_depr,0.03,33,426,0.0,1,0.51627666,0.51627666,1.073067,0.0,0.08451485,0.0,0.0,2.1095316e-06,-28.460478,2.3607945,0.7869315,0.112,0.0,0.15975465,12.749982,12.779982,1366400
hardzero_plus_depr__c0p52__z1p00__lam0p030__nu0p50__psi0p75,hardzero_plus_depr,0.03,33,427,0.0,1,0.51627666,0.5162769,0.9793964,0.10485848,0.10485848,1.0,2.1628101e-07,2.0625992e-06,-25.776484,2.154715,0.71823835,0.272,0.0,0.13315092,12.779982,12.809981,1369600
hardzero_plus_depr__c0p52__z1p00__lam0p030__nu0p50__psi0p75,hardzero_plus_depr,0.03,33,428,0.0,1,0.5162769,0.5162769,1.0040027,0.0,0.099082574,0.0,0.0,2.0167088e-06,-27.268654,2.2088501,0.7362834,0.104,0.0,0.13564369,12.809981,12.839981,1372800
hardzero_plus_depr__c0p52__z1p00__lam0p030__nu0p50__psi0p75,hardzero_plus_depr,0.03,33,429,0.0,1,0.5162769,0.5162769,1.059978,0.0,0.08710077,0.0,0.0,1.9718393e-06,-28.277319,2.331998,0.7773327,0.16,0.0,0.17049763,12.839981,12.869981,1376000
hardzero_plus_depr__c0p52__z1p00__lam0p030__nu0p50__psi0p75,hardzero_plus_depr,0.03,33,430,0.0,1,0.5162769,0.5162769,1.0198694,0.0,0.09552797,0.0,0.0,1.9279685e-06,-27.495377,2.2437575,0.7479192,0.136,0.0,0.1609365,12.869981,12.899981,1379200
hardzero_plus_depr__c0p52__z1p00__lam0p030__nu0p50__psi0p75,hardzero_plus_depr,0.03,33,431,0.0,1,0.5162769,0.5162769,1.0192348,0.0,0.09566766,0.0,0.0,1.8850734e-06,-26.879322,2.2423613,0.7474538,0.224,0.0,0.14265484,12.899981,12.92998,1382400
hardzero_plus_depr__c0p52__z1p00__lam0p030__nu0p50__psi0p75,hardzero_plus_depr,0.03,33,432,0.0,1,0.5162769,0.5162771,0.96294725,0.10890624,0.10890624,1.0,2.0072886e-07,1.8431347e-06,-25.854446,2.1185262,0.70617545,0.2,0.0,0.123151906,12.92998,12.95998,1385600
hardzero_plus_depr__c0p52__z1p00__lam0p030__nu0p50__psi0p75,hardzero_plus_depr,0.03,33,433,0.0,1,0.5162771,0.5162771,1.0885142,0.0,0.08156161,0.0,0.0,1.802127e-06,-28.522484,2.3947792,0.79825974,0.136,0.0,0.18904537,12.95998,12.98998,1388800
hardzero_plus_depr__c0p52__z1p00__lam0p030__nu0p50__psi0p75,hardzero_plus_depr,0.03,33,434,0.0,1,0.5162771,0.51627725,0.97360176,0.10626694,0.10626694,1.0,1.8724573e-07,1.7620318e-06,-26.621231,2.1419666,0.7139889,0.216,0.008,0.13450748,12.98998,13.0199795,1392000
hardzero_plus_depr__c0p52__z1p00__lam0p030__nu0p50__psi0p75,hardzero_plus_depr,0.03,33,435,0.0,1,0.51627725,0.51627725,1.0355613,0.0,0.092137985,0.0,0.0,1.7228305e-06,-27.587019,2.2782805,0.75942683,0.14400001,0.0,0.16233094,13.0199795,13.049979,1395200
hardzero_plus_depr__c0p52__z1p00__lam0p030__nu0p50__psi0p75,hardzero_plus_depr,0.03,33,436,0.0,1,0.51627725,0.51627725,1.0808641,0.0,0.08301106,0.0,0.0,1.6844995e-06,-27.378912,2.3779485,0.7926495,0.128,0.0,0.14173654,13.049979,13.079979,1398400
hardzero_plus_depr__c0p52__z1p00__lam0p030__nu0p50__psi0p75,hardzero_plus_depr,0.03,33,437,0.0,1,0.51627725,0.51627725,1.023624,0.0,0.09470568,0.0,0.0,1.6470215e-06,-27.28147,2.2520177,0.7506726,0.18400002,0.0,0.13965824,13.079979,13.109979,1401600
hardzero_plus_depr__c0p52__z1p00__lam0p030__nu0p50__psi0p75,hardzero_plus_depr,0.03,33,438,0.0,1,0.51627725,0.51627725,1.0107895,0.0,0.09754623,0.0,0.0,1.6103771e-06,-27.007414,2.2237813,0.74126047,0.120000005,0.0,0.15126677,13.109979,13.139978,1404800
hardzero_plus_depr__c0p52__z1p00__lam0p030__nu0p50__psi0p75,hardzero_plus_depr,0.03,33,439,0.0,1,0.51627725,0.51627743,0.9891729,0.10252438,0.10252438,1.0,1.6142958e-07,1.5745483e-06,-27.641373,2.1762238,0.72540796,0.15200001,0.0,0.12909366,13.139978,13.169978,1408000
hardzero_plus_depr__c0p52__z1p00__lam0p030__nu0p50__psi0p75,hardzero_plus_depr,0.03,33,440,0.0,1,0.51627743,0.51627743,1.0225149,0.0,0.094947845,0.0,0.0,1.5395177e-06,-27.55722,2.2495778,0.7498593,0.120000005,0.0,0.14720352,13.169978,13.199978,1411200
hardzero_plus_depr__c0p52__z1p00__lam0p030__nu0p50__psi0p75,hardzero_plus_depr,0.03,33,441,0.0,1,0.51627743,0.51627743,1.0126415,0.0,0.097131126,0.0,0.0,1.5052653e-06,-26.687637,2.227856,0.7426187,0.2,0.0,0.13030139,13.199978,13.229978,1414400
hardzero_plus_depr__c0p52__z1p00__lam0p030__nu0p50__psi0p75,hardzero_plus_depr,0.03,33,442,0.0,1,0.51627743,0.51627743,1.0142473,0.0,0.096772656,0.0,0.0,1.471775e-06,-27.118961,2.2313886,0.7437962,0.17,0.0,0.15044214,13.229978,13.259977,1417600
hardzero_plus_depr__c0p52__z1p00__lam0p030__nu0p50__psi0p75,hardzero_plus_depr,0.03,33,443,0.0,1,0.51627743,0.51627743,1.0005047,0.0,0.09988383,0.0,0.0,1.4390312e-06,-26.530756,2.2011545,0.73371816,0.23200001,0.0,0.1268718,13.259977,13.289977,1420800
hardzero_plus_depr__c0p52__z1p00__lam0p030__nu0p50__psi0p75,hardzero_plus_depr,0.03,33,444,0.0,1,0.51627743,0.51627743,1.0443238,0.0,0.09029759,0.0,0.0,1.4070145e-06,-27.052563,2.2975583,0.7658528,0.14400001,0.0,0.16957134,13.289977,13.319977,1424000
hardzero_plus_depr__c0p52__z1p00__lam0p030__nu0p50__psi0p75,hardzero_plus_depr,0.03,33,445,0.0,1,0.51627743,0.51627743,1.0628175,0.0,0.08653315,0.0,0.0,1.3757102e-06,-28.137257,2.3382452,0.7794151,0.120000005,0.0,0.15858875,13.319977,13.349977,1427200
hardzero_plus_depr__c0p52__z1p00__lam0p030__nu0p50__psi0p75,hardzero_plus_depr,0.03,33,446,0.0,1,0.51627743,0.51627743,1.0114383,0.0,0.09740061,0.0,0.0,1.3451023e-06,-26.55876,2.2252085,0.7417362,0.2,0.0,0.14637144,13.349977,13.379976,1430400
hardzero_plus_depr__c0p52__z1p00__lam0p030__nu0p50__psi0p75,hardzero_plus_depr,0.03,33,447,0.0,1,0.51627743,0.51627755,0.99058557,0.10219141,0.10219141,1.0,1.3439963e-07,1.3151754e-06,-26.201551,2.1793318,0.72644395,0.2,0.0,0.13671196,13.379976,13.409976,1433600
hardzero_plus_depr__c0p52__z1p00__lam0p030__nu0p50__psi0p75,hardzero_plus_depr,0.03,33,448,0.0,1,0.51627755,0.51627755,1.0297542,0.0,0.093378276,0.0,0.0,1.2859155e-06,-27.725073,2.2655044,0.75516814,0.18400002,0.0,0.17874742,13.409976,13.439976,1436800
hardzero_plus_depr__c0p52__z1p00__lam0p030__nu0p50__psi0p75,hardzero_plus_depr,0.03,33,449,0.0,1,0.51627755,0.51627755,1.1308544,0.0,0.07398532,0.0,0.0,1.2573053e-06,-29.874836,2.4879293,0.8293098,0.15200001,0.0,0.20931417,13.439976,13.469975,1440000
hardzero_plus_depr__c0p52__z1p00__lam0p030__nu0p50__psi0p75,hardzero_plus_depr,0.03,33,450,0.0,1,0.51627755,0.51627755,1.0061436,0.0,0.09859535,0.0,0.0,1.2293319e-06,-26.37299,2.21356,0.7378534,0.128,0.0,0.13590398,13.469975,13.499975,1443200
hardzero_plus_depr__c0p52__z1p00__lam0p030__nu0p50__psi0p75,hardzero_plus_depr,0.03,33,451,0.0,1,0.51627755,0.51627755,1.052521,0.0,0.08860924,0.0,0.0,1.2019818e-06,-27.71683,2.3155923,0.7718641,0.128,0.0,0.15431221,13.499975,13.529975,1446400
hardzero_plus_depr__c0p52__z1p00__lam0p030__nu0p50__psi0p75,hardzero_plus_depr,0.03,33,452,0.0,1,0.51627755,0.51627755,1.0209517,0.0,0.09529019,0.0,0.0,1.1752392e-06,-27.133007,2.2461388,0.74871296,0.224,0.0,0.16374359,13.529975,13.559975,1449600
hardzero_plus_depr__c0p52__z1p00__lam0p030__nu0p50__psi0p75,hardzero_plus_depr,0.03,33,453,0.0,1,0.51627755,0.51627755,1.0981368,0.0,0.079774335,0.0,0.0,1.1490914e-06,-28.000443,2.415949,0.8053164,0.16000001,0.0,0.1759079,13.559975,13.589974,1452800
hardzero_plus_depr__c0p52__z1p00__lam0p030__nu0p50__psi0p75,hardzero_plus_depr,0.03,33,454,0.0,1,0.51627755,0.51627755,1.0008699,0.0,0.0997999,0.0,0.0,1.1235255e-06,-26.714315,2.2019577,0.7339859,0.15200001,0.0,0.12671122,13.589974,13.619974,1456000
hardzero_plus_depr__c0p52__z1p00__lam0p030__nu0p50__psi0p75,hardzero_plus_depr,0.03,33,455,0.0,1,0.51627755,0.51627755,1.0408745,0.0,0.091017626,0.0,0.0,1.0985285e-06,-27.724234,2.2899697,0.76332325,0.22999999,0.0,0.17879082,13.619974,13.649974,1459200
hardzero_plus_depr__c0p52__z1p00__lam0p030__nu0p50__psi0p75,hardzero_plus_depr,0.03,33,456,0.0,1,0.51627755,0.51627755,1.0290247,0.0,0.093535244,0.0,0.0,1.0740886e-06,-26.389294,2.2638996,0.7546332,0.16000001,0.0,0.12689781,13.649974,13.679974,1462400
hardzero_plus_depr__c0p52__z1p00__lam0p030__nu0p50__psi0p75,hardzero_plus_depr,0.03,33,457,0.0,1,0.51627755,0.51627755,1.0083386,0.0,0.09809827,0.0,0.0,1.0501915e-06,-26.718195,2.218389,0.73946303,0.15200001,0.0,0.13932765,13.679974,13.709973,1465600
hardzero_plus_depr__c0p52__z1p00__lam0p030__nu0p50__psi0p75,hardzero_plus_depr,0.03,33,458,0.0,1,0.51627755,0.51627755,1.0866731,0.0,0.08190809,0.0,0.0,1.0268259e-06,-28.440027,2.3907287,0.7969096,0.16800001,0.0,0.15072553,13.709973,13.739973,1468800
hardzero_plus_depr__c0p52__z1p00__lam0p030__nu0p50__psi0p75,hardzero_plus_depr,0.03,33,459,0.0,1,0.51627755,0.51627755,1.065146,0.0,0.08607044,0.0,0.0,1.0039812e-06,-27.686543,2.343368,0.7811227,0.192,0.0,0.17044786,13.739973,13.769973,1472000
hardzero_plus_depr__c0p52__z1p00__lam0p030__nu0p50__psi0p75,hardzero_plus_depr,0.03,33,460,0.0,1,0.51627755,0.5162777,0.9863287,0.103198,0.103198,1.0,1.01303684e-07,9.816439e-07,-26.574228,2.1699665,0.72332215,0.18400002,0.0,0.13702637,13.769973,13.799973,1475200
hardzero_plus_depr__c0p52__z1p00__lam0p030__nu0p50__psi0p75,hardzero_plus_depr,0.03,33,461,0.0,1,0.5162777,0.5162777,1.0426776,0.0,0.0906405,0.0,0.0,9.598034e-07,-27.418812,2.2939367,0.7646456,0.104,0.0,0.16743138,13.799973,13.829972,1478400
hardzero_plus_depr__c0p52__z1p00__lam0p030__nu0p50__psi0p75,hardzero_plus_depr,0.03,33,462,0.0,1,0.5162777,0.5162778,0.9737696,0.106225885,0.106225885,1.0,9.9687576e-08,9.38449e-07,-26.31575,2.142336,0.714112,0.2,0.0,0.166674,13.829972,13.859972,1481600
hardzero_plus_depr__c0p52__z1p00__lam0p030__nu0p50__psi0p75,hardzero_plus_depr,0.03,33,463,0.0,1,0.5162778,0.5162778,1.0677038,0.0,0.085565,0.0,0.0,9.1756965e-07,-27.739548,2.3489954,0.7829985,0.15200001,0.0,0.17015691,13.859972,13.889972,1484800
hardzero_plus_depr__c0p52__z1p00__lam0p030__nu0p50__psi0p75,hardzero_plus_depr,0.03,33,464,0.0,1,0.5162778,0.5162778,1.0280108,0.0,0.093753844,0.0,0.0,8.971557e-07,-27.117306,2.261669,0.7538897,0.2,0.008,0.14510491,13.889972,13.919971,1488000
hardzero_plus_depr__c0p52__z1p00__lam0p030__nu0p50__psi0p75,hardzero_plus_depr,0.03,33,465,0.0,1,0.5162778,0.5162778,1.0186727,0.0,0.09579157,0.0,0.0,8.77195e-07,-26.51559,2.2411246,0.7470416,0.17600001,0.0,0.12624235,13.919971,13.949971,1491200
hardzero_plus_depr__c0p52__z1p00__lam0p030__nu0p50__psi0p75,hardzero_plus_depr,0.03,33,466,0.0,1,0.5162778,0.5162778,1.0334868,0.0,0.09257914,0.0,0.0,8.576785e-07,-27.311005,2.2737164,0.7579055,0.24000001,0.0,0.13914537,13.949971,13.979971,1494400
hardzero_plus_depr__c0p52__z1p00__lam0p030__nu0p50__psi0p75,hardzero_plus_depr,0.03,33,467,0.0,1,0.5162778,0.5162778,1.0128274,0.0,0.09708957,0.0,0.0,8.38597e-07,-27.9739,2.2282648,0.74275494,0.15200001,0.0,0.17058285,13.979971,14.009971,1497600
hardzero_plus_depr__c0p52__z1p00__lam0p030__nu0p50__psi0p75,hardzero_plus_depr,0.03,33,468,0.0,1,0.5162778,0.5162778,1.0835907,0.0,0.0824915,0.0,0.0,8.199392e-07,-28.261137,2.3839471,0.79464906,0.11,0.0,0.15008748,14.009971,14.03997,1500800
hardzero_plus_depr__c0p52__z1p00__lam0p030__nu0p50__psi0p75,hardzero_plus_depr,0.03,33,469,0.0,1,0.5162778,0.5162778,1.0272499,0.0,0.09391826,0.0,0.0,8.016965e-07,-26.543867,2.259995,0.75333166,0.14400001,0.0,0.15296398,14.03997,14.06997,1504000
hardzero_plus_depr__c0p52__z1p00__lam0p030__nu0p50__psi0p75,hardzero_plus_depr,0.03,33,470,0.0,1,0.5162778,0.5162778,1.0221496,0.0,0.09502774,0.0,0.0,7.838597e-07,-27.214018,2.2487738,0.7495913,0.216,0.0,0.14755116,14.06997,14.09997,1507200
hardzero_plus_depr__c0p52__z1p00__lam0p030__nu0p50__psi0p75,hardzero_plus_depr,0.03,33,471,0.0,1,0.5162778,0.51627785,0.9941087,0.101365775,0.101365775,1.0,7.768873e-08,7.6641976e-07,-26.516312,2.1870828,0.7290276,0.16800001,0.0,0.12949017,14.09997,14.12997,1510400
hardzero_plus_depr__c0p52__z1p00__lam0p030__nu0p50__psi0p75,hardzero_plus_depr,0.03,33,472,0.0,1,0.51627785,0.51627785,1.0601544,0.0,0.08706539,0.0,0.0,7.493686e-07,-27.11003,2.3323863,0.7774621,0.104,0.0,0.15229976,14.12997,14.159969,1513600
hardzero_plus_depr__c0p52__z1p00__lam0p030__nu0p50__psi0p75,hardzero_plus_depr,0.03,33,473,0.0,1,0.51627785,0.51627785,1.0388211,0.0,0.09144899,0.0,0.0,7.326961e-07,-27.076689,2.2854521,0.7618174,0.136,0.0,0.15748881,14.159969,14.189969,1516800
hardzero_plus_depr__c0p52__z1p00__lam0p030__nu0p50__psi0p75,hardzero_plus_depr,0.03,33,474,0.0,1,0.51627785,0.51627785,1.025548,0.0,0.09428704,0.0,0.0,7.163944e-07,-27.0179,2.2562506,0.75208354,0.112,0.0,0.14054632,14.189969,14.219969,1520000
hardzero_plus_depr__c0p52__z1p00__lam0p030__nu0p50__psi0p75,hardzero_plus_depr,0.03,33,475,0.0,1,0.51627785,0.51627785,1.0420005,0.0,0.09078195,0.0,0.0,7.004562e-07,-27.299112,2.2924469,0.76414895,0.18400002,0.0,0.15528758,14.219969,14.249969,1523200
hardzero_plus_depr__c0p52__z1p00__lam0p030__nu0p50__psi0p75,hardzero_plus_depr,0.03,33,476,0.0,1,0.51627785,0.5162779,0.99005216,0.10231702,0.10231702,1.0,7.0074044e-08,6.8487185e-07,-26.459362,2.1781583,0.72605276,0.16800001,0.0,0.13012236,14.249969,14.279968,1526400
hardzero_plus_depr__c0p52__z1p00__lam0p030__nu0p50__psi0p75,hardzero_plus_depr,0.03,33,477,0.0,1,0.5162779,0.5162779,1.0304071,0.0,0.09323798,0.0,0.0,6.696343e-07,-27.820332,2.2669408,0.75564694,0.16800001,0.0,0.16396382,14.279968,14.309968,1529600
hardzero_plus_depr__c0p52__z1p00__lam0p030__nu0p50__psi0p75,hardzero_plus_depr,0.03,33,478,0.0,1,0.5162779,0.5162779,1.0056051,0.0,0.09871766,0.0,0.0,6.5473574e-07,-26.117186,2.2123754,0.73745847,0.17600001,0.0,0.15553084,14.309968,14.339968,1532800
hardzero_plus_depr__c0p52__z1p00__lam0p030__nu0p50__psi0p75,hardzero_plus_depr,0.03,33,479,0.0,1,0.5162779,0.5162779,1.0034188,0.0,0.09921588,0.0,0.0,6.4016865e-07,-27.059908,2.2075655,0.7358552,0.17600001,0.0,0.14595011,14.339968,14.369967,1536000
hardzero_plus_depr__c0p52__z1p00__lam0p030__nu0p50__psi0p75,hardzero_plus_depr,0.03,33,480,0.0,1,0.5162779,0.5162779,1.0397749,0.0,0.091248356,0.0,0.0,6.2592625e-07,-27.65822,2.2875504,0.76251686,0.15200001,0.0,0.15378264,14.369967,14.399967,1539200
hardzero_plus_depr__c0p52__z1p00__lam0p030__nu0p50__psi0p75,hardzero_plus_depr,0.03,33,481,0.0,1,0.5162779,0.5162779,1.0011935,0.0,0.09972555,0.0,0.0,6.120001e-07,-27.389824,2.2026696,0.73422325,0.12,0.0,0.16082792,14.399967,14.429967,1542400
hardzero_plus_depr__c0p52__z1p00__lam0p030__nu0p50__psi0p75,hardzero_plus_depr,0.03,33,482,0.0,1,0.5162779,0.5162779,1.0843055,0.0,0.08235585,0.0,0.0,5.983839e-07,-28.540926,2.3855197,0.7951733,0.17600001,0.0,0.17647599,14.429967,14.459967,1545600
hardzero_plus_depr__c0p52__z1p00__lam0p030__nu0p50__psi0p75,hardzero_plus_depr,0.03,33,483,0.0,1,0.5162779,0.5162779,1.0315876,0.0,0.092984885,0.0,0.0,5.850711e-07,-27.407028,2.2695382,0.75651276,0.14400001,0.0,0.1361858,14.459967,14.489966,1548800
hardzero_plus_depr__c0p52__z1p00__lam0p030__nu0p50__psi0p75,hardzero_plus_depr,0.03,33,484,0.0,1,0.5162779,0.5162779,1.0316893,0.0,0.09296312,0.0,0.0,5.7205403e-07,-27.999857,2.2697618,0.75658727,0.192,0.0,0.1629554,14.489966,14.519966,1552000
hardzero_plus_depr__c0p52__z1p00__lam0p030__nu0p50__psi0p75,hardzero_plus_depr,0.03,33,485,0.0,1,0.5162779,0.51627797,0.9930045,0.10162382,0.10162382,1.0,5.6840896e-08,5.593265e-07,-26.714546,2.1846535,0.72821784,0.23200001,0.0,0.16042018,14.519966,14.549966,1555200
hardzero_plus_depr__c0p52__z1p00__lam0p030__nu0p50__psi0p75,hardzero_plus_depr,0.03,33,486,0.0,1,0.51627797,0.51627797,1.0289443,0.0,0.093552575,0.0,0.0,5.468821e-07,-27.811005,2.2637227,0.75457424,0.120000005,0.0,0.13643849,14.549966,14.579966,1558400
hardzero_plus_depr__c0p52__z1p00__lam0p030__nu0p50__psi0p75,hardzero_plus_depr,0.03,33,487,0.0,1,0.51627797,0.51627797,1.0696077,0.0,0.085190706,0.0,0.0,5.347147e-07,-27.72356,2.353184,0.7843947,0.08800001,0.0,0.15869406,14.579966,14.609965,1561600
hardzero_plus_depr__c0p52__z1p00__lam0p030__nu0p50__psi0p75,hardzero_plus_depr,0.03,33,488,0.0,1,0.51627797,0.51627797,1.0140579,0.0,0.096814886,0.0,0.0,5.228184e-07,-27.564606,2.2309718,0.7436573,0.18400002,0.008,0.15126382,14.609965,14.639965,1564800
hardzero_plus_depr__c0p52__z1p00__lam0p030__nu0p50__psi0p75,hardzero_plus_depr,0.03,33,489,0.0,1,0.51627797,0.516278,0.9825972,0.104088515,0.104088515,1.0,5.320862e-08,5.111863e-07,-26.344557,2.161757,0.7205857,0.208,0.0,0.13209254,14.639965,14.669965,1568000
hardzero_plus_depr__c0p52__z1p00__lam0p030__nu0p50__psi0p75,hardzero_plus_depr,0.03,33,490,0.0,1,0.516278,0.516278,1.0201697,0.0,0.09546194,0.0,0.0,4.9981304e-07,-27.203875,2.2444181,0.7481394,0.14400001,0.0,0.16297826,14.669965,14.699965,1571200
hardzero_plus_depr__c0p52__z1p00__lam0p030__nu0p50__psi0p75,hardzero_plus_depr,0.03,33,491,0.0,1,0.516278,0.516278,1.0134196,0.0,0.09695727,0.0,0.0,4.886932e-07,-26.645594,2.2295678,0.7431893,0.16800001,0.0,0.14618596,14.699965,14.729964,1574400
hardzero_plus_depr__c0p52__z1p00__lam0p030__nu0p50__psi0p75,hardzero_plus_depr,0.03,33,492,0.0,1,0.516278,0.516278,1.0751573,0.0,0.08410904,0.0,0.0,4.7782044e-07,-27.894781,2.3653932,0.7884644,0.128,0.0,0.13937896,14.729964,14.759964,1577600
hardzero_plus_depr__c0p52__z1p00__lam0p030__nu0p50__psi0p75,hardzero_plus_depr,0.03,33,493,0.0,1,0.516278,0.516278,1.0341247,0.0,0.09244325,0.0,0.0,4.671895e-07,-27.628235,2.2751198,0.75837326,0.2,0.0,0.15195021,14.759964,14.789964,1580800
hardzero_plus_depr__c0p52__z1p00__lam0p030__nu0p50__psi0p75,hardzero_plus_depr,0.03,33,494,0.0,1,0.516278,0.5162781,0.987182,0.10299544,0.10299544,1.0,4.7047806e-08,4.5679505e-07,-25.923517,2.1718438,0.72394794,0.19,0.0,0.12872541,14.789964,14.819963,1584000
hardzero_plus_depr__c0p52__z1p00__lam0p030__nu0p50__psi0p75,hardzero_plus_depr,0.03,33,495,0.0,1,0.5162781,0.5162781,1.0369943,0.0,0.091834456,0.0,0.0,4.466319e-07,-26.716602,2.281433,0.7604777,0.15200001,0.0,0.12310353,14.819963,14.849963,1587200
hardzero_plus_depr__c0p52__z1p00__lam0p030__nu0p50__psi0p75,hardzero_plus_depr,0.03,33,496,0.0,1,0.5162781,0.5162781,1.0297033,0.0,0.09338922,0.0,0.0,4.3669533e-07,-26.98058,2.2653923,0.75513077,0.136,0.0,0.16610649,14.849963,14.879963,1590400
hardzero_plus_depr__c0p52__z1p00__lam0p030__nu0p50__psi0p75,hardzero_plus_depr,0.03,33,497,0.0,1,0.5162781,0.51627815,0.98424876,0.10369342,0.10369342,1.0,4.427495e-08,4.2697937e-07,-26.732672,2.1653905,0.7217969,0.192,0.0,0.15005364,14.879963,14.909963,1593600
hardzero_plus_depr__c0p52__z1p00__lam0p030__nu0p50__psi0p75,hardzero_plus_depr,0.03,33,498,0.0,1,0.51627815,0.51627815,1.0200977,0.0,0.09547776,0.0,0.0,4.174796e-07,-26.999008,2.2442598,0.74808663,0.23200001,0.008,0.13313675,14.909963,14.939962,1596800
hardzero_plus_depr__c0p52__z1p00__lam0p030__nu0p50__psi0p75,hardzero_plus_depr,0.03,33,499,0.0,1,0.51627815,0.51627815,1.0657836,0.0,0.08594417,0.0,0.0,4.0819157e-07,-27.392149,2.3447707,0.7815902,0.18400002,0.0,0.16810952,14.939962,14.969962,1600000
hardzero_plus_depr__c0p52__z1p00__lam0p030__nu0p50__psi0p75,hardzero_plus_depr,0.03,33,500,0.0,1,0.51627815,0.51627815,1.0004555,0.0,0.09989517,0.0,0.0,3.991098e-07,-26.669897,2.201046,0.73368204,0.064,0.0,0.15106459,14.969962,14.999962,1603200
hardzero_plus_depr__c0p52__z1p00__lam0p030__nu0p50__psi0p75,hardzero_plus_depr,0.03,33,501,0.0,1,0.51627815,0.51627815,1.0353752,0.0,0.092177466,0.0,0.0,3.9023007e-07,-27.976143,2.2778711,0.7592904,0.16000001,0.0,0.17057936,14.999962,15.029962,1606400
hardzero_plus_depr__c0p52__z1p00__lam0p030__nu0p50__psi0p75,hardzero_plus_depr,0.03,33,502,0.0,1,0.51627815,0.5162782,0.9995716,0.100098684,0.100098684,1.0,3.8192447e-08,3.8154792e-07,-27.546507,2.1991014,0.73303384,0.24000001,0.0,0.16691956,15.029962,15.059961,1609600
hardzero_plus_depr__c0p52__z1p00__lam0p030__nu0p50__psi0p75,hardzero_plus_depr,0.03,33,503,0.0,1,0.5162782,0.5162782,1.0103468,0.0,0.09764573,0.0,0.0,3.7305895e-07,-27.081089,2.2228072,0.74093574,0.128,0.0,0.15596148,15.059961,15.089961,1612800
hardzero_plus_depr__c0p52__z1p00__lam0p030__nu0p50__psi0p75,hardzero_plus_depr,0.03,33,504,0.0,1,0.5162782,0.5162782,1.0463573,0.0,0.08987578,0.0,0.0,3.647592e-07,-28.230555,2.302032,0.767344,0.112,0.0,0.15009664,15.089961,15.119961,1616000
hardzero_plus_depr__c0p52__z1p00__lam0p030__nu0p50__psi0p75,hardzero_plus_depr,0.03,33,505,0.0,1,0.5162782,0.5162782,1.0370511,0.0,0.09182246,0.0,0.0,3.5664374e-07,-28.673506,2.281558,0.7605194,0.104,0.0,0.14048065,15.119961,15.1499605,1619200
hardzero_plus_depr__c0p52__z1p00__lam0p030__nu0p50__psi0p75,hardzero_plus_depr,0.03,33,506,0.0,1,0.5162782,0.5162782,1.0190632,0.0,0.095705464,0.0,0.0,3.4870885e-07,-27.108124,2.241984,0.747328,0.2,0.0,0.1589566,15.1499605,15.17996,1622400
hardzero_plus_depr__c0p52__z1p00__lam0p030__nu0p50__psi0p75,hardzero_plus_depr,0.03,33,507,0.0,1,0.5162782,0.5162782,1.0103648,0.0,0.09764168,0.0,0.0,3.409508e-07,-26.721771,2.222847,0.74094903,0.17999999,0.0,0.14660367,15.17996,15.20996,1625600
hardzero_plus_depr__c0p52__z1p00__lam0p030__nu0p50__psi0p75,hardzero_plus_depr,0.03,33,508,0.0,1,0.5162782,0.51627827,0.9830945,0.10396938,0.10396938,1.0,3.465976e-08,3.3336505e-07,-26.915798,2.162851,0.72095037,0.16800001,0.0,0.15857825,15.20996,15.23996,1628800
hardzero_plus_depr__c0p52__z1p00__lam0p030__nu0p50__psi0p75,hardzero_plus_depr,0.03,33,509,0.0,1,0.51627827,0.5162783,0.95387095,0.1112062,0.1112062,1.0,3.624745e-08,3.259481e-07,-25.75926,2.098558,0.69951934,0.216,0.0,0.13449158,15.23996,15.269959,1632000
hardzero_plus_depr__c0p52__z1p00__lam0p030__nu0p50__psi0p75,hardzero_plus_depr,0.03,33,510,0.0,1,0.5162783,0.5162784,0.99707454,0.10067588,0.10067588,1.0,3.2085012e-08,3.1869612e-07,-26.45778,2.1936078,0.7312026,0.120000005,0.0,0.13378452,15.269959,15.299959,1635200
hardzero_plus_depr__c0p52__z1p00__lam0p030__nu0p50__psi0p75,hardzero_plus_depr,0.03,33,511,0.0,1,0.5162784,0.5162784,1.0179929,0.0,0.09594165,0.0,0.0,3.116055e-07,-26.591455,2.239629,0.74654305,0.16000001,0.0,0.12918602,15.299959,15.329959,1638400
hardzero_plus_depr__c0p52__z1p00__lam0p030__nu0p50__psi0p75,hardzero_plus_depr,0.03,33,512,0.0,1,0.5162784,0.5162784,1.0296016,0.0,0.093411095,0.0,0.0,3.0467297e-07,-26.542719,2.2651687,0.75505626,0.15200001,0.0,0.168629,15.329959,15.359959,1641600
hardzero_plus_depr__c0p52__z1p00__lam0p030__nu0p50__psi0p75,hardzero_plus_depr,0.03,33,513,0.0,1,0.5162784,0.5162784,1.041314,0.0,0.09092556,0.0,0.0,2.9789436e-07,-27.931587,2.2909365,0.7636455,0.112,0.0,0.17190966,15.359959,15.389958,1644800
hardzero_plus_depr__c0p52__z1p00__lam0p030__nu0p50__psi0p75,hardzero_plus_depr,0.03,33,514,0.0,1,0.5162784,0.5162784,1.018432,0.0,0.09584466,0.0,0.0,2.9126656e-07,-28.182337,2.240595,0.74686503,0.16000001,0.008,0.14180994,15.389958,15.419958,1648000
hardzero_plus_depr__c0p52__z1p00__lam0p030__nu0p50__psi0p75,hardzero_plus_depr,0.03,33,515,0.0,1,0.5162784,0.5162784,1.045755,0.0,0.09000052,0.0,0.0,2.847865e-07,-28.054943,2.300707,0.7669024,0.120000005,0.0,0.1671275,15.419958,15.449958,1651200
hardzero_plus_depr__c0p52__z1p00__lam0p030__nu0p50__psi0p75,hardzero_plus_depr,0.03,33,516,0.0,1,0.5162784,0.5162784,1.0402265,0.0,0.09115353,0.0,0.0,2.7845033e-07,-27.679523,2.288544,0.762848,0.112,0.0,0.1334805,15.449958,15.479958,1654400
hardzero_plus_depr__c0p52__z1p00__lam0p030__nu0p50__psi0p75,hardzero_plus_depr,0.03,33,517,0.0,1,0.5162784,0.5162784,1.0520322,0.0,0.08870901,0.0,0.0,2.7225516e-07,-27.696785,2.314517,0.7715057,0.14400001,0.0,0.1349195,15.479958,15.509957,1657600
hardzero_plus_depr__c0p52__z1p00__lam0p030__nu0p50__psi0p75,hardzero_plus_depr,0.03,33,518,0.0,1,0.5162784,0.5162784,1.0368664,0.0,0.091861516,0.0,0.0,2.6619782e-07,-26.580376,2.2811518,0.76038396,0.104,0.0,0.13594446,15.509957,15.539957,1660800
hardzero_plus_depr__c0p52__z1p00__lam0p030__nu0p50__psi0p75,hardzero_plus_depr,0.03,33,519,0.0,1,0.5162784,0.5162784,1.0457826,0.0,0.08999481,0.0,0.0,2.6027521e-07,-28.58193,2.3007677,0.7669226,0.104,0.0,0.15346654,15.539957,15.569957,1664000
hardzero_plus_depr__c0p52__z1p00__lam0p030__nu0p50__psi0p75,hardzero_plus_depr,0.03,33,520,0.0,1,0.5162784,0.5162784,1.02579,0.0,0.09423452,0.0,0.0,2.5448466e-07,-27.302526,2.256783,0.75226104,0.19,0.0,0.1643994,15.569957,15.5999565,1667200
hardzero_plus_depr__c0p52__z1p00__lam0p030__nu0p50__psi0p75,hardzero_plus_depr,0.03,33,521,0.0,1,0.5162784,0.5162784,0.9831516,0.10395571,0.10395571,1.0,2.586654e-08,2.488227e-07,-26.466946,2.1629767,0.72099227,0.208,0.0,0.14654328,15.5999565,15.629956,1670400
hardzero_plus_depr__c0p52__z1p00__lam0p030__nu0p50__psi0p75,hardzero_plus_depr,0.03,33,522,0.0,1,0.5162784,0.5162784,1.0253572,0.0,0.094328456,0.0,0.0,2.4328668e-07,-26.991903,2.255831,0.7519437,0.16800001,0.0,0.16756184,15.629956,15.659956,1673600
hardzero_plus_depr__c0p52__z1p00__lam0p030__nu0p50__psi0p75,hardzero_plus_depr,0.03,33,523,0.0,1,0.5162784,0.5162784,1.035054,0.0,0.09224568,0.0,0.0,2.3787406e-07,-27.910843,2.2771642,0.7590548,0.2,0.0,0.16559851,15.659956,15.689956,1676800
hardzero_plus_depr__c0p52__z1p00__lam0p030__nu0p50__psi0p75,hardzero_plus_depr,0.03,33,524,0.0,1,0.5162784,0.5162784,1.0085162,0.0,0.09805817,0.0,0.0,2.3258166e-07,-27.150162,2.2187798,0.73959327,0.16800001,0.0,0.15365092,15.689956,15.719955,1680000
hardzero_plus_depr__c0p52__z1p00__lam0p030__nu0p50__psi0p75,hardzero_plus_depr,0.03,33,525,0.0,1,0.5162784,0.5162784,1.0092396,0.0,0.09789499,0.0,0.0,2.2740699e-07,-26.909088,2.2203712,0.74012375,0.14400001,0.0,0.13329053,15.719955,15.749955,1683200
hardzero_plus_depr__c0p52__z1p00__lam0p030__nu0p50__psi0p75,hardzero_plus_depr,0.03,33,526,0.0,1,0.5162784,0.5162784,1.0571717,0.0,0.0876654,0.0,0.0,2.2234747e-07,-27.821234,2.3258243,0.77527475,0.17600001,0.0,0.17855896,15.749955,15.779955,1686400
hardzero_plus_depr__c0p52__z1p00__lam0p030__nu0p50__psi0p75,hardzero_plus_depr,0.03,33,527,0.0,1,0.5162784,0.5162784,1.0401474,0.0,0.09117014,0.0,0.0,2.174005e-07,-27.649275,2.2883701,0.7627901,0.112,0.0,0.14109024,15.779955,15.809955,1689600
hardzero_plus_depr__c0p52__z1p00__lam0p030__nu0p50__psi0p75,hardzero_plus_depr,0.03,33,528,0.0,1,0.5162784,0.5162784,0.9948609,0.10119034,0.10119034,1.0,2.1509402e-08,2.1256379e-07,-26.342497,2.1887376,0.7295792,0.096,0.0,0.12842695,15.809955,15.839954,1692800
hardzero_plus_depr__c0p52__z1p00__lam0p030__nu0p50__psi0p75,hardzero_plus_depr,0.03,33,529,0.0,1,0.5162784,0.5162784,1.0042696,0.0,0.099021696,0.0,0.0,2.078345e-07,-26.922924,2.2094371,0.73647904,0.128,0.0,0.1426909,15.839954,15.869954,1696000
hardzero_plus_depr__c0p52__z1p00__lam0p030__nu0p50__psi0p75,hardzero_plus_depr,0.03,33,530,0.0,1,0.5162784,0.5162784,0.98315495,0.10395491,0.10395491,1.0,2.1124723e-08,2.0321043e-07,-26.612017,2.1629841,0.7209947,0.192,0.0,0.15998563,15.869954,15.899954,1699200
hardzero_plus_depr__c0p52__z1p00__lam0p030__nu0p50__psi0p75,hardzero_plus_depr,0.03,33,531,0.0,1,0.5162784,0.5162784,0.9990667,0.10021512,0.10021512,1.0,1.9911687e-08,1.9868945e-07,-27.192402,2.1979907,0.7326636,0.136,0.0,0.14755148,15.899954,15.929954,1702400
hardzero_plus_depr__c0p52__z1p00__lam0p030__nu0p50__psi0p75,hardzero_plus_depr,0.03,33,532,0.0,1,0.5162784,0.5162784,1.0103396,0.0,0.09764733,0.0,0.0,1.9426885e-07,-26.539017,2.2227914,0.7409305,0.208,0.0,0.15820175,15.929954,15.959953,1705600
hardzero_plus_depr__c0p52__z1p00__lam0p030__nu0p50__psi0p75,hardzero_plus_depr,0.03,33,533,0.0,1,0.5162784,0.5162784,0.9483745,0.11262259,0.11262259,1.0,2.1392276e-08,1.8994659e-07,-25.610725,2.0864656,0.6954886,0.17999999,0.0,0.12124624,15.959953,15.989953,1708800
hardzero_plus_depr__c0p52__z1p00__lam0p030__nu0p50__psi0p75,hardzero_plus_depr,0.03,33,534,0.0,1,0.5162784,0.5162784,1.0967362,0.0,0.08003203,0.0,0.0,1.8572051e-07,-28.83395,2.4128678,0.8042893,0.08800001,0.0,0.16922066,15.989953,16.019953,1712000
hardzero_plus_depr__c0p52__z1p00__lam0p030__nu0p50__psi0p75,hardzero_plus_depr,0.03,33,535,0.0,1,0.5162784,0.5162784,1.0840235,0.0,0.08240936,0.0,0.0,1.8158846e-07,-28.676338,2.3848994,0.79496646,0.136,0.0,0.14676756,16.019953,16.049953,1715200
hardzero_plus_depr__c0p52__z1p00__lam0p030__nu0p50__psi0p75,hardzero_plus_depr,0.03,33,536,0.0,1,0.5162784,0.5162784,1.0172096,0.0,0.09611483,0.0,0.0,1.7754833e-07,-26.484818,2.237906,0.7459687,0.120000005,0.0,0.18396716,16.049953,16.079954,1718400
hardzero_plus_depr__c0p52__z1p00__lam0p030__nu0p50__psi0p75,hardzero_plus_depr,0.03,33,537,0.0,1,0.5162784,0.5162784,1.1038897,0.0,0.07872456,0.0,0.0,1.735981e-07,-29.217571,2.4286058,0.80953526,0.104,0.0,0.17283663,16.079954,16.109955,1721600
hardzero_plus_depr__c0p52__z1p00__lam0p030__nu0p50__psi0p75,hardzero_plus_depr,0.03,33,538,0.0,1,0.5162784,0.5162784,1.0831288,0.0,0.08257929,0.0,0.0,1.6973559e-07,-28.219212,2.382931,0.79431033,0.136,0.0,0.15104704,16.109955,16.139956,1724800
hardzero_plus_depr__c0p52__z1p00__lam0p030__nu0p50__psi0p75,hardzero_plus_depr,0.03,33,539,0.0,1,0.5162784,0.5162784,1.0403124,0.0,0.091135494,0.0,0.0,1.6595901e-07,-27.84346,2.288733,0.762911,0.2,0.0,0.15857898,16.139956,16.169956,1728000
hardzero_plus_depr__c0p52__z1p00__lam0p030__nu0p50__psi0p75,hardzero_plus_depr,0.03,33,540,0.0,1,0.5162784,0.5162784,0.9867448,0.10309917,0.10309917,1.0,1.6729553e-08,1.6226662e-07,-26.323679,2.170882,0.7236273,0.2,0.0,0.1534707,16.169956,16.199957,1731200
hardzero_plus_depr__c0p52__z1p00__lam0p030__nu0p50__psi0p75,hardzero_plus_depr,0.03,33,541,0.0,1,0.5162784,0.5162784,1.0244029,0.0,0.094535984,0.0,0.0,1.5865636e-07,-27.937756,2.2537313,0.75124377,0.18400002,0.0,0.15528692,16.199957,16.229958,1734400
hardzero_plus_depr__c0p52__z1p00__lam0p030__nu0p50__psi0p75,hardzero_plus_depr,0.03,33,542,0.0,1,0.5162784,0.5162784,1.0931132,0.0,0.08070247,0.0,0.0,1.5512633e-07,-28.349434,2.404897,0.80163234,0.15200001,0.0,0.17092721,16.229958,16.259958,1737600
hardzero_plus_depr__c0p52__z1p00__lam0p030__nu0p50__psi0p75,hardzero_plus_depr,0.03,33,543,0.0,1,0.5162784,0.5162784,0.998295,0.10039335,0.10039335,1.0,1.522714e-08,1.516748e-07,-26.61163,2.1962929,0.7320976,0.16800001,0.0,0.16107263,16.259958,16.289959,1740800
hardzero_plus_depr__c0p52__z1p00__lam0p030__nu0p50__psi0p75,hardzero_plus_depr,0.03,33,544,0.0,1,0.5162784,0.5162784,1.0940102,0.0,0.08053593,0.0,0.0,1.4830022e-07,-27.468168,2.4068706,0.8022902,0.15200001,0.0,0.1786758,16.289959,16.31996,1744000
hardzero_plus_depr__c0p52__z1p00__lam0p030__nu0p50__psi0p75,hardzero_plus_depr,0.03,33,545,0.0,1,0.5162784,0.5162784,1.0434,0.0,0.09048987,0.0,0.0,1.4500071e-07,-27.521875,2.295526,0.76517534,0.16000001,0.0,0.16736645,16.31996,16.34996,1747200
hardzero_plus_depr__c0p52__z1p00__lam0p030__nu0p50__psi0p75,hardzero_plus_depr,0.03,33,546,0.0,1,0.5162784,0.5162784,1.0053828,0.0,0.098768234,0.0,0.0,1.4177449e-07,-26.88537,2.2118862,0.7372954,0.13,0.0,0.13836478,16.34996,16.379961,1750400
hardzero_plus_depr__c0p52__z1p00__lam0p030__nu0p50__psi0p75,hardzero_plus_depr,0.03,33,547,0.0,1,0.5162784,0.5162784,1.0321448,0.0,0.092865676,0.0,0.0,1.3862005e-07,-27.191204,2.2707639,0.7569213,0.120000005,0.0,0.14536227,16.379961,16.409962,1753600
hardzero_plus_depr__c0p52__z1p00__lam0p030__nu0p50__psi0p75,hardzero_plus_depr,0.03,33,548,0.0,1,0.5162784,0.5162784,1.0112382,0.0,0.09744549,0.0,0.0,1.3553591e-07,-26.489748,2.2247684,0.7415895,0.18400002,0.0,0.13497654,16.409962,16.439962,1756800
hardzero_plus_depr__c0p52__z1p00__lam0p030__nu0p50__psi0p75,hardzero_plus_depr,0.03,33,549,0.0,1,0.5162784,0.5162784,1.0580802,0.0,0.08748221,0.0,0.0,1.3252041e-07,-27.536945,2.327823,0.775941,0.16000001,0.0,0.15575074,16.439962,16.469963,1760000
hardzero_plus_depr__c0p52__z1p00__lam0p030__nu0p50__psi0p75,hardzero_plus_depr,0.03,33,550,0.0,1,0.5162784,0.5162784,0.9806553,0.10455497,0.10455497,1.0,1.3547381e-08,1.2957184e-07,-26.68076,2.1574848,0.7191616,0.216,0.0,0.12723434,16.469963,16.499964,1763200
hardzero_plus_depr__c0p52__z1p00__lam0p030__nu0p50__psi0p75,hardzero_plus_depr,0.03,33,551,0.0,1,0.5162784,0.5162784,1.0231924,0.0,0.09479984,0.0,0.0,1.2668892e-07,-27.411943,2.2510684,0.75035614,0.14400001,0.0,0.12611145,16.499964,16.529964,1766400
hardzero_plus_depr__c0p52__z1p00__lam0p030__nu0p50__psi0p75,hardzero_plus_depr,0.03,33,552,0.0,1,0.5162784,0.5162784,0.97210556,0.10663368,0.10663368,1.0,1.3208739e-08,1.2387024e-07,-26.203999,2.138675,0.7128917,0.2,0.0,0.1268657,16.529964,16.559965,1769600
hardzero_plus_depr__c0p52__z1p00__lam0p030__nu0p50__psi0p75,hardzero_plus_depr,0.03,33,553,0.0,1,0.5162784,0.5162784,0.96967703,0.10723163,0.10723163,1.0,1.2987282e-08,1.2111428e-07,-25.778479,2.133332,0.7111107,0.128,0.0,0.14393006,16.559965,16.589966,1772800
hardzero_plus_depr__c0p52__z1p00__lam0p030__nu0p50__psi0p75,hardzero_plus_depr,0.03,33,554,0.0,1,0.5162784,0.5162784,1.0517211,0.0,0.08877259,0.0,0.0,1.1841951e-07,-27.202072,2.3138325,0.77127755,0.15200001,0.0,0.16923559,16.589966,16.619967,1776000
hardzero_plus_depr__c0p52__z1p00__lam0p030__nu0p50__psi0p75,hardzero_plus_depr,0.03,33,555,0.0,1,0.5162784,0.5162784,1.0629272,0.0,0.086511284,0.0,0.0,1.1578471e-07,-27.674494,2.3384867,0.7794956,0.18400002,0.0,0.16590555,16.619967,16.649967,1779200
hardzero_plus_depr__c0p52__z1p00__lam0p030__nu0p50__psi0p75,hardzero_plus_depr,0.03,33,556,0.0,1,0.5162784,0.5162784,1.0666724,0.0,0.08576845,0.0,0.0,1.1320865e-07,-27.61738,2.3467262,0.78224206,0.192,0.0,0.16745695,16.649967,16.679968,1782400
hardzero_plus_depr__c0p52__z1p00__lam0p030__nu0p50__psi0p75,hardzero_plus_depr,0.03,33,557,0.0,1,0.5162784,0.5162784,1.0128571,0.0,0.09708295,0.0,0.0,1.1068989e-07,-27.06985,2.2283301,0.74277675,0.15200001,0.0,0.13543047,16.679968,16.709969,1785600
hardzero_plus_depr__c0p52__z1p00__lam0p030__nu0p50__psi0p75,hardzero_plus_depr,0.03,33,558,0.0,1,0.5162784,0.5162784,1.0523146,0.0,0.08865135,0.0,0.0,1.0822706e-07,-27.20427,2.3151383,0.7717128,0.16000001,0.0,0.13632073,16.709969,16.73997,1788800
hardzero_plus_depr__c0p52__z1p00__lam0p030__nu0p50__psi0p75,hardzero_plus_depr,0.03,33,559,0.0,1,0.5162784,0.5162784,1.0040157,0.0,0.099079624,0.0,0.0,1.0581904e-07,-27.570408,2.2088785,0.73629284,0.16,0.0,0.16499169,16.73997,16.76997,1792000
hardzero_plus_depr__c0p52__z1p00__lam0p030__nu0p50__psi0p75,hardzero_plus_depr,0.03,33,560,0.0,1,0.5162784,0.5162784,1.0578109,0.0,0.08753648,0.0,0.0,1.0346469e-07,-28.517527,2.3272305,0.7757435,0.128,0.0,0.14693439,16.76997,16.79997,1795200
hardzero_plus_depr__c0p52__z1p00__lam0p030__nu0p50__psi0p75,hardzero_plus_depr,0.03,33,561,0.0,1,0.5162784,0.5162784,1.0258864,0.0,0.094213605,0.0,0.0,1.01162726e-07,-26.848797,2.2569952,0.75233173,0.15200001,0.0,0.14136513,16.79997,16.829971,1798400
hardzero_plus_depr__c0p52__z1p00__lam0p030__nu0p50__psi0p75,hardzero_plus_depr,0.03,33,562,0.0,1,0.5162784,0.5162784,0.97598726,0.105684854,0.105684854,1.0,1.0453489e-08,9.891189e-08,-25.825298,2.147215,0.7157383,0.112,0.0,0.1340708,16.829971,16.859972,1801600
hardzero_plus_depr__c0p52__z1p00__lam0p030__nu0p50__psi0p75,hardzero_plus_depr,0.03,33,563,0.0,1,0.5162784,0.5162784,1.0435894,0.0,0.09045043,0.0,0.0,9.6711126e-08,-27.291508,2.2959425,0.7653142,0.18400002,0.0,0.14789927,16.859972,16.889973,1804800
hardzero_plus_depr__c0p52__z1p00__lam0p030__nu0p50__psi0p75,hardzero_plus_depr,0.03,33,564,0.0,1,0.5162784,0.5162784,0.9769123,0.10545997,0.10545997,1.0,9.972234e-09,9.455942e-08,-26.900286,2.14925,0.7164167,0.18400002,0.0,0.14754613,16.889973,16.919973,1808000
hardzero_plus_depr__c0p52__z1p00__lam0p030__nu0p50__psi0p75,hardzero_plus_depr,0.03,33,565,0.0,1,0.5162784,0.5162784,1.036779,0.0,0.09187998,0.0,0.0,9.245558e-08,-27.21828,2.2809594,0.7603198,0.15200001,0.0,0.1525955,16.919973,16.949974,1811200
hardzero_plus_depr__c0p52__z1p00__lam0p030__nu0p50__psi0p75,hardzero_plus_depr,0.03,33,566,0.0,1,0.5162784,0.5162784,1.0103703,0.0,0.09764044,0.0,0.0,9.039847e-08,-26.866282,2.222859,0.74095297,0.136,0.0,0.15962975,16.949974,16.979975,1814400
hardzero_plus_depr__c0p52__z1p00__lam0p030__nu0p50__psi0p75,hardzero_plus_depr,0.03,33,567,0.0,1,0.5162784,0.5162784,1.019498,0.0,0.095609695,0.0,0.0,8.838713e-08,-27.079443,2.2429404,0.7476468,0.16800001,0.0,0.15076788,16.979975,17.009975,1817600
hardzero_plus_depr__c0p52__z1p00__lam0p030__nu0p50__psi0p75,hardzero_plus_depr,0.03,33,568,0.0,1,0.5162784,0.5162784,1.0860444,0.0,0.08202676,0.0,0.0,8.642063e-08,-28.282827,2.3893454,0.79644847,0.16000001,0.0,0.16732733,17.009975,17.039976,1820800
hardzero_plus_depr__c0p52__z1p00__lam0p030__nu0p50__psi0p75,hardzero_plus_depr,0.03,33,569,0.0,1,0.5162784,0.5162784,1.0255622,0.0,0.09428396,0.0,0.0,8.449787e-08,-27.621593,2.2562819,0.752094,0.136,0.0,0.1595163,17.039976,17.069977,1824000
hardzero_plus_depr__c0p52__z1p00__lam0p030__nu0p50__psi0p75,hardzero_plus_depr,0.03,33,570,0.0,1,0.5162784,0.5162784,1.011038,0.0,0.09749043,0.0,0.0,8.261782e-08,-26.748913,2.2243278,0.7414426,0.16000001,0.0,0.1384124,17.069977,17.099977,1827200
hardzero_plus_depr__c0p52__z1p00__lam0p030__nu0p50__psi0p75,hardzero_plus_depr,0.03,33,571,0.0,1,0.5162784,0.5162784,1.00734,0.0,0.09832412,0.0,0.0,8.077959e-08,-27.20178,2.2161922,0.7387308,0.16800001,0.0,0.14123854,17.099977,17.129978,1830400
hardzero_plus_depr__c0p52__z1p00__lam0p030__nu0p50__psi0p75,hardzero_plus_depr,0.03,33,572,0.0,1,0.5162784,0.5162784,1.0392038,0.0,0.09136844,0.0,0.0,7.898234e-08,-27.933868,2.286294,0.762098,0.16,0.0,0.15185083,17.129978,17.159979,1833600
hardzero_plus_depr__c0p52__z1p00__lam0p030__nu0p50__psi0p75,hardzero_plus_depr,0.03,33,573,0.0,1,0.5162784,0.5162784,1.0344248,0.0,0.092379406,0.0,0.0,7.722508e-08,-27.974533,2.27578,0.7585933,0.15200001,0.0,0.1617949,17.159979,17.18998,1836800
hardzero_plus_depr__c0p52__z1p00__lam0p030__nu0p50__psi0p75,hardzero_plus_depr,0.03,33,574,0.0,1,0.5162784,0.5162784,1.0164208,0.0,0.096289545,0.0,0.0,7.550684e-08,-27.35568,2.2361705,0.7453902,0.17600001,0.0,0.17494382,17.18998,17.21998,1840000
hardzero_plus_depr__c0p52__z1p00__lam0p030__nu0p50__psi0p75,hardzero_plus_depr,0.03,33,575,0.0,1,0.5162784,0.5162784,1.0353236,0.0,0.092188425,0.0,0.0,7.382683e-08,-27.313414,2.2777574,0.7592525,0.16800001,0.0,0.1470704,17.21998,17.24998,1843200
hardzero_plus_depr__c0p52__z1p00__lam0p030__nu0p50__psi0p75,hardzero_plus_depr,0.03,33,576,0.0,1,0.5162784,0.5162784,0.99214286,0.10182563,0.10182563,1.0,7.3502098e-09,7.218428e-08,-26.611603,2.1827579,0.727586,0.192,0.0,0.14249201,17.24998,17.279982,1846400
hardzero_plus_depr__c0p52__z1p00__lam0p030__nu0p50__psi0p75,hardzero_plus_depr,0.03,33,577,0.0,1,0.5162784,0.5162784,0.9908189,0.10213653,0.10213653,1.0,7.2086177e-09,7.057825e-08,-26.386314,2.179845,0.7266151,0.192,0.0,0.14344452,17.279982,17.309982,1849600
hardzero_plus_depr__c0p52__z1p00__lam0p030__nu0p50__psi0p75,hardzero_plus_depr,0.03,33,578,0.0,1,0.5162784,0.5162784,0.97351277,0.10628874,0.10628874,1.0,7.334764e-09,6.900791e-08,-26.708754,2.1417708,0.71392363,0.17600001,0.0,0.13790293,17.309982,17.339983,1852800
hardzero_plus_depr__c0p52__z1p00__lam0p030__nu0p50__psi0p75,hardzero_plus_depr,0.03,33,579,0.0,1,0.5162784,0.5162784,0.9958322,0.10096427,0.10096427,1.0,6.8123125e-09,6.7472506e-08,-26.935637,2.1908746,0.73029155,0.17600001,0.0,0.13834925,17.339983,17.369984,1856000
hardzero_plus_depr__c0p52__z1p00__lam0p030__nu0p50__psi0p75,hardzero_plus_depr,0.03,33,580,0.0,1,0.5162784,0.5162784,1.0166936,0.0,0.0962291,0.0,0.0,6.597133e-08,-26.457275,2.2367706,0.7455902,0.192,0.0,0.1509018,17.369984,17.399984,1859200
hardzero_plus_depr__c0p52__z1p00__lam0p030__nu0p50__psi0p75,hardzero_plus_depr,0.03,33,581,0.0,1,0.5162784,0.5162784,0.9897574,0.10238646,0.10238646,1.0,6.604289e-09,6.450354e-08,-26.796997,2.1775098,0.72583663,0.17600001,0.0,0.13440391,17.399984,17.429985,1862400
hardzero_plus_depr__c0p52__z1p00__lam0p030__nu0p50__psi0p75,hardzero_plus_depr,0.03,33,582,0.0,1,0.5162784,0.5162784,1.0072662,0.0,0.09834081,0.0,0.0,6.306835e-08,-27.280733,2.21603,0.73867667,0.120000005,0.0,0.15382063,17.429985,17.459986,1865600
hardzero_plus_depr__c0p52__z1p00__lam0p030__nu0p50__psi0p75,hardzero_plus_depr,0.03,33,583,0.0,1,0.5162784,0.5162784,0.9968356,0.10073129,0.10073129,1.0,6.2116055e-09,6.1665105e-08,-27.270643,2.193082,0.73102736,0.17600001,0.0,0.1475971,17.459986,17.489986,1868800
hardzero_plus_depr__c0p52__z1p00__lam0p030__nu0p50__psi0p75,hardzero_plus_depr,0.03,33,584,0.0,1,0.5162784,0.5162784,1.1077085,0.0,0.078035384,0.0,0.0,6.0293125e-08,-28.031046,2.4370072,0.8123357,0.08800001,0.0,0.1694179,17.489986,17.519987,1872000
hardzero_plus_depr__c0p52__z1p00__lam0p030__nu0p50__psi0p75,hardzero_plus_depr,0.03,33,585,0.0,1,0.5162784,0.5162784,0.9512163,0.11188806,0.11188806,1.0,6.595989e-09,5.895168e-08,-26.810282,2.0927176,0.6975726,0.24,0.0,0.13759044,17.519987,17.549988,1875200
hardzero_plus_depr__c0p52__z1p00__lam0p030__nu0p50__psi0p75,hardzero_plus_depr,0.03,33,586,0.0,1,0.5162784,0.5162784,1.0544548,0.0,0.08821557,0.0,0.0,5.7640015e-08,-26.909384,2.3198469,0.7732823,0.14400001,0.0,0.16627754,17.549988,17.579988,1878400
hardzero_plus_depr__c0p52__z1p00__lam0p030__nu0p50__psi0p75,hardzero_plus_depr,0.03,33,587,0.0,1,0.5162784,0.5162784,1.054838,0.0,0.08813776,0.0,0.0,5.6357543e-08,-27.952572,2.32069,0.7735633,0.16000001,0.0,0.14991191,17.579988,17.60999,1881600
hardzero_plus_depr__c0p52__z1p00__lam0p030__nu0p50__psi0p75,hardzero_plus_depr,0.03,33,588,0.0,1,0.5162784,0.5162784,1.0462941,0.0,0.08988887,0.0,0.0,5.5103655e-08,-27.524553,2.301893,0.7672977,0.216,0.0,0.15967609,17.60999,17.63999,1884800
hardzero_plus_depr__c0p52__z1p00__lam0p030__nu0p50__psi0p75,hardzero_plus_depr,0.03,33,589,0.0,1,0.5162784,0.5162784,1.0320067,0.0,0.09289519,0.0,0.0,5.3877667e-08,-27.099695,2.2704601,0.7568201,0.17600001,0.0,0.13365987,17.63999,17.66999,1888000
hardzero_plus_depr__c0p52__z1p00__lam0p030__nu0p50__psi0p75,hardzero_plus_depr,0.03,33,590,0.0,1,0.5162784,0.5162784,1.0403416,0.0,0.09112937,0.0,0.0,5.26789e-08,-27.567966,2.2887974,0.7629325,0.224,0.0,0.1422141,17.66999,17.699991,1891200
hardzero_plus_depr__c0p52__z1p00__lam0p030__nu0p50__psi0p75,hardzero_plus_depr,0.03,33,591,0.0,1,0.5162784,0.5162784,1.0504525,0.0,0.089032285,0.0,0.0,5.150681e-08,-27.930199,2.3110416,0.77034724,0.192,0.0,0.15661956,17.699991,17.729992,1894400
hardzero_plus_depr__c0p52__z1p00__lam0p030__nu0p50__psi0p75,hardzero_plus_depr,0.03,33,592,0.0,1,0.5162784,0.5162784,1.0478331,0.0,0.08957089,0.0,0.0,5.0360846e-08,-27.55689,2.3052788,0.7684263,0.16000001,0.0,0.15046774,17.729992,17.759993,1897600
hardzero_plus_depr__c0p52__z1p00__lam0p030__nu0p50__psi0p75,hardzero_plus_depr,0.03,33,593,0.0,1,0.5162784,0.5162784,1.009379,0.0,0.09786355,0.0,0.0,4.9240377e-08,-26.10051,2.220678,0.74022603,0.16800001,0.0,0.14976595,17.759993,17.789993,1900800
hardzero_plus_depr__c0p52__z1p00__lam0p030__nu0p50__psi0p75,hardzero_plus_depr,0.03,33,594,0.0,1,0.5162784,0.5162784,1.047917,0.0,0.089553595,0.0,0.0,4.8144795e-08,-27.280447,2.3054636,0.7684879,0.08800001,0.0,0.13670096,17.789993,17.819994,1904000
hardzero_plus_depr__c0p52__z1p00__lam0p030__nu0p50__psi0p75,hardzero_plus_depr,0.03,33,595,0.0,1,0.5162784,0.5162784,1.0441787,0.0,0.09032776,0.0,0.0,4.7073588e-08,-27.386667,2.297239,0.76574636,0.15200001,0.0,0.15275253,17.819994,17.849995,1907200
hardzero_plus_depr__c0p52__z1p00__lam0p030__nu0p50__psi0p75,hardzero_plus_depr,0.03,33,596,0.0,1,0.5162784,0.5162784,1.0311948,0.0,0.09306903,0.0,0.0,4.6026255e-08,-26.504215,2.268674,0.75622463,0.16800001,0.0,0.15645143,17.849995,17.879995,1910400
hardzero_plus_depr__c0p52__z1p00__lam0p030__nu0p50__psi0p75,hardzero_plus_depr,0.03,33,597,0.0,1,0.5162784,0.5162784,1.0796134,0.0,0.08325045,0.0,0.0,4.5002224e-08,-27.958069,2.375197,0.7917323,0.112,0.0,0.16512312,17.879995,17.909996,1913600
hardzero_plus_depr__c0p52__z1p00__lam0p030__nu0p50__psi0p75,hardzero_plus_depr,0.03,33,598,0.0,1,0.5162784,0.5162784,0.9893815,0.10247514,0.10247514,1.0,4.509002e-09,4.4000938e-08,-26.41948,2.1766827,0.7255609,0.21,0.0,0.10857965,17.909996,17.939997,1916800
hardzero_plus_depr__c0p52__z1p00__lam0p030__nu0p50__psi0p75,hardzero_plus_depr,0.03,33,599,0.0,1,0.5162784,0.5162784,1.1006141,0.0,0.07932058,0.0,0.0,4.3021924e-08,-28.692717,2.4213994,0.80713314,0.112,0.0,0.14357407,17.939997,17.969997,1920000
hardzero_plus_depr__c0p52__z1p00__lam0p030__nu0p50__psi0p75,hardzero_plus_depr,0.03,33,600,0.0,1,0.5162784,0.5162784,1.0282254,0.0,0.09370755,0.0,0.0,4.206474e-08,-26.34567,2.2621412,0.7540471,0.18400002,0.0,0.12420224,17.969997,17.999998,1923200
hardzero_plus_depr__c0p52__z1p00__lam0p030__nu0p50__psi0p75,hardzero_plus_depr,0.03,33,601,0.0,1,0.5162784,0.5162784,1.0570321,0.0,0.0876936,0.0,0.0,4.112885e-08,-27.28927,2.3255172,0.7751724,0.136,0.0,0.16083163,17.999998,18.029999,1926400
hardzero_plus_depr__c0p52__z1p00__lam0p030__nu0p50__psi0p75,hardzero_plus_depr,0.03,33,602,0.0,1,0.5162784,0.5162784,0.9936452,0.101474,0.101474,1.0,4.080649e-09,4.021374e-08,-26.219896,2.186063,0.7286877,0.14400001,0.0,0.14885579,18.029999,18.06,1929600
hardzero_plus_depr__c0p52__z1p00__lam0p030__nu0p50__psi0p75,hardzero_plus_depr,0.03,33,603,0.0,1,0.5162784,0.5162784,1.0203865,0.0,0.09541432,0.0,0.0,3.9319e-08,-26.787235,2.244895,0.74829835,0.216,0.0,0.1587545,18.06,18.09,1932800
hardzero_plus_depr__c0p52__z1p00__lam0p030__nu0p50__psi0p75,hardzero_plus_depr,0.03,33,604,0.0,1,0.5162784,0.5162784,1.0040438,0.0,0.0990732,0.0,0.0,3.84442e-08,-27.076859,2.2089405,0.7363135,0.192,0.0,0.13800263,18.09,18.12,1936000
hardzero_plus_depr__c0p52__z1p00__lam0p030__nu0p50__psi0p75,hardzero_plus_depr,0.03,33,605,0.0,1,0.5162784,0.5162784,1.0156505,0.0,0.096460484,0.0,0.0,3.7588862e-08,-26.053493,2.2344756,0.74482524,0.2,0.0,0.15910047,18.12,18.150002,1939200
hardzero_plus_depr__c0p52__z1p00__lam0p030__nu0p50__psi0p75,hardzero_plus_depr,0.03,33,606,0.0,1,0.5162784,0.5162784,1.0913043,0.0,0.08103931,0.0,0.0,3.675252e-08,-28.58476,2.4009175,0.80030584,0.17600001,0.0,0.1627937,18.150002,18.180002,1942400
hardzero_plus_depr__c0p52__z1p00__lam0p030__nu0p50__psi0p75,hardzero_plus_depr,0.03,33,607,0.0,1,0.5162784,0.5162784,1.0802234,0.0,0.0831336,0.0,0.0,3.5934786e-08,-27.884329,2.376539,0.7921797,0.128,0.0,0.16078664,18.180002,18.210003,1945600
hardzero_plus_depr__c0p52__z1p00__lam0p030__nu0p50__psi0p75,hardzero_plus_depr,0.03,33,608,0.0,1,0.5162784,0.5162784,1.0165204,0.0,0.09626748,0.0,0.0,3.513528e-08,-27.45745,2.2363894,0.74546313,0.224,0.0,0.16630648,18.210003,18.240004,1948800
hardzero_plus_depr__c0p52__z1p00__lam0p030__nu0p50__psi0p75,hardzero_plus_depr,0.03,33,609,0.0,1,0.5162784,0.5162784,1.0665247,0.0,0.085797615,0.0,0.0,3.435356e-08,-28.34176,2.3464012,0.78213376,0.2,0.0,0.17998436,18.240004,18.270004,1952000
hardzero_plus_depr__c0p52__z1p00__lam0p030__nu0p50__psi0p75,hardzero_plus_depr,0.03,33,610,0.0,1,0.5162784,0.5162784,1.0291716,0.0,0.09350361,0.0,0.0,3.3589203e-08,-27.402977,2.2642226,0.7547409,0.224,0.0,0.15435934,18.270004,18.300005,1955200
hardzero_plus_depr__c0p52__z1p00__lam0p030__nu0p50__psi0p75,hardzero_plus_depr,0.03,33,611,0.0,1,0.5162784,0.5162784,1.090514,0.0,0.08118692,0.0,0.0,3.284185e-08,-28.605228,2.3991785,0.7997262,0.17,0.0,0.17917107,18.300005,18.330006,1958400
hardzero_plus_depr__c0p52__z1p00__lam0p030__nu0p50__psi0p75,hardzero_plus_depr,0.03,33,612,0.0,1,0.5162784,0.5162784,1.0033119,0.0,0.09924031,0.0,0.0,3.211116e-08,-26.621252,2.2073302,0.7357768,0.16000001,0.0,0.13434416,18.330006,18.360006,1961600
hardzero_plus_depr__c0p52__z1p00__lam0p030__nu0p50__psi0p75,hardzero_plus_depr,0.03,33,613,0.0,1,0.5162784,0.5162784,1.0862294,0.0,0.08199182,0.0,0.0,3.1396723e-08,-28.17986,2.3897524,0.7965841,0.112,0.0,0.15189154,18.360006,18.390007,1964800
hardzero_plus_depr__c0p52__z1p00__lam0p030__nu0p50__psi0p75,hardzero_plus_depr,0.03,33,614,0.0,1,0.5162784,0.5162784,1.0253012,0.0,0.09434062,0.0,0.0,3.069816e-08,-27.338806,2.2557077,0.7519026,0.120000005,0.0,0.17972805,18.390007,18.420008,1968000
hardzero_plus_depr__c0p52__z1p00__lam0p030__nu0p50__psi0p75,hardzero_plus_depr,0.03,33,615,0.0,1,0.5162784,0.5162784,0.99932194,0.10015626,0.10015626,1.0,3.0062035e-09,3.0015133e-08,-26.73578,2.1985521,0.73285073,0.14400001,0.0,0.16445392,18.420008,18.450008,1971200
hardzero_plus_depr__c0p52__z1p00__lam0p030__nu0p50__psi0p75,hardzero_plus_depr,0.03,33,616,0.0,1,0.5162784,0.5162784,0.9773745,0.1053478,0.1053478,1.0,3.0916767e-09,2.9347332e-08,-26.415865,2.150267,0.7167556,0.16800001,0.0,0.14882988,18.450008,18.48001,1974400
hardzero_plus_depr__c0p52__z1p00__lam0p030__nu0p50__psi0p75,hardzero_plus_depr,0.03,33,617,0.0,1,0.5162784,0.5162784,1.0067501,0.0,0.09845774,0.0,0.0,2.8694389e-08,-26.676542,2.2148945,0.7382982,0.15200001,0.0,0.15986459,18.48001,18.51001,1977600
hardzero_plus_depr__c0p52__z1p00__lam0p030__nu0p50__psi0p75,hardzero_plus_depr,0.03,33,618,0.0,1,0.5162784,0.5162784,1.0323212,0.0,0.09282795,0.0,0.0,2.8055945e-08,-27.912224,2.271152,0.7570507,0.15200001,0.0,0.16831063,18.51001,18.54001,1980800
hardzero_plus_depr__c0p52__z1p00__lam0p030__nu0p50__psi0p75,hardzero_plus_depr,0.03,33,619,0.0,1,0.5162784,0.5162784,1.0261489,0.0,0.094156675,0.0,0.0,2.7431708e-08,-27.672855,2.2575727,0.75252426,0.192,0.0,0.16886479,18.54001,18.570011,1984000
hardzero_plus_depr__c0p52__z1p00__lam0p030__nu0p50__psi0p75,hardzero_plus_depr,0.03,33,620,0.0,1,0.5162784,0.5162784,1.0422784,0.0,0.090723865,0.0,0.0,2.6821388e-08,-28.450829,2.2930584,0.7643528,0.16000001,0.0,0.14322266,18.570011,18.600012,1987200
hardzero_plus_depr__c0p52__z1p00__lam0p030__nu0p50__psi0p75,hardzero_plus_depr,0.03,33,621,0.0,1,0.5162784,0.5162784,0.97468036,0.106003374,0.106003374,1.0,2.7799005e-09,2.6224642e-08,-25.804262,2.1443396,0.71477985,0.136,0.008,0.13887683,18.600012,18.630013,1990400
hardzero_plus_depr__c0p52__z1p00__lam0p030__nu0p50__psi0p75,hardzero_plus_depr,0.03,33,622,0.0,1,0.5162784,0.5162784,1.0636979,0.0,0.0863579,0.0,0.0,2.564115e-08,-27.74914,2.3401823,0.78006077,0.120000005,0.0,0.1644236,18.630013,18.660013,1993600
hardzero_plus_depr__c0p52__z1p00__lam0p030__nu0p50__psi0p75,hardzero_plus_depr,0.03,33,623,0.0,1,0.5162784,0.5162784,1.0562851,0.0,0.087844566,0.0,0.0,2.5070642e-08,-28.060934,2.3238738,0.7746246,0.096,0.0,0.15937161,18.660013,18.690014,1996800
hardzero_plus_depr__c0p52__z1p00__lam0p030__nu0p50__psi0p75,hardzero_plus_depr,0.03,33,624,0.0,1,0.5162784,0.5162784,1.0041434,0.0,0.09905051,0.0,0.0,2.451285e-08,-27.140825,2.2091596,0.73638654,0.08,0.0,0.14734729,18.690014,18.720015,2000000
hardzero_plus_depr__c0p52__z1p00__lam0p030__nu0p50__psi0p75,hardzero_plus_depr,0.03,33,625,0.0,1,0.5162784,0.5162784,1.002526,0.0,0.09942004,0.0,0.0,2.396747e-08,-26.881294,2.2056015,0.7352005,0.2,0.0,0.15842551,18.720015,18.750015,2003200
hardzero_plus_depr__c0p52__z1p00__lam0p030__nu0p50__psi0p75,hardzero_plus_depr,0.03,33,626,0.0,1,0.5162784,0.5162784,1.0539511,0.0,0.08831793,0.0,0.0,2.3434199e-08,-27.41037,2.3187387,0.7729129,0.16800001,0.0,0.14916149,18.750015,18.780016,2006400
hardzero_plus_depr__c0p52__z1p00__lam0p030__nu0p50__psi0p75,hardzero_plus_depr,0.03,33,627,0.0,1,0.5162784,0.5162784,1.0392101,0.0,0.09136711,0.0,0.0,2.2912795e-08,-27.76397,2.2863078,0.7621026,0.17600001,0.0,0.15226093,18.780016,18.810017,2009600
hardzero_plus_depr__c0p52__z1p00__lam0p030__nu0p50__psi0p75,hardzero_plus_depr,0.03,33,628,0.0,1,0.5162784,0.5162784,0.9508007,0.11199516,0.11199516,1.0,2.5090288e-09,2.2403011e-08,-26.438923,2.0918033,0.6972678,0.18400002,0.0,0.13056733,18.810017,18.840017,2012800
hardzero_plus_depr__c0p52__z1p00__lam0p030__nu0p50__psi0p75,hardzero_plus_depr,0.03,33,629,0.0,1,0.5162784,0.5162784,1.019831,0.0,0.09553644,0.0,0.0,2.1904572e-08,-28.28435,2.2436728,0.74789095,0.16000001,0.0,0.16675329,18.840017,18.870018,2016000
hardzero_plus_depr__c0p52__z1p00__lam0p030__nu0p50__psi0p75,hardzero_plus_depr,0.03,33,630,0.0,1,0.5162784,0.5162784,1.007167,0.0,0.09836328,0.0,0.0,2.1417202e-08,-26.865408,2.2158117,0.73860395,0.112,0.0,0.13827315,18.870018,18.900019,2019200
hardzero_plus_depr__c0p52__z1p00__lam0p030__nu0p50__psi0p75,hardzero_plus_depr,0.03,33,631,0.0,1,0.5162784,0.5162784,1.0462618,0.0,0.08989557,0.0,0.0,2.0940673e-08,-27.696795,2.301822,0.767274,0.18400002,0.0,0.15340862,18.900019,18.93002,2022400
hardzero_plus_depr__c0p52__z1p00__lam0p030__nu0p50__psi0p75,hardzero_plus_depr,0.03,33,632,0.0,1,0.5162784,0.5162784,1.0140857,0.0,0.09680868,0.0,0.0,2.0474769e-08,-27.025349,2.231033,0.74367774,0.15200001,0.0,0.13343468,18.93002,18.96002,2025600
hardzero_plus_depr__c0p52__z1p00__lam0p030__nu0p50__psi0p75,hardzero_plus_depr,0.03,33,633,0.0,1,0.5162784,0.5162784,1.015641,0.0,0.09646262,0.0,0.0,2.001923e-08,-27.093748,2.2344546,0.7448182,0.16800001,0.0,0.13730073,18.96002,18.99002,2028800
hardzero_plus_depr__c0p52__z1p00__lam0p030__nu0p50__psi0p75,hardzero_plus_depr,0.03,33,634,0.0,1,0.5162784,0.5162784,1.0529851,0.0,0.088514596,0.0,0.0,1.957381e-08,-27.222393,2.3166134,0.7722045,0.136,0.0,0.1230776,18.99002,19.020021,2032000
hardzero_plus_depr__c0p52__z1p00__lam0p030__nu0p50__psi0p75,hardzero_plus_depr,0.03,33,635,0.0,1,0.5162784,0.5162784,1.0008818,0.0,0.09979717,0.0,0.0,1.9138296e-08,-27.687023,2.201984,0.73399466,0.17600001,0.0,0.1744798,19.020021,19.050022,2035200
hardzero_plus_depr__c0p52__z1p00__lam0p030__nu0p50__psi0p75,hardzero_plus_depr,0.03,33,636,0.0,1,0.5162784,0.5162784,1.0302377,0.0,0.093274355,0.0,0.0,1.8712493e-08,-28.037596,2.2665682,0.7555227,0.136,0.0,0.1227623,19.050022,19.080023,2038400
hardzero_plus_depr__c0p52__z1p00__lam0p030__nu0p50__psi0p75,hardzero_plus_depr,0.03,33,637,0.0,1,0.5162784,0.5162784,1.0555725,0.0,0.087988816,0.0,0.0,1.8296161e-08,-27.955034,2.322306,0.774102,0.14999999,0.0,0.15141897,19.080023,19.110023,2041600
hardzero_plus_depr__c0p52__z1p00__lam0p030__nu0p50__psi0p75,hardzero_plus_depr,0.03,33,638,0.0,1,0.5162784,0.5162784,0.9927248,0.10168929,0.10168929,1.0,1.8191275e-09,1.7889077e-08,-26.846214,2.1840382,0.72801274,0.2,0.0,0.17420448,19.110023,19.140024,2044800
hardzero_plus_depr__c0p52__z1p00__lam0p030__nu0p50__psi0p75,hardzero_plus_depr,0.03,33,639,0.0,1,0.5162784,0.5162784,1.0698122,0.0,0.08515062,0.0,0.0,1.7491049e-08,-27.62565,2.3536339,0.78454465,0.17600001,0.0,0.1561072,19.140024,19.170025,2048000
hardzero_plus_depr__c0p52__z1p00__lam0p030__nu0p50__psi0p75,hardzero_plus_depr,0.03,33,640,0.0,1,0.5162784,0.5162784,0.9907062,0.10216303,0.10216303,1.0,1.7471814e-09,1.7101895e-08,-26.512386,2.1795971,0.7265324,0.14400001,0.0,0.12823619,19.170025,19.200026,2051200
hardzero_plus_depr__c0p52__z1p00__lam0p030__nu0p50__psi0p75,hardzero_plus_depr,0.03,33,641,0.0,1,0.5162784,0.5162784,1.0204618,0.0,0.095397756,0.0,0.0,1.67214e-08,-27.665161,2.2450607,0.7483536,0.15200001,0.0,0.15572995,19.200026,19.230026,2054400
hardzero_plus_depr__c0p52__z1p00__lam0p030__nu0p50__psi0p75,hardzero_plus_depr,0.03,33,642,0.0,1,0.5162784,0.5162784,1.0608249,0.0,0.08693108,0.0,0.0,1.634935e-08,-27.993593,2.3338614,0.7779538,0.096,0.0,0.1380956,19.230026,19.260027,2057600
hardzero_plus_depr__c0p52__z1p00__lam0p030__nu0p50__psi0p75,hardzero_plus_depr,0.03,33,643,0.0,1,0.5162784,0.5162784,1.00951,0.0,0.09783401,0.0,0.0,1.5985583e-08,-27.152208,2.2209663,0.7403221,0.136,0.0,0.13662794,19.260027,19.290028,2060800
hardzero_plus_depr__c0p52__z1p00__lam0p030__nu0p50__psi0p75,hardzero_plus_depr,0.03,33,644,0.0,1,0.5162784,0.5162784,1.029665,0.0,0.09339744,0.0,0.0,1.5629922e-08,-27.469427,2.2653081,0.75510275,0.16800001,0.0,0.13608536,19.290028,19.320028,2064000
hardzero_plus_depr__c0p52__z1p00__lam0p030__nu0p50__psi0p75,hardzero_plus_depr,0.03,33,645,0.0,1,0.5162784,0.5162784,1.0489371,0.0,0.08934348,0.0,0.0,1.5282176e-08,-27.842726,2.3077078,0.76923597,0.16000001,0.0,0.1678101,19.320028,19.350029,2067200
hardzero_plus_depr__c0p52__z1p00__lam0p030__nu0p50__psi0p75,hardzero_plus_depr,0.03,33,646,0.0,1,0.5162784,0.5162784,1.0291672,0.0,0.09350456,0.0,0.0,1.4942152e-08,-27.987679,2.264213,0.75473773,0.18400002,0.0,0.17021996,19.350029,19.38003,2070400
hardzero_plus_depr__c0p52__z1p00__lam0p030__nu0p50__psi0p75,hardzero_plus_depr,0.03,33,647,0.0,1,0.5162784,0.5162784,1.0032928,0.0,0.09924467,0.0,0.0,1.4609692e-08,-25.988869,2.2072883,0.7357628,0.128,0.0,0.12485502,19.38003,19.41003,2073600
hardzero_plus_depr__c0p52__z1p00__lam0p030__nu0p50__psi0p75,hardzero_plus_depr,0.03,33,648,0.0,1,0.5162784,0.5162784,1.0370886,0.0,0.091814525,0.0,0.0,1.4284644e-08,-27.83474,2.2816405,0.76054686,0.16800001,0.0,0.146646,19.41003,19.440031,2076800
hardzero_plus_depr__c0p52__z1p00__lam0p030__nu0p50__psi0p75,hardzero_plus_depr,0.03,33,649,0.0,1,0.5162784,0.5162784,1.0040668,0.0,0.099067956,0.0,0.0,1.3966828e-08,-27.03976,2.208991,0.7363304,0.17600001,0.0,0.14951766,19.440031,19.470032,2080000
hardzero_plus_depr__c0p52__z1p00__lam0p030__nu0p50__psi0p75,hardzero_plus_depr,0.03,33,650,0.0,1,0.5162784,0.5162784,1.0523198,0.0,0.08865029,0.0,0.0,1.365607e-08,-27.512085,2.3151498,0.7717166,0.17,0.0,0.14568855,19.470032,19.500032,2083200
hardzero_plus_depr__c0p52__z1p00__lam0p030__nu0p50__psi0p75,hardzero_plus_depr,0.03,33,651,0.0,1,0.5162784,0.5162784,1.0312415,0.0,0.09305901,0.0,0.0,1.3352225e-08,-27.06957,2.2687767,0.7562589,0.136,0.0,0.14293076,19.500032,19.530033,2086400
hardzero_plus_depr__c0p52__z1p00__lam0p030__nu0p50__psi0p75,hardzero_plus_depr,0.03,33,652,0.0,1,0.5162784,0.5162784,1.0101812,0.0,0.09768296,0.0,0.0,1.3055155e-08,-26.200825,2.2224429,0.7408143,0.15200001,0.0,0.13304274,19.530033,19.560034,2089600
hardzero_plus_depr__c0p52__z1p00__lam0p030__nu0p50__psi0p75,hardzero_plus_depr,0.03,33,653,0.0,1,0.5162784,0.5162784,1.0336893,0.0,0.092536,0.0,0.0,1.2764693e-08,-27.190395,2.2741618,0.75805396,0.120000005,0.0,0.122448936,19.560034,19.590034,2092800
hardzero_plus_depr__c0p52__z1p00__lam0p030__nu0p50__psi0p75,hardzero_plus_depr,0.03,33,654,0.0,1,0.5162784,0.5162784,1.0132914,0.0,0.0969859,0.0,0.0,1.2480683e-08,-26.984545,2.2292855,0.74309516,0.112,0.0,0.13165304,19.590034,19.620035,2096000
hardzero_plus_depr__c0p52__z1p00__lam0p030__nu0p50__psi0p75,hardzero_plus_depr,0.03,33,655,0.0,1,0.5162784,0.5162784,1.0467024,0.0,0.08980439,0.0,0.0,1.2202991e-08,-28.28511,2.3027914,0.76759714,0.16800001,0.0,0.13897495,19.620035,19.650036,2099200
hardzero_plus_depr__c0p52__z1p00__lam0p030__nu0p50__psi0p75,hardzero_plus_depr,0.03,33,656,0.0,1,0.5162784,0.5162784,1.0526305,0.0,0.08858689,0.0,0.0,1.1931489e-08,-28.164278,2.3158333,0.77194446,0.15200001,0.0,0.16849816,19.650036,19.680037,2102400
hardzero_plus_depr__c0p52__z1p00__lam0p030__nu0p50__psi0p75,hardzero_plus_depr,0.03,33,657,0.0,1,0.5162784,0.5162784,1.0183434,0.0,0.09586422,0.0,0.0,1.1666027e-08,-27.480883,2.2404003,0.7468001,0.208,0.0,0.13316867,19.680037,19.710037,2105600
hardzero_plus_depr__c0p52__z1p00__lam0p030__nu0p50__psi0p75,hardzero_plus_depr,0.03,33,658,0.0,1,0.5162784,0.5162784,0.982776,0.10404567,0.10404567,1.0,1.1867928e-09,1.1406461e-08,-26.475697,2.1621504,0.72071683,0.17600001,0.0,0.14877228,19.710037,19.740038,2108800
hardzero_plus_depr__c0p52__z1p00__lam0p030__nu0p50__psi0p75,hardzero_plus_depr,0.03,33,659,0.0,1,0.5162784,0.5162784,1.0925708,0.0,0.08080332,0.0,0.0,1.1152671e-08,-29.01573,2.4037037,0.8012346,0.128,0.008,0.16758853,19.740038,19.770039,2112000
hardzero_plus_depr__c0p52__z1p00__lam0p030__nu0p50__psi0p75,hardzero_plus_depr,0.03,33,660,0.0,1,0.5162784,0.5162784,1.0222458,0.0,0.0950067,0.0,0.0,1.0904538e-08,-27.079721,2.2489855,0.74966186,0.192,0.0,0.1384405,19.770039,19.80004,2115200
hardzero_plus_depr__c0p52__z1p00__lam0p030__nu0p50__psi0p75,hardzero_plus_depr,0.03,33,661,0.0,1,0.5162784,0.5162784,1.0524135,0.0,0.088631175,0.0,0.0,1.0661925e-08,-27.465828,2.3153558,0.77178526,0.096,0.0,0.14569663,19.80004,19.83004,2118400
hardzero_plus_depr__c0p52__z1p00__lam0p030__nu0p50__psi0p75,hardzero_plus_depr,0.03,33,662,0.0,1,0.5162784,0.5162784,1.0306712,0.0,0.0931813,0.0,0.0,1.0424699e-08,-28.063435,2.267522,0.7558407,0.17600001,0.0,0.15252405,19.83004,19.86004,2121600
hardzero_plus_depr__c0p52__z1p00__lam0p030__nu0p50__psi0p75,hardzero_plus_depr,0.03,33,663,0.0,1,0.5162784,0.5162784,1.0183989,0.0,0.09585198,0.0,0.0,1.0192753e-08,-26.698427,2.2405221,0.7468407,0.17,0.0,0.15675467,19.86004,19.890041,2124800
hardzero_plus_depr__c0p52__z1p00__lam0p030__nu0p50__psi0p75,hardzero_plus_depr,0.03,33,664,0.0,1,0.5162784,0.5162784,0.9693611,0.10730966,0.10730966,1.0,1.0694455e-09,9.9659765e-09,-26.314219,2.132637,0.710879,0.14400001,0.0,0.14219858,19.890041,19.920042,2128000
hardzero_plus_depr__c0p52__z1p00__lam0p030__nu0p50__psi0p75,hardzero_plus_depr,0.03,33,665,0.0,1,0.5162784,0.5162784,1.0208479,0.0,0.09531298,0.0,0.0,9.744245e-09,-26.821236,2.2459102,0.7486367,0.16000001,0.0,0.14032336,19.920042,19.950043,2131200
hardzero_plus_depr__c0p52__z1p00__lam0p030__nu0p50__psi0p75,hardzero_plus_depr,0.03,33,666,0.0,1,0.5162784,0.5162784,1.0812881,0.0,0.08293005,0.0,0.0,9.527438e-09,-27.878885,2.3788812,0.7929604,0.120000005,0.0,0.14822154,19.950043,19.980043,2134400
hardzero_plus_depr__c0p52__z1p00__lam0p030__nu0p50__psi0p75,hardzero_plus_depr,0.03,33,667,0.0,1,0.5162784,0.5162784,0.9678202,0.10769109,0.10769109,1.0,1.0031915e-09,9.315455e-09,-26.126957,2.129247,0.709749,0.16000001,0.0,0.14145565,19.980043,20.010044,2137600
hardzero_plus_depr__c0p52__z1p00__lam0p030__nu0p50__psi0p75,hardzero_plus_depr,0.03,33,668,0.0,1,0.5162784,0.5162784,1.028942,0.0,0.093553066,0.0,0.0,9.108197e-09,-27.833427,2.2637177,0.7545726,0.16800001,0.0,0.17330627,20.010044,20.040045,2140800
hardzero_plus_depr__c0p52__z1p00__lam0p030__nu0p50__psi0p75,hardzero_plus_depr,0.03,33,669,0.0,1,0.5162784,0.5162784,0.9821933,0.10418537,0.10418537,1.0,9.2782804e-10,8.90555e-09,-26.935537,2.1608684,0.72028947,0.17600001,0.0,0.12947275,20.040045,20.070045,2144000
hardzero_plus_depr__c0p52__z1p00__lam0p030__nu0p50__psi0p75,hardzero_plus_depr,0.03,33,670,0.0,1,0.5162784,0.5162784,0.9768334,0.105479136,0.105479136,1.0,9.184496e-10,8.7074055e-09,-27.069555,2.1490765,0.71635884,0.24000001,0.0,0.1515093,20.070045,20.100046,2147200
hardzero_plus_depr__c0p52__z1p00__lam0p030__nu0p50__psi0p75,hardzero_plus_depr,0.03,33,671,0.0,1,0.5162784,0.5162784,1.0010455,0.0,0.09975956,0.0,0.0,8.513667e-09,-27.043766,2.202344,0.73411465,0.16000001,0.0,0.14356779,20.100046,20.130047,2150400
hardzero_plus_depr__c0p52__z1p00__lam0p030__nu0p50__psi0p75,hardzero_plus_depr,0.03,33,672,0.0,1,0.5162784,0.5162784,0.95158553,0.11179295,0.11179295,1.0,9.305923e-10,8.324249e-09,-26.385017,2.09353,0.6978433,0.2,0.0,0.13868836,20.130047,20.160048,2153600
hardzero_plus_depr__c0p52__z1p00__lam0p030__nu0p50__psi0p75,hardzero_plus_depr,0.03,33,673,0.0,1,0.5162784,0.5162784,0.98660165,0.103133164,0.103133164,1.0,8.394054e-10,8.139044e-09,-26.607141,2.170567,0.72352237,0.128,0.0,0.13267522,20.160048,20.190048,2156800
hardzero_plus_depr__c0p52__z1p00__lam0p030__nu0p50__psi0p75,hardzero_plus_depr,0.03,33,674,0.0,1,0.5162784,0.5162784,1.0417572,0.0,0.09083281,0.0,0.0,7.957952e-09,-27.300095,2.2919116,0.76397055,0.15200001,0.0,0.1531377,20.190048,20.220049,2160000
hardzero_plus_depr__c0p52__z1p00__lam0p030__nu0p50__psi0p75,hardzero_plus_depr,0.03,33,675,0.0,1,0.5162784,0.5162784,1.0142431,0.0,0.0967736,0.0,0.0,7.780891e-09,-26.561224,2.2313795,0.7437932,0.17600001,0.0,0.15299797,20.220049,20.25005,2163200
hardzero_plus_depr__c0p52__z1p00__lam0p030__nu0p50__psi0p75,hardzero_plus_depr,0.03,33,676,0.0,1,0.5162784,0.5162784,1.0513303,0.0,0.0888525,0.0,0.0,7.607775e-09,-27.508492,2.312973,0.770991,0.13,0.0,0.14622504,20.25005,20.28005,2166400
hardzero_plus_depr__c0p52__z1p00__lam0p030__nu0p50__psi0p75,hardzero_plus_depr,0.03,33,677,0.0,1,0.5162784,0.5162784,0.98407537,0.103734836,0.103734836,1.0,7.716327e-10,7.4385107e-09,-26.458574,2.165009,0.7216697,0.15200001,0.0,0.15780728,20.28005,20.310051,2169600
hardzero_plus_depr__c0p52__z1p00__lam0p030__nu0p50__psi0p75,hardzero_plus_depr,0.03,33,678,0.0,1,0.5162784,0.5162784,0.9771236,0.10540867,0.10540867,1.0,7.666379e-10,7.273006e-09,-26.798439,2.149715,0.7165717,0.16800001,0.0,0.15601546,20.310051,20.340052,2172800
hardzero_plus_depr__c0p52__z1p00__lam0p030__nu0p50__psi0p75,hardzero_plus_depr,0.03,33,679,0.0,1,0.5162784,0.5162784,1.0888941,0.0,0.08149028,0.0,0.0,7.1111836e-09,-27.936018,2.3956149,0.7985383,0.136,0.0,0.17262012,20.340052,20.370052,2176000
hardzero_plus_depr__c0p52__z1p00__lam0p030__nu0p50__psi0p75,hardzero_plus_depr,0.03,33,680,0.0,1,0.5162784,0.5162784,1.0144782,0.0,0.09672122,0.0,0.0,6.952968e-09,-27.010769,2.2318966,0.74396557,0.16000001,0.0,0.13086614,20.370052,20.400053,2179200
hardzero_plus_depr__c0p52__z1p00__lam0p030__nu0p50__psi0p75,hardzero_plus_depr,0.03,33,681,0.0,1,0.5162784,0.5162784,1.0041605,0.0,0.09904658,0.0,0.0,6.798273e-09,-27.076181,2.2091973,0.7363991,0.16000001,0.0,0.12384312,20.400053,20.430054,2182400
hardzero_plus_depr__c0p52__z1p00__lam0p030__nu0p50__psi0p75,hardzero_plus_depr,0.03,33,682,0.0,1,0.5162784,0.5162784,0.98505884,0.103500195,0.103500195,1.0,6.879672e-10,6.647013e-09,-26.489737,2.1671727,0.7223909,0.224,0.008,0.13287404,20.430054,20.460054,2185600
hardzero_plus_depr__c0p52__z1p00__lam0p030__nu0p50__psi0p75,hardzero_plus_depr,0.03,33,683,0.0,1,0.5162784,0.5162784,1.0133132,0.0,0.09698104,0.0,0.0,6.4991195e-09,-26.952225,2.2293334,0.74311113,0.16000001,0.0,0.13256669,20.460054,20.490055,2188800
hardzero_plus_depr__c0p52__z1p00__lam0p030__nu0p50__psi0p75,hardzero_plus_depr,0.03,33,684,0.0,1,0.5162784,0.5162784,0.99890655,0.100252084,0.100252084,1.0,6.370541e-10,6.354522e-09,-26.984856,2.1976383,0.7325461,0.2,0.0,0.1390161,20.490055,20.520056,2192000
hardzero_plus_depr__c0p52__z1p00__lam0p030__nu0p50__psi0p75,hardzero_plus_depr,0.03,33,685,0.0,1,0.5162784,0.5162784,1.0349109,0.0,0.09227606,0.0,0.0,6.213141e-09,-27.50513,2.2768495,0.7589499,0.16000001,0.0,0.16283508,20.520056,20.550056,2195200
hardzero_plus_depr__c0p52__z1p00__lam0p030__nu0p50__psi0p75,hardzero_plus_depr,0.03,33,686,0.0,1,0.5162784,0.5162784,1.0076156,0.0,0.09826174,0.0,0.0,6.0749e-09,-27.203962,2.2167985,0.73893285,0.17600001,0.0,0.14695732,20.550056,20.580057,2198400
hardzero_plus_depr__c0p52__z1p00__lam0p030__nu0p50__psi0p75,hardzero_plus_depr,0.03,33,687,0.0,1,0.5162784,0.5162784,1.0141815,0.0,0.09678733,0.0,0.0,5.9397354e-09,-27.102022,2.2312438,0.74374795,0.18400002,0.0,0.14521137,20.580057,20.610058,2201600
hardzero_plus_depr__c0p52__z1p00__lam0p030__nu0p50__psi0p75,hardzero_plus_depr,0.03,33,688,0.0,1,0.5162784,0.5162784,1.0037106,0.0,0.09914924,0.0,0.0,5.8075833e-09,-27.603292,2.2082074,0.73606914,0.14400001,0.0,0.12905757,20.610058,20.640059,2204800
hardzero_plus_depr__c0p52__z1p00__lam0p030__nu0p50__psi0p75,hardzero_plus_depr,0.03,33,689,0.0,1,0.5162784,0.5162784,1.0749379,0.0,0.08415154,0.0,0.0,5.6783716e-09,-28.312456,2.3649106,0.78830355,0.14,0.0,0.19327338,20.640059,20.67006,2208000
hardzero_plus_depr__c0p52__z1p00__lam0p030__nu0p50__psi0p75,hardzero_plus_depr,0.03,33,690,0.0,1,0.5162784,0.5162784,1.0554127,0.0,0.08802121,0.0,0.0,5.55203e-09,-28.30196,2.3219543,0.7739848,0.112,0.0,0.15411492,20.67006,20.70006,2211200
hardzero_plus_depr__c0p52__z1p00__lam0p030__nu0p50__psi0p75,hardzero_plus_depr,0.03,33,691,0.0,1,0.5162784,0.5162784,0.9951756,0.10111706,0.10111706,1.0,5.4891375e-10,5.428498e-09,-26.64636,2.18943,0.72981,0.17600001,0.0,0.1376368,20.70006,20.73006,2214400
hardzero_plus_depr__c0p52__z1p00__lam0p030__nu0p50__psi0p75,hardzero_plus_depr,0.03,33,692,0.0,1,0.5162784,0.5162784,1.0298722,0.0,0.09335289,0.0,0.0,5.3077205e-09,-27.439064,2.265764,0.7552547,0.16000001,0.0,0.13792886,20.73006,20.760061,2217600
hardzero_plus_depr__c0p52__z1p00__lam0p030__nu0p50__psi0p75,hardzero_plus_depr,0.03,33,693,0.0,1,0.5162784,0.5162784,1.0434837,0.0,0.09047242,0.0,0.0,5.1896305e-09,-28.083994,2.29571,0.76523674,0.15200001,0.0,0.13534506,20.760061,20.790062,2220800
hardzero_plus_depr__c0p52__z1p00__lam0p030__nu0p50__psi0p75,hardzero_plus_depr,0.03,33,694,0.0,1,0.5162784,0.5162784,1.0309237,0.0,0.09312715,0.0,0.0,5.0741624e-09,-27.18315,2.2680776,0.7560259,0.16800001,0.0,0.13892922,20.790062,20.820063,2224000
hardzero_plus_depr__c0p52__z1p00__lam0p030__nu0p50__psi0p75,hardzero_plus_depr,0.03,33,695,0.0,1,0.5162784,0.5162784,1.0412515,0.0,0.090938635,0.0,0.0,4.9612634e-09,-28.087626,2.2907991,0.76359975,0.18400002,0.0,0.1513563,20.820063,20.850063,2227200
hardzero_plus_depr__c0p52__z1p00__lam0p030__nu0p50__psi0p75,hardzero_plus_depr,0.03,33,696,0.0,1,0.5162784,0.5162784,1.0487441,0.0,0.08938319,0.0,0.0,4.8508815e-09,-27.565191,2.3072832,0.7690944,0.16000001,0.008,0.1463625,20.850063,20.880064,2230400
hardzero_plus_depr__c0p52__z1p00__lam0p030__nu0p50__psi0p75,hardzero_plus_depr,0.03,33,697,0.0,1,0.5162784,0.5162784,1.055033,0.0,0.0880982,0.0,0.0,4.742955e-09,-27.686728,2.3211188,0.7737063,0.104,0.0,0.176648,20.880064,20.910065,2233600
hardzero_plus_depr__c0p52__z1p00__lam0p030__nu0p50__psi0p75,hardzero_plus_depr,0.03,33,698,0.0,1,0.5162784,0.5162784,1.030945,0.0,0.093122594,0.0,0.0,4.637425e-09,-27.08811,2.268124,0.7560414,0.16000001,0.0,0.13330328,20.910065,20.940065,2236800
hardzero_plus_depr__c0p52__z1p00__lam0p030__nu0p50__psi0p75,hardzero_plus_depr,0.03,33,699,0.0,1,0.5162784,0.5162784,1.0326039,0.0,0.09276755,0.0,0.0,4.534244e-09,-27.61825,2.2717738,0.75725794,0.136,0.0,0.15184496,20.940065,20.970066,2240000
hardzero_plus_depr__c0p52__z1p00__lam0p030__nu0p50__psi0p75,hardzero_plus_depr,0.03,33,700,0.0,1,0.5162784,0.5162784,1.0403633,0.0,0.09112483,0.0,0.0,4.433363e-09,-27.17232,2.288845,0.7629484,0.112,0.0,0.16850808,20.970066,21.000067,2243200
hardzero_plus_depr__c0p52__z1p00__lam0p030__nu0p50__psi0p75,hardzero_plus_depr,0.03,33,701,0.0,1,0.5162784,0.5162784,1.0051819,0.0,0.09881389,0.0,0.0,4.334726e-09,-26.956068,2.2114444,0.73714817,0.18400002,0.0,0.1486629,21.000067,21.030067,2246400
hardzero_plus_depr__c0p52__z1p00__lam0p030__nu0p50__psi0p75,hardzero_plus_depr,0.03,33,702,0.0,1,0.5162784,0.5162784,0.97498614,0.10592874,0.10592874,1.0,4.4895557e-10,4.238279e-09,-26.621548,2.1450124,0.71500415,0.16,0.0,0.1396355,21.030067,21.060068,2249600
hardzero_plus_depr__c0p52__z1p00__lam0p030__nu0p50__psi0p75,hardzero_plus_depr,0.03,33,703,0.0,1,0.5162784,0.5162784,1.0858297,0.0,0.082067326,0.0,0.0,4.143979e-09,-28.373568,2.388873,0.79629105,0.16800001,0.0,0.15563394,21.060068,21.090069,2252800
hardzero_plus_depr__c0p52__z1p00__lam0p030__nu0p50__psi0p75,hardzero_plus_depr,0.03,33,704,0.0,1,0.5162784,0.5162784,1.0716538,0.0,0.0847903,0.0,0.0,4.05178e-09,-28.501762,2.3576856,0.7858952,0.128,0.0,0.13757198,21.090069,21.12007,2256000
hardzero_plus_depr__c0p52__z1p00__lam0p030__nu0p50__psi0p75,hardzero_plus_depr,0.03,33,705,0.0,1,0.5162784,0.5162784,1.0992472,0.0,0.07957063,0.0,0.0,3.961633e-09,-28.98479,2.4183922,0.80613077,0.112,0.0,0.16900742,21.12007,21.15007,2259200
hardzero_plus_depr__c0p52__z1p00__lam0p030__nu0p50__psi0p75,hardzero_plus_depr,0.03,33,706,0.0,1,0.5162784,0.5162784,1.0576227,0.0,0.08757443,0.0,0.0,3.8734878e-09,-27.675468,2.3268163,0.77560544,0.112,0.0,0.19182222,21.15007,21.18007,2262400
hardzero_plus_depr__c0p52__z1p00__lam0p030__nu0p50__psi0p75,hardzero_plus_depr,0.03,33,707,0.0,1,0.5162784,0.5162784,1.0371138,0.0,0.09180921,0.0,0.0,3.7873034e-09,-26.495981,2.2816958,0.7605653,0.2,0.0,0.1558725,21.18007,21.210072,2265600
hardzero_plus_depr__c0p52__z1p00__lam0p030__nu0p50__psi0p75,hardzero_plus_depr,0.03,33,708,0.0,1,0.5162784,0.5162784,1.0260296,0.0,0.09418254,0.0,0.0,3.7030405e-09,-27.213066,2.2573102,0.75243676,0.14400001,0.0,0.12390544,21.210072,21.240072,2268800
hardzero_plus_depr__c0p52__z1p00__lam0p030__nu0p50__psi0p75,hardzero_plus_depr,0.03,33,709,0.0,1,0.5162784,0.5162784,1.028446,0.0,0.09365997,0.0,0.0,3.6206522e-09,-27.000427,2.2626262,0.75420874,0.128,0.0,0.11904968,21.240072,21.270073,2272000
hardzero_plus_depr__c0p52__z1p00__lam0p030__nu0p50__psi0p75,hardzero_plus_depr,0.03,33,710,0.0,1,0.5162784,0.5162784,0.9798612,0.10474632,0.10474632,1.0,3.708118e-10,3.5400938e-09,-26.346384,2.1557376,0.71857923,0.24000001,0.0,0.1383798,21.270073,21.300074,2275200
hardzero_plus_depr__c0p52__z1p00__lam0p030__nu0p50__psi0p75,hardzero_plus_depr,0.03,33,711,0.0,1,0.5162784,0.5162784,1.0342339,0.0,0.09242003,0.0,0.0,3.4613277e-09,-26.838673,2.27536,0.75845337,0.14400001,0.0,0.147024,21.300074,21.330074,2278400
hardzero_plus_depr__c0p52__z1p00__lam0p030__nu0p50__psi0p75,hardzero_plus_depr,0.03,33,712,0.0,1,0.5162784,0.5162784,1.0648824,0.0,0.0861227,0.0,0.0,3.3843173e-09,-28.01278,2.342788,0.7809293,0.15200001,0.008,0.15648769,21.330074,21.360075,2281600
hardzero_plus_depr__c0p52__z1p00__lam0p030__nu0p50__psi0p75,hardzero_plus_depr,0.03,33,713,0.0,1,0.5162784,0.5162784,1.0506333,0.0,0.088995226,0.0,0.0,3.3090202e-09,-28.12062,2.3114395,0.77047986,0.15200001,0.0,0.1624718,21.360075,21.390076,2284800
hardzero_plus_depr__c0p52__z1p00__lam0p030__nu0p50__psi0p75,hardzero_plus_depr,0.03,33,714,0.0,1,0.5162784,0.5162784,1.0389577,0.0,0.09142021,0.0,0.0,3.2353957e-09,-28.364918,2.2857525,0.76191753,0.208,0.0,0.14781739,21.390076,21.420076,2288000
hardzero_plus_depr__c0p52__z1p00__lam0p030__nu0p50__psi0p75,hardzero_plus_depr,0.03,33,715,0.0,1,0.5162784,0.5162784,1.0401667,0.0,0.09116607,0.0,0.0,3.1634086e-09,-27.633745,2.2884126,0.7628042,0.22,0.0,0.14784628,21.420076,21.450077,2291200
hardzero_plus_depr__c0p52__z1p00__lam0p030__nu0p50__psi0p75,hardzero_plus_depr,0.03,33,716,0.0,1,0.5162784,0.5162784,1.0492026,0.0,0.08928888,0.0,0.0,3.093024e-09,-27.754753,2.3082917,0.7694306,0.096,0.0,0.17378835,21.450077,21.480078,2294400
hardzero_plus_depr__c0p52__z1p00__lam0p030__nu0p50__psi0p75,hardzero_plus_depr,0.03,33,717,0.0,1,0.5162784,0.5162784,1.0458974,0.0,0.08997101,0.0,0.0,3.0242107e-09,-26.687632,2.3010201,0.76700675,0.096,0.0,0.13650532,21.480078,21.510078,2297600
hardzero_plus_depr__c0p52__z1p00__lam0p030__nu0p50__psi0p75,hardzero_plus_depr,0.03,33,718,0.0,1,0.5162784,0.5162784,1.0293936,0.0,0.09345584,0.0,0.0,2.9569225e-09,-26.927523,2.2647111,0.75490373,0.17600001,0.0,0.14314781,21.510078,21.54008,2300800
hardzero_plus_depr__c0p52__z1p00__lam0p030__nu0p50__psi0p75,hardzero_plus_depr,0.03,33,719,0.0,1,0.5162784,0.5162784,1.0303373,0.0,0.093252964,0.0,0.0,2.891132e-09,-27.131693,2.2667873,0.7555958,0.15200001,0.0,0.14414917,21.54008,21.57008,2304000
hardzero_plus_depr__c0p52__z1p00__lam0p030__nu0p50__psi0p75,hardzero_plus_depr,0.03,33,720,0.0,1,0.5162784,0.5162784,1.0586911,0.0,0.087359235,0.0,0.0,2.8268103e-09,-28.190823,2.3291671,0.77638906,0.120000005,0.0,0.14790691,21.57008,21.60008,2307200
hardzero_plus_depr__c0p52__z1p00__lam0p030__nu0p50__psi0p75,hardzero_plus_depr,0.03,33,721,0.0,1,0.5162784,0.5162784,1.0407476,0.0,0.09104422,0.0,0.0,2.7639147e-09,-26.964996,2.2896905,0.7632302,0.15200001,0.0,0.1433289,21.60008,21.630081,2310400
hardzero_plus_depr__c0p52__z1p00__lam0p030__nu0p50__psi0p75,hardzero_plus_depr,0.03,33,722,0.0,1,0.5162784,0.5162784,1.0100735,0.0,0.09770716,0.0,0.0,2.7024183e-09,-27.01486,2.222206,0.7407354,0.2,0.0,0.13746826,21.630081,21.660082,2313600
hardzero_plus_depr__c0p52__z1p00__lam0p030__nu0p50__psi0p75,hardzero_plus_depr,0.03,33,723,0.0,1,0.5162784,0.5162784,1.0412165,0.0,0.09094598,0.0,0.0,2.6422904e-09,-27.53254,2.290722,0.763574,0.17600001,0.0,0.16801995,21.660082,21.690083,2316800
hardzero_plus_depr__c0p52__z1p00__lam0p030__nu0p50__psi0p75,hardzero_plus_depr,0.03,33,724,0.0,1,0.5162784,0.5162784,1.0742663,0.0,0.08428177,0.0,0.0,2.5834999e-09,-28.325483,2.3634331,0.78781104,0.192,0.0,0.15636754,21.690083,21.720083,2320000
hardzero_plus_depr__c0p52__z1p00__lam0p030__nu0p50__psi0p75,hardzero_plus_depr,0.03,33,725,0.0,1,0.5162784,0.5162784,1.015342,0.0,0.09652904,0.0,0.0,2.5260225e-09,-26.697325,2.233797,0.74459904,0.136,0.0,0.13457751,21.720083,21.750084,2323200
hardzero_plus_depr__c0p52__z1p00__lam0p030__nu0p50__psi0p75,hardzero_plus_depr,0.03,33,726,0.0,1,0.5162784,0.5162784,0.98712707,0.10300846,0.10300846,1.0,2.5441227e-10,2.4698192e-09,-26.876116,2.171723,0.72390765,0.224,0.0,0.16155083,21.750084,21.780085,2326400
hardzero_plus_depr__c0p52__z1p00__lam0p030__nu0p50__psi0p75,hardzero_plus_depr,0.03,33,727,0.0,1,0.5162784,0.5162784,0.99870586,0.10029842,0.10029842,1.0,2.422073e-10,2.4148665e-09,-27.116947,2.1971967,0.7323989,0.15200001,0.0,0.15021805,21.780085,21.810085,2329600
hardzero_plus_depr__c0p52__z1p00__lam0p030__nu0p50__psi0p75,hardzero_plus_depr,0.03,33,728,0.0,1,0.5162784,0.5162784,0.9877649,0.102857284,0.102857284,1.0,2.4286056e-10,2.361141e-09,-26.592001,2.1731262,0.7243754,0.16,0.0,0.14299752,21.810085,21.840086,2332800
hardzero_plus_depr__c0p52__z1p00__lam0p030__nu0p50__psi0p75,hardzero_plus_depr,0.03,33,729,0.0,1,0.5162784,0.5162784,1.0248646,0.0,0.09443554,0.0,0.0,2.3086062e-09,-27.30247,2.2547472,0.7515824,0.128,0.0,0.1394875,21.840086,21.870087,2336000
hardzero_plus_depr__c0p52__z1p00__lam0p030__nu0p50__psi0p75,hardzero_plus_depr,0.03,33,730,0.0,1,0.5162784,0.5162784,1.0219315,0.0,0.095075466,0.0,0.0,2.2572402e-09,-27.331865,2.2482944,0.7494315,0.18400002,0.008,0.15822399,21.870087,21.900087,2339200
hardzero_plus_depr__c0p52__z1p00__lam0p030__nu0p50__psi0p75,hardzero_plus_depr,0.03,33,731,0.0,1,0.5162784,0.5162784,1.0756279,0.0,0.08401795,0.0,0.0,2.2070172e-09,-28.224173,2.3664286,0.78880954,0.08800001,0.0,0.15965647,21.900087,21.930088,2342400
hardzero_plus_depr__c0p52__z1p00__lam0p030__nu0p50__psi0p75,hardzero_plus_depr,0.03,33,732,0.0,1,0.5162784,0.5162784,1.0326755,0.0,0.09275224,0.0,0.0,2.1579116e-09,-26.35549,2.2719314,0.7573105,0.15200001,0.0,0.13842934,21.930088,21.960089,2345600
hardzero_plus_depr__c0p52__z1p00__lam0p030__nu0p50__psi0p75,hardzero_plus_depr,0.03,33,733,0.0,1,0.5162784,0.5162784,1.0631846,0.0,0.086460024,0.0,0.0,2.109903e-09,-28.065153,2.339053,0.7796843,0.128,0.0,0.14596477,21.960089,21.99009,2348800
hardzero_plus_depr__c0p52__z1p00__lam0p030__nu0p50__psi0p75,hardzero_plus_depr,0.03,33,734,0.0,1,0.5162784,0.5162784,1.0784042,0.0,0.08348258,0.0,0.0,2.062958e-09,-28.042866,2.3725367,0.7908456,0.112,0.0,0.16828656,21.99009,22.02009,2352000
hardzero_plus_depr__c0p52__z1p00__lam0p030__nu0p50__psi0p75,hardzero_plus_depr,0.03,33,735,0.0,1,0.5162784,0.5162784,0.9723828,0.10656564,0.10656564,1.0,2.1494906e-10,2.0170579e-09,-26.886808,2.1392848,0.71309495,0.120000005,0.0,0.14444162,22.02009,22.05009,2355200
hardzero_plus_depr__c0p52__z1p00__lam0p030__nu0p50__psi0p75,hardzero_plus_depr,0.03,33,736,0.0,1,0.5162784,0.5162784,0.98732775,0.10296087,0.10296087,1.0,2.0305761e-10,1.9721824e-09,-26.95309,2.1721644,0.7240548,0.2,0.0,0.13974892,22.05009,22.080091,2358400
hardzero_plus_depr__c0p52__z1p00__lam0p030__nu0p50__psi0p75,hardzero_plus_depr,0.03,33,737,0.0,1,0.5162784,0.5162784,1.0358427,0.0,0.09207831,0.0,0.0,1.928302e-09,-27.267572,2.2788994,0.7596332,0.16000001,0.0,0.1233275,22.080091,22.110092,2361600
hardzero_plus_depr__c0p52__z1p00__lam0p030__nu0p50__psi0p75,hardzero_plus_depr,0.03,33,738,0.0,1,0.5162784,0.5162784,1.0575264,0.0,0.087593846,0.0,0.0,1.8853978e-09,-28.561596,2.3266044,0.7755348,0.17600001,0.0,0.15937196,22.110092,22.140093,2364800
hardzero_plus_depr__c0p52__z1p00__lam0p030__nu0p50__psi0p75,hardzero_plus_depr,0.03,33,739,0.0,1,0.5162784,0.5162784,1.0428799,0.0,0.09059831,0.0,0.0,1.8434481e-09,-27.812145,2.2943816,0.7647939,0.17600001,0.0,0.16020381,22.140093,22.170094,2368000
hardzero_plus_depr__c0p52__z1p00__lam0p030__nu0p50__psi0p75,hardzero_plus_depr,0.03,33,740,0.0,1,0.5162784,0.5162784,1.0453492,0.0,0.09008464,0.0,0.0,1.8024321e-09,-27.38997,2.2998142,0.7666048,0.192,0.0,0.15708575,22.170094,22.200094,2371200
hardzero_plus_depr__c0p52__z1p00__lam0p030__nu0p50__psi0p75,hardzero_plus_depr,0.03,33,741,0.0,1,0.5162784,0.5162784,1.0108253,0.0,0.09753819,0.0,0.0,1.7623317e-09,-26.634369,2.22386,0.7412867,0.08,0.0,0.12361985,22.200094,22.230095,2374400
hardzero_plus_depr__c0p52__z1p00__lam0p030__nu0p50__psi0p75,hardzero_plus_depr,0.03,33,742,0.0,1,0.5162784,0.5162784,1.016716,0.0,0.09622412,0.0,0.0,1.7231203e-09,-26.987396,2.23682,0.74560666,0.128,0.0,0.1641245,22.230095,22.260096,2377600
hardzero_plus_depr__c0p52__z1p00__lam0p030__nu0p50__psi0p75,hardzero_plus_depr,0.03,33,743,0.0,1,0.5162784,0.5162784,1.0352111,0.0,0.092212304,0.0,0.0,1.6847813e-09,-26.537731,2.27751,0.75917,0.14400001,0.0,0.16084586,22.260096,22.290096,2380800
hardzero_plus_depr__c0p52__z1p00__lam0p030__nu0p50__psi0p75,hardzero_plus_depr,0.03,33,744,0.0,1,0.5162784,0.5162784,1.0484332,0.0,0.089447215,0.0,0.0,1.6472985e-09,-28.156044,2.3065991,0.7688664,0.14400001,0.0,0.17186354,22.290096,22.320097,2384000
hardzero_plus_depr__c0p52__z1p00__lam0p030__nu0p50__psi0p75,hardzero_plus_depr,0.03,33,745,0.0,1,0.5162784,0.5162784,1.0016595,0.0,0.099618606,0.0,0.0,1.6106466e-09,-26.956234,2.2036948,0.73456496,0.112,0.0,0.12995562,22.320097,22.350098,2387200
hardzero_plus_depr__c0p52__z1p00__lam0p030__nu0p50__psi0p75,hardzero_plus_depr,0.03,33,746,0.0,1,0.5162784,0.5162784,1.0028667,0.0,0.099342085,0.0,0.0,1.5748101e-09,-26.382294,2.2063508,0.73545027,0.16000001,0.0,0.12129433,22.350098,22.380098,2390400
hardzero_plus_depr__c0p52__z1p00__lam0p030__nu0p50__psi0p75,hardzero_plus_depr,0.03,33,747,0.0,1,0.5162784,0.5162784,1.0503474,0.0,0.08905381,0.0,0.0,1.539771e-09,-27.01888,2.3108106,0.7702702,0.17600001,0.0,0.1539903,22.380098,22.410099,2393600
hardzero_plus_depr__c0p52__z1p00__lam0p030__nu0p50__psi0p75,hardzero_plus_depr,0.03,33,748,0.0,1,0.5162784,0.5162784,1.0197479,0.0,0.09555471,0.0,0.0,1.5055115e-09,-27.21641,2.24349,0.74783003,0.096,0.0,0.12629966,22.410099,22.4401,2396800
hardzero_plus_depr__c0p52__z1p00__lam0p030__nu0p50__psi0p75,hardzero_plus_depr,0.03,33,749,0.0,1,0.5162784,0.5162784,1.0172434,0.0,0.096107356,0.0,0.0,1.4720171e-09,-27.252766,2.2379801,0.7459934,0.112,0.0,0.15852866,22.4401,22.4701,2400000
hardzero_plus_depr__c0p52__z1p00__lam0p030__nu0p50__psi0p75,hardzero_plus_depr,0.03,33,750,0.0,1,0.5162784,0.5162784,0.989163,0.1025267,0.1025267,1.0,1.4756311e-10,1.4392652e-09,-26.178492,2.176202,0.7254007,0.16800001,0.0,0.13139486,22.4701,22.500101,2403200
hardzero_plus_depr__c0p52__z1p00__lam0p030__nu0p50__psi0p75,hardzero_plus_depr,0.03,33,751,0.0,1,0.5162784,0.5162784,1.0753474,0.0,0.08407223,0.0,0.0,1.4072419e-09,-27.475983,2.3658116,0.7886039,0.15200001,0.0,0.14617977,22.500101,22.530102,2406400
hardzero_plus_depr__c0p52__z1p00__lam0p030__nu0p50__psi0p75,hardzero_plus_depr,0.03,33,752,0.0,1,0.5162784,0.5162784,1.014336,0.0,0.09675291,0.0,0.0,1.3759338e-09,-26.934875,2.2315838,0.7438613,0.128,0.0,0.14959154,22.530102,22.560102,2409600
hardzero_plus_depr__c0p52__z1p00__lam0p030__nu0p50__psi0p75,hardzero_plus_depr,0.03,33,753,0.0,1,0.5162784,0.5162784,1.0715532,0.0,0.08480993,0.0,0.0,1.3453195e-09,-27.817997,2.357464,0.7858214,0.08800001,0.0,0.17427655,22.560102,22.590103,2412800
hardzero_plus_depr__c0p52__z1p00__lam0p030__nu0p50__psi0p75,hardzero_plus_depr,0.03,33,754,0.0,1,0.5162784,0.5162784,1.0176976,0.0,0.096006885,0.0,0.0,1.3153866e-09,-26.178507,2.2389793,0.74632645,0.14999999,0.0,0.15411237,22.590103,22.620104,2416000
hardzero_plus_depr__c0p52__z1p00__lam0p030__nu0p50__psi0p75,hardzero_plus_depr,0.03,33,755,0.0,1,0.5162784,0.5162784,1.0351228,0.0,0.09223108,0.0,0.0,1.2861195e-09,-27.814463,2.2773156,0.7591052,0.15200001,0.0,0.13312267,22.620104,22.650105,2419200
hardzero_plus_depr__c0p52__z1p00__lam0p030__nu0p50__psi0p75,hardzero_plus_depr,0.03,33,756,0.0,1,0.5162784,0.5162784,1.0326704,0.0,0.09275336,0.0,0.0,1.2575038e-09,-27.253992,2.2719202,0.75730675,0.15200001,0.0,0.13735642,22.650105,22.680105,2422400
hardzero_plus_depr__c0p52__z1p00__lam0p030__nu0p50__psi0p75,hardzero_plus_depr,0.03,33,757,0.0,1,0.5162784,0.5162784,1.0256107,0.0,0.09427343,0.0,0.0,1.2295269e-09,-27.201597,2.2563887,0.75212955,0.128,0.0,0.14863841,22.680105,22.710106,2425600
hardzero_plus_depr__c0p52__z1p00__lam0p030__nu0p50__psi0p75,hardzero_plus_depr,0.03,33,758,0.0,1,0.5162784,0.5162784,1.0921643,0.0,0.08087899,0.0,0.0,1.2021703e-09,-27.873995,2.4028094,0.80093646,0.120000005,0.0,0.17260535,22.710106,22.740107,2428800
hardzero_plus_depr__c0p52__z1p00__lam0p030__nu0p50__psi0p75,hardzero_plus_depr,0.03,33,759,0.0,1,0.5162784,0.5162784,1.0357662,0.0,0.09209451,0.0,0.0,1.1754224e-09,-27.255293,2.278731,0.75957704,0.17600001,0.0,0.14303456,22.740107,22.770107,2432000
hardzero_plus_depr__c0p52__z1p00__lam0p030__nu0p50__psi0p75,hardzero_plus_depr,0.03,33,760,0.0,1,0.5162784,0.5162784,1.0033662,0.0,0.0992279,0.0,0.0,1.1492717e-09,-26.8641,2.20745,0.73581666,0.18400002,0.0,0.14951548,22.770107,22.800108,2435200
hardzero_plus_depr__c0p52__z1p00__lam0p030__nu0p50__psi0p75,hardzero_plus_depr,0.03,33,761,0.0,1,0.5162784,0.5162784,1.0520658,0.0,0.088702135,0.0,0.0,1.1237007e-09,-28.113026,2.3145912,0.7715304,0.16000001,0.0,0.13958591,22.800108,22.830109,2438400
hardzero_plus_depr__c0p52__z1p00__lam0p030__nu0p50__psi0p75,hardzero_plus_depr,0.03,33,762,0.0,1,0.5162784,0.5162784,1.014098,0.0,0.09680593,0.0,0.0,1.0986987e-09,-26.749346,2.2310603,0.7436868,0.120000005,0.0,0.15246743,22.830109,22.86011,2441600
hardzero_plus_depr__c0p52__z1p00__lam0p030__nu0p50__psi0p75,hardzero_plus_depr,0.03,33,763,0.0,1,0.5162784,0.5162784,1.0888884,0.0,0.081491366,0.0,0.0,1.0742529e-09,-27.90206,2.3956022,0.7985341,0.104,0.0,0.18334737,22.86011,22.89011,2444800
hardzero_plus_depr__c0p52__z1p00__lam0p030__nu0p50__psi0p75,hardzero_plus_depr,0.03,33,764,0.0,1,0.5162784,0.5162784,0.95767766,0.110235706,0.110235706,1.0,1.15786186e-10,1.050351e-09,-26.55401,2.1069329,0.702311,0.208,0.0,0.119764864,22.89011,22.92011,2448000
hardzero_plus_depr__c0p52__z1p00__lam0p030__nu0p50__psi0p75,hardzero_plus_depr,0.03,33,765,0.0,1,0.5162784,0.5162784,1.0862468,0.0,0.081988536,0.0,0.0,1.026983e-09,-27.293787,2.3897908,0.79659694,0.136,0.0,0.17265345,22.92011,22.950111,2451200
hardzero_plus_depr__c0p52__z1p00__lam0p030__nu0p50__psi0p75,hardzero_plus_depr,0.03,33,766,0.0,1,0.5162784,0.5162784,1.0765619,0.0,0.08383746,0.0,0.0,1.004133e-09,-27.68404,2.3684835,0.7894945,0.18400002,0.0,0.1551841,22.950111,22.980112,2454400
hardzero_plus_depr__c0p52__z1p00__lam0p030__nu0p50__psi0p75,hardzero_plus_depr,0.03,33,767,0.0,1,0.5162784,0.5162784,0.99233216,0.10178126,0.10178126,1.0,9.992794e-11,9.817912e-10,-26.491756,2.1831744,0.7277248,0.24,0.0,0.18216552,22.980112,23.010113,2457600
hardzero_plus_depr__c0p52__z1p00__lam0p030__nu0p50__psi0p75,hardzero_plus_depr,0.03,33,768,0.0,1,0.5162784,0.5162784,0.9973886,0.100603096,0.100603096,1.0,9.657378e-11,9.599483e-10,-26.156054,2.1942987,0.7314329,0.15200001,0.0,0.1458506,23.010113,23.040113,2460800
hardzero_plus_depr__c0p52__z1p00__lam0p030__nu0p50__psi0p75,hardzero_plus_depr,0.03,33,769,0.0,1,0.5162784,0.5162784,1.0060631,0.0,0.09861361,0.0,0.0,9.385899e-10,-26.419641,2.213383,0.73779434,0.136,0.0,0.13107364,23.040113,23.070114,2464000
hardzero_plus_depr__c0p52__z1p00__lam0p030__nu0p50__psi0p75,hardzero_plus_depr,0.03,33,770,0.0,1,0.5162784,0.5162784,1.0394073,0.0,0.09132564,0.0,0.0,9.177064e-10,-27.82048,2.2867415,0.7622472,0.112,0.0,0.1367609,23.070114,23.100115,2467200
hardzero_plus_depr__c0p52__z1p00__lam0p030__nu0p50__psi0p75,hardzero_plus_depr,0.03,33,771,0.0,1,0.5162784,0.5162784,1.0443553,0.0,0.090291046,0.0,0.0,8.9728774e-10,-27.409613,2.2976274,0.7658758,0.136,0.0,0.1378573,23.100115,23.130116,2470400
hardzero_plus_depr__c0p52__z1p00__lam0p030__nu0p50__psi0p75,hardzero_plus_depr,0.03,33,772,0.0,1,0.5162784,0.5162784,1.0266361,0.0,0.094051085,0.0,0.0,8.773233e-10,-27.378914,2.2586446,0.7528815,0.14400001,0.0,0.15843862,23.130116,23.160116,2473600
hardzero_plus_depr__c0p52__z1p00__lam0p030__nu0p50__psi0p75,hardzero_plus_depr,0.03,33,773,0.0,1,0.5162784,0.5162784,1.0658114,0.0,0.08593867,0.0,0.0,8.5780477e-10,-27.991436,2.344832,0.78161067,0.16800001,0.0,0.17568229,23.160116,23.190117,2476800
hardzero_plus_depr__c0p52__z1p00__lam0p030__nu0p50__psi0p75,hardzero_plus_depr,0.03,33,774,0.0,1,0.5162784,0.5162784,0.96876293,0.107457586,0.107457586,1.0,9.01267e-11,8.387188e-10,-25.746107,2.131321,0.71044034,0.24000001,0.0,0.14342353,23.190117,23.220118,2480000
hardzero_plus_depr__c0p52__z1p00__lam0p030__nu0p50__psi0p75,hardzero_plus_depr,0.03,33,775,0.0,1,0.5162784,0.5162784,1.0846757,0.0,0.08228569,0.0,0.0,8.200576e-10,-27.738247,2.3863342,0.7954447,0.104,0.0,0.13744497,23.220118,23.250118,2483200
hardzero_plus_depr__c0p52__z1p00__lam0p030__nu0p50__psi0p75,hardzero_plus_depr,0.03,33,776,0.0,1,0.5162784,0.5162784,1.0152428,0.0,0.09655108,0.0,0.0,8.01813e-10,-27.031065,2.233579,0.7445263,0.16800001,0.0,0.16730233,23.250118,23.280119,2486400
hardzero_plus_depr__c0p52__z1p00__lam0p030__nu0p50__psi0p75,hardzero_plus_depr,0.03,33,777,0.0,1,0.5162784,0.5162784,1.069696,0.0,0.08517342,0.0,0.0,7.8397294e-10,-28.329065,2.353378,0.78445935,0.16000001,0.0,0.15338844,23.280119,23.31012,2489600
hardzero_plus_depr__c0p52__z1p00__lam0p030__nu0p50__psi0p75,hardzero_plus_depr,0.03,33,778,0.0,1,0.5162784,0.5162784,1.0105113,0.0,0.09760874,0.0,0.0,7.6652973e-10,-26.292356,2.223169,0.7410564,0.14400001,0.0,0.15976019,23.31012,23.34012,2492800
hardzero_plus_depr__c0p52__z1p00__lam0p030__nu0p50__psi0p75,hardzero_plus_depr,0.03,33,779,0.0,1,0.5162784,0.5162784,1.0493857,0.0,0.08925125,0.0,0.0,7.494746e-10,-27.45217,2.3086946,0.76956487,0.128,0.0,0.15169907,23.34012,23.370121,2496000
hardzero_plus_depr__c0p52__z1p00__lam0p030__nu0p50__psi0p75,hardzero_plus_depr,0.03,33,780,0.0,1,0.5162784,0.5162784,1.0204629,0.0,0.095397525,0.0,0.0,7.3279904e-10,-26.00143,2.245063,0.7483544,0.17,0.0,0.14763263,23.370121,23.400122,2499200
hardzero_plus_depr__c0p52__z1p00__lam0p030__nu0p50__psi0p75,hardzero_plus_depr,0.03,33,781,0.0,1,0.5162784,0.5162784,1.0826954,0.0,0.08266177,0.0,0.0,7.164958e-10,-29.014442,2.3819773,0.79399246,0.16000001,0.0,0.15348539,23.400122,23.430122,2502400
hardzero_plus_depr__c0p52__z1p00__lam0p030__nu0p50__psi0p75,hardzero_plus_depr,0.03,33,782,0.0,1,0.5162784,0.5162784,1.031178,0.0,0.09307263,0.0,0.0,7.0055395e-10,-26.924456,2.268637,0.75621235,0.08800001,0.0,0.13323669,23.430122,23.460123,2505600
hardzero_plus_depr__c0p52__z1p00__lam0p030__nu0p50__psi0p75,hardzero_plus_depr,0.03,33,783,0.0,1,0.5162784,0.5162784,0.999209,0.100182295,0.100182295,1.0,6.862155e-11,6.8496686e-10,-27.222395,2.1983037,0.73276794,0.17600001,0.0,0.13622072,23.460123,23.490124,2508800
hardzero_plus_depr__c0p52__z1p00__lam0p030__nu0p50__psi0p75,hardzero_plus_depr,0.03,33,784,0.0,1,0.5162784,0.5162784,1.0796562,0.0,0.083242245,0.0,0.0,6.697278e-10,-27.803514,2.375291,0.7917637,0.15200001,0.0,0.14347911,23.490124,23.520124,2512000
hardzero_plus_depr__c0p52__z1p00__lam0p030__nu0p50__psi0p75,hardzero_plus_depr,0.03,33,785,0.0,1,0.5162784,0.5162784,1.0185798,0.0,0.09581206,0.0,0.0,6.548265e-10,-27.897394,2.2409203,0.74697345,0.112,0.0,0.1268918,23.520124,23.550125,2515200
hardzero_plus_depr__c0p52__z1p00__lam0p030__nu0p50__psi0p75,hardzero_plus_depr,0.03,33,786,0.0,1,0.5162784,0.5162784,1.0830257,0.0,0.082598895,0.0,0.0,6.4025685e-10,-28.572966,2.382704,0.7942347,0.136,0.0,0.16157678,23.550125,23.580126,2518400
hardzero_plus_depr__c0p52__z1p00__lam0p030__nu0p50__psi0p75,hardzero_plus_depr,0.03,33,787,0.0,1,0.5162784,0.5162784,0.9804916,0.10459438,0.10459438,1.0,6.547726e-11,6.260113e-10,-26.009956,2.1571245,0.7190415,0.216,0.0,0.13003078,23.580126,23.610126,2521600
hardzero_plus_depr__c0p52__z1p00__lam0p030__nu0p50__psi0p75,hardzero_plus_depr,0.03,33,788,0.0,1,0.5162784,0.5162784,1.0453881,0.0,0.09007657,0.0,0.0,6.120827e-10,-27.723154,2.2998998,0.7666333,0.136,0.0,0.17705998,23.610126,23.640127,2524800
hardzero_plus_depr__c0p52__z1p00__lam0p030__nu0p50__psi0p75,hardzero_plus_depr,0.03,33,789,0.0,1,0.5162784,0.5162784,1.0308726,0.0,0.09313812,0.0,0.0,5.9846517e-10,-28.13419,2.267965,0.75598836,0.15200001,0.0,0.167385,23.640127,23.670128,2528000
hardzero_plus_depr__c0p52__z1p00__lam0p030__nu0p50__psi0p75,hardzero_plus_depr,0.03,33,790,0.0,1,0.5162784,0.5162784,1.0538801,0.0,0.08833237,0.0,0.0,5.851495e-10,-28.044943,2.3185825,0.7728609,0.136,0.0,0.16648303,23.670128,23.700129,2531200
hardzero_plus_depr__c0p52__z1p00__lam0p030__nu0p50__psi0p75,hardzero_plus_depr,0.03,33,791,0.0,1,0.5162784,0.5162784,1.085381,0.0,0.08215216,0.0,0.0,5.7213007e-10,-27.52956,2.387886,0.79596204,0.104,0.0,0.15521012,23.700129,23.73013,2534400
hardzero_plus_depr__c0p52__z1p00__lam0p030__nu0p50__psi0p75,hardzero_plus_depr,0.03,33,792,0.0,1,0.5162784,0.5162784,1.0469326,0.0,0.08975681,0.0,0.0,5.5940136e-10,-28.032703,2.3032978,0.76776594,0.15200001,0.0,0.16141178,23.73013,23.76013,2537600
hardzero_plus_depr__c0p52__z1p00__lam0p030__nu0p50__psi0p75,hardzero_plus_depr,0.03,33,793,0.0,1,0.5162784,0.5162784,1.0740839,0.0,0.084317185,0.0,0.0,5.469548e-10,-27.051525,2.3630319,0.7876773,0.16,0.0,0.14517729,23.76013,23.79013,2540800
hardzero_plus_depr__c0p52__z1p00__lam0p030__nu0p50__psi0p75,hardzero_plus_depr,0.03,33,794,0.0,1,0.5162784,0.5162784,0.99036807,0.10224261,0.10224261,1.0,5.467784e-11,5.347852e-10,-26.99413,2.1788533,0.72628444,0.2,0.0,0.13411793,23.79013,23.820131,2544000
hardzero_plus_depr__c0p52__z1p00__lam0p030__nu0p50__psi0p75,hardzero_plus_depr,0.03,33,795,0.0,1,0.5162784,0.5162784,1.0346668,0.0,0.092327945,0.0,0.0,5.228864e-10,-26.611921,2.2763124,0.7587708,0.17600001,0.0,0.15791929,23.820131,23.850132,2547200
hardzero_plus_depr__c0p52__z1p00__lam0p030__nu0p50__psi0p75,hardzero_plus_depr,0.03,33,796,0.0,1,0.5162784,0.5162784,1.0619823,0.0,0.08669972,0.0,0.0,5.112523e-10,-27.956577,2.3364077,0.7788026,0.192,0.0,0.1695273,23.850132,23.880133,2550400
hardzero_plus_depr__c0p52__z1p00__lam0p030__nu0p50__psi0p75,hardzero_plus_depr,0.03,33,797,0.0,1,0.5162784,0.5162784,1.0532688,0.0,0.088456795,0.0,0.0,4.99878e-10,-27.899569,2.3172376,0.77241254,0.15200001,0.0,0.15768641,23.880133,23.910133,2553600
hardzero_plus_depr__c0p52__z1p00__lam0p030__nu0p50__psi0p75,hardzero_plus_depr,0.03,33,798,0.0,1,0.5162784,0.5162784,0.9961804,0.10088338,0.10088338,1.0,4.930735e-11,4.887559e-10,-26.934744,2.1916406,0.7305469,0.14400001,0.0,0.121304095,23.910133,23.940134,2556800
hardzero_plus_depr__c0p52__z1p00__lam0p030__nu0p50__psi0p75,hardzero_plus_depr,0.03,33,799,0.0,1,0.5162784,0.5162784,1.0334231,0.0,0.092592746,0.0,0.0,4.778812e-10,-27.364588,2.273576,0.7578587,0.128,0.0,0.16860932,23.940134,23.970135,2560000
hardzero_plus_depr__c0p52__z1p00__lam0p030__nu0p50__psi0p75,hardzero_plus_depr,0.03,33,800,0.0,1,0.5162784,0.5162784,1.0579381,0.0,0.087510854,0.0,0.0,4.6724935e-10,-27.423548,2.3275104,0.7758368,0.18400002,0.0,0.160845,23.970135,24.000135,2563200
hardzero_plus_depr__c0p52__z1p00__lam0p030__nu0p50__psi0p75,hardzero_plus_depr,0.03,33,801,0.0,1,0.5162784,0.5162784,1.0361265,0.0,0.09201816,0.0,0.0,4.5685322e-10,-26.844677,2.2795238,0.7598413,0.15200001,0.0,0.1405456,24.000135,24.030136,2566400
hardzero_plus_depr__c0p52__z1p00__lam0p030__nu0p50__psi0p75,hardzero_plus_depr,0.03,33,802,0.0,1,0.5162784,0.5162784,1.013826,0.0,0.09686658,0.0,0.0,4.4668835e-10,-27.192114,2.2304618,0.7434873,0.120000005,0.0,0.17102692,24.030136,24.060137,2569600
hardzero_plus_depr__c0p52__z1p00__lam0p030__nu0p50__psi0p75,hardzero_plus_depr,0.03,33,803,0.0,1,0.5162784,0.5162784,1.1057684,0.0,0.07838475,0.0,0.0,4.3674964e-10,-28.050978,2.432739,0.810913,0.104,0.0,0.17227972,24.060137,24.090137,2572800
hardzero_plus_depr__c0p52__z1p00__lam0p030__nu0p50__psi0p75,hardzero_plus_depr,0.03,33,804,0.0,1,0.5162784,0.5162784,1.0277741,0.0,0.09380498,0.0,0.0,4.2703208e-10,-26.776339,2.2611482,0.7537161,0.136,0.0,0.1311909,24.090137,24.120138,2576000
hardzero_plus_depr__c0p52__z1p00__lam0p030__nu0p50__psi0p75,hardzero_plus_depr,0.03,33,805,0.0,1,0.5162784,0.5162784,1.0399233,0.0,0.09121719,0.0,0.0,4.175315e-10,-27.026018,2.287877,0.7626257,0.104,0.0,0.13929759,24.120138,24.150139,2579200
hardzero_plus_depr__c0p52__z1p00__lam0p030__nu0p50__psi0p75,hardzero_plus_depr,0.03,33,806,0.0,1,0.5162784,0.5162784,1.0192145,0.0,0.09567214,0.0,0.0,4.0824158e-10,-26.927631,2.2423167,0.7474389,0.14999999,0.0,0.15350461,24.150139,24.18014,2582400
hardzero_plus_depr__c0p52__z1p00__lam0p030__nu0p50__psi0p75,hardzero_plus_depr,0.03,33,807,0.0,1,0.5162784,0.5162784,1.00722,0.0,0.09835127,0.0,0.0,3.991583e-10,-26.873032,2.2159283,0.7386428,0.224,0.0,0.17671709,24.18014,24.21014,2585600
hardzero_plus_depr__c0p52__z1p00__lam0p030__nu0p50__psi0p75,hardzero_plus_depr,0.03,33,808,0.0,1,0.5162784,0.5162784,1.0562454,0.0,0.08785258,0.0,0.0,3.9027792e-10,-28.11215,2.3237863,0.77459544,0.15200001,0.0,0.13749649,24.21014,24.24014,2588800
hardzero_plus_depr__c0p52__z1p00__lam0p030__nu0p50__psi0p75,hardzero_plus_depr,0.03,33,809,0.0,1,0.5162784,0.5162784,1.0477755,0.0,0.089582756,0.0,0.0,3.8159428e-10,-28.345232,2.3051522,0.7683841,0.136,0.0,0.1674105,24.24014,24.270142,2592000
hardzero_plus_depr__c0p52__z1p00__lam0p030__nu0p50__psi0p75,hardzero_plus_depr,0.03,33,810,0.0,1,0.5162784,0.5162784,1.050727,0.0,0.08897603,0.0,0.0,3.731039e-10,-27.553965,2.3116455,0.7705485,0.216,0.008,0.13794518,24.270142,24.300142,2595200
hardzero_plus_depr__c0p52__z1p00__lam0p030__nu0p50__psi0p75,hardzero_plus_depr,0.03,33,811,0.0,1,0.5162784,0.5162784,1.0295205,0.0,0.09342853,0.0,0.0,3.6480244e-10,-27.448475,2.2649903,0.7549968,0.128,0.0,0.15509813,24.300142,24.330143,2598400
hardzero_plus_depr__c0p52__z1p00__lam0p030__nu0p50__psi0p75,hardzero_plus_depr,0.03,33,812,0.0,1,0.5162784,0.5162784,1.0590124,0.0,0.08729463,0.0,0.0,3.5668568e-10,-27.56723,2.3298738,0.7766246,0.216,0.0,0.14484869,24.330143,24.360144,2601600
hardzero_plus_depr__c0p52__z1p00__lam0p030__nu0p50__psi0p75,hardzero_plus_depr,0.03,33,813,0.0,1,0.5162784,0.5162784,1.0175881,0.0,0.096031085,0.0,0.0,3.4875022e-10,-26.96841,2.2387385,0.7462462,0.15200001,0.0,0.1445465,24.360144,24.390144,2604800
hardzero_plus_depr__c0p52__z1p00__lam0p030__nu0p50__psi0p75,hardzero_plus_depr,0.03,33,814,0.0,1,0.5162784,0.5162784,1.0086769,0.0,0.098021895,0.0,0.0,3.4099062e-10,-26.97296,2.2191334,0.73971117,0.16800001,0.008,0.1362777,24.390144,24.420145,2608000
hardzero_plus_depr__c0p52__z1p00__lam0p030__nu0p50__psi0p75,hardzero_plus_depr,0.03,33,815,0.0,1,0.5162784,0.5162784,1.0659738,0.0,0.08590653,0.0,0.0,3.3340367e-10,-27.92068,2.345189,0.7817297,0.16800001,0.0,0.17345977,24.420145,24.450146,2611200
hardzero_plus_depr__c0p52__z1p00__lam0p030__nu0p50__psi0p75,hardzero_plus_depr,0.03,33,816,0.0,1,0.5162784,0.5162784,1.0720617,0.0,0.08471071,0.0,0.0,3.2598613e-10,-28.609138,2.3585827,0.78619426,0.136,0.0,0.18899512,24.450146,24.480146,2614400
hardzero_plus_depr__c0p52__z1p00__lam0p030__nu0p50__psi0p75,hardzero_plus_depr,0.03,33,817,0.0,1,0.5162784,0.5162784,1.0203284,0.0,0.09542708,0.0,0.0,3.1873307e-10,-27.181295,2.2447672,0.7482557,0.16800001,0.0,0.1328874,24.480146,24.510147,2617600
hardzero_plus_depr__c0p52__z1p00__lam0p030__nu0p50__psi0p75,hardzero_plus_depr,0.03,33,818,0.0,1,0.5162784,0.5162784,1.0199759,0.0,0.09550455,0.0,0.0,3.116413e-10,-27.025423,2.2439919,0.7479973,0.112,0.0,0.12914298,24.510147,24.540148,2620800
hardzero_plus_depr__c0p52__z1p00__lam0p030__nu0p50__psi0p75,hardzero_plus_depr,0.03,33,819,0.0,1,0.5162784,0.5162784,0.9858251,0.10331772,0.10331772,1.0,3.148167e-11,3.0470737e-10,-26.07615,2.1688585,0.72295284,0.14,0.0,0.12422586,24.540148,24.570148,2624000
hardzero_plus_depr__c0p52__z1p00__lam0p030__nu0p50__psi0p75,hardzero_plus_depr,0.03,33,820,0.0,1,0.5162784,0.5162784,1.0514596,0.0,0.08882607,0.0,0.0,2.9792774e-10,-27.309032,2.3132572,0.77108574,0.192,0.0,0.14746569,24.570148,24.60015,2627200
hardzero_plus_depr__c0p52__z1p00__lam0p030__nu0p50__psi0p75,hardzero_plus_depr,0.03,33,821,0.0,1,0.5162784,0.5162784,1.0235106,0.0,0.09473041,0.0,0.0,2.9129946e-10,-27.099842,2.2517684,0.7505895,0.192,0.0,0.16791056,24.60015,24.63015,2630400
hardzero_plus_depr__c0p52__z1p00__lam0p030__nu0p50__psi0p75,hardzero_plus_depr,0.03,33,822,0.0,1,0.5162784,0.5162784,0.9887539,0.10262333,0.10262333,1.0,2.9228987e-11,2.8481814e-10,-26.905306,2.175302,0.7251007,0.17600001,0.0,0.15581918,24.63015,24.66015,2633600
hardzero_plus_depr__c0p52__z1p00__lam0p030__nu0p50__psi0p75,hardzero_plus_depr,0.03,33,823,0.0,1,0.5162784,0.5162784,1.0719603,0.0,0.084730476,0.0,0.0,2.78481e-10,-27.94465,2.3583598,0.78611994,0.136,0.0,0.17449093,24.66015,24.690151,2636800
hardzero_plus_depr__c0p52__z1p00__lam0p030__nu0p50__psi0p75,hardzero_plus_depr,0.03,33,824,0.0,1,0.5162784,0.5162784,1.0260787,0.0,0.0941719,0.0,0.0,2.722854e-10,-27.00509,2.2574182,0.75247276,0.16000001,0.0,0.15730506,24.690151,24.720152,2640000
hardzero_plus_depr__c0p52__z1p00__lam0p030__nu0p50__psi0p75,hardzero_plus_depr,0.03,33,825,0.0,1,0.5162784,0.5162784,1.0415924,0.0,0.0908673,0.0,0.0,2.6622712e-10,-27.32176,2.291549,0.7638497,0.112,0.0,0.14183919,24.720152,24.750153,2643200
hardzero_plus_depr__c0p52__z1p00__lam0p030__nu0p50__psi0p75,hardzero_plus_depr,0.03,33,826,0.0,1,0.5162784,0.5162784,1.0282763,0.0,0.09369657,0.0,0.0,2.6030364e-10,-26.327467,2.262253,0.75408435,0.17600001,0.0,0.15297407,24.750153,24.780153,2646400
hardzero_plus_depr__c0p52__z1p00__lam0p030__nu0p50__psi0p75,hardzero_plus_depr,0.03,33,827,0.0,1,0.5162784,0.5162784,1.0105957,0.0,0.09758978,0.0,0.0,2.5451194e-10,-26.780764,2.2233548,0.7411183,0.15200001,0.0,0.14533015,24.780153,24.810154,2649600
hardzero_plus_depr__c0p52__z1p00__lam0p030__nu0p50__psi0p75,hardzero_plus_depr,0.03,33,828,0.0,1,0.5162784,0.5162784,1.0073482,0.0,0.09832224,0.0,0.0,2.4884914e-10,-26.792536,2.2162104,0.7387368,0.120000005,0.0,0.14132299,24.810154,24.840155,2652800
hardzero_plus_depr__c0p52__z1p00__lam0p030__nu0p50__psi0p75,hardzero_plus_depr,0.03,33,829,0.0,1,0.5162784,0.5162784,1.0170164,0.0,0.096157596,0.0,0.0,2.4331276e-10,-27.547373,2.2374809,0.74582696,0.120000005,0.0,0.16444361,24.840155,24.870155,2656000
hardzero_plus_depr__c0p52__z1p00__lam0p030__nu0p50__psi0p75,hardzero_plus_depr,0.03,33,830,0.0,1,0.5162784,0.5162784,1.0376983,0.0,0.09168573,0.0,0.0,2.3789912e-10,-27.724161,2.2829819,0.76099396,0.208,0.0,0.17133886,24.870155,24.900156,2659200
hardzero_plus_depr__c0p52__z1p00__lam0p030__nu0p50__psi0p75,hardzero_plus_depr,0.03,33,831,0.0,1,0.5162784,0.5162784,1.035283,0.0,0.09219704,0.0,0.0,2.3260593e-10,-27.1414,2.277668,0.7592227,0.17600001,0.0,0.16716896,24.900156,24.930157,2662400
hardzero_plus_depr__c0p52__z1p00__lam0p030__nu0p50__psi0p75,hardzero_plus_depr,0.03,33,832,0.0,1,0.5162784,0.5162784,1.0002939,0.0,0.09993236,0.0,0.0,2.2743092e-10,-26.595644,2.2006905,0.73356354,0.17999999,0.0,0.121405385,24.930157,24.960157,2665600
hardzero_plus_depr__c0p52__z1p00__lam0p030__nu0p50__psi0p75,hardzero_plus_depr,0.03,33,833,0.0,1,0.5162784,0.5162784,1.0292073,0.0,0.09349591,0.0,0.0,2.2237066e-10,-26.844423,2.2643013,0.7547671,0.120000005,0.0,0.12779468,24.960157,24.990158,2668800
hardzero_plus_depr__c0p52__z1p00__lam0p030__nu0p50__psi0p75,hardzero_plus_depr,0.03,33,834,0.0,1,0.5162784,0.5162784,1.011344,0.0,0.09742177,0.0,0.0,2.1742297e-10,-27.597834,2.225001,0.74166703,0.18400002,0.0,0.16614406,24.990158,25.020159,2672000
hardzero_plus_depr__c0p52__z1p00__lam0p030__nu0p50__psi0p75,hardzero_plus_depr,0.03,33,835,0.0,1,0.5162784,0.5162784,1.047444,0.0,0.089651175,0.0,0.0,2.1258537e-10,-27.611113,2.3044229,0.768141,0.14400001,0.0,0.1660876,25.020159,25.05016,2675200
hardzero_plus_depr__c0p52__z1p00__lam0p030__nu0p50__psi0p75,hardzero_plus_depr,0.03,33,836,0.0,1,0.5162784,0.5162784,1.0161064,0.0,0.0963593,0.0,0.0,2.078554e-10,-27.131224,2.2354786,0.74515957,0.17600001,0.0,0.1503424,25.05016,25.08016,2678400
hardzero_plus_depr__c0p52__z1p00__lam0p030__nu0p50__psi0p75,hardzero_plus_depr,0.03,33,837,0.0,1,0.5162784,0.5162784,0.95971346,0.109720185,0.109720185,1.0,2.229855e-11,2.0323107e-10,-25.87773,2.1114118,0.70380396,0.16800001,0.0,0.13221401,25.08016,25.11016,2681600
hardzero_plus_depr__c0p52__z1p00__lam0p030__nu0p50__psi0p75,hardzero_plus_depr,0.03,33,838,0.0,1,0.5162784,0.5162784,1.0407267,0.0,0.091048606,0.0,0.0,1.9870923e-10,-27.168629,2.2896445,0.7632148,0.104,0.008,0.14790042,25.11016,25.140162,2684800
hardzero_plus_depr__c0p52__z1p00__lam0p030__nu0p50__psi0p75,hardzero_plus_depr,0.03,33,839,0.0,1,0.5162784,0.5162784,1.0563318,0.0,0.08783512,0.0,0.0,1.9428799e-10,-27.809166,2.3239763,0.7746588,0.17600001,0.0,0.18356392,25.140162,25.170162,2688000
hardzero_plus_depr__c0p52__z1p00__lam0p030__nu0p50__psi0p75,hardzero_plus_depr,0.03,33,840,0.0,1,0.5162784,0.5162784,1.1054507,0.0,0.078442104,0.0,0.0,1.899655e-10,-28.902407,2.4320402,0.8106801,0.112,0.0,0.1641258,25.170162,25.200163,2691200
hardzero_plus_depr__c0p52__z1p00__lam0p030__nu0p50__psi0p75,hardzero_plus_depr,0.03,33,841,0.0,1,0.5162784,0.5162784,1.0500224,0.0,0.08912051,0.0,0.0,1.8573883e-10,-28.092598,2.3100953,0.7700318,0.128,0.0,0.19602671,25.200163,25.230164,2694400
hardzero_plus_depr__c0p52__z1p00__lam0p030__nu0p50__psi0p75,hardzero_plus_depr,0.03,33,842,0.0,1,0.5162784,0.5162784,1.081423,0.0,0.08290427,0.0,0.0,1.8160619e-10,-29.20372,2.3791783,0.79305947,0.16000001,0.0,0.14226733,25.230164,25.260164,2697600
hardzero_plus_depr__c0p52__z1p00__lam0p030__nu0p50__psi0p75,hardzero_plus_depr,0.03,33,843,0.0,1,0.5162784,0.5162784,1.0108925,0.0,0.09752309,0.0,0.0,1.7756549e-10,-27.210215,2.2240078,0.741336,0.15200001,0.0,0.14844538,25.260164,25.290165,2700800
hardzero_plus_depr__c0p52__z1p00__lam0p030__nu0p50__psi0p75,hardzero_plus_depr,0.03,33,844,0.0,1,0.5162784,0.5162784,1.062105,0.0,0.08667525,0.0,0.0,1.7361472e-10,-27.583916,2.3366776,0.7788925,0.216,0.0,0.19161928,25.290165,25.320166,2704000
hardzero_plus_depr__c0p52__z1p00__lam0p030__nu0p50__psi0p75,hardzero_plus_depr,0.03,33,845,0.0,1,0.5162784,0.5162784,1.0433625,0.0,0.09049768,0.0,0.0,1.6975216e-10,-27.355347,2.2954433,0.7651478,0.17,0.0,0.14998312,25.320166,25.350166,2707200
hardzero_plus_depr__c0p52__z1p00__lam0p030__nu0p50__psi0p75,hardzero_plus_depr,0.03,33,846,0.0,1,0.5162784,0.5162784,1.0500568,0.0,0.08911343,0.0,0.0,1.6597522e-10,-27.62321,2.3101711,0.7700571,0.16800001,0.0,0.14996059,25.350166,25.380167,2710400
hardzero_plus_depr__c0p52__z1p00__lam0p030__nu0p50__psi0p75,hardzero_plus_depr,0.03,33,847,0.0,1,0.5162784,0.5162784,0.9856894,0.10335003,0.10335003,1.0,1.677188e-11,1.6228231e-10,-27.21366,2.16856,0.72285336,0.136,0.0,0.13962145,25.380167,25.410168,2713600
hardzero_plus_depr__c0p52__z1p00__lam0p030__nu0p50__psi0p75,hardzero_plus_depr,0.03,33,848,0.0,1,0.5162784,0.5162784,1.0485804,0.0,0.0894169,0.0,0.0,1.5867188e-10,-27.149895,2.306923,0.7689743,0.15200001,0.0,0.1649005,25.410168,25.440168,2716800
hardzero_plus_depr__c0p52__z1p00__lam0p030__nu0p50__psi0p75,hardzero_plus_depr,0.03,33,849,0.0,1,0.5162784,0.5162784,1.0049998,0.0,0.098855376,0.0,0.0,1.5514147e-10,-26.437218,2.2110436,0.73701453,0.16000001,0.0,0.14347409,25.440168,25.47017,2720000
hardzero_plus_depr__c0p52__z1p00__lam0p030__nu0p50__psi0p75,hardzero_plus_depr,0.03,33,850,0.0,1,0.5162784,0.5162784,1.0123451,0.0,0.09719745,0.0,0.0,1.516896e-10,-27.57175,2.2272036,0.74240124,0.16800001,0.0,0.15781489,25.47017,25.50017,2723200
hardzero_plus_depr__c0p52__z1p00__lam0p030__nu0p50__psi0p75,hardzero_plus_depr,0.03,33,851,0.0,1,0.5162784,0.5162784,1.0220386,0.0,0.09505203,0.0,0.0,1.4831456e-10,-26.710722,2.2485297,0.74950993,0.17600001,0.0,0.1866573,25.50017,25.53017,2726400
hardzero_plus_depr__c0p52__z1p00__lam0p030__nu0p50__psi0p75,hardzero_plus_depr,0.03,33,852,0.0,1,0.5162784,0.5162784,1.0506355,0.0,0.088994786,0.0,0.0,1.450146e-10,-27.96485,2.311444,0.77048135,0.18400002,0.0,0.16837578,25.53017,25.560171,2729600
hardzero_plus_depr__c0p52__z1p00__lam0p030__nu0p50__psi0p75,hardzero_plus_depr,0.03,33,853,0.0,1,0.5162784,0.5162784,1.0201389,0.0,0.09546872,0.0,0.0,1.4178833e-10,-27.329086,2.2443504,0.74811685,0.16000001,0.0,0.14200075,25.560171,25.590172,2732800
hardzero_plus_depr__c0p52__z1p00__lam0p030__nu0p50__psi0p75,hardzero_plus_depr,0.03,33,854,0.0,1,0.5162784,0.5162784,1.0256006,0.0,0.094275616,0.0,0.0,1.3863358e-10,-27.067915,2.2563663,0.7521221,0.18400002,0.0,0.15258591,25.590172,25.620173,2736000
hardzero_plus_depr__c0p52__z1p00__lam0p030__nu0p50__psi0p75,hardzero_plus_depr,0.03,33,855,0.0,1,0.5162784,0.5162784,0.980297,0.10464125,0.10464125,1.0,1.41840185e-11,1.3554902e-10,-26.790377,2.1566966,0.7188989,0.2,0.0,0.14192624,25.620173,25.650173,2739200
hardzero_plus_depr__c0p52__z1p00__lam0p030__nu0p50__psi0p75,hardzero_plus_depr,0.03,33,856,0.0,1,0.5162784,0.5162784,1.0253965,0.0,0.094319925,0.0,0.0,1.3253335e-10,-26.312763,2.2559173,0.75197244,0.112,0.0,0.11512045,25.650173,25.680174,2742400
hardzero_plus_depr__c0p52__z1p00__lam0p030__nu0p50__psi0p75,hardzero_plus_depr,0.03,33,857,0.0,1,0.5162784,0.5162784,1.0767374,0.0,0.08380358,0.0,0.0,1.2958451e-10,-27.611013,2.3688695,0.7896232,0.112,0.0,0.17024034,25.680174,25.710175,2745600
hardzero_plus_depr__c0p52__z1p00__lam0p030__nu0p50__psi0p75,hardzero_plus_depr,0.03,33,858,0.0,1,0.5162784,0.5162784,1.0308994,0.0,0.09313236,0.0,0.0,1.2670129e-10,-27.193491,2.268024,0.756008,0.11,0.0,0.1324936,25.710175,25.740175,2748800
hardzero_plus_depr__c0p52__z1p00__lam0p030__nu0p50__psi0p75,hardzero_plus_depr,0.03,33,859,0.0,1,0.5162784,0.5162784,1.0021263,0.0,0.09951157,0.0,0.0,1.2388222e-10,-27.184958,2.204722,0.7349073,0.14400001,0.0,0.1370531,25.740175,25.770176,2752000
hardzero_plus_depr__c0p52__z1p00__lam0p030__nu0p50__psi0p75,hardzero_plus_depr,0.03,33,860,0.0,1,0.5162784,0.5162784,1.0950869,0.0,0.080336526,0.0,0.0,1.2112587e-10,-28.132557,2.4092393,0.8030798,0.112,0.0,0.13629746,25.770176,25.800177,2755200
hardzero_plus_depr__c0p52__z1p00__lam0p030__nu0p50__psi0p75,hardzero_plus_depr,0.03,33,861,0.0,1,0.5162784,0.5162784,1.0143144,0.0,0.0967577,0.0,0.0,1.1843108e-10,-26.527584,2.2315361,0.7438454,0.16000001,0.0,0.16524325,25.800177,25.830177,2758400
hardzero_plus_depr__c0p52__z1p00__lam0p030__nu0p50__psi0p75,hardzero_plus_depr,0.03,33,862,0.0,1,0.5162784,0.5162784,1.0637039,0.0,0.08635671,0.0,0.0,1.1579601e-10,-27.501978,2.3401954,0.7800652,0.128,0.0,0.15131672,25.830177,25.860178,2761600
hardzero_plus_depr__c0p52__z1p00__lam0p030__nu0p50__psi0p75,hardzero_plus_depr,0.03,33,863,0.0,1,0.5162784,0.5162784,1.006066,0.0,0.09861296,0.0,0.0,1.1321959e-10,-26.779211,2.2133894,0.7377965,0.192,0.0,0.14912748,25.860178,25.890179,2764800
hardzero_plus_depr__c0p52__z1p00__lam0p030__nu0p50__psi0p75,hardzero_plus_depr,0.03,33,864,0.0,1,0.5162784,0.5162784,1.0099016,0.0,0.09774584,0.0,0.0,1.107007e-10,-27.265553,2.221828,0.74060935,0.120000005,0.0,0.1515951,25.890179,25.92018,2768000
hardzero_plus_depr__c0p52__z1p00__lam0p030__nu0p50__psi0p75,hardzero_plus_depr,0.03,33,865,0.0,1,0.5162784,0.5162784,1.0244426,0.0,0.094527334,0.0,0.0,1.08237634e-10,-26.65559,2.2538185,0.75127286,0.096,0.0,0.14274172,25.92018,25.95018,2771200
hardzero_plus_depr__c0p52__z1p00__lam0p030__nu0p50__psi0p75,hardzero_plus_depr,0.03,33,866,0.0,1,0.5162784,0.5162784,1.0151615,0.0,0.096569166,0.0,0.0,1.0582938e-10,-26.381279,2.2333999,0.74446666,0.17600001,0.0,0.1481565,25.95018,25.98018,2774400
hardzero_plus_depr__c0p52__z1p00__lam0p030__nu0p50__psi0p75,hardzero_plus_depr,0.03,33,867,0.0,1,0.5162784,0.5162784,1.0160522,0.0,0.09637131,0.0,0.0,1.0347471e-10,-26.821354,2.2353597,0.7451199,0.15200001,0.0,0.14337689,25.98018,26.010181,2777600
hardzero_plus_depr__c0p52__z1p00__lam0p030__nu0p50__psi0p75,hardzero_plus_depr,0.03,33,868,0.0,1,0.5162784,0.5162784,1.0573983,0.0,0.087619685,0.0,0.0,1.0117242e-10,-27.185598,2.3263228,0.77544093,0.120000005,0.0,0.12534024,26.010181,26.040182,2780800
hardzero_plus_depr__c0p52__z1p00__lam0p030__nu0p50__psi0p75,hardzero_plus_depr,0.03,33,869,0.0,1,0.5162784,0.5162784,1.1195515,0.0,0.075936124,0.0,0.0,9.892155e-11,-28.803482,2.4630625,0.82102084,0.136,0.0,0.2043469,26.040182,26.070183,2784000
hardzero_plus_depr__c0p52__z1p00__lam0p030__nu0p50__psi0p75,hardzero_plus_depr,0.03,33,870,0.0,1,0.5162784,0.5162784,1.0568626,0.0,0.08772784,0.0,0.0,9.672057e-11,-27.540941,2.325144,0.775048,0.15200001,0.0,0.12619013,26.070183,26.100183,2787200
hardzero_plus_depr__c0p52__z1p00__lam0p030__nu0p50__psi0p75,hardzero_plus_depr,0.03,33,871,0.0,1,0.5162784,0.5162784,1.0382926,0.0,0.09156034,0.0,0.0,9.456856e-11,-27.336317,2.2842894,0.7614298,0.17999999,0.0,0.14115481,26.100183,26.130184,2790400
hardzero_plus_depr__c0p52__z1p00__lam0p030__nu0p50__psi0p75,hardzero_plus_depr,0.03,33,872,0.0,1,0.5162784,0.5162784,1.0206872,0.0,0.095348254,0.0,0.0,9.246461e-11,-27.244297,2.2455568,0.74851894,0.16800001,0.0,0.13742378,26.130184,26.160185,2793600
hardzero_plus_depr__c0p52__z1p00__lam0p030__nu0p50__psi0p75,hardzero_plus_depr,0.03,33,873,0.0,1,0.5162784,0.5162784,1.0231757,0.0,0.094803475,0.0,0.0,9.040731e-11,-26.39109,2.2510316,0.7503439,0.16000001,0.0,0.13954158,26.160185,26.190186,2796800
hardzero_plus_depr__c0p52__z1p00__lam0p030__nu0p50__psi0p75,hardzero_plus_depr,0.03,33,874,0.0,1,0.5162784,0.5162784,1.1286613,0.0,0.074359894,0.0,0.0,8.839576e-11,-28.55822,2.4831045,0.8277015,0.136,0.0,0.15073843,26.190186,26.220186,2800000
hardzero_plus_depr__c0p52__z1p00__lam0p030__nu0p50__psi0p75,hardzero_plus_depr,0.03,33,875,0.0,1,0.5162784,0.5162784,1.0626026,0.0,0.08657597,0.0,0.0,8.642898e-11,-28.24861,2.3377724,0.7792575,0.080000006,0.0,0.15555125,26.220186,26.250187,2803200
hardzero_plus_depr__c0p52__z1p00__lam0p030__nu0p50__psi0p75,hardzero_plus_depr,0.03,33,876,0.0,1,0.5162784,0.5162784,1.0027256,0.0,0.099374376,0.0,0.0,8.450596e-11,-27.484692,2.2060404,0.7353468,0.16000001,0.0,0.15847838,26.250187,26.280188,2806400
hardzero_plus_depr__c0p52__z1p00__lam0p030__nu0p50__psi0p75,hardzero_plus_depr,0.03,33,877,0.0,1,0.5162784,0.5162784,1.0579431,0.0,0.087509826,0.0,0.0,8.2625885e-11,-27.416824,2.3275213,0.77584046,0.104,0.0,0.17657359,26.280188,26.310188,2809600
hardzero_plus_depr__c0p52__z1p00__lam0p030__nu0p50__psi0p75,hardzero_plus_depr,0.03,33,878,0.0,1,0.5162784,0.5162784,1.0302687,0.0,0.09326771,0.0,0.0,8.078748e-11,-27.571522,2.2666364,0.7555455,0.16800001,0.0,0.15095887,26.310188,26.340189,2812800
hardzero_plus_depr__c0p52__z1p00__lam0p030__nu0p50__psi0p75,hardzero_plus_depr,0.03,33,879,0.0,1,0.5162784,0.5162784,0.9721134,0.10663177,0.10663177,1.0,8.422841e-12,7.898998e-11,-26.898796,2.1386921,0.7128974,0.16000001,0.0,0.14981173,26.340189,26.37019,2816000
hardzero_plus_depr__c0p52__z1p00__lam0p030__nu0p50__psi0p75,hardzero_plus_depr,0.03,33,880,0.0,1,0.5162784,0.5162784,1.002725,0.0,0.09937452,0.0,0.0,7.723262e-11,-27.148897,2.2060392,0.73534644,0.120000005,0.0,0.12444274,26.37019,26.40019,2819200
hardzero_plus_depr__c0p52__z1p00__lam0p030__nu0p50__psi0p75,hardzero_plus_depr,0.03,33,881,0.0,1,0.5162784,0.5162784,1.038278,0.0,0.09156342,0.0,0.0,7.551421e-11,-27.369663,2.2842572,0.76141906,0.136,0.0,0.14336759,26.40019,26.430191,2822400
hardzero_plus_depr__c0p52__z1p00__lam0p030__nu0p50__psi0p75,hardzero_plus_depr,0.03,33,882,0.0,1,0.5162784,0.5162784,1.0107455,0.0,0.0975561,0.0,0.0,7.383404e-11,-26.5774,2.2236845,0.7412282,0.192,0.0,0.14697383,26.430191,26.460192,2825600
hardzero_plus_depr__c0p52__z1p00__lam0p030__nu0p50__psi0p75,hardzero_plus_depr,0.03,33,883,0.0,1,0.5162784,0.5162784,0.999623,0.10008684,0.10008684,1.0,7.2253948e-12,7.219126e-11,-26.900196,2.1992145,0.7330715,0.16800001,0.0,0.13108587,26.460192,26.490192,2828800
hardzero_plus_depr__c0p52__z1p00__lam0p030__nu0p50__psi0p75,hardzero_plus_depr,0.03,33,884,0.0,1,0.5162784,0.5162784,1.0025648,0.0,0.099411175,0.0,0.0,7.058502e-11,-26.358524,2.2056866,0.7352289,0.16,0.0,0.13742968,26.490192,26.520193,2832000
hardzero_plus_depr__c0p52__z1p00__lam0p030__nu0p50__psi0p75,hardzero_plus_depr,0.03,33,885,0.0,1,0.5162784,0.5162784,0.9814282,0.104369074,0.104369074,1.0,7.2029956e-12,6.9014655e-11,-26.425882,2.1591852,0.7197284,0.208,0.0,0.13447167,26.520193,26.550194,2835200
hardzero_plus_depr__c0p52__z1p00__lam0p030__nu0p50__psi0p75,hardzero_plus_depr,0.03,33,886,0.0,1,0.5162784,0.5162784,1.0486467,0.0,0.08940325,0.0,0.0,6.747909e-11,-27.511333,2.3070688,0.76902294,0.14400001,0.0,0.1462854,26.550194,26.580194,2838400
hardzero_plus_depr__c0p52__z1p00__lam0p030__nu0p50__psi0p75,hardzero_plus_depr,0.03,33,887,0.0,1,0.5162784,0.5162784,1.0285466,0.0,0.093638286,0.0,0.0,6.597771e-11,-27.038593,2.2628477,0.7542826,0.17600001,0.0,0.1358775,26.580194,26.610195,2841600
hardzero_plus_depr__c0p52__z1p00__lam0p030__nu0p50__psi0p75,hardzero_plus_depr,0.03,33,888,0.0,1,0.5162784,0.5162784,1.0325682,0.0,0.09277518,0.0,0.0,6.450984e-11,-27.532461,2.2716954,0.75723183,0.18400002,0.0,0.14851408,26.610195,26.640196,2844800
hardzero_plus_depr__c0p52__z1p00__lam0p030__nu0p50__psi0p75,hardzero_plus_depr,0.03,33,889,0.0,1,0.5162784,0.5162784,1.0406756,0.0,0.091059305,0.0,0.0,6.307452e-11,-27.374998,2.2895322,0.7631774,0.2,0.0,0.13513915,26.640196,26.670197,2848000
hardzero_plus_depr__c0p52__z1p00__lam0p030__nu0p50__psi0p75,hardzero_plus_depr,0.03,33,890,0.0,1,0.5162784,0.5162784,1.1094154,0.0,0.07772926,0.0,0.0,6.167112e-11,-29.68736,2.4407628,0.8135876,0.136,0.0,0.19246502,26.670197,26.700197,2851200
hardzero_plus_depr__c0p52__z1p00__lam0p030__nu0p50__psi0p75,hardzero_plus_depr,0.03,33,891,0.0,1,0.5162784,0.5162784,0.96553606,0.10825898,0.10825898,1.0,6.5279037e-12,6.029896e-11,-26.116793,2.1242218,0.708074,0.256,0.0,0.11865779,26.700197,26.730198,2854400
hardzero_plus_depr__c0p52__z1p00__lam0p030__nu0p50__psi0p75,hardzero_plus_depr,0.03,33,892,0.0,1,0.5162784,0.5162784,1.0484076,0.0,0.08945248,0.0,0.0,5.8957325e-11,-26.703823,2.3065426,0.7688476,0.16800001,0.0,0.13959156,26.730198,26.760199,2857600
hardzero_plus_depr__c0p52__z1p00__lam0p030__nu0p50__psi0p75,hardzero_plus_depr,0.03,33,893,0.0,1,0.5162784,0.5162784,1.0385371,0.0,0.09150879,0.0,0.0,5.764565e-11,-26.922043,2.2848275,0.7616092,0.120000005,0.0,0.15775803,26.760199,26.7902,2860800
hardzero_plus_depr__c0p52__z1p00__lam0p030__nu0p50__psi0p75,hardzero_plus_depr,0.03,33,894,0.0,1,0.5162784,0.5162784,1.0736831,0.0,0.08439502,0.0,0.0,5.6363046e-11,-28.000832,2.36215,0.7873833,0.16800001,0.0,0.17867257,26.7902,26.8202,2864000
hardzero_plus_depr__c0p52__z1p00__lam0p030__nu0p50__psi0p75,hardzero_plus_depr,0.03,33,895,0.0,1,0.5162784,0.5162784,1.041154,0.0,0.09095906,0.0,0.0,5.5108987e-11,-27.82226,2.2905846,0.7635282,0.104,0.0,0.16687411,26.8202,26.8502,2867200
hardzero_plus_depr__c0p52__z1p00__lam0p030__nu0p50__psi0p75,hardzero_plus_depr,0.03,33,896,0.0,1,0.5162784,0.5162784,1.0178212,0.0,0.09597958,0.0,0.0,5.3882926e-11,-27.679756,2.2392514,0.74641716,0.16800001,0.0,0.16543366,26.8502,26.880201,2870400
hardzero_plus_depr__c0p52__z1p00__lam0p030__nu0p50__psi0p75,hardzero_plus_depr,0.03,33,897,0.0,1,0.5162784,0.5162784,1.0287426,0.0,0.093596034,0.0,0.0,5.2684045e-11,-27.5835,2.2632787,0.75442624,0.25,0.0,0.15439172,26.880201,26.910202,2873600
hardzero_plus_depr__c0p52__z1p00__lam0p030__nu0p50__psi0p75,hardzero_plus_depr,0.03,33,898,0.0,1,0.5162784,0.5162784,1.0526673,0.0,0.088579394,0.0,0.0,5.1511836e-11,-27.680088,2.3159142,0.7719714,0.16000001,0.0,0.15469165,26.910202,26.940203,2876800
hardzero_plus_depr__c0p52__z1p00__lam0p030__nu0p50__psi0p75,hardzero_plus_depr,0.03,33,899,0.0,1,0.5162784,0.5162784,1.0502751,0.0,0.08906866,0.0,0.0,5.0365715e-11,-28.094688,2.3106513,0.7702171,0.096,0.0,0.18795937,26.940203,26.970203,2880000
hardzero_plus_depr__c0p52__z1p00__lam0p030__nu0p50__psi0p75,hardzero_plus_depr,0.03,33,900,0.0,1,0.5162784,0.5162784,1.033147,0.0,0.09265161,0.0,0.0,4.9245087e-11,-27.804974,2.2729688,0.7576563,0.18400002,0.0,0.14883648,26.970203,27.000204,2883200
hardzero_plus_depr__c0p52__z1p00__lam0p030__nu0p50__psi0p75,hardzero_plus_depr,0.03,33,901,0.0,1,0.5162784,0.5162784,1.0734231,0.0,0.084445566,0.0,0.0,4.8149495e-11,-27.876934,2.361578,0.7871927,0.120000005,0.0,0.1439857,27.000204,27.030205,2886400
hardzero_plus_depr__c0p52__z1p00__lam0p030__nu0p50__psi0p75,hardzero_plus_depr,0.03,33,902,0.0,1,0.5162784,0.5162784,1.080662,0.0,0.08304968,0.0,0.0,4.7078178e-11,-29.072775,2.3775039,0.79250133,0.192,0.0,0.17379649,27.030205,27.060205,2889600
hardzero_plus_depr__c0p52__z1p00__lam0p030__nu0p50__psi0p75,hardzero_plus_depr,0.03,33,903,0.0,1,0.5162784,0.5162784,1.0153118,0.0,0.096535735,0.0,0.0,4.60307e-11,-27.46297,2.2337306,0.7445769,0.14400001,0.0,0.14706425,27.060205,27.090206,2892800
hardzero_plus_depr__c0p52__z1p00__lam0p030__nu0p50__psi0p75,hardzero_plus_depr,0.03,33,904,0.0,1,0.5162784,0.5162784,0.9887943,0.102613784,0.102613784,1.0,4.6182992e-12,4.5006616e-11,-27.46082,2.175391,0.7251303,0.17600001,0.0,0.14402181,27.090206,27.120207,2896000
hardzero_plus_depr__c0p52__z1p00__lam0p030__nu0p50__psi0p75,hardzero_plus_depr,0.03,33,905,0.0,1,0.5162784,0.5162784,1.0433398,0.0,0.09050241,0.0,0.0,4.4005233e-11,-27.315414,2.2953935,0.7651312,0.2,0.0,0.16957797,27.120207,27.150208,2899200
hardzero_plus_depr__c0p52__z1p00__lam0p030__nu0p50__psi0p75,hardzero_plus_depr,0.03,33,906,0.0,1,0.5162784,0.5162784,0.98634666,0.10319372,0.10319372,1.0,4.4400265e-12,4.3026128e-11,-26.165798,2.170006,0.7233354,0.18400002,0.0,0.14367302,27.150208,27.180208,2902400
hardzero_plus_depr__c0p52__z1p00__lam0p030__nu0p50__psi0p75,hardzero_plus_depr,0.03,33,907,0.0,1,0.5162784,0.5162784,1.0306869,0.0,0.09317794,0.0,0.0,4.206881e-11,-27.435934,2.2675564,0.75585216,0.136,0.0,0.12790342,27.180208,27.210209,2905600
hardzero_plus_depr__c0p52__z1p00__lam0p030__nu0p50__psi0p75,hardzero_plus_depr,0.03,33,908,0.0,1,0.5162784,0.5162784,1.066208,0.0,0.08586021,0.0,0.0,4.1132788e-11,-28.161526,2.3457046,0.78190154,0.128,0.0,0.13214426,27.210209,27.24021,2908800
hardzero_plus_depr__c0p52__z1p00__lam0p030__nu0p50__psi0p75,hardzero_plus_depr,0.03,33,909,0.0,1,0.5162784,0.5162784,1.0515718,0.0,0.08880309,0.0,0.0,4.0217673e-11,-27.50554,2.3135042,0.7711681,0.120000005,0.0,0.15232922,27.24021,27.27021,2912000
hardzero_plus_depr__c0p52__z1p00__lam0p030__nu0p50__psi0p75,hardzero_plus_depr,0.03,33,910,0.0,1,0.5162784,0.5162784,0.9706453,0.10699283,0.10699283,1.0,4.207262e-12,3.932284e-11,-26.47664,2.1354623,0.7118208,0.19,0.0,0.16319868,27.27021,27.30021,2915200
hardzero_plus_depr__c0p52__z1p00__lam0p030__nu0p50__psi0p75,hardzero_plus_depr,0.03,33,911,0.0,1,0.5162784,0.5162784,1.0721679,0.0,0.08468999,0.0,0.0,3.8447915e-11,-28.071241,2.3588164,0.78627217,0.112,0.0,0.15456977,27.30021,27.330212,2918400
hardzero_plus_depr__c0p52__z1p00__lam0p030__nu0p50__psi0p75,hardzero_plus_depr,0.03,33,912,0.0,1,0.5162784,0.5162784,1.0170319,0.0,0.09615416,0.0,0.0,3.7592533e-11,-27.257631,2.237515,0.74583834,0.216,0.0,0.12798151,27.330212,27.360212,2921600
hardzero_plus_depr__c0p52__z1p00__lam0p030__nu0p50__psi0p75,hardzero_plus_depr,0.03,33,913,0.0,1,0.5162784,0.5162784,1.083698,0.0,0.08247113,0.0,0.0,3.675611e-11,-28.38061,2.3841834,0.7947278,0.16800001,0.0,0.16140155,27.360212,27.390213,2924800
hardzero_plus_depr__c0p52__z1p00__lam0p030__nu0p50__psi0p75,hardzero_plus_depr,0.03,33,914,0.0,1,0.5162784,0.5162784,0.9884742,0.10268944,0.10268944,1.0,3.6904832e-12,3.5938294e-11,-26.635138,2.1746867,0.7248956,0.15200001,0.0,0.16043809,27.390213,27.420214,2928000
hardzero_plus_depr__c0p52__z1p00__lam0p030__nu0p50__psi0p75,hardzero_plus_depr,0.03,33,915,0.0,1,0.5162784,0.5162784,1.0206399,0.0,0.09535864,0.0,0.0,3.5138677e-11,-26.749208,2.2454526,0.74848425,0.18400002,0.0,0.14520158,27.420214,27.450214,2931200
hardzero_plus_depr__c0p52__z1p00__lam0p030__nu0p50__psi0p75,hardzero_plus_depr,0.03,33,916,0.0,1,0.5162784,0.5162784,1.0322285,0.0,0.09284778,0.0,0.0,3.4356854e-11,-28.173302,2.270948,0.7569827,0.16800001,0.0,0.15135694,27.450214,27.480215,2934400
hardzero_plus_depr__c0p52__z1p00__lam0p030__nu0p50__psi0p75,hardzero_plus_depr,0.03,33,917,0.0,1,0.5162784,0.5162784,0.99590164,0.10094815,0.10094815,1.0,3.3910993e-12,3.3592486e-11,-26.580448,2.1910274,0.7303425,0.128,0.0,0.13827355,27.480215,27.510216,2937600
hardzero_plus_depr__c0p52__z1p00__lam0p030__nu0p50__psi0p75,hardzero_plus_depr,0.03,33,918,0.0,1,0.5162784,0.5162784,0.99984944,0.10003467,0.10003467,1.0,3.2856448e-12,3.284506e-11,-27.012646,2.1997128,0.7332376,0.15200001,0.0,0.13825163,27.510216,27.540216,2940800
hardzero_plus_depr__c0p52__z1p00__lam0p030__nu0p50__psi0p75,hardzero_plus_depr,0.03,33,919,0.0,1,0.5162784,0.5162784,1.0279598,0.0,0.093764864,0.0,0.0,3.2114266e-11,-27.484467,2.2615569,0.7538523,0.136,0.0,0.16601345,27.540216,27.570217,2944000
hardzero_plus_depr__c0p52__z1p00__lam0p030__nu0p50__psi0p75,hardzero_plus_depr,0.03,33,920,0.0,1,0.5162784,0.5162784,1.0204515,0.0,0.095400006,0.0,0.0,3.1399792e-11,-27.549944,2.2450383,0.7483461,0.16000001,0.0,0.1278782,27.570217,27.600218,2947200
hardzero_plus_depr__c0p52__z1p00__lam0p030__nu0p50__psi0p75,hardzero_plus_depr,0.03,33,921,0.0,1,0.5162784,0.5162784,0.9923711,0.10177213,0.10177213,1.0,3.1245217e-12,3.0701153e-11,-26.919018,2.18326,0.72775334,0.208,0.0,0.1410325,27.600218,27.630219,2950400
hardzero_plus_depr__c0p52__z1p00__lam0p030__nu0p50__psi0p75,hardzero_plus_depr,0.03,33,922,0.0,1,0.5162784,0.5162784,1.0454117,0.0,0.09007168,0.0,0.0,3.0018064e-11,-27.064283,2.2999518,0.7666506,0.136,0.0,0.15272152,27.630219,27.66022,2953600
hardzero_plus_depr__c0p52__z1p00__lam0p030__nu0p50__psi0p75,hardzero_plus_depr,0.03,33,923,0.0,1,0.5162784,0.5162784,0.9590395,0.10989059,0.10989059,1.0,3.2253076e-12,2.935017e-11,-26.23994,2.109929,0.7033097,0.25,0.0,0.12275656,27.66022,27.69022,2956800
hardzero_plus_depr__c0p52__z1p00__lam0p030__nu0p50__psi0p75,hardzero_plus_depr,0.03,33,924,0.0,1,0.5162784,0.5162784,1.0309782,0.0,0.09311547,0.0,0.0,2.8697137e-11,-26.979927,2.2681973,0.7560658,0.128,0.0,0.14225012,27.69022,27.72022,2960000
hardzero_plus_depr__c0p52__z1p00__lam0p030__nu0p50__psi0p75,hardzero_plus_depr,0.03,33,925,0.0,1,0.5162784,0.5162784,0.9740225,0.10616405,0.10616405,1.0,2.978824e-12,2.8058687e-11,-26.2456,2.1428924,0.7142975,0.16000001,0.0,0.122131556,27.72022,27.750221,2963200
hardzero_plus_depr__c0p52__z1p00__lam0p030__nu0p50__psi0p75,hardzero_plus_depr,0.03,33,926,0.0,1,0.5162784,0.5162784,1.0101377,0.0,0.09769274,0.0,0.0,2.7434388e-11,-26.175478,2.2223473,0.74078244,0.216,0.0,0.15637834,27.750221,27.780222,2966400
hardzero_plus_depr__c0p52__z1p00__lam0p030__nu0p50__psi0p75,hardzero_plus_depr,0.03,33,927,0.0,1,0.5162784,0.5162784,0.97009575,0.107128285,0.107128285,1.0,2.873607e-12,2.682398e-11,-26.385315,2.1342533,0.7114178,0.136,0.0,0.11876554,27.780222,27.810223,2969600
hardzero_plus_depr__c0p52__z1p00__lam0p030__nu0p50__psi0p75,hardzero_plus_depr,0.03,33,928,0.0,1,0.5162784,0.5162784,1.0135065,0.0,0.09693786,0.0,0.0,2.6227203e-11,-27.191505,2.229759,0.743253,0.128,0.0,0.14137356,27.810223,27.840223,2972800
hardzero_plus_depr__c0p52__z1p00__lam0p030__nu0p50__psi0p75,hardzero_plus_depr,0.03,33,929,0.0,1,0.5162784,0.5162784,1.0866141,0.0,0.08191922,0.0,0.0,2.5643656e-11,-28.643759,2.3905988,0.7968663,0.15200001,0.0,0.14348331,27.840223,27.870224,2976000
hardzero_plus_depr__c0p52__z1p00__lam0p030__nu0p50__psi0p75,hardzero_plus_depr,0.03,33,930,0.0,1,0.5162784,0.5162784,1.0191764,0.0,0.09568055,0.0,0.0,2.5073091e-11,-27.20142,2.2422328,0.74741095,0.128,0.0,0.13300763,27.870224,27.900225,2979200
hardzero_plus_depr__c0p52__z1p00__lam0p030__nu0p50__psi0p75,hardzero_plus_depr,0.03,33,931,0.0,1,0.5162784,0.5162784,1.039908,0.0,0.09122039,0.0,0.0,2.4515221e-11,-27.992577,2.2878435,0.7626145,0.23200001,0.0,0.15111463,27.900225,27.930225,2982400
hardzero_plus_depr__c0p52__z1p00__lam0p030__nu0p50__psi0p75,hardzero_plus_depr,0.03,33,932,0.0,1,0.5162784,0.5162784,1.0278666,0.0,0.093785,0.0,0.0,2.3969765e-11,-27.61335,2.2613516,0.7537839,0.128,0.0,0.15103894,27.930225,27.960226,2985600
hardzero_plus_depr__c0p52__z1p00__lam0p030__nu0p50__psi0p75,hardzero_plus_depr,0.03,33,933,0.0,1,0.5162784,0.5162784,1.041903,0.0,0.09080231,0.0,0.0,2.3436487e-11,-27.651884,2.2922325,0.76407754,0.112,0.0,0.14931588,27.960226,27.990227,2988800
hardzero_plus_depr__c0p52__z1p00__lam0p030__nu0p50__psi0p75,hardzero_plus_depr,0.03,33,934,0.0,1,0.5162784,0.5162784,1.0051831,0.0,0.09881364,0.0,0.0,2.2915033e-11,-26.58575,2.211447,0.737149,0.16800001,0.0,0.13850783,27.990227,28.020227,2992000
hardzero_plus_depr__c0p52__z1p00__lam0p030__nu0p50__psi0p75,hardzero_plus_depr,0.03,33,935,0.0,1,0.5162784,0.5162784,0.95521116,0.11086356,0.11086356,1.0,2.4839178e-12,2.2405178e-11,-25.531208,2.1015065,0.70050216,0.2,0.0,0.1238337,28.020227,28.050228,2995200
hardzero_plus_depr__c0p52__z1p00__lam0p030__nu0p50__psi0p75,hardzero_plus_depr,0.03,33,936,0.0,1,0.5162784,0.5162784,1.0296962,0.0,0.09339074,0.0,0.0,2.1906713e-11,-27.292624,2.2653768,0.75512564,0.13,0.0,0.14539854,28.050228,28.080229,2998400
hardzero_plus_depr__c0p52__z1p00__lam0p030__nu0p50__psi0p75,hardzero_plus_depr,0.03,33,937,0.0,1,0.5162784,0.5162784,1.009139,0.0,0.097917646,0.0,0.0,2.1419293e-11,-26.317598,2.22015,0.74005,0.15200001,0.0,0.1389755,28.080229,28.11023,3001600
hardzero_plus_depr__c0p52__z1p00__lam0p030__nu0p50__psi0p75,hardzero_plus_depr,0.03,33,938,0.0,1,0.5162784,0.5162784,0.9978663,0.100492515,0.100492515,1.0,2.1045865e-12,2.0942718e-11,-26.687395,2.1953497,0.7317833,0.15200001,0.0,0.13950083,28.11023,28.14023,3004800
hardzero_plus_depr__c0p52__z1p00__lam0p030__nu0p50__psi0p75,hardzero_plus_depr,0.03,33,939,0.0,1,0.5162784,0.5162784,1.0158727,0.0,0.096411146,0.0,0.0,2.047675e-11,-26.592087,2.2349646,0.7449882,0.136,0.0,0.12098638,28.14023,28.17023,3008000
hardzero_plus_depr__c0p52__z1p00__lam0p030__nu0p50__psi0p75,hardzero_plus_depr,0.03,33,940,0.0,1,0.5162784,0.5162784,1.0418912,0.0,0.090804785,0.0,0.0,2.0021148e-11,-28.067564,2.2922065,0.76406884,0.096,0.0,0.13925293,28.17023,28.200232,3011200
hardzero_plus_depr__c0p52__z1p00__lam0p030__nu0p50__psi0p75,hardzero_plus_depr,0.03,33,941,0.0,1,0.5162784,0.5162784,1.055126,0.0,0.08807934,0.0,0.0,1.9575721e-11,-27.835686,2.3213234,0.7737745,0.17600001,0.0,0.14696373,28.200232,28.230232,3014400
hardzero_plus_depr__c0p52__z1p00__lam0p030__nu0p50__psi0p75,hardzero_plus_depr,0.03,33,942,0.0,1,0.5162784,0.5162784,1.0376463,0.0,0.0916967,0.0,0.0,1.9140163e-11,-27.114466,2.2828674,0.7609558,0.120000005,0.0,0.14969237,28.230232,28.260233,3017600
hardzero_plus_depr__c0p52__z1p00__lam0p030__nu0p50__psi0p75,hardzero_plus_depr,0.03,33,943,0.0,1,0.5162784,0.5162784,1.0133765,0.0,0.09696689,0.0,0.0,1.8714301e-11,-27.144522,2.2294726,0.74315757,0.136,0.0,0.17038769,28.260233,28.290234,3020800
hardzero_plus_depr__c0p52__z1p00__lam0p030__nu0p50__psi0p75,hardzero_plus_depr,0.03,33,944,0.0,1,0.5162784,0.5162784,0.9601597,0.1096075,0.1096075,1.0,2.0055923e-12,1.8297948e-11,-26.255165,2.1123936,0.70413125,0.18400002,0.0,0.15585716,28.290234,28.320234,3024000
hardzero_plus_depr__c0p52__z1p00__lam0p030__nu0p50__psi0p75,hardzero_plus_depr,0.03,33,945,0.0,1,0.5162784,0.5162784,0.98351973,0.103867635,0.103867635,1.0,1.8582776e-12,1.7890824e-11,-26.05175,2.1637866,0.7212622,0.192,0.0,0.14815488,28.320234,28.350235,3027200
hardzero_plus_depr__c0p52__z1p00__lam0p030__nu0p50__psi0p75,hardzero_plus_depr,0.03,33,946,0.0,1,0.5162784,0.5162784,1.0465568,0.0,0.0898345,0.0,0.0,1.7492759e-11,-27.714592,2.302471,0.7674903,0.096,0.0,0.15913226,28.350235,28.380236,3030400
hardzero_plus_depr__c0p52__z1p00__lam0p030__nu0p50__psi0p75,hardzero_plus_depr,0.03,33,947,0.0,1,0.5162784,0.5162784,1.029819,0.0,0.09336433,0.0,0.0,1.7103548e-11,-27.989029,2.2656472,0.75521576,0.16800001,0.0,0.1478357,28.380236,28.410236,3033600
hardzero_plus_depr__c0p52__z1p00__lam0p030__nu0p50__psi0p75,hardzero_plus_depr,0.03,33,948,0.0,1,0.5162784,0.5162784,1.00405,0.0,0.09907178,0.0,0.0,1.6723e-11,-27.057985,2.208954,0.73631805,0.23200001,0.0,0.15106893,28.410236,28.440237,3036800
hardzero_plus_depr__c0p52__z1p00__lam0p030__nu0p50__psi0p75,hardzero_plus_depr,0.03,33,949,0.0,1,0.5162784,0.5162784,1.0381808,0.0,0.09158389,0.0,0.0,1.6350947e-11,-27.452578,2.2840433,0.7613478,0.14,0.0,0.13049978,28.440237,28.470238,3040000
hardzero_plus_depr__c0p52__z1p00__lam0p030__nu0p50__psi0p75,hardzero_plus_depr,0.03,33,950,0.0,1,0.5162784,0.5162784,1.007131,0.0,0.09837144,0.0,0.0,1.5987144e-11,-26.648659,2.2157323,0.7385775,0.15200001,0.0,0.13802136,28.470238,28.500238,3043200
hardzero_plus_depr__c0p52__z1p00__lam0p030__nu0p50__psi0p75,hardzero_plus_depr,0.03,33,951,0.0,1,0.5162784,0.5162784,1.0214742,0.0,0.095175624,0.0,0.0,1.5631434e-11,-27.180872,2.2472882,0.7490961,0.136,0.0,0.18290105,28.500238,28.53024,3046400
hardzero_plus_depr__c0p52__z1p00__lam0p030__nu0p50__psi0p75,hardzero_plus_depr,0.03,33,952,0.0,1,0.5162784,0.5162784,0.9866762,0.10311547,0.10311547,1.0,1.5759826e-12,1.5283668e-11,-26.508984,2.170731,0.723577,0.15200001,0.0,0.1362839,28.53024,28.56024,3049600
hardzero_plus_depr__c0p52__z1p00__lam0p030__nu0p50__psi0p75,hardzero_plus_depr,0.03,33,953,0.0,1,0.5162784,0.5162784,1.0491031,0.0,0.08930935,0.0,0.0,1.494361e-11,-28.064869,2.308073,0.7693577,0.112,0.0,0.18224101,28.56024,28.59024,3052800
hardzero_plus_depr__c0p52__z1p00__lam0p030__nu0p50__psi0p75,hardzero_plus_depr,0.03,33,954,0.0,1,0.5162784,0.5162784,1.0793937,0.0,0.083292566,0.0,0.0,1.461112e-11,-28.565834,2.3747137,0.79157126,0.14400001,0.0,0.17763734,28.59024,28.620241,3056000
hardzero_plus_depr__c0p52__z1p00__lam0p030__nu0p50__psi0p75,hardzero_plus_depr,0.03,33,955,0.0,1,0.5162784,0.5162784,1.0415142,0.0,0.090883665,0.0,0.0,1.42860255e-11,-27.94931,2.2913768,0.7637923,0.16800001,0.0,0.15227926,28.620241,28.650242,3059200
hardzero_plus_depr__c0p52__z1p00__lam0p030__nu0p50__psi0p75,hardzero_plus_depr,0.03,33,956,0.0,1,0.5162784,0.5162784,1.0123788,0.0,0.09718992,0.0,0.0,1.3968166e-11,-26.22705,2.2272778,0.7424259,0.120000005,0.0,0.14066155,28.650242,28.680243,3062400
hardzero_plus_depr__c0p52__z1p00__lam0p030__nu0p50__psi0p75,hardzero_plus_depr,0.03,33,957,0.0,1,0.5162784,0.5162784,1.0159782,0.0,0.09638774,0.0,0.0,1.3657403e-11,-27.183666,2.2351966,0.74506557,0.136,0.0,0.13172843,28.680243,28.710243,3065600
hardzero_plus_depr__c0p52__z1p00__lam0p030__nu0p50__psi0p75,hardzero_plus_depr,0.03,33,958,0.0,1,0.5162784,0.5162784,0.9984145,0.100365736,0.100365736,1.0,1.3402367e-12,1.3353529e-11,-27.533276,2.1965559,0.7321853,0.224,0.0,0.14239717,28.710243,28.740244,3068800
hardzero_plus_depr__c0p52__z1p00__lam0p030__nu0p50__psi0p75,hardzero_plus_depr,0.03,33,959,0.0,1,0.5162784,0.5162784,1.082702,0.0,0.08266048,0.0,0.0,1.3056417e-11,-27.976238,2.381992,0.7939974,0.16800001,0.0,0.13785276,28.740244,28.770245,3072000
hardzero_plus_depr__c0p52__z1p00__lam0p030__nu0p50__psi0p75,hardzero_plus_depr,0.03,33,960,0.0,1,0.5162784,0.5162784,1.0344642,0.0,0.09237101,0.0,0.0,1.2765939e-11,-27.683481,2.2758667,0.7586223,0.136,0.0,0.14557074,28.770245,28.800245,3075200
hardzero_plus_depr__c0p52__z1p00__lam0p030__nu0p50__psi0p75,hardzero_plus_depr,0.03,33,961,0.0,1,0.5162784,0.5162784,1.0074207,0.0,0.09830584,0.0,0.0,1.2481902e-11,-26.028564,2.2163696,0.7387899,0.120000005,0.0,0.12294215,28.800245,28.830246,3078400
hardzero_plus_depr__c0p52__z1p00__lam0p030__nu0p50__psi0p75,hardzero_plus_depr,0.03,33,962,0.0,1,0.5162784,0.5162784,1.0129182,0.0,0.09706926,0.0,0.0,1.2204182e-11,-25.960056,2.2284646,0.7428216,0.24,0.0,0.12337643,28.830246,28.860247,3081600
hardzero_plus_depr__c0p52__z1p00__lam0p030__nu0p50__psi0p75,hardzero_plus_depr,0.03,33,963,0.0,1,0.5162784,0.5162784,1.0368387,0.0,0.09186739,0.0,0.0,1.1932643e-11,-27.09646,2.2810905,0.7603635,0.128,0.0,0.14060286,28.860247,28.890247,3084800
hardzero_plus_depr__c0p52__z1p00__lam0p030__nu0p50__psi0p75,hardzero_plus_depr,0.03,33,964,0.0,1,0.5162784,0.5162784,1.0681038,0.0,0.08548623,0.0,0.0,1.1667145e-11,-28.30825,2.3498752,0.78329176,0.128,0.0,0.15124458,28.890247,28.920248,3088000
hardzero_plus_depr__c0p52__z1p00__lam0p030__nu0p50__psi0p75,hardzero_plus_depr,0.03,33,965,0.0,1,0.5162784,0.5162784,1.0317829,0.0,0.09294309,0.0,0.0,1.1407575e-11,-27.556147,2.2699676,0.7566559,0.17600001,0.0,0.1580692,28.920248,28.950249,3091200
hardzero_plus_depr__c0p52__z1p00__lam0p030__nu0p50__psi0p75,hardzero_plus_depr,0.03,33,966,0.0,1,0.5162784,0.5162784,1.0045028,0.0,0.09896854,0.0,0.0,1.115376e-11,-26.798916,2.2099502,0.7366501,0.14400001,0.0,0.14650358,28.950249,28.98025,3094400
hardzero_plus_depr__c0p52__z1p00__lam0p030__nu0p50__psi0p75,hardzero_plus_depr,0.03,33,967,0.0,1,0.5162784,0.5162784,0.99794865,0.10047345,0.10047345,1.0,1.0957225e-12,1.0905592e-11,-26.10208,2.195531,0.73184365,0.15200001,0.0,0.14436904,28.98025,29.01025,3097600
hardzero_plus_depr__c0p52__z1p00__lam0p030__nu0p50__psi0p75,hardzero_plus_depr,0.03,33,968,0.0,1,0.5162784,0.5162784,1.0427328,0.0,0.09062899,0.0,0.0,1.0662965e-11,-26.87782,2.294058,0.76468605,0.128,0.0,0.13841377,29.01025,29.04025,3100800
hardzero_plus_depr__c0p52__z1p00__lam0p030__nu0p50__psi0p75,hardzero_plus_depr,0.03,33,969,0.0,1,0.5162784,0.5162784,1.0308278,0.0,0.09314771,0.0,0.0,1.0425717e-11,-27.619608,2.2678664,0.75595546,0.208,0.0,0.15151261,29.04025,29.070251,3104000
hardzero_plus_depr__c0p52__z1p00__lam0p030__nu0p50__psi0p75,hardzero_plus_depr,0.03,33,970,0.0,1,0.5162784,0.5162784,1.0106794,0.0,0.097570956,0.0,0.0,1.0193748e-11,-27.228168,2.223539,0.7411797,0.18400002,0.0,0.16064225,29.070251,29.100252,3107200
hardzero_plus_depr__c0p52__z1p00__lam0p030__nu0p50__psi0p75,hardzero_plus_depr,0.03,33,971,0.0,1,0.5162784,0.5162784,1.0454892,0.0,0.090055615,0.0,0.0,9.9669405e-12,-27.273037,2.300122,0.76670736,0.120000005,0.0,0.14447284,29.100252,29.130253,3110400
hardzero_plus_depr__c0p52__z1p00__lam0p030__nu0p50__psi0p75,hardzero_plus_depr,0.03,33,972,0.0,1,0.5162784,0.5162784,1.0271188,0.0,0.093946636,0.0,0.0,9.745178e-12,-26.972334,2.2597065,0.7532355,0.208,0.0,0.15568729,29.130253,29.160254,3113600
hardzero_plus_depr__c0p52__z1p00__lam0p030__nu0p50__psi0p75,hardzero_plus_depr,0.03,33,973,0.0,1,0.5162784,0.5162784,1.0293578,0.0,0.09346353,0.0,0.0,9.5283685e-12,-26.288445,2.2646325,0.7548775,0.08800001,0.0,0.13420148,29.160254,29.190254,3116800
hardzero_plus_depr__c0p52__z1p00__lam0p030__nu0p50__psi0p75,hardzero_plus_depr,0.03,33,974,0.0,1,0.5162784,0.5162784,1.0307893,0.0,0.093155965,0.0,0.0,9.316365e-12,-27.73921,2.2677817,0.75592726,0.17600001,0.0,0.15033343,29.190254,29.220255,3120000
hardzero_plus_depr__c0p52__z1p00__lam0p030__nu0p50__psi0p75,hardzero_plus_depr,0.03,33,975,0.0,1,0.5162784,0.5162784,1.0263679,0.0,0.094109215,0.0,0.0,9.109078e-12,-27.436628,2.2580545,0.75268483,0.28,0.0,0.1468635,29.220255,29.250256,3123200
hardzero_plus_depr__c0p52__z1p00__lam0p030__nu0p50__psi0p75,hardzero_plus_depr,0.03,33,976,0.0,1,0.5162784,0.5162784,1.026044,0.0,0.09417942,0.0,0.0,8.906422e-12,-27.145628,2.2573419,0.7524473,0.136,0.0,0.15057239,29.250256,29.280256,3126400
hardzero_plus_depr__c0p52__z1p00__lam0p030__nu0p50__psi0p75,hardzero_plus_depr,0.03,33,977,0.0,1,0.5162784,0.5162784,0.9709965,0.10690633,0.10690633,1.0,9.309677e-13,8.7082555e-12,-26.466526,2.136235,0.71207833,0.15200001,0.0,0.13480245,29.280256,29.310257,3129600
hardzero_plus_depr__c0p52__z1p00__lam0p030__nu0p50__psi0p75,hardzero_plus_depr,0.03,33,978,0.0,1,0.5162784,0.5162784,1.0759393,0.0,0.08395774,0.0,0.0,8.514499e-12,-28.301682,2.3671136,0.7890379,0.14400001,0.0,0.16574736,29.310257,29.340258,3132800
hardzero_plus_depr__c0p52__z1p00__lam0p030__nu0p50__psi0p75,hardzero_plus_depr,0.03,33,979,0.0,1,0.5162784,0.5162784,1.0530382,0.0,0.088503756,0.0,0.0,8.325054e-12,-28.282085,2.3167305,0.7722435,0.16000001,0.0,0.14927438,29.340258,29.370258,3136000
hardzero_plus_depr__c0p52__z1p00__lam0p030__nu0p50__psi0p75,hardzero_plus_depr,0.03,33,980,0.0,1,0.5162784,0.5162784,1.0269915,0.0,0.093974166,0.0,0.0,8.139824e-12,-27.413624,2.2594264,0.7531421,0.136,0.0,0.14739744,29.370258,29.400259,3139200
hardzero_plus_depr__c0p52__z1p00__lam0p030__nu0p50__psi0p75,hardzero_plus_depr,0.03,33,981,0.0,1,0.5162784,0.5162784,1.0384992,0.0,0.09151677,0.0,0.0,7.95873e-12,-27.78835,2.284744,0.76158136,0.128,0.0,0.16691297,29.400259,29.43026,3142400
hardzero_plus_depr__c0p52__z1p00__lam0p030__nu0p50__psi0p75,hardzero_plus_depr,0.03,33,982,0.0,1,0.5162784,0.5162784,1.026717,0.0,0.09403361,0.0,0.0,7.78165e-12,-27.413092,2.2588224,0.75294083,0.224,0.0,0.17251924,29.43026,29.46026,3145600
hardzero_plus_depr__c0p52__z1p00__lam0p030__nu0p50__psi0p75,hardzero_plus_depr,0.03,33,983,0.0,1,0.5162784,0.5162784,0.96040726,0.10954504,0.10954504,1.0,8.334745e-13,7.60851e-12,-26.945997,2.1129382,0.70431274,0.128,0.0,0.13561498,29.46026,29.490261,3148800
hardzero_plus_depr__c0p52__z1p00__lam0p030__nu0p50__psi0p75,hardzero_plus_depr,0.03,33,984,0.0,1,0.5162784,0.5162784,1.0035808,0.0,0.099178866,0.0,0.0,7.439238e-12,-26.24606,2.207922,0.735974,0.128,0.0,0.13997707,29.490261,29.520262,3152000
hardzero_plus_depr__c0p52__z1p00__lam0p030__nu0p50__psi0p75,hardzero_plus_depr,0.03,33,985,0.0,1,0.5162784,0.5162784,1.0530143,0.0,0.08850865,0.0,0.0,7.2737164e-12,-27.202219,2.3166776,0.77222586,0.128,0.0,0.14972052,29.520262,29.550262,3155200
hardzero_plus_depr__c0p52__z1p00__lam0p030__nu0p50__psi0p75,hardzero_plus_depr,0.03,33,986,0.0,1,0.5162784,0.5162784,1.0184964,0.0,0.09583048,0.0,0.0,7.1118784e-12,-26.977242,2.2407367,0.74691224,0.128,0.0,0.14620535,29.550262,29.580263,3158400
hardzero_plus_depr__c0p52__z1p00__lam0p030__nu0p50__psi0p75,hardzero_plus_depr,0.03,33,987,0.0,1,0.5162784,0.5162784,1.0476826,0.0,0.08960192,0.0,0.0,6.953641e-12,-27.04447,2.3049479,0.768316,0.128,0.0,0.17341043,29.580263,29.610264,3161600
hardzero_plus_depr__c0p52__z1p00__lam0p030__nu0p50__psi0p75,hardzero_plus_depr,0.03,33,988,0.0,1,0.5162784,0.5162784,1.0570457,0.0,0.087690845,0.0,0.0,6.7989243e-12,-27.425234,2.325547,0.77518237,0.16,0.0,0.15789957,29.610264,29.640265,3164800
hardzero_plus_depr__c0p52__z1p00__lam0p030__nu0p50__psi0p75,hardzero_plus_depr,0.03,33,989,0.0,1,0.5162784,0.5162784,1.0594108,0.0,0.087214604,0.0,0.0,6.6476625e-12,-26.890167,2.3307502,0.77691674,0.14400001,0.0,0.14773515,29.640265,29.670265,3168000
hardzero_plus_depr__c0p52__z1p00__lam0p030__nu0p50__psi0p75,hardzero_plus_depr,0.03,33,990,0.0,1,0.5162784,0.5162784,1.0069866,0.0,0.09840414,0.0,0.0,6.499754e-12,-27.056263,2.2154148,0.7384716,0.16800001,0.0,0.14300704,29.670265,29.700266,3171200
hardzero_plus_depr__c0p52__z1p00__lam0p030__nu0p50__psi0p75,hardzero_plus_depr,0.03,33,991,0.0,1,0.5162784,0.5162784,0.98388755,0.10377971,0.10377971,1.0,6.5953417e-13,6.355136e-12,-26.370796,2.1645958,0.721532,0.16800001,0.0,0.12615372,29.700266,29.730267,3174400
hardzero_plus_depr__c0p52__z1p00__lam0p030__nu0p50__psi0p75,hardzero_plus_depr,0.03,33,992,0.0,1,0.5162784,0.5162784,1.0271775,0.0,0.09393394,0.0,0.0,6.2137483e-12,-27.316448,2.2598355,0.7532785,0.112,0.0,0.13853773,29.730267,29.760267,3177600
hardzero_plus_depr__c0p52__z1p00__lam0p030__nu0p50__psi0p75,hardzero_plus_depr,0.03,33,993,0.0,1,0.5162784,0.5162784,1.0620424,0.0,0.08668773,0.0,0.0,6.075494e-12,-27.994028,2.3365397,0.7788466,0.128,0.0,0.1579763,29.760267,29.790268,3180800
hardzero_plus_depr__c0p52__z1p00__lam0p030__nu0p50__psi0p75,hardzero_plus_depr,0.03,33,994,0.0,1,0.5162784,0.5162784,1.0085346,0.0,0.09805404,0.0,0.0,5.9403155e-12,-27.258999,2.2188203,0.7396068,0.16000001,0.0,0.15627863,29.790268,29.820269,3184000
hardzero_plus_depr__c0p52__z1p00__lam0p030__nu0p50__psi0p75,hardzero_plus_depr,0.03,33,995,0.0,1,0.5162784,0.5162784,1.020995,0.0,0.095280714,0.0,0.0,5.808145e-12,-26.889698,2.246234,0.74874467,0.15200001,0.0,0.14431351,29.820269,29.85027,3187200
hardzero_plus_depr__c0p52__z1p00__lam0p030__nu0p50__psi0p75,hardzero_plus_depr,0.03,33,996,0.0,1,0.5162784,0.5162784,1.0188355,0.0,0.09575565,0.0,0.0,5.678916e-12,-27.253305,2.241483,0.74716103,0.17600001,0.0,0.1421485,29.85027,29.88027,3190400
hardzero_plus_depr__c0p52__z1p00__lam0p030__nu0p50__psi0p75,hardzero_plus_depr,0.03,33,997,0.0,1,0.5162784,0.5162784,0.9979074,0.100483,0.100483,1.0,5.5793906e-13,5.5525714e-12,-27.090666,2.19544,0.7318134,0.216,0.0,0.16333945,29.88027,29.91027,3193600
hardzero_plus_depr__c0p52__z1p00__lam0p030__nu0p50__psi0p75,hardzero_plus_depr,0.03,33,998,0.0,1,0.5162784,0.5162784,1.0589567,0.0,0.08730583,0.0,0.0,5.4290283e-12,-27.396914,2.3297513,0.7765838,0.104,0.0,0.1481624,29.91027,29.940271,3196800
hardzero_plus_depr__c0p52__z1p00__lam0p030__nu0p50__psi0p75,hardzero_plus_depr,0.03,33,999,0.0,1,0.5162784,0.5162784,1.0150481,0.0,0.09659438,0.0,0.0,5.3082343e-12,-27.632807,2.2331505,0.7443835,0.16800001,0.0,0.11747564,29.940271,29.970272,3200000
hardzero_plus_depr__c0p52__z1p00__lam0p030__nu0p50__psi0p75,hardzero_plus_depr,0.03,33,1000,0.0,1,0.5162784,0.5162784,1.0030454,0.0,0.09930122,0.0,0.0,5.190137e-12,-25.83216,2.206744,0.73558134,0.18400002,0.0,0.13419281,29.970272,30.000273,3203200
hardzero_plus_depr__c0p52__z1p00__lam0p030__nu0p50__psi0p75,hardzero_plus_depr,0.03,33,1001,0.0,1,0.5162784,0.5162784,1.0143211,0.0,0.09675623,0.0,0.0,5.074658e-12,-26.067657,2.231551,0.74385035,0.13,0.0,0.14495687,30.000273,30.030273,3206400
hardzero_plus_depr__c0p52__z1p00__lam0p030__nu0p50__psi0p75,hardzero_plus_depr,0.03,33,1002,0.0,1,0.5162784,0.5162784,1.0146569,0.0,0.09668142,0.0,0.0,4.961748e-12,-27.71489,2.2322898,0.74409664,0.14400001,0.0,0.12941605,30.030273,30.060274,3209600
hardzero_plus_depr__c0p52__z1p00__lam0p030__nu0p50__psi0p75,hardzero_plus_depr,0.03,33,1003,0.0,1,0.5162784,0.5162784,1.0259126,0.0,0.0942079,0.0,0.0,4.8513502e-12,-27.738697,2.257053,0.752351,0.15200001,0.0,0.15458229,30.060274,30.090275,3212800
hardzero_plus_depr__c0p52__z1p00__lam0p030__nu0p50__psi0p75,hardzero_plus_depr,0.03,33,1004,0.0,1,0.5162784,0.5162784,1.0164222,0.0,0.096289255,0.0,0.0,4.7434092e-12,-27.313917,2.2361734,0.74539113,0.208,0.0,0.17939883,30.090275,30.120275,3216000
hardzero_plus_depr__c0p52__z1p00__lam0p030__nu0p50__psi0p75,hardzero_plus_depr,0.03,33,1005,0.0,1,0.5162784,0.5162784,1.041195,0.0,0.09095047,0.0,0.0,4.637878e-12,-26.98413,2.290675,0.7635583,0.080000006,0.0,0.14708456,30.120275,30.150276,3219200
hardzero_plus_depr__c0p52__z1p00__lam0p030__nu0p50__psi0p75,hardzero_plus_depr,0.03,33,1006,0.0,1,0.5162784,0.5162784,1.0292442,0.0,0.09348798,0.0,0.0,4.5346873e-12,-26.930834,2.2643824,0.7547941,0.120000005,0.0,0.14056389,30.150276,30.180277,3222400
hardzero_plus_depr__c0p52__z1p00__lam0p030__nu0p50__psi0p75,hardzero_plus_depr,0.03,33,1007,0.0,1,0.5162784,0.5162784,1.0223565,0.0,0.09498248,0.0,0.0,4.433791e-12,-26.868326,2.2492292,0.7497431,0.14400001,0.0,0.20503992,30.180277,30.210278,3225600
hardzero_plus_depr__c0p52__z1p00__lam0p030__nu0p50__psi0p75,hardzero_plus_depr,0.03,33,1008,0.0,1,0.5162784,0.5162784,0.9808761,0.104501836,0.104501836,1.0,4.5303109e-13,4.3351494e-12,-26.564276,2.1579704,0.7193235,0.14400001,0.0,0.12028399,30.210278,30.240278,3228800
hardzero_plus_depr__c0p52__z1p00__lam0p030__nu0p50__psi0p75,hardzero_plus_depr,0.03,33,1009,0.0,1,0.5162784,0.5162784,1.0360453,0.0,0.09203536,0.0,0.0,4.238693e-12,-27.1096,2.2793453,0.7597818,0.136,0.0,0.15045476,30.240278,30.270279,3232000
hardzero_plus_depr__c0p52__z1p00__lam0p030__nu0p50__psi0p75,hardzero_plus_depr,0.03,33,1010,0.0,1,0.5162784,0.5162784,1.0234133,0.0,0.09475162,0.0,0.0,4.1443836e-12,-27.121698,2.2515543,0.7505181,0.136,0.0,0.1499578,30.270279,30.30028,3235200
hardzero_plus_depr__c0p52__z1p00__lam0p030__nu0p50__psi0p75,hardzero_plus_depr,0.03,33,1011,0.0,1,0.5162784,0.5162784,1.0396819,0.0,0.0912679,0.0,0.0,4.052172e-12,-27.134619,2.287346,0.76244867,0.112,0.0,0.14074416,30.30028,30.33028,3238400
hardzero_plus_depr__c0p52__z1p00__lam0p030__nu0p50__psi0p75,hardzero_plus_depr,0.03,33,1012,0.0,1,0.5162784,0.5162784,1.1140335,0.0,0.076907106,0.0,0.0,3.9620117e-12,-28.286383,2.4509225,0.81697416,0.136,0.0,0.13471855,30.33028,30.360281,3241600
hardzero_plus_depr__c0p52__z1p00__lam0p030__nu0p50__psi0p75,hardzero_plus_depr,0.03,33,1013,0.0,1,0.5162784,0.5162784,1.010384,0.0,0.09763734,0.0,0.0,3.8738656e-12,-27.03632,2.2228892,0.7409631,0.16800001,0.0,0.12811051,30.360281,30.390282,3244800
hardzero_plus_depr__c0p52__z1p00__lam0p030__nu0p50__psi0p75,hardzero_plus_depr,0.03,33,1014,0.0,1,0.5162784,0.5162784,1.0273393,0.0,0.09389894,0.0,0.0,3.7876733e-12,-28.339413,2.2601917,0.7533972,0.14999999,0.0,0.1775975,30.390282,30.420282,3248000
hardzero_plus_depr__c0p52__z1p00__lam0p030__nu0p50__psi0p75,hardzero_plus_depr,0.03,33,1015,0.0,1,0.5162784,0.5162784,1.0540668,0.0,0.08829441,0.0,0.0,3.7033987e-12,-28.353172,2.3189933,0.7729978,0.112,0.0,0.14675276,30.420282,30.450283,3251200
hardzero_plus_depr__c0p52__z1p00__lam0p030__nu0p50__psi0p75,hardzero_plus_depr,0.03,33,1016,0.0,1,0.5162784,0.5162784,1.0380316,0.0,0.091615394,0.0,0.0,3.6210058e-12,-27.461103,2.283715,0.76123834,0.136,0.0,0.15222599,30.450283,30.480284,3254400
hardzero_plus_depr__c0p52__z1p00__lam0p030__nu0p50__psi0p75,hardzero_plus_depr,0.03,33,1017,0.0,1,0.5162784,0.5162784,1.0472736,0.0,0.08968635,0.0,0.0,3.5404394e-12,-26.764605,2.304048,0.76801604,0.18400002,0.0,0.15268749,30.480284,30.510284,3257600
hardzero_plus_depr__c0p52__z1p00__lam0p030__nu0p50__psi0p75,hardzero_plus_depr,0.03,33,1018,0.0,1,0.5162784,0.5162784,1.0465814,0.0,0.08982942,0.0,0.0,3.4616654e-12,-26.92738,2.302525,0.7675084,0.08800001,0.0,0.15096948,30.510284,30.540285,3260800
hardzero_plus_depr__c0p52__z1p00__lam0p030__nu0p50__psi0p75,hardzero_plus_depr,0.03,33,1019,0.0,1,0.5162784,0.5162784,1.0111135,0.0,0.097473465,0.0,0.0,3.3846446e-12,-28.05219,2.2244942,0.7414981,0.18400002,0.0,0.17174937,30.540285,30.570286,3264000
hardzero_plus_depr__c0p52__z1p00__lam0p030__nu0p50__psi0p75,hardzero_plus_depr,0.03,33,1020,0.0,1,0.5162784,0.5162784,1.0248592,0.0,0.09443669,0.0,0.0,3.3093372e-12,-27.18061,2.2547352,0.75157845,0.17600001,0.0,0.14274198,30.570286,30.600286,3267200
hardzero_plus_depr__c0p52__z1p00__lam0p030__nu0p50__psi0p75,hardzero_plus_depr,0.03,33,1021,0.0,1,0.5162784,0.5162784,1.0602314,0.0,0.087049946,0.0,0.0,3.2357116e-12,-28.219013,2.3325558,0.77751863,0.104,0.0,0.17171116,30.600286,30.630287,3270400
hardzero_plus_depr__c0p52__z1p00__lam0p030__nu0p50__psi0p75,hardzero_plus_depr,0.03,33,1022,0.0,1,0.5162784,0.5162784,1.0351124,0.0,0.09223328,0.0,0.0,3.1637178e-12,-28.170446,2.2772927,0.7590976,0.136,0.0,0.13703066,30.630287,30.660288,3273600
hardzero_plus_depr__c0p52__z1p00__lam0p030__nu0p50__psi0p75,hardzero_plus_depr,0.03,33,1023,0.0,1,0.5162784,0.5162784,1.032223,0.0,0.09284896,0.0,0.0,3.093326e-12,-27.762012,2.270936,0.7569787,0.15200001,0.0,0.15697655,30.660288,30.690289,3276800
hardzero_plus_depr__c0p52__z1p00__lam0p030__nu0p50__psi0p75,hardzero_plus_depr,0.03,33,1024,0.0,1,0.5162784,0.5162784,1.1141244,0.0,0.07689101,0.0,0.0,3.024506e-12,-28.709803,2.4511228,0.8170409,0.112,0.0,0.16433342,30.690289,30.72029,3280000
hardzero_plus_depr__c0p52__z1p00__lam0p030__nu0p50__psi0p75,hardzero_plus_depr,0.03,33,1025,0.0,1,0.5162784,0.5162784,1.0252198,0.0,0.094358325,0.0,0.0,2.9572117e-12,-26.232334,2.2555287,0.7518429,0.14400001,0.0,0.1481255,30.72029,30.75029,3283200
hardzero_plus_depr__c0p52__z1p00__lam0p030__nu0p50__psi0p75,hardzero_plus_depr,0.03,33,1026,0.0,1,0.5162784,0.5162784,1.0172166,0.0,0.09611329,0.0,0.0,2.8914143e-12,-26.641397,2.237921,0.7459737,0.16800001,0.0,0.119319566,30.75029,30.78029,3286400
hardzero_plus_depr__c0p52__z1p00__lam0p030__nu0p50__psi0p75,hardzero_plus_depr,0.03,33,1027,0.0,1,0.5162784,0.5162784,1.01595,0.0,0.096393995,0.0,0.0,2.8270815e-12,-27.191463,2.2351346,0.7450449,0.14,0.0,0.17859273,30.78029,30.810291,3289600
hardzero_plus_depr__c0p52__z1p00__lam0p030__nu0p50__psi0p75,hardzero_plus_depr,0.03,33,1028,0.0,1,0.5162784,0.5162784,1.0301858,0.0,0.0932855,0.0,0.0,2.7641795e-12,-27.46631,2.266454,0.7554847,0.14400001,0.0,0.15090585,30.810291,30.840292,3292800
hardzero_plus_depr__c0p52__z1p00__lam0p030__nu0p50__psi0p75,hardzero_plus_depr,0.03,33,1029,0.0,1,0.5162784,0.5162784,0.99327433,0.1015607,0.1015607,1.0,2.744863e-13,2.7026823e-12,-26.194227,2.1852472,0.7284157,0.104,0.0,0.12933324,30.840292,30.870293,3296000
hardzero_plus_depr__c0p52__z1p00__lam0p030__nu0p50__psi0p75,hardzero_plus_depr,0.03,33,1030,0.0,1,0.5162784,0.5162784,1.0255406,0.0,0.094288655,0.0,0.0,2.6425485e-12,-27.58918,2.2562344,0.7520782,0.128,0.0,0.156201,30.870293,30.900293,3299200
hardzero_plus_depr__c0p52__z1p00__lam0p030__nu0p50__psi0p75,hardzero_plus_depr,0.03,33,1031,0.0,1,0.5162784,0.5162784,1.0436751,0.0,0.09043257,0.0,0.0,2.5837522e-12,-27.397318,2.296131,0.765377,0.15200001,0.0,0.145094,30.900293,30.930294,3302400
hardzero_plus_depr__c0p52__z1p00__lam0p030__nu0p50__psi0p75,hardzero_plus_depr,0.03,33,1032,0.0,1,0.5162784,0.5162784,1.0329705,0.0,0.09268927,0.0,0.0,2.5262693e-12,-27.13679,2.2725806,0.7575269,0.15200001,0.0,0.14493585,30.930294,30.960295,3305600
hardzero_plus_depr__c0p52__z1p00__lam0p030__nu0p50__psi0p75,hardzero_plus_depr,0.03,33,1033,0.0,1,0.5162784,0.5162784,1.0440252,0.0,0.0903597,0.0,0.0,2.4700604e-12,-27.31585,2.2969012,0.76563376,0.120000005,0.0,0.1344786,30.960295,30.990295,3308800
hardzero_plus_depr__c0p52__z1p00__lam0p030__nu0p50__psi0p75,hardzero_plus_depr,0.03,33,1034,0.0,1,0.5162784,0.5162784,1.0233244,0.0,0.09477103,0.0,0.0,2.4151022e-12,-26.956772,2.2513585,0.7504529,0.096,0.0,0.14580812,30.990295,31.020296,3312000
hardzero_plus_depr__c0p52__z1p00__lam0p030__nu0p50__psi0p75,hardzero_plus_depr,0.03,33,1035,0.0,1,0.5162784,0.5162784,1.022401,0.0,0.094972745,0.0,0.0,2.361367e-12,-27.075235,2.2493272,0.74977577,0.15200001,0.0,0.13269013,31.020296,31.050297,3315200
hardzero_plus_depr__c0p52__z1p00__lam0p030__nu0p50__psi0p75,hardzero_plus_depr,0.03,33,1036,0.0,1,0.5162784,0.5162784,0.9948996,0.10118134,0.10118134,1.0,2.3361022e-13,2.308827e-12,-26.822985,2.1888227,0.7296076,0.2,0.0,0.12690417,31.050297,31.080297,3318400
hardzero_plus_depr__c0p52__z1p00__lam0p030__nu0p50__psi0p75,hardzero_plus_depr,0.03,33,1037,0.0,1,0.5162784,0.5162784,1.0148239,0.0,0.09664425,0.0,0.0,2.257461e-12,-27.623396,2.2326572,0.74421906,0.16800001,0.0,0.14483996,31.080297,31.110298,3321600
hardzero_plus_depr__c0p52__z1p00__lam0p030__nu0p50__psi0p75,hardzero_plus_depr,0.03,33,1038,0.0,1,0.5162784,0.5162784,1.0452765,0.0,0.09009973,0.0,0.0,2.2072327e-12,-28.249195,2.2996542,0.76655143,0.16800001,0.008,0.15279186,31.110298,31.140299,3324800
hardzero_plus_depr__c0p52__z1p00__lam0p030__nu0p50__psi0p75,hardzero_plus_depr,0.03,33,1039,0.0,1,0.5162784,0.5162784,0.9978621,0.10049347,0.10049347,1.0,2.1687723e-13,2.1581226e-12,-26.86252,2.1953404,0.7317802,0.136,0.0,0.1497287,31.140299,31.1703,3328000
hardzero_plus_depr__c0p52__z1p00__lam0p030__nu0p50__psi0p75,hardzero_plus_depr,0.03,33,1040,0.0,1,0.5162784,0.5162784,0.9687509,0.107460566,0.107460566,1.0,2.2675348e-13,2.1101087e-12,-25.767944,2.1312945,0.7104315,0.14999999,0.0,0.13017488,31.1703,31.2003,3331200
hardzero_plus_depr__c0p52__z1p00__lam0p030__nu0p50__psi0p75,hardzero_plus_depr,0.03,33,1041,0.0,1,0.5162784,0.5162784,1.0561992,0.0,0.08786195,0.0,0.0,2.0631593e-12,-28.439775,2.3236847,0.7745616,0.120000005,0.0,0.16519871,31.2003,31.2303,3334400
hardzero_plus_depr__c0p52__z1p00__lam0p030__nu0p50__psi0p75,hardzero_plus_depr,0.03,33,1042,0.0,1,0.5162784,0.5162784,1.0470841,0.0,0.08972551,0.0,0.0,2.0172546e-12,-27.55274,2.303631,0.76787704,0.16000001,0.0,0.14680274,31.2303,31.260302,3337600
hardzero_plus_depr__c0p52__z1p00__lam0p030__nu0p50__psi0p75,hardzero_plus_depr,0.03,33,1043,0.0,1,0.5162784,0.5162784,1.0556701,0.0,0.087969035,0.0,0.0,1.9723713e-12,-27.406832,2.3225207,0.7741736,0.192,0.0,0.14724012,31.260302,31.290302,3340800
hardzero_plus_depr__c0p52__z1p00__lam0p030__nu0p50__psi0p75,hardzero_plus_depr,0.03,33,1044,0.0,1,0.5162784,0.5162784,1.0581874,0.0,0.08746063,0.0,0.0,1.9284867e-12,-28.17683,2.3280587,0.7760196,0.15200001,0.0,0.15920128,31.290302,31.320303,3344000
hardzero_plus_depr__c0p52__z1p00__lam0p030__nu0p50__psi0p75,hardzero_plus_depr,0.03,33,1045,0.0,1,0.5162784,0.5162784,1.0514865,0.0,0.08882057,0.0,0.0,1.8855818e-12,-27.947353,2.3133166,0.7711055,0.14400001,0.0,0.15493073,31.320303,31.350304,3347200
hardzero_plus_depr__c0p52__z1p00__lam0p030__nu0p50__psi0p75,hardzero_plus_depr,0.03,33,1046,0.0,1,0.5162784,0.5162784,1.0539483,0.0,0.08831849,0.0,0.0,1.8436281e-12,-27.641016,2.3187325,0.77291083,0.128,0.0,0.14833413,31.350304,31.380304,3350400
hardzero_plus_depr__c0p52__z1p00__lam0p030__nu0p50__psi0p75,hardzero_plus_depr,0.03,33,1047,0.0,1,0.5162784,0.5162784,1.0181072,0.0,0.0959164,0.0,0.0,1.802608e-12,-26.670929,2.2398806,0.74662685,0.16000001,0.0,0.14386068,31.380304,31.410305,3353600
hardzero_plus_depr__c0p52__z1p00__lam0p030__nu0p50__psi0p75,hardzero_plus_depr,0.03,33,1048,0.0,1,0.5162784,0.5162784,1.0220766,0.0,0.09504372,0.0,0.0,1.7625037e-12,-26.875357,2.2486134,0.7495378,0.192,0.0,0.15253189,31.410305,31.440306,3356800
hardzero_plus_depr__c0p52__z1p00__lam0p030__nu0p50__psi0p75,hardzero_plus_depr,0.03,33,1049,0.0,1,0.5162784,0.5162784,1.0656614,0.0,0.08596834,0.0,0.0,1.7232885e-12,-27.774305,2.344502,0.7815007,0.096,0.0,0.13051306,31.440306,31.470306,3360000
hardzero_plus_depr__c0p52__z1p00__lam0p030__nu0p50__psi0p75,hardzero_plus_depr,0.03,33,1050,0.0,1,0.5162784,0.5162784,1.0120728,0.0,0.09725842,0.0,0.0,1.6849458e-12,-26.545092,2.2266047,0.74220157,0.17600001,0.0,0.15442646,31.470306,31.500307,3363200
hardzero_plus_depr__c0p52__z1p00__lam0p030__nu0p50__psi0p75,hardzero_plus_depr,0.03,33,1051,0.0,1,0.5162784,0.5162784,0.9937109,0.10145866,0.10145866,1.0,1.671487e-13,1.6474562e-12,-25.882113,2.1862075,0.72873586,0.216,0.0,0.15624847,31.500307,31.530308,3366400
hardzero_plus_depr__c0p52__z1p00__lam0p030__nu0p50__psi0p75,hardzero_plus_depr,0.03,33,1052,0.0,1,0.5162784,0.5162784,1.0097526,0.0,0.09777941,0.0,0.0,1.6108007e-12,-26.499245,2.2215002,0.7405001,0.14400001,0.0,0.13430092,31.530308,31.560308,3369600
hardzero_plus_depr__c0p52__z1p00__lam0p030__nu0p50__psi0p75,hardzero_plus_depr,0.03,33,1053,0.0,1,0.5162784,0.5162784,1.0519198,0.0,0.08873198,0.0,0.0,1.5749639e-12,-27.809282,2.3142698,0.7714233,0.12,0.0,0.1368901,31.560308,31.59031,3372800
hardzero_plus_depr__c0p52__z1p00__lam0p030__nu0p50__psi0p75,hardzero_plus_depr,0.03,33,1054,0.0,1,0.5162784,0.5162784,0.97139823,0.106807485,0.106807485,1.0,1.6447512e-13,1.5399213e-12,-26.143618,2.1371188,0.71237296,0.208,0.0,0.16369975,31.59031,31.62031,3376000
hardzero_plus_depr__c0p52__z1p00__lam0p030__nu0p50__psi0p75,hardzero_plus_depr,0.03,33,1055,0.0,1,0.5162784,0.5162784,1.0621953,0.0,0.08665721,0.0,0.0,1.5056586e-12,-27.98683,2.3368764,0.7789588,0.16800001,0.0,0.15095498,31.62031,31.65031,3379200
hardzero_plus_depr__c0p52__z1p00__lam0p030__nu0p50__psi0p75,hardzero_plus_depr,0.03,33,1056,0.0,1,0.5162784,0.5162784,0.99650484,0.100808024,0.100808024,1.0,1.4840562e-13,1.4721608e-12,-27.541252,2.1923544,0.73078483,0.096,0.0,0.15628155,31.65031,31.680311,3382400
hardzero_plus_depr__c0p52__z1p00__lam0p030__nu0p50__psi0p75,hardzero_plus_depr,0.03,33,1057,0.0,1,0.5162784,0.5162784,1.041379,0.0,0.09091197,0.0,0.0,1.4394057e-12,-27.346205,2.2910795,0.7636932,0.136,0.0,0.16157815,31.680311,31.710312,3385600
hardzero_plus_depr__c0p52__z1p00__lam0p030__nu0p50__psi0p75,hardzero_plus_depr,0.03,33,1058,0.0,1,0.5162784,0.5162784,1.021089,0.0,0.09526009,0.0,0.0,1.4073792e-12,-27.61347,2.2464406,0.74881357,0.192,0.0,0.16312034,31.710312,31.740313,3388800
hardzero_plus_depr__c0p52__z1p00__lam0p030__nu0p50__psi0p75,hardzero_plus_depr,0.03,33,1059,0.0,1,0.5162784,0.5162784,1.0431345,0.0,0.09054523,0.0,0.0,1.3760654e-12,-27.777369,2.2949417,0.76498055,0.120000005,0.0,0.14414658,31.740313,31.770313,3392000
hardzero_plus_depr__c0p52__z1p00__lam0p030__nu0p50__psi0p75,hardzero_plus_depr,0.03,33,1060,0.0,1,0.5162784,0.5162784,1.0108352,0.0,0.097535975,0.0,0.0,1.3454483e-12,-27.358587,2.2238817,0.7412939,0.208,0.0,0.16569687,31.770313,31.800314,3395200
hardzero_plus_depr__c0p52__z1p00__lam0p030__nu0p50__psi0p75,hardzero_plus_depr,0.03,33,1061,0.0,1,0.5162784,0.5162784,1.0158341,0.0,0.096419714,0.0,0.0,1.315515e-12,-26.032919,2.2348797,0.74495995,0.15200001,0.0,0.13455434,31.800314,31.830315,3398400
hardzero_plus_depr__c0p52__z1p00__lam0p030__nu0p50__psi0p75,hardzero_plus_depr,0.03,33,1062,0.0,1,0.5162784,0.5162784,0.98132527,0.10439381,0.10439381,1.0,1.3427603e-13,1.2862451e-12,-25.760181,2.1589587,0.7196529,0.17600001,0.0,0.14056256,31.830315,31.860315,3401600
hardzero_plus_depr__c0p52__z1p00__lam0p030__nu0p50__psi0p75,hardzero_plus_depr,0.03,33,1063,0.0,1,0.5162784,0.5162784,1.065241,0.0,0.0860516,0.0,0.0,1.2576266e-12,-28.470243,2.343577,0.7811923,0.16800001,0.0,0.18611874,31.860315,31.890316,3404800
hardzero_plus_depr__c0p52__z1p00__lam0p030__nu0p50__psi0p75,hardzero_plus_depr,0.03,33,1064,0.0,1,0.5162784,0.5162784,1.0448258,0.0,0.09019328,0.0,0.0,1.2296471e-12,-27.50964,2.2986627,0.7662209,0.128,0.0,0.1481127,31.890316,31.920317,3408000
hardzero_plus_depr__c0p52__z1p00__lam0p030__nu0p50__psi0p75,hardzero_plus_depr,0.03,33,1065,0.0,1,0.5162784,0.5162784,1.0005517,0.0,0.09987304,0.0,0.0,1.2022877e-12,-27.116028,2.2012577,0.7337526,0.16800001,0.0,0.16982684,31.920317,31.950317,3411200
hardzero_plus_depr__c0p52__z1p00__lam0p030__nu0p50__psi0p75,hardzero_plus_depr,0.03,33,1066,0.0,1,0.5162784,0.5162784,0.95778203,0.11020922,0.11020922,1.0,1.2955503e-13,1.1755371e-12,-26.749882,2.1071625,0.7023875,0.19,0.0,0.14647281,31.950317,31.980318,3414400
hardzero_plus_depr__c0p52__z1p00__lam0p030__nu0p50__psi0p75,hardzero_plus_depr,0.03,33,1067,0.0,1,0.5162784,0.5162784,1.0503227,0.0,0.089058906,0.0,0.0,1.1493817e-12,-27.85631,2.310756,0.770252,0.16000001,0.0,0.12970757,31.980318,32.01032,3417600
hardzero_plus_depr__c0p52__z1p00__lam0p030__nu0p50__psi0p75,hardzero_plus_depr,0.03,33,1068,0.0,1,0.5162784,0.5162784,1.0401918,0.0,0.09116081,0.0,0.0,1.1238083e-12,-27.705338,2.2884676,0.76282257,0.18400002,0.008,0.16349266,32.01032,32.040318,3420800
hardzero_plus_depr__c0p52__z1p00__lam0p030__nu0p50__psi0p75,hardzero_plus_depr,0.03,33,1069,0.0,1,0.5162784,0.5162784,1.0356531,0.0,0.092118494,0.0,0.0,1.0988059e-12,-27.056469,2.2784824,0.7594942,0.16000001,0.0,0.14096585,32.040318,32.070316,3424000
hardzero_plus_depr__c0p52__z1p00__lam0p030__nu0p50__psi0p75,hardzero_plus_depr,0.03,33,1070,0.0,1,0.5162784,0.5162784,1.0448848,0.0,0.09018102,0.0,0.0,1.0743599e-12,-28.470417,2.2987924,0.76626414,0.16000001,0.0,0.16753772,32.070316,32.100315,3427200
hardzero_plus_depr__c0p52__z1p00__lam0p030__nu0p50__psi0p75,hardzero_plus_depr,0.03,33,1071,0.0,1,0.5162784,0.5162784,1.0530791,0.0,0.088495426,0.0,0.0,1.0504576e-12,-27.852997,2.3168204,0.7722735,0.14400001,0.0,0.15713525,32.100315,32.130314,3430400
hardzero_plus_depr__c0p52__z1p00__lam0p030__nu0p50__psi0p75,hardzero_plus_depr,0.03,33,1072,0.0,1,0.5162784,0.5162784,1.011432,0.0,0.09740201,0.0,0.0,1.0270872e-12,-26.994461,2.225195,0.74173164,0.216,0.0,0.16733143,32.130314,32.160313,3433600
hardzero_plus_depr__c0p52__z1p00__lam0p030__nu0p50__psi0p75,hardzero_plus_depr,0.03,33,1073,0.0,1,0.5162784,0.5162784,1.046709,0.0,0.08980305,0.0,0.0,1.0042367e-12,-28.359314,2.3028057,0.7676019,0.16000001,0.0,0.14596492,32.160313,32.19031,3436800
hardzero_plus_depr__c0p52__z1p00__lam0p030__nu0p50__psi0p75,hardzero_plus_depr,0.03,33,1074,0.0,1,0.5162784,0.5162784,1.0136138,0.0,0.09691391,0.0,0.0,9.818946e-13,-27.086843,2.229995,0.7433317,0.112,0.0,0.13364068,32.19031,32.22031,3440000
hardzero_plus_depr__c0p52__z1p00__lam0p030__nu0p50__psi0p75,hardzero_plus_depr,0.03,33,1075,0.0,1,0.5162784,0.5162784,1.0802461,0.0,0.08312926,0.0,0.0,9.600495e-13,-27.644236,2.3765888,0.7921963,0.112,0.0,0.15643032,32.22031,32.25031,3443200
hardzero_plus_depr__c0p52__z1p00__lam0p030__nu0p50__psi0p75,hardzero_plus_depr,0.03,33,1076,0.0,1,0.5162784,0.5162784,0.9981872,0.10041829,0.10041829,1.0,9.426169e-14,9.386904e-13,-26.96222,2.1960557,0.7320186,0.18400002,0.0,0.13810283,32.25031,32.280308,3446400
hardzero_plus_depr__c0p52__z1p00__lam0p030__nu0p50__psi0p75,hardzero_plus_depr,0.03,33,1077,0.0,1,0.5162784,0.5162784,0.9758132,0.10572722,0.10572722,1.0,9.7037145e-14,9.178066e-13,-26.674725,2.146832,0.7156107,0.18400002,0.0,0.15982834,32.280308,32.310307,3449600
hardzero_plus_depr__c0p52__z1p00__lam0p030__nu0p50__psi0p75,hardzero_plus_depr,0.03,33,1078,0.0,1,0.5162784,0.5162784,1.0534285,0.0,0.08842426,0.0,0.0,8.9738736e-13,-27.7903,2.317589,0.7725297,0.16000001,0.008,0.16583323,32.310307,32.340305,3452800
hardzero_plus_depr__c0p52__z1p00__lam0p030__nu0p50__psi0p75,hardzero_plus_depr,0.03,33,1079,0.0,1,0.5162784,0.5162784,1.0379306,0.0,0.09163669,0.0,0.0,8.774224e-13,-27.64109,2.283493,0.76116437,0.24,0.0,0.17287013,32.340305,32.370304,3456000
hardzero_plus_depr__c0p52__z1p00__lam0p030__nu0p50__psi0p75,hardzero_plus_depr,0.03,33,1080,0.0,1,0.5162784,0.5162784,1.0424098,0.0,0.090696424,0.0,0.0,8.5790164e-13,-27.932821,2.2933474,0.7644491,0.112,0.0,0.16655709,32.370304,32.400303,3459200
hardzero_plus_depr__c0p52__z1p00__lam0p030__nu0p50__psi0p75,hardzero_plus_depr,0.03,33,1081,0.0,1,0.5162784,0.5162784,1.0001695,0.0,0.099960975,0.0,0.0,8.3881513e-13,-26.410786,2.2004168,0.7334723,0.136,0.0,0.14803253,32.400303,32.4303,3462400
hardzero_plus_depr__c0p52__z1p00__lam0p030__nu0p50__psi0p75,hardzero_plus_depr,0.03,33,1082,0.0,1,0.5162784,0.5162784,1.0226322,0.0,0.0949222,0.0,0.0,8.2015335e-13,-26.83277,2.2498357,0.7499453,0.112,0.0,0.11869169,32.4303,32.4603,3465600
hardzero_plus_depr__c0p52__z1p00__lam0p030__nu0p50__psi0p75,hardzero_plus_depr,0.03,33,1083,0.0,1,0.5162784,0.5162784,1.0379449,0.0,0.09163368,0.0,0.0,8.0190666e-13,-26.903128,2.2835245,0.76117486,0.18400002,0.0,0.17017935,32.4603,32.4903,3468800
hardzero_plus_depr__c0p52__z1p00__lam0p030__nu0p50__psi0p75,hardzero_plus_depr,0.03,33,1084,0.0,1,0.5162784,0.5162784,1.002309,0.0,0.09946975,0.0,0.0,7.8406595e-13,-27.398329,2.2051237,0.73504126,0.16800001,0.0,0.15477705,32.4903,32.520298,3472000
hardzero_plus_depr__c0p52__z1p00__lam0p030__nu0p50__psi0p75,hardzero_plus_depr,0.03,33,1085,0.0,1,0.5162784,0.5162784,1.0359536,0.0,0.092054784,0.0,0.0,7.666221e-13,-27.413778,2.2791436,0.75971454,0.136,0.0,0.1588438,32.520298,32.550297,3475200
hardzero_plus_depr__c0p52__z1p00__lam0p030__nu0p50__psi0p75,hardzero_plus_depr,0.03,33,1086,0.0,1,0.5162784,0.5162784,1.0183952,0.0,0.0958528,0.0,0.0,7.495664e-13,-26.764853,2.240514,0.74683803,0.17600001,0.0,0.13907371,32.550297,32.580296,3478400
hardzero_plus_depr__c0p52__z1p00__lam0p030__nu0p50__psi0p75,hardzero_plus_depr,0.03,33,1087,0.0,1,0.5162784,0.5162784,1.0049397,0.0,0.09886904,0.0,0.0,7.3289015e-13,-26.219307,2.2109115,0.73697054,0.136,0.0,0.13793553,32.580296,32.610294,3481600
hardzero_plus_depr__c0p52__z1p00__lam0p030__nu0p50__psi0p75,hardzero_plus_depr,0.03,33,1088,0.0,1,0.5162784,0.5162784,1.1042162,0.0,0.07866541,0.0,0.0,7.1658494e-13,-28.574497,2.4293242,0.80977476,0.16800001,0.0,0.18052359,32.610294,32.640293,3484800
hardzero_plus_depr__c0p52__z1p00__lam0p030__nu0p50__psi0p75,hardzero_plus_depr,0.03,33,1089,0.0,1,0.5162784,0.5162784,1.0409781,0.0,0.09099591,0.0,0.0,7.0064245e-13,-27.310684,2.2901974,0.7633991,0.18400002,0.0,0.16966523,32.640293,32.67029,3488000
hardzero_plus_depr__c0p52__z1p00__lam0p030__nu0p50__psi0p75,hardzero_plus_depr,0.03,33,1090,0.0,1,0.5162784,0.5162784,1.0356898,0.0,0.09211072,0.0,0.0,6.8505466e-13,-27.028004,2.278563,0.759521,0.15200001,0.0,0.1368252,32.67029,32.70029,3491200
hardzero_plus_depr__c0p52__z1p00__lam0p030__nu0p50__psi0p75,hardzero_plus_depr,0.03,33,1091,0.0,1,0.5162784,0.5162784,1.0753427,0.0,0.08407315,0.0,0.0,6.698136e-13,-28.07295,2.365801,0.7886004,0.15200001,0.0,0.17090645,32.70029,32.73029,3494400
hardzero_plus_depr__c0p52__z1p00__lam0p030__nu0p50__psi0p75,hardzero_plus_depr,0.03,33,1092,0.0,1,0.5162784,0.5162784,0.97167516,0.10673942,0.10673942,1.0,6.99049e-14,6.549117e-13,-26.468166,2.137728,0.71257603,0.17,0.0,0.15789457,32.73029,32.76029,3497600
hardzero_plus_depr__c0p52__z1p00__lam0p030__nu0p50__psi0p75,hardzero_plus_depr,0.03,33,1093,0.0,1,0.5162784,0.5162784,0.9860662,0.1032604,0.1032604,1.0,6.61219e-14,6.403413e-13,-27.046553,2.169389,0.7231297,0.18400002,0.0,0.12785415,32.76029,32.790287,3500800
hardzero_plus_depr__c0p52__z1p00__lam0p030__nu0p50__psi0p75,hardzero_plus_depr,0.03,33,1094,0.0,1,0.5162784,0.5162784,1.046704,0.0,0.089804046,0.0,0.0,6.2609515e-13,-26.518602,2.302795,0.76759833,0.112,0.0,0.13019924,32.790287,32.820286,3504000
hardzero_plus_depr__c0p52__z1p00__lam0p030__nu0p50__psi0p75,hardzero_plus_depr,0.03,33,1095,0.0,1,0.5162784,0.5162784,1.042338,0.0,0.090711415,0.0,0.0,6.1216575e-13,-27.748123,2.2931895,0.76439655,0.17600001,0.0,0.15886156,32.820286,32.850285,3507200
hardzero_plus_depr__c0p52__z1p00__lam0p030__nu0p50__psi0p75,hardzero_plus_depr,0.03,33,1096,0.0,1,0.5162784,0.5162784,1.0223854,0.0,0.094976164,0.0,0.0,5.985464e-13,-27.005394,2.2492926,0.7497642,0.224,0.0,0.14461237,32.850285,32.880283,3510400
hardzero_plus_depr__c0p52__z1p00__lam0p030__nu0p50__psi0p75,hardzero_plus_depr,0.03,33,1097,0.0,1,0.5162784,0.5162784,1.0050775,0.0,0.09883767,0.0,0.0,5.8523005e-13,-26.919476,2.2112145,0.7370715,0.14400001,0.0,0.14626797,32.880283,32.910282,3513600
hardzero_plus_depr__c0p52__z1p00__lam0p030__nu0p50__psi0p75,hardzero_plus_depr,0.03,33,1098,0.0,1,0.5162784,0.5162784,1.085227,0.0,0.082181305,0.0,0.0,5.722099e-13,-29.088657,2.387547,0.795849,0.17600001,0.008,0.15802483,32.910282,32.94028,3516800
hardzero_plus_depr__c0p52__z1p00__lam0p030__nu0p50__psi0p75,hardzero_plus_depr,0.03,33,1099,0.0,1,0.5162784,0.5162784,1.0289959,0.0,0.09354144,0.0,0.0,5.594795e-13,-26.923603,2.2638361,0.7546121,0.16800001,0.0,0.14317323,32.94028,32.97028,3520000
hardzero_plus_depr__c0p52__z1p00__lam0p030__nu0p50__psi0p75,hardzero_plus_depr,0.03,33,1100,0.0,1,0.5162784,0.5162784,1.0233591,0.0,0.09476346,0.0,0.0,5.4703225e-13,-27.274529,2.2514348,0.75047827,0.24800001,0.0,0.15012118,32.97028,33.00028,3523200
hardzero_plus_depr__c0p52__z1p00__lam0p030__nu0p50__psi0p75,hardzero_plus_depr,0.03,33,1101,0.0,1,0.5162784,0.5162784,1.05134,0.0,0.08885053,0.0,0.0,5.348619e-13,-28.087612,2.3129942,0.7709981,0.136,0.0,0.17232095,33.00028,33.030277,3526400
hardzero_plus_depr__c0p52__z1p00__lam0p030__nu0p50__psi0p75,hardzero_plus_depr,0.03,33,1102,0.0,1,0.5162784,0.5162784,0.97948956,0.10483598,0.10483598,1.0,5.4825278e-14,5.229624e-13,-26.2065,2.15492,0.7183067,0.128,0.0,0.11617821,33.030277,33.060276,3529600
hardzero_plus_depr__c0p52__z1p00__lam0p030__nu0p50__psi0p75,hardzero_plus_depr,0.03,33,1103,0.0,1,0.5162784,0.5162784,1.0269744,0.0,0.09397786,0.0,0.0,5.113276e-13,-27.113228,2.259389,0.75312966,0.17600001,0.0,0.17446384,33.060276,33.090275,3532800
hardzero_plus_depr__c0p52__z1p00__lam0p030__nu0p50__psi0p75,hardzero_plus_depr,0.03,33,1104,0.0,1,0.5162784,0.5162784,1.0257058,0.0,0.09425279,0.0,0.0,4.999517e-13,-27.857399,2.2565978,0.7521993,0.2,0.0,0.13874055,33.090275,33.120274,3536000
hardzero_plus_depr__c0p52__z1p00__lam0p030__nu0p50__psi0p75,hardzero_plus_depr,0.03,33,1105,0.0,1,0.5162784,0.5162784,0.99992687,0.10001683,0.10001683,1.0,4.889111e-14,4.888288e-13,-28.082697,2.199883,0.73329437,0.19999999,0.0,0.16219649,33.120274,33.150272,3539200
hardzero_plus_depr__c0p52__z1p00__lam0p030__nu0p50__psi0p75,hardzero_plus_depr,0.03,33,1106,0.0,1,0.5162784,0.5162784,1.0403544,0.0,0.091126695,0.0,0.0,4.779534e-13,-28.050993,2.2888253,0.7629418,0.18400002,0.0,0.14734963,33.150272,33.18027,3542400
hardzero_plus_depr__c0p52__z1p00__lam0p030__nu0p50__psi0p75,hardzero_plus_depr,0.03,33,1107,0.0,1,0.5162784,0.5162784,1.0319856,0.0,0.09289971,0.0,0.0,4.673199e-13,-27.481287,2.2704136,0.7568046,0.136,0.0,0.17561714,33.18027,33.21027,3545600
hardzero_plus_depr__c0p52__z1p00__lam0p030__nu0p50__psi0p75,hardzero_plus_depr,0.03,33,1108,0.0,1,0.5162784,0.5162784,1.0031072,0.0,0.09928711,0.0,0.0,4.569231e-13,-26.958399,2.2068799,0.73562664,0.112,0.0,0.13851954,33.21027,33.24027,3548800
hardzero_plus_depr__c0p52__z1p00__lam0p030__nu0p50__psi0p75,hardzero_plus_depr,0.03,33,1109,0.0,1,0.5162784,0.5162784,1.0042716,0.0,0.09902125,0.0,0.0,4.467575e-13,-26.862614,2.2094417,0.7364806,0.15200001,0.0,0.14088565,33.24027,33.270267,3552000
hardzero_plus_depr__c0p52__z1p00__lam0p030__nu0p50__psi0p75,hardzero_plus_depr,0.03,33,1110,0.0,1,0.5162784,0.5162784,1.0042539,0.0,0.09902528,0.0,0.0,4.3681812e-13,-27.34867,2.2094026,0.73646754,0.104,0.0,0.15966596,33.270267,33.300266,3555200
hardzero_plus_depr__c0p52__z1p00__lam0p030__nu0p50__psi0p75,hardzero_plus_depr,0.03,33,1111,0.0,1,0.5162784,0.5162784,1.036389,0.0,0.09196254,0.0,0.0,4.2709984e-13,-27.300581,2.2801013,0.7600338,0.120000005,0.0,0.13402197,33.300266,33.330265,3558400
hardzero_plus_depr__c0p52__z1p00__lam0p030__nu0p50__psi0p75,hardzero_plus_depr,0.03,33,1112,0.0,1,0.5162784,0.5162784,1.094741,0.0,0.08040055,0.0,0.0,4.175978e-13,-28.04403,2.4084783,0.8028261,0.08800001,0.0,0.1307316,33.330265,33.360264,3561600
hardzero_plus_depr__c0p52__z1p00__lam0p030__nu0p50__psi0p75,hardzero_plus_depr,0.03,33,1113,0.0,1,0.5162784,0.5162784,1.0127914,0.0,0.09709762,0.0,0.0,4.0830715e-13,-26.827227,2.2281857,0.7427286,0.16800001,0.0,0.14635012,33.360264,33.390263,3564800
hardzero_plus_depr__c0p52__z1p00__lam0p030__nu0p50__psi0p75,hardzero_plus_depr,0.03,33,1114,0.0,1,0.5162784,0.5162784,1.0004205,0.0,0.09990322,0.0,0.0,3.9922316e-13,-27.278809,2.200969,0.73365635,0.16800001,0.0,0.1478591,33.390263,33.42026,3568000
hardzero_plus_depr__c0p52__z1p00__lam0p030__nu0p50__psi0p75,hardzero_plus_depr,0.03,33,1115,0.0,1,0.5162784,0.5162784,0.9900214,0.10232426,0.10232426,1.0,3.9941388e-14,3.9034132e-13,-26.085115,2.1780906,0.72603023,0.16000001,0.0,0.13927718,33.42026,33.45026,3571200
hardzero_plus_depr__c0p52__z1p00__lam0p030__nu0p50__psi0p75,hardzero_plus_depr,0.03,33,1116,0.0,1,0.5162784,0.5162784,1.0380583,0.0,0.09160975,0.0,0.0,3.8165705e-13,-28.180779,2.283774,0.761258,0.136,0.0,0.16930436,33.45026,33.48026,3574400
hardzero_plus_depr__c0p52__z1p00__lam0p030__nu0p50__psi0p75,hardzero_plus_depr,0.03,33,1117,0.0,1,0.5162784,0.5162784,1.0220014,0.0,0.09506016,0.0,0.0,3.73166e-13,-27.592598,2.248448,0.74948263,0.16800001,0.0,0.18444814,33.48026,33.510258,3577600
hardzero_plus_depr__c0p52__z1p00__lam0p030__nu0p50__psi0p75,hardzero_plus_depr,0.03,33,1118,0.0,1,0.5162784,0.5162784,0.98604834,0.10326465,0.10326465,1.0,3.7677537e-14,3.6486385e-13,-25.8524,2.1693497,0.7231166,0.21,0.0,0.14811157,33.510258,33.540257,3580800
hardzero_plus_depr__c0p52__z1p00__lam0p030__nu0p50__psi0p75,hardzero_plus_depr,0.03,33,1119,0.0,1,0.5162784,0.5162784,1.0294662,0.0,0.09344023,0.0,0.0,3.567464e-13,-26.964045,2.264871,0.75495696,0.24800001,0.0,0.15860951,33.540257,33.570255,3584000
hardzero_plus_depr__c0p52__z1p00__lam0p030__nu0p50__psi0p75,hardzero_plus_depr,0.03,33,1120,0.0,1,0.5162784,0.5162784,1.0803579,0.0,0.08310786,0.0,0.0,3.4880955e-13,-28.472319,2.3768349,0.7922783,0.08800001,0.0,0.16641623,33.570255,33.600254,3587200
hardzero_plus_depr__c0p52__z1p00__lam0p030__nu0p50__psi0p75,hardzero_plus_depr,0.03,33,1121,0.0,1,0.5162784,0.5162784,1.0159603,0.0,0.0963917,0.0,0.0,3.410493e-13,-26.896841,2.2351573,0.74505246,0.15200001,0.0,0.14944199,33.600254,33.630253,3590400
hardzero_plus_depr__c0p52__z1p00__lam0p030__nu0p50__psi0p75,hardzero_plus_depr,0.03,33,1122,0.0,1,0.5162784,0.5162784,1.0472327,0.0,0.08969479,0.0,0.0,3.3346167e-13,-27.54049,2.3039582,0.76798606,0.17600001,0.0,0.1598208,33.630253,33.66025,3593600
hardzero_plus_depr__c0p52__z1p00__lam0p030__nu0p50__psi0p75,hardzero_plus_depr,0.03,33,1123,0.0,1,0.5162784,0.5162784,1.013609,0.0,0.09691498,0.0,0.0,3.2604285e-13,-26.743992,2.2299845,0.7433282,0.136,0.0,0.135664,33.66025,33.69025,3596800
hardzero_plus_depr__c0p52__z1p00__lam0p030__nu0p50__psi0p75,hardzero_plus_depr,0.03,33,1124,0.0,1,0.5162784,0.5162784,1.0186034,0.0,0.09580685,0.0,0.0,3.1878908e-13,-27.043861,2.2409723,0.7469908,0.224,0.0,0.16066325,33.69025,33.72025,3600000
hardzero_plus_depr__c0p52__z1p00__lam0p030__nu0p50__psi0p75,hardzero_plus_depr,0.03,33,1125,0.0,1,0.5162784,0.5162784,1.0702485,0.0,0.08506511,0.0,0.0,3.1169674e-13,-27.850574,2.3545938,0.7848646,0.112,0.0,0.1630014,33.72025,33.750248,3603200
hardzero_plus_depr__c0p52__z1p00__lam0p030__nu0p50__psi0p75,hardzero_plus_depr,0.03,33,1126,0.0,1,0.5162784,0.5162784,1.0773935,0.0,0.08367706,0.0,0.0,3.0476213e-13,-27.755205,2.3703132,0.7901044,0.15200001,0.0,0.15687828,33.750248,33.780247,3606400
hardzero_plus_depr__c0p52__z1p00__lam0p030__nu0p50__psi0p75,hardzero_plus_depr,0.03,33,1127,0.0,1,0.5162784,0.5162784,0.9831294,0.103961036,0.103961036,1.0,3.0978502e-14,2.9798185e-13,-26.72518,2.1629279,0.720976,0.15200001,0.0,0.17058934,33.780247,33.810246,3609600
hardzero_plus_depr__c0p52__z1p00__lam0p030__nu0p50__psi0p75,hardzero_plus_depr,0.03,33,1128,0.0,1,0.5162784,0.5162784,1.0813085,0.0,0.082926154,0.0,0.0,2.9135236e-13,-27.047678,2.378926,0.79297537,0.136,0.0,0.17810202,33.810246,33.840244,3612800
hardzero_plus_depr__c0p52__z1p00__lam0p030__nu0p50__psi0p75,hardzero_plus_depr,0.03,33,1129,0.0,1,0.5162784,0.5162784,1.0360069,0.0,0.09204348,0.0,0.0,2.848704e-13,-28.387201,2.2792609,0.75975364,0.14400001,0.0,0.17113534,33.840244,33.870243,3616000
hardzero_plus_depr__c0p52__z1p00__lam0p030__nu0p50__psi0p75,hardzero_plus_depr,0.03,33,1130,0.0,1,0.5162784,0.5162784,0.9640045,0.10864142,0.10864142,1.0,3.026018e-14,2.7853262e-13,-26.704872,2.1208522,0.7069508,0.2,0.0,0.1407805,33.870243,33.90024,3619200
hardzero_plus_depr__c0p52__z1p00__lam0p030__nu0p50__psi0p75,hardzero_plus_depr,0.03,33,1131,0.0,1,0.5162784,0.5162784,1.0128665,0.0,0.09708084,0.0,0.0,2.7233586e-13,-27.54226,2.2283509,0.74278367,0.13,0.0,0.116780706,33.90024,33.93024,3622400
hardzero_plus_depr__c0p52__z1p00__lam0p030__nu0p50__psi0p75,hardzero_plus_depr,0.03,33,1132,0.0,1,0.5162784,0.5162784,0.97702134,0.1054335,0.1054335,1.0,2.8074516e-14,2.66277e-13,-26.047836,2.1494899,0.71649665,0.16000001,0.008,0.14359732,33.93024,33.96024,3625600
hardzero_plus_depr__c0p52__z1p00__lam0p030__nu0p50__psi0p75,hardzero_plus_depr,0.03,33,1133,0.0,1,0.5162784,0.5162784,1.0189857,0.0,0.095722556,0.0,0.0,2.603529e-13,-27.3224,2.2418134,0.7472712,0.16800001,0.0,0.14810605,33.96024,33.99024,3628800
hardzero_plus_depr__c0p52__z1p00__lam0p030__nu0p50__psi0p75,hardzero_plus_depr,0.03,33,1134,0.0,1,0.5162784,0.5162784,0.94858986,0.112566754,0.112566754,1.0,2.865506e-14,2.545606e-13,-26.355827,2.0869393,0.69564646,0.192,0.0,0.1367253,33.99024,34.020237,3632000
hardzero_plus_depr__c0p52__z1p00__lam0p030__nu0p50__psi0p75,hardzero_plus_depr,0.03,33,1135,0.0,1,0.5162784,0.5162784,1.0757833,0.0,0.08398791,0.0,0.0,2.4889715e-13,-27.463364,2.3667705,0.7889235,0.16800001,0.0,0.14301555,34.020237,34.050236,3635200
hardzero_plus_depr__c0p52__z1p00__lam0p030__nu0p50__psi0p75,hardzero_plus_depr,0.03,33,1136,0.0,1,0.5162784,0.5162784,0.9853467,0.10343161,0.10343161,1.0,2.5171088e-14,2.4335972e-13,-26.343184,2.167806,0.722602,0.16000001,0.0,0.13262078,34.050236,34.080235,3638400
hardzero_plus_depr__c0p52__z1p00__lam0p030__nu0p50__psi0p75,hardzero_plus_depr,0.03,33,1137,0.0,1,0.5162784,0.5162784,1.0391182,0.0,0.09138645,0.0,0.0,2.3794546e-13,-27.11857,2.2861056,0.76203525,0.14400001,0.0,0.13794203,34.080235,34.110233,3641600
hardzero_plus_depr__c0p52__z1p00__lam0p030__nu0p50__psi0p75,hardzero_plus_depr,0.03,33,1138,0.0,1,0.5162784,0.5162784,1.0587871,0.0,0.08733992,0.0,0.0,2.3265173e-13,-27.337996,2.3293781,0.7764594,0.136,0.0,0.15432073,34.110233,34.140232,3644800
hardzero_plus_depr__c0p52__z1p00__lam0p030__nu0p50__psi0p75,hardzero_plus_depr,0.03,33,1139,0.0,1,0.5162784,0.5162784,1.0496373,0.0,0.089199565,0.0,0.0,2.2747573e-13,-27.813051,2.3092482,0.7697494,0.120000005,0.0,0.15017167,34.140232,34.17023,3648000
hardzero_plus_depr__c0p52__z1p00__lam0p030__nu0p50__psi0p75,hardzero_plus_depr,0.03,33,1140,0.0,1,0.5162784,0.5162784,1.0293487,0.0,0.09346549,0.0,0.0,2.2241487e-13,-27.610264,2.2646124,0.75487083,0.14400001,0.0,0.13693187,34.17023,34.20023,3651200
hardzero_plus_depr__c0p52__z1p00__lam0p030__nu0p50__psi0p75,hardzero_plus_depr,0.03,33,1141,0.0,1,0.5162784,0.5162784,1.0173304,0.0,0.09608808,0.0,0.0,2.1746662e-13,-27.200365,2.2381716,0.7460572,0.104,0.0,0.12990603,34.20023,34.23023,3654400
hardzero_plus_depr__c0p52__z1p00__lam0p030__nu0p50__psi0p75,hardzero_plus_depr,0.03,33,1142,0.0,1,0.5162784,0.5162784,1.054672,0.0,0.08817145,0.0,0.0,2.1262843e-13,-27.992947,2.3203247,0.77344155,0.136,0.0,0.16966046,34.23023,34.260227,3657600
hardzero_plus_depr__c0p52__z1p00__lam0p030__nu0p50__psi0p75,hardzero_plus_depr,0.03,33,1143,0.0,1,0.5162784,0.5162784,1.0400386,0.0,0.09119298,0.0,0.0,2.0789791e-13,-27.544575,2.2881305,0.7627102,0.120000005,0.0,0.15652032,34.260227,34.290226,3660800
hardzero_plus_depr__c0p52__z1p00__lam0p030__nu0p50__psi0p75,hardzero_plus_depr,0.03,33,1144,0.0,1,0.5162784,0.5162784,1.0154058,0.0,0.096514866,0.0,0.0,2.0327262e-13,-26.779394,2.2339373,0.7446458,0.22,0.0,0.1399218,34.290226,34.320225,3664000
hardzero_plus_depr__c0p52__z1p00__lam0p030__nu0p50__psi0p75,hardzero_plus_depr,0.03,33,1145,0.0,1,0.5162784,0.5162784,1.0472087,0.0,0.089699775,0.0,0.0,1.9875025e-13,-27.640863,2.303905,0.76796836,0.120000005,0.0,0.15528893,34.320225,34.350224,3667200
hardzero_plus_depr__c0p52__z1p00__lam0p030__nu0p50__psi0p75,hardzero_plus_depr,0.03,33,1146,0.0,1,0.5162784,0.5162784,1.0519228,0.0,0.08873137,0.0,0.0,1.9432847e-13,-28.31714,2.3142765,0.7714255,0.17600001,0.0,0.15875211,34.350224,34.380222,3670400
hardzero_plus_depr__c0p52__z1p00__lam0p030__nu0p50__psi0p75,hardzero_plus_depr,0.03,33,1147,0.0,1,0.5162784,0.5162784,1.026662,0.0,0.09404548,0.0,0.0,1.9000508e-13,-27.237318,2.2587016,0.75290054,0.128,0.0,0.15786369,34.380222,34.41022,3673600
hardzero_plus_depr__c0p52__z1p00__lam0p030__nu0p50__psi0p75,hardzero_plus_depr,0.03,33,1148,0.0,1,0.5162784,0.5162784,1.0555995,0.0,0.08798336,0.0,0.0,1.8577787e-13,-28.711063,2.322365,0.7741217,0.104,0.0,0.16682182,34.41022,34.44022,3676800
hardzero_plus_depr__c0p52__z1p00__lam0p030__nu0p50__psi0p75,hardzero_plus_depr,0.03,33,1149,0.0,1,0.5162784,0.5162784,1.023372,0.0,0.094760634,0.0,0.0,1.8164471e-13,-28.17085,2.2514634,0.7504878,0.224,0.0,0.13070783,34.44022,34.47022,3680000
hardzero_plus_depr__c0p52__z1p00__lam0p030__nu0p50__psi0p75,hardzero_plus_depr,0.03,33,1150,0.0,1,0.5162784,0.5162784,1.0004003,0.0,0.09990787,0.0,0.0,1.776035e-13,-27.633692,2.2009246,0.73364156,0.14400001,0.0,0.14203385,34.47022,34.500217,3683200
hardzero_plus_depr__c0p52__z1p00__lam0p030__nu0p50__psi0p75,hardzero_plus_depr,0.03,33,1151,0.0,1,0.5162784,0.5162784,1.0527353,0.0,0.08856552,0.0,0.0,1.736522e-13,-27.426407,2.316064,0.7720213,0.120000005,0.0,0.16599165,34.500217,34.530216,3686400
hardzero_plus_depr__c0p52__z1p00__lam0p030__nu0p50__psi0p75,hardzero_plus_depr,0.03,33,1152,0.0,1,0.5162784,0.5162784,1.0138074,0.0,0.09687074,0.0,0.0,1.697888e-13,-27.195372,2.2304208,0.74347365,0.16000001,0.0,0.1782043,34.530216,34.560215,3689600
hardzero_plus_depr__c0p52__z1p00__lam0p030__nu0p50__psi0p75,hardzero_plus_depr,0.03,33,1153,0.0,1,0.5162784,0.5162784,1.0357823,0.0,0.09209109,0.0,0.0,1.6601137e-13,-27.171198,2.2787666,0.7595889,0.08800001,0.0,0.15297307,34.560215,34.590214,3692800
hardzero_plus_depr__c0p52__z1p00__lam0p030__nu0p50__psi0p75,hardzero_plus_depr,0.03,33,1154,0.0,1,0.5162784,0.5162784,1.0511978,0.0,0.08887962,0.0,0.0,1.6231798e-13,-27.07899,2.3126812,0.77089375,0.104,0.0,0.14882325,34.590214,34.620213,3696000
hardzero_plus_depr__c0p52__z1p00__lam0p030__nu0p50__psi0p75,hardzero_plus_depr,0.03,33,1155,0.0,1,0.5162784,0.5162784,1.0369581,0.0,0.091842115,0.0,0.0,1.5870675e-13,-26.748482,2.2813535,0.7604512,0.120000005,0.0,0.11475674,34.620213,34.65021,3699200
hardzero_plus_depr__c0p52__z1p00__lam0p030__nu0p50__psi0p75,hardzero_plus_depr,0.03,33,1156,0.0,1,0.5162784,0.5162784,1.0169146,0.0,0.09618013,0.0,0.0,1.5517587e-13,-26.745306,2.2372568,0.7457523,0.120000005,0.008,0.11577489,34.65021,34.68021,3702400
hardzero_plus_depr__c0p52__z1p00__lam0p030__nu0p50__psi0p75,hardzero_plus_depr,0.03,33,1157,0.0,1,0.5162784,0.5162784,1.0252634,0.0,0.09434883,0.0,0.0,1.5172352e-13,-27.601566,2.2556245,0.75187486,0.16,0.0,0.16099337,34.68021,34.71021,3705600
hardzero_plus_depr__c0p52__z1p00__lam0p030__nu0p50__psi0p75,hardzero_plus_depr,0.03,33,1158,0.0,1,0.5162784,0.5162784,1.0416505,0.0,0.09085513,0.0,0.0,1.48348e-13,-27.473236,2.291677,0.76389235,0.136,0.0,0.14483407,34.71021,34.740208,3708800
hardzero_plus_depr__c0p52__z1p00__lam0p030__nu0p50__psi0p75,hardzero_plus_depr,0.03,33,1159,0.0,1,0.5162784,0.5162784,1.0619836,0.0,0.08669946,0.0,0.0,1.4504758e-13,-28.496122,2.3364105,0.7788035,0.128,0.0,0.1826172,34.740208,34.770206,3712000
hardzero_plus_depr__c0p52__z1p00__lam0p030__nu0p50__psi0p75,hardzero_plus_depr,0.03,33,1160,0.0,1,0.5162784,0.5162784,0.95143706,0.11183118,0.11183118,1.0,1.585996e-14,1.4182056e-13,-26.811329,2.0932033,0.6977345,0.2,0.0,0.14016944,34.770206,34.800205,3715200
hardzero_plus_depr__c0p52__z1p00__lam0p030__nu0p50__psi0p75,hardzero_plus_depr,0.03,33,1161,0.0,1,0.5162784,0.5162784,1.0361422,0.0,0.09201482,0.0,0.0,1.3866536e-13,-27.390244,2.2795584,0.7598528,0.128,0.0,0.13888112,34.800205,34.830204,3718400
hardzero_plus_depr__c0p52__z1p00__lam0p030__nu0p50__psi0p75,hardzero_plus_depr,0.03,33,1162,0.0,1,0.5162784,0.5162784,1.0728775,0.0,0.08455173,0.0,0.0,1.3558036e-13,-28.315123,2.3603778,0.78679264,0.08800001,0.0,0.1721078,34.830204,34.860203,3721600
hardzero_plus_depr__c0p52__z1p00__lam0p030__nu0p50__psi0p75,hardzero_plus_depr,0.03,33,1163,0.0,1,0.5162784,0.5162784,1.0613089,0.0,0.08683427,0.0,0.0,1.3256398e-13,-27.478565,2.3349261,0.77830875,0.096,0.0,0.16187692,34.860203,34.8902,3724800
hardzero_plus_depr__c0p52__z1p00__lam0p030__nu0p50__psi0p75,hardzero_plus_depr,0.03,33,1164,0.0,1,0.5162784,0.5162784,1.0232971,0.0,0.094776995,0.0,0.0,1.2961472e-13,-27.074688,2.2512984,0.75043285,0.16000001,0.0,0.17573988,34.8902,34.9202,3728000
hardzero_plus_depr__c0p52__z1p00__lam0p030__nu0p50__psi0p75,hardzero_plus_depr,0.03,33,1165,0.0,1,0.5162784,0.5162784,1.0392916,0.0,0.09134997,0.0,0.0,1.2673108e-13,-27.504692,2.2864873,0.76216245,0.15200001,0.0,0.17136765,34.9202,34.9502,3731200
hardzero_plus_depr__c0p52__z1p00__lam0p030__nu0p50__psi0p75,hardzero_plus_depr,0.03,33,1166,0.0,1,0.5162784,0.5162784,1.0373927,0.0,0.091750264,0.0,0.0,1.2391157e-13,-27.282078,2.2823095,0.76076984,0.2,0.008,0.13900425,34.9502,34.980198,3734400
hardzero_plus_depr__c0p52__z1p00__lam0p030__nu0p50__psi0p75,hardzero_plus_depr,0.03,33,1167,0.0,1,0.5162784,0.5162784,1.0178156,0.0,0.095980816,0.0,0.0,1.2115481e-13,-27.173347,2.239239,0.746413,0.16000001,0.0,0.1456116,34.980198,35.010197,3737600
hardzero_plus_depr__c0p52__z1p00__lam0p030__nu0p50__psi0p75,hardzero_plus_depr,0.03,33,1168,0.0,1,0.5162784,0.5162784,1.02045,0.0,0.09540035,0.0,0.0,1.1845937e-13,-27.127802,2.245035,0.748345,0.192,0.0,0.16251858,35.010197,35.040195,3740800
hardzero_plus_depr__c0p52__z1p00__lam0p030__nu0p50__psi0p75,hardzero_plus_depr,0.03,33,1169,0.0,1,0.5162784,0.5162784,1.0614896,0.0,0.086798124,0.0,0.0,1.1582391e-13,-27.958776,2.3353238,0.7784413,0.136,0.0,0.16945007,35.040195,35.070194,3744000
hardzero_plus_depr__c0p52__z1p00__lam0p030__nu0p50__psi0p75,hardzero_plus_depr,0.03,33,1170,0.0,1,0.5162784,0.5162784,0.9802541,0.10465161,0.10465161,1.0,1.1851488e-14,1.13247065e-13,-26.348782,2.1566021,0.7188674,0.17999999,0.0,0.13342774,35.070194,35.100193,3747200
hardzero_plus_depr__c0p52__z1p00__lam0p030__nu0p50__psi0p75,hardzero_plus_depr,0.03,33,1171,0.0,1,0.5162784,0.5162784,1.0584038,0.0,0.08741705,0.0,0.0,1.10727555e-13,-27.0316,2.3285348,0.7761783,0.128,0.0,0.15833005,35.100193,35.13019,3750400
hardzero_plus_depr__c0p52__z1p00__lam0p030__nu0p50__psi0p75,hardzero_plus_depr,0.03,33,1172,0.0,1,0.5162784,0.5162784,1.0553043,0.0,0.08804316,0.0,0.0,1.082641e-13,-28.023981,2.3217158,0.7739053,0.128,0.0,0.16082339,35.13019,35.16019,3753600
hardzero_plus_depr__c0p52__z1p00__lam0p030__nu0p50__psi0p75,hardzero_plus_depr,0.03,33,1173,0.0,1,0.5162784,0.5162784,0.97400403,0.10616855,0.10616855,1.0,1.123852e-14,1.05855456e-13,-26.027212,2.1428516,0.7142839,0.216,0.0,0.15048936,35.16019,35.19019,3756800
hardzero_plus_depr__c0p52__z1p00__lam0p030__nu0p50__psi0p75,hardzero_plus_depr,0.03,33,1174,0.0,1,0.5162784,0.5162784,1.025706,0.0,0.094252735,0.0,0.0,1.035004e-13,-27.174578,2.2565985,0.75219953,0.18400002,0.0,0.15401211,35.19019,35.22019,3760000
hardzero_plus_depr__c0p52__z1p00__lam0p030__nu0p50__psi0p75,hardzero_plus_depr,0.03,33,1175,0.0,1,0.5162784,0.5162784,1.0772593,0.0,0.083702944,0.0,0.0,1.0119774e-13,-28.227224,2.3700178,0.7900059,0.14400001,0.008,0.16366073,35.22019,35.250187,3763200
hardzero_plus_depr__c0p52__z1p00__lam0p030__nu0p50__psi0p75,hardzero_plus_depr,0.03,33,1176,0.0,1,0.5162784,0.5162784,1.0552421,0.0,0.08805579,0.0,0.0,9.8946296e-14,-28.613283,2.321579,0.7738597,0.17600001,0.0,0.19024016,35.250187,35.280186,3766400
hardzero_plus_depr__c0p52__z1p00__lam0p030__nu0p50__psi0p75,hardzero_plus_depr,0.03,33,1177,0.0,1,0.5162784,0.5162784,1.0358454,0.0,0.09207772,0.0,0.0,9.674496e-14,-28.22438,2.2789054,0.75963515,0.15200001,0.0,0.15649274,35.280186,35.310184,3769600
hardzero_plus_depr__c0p52__z1p00__lam0p030__nu0p50__psi0p75,hardzero_plus_depr,0.03,33,1178,0.0,1,0.5162784,0.5162784,1.0066242,0.0,0.09848629,0.0,0.0,9.4592594e-14,-26.949911,2.2146175,0.73820585,0.18400002,0.0,0.1443132,35.310184,35.340183,3772800
hardzero_plus_depr__c0p52__z1p00__lam0p030__nu0p50__psi0p75,hardzero_plus_depr,0.03,33,1179,0.0,1,0.5162784,0.5162784,1.0079274,0.0,0.098191194,0.0,0.0,9.248811e-14,-26.845505,2.2174845,0.7391615,0.16800001,0.0,0.13431554,35.340183,35.370182,3776000
hardzero_plus_depr__c0p52__z1p00__lam0p030__nu0p50__psi0p75,hardzero_plus_depr,0.03,33,1180,0.0,1,0.5162784,0.5162784,1.0632225,0.0,0.08645248,0.0,0.0,9.0430444e-14,-27.525635,2.3391364,0.77971214,0.14400001,0.0,0.14499304,35.370182,35.40018,3779200
hardzero_plus_depr__c0p52__z1p00__lam0p030__nu0p50__psi0p75,hardzero_plus_depr,0.03,33,1181,0.0,1,0.5162784,0.5162784,0.9667219,0.10796377,0.10796377,1.0,9.546001e-15,8.8418564e-14,-26.363615,2.1268306,0.70894355,0.15200001,0.0,0.15323062,35.40018,35.43018,3782400
hardzero_plus_depr__c0p52__z1p00__lam0p030__nu0p50__psi0p75,hardzero_plus_depr,0.03,33,1182,0.0,1,0.5162784,0.5162784,1.047246,0.0,0.08969208,0.0,0.0,8.6451435e-14,-27.173384,2.3039873,0.7679958,0.16000001,0.0,0.17097124,35.43018,35.46018,3785600
hardzero_plus_depr__c0p52__z1p00__lam0p030__nu0p50__psi0p75,hardzero_plus_depr,0.03,33,1183,0.0,1,0.5162784,0.5162784,1.0031923,0.0,0.09926765,0.0,0.0,8.4528074e-14,-26.657583,2.207067,0.73568904,0.14999999,0.0,0.14724283,35.46018,35.490177,3788800
hardzero_plus_depr__c0p52__z1p00__lam0p030__nu0p50__psi0p75,hardzero_plus_depr,0.03,33,1184,0.0,1,0.5162784,0.5162784,1.0471263,0.0,0.08971678,0.0,0.0,8.26475e-14,-27.430847,2.3037238,0.767908,0.136,0.0,0.14526603,35.490177,35.520176,3792000
hardzero_plus_depr__c0p52__z1p00__lam0p030__nu0p50__psi0p75,hardzero_plus_depr,0.03,33,1185,0.0,1,0.5162784,0.5162784,1.0559897,0.0,0.087904334,0.0,0.0,8.080877e-14,-27.184551,2.3232238,0.774408,0.120000005,0.0,0.14808403,35.520176,35.550175,3795200
hardzero_plus_depr__c0p52__z1p00__lam0p030__nu0p50__psi0p75,hardzero_plus_depr,0.03,33,1186,0.0,1,0.5162784,0.5162784,1.0315411,0.0,0.09299485,0.0,0.0,7.901095e-14,-26.905838,2.2694356,0.75647855,0.080000006,0.0,0.12982447,35.550175,35.580173,3798400
hardzero_plus_depr__c0p52__z1p00__lam0p030__nu0p50__psi0p75,hardzero_plus_depr,0.03,33,1187,0.0,1,0.5162784,0.5162784,0.9781349,0.10516353,0.10516353,1.0,8.1242115e-15,7.7253125e-14,-26.296803,2.1519396,0.71731323,0.23200001,0.0,0.12978174,35.580173,35.610172,3801600
hardzero_plus_depr__c0p52__z1p00__lam0p030__nu0p50__psi0p75,hardzero_plus_depr,0.03,33,1188,0.0,1,0.5162784,0.5162784,1.0397731,0.0,0.09124874,0.0,0.0,7.5534414e-14,-27.540562,2.2875466,0.76251554,0.17600001,0.0,0.14683035,35.610172,35.64017,3804800
hardzero_plus_depr__c0p52__z1p00__lam0p030__nu0p50__psi0p75,hardzero_plus_depr,0.03,33,1189,0.0,1,0.5162784,0.5162784,1.0000726,0.0,0.09998328,0.0,0.0,7.385393e-14,-26.81389,2.2002037,0.73340124,0.104,0.0,0.15518957,35.64017,35.67017,3808000
hardzero_plus_depr__c0p52__z1p00__lam0p030__nu0p50__psi0p75,hardzero_plus_depr,0.03,33,1190,0.0,1,0.5162784,0.5162784,1.0605857,0.0,0.08697897,0.0,0.0,7.221084e-14,-27.764742,2.3333352,0.7777784,0.14400001,0.0,0.15147313,35.67017,35.70017,3811200
hardzero_plus_depr__c0p52__z1p00__lam0p030__nu0p50__psi0p75,hardzero_plus_depr,0.03,33,1191,0.0,1,0.5162784,0.5162784,1.0547919,0.0,0.08814711,0.0,0.0,7.06043e-14,-26.930277,2.3205886,0.7735295,0.2,0.008,0.1330431,35.70017,35.730167,3814400
hardzero_plus_depr__c0p52__z1p00__lam0p030__nu0p50__psi0p75,hardzero_plus_depr,0.03,33,1192,0.0,1,0.5162784,0.5162784,0.978095,0.105173185,0.105173185,1.0,7.260474e-15,6.903351e-14,-26.728775,2.151852,0.71728396,0.208,0.0,0.16464205,35.730167,35.760166,3817600
hardzero_plus_depr__c0p52__z1p00__lam0p030__nu0p50__psi0p75,hardzero_plus_depr,0.03,33,1193,0.0,1,0.5162784,0.5162784,1.0254484,0.0,0.09430867,0.0,0.0,6.749766e-14,-27.525442,2.2560315,0.7520105,0.17600001,0.0,0.16108043,35.760166,35.790165,3820800
hardzero_plus_depr__c0p52__z1p00__lam0p030__nu0p50__psi0p75,hardzero_plus_depr,0.03,33,1194,0.0,1,0.5162784,0.5162784,1.0552942,0.0,0.088045225,0.0,0.0,6.599598e-14,-28.213493,2.3216934,0.7738978,0.17600001,0.0,0.13179812,35.790165,35.820164,3824000
hardzero_plus_depr__c0p52__z1p00__lam0p030__nu0p50__psi0p75,hardzero_plus_depr,0.03,33,1195,0.0,1,0.5162784,0.5162784,1.0264764,0.0,0.0940857,0.0,0.0,6.452771e-14,-27.185083,2.2582932,0.7527644,0.14400001,0.0,0.13626409,35.820164,35.850163,3827200
hardzero_plus_depr__c0p52__z1p00__lam0p030__nu0p50__psi0p75,hardzero_plus_depr,0.03,33,1196,0.0,1,0.5162784,0.5162784,1.0321509,0.0,0.09286437,0.0,0.0,6.30921e-14,-26.703485,2.2707772,0.75692576,0.14999999,0.0,0.15179454,35.850163,35.88016,3830400
hardzero_plus_depr__c0p52__z1p00__lam0p030__nu0p50__psi0p75,hardzero_plus_depr,0.03,33,1197,0.0,1,0.5162784,0.5162784,1.0502625,0.0,0.089071244,0.0,0.0,6.168844e-14,-27.633837,2.3106234,0.7702078,0.128,0.0,0.13727522,35.88016,35.91016,3833600
hardzero_plus_depr__c0p52__z1p00__lam0p030__nu0p50__psi0p75,hardzero_plus_depr,0.03,33,1198,0.0,1,0.5162784,0.5162784,1.0451586,0.0,0.09012419,0.0,0.0,6.0316e-14,-27.531578,2.2993948,0.76646495,0.2,0.0,0.16740423,35.91016,35.94016,3836800
hardzero_plus_depr__c0p52__z1p00__lam0p030__nu0p50__psi0p75,hardzero_plus_depr,0.03,33,1199,0.0,1,0.5162784,0.5162784,1.0628866,0.0,0.08651937,0.0,0.0,5.89741e-14,-27.358692,2.3383973,0.7794658,0.112,0.0,0.14424619,35.94016,35.970158,3840000
hardzero_plus_depr__c0p52__z1p00__lam0p030__nu0p50__psi0p75,hardzero_plus_depr,0.03,33,1200,0.0,1,0.5162784,0.5162784,1.009421,0.0,0.0978541,0.0,0.0,5.766205e-14,-27.250782,2.2207706,0.7402569,0.15200001,0.0,0.13617074,35.970158,36.000156,3843200
hardzero_plus_depr__c0p52__z1p00__lam0p030__nu0p50__psi0p75,hardzero_plus_depr,0.03,33,1201,0.0,1,0.5162784,0.5162784,1.0380481,0.0,0.09161189,0.0,0.0,5.6379197e-14,-27.274874,2.2837515,0.7612505,0.17600001,0.0,0.153166,36.000156,36.030155,3846400
hardzero_plus_depr__c0p52__z1p00__lam0p030__nu0p50__psi0p75,hardzero_plus_depr,0.03,33,1202,0.0,1,0.5162784,0.5162784,1.0482122,0.0,0.08949273,0.0,0.0,5.5124874e-14,-27.293629,2.3061128,0.7687043,0.224,0.008,0.14562225,36.030155,36.060154,3849600
hardzero_plus_depr__c0p52__z1p00__lam0p030__nu0p50__psi0p75,hardzero_plus_depr,0.03,33,1203,0.0,1,0.5162784,0.5162784,1.0147387,0.0,0.09666324,0.0,0.0,5.3898465e-14,-27.029375,2.2324698,0.7441566,0.16800001,0.0,0.16536205,36.060154,36.090153,3852800
hardzero_plus_depr__c0p52__z1p00__lam0p030__nu0p50__psi0p75,hardzero_plus_depr,0.03,33,1204,0.0,1,0.5162784,0.5162784,1.0157139,0.0,0.09644641,0.0,0.0,5.2699344e-14,-26.239693,2.2346153,0.7448718,0.18400002,0.0,0.13626832,36.090153,36.12015,3856000
hardzero_plus_depr__c0p52__z1p00__lam0p030__nu0p50__psi0p75,hardzero_plus_depr,0.03,33,1205,0.0,1,0.5162784,0.5162784,1.0016637,0.0,0.09961766,0.0,0.0,5.1526895e-14,-27.254593,2.203704,0.73456806,0.18400002,0.0,0.15793747,36.12015,36.15015,3859200
hardzero_plus_depr__c0p52__z1p00__lam0p030__nu0p50__psi0p75,hardzero_plus_depr,0.03,33,1206,0.0,1,0.5162784,0.5162784,0.9634774,0.10877338,0.10877338,1.0,5.4800605e-15,5.038053e-14,-26.058294,2.1196926,0.7065642,0.192,0.0,0.12117394,36.15015,36.18015,3862400
hardzero_plus_depr__c0p52__z1p00__lam0p030__nu0p50__psi0p75,hardzero_plus_depr,0.03,33,1207,0.0,1,0.5162784,0.5162784,1.0246025,0.0,0.094492525,0.0,0.0,4.9259672e-14,-28.107954,2.2541707,0.7513902,0.16000001,0.0,0.12746432,36.18015,36.210148,3865600
hardzero_plus_depr__c0p52__z1p00__lam0p030__nu0p50__psi0p75,hardzero_plus_depr,0.03,33,1208,0.0,1,0.5162784,0.5162784,1.0233216,0.0,0.09477164,0.0,0.0,4.8163747e-14,-27.409706,2.2513525,0.75045085,0.17600001,0.0,0.15849707,36.210148,36.240147,3868800
hardzero_plus_depr__c0p52__z1p00__lam0p030__nu0p50__psi0p75,hardzero_plus_depr,0.03,33,1209,0.0,1,0.5162784,0.5162784,1.0895857,0.0,0.08136063,0.0,0.0,4.709221e-14,-27.989614,2.3971364,0.7990455,0.14,0.0,0.13173282,36.240147,36.270145,3872000
hardzero_plus_depr__c0p52__z1p00__lam0p030__nu0p50__psi0p75,hardzero_plus_depr,0.03,33,1210,0.0,1,0.5162784,0.5162784,1.023202,0.0,0.09479776,0.0,0.0,4.6044508e-14,-26.74293,2.2510893,0.7503631,0.104,0.0,0.13493617,36.270145,36.300144,3875200
hardzero_plus_depr__c0p52__z1p00__lam0p030__nu0p50__psi0p75,hardzero_plus_depr,0.03,33,1211,0.0,1,0.5162784,0.5162784,1.0330327,0.0,0.092676006,0.0,0.0,4.5020113e-14,-27.772095,2.2727172,0.7575724,0.14400001,0.0,0.13799344,36.300144,36.330143,3878400
hardzero_plus_depr__c0p52__z1p00__lam0p030__nu0p50__psi0p75,hardzero_plus_depr,0.03,33,1212,0.0,1,0.5162784,0.5162784,1.0310565,0.0,0.09309866,0.0,0.0,4.4018517e-14,-26.996786,2.2683697,0.75612324,0.16000001,0.0,0.1467081,36.330143,36.36014,3881600
hardzero_plus_depr__c0p52__z1p00__lam0p030__nu0p50__psi0p75,hardzero_plus_depr,0.03,33,1213,0.0,1,0.5162784,0.5162784,1.0050794,0.0,0.09883725,0.0,0.0,4.3039194e-14,-27.309252,2.2112188,0.73707294,0.104,0.0,0.1326703,36.36014,36.39014,3884800
hardzero_plus_depr__c0p52__z1p00__lam0p030__nu0p50__psi0p75,hardzero_plus_depr,0.03,33,1214,0.0,1,0.5162784,0.5162784,1.0583252,0.0,0.08743289,0.0,0.0,4.2081667e-14,-27.226242,2.328362,0.77612066,0.112,0.0,0.119594194,36.39014,36.42014,3888000
hardzero_plus_depr__c0p52__z1p00__lam0p030__nu0p50__psi0p75,hardzero_plus_depr,0.03,33,1215,0.0,1,0.5162784,0.5162784,1.0595871,0.0,0.0871792,0.0,0.0,4.1145435e-14,-28.378578,2.3311381,0.7770461,0.14400001,0.0,0.14432001,36.42014,36.450138,3891200
hardzero_plus_depr__c0p52__z1p00__lam0p030__nu0p50__psi0p75,hardzero_plus_depr,0.03,33,1216,0.0,1,0.5162784,0.5162784,0.97918725,0.104908995,0.104908995,1.0,4.2204933e-15,4.0230043e-14,-26.640245,2.154255,0.718085,0.24000001,0.0,0.1468467,36.450138,36.480137,3894400
hardzero_plus_depr__c0p52__z1p00__lam0p030__nu0p50__psi0p75,hardzero_plus_depr,0.03,33,1217,0.0,1,0.5162784,0.5162784,0.9567016,0.11048375,0.11048375,1.0,4.345879e-15,3.9335007e-14,-26.085728,2.1047854,0.7015952,0.23200001,0.0,0.14161557,36.480137,36.510136,3897600
hardzero_plus_depr__c0p52__z1p00__lam0p030__nu0p50__psi0p75,hardzero_plus_depr,0.03,33,1218,0.0,1,0.5162784,0.5162784,1.0607816,0.0,0.086939745,0.0,0.0,3.845989e-14,-28.024506,2.3337662,0.7779221,0.15200001,0.0,0.17909913,36.510136,36.540134,3900800
hardzero_plus_depr__c0p52__z1p00__lam0p030__nu0p50__psi0p75,hardzero_plus_depr,0.03,33,1219,0.0,1,0.5162784,0.5162784,1.0295317,0.0,0.09342611,0.0,0.0,3.7604234e-14,-26.614218,2.265015,0.755005,0.16800001,0.0,0.14739177,36.540134,36.570133,3904000
hardzero_plus_depr__c0p52__z1p00__lam0p030__nu0p50__psi0p75,hardzero_plus_depr,0.03,33,1220,0.0,1,0.5162784,0.5162784,1.0110422,0.0,0.097489476,0.0,0.0,3.6767623e-14,-26.657213,2.2243373,0.7414458,0.16800001,0.0,0.1507107,36.570133,36.600132,3907200
hardzero_plus_depr__c0p52__z1p00__lam0p030__nu0p50__psi0p75,hardzero_plus_depr,0.03,33,1221,0.0,1,0.5162784,0.5162784,1.0215398,0.0,0.09516125,0.0,0.0,3.594962e-14,-27.794407,2.2474325,0.7491442,0.18400002,0.0,0.15091884,36.600132,36.63013,3910400
hardzero_plus_depr__c0p52__z1p00__lam0p030__nu0p50__psi0p75,hardzero_plus_depr,0.03,33,1222,0.0,1,0.5162784,0.5162784,1.0393053,0.0,0.091347076,0.0,0.0,3.5149817e-14,-26.94183,2.2865174,0.76217246,0.13,0.0,0.14477374,36.63013,36.66013,3913600
hardzero_plus_depr__c0p52__z1p00__lam0p030__nu0p50__psi0p75,hardzero_plus_depr,0.03,33,1223,0.0,1,0.5162784,0.5162784,1.0105983,0.0,0.09758917,0.0,0.0,3.4367806e-14,-27.310574,2.2233608,0.7411203,0.216,0.0,0.13081,36.66013,36.69013,3916800
hardzero_plus_depr__c0p52__z1p00__lam0p030__nu0p50__psi0p75,hardzero_plus_depr,0.03,33,1224,0.0,1,0.5162784,0.5162784,1.064762,0.0,0.08614656,0.0,0.0,3.36032e-14,-28.543673,2.342523,0.78084105,0.128,0.0,0.14528565,36.69013,36.720127,3920000
hardzero_plus_depr__c0p52__z1p00__lam0p030__nu0p50__psi0p75,hardzero_plus_depr,0.03,33,1225,0.0,1,0.5162784,0.5162784,1.018172,0.0,0.09590206,0.0,0.0,3.2855598e-14,-27.415657,2.2400231,0.7466744,0.18400002,0.0,0.144514,36.720127,36.750126,3923200
hardzero_plus_depr__c0p52__z1p00__lam0p030__nu0p50__psi0p75,hardzero_plus_depr,0.03,33,1226,0.0,1,0.5162784,0.5162784,1.0455214,0.0,0.09004894,0.0,0.0,3.2124636e-14,-27.586092,2.3001928,0.76673096,0.136,0.0,0.16255227,36.750126,36.780125,3926400
hardzero_plus_depr__c0p52__z1p00__lam0p030__nu0p50__psi0p75,hardzero_plus_depr,0.03,33,1227,0.0,1,0.5162784,0.5162784,1.0281795,0.0,0.09371744,0.0,0.0,3.140993e-14,-27.943775,2.2620401,0.7540134,0.192,0.0,0.14803034,36.780125,36.810123,3929600
hardzero_plus_depr__c0p52__z1p00__lam0p030__nu0p50__psi0p75,hardzero_plus_depr,0.03,33,1228,0.0,1,0.5162784,0.5162784,1.0114833,0.0,0.09739052,0.0,0.0,3.0711128e-14,-26.538729,2.2253077,0.74176925,0.216,0.0,0.14029233,36.810123,36.840122,3932800
hardzero_plus_depr__c0p52__z1p00__lam0p030__nu0p50__psi0p75,hardzero_plus_depr,0.03,33,1229,0.0,1,0.5162784,0.5162784,1.0057584,0.0,0.09868283,0.0,0.0,3.0027867e-14,-26.78076,2.2127128,0.73757094,0.224,0.0,0.14302206,36.840122,36.87012,3936000
hardzero_plus_depr__c0p52__z1p00__lam0p030__nu0p50__psi0p75,hardzero_plus_depr,0.03,33,1230,0.0,1,0.5162784,0.5162784,1.0205549,0.0,0.09537731,0.0,0.0,2.9359812e-14,-27.489346,2.2452655,0.74842185,0.136,0.0,0.16467471,36.87012,36.90012,3939200
hardzero_plus_depr__c0p52__z1p00__lam0p030__nu0p50__psi0p75,hardzero_plus_depr,0.03,33,1231,0.0,1,0.5162784,0.5162784,0.9734471,0.1063048,0.1063048,1.0,3.0516513e-15,2.8706617e-14,-26.33995,2.1416264,0.7138755,0.23200001,0.0,0.17014179,36.90012,36.93012,3942400
hardzero_plus_depr__c0p52__z1p00__lam0p030__nu0p50__psi0p75,hardzero_plus_depr,0.03,33,1232,0.0,1,0.5162784,0.5162784,1.0217563,0.0,0.09511383,0.0,0.0,2.8067958e-14,-26.733124,2.2479088,0.749303,0.16000001,0.0,0.15297174,36.93012,36.960117,3945600
hardzero_plus_depr__c0p52__z1p00__lam0p030__nu0p50__psi0p75,hardzero_plus_depr,0.03,33,1233,0.0,1,0.5162784,0.5162784,1.0075004,0.0,0.09828779,0.0,0.0,2.7443507e-14,-26.852076,2.216545,0.7388484,0.16800001,0.0,0.12789963,36.960117,36.990116,3948800
hardzero_plus_depr__c0p52__z1p00__lam0p030__nu0p50__psi0p75,hardzero_plus_depr,0.03,33,1234,0.0,1,0.5162784,0.5162784,1.0025067,0.0,0.09942447,0.0,0.0,2.6832945e-14,-26.708406,2.2055588,0.7351863,0.136,0.0,0.15785334,36.990116,37.020115,3952000
hardzero_plus_depr__c0p52__z1p00__lam0p030__nu0p50__psi0p75,hardzero_plus_depr,0.03,33,1235,0.0,1,0.5162784,0.5162784,1.0601004,0.0,0.0870762,0.0,0.0,2.6235971e-14,-27.592907,2.3322675,0.77742255,0.14999999,0.0,0.14594546,37.020115,37.050114,3955200
hardzero_plus_depr__c0p52__z1p00__lam0p030__nu0p50__psi0p75,hardzero_plus_depr,0.03,33,1236,0.0,1,0.5162784,0.5162784,1.0472038,0.0,0.08970077,0.0,0.0,2.5652276e-14,-27.251505,2.3038943,0.7679648,0.136,0.0,0.1457367,37.050114,37.080112,3958400
hardzero_plus_depr__c0p52__z1p00__lam0p030__nu0p50__psi0p75,hardzero_plus_depr,0.03,33,1237,0.0,1,0.5162784,0.5162784,1.0419426,0.0,0.09079405,0.0,0.0,2.5081567e-14,-27.01815,2.2923195,0.7641065,0.128,0.0,0.13975401,37.080112,37.11011,3961600
hardzero_plus_depr__c0p52__z1p00__lam0p030__nu0p50__psi0p75,hardzero_plus_depr,0.03,33,1238,0.0,1,0.5162784,0.5162784,0.9735407,0.10628189,0.10628189,1.0,2.60641e-15,2.4523555e-14,-26.243982,2.1418324,0.71394414,0.15200001,0.0,0.13642192,37.11011,37.14011,3964800
hardzero_plus_depr__c0p52__z1p00__lam0p030__nu0p50__psi0p75,hardzero_plus_depr,0.03,33,1239,0.0,1,0.5162784,0.5162784,1.0240862,0.0,0.09460492,0.0,0.0,2.397796e-14,-27.386984,2.2530348,0.7510116,0.17600001,0.0,0.14085704,37.14011,37.17011,3968000
hardzero_plus_depr__c0p52__z1p00__lam0p030__nu0p50__psi0p75,hardzero_plus_depr,0.03,33,1240,0.0,1,0.5162784,0.5162784,1.0084113,0.0,0.098081864,0.0,0.0,2.34445e-14,-26.634497,2.218549,0.7395164,0.120000005,0.0,0.15879077,37.17011,37.200108,3971200
hardzero_plus_depr__c0p52__z1p00__lam0p030__nu0p50__psi0p75,hardzero_plus_depr,0.03,33,1241,0.0,1,0.5162784,0.5162784,1.0259637,0.0,0.09419685,0.0,0.0,2.2922912e-14,-27.355759,2.2571652,0.7523884,0.18400002,0.0,0.12986061,37.200108,37.230106,3974400
hardzero_plus_depr__c0p52__z1p00__lam0p030__nu0p50__psi0p75,hardzero_plus_depr,0.03,33,1242,0.0,1,0.5162784,0.5162784,1.036606,0.0,0.09191662,0.0,0.0,2.2412924e-14,-27.910095,2.2805786,0.7601929,0.15200001,0.0,0.16391459,37.230106,37.260105,3977600
hardzero_plus_depr__c0p52__z1p00__lam0p030__nu0p50__psi0p75,hardzero_plus_depr,0.03,33,1243,0.0,1,0.5162784,0.5162784,1.0792123,0.0,0.083327375,0.0,0.0,2.1914286e-14,-27.195684,2.3743145,0.7914382,0.136,0.0,0.17798504,37.260105,37.290104,3980800
hardzero_plus_depr__c0p52__z1p00__lam0p030__nu0p50__psi0p75,hardzero_plus_depr,0.03,33,1244,0.0,1,0.5162784,0.5162784,1.0600307,0.0,0.087090194,0.0,0.0,2.1426739e-14,-28.038376,2.3321142,0.7773714,0.104,0.0,0.1719406,37.290104,37.320103,3984000
hardzero_plus_depr__c0p52__z1p00__lam0p030__nu0p50__psi0p75,hardzero_plus_depr,0.03,33,1245,0.0,1,0.5162784,0.5162784,1.0355128,0.0,0.09214826,0.0,0.0,2.095004e-14,-27.392439,2.2781737,0.75939125,0.16800001,0.0,0.16129795,37.320103,37.3501,3987200
hardzero_plus_depr__c0p52__z1p00__lam0p030__nu0p50__psi0p75,hardzero_plus_depr,0.03,33,1246,0.0,1,0.5162784,0.5162784,1.0177867,0.0,0.09598718,0.0,0.0,2.0483945e-14,-26.609388,2.2391756,0.7463919,0.192,0.0,0.122481994,37.3501,37.3801,3990400
hardzero_plus_depr__c0p52__z1p00__lam0p030__nu0p50__psi0p75,hardzero_plus_depr,0.03,33,1247,0.0,1,0.5162784,0.5162784,1.0581694,0.0,0.08746425,0.0,0.0,2.0028221e-14,-27.860891,2.3280191,0.7760064,0.16800001,0.0,0.19286776,37.3801,37.4101,3993600
hardzero_plus_depr__c0p52__z1p00__lam0p030__nu0p50__psi0p75,hardzero_plus_depr,0.03,33,1248,0.0,1,0.5162784,0.5162784,1.0154601,0.0,0.09650278,0.0,0.0,1.9582636e-14,-27.476557,2.234057,0.74468565,0.19999999,0.0,0.16149148,37.4101,37.440098,3996800
hardzero_plus_depr__c0p52__z1p00__lam0p030__nu0p50__psi0p75,hardzero_plus_depr,0.03,33,1249,0.0,1,0.5162784,0.5162784,0.98158807,0.10433066,0.10433066,1.0,1.9976156e-15,1.9146966e-14,-27.032078,2.1595368,0.71984565,0.14400001,0.0,0.12514763,37.440098,37.470097,4000000
