condition,phase,family,metric_horizon,alpha,c_upd,seed,update,update_u,update_counter,opt_step,energy_E_pre,energy_E_raw,energy_E_post,funding_z,funding_g,funding_income,support_s,debt_charge,debt_level_pre,debt_level_post,episode_return_end_mean,episode_len_end_mean,terminal_min_dists_end_mean,terminal_dbar_end,terminal_occupied_end_mean,terminal_CSR_train,terminal_done_count_end,vartd_VarTD,actor_loss,critic_loss,entropy,total_loss,ratio0,eval_return_end_mean_cp,eval_csr_cp,eval_dbar_end_cp,eval_checkpoint_flag
anchor_fragile_full__base__t1m__a0p00__c0p58,reproduce_baseline,base,full,0.0,0.58,53,0,1.0,1,16,1.0,0.42000002,0.42000002,1.016897,0.09618403,0.0,0.0,0.0,0.0,0.0,-27.29129,26.0,2.237218,0.74573934,0.17,0.0,100,0.16488466,-0.0010959309,53.67255,1.6092222,26.819088,1.0,,,,0
anchor_fragile_full__base__t1m__a0p00__c0p58,reproduce_baseline,base,full,0.0,0.58,53,1,0.0,1,16,0.42000002,0.42000002,0.42000002,0.9989711,0.1002372,0.0,0.0,0.0,0.0,0.0,-26.699919,26.000002,2.1977804,0.7325935,0.15200001,0.0,125,0.14461578,,,,,,,,,0
anchor_fragile_full__base__t1m__a0p00__c0p58,reproduce_baseline,base,full,0.0,0.58,53,2,0.0,1,16,0.42000002,0.42000002,0.42000002,0.9722444,0.10659962,0.0,0.0,0.0,0.0,0.0,-25.657452,26.000002,2.1389804,0.7129935,0.18400002,0.0,125,0.12171873,,,,,,,,,0
anchor_fragile_full__base__t1m__a0p00__c0p58,reproduce_baseline,base,full,0.0,0.58,53,3,0.0,1,16,0.42000002,0.42000002,0.42000002,0.99661213,0.10078313,0.0,0.0,0.0,0.0,0.0,-27.406658,26.000002,2.1925905,0.7308635,0.136,0.0,125,0.14578564,,,,,,,,,0
anchor_fragile_full__base__t1m__a0p00__c0p58,reproduce_baseline,base,full,0.0,0.58,53,4,0.0,1,16,0.42000002,0.42000002,0.42000002,0.93765134,0.115437955,0.0,0.0,0.0,0.0,0.0,-26.00392,26.000002,2.062874,0.6876247,0.224,0.0,125,0.13108754,,,,,,,,,0
anchor_fragile_full__base__t1m__a0p00__c0p58,reproduce_baseline,base,full,0.0,0.58,53,5,0.0,1,16,0.42000002,0.42000002,0.42000002,1.0590725,0.08728255,0.0,0.0,0.0,0.0,0.0,-28.464544,26.000002,2.330006,0.77666867,0.15200001,0.0,125,0.16538191,,,,,,,,,0
anchor_fragile_full__base__t1m__a0p00__c0p58,reproduce_baseline,base,full,0.0,0.58,53,6,0.0,1,16,0.42000002,0.42000002,0.42000002,0.98790157,0.10282494,0.0,0.0,0.0,0.0,0.0,-27.18933,26.000002,2.1734269,0.7244756,0.17600001,0.0,125,0.13910468,,,,,,,,,0
anchor_fragile_full__base__t1m__a0p00__c0p58,reproduce_baseline,base,full,0.0,0.58,53,7,0.0,1,16,0.42000002,0.42000002,0.42000002,0.981941,0.1042459,0.0,0.0,0.0,0.0,0.0,-26.986813,26.000002,2.1603134,0.72010446,0.17600001,0.0,125,0.1334316,,,,,,,,,0
anchor_fragile_full__base__t1m__a0p00__c0p58,reproduce_baseline,base,full,0.0,0.58,53,8,0.0,1,16,0.42000002,0.42000002,0.42000002,1.0480092,0.08953459,0.0,0.0,0.0,0.0,0.0,-27.838526,26.000002,2.3056662,0.7685554,0.14400001,0.0,125,0.14964394,,,,,,,,,0
anchor_fragile_full__base__t1m__a0p00__c0p58,reproduce_baseline,base,full,0.0,0.58,53,9,0.0,1,16,0.42000002,0.42000002,0.42000002,0.9780439,0.10518554,0.0,0.0,0.0,0.0,0.0,-27.49049,26.000002,2.1517396,0.71724653,0.17600001,0.0,125,0.11013184,,,,,,,,,0
anchor_fragile_full__base__t1m__a0p00__c0p58,reproduce_baseline,base,full,0.0,0.58,53,10,0.0,1,16,0.42000002,0.42000002,0.42000002,1.0420095,0.090780064,0.0,0.0,0.0,0.0,0.0,-27.479551,26.000002,2.2924666,0.76415557,0.136,0.0,125,0.13799088,,,,,,,,,0
anchor_fragile_full__base__t1m__a0p00__c0p58,reproduce_baseline,base,full,0.0,0.58,53,11,0.0,1,16,0.42000002,0.42000002,0.42000002,1.0524777,0.08861807,0.0,0.0,0.0,0.0,0.0,-27.7583,26.000002,2.3154972,0.7718324,0.104,0.0,125,0.13955651,,,,,,,,,0
anchor_fragile_full__base__t1m__a0p00__c0p58,reproduce_baseline,base,full,0.0,0.58,53,12,0.0,1,16,0.42000002,0.42000002,0.42000002,1.0088469,0.09798353,0.0,0.0,0.0,0.0,0.0,-26.876139,26.000002,2.2195075,0.73983586,0.136,0.0,125,0.12932956,,,,,,,,,0
anchor_fragile_full__base__t1m__a0p00__c0p58,reproduce_baseline,base,full,0.0,0.58,53,13,0.0,1,16,0.42000002,0.42000002,0.42000002,0.98899317,0.10256679,0.0,0.0,0.0,0.0,0.0,-27.265408,26.0,2.1758285,0.7252762,0.19,0.0,100,0.12702955,,,,,,,,,0
anchor_fragile_full__base__t1m__a0p00__c0p58,reproduce_baseline,base,full,0.0,0.58,53,14,0.0,1,16,0.42000002,0.42000002,0.42000002,0.9750543,0.10591213,0.0,0.0,0.0,0.0,0.0,-26.659752,26.000002,2.1451623,0.71505415,0.16800001,0.0,125,0.1492624,,,,,,,,,0
anchor_fragile_full__base__t1m__a0p00__c0p58,reproduce_baseline,base,full,0.0,0.58,53,15,0.0,1,16,0.42000002,0.42000002,0.42000002,0.9777249,0.10526284,0.0,0.0,0.0,0.0,0.0,-26.905388,26.000002,2.1510377,0.7170126,0.23200001,0.0,125,0.1466333,,,,,,,,,0
anchor_fragile_full__base__t1m__a0p00__c0p58,reproduce_baseline,base,full,0.0,0.58,53,16,0.0,1,16,0.42000002,0.42000002,0.42000002,1.0037912,0.099130824,0.0,0.0,0.0,0.0,0.0,-26.777369,26.000002,2.2083848,0.7361283,0.136,0.0,125,0.12079136,,,,,,,,,0
anchor_fragile_full__base__t1m__a0p00__c0p58,reproduce_baseline,base,full,0.0,0.58,53,17,0.0,1,16,0.42000002,0.42000002,0.42000002,1.0230702,0.09482651,0.0,0.0,0.0,0.0,0.0,-26.564451,26.000002,2.2507994,0.7502665,0.136,0.0,125,0.13644786,,,,,,,,,0
anchor_fragile_full__base__t1m__a0p00__c0p58,reproduce_baseline,base,full,0.0,0.58,53,18,0.0,1,16,0.42000002,0.42000002,0.42000002,1.0015535,0.09964291,0.0,0.0,0.0,0.0,0.0,-27.17016,26.000002,2.2034616,0.73448724,0.2,0.008,125,0.15173818,,,,,,,,,0
anchor_fragile_full__base__t1m__a0p00__c0p58,reproduce_baseline,base,full,0.0,0.58,53,19,0.0,1,16,0.42000002,0.42000002,0.42000002,0.97022957,0.1070953,0.0,0.0,0.0,0.0,0.0,-27.11025,26.000002,2.1345477,0.7115159,0.120000005,0.0,125,0.12919912,,,,,,-24.036224,0.01,0.54821515,1
anchor_fragile_full__base__t1m__a0p00__c0p58,reproduce_baseline,base,full,0.0,0.58,53,20,0.0,1,16,0.42000002,0.42000002,0.42000002,0.97110575,0.10687944,0.0,0.0,0.0,0.0,0.0,-26.720243,26.000002,2.1364753,0.71215844,0.216,0.0,125,0.1284344,,,,,,,,,0
anchor_fragile_full__base__t1m__a0p00__c0p58,reproduce_baseline,base,full,0.0,0.58,53,21,0.0,1,16,0.42000002,0.42000002,0.42000002,1.0465784,0.08983005,0.0,0.0,0.0,0.0,0.0,-27.901875,26.000002,2.3025184,0.7675061,0.15200001,0.0,125,0.16420889,,,,,,,,,0
anchor_fragile_full__base__t1m__a0p00__c0p58,reproduce_baseline,base,full,0.0,0.58,53,22,0.0,1,16,0.42000002,0.42000002,0.42000002,0.97567594,0.10576062,0.0,0.0,0.0,0.0,0.0,-26.355207,26.000002,2.14653,0.71551,0.18400002,0.0,125,0.1519236,,,,,,,,,0
anchor_fragile_full__base__t1m__a0p00__c0p58,reproduce_baseline,base,full,0.0,0.58,53,23,0.0,1,16,0.42000002,0.42000002,0.42000002,1.0311269,0.09308359,0.0,0.0,0.0,0.0,0.0,-28.28365,26.000002,2.2685244,0.7561748,0.136,0.0,125,0.14788513,,,,,,,,,0
anchor_fragile_full__base__t1m__a0p00__c0p58,reproduce_baseline,base,full,0.0,0.58,53,24,0.0,1,16,0.42000002,0.42000002,0.42000002,0.99984354,0.100036025,0.0,0.0,0.0,0.0,0.0,-26.609926,26.000002,2.1996996,0.7332332,0.18400002,0.0,125,0.13141009,,,,,,,,,0
anchor_fragile_full__base__t1m__a0p00__c0p58,reproduce_baseline,base,full,0.0,0.58,53,25,0.0,1,16,0.42000002,0.42000002,0.42000002,1.0263178,0.09412005,0.0,0.0,0.0,0.0,0.0,-26.62036,26.000002,2.2579443,0.7526481,0.17600001,0.0,125,0.15004207,,,,,,,,,0
anchor_fragile_full__base__t1m__a0p00__c0p58,reproduce_baseline,base,full,0.0,0.58,53,26,0.0,1,16,0.42000002,0.42000002,0.42000002,0.99430937,0.10131895,0.0,0.0,0.0,0.0,0.0,-26.644588,26.0,2.1875243,0.7291748,0.14999999,0.0,100,0.12776752,,,,,,,,,0
anchor_fragile_full__base__t1m__a0p00__c0p58,reproduce_baseline,base,full,0.0,0.58,53,27,0.0,1,16,0.42000002,0.42000002,0.42000002,0.9870253,0.1030326,0.0,0.0,0.0,0.0,0.0,-26.635666,26.000002,2.171499,0.723833,0.192,0.0,125,0.14643407,,,,,,,,,0
anchor_fragile_full__base__t1m__a0p00__c0p58,reproduce_baseline,base,full,0.0,0.58,53,28,0.0,1,16,0.42000002,0.42000002,0.42000002,1.0801136,0.083154604,0.0,0.0,0.0,0.0,0.0,-28.617832,26.000002,2.3762975,0.7920992,0.120000005,0.0,125,0.1329806,,,,,,,,,0
anchor_fragile_full__base__t1m__a0p00__c0p58,reproduce_baseline,base,full,0.0,0.58,53,29,0.0,1,16,0.42000002,0.42000002,0.42000002,1.0214491,0.09518113,0.0,0.0,0.0,0.0,0.0,-28.336813,26.000002,2.247233,0.7490777,0.136,0.008,125,0.15103662,,,,,,,,,0
anchor_fragile_full__base__t1m__a0p00__c0p58,reproduce_baseline,base,full,0.0,0.58,53,30,0.0,1,16,0.42000002,0.42000002,0.42000002,0.9843305,0.10367391,0.0,0.0,0.0,0.0,0.0,-26.117289,26.000002,2.1655703,0.7218568,0.16800001,0.0,125,0.13901062,,,,,,,,,0
anchor_fragile_full__base__t1m__a0p00__c0p58,reproduce_baseline,base,full,0.0,0.58,53,31,0.0,1,16,0.42000002,0.42000002,0.42000002,1.0202521,0.09544382,0.0,0.0,0.0,0.0,0.0,-27.932571,26.000002,2.2445993,0.7481998,0.18400002,0.0,125,0.17434742,,,,,,,,,0
anchor_fragile_full__base__t1m__a0p00__c0p58,reproduce_baseline,base,full,0.0,0.58,53,32,0.0,1,16,0.42000002,0.42000002,0.42000002,1.0645097,0.08619661,0.0,0.0,0.0,0.0,0.0,-28.40973,26.000002,2.3419683,0.7806561,0.192,0.0,125,0.16668189,,,,,,,,,0
anchor_fragile_full__base__t1m__a0p00__c0p58,reproduce_baseline,base,full,0.0,0.58,53,33,0.0,1,16,0.42000002,0.42000002,0.42000002,1.0095055,0.09783504,0.0,0.0,0.0,0.0,0.0,-27.354406,26.000002,2.2209566,0.7403189,0.15200001,0.0,125,0.15503147,,,,,,,,,0
anchor_fragile_full__base__t1m__a0p00__c0p58,reproduce_baseline,base,full,0.0,0.58,53,34,0.0,1,16,0.42000002,0.42000002,0.42000002,1.0431151,0.090549245,0.0,0.0,0.0,0.0,0.0,-27.41473,26.000002,2.2948992,0.7649664,0.2,0.008,125,0.16439869,,,,,,,,,0
anchor_fragile_full__base__t1m__a0p00__c0p58,reproduce_baseline,base,full,0.0,0.58,53,35,0.0,1,16,0.42000002,0.42000002,0.42000002,1.0059452,0.0986404,0.0,0.0,0.0,0.0,0.0,-27.006985,26.000002,2.2131236,0.73770785,0.18400002,0.0,125,0.12714285,,,,,,,,,0
anchor_fragile_full__base__t1m__a0p00__c0p58,reproduce_baseline,base,full,0.0,0.58,53,36,0.0,1,16,0.42000002,0.42000002,0.42000002,1.0376585,0.091694124,0.0,0.0,0.0,0.0,0.0,-27.697617,26.000002,2.2828941,0.76096475,0.16000001,0.0,125,0.14623836,,,,,,,,,0
anchor_fragile_full__base__t1m__a0p00__c0p58,reproduce_baseline,base,full,0.0,0.58,53,37,0.0,1,16,0.42000002,0.42000002,0.42000002,1.0223485,0.094984226,0.0,0.0,0.0,0.0,0.0,-27.23073,26.000002,2.2492118,0.74973726,0.136,0.0,125,0.14818583,,,,,,,,,0
anchor_fragile_full__base__t1m__a0p00__c0p58,reproduce_baseline,base,full,0.0,0.58,53,38,0.0,1,16,0.42000002,0.42000002,0.42000002,1.0128057,0.09709443,0.0,0.0,0.0,0.0,0.0,-27.694998,26.000002,2.2282171,0.7427391,0.15200001,0.0,125,0.15871711,,,,,,,,,0
anchor_fragile_full__base__t1m__a0p00__c0p58,reproduce_baseline,base,full,0.0,0.58,53,39,0.0,1,16,0.42000002,0.42000002,0.42000002,0.9751114,0.10589819,0.0,0.0,0.0,0.0,0.0,-25.91584,26.0,2.145288,0.715096,0.16,0.0,100,0.16068882,,,,,,-24.036224,0.01,0.54821515,1
anchor_fragile_full__base__t1m__a0p00__c0p58,reproduce_baseline,base,full,0.0,0.58,53,40,0.0,1,16,0.42000002,0.42000002,0.42000002,1.0321965,0.092854604,0.0,0.0,0.0,0.0,0.0,-27.326944,26.000002,2.2708776,0.7569592,0.192,0.0,125,0.14835148,,,,,,,,,0
anchor_fragile_full__base__t1m__a0p00__c0p58,reproduce_baseline,base,full,0.0,0.58,53,41,0.0,1,16,0.42000002,0.42000002,0.42000002,1.0294175,0.09345067,0.0,0.0,0.0,0.0,0.0,-27.786499,26.000002,2.2647638,0.7549213,0.112,0.0,125,0.14454927,,,,,,,,,0
anchor_fragile_full__base__t1m__a0p00__c0p58,reproduce_baseline,base,full,0.0,0.58,53,42,0.0,1,16,0.42000002,0.42000002,0.42000002,1.0446151,0.09023703,0.0,0.0,0.0,0.0,0.0,-27.98128,26.000002,2.2981992,0.76606643,0.14400001,0.0,125,0.15143275,,,,,,,,,0
anchor_fragile_full__base__t1m__a0p00__c0p58,reproduce_baseline,base,full,0.0,0.58,53,43,0.0,1,16,0.42000002,0.42000002,0.42000002,1.063727,0.08635211,0.0,0.0,0.0,0.0,0.0,-27.968393,26.000002,2.3402462,0.7800821,0.16000001,0.0,125,0.14494024,,,,,,,,,0
anchor_fragile_full__base__t1m__a0p00__c0p58,reproduce_baseline,base,full,0.0,0.58,53,44,0.0,1,16,0.42000002,0.42000002,0.42000002,1.0219216,0.09507764,0.0,0.0,0.0,0.0,0.0,-26.702517,26.000002,2.2482724,0.74942416,0.15200001,0.0,125,0.155556,,,,,,,,,0
anchor_fragile_full__base__t1m__a0p00__c0p58,reproduce_baseline,base,full,0.0,0.58,53,45,0.0,1,16,0.42000002,0.42000002,0.42000002,0.99784714,0.10049695,0.0,0.0,0.0,0.0,0.0,-26.42324,26.000002,2.1953075,0.7317692,0.14400001,0.0,125,0.13151188,,,,,,,,,0
anchor_fragile_full__base__t1m__a0p00__c0p58,reproduce_baseline,base,full,0.0,0.58,53,46,0.0,1,16,0.42000002,0.42000002,0.42000002,1.0219247,0.095076956,0.0,0.0,0.0,0.0,0.0,-26.969166,26.000002,2.2482793,0.7494265,0.16000001,0.0,125,0.14234945,,,,,,,,,0
anchor_fragile_full__base__t1m__a0p00__c0p58,reproduce_baseline,base,full,0.0,0.58,53,47,0.0,1,16,0.42000002,0.42000002,0.42000002,1.0144786,0.09672115,0.0,0.0,0.0,0.0,0.0,-27.07854,26.000002,2.2318974,0.7439658,0.16000001,0.0,125,0.19759217,,,,,,,,,0
anchor_fragile_full__base__t1m__a0p00__c0p58,reproduce_baseline,base,full,0.0,0.58,53,48,0.0,1,16,0.42000002,0.42000002,0.42000002,1.002495,0.09942713,0.0,0.0,0.0,0.0,0.0,-27.343489,26.000002,2.2055333,0.73517776,0.112,0.0,125,0.1413975,,,,,,,,,0
anchor_fragile_full__base__t1m__a0p00__c0p58,reproduce_baseline,base,full,0.0,0.58,53,49,0.0,1,16,0.42000002,0.42000002,0.42000002,0.95987374,0.1096797,0.0,0.0,0.0,0.0,0.0,-26.31697,26.000002,2.1117644,0.7039215,0.2,0.0,125,0.13921753,,,,,,,,,0
anchor_fragile_full__base__t1m__a0p00__c0p58,reproduce_baseline,base,full,0.0,0.58,53,50,0.0,1,16,0.42000002,0.42000002,0.42000002,1.0505413,0.08901407,0.0,0.0,0.0,0.0,0.0,-27.220335,26.000002,2.3112369,0.7704123,0.18400002,0.0,125,0.16177455,,,,,,,,,0
anchor_fragile_full__base__t1m__a0p00__c0p58,reproduce_baseline,base,full,0.0,0.58,53,51,0.0,1,16,0.42000002,0.42000002,0.42000002,1.0151783,0.09656543,0.0,0.0,0.0,0.0,0.0,-27.324007,26.000002,2.2334368,0.74447894,0.256,0.0,125,0.14812711,,,,,,,,,0
anchor_fragile_full__base__t1m__a0p00__c0p58,reproduce_baseline,base,full,0.0,0.58,53,52,0.0,1,16,0.42000002,0.42000002,0.42000002,1.0670803,0.08568794,0.0,0.0,0.0,0.0,0.0,-28.01466,26.0,2.3476233,0.78254116,0.099999994,0.0,100,0.14548855,,,,,,,,,0
anchor_fragile_full__base__t1m__a0p00__c0p58,reproduce_baseline,base,full,0.0,0.58,53,53,0.0,1,16,0.42000002,0.42000002,0.42000002,1.0609281,0.08691042,0.0,0.0,0.0,0.0,0.0,-28.18335,26.000002,2.3340886,0.77802956,0.16000001,0.0,125,0.15180224,,,,,,,,,0
anchor_fragile_full__base__t1m__a0p00__c0p58,reproduce_baseline,base,full,0.0,0.58,53,54,0.0,1,16,0.42000002,0.42000002,0.42000002,1.0354261,0.09216665,0.0,0.0,0.0,0.0,0.0,-26.93154,26.000002,2.277983,0.75932765,0.14400001,0.0,125,0.14534315,,,,,,,,,0
anchor_fragile_full__base__t1m__a0p00__c0p58,reproduce_baseline,base,full,0.0,0.58,53,55,0.0,1,16,0.42000002,0.42000002,0.42000002,0.98591894,0.10329541,0.0,0.0,0.0,0.0,0.0,-26.104712,26.000002,2.169065,0.7230217,0.18400002,0.0,125,0.15855446,,,,,,,,,0
anchor_fragile_full__base__t1m__a0p00__c0p58,reproduce_baseline,base,full,0.0,0.58,53,56,0.0,1,16,0.42000002,0.42000002,0.42000002,1.0285865,0.093629666,0.0,0.0,0.0,0.0,0.0,-27.943071,26.000002,2.2629354,0.7543118,0.15200001,0.0,125,0.18033949,,,,,,,,,0
anchor_fragile_full__base__t1m__a0p00__c0p58,reproduce_baseline,base,full,0.0,0.58,53,57,0.0,1,16,0.42000002,0.42000002,0.42000002,0.98834056,0.10272105,0.0,0.0,0.0,0.0,0.0,-27.214113,26.000002,2.1743927,0.7247976,0.18400002,0.0,125,0.14211892,,,,,,,,,0
anchor_fragile_full__base__t1m__a0p00__c0p58,reproduce_baseline,base,full,0.0,0.58,53,58,0.0,1,16,0.42000002,0.42000002,0.42000002,1.0441598,0.0903317,0.0,0.0,0.0,0.0,0.0,-27.43521,26.000002,2.2971973,0.76573247,0.128,0.0,125,0.1575733,,,,,,,,,0
anchor_fragile_full__base__t1m__a0p00__c0p58,reproduce_baseline,base,full,0.0,0.58,53,59,0.0,1,16,0.42000002,0.42000002,0.42000002,1.0111377,0.097468056,0.0,0.0,0.0,0.0,0.0,-27.012585,26.000002,2.2245474,0.7415158,0.08800001,0.0,125,0.14257689,,,,,,-24.036224,0.01,0.54821515,1
anchor_fragile_full__base__t1m__a0p00__c0p58,reproduce_baseline,base,full,0.0,0.58,53,60,0.0,1,16,0.42000002,0.42000002,0.42000002,1.1123593,0.07720416,0.0,0.0,0.0,0.0,0.0,-28.948214,26.000002,2.4472394,0.8157465,0.096,0.0,125,0.17479207,,,,,,,,,0
anchor_fragile_full__base__t1m__a0p00__c0p58,reproduce_baseline,base,full,0.0,0.58,53,61,0.0,1,16,0.42000002,0.42000002,0.42000002,1.0182912,0.09587575,0.0,0.0,0.0,0.0,0.0,-26.990398,26.000002,2.2402854,0.7467618,0.16800001,0.0,125,0.1315208,,,,,,,,,0
anchor_fragile_full__base__t1m__a0p00__c0p58,reproduce_baseline,base,full,0.0,0.58,53,62,0.0,1,16,0.42000002,0.42000002,0.42000002,1.0438639,0.09039327,0.0,0.0,0.0,0.0,0.0,-27.522388,26.000002,2.2965465,0.7655155,0.128,0.0,125,0.12527646,,,,,,,,,0
anchor_fragile_full__base__t1m__a0p00__c0p58,reproduce_baseline,base,full,0.0,0.58,53,63,0.0,1,16,0.42000002,0.42000002,0.42000002,1.0331393,0.09265325,0.0,0.0,0.0,0.0,0.0,-27.708704,26.000002,2.2729518,0.7576506,0.120000005,0.0,125,0.14872284,,,,,,,,,0
anchor_fragile_full__base__t1m__a0p00__c0p58,reproduce_baseline,base,full,0.0,0.58,53,64,0.0,1,16,0.42000002,0.42000002,0.42000002,1.0595412,0.0871884,0.0,0.0,0.0,0.0,0.0,-27.913462,26.000002,2.3310373,0.77701247,0.120000005,0.0,125,0.15765107,,,,,,,,,0
anchor_fragile_full__base__t1m__a0p00__c0p58,reproduce_baseline,base,full,0.0,0.58,53,65,0.0,1,16,0.42000002,0.42000002,0.42000002,1.0363374,0.09197348,0.0,0.0,0.0,0.0,0.0,-27.852314,26.0,2.2799878,0.75999594,0.17999999,0.0,100,0.16813248,,,,,,,,,0
anchor_fragile_full__base__t1m__a0p00__c0p58,reproduce_baseline,base,full,0.0,0.58,53,66,0.0,1,16,0.42000002,0.42000002,0.42000002,1.0114805,0.097391166,0.0,0.0,0.0,0.0,0.0,-27.423372,26.000002,2.2253015,0.74176717,0.17600001,0.008,125,0.1578369,,,,,,,,,0
anchor_fragile_full__base__t1m__a0p00__c0p58,reproduce_baseline,base,full,0.0,0.58,53,67,0.0,1,16,0.42000002,0.42000002,0.42000002,1.0145024,0.096715845,0.0,0.0,0.0,0.0,0.0,-26.83031,26.000002,2.2319498,0.74398327,0.264,0.0,125,0.18259332,,,,,,,,,0
anchor_fragile_full__base__t1m__a0p00__c0p58,reproduce_baseline,base,full,0.0,0.58,53,68,0.0,1,16,0.42000002,0.42000002,0.42000002,0.9792689,0.10488929,0.0,0.0,0.0,0.0,0.0,-25.61965,26.000002,2.1544347,0.7181449,0.24000001,0.0,125,0.1459932,,,,,,,,,0
anchor_fragile_full__base__t1m__a0p00__c0p58,reproduce_baseline,base,full,0.0,0.58,53,69,0.0,1,16,0.42000002,0.42000002,0.42000002,1.0427073,0.09063432,0.0,0.0,0.0,0.0,0.0,-27.86047,26.000002,2.2940018,0.7646673,0.16800001,0.0,125,0.15312167,,,,,,,,,0
anchor_fragile_full__base__t1m__a0p00__c0p58,reproduce_baseline,base,full,0.0,0.58,53,70,0.0,1,16,0.42000002,0.42000002,0.42000002,1.044636,0.09023271,0.0,0.0,0.0,0.0,0.0,-27.605162,26.000002,2.2982452,0.76608175,0.15200001,0.0,125,0.15810011,,,,,,,,,0
anchor_fragile_full__base__t1m__a0p00__c0p58,reproduce_baseline,base,full,0.0,0.58,53,71,0.0,1,16,0.42000002,0.42000002,0.42000002,1.0307599,0.093162276,0.0,0.0,0.0,0.0,0.0,-27.344389,26.000002,2.2677171,0.75590575,0.18400002,0.0,125,0.15932931,,,,,,,,,0
anchor_fragile_full__base__t1m__a0p00__c0p58,reproduce_baseline,base,full,0.0,0.58,53,72,0.0,1,16,0.42000002,0.42000002,0.42000002,1.031473,0.093009405,0.0,0.0,0.0,0.0,0.0,-27.324575,26.000002,2.269286,0.75642866,0.128,0.0,125,0.16381457,,,,,,,,,0
anchor_fragile_full__base__t1m__a0p00__c0p58,reproduce_baseline,base,full,0.0,0.58,53,73,0.0,1,16,0.42000002,0.42000002,0.42000002,1.0235914,0.094712764,0.0,0.0,0.0,0.0,0.0,-27.543282,26.000002,2.251946,0.7506487,0.23200001,0.0,125,0.19371994,,,,,,,,,0
anchor_fragile_full__base__t1m__a0p00__c0p58,reproduce_baseline,base,full,0.0,0.58,53,74,0.0,1,16,0.42000002,0.42000002,0.42000002,1.017671,0.09601276,0.0,0.0,0.0,0.0,0.0,-26.717863,26.000002,2.238921,0.746307,0.23200001,0.0,125,0.15785879,,,,,,,,,0
anchor_fragile_full__base__t1m__a0p00__c0p58,reproduce_baseline,base,full,0.0,0.58,53,75,0.0,1,16,0.42000002,0.42000002,0.42000002,1.0516086,0.0887956,0.0,0.0,0.0,0.0,0.0,-27.38485,26.000002,2.313585,0.77119505,0.120000005,0.0,125,0.14064004,,,,,,,,,0
anchor_fragile_full__base__t1m__a0p00__c0p58,reproduce_baseline,base,full,0.0,0.58,53,76,0.0,1,16,0.42000002,0.42000002,0.42000002,0.97724926,0.10537819,0.0,0.0,0.0,0.0,0.0,-26.737686,26.000002,2.1499913,0.7166638,0.14400001,0.0,125,0.12159157,,,,,,,,,0
anchor_fragile_full__base__t1m__a0p00__c0p58,reproduce_baseline,base,full,0.0,0.58,53,77,0.0,1,16,0.42000002,0.42000002,0.42000002,1.0388578,0.091441244,0.0,0.0,0.0,0.0,0.0,-27.277308,26.000002,2.285533,0.76184434,0.096,0.0,125,0.15597385,,,,,,,,,0
anchor_fragile_full__base__t1m__a0p00__c0p58,reproduce_baseline,base,full,0.0,0.58,53,78,0.0,1,16,0.42000002,0.42000002,0.42000002,1.0117486,0.09733107,0.0,0.0,0.0,0.0,0.0,-27.247158,26.0,2.2258914,0.7419638,0.13,0.0,100,0.14183354,,,,,,,,,0
anchor_fragile_full__base__t1m__a0p00__c0p58,reproduce_baseline,base,full,0.0,0.58,53,79,0.0,1,16,0.42000002,0.42000002,0.42000002,1.0353882,0.09217472,0.0,0.0,0.0,0.0,0.0,-27.869072,26.000002,2.2778995,0.7592999,0.128,0.0,125,0.18245617,,,,,,-24.036224,0.01,0.54821515,1
anchor_fragile_full__base__t1m__a0p00__c0p58,reproduce_baseline,base,full,0.0,0.58,53,80,0.0,1,16,0.42000002,0.42000002,0.42000002,1.0084343,0.098076664,0.0,0.0,0.0,0.0,0.0,-26.70441,26.000002,2.2185998,0.7395333,0.112,0.0,125,0.16175216,,,,,,,,,0
anchor_fragile_full__base__t1m__a0p00__c0p58,reproduce_baseline,base,full,0.0,0.58,53,81,0.0,1,16,0.42000002,0.42000002,0.42000002,1.055782,0.087946385,0.0,0.0,0.0,0.0,0.0,-28.084354,26.000002,2.3227668,0.77425563,0.16800001,0.0,125,0.14706199,,,,,,,,,0
anchor_fragile_full__base__t1m__a0p00__c0p58,reproduce_baseline,base,full,0.0,0.58,53,82,0.0,1,16,0.42000002,0.42000002,0.42000002,1.0094131,0.09785585,0.0,0.0,0.0,0.0,0.0,-27.73059,26.000002,2.2207532,0.74025106,0.192,0.0,125,0.17813174,,,,,,,,,0
anchor_fragile_full__base__t1m__a0p00__c0p58,reproduce_baseline,base,full,0.0,0.58,53,83,0.0,1,16,0.42000002,0.42000002,0.42000002,1.0453141,0.09009193,0.0,0.0,0.0,0.0,0.0,-27.01399,26.000002,2.299737,0.76657903,0.15200001,0.0,125,0.13670431,,,,,,,,,0
anchor_fragile_full__base__t1m__a0p00__c0p58,reproduce_baseline,base,full,0.0,0.58,53,84,0.0,1,16,0.42000002,0.42000002,0.42000002,1.042627,0.09065109,0.0,0.0,0.0,0.0,0.0,-27.80563,26.000002,2.2938251,0.7646084,0.2,0.008,125,0.14743246,,,,,,,,,0
anchor_fragile_full__base__t1m__a0p00__c0p58,reproduce_baseline,base,full,0.0,0.58,53,85,0.0,1,16,0.42000002,0.42000002,0.42000002,0.97163653,0.10674891,0.0,0.0,0.0,0.0,0.0,-26.265358,26.000002,2.137643,0.7125477,0.16800001,0.0,125,0.12569027,,,,,,,,,0
anchor_fragile_full__base__t1m__a0p00__c0p58,reproduce_baseline,base,full,0.0,0.58,53,86,0.0,1,16,0.42000002,0.42000002,0.42000002,1.0241086,0.094600044,0.0,0.0,0.0,0.0,0.0,-27.29584,26.000002,2.253084,0.751028,0.16000001,0.0,125,0.14700677,,,,,,,,,0
anchor_fragile_full__base__t1m__a0p00__c0p58,reproduce_baseline,base,full,0.0,0.58,53,87,0.0,1,16,0.42000002,0.42000002,0.42000002,1.0556343,0.087976314,0.0,0.0,0.0,0.0,0.0,-27.661512,26.000002,2.3224418,0.7741473,0.120000005,0.0,125,0.14006151,,,,,,,,,0
anchor_fragile_full__base__t1m__a0p00__c0p58,reproduce_baseline,base,full,0.0,0.58,53,88,0.0,1,16,0.42000002,0.42000002,0.42000002,1.0159745,0.09638855,0.0,0.0,0.0,0.0,0.0,-27.866877,26.000002,2.2351885,0.7450628,0.18400002,0.0,125,0.17991805,,,,,,,,,0
anchor_fragile_full__base__t1m__a0p00__c0p58,reproduce_baseline,base,full,0.0,0.58,53,89,0.0,1,16,0.42000002,0.42000002,0.42000002,1.0182966,0.09587456,0.0,0.0,0.0,0.0,0.0,-27.267023,26.000002,2.2402973,0.7467658,0.17600001,0.0,125,0.15772402,,,,,,,,,0
anchor_fragile_full__base__t1m__a0p00__c0p58,reproduce_baseline,base,full,0.0,0.58,53,90,0.0,1,16,0.42000002,0.42000002,0.42000002,1.0174576,0.096059956,0.0,0.0,0.0,0.0,0.0,-27.0624,26.000002,2.2384515,0.7461505,0.16000001,0.0,125,0.13890824,,,,,,,,,0
anchor_fragile_full__base__t1m__a0p00__c0p58,reproduce_baseline,base,full,0.0,0.58,53,91,0.0,1,16,0.42000002,0.42000002,0.42000002,1.0191453,0.0956874,0.0,0.0,0.0,0.0,0.0,-27.533894,26.0,2.2421644,0.7473881,0.14999999,0.0,100,0.14811502,,,,,,,,,0
anchor_fragile_full__base__t1m__a0p00__c0p58,reproduce_baseline,base,full,0.0,0.58,53,92,0.0,1,16,0.42000002,0.42000002,0.42000002,0.9593362,0.10981552,0.0,0.0,0.0,0.0,0.0,-25.727928,26.000002,2.1105819,0.70352733,0.18400002,0.0,125,0.15293571,,,,,,,,,0
anchor_fragile_full__base__t1m__a0p00__c0p58,reproduce_baseline,base,full,0.0,0.58,53,93,0.0,1,16,0.42000002,0.42000002,0.42000002,1.0099845,0.097727194,0.0,0.0,0.0,0.0,0.0,-27.090334,26.000002,2.2220101,0.7406701,0.16800001,0.0,125,0.13682397,,,,,,,,,0
anchor_fragile_full__base__t1m__a0p00__c0p58,reproduce_baseline,base,full,0.0,0.58,53,94,0.0,1,16,0.42000002,0.42000002,0.42000002,1.0427063,0.09063454,0.0,0.0,0.0,0.0,0.0,-27.266294,26.000002,2.2939997,0.76466656,0.096,0.0,125,0.15836298,,,,,,,,,0
anchor_fragile_full__base__t1m__a0p00__c0p58,reproduce_baseline,base,full,0.0,0.58,53,95,0.0,1,16,0.42000002,0.42000002,0.42000002,0.9717246,0.10672725,0.0,0.0,0.0,0.0,0.0,-26.438843,26.000002,2.137837,0.71261233,0.2,0.0,125,0.12128369,,,,,,,,,0
anchor_fragile_full__base__t1m__a0p00__c0p58,reproduce_baseline,base,full,0.0,0.58,53,96,0.0,1,16,0.42000002,0.42000002,0.42000002,1.0294446,0.09344486,0.0,0.0,0.0,0.0,0.0,-26.7754,26.000002,2.2648232,0.7549411,0.18400002,0.0,125,0.15245974,,,,,,,,,0
anchor_fragile_full__base__t1m__a0p00__c0p58,reproduce_baseline,base,full,0.0,0.58,53,97,0.0,1,16,0.42000002,0.42000002,0.42000002,1.0362844,0.09198469,0.0,0.0,0.0,0.0,0.0,-27.37142,26.000002,2.2798712,0.7599571,0.14400001,0.0,125,0.14204414,,,,,,,,,0
anchor_fragile_full__base__t1m__a0p00__c0p58,reproduce_baseline,base,full,0.0,0.58,53,98,0.0,1,16,0.42000002,0.42000002,0.42000002,1.01375,0.096883535,0.0,0.0,0.0,0.0,0.0,-26.48431,26.000002,2.2302945,0.7434315,0.216,0.0,125,0.15750007,,,,,,,,,0
anchor_fragile_full__base__t1m__a0p00__c0p58,reproduce_baseline,base,full,0.0,0.58,53,99,0.0,1,16,0.42000002,0.42000002,0.42000002,1.0181319,0.09591093,0.0,0.0,0.0,0.0,0.0,-27.446243,26.000002,2.239935,0.746645,0.208,0.0,125,0.14944465,,,,,,-24.036224,0.01,0.54821515,1
anchor_fragile_full__base__t1m__a0p00__c0p58,reproduce_baseline,base,full,0.0,0.58,53,100,0.0,1,16,0.42000002,0.42000002,0.42000002,1.0495672,0.08921396,0.0,0.0,0.0,0.0,0.0,-28.03078,26.000002,2.309094,0.769698,0.14400001,0.0,125,0.12433941,,,,,,,,,0
anchor_fragile_full__base__t1m__a0p00__c0p58,reproduce_baseline,base,full,0.0,0.58,53,101,0.0,1,16,0.42000002,0.42000002,0.42000002,0.96983665,0.10719225,0.0,0.0,0.0,0.0,0.0,-26.2589,26.000002,2.1336832,0.7112278,0.16000001,0.0,125,0.12605175,,,,,,,,,0
anchor_fragile_full__base__t1m__a0p00__c0p58,reproduce_baseline,base,full,0.0,0.58,53,102,0.0,1,16,0.42000002,0.42000002,0.42000002,1.0170401,0.09615234,0.0,0.0,0.0,0.0,0.0,-27.323368,26.000002,2.237533,0.74584436,0.136,0.0,125,0.15884414,,,,,,,,,0
anchor_fragile_full__base__t1m__a0p00__c0p58,reproduce_baseline,base,full,0.0,0.58,53,103,0.0,1,16,0.42000002,0.42000002,0.42000002,1.0049443,0.098867975,0.0,0.0,0.0,0.0,0.0,-26.367758,26.000002,2.2109218,0.73697394,0.136,0.0,125,0.13610278,,,,,,,,,0
anchor_fragile_full__base__t1m__a0p00__c0p58,reproduce_baseline,base,full,0.0,0.58,53,104,0.0,1,16,0.42000002,0.42000002,0.42000002,1.0625894,0.08657861,0.0,0.0,0.0,0.0,0.0,-27.400827,26.0,2.3377433,0.77924776,0.14,0.0,100,0.14598714,,,,,,,,,0
anchor_fragile_full__base__t1m__a0p00__c0p58,reproduce_baseline,base,full,0.0,0.58,53,105,0.0,1,16,0.42000002,0.42000002,0.42000002,1.0782721,0.083507955,0.0,0.0,0.0,0.0,0.0,-28.188593,26.000002,2.372246,0.7907487,0.128,0.0,125,0.14248142,,,,,,,,,0
anchor_fragile_full__base__t1m__a0p00__c0p58,reproduce_baseline,base,full,0.0,0.58,53,106,0.0,1,16,0.42000002,0.42000002,0.42000002,1.0004268,0.099901766,0.0,0.0,0.0,0.0,0.0,-26.991577,26.000002,2.2009828,0.73366094,0.208,0.0,125,0.13860598,,,,,,,,,0
anchor_fragile_full__base__t1m__a0p00__c0p58,reproduce_baseline,base,full,0.0,0.58,53,107,0.0,1,16,0.42000002,0.42000002,0.42000002,1.0369548,0.091842815,0.0,0.0,0.0,0.0,0.0,-27.093842,26.000002,2.281346,0.7604487,0.2,0.0,125,0.16239546,,,,,,,,,0
anchor_fragile_full__base__t1m__a0p00__c0p58,reproduce_baseline,base,full,0.0,0.58,53,108,0.0,1,16,0.42000002,0.42000002,0.42000002,1.054777,0.08815014,0.0,0.0,0.0,0.0,0.0,-26.69029,26.000002,2.3205557,0.77351856,0.15200001,0.0,125,0.15909973,,,,,,,,,0
anchor_fragile_full__base__t1m__a0p00__c0p58,reproduce_baseline,base,full,0.0,0.58,53,109,0.0,1,16,0.42000002,0.42000002,0.42000002,1.0383921,0.09153936,0.0,0.0,0.0,0.0,0.0,-27.617792,26.000002,2.2845082,0.76150274,0.192,0.0,125,0.15619111,,,,,,,,,0
anchor_fragile_full__base__t1m__a0p00__c0p58,reproduce_baseline,base,full,0.0,0.58,53,110,0.0,1,16,0.42000002,0.42000002,0.42000002,1.0096903,0.097793445,0.0,0.0,0.0,0.0,0.0,-26.6603,26.000002,2.221363,0.7404544,0.16000001,0.0,125,0.15210113,,,,,,,,,0
anchor_fragile_full__base__t1m__a0p00__c0p58,reproduce_baseline,base,full,0.0,0.58,53,111,0.0,1,16,0.42000002,0.42000002,0.42000002,1.034687,0.09232363,0.0,0.0,0.0,0.0,0.0,-27.280802,26.000002,2.276357,0.75878567,0.104,0.0,125,0.13914704,,,,,,,,,0
anchor_fragile_full__base__t1m__a0p00__c0p58,reproduce_baseline,base,full,0.0,0.58,53,112,0.0,1,16,0.42000002,0.42000002,0.42000002,1.046809,0.08978236,0.0,0.0,0.0,0.0,0.0,-27.96571,26.000002,2.3030257,0.7676753,0.16000001,0.0,125,0.14590512,,,,,,,,,0
anchor_fragile_full__base__t1m__a0p00__c0p58,reproduce_baseline,base,full,0.0,0.58,53,113,0.0,1,16,0.42000002,0.42000002,0.42000002,1.0261786,0.09415023,0.0,0.0,0.0,0.0,0.0,-27.307638,26.000002,2.257638,0.752546,0.128,0.0,125,0.1267257,,,,,,,,,0
anchor_fragile_full__base__t1m__a0p00__c0p58,reproduce_baseline,base,full,0.0,0.58,53,114,0.0,1,16,0.42000002,0.42000002,0.42000002,1.0065751,0.09849741,0.0,0.0,0.0,0.0,0.0,-26.391178,26.000002,2.2145095,0.73816985,0.14400001,0.0,125,0.1302371,,,,,,,,,0
anchor_fragile_full__base__t1m__a0p00__c0p58,reproduce_baseline,base,full,0.0,0.58,53,115,0.0,1,16,0.42000002,0.42000002,0.42000002,1.0515282,0.08881203,0.0,0.0,0.0,0.0,0.0,-27.637928,26.000002,2.3134084,0.77113616,0.15200001,0.0,125,0.16112727,,,,,,,,,0
anchor_fragile_full__base__t1m__a0p00__c0p58,reproduce_baseline,base,full,0.0,0.58,53,116,0.0,1,16,0.42000002,0.42000002,0.42000002,1.0085961,0.098040126,0.0,0.0,0.0,0.0,0.0,-27.19161,26.000002,2.2189555,0.73965186,0.128,0.0,125,0.15991549,,,,,,,,,0
anchor_fragile_full__base__t1m__a0p00__c0p58,reproduce_baseline,base,full,0.0,0.58,53,117,0.0,1,16,0.42000002,0.42000002,0.42000002,1.0144539,0.09672663,0.0,0.0,0.0,0.0,0.0,-27.172903,26.0,2.231843,0.7439477,0.14999999,0.0,100,0.13909392,,,,,,,,,0
anchor_fragile_full__base__t1m__a0p00__c0p58,reproduce_baseline,base,full,0.0,0.58,53,118,0.0,1,16,0.42000002,0.42000002,0.42000002,1.0200461,0.09548912,0.0,0.0,0.0,0.0,0.0,-27.55049,26.000002,2.2441463,0.7480488,0.16000001,0.0,125,0.14159097,,,,,,,,,0
anchor_fragile_full__base__t1m__a0p00__c0p58,reproduce_baseline,base,full,0.0,0.58,53,119,0.0,1,16,0.42000002,0.42000002,0.42000002,1.0311859,0.09307094,0.0,0.0,0.0,0.0,0.0,-27.53782,26.000002,2.268654,0.7562181,0.104,0.0,125,0.15711337,,,,,,-24.036224,0.01,0.54821515,1
anchor_fragile_full__base__t1m__a0p00__c0p58,reproduce_baseline,base,full,0.0,0.58,53,120,0.0,1,16,0.42000002,0.42000002,0.42000002,1.0463421,0.08987893,0.0,0.0,0.0,0.0,0.0,-27.74639,26.000002,2.3019986,0.7673329,0.208,0.0,125,0.15604429,,,,,,,,,0
anchor_fragile_full__base__t1m__a0p00__c0p58,reproduce_baseline,base,full,0.0,0.58,53,121,0.0,1,16,0.42000002,0.42000002,0.42000002,1.0328152,0.09272242,0.0,0.0,0.0,0.0,0.0,-27.181501,26.000002,2.2722387,0.7574129,0.16000001,0.0,125,0.11534755,,,,,,,,,0
anchor_fragile_full__base__t1m__a0p00__c0p58,reproduce_baseline,base,full,0.0,0.58,53,122,0.0,1,16,0.42000002,0.42000002,0.42000002,1.0548787,0.0881295,0.0,0.0,0.0,0.0,0.0,-27.422504,26.000002,2.3207796,0.7735932,0.16000001,0.0,125,0.13580346,,,,,,,,,0
anchor_fragile_full__base__t1m__a0p00__c0p58,reproduce_baseline,base,full,0.0,0.58,53,123,0.0,1,16,0.42000002,0.42000002,0.42000002,0.97025746,0.107088424,0.0,0.0,0.0,0.0,0.0,-25.952372,26.000002,2.134609,0.71153635,0.15200001,0.0,125,0.11728864,,,,,,,,,0
anchor_fragile_full__base__t1m__a0p00__c0p58,reproduce_baseline,base,full,0.0,0.58,53,124,0.0,1,16,0.42000002,0.42000002,0.42000002,1.0072565,0.09834302,0.0,0.0,0.0,0.0,0.0,-26.955158,26.000002,2.2160087,0.7386696,0.15200001,0.0,125,0.12250121,,,,,,,,,0
anchor_fragile_full__base__t1m__a0p00__c0p58,reproduce_baseline,base,full,0.0,0.58,53,125,0.0,1,16,0.42000002,0.42000002,0.42000002,1.0320321,0.09288976,0.0,0.0,0.0,0.0,0.0,-27.808308,26.000002,2.2705162,0.75683874,0.112,0.0,125,0.14897275,,,,,,,,,0
anchor_fragile_full__base__t1m__a0p00__c0p58,reproduce_baseline,base,full,0.0,0.58,53,126,0.0,1,16,0.42000002,0.42000002,0.42000002,1.0010991,0.09974723,0.0,0.0,0.0,0.0,0.0,-26.986431,26.000002,2.202462,0.734154,0.14400001,0.0,125,0.12782477,,,,,,,,,0
anchor_fragile_full__base__t1m__a0p00__c0p58,reproduce_baseline,base,full,0.0,0.58,53,127,0.0,1,16,0.42000002,0.42000002,0.42000002,1.0028257,0.099351466,0.0,0.0,0.0,0.0,0.0,-26.751959,26.000002,2.2062607,0.7354202,0.112,0.0,125,0.12977956,,,,,,,,,0
anchor_fragile_full__base__t1m__a0p00__c0p58,reproduce_baseline,base,full,0.0,0.58,53,128,0.0,1,16,0.42000002,0.42000002,0.42000002,1.0471637,0.08970906,0.0,0.0,0.0,0.0,0.0,-27.669498,26.000002,2.303806,0.7679354,0.18400002,0.0,125,0.14166822,,,,,,,,,0
anchor_fragile_full__base__t1m__a0p00__c0p58,reproduce_baseline,base,full,0.0,0.58,53,129,0.0,1,16,0.42000002,0.42000002,0.42000002,0.999095,0.100208595,0.0,0.0,0.0,0.0,0.0,-26.57326,26.000002,2.198053,0.7326843,0.24000001,0.008,125,0.14366052,,,,,,,,,0
anchor_fragile_full__base__t1m__a0p00__c0p58,reproduce_baseline,base,full,0.0,0.58,53,130,0.0,1,16,0.42000002,0.42000002,0.42000002,1.0821564,0.08276439,0.0,0.0,0.0,0.0,0.0,-26.91709,26.0,2.3807917,0.7935972,0.14,0.0,100,0.11965442,,,,,,,,,0
anchor_fragile_full__base__t1m__a0p00__c0p58,reproduce_baseline,base,full,0.0,0.58,53,131,0.0,1,16,0.42000002,0.42000002,0.42000002,1.020421,0.09540672,0.0,0.0,0.0,0.0,0.0,-27.09735,26.000002,2.244971,0.7483237,0.120000005,0.0,125,0.13489184,,,,,,,,,0
anchor_fragile_full__base__t1m__a0p00__c0p58,reproduce_baseline,base,full,0.0,0.58,53,132,0.0,1,16,0.42000002,0.42000002,0.42000002,1.0577782,0.08754307,0.0,0.0,0.0,0.0,0.0,-27.883087,26.000002,2.3271587,0.7757196,0.14400001,0.0,125,0.1960194,,,,,,,,,0
anchor_fragile_full__base__t1m__a0p00__c0p58,reproduce_baseline,base,full,0.0,0.58,53,133,0.0,1,16,0.42000002,0.42000002,0.42000002,1.0458069,0.08998977,0.0,0.0,0.0,0.0,0.0,-27.355947,26.000002,2.300821,0.76694036,0.128,0.0,125,0.14058383,,,,,,,,,0
anchor_fragile_full__base__t1m__a0p00__c0p58,reproduce_baseline,base,full,0.0,0.58,53,134,0.0,1,16,0.42000002,0.42000002,0.42000002,1.0151864,0.096563615,0.0,0.0,0.0,0.0,0.0,-27.543839,26.000002,2.2334547,0.7444849,0.16800001,0.0,125,0.1821248,,,,,,,,,0
anchor_fragile_full__base__t1m__a0p00__c0p58,reproduce_baseline,base,full,0.0,0.58,53,135,0.0,1,16,0.42000002,0.42000002,0.42000002,1.0108804,0.09752581,0.0,0.0,0.0,0.0,0.0,-27.840145,26.000002,2.2239811,0.74132705,0.18400002,0.0,125,0.1424928,,,,,,,,,0
anchor_fragile_full__base__t1m__a0p00__c0p58,reproduce_baseline,base,full,0.0,0.58,53,136,0.0,1,16,0.42000002,0.42000002,0.42000002,0.9696181,0.107246205,0.0,0.0,0.0,0.0,0.0,-26.98967,26.000002,2.1332023,0.71106744,0.208,0.0,125,0.14923999,,,,,,,,,0
anchor_fragile_full__base__t1m__a0p00__c0p58,reproduce_baseline,base,full,0.0,0.58,53,137,0.0,1,16,0.42000002,0.42000002,0.42000002,1.007742,0.09823311,0.0,0.0,0.0,0.0,0.0,-26.353416,26.000002,2.2170768,0.7390256,0.120000005,0.0,125,0.12881908,,,,,,,,,0
anchor_fragile_full__base__t1m__a0p00__c0p58,reproduce_baseline,base,full,0.0,0.58,53,138,0.0,1,16,0.42000002,0.42000002,0.42000002,0.9849575,0.103524335,0.0,0.0,0.0,0.0,0.0,-26.111053,26.000002,2.1669497,0.7223166,0.120000005,0.0,125,0.13764694,,,,,,,,,0
anchor_fragile_full__base__t1m__a0p00__c0p58,reproduce_baseline,base,full,0.0,0.58,53,139,0.0,1,16,0.42000002,0.42000002,0.42000002,1.0136338,0.096909456,0.0,0.0,0.0,0.0,0.0,-26.339108,26.000002,2.2300391,0.7433464,0.192,0.0,125,0.15971889,,,,,,-24.036224,0.01,0.54821515,1
anchor_fragile_full__base__t1m__a0p00__c0p58,reproduce_baseline,base,full,0.0,0.58,53,140,0.0,1,16,0.42000002,0.42000002,0.42000002,1.0395938,0.09128641,0.0,0.0,0.0,0.0,0.0,-27.62663,26.000002,2.287152,0.76238406,0.18400002,0.0,125,0.15827161,,,,,,,,,0
anchor_fragile_full__base__t1m__a0p00__c0p58,reproduce_baseline,base,full,0.0,0.58,53,141,0.0,1,16,0.42000002,0.42000002,0.42000002,1.0008706,0.09979973,0.0,0.0,0.0,0.0,0.0,-26.994684,26.000002,2.2019591,0.7339864,0.15200001,0.0,125,0.13141437,,,,,,,,,0
anchor_fragile_full__base__t1m__a0p00__c0p58,reproduce_baseline,base,full,0.0,0.58,53,142,0.0,1,16,0.42000002,0.42000002,0.42000002,1.0197119,0.09556264,0.0,0.0,0.0,0.0,0.0,-27.227587,26.000002,2.2434108,0.7478036,0.136,0.0,125,0.14565101,,,,,,,,,0
anchor_fragile_full__base__t1m__a0p00__c0p58,reproduce_baseline,base,full,0.0,0.58,53,143,0.0,1,16,0.42000002,0.42000002,0.42000002,0.99044675,0.10222408,0.0,0.0,0.0,0.0,0.0,-26.15083,26.0,2.1790264,0.72634214,0.16,0.0,100,0.1490741,,,,,,,,,0
anchor_fragile_full__base__t1m__a0p00__c0p58,reproduce_baseline,base,full,0.0,0.58,53,144,0.0,1,16,0.42000002,0.42000002,0.42000002,1.000976,0.099775515,0.0,0.0,0.0,0.0,0.0,-27.135338,26.000002,2.202191,0.73406374,0.136,0.0,125,0.13301517,,,,,,,,,0
anchor_fragile_full__base__t1m__a0p00__c0p58,reproduce_baseline,base,full,0.0,0.58,53,145,0.0,1,16,0.42000002,0.42000002,0.42000002,0.94713,0.11294578,0.0,0.0,0.0,0.0,0.0,-26.261385,26.000002,2.0837276,0.6945759,0.216,0.0,125,0.14250025,,,,,,,,,0
anchor_fragile_full__base__t1m__a0p00__c0p58,reproduce_baseline,base,full,0.0,0.58,53,146,0.0,1,16,0.42000002,0.42000002,0.42000002,0.97115135,0.10686824,0.0,0.0,0.0,0.0,0.0,-26.135883,26.000002,2.1365757,0.71219194,0.16000001,0.0,125,0.123247646,,,,,,,,,0
anchor_fragile_full__base__t1m__a0p00__c0p58,reproduce_baseline,base,full,0.0,0.58,53,147,0.0,1,16,0.42000002,0.42000002,0.42000002,1.0570518,0.08768963,0.0,0.0,0.0,0.0,0.0,-26.983654,26.000002,2.3255603,0.7751868,0.112,0.0,125,0.13783132,,,,,,,,,0
anchor_fragile_full__base__t1m__a0p00__c0p58,reproduce_baseline,base,full,0.0,0.58,53,148,0.0,1,16,0.42000002,0.42000002,0.42000002,1.0185415,0.09582052,0.0,0.0,0.0,0.0,0.0,-27.31926,26.000002,2.240836,0.7469453,0.192,0.0,125,0.14913923,,,,,,,,,0
anchor_fragile_full__base__t1m__a0p00__c0p58,reproduce_baseline,base,full,0.0,0.58,53,149,0.0,1,16,0.42000002,0.42000002,0.42000002,1.0295793,0.09341588,0.0,0.0,0.0,0.0,0.0,-27.66022,26.000002,2.2651196,0.7550399,0.224,0.0,125,0.15288845,,,,,,,,,0
anchor_fragile_full__base__t1m__a0p00__c0p58,reproduce_baseline,base,full,0.0,0.58,53,150,0.0,1,16,0.42000002,0.42000002,0.42000002,0.99325204,0.10156591,0.0,0.0,0.0,0.0,0.0,-27.361586,26.000002,2.185198,0.7283994,0.18400002,0.0,125,0.15266998,,,,,,,,,0
anchor_fragile_full__base__t1m__a0p00__c0p58,reproduce_baseline,base,full,0.0,0.58,53,151,0.0,1,16,0.42000002,0.42000002,0.42000002,1.0537611,0.08835657,0.0,0.0,0.0,0.0,0.0,-27.230726,26.000002,2.3183208,0.7727736,0.112,0.0,125,0.18258037,,,,,,,,,0
anchor_fragile_full__base__t1m__a0p00__c0p58,reproduce_baseline,base,full,0.0,0.58,53,152,0.0,1,16,0.42000002,0.42000002,0.42000002,0.99371636,0.10145738,0.0,0.0,0.0,0.0,0.0,-26.330105,26.000002,2.1862197,0.7287399,0.15200001,0.0,125,0.14004679,,,,,,,,,0
anchor_fragile_full__base__t1m__a0p00__c0p58,reproduce_baseline,base,full,0.0,0.58,53,153,0.0,1,16,0.42000002,0.42000002,0.42000002,1.0017895,0.099588804,0.0,0.0,0.0,0.0,0.0,-27.270338,26.000002,2.203981,0.7346603,0.104,0.0,125,0.13157381,,,,,,,,,0
anchor_fragile_full__base__t1m__a0p00__c0p58,reproduce_baseline,base,full,0.0,0.58,53,154,0.0,1,16,0.42000002,0.42000002,0.42000002,1.0216014,0.09514776,0.0,0.0,0.0,0.0,0.0,-27.294403,26.000002,2.2475681,0.7491894,0.16800001,0.0,125,0.14937659,,,,,,,,,0
anchor_fragile_full__base__t1m__a0p00__c0p58,reproduce_baseline,base,full,0.0,0.58,53,155,0.0,1,16,0.42000002,0.42000002,0.42000002,0.9862354,0.10322017,0.0,0.0,0.0,0.0,0.0,-26.762474,26.000002,2.1697612,0.7232537,0.112,0.0,125,0.15095787,,,,,,,,,0
anchor_fragile_full__base__t1m__a0p00__c0p58,reproduce_baseline,base,full,0.0,0.58,53,156,0.0,1,16,0.42000002,0.42000002,0.42000002,1.0532761,0.08845532,0.0,0.0,0.0,0.0,0.0,-28.287086,26.0,2.3172536,0.7724179,0.19,0.0,100,0.16642375,,,,,,,,,0
anchor_fragile_full__base__t1m__a0p00__c0p58,reproduce_baseline,base,full,0.0,0.58,53,157,0.0,1,16,0.42000002,0.42000002,0.42000002,1.0505041,0.08902171,0.0,0.0,0.0,0.0,0.0,-26.861773,26.000002,2.311155,0.770385,0.112,0.0,125,0.15290123,,,,,,,,,0
anchor_fragile_full__base__t1m__a0p00__c0p58,reproduce_baseline,base,full,0.0,0.58,53,158,0.0,1,16,0.42000002,0.42000002,0.42000002,0.9898646,0.1023612,0.0,0.0,0.0,0.0,0.0,-26.753872,26.000002,2.1777456,0.7259152,0.16800001,0.008,125,0.12569052,,,,,,,,,0
anchor_fragile_full__base__t1m__a0p00__c0p58,reproduce_baseline,base,full,0.0,0.58,53,159,0.0,1,16,0.42000002,0.42000002,0.42000002,1.0134948,0.09694047,0.0,0.0,0.0,0.0,0.0,-27.529617,26.000002,2.2297332,0.7432444,0.16000001,0.0,125,0.15870291,,,,,,-24.036224,0.01,0.54821515,1
anchor_fragile_full__base__t1m__a0p00__c0p58,reproduce_baseline,base,full,0.0,0.58,53,160,0.0,1,16,0.42000002,0.42000002,0.42000002,0.99158174,0.10195727,0.0,0.0,0.0,0.0,0.0,-27.133526,26.000002,2.1815233,0.72717446,0.15200001,0.0,125,0.15950516,,,,,,,,,0
anchor_fragile_full__base__t1m__a0p00__c0p58,reproduce_baseline,base,full,0.0,0.58,53,161,0.0,1,16,0.42000002,0.42000002,0.42000002,0.9897132,0.10239688,0.0,0.0,0.0,0.0,0.0,-26.601553,26.000002,2.1774125,0.7258042,0.16800001,0.0,125,0.13920626,,,,,,,,,0
anchor_fragile_full__base__t1m__a0p00__c0p58,reproduce_baseline,base,full,0.0,0.58,53,162,0.0,1,16,0.42000002,0.42000002,0.42000002,1.0307411,0.0931663,0.0,0.0,0.0,0.0,0.0,-27.537365,26.000002,2.2676756,0.7558919,0.17600001,0.0,125,0.13353194,,,,,,,,,0
anchor_fragile_full__base__t1m__a0p00__c0p58,reproduce_baseline,base,full,0.0,0.58,53,163,0.0,1,16,0.42000002,0.42000002,0.42000002,1.0408486,0.09102306,0.0,0.0,0.0,0.0,0.0,-27.070648,26.000002,2.2899127,0.76330423,0.096,0.0,125,0.16185187,,,,,,,,,0
anchor_fragile_full__base__t1m__a0p00__c0p58,reproduce_baseline,base,full,0.0,0.58,53,164,0.0,1,16,0.42000002,0.42000002,0.42000002,0.9580847,0.11013244,0.0,0.0,0.0,0.0,0.0,-26.456738,26.000002,2.1078284,0.7026095,0.16800001,0.0,125,0.11132519,,,,,,,,,0
anchor_fragile_full__base__t1m__a0p00__c0p58,reproduce_baseline,base,full,0.0,0.58,53,165,0.0,1,16,0.42000002,0.42000002,0.42000002,1.0057118,0.09869342,0.0,0.0,0.0,0.0,0.0,-26.960686,26.000002,2.2126102,0.7375368,0.128,0.0,125,0.15090156,,,,,,,,,0
anchor_fragile_full__base__t1m__a0p00__c0p58,reproduce_baseline,base,full,0.0,0.58,53,166,0.0,1,16,0.42000002,0.42000002,0.42000002,0.96562266,0.10823738,0.0,0.0,0.0,0.0,0.0,-26.41418,26.000002,2.1244123,0.70813745,0.136,0.0,125,0.13420628,,,,,,,,,0
anchor_fragile_full__base__t1m__a0p00__c0p58,reproduce_baseline,base,full,0.0,0.58,53,167,0.0,1,16,0.42000002,0.42000002,0.42000002,1.0244527,0.09452513,0.0,0.0,0.0,0.0,0.0,-27.49566,26.000002,2.253841,0.7512803,0.16000001,0.0,125,0.15676345,,,,,,,,,0
anchor_fragile_full__base__t1m__a0p00__c0p58,reproduce_baseline,base,full,0.0,0.58,53,168,0.0,1,16,0.42000002,0.42000002,0.42000002,1.0231495,0.0948092,0.0,0.0,0.0,0.0,0.0,-26.624916,26.000002,2.2509737,0.7503246,0.104,0.0,125,0.14203039,,,,,,,,,0
anchor_fragile_full__base__t1m__a0p00__c0p58,reproduce_baseline,base,full,0.0,0.58,53,169,0.0,1,16,0.42000002,0.42000002,0.42000002,1.0080999,0.0981522,0.0,0.0,0.0,0.0,0.0,-27.210974,26.0,2.217864,0.73928803,0.11,0.0,100,0.11995155,,,,,,,,,0
anchor_fragile_full__base__t1m__a0p00__c0p58,reproduce_baseline,base,full,0.0,0.58,53,170,0.0,1,16,0.42000002,0.42000002,0.42000002,1.0672717,0.085650176,0.0,0.0,0.0,0.0,0.0,-27.516113,26.000002,2.3480446,0.7826816,0.14400001,0.0,125,0.15419735,,,,,,,,,0
anchor_fragile_full__base__t1m__a0p00__c0p58,reproduce_baseline,base,full,0.0,0.58,53,171,0.0,1,16,0.42000002,0.42000002,0.42000002,1.0470191,0.08973892,0.0,0.0,0.0,0.0,0.0,-27.640615,26.000002,2.303488,0.76782936,0.15200001,0.0,125,0.1488045,,,,,,,,,0
anchor_fragile_full__base__t1m__a0p00__c0p58,reproduce_baseline,base,full,0.0,0.58,53,172,0.0,1,16,0.42000002,0.42000002,0.42000002,0.94849503,0.11259134,0.0,0.0,0.0,0.0,0.0,-24.948208,26.000002,2.0867307,0.6955769,0.136,0.0,125,0.123980895,,,,,,,,,0
anchor_fragile_full__base__t1m__a0p00__c0p58,reproduce_baseline,base,full,0.0,0.58,53,173,0.0,1,16,0.42000002,0.42000002,0.42000002,0.9685268,0.10751602,0.0,0.0,0.0,0.0,0.0,-26.101557,26.000002,2.1308014,0.7102672,0.17600001,0.008,125,0.12164307,,,,,,,,,0
anchor_fragile_full__base__t1m__a0p00__c0p58,reproduce_baseline,base,full,0.0,0.58,53,174,0.0,1,16,0.42000002,0.42000002,0.42000002,1.0906638,0.08115891,0.0,0.0,0.0,0.0,0.0,-28.69838,26.000002,2.3995082,0.7998361,0.128,0.0,125,0.17564726,,,,,,,,,0
anchor_fragile_full__base__t1m__a0p00__c0p58,reproduce_baseline,base,full,0.0,0.58,53,175,0.0,1,16,0.42000002,0.42000002,0.42000002,0.9791718,0.10491272,0.0,0.0,0.0,0.0,0.0,-25.626886,26.000002,2.154221,0.7180737,0.14400001,0.0,125,0.12210957,,,,,,,,,0
anchor_fragile_full__base__t1m__a0p00__c0p58,reproduce_baseline,base,full,0.0,0.58,53,176,0.0,1,16,0.42000002,0.42000002,0.42000002,1.0594555,0.08720562,0.0,0.0,0.0,0.0,0.0,-27.587965,26.000002,2.3308487,0.7769496,0.16800001,0.0,125,0.15579554,,,,,,,,,0
anchor_fragile_full__base__t1m__a0p00__c0p58,reproduce_baseline,base,full,0.0,0.58,53,177,0.0,1,16,0.42000002,0.42000002,0.42000002,0.98931354,0.10249116,0.0,0.0,0.0,0.0,0.0,-26.233269,26.000002,2.1765332,0.7255111,0.15200001,0.0,125,0.12868917,,,,,,,,,0
anchor_fragile_full__base__t1m__a0p00__c0p58,reproduce_baseline,base,full,0.0,0.58,53,178,0.0,1,16,0.42000002,0.42000002,0.42000002,1.0186415,0.09579844,0.0,0.0,0.0,0.0,0.0,-27.346777,26.000002,2.241056,0.7470187,0.096,0.0,125,0.13037999,,,,,,,,,0
anchor_fragile_full__base__t1m__a0p00__c0p58,reproduce_baseline,base,full,0.0,0.58,53,179,0.0,1,16,0.42000002,0.42000002,0.42000002,1.0690035,0.08530933,0.0,0.0,0.0,0.0,0.0,-28.274845,26.000002,2.3518546,0.7839515,0.16800001,0.0,125,0.1674657,,,,,,-24.036224,0.01,0.54821515,1
anchor_fragile_full__base__t1m__a0p00__c0p58,reproduce_baseline,base,full,0.0,0.58,53,180,0.0,1,16,0.42000002,0.42000002,0.42000002,1.0006003,0.09986185,0.0,0.0,0.0,0.0,0.0,-26.896746,26.000002,2.2013648,0.73378825,0.104,0.0,125,0.12397564,,,,,,,,,0
anchor_fragile_full__base__t1m__a0p00__c0p58,reproduce_baseline,base,full,0.0,0.58,53,181,0.0,1,16,0.42000002,0.42000002,0.42000002,1.0338199,0.09250817,0.0,0.0,0.0,0.0,0.0,-28.249624,26.000002,2.2744493,0.7581498,0.08800001,0.0,125,0.14872864,,,,,,,,,0
anchor_fragile_full__base__t1m__a0p00__c0p58,reproduce_baseline,base,full,0.0,0.58,53,182,0.0,1,16,0.42000002,0.42000002,0.42000002,1.0509967,0.08892079,0.0,0.0,0.0,0.0,0.0,-27.619974,26.0,2.312239,0.77074635,0.17,0.0,100,0.15654664,,,,,,,,,0
anchor_fragile_full__base__t1m__a0p00__c0p58,reproduce_baseline,base,full,0.0,0.58,53,183,0.0,1,16,0.42000002,0.42000002,0.42000002,1.0610251,0.08689101,0.0,0.0,0.0,0.0,0.0,-27.991053,26.000002,2.334302,0.77810067,0.120000005,0.0,125,0.16666062,,,,,,,,,0
anchor_fragile_full__base__t1m__a0p00__c0p58,reproduce_baseline,base,full,0.0,0.58,53,184,0.0,1,16,0.42000002,0.42000002,0.42000002,1.0418326,0.09081706,0.0,0.0,0.0,0.0,0.0,-28.300776,26.000002,2.2920775,0.76402587,0.15200001,0.0,125,0.14746378,,,,,,,,,0
anchor_fragile_full__base__t1m__a0p00__c0p58,reproduce_baseline,base,full,0.0,0.58,53,185,0.0,1,16,0.42000002,0.42000002,0.42000002,1.0182495,0.095884964,0.0,0.0,0.0,0.0,0.0,-27.261782,26.000002,2.2401936,0.7467312,0.104,0.0,125,0.1448304,,,,,,,,,0
anchor_fragile_full__base__t1m__a0p00__c0p58,reproduce_baseline,base,full,0.0,0.58,53,186,0.0,1,16,0.42000002,0.42000002,0.42000002,1.0262858,0.09412701,0.0,0.0,0.0,0.0,0.0,-27.296797,26.000002,2.2578738,0.75262463,0.17600001,0.0,125,0.15387967,,,,,,,,,0
anchor_fragile_full__base__t1m__a0p00__c0p58,reproduce_baseline,base,full,0.0,0.58,53,187,0.0,1,16,0.42000002,0.42000002,0.42000002,1.0426754,0.09064098,0.0,0.0,0.0,0.0,0.0,-27.309868,26.000002,2.2939317,0.7646439,0.128,0.0,125,0.14114438,,,,,,,,,0
anchor_fragile_full__base__t1m__a0p00__c0p58,reproduce_baseline,base,full,0.0,0.58,53,188,0.0,1,16,0.42000002,0.42000002,0.42000002,1.0145216,0.09671155,0.0,0.0,0.0,0.0,0.0,-26.692856,26.000002,2.231992,0.74399734,0.17600001,0.0,125,0.15310486,,,,,,,,,0
anchor_fragile_full__base__t1m__a0p00__c0p58,reproduce_baseline,base,full,0.0,0.58,53,189,0.0,1,16,0.42000002,0.42000002,0.42000002,1.0391638,0.09137685,0.0,0.0,0.0,0.0,0.0,-27.799719,26.000002,2.286206,0.7620687,0.15200001,0.0,125,0.14261536,,,,,,,,,0
anchor_fragile_full__base__t1m__a0p00__c0p58,reproduce_baseline,base,full,0.0,0.58,53,190,0.0,1,16,0.42000002,0.42000002,0.42000002,1.0088834,0.097975306,0.0,0.0,0.0,0.0,0.0,-27.128666,26.000002,2.2195878,0.7398626,0.15200001,0.0,125,0.16220471,,,,,,,,,0
anchor_fragile_full__base__t1m__a0p00__c0p58,reproduce_baseline,base,full,0.0,0.58,53,191,0.0,1,16,0.42000002,0.42000002,0.42000002,1.0868291,0.081878684,0.0,0.0,0.0,0.0,0.0,-27.83632,26.000002,2.3910718,0.79702395,0.136,0.0,125,0.15634683,,,,,,,,,0
anchor_fragile_full__base__t1m__a0p00__c0p58,reproduce_baseline,base,full,0.0,0.58,53,192,0.0,1,16,0.42000002,0.42000002,0.42000002,0.9781576,0.10515801,0.0,0.0,0.0,0.0,0.0,-27.403189,26.000002,2.1519897,0.7173299,0.16000001,0.0,125,0.14589961,,,,,,,,,0
anchor_fragile_full__base__t1m__a0p00__c0p58,reproduce_baseline,base,full,0.0,0.58,53,193,0.0,1,16,0.42000002,0.42000002,0.42000002,1.0154883,0.09649652,0.0,0.0,0.0,0.0,0.0,-26.806156,26.000002,2.2341187,0.7447063,0.16800001,0.0,125,0.1561867,,,,,,,,,0
anchor_fragile_full__base__t1m__a0p00__c0p58,reproduce_baseline,base,full,0.0,0.58,53,194,0.0,1,16,0.42000002,0.42000002,0.42000002,0.9991773,0.100189626,0.0,0.0,0.0,0.0,0.0,-27.55655,26.000002,2.1982338,0.73274463,0.18400002,0.0,125,0.14436892,,,,,,,,,0
anchor_fragile_full__base__t1m__a0p00__c0p58,reproduce_baseline,base,full,0.0,0.58,53,195,0.0,1,16,0.42000002,0.42000002,0.42000002,0.9709402,0.106920205,0.0,0.0,0.0,0.0,0.0,-25.702663,26.0,2.136111,0.712037,0.24,0.0,100,0.13252246,,,,,,,,,0
anchor_fragile_full__base__t1m__a0p00__c0p58,reproduce_baseline,base,full,0.0,0.58,53,196,0.0,1,16,0.42000002,0.42000002,0.42000002,1.0029923,0.09931336,0.0,0.0,0.0,0.0,0.0,-26.144094,26.000002,2.2066271,0.7355424,0.192,0.0,125,0.14946666,,,,,,,,,0
anchor_fragile_full__base__t1m__a0p00__c0p58,reproduce_baseline,base,full,0.0,0.58,53,197,0.0,1,16,0.42000002,0.42000002,0.42000002,1.0322778,0.09283722,0.0,0.0,0.0,0.0,0.0,-27.770998,26.000002,2.2710567,0.7570189,0.128,0.0,125,0.17668954,,,,,,,,,0
anchor_fragile_full__base__t1m__a0p00__c0p58,reproduce_baseline,base,full,0.0,0.58,53,198,0.0,1,16,0.42000002,0.42000002,0.42000002,1.0872676,0.08179606,0.0,0.0,0.0,0.0,0.0,-28.802122,26.000002,2.3920367,0.7973456,0.16800001,0.0,125,0.1594938,,,,,,,,,0
anchor_fragile_full__base__t1m__a0p00__c0p58,reproduce_baseline,base,full,0.0,0.58,53,199,0.0,1,16,0.42000002,0.42000002,0.42000002,0.9798626,0.10474599,0.0,0.0,0.0,0.0,0.0,-26.258648,26.000002,2.1557407,0.71858025,0.16000001,0.0,125,0.14036487,,,,,,-24.036224,0.01,0.54821515,1
anchor_fragile_full__base__t1m__a0p00__c0p58,reproduce_baseline,base,full,0.0,0.58,53,200,0.0,1,16,0.42000002,0.42000002,0.42000002,1.0396605,0.09127242,0.0,0.0,0.0,0.0,0.0,-28.178562,26.000002,2.2872987,0.76243293,0.128,0.0,125,0.15182582,,,,,,,,,0
anchor_fragile_full__base__t1m__a0p00__c0p58,reproduce_baseline,base,full,0.0,0.58,53,201,0.0,1,16,0.42000002,0.42000002,0.42000002,1.0691612,0.08527835,0.0,0.0,0.0,0.0,0.0,-28.019918,26.000002,2.3522015,0.78406715,0.16000001,0.0,125,0.17966236,,,,,,,,,0
anchor_fragile_full__base__t1m__a0p00__c0p58,reproduce_baseline,base,full,0.0,0.58,53,202,0.0,1,16,0.42000002,0.42000002,0.42000002,1.0686476,0.08537926,0.0,0.0,0.0,0.0,0.0,-27.394894,26.000002,2.3510718,0.78369063,0.16800001,0.0,125,0.18209778,,,,,,,,,0
anchor_fragile_full__base__t1m__a0p00__c0p58,reproduce_baseline,base,full,0.0,0.58,53,203,0.0,1,16,0.42000002,0.42000002,0.42000002,0.9482072,0.112665996,0.0,0.0,0.0,0.0,0.0,-25.384274,26.000002,2.0860975,0.69536585,0.16800001,0.0,125,0.13106298,,,,,,,,,0
anchor_fragile_full__base__t1m__a0p00__c0p58,reproduce_baseline,base,full,0.0,0.58,53,204,0.0,1,16,0.42000002,0.42000002,0.42000002,0.9799852,0.10471643,0.0,0.0,0.0,0.0,0.0,-26.334305,26.000002,2.1560104,0.7186701,0.16000001,0.008,125,0.16639504,,,,,,,,,0
anchor_fragile_full__base__t1m__a0p00__c0p58,reproduce_baseline,base,full,0.0,0.58,53,205,0.0,1,16,0.42000002,0.42000002,0.42000002,0.98934484,0.10248379,0.0,0.0,0.0,0.0,0.0,-26.398653,26.000002,2.1766021,0.7255341,0.2,0.0,125,0.122732684,,,,,,,,,0
anchor_fragile_full__base__t1m__a0p00__c0p58,reproduce_baseline,base,full,0.0,0.58,53,206,0.0,1,16,0.42000002,0.42000002,0.42000002,1.0950712,0.08033944,0.0,0.0,0.0,0.0,0.0,-28.016794,26.000002,2.4092047,0.8030683,0.104,0.0,125,0.18035567,,,,,,,,,0
anchor_fragile_full__base__t1m__a0p00__c0p58,reproduce_baseline,base,full,0.0,0.58,53,207,0.0,1,16,0.42000002,0.42000002,0.42000002,1.0541934,0.08826867,0.0,0.0,0.0,0.0,0.0,-28.380976,26.000002,2.3192718,0.7730906,0.064,0.0,125,0.14818762,,,,,,,,,0
anchor_fragile_full__base__t1m__a0p00__c0p58,reproduce_baseline,base,full,0.0,0.58,53,208,0.0,1,16,0.42000002,0.42000002,0.42000002,1.0817353,0.0828447,0.0,0.0,0.0,0.0,0.0,-28.066362,26.0,2.3798652,0.7932884,0.12,0.0,100,0.1583857,,,,,,,,,0
anchor_fragile_full__base__t1m__a0p00__c0p58,reproduce_baseline,base,full,0.0,0.58,53,209,0.0,1,16,0.42000002,0.42000002,0.42000002,0.9958632,0.10095708,0.0,0.0,0.0,0.0,0.0,-27.37435,26.000002,2.1909428,0.73031425,0.2,0.008,125,0.16421667,,,,,,,,,0
anchor_fragile_full__base__t1m__a0p00__c0p58,reproduce_baseline,base,full,0.0,0.58,53,210,0.0,1,16,0.42000002,0.42000002,0.42000002,1.0407693,0.09103966,0.0,0.0,0.0,0.0,0.0,-27.774836,26.000002,2.2897382,0.76324606,0.16000001,0.008,125,0.16023621,,,,,,,,,0
anchor_fragile_full__base__t1m__a0p00__c0p58,reproduce_baseline,base,full,0.0,0.58,53,211,0.0,1,16,0.42000002,0.42000002,0.42000002,0.9919754,0.10186489,0.0,0.0,0.0,0.0,0.0,-26.71401,26.000002,2.1823895,0.7274632,0.16000001,0.0,125,0.15380488,,,,,,,,,0
anchor_fragile_full__base__t1m__a0p00__c0p58,reproduce_baseline,base,full,0.0,0.58,53,212,0.0,1,16,0.42000002,0.42000002,0.42000002,1.0391128,0.09138759,0.0,0.0,0.0,0.0,0.0,-27.744717,26.000002,2.286094,0.7620313,0.136,0.0,125,0.15074173,,,,,,,,,0
anchor_fragile_full__base__t1m__a0p00__c0p58,reproduce_baseline,base,full,0.0,0.58,53,213,0.0,1,16,0.42000002,0.42000002,0.42000002,1.0218062,0.09510289,0.0,0.0,0.0,0.0,0.0,-27.53125,26.000002,2.2480187,0.7493396,0.14400001,0.0,125,0.1636721,,,,,,,,,0
anchor_fragile_full__base__t1m__a0p00__c0p58,reproduce_baseline,base,full,0.0,0.58,53,214,0.0,1,16,0.42000002,0.42000002,0.42000002,0.98296684,0.10399996,0.0,0.0,0.0,0.0,0.0,-27.307009,26.000002,2.1625702,0.7208568,0.24800001,0.0,125,0.17150487,,,,,,,,,0
anchor_fragile_full__base__t1m__a0p00__c0p58,reproduce_baseline,base,full,0.0,0.58,53,215,0.0,1,16,0.42000002,0.42000002,0.42000002,1.0315679,0.092989095,0.0,0.0,0.0,0.0,0.0,-27.813871,26.000002,2.2694948,0.7564983,0.208,0.0,125,0.19950575,,,,,,,,,0
anchor_fragile_full__base__t1m__a0p00__c0p58,reproduce_baseline,base,full,0.0,0.58,53,216,0.0,1,16,0.42000002,0.42000002,0.42000002,0.9723197,0.106581114,0.0,0.0,0.0,0.0,0.0,-26.873539,26.000002,2.139146,0.7130487,0.192,0.0,125,0.13420597,,,,,,,,,0
anchor_fragile_full__base__t1m__a0p00__c0p58,reproduce_baseline,base,full,0.0,0.58,53,217,0.0,1,16,0.42000002,0.42000002,0.42000002,1.0042328,0.0990301,0.0,0.0,0.0,0.0,0.0,-26.04846,26.000002,2.209356,0.73645204,0.17600001,0.0,125,0.12925047,,,,,,,,,0
anchor_fragile_full__base__t1m__a0p00__c0p58,reproduce_baseline,base,full,0.0,0.58,53,218,0.0,1,16,0.42000002,0.42000002,0.42000002,1.0261817,0.09414956,0.0,0.0,0.0,0.0,0.0,-26.55166,26.000002,2.257645,0.75254834,0.16800001,0.008,125,0.1717385,,,,,,,,,0
anchor_fragile_full__base__t1m__a0p00__c0p58,reproduce_baseline,base,full,0.0,0.58,53,219,0.0,1,16,0.42000002,0.42000002,0.42000002,1.0229503,0.0948527,0.0,0.0,0.0,0.0,0.0,-26.75403,26.000002,2.2505355,0.7501785,0.112,0.0,125,0.1378366,,,,,,-24.036224,0.01,0.54821515,1
anchor_fragile_full__base__t1m__a0p00__c0p58,reproduce_baseline,base,full,0.0,0.58,53,220,0.0,1,16,0.42000002,0.42000002,0.42000002,1.033345,0.09260939,0.0,0.0,0.0,0.0,0.0,-27.18428,26.000002,2.2734044,0.7578015,0.28,0.0,125,0.14482194,,,,,,,,,0
anchor_fragile_full__base__t1m__a0p00__c0p58,reproduce_baseline,base,full,0.0,0.58,53,221,0.0,1,16,0.42000002,0.42000002,0.42000002,0.96475136,0.10845476,0.0,0.0,0.0,0.0,0.0,-25.884321,26.0,2.1224954,0.7074985,0.16,0.0,100,0.118394144,,,,,,,,,0
anchor_fragile_full__base__t1m__a0p00__c0p58,reproduce_baseline,base,full,0.0,0.58,53,222,0.0,1,16,0.42000002,0.42000002,0.42000002,1.035296,0.0921943,0.0,0.0,0.0,0.0,0.0,-27.964548,26.000002,2.2776966,0.7592322,0.18400002,0.0,125,0.14235194,,,,,,,,,0
anchor_fragile_full__base__t1m__a0p00__c0p58,reproduce_baseline,base,full,0.0,0.58,53,223,0.0,1,16,0.42000002,0.42000002,0.42000002,0.9971274,0.10066363,0.0,0.0,0.0,0.0,0.0,-26.503206,26.000002,2.1937242,0.7312414,0.17600001,0.0,125,0.15961285,,,,,,,,,0
anchor_fragile_full__base__t1m__a0p00__c0p58,reproduce_baseline,base,full,0.0,0.58,53,224,0.0,1,16,0.42000002,0.42000002,0.42000002,1.0509431,0.08893175,0.0,0.0,0.0,0.0,0.0,-27.355856,26.000002,2.3121212,0.7707071,0.16000001,0.0,125,0.16115914,,,,,,,,,0
anchor_fragile_full__base__t1m__a0p00__c0p58,reproduce_baseline,base,full,0.0,0.58,53,225,0.0,1,16,0.42000002,0.42000002,0.42000002,0.94663364,0.11307495,0.0,0.0,0.0,0.0,0.0,-26.003302,26.000002,2.0826356,0.6942119,0.17600001,0.0,125,0.14490983,,,,,,,,,0
anchor_fragile_full__base__t1m__a0p00__c0p58,reproduce_baseline,base,full,0.0,0.58,53,226,0.0,1,16,0.42000002,0.42000002,0.42000002,1.0188806,0.09574572,0.0,0.0,0.0,0.0,0.0,-27.333601,26.000002,2.2415822,0.74719405,0.128,0.0,125,0.18759887,,,,,,,,,0
anchor_fragile_full__base__t1m__a0p00__c0p58,reproduce_baseline,base,full,0.0,0.58,53,227,0.0,1,16,0.42000002,0.42000002,0.42000002,1.0427,0.090635836,0.0,0.0,0.0,0.0,0.0,-27.646088,26.000002,2.2939858,0.76466197,0.18400002,0.0,125,0.14434429,,,,,,,,,0
anchor_fragile_full__base__t1m__a0p00__c0p58,reproduce_baseline,base,full,0.0,0.58,53,228,0.0,1,16,0.42000002,0.42000002,0.42000002,1.0299591,0.09333423,0.0,0.0,0.0,0.0,0.0,-27.136066,26.000002,2.2659552,0.7553184,0.16000001,0.0,125,0.1505077,,,,,,,,,0
anchor_fragile_full__base__t1m__a0p00__c0p58,reproduce_baseline,base,full,0.0,0.58,53,229,0.0,1,16,0.42000002,0.42000002,0.42000002,1.0130165,0.09704731,0.0,0.0,0.0,0.0,0.0,-26.408852,26.000002,2.2286808,0.74289364,0.112,0.0,125,0.1461211,,,,,,,,,0
anchor_fragile_full__base__t1m__a0p00__c0p58,reproduce_baseline,base,full,0.0,0.58,53,230,0.0,1,16,0.42000002,0.42000002,0.42000002,1.0300922,0.09330561,0.0,0.0,0.0,0.0,0.0,-27.589205,26.000002,2.2662482,0.7554161,0.104,0.0,125,0.14432432,,,,,,,,,0
anchor_fragile_full__base__t1m__a0p00__c0p58,reproduce_baseline,base,full,0.0,0.58,53,231,0.0,1,16,0.42000002,0.42000002,0.42000002,1.0084335,0.09807685,0.0,0.0,0.0,0.0,0.0,-27.022697,26.000002,2.218598,0.73953265,0.15200001,0.0,125,0.13007015,,,,,,,,,0
anchor_fragile_full__base__t1m__a0p00__c0p58,reproduce_baseline,base,full,0.0,0.58,53,232,0.0,1,16,0.42000002,0.42000002,0.42000002,1.0075624,0.098273754,0.0,0.0,0.0,0.0,0.0,-26.687634,26.000002,2.2166815,0.73889387,0.15200001,0.0,125,0.14411105,,,,,,,,,0
anchor_fragile_full__base__t1m__a0p00__c0p58,reproduce_baseline,base,full,0.0,0.58,53,233,0.0,1,16,0.42000002,0.42000002,0.42000002,0.9809035,0.10449523,0.0,0.0,0.0,0.0,0.0,-25.892689,26.000002,2.1580307,0.7193436,0.136,0.0,125,0.11644394,,,,,,,,,0
anchor_fragile_full__base__t1m__a0p00__c0p58,reproduce_baseline,base,full,0.0,0.58,53,234,0.0,1,16,0.42000002,0.42000002,0.42000002,1.0338029,0.0925118,0.0,0.0,0.0,0.0,0.0,-27.533596,26.0,2.2744117,0.7581372,0.17,0.01,100,0.13808288,,,,,,,,,0
anchor_fragile_full__base__t1m__a0p00__c0p58,reproduce_baseline,base,full,0.0,0.58,53,235,0.0,1,16,0.42000002,0.42000002,0.42000002,1.0209539,0.09528974,0.0,0.0,0.0,0.0,0.0,-26.86575,26.000002,2.2461433,0.74871445,0.16800001,0.0,125,0.13581653,,,,,,,,,0
anchor_fragile_full__base__t1m__a0p00__c0p58,reproduce_baseline,base,full,0.0,0.58,53,236,0.0,1,16,0.42000002,0.42000002,0.42000002,1.0341489,0.092438094,0.0,0.0,0.0,0.0,0.0,-27.490974,26.000002,2.275173,0.758391,0.128,0.0,125,0.15270057,,,,,,,,,0
anchor_fragile_full__base__t1m__a0p00__c0p58,reproduce_baseline,base,full,0.0,0.58,53,237,0.0,1,16,0.42000002,0.42000002,0.42000002,1.0270466,0.093962245,0.0,0.0,0.0,0.0,0.0,-27.269247,26.000002,2.2595475,0.75318253,0.216,0.008,125,0.15380754,,,,,,,,,0
anchor_fragile_full__base__t1m__a0p00__c0p58,reproduce_baseline,base,full,0.0,0.58,53,238,0.0,1,16,0.42000002,0.42000002,0.42000002,1.0171683,0.09612397,0.0,0.0,0.0,0.0,0.0,-27.848955,26.000002,2.237815,0.7459383,0.2,0.008,125,0.16666459,,,,,,,,,0
anchor_fragile_full__base__t1m__a0p00__c0p58,reproduce_baseline,base,full,0.0,0.58,53,239,0.0,1,16,0.42000002,0.42000002,0.42000002,1.0309857,0.09311385,0.0,0.0,0.0,0.0,0.0,-27.288815,26.000002,2.268214,0.7560713,0.192,0.0,125,0.13093106,,,,,,-24.036224,0.01,0.54821515,1
anchor_fragile_full__base__t1m__a0p00__c0p58,reproduce_baseline,base,full,0.0,0.58,53,240,0.0,1,16,0.42000002,0.42000002,0.42000002,1.0312457,0.093058124,0.0,0.0,0.0,0.0,0.0,-27.230509,26.000002,2.268786,0.756262,0.18400002,0.0,125,0.14929053,,,,,,,,,0
anchor_fragile_full__base__t1m__a0p00__c0p58,reproduce_baseline,base,full,0.0,0.58,53,241,0.0,1,16,0.42000002,0.42000002,0.42000002,1.0112435,0.09744433,0.0,0.0,0.0,0.0,0.0,-27.36398,26.000002,2.22478,0.74159336,0.192,0.0,125,0.14156947,,,,,,,,,0
anchor_fragile_full__base__t1m__a0p00__c0p58,reproduce_baseline,base,full,0.0,0.58,53,242,0.0,1,16,0.42000002,0.42000002,0.42000002,1.0111101,0.097474255,0.0,0.0,0.0,0.0,0.0,-27.067013,26.000002,2.2244866,0.74149555,0.18400002,0.0,125,0.15818724,,,,,,,,,0
anchor_fragile_full__base__t1m__a0p00__c0p58,reproduce_baseline,base,full,0.0,0.58,53,243,0.0,1,16,0.42000002,0.42000002,0.42000002,0.9840744,0.10373506,0.0,0.0,0.0,0.0,0.0,-26.669466,26.000002,2.1650069,0.72166896,0.112,0.0,125,0.12422977,,,,,,,,,0
anchor_fragile_full__base__t1m__a0p00__c0p58,reproduce_baseline,base,full,0.0,0.58,53,244,0.0,1,16,0.42000002,0.42000002,0.42000002,1.0390608,0.09139853,0.0,0.0,0.0,0.0,0.0,-27.639126,26.000002,2.2859795,0.76199317,0.14400001,0.0,125,0.1470373,,,,,,,,,0
anchor_fragile_full__base__t1m__a0p00__c0p58,reproduce_baseline,base,full,0.0,0.58,53,245,0.0,1,16,0.42000002,0.42000002,0.42000002,1.0039084,0.0991041,0.0,0.0,0.0,0.0,0.0,-26.485403,26.000002,2.2086425,0.73621416,0.104,0.0,125,0.12202525,,,,,,,,,0
anchor_fragile_full__base__t1m__a0p00__c0p58,reproduce_baseline,base,full,0.0,0.58,53,246,0.0,1,16,0.42000002,0.42000002,0.42000002,0.96926284,0.107333966,0.0,0.0,0.0,0.0,0.0,-26.977335,26.000002,2.1324208,0.71080697,0.192,0.0,125,0.13656935,,,,,,,,,0
anchor_fragile_full__base__t1m__a0p00__c0p58,reproduce_baseline,base,full,0.0,0.58,53,247,0.0,1,16,0.42000002,0.42000002,0.42000002,1.0477502,0.089587994,0.0,0.0,0.0,0.0,0.0,-27.998339,26.0,2.3050966,0.76836556,0.17,0.0,100,0.1675672,,,,,,,,,0
anchor_fragile_full__base__t1m__a0p00__c0p58,reproduce_baseline,base,full,0.0,0.58,53,248,0.0,1,16,0.42000002,0.42000002,0.42000002,1.075954,0.08395489,0.0,0.0,0.0,0.0,0.0,-28.211473,26.000002,2.367146,0.7890487,0.104,0.0,125,0.14078915,,,,,,,,,0
anchor_fragile_full__base__t1m__a0p00__c0p58,reproduce_baseline,base,full,0.0,0.58,53,249,0.0,1,16,0.42000002,0.42000002,0.42000002,1.0184181,0.09584775,0.0,0.0,0.0,0.0,0.0,-27.766504,26.000002,2.2405646,0.7468549,0.2,0.0,125,0.16066074,,,,,,,,,0
anchor_fragile_full__base__t1m__a0p00__c0p58,reproduce_baseline,base,full,0.0,0.58,53,250,0.0,1,16,0.42000002,0.42000002,0.42000002,1.0486773,0.08939694,0.0,0.0,0.0,0.0,0.0,-27.29129,26.000002,2.307136,0.76904535,0.15200001,0.0,125,0.140889,,,,,,,,,0
anchor_fragile_full__base__t1m__a0p00__c0p58,reproduce_baseline,base,full,0.0,0.58,53,251,0.0,1,16,0.42000002,0.42000002,0.42000002,0.98546034,0.103404544,0.0,0.0,0.0,0.0,0.0,-26.710146,26.000002,2.168056,0.72268534,0.224,0.0,125,0.13117687,,,,,,,,,0
anchor_fragile_full__base__t1m__a0p00__c0p58,reproduce_baseline,base,full,0.0,0.58,53,252,0.0,1,16,0.42000002,0.42000002,0.42000002,1.0687598,0.08535721,0.0,0.0,0.0,0.0,0.0,-27.618616,26.000002,2.3513186,0.7837729,0.14400001,0.0,125,0.16013621,,,,,,,,,0
anchor_fragile_full__base__t1m__a0p00__c0p58,reproduce_baseline,base,full,0.0,0.58,53,253,0.0,1,16,0.42000002,0.42000002,0.42000002,0.97077775,0.10696021,0.0,0.0,0.0,0.0,0.0,-26.917624,26.000002,2.1357536,0.7119179,0.24800001,0.0,125,0.14742091,,,,,,,,,0
anchor_fragile_full__base__t1m__a0p00__c0p58,reproduce_baseline,base,full,0.0,0.58,53,254,0.0,1,16,0.42000002,0.42000002,0.42000002,1.036909,0.091852516,0.0,0.0,0.0,0.0,0.0,-27.854876,26.000002,2.2812452,0.7604151,0.16800001,0.0,125,0.16221693,,,,,,,,,0
anchor_fragile_full__base__t1m__a0p00__c0p58,reproduce_baseline,base,full,0.0,0.58,53,255,0.0,1,16,0.42000002,0.42000002,0.42000002,0.97981286,0.10475798,0.0,0.0,0.0,0.0,0.0,-26.432505,26.000002,2.1556313,0.71854377,0.192,0.0,125,0.1540179,,,,,,,,,0
anchor_fragile_full__base__t1m__a0p00__c0p58,reproduce_baseline,base,full,0.0,0.58,53,256,0.0,1,16,0.42000002,0.42000002,0.42000002,0.9948144,0.10120118,0.0,0.0,0.0,0.0,0.0,-27.12671,26.000002,2.1886353,0.7295451,0.2,0.0,125,0.14653082,,,,,,,,,0
anchor_fragile_full__base__t1m__a0p00__c0p58,reproduce_baseline,base,full,0.0,0.58,53,257,0.0,1,16,0.42000002,0.42000002,0.42000002,1.0427893,0.09061721,0.0,0.0,0.0,0.0,0.0,-27.081375,26.000002,2.2941823,0.7647275,0.16000001,0.0,125,0.16204394,,,,,,,,,0
anchor_fragile_full__base__t1m__a0p00__c0p58,reproduce_baseline,base,full,0.0,0.58,53,258,0.0,1,16,0.42000002,0.42000002,0.42000002,1.0413513,0.09091775,0.0,0.0,0.0,0.0,0.0,-26.806946,26.000002,2.2910187,0.76367295,0.104,0.0,125,0.16021995,,,,,,,,,0
anchor_fragile_full__base__t1m__a0p00__c0p58,reproduce_baseline,base,full,0.0,0.58,53,259,0.0,1,16,0.42000002,0.42000002,0.42000002,1.0426263,0.090651244,0.0,0.0,0.0,0.0,0.0,-27.455357,26.000002,2.2938235,0.76460785,0.16800001,0.0,125,0.14379834,,,,,,-24.036224,0.01,0.54821515,1
anchor_fragile_full__base__t1m__a0p00__c0p58,reproduce_baseline,base,full,0.0,0.58,53,260,0.0,1,16,0.42000002,0.42000002,0.42000002,1.0099738,0.097729616,0.0,0.0,0.0,0.0,0.0,-26.679525,26.0,2.2219865,0.7406622,0.19,0.0,100,0.13832599,,,,,,,,,0
anchor_fragile_full__base__t1m__a0p00__c0p58,reproduce_baseline,base,full,0.0,0.58,53,261,0.0,1,16,0.42000002,0.42000002,0.42000002,1.0649611,0.0861071,0.0,0.0,0.0,0.0,0.0,-28.21775,26.000002,2.342961,0.780987,0.16000001,0.0,125,0.14915092,,,,,,,,,0
anchor_fragile_full__base__t1m__a0p00__c0p58,reproduce_baseline,base,full,0.0,0.58,53,262,0.0,1,16,0.42000002,0.42000002,0.42000002,0.9701098,0.10712484,0.0,0.0,0.0,0.0,0.0,-26.659403,26.000002,2.1342843,0.7114281,0.24000001,0.0,125,0.13028587,,,,,,,,,0
anchor_fragile_full__base__t1m__a0p00__c0p58,reproduce_baseline,base,full,0.0,0.58,53,263,0.0,1,16,0.42000002,0.42000002,0.42000002,1.008371,0.098090954,0.0,0.0,0.0,0.0,0.0,-26.96603,26.000002,2.2184606,0.7394869,0.15200001,0.0,125,0.17009525,,,,,,,,,0
anchor_fragile_full__base__t1m__a0p00__c0p58,reproduce_baseline,base,full,0.0,0.58,53,264,0.0,1,16,0.42000002,0.42000002,0.42000002,1.0416592,0.09085331,0.0,0.0,0.0,0.0,0.0,-27.481909,26.000002,2.291696,0.76389873,0.16800001,0.0,125,0.1491643,,,,,,,,,0
anchor_fragile_full__base__t1m__a0p00__c0p58,reproduce_baseline,base,full,0.0,0.58,53,265,0.0,1,16,0.42000002,0.42000002,0.42000002,1.0762646,0.08389486,0.0,0.0,0.0,0.0,0.0,-28.181244,26.000002,2.3678293,0.7892765,0.16000001,0.0,125,0.15080667,,,,,,,,,0
anchor_fragile_full__base__t1m__a0p00__c0p58,reproduce_baseline,base,full,0.0,0.58,53,266,0.0,1,16,0.42000002,0.42000002,0.42000002,0.9761863,0.10563643,0.0,0.0,0.0,0.0,0.0,-26.069029,26.000002,2.1476526,0.7158842,0.18400002,0.0,125,0.13608609,,,,,,,,,0
anchor_fragile_full__base__t1m__a0p00__c0p58,reproduce_baseline,base,full,0.0,0.58,53,267,0.0,1,16,0.42000002,0.42000002,0.42000002,0.9852573,0.1034529,0.0,0.0,0.0,0.0,0.0,-26.406193,26.000002,2.1676095,0.7225365,0.2,0.0,125,0.15742575,,,,,,,,,0
anchor_fragile_full__base__t1m__a0p00__c0p58,reproduce_baseline,base,full,0.0,0.58,53,268,0.0,1,16,0.42000002,0.42000002,0.42000002,1.0628995,0.08651681,0.0,0.0,0.0,0.0,0.0,-27.203114,26.000002,2.3384254,0.77947515,0.15200001,0.0,125,0.15054716,,,,,,,,,0
anchor_fragile_full__base__t1m__a0p00__c0p58,reproduce_baseline,base,full,0.0,0.58,53,269,0.0,1,16,0.42000002,0.42000002,0.42000002,0.99439996,0.10129781,0.0,0.0,0.0,0.0,0.0,-26.933842,26.000002,2.1877236,0.72924125,0.17600001,0.0,125,0.13283262,,,,,,,,,0
anchor_fragile_full__base__t1m__a0p00__c0p58,reproduce_baseline,base,full,0.0,0.58,53,270,0.0,1,16,0.42000002,0.42000002,0.42000002,1.0916715,0.080970824,0.0,0.0,0.0,0.0,0.0,-28.244175,26.000002,2.4017253,0.80057514,0.104,0.0,125,0.15265098,,,,,,,,,0
anchor_fragile_full__base__t1m__a0p00__c0p58,reproduce_baseline,base,full,0.0,0.58,53,271,0.0,1,16,0.42000002,0.42000002,0.42000002,1.0023736,0.09945496,0.0,0.0,0.0,0.0,0.0,-26.564228,26.000002,2.205266,0.7350887,0.16800001,0.0,125,0.12639737,,,,,,,,,0
anchor_fragile_full__base__t1m__a0p00__c0p58,reproduce_baseline,base,full,0.0,0.58,53,272,0.0,1,16,0.42000002,0.42000002,0.42000002,1.0605499,0.086986154,0.0,0.0,0.0,0.0,0.0,-28.111084,26.000002,2.3332562,0.7777521,0.16000001,0.0,125,0.1523774,,,,,,,,,0
anchor_fragile_full__base__t1m__a0p00__c0p58,reproduce_baseline,base,full,0.0,0.58,53,273,0.0,1,16,0.42000002,0.42000002,0.42000002,0.9629075,0.10891621,0.0,0.0,0.0,0.0,0.0,-27.02852,26.0,2.1184387,0.70614624,0.12,0.0,100,0.1468842,,,,,,,,,0
anchor_fragile_full__base__t1m__a0p00__c0p58,reproduce_baseline,base,full,0.0,0.58,53,274,0.0,1,16,0.42000002,0.42000002,0.42000002,1.0162547,0.0963264,0.0,0.0,0.0,0.0,0.0,-26.784195,26.000002,2.2358048,0.7452683,0.128,0.0,125,0.14385758,,,,,,,,,0
anchor_fragile_full__base__t1m__a0p00__c0p58,reproduce_baseline,base,full,0.0,0.58,53,275,0.0,1,16,0.42000002,0.42000002,0.42000002,0.9912644,0.1020318,0.0,0.0,0.0,0.0,0.0,-26.482876,26.000002,2.1808252,0.72694176,0.224,0.0,125,0.14768945,,,,,,,,,0
anchor_fragile_full__base__t1m__a0p00__c0p58,reproduce_baseline,base,full,0.0,0.58,53,276,0.0,1,16,0.42000002,0.42000002,0.42000002,1.0212438,0.09522615,0.0,0.0,0.0,0.0,0.0,-28.06738,26.000002,2.2467813,0.7489271,0.16000001,0.0,125,0.16122076,,,,,,,,,0
anchor_fragile_full__base__t1m__a0p00__c0p58,reproduce_baseline,base,full,0.0,0.58,53,277,0.0,1,16,0.42000002,0.42000002,0.42000002,1.0511167,0.088896215,0.0,0.0,0.0,0.0,0.0,-27.819672,26.000002,2.3125029,0.7708343,0.15200001,0.0,125,0.1435243,,,,,,,,,0
anchor_fragile_full__base__t1m__a0p00__c0p58,reproduce_baseline,base,full,0.0,0.58,53,278,0.0,1,16,0.42000002,0.42000002,0.42000002,1.0052242,0.09880429,0.0,0.0,0.0,0.0,0.0,-26.654892,26.000002,2.2115374,0.73717916,0.17600001,0.0,125,0.14616048,,,,,,,,,0
anchor_fragile_full__base__t1m__a0p00__c0p58,reproduce_baseline,base,full,0.0,0.58,53,279,0.0,1,16,0.42000002,0.42000002,0.42000002,0.9607336,0.10946277,0.0,0.0,0.0,0.0,0.0,-26.047152,26.000002,2.113656,0.70455205,0.2,0.0,125,0.14059724,,,,,,-24.036224,0.01,0.54821515,1
anchor_fragile_full__base__t1m__a0p00__c0p58,reproduce_baseline,base,full,0.0,0.58,53,280,0.0,1,16,0.42000002,0.42000002,0.42000002,1.0625136,0.08659372,0.0,0.0,0.0,0.0,0.0,-27.759768,26.000002,2.3375766,0.7791922,0.112,0.0,125,0.14627308,,,,,,,,,0
anchor_fragile_full__base__t1m__a0p00__c0p58,reproduce_baseline,base,full,0.0,0.58,53,281,0.0,1,16,0.42000002,0.42000002,0.42000002,0.9928297,0.10166473,0.0,0.0,0.0,0.0,0.0,-27.056587,26.000002,2.184269,0.7280897,0.192,0.0,125,0.1369343,,,,,,,,,0
anchor_fragile_full__base__t1m__a0p00__c0p58,reproduce_baseline,base,full,0.0,0.58,53,282,0.0,1,16,0.42000002,0.42000002,0.42000002,0.9581589,0.11011361,0.0,0.0,0.0,0.0,0.0,-26.407637,26.000002,2.1079917,0.7026639,0.14400001,0.0,125,0.13810743,,,,,,,,,0
anchor_fragile_full__base__t1m__a0p00__c0p58,reproduce_baseline,base,full,0.0,0.58,53,283,0.0,1,16,0.42000002,0.42000002,0.42000002,1.0234784,0.09473743,0.0,0.0,0.0,0.0,0.0,-27.226278,26.000002,2.2516975,0.7505659,0.112,0.0,125,0.1694973,,,,,,,,,0
anchor_fragile_full__base__t1m__a0p00__c0p58,reproduce_baseline,base,full,0.0,0.58,53,284,0.0,1,16,0.42000002,0.42000002,0.42000002,1.0001043,0.09997599,0.0,0.0,0.0,0.0,0.0,-26.507322,26.000002,2.2002735,0.73342454,0.128,0.0,125,0.13266784,,,,,,,,,0
anchor_fragile_full__base__t1m__a0p00__c0p58,reproduce_baseline,base,full,0.0,0.58,53,285,0.0,1,16,0.42000002,0.42000002,0.42000002,1.00654,0.09850541,0.0,0.0,0.0,0.0,0.0,-27.042322,26.000002,2.214432,0.73814404,0.208,0.0,125,0.18003601,,,,,,,,,0
anchor_fragile_full__base__t1m__a0p00__c0p58,reproduce_baseline,base,full,0.0,0.58,53,286,0.0,1,16,0.42000002,0.42000002,0.42000002,0.9935326,0.1015003,0.0,0.0,0.0,0.0,0.0,-26.598606,26.0,2.1858153,0.72860515,0.19999999,0.0,100,0.15553321,,,,,,,,,0
anchor_fragile_full__base__t1m__a0p00__c0p58,reproduce_baseline,base,full,0.0,0.58,53,287,0.0,1,16,0.42000002,0.42000002,0.42000002,1.0196109,0.095584854,0.0,0.0,0.0,0.0,0.0,-26.361305,26.000002,2.2431886,0.74772954,0.17600001,0.0,125,0.1059465,,,,,,,,,0
anchor_fragile_full__base__t1m__a0p00__c0p58,reproduce_baseline,base,full,0.0,0.58,53,288,0.0,1,16,0.42000002,0.42000002,0.42000002,1.0470742,0.08972756,0.0,0.0,0.0,0.0,0.0,-27.916084,26.000002,2.3036091,0.7678697,0.128,0.0,125,0.17209515,,,,,,,,,0
anchor_fragile_full__base__t1m__a0p00__c0p58,reproduce_baseline,base,full,0.0,0.58,53,289,0.0,1,16,0.42000002,0.42000002,0.42000002,1.0408546,0.09102179,0.0,0.0,0.0,0.0,0.0,-27.635082,26.000002,2.2899258,0.76330864,0.16800001,0.0,125,0.14895901,,,,,,,,,0
anchor_fragile_full__base__t1m__a0p00__c0p58,reproduce_baseline,base,full,0.0,0.58,53,290,0.0,1,16,0.42000002,0.42000002,0.42000002,1.0158292,0.096420825,0.0,0.0,0.0,0.0,0.0,-26.959454,26.000002,2.2348688,0.74495625,0.128,0.0,125,0.11390824,,,,,,,,,0
anchor_fragile_full__base__t1m__a0p00__c0p58,reproduce_baseline,base,full,0.0,0.58,53,291,0.0,1,16,0.42000002,0.42000002,0.42000002,1.0198883,0.09552382,0.0,0.0,0.0,0.0,0.0,-27.136703,26.000002,2.243799,0.74793303,0.136,0.0,125,0.14802119,,,,,,,,,0
anchor_fragile_full__base__t1m__a0p00__c0p58,reproduce_baseline,base,full,0.0,0.58,53,292,0.0,1,16,0.42000002,0.42000002,0.42000002,1.0051278,0.098826215,0.0,0.0,0.0,0.0,0.0,-26.946198,26.000002,2.2113252,0.7371084,0.216,0.0,125,0.15362228,,,,,,,,,0
anchor_fragile_full__base__t1m__a0p00__c0p58,reproduce_baseline,base,full,0.0,0.58,53,293,0.0,1,16,0.42000002,0.42000002,0.42000002,1.0401114,0.09117768,0.0,0.0,0.0,0.0,0.0,-28.086329,26.000002,2.2882907,0.7627636,0.14400001,0.0,125,0.15572196,,,,,,,,,0
anchor_fragile_full__base__t1m__a0p00__c0p58,reproduce_baseline,base,full,0.0,0.58,53,294,0.0,1,16,0.42000002,0.42000002,0.42000002,1.0094334,0.0978513,0.0,0.0,0.0,0.0,0.0,-27.213373,26.000002,2.2207978,0.74026597,0.17600001,0.0,125,0.1524594,,,,,,,,,0
anchor_fragile_full__base__t1m__a0p00__c0p58,reproduce_baseline,base,full,0.0,0.58,53,295,0.0,1,16,0.42000002,0.42000002,0.42000002,1.0428989,0.09059435,0.0,0.0,0.0,0.0,0.0,-27.609251,26.000002,2.2944233,0.7648078,0.16000001,0.0,125,0.13067746,,,,,,,,,0
anchor_fragile_full__base__t1m__a0p00__c0p58,reproduce_baseline,base,full,0.0,0.58,53,296,0.0,1,16,0.42000002,0.42000002,0.42000002,1.024815,0.09444631,0.0,0.0,0.0,0.0,0.0,-28.16043,26.000002,2.254638,0.751546,0.112,0.0,125,0.1496959,,,,,,,,,0
anchor_fragile_full__base__t1m__a0p00__c0p58,reproduce_baseline,base,full,0.0,0.58,53,297,0.0,1,16,0.42000002,0.42000002,0.42000002,1.0391719,0.09137515,0.0,0.0,0.0,0.0,0.0,-27.959166,26.000002,2.286224,0.76207465,0.128,0.0,125,0.13918282,,,,,,,,,0
anchor_fragile_full__base__t1m__a0p00__c0p58,reproduce_baseline,base,full,0.0,0.58,53,298,0.0,1,16,0.42000002,0.42000002,0.42000002,1.0357934,0.09208874,0.0,0.0,0.0,0.0,0.0,-27.922932,26.000002,2.278791,0.759597,0.16800001,0.0,125,0.15012363,,,,,,,,,0
anchor_fragile_full__base__t1m__a0p00__c0p58,reproduce_baseline,base,full,0.0,0.58,53,299,0.0,1,16,0.42000002,0.42000002,0.42000002,1.0255522,0.09428614,0.0,0.0,0.0,0.0,0.0,-27.406332,26.0,2.2562597,0.7520866,0.24,0.0,100,0.19427912,,,,,,-24.036224,0.01,0.54821515,1
anchor_fragile_full__base__t1m__a0p00__c0p58,reproduce_baseline,base,full,0.0,0.58,53,300,0.0,1,16,0.42000002,0.42000002,0.42000002,1.0555506,0.087993264,0.0,0.0,0.0,0.0,0.0,-27.238892,26.000002,2.3222575,0.7740859,0.136,0.0,125,0.14526652,,,,,,,,,0
anchor_fragile_full__base__t1m__a0p00__c0p58,reproduce_baseline,base,full,0.0,0.58,53,301,0.0,1,16,0.42000002,0.42000002,0.42000002,1.0099761,0.09772909,0.0,0.0,0.0,0.0,0.0,-26.96597,26.000002,2.2219918,0.74066395,0.16800001,0.0,125,0.14254671,,,,,,,,,0
anchor_fragile_full__base__t1m__a0p00__c0p58,reproduce_baseline,base,full,0.0,0.58,53,302,0.0,1,16,0.42000002,0.42000002,0.42000002,0.9783855,0.10510284,0.0,0.0,0.0,0.0,0.0,-26.618013,26.000002,2.152491,0.71749705,0.16000001,0.0,125,0.13982224,,,,,,,,,0
anchor_fragile_full__base__t1m__a0p00__c0p58,reproduce_baseline,base,full,0.0,0.58,53,303,0.0,1,16,0.42000002,0.42000002,0.42000002,1.0933768,0.080653496,0.0,0.0,0.0,0.0,0.0,-27.962687,26.000002,2.4054768,0.80182564,0.14400001,0.0,125,0.160296,,,,,,,,,0
anchor_fragile_full__base__t1m__a0p00__c0p58,reproduce_baseline,base,full,0.0,0.58,53,304,0.0,1,16,0.42000002,0.42000002,0.42000002,0.96126664,0.1093285,0.0,0.0,0.0,0.0,0.0,-26.027967,26.000002,2.1148288,0.70494294,0.16800001,0.0,125,0.14549978,,,,,,,,,0
anchor_fragile_full__base__t1m__a0p00__c0p58,reproduce_baseline,base,full,0.0,0.58,53,305,0.0,1,16,0.42000002,0.42000002,0.42000002,1.0268482,0.094005175,0.0,0.0,0.0,0.0,0.0,-27.173052,26.000002,2.2591112,0.7530371,0.15200001,0.0,125,0.14019203,,,,,,,,,0
anchor_fragile_full__base__t1m__a0p00__c0p58,reproduce_baseline,base,full,0.0,0.58,53,306,0.0,1,16,0.42000002,0.42000002,0.42000002,1.0690578,0.08529864,0.0,0.0,0.0,0.0,0.0,-27.561243,26.000002,2.3519742,0.78399146,0.192,0.0,125,0.19592911,,,,,,,,,0
anchor_fragile_full__base__t1m__a0p00__c0p58,reproduce_baseline,base,full,0.0,0.58,53,307,0.0,1,16,0.42000002,0.42000002,0.42000002,1.0002314,0.09994673,0.0,0.0,0.0,0.0,0.0,-27.181803,26.000002,2.200553,0.73351765,0.224,0.0,125,0.13850245,,,,,,,,,0
anchor_fragile_full__base__t1m__a0p00__c0p58,reproduce_baseline,base,full,0.0,0.58,53,308,0.0,1,16,0.42000002,0.42000002,0.42000002,1.0135537,0.096927315,0.0,0.0,0.0,0.0,0.0,-27.071287,26.000002,2.2298627,0.74328756,0.16000001,0.0,125,0.14154653,,,,,,,,,0
anchor_fragile_full__base__t1m__a0p00__c0p58,reproduce_baseline,base,full,0.0,0.58,53,309,0.0,1,16,0.42000002,0.42000002,0.42000002,1.0762727,0.08389331,0.0,0.0,0.0,0.0,0.0,-28.034435,26.000002,2.3678472,0.78928244,0.128,0.0,125,0.14750893,,,,,,,,,0
anchor_fragile_full__base__t1m__a0p00__c0p58,reproduce_baseline,base,full,0.0,0.58,53,310,0.0,1,16,0.42000002,0.42000002,0.42000002,1.038154,0.09158955,0.0,0.0,0.0,0.0,0.0,-27.876749,26.000002,2.2839844,0.76132816,0.14400001,0.0,125,0.15963016,,,,,,,,,0
anchor_fragile_full__base__t1m__a0p00__c0p58,reproduce_baseline,base,full,0.0,0.58,53,311,0.0,1,16,0.42000002,0.42000002,0.42000002,1.0346578,0.09232986,0.0,0.0,0.0,0.0,0.0,-27.355215,26.000002,2.2762928,0.75876427,0.16000001,0.0,125,0.14837417,,,,,,,,,0
